alias,ark,issue_id,status,num_pages,pages_ok,page,error_category,classified,http_status,url_target,raw_error,timestamp
bsgecm,bpt6k201227m,,failed,0,0,,no_usable_pages,known,,,bpt6k201227m: no usable pages in manifest.,2026-07-27T15:57:24.478319
bsgecm,bpt6k2012280,,failed,0,0,,no_usable_pages,known,,,bpt6k2012280: no usable pages in manifest.,2026-07-27T15:57:24.853468
bsgecm,bpt6k201229c,,failed,0,0,,no_usable_pages,known,,,bpt6k201229c: no usable pages in manifest.,2026-07-27T15:57:25.319427
bsgecm,bpt6k2012309,,failed,0,0,,no_usable_pages,known,,,bpt6k2012309: no usable pages in manifest.,2026-07-27T15:57:25.706296
bsgecm,bpt6k201231p,,failed,0,0,,no_usable_pages,known,,,bpt6k201231p: no usable pages in manifest.,2026-07-27T15:57:25.808797
bsgecm,bpt6k2012322,,failed,0,0,,no_usable_pages,known,,,bpt6k2012322: no usable pages in manifest.,2026-07-27T15:57:26.004405
bsgecm,bpt6k201233f,,failed,0,0,,no_usable_pages,known,,,bpt6k201233f: no usable pages in manifest.,2026-07-27T15:57:26.413561
bsgecm,bpt6k201234t,,failed,0,0,,no_usable_pages,known,,,bpt6k201234t: no usable pages in manifest.,2026-07-27T15:57:26.840676
bsgecm,bpt6k2012356,,failed,0,0,,no_usable_pages,known,,,bpt6k2012356: no usable pages in manifest.,2026-07-27T15:57:27.119528
bsgecm,bpt6k201236k,,failed,0,0,,no_usable_pages,known,,,bpt6k201236k: no usable pages in manifest.,2026-07-27T15:57:27.514307
bsgecm,bpt6k201237z,,failed,0,0,,no_usable_pages,known,,,bpt6k201237z: no usable pages in manifest.,2026-07-27T15:57:27.965799
bsgecm,bpt6k201238b,,failed,0,0,,no_usable_pages,known,,,bpt6k201238b: no usable pages in manifest.,2026-07-27T15:57:28.443485
bsgecm,bpt6k201239q,,failed,0,0,,no_usable_pages,known,,,bpt6k201239q: no usable pages in manifest.,2026-07-27T15:57:28.806483
bsgecm,bpt6k201240n,,failed,0,0,,no_usable_pages,known,,,bpt6k201240n: no usable pages in manifest.,2026-07-27T15:57:29.283381
bsgecm,bpt6k104619w,,failed,0,0,,no_usable_pages,known,,,bpt6k104619w: no usable pages in manifest.,2026-07-27T15:57:33.676814
bsgecm,bpt6k2012445,,failed,0,0,,no_usable_pages,known,,,bpt6k2012445: no usable pages in manifest.,2026-07-27T15:57:33.960653
bsgecm,bpt6k104622k,,failed,0,0,,no_usable_pages,known,,,bpt6k104622k: no usable pages in manifest.,2026-07-27T15:57:34.666656
bsgecm,bpt6k104623z,,failed,0,0,,no_usable_pages,known,,,bpt6k104623z: no usable pages in manifest.,2026-07-27T15:57:34.942432
bsgecm,bpt6k1046263,,failed,0,0,,no_usable_pages,known,,,bpt6k1046263: no usable pages in manifest.,2026-07-27T15:57:36.433001
bsgecm,bpt6k104628v,,failed,0,0,,no_usable_pages,known,,,bpt6k104628v: no usable pages in manifest.,2026-07-27T15:57:38.422576
bcaf,bpt6k106620c,,failed,0,0,,no_usable_pages,known,,,bpt6k106620c: no usable pages in manifest.,2026-07-27T15:57:40.107498
bcaf,bpt6k106621r,,failed,0,0,,no_usable_pages,known,,,bpt6k106621r: no usable pages in manifest.,2026-07-27T15:57:40.888723
bcaf,bpt6k1066224,,failed,0,0,,no_usable_pages,known,,,bpt6k1066224: no usable pages in manifest.,2026-07-27T15:57:41.084119
bcaf,bpt6k106626n,,failed,0,0,,no_usable_pages,known,,,bpt6k106626n: no usable pages in manifest.,2026-07-27T15:57:44.884329
bcaf,bpt6k106629s,,failed,0,0,,no_usable_pages,known,,,bpt6k106629s: no usable pages in manifest.,2026-07-27T15:57:49.411454
bcaf,bpt6k106635m,,failed,0,0,,no_usable_pages,known,,,bpt6k106635m: no usable pages in manifest.,2026-07-27T15:57:59.573371
cinejournal,bd6t54173346x,,failed,0,0,,no_usable_pages,known,,,bd6t54173346x: no usable pages in manifest.,2026-07-17T10:25:55.210540
cinejournal,bd6t54193691b,,failed,0,0,,no_usable_pages,known,,,bd6t54193691b: no usable pages in manifest.,2026-07-17T10:25:55.426946
cinejournal,bd6t54173337z,,failed,0,0,,no_usable_pages,known,,,bd6t54173337z: no usable pages in manifest.,2026-07-17T10:25:55.628091
cinejournal,bd6t54206532t,,failed,0,0,,no_usable_pages,known,,,bd6t54206532t: no usable pages in manifest.,2026-07-17T10:25:55.777613
cinejournal,bd6t542065337,,failed,0,0,,no_usable_pages,known,,,bd6t542065337: no usable pages in manifest.,2026-07-17T10:25:55.959159
cinejournal,bd6t54173336j,,failed,0,0,,no_usable_pages,known,,,bd6t54173336j: no usable pages in manifest.,2026-07-17T10:25:56.096528
combat,bpt6k147284z,,failed,0,0,,no_usable_pages,known,,,bpt6k147284z: no usable pages in manifest.,2026-07-17T10:25:56.345883
combat,bpt6k148195n,,failed,0,0,,no_usable_pages,known,,,bpt6k148195n: no usable pages in manifest.,2026-07-17T10:25:56.554904
combat,bpt6k1481961,,failed,0,0,,no_usable_pages,known,,,bpt6k1481961: no usable pages in manifest.,2026-07-17T10:25:56.772878
combat,bpt6k148197d,,failed,0,0,,no_usable_pages,known,,,bpt6k148197d: no usable pages in manifest.,2026-07-17T10:25:56.934117
combat,bpt6k1481995,,failed,0,0,,no_usable_pages,known,,,bpt6k1481995: no usable pages in manifest.,2026-07-17T10:25:57.151071
combat,bpt6k148198s,,failed,0,0,,no_usable_pages,known,,,bpt6k148198s: no usable pages in manifest.,2026-07-17T10:25:57.311661
combat,bpt6k148201b,,failed,0,0,,no_usable_pages,known,,,bpt6k148201b: no usable pages in manifest.,2026-07-17T10:25:57.556756
combat,bpt6k148200z,,failed,0,0,,no_usable_pages,known,,,bpt6k148200z: no usable pages in manifest.,2026-07-17T10:25:57.762592
combat,bpt6k148202q,,failed,0,0,,no_usable_pages,known,,,bpt6k148202q: no usable pages in manifest.,2026-07-17T10:25:57.920211
combat,bpt6k148207m,,failed,0,0,,no_usable_pages,known,,,bpt6k148207m: no usable pages in manifest.,2026-07-17T10:25:58.050716
combat,bpt6k148205v,,failed,0,0,,no_usable_pages,known,,,bpt6k148205v: no usable pages in manifest.,2026-07-17T10:25:58.279609
combat,bpt6k1482067,,failed,0,0,,no_usable_pages,known,,,bpt6k1482067: no usable pages in manifest.,2026-07-17T10:25:58.500077
combat,bpt6k148204g,,failed,0,0,,no_usable_pages,known,,,bpt6k148204g: no usable pages in manifest.,2026-07-17T10:25:58.633811
combat,bpt6k1482033,,failed,0,0,,no_usable_pages,known,,,bpt6k1482033: no usable pages in manifest.,2026-07-17T10:25:58.784188
combat,bpt6k148209c,,failed,0,0,,no_usable_pages,known,,,bpt6k148209c: no usable pages in manifest.,2026-07-17T10:25:58.940319
combat,bpt6k1482080,,failed,0,0,,no_usable_pages,known,,,bpt6k1482080: no usable pages in manifest.,2026-07-17T10:25:59.070478
combat,bpt6k1482109,,failed,0,0,,no_usable_pages,known,,,bpt6k1482109: no usable pages in manifest.,2026-07-17T10:25:59.206774
combat,bpt6k148211p,,failed,0,0,,no_usable_pages,known,,,bpt6k148211p: no usable pages in manifest.,2026-07-17T10:25:59.394441
combat,bpt6k148213f,,failed,0,0,,no_usable_pages,known,,,bpt6k148213f: no usable pages in manifest.,2026-07-17T10:25:59.604712
combat,bpt6k1482122,,failed,0,0,,no_usable_pages,known,,,bpt6k1482122: no usable pages in manifest.,2026-07-17T10:25:59.778069
combat,bpt6k148214t,,failed,0,0,,no_usable_pages,known,,,bpt6k148214t: no usable pages in manifest.,2026-07-17T10:25:59.919085
combat,bpt6k148218b,,failed,0,0,,no_usable_pages,known,,,bpt6k148218b: no usable pages in manifest.,2026-07-17T10:26:00.083903
combat,bpt6k148217z,,failed,0,0,,no_usable_pages,known,,,bpt6k148217z: no usable pages in manifest.,2026-07-17T10:26:00.230489
combat,bpt6k148219q,,failed,0,0,,no_usable_pages,known,,,bpt6k148219q: no usable pages in manifest.,2026-07-17T10:26:00.373021
combat,bpt6k1482156,,failed,0,0,,no_usable_pages,known,,,bpt6k1482156: no usable pages in manifest.,2026-07-17T10:26:00.558593
combat,bpt6k148216k,,failed,0,0,,no_usable_pages,known,,,bpt6k148216k: no usable pages in manifest.,2026-07-17T10:26:00.804429
combat,bpt6k148220n,,failed,0,0,,no_usable_pages,known,,,bpt6k148220n: no usable pages in manifest.,2026-07-17T10:26:00.971445
combat,bpt6k148222d,,failed,0,0,,no_usable_pages,known,,,bpt6k148222d: no usable pages in manifest.,2026-07-17T10:26:01.158402
combat,bpt6k148223s,,failed,0,0,,no_usable_pages,known,,,bpt6k148223s: no usable pages in manifest.,2026-07-17T10:26:01.298505
combat,bpt6k1482211,,failed,0,0,,no_usable_pages,known,,,bpt6k1482211: no usable pages in manifest.,2026-07-17T10:26:01.430364
combat,bpt6k1482245,,failed,0,0,,no_usable_pages,known,,,bpt6k1482245: no usable pages in manifest.,2026-07-17T10:26:01.663350
combat,bpt6k148225j,,failed,0,0,,no_usable_pages,known,,,bpt6k148225j: no usable pages in manifest.,2026-07-17T10:26:01.806871
combat,bpt6k148226x,,failed,0,0,,no_usable_pages,known,,,bpt6k148226x: no usable pages in manifest.,2026-07-17T10:26:01.939640
combat,bpt6k1482279,,failed,0,0,,no_usable_pages,known,,,bpt6k1482279: no usable pages in manifest.,2026-07-17T10:26:02.062767
combat,bpt6k148228p,,failed,0,0,,no_usable_pages,known,,,bpt6k148228p: no usable pages in manifest.,2026-07-17T10:26:02.194657
combat,bpt6k1482292,,failed,0,0,,no_usable_pages,known,,,bpt6k1482292: no usable pages in manifest.,2026-07-17T10:26:02.326460
combat,bpt6k1482300,,failed,0,0,,no_usable_pages,known,,,bpt6k1482300: no usable pages in manifest.,2026-07-17T10:26:02.463514
combat,bpt6k148231c,,failed,0,0,,no_usable_pages,known,,,bpt6k148231c: no usable pages in manifest.,2026-07-17T10:26:02.588866
combat,bpt6k148232r,,failed,0,0,,no_usable_pages,known,,,bpt6k148232r: no usable pages in manifest.,2026-07-17T10:26:02.732740
combat,bpt6k1482334,,failed,0,0,,no_usable_pages,known,,,bpt6k1482334: no usable pages in manifest.,2026-07-17T10:26:02.870220
combat,bpt6k148234h,,failed,0,0,,no_usable_pages,known,,,bpt6k148234h: no usable pages in manifest.,2026-07-17T10:26:03.017426
combat,bpt6k148235w,,failed,0,0,,no_usable_pages,known,,,bpt6k148235w: no usable pages in manifest.,2026-07-17T10:26:03.161058
combat,bpt6k1482368,,failed,0,0,,no_usable_pages,known,,,bpt6k1482368: no usable pages in manifest.,2026-07-17T10:26:03.310206
combat,bpt6k1482381,,failed,0,0,,no_usable_pages,known,,,bpt6k1482381: no usable pages in manifest.,2026-07-17T10:26:03.430000
combat,bpt6k148239d,,failed,0,0,,no_usable_pages,known,,,bpt6k148239d: no usable pages in manifest.,2026-07-17T10:26:03.591081
combat,bpt6k148237n,,failed,0,0,,no_usable_pages,known,,,bpt6k148237n: no usable pages in manifest.,2026-07-17T10:26:03.731927
combat,bpt6k1482894,,failed,0,0,,no_usable_pages,known,,,bpt6k1482894: no usable pages in manifest.,2026-07-17T10:26:03.965121
combat,bpt6k148240b,,failed,0,0,,no_usable_pages,known,,,bpt6k148240b: no usable pages in manifest.,2026-07-17T10:26:04.100465
combat,bpt6k1482902,,failed,0,0,,no_usable_pages,known,,,bpt6k1482902: no usable pages in manifest.,2026-07-17T10:26:04.303627
combat,bpt6k148291f,,failed,0,0,,no_usable_pages,known,,,bpt6k148291f: no usable pages in manifest.,2026-07-17T10:26:04.442019
combat,bpt6k148287c,,failed,0,0,,no_usable_pages,known,,,bpt6k148287c: no usable pages in manifest.,2026-07-17T10:26:04.583465
combat,bpt6k148288r,,failed,0,0,,no_usable_pages,known,,,bpt6k148288r: no usable pages in manifest.,2026-07-17T10:26:04.691351
combat,bpt6k1482457,,failed,0,0,,no_usable_pages,known,,,bpt6k1482457: no usable pages in manifest.,2026-07-17T10:26:04.823371
combat,bpt6k148246m,,failed,0,0,,no_usable_pages,known,,,bpt6k148246m: no usable pages in manifest.,2026-07-17T10:26:04.984063
combat,bpt6k47487526,,failed,0,0,,no_usable_pages,known,,,bpt6k47487526: no usable pages in manifest.,2026-07-17T10:26:05.179983
combat,bpt6k4749543v,,failed,0,0,,no_usable_pages,known,,,bpt6k4749543v: no usable pages in manifest.,2026-07-17T10:26:05.363109
combat,bd6t515800k,,failed,0,0,,http_manifest,known,403,manifest,"Client error '403 ' for url 'https://openapiproext.bnf.fr/iiif/presentation/v3/ark:/12148/bd6t515800k/manifest.json'
For more information check: https://developer.mozilla.org/en-US/docs/Web/HTTP/Status/403",2026-07-17T10:26:05.812268
combat,bd6t515409k,,failed,0,0,,http_manifest,known,403,manifest,"Client error '403 ' for url 'https://openapiproext.bnf.fr/iiif/presentation/v3/ark:/12148/bd6t515409k/manifest.json'
For more information check: https://developer.mozilla.org/en-US/docs/Web/HTTP/Status/403",2026-07-17T10:26:06.849353
combat,bd6t515410s,,failed,0,0,,http_manifest,known,403,manifest,"Client error '403 ' for url 'https://openapiproext.bnf.fr/iiif/presentation/v3/ark:/12148/bd6t515410s/manifest.json'
For more information check: https://developer.mozilla.org/en-US/docs/Web/HTTP/Status/403",2026-07-17T10:26:08.050763
combat,bd6t5154114,,failed,0,0,,http_manifest,known,403,manifest,"Client error '403 ' for url 'https://openapiproext.bnf.fr/iiif/presentation/v3/ark:/12148/bd6t5154114/manifest.json'
For more information check: https://developer.mozilla.org/en-US/docs/Web/HTTP/Status/403",2026-07-17T10:26:09.440574
combat,bd6t515412g,,failed,0,0,,http_manifest,known,403,manifest,"Client error '403 ' for url 'https://openapiproext.bnf.fr/iiif/presentation/v3/ark:/12148/bd6t515412g/manifest.json'
For more information check: https://developer.mozilla.org/en-US/docs/Web/HTTP/Status/403",2026-07-17T10:26:10.450477
combat,bd6t515413t,,failed,0,0,,http_manifest,known,403,manifest,"Client error '403 ' for url 'https://openapiproext.bnf.fr/iiif/presentation/v3/ark:/12148/bd6t515413t/manifest.json'
For more information check: https://developer.mozilla.org/en-US/docs/Web/HTTP/Status/403",2026-07-17T10:26:11.673948
combat,bd6t5154145,,failed,0,0,,http_manifest,known,403,manifest,"Client error '403 ' for url 'https://openapiproext.bnf.fr/iiif/presentation/v3/ark:/12148/bd6t5154145/manifest.json'
For more information check: https://developer.mozilla.org/en-US/docs/Web/HTTP/Status/403",2026-07-17T10:26:12.854757
combat,bd6t515415h,,failed,0,0,,http_manifest,known,403,manifest,"Client error '403 ' for url 'https://openapiproext.bnf.fr/iiif/presentation/v3/ark:/12148/bd6t515415h/manifest.json'
For more information check: https://developer.mozilla.org/en-US/docs/Web/HTTP/Status/403",2026-07-17T10:26:14.207552
combat,bd6t515416v,,failed,0,0,,http_manifest,known,403,manifest,"Client error '403 ' for url 'https://openapiproext.bnf.fr/iiif/presentation/v3/ark:/12148/bd6t515416v/manifest.json'
For more information check: https://developer.mozilla.org/en-US/docs/Web/HTTP/Status/403",2026-07-17T10:26:15.257651
combat,bd6t5154176,,failed,0,0,,http_manifest,known,403,manifest,"Client error '403 ' for url 'https://openapiproext.bnf.fr/iiif/presentation/v3/ark:/12148/bd6t5154176/manifest.json'
For more information check: https://developer.mozilla.org/en-US/docs/Web/HTTP/Status/403",2026-07-17T10:26:16.557956
combat,bd6t515418j,,failed,0,0,,http_manifest,known,403,manifest,"Client error '403 ' for url 'https://openapiproext.bnf.fr/iiif/presentation/v3/ark:/12148/bd6t515418j/manifest.json'
For more information check: https://developer.mozilla.org/en-US/docs/Web/HTTP/Status/403",2026-07-17T10:26:17.853888
combat,bd6t515419w,,failed,0,0,,http_manifest,known,403,manifest,"Client error '403 ' for url 'https://openapiproext.bnf.fr/iiif/presentation/v3/ark:/12148/bd6t515419w/manifest.json'
For more information check: https://developer.mozilla.org/en-US/docs/Web/HTTP/Status/403",2026-07-17T10:26:18.866689
combat,bd6t5154203,,failed,0,0,,http_manifest,known,403,manifest,"Client error '403 ' for url 'https://openapiproext.bnf.fr/iiif/presentation/v3/ark:/12148/bd6t5154203/manifest.json'
For more information check: https://developer.mozilla.org/en-US/docs/Web/HTTP/Status/403",2026-07-17T10:26:20.057768
combat,bd6t515421f,,failed,0,0,,http_manifest,known,403,manifest,"Client error '403 ' for url 'https://openapiproext.bnf.fr/iiif/presentation/v3/ark:/12148/bd6t515421f/manifest.json'
For more information check: https://developer.mozilla.org/en-US/docs/Web/HTTP/Status/403",2026-07-17T10:26:21.263007
combat,bd6t515422s,,failed,0,0,,http_manifest,known,403,manifest,"Client error '403 ' for url 'https://openapiproext.bnf.fr/iiif/presentation/v3/ark:/12148/bd6t515422s/manifest.json'
For more information check: https://developer.mozilla.org/en-US/docs/Web/HTTP/Status/403",2026-07-17T10:26:22.465847
combat,bd6t5154234,,failed,0,0,,http_manifest,known,403,manifest,"Client error '403 ' for url 'https://openapiproext.bnf.fr/iiif/presentation/v3/ark:/12148/bd6t5154234/manifest.json'
For more information check: https://developer.mozilla.org/en-US/docs/Web/HTTP/Status/403",2026-07-17T10:26:23.671902
combat,bd6t515424g,,failed,0,0,,http_manifest,known,403,manifest,"Client error '403 ' for url 'https://openapiproext.bnf.fr/iiif/presentation/v3/ark:/12148/bd6t515424g/manifest.json'
For more information check: https://developer.mozilla.org/en-US/docs/Web/HTTP/Status/403",2026-07-17T10:26:24.868354
combat,bd6t515425t,,failed,0,0,,http_manifest,known,403,manifest,"Client error '403 ' for url 'https://openapiproext.bnf.fr/iiif/presentation/v3/ark:/12148/bd6t515425t/manifest.json'
For more information check: https://developer.mozilla.org/en-US/docs/Web/HTTP/Status/403",2026-07-17T10:26:26.073267
combat,bd6t5154265,,failed,0,0,,http_manifest,known,403,manifest,"Client error '403 ' for url 'https://openapiproext.bnf.fr/iiif/presentation/v3/ark:/12148/bd6t5154265/manifest.json'
For more information check: https://developer.mozilla.org/en-US/docs/Web/HTTP/Status/403",2026-07-17T10:26:27.274398
combat,bd6t515427h,,failed,0,0,,http_manifest,known,403,manifest,"Client error '403 ' for url 'https://openapiproext.bnf.fr/iiif/presentation/v3/ark:/12148/bd6t515427h/manifest.json'
For more information check: https://developer.mozilla.org/en-US/docs/Web/HTTP/Status/403",2026-07-17T10:26:28.473746
combat,bd6t515428v,,failed,0,0,,http_manifest,known,403,manifest,"Client error '403 ' for url 'https://openapiproext.bnf.fr/iiif/presentation/v3/ark:/12148/bd6t515428v/manifest.json'
For more information check: https://developer.mozilla.org/en-US/docs/Web/HTTP/Status/403",2026-07-17T10:26:29.698648
combat,bd6t5154296,,failed,0,0,,http_manifest,known,403,manifest,"Client error '403 ' for url 'https://openapiproext.bnf.fr/iiif/presentation/v3/ark:/12148/bd6t5154296/manifest.json'
For more information check: https://developer.mozilla.org/en-US/docs/Web/HTTP/Status/403",2026-07-17T10:26:30.878243
combat,bd6t515430d,,failed,0,0,,http_manifest,known,403,manifest,"Client error '403 ' for url 'https://openapiproext.bnf.fr/iiif/presentation/v3/ark:/12148/bd6t515430d/manifest.json'
For more information check: https://developer.mozilla.org/en-US/docs/Web/HTTP/Status/403",2026-07-17T10:26:32.083763
combat,bd6t515431r,,failed,0,0,,http_manifest,known,403,manifest,"Client error '403 ' for url 'https://openapiproext.bnf.fr/iiif/presentation/v3/ark:/12148/bd6t515431r/manifest.json'
For more information check: https://developer.mozilla.org/en-US/docs/Web/HTTP/Status/403",2026-07-17T10:26:33.286734
combat,bd6t5154323,,failed,0,0,,http_manifest,known,403,manifest,"Client error '403 ' for url 'https://openapiproext.bnf.fr/iiif/presentation/v3/ark:/12148/bd6t5154323/manifest.json'
For more information check: https://developer.mozilla.org/en-US/docs/Web/HTTP/Status/403",2026-07-17T10:26:34.481028
combat,bd6t515433f,,failed,0,0,,http_manifest,known,403,manifest,"Client error '403 ' for url 'https://openapiproext.bnf.fr/iiif/presentation/v3/ark:/12148/bd6t515433f/manifest.json'
For more information check: https://developer.mozilla.org/en-US/docs/Web/HTTP/Status/403",2026-07-17T10:26:35.690398
combat,bd6t515434s,,failed,0,0,,http_manifest,known,403,manifest,"Client error '403 ' for url 'https://openapiproext.bnf.fr/iiif/presentation/v3/ark:/12148/bd6t515434s/manifest.json'
For more information check: https://developer.mozilla.org/en-US/docs/Web/HTTP/Status/403",2026-07-17T10:26:36.884351
combat,bd6t5154354,,failed,0,0,,http_manifest,known,403,manifest,"Client error '403 ' for url 'https://openapiproext.bnf.fr/iiif/presentation/v3/ark:/12148/bd6t5154354/manifest.json'
For more information check: https://developer.mozilla.org/en-US/docs/Web/HTTP/Status/403",2026-07-17T10:26:38.088020
combat,bd6t515436g,,failed,0,0,,http_manifest,known,403,manifest,"Client error '403 ' for url 'https://openapiproext.bnf.fr/iiif/presentation/v3/ark:/12148/bd6t515436g/manifest.json'
For more information check: https://developer.mozilla.org/en-US/docs/Web/HTTP/Status/403",2026-07-17T10:26:39.285959
combat,bd6t515437t,,failed,0,0,,http_manifest,known,403,manifest,"Client error '403 ' for url 'https://openapiproext.bnf.fr/iiif/presentation/v3/ark:/12148/bd6t515437t/manifest.json'
For more information check: https://developer.mozilla.org/en-US/docs/Web/HTTP/Status/403",2026-07-17T10:26:40.490061
combat,bd6t5154385,,failed,0,0,,http_manifest,known,403,manifest,"Client error '403 ' for url 'https://openapiproext.bnf.fr/iiif/presentation/v3/ark:/12148/bd6t5154385/manifest.json'
For more information check: https://developer.mozilla.org/en-US/docs/Web/HTTP/Status/403",2026-07-17T10:26:41.715832
combat,bd6t515439h,,failed,0,0,,http_manifest,known,403,manifest,"Client error '403 ' for url 'https://openapiproext.bnf.fr/iiif/presentation/v3/ark:/12148/bd6t515439h/manifest.json'
For more information check: https://developer.mozilla.org/en-US/docs/Web/HTTP/Status/403",2026-07-17T10:26:42.895104
combat,bd6t515440q,,failed,0,0,,http_manifest,known,403,manifest,"Client error '403 ' for url 'https://openapiproext.bnf.fr/iiif/presentation/v3/ark:/12148/bd6t515440q/manifest.json'
For more information check: https://developer.mozilla.org/en-US/docs/Web/HTTP/Status/403",2026-07-17T10:26:44.094020
combat,bd6t5154412,,failed,0,0,,http_manifest,known,403,manifest,"Client error '403 ' for url 'https://openapiproext.bnf.fr/iiif/presentation/v3/ark:/12148/bd6t5154412/manifest.json'
For more information check: https://developer.mozilla.org/en-US/docs/Web/HTTP/Status/403",2026-07-17T10:26:45.298893
combat,bd6t515442d,,failed,0,0,,http_manifest,known,403,manifest,"Client error '403 ' for url 'https://openapiproext.bnf.fr/iiif/presentation/v3/ark:/12148/bd6t515442d/manifest.json'
For more information check: https://developer.mozilla.org/en-US/docs/Web/HTTP/Status/403",2026-07-17T10:26:46.500663
combat,bd6t515443r,,failed,0,0,,http_manifest,known,403,manifest,"Client error '403 ' for url 'https://openapiproext.bnf.fr/iiif/presentation/v3/ark:/12148/bd6t515443r/manifest.json'
For more information check: https://developer.mozilla.org/en-US/docs/Web/HTTP/Status/403",2026-07-17T10:26:47.727802
combat,bd6t5154443,,failed,0,0,,http_manifest,known,403,manifest,"Client error '403 ' for url 'https://openapiproext.bnf.fr/iiif/presentation/v3/ark:/12148/bd6t5154443/manifest.json'
For more information check: https://developer.mozilla.org/en-US/docs/Web/HTTP/Status/403",2026-07-17T10:26:48.897766
combat,bd6t515445f,,failed,0,0,,http_manifest,known,403,manifest,"Client error '403 ' for url 'https://openapiproext.bnf.fr/iiif/presentation/v3/ark:/12148/bd6t515445f/manifest.json'
For more information check: https://developer.mozilla.org/en-US/docs/Web/HTTP/Status/403",2026-07-17T10:26:50.101724
combat,bd6t515446s,,failed,0,0,,http_manifest,known,403,manifest,"Client error '403 ' for url 'https://openapiproext.bnf.fr/iiif/presentation/v3/ark:/12148/bd6t515446s/manifest.json'
For more information check: https://developer.mozilla.org/en-US/docs/Web/HTTP/Status/403",2026-07-17T10:26:51.299219
combat,bd6t5154474,,failed,0,0,,http_manifest,known,403,manifest,"Client error '403 ' for url 'https://openapiproext.bnf.fr/iiif/presentation/v3/ark:/12148/bd6t5154474/manifest.json'
For more information check: https://developer.mozilla.org/en-US/docs/Web/HTTP/Status/403",2026-07-17T10:26:52.502813
combat,bd6t515448g,,failed,0,0,,http_manifest,known,403,manifest,"Client error '403 ' for url 'https://openapiproext.bnf.fr/iiif/presentation/v3/ark:/12148/bd6t515448g/manifest.json'
For more information check: https://developer.mozilla.org/en-US/docs/Web/HTTP/Status/403",2026-07-17T10:26:53.703719
combat,bd6t515449t,,failed,0,0,,http_manifest,known,403,manifest,"Client error '403 ' for url 'https://openapiproext.bnf.fr/iiif/presentation/v3/ark:/12148/bd6t515449t/manifest.json'
For more information check: https://developer.mozilla.org/en-US/docs/Web/HTTP/Status/403",2026-07-17T10:26:54.907672
combat,bd6t5154501,,failed,0,0,,http_manifest,known,403,manifest,"Client error '403 ' for url 'https://openapiproext.bnf.fr/iiif/presentation/v3/ark:/12148/bd6t5154501/manifest.json'
For more information check: https://developer.mozilla.org/en-US/docs/Web/HTTP/Status/403",2026-07-17T10:26:56.107413
combat,bd6t515451c,,failed,0,0,,http_manifest,known,403,manifest,"Client error '403 ' for url 'https://openapiproext.bnf.fr/iiif/presentation/v3/ark:/12148/bd6t515451c/manifest.json'
For more information check: https://developer.mozilla.org/en-US/docs/Web/HTTP/Status/403",2026-07-17T10:26:57.310017
combat,bd6t515452q,,failed,0,0,,http_manifest,known,403,manifest,"Client error '403 ' for url 'https://openapiproext.bnf.fr/iiif/presentation/v3/ark:/12148/bd6t515452q/manifest.json'
For more information check: https://developer.mozilla.org/en-US/docs/Web/HTTP/Status/403",2026-07-17T10:26:58.508458
combat,bd6t5154532,,failed,0,0,,http_manifest,known,403,manifest,"Client error '403 ' for url 'https://openapiproext.bnf.fr/iiif/presentation/v3/ark:/12148/bd6t5154532/manifest.json'
For more information check: https://developer.mozilla.org/en-US/docs/Web/HTTP/Status/403",2026-07-17T10:26:59.734693
combat,bd6t515454d,,failed,0,0,,http_manifest,known,403,manifest,"Client error '403 ' for url 'https://openapiproext.bnf.fr/iiif/presentation/v3/ark:/12148/bd6t515454d/manifest.json'
For more information check: https://developer.mozilla.org/en-US/docs/Web/HTTP/Status/403",2026-07-17T10:27:00.994256
combat,bd6t515455r,,failed,0,0,,http_manifest,known,403,manifest,"Client error '403 ' for url 'https://openapiproext.bnf.fr/iiif/presentation/v3/ark:/12148/bd6t515455r/manifest.json'
For more information check: https://developer.mozilla.org/en-US/docs/Web/HTTP/Status/403",2026-07-17T10:27:02.114234
combat,bd6t5154563,,failed,0,0,,http_manifest,known,403,manifest,"Client error '403 ' for url 'https://openapiproext.bnf.fr/iiif/presentation/v3/ark:/12148/bd6t5154563/manifest.json'
For more information check: https://developer.mozilla.org/en-US/docs/Web/HTTP/Status/403",2026-07-17T10:27:03.321094
combat,bd6t515457f,,failed,0,0,,http_manifest,known,403,manifest,"Client error '403 ' for url 'https://openapiproext.bnf.fr/iiif/presentation/v3/ark:/12148/bd6t515457f/manifest.json'
For more information check: https://developer.mozilla.org/en-US/docs/Web/HTTP/Status/403",2026-07-17T10:27:04.731901
combat,bd6t515458s,,failed,0,0,,http_manifest,known,403,manifest,"Client error '403 ' for url 'https://openapiproext.bnf.fr/iiif/presentation/v3/ark:/12148/bd6t515458s/manifest.json'
For more information check: https://developer.mozilla.org/en-US/docs/Web/HTTP/Status/403",2026-07-17T10:27:05.869377
combat,bd6t5154594,,failed,0,0,,http_manifest,known,403,manifest,"Client error '403 ' for url 'https://openapiproext.bnf.fr/iiif/presentation/v3/ark:/12148/bd6t5154594/manifest.json'
For more information check: https://developer.mozilla.org/en-US/docs/Web/HTTP/Status/403",2026-07-17T10:27:07.037691
combat,bd6t515460b,,failed,0,0,,http_manifest,known,403,manifest,"Client error '403 ' for url 'https://openapiproext.bnf.fr/iiif/presentation/v3/ark:/12148/bd6t515460b/manifest.json'
For more information check: https://developer.mozilla.org/en-US/docs/Web/HTTP/Status/403",2026-07-17T10:27:08.127736
combat,bd6t515461p,,failed,0,0,,http_manifest,known,403,manifest,"Client error '403 ' for url 'https://openapiproext.bnf.fr/iiif/presentation/v3/ark:/12148/bd6t515461p/manifest.json'
For more information check: https://developer.mozilla.org/en-US/docs/Web/HTTP/Status/403",2026-07-17T10:27:09.451759
combat,bd6t5154621,,failed,0,0,,http_manifest,known,403,manifest,"Client error '403 ' for url 'https://openapiproext.bnf.fr/iiif/presentation/v3/ark:/12148/bd6t5154621/manifest.json'
For more information check: https://developer.mozilla.org/en-US/docs/Web/HTTP/Status/403",2026-07-17T10:27:10.783910
combat,bd6t515463c,,failed,0,0,,http_manifest,known,403,manifest,"Client error '403 ' for url 'https://openapiproext.bnf.fr/iiif/presentation/v3/ark:/12148/bd6t515463c/manifest.json'
For more information check: https://developer.mozilla.org/en-US/docs/Web/HTTP/Status/403",2026-07-17T10:27:11.731093
combat,bd6t515464q,,failed,0,0,,http_manifest,known,403,manifest,"Client error '403 ' for url 'https://openapiproext.bnf.fr/iiif/presentation/v3/ark:/12148/bd6t515464q/manifest.json'
For more information check: https://developer.mozilla.org/en-US/docs/Web/HTTP/Status/403",2026-07-17T10:27:13.081641
combat,bd6t5154652,,failed,0,0,,http_manifest,known,403,manifest,"Client error '403 ' for url 'https://openapiproext.bnf.fr/iiif/presentation/v3/ark:/12148/bd6t5154652/manifest.json'
For more information check: https://developer.mozilla.org/en-US/docs/Web/HTTP/Status/403",2026-07-17T10:27:14.275009
combat,bd6t515466d,,failed,0,0,,http_manifest,known,403,manifest,"Client error '403 ' for url 'https://openapiproext.bnf.fr/iiif/presentation/v3/ark:/12148/bd6t515466d/manifest.json'
For more information check: https://developer.mozilla.org/en-US/docs/Web/HTTP/Status/403",2026-07-17T10:27:15.335536
combat,bd6t515467r,,failed,0,0,,http_manifest,known,403,manifest,"Client error '403 ' for url 'https://openapiproext.bnf.fr/iiif/presentation/v3/ark:/12148/bd6t515467r/manifest.json'
For more information check: https://developer.mozilla.org/en-US/docs/Web/HTTP/Status/403",2026-07-17T10:27:16.563984
combat,bd6t5154683,,failed,0,0,,http_manifest,known,403,manifest,"Client error '403 ' for url 'https://openapiproext.bnf.fr/iiif/presentation/v3/ark:/12148/bd6t5154683/manifest.json'
For more information check: https://developer.mozilla.org/en-US/docs/Web/HTTP/Status/403",2026-07-17T10:27:17.762365
combat,bd6t515469f,,failed,0,0,,http_manifest,known,403,manifest,"Client error '403 ' for url 'https://openapiproext.bnf.fr/iiif/presentation/v3/ark:/12148/bd6t515469f/manifest.json'
For more information check: https://developer.mozilla.org/en-US/docs/Web/HTTP/Status/403",2026-07-17T10:27:18.981312
combat,bd6t515470n,,failed,0,0,,http_manifest,known,403,manifest,"Client error '403 ' for url 'https://openapiproext.bnf.fr/iiif/presentation/v3/ark:/12148/bd6t515470n/manifest.json'
For more information check: https://developer.mozilla.org/en-US/docs/Web/HTTP/Status/403",2026-07-17T10:27:20.141552
combat,bd6t5154710,,failed,0,0,,http_manifest,known,403,manifest,"Client error '403 ' for url 'https://openapiproext.bnf.fr/iiif/presentation/v3/ark:/12148/bd6t5154710/manifest.json'
For more information check: https://developer.mozilla.org/en-US/docs/Web/HTTP/Status/403",2026-07-17T10:27:21.342290
combat,bd6t515472b,,failed,0,0,,http_manifest,known,403,manifest,"Client error '403 ' for url 'https://openapiproext.bnf.fr/iiif/presentation/v3/ark:/12148/bd6t515472b/manifest.json'
For more information check: https://developer.mozilla.org/en-US/docs/Web/HTTP/Status/403",2026-07-17T10:27:22.547341
combat,bd6t515473p,,failed,0,0,,http_manifest,known,403,manifest,"Client error '403 ' for url 'https://openapiproext.bnf.fr/iiif/presentation/v3/ark:/12148/bd6t515473p/manifest.json'
For more information check: https://developer.mozilla.org/en-US/docs/Web/HTTP/Status/403",2026-07-17T10:27:23.747714
combat,bd6t5154741,,failed,0,0,,http_manifest,known,403,manifest,"Client error '403 ' for url 'https://openapiproext.bnf.fr/iiif/presentation/v3/ark:/12148/bd6t5154741/manifest.json'
For more information check: https://developer.mozilla.org/en-US/docs/Web/HTTP/Status/403",2026-07-17T10:27:24.948976
combat,bd6t515475c,,failed,0,0,,http_manifest,known,403,manifest,"Client error '403 ' for url 'https://openapiproext.bnf.fr/iiif/presentation/v3/ark:/12148/bd6t515475c/manifest.json'
For more information check: https://developer.mozilla.org/en-US/docs/Web/HTTP/Status/403",2026-07-17T10:27:26.152313
combat,bd6t515476q,,failed,0,0,,http_manifest,known,403,manifest,"Client error '403 ' for url 'https://openapiproext.bnf.fr/iiif/presentation/v3/ark:/12148/bd6t515476q/manifest.json'
For more information check: https://developer.mozilla.org/en-US/docs/Web/HTTP/Status/403",2026-07-17T10:27:27.348636
combat,bd6t5154772,,failed,0,0,,http_manifest,known,403,manifest,"Client error '403 ' for url 'https://openapiproext.bnf.fr/iiif/presentation/v3/ark:/12148/bd6t5154772/manifest.json'
For more information check: https://developer.mozilla.org/en-US/docs/Web/HTTP/Status/403",2026-07-17T10:27:28.583532
combat,bd6t515478d,,failed,0,0,,http_manifest,known,403,manifest,"Client error '403 ' for url 'https://openapiproext.bnf.fr/iiif/presentation/v3/ark:/12148/bd6t515478d/manifest.json'
For more information check: https://developer.mozilla.org/en-US/docs/Web/HTTP/Status/403",2026-07-17T10:27:29.755056
combat,bd6t515479r,,failed,0,0,,http_manifest,known,403,manifest,"Client error '403 ' for url 'https://openapiproext.bnf.fr/iiif/presentation/v3/ark:/12148/bd6t515479r/manifest.json'
For more information check: https://developer.mozilla.org/en-US/docs/Web/HTTP/Status/403",2026-07-17T10:27:30.953130
combat,bd6t515480z,,failed,0,0,,http_manifest,known,403,manifest,"Client error '403 ' for url 'https://openapiproext.bnf.fr/iiif/presentation/v3/ark:/12148/bd6t515480z/manifest.json'
For more information check: https://developer.mozilla.org/en-US/docs/Web/HTTP/Status/403",2026-07-17T10:27:32.158002
combat,bd6t5154819,,failed,0,0,,http_manifest,known,403,manifest,"Client error '403 ' for url 'https://openapiproext.bnf.fr/iiif/presentation/v3/ark:/12148/bd6t5154819/manifest.json'
For more information check: https://developer.mozilla.org/en-US/docs/Web/HTTP/Status/403",2026-07-17T10:27:33.358096
combat,bd6t515482n,,failed,0,0,,http_manifest,known,403,manifest,"Client error '403 ' for url 'https://openapiproext.bnf.fr/iiif/presentation/v3/ark:/12148/bd6t515482n/manifest.json'
For more information check: https://developer.mozilla.org/en-US/docs/Web/HTTP/Status/403",2026-07-17T10:27:34.561472
combat,bd6t5154830,,failed,0,0,,http_manifest,known,403,manifest,"Client error '403 ' for url 'https://openapiproext.bnf.fr/iiif/presentation/v3/ark:/12148/bd6t5154830/manifest.json'
For more information check: https://developer.mozilla.org/en-US/docs/Web/HTTP/Status/403",2026-07-17T10:27:35.772013
combat,bd6t515484b,,failed,0,0,,http_manifest,known,403,manifest,"Client error '403 ' for url 'https://openapiproext.bnf.fr/iiif/presentation/v3/ark:/12148/bd6t515484b/manifest.json'
For more information check: https://developer.mozilla.org/en-US/docs/Web/HTTP/Status/403",2026-07-17T10:27:36.969798
combat,bd6t515485p,,failed,0,0,,http_manifest,known,403,manifest,"Client error '403 ' for url 'https://openapiproext.bnf.fr/iiif/presentation/v3/ark:/12148/bd6t515485p/manifest.json'
For more information check: https://developer.mozilla.org/en-US/docs/Web/HTTP/Status/403",2026-07-17T10:27:38.168623
combat,bd6t5154861,,failed,0,0,,http_manifest,known,403,manifest,"Client error '403 ' for url 'https://openapiproext.bnf.fr/iiif/presentation/v3/ark:/12148/bd6t5154861/manifest.json'
For more information check: https://developer.mozilla.org/en-US/docs/Web/HTTP/Status/403",2026-07-17T10:27:39.369712
combat,bd6t515316k,,failed,0,0,,http_manifest,known,403,manifest,"Client error '403 ' for url 'https://openapiproext.bnf.fr/iiif/presentation/v3/ark:/12148/bd6t515316k/manifest.json'
For more information check: https://developer.mozilla.org/en-US/docs/Web/HTTP/Status/403",2026-07-17T10:27:40.596069
combat,bd6t515317x,,failed,0,0,,http_manifest,known,403,manifest,"Client error '403 ' for url 'https://openapiproext.bnf.fr/iiif/presentation/v3/ark:/12148/bd6t515317x/manifest.json'
For more information check: https://developer.mozilla.org/en-US/docs/Web/HTTP/Status/403",2026-07-17T10:27:41.777462
combat,bd6t5153188,,failed,0,0,,http_manifest,known,403,manifest,"Client error '403 ' for url 'https://openapiproext.bnf.fr/iiif/presentation/v3/ark:/12148/bd6t5153188/manifest.json'
For more information check: https://developer.mozilla.org/en-US/docs/Web/HTTP/Status/403",2026-07-17T10:27:42.977381
combat,bd6t515319m,,failed,0,0,,http_manifest,known,403,manifest,"Client error '403 ' for url 'https://openapiproext.bnf.fr/iiif/presentation/v3/ark:/12148/bd6t515319m/manifest.json'
For more information check: https://developer.mozilla.org/en-US/docs/Web/HTTP/Status/403",2026-07-17T10:27:44.175730
combat,bd6t515320t,,failed,0,0,,http_manifest,known,403,manifest,"Client error '403 ' for url 'https://openapiproext.bnf.fr/iiif/presentation/v3/ark:/12148/bd6t515320t/manifest.json'
For more information check: https://developer.mozilla.org/en-US/docs/Web/HTTP/Status/403",2026-07-17T10:27:45.381366
combat,bd6t5153215,,failed,0,0,,http_manifest,known,403,manifest,"Client error '403 ' for url 'https://openapiproext.bnf.fr/iiif/presentation/v3/ark:/12148/bd6t5153215/manifest.json'
For more information check: https://developer.mozilla.org/en-US/docs/Web/HTTP/Status/403",2026-07-17T10:27:46.593614
combat,bd6t515322h,,failed,0,0,,http_manifest,known,403,manifest,"Client error '403 ' for url 'https://openapiproext.bnf.fr/iiif/presentation/v3/ark:/12148/bd6t515322h/manifest.json'
For more information check: https://developer.mozilla.org/en-US/docs/Web/HTTP/Status/403",2026-07-17T10:27:47.780079
combat,bd6t515323v,,failed,0,0,,http_manifest,known,403,manifest,"Client error '403 ' for url 'https://openapiproext.bnf.fr/iiif/presentation/v3/ark:/12148/bd6t515323v/manifest.json'
For more information check: https://developer.mozilla.org/en-US/docs/Web/HTTP/Status/403",2026-07-17T10:27:48.979214
combat,bd6t5153246,,failed,0,0,,http_manifest,known,403,manifest,"Client error '403 ' for url 'https://openapiproext.bnf.fr/iiif/presentation/v3/ark:/12148/bd6t5153246/manifest.json'
For more information check: https://developer.mozilla.org/en-US/docs/Web/HTTP/Status/403",2026-07-17T10:27:50.184889
combat,bd6t515325j,,failed,0,0,,http_manifest,known,403,manifest,"Client error '403 ' for url 'https://openapiproext.bnf.fr/iiif/presentation/v3/ark:/12148/bd6t515325j/manifest.json'
For more information check: https://developer.mozilla.org/en-US/docs/Web/HTTP/Status/403",2026-07-17T10:27:51.387102
combat,bd6t515326w,,failed,0,0,,http_manifest,known,403,manifest,"Client error '403 ' for url 'https://openapiproext.bnf.fr/iiif/presentation/v3/ark:/12148/bd6t515326w/manifest.json'
For more information check: https://developer.mozilla.org/en-US/docs/Web/HTTP/Status/403",2026-07-17T10:27:52.585967
combat,bd6t5153277,,failed,0,0,,http_manifest,known,403,manifest,"Client error '403 ' for url 'https://openapiproext.bnf.fr/iiif/presentation/v3/ark:/12148/bd6t5153277/manifest.json'
For more information check: https://developer.mozilla.org/en-US/docs/Web/HTTP/Status/403",2026-07-17T10:27:53.786452
combat,bd6t515328k,,failed,0,0,,http_manifest,known,403,manifest,"Client error '403 ' for url 'https://openapiproext.bnf.fr/iiif/presentation/v3/ark:/12148/bd6t515328k/manifest.json'
For more information check: https://developer.mozilla.org/en-US/docs/Web/HTTP/Status/403",2026-07-17T10:27:54.990745
combat,bd6t515329x,,failed,0,0,,http_manifest,known,403,manifest,"Client error '403 ' for url 'https://openapiproext.bnf.fr/iiif/presentation/v3/ark:/12148/bd6t515329x/manifest.json'
For more information check: https://developer.mozilla.org/en-US/docs/Web/HTTP/Status/403",2026-07-17T10:27:56.194228
combat,bd6t5153304,,failed,0,0,,http_manifest,known,403,manifest,"Client error '403 ' for url 'https://openapiproext.bnf.fr/iiif/presentation/v3/ark:/12148/bd6t5153304/manifest.json'
For more information check: https://developer.mozilla.org/en-US/docs/Web/HTTP/Status/403",2026-07-17T10:27:57.394592
combat,bd6t515331g,,failed,0,0,,http_manifest,known,403,manifest,"Client error '403 ' for url 'https://openapiproext.bnf.fr/iiif/presentation/v3/ark:/12148/bd6t515331g/manifest.json'
For more information check: https://developer.mozilla.org/en-US/docs/Web/HTTP/Status/403",2026-07-17T10:27:58.613201
combat,bd6t515332t,,failed,0,0,,http_manifest,known,403,manifest,"Client error '403 ' for url 'https://openapiproext.bnf.fr/iiif/presentation/v3/ark:/12148/bd6t515332t/manifest.json'
For more information check: https://developer.mozilla.org/en-US/docs/Web/HTTP/Status/403",2026-07-17T10:28:00.059005
combat,bd6t5153335,,failed,0,0,,http_manifest,known,403,manifest,"Client error '403 ' for url 'https://openapiproext.bnf.fr/iiif/presentation/v3/ark:/12148/bd6t5153335/manifest.json'
For more information check: https://developer.mozilla.org/en-US/docs/Web/HTTP/Status/403",2026-07-17T10:28:01.158864
combat,bd6t515334h,,failed,0,0,,http_manifest,known,403,manifest,"Client error '403 ' for url 'https://openapiproext.bnf.fr/iiif/presentation/v3/ark:/12148/bd6t515334h/manifest.json'
For more information check: https://developer.mozilla.org/en-US/docs/Web/HTTP/Status/403",2026-07-17T10:28:02.219062
combat,bd6t515335v,,failed,0,0,,http_manifest,known,403,manifest,"Client error '403 ' for url 'https://openapiproext.bnf.fr/iiif/presentation/v3/ark:/12148/bd6t515335v/manifest.json'
For more information check: https://developer.mozilla.org/en-US/docs/Web/HTTP/Status/403",2026-07-17T10:28:03.405024
combat,bd6t5153366,,failed,0,0,,http_manifest,known,403,manifest,"Client error '403 ' for url 'https://openapiproext.bnf.fr/iiif/presentation/v3/ark:/12148/bd6t5153366/manifest.json'
For more information check: https://developer.mozilla.org/en-US/docs/Web/HTTP/Status/403",2026-07-17T10:28:04.609991
combat,bd6t515337j,,failed,0,0,,http_manifest,known,403,manifest,"Client error '403 ' for url 'https://openapiproext.bnf.fr/iiif/presentation/v3/ark:/12148/bd6t515337j/manifest.json'
For more information check: https://developer.mozilla.org/en-US/docs/Web/HTTP/Status/403",2026-07-17T10:28:05.921507
combat,bd6t515338w,,failed,0,0,,http_manifest,known,403,manifest,"Client error '403 ' for url 'https://openapiproext.bnf.fr/iiif/presentation/v3/ark:/12148/bd6t515338w/manifest.json'
For more information check: https://developer.mozilla.org/en-US/docs/Web/HTTP/Status/403",2026-07-17T10:28:07.018869
combat,bd6t5153397,,failed,0,0,,http_manifest,known,403,manifest,"Client error '403 ' for url 'https://openapiproext.bnf.fr/iiif/presentation/v3/ark:/12148/bd6t5153397/manifest.json'
For more information check: https://developer.mozilla.org/en-US/docs/Web/HTTP/Status/403",2026-07-17T10:28:08.383505
combat,bd6t515340f,,failed,0,0,,http_manifest,known,403,manifest,"Client error '403 ' for url 'https://openapiproext.bnf.fr/iiif/presentation/v3/ark:/12148/bd6t515340f/manifest.json'
For more information check: https://developer.mozilla.org/en-US/docs/Web/HTTP/Status/403",2026-07-17T10:28:09.551000
combat,bd6t515341s,,failed,0,0,,http_manifest,known,403,manifest,"Client error '403 ' for url 'https://openapiproext.bnf.fr/iiif/presentation/v3/ark:/12148/bd6t515341s/manifest.json'
For more information check: https://developer.mozilla.org/en-US/docs/Web/HTTP/Status/403",2026-07-17T10:28:10.788955
combat,bd6t5153424,,failed,0,0,,http_manifest,known,403,manifest,"Client error '403 ' for url 'https://openapiproext.bnf.fr/iiif/presentation/v3/ark:/12148/bd6t5153424/manifest.json'
For more information check: https://developer.mozilla.org/en-US/docs/Web/HTTP/Status/403",2026-07-17T10:28:12.044685
combat,bd6t515343g,,failed,0,0,,http_manifest,known,403,manifest,"Client error '403 ' for url 'https://openapiproext.bnf.fr/iiif/presentation/v3/ark:/12148/bd6t515343g/manifest.json'
For more information check: https://developer.mozilla.org/en-US/docs/Web/HTTP/Status/403",2026-07-17T10:28:13.152997
combat,bd6t515344t,,failed,0,0,,http_manifest,known,403,manifest,"Client error '403 ' for url 'https://openapiproext.bnf.fr/iiif/presentation/v3/ark:/12148/bd6t515344t/manifest.json'
For more information check: https://developer.mozilla.org/en-US/docs/Web/HTTP/Status/403",2026-07-17T10:28:14.231944
combat,bd6t5153455,,failed,0,0,,http_manifest,known,403,manifest,"Client error '403 ' for url 'https://openapiproext.bnf.fr/iiif/presentation/v3/ark:/12148/bd6t5153455/manifest.json'
For more information check: https://developer.mozilla.org/en-US/docs/Web/HTTP/Status/403",2026-07-17T10:28:15.521207
combat,bd6t515346h,,failed,0,0,,http_manifest,known,403,manifest,"Client error '403 ' for url 'https://openapiproext.bnf.fr/iiif/presentation/v3/ark:/12148/bd6t515346h/manifest.json'
For more information check: https://developer.mozilla.org/en-US/docs/Web/HTTP/Status/403",2026-07-17T10:28:16.789301
combat,bd6t515347v,,failed,0,0,,http_manifest,known,403,manifest,"Client error '403 ' for url 'https://openapiproext.bnf.fr/iiif/presentation/v3/ark:/12148/bd6t515347v/manifest.json'
For more information check: https://developer.mozilla.org/en-US/docs/Web/HTTP/Status/403",2026-07-17T10:28:17.996559
combat,bd6t5153486,,failed,0,0,,http_manifest,known,403,manifest,"Client error '403 ' for url 'https://openapiproext.bnf.fr/iiif/presentation/v3/ark:/12148/bd6t5153486/manifest.json'
For more information check: https://developer.mozilla.org/en-US/docs/Web/HTTP/Status/403",2026-07-17T10:28:19.232004
combat,bd6t515349j,,failed,0,0,,http_manifest,known,403,manifest,"Client error '403 ' for url 'https://openapiproext.bnf.fr/iiif/presentation/v3/ark:/12148/bd6t515349j/manifest.json'
For more information check: https://developer.mozilla.org/en-US/docs/Web/HTTP/Status/403",2026-07-17T10:28:20.227318
combat,bd6t515350r,,failed,0,0,,http_manifest,known,403,manifest,"Client error '403 ' for url 'https://openapiproext.bnf.fr/iiif/presentation/v3/ark:/12148/bd6t515350r/manifest.json'
For more information check: https://developer.mozilla.org/en-US/docs/Web/HTTP/Status/403",2026-07-17T10:28:21.425779
combat,bd6t5153513,,failed,0,0,,http_manifest,known,403,manifest,"Client error '403 ' for url 'https://openapiproext.bnf.fr/iiif/presentation/v3/ark:/12148/bd6t5153513/manifest.json'
For more information check: https://developer.mozilla.org/en-US/docs/Web/HTTP/Status/403",2026-07-17T10:28:22.628965
combat,bd6t515352f,,failed,0,0,,http_manifest,known,403,manifest,"Client error '403 ' for url 'https://openapiproext.bnf.fr/iiif/presentation/v3/ark:/12148/bd6t515352f/manifest.json'
For more information check: https://developer.mozilla.org/en-US/docs/Web/HTTP/Status/403",2026-07-17T10:28:23.855138
combat,bd6t515353s,,failed,0,0,,http_manifest,known,403,manifest,"Client error '403 ' for url 'https://openapiproext.bnf.fr/iiif/presentation/v3/ark:/12148/bd6t515353s/manifest.json'
For more information check: https://developer.mozilla.org/en-US/docs/Web/HTTP/Status/403",2026-07-17T10:28:25.030614
combat,bd6t5153544,,failed,0,0,,http_manifest,known,403,manifest,"Client error '403 ' for url 'https://openapiproext.bnf.fr/iiif/presentation/v3/ark:/12148/bd6t5153544/manifest.json'
For more information check: https://developer.mozilla.org/en-US/docs/Web/HTTP/Status/403",2026-07-17T10:28:26.232017
combat,bd6t515355g,,failed,0,0,,http_manifest,known,403,manifest,"Client error '403 ' for url 'https://openapiproext.bnf.fr/iiif/presentation/v3/ark:/12148/bd6t515355g/manifest.json'
For more information check: https://developer.mozilla.org/en-US/docs/Web/HTTP/Status/403",2026-07-17T10:28:27.432884
combat,bd6t515356t,,failed,0,0,,http_manifest,known,403,manifest,"Client error '403 ' for url 'https://openapiproext.bnf.fr/iiif/presentation/v3/ark:/12148/bd6t515356t/manifest.json'
For more information check: https://developer.mozilla.org/en-US/docs/Web/HTTP/Status/403",2026-07-17T10:28:28.650046
combat,bd6t5153575,,failed,0,0,,http_manifest,known,403,manifest,"Client error '403 ' for url 'https://openapiproext.bnf.fr/iiif/presentation/v3/ark:/12148/bd6t5153575/manifest.json'
For more information check: https://developer.mozilla.org/en-US/docs/Web/HTTP/Status/403",2026-07-17T10:28:29.838270
combat,bd6t515358h,,failed,0,0,,http_manifest,known,403,manifest,"Client error '403 ' for url 'https://openapiproext.bnf.fr/iiif/presentation/v3/ark:/12148/bd6t515358h/manifest.json'
For more information check: https://developer.mozilla.org/en-US/docs/Web/HTTP/Status/403",2026-07-17T10:28:31.038828
combat,bd6t515359v,,failed,0,0,,http_manifest,known,403,manifest,"Client error '403 ' for url 'https://openapiproext.bnf.fr/iiif/presentation/v3/ark:/12148/bd6t515359v/manifest.json'
For more information check: https://developer.mozilla.org/en-US/docs/Web/HTTP/Status/403",2026-07-17T10:28:32.237776
combat,bd6t5153602,,failed,0,0,,http_manifest,known,403,manifest,"Client error '403 ' for url 'https://openapiproext.bnf.fr/iiif/presentation/v3/ark:/12148/bd6t5153602/manifest.json'
For more information check: https://developer.mozilla.org/en-US/docs/Web/HTTP/Status/403",2026-07-17T10:28:33.439556
combat,bd6t515361d,,failed,0,0,,http_manifest,known,403,manifest,"Client error '403 ' for url 'https://openapiproext.bnf.fr/iiif/presentation/v3/ark:/12148/bd6t515361d/manifest.json'
For more information check: https://developer.mozilla.org/en-US/docs/Web/HTTP/Status/403",2026-07-17T10:28:34.642198
combat,bd6t515362r,,failed,0,0,,http_manifest,known,403,manifest,"Client error '403 ' for url 'https://openapiproext.bnf.fr/iiif/presentation/v3/ark:/12148/bd6t515362r/manifest.json'
For more information check: https://developer.mozilla.org/en-US/docs/Web/HTTP/Status/403",2026-07-17T10:28:35.866726
combat,bd6t5153633,,failed,0,0,,http_manifest,known,403,manifest,"Client error '403 ' for url 'https://openapiproext.bnf.fr/iiif/presentation/v3/ark:/12148/bd6t5153633/manifest.json'
For more information check: https://developer.mozilla.org/en-US/docs/Web/HTTP/Status/403",2026-07-17T10:28:37.045016
combat,bd6t515364f,,failed,0,0,,http_manifest,known,403,manifest,"Client error '403 ' for url 'https://openapiproext.bnf.fr/iiif/presentation/v3/ark:/12148/bd6t515364f/manifest.json'
For more information check: https://developer.mozilla.org/en-US/docs/Web/HTTP/Status/403",2026-07-17T10:28:38.249309
combat,bd6t515365s,,failed,0,0,,http_manifest,known,403,manifest,"Client error '403 ' for url 'https://openapiproext.bnf.fr/iiif/presentation/v3/ark:/12148/bd6t515365s/manifest.json'
For more information check: https://developer.mozilla.org/en-US/docs/Web/HTTP/Status/403",2026-07-17T10:28:39.448538
combat,bd6t5153664,,failed,0,0,,http_manifest,known,403,manifest,"Client error '403 ' for url 'https://openapiproext.bnf.fr/iiif/presentation/v3/ark:/12148/bd6t5153664/manifest.json'
For more information check: https://developer.mozilla.org/en-US/docs/Web/HTTP/Status/403",2026-07-17T10:28:40.648055
combat,bd6t515367g,,failed,0,0,,http_manifest,known,403,manifest,"Client error '403 ' for url 'https://openapiproext.bnf.fr/iiif/presentation/v3/ark:/12148/bd6t515367g/manifest.json'
For more information check: https://developer.mozilla.org/en-US/docs/Web/HTTP/Status/403",2026-07-17T10:28:41.866821
combat,bd6t515368t,,failed,0,0,,http_manifest,known,403,manifest,"Client error '403 ' for url 'https://openapiproext.bnf.fr/iiif/presentation/v3/ark:/12148/bd6t515368t/manifest.json'
For more information check: https://developer.mozilla.org/en-US/docs/Web/HTTP/Status/403",2026-07-17T10:28:43.051639
combat,bd6t5153695,,failed,0,0,,http_manifest,known,403,manifest,"Client error '403 ' for url 'https://openapiproext.bnf.fr/iiif/presentation/v3/ark:/12148/bd6t5153695/manifest.json'
For more information check: https://developer.mozilla.org/en-US/docs/Web/HTTP/Status/403",2026-07-17T10:28:44.254946
combat,bd6t515370c,,failed,0,0,,http_manifest,known,403,manifest,"Client error '403 ' for url 'https://openapiproext.bnf.fr/iiif/presentation/v3/ark:/12148/bd6t515370c/manifest.json'
For more information check: https://developer.mozilla.org/en-US/docs/Web/HTTP/Status/403",2026-07-17T10:28:45.453623
combat,bd6t515371q,,failed,0,0,,http_manifest,known,403,manifest,"Client error '403 ' for url 'https://openapiproext.bnf.fr/iiif/presentation/v3/ark:/12148/bd6t515371q/manifest.json'
For more information check: https://developer.mozilla.org/en-US/docs/Web/HTTP/Status/403",2026-07-17T10:28:46.658296
combat,bd6t5153722,,failed,0,0,,http_manifest,known,403,manifest,"Client error '403 ' for url 'https://openapiproext.bnf.fr/iiif/presentation/v3/ark:/12148/bd6t5153722/manifest.json'
For more information check: https://developer.mozilla.org/en-US/docs/Web/HTTP/Status/403",2026-07-17T10:28:47.861298
combat,bd6t515373d,,failed,0,0,,http_manifest,known,403,manifest,"Client error '403 ' for url 'https://openapiproext.bnf.fr/iiif/presentation/v3/ark:/12148/bd6t515373d/manifest.json'
For more information check: https://developer.mozilla.org/en-US/docs/Web/HTTP/Status/403",2026-07-17T10:28:49.064198
combat,bd6t515374r,,failed,0,0,,http_manifest,known,403,manifest,"Client error '403 ' for url 'https://openapiproext.bnf.fr/iiif/presentation/v3/ark:/12148/bd6t515374r/manifest.json'
For more information check: https://developer.mozilla.org/en-US/docs/Web/HTTP/Status/403",2026-07-17T10:28:50.269744
combat,bd6t5153753,,failed,0,0,,http_manifest,known,403,manifest,"Client error '403 ' for url 'https://openapiproext.bnf.fr/iiif/presentation/v3/ark:/12148/bd6t5153753/manifest.json'
For more information check: https://developer.mozilla.org/en-US/docs/Web/HTTP/Status/403",2026-07-17T10:28:51.464185
combat,bd6t515376f,,failed,0,0,,http_manifest,known,403,manifest,"Client error '403 ' for url 'https://openapiproext.bnf.fr/iiif/presentation/v3/ark:/12148/bd6t515376f/manifest.json'
For more information check: https://developer.mozilla.org/en-US/docs/Web/HTTP/Status/403",2026-07-17T10:28:52.667002
combat,bd6t515377s,,failed,0,0,,http_manifest,known,403,manifest,"Client error '403 ' for url 'https://openapiproext.bnf.fr/iiif/presentation/v3/ark:/12148/bd6t515377s/manifest.json'
For more information check: https://developer.mozilla.org/en-US/docs/Web/HTTP/Status/403",2026-07-17T10:28:53.892758
combat,bd6t5153784,,failed,0,0,,http_manifest,known,403,manifest,"Client error '403 ' for url 'https://openapiproext.bnf.fr/iiif/presentation/v3/ark:/12148/bd6t5153784/manifest.json'
For more information check: https://developer.mozilla.org/en-US/docs/Web/HTTP/Status/403",2026-07-17T10:28:55.069341
combat,bd6t515379g,,failed,0,0,,http_manifest,known,403,manifest,"Client error '403 ' for url 'https://openapiproext.bnf.fr/iiif/presentation/v3/ark:/12148/bd6t515379g/manifest.json'
For more information check: https://developer.mozilla.org/en-US/docs/Web/HTTP/Status/403",2026-07-17T10:28:56.272932
combat,bd6t515380p,,failed,0,0,,http_manifest,known,403,manifest,"Client error '403 ' for url 'https://openapiproext.bnf.fr/iiif/presentation/v3/ark:/12148/bd6t515380p/manifest.json'
For more information check: https://developer.mozilla.org/en-US/docs/Web/HTTP/Status/403",2026-07-17T10:28:57.691702
combat,bd6t5153811,,failed,0,0,,http_manifest,known,403,manifest,"Client error '403 ' for url 'https://openapiproext.bnf.fr/iiif/presentation/v3/ark:/12148/bd6t5153811/manifest.json'
For more information check: https://developer.mozilla.org/en-US/docs/Web/HTTP/Status/403",2026-07-17T10:28:58.675626
combat,bd6t515382c,,failed,0,0,,http_manifest,known,403,manifest,"Client error '403 ' for url 'https://openapiproext.bnf.fr/iiif/presentation/v3/ark:/12148/bd6t515382c/manifest.json'
For more information check: https://developer.mozilla.org/en-US/docs/Web/HTTP/Status/403",2026-07-17T10:28:59.955317
combat,bd6t515383q,,failed,0,0,,http_manifest,known,403,manifest,"Client error '403 ' for url 'https://openapiproext.bnf.fr/iiif/presentation/v3/ark:/12148/bd6t515383q/manifest.json'
For more information check: https://developer.mozilla.org/en-US/docs/Web/HTTP/Status/403",2026-07-17T10:29:01.203364
combat,bd6t5153842,,failed,0,0,,http_manifest,known,403,manifest,"Client error '403 ' for url 'https://openapiproext.bnf.fr/iiif/presentation/v3/ark:/12148/bd6t5153842/manifest.json'
For more information check: https://developer.mozilla.org/en-US/docs/Web/HTTP/Status/403",2026-07-17T10:29:02.283436
combat,bd6t515385d,,failed,0,0,,http_manifest,known,403,manifest,"Client error '403 ' for url 'https://openapiproext.bnf.fr/iiif/presentation/v3/ark:/12148/bd6t515385d/manifest.json'
For more information check: https://developer.mozilla.org/en-US/docs/Web/HTTP/Status/403",2026-07-17T10:29:03.684554
combat,bd6t515386r,,failed,0,0,,http_manifest,known,403,manifest,"Client error '403 ' for url 'https://openapiproext.bnf.fr/iiif/presentation/v3/ark:/12148/bd6t515386r/manifest.json'
For more information check: https://developer.mozilla.org/en-US/docs/Web/HTTP/Status/403",2026-07-17T10:29:04.850615
combat,bd6t5153873,,failed,0,0,,http_manifest,known,403,manifest,"Client error '403 ' for url 'https://openapiproext.bnf.fr/iiif/presentation/v3/ark:/12148/bd6t5153873/manifest.json'
For more information check: https://developer.mozilla.org/en-US/docs/Web/HTTP/Status/403",2026-07-17T10:29:05.975711
combat,bd6t515388f,,failed,0,0,,http_manifest,known,403,manifest,"Client error '403 ' for url 'https://openapiproext.bnf.fr/iiif/presentation/v3/ark:/12148/bd6t515388f/manifest.json'
For more information check: https://developer.mozilla.org/en-US/docs/Web/HTTP/Status/403",2026-07-17T10:29:07.088253
combat,bd6t515389s,,failed,0,0,,http_manifest,known,403,manifest,"Client error '403 ' for url 'https://openapiproext.bnf.fr/iiif/presentation/v3/ark:/12148/bd6t515389s/manifest.json'
For more information check: https://developer.mozilla.org/en-US/docs/Web/HTTP/Status/403",2026-07-17T10:29:08.291640
combat,bd6t5153900,,failed,0,0,,http_manifest,known,403,manifest,"Client error '403 ' for url 'https://openapiproext.bnf.fr/iiif/presentation/v3/ark:/12148/bd6t5153900/manifest.json'
For more information check: https://developer.mozilla.org/en-US/docs/Web/HTTP/Status/403",2026-07-17T10:29:09.492651
combat,bd6t515391b,,failed,0,0,,http_manifest,known,403,manifest,"Client error '403 ' for url 'https://openapiproext.bnf.fr/iiif/presentation/v3/ark:/12148/bd6t515391b/manifest.json'
For more information check: https://developer.mozilla.org/en-US/docs/Web/HTTP/Status/403",2026-07-17T10:29:10.701383
combat,bd6t515392p,,failed,0,0,,http_manifest,known,403,manifest,"Client error '403 ' for url 'https://openapiproext.bnf.fr/iiif/presentation/v3/ark:/12148/bd6t515392p/manifest.json'
For more information check: https://developer.mozilla.org/en-US/docs/Web/HTTP/Status/403",2026-07-17T10:29:12.024408
combat,bd6t5153931,,failed,0,0,,http_manifest,known,403,manifest,"Client error '403 ' for url 'https://openapiproext.bnf.fr/iiif/presentation/v3/ark:/12148/bd6t5153931/manifest.json'
For more information check: https://developer.mozilla.org/en-US/docs/Web/HTTP/Status/403",2026-07-17T10:29:13.093648
combat,bd6t515239z,,failed,0,0,,http_manifest,known,403,manifest,"Client error '403 ' for url 'https://openapiproext.bnf.fr/iiif/presentation/v3/ark:/12148/bd6t515239z/manifest.json'
For more information check: https://developer.mozilla.org/en-US/docs/Web/HTTP/Status/403",2026-07-17T10:29:14.324407
combat,bd6t5152405,,failed,0,0,,http_manifest,known,403,manifest,"Client error '403 ' for url 'https://openapiproext.bnf.fr/iiif/presentation/v3/ark:/12148/bd6t5152405/manifest.json'
For more information check: https://developer.mozilla.org/en-US/docs/Web/HTTP/Status/403",2026-07-17T10:29:15.496412
combat,bd6t515241h,,failed,0,0,,http_manifest,known,403,manifest,"Client error '403 ' for url 'https://openapiproext.bnf.fr/iiif/presentation/v3/ark:/12148/bd6t515241h/manifest.json'
For more information check: https://developer.mozilla.org/en-US/docs/Web/HTTP/Status/403",2026-07-17T10:29:16.779639
combat,bd6t515242v,,failed,0,0,,http_manifest,known,403,manifest,"Client error '403 ' for url 'https://openapiproext.bnf.fr/iiif/presentation/v3/ark:/12148/bd6t515242v/manifest.json'
For more information check: https://developer.mozilla.org/en-US/docs/Web/HTTP/Status/403",2026-07-17T10:29:18.082689
combat,bd6t5152436,,failed,0,0,,http_manifest,known,403,manifest,"Client error '403 ' for url 'https://openapiproext.bnf.fr/iiif/presentation/v3/ark:/12148/bd6t5152436/manifest.json'
For more information check: https://developer.mozilla.org/en-US/docs/Web/HTTP/Status/403",2026-07-17T10:29:19.101646
combat,bd6t515244j,,failed,0,0,,http_manifest,known,403,manifest,"Client error '403 ' for url 'https://openapiproext.bnf.fr/iiif/presentation/v3/ark:/12148/bd6t515244j/manifest.json'
For more information check: https://developer.mozilla.org/en-US/docs/Web/HTTP/Status/403",2026-07-17T10:29:20.298738
combat,bd6t515245w,,failed,0,0,,http_manifest,known,403,manifest,"Client error '403 ' for url 'https://openapiproext.bnf.fr/iiif/presentation/v3/ark:/12148/bd6t515245w/manifest.json'
For more information check: https://developer.mozilla.org/en-US/docs/Web/HTTP/Status/403",2026-07-17T10:29:21.505539
combat,bd6t5152467,,failed,0,0,,http_manifest,known,403,manifest,"Client error '403 ' for url 'https://openapiproext.bnf.fr/iiif/presentation/v3/ark:/12148/bd6t5152467/manifest.json'
For more information check: https://developer.mozilla.org/en-US/docs/Web/HTTP/Status/403",2026-07-17T10:29:22.707333
combat,bd6t515247k,,failed,0,0,,http_manifest,known,403,manifest,"Client error '403 ' for url 'https://openapiproext.bnf.fr/iiif/presentation/v3/ark:/12148/bd6t515247k/manifest.json'
For more information check: https://developer.mozilla.org/en-US/docs/Web/HTTP/Status/403",2026-07-17T10:29:23.955470
combat,bd6t515248x,,failed,0,0,,http_manifest,known,403,manifest,"Client error '403 ' for url 'https://openapiproext.bnf.fr/iiif/presentation/v3/ark:/12148/bd6t515248x/manifest.json'
For more information check: https://developer.mozilla.org/en-US/docs/Web/HTTP/Status/403",2026-07-17T10:29:25.108979
combat,bd6t5152498,,failed,0,0,,http_manifest,known,403,manifest,"Client error '403 ' for url 'https://openapiproext.bnf.fr/iiif/presentation/v3/ark:/12148/bd6t5152498/manifest.json'
For more information check: https://developer.mozilla.org/en-US/docs/Web/HTTP/Status/403",2026-07-17T10:29:26.309148
combat,bd6t515250g,,failed,0,0,,http_manifest,known,403,manifest,"Client error '403 ' for url 'https://openapiproext.bnf.fr/iiif/presentation/v3/ark:/12148/bd6t515250g/manifest.json'
For more information check: https://developer.mozilla.org/en-US/docs/Web/HTTP/Status/403",2026-07-17T10:29:27.510650
combat,bd6t515251t,,failed,0,0,,http_manifest,known,403,manifest,"Client error '403 ' for url 'https://openapiproext.bnf.fr/iiif/presentation/v3/ark:/12148/bd6t515251t/manifest.json'
For more information check: https://developer.mozilla.org/en-US/docs/Web/HTTP/Status/403",2026-07-17T10:29:28.711852
combat,bd6t5152525,,failed,0,0,,http_manifest,known,403,manifest,"Client error '403 ' for url 'https://openapiproext.bnf.fr/iiif/presentation/v3/ark:/12148/bd6t5152525/manifest.json'
For more information check: https://developer.mozilla.org/en-US/docs/Web/HTTP/Status/403",2026-07-17T10:29:29.915012
combat,bd6t515253h,,failed,0,0,,http_manifest,known,403,manifest,"Client error '403 ' for url 'https://openapiproext.bnf.fr/iiif/presentation/v3/ark:/12148/bd6t515253h/manifest.json'
For more information check: https://developer.mozilla.org/en-US/docs/Web/HTTP/Status/403",2026-07-17T10:29:31.117269
combat,bd6t515254v,,failed,0,0,,http_manifest,known,403,manifest,"Client error '403 ' for url 'https://openapiproext.bnf.fr/iiif/presentation/v3/ark:/12148/bd6t515254v/manifest.json'
For more information check: https://developer.mozilla.org/en-US/docs/Web/HTTP/Status/403",2026-07-17T10:29:32.317460
combat,bd6t5152556,,failed,0,0,,http_manifest,known,403,manifest,"Client error '403 ' for url 'https://openapiproext.bnf.fr/iiif/presentation/v3/ark:/12148/bd6t5152556/manifest.json'
For more information check: https://developer.mozilla.org/en-US/docs/Web/HTTP/Status/403",2026-07-17T10:29:33.523622
combat,bd6t515256j,,failed,0,0,,http_manifest,known,403,manifest,"Client error '403 ' for url 'https://openapiproext.bnf.fr/iiif/presentation/v3/ark:/12148/bd6t515256j/manifest.json'
For more information check: https://developer.mozilla.org/en-US/docs/Web/HTTP/Status/403",2026-07-17T10:29:34.721096
combat,bd6t515257w,,failed,0,0,,http_manifest,known,403,manifest,"Client error '403 ' for url 'https://openapiproext.bnf.fr/iiif/presentation/v3/ark:/12148/bd6t515257w/manifest.json'
For more information check: https://developer.mozilla.org/en-US/docs/Web/HTTP/Status/403",2026-07-17T10:29:35.927659
combat,bd6t5152587,,failed,0,0,,http_manifest,known,403,manifest,"Client error '403 ' for url 'https://openapiproext.bnf.fr/iiif/presentation/v3/ark:/12148/bd6t5152587/manifest.json'
For more information check: https://developer.mozilla.org/en-US/docs/Web/HTTP/Status/403",2026-07-17T10:29:37.128642
combat,bd6t515259k,,failed,0,0,,http_manifest,known,403,manifest,"Client error '403 ' for url 'https://openapiproext.bnf.fr/iiif/presentation/v3/ark:/12148/bd6t515259k/manifest.json'
For more information check: https://developer.mozilla.org/en-US/docs/Web/HTTP/Status/403",2026-07-17T10:29:38.331585
combat,bd6t515260s,,failed,0,0,,http_manifest,known,403,manifest,"Client error '403 ' for url 'https://openapiproext.bnf.fr/iiif/presentation/v3/ark:/12148/bd6t515260s/manifest.json'
For more information check: https://developer.mozilla.org/en-US/docs/Web/HTTP/Status/403",2026-07-17T10:29:39.533087
combat,bd6t5152614,,failed,0,0,,http_manifest,known,403,manifest,"Client error '403 ' for url 'https://openapiproext.bnf.fr/iiif/presentation/v3/ark:/12148/bd6t5152614/manifest.json'
For more information check: https://developer.mozilla.org/en-US/docs/Web/HTTP/Status/403",2026-07-17T10:29:40.730403
combat,bd6t515262g,,failed,0,0,,http_manifest,known,403,manifest,"Client error '403 ' for url 'https://openapiproext.bnf.fr/iiif/presentation/v3/ark:/12148/bd6t515262g/manifest.json'
For more information check: https://developer.mozilla.org/en-US/docs/Web/HTTP/Status/403",2026-07-17T10:29:41.962420
combat,bd6t515263t,,failed,0,0,,http_manifest,known,403,manifest,"Client error '403 ' for url 'https://openapiproext.bnf.fr/iiif/presentation/v3/ark:/12148/bd6t515263t/manifest.json'
For more information check: https://developer.mozilla.org/en-US/docs/Web/HTTP/Status/403",2026-07-17T10:29:43.134745
combat,bd6t5152645,,failed,0,0,,http_manifest,known,403,manifest,"Client error '403 ' for url 'https://openapiproext.bnf.fr/iiif/presentation/v3/ark:/12148/bd6t5152645/manifest.json'
For more information check: https://developer.mozilla.org/en-US/docs/Web/HTTP/Status/403",2026-07-17T10:29:44.337742
combat,bd6t515265h,,failed,0,0,,http_manifest,known,403,manifest,"Client error '403 ' for url 'https://openapiproext.bnf.fr/iiif/presentation/v3/ark:/12148/bd6t515265h/manifest.json'
For more information check: https://developer.mozilla.org/en-US/docs/Web/HTTP/Status/403",2026-07-17T10:29:45.537571
combat,bd6t515266v,,failed,0,0,,http_manifest,known,403,manifest,"Client error '403 ' for url 'https://openapiproext.bnf.fr/iiif/presentation/v3/ark:/12148/bd6t515266v/manifest.json'
For more information check: https://developer.mozilla.org/en-US/docs/Web/HTTP/Status/403",2026-07-17T10:29:46.740188
combat,bd6t5152676,,failed,0,0,,http_manifest,known,403,manifest,"Client error '403 ' for url 'https://openapiproext.bnf.fr/iiif/presentation/v3/ark:/12148/bd6t5152676/manifest.json'
For more information check: https://developer.mozilla.org/en-US/docs/Web/HTTP/Status/403",2026-07-17T10:29:47.944043
combat,bd6t515268j,,failed,0,0,,http_manifest,known,403,manifest,"Client error '403 ' for url 'https://openapiproext.bnf.fr/iiif/presentation/v3/ark:/12148/bd6t515268j/manifest.json'
For more information check: https://developer.mozilla.org/en-US/docs/Web/HTTP/Status/403",2026-07-17T10:29:49.144752
combat,bd6t515269w,,failed,0,0,,http_manifest,known,403,manifest,"Client error '403 ' for url 'https://openapiproext.bnf.fr/iiif/presentation/v3/ark:/12148/bd6t515269w/manifest.json'
For more information check: https://developer.mozilla.org/en-US/docs/Web/HTTP/Status/403",2026-07-17T10:29:50.345525
combat,bd6t5152703,,failed,0,0,,http_manifest,known,403,manifest,"Client error '403 ' for url 'https://openapiproext.bnf.fr/iiif/presentation/v3/ark:/12148/bd6t5152703/manifest.json'
For more information check: https://developer.mozilla.org/en-US/docs/Web/HTTP/Status/403",2026-07-17T10:29:51.548095
combat,bd6t515271f,,failed,0,0,,http_manifest,known,403,manifest,"Client error '403 ' for url 'https://openapiproext.bnf.fr/iiif/presentation/v3/ark:/12148/bd6t515271f/manifest.json'
For more information check: https://developer.mozilla.org/en-US/docs/Web/HTTP/Status/403",2026-07-17T10:29:52.762148
combat,bd6t515272s,,failed,0,0,,http_manifest,known,403,manifest,"Client error '403 ' for url 'https://openapiproext.bnf.fr/iiif/presentation/v3/ark:/12148/bd6t515272s/manifest.json'
For more information check: https://developer.mozilla.org/en-US/docs/Web/HTTP/Status/403",2026-07-17T10:29:53.976772
combat,bd6t5152734,,failed,0,0,,http_manifest,known,403,manifest,"Client error '403 ' for url 'https://openapiproext.bnf.fr/iiif/presentation/v3/ark:/12148/bd6t5152734/manifest.json'
For more information check: https://developer.mozilla.org/en-US/docs/Web/HTTP/Status/403",2026-07-17T10:29:55.159425
combat,bd6t515274g,,failed,0,0,,http_manifest,known,403,manifest,"Client error '403 ' for url 'https://openapiproext.bnf.fr/iiif/presentation/v3/ark:/12148/bd6t515274g/manifest.json'
For more information check: https://developer.mozilla.org/en-US/docs/Web/HTTP/Status/403",2026-07-17T10:29:56.353568
combat,bd6t515275t,,failed,0,0,,http_manifest,known,403,manifest,"Client error '403 ' for url 'https://openapiproext.bnf.fr/iiif/presentation/v3/ark:/12148/bd6t515275t/manifest.json'
For more information check: https://developer.mozilla.org/en-US/docs/Web/HTTP/Status/403",2026-07-17T10:29:57.773142
combat,bd6t5152765,,failed,0,0,,http_manifest,known,403,manifest,"Client error '403 ' for url 'https://openapiproext.bnf.fr/iiif/presentation/v3/ark:/12148/bd6t5152765/manifest.json'
For more information check: https://developer.mozilla.org/en-US/docs/Web/HTTP/Status/403",2026-07-17T10:29:58.757235
combat,bd6t515277h,,failed,0,0,,http_manifest,known,403,manifest,"Client error '403 ' for url 'https://openapiproext.bnf.fr/iiif/presentation/v3/ark:/12148/bd6t515277h/manifest.json'
For more information check: https://developer.mozilla.org/en-US/docs/Web/HTTP/Status/403",2026-07-17T10:29:59.961461
combat,bd6t515278v,,failed,0,0,,http_manifest,known,403,manifest,"Client error '403 ' for url 'https://openapiproext.bnf.fr/iiif/presentation/v3/ark:/12148/bd6t515278v/manifest.json'
For more information check: https://developer.mozilla.org/en-US/docs/Web/HTTP/Status/403",2026-07-17T10:30:01.307321
combat,bd6t5152796,,failed,0,0,,http_manifest,known,403,manifest,"Client error '403 ' for url 'https://openapiproext.bnf.fr/iiif/presentation/v3/ark:/12148/bd6t5152796/manifest.json'
For more information check: https://developer.mozilla.org/en-US/docs/Web/HTTP/Status/403",2026-07-17T10:30:02.363428
combat,bd6t515280d,,failed,0,0,,http_manifest,known,403,manifest,"Client error '403 ' for url 'https://openapiproext.bnf.fr/iiif/presentation/v3/ark:/12148/bd6t515280d/manifest.json'
For more information check: https://developer.mozilla.org/en-US/docs/Web/HTTP/Status/403",2026-07-17T10:30:03.791762
combat,bd6t515281r,,failed,0,0,,http_manifest,known,403,manifest,"Client error '403 ' for url 'https://openapiproext.bnf.fr/iiif/presentation/v3/ark:/12148/bd6t515281r/manifest.json'
For more information check: https://developer.mozilla.org/en-US/docs/Web/HTTP/Status/403",2026-07-17T10:30:04.765485
combat,bd6t5152823,,failed,0,0,,http_manifest,known,403,manifest,"Client error '403 ' for url 'https://openapiproext.bnf.fr/iiif/presentation/v3/ark:/12148/bd6t5152823/manifest.json'
For more information check: https://developer.mozilla.org/en-US/docs/Web/HTTP/Status/403",2026-07-17T10:30:06.041117
combat,bd6t515283f,,failed,0,0,,http_manifest,known,403,manifest,"Client error '403 ' for url 'https://openapiproext.bnf.fr/iiif/presentation/v3/ark:/12148/bd6t515283f/manifest.json'
For more information check: https://developer.mozilla.org/en-US/docs/Web/HTTP/Status/403",2026-07-17T10:30:07.167568
combat,bd6t515284s,,failed,0,0,,http_manifest,known,403,manifest,"Client error '403 ' for url 'https://openapiproext.bnf.fr/iiif/presentation/v3/ark:/12148/bd6t515284s/manifest.json'
For more information check: https://developer.mozilla.org/en-US/docs/Web/HTTP/Status/403",2026-07-17T10:30:08.367740
combat,bd6t5152854,,failed,0,0,,http_manifest,known,403,manifest,"Client error '403 ' for url 'https://openapiproext.bnf.fr/iiif/presentation/v3/ark:/12148/bd6t5152854/manifest.json'
For more information check: https://developer.mozilla.org/en-US/docs/Web/HTTP/Status/403",2026-07-17T10:30:09.760747
combat,bd6t515286g,,failed,0,0,,http_manifest,known,403,manifest,"Client error '403 ' for url 'https://openapiproext.bnf.fr/iiif/presentation/v3/ark:/12148/bd6t515286g/manifest.json'
For more information check: https://developer.mozilla.org/en-US/docs/Web/HTTP/Status/403",2026-07-17T10:30:10.915435
combat,bd6t515287t,,failed,0,0,,http_manifest,known,403,manifest,"Client error '403 ' for url 'https://openapiproext.bnf.fr/iiif/presentation/v3/ark:/12148/bd6t515287t/manifest.json'
For more information check: https://developer.mozilla.org/en-US/docs/Web/HTTP/Status/403",2026-07-17T10:30:12.142817
combat,bd6t5152885,,failed,0,0,,http_manifest,known,403,manifest,"Client error '403 ' for url 'https://openapiproext.bnf.fr/iiif/presentation/v3/ark:/12148/bd6t5152885/manifest.json'
For more information check: https://developer.mozilla.org/en-US/docs/Web/HTTP/Status/403",2026-07-17T10:30:13.175195
combat,bd6t515289h,,failed,0,0,,http_manifest,known,403,manifest,"Client error '403 ' for url 'https://openapiproext.bnf.fr/iiif/presentation/v3/ark:/12148/bd6t515289h/manifest.json'
For more information check: https://developer.mozilla.org/en-US/docs/Web/HTTP/Status/403",2026-07-17T10:30:14.553629
combat,bd6t515290q,,failed,0,0,,http_manifest,known,403,manifest,"Client error '403 ' for url 'https://openapiproext.bnf.fr/iiif/presentation/v3/ark:/12148/bd6t515290q/manifest.json'
For more information check: https://developer.mozilla.org/en-US/docs/Web/HTTP/Status/403",2026-07-17T10:30:15.770118
combat,bd6t5152912,,failed,0,0,,http_manifest,known,403,manifest,"Client error '403 ' for url 'https://openapiproext.bnf.fr/iiif/presentation/v3/ark:/12148/bd6t5152912/manifest.json'
For more information check: https://developer.mozilla.org/en-US/docs/Web/HTTP/Status/403",2026-07-17T10:30:16.796745
combat,bd6t515292d,,failed,0,0,,http_manifest,known,403,manifest,"Client error '403 ' for url 'https://openapiproext.bnf.fr/iiif/presentation/v3/ark:/12148/bd6t515292d/manifest.json'
For more information check: https://developer.mozilla.org/en-US/docs/Web/HTTP/Status/403",2026-07-17T10:30:18.006092
combat,bd6t515293r,,failed,0,0,,http_manifest,known,403,manifest,"Client error '403 ' for url 'https://openapiproext.bnf.fr/iiif/presentation/v3/ark:/12148/bd6t515293r/manifest.json'
For more information check: https://developer.mozilla.org/en-US/docs/Web/HTTP/Status/403",2026-07-17T10:30:19.283976
combat,bd6t5152943,,failed,0,0,,http_manifest,known,403,manifest,"Client error '403 ' for url 'https://openapiproext.bnf.fr/iiif/presentation/v3/ark:/12148/bd6t5152943/manifest.json'
For more information check: https://developer.mozilla.org/en-US/docs/Web/HTTP/Status/403",2026-07-17T10:30:20.388854
combat,bd6t515295f,,failed,0,0,,http_manifest,known,403,manifest,"Client error '403 ' for url 'https://openapiproext.bnf.fr/iiif/presentation/v3/ark:/12148/bd6t515295f/manifest.json'
For more information check: https://developer.mozilla.org/en-US/docs/Web/HTTP/Status/403",2026-07-17T10:30:21.587015
combat,bd6t515296s,,failed,0,0,,http_manifest,known,403,manifest,"Client error '403 ' for url 'https://openapiproext.bnf.fr/iiif/presentation/v3/ark:/12148/bd6t515296s/manifest.json'
For more information check: https://developer.mozilla.org/en-US/docs/Web/HTTP/Status/403",2026-07-17T10:30:22.789503
combat,bd6t5152974,,failed,0,0,,http_manifest,known,403,manifest,"Client error '403 ' for url 'https://openapiproext.bnf.fr/iiif/presentation/v3/ark:/12148/bd6t5152974/manifest.json'
For more information check: https://developer.mozilla.org/en-US/docs/Web/HTTP/Status/403",2026-07-17T10:30:23.988762
combat,bd6t515298g,,failed,0,0,,http_manifest,known,403,manifest,"Client error '403 ' for url 'https://openapiproext.bnf.fr/iiif/presentation/v3/ark:/12148/bd6t515298g/manifest.json'
For more information check: https://developer.mozilla.org/en-US/docs/Web/HTTP/Status/403",2026-07-17T10:30:25.191395
combat,bd6t515299t,,failed,0,0,,http_manifest,known,403,manifest,"Client error '403 ' for url 'https://openapiproext.bnf.fr/iiif/presentation/v3/ark:/12148/bd6t515299t/manifest.json'
For more information check: https://developer.mozilla.org/en-US/docs/Web/HTTP/Status/403",2026-07-17T10:30:26.390645
combat,bd6t5153006,,failed,0,0,,http_manifest,known,403,manifest,"Client error '403 ' for url 'https://openapiproext.bnf.fr/iiif/presentation/v3/ark:/12148/bd6t5153006/manifest.json'
For more information check: https://developer.mozilla.org/en-US/docs/Web/HTTP/Status/403",2026-07-17T10:30:27.595366
combat,bd6t515301j,,failed,0,0,,http_manifest,known,403,manifest,"Client error '403 ' for url 'https://openapiproext.bnf.fr/iiif/presentation/v3/ark:/12148/bd6t515301j/manifest.json'
For more information check: https://developer.mozilla.org/en-US/docs/Web/HTTP/Status/403",2026-07-17T10:30:28.797104
combat,bd6t515302w,,failed,0,0,,http_manifest,known,403,manifest,"Client error '403 ' for url 'https://openapiproext.bnf.fr/iiif/presentation/v3/ark:/12148/bd6t515302w/manifest.json'
For more information check: https://developer.mozilla.org/en-US/docs/Web/HTTP/Status/403",2026-07-17T10:30:30.013483
combat,bd6t5153037,,failed,0,0,,http_manifest,known,403,manifest,"Client error '403 ' for url 'https://openapiproext.bnf.fr/iiif/presentation/v3/ark:/12148/bd6t5153037/manifest.json'
For more information check: https://developer.mozilla.org/en-US/docs/Web/HTTP/Status/403",2026-07-17T10:30:31.201770
combat,bd6t515304k,,failed,0,0,,http_manifest,known,403,manifest,"Client error '403 ' for url 'https://openapiproext.bnf.fr/iiif/presentation/v3/ark:/12148/bd6t515304k/manifest.json'
For more information check: https://developer.mozilla.org/en-US/docs/Web/HTTP/Status/403",2026-07-17T10:30:32.401406
combat,bd6t515305x,,failed,0,0,,http_manifest,known,403,manifest,"Client error '403 ' for url 'https://openapiproext.bnf.fr/iiif/presentation/v3/ark:/12148/bd6t515305x/manifest.json'
For more information check: https://developer.mozilla.org/en-US/docs/Web/HTTP/Status/403",2026-07-17T10:30:33.603456
combat,bd6t5153068,,failed,0,0,,http_manifest,known,403,manifest,"Client error '403 ' for url 'https://openapiproext.bnf.fr/iiif/presentation/v3/ark:/12148/bd6t5153068/manifest.json'
For more information check: https://developer.mozilla.org/en-US/docs/Web/HTTP/Status/403",2026-07-17T10:30:34.814222
combat,bd6t515307m,,failed,0,0,,http_manifest,known,403,manifest,"Client error '403 ' for url 'https://openapiproext.bnf.fr/iiif/presentation/v3/ark:/12148/bd6t515307m/manifest.json'
For more information check: https://developer.mozilla.org/en-US/docs/Web/HTTP/Status/403",2026-07-17T10:30:36.019343
combat,bd6t515308z,,failed,0,0,,http_manifest,known,403,manifest,"Client error '403 ' for url 'https://openapiproext.bnf.fr/iiif/presentation/v3/ark:/12148/bd6t515308z/manifest.json'
For more information check: https://developer.mozilla.org/en-US/docs/Web/HTTP/Status/403",2026-07-17T10:30:37.211564
combat,bd6t5153099,,failed,0,0,,http_manifest,known,403,manifest,"Client error '403 ' for url 'https://openapiproext.bnf.fr/iiif/presentation/v3/ark:/12148/bd6t5153099/manifest.json'
For more information check: https://developer.mozilla.org/en-US/docs/Web/HTTP/Status/403",2026-07-17T10:30:38.413004
combat,bd6t515310h,,failed,0,0,,http_manifest,known,403,manifest,"Client error '403 ' for url 'https://openapiproext.bnf.fr/iiif/presentation/v3/ark:/12148/bd6t515310h/manifest.json'
For more information check: https://developer.mozilla.org/en-US/docs/Web/HTTP/Status/403",2026-07-17T10:30:39.614534
combat,bd6t515311v,,failed,0,0,,http_manifest,known,403,manifest,"Client error '403 ' for url 'https://openapiproext.bnf.fr/iiif/presentation/v3/ark:/12148/bd6t515311v/manifest.json'
For more information check: https://developer.mozilla.org/en-US/docs/Web/HTTP/Status/403",2026-07-17T10:30:40.814945
combat,bd6t5153126,,failed,0,0,,http_manifest,known,403,manifest,"Client error '403 ' for url 'https://openapiproext.bnf.fr/iiif/presentation/v3/ark:/12148/bd6t5153126/manifest.json'
For more information check: https://developer.mozilla.org/en-US/docs/Web/HTTP/Status/403",2026-07-17T10:30:42.017343
combat,bd6t515313j,,failed,0,0,,http_manifest,known,403,manifest,"Client error '403 ' for url 'https://openapiproext.bnf.fr/iiif/presentation/v3/ark:/12148/bd6t515313j/manifest.json'
For more information check: https://developer.mozilla.org/en-US/docs/Web/HTTP/Status/403",2026-07-17T10:30:43.219737
combat,bd6t515314w,,failed,0,0,,http_manifest,known,403,manifest,"Client error '403 ' for url 'https://openapiproext.bnf.fr/iiif/presentation/v3/ark:/12148/bd6t515314w/manifest.json'
For more information check: https://developer.mozilla.org/en-US/docs/Web/HTTP/Status/403",2026-07-17T10:30:44.422208
combat,bd6t5153157,,failed,0,0,,http_manifest,known,403,manifest,"Client error '403 ' for url 'https://openapiproext.bnf.fr/iiif/presentation/v3/ark:/12148/bd6t5153157/manifest.json'
For more information check: https://developer.mozilla.org/en-US/docs/Web/HTTP/Status/403",2026-07-17T10:30:45.622319
combat,bd6t5286766,,failed,0,0,,http_manifest,known,403,manifest,"Client error '403 ' for url 'https://openapiproext.bnf.fr/iiif/presentation/v3/ark:/12148/bd6t5286766/manifest.json'
For more information check: https://developer.mozilla.org/en-US/docs/Web/HTTP/Status/403",2026-07-17T10:30:46.825340
combat,bd6t528677j,,failed,0,0,,http_manifest,known,403,manifest,"Client error '403 ' for url 'https://openapiproext.bnf.fr/iiif/presentation/v3/ark:/12148/bd6t528677j/manifest.json'
For more information check: https://developer.mozilla.org/en-US/docs/Web/HTTP/Status/403",2026-07-17T10:30:48.043548
combat,bd6t528678w,,failed,0,0,,http_manifest,known,403,manifest,"Client error '403 ' for url 'https://openapiproext.bnf.fr/iiif/presentation/v3/ark:/12148/bd6t528678w/manifest.json'
For more information check: https://developer.mozilla.org/en-US/docs/Web/HTTP/Status/403",2026-07-17T10:30:49.229949
combat,bd6t5286797,,failed,0,0,,http_manifest,known,403,manifest,"Client error '403 ' for url 'https://openapiproext.bnf.fr/iiif/presentation/v3/ark:/12148/bd6t5286797/manifest.json'
For more information check: https://developer.mozilla.org/en-US/docs/Web/HTTP/Status/403",2026-07-17T10:30:50.435571
combat,bd6t528680f,,failed,0,0,,http_manifest,known,403,manifest,"Client error '403 ' for url 'https://openapiproext.bnf.fr/iiif/presentation/v3/ark:/12148/bd6t528680f/manifest.json'
For more information check: https://developer.mozilla.org/en-US/docs/Web/HTTP/Status/403",2026-07-17T10:30:51.628984
combat,bd6t528681s,,failed,0,0,,http_manifest,known,403,manifest,"Client error '403 ' for url 'https://openapiproext.bnf.fr/iiif/presentation/v3/ark:/12148/bd6t528681s/manifest.json'
For more information check: https://developer.mozilla.org/en-US/docs/Web/HTTP/Status/403",2026-07-17T10:30:52.831466
combat,bd6t5286824,,failed,0,0,,http_manifest,known,403,manifest,"Client error '403 ' for url 'https://openapiproext.bnf.fr/iiif/presentation/v3/ark:/12148/bd6t5286824/manifest.json'
For more information check: https://developer.mozilla.org/en-US/docs/Web/HTTP/Status/403",2026-07-17T10:30:54.033455
combat,bd6t528683g,,failed,0,0,,http_manifest,known,403,manifest,"Client error '403 ' for url 'https://openapiproext.bnf.fr/iiif/presentation/v3/ark:/12148/bd6t528683g/manifest.json'
For more information check: https://developer.mozilla.org/en-US/docs/Web/HTTP/Status/403",2026-07-17T10:30:55.235741
combat,bd6t528684t,,failed,0,0,,http_manifest,known,403,manifest,"Client error '403 ' for url 'https://openapiproext.bnf.fr/iiif/presentation/v3/ark:/12148/bd6t528684t/manifest.json'
For more information check: https://developer.mozilla.org/en-US/docs/Web/HTTP/Status/403",2026-07-17T10:30:56.436317
combat,bd6t5286855,,failed,0,0,,http_manifest,known,403,manifest,"Client error '403 ' for url 'https://openapiproext.bnf.fr/iiif/presentation/v3/ark:/12148/bd6t5286855/manifest.json'
For more information check: https://developer.mozilla.org/en-US/docs/Web/HTTP/Status/403",2026-07-17T10:30:57.739587
combat,bd6t528686h,,failed,0,0,,http_manifest,known,403,manifest,"Client error '403 ' for url 'https://openapiproext.bnf.fr/iiif/presentation/v3/ark:/12148/bd6t528686h/manifest.json'
For more information check: https://developer.mozilla.org/en-US/docs/Web/HTTP/Status/403",2026-07-17T10:30:58.947826
combat,bd6t528687v,,failed,0,0,,http_manifest,known,403,manifest,"Client error '403 ' for url 'https://openapiproext.bnf.fr/iiif/presentation/v3/ark:/12148/bd6t528687v/manifest.json'
For more information check: https://developer.mozilla.org/en-US/docs/Web/HTTP/Status/403",2026-07-17T10:31:00.157642
combat,bd6t5286886,,failed,0,0,,http_manifest,known,403,manifest,"Client error '403 ' for url 'https://openapiproext.bnf.fr/iiif/presentation/v3/ark:/12148/bd6t5286886/manifest.json'
For more information check: https://developer.mozilla.org/en-US/docs/Web/HTTP/Status/403",2026-07-17T10:31:01.336832
combat,bd6t528689j,,failed,0,0,,http_manifest,known,403,manifest,"Client error '403 ' for url 'https://openapiproext.bnf.fr/iiif/presentation/v3/ark:/12148/bd6t528689j/manifest.json'
For more information check: https://developer.mozilla.org/en-US/docs/Web/HTTP/Status/403",2026-07-17T10:31:02.444264
combat,bd6t528690r,,failed,0,0,,http_manifest,known,403,manifest,"Client error '403 ' for url 'https://openapiproext.bnf.fr/iiif/presentation/v3/ark:/12148/bd6t528690r/manifest.json'
For more information check: https://developer.mozilla.org/en-US/docs/Web/HTTP/Status/403",2026-07-17T10:31:03.878778
combat,bd6t5286913,,failed,0,0,,http_manifest,known,403,manifest,"Client error '403 ' for url 'https://openapiproext.bnf.fr/iiif/presentation/v3/ark:/12148/bd6t5286913/manifest.json'
For more information check: https://developer.mozilla.org/en-US/docs/Web/HTTP/Status/403",2026-07-17T10:31:04.898457
combat,bd6t528692f,,failed,0,0,,http_manifest,known,403,manifest,"Client error '403 ' for url 'https://openapiproext.bnf.fr/iiif/presentation/v3/ark:/12148/bd6t528692f/manifest.json'
For more information check: https://developer.mozilla.org/en-US/docs/Web/HTTP/Status/403",2026-07-17T10:31:06.196284
combat,bd6t528693s,,failed,0,0,,http_manifest,known,403,manifest,"Client error '403 ' for url 'https://openapiproext.bnf.fr/iiif/presentation/v3/ark:/12148/bd6t528693s/manifest.json'
For more information check: https://developer.mozilla.org/en-US/docs/Web/HTTP/Status/403",2026-07-17T10:31:07.251632
combat,bd6t5286944,,failed,0,0,,http_manifest,known,403,manifest,"Client error '403 ' for url 'https://openapiproext.bnf.fr/iiif/presentation/v3/ark:/12148/bd6t5286944/manifest.json'
For more information check: https://developer.mozilla.org/en-US/docs/Web/HTTP/Status/403",2026-07-17T10:31:08.453521
combat,bd6t528695g,,failed,0,0,,http_manifest,known,403,manifest,"Client error '403 ' for url 'https://openapiproext.bnf.fr/iiif/presentation/v3/ark:/12148/bd6t528695g/manifest.json'
For more information check: https://developer.mozilla.org/en-US/docs/Web/HTTP/Status/403",2026-07-17T10:31:09.656724
combat,bd6t528696t,,failed,0,0,,http_manifest,known,403,manifest,"Client error '403 ' for url 'https://openapiproext.bnf.fr/iiif/presentation/v3/ark:/12148/bd6t528696t/manifest.json'
For more information check: https://developer.mozilla.org/en-US/docs/Web/HTTP/Status/403",2026-07-17T10:31:10.860402
combat,bd6t5286975,,failed,0,0,,http_manifest,known,403,manifest,"Client error '403 ' for url 'https://openapiproext.bnf.fr/iiif/presentation/v3/ark:/12148/bd6t5286975/manifest.json'
For more information check: https://developer.mozilla.org/en-US/docs/Web/HTTP/Status/403",2026-07-17T10:31:12.057824
combat,bd6t528698h,,failed,0,0,,http_manifest,known,403,manifest,"Client error '403 ' for url 'https://openapiproext.bnf.fr/iiif/presentation/v3/ark:/12148/bd6t528698h/manifest.json'
For more information check: https://developer.mozilla.org/en-US/docs/Web/HTTP/Status/403",2026-07-17T10:31:13.254929
combat,bd6t528699v,,failed,0,0,,http_manifest,known,403,manifest,"Client error '403 ' for url 'https://openapiproext.bnf.fr/iiif/presentation/v3/ark:/12148/bd6t528699v/manifest.json'
For more information check: https://developer.mozilla.org/en-US/docs/Web/HTTP/Status/403",2026-07-17T10:31:14.457316
combat,bd6t5287007,,failed,0,0,,http_manifest,known,403,manifest,"Client error '403 ' for url 'https://openapiproext.bnf.fr/iiif/presentation/v3/ark:/12148/bd6t5287007/manifest.json'
For more information check: https://developer.mozilla.org/en-US/docs/Web/HTTP/Status/403",2026-07-17T10:31:15.667354
combat,bd6t528701k,,failed,0,0,,http_manifest,known,403,manifest,"Client error '403 ' for url 'https://openapiproext.bnf.fr/iiif/presentation/v3/ark:/12148/bd6t528701k/manifest.json'
For more information check: https://developer.mozilla.org/en-US/docs/Web/HTTP/Status/403",2026-07-17T10:31:16.862980
combat,bd6t528702x,,failed,0,0,,http_manifest,known,403,manifest,"Client error '403 ' for url 'https://openapiproext.bnf.fr/iiif/presentation/v3/ark:/12148/bd6t528702x/manifest.json'
For more information check: https://developer.mozilla.org/en-US/docs/Web/HTTP/Status/403",2026-07-17T10:31:18.077048
combat,bd6t5287038,,failed,0,0,,http_manifest,known,403,manifest,"Client error '403 ' for url 'https://openapiproext.bnf.fr/iiif/presentation/v3/ark:/12148/bd6t5287038/manifest.json'
For more information check: https://developer.mozilla.org/en-US/docs/Web/HTTP/Status/403",2026-07-17T10:31:19.261153
combat,bd6t528704m,,failed,0,0,,http_manifest,known,403,manifest,"Client error '403 ' for url 'https://openapiproext.bnf.fr/iiif/presentation/v3/ark:/12148/bd6t528704m/manifest.json'
For more information check: https://developer.mozilla.org/en-US/docs/Web/HTTP/Status/403",2026-07-17T10:31:20.462541
combat,bd6t528705z,,failed,0,0,,http_manifest,known,403,manifest,"Client error '403 ' for url 'https://openapiproext.bnf.fr/iiif/presentation/v3/ark:/12148/bd6t528705z/manifest.json'
For more information check: https://developer.mozilla.org/en-US/docs/Web/HTTP/Status/403",2026-07-17T10:31:21.664458
combat,bd6t5287069,,failed,0,0,,http_manifest,known,403,manifest,"Client error '403 ' for url 'https://openapiproext.bnf.fr/iiif/presentation/v3/ark:/12148/bd6t5287069/manifest.json'
For more information check: https://developer.mozilla.org/en-US/docs/Web/HTTP/Status/403",2026-07-17T10:31:22.866705
combat,bd6t528707n,,failed,0,0,,http_manifest,known,403,manifest,"Client error '403 ' for url 'https://openapiproext.bnf.fr/iiif/presentation/v3/ark:/12148/bd6t528707n/manifest.json'
For more information check: https://developer.mozilla.org/en-US/docs/Web/HTTP/Status/403",2026-07-17T10:31:24.067500
combat,bd6t5287080,,failed,0,0,,http_manifest,known,403,manifest,"Client error '403 ' for url 'https://openapiproext.bnf.fr/iiif/presentation/v3/ark:/12148/bd6t5287080/manifest.json'
For more information check: https://developer.mozilla.org/en-US/docs/Web/HTTP/Status/403",2026-07-17T10:31:25.268065
combat,bd6t528709b,,failed,0,0,,http_manifest,known,403,manifest,"Client error '403 ' for url 'https://openapiproext.bnf.fr/iiif/presentation/v3/ark:/12148/bd6t528709b/manifest.json'
For more information check: https://developer.mozilla.org/en-US/docs/Web/HTTP/Status/403",2026-07-17T10:31:26.469999
combat,bd6t528710j,,failed,0,0,,http_manifest,known,403,manifest,"Client error '403 ' for url 'https://openapiproext.bnf.fr/iiif/presentation/v3/ark:/12148/bd6t528710j/manifest.json'
For more information check: https://developer.mozilla.org/en-US/docs/Web/HTTP/Status/403",2026-07-17T10:31:27.672271
combat,bd6t528711w,,failed,0,0,,http_manifest,known,403,manifest,"Client error '403 ' for url 'https://openapiproext.bnf.fr/iiif/presentation/v3/ark:/12148/bd6t528711w/manifest.json'
For more information check: https://developer.mozilla.org/en-US/docs/Web/HTTP/Status/403",2026-07-17T10:31:28.873875
combat,bd6t5287127,,failed,0,0,,http_manifest,known,403,manifest,"Client error '403 ' for url 'https://openapiproext.bnf.fr/iiif/presentation/v3/ark:/12148/bd6t5287127/manifest.json'
For more information check: https://developer.mozilla.org/en-US/docs/Web/HTTP/Status/403",2026-07-17T10:31:30.074758
combat,bd6t528713k,,failed,0,0,,http_manifest,known,403,manifest,"Client error '403 ' for url 'https://openapiproext.bnf.fr/iiif/presentation/v3/ark:/12148/bd6t528713k/manifest.json'
For more information check: https://developer.mozilla.org/en-US/docs/Web/HTTP/Status/403",2026-07-17T10:31:31.277141
combat,bd6t528714x,,failed,0,0,,http_manifest,known,403,manifest,"Client error '403 ' for url 'https://openapiproext.bnf.fr/iiif/presentation/v3/ark:/12148/bd6t528714x/manifest.json'
For more information check: https://developer.mozilla.org/en-US/docs/Web/HTTP/Status/403",2026-07-17T10:31:32.477208
combat,bd6t5287158,,failed,0,0,,http_manifest,known,403,manifest,"Client error '403 ' for url 'https://openapiproext.bnf.fr/iiif/presentation/v3/ark:/12148/bd6t5287158/manifest.json'
For more information check: https://developer.mozilla.org/en-US/docs/Web/HTTP/Status/403",2026-07-17T10:31:33.678146
combat,bd6t528716m,,failed,0,0,,http_manifest,known,403,manifest,"Client error '403 ' for url 'https://openapiproext.bnf.fr/iiif/presentation/v3/ark:/12148/bd6t528716m/manifest.json'
For more information check: https://developer.mozilla.org/en-US/docs/Web/HTTP/Status/403",2026-07-17T10:31:34.877298
combat,bd6t528717z,,failed,0,0,,http_manifest,known,403,manifest,"Client error '403 ' for url 'https://openapiproext.bnf.fr/iiif/presentation/v3/ark:/12148/bd6t528717z/manifest.json'
For more information check: https://developer.mozilla.org/en-US/docs/Web/HTTP/Status/403",2026-07-17T10:31:36.094900
combat,bd6t5287189,,failed,0,0,,http_manifest,known,403,manifest,"Client error '403 ' for url 'https://openapiproext.bnf.fr/iiif/presentation/v3/ark:/12148/bd6t5287189/manifest.json'
For more information check: https://developer.mozilla.org/en-US/docs/Web/HTTP/Status/403",2026-07-17T10:31:37.285395
combat,bd6t528719n,,failed,0,0,,http_manifest,known,403,manifest,"Client error '403 ' for url 'https://openapiproext.bnf.fr/iiif/presentation/v3/ark:/12148/bd6t528719n/manifest.json'
For more information check: https://developer.mozilla.org/en-US/docs/Web/HTTP/Status/403",2026-07-17T10:31:38.483641
combat,bd6t528720v,,failed,0,0,,http_manifest,known,403,manifest,"Client error '403 ' for url 'https://openapiproext.bnf.fr/iiif/presentation/v3/ark:/12148/bd6t528720v/manifest.json'
For more information check: https://developer.mozilla.org/en-US/docs/Web/HTTP/Status/403",2026-07-17T10:31:39.685066
combat,bd6t5287216,,failed,0,0,,http_manifest,known,403,manifest,"Client error '403 ' for url 'https://openapiproext.bnf.fr/iiif/presentation/v3/ark:/12148/bd6t5287216/manifest.json'
For more information check: https://developer.mozilla.org/en-US/docs/Web/HTTP/Status/403",2026-07-17T10:31:40.889388
combat,bd6t528722j,,failed,0,0,,http_manifest,known,403,manifest,"Client error '403 ' for url 'https://openapiproext.bnf.fr/iiif/presentation/v3/ark:/12148/bd6t528722j/manifest.json'
For more information check: https://developer.mozilla.org/en-US/docs/Web/HTTP/Status/403",2026-07-17T10:31:42.090025
combat,bd6t528723w,,failed,0,0,,http_manifest,known,403,manifest,"Client error '403 ' for url 'https://openapiproext.bnf.fr/iiif/presentation/v3/ark:/12148/bd6t528723w/manifest.json'
For more information check: https://developer.mozilla.org/en-US/docs/Web/HTTP/Status/403",2026-07-17T10:31:43.296425
combat,bd6t5287247,,failed,0,0,,http_manifest,known,403,manifest,"Client error '403 ' for url 'https://openapiproext.bnf.fr/iiif/presentation/v3/ark:/12148/bd6t5287247/manifest.json'
For more information check: https://developer.mozilla.org/en-US/docs/Web/HTTP/Status/403",2026-07-17T10:31:44.494475
combat,bd6t528725k,,failed,0,0,,http_manifest,known,403,manifest,"Client error '403 ' for url 'https://openapiproext.bnf.fr/iiif/presentation/v3/ark:/12148/bd6t528725k/manifest.json'
For more information check: https://developer.mozilla.org/en-US/docs/Web/HTTP/Status/403",2026-07-17T10:31:45.695393
combat,bd6t528726x,,failed,0,0,,http_manifest,known,403,manifest,"Client error '403 ' for url 'https://openapiproext.bnf.fr/iiif/presentation/v3/ark:/12148/bd6t528726x/manifest.json'
For more information check: https://developer.mozilla.org/en-US/docs/Web/HTTP/Status/403",2026-07-17T10:31:46.897960
combat,bd6t5287278,,failed,0,0,,http_manifest,known,403,manifest,"Client error '403 ' for url 'https://openapiproext.bnf.fr/iiif/presentation/v3/ark:/12148/bd6t5287278/manifest.json'
For more information check: https://developer.mozilla.org/en-US/docs/Web/HTTP/Status/403",2026-07-17T10:31:48.118760
combat,bd6t528728m,,failed,0,0,,http_manifest,known,403,manifest,"Client error '403 ' for url 'https://openapiproext.bnf.fr/iiif/presentation/v3/ark:/12148/bd6t528728m/manifest.json'
For more information check: https://developer.mozilla.org/en-US/docs/Web/HTTP/Status/403",2026-07-17T10:31:49.301206
combat,bd6t528729z,,failed,0,0,,http_manifest,known,403,manifest,"Client error '403 ' for url 'https://openapiproext.bnf.fr/iiif/presentation/v3/ark:/12148/bd6t528729z/manifest.json'
For more information check: https://developer.mozilla.org/en-US/docs/Web/HTTP/Status/403",2026-07-17T10:31:50.503037
combat,bd6t5287305,,failed,0,0,,http_manifest,known,403,manifest,"Client error '403 ' for url 'https://openapiproext.bnf.fr/iiif/presentation/v3/ark:/12148/bd6t5287305/manifest.json'
For more information check: https://developer.mozilla.org/en-US/docs/Web/HTTP/Status/403",2026-07-17T10:31:51.703377
combat,bd6t528731h,,failed,0,0,,http_manifest,known,403,manifest,"Client error '403 ' for url 'https://openapiproext.bnf.fr/iiif/presentation/v3/ark:/12148/bd6t528731h/manifest.json'
For more information check: https://developer.mozilla.org/en-US/docs/Web/HTTP/Status/403",2026-07-17T10:31:52.910086
combat,bd6t528732v,,failed,0,0,,http_manifest,known,403,manifest,"Client error '403 ' for url 'https://openapiproext.bnf.fr/iiif/presentation/v3/ark:/12148/bd6t528732v/manifest.json'
For more information check: https://developer.mozilla.org/en-US/docs/Web/HTTP/Status/403",2026-07-17T10:31:54.108845
combat,bd6t5287336,,failed,0,0,,http_manifest,known,403,manifest,"Client error '403 ' for url 'https://openapiproext.bnf.fr/iiif/presentation/v3/ark:/12148/bd6t5287336/manifest.json'
For more information check: https://developer.mozilla.org/en-US/docs/Web/HTTP/Status/403",2026-07-17T10:31:55.306990
combat,bd6t528734j,,failed,0,0,,http_manifest,known,403,manifest,"Client error '403 ' for url 'https://openapiproext.bnf.fr/iiif/presentation/v3/ark:/12148/bd6t528734j/manifest.json'
For more information check: https://developer.mozilla.org/en-US/docs/Web/HTTP/Status/403",2026-07-17T10:31:56.513873
combat,bd6t528735w,,failed,0,0,,http_manifest,known,403,manifest,"Client error '403 ' for url 'https://openapiproext.bnf.fr/iiif/presentation/v3/ark:/12148/bd6t528735w/manifest.json'
For more information check: https://developer.mozilla.org/en-US/docs/Web/HTTP/Status/403",2026-07-17T10:31:57.804848
combat,bd6t5287367,,failed,0,0,,http_manifest,known,403,manifest,"Client error '403 ' for url 'https://openapiproext.bnf.fr/iiif/presentation/v3/ark:/12148/bd6t5287367/manifest.json'
For more information check: https://developer.mozilla.org/en-US/docs/Web/HTTP/Status/403",2026-07-17T10:31:59.123986
combat,bd6t528737k,,failed,0,0,,http_manifest,known,403,manifest,"Client error '403 ' for url 'https://openapiproext.bnf.fr/iiif/presentation/v3/ark:/12148/bd6t528737k/manifest.json'
For more information check: https://developer.mozilla.org/en-US/docs/Web/HTTP/Status/403",2026-07-17T10:32:00.232700
combat,bd6t528738x,,failed,0,0,,http_manifest,known,403,manifest,"Client error '403 ' for url 'https://openapiproext.bnf.fr/iiif/presentation/v3/ark:/12148/bd6t528738x/manifest.json'
For more information check: https://developer.mozilla.org/en-US/docs/Web/HTTP/Status/403",2026-07-17T10:32:01.529595
combat,bd6t5287398,,failed,0,0,,http_manifest,known,403,manifest,"Client error '403 ' for url 'https://openapiproext.bnf.fr/iiif/presentation/v3/ark:/12148/bd6t5287398/manifest.json'
For more information check: https://developer.mozilla.org/en-US/docs/Web/HTTP/Status/403",2026-07-17T10:32:02.519430
combat,bd6t528740g,,failed,0,0,,http_manifest,known,403,manifest,"Client error '403 ' for url 'https://openapiproext.bnf.fr/iiif/presentation/v3/ark:/12148/bd6t528740g/manifest.json'
For more information check: https://developer.mozilla.org/en-US/docs/Web/HTTP/Status/403",2026-07-17T10:32:03.970255
combat,bd6t528741t,,failed,0,0,,http_manifest,known,403,manifest,"Client error '403 ' for url 'https://openapiproext.bnf.fr/iiif/presentation/v3/ark:/12148/bd6t528741t/manifest.json'
For more information check: https://developer.mozilla.org/en-US/docs/Web/HTTP/Status/403",2026-07-17T10:32:05.073623
combat,bd6t5287425,,failed,0,0,,http_manifest,known,403,manifest,"Client error '403 ' for url 'https://openapiproext.bnf.fr/iiif/presentation/v3/ark:/12148/bd6t5287425/manifest.json'
For more information check: https://developer.mozilla.org/en-US/docs/Web/HTTP/Status/403",2026-07-17T10:32:06.194910
combat,bd6t528743h,,failed,0,0,,http_manifest,known,403,manifest,"Client error '403 ' for url 'https://openapiproext.bnf.fr/iiif/presentation/v3/ark:/12148/bd6t528743h/manifest.json'
For more information check: https://developer.mozilla.org/en-US/docs/Web/HTTP/Status/403",2026-07-17T10:32:07.390355
combat,bd6t528744v,,failed,0,0,,http_manifest,known,403,manifest,"Client error '403 ' for url 'https://openapiproext.bnf.fr/iiif/presentation/v3/ark:/12148/bd6t528744v/manifest.json'
For more information check: https://developer.mozilla.org/en-US/docs/Web/HTTP/Status/403",2026-07-17T10:32:08.534491
combat,bd6t5287456,,failed,0,0,,http_manifest,known,403,manifest,"Client error '403 ' for url 'https://openapiproext.bnf.fr/iiif/presentation/v3/ark:/12148/bd6t5287456/manifest.json'
For more information check: https://developer.mozilla.org/en-US/docs/Web/HTTP/Status/403",2026-07-17T10:32:09.929601
combat,bd6t528746j,,failed,0,0,,http_manifest,known,403,manifest,"Client error '403 ' for url 'https://openapiproext.bnf.fr/iiif/presentation/v3/ark:/12148/bd6t528746j/manifest.json'
For more information check: https://developer.mozilla.org/en-US/docs/Web/HTTP/Status/403",2026-07-17T10:32:11.154456
combat,bd6t528747w,,failed,0,0,,http_manifest,known,403,manifest,"Client error '403 ' for url 'https://openapiproext.bnf.fr/iiif/presentation/v3/ark:/12148/bd6t528747w/manifest.json'
For more information check: https://developer.mozilla.org/en-US/docs/Web/HTTP/Status/403",2026-07-17T10:32:12.203952
combat,bd6t5287487,,failed,0,0,,http_manifest,known,403,manifest,"Client error '403 ' for url 'https://openapiproext.bnf.fr/iiif/presentation/v3/ark:/12148/bd6t5287487/manifest.json'
For more information check: https://developer.mozilla.org/en-US/docs/Web/HTTP/Status/403",2026-07-17T10:32:13.444654
combat,bd6t528749k,,failed,0,0,,http_manifest,known,403,manifest,"Client error '403 ' for url 'https://openapiproext.bnf.fr/iiif/presentation/v3/ark:/12148/bd6t528749k/manifest.json'
For more information check: https://developer.mozilla.org/en-US/docs/Web/HTTP/Status/403",2026-07-17T10:32:14.714729
combat,bd6t528750s,,failed,0,0,,http_manifest,known,403,manifest,"Client error '403 ' for url 'https://openapiproext.bnf.fr/iiif/presentation/v3/ark:/12148/bd6t528750s/manifest.json'
For more information check: https://developer.mozilla.org/en-US/docs/Web/HTTP/Status/403",2026-07-17T10:32:15.751260
combat,bd6t5287514,,failed,0,0,,http_manifest,known,403,manifest,"Client error '403 ' for url 'https://openapiproext.bnf.fr/iiif/presentation/v3/ark:/12148/bd6t5287514/manifest.json'
For more information check: https://developer.mozilla.org/en-US/docs/Web/HTTP/Status/403",2026-07-17T10:32:17.223574
combat,bd6t528752g,,failed,0,0,,http_manifest,known,403,manifest,"Client error '403 ' for url 'https://openapiproext.bnf.fr/iiif/presentation/v3/ark:/12148/bd6t528752g/manifest.json'
For more information check: https://developer.mozilla.org/en-US/docs/Web/HTTP/Status/403",2026-07-17T10:32:18.462023
combat,bd6t528753t,,failed,0,0,,http_manifest,known,403,manifest,"Client error '403 ' for url 'https://openapiproext.bnf.fr/iiif/presentation/v3/ark:/12148/bd6t528753t/manifest.json'
For more information check: https://developer.mozilla.org/en-US/docs/Web/HTTP/Status/403",2026-07-17T10:32:19.352851
combat,bd6t528599k,,failed,0,0,,http_manifest,known,403,manifest,"Client error '403 ' for url 'https://openapiproext.bnf.fr/iiif/presentation/v3/ark:/12148/bd6t528599k/manifest.json'
For more information check: https://developer.mozilla.org/en-US/docs/Web/HTTP/Status/403",2026-07-17T10:32:20.550899
combat,bd6t528600z,,failed,0,0,,http_manifest,known,403,manifest,"Client error '403 ' for url 'https://openapiproext.bnf.fr/iiif/presentation/v3/ark:/12148/bd6t528600z/manifest.json'
For more information check: https://developer.mozilla.org/en-US/docs/Web/HTTP/Status/403",2026-07-17T10:32:21.752051
combat,bd6t5286019,,failed,0,0,,http_manifest,known,403,manifest,"Client error '403 ' for url 'https://openapiproext.bnf.fr/iiif/presentation/v3/ark:/12148/bd6t5286019/manifest.json'
For more information check: https://developer.mozilla.org/en-US/docs/Web/HTTP/Status/403",2026-07-17T10:32:22.984537
combat,bd6t528602n,,failed,0,0,,http_manifest,known,403,manifest,"Client error '403 ' for url 'https://openapiproext.bnf.fr/iiif/presentation/v3/ark:/12148/bd6t528602n/manifest.json'
For more information check: https://developer.mozilla.org/en-US/docs/Web/HTTP/Status/403",2026-07-17T10:32:24.156019
combat,bd6t5286030,,failed,0,0,,http_manifest,known,403,manifest,"Client error '403 ' for url 'https://openapiproext.bnf.fr/iiif/presentation/v3/ark:/12148/bd6t5286030/manifest.json'
For more information check: https://developer.mozilla.org/en-US/docs/Web/HTTP/Status/403",2026-07-17T10:32:25.359338
combat,bd6t528604b,,failed,0,0,,http_manifest,known,403,manifest,"Client error '403 ' for url 'https://openapiproext.bnf.fr/iiif/presentation/v3/ark:/12148/bd6t528604b/manifest.json'
For more information check: https://developer.mozilla.org/en-US/docs/Web/HTTP/Status/403",2026-07-17T10:32:26.558032
combat,bd6t528605p,,failed,0,0,,http_manifest,known,403,manifest,"Client error '403 ' for url 'https://openapiproext.bnf.fr/iiif/presentation/v3/ark:/12148/bd6t528605p/manifest.json'
For more information check: https://developer.mozilla.org/en-US/docs/Web/HTTP/Status/403",2026-07-17T10:32:27.762294
combat,bd6t5286061,,failed,0,0,,http_manifest,known,403,manifest,"Client error '403 ' for url 'https://openapiproext.bnf.fr/iiif/presentation/v3/ark:/12148/bd6t5286061/manifest.json'
For more information check: https://developer.mozilla.org/en-US/docs/Web/HTTP/Status/403",2026-07-17T10:32:28.961521
combat,bd6t528607c,,failed,0,0,,http_manifest,known,403,manifest,"Client error '403 ' for url 'https://openapiproext.bnf.fr/iiif/presentation/v3/ark:/12148/bd6t528607c/manifest.json'
For more information check: https://developer.mozilla.org/en-US/docs/Web/HTTP/Status/403",2026-07-17T10:32:30.160894
combat,bd6t528608q,,failed,0,0,,http_manifest,known,403,manifest,"Client error '403 ' for url 'https://openapiproext.bnf.fr/iiif/presentation/v3/ark:/12148/bd6t528608q/manifest.json'
For more information check: https://developer.mozilla.org/en-US/docs/Web/HTTP/Status/403",2026-07-17T10:32:31.363743
combat,bd6t5286092,,failed,0,0,,http_manifest,known,403,manifest,"Client error '403 ' for url 'https://openapiproext.bnf.fr/iiif/presentation/v3/ark:/12148/bd6t5286092/manifest.json'
For more information check: https://developer.mozilla.org/en-US/docs/Web/HTTP/Status/403",2026-07-17T10:32:32.569926
combat,bd6t5286108,,failed,0,0,,http_manifest,known,403,manifest,"Client error '403 ' for url 'https://openapiproext.bnf.fr/iiif/presentation/v3/ark:/12148/bd6t5286108/manifest.json'
For more information check: https://developer.mozilla.org/en-US/docs/Web/HTTP/Status/403",2026-07-17T10:32:33.766335
combat,bd6t528611m,,failed,0,0,,http_manifest,known,403,manifest,"Client error '403 ' for url 'https://openapiproext.bnf.fr/iiif/presentation/v3/ark:/12148/bd6t528611m/manifest.json'
For more information check: https://developer.mozilla.org/en-US/docs/Web/HTTP/Status/403",2026-07-17T10:32:34.995357
combat,bd6t528612z,,failed,0,0,,http_manifest,known,403,manifest,"Client error '403 ' for url 'https://openapiproext.bnf.fr/iiif/presentation/v3/ark:/12148/bd6t528612z/manifest.json'
For more information check: https://developer.mozilla.org/en-US/docs/Web/HTTP/Status/403",2026-07-17T10:32:36.170898
combat,bd6t5286139,,failed,0,0,,http_manifest,known,403,manifest,"Client error '403 ' for url 'https://openapiproext.bnf.fr/iiif/presentation/v3/ark:/12148/bd6t5286139/manifest.json'
For more information check: https://developer.mozilla.org/en-US/docs/Web/HTTP/Status/403",2026-07-17T10:32:37.396774
combat,bd6t528614n,,failed,0,0,,http_manifest,known,403,manifest,"Client error '403 ' for url 'https://openapiproext.bnf.fr/iiif/presentation/v3/ark:/12148/bd6t528614n/manifest.json'
For more information check: https://developer.mozilla.org/en-US/docs/Web/HTTP/Status/403",2026-07-17T10:32:38.580359
combat,bd6t5286150,,failed,0,0,,http_manifest,known,403,manifest,"Client error '403 ' for url 'https://openapiproext.bnf.fr/iiif/presentation/v3/ark:/12148/bd6t5286150/manifest.json'
For more information check: https://developer.mozilla.org/en-US/docs/Web/HTTP/Status/403",2026-07-17T10:32:39.777832
combat,bd6t528616b,,failed,0,0,,http_manifest,known,403,manifest,"Client error '403 ' for url 'https://openapiproext.bnf.fr/iiif/presentation/v3/ark:/12148/bd6t528616b/manifest.json'
For more information check: https://developer.mozilla.org/en-US/docs/Web/HTTP/Status/403",2026-07-17T10:32:40.980977
combat,bd6t528617p,,failed,0,0,,http_manifest,known,403,manifest,"Client error '403 ' for url 'https://openapiproext.bnf.fr/iiif/presentation/v3/ark:/12148/bd6t528617p/manifest.json'
For more information check: https://developer.mozilla.org/en-US/docs/Web/HTTP/Status/403",2026-07-17T10:32:42.184874
combat,bd6t5286181,,failed,0,0,,http_manifest,known,403,manifest,"Client error '403 ' for url 'https://openapiproext.bnf.fr/iiif/presentation/v3/ark:/12148/bd6t5286181/manifest.json'
For more information check: https://developer.mozilla.org/en-US/docs/Web/HTTP/Status/403",2026-07-17T10:32:43.379764
combat,bd6t528619c,,failed,0,0,,http_manifest,known,403,manifest,"Client error '403 ' for url 'https://openapiproext.bnf.fr/iiif/presentation/v3/ark:/12148/bd6t528619c/manifest.json'
For more information check: https://developer.mozilla.org/en-US/docs/Web/HTTP/Status/403",2026-07-17T10:32:44.598900
combat,bd6t528620k,,failed,0,0,,http_manifest,known,403,manifest,"Client error '403 ' for url 'https://openapiproext.bnf.fr/iiif/presentation/v3/ark:/12148/bd6t528620k/manifest.json'
For more information check: https://developer.mozilla.org/en-US/docs/Web/HTTP/Status/403",2026-07-17T10:32:45.781610
combat,bd6t528621x,,failed,0,0,,http_manifest,known,403,manifest,"Client error '403 ' for url 'https://openapiproext.bnf.fr/iiif/presentation/v3/ark:/12148/bd6t528621x/manifest.json'
For more information check: https://developer.mozilla.org/en-US/docs/Web/HTTP/Status/403",2026-07-17T10:32:47.013413
combat,bd6t5286228,,failed,0,0,,http_manifest,known,403,manifest,"Client error '403 ' for url 'https://openapiproext.bnf.fr/iiif/presentation/v3/ark:/12148/bd6t5286228/manifest.json'
For more information check: https://developer.mozilla.org/en-US/docs/Web/HTTP/Status/403",2026-07-17T10:32:48.187370
combat,bd6t528623m,,failed,0,0,,http_manifest,known,403,manifest,"Client error '403 ' for url 'https://openapiproext.bnf.fr/iiif/presentation/v3/ark:/12148/bd6t528623m/manifest.json'
For more information check: https://developer.mozilla.org/en-US/docs/Web/HTTP/Status/403",2026-07-17T10:32:49.387809
combat,bd6t528624z,,failed,0,0,,http_manifest,known,403,manifest,"Client error '403 ' for url 'https://openapiproext.bnf.fr/iiif/presentation/v3/ark:/12148/bd6t528624z/manifest.json'
For more information check: https://developer.mozilla.org/en-US/docs/Web/HTTP/Status/403",2026-07-17T10:32:50.598615
combat,bd6t5286259,,failed,0,0,,http_manifest,known,403,manifest,"Client error '403 ' for url 'https://openapiproext.bnf.fr/iiif/presentation/v3/ark:/12148/bd6t5286259/manifest.json'
For more information check: https://developer.mozilla.org/en-US/docs/Web/HTTP/Status/403",2026-07-17T10:32:51.800932
combat,bd6t528626n,,failed,0,0,,http_manifest,known,403,manifest,"Client error '403 ' for url 'https://openapiproext.bnf.fr/iiif/presentation/v3/ark:/12148/bd6t528626n/manifest.json'
For more information check: https://developer.mozilla.org/en-US/docs/Web/HTTP/Status/403",2026-07-17T10:32:52.996668
combat,bd6t5286270,,failed,0,0,,http_manifest,known,403,manifest,"Client error '403 ' for url 'https://openapiproext.bnf.fr/iiif/presentation/v3/ark:/12148/bd6t5286270/manifest.json'
For more information check: https://developer.mozilla.org/en-US/docs/Web/HTTP/Status/403",2026-07-17T10:32:54.197161
combat,bd6t528628b,,failed,0,0,,http_manifest,known,403,manifest,"Client error '403 ' for url 'https://openapiproext.bnf.fr/iiif/presentation/v3/ark:/12148/bd6t528628b/manifest.json'
For more information check: https://developer.mozilla.org/en-US/docs/Web/HTTP/Status/403",2026-07-17T10:32:55.398295
combat,bd6t528629p,,failed,0,0,,http_manifest,known,403,manifest,"Client error '403 ' for url 'https://openapiproext.bnf.fr/iiif/presentation/v3/ark:/12148/bd6t528629p/manifest.json'
For more information check: https://developer.mozilla.org/en-US/docs/Web/HTTP/Status/403",2026-07-17T10:32:56.600951
combat,bd6t528630w,,failed,0,0,,http_manifest,known,403,manifest,"Client error '403 ' for url 'https://openapiproext.bnf.fr/iiif/presentation/v3/ark:/12148/bd6t528630w/manifest.json'
For more information check: https://developer.mozilla.org/en-US/docs/Web/HTTP/Status/403",2026-07-17T10:32:57.898841
combat,bd6t5286317,,failed,0,0,,http_manifest,known,403,manifest,"Client error '403 ' for url 'https://openapiproext.bnf.fr/iiif/presentation/v3/ark:/12148/bd6t5286317/manifest.json'
For more information check: https://developer.mozilla.org/en-US/docs/Web/HTTP/Status/403",2026-07-17T10:32:59.026168
combat,bd6t528632k,,failed,0,0,,http_manifest,known,403,manifest,"Client error '403 ' for url 'https://openapiproext.bnf.fr/iiif/presentation/v3/ark:/12148/bd6t528632k/manifest.json'
For more information check: https://developer.mozilla.org/en-US/docs/Web/HTTP/Status/403",2026-07-17T10:33:00.349931
combat,bd6t528633x,,failed,0,0,,http_manifest,known,403,manifest,"Client error '403 ' for url 'https://openapiproext.bnf.fr/iiif/presentation/v3/ark:/12148/bd6t528633x/manifest.json'
For more information check: https://developer.mozilla.org/en-US/docs/Web/HTTP/Status/403",2026-07-17T10:33:01.520922
combat,bd6t5286348,,failed,0,0,,http_manifest,known,403,manifest,"Client error '403 ' for url 'https://openapiproext.bnf.fr/iiif/presentation/v3/ark:/12148/bd6t5286348/manifest.json'
For more information check: https://developer.mozilla.org/en-US/docs/Web/HTTP/Status/403",2026-07-17T10:33:02.842268
combat,bd6t528635m,,failed,0,0,,http_manifest,known,403,manifest,"Client error '403 ' for url 'https://openapiproext.bnf.fr/iiif/presentation/v3/ark:/12148/bd6t528635m/manifest.json'
For more information check: https://developer.mozilla.org/en-US/docs/Web/HTTP/Status/403",2026-07-17T10:33:03.861817
combat,bd6t528636z,,failed,0,0,,http_manifest,known,403,manifest,"Client error '403 ' for url 'https://openapiproext.bnf.fr/iiif/presentation/v3/ark:/12148/bd6t528636z/manifest.json'
For more information check: https://developer.mozilla.org/en-US/docs/Web/HTTP/Status/403",2026-07-17T10:33:05.065458
combat,bd6t5286379,,failed,0,0,,http_manifest,known,403,manifest,"Client error '403 ' for url 'https://openapiproext.bnf.fr/iiif/presentation/v3/ark:/12148/bd6t5286379/manifest.json'
For more information check: https://developer.mozilla.org/en-US/docs/Web/HTTP/Status/403",2026-07-17T10:33:06.327081
combat,bd6t528638n,,failed,0,0,,http_manifest,known,403,manifest,"Client error '403 ' for url 'https://openapiproext.bnf.fr/iiif/presentation/v3/ark:/12148/bd6t528638n/manifest.json'
For more information check: https://developer.mozilla.org/en-US/docs/Web/HTTP/Status/403",2026-07-17T10:33:07.411634
combat,bd6t5286390,,failed,0,0,,http_manifest,known,403,manifest,"Client error '403 ' for url 'https://openapiproext.bnf.fr/iiif/presentation/v3/ark:/12148/bd6t5286390/manifest.json'
For more information check: https://developer.mozilla.org/en-US/docs/Web/HTTP/Status/403",2026-07-17T10:33:08.709671
combat,bd6t5286406,,failed,0,0,,http_manifest,known,403,manifest,"Client error '403 ' for url 'https://openapiproext.bnf.fr/iiif/presentation/v3/ark:/12148/bd6t5286406/manifest.json'
For more information check: https://developer.mozilla.org/en-US/docs/Web/HTTP/Status/403",2026-07-17T10:33:09.825549
combat,bd6t528641j,,failed,0,0,,http_manifest,known,403,manifest,"Client error '403 ' for url 'https://openapiproext.bnf.fr/iiif/presentation/v3/ark:/12148/bd6t528641j/manifest.json'
For more information check: https://developer.mozilla.org/en-US/docs/Web/HTTP/Status/403",2026-07-17T10:33:11.020565
combat,bd6t528642w,,failed,0,0,,http_manifest,known,403,manifest,"Client error '403 ' for url 'https://openapiproext.bnf.fr/iiif/presentation/v3/ark:/12148/bd6t528642w/manifest.json'
For more information check: https://developer.mozilla.org/en-US/docs/Web/HTTP/Status/403",2026-07-17T10:33:12.217139
combat,bd6t5286437,,failed,0,0,,http_manifest,known,403,manifest,"Client error '403 ' for url 'https://openapiproext.bnf.fr/iiif/presentation/v3/ark:/12148/bd6t5286437/manifest.json'
For more information check: https://developer.mozilla.org/en-US/docs/Web/HTTP/Status/403",2026-07-17T10:33:13.419472
combat,bd6t528644k,,failed,0,0,,http_manifest,known,403,manifest,"Client error '403 ' for url 'https://openapiproext.bnf.fr/iiif/presentation/v3/ark:/12148/bd6t528644k/manifest.json'
For more information check: https://developer.mozilla.org/en-US/docs/Web/HTTP/Status/403",2026-07-17T10:33:14.618757
combat,bd6t528645x,,failed,0,0,,http_manifest,known,403,manifest,"Client error '403 ' for url 'https://openapiproext.bnf.fr/iiif/presentation/v3/ark:/12148/bd6t528645x/manifest.json'
For more information check: https://developer.mozilla.org/en-US/docs/Web/HTTP/Status/403",2026-07-17T10:33:15.914942
combat,bd6t5286468,,failed,0,0,,http_manifest,known,403,manifest,"Client error '403 ' for url 'https://openapiproext.bnf.fr/iiif/presentation/v3/ark:/12148/bd6t5286468/manifest.json'
For more information check: https://developer.mozilla.org/en-US/docs/Web/HTTP/Status/403",2026-07-17T10:33:17.217147
combat,bd6t528647m,,failed,0,0,,http_manifest,known,403,manifest,"Client error '403 ' for url 'https://openapiproext.bnf.fr/iiif/presentation/v3/ark:/12148/bd6t528647m/manifest.json'
For more information check: https://developer.mozilla.org/en-US/docs/Web/HTTP/Status/403",2026-07-17T10:33:18.251652
combat,bd6t528648z,,failed,0,0,,http_manifest,known,403,manifest,"Client error '403 ' for url 'https://openapiproext.bnf.fr/iiif/presentation/v3/ark:/12148/bd6t528648z/manifest.json'
For more information check: https://developer.mozilla.org/en-US/docs/Web/HTTP/Status/403",2026-07-17T10:33:19.428618
combat,bd6t5286499,,failed,0,0,,http_manifest,known,403,manifest,"Client error '403 ' for url 'https://openapiproext.bnf.fr/iiif/presentation/v3/ark:/12148/bd6t5286499/manifest.json'
For more information check: https://developer.mozilla.org/en-US/docs/Web/HTTP/Status/403",2026-07-17T10:33:20.634356
combat,bd6t528650h,,failed,0,0,,http_manifest,known,403,manifest,"Client error '403 ' for url 'https://openapiproext.bnf.fr/iiif/presentation/v3/ark:/12148/bd6t528650h/manifest.json'
For more information check: https://developer.mozilla.org/en-US/docs/Web/HTTP/Status/403",2026-07-17T10:33:21.828019
combat,bd6t528651v,,failed,0,0,,http_manifest,known,403,manifest,"Client error '403 ' for url 'https://openapiproext.bnf.fr/iiif/presentation/v3/ark:/12148/bd6t528651v/manifest.json'
For more information check: https://developer.mozilla.org/en-US/docs/Web/HTTP/Status/403",2026-07-17T10:33:23.038168
combat,bd6t5286526,,failed,0,0,,http_manifest,known,403,manifest,"Client error '403 ' for url 'https://openapiproext.bnf.fr/iiif/presentation/v3/ark:/12148/bd6t5286526/manifest.json'
For more information check: https://developer.mozilla.org/en-US/docs/Web/HTTP/Status/403",2026-07-17T10:33:24.232395
combat,bd6t528653j,,failed,0,0,,http_manifest,known,403,manifest,"Client error '403 ' for url 'https://openapiproext.bnf.fr/iiif/presentation/v3/ark:/12148/bd6t528653j/manifest.json'
For more information check: https://developer.mozilla.org/en-US/docs/Web/HTTP/Status/403",2026-07-17T10:33:25.433584
combat,bd6t528654w,,failed,0,0,,http_manifest,known,403,manifest,"Client error '403 ' for url 'https://openapiproext.bnf.fr/iiif/presentation/v3/ark:/12148/bd6t528654w/manifest.json'
For more information check: https://developer.mozilla.org/en-US/docs/Web/HTTP/Status/403",2026-07-17T10:33:26.650095
combat,bd6t5286557,,failed,0,0,,http_manifest,known,403,manifest,"Client error '403 ' for url 'https://openapiproext.bnf.fr/iiif/presentation/v3/ark:/12148/bd6t5286557/manifest.json'
For more information check: https://developer.mozilla.org/en-US/docs/Web/HTTP/Status/403",2026-07-17T10:33:27.836846
combat,bd6t528656k,,failed,0,0,,http_manifest,known,403,manifest,"Client error '403 ' for url 'https://openapiproext.bnf.fr/iiif/presentation/v3/ark:/12148/bd6t528656k/manifest.json'
For more information check: https://developer.mozilla.org/en-US/docs/Web/HTTP/Status/403",2026-07-17T10:33:29.039214
combat,bd6t528657x,,failed,0,0,,http_manifest,known,403,manifest,"Client error '403 ' for url 'https://openapiproext.bnf.fr/iiif/presentation/v3/ark:/12148/bd6t528657x/manifest.json'
For more information check: https://developer.mozilla.org/en-US/docs/Web/HTTP/Status/403",2026-07-17T10:33:30.248529
combat,bd6t5286588,,failed,0,0,,http_manifest,known,403,manifest,"Client error '403 ' for url 'https://openapiproext.bnf.fr/iiif/presentation/v3/ark:/12148/bd6t5286588/manifest.json'
For more information check: https://developer.mozilla.org/en-US/docs/Web/HTTP/Status/403",2026-07-17T10:33:31.445820
combat,bd6t528659m,,failed,0,0,,http_manifest,known,403,manifest,"Client error '403 ' for url 'https://openapiproext.bnf.fr/iiif/presentation/v3/ark:/12148/bd6t528659m/manifest.json'
For more information check: https://developer.mozilla.org/en-US/docs/Web/HTTP/Status/403",2026-07-17T10:33:32.654738
combat,bd6t528660t,,failed,0,0,,http_manifest,known,403,manifest,"Client error '403 ' for url 'https://openapiproext.bnf.fr/iiif/presentation/v3/ark:/12148/bd6t528660t/manifest.json'
For more information check: https://developer.mozilla.org/en-US/docs/Web/HTTP/Status/403",2026-07-17T10:33:33.849128
combat,bd6t5286615,,failed,0,0,,http_manifest,known,403,manifest,"Client error '403 ' for url 'https://openapiproext.bnf.fr/iiif/presentation/v3/ark:/12148/bd6t5286615/manifest.json'
For more information check: https://developer.mozilla.org/en-US/docs/Web/HTTP/Status/403",2026-07-17T10:33:35.052734
combat,bd6t528662h,,failed,0,0,,http_manifest,known,403,manifest,"Client error '403 ' for url 'https://openapiproext.bnf.fr/iiif/presentation/v3/ark:/12148/bd6t528662h/manifest.json'
For more information check: https://developer.mozilla.org/en-US/docs/Web/HTTP/Status/403",2026-07-17T10:33:36.248549
combat,bd6t528663v,,failed,0,0,,http_manifest,known,403,manifest,"Client error '403 ' for url 'https://openapiproext.bnf.fr/iiif/presentation/v3/ark:/12148/bd6t528663v/manifest.json'
For more information check: https://developer.mozilla.org/en-US/docs/Web/HTTP/Status/403",2026-07-17T10:33:37.448745
combat,bd6t5286646,,failed,0,0,,http_manifest,known,403,manifest,"Client error '403 ' for url 'https://openapiproext.bnf.fr/iiif/presentation/v3/ark:/12148/bd6t5286646/manifest.json'
For more information check: https://developer.mozilla.org/en-US/docs/Web/HTTP/Status/403",2026-07-17T10:33:38.679895
combat,bd6t528665j,,failed,0,0,,http_manifest,known,403,manifest,"Client error '403 ' for url 'https://openapiproext.bnf.fr/iiif/presentation/v3/ark:/12148/bd6t528665j/manifest.json'
For more information check: https://developer.mozilla.org/en-US/docs/Web/HTTP/Status/403",2026-07-17T10:33:39.857872
combat,bd6t528666w,,failed,0,0,,http_manifest,known,403,manifest,"Client error '403 ' for url 'https://openapiproext.bnf.fr/iiif/presentation/v3/ark:/12148/bd6t528666w/manifest.json'
For more information check: https://developer.mozilla.org/en-US/docs/Web/HTTP/Status/403",2026-07-17T10:33:41.055216
combat,bd6t5286677,,failed,0,0,,http_manifest,known,403,manifest,"Client error '403 ' for url 'https://openapiproext.bnf.fr/iiif/presentation/v3/ark:/12148/bd6t5286677/manifest.json'
For more information check: https://developer.mozilla.org/en-US/docs/Web/HTTP/Status/403",2026-07-17T10:33:42.266657
combat,bd6t528668k,,failed,0,0,,http_manifest,known,403,manifest,"Client error '403 ' for url 'https://openapiproext.bnf.fr/iiif/presentation/v3/ark:/12148/bd6t528668k/manifest.json'
For more information check: https://developer.mozilla.org/en-US/docs/Web/HTTP/Status/403",2026-07-17T10:33:43.460688
combat,bd6t528669x,,failed,0,0,,http_manifest,known,403,manifest,"Client error '403 ' for url 'https://openapiproext.bnf.fr/iiif/presentation/v3/ark:/12148/bd6t528669x/manifest.json'
For more information check: https://developer.mozilla.org/en-US/docs/Web/HTTP/Status/403",2026-07-17T10:33:44.683113
combat,bd6t5286704,,failed,0,0,,http_manifest,known,403,manifest,"Client error '403 ' for url 'https://openapiproext.bnf.fr/iiif/presentation/v3/ark:/12148/bd6t5286704/manifest.json'
For more information check: https://developer.mozilla.org/en-US/docs/Web/HTTP/Status/403",2026-07-17T10:33:45.858637
combat,bd6t528671g,,failed,0,0,,http_manifest,known,403,manifest,"Client error '403 ' for url 'https://openapiproext.bnf.fr/iiif/presentation/v3/ark:/12148/bd6t528671g/manifest.json'
For more information check: https://developer.mozilla.org/en-US/docs/Web/HTTP/Status/403",2026-07-17T10:33:47.062239
combat,bd6t528672t,,failed,0,0,,http_manifest,known,403,manifest,"Client error '403 ' for url 'https://openapiproext.bnf.fr/iiif/presentation/v3/ark:/12148/bd6t528672t/manifest.json'
For more information check: https://developer.mozilla.org/en-US/docs/Web/HTTP/Status/403",2026-07-17T10:33:48.274324
combat,bd6t5286735,,failed,0,0,,http_manifest,known,403,manifest,"Client error '403 ' for url 'https://openapiproext.bnf.fr/iiif/presentation/v3/ark:/12148/bd6t5286735/manifest.json'
For more information check: https://developer.mozilla.org/en-US/docs/Web/HTTP/Status/403",2026-07-17T10:33:49.468699
combat,bd6t528674h,,failed,0,0,,http_manifest,known,403,manifest,"Client error '403 ' for url 'https://openapiproext.bnf.fr/iiif/presentation/v3/ark:/12148/bd6t528674h/manifest.json'
For more information check: https://developer.mozilla.org/en-US/docs/Web/HTTP/Status/403",2026-07-17T10:33:50.670835
combat,bd6t528675v,,failed,0,0,,http_manifest,known,403,manifest,"Client error '403 ' for url 'https://openapiproext.bnf.fr/iiif/presentation/v3/ark:/12148/bd6t528675v/manifest.json'
For more information check: https://developer.mozilla.org/en-US/docs/Web/HTTP/Status/403",2026-07-17T10:33:51.871364
combat,bd6t5281566,,failed,0,0,,http_manifest,known,403,manifest,"Client error '403 ' for url 'https://openapiproext.bnf.fr/iiif/presentation/v3/ark:/12148/bd6t5281566/manifest.json'
For more information check: https://developer.mozilla.org/en-US/docs/Web/HTTP/Status/403",2026-07-17T10:33:53.073065
combat,bd6t528157j,,failed,0,0,,http_manifest,known,403,manifest,"Client error '403 ' for url 'https://openapiproext.bnf.fr/iiif/presentation/v3/ark:/12148/bd6t528157j/manifest.json'
For more information check: https://developer.mozilla.org/en-US/docs/Web/HTTP/Status/403",2026-07-17T10:33:54.275778
combat,bd6t528158w,,failed,0,0,,http_manifest,known,403,manifest,"Client error '403 ' for url 'https://openapiproext.bnf.fr/iiif/presentation/v3/ark:/12148/bd6t528158w/manifest.json'
For more information check: https://developer.mozilla.org/en-US/docs/Web/HTTP/Status/403",2026-07-17T10:33:55.482729
combat,bd6t5281597,,failed,0,0,,http_manifest,known,403,manifest,"Client error '403 ' for url 'https://openapiproext.bnf.fr/iiif/presentation/v3/ark:/12148/bd6t5281597/manifest.json'
For more information check: https://developer.mozilla.org/en-US/docs/Web/HTTP/Status/403",2026-07-17T10:33:56.704402
combat,bd6t528160f,,failed,0,0,,http_manifest,known,403,manifest,"Client error '403 ' for url 'https://openapiproext.bnf.fr/iiif/presentation/v3/ark:/12148/bd6t528160f/manifest.json'
For more information check: https://developer.mozilla.org/en-US/docs/Web/HTTP/Status/403",2026-07-17T10:33:57.959747
combat,bd6t528161s,,failed,0,0,,http_manifest,known,403,manifest,"Client error '403 ' for url 'https://openapiproext.bnf.fr/iiif/presentation/v3/ark:/12148/bd6t528161s/manifest.json'
For more information check: https://developer.mozilla.org/en-US/docs/Web/HTTP/Status/403",2026-07-17T10:33:59.086206
combat,bd6t5281624,,failed,0,0,,http_manifest,known,403,manifest,"Client error '403 ' for url 'https://openapiproext.bnf.fr/iiif/presentation/v3/ark:/12148/bd6t5281624/manifest.json'
For more information check: https://developer.mozilla.org/en-US/docs/Web/HTTP/Status/403",2026-07-17T10:34:00.303065
combat,bd6t528163g,,failed,0,0,,http_manifest,known,403,manifest,"Client error '403 ' for url 'https://openapiproext.bnf.fr/iiif/presentation/v3/ark:/12148/bd6t528163g/manifest.json'
For more information check: https://developer.mozilla.org/en-US/docs/Web/HTTP/Status/403",2026-07-17T10:34:01.491429
combat,bd6t528164t,,failed,0,0,,http_manifest,known,403,manifest,"Client error '403 ' for url 'https://openapiproext.bnf.fr/iiif/presentation/v3/ark:/12148/bd6t528164t/manifest.json'
For more information check: https://developer.mozilla.org/en-US/docs/Web/HTTP/Status/403",2026-07-17T10:34:02.692888
combat,bd6t5281655,,failed,0,0,,http_manifest,known,403,manifest,"Client error '403 ' for url 'https://openapiproext.bnf.fr/iiif/presentation/v3/ark:/12148/bd6t5281655/manifest.json'
For more information check: https://developer.mozilla.org/en-US/docs/Web/HTTP/Status/403",2026-07-17T10:34:04.039640
combat,bd6t528166h,,failed,0,0,,http_manifest,known,403,manifest,"Client error '403 ' for url 'https://openapiproext.bnf.fr/iiif/presentation/v3/ark:/12148/bd6t528166h/manifest.json'
For more information check: https://developer.mozilla.org/en-US/docs/Web/HTTP/Status/403",2026-07-17T10:34:05.112225
combat,bd6t528167v,,failed,0,0,,http_manifest,known,403,manifest,"Client error '403 ' for url 'https://openapiproext.bnf.fr/iiif/presentation/v3/ark:/12148/bd6t528167v/manifest.json'
For more information check: https://developer.mozilla.org/en-US/docs/Web/HTTP/Status/403",2026-07-17T10:34:06.540842
combat,bd6t5281686,,failed,0,0,,http_manifest,known,403,manifest,"Client error '403 ' for url 'https://openapiproext.bnf.fr/iiif/presentation/v3/ark:/12148/bd6t5281686/manifest.json'
For more information check: https://developer.mozilla.org/en-US/docs/Web/HTTP/Status/403",2026-07-17T10:34:07.505010
combat,bd6t528169j,,failed,0,0,,http_manifest,known,403,manifest,"Client error '403 ' for url 'https://openapiproext.bnf.fr/iiif/presentation/v3/ark:/12148/bd6t528169j/manifest.json'
For more information check: https://developer.mozilla.org/en-US/docs/Web/HTTP/Status/403",2026-07-17T10:34:08.702322
combat,bd6t528170r,,failed,0,0,,http_manifest,known,403,manifest,"Client error '403 ' for url 'https://openapiproext.bnf.fr/iiif/presentation/v3/ark:/12148/bd6t528170r/manifest.json'
For more information check: https://developer.mozilla.org/en-US/docs/Web/HTTP/Status/403",2026-07-17T10:34:09.902491
combat,bd6t5281713,,failed,0,0,,http_manifest,known,403,manifest,"Client error '403 ' for url 'https://openapiproext.bnf.fr/iiif/presentation/v3/ark:/12148/bd6t5281713/manifest.json'
For more information check: https://developer.mozilla.org/en-US/docs/Web/HTTP/Status/403",2026-07-17T10:34:11.106430
combat,bd6t528172f,,failed,0,0,,http_manifest,known,403,manifest,"Client error '403 ' for url 'https://openapiproext.bnf.fr/iiif/presentation/v3/ark:/12148/bd6t528172f/manifest.json'
For more information check: https://developer.mozilla.org/en-US/docs/Web/HTTP/Status/403",2026-07-17T10:34:12.304769
combat,bd6t528173s,,failed,0,0,,http_manifest,known,403,manifest,"Client error '403 ' for url 'https://openapiproext.bnf.fr/iiif/presentation/v3/ark:/12148/bd6t528173s/manifest.json'
For more information check: https://developer.mozilla.org/en-US/docs/Web/HTTP/Status/403",2026-07-17T10:34:13.505886
combat,bd6t5281744,,failed,0,0,,http_manifest,known,403,manifest,"Client error '403 ' for url 'https://openapiproext.bnf.fr/iiif/presentation/v3/ark:/12148/bd6t5281744/manifest.json'
For more information check: https://developer.mozilla.org/en-US/docs/Web/HTTP/Status/403",2026-07-17T10:34:14.714296
combat,bd6t528175g,,failed,0,0,,http_manifest,known,403,manifest,"Client error '403 ' for url 'https://openapiproext.bnf.fr/iiif/presentation/v3/ark:/12148/bd6t528175g/manifest.json'
For more information check: https://developer.mozilla.org/en-US/docs/Web/HTTP/Status/403",2026-07-17T10:34:15.912686
combat,bd6t528176t,,failed,0,0,,http_manifest,known,403,manifest,"Client error '403 ' for url 'https://openapiproext.bnf.fr/iiif/presentation/v3/ark:/12148/bd6t528176t/manifest.json'
For more information check: https://developer.mozilla.org/en-US/docs/Web/HTTP/Status/403",2026-07-17T10:34:17.117447
combat,bd6t5281775,,failed,0,0,,http_manifest,known,403,manifest,"Client error '403 ' for url 'https://openapiproext.bnf.fr/iiif/presentation/v3/ark:/12148/bd6t5281775/manifest.json'
For more information check: https://developer.mozilla.org/en-US/docs/Web/HTTP/Status/403",2026-07-17T10:34:18.337069
combat,bd6t528178h,,failed,0,0,,http_manifest,known,403,manifest,"Client error '403 ' for url 'https://openapiproext.bnf.fr/iiif/presentation/v3/ark:/12148/bd6t528178h/manifest.json'
For more information check: https://developer.mozilla.org/en-US/docs/Web/HTTP/Status/403",2026-07-17T10:34:19.514657
combat,bd6t528179v,,failed,0,0,,http_manifest,known,403,manifest,"Client error '403 ' for url 'https://openapiproext.bnf.fr/iiif/presentation/v3/ark:/12148/bd6t528179v/manifest.json'
For more information check: https://developer.mozilla.org/en-US/docs/Web/HTTP/Status/403",2026-07-17T10:34:20.720731
combat,bd6t5281802,,failed,0,0,,http_manifest,known,403,manifest,"Client error '403 ' for url 'https://openapiproext.bnf.fr/iiif/presentation/v3/ark:/12148/bd6t5281802/manifest.json'
For more information check: https://developer.mozilla.org/en-US/docs/Web/HTTP/Status/403",2026-07-17T10:34:21.918961
combat,bd6t528181d,,failed,0,0,,http_manifest,known,403,manifest,"Client error '403 ' for url 'https://openapiproext.bnf.fr/iiif/presentation/v3/ark:/12148/bd6t528181d/manifest.json'
For more information check: https://developer.mozilla.org/en-US/docs/Web/HTTP/Status/403",2026-07-17T10:34:23.121947
combat,bd6t528182r,,failed,0,0,,http_manifest,known,403,manifest,"Client error '403 ' for url 'https://openapiproext.bnf.fr/iiif/presentation/v3/ark:/12148/bd6t528182r/manifest.json'
For more information check: https://developer.mozilla.org/en-US/docs/Web/HTTP/Status/403",2026-07-17T10:34:24.325198
combat,bd6t5281833,,failed,0,0,,http_manifest,known,403,manifest,"Client error '403 ' for url 'https://openapiproext.bnf.fr/iiif/presentation/v3/ark:/12148/bd6t5281833/manifest.json'
For more information check: https://developer.mozilla.org/en-US/docs/Web/HTTP/Status/403",2026-07-17T10:34:25.527300
combat,bd6t528184f,,failed,0,0,,http_manifest,known,403,manifest,"Client error '403 ' for url 'https://openapiproext.bnf.fr/iiif/presentation/v3/ark:/12148/bd6t528184f/manifest.json'
For more information check: https://developer.mozilla.org/en-US/docs/Web/HTTP/Status/403",2026-07-17T10:34:26.726915
combat,bd6t528185s,,failed,0,0,,http_manifest,known,403,manifest,"Client error '403 ' for url 'https://openapiproext.bnf.fr/iiif/presentation/v3/ark:/12148/bd6t528185s/manifest.json'
For more information check: https://developer.mozilla.org/en-US/docs/Web/HTTP/Status/403",2026-07-17T10:34:27.925200
combat,bd6t5281864,,failed,0,0,,http_manifest,known,403,manifest,"Client error '403 ' for url 'https://openapiproext.bnf.fr/iiif/presentation/v3/ark:/12148/bd6t5281864/manifest.json'
For more information check: https://developer.mozilla.org/en-US/docs/Web/HTTP/Status/403",2026-07-17T10:34:29.132543
combat,bd6t528187g,,failed,0,0,,http_manifest,known,403,manifest,"Client error '403 ' for url 'https://openapiproext.bnf.fr/iiif/presentation/v3/ark:/12148/bd6t528187g/manifest.json'
For more information check: https://developer.mozilla.org/en-US/docs/Web/HTTP/Status/403",2026-07-17T10:34:30.382762
combat,bd6t528188t,,failed,0,0,,http_manifest,known,403,manifest,"Client error '403 ' for url 'https://openapiproext.bnf.fr/iiif/presentation/v3/ark:/12148/bd6t528188t/manifest.json'
For more information check: https://developer.mozilla.org/en-US/docs/Web/HTTP/Status/403",2026-07-17T10:34:31.534382
combat,bd6t5281895,,failed,0,0,,http_manifest,known,403,manifest,"Client error '403 ' for url 'https://openapiproext.bnf.fr/iiif/presentation/v3/ark:/12148/bd6t5281895/manifest.json'
For more information check: https://developer.mozilla.org/en-US/docs/Web/HTTP/Status/403",2026-07-17T10:34:32.734227
combat,bd6t528190c,,failed,0,0,,http_manifest,known,403,manifest,"Client error '403 ' for url 'https://openapiproext.bnf.fr/iiif/presentation/v3/ark:/12148/bd6t528190c/manifest.json'
For more information check: https://developer.mozilla.org/en-US/docs/Web/HTTP/Status/403",2026-07-17T10:34:33.935589
combat,bd6t528191q,,failed,0,0,,http_manifest,known,403,manifest,"Client error '403 ' for url 'https://openapiproext.bnf.fr/iiif/presentation/v3/ark:/12148/bd6t528191q/manifest.json'
For more information check: https://developer.mozilla.org/en-US/docs/Web/HTTP/Status/403",2026-07-17T10:34:35.139037
combat,bd6t5281922,,failed,0,0,,http_manifest,known,403,manifest,"Client error '403 ' for url 'https://openapiproext.bnf.fr/iiif/presentation/v3/ark:/12148/bd6t5281922/manifest.json'
For more information check: https://developer.mozilla.org/en-US/docs/Web/HTTP/Status/403",2026-07-17T10:34:36.358772
combat,bd6t528193d,,failed,0,0,,http_manifest,known,403,manifest,"Client error '403 ' for url 'https://openapiproext.bnf.fr/iiif/presentation/v3/ark:/12148/bd6t528193d/manifest.json'
For more information check: https://developer.mozilla.org/en-US/docs/Web/HTTP/Status/403",2026-07-17T10:34:37.538816
combat,bd6t528194r,,failed,0,0,,http_manifest,known,403,manifest,"Client error '403 ' for url 'https://openapiproext.bnf.fr/iiif/presentation/v3/ark:/12148/bd6t528194r/manifest.json'
For more information check: https://developer.mozilla.org/en-US/docs/Web/HTTP/Status/403",2026-07-17T10:34:38.748002
combat,bd6t5281953,,failed,0,0,,http_manifest,known,403,manifest,"Client error '403 ' for url 'https://openapiproext.bnf.fr/iiif/presentation/v3/ark:/12148/bd6t5281953/manifest.json'
For more information check: https://developer.mozilla.org/en-US/docs/Web/HTTP/Status/403",2026-07-17T10:34:39.942925
combat,bd6t528196f,,failed,0,0,,http_manifest,known,403,manifest,"Client error '403 ' for url 'https://openapiproext.bnf.fr/iiif/presentation/v3/ark:/12148/bd6t528196f/manifest.json'
For more information check: https://developer.mozilla.org/en-US/docs/Web/HTTP/Status/403",2026-07-17T10:34:41.151631
combat,bd6t528197s,,failed,0,0,,http_manifest,known,403,manifest,"Client error '403 ' for url 'https://openapiproext.bnf.fr/iiif/presentation/v3/ark:/12148/bd6t528197s/manifest.json'
For more information check: https://developer.mozilla.org/en-US/docs/Web/HTTP/Status/403",2026-07-17T10:34:42.350340
combat,bd6t5281984,,failed,0,0,,http_manifest,known,403,manifest,"Client error '403 ' for url 'https://openapiproext.bnf.fr/iiif/presentation/v3/ark:/12148/bd6t5281984/manifest.json'
For more information check: https://developer.mozilla.org/en-US/docs/Web/HTTP/Status/403",2026-07-17T10:34:43.549442
combat,bd6t528199g,,failed,0,0,,http_manifest,known,403,manifest,"Client error '403 ' for url 'https://openapiproext.bnf.fr/iiif/presentation/v3/ark:/12148/bd6t528199g/manifest.json'
For more information check: https://developer.mozilla.org/en-US/docs/Web/HTTP/Status/403",2026-07-17T10:34:44.751015
combat,bd6t528200v,,failed,0,0,,http_manifest,known,403,manifest,"Client error '403 ' for url 'https://openapiproext.bnf.fr/iiif/presentation/v3/ark:/12148/bd6t528200v/manifest.json'
For more information check: https://developer.mozilla.org/en-US/docs/Web/HTTP/Status/403",2026-07-17T10:34:45.954146
combat,bd6t5282016,,failed,0,0,,http_manifest,known,403,manifest,"Client error '403 ' for url 'https://openapiproext.bnf.fr/iiif/presentation/v3/ark:/12148/bd6t5282016/manifest.json'
For more information check: https://developer.mozilla.org/en-US/docs/Web/HTTP/Status/403",2026-07-17T10:34:47.156084
combat,bd6t528202j,,failed,0,0,,http_manifest,known,403,manifest,"Client error '403 ' for url 'https://openapiproext.bnf.fr/iiif/presentation/v3/ark:/12148/bd6t528202j/manifest.json'
For more information check: https://developer.mozilla.org/en-US/docs/Web/HTTP/Status/403",2026-07-17T10:34:48.383357
combat,bd6t528203w,,failed,0,0,,http_manifest,known,403,manifest,"Client error '403 ' for url 'https://openapiproext.bnf.fr/iiif/presentation/v3/ark:/12148/bd6t528203w/manifest.json'
For more information check: https://developer.mozilla.org/en-US/docs/Web/HTTP/Status/403",2026-07-17T10:34:49.560994
combat,bd6t5282047,,failed,0,0,,http_manifest,known,403,manifest,"Client error '403 ' for url 'https://openapiproext.bnf.fr/iiif/presentation/v3/ark:/12148/bd6t5282047/manifest.json'
For more information check: https://developer.mozilla.org/en-US/docs/Web/HTTP/Status/403",2026-07-17T10:34:50.763916
combat,bd6t528205k,,failed,0,0,,http_manifest,known,403,manifest,"Client error '403 ' for url 'https://openapiproext.bnf.fr/iiif/presentation/v3/ark:/12148/bd6t528205k/manifest.json'
For more information check: https://developer.mozilla.org/en-US/docs/Web/HTTP/Status/403",2026-07-17T10:34:51.967370
combat,bd6t528206x,,failed,0,0,,http_manifest,known,403,manifest,"Client error '403 ' for url 'https://openapiproext.bnf.fr/iiif/presentation/v3/ark:/12148/bd6t528206x/manifest.json'
For more information check: https://developer.mozilla.org/en-US/docs/Web/HTTP/Status/403",2026-07-17T10:34:53.161659
combat,bd6t5282078,,failed,0,0,,http_manifest,known,403,manifest,"Client error '403 ' for url 'https://openapiproext.bnf.fr/iiif/presentation/v3/ark:/12148/bd6t5282078/manifest.json'
For more information check: https://developer.mozilla.org/en-US/docs/Web/HTTP/Status/403",2026-07-17T10:34:54.362900
combat,bd6t528208m,,failed,0,0,,http_manifest,known,403,manifest,"Client error '403 ' for url 'https://openapiproext.bnf.fr/iiif/presentation/v3/ark:/12148/bd6t528208m/manifest.json'
For more information check: https://developer.mozilla.org/en-US/docs/Web/HTTP/Status/403",2026-07-17T10:34:55.562454
combat,bd6t528209z,,failed,0,0,,http_manifest,known,403,manifest,"Client error '403 ' for url 'https://openapiproext.bnf.fr/iiif/presentation/v3/ark:/12148/bd6t528209z/manifest.json'
For more information check: https://developer.mozilla.org/en-US/docs/Web/HTTP/Status/403",2026-07-17T10:34:56.768427
combat,bd6t5282105,,failed,0,0,,http_manifest,known,403,manifest,"Client error '403 ' for url 'https://openapiproext.bnf.fr/iiif/presentation/v3/ark:/12148/bd6t5282105/manifest.json'
For more information check: https://developer.mozilla.org/en-US/docs/Web/HTTP/Status/403",2026-07-17T10:34:58.036340
combat,bd6t528211h,,failed,0,0,,http_manifest,known,403,manifest,"Client error '403 ' for url 'https://openapiproext.bnf.fr/iiif/presentation/v3/ark:/12148/bd6t528211h/manifest.json'
For more information check: https://developer.mozilla.org/en-US/docs/Web/HTTP/Status/403",2026-07-17T10:34:59.294874
combat,bd6t528212v,,failed,0,0,,http_manifest,known,403,manifest,"Client error '403 ' for url 'https://openapiproext.bnf.fr/iiif/presentation/v3/ark:/12148/bd6t528212v/manifest.json'
For more information check: https://developer.mozilla.org/en-US/docs/Web/HTTP/Status/403",2026-07-17T10:35:00.422265
combat,bd6t5282136,,failed,0,0,,http_manifest,known,403,manifest,"Client error '403 ' for url 'https://openapiproext.bnf.fr/iiif/presentation/v3/ark:/12148/bd6t5282136/manifest.json'
For more information check: https://developer.mozilla.org/en-US/docs/Web/HTTP/Status/403",2026-07-17T10:35:01.573939
combat,bd6t528214j,,failed,0,0,,http_manifest,known,403,manifest,"Client error '403 ' for url 'https://openapiproext.bnf.fr/iiif/presentation/v3/ark:/12148/bd6t528214j/manifest.json'
For more information check: https://developer.mozilla.org/en-US/docs/Web/HTTP/Status/403",2026-07-17T10:35:02.779564
combat,bd6t528215w,,failed,0,0,,http_manifest,known,403,manifest,"Client error '403 ' for url 'https://openapiproext.bnf.fr/iiif/presentation/v3/ark:/12148/bd6t528215w/manifest.json'
For more information check: https://developer.mozilla.org/en-US/docs/Web/HTTP/Status/403",2026-07-17T10:35:04.199980
combat,bd6t5282167,,failed,0,0,,http_manifest,known,403,manifest,"Client error '403 ' for url 'https://openapiproext.bnf.fr/iiif/presentation/v3/ark:/12148/bd6t5282167/manifest.json'
For more information check: https://developer.mozilla.org/en-US/docs/Web/HTTP/Status/403",2026-07-17T10:35:05.217186
combat,bd6t528217k,,failed,0,0,,http_manifest,known,403,manifest,"Client error '403 ' for url 'https://openapiproext.bnf.fr/iiif/presentation/v3/ark:/12148/bd6t528217k/manifest.json'
For more information check: https://developer.mozilla.org/en-US/docs/Web/HTTP/Status/403",2026-07-17T10:35:06.442212
combat,bd6t528218x,,failed,0,0,,http_manifest,known,403,manifest,"Client error '403 ' for url 'https://openapiproext.bnf.fr/iiif/presentation/v3/ark:/12148/bd6t528218x/manifest.json'
For more information check: https://developer.mozilla.org/en-US/docs/Web/HTTP/Status/403",2026-07-17T10:35:07.586985
combat,bd6t5282198,,failed,0,0,,http_manifest,known,403,manifest,"Client error '403 ' for url 'https://openapiproext.bnf.fr/iiif/presentation/v3/ark:/12148/bd6t5282198/manifest.json'
For more information check: https://developer.mozilla.org/en-US/docs/Web/HTTP/Status/403",2026-07-17T10:35:08.787343
combat,bd6t528220g,,failed,0,0,,http_manifest,known,403,manifest,"Client error '403 ' for url 'https://openapiproext.bnf.fr/iiif/presentation/v3/ark:/12148/bd6t528220g/manifest.json'
For more information check: https://developer.mozilla.org/en-US/docs/Web/HTTP/Status/403",2026-07-17T10:35:10.195157
combat,bd6t528221t,,failed,0,0,,http_manifest,known,403,manifest,"Client error '403 ' for url 'https://openapiproext.bnf.fr/iiif/presentation/v3/ark:/12148/bd6t528221t/manifest.json'
For more information check: https://developer.mozilla.org/en-US/docs/Web/HTTP/Status/403",2026-07-17T10:35:11.230398
combat,bd6t5282225,,failed,0,0,,http_manifest,known,403,manifest,"Client error '403 ' for url 'https://openapiproext.bnf.fr/iiif/presentation/v3/ark:/12148/bd6t5282225/manifest.json'
For more information check: https://developer.mozilla.org/en-US/docs/Web/HTTP/Status/403",2026-07-17T10:35:12.391202
combat,bd6t528223h,,failed,0,0,,http_manifest,known,403,manifest,"Client error '403 ' for url 'https://openapiproext.bnf.fr/iiif/presentation/v3/ark:/12148/bd6t528223h/manifest.json'
For more information check: https://developer.mozilla.org/en-US/docs/Web/HTTP/Status/403",2026-07-17T10:35:13.595068
combat,bd6t528224v,,failed,0,0,,http_manifest,known,403,manifest,"Client error '403 ' for url 'https://openapiproext.bnf.fr/iiif/presentation/v3/ark:/12148/bd6t528224v/manifest.json'
For more information check: https://developer.mozilla.org/en-US/docs/Web/HTTP/Status/403",2026-07-17T10:35:14.984958
combat,bd6t5282256,,failed,0,0,,http_manifest,known,403,manifest,"Client error '403 ' for url 'https://openapiproext.bnf.fr/iiif/presentation/v3/ark:/12148/bd6t5282256/manifest.json'
For more information check: https://developer.mozilla.org/en-US/docs/Web/HTTP/Status/403",2026-07-17T10:35:15.995582
combat,bd6t528226j,,failed,0,0,,http_manifest,known,403,manifest,"Client error '403 ' for url 'https://openapiproext.bnf.fr/iiif/presentation/v3/ark:/12148/bd6t528226j/manifest.json'
For more information check: https://developer.mozilla.org/en-US/docs/Web/HTTP/Status/403",2026-07-17T10:35:17.197122
combat,bd6t528227w,,failed,0,0,,http_manifest,known,403,manifest,"Client error '403 ' for url 'https://openapiproext.bnf.fr/iiif/presentation/v3/ark:/12148/bd6t528227w/manifest.json'
For more information check: https://developer.mozilla.org/en-US/docs/Web/HTTP/Status/403",2026-07-17T10:35:18.419239
combat,bd6t5282287,,failed,0,0,,http_manifest,known,403,manifest,"Client error '403 ' for url 'https://openapiproext.bnf.fr/iiif/presentation/v3/ark:/12148/bd6t5282287/manifest.json'
For more information check: https://developer.mozilla.org/en-US/docs/Web/HTTP/Status/403",2026-07-17T10:35:19.596160
combat,bd6t528229k,,failed,0,0,,http_manifest,known,403,manifest,"Client error '403 ' for url 'https://openapiproext.bnf.fr/iiif/presentation/v3/ark:/12148/bd6t528229k/manifest.json'
For more information check: https://developer.mozilla.org/en-US/docs/Web/HTTP/Status/403",2026-07-17T10:35:20.798068
combat,bd6t528230s,,failed,0,0,,http_manifest,known,403,manifest,"Client error '403 ' for url 'https://openapiproext.bnf.fr/iiif/presentation/v3/ark:/12148/bd6t528230s/manifest.json'
For more information check: https://developer.mozilla.org/en-US/docs/Web/HTTP/Status/403",2026-07-17T10:35:21.998195
combat,bd6t5282314,,failed,0,0,,http_manifest,known,403,manifest,"Client error '403 ' for url 'https://openapiproext.bnf.fr/iiif/presentation/v3/ark:/12148/bd6t5282314/manifest.json'
For more information check: https://developer.mozilla.org/en-US/docs/Web/HTTP/Status/403",2026-07-17T10:35:23.204004
combat,bd6t528232g,,failed,0,0,,http_manifest,known,403,manifest,"Client error '403 ' for url 'https://openapiproext.bnf.fr/iiif/presentation/v3/ark:/12148/bd6t528232g/manifest.json'
For more information check: https://developer.mozilla.org/en-US/docs/Web/HTTP/Status/403",2026-07-17T10:35:24.401979
combat,bd6t528112k,,failed,0,0,,http_manifest,known,403,manifest,"Client error '403 ' for url 'https://openapiproext.bnf.fr/iiif/presentation/v3/ark:/12148/bd6t528112k/manifest.json'
For more information check: https://developer.mozilla.org/en-US/docs/Web/HTTP/Status/403",2026-07-17T10:35:25.608366
combat,bd6t528113x,,failed,0,0,,http_manifest,known,403,manifest,"Client error '403 ' for url 'https://openapiproext.bnf.fr/iiif/presentation/v3/ark:/12148/bd6t528113x/manifest.json'
For more information check: https://developer.mozilla.org/en-US/docs/Web/HTTP/Status/403",2026-07-17T10:35:26.807302
combat,bd6t5281148,,failed,0,0,,http_manifest,known,403,manifest,"Client error '403 ' for url 'https://openapiproext.bnf.fr/iiif/presentation/v3/ark:/12148/bd6t5281148/manifest.json'
For more information check: https://developer.mozilla.org/en-US/docs/Web/HTTP/Status/403",2026-07-17T10:35:28.011760
combat,bd6t528115m,,failed,0,0,,http_manifest,known,403,manifest,"Client error '403 ' for url 'https://openapiproext.bnf.fr/iiif/presentation/v3/ark:/12148/bd6t528115m/manifest.json'
For more information check: https://developer.mozilla.org/en-US/docs/Web/HTTP/Status/403",2026-07-17T10:35:29.211493
combat,bd6t528116z,,failed,0,0,,http_manifest,known,403,manifest,"Client error '403 ' for url 'https://openapiproext.bnf.fr/iiif/presentation/v3/ark:/12148/bd6t528116z/manifest.json'
For more information check: https://developer.mozilla.org/en-US/docs/Web/HTTP/Status/403",2026-07-17T10:35:30.430729
combat,bd6t5281179,,failed,0,0,,http_manifest,known,403,manifest,"Client error '403 ' for url 'https://openapiproext.bnf.fr/iiif/presentation/v3/ark:/12148/bd6t5281179/manifest.json'
For more information check: https://developer.mozilla.org/en-US/docs/Web/HTTP/Status/403",2026-07-17T10:35:31.615473
combat,bd6t528118n,,failed,0,0,,http_manifest,known,403,manifest,"Client error '403 ' for url 'https://openapiproext.bnf.fr/iiif/presentation/v3/ark:/12148/bd6t528118n/manifest.json'
For more information check: https://developer.mozilla.org/en-US/docs/Web/HTTP/Status/403",2026-07-17T10:35:32.817179
combat,bd6t5281190,,failed,0,0,,http_manifest,known,403,manifest,"Client error '403 ' for url 'https://openapiproext.bnf.fr/iiif/presentation/v3/ark:/12148/bd6t5281190/manifest.json'
For more information check: https://developer.mozilla.org/en-US/docs/Web/HTTP/Status/403",2026-07-17T10:35:34.019375
combat,bd6t5281206,,failed,0,0,,http_manifest,known,403,manifest,"Client error '403 ' for url 'https://openapiproext.bnf.fr/iiif/presentation/v3/ark:/12148/bd6t5281206/manifest.json'
For more information check: https://developer.mozilla.org/en-US/docs/Web/HTTP/Status/403",2026-07-17T10:35:35.217894
combat,bd6t528121j,,failed,0,0,,http_manifest,known,403,manifest,"Client error '403 ' for url 'https://openapiproext.bnf.fr/iiif/presentation/v3/ark:/12148/bd6t528121j/manifest.json'
For more information check: https://developer.mozilla.org/en-US/docs/Web/HTTP/Status/403",2026-07-17T10:35:36.445181
combat,bd6t528122w,,failed,0,0,,http_manifest,known,403,manifest,"Client error '403 ' for url 'https://openapiproext.bnf.fr/iiif/presentation/v3/ark:/12148/bd6t528122w/manifest.json'
For more information check: https://developer.mozilla.org/en-US/docs/Web/HTTP/Status/403",2026-07-17T10:35:37.622681
combat,bd6t5281237,,failed,0,0,,http_manifest,known,403,manifest,"Client error '403 ' for url 'https://openapiproext.bnf.fr/iiif/presentation/v3/ark:/12148/bd6t5281237/manifest.json'
For more information check: https://developer.mozilla.org/en-US/docs/Web/HTTP/Status/403",2026-07-17T10:35:38.825168
combat,bd6t528124k,,failed,0,0,,http_manifest,known,403,manifest,"Client error '403 ' for url 'https://openapiproext.bnf.fr/iiif/presentation/v3/ark:/12148/bd6t528124k/manifest.json'
For more information check: https://developer.mozilla.org/en-US/docs/Web/HTTP/Status/403",2026-07-17T10:35:40.029973
combat,bd6t528125x,,failed,0,0,,http_manifest,known,403,manifest,"Client error '403 ' for url 'https://openapiproext.bnf.fr/iiif/presentation/v3/ark:/12148/bd6t528125x/manifest.json'
For more information check: https://developer.mozilla.org/en-US/docs/Web/HTTP/Status/403",2026-07-17T10:35:41.228730
combat,bd6t5281268,,failed,0,0,,http_manifest,known,403,manifest,"Client error '403 ' for url 'https://openapiproext.bnf.fr/iiif/presentation/v3/ark:/12148/bd6t5281268/manifest.json'
For more information check: https://developer.mozilla.org/en-US/docs/Web/HTTP/Status/403",2026-07-17T10:35:42.433214
combat,bd6t528127m,,failed,0,0,,http_manifest,known,403,manifest,"Client error '403 ' for url 'https://openapiproext.bnf.fr/iiif/presentation/v3/ark:/12148/bd6t528127m/manifest.json'
For more information check: https://developer.mozilla.org/en-US/docs/Web/HTTP/Status/403",2026-07-17T10:35:43.632827
combat,bd6t528128z,,failed,0,0,,http_manifest,known,403,manifest,"Client error '403 ' for url 'https://openapiproext.bnf.fr/iiif/presentation/v3/ark:/12148/bd6t528128z/manifest.json'
For more information check: https://developer.mozilla.org/en-US/docs/Web/HTTP/Status/403",2026-07-17T10:35:44.832294
combat,bd6t5281299,,failed,0,0,,http_manifest,known,403,manifest,"Client error '403 ' for url 'https://openapiproext.bnf.fr/iiif/presentation/v3/ark:/12148/bd6t5281299/manifest.json'
For more information check: https://developer.mozilla.org/en-US/docs/Web/HTTP/Status/403",2026-07-17T10:35:46.033880
combat,bd6t528130h,,failed,0,0,,http_manifest,known,403,manifest,"Client error '403 ' for url 'https://openapiproext.bnf.fr/iiif/presentation/v3/ark:/12148/bd6t528130h/manifest.json'
For more information check: https://developer.mozilla.org/en-US/docs/Web/HTTP/Status/403",2026-07-17T10:35:47.235478
combat,bd6t528131v,,failed,0,0,,http_manifest,known,403,manifest,"Client error '403 ' for url 'https://openapiproext.bnf.fr/iiif/presentation/v3/ark:/12148/bd6t528131v/manifest.json'
For more information check: https://developer.mozilla.org/en-US/docs/Web/HTTP/Status/403",2026-07-17T10:35:48.462477
combat,bd6t5281326,,failed,0,0,,http_manifest,known,403,manifest,"Client error '403 ' for url 'https://openapiproext.bnf.fr/iiif/presentation/v3/ark:/12148/bd6t5281326/manifest.json'
For more information check: https://developer.mozilla.org/en-US/docs/Web/HTTP/Status/403",2026-07-17T10:35:49.642527
combat,bd6t528133j,,failed,0,0,,http_manifest,known,403,manifest,"Client error '403 ' for url 'https://openapiproext.bnf.fr/iiif/presentation/v3/ark:/12148/bd6t528133j/manifest.json'
For more information check: https://developer.mozilla.org/en-US/docs/Web/HTTP/Status/403",2026-07-17T10:35:50.840149
combat,bd6t528134w,,failed,0,0,,http_manifest,known,403,manifest,"Client error '403 ' for url 'https://openapiproext.bnf.fr/iiif/presentation/v3/ark:/12148/bd6t528134w/manifest.json'
For more information check: https://developer.mozilla.org/en-US/docs/Web/HTTP/Status/403",2026-07-17T10:35:52.043822
combat,bd6t5281357,,failed,0,0,,http_manifest,known,403,manifest,"Client error '403 ' for url 'https://openapiproext.bnf.fr/iiif/presentation/v3/ark:/12148/bd6t5281357/manifest.json'
For more information check: https://developer.mozilla.org/en-US/docs/Web/HTTP/Status/403",2026-07-17T10:35:53.243582
combat,bd6t528136k,,failed,0,0,,http_manifest,known,403,manifest,"Client error '403 ' for url 'https://openapiproext.bnf.fr/iiif/presentation/v3/ark:/12148/bd6t528136k/manifest.json'
For more information check: https://developer.mozilla.org/en-US/docs/Web/HTTP/Status/403",2026-07-17T10:35:54.441954
combat,bd6t528137x,,failed,0,0,,http_manifest,known,403,manifest,"Client error '403 ' for url 'https://openapiproext.bnf.fr/iiif/presentation/v3/ark:/12148/bd6t528137x/manifest.json'
For more information check: https://developer.mozilla.org/en-US/docs/Web/HTTP/Status/403",2026-07-17T10:35:55.647299
combat,bd6t5281388,,failed,0,0,,http_manifest,known,403,manifest,"Client error '403 ' for url 'https://openapiproext.bnf.fr/iiif/presentation/v3/ark:/12148/bd6t5281388/manifest.json'
For more information check: https://developer.mozilla.org/en-US/docs/Web/HTTP/Status/403",2026-07-17T10:35:56.941572
combat,bd6t528139m,,failed,0,0,,http_manifest,known,403,manifest,"Client error '403 ' for url 'https://openapiproext.bnf.fr/iiif/presentation/v3/ark:/12148/bd6t528139m/manifest.json'
For more information check: https://developer.mozilla.org/en-US/docs/Web/HTTP/Status/403",2026-07-17T10:35:58.051827
combat,bd6t528140t,,failed,0,0,,http_manifest,known,403,manifest,"Client error '403 ' for url 'https://openapiproext.bnf.fr/iiif/presentation/v3/ark:/12148/bd6t528140t/manifest.json'
For more information check: https://developer.mozilla.org/en-US/docs/Web/HTTP/Status/403",2026-07-17T10:35:59.394110
combat,bd6t5281415,,failed,0,0,,http_manifest,known,403,manifest,"Client error '403 ' for url 'https://openapiproext.bnf.fr/iiif/presentation/v3/ark:/12148/bd6t5281415/manifest.json'
For more information check: https://developer.mozilla.org/en-US/docs/Web/HTTP/Status/403",2026-07-17T10:36:00.483754
combat,bd6t528142h,,failed,0,0,,http_manifest,known,403,manifest,"Client error '403 ' for url 'https://openapiproext.bnf.fr/iiif/presentation/v3/ark:/12148/bd6t528142h/manifest.json'
For more information check: https://developer.mozilla.org/en-US/docs/Web/HTTP/Status/403",2026-07-17T10:36:01.651815
combat,bd6t528143v,,failed,0,0,,http_manifest,known,403,manifest,"Client error '403 ' for url 'https://openapiproext.bnf.fr/iiif/presentation/v3/ark:/12148/bd6t528143v/manifest.json'
For more information check: https://developer.mozilla.org/en-US/docs/Web/HTTP/Status/403",2026-07-17T10:36:02.903635
combat,bd6t5281446,,failed,0,0,,http_manifest,known,403,manifest,"Client error '403 ' for url 'https://openapiproext.bnf.fr/iiif/presentation/v3/ark:/12148/bd6t5281446/manifest.json'
For more information check: https://developer.mozilla.org/en-US/docs/Web/HTTP/Status/403",2026-07-17T10:36:04.055975
combat,bd6t528145j,,failed,0,0,,http_manifest,known,403,manifest,"Client error '403 ' for url 'https://openapiproext.bnf.fr/iiif/presentation/v3/ark:/12148/bd6t528145j/manifest.json'
For more information check: https://developer.mozilla.org/en-US/docs/Web/HTTP/Status/403",2026-07-17T10:36:05.339712
combat,bd6t528146w,,failed,0,0,,http_manifest,known,403,manifest,"Client error '403 ' for url 'https://openapiproext.bnf.fr/iiif/presentation/v3/ark:/12148/bd6t528146w/manifest.json'
For more information check: https://developer.mozilla.org/en-US/docs/Web/HTTP/Status/403",2026-07-17T10:36:06.676771
combat,bd6t5281477,,failed,0,0,,http_manifest,known,403,manifest,"Client error '403 ' for url 'https://openapiproext.bnf.fr/iiif/presentation/v3/ark:/12148/bd6t5281477/manifest.json'
For more information check: https://developer.mozilla.org/en-US/docs/Web/HTTP/Status/403",2026-07-17T10:36:07.664044
combat,bd6t528148k,,failed,0,0,,http_manifest,known,403,manifest,"Client error '403 ' for url 'https://openapiproext.bnf.fr/iiif/presentation/v3/ark:/12148/bd6t528148k/manifest.json'
For more information check: https://developer.mozilla.org/en-US/docs/Web/HTTP/Status/403",2026-07-17T10:36:08.864656
combat,bd6t528149x,,failed,0,0,,http_manifest,known,403,manifest,"Client error '403 ' for url 'https://openapiproext.bnf.fr/iiif/presentation/v3/ark:/12148/bd6t528149x/manifest.json'
For more information check: https://developer.mozilla.org/en-US/docs/Web/HTTP/Status/403",2026-07-17T10:36:10.134325
combat,bd6t5281504,,failed,0,0,,http_manifest,known,403,manifest,"Client error '403 ' for url 'https://openapiproext.bnf.fr/iiif/presentation/v3/ark:/12148/bd6t5281504/manifest.json'
For more information check: https://developer.mozilla.org/en-US/docs/Web/HTTP/Status/403",2026-07-17T10:36:11.266586
combat,bd6t528151g,,failed,0,0,,http_manifest,known,403,manifest,"Client error '403 ' for url 'https://openapiproext.bnf.fr/iiif/presentation/v3/ark:/12148/bd6t528151g/manifest.json'
For more information check: https://developer.mozilla.org/en-US/docs/Web/HTTP/Status/403",2026-07-17T10:36:12.493434
combat,bd6t528152t,,failed,0,0,,http_manifest,known,403,manifest,"Client error '403 ' for url 'https://openapiproext.bnf.fr/iiif/presentation/v3/ark:/12148/bd6t528152t/manifest.json'
For more information check: https://developer.mozilla.org/en-US/docs/Web/HTTP/Status/403",2026-07-17T10:36:13.732996
combat,bd6t5281535,,failed,0,0,,http_manifest,known,403,manifest,"Client error '403 ' for url 'https://openapiproext.bnf.fr/iiif/presentation/v3/ark:/12148/bd6t5281535/manifest.json'
For more information check: https://developer.mozilla.org/en-US/docs/Web/HTTP/Status/403",2026-07-17T10:36:14.977029
combat,bd6t528154h,,failed,0,0,,http_manifest,known,403,manifest,"Client error '403 ' for url 'https://openapiproext.bnf.fr/iiif/presentation/v3/ark:/12148/bd6t528154h/manifest.json'
For more information check: https://developer.mozilla.org/en-US/docs/Web/HTTP/Status/403",2026-07-17T10:36:16.085565
combat,bd6t528155v,,failed,0,0,,http_manifest,known,403,manifest,"Client error '403 ' for url 'https://openapiproext.bnf.fr/iiif/presentation/v3/ark:/12148/bd6t528155v/manifest.json'
For more information check: https://developer.mozilla.org/en-US/docs/Web/HTTP/Status/403",2026-07-17T10:36:17.274144
combat,bd6t527897g,,failed,0,0,,http_manifest,known,403,manifest,"Client error '403 ' for url 'https://openapiproext.bnf.fr/iiif/presentation/v3/ark:/12148/bd6t527897g/manifest.json'
For more information check: https://developer.mozilla.org/en-US/docs/Web/HTTP/Status/403",2026-07-17T10:36:18.479061
combat,bd6t527898t,,failed,0,0,,http_manifest,known,403,manifest,"Client error '403 ' for url 'https://openapiproext.bnf.fr/iiif/presentation/v3/ark:/12148/bd6t527898t/manifest.json'
For more information check: https://developer.mozilla.org/en-US/docs/Web/HTTP/Status/403",2026-07-17T10:36:19.676666
combat,bd6t5278995,,failed,0,0,,http_manifest,known,403,manifest,"Client error '403 ' for url 'https://openapiproext.bnf.fr/iiif/presentation/v3/ark:/12148/bd6t5278995/manifest.json'
For more information check: https://developer.mozilla.org/en-US/docs/Web/HTTP/Status/403",2026-07-17T10:36:20.877829
combat,bd6t527900j,,failed,0,0,,http_manifest,known,403,manifest,"Client error '403 ' for url 'https://openapiproext.bnf.fr/iiif/presentation/v3/ark:/12148/bd6t527900j/manifest.json'
For more information check: https://developer.mozilla.org/en-US/docs/Web/HTTP/Status/403",2026-07-17T10:36:22.077133
combat,bd6t527901w,,failed,0,0,,http_manifest,known,403,manifest,"Client error '403 ' for url 'https://openapiproext.bnf.fr/iiif/presentation/v3/ark:/12148/bd6t527901w/manifest.json'
For more information check: https://developer.mozilla.org/en-US/docs/Web/HTTP/Status/403",2026-07-17T10:36:23.279445
combat,bd6t5279027,,failed,0,0,,http_manifest,known,403,manifest,"Client error '403 ' for url 'https://openapiproext.bnf.fr/iiif/presentation/v3/ark:/12148/bd6t5279027/manifest.json'
For more information check: https://developer.mozilla.org/en-US/docs/Web/HTTP/Status/403",2026-07-17T10:36:24.515624
combat,bd6t527903k,,failed,0,0,,http_manifest,known,403,manifest,"Client error '403 ' for url 'https://openapiproext.bnf.fr/iiif/presentation/v3/ark:/12148/bd6t527903k/manifest.json'
For more information check: https://developer.mozilla.org/en-US/docs/Web/HTTP/Status/403",2026-07-17T10:36:25.680826
combat,bd6t527904x,,failed,0,0,,http_manifest,known,403,manifest,"Client error '403 ' for url 'https://openapiproext.bnf.fr/iiif/presentation/v3/ark:/12148/bd6t527904x/manifest.json'
For more information check: https://developer.mozilla.org/en-US/docs/Web/HTTP/Status/403",2026-07-17T10:36:26.883959
combat,bd6t5279058,,failed,0,0,,http_manifest,known,403,manifest,"Client error '403 ' for url 'https://openapiproext.bnf.fr/iiif/presentation/v3/ark:/12148/bd6t5279058/manifest.json'
For more information check: https://developer.mozilla.org/en-US/docs/Web/HTTP/Status/403",2026-07-17T10:36:28.089943
combat,bd6t527906m,,failed,0,0,,http_manifest,known,403,manifest,"Client error '403 ' for url 'https://openapiproext.bnf.fr/iiif/presentation/v3/ark:/12148/bd6t527906m/manifest.json'
For more information check: https://developer.mozilla.org/en-US/docs/Web/HTTP/Status/403",2026-07-17T10:36:29.285016
combat,bd6t527907z,,failed,0,0,,http_manifest,known,403,manifest,"Client error '403 ' for url 'https://openapiproext.bnf.fr/iiif/presentation/v3/ark:/12148/bd6t527907z/manifest.json'
For more information check: https://developer.mozilla.org/en-US/docs/Web/HTTP/Status/403",2026-07-17T10:36:30.490564
combat,bd6t5279089,,failed,0,0,,http_manifest,known,403,manifest,"Client error '403 ' for url 'https://openapiproext.bnf.fr/iiif/presentation/v3/ark:/12148/bd6t5279089/manifest.json'
For more information check: https://developer.mozilla.org/en-US/docs/Web/HTTP/Status/403",2026-07-17T10:36:31.689626
combat,bd6t527909n,,failed,0,0,,http_manifest,known,403,manifest,"Client error '403 ' for url 'https://openapiproext.bnf.fr/iiif/presentation/v3/ark:/12148/bd6t527909n/manifest.json'
For more information check: https://developer.mozilla.org/en-US/docs/Web/HTTP/Status/403",2026-07-17T10:36:32.891850
combat,bd6t527910v,,failed,0,0,,http_manifest,known,403,manifest,"Client error '403 ' for url 'https://openapiproext.bnf.fr/iiif/presentation/v3/ark:/12148/bd6t527910v/manifest.json'
For more information check: https://developer.mozilla.org/en-US/docs/Web/HTTP/Status/403",2026-07-17T10:36:34.094278
combat,bd6t5279116,,failed,0,0,,http_manifest,known,403,manifest,"Client error '403 ' for url 'https://openapiproext.bnf.fr/iiif/presentation/v3/ark:/12148/bd6t5279116/manifest.json'
For more information check: https://developer.mozilla.org/en-US/docs/Web/HTTP/Status/403",2026-07-17T10:36:35.298102
combat,bd6t527912j,,failed,0,0,,http_manifest,known,403,manifest,"Client error '403 ' for url 'https://openapiproext.bnf.fr/iiif/presentation/v3/ark:/12148/bd6t527912j/manifest.json'
For more information check: https://developer.mozilla.org/en-US/docs/Web/HTTP/Status/403",2026-07-17T10:36:36.520236
combat,bd6t527913w,,failed,0,0,,http_manifest,known,403,manifest,"Client error '403 ' for url 'https://openapiproext.bnf.fr/iiif/presentation/v3/ark:/12148/bd6t527913w/manifest.json'
For more information check: https://developer.mozilla.org/en-US/docs/Web/HTTP/Status/403",2026-07-17T10:36:37.696443
combat,bd6t5279147,,failed,0,0,,http_manifest,known,403,manifest,"Client error '403 ' for url 'https://openapiproext.bnf.fr/iiif/presentation/v3/ark:/12148/bd6t5279147/manifest.json'
For more information check: https://developer.mozilla.org/en-US/docs/Web/HTTP/Status/403",2026-07-17T10:36:38.906734
combat,bd6t527915k,,failed,0,0,,http_manifest,known,403,manifest,"Client error '403 ' for url 'https://openapiproext.bnf.fr/iiif/presentation/v3/ark:/12148/bd6t527915k/manifest.json'
For more information check: https://developer.mozilla.org/en-US/docs/Web/HTTP/Status/403",2026-07-17T10:36:40.101049
combat,bd6t527916x,,failed,0,0,,http_manifest,known,403,manifest,"Client error '403 ' for url 'https://openapiproext.bnf.fr/iiif/presentation/v3/ark:/12148/bd6t527916x/manifest.json'
For more information check: https://developer.mozilla.org/en-US/docs/Web/HTTP/Status/403",2026-07-17T10:36:41.307493
combat,bd6t5279178,,failed,0,0,,http_manifest,known,403,manifest,"Client error '403 ' for url 'https://openapiproext.bnf.fr/iiif/presentation/v3/ark:/12148/bd6t5279178/manifest.json'
For more information check: https://developer.mozilla.org/en-US/docs/Web/HTTP/Status/403",2026-07-17T10:36:42.534138
combat,bd6t527918m,,failed,0,0,,http_manifest,known,403,manifest,"Client error '403 ' for url 'https://openapiproext.bnf.fr/iiif/presentation/v3/ark:/12148/bd6t527918m/manifest.json'
For more information check: https://developer.mozilla.org/en-US/docs/Web/HTTP/Status/403",2026-07-17T10:36:43.710943
combat,bd6t527919z,,failed,0,0,,http_manifest,known,403,manifest,"Client error '403 ' for url 'https://openapiproext.bnf.fr/iiif/presentation/v3/ark:/12148/bd6t527919z/manifest.json'
For more information check: https://developer.mozilla.org/en-US/docs/Web/HTTP/Status/403",2026-07-17T10:36:44.910879
combat,bd6t5279205,,failed,0,0,,http_manifest,known,403,manifest,"Client error '403 ' for url 'https://openapiproext.bnf.fr/iiif/presentation/v3/ark:/12148/bd6t5279205/manifest.json'
For more information check: https://developer.mozilla.org/en-US/docs/Web/HTTP/Status/403",2026-07-17T10:36:46.108886
combat,bd6t527921h,,failed,0,0,,http_manifest,known,403,manifest,"Client error '403 ' for url 'https://openapiproext.bnf.fr/iiif/presentation/v3/ark:/12148/bd6t527921h/manifest.json'
For more information check: https://developer.mozilla.org/en-US/docs/Web/HTTP/Status/403",2026-07-17T10:36:47.314999
combat,bd6t527922v,,failed,0,0,,http_manifest,known,403,manifest,"Client error '403 ' for url 'https://openapiproext.bnf.fr/iiif/presentation/v3/ark:/12148/bd6t527922v/manifest.json'
For more information check: https://developer.mozilla.org/en-US/docs/Web/HTTP/Status/403",2026-07-17T10:36:48.514913
combat,bd6t5279236,,failed,0,0,,http_manifest,known,403,manifest,"Client error '403 ' for url 'https://openapiproext.bnf.fr/iiif/presentation/v3/ark:/12148/bd6t5279236/manifest.json'
For more information check: https://developer.mozilla.org/en-US/docs/Web/HTTP/Status/403",2026-07-17T10:36:49.715914
combat,bd6t527924j,,failed,0,0,,http_manifest,known,403,manifest,"Client error '403 ' for url 'https://openapiproext.bnf.fr/iiif/presentation/v3/ark:/12148/bd6t527924j/manifest.json'
For more information check: https://developer.mozilla.org/en-US/docs/Web/HTTP/Status/403",2026-07-17T10:36:50.914183
combat,bd6t527925w,,failed,0,0,,http_manifest,known,403,manifest,"Client error '403 ' for url 'https://openapiproext.bnf.fr/iiif/presentation/v3/ark:/12148/bd6t527925w/manifest.json'
For more information check: https://developer.mozilla.org/en-US/docs/Web/HTTP/Status/403",2026-07-17T10:36:52.116464
combat,bd6t5279267,,failed,0,0,,http_manifest,known,403,manifest,"Client error '403 ' for url 'https://openapiproext.bnf.fr/iiif/presentation/v3/ark:/12148/bd6t5279267/manifest.json'
For more information check: https://developer.mozilla.org/en-US/docs/Web/HTTP/Status/403",2026-07-17T10:36:53.317718
combat,bd6t527927k,,failed,0,0,,http_manifest,known,403,manifest,"Client error '403 ' for url 'https://openapiproext.bnf.fr/iiif/presentation/v3/ark:/12148/bd6t527927k/manifest.json'
For more information check: https://developer.mozilla.org/en-US/docs/Web/HTTP/Status/403",2026-07-17T10:36:54.542466
combat,bd6t527928x,,failed,0,0,,http_manifest,known,403,manifest,"Client error '403 ' for url 'https://openapiproext.bnf.fr/iiif/presentation/v3/ark:/12148/bd6t527928x/manifest.json'
For more information check: https://developer.mozilla.org/en-US/docs/Web/HTTP/Status/403",2026-07-17T10:36:55.717714
combat,bd6t5279298,,failed,0,0,,http_manifest,known,403,manifest,"Client error '403 ' for url 'https://openapiproext.bnf.fr/iiif/presentation/v3/ark:/12148/bd6t5279298/manifest.json'
For more information check: https://developer.mozilla.org/en-US/docs/Web/HTTP/Status/403",2026-07-17T10:36:56.920538
combat,bd6t527930g,,failed,0,0,,http_manifest,known,403,manifest,"Client error '403 ' for url 'https://openapiproext.bnf.fr/iiif/presentation/v3/ark:/12148/bd6t527930g/manifest.json'
For more information check: https://developer.mozilla.org/en-US/docs/Web/HTTP/Status/403",2026-07-17T10:36:58.324192
combat,bd6t527931t,,failed,0,0,,http_manifest,known,403,manifest,"Client error '403 ' for url 'https://openapiproext.bnf.fr/iiif/presentation/v3/ark:/12148/bd6t527931t/manifest.json'
For more information check: https://developer.mozilla.org/en-US/docs/Web/HTTP/Status/403",2026-07-17T10:36:59.323936
combat,bd6t5279325,,failed,0,0,,http_manifest,known,403,manifest,"Client error '403 ' for url 'https://openapiproext.bnf.fr/iiif/presentation/v3/ark:/12148/bd6t5279325/manifest.json'
For more information check: https://developer.mozilla.org/en-US/docs/Web/HTTP/Status/403",2026-07-17T10:37:00.527324
combat,bd6t527933h,,failed,0,0,,http_manifest,known,403,manifest,"Client error '403 ' for url 'https://openapiproext.bnf.fr/iiif/presentation/v3/ark:/12148/bd6t527933h/manifest.json'
For more information check: https://developer.mozilla.org/en-US/docs/Web/HTTP/Status/403",2026-07-17T10:37:01.722996
combat,bd6t527934v,,failed,0,0,,http_manifest,known,403,manifest,"Client error '403 ' for url 'https://openapiproext.bnf.fr/iiif/presentation/v3/ark:/12148/bd6t527934v/manifest.json'
For more information check: https://developer.mozilla.org/en-US/docs/Web/HTTP/Status/403",2026-07-17T10:37:02.927765
combat,bd6t5279356,,failed,0,0,,http_manifest,known,403,manifest,"Client error '403 ' for url 'https://openapiproext.bnf.fr/iiif/presentation/v3/ark:/12148/bd6t5279356/manifest.json'
For more information check: https://developer.mozilla.org/en-US/docs/Web/HTTP/Status/403",2026-07-17T10:37:04.139503
combat,bd6t527936j,,failed,0,0,,http_manifest,known,403,manifest,"Client error '403 ' for url 'https://openapiproext.bnf.fr/iiif/presentation/v3/ark:/12148/bd6t527936j/manifest.json'
For more information check: https://developer.mozilla.org/en-US/docs/Web/HTTP/Status/403",2026-07-17T10:37:05.345771
combat,bd6t527937w,,failed,0,0,,http_manifest,known,403,manifest,"Client error '403 ' for url 'https://openapiproext.bnf.fr/iiif/presentation/v3/ark:/12148/bd6t527937w/manifest.json'
For more information check: https://developer.mozilla.org/en-US/docs/Web/HTTP/Status/403",2026-07-17T10:37:06.568429
combat,bd6t5279387,,failed,0,0,,http_manifest,known,403,manifest,"Client error '403 ' for url 'https://openapiproext.bnf.fr/iiif/presentation/v3/ark:/12148/bd6t5279387/manifest.json'
For more information check: https://developer.mozilla.org/en-US/docs/Web/HTTP/Status/403",2026-07-17T10:37:08.002925
combat,bd6t527939k,,failed,0,0,,http_manifest,known,403,manifest,"Client error '403 ' for url 'https://openapiproext.bnf.fr/iiif/presentation/v3/ark:/12148/bd6t527939k/manifest.json'
For more information check: https://developer.mozilla.org/en-US/docs/Web/HTTP/Status/403",2026-07-17T10:37:09.122828
combat,bd6t527940s,,failed,0,0,,http_manifest,known,403,manifest,"Client error '403 ' for url 'https://openapiproext.bnf.fr/iiif/presentation/v3/ark:/12148/bd6t527940s/manifest.json'
For more information check: https://developer.mozilla.org/en-US/docs/Web/HTTP/Status/403",2026-07-17T10:37:10.151249
combat,bd6t5279414,,failed,0,0,,http_manifest,known,403,manifest,"Client error '403 ' for url 'https://openapiproext.bnf.fr/iiif/presentation/v3/ark:/12148/bd6t5279414/manifest.json'
For more information check: https://developer.mozilla.org/en-US/docs/Web/HTTP/Status/403",2026-07-17T10:37:11.521848
combat,bd6t527942g,,failed,0,0,,http_manifest,known,403,manifest,"Client error '403 ' for url 'https://openapiproext.bnf.fr/iiif/presentation/v3/ark:/12148/bd6t527942g/manifest.json'
For more information check: https://developer.mozilla.org/en-US/docs/Web/HTTP/Status/403",2026-07-17T10:37:12.599774
combat,bd6t527943t,,failed,0,0,,http_manifest,known,403,manifest,"Client error '403 ' for url 'https://openapiproext.bnf.fr/iiif/presentation/v3/ark:/12148/bd6t527943t/manifest.json'
For more information check: https://developer.mozilla.org/en-US/docs/Web/HTTP/Status/403",2026-07-17T10:37:13.948913
combat,bd6t5279445,,failed,0,0,,http_manifest,known,403,manifest,"Client error '403 ' for url 'https://openapiproext.bnf.fr/iiif/presentation/v3/ark:/12148/bd6t5279445/manifest.json'
For more information check: https://developer.mozilla.org/en-US/docs/Web/HTTP/Status/403",2026-07-17T10:37:15.034286
combat,bd6t527945h,,failed,0,0,,http_manifest,known,403,manifest,"Client error '403 ' for url 'https://openapiproext.bnf.fr/iiif/presentation/v3/ark:/12148/bd6t527945h/manifest.json'
For more information check: https://developer.mozilla.org/en-US/docs/Web/HTTP/Status/403",2026-07-17T10:37:16.152071
combat,bd6t527946v,,failed,0,0,,http_manifest,known,403,manifest,"Client error '403 ' for url 'https://openapiproext.bnf.fr/iiif/presentation/v3/ark:/12148/bd6t527946v/manifest.json'
For more information check: https://developer.mozilla.org/en-US/docs/Web/HTTP/Status/403",2026-07-17T10:37:17.427162
combat,bd6t5279476,,failed,0,0,,http_manifest,known,403,manifest,"Client error '403 ' for url 'https://openapiproext.bnf.fr/iiif/presentation/v3/ark:/12148/bd6t5279476/manifest.json'
For more information check: https://developer.mozilla.org/en-US/docs/Web/HTTP/Status/403",2026-07-17T10:37:18.668179
combat,bd6t527948j,,failed,0,0,,http_manifest,known,403,manifest,"Client error '403 ' for url 'https://openapiproext.bnf.fr/iiif/presentation/v3/ark:/12148/bd6t527948j/manifest.json'
For more information check: https://developer.mozilla.org/en-US/docs/Web/HTTP/Status/403",2026-07-17T10:37:19.748633
combat,bd6t527949w,,failed,0,0,,http_manifest,known,403,manifest,"Client error '403 ' for url 'https://openapiproext.bnf.fr/iiif/presentation/v3/ark:/12148/bd6t527949w/manifest.json'
For more information check: https://developer.mozilla.org/en-US/docs/Web/HTTP/Status/403",2026-07-17T10:37:20.951254
combat,bd6t5279503,,failed,0,0,,http_manifest,known,403,manifest,"Client error '403 ' for url 'https://openapiproext.bnf.fr/iiif/presentation/v3/ark:/12148/bd6t5279503/manifest.json'
For more information check: https://developer.mozilla.org/en-US/docs/Web/HTTP/Status/403",2026-07-17T10:37:22.151049
combat,bd6t527951f,,failed,0,0,,http_manifest,known,403,manifest,"Client error '403 ' for url 'https://openapiproext.bnf.fr/iiif/presentation/v3/ark:/12148/bd6t527951f/manifest.json'
For more information check: https://developer.mozilla.org/en-US/docs/Web/HTTP/Status/403",2026-07-17T10:37:23.355570
combat,bd6t527952s,,failed,0,0,,http_manifest,known,403,manifest,"Client error '403 ' for url 'https://openapiproext.bnf.fr/iiif/presentation/v3/ark:/12148/bd6t527952s/manifest.json'
For more information check: https://developer.mozilla.org/en-US/docs/Web/HTTP/Status/403",2026-07-17T10:37:24.573810
combat,bd6t5279534,,failed,0,0,,http_manifest,known,403,manifest,"Client error '403 ' for url 'https://openapiproext.bnf.fr/iiif/presentation/v3/ark:/12148/bd6t5279534/manifest.json'
For more information check: https://developer.mozilla.org/en-US/docs/Web/HTTP/Status/403",2026-07-17T10:37:25.757933
combat,bd6t527954g,,failed,0,0,,http_manifest,known,403,manifest,"Client error '403 ' for url 'https://openapiproext.bnf.fr/iiif/presentation/v3/ark:/12148/bd6t527954g/manifest.json'
For more information check: https://developer.mozilla.org/en-US/docs/Web/HTTP/Status/403",2026-07-17T10:37:26.956800
combat,bd6t527955t,,failed,0,0,,http_manifest,known,403,manifest,"Client error '403 ' for url 'https://openapiproext.bnf.fr/iiif/presentation/v3/ark:/12148/bd6t527955t/manifest.json'
For more information check: https://developer.mozilla.org/en-US/docs/Web/HTTP/Status/403",2026-07-17T10:37:28.159772
combat,bd6t5279565,,failed,0,0,,http_manifest,known,403,manifest,"Client error '403 ' for url 'https://openapiproext.bnf.fr/iiif/presentation/v3/ark:/12148/bd6t5279565/manifest.json'
For more information check: https://developer.mozilla.org/en-US/docs/Web/HTTP/Status/403",2026-07-17T10:37:29.360024
combat,bd6t527957h,,failed,0,0,,http_manifest,known,403,manifest,"Client error '403 ' for url 'https://openapiproext.bnf.fr/iiif/presentation/v3/ark:/12148/bd6t527957h/manifest.json'
For more information check: https://developer.mozilla.org/en-US/docs/Web/HTTP/Status/403",2026-07-17T10:37:30.563802
combat,bd6t527676z,,failed,0,0,,http_manifest,known,403,manifest,"Client error '403 ' for url 'https://openapiproext.bnf.fr/iiif/presentation/v3/ark:/12148/bd6t527676z/manifest.json'
For more information check: https://developer.mozilla.org/en-US/docs/Web/HTTP/Status/403",2026-07-17T10:37:31.763081
combat,bd6t5276779,,failed,0,0,,http_manifest,known,403,manifest,"Client error '403 ' for url 'https://openapiproext.bnf.fr/iiif/presentation/v3/ark:/12148/bd6t5276779/manifest.json'
For more information check: https://developer.mozilla.org/en-US/docs/Web/HTTP/Status/403",2026-07-17T10:37:32.976464
combat,bd6t527678n,,failed,0,0,,http_manifest,known,403,manifest,"Client error '403 ' for url 'https://openapiproext.bnf.fr/iiif/presentation/v3/ark:/12148/bd6t527678n/manifest.json'
For more information check: https://developer.mozilla.org/en-US/docs/Web/HTTP/Status/403",2026-07-17T10:37:34.168735
combat,bd6t5276790,,failed,0,0,,http_manifest,known,403,manifest,"Client error '403 ' for url 'https://openapiproext.bnf.fr/iiif/presentation/v3/ark:/12148/bd6t5276790/manifest.json'
For more information check: https://developer.mozilla.org/en-US/docs/Web/HTTP/Status/403",2026-07-17T10:37:35.369706
combat,bd6t5276806,,failed,0,0,,http_manifest,known,403,manifest,"Client error '403 ' for url 'https://openapiproext.bnf.fr/iiif/presentation/v3/ark:/12148/bd6t5276806/manifest.json'
For more information check: https://developer.mozilla.org/en-US/docs/Web/HTTP/Status/403",2026-07-17T10:37:36.573197
combat,bd6t527681j,,failed,0,0,,http_manifest,known,403,manifest,"Client error '403 ' for url 'https://openapiproext.bnf.fr/iiif/presentation/v3/ark:/12148/bd6t527681j/manifest.json'
For more information check: https://developer.mozilla.org/en-US/docs/Web/HTTP/Status/403",2026-07-17T10:37:37.774185
combat,bd6t527682w,,failed,0,0,,http_manifest,known,403,manifest,"Client error '403 ' for url 'https://openapiproext.bnf.fr/iiif/presentation/v3/ark:/12148/bd6t527682w/manifest.json'
For more information check: https://developer.mozilla.org/en-US/docs/Web/HTTP/Status/403",2026-07-17T10:37:38.973224
combat,bd6t5276837,,failed,0,0,,http_manifest,known,403,manifest,"Client error '403 ' for url 'https://openapiproext.bnf.fr/iiif/presentation/v3/ark:/12148/bd6t5276837/manifest.json'
For more information check: https://developer.mozilla.org/en-US/docs/Web/HTTP/Status/403",2026-07-17T10:37:40.178005
combat,bd6t527684k,,failed,0,0,,http_manifest,known,403,manifest,"Client error '403 ' for url 'https://openapiproext.bnf.fr/iiif/presentation/v3/ark:/12148/bd6t527684k/manifest.json'
For more information check: https://developer.mozilla.org/en-US/docs/Web/HTTP/Status/403",2026-07-17T10:37:41.374426
combat,bd6t527685x,,failed,0,0,,http_manifest,known,403,manifest,"Client error '403 ' for url 'https://openapiproext.bnf.fr/iiif/presentation/v3/ark:/12148/bd6t527685x/manifest.json'
For more information check: https://developer.mozilla.org/en-US/docs/Web/HTTP/Status/403",2026-07-17T10:37:42.601610
combat,bd6t5276868,,failed,0,0,,http_manifest,known,403,manifest,"Client error '403 ' for url 'https://openapiproext.bnf.fr/iiif/presentation/v3/ark:/12148/bd6t5276868/manifest.json'
For more information check: https://developer.mozilla.org/en-US/docs/Web/HTTP/Status/403",2026-07-17T10:37:43.782202
combat,bd6t527687m,,failed,0,0,,http_manifest,known,403,manifest,"Client error '403 ' for url 'https://openapiproext.bnf.fr/iiif/presentation/v3/ark:/12148/bd6t527687m/manifest.json'
For more information check: https://developer.mozilla.org/en-US/docs/Web/HTTP/Status/403",2026-07-17T10:37:44.980476
combat,bd6t527688z,,failed,0,0,,http_manifest,known,403,manifest,"Client error '403 ' for url 'https://openapiproext.bnf.fr/iiif/presentation/v3/ark:/12148/bd6t527688z/manifest.json'
For more information check: https://developer.mozilla.org/en-US/docs/Web/HTTP/Status/403",2026-07-17T10:37:46.181847
combat,bd6t5276899,,failed,0,0,,http_manifest,known,403,manifest,"Client error '403 ' for url 'https://openapiproext.bnf.fr/iiif/presentation/v3/ark:/12148/bd6t5276899/manifest.json'
For more information check: https://developer.mozilla.org/en-US/docs/Web/HTTP/Status/403",2026-07-17T10:37:47.383652
combat,bd6t527690h,,failed,0,0,,http_manifest,known,403,manifest,"Client error '403 ' for url 'https://openapiproext.bnf.fr/iiif/presentation/v3/ark:/12148/bd6t527690h/manifest.json'
For more information check: https://developer.mozilla.org/en-US/docs/Web/HTTP/Status/403",2026-07-17T10:37:48.592871
combat,bd6t527691v,,failed,0,0,,http_manifest,known,403,manifest,"Client error '403 ' for url 'https://openapiproext.bnf.fr/iiif/presentation/v3/ark:/12148/bd6t527691v/manifest.json'
For more information check: https://developer.mozilla.org/en-US/docs/Web/HTTP/Status/403",2026-07-17T10:37:49.789597
combat,bd6t5276926,,failed,0,0,,http_manifest,known,403,manifest,"Client error '403 ' for url 'https://openapiproext.bnf.fr/iiif/presentation/v3/ark:/12148/bd6t5276926/manifest.json'
For more information check: https://developer.mozilla.org/en-US/docs/Web/HTTP/Status/403",2026-07-17T10:37:50.991264
combat,bd6t527693j,,failed,0,0,,http_manifest,known,403,manifest,"Client error '403 ' for url 'https://openapiproext.bnf.fr/iiif/presentation/v3/ark:/12148/bd6t527693j/manifest.json'
For more information check: https://developer.mozilla.org/en-US/docs/Web/HTTP/Status/403",2026-07-17T10:37:52.231619
combat,bd6t527694w,,failed,0,0,,http_manifest,known,403,manifest,"Client error '403 ' for url 'https://openapiproext.bnf.fr/iiif/presentation/v3/ark:/12148/bd6t527694w/manifest.json'
For more information check: https://developer.mozilla.org/en-US/docs/Web/HTTP/Status/403",2026-07-17T10:37:53.391698
combat,bd6t5276957,,failed,0,0,,http_manifest,known,403,manifest,"Client error '403 ' for url 'https://openapiproext.bnf.fr/iiif/presentation/v3/ark:/12148/bd6t5276957/manifest.json'
For more information check: https://developer.mozilla.org/en-US/docs/Web/HTTP/Status/403",2026-07-17T10:37:54.618971
combat,bd6t527696k,,failed,0,0,,http_manifest,known,403,manifest,"Client error '403 ' for url 'https://openapiproext.bnf.fr/iiif/presentation/v3/ark:/12148/bd6t527696k/manifest.json'
For more information check: https://developer.mozilla.org/en-US/docs/Web/HTTP/Status/403",2026-07-17T10:37:55.795291
combat,bd6t527697x,,failed,0,0,,http_manifest,known,403,manifest,"Client error '403 ' for url 'https://openapiproext.bnf.fr/iiif/presentation/v3/ark:/12148/bd6t527697x/manifest.json'
For more information check: https://developer.mozilla.org/en-US/docs/Web/HTTP/Status/403",2026-07-17T10:37:56.999440
combat,bd6t5276988,,failed,0,0,,http_manifest,known,403,manifest,"Client error '403 ' for url 'https://openapiproext.bnf.fr/iiif/presentation/v3/ark:/12148/bd6t5276988/manifest.json'
For more information check: https://developer.mozilla.org/en-US/docs/Web/HTTP/Status/403",2026-07-17T10:37:58.302210
combat,bd6t527699m,,failed,0,0,,http_manifest,known,403,manifest,"Client error '403 ' for url 'https://openapiproext.bnf.fr/iiif/presentation/v3/ark:/12148/bd6t527699m/manifest.json'
For more information check: https://developer.mozilla.org/en-US/docs/Web/HTTP/Status/403",2026-07-17T10:37:59.539533
combat,bd6t5277000,,failed,0,0,,http_manifest,known,403,manifest,"Client error '403 ' for url 'https://openapiproext.bnf.fr/iiif/presentation/v3/ark:/12148/bd6t5277000/manifest.json'
For more information check: https://developer.mozilla.org/en-US/docs/Web/HTTP/Status/403",2026-07-17T10:38:00.710719
combat,bd6t527701b,,failed,0,0,,http_manifest,known,403,manifest,"Client error '403 ' for url 'https://openapiproext.bnf.fr/iiif/presentation/v3/ark:/12148/bd6t527701b/manifest.json'
For more information check: https://developer.mozilla.org/en-US/docs/Web/HTTP/Status/403",2026-07-17T10:38:01.921892
combat,bd6t527702p,,failed,0,0,,http_manifest,known,403,manifest,"Client error '403 ' for url 'https://openapiproext.bnf.fr/iiif/presentation/v3/ark:/12148/bd6t527702p/manifest.json'
For more information check: https://developer.mozilla.org/en-US/docs/Web/HTTP/Status/403",2026-07-17T10:38:03.007642
combat,bd6t5277031,,failed,0,0,,http_manifest,known,403,manifest,"Client error '403 ' for url 'https://openapiproext.bnf.fr/iiif/presentation/v3/ark:/12148/bd6t5277031/manifest.json'
For more information check: https://developer.mozilla.org/en-US/docs/Web/HTTP/Status/403",2026-07-17T10:38:04.267136
combat,bd6t527704c,,failed,0,0,,http_manifest,known,403,manifest,"Client error '403 ' for url 'https://openapiproext.bnf.fr/iiif/presentation/v3/ark:/12148/bd6t527704c/manifest.json'
For more information check: https://developer.mozilla.org/en-US/docs/Web/HTTP/Status/403",2026-07-17T10:38:05.689671
combat,bd6t527705q,,failed,0,0,,http_manifest,known,403,manifest,"Client error '403 ' for url 'https://openapiproext.bnf.fr/iiif/presentation/v3/ark:/12148/bd6t527705q/manifest.json'
For more information check: https://developer.mozilla.org/en-US/docs/Web/HTTP/Status/403",2026-07-17T10:38:06.651944
combat,bd6t5277062,,failed,0,0,,http_manifest,known,403,manifest,"Client error '403 ' for url 'https://openapiproext.bnf.fr/iiif/presentation/v3/ark:/12148/bd6t5277062/manifest.json'
For more information check: https://developer.mozilla.org/en-US/docs/Web/HTTP/Status/403",2026-07-17T10:38:07.811591
combat,bd6t527707d,,failed,0,0,,http_manifest,known,403,manifest,"Client error '403 ' for url 'https://openapiproext.bnf.fr/iiif/presentation/v3/ark:/12148/bd6t527707d/manifest.json'
For more information check: https://developer.mozilla.org/en-US/docs/Web/HTTP/Status/403",2026-07-17T10:38:09.012062
combat,bd6t527708r,,failed,0,0,,http_manifest,known,403,manifest,"Client error '403 ' for url 'https://openapiproext.bnf.fr/iiif/presentation/v3/ark:/12148/bd6t527708r/manifest.json'
For more information check: https://developer.mozilla.org/en-US/docs/Web/HTTP/Status/403",2026-07-17T10:38:10.213519
combat,bd6t5277093,,failed,0,0,,http_manifest,known,403,manifest,"Client error '403 ' for url 'https://openapiproext.bnf.fr/iiif/presentation/v3/ark:/12148/bd6t5277093/manifest.json'
For more information check: https://developer.mozilla.org/en-US/docs/Web/HTTP/Status/403",2026-07-17T10:38:11.415008
combat,bd6t5277109,,failed,0,0,,http_manifest,known,403,manifest,"Client error '403 ' for url 'https://openapiproext.bnf.fr/iiif/presentation/v3/ark:/12148/bd6t5277109/manifest.json'
For more information check: https://developer.mozilla.org/en-US/docs/Web/HTTP/Status/403",2026-07-17T10:38:12.763360
combat,bd6t527711n,,failed,0,0,,http_manifest,known,403,manifest,"Client error '403 ' for url 'https://openapiproext.bnf.fr/iiif/presentation/v3/ark:/12148/bd6t527711n/manifest.json'
For more information check: https://developer.mozilla.org/en-US/docs/Web/HTTP/Status/403",2026-07-17T10:38:13.820742
combat,bd6t5277120,,failed,0,0,,http_manifest,known,403,manifest,"Client error '403 ' for url 'https://openapiproext.bnf.fr/iiif/presentation/v3/ark:/12148/bd6t5277120/manifest.json'
For more information check: https://developer.mozilla.org/en-US/docs/Web/HTTP/Status/403",2026-07-17T10:38:15.021689
combat,bd6t527713b,,failed,0,0,,http_manifest,known,403,manifest,"Client error '403 ' for url 'https://openapiproext.bnf.fr/iiif/presentation/v3/ark:/12148/bd6t527713b/manifest.json'
For more information check: https://developer.mozilla.org/en-US/docs/Web/HTTP/Status/403",2026-07-17T10:38:16.221296
combat,bd6t527714p,,failed,0,0,,http_manifest,known,403,manifest,"Client error '403 ' for url 'https://openapiproext.bnf.fr/iiif/presentation/v3/ark:/12148/bd6t527714p/manifest.json'
For more information check: https://developer.mozilla.org/en-US/docs/Web/HTTP/Status/403",2026-07-17T10:38:17.421910
combat,bd6t5277151,,failed,0,0,,http_manifest,known,403,manifest,"Client error '403 ' for url 'https://openapiproext.bnf.fr/iiif/presentation/v3/ark:/12148/bd6t5277151/manifest.json'
For more information check: https://developer.mozilla.org/en-US/docs/Web/HTTP/Status/403",2026-07-17T10:38:18.875089
combat,bd6t527716c,,failed,0,0,,http_manifest,known,403,manifest,"Client error '403 ' for url 'https://openapiproext.bnf.fr/iiif/presentation/v3/ark:/12148/bd6t527716c/manifest.json'
For more information check: https://developer.mozilla.org/en-US/docs/Web/HTTP/Status/403",2026-07-17T10:38:19.849734
combat,bd6t527717q,,failed,0,0,,http_manifest,known,403,manifest,"Client error '403 ' for url 'https://openapiproext.bnf.fr/iiif/presentation/v3/ark:/12148/bd6t527717q/manifest.json'
For more information check: https://developer.mozilla.org/en-US/docs/Web/HTTP/Status/403",2026-07-17T10:38:21.027354
combat,bd6t5277182,,failed,0,0,,http_manifest,known,403,manifest,"Client error '403 ' for url 'https://openapiproext.bnf.fr/iiif/presentation/v3/ark:/12148/bd6t5277182/manifest.json'
For more information check: https://developer.mozilla.org/en-US/docs/Web/HTTP/Status/403",2026-07-17T10:38:22.227094
combat,bd6t527719d,,failed,0,0,,http_manifest,known,403,manifest,"Client error '403 ' for url 'https://openapiproext.bnf.fr/iiif/presentation/v3/ark:/12148/bd6t527719d/manifest.json'
For more information check: https://developer.mozilla.org/en-US/docs/Web/HTTP/Status/403",2026-07-17T10:38:23.433407
combat,bd6t527720m,,failed,0,0,,http_manifest,known,403,manifest,"Client error '403 ' for url 'https://openapiproext.bnf.fr/iiif/presentation/v3/ark:/12148/bd6t527720m/manifest.json'
For more information check: https://developer.mozilla.org/en-US/docs/Web/HTTP/Status/403",2026-07-17T10:38:24.630617
combat,bd6t527721z,,failed,0,0,,http_manifest,known,403,manifest,"Client error '403 ' for url 'https://openapiproext.bnf.fr/iiif/presentation/v3/ark:/12148/bd6t527721z/manifest.json'
For more information check: https://developer.mozilla.org/en-US/docs/Web/HTTP/Status/403",2026-07-17T10:38:25.834892
combat,bd6t5277229,,failed,0,0,,http_manifest,known,403,manifest,"Client error '403 ' for url 'https://openapiproext.bnf.fr/iiif/presentation/v3/ark:/12148/bd6t5277229/manifest.json'
For more information check: https://developer.mozilla.org/en-US/docs/Web/HTTP/Status/403",2026-07-17T10:38:27.034006
combat,bd6t527723n,,failed,0,0,,http_manifest,known,403,manifest,"Client error '403 ' for url 'https://openapiproext.bnf.fr/iiif/presentation/v3/ark:/12148/bd6t527723n/manifest.json'
For more information check: https://developer.mozilla.org/en-US/docs/Web/HTTP/Status/403",2026-07-17T10:38:28.239461
combat,bd6t5277240,,failed,0,0,,http_manifest,known,403,manifest,"Client error '403 ' for url 'https://openapiproext.bnf.fr/iiif/presentation/v3/ark:/12148/bd6t5277240/manifest.json'
For more information check: https://developer.mozilla.org/en-US/docs/Web/HTTP/Status/403",2026-07-17T10:38:29.438668
combat,bd6t527725b,,failed,0,0,,http_manifest,known,403,manifest,"Client error '403 ' for url 'https://openapiproext.bnf.fr/iiif/presentation/v3/ark:/12148/bd6t527725b/manifest.json'
For more information check: https://developer.mozilla.org/en-US/docs/Web/HTTP/Status/403",2026-07-17T10:38:30.666760
combat,bd6t527726p,,failed,0,0,,http_manifest,known,403,manifest,"Client error '403 ' for url 'https://openapiproext.bnf.fr/iiif/presentation/v3/ark:/12148/bd6t527726p/manifest.json'
For more information check: https://developer.mozilla.org/en-US/docs/Web/HTTP/Status/403",2026-07-17T10:38:31.842654
combat,bd6t5277271,,failed,0,0,,http_manifest,known,403,manifest,"Client error '403 ' for url 'https://openapiproext.bnf.fr/iiif/presentation/v3/ark:/12148/bd6t5277271/manifest.json'
For more information check: https://developer.mozilla.org/en-US/docs/Web/HTTP/Status/403",2026-07-17T10:38:33.052869
combat,bd6t527453r,,failed,0,0,,http_manifest,known,403,manifest,"Client error '403 ' for url 'https://openapiproext.bnf.fr/iiif/presentation/v3/ark:/12148/bd6t527453r/manifest.json'
For more information check: https://developer.mozilla.org/en-US/docs/Web/HTTP/Status/403",2026-07-17T10:38:34.248058
combat,bd6t5274543,,failed,0,0,,http_manifest,known,403,manifest,"Client error '403 ' for url 'https://openapiproext.bnf.fr/iiif/presentation/v3/ark:/12148/bd6t5274543/manifest.json'
For more information check: https://developer.mozilla.org/en-US/docs/Web/HTTP/Status/403",2026-07-17T10:38:35.452742
combat,bd6t527455f,,failed,0,0,,http_manifest,known,403,manifest,"Client error '403 ' for url 'https://openapiproext.bnf.fr/iiif/presentation/v3/ark:/12148/bd6t527455f/manifest.json'
For more information check: https://developer.mozilla.org/en-US/docs/Web/HTTP/Status/403",2026-07-17T10:38:36.669276
combat,bd6t527456s,,failed,0,0,,http_manifest,known,403,manifest,"Client error '403 ' for url 'https://openapiproext.bnf.fr/iiif/presentation/v3/ark:/12148/bd6t527456s/manifest.json'
For more information check: https://developer.mozilla.org/en-US/docs/Web/HTTP/Status/403",2026-07-17T10:38:37.850899
combat,bd6t5274574,,failed,0,0,,http_manifest,known,403,manifest,"Client error '403 ' for url 'https://openapiproext.bnf.fr/iiif/presentation/v3/ark:/12148/bd6t5274574/manifest.json'
For more information check: https://developer.mozilla.org/en-US/docs/Web/HTTP/Status/403",2026-07-17T10:38:39.050899
combat,bd6t527458g,,failed,0,0,,http_manifest,known,403,manifest,"Client error '403 ' for url 'https://openapiproext.bnf.fr/iiif/presentation/v3/ark:/12148/bd6t527458g/manifest.json'
For more information check: https://developer.mozilla.org/en-US/docs/Web/HTTP/Status/403",2026-07-17T10:38:40.252145
combat,bd6t527459t,,failed,0,0,,http_manifest,known,403,manifest,"Client error '403 ' for url 'https://openapiproext.bnf.fr/iiif/presentation/v3/ark:/12148/bd6t527459t/manifest.json'
For more information check: https://developer.mozilla.org/en-US/docs/Web/HTTP/Status/403",2026-07-17T10:38:41.455435
combat,bd6t5274601,,failed,0,0,,http_manifest,known,403,manifest,"Client error '403 ' for url 'https://openapiproext.bnf.fr/iiif/presentation/v3/ark:/12148/bd6t5274601/manifest.json'
For more information check: https://developer.mozilla.org/en-US/docs/Web/HTTP/Status/403",2026-07-17T10:38:42.655726
combat,bd6t527461c,,failed,0,0,,http_manifest,known,403,manifest,"Client error '403 ' for url 'https://openapiproext.bnf.fr/iiif/presentation/v3/ark:/12148/bd6t527461c/manifest.json'
For more information check: https://developer.mozilla.org/en-US/docs/Web/HTTP/Status/403",2026-07-17T10:38:43.858193
combat,bd6t527462q,,failed,0,0,,http_manifest,known,403,manifest,"Client error '403 ' for url 'https://openapiproext.bnf.fr/iiif/presentation/v3/ark:/12148/bd6t527462q/manifest.json'
For more information check: https://developer.mozilla.org/en-US/docs/Web/HTTP/Status/403",2026-07-17T10:38:45.062896
combat,bd6t5274632,,failed,0,0,,http_manifest,known,403,manifest,"Client error '403 ' for url 'https://openapiproext.bnf.fr/iiif/presentation/v3/ark:/12148/bd6t5274632/manifest.json'
For more information check: https://developer.mozilla.org/en-US/docs/Web/HTTP/Status/403",2026-07-17T10:38:46.260081
combat,bd6t527464d,,failed,0,0,,http_manifest,known,403,manifest,"Client error '403 ' for url 'https://openapiproext.bnf.fr/iiif/presentation/v3/ark:/12148/bd6t527464d/manifest.json'
For more information check: https://developer.mozilla.org/en-US/docs/Web/HTTP/Status/403",2026-07-17T10:38:47.462193
combat,bd6t527465r,,failed,0,0,,http_manifest,known,403,manifest,"Client error '403 ' for url 'https://openapiproext.bnf.fr/iiif/presentation/v3/ark:/12148/bd6t527465r/manifest.json'
For more information check: https://developer.mozilla.org/en-US/docs/Web/HTTP/Status/403",2026-07-17T10:38:48.689735
combat,bd6t5274663,,failed,0,0,,http_manifest,known,403,manifest,"Client error '403 ' for url 'https://openapiproext.bnf.fr/iiif/presentation/v3/ark:/12148/bd6t5274663/manifest.json'
For more information check: https://developer.mozilla.org/en-US/docs/Web/HTTP/Status/403",2026-07-17T10:38:49.870566
combat,bd6t527467f,,failed,0,0,,http_manifest,known,403,manifest,"Client error '403 ' for url 'https://openapiproext.bnf.fr/iiif/presentation/v3/ark:/12148/bd6t527467f/manifest.json'
For more information check: https://developer.mozilla.org/en-US/docs/Web/HTTP/Status/403",2026-07-17T10:38:51.066357
combat,bd6t527468s,,failed,0,0,,http_manifest,known,403,manifest,"Client error '403 ' for url 'https://openapiproext.bnf.fr/iiif/presentation/v3/ark:/12148/bd6t527468s/manifest.json'
For more information check: https://developer.mozilla.org/en-US/docs/Web/HTTP/Status/403",2026-07-17T10:38:52.266894
combat,bd6t5274694,,failed,0,0,,http_manifest,known,403,manifest,"Client error '403 ' for url 'https://openapiproext.bnf.fr/iiif/presentation/v3/ark:/12148/bd6t5274694/manifest.json'
For more information check: https://developer.mozilla.org/en-US/docs/Web/HTTP/Status/403",2026-07-17T10:38:53.471914
combat,bd6t527470b,,failed,0,0,,http_manifest,known,403,manifest,"Client error '403 ' for url 'https://openapiproext.bnf.fr/iiif/presentation/v3/ark:/12148/bd6t527470b/manifest.json'
For more information check: https://developer.mozilla.org/en-US/docs/Web/HTTP/Status/403",2026-07-17T10:38:54.672838
combat,bd6t527471p,,failed,0,0,,http_manifest,known,403,manifest,"Client error '403 ' for url 'https://openapiproext.bnf.fr/iiif/presentation/v3/ark:/12148/bd6t527471p/manifest.json'
For more information check: https://developer.mozilla.org/en-US/docs/Web/HTTP/Status/403",2026-07-17T10:38:55.871362
combat,bd6t5274721,,failed,0,0,,http_manifest,known,403,manifest,"Client error '403 ' for url 'https://openapiproext.bnf.fr/iiif/presentation/v3/ark:/12148/bd6t5274721/manifest.json'
For more information check: https://developer.mozilla.org/en-US/docs/Web/HTTP/Status/403",2026-07-17T10:38:57.074959
combat,bd6t527473c,,failed,0,0,,http_manifest,known,403,manifest,"Client error '403 ' for url 'https://openapiproext.bnf.fr/iiif/presentation/v3/ark:/12148/bd6t527473c/manifest.json'
For more information check: https://developer.mozilla.org/en-US/docs/Web/HTTP/Status/403",2026-07-17T10:38:58.276330
combat,bd6t527474q,,failed,0,0,,http_manifest,known,403,manifest,"Client error '403 ' for url 'https://openapiproext.bnf.fr/iiif/presentation/v3/ark:/12148/bd6t527474q/manifest.json'
For more information check: https://developer.mozilla.org/en-US/docs/Web/HTTP/Status/403",2026-07-17T10:38:59.517749
combat,bd6t5274752,,failed,0,0,,http_manifest,known,403,manifest,"Client error '403 ' for url 'https://openapiproext.bnf.fr/iiif/presentation/v3/ark:/12148/bd6t5274752/manifest.json'
For more information check: https://developer.mozilla.org/en-US/docs/Web/HTTP/Status/403",2026-07-17T10:39:00.900321
combat,bd6t527476d,,failed,0,0,,http_manifest,known,403,manifest,"Client error '403 ' for url 'https://openapiproext.bnf.fr/iiif/presentation/v3/ark:/12148/bd6t527476d/manifest.json'
For more information check: https://developer.mozilla.org/en-US/docs/Web/HTTP/Status/403",2026-07-17T10:39:01.918946
combat,bd6t527477r,,failed,0,0,,http_manifest,known,403,manifest,"Client error '403 ' for url 'https://openapiproext.bnf.fr/iiif/presentation/v3/ark:/12148/bd6t527477r/manifest.json'
For more information check: https://developer.mozilla.org/en-US/docs/Web/HTTP/Status/403",2026-07-17T10:39:03.082205
combat,bd6t5274783,,failed,0,0,,http_manifest,known,403,manifest,"Client error '403 ' for url 'https://openapiproext.bnf.fr/iiif/presentation/v3/ark:/12148/bd6t5274783/manifest.json'
For more information check: https://developer.mozilla.org/en-US/docs/Web/HTTP/Status/403",2026-07-17T10:39:04.466251
combat,bd6t527479f,,failed,0,0,,http_manifest,known,403,manifest,"Client error '403 ' for url 'https://openapiproext.bnf.fr/iiif/presentation/v3/ark:/12148/bd6t527479f/manifest.json'
For more information check: https://developer.mozilla.org/en-US/docs/Web/HTTP/Status/403",2026-07-17T10:39:05.630421
combat,bd6t527480n,,failed,0,0,,http_manifest,known,403,manifest,"Client error '403 ' for url 'https://openapiproext.bnf.fr/iiif/presentation/v3/ark:/12148/bd6t527480n/manifest.json'
For more information check: https://developer.mozilla.org/en-US/docs/Web/HTTP/Status/403",2026-07-17T10:39:06.714204
combat,bd6t5274810,,failed,0,0,,http_manifest,known,403,manifest,"Client error '403 ' for url 'https://openapiproext.bnf.fr/iiif/presentation/v3/ark:/12148/bd6t5274810/manifest.json'
For more information check: https://developer.mozilla.org/en-US/docs/Web/HTTP/Status/403",2026-07-17T10:39:07.888233
combat,bd6t527482b,,failed,0,0,,http_manifest,known,403,manifest,"Client error '403 ' for url 'https://openapiproext.bnf.fr/iiif/presentation/v3/ark:/12148/bd6t527482b/manifest.json'
For more information check: https://developer.mozilla.org/en-US/docs/Web/HTTP/Status/403",2026-07-17T10:39:09.092816
combat,bd6t527483p,,failed,0,0,,http_manifest,known,403,manifest,"Client error '403 ' for url 'https://openapiproext.bnf.fr/iiif/presentation/v3/ark:/12148/bd6t527483p/manifest.json'
For more information check: https://developer.mozilla.org/en-US/docs/Web/HTTP/Status/403",2026-07-17T10:39:10.293221
combat,bd6t5274841,,failed,0,0,,http_manifest,known,403,manifest,"Client error '403 ' for url 'https://openapiproext.bnf.fr/iiif/presentation/v3/ark:/12148/bd6t5274841/manifest.json'
For more information check: https://developer.mozilla.org/en-US/docs/Web/HTTP/Status/403",2026-07-17T10:39:11.495025
combat,bd6t527485c,,failed,0,0,,http_manifest,known,403,manifest,"Client error '403 ' for url 'https://openapiproext.bnf.fr/iiif/presentation/v3/ark:/12148/bd6t527485c/manifest.json'
For more information check: https://developer.mozilla.org/en-US/docs/Web/HTTP/Status/403",2026-07-17T10:39:12.700909
combat,bd6t527486q,,failed,0,0,,http_manifest,known,403,manifest,"Client error '403 ' for url 'https://openapiproext.bnf.fr/iiif/presentation/v3/ark:/12148/bd6t527486q/manifest.json'
For more information check: https://developer.mozilla.org/en-US/docs/Web/HTTP/Status/403",2026-07-17T10:39:13.942872
combat,bd6t5274872,,failed,0,0,,http_manifest,known,403,manifest,"Client error '403 ' for url 'https://openapiproext.bnf.fr/iiif/presentation/v3/ark:/12148/bd6t5274872/manifest.json'
For more information check: https://developer.mozilla.org/en-US/docs/Web/HTTP/Status/403",2026-07-17T10:39:15.213665
combat,bd6t527488d,,failed,0,0,,http_manifest,known,403,manifest,"Client error '403 ' for url 'https://openapiproext.bnf.fr/iiif/presentation/v3/ark:/12148/bd6t527488d/manifest.json'
For more information check: https://developer.mozilla.org/en-US/docs/Web/HTTP/Status/403",2026-07-17T10:39:16.302250
combat,bd6t527489r,,failed,0,0,,http_manifest,known,403,manifest,"Client error '403 ' for url 'https://openapiproext.bnf.fr/iiif/presentation/v3/ark:/12148/bd6t527489r/manifest.json'
For more information check: https://developer.mozilla.org/en-US/docs/Web/HTTP/Status/403",2026-07-17T10:39:17.504517
combat,bd6t527490z,,failed,0,0,,http_manifest,known,403,manifest,"Client error '403 ' for url 'https://openapiproext.bnf.fr/iiif/presentation/v3/ark:/12148/bd6t527490z/manifest.json'
For more information check: https://developer.mozilla.org/en-US/docs/Web/HTTP/Status/403",2026-07-17T10:39:18.730866
combat,bd6t5274919,,failed,0,0,,http_manifest,known,403,manifest,"Client error '403 ' for url 'https://openapiproext.bnf.fr/iiif/presentation/v3/ark:/12148/bd6t5274919/manifest.json'
For more information check: https://developer.mozilla.org/en-US/docs/Web/HTTP/Status/403",2026-07-17T10:39:19.908723
combat,bd6t527492n,,failed,0,0,,http_manifest,known,403,manifest,"Client error '403 ' for url 'https://openapiproext.bnf.fr/iiif/presentation/v3/ark:/12148/bd6t527492n/manifest.json'
For more information check: https://developer.mozilla.org/en-US/docs/Web/HTTP/Status/403",2026-07-17T10:39:21.108148
combat,bd6t5274930,,failed,0,0,,http_manifest,known,403,manifest,"Client error '403 ' for url 'https://openapiproext.bnf.fr/iiif/presentation/v3/ark:/12148/bd6t5274930/manifest.json'
For more information check: https://developer.mozilla.org/en-US/docs/Web/HTTP/Status/403",2026-07-17T10:39:22.307727
combat,bd6t527494b,,failed,0,0,,http_manifest,known,403,manifest,"Client error '403 ' for url 'https://openapiproext.bnf.fr/iiif/presentation/v3/ark:/12148/bd6t527494b/manifest.json'
For more information check: https://developer.mozilla.org/en-US/docs/Web/HTTP/Status/403",2026-07-17T10:39:23.511523
combat,bd6t527495p,,failed,0,0,,http_manifest,known,403,manifest,"Client error '403 ' for url 'https://openapiproext.bnf.fr/iiif/presentation/v3/ark:/12148/bd6t527495p/manifest.json'
For more information check: https://developer.mozilla.org/en-US/docs/Web/HTTP/Status/403",2026-07-17T10:39:24.716305
combat,bd6t5274961,,failed,0,0,,http_manifest,known,403,manifest,"Client error '403 ' for url 'https://openapiproext.bnf.fr/iiif/presentation/v3/ark:/12148/bd6t5274961/manifest.json'
For more information check: https://developer.mozilla.org/en-US/docs/Web/HTTP/Status/403",2026-07-17T10:39:25.918959
combat,bd6t527497c,,failed,0,0,,http_manifest,known,403,manifest,"Client error '403 ' for url 'https://openapiproext.bnf.fr/iiif/presentation/v3/ark:/12148/bd6t527497c/manifest.json'
For more information check: https://developer.mozilla.org/en-US/docs/Web/HTTP/Status/403",2026-07-17T10:39:27.118800
combat,bd6t527498q,,failed,0,0,,http_manifest,known,403,manifest,"Client error '403 ' for url 'https://openapiproext.bnf.fr/iiif/presentation/v3/ark:/12148/bd6t527498q/manifest.json'
For more information check: https://developer.mozilla.org/en-US/docs/Web/HTTP/Status/403",2026-07-17T10:39:28.322104
combat,bd6t5274992,,failed,0,0,,http_manifest,known,403,manifest,"Client error '403 ' for url 'https://openapiproext.bnf.fr/iiif/presentation/v3/ark:/12148/bd6t5274992/manifest.json'
For more information check: https://developer.mozilla.org/en-US/docs/Web/HTTP/Status/403",2026-07-17T10:39:29.523162
combat,bd6t527500f,,failed,0,0,,http_manifest,known,403,manifest,"Client error '403 ' for url 'https://openapiproext.bnf.fr/iiif/presentation/v3/ark:/12148/bd6t527500f/manifest.json'
For more information check: https://developer.mozilla.org/en-US/docs/Web/HTTP/Status/403",2026-07-17T10:39:30.746687
combat,bd6t527501s,,failed,0,0,,http_manifest,known,403,manifest,"Client error '403 ' for url 'https://openapiproext.bnf.fr/iiif/presentation/v3/ark:/12148/bd6t527501s/manifest.json'
For more information check: https://developer.mozilla.org/en-US/docs/Web/HTTP/Status/403",2026-07-17T10:39:31.925286
combat,bd6t5275024,,failed,0,0,,http_manifest,known,403,manifest,"Client error '403 ' for url 'https://openapiproext.bnf.fr/iiif/presentation/v3/ark:/12148/bd6t5275024/manifest.json'
For more information check: https://developer.mozilla.org/en-US/docs/Web/HTTP/Status/403",2026-07-17T10:39:33.127954
combat,bd6t527503g,,failed,0,0,,http_manifest,known,403,manifest,"Client error '403 ' for url 'https://openapiproext.bnf.fr/iiif/presentation/v3/ark:/12148/bd6t527503g/manifest.json'
For more information check: https://developer.mozilla.org/en-US/docs/Web/HTTP/Status/403",2026-07-17T10:39:34.329809
combat,bd6t527504t,,failed,0,0,,http_manifest,known,403,manifest,"Client error '403 ' for url 'https://openapiproext.bnf.fr/iiif/presentation/v3/ark:/12148/bd6t527504t/manifest.json'
For more information check: https://developer.mozilla.org/en-US/docs/Web/HTTP/Status/403",2026-07-17T10:39:35.532282
combat,bd6t5275055,,failed,0,0,,http_manifest,known,403,manifest,"Client error '403 ' for url 'https://openapiproext.bnf.fr/iiif/presentation/v3/ark:/12148/bd6t5275055/manifest.json'
For more information check: https://developer.mozilla.org/en-US/docs/Web/HTTP/Status/403",2026-07-17T10:39:36.754350
combat,bd6t527506h,,failed,0,0,,http_manifest,known,403,manifest,"Client error '403 ' for url 'https://openapiproext.bnf.fr/iiif/presentation/v3/ark:/12148/bd6t527506h/manifest.json'
For more information check: https://developer.mozilla.org/en-US/docs/Web/HTTP/Status/403",2026-07-17T10:39:37.935537
combat,bd6t527507v,,failed,0,0,,http_manifest,known,403,manifest,"Client error '403 ' for url 'https://openapiproext.bnf.fr/iiif/presentation/v3/ark:/12148/bd6t527507v/manifest.json'
For more information check: https://developer.mozilla.org/en-US/docs/Web/HTTP/Status/403",2026-07-17T10:39:39.133652
combat,bd6t5275086,,failed,0,0,,http_manifest,known,403,manifest,"Client error '403 ' for url 'https://openapiproext.bnf.fr/iiif/presentation/v3/ark:/12148/bd6t5275086/manifest.json'
For more information check: https://developer.mozilla.org/en-US/docs/Web/HTTP/Status/403",2026-07-17T10:39:40.333842
combat,bd6t527509j,,failed,0,0,,http_manifest,known,403,manifest,"Client error '403 ' for url 'https://openapiproext.bnf.fr/iiif/presentation/v3/ark:/12148/bd6t527509j/manifest.json'
For more information check: https://developer.mozilla.org/en-US/docs/Web/HTTP/Status/403",2026-07-17T10:39:41.535956
combat,bd6t527510r,,failed,0,0,,http_manifest,known,403,manifest,"Client error '403 ' for url 'https://openapiproext.bnf.fr/iiif/presentation/v3/ark:/12148/bd6t527510r/manifest.json'
For more information check: https://developer.mozilla.org/en-US/docs/Web/HTTP/Status/403",2026-07-17T10:39:42.738293
combat,bd6t5275113,,failed,0,0,,http_manifest,known,403,manifest,"Client error '403 ' for url 'https://openapiproext.bnf.fr/iiif/presentation/v3/ark:/12148/bd6t5275113/manifest.json'
For more information check: https://developer.mozilla.org/en-US/docs/Web/HTTP/Status/403",2026-07-17T10:39:43.939134
combat,bd6t527512f,,failed,0,0,,http_manifest,known,403,manifest,"Client error '403 ' for url 'https://openapiproext.bnf.fr/iiif/presentation/v3/ark:/12148/bd6t527512f/manifest.json'
For more information check: https://developer.mozilla.org/en-US/docs/Web/HTTP/Status/403",2026-07-17T10:39:45.141254
combat,bd6t527513s,,failed,0,0,,http_manifest,known,403,manifest,"Client error '403 ' for url 'https://openapiproext.bnf.fr/iiif/presentation/v3/ark:/12148/bd6t527513s/manifest.json'
For more information check: https://developer.mozilla.org/en-US/docs/Web/HTTP/Status/403",2026-07-17T10:39:46.340630
combat,bd6t5275144,,failed,0,0,,http_manifest,known,403,manifest,"Client error '403 ' for url 'https://openapiproext.bnf.fr/iiif/presentation/v3/ark:/12148/bd6t5275144/manifest.json'
For more information check: https://developer.mozilla.org/en-US/docs/Web/HTTP/Status/403",2026-07-17T10:39:47.544177
combat,bd6t527515g,,failed,0,0,,http_manifest,known,403,manifest,"Client error '403 ' for url 'https://openapiproext.bnf.fr/iiif/presentation/v3/ark:/12148/bd6t527515g/manifest.json'
For more information check: https://developer.mozilla.org/en-US/docs/Web/HTTP/Status/403",2026-07-17T10:39:48.763637
combat,bd6t527516t,,failed,0,0,,http_manifest,known,403,manifest,"Client error '403 ' for url 'https://openapiproext.bnf.fr/iiif/presentation/v3/ark:/12148/bd6t527516t/manifest.json'
For more information check: https://developer.mozilla.org/en-US/docs/Web/HTTP/Status/403",2026-07-17T10:39:49.947004
combat,bd6t5275175,,failed,0,0,,http_manifest,known,403,manifest,"Client error '403 ' for url 'https://openapiproext.bnf.fr/iiif/presentation/v3/ark:/12148/bd6t5275175/manifest.json'
For more information check: https://developer.mozilla.org/en-US/docs/Web/HTTP/Status/403",2026-07-17T10:39:51.146646
combat,bd6t527518h,,failed,0,0,,http_manifest,known,403,manifest,"Client error '403 ' for url 'https://openapiproext.bnf.fr/iiif/presentation/v3/ark:/12148/bd6t527518h/manifest.json'
For more information check: https://developer.mozilla.org/en-US/docs/Web/HTTP/Status/403",2026-07-17T10:39:52.345849
combat,bd6t527519v,,failed,0,0,,http_manifest,known,403,manifest,"Client error '403 ' for url 'https://openapiproext.bnf.fr/iiif/presentation/v3/ark:/12148/bd6t527519v/manifest.json'
For more information check: https://developer.mozilla.org/en-US/docs/Web/HTTP/Status/403",2026-07-17T10:39:53.550830
combat,bd6t5275202,,failed,0,0,,http_manifest,known,403,manifest,"Client error '403 ' for url 'https://openapiproext.bnf.fr/iiif/presentation/v3/ark:/12148/bd6t5275202/manifest.json'
For more information check: https://developer.mozilla.org/en-US/docs/Web/HTTP/Status/403",2026-07-17T10:39:54.756290
combat,bd6t527521d,,failed,0,0,,http_manifest,known,403,manifest,"Client error '403 ' for url 'https://openapiproext.bnf.fr/iiif/presentation/v3/ark:/12148/bd6t527521d/manifest.json'
For more information check: https://developer.mozilla.org/en-US/docs/Web/HTTP/Status/403",2026-07-17T10:39:55.957515
combat,bd6t527522r,,failed,0,0,,http_manifest,known,403,manifest,"Client error '403 ' for url 'https://openapiproext.bnf.fr/iiif/presentation/v3/ark:/12148/bd6t527522r/manifest.json'
For more information check: https://developer.mozilla.org/en-US/docs/Web/HTTP/Status/403",2026-07-17T10:39:57.150037
combat,bd6t5275233,,failed,0,0,,http_manifest,known,403,manifest,"Client error '403 ' for url 'https://openapiproext.bnf.fr/iiif/presentation/v3/ark:/12148/bd6t5275233/manifest.json'
For more information check: https://developer.mozilla.org/en-US/docs/Web/HTTP/Status/403",2026-07-17T10:39:58.470760
combat,bd6t527524f,,failed,0,0,,http_manifest,known,403,manifest,"Client error '403 ' for url 'https://openapiproext.bnf.fr/iiif/presentation/v3/ark:/12148/bd6t527524f/manifest.json'
For more information check: https://developer.mozilla.org/en-US/docs/Web/HTTP/Status/403",2026-07-17T10:39:59.578020
combat,bd6t527525s,,failed,0,0,,http_manifest,known,403,manifest,"Client error '403 ' for url 'https://openapiproext.bnf.fr/iiif/presentation/v3/ark:/12148/bd6t527525s/manifest.json'
For more information check: https://developer.mozilla.org/en-US/docs/Web/HTTP/Status/403",2026-07-17T10:40:00.903272
combat,bd6t5275264,,failed,0,0,,http_manifest,known,403,manifest,"Client error '403 ' for url 'https://openapiproext.bnf.fr/iiif/presentation/v3/ark:/12148/bd6t5275264/manifest.json'
For more information check: https://developer.mozilla.org/en-US/docs/Web/HTTP/Status/403",2026-07-17T10:40:01.966966
combat,bd6t527527g,,failed,0,0,,http_manifest,known,403,manifest,"Client error '403 ' for url 'https://openapiproext.bnf.fr/iiif/presentation/v3/ark:/12148/bd6t527527g/manifest.json'
For more information check: https://developer.mozilla.org/en-US/docs/Web/HTTP/Status/403",2026-07-17T10:40:03.189635
combat,bd6t527528t,,failed,0,0,,http_manifest,known,403,manifest,"Client error '403 ' for url 'https://openapiproext.bnf.fr/iiif/presentation/v3/ark:/12148/bd6t527528t/manifest.json'
For more information check: https://developer.mozilla.org/en-US/docs/Web/HTTP/Status/403",2026-07-17T10:40:04.588118
combat,bd6t5275295,,failed,0,0,,http_manifest,known,403,manifest,"Client error '403 ' for url 'https://openapiproext.bnf.fr/iiif/presentation/v3/ark:/12148/bd6t5275295/manifest.json'
For more information check: https://developer.mozilla.org/en-US/docs/Web/HTTP/Status/403",2026-07-17T10:40:05.580449
combat,bd6t5273764,,failed,0,0,,http_manifest,known,403,manifest,"Client error '403 ' for url 'https://openapiproext.bnf.fr/iiif/presentation/v3/ark:/12148/bd6t5273764/manifest.json'
For more information check: https://developer.mozilla.org/en-US/docs/Web/HTTP/Status/403",2026-07-17T10:40:06.823778
combat,bd6t527377g,,failed,0,0,,http_manifest,known,403,manifest,"Client error '403 ' for url 'https://openapiproext.bnf.fr/iiif/presentation/v3/ark:/12148/bd6t527377g/manifest.json'
For more information check: https://developer.mozilla.org/en-US/docs/Web/HTTP/Status/403",2026-07-17T10:40:07.970419
combat,bd6t527378t,,failed,0,0,,http_manifest,known,403,manifest,"Client error '403 ' for url 'https://openapiproext.bnf.fr/iiif/presentation/v3/ark:/12148/bd6t527378t/manifest.json'
For more information check: https://developer.mozilla.org/en-US/docs/Web/HTTP/Status/403",2026-07-17T10:40:09.182500
combat,bd6t5273795,,failed,0,0,,http_manifest,known,403,manifest,"Client error '403 ' for url 'https://openapiproext.bnf.fr/iiif/presentation/v3/ark:/12148/bd6t5273795/manifest.json'
For more information check: https://developer.mozilla.org/en-US/docs/Web/HTTP/Status/403",2026-07-17T10:40:10.580752
combat,bd6t527380c,,failed,0,0,,http_manifest,known,403,manifest,"Client error '403 ' for url 'https://openapiproext.bnf.fr/iiif/presentation/v3/ark:/12148/bd6t527380c/manifest.json'
For more information check: https://developer.mozilla.org/en-US/docs/Web/HTTP/Status/403",2026-07-17T10:40:11.746689
combat,bd6t527381q,,failed,0,0,,http_manifest,known,403,manifest,"Client error '403 ' for url 'https://openapiproext.bnf.fr/iiif/presentation/v3/ark:/12148/bd6t527381q/manifest.json'
For more information check: https://developer.mozilla.org/en-US/docs/Web/HTTP/Status/403",2026-07-17T10:40:12.995326
combat,bd6t5273822,,failed,0,0,,http_manifest,known,403,manifest,"Client error '403 ' for url 'https://openapiproext.bnf.fr/iiif/presentation/v3/ark:/12148/bd6t5273822/manifest.json'
For more information check: https://developer.mozilla.org/en-US/docs/Web/HTTP/Status/403",2026-07-17T10:40:13.990909
combat,bd6t527383d,,failed,0,0,,http_manifest,known,403,manifest,"Client error '403 ' for url 'https://openapiproext.bnf.fr/iiif/presentation/v3/ark:/12148/bd6t527383d/manifest.json'
For more information check: https://developer.mozilla.org/en-US/docs/Web/HTTP/Status/403",2026-07-17T10:40:15.364278
combat,bd6t527384r,,failed,0,0,,http_manifest,known,403,manifest,"Client error '403 ' for url 'https://openapiproext.bnf.fr/iiif/presentation/v3/ark:/12148/bd6t527384r/manifest.json'
For more information check: https://developer.mozilla.org/en-US/docs/Web/HTTP/Status/403",2026-07-17T10:40:16.571848
combat,bd6t5273853,,failed,0,0,,http_manifest,known,403,manifest,"Client error '403 ' for url 'https://openapiproext.bnf.fr/iiif/presentation/v3/ark:/12148/bd6t5273853/manifest.json'
For more information check: https://developer.mozilla.org/en-US/docs/Web/HTTP/Status/403",2026-07-17T10:40:17.837546
combat,bd6t527386f,,failed,0,0,,http_manifest,known,403,manifest,"Client error '403 ' for url 'https://openapiproext.bnf.fr/iiif/presentation/v3/ark:/12148/bd6t527386f/manifest.json'
For more information check: https://developer.mozilla.org/en-US/docs/Web/HTTP/Status/403",2026-07-17T10:40:19.057016
combat,bd6t527387s,,failed,0,0,,http_manifest,known,403,manifest,"Client error '403 ' for url 'https://openapiproext.bnf.fr/iiif/presentation/v3/ark:/12148/bd6t527387s/manifest.json'
For more information check: https://developer.mozilla.org/en-US/docs/Web/HTTP/Status/403",2026-07-17T10:40:19.984048
combat,bd6t5273884,,failed,0,0,,http_manifest,known,403,manifest,"Client error '403 ' for url 'https://openapiproext.bnf.fr/iiif/presentation/v3/ark:/12148/bd6t5273884/manifest.json'
For more information check: https://developer.mozilla.org/en-US/docs/Web/HTTP/Status/403",2026-07-17T10:40:21.190709
combat,bd6t527389g,,failed,0,0,,http_manifest,known,403,manifest,"Client error '403 ' for url 'https://openapiproext.bnf.fr/iiif/presentation/v3/ark:/12148/bd6t527389g/manifest.json'
For more information check: https://developer.mozilla.org/en-US/docs/Web/HTTP/Status/403",2026-07-17T10:40:22.385351
combat,bd6t527390p,,failed,0,0,,http_manifest,known,403,manifest,"Client error '403 ' for url 'https://openapiproext.bnf.fr/iiif/presentation/v3/ark:/12148/bd6t527390p/manifest.json'
For more information check: https://developer.mozilla.org/en-US/docs/Web/HTTP/Status/403",2026-07-17T10:40:23.586087
combat,bd6t5273911,,failed,0,0,,http_manifest,known,403,manifest,"Client error '403 ' for url 'https://openapiproext.bnf.fr/iiif/presentation/v3/ark:/12148/bd6t5273911/manifest.json'
For more information check: https://developer.mozilla.org/en-US/docs/Web/HTTP/Status/403",2026-07-17T10:40:24.813188
combat,bd6t527392c,,failed,0,0,,http_manifest,known,403,manifest,"Client error '403 ' for url 'https://openapiproext.bnf.fr/iiif/presentation/v3/ark:/12148/bd6t527392c/manifest.json'
For more information check: https://developer.mozilla.org/en-US/docs/Web/HTTP/Status/403",2026-07-17T10:40:25.988476
combat,bd6t527393q,,failed,0,0,,http_manifest,known,403,manifest,"Client error '403 ' for url 'https://openapiproext.bnf.fr/iiif/presentation/v3/ark:/12148/bd6t527393q/manifest.json'
For more information check: https://developer.mozilla.org/en-US/docs/Web/HTTP/Status/403",2026-07-17T10:40:27.190644
combat,bd6t5273942,,failed,0,0,,http_manifest,known,403,manifest,"Client error '403 ' for url 'https://openapiproext.bnf.fr/iiif/presentation/v3/ark:/12148/bd6t5273942/manifest.json'
For more information check: https://developer.mozilla.org/en-US/docs/Web/HTTP/Status/403",2026-07-17T10:40:28.405466
combat,bd6t527395d,,failed,0,0,,http_manifest,known,403,manifest,"Client error '403 ' for url 'https://openapiproext.bnf.fr/iiif/presentation/v3/ark:/12148/bd6t527395d/manifest.json'
For more information check: https://developer.mozilla.org/en-US/docs/Web/HTTP/Status/403",2026-07-17T10:40:29.593391
combat,bd6t527396r,,failed,0,0,,http_manifest,known,403,manifest,"Client error '403 ' for url 'https://openapiproext.bnf.fr/iiif/presentation/v3/ark:/12148/bd6t527396r/manifest.json'
For more information check: https://developer.mozilla.org/en-US/docs/Web/HTTP/Status/403",2026-07-17T10:40:30.797214
combat,bd6t5273973,,failed,0,0,,http_manifest,known,403,manifest,"Client error '403 ' for url 'https://openapiproext.bnf.fr/iiif/presentation/v3/ark:/12148/bd6t5273973/manifest.json'
For more information check: https://developer.mozilla.org/en-US/docs/Web/HTTP/Status/403",2026-07-17T10:40:31.996382
combat,bd6t527398f,,failed,0,0,,http_manifest,known,403,manifest,"Client error '403 ' for url 'https://openapiproext.bnf.fr/iiif/presentation/v3/ark:/12148/bd6t527398f/manifest.json'
For more information check: https://developer.mozilla.org/en-US/docs/Web/HTTP/Status/403",2026-07-17T10:40:33.200943
combat,bd6t527399s,,failed,0,0,,http_manifest,known,403,manifest,"Client error '403 ' for url 'https://openapiproext.bnf.fr/iiif/presentation/v3/ark:/12148/bd6t527399s/manifest.json'
For more information check: https://developer.mozilla.org/en-US/docs/Web/HTTP/Status/403",2026-07-17T10:40:34.616285
combat,bd6t5274005,,failed,0,0,,http_manifest,known,403,manifest,"Client error '403 ' for url 'https://openapiproext.bnf.fr/iiif/presentation/v3/ark:/12148/bd6t5274005/manifest.json'
For more information check: https://developer.mozilla.org/en-US/docs/Web/HTTP/Status/403",2026-07-17T10:40:35.606889
combat,bd6t527401h,,failed,0,0,,http_manifest,known,403,manifest,"Client error '403 ' for url 'https://openapiproext.bnf.fr/iiif/presentation/v3/ark:/12148/bd6t527401h/manifest.json'
For more information check: https://developer.mozilla.org/en-US/docs/Web/HTTP/Status/403",2026-07-17T10:40:36.826901
combat,bd6t527402v,,failed,0,0,,http_manifest,known,403,manifest,"Client error '403 ' for url 'https://openapiproext.bnf.fr/iiif/presentation/v3/ark:/12148/bd6t527402v/manifest.json'
For more information check: https://developer.mozilla.org/en-US/docs/Web/HTTP/Status/403",2026-07-17T10:40:38.017339
combat,bd6t5274036,,failed,0,0,,http_manifest,known,403,manifest,"Client error '403 ' for url 'https://openapiproext.bnf.fr/iiif/presentation/v3/ark:/12148/bd6t5274036/manifest.json'
For more information check: https://developer.mozilla.org/en-US/docs/Web/HTTP/Status/403",2026-07-17T10:40:39.208921
combat,bd6t527404j,,failed,0,0,,http_manifest,known,403,manifest,"Client error '403 ' for url 'https://openapiproext.bnf.fr/iiif/presentation/v3/ark:/12148/bd6t527404j/manifest.json'
For more information check: https://developer.mozilla.org/en-US/docs/Web/HTTP/Status/403",2026-07-17T10:40:40.417448
combat,bd6t527405w,,failed,0,0,,http_manifest,known,403,manifest,"Client error '403 ' for url 'https://openapiproext.bnf.fr/iiif/presentation/v3/ark:/12148/bd6t527405w/manifest.json'
For more information check: https://developer.mozilla.org/en-US/docs/Web/HTTP/Status/403",2026-07-17T10:40:41.612932
combat,bd6t5274067,,failed,0,0,,http_manifest,known,403,manifest,"Client error '403 ' for url 'https://openapiproext.bnf.fr/iiif/presentation/v3/ark:/12148/bd6t5274067/manifest.json'
For more information check: https://developer.mozilla.org/en-US/docs/Web/HTTP/Status/403",2026-07-17T10:40:42.814544
combat,bd6t527407k,,failed,0,0,,http_manifest,known,403,manifest,"Client error '403 ' for url 'https://openapiproext.bnf.fr/iiif/presentation/v3/ark:/12148/bd6t527407k/manifest.json'
For more information check: https://developer.mozilla.org/en-US/docs/Web/HTTP/Status/403",2026-07-17T10:40:44.016871
combat,bd6t527408x,,failed,0,0,,http_manifest,known,403,manifest,"Client error '403 ' for url 'https://openapiproext.bnf.fr/iiif/presentation/v3/ark:/12148/bd6t527408x/manifest.json'
For more information check: https://developer.mozilla.org/en-US/docs/Web/HTTP/Status/403",2026-07-17T10:40:45.219509
combat,bd6t5274098,,failed,0,0,,http_manifest,known,403,manifest,"Client error '403 ' for url 'https://openapiproext.bnf.fr/iiif/presentation/v3/ark:/12148/bd6t5274098/manifest.json'
For more information check: https://developer.mozilla.org/en-US/docs/Web/HTTP/Status/403",2026-07-17T10:40:46.417236
combat,bd6t527410g,,failed,0,0,,http_manifest,known,403,manifest,"Client error '403 ' for url 'https://openapiproext.bnf.fr/iiif/presentation/v3/ark:/12148/bd6t527410g/manifest.json'
For more information check: https://developer.mozilla.org/en-US/docs/Web/HTTP/Status/403",2026-07-17T10:40:47.622863
combat,bd6t527411t,,failed,0,0,,http_manifest,known,403,manifest,"Client error '403 ' for url 'https://openapiproext.bnf.fr/iiif/presentation/v3/ark:/12148/bd6t527411t/manifest.json'
For more information check: https://developer.mozilla.org/en-US/docs/Web/HTTP/Status/403",2026-07-17T10:40:48.847480
combat,bd6t5274125,,failed,0,0,,http_manifest,known,403,manifest,"Client error '403 ' for url 'https://openapiproext.bnf.fr/iiif/presentation/v3/ark:/12148/bd6t5274125/manifest.json'
For more information check: https://developer.mozilla.org/en-US/docs/Web/HTTP/Status/403",2026-07-17T10:40:50.025218
combat,bd6t527413h,,failed,0,0,,http_manifest,known,403,manifest,"Client error '403 ' for url 'https://openapiproext.bnf.fr/iiif/presentation/v3/ark:/12148/bd6t527413h/manifest.json'
For more information check: https://developer.mozilla.org/en-US/docs/Web/HTTP/Status/403",2026-07-17T10:40:51.300037
combat,bd6t527414v,,failed,0,0,,http_manifest,known,403,manifest,"Client error '403 ' for url 'https://openapiproext.bnf.fr/iiif/presentation/v3/ark:/12148/bd6t527414v/manifest.json'
For more information check: https://developer.mozilla.org/en-US/docs/Web/HTTP/Status/403",2026-07-17T10:40:52.429048
combat,bd6t5274156,,failed,0,0,,http_manifest,known,403,manifest,"Client error '403 ' for url 'https://openapiproext.bnf.fr/iiif/presentation/v3/ark:/12148/bd6t5274156/manifest.json'
For more information check: https://developer.mozilla.org/en-US/docs/Web/HTTP/Status/403",2026-07-17T10:40:53.631711
combat,bd6t527416j,,failed,0,0,,http_manifest,known,403,manifest,"Client error '403 ' for url 'https://openapiproext.bnf.fr/iiif/presentation/v3/ark:/12148/bd6t527416j/manifest.json'
For more information check: https://developer.mozilla.org/en-US/docs/Web/HTTP/Status/403",2026-07-17T10:40:54.857881
combat,bd6t527417w,,failed,0,0,,http_manifest,known,403,manifest,"Client error '403 ' for url 'https://openapiproext.bnf.fr/iiif/presentation/v3/ark:/12148/bd6t527417w/manifest.json'
For more information check: https://developer.mozilla.org/en-US/docs/Web/HTTP/Status/403",2026-07-17T10:40:56.033582
combat,bd6t5274187,,failed,0,0,,http_manifest,known,403,manifest,"Client error '403 ' for url 'https://openapiproext.bnf.fr/iiif/presentation/v3/ark:/12148/bd6t5274187/manifest.json'
For more information check: https://developer.mozilla.org/en-US/docs/Web/HTTP/Status/403",2026-07-17T10:40:57.233006
combat,bd6t527419k,,failed,0,0,,http_manifest,known,403,manifest,"Client error '403 ' for url 'https://openapiproext.bnf.fr/iiif/presentation/v3/ark:/12148/bd6t527419k/manifest.json'
For more information check: https://developer.mozilla.org/en-US/docs/Web/HTTP/Status/403",2026-07-17T10:40:58.691353
combat,bd6t527420s,,failed,0,0,,http_manifest,known,403,manifest,"Client error '403 ' for url 'https://openapiproext.bnf.fr/iiif/presentation/v3/ark:/12148/bd6t527420s/manifest.json'
For more information check: https://developer.mozilla.org/en-US/docs/Web/HTTP/Status/403",2026-07-17T10:40:59.636355
combat,bd6t5274214,,failed,0,0,,http_manifest,known,403,manifest,"Client error '403 ' for url 'https://openapiproext.bnf.fr/iiif/presentation/v3/ark:/12148/bd6t5274214/manifest.json'
For more information check: https://developer.mozilla.org/en-US/docs/Web/HTTP/Status/403",2026-07-17T10:41:01.046311
combat,bd6t527422g,,failed,0,0,,http_manifest,known,403,manifest,"Client error '403 ' for url 'https://openapiproext.bnf.fr/iiif/presentation/v3/ark:/12148/bd6t527422g/manifest.json'
For more information check: https://developer.mozilla.org/en-US/docs/Web/HTTP/Status/403",2026-07-17T10:41:02.042578
combat,bd6t527423t,,failed,0,0,,http_manifest,known,403,manifest,"Client error '403 ' for url 'https://openapiproext.bnf.fr/iiif/presentation/v3/ark:/12148/bd6t527423t/manifest.json'
For more information check: https://developer.mozilla.org/en-US/docs/Web/HTTP/Status/403",2026-07-17T10:41:03.245777
combat,bd6t5274245,,failed,0,0,,http_manifest,known,403,manifest,"Client error '403 ' for url 'https://openapiproext.bnf.fr/iiif/presentation/v3/ark:/12148/bd6t5274245/manifest.json'
For more information check: https://developer.mozilla.org/en-US/docs/Web/HTTP/Status/403",2026-07-17T10:41:04.583734
combat,bd6t527425h,,failed,0,0,,http_manifest,known,403,manifest,"Client error '403 ' for url 'https://openapiproext.bnf.fr/iiif/presentation/v3/ark:/12148/bd6t527425h/manifest.json'
For more information check: https://developer.mozilla.org/en-US/docs/Web/HTTP/Status/403",2026-07-17T10:41:05.923547
combat,bd6t527426v,,failed,0,0,,http_manifest,known,403,manifest,"Client error '403 ' for url 'https://openapiproext.bnf.fr/iiif/presentation/v3/ark:/12148/bd6t527426v/manifest.json'
For more information check: https://developer.mozilla.org/en-US/docs/Web/HTTP/Status/403",2026-07-17T10:41:06.888680
combat,bd6t5274276,,failed,0,0,,http_manifest,known,403,manifest,"Client error '403 ' for url 'https://openapiproext.bnf.fr/iiif/presentation/v3/ark:/12148/bd6t5274276/manifest.json'
For more information check: https://developer.mozilla.org/en-US/docs/Web/HTTP/Status/403",2026-07-17T10:41:08.113948
combat,bd6t527428j,,failed,0,0,,http_manifest,known,403,manifest,"Client error '403 ' for url 'https://openapiproext.bnf.fr/iiif/presentation/v3/ark:/12148/bd6t527428j/manifest.json'
For more information check: https://developer.mozilla.org/en-US/docs/Web/HTTP/Status/403",2026-07-17T10:41:09.449177
combat,bd6t527429w,,failed,0,0,,http_manifest,known,403,manifest,"Client error '403 ' for url 'https://openapiproext.bnf.fr/iiif/presentation/v3/ark:/12148/bd6t527429w/manifest.json'
For more information check: https://developer.mozilla.org/en-US/docs/Web/HTTP/Status/403",2026-07-17T10:41:10.454972
combat,bd6t5274303,,failed,0,0,,http_manifest,known,403,manifest,"Client error '403 ' for url 'https://openapiproext.bnf.fr/iiif/presentation/v3/ark:/12148/bd6t5274303/manifest.json'
For more information check: https://developer.mozilla.org/en-US/docs/Web/HTTP/Status/403",2026-07-17T10:41:11.664190
combat,bd6t527431f,,failed,0,0,,http_manifest,known,403,manifest,"Client error '403 ' for url 'https://openapiproext.bnf.fr/iiif/presentation/v3/ark:/12148/bd6t527431f/manifest.json'
For more information check: https://developer.mozilla.org/en-US/docs/Web/HTTP/Status/403",2026-07-17T10:41:12.860119
combat,bd6t527432s,,failed,0,0,,http_manifest,known,403,manifest,"Client error '403 ' for url 'https://openapiproext.bnf.fr/iiif/presentation/v3/ark:/12148/bd6t527432s/manifest.json'
For more information check: https://developer.mozilla.org/en-US/docs/Web/HTTP/Status/403",2026-07-17T10:41:14.281531
combat,bd6t5274334,,failed,0,0,,http_manifest,known,403,manifest,"Client error '403 ' for url 'https://openapiproext.bnf.fr/iiif/presentation/v3/ark:/12148/bd6t5274334/manifest.json'
For more information check: https://developer.mozilla.org/en-US/docs/Web/HTTP/Status/403",2026-07-17T10:41:15.280451
combat,bd6t527434g,,failed,0,0,,http_manifest,known,403,manifest,"Client error '403 ' for url 'https://openapiproext.bnf.fr/iiif/presentation/v3/ark:/12148/bd6t527434g/manifest.json'
For more information check: https://developer.mozilla.org/en-US/docs/Web/HTTP/Status/403",2026-07-17T10:41:16.636898
combat,bd6t527435t,,failed,0,0,,http_manifest,known,403,manifest,"Client error '403 ' for url 'https://openapiproext.bnf.fr/iiif/presentation/v3/ark:/12148/bd6t527435t/manifest.json'
For more information check: https://developer.mozilla.org/en-US/docs/Web/HTTP/Status/403",2026-07-17T10:41:17.661770
combat,bd6t5274365,,failed,0,0,,http_manifest,known,403,manifest,"Client error '403 ' for url 'https://openapiproext.bnf.fr/iiif/presentation/v3/ark:/12148/bd6t5274365/manifest.json'
For more information check: https://developer.mozilla.org/en-US/docs/Web/HTTP/Status/403",2026-07-17T10:41:18.995844
combat,bd6t527437h,,failed,0,0,,http_manifest,known,403,manifest,"Client error '403 ' for url 'https://openapiproext.bnf.fr/iiif/presentation/v3/ark:/12148/bd6t527437h/manifest.json'
For more information check: https://developer.mozilla.org/en-US/docs/Web/HTTP/Status/403",2026-07-17T10:41:20.066722
combat,bd6t527438v,,failed,0,0,,http_manifest,known,403,manifest,"Client error '403 ' for url 'https://openapiproext.bnf.fr/iiif/presentation/v3/ark:/12148/bd6t527438v/manifest.json'
For more information check: https://developer.mozilla.org/en-US/docs/Web/HTTP/Status/403",2026-07-17T10:41:21.265930
combat,bd6t5274396,,failed,0,0,,http_manifest,known,403,manifest,"Client error '403 ' for url 'https://openapiproext.bnf.fr/iiif/presentation/v3/ark:/12148/bd6t5274396/manifest.json'
For more information check: https://developer.mozilla.org/en-US/docs/Web/HTTP/Status/403",2026-07-17T10:41:22.463579
combat,bd6t527440d,,failed,0,0,,http_manifest,known,403,manifest,"Client error '403 ' for url 'https://openapiproext.bnf.fr/iiif/presentation/v3/ark:/12148/bd6t527440d/manifest.json'
For more information check: https://developer.mozilla.org/en-US/docs/Web/HTTP/Status/403",2026-07-17T10:41:23.669497
combat,bd6t527441r,,failed,0,0,,http_manifest,known,403,manifest,"Client error '403 ' for url 'https://openapiproext.bnf.fr/iiif/presentation/v3/ark:/12148/bd6t527441r/manifest.json'
For more information check: https://developer.mozilla.org/en-US/docs/Web/HTTP/Status/403",2026-07-17T10:41:24.883065
combat,bd6t5274423,,failed,0,0,,http_manifest,known,403,manifest,"Client error '403 ' for url 'https://openapiproext.bnf.fr/iiif/presentation/v3/ark:/12148/bd6t5274423/manifest.json'
For more information check: https://developer.mozilla.org/en-US/docs/Web/HTTP/Status/403",2026-07-17T10:41:26.071673
combat,bd6t527443f,,failed,0,0,,http_manifest,known,403,manifest,"Client error '403 ' for url 'https://openapiproext.bnf.fr/iiif/presentation/v3/ark:/12148/bd6t527443f/manifest.json'
For more information check: https://developer.mozilla.org/en-US/docs/Web/HTTP/Status/403",2026-07-17T10:41:27.272894
combat,bd6t527444s,,failed,0,0,,http_manifest,known,403,manifest,"Client error '403 ' for url 'https://openapiproext.bnf.fr/iiif/presentation/v3/ark:/12148/bd6t527444s/manifest.json'
For more information check: https://developer.mozilla.org/en-US/docs/Web/HTTP/Status/403",2026-07-17T10:41:28.477405
combat,bd6t5274454,,failed,0,0,,http_manifest,known,403,manifest,"Client error '403 ' for url 'https://openapiproext.bnf.fr/iiif/presentation/v3/ark:/12148/bd6t5274454/manifest.json'
For more information check: https://developer.mozilla.org/en-US/docs/Web/HTTP/Status/403",2026-07-17T10:41:29.671312
combat,bd6t527446g,,failed,0,0,,http_manifest,known,403,manifest,"Client error '403 ' for url 'https://openapiproext.bnf.fr/iiif/presentation/v3/ark:/12148/bd6t527446g/manifest.json'
For more information check: https://developer.mozilla.org/en-US/docs/Web/HTTP/Status/403",2026-07-17T10:41:30.872507
combat,bd6t527447t,,failed,0,0,,http_manifest,known,403,manifest,"Client error '403 ' for url 'https://openapiproext.bnf.fr/iiif/presentation/v3/ark:/12148/bd6t527447t/manifest.json'
For more information check: https://developer.mozilla.org/en-US/docs/Web/HTTP/Status/403",2026-07-17T10:41:32.076436
combat,bd6t5274485,,failed,0,0,,http_manifest,known,403,manifest,"Client error '403 ' for url 'https://openapiproext.bnf.fr/iiif/presentation/v3/ark:/12148/bd6t5274485/manifest.json'
For more information check: https://developer.mozilla.org/en-US/docs/Web/HTTP/Status/403",2026-07-17T10:41:33.276816
combat,bd6t527449h,,failed,0,0,,http_manifest,known,403,manifest,"Client error '403 ' for url 'https://openapiproext.bnf.fr/iiif/presentation/v3/ark:/12148/bd6t527449h/manifest.json'
For more information check: https://developer.mozilla.org/en-US/docs/Web/HTTP/Status/403",2026-07-17T10:41:34.497046
combat,bd6t527450q,,failed,0,0,,http_manifest,known,403,manifest,"Client error '403 ' for url 'https://openapiproext.bnf.fr/iiif/presentation/v3/ark:/12148/bd6t527450q/manifest.json'
For more information check: https://developer.mozilla.org/en-US/docs/Web/HTTP/Status/403",2026-07-17T10:41:35.695512
combat,bd6t5274512,,failed,0,0,,http_manifest,known,403,manifest,"Client error '403 ' for url 'https://openapiproext.bnf.fr/iiif/presentation/v3/ark:/12148/bd6t5274512/manifest.json'
For more information check: https://developer.mozilla.org/en-US/docs/Web/HTTP/Status/403",2026-07-17T10:41:36.907253
combat,bd6t527452d,,failed,0,0,,http_manifest,known,403,manifest,"Client error '403 ' for url 'https://openapiproext.bnf.fr/iiif/presentation/v3/ark:/12148/bd6t527452d/manifest.json'
For more information check: https://developer.mozilla.org/en-US/docs/Web/HTTP/Status/403",2026-07-17T10:41:38.086062
combat,bd6t527141x,,failed,0,0,,http_manifest,known,403,manifest,"Client error '403 ' for url 'https://openapiproext.bnf.fr/iiif/presentation/v3/ark:/12148/bd6t527141x/manifest.json'
For more information check: https://developer.mozilla.org/en-US/docs/Web/HTTP/Status/403",2026-07-17T10:41:39.289571
combat,bd6t5271428,,failed,0,0,,http_manifest,known,403,manifest,"Client error '403 ' for url 'https://openapiproext.bnf.fr/iiif/presentation/v3/ark:/12148/bd6t5271428/manifest.json'
For more information check: https://developer.mozilla.org/en-US/docs/Web/HTTP/Status/403",2026-07-17T10:41:40.601183
combat,bd6t527143m,,failed,0,0,,http_manifest,known,403,manifest,"Client error '403 ' for url 'https://openapiproext.bnf.fr/iiif/presentation/v3/ark:/12148/bd6t527143m/manifest.json'
For more information check: https://developer.mozilla.org/en-US/docs/Web/HTTP/Status/403",2026-07-17T10:41:41.688711
combat,bd6t527144z,,failed,0,0,,http_manifest,known,403,manifest,"Client error '403 ' for url 'https://openapiproext.bnf.fr/iiif/presentation/v3/ark:/12148/bd6t527144z/manifest.json'
For more information check: https://developer.mozilla.org/en-US/docs/Web/HTTP/Status/403",2026-07-17T10:41:42.893900
combat,bd6t5271459,,failed,0,0,,http_manifest,known,403,manifest,"Client error '403 ' for url 'https://openapiproext.bnf.fr/iiif/presentation/v3/ark:/12148/bd6t5271459/manifest.json'
For more information check: https://developer.mozilla.org/en-US/docs/Web/HTTP/Status/403",2026-07-17T10:41:44.088959
combat,bd6t527146n,,failed,0,0,,http_manifest,known,403,manifest,"Client error '403 ' for url 'https://openapiproext.bnf.fr/iiif/presentation/v3/ark:/12148/bd6t527146n/manifest.json'
For more information check: https://developer.mozilla.org/en-US/docs/Web/HTTP/Status/403",2026-07-17T10:41:45.294315
combat,bd6t5271470,,failed,0,0,,http_manifest,known,403,manifest,"Client error '403 ' for url 'https://openapiproext.bnf.fr/iiif/presentation/v3/ark:/12148/bd6t5271470/manifest.json'
For more information check: https://developer.mozilla.org/en-US/docs/Web/HTTP/Status/403",2026-07-17T10:41:46.496060
combat,bd6t527148b,,failed,0,0,,http_manifest,known,403,manifest,"Client error '403 ' for url 'https://openapiproext.bnf.fr/iiif/presentation/v3/ark:/12148/bd6t527148b/manifest.json'
For more information check: https://developer.mozilla.org/en-US/docs/Web/HTTP/Status/403",2026-07-17T10:41:47.700710
combat,bd6t527149p,,failed,0,0,,http_manifest,known,403,manifest,"Client error '403 ' for url 'https://openapiproext.bnf.fr/iiif/presentation/v3/ark:/12148/bd6t527149p/manifest.json'
For more information check: https://developer.mozilla.org/en-US/docs/Web/HTTP/Status/403",2026-07-17T10:41:48.898622
combat,bd6t527150w,,failed,0,0,,http_manifest,known,403,manifest,"Client error '403 ' for url 'https://openapiproext.bnf.fr/iiif/presentation/v3/ark:/12148/bd6t527150w/manifest.json'
For more information check: https://developer.mozilla.org/en-US/docs/Web/HTTP/Status/403",2026-07-17T10:41:50.099924
combat,bd6t5271517,,failed,0,0,,http_manifest,known,403,manifest,"Client error '403 ' for url 'https://openapiproext.bnf.fr/iiif/presentation/v3/ark:/12148/bd6t5271517/manifest.json'
For more information check: https://developer.mozilla.org/en-US/docs/Web/HTTP/Status/403",2026-07-17T10:41:51.306561
combat,bd6t527152k,,failed,0,0,,http_manifest,known,403,manifest,"Client error '403 ' for url 'https://openapiproext.bnf.fr/iiif/presentation/v3/ark:/12148/bd6t527152k/manifest.json'
For more information check: https://developer.mozilla.org/en-US/docs/Web/HTTP/Status/403",2026-07-17T10:41:52.503252
combat,bd6t527153x,,failed,0,0,,http_manifest,known,403,manifest,"Client error '403 ' for url 'https://openapiproext.bnf.fr/iiif/presentation/v3/ark:/12148/bd6t527153x/manifest.json'
For more information check: https://developer.mozilla.org/en-US/docs/Web/HTTP/Status/403",2026-07-17T10:41:53.711766
combat,bd6t5271548,,failed,0,0,,http_manifest,known,403,manifest,"Client error '403 ' for url 'https://openapiproext.bnf.fr/iiif/presentation/v3/ark:/12148/bd6t5271548/manifest.json'
For more information check: https://developer.mozilla.org/en-US/docs/Web/HTTP/Status/403",2026-07-17T10:41:54.956661
combat,bd6t527155m,,failed,0,0,,http_manifest,known,403,manifest,"Client error '403 ' for url 'https://openapiproext.bnf.fr/iiif/presentation/v3/ark:/12148/bd6t527155m/manifest.json'
For more information check: https://developer.mozilla.org/en-US/docs/Web/HTTP/Status/403",2026-07-17T10:41:56.118654
combat,bd6t527156z,,failed,0,0,,http_manifest,known,403,manifest,"Client error '403 ' for url 'https://openapiproext.bnf.fr/iiif/presentation/v3/ark:/12148/bd6t527156z/manifest.json'
For more information check: https://developer.mozilla.org/en-US/docs/Web/HTTP/Status/403",2026-07-17T10:41:57.308879
combat,bd6t5271579,,failed,0,0,,http_manifest,known,403,manifest,"Client error '403 ' for url 'https://openapiproext.bnf.fr/iiif/presentation/v3/ark:/12148/bd6t5271579/manifest.json'
For more information check: https://developer.mozilla.org/en-US/docs/Web/HTTP/Status/403",2026-07-17T10:41:58.514448
combat,bd6t527158n,,failed,0,0,,http_manifest,known,403,manifest,"Client error '403 ' for url 'https://openapiproext.bnf.fr/iiif/presentation/v3/ark:/12148/bd6t527158n/manifest.json'
For more information check: https://developer.mozilla.org/en-US/docs/Web/HTTP/Status/403",2026-07-17T10:41:59.859850
combat,bd6t5271590,,failed,0,0,,http_manifest,known,403,manifest,"Client error '403 ' for url 'https://openapiproext.bnf.fr/iiif/presentation/v3/ark:/12148/bd6t5271590/manifest.json'
For more information check: https://developer.mozilla.org/en-US/docs/Web/HTTP/Status/403",2026-07-17T10:42:01.145903
combat,bd6t5271606,,failed,0,0,,http_manifest,known,403,manifest,"Client error '403 ' for url 'https://openapiproext.bnf.fr/iiif/presentation/v3/ark:/12148/bd6t5271606/manifest.json'
For more information check: https://developer.mozilla.org/en-US/docs/Web/HTTP/Status/403",2026-07-17T10:42:02.168507
combat,bd6t527161j,,failed,0,0,,http_manifest,known,403,manifest,"Client error '403 ' for url 'https://openapiproext.bnf.fr/iiif/presentation/v3/ark:/12148/bd6t527161j/manifest.json'
For more information check: https://developer.mozilla.org/en-US/docs/Web/HTTP/Status/403",2026-07-17T10:42:03.318604
combat,bd6t527162w,,failed,0,0,,http_manifest,known,403,manifest,"Client error '403 ' for url 'https://openapiproext.bnf.fr/iiif/presentation/v3/ark:/12148/bd6t527162w/manifest.json'
For more information check: https://developer.mozilla.org/en-US/docs/Web/HTTP/Status/403",2026-07-17T10:42:04.783555
combat,bd6t5271637,,failed,0,0,,http_manifest,known,403,manifest,"Client error '403 ' for url 'https://openapiproext.bnf.fr/iiif/presentation/v3/ark:/12148/bd6t5271637/manifest.json'
For more information check: https://developer.mozilla.org/en-US/docs/Web/HTTP/Status/403",2026-07-17T10:42:05.831586
combat,bd6t527164k,,failed,0,0,,http_manifest,known,403,manifest,"Client error '403 ' for url 'https://openapiproext.bnf.fr/iiif/presentation/v3/ark:/12148/bd6t527164k/manifest.json'
For more information check: https://developer.mozilla.org/en-US/docs/Web/HTTP/Status/403",2026-07-17T10:42:06.957986
combat,bd6t527165x,,failed,0,0,,http_manifest,known,403,manifest,"Client error '403 ' for url 'https://openapiproext.bnf.fr/iiif/presentation/v3/ark:/12148/bd6t527165x/manifest.json'
For more information check: https://developer.mozilla.org/en-US/docs/Web/HTTP/Status/403",2026-07-17T10:42:08.128751
combat,bd6t5271668,,failed,0,0,,http_manifest,known,403,manifest,"Client error '403 ' for url 'https://openapiproext.bnf.fr/iiif/presentation/v3/ark:/12148/bd6t5271668/manifest.json'
For more information check: https://developer.mozilla.org/en-US/docs/Web/HTTP/Status/403",2026-07-17T10:42:09.334191
combat,bd6t527167m,,failed,0,0,,http_manifest,known,403,manifest,"Client error '403 ' for url 'https://openapiproext.bnf.fr/iiif/presentation/v3/ark:/12148/bd6t527167m/manifest.json'
For more information check: https://developer.mozilla.org/en-US/docs/Web/HTTP/Status/403",2026-07-17T10:42:10.539976
combat,bd6t527168z,,failed,0,0,,http_manifest,known,403,manifest,"Client error '403 ' for url 'https://openapiproext.bnf.fr/iiif/presentation/v3/ark:/12148/bd6t527168z/manifest.json'
For more information check: https://developer.mozilla.org/en-US/docs/Web/HTTP/Status/403",2026-07-17T10:42:11.731028
combat,bd6t5271699,,failed,0,0,,http_manifest,known,403,manifest,"Client error '403 ' for url 'https://openapiproext.bnf.fr/iiif/presentation/v3/ark:/12148/bd6t5271699/manifest.json'
For more information check: https://developer.mozilla.org/en-US/docs/Web/HTTP/Status/403",2026-07-17T10:42:12.934208
combat,bd6t527170h,,failed,0,0,,http_manifest,known,403,manifest,"Client error '403 ' for url 'https://openapiproext.bnf.fr/iiif/presentation/v3/ark:/12148/bd6t527170h/manifest.json'
For more information check: https://developer.mozilla.org/en-US/docs/Web/HTTP/Status/403",2026-07-17T10:42:14.134300
combat,bd6t527171v,,failed,0,0,,http_manifest,known,403,manifest,"Client error '403 ' for url 'https://openapiproext.bnf.fr/iiif/presentation/v3/ark:/12148/bd6t527171v/manifest.json'
For more information check: https://developer.mozilla.org/en-US/docs/Web/HTTP/Status/403",2026-07-17T10:42:15.333463
combat,bd6t5271726,,failed,0,0,,http_manifest,known,403,manifest,"Client error '403 ' for url 'https://openapiproext.bnf.fr/iiif/presentation/v3/ark:/12148/bd6t5271726/manifest.json'
For more information check: https://developer.mozilla.org/en-US/docs/Web/HTTP/Status/403",2026-07-17T10:42:16.542185
combat,bd6t527173j,,failed,0,0,,http_manifest,known,403,manifest,"Client error '403 ' for url 'https://openapiproext.bnf.fr/iiif/presentation/v3/ark:/12148/bd6t527173j/manifest.json'
For more information check: https://developer.mozilla.org/en-US/docs/Web/HTTP/Status/403",2026-07-17T10:42:17.773668
combat,bd6t527174w,,failed,0,0,,http_manifest,known,403,manifest,"Client error '403 ' for url 'https://openapiproext.bnf.fr/iiif/presentation/v3/ark:/12148/bd6t527174w/manifest.json'
For more information check: https://developer.mozilla.org/en-US/docs/Web/HTTP/Status/403",2026-07-17T10:42:18.941237
combat,bd6t5271757,,failed,0,0,,http_manifest,known,403,manifest,"Client error '403 ' for url 'https://openapiproext.bnf.fr/iiif/presentation/v3/ark:/12148/bd6t5271757/manifest.json'
For more information check: https://developer.mozilla.org/en-US/docs/Web/HTTP/Status/403",2026-07-17T10:42:20.141634
combat,bd6t527176k,,failed,0,0,,http_manifest,known,403,manifest,"Client error '403 ' for url 'https://openapiproext.bnf.fr/iiif/presentation/v3/ark:/12148/bd6t527176k/manifest.json'
For more information check: https://developer.mozilla.org/en-US/docs/Web/HTTP/Status/403",2026-07-17T10:42:21.345814
combat,bd6t527177x,,failed,0,0,,http_manifest,known,403,manifest,"Client error '403 ' for url 'https://openapiproext.bnf.fr/iiif/presentation/v3/ark:/12148/bd6t527177x/manifest.json'
For more information check: https://developer.mozilla.org/en-US/docs/Web/HTTP/Status/403",2026-07-17T10:42:22.545942
combat,bd6t5271788,,failed,0,0,,http_manifest,known,403,manifest,"Client error '403 ' for url 'https://openapiproext.bnf.fr/iiif/presentation/v3/ark:/12148/bd6t5271788/manifest.json'
For more information check: https://developer.mozilla.org/en-US/docs/Web/HTTP/Status/403",2026-07-17T10:42:23.754397
combat,bd6t527179m,,failed,0,0,,http_manifest,known,403,manifest,"Client error '403 ' for url 'https://openapiproext.bnf.fr/iiif/presentation/v3/ark:/12148/bd6t527179m/manifest.json'
For more information check: https://developer.mozilla.org/en-US/docs/Web/HTTP/Status/403",2026-07-17T10:42:24.948625
combat,bd6t527180t,,failed,0,0,,http_manifest,known,403,manifest,"Client error '403 ' for url 'https://openapiproext.bnf.fr/iiif/presentation/v3/ark:/12148/bd6t527180t/manifest.json'
For more information check: https://developer.mozilla.org/en-US/docs/Web/HTTP/Status/403",2026-07-17T10:42:26.149254
combat,bd6t5271815,,failed,0,0,,http_manifest,known,403,manifest,"Client error '403 ' for url 'https://openapiproext.bnf.fr/iiif/presentation/v3/ark:/12148/bd6t5271815/manifest.json'
For more information check: https://developer.mozilla.org/en-US/docs/Web/HTTP/Status/403",2026-07-17T10:42:27.356065
combat,bd6t527182h,,failed,0,0,,http_manifest,known,403,manifest,"Client error '403 ' for url 'https://openapiproext.bnf.fr/iiif/presentation/v3/ark:/12148/bd6t527182h/manifest.json'
For more information check: https://developer.mozilla.org/en-US/docs/Web/HTTP/Status/403",2026-07-17T10:42:28.556169
combat,bd6t527183v,,failed,0,0,,http_manifest,known,403,manifest,"Client error '403 ' for url 'https://openapiproext.bnf.fr/iiif/presentation/v3/ark:/12148/bd6t527183v/manifest.json'
For more information check: https://developer.mozilla.org/en-US/docs/Web/HTTP/Status/403",2026-07-17T10:42:29.757472
combat,bd6t5271846,,failed,0,0,,http_manifest,known,403,manifest,"Client error '403 ' for url 'https://openapiproext.bnf.fr/iiif/presentation/v3/ark:/12148/bd6t5271846/manifest.json'
For more information check: https://developer.mozilla.org/en-US/docs/Web/HTTP/Status/403",2026-07-17T10:42:30.960108
combat,bd6t527185j,,failed,0,0,,http_manifest,known,403,manifest,"Client error '403 ' for url 'https://openapiproext.bnf.fr/iiif/presentation/v3/ark:/12148/bd6t527185j/manifest.json'
For more information check: https://developer.mozilla.org/en-US/docs/Web/HTTP/Status/403",2026-07-17T10:42:32.162777
combat,bd6t527186w,,failed,0,0,,http_manifest,known,403,manifest,"Client error '403 ' for url 'https://openapiproext.bnf.fr/iiif/presentation/v3/ark:/12148/bd6t527186w/manifest.json'
For more information check: https://developer.mozilla.org/en-US/docs/Web/HTTP/Status/403",2026-07-17T10:42:33.362877
combat,bd6t5271877,,failed,0,0,,http_manifest,known,403,manifest,"Client error '403 ' for url 'https://openapiproext.bnf.fr/iiif/presentation/v3/ark:/12148/bd6t5271877/manifest.json'
For more information check: https://developer.mozilla.org/en-US/docs/Web/HTTP/Status/403",2026-07-17T10:42:34.567888
combat,bd6t527188k,,failed,0,0,,http_manifest,known,403,manifest,"Client error '403 ' for url 'https://openapiproext.bnf.fr/iiif/presentation/v3/ark:/12148/bd6t527188k/manifest.json'
For more information check: https://developer.mozilla.org/en-US/docs/Web/HTTP/Status/403",2026-07-17T10:42:35.763946
combat,bd6t527189x,,failed,0,0,,http_manifest,known,403,manifest,"Client error '403 ' for url 'https://openapiproext.bnf.fr/iiif/presentation/v3/ark:/12148/bd6t527189x/manifest.json'
For more information check: https://developer.mozilla.org/en-US/docs/Web/HTTP/Status/403",2026-07-17T10:42:36.965625
combat,bd6t5271904,,failed,0,0,,http_manifest,known,403,manifest,"Client error '403 ' for url 'https://openapiproext.bnf.fr/iiif/presentation/v3/ark:/12148/bd6t5271904/manifest.json'
For more information check: https://developer.mozilla.org/en-US/docs/Web/HTTP/Status/403",2026-07-17T10:42:38.168852
combat,bd6t527191g,,failed,0,0,,http_manifest,known,403,manifest,"Client error '403 ' for url 'https://openapiproext.bnf.fr/iiif/presentation/v3/ark:/12148/bd6t527191g/manifest.json'
For more information check: https://developer.mozilla.org/en-US/docs/Web/HTTP/Status/403",2026-07-17T10:42:39.368558
combat,bd6t527192t,,failed,0,0,,http_manifest,known,403,manifest,"Client error '403 ' for url 'https://openapiproext.bnf.fr/iiif/presentation/v3/ark:/12148/bd6t527192t/manifest.json'
For more information check: https://developer.mozilla.org/en-US/docs/Web/HTTP/Status/403",2026-07-17T10:42:40.593047
combat,bd6t5271935,,failed,0,0,,http_manifest,known,403,manifest,"Client error '403 ' for url 'https://openapiproext.bnf.fr/iiif/presentation/v3/ark:/12148/bd6t5271935/manifest.json'
For more information check: https://developer.mozilla.org/en-US/docs/Web/HTTP/Status/403",2026-07-17T10:42:41.770624
combat,bd6t527194h,,failed,0,0,,http_manifest,known,403,manifest,"Client error '403 ' for url 'https://openapiproext.bnf.fr/iiif/presentation/v3/ark:/12148/bd6t527194h/manifest.json'
For more information check: https://developer.mozilla.org/en-US/docs/Web/HTTP/Status/403",2026-07-17T10:42:42.974226
combat,bd6t527195v,,failed,0,0,,http_manifest,known,403,manifest,"Client error '403 ' for url 'https://openapiproext.bnf.fr/iiif/presentation/v3/ark:/12148/bd6t527195v/manifest.json'
For more information check: https://developer.mozilla.org/en-US/docs/Web/HTTP/Status/403",2026-07-17T10:42:44.177761
combat,bd6t5271966,,failed,0,0,,http_manifest,known,403,manifest,"Client error '403 ' for url 'https://openapiproext.bnf.fr/iiif/presentation/v3/ark:/12148/bd6t5271966/manifest.json'
For more information check: https://developer.mozilla.org/en-US/docs/Web/HTTP/Status/403",2026-07-17T10:42:45.378050
combat,bd6t527197j,,failed,0,0,,http_manifest,known,403,manifest,"Client error '403 ' for url 'https://openapiproext.bnf.fr/iiif/presentation/v3/ark:/12148/bd6t527197j/manifest.json'
For more information check: https://developer.mozilla.org/en-US/docs/Web/HTTP/Status/403",2026-07-17T10:42:46.603523
combat,bd6t527198w,,failed,0,0,,http_manifest,known,403,manifest,"Client error '403 ' for url 'https://openapiproext.bnf.fr/iiif/presentation/v3/ark:/12148/bd6t527198w/manifest.json'
For more information check: https://developer.mozilla.org/en-US/docs/Web/HTTP/Status/403",2026-07-17T10:42:47.780914
combat,bd6t5271997,,failed,0,0,,http_manifest,known,403,manifest,"Client error '403 ' for url 'https://openapiproext.bnf.fr/iiif/presentation/v3/ark:/12148/bd6t5271997/manifest.json'
For more information check: https://developer.mozilla.org/en-US/docs/Web/HTTP/Status/403",2026-07-17T10:42:48.980492
combat,bd6t527200m,,failed,0,0,,http_manifest,known,403,manifest,"Client error '403 ' for url 'https://openapiproext.bnf.fr/iiif/presentation/v3/ark:/12148/bd6t527200m/manifest.json'
For more information check: https://developer.mozilla.org/en-US/docs/Web/HTTP/Status/403",2026-07-17T10:42:50.181517
combat,bd6t527201z,,failed,0,0,,http_manifest,known,403,manifest,"Client error '403 ' for url 'https://openapiproext.bnf.fr/iiif/presentation/v3/ark:/12148/bd6t527201z/manifest.json'
For more information check: https://developer.mozilla.org/en-US/docs/Web/HTTP/Status/403",2026-07-17T10:42:51.386636
combat,bd6t5272029,,failed,0,0,,http_manifest,known,403,manifest,"Client error '403 ' for url 'https://openapiproext.bnf.fr/iiif/presentation/v3/ark:/12148/bd6t5272029/manifest.json'
For more information check: https://developer.mozilla.org/en-US/docs/Web/HTTP/Status/403",2026-07-17T10:42:52.585827
combat,bd6t527203n,,failed,0,0,,http_manifest,known,403,manifest,"Client error '403 ' for url 'https://openapiproext.bnf.fr/iiif/presentation/v3/ark:/12148/bd6t527203n/manifest.json'
For more information check: https://developer.mozilla.org/en-US/docs/Web/HTTP/Status/403",2026-07-17T10:42:53.799439
combat,bd6t5272040,,failed,0,0,,http_manifest,known,403,manifest,"Client error '403 ' for url 'https://openapiproext.bnf.fr/iiif/presentation/v3/ark:/12148/bd6t5272040/manifest.json'
For more information check: https://developer.mozilla.org/en-US/docs/Web/HTTP/Status/403",2026-07-17T10:42:54.995380
combat,bd6t527205b,,failed,0,0,,http_manifest,known,403,manifest,"Client error '403 ' for url 'https://openapiproext.bnf.fr/iiif/presentation/v3/ark:/12148/bd6t527205b/manifest.json'
For more information check: https://developer.mozilla.org/en-US/docs/Web/HTTP/Status/403",2026-07-17T10:42:56.191511
combat,bd6t527206p,,failed,0,0,,http_manifest,known,403,manifest,"Client error '403 ' for url 'https://openapiproext.bnf.fr/iiif/presentation/v3/ark:/12148/bd6t527206p/manifest.json'
For more information check: https://developer.mozilla.org/en-US/docs/Web/HTTP/Status/403",2026-07-17T10:42:57.393619
combat,bd6t5272071,,failed,0,0,,http_manifest,known,403,manifest,"Client error '403 ' for url 'https://openapiproext.bnf.fr/iiif/presentation/v3/ark:/12148/bd6t5272071/manifest.json'
For more information check: https://developer.mozilla.org/en-US/docs/Web/HTTP/Status/403",2026-07-17T10:42:58.622425
combat,bd6t527208c,,failed,0,0,,http_manifest,known,403,manifest,"Client error '403 ' for url 'https://openapiproext.bnf.fr/iiif/presentation/v3/ark:/12148/bd6t527208c/manifest.json'
For more information check: https://developer.mozilla.org/en-US/docs/Web/HTTP/Status/403",2026-07-17T10:42:59.925422
combat,bd6t527209q,,failed,0,0,,http_manifest,known,403,manifest,"Client error '403 ' for url 'https://openapiproext.bnf.fr/iiif/presentation/v3/ark:/12148/bd6t527209q/manifest.json'
For more information check: https://developer.mozilla.org/en-US/docs/Web/HTTP/Status/403",2026-07-17T10:43:01.259326
combat,bd6t527210x,,failed,0,0,,http_manifest,known,403,manifest,"Client error '403 ' for url 'https://openapiproext.bnf.fr/iiif/presentation/v3/ark:/12148/bd6t527210x/manifest.json'
For more information check: https://developer.mozilla.org/en-US/docs/Web/HTTP/Status/403",2026-07-17T10:43:02.280727
combat,bd6t5272118,,failed,0,0,,http_manifest,known,403,manifest,"Client error '403 ' for url 'https://openapiproext.bnf.fr/iiif/presentation/v3/ark:/12148/bd6t5272118/manifest.json'
For more information check: https://developer.mozilla.org/en-US/docs/Web/HTTP/Status/403",2026-07-17T10:43:03.579331
combat,bd6t527212m,,failed,0,0,,http_manifest,known,403,manifest,"Client error '403 ' for url 'https://openapiproext.bnf.fr/iiif/presentation/v3/ark:/12148/bd6t527212m/manifest.json'
For more information check: https://developer.mozilla.org/en-US/docs/Web/HTTP/Status/403",2026-07-17T10:43:04.806979
combat,bd6t527213z,,failed,0,0,,http_manifest,known,403,manifest,"Client error '403 ' for url 'https://openapiproext.bnf.fr/iiif/presentation/v3/ark:/12148/bd6t527213z/manifest.json'
For more information check: https://developer.mozilla.org/en-US/docs/Web/HTTP/Status/403",2026-07-17T10:43:05.975442
combat,bd6t5272149,,failed,0,0,,http_manifest,known,403,manifest,"Client error '403 ' for url 'https://openapiproext.bnf.fr/iiif/presentation/v3/ark:/12148/bd6t5272149/manifest.json'
For more information check: https://developer.mozilla.org/en-US/docs/Web/HTTP/Status/403",2026-07-17T10:43:07.010454
combat,bd6t527215n,,failed,0,0,,http_manifest,known,403,manifest,"Client error '403 ' for url 'https://openapiproext.bnf.fr/iiif/presentation/v3/ark:/12148/bd6t527215n/manifest.json'
For more information check: https://developer.mozilla.org/en-US/docs/Web/HTTP/Status/403",2026-07-17T10:43:08.215201
combat,bd6t5272160,,failed,0,0,,http_manifest,known,403,manifest,"Client error '403 ' for url 'https://openapiproext.bnf.fr/iiif/presentation/v3/ark:/12148/bd6t5272160/manifest.json'
For more information check: https://developer.mozilla.org/en-US/docs/Web/HTTP/Status/403",2026-07-17T10:43:09.424066
combat,bd6t527217b,,failed,0,0,,http_manifest,known,403,manifest,"Client error '403 ' for url 'https://openapiproext.bnf.fr/iiif/presentation/v3/ark:/12148/bd6t527217b/manifest.json'
For more information check: https://developer.mozilla.org/en-US/docs/Web/HTTP/Status/403",2026-07-17T10:43:10.630056
combat,bd6t527218p,,failed,0,0,,http_manifest,known,403,manifest,"Client error '403 ' for url 'https://openapiproext.bnf.fr/iiif/presentation/v3/ark:/12148/bd6t527218p/manifest.json'
For more information check: https://developer.mozilla.org/en-US/docs/Web/HTTP/Status/403",2026-07-17T10:43:11.818004
combat,bd6t529824r,,failed,0,0,,http_manifest,known,403,manifest,"Client error '403 ' for url 'https://openapiproext.bnf.fr/iiif/presentation/v3/ark:/12148/bd6t529824r/manifest.json'
For more information check: https://developer.mozilla.org/en-US/docs/Web/HTTP/Status/403",2026-07-17T10:43:13.018592
combat,bd6t5298253,,failed,0,0,,http_manifest,known,403,manifest,"Client error '403 ' for url 'https://openapiproext.bnf.fr/iiif/presentation/v3/ark:/12148/bd6t5298253/manifest.json'
For more information check: https://developer.mozilla.org/en-US/docs/Web/HTTP/Status/403",2026-07-17T10:43:14.216268
combat,bd6t529826f,,failed,0,0,,http_manifest,known,403,manifest,"Client error '403 ' for url 'https://openapiproext.bnf.fr/iiif/presentation/v3/ark:/12148/bd6t529826f/manifest.json'
For more information check: https://developer.mozilla.org/en-US/docs/Web/HTTP/Status/403",2026-07-17T10:43:15.421022
combat,bd6t529827s,,failed,0,0,,http_manifest,known,403,manifest,"Client error '403 ' for url 'https://openapiproext.bnf.fr/iiif/presentation/v3/ark:/12148/bd6t529827s/manifest.json'
For more information check: https://developer.mozilla.org/en-US/docs/Web/HTTP/Status/403",2026-07-17T10:43:16.643529
combat,bd6t5298284,,failed,0,0,,http_manifest,known,403,manifest,"Client error '403 ' for url 'https://openapiproext.bnf.fr/iiif/presentation/v3/ark:/12148/bd6t5298284/manifest.json'
For more information check: https://developer.mozilla.org/en-US/docs/Web/HTTP/Status/403",2026-07-17T10:43:17.830434
combat,bd6t529829g,,failed,0,0,,http_manifest,known,403,manifest,"Client error '403 ' for url 'https://openapiproext.bnf.fr/iiif/presentation/v3/ark:/12148/bd6t529829g/manifest.json'
For more information check: https://developer.mozilla.org/en-US/docs/Web/HTTP/Status/403",2026-07-17T10:43:19.024086
combat,bd6t529830p,,failed,0,0,,http_manifest,known,403,manifest,"Client error '403 ' for url 'https://openapiproext.bnf.fr/iiif/presentation/v3/ark:/12148/bd6t529830p/manifest.json'
For more information check: https://developer.mozilla.org/en-US/docs/Web/HTTP/Status/403",2026-07-17T10:43:20.229157
combat,bd6t5298311,,failed,0,0,,http_manifest,known,403,manifest,"Client error '403 ' for url 'https://openapiproext.bnf.fr/iiif/presentation/v3/ark:/12148/bd6t5298311/manifest.json'
For more information check: https://developer.mozilla.org/en-US/docs/Web/HTTP/Status/403",2026-07-17T10:43:21.426822
combat,bd6t529832c,,failed,0,0,,http_manifest,known,403,manifest,"Client error '403 ' for url 'https://openapiproext.bnf.fr/iiif/presentation/v3/ark:/12148/bd6t529832c/manifest.json'
For more information check: https://developer.mozilla.org/en-US/docs/Web/HTTP/Status/403",2026-07-17T10:43:22.629402
combat,bd6t529833q,,failed,0,0,,http_manifest,known,403,manifest,"Client error '403 ' for url 'https://openapiproext.bnf.fr/iiif/presentation/v3/ark:/12148/bd6t529833q/manifest.json'
For more information check: https://developer.mozilla.org/en-US/docs/Web/HTTP/Status/403",2026-07-17T10:43:23.829194
combat,bd6t5298342,,failed,0,0,,http_manifest,known,403,manifest,"Client error '403 ' for url 'https://openapiproext.bnf.fr/iiif/presentation/v3/ark:/12148/bd6t5298342/manifest.json'
For more information check: https://developer.mozilla.org/en-US/docs/Web/HTTP/Status/403",2026-07-17T10:43:25.034003
combat,bd6t529835d,,failed,0,0,,http_manifest,known,403,manifest,"Client error '403 ' for url 'https://openapiproext.bnf.fr/iiif/presentation/v3/ark:/12148/bd6t529835d/manifest.json'
For more information check: https://developer.mozilla.org/en-US/docs/Web/HTTP/Status/403",2026-07-17T10:43:26.237971
combat,bd6t529836r,,failed,0,0,,http_manifest,known,403,manifest,"Client error '403 ' for url 'https://openapiproext.bnf.fr/iiif/presentation/v3/ark:/12148/bd6t529836r/manifest.json'
For more information check: https://developer.mozilla.org/en-US/docs/Web/HTTP/Status/403",2026-07-17T10:43:27.436880
combat,bd6t5298373,,failed,0,0,,http_manifest,known,403,manifest,"Client error '403 ' for url 'https://openapiproext.bnf.fr/iiif/presentation/v3/ark:/12148/bd6t5298373/manifest.json'
For more information check: https://developer.mozilla.org/en-US/docs/Web/HTTP/Status/403",2026-07-17T10:43:28.653048
combat,bd6t529838f,,failed,0,0,,http_manifest,known,403,manifest,"Client error '403 ' for url 'https://openapiproext.bnf.fr/iiif/presentation/v3/ark:/12148/bd6t529838f/manifest.json'
For more information check: https://developer.mozilla.org/en-US/docs/Web/HTTP/Status/403",2026-07-17T10:43:29.842002
combat,bd6t529839s,,failed,0,0,,http_manifest,known,403,manifest,"Client error '403 ' for url 'https://openapiproext.bnf.fr/iiif/presentation/v3/ark:/12148/bd6t529839s/manifest.json'
For more information check: https://developer.mozilla.org/en-US/docs/Web/HTTP/Status/403",2026-07-17T10:43:31.041776
combat,bd6t5298400,,failed,0,0,,http_manifest,known,403,manifest,"Client error '403 ' for url 'https://openapiproext.bnf.fr/iiif/presentation/v3/ark:/12148/bd6t5298400/manifest.json'
For more information check: https://developer.mozilla.org/en-US/docs/Web/HTTP/Status/403",2026-07-17T10:43:32.243470
combat,bd6t529841b,,failed,0,0,,http_manifest,known,403,manifest,"Client error '403 ' for url 'https://openapiproext.bnf.fr/iiif/presentation/v3/ark:/12148/bd6t529841b/manifest.json'
For more information check: https://developer.mozilla.org/en-US/docs/Web/HTTP/Status/403",2026-07-17T10:43:33.443911
combat,bd6t529842p,,failed,0,0,,http_manifest,known,403,manifest,"Client error '403 ' for url 'https://openapiproext.bnf.fr/iiif/presentation/v3/ark:/12148/bd6t529842p/manifest.json'
For more information check: https://developer.mozilla.org/en-US/docs/Web/HTTP/Status/403",2026-07-17T10:43:34.645358
combat,bd6t5298431,,failed,0,0,,http_manifest,known,403,manifest,"Client error '403 ' for url 'https://openapiproext.bnf.fr/iiif/presentation/v3/ark:/12148/bd6t5298431/manifest.json'
For more information check: https://developer.mozilla.org/en-US/docs/Web/HTTP/Status/403",2026-07-17T10:43:35.847160
combat,bd6t529844c,,failed,0,0,,http_manifest,known,403,manifest,"Client error '403 ' for url 'https://openapiproext.bnf.fr/iiif/presentation/v3/ark:/12148/bd6t529844c/manifest.json'
For more information check: https://developer.mozilla.org/en-US/docs/Web/HTTP/Status/403",2026-07-17T10:43:37.048336
combat,bd6t529845q,,failed,0,0,,http_manifest,known,403,manifest,"Client error '403 ' for url 'https://openapiproext.bnf.fr/iiif/presentation/v3/ark:/12148/bd6t529845q/manifest.json'
For more information check: https://developer.mozilla.org/en-US/docs/Web/HTTP/Status/403",2026-07-17T10:43:38.250228
combat,bd6t5298462,,failed,0,0,,http_manifest,known,403,manifest,"Client error '403 ' for url 'https://openapiproext.bnf.fr/iiif/presentation/v3/ark:/12148/bd6t5298462/manifest.json'
For more information check: https://developer.mozilla.org/en-US/docs/Web/HTTP/Status/403",2026-07-17T10:43:39.451609
combat,bd6t529847d,,failed,0,0,,http_manifest,known,403,manifest,"Client error '403 ' for url 'https://openapiproext.bnf.fr/iiif/presentation/v3/ark:/12148/bd6t529847d/manifest.json'
For more information check: https://developer.mozilla.org/en-US/docs/Web/HTTP/Status/403",2026-07-17T10:43:40.685515
combat,bd6t529848r,,failed,0,0,,http_manifest,known,403,manifest,"Client error '403 ' for url 'https://openapiproext.bnf.fr/iiif/presentation/v3/ark:/12148/bd6t529848r/manifest.json'
For more information check: https://developer.mozilla.org/en-US/docs/Web/HTTP/Status/403",2026-07-17T10:43:41.859810
combat,bd6t5298493,,failed,0,0,,http_manifest,known,403,manifest,"Client error '403 ' for url 'https://openapiproext.bnf.fr/iiif/presentation/v3/ark:/12148/bd6t5298493/manifest.json'
For more information check: https://developer.mozilla.org/en-US/docs/Web/HTTP/Status/403",2026-07-17T10:43:43.058833
combat,bd6t5298509,,failed,0,0,,http_manifest,known,403,manifest,"Client error '403 ' for url 'https://openapiproext.bnf.fr/iiif/presentation/v3/ark:/12148/bd6t5298509/manifest.json'
For more information check: https://developer.mozilla.org/en-US/docs/Web/HTTP/Status/403",2026-07-17T10:43:44.257444
combat,bd6t529851n,,failed,0,0,,http_manifest,known,403,manifest,"Client error '403 ' for url 'https://openapiproext.bnf.fr/iiif/presentation/v3/ark:/12148/bd6t529851n/manifest.json'
For more information check: https://developer.mozilla.org/en-US/docs/Web/HTTP/Status/403",2026-07-17T10:43:45.462982
combat,bd6t5298520,,failed,0,0,,http_manifest,known,403,manifest,"Client error '403 ' for url 'https://openapiproext.bnf.fr/iiif/presentation/v3/ark:/12148/bd6t5298520/manifest.json'
For more information check: https://developer.mozilla.org/en-US/docs/Web/HTTP/Status/403",2026-07-17T10:43:46.682810
combat,bd6t529853b,,failed,0,0,,http_manifest,known,403,manifest,"Client error '403 ' for url 'https://openapiproext.bnf.fr/iiif/presentation/v3/ark:/12148/bd6t529853b/manifest.json'
For more information check: https://developer.mozilla.org/en-US/docs/Web/HTTP/Status/403",2026-07-17T10:43:47.864240
combat,bd6t529854p,,failed,0,0,,http_manifest,known,403,manifest,"Client error '403 ' for url 'https://openapiproext.bnf.fr/iiif/presentation/v3/ark:/12148/bd6t529854p/manifest.json'
For more information check: https://developer.mozilla.org/en-US/docs/Web/HTTP/Status/403",2026-07-17T10:43:49.066506
combat,bd6t5298551,,failed,0,0,,http_manifest,known,403,manifest,"Client error '403 ' for url 'https://openapiproext.bnf.fr/iiif/presentation/v3/ark:/12148/bd6t5298551/manifest.json'
For more information check: https://developer.mozilla.org/en-US/docs/Web/HTTP/Status/403",2026-07-17T10:43:50.268112
combat,bd6t529856c,,failed,0,0,,http_manifest,known,403,manifest,"Client error '403 ' for url 'https://openapiproext.bnf.fr/iiif/presentation/v3/ark:/12148/bd6t529856c/manifest.json'
For more information check: https://developer.mozilla.org/en-US/docs/Web/HTTP/Status/403",2026-07-17T10:43:51.472564
combat,bd6t529857q,,failed,0,0,,http_manifest,known,403,manifest,"Client error '403 ' for url 'https://openapiproext.bnf.fr/iiif/presentation/v3/ark:/12148/bd6t529857q/manifest.json'
For more information check: https://developer.mozilla.org/en-US/docs/Web/HTTP/Status/403",2026-07-17T10:43:52.669638
combat,bd6t5298582,,failed,0,0,,http_manifest,known,403,manifest,"Client error '403 ' for url 'https://openapiproext.bnf.fr/iiif/presentation/v3/ark:/12148/bd6t5298582/manifest.json'
For more information check: https://developer.mozilla.org/en-US/docs/Web/HTTP/Status/403",2026-07-17T10:43:53.872391
combat,bd6t529859d,,failed,0,0,,http_manifest,known,403,manifest,"Client error '403 ' for url 'https://openapiproext.bnf.fr/iiif/presentation/v3/ark:/12148/bd6t529859d/manifest.json'
For more information check: https://developer.mozilla.org/en-US/docs/Web/HTTP/Status/403",2026-07-17T10:43:55.073684
combat,bd6t529860m,,failed,0,0,,http_manifest,known,403,manifest,"Client error '403 ' for url 'https://openapiproext.bnf.fr/iiif/presentation/v3/ark:/12148/bd6t529860m/manifest.json'
For more information check: https://developer.mozilla.org/en-US/docs/Web/HTTP/Status/403",2026-07-17T10:43:56.273777
combat,bd6t529861z,,failed,0,0,,http_manifest,known,403,manifest,"Client error '403 ' for url 'https://openapiproext.bnf.fr/iiif/presentation/v3/ark:/12148/bd6t529861z/manifest.json'
For more information check: https://developer.mozilla.org/en-US/docs/Web/HTTP/Status/403",2026-07-17T10:43:57.476192
combat,bd6t5298629,,failed,0,0,,http_manifest,known,403,manifest,"Client error '403 ' for url 'https://openapiproext.bnf.fr/iiif/presentation/v3/ark:/12148/bd6t5298629/manifest.json'
For more information check: https://developer.mozilla.org/en-US/docs/Web/HTTP/Status/403",2026-07-17T10:43:58.699930
combat,bd6t529863n,,failed,0,0,,http_manifest,known,403,manifest,"Client error '403 ' for url 'https://openapiproext.bnf.fr/iiif/presentation/v3/ark:/12148/bd6t529863n/manifest.json'
For more information check: https://developer.mozilla.org/en-US/docs/Web/HTTP/Status/403",2026-07-17T10:43:59.929994
combat,bd6t5298640,,failed,0,0,,http_manifest,known,403,manifest,"Client error '403 ' for url 'https://openapiproext.bnf.fr/iiif/presentation/v3/ark:/12148/bd6t5298640/manifest.json'
For more information check: https://developer.mozilla.org/en-US/docs/Web/HTTP/Status/403",2026-07-17T10:44:01.222141
combat,bd6t529865b,,failed,0,0,,http_manifest,known,403,manifest,"Client error '403 ' for url 'https://openapiproext.bnf.fr/iiif/presentation/v3/ark:/12148/bd6t529865b/manifest.json'
For more information check: https://developer.mozilla.org/en-US/docs/Web/HTTP/Status/403",2026-07-17T10:44:02.288628
combat,bd6t529866p,,failed,0,0,,http_manifest,known,403,manifest,"Client error '403 ' for url 'https://openapiproext.bnf.fr/iiif/presentation/v3/ark:/12148/bd6t529866p/manifest.json'
For more information check: https://developer.mozilla.org/en-US/docs/Web/HTTP/Status/403",2026-07-17T10:44:03.640689
combat,bd6t5298671,,failed,0,0,,http_manifest,known,403,manifest,"Client error '403 ' for url 'https://openapiproext.bnf.fr/iiif/presentation/v3/ark:/12148/bd6t5298671/manifest.json'
For more information check: https://developer.mozilla.org/en-US/docs/Web/HTTP/Status/403",2026-07-17T10:44:04.930958
combat,bd6t529868c,,failed,0,0,,http_manifest,known,403,manifest,"Client error '403 ' for url 'https://openapiproext.bnf.fr/iiif/presentation/v3/ark:/12148/bd6t529868c/manifest.json'
For more information check: https://developer.mozilla.org/en-US/docs/Web/HTTP/Status/403",2026-07-17T10:44:06.156191
combat,bd6t529869q,,failed,0,0,,http_manifest,known,403,manifest,"Client error '403 ' for url 'https://openapiproext.bnf.fr/iiif/presentation/v3/ark:/12148/bd6t529869q/manifest.json'
For more information check: https://developer.mozilla.org/en-US/docs/Web/HTTP/Status/403",2026-07-17T10:44:07.135202
combat,bd6t529870x,,failed,0,0,,http_manifest,known,403,manifest,"Client error '403 ' for url 'https://openapiproext.bnf.fr/iiif/presentation/v3/ark:/12148/bd6t529870x/manifest.json'
For more information check: https://developer.mozilla.org/en-US/docs/Web/HTTP/Status/403",2026-07-17T10:44:08.320878
combat,bd6t5298718,,failed,0,0,,http_manifest,known,403,manifest,"Client error '403 ' for url 'https://openapiproext.bnf.fr/iiif/presentation/v3/ark:/12148/bd6t5298718/manifest.json'
For more information check: https://developer.mozilla.org/en-US/docs/Web/HTTP/Status/403",2026-07-17T10:44:09.575806
combat,bd6t529872m,,failed,0,0,,http_manifest,known,403,manifest,"Client error '403 ' for url 'https://openapiproext.bnf.fr/iiif/presentation/v3/ark:/12148/bd6t529872m/manifest.json'
For more information check: https://developer.mozilla.org/en-US/docs/Web/HTTP/Status/403",2026-07-17T10:44:10.737497
combat,bd6t529873z,,failed,0,0,,http_manifest,known,403,manifest,"Client error '403 ' for url 'https://openapiproext.bnf.fr/iiif/presentation/v3/ark:/12148/bd6t529873z/manifest.json'
For more information check: https://developer.mozilla.org/en-US/docs/Web/HTTP/Status/403",2026-07-17T10:44:11.901073
combat,bd6t5298749,,failed,0,0,,http_manifest,known,403,manifest,"Client error '403 ' for url 'https://openapiproext.bnf.fr/iiif/presentation/v3/ark:/12148/bd6t5298749/manifest.json'
For more information check: https://developer.mozilla.org/en-US/docs/Web/HTTP/Status/403",2026-07-17T10:44:13.376111
combat,bd6t529875n,,failed,0,0,,http_manifest,known,403,manifest,"Client error '403 ' for url 'https://openapiproext.bnf.fr/iiif/presentation/v3/ark:/12148/bd6t529875n/manifest.json'
For more information check: https://developer.mozilla.org/en-US/docs/Web/HTTP/Status/403",2026-07-17T10:44:14.469830
combat,bd6t5298760,,failed,0,0,,http_manifest,known,403,manifest,"Client error '403 ' for url 'https://openapiproext.bnf.fr/iiif/presentation/v3/ark:/12148/bd6t5298760/manifest.json'
For more information check: https://developer.mozilla.org/en-US/docs/Web/HTTP/Status/403",2026-07-17T10:44:15.687908
combat,bd6t529877b,,failed,0,0,,http_manifest,known,403,manifest,"Client error '403 ' for url 'https://openapiproext.bnf.fr/iiif/presentation/v3/ark:/12148/bd6t529877b/manifest.json'
For more information check: https://developer.mozilla.org/en-US/docs/Web/HTTP/Status/403",2026-07-17T10:44:16.844189
combat,bd6t529878p,,failed,0,0,,http_manifest,known,403,manifest,"Client error '403 ' for url 'https://openapiproext.bnf.fr/iiif/presentation/v3/ark:/12148/bd6t529878p/manifest.json'
For more information check: https://developer.mozilla.org/en-US/docs/Web/HTTP/Status/403",2026-07-17T10:44:18.131964
combat,bd6t5298791,,failed,0,0,,http_manifest,known,403,manifest,"Client error '403 ' for url 'https://openapiproext.bnf.fr/iiif/presentation/v3/ark:/12148/bd6t5298791/manifest.json'
For more information check: https://developer.mozilla.org/en-US/docs/Web/HTTP/Status/403",2026-07-17T10:44:19.115590
combat,bd6t5298807,,failed,0,0,,http_manifest,known,403,manifest,"Client error '403 ' for url 'https://openapiproext.bnf.fr/iiif/presentation/v3/ark:/12148/bd6t5298807/manifest.json'
For more information check: https://developer.mozilla.org/en-US/docs/Web/HTTP/Status/403",2026-07-17T10:44:20.312188
combat,bd6t529881k,,failed,0,0,,http_manifest,known,403,manifest,"Client error '403 ' for url 'https://openapiproext.bnf.fr/iiif/presentation/v3/ark:/12148/bd6t529881k/manifest.json'
For more information check: https://developer.mozilla.org/en-US/docs/Web/HTTP/Status/403",2026-07-17T10:44:21.513604
combat,bd6t529882x,,failed,0,0,,http_manifest,known,403,manifest,"Client error '403 ' for url 'https://openapiproext.bnf.fr/iiif/presentation/v3/ark:/12148/bd6t529882x/manifest.json'
For more information check: https://developer.mozilla.org/en-US/docs/Web/HTTP/Status/403",2026-07-17T10:44:22.720373
combat,bd6t5298838,,failed,0,0,,http_manifest,known,403,manifest,"Client error '403 ' for url 'https://openapiproext.bnf.fr/iiif/presentation/v3/ark:/12148/bd6t5298838/manifest.json'
For more information check: https://developer.mozilla.org/en-US/docs/Web/HTTP/Status/403",2026-07-17T10:44:23.917688
combat,bd6t529884m,,failed,0,0,,http_manifest,known,403,manifest,"Client error '403 ' for url 'https://openapiproext.bnf.fr/iiif/presentation/v3/ark:/12148/bd6t529884m/manifest.json'
For more information check: https://developer.mozilla.org/en-US/docs/Web/HTTP/Status/403",2026-07-17T10:44:25.117436
combat,bd6t529885z,,failed,0,0,,http_manifest,known,403,manifest,"Client error '403 ' for url 'https://openapiproext.bnf.fr/iiif/presentation/v3/ark:/12148/bd6t529885z/manifest.json'
For more information check: https://developer.mozilla.org/en-US/docs/Web/HTTP/Status/403",2026-07-17T10:44:26.319965
combat,bd6t5298869,,failed,0,0,,http_manifest,known,403,manifest,"Client error '403 ' for url 'https://openapiproext.bnf.fr/iiif/presentation/v3/ark:/12148/bd6t5298869/manifest.json'
For more information check: https://developer.mozilla.org/en-US/docs/Web/HTTP/Status/403",2026-07-17T10:44:27.520825
combat,bd6t529887n,,failed,0,0,,http_manifest,known,403,manifest,"Client error '403 ' for url 'https://openapiproext.bnf.fr/iiif/presentation/v3/ark:/12148/bd6t529887n/manifest.json'
For more information check: https://developer.mozilla.org/en-US/docs/Web/HTTP/Status/403",2026-07-17T10:44:28.720619
combat,bd6t5298880,,failed,0,0,,http_manifest,known,403,manifest,"Client error '403 ' for url 'https://openapiproext.bnf.fr/iiif/presentation/v3/ark:/12148/bd6t5298880/manifest.json'
For more information check: https://developer.mozilla.org/en-US/docs/Web/HTTP/Status/403",2026-07-17T10:44:29.923379
combat,bd6t529889b,,failed,0,0,,http_manifest,known,403,manifest,"Client error '403 ' for url 'https://openapiproext.bnf.fr/iiif/presentation/v3/ark:/12148/bd6t529889b/manifest.json'
For more information check: https://developer.mozilla.org/en-US/docs/Web/HTTP/Status/403",2026-07-17T10:44:31.124276
combat,bd6t529890j,,failed,0,0,,http_manifest,known,403,manifest,"Client error '403 ' for url 'https://openapiproext.bnf.fr/iiif/presentation/v3/ark:/12148/bd6t529890j/manifest.json'
For more information check: https://developer.mozilla.org/en-US/docs/Web/HTTP/Status/403",2026-07-17T10:44:32.329223
combat,bd6t529891w,,failed,0,0,,http_manifest,known,403,manifest,"Client error '403 ' for url 'https://openapiproext.bnf.fr/iiif/presentation/v3/ark:/12148/bd6t529891w/manifest.json'
For more information check: https://developer.mozilla.org/en-US/docs/Web/HTTP/Status/403",2026-07-17T10:44:33.529991
combat,bd6t5298927,,failed,0,0,,http_manifest,known,403,manifest,"Client error '403 ' for url 'https://openapiproext.bnf.fr/iiif/presentation/v3/ark:/12148/bd6t5298927/manifest.json'
For more information check: https://developer.mozilla.org/en-US/docs/Web/HTTP/Status/403",2026-07-17T10:44:34.732167
combat,bd6t529893k,,failed,0,0,,http_manifest,known,403,manifest,"Client error '403 ' for url 'https://openapiproext.bnf.fr/iiif/presentation/v3/ark:/12148/bd6t529893k/manifest.json'
For more information check: https://developer.mozilla.org/en-US/docs/Web/HTTP/Status/403",2026-07-17T10:44:35.961857
combat,bd6t529894x,,failed,0,0,,http_manifest,known,403,manifest,"Client error '403 ' for url 'https://openapiproext.bnf.fr/iiif/presentation/v3/ark:/12148/bd6t529894x/manifest.json'
For more information check: https://developer.mozilla.org/en-US/docs/Web/HTTP/Status/403",2026-07-17T10:44:37.136045
combat,bd6t5298958,,failed,0,0,,http_manifest,known,403,manifest,"Client error '403 ' for url 'https://openapiproext.bnf.fr/iiif/presentation/v3/ark:/12148/bd6t5298958/manifest.json'
For more information check: https://developer.mozilla.org/en-US/docs/Web/HTTP/Status/403",2026-07-17T10:44:38.348899
combat,bd6t529896m,,failed,0,0,,http_manifest,known,403,manifest,"Client error '403 ' for url 'https://openapiproext.bnf.fr/iiif/presentation/v3/ark:/12148/bd6t529896m/manifest.json'
For more information check: https://developer.mozilla.org/en-US/docs/Web/HTTP/Status/403",2026-07-17T10:44:39.538079
combat,bd6t529897z,,failed,0,0,,http_manifest,known,403,manifest,"Client error '403 ' for url 'https://openapiproext.bnf.fr/iiif/presentation/v3/ark:/12148/bd6t529897z/manifest.json'
For more information check: https://developer.mozilla.org/en-US/docs/Web/HTTP/Status/403",2026-07-17T10:44:40.738169
combat,bd6t5298989,,failed,0,0,,http_manifest,known,403,manifest,"Client error '403 ' for url 'https://openapiproext.bnf.fr/iiif/presentation/v3/ark:/12148/bd6t5298989/manifest.json'
For more information check: https://developer.mozilla.org/en-US/docs/Web/HTTP/Status/403",2026-07-17T10:44:41.965925
combat,bd6t529899n,,failed,0,0,,http_manifest,known,403,manifest,"Client error '403 ' for url 'https://openapiproext.bnf.fr/iiif/presentation/v3/ark:/12148/bd6t529899n/manifest.json'
For more information check: https://developer.mozilla.org/en-US/docs/Web/HTTP/Status/403",2026-07-17T10:44:43.140583
combat,bd6t5299001,,failed,0,0,,http_manifest,known,403,manifest,"Client error '403 ' for url 'https://openapiproext.bnf.fr/iiif/presentation/v3/ark:/12148/bd6t5299001/manifest.json'
For more information check: https://developer.mozilla.org/en-US/docs/Web/HTTP/Status/403",2026-07-17T10:44:44.341236
combat,bd6t529901c,,failed,0,0,,http_manifest,known,403,manifest,"Client error '403 ' for url 'https://openapiproext.bnf.fr/iiif/presentation/v3/ark:/12148/bd6t529901c/manifest.json'
For more information check: https://developer.mozilla.org/en-US/docs/Web/HTTP/Status/403",2026-07-17T10:44:45.540940
combat,bd6t529902q,,failed,0,0,,http_manifest,known,403,manifest,"Client error '403 ' for url 'https://openapiproext.bnf.fr/iiif/presentation/v3/ark:/12148/bd6t529902q/manifest.json'
For more information check: https://developer.mozilla.org/en-US/docs/Web/HTTP/Status/403",2026-07-17T10:44:46.747204
combat,bd6t529174c,,failed,0,0,,http_manifest,known,403,manifest,"Client error '403 ' for url 'https://openapiproext.bnf.fr/iiif/presentation/v3/ark:/12148/bd6t529174c/manifest.json'
For more information check: https://developer.mozilla.org/en-US/docs/Web/HTTP/Status/403",2026-07-17T10:44:47.949121
combat,bd6t529175q,,failed,0,0,,http_manifest,known,403,manifest,"Client error '403 ' for url 'https://openapiproext.bnf.fr/iiif/presentation/v3/ark:/12148/bd6t529175q/manifest.json'
For more information check: https://developer.mozilla.org/en-US/docs/Web/HTTP/Status/403",2026-07-17T10:44:49.151774
combat,bd6t5291762,,failed,0,0,,http_manifest,known,403,manifest,"Client error '403 ' for url 'https://openapiproext.bnf.fr/iiif/presentation/v3/ark:/12148/bd6t5291762/manifest.json'
For more information check: https://developer.mozilla.org/en-US/docs/Web/HTTP/Status/403",2026-07-17T10:44:50.352958
combat,bd6t529177d,,failed,0,0,,http_manifest,known,403,manifest,"Client error '403 ' for url 'https://openapiproext.bnf.fr/iiif/presentation/v3/ark:/12148/bd6t529177d/manifest.json'
For more information check: https://developer.mozilla.org/en-US/docs/Web/HTTP/Status/403",2026-07-17T10:44:51.557386
combat,bd6t529178r,,failed,0,0,,http_manifest,known,403,manifest,"Client error '403 ' for url 'https://openapiproext.bnf.fr/iiif/presentation/v3/ark:/12148/bd6t529178r/manifest.json'
For more information check: https://developer.mozilla.org/en-US/docs/Web/HTTP/Status/403",2026-07-17T10:44:52.761234
combat,bd6t5291793,,failed,0,0,,http_manifest,known,403,manifest,"Client error '403 ' for url 'https://openapiproext.bnf.fr/iiif/presentation/v3/ark:/12148/bd6t5291793/manifest.json'
For more information check: https://developer.mozilla.org/en-US/docs/Web/HTTP/Status/403",2026-07-17T10:44:53.969682
combat,bd6t5291809,,failed,0,0,,http_manifest,known,403,manifest,"Client error '403 ' for url 'https://openapiproext.bnf.fr/iiif/presentation/v3/ark:/12148/bd6t5291809/manifest.json'
For more information check: https://developer.mozilla.org/en-US/docs/Web/HTTP/Status/403",2026-07-17T10:44:55.158152
combat,bd6t529181n,,failed,0,0,,http_manifest,known,403,manifest,"Client error '403 ' for url 'https://openapiproext.bnf.fr/iiif/presentation/v3/ark:/12148/bd6t529181n/manifest.json'
For more information check: https://developer.mozilla.org/en-US/docs/Web/HTTP/Status/403",2026-07-17T10:44:56.361046
combat,bd6t5291820,,failed,0,0,,http_manifest,known,403,manifest,"Client error '403 ' for url 'https://openapiproext.bnf.fr/iiif/presentation/v3/ark:/12148/bd6t5291820/manifest.json'
For more information check: https://developer.mozilla.org/en-US/docs/Web/HTTP/Status/403",2026-07-17T10:44:57.761292
combat,bd6t529183b,,failed,0,0,,http_manifest,known,403,manifest,"Client error '403 ' for url 'https://openapiproext.bnf.fr/iiif/presentation/v3/ark:/12148/bd6t529183b/manifest.json'
For more information check: https://developer.mozilla.org/en-US/docs/Web/HTTP/Status/403",2026-07-17T10:44:58.775437
combat,bd6t529184p,,failed,0,0,,http_manifest,known,403,manifest,"Client error '403 ' for url 'https://openapiproext.bnf.fr/iiif/presentation/v3/ark:/12148/bd6t529184p/manifest.json'
For more information check: https://developer.mozilla.org/en-US/docs/Web/HTTP/Status/403",2026-07-17T10:45:00.178232
combat,bd6t5291851,,failed,0,0,,http_manifest,known,403,manifest,"Client error '403 ' for url 'https://openapiproext.bnf.fr/iiif/presentation/v3/ark:/12148/bd6t5291851/manifest.json'
For more information check: https://developer.mozilla.org/en-US/docs/Web/HTTP/Status/403",2026-07-17T10:45:01.170623
combat,bd6t529186c,,failed,0,0,,http_manifest,known,403,manifest,"Client error '403 ' for url 'https://openapiproext.bnf.fr/iiif/presentation/v3/ark:/12148/bd6t529186c/manifest.json'
For more information check: https://developer.mozilla.org/en-US/docs/Web/HTTP/Status/403",2026-07-17T10:45:02.372022
combat,bd6t529187q,,failed,0,0,,http_manifest,known,403,manifest,"Client error '403 ' for url 'https://openapiproext.bnf.fr/iiif/presentation/v3/ark:/12148/bd6t529187q/manifest.json'
For more information check: https://developer.mozilla.org/en-US/docs/Web/HTTP/Status/403",2026-07-17T10:45:03.695082
combat,bd6t5291882,,failed,0,0,,http_manifest,known,403,manifest,"Client error '403 ' for url 'https://openapiproext.bnf.fr/iiif/presentation/v3/ark:/12148/bd6t5291882/manifest.json'
For more information check: https://developer.mozilla.org/en-US/docs/Web/HTTP/Status/403",2026-07-17T10:45:04.919584
combat,bd6t529189d,,failed,0,0,,http_manifest,known,403,manifest,"Client error '403 ' for url 'https://openapiproext.bnf.fr/iiif/presentation/v3/ark:/12148/bd6t529189d/manifest.json'
For more information check: https://developer.mozilla.org/en-US/docs/Web/HTTP/Status/403",2026-07-17T10:45:06.192410
combat,bd6t529190m,,failed,0,0,,http_manifest,known,403,manifest,"Client error '403 ' for url 'https://openapiproext.bnf.fr/iiif/presentation/v3/ark:/12148/bd6t529190m/manifest.json'
For more information check: https://developer.mozilla.org/en-US/docs/Web/HTTP/Status/403",2026-07-17T10:45:07.182125
combat,bd6t529191z,,failed,0,0,,http_manifest,known,403,manifest,"Client error '403 ' for url 'https://openapiproext.bnf.fr/iiif/presentation/v3/ark:/12148/bd6t529191z/manifest.json'
For more information check: https://developer.mozilla.org/en-US/docs/Web/HTTP/Status/403",2026-07-17T10:45:08.493991
combat,bd6t5291929,,failed,0,0,,http_manifest,known,403,manifest,"Client error '403 ' for url 'https://openapiproext.bnf.fr/iiif/presentation/v3/ark:/12148/bd6t5291929/manifest.json'
For more information check: https://developer.mozilla.org/en-US/docs/Web/HTTP/Status/403",2026-07-17T10:45:09.583030
combat,bd6t529193n,,failed,0,0,,http_manifest,known,403,manifest,"Client error '403 ' for url 'https://openapiproext.bnf.fr/iiif/presentation/v3/ark:/12148/bd6t529193n/manifest.json'
For more information check: https://developer.mozilla.org/en-US/docs/Web/HTTP/Status/403",2026-07-17T10:45:10.778955
combat,bd6t5291940,,failed,0,0,,http_manifest,known,403,manifest,"Client error '403 ' for url 'https://openapiproext.bnf.fr/iiif/presentation/v3/ark:/12148/bd6t5291940/manifest.json'
For more information check: https://developer.mozilla.org/en-US/docs/Web/HTTP/Status/403",2026-07-17T10:45:11.977130
combat,bd6t529195b,,failed,0,0,,http_manifest,known,403,manifest,"Client error '403 ' for url 'https://openapiproext.bnf.fr/iiif/presentation/v3/ark:/12148/bd6t529195b/manifest.json'
For more information check: https://developer.mozilla.org/en-US/docs/Web/HTTP/Status/403",2026-07-17T10:45:13.190026
combat,bd6t529196p,,failed,0,0,,http_manifest,known,403,manifest,"Client error '403 ' for url 'https://openapiproext.bnf.fr/iiif/presentation/v3/ark:/12148/bd6t529196p/manifest.json'
For more information check: https://developer.mozilla.org/en-US/docs/Web/HTTP/Status/403",2026-07-17T10:45:14.385092
combat,bd6t5291971,,failed,0,0,,http_manifest,known,403,manifest,"Client error '403 ' for url 'https://openapiproext.bnf.fr/iiif/presentation/v3/ark:/12148/bd6t5291971/manifest.json'
For more information check: https://developer.mozilla.org/en-US/docs/Web/HTTP/Status/403",2026-07-17T10:45:15.584631
combat,bd6t529198c,,failed,0,0,,http_manifest,known,403,manifest,"Client error '403 ' for url 'https://openapiproext.bnf.fr/iiif/presentation/v3/ark:/12148/bd6t529198c/manifest.json'
For more information check: https://developer.mozilla.org/en-US/docs/Web/HTTP/Status/403",2026-07-17T10:45:16.824865
combat,bd6t529199q,,failed,0,0,,http_manifest,known,403,manifest,"Client error '403 ' for url 'https://openapiproext.bnf.fr/iiif/presentation/v3/ark:/12148/bd6t529199q/manifest.json'
For more information check: https://developer.mozilla.org/en-US/docs/Web/HTTP/Status/403",2026-07-17T10:45:17.990321
combat,bd6t5292003,,failed,0,0,,http_manifest,known,403,manifest,"Client error '403 ' for url 'https://openapiproext.bnf.fr/iiif/presentation/v3/ark:/12148/bd6t5292003/manifest.json'
For more information check: https://developer.mozilla.org/en-US/docs/Web/HTTP/Status/403",2026-07-17T10:45:19.191478
combat,bd6t529201f,,failed,0,0,,http_manifest,known,403,manifest,"Client error '403 ' for url 'https://openapiproext.bnf.fr/iiif/presentation/v3/ark:/12148/bd6t529201f/manifest.json'
For more information check: https://developer.mozilla.org/en-US/docs/Web/HTTP/Status/403",2026-07-17T10:45:20.390637
combat,bd6t529202s,,failed,0,0,,http_manifest,known,403,manifest,"Client error '403 ' for url 'https://openapiproext.bnf.fr/iiif/presentation/v3/ark:/12148/bd6t529202s/manifest.json'
For more information check: https://developer.mozilla.org/en-US/docs/Web/HTTP/Status/403",2026-07-17T10:45:21.593068
combat,bd6t5292034,,failed,0,0,,http_manifest,known,403,manifest,"Client error '403 ' for url 'https://openapiproext.bnf.fr/iiif/presentation/v3/ark:/12148/bd6t5292034/manifest.json'
For more information check: https://developer.mozilla.org/en-US/docs/Web/HTTP/Status/403",2026-07-17T10:45:22.796585
combat,bd6t529204g,,failed,0,0,,http_manifest,known,403,manifest,"Client error '403 ' for url 'https://openapiproext.bnf.fr/iiif/presentation/v3/ark:/12148/bd6t529204g/manifest.json'
For more information check: https://developer.mozilla.org/en-US/docs/Web/HTTP/Status/403",2026-07-17T10:45:23.996980
combat,bd6t529205t,,failed,0,0,,http_manifest,known,403,manifest,"Client error '403 ' for url 'https://openapiproext.bnf.fr/iiif/presentation/v3/ark:/12148/bd6t529205t/manifest.json'
For more information check: https://developer.mozilla.org/en-US/docs/Web/HTTP/Status/403",2026-07-17T10:45:25.200641
combat,bd6t5292065,,failed,0,0,,http_manifest,known,403,manifest,"Client error '403 ' for url 'https://openapiproext.bnf.fr/iiif/presentation/v3/ark:/12148/bd6t5292065/manifest.json'
For more information check: https://developer.mozilla.org/en-US/docs/Web/HTTP/Status/403",2026-07-17T10:45:26.421419
combat,bd6t529207h,,failed,0,0,,http_manifest,known,403,manifest,"Client error '403 ' for url 'https://openapiproext.bnf.fr/iiif/presentation/v3/ark:/12148/bd6t529207h/manifest.json'
For more information check: https://developer.mozilla.org/en-US/docs/Web/HTTP/Status/403",2026-07-17T10:45:27.608665
combat,bd6t529208v,,failed,0,0,,http_manifest,known,403,manifest,"Client error '403 ' for url 'https://openapiproext.bnf.fr/iiif/presentation/v3/ark:/12148/bd6t529208v/manifest.json'
For more information check: https://developer.mozilla.org/en-US/docs/Web/HTTP/Status/403",2026-07-17T10:45:28.801966
combat,bd6t5292096,,failed,0,0,,http_manifest,known,403,manifest,"Client error '403 ' for url 'https://openapiproext.bnf.fr/iiif/presentation/v3/ark:/12148/bd6t5292096/manifest.json'
For more information check: https://developer.mozilla.org/en-US/docs/Web/HTTP/Status/403",2026-07-17T10:45:30.003991
combat,bd6t529210d,,failed,0,0,,http_manifest,known,403,manifest,"Client error '403 ' for url 'https://openapiproext.bnf.fr/iiif/presentation/v3/ark:/12148/bd6t529210d/manifest.json'
For more information check: https://developer.mozilla.org/en-US/docs/Web/HTTP/Status/403",2026-07-17T10:45:31.207751
combat,bd6t529211r,,failed,0,0,,http_manifest,known,403,manifest,"Client error '403 ' for url 'https://openapiproext.bnf.fr/iiif/presentation/v3/ark:/12148/bd6t529211r/manifest.json'
For more information check: https://developer.mozilla.org/en-US/docs/Web/HTTP/Status/403",2026-07-17T10:45:32.408431
combat,bd6t5292123,,failed,0,0,,http_manifest,known,403,manifest,"Client error '403 ' for url 'https://openapiproext.bnf.fr/iiif/presentation/v3/ark:/12148/bd6t5292123/manifest.json'
For more information check: https://developer.mozilla.org/en-US/docs/Web/HTTP/Status/403",2026-07-17T10:45:33.607142
combat,bd6t529213f,,failed,0,0,,http_manifest,known,403,manifest,"Client error '403 ' for url 'https://openapiproext.bnf.fr/iiif/presentation/v3/ark:/12148/bd6t529213f/manifest.json'
For more information check: https://developer.mozilla.org/en-US/docs/Web/HTTP/Status/403",2026-07-17T10:45:34.812486
combat,bd6t529214s,,failed,0,0,,http_manifest,known,403,manifest,"Client error '403 ' for url 'https://openapiproext.bnf.fr/iiif/presentation/v3/ark:/12148/bd6t529214s/manifest.json'
For more information check: https://developer.mozilla.org/en-US/docs/Web/HTTP/Status/403",2026-07-17T10:45:36.016704
combat,bd6t5292154,,failed,0,0,,http_manifest,known,403,manifest,"Client error '403 ' for url 'https://openapiproext.bnf.fr/iiif/presentation/v3/ark:/12148/bd6t5292154/manifest.json'
For more information check: https://developer.mozilla.org/en-US/docs/Web/HTTP/Status/403",2026-07-17T10:45:37.213736
combat,bd6t529216g,,failed,0,0,,http_manifest,known,403,manifest,"Client error '403 ' for url 'https://openapiproext.bnf.fr/iiif/presentation/v3/ark:/12148/bd6t529216g/manifest.json'
For more information check: https://developer.mozilla.org/en-US/docs/Web/HTTP/Status/403",2026-07-17T10:45:38.421661
combat,bd6t529217t,,failed,0,0,,http_manifest,known,403,manifest,"Client error '403 ' for url 'https://openapiproext.bnf.fr/iiif/presentation/v3/ark:/12148/bd6t529217t/manifest.json'
For more information check: https://developer.mozilla.org/en-US/docs/Web/HTTP/Status/403",2026-07-17T10:45:39.618851
combat,bd6t5292185,,failed,0,0,,http_manifest,known,403,manifest,"Client error '403 ' for url 'https://openapiproext.bnf.fr/iiif/presentation/v3/ark:/12148/bd6t5292185/manifest.json'
For more information check: https://developer.mozilla.org/en-US/docs/Web/HTTP/Status/403",2026-07-17T10:45:40.817071
combat,bd6t529219h,,failed,0,0,,http_manifest,known,403,manifest,"Client error '403 ' for url 'https://openapiproext.bnf.fr/iiif/presentation/v3/ark:/12148/bd6t529219h/manifest.json'
For more information check: https://developer.mozilla.org/en-US/docs/Web/HTTP/Status/403",2026-07-17T10:45:42.040557
combat,bd6t529220q,,failed,0,0,,http_manifest,known,403,manifest,"Client error '403 ' for url 'https://openapiproext.bnf.fr/iiif/presentation/v3/ark:/12148/bd6t529220q/manifest.json'
For more information check: https://developer.mozilla.org/en-US/docs/Web/HTTP/Status/403",2026-07-17T10:45:43.224090
combat,bd6t5292212,,failed,0,0,,http_manifest,known,403,manifest,"Client error '403 ' for url 'https://openapiproext.bnf.fr/iiif/presentation/v3/ark:/12148/bd6t5292212/manifest.json'
For more information check: https://developer.mozilla.org/en-US/docs/Web/HTTP/Status/403",2026-07-17T10:45:44.420251
combat,bd6t529222d,,failed,0,0,,http_manifest,known,403,manifest,"Client error '403 ' for url 'https://openapiproext.bnf.fr/iiif/presentation/v3/ark:/12148/bd6t529222d/manifest.json'
For more information check: https://developer.mozilla.org/en-US/docs/Web/HTTP/Status/403",2026-07-17T10:45:45.622365
combat,bd6t529223r,,failed,0,0,,http_manifest,known,403,manifest,"Client error '403 ' for url 'https://openapiproext.bnf.fr/iiif/presentation/v3/ark:/12148/bd6t529223r/manifest.json'
For more information check: https://developer.mozilla.org/en-US/docs/Web/HTTP/Status/403",2026-07-17T10:45:46.826809
combat,bd6t5292243,,failed,0,0,,http_manifest,known,403,manifest,"Client error '403 ' for url 'https://openapiproext.bnf.fr/iiif/presentation/v3/ark:/12148/bd6t5292243/manifest.json'
For more information check: https://developer.mozilla.org/en-US/docs/Web/HTTP/Status/403",2026-07-17T10:45:48.027768
combat,bd6t529225f,,failed,0,0,,http_manifest,known,403,manifest,"Client error '403 ' for url 'https://openapiproext.bnf.fr/iiif/presentation/v3/ark:/12148/bd6t529225f/manifest.json'
For more information check: https://developer.mozilla.org/en-US/docs/Web/HTTP/Status/403",2026-07-17T10:45:49.234201
combat,bd6t529226s,,failed,0,0,,http_manifest,known,403,manifest,"Client error '403 ' for url 'https://openapiproext.bnf.fr/iiif/presentation/v3/ark:/12148/bd6t529226s/manifest.json'
For more information check: https://developer.mozilla.org/en-US/docs/Web/HTTP/Status/403",2026-07-17T10:45:50.432008
combat,bd6t5292274,,failed,0,0,,http_manifest,known,403,manifest,"Client error '403 ' for url 'https://openapiproext.bnf.fr/iiif/presentation/v3/ark:/12148/bd6t5292274/manifest.json'
For more information check: https://developer.mozilla.org/en-US/docs/Web/HTTP/Status/403",2026-07-17T10:45:51.633268
combat,bd6t529228g,,failed,0,0,,http_manifest,known,403,manifest,"Client error '403 ' for url 'https://openapiproext.bnf.fr/iiif/presentation/v3/ark:/12148/bd6t529228g/manifest.json'
For more information check: https://developer.mozilla.org/en-US/docs/Web/HTTP/Status/403",2026-07-17T10:45:52.830901
combat,bd6t529229t,,failed,0,0,,http_manifest,known,403,manifest,"Client error '403 ' for url 'https://openapiproext.bnf.fr/iiif/presentation/v3/ark:/12148/bd6t529229t/manifest.json'
For more information check: https://developer.mozilla.org/en-US/docs/Web/HTTP/Status/403",2026-07-17T10:45:54.063201
combat,bd6t5292301,,failed,0,0,,http_manifest,known,403,manifest,"Client error '403 ' for url 'https://openapiproext.bnf.fr/iiif/presentation/v3/ark:/12148/bd6t5292301/manifest.json'
For more information check: https://developer.mozilla.org/en-US/docs/Web/HTTP/Status/403",2026-07-17T10:45:55.238364
combat,bd6t529231c,,failed,0,0,,http_manifest,known,403,manifest,"Client error '403 ' for url 'https://openapiproext.bnf.fr/iiif/presentation/v3/ark:/12148/bd6t529231c/manifest.json'
For more information check: https://developer.mozilla.org/en-US/docs/Web/HTTP/Status/403",2026-07-17T10:45:56.436353
combat,bd6t529232q,,failed,0,0,,http_manifest,known,403,manifest,"Client error '403 ' for url 'https://openapiproext.bnf.fr/iiif/presentation/v3/ark:/12148/bd6t529232q/manifest.json'
For more information check: https://developer.mozilla.org/en-US/docs/Web/HTTP/Status/403",2026-07-17T10:45:57.716842
combat,bd6t5292332,,failed,0,0,,http_manifest,known,403,manifest,"Client error '403 ' for url 'https://openapiproext.bnf.fr/iiif/presentation/v3/ark:/12148/bd6t5292332/manifest.json'
For more information check: https://developer.mozilla.org/en-US/docs/Web/HTTP/Status/403",2026-07-17T10:45:58.842137
combat,bd6t529234d,,failed,0,0,,http_manifest,known,403,manifest,"Client error '403 ' for url 'https://openapiproext.bnf.fr/iiif/presentation/v3/ark:/12148/bd6t529234d/manifest.json'
For more information check: https://developer.mozilla.org/en-US/docs/Web/HTTP/Status/403",2026-07-17T10:46:00.126451
combat,bd6t529235r,,failed,0,0,,http_manifest,known,403,manifest,"Client error '403 ' for url 'https://openapiproext.bnf.fr/iiif/presentation/v3/ark:/12148/bd6t529235r/manifest.json'
For more information check: https://developer.mozilla.org/en-US/docs/Web/HTTP/Status/403",2026-07-17T10:46:01.251132
combat,bd6t5292363,,failed,0,0,,http_manifest,known,403,manifest,"Client error '403 ' for url 'https://openapiproext.bnf.fr/iiif/presentation/v3/ark:/12148/bd6t5292363/manifest.json'
For more information check: https://developer.mozilla.org/en-US/docs/Web/HTTP/Status/403",2026-07-17T10:46:02.443256
combat,bd6t529237f,,failed,0,0,,http_manifest,known,403,manifest,"Client error '403 ' for url 'https://openapiproext.bnf.fr/iiif/presentation/v3/ark:/12148/bd6t529237f/manifest.json'
For more information check: https://developer.mozilla.org/en-US/docs/Web/HTTP/Status/403",2026-07-17T10:46:03.692427
combat,bd6t529238s,,failed,0,0,,http_manifest,known,403,manifest,"Client error '403 ' for url 'https://openapiproext.bnf.fr/iiif/presentation/v3/ark:/12148/bd6t529238s/manifest.json'
For more information check: https://developer.mozilla.org/en-US/docs/Web/HTTP/Status/403",2026-07-17T10:46:04.946329
combat,bd6t5292394,,failed,0,0,,http_manifest,known,403,manifest,"Client error '403 ' for url 'https://openapiproext.bnf.fr/iiif/presentation/v3/ark:/12148/bd6t5292394/manifest.json'
For more information check: https://developer.mozilla.org/en-US/docs/Web/HTTP/Status/403",2026-07-17T10:46:06.168895
combat,bd6t529240b,,failed,0,0,,http_manifest,known,403,manifest,"Client error '403 ' for url 'https://openapiproext.bnf.fr/iiif/presentation/v3/ark:/12148/bd6t529240b/manifest.json'
For more information check: https://developer.mozilla.org/en-US/docs/Web/HTTP/Status/403",2026-07-17T10:46:07.427219
combat,bd6t529241p,,failed,0,0,,http_manifest,known,403,manifest,"Client error '403 ' for url 'https://openapiproext.bnf.fr/iiif/presentation/v3/ark:/12148/bd6t529241p/manifest.json'
For more information check: https://developer.mozilla.org/en-US/docs/Web/HTTP/Status/403",2026-07-17T10:46:08.547885
combat,bd6t5292421,,failed,0,0,,http_manifest,known,403,manifest,"Client error '403 ' for url 'https://openapiproext.bnf.fr/iiif/presentation/v3/ark:/12148/bd6t5292421/manifest.json'
For more information check: https://developer.mozilla.org/en-US/docs/Web/HTTP/Status/403",2026-07-17T10:46:09.655020
combat,bd6t529243c,,failed,0,0,,http_manifest,known,403,manifest,"Client error '403 ' for url 'https://openapiproext.bnf.fr/iiif/presentation/v3/ark:/12148/bd6t529243c/manifest.json'
For more information check: https://developer.mozilla.org/en-US/docs/Web/HTTP/Status/403",2026-07-17T10:46:10.853520
combat,bd6t529244q,,failed,0,0,,http_manifest,known,403,manifest,"Client error '403 ' for url 'https://openapiproext.bnf.fr/iiif/presentation/v3/ark:/12148/bd6t529244q/manifest.json'
For more information check: https://developer.mozilla.org/en-US/docs/Web/HTTP/Status/403",2026-07-17T10:46:12.131460
combat,bd6t5292452,,failed,0,0,,http_manifest,known,403,manifest,"Client error '403 ' for url 'https://openapiproext.bnf.fr/iiif/presentation/v3/ark:/12148/bd6t5292452/manifest.json'
For more information check: https://developer.mozilla.org/en-US/docs/Web/HTTP/Status/403",2026-07-17T10:46:13.255100
combat,bd6t529246d,,failed,0,0,,http_manifest,known,403,manifest,"Client error '403 ' for url 'https://openapiproext.bnf.fr/iiif/presentation/v3/ark:/12148/bd6t529246d/manifest.json'
For more information check: https://developer.mozilla.org/en-US/docs/Web/HTTP/Status/403",2026-07-17T10:46:14.650615
combat,bd6t529247r,,failed,0,0,,http_manifest,known,403,manifest,"Client error '403 ' for url 'https://openapiproext.bnf.fr/iiif/presentation/v3/ark:/12148/bd6t529247r/manifest.json'
For more information check: https://developer.mozilla.org/en-US/docs/Web/HTTP/Status/403",2026-07-17T10:46:15.677681
combat,bd6t5292483,,failed,0,0,,http_manifest,known,403,manifest,"Client error '403 ' for url 'https://openapiproext.bnf.fr/iiif/presentation/v3/ark:/12148/bd6t5292483/manifest.json'
For more information check: https://developer.mozilla.org/en-US/docs/Web/HTTP/Status/403",2026-07-17T10:46:16.865240
combat,bd6t529249f,,failed,0,0,,http_manifest,known,403,manifest,"Client error '403 ' for url 'https://openapiproext.bnf.fr/iiif/presentation/v3/ark:/12148/bd6t529249f/manifest.json'
For more information check: https://developer.mozilla.org/en-US/docs/Web/HTTP/Status/403",2026-07-17T10:46:18.064796
combat,bd6t529250n,,failed,0,0,,http_manifest,known,403,manifest,"Client error '403 ' for url 'https://openapiproext.bnf.fr/iiif/presentation/v3/ark:/12148/bd6t529250n/manifest.json'
For more information check: https://developer.mozilla.org/en-US/docs/Web/HTTP/Status/403",2026-07-17T10:46:19.291628
combat,bd6t5299032,,failed,0,0,,http_manifest,known,403,manifest,"Client error '403 ' for url 'https://openapiproext.bnf.fr/iiif/presentation/v3/ark:/12148/bd6t5299032/manifest.json'
For more information check: https://developer.mozilla.org/en-US/docs/Web/HTTP/Status/403",2026-07-17T10:46:20.466255
combat,bd6t529904d,,failed,0,0,,http_manifest,known,403,manifest,"Client error '403 ' for url 'https://openapiproext.bnf.fr/iiif/presentation/v3/ark:/12148/bd6t529904d/manifest.json'
For more information check: https://developer.mozilla.org/en-US/docs/Web/HTTP/Status/403",2026-07-17T10:46:21.677720
combat,bd6t529905r,,failed,0,0,,http_manifest,known,403,manifest,"Client error '403 ' for url 'https://openapiproext.bnf.fr/iiif/presentation/v3/ark:/12148/bd6t529905r/manifest.json'
For more information check: https://developer.mozilla.org/en-US/docs/Web/HTTP/Status/403",2026-07-17T10:46:22.865368
combat,bd6t5299063,,failed,0,0,,http_manifest,known,403,manifest,"Client error '403 ' for url 'https://openapiproext.bnf.fr/iiif/presentation/v3/ark:/12148/bd6t5299063/manifest.json'
For more information check: https://developer.mozilla.org/en-US/docs/Web/HTTP/Status/403",2026-07-17T10:46:24.065154
combat,bd6t529907f,,failed,0,0,,http_manifest,known,403,manifest,"Client error '403 ' for url 'https://openapiproext.bnf.fr/iiif/presentation/v3/ark:/12148/bd6t529907f/manifest.json'
For more information check: https://developer.mozilla.org/en-US/docs/Web/HTTP/Status/403",2026-07-17T10:46:25.270608
combat,bd6t529908s,,failed,0,0,,http_manifest,known,403,manifest,"Client error '403 ' for url 'https://openapiproext.bnf.fr/iiif/presentation/v3/ark:/12148/bd6t529908s/manifest.json'
For more information check: https://developer.mozilla.org/en-US/docs/Web/HTTP/Status/403",2026-07-17T10:46:26.470738
combat,bd6t5299094,,failed,0,0,,http_manifest,known,403,manifest,"Client error '403 ' for url 'https://openapiproext.bnf.fr/iiif/presentation/v3/ark:/12148/bd6t5299094/manifest.json'
For more information check: https://developer.mozilla.org/en-US/docs/Web/HTTP/Status/403",2026-07-17T10:46:27.680105
combat,bd6t529910b,,failed,0,0,,http_manifest,known,403,manifest,"Client error '403 ' for url 'https://openapiproext.bnf.fr/iiif/presentation/v3/ark:/12148/bd6t529910b/manifest.json'
For more information check: https://developer.mozilla.org/en-US/docs/Web/HTTP/Status/403",2026-07-17T10:46:28.875187
combat,bd6t529911p,,failed,0,0,,http_manifest,known,403,manifest,"Client error '403 ' for url 'https://openapiproext.bnf.fr/iiif/presentation/v3/ark:/12148/bd6t529911p/manifest.json'
For more information check: https://developer.mozilla.org/en-US/docs/Web/HTTP/Status/403",2026-07-17T10:46:30.080242
combat,bd6t5299121,,failed,0,0,,http_manifest,known,403,manifest,"Client error '403 ' for url 'https://openapiproext.bnf.fr/iiif/presentation/v3/ark:/12148/bd6t5299121/manifest.json'
For more information check: https://developer.mozilla.org/en-US/docs/Web/HTTP/Status/403",2026-07-17T10:46:31.278152
combat,bd6t529913c,,failed,0,0,,http_manifest,known,403,manifest,"Client error '403 ' for url 'https://openapiproext.bnf.fr/iiif/presentation/v3/ark:/12148/bd6t529913c/manifest.json'
For more information check: https://developer.mozilla.org/en-US/docs/Web/HTTP/Status/403",2026-07-17T10:46:32.477742
combat,bd6t529914q,,failed,0,0,,http_manifest,known,403,manifest,"Client error '403 ' for url 'https://openapiproext.bnf.fr/iiif/presentation/v3/ark:/12148/bd6t529914q/manifest.json'
For more information check: https://developer.mozilla.org/en-US/docs/Web/HTTP/Status/403",2026-07-17T10:46:33.680293
combat,bd6t5299152,,failed,0,0,,http_manifest,known,403,manifest,"Client error '403 ' for url 'https://openapiproext.bnf.fr/iiif/presentation/v3/ark:/12148/bd6t5299152/manifest.json'
For more information check: https://developer.mozilla.org/en-US/docs/Web/HTTP/Status/403",2026-07-17T10:46:34.889398
combat,bd6t529916d,,failed,0,0,,http_manifest,known,403,manifest,"Client error '403 ' for url 'https://openapiproext.bnf.fr/iiif/presentation/v3/ark:/12148/bd6t529916d/manifest.json'
For more information check: https://developer.mozilla.org/en-US/docs/Web/HTTP/Status/403",2026-07-17T10:46:36.079594
combat,bd6t529917r,,failed,0,0,,http_manifest,known,403,manifest,"Client error '403 ' for url 'https://openapiproext.bnf.fr/iiif/presentation/v3/ark:/12148/bd6t529917r/manifest.json'
For more information check: https://developer.mozilla.org/en-US/docs/Web/HTTP/Status/403",2026-07-17T10:46:37.284135
combat,bd6t5299183,,failed,0,0,,http_manifest,known,403,manifest,"Client error '403 ' for url 'https://openapiproext.bnf.fr/iiif/presentation/v3/ark:/12148/bd6t5299183/manifest.json'
For more information check: https://developer.mozilla.org/en-US/docs/Web/HTTP/Status/403",2026-07-17T10:46:38.484698
combat,bd6t529919f,,failed,0,0,,http_manifest,known,403,manifest,"Client error '403 ' for url 'https://openapiproext.bnf.fr/iiif/presentation/v3/ark:/12148/bd6t529919f/manifest.json'
For more information check: https://developer.mozilla.org/en-US/docs/Web/HTTP/Status/403",2026-07-17T10:46:39.688003
combat,bd6t529920n,,failed,0,0,,http_manifest,known,403,manifest,"Client error '403 ' for url 'https://openapiproext.bnf.fr/iiif/presentation/v3/ark:/12148/bd6t529920n/manifest.json'
For more information check: https://developer.mozilla.org/en-US/docs/Web/HTTP/Status/403",2026-07-17T10:46:40.889932
combat,bd6t5299210,,failed,0,0,,http_manifest,known,403,manifest,"Client error '403 ' for url 'https://openapiproext.bnf.fr/iiif/presentation/v3/ark:/12148/bd6t5299210/manifest.json'
For more information check: https://developer.mozilla.org/en-US/docs/Web/HTTP/Status/403",2026-07-17T10:46:42.089400
combat,bd6t529922b,,failed,0,0,,http_manifest,known,403,manifest,"Client error '403 ' for url 'https://openapiproext.bnf.fr/iiif/presentation/v3/ark:/12148/bd6t529922b/manifest.json'
For more information check: https://developer.mozilla.org/en-US/docs/Web/HTTP/Status/403",2026-07-17T10:46:43.297976
combat,bd6t529923p,,failed,0,0,,http_manifest,known,403,manifest,"Client error '403 ' for url 'https://openapiproext.bnf.fr/iiif/presentation/v3/ark:/12148/bd6t529923p/manifest.json'
For more information check: https://developer.mozilla.org/en-US/docs/Web/HTTP/Status/403",2026-07-17T10:46:44.494724
combat,bd6t5299241,,failed,0,0,,http_manifest,known,403,manifest,"Client error '403 ' for url 'https://openapiproext.bnf.fr/iiif/presentation/v3/ark:/12148/bd6t5299241/manifest.json'
For more information check: https://developer.mozilla.org/en-US/docs/Web/HTTP/Status/403",2026-07-17T10:46:45.728101
combat,bd6t529925c,,failed,0,0,,http_manifest,known,403,manifest,"Client error '403 ' for url 'https://openapiproext.bnf.fr/iiif/presentation/v3/ark:/12148/bd6t529925c/manifest.json'
For more information check: https://developer.mozilla.org/en-US/docs/Web/HTTP/Status/403",2026-07-17T10:46:46.929904
combat,bd6t529926q,,failed,0,0,,http_manifest,known,403,manifest,"Client error '403 ' for url 'https://openapiproext.bnf.fr/iiif/presentation/v3/ark:/12148/bd6t529926q/manifest.json'
For more information check: https://developer.mozilla.org/en-US/docs/Web/HTTP/Status/403",2026-07-17T10:46:48.095293
combat,bd6t5299272,,failed,0,0,,http_manifest,known,403,manifest,"Client error '403 ' for url 'https://openapiproext.bnf.fr/iiif/presentation/v3/ark:/12148/bd6t5299272/manifest.json'
For more information check: https://developer.mozilla.org/en-US/docs/Web/HTTP/Status/403",2026-07-17T10:46:49.302385
combat,bd6t529928d,,failed,0,0,,http_manifest,known,403,manifest,"Client error '403 ' for url 'https://openapiproext.bnf.fr/iiif/presentation/v3/ark:/12148/bd6t529928d/manifest.json'
For more information check: https://developer.mozilla.org/en-US/docs/Web/HTTP/Status/403",2026-07-17T10:46:50.502177
combat,bd6t529929r,,failed,0,0,,http_manifest,known,403,manifest,"Client error '403 ' for url 'https://openapiproext.bnf.fr/iiif/presentation/v3/ark:/12148/bd6t529929r/manifest.json'
For more information check: https://developer.mozilla.org/en-US/docs/Web/HTTP/Status/403",2026-07-17T10:46:51.705060
combat,bd6t529930z,,failed,0,0,,http_manifest,known,403,manifest,"Client error '403 ' for url 'https://openapiproext.bnf.fr/iiif/presentation/v3/ark:/12148/bd6t529930z/manifest.json'
For more information check: https://developer.mozilla.org/en-US/docs/Web/HTTP/Status/403",2026-07-17T10:46:52.903253
combat,bd6t5299319,,failed,0,0,,http_manifest,known,403,manifest,"Client error '403 ' for url 'https://openapiproext.bnf.fr/iiif/presentation/v3/ark:/12148/bd6t5299319/manifest.json'
For more information check: https://developer.mozilla.org/en-US/docs/Web/HTTP/Status/403",2026-07-17T10:46:54.108195
combat,bd6t529932n,,failed,0,0,,http_manifest,known,403,manifest,"Client error '403 ' for url 'https://openapiproext.bnf.fr/iiif/presentation/v3/ark:/12148/bd6t529932n/manifest.json'
For more information check: https://developer.mozilla.org/en-US/docs/Web/HTTP/Status/403",2026-07-17T10:46:55.306128
combat,bd6t5299330,,failed,0,0,,http_manifest,known,403,manifest,"Client error '403 ' for url 'https://openapiproext.bnf.fr/iiif/presentation/v3/ark:/12148/bd6t5299330/manifest.json'
For more information check: https://developer.mozilla.org/en-US/docs/Web/HTTP/Status/403",2026-07-17T10:46:56.507603
combat,bd6t529934b,,failed,0,0,,http_manifest,known,403,manifest,"Client error '403 ' for url 'https://openapiproext.bnf.fr/iiif/presentation/v3/ark:/12148/bd6t529934b/manifest.json'
For more information check: https://developer.mozilla.org/en-US/docs/Web/HTTP/Status/403",2026-07-17T10:46:57.946653
combat,bd6t529935p,,failed,0,0,,http_manifest,known,403,manifest,"Client error '403 ' for url 'https://openapiproext.bnf.fr/iiif/presentation/v3/ark:/12148/bd6t529935p/manifest.json'
For more information check: https://developer.mozilla.org/en-US/docs/Web/HTTP/Status/403",2026-07-17T10:46:59.111294
combat,bd6t5299361,,failed,0,0,,http_manifest,known,403,manifest,"Client error '403 ' for url 'https://openapiproext.bnf.fr/iiif/presentation/v3/ark:/12148/bd6t5299361/manifest.json'
For more information check: https://developer.mozilla.org/en-US/docs/Web/HTTP/Status/403",2026-07-17T10:47:00.285914
combat,bd6t529937c,,failed,0,0,,http_manifest,known,403,manifest,"Client error '403 ' for url 'https://openapiproext.bnf.fr/iiif/presentation/v3/ark:/12148/bd6t529937c/manifest.json'
For more information check: https://developer.mozilla.org/en-US/docs/Web/HTTP/Status/403",2026-07-17T10:47:01.435841
combat,bd6t529938q,,failed,0,0,,http_manifest,known,403,manifest,"Client error '403 ' for url 'https://openapiproext.bnf.fr/iiif/presentation/v3/ark:/12148/bd6t529938q/manifest.json'
For more information check: https://developer.mozilla.org/en-US/docs/Web/HTTP/Status/403",2026-07-17T10:47:02.659843
combat,bd6t5299392,,failed,0,0,,http_manifest,known,403,manifest,"Client error '403 ' for url 'https://openapiproext.bnf.fr/iiif/presentation/v3/ark:/12148/bd6t5299392/manifest.json'
For more information check: https://developer.mozilla.org/en-US/docs/Web/HTTP/Status/403",2026-07-17T10:47:03.960073
combat,bd6t5299408,,failed,0,0,,http_manifest,known,403,manifest,"Client error '403 ' for url 'https://openapiproext.bnf.fr/iiif/presentation/v3/ark:/12148/bd6t5299408/manifest.json'
For more information check: https://developer.mozilla.org/en-US/docs/Web/HTTP/Status/403",2026-07-17T10:47:05.180676
combat,bd6t529941m,,failed,0,0,,http_manifest,known,403,manifest,"Client error '403 ' for url 'https://openapiproext.bnf.fr/iiif/presentation/v3/ark:/12148/bd6t529941m/manifest.json'
For more information check: https://developer.mozilla.org/en-US/docs/Web/HTTP/Status/403",2026-07-17T10:47:06.498450
combat,bd6t529942z,,failed,0,0,,http_manifest,known,403,manifest,"Client error '403 ' for url 'https://openapiproext.bnf.fr/iiif/presentation/v3/ark:/12148/bd6t529942z/manifest.json'
For more information check: https://developer.mozilla.org/en-US/docs/Web/HTTP/Status/403",2026-07-17T10:47:08.135583
combat,bd6t5299439,,failed,0,0,,http_manifest,known,403,manifest,"Client error '403 ' for url 'https://openapiproext.bnf.fr/iiif/presentation/v3/ark:/12148/bd6t5299439/manifest.json'
For more information check: https://developer.mozilla.org/en-US/docs/Web/HTTP/Status/403",2026-07-17T10:47:09.486363
combat,bd6t529944n,,failed,0,0,,http_manifest,known,403,manifest,"Client error '403 ' for url 'https://openapiproext.bnf.fr/iiif/presentation/v3/ark:/12148/bd6t529944n/manifest.json'
For more information check: https://developer.mozilla.org/en-US/docs/Web/HTTP/Status/403",2026-07-17T10:47:11.012807
combat,bd6t5299450,,failed,0,0,,http_manifest,known,403,manifest,"Client error '403 ' for url 'https://openapiproext.bnf.fr/iiif/presentation/v3/ark:/12148/bd6t5299450/manifest.json'
For more information check: https://developer.mozilla.org/en-US/docs/Web/HTTP/Status/403",2026-07-17T10:47:11.891904
combat,bd6t529946b,,failed,0,0,,http_manifest,known,403,manifest,"Client error '403 ' for url 'https://openapiproext.bnf.fr/iiif/presentation/v3/ark:/12148/bd6t529946b/manifest.json'
For more information check: https://developer.mozilla.org/en-US/docs/Web/HTTP/Status/403",2026-07-17T10:47:13.309931
combat,bd6t529947p,,failed,0,0,,http_manifest,known,403,manifest,"Client error '403 ' for url 'https://openapiproext.bnf.fr/iiif/presentation/v3/ark:/12148/bd6t529947p/manifest.json'
For more information check: https://developer.mozilla.org/en-US/docs/Web/HTTP/Status/403",2026-07-17T10:47:14.287802
combat,bd6t5299481,,failed,0,0,,http_manifest,known,403,manifest,"Client error '403 ' for url 'https://openapiproext.bnf.fr/iiif/presentation/v3/ark:/12148/bd6t5299481/manifest.json'
For more information check: https://developer.mozilla.org/en-US/docs/Web/HTTP/Status/403",2026-07-17T10:47:15.489680
combat,bd6t529949c,,failed,0,0,,http_manifest,known,403,manifest,"Client error '403 ' for url 'https://openapiproext.bnf.fr/iiif/presentation/v3/ark:/12148/bd6t529949c/manifest.json'
For more information check: https://developer.mozilla.org/en-US/docs/Web/HTTP/Status/403",2026-07-17T10:47:16.687749
combat,bd6t529950k,,failed,0,0,,http_manifest,known,403,manifest,"Client error '403 ' for url 'https://openapiproext.bnf.fr/iiif/presentation/v3/ark:/12148/bd6t529950k/manifest.json'
For more information check: https://developer.mozilla.org/en-US/docs/Web/HTTP/Status/403",2026-07-17T10:47:17.890533
combat,bd6t529951x,,failed,0,0,,http_manifest,known,403,manifest,"Client error '403 ' for url 'https://openapiproext.bnf.fr/iiif/presentation/v3/ark:/12148/bd6t529951x/manifest.json'
For more information check: https://developer.mozilla.org/en-US/docs/Web/HTTP/Status/403",2026-07-17T10:47:19.091190
combat,bd6t5299528,,failed,0,0,,http_manifest,known,403,manifest,"Client error '403 ' for url 'https://openapiproext.bnf.fr/iiif/presentation/v3/ark:/12148/bd6t5299528/manifest.json'
For more information check: https://developer.mozilla.org/en-US/docs/Web/HTTP/Status/403",2026-07-17T10:47:20.292632
combat,bd6t529953m,,failed,0,0,,http_manifest,known,403,manifest,"Client error '403 ' for url 'https://openapiproext.bnf.fr/iiif/presentation/v3/ark:/12148/bd6t529953m/manifest.json'
For more information check: https://developer.mozilla.org/en-US/docs/Web/HTTP/Status/403",2026-07-17T10:47:21.496409
combat,bd6t529954z,,failed,0,0,,http_manifest,known,403,manifest,"Client error '403 ' for url 'https://openapiproext.bnf.fr/iiif/presentation/v3/ark:/12148/bd6t529954z/manifest.json'
For more information check: https://developer.mozilla.org/en-US/docs/Web/HTTP/Status/403",2026-07-17T10:47:22.698861
combat,bd6t5299559,,failed,0,0,,http_manifest,known,403,manifest,"Client error '403 ' for url 'https://openapiproext.bnf.fr/iiif/presentation/v3/ark:/12148/bd6t5299559/manifest.json'
For more information check: https://developer.mozilla.org/en-US/docs/Web/HTTP/Status/403",2026-07-17T10:47:23.929119
combat,bd6t529956n,,failed,0,0,,http_manifest,known,403,manifest,"Client error '403 ' for url 'https://openapiproext.bnf.fr/iiif/presentation/v3/ark:/12148/bd6t529956n/manifest.json'
For more information check: https://developer.mozilla.org/en-US/docs/Web/HTTP/Status/403",2026-07-17T10:47:25.106930
combat,bd6t5299570,,failed,0,0,,http_manifest,known,403,manifest,"Client error '403 ' for url 'https://openapiproext.bnf.fr/iiif/presentation/v3/ark:/12148/bd6t5299570/manifest.json'
For more information check: https://developer.mozilla.org/en-US/docs/Web/HTTP/Status/403",2026-07-17T10:47:26.303582
combat,bd6t529958b,,failed,0,0,,http_manifest,known,403,manifest,"Client error '403 ' for url 'https://openapiproext.bnf.fr/iiif/presentation/v3/ark:/12148/bd6t529958b/manifest.json'
For more information check: https://developer.mozilla.org/en-US/docs/Web/HTTP/Status/403",2026-07-17T10:47:27.506237
combat,bd6t529959p,,failed,0,0,,http_manifest,known,403,manifest,"Client error '403 ' for url 'https://openapiproext.bnf.fr/iiif/presentation/v3/ark:/12148/bd6t529959p/manifest.json'
For more information check: https://developer.mozilla.org/en-US/docs/Web/HTTP/Status/403",2026-07-17T10:47:28.706567
combat,bd6t529960w,,failed,0,0,,http_manifest,known,403,manifest,"Client error '403 ' for url 'https://openapiproext.bnf.fr/iiif/presentation/v3/ark:/12148/bd6t529960w/manifest.json'
For more information check: https://developer.mozilla.org/en-US/docs/Web/HTTP/Status/403",2026-07-17T10:47:29.907158
combat,bd6t5299617,,failed,0,0,,http_manifest,known,403,manifest,"Client error '403 ' for url 'https://openapiproext.bnf.fr/iiif/presentation/v3/ark:/12148/bd6t5299617/manifest.json'
For more information check: https://developer.mozilla.org/en-US/docs/Web/HTTP/Status/403",2026-07-17T10:47:31.109012
combat,bd6t529962k,,failed,0,0,,http_manifest,known,403,manifest,"Client error '403 ' for url 'https://openapiproext.bnf.fr/iiif/presentation/v3/ark:/12148/bd6t529962k/manifest.json'
For more information check: https://developer.mozilla.org/en-US/docs/Web/HTTP/Status/403",2026-07-17T10:47:32.313975
combat,bd6t529963x,,failed,0,0,,http_manifest,known,403,manifest,"Client error '403 ' for url 'https://openapiproext.bnf.fr/iiif/presentation/v3/ark:/12148/bd6t529963x/manifest.json'
For more information check: https://developer.mozilla.org/en-US/docs/Web/HTTP/Status/403",2026-07-17T10:47:33.513926
combat,bd6t5299648,,failed,0,0,,http_manifest,known,403,manifest,"Client error '403 ' for url 'https://openapiproext.bnf.fr/iiif/presentation/v3/ark:/12148/bd6t5299648/manifest.json'
For more information check: https://developer.mozilla.org/en-US/docs/Web/HTTP/Status/403",2026-07-17T10:47:34.713962
combat,bd6t529965m,,failed,0,0,,http_manifest,known,403,manifest,"Client error '403 ' for url 'https://openapiproext.bnf.fr/iiif/presentation/v3/ark:/12148/bd6t529965m/manifest.json'
For more information check: https://developer.mozilla.org/en-US/docs/Web/HTTP/Status/403",2026-07-17T10:47:35.927861
combat,bd6t529966z,,failed,0,0,,http_manifest,known,403,manifest,"Client error '403 ' for url 'https://openapiproext.bnf.fr/iiif/presentation/v3/ark:/12148/bd6t529966z/manifest.json'
For more information check: https://developer.mozilla.org/en-US/docs/Web/HTTP/Status/403",2026-07-17T10:47:37.118849
combat,bd6t5299679,,failed,0,0,,http_manifest,known,403,manifest,"Client error '403 ' for url 'https://openapiproext.bnf.fr/iiif/presentation/v3/ark:/12148/bd6t5299679/manifest.json'
For more information check: https://developer.mozilla.org/en-US/docs/Web/HTTP/Status/403",2026-07-17T10:47:38.318936
combat,bd6t529968n,,failed,0,0,,http_manifest,known,403,manifest,"Client error '403 ' for url 'https://openapiproext.bnf.fr/iiif/presentation/v3/ark:/12148/bd6t529968n/manifest.json'
For more information check: https://developer.mozilla.org/en-US/docs/Web/HTTP/Status/403",2026-07-17T10:47:39.522048
combat,bd6t5299690,,failed,0,0,,http_manifest,known,403,manifest,"Client error '403 ' for url 'https://openapiproext.bnf.fr/iiif/presentation/v3/ark:/12148/bd6t5299690/manifest.json'
For more information check: https://developer.mozilla.org/en-US/docs/Web/HTTP/Status/403",2026-07-17T10:47:40.754919
combat,bd6t5299706,,failed,0,0,,http_manifest,known,403,manifest,"Client error '403 ' for url 'https://openapiproext.bnf.fr/iiif/presentation/v3/ark:/12148/bd6t5299706/manifest.json'
For more information check: https://developer.mozilla.org/en-US/docs/Web/HTTP/Status/403",2026-07-17T10:47:41.922694
combat,bd6t529971j,,failed,0,0,,http_manifest,known,403,manifest,"Client error '403 ' for url 'https://openapiproext.bnf.fr/iiif/presentation/v3/ark:/12148/bd6t529971j/manifest.json'
For more information check: https://developer.mozilla.org/en-US/docs/Web/HTTP/Status/403",2026-07-17T10:47:43.121921
combat,bd6t529972w,,failed,0,0,,http_manifest,known,403,manifest,"Client error '403 ' for url 'https://openapiproext.bnf.fr/iiif/presentation/v3/ark:/12148/bd6t529972w/manifest.json'
For more information check: https://developer.mozilla.org/en-US/docs/Web/HTTP/Status/403",2026-07-17T10:47:44.326863
combat,bd6t5299737,,failed,0,0,,http_manifest,known,403,manifest,"Client error '403 ' for url 'https://openapiproext.bnf.fr/iiif/presentation/v3/ark:/12148/bd6t5299737/manifest.json'
For more information check: https://developer.mozilla.org/en-US/docs/Web/HTTP/Status/403",2026-07-17T10:47:45.531461
combat,bd6t529974k,,failed,0,0,,http_manifest,known,403,manifest,"Client error '403 ' for url 'https://openapiproext.bnf.fr/iiif/presentation/v3/ark:/12148/bd6t529974k/manifest.json'
For more information check: https://developer.mozilla.org/en-US/docs/Web/HTTP/Status/403",2026-07-17T10:47:46.731864
combat,bd6t529975x,,failed,0,0,,http_manifest,known,403,manifest,"Client error '403 ' for url 'https://openapiproext.bnf.fr/iiif/presentation/v3/ark:/12148/bd6t529975x/manifest.json'
For more information check: https://developer.mozilla.org/en-US/docs/Web/HTTP/Status/403",2026-07-17T10:47:47.935389
combat,bd6t5299768,,failed,0,0,,http_manifest,known,403,manifest,"Client error '403 ' for url 'https://openapiproext.bnf.fr/iiif/presentation/v3/ark:/12148/bd6t5299768/manifest.json'
For more information check: https://developer.mozilla.org/en-US/docs/Web/HTTP/Status/403",2026-07-17T10:47:49.134813
combat,bd6t529977m,,failed,0,0,,http_manifest,known,403,manifest,"Client error '403 ' for url 'https://openapiproext.bnf.fr/iiif/presentation/v3/ark:/12148/bd6t529977m/manifest.json'
For more information check: https://developer.mozilla.org/en-US/docs/Web/HTTP/Status/403",2026-07-17T10:47:50.335437
combat,bd6t529978z,,failed,0,0,,http_manifest,known,403,manifest,"Client error '403 ' for url 'https://openapiproext.bnf.fr/iiif/presentation/v3/ark:/12148/bd6t529978z/manifest.json'
For more information check: https://developer.mozilla.org/en-US/docs/Web/HTTP/Status/403",2026-07-17T10:47:51.536585
combat,bd6t5299799,,failed,0,0,,http_manifest,known,403,manifest,"Client error '403 ' for url 'https://openapiproext.bnf.fr/iiif/presentation/v3/ark:/12148/bd6t5299799/manifest.json'
For more information check: https://developer.mozilla.org/en-US/docs/Web/HTTP/Status/403",2026-07-17T10:47:52.756399
combat,bd6t529409r,,failed,0,0,,http_manifest,known,403,manifest,"Client error '403 ' for url 'https://openapiproext.bnf.fr/iiif/presentation/v3/ark:/12148/bd6t529409r/manifest.json'
For more information check: https://developer.mozilla.org/en-US/docs/Web/HTTP/Status/403",2026-07-17T10:47:53.940967
combat,bd6t529410z,,failed,0,0,,http_manifest,known,403,manifest,"Client error '403 ' for url 'https://openapiproext.bnf.fr/iiif/presentation/v3/ark:/12148/bd6t529410z/manifest.json'
For more information check: https://developer.mozilla.org/en-US/docs/Web/HTTP/Status/403",2026-07-17T10:47:55.140911
combat,bd6t5294119,,failed,0,0,,http_manifest,known,403,manifest,"Client error '403 ' for url 'https://openapiproext.bnf.fr/iiif/presentation/v3/ark:/12148/bd6t5294119/manifest.json'
For more information check: https://developer.mozilla.org/en-US/docs/Web/HTTP/Status/403",2026-07-17T10:47:56.340935
combat,bd6t529412n,,failed,0,0,,http_manifest,known,403,manifest,"Client error '403 ' for url 'https://openapiproext.bnf.fr/iiif/presentation/v3/ark:/12148/bd6t529412n/manifest.json'
For more information check: https://developer.mozilla.org/en-US/docs/Web/HTTP/Status/403",2026-07-17T10:47:57.744660
combat,bd6t5294130,,failed,0,0,,http_manifest,known,403,manifest,"Client error '403 ' for url 'https://openapiproext.bnf.fr/iiif/presentation/v3/ark:/12148/bd6t5294130/manifest.json'
For more information check: https://developer.mozilla.org/en-US/docs/Web/HTTP/Status/403",2026-07-17T10:47:58.745908
combat,bd6t529414b,,failed,0,0,,http_manifest,known,403,manifest,"Client error '403 ' for url 'https://openapiproext.bnf.fr/iiif/presentation/v3/ark:/12148/bd6t529414b/manifest.json'
For more information check: https://developer.mozilla.org/en-US/docs/Web/HTTP/Status/403",2026-07-17T10:48:00.036090
combat,bd6t529415p,,failed,0,0,,http_manifest,known,403,manifest,"Client error '403 ' for url 'https://openapiproext.bnf.fr/iiif/presentation/v3/ark:/12148/bd6t529415p/manifest.json'
For more information check: https://developer.mozilla.org/en-US/docs/Web/HTTP/Status/403",2026-07-17T10:48:01.152555
combat,bd6t5294161,,failed,0,0,,http_manifest,known,403,manifest,"Client error '403 ' for url 'https://openapiproext.bnf.fr/iiif/presentation/v3/ark:/12148/bd6t5294161/manifest.json'
For more information check: https://developer.mozilla.org/en-US/docs/Web/HTTP/Status/403",2026-07-17T10:48:02.451221
combat,bd6t529417c,,failed,0,0,,http_manifest,known,403,manifest,"Client error '403 ' for url 'https://openapiproext.bnf.fr/iiif/presentation/v3/ark:/12148/bd6t529417c/manifest.json'
For more information check: https://developer.mozilla.org/en-US/docs/Web/HTTP/Status/403",2026-07-17T10:48:03.694073
combat,bd6t529418q,,failed,0,0,,http_manifest,known,403,manifest,"Client error '403 ' for url 'https://openapiproext.bnf.fr/iiif/presentation/v3/ark:/12148/bd6t529418q/manifest.json'
For more information check: https://developer.mozilla.org/en-US/docs/Web/HTTP/Status/403",2026-07-17T10:48:04.923708
combat,bd6t5294192,,failed,0,0,,http_manifest,known,403,manifest,"Client error '403 ' for url 'https://openapiproext.bnf.fr/iiif/presentation/v3/ark:/12148/bd6t5294192/manifest.json'
For more information check: https://developer.mozilla.org/en-US/docs/Web/HTTP/Status/403",2026-07-17T10:48:06.024850
combat,bd6t5294208,,failed,0,0,,http_manifest,known,403,manifest,"Client error '403 ' for url 'https://openapiproext.bnf.fr/iiif/presentation/v3/ark:/12148/bd6t5294208/manifest.json'
For more information check: https://developer.mozilla.org/en-US/docs/Web/HTTP/Status/403",2026-07-17T10:48:07.155865
combat,bd6t529421m,,failed,0,0,,http_manifest,known,403,manifest,"Client error '403 ' for url 'https://openapiproext.bnf.fr/iiif/presentation/v3/ark:/12148/bd6t529421m/manifest.json'
For more information check: https://developer.mozilla.org/en-US/docs/Web/HTTP/Status/403",2026-07-17T10:48:08.402072
combat,bd6t529422z,,failed,0,0,,http_manifest,known,403,manifest,"Client error '403 ' for url 'https://openapiproext.bnf.fr/iiif/presentation/v3/ark:/12148/bd6t529422z/manifest.json'
For more information check: https://developer.mozilla.org/en-US/docs/Web/HTTP/Status/403",2026-07-17T10:48:09.562843
combat,bd6t5294239,,failed,0,0,,http_manifest,known,403,manifest,"Client error '403 ' for url 'https://openapiproext.bnf.fr/iiif/presentation/v3/ark:/12148/bd6t5294239/manifest.json'
For more information check: https://developer.mozilla.org/en-US/docs/Web/HTTP/Status/403",2026-07-17T10:48:10.764177
combat,bd6t529424n,,failed,0,0,,http_manifest,known,403,manifest,"Client error '403 ' for url 'https://openapiproext.bnf.fr/iiif/presentation/v3/ark:/12148/bd6t529424n/manifest.json'
For more information check: https://developer.mozilla.org/en-US/docs/Web/HTTP/Status/403",2026-07-17T10:48:11.963009
combat,bd6t5294250,,failed,0,0,,http_manifest,known,403,manifest,"Client error '403 ' for url 'https://openapiproext.bnf.fr/iiif/presentation/v3/ark:/12148/bd6t5294250/manifest.json'
For more information check: https://developer.mozilla.org/en-US/docs/Web/HTTP/Status/403",2026-07-17T10:48:13.164091
combat,bd6t529426b,,failed,0,0,,http_manifest,known,403,manifest,"Client error '403 ' for url 'https://openapiproext.bnf.fr/iiif/presentation/v3/ark:/12148/bd6t529426b/manifest.json'
For more information check: https://developer.mozilla.org/en-US/docs/Web/HTTP/Status/403",2026-07-17T10:48:14.393299
combat,bd6t529427p,,failed,0,0,,http_manifest,known,403,manifest,"Client error '403 ' for url 'https://openapiproext.bnf.fr/iiif/presentation/v3/ark:/12148/bd6t529427p/manifest.json'
For more information check: https://developer.mozilla.org/en-US/docs/Web/HTTP/Status/403",2026-07-17T10:48:15.565544
combat,bd6t5294281,,failed,0,0,,http_manifest,known,403,manifest,"Client error '403 ' for url 'https://openapiproext.bnf.fr/iiif/presentation/v3/ark:/12148/bd6t5294281/manifest.json'
For more information check: https://developer.mozilla.org/en-US/docs/Web/HTTP/Status/403",2026-07-17T10:48:16.769295
combat,bd6t529429c,,failed,0,0,,http_manifest,known,403,manifest,"Client error '403 ' for url 'https://openapiproext.bnf.fr/iiif/presentation/v3/ark:/12148/bd6t529429c/manifest.json'
For more information check: https://developer.mozilla.org/en-US/docs/Web/HTTP/Status/403",2026-07-17T10:48:17.979604
combat,bd6t529430k,,failed,0,0,,http_manifest,known,403,manifest,"Client error '403 ' for url 'https://openapiproext.bnf.fr/iiif/presentation/v3/ark:/12148/bd6t529430k/manifest.json'
For more information check: https://developer.mozilla.org/en-US/docs/Web/HTTP/Status/403",2026-07-17T10:48:19.172432
combat,bd6t529431x,,failed,0,0,,http_manifest,known,403,manifest,"Client error '403 ' for url 'https://openapiproext.bnf.fr/iiif/presentation/v3/ark:/12148/bd6t529431x/manifest.json'
For more information check: https://developer.mozilla.org/en-US/docs/Web/HTTP/Status/403",2026-07-17T10:48:20.381860
combat,bd6t5294328,,failed,0,0,,http_manifest,known,403,manifest,"Client error '403 ' for url 'https://openapiproext.bnf.fr/iiif/presentation/v3/ark:/12148/bd6t5294328/manifest.json'
For more information check: https://developer.mozilla.org/en-US/docs/Web/HTTP/Status/403",2026-07-17T10:48:21.579736
combat,bd6t529433m,,failed,0,0,,http_manifest,known,403,manifest,"Client error '403 ' for url 'https://openapiproext.bnf.fr/iiif/presentation/v3/ark:/12148/bd6t529433m/manifest.json'
For more information check: https://developer.mozilla.org/en-US/docs/Web/HTTP/Status/403",2026-07-17T10:48:22.778808
combat,bd6t529434z,,failed,0,0,,http_manifest,known,403,manifest,"Client error '403 ' for url 'https://openapiproext.bnf.fr/iiif/presentation/v3/ark:/12148/bd6t529434z/manifest.json'
For more information check: https://developer.mozilla.org/en-US/docs/Web/HTTP/Status/403",2026-07-17T10:48:23.978539
combat,bd6t5294359,,failed,0,0,,http_manifest,known,403,manifest,"Client error '403 ' for url 'https://openapiproext.bnf.fr/iiif/presentation/v3/ark:/12148/bd6t5294359/manifest.json'
For more information check: https://developer.mozilla.org/en-US/docs/Web/HTTP/Status/403",2026-07-17T10:48:25.179640
combat,bd6t529436n,,failed,0,0,,http_manifest,known,403,manifest,"Client error '403 ' for url 'https://openapiproext.bnf.fr/iiif/presentation/v3/ark:/12148/bd6t529436n/manifest.json'
For more information check: https://developer.mozilla.org/en-US/docs/Web/HTTP/Status/403",2026-07-17T10:48:26.398601
combat,bd6t5294370,,failed,0,0,,http_manifest,known,403,manifest,"Client error '403 ' for url 'https://openapiproext.bnf.fr/iiif/presentation/v3/ark:/12148/bd6t5294370/manifest.json'
For more information check: https://developer.mozilla.org/en-US/docs/Web/HTTP/Status/403",2026-07-17T10:48:27.579584
combat,bd6t529438b,,failed,0,0,,http_manifest,known,403,manifest,"Client error '403 ' for url 'https://openapiproext.bnf.fr/iiif/presentation/v3/ark:/12148/bd6t529438b/manifest.json'
For more information check: https://developer.mozilla.org/en-US/docs/Web/HTTP/Status/403",2026-07-17T10:48:28.793066
combat,bd6t529439p,,failed,0,0,,http_manifest,known,403,manifest,"Client error '403 ' for url 'https://openapiproext.bnf.fr/iiif/presentation/v3/ark:/12148/bd6t529439p/manifest.json'
For more information check: https://developer.mozilla.org/en-US/docs/Web/HTTP/Status/403",2026-07-17T10:48:29.990592
combat,bd6t529440w,,failed,0,0,,http_manifest,known,403,manifest,"Client error '403 ' for url 'https://openapiproext.bnf.fr/iiif/presentation/v3/ark:/12148/bd6t529440w/manifest.json'
For more information check: https://developer.mozilla.org/en-US/docs/Web/HTTP/Status/403",2026-07-17T10:48:31.189725
combat,bd6t5294417,,failed,0,0,,http_manifest,known,403,manifest,"Client error '403 ' for url 'https://openapiproext.bnf.fr/iiif/presentation/v3/ark:/12148/bd6t5294417/manifest.json'
For more information check: https://developer.mozilla.org/en-US/docs/Web/HTTP/Status/403",2026-07-17T10:48:32.386101
combat,bd6t529442k,,failed,0,0,,http_manifest,known,403,manifest,"Client error '403 ' for url 'https://openapiproext.bnf.fr/iiif/presentation/v3/ark:/12148/bd6t529442k/manifest.json'
For more information check: https://developer.mozilla.org/en-US/docs/Web/HTTP/Status/403",2026-07-17T10:48:33.588817
combat,bd6t529443x,,failed,0,0,,http_manifest,known,403,manifest,"Client error '403 ' for url 'https://openapiproext.bnf.fr/iiif/presentation/v3/ark:/12148/bd6t529443x/manifest.json'
For more information check: https://developer.mozilla.org/en-US/docs/Web/HTTP/Status/403",2026-07-17T10:48:34.798962
combat,bd6t5294448,,failed,0,0,,http_manifest,known,403,manifest,"Client error '403 ' for url 'https://openapiproext.bnf.fr/iiif/presentation/v3/ark:/12148/bd6t5294448/manifest.json'
For more information check: https://developer.mozilla.org/en-US/docs/Web/HTTP/Status/403",2026-07-17T10:48:35.989106
combat,bd6t529445m,,failed,0,0,,http_manifest,known,403,manifest,"Client error '403 ' for url 'https://openapiproext.bnf.fr/iiif/presentation/v3/ark:/12148/bd6t529445m/manifest.json'
For more information check: https://developer.mozilla.org/en-US/docs/Web/HTTP/Status/403",2026-07-17T10:48:37.195605
combat,bd6t529446z,,failed,0,0,,http_manifest,known,403,manifest,"Client error '403 ' for url 'https://openapiproext.bnf.fr/iiif/presentation/v3/ark:/12148/bd6t529446z/manifest.json'
For more information check: https://developer.mozilla.org/en-US/docs/Web/HTTP/Status/403",2026-07-17T10:48:38.437544
combat,bd6t5294479,,failed,0,0,,http_manifest,known,403,manifest,"Client error '403 ' for url 'https://openapiproext.bnf.fr/iiif/presentation/v3/ark:/12148/bd6t5294479/manifest.json'
For more information check: https://developer.mozilla.org/en-US/docs/Web/HTTP/Status/403",2026-07-17T10:48:39.602033
combat,bd6t529448n,,failed,0,0,,http_manifest,known,403,manifest,"Client error '403 ' for url 'https://openapiproext.bnf.fr/iiif/presentation/v3/ark:/12148/bd6t529448n/manifest.json'
For more information check: https://developer.mozilla.org/en-US/docs/Web/HTTP/Status/403",2026-07-17T10:48:40.801889
combat,bd6t5294490,,failed,0,0,,http_manifest,known,403,manifest,"Client error '403 ' for url 'https://openapiproext.bnf.fr/iiif/presentation/v3/ark:/12148/bd6t5294490/manifest.json'
For more information check: https://developer.mozilla.org/en-US/docs/Web/HTTP/Status/403",2026-07-17T10:48:42.007847
combat,bd6t5294506,,failed,0,0,,http_manifest,known,403,manifest,"Client error '403 ' for url 'https://openapiproext.bnf.fr/iiif/presentation/v3/ark:/12148/bd6t5294506/manifest.json'
For more information check: https://developer.mozilla.org/en-US/docs/Web/HTTP/Status/403",2026-07-17T10:48:43.202966
combat,bd6t529451j,,failed,0,0,,http_manifest,known,403,manifest,"Client error '403 ' for url 'https://openapiproext.bnf.fr/iiif/presentation/v3/ark:/12148/bd6t529451j/manifest.json'
For more information check: https://developer.mozilla.org/en-US/docs/Web/HTTP/Status/403",2026-07-17T10:48:44.429956
combat,bd6t529452w,,failed,0,0,,http_manifest,known,403,manifest,"Client error '403 ' for url 'https://openapiproext.bnf.fr/iiif/presentation/v3/ark:/12148/bd6t529452w/manifest.json'
For more information check: https://developer.mozilla.org/en-US/docs/Web/HTTP/Status/403",2026-07-17T10:48:45.605824
combat,bd6t5294537,,failed,0,0,,http_manifest,known,403,manifest,"Client error '403 ' for url 'https://openapiproext.bnf.fr/iiif/presentation/v3/ark:/12148/bd6t5294537/manifest.json'
For more information check: https://developer.mozilla.org/en-US/docs/Web/HTTP/Status/403",2026-07-17T10:48:46.811549
combat,bd6t529454k,,failed,0,0,,http_manifest,known,403,manifest,"Client error '403 ' for url 'https://openapiproext.bnf.fr/iiif/presentation/v3/ark:/12148/bd6t529454k/manifest.json'
For more information check: https://developer.mozilla.org/en-US/docs/Web/HTTP/Status/403",2026-07-17T10:48:48.013512
combat,bd6t529455x,,failed,0,0,,http_manifest,known,403,manifest,"Client error '403 ' for url 'https://openapiproext.bnf.fr/iiif/presentation/v3/ark:/12148/bd6t529455x/manifest.json'
For more information check: https://developer.mozilla.org/en-US/docs/Web/HTTP/Status/403",2026-07-17T10:48:49.211518
combat,bd6t5294568,,failed,0,0,,http_manifest,known,403,manifest,"Client error '403 ' for url 'https://openapiproext.bnf.fr/iiif/presentation/v3/ark:/12148/bd6t5294568/manifest.json'
For more information check: https://developer.mozilla.org/en-US/docs/Web/HTTP/Status/403",2026-07-17T10:48:50.412717
combat,bd6t529457m,,failed,0,0,,http_manifest,known,403,manifest,"Client error '403 ' for url 'https://openapiproext.bnf.fr/iiif/presentation/v3/ark:/12148/bd6t529457m/manifest.json'
For more information check: https://developer.mozilla.org/en-US/docs/Web/HTTP/Status/403",2026-07-17T10:48:51.615718
combat,bd6t529458z,,failed,0,0,,http_manifest,known,403,manifest,"Client error '403 ' for url 'https://openapiproext.bnf.fr/iiif/presentation/v3/ark:/12148/bd6t529458z/manifest.json'
For more information check: https://developer.mozilla.org/en-US/docs/Web/HTTP/Status/403",2026-07-17T10:48:52.826988
combat,bd6t5294599,,failed,0,0,,http_manifest,known,403,manifest,"Client error '403 ' for url 'https://openapiproext.bnf.fr/iiif/presentation/v3/ark:/12148/bd6t5294599/manifest.json'
For more information check: https://developer.mozilla.org/en-US/docs/Web/HTTP/Status/403",2026-07-17T10:48:54.022630
combat,bd6t529460h,,failed,0,0,,http_manifest,known,403,manifest,"Client error '403 ' for url 'https://openapiproext.bnf.fr/iiif/presentation/v3/ark:/12148/bd6t529460h/manifest.json'
For more information check: https://developer.mozilla.org/en-US/docs/Web/HTTP/Status/403",2026-07-17T10:48:55.225954
combat,bd6t529461v,,failed,0,0,,http_manifest,known,403,manifest,"Client error '403 ' for url 'https://openapiproext.bnf.fr/iiif/presentation/v3/ark:/12148/bd6t529461v/manifest.json'
For more information check: https://developer.mozilla.org/en-US/docs/Web/HTTP/Status/403",2026-07-17T10:48:56.453230
combat,bd6t5294626,,failed,0,0,,http_manifest,known,403,manifest,"Client error '403 ' for url 'https://openapiproext.bnf.fr/iiif/presentation/v3/ark:/12148/bd6t5294626/manifest.json'
For more information check: https://developer.mozilla.org/en-US/docs/Web/HTTP/Status/403",2026-07-17T10:48:57.856812
combat,bd6t529463j,,failed,0,0,,http_manifest,known,403,manifest,"Client error '403 ' for url 'https://openapiproext.bnf.fr/iiif/presentation/v3/ark:/12148/bd6t529463j/manifest.json'
For more information check: https://developer.mozilla.org/en-US/docs/Web/HTTP/Status/403",2026-07-17T10:48:58.830827
combat,bd6t529464w,,failed,0,0,,http_manifest,known,403,manifest,"Client error '403 ' for url 'https://openapiproext.bnf.fr/iiif/presentation/v3/ark:/12148/bd6t529464w/manifest.json'
For more information check: https://developer.mozilla.org/en-US/docs/Web/HTTP/Status/403",2026-07-17T10:49:00.115838
combat,bd6t5294657,,failed,0,0,,http_manifest,known,403,manifest,"Client error '403 ' for url 'https://openapiproext.bnf.fr/iiif/presentation/v3/ark:/12148/bd6t5294657/manifest.json'
For more information check: https://developer.mozilla.org/en-US/docs/Web/HTTP/Status/403",2026-07-17T10:49:01.332714
combat,bd6t529466k,,failed,0,0,,http_manifest,known,403,manifest,"Client error '403 ' for url 'https://openapiproext.bnf.fr/iiif/presentation/v3/ark:/12148/bd6t529466k/manifest.json'
For more information check: https://developer.mozilla.org/en-US/docs/Web/HTTP/Status/403",2026-07-17T10:49:02.596156
combat,bd6t529467x,,failed,0,0,,http_manifest,known,403,manifest,"Client error '403 ' for url 'https://openapiproext.bnf.fr/iiif/presentation/v3/ark:/12148/bd6t529467x/manifest.json'
For more information check: https://developer.mozilla.org/en-US/docs/Web/HTTP/Status/403",2026-07-17T10:49:03.639933
combat,bd6t5294688,,failed,0,0,,http_manifest,known,403,manifest,"Client error '403 ' for url 'https://openapiproext.bnf.fr/iiif/presentation/v3/ark:/12148/bd6t5294688/manifest.json'
For more information check: https://developer.mozilla.org/en-US/docs/Web/HTTP/Status/403",2026-07-17T10:49:04.945529
combat,bd6t529469m,,failed,0,0,,http_manifest,known,403,manifest,"Client error '403 ' for url 'https://openapiproext.bnf.fr/iiif/presentation/v3/ark:/12148/bd6t529469m/manifest.json'
For more information check: https://developer.mozilla.org/en-US/docs/Web/HTTP/Status/403",2026-07-17T10:49:06.212323
combat,bd6t529470t,,failed,0,0,,http_manifest,known,403,manifest,"Client error '403 ' for url 'https://openapiproext.bnf.fr/iiif/presentation/v3/ark:/12148/bd6t529470t/manifest.json'
For more information check: https://developer.mozilla.org/en-US/docs/Web/HTTP/Status/403",2026-07-17T10:49:07.232347
combat,bd6t5294715,,failed,0,0,,http_manifest,known,403,manifest,"Client error '403 ' for url 'https://openapiproext.bnf.fr/iiif/presentation/v3/ark:/12148/bd6t5294715/manifest.json'
For more information check: https://developer.mozilla.org/en-US/docs/Web/HTTP/Status/403",2026-07-17T10:49:08.557312
combat,bd6t529472h,,failed,0,0,,http_manifest,known,403,manifest,"Client error '403 ' for url 'https://openapiproext.bnf.fr/iiif/presentation/v3/ark:/12148/bd6t529472h/manifest.json'
For more information check: https://developer.mozilla.org/en-US/docs/Web/HTTP/Status/403",2026-07-17T10:49:09.765760
combat,bd6t529473v,,failed,0,0,,http_manifest,known,403,manifest,"Client error '403 ' for url 'https://openapiproext.bnf.fr/iiif/presentation/v3/ark:/12148/bd6t529473v/manifest.json'
For more information check: https://developer.mozilla.org/en-US/docs/Web/HTTP/Status/403",2026-07-17T10:49:10.841192
combat,bd6t5294746,,failed,0,0,,http_manifest,known,403,manifest,"Client error '403 ' for url 'https://openapiproext.bnf.fr/iiif/presentation/v3/ark:/12148/bd6t5294746/manifest.json'
For more information check: https://developer.mozilla.org/en-US/docs/Web/HTTP/Status/403",2026-07-17T10:49:12.056827
combat,bd6t529475j,,failed,0,0,,http_manifest,known,403,manifest,"Client error '403 ' for url 'https://openapiproext.bnf.fr/iiif/presentation/v3/ark:/12148/bd6t529475j/manifest.json'
For more information check: https://developer.mozilla.org/en-US/docs/Web/HTTP/Status/403",2026-07-17T10:49:13.258306
combat,bd6t529476w,,failed,0,0,,http_manifest,known,403,manifest,"Client error '403 ' for url 'https://openapiproext.bnf.fr/iiif/presentation/v3/ark:/12148/bd6t529476w/manifest.json'
For more information check: https://developer.mozilla.org/en-US/docs/Web/HTTP/Status/403",2026-07-17T10:49:14.684156
combat,bd6t5294777,,failed,0,0,,http_manifest,known,403,manifest,"Client error '403 ' for url 'https://openapiproext.bnf.fr/iiif/presentation/v3/ark:/12148/bd6t5294777/manifest.json'
For more information check: https://developer.mozilla.org/en-US/docs/Web/HTTP/Status/403",2026-07-17T10:49:15.655651
combat,bd6t529478k,,failed,0,0,,http_manifest,known,403,manifest,"Client error '403 ' for url 'https://openapiproext.bnf.fr/iiif/presentation/v3/ark:/12148/bd6t529478k/manifest.json'
For more information check: https://developer.mozilla.org/en-US/docs/Web/HTTP/Status/403",2026-07-17T10:49:16.867580
combat,bd6t529479x,,failed,0,0,,http_manifest,known,403,manifest,"Client error '403 ' for url 'https://openapiproext.bnf.fr/iiif/presentation/v3/ark:/12148/bd6t529479x/manifest.json'
For more information check: https://developer.mozilla.org/en-US/docs/Web/HTTP/Status/403",2026-07-17T10:49:18.055674
combat,bd6t5294804,,failed,0,0,,http_manifest,known,403,manifest,"Client error '403 ' for url 'https://openapiproext.bnf.fr/iiif/presentation/v3/ark:/12148/bd6t5294804/manifest.json'
For more information check: https://developer.mozilla.org/en-US/docs/Web/HTTP/Status/403",2026-07-17T10:49:19.277878
combat,bd6t529481g,,failed,0,0,,http_manifest,known,403,manifest,"Client error '403 ' for url 'https://openapiproext.bnf.fr/iiif/presentation/v3/ark:/12148/bd6t529481g/manifest.json'
For more information check: https://developer.mozilla.org/en-US/docs/Web/HTTP/Status/403",2026-07-17T10:49:20.458421
combat,bd6t529482t,,failed,0,0,,http_manifest,known,403,manifest,"Client error '403 ' for url 'https://openapiproext.bnf.fr/iiif/presentation/v3/ark:/12148/bd6t529482t/manifest.json'
For more information check: https://developer.mozilla.org/en-US/docs/Web/HTTP/Status/403",2026-07-17T10:49:21.657108
combat,bd6t5294835,,failed,0,0,,http_manifest,known,403,manifest,"Client error '403 ' for url 'https://openapiproext.bnf.fr/iiif/presentation/v3/ark:/12148/bd6t5294835/manifest.json'
For more information check: https://developer.mozilla.org/en-US/docs/Web/HTTP/Status/403",2026-07-17T10:49:22.855686
combat,bd6t529484h,,failed,0,0,,http_manifest,known,403,manifest,"Client error '403 ' for url 'https://openapiproext.bnf.fr/iiif/presentation/v3/ark:/12148/bd6t529484h/manifest.json'
For more information check: https://developer.mozilla.org/en-US/docs/Web/HTTP/Status/403",2026-07-17T10:49:24.059278
combat,bd6t529485v,,failed,0,0,,http_manifest,known,403,manifest,"Client error '403 ' for url 'https://openapiproext.bnf.fr/iiif/presentation/v3/ark:/12148/bd6t529485v/manifest.json'
For more information check: https://developer.mozilla.org/en-US/docs/Web/HTTP/Status/403",2026-07-17T10:49:25.290174
combat,bd6t5294866,,failed,0,0,,http_manifest,known,403,manifest,"Client error '403 ' for url 'https://openapiproext.bnf.fr/iiif/presentation/v3/ark:/12148/bd6t5294866/manifest.json'
For more information check: https://developer.mozilla.org/en-US/docs/Web/HTTP/Status/403",2026-07-17T10:49:26.461287
combat,bd6t529487j,,failed,0,0,,http_manifest,known,403,manifest,"Client error '403 ' for url 'https://openapiproext.bnf.fr/iiif/presentation/v3/ark:/12148/bd6t529487j/manifest.json'
For more information check: https://developer.mozilla.org/en-US/docs/Web/HTTP/Status/403",2026-07-17T10:49:27.668890
combat,bd6t529488w,,failed,0,0,,http_manifest,known,403,manifest,"Client error '403 ' for url 'https://openapiproext.bnf.fr/iiif/presentation/v3/ark:/12148/bd6t529488w/manifest.json'
For more information check: https://developer.mozilla.org/en-US/docs/Web/HTTP/Status/403",2026-07-17T10:49:28.866844
combat,bd6t5294897,,failed,0,0,,http_manifest,known,403,manifest,"Client error '403 ' for url 'https://openapiproext.bnf.fr/iiif/presentation/v3/ark:/12148/bd6t5294897/manifest.json'
For more information check: https://developer.mozilla.org/en-US/docs/Web/HTTP/Status/403",2026-07-17T10:49:30.075431
combat,bd6t529490f,,failed,0,0,,http_manifest,known,403,manifest,"Client error '403 ' for url 'https://openapiproext.bnf.fr/iiif/presentation/v3/ark:/12148/bd6t529490f/manifest.json'
For more information check: https://developer.mozilla.org/en-US/docs/Web/HTTP/Status/403",2026-07-17T10:49:31.266277
combat,bd6t529491s,,failed,0,0,,http_manifest,known,403,manifest,"Client error '403 ' for url 'https://openapiproext.bnf.fr/iiif/presentation/v3/ark:/12148/bd6t529491s/manifest.json'
For more information check: https://developer.mozilla.org/en-US/docs/Web/HTTP/Status/403",2026-07-17T10:49:32.477753
combat,bd6t5294924,,failed,0,0,,http_manifest,known,403,manifest,"Client error '403 ' for url 'https://openapiproext.bnf.fr/iiif/presentation/v3/ark:/12148/bd6t5294924/manifest.json'
For more information check: https://developer.mozilla.org/en-US/docs/Web/HTTP/Status/403",2026-07-17T10:49:33.669505
combat,bd6t529493g,,failed,0,0,,http_manifest,known,403,manifest,"Client error '403 ' for url 'https://openapiproext.bnf.fr/iiif/presentation/v3/ark:/12148/bd6t529493g/manifest.json'
For more information check: https://developer.mozilla.org/en-US/docs/Web/HTTP/Status/403",2026-07-17T10:49:34.878554
combat,bd6t529494t,,failed,0,0,,http_manifest,known,403,manifest,"Client error '403 ' for url 'https://openapiproext.bnf.fr/iiif/presentation/v3/ark:/12148/bd6t529494t/manifest.json'
For more information check: https://developer.mozilla.org/en-US/docs/Web/HTTP/Status/403",2026-07-17T10:49:36.077376
combat,bd6t5294955,,failed,0,0,,http_manifest,known,403,manifest,"Client error '403 ' for url 'https://openapiproext.bnf.fr/iiif/presentation/v3/ark:/12148/bd6t5294955/manifest.json'
For more information check: https://developer.mozilla.org/en-US/docs/Web/HTTP/Status/403",2026-07-17T10:49:37.304033
combat,bd6t529496h,,failed,0,0,,http_manifest,known,403,manifest,"Client error '403 ' for url 'https://openapiproext.bnf.fr/iiif/presentation/v3/ark:/12148/bd6t529496h/manifest.json'
For more information check: https://developer.mozilla.org/en-US/docs/Web/HTTP/Status/403",2026-07-17T10:49:38.478210
combat,bd6t529497v,,failed,0,0,,http_manifest,known,403,manifest,"Client error '403 ' for url 'https://openapiproext.bnf.fr/iiif/presentation/v3/ark:/12148/bd6t529497v/manifest.json'
For more information check: https://developer.mozilla.org/en-US/docs/Web/HTTP/Status/403",2026-07-17T10:49:39.801557
combat,bd6t5294986,,failed,0,0,,http_manifest,known,403,manifest,"Client error '403 ' for url 'https://openapiproext.bnf.fr/iiif/presentation/v3/ark:/12148/bd6t5294986/manifest.json'
For more information check: https://developer.mozilla.org/en-US/docs/Web/HTTP/Status/403",2026-07-17T10:49:40.889701
combat,bd6t529499j,,failed,0,0,,http_manifest,known,403,manifest,"Client error '403 ' for url 'https://openapiproext.bnf.fr/iiif/presentation/v3/ark:/12148/bd6t529499j/manifest.json'
For more information check: https://developer.mozilla.org/en-US/docs/Web/HTTP/Status/403",2026-07-17T10:49:42.084717
combat,bd6t529500x,,failed,0,0,,http_manifest,known,403,manifest,"Client error '403 ' for url 'https://openapiproext.bnf.fr/iiif/presentation/v3/ark:/12148/bd6t529500x/manifest.json'
For more information check: https://developer.mozilla.org/en-US/docs/Web/HTTP/Status/403",2026-07-17T10:49:43.289091
combat,bd6t5295018,,failed,0,0,,http_manifest,known,403,manifest,"Client error '403 ' for url 'https://openapiproext.bnf.fr/iiif/presentation/v3/ark:/12148/bd6t5295018/manifest.json'
For more information check: https://developer.mozilla.org/en-US/docs/Web/HTTP/Status/403",2026-07-17T10:49:44.486949
combat,bd6t529502m,,failed,0,0,,http_manifest,known,403,manifest,"Client error '403 ' for url 'https://openapiproext.bnf.fr/iiif/presentation/v3/ark:/12148/bd6t529502m/manifest.json'
For more information check: https://developer.mozilla.org/en-US/docs/Web/HTTP/Status/403",2026-07-17T10:49:45.691717
combat,bd6t529503z,,failed,0,0,,http_manifest,known,403,manifest,"Client error '403 ' for url 'https://openapiproext.bnf.fr/iiif/presentation/v3/ark:/12148/bd6t529503z/manifest.json'
For more information check: https://developer.mozilla.org/en-US/docs/Web/HTTP/Status/403",2026-07-17T10:49:46.894754
combat,bd6t5295049,,failed,0,0,,http_manifest,known,403,manifest,"Client error '403 ' for url 'https://openapiproext.bnf.fr/iiif/presentation/v3/ark:/12148/bd6t5295049/manifest.json'
For more information check: https://developer.mozilla.org/en-US/docs/Web/HTTP/Status/403",2026-07-17T10:49:48.091037
combat,bd6t529505n,,failed,0,0,,http_manifest,known,403,manifest,"Client error '403 ' for url 'https://openapiproext.bnf.fr/iiif/presentation/v3/ark:/12148/bd6t529505n/manifest.json'
For more information check: https://developer.mozilla.org/en-US/docs/Web/HTTP/Status/403",2026-07-17T10:49:49.336475
combat,bd6t5295060,,failed,0,0,,http_manifest,known,403,manifest,"Client error '403 ' for url 'https://openapiproext.bnf.fr/iiif/presentation/v3/ark:/12148/bd6t5295060/manifest.json'
For more information check: https://developer.mozilla.org/en-US/docs/Web/HTTP/Status/403",2026-07-17T10:49:50.496109
combat,bd6t529507b,,failed,0,0,,http_manifest,known,403,manifest,"Client error '403 ' for url 'https://openapiproext.bnf.fr/iiif/presentation/v3/ark:/12148/bd6t529507b/manifest.json'
For more information check: https://developer.mozilla.org/en-US/docs/Web/HTTP/Status/403",2026-07-17T10:49:51.698609
combat,bd6t529508p,,failed,0,0,,http_manifest,known,403,manifest,"Client error '403 ' for url 'https://openapiproext.bnf.fr/iiif/presentation/v3/ark:/12148/bd6t529508p/manifest.json'
For more information check: https://developer.mozilla.org/en-US/docs/Web/HTTP/Status/403",2026-07-17T10:49:52.895070
combat,bd6t5295091,,failed,0,0,,http_manifest,known,403,manifest,"Client error '403 ' for url 'https://openapiproext.bnf.fr/iiif/presentation/v3/ark:/12148/bd6t5295091/manifest.json'
For more information check: https://developer.mozilla.org/en-US/docs/Web/HTTP/Status/403",2026-07-17T10:49:54.102515
combat,bd6t5295107,,failed,0,0,,http_manifest,known,403,manifest,"Client error '403 ' for url 'https://openapiproext.bnf.fr/iiif/presentation/v3/ark:/12148/bd6t5295107/manifest.json'
For more information check: https://developer.mozilla.org/en-US/docs/Web/HTTP/Status/403",2026-07-17T10:49:55.330068
combat,bd6t529511k,,failed,0,0,,http_manifest,known,403,manifest,"Client error '403 ' for url 'https://openapiproext.bnf.fr/iiif/presentation/v3/ark:/12148/bd6t529511k/manifest.json'
For more information check: https://developer.mozilla.org/en-US/docs/Web/HTTP/Status/403",2026-07-17T10:49:56.505119
combat,bd6t529512x,,failed,0,0,,http_manifest,known,403,manifest,"Client error '403 ' for url 'https://openapiproext.bnf.fr/iiif/presentation/v3/ark:/12148/bd6t529512x/manifest.json'
For more information check: https://developer.mozilla.org/en-US/docs/Web/HTTP/Status/403",2026-07-17T10:49:57.903759
combat,bd6t5295138,,failed,0,0,,http_manifest,known,403,manifest,"Client error '403 ' for url 'https://openapiproext.bnf.fr/iiif/presentation/v3/ark:/12148/bd6t5295138/manifest.json'
For more information check: https://developer.mozilla.org/en-US/docs/Web/HTTP/Status/403",2026-07-17T10:49:59.117024
combat,bd6t529514m,,failed,0,0,,http_manifest,known,403,manifest,"Client error '403 ' for url 'https://openapiproext.bnf.fr/iiif/presentation/v3/ark:/12148/bd6t529514m/manifest.json'
For more information check: https://developer.mozilla.org/en-US/docs/Web/HTTP/Status/403",2026-07-17T10:50:00.207066
combat,bd6t529515z,,failed,0,0,,http_manifest,known,403,manifest,"Client error '403 ' for url 'https://openapiproext.bnf.fr/iiif/presentation/v3/ark:/12148/bd6t529515z/manifest.json'
For more information check: https://developer.mozilla.org/en-US/docs/Web/HTTP/Status/403",2026-07-17T10:50:01.581021
combat,bd6t5295169,,failed,0,0,,http_manifest,known,403,manifest,"Client error '403 ' for url 'https://openapiproext.bnf.fr/iiif/presentation/v3/ark:/12148/bd6t5295169/manifest.json'
For more information check: https://developer.mozilla.org/en-US/docs/Web/HTTP/Status/403",2026-07-17T10:50:02.510678
combat,bd6t529517n,,failed,0,0,,http_manifest,known,403,manifest,"Client error '403 ' for url 'https://openapiproext.bnf.fr/iiif/presentation/v3/ark:/12148/bd6t529517n/manifest.json'
For more information check: https://developer.mozilla.org/en-US/docs/Web/HTTP/Status/403",2026-07-17T10:50:03.912366
combat,bd6t5295180,,failed,0,0,,http_manifest,known,403,manifest,"Client error '403 ' for url 'https://openapiproext.bnf.fr/iiif/presentation/v3/ark:/12148/bd6t5295180/manifest.json'
For more information check: https://developer.mozilla.org/en-US/docs/Web/HTTP/Status/403",2026-07-17T10:50:05.070977
combat,bd6t529519b,,failed,0,0,,http_manifest,known,403,manifest,"Client error '403 ' for url 'https://openapiproext.bnf.fr/iiif/presentation/v3/ark:/12148/bd6t529519b/manifest.json'
For more information check: https://developer.mozilla.org/en-US/docs/Web/HTTP/Status/403",2026-07-17T10:50:06.262057
combat,bd6t529520j,,failed,0,0,,http_manifest,known,403,manifest,"Client error '403 ' for url 'https://openapiproext.bnf.fr/iiif/presentation/v3/ark:/12148/bd6t529520j/manifest.json'
For more information check: https://developer.mozilla.org/en-US/docs/Web/HTTP/Status/403",2026-07-17T10:50:07.356212
combat,bd6t529521w,,failed,0,0,,http_manifest,known,403,manifest,"Client error '403 ' for url 'https://openapiproext.bnf.fr/iiif/presentation/v3/ark:/12148/bd6t529521w/manifest.json'
For more information check: https://developer.mozilla.org/en-US/docs/Web/HTTP/Status/403",2026-07-17T10:50:08.534275
combat,bd6t5295227,,failed,0,0,,http_manifest,known,403,manifest,"Client error '403 ' for url 'https://openapiproext.bnf.fr/iiif/presentation/v3/ark:/12148/bd6t5295227/manifest.json'
For more information check: https://developer.mozilla.org/en-US/docs/Web/HTTP/Status/403",2026-07-17T10:50:09.719311
combat,bd6t529523k,,failed,0,0,,http_manifest,known,403,manifest,"Client error '403 ' for url 'https://openapiproext.bnf.fr/iiif/presentation/v3/ark:/12148/bd6t529523k/manifest.json'
For more information check: https://developer.mozilla.org/en-US/docs/Web/HTTP/Status/403",2026-07-17T10:50:11.005890
combat,bd6t529524x,,failed,0,0,,http_manifest,known,403,manifest,"Client error '403 ' for url 'https://openapiproext.bnf.fr/iiif/presentation/v3/ark:/12148/bd6t529524x/manifest.json'
For more information check: https://developer.mozilla.org/en-US/docs/Web/HTTP/Status/403",2026-07-17T10:50:12.176086
combat,bd6t5295258,,failed,0,0,,http_manifest,known,403,manifest,"Client error '403 ' for url 'https://openapiproext.bnf.fr/iiif/presentation/v3/ark:/12148/bd6t5295258/manifest.json'
For more information check: https://developer.mozilla.org/en-US/docs/Web/HTTP/Status/403",2026-07-17T10:50:13.408616
combat,bd6t529526m,,failed,0,0,,http_manifest,known,403,manifest,"Client error '403 ' for url 'https://openapiproext.bnf.fr/iiif/presentation/v3/ark:/12148/bd6t529526m/manifest.json'
For more information check: https://developer.mozilla.org/en-US/docs/Web/HTTP/Status/403",2026-07-17T10:50:14.543108
combat,bd6t529527z,,failed,0,0,,http_manifest,known,403,manifest,"Client error '403 ' for url 'https://openapiproext.bnf.fr/iiif/presentation/v3/ark:/12148/bd6t529527z/manifest.json'
For more information check: https://developer.mozilla.org/en-US/docs/Web/HTTP/Status/403",2026-07-17T10:50:15.751710
combat,bd6t5295289,,failed,0,0,,http_manifest,known,403,manifest,"Client error '403 ' for url 'https://openapiproext.bnf.fr/iiif/presentation/v3/ark:/12148/bd6t5295289/manifest.json'
For more information check: https://developer.mozilla.org/en-US/docs/Web/HTTP/Status/403",2026-07-17T10:50:17.074112
combat,bd6t529529n,,failed,0,0,,http_manifest,known,403,manifest,"Client error '403 ' for url 'https://openapiproext.bnf.fr/iiif/presentation/v3/ark:/12148/bd6t529529n/manifest.json'
For more information check: https://developer.mozilla.org/en-US/docs/Web/HTTP/Status/403",2026-07-17T10:50:18.281138
combat,bd6t529530v,,failed,0,0,,http_manifest,known,403,manifest,"Client error '403 ' for url 'https://openapiproext.bnf.fr/iiif/presentation/v3/ark:/12148/bd6t529530v/manifest.json'
For more information check: https://developer.mozilla.org/en-US/docs/Web/HTTP/Status/403",2026-07-17T10:50:19.330267
combat,bd6t5295316,,failed,0,0,,http_manifest,known,403,manifest,"Client error '403 ' for url 'https://openapiproext.bnf.fr/iiif/presentation/v3/ark:/12148/bd6t5295316/manifest.json'
For more information check: https://developer.mozilla.org/en-US/docs/Web/HTTP/Status/403",2026-07-17T10:50:20.529345
combat,bd6t529532j,,failed,0,0,,http_manifest,known,403,manifest,"Client error '403 ' for url 'https://openapiproext.bnf.fr/iiif/presentation/v3/ark:/12148/bd6t529532j/manifest.json'
For more information check: https://developer.mozilla.org/en-US/docs/Web/HTTP/Status/403",2026-07-17T10:50:21.729428
combat,bd6t529533w,,failed,0,0,,http_manifest,known,403,manifest,"Client error '403 ' for url 'https://openapiproext.bnf.fr/iiif/presentation/v3/ark:/12148/bd6t529533w/manifest.json'
For more information check: https://developer.mozilla.org/en-US/docs/Web/HTTP/Status/403",2026-07-17T10:50:22.932581
combat,bd6t5295347,,failed,0,0,,http_manifest,known,403,manifest,"Client error '403 ' for url 'https://openapiproext.bnf.fr/iiif/presentation/v3/ark:/12148/bd6t5295347/manifest.json'
For more information check: https://developer.mozilla.org/en-US/docs/Web/HTTP/Status/403",2026-07-17T10:50:24.138988
combat,bd6t529535k,,failed,0,0,,http_manifest,known,403,manifest,"Client error '403 ' for url 'https://openapiproext.bnf.fr/iiif/presentation/v3/ark:/12148/bd6t529535k/manifest.json'
For more information check: https://developer.mozilla.org/en-US/docs/Web/HTTP/Status/403",2026-07-17T10:50:25.340432
combat,bd6t529536x,,failed,0,0,,http_manifest,known,403,manifest,"Client error '403 ' for url 'https://openapiproext.bnf.fr/iiif/presentation/v3/ark:/12148/bd6t529536x/manifest.json'
For more information check: https://developer.mozilla.org/en-US/docs/Web/HTTP/Status/403",2026-07-17T10:50:26.542378
combat,bd6t5295378,,failed,0,0,,http_manifest,known,403,manifest,"Client error '403 ' for url 'https://openapiproext.bnf.fr/iiif/presentation/v3/ark:/12148/bd6t5295378/manifest.json'
For more information check: https://developer.mozilla.org/en-US/docs/Web/HTTP/Status/403",2026-07-17T10:50:27.739754
combat,bd6t529538m,,failed,0,0,,http_manifest,known,403,manifest,"Client error '403 ' for url 'https://openapiproext.bnf.fr/iiif/presentation/v3/ark:/12148/bd6t529538m/manifest.json'
For more information check: https://developer.mozilla.org/en-US/docs/Web/HTTP/Status/403",2026-07-17T10:50:28.939889
combat,bd6t529539z,,failed,0,0,,http_manifest,known,403,manifest,"Client error '403 ' for url 'https://openapiproext.bnf.fr/iiif/presentation/v3/ark:/12148/bd6t529539z/manifest.json'
For more information check: https://developer.mozilla.org/en-US/docs/Web/HTTP/Status/403",2026-07-17T10:50:30.146324
combat,bd6t5295405,,failed,0,0,,http_manifest,known,403,manifest,"Client error '403 ' for url 'https://openapiproext.bnf.fr/iiif/presentation/v3/ark:/12148/bd6t5295405/manifest.json'
For more information check: https://developer.mozilla.org/en-US/docs/Web/HTTP/Status/403",2026-07-17T10:50:31.340748
combat,bd6t529541h,,failed,0,0,,http_manifest,known,403,manifest,"Client error '403 ' for url 'https://openapiproext.bnf.fr/iiif/presentation/v3/ark:/12148/bd6t529541h/manifest.json'
For more information check: https://developer.mozilla.org/en-US/docs/Web/HTTP/Status/403",2026-07-17T10:50:32.544324
combat,bd6t529542v,,failed,0,0,,http_manifest,known,403,manifest,"Client error '403 ' for url 'https://openapiproext.bnf.fr/iiif/presentation/v3/ark:/12148/bd6t529542v/manifest.json'
For more information check: https://developer.mozilla.org/en-US/docs/Web/HTTP/Status/403",2026-07-17T10:50:33.747391
combat,bd6t5295436,,failed,0,0,,http_manifest,known,403,manifest,"Client error '403 ' for url 'https://openapiproext.bnf.fr/iiif/presentation/v3/ark:/12148/bd6t5295436/manifest.json'
For more information check: https://developer.mozilla.org/en-US/docs/Web/HTTP/Status/403",2026-07-17T10:50:34.948242
combat,bd6t529544j,,failed,0,0,,http_manifest,known,403,manifest,"Client error '403 ' for url 'https://openapiproext.bnf.fr/iiif/presentation/v3/ark:/12148/bd6t529544j/manifest.json'
For more information check: https://developer.mozilla.org/en-US/docs/Web/HTTP/Status/403",2026-07-17T10:50:36.147876
combat,bd6t529545w,,failed,0,0,,http_manifest,known,403,manifest,"Client error '403 ' for url 'https://openapiproext.bnf.fr/iiif/presentation/v3/ark:/12148/bd6t529545w/manifest.json'
For more information check: https://developer.mozilla.org/en-US/docs/Web/HTTP/Status/403",2026-07-17T10:50:37.350081
combat,bd6t5295467,,failed,0,0,,http_manifest,known,403,manifest,"Client error '403 ' for url 'https://openapiproext.bnf.fr/iiif/presentation/v3/ark:/12148/bd6t5295467/manifest.json'
For more information check: https://developer.mozilla.org/en-US/docs/Web/HTTP/Status/403",2026-07-17T10:50:38.551489
combat,bd6t529547k,,failed,0,0,,http_manifest,known,403,manifest,"Client error '403 ' for url 'https://openapiproext.bnf.fr/iiif/presentation/v3/ark:/12148/bd6t529547k/manifest.json'
For more information check: https://developer.mozilla.org/en-US/docs/Web/HTTP/Status/403",2026-07-17T10:50:39.755714
combat,bd6t529548x,,failed,0,0,,http_manifest,known,403,manifest,"Client error '403 ' for url 'https://openapiproext.bnf.fr/iiif/presentation/v3/ark:/12148/bd6t529548x/manifest.json'
For more information check: https://developer.mozilla.org/en-US/docs/Web/HTTP/Status/403",2026-07-17T10:50:40.955635
combat,bd6t5295498,,failed,0,0,,http_manifest,known,403,manifest,"Client error '403 ' for url 'https://openapiproext.bnf.fr/iiif/presentation/v3/ark:/12148/bd6t5295498/manifest.json'
For more information check: https://developer.mozilla.org/en-US/docs/Web/HTTP/Status/403",2026-07-17T10:50:42.159895
combat,bd6t529550g,,failed,0,0,,http_manifest,known,403,manifest,"Client error '403 ' for url 'https://openapiproext.bnf.fr/iiif/presentation/v3/ark:/12148/bd6t529550g/manifest.json'
For more information check: https://developer.mozilla.org/en-US/docs/Web/HTTP/Status/403",2026-07-17T10:50:43.358816
combat,bd6t529551t,,failed,0,0,,http_manifest,known,403,manifest,"Client error '403 ' for url 'https://openapiproext.bnf.fr/iiif/presentation/v3/ark:/12148/bd6t529551t/manifest.json'
For more information check: https://developer.mozilla.org/en-US/docs/Web/HTTP/Status/403",2026-07-17T10:50:44.560390
combat,bd6t5295525,,failed,0,0,,http_manifest,known,403,manifest,"Client error '403 ' for url 'https://openapiproext.bnf.fr/iiif/presentation/v3/ark:/12148/bd6t5295525/manifest.json'
For more information check: https://developer.mozilla.org/en-US/docs/Web/HTTP/Status/403",2026-07-17T10:50:45.765672
combat,bd6t529553h,,failed,0,0,,http_manifest,known,403,manifest,"Client error '403 ' for url 'https://openapiproext.bnf.fr/iiif/presentation/v3/ark:/12148/bd6t529553h/manifest.json'
For more information check: https://developer.mozilla.org/en-US/docs/Web/HTTP/Status/403",2026-07-17T10:50:46.962575
combat,bd6t529554v,,failed,0,0,,http_manifest,known,403,manifest,"Client error '403 ' for url 'https://openapiproext.bnf.fr/iiif/presentation/v3/ark:/12148/bd6t529554v/manifest.json'
For more information check: https://developer.mozilla.org/en-US/docs/Web/HTTP/Status/403",2026-07-17T10:50:48.164889
combat,bd6t5295556,,failed,0,0,,http_manifest,known,403,manifest,"Client error '403 ' for url 'https://openapiproext.bnf.fr/iiif/presentation/v3/ark:/12148/bd6t5295556/manifest.json'
For more information check: https://developer.mozilla.org/en-US/docs/Web/HTTP/Status/403",2026-07-17T10:50:49.369010
combat,bd6t529556j,,failed,0,0,,http_manifest,known,403,manifest,"Client error '403 ' for url 'https://openapiproext.bnf.fr/iiif/presentation/v3/ark:/12148/bd6t529556j/manifest.json'
For more information check: https://developer.mozilla.org/en-US/docs/Web/HTTP/Status/403",2026-07-17T10:50:50.603032
combat,bd6t529557w,,failed,0,0,,http_manifest,known,403,manifest,"Client error '403 ' for url 'https://openapiproext.bnf.fr/iiif/presentation/v3/ark:/12148/bd6t529557w/manifest.json'
For more information check: https://developer.mozilla.org/en-US/docs/Web/HTTP/Status/403",2026-07-17T10:50:51.771779
combat,bd6t5295587,,failed,0,0,,http_manifest,known,403,manifest,"Client error '403 ' for url 'https://openapiproext.bnf.fr/iiif/presentation/v3/ark:/12148/bd6t5295587/manifest.json'
For more information check: https://developer.mozilla.org/en-US/docs/Web/HTTP/Status/403",2026-07-17T10:50:52.976323
combat,bd6t529559k,,failed,0,0,,http_manifest,known,403,manifest,"Client error '403 ' for url 'https://openapiproext.bnf.fr/iiif/presentation/v3/ark:/12148/bd6t529559k/manifest.json'
For more information check: https://developer.mozilla.org/en-US/docs/Web/HTTP/Status/403",2026-07-17T10:50:54.173580
combat,bd6t529560s,,failed,0,0,,http_manifest,known,403,manifest,"Client error '403 ' for url 'https://openapiproext.bnf.fr/iiif/presentation/v3/ark:/12148/bd6t529560s/manifest.json'
For more information check: https://developer.mozilla.org/en-US/docs/Web/HTTP/Status/403",2026-07-17T10:50:55.376757
combat,bd6t5295614,,failed,0,0,,http_manifest,known,403,manifest,"Client error '403 ' for url 'https://openapiproext.bnf.fr/iiif/presentation/v3/ark:/12148/bd6t5295614/manifest.json'
For more information check: https://developer.mozilla.org/en-US/docs/Web/HTTP/Status/403",2026-07-17T10:50:56.608280
combat,bd6t529562g,,failed,0,0,,http_manifest,known,403,manifest,"Client error '403 ' for url 'https://openapiproext.bnf.fr/iiif/presentation/v3/ark:/12148/bd6t529562g/manifest.json'
For more information check: https://developer.mozilla.org/en-US/docs/Web/HTTP/Status/403",2026-07-17T10:50:57.957890
combat,bd6t529563t,,failed,0,0,,http_manifest,known,403,manifest,"Client error '403 ' for url 'https://openapiproext.bnf.fr/iiif/presentation/v3/ark:/12148/bd6t529563t/manifest.json'
For more information check: https://developer.mozilla.org/en-US/docs/Web/HTTP/Status/403",2026-07-17T10:50:59.169861
combat,bd6t5295645,,failed,0,0,,http_manifest,known,403,manifest,"Client error '403 ' for url 'https://openapiproext.bnf.fr/iiif/presentation/v3/ark:/12148/bd6t5295645/manifest.json'
For more information check: https://developer.mozilla.org/en-US/docs/Web/HTTP/Status/403",2026-07-17T10:51:00.181463
combat,bd6t529565h,,failed,0,0,,http_manifest,known,403,manifest,"Client error '403 ' for url 'https://openapiproext.bnf.fr/iiif/presentation/v3/ark:/12148/bd6t529565h/manifest.json'
For more information check: https://developer.mozilla.org/en-US/docs/Web/HTTP/Status/403",2026-07-17T10:51:01.388957
combat,bd6t529566v,,failed,0,0,,http_manifest,known,403,manifest,"Client error '403 ' for url 'https://openapiproext.bnf.fr/iiif/presentation/v3/ark:/12148/bd6t529566v/manifest.json'
For more information check: https://developer.mozilla.org/en-US/docs/Web/HTTP/Status/403",2026-07-17T10:51:02.587610
combat,bd6t5295676,,failed,0,0,,http_manifest,known,403,manifest,"Client error '403 ' for url 'https://openapiproext.bnf.fr/iiif/presentation/v3/ark:/12148/bd6t5295676/manifest.json'
For more information check: https://developer.mozilla.org/en-US/docs/Web/HTTP/Status/403",2026-07-17T10:51:03.976859
combat,bd6t529568j,,failed,0,0,,http_manifest,known,403,manifest,"Client error '403 ' for url 'https://openapiproext.bnf.fr/iiif/presentation/v3/ark:/12148/bd6t529568j/manifest.json'
For more information check: https://developer.mozilla.org/en-US/docs/Web/HTTP/Status/403",2026-07-17T10:51:04.991305
combat,bd6t529569w,,failed,0,0,,http_manifest,known,403,manifest,"Client error '403 ' for url 'https://openapiproext.bnf.fr/iiif/presentation/v3/ark:/12148/bd6t529569w/manifest.json'
For more information check: https://developer.mozilla.org/en-US/docs/Web/HTTP/Status/403",2026-07-17T10:51:06.195158
combat,bd6t5295703,,failed,0,0,,http_manifest,known,403,manifest,"Client error '403 ' for url 'https://openapiproext.bnf.fr/iiif/presentation/v3/ark:/12148/bd6t5295703/manifest.json'
For more information check: https://developer.mozilla.org/en-US/docs/Web/HTTP/Status/403",2026-07-17T10:51:07.394946
combat,bd6t529571f,,failed,0,0,,http_manifest,known,403,manifest,"Client error '403 ' for url 'https://openapiproext.bnf.fr/iiif/presentation/v3/ark:/12148/bd6t529571f/manifest.json'
For more information check: https://developer.mozilla.org/en-US/docs/Web/HTTP/Status/403",2026-07-17T10:51:08.616099
combat,bd6t529572s,,failed,0,0,,http_manifest,known,403,manifest,"Client error '403 ' for url 'https://openapiproext.bnf.fr/iiif/presentation/v3/ark:/12148/bd6t529572s/manifest.json'
For more information check: https://developer.mozilla.org/en-US/docs/Web/HTTP/Status/403",2026-07-17T10:51:09.797775
combat,bd6t5295734,,failed,0,0,,http_manifest,known,403,manifest,"Client error '403 ' for url 'https://openapiproext.bnf.fr/iiif/presentation/v3/ark:/12148/bd6t5295734/manifest.json'
For more information check: https://developer.mozilla.org/en-US/docs/Web/HTTP/Status/403",2026-07-17T10:51:11.052671
combat,bd6t529574g,,failed,0,0,,http_manifest,known,403,manifest,"Client error '403 ' for url 'https://openapiproext.bnf.fr/iiif/presentation/v3/ark:/12148/bd6t529574g/manifest.json'
For more information check: https://developer.mozilla.org/en-US/docs/Web/HTTP/Status/403",2026-07-17T10:51:12.205660
combat,bd6t529575t,,failed,0,0,,http_manifest,known,403,manifest,"Client error '403 ' for url 'https://openapiproext.bnf.fr/iiif/presentation/v3/ark:/12148/bd6t529575t/manifest.json'
For more information check: https://developer.mozilla.org/en-US/docs/Web/HTTP/Status/403",2026-07-17T10:51:13.522498
combat,bd6t5295765,,failed,0,0,,http_manifest,known,403,manifest,"Client error '403 ' for url 'https://openapiproext.bnf.fr/iiif/presentation/v3/ark:/12148/bd6t5295765/manifest.json'
For more information check: https://developer.mozilla.org/en-US/docs/Web/HTTP/Status/403",2026-07-17T10:51:14.603715
combat,bd6t529577h,,failed,0,0,,http_manifest,known,403,manifest,"Client error '403 ' for url 'https://openapiproext.bnf.fr/iiif/presentation/v3/ark:/12148/bd6t529577h/manifest.json'
For more information check: https://developer.mozilla.org/en-US/docs/Web/HTTP/Status/403",2026-07-17T10:51:15.995683
combat,bd6t529578v,,failed,0,0,,http_manifest,known,403,manifest,"Client error '403 ' for url 'https://openapiproext.bnf.fr/iiif/presentation/v3/ark:/12148/bd6t529578v/manifest.json'
For more information check: https://developer.mozilla.org/en-US/docs/Web/HTTP/Status/403",2026-07-17T10:51:17.232798
combat,bd6t5295796,,failed,0,0,,http_manifest,known,403,manifest,"Client error '403 ' for url 'https://openapiproext.bnf.fr/iiif/presentation/v3/ark:/12148/bd6t5295796/manifest.json'
For more information check: https://developer.mozilla.org/en-US/docs/Web/HTTP/Status/403",2026-07-17T10:51:18.287286
combat,bd6t529580d,,failed,0,0,,http_manifest,known,403,manifest,"Client error '403 ' for url 'https://openapiproext.bnf.fr/iiif/presentation/v3/ark:/12148/bd6t529580d/manifest.json'
For more information check: https://developer.mozilla.org/en-US/docs/Web/HTTP/Status/403",2026-07-17T10:51:19.409805
combat,bd6t529581r,,failed,0,0,,http_manifest,known,403,manifest,"Client error '403 ' for url 'https://openapiproext.bnf.fr/iiif/presentation/v3/ark:/12148/bd6t529581r/manifest.json'
For more information check: https://developer.mozilla.org/en-US/docs/Web/HTTP/Status/403",2026-07-17T10:51:20.639929
combat,bd6t5295823,,failed,0,0,,http_manifest,known,403,manifest,"Client error '403 ' for url 'https://openapiproext.bnf.fr/iiif/presentation/v3/ark:/12148/bd6t5295823/manifest.json'
For more information check: https://developer.mozilla.org/en-US/docs/Web/HTTP/Status/403",2026-07-17T10:51:21.815568
combat,bd6t529583f,,failed,0,0,,http_manifest,known,403,manifest,"Client error '403 ' for url 'https://openapiproext.bnf.fr/iiif/presentation/v3/ark:/12148/bd6t529583f/manifest.json'
For more information check: https://developer.mozilla.org/en-US/docs/Web/HTTP/Status/403",2026-07-17T10:51:23.011525
combat,bd6t529584s,,failed,0,0,,http_manifest,known,403,manifest,"Client error '403 ' for url 'https://openapiproext.bnf.fr/iiif/presentation/v3/ark:/12148/bd6t529584s/manifest.json'
For more information check: https://developer.mozilla.org/en-US/docs/Web/HTTP/Status/403",2026-07-17T10:51:24.213460
combat,bd6t5295854,,failed,0,0,,http_manifest,known,403,manifest,"Client error '403 ' for url 'https://openapiproext.bnf.fr/iiif/presentation/v3/ark:/12148/bd6t5295854/manifest.json'
For more information check: https://developer.mozilla.org/en-US/docs/Web/HTTP/Status/403",2026-07-17T10:51:25.415189
combat,bd6t529586g,,failed,0,0,,http_manifest,known,403,manifest,"Client error '403 ' for url 'https://openapiproext.bnf.fr/iiif/presentation/v3/ark:/12148/bd6t529586g/manifest.json'
For more information check: https://developer.mozilla.org/en-US/docs/Web/HTTP/Status/403",2026-07-17T10:51:26.641175
combat,bd6t529587t,,failed,0,0,,http_manifest,known,403,manifest,"Client error '403 ' for url 'https://openapiproext.bnf.fr/iiif/presentation/v3/ark:/12148/bd6t529587t/manifest.json'
For more information check: https://developer.mozilla.org/en-US/docs/Web/HTTP/Status/403",2026-07-17T10:51:27.817922
combat,bd6t5295885,,failed,0,0,,http_manifest,known,403,manifest,"Client error '403 ' for url 'https://openapiproext.bnf.fr/iiif/presentation/v3/ark:/12148/bd6t5295885/manifest.json'
For more information check: https://developer.mozilla.org/en-US/docs/Web/HTTP/Status/403",2026-07-17T10:51:29.020426
combat,bd6t529589h,,failed,0,0,,http_manifest,known,403,manifest,"Client error '403 ' for url 'https://openapiproext.bnf.fr/iiif/presentation/v3/ark:/12148/bd6t529589h/manifest.json'
For more information check: https://developer.mozilla.org/en-US/docs/Web/HTTP/Status/403",2026-07-17T10:51:30.222652
combat,bd6t529590q,,failed,0,0,,http_manifest,known,403,manifest,"Client error '403 ' for url 'https://openapiproext.bnf.fr/iiif/presentation/v3/ark:/12148/bd6t529590q/manifest.json'
For more information check: https://developer.mozilla.org/en-US/docs/Web/HTTP/Status/403",2026-07-17T10:51:31.422581
combat,bd6t5295912,,failed,0,0,,http_manifest,known,403,manifest,"Client error '403 ' for url 'https://openapiproext.bnf.fr/iiif/presentation/v3/ark:/12148/bd6t5295912/manifest.json'
For more information check: https://developer.mozilla.org/en-US/docs/Web/HTTP/Status/403",2026-07-17T10:51:32.624378
combat,bd6t529592d,,failed,0,0,,http_manifest,known,403,manifest,"Client error '403 ' for url 'https://openapiproext.bnf.fr/iiif/presentation/v3/ark:/12148/bd6t529592d/manifest.json'
For more information check: https://developer.mozilla.org/en-US/docs/Web/HTTP/Status/403",2026-07-17T10:51:33.829275
combat,bd6t529593r,,failed,0,0,,http_manifest,known,403,manifest,"Client error '403 ' for url 'https://openapiproext.bnf.fr/iiif/presentation/v3/ark:/12148/bd6t529593r/manifest.json'
For more information check: https://developer.mozilla.org/en-US/docs/Web/HTTP/Status/403",2026-07-17T10:51:35.026418
combat,bd6t5295943,,failed,0,0,,http_manifest,known,403,manifest,"Client error '403 ' for url 'https://openapiproext.bnf.fr/iiif/presentation/v3/ark:/12148/bd6t5295943/manifest.json'
For more information check: https://developer.mozilla.org/en-US/docs/Web/HTTP/Status/403",2026-07-17T10:51:36.228036
combat,bd6t529595f,,failed,0,0,,http_manifest,known,403,manifest,"Client error '403 ' for url 'https://openapiproext.bnf.fr/iiif/presentation/v3/ark:/12148/bd6t529595f/manifest.json'
For more information check: https://developer.mozilla.org/en-US/docs/Web/HTTP/Status/403",2026-07-17T10:51:37.431650
combat,bd6t529596s,,failed,0,0,,http_manifest,known,403,manifest,"Client error '403 ' for url 'https://openapiproext.bnf.fr/iiif/presentation/v3/ark:/12148/bd6t529596s/manifest.json'
For more information check: https://developer.mozilla.org/en-US/docs/Web/HTTP/Status/403",2026-07-17T10:51:38.657307
combat,bd6t5295974,,failed,0,0,,http_manifest,known,403,manifest,"Client error '403 ' for url 'https://openapiproext.bnf.fr/iiif/presentation/v3/ark:/12148/bd6t5295974/manifest.json'
For more information check: https://developer.mozilla.org/en-US/docs/Web/HTTP/Status/403",2026-07-17T10:51:39.831153
combat,bd6t529598g,,failed,0,0,,http_manifest,known,403,manifest,"Client error '403 ' for url 'https://openapiproext.bnf.fr/iiif/presentation/v3/ark:/12148/bd6t529598g/manifest.json'
For more information check: https://developer.mozilla.org/en-US/docs/Web/HTTP/Status/403",2026-07-17T10:51:41.034046
combat,bd6t529599t,,failed,0,0,,http_manifest,known,403,manifest,"Client error '403 ' for url 'https://openapiproext.bnf.fr/iiif/presentation/v3/ark:/12148/bd6t529599t/manifest.json'
For more information check: https://developer.mozilla.org/en-US/docs/Web/HTTP/Status/403",2026-07-17T10:51:42.236619
combat,bd6t5296006,,failed,0,0,,http_manifest,known,403,manifest,"Client error '403 ' for url 'https://openapiproext.bnf.fr/iiif/presentation/v3/ark:/12148/bd6t5296006/manifest.json'
For more information check: https://developer.mozilla.org/en-US/docs/Web/HTTP/Status/403",2026-07-17T10:51:43.438770
combat,bd6t529601j,,failed,0,0,,http_manifest,known,403,manifest,"Client error '403 ' for url 'https://openapiproext.bnf.fr/iiif/presentation/v3/ark:/12148/bd6t529601j/manifest.json'
For more information check: https://developer.mozilla.org/en-US/docs/Web/HTTP/Status/403",2026-07-17T10:51:44.637944
combat,bd6t529602w,,failed,0,0,,http_manifest,known,403,manifest,"Client error '403 ' for url 'https://openapiproext.bnf.fr/iiif/presentation/v3/ark:/12148/bd6t529602w/manifest.json'
For more information check: https://developer.mozilla.org/en-US/docs/Web/HTTP/Status/403",2026-07-17T10:51:45.841306
combat,bd6t5296037,,failed,0,0,,http_manifest,known,403,manifest,"Client error '403 ' for url 'https://openapiproext.bnf.fr/iiif/presentation/v3/ark:/12148/bd6t5296037/manifest.json'
For more information check: https://developer.mozilla.org/en-US/docs/Web/HTTP/Status/403",2026-07-17T10:51:47.043522
combat,bd6t529604k,,failed,0,0,,http_manifest,known,403,manifest,"Client error '403 ' for url 'https://openapiproext.bnf.fr/iiif/presentation/v3/ark:/12148/bd6t529604k/manifest.json'
For more information check: https://developer.mozilla.org/en-US/docs/Web/HTTP/Status/403",2026-07-17T10:51:48.242404
combat,bd6t529605x,,failed,0,0,,http_manifest,known,403,manifest,"Client error '403 ' for url 'https://openapiproext.bnf.fr/iiif/presentation/v3/ark:/12148/bd6t529605x/manifest.json'
For more information check: https://developer.mozilla.org/en-US/docs/Web/HTTP/Status/403",2026-07-17T10:51:49.445494
combat,bd6t5296068,,failed,0,0,,http_manifest,known,403,manifest,"Client error '403 ' for url 'https://openapiproext.bnf.fr/iiif/presentation/v3/ark:/12148/bd6t5296068/manifest.json'
For more information check: https://developer.mozilla.org/en-US/docs/Web/HTTP/Status/403",2026-07-17T10:51:50.670312
combat,bd6t529607m,,failed,0,0,,http_manifest,known,403,manifest,"Client error '403 ' for url 'https://openapiproext.bnf.fr/iiif/presentation/v3/ark:/12148/bd6t529607m/manifest.json'
For more information check: https://developer.mozilla.org/en-US/docs/Web/HTTP/Status/403",2026-07-17T10:51:51.848454
combat,bd6t529608z,,failed,0,0,,http_manifest,known,403,manifest,"Client error '403 ' for url 'https://openapiproext.bnf.fr/iiif/presentation/v3/ark:/12148/bd6t529608z/manifest.json'
For more information check: https://developer.mozilla.org/en-US/docs/Web/HTTP/Status/403",2026-07-17T10:51:53.050870
combat,bd6t5296099,,failed,0,0,,http_manifest,known,403,manifest,"Client error '403 ' for url 'https://openapiproext.bnf.fr/iiif/presentation/v3/ark:/12148/bd6t5296099/manifest.json'
For more information check: https://developer.mozilla.org/en-US/docs/Web/HTTP/Status/403",2026-07-17T10:51:54.253435
combat,bd6t529610h,,failed,0,0,,http_manifest,known,403,manifest,"Client error '403 ' for url 'https://openapiproext.bnf.fr/iiif/presentation/v3/ark:/12148/bd6t529610h/manifest.json'
For more information check: https://developer.mozilla.org/en-US/docs/Web/HTTP/Status/403",2026-07-17T10:51:55.456156
combat,bd6t529611v,,failed,0,0,,http_manifest,known,403,manifest,"Client error '403 ' for url 'https://openapiproext.bnf.fr/iiif/presentation/v3/ark:/12148/bd6t529611v/manifest.json'
For more information check: https://developer.mozilla.org/en-US/docs/Web/HTTP/Status/403",2026-07-17T10:51:56.677386
combat,bd6t5296126,,failed,0,0,,http_manifest,known,403,manifest,"Client error '403 ' for url 'https://openapiproext.bnf.fr/iiif/presentation/v3/ark:/12148/bd6t5296126/manifest.json'
For more information check: https://developer.mozilla.org/en-US/docs/Web/HTTP/Status/403",2026-07-17T10:51:57.995885
combat,bd6t529613j,,failed,0,0,,http_manifest,known,403,manifest,"Client error '403 ' for url 'https://openapiproext.bnf.fr/iiif/presentation/v3/ark:/12148/bd6t529613j/manifest.json'
For more information check: https://developer.mozilla.org/en-US/docs/Web/HTTP/Status/403",2026-07-17T10:51:59.225356
combat,bd6t529614w,,failed,0,0,,http_manifest,known,403,manifest,"Client error '403 ' for url 'https://openapiproext.bnf.fr/iiif/presentation/v3/ark:/12148/bd6t529614w/manifest.json'
For more information check: https://developer.mozilla.org/en-US/docs/Web/HTTP/Status/403",2026-07-17T10:52:00.477637
combat,bd6t5296157,,failed,0,0,,http_manifest,known,403,manifest,"Client error '403 ' for url 'https://openapiproext.bnf.fr/iiif/presentation/v3/ark:/12148/bd6t5296157/manifest.json'
For more information check: https://developer.mozilla.org/en-US/docs/Web/HTTP/Status/403",2026-07-17T10:52:01.543377
combat,bd6t529616k,,failed,0,0,,http_manifest,known,403,manifest,"Client error '403 ' for url 'https://openapiproext.bnf.fr/iiif/presentation/v3/ark:/12148/bd6t529616k/manifest.json'
For more information check: https://developer.mozilla.org/en-US/docs/Web/HTTP/Status/403",2026-07-17T10:52:02.667099
combat,bd6t529617x,,failed,0,0,,http_manifest,known,403,manifest,"Client error '403 ' for url 'https://openapiproext.bnf.fr/iiif/presentation/v3/ark:/12148/bd6t529617x/manifest.json'
For more information check: https://developer.mozilla.org/en-US/docs/Web/HTTP/Status/403",2026-07-17T10:52:04.086473
combat,bd6t5296188,,failed,0,0,,http_manifest,known,403,manifest,"Client error '403 ' for url 'https://openapiproext.bnf.fr/iiif/presentation/v3/ark:/12148/bd6t5296188/manifest.json'
For more information check: https://developer.mozilla.org/en-US/docs/Web/HTTP/Status/403",2026-07-17T10:52:05.259227
combat,bd6t529619m,,failed,0,0,,http_manifest,known,403,manifest,"Client error '403 ' for url 'https://openapiproext.bnf.fr/iiif/presentation/v3/ark:/12148/bd6t529619m/manifest.json'
For more information check: https://developer.mozilla.org/en-US/docs/Web/HTTP/Status/403",2026-07-17T10:52:06.353575
combat,bd6t529620t,,failed,0,0,,http_manifest,known,403,manifest,"Client error '403 ' for url 'https://openapiproext.bnf.fr/iiif/presentation/v3/ark:/12148/bd6t529620t/manifest.json'
For more information check: https://developer.mozilla.org/en-US/docs/Web/HTTP/Status/403",2026-07-17T10:52:07.587174
combat,bd6t5296215,,failed,0,0,,http_manifest,known,403,manifest,"Client error '403 ' for url 'https://openapiproext.bnf.fr/iiif/presentation/v3/ark:/12148/bd6t5296215/manifest.json'
For more information check: https://developer.mozilla.org/en-US/docs/Web/HTTP/Status/403",2026-07-17T10:52:08.709286
combat,bd6t529622h,,failed,0,0,,http_manifest,known,403,manifest,"Client error '403 ' for url 'https://openapiproext.bnf.fr/iiif/presentation/v3/ark:/12148/bd6t529622h/manifest.json'
For more information check: https://developer.mozilla.org/en-US/docs/Web/HTTP/Status/403",2026-07-17T10:52:10.009089
combat,bd6t529623v,,failed,0,0,,http_manifest,known,403,manifest,"Client error '403 ' for url 'https://openapiproext.bnf.fr/iiif/presentation/v3/ark:/12148/bd6t529623v/manifest.json'
For more information check: https://developer.mozilla.org/en-US/docs/Web/HTTP/Status/403",2026-07-17T10:52:11.196163
combat,bd6t5296246,,failed,0,0,,http_manifest,known,403,manifest,"Client error '403 ' for url 'https://openapiproext.bnf.fr/iiif/presentation/v3/ark:/12148/bd6t5296246/manifest.json'
For more information check: https://developer.mozilla.org/en-US/docs/Web/HTTP/Status/403",2026-07-17T10:52:12.281859
combat,bd6t529625j,,failed,0,0,,http_manifest,known,403,manifest,"Client error '403 ' for url 'https://openapiproext.bnf.fr/iiif/presentation/v3/ark:/12148/bd6t529625j/manifest.json'
For more information check: https://developer.mozilla.org/en-US/docs/Web/HTTP/Status/403",2026-07-17T10:52:13.579972
combat,bd6t529626w,,failed,0,0,,http_manifest,known,403,manifest,"Client error '403 ' for url 'https://openapiproext.bnf.fr/iiif/presentation/v3/ark:/12148/bd6t529626w/manifest.json'
For more information check: https://developer.mozilla.org/en-US/docs/Web/HTTP/Status/403",2026-07-17T10:52:14.920336
combat,bd6t5296277,,failed,0,0,,http_manifest,known,403,manifest,"Client error '403 ' for url 'https://openapiproext.bnf.fr/iiif/presentation/v3/ark:/12148/bd6t5296277/manifest.json'
For more information check: https://developer.mozilla.org/en-US/docs/Web/HTTP/Status/403",2026-07-17T10:52:16.096430
combat,bd6t529628k,,failed,0,0,,http_manifest,known,403,manifest,"Client error '403 ' for url 'https://openapiproext.bnf.fr/iiif/presentation/v3/ark:/12148/bd6t529628k/manifest.json'
For more information check: https://developer.mozilla.org/en-US/docs/Web/HTTP/Status/403",2026-07-17T10:52:17.082663
combat,bd6t529629x,,failed,0,0,,http_manifest,known,403,manifest,"Client error '403 ' for url 'https://openapiproext.bnf.fr/iiif/presentation/v3/ark:/12148/bd6t529629x/manifest.json'
For more information check: https://developer.mozilla.org/en-US/docs/Web/HTTP/Status/403",2026-07-17T10:52:18.288735
combat,bd6t5296304,,failed,0,0,,http_manifest,known,403,manifest,"Client error '403 ' for url 'https://openapiproext.bnf.fr/iiif/presentation/v3/ark:/12148/bd6t5296304/manifest.json'
For more information check: https://developer.mozilla.org/en-US/docs/Web/HTTP/Status/403",2026-07-17T10:52:19.487869
combat,bd6t529631g,,failed,0,0,,http_manifest,known,403,manifest,"Client error '403 ' for url 'https://openapiproext.bnf.fr/iiif/presentation/v3/ark:/12148/bd6t529631g/manifest.json'
For more information check: https://developer.mozilla.org/en-US/docs/Web/HTTP/Status/403",2026-07-17T10:52:20.735590
combat,bd6t529632t,,failed,0,0,,http_manifest,known,403,manifest,"Client error '403 ' for url 'https://openapiproext.bnf.fr/iiif/presentation/v3/ark:/12148/bd6t529632t/manifest.json'
For more information check: https://developer.mozilla.org/en-US/docs/Web/HTTP/Status/403",2026-07-17T10:52:21.902285
combat,bd6t5296335,,failed,0,0,,http_manifest,known,403,manifest,"Client error '403 ' for url 'https://openapiproext.bnf.fr/iiif/presentation/v3/ark:/12148/bd6t5296335/manifest.json'
For more information check: https://developer.mozilla.org/en-US/docs/Web/HTTP/Status/403",2026-07-17T10:52:23.091348
combat,bd6t529634h,,failed,0,0,,http_manifest,known,403,manifest,"Client error '403 ' for url 'https://openapiproext.bnf.fr/iiif/presentation/v3/ark:/12148/bd6t529634h/manifest.json'
For more information check: https://developer.mozilla.org/en-US/docs/Web/HTTP/Status/403",2026-07-17T10:52:24.302913
combat,bd6t529635v,,failed,0,0,,http_manifest,known,403,manifest,"Client error '403 ' for url 'https://openapiproext.bnf.fr/iiif/presentation/v3/ark:/12148/bd6t529635v/manifest.json'
For more information check: https://developer.mozilla.org/en-US/docs/Web/HTTP/Status/403",2026-07-17T10:52:25.497404
combat,bd6t5296366,,failed,0,0,,http_manifest,known,403,manifest,"Client error '403 ' for url 'https://openapiproext.bnf.fr/iiif/presentation/v3/ark:/12148/bd6t5296366/manifest.json'
For more information check: https://developer.mozilla.org/en-US/docs/Web/HTTP/Status/403",2026-07-17T10:52:26.700959
combat,bd6t529637j,,failed,0,0,,http_manifest,known,403,manifest,"Client error '403 ' for url 'https://openapiproext.bnf.fr/iiif/presentation/v3/ark:/12148/bd6t529637j/manifest.json'
For more information check: https://developer.mozilla.org/en-US/docs/Web/HTTP/Status/403",2026-07-17T10:52:27.907355
combat,bd6t529638w,,failed,0,0,,http_manifest,known,403,manifest,"Client error '403 ' for url 'https://openapiproext.bnf.fr/iiif/presentation/v3/ark:/12148/bd6t529638w/manifest.json'
For more information check: https://developer.mozilla.org/en-US/docs/Web/HTTP/Status/403",2026-07-17T10:52:29.098032
combat,bd6t5296397,,failed,0,0,,http_manifest,known,403,manifest,"Client error '403 ' for url 'https://openapiproext.bnf.fr/iiif/presentation/v3/ark:/12148/bd6t5296397/manifest.json'
For more information check: https://developer.mozilla.org/en-US/docs/Web/HTTP/Status/403",2026-07-17T10:52:30.299370
combat,bd6t529640f,,failed,0,0,,http_manifest,known,403,manifest,"Client error '403 ' for url 'https://openapiproext.bnf.fr/iiif/presentation/v3/ark:/12148/bd6t529640f/manifest.json'
For more information check: https://developer.mozilla.org/en-US/docs/Web/HTTP/Status/403",2026-07-17T10:52:31.502977
combat,bd6t529641s,,failed,0,0,,http_manifest,known,403,manifest,"Client error '403 ' for url 'https://openapiproext.bnf.fr/iiif/presentation/v3/ark:/12148/bd6t529641s/manifest.json'
For more information check: https://developer.mozilla.org/en-US/docs/Web/HTTP/Status/403",2026-07-17T10:52:32.739449
combat,bd6t5296424,,failed,0,0,,http_manifest,known,403,manifest,"Client error '403 ' for url 'https://openapiproext.bnf.fr/iiif/presentation/v3/ark:/12148/bd6t5296424/manifest.json'
For more information check: https://developer.mozilla.org/en-US/docs/Web/HTTP/Status/403",2026-07-17T10:52:33.908291
combat,bd6t529643g,,failed,0,0,,http_manifest,known,403,manifest,"Client error '403 ' for url 'https://openapiproext.bnf.fr/iiif/presentation/v3/ark:/12148/bd6t529643g/manifest.json'
For more information check: https://developer.mozilla.org/en-US/docs/Web/HTTP/Status/403",2026-07-17T10:52:35.106531
combat,bd6t529644t,,failed,0,0,,http_manifest,known,403,manifest,"Client error '403 ' for url 'https://openapiproext.bnf.fr/iiif/presentation/v3/ark:/12148/bd6t529644t/manifest.json'
For more information check: https://developer.mozilla.org/en-US/docs/Web/HTTP/Status/403",2026-07-17T10:52:36.306922
combat,bd6t5296455,,failed,0,0,,http_manifest,known,403,manifest,"Client error '403 ' for url 'https://openapiproext.bnf.fr/iiif/presentation/v3/ark:/12148/bd6t5296455/manifest.json'
For more information check: https://developer.mozilla.org/en-US/docs/Web/HTTP/Status/403",2026-07-17T10:52:37.510565
combat,bd6t529646h,,failed,0,0,,http_manifest,known,403,manifest,"Client error '403 ' for url 'https://openapiproext.bnf.fr/iiif/presentation/v3/ark:/12148/bd6t529646h/manifest.json'
For more information check: https://developer.mozilla.org/en-US/docs/Web/HTTP/Status/403",2026-07-17T10:52:38.714722
combat,bd6t529647v,,failed,0,0,,http_manifest,known,403,manifest,"Client error '403 ' for url 'https://openapiproext.bnf.fr/iiif/presentation/v3/ark:/12148/bd6t529647v/manifest.json'
For more information check: https://developer.mozilla.org/en-US/docs/Web/HTTP/Status/403",2026-07-17T10:52:39.922324
combat,bd6t5296486,,failed,0,0,,http_manifest,known,403,manifest,"Client error '403 ' for url 'https://openapiproext.bnf.fr/iiif/presentation/v3/ark:/12148/bd6t5296486/manifest.json'
For more information check: https://developer.mozilla.org/en-US/docs/Web/HTTP/Status/403",2026-07-17T10:52:41.116149
combat,bd6t529649j,,failed,0,0,,http_manifest,known,403,manifest,"Client error '403 ' for url 'https://openapiproext.bnf.fr/iiif/presentation/v3/ark:/12148/bd6t529649j/manifest.json'
For more information check: https://developer.mozilla.org/en-US/docs/Web/HTTP/Status/403",2026-07-17T10:52:42.325635
combat,bd6t529650r,,failed,0,0,,http_manifest,known,403,manifest,"Client error '403 ' for url 'https://openapiproext.bnf.fr/iiif/presentation/v3/ark:/12148/bd6t529650r/manifest.json'
For more information check: https://developer.mozilla.org/en-US/docs/Web/HTTP/Status/403",2026-07-17T10:52:43.518602
combat,bd6t5296513,,failed,0,0,,http_manifest,known,403,manifest,"Client error '403 ' for url 'https://openapiproext.bnf.fr/iiif/presentation/v3/ark:/12148/bd6t5296513/manifest.json'
For more information check: https://developer.mozilla.org/en-US/docs/Web/HTTP/Status/403",2026-07-17T10:52:44.729309
combat,bd6t529652f,,failed,0,0,,http_manifest,known,403,manifest,"Client error '403 ' for url 'https://openapiproext.bnf.fr/iiif/presentation/v3/ark:/12148/bd6t529652f/manifest.json'
For more information check: https://developer.mozilla.org/en-US/docs/Web/HTTP/Status/403",2026-07-17T10:52:45.924421
combat,bd6t529653s,,failed,0,0,,http_manifest,known,403,manifest,"Client error '403 ' for url 'https://openapiproext.bnf.fr/iiif/presentation/v3/ark:/12148/bd6t529653s/manifest.json'
For more information check: https://developer.mozilla.org/en-US/docs/Web/HTTP/Status/403",2026-07-17T10:52:47.124018
combat,bd6t5296544,,failed,0,0,,http_manifest,known,403,manifest,"Client error '403 ' for url 'https://openapiproext.bnf.fr/iiif/presentation/v3/ark:/12148/bd6t5296544/manifest.json'
For more information check: https://developer.mozilla.org/en-US/docs/Web/HTTP/Status/403",2026-07-17T10:52:48.324754
combat,bd6t529655g,,failed,0,0,,http_manifest,known,403,manifest,"Client error '403 ' for url 'https://openapiproext.bnf.fr/iiif/presentation/v3/ark:/12148/bd6t529655g/manifest.json'
For more information check: https://developer.mozilla.org/en-US/docs/Web/HTTP/Status/403",2026-07-17T10:52:49.528303
combat,bd6t529656t,,failed,0,0,,http_manifest,known,403,manifest,"Client error '403 ' for url 'https://openapiproext.bnf.fr/iiif/presentation/v3/ark:/12148/bd6t529656t/manifest.json'
For more information check: https://developer.mozilla.org/en-US/docs/Web/HTTP/Status/403",2026-07-17T10:52:50.727667
combat,bd6t5296575,,failed,0,0,,http_manifest,known,403,manifest,"Client error '403 ' for url 'https://openapiproext.bnf.fr/iiif/presentation/v3/ark:/12148/bd6t5296575/manifest.json'
For more information check: https://developer.mozilla.org/en-US/docs/Web/HTTP/Status/403",2026-07-17T10:52:51.929726
combat,bd6t529658h,,failed,0,0,,http_manifest,known,403,manifest,"Client error '403 ' for url 'https://openapiproext.bnf.fr/iiif/presentation/v3/ark:/12148/bd6t529658h/manifest.json'
For more information check: https://developer.mozilla.org/en-US/docs/Web/HTTP/Status/403",2026-07-17T10:52:53.181000
combat,bd6t529659v,,failed,0,0,,http_manifest,known,403,manifest,"Client error '403 ' for url 'https://openapiproext.bnf.fr/iiif/presentation/v3/ark:/12148/bd6t529659v/manifest.json'
For more information check: https://developer.mozilla.org/en-US/docs/Web/HTTP/Status/403",2026-07-17T10:52:54.343464
combat,bd6t5296602,,failed,0,0,,http_manifest,known,403,manifest,"Client error '403 ' for url 'https://openapiproext.bnf.fr/iiif/presentation/v3/ark:/12148/bd6t5296602/manifest.json'
For more information check: https://developer.mozilla.org/en-US/docs/Web/HTTP/Status/403",2026-07-17T10:52:55.560620
combat,bd6t529661d,,failed,0,0,,http_manifest,known,403,manifest,"Client error '403 ' for url 'https://openapiproext.bnf.fr/iiif/presentation/v3/ark:/12148/bd6t529661d/manifest.json'
For more information check: https://developer.mozilla.org/en-US/docs/Web/HTTP/Status/403",2026-07-17T10:52:56.737874
combat,bd6t529662r,,failed,0,0,,http_manifest,known,403,manifest,"Client error '403 ' for url 'https://openapiproext.bnf.fr/iiif/presentation/v3/ark:/12148/bd6t529662r/manifest.json'
For more information check: https://developer.mozilla.org/en-US/docs/Web/HTTP/Status/403",2026-07-17T10:52:57.954751
combat,bd6t5296633,,failed,0,0,,http_manifest,known,403,manifest,"Client error '403 ' for url 'https://openapiproext.bnf.fr/iiif/presentation/v3/ark:/12148/bd6t5296633/manifest.json'
For more information check: https://developer.mozilla.org/en-US/docs/Web/HTTP/Status/403",2026-07-17T10:52:59.240003
combat,bd6t529664f,,failed,0,0,,http_manifest,known,403,manifest,"Client error '403 ' for url 'https://openapiproext.bnf.fr/iiif/presentation/v3/ark:/12148/bd6t529664f/manifest.json'
For more information check: https://developer.mozilla.org/en-US/docs/Web/HTTP/Status/403",2026-07-17T10:53:00.341238
combat,bd6t529665s,,failed,0,0,,http_manifest,known,403,manifest,"Client error '403 ' for url 'https://openapiproext.bnf.fr/iiif/presentation/v3/ark:/12148/bd6t529665s/manifest.json'
For more information check: https://developer.mozilla.org/en-US/docs/Web/HTTP/Status/403",2026-07-17T10:53:01.623267
combat,bd6t5296664,,failed,0,0,,http_manifest,known,403,manifest,"Client error '403 ' for url 'https://openapiproext.bnf.fr/iiif/presentation/v3/ark:/12148/bd6t5296664/manifest.json'
For more information check: https://developer.mozilla.org/en-US/docs/Web/HTTP/Status/403",2026-07-17T10:53:02.746872
combat,bd6t529667g,,failed,0,0,,http_manifest,known,403,manifest,"Client error '403 ' for url 'https://openapiproext.bnf.fr/iiif/presentation/v3/ark:/12148/bd6t529667g/manifest.json'
For more information check: https://developer.mozilla.org/en-US/docs/Web/HTTP/Status/403",2026-07-17T10:53:04.085912
combat,bd6t529668t,,failed,0,0,,http_manifest,known,403,manifest,"Client error '403 ' for url 'https://openapiproext.bnf.fr/iiif/presentation/v3/ark:/12148/bd6t529668t/manifest.json'
For more information check: https://developer.mozilla.org/en-US/docs/Web/HTTP/Status/403",2026-07-17T10:53:05.303233
combat,bd6t5296695,,failed,0,0,,http_manifest,known,403,manifest,"Client error '403 ' for url 'https://openapiproext.bnf.fr/iiif/presentation/v3/ark:/12148/bd6t5296695/manifest.json'
For more information check: https://developer.mozilla.org/en-US/docs/Web/HTTP/Status/403",2026-07-17T10:53:06.505334
combat,bd6t529670c,,failed,0,0,,http_manifest,known,403,manifest,"Client error '403 ' for url 'https://openapiproext.bnf.fr/iiif/presentation/v3/ark:/12148/bd6t529670c/manifest.json'
For more information check: https://developer.mozilla.org/en-US/docs/Web/HTTP/Status/403",2026-07-17T10:53:07.553347
combat,bd6t529671q,,failed,0,0,,http_manifest,known,403,manifest,"Client error '403 ' for url 'https://openapiproext.bnf.fr/iiif/presentation/v3/ark:/12148/bd6t529671q/manifest.json'
For more information check: https://developer.mozilla.org/en-US/docs/Web/HTTP/Status/403",2026-07-17T10:53:08.846002
combat,bd6t5296722,,failed,0,0,,http_manifest,known,403,manifest,"Client error '403 ' for url 'https://openapiproext.bnf.fr/iiif/presentation/v3/ark:/12148/bd6t5296722/manifest.json'
For more information check: https://developer.mozilla.org/en-US/docs/Web/HTTP/Status/403",2026-07-17T10:53:09.960007
combat,bd6t529673d,,failed,0,0,,http_manifest,known,403,manifest,"Client error '403 ' for url 'https://openapiproext.bnf.fr/iiif/presentation/v3/ark:/12148/bd6t529673d/manifest.json'
For more information check: https://developer.mozilla.org/en-US/docs/Web/HTTP/Status/403",2026-07-17T10:53:11.159226
combat,bd6t529674r,,failed,0,0,,http_manifest,known,403,manifest,"Client error '403 ' for url 'https://openapiproext.bnf.fr/iiif/presentation/v3/ark:/12148/bd6t529674r/manifest.json'
For more information check: https://developer.mozilla.org/en-US/docs/Web/HTTP/Status/403",2026-07-17T10:53:12.604087
combat,bd6t5296753,,failed,0,0,,http_manifest,known,403,manifest,"Client error '403 ' for url 'https://openapiproext.bnf.fr/iiif/presentation/v3/ark:/12148/bd6t5296753/manifest.json'
For more information check: https://developer.mozilla.org/en-US/docs/Web/HTTP/Status/403",2026-07-17T10:53:13.608019
combat,bd6t529676f,,failed,0,0,,http_manifest,known,403,manifest,"Client error '403 ' for url 'https://openapiproext.bnf.fr/iiif/presentation/v3/ark:/12148/bd6t529676f/manifest.json'
For more information check: https://developer.mozilla.org/en-US/docs/Web/HTTP/Status/403",2026-07-17T10:53:14.766623
combat,bd6t529677s,,failed,0,0,,http_manifest,known,403,manifest,"Client error '403 ' for url 'https://openapiproext.bnf.fr/iiif/presentation/v3/ark:/12148/bd6t529677s/manifest.json'
For more information check: https://developer.mozilla.org/en-US/docs/Web/HTTP/Status/403",2026-07-17T10:53:15.965689
combat,bd6t5296784,,failed,0,0,,http_manifest,known,403,manifest,"Client error '403 ' for url 'https://openapiproext.bnf.fr/iiif/presentation/v3/ark:/12148/bd6t5296784/manifest.json'
For more information check: https://developer.mozilla.org/en-US/docs/Web/HTTP/Status/403",2026-07-17T10:53:17.291727
combat,bd6t529679g,,failed,0,0,,http_manifest,known,403,manifest,"Client error '403 ' for url 'https://openapiproext.bnf.fr/iiif/presentation/v3/ark:/12148/bd6t529679g/manifest.json'
For more information check: https://developer.mozilla.org/en-US/docs/Web/HTTP/Status/403",2026-07-17T10:53:18.513570
combat,bd6t529680p,,failed,0,0,,http_manifest,known,403,manifest,"Client error '403 ' for url 'https://openapiproext.bnf.fr/iiif/presentation/v3/ark:/12148/bd6t529680p/manifest.json'
For more information check: https://developer.mozilla.org/en-US/docs/Web/HTTP/Status/403",2026-07-17T10:53:19.568811
combat,bd6t5296811,,failed,0,0,,http_manifest,known,403,manifest,"Client error '403 ' for url 'https://openapiproext.bnf.fr/iiif/presentation/v3/ark:/12148/bd6t5296811/manifest.json'
For more information check: https://developer.mozilla.org/en-US/docs/Web/HTTP/Status/403",2026-07-17T10:53:20.770724
combat,bd6t529682c,,failed,0,0,,http_manifest,known,403,manifest,"Client error '403 ' for url 'https://openapiproext.bnf.fr/iiif/presentation/v3/ark:/12148/bd6t529682c/manifest.json'
For more information check: https://developer.mozilla.org/en-US/docs/Web/HTTP/Status/403",2026-07-17T10:53:21.969231
combat,bd6t529683q,,failed,0,0,,http_manifest,known,403,manifest,"Client error '403 ' for url 'https://openapiproext.bnf.fr/iiif/presentation/v3/ark:/12148/bd6t529683q/manifest.json'
For more information check: https://developer.mozilla.org/en-US/docs/Web/HTTP/Status/403",2026-07-17T10:53:23.171174
combat,bd6t5296842,,failed,0,0,,http_manifest,known,403,manifest,"Client error '403 ' for url 'https://openapiproext.bnf.fr/iiif/presentation/v3/ark:/12148/bd6t5296842/manifest.json'
For more information check: https://developer.mozilla.org/en-US/docs/Web/HTTP/Status/403",2026-07-17T10:53:24.413431
combat,bd6t529685d,,failed,0,0,,http_manifest,known,403,manifest,"Client error '403 ' for url 'https://openapiproext.bnf.fr/iiif/presentation/v3/ark:/12148/bd6t529685d/manifest.json'
For more information check: https://developer.mozilla.org/en-US/docs/Web/HTTP/Status/403",2026-07-17T10:53:25.579584
combat,bd6t529686r,,failed,0,0,,http_manifest,known,403,manifest,"Client error '403 ' for url 'https://openapiproext.bnf.fr/iiif/presentation/v3/ark:/12148/bd6t529686r/manifest.json'
For more information check: https://developer.mozilla.org/en-US/docs/Web/HTTP/Status/403",2026-07-17T10:53:26.778279
combat,bd6t5296873,,failed,0,0,,http_manifest,known,403,manifest,"Client error '403 ' for url 'https://openapiproext.bnf.fr/iiif/presentation/v3/ark:/12148/bd6t5296873/manifest.json'
For more information check: https://developer.mozilla.org/en-US/docs/Web/HTTP/Status/403",2026-07-17T10:53:27.979207
combat,bd6t529688f,,failed,0,0,,http_manifest,known,403,manifest,"Client error '403 ' for url 'https://openapiproext.bnf.fr/iiif/presentation/v3/ark:/12148/bd6t529688f/manifest.json'
For more information check: https://developer.mozilla.org/en-US/docs/Web/HTTP/Status/403",2026-07-17T10:53:29.180844
combat,bd6t529689s,,failed,0,0,,http_manifest,known,403,manifest,"Client error '403 ' for url 'https://openapiproext.bnf.fr/iiif/presentation/v3/ark:/12148/bd6t529689s/manifest.json'
For more information check: https://developer.mozilla.org/en-US/docs/Web/HTTP/Status/403",2026-07-17T10:53:30.381706
combat,bd6t5296900,,failed,0,0,,http_manifest,known,403,manifest,"Client error '403 ' for url 'https://openapiproext.bnf.fr/iiif/presentation/v3/ark:/12148/bd6t5296900/manifest.json'
For more information check: https://developer.mozilla.org/en-US/docs/Web/HTTP/Status/403",2026-07-17T10:53:31.590509
combat,bd6t529691b,,failed,0,0,,http_manifest,known,403,manifest,"Client error '403 ' for url 'https://openapiproext.bnf.fr/iiif/presentation/v3/ark:/12148/bd6t529691b/manifest.json'
For more information check: https://developer.mozilla.org/en-US/docs/Web/HTTP/Status/403",2026-07-17T10:53:32.799320
combat,bd6t529692p,,failed,0,0,,http_manifest,known,403,manifest,"Client error '403 ' for url 'https://openapiproext.bnf.fr/iiif/presentation/v3/ark:/12148/bd6t529692p/manifest.json'
For more information check: https://developer.mozilla.org/en-US/docs/Web/HTTP/Status/403",2026-07-17T10:53:33.990741
combat,bd6t5296931,,failed,0,0,,http_manifest,known,403,manifest,"Client error '403 ' for url 'https://openapiproext.bnf.fr/iiif/presentation/v3/ark:/12148/bd6t5296931/manifest.json'
For more information check: https://developer.mozilla.org/en-US/docs/Web/HTTP/Status/403",2026-07-17T10:53:35.189560
combat,bd6t529694c,,failed,0,0,,http_manifest,known,403,manifest,"Client error '403 ' for url 'https://openapiproext.bnf.fr/iiif/presentation/v3/ark:/12148/bd6t529694c/manifest.json'
For more information check: https://developer.mozilla.org/en-US/docs/Web/HTTP/Status/403",2026-07-17T10:53:36.416215
combat,bd6t529695q,,failed,0,0,,http_manifest,known,403,manifest,"Client error '403 ' for url 'https://openapiproext.bnf.fr/iiif/presentation/v3/ark:/12148/bd6t529695q/manifest.json'
For more information check: https://developer.mozilla.org/en-US/docs/Web/HTTP/Status/403",2026-07-17T10:53:37.595180
combat,bd6t5296962,,failed,0,0,,http_manifest,known,403,manifest,"Client error '403 ' for url 'https://openapiproext.bnf.fr/iiif/presentation/v3/ark:/12148/bd6t5296962/manifest.json'
For more information check: https://developer.mozilla.org/en-US/docs/Web/HTTP/Status/403",2026-07-17T10:53:38.792490
combat,bd6t529697d,,failed,0,0,,http_manifest,known,403,manifest,"Client error '403 ' for url 'https://openapiproext.bnf.fr/iiif/presentation/v3/ark:/12148/bd6t529697d/manifest.json'
For more information check: https://developer.mozilla.org/en-US/docs/Web/HTTP/Status/403",2026-07-17T10:53:40.000650
combat,bd6t529698r,,failed,0,0,,http_manifest,known,403,manifest,"Client error '403 ' for url 'https://openapiproext.bnf.fr/iiif/presentation/v3/ark:/12148/bd6t529698r/manifest.json'
For more information check: https://developer.mozilla.org/en-US/docs/Web/HTTP/Status/403",2026-07-17T10:53:41.198918
combat,bd6t5296993,,failed,0,0,,http_manifest,known,403,manifest,"Client error '403 ' for url 'https://openapiproext.bnf.fr/iiif/presentation/v3/ark:/12148/bd6t5296993/manifest.json'
For more information check: https://developer.mozilla.org/en-US/docs/Web/HTTP/Status/403",2026-07-17T10:53:42.421264
combat,bd6t529700g,,failed,0,0,,http_manifest,known,403,manifest,"Client error '403 ' for url 'https://openapiproext.bnf.fr/iiif/presentation/v3/ark:/12148/bd6t529700g/manifest.json'
For more information check: https://developer.mozilla.org/en-US/docs/Web/HTTP/Status/403",2026-07-17T10:53:43.601559
combat,bd6t529701t,,failed,0,0,,http_manifest,known,403,manifest,"Client error '403 ' for url 'https://openapiproext.bnf.fr/iiif/presentation/v3/ark:/12148/bd6t529701t/manifest.json'
For more information check: https://developer.mozilla.org/en-US/docs/Web/HTTP/Status/403",2026-07-17T10:53:44.803837
combat,bd6t5297025,,failed,0,0,,http_manifest,known,403,manifest,"Client error '403 ' for url 'https://openapiproext.bnf.fr/iiif/presentation/v3/ark:/12148/bd6t5297025/manifest.json'
For more information check: https://developer.mozilla.org/en-US/docs/Web/HTTP/Status/403",2026-07-17T10:53:46.005638
combat,bd6t529703h,,failed,0,0,,http_manifest,known,403,manifest,"Client error '403 ' for url 'https://openapiproext.bnf.fr/iiif/presentation/v3/ark:/12148/bd6t529703h/manifest.json'
For more information check: https://developer.mozilla.org/en-US/docs/Web/HTTP/Status/403",2026-07-17T10:53:47.205402
combat,bd6t529704v,,failed,0,0,,http_manifest,known,403,manifest,"Client error '403 ' for url 'https://openapiproext.bnf.fr/iiif/presentation/v3/ark:/12148/bd6t529704v/manifest.json'
For more information check: https://developer.mozilla.org/en-US/docs/Web/HTTP/Status/403",2026-07-17T10:53:48.409209
combat,bd6t5297056,,failed,0,0,,http_manifest,known,403,manifest,"Client error '403 ' for url 'https://openapiproext.bnf.fr/iiif/presentation/v3/ark:/12148/bd6t5297056/manifest.json'
For more information check: https://developer.mozilla.org/en-US/docs/Web/HTTP/Status/403",2026-07-17T10:53:49.608268
combat,bd6t529706j,,failed,0,0,,http_manifest,known,403,manifest,"Client error '403 ' for url 'https://openapiproext.bnf.fr/iiif/presentation/v3/ark:/12148/bd6t529706j/manifest.json'
For more information check: https://developer.mozilla.org/en-US/docs/Web/HTTP/Status/403",2026-07-17T10:53:50.809644
combat,bd6t529707w,,failed,0,0,,http_manifest,known,403,manifest,"Client error '403 ' for url 'https://openapiproext.bnf.fr/iiif/presentation/v3/ark:/12148/bd6t529707w/manifest.json'
For more information check: https://developer.mozilla.org/en-US/docs/Web/HTTP/Status/403",2026-07-17T10:53:52.012406
combat,bd6t5297087,,failed,0,0,,http_manifest,known,403,manifest,"Client error '403 ' for url 'https://openapiproext.bnf.fr/iiif/presentation/v3/ark:/12148/bd6t5297087/manifest.json'
For more information check: https://developer.mozilla.org/en-US/docs/Web/HTTP/Status/403",2026-07-17T10:53:53.212962
combat,bd6t529709k,,failed,0,0,,http_manifest,known,403,manifest,"Client error '403 ' for url 'https://openapiproext.bnf.fr/iiif/presentation/v3/ark:/12148/bd6t529709k/manifest.json'
For more information check: https://developer.mozilla.org/en-US/docs/Web/HTTP/Status/403",2026-07-17T10:53:54.438686
combat,bd6t529710s,,failed,0,0,,http_manifest,known,403,manifest,"Client error '403 ' for url 'https://openapiproext.bnf.fr/iiif/presentation/v3/ark:/12148/bd6t529710s/manifest.json'
For more information check: https://developer.mozilla.org/en-US/docs/Web/HTTP/Status/403",2026-07-17T10:53:55.613004
combat,bd6t5297114,,failed,0,0,,http_manifest,known,403,manifest,"Client error '403 ' for url 'https://openapiproext.bnf.fr/iiif/presentation/v3/ark:/12148/bd6t5297114/manifest.json'
For more information check: https://developer.mozilla.org/en-US/docs/Web/HTTP/Status/403",2026-07-17T10:53:56.821313
combat,bd6t529712g,,failed,0,0,,http_manifest,known,403,manifest,"Client error '403 ' for url 'https://openapiproext.bnf.fr/iiif/presentation/v3/ark:/12148/bd6t529712g/manifest.json'
For more information check: https://developer.mozilla.org/en-US/docs/Web/HTTP/Status/403",2026-07-17T10:53:58.201135
combat,bd6t529713t,,failed,0,0,,http_manifest,known,403,manifest,"Client error '403 ' for url 'https://openapiproext.bnf.fr/iiif/presentation/v3/ark:/12148/bd6t529713t/manifest.json'
For more information check: https://developer.mozilla.org/en-US/docs/Web/HTTP/Status/403",2026-07-17T10:53:59.226365
combat,bd6t5297145,,failed,0,0,,http_manifest,known,403,manifest,"Client error '403 ' for url 'https://openapiproext.bnf.fr/iiif/presentation/v3/ark:/12148/bd6t5297145/manifest.json'
For more information check: https://developer.mozilla.org/en-US/docs/Web/HTTP/Status/403",2026-07-17T10:54:00.422121
combat,bd6t529715h,,failed,0,0,,http_manifest,known,403,manifest,"Client error '403 ' for url 'https://openapiproext.bnf.fr/iiif/presentation/v3/ark:/12148/bd6t529715h/manifest.json'
For more information check: https://developer.mozilla.org/en-US/docs/Web/HTTP/Status/403",2026-07-17T10:54:01.913303
combat,bd6t529716v,,failed,0,0,,http_manifest,known,403,manifest,"Client error '403 ' for url 'https://openapiproext.bnf.fr/iiif/presentation/v3/ark:/12148/bd6t529716v/manifest.json'
For more information check: https://developer.mozilla.org/en-US/docs/Web/HTTP/Status/403",2026-07-17T10:54:02.824209
combat,bd6t5297176,,failed,0,0,,http_manifest,known,403,manifest,"Client error '403 ' for url 'https://openapiproext.bnf.fr/iiif/presentation/v3/ark:/12148/bd6t5297176/manifest.json'
For more information check: https://developer.mozilla.org/en-US/docs/Web/HTTP/Status/403",2026-07-17T10:54:04.208686
combat,bd6t529718j,,failed,0,0,,http_manifest,known,403,manifest,"Client error '403 ' for url 'https://openapiproext.bnf.fr/iiif/presentation/v3/ark:/12148/bd6t529718j/manifest.json'
For more information check: https://developer.mozilla.org/en-US/docs/Web/HTTP/Status/403",2026-07-17T10:54:05.411280
combat,bd6t529719w,,failed,0,0,,http_manifest,known,403,manifest,"Client error '403 ' for url 'https://openapiproext.bnf.fr/iiif/presentation/v3/ark:/12148/bd6t529719w/manifest.json'
For more information check: https://developer.mozilla.org/en-US/docs/Web/HTTP/Status/403",2026-07-17T10:54:06.432199
combat,bd6t5297203,,failed,0,0,,http_manifest,known,403,manifest,"Client error '403 ' for url 'https://openapiproext.bnf.fr/iiif/presentation/v3/ark:/12148/bd6t5297203/manifest.json'
For more information check: https://developer.mozilla.org/en-US/docs/Web/HTTP/Status/403",2026-07-17T10:54:07.692218
combat,bd6t529721f,,failed,0,0,,http_manifest,known,403,manifest,"Client error '403 ' for url 'https://openapiproext.bnf.fr/iiif/presentation/v3/ark:/12148/bd6t529721f/manifest.json'
For more information check: https://developer.mozilla.org/en-US/docs/Web/HTTP/Status/403",2026-07-17T10:54:09.031171
combat,bd6t528991x,,failed,0,0,,http_manifest,known,403,manifest,"Client error '403 ' for url 'https://openapiproext.bnf.fr/iiif/presentation/v3/ark:/12148/bd6t528991x/manifest.json'
For more information check: https://developer.mozilla.org/en-US/docs/Web/HTTP/Status/403",2026-07-17T10:54:10.214024
combat,bd6t5289928,,failed,0,0,,http_manifest,known,403,manifest,"Client error '403 ' for url 'https://openapiproext.bnf.fr/iiif/presentation/v3/ark:/12148/bd6t5289928/manifest.json'
For more information check: https://developer.mozilla.org/en-US/docs/Web/HTTP/Status/403",2026-07-17T10:54:11.369902
combat,bd6t528993m,,failed,0,0,,http_manifest,known,403,manifest,"Client error '403 ' for url 'https://openapiproext.bnf.fr/iiif/presentation/v3/ark:/12148/bd6t528993m/manifest.json'
For more information check: https://developer.mozilla.org/en-US/docs/Web/HTTP/Status/403",2026-07-17T10:54:12.523680
combat,bd6t528994z,,failed,0,0,,http_manifest,known,403,manifest,"Client error '403 ' for url 'https://openapiproext.bnf.fr/iiif/presentation/v3/ark:/12148/bd6t528994z/manifest.json'
For more information check: https://developer.mozilla.org/en-US/docs/Web/HTTP/Status/403",2026-07-17T10:54:13.663267
combat,bd6t5289959,,failed,0,0,,http_manifest,known,403,manifest,"Client error '403 ' for url 'https://openapiproext.bnf.fr/iiif/presentation/v3/ark:/12148/bd6t5289959/manifest.json'
For more information check: https://developer.mozilla.org/en-US/docs/Web/HTTP/Status/403",2026-07-17T10:54:15.085978
combat,bd6t528996n,,failed,0,0,,http_manifest,known,403,manifest,"Client error '403 ' for url 'https://openapiproext.bnf.fr/iiif/presentation/v3/ark:/12148/bd6t528996n/manifest.json'
For more information check: https://developer.mozilla.org/en-US/docs/Web/HTTP/Status/403",2026-07-17T10:54:16.284174
combat,bd6t5289970,,failed,0,0,,http_manifest,known,403,manifest,"Client error '403 ' for url 'https://openapiproext.bnf.fr/iiif/presentation/v3/ark:/12148/bd6t5289970/manifest.json'
For more information check: https://developer.mozilla.org/en-US/docs/Web/HTTP/Status/403",2026-07-17T10:54:17.361750
combat,bd6t528998b,,failed,0,0,,http_manifest,known,403,manifest,"Client error '403 ' for url 'https://openapiproext.bnf.fr/iiif/presentation/v3/ark:/12148/bd6t528998b/manifest.json'
For more information check: https://developer.mozilla.org/en-US/docs/Web/HTTP/Status/403",2026-07-17T10:54:18.444595
combat,bd6t528999p,,failed,0,0,,http_manifest,known,403,manifest,"Client error '403 ' for url 'https://openapiproext.bnf.fr/iiif/presentation/v3/ark:/12148/bd6t528999p/manifest.json'
For more information check: https://developer.mozilla.org/en-US/docs/Web/HTTP/Status/403",2026-07-17T10:54:19.644227
combat,bd6t529000j,,failed,0,0,,http_manifest,known,403,manifest,"Client error '403 ' for url 'https://openapiproext.bnf.fr/iiif/presentation/v3/ark:/12148/bd6t529000j/manifest.json'
For more information check: https://developer.mozilla.org/en-US/docs/Web/HTTP/Status/403",2026-07-17T10:54:20.842895
combat,bd6t529001w,,failed,0,0,,http_manifest,known,403,manifest,"Client error '403 ' for url 'https://openapiproext.bnf.fr/iiif/presentation/v3/ark:/12148/bd6t529001w/manifest.json'
For more information check: https://developer.mozilla.org/en-US/docs/Web/HTTP/Status/403",2026-07-17T10:54:22.048148
combat,bd6t5290027,,failed,0,0,,http_manifest,known,403,manifest,"Client error '403 ' for url 'https://openapiproext.bnf.fr/iiif/presentation/v3/ark:/12148/bd6t5290027/manifest.json'
For more information check: https://developer.mozilla.org/en-US/docs/Web/HTTP/Status/403",2026-07-17T10:54:23.250679
combat,bd6t529003k,,failed,0,0,,http_manifest,known,403,manifest,"Client error '403 ' for url 'https://openapiproext.bnf.fr/iiif/presentation/v3/ark:/12148/bd6t529003k/manifest.json'
For more information check: https://developer.mozilla.org/en-US/docs/Web/HTTP/Status/403",2026-07-17T10:54:24.453443
combat,bd6t529004x,,failed,0,0,,http_manifest,known,403,manifest,"Client error '403 ' for url 'https://openapiproext.bnf.fr/iiif/presentation/v3/ark:/12148/bd6t529004x/manifest.json'
For more information check: https://developer.mozilla.org/en-US/docs/Web/HTTP/Status/403",2026-07-17T10:54:25.805977
combat,bd6t5290058,,failed,0,0,,http_manifest,known,403,manifest,"Client error '403 ' for url 'https://openapiproext.bnf.fr/iiif/presentation/v3/ark:/12148/bd6t5290058/manifest.json'
For more information check: https://developer.mozilla.org/en-US/docs/Web/HTTP/Status/403",2026-07-17T10:54:26.881594
combat,bd6t529006m,,failed,0,0,,http_manifest,known,403,manifest,"Client error '403 ' for url 'https://openapiproext.bnf.fr/iiif/presentation/v3/ark:/12148/bd6t529006m/manifest.json'
For more information check: https://developer.mozilla.org/en-US/docs/Web/HTTP/Status/403",2026-07-17T10:54:28.057457
combat,bd6t529007z,,failed,0,0,,http_manifest,known,403,manifest,"Client error '403 ' for url 'https://openapiproext.bnf.fr/iiif/presentation/v3/ark:/12148/bd6t529007z/manifest.json'
For more information check: https://developer.mozilla.org/en-US/docs/Web/HTTP/Status/403",2026-07-17T10:54:29.258391
combat,bd6t5290089,,failed,0,0,,http_manifest,known,403,manifest,"Client error '403 ' for url 'https://openapiproext.bnf.fr/iiif/presentation/v3/ark:/12148/bd6t5290089/manifest.json'
For more information check: https://developer.mozilla.org/en-US/docs/Web/HTTP/Status/403",2026-07-17T10:54:30.459691
combat,bd6t529009n,,failed,0,0,,http_manifest,known,403,manifest,"Client error '403 ' for url 'https://openapiproext.bnf.fr/iiif/presentation/v3/ark:/12148/bd6t529009n/manifest.json'
For more information check: https://developer.mozilla.org/en-US/docs/Web/HTTP/Status/403",2026-07-17T10:54:31.665056
combat,bd6t529010v,,failed,0,0,,http_manifest,known,403,manifest,"Client error '403 ' for url 'https://openapiproext.bnf.fr/iiif/presentation/v3/ark:/12148/bd6t529010v/manifest.json'
For more information check: https://developer.mozilla.org/en-US/docs/Web/HTTP/Status/403",2026-07-17T10:54:32.867843
combat,bd6t5290116,,failed,0,0,,http_manifest,known,403,manifest,"Client error '403 ' for url 'https://openapiproext.bnf.fr/iiif/presentation/v3/ark:/12148/bd6t5290116/manifest.json'
For more information check: https://developer.mozilla.org/en-US/docs/Web/HTTP/Status/403",2026-07-17T10:54:34.065691
combat,bd6t529012j,,failed,0,0,,http_manifest,known,403,manifest,"Client error '403 ' for url 'https://openapiproext.bnf.fr/iiif/presentation/v3/ark:/12148/bd6t529012j/manifest.json'
For more information check: https://developer.mozilla.org/en-US/docs/Web/HTTP/Status/403",2026-07-17T10:54:35.267631
combat,bd6t529013w,,failed,0,0,,http_manifest,known,403,manifest,"Client error '403 ' for url 'https://openapiproext.bnf.fr/iiif/presentation/v3/ark:/12148/bd6t529013w/manifest.json'
For more information check: https://developer.mozilla.org/en-US/docs/Web/HTTP/Status/403",2026-07-17T10:54:36.467285
combat,bd6t5290147,,failed,0,0,,http_manifest,known,403,manifest,"Client error '403 ' for url 'https://openapiproext.bnf.fr/iiif/presentation/v3/ark:/12148/bd6t5290147/manifest.json'
For more information check: https://developer.mozilla.org/en-US/docs/Web/HTTP/Status/403",2026-07-17T10:54:37.670288
combat,bd6t529015k,,failed,0,0,,http_manifest,known,403,manifest,"Client error '403 ' for url 'https://openapiproext.bnf.fr/iiif/presentation/v3/ark:/12148/bd6t529015k/manifest.json'
For more information check: https://developer.mozilla.org/en-US/docs/Web/HTTP/Status/403",2026-07-17T10:54:38.896072
combat,bd6t529016x,,failed,0,0,,http_manifest,known,403,manifest,"Client error '403 ' for url 'https://openapiproext.bnf.fr/iiif/presentation/v3/ark:/12148/bd6t529016x/manifest.json'
For more information check: https://developer.mozilla.org/en-US/docs/Web/HTTP/Status/403",2026-07-17T10:54:40.073918
combat,bd6t5290178,,failed,0,0,,http_manifest,known,403,manifest,"Client error '403 ' for url 'https://openapiproext.bnf.fr/iiif/presentation/v3/ark:/12148/bd6t5290178/manifest.json'
For more information check: https://developer.mozilla.org/en-US/docs/Web/HTTP/Status/403",2026-07-17T10:54:41.274820
combat,bd6t529018m,,failed,0,0,,http_manifest,known,403,manifest,"Client error '403 ' for url 'https://openapiproext.bnf.fr/iiif/presentation/v3/ark:/12148/bd6t529018m/manifest.json'
For more information check: https://developer.mozilla.org/en-US/docs/Web/HTTP/Status/403",2026-07-17T10:54:42.477810
combat,bd6t529019z,,failed,0,0,,http_manifest,known,403,manifest,"Client error '403 ' for url 'https://openapiproext.bnf.fr/iiif/presentation/v3/ark:/12148/bd6t529019z/manifest.json'
For more information check: https://developer.mozilla.org/en-US/docs/Web/HTTP/Status/403",2026-07-17T10:54:43.679190
combat,bd6t5290205,,failed,0,0,,http_manifest,known,403,manifest,"Client error '403 ' for url 'https://openapiproext.bnf.fr/iiif/presentation/v3/ark:/12148/bd6t5290205/manifest.json'
For more information check: https://developer.mozilla.org/en-US/docs/Web/HTTP/Status/403",2026-07-17T10:54:44.900496
combat,bd6t529021h,,failed,0,0,,http_manifest,known,403,manifest,"Client error '403 ' for url 'https://openapiproext.bnf.fr/iiif/presentation/v3/ark:/12148/bd6t529021h/manifest.json'
For more information check: https://developer.mozilla.org/en-US/docs/Web/HTTP/Status/403",2026-07-17T10:54:46.087663
combat,bd6t529022v,,failed,0,0,,http_manifest,known,403,manifest,"Client error '403 ' for url 'https://openapiproext.bnf.fr/iiif/presentation/v3/ark:/12148/bd6t529022v/manifest.json'
For more information check: https://developer.mozilla.org/en-US/docs/Web/HTTP/Status/403",2026-07-17T10:54:47.284461
combat,bd6t5290236,,failed,0,0,,http_manifest,known,403,manifest,"Client error '403 ' for url 'https://openapiproext.bnf.fr/iiif/presentation/v3/ark:/12148/bd6t5290236/manifest.json'
For more information check: https://developer.mozilla.org/en-US/docs/Web/HTTP/Status/403",2026-07-17T10:54:48.486975
combat,bd6t529024j,,failed,0,0,,http_manifest,known,403,manifest,"Client error '403 ' for url 'https://openapiproext.bnf.fr/iiif/presentation/v3/ark:/12148/bd6t529024j/manifest.json'
For more information check: https://developer.mozilla.org/en-US/docs/Web/HTTP/Status/403",2026-07-17T10:54:49.687152
combat,bd6t529025w,,failed,0,0,,http_manifest,known,403,manifest,"Client error '403 ' for url 'https://openapiproext.bnf.fr/iiif/presentation/v3/ark:/12148/bd6t529025w/manifest.json'
For more information check: https://developer.mozilla.org/en-US/docs/Web/HTTP/Status/403",2026-07-17T10:54:50.890716
combat,bd6t5290267,,failed,0,0,,http_manifest,known,403,manifest,"Client error '403 ' for url 'https://openapiproext.bnf.fr/iiif/presentation/v3/ark:/12148/bd6t5290267/manifest.json'
For more information check: https://developer.mozilla.org/en-US/docs/Web/HTTP/Status/403",2026-07-17T10:54:52.088152
combat,bd6t529027k,,failed,0,0,,http_manifest,known,403,manifest,"Client error '403 ' for url 'https://openapiproext.bnf.fr/iiif/presentation/v3/ark:/12148/bd6t529027k/manifest.json'
For more information check: https://developer.mozilla.org/en-US/docs/Web/HTTP/Status/403",2026-07-17T10:54:53.293866
combat,bd6t529028x,,failed,0,0,,http_manifest,known,403,manifest,"Client error '403 ' for url 'https://openapiproext.bnf.fr/iiif/presentation/v3/ark:/12148/bd6t529028x/manifest.json'
For more information check: https://developer.mozilla.org/en-US/docs/Web/HTTP/Status/403",2026-07-17T10:54:54.492196
combat,bd6t5290298,,failed,0,0,,http_manifest,known,403,manifest,"Client error '403 ' for url 'https://openapiproext.bnf.fr/iiif/presentation/v3/ark:/12148/bd6t5290298/manifest.json'
For more information check: https://developer.mozilla.org/en-US/docs/Web/HTTP/Status/403",2026-07-17T10:54:55.696394
combat,bd6t529030g,,failed,0,0,,http_manifest,known,403,manifest,"Client error '403 ' for url 'https://openapiproext.bnf.fr/iiif/presentation/v3/ark:/12148/bd6t529030g/manifest.json'
For more information check: https://developer.mozilla.org/en-US/docs/Web/HTTP/Status/403",2026-07-17T10:54:56.924180
combat,bd6t529031t,,failed,0,0,,http_manifest,known,403,manifest,"Client error '403 ' for url 'https://openapiproext.bnf.fr/iiif/presentation/v3/ark:/12148/bd6t529031t/manifest.json'
For more information check: https://developer.mozilla.org/en-US/docs/Web/HTTP/Status/403",2026-07-17T10:54:58.189889
combat,bd6t5290325,,failed,0,0,,http_manifest,known,403,manifest,"Client error '403 ' for url 'https://openapiproext.bnf.fr/iiif/presentation/v3/ark:/12148/bd6t5290325/manifest.json'
For more information check: https://developer.mozilla.org/en-US/docs/Web/HTTP/Status/403",2026-07-17T10:54:59.404599
combat,bd6t529033h,,failed,0,0,,http_manifest,known,403,manifest,"Client error '403 ' for url 'https://openapiproext.bnf.fr/iiif/presentation/v3/ark:/12148/bd6t529033h/manifest.json'
For more information check: https://developer.mozilla.org/en-US/docs/Web/HTTP/Status/403",2026-07-17T10:55:00.581336
combat,bd6t529034v,,failed,0,0,,http_manifest,known,403,manifest,"Client error '403 ' for url 'https://openapiproext.bnf.fr/iiif/presentation/v3/ark:/12148/bd6t529034v/manifest.json'
For more information check: https://developer.mozilla.org/en-US/docs/Web/HTTP/Status/403",2026-07-17T10:55:01.852913
combat,bd6t5290356,,failed,0,0,,http_manifest,known,403,manifest,"Client error '403 ' for url 'https://openapiproext.bnf.fr/iiif/presentation/v3/ark:/12148/bd6t5290356/manifest.json'
For more information check: https://developer.mozilla.org/en-US/docs/Web/HTTP/Status/403",2026-07-17T10:55:02.938093
combat,bd6t529036j,,failed,0,0,,http_manifest,known,403,manifest,"Client error '403 ' for url 'https://openapiproext.bnf.fr/iiif/presentation/v3/ark:/12148/bd6t529036j/manifest.json'
For more information check: https://developer.mozilla.org/en-US/docs/Web/HTTP/Status/403",2026-07-17T10:55:04.133963
combat,bd6t529037w,,failed,0,0,,http_manifest,known,403,manifest,"Client error '403 ' for url 'https://openapiproext.bnf.fr/iiif/presentation/v3/ark:/12148/bd6t529037w/manifest.json'
For more information check: https://developer.mozilla.org/en-US/docs/Web/HTTP/Status/403",2026-07-17T10:55:05.314055
combat,bd6t5290387,,failed,0,0,,http_manifest,known,403,manifest,"Client error '403 ' for url 'https://openapiproext.bnf.fr/iiif/presentation/v3/ark:/12148/bd6t5290387/manifest.json'
For more information check: https://developer.mozilla.org/en-US/docs/Web/HTTP/Status/403",2026-07-17T10:55:06.637196
combat,bd6t529039k,,failed,0,0,,http_manifest,known,403,manifest,"Client error '403 ' for url 'https://openapiproext.bnf.fr/iiif/presentation/v3/ark:/12148/bd6t529039k/manifest.json'
For more information check: https://developer.mozilla.org/en-US/docs/Web/HTTP/Status/403",2026-07-17T10:55:07.884598
combat,bd6t529040s,,failed,0,0,,http_manifest,known,403,manifest,"Client error '403 ' for url 'https://openapiproext.bnf.fr/iiif/presentation/v3/ark:/12148/bd6t529040s/manifest.json'
For more information check: https://developer.mozilla.org/en-US/docs/Web/HTTP/Status/403",2026-07-17T10:55:08.912090
combat,bd6t5290414,,failed,0,0,,http_manifest,known,403,manifest,"Client error '403 ' for url 'https://openapiproext.bnf.fr/iiif/presentation/v3/ark:/12148/bd6t5290414/manifest.json'
For more information check: https://developer.mozilla.org/en-US/docs/Web/HTTP/Status/403",2026-07-17T10:55:10.113541
combat,bd6t529042g,,failed,0,0,,http_manifest,known,403,manifest,"Client error '403 ' for url 'https://openapiproext.bnf.fr/iiif/presentation/v3/ark:/12148/bd6t529042g/manifest.json'
For more information check: https://developer.mozilla.org/en-US/docs/Web/HTTP/Status/403",2026-07-17T10:55:11.322264
combat,bd6t529043t,,failed,0,0,,http_manifest,known,403,manifest,"Client error '403 ' for url 'https://openapiproext.bnf.fr/iiif/presentation/v3/ark:/12148/bd6t529043t/manifest.json'
For more information check: https://developer.mozilla.org/en-US/docs/Web/HTTP/Status/403",2026-07-17T10:55:12.522939
combat,bd6t5290445,,failed,0,0,,http_manifest,known,403,manifest,"Client error '403 ' for url 'https://openapiproext.bnf.fr/iiif/presentation/v3/ark:/12148/bd6t5290445/manifest.json'
For more information check: https://developer.mozilla.org/en-US/docs/Web/HTTP/Status/403",2026-07-17T10:55:13.746509
combat,bd6t529045h,,failed,0,0,,http_manifest,known,403,manifest,"Client error '403 ' for url 'https://openapiproext.bnf.fr/iiif/presentation/v3/ark:/12148/bd6t529045h/manifest.json'
For more information check: https://developer.mozilla.org/en-US/docs/Web/HTTP/Status/403",2026-07-17T10:55:15.065494
combat,bd6t529046v,,failed,0,0,,http_manifest,known,403,manifest,"Client error '403 ' for url 'https://openapiproext.bnf.fr/iiif/presentation/v3/ark:/12148/bd6t529046v/manifest.json'
For more information check: https://developer.mozilla.org/en-US/docs/Web/HTTP/Status/403",2026-07-17T10:55:16.266209
combat,bd6t5290476,,failed,0,0,,http_manifest,known,403,manifest,"Client error '403 ' for url 'https://openapiproext.bnf.fr/iiif/presentation/v3/ark:/12148/bd6t5290476/manifest.json'
For more information check: https://developer.mozilla.org/en-US/docs/Web/HTTP/Status/403",2026-07-17T10:55:17.322733
combat,bd6t529048j,,failed,0,0,,http_manifest,known,403,manifest,"Client error '403 ' for url 'https://openapiproext.bnf.fr/iiif/presentation/v3/ark:/12148/bd6t529048j/manifest.json'
For more information check: https://developer.mozilla.org/en-US/docs/Web/HTTP/Status/403",2026-07-17T10:55:18.526327
combat,bd6t529049w,,failed,0,0,,http_manifest,known,403,manifest,"Client error '403 ' for url 'https://openapiproext.bnf.fr/iiif/presentation/v3/ark:/12148/bd6t529049w/manifest.json'
For more information check: https://developer.mozilla.org/en-US/docs/Web/HTTP/Status/403",2026-07-17T10:55:19.728102
combat,bd6t5290503,,failed,0,0,,http_manifest,known,403,manifest,"Client error '403 ' for url 'https://openapiproext.bnf.fr/iiif/presentation/v3/ark:/12148/bd6t5290503/manifest.json'
For more information check: https://developer.mozilla.org/en-US/docs/Web/HTTP/Status/403",2026-07-17T10:55:20.937158
combat,bd6t529051f,,failed,0,0,,http_manifest,known,403,manifest,"Client error '403 ' for url 'https://openapiproext.bnf.fr/iiif/presentation/v3/ark:/12148/bd6t529051f/manifest.json'
For more information check: https://developer.mozilla.org/en-US/docs/Web/HTTP/Status/403",2026-07-17T10:55:22.134042
combat,bd6t529052s,,failed,0,0,,http_manifest,known,403,manifest,"Client error '403 ' for url 'https://openapiproext.bnf.fr/iiif/presentation/v3/ark:/12148/bd6t529052s/manifest.json'
For more information check: https://developer.mozilla.org/en-US/docs/Web/HTTP/Status/403",2026-07-17T10:55:23.336126
combat,bd6t5290534,,failed,0,0,,http_manifest,known,403,manifest,"Client error '403 ' for url 'https://openapiproext.bnf.fr/iiif/presentation/v3/ark:/12148/bd6t5290534/manifest.json'
For more information check: https://developer.mozilla.org/en-US/docs/Web/HTTP/Status/403",2026-07-17T10:55:24.534542
combat,bd6t529054g,,failed,0,0,,http_manifest,known,403,manifest,"Client error '403 ' for url 'https://openapiproext.bnf.fr/iiif/presentation/v3/ark:/12148/bd6t529054g/manifest.json'
For more information check: https://developer.mozilla.org/en-US/docs/Web/HTTP/Status/403",2026-07-17T10:55:25.736530
combat,bd6t529055t,,failed,0,0,,http_manifest,known,403,manifest,"Client error '403 ' for url 'https://openapiproext.bnf.fr/iiif/presentation/v3/ark:/12148/bd6t529055t/manifest.json'
For more information check: https://developer.mozilla.org/en-US/docs/Web/HTTP/Status/403",2026-07-17T10:55:26.961332
combat,bd6t5290565,,failed,0,0,,http_manifest,known,403,manifest,"Client error '403 ' for url 'https://openapiproext.bnf.fr/iiif/presentation/v3/ark:/12148/bd6t5290565/manifest.json'
For more information check: https://developer.mozilla.org/en-US/docs/Web/HTTP/Status/403",2026-07-17T10:55:28.134243
combat,bd6t529057h,,failed,0,0,,http_manifest,known,403,manifest,"Client error '403 ' for url 'https://openapiproext.bnf.fr/iiif/presentation/v3/ark:/12148/bd6t529057h/manifest.json'
For more information check: https://developer.mozilla.org/en-US/docs/Web/HTTP/Status/403",2026-07-17T10:55:29.338343
combat,bd6t529058v,,failed,0,0,,http_manifest,known,403,manifest,"Client error '403 ' for url 'https://openapiproext.bnf.fr/iiif/presentation/v3/ark:/12148/bd6t529058v/manifest.json'
For more information check: https://developer.mozilla.org/en-US/docs/Web/HTTP/Status/403",2026-07-17T10:55:30.541331
combat,bd6t5290596,,failed,0,0,,http_manifest,known,403,manifest,"Client error '403 ' for url 'https://openapiproext.bnf.fr/iiif/presentation/v3/ark:/12148/bd6t5290596/manifest.json'
For more information check: https://developer.mozilla.org/en-US/docs/Web/HTTP/Status/403",2026-07-17T10:55:31.744079
combat,bd6t529060d,,failed,0,0,,http_manifest,known,403,manifest,"Client error '403 ' for url 'https://openapiproext.bnf.fr/iiif/presentation/v3/ark:/12148/bd6t529060d/manifest.json'
For more information check: https://developer.mozilla.org/en-US/docs/Web/HTTP/Status/403",2026-07-17T10:55:32.967762
combat,bd6t529061r,,failed,0,0,,http_manifest,known,403,manifest,"Client error '403 ' for url 'https://openapiproext.bnf.fr/iiif/presentation/v3/ark:/12148/bd6t529061r/manifest.json'
For more information check: https://developer.mozilla.org/en-US/docs/Web/HTTP/Status/403",2026-07-17T10:55:34.145125
combat,bd6t5290623,,failed,0,0,,http_manifest,known,403,manifest,"Client error '403 ' for url 'https://openapiproext.bnf.fr/iiif/presentation/v3/ark:/12148/bd6t5290623/manifest.json'
For more information check: https://developer.mozilla.org/en-US/docs/Web/HTTP/Status/403",2026-07-17T10:55:35.346281
combat,bd6t529063f,,failed,0,0,,http_manifest,known,403,manifest,"Client error '403 ' for url 'https://openapiproext.bnf.fr/iiif/presentation/v3/ark:/12148/bd6t529063f/manifest.json'
For more information check: https://developer.mozilla.org/en-US/docs/Web/HTTP/Status/403",2026-07-17T10:55:36.545991
combat,bd6t529064s,,failed,0,0,,http_manifest,known,403,manifest,"Client error '403 ' for url 'https://openapiproext.bnf.fr/iiif/presentation/v3/ark:/12148/bd6t529064s/manifest.json'
For more information check: https://developer.mozilla.org/en-US/docs/Web/HTTP/Status/403",2026-07-17T10:55:37.748926
combat,bd6t5290654,,failed,0,0,,http_manifest,known,403,manifest,"Client error '403 ' for url 'https://openapiproext.bnf.fr/iiif/presentation/v3/ark:/12148/bd6t5290654/manifest.json'
For more information check: https://developer.mozilla.org/en-US/docs/Web/HTTP/Status/403",2026-07-17T10:55:38.954605
combat,bd6t529066g,,failed,0,0,,http_manifest,known,403,manifest,"Client error '403 ' for url 'https://openapiproext.bnf.fr/iiif/presentation/v3/ark:/12148/bd6t529066g/manifest.json'
For more information check: https://developer.mozilla.org/en-US/docs/Web/HTTP/Status/403",2026-07-17T10:55:40.155348
combat,bd6t529067t,,failed,0,0,,http_manifest,known,403,manifest,"Client error '403 ' for url 'https://openapiproext.bnf.fr/iiif/presentation/v3/ark:/12148/bd6t529067t/manifest.json'
For more information check: https://developer.mozilla.org/en-US/docs/Web/HTTP/Status/403",2026-07-17T10:55:41.357411
combat,bd6t5290685,,failed,0,0,,http_manifest,known,403,manifest,"Client error '403 ' for url 'https://openapiproext.bnf.fr/iiif/presentation/v3/ark:/12148/bd6t5290685/manifest.json'
For more information check: https://developer.mozilla.org/en-US/docs/Web/HTTP/Status/403",2026-07-17T10:55:42.564083
combat,bd6t529069h,,failed,0,0,,http_manifest,known,403,manifest,"Client error '403 ' for url 'https://openapiproext.bnf.fr/iiif/presentation/v3/ark:/12148/bd6t529069h/manifest.json'
For more information check: https://developer.mozilla.org/en-US/docs/Web/HTTP/Status/403",2026-07-17T10:55:43.762952
combat,bd6t527062m,,failed,0,0,,http_manifest,known,403,manifest,"Client error '403 ' for url 'https://openapiproext.bnf.fr/iiif/presentation/v3/ark:/12148/bd6t527062m/manifest.json'
For more information check: https://developer.mozilla.org/en-US/docs/Web/HTTP/Status/403",2026-07-17T10:55:44.990130
combat,bd6t527063z,,failed,0,0,,http_manifest,known,403,manifest,"Client error '403 ' for url 'https://openapiproext.bnf.fr/iiif/presentation/v3/ark:/12148/bd6t527063z/manifest.json'
For more information check: https://developer.mozilla.org/en-US/docs/Web/HTTP/Status/403",2026-07-17T10:55:46.169546
combat,bd6t5270649,,failed,0,0,,http_manifest,known,403,manifest,"Client error '403 ' for url 'https://openapiproext.bnf.fr/iiif/presentation/v3/ark:/12148/bd6t5270649/manifest.json'
For more information check: https://developer.mozilla.org/en-US/docs/Web/HTTP/Status/403",2026-07-17T10:55:47.368926
combat,bd6t527065n,,failed,0,0,,http_manifest,known,403,manifest,"Client error '403 ' for url 'https://openapiproext.bnf.fr/iiif/presentation/v3/ark:/12148/bd6t527065n/manifest.json'
For more information check: https://developer.mozilla.org/en-US/docs/Web/HTTP/Status/403",2026-07-17T10:55:48.570017
combat,bd6t5270660,,failed,0,0,,http_manifest,known,403,manifest,"Client error '403 ' for url 'https://openapiproext.bnf.fr/iiif/presentation/v3/ark:/12148/bd6t5270660/manifest.json'
For more information check: https://developer.mozilla.org/en-US/docs/Web/HTTP/Status/403",2026-07-17T10:55:49.767575
combat,bd6t527067b,,failed,0,0,,http_manifest,known,403,manifest,"Client error '403 ' for url 'https://openapiproext.bnf.fr/iiif/presentation/v3/ark:/12148/bd6t527067b/manifest.json'
For more information check: https://developer.mozilla.org/en-US/docs/Web/HTTP/Status/403",2026-07-17T10:55:50.977114
combat,bd6t527068p,,failed,0,0,,http_manifest,known,403,manifest,"Client error '403 ' for url 'https://openapiproext.bnf.fr/iiif/presentation/v3/ark:/12148/bd6t527068p/manifest.json'
For more information check: https://developer.mozilla.org/en-US/docs/Web/HTTP/Status/403",2026-07-17T10:55:52.173439
combat,bd6t5270691,,failed,0,0,,http_manifest,known,403,manifest,"Client error '403 ' for url 'https://openapiproext.bnf.fr/iiif/presentation/v3/ark:/12148/bd6t5270691/manifest.json'
For more information check: https://developer.mozilla.org/en-US/docs/Web/HTTP/Status/403",2026-07-17T10:55:53.374684
combat,bd6t5270707,,failed,0,0,,http_manifest,known,403,manifest,"Client error '403 ' for url 'https://openapiproext.bnf.fr/iiif/presentation/v3/ark:/12148/bd6t5270707/manifest.json'
For more information check: https://developer.mozilla.org/en-US/docs/Web/HTTP/Status/403",2026-07-17T10:55:54.574156
combat,bd6t527071k,,failed,0,0,,http_manifest,known,403,manifest,"Client error '403 ' for url 'https://openapiproext.bnf.fr/iiif/presentation/v3/ark:/12148/bd6t527071k/manifest.json'
For more information check: https://developer.mozilla.org/en-US/docs/Web/HTTP/Status/403",2026-07-17T10:55:55.773801
combat,bd6t527072x,,failed,0,0,,http_manifest,known,403,manifest,"Client error '403 ' for url 'https://openapiproext.bnf.fr/iiif/presentation/v3/ark:/12148/bd6t527072x/manifest.json'
For more information check: https://developer.mozilla.org/en-US/docs/Web/HTTP/Status/403",2026-07-17T10:55:57.000591
combat,bd6t5270738,,failed,0,0,,http_manifest,known,403,manifest,"Client error '403 ' for url 'https://openapiproext.bnf.fr/iiif/presentation/v3/ark:/12148/bd6t5270738/manifest.json'
For more information check: https://developer.mozilla.org/en-US/docs/Web/HTTP/Status/403",2026-07-17T10:55:58.217627
combat,bd6t527074m,,failed,0,0,,http_manifest,known,403,manifest,"Client error '403 ' for url 'https://openapiproext.bnf.fr/iiif/presentation/v3/ark:/12148/bd6t527074m/manifest.json'
For more information check: https://developer.mozilla.org/en-US/docs/Web/HTTP/Status/403",2026-07-17T10:55:59.546598
combat,bd6t527075z,,failed,0,0,,http_manifest,known,403,manifest,"Client error '403 ' for url 'https://openapiproext.bnf.fr/iiif/presentation/v3/ark:/12148/bd6t527075z/manifest.json'
For more information check: https://developer.mozilla.org/en-US/docs/Web/HTTP/Status/403",2026-07-17T10:56:00.582720
combat,bd6t5270769,,failed,0,0,,http_manifest,known,403,manifest,"Client error '403 ' for url 'https://openapiproext.bnf.fr/iiif/presentation/v3/ark:/12148/bd6t5270769/manifest.json'
For more information check: https://developer.mozilla.org/en-US/docs/Web/HTTP/Status/403",2026-07-17T10:56:01.785807
combat,bd6t527077n,,failed,0,0,,http_manifest,known,403,manifest,"Client error '403 ' for url 'https://openapiproext.bnf.fr/iiif/presentation/v3/ark:/12148/bd6t527077n/manifest.json'
For more information check: https://developer.mozilla.org/en-US/docs/Web/HTTP/Status/403",2026-07-17T10:56:03.009384
combat,bd6t5270780,,failed,0,0,,http_manifest,known,403,manifest,"Client error '403 ' for url 'https://openapiproext.bnf.fr/iiif/presentation/v3/ark:/12148/bd6t5270780/manifest.json'
For more information check: https://developer.mozilla.org/en-US/docs/Web/HTTP/Status/403",2026-07-17T10:56:04.431564
combat,bd6t527079b,,failed,0,0,,http_manifest,known,403,manifest,"Client error '403 ' for url 'https://openapiproext.bnf.fr/iiif/presentation/v3/ark:/12148/bd6t527079b/manifest.json'
For more information check: https://developer.mozilla.org/en-US/docs/Web/HTTP/Status/403",2026-07-17T10:56:05.561177
combat,bd6t527080j,,failed,0,0,,http_manifest,known,403,manifest,"Client error '403 ' for url 'https://openapiproext.bnf.fr/iiif/presentation/v3/ark:/12148/bd6t527080j/manifest.json'
For more information check: https://developer.mozilla.org/en-US/docs/Web/HTTP/Status/403",2026-07-17T10:56:06.649010
combat,bd6t527081w,,failed,0,0,,http_manifest,known,403,manifest,"Client error '403 ' for url 'https://openapiproext.bnf.fr/iiif/presentation/v3/ark:/12148/bd6t527081w/manifest.json'
For more information check: https://developer.mozilla.org/en-US/docs/Web/HTTP/Status/403",2026-07-17T10:56:07.794304
combat,bd6t5270827,,failed,0,0,,http_manifest,known,403,manifest,"Client error '403 ' for url 'https://openapiproext.bnf.fr/iiif/presentation/v3/ark:/12148/bd6t5270827/manifest.json'
For more information check: https://developer.mozilla.org/en-US/docs/Web/HTTP/Status/403",2026-07-17T10:56:09.041431
combat,bd6t527083k,,failed,0,0,,http_manifest,known,403,manifest,"Client error '403 ' for url 'https://openapiproext.bnf.fr/iiif/presentation/v3/ark:/12148/bd6t527083k/manifest.json'
For more information check: https://developer.mozilla.org/en-US/docs/Web/HTTP/Status/403",2026-07-17T10:56:10.275618
combat,bd6t527084x,,failed,0,0,,http_manifest,known,403,manifest,"Client error '403 ' for url 'https://openapiproext.bnf.fr/iiif/presentation/v3/ark:/12148/bd6t527084x/manifest.json'
For more information check: https://developer.mozilla.org/en-US/docs/Web/HTTP/Status/403",2026-07-17T10:56:11.395614
combat,bd6t5270858,,failed,0,0,,http_manifest,known,403,manifest,"Client error '403 ' for url 'https://openapiproext.bnf.fr/iiif/presentation/v3/ark:/12148/bd6t5270858/manifest.json'
For more information check: https://developer.mozilla.org/en-US/docs/Web/HTTP/Status/403",2026-07-17T10:56:12.594993
combat,bd6t527086m,,failed,0,0,,http_manifest,known,403,manifest,"Client error '403 ' for url 'https://openapiproext.bnf.fr/iiif/presentation/v3/ark:/12148/bd6t527086m/manifest.json'
For more information check: https://developer.mozilla.org/en-US/docs/Web/HTTP/Status/403",2026-07-17T10:56:14.089354
combat,bd6t527087z,,failed,0,0,,http_manifest,known,403,manifest,"Client error '403 ' for url 'https://openapiproext.bnf.fr/iiif/presentation/v3/ark:/12148/bd6t527087z/manifest.json'
For more information check: https://developer.mozilla.org/en-US/docs/Web/HTTP/Status/403",2026-07-17T10:56:14.998514
combat,bd6t5270889,,failed,0,0,,http_manifest,known,403,manifest,"Client error '403 ' for url 'https://openapiproext.bnf.fr/iiif/presentation/v3/ark:/12148/bd6t5270889/manifest.json'
For more information check: https://developer.mozilla.org/en-US/docs/Web/HTTP/Status/403",2026-07-17T10:56:16.199412
combat,bd6t527089n,,failed,0,0,,http_manifest,known,403,manifest,"Client error '403 ' for url 'https://openapiproext.bnf.fr/iiif/presentation/v3/ark:/12148/bd6t527089n/manifest.json'
For more information check: https://developer.mozilla.org/en-US/docs/Web/HTTP/Status/403",2026-07-17T10:56:17.507363
combat,bd6t527090v,,failed,0,0,,http_manifest,known,403,manifest,"Client error '403 ' for url 'https://openapiproext.bnf.fr/iiif/presentation/v3/ark:/12148/bd6t527090v/manifest.json'
For more information check: https://developer.mozilla.org/en-US/docs/Web/HTTP/Status/403",2026-07-17T10:56:18.607663
combat,bd6t5270916,,failed,0,0,,http_manifest,known,403,manifest,"Client error '403 ' for url 'https://openapiproext.bnf.fr/iiif/presentation/v3/ark:/12148/bd6t5270916/manifest.json'
For more information check: https://developer.mozilla.org/en-US/docs/Web/HTTP/Status/403",2026-07-17T10:56:19.816950
combat,bd6t527092j,,failed,0,0,,http_manifest,known,403,manifest,"Client error '403 ' for url 'https://openapiproext.bnf.fr/iiif/presentation/v3/ark:/12148/bd6t527092j/manifest.json'
For more information check: https://developer.mozilla.org/en-US/docs/Web/HTTP/Status/403",2026-07-17T10:56:21.007954
combat,bd6t527093w,,failed,0,0,,http_manifest,known,403,manifest,"Client error '403 ' for url 'https://openapiproext.bnf.fr/iiif/presentation/v3/ark:/12148/bd6t527093w/manifest.json'
For more information check: https://developer.mozilla.org/en-US/docs/Web/HTTP/Status/403",2026-07-17T10:56:22.207447
combat,bd6t5270947,,failed,0,0,,http_manifest,known,403,manifest,"Client error '403 ' for url 'https://openapiproext.bnf.fr/iiif/presentation/v3/ark:/12148/bd6t5270947/manifest.json'
For more information check: https://developer.mozilla.org/en-US/docs/Web/HTTP/Status/403",2026-07-17T10:56:23.409076
combat,bd6t527095k,,failed,0,0,,http_manifest,known,403,manifest,"Client error '403 ' for url 'https://openapiproext.bnf.fr/iiif/presentation/v3/ark:/12148/bd6t527095k/manifest.json'
For more information check: https://developer.mozilla.org/en-US/docs/Web/HTTP/Status/403",2026-07-17T10:56:24.608267
combat,bd6t527096x,,failed,0,0,,http_manifest,known,403,manifest,"Client error '403 ' for url 'https://openapiproext.bnf.fr/iiif/presentation/v3/ark:/12148/bd6t527096x/manifest.json'
For more information check: https://developer.mozilla.org/en-US/docs/Web/HTTP/Status/403",2026-07-17T10:56:25.827328
combat,bd6t5270978,,failed,0,0,,http_manifest,known,403,manifest,"Client error '403 ' for url 'https://openapiproext.bnf.fr/iiif/presentation/v3/ark:/12148/bd6t5270978/manifest.json'
For more information check: https://developer.mozilla.org/en-US/docs/Web/HTTP/Status/403",2026-07-17T10:56:27.011659
combat,bd6t527098m,,failed,0,0,,http_manifest,known,403,manifest,"Client error '403 ' for url 'https://openapiproext.bnf.fr/iiif/presentation/v3/ark:/12148/bd6t527098m/manifest.json'
For more information check: https://developer.mozilla.org/en-US/docs/Web/HTTP/Status/403",2026-07-17T10:56:28.214250
combat,bd6t527099z,,failed,0,0,,http_manifest,known,403,manifest,"Client error '403 ' for url 'https://openapiproext.bnf.fr/iiif/presentation/v3/ark:/12148/bd6t527099z/manifest.json'
For more information check: https://developer.mozilla.org/en-US/docs/Web/HTTP/Status/403",2026-07-17T10:56:29.419411
combat,bd6t527100b,,failed,0,0,,http_manifest,known,403,manifest,"Client error '403 ' for url 'https://openapiproext.bnf.fr/iiif/presentation/v3/ark:/12148/bd6t527100b/manifest.json'
For more information check: https://developer.mozilla.org/en-US/docs/Web/HTTP/Status/403",2026-07-17T10:56:30.624184
combat,bd6t527101p,,failed,0,0,,http_manifest,known,403,manifest,"Client error '403 ' for url 'https://openapiproext.bnf.fr/iiif/presentation/v3/ark:/12148/bd6t527101p/manifest.json'
For more information check: https://developer.mozilla.org/en-US/docs/Web/HTTP/Status/403",2026-07-17T10:56:31.817116
combat,bd6t5271021,,failed,0,0,,http_manifest,known,403,manifest,"Client error '403 ' for url 'https://openapiproext.bnf.fr/iiif/presentation/v3/ark:/12148/bd6t5271021/manifest.json'
For more information check: https://developer.mozilla.org/en-US/docs/Web/HTTP/Status/403",2026-07-17T10:56:33.019218
combat,bd6t527103c,,failed,0,0,,http_manifest,known,403,manifest,"Client error '403 ' for url 'https://openapiproext.bnf.fr/iiif/presentation/v3/ark:/12148/bd6t527103c/manifest.json'
For more information check: https://developer.mozilla.org/en-US/docs/Web/HTTP/Status/403",2026-07-17T10:56:34.219604
combat,bd6t527104q,,failed,0,0,,http_manifest,known,403,manifest,"Client error '403 ' for url 'https://openapiproext.bnf.fr/iiif/presentation/v3/ark:/12148/bd6t527104q/manifest.json'
For more information check: https://developer.mozilla.org/en-US/docs/Web/HTTP/Status/403",2026-07-17T10:56:35.421494
combat,bd6t5271052,,failed,0,0,,http_manifest,known,403,manifest,"Client error '403 ' for url 'https://openapiproext.bnf.fr/iiif/presentation/v3/ark:/12148/bd6t5271052/manifest.json'
For more information check: https://developer.mozilla.org/en-US/docs/Web/HTTP/Status/403",2026-07-17T10:56:36.624394
combat,bd6t527106d,,failed,0,0,,http_manifest,known,403,manifest,"Client error '403 ' for url 'https://openapiproext.bnf.fr/iiif/presentation/v3/ark:/12148/bd6t527106d/manifest.json'
For more information check: https://developer.mozilla.org/en-US/docs/Web/HTTP/Status/403",2026-07-17T10:56:37.836562
combat,bd6t527107r,,failed,0,0,,http_manifest,known,403,manifest,"Client error '403 ' for url 'https://openapiproext.bnf.fr/iiif/presentation/v3/ark:/12148/bd6t527107r/manifest.json'
For more information check: https://developer.mozilla.org/en-US/docs/Web/HTTP/Status/403",2026-07-17T10:56:39.037928
combat,bd6t5271083,,failed,0,0,,http_manifest,known,403,manifest,"Client error '403 ' for url 'https://openapiproext.bnf.fr/iiif/presentation/v3/ark:/12148/bd6t5271083/manifest.json'
For more information check: https://developer.mozilla.org/en-US/docs/Web/HTTP/Status/403",2026-07-17T10:56:40.228893
combat,bd6t527109f,,failed,0,0,,http_manifest,known,403,manifest,"Client error '403 ' for url 'https://openapiproext.bnf.fr/iiif/presentation/v3/ark:/12148/bd6t527109f/manifest.json'
For more information check: https://developer.mozilla.org/en-US/docs/Web/HTTP/Status/403",2026-07-17T10:56:41.429955
combat,bd6t527110n,,failed,0,0,,http_manifest,known,403,manifest,"Client error '403 ' for url 'https://openapiproext.bnf.fr/iiif/presentation/v3/ark:/12148/bd6t527110n/manifest.json'
For more information check: https://developer.mozilla.org/en-US/docs/Web/HTTP/Status/403",2026-07-17T10:56:42.629594
combat,bd6t5271110,,failed,0,0,,http_manifest,known,403,manifest,"Client error '403 ' for url 'https://openapiproext.bnf.fr/iiif/presentation/v3/ark:/12148/bd6t5271110/manifest.json'
For more information check: https://developer.mozilla.org/en-US/docs/Web/HTTP/Status/403",2026-07-17T10:56:43.830017
combat,bd6t527112b,,failed,0,0,,http_manifest,known,403,manifest,"Client error '403 ' for url 'https://openapiproext.bnf.fr/iiif/presentation/v3/ark:/12148/bd6t527112b/manifest.json'
For more information check: https://developer.mozilla.org/en-US/docs/Web/HTTP/Status/403",2026-07-17T10:56:45.032922
combat,bd6t527113p,,failed,0,0,,http_manifest,known,403,manifest,"Client error '403 ' for url 'https://openapiproext.bnf.fr/iiif/presentation/v3/ark:/12148/bd6t527113p/manifest.json'
For more information check: https://developer.mozilla.org/en-US/docs/Web/HTTP/Status/403",2026-07-17T10:56:46.232842
combat,bd6t5271141,,failed,0,0,,http_manifest,known,403,manifest,"Client error '403 ' for url 'https://openapiproext.bnf.fr/iiif/presentation/v3/ark:/12148/bd6t5271141/manifest.json'
For more information check: https://developer.mozilla.org/en-US/docs/Web/HTTP/Status/403",2026-07-17T10:56:47.434419
combat,bd6t527115c,,failed,0,0,,http_manifest,known,403,manifest,"Client error '403 ' for url 'https://openapiproext.bnf.fr/iiif/presentation/v3/ark:/12148/bd6t527115c/manifest.json'
For more information check: https://developer.mozilla.org/en-US/docs/Web/HTTP/Status/403",2026-07-17T10:56:48.636035
combat,bd6t527116q,,failed,0,0,,http_manifest,known,403,manifest,"Client error '403 ' for url 'https://openapiproext.bnf.fr/iiif/presentation/v3/ark:/12148/bd6t527116q/manifest.json'
For more information check: https://developer.mozilla.org/en-US/docs/Web/HTTP/Status/403",2026-07-17T10:56:49.849857
combat,bd6t5271172,,failed,0,0,,http_manifest,known,403,manifest,"Client error '403 ' for url 'https://openapiproext.bnf.fr/iiif/presentation/v3/ark:/12148/bd6t5271172/manifest.json'
For more information check: https://developer.mozilla.org/en-US/docs/Web/HTTP/Status/403",2026-07-17T10:56:51.038871
combat,bd6t527118d,,failed,0,0,,http_manifest,known,403,manifest,"Client error '403 ' for url 'https://openapiproext.bnf.fr/iiif/presentation/v3/ark:/12148/bd6t527118d/manifest.json'
For more information check: https://developer.mozilla.org/en-US/docs/Web/HTTP/Status/403",2026-07-17T10:56:52.238519
combat,bd6t527119r,,failed,0,0,,http_manifest,known,403,manifest,"Client error '403 ' for url 'https://openapiproext.bnf.fr/iiif/presentation/v3/ark:/12148/bd6t527119r/manifest.json'
For more information check: https://developer.mozilla.org/en-US/docs/Web/HTTP/Status/403",2026-07-17T10:56:53.437812
combat,bd6t527120z,,failed,0,0,,http_manifest,known,403,manifest,"Client error '403 ' for url 'https://openapiproext.bnf.fr/iiif/presentation/v3/ark:/12148/bd6t527120z/manifest.json'
For more information check: https://developer.mozilla.org/en-US/docs/Web/HTTP/Status/403",2026-07-17T10:56:54.641460
combat,bd6t5271219,,failed,0,0,,http_manifest,known,403,manifest,"Client error '403 ' for url 'https://openapiproext.bnf.fr/iiif/presentation/v3/ark:/12148/bd6t5271219/manifest.json'
For more information check: https://developer.mozilla.org/en-US/docs/Web/HTTP/Status/403",2026-07-17T10:56:55.859045
combat,bd6t527122n,,failed,0,0,,http_manifest,known,403,manifest,"Client error '403 ' for url 'https://openapiproext.bnf.fr/iiif/presentation/v3/ark:/12148/bd6t527122n/manifest.json'
For more information check: https://developer.mozilla.org/en-US/docs/Web/HTTP/Status/403",2026-07-17T10:56:57.045035
combat,bd6t5271230,,failed,0,0,,http_manifest,known,403,manifest,"Client error '403 ' for url 'https://openapiproext.bnf.fr/iiif/presentation/v3/ark:/12148/bd6t5271230/manifest.json'
For more information check: https://developer.mozilla.org/en-US/docs/Web/HTTP/Status/403",2026-07-17T10:56:58.324065
combat,bd6t527124b,,failed,0,0,,http_manifest,known,403,manifest,"Client error '403 ' for url 'https://openapiproext.bnf.fr/iiif/presentation/v3/ark:/12148/bd6t527124b/manifest.json'
For more information check: https://developer.mozilla.org/en-US/docs/Web/HTTP/Status/403",2026-07-17T10:56:59.645828
combat,bd6t527125p,,failed,0,0,,http_manifest,known,403,manifest,"Client error '403 ' for url 'https://openapiproext.bnf.fr/iiif/presentation/v3/ark:/12148/bd6t527125p/manifest.json'
For more information check: https://developer.mozilla.org/en-US/docs/Web/HTTP/Status/403",2026-07-17T10:57:00.698600
combat,bd6t5271261,,failed,0,0,,http_manifest,known,403,manifest,"Client error '403 ' for url 'https://openapiproext.bnf.fr/iiif/presentation/v3/ark:/12148/bd6t5271261/manifest.json'
For more information check: https://developer.mozilla.org/en-US/docs/Web/HTTP/Status/403",2026-07-17T10:57:02.037387
combat,bd6t527127c,,failed,0,0,,http_manifest,known,403,manifest,"Client error '403 ' for url 'https://openapiproext.bnf.fr/iiif/presentation/v3/ark:/12148/bd6t527127c/manifest.json'
For more information check: https://developer.mozilla.org/en-US/docs/Web/HTTP/Status/403",2026-07-17T10:57:03.055810
combat,bd6t527128q,,failed,0,0,,http_manifest,known,403,manifest,"Client error '403 ' for url 'https://openapiproext.bnf.fr/iiif/presentation/v3/ark:/12148/bd6t527128q/manifest.json'
For more information check: https://developer.mozilla.org/en-US/docs/Web/HTTP/Status/403",2026-07-17T10:57:04.446342
combat,bd6t5271292,,failed,0,0,,http_manifest,known,403,manifest,"Client error '403 ' for url 'https://openapiproext.bnf.fr/iiif/presentation/v3/ark:/12148/bd6t5271292/manifest.json'
For more information check: https://developer.mozilla.org/en-US/docs/Web/HTTP/Status/403",2026-07-17T10:57:05.545629
combat,bd6t5271308,,failed,0,0,,http_manifest,known,403,manifest,"Client error '403 ' for url 'https://openapiproext.bnf.fr/iiif/presentation/v3/ark:/12148/bd6t5271308/manifest.json'
For more information check: https://developer.mozilla.org/en-US/docs/Web/HTTP/Status/403",2026-07-17T10:57:06.661577
combat,bd6t527131m,,failed,0,0,,http_manifest,known,403,manifest,"Client error '403 ' for url 'https://openapiproext.bnf.fr/iiif/presentation/v3/ark:/12148/bd6t527131m/manifest.json'
For more information check: https://developer.mozilla.org/en-US/docs/Web/HTTP/Status/403",2026-07-17T10:57:07.876738
combat,bd6t527132z,,failed,0,0,,http_manifest,known,403,manifest,"Client error '403 ' for url 'https://openapiproext.bnf.fr/iiif/presentation/v3/ark:/12148/bd6t527132z/manifest.json'
For more information check: https://developer.mozilla.org/en-US/docs/Web/HTTP/Status/403",2026-07-17T10:57:09.163607
combat,bd6t5271339,,failed,0,0,,http_manifest,known,403,manifest,"Client error '403 ' for url 'https://openapiproext.bnf.fr/iiif/presentation/v3/ark:/12148/bd6t5271339/manifest.json'
For more information check: https://developer.mozilla.org/en-US/docs/Web/HTTP/Status/403",2026-07-17T10:57:10.265965
combat,bd6t527134n,,failed,0,0,,http_manifest,known,403,manifest,"Client error '403 ' for url 'https://openapiproext.bnf.fr/iiif/presentation/v3/ark:/12148/bd6t527134n/manifest.json'
For more information check: https://developer.mozilla.org/en-US/docs/Web/HTTP/Status/403",2026-07-17T10:57:11.470359
combat,bd6t5271350,,failed,0,0,,http_manifest,known,403,manifest,"Client error '403 ' for url 'https://openapiproext.bnf.fr/iiif/presentation/v3/ark:/12148/bd6t5271350/manifest.json'
For more information check: https://developer.mozilla.org/en-US/docs/Web/HTTP/Status/403",2026-07-17T10:57:12.669974
combat,bd6t527136b,,failed,0,0,,http_manifest,known,403,manifest,"Client error '403 ' for url 'https://openapiproext.bnf.fr/iiif/presentation/v3/ark:/12148/bd6t527136b/manifest.json'
For more information check: https://developer.mozilla.org/en-US/docs/Web/HTTP/Status/403",2026-07-17T10:57:13.871280
combat,bd6t527137p,,failed,0,0,,http_manifest,known,403,manifest,"Client error '403 ' for url 'https://openapiproext.bnf.fr/iiif/presentation/v3/ark:/12148/bd6t527137p/manifest.json'
For more information check: https://developer.mozilla.org/en-US/docs/Web/HTTP/Status/403",2026-07-17T10:57:15.072894
combat,bd6t5271381,,failed,0,0,,http_manifest,known,403,manifest,"Client error '403 ' for url 'https://openapiproext.bnf.fr/iiif/presentation/v3/ark:/12148/bd6t5271381/manifest.json'
For more information check: https://developer.mozilla.org/en-US/docs/Web/HTTP/Status/403",2026-07-17T10:57:16.275146
combat,bd6t527139c,,failed,0,0,,http_manifest,known,403,manifest,"Client error '403 ' for url 'https://openapiproext.bnf.fr/iiif/presentation/v3/ark:/12148/bd6t527139c/manifest.json'
For more information check: https://developer.mozilla.org/en-US/docs/Web/HTTP/Status/403",2026-07-17T10:57:17.475570
combat,bd6t527140k,,failed,0,0,,http_manifest,known,403,manifest,"Client error '403 ' for url 'https://openapiproext.bnf.fr/iiif/presentation/v3/ark:/12148/bd6t527140k/manifest.json'
For more information check: https://developer.mozilla.org/en-US/docs/Web/HTTP/Status/403",2026-07-17T10:57:18.675721
combat,bd6t5268319,,failed,0,0,,http_manifest,known,403,manifest,"Client error '403 ' for url 'https://openapiproext.bnf.fr/iiif/presentation/v3/ark:/12148/bd6t5268319/manifest.json'
For more information check: https://developer.mozilla.org/en-US/docs/Web/HTTP/Status/403",2026-07-17T10:57:19.892555
combat,bd6t526832n,,failed,0,0,,http_manifest,known,403,manifest,"Client error '403 ' for url 'https://openapiproext.bnf.fr/iiif/presentation/v3/ark:/12148/bd6t526832n/manifest.json'
For more information check: https://developer.mozilla.org/en-US/docs/Web/HTTP/Status/403",2026-07-17T10:57:21.078976
combat,bd6t5268330,,failed,0,0,,http_manifest,known,403,manifest,"Client error '403 ' for url 'https://openapiproext.bnf.fr/iiif/presentation/v3/ark:/12148/bd6t5268330/manifest.json'
For more information check: https://developer.mozilla.org/en-US/docs/Web/HTTP/Status/403",2026-07-17T10:57:22.280138
combat,bd6t526834b,,failed,0,0,,http_manifest,known,403,manifest,"Client error '403 ' for url 'https://openapiproext.bnf.fr/iiif/presentation/v3/ark:/12148/bd6t526834b/manifest.json'
For more information check: https://developer.mozilla.org/en-US/docs/Web/HTTP/Status/403",2026-07-17T10:57:23.482394
combat,bd6t526835p,,failed,0,0,,http_manifest,known,403,manifest,"Client error '403 ' for url 'https://openapiproext.bnf.fr/iiif/presentation/v3/ark:/12148/bd6t526835p/manifest.json'
For more information check: https://developer.mozilla.org/en-US/docs/Web/HTTP/Status/403",2026-07-17T10:57:24.682778
combat,bd6t5268361,,failed,0,0,,http_manifest,known,403,manifest,"Client error '403 ' for url 'https://openapiproext.bnf.fr/iiif/presentation/v3/ark:/12148/bd6t5268361/manifest.json'
For more information check: https://developer.mozilla.org/en-US/docs/Web/HTTP/Status/403",2026-07-17T10:57:25.899839
combat,bd6t526837c,,failed,0,0,,http_manifest,known,403,manifest,"Client error '403 ' for url 'https://openapiproext.bnf.fr/iiif/presentation/v3/ark:/12148/bd6t526837c/manifest.json'
For more information check: https://developer.mozilla.org/en-US/docs/Web/HTTP/Status/403",2026-07-17T10:57:27.087738
combat,bd6t526838q,,failed,0,0,,http_manifest,known,403,manifest,"Client error '403 ' for url 'https://openapiproext.bnf.fr/iiif/presentation/v3/ark:/12148/bd6t526838q/manifest.json'
For more information check: https://developer.mozilla.org/en-US/docs/Web/HTTP/Status/403",2026-07-17T10:57:28.288952
combat,bd6t5268392,,failed,0,0,,http_manifest,known,403,manifest,"Client error '403 ' for url 'https://openapiproext.bnf.fr/iiif/presentation/v3/ark:/12148/bd6t5268392/manifest.json'
For more information check: https://developer.mozilla.org/en-US/docs/Web/HTTP/Status/403",2026-07-17T10:57:29.489976
combat,bd6t5268408,,failed,0,0,,http_manifest,known,403,manifest,"Client error '403 ' for url 'https://openapiproext.bnf.fr/iiif/presentation/v3/ark:/12148/bd6t5268408/manifest.json'
For more information check: https://developer.mozilla.org/en-US/docs/Web/HTTP/Status/403",2026-07-17T10:57:30.693753
combat,bd6t526841m,,failed,0,0,,http_manifest,known,403,manifest,"Client error '403 ' for url 'https://openapiproext.bnf.fr/iiif/presentation/v3/ark:/12148/bd6t526841m/manifest.json'
For more information check: https://developer.mozilla.org/en-US/docs/Web/HTTP/Status/403",2026-07-17T10:57:31.893981
combat,bd6t526842z,,failed,0,0,,http_manifest,known,403,manifest,"Client error '403 ' for url 'https://openapiproext.bnf.fr/iiif/presentation/v3/ark:/12148/bd6t526842z/manifest.json'
For more information check: https://developer.mozilla.org/en-US/docs/Web/HTTP/Status/403",2026-07-17T10:57:33.090585
combat,bd6t5268439,,failed,0,0,,http_manifest,known,403,manifest,"Client error '403 ' for url 'https://openapiproext.bnf.fr/iiif/presentation/v3/ark:/12148/bd6t5268439/manifest.json'
For more information check: https://developer.mozilla.org/en-US/docs/Web/HTTP/Status/403",2026-07-17T10:57:34.295986
combat,bd6t526844n,,failed,0,0,,http_manifest,known,403,manifest,"Client error '403 ' for url 'https://openapiproext.bnf.fr/iiif/presentation/v3/ark:/12148/bd6t526844n/manifest.json'
For more information check: https://developer.mozilla.org/en-US/docs/Web/HTTP/Status/403",2026-07-17T10:57:35.497196
combat,bd6t5268450,,failed,0,0,,http_manifest,known,403,manifest,"Client error '403 ' for url 'https://openapiproext.bnf.fr/iiif/presentation/v3/ark:/12148/bd6t5268450/manifest.json'
For more information check: https://developer.mozilla.org/en-US/docs/Web/HTTP/Status/403",2026-07-17T10:57:36.699480
combat,bd6t526846b,,failed,0,0,,http_manifest,known,403,manifest,"Client error '403 ' for url 'https://openapiproext.bnf.fr/iiif/presentation/v3/ark:/12148/bd6t526846b/manifest.json'
For more information check: https://developer.mozilla.org/en-US/docs/Web/HTTP/Status/403",2026-07-17T10:57:37.915226
combat,bd6t526847p,,failed,0,0,,http_manifest,known,403,manifest,"Client error '403 ' for url 'https://openapiproext.bnf.fr/iiif/presentation/v3/ark:/12148/bd6t526847p/manifest.json'
For more information check: https://developer.mozilla.org/en-US/docs/Web/HTTP/Status/403",2026-07-17T10:57:39.102920
combat,bd6t5268481,,failed,0,0,,http_manifest,known,403,manifest,"Client error '403 ' for url 'https://openapiproext.bnf.fr/iiif/presentation/v3/ark:/12148/bd6t5268481/manifest.json'
For more information check: https://developer.mozilla.org/en-US/docs/Web/HTTP/Status/403",2026-07-17T10:57:40.304725
combat,bd6t526849c,,failed,0,0,,http_manifest,known,403,manifest,"Client error '403 ' for url 'https://openapiproext.bnf.fr/iiif/presentation/v3/ark:/12148/bd6t526849c/manifest.json'
For more information check: https://developer.mozilla.org/en-US/docs/Web/HTTP/Status/403",2026-07-17T10:57:41.507849
combat,bd6t526850k,,failed,0,0,,http_manifest,known,403,manifest,"Client error '403 ' for url 'https://openapiproext.bnf.fr/iiif/presentation/v3/ark:/12148/bd6t526850k/manifest.json'
For more information check: https://developer.mozilla.org/en-US/docs/Web/HTTP/Status/403",2026-07-17T10:57:42.712056
combat,bd6t526851x,,failed,0,0,,http_manifest,known,403,manifest,"Client error '403 ' for url 'https://openapiproext.bnf.fr/iiif/presentation/v3/ark:/12148/bd6t526851x/manifest.json'
For more information check: https://developer.mozilla.org/en-US/docs/Web/HTTP/Status/403",2026-07-17T10:57:43.908841
combat,bd6t5268528,,failed,0,0,,http_manifest,known,403,manifest,"Client error '403 ' for url 'https://openapiproext.bnf.fr/iiif/presentation/v3/ark:/12148/bd6t5268528/manifest.json'
For more information check: https://developer.mozilla.org/en-US/docs/Web/HTTP/Status/403",2026-07-17T10:57:45.111885
combat,bd6t526853m,,failed,0,0,,http_manifest,known,403,manifest,"Client error '403 ' for url 'https://openapiproext.bnf.fr/iiif/presentation/v3/ark:/12148/bd6t526853m/manifest.json'
For more information check: https://developer.mozilla.org/en-US/docs/Web/HTTP/Status/403",2026-07-17T10:57:46.311728
combat,bd6t526854z,,failed,0,0,,http_manifest,known,403,manifest,"Client error '403 ' for url 'https://openapiproext.bnf.fr/iiif/presentation/v3/ark:/12148/bd6t526854z/manifest.json'
For more information check: https://developer.mozilla.org/en-US/docs/Web/HTTP/Status/403",2026-07-17T10:57:47.512780
combat,bd6t5268559,,failed,0,0,,http_manifest,known,403,manifest,"Client error '403 ' for url 'https://openapiproext.bnf.fr/iiif/presentation/v3/ark:/12148/bd6t5268559/manifest.json'
For more information check: https://developer.mozilla.org/en-US/docs/Web/HTTP/Status/403",2026-07-17T10:57:48.715598
combat,bd6t526856n,,failed,0,0,,http_manifest,known,403,manifest,"Client error '403 ' for url 'https://openapiproext.bnf.fr/iiif/presentation/v3/ark:/12148/bd6t526856n/manifest.json'
For more information check: https://developer.mozilla.org/en-US/docs/Web/HTTP/Status/403",2026-07-17T10:57:49.932459
combat,bd6t5268570,,failed,0,0,,http_manifest,known,403,manifest,"Client error '403 ' for url 'https://openapiproext.bnf.fr/iiif/presentation/v3/ark:/12148/bd6t5268570/manifest.json'
For more information check: https://developer.mozilla.org/en-US/docs/Web/HTTP/Status/403",2026-07-17T10:57:51.120036
combat,bd6t526858b,,failed,0,0,,http_manifest,known,403,manifest,"Client error '403 ' for url 'https://openapiproext.bnf.fr/iiif/presentation/v3/ark:/12148/bd6t526858b/manifest.json'
For more information check: https://developer.mozilla.org/en-US/docs/Web/HTTP/Status/403",2026-07-17T10:57:52.325377
combat,bd6t526859p,,failed,0,0,,http_manifest,known,403,manifest,"Client error '403 ' for url 'https://openapiproext.bnf.fr/iiif/presentation/v3/ark:/12148/bd6t526859p/manifest.json'
For more information check: https://developer.mozilla.org/en-US/docs/Web/HTTP/Status/403",2026-07-17T10:57:53.524068
combat,bd6t526860w,,failed,0,0,,http_manifest,known,403,manifest,"Client error '403 ' for url 'https://openapiproext.bnf.fr/iiif/presentation/v3/ark:/12148/bd6t526860w/manifest.json'
For more information check: https://developer.mozilla.org/en-US/docs/Web/HTTP/Status/403",2026-07-17T10:57:54.723298
combat,bd6t5268617,,failed,0,0,,http_manifest,known,403,manifest,"Client error '403 ' for url 'https://openapiproext.bnf.fr/iiif/presentation/v3/ark:/12148/bd6t5268617/manifest.json'
For more information check: https://developer.mozilla.org/en-US/docs/Web/HTTP/Status/403",2026-07-17T10:57:55.939899
combat,bd6t526862k,,failed,0,0,,http_manifest,known,403,manifest,"Client error '403 ' for url 'https://openapiproext.bnf.fr/iiif/presentation/v3/ark:/12148/bd6t526862k/manifest.json'
For more information check: https://developer.mozilla.org/en-US/docs/Web/HTTP/Status/403",2026-07-17T10:57:57.134615
combat,bd6t526863x,,failed,0,0,,http_manifest,known,403,manifest,"Client error '403 ' for url 'https://openapiproext.bnf.fr/iiif/presentation/v3/ark:/12148/bd6t526863x/manifest.json'
For more information check: https://developer.mozilla.org/en-US/docs/Web/HTTP/Status/403",2026-07-17T10:57:58.333164
combat,bd6t5268648,,failed,0,0,,http_manifest,known,403,manifest,"Client error '403 ' for url 'https://openapiproext.bnf.fr/iiif/presentation/v3/ark:/12148/bd6t5268648/manifest.json'
For more information check: https://developer.mozilla.org/en-US/docs/Web/HTTP/Status/403",2026-07-17T10:57:59.584211
combat,bd6t526865m,,failed,0,0,,http_manifest,known,403,manifest,"Client error '403 ' for url 'https://openapiproext.bnf.fr/iiif/presentation/v3/ark:/12148/bd6t526865m/manifest.json'
For more information check: https://developer.mozilla.org/en-US/docs/Web/HTTP/Status/403",2026-07-17T10:58:00.735246
combat,bd6t526866z,,failed,0,0,,http_manifest,known,403,manifest,"Client error '403 ' for url 'https://openapiproext.bnf.fr/iiif/presentation/v3/ark:/12148/bd6t526866z/manifest.json'
For more information check: https://developer.mozilla.org/en-US/docs/Web/HTTP/Status/403",2026-07-17T10:58:01.938600
combat,bd6t5268679,,failed,0,0,,http_manifest,known,403,manifest,"Client error '403 ' for url 'https://openapiproext.bnf.fr/iiif/presentation/v3/ark:/12148/bd6t5268679/manifest.json'
For more information check: https://developer.mozilla.org/en-US/docs/Web/HTTP/Status/403",2026-07-17T10:58:03.141229
combat,bd6t526868n,,failed,0,0,,http_manifest,known,403,manifest,"Client error '403 ' for url 'https://openapiproext.bnf.fr/iiif/presentation/v3/ark:/12148/bd6t526868n/manifest.json'
For more information check: https://developer.mozilla.org/en-US/docs/Web/HTTP/Status/403",2026-07-17T10:58:04.466498
combat,bd6t5268690,,failed,0,0,,http_manifest,known,403,manifest,"Client error '403 ' for url 'https://openapiproext.bnf.fr/iiif/presentation/v3/ark:/12148/bd6t5268690/manifest.json'
For more information check: https://developer.mozilla.org/en-US/docs/Web/HTTP/Status/403",2026-07-17T10:58:05.643464
combat,bd6t5268706,,failed,0,0,,http_manifest,known,403,manifest,"Client error '403 ' for url 'https://openapiproext.bnf.fr/iiif/presentation/v3/ark:/12148/bd6t5268706/manifest.json'
For more information check: https://developer.mozilla.org/en-US/docs/Web/HTTP/Status/403",2026-07-17T10:58:06.749394
combat,bd6t526871j,,failed,0,0,,http_manifest,known,403,manifest,"Client error '403 ' for url 'https://openapiproext.bnf.fr/iiif/presentation/v3/ark:/12148/bd6t526871j/manifest.json'
For more information check: https://developer.mozilla.org/en-US/docs/Web/HTTP/Status/403",2026-07-17T10:58:07.961285
combat,bd6t526872w,,failed,0,0,,http_manifest,known,403,manifest,"Client error '403 ' for url 'https://openapiproext.bnf.fr/iiif/presentation/v3/ark:/12148/bd6t526872w/manifest.json'
For more information check: https://developer.mozilla.org/en-US/docs/Web/HTTP/Status/403",2026-07-17T10:58:09.190176
combat,bd6t5268737,,failed,0,0,,http_manifest,known,403,manifest,"Client error '403 ' for url 'https://openapiproext.bnf.fr/iiif/presentation/v3/ark:/12148/bd6t5268737/manifest.json'
For more information check: https://developer.mozilla.org/en-US/docs/Web/HTTP/Status/403",2026-07-17T10:58:10.481994
combat,bd6t526874k,,failed,0,0,,http_manifest,known,403,manifest,"Client error '403 ' for url 'https://openapiproext.bnf.fr/iiif/presentation/v3/ark:/12148/bd6t526874k/manifest.json'
For more information check: https://developer.mozilla.org/en-US/docs/Web/HTTP/Status/403",2026-07-17T10:58:11.555897
combat,bd6t526875x,,failed,0,0,,http_manifest,known,403,manifest,"Client error '403 ' for url 'https://openapiproext.bnf.fr/iiif/presentation/v3/ark:/12148/bd6t526875x/manifest.json'
For more information check: https://developer.mozilla.org/en-US/docs/Web/HTTP/Status/403",2026-07-17T10:58:12.756293
combat,bd6t5268768,,failed,0,0,,http_manifest,known,403,manifest,"Client error '403 ' for url 'https://openapiproext.bnf.fr/iiif/presentation/v3/ark:/12148/bd6t5268768/manifest.json'
For more information check: https://developer.mozilla.org/en-US/docs/Web/HTTP/Status/403",2026-07-17T10:58:13.984391
combat,bd6t526877m,,failed,0,0,,http_manifest,known,403,manifest,"Client error '403 ' for url 'https://openapiproext.bnf.fr/iiif/presentation/v3/ark:/12148/bd6t526877m/manifest.json'
For more information check: https://developer.mozilla.org/en-US/docs/Web/HTTP/Status/403",2026-07-17T10:58:15.157661
combat,bd6t526878z,,failed,0,0,,http_manifest,known,403,manifest,"Client error '403 ' for url 'https://openapiproext.bnf.fr/iiif/presentation/v3/ark:/12148/bd6t526878z/manifest.json'
For more information check: https://developer.mozilla.org/en-US/docs/Web/HTTP/Status/403",2026-07-17T10:58:16.361526
combat,bd6t5268799,,failed,0,0,,http_manifest,known,403,manifest,"Client error '403 ' for url 'https://openapiproext.bnf.fr/iiif/presentation/v3/ark:/12148/bd6t5268799/manifest.json'
For more information check: https://developer.mozilla.org/en-US/docs/Web/HTTP/Status/403",2026-07-17T10:58:17.807051
combat,bd6t526880h,,failed,0,0,,http_manifest,known,403,manifest,"Client error '403 ' for url 'https://openapiproext.bnf.fr/iiif/presentation/v3/ark:/12148/bd6t526880h/manifest.json'
For more information check: https://developer.mozilla.org/en-US/docs/Web/HTTP/Status/403",2026-07-17T10:58:18.984923
combat,bd6t526881v,,failed,0,0,,http_manifest,known,403,manifest,"Client error '403 ' for url 'https://openapiproext.bnf.fr/iiif/presentation/v3/ark:/12148/bd6t526881v/manifest.json'
For more information check: https://developer.mozilla.org/en-US/docs/Web/HTTP/Status/403",2026-07-17T10:58:19.961017
combat,bd6t5268826,,failed,0,0,,http_manifest,known,403,manifest,"Client error '403 ' for url 'https://openapiproext.bnf.fr/iiif/presentation/v3/ark:/12148/bd6t5268826/manifest.json'
For more information check: https://developer.mozilla.org/en-US/docs/Web/HTTP/Status/403",2026-07-17T10:58:21.190286
combat,bd6t526883j,,failed,0,0,,http_manifest,known,403,manifest,"Client error '403 ' for url 'https://openapiproext.bnf.fr/iiif/presentation/v3/ark:/12148/bd6t526883j/manifest.json'
For more information check: https://developer.mozilla.org/en-US/docs/Web/HTTP/Status/403",2026-07-17T10:58:22.364856
combat,bd6t526884w,,failed,0,0,,http_manifest,known,403,manifest,"Client error '403 ' for url 'https://openapiproext.bnf.fr/iiif/presentation/v3/ark:/12148/bd6t526884w/manifest.json'
For more information check: https://developer.mozilla.org/en-US/docs/Web/HTTP/Status/403",2026-07-17T10:58:23.564048
combat,bd6t5268857,,failed,0,0,,http_manifest,known,403,manifest,"Client error '403 ' for url 'https://openapiproext.bnf.fr/iiif/presentation/v3/ark:/12148/bd6t5268857/manifest.json'
For more information check: https://developer.mozilla.org/en-US/docs/Web/HTTP/Status/403",2026-07-17T10:58:24.767635
combat,bd6t526886k,,failed,0,0,,http_manifest,known,403,manifest,"Client error '403 ' for url 'https://openapiproext.bnf.fr/iiif/presentation/v3/ark:/12148/bd6t526886k/manifest.json'
For more information check: https://developer.mozilla.org/en-US/docs/Web/HTTP/Status/403",2026-07-17T10:58:25.969593
combat,bd6t526887x,,failed,0,0,,http_manifest,known,403,manifest,"Client error '403 ' for url 'https://openapiproext.bnf.fr/iiif/presentation/v3/ark:/12148/bd6t526887x/manifest.json'
For more information check: https://developer.mozilla.org/en-US/docs/Web/HTTP/Status/403",2026-07-17T10:58:27.193596
combat,bd6t5268888,,failed,0,0,,http_manifest,known,403,manifest,"Client error '403 ' for url 'https://openapiproext.bnf.fr/iiif/presentation/v3/ark:/12148/bd6t5268888/manifest.json'
For more information check: https://developer.mozilla.org/en-US/docs/Web/HTTP/Status/403",2026-07-17T10:58:28.371546
combat,bd6t526889m,,failed,0,0,,http_manifest,known,403,manifest,"Client error '403 ' for url 'https://openapiproext.bnf.fr/iiif/presentation/v3/ark:/12148/bd6t526889m/manifest.json'
For more information check: https://developer.mozilla.org/en-US/docs/Web/HTTP/Status/403",2026-07-17T10:58:29.574296
combat,bd6t526890t,,failed,0,0,,http_manifest,known,403,manifest,"Client error '403 ' for url 'https://openapiproext.bnf.fr/iiif/presentation/v3/ark:/12148/bd6t526890t/manifest.json'
For more information check: https://developer.mozilla.org/en-US/docs/Web/HTTP/Status/403",2026-07-17T10:58:30.778720
combat,bd6t5268915,,failed,0,0,,http_manifest,known,403,manifest,"Client error '403 ' for url 'https://openapiproext.bnf.fr/iiif/presentation/v3/ark:/12148/bd6t5268915/manifest.json'
For more information check: https://developer.mozilla.org/en-US/docs/Web/HTTP/Status/403",2026-07-17T10:58:31.978839
combat,bd6t526892h,,failed,0,0,,http_manifest,known,403,manifest,"Client error '403 ' for url 'https://openapiproext.bnf.fr/iiif/presentation/v3/ark:/12148/bd6t526892h/manifest.json'
For more information check: https://developer.mozilla.org/en-US/docs/Web/HTTP/Status/403",2026-07-17T10:58:33.181569
combat,bd6t526893v,,failed,0,0,,http_manifest,known,403,manifest,"Client error '403 ' for url 'https://openapiproext.bnf.fr/iiif/presentation/v3/ark:/12148/bd6t526893v/manifest.json'
For more information check: https://developer.mozilla.org/en-US/docs/Web/HTTP/Status/403",2026-07-17T10:58:34.385007
combat,bd6t5268946,,failed,0,0,,http_manifest,known,403,manifest,"Client error '403 ' for url 'https://openapiproext.bnf.fr/iiif/presentation/v3/ark:/12148/bd6t5268946/manifest.json'
For more information check: https://developer.mozilla.org/en-US/docs/Web/HTTP/Status/403",2026-07-17T10:58:35.589997
combat,bd6t526895j,,failed,0,0,,http_manifest,known,403,manifest,"Client error '403 ' for url 'https://openapiproext.bnf.fr/iiif/presentation/v3/ark:/12148/bd6t526895j/manifest.json'
For more information check: https://developer.mozilla.org/en-US/docs/Web/HTTP/Status/403",2026-07-17T10:58:36.788031
combat,bd6t526896w,,failed,0,0,,http_manifest,known,403,manifest,"Client error '403 ' for url 'https://openapiproext.bnf.fr/iiif/presentation/v3/ark:/12148/bd6t526896w/manifest.json'
For more information check: https://developer.mozilla.org/en-US/docs/Web/HTTP/Status/403",2026-07-17T10:58:37.984375
combat,bd6t5268977,,failed,0,0,,http_manifest,known,403,manifest,"Client error '403 ' for url 'https://openapiproext.bnf.fr/iiif/presentation/v3/ark:/12148/bd6t5268977/manifest.json'
For more information check: https://developer.mozilla.org/en-US/docs/Web/HTTP/Status/403",2026-07-17T10:58:39.212177
combat,bd6t526898k,,failed,0,0,,http_manifest,known,403,manifest,"Client error '403 ' for url 'https://openapiproext.bnf.fr/iiif/presentation/v3/ark:/12148/bd6t526898k/manifest.json'
For more information check: https://developer.mozilla.org/en-US/docs/Web/HTTP/Status/403",2026-07-17T10:58:40.391236
combat,bd6t526899x,,failed,0,0,,http_manifest,known,403,manifest,"Client error '403 ' for url 'https://openapiproext.bnf.fr/iiif/presentation/v3/ark:/12148/bd6t526899x/manifest.json'
For more information check: https://developer.mozilla.org/en-US/docs/Web/HTTP/Status/403",2026-07-17T10:58:41.593029
combat,bd6t5269009,,failed,0,0,,http_manifest,known,403,manifest,"Client error '403 ' for url 'https://openapiproext.bnf.fr/iiif/presentation/v3/ark:/12148/bd6t5269009/manifest.json'
For more information check: https://developer.mozilla.org/en-US/docs/Web/HTTP/Status/403",2026-07-17T10:58:42.793504
combat,bd6t526901n,,failed,0,0,,http_manifest,known,403,manifest,"Client error '403 ' for url 'https://openapiproext.bnf.fr/iiif/presentation/v3/ark:/12148/bd6t526901n/manifest.json'
For more information check: https://developer.mozilla.org/en-US/docs/Web/HTTP/Status/403",2026-07-17T10:58:43.992581
combat,bd6t5269020,,failed,0,0,,http_manifest,known,403,manifest,"Client error '403 ' for url 'https://openapiproext.bnf.fr/iiif/presentation/v3/ark:/12148/bd6t5269020/manifest.json'
For more information check: https://developer.mozilla.org/en-US/docs/Web/HTTP/Status/403",2026-07-17T10:58:45.192583
combat,bd6t526903b,,failed,0,0,,http_manifest,known,403,manifest,"Client error '403 ' for url 'https://openapiproext.bnf.fr/iiif/presentation/v3/ark:/12148/bd6t526903b/manifest.json'
For more information check: https://developer.mozilla.org/en-US/docs/Web/HTTP/Status/403",2026-07-17T10:58:46.397130
combat,bd6t526904p,,failed,0,0,,http_manifest,known,403,manifest,"Client error '403 ' for url 'https://openapiproext.bnf.fr/iiif/presentation/v3/ark:/12148/bd6t526904p/manifest.json'
For more information check: https://developer.mozilla.org/en-US/docs/Web/HTTP/Status/403",2026-07-17T10:58:47.597548
combat,bd6t5269051,,failed,0,0,,http_manifest,known,403,manifest,"Client error '403 ' for url 'https://openapiproext.bnf.fr/iiif/presentation/v3/ark:/12148/bd6t5269051/manifest.json'
For more information check: https://developer.mozilla.org/en-US/docs/Web/HTTP/Status/403",2026-07-17T10:58:48.799558
combat,bd6t526906c,,failed,0,0,,http_manifest,known,403,manifest,"Client error '403 ' for url 'https://openapiproext.bnf.fr/iiif/presentation/v3/ark:/12148/bd6t526906c/manifest.json'
For more information check: https://developer.mozilla.org/en-US/docs/Web/HTTP/Status/403",2026-07-17T10:58:50.002046
combat,bd6t526907q,,failed,0,0,,http_manifest,known,403,manifest,"Client error '403 ' for url 'https://openapiproext.bnf.fr/iiif/presentation/v3/ark:/12148/bd6t526907q/manifest.json'
For more information check: https://developer.mozilla.org/en-US/docs/Web/HTTP/Status/403",2026-07-17T10:58:51.223770
combat,bd6t526985h,,failed,0,0,,http_manifest,known,403,manifest,"Client error '403 ' for url 'https://openapiproext.bnf.fr/iiif/presentation/v3/ark:/12148/bd6t526985h/manifest.json'
For more information check: https://developer.mozilla.org/en-US/docs/Web/HTTP/Status/403",2026-07-17T10:58:52.405034
combat,bd6t526986v,,failed,0,0,,http_manifest,known,403,manifest,"Client error '403 ' for url 'https://openapiproext.bnf.fr/iiif/presentation/v3/ark:/12148/bd6t526986v/manifest.json'
For more information check: https://developer.mozilla.org/en-US/docs/Web/HTTP/Status/403",2026-07-17T10:58:53.606268
combat,bd6t5269876,,failed,0,0,,http_manifest,known,403,manifest,"Client error '403 ' for url 'https://openapiproext.bnf.fr/iiif/presentation/v3/ark:/12148/bd6t5269876/manifest.json'
For more information check: https://developer.mozilla.org/en-US/docs/Web/HTTP/Status/403",2026-07-17T10:58:54.812232
combat,bd6t526988j,,failed,0,0,,http_manifest,known,403,manifest,"Client error '403 ' for url 'https://openapiproext.bnf.fr/iiif/presentation/v3/ark:/12148/bd6t526988j/manifest.json'
For more information check: https://developer.mozilla.org/en-US/docs/Web/HTTP/Status/403",2026-07-17T10:58:56.014027
combat,bd6t526989w,,failed,0,0,,http_manifest,known,403,manifest,"Client error '403 ' for url 'https://openapiproext.bnf.fr/iiif/presentation/v3/ark:/12148/bd6t526989w/manifest.json'
For more information check: https://developer.mozilla.org/en-US/docs/Web/HTTP/Status/403",2026-07-17T10:58:57.237273
combat,bd6t5269903,,failed,0,0,,http_manifest,known,403,manifest,"Client error '403 ' for url 'https://openapiproext.bnf.fr/iiif/presentation/v3/ark:/12148/bd6t5269903/manifest.json'
For more information check: https://developer.mozilla.org/en-US/docs/Web/HTTP/Status/403",2026-07-17T10:58:58.414425
combat,bd6t526991f,,failed,0,0,,http_manifest,known,403,manifest,"Client error '403 ' for url 'https://openapiproext.bnf.fr/iiif/presentation/v3/ark:/12148/bd6t526991f/manifest.json'
For more information check: https://developer.mozilla.org/en-US/docs/Web/HTTP/Status/403",2026-07-17T10:58:59.789813
combat,bd6t526992s,,failed,0,0,,http_manifest,known,403,manifest,"Client error '403 ' for url 'https://openapiproext.bnf.fr/iiif/presentation/v3/ark:/12148/bd6t526992s/manifest.json'
For more information check: https://developer.mozilla.org/en-US/docs/Web/HTTP/Status/403",2026-07-17T10:59:00.815544
combat,bd6t5269934,,failed,0,0,,http_manifest,known,403,manifest,"Client error '403 ' for url 'https://openapiproext.bnf.fr/iiif/presentation/v3/ark:/12148/bd6t5269934/manifest.json'
For more information check: https://developer.mozilla.org/en-US/docs/Web/HTTP/Status/403",2026-07-17T10:59:02.262263
combat,bd6t526994g,,failed,0,0,,http_manifest,known,403,manifest,"Client error '403 ' for url 'https://openapiproext.bnf.fr/iiif/presentation/v3/ark:/12148/bd6t526994g/manifest.json'
For more information check: https://developer.mozilla.org/en-US/docs/Web/HTTP/Status/403",2026-07-17T10:59:03.222306
combat,bd6t526995t,,failed,0,0,,http_manifest,known,403,manifest,"Client error '403 ' for url 'https://openapiproext.bnf.fr/iiif/presentation/v3/ark:/12148/bd6t526995t/manifest.json'
For more information check: https://developer.mozilla.org/en-US/docs/Web/HTTP/Status/403",2026-07-17T10:59:04.440727
combat,bd6t5269965,,failed,0,0,,http_manifest,known,403,manifest,"Client error '403 ' for url 'https://openapiproext.bnf.fr/iiif/presentation/v3/ark:/12148/bd6t5269965/manifest.json'
For more information check: https://developer.mozilla.org/en-US/docs/Web/HTTP/Status/403",2026-07-17T10:59:05.655082
combat,bd6t526997h,,failed,0,0,,http_manifest,known,403,manifest,"Client error '403 ' for url 'https://openapiproext.bnf.fr/iiif/presentation/v3/ark:/12148/bd6t526997h/manifest.json'
For more information check: https://developer.mozilla.org/en-US/docs/Web/HTTP/Status/403",2026-07-17T10:59:06.825695
combat,bd6t526998v,,failed,0,0,,http_manifest,known,403,manifest,"Client error '403 ' for url 'https://openapiproext.bnf.fr/iiif/presentation/v3/ark:/12148/bd6t526998v/manifest.json'
For more information check: https://developer.mozilla.org/en-US/docs/Web/HTTP/Status/403",2026-07-17T10:59:08.213093
combat,bd6t5269996,,failed,0,0,,http_manifest,known,403,manifest,"Client error '403 ' for url 'https://openapiproext.bnf.fr/iiif/presentation/v3/ark:/12148/bd6t5269996/manifest.json'
For more information check: https://developer.mozilla.org/en-US/docs/Web/HTTP/Status/403",2026-07-17T10:59:09.230620
combat,bd6t5270002,,failed,0,0,,http_manifest,known,403,manifest,"Client error '403 ' for url 'https://openapiproext.bnf.fr/iiif/presentation/v3/ark:/12148/bd6t5270002/manifest.json'
For more information check: https://developer.mozilla.org/en-US/docs/Web/HTTP/Status/403",2026-07-17T10:59:10.578242
combat,bd6t527001d,,failed,0,0,,http_manifest,known,403,manifest,"Client error '403 ' for url 'https://openapiproext.bnf.fr/iiif/presentation/v3/ark:/12148/bd6t527001d/manifest.json'
For more information check: https://developer.mozilla.org/en-US/docs/Web/HTTP/Status/403",2026-07-17T10:59:11.718702
combat,bd6t527002r,,failed,0,0,,http_manifest,known,403,manifest,"Client error '403 ' for url 'https://openapiproext.bnf.fr/iiif/presentation/v3/ark:/12148/bd6t527002r/manifest.json'
For more information check: https://developer.mozilla.org/en-US/docs/Web/HTTP/Status/403",2026-07-17T10:59:13.077690
combat,bd6t5270033,,failed,0,0,,http_manifest,known,403,manifest,"Client error '403 ' for url 'https://openapiproext.bnf.fr/iiif/presentation/v3/ark:/12148/bd6t5270033/manifest.json'
For more information check: https://developer.mozilla.org/en-US/docs/Web/HTTP/Status/403",2026-07-17T10:59:14.107724
combat,bd6t527004f,,failed,0,0,,http_manifest,known,403,manifest,"Client error '403 ' for url 'https://openapiproext.bnf.fr/iiif/presentation/v3/ark:/12148/bd6t527004f/manifest.json'
For more information check: https://developer.mozilla.org/en-US/docs/Web/HTTP/Status/403",2026-07-17T10:59:15.408114
combat,bd6t527005s,,failed,0,0,,http_manifest,known,403,manifest,"Client error '403 ' for url 'https://openapiproext.bnf.fr/iiif/presentation/v3/ark:/12148/bd6t527005s/manifest.json'
For more information check: https://developer.mozilla.org/en-US/docs/Web/HTTP/Status/403",2026-07-17T10:59:16.523437
combat,bd6t5270064,,failed,0,0,,http_manifest,known,403,manifest,"Client error '403 ' for url 'https://openapiproext.bnf.fr/iiif/presentation/v3/ark:/12148/bd6t5270064/manifest.json'
For more information check: https://developer.mozilla.org/en-US/docs/Web/HTTP/Status/403",2026-07-17T10:59:17.821271
combat,bd6t527007g,,failed,0,0,,http_manifest,known,403,manifest,"Client error '403 ' for url 'https://openapiproext.bnf.fr/iiif/presentation/v3/ark:/12148/bd6t527007g/manifest.json'
For more information check: https://developer.mozilla.org/en-US/docs/Web/HTTP/Status/403",2026-07-17T10:59:18.846902
combat,bd6t527008t,,failed,0,0,,http_manifest,known,403,manifest,"Client error '403 ' for url 'https://openapiproext.bnf.fr/iiif/presentation/v3/ark:/12148/bd6t527008t/manifest.json'
For more information check: https://developer.mozilla.org/en-US/docs/Web/HTTP/Status/403",2026-07-17T10:59:20.068498
combat,bd6t5270095,,failed,0,0,,http_manifest,known,403,manifest,"Client error '403 ' for url 'https://openapiproext.bnf.fr/iiif/presentation/v3/ark:/12148/bd6t5270095/manifest.json'
For more information check: https://developer.mozilla.org/en-US/docs/Web/HTTP/Status/403",2026-07-17T10:59:21.244365
combat,bd6t527010c,,failed,0,0,,http_manifest,known,403,manifest,"Client error '403 ' for url 'https://openapiproext.bnf.fr/iiif/presentation/v3/ark:/12148/bd6t527010c/manifest.json'
For more information check: https://developer.mozilla.org/en-US/docs/Web/HTTP/Status/403",2026-07-17T10:59:22.444751
combat,bd6t527011q,,failed,0,0,,http_manifest,known,403,manifest,"Client error '403 ' for url 'https://openapiproext.bnf.fr/iiif/presentation/v3/ark:/12148/bd6t527011q/manifest.json'
For more information check: https://developer.mozilla.org/en-US/docs/Web/HTTP/Status/403",2026-07-17T10:59:23.644931
combat,bd6t5270122,,failed,0,0,,http_manifest,known,403,manifest,"Client error '403 ' for url 'https://openapiproext.bnf.fr/iiif/presentation/v3/ark:/12148/bd6t5270122/manifest.json'
For more information check: https://developer.mozilla.org/en-US/docs/Web/HTTP/Status/403",2026-07-17T10:59:24.846535
combat,bd6t527013d,,failed,0,0,,http_manifest,known,403,manifest,"Client error '403 ' for url 'https://openapiproext.bnf.fr/iiif/presentation/v3/ark:/12148/bd6t527013d/manifest.json'
For more information check: https://developer.mozilla.org/en-US/docs/Web/HTTP/Status/403",2026-07-17T10:59:26.052057
combat,bd6t527014r,,failed,0,0,,http_manifest,known,403,manifest,"Client error '403 ' for url 'https://openapiproext.bnf.fr/iiif/presentation/v3/ark:/12148/bd6t527014r/manifest.json'
For more information check: https://developer.mozilla.org/en-US/docs/Web/HTTP/Status/403",2026-07-17T10:59:27.248687
combat,bd6t5270153,,failed,0,0,,http_manifest,known,403,manifest,"Client error '403 ' for url 'https://openapiproext.bnf.fr/iiif/presentation/v3/ark:/12148/bd6t5270153/manifest.json'
For more information check: https://developer.mozilla.org/en-US/docs/Web/HTTP/Status/403",2026-07-17T10:59:28.451045
combat,bd6t527016f,,failed,0,0,,http_manifest,known,403,manifest,"Client error '403 ' for url 'https://openapiproext.bnf.fr/iiif/presentation/v3/ark:/12148/bd6t527016f/manifest.json'
For more information check: https://developer.mozilla.org/en-US/docs/Web/HTTP/Status/403",2026-07-17T10:59:29.653774
combat,bd6t527017s,,failed,0,0,,http_manifest,known,403,manifest,"Client error '403 ' for url 'https://openapiproext.bnf.fr/iiif/presentation/v3/ark:/12148/bd6t527017s/manifest.json'
For more information check: https://developer.mozilla.org/en-US/docs/Web/HTTP/Status/403",2026-07-17T10:59:30.854569
combat,bd6t5270184,,failed,0,0,,http_manifest,known,403,manifest,"Client error '403 ' for url 'https://openapiproext.bnf.fr/iiif/presentation/v3/ark:/12148/bd6t5270184/manifest.json'
For more information check: https://developer.mozilla.org/en-US/docs/Web/HTTP/Status/403",2026-07-17T10:59:32.057644
combat,bd6t527019g,,failed,0,0,,http_manifest,known,403,manifest,"Client error '403 ' for url 'https://openapiproext.bnf.fr/iiif/presentation/v3/ark:/12148/bd6t527019g/manifest.json'
For more information check: https://developer.mozilla.org/en-US/docs/Web/HTTP/Status/403",2026-07-17T10:59:33.259839
combat,bd6t527020p,,failed,0,0,,http_manifest,known,403,manifest,"Client error '403 ' for url 'https://openapiproext.bnf.fr/iiif/presentation/v3/ark:/12148/bd6t527020p/manifest.json'
For more information check: https://developer.mozilla.org/en-US/docs/Web/HTTP/Status/403",2026-07-17T10:59:34.458965
combat,bd6t5270211,,failed,0,0,,http_manifest,known,403,manifest,"Client error '403 ' for url 'https://openapiproext.bnf.fr/iiif/presentation/v3/ark:/12148/bd6t5270211/manifest.json'
For more information check: https://developer.mozilla.org/en-US/docs/Web/HTTP/Status/403",2026-07-17T10:59:35.660412
combat,bd6t527022c,,failed,0,0,,http_manifest,known,403,manifest,"Client error '403 ' for url 'https://openapiproext.bnf.fr/iiif/presentation/v3/ark:/12148/bd6t527022c/manifest.json'
For more information check: https://developer.mozilla.org/en-US/docs/Web/HTTP/Status/403",2026-07-17T10:59:36.859991
combat,bd6t527023q,,failed,0,0,,http_manifest,known,403,manifest,"Client error '403 ' for url 'https://openapiproext.bnf.fr/iiif/presentation/v3/ark:/12148/bd6t527023q/manifest.json'
For more information check: https://developer.mozilla.org/en-US/docs/Web/HTTP/Status/403",2026-07-17T10:59:38.100082
combat,bd6t5270242,,failed,0,0,,http_manifest,known,403,manifest,"Client error '403 ' for url 'https://openapiproext.bnf.fr/iiif/presentation/v3/ark:/12148/bd6t5270242/manifest.json'
For more information check: https://developer.mozilla.org/en-US/docs/Web/HTTP/Status/403",2026-07-17T10:59:39.268187
combat,bd6t527025d,,failed,0,0,,http_manifest,known,403,manifest,"Client error '403 ' for url 'https://openapiproext.bnf.fr/iiif/presentation/v3/ark:/12148/bd6t527025d/manifest.json'
For more information check: https://developer.mozilla.org/en-US/docs/Web/HTTP/Status/403",2026-07-17T10:59:40.468040
combat,bd6t527026r,,failed,0,0,,http_manifest,known,403,manifest,"Client error '403 ' for url 'https://openapiproext.bnf.fr/iiif/presentation/v3/ark:/12148/bd6t527026r/manifest.json'
For more information check: https://developer.mozilla.org/en-US/docs/Web/HTTP/Status/403",2026-07-17T10:59:41.669737
combat,bd6t5270273,,failed,0,0,,http_manifest,known,403,manifest,"Client error '403 ' for url 'https://openapiproext.bnf.fr/iiif/presentation/v3/ark:/12148/bd6t5270273/manifest.json'
For more information check: https://developer.mozilla.org/en-US/docs/Web/HTTP/Status/403",2026-07-17T10:59:42.871606
combat,bd6t527028f,,failed,0,0,,http_manifest,known,403,manifest,"Client error '403 ' for url 'https://openapiproext.bnf.fr/iiif/presentation/v3/ark:/12148/bd6t527028f/manifest.json'
For more information check: https://developer.mozilla.org/en-US/docs/Web/HTTP/Status/403",2026-07-17T10:59:44.076061
combat,bd6t527029s,,failed,0,0,,http_manifest,known,403,manifest,"Client error '403 ' for url 'https://openapiproext.bnf.fr/iiif/presentation/v3/ark:/12148/bd6t527029s/manifest.json'
For more information check: https://developer.mozilla.org/en-US/docs/Web/HTTP/Status/403",2026-07-17T10:59:45.276565
combat,bd6t5270300,,failed,0,0,,http_manifest,known,403,manifest,"Client error '403 ' for url 'https://openapiproext.bnf.fr/iiif/presentation/v3/ark:/12148/bd6t5270300/manifest.json'
For more information check: https://developer.mozilla.org/en-US/docs/Web/HTTP/Status/403",2026-07-17T10:59:46.477970
combat,bd6t527031b,,failed,0,0,,http_manifest,known,403,manifest,"Client error '403 ' for url 'https://openapiproext.bnf.fr/iiif/presentation/v3/ark:/12148/bd6t527031b/manifest.json'
For more information check: https://developer.mozilla.org/en-US/docs/Web/HTTP/Status/403",2026-07-17T10:59:47.675851
combat,bd6t527032p,,failed,0,0,,http_manifest,known,403,manifest,"Client error '403 ' for url 'https://openapiproext.bnf.fr/iiif/presentation/v3/ark:/12148/bd6t527032p/manifest.json'
For more information check: https://developer.mozilla.org/en-US/docs/Web/HTTP/Status/403",2026-07-17T10:59:48.881664
combat,bd6t5270331,,failed,0,0,,http_manifest,known,403,manifest,"Client error '403 ' for url 'https://openapiproext.bnf.fr/iiif/presentation/v3/ark:/12148/bd6t5270331/manifest.json'
For more information check: https://developer.mozilla.org/en-US/docs/Web/HTTP/Status/403",2026-07-17T10:59:50.097177
combat,bd6t527034c,,failed,0,0,,http_manifest,known,403,manifest,"Client error '403 ' for url 'https://openapiproext.bnf.fr/iiif/presentation/v3/ark:/12148/bd6t527034c/manifest.json'
For more information check: https://developer.mozilla.org/en-US/docs/Web/HTTP/Status/403",2026-07-17T10:59:51.284056
combat,bd6t527035q,,failed,0,0,,http_manifest,known,403,manifest,"Client error '403 ' for url 'https://openapiproext.bnf.fr/iiif/presentation/v3/ark:/12148/bd6t527035q/manifest.json'
For more information check: https://developer.mozilla.org/en-US/docs/Web/HTTP/Status/403",2026-07-17T10:59:52.487336
combat,bd6t5270362,,failed,0,0,,http_manifest,known,403,manifest,"Client error '403 ' for url 'https://openapiproext.bnf.fr/iiif/presentation/v3/ark:/12148/bd6t5270362/manifest.json'
For more information check: https://developer.mozilla.org/en-US/docs/Web/HTTP/Status/403",2026-07-17T10:59:53.689414
combat,bd6t527037d,,failed,0,0,,http_manifest,known,403,manifest,"Client error '403 ' for url 'https://openapiproext.bnf.fr/iiif/presentation/v3/ark:/12148/bd6t527037d/manifest.json'
For more information check: https://developer.mozilla.org/en-US/docs/Web/HTTP/Status/403",2026-07-17T10:59:54.891415
combat,bd6t527038r,,failed,0,0,,http_manifest,known,403,manifest,"Client error '403 ' for url 'https://openapiproext.bnf.fr/iiif/presentation/v3/ark:/12148/bd6t527038r/manifest.json'
For more information check: https://developer.mozilla.org/en-US/docs/Web/HTTP/Status/403",2026-07-17T10:59:56.095378
combat,bd6t5270393,,failed,0,0,,http_manifest,known,403,manifest,"Client error '403 ' for url 'https://openapiproext.bnf.fr/iiif/presentation/v3/ark:/12148/bd6t5270393/manifest.json'
For more information check: https://developer.mozilla.org/en-US/docs/Web/HTTP/Status/403",2026-07-17T10:59:57.295077
combat,bd6t5270409,,failed,0,0,,http_manifest,known,403,manifest,"Client error '403 ' for url 'https://openapiproext.bnf.fr/iiif/presentation/v3/ark:/12148/bd6t5270409/manifest.json'
For more information check: https://developer.mozilla.org/en-US/docs/Web/HTTP/Status/403",2026-07-17T10:59:58.516389
combat,bd6t527041n,,failed,0,0,,http_manifest,known,403,manifest,"Client error '403 ' for url 'https://openapiproext.bnf.fr/iiif/presentation/v3/ark:/12148/bd6t527041n/manifest.json'
For more information check: https://developer.mozilla.org/en-US/docs/Web/HTTP/Status/403",2026-07-17T10:59:59.722160
combat,bd6t5270420,,failed,0,0,,http_manifest,known,403,manifest,"Client error '403 ' for url 'https://openapiproext.bnf.fr/iiif/presentation/v3/ark:/12148/bd6t5270420/manifest.json'
For more information check: https://developer.mozilla.org/en-US/docs/Web/HTTP/Status/403",2026-07-17T11:00:01.039090
combat,bd6t527043b,,failed,0,0,,http_manifest,known,403,manifest,"Client error '403 ' for url 'https://openapiproext.bnf.fr/iiif/presentation/v3/ark:/12148/bd6t527043b/manifest.json'
For more information check: https://developer.mozilla.org/en-US/docs/Web/HTTP/Status/403",2026-07-17T11:00:02.139491
combat,bd6t527044p,,failed,0,0,,http_manifest,known,403,manifest,"Client error '403 ' for url 'https://openapiproext.bnf.fr/iiif/presentation/v3/ark:/12148/bd6t527044p/manifest.json'
For more information check: https://developer.mozilla.org/en-US/docs/Web/HTTP/Status/403",2026-07-17T11:00:03.304130
combat,bd6t5270451,,failed,0,0,,http_manifest,known,403,manifest,"Client error '403 ' for url 'https://openapiproext.bnf.fr/iiif/presentation/v3/ark:/12148/bd6t5270451/manifest.json'
For more information check: https://developer.mozilla.org/en-US/docs/Web/HTTP/Status/403",2026-07-17T11:00:04.689221
combat,bd6t527046c,,failed,0,0,,http_manifest,known,403,manifest,"Client error '403 ' for url 'https://openapiproext.bnf.fr/iiif/presentation/v3/ark:/12148/bd6t527046c/manifest.json'
For more information check: https://developer.mozilla.org/en-US/docs/Web/HTTP/Status/403",2026-07-17T11:00:05.764375
combat,bd6t527047q,,failed,0,0,,http_manifest,known,403,manifest,"Client error '403 ' for url 'https://openapiproext.bnf.fr/iiif/presentation/v3/ark:/12148/bd6t527047q/manifest.json'
For more information check: https://developer.mozilla.org/en-US/docs/Web/HTTP/Status/403",2026-07-17T11:00:06.915457
combat,bd6t5270482,,failed,0,0,,http_manifest,known,403,manifest,"Client error '403 ' for url 'https://openapiproext.bnf.fr/iiif/presentation/v3/ark:/12148/bd6t5270482/manifest.json'
For more information check: https://developer.mozilla.org/en-US/docs/Web/HTTP/Status/403",2026-07-17T11:00:08.126377
combat,bd6t527049d,,failed,0,0,,http_manifest,known,403,manifest,"Client error '403 ' for url 'https://openapiproext.bnf.fr/iiif/presentation/v3/ark:/12148/bd6t527049d/manifest.json'
For more information check: https://developer.mozilla.org/en-US/docs/Web/HTTP/Status/403",2026-07-17T11:00:09.356226
combat,bd6t527050m,,failed,0,0,,http_manifest,known,403,manifest,"Client error '403 ' for url 'https://openapiproext.bnf.fr/iiif/presentation/v3/ark:/12148/bd6t527050m/manifest.json'
For more information check: https://developer.mozilla.org/en-US/docs/Web/HTTP/Status/403",2026-07-17T11:00:10.623372
combat,bd6t527051z,,failed,0,0,,http_manifest,known,403,manifest,"Client error '403 ' for url 'https://openapiproext.bnf.fr/iiif/presentation/v3/ark:/12148/bd6t527051z/manifest.json'
For more information check: https://developer.mozilla.org/en-US/docs/Web/HTTP/Status/403",2026-07-17T11:00:11.824651
combat,bd6t5270529,,failed,0,0,,http_manifest,known,403,manifest,"Client error '403 ' for url 'https://openapiproext.bnf.fr/iiif/presentation/v3/ark:/12148/bd6t5270529/manifest.json'
For more information check: https://developer.mozilla.org/en-US/docs/Web/HTTP/Status/403",2026-07-17T11:00:12.912645
combat,bd6t527053n,,failed,0,0,,http_manifest,known,403,manifest,"Client error '403 ' for url 'https://openapiproext.bnf.fr/iiif/presentation/v3/ark:/12148/bd6t527053n/manifest.json'
For more information check: https://developer.mozilla.org/en-US/docs/Web/HTTP/Status/403",2026-07-17T11:00:14.307450
combat,bd6t5270540,,failed,0,0,,http_manifest,known,403,manifest,"Client error '403 ' for url 'https://openapiproext.bnf.fr/iiif/presentation/v3/ark:/12148/bd6t5270540/manifest.json'
For more information check: https://developer.mozilla.org/en-US/docs/Web/HTTP/Status/403",2026-07-17T11:00:15.341559
combat,bd6t527055b,,failed,0,0,,http_manifest,known,403,manifest,"Client error '403 ' for url 'https://openapiproext.bnf.fr/iiif/presentation/v3/ark:/12148/bd6t527055b/manifest.json'
For more information check: https://developer.mozilla.org/en-US/docs/Web/HTTP/Status/403",2026-07-17T11:00:16.683845
combat,bd6t527056p,,failed,0,0,,http_manifest,known,403,manifest,"Client error '403 ' for url 'https://openapiproext.bnf.fr/iiif/presentation/v3/ark:/12148/bd6t527056p/manifest.json'
For more information check: https://developer.mozilla.org/en-US/docs/Web/HTTP/Status/403",2026-07-17T11:00:17.724860
combat,bd6t5270571,,failed,0,0,,http_manifest,known,403,manifest,"Client error '403 ' for url 'https://openapiproext.bnf.fr/iiif/presentation/v3/ark:/12148/bd6t5270571/manifest.json'
For more information check: https://developer.mozilla.org/en-US/docs/Web/HTTP/Status/403",2026-07-17T11:00:18.921110
combat,bd6t527058c,,failed,0,0,,http_manifest,known,403,manifest,"Client error '403 ' for url 'https://openapiproext.bnf.fr/iiif/presentation/v3/ark:/12148/bd6t527058c/manifest.json'
For more information check: https://developer.mozilla.org/en-US/docs/Web/HTTP/Status/403",2026-07-17T11:00:20.126736
combat,bd6t527059q,,failed,0,0,,http_manifest,known,403,manifest,"Client error '403 ' for url 'https://openapiproext.bnf.fr/iiif/presentation/v3/ark:/12148/bd6t527059q/manifest.json'
For more information check: https://developer.mozilla.org/en-US/docs/Web/HTTP/Status/403",2026-07-17T11:00:21.328660
combat,bd6t527060x,,failed,0,0,,http_manifest,known,403,manifest,"Client error '403 ' for url 'https://openapiproext.bnf.fr/iiif/presentation/v3/ark:/12148/bd6t527060x/manifest.json'
For more information check: https://developer.mozilla.org/en-US/docs/Web/HTTP/Status/403",2026-07-17T11:00:22.526521
combat,bd6t5270618,,failed,0,0,,http_manifest,known,403,manifest,"Client error '403 ' for url 'https://openapiproext.bnf.fr/iiif/presentation/v3/ark:/12148/bd6t5270618/manifest.json'
For more information check: https://developer.mozilla.org/en-US/docs/Web/HTTP/Status/403",2026-07-17T11:00:23.733187
combat,bd6t5272191,,failed,0,0,,http_manifest,known,403,manifest,"Client error '403 ' for url 'https://openapiproext.bnf.fr/iiif/presentation/v3/ark:/12148/bd6t5272191/manifest.json'
For more information check: https://developer.mozilla.org/en-US/docs/Web/HTTP/Status/403",2026-07-17T11:00:24.931167
combat,bd6t5272207,,failed,0,0,,http_manifest,known,403,manifest,"Client error '403 ' for url 'https://openapiproext.bnf.fr/iiif/presentation/v3/ark:/12148/bd6t5272207/manifest.json'
For more information check: https://developer.mozilla.org/en-US/docs/Web/HTTP/Status/403",2026-07-17T11:00:26.134981
combat,bd6t527221k,,failed,0,0,,http_manifest,known,403,manifest,"Client error '403 ' for url 'https://openapiproext.bnf.fr/iiif/presentation/v3/ark:/12148/bd6t527221k/manifest.json'
For more information check: https://developer.mozilla.org/en-US/docs/Web/HTTP/Status/403",2026-07-17T11:00:27.358009
combat,bd6t527222x,,failed,0,0,,http_manifest,known,403,manifest,"Client error '403 ' for url 'https://openapiproext.bnf.fr/iiif/presentation/v3/ark:/12148/bd6t527222x/manifest.json'
For more information check: https://developer.mozilla.org/en-US/docs/Web/HTTP/Status/403",2026-07-17T11:00:28.533228
combat,bd6t5272238,,failed,0,0,,http_manifest,known,403,manifest,"Client error '403 ' for url 'https://openapiproext.bnf.fr/iiif/presentation/v3/ark:/12148/bd6t5272238/manifest.json'
For more information check: https://developer.mozilla.org/en-US/docs/Web/HTTP/Status/403",2026-07-17T11:00:29.736590
combat,bd6t527224m,,failed,0,0,,http_manifest,known,403,manifest,"Client error '403 ' for url 'https://openapiproext.bnf.fr/iiif/presentation/v3/ark:/12148/bd6t527224m/manifest.json'
For more information check: https://developer.mozilla.org/en-US/docs/Web/HTTP/Status/403",2026-07-17T11:00:30.938512
combat,bd6t527225z,,failed,0,0,,http_manifest,known,403,manifest,"Client error '403 ' for url 'https://openapiproext.bnf.fr/iiif/presentation/v3/ark:/12148/bd6t527225z/manifest.json'
For more information check: https://developer.mozilla.org/en-US/docs/Web/HTTP/Status/403",2026-07-17T11:00:32.141580
combat,bd6t5272269,,failed,0,0,,http_manifest,known,403,manifest,"Client error '403 ' for url 'https://openapiproext.bnf.fr/iiif/presentation/v3/ark:/12148/bd6t5272269/manifest.json'
For more information check: https://developer.mozilla.org/en-US/docs/Web/HTTP/Status/403",2026-07-17T11:00:33.341528
combat,bd6t527227n,,failed,0,0,,http_manifest,known,403,manifest,"Client error '403 ' for url 'https://openapiproext.bnf.fr/iiif/presentation/v3/ark:/12148/bd6t527227n/manifest.json'
For more information check: https://developer.mozilla.org/en-US/docs/Web/HTTP/Status/403",2026-07-17T11:00:34.542733
combat,bd6t5272280,,failed,0,0,,http_manifest,known,403,manifest,"Client error '403 ' for url 'https://openapiproext.bnf.fr/iiif/presentation/v3/ark:/12148/bd6t5272280/manifest.json'
For more information check: https://developer.mozilla.org/en-US/docs/Web/HTTP/Status/403",2026-07-17T11:00:35.741482
combat,bd6t527229b,,failed,0,0,,http_manifest,known,403,manifest,"Client error '403 ' for url 'https://openapiproext.bnf.fr/iiif/presentation/v3/ark:/12148/bd6t527229b/manifest.json'
For more information check: https://developer.mozilla.org/en-US/docs/Web/HTTP/Status/403",2026-07-17T11:00:36.944041
combat,bd6t527230j,,failed,0,0,,http_manifest,known,403,manifest,"Client error '403 ' for url 'https://openapiproext.bnf.fr/iiif/presentation/v3/ark:/12148/bd6t527230j/manifest.json'
For more information check: https://developer.mozilla.org/en-US/docs/Web/HTTP/Status/403",2026-07-17T11:00:38.147320
combat,bd6t527231w,,failed,0,0,,http_manifest,known,403,manifest,"Client error '403 ' for url 'https://openapiproext.bnf.fr/iiif/presentation/v3/ark:/12148/bd6t527231w/manifest.json'
For more information check: https://developer.mozilla.org/en-US/docs/Web/HTTP/Status/403",2026-07-17T11:00:39.376104
combat,bd6t5272327,,failed,0,0,,http_manifest,known,403,manifest,"Client error '403 ' for url 'https://openapiproext.bnf.fr/iiif/presentation/v3/ark:/12148/bd6t5272327/manifest.json'
For more information check: https://developer.mozilla.org/en-US/docs/Web/HTTP/Status/403",2026-07-17T11:00:40.558839
combat,bd6t527233k,,failed,0,0,,http_manifest,known,403,manifest,"Client error '403 ' for url 'https://openapiproext.bnf.fr/iiif/presentation/v3/ark:/12148/bd6t527233k/manifest.json'
For more information check: https://developer.mozilla.org/en-US/docs/Web/HTTP/Status/403",2026-07-17T11:00:41.750949
combat,bd6t527234x,,failed,0,0,,http_manifest,known,403,manifest,"Client error '403 ' for url 'https://openapiproext.bnf.fr/iiif/presentation/v3/ark:/12148/bd6t527234x/manifest.json'
For more information check: https://developer.mozilla.org/en-US/docs/Web/HTTP/Status/403",2026-07-17T11:00:42.955744
combat,bd6t5272358,,failed,0,0,,http_manifest,known,403,manifest,"Client error '403 ' for url 'https://openapiproext.bnf.fr/iiif/presentation/v3/ark:/12148/bd6t5272358/manifest.json'
For more information check: https://developer.mozilla.org/en-US/docs/Web/HTTP/Status/403",2026-07-17T11:00:44.157102
combat,bd6t527236m,,failed,0,0,,http_manifest,known,403,manifest,"Client error '403 ' for url 'https://openapiproext.bnf.fr/iiif/presentation/v3/ark:/12148/bd6t527236m/manifest.json'
For more information check: https://developer.mozilla.org/en-US/docs/Web/HTTP/Status/403",2026-07-17T11:00:45.377234
combat,bd6t527237z,,failed,0,0,,http_manifest,known,403,manifest,"Client error '403 ' for url 'https://openapiproext.bnf.fr/iiif/presentation/v3/ark:/12148/bd6t527237z/manifest.json'
For more information check: https://developer.mozilla.org/en-US/docs/Web/HTTP/Status/403",2026-07-17T11:00:46.566105
combat,bd6t5272389,,failed,0,0,,http_manifest,known,403,manifest,"Client error '403 ' for url 'https://openapiproext.bnf.fr/iiif/presentation/v3/ark:/12148/bd6t5272389/manifest.json'
For more information check: https://developer.mozilla.org/en-US/docs/Web/HTTP/Status/403",2026-07-17T11:00:47.756965
combat,bd6t527239n,,failed,0,0,,http_manifest,known,403,manifest,"Client error '403 ' for url 'https://openapiproext.bnf.fr/iiif/presentation/v3/ark:/12148/bd6t527239n/manifest.json'
For more information check: https://developer.mozilla.org/en-US/docs/Web/HTTP/Status/403",2026-07-17T11:00:48.961508
combat,bd6t527240v,,failed,0,0,,http_manifest,known,403,manifest,"Client error '403 ' for url 'https://openapiproext.bnf.fr/iiif/presentation/v3/ark:/12148/bd6t527240v/manifest.json'
For more information check: https://developer.mozilla.org/en-US/docs/Web/HTTP/Status/403",2026-07-17T11:00:50.165415
combat,bd6t5272416,,failed,0,0,,http_manifest,known,403,manifest,"Client error '403 ' for url 'https://openapiproext.bnf.fr/iiif/presentation/v3/ark:/12148/bd6t5272416/manifest.json'
For more information check: https://developer.mozilla.org/en-US/docs/Web/HTTP/Status/403",2026-07-17T11:00:51.362776
combat,bd6t527242j,,failed,0,0,,http_manifest,known,403,manifest,"Client error '403 ' for url 'https://openapiproext.bnf.fr/iiif/presentation/v3/ark:/12148/bd6t527242j/manifest.json'
For more information check: https://developer.mozilla.org/en-US/docs/Web/HTTP/Status/403",2026-07-17T11:00:52.560435
combat,bd6t527243w,,failed,0,0,,http_manifest,known,403,manifest,"Client error '403 ' for url 'https://openapiproext.bnf.fr/iiif/presentation/v3/ark:/12148/bd6t527243w/manifest.json'
For more information check: https://developer.mozilla.org/en-US/docs/Web/HTTP/Status/403",2026-07-17T11:00:53.764010
combat,bd6t5272447,,failed,0,0,,http_manifest,known,403,manifest,"Client error '403 ' for url 'https://openapiproext.bnf.fr/iiif/presentation/v3/ark:/12148/bd6t5272447/manifest.json'
For more information check: https://developer.mozilla.org/en-US/docs/Web/HTTP/Status/403",2026-07-17T11:00:54.965433
combat,bd6t527245k,,failed,0,0,,http_manifest,known,403,manifest,"Client error '403 ' for url 'https://openapiproext.bnf.fr/iiif/presentation/v3/ark:/12148/bd6t527245k/manifest.json'
For more information check: https://developer.mozilla.org/en-US/docs/Web/HTTP/Status/403",2026-07-17T11:00:56.168987
combat,bd6t527246x,,failed,0,0,,http_manifest,known,403,manifest,"Client error '403 ' for url 'https://openapiproext.bnf.fr/iiif/presentation/v3/ark:/12148/bd6t527246x/manifest.json'
For more information check: https://developer.mozilla.org/en-US/docs/Web/HTTP/Status/403",2026-07-17T11:00:57.393964
combat,bd6t5272478,,failed,0,0,,http_manifest,known,403,manifest,"Client error '403 ' for url 'https://openapiproext.bnf.fr/iiif/presentation/v3/ark:/12148/bd6t5272478/manifest.json'
For more information check: https://developer.mozilla.org/en-US/docs/Web/HTTP/Status/403",2026-07-17T11:00:58.568834
combat,bd6t527248m,,failed,0,0,,http_manifest,known,403,manifest,"Client error '403 ' for url 'https://openapiproext.bnf.fr/iiif/presentation/v3/ark:/12148/bd6t527248m/manifest.json'
For more information check: https://developer.mozilla.org/en-US/docs/Web/HTTP/Status/403",2026-07-17T11:00:59.858221
combat,bd6t527249z,,failed,0,0,,http_manifest,known,403,manifest,"Client error '403 ' for url 'https://openapiproext.bnf.fr/iiif/presentation/v3/ark:/12148/bd6t527249z/manifest.json'
For more information check: https://developer.mozilla.org/en-US/docs/Web/HTTP/Status/403",2026-07-17T11:01:01.117186
combat,bd6t5272505,,failed,0,0,,http_manifest,known,403,manifest,"Client error '403 ' for url 'https://openapiproext.bnf.fr/iiif/presentation/v3/ark:/12148/bd6t5272505/manifest.json'
For more information check: https://developer.mozilla.org/en-US/docs/Web/HTTP/Status/403",2026-07-17T11:01:02.175051
combat,bd6t527251h,,failed,0,0,,http_manifest,known,403,manifest,"Client error '403 ' for url 'https://openapiproext.bnf.fr/iiif/presentation/v3/ark:/12148/bd6t527251h/manifest.json'
For more information check: https://developer.mozilla.org/en-US/docs/Web/HTTP/Status/403",2026-07-17T11:01:03.378150
combat,bd6t527252v,,failed,0,0,,http_manifest,known,403,manifest,"Client error '403 ' for url 'https://openapiproext.bnf.fr/iiif/presentation/v3/ark:/12148/bd6t527252v/manifest.json'
For more information check: https://developer.mozilla.org/en-US/docs/Web/HTTP/Status/403",2026-07-17T11:01:04.690545
combat,bd6t5272536,,failed,0,0,,http_manifest,known,403,manifest,"Client error '403 ' for url 'https://openapiproext.bnf.fr/iiif/presentation/v3/ark:/12148/bd6t5272536/manifest.json'
For more information check: https://developer.mozilla.org/en-US/docs/Web/HTTP/Status/403",2026-07-17T11:01:05.976558
combat,bd6t527254j,,failed,0,0,,http_manifest,known,403,manifest,"Client error '403 ' for url 'https://openapiproext.bnf.fr/iiif/presentation/v3/ark:/12148/bd6t527254j/manifest.json'
For more information check: https://developer.mozilla.org/en-US/docs/Web/HTTP/Status/403",2026-07-17T11:01:06.981474
combat,bd6t527255w,,failed,0,0,,http_manifest,known,403,manifest,"Client error '403 ' for url 'https://openapiproext.bnf.fr/iiif/presentation/v3/ark:/12148/bd6t527255w/manifest.json'
For more information check: https://developer.mozilla.org/en-US/docs/Web/HTTP/Status/403",2026-07-17T11:01:08.182989
combat,bd6t5272567,,failed,0,0,,http_manifest,known,403,manifest,"Client error '403 ' for url 'https://openapiproext.bnf.fr/iiif/presentation/v3/ark:/12148/bd6t5272567/manifest.json'
For more information check: https://developer.mozilla.org/en-US/docs/Web/HTTP/Status/403",2026-07-17T11:01:09.412062
combat,bd6t527257k,,failed,0,0,,http_manifest,known,403,manifest,"Client error '403 ' for url 'https://openapiproext.bnf.fr/iiif/presentation/v3/ark:/12148/bd6t527257k/manifest.json'
For more information check: https://developer.mozilla.org/en-US/docs/Web/HTTP/Status/403",2026-07-17T11:01:10.586838
combat,bd6t527258x,,failed,0,0,,http_manifest,known,403,manifest,"Client error '403 ' for url 'https://openapiproext.bnf.fr/iiif/presentation/v3/ark:/12148/bd6t527258x/manifest.json'
For more information check: https://developer.mozilla.org/en-US/docs/Web/HTTP/Status/403",2026-07-17T11:01:11.790470
combat,bd6t5272598,,failed,0,0,,http_manifest,known,403,manifest,"Client error '403 ' for url 'https://openapiproext.bnf.fr/iiif/presentation/v3/ark:/12148/bd6t5272598/manifest.json'
For more information check: https://developer.mozilla.org/en-US/docs/Web/HTTP/Status/403",2026-07-17T11:01:12.987415
combat,bd6t527260g,,failed,0,0,,http_manifest,known,403,manifest,"Client error '403 ' for url 'https://openapiproext.bnf.fr/iiif/presentation/v3/ark:/12148/bd6t527260g/manifest.json'
For more information check: https://developer.mozilla.org/en-US/docs/Web/HTTP/Status/403",2026-07-17T11:01:14.192221
combat,bd6t527261t,,failed,0,0,,http_manifest,known,403,manifest,"Client error '403 ' for url 'https://openapiproext.bnf.fr/iiif/presentation/v3/ark:/12148/bd6t527261t/manifest.json'
For more information check: https://developer.mozilla.org/en-US/docs/Web/HTTP/Status/403",2026-07-17T11:01:15.408796
combat,bd6t5272625,,failed,0,0,,http_manifest,known,403,manifest,"Client error '403 ' for url 'https://openapiproext.bnf.fr/iiif/presentation/v3/ark:/12148/bd6t5272625/manifest.json'
For more information check: https://developer.mozilla.org/en-US/docs/Web/HTTP/Status/403",2026-07-17T11:01:16.595428
combat,bd6t527263h,,failed,0,0,,http_manifest,known,403,manifest,"Client error '403 ' for url 'https://openapiproext.bnf.fr/iiif/presentation/v3/ark:/12148/bd6t527263h/manifest.json'
For more information check: https://developer.mozilla.org/en-US/docs/Web/HTTP/Status/403",2026-07-17T11:01:17.797575
combat,bd6t527264v,,failed,0,0,,http_manifest,known,403,manifest,"Client error '403 ' for url 'https://openapiproext.bnf.fr/iiif/presentation/v3/ark:/12148/bd6t527264v/manifest.json'
For more information check: https://developer.mozilla.org/en-US/docs/Web/HTTP/Status/403",2026-07-17T11:01:18.994732
combat,bd6t5272656,,failed,0,0,,http_manifest,known,403,manifest,"Client error '403 ' for url 'https://openapiproext.bnf.fr/iiif/presentation/v3/ark:/12148/bd6t5272656/manifest.json'
For more information check: https://developer.mozilla.org/en-US/docs/Web/HTTP/Status/403",2026-07-17T11:01:20.201232
combat,bd6t527266j,,failed,0,0,,http_manifest,known,403,manifest,"Client error '403 ' for url 'https://openapiproext.bnf.fr/iiif/presentation/v3/ark:/12148/bd6t527266j/manifest.json'
For more information check: https://developer.mozilla.org/en-US/docs/Web/HTTP/Status/403",2026-07-17T11:01:21.401033
combat,bd6t527267w,,failed,0,0,,http_manifest,known,403,manifest,"Client error '403 ' for url 'https://openapiproext.bnf.fr/iiif/presentation/v3/ark:/12148/bd6t527267w/manifest.json'
For more information check: https://developer.mozilla.org/en-US/docs/Web/HTTP/Status/403",2026-07-17T11:01:22.599361
combat,bd6t5272687,,failed,0,0,,http_manifest,known,403,manifest,"Client error '403 ' for url 'https://openapiproext.bnf.fr/iiif/presentation/v3/ark:/12148/bd6t5272687/manifest.json'
For more information check: https://developer.mozilla.org/en-US/docs/Web/HTTP/Status/403",2026-07-17T11:01:23.798759
combat,bd6t527269k,,failed,0,0,,http_manifest,known,403,manifest,"Client error '403 ' for url 'https://openapiproext.bnf.fr/iiif/presentation/v3/ark:/12148/bd6t527269k/manifest.json'
For more information check: https://developer.mozilla.org/en-US/docs/Web/HTTP/Status/403",2026-07-17T11:01:25.003012
combat,bd6t527270s,,failed,0,0,,http_manifest,known,403,manifest,"Client error '403 ' for url 'https://openapiproext.bnf.fr/iiif/presentation/v3/ark:/12148/bd6t527270s/manifest.json'
For more information check: https://developer.mozilla.org/en-US/docs/Web/HTTP/Status/403",2026-07-17T11:01:26.207364
combat,bd6t5272714,,failed,0,0,,http_manifest,known,403,manifest,"Client error '403 ' for url 'https://openapiproext.bnf.fr/iiif/presentation/v3/ark:/12148/bd6t5272714/manifest.json'
For more information check: https://developer.mozilla.org/en-US/docs/Web/HTTP/Status/403",2026-07-17T11:01:27.439274
combat,bd6t527272g,,failed,0,0,,http_manifest,known,403,manifest,"Client error '403 ' for url 'https://openapiproext.bnf.fr/iiif/presentation/v3/ark:/12148/bd6t527272g/manifest.json'
For more information check: https://developer.mozilla.org/en-US/docs/Web/HTTP/Status/403",2026-07-17T11:01:28.611364
combat,bd6t527273t,,failed,0,0,,http_manifest,known,403,manifest,"Client error '403 ' for url 'https://openapiproext.bnf.fr/iiif/presentation/v3/ark:/12148/bd6t527273t/manifest.json'
For more information check: https://developer.mozilla.org/en-US/docs/Web/HTTP/Status/403",2026-07-17T11:01:29.809869
combat,bd6t5272745,,failed,0,0,,http_manifest,known,403,manifest,"Client error '403 ' for url 'https://openapiproext.bnf.fr/iiif/presentation/v3/ark:/12148/bd6t5272745/manifest.json'
For more information check: https://developer.mozilla.org/en-US/docs/Web/HTTP/Status/403",2026-07-17T11:01:31.011060
combat,bd6t527275h,,failed,0,0,,http_manifest,known,403,manifest,"Client error '403 ' for url 'https://openapiproext.bnf.fr/iiif/presentation/v3/ark:/12148/bd6t527275h/manifest.json'
For more information check: https://developer.mozilla.org/en-US/docs/Web/HTTP/Status/403",2026-07-17T11:01:32.214309
combat,bd6t527276v,,failed,0,0,,http_manifest,known,403,manifest,"Client error '403 ' for url 'https://openapiproext.bnf.fr/iiif/presentation/v3/ark:/12148/bd6t527276v/manifest.json'
For more information check: https://developer.mozilla.org/en-US/docs/Web/HTTP/Status/403",2026-07-17T11:01:33.417199
combat,bd6t5272776,,failed,0,0,,http_manifest,known,403,manifest,"Client error '403 ' for url 'https://openapiproext.bnf.fr/iiif/presentation/v3/ark:/12148/bd6t5272776/manifest.json'
For more information check: https://developer.mozilla.org/en-US/docs/Web/HTTP/Status/403",2026-07-17T11:01:34.621416
combat,bd6t527278j,,failed,0,0,,http_manifest,known,403,manifest,"Client error '403 ' for url 'https://openapiproext.bnf.fr/iiif/presentation/v3/ark:/12148/bd6t527278j/manifest.json'
For more information check: https://developer.mozilla.org/en-US/docs/Web/HTTP/Status/403",2026-07-17T11:01:35.817307
combat,bd6t527279w,,failed,0,0,,http_manifest,known,403,manifest,"Client error '403 ' for url 'https://openapiproext.bnf.fr/iiif/presentation/v3/ark:/12148/bd6t527279w/manifest.json'
For more information check: https://developer.mozilla.org/en-US/docs/Web/HTTP/Status/403",2026-07-17T11:01:37.021584
combat,bd6t5272803,,failed,0,0,,http_manifest,known,403,manifest,"Client error '403 ' for url 'https://openapiproext.bnf.fr/iiif/presentation/v3/ark:/12148/bd6t5272803/manifest.json'
For more information check: https://developer.mozilla.org/en-US/docs/Web/HTTP/Status/403",2026-07-17T11:01:38.222819
combat,bd6t527281f,,failed,0,0,,http_manifest,known,403,manifest,"Client error '403 ' for url 'https://openapiproext.bnf.fr/iiif/presentation/v3/ark:/12148/bd6t527281f/manifest.json'
For more information check: https://developer.mozilla.org/en-US/docs/Web/HTTP/Status/403",2026-07-17T11:01:39.447819
combat,bd6t527282s,,failed,0,0,,http_manifest,known,403,manifest,"Client error '403 ' for url 'https://openapiproext.bnf.fr/iiif/presentation/v3/ark:/12148/bd6t527282s/manifest.json'
For more information check: https://developer.mozilla.org/en-US/docs/Web/HTTP/Status/403",2026-07-17T11:01:40.629214
combat,bd6t5272834,,failed,0,0,,http_manifest,known,403,manifest,"Client error '403 ' for url 'https://openapiproext.bnf.fr/iiif/presentation/v3/ark:/12148/bd6t5272834/manifest.json'
For more information check: https://developer.mozilla.org/en-US/docs/Web/HTTP/Status/403",2026-07-17T11:01:41.830684
combat,bd6t527284g,,failed,0,0,,http_manifest,known,403,manifest,"Client error '403 ' for url 'https://openapiproext.bnf.fr/iiif/presentation/v3/ark:/12148/bd6t527284g/manifest.json'
For more information check: https://developer.mozilla.org/en-US/docs/Web/HTTP/Status/403",2026-07-17T11:01:43.029373
combat,bd6t527285t,,failed,0,0,,http_manifest,known,403,manifest,"Client error '403 ' for url 'https://openapiproext.bnf.fr/iiif/presentation/v3/ark:/12148/bd6t527285t/manifest.json'
For more information check: https://developer.mozilla.org/en-US/docs/Web/HTTP/Status/403",2026-07-17T11:01:44.230476
combat,bd6t5272865,,failed,0,0,,http_manifest,known,403,manifest,"Client error '403 ' for url 'https://openapiproext.bnf.fr/iiif/presentation/v3/ark:/12148/bd6t5272865/manifest.json'
For more information check: https://developer.mozilla.org/en-US/docs/Web/HTTP/Status/403",2026-07-17T11:01:45.452652
combat,bd6t527287h,,failed,0,0,,http_manifest,known,403,manifest,"Client error '403 ' for url 'https://openapiproext.bnf.fr/iiif/presentation/v3/ark:/12148/bd6t527287h/manifest.json'
For more information check: https://developer.mozilla.org/en-US/docs/Web/HTTP/Status/403",2026-07-17T11:01:46.635588
combat,bd6t527288v,,failed,0,0,,http_manifest,known,403,manifest,"Client error '403 ' for url 'https://openapiproext.bnf.fr/iiif/presentation/v3/ark:/12148/bd6t527288v/manifest.json'
For more information check: https://developer.mozilla.org/en-US/docs/Web/HTTP/Status/403",2026-07-17T11:01:47.837346
combat,bd6t5272896,,failed,0,0,,http_manifest,known,403,manifest,"Client error '403 ' for url 'https://openapiproext.bnf.fr/iiif/presentation/v3/ark:/12148/bd6t5272896/manifest.json'
For more information check: https://developer.mozilla.org/en-US/docs/Web/HTTP/Status/403",2026-07-17T11:01:49.044017
combat,bd6t527290d,,failed,0,0,,http_manifest,known,403,manifest,"Client error '403 ' for url 'https://openapiproext.bnf.fr/iiif/presentation/v3/ark:/12148/bd6t527290d/manifest.json'
For more information check: https://developer.mozilla.org/en-US/docs/Web/HTTP/Status/403",2026-07-17T11:01:50.240952
combat,bd6t527291r,,failed,0,0,,http_manifest,known,403,manifest,"Client error '403 ' for url 'https://openapiproext.bnf.fr/iiif/presentation/v3/ark:/12148/bd6t527291r/manifest.json'
For more information check: https://developer.mozilla.org/en-US/docs/Web/HTTP/Status/403",2026-07-17T11:01:51.445156
combat,bd6t5272923,,failed,0,0,,http_manifest,known,403,manifest,"Client error '403 ' for url 'https://openapiproext.bnf.fr/iiif/presentation/v3/ark:/12148/bd6t5272923/manifest.json'
For more information check: https://developer.mozilla.org/en-US/docs/Web/HTTP/Status/403",2026-07-17T11:01:52.639359
combat,bd6t527293f,,failed,0,0,,http_manifest,known,403,manifest,"Client error '403 ' for url 'https://openapiproext.bnf.fr/iiif/presentation/v3/ark:/12148/bd6t527293f/manifest.json'
For more information check: https://developer.mozilla.org/en-US/docs/Web/HTTP/Status/403",2026-07-17T11:01:53.846216
combat,bd6t527294s,,failed,0,0,,http_manifest,known,403,manifest,"Client error '403 ' for url 'https://openapiproext.bnf.fr/iiif/presentation/v3/ark:/12148/bd6t527294s/manifest.json'
For more information check: https://developer.mozilla.org/en-US/docs/Web/HTTP/Status/403",2026-07-17T11:01:55.044553
combat,bd6t5272954,,failed,0,0,,http_manifest,known,403,manifest,"Client error '403 ' for url 'https://openapiproext.bnf.fr/iiif/presentation/v3/ark:/12148/bd6t5272954/manifest.json'
For more information check: https://developer.mozilla.org/en-US/docs/Web/HTTP/Status/403",2026-07-17T11:01:56.245583
combat,bd6t527296g,,failed,0,0,,http_manifest,known,403,manifest,"Client error '403 ' for url 'https://openapiproext.bnf.fr/iiif/presentation/v3/ark:/12148/bd6t527296g/manifest.json'
For more information check: https://developer.mozilla.org/en-US/docs/Web/HTTP/Status/403",2026-07-17T11:01:57.469280
combat,bd6t527297t,,failed,0,0,,http_manifest,known,403,manifest,"Client error '403 ' for url 'https://openapiproext.bnf.fr/iiif/presentation/v3/ark:/12148/bd6t527297t/manifest.json'
For more information check: https://developer.mozilla.org/en-US/docs/Web/HTTP/Status/403",2026-07-17T11:01:58.648059
combat,bd6t5272985,,failed,0,0,,http_manifest,known,403,manifest,"Client error '403 ' for url 'https://openapiproext.bnf.fr/iiif/presentation/v3/ark:/12148/bd6t5272985/manifest.json'
For more information check: https://developer.mozilla.org/en-US/docs/Web/HTTP/Status/403",2026-07-17T11:01:59.929248
combat,bd6t527299h,,failed,0,0,,http_manifest,known,403,manifest,"Client error '403 ' for url 'https://openapiproext.bnf.fr/iiif/presentation/v3/ark:/12148/bd6t527299h/manifest.json'
For more information check: https://developer.mozilla.org/en-US/docs/Web/HTTP/Status/403",2026-07-17T11:02:01.233509
combat,bd6t527300w,,failed,0,0,,http_manifest,known,403,manifest,"Client error '403 ' for url 'https://openapiproext.bnf.fr/iiif/presentation/v3/ark:/12148/bd6t527300w/manifest.json'
For more information check: https://developer.mozilla.org/en-US/docs/Web/HTTP/Status/403",2026-07-17T11:02:02.371320
combat,bd6t5273017,,failed,0,0,,http_manifest,known,403,manifest,"Client error '403 ' for url 'https://openapiproext.bnf.fr/iiif/presentation/v3/ark:/12148/bd6t5273017/manifest.json'
For more information check: https://developer.mozilla.org/en-US/docs/Web/HTTP/Status/403",2026-07-17T11:02:03.599366
combat,bd6t527302k,,failed,0,0,,http_manifest,known,403,manifest,"Client error '403 ' for url 'https://openapiproext.bnf.fr/iiif/presentation/v3/ark:/12148/bd6t527302k/manifest.json'
For more information check: https://developer.mozilla.org/en-US/docs/Web/HTTP/Status/403",2026-07-17T11:02:04.873687
combat,bd6t527303x,,failed,0,0,,http_manifest,known,403,manifest,"Client error '403 ' for url 'https://openapiproext.bnf.fr/iiif/presentation/v3/ark:/12148/bd6t527303x/manifest.json'
For more information check: https://developer.mozilla.org/en-US/docs/Web/HTTP/Status/403",2026-07-17T11:02:05.876425
combat,bd6t5273048,,failed,0,0,,http_manifest,known,403,manifest,"Client error '403 ' for url 'https://openapiproext.bnf.fr/iiif/presentation/v3/ark:/12148/bd6t5273048/manifest.json'
For more information check: https://developer.mozilla.org/en-US/docs/Web/HTTP/Status/403",2026-07-17T11:02:07.058885
combat,bd6t527305m,,failed,0,0,,http_manifest,known,403,manifest,"Client error '403 ' for url 'https://openapiproext.bnf.fr/iiif/presentation/v3/ark:/12148/bd6t527305m/manifest.json'
For more information check: https://developer.mozilla.org/en-US/docs/Web/HTTP/Status/403",2026-07-17T11:02:08.264897
combat,bd6t527306z,,failed,0,0,,http_manifest,known,403,manifest,"Client error '403 ' for url 'https://openapiproext.bnf.fr/iiif/presentation/v3/ark:/12148/bd6t527306z/manifest.json'
For more information check: https://developer.mozilla.org/en-US/docs/Web/HTTP/Status/403",2026-07-17T11:02:09.509215
combat,bd6t5273079,,failed,0,0,,http_manifest,known,403,manifest,"Client error '403 ' for url 'https://openapiproext.bnf.fr/iiif/presentation/v3/ark:/12148/bd6t5273079/manifest.json'
For more information check: https://developer.mozilla.org/en-US/docs/Web/HTTP/Status/403",2026-07-17T11:02:10.831768
combat,bd6t527308n,,failed,0,0,,http_manifest,known,403,manifest,"Client error '403 ' for url 'https://openapiproext.bnf.fr/iiif/presentation/v3/ark:/12148/bd6t527308n/manifest.json'
For more information check: https://developer.mozilla.org/en-US/docs/Web/HTTP/Status/403",2026-07-17T11:02:11.864179
combat,bd6t5273090,,failed,0,0,,http_manifest,known,403,manifest,"Client error '403 ' for url 'https://openapiproext.bnf.fr/iiif/presentation/v3/ark:/12148/bd6t5273090/manifest.json'
For more information check: https://developer.mozilla.org/en-US/docs/Web/HTTP/Status/403",2026-07-17T11:02:13.066144
combat,bd6t5273106,,failed,0,0,,http_manifest,known,403,manifest,"Client error '403 ' for url 'https://openapiproext.bnf.fr/iiif/presentation/v3/ark:/12148/bd6t5273106/manifest.json'
For more information check: https://developer.mozilla.org/en-US/docs/Web/HTTP/Status/403",2026-07-17T11:02:14.303292
combat,bd6t527311j,,failed,0,0,,http_manifest,known,403,manifest,"Client error '403 ' for url 'https://openapiproext.bnf.fr/iiif/presentation/v3/ark:/12148/bd6t527311j/manifest.json'
For more information check: https://developer.mozilla.org/en-US/docs/Web/HTTP/Status/403",2026-07-17T11:02:15.502874
combat,bd6t527312w,,failed,0,0,,http_manifest,known,403,manifest,"Client error '403 ' for url 'https://openapiproext.bnf.fr/iiif/presentation/v3/ark:/12148/bd6t527312w/manifest.json'
For more information check: https://developer.mozilla.org/en-US/docs/Web/HTTP/Status/403",2026-07-17T11:02:16.880529
combat,bd6t5273137,,failed,0,0,,http_manifest,known,403,manifest,"Client error '403 ' for url 'https://openapiproext.bnf.fr/iiif/presentation/v3/ark:/12148/bd6t5273137/manifest.json'
For more information check: https://developer.mozilla.org/en-US/docs/Web/HTTP/Status/403",2026-07-17T11:02:18.039594
combat,bd6t527314k,,failed,0,0,,http_manifest,known,403,manifest,"Client error '403 ' for url 'https://openapiproext.bnf.fr/iiif/presentation/v3/ark:/12148/bd6t527314k/manifest.json'
For more information check: https://developer.mozilla.org/en-US/docs/Web/HTTP/Status/403",2026-07-17T11:02:19.072871
combat,bd6t527315x,,failed,0,0,,http_manifest,known,403,manifest,"Client error '403 ' for url 'https://openapiproext.bnf.fr/iiif/presentation/v3/ark:/12148/bd6t527315x/manifest.json'
For more information check: https://developer.mozilla.org/en-US/docs/Web/HTTP/Status/403",2026-07-17T11:02:20.274980
combat,bd6t5273168,,failed,0,0,,http_manifest,known,403,manifest,"Client error '403 ' for url 'https://openapiproext.bnf.fr/iiif/presentation/v3/ark:/12148/bd6t5273168/manifest.json'
For more information check: https://developer.mozilla.org/en-US/docs/Web/HTTP/Status/403",2026-07-17T11:02:21.476204
combat,bd6t527317m,,failed,0,0,,http_manifest,known,403,manifest,"Client error '403 ' for url 'https://openapiproext.bnf.fr/iiif/presentation/v3/ark:/12148/bd6t527317m/manifest.json'
For more information check: https://developer.mozilla.org/en-US/docs/Web/HTTP/Status/403",2026-07-17T11:02:22.678513
combat,bd6t527318z,,failed,0,0,,http_manifest,known,403,manifest,"Client error '403 ' for url 'https://openapiproext.bnf.fr/iiif/presentation/v3/ark:/12148/bd6t527318z/manifest.json'
For more information check: https://developer.mozilla.org/en-US/docs/Web/HTTP/Status/403",2026-07-17T11:02:23.877145
combat,bd6t5273199,,failed,0,0,,http_manifest,known,403,manifest,"Client error '403 ' for url 'https://openapiproext.bnf.fr/iiif/presentation/v3/ark:/12148/bd6t5273199/manifest.json'
For more information check: https://developer.mozilla.org/en-US/docs/Web/HTTP/Status/403",2026-07-17T11:02:25.080434
combat,bd6t527320h,,failed,0,0,,http_manifest,known,403,manifest,"Client error '403 ' for url 'https://openapiproext.bnf.fr/iiif/presentation/v3/ark:/12148/bd6t527320h/manifest.json'
For more information check: https://developer.mozilla.org/en-US/docs/Web/HTTP/Status/403",2026-07-17T11:02:26.281944
combat,bd6t527321v,,failed,0,0,,http_manifest,known,403,manifest,"Client error '403 ' for url 'https://openapiproext.bnf.fr/iiif/presentation/v3/ark:/12148/bd6t527321v/manifest.json'
For more information check: https://developer.mozilla.org/en-US/docs/Web/HTTP/Status/403",2026-07-17T11:02:27.508170
combat,bd6t5273226,,failed,0,0,,http_manifest,known,403,manifest,"Client error '403 ' for url 'https://openapiproext.bnf.fr/iiif/presentation/v3/ark:/12148/bd6t5273226/manifest.json'
For more information check: https://developer.mozilla.org/en-US/docs/Web/HTTP/Status/403",2026-07-17T11:02:28.686314
combat,bd6t527323j,,failed,0,0,,http_manifest,known,403,manifest,"Client error '403 ' for url 'https://openapiproext.bnf.fr/iiif/presentation/v3/ark:/12148/bd6t527323j/manifest.json'
For more information check: https://developer.mozilla.org/en-US/docs/Web/HTTP/Status/403",2026-07-17T11:02:29.885111
combat,bd6t527324w,,failed,0,0,,http_manifest,known,403,manifest,"Client error '403 ' for url 'https://openapiproext.bnf.fr/iiif/presentation/v3/ark:/12148/bd6t527324w/manifest.json'
For more information check: https://developer.mozilla.org/en-US/docs/Web/HTTP/Status/403",2026-07-17T11:02:31.086218
combat,bd6t5273257,,failed,0,0,,http_manifest,known,403,manifest,"Client error '403 ' for url 'https://openapiproext.bnf.fr/iiif/presentation/v3/ark:/12148/bd6t5273257/manifest.json'
For more information check: https://developer.mozilla.org/en-US/docs/Web/HTTP/Status/403",2026-07-17T11:02:32.295861
combat,bd6t527326k,,failed,0,0,,http_manifest,known,403,manifest,"Client error '403 ' for url 'https://openapiproext.bnf.fr/iiif/presentation/v3/ark:/12148/bd6t527326k/manifest.json'
For more information check: https://developer.mozilla.org/en-US/docs/Web/HTTP/Status/403",2026-07-17T11:02:33.518687
combat,bd6t527327x,,failed,0,0,,http_manifest,known,403,manifest,"Client error '403 ' for url 'https://openapiproext.bnf.fr/iiif/presentation/v3/ark:/12148/bd6t527327x/manifest.json'
For more information check: https://developer.mozilla.org/en-US/docs/Web/HTTP/Status/403",2026-07-17T11:02:34.700331
combat,bd6t5273288,,failed,0,0,,http_manifest,known,403,manifest,"Client error '403 ' for url 'https://openapiproext.bnf.fr/iiif/presentation/v3/ark:/12148/bd6t5273288/manifest.json'
For more information check: https://developer.mozilla.org/en-US/docs/Web/HTTP/Status/403",2026-07-17T11:02:35.893909
combat,bd6t527329m,,failed,0,0,,http_manifest,known,403,manifest,"Client error '403 ' for url 'https://openapiproext.bnf.fr/iiif/presentation/v3/ark:/12148/bd6t527329m/manifest.json'
For more information check: https://developer.mozilla.org/en-US/docs/Web/HTTP/Status/403",2026-07-17T11:02:37.102280
combat,bd6t527330t,,failed,0,0,,http_manifest,known,403,manifest,"Client error '403 ' for url 'https://openapiproext.bnf.fr/iiif/presentation/v3/ark:/12148/bd6t527330t/manifest.json'
For more information check: https://developer.mozilla.org/en-US/docs/Web/HTTP/Status/403",2026-07-17T11:02:38.296208
combat,bd6t5273315,,failed,0,0,,http_manifest,known,403,manifest,"Client error '403 ' for url 'https://openapiproext.bnf.fr/iiif/presentation/v3/ark:/12148/bd6t5273315/manifest.json'
For more information check: https://developer.mozilla.org/en-US/docs/Web/HTTP/Status/403",2026-07-17T11:02:39.495651
combat,bd6t527332h,,failed,0,0,,http_manifest,known,403,manifest,"Client error '403 ' for url 'https://openapiproext.bnf.fr/iiif/presentation/v3/ark:/12148/bd6t527332h/manifest.json'
For more information check: https://developer.mozilla.org/en-US/docs/Web/HTTP/Status/403",2026-07-17T11:02:40.697621
combat,bd6t527333v,,failed,0,0,,http_manifest,known,403,manifest,"Client error '403 ' for url 'https://openapiproext.bnf.fr/iiif/presentation/v3/ark:/12148/bd6t527333v/manifest.json'
For more information check: https://developer.mozilla.org/en-US/docs/Web/HTTP/Status/403",2026-07-17T11:02:41.900671
combat,bd6t5273346,,failed,0,0,,http_manifest,known,403,manifest,"Client error '403 ' for url 'https://openapiproext.bnf.fr/iiif/presentation/v3/ark:/12148/bd6t5273346/manifest.json'
For more information check: https://developer.mozilla.org/en-US/docs/Web/HTTP/Status/403",2026-07-17T11:02:43.101676
combat,bd6t527335j,,failed,0,0,,http_manifest,known,403,manifest,"Client error '403 ' for url 'https://openapiproext.bnf.fr/iiif/presentation/v3/ark:/12148/bd6t527335j/manifest.json'
For more information check: https://developer.mozilla.org/en-US/docs/Web/HTTP/Status/403",2026-07-17T11:02:44.303937
combat,bd6t527336w,,failed,0,0,,http_manifest,known,403,manifest,"Client error '403 ' for url 'https://openapiproext.bnf.fr/iiif/presentation/v3/ark:/12148/bd6t527336w/manifest.json'
For more information check: https://developer.mozilla.org/en-US/docs/Web/HTTP/Status/403",2026-07-17T11:02:45.528836
combat,bd6t5273377,,failed,0,0,,http_manifest,known,403,manifest,"Client error '403 ' for url 'https://openapiproext.bnf.fr/iiif/presentation/v3/ark:/12148/bd6t5273377/manifest.json'
For more information check: https://developer.mozilla.org/en-US/docs/Web/HTTP/Status/403",2026-07-17T11:02:46.705426
combat,bd6t527338k,,failed,0,0,,http_manifest,known,403,manifest,"Client error '403 ' for url 'https://openapiproext.bnf.fr/iiif/presentation/v3/ark:/12148/bd6t527338k/manifest.json'
For more information check: https://developer.mozilla.org/en-US/docs/Web/HTTP/Status/403",2026-07-17T11:02:47.906275
combat,bd6t527339x,,failed,0,0,,http_manifest,known,403,manifest,"Client error '403 ' for url 'https://openapiproext.bnf.fr/iiif/presentation/v3/ark:/12148/bd6t527339x/manifest.json'
For more information check: https://developer.mozilla.org/en-US/docs/Web/HTTP/Status/403",2026-07-17T11:02:49.105442
combat,bd6t5273404,,failed,0,0,,http_manifest,known,403,manifest,"Client error '403 ' for url 'https://openapiproext.bnf.fr/iiif/presentation/v3/ark:/12148/bd6t5273404/manifest.json'
For more information check: https://developer.mozilla.org/en-US/docs/Web/HTTP/Status/403",2026-07-17T11:02:50.308636
combat,bd6t527341g,,failed,0,0,,http_manifest,known,403,manifest,"Client error '403 ' for url 'https://openapiproext.bnf.fr/iiif/presentation/v3/ark:/12148/bd6t527341g/manifest.json'
For more information check: https://developer.mozilla.org/en-US/docs/Web/HTTP/Status/403",2026-07-17T11:02:51.511000
combat,bd6t527342t,,failed,0,0,,http_manifest,known,403,manifest,"Client error '403 ' for url 'https://openapiproext.bnf.fr/iiif/presentation/v3/ark:/12148/bd6t527342t/manifest.json'
For more information check: https://developer.mozilla.org/en-US/docs/Web/HTTP/Status/403",2026-07-17T11:02:52.711248
combat,bd6t5273435,,failed,0,0,,http_manifest,known,403,manifest,"Client error '403 ' for url 'https://openapiproext.bnf.fr/iiif/presentation/v3/ark:/12148/bd6t5273435/manifest.json'
For more information check: https://developer.mozilla.org/en-US/docs/Web/HTTP/Status/403",2026-07-17T11:02:53.915160
combat,bd6t527344h,,failed,0,0,,http_manifest,known,403,manifest,"Client error '403 ' for url 'https://openapiproext.bnf.fr/iiif/presentation/v3/ark:/12148/bd6t527344h/manifest.json'
For more information check: https://developer.mozilla.org/en-US/docs/Web/HTTP/Status/403",2026-07-17T11:02:55.114747
combat,bd6t527345v,,failed,0,0,,http_manifest,known,403,manifest,"Client error '403 ' for url 'https://openapiproext.bnf.fr/iiif/presentation/v3/ark:/12148/bd6t527345v/manifest.json'
For more information check: https://developer.mozilla.org/en-US/docs/Web/HTTP/Status/403",2026-07-17T11:02:56.317187
combat,bd6t5273466,,failed,0,0,,http_manifest,known,403,manifest,"Client error '403 ' for url 'https://openapiproext.bnf.fr/iiif/presentation/v3/ark:/12148/bd6t5273466/manifest.json'
For more information check: https://developer.mozilla.org/en-US/docs/Web/HTTP/Status/403",2026-07-17T11:02:57.539530
combat,bd6t527347j,,failed,0,0,,http_manifest,known,403,manifest,"Client error '403 ' for url 'https://openapiproext.bnf.fr/iiif/presentation/v3/ark:/12148/bd6t527347j/manifest.json'
For more information check: https://developer.mozilla.org/en-US/docs/Web/HTTP/Status/403",2026-07-17T11:02:58.720434
combat,bd6t527348w,,failed,0,0,,http_manifest,known,403,manifest,"Client error '403 ' for url 'https://openapiproext.bnf.fr/iiif/presentation/v3/ark:/12148/bd6t527348w/manifest.json'
For more information check: https://developer.mozilla.org/en-US/docs/Web/HTTP/Status/403",2026-07-17T11:03:00.009026
combat,bd6t5273497,,failed,0,0,,http_manifest,known,403,manifest,"Client error '403 ' for url 'https://openapiproext.bnf.fr/iiif/presentation/v3/ark:/12148/bd6t5273497/manifest.json'
For more information check: https://developer.mozilla.org/en-US/docs/Web/HTTP/Status/403",2026-07-17T11:03:01.333709
combat,bd6t527350f,,failed,0,0,,http_manifest,known,403,manifest,"Client error '403 ' for url 'https://openapiproext.bnf.fr/iiif/presentation/v3/ark:/12148/bd6t527350f/manifest.json'
For more information check: https://developer.mozilla.org/en-US/docs/Web/HTTP/Status/403",2026-07-17T11:03:02.324600
combat,bd6t527351s,,failed,0,0,,http_manifest,known,403,manifest,"Client error '403 ' for url 'https://openapiproext.bnf.fr/iiif/presentation/v3/ark:/12148/bd6t527351s/manifest.json'
For more information check: https://developer.mozilla.org/en-US/docs/Web/HTTP/Status/403",2026-07-17T11:03:03.540707
combat,bd6t5273524,,failed,0,0,,http_manifest,known,403,manifest,"Client error '403 ' for url 'https://openapiproext.bnf.fr/iiif/presentation/v3/ark:/12148/bd6t5273524/manifest.json'
For more information check: https://developer.mozilla.org/en-US/docs/Web/HTTP/Status/403",2026-07-17T11:03:04.792094
combat,bd6t527353g,,failed,0,0,,http_manifest,known,403,manifest,"Client error '403 ' for url 'https://openapiproext.bnf.fr/iiif/presentation/v3/ark:/12148/bd6t527353g/manifest.json'
For more information check: https://developer.mozilla.org/en-US/docs/Web/HTTP/Status/403",2026-07-17T11:03:06.019724
combat,bd6t527354t,,failed,0,0,,http_manifest,known,403,manifest,"Client error '403 ' for url 'https://openapiproext.bnf.fr/iiif/presentation/v3/ark:/12148/bd6t527354t/manifest.json'
For more information check: https://developer.mozilla.org/en-US/docs/Web/HTTP/Status/403",2026-07-17T11:03:07.144898
combat,bd6t5273555,,failed,0,0,,http_manifest,known,403,manifest,"Client error '403 ' for url 'https://openapiproext.bnf.fr/iiif/presentation/v3/ark:/12148/bd6t5273555/manifest.json'
For more information check: https://developer.mozilla.org/en-US/docs/Web/HTTP/Status/403",2026-07-17T11:03:08.334564
combat,bd6t527356h,,failed,0,0,,http_manifest,known,403,manifest,"Client error '403 ' for url 'https://openapiproext.bnf.fr/iiif/presentation/v3/ark:/12148/bd6t527356h/manifest.json'
For more information check: https://developer.mozilla.org/en-US/docs/Web/HTTP/Status/403",2026-07-17T11:03:09.534506
combat,bd6t527357v,,failed,0,0,,http_manifest,known,403,manifest,"Client error '403 ' for url 'https://openapiproext.bnf.fr/iiif/presentation/v3/ark:/12148/bd6t527357v/manifest.json'
For more information check: https://developer.mozilla.org/en-US/docs/Web/HTTP/Status/403",2026-07-17T11:03:10.734980
combat,bd6t5273586,,failed,0,0,,http_manifest,known,403,manifest,"Client error '403 ' for url 'https://openapiproext.bnf.fr/iiif/presentation/v3/ark:/12148/bd6t5273586/manifest.json'
For more information check: https://developer.mozilla.org/en-US/docs/Web/HTTP/Status/403",2026-07-17T11:03:12.124857
combat,bd6t527359j,,failed,0,0,,http_manifest,known,403,manifest,"Client error '403 ' for url 'https://openapiproext.bnf.fr/iiif/presentation/v3/ark:/12148/bd6t527359j/manifest.json'
For more information check: https://developer.mozilla.org/en-US/docs/Web/HTTP/Status/403",2026-07-17T11:03:13.158095
combat,bd6t527360r,,failed,0,0,,http_manifest,known,403,manifest,"Client error '403 ' for url 'https://openapiproext.bnf.fr/iiif/presentation/v3/ark:/12148/bd6t527360r/manifest.json'
For more information check: https://developer.mozilla.org/en-US/docs/Web/HTTP/Status/403",2026-07-17T11:03:14.347573
combat,bd6t5273613,,failed,0,0,,http_manifest,known,403,manifest,"Client error '403 ' for url 'https://openapiproext.bnf.fr/iiif/presentation/v3/ark:/12148/bd6t5273613/manifest.json'
For more information check: https://developer.mozilla.org/en-US/docs/Web/HTTP/Status/403",2026-07-17T11:03:15.746467
combat,bd6t527362f,,failed,0,0,,http_manifest,known,403,manifest,"Client error '403 ' for url 'https://openapiproext.bnf.fr/iiif/presentation/v3/ark:/12148/bd6t527362f/manifest.json'
For more information check: https://developer.mozilla.org/en-US/docs/Web/HTTP/Status/403",2026-07-17T11:03:16.883487
combat,bd6t527363s,,failed,0,0,,http_manifest,known,403,manifest,"Client error '403 ' for url 'https://openapiproext.bnf.fr/iiif/presentation/v3/ark:/12148/bd6t527363s/manifest.json'
For more information check: https://developer.mozilla.org/en-US/docs/Web/HTTP/Status/403",2026-07-17T11:03:18.190246
combat,bd6t5273644,,failed,0,0,,http_manifest,known,403,manifest,"Client error '403 ' for url 'https://openapiproext.bnf.fr/iiif/presentation/v3/ark:/12148/bd6t5273644/manifest.json'
For more information check: https://developer.mozilla.org/en-US/docs/Web/HTTP/Status/403",2026-07-17T11:03:19.149732
combat,bd6t527365g,,failed,0,0,,http_manifest,known,403,manifest,"Client error '403 ' for url 'https://openapiproext.bnf.fr/iiif/presentation/v3/ark:/12148/bd6t527365g/manifest.json'
For more information check: https://developer.mozilla.org/en-US/docs/Web/HTTP/Status/403",2026-07-17T11:03:20.348410
combat,bd6t527366t,,failed,0,0,,http_manifest,known,403,manifest,"Client error '403 ' for url 'https://openapiproext.bnf.fr/iiif/presentation/v3/ark:/12148/bd6t527366t/manifest.json'
For more information check: https://developer.mozilla.org/en-US/docs/Web/HTTP/Status/403",2026-07-17T11:03:21.551921
combat,bd6t5273675,,failed,0,0,,http_manifest,known,403,manifest,"Client error '403 ' for url 'https://openapiproext.bnf.fr/iiif/presentation/v3/ark:/12148/bd6t5273675/manifest.json'
For more information check: https://developer.mozilla.org/en-US/docs/Web/HTTP/Status/403",2026-07-17T11:03:22.754919
combat,bd6t527368h,,failed,0,0,,http_manifest,known,403,manifest,"Client error '403 ' for url 'https://openapiproext.bnf.fr/iiif/presentation/v3/ark:/12148/bd6t527368h/manifest.json'
For more information check: https://developer.mozilla.org/en-US/docs/Web/HTTP/Status/403",2026-07-17T11:03:23.953577
combat,bd6t527369v,,failed,0,0,,http_manifest,known,403,manifest,"Client error '403 ' for url 'https://openapiproext.bnf.fr/iiif/presentation/v3/ark:/12148/bd6t527369v/manifest.json'
For more information check: https://developer.mozilla.org/en-US/docs/Web/HTTP/Status/403",2026-07-17T11:03:25.155525
combat,bd6t5273702,,failed,0,0,,http_manifest,known,403,manifest,"Client error '403 ' for url 'https://openapiproext.bnf.fr/iiif/presentation/v3/ark:/12148/bd6t5273702/manifest.json'
For more information check: https://developer.mozilla.org/en-US/docs/Web/HTTP/Status/403",2026-07-17T11:03:26.356271
combat,bd6t527371d,,failed,0,0,,http_manifest,known,403,manifest,"Client error '403 ' for url 'https://openapiproext.bnf.fr/iiif/presentation/v3/ark:/12148/bd6t527371d/manifest.json'
For more information check: https://developer.mozilla.org/en-US/docs/Web/HTTP/Status/403",2026-07-17T11:03:27.584489
combat,bd6t527372r,,failed,0,0,,http_manifest,known,403,manifest,"Client error '403 ' for url 'https://openapiproext.bnf.fr/iiif/presentation/v3/ark:/12148/bd6t527372r/manifest.json'
For more information check: https://developer.mozilla.org/en-US/docs/Web/HTTP/Status/403",2026-07-17T11:03:28.761264
combat,bd6t5273733,,failed,0,0,,http_manifest,known,403,manifest,"Client error '403 ' for url 'https://openapiproext.bnf.fr/iiif/presentation/v3/ark:/12148/bd6t5273733/manifest.json'
For more information check: https://developer.mozilla.org/en-US/docs/Web/HTTP/Status/403",2026-07-17T11:03:29.964044
combat,bd6t527374f,,failed,0,0,,http_manifest,known,403,manifest,"Client error '403 ' for url 'https://openapiproext.bnf.fr/iiif/presentation/v3/ark:/12148/bd6t527374f/manifest.json'
For more information check: https://developer.mozilla.org/en-US/docs/Web/HTTP/Status/403",2026-07-17T11:03:31.167589
combat,bd6t527375s,,failed,0,0,,http_manifest,known,403,manifest,"Client error '403 ' for url 'https://openapiproext.bnf.fr/iiif/presentation/v3/ark:/12148/bd6t527375s/manifest.json'
For more information check: https://developer.mozilla.org/en-US/docs/Web/HTTP/Status/403",2026-07-17T11:03:32.368306
combat,bd6t5269082,,failed,0,0,,http_manifest,known,403,manifest,"Client error '403 ' for url 'https://openapiproext.bnf.fr/iiif/presentation/v3/ark:/12148/bd6t5269082/manifest.json'
For more information check: https://developer.mozilla.org/en-US/docs/Web/HTTP/Status/403",2026-07-17T11:03:33.586972
combat,bd6t526909d,,failed,0,0,,http_manifest,known,403,manifest,"Client error '403 ' for url 'https://openapiproext.bnf.fr/iiif/presentation/v3/ark:/12148/bd6t526909d/manifest.json'
For more information check: https://developer.mozilla.org/en-US/docs/Web/HTTP/Status/403",2026-07-17T11:03:34.767632
combat,bd6t526910m,,failed,0,0,,http_manifest,known,403,manifest,"Client error '403 ' for url 'https://openapiproext.bnf.fr/iiif/presentation/v3/ark:/12148/bd6t526910m/manifest.json'
For more information check: https://developer.mozilla.org/en-US/docs/Web/HTTP/Status/403",2026-07-17T11:03:35.969679
combat,bd6t526911z,,failed,0,0,,http_manifest,known,403,manifest,"Client error '403 ' for url 'https://openapiproext.bnf.fr/iiif/presentation/v3/ark:/12148/bd6t526911z/manifest.json'
For more information check: https://developer.mozilla.org/en-US/docs/Web/HTTP/Status/403",2026-07-17T11:03:37.169911
combat,bd6t5269129,,failed,0,0,,http_manifest,known,403,manifest,"Client error '403 ' for url 'https://openapiproext.bnf.fr/iiif/presentation/v3/ark:/12148/bd6t5269129/manifest.json'
For more information check: https://developer.mozilla.org/en-US/docs/Web/HTTP/Status/403",2026-07-17T11:03:38.375220
combat,bd6t526913n,,failed,0,0,,http_manifest,known,403,manifest,"Client error '403 ' for url 'https://openapiproext.bnf.fr/iiif/presentation/v3/ark:/12148/bd6t526913n/manifest.json'
For more information check: https://developer.mozilla.org/en-US/docs/Web/HTTP/Status/403",2026-07-17T11:03:39.574253
combat,bd6t5269140,,failed,0,0,,http_manifest,known,403,manifest,"Client error '403 ' for url 'https://openapiproext.bnf.fr/iiif/presentation/v3/ark:/12148/bd6t5269140/manifest.json'
For more information check: https://developer.mozilla.org/en-US/docs/Web/HTTP/Status/403",2026-07-17T11:03:40.779683
combat,bd6t526915b,,failed,0,0,,http_manifest,known,403,manifest,"Client error '403 ' for url 'https://openapiproext.bnf.fr/iiif/presentation/v3/ark:/12148/bd6t526915b/manifest.json'
For more information check: https://developer.mozilla.org/en-US/docs/Web/HTTP/Status/403",2026-07-17T11:03:41.979431
combat,bd6t526916p,,failed,0,0,,http_manifest,known,403,manifest,"Client error '403 ' for url 'https://openapiproext.bnf.fr/iiif/presentation/v3/ark:/12148/bd6t526916p/manifest.json'
For more information check: https://developer.mozilla.org/en-US/docs/Web/HTTP/Status/403",2026-07-17T11:03:43.182943
combat,bd6t5269171,,failed,0,0,,http_manifest,known,403,manifest,"Client error '403 ' for url 'https://openapiproext.bnf.fr/iiif/presentation/v3/ark:/12148/bd6t5269171/manifest.json'
For more information check: https://developer.mozilla.org/en-US/docs/Web/HTTP/Status/403",2026-07-17T11:03:44.383564
combat,bd6t526918c,,failed,0,0,,http_manifest,known,403,manifest,"Client error '403 ' for url 'https://openapiproext.bnf.fr/iiif/presentation/v3/ark:/12148/bd6t526918c/manifest.json'
For more information check: https://developer.mozilla.org/en-US/docs/Web/HTTP/Status/403",2026-07-17T11:03:45.611202
combat,bd6t526919q,,failed,0,0,,http_manifest,known,403,manifest,"Client error '403 ' for url 'https://openapiproext.bnf.fr/iiif/presentation/v3/ark:/12148/bd6t526919q/manifest.json'
For more information check: https://developer.mozilla.org/en-US/docs/Web/HTTP/Status/403",2026-07-17T11:03:46.791071
combat,bd6t526920x,,failed,0,0,,http_manifest,known,403,manifest,"Client error '403 ' for url 'https://openapiproext.bnf.fr/iiif/presentation/v3/ark:/12148/bd6t526920x/manifest.json'
For more information check: https://developer.mozilla.org/en-US/docs/Web/HTTP/Status/403",2026-07-17T11:03:47.988736
combat,bd6t5269218,,failed,0,0,,http_manifest,known,403,manifest,"Client error '403 ' for url 'https://openapiproext.bnf.fr/iiif/presentation/v3/ark:/12148/bd6t5269218/manifest.json'
For more information check: https://developer.mozilla.org/en-US/docs/Web/HTTP/Status/403",2026-07-17T11:03:49.190528
combat,bd6t526922m,,failed,0,0,,http_manifest,known,403,manifest,"Client error '403 ' for url 'https://openapiproext.bnf.fr/iiif/presentation/v3/ark:/12148/bd6t526922m/manifest.json'
For more information check: https://developer.mozilla.org/en-US/docs/Web/HTTP/Status/403",2026-07-17T11:03:50.391887
combat,bd6t526923z,,failed,0,0,,http_manifest,known,403,manifest,"Client error '403 ' for url 'https://openapiproext.bnf.fr/iiif/presentation/v3/ark:/12148/bd6t526923z/manifest.json'
For more information check: https://developer.mozilla.org/en-US/docs/Web/HTTP/Status/403",2026-07-17T11:03:51.596761
combat,bd6t5269249,,failed,0,0,,http_manifest,known,403,manifest,"Client error '403 ' for url 'https://openapiproext.bnf.fr/iiif/presentation/v3/ark:/12148/bd6t5269249/manifest.json'
For more information check: https://developer.mozilla.org/en-US/docs/Web/HTTP/Status/403",2026-07-17T11:03:52.798361
combat,bd6t526925n,,failed,0,0,,http_manifest,known,403,manifest,"Client error '403 ' for url 'https://openapiproext.bnf.fr/iiif/presentation/v3/ark:/12148/bd6t526925n/manifest.json'
For more information check: https://developer.mozilla.org/en-US/docs/Web/HTTP/Status/403",2026-07-17T11:03:54.000836
combat,bd6t5269260,,failed,0,0,,http_manifest,known,403,manifest,"Client error '403 ' for url 'https://openapiproext.bnf.fr/iiif/presentation/v3/ark:/12148/bd6t5269260/manifest.json'
For more information check: https://developer.mozilla.org/en-US/docs/Web/HTTP/Status/403",2026-07-17T11:03:55.271113
combat,bd6t526927b,,failed,0,0,,http_manifest,known,403,manifest,"Client error '403 ' for url 'https://openapiproext.bnf.fr/iiif/presentation/v3/ark:/12148/bd6t526927b/manifest.json'
For more information check: https://developer.mozilla.org/en-US/docs/Web/HTTP/Status/403",2026-07-17T11:03:56.406356
combat,bd6t526928p,,failed,0,0,,http_manifest,known,403,manifest,"Client error '403 ' for url 'https://openapiproext.bnf.fr/iiif/presentation/v3/ark:/12148/bd6t526928p/manifest.json'
For more information check: https://developer.mozilla.org/en-US/docs/Web/HTTP/Status/403",2026-07-17T11:03:57.833108
combat,bd6t5269291,,failed,0,0,,http_manifest,known,403,manifest,"Client error '403 ' for url 'https://openapiproext.bnf.fr/iiif/presentation/v3/ark:/12148/bd6t5269291/manifest.json'
For more information check: https://developer.mozilla.org/en-US/docs/Web/HTTP/Status/403",2026-07-17T11:03:58.815904
combat,bd6t5269307,,failed,0,0,,http_manifest,known,403,manifest,"Client error '403 ' for url 'https://openapiproext.bnf.fr/iiif/presentation/v3/ark:/12148/bd6t5269307/manifest.json'
For more information check: https://developer.mozilla.org/en-US/docs/Web/HTTP/Status/403",2026-07-17T11:04:00.134364
combat,bd6t526931k,,failed,0,0,,http_manifest,known,403,manifest,"Client error '403 ' for url 'https://openapiproext.bnf.fr/iiif/presentation/v3/ark:/12148/bd6t526931k/manifest.json'
For more information check: https://developer.mozilla.org/en-US/docs/Web/HTTP/Status/403",2026-07-17T11:04:01.313522
combat,bd6t526932x,,failed,0,0,,http_manifest,known,403,manifest,"Client error '403 ' for url 'https://openapiproext.bnf.fr/iiif/presentation/v3/ark:/12148/bd6t526932x/manifest.json'
For more information check: https://developer.mozilla.org/en-US/docs/Web/HTTP/Status/403",2026-07-17T11:04:02.410305
combat,bd6t5269338,,failed,0,0,,http_manifest,known,403,manifest,"Client error '403 ' for url 'https://openapiproext.bnf.fr/iiif/presentation/v3/ark:/12148/bd6t5269338/manifest.json'
For more information check: https://developer.mozilla.org/en-US/docs/Web/HTTP/Status/403",2026-07-17T11:04:03.640525
combat,bd6t526934m,,failed,0,0,,http_manifest,known,403,manifest,"Client error '403 ' for url 'https://openapiproext.bnf.fr/iiif/presentation/v3/ark:/12148/bd6t526934m/manifest.json'
For more information check: https://developer.mozilla.org/en-US/docs/Web/HTTP/Status/403",2026-07-17T11:04:05.055566
combat,bd6t526935z,,failed,0,0,,http_manifest,known,403,manifest,"Client error '403 ' for url 'https://openapiproext.bnf.fr/iiif/presentation/v3/ark:/12148/bd6t526935z/manifest.json'
For more information check: https://developer.mozilla.org/en-US/docs/Web/HTTP/Status/403",2026-07-17T11:04:06.231590
combat,bd6t5269369,,failed,0,0,,http_manifest,known,403,manifest,"Client error '403 ' for url 'https://openapiproext.bnf.fr/iiif/presentation/v3/ark:/12148/bd6t5269369/manifest.json'
For more information check: https://developer.mozilla.org/en-US/docs/Web/HTTP/Status/403",2026-07-17T11:04:07.217552
combat,bd6t526937n,,failed,0,0,,http_manifest,known,403,manifest,"Client error '403 ' for url 'https://openapiproext.bnf.fr/iiif/presentation/v3/ark:/12148/bd6t526937n/manifest.json'
For more information check: https://developer.mozilla.org/en-US/docs/Web/HTTP/Status/403",2026-07-17T11:04:08.655872
combat,bd6t5269380,,failed,0,0,,http_manifest,known,403,manifest,"Client error '403 ' for url 'https://openapiproext.bnf.fr/iiif/presentation/v3/ark:/12148/bd6t5269380/manifest.json'
For more information check: https://developer.mozilla.org/en-US/docs/Web/HTTP/Status/403",2026-07-17T11:04:09.805231
combat,bd6t526939b,,failed,0,0,,http_manifest,known,403,manifest,"Client error '403 ' for url 'https://openapiproext.bnf.fr/iiif/presentation/v3/ark:/12148/bd6t526939b/manifest.json'
For more information check: https://developer.mozilla.org/en-US/docs/Web/HTTP/Status/403",2026-07-17T11:04:10.994846
combat,bd6t526940j,,failed,0,0,,http_manifest,known,403,manifest,"Client error '403 ' for url 'https://openapiproext.bnf.fr/iiif/presentation/v3/ark:/12148/bd6t526940j/manifest.json'
For more information check: https://developer.mozilla.org/en-US/docs/Web/HTTP/Status/403",2026-07-17T11:04:12.052237
combat,bd6t526941w,,failed,0,0,,http_manifest,known,403,manifest,"Client error '403 ' for url 'https://openapiproext.bnf.fr/iiif/presentation/v3/ark:/12148/bd6t526941w/manifest.json'
For more information check: https://developer.mozilla.org/en-US/docs/Web/HTTP/Status/403",2026-07-17T11:04:13.400773
combat,bd6t5269427,,failed,0,0,,http_manifest,known,403,manifest,"Client error '403 ' for url 'https://openapiproext.bnf.fr/iiif/presentation/v3/ark:/12148/bd6t5269427/manifest.json'
For more information check: https://developer.mozilla.org/en-US/docs/Web/HTTP/Status/403",2026-07-17T11:04:14.538716
combat,bd6t526943k,,failed,0,0,,http_manifest,known,403,manifest,"Client error '403 ' for url 'https://openapiproext.bnf.fr/iiif/presentation/v3/ark:/12148/bd6t526943k/manifest.json'
For more information check: https://developer.mozilla.org/en-US/docs/Web/HTTP/Status/403",2026-07-17T11:04:15.825606
combat,bd6t526944x,,failed,0,0,,http_manifest,known,403,manifest,"Client error '403 ' for url 'https://openapiproext.bnf.fr/iiif/presentation/v3/ark:/12148/bd6t526944x/manifest.json'
For more information check: https://developer.mozilla.org/en-US/docs/Web/HTTP/Status/403",2026-07-17T11:04:16.830171
combat,bd6t5269458,,failed,0,0,,http_manifest,known,403,manifest,"Client error '403 ' for url 'https://openapiproext.bnf.fr/iiif/presentation/v3/ark:/12148/bd6t5269458/manifest.json'
For more information check: https://developer.mozilla.org/en-US/docs/Web/HTTP/Status/403",2026-07-17T11:04:18.030341
combat,bd6t526946m,,failed,0,0,,http_manifest,known,403,manifest,"Client error '403 ' for url 'https://openapiproext.bnf.fr/iiif/presentation/v3/ark:/12148/bd6t526946m/manifest.json'
For more information check: https://developer.mozilla.org/en-US/docs/Web/HTTP/Status/403",2026-07-17T11:04:19.232553
combat,bd6t526947z,,failed,0,0,,http_manifest,known,403,manifest,"Client error '403 ' for url 'https://openapiproext.bnf.fr/iiif/presentation/v3/ark:/12148/bd6t526947z/manifest.json'
For more information check: https://developer.mozilla.org/en-US/docs/Web/HTTP/Status/403",2026-07-17T11:04:20.434461
combat,bd6t5269489,,failed,0,0,,http_manifest,known,403,manifest,"Client error '403 ' for url 'https://openapiproext.bnf.fr/iiif/presentation/v3/ark:/12148/bd6t5269489/manifest.json'
For more information check: https://developer.mozilla.org/en-US/docs/Web/HTTP/Status/403",2026-07-17T11:04:21.641094
combat,bd6t526949n,,failed,0,0,,http_manifest,known,403,manifest,"Client error '403 ' for url 'https://openapiproext.bnf.fr/iiif/presentation/v3/ark:/12148/bd6t526949n/manifest.json'
For more information check: https://developer.mozilla.org/en-US/docs/Web/HTTP/Status/403",2026-07-17T11:04:22.845204
combat,bd6t526950v,,failed,0,0,,http_manifest,known,403,manifest,"Client error '403 ' for url 'https://openapiproext.bnf.fr/iiif/presentation/v3/ark:/12148/bd6t526950v/manifest.json'
For more information check: https://developer.mozilla.org/en-US/docs/Web/HTTP/Status/403",2026-07-17T11:04:24.042050
combat,bd6t5269516,,failed,0,0,,http_manifest,known,403,manifest,"Client error '403 ' for url 'https://openapiproext.bnf.fr/iiif/presentation/v3/ark:/12148/bd6t5269516/manifest.json'
For more information check: https://developer.mozilla.org/en-US/docs/Web/HTTP/Status/403",2026-07-17T11:04:25.247590
combat,bd6t526952j,,failed,0,0,,http_manifest,known,403,manifest,"Client error '403 ' for url 'https://openapiproext.bnf.fr/iiif/presentation/v3/ark:/12148/bd6t526952j/manifest.json'
For more information check: https://developer.mozilla.org/en-US/docs/Web/HTTP/Status/403",2026-07-17T11:04:26.445203
combat,bd6t526953w,,failed,0,0,,http_manifest,known,403,manifest,"Client error '403 ' for url 'https://openapiproext.bnf.fr/iiif/presentation/v3/ark:/12148/bd6t526953w/manifest.json'
For more information check: https://developer.mozilla.org/en-US/docs/Web/HTTP/Status/403",2026-07-17T11:04:27.648759
combat,bd6t5269547,,failed,0,0,,http_manifest,known,403,manifest,"Client error '403 ' for url 'https://openapiproext.bnf.fr/iiif/presentation/v3/ark:/12148/bd6t5269547/manifest.json'
For more information check: https://developer.mozilla.org/en-US/docs/Web/HTTP/Status/403",2026-07-17T11:04:28.848846
combat,bd6t526955k,,failed,0,0,,http_manifest,known,403,manifest,"Client error '403 ' for url 'https://openapiproext.bnf.fr/iiif/presentation/v3/ark:/12148/bd6t526955k/manifest.json'
For more information check: https://developer.mozilla.org/en-US/docs/Web/HTTP/Status/403",2026-07-17T11:04:30.049022
combat,bd6t526956x,,failed,0,0,,http_manifest,known,403,manifest,"Client error '403 ' for url 'https://openapiproext.bnf.fr/iiif/presentation/v3/ark:/12148/bd6t526956x/manifest.json'
For more information check: https://developer.mozilla.org/en-US/docs/Web/HTTP/Status/403",2026-07-17T11:04:31.250253
combat,bd6t5269578,,failed,0,0,,http_manifest,known,403,manifest,"Client error '403 ' for url 'https://openapiproext.bnf.fr/iiif/presentation/v3/ark:/12148/bd6t5269578/manifest.json'
For more information check: https://developer.mozilla.org/en-US/docs/Web/HTTP/Status/403",2026-07-17T11:04:32.450974
combat,bd6t526958m,,failed,0,0,,http_manifest,known,403,manifest,"Client error '403 ' for url 'https://openapiproext.bnf.fr/iiif/presentation/v3/ark:/12148/bd6t526958m/manifest.json'
For more information check: https://developer.mozilla.org/en-US/docs/Web/HTTP/Status/403",2026-07-17T11:04:33.653523
combat,bd6t526959z,,failed,0,0,,http_manifest,known,403,manifest,"Client error '403 ' for url 'https://openapiproext.bnf.fr/iiif/presentation/v3/ark:/12148/bd6t526959z/manifest.json'
For more information check: https://developer.mozilla.org/en-US/docs/Web/HTTP/Status/403",2026-07-17T11:04:34.855581
combat,bd6t5269605,,failed,0,0,,http_manifest,known,403,manifest,"Client error '403 ' for url 'https://openapiproext.bnf.fr/iiif/presentation/v3/ark:/12148/bd6t5269605/manifest.json'
For more information check: https://developer.mozilla.org/en-US/docs/Web/HTTP/Status/403",2026-07-17T11:04:36.154240
combat,bd6t526961h,,failed,0,0,,http_manifest,known,403,manifest,"Client error '403 ' for url 'https://openapiproext.bnf.fr/iiif/presentation/v3/ark:/12148/bd6t526961h/manifest.json'
For more information check: https://developer.mozilla.org/en-US/docs/Web/HTTP/Status/403",2026-07-17T11:04:37.259422
combat,bd6t526962v,,failed,0,0,,http_manifest,known,403,manifest,"Client error '403 ' for url 'https://openapiproext.bnf.fr/iiif/presentation/v3/ark:/12148/bd6t526962v/manifest.json'
For more information check: https://developer.mozilla.org/en-US/docs/Web/HTTP/Status/403",2026-07-17T11:04:38.460969
combat,bd6t5269636,,failed,0,0,,http_manifest,known,403,manifest,"Client error '403 ' for url 'https://openapiproext.bnf.fr/iiif/presentation/v3/ark:/12148/bd6t5269636/manifest.json'
For more information check: https://developer.mozilla.org/en-US/docs/Web/HTTP/Status/403",2026-07-17T11:04:39.658432
combat,bd6t526964j,,failed,0,0,,http_manifest,known,403,manifest,"Client error '403 ' for url 'https://openapiproext.bnf.fr/iiif/presentation/v3/ark:/12148/bd6t526964j/manifest.json'
For more information check: https://developer.mozilla.org/en-US/docs/Web/HTTP/Status/403",2026-07-17T11:04:40.883569
combat,bd6t526965w,,failed,0,0,,http_manifest,known,403,manifest,"Client error '403 ' for url 'https://openapiproext.bnf.fr/iiif/presentation/v3/ark:/12148/bd6t526965w/manifest.json'
For more information check: https://developer.mozilla.org/en-US/docs/Web/HTTP/Status/403",2026-07-17T11:04:42.062000
combat,bd6t5269667,,failed,0,0,,http_manifest,known,403,manifest,"Client error '403 ' for url 'https://openapiproext.bnf.fr/iiif/presentation/v3/ark:/12148/bd6t5269667/manifest.json'
For more information check: https://developer.mozilla.org/en-US/docs/Web/HTTP/Status/403",2026-07-17T11:04:43.265467
combat,bd6t526967k,,failed,0,0,,http_manifest,known,403,manifest,"Client error '403 ' for url 'https://openapiproext.bnf.fr/iiif/presentation/v3/ark:/12148/bd6t526967k/manifest.json'
For more information check: https://developer.mozilla.org/en-US/docs/Web/HTTP/Status/403",2026-07-17T11:04:44.468491
combat,bd6t526968x,,failed,0,0,,http_manifest,known,403,manifest,"Client error '403 ' for url 'https://openapiproext.bnf.fr/iiif/presentation/v3/ark:/12148/bd6t526968x/manifest.json'
For more information check: https://developer.mozilla.org/en-US/docs/Web/HTTP/Status/403",2026-07-17T11:04:45.666462
combat,bd6t5269698,,failed,0,0,,http_manifest,known,403,manifest,"Client error '403 ' for url 'https://openapiproext.bnf.fr/iiif/presentation/v3/ark:/12148/bd6t5269698/manifest.json'
For more information check: https://developer.mozilla.org/en-US/docs/Web/HTTP/Status/403",2026-07-17T11:04:46.868491
combat,bd6t526970g,,failed,0,0,,http_manifest,known,403,manifest,"Client error '403 ' for url 'https://openapiproext.bnf.fr/iiif/presentation/v3/ark:/12148/bd6t526970g/manifest.json'
For more information check: https://developer.mozilla.org/en-US/docs/Web/HTTP/Status/403",2026-07-17T11:04:48.072107
combat,bd6t526971t,,failed,0,0,,http_manifest,known,403,manifest,"Client error '403 ' for url 'https://openapiproext.bnf.fr/iiif/presentation/v3/ark:/12148/bd6t526971t/manifest.json'
For more information check: https://developer.mozilla.org/en-US/docs/Web/HTTP/Status/403",2026-07-17T11:04:49.279887
combat,bd6t5269725,,failed,0,0,,http_manifest,known,403,manifest,"Client error '403 ' for url 'https://openapiproext.bnf.fr/iiif/presentation/v3/ark:/12148/bd6t5269725/manifest.json'
For more information check: https://developer.mozilla.org/en-US/docs/Web/HTTP/Status/403",2026-07-17T11:04:50.481444
combat,bd6t526973h,,failed,0,0,,http_manifest,known,403,manifest,"Client error '403 ' for url 'https://openapiproext.bnf.fr/iiif/presentation/v3/ark:/12148/bd6t526973h/manifest.json'
For more information check: https://developer.mozilla.org/en-US/docs/Web/HTTP/Status/403",2026-07-17T11:04:51.699179
combat,bd6t526974v,,failed,0,0,,http_manifest,known,403,manifest,"Client error '403 ' for url 'https://openapiproext.bnf.fr/iiif/presentation/v3/ark:/12148/bd6t526974v/manifest.json'
For more information check: https://developer.mozilla.org/en-US/docs/Web/HTTP/Status/403",2026-07-17T11:04:52.878362
combat,bd6t5269756,,failed,0,0,,http_manifest,known,403,manifest,"Client error '403 ' for url 'https://openapiproext.bnf.fr/iiif/presentation/v3/ark:/12148/bd6t5269756/manifest.json'
For more information check: https://developer.mozilla.org/en-US/docs/Web/HTTP/Status/403",2026-07-17T11:04:54.078939
combat,bd6t526976j,,failed,0,0,,http_manifest,known,403,manifest,"Client error '403 ' for url 'https://openapiproext.bnf.fr/iiif/presentation/v3/ark:/12148/bd6t526976j/manifest.json'
For more information check: https://developer.mozilla.org/en-US/docs/Web/HTTP/Status/403",2026-07-17T11:04:55.287719
combat,bd6t526977w,,failed,0,0,,http_manifest,known,403,manifest,"Client error '403 ' for url 'https://openapiproext.bnf.fr/iiif/presentation/v3/ark:/12148/bd6t526977w/manifest.json'
For more information check: https://developer.mozilla.org/en-US/docs/Web/HTTP/Status/403",2026-07-17T11:04:56.484152
combat,bd6t5269787,,failed,0,0,,http_manifest,known,403,manifest,"Client error '403 ' for url 'https://openapiproext.bnf.fr/iiif/presentation/v3/ark:/12148/bd6t5269787/manifest.json'
For more information check: https://developer.mozilla.org/en-US/docs/Web/HTTP/Status/403",2026-07-17T11:04:57.730997
combat,bd6t526979k,,failed,0,0,,http_manifest,known,403,manifest,"Client error '403 ' for url 'https://openapiproext.bnf.fr/iiif/presentation/v3/ark:/12148/bd6t526979k/manifest.json'
For more information check: https://developer.mozilla.org/en-US/docs/Web/HTTP/Status/403",2026-07-17T11:04:58.887359
combat,bd6t526980s,,failed,0,0,,http_manifest,known,403,manifest,"Client error '403 ' for url 'https://openapiproext.bnf.fr/iiif/presentation/v3/ark:/12148/bd6t526980s/manifest.json'
For more information check: https://developer.mozilla.org/en-US/docs/Web/HTTP/Status/403",2026-07-17T11:05:00.192649
combat,bd6t5269814,,failed,0,0,,http_manifest,known,403,manifest,"Client error '403 ' for url 'https://openapiproext.bnf.fr/iiif/presentation/v3/ark:/12148/bd6t5269814/manifest.json'
For more information check: https://developer.mozilla.org/en-US/docs/Web/HTTP/Status/403",2026-07-17T11:05:01.387163
combat,bd6t526982g,,failed,0,0,,http_manifest,known,403,manifest,"Client error '403 ' for url 'https://openapiproext.bnf.fr/iiif/presentation/v3/ark:/12148/bd6t526982g/manifest.json'
For more information check: https://developer.mozilla.org/en-US/docs/Web/HTTP/Status/403",2026-07-17T11:05:02.508090
combat,bd6t526983t,,failed,0,0,,http_manifest,known,403,manifest,"Client error '403 ' for url 'https://openapiproext.bnf.fr/iiif/presentation/v3/ark:/12148/bd6t526983t/manifest.json'
For more information check: https://developer.mozilla.org/en-US/docs/Web/HTTP/Status/403",2026-07-17T11:05:03.814492
combat,bd6t5269845,,failed,0,0,,http_manifest,known,403,manifest,"Client error '403 ' for url 'https://openapiproext.bnf.fr/iiif/presentation/v3/ark:/12148/bd6t5269845/manifest.json'
For more information check: https://developer.mozilla.org/en-US/docs/Web/HTTP/Status/403",2026-07-17T11:05:05.135153
combat,bd6t526753b,,failed,0,0,,http_manifest,known,403,manifest,"Client error '403 ' for url 'https://openapiproext.bnf.fr/iiif/presentation/v3/ark:/12148/bd6t526753b/manifest.json'
For more information check: https://developer.mozilla.org/en-US/docs/Web/HTTP/Status/403",2026-07-17T11:05:06.248353
combat,bd6t526754p,,failed,0,0,,http_manifest,known,403,manifest,"Client error '403 ' for url 'https://openapiproext.bnf.fr/iiif/presentation/v3/ark:/12148/bd6t526754p/manifest.json'
For more information check: https://developer.mozilla.org/en-US/docs/Web/HTTP/Status/403",2026-07-17T11:05:07.295091
combat,bd6t5267551,,failed,0,0,,http_manifest,known,403,manifest,"Client error '403 ' for url 'https://openapiproext.bnf.fr/iiif/presentation/v3/ark:/12148/bd6t5267551/manifest.json'
For more information check: https://developer.mozilla.org/en-US/docs/Web/HTTP/Status/403",2026-07-17T11:05:08.496740
combat,bd6t526756c,,failed,0,0,,http_manifest,known,403,manifest,"Client error '403 ' for url 'https://openapiproext.bnf.fr/iiif/presentation/v3/ark:/12148/bd6t526756c/manifest.json'
For more information check: https://developer.mozilla.org/en-US/docs/Web/HTTP/Status/403",2026-07-17T11:05:09.909019
combat,bd6t526757q,,failed,0,0,,http_manifest,known,403,manifest,"Client error '403 ' for url 'https://openapiproext.bnf.fr/iiif/presentation/v3/ark:/12148/bd6t526757q/manifest.json'
For more information check: https://developer.mozilla.org/en-US/docs/Web/HTTP/Status/403",2026-07-17T11:05:10.920708
combat,bd6t5267582,,failed,0,0,,http_manifest,known,403,manifest,"Client error '403 ' for url 'https://openapiproext.bnf.fr/iiif/presentation/v3/ark:/12148/bd6t5267582/manifest.json'
For more information check: https://developer.mozilla.org/en-US/docs/Web/HTTP/Status/403",2026-07-17T11:05:12.103504
combat,bd6t526759d,,failed,0,0,,http_manifest,known,403,manifest,"Client error '403 ' for url 'https://openapiproext.bnf.fr/iiif/presentation/v3/ark:/12148/bd6t526759d/manifest.json'
For more information check: https://developer.mozilla.org/en-US/docs/Web/HTTP/Status/403",2026-07-17T11:05:13.440958
combat,bd6t526760m,,failed,0,0,,http_manifest,known,403,manifest,"Client error '403 ' for url 'https://openapiproext.bnf.fr/iiif/presentation/v3/ark:/12148/bd6t526760m/manifest.json'
For more information check: https://developer.mozilla.org/en-US/docs/Web/HTTP/Status/403",2026-07-17T11:05:14.725412
combat,bd6t526761z,,failed,0,0,,http_manifest,known,403,manifest,"Client error '403 ' for url 'https://openapiproext.bnf.fr/iiif/presentation/v3/ark:/12148/bd6t526761z/manifest.json'
For more information check: https://developer.mozilla.org/en-US/docs/Web/HTTP/Status/403",2026-07-17T11:05:15.889640
combat,bd6t5267629,,failed,0,0,,http_manifest,known,403,manifest,"Client error '403 ' for url 'https://openapiproext.bnf.fr/iiif/presentation/v3/ark:/12148/bd6t5267629/manifest.json'
For more information check: https://developer.mozilla.org/en-US/docs/Web/HTTP/Status/403",2026-07-17T11:05:17.037360
combat,bd6t526763n,,failed,0,0,,http_manifest,known,403,manifest,"Client error '403 ' for url 'https://openapiproext.bnf.fr/iiif/presentation/v3/ark:/12148/bd6t526763n/manifest.json'
For more information check: https://developer.mozilla.org/en-US/docs/Web/HTTP/Status/403",2026-07-17T11:05:18.261385
combat,bd6t5267640,,failed,0,0,,http_manifest,known,403,manifest,"Client error '403 ' for url 'https://openapiproext.bnf.fr/iiif/presentation/v3/ark:/12148/bd6t5267640/manifest.json'
For more information check: https://developer.mozilla.org/en-US/docs/Web/HTTP/Status/403",2026-07-17T11:05:19.327169
combat,bd6t526765b,,failed,0,0,,http_manifest,known,403,manifest,"Client error '403 ' for url 'https://openapiproext.bnf.fr/iiif/presentation/v3/ark:/12148/bd6t526765b/manifest.json'
For more information check: https://developer.mozilla.org/en-US/docs/Web/HTTP/Status/403",2026-07-17T11:05:20.518235
combat,bd6t526766p,,failed,0,0,,http_manifest,known,403,manifest,"Client error '403 ' for url 'https://openapiproext.bnf.fr/iiif/presentation/v3/ark:/12148/bd6t526766p/manifest.json'
For more information check: https://developer.mozilla.org/en-US/docs/Web/HTTP/Status/403",2026-07-17T11:05:21.718864
combat,bd6t5267671,,failed,0,0,,http_manifest,known,403,manifest,"Client error '403 ' for url 'https://openapiproext.bnf.fr/iiif/presentation/v3/ark:/12148/bd6t5267671/manifest.json'
For more information check: https://developer.mozilla.org/en-US/docs/Web/HTTP/Status/403",2026-07-17T11:05:23.277420
combat,bd6t526768c,,failed,0,0,,http_manifest,known,403,manifest,"Client error '403 ' for url 'https://openapiproext.bnf.fr/iiif/presentation/v3/ark:/12148/bd6t526768c/manifest.json'
For more information check: https://developer.mozilla.org/en-US/docs/Web/HTTP/Status/403",2026-07-17T11:05:24.127080
combat,bd6t526769q,,failed,0,0,,http_manifest,known,403,manifest,"Client error '403 ' for url 'https://openapiproext.bnf.fr/iiif/presentation/v3/ark:/12148/bd6t526769q/manifest.json'
For more information check: https://developer.mozilla.org/en-US/docs/Web/HTTP/Status/403",2026-07-17T11:05:25.322383
combat,bd6t526770x,,failed,0,0,,http_manifest,known,403,manifest,"Client error '403 ' for url 'https://openapiproext.bnf.fr/iiif/presentation/v3/ark:/12148/bd6t526770x/manifest.json'
For more information check: https://developer.mozilla.org/en-US/docs/Web/HTTP/Status/403",2026-07-17T11:05:26.549264
combat,bd6t5267718,,failed,0,0,,http_manifest,known,403,manifest,"Client error '403 ' for url 'https://openapiproext.bnf.fr/iiif/presentation/v3/ark:/12148/bd6t5267718/manifest.json'
For more information check: https://developer.mozilla.org/en-US/docs/Web/HTTP/Status/403",2026-07-17T11:05:27.726726
combat,bd6t526772m,,failed,0,0,,http_manifest,known,403,manifest,"Client error '403 ' for url 'https://openapiproext.bnf.fr/iiif/presentation/v3/ark:/12148/bd6t526772m/manifest.json'
For more information check: https://developer.mozilla.org/en-US/docs/Web/HTTP/Status/403",2026-07-17T11:05:28.928224
combat,bd6t526773z,,failed,0,0,,http_manifest,known,403,manifest,"Client error '403 ' for url 'https://openapiproext.bnf.fr/iiif/presentation/v3/ark:/12148/bd6t526773z/manifest.json'
For more information check: https://developer.mozilla.org/en-US/docs/Web/HTTP/Status/403",2026-07-17T11:05:30.133182
combat,bd6t5267749,,failed,0,0,,http_manifest,known,403,manifest,"Client error '403 ' for url 'https://openapiproext.bnf.fr/iiif/presentation/v3/ark:/12148/bd6t5267749/manifest.json'
For more information check: https://developer.mozilla.org/en-US/docs/Web/HTTP/Status/403",2026-07-17T11:05:31.331206
combat,bd6t526775n,,failed,0,0,,http_manifest,known,403,manifest,"Client error '403 ' for url 'https://openapiproext.bnf.fr/iiif/presentation/v3/ark:/12148/bd6t526775n/manifest.json'
For more information check: https://developer.mozilla.org/en-US/docs/Web/HTTP/Status/403",2026-07-17T11:05:32.546492
combat,bd6t5267760,,failed,0,0,,http_manifest,known,403,manifest,"Client error '403 ' for url 'https://openapiproext.bnf.fr/iiif/presentation/v3/ark:/12148/bd6t5267760/manifest.json'
For more information check: https://developer.mozilla.org/en-US/docs/Web/HTTP/Status/403",2026-07-17T11:05:33.735506
combat,bd6t526777b,,failed,0,0,,http_manifest,known,403,manifest,"Client error '403 ' for url 'https://openapiproext.bnf.fr/iiif/presentation/v3/ark:/12148/bd6t526777b/manifest.json'
For more information check: https://developer.mozilla.org/en-US/docs/Web/HTTP/Status/403",2026-07-17T11:05:34.945078
combat,bd6t526778p,,failed,0,0,,http_manifest,known,403,manifest,"Client error '403 ' for url 'https://openapiproext.bnf.fr/iiif/presentation/v3/ark:/12148/bd6t526778p/manifest.json'
For more information check: https://developer.mozilla.org/en-US/docs/Web/HTTP/Status/403",2026-07-17T11:05:36.142115
combat,bd6t5267791,,failed,0,0,,http_manifest,known,403,manifest,"Client error '403 ' for url 'https://openapiproext.bnf.fr/iiif/presentation/v3/ark:/12148/bd6t5267791/manifest.json'
For more information check: https://developer.mozilla.org/en-US/docs/Web/HTTP/Status/403",2026-07-17T11:05:37.350152
combat,bd6t5267807,,failed,0,0,,http_manifest,known,403,manifest,"Client error '403 ' for url 'https://openapiproext.bnf.fr/iiif/presentation/v3/ark:/12148/bd6t5267807/manifest.json'
For more information check: https://developer.mozilla.org/en-US/docs/Web/HTTP/Status/403",2026-07-17T11:05:38.544506
combat,bd6t526781k,,failed,0,0,,http_manifest,known,403,manifest,"Client error '403 ' for url 'https://openapiproext.bnf.fr/iiif/presentation/v3/ark:/12148/bd6t526781k/manifest.json'
For more information check: https://developer.mozilla.org/en-US/docs/Web/HTTP/Status/403",2026-07-17T11:05:39.744059
combat,bd6t526782x,,failed,0,0,,http_manifest,known,403,manifest,"Client error '403 ' for url 'https://openapiproext.bnf.fr/iiif/presentation/v3/ark:/12148/bd6t526782x/manifest.json'
For more information check: https://developer.mozilla.org/en-US/docs/Web/HTTP/Status/403",2026-07-17T11:05:40.939874
combat,bd6t5267838,,failed,0,0,,http_manifest,known,403,manifest,"Client error '403 ' for url 'https://openapiproext.bnf.fr/iiif/presentation/v3/ark:/12148/bd6t5267838/manifest.json'
For more information check: https://developer.mozilla.org/en-US/docs/Web/HTTP/Status/403",2026-07-17T11:05:42.142776
combat,bd6t526784m,,failed,0,0,,http_manifest,known,403,manifest,"Client error '403 ' for url 'https://openapiproext.bnf.fr/iiif/presentation/v3/ark:/12148/bd6t526784m/manifest.json'
For more information check: https://developer.mozilla.org/en-US/docs/Web/HTTP/Status/403",2026-07-17T11:05:43.349177
combat,bd6t526785z,,failed,0,0,,http_manifest,known,403,manifest,"Client error '403 ' for url 'https://openapiproext.bnf.fr/iiif/presentation/v3/ark:/12148/bd6t526785z/manifest.json'
For more information check: https://developer.mozilla.org/en-US/docs/Web/HTTP/Status/403",2026-07-17T11:05:44.545554
combat,bd6t5267869,,failed,0,0,,http_manifest,known,403,manifest,"Client error '403 ' for url 'https://openapiproext.bnf.fr/iiif/presentation/v3/ark:/12148/bd6t5267869/manifest.json'
For more information check: https://developer.mozilla.org/en-US/docs/Web/HTTP/Status/403",2026-07-17T11:05:45.748026
combat,bd6t526787n,,failed,0,0,,http_manifest,known,403,manifest,"Client error '403 ' for url 'https://openapiproext.bnf.fr/iiif/presentation/v3/ark:/12148/bd6t526787n/manifest.json'
For more information check: https://developer.mozilla.org/en-US/docs/Web/HTTP/Status/403",2026-07-17T11:05:46.950348
combat,bd6t5267880,,failed,0,0,,http_manifest,known,403,manifest,"Client error '403 ' for url 'https://openapiproext.bnf.fr/iiif/presentation/v3/ark:/12148/bd6t5267880/manifest.json'
For more information check: https://developer.mozilla.org/en-US/docs/Web/HTTP/Status/403",2026-07-17T11:05:48.154149
combat,bd6t526789b,,failed,0,0,,http_manifest,known,403,manifest,"Client error '403 ' for url 'https://openapiproext.bnf.fr/iiif/presentation/v3/ark:/12148/bd6t526789b/manifest.json'
For more information check: https://developer.mozilla.org/en-US/docs/Web/HTTP/Status/403",2026-07-17T11:05:49.354133
combat,bd6t526790j,,failed,0,0,,http_manifest,known,403,manifest,"Client error '403 ' for url 'https://openapiproext.bnf.fr/iiif/presentation/v3/ark:/12148/bd6t526790j/manifest.json'
For more information check: https://developer.mozilla.org/en-US/docs/Web/HTTP/Status/403",2026-07-17T11:05:50.570233
combat,bd6t526791w,,failed,0,0,,http_manifest,known,403,manifest,"Client error '403 ' for url 'https://openapiproext.bnf.fr/iiif/presentation/v3/ark:/12148/bd6t526791w/manifest.json'
For more information check: https://developer.mozilla.org/en-US/docs/Web/HTTP/Status/403",2026-07-17T11:05:51.759502
combat,bd6t5267927,,failed,0,0,,http_manifest,known,403,manifest,"Client error '403 ' for url 'https://openapiproext.bnf.fr/iiif/presentation/v3/ark:/12148/bd6t5267927/manifest.json'
For more information check: https://developer.mozilla.org/en-US/docs/Web/HTTP/Status/403",2026-07-17T11:05:52.960280
combat,bd6t526793k,,failed,0,0,,http_manifest,known,403,manifest,"Client error '403 ' for url 'https://openapiproext.bnf.fr/iiif/presentation/v3/ark:/12148/bd6t526793k/manifest.json'
For more information check: https://developer.mozilla.org/en-US/docs/Web/HTTP/Status/403",2026-07-17T11:05:54.158233
combat,bd6t526794x,,failed,0,0,,http_manifest,known,403,manifest,"Client error '403 ' for url 'https://openapiproext.bnf.fr/iiif/presentation/v3/ark:/12148/bd6t526794x/manifest.json'
For more information check: https://developer.mozilla.org/en-US/docs/Web/HTTP/Status/403",2026-07-17T11:05:55.363860
combat,bd6t5267958,,failed,0,0,,http_manifest,known,403,manifest,"Client error '403 ' for url 'https://openapiproext.bnf.fr/iiif/presentation/v3/ark:/12148/bd6t5267958/manifest.json'
For more information check: https://developer.mozilla.org/en-US/docs/Web/HTTP/Status/403",2026-07-17T11:05:56.561422
combat,bd6t526796m,,failed,0,0,,http_manifest,known,403,manifest,"Client error '403 ' for url 'https://openapiproext.bnf.fr/iiif/presentation/v3/ark:/12148/bd6t526796m/manifest.json'
For more information check: https://developer.mozilla.org/en-US/docs/Web/HTTP/Status/403",2026-07-17T11:05:57.967106
combat,bd6t526797z,,failed,0,0,,http_manifest,known,403,manifest,"Client error '403 ' for url 'https://openapiproext.bnf.fr/iiif/presentation/v3/ark:/12148/bd6t526797z/manifest.json'
For more information check: https://developer.mozilla.org/en-US/docs/Web/HTTP/Status/403",2026-07-17T11:05:59.177656
combat,bd6t5267989,,failed,0,0,,http_manifest,known,403,manifest,"Client error '403 ' for url 'https://openapiproext.bnf.fr/iiif/presentation/v3/ark:/12148/bd6t5267989/manifest.json'
For more information check: https://developer.mozilla.org/en-US/docs/Web/HTTP/Status/403",2026-07-17T11:06:00.171703
combat,bd6t526799n,,failed,0,0,,http_manifest,known,403,manifest,"Client error '403 ' for url 'https://openapiproext.bnf.fr/iiif/presentation/v3/ark:/12148/bd6t526799n/manifest.json'
For more information check: https://developer.mozilla.org/en-US/docs/Web/HTTP/Status/403",2026-07-17T11:06:01.529526
combat,bd6t5268001,,failed,0,0,,http_manifest,known,403,manifest,"Client error '403 ' for url 'https://openapiproext.bnf.fr/iiif/presentation/v3/ark:/12148/bd6t5268001/manifest.json'
For more information check: https://developer.mozilla.org/en-US/docs/Web/HTTP/Status/403",2026-07-17T11:06:02.570901
combat,bd6t526801c,,failed,0,0,,http_manifest,known,403,manifest,"Client error '403 ' for url 'https://openapiproext.bnf.fr/iiif/presentation/v3/ark:/12148/bd6t526801c/manifest.json'
For more information check: https://developer.mozilla.org/en-US/docs/Web/HTTP/Status/403",2026-07-17T11:06:04.001228
combat,bd6t526802q,,failed,0,0,,http_manifest,known,403,manifest,"Client error '403 ' for url 'https://openapiproext.bnf.fr/iiif/presentation/v3/ark:/12148/bd6t526802q/manifest.json'
For more information check: https://developer.mozilla.org/en-US/docs/Web/HTTP/Status/403",2026-07-17T11:06:04.979920
combat,bd6t5268032,,failed,0,0,,http_manifest,known,403,manifest,"Client error '403 ' for url 'https://openapiproext.bnf.fr/iiif/presentation/v3/ark:/12148/bd6t5268032/manifest.json'
For more information check: https://developer.mozilla.org/en-US/docs/Web/HTTP/Status/403",2026-07-17T11:06:06.268721
combat,bd6t526804d,,failed,0,0,,http_manifest,known,403,manifest,"Client error '403 ' for url 'https://openapiproext.bnf.fr/iiif/presentation/v3/ark:/12148/bd6t526804d/manifest.json'
For more information check: https://developer.mozilla.org/en-US/docs/Web/HTTP/Status/403",2026-07-17T11:06:07.374299
combat,bd6t526805r,,failed,0,0,,http_manifest,known,403,manifest,"Client error '403 ' for url 'https://openapiproext.bnf.fr/iiif/presentation/v3/ark:/12148/bd6t526805r/manifest.json'
For more information check: https://developer.mozilla.org/en-US/docs/Web/HTTP/Status/403",2026-07-17T11:06:08.578468
combat,bd6t5268063,,failed,0,0,,http_manifest,known,403,manifest,"Client error '403 ' for url 'https://openapiproext.bnf.fr/iiif/presentation/v3/ark:/12148/bd6t5268063/manifest.json'
For more information check: https://developer.mozilla.org/en-US/docs/Web/HTTP/Status/403",2026-07-17T11:06:09.782311
combat,bd6t526807f,,failed,0,0,,http_manifest,known,403,manifest,"Client error '403 ' for url 'https://openapiproext.bnf.fr/iiif/presentation/v3/ark:/12148/bd6t526807f/manifest.json'
For more information check: https://developer.mozilla.org/en-US/docs/Web/HTTP/Status/403",2026-07-17T11:06:10.979773
combat,bd6t526808s,,failed,0,0,,http_manifest,known,403,manifest,"Client error '403 ' for url 'https://openapiproext.bnf.fr/iiif/presentation/v3/ark:/12148/bd6t526808s/manifest.json'
For more information check: https://developer.mozilla.org/en-US/docs/Web/HTTP/Status/403",2026-07-17T11:06:12.204252
combat,bd6t5268094,,failed,0,0,,http_manifest,known,403,manifest,"Client error '403 ' for url 'https://openapiproext.bnf.fr/iiif/presentation/v3/ark:/12148/bd6t5268094/manifest.json'
For more information check: https://developer.mozilla.org/en-US/docs/Web/HTTP/Status/403",2026-07-17T11:06:13.547041
combat,bd6t526810b,,failed,0,0,,http_manifest,known,403,manifest,"Client error '403 ' for url 'https://openapiproext.bnf.fr/iiif/presentation/v3/ark:/12148/bd6t526810b/manifest.json'
For more information check: https://developer.mozilla.org/en-US/docs/Web/HTTP/Status/403",2026-07-17T11:06:14.858892
combat,bd6t526811p,,failed,0,0,,http_manifest,known,403,manifest,"Client error '403 ' for url 'https://openapiproext.bnf.fr/iiif/presentation/v3/ark:/12148/bd6t526811p/manifest.json'
For more information check: https://developer.mozilla.org/en-US/docs/Web/HTTP/Status/403",2026-07-17T11:06:15.892098
combat,bd6t5268121,,failed,0,0,,http_manifest,known,403,manifest,"Client error '403 ' for url 'https://openapiproext.bnf.fr/iiif/presentation/v3/ark:/12148/bd6t5268121/manifest.json'
For more information check: https://developer.mozilla.org/en-US/docs/Web/HTTP/Status/403",2026-07-17T11:06:16.988269
combat,bd6t526813c,,failed,0,0,,http_manifest,known,403,manifest,"Client error '403 ' for url 'https://openapiproext.bnf.fr/iiif/presentation/v3/ark:/12148/bd6t526813c/manifest.json'
For more information check: https://developer.mozilla.org/en-US/docs/Web/HTTP/Status/403",2026-07-17T11:06:18.190020
combat,bd6t526814q,,failed,0,0,,http_manifest,known,403,manifest,"Client error '403 ' for url 'https://openapiproext.bnf.fr/iiif/presentation/v3/ark:/12148/bd6t526814q/manifest.json'
For more information check: https://developer.mozilla.org/en-US/docs/Web/HTTP/Status/403",2026-07-17T11:06:19.388020
combat,bd6t5268152,,failed,0,0,,http_manifest,known,403,manifest,"Client error '403 ' for url 'https://openapiproext.bnf.fr/iiif/presentation/v3/ark:/12148/bd6t5268152/manifest.json'
For more information check: https://developer.mozilla.org/en-US/docs/Web/HTTP/Status/403",2026-07-17T11:06:20.588029
combat,bd6t526816d,,failed,0,0,,http_manifest,known,403,manifest,"Client error '403 ' for url 'https://openapiproext.bnf.fr/iiif/presentation/v3/ark:/12148/bd6t526816d/manifest.json'
For more information check: https://developer.mozilla.org/en-US/docs/Web/HTTP/Status/403",2026-07-17T11:06:21.790825
combat,bd6t526817r,,failed,0,0,,http_manifest,known,403,manifest,"Client error '403 ' for url 'https://openapiproext.bnf.fr/iiif/presentation/v3/ark:/12148/bd6t526817r/manifest.json'
For more information check: https://developer.mozilla.org/en-US/docs/Web/HTTP/Status/403",2026-07-17T11:06:22.996978
combat,bd6t5268183,,failed,0,0,,http_manifest,known,403,manifest,"Client error '403 ' for url 'https://openapiproext.bnf.fr/iiif/presentation/v3/ark:/12148/bd6t5268183/manifest.json'
For more information check: https://developer.mozilla.org/en-US/docs/Web/HTTP/Status/403",2026-07-17T11:06:24.215321
combat,bd6t526819f,,failed,0,0,,http_manifest,known,403,manifest,"Client error '403 ' for url 'https://openapiproext.bnf.fr/iiif/presentation/v3/ark:/12148/bd6t526819f/manifest.json'
For more information check: https://developer.mozilla.org/en-US/docs/Web/HTTP/Status/403",2026-07-17T11:06:25.399246
combat,bd6t526820n,,failed,0,0,,http_manifest,known,403,manifest,"Client error '403 ' for url 'https://openapiproext.bnf.fr/iiif/presentation/v3/ark:/12148/bd6t526820n/manifest.json'
For more information check: https://developer.mozilla.org/en-US/docs/Web/HTTP/Status/403",2026-07-17T11:06:26.603382
combat,bd6t5268210,,failed,0,0,,http_manifest,known,403,manifest,"Client error '403 ' for url 'https://openapiproext.bnf.fr/iiif/presentation/v3/ark:/12148/bd6t5268210/manifest.json'
For more information check: https://developer.mozilla.org/en-US/docs/Web/HTTP/Status/403",2026-07-17T11:06:27.803219
combat,bd6t526822b,,failed,0,0,,http_manifest,known,403,manifest,"Client error '403 ' for url 'https://openapiproext.bnf.fr/iiif/presentation/v3/ark:/12148/bd6t526822b/manifest.json'
For more information check: https://developer.mozilla.org/en-US/docs/Web/HTTP/Status/403",2026-07-17T11:06:29.002743
combat,bd6t526823p,,failed,0,0,,http_manifest,known,403,manifest,"Client error '403 ' for url 'https://openapiproext.bnf.fr/iiif/presentation/v3/ark:/12148/bd6t526823p/manifest.json'
For more information check: https://developer.mozilla.org/en-US/docs/Web/HTTP/Status/403",2026-07-17T11:06:30.203868
combat,bd6t5268241,,failed,0,0,,http_manifest,known,403,manifest,"Client error '403 ' for url 'https://openapiproext.bnf.fr/iiif/presentation/v3/ark:/12148/bd6t5268241/manifest.json'
For more information check: https://developer.mozilla.org/en-US/docs/Web/HTTP/Status/403",2026-07-17T11:06:31.406054
combat,bd6t526825c,,failed,0,0,,http_manifest,known,403,manifest,"Client error '403 ' for url 'https://openapiproext.bnf.fr/iiif/presentation/v3/ark:/12148/bd6t526825c/manifest.json'
For more information check: https://developer.mozilla.org/en-US/docs/Web/HTTP/Status/403",2026-07-17T11:06:32.607571
combat,bd6t526826q,,failed,0,0,,http_manifest,known,403,manifest,"Client error '403 ' for url 'https://openapiproext.bnf.fr/iiif/presentation/v3/ark:/12148/bd6t526826q/manifest.json'
For more information check: https://developer.mozilla.org/en-US/docs/Web/HTTP/Status/403",2026-07-17T11:06:33.817625
combat,bd6t5268272,,failed,0,0,,http_manifest,known,403,manifest,"Client error '403 ' for url 'https://openapiproext.bnf.fr/iiif/presentation/v3/ark:/12148/bd6t5268272/manifest.json'
For more information check: https://developer.mozilla.org/en-US/docs/Web/HTTP/Status/403",2026-07-17T11:06:35.013251
combat,bd6t526828d,,failed,0,0,,http_manifest,known,403,manifest,"Client error '403 ' for url 'https://openapiproext.bnf.fr/iiif/presentation/v3/ark:/12148/bd6t526828d/manifest.json'
For more information check: https://developer.mozilla.org/en-US/docs/Web/HTTP/Status/403",2026-07-17T11:06:36.240368
combat,bd6t526829r,,failed,0,0,,http_manifest,known,403,manifest,"Client error '403 ' for url 'https://openapiproext.bnf.fr/iiif/presentation/v3/ark:/12148/bd6t526829r/manifest.json'
For more information check: https://developer.mozilla.org/en-US/docs/Web/HTTP/Status/403",2026-07-17T11:06:37.414814
combat,bd6t526830z,,failed,0,0,,http_manifest,known,403,manifest,"Client error '403 ' for url 'https://openapiproext.bnf.fr/iiif/presentation/v3/ark:/12148/bd6t526830z/manifest.json'
For more information check: https://developer.mozilla.org/en-US/docs/Web/HTTP/Status/403",2026-07-17T11:06:38.616998
combat,bd6t526675c,,failed,0,0,,http_manifest,known,403,manifest,"Client error '403 ' for url 'https://openapiproext.bnf.fr/iiif/presentation/v3/ark:/12148/bd6t526675c/manifest.json'
For more information check: https://developer.mozilla.org/en-US/docs/Web/HTTP/Status/403",2026-07-17T11:06:39.817715
combat,bd6t526676q,,failed,0,0,,http_manifest,known,403,manifest,"Client error '403 ' for url 'https://openapiproext.bnf.fr/iiif/presentation/v3/ark:/12148/bd6t526676q/manifest.json'
For more information check: https://developer.mozilla.org/en-US/docs/Web/HTTP/Status/403",2026-07-17T11:06:41.021888
combat,bd6t5266772,,failed,0,0,,http_manifest,known,403,manifest,"Client error '403 ' for url 'https://openapiproext.bnf.fr/iiif/presentation/v3/ark:/12148/bd6t5266772/manifest.json'
For more information check: https://developer.mozilla.org/en-US/docs/Web/HTTP/Status/403",2026-07-17T11:06:42.224502
combat,bd6t526678d,,failed,0,0,,http_manifest,known,403,manifest,"Client error '403 ' for url 'https://openapiproext.bnf.fr/iiif/presentation/v3/ark:/12148/bd6t526678d/manifest.json'
For more information check: https://developer.mozilla.org/en-US/docs/Web/HTTP/Status/403",2026-07-17T11:06:43.422992
combat,bd6t526679r,,failed,0,0,,http_manifest,known,403,manifest,"Client error '403 ' for url 'https://openapiproext.bnf.fr/iiif/presentation/v3/ark:/12148/bd6t526679r/manifest.json'
For more information check: https://developer.mozilla.org/en-US/docs/Web/HTTP/Status/403",2026-07-17T11:06:44.628636
combat,bd6t526680z,,failed,0,0,,http_manifest,known,403,manifest,"Client error '403 ' for url 'https://openapiproext.bnf.fr/iiif/presentation/v3/ark:/12148/bd6t526680z/manifest.json'
For more information check: https://developer.mozilla.org/en-US/docs/Web/HTTP/Status/403",2026-07-17T11:06:45.829453
combat,bd6t5266819,,failed,0,0,,http_manifest,known,403,manifest,"Client error '403 ' for url 'https://openapiproext.bnf.fr/iiif/presentation/v3/ark:/12148/bd6t5266819/manifest.json'
For more information check: https://developer.mozilla.org/en-US/docs/Web/HTTP/Status/403",2026-07-17T11:06:47.031549
combat,bd6t526682n,,failed,0,0,,http_manifest,known,403,manifest,"Client error '403 ' for url 'https://openapiproext.bnf.fr/iiif/presentation/v3/ark:/12148/bd6t526682n/manifest.json'
For more information check: https://developer.mozilla.org/en-US/docs/Web/HTTP/Status/403",2026-07-17T11:06:48.229145
combat,bd6t5266830,,failed,0,0,,http_manifest,known,403,manifest,"Client error '403 ' for url 'https://openapiproext.bnf.fr/iiif/presentation/v3/ark:/12148/bd6t5266830/manifest.json'
For more information check: https://developer.mozilla.org/en-US/docs/Web/HTTP/Status/403",2026-07-17T11:06:49.434802
combat,bd6t526684b,,failed,0,0,,http_manifest,known,403,manifest,"Client error '403 ' for url 'https://openapiproext.bnf.fr/iiif/presentation/v3/ark:/12148/bd6t526684b/manifest.json'
For more information check: https://developer.mozilla.org/en-US/docs/Web/HTTP/Status/403",2026-07-17T11:06:50.640544
combat,bd6t526685p,,failed,0,0,,http_manifest,known,403,manifest,"Client error '403 ' for url 'https://openapiproext.bnf.fr/iiif/presentation/v3/ark:/12148/bd6t526685p/manifest.json'
For more information check: https://developer.mozilla.org/en-US/docs/Web/HTTP/Status/403",2026-07-17T11:06:51.838455
combat,bd6t5266861,,failed,0,0,,http_manifest,known,403,manifest,"Client error '403 ' for url 'https://openapiproext.bnf.fr/iiif/presentation/v3/ark:/12148/bd6t5266861/manifest.json'
For more information check: https://developer.mozilla.org/en-US/docs/Web/HTTP/Status/403",2026-07-17T11:06:53.065267
combat,bd6t526687c,,failed,0,0,,http_manifest,known,403,manifest,"Client error '403 ' for url 'https://openapiproext.bnf.fr/iiif/presentation/v3/ark:/12148/bd6t526687c/manifest.json'
For more information check: https://developer.mozilla.org/en-US/docs/Web/HTTP/Status/403",2026-07-17T11:06:54.244344
combat,bd6t526688q,,failed,0,0,,http_manifest,known,403,manifest,"Client error '403 ' for url 'https://openapiproext.bnf.fr/iiif/presentation/v3/ark:/12148/bd6t526688q/manifest.json'
For more information check: https://developer.mozilla.org/en-US/docs/Web/HTTP/Status/403",2026-07-17T11:06:55.444156
combat,bd6t5266892,,failed,0,0,,http_manifest,known,403,manifest,"Client error '403 ' for url 'https://openapiproext.bnf.fr/iiif/presentation/v3/ark:/12148/bd6t5266892/manifest.json'
For more information check: https://developer.mozilla.org/en-US/docs/Web/HTTP/Status/403",2026-07-17T11:06:56.655926
combat,bd6t5266908,,failed,0,0,,http_manifest,known,403,manifest,"Client error '403 ' for url 'https://openapiproext.bnf.fr/iiif/presentation/v3/ark:/12148/bd6t5266908/manifest.json'
For more information check: https://developer.mozilla.org/en-US/docs/Web/HTTP/Status/403",2026-07-17T11:06:57.933375
combat,bd6t526691m,,failed,0,0,,http_manifest,known,403,manifest,"Client error '403 ' for url 'https://openapiproext.bnf.fr/iiif/presentation/v3/ark:/12148/bd6t526691m/manifest.json'
For more information check: https://developer.mozilla.org/en-US/docs/Web/HTTP/Status/403",2026-07-17T11:06:59.049609
combat,bd6t526692z,,failed,0,0,,http_manifest,known,403,manifest,"Client error '403 ' for url 'https://openapiproext.bnf.fr/iiif/presentation/v3/ark:/12148/bd6t526692z/manifest.json'
For more information check: https://developer.mozilla.org/en-US/docs/Web/HTTP/Status/403",2026-07-17T11:07:00.284881
combat,bd6t5266939,,failed,0,0,,http_manifest,known,403,manifest,"Client error '403 ' for url 'https://openapiproext.bnf.fr/iiif/presentation/v3/ark:/12148/bd6t5266939/manifest.json'
For more information check: https://developer.mozilla.org/en-US/docs/Web/HTTP/Status/403",2026-07-17T11:07:01.471039
combat,bd6t526694n,,failed,0,0,,http_manifest,known,403,manifest,"Client error '403 ' for url 'https://openapiproext.bnf.fr/iiif/presentation/v3/ark:/12148/bd6t526694n/manifest.json'
For more information check: https://developer.mozilla.org/en-US/docs/Web/HTTP/Status/403",2026-07-17T11:07:02.656116
combat,bd6t5266950,,failed,0,0,,http_manifest,known,403,manifest,"Client error '403 ' for url 'https://openapiproext.bnf.fr/iiif/presentation/v3/ark:/12148/bd6t5266950/manifest.json'
For more information check: https://developer.mozilla.org/en-US/docs/Web/HTTP/Status/403",2026-07-17T11:07:03.976614
combat,bd6t526696b,,failed,0,0,,http_manifest,known,403,manifest,"Client error '403 ' for url 'https://openapiproext.bnf.fr/iiif/presentation/v3/ark:/12148/bd6t526696b/manifest.json'
For more information check: https://developer.mozilla.org/en-US/docs/Web/HTTP/Status/403",2026-07-17T11:07:05.240519
combat,bd6t526697p,,failed,0,0,,http_manifest,known,403,manifest,"Client error '403 ' for url 'https://openapiproext.bnf.fr/iiif/presentation/v3/ark:/12148/bd6t526697p/manifest.json'
For more information check: https://developer.mozilla.org/en-US/docs/Web/HTTP/Status/403",2026-07-17T11:07:06.415087
combat,bd6t5266981,,failed,0,0,,http_manifest,known,403,manifest,"Client error '403 ' for url 'https://openapiproext.bnf.fr/iiif/presentation/v3/ark:/12148/bd6t5266981/manifest.json'
For more information check: https://developer.mozilla.org/en-US/docs/Web/HTTP/Status/403",2026-07-17T11:07:07.623741
combat,bd6t526699c,,failed,0,0,,http_manifest,known,403,manifest,"Client error '403 ' for url 'https://openapiproext.bnf.fr/iiif/presentation/v3/ark:/12148/bd6t526699c/manifest.json'
For more information check: https://developer.mozilla.org/en-US/docs/Web/HTTP/Status/403",2026-07-17T11:07:08.660668
combat,bd6t526700r,,failed,0,0,,http_manifest,known,403,manifest,"Client error '403 ' for url 'https://openapiproext.bnf.fr/iiif/presentation/v3/ark:/12148/bd6t526700r/manifest.json'
For more information check: https://developer.mozilla.org/en-US/docs/Web/HTTP/Status/403",2026-07-17T11:07:09.867274
combat,bd6t5267013,,failed,0,0,,http_manifest,known,403,manifest,"Client error '403 ' for url 'https://openapiproext.bnf.fr/iiif/presentation/v3/ark:/12148/bd6t5267013/manifest.json'
For more information check: https://developer.mozilla.org/en-US/docs/Web/HTTP/Status/403",2026-07-17T11:07:11.100389
combat,bd6t526702f,,failed,0,0,,http_manifest,known,403,manifest,"Client error '403 ' for url 'https://openapiproext.bnf.fr/iiif/presentation/v3/ark:/12148/bd6t526702f/manifest.json'
For more information check: https://developer.mozilla.org/en-US/docs/Web/HTTP/Status/403",2026-07-17T11:07:12.414627
combat,bd6t526703s,,failed,0,0,,http_manifest,known,403,manifest,"Client error '403 ' for url 'https://openapiproext.bnf.fr/iiif/presentation/v3/ark:/12148/bd6t526703s/manifest.json'
For more information check: https://developer.mozilla.org/en-US/docs/Web/HTTP/Status/403",2026-07-17T11:07:13.508472
combat,bd6t5267044,,failed,0,0,,http_manifest,known,403,manifest,"Client error '403 ' for url 'https://openapiproext.bnf.fr/iiif/presentation/v3/ark:/12148/bd6t5267044/manifest.json'
For more information check: https://developer.mozilla.org/en-US/docs/Web/HTTP/Status/403",2026-07-17T11:07:14.843251
combat,bd6t526705g,,failed,0,0,,http_manifest,known,403,manifest,"Client error '403 ' for url 'https://openapiproext.bnf.fr/iiif/presentation/v3/ark:/12148/bd6t526705g/manifest.json'
For more information check: https://developer.mozilla.org/en-US/docs/Web/HTTP/Status/403",2026-07-17T11:07:15.876688
combat,bd6t526706t,,failed,0,0,,http_manifest,known,403,manifest,"Client error '403 ' for url 'https://openapiproext.bnf.fr/iiif/presentation/v3/ark:/12148/bd6t526706t/manifest.json'
For more information check: https://developer.mozilla.org/en-US/docs/Web/HTTP/Status/403",2026-07-17T11:07:17.073989
combat,bd6t5267075,,failed,0,0,,http_manifest,known,403,manifest,"Client error '403 ' for url 'https://openapiproext.bnf.fr/iiif/presentation/v3/ark:/12148/bd6t5267075/manifest.json'
For more information check: https://developer.mozilla.org/en-US/docs/Web/HTTP/Status/403",2026-07-17T11:07:18.333194
combat,bd6t526708h,,failed,0,0,,http_manifest,known,403,manifest,"Client error '403 ' for url 'https://openapiproext.bnf.fr/iiif/presentation/v3/ark:/12148/bd6t526708h/manifest.json'
For more information check: https://developer.mozilla.org/en-US/docs/Web/HTTP/Status/403",2026-07-17T11:07:19.478655
combat,bd6t526709v,,failed,0,0,,http_manifest,known,403,manifest,"Client error '403 ' for url 'https://openapiproext.bnf.fr/iiif/presentation/v3/ark:/12148/bd6t526709v/manifest.json'
For more information check: https://developer.mozilla.org/en-US/docs/Web/HTTP/Status/403",2026-07-17T11:07:20.680871
combat,bd6t5267102,,failed,0,0,,http_manifest,known,403,manifest,"Client error '403 ' for url 'https://openapiproext.bnf.fr/iiif/presentation/v3/ark:/12148/bd6t5267102/manifest.json'
For more information check: https://developer.mozilla.org/en-US/docs/Web/HTTP/Status/403",2026-07-17T11:07:21.880280
combat,bd6t526711d,,failed,0,0,,http_manifest,known,403,manifest,"Client error '403 ' for url 'https://openapiproext.bnf.fr/iiif/presentation/v3/ark:/12148/bd6t526711d/manifest.json'
For more information check: https://developer.mozilla.org/en-US/docs/Web/HTTP/Status/403",2026-07-17T11:07:23.110039
combat,bd6t526712r,,failed,0,0,,http_manifest,known,403,manifest,"Client error '403 ' for url 'https://openapiproext.bnf.fr/iiif/presentation/v3/ark:/12148/bd6t526712r/manifest.json'
For more information check: https://developer.mozilla.org/en-US/docs/Web/HTTP/Status/403",2026-07-17T11:07:24.288862
combat,bd6t5267133,,failed,0,0,,http_manifest,known,403,manifest,"Client error '403 ' for url 'https://openapiproext.bnf.fr/iiif/presentation/v3/ark:/12148/bd6t5267133/manifest.json'
For more information check: https://developer.mozilla.org/en-US/docs/Web/HTTP/Status/403",2026-07-17T11:07:25.498476
combat,bd6t526714f,,failed,0,0,,http_manifest,known,403,manifest,"Client error '403 ' for url 'https://openapiproext.bnf.fr/iiif/presentation/v3/ark:/12148/bd6t526714f/manifest.json'
For more information check: https://developer.mozilla.org/en-US/docs/Web/HTTP/Status/403",2026-07-17T11:07:26.692773
combat,bd6t526715s,,failed,0,0,,http_manifest,known,403,manifest,"Client error '403 ' for url 'https://openapiproext.bnf.fr/iiif/presentation/v3/ark:/12148/bd6t526715s/manifest.json'
For more information check: https://developer.mozilla.org/en-US/docs/Web/HTTP/Status/403",2026-07-17T11:07:27.891712
combat,bd6t5267164,,failed,0,0,,http_manifest,known,403,manifest,"Client error '403 ' for url 'https://openapiproext.bnf.fr/iiif/presentation/v3/ark:/12148/bd6t5267164/manifest.json'
For more information check: https://developer.mozilla.org/en-US/docs/Web/HTTP/Status/403",2026-07-17T11:07:29.091530
combat,bd6t526717g,,failed,0,0,,http_manifest,known,403,manifest,"Client error '403 ' for url 'https://openapiproext.bnf.fr/iiif/presentation/v3/ark:/12148/bd6t526717g/manifest.json'
For more information check: https://developer.mozilla.org/en-US/docs/Web/HTTP/Status/403",2026-07-17T11:07:30.285745
combat,bd6t526718t,,failed,0,0,,http_manifest,known,403,manifest,"Client error '403 ' for url 'https://openapiproext.bnf.fr/iiif/presentation/v3/ark:/12148/bd6t526718t/manifest.json'
For more information check: https://developer.mozilla.org/en-US/docs/Web/HTTP/Status/403",2026-07-17T11:07:31.497500
combat,bd6t5267195,,failed,0,0,,http_manifest,known,403,manifest,"Client error '403 ' for url 'https://openapiproext.bnf.fr/iiif/presentation/v3/ark:/12148/bd6t5267195/manifest.json'
For more information check: https://developer.mozilla.org/en-US/docs/Web/HTTP/Status/403",2026-07-17T11:07:32.714955
combat,bd6t526720c,,failed,0,0,,http_manifest,known,403,manifest,"Client error '403 ' for url 'https://openapiproext.bnf.fr/iiif/presentation/v3/ark:/12148/bd6t526720c/manifest.json'
For more information check: https://developer.mozilla.org/en-US/docs/Web/HTTP/Status/403",2026-07-17T11:07:33.919387
combat,bd6t526721q,,failed,0,0,,http_manifest,known,403,manifest,"Client error '403 ' for url 'https://openapiproext.bnf.fr/iiif/presentation/v3/ark:/12148/bd6t526721q/manifest.json'
For more information check: https://developer.mozilla.org/en-US/docs/Web/HTTP/Status/403",2026-07-17T11:07:35.100399
combat,bd6t5267222,,failed,0,0,,http_manifest,known,403,manifest,"Client error '403 ' for url 'https://openapiproext.bnf.fr/iiif/presentation/v3/ark:/12148/bd6t5267222/manifest.json'
For more information check: https://developer.mozilla.org/en-US/docs/Web/HTTP/Status/403",2026-07-17T11:07:36.302117
combat,bd6t526723d,,failed,0,0,,http_manifest,known,403,manifest,"Client error '403 ' for url 'https://openapiproext.bnf.fr/iiif/presentation/v3/ark:/12148/bd6t526723d/manifest.json'
For more information check: https://developer.mozilla.org/en-US/docs/Web/HTTP/Status/403",2026-07-17T11:07:37.499091
combat,bd6t526724r,,failed,0,0,,http_manifest,known,403,manifest,"Client error '403 ' for url 'https://openapiproext.bnf.fr/iiif/presentation/v3/ark:/12148/bd6t526724r/manifest.json'
For more information check: https://developer.mozilla.org/en-US/docs/Web/HTTP/Status/403",2026-07-17T11:07:38.700622
combat,bd6t5267253,,failed,0,0,,http_manifest,known,403,manifest,"Client error '403 ' for url 'https://openapiproext.bnf.fr/iiif/presentation/v3/ark:/12148/bd6t5267253/manifest.json'
For more information check: https://developer.mozilla.org/en-US/docs/Web/HTTP/Status/403",2026-07-17T11:07:39.903595
combat,bd6t526726f,,failed,0,0,,http_manifest,known,403,manifest,"Client error '403 ' for url 'https://openapiproext.bnf.fr/iiif/presentation/v3/ark:/12148/bd6t526726f/manifest.json'
For more information check: https://developer.mozilla.org/en-US/docs/Web/HTTP/Status/403",2026-07-17T11:07:41.106636
combat,bd6t526727s,,failed,0,0,,http_manifest,known,403,manifest,"Client error '403 ' for url 'https://openapiproext.bnf.fr/iiif/presentation/v3/ark:/12148/bd6t526727s/manifest.json'
For more information check: https://developer.mozilla.org/en-US/docs/Web/HTTP/Status/403",2026-07-17T11:07:42.307858
combat,bd6t5267284,,failed,0,0,,http_manifest,known,403,manifest,"Client error '403 ' for url 'https://openapiproext.bnf.fr/iiif/presentation/v3/ark:/12148/bd6t5267284/manifest.json'
For more information check: https://developer.mozilla.org/en-US/docs/Web/HTTP/Status/403",2026-07-17T11:07:43.510443
combat,bd6t526729g,,failed,0,0,,http_manifest,known,403,manifest,"Client error '403 ' for url 'https://openapiproext.bnf.fr/iiif/presentation/v3/ark:/12148/bd6t526729g/manifest.json'
For more information check: https://developer.mozilla.org/en-US/docs/Web/HTTP/Status/403",2026-07-17T11:07:44.710034
combat,bd6t526730p,,failed,0,0,,http_manifest,known,403,manifest,"Client error '403 ' for url 'https://openapiproext.bnf.fr/iiif/presentation/v3/ark:/12148/bd6t526730p/manifest.json'
For more information check: https://developer.mozilla.org/en-US/docs/Web/HTTP/Status/403",2026-07-17T11:07:45.939009
combat,bd6t5267311,,failed,0,0,,http_manifest,known,403,manifest,"Client error '403 ' for url 'https://openapiproext.bnf.fr/iiif/presentation/v3/ark:/12148/bd6t5267311/manifest.json'
For more information check: https://developer.mozilla.org/en-US/docs/Web/HTTP/Status/403",2026-07-17T11:07:47.115371
combat,bd6t526732c,,failed,0,0,,http_manifest,known,403,manifest,"Client error '403 ' for url 'https://openapiproext.bnf.fr/iiif/presentation/v3/ark:/12148/bd6t526732c/manifest.json'
For more information check: https://developer.mozilla.org/en-US/docs/Web/HTTP/Status/403",2026-07-17T11:07:48.315485
combat,bd6t526733q,,failed,0,0,,http_manifest,known,403,manifest,"Client error '403 ' for url 'https://openapiproext.bnf.fr/iiif/presentation/v3/ark:/12148/bd6t526733q/manifest.json'
For more information check: https://developer.mozilla.org/en-US/docs/Web/HTTP/Status/403",2026-07-17T11:07:49.515764
combat,bd6t5267342,,failed,0,0,,http_manifest,known,403,manifest,"Client error '403 ' for url 'https://openapiproext.bnf.fr/iiif/presentation/v3/ark:/12148/bd6t5267342/manifest.json'
For more information check: https://developer.mozilla.org/en-US/docs/Web/HTTP/Status/403",2026-07-17T11:07:50.723610
combat,bd6t526735d,,failed,0,0,,http_manifest,known,403,manifest,"Client error '403 ' for url 'https://openapiproext.bnf.fr/iiif/presentation/v3/ark:/12148/bd6t526735d/manifest.json'
For more information check: https://developer.mozilla.org/en-US/docs/Web/HTTP/Status/403",2026-07-17T11:07:51.942809
combat,bd6t526736r,,failed,0,0,,http_manifest,known,403,manifest,"Client error '403 ' for url 'https://openapiproext.bnf.fr/iiif/presentation/v3/ark:/12148/bd6t526736r/manifest.json'
For more information check: https://developer.mozilla.org/en-US/docs/Web/HTTP/Status/403",2026-07-17T11:07:53.122966
combat,bd6t5267373,,failed,0,0,,http_manifest,known,403,manifest,"Client error '403 ' for url 'https://openapiproext.bnf.fr/iiif/presentation/v3/ark:/12148/bd6t5267373/manifest.json'
For more information check: https://developer.mozilla.org/en-US/docs/Web/HTTP/Status/403",2026-07-17T11:07:54.324342
combat,bd6t526738f,,failed,0,0,,http_manifest,known,403,manifest,"Client error '403 ' for url 'https://openapiproext.bnf.fr/iiif/presentation/v3/ark:/12148/bd6t526738f/manifest.json'
For more information check: https://developer.mozilla.org/en-US/docs/Web/HTTP/Status/403",2026-07-17T11:07:55.527662
combat,bd6t526739s,,failed,0,0,,http_manifest,known,403,manifest,"Client error '403 ' for url 'https://openapiproext.bnf.fr/iiif/presentation/v3/ark:/12148/bd6t526739s/manifest.json'
For more information check: https://developer.mozilla.org/en-US/docs/Web/HTTP/Status/403",2026-07-17T11:07:56.727681
combat,bd6t5267400,,failed,0,0,,http_manifest,known,403,manifest,"Client error '403 ' for url 'https://openapiproext.bnf.fr/iiif/presentation/v3/ark:/12148/bd6t5267400/manifest.json'
For more information check: https://developer.mozilla.org/en-US/docs/Web/HTTP/Status/403",2026-07-17T11:07:58.078019
combat,bd6t526741b,,failed,0,0,,http_manifest,known,403,manifest,"Client error '403 ' for url 'https://openapiproext.bnf.fr/iiif/presentation/v3/ark:/12148/bd6t526741b/manifest.json'
For more information check: https://developer.mozilla.org/en-US/docs/Web/HTTP/Status/403",2026-07-17T11:07:59.177473
combat,bd6t526742p,,failed,0,0,,http_manifest,known,403,manifest,"Client error '403 ' for url 'https://openapiproext.bnf.fr/iiif/presentation/v3/ark:/12148/bd6t526742p/manifest.json'
For more information check: https://developer.mozilla.org/en-US/docs/Web/HTTP/Status/403",2026-07-17T11:08:00.336098
combat,bd6t5267431,,failed,0,0,,http_manifest,known,403,manifest,"Client error '403 ' for url 'https://openapiproext.bnf.fr/iiif/presentation/v3/ark:/12148/bd6t5267431/manifest.json'
For more information check: https://developer.mozilla.org/en-US/docs/Web/HTTP/Status/403",2026-07-17T11:08:01.538251
combat,bd6t526744c,,failed,0,0,,http_manifest,known,403,manifest,"Client error '403 ' for url 'https://openapiproext.bnf.fr/iiif/presentation/v3/ark:/12148/bd6t526744c/manifest.json'
For more information check: https://developer.mozilla.org/en-US/docs/Web/HTTP/Status/403",2026-07-17T11:08:02.893963
combat,bd6t526745q,,failed,0,0,,http_manifest,known,403,manifest,"Client error '403 ' for url 'https://openapiproext.bnf.fr/iiif/presentation/v3/ark:/12148/bd6t526745q/manifest.json'
For more information check: https://developer.mozilla.org/en-US/docs/Web/HTTP/Status/403",2026-07-17T11:08:04.090036
combat,bd6t5267462,,failed,0,0,,http_manifest,known,403,manifest,"Client error '403 ' for url 'https://openapiproext.bnf.fr/iiif/presentation/v3/ark:/12148/bd6t5267462/manifest.json'
For more information check: https://developer.mozilla.org/en-US/docs/Web/HTTP/Status/403",2026-07-17T11:08:05.387755
combat,bd6t526747d,,failed,0,0,,http_manifest,known,403,manifest,"Client error '403 ' for url 'https://openapiproext.bnf.fr/iiif/presentation/v3/ark:/12148/bd6t526747d/manifest.json'
For more information check: https://developer.mozilla.org/en-US/docs/Web/HTTP/Status/403",2026-07-17T11:08:06.449245
combat,bd6t526748r,,failed,0,0,,http_manifest,known,403,manifest,"Client error '403 ' for url 'https://openapiproext.bnf.fr/iiif/presentation/v3/ark:/12148/bd6t526748r/manifest.json'
For more information check: https://developer.mozilla.org/en-US/docs/Web/HTTP/Status/403",2026-07-17T11:08:07.547978
combat,bd6t5267493,,failed,0,0,,http_manifest,known,403,manifest,"Client error '403 ' for url 'https://openapiproext.bnf.fr/iiif/presentation/v3/ark:/12148/bd6t5267493/manifest.json'
For more information check: https://developer.mozilla.org/en-US/docs/Web/HTTP/Status/403",2026-07-17T11:08:08.743767
combat,bd6t5267509,,failed,0,0,,http_manifest,known,403,manifest,"Client error '403 ' for url 'https://openapiproext.bnf.fr/iiif/presentation/v3/ark:/12148/bd6t5267509/manifest.json'
For more information check: https://developer.mozilla.org/en-US/docs/Web/HTTP/Status/403",2026-07-17T11:08:10.142418
combat,bd6t526751n,,failed,0,0,,http_manifest,known,403,manifest,"Client error '403 ' for url 'https://openapiproext.bnf.fr/iiif/presentation/v3/ark:/12148/bd6t526751n/manifest.json'
For more information check: https://developer.mozilla.org/en-US/docs/Web/HTTP/Status/403",2026-07-17T11:08:11.163577
combat,bd6t5267520,,failed,0,0,,http_manifest,known,404,manifest,"Client error '404 ' for url 'https://openapiproext.bnf.fr/iiif/presentation/v3/ark:/12148/bd6t5267520/manifest.json'
For more information check: https://developer.mozilla.org/en-US/docs/Web/HTTP/Status/404",2026-07-17T11:08:13.078732
combat,bd6t5287545,,failed,0,0,,http_manifest,known,403,manifest,"Client error '403 ' for url 'https://openapiproext.bnf.fr/iiif/presentation/v3/ark:/12148/bd6t5287545/manifest.json'
For more information check: https://developer.mozilla.org/en-US/docs/Web/HTTP/Status/403",2026-07-17T11:08:13.714197
combat,bd6t528755h,,failed,0,0,,http_manifest,known,403,manifest,"Client error '403 ' for url 'https://openapiproext.bnf.fr/iiif/presentation/v3/ark:/12148/bd6t528755h/manifest.json'
For more information check: https://developer.mozilla.org/en-US/docs/Web/HTTP/Status/403",2026-07-17T11:08:14.990294
combat,bd6t528756v,,failed,0,0,,http_manifest,known,403,manifest,"Client error '403 ' for url 'https://openapiproext.bnf.fr/iiif/presentation/v3/ark:/12148/bd6t528756v/manifest.json'
For more information check: https://developer.mozilla.org/en-US/docs/Web/HTTP/Status/403",2026-07-17T11:08:16.277867
combat,bd6t5287576,,failed,0,0,,http_manifest,known,403,manifest,"Client error '403 ' for url 'https://openapiproext.bnf.fr/iiif/presentation/v3/ark:/12148/bd6t5287576/manifest.json'
For more information check: https://developer.mozilla.org/en-US/docs/Web/HTTP/Status/403",2026-07-17T11:08:17.301830
combat,bd6t528758j,,failed,0,0,,http_manifest,known,403,manifest,"Client error '403 ' for url 'https://openapiproext.bnf.fr/iiif/presentation/v3/ark:/12148/bd6t528758j/manifest.json'
For more information check: https://developer.mozilla.org/en-US/docs/Web/HTTP/Status/403",2026-07-17T11:08:18.610649
combat,bd6t528759w,,failed,0,0,,http_manifest,known,403,manifest,"Client error '403 ' for url 'https://openapiproext.bnf.fr/iiif/presentation/v3/ark:/12148/bd6t528759w/manifest.json'
For more information check: https://developer.mozilla.org/en-US/docs/Web/HTTP/Status/403",2026-07-17T11:08:19.708704
combat,bd6t5287603,,failed,0,0,,http_manifest,known,403,manifest,"Client error '403 ' for url 'https://openapiproext.bnf.fr/iiif/presentation/v3/ark:/12148/bd6t5287603/manifest.json'
For more information check: https://developer.mozilla.org/en-US/docs/Web/HTTP/Status/403",2026-07-17T11:08:20.901502
combat,bd6t528761f,,failed,0,0,,http_manifest,known,403,manifest,"Client error '403 ' for url 'https://openapiproext.bnf.fr/iiif/presentation/v3/ark:/12148/bd6t528761f/manifest.json'
For more information check: https://developer.mozilla.org/en-US/docs/Web/HTTP/Status/403",2026-07-17T11:08:22.129472
combat,bd6t528762s,,failed,0,0,,http_manifest,known,403,manifest,"Client error '403 ' for url 'https://openapiproext.bnf.fr/iiif/presentation/v3/ark:/12148/bd6t528762s/manifest.json'
For more information check: https://developer.mozilla.org/en-US/docs/Web/HTTP/Status/403",2026-07-17T11:08:23.307277
combat,bd6t5287634,,failed,0,0,,http_manifest,known,403,manifest,"Client error '403 ' for url 'https://openapiproext.bnf.fr/iiif/presentation/v3/ark:/12148/bd6t5287634/manifest.json'
For more information check: https://developer.mozilla.org/en-US/docs/Web/HTTP/Status/403",2026-07-17T11:08:24.508325
combat,bd6t528764g,,failed,0,0,,http_manifest,known,403,manifest,"Client error '403 ' for url 'https://openapiproext.bnf.fr/iiif/presentation/v3/ark:/12148/bd6t528764g/manifest.json'
For more information check: https://developer.mozilla.org/en-US/docs/Web/HTTP/Status/403",2026-07-17T11:08:25.711738
combat,bd6t528765t,,failed,0,0,,http_manifest,known,403,manifest,"Client error '403 ' for url 'https://openapiproext.bnf.fr/iiif/presentation/v3/ark:/12148/bd6t528765t/manifest.json'
For more information check: https://developer.mozilla.org/en-US/docs/Web/HTTP/Status/403",2026-07-17T11:08:26.911449
combat,bd6t5287665,,failed,0,0,,http_manifest,known,403,manifest,"Client error '403 ' for url 'https://openapiproext.bnf.fr/iiif/presentation/v3/ark:/12148/bd6t5287665/manifest.json'
For more information check: https://developer.mozilla.org/en-US/docs/Web/HTTP/Status/403",2026-07-17T11:08:28.217690
combat,bd6t528767h,,failed,0,0,,http_manifest,known,403,manifest,"Client error '403 ' for url 'https://openapiproext.bnf.fr/iiif/presentation/v3/ark:/12148/bd6t528767h/manifest.json'
For more information check: https://developer.mozilla.org/en-US/docs/Web/HTTP/Status/403",2026-07-17T11:08:29.314622
combat,bd6t528768v,,failed,0,0,,http_manifest,known,403,manifest,"Client error '403 ' for url 'https://openapiproext.bnf.fr/iiif/presentation/v3/ark:/12148/bd6t528768v/manifest.json'
For more information check: https://developer.mozilla.org/en-US/docs/Web/HTTP/Status/403",2026-07-17T11:08:30.520737
combat,bd6t5287696,,failed,0,0,,http_manifest,known,403,manifest,"Client error '403 ' for url 'https://openapiproext.bnf.fr/iiif/presentation/v3/ark:/12148/bd6t5287696/manifest.json'
For more information check: https://developer.mozilla.org/en-US/docs/Web/HTTP/Status/403",2026-07-17T11:08:31.728550
combat,bd6t528770d,,failed,0,0,,http_manifest,known,403,manifest,"Client error '403 ' for url 'https://openapiproext.bnf.fr/iiif/presentation/v3/ark:/12148/bd6t528770d/manifest.json'
For more information check: https://developer.mozilla.org/en-US/docs/Web/HTTP/Status/403",2026-07-17T11:08:32.917041
combat,bd6t528771r,,failed,0,0,,http_manifest,known,403,manifest,"Client error '403 ' for url 'https://openapiproext.bnf.fr/iiif/presentation/v3/ark:/12148/bd6t528771r/manifest.json'
For more information check: https://developer.mozilla.org/en-US/docs/Web/HTTP/Status/403",2026-07-17T11:08:34.141302
combat,bd6t5287723,,failed,0,0,,http_manifest,known,403,manifest,"Client error '403 ' for url 'https://openapiproext.bnf.fr/iiif/presentation/v3/ark:/12148/bd6t5287723/manifest.json'
For more information check: https://developer.mozilla.org/en-US/docs/Web/HTTP/Status/403",2026-07-17T11:08:35.328228
combat,bd6t528773f,,failed,0,0,,http_manifest,known,403,manifest,"Client error '403 ' for url 'https://openapiproext.bnf.fr/iiif/presentation/v3/ark:/12148/bd6t528773f/manifest.json'
For more information check: https://developer.mozilla.org/en-US/docs/Web/HTTP/Status/403",2026-07-17T11:08:36.530201
combat,bd6t528774s,,failed,0,0,,http_manifest,known,403,manifest,"Client error '403 ' for url 'https://openapiproext.bnf.fr/iiif/presentation/v3/ark:/12148/bd6t528774s/manifest.json'
For more information check: https://developer.mozilla.org/en-US/docs/Web/HTTP/Status/403",2026-07-17T11:08:37.723805
combat,bd6t5287754,,failed,0,0,,http_manifest,known,403,manifest,"Client error '403 ' for url 'https://openapiproext.bnf.fr/iiif/presentation/v3/ark:/12148/bd6t5287754/manifest.json'
For more information check: https://developer.mozilla.org/en-US/docs/Web/HTTP/Status/403",2026-07-17T11:08:38.925843
combat,bd6t528776g,,failed,0,0,,http_manifest,known,403,manifest,"Client error '403 ' for url 'https://openapiproext.bnf.fr/iiif/presentation/v3/ark:/12148/bd6t528776g/manifest.json'
For more information check: https://developer.mozilla.org/en-US/docs/Web/HTTP/Status/403",2026-07-17T11:08:40.123776
combat,bd6t528777t,,failed,0,0,,http_manifest,known,403,manifest,"Client error '403 ' for url 'https://openapiproext.bnf.fr/iiif/presentation/v3/ark:/12148/bd6t528777t/manifest.json'
For more information check: https://developer.mozilla.org/en-US/docs/Web/HTTP/Status/403",2026-07-17T11:08:41.332923
combat,bd6t5287785,,failed,0,0,,http_manifest,known,403,manifest,"Client error '403 ' for url 'https://openapiproext.bnf.fr/iiif/presentation/v3/ark:/12148/bd6t5287785/manifest.json'
For more information check: https://developer.mozilla.org/en-US/docs/Web/HTTP/Status/403",2026-07-17T11:08:42.534446
combat,bd6t528779h,,failed,0,0,,http_manifest,known,403,manifest,"Client error '403 ' for url 'https://openapiproext.bnf.fr/iiif/presentation/v3/ark:/12148/bd6t528779h/manifest.json'
For more information check: https://developer.mozilla.org/en-US/docs/Web/HTTP/Status/403",2026-07-17T11:08:43.733694
combat,bd6t528780q,,failed,0,0,,http_manifest,known,403,manifest,"Client error '403 ' for url 'https://openapiproext.bnf.fr/iiif/presentation/v3/ark:/12148/bd6t528780q/manifest.json'
For more information check: https://developer.mozilla.org/en-US/docs/Web/HTTP/Status/403",2026-07-17T11:08:44.936190
combat,bd6t5287812,,failed,0,0,,http_manifest,known,403,manifest,"Client error '403 ' for url 'https://openapiproext.bnf.fr/iiif/presentation/v3/ark:/12148/bd6t5287812/manifest.json'
For more information check: https://developer.mozilla.org/en-US/docs/Web/HTTP/Status/403",2026-07-17T11:08:46.162187
combat,bd6t528782d,,failed,0,0,,http_manifest,known,403,manifest,"Client error '403 ' for url 'https://openapiproext.bnf.fr/iiif/presentation/v3/ark:/12148/bd6t528782d/manifest.json'
For more information check: https://developer.mozilla.org/en-US/docs/Web/HTTP/Status/403",2026-07-17T11:08:47.335739
combat,bd6t528783r,,failed,0,0,,http_manifest,known,403,manifest,"Client error '403 ' for url 'https://openapiproext.bnf.fr/iiif/presentation/v3/ark:/12148/bd6t528783r/manifest.json'
For more information check: https://developer.mozilla.org/en-US/docs/Web/HTTP/Status/403",2026-07-17T11:08:48.542855
combat,bd6t5287843,,failed,0,0,,http_manifest,known,403,manifest,"Client error '403 ' for url 'https://openapiproext.bnf.fr/iiif/presentation/v3/ark:/12148/bd6t5287843/manifest.json'
For more information check: https://developer.mozilla.org/en-US/docs/Web/HTTP/Status/403",2026-07-17T11:08:49.736887
combat,bd6t528785f,,failed,0,0,,http_manifest,known,403,manifest,"Client error '403 ' for url 'https://openapiproext.bnf.fr/iiif/presentation/v3/ark:/12148/bd6t528785f/manifest.json'
For more information check: https://developer.mozilla.org/en-US/docs/Web/HTTP/Status/403",2026-07-17T11:08:50.940910
combat,bd6t528786s,,failed,0,0,,http_manifest,known,403,manifest,"Client error '403 ' for url 'https://openapiproext.bnf.fr/iiif/presentation/v3/ark:/12148/bd6t528786s/manifest.json'
For more information check: https://developer.mozilla.org/en-US/docs/Web/HTTP/Status/403",2026-07-17T11:08:52.169704
combat,bd6t5287874,,failed,0,0,,http_manifest,known,403,manifest,"Client error '403 ' for url 'https://openapiproext.bnf.fr/iiif/presentation/v3/ark:/12148/bd6t5287874/manifest.json'
For more information check: https://developer.mozilla.org/en-US/docs/Web/HTTP/Status/403",2026-07-17T11:08:53.343075
combat,bd6t528788g,,failed,0,0,,http_manifest,known,403,manifest,"Client error '403 ' for url 'https://openapiproext.bnf.fr/iiif/presentation/v3/ark:/12148/bd6t528788g/manifest.json'
For more information check: https://developer.mozilla.org/en-US/docs/Web/HTTP/Status/403",2026-07-17T11:08:54.550343
combat,bd6t528789t,,failed,0,0,,http_manifest,known,403,manifest,"Client error '403 ' for url 'https://openapiproext.bnf.fr/iiif/presentation/v3/ark:/12148/bd6t528789t/manifest.json'
For more information check: https://developer.mozilla.org/en-US/docs/Web/HTTP/Status/403",2026-07-17T11:08:55.747993
combat,bd6t5287901,,failed,0,0,,http_manifest,known,403,manifest,"Client error '403 ' for url 'https://openapiproext.bnf.fr/iiif/presentation/v3/ark:/12148/bd6t5287901/manifest.json'
For more information check: https://developer.mozilla.org/en-US/docs/Web/HTTP/Status/403",2026-07-17T11:08:56.948762
combat,bd6t528791c,,failed,0,0,,http_manifest,known,403,manifest,"Client error '403 ' for url 'https://openapiproext.bnf.fr/iiif/presentation/v3/ark:/12148/bd6t528791c/manifest.json'
For more information check: https://developer.mozilla.org/en-US/docs/Web/HTTP/Status/403",2026-07-17T11:08:58.284484
combat,bd6t528792q,,failed,0,0,,http_manifest,known,403,manifest,"Client error '403 ' for url 'https://openapiproext.bnf.fr/iiif/presentation/v3/ark:/12148/bd6t528792q/manifest.json'
For more information check: https://developer.mozilla.org/en-US/docs/Web/HTTP/Status/403",2026-07-17T11:08:59.401705
combat,bd6t5287932,,failed,0,0,,http_manifest,known,403,manifest,"Client error '403 ' for url 'https://openapiproext.bnf.fr/iiif/presentation/v3/ark:/12148/bd6t5287932/manifest.json'
For more information check: https://developer.mozilla.org/en-US/docs/Web/HTTP/Status/403",2026-07-17T11:09:00.963879
combat,bd6t528794d,,failed,0,0,,http_manifest,known,403,manifest,"Client error '403 ' for url 'https://openapiproext.bnf.fr/iiif/presentation/v3/ark:/12148/bd6t528794d/manifest.json'
For more information check: https://developer.mozilla.org/en-US/docs/Web/HTTP/Status/403",2026-07-17T11:09:01.769841
combat,bd6t528795r,,failed,0,0,,http_manifest,known,403,manifest,"Client error '403 ' for url 'https://openapiproext.bnf.fr/iiif/presentation/v3/ark:/12148/bd6t528795r/manifest.json'
For more information check: https://developer.mozilla.org/en-US/docs/Web/HTTP/Status/403",2026-07-17T11:09:02.958429
combat,bd6t5287963,,failed,0,0,,http_manifest,known,403,manifest,"Client error '403 ' for url 'https://openapiproext.bnf.fr/iiif/presentation/v3/ark:/12148/bd6t5287963/manifest.json'
For more information check: https://developer.mozilla.org/en-US/docs/Web/HTTP/Status/403",2026-07-17T11:09:04.259940
combat,bd6t528797f,,failed,0,0,,http_manifest,known,403,manifest,"Client error '403 ' for url 'https://openapiproext.bnf.fr/iiif/presentation/v3/ark:/12148/bd6t528797f/manifest.json'
For more information check: https://developer.mozilla.org/en-US/docs/Web/HTTP/Status/403",2026-07-17T11:09:05.600912
combat,bd6t528798s,,failed,0,0,,http_manifest,known,403,manifest,"Client error '403 ' for url 'https://openapiproext.bnf.fr/iiif/presentation/v3/ark:/12148/bd6t528798s/manifest.json'
For more information check: https://developer.mozilla.org/en-US/docs/Web/HTTP/Status/403",2026-07-17T11:09:06.587276
combat,bd6t5287994,,failed,0,0,,http_manifest,known,403,manifest,"Client error '403 ' for url 'https://openapiproext.bnf.fr/iiif/presentation/v3/ark:/12148/bd6t5287994/manifest.json'
For more information check: https://developer.mozilla.org/en-US/docs/Web/HTTP/Status/403",2026-07-17T11:09:07.765145
combat,bd6t528800h,,failed,0,0,,http_manifest,known,403,manifest,"Client error '403 ' for url 'https://openapiproext.bnf.fr/iiif/presentation/v3/ark:/12148/bd6t528800h/manifest.json'
For more information check: https://developer.mozilla.org/en-US/docs/Web/HTTP/Status/403",2026-07-17T11:09:08.969467
combat,bd6t528801v,,failed,0,0,,http_manifest,known,403,manifest,"Client error '403 ' for url 'https://openapiproext.bnf.fr/iiif/presentation/v3/ark:/12148/bd6t528801v/manifest.json'
For more information check: https://developer.mozilla.org/en-US/docs/Web/HTTP/Status/403",2026-07-17T11:09:10.259667
combat,bd6t5288026,,failed,0,0,,http_manifest,known,403,manifest,"Client error '403 ' for url 'https://openapiproext.bnf.fr/iiif/presentation/v3/ark:/12148/bd6t5288026/manifest.json'
For more information check: https://developer.mozilla.org/en-US/docs/Web/HTTP/Status/403",2026-07-17T11:09:11.363546
combat,bd6t528803j,,failed,0,0,,http_manifest,known,403,manifest,"Client error '403 ' for url 'https://openapiproext.bnf.fr/iiif/presentation/v3/ark:/12148/bd6t528803j/manifest.json'
For more information check: https://developer.mozilla.org/en-US/docs/Web/HTTP/Status/403",2026-07-17T11:09:12.660290
combat,bd6t528804w,,failed,0,0,,http_manifest,known,403,manifest,"Client error '403 ' for url 'https://openapiproext.bnf.fr/iiif/presentation/v3/ark:/12148/bd6t528804w/manifest.json'
For more information check: https://developer.mozilla.org/en-US/docs/Web/HTTP/Status/403",2026-07-17T11:09:13.818816
combat,bd6t5288057,,failed,0,0,,http_manifest,known,403,manifest,"Client error '403 ' for url 'https://openapiproext.bnf.fr/iiif/presentation/v3/ark:/12148/bd6t5288057/manifest.json'
For more information check: https://developer.mozilla.org/en-US/docs/Web/HTTP/Status/403",2026-07-17T11:09:14.984496
combat,bd6t528806k,,failed,0,0,,http_manifest,known,403,manifest,"Client error '403 ' for url 'https://openapiproext.bnf.fr/iiif/presentation/v3/ark:/12148/bd6t528806k/manifest.json'
For more information check: https://developer.mozilla.org/en-US/docs/Web/HTTP/Status/403",2026-07-17T11:09:16.406988
combat,bd6t528807x,,failed,0,0,,http_manifest,known,403,manifest,"Client error '403 ' for url 'https://openapiproext.bnf.fr/iiif/presentation/v3/ark:/12148/bd6t528807x/manifest.json'
For more information check: https://developer.mozilla.org/en-US/docs/Web/HTTP/Status/403",2026-07-17T11:09:17.413602
combat,bd6t5288088,,failed,0,0,,http_manifest,known,403,manifest,"Client error '403 ' for url 'https://openapiproext.bnf.fr/iiif/presentation/v3/ark:/12148/bd6t5288088/manifest.json'
For more information check: https://developer.mozilla.org/en-US/docs/Web/HTTP/Status/403",2026-07-17T11:09:18.654166
combat,bd6t528809m,,failed,0,0,,http_manifest,known,403,manifest,"Client error '403 ' for url 'https://openapiproext.bnf.fr/iiif/presentation/v3/ark:/12148/bd6t528809m/manifest.json'
For more information check: https://developer.mozilla.org/en-US/docs/Web/HTTP/Status/403",2026-07-17T11:09:19.776848
combat,bd6t528810t,,failed,0,0,,http_manifest,known,403,manifest,"Client error '403 ' for url 'https://openapiproext.bnf.fr/iiif/presentation/v3/ark:/12148/bd6t528810t/manifest.json'
For more information check: https://developer.mozilla.org/en-US/docs/Web/HTTP/Status/403",2026-07-17T11:09:20.981925
combat,bd6t5288115,,failed,0,0,,http_manifest,known,403,manifest,"Client error '403 ' for url 'https://openapiproext.bnf.fr/iiif/presentation/v3/ark:/12148/bd6t5288115/manifest.json'
For more information check: https://developer.mozilla.org/en-US/docs/Web/HTTP/Status/403",2026-07-17T11:09:22.206657
combat,bd6t528812h,,failed,0,0,,http_manifest,known,403,manifest,"Client error '403 ' for url 'https://openapiproext.bnf.fr/iiif/presentation/v3/ark:/12148/bd6t528812h/manifest.json'
For more information check: https://developer.mozilla.org/en-US/docs/Web/HTTP/Status/403",2026-07-17T11:09:23.388152
combat,bd6t528813v,,failed,0,0,,http_manifest,known,403,manifest,"Client error '403 ' for url 'https://openapiproext.bnf.fr/iiif/presentation/v3/ark:/12148/bd6t528813v/manifest.json'
For more information check: https://developer.mozilla.org/en-US/docs/Web/HTTP/Status/403",2026-07-17T11:09:24.590255
combat,bd6t5288146,,failed,0,0,,http_manifest,known,403,manifest,"Client error '403 ' for url 'https://openapiproext.bnf.fr/iiif/presentation/v3/ark:/12148/bd6t5288146/manifest.json'
For more information check: https://developer.mozilla.org/en-US/docs/Web/HTTP/Status/403",2026-07-17T11:09:25.790571
combat,bd6t528815j,,failed,0,0,,http_manifest,known,403,manifest,"Client error '403 ' for url 'https://openapiproext.bnf.fr/iiif/presentation/v3/ark:/12148/bd6t528815j/manifest.json'
For more information check: https://developer.mozilla.org/en-US/docs/Web/HTTP/Status/403",2026-07-17T11:09:26.988286
combat,bd6t528816w,,failed,0,0,,http_manifest,known,403,manifest,"Client error '403 ' for url 'https://openapiproext.bnf.fr/iiif/presentation/v3/ark:/12148/bd6t528816w/manifest.json'
For more information check: https://developer.mozilla.org/en-US/docs/Web/HTTP/Status/403",2026-07-17T11:09:28.191890
combat,bd6t5288177,,failed,0,0,,http_manifest,known,403,manifest,"Client error '403 ' for url 'https://openapiproext.bnf.fr/iiif/presentation/v3/ark:/12148/bd6t5288177/manifest.json'
For more information check: https://developer.mozilla.org/en-US/docs/Web/HTTP/Status/403",2026-07-17T11:09:29.389405
combat,bd6t528818k,,failed,0,0,,http_manifest,known,403,manifest,"Client error '403 ' for url 'https://openapiproext.bnf.fr/iiif/presentation/v3/ark:/12148/bd6t528818k/manifest.json'
For more information check: https://developer.mozilla.org/en-US/docs/Web/HTTP/Status/403",2026-07-17T11:09:30.592713
combat,bd6t528819x,,failed,0,0,,http_manifest,known,403,manifest,"Client error '403 ' for url 'https://openapiproext.bnf.fr/iiif/presentation/v3/ark:/12148/bd6t528819x/manifest.json'
For more information check: https://developer.mozilla.org/en-US/docs/Web/HTTP/Status/403",2026-07-17T11:09:31.791292
combat,bd6t5288204,,failed,0,0,,http_manifest,known,403,manifest,"Client error '403 ' for url 'https://openapiproext.bnf.fr/iiif/presentation/v3/ark:/12148/bd6t5288204/manifest.json'
For more information check: https://developer.mozilla.org/en-US/docs/Web/HTTP/Status/403",2026-07-17T11:09:32.999770
combat,bd6t528821g,,failed,0,0,,http_manifest,known,403,manifest,"Client error '403 ' for url 'https://openapiproext.bnf.fr/iiif/presentation/v3/ark:/12148/bd6t528821g/manifest.json'
For more information check: https://developer.mozilla.org/en-US/docs/Web/HTTP/Status/403",2026-07-17T11:09:34.230500
combat,bd6t528822t,,failed,0,0,,http_manifest,known,403,manifest,"Client error '403 ' for url 'https://openapiproext.bnf.fr/iiif/presentation/v3/ark:/12148/bd6t528822t/manifest.json'
For more information check: https://developer.mozilla.org/en-US/docs/Web/HTTP/Status/403",2026-07-17T11:09:35.397238
combat,bd6t5288235,,failed,0,0,,http_manifest,known,403,manifest,"Client error '403 ' for url 'https://openapiproext.bnf.fr/iiif/presentation/v3/ark:/12148/bd6t5288235/manifest.json'
For more information check: https://developer.mozilla.org/en-US/docs/Web/HTTP/Status/403",2026-07-17T11:09:36.600215
combat,bd6t528824h,,failed,0,0,,http_manifest,known,403,manifest,"Client error '403 ' for url 'https://openapiproext.bnf.fr/iiif/presentation/v3/ark:/12148/bd6t528824h/manifest.json'
For more information check: https://developer.mozilla.org/en-US/docs/Web/HTTP/Status/403",2026-07-17T11:09:37.807949
combat,bd6t528825v,,failed,0,0,,http_manifest,known,403,manifest,"Client error '403 ' for url 'https://openapiproext.bnf.fr/iiif/presentation/v3/ark:/12148/bd6t528825v/manifest.json'
For more information check: https://developer.mozilla.org/en-US/docs/Web/HTTP/Status/403",2026-07-17T11:09:39.003437
combat,bd6t5288266,,failed,0,0,,http_manifest,known,403,manifest,"Client error '403 ' for url 'https://openapiproext.bnf.fr/iiif/presentation/v3/ark:/12148/bd6t5288266/manifest.json'
For more information check: https://developer.mozilla.org/en-US/docs/Web/HTTP/Status/403",2026-07-17T11:09:40.213576
combat,bd6t528827j,,failed,0,0,,http_manifest,known,403,manifest,"Client error '403 ' for url 'https://openapiproext.bnf.fr/iiif/presentation/v3/ark:/12148/bd6t528827j/manifest.json'
For more information check: https://developer.mozilla.org/en-US/docs/Web/HTTP/Status/403",2026-07-17T11:09:41.421099
combat,bd6t528828w,,failed,0,0,,http_manifest,known,403,manifest,"Client error '403 ' for url 'https://openapiproext.bnf.fr/iiif/presentation/v3/ark:/12148/bd6t528828w/manifest.json'
For more information check: https://developer.mozilla.org/en-US/docs/Web/HTTP/Status/403",2026-07-17T11:09:42.605765
combat,bd6t5288297,,failed,0,0,,http_manifest,known,403,manifest,"Client error '403 ' for url 'https://openapiproext.bnf.fr/iiif/presentation/v3/ark:/12148/bd6t5288297/manifest.json'
For more information check: https://developer.mozilla.org/en-US/docs/Web/HTTP/Status/403",2026-07-17T11:09:43.820949
combat,bd6t528830f,,failed,0,0,,http_manifest,known,403,manifest,"Client error '403 ' for url 'https://openapiproext.bnf.fr/iiif/presentation/v3/ark:/12148/bd6t528830f/manifest.json'
For more information check: https://developer.mozilla.org/en-US/docs/Web/HTTP/Status/403",2026-07-17T11:09:45.013534
combat,bd6t528831s,,failed,0,0,,http_manifest,known,403,manifest,"Client error '403 ' for url 'https://openapiproext.bnf.fr/iiif/presentation/v3/ark:/12148/bd6t528831s/manifest.json'
For more information check: https://developer.mozilla.org/en-US/docs/Web/HTTP/Status/403",2026-07-17T11:09:46.241295
combat,bd6t5288324,,failed,0,0,,http_manifest,known,403,manifest,"Client error '403 ' for url 'https://openapiproext.bnf.fr/iiif/presentation/v3/ark:/12148/bd6t5288324/manifest.json'
For more information check: https://developer.mozilla.org/en-US/docs/Web/HTTP/Status/403",2026-07-17T11:09:47.420593
combat,bd6t528035z,,failed,0,0,,http_manifest,known,403,manifest,"Client error '403 ' for url 'https://openapiproext.bnf.fr/iiif/presentation/v3/ark:/12148/bd6t528035z/manifest.json'
For more information check: https://developer.mozilla.org/en-US/docs/Web/HTTP/Status/403",2026-07-17T11:09:48.618386
combat,bd6t5280369,,failed,0,0,,http_manifest,known,403,manifest,"Client error '403 ' for url 'https://openapiproext.bnf.fr/iiif/presentation/v3/ark:/12148/bd6t5280369/manifest.json'
For more information check: https://developer.mozilla.org/en-US/docs/Web/HTTP/Status/403",2026-07-17T11:09:49.822357
combat,bd6t528037n,,failed,0,0,,http_manifest,known,403,manifest,"Client error '403 ' for url 'https://openapiproext.bnf.fr/iiif/presentation/v3/ark:/12148/bd6t528037n/manifest.json'
For more information check: https://developer.mozilla.org/en-US/docs/Web/HTTP/Status/403",2026-07-17T11:09:51.071943
combat,bd6t5280380,,failed,0,0,,http_manifest,known,403,manifest,"Client error '403 ' for url 'https://openapiproext.bnf.fr/iiif/presentation/v3/ark:/12148/bd6t5280380/manifest.json'
For more information check: https://developer.mozilla.org/en-US/docs/Web/HTTP/Status/403",2026-07-17T11:09:52.244048
combat,bd6t528039b,,failed,0,0,,http_manifest,known,403,manifest,"Client error '403 ' for url 'https://openapiproext.bnf.fr/iiif/presentation/v3/ark:/12148/bd6t528039b/manifest.json'
For more information check: https://developer.mozilla.org/en-US/docs/Web/HTTP/Status/403",2026-07-17T11:09:53.431740
combat,bd6t528040j,,failed,0,0,,http_manifest,known,403,manifest,"Client error '403 ' for url 'https://openapiproext.bnf.fr/iiif/presentation/v3/ark:/12148/bd6t528040j/manifest.json'
For more information check: https://developer.mozilla.org/en-US/docs/Web/HTTP/Status/403",2026-07-17T11:09:54.621808
combat,bd6t528041w,,failed,0,0,,http_manifest,known,403,manifest,"Client error '403 ' for url 'https://openapiproext.bnf.fr/iiif/presentation/v3/ark:/12148/bd6t528041w/manifest.json'
For more information check: https://developer.mozilla.org/en-US/docs/Web/HTTP/Status/403",2026-07-17T11:09:55.827870
combat,bd6t5280427,,failed,0,0,,http_manifest,known,403,manifest,"Client error '403 ' for url 'https://openapiproext.bnf.fr/iiif/presentation/v3/ark:/12148/bd6t5280427/manifest.json'
For more information check: https://developer.mozilla.org/en-US/docs/Web/HTTP/Status/403",2026-07-17T11:09:57.034167
combat,bd6t528043k,,failed,0,0,,http_manifest,known,403,manifest,"Client error '403 ' for url 'https://openapiproext.bnf.fr/iiif/presentation/v3/ark:/12148/bd6t528043k/manifest.json'
For more information check: https://developer.mozilla.org/en-US/docs/Web/HTTP/Status/403",2026-07-17T11:09:58.332185
combat,bd6t528044x,,failed,0,0,,http_manifest,known,403,manifest,"Client error '403 ' for url 'https://openapiproext.bnf.fr/iiif/presentation/v3/ark:/12148/bd6t528044x/manifest.json'
For more information check: https://developer.mozilla.org/en-US/docs/Web/HTTP/Status/403",2026-07-17T11:09:59.434530
combat,bd6t5280458,,failed,0,0,,http_manifest,known,403,manifest,"Client error '403 ' for url 'https://openapiproext.bnf.fr/iiif/presentation/v3/ark:/12148/bd6t5280458/manifest.json'
For more information check: https://developer.mozilla.org/en-US/docs/Web/HTTP/Status/403",2026-07-17T11:10:00.854742
combat,bd6t528046m,,failed,0,0,,http_manifest,known,403,manifest,"Client error '403 ' for url 'https://openapiproext.bnf.fr/iiif/presentation/v3/ark:/12148/bd6t528046m/manifest.json'
For more information check: https://developer.mozilla.org/en-US/docs/Web/HTTP/Status/403",2026-07-17T11:10:02.055553
combat,bd6t528047z,,failed,0,0,,http_manifest,known,403,manifest,"Client error '403 ' for url 'https://openapiproext.bnf.fr/iiif/presentation/v3/ark:/12148/bd6t528047z/manifest.json'
For more information check: https://developer.mozilla.org/en-US/docs/Web/HTTP/Status/403",2026-07-17T11:10:03.033393
combat,bd6t5280489,,failed,0,0,,http_manifest,known,403,manifest,"Client error '403 ' for url 'https://openapiproext.bnf.fr/iiif/presentation/v3/ark:/12148/bd6t5280489/manifest.json'
For more information check: https://developer.mozilla.org/en-US/docs/Web/HTTP/Status/403",2026-07-17T11:10:04.450049
combat,bd6t528049n,,failed,0,0,,http_manifest,known,403,manifest,"Client error '403 ' for url 'https://openapiproext.bnf.fr/iiif/presentation/v3/ark:/12148/bd6t528049n/manifest.json'
For more information check: https://developer.mozilla.org/en-US/docs/Web/HTTP/Status/403",2026-07-17T11:10:05.657641
combat,bd6t528050v,,failed,0,0,,http_manifest,known,403,manifest,"Client error '403 ' for url 'https://openapiproext.bnf.fr/iiif/presentation/v3/ark:/12148/bd6t528050v/manifest.json'
For more information check: https://developer.mozilla.org/en-US/docs/Web/HTTP/Status/403",2026-07-17T11:10:06.644854
combat,bd6t5280516,,failed,0,0,,http_manifest,known,403,manifest,"Client error '403 ' for url 'https://openapiproext.bnf.fr/iiif/presentation/v3/ark:/12148/bd6t5280516/manifest.json'
For more information check: https://developer.mozilla.org/en-US/docs/Web/HTTP/Status/403",2026-07-17T11:10:07.847492
combat,bd6t528052j,,failed,0,0,,http_manifest,known,403,manifest,"Client error '403 ' for url 'https://openapiproext.bnf.fr/iiif/presentation/v3/ark:/12148/bd6t528052j/manifest.json'
For more information check: https://developer.mozilla.org/en-US/docs/Web/HTTP/Status/403",2026-07-17T11:10:09.046423
combat,bd6t528053w,,failed,0,0,,http_manifest,known,403,manifest,"Client error '403 ' for url 'https://openapiproext.bnf.fr/iiif/presentation/v3/ark:/12148/bd6t528053w/manifest.json'
For more information check: https://developer.mozilla.org/en-US/docs/Web/HTTP/Status/403",2026-07-17T11:10:10.351403
combat,bd6t5280547,,failed,0,0,,http_manifest,known,403,manifest,"Client error '403 ' for url 'https://openapiproext.bnf.fr/iiif/presentation/v3/ark:/12148/bd6t5280547/manifest.json'
For more information check: https://developer.mozilla.org/en-US/docs/Web/HTTP/Status/403",2026-07-17T11:10:11.444241
combat,bd6t528055k,,failed,0,0,,http_manifest,known,403,manifest,"Client error '403 ' for url 'https://openapiproext.bnf.fr/iiif/presentation/v3/ark:/12148/bd6t528055k/manifest.json'
For more information check: https://developer.mozilla.org/en-US/docs/Web/HTTP/Status/403",2026-07-17T11:10:12.795046
combat,bd6t528056x,,failed,0,0,,http_manifest,known,403,manifest,"Client error '403 ' for url 'https://openapiproext.bnf.fr/iiif/presentation/v3/ark:/12148/bd6t528056x/manifest.json'
For more information check: https://developer.mozilla.org/en-US/docs/Web/HTTP/Status/403",2026-07-17T11:10:13.864910
combat,bd6t5280578,,failed,0,0,,http_manifest,known,403,manifest,"Client error '403 ' for url 'https://openapiproext.bnf.fr/iiif/presentation/v3/ark:/12148/bd6t5280578/manifest.json'
For more information check: https://developer.mozilla.org/en-US/docs/Web/HTTP/Status/403",2026-07-17T11:10:15.046728
combat,bd6t528058m,,failed,0,0,,http_manifest,known,403,manifest,"Client error '403 ' for url 'https://openapiproext.bnf.fr/iiif/presentation/v3/ark:/12148/bd6t528058m/manifest.json'
For more information check: https://developer.mozilla.org/en-US/docs/Web/HTTP/Status/403",2026-07-17T11:10:16.282083
combat,bd6t528059z,,failed,0,0,,http_manifest,known,403,manifest,"Client error '403 ' for url 'https://openapiproext.bnf.fr/iiif/presentation/v3/ark:/12148/bd6t528059z/manifest.json'
For more information check: https://developer.mozilla.org/en-US/docs/Web/HTTP/Status/403",2026-07-17T11:10:17.449386
combat,bd6t5280605,,failed,0,0,,http_manifest,known,403,manifest,"Client error '403 ' for url 'https://openapiproext.bnf.fr/iiif/presentation/v3/ark:/12148/bd6t5280605/manifest.json'
For more information check: https://developer.mozilla.org/en-US/docs/Web/HTTP/Status/403",2026-07-17T11:10:18.696426
combat,bd6t528061h,,failed,0,0,,http_manifest,known,403,manifest,"Client error '403 ' for url 'https://openapiproext.bnf.fr/iiif/presentation/v3/ark:/12148/bd6t528061h/manifest.json'
For more information check: https://developer.mozilla.org/en-US/docs/Web/HTTP/Status/403",2026-07-17T11:10:19.852444
combat,bd6t528062v,,failed,0,0,,http_manifest,known,403,manifest,"Client error '403 ' for url 'https://openapiproext.bnf.fr/iiif/presentation/v3/ark:/12148/bd6t528062v/manifest.json'
For more information check: https://developer.mozilla.org/en-US/docs/Web/HTTP/Status/403",2026-07-17T11:10:21.061765
combat,bd6t5280636,,failed,0,0,,http_manifest,known,403,manifest,"Client error '403 ' for url 'https://openapiproext.bnf.fr/iiif/presentation/v3/ark:/12148/bd6t5280636/manifest.json'
For more information check: https://developer.mozilla.org/en-US/docs/Web/HTTP/Status/403",2026-07-17T11:10:22.255866
combat,bd6t528064j,,failed,0,0,,http_manifest,known,403,manifest,"Client error '403 ' for url 'https://openapiproext.bnf.fr/iiif/presentation/v3/ark:/12148/bd6t528064j/manifest.json'
For more information check: https://developer.mozilla.org/en-US/docs/Web/HTTP/Status/403",2026-07-17T11:10:23.455046
combat,bd6t528065w,,failed,0,0,,http_manifest,known,403,manifest,"Client error '403 ' for url 'https://openapiproext.bnf.fr/iiif/presentation/v3/ark:/12148/bd6t528065w/manifest.json'
For more information check: https://developer.mozilla.org/en-US/docs/Web/HTTP/Status/403",2026-07-17T11:10:24.657262
combat,bd6t5280667,,failed,0,0,,http_manifest,known,403,manifest,"Client error '403 ' for url 'https://openapiproext.bnf.fr/iiif/presentation/v3/ark:/12148/bd6t5280667/manifest.json'
For more information check: https://developer.mozilla.org/en-US/docs/Web/HTTP/Status/403",2026-07-17T11:10:25.858640
combat,bd6t528067k,,failed,0,0,,http_manifest,known,403,manifest,"Client error '403 ' for url 'https://openapiproext.bnf.fr/iiif/presentation/v3/ark:/12148/bd6t528067k/manifest.json'
For more information check: https://developer.mozilla.org/en-US/docs/Web/HTTP/Status/403",2026-07-17T11:10:27.063340
combat,bd6t528068x,,failed,0,0,,http_manifest,known,403,manifest,"Client error '403 ' for url 'https://openapiproext.bnf.fr/iiif/presentation/v3/ark:/12148/bd6t528068x/manifest.json'
For more information check: https://developer.mozilla.org/en-US/docs/Web/HTTP/Status/403",2026-07-17T11:10:28.282774
combat,bd6t5280698,,failed,0,0,,http_manifest,known,403,manifest,"Client error '403 ' for url 'https://openapiproext.bnf.fr/iiif/presentation/v3/ark:/12148/bd6t5280698/manifest.json'
For more information check: https://developer.mozilla.org/en-US/docs/Web/HTTP/Status/403",2026-07-17T11:10:29.463988
combat,bd6t528070g,,failed,0,0,,http_manifest,known,403,manifest,"Client error '403 ' for url 'https://openapiproext.bnf.fr/iiif/presentation/v3/ark:/12148/bd6t528070g/manifest.json'
For more information check: https://developer.mozilla.org/en-US/docs/Web/HTTP/Status/403",2026-07-17T11:10:30.665245
combat,bd6t528071t,,failed,0,0,,http_manifest,known,403,manifest,"Client error '403 ' for url 'https://openapiproext.bnf.fr/iiif/presentation/v3/ark:/12148/bd6t528071t/manifest.json'
For more information check: https://developer.mozilla.org/en-US/docs/Web/HTTP/Status/403",2026-07-17T11:10:31.869564
combat,bd6t5280725,,failed,0,0,,http_manifest,known,403,manifest,"Client error '403 ' for url 'https://openapiproext.bnf.fr/iiif/presentation/v3/ark:/12148/bd6t5280725/manifest.json'
For more information check: https://developer.mozilla.org/en-US/docs/Web/HTTP/Status/403",2026-07-17T11:10:33.069701
combat,bd6t528073h,,failed,0,0,,http_manifest,known,403,manifest,"Client error '403 ' for url 'https://openapiproext.bnf.fr/iiif/presentation/v3/ark:/12148/bd6t528073h/manifest.json'
For more information check: https://developer.mozilla.org/en-US/docs/Web/HTTP/Status/403",2026-07-17T11:10:34.274463
combat,bd6t528074v,,failed,0,0,,http_manifest,known,403,manifest,"Client error '403 ' for url 'https://openapiproext.bnf.fr/iiif/presentation/v3/ark:/12148/bd6t528074v/manifest.json'
For more information check: https://developer.mozilla.org/en-US/docs/Web/HTTP/Status/403",2026-07-17T11:10:35.472839
combat,bd6t5280756,,failed,0,0,,http_manifest,known,403,manifest,"Client error '403 ' for url 'https://openapiproext.bnf.fr/iiif/presentation/v3/ark:/12148/bd6t5280756/manifest.json'
For more information check: https://developer.mozilla.org/en-US/docs/Web/HTTP/Status/403",2026-07-17T11:10:36.676727
combat,bd6t528076j,,failed,0,0,,http_manifest,known,403,manifest,"Client error '403 ' for url 'https://openapiproext.bnf.fr/iiif/presentation/v3/ark:/12148/bd6t528076j/manifest.json'
For more information check: https://developer.mozilla.org/en-US/docs/Web/HTTP/Status/403",2026-07-17T11:10:37.878110
combat,bd6t528077w,,failed,0,0,,http_manifest,known,403,manifest,"Client error '403 ' for url 'https://openapiproext.bnf.fr/iiif/presentation/v3/ark:/12148/bd6t528077w/manifest.json'
For more information check: https://developer.mozilla.org/en-US/docs/Web/HTTP/Status/403",2026-07-17T11:10:39.086764
combat,bd6t5280787,,failed,0,0,,http_manifest,known,403,manifest,"Client error '403 ' for url 'https://openapiproext.bnf.fr/iiif/presentation/v3/ark:/12148/bd6t5280787/manifest.json'
For more information check: https://developer.mozilla.org/en-US/docs/Web/HTTP/Status/403",2026-07-17T11:10:40.297009
combat,bd6t528079k,,failed,0,0,,http_manifest,known,403,manifest,"Client error '403 ' for url 'https://openapiproext.bnf.fr/iiif/presentation/v3/ark:/12148/bd6t528079k/manifest.json'
For more information check: https://developer.mozilla.org/en-US/docs/Web/HTTP/Status/403",2026-07-17T11:10:41.485900
combat,bd6t528080s,,failed,0,0,,http_manifest,known,403,manifest,"Client error '403 ' for url 'https://openapiproext.bnf.fr/iiif/presentation/v3/ark:/12148/bd6t528080s/manifest.json'
For more information check: https://developer.mozilla.org/en-US/docs/Web/HTTP/Status/403",2026-07-17T11:10:42.683227
combat,bd6t5280814,,failed,0,0,,http_manifest,known,403,manifest,"Client error '403 ' for url 'https://openapiproext.bnf.fr/iiif/presentation/v3/ark:/12148/bd6t5280814/manifest.json'
For more information check: https://developer.mozilla.org/en-US/docs/Web/HTTP/Status/403",2026-07-17T11:10:43.885201
combat,bd6t528082g,,failed,0,0,,http_manifest,known,403,manifest,"Client error '403 ' for url 'https://openapiproext.bnf.fr/iiif/presentation/v3/ark:/12148/bd6t528082g/manifest.json'
For more information check: https://developer.mozilla.org/en-US/docs/Web/HTTP/Status/403",2026-07-17T11:10:45.087644
combat,bd6t528083t,,failed,0,0,,http_manifest,known,403,manifest,"Client error '403 ' for url 'https://openapiproext.bnf.fr/iiif/presentation/v3/ark:/12148/bd6t528083t/manifest.json'
For more information check: https://developer.mozilla.org/en-US/docs/Web/HTTP/Status/403",2026-07-17T11:10:46.299367
combat,bd6t5280845,,failed,0,0,,http_manifest,known,403,manifest,"Client error '403 ' for url 'https://openapiproext.bnf.fr/iiif/presentation/v3/ark:/12148/bd6t5280845/manifest.json'
For more information check: https://developer.mozilla.org/en-US/docs/Web/HTTP/Status/403",2026-07-17T11:10:47.494449
combat,bd6t528085h,,failed,0,0,,http_manifest,known,403,manifest,"Client error '403 ' for url 'https://openapiproext.bnf.fr/iiif/presentation/v3/ark:/12148/bd6t528085h/manifest.json'
For more information check: https://developer.mozilla.org/en-US/docs/Web/HTTP/Status/403",2026-07-17T11:10:48.690379
combat,bd6t528086v,,failed,0,0,,http_manifest,known,403,manifest,"Client error '403 ' for url 'https://openapiproext.bnf.fr/iiif/presentation/v3/ark:/12148/bd6t528086v/manifest.json'
For more information check: https://developer.mozilla.org/en-US/docs/Web/HTTP/Status/403",2026-07-17T11:10:49.889924
combat,bd6t5280876,,failed,0,0,,http_manifest,known,403,manifest,"Client error '403 ' for url 'https://openapiproext.bnf.fr/iiif/presentation/v3/ark:/12148/bd6t5280876/manifest.json'
For more information check: https://developer.mozilla.org/en-US/docs/Web/HTTP/Status/403",2026-07-17T11:10:51.093992
combat,bd6t528088j,,failed,0,0,,http_manifest,known,403,manifest,"Client error '403 ' for url 'https://openapiproext.bnf.fr/iiif/presentation/v3/ark:/12148/bd6t528088j/manifest.json'
For more information check: https://developer.mozilla.org/en-US/docs/Web/HTTP/Status/403",2026-07-17T11:10:52.300245
combat,bd6t528089w,,failed,0,0,,http_manifest,known,403,manifest,"Client error '403 ' for url 'https://openapiproext.bnf.fr/iiif/presentation/v3/ark:/12148/bd6t528089w/manifest.json'
For more information check: https://developer.mozilla.org/en-US/docs/Web/HTTP/Status/403",2026-07-17T11:10:53.494344
combat,bd6t5280903,,failed,0,0,,http_manifest,known,403,manifest,"Client error '403 ' for url 'https://openapiproext.bnf.fr/iiif/presentation/v3/ark:/12148/bd6t5280903/manifest.json'
For more information check: https://developer.mozilla.org/en-US/docs/Web/HTTP/Status/403",2026-07-17T11:10:54.695032
combat,bd6t528091f,,failed,0,0,,http_manifest,known,403,manifest,"Client error '403 ' for url 'https://openapiproext.bnf.fr/iiif/presentation/v3/ark:/12148/bd6t528091f/manifest.json'
For more information check: https://developer.mozilla.org/en-US/docs/Web/HTTP/Status/403",2026-07-17T11:10:55.900926
combat,bd6t528092s,,failed,0,0,,http_manifest,known,403,manifest,"Client error '403 ' for url 'https://openapiproext.bnf.fr/iiif/presentation/v3/ark:/12148/bd6t528092s/manifest.json'
For more information check: https://developer.mozilla.org/en-US/docs/Web/HTTP/Status/403",2026-07-17T11:10:57.098147
combat,bd6t5280934,,failed,0,0,,http_manifest,known,403,manifest,"Client error '403 ' for url 'https://openapiproext.bnf.fr/iiif/presentation/v3/ark:/12148/bd6t5280934/manifest.json'
For more information check: https://developer.mozilla.org/en-US/docs/Web/HTTP/Status/403",2026-07-17T11:10:58.605814
combat,bd6t528094g,,failed,0,0,,http_manifest,known,403,manifest,"Client error '403 ' for url 'https://openapiproext.bnf.fr/iiif/presentation/v3/ark:/12148/bd6t528094g/manifest.json'
For more information check: https://developer.mozilla.org/en-US/docs/Web/HTTP/Status/403",2026-07-17T11:10:59.601401
combat,bd6t528095t,,failed,0,0,,http_manifest,known,403,manifest,"Client error '403 ' for url 'https://openapiproext.bnf.fr/iiif/presentation/v3/ark:/12148/bd6t528095t/manifest.json'
For more information check: https://developer.mozilla.org/en-US/docs/Web/HTTP/Status/403",2026-07-17T11:11:00.897860
combat,bd6t5280965,,failed,0,0,,http_manifest,known,403,manifest,"Client error '403 ' for url 'https://openapiproext.bnf.fr/iiif/presentation/v3/ark:/12148/bd6t5280965/manifest.json'
For more information check: https://developer.mozilla.org/en-US/docs/Web/HTTP/Status/403",2026-07-17T11:11:01.920516
combat,bd6t528097h,,failed,0,0,,http_manifest,known,403,manifest,"Client error '403 ' for url 'https://openapiproext.bnf.fr/iiif/presentation/v3/ark:/12148/bd6t528097h/manifest.json'
For more information check: https://developer.mozilla.org/en-US/docs/Web/HTTP/Status/403",2026-07-17T11:11:03.123031
combat,bd6t528098v,,failed,0,0,,http_manifest,known,403,manifest,"Client error '403 ' for url 'https://openapiproext.bnf.fr/iiif/presentation/v3/ark:/12148/bd6t528098v/manifest.json'
For more information check: https://developer.mozilla.org/en-US/docs/Web/HTTP/Status/403",2026-07-17T11:11:04.492025
combat,bd6t5280996,,failed,0,0,,http_manifest,known,403,manifest,"Client error '403 ' for url 'https://openapiproext.bnf.fr/iiif/presentation/v3/ark:/12148/bd6t5280996/manifest.json'
For more information check: https://developer.mozilla.org/en-US/docs/Web/HTTP/Status/403",2026-07-17T11:11:05.549935
combat,bd6t528100k,,failed,0,0,,http_manifest,known,403,manifest,"Client error '403 ' for url 'https://openapiproext.bnf.fr/iiif/presentation/v3/ark:/12148/bd6t528100k/manifest.json'
For more information check: https://developer.mozilla.org/en-US/docs/Web/HTTP/Status/403",2026-07-17T11:11:06.714615
combat,bd6t528101x,,failed,0,0,,http_manifest,known,403,manifest,"Client error '403 ' for url 'https://openapiproext.bnf.fr/iiif/presentation/v3/ark:/12148/bd6t528101x/manifest.json'
For more information check: https://developer.mozilla.org/en-US/docs/Web/HTTP/Status/403",2026-07-17T11:11:07.909421
combat,bd6t5281028,,failed,0,0,,http_manifest,known,403,manifest,"Client error '403 ' for url 'https://openapiproext.bnf.fr/iiif/presentation/v3/ark:/12148/bd6t5281028/manifest.json'
For more information check: https://developer.mozilla.org/en-US/docs/Web/HTTP/Status/403",2026-07-17T11:11:09.113126
combat,bd6t528103m,,failed,0,0,,http_manifest,known,403,manifest,"Client error '403 ' for url 'https://openapiproext.bnf.fr/iiif/presentation/v3/ark:/12148/bd6t528103m/manifest.json'
For more information check: https://developer.mozilla.org/en-US/docs/Web/HTTP/Status/403",2026-07-17T11:11:10.328975
combat,bd6t528104z,,failed,0,0,,http_manifest,known,403,manifest,"Client error '403 ' for url 'https://openapiproext.bnf.fr/iiif/presentation/v3/ark:/12148/bd6t528104z/manifest.json'
For more information check: https://developer.mozilla.org/en-US/docs/Web/HTTP/Status/403",2026-07-17T11:11:11.522974
combat,bd6t5281059,,failed,0,0,,http_manifest,known,403,manifest,"Client error '403 ' for url 'https://openapiproext.bnf.fr/iiif/presentation/v3/ark:/12148/bd6t5281059/manifest.json'
For more information check: https://developer.mozilla.org/en-US/docs/Web/HTTP/Status/403",2026-07-17T11:11:12.865805
combat,bd6t528106n,,failed,0,0,,http_manifest,known,403,manifest,"Client error '403 ' for url 'https://openapiproext.bnf.fr/iiif/presentation/v3/ark:/12148/bd6t528106n/manifest.json'
For more information check: https://developer.mozilla.org/en-US/docs/Web/HTTP/Status/403",2026-07-17T11:11:13.917386
combat,bd6t5281070,,failed,0,0,,http_manifest,known,403,manifest,"Client error '403 ' for url 'https://openapiproext.bnf.fr/iiif/presentation/v3/ark:/12148/bd6t5281070/manifest.json'
For more information check: https://developer.mozilla.org/en-US/docs/Web/HTTP/Status/403",2026-07-17T11:11:15.125028
combat,bd6t528108b,,failed,0,0,,http_manifest,known,403,manifest,"Client error '403 ' for url 'https://openapiproext.bnf.fr/iiif/presentation/v3/ark:/12148/bd6t528108b/manifest.json'
For more information check: https://developer.mozilla.org/en-US/docs/Web/HTTP/Status/403",2026-07-17T11:11:16.335545
combat,bd6t528109p,,failed,0,0,,http_manifest,known,403,manifest,"Client error '403 ' for url 'https://openapiproext.bnf.fr/iiif/presentation/v3/ark:/12148/bd6t528109p/manifest.json'
For more information check: https://developer.mozilla.org/en-US/docs/Web/HTTP/Status/403",2026-07-17T11:11:17.757961
combat,bd6t528110w,,failed,0,0,,http_manifest,known,403,manifest,"Client error '403 ' for url 'https://openapiproext.bnf.fr/iiif/presentation/v3/ark:/12148/bd6t528110w/manifest.json'
For more information check: https://developer.mozilla.org/en-US/docs/Web/HTTP/Status/403",2026-07-17T11:11:18.796768
combat,bd6t5281117,,failed,0,0,,http_manifest,known,403,manifest,"Client error '403 ' for url 'https://openapiproext.bnf.fr/iiif/presentation/v3/ark:/12148/bd6t5281117/manifest.json'
For more information check: https://developer.mozilla.org/en-US/docs/Web/HTTP/Status/403",2026-07-17T11:11:19.966061
combat,bd6t527958v,,failed,0,0,,http_manifest,known,403,manifest,"Client error '403 ' for url 'https://openapiproext.bnf.fr/iiif/presentation/v3/ark:/12148/bd6t527958v/manifest.json'
For more information check: https://developer.mozilla.org/en-US/docs/Web/HTTP/Status/403",2026-07-17T11:11:21.127110
combat,bd6t5279596,,failed,0,0,,http_manifest,known,403,manifest,"Client error '403 ' for url 'https://openapiproext.bnf.fr/iiif/presentation/v3/ark:/12148/bd6t5279596/manifest.json'
For more information check: https://developer.mozilla.org/en-US/docs/Web/HTTP/Status/403",2026-07-17T11:11:22.333761
combat,bd6t527960d,,failed,0,0,,http_manifest,known,403,manifest,"Client error '403 ' for url 'https://openapiproext.bnf.fr/iiif/presentation/v3/ark:/12148/bd6t527960d/manifest.json'
For more information check: https://developer.mozilla.org/en-US/docs/Web/HTTP/Status/403",2026-07-17T11:11:23.532014
combat,bd6t527961r,,failed,0,0,,http_manifest,known,403,manifest,"Client error '403 ' for url 'https://openapiproext.bnf.fr/iiif/presentation/v3/ark:/12148/bd6t527961r/manifest.json'
For more information check: https://developer.mozilla.org/en-US/docs/Web/HTTP/Status/403",2026-07-17T11:11:24.735442
combat,bd6t5279623,,failed,0,0,,http_manifest,known,403,manifest,"Client error '403 ' for url 'https://openapiproext.bnf.fr/iiif/presentation/v3/ark:/12148/bd6t5279623/manifest.json'
For more information check: https://developer.mozilla.org/en-US/docs/Web/HTTP/Status/403",2026-07-17T11:11:25.935322
combat,bd6t527963f,,failed,0,0,,http_manifest,known,403,manifest,"Client error '403 ' for url 'https://openapiproext.bnf.fr/iiif/presentation/v3/ark:/12148/bd6t527963f/manifest.json'
For more information check: https://developer.mozilla.org/en-US/docs/Web/HTTP/Status/403",2026-07-17T11:11:27.137555
combat,bd6t527964s,,failed,0,0,,http_manifest,known,403,manifest,"Client error '403 ' for url 'https://openapiproext.bnf.fr/iiif/presentation/v3/ark:/12148/bd6t527964s/manifest.json'
For more information check: https://developer.mozilla.org/en-US/docs/Web/HTTP/Status/403",2026-07-17T11:11:28.349858
combat,bd6t5279654,,failed,0,0,,http_manifest,known,403,manifest,"Client error '403 ' for url 'https://openapiproext.bnf.fr/iiif/presentation/v3/ark:/12148/bd6t5279654/manifest.json'
For more information check: https://developer.mozilla.org/en-US/docs/Web/HTTP/Status/403",2026-07-17T11:11:29.552152
combat,bd6t527966g,,failed,0,0,,http_manifest,known,403,manifest,"Client error '403 ' for url 'https://openapiproext.bnf.fr/iiif/presentation/v3/ark:/12148/bd6t527966g/manifest.json'
For more information check: https://developer.mozilla.org/en-US/docs/Web/HTTP/Status/403",2026-07-17T11:11:30.737982
combat,bd6t527967t,,failed,0,0,,http_manifest,known,403,manifest,"Client error '403 ' for url 'https://openapiproext.bnf.fr/iiif/presentation/v3/ark:/12148/bd6t527967t/manifest.json'
For more information check: https://developer.mozilla.org/en-US/docs/Web/HTTP/Status/403",2026-07-17T11:11:31.949096
combat,bd6t5279685,,failed,0,0,,http_manifest,known,403,manifest,"Client error '403 ' for url 'https://openapiproext.bnf.fr/iiif/presentation/v3/ark:/12148/bd6t5279685/manifest.json'
For more information check: https://developer.mozilla.org/en-US/docs/Web/HTTP/Status/403",2026-07-17T11:11:33.141224
combat,bd6t527969h,,failed,0,0,,http_manifest,known,403,manifest,"Client error '403 ' for url 'https://openapiproext.bnf.fr/iiif/presentation/v3/ark:/12148/bd6t527969h/manifest.json'
For more information check: https://developer.mozilla.org/en-US/docs/Web/HTTP/Status/403",2026-07-17T11:11:34.342980
combat,bd6t527970q,,failed,0,0,,http_manifest,known,403,manifest,"Client error '403 ' for url 'https://openapiproext.bnf.fr/iiif/presentation/v3/ark:/12148/bd6t527970q/manifest.json'
For more information check: https://developer.mozilla.org/en-US/docs/Web/HTTP/Status/403",2026-07-17T11:11:35.542144
combat,bd6t5279712,,failed,0,0,,http_manifest,known,403,manifest,"Client error '403 ' for url 'https://openapiproext.bnf.fr/iiif/presentation/v3/ark:/12148/bd6t5279712/manifest.json'
For more information check: https://developer.mozilla.org/en-US/docs/Web/HTTP/Status/403",2026-07-17T11:11:36.753284
combat,bd6t527972d,,failed,0,0,,http_manifest,known,403,manifest,"Client error '403 ' for url 'https://openapiproext.bnf.fr/iiif/presentation/v3/ark:/12148/bd6t527972d/manifest.json'
For more information check: https://developer.mozilla.org/en-US/docs/Web/HTTP/Status/403",2026-07-17T11:11:37.951492
combat,bd6t527973r,,failed,0,0,,http_manifest,known,403,manifest,"Client error '403 ' for url 'https://openapiproext.bnf.fr/iiif/presentation/v3/ark:/12148/bd6t527973r/manifest.json'
For more information check: https://developer.mozilla.org/en-US/docs/Web/HTTP/Status/403",2026-07-17T11:11:39.153894
combat,bd6t5279743,,failed,0,0,,http_manifest,known,403,manifest,"Client error '403 ' for url 'https://openapiproext.bnf.fr/iiif/presentation/v3/ark:/12148/bd6t5279743/manifest.json'
For more information check: https://developer.mozilla.org/en-US/docs/Web/HTTP/Status/403",2026-07-17T11:11:40.350925
combat,bd6t527975f,,failed,0,0,,http_manifest,known,403,manifest,"Client error '403 ' for url 'https://openapiproext.bnf.fr/iiif/presentation/v3/ark:/12148/bd6t527975f/manifest.json'
For more information check: https://developer.mozilla.org/en-US/docs/Web/HTTP/Status/403",2026-07-17T11:11:41.552933
combat,bd6t527976s,,failed,0,0,,http_manifest,known,403,manifest,"Client error '403 ' for url 'https://openapiproext.bnf.fr/iiif/presentation/v3/ark:/12148/bd6t527976s/manifest.json'
For more information check: https://developer.mozilla.org/en-US/docs/Web/HTTP/Status/403",2026-07-17T11:11:42.753313
combat,bd6t5279774,,failed,0,0,,http_manifest,known,403,manifest,"Client error '403 ' for url 'https://openapiproext.bnf.fr/iiif/presentation/v3/ark:/12148/bd6t5279774/manifest.json'
For more information check: https://developer.mozilla.org/en-US/docs/Web/HTTP/Status/403",2026-07-17T11:11:43.953467
combat,bd6t527978g,,failed,0,0,,http_manifest,known,403,manifest,"Client error '403 ' for url 'https://openapiproext.bnf.fr/iiif/presentation/v3/ark:/12148/bd6t527978g/manifest.json'
For more information check: https://developer.mozilla.org/en-US/docs/Web/HTTP/Status/403",2026-07-17T11:11:45.156023
combat,bd6t527979t,,failed,0,0,,http_manifest,known,403,manifest,"Client error '403 ' for url 'https://openapiproext.bnf.fr/iiif/presentation/v3/ark:/12148/bd6t527979t/manifest.json'
For more information check: https://developer.mozilla.org/en-US/docs/Web/HTTP/Status/403",2026-07-17T11:11:46.375677
combat,bd6t5279801,,failed,0,0,,http_manifest,known,403,manifest,"Client error '403 ' for url 'https://openapiproext.bnf.fr/iiif/presentation/v3/ark:/12148/bd6t5279801/manifest.json'
For more information check: https://developer.mozilla.org/en-US/docs/Web/HTTP/Status/403",2026-07-17T11:11:47.557661
combat,bd6t527981c,,failed,0,0,,http_manifest,known,403,manifest,"Client error '403 ' for url 'https://openapiproext.bnf.fr/iiif/presentation/v3/ark:/12148/bd6t527981c/manifest.json'
For more information check: https://developer.mozilla.org/en-US/docs/Web/HTTP/Status/403",2026-07-17T11:11:48.758959
combat,bd6t527982q,,failed,0,0,,http_manifest,known,403,manifest,"Client error '403 ' for url 'https://openapiproext.bnf.fr/iiif/presentation/v3/ark:/12148/bd6t527982q/manifest.json'
For more information check: https://developer.mozilla.org/en-US/docs/Web/HTTP/Status/403",2026-07-17T11:11:49.963713
combat,bd6t5279832,,failed,0,0,,http_manifest,known,403,manifest,"Client error '403 ' for url 'https://openapiproext.bnf.fr/iiif/presentation/v3/ark:/12148/bd6t5279832/manifest.json'
For more information check: https://developer.mozilla.org/en-US/docs/Web/HTTP/Status/403",2026-07-17T11:11:51.162889
combat,bd6t527984d,,failed,0,0,,http_manifest,known,403,manifest,"Client error '403 ' for url 'https://openapiproext.bnf.fr/iiif/presentation/v3/ark:/12148/bd6t527984d/manifest.json'
For more information check: https://developer.mozilla.org/en-US/docs/Web/HTTP/Status/403",2026-07-17T11:11:52.366330
combat,bd6t527985r,,failed,0,0,,http_manifest,known,403,manifest,"Client error '403 ' for url 'https://openapiproext.bnf.fr/iiif/presentation/v3/ark:/12148/bd6t527985r/manifest.json'
For more information check: https://developer.mozilla.org/en-US/docs/Web/HTTP/Status/403",2026-07-17T11:11:53.571958
combat,bd6t5279863,,failed,0,0,,http_manifest,known,403,manifest,"Client error '403 ' for url 'https://openapiproext.bnf.fr/iiif/presentation/v3/ark:/12148/bd6t5279863/manifest.json'
For more information check: https://developer.mozilla.org/en-US/docs/Web/HTTP/Status/403",2026-07-17T11:11:54.772872
combat,bd6t527987f,,failed,0,0,,http_manifest,known,403,manifest,"Client error '403 ' for url 'https://openapiproext.bnf.fr/iiif/presentation/v3/ark:/12148/bd6t527987f/manifest.json'
For more information check: https://developer.mozilla.org/en-US/docs/Web/HTTP/Status/403",2026-07-17T11:11:55.971736
combat,bd6t527988s,,failed,0,0,,http_manifest,known,403,manifest,"Client error '403 ' for url 'https://openapiproext.bnf.fr/iiif/presentation/v3/ark:/12148/bd6t527988s/manifest.json'
For more information check: https://developer.mozilla.org/en-US/docs/Web/HTTP/Status/403",2026-07-17T11:11:57.173119
combat,bd6t5279894,,failed,0,0,,http_manifest,known,403,manifest,"Client error '403 ' for url 'https://openapiproext.bnf.fr/iiif/presentation/v3/ark:/12148/bd6t5279894/manifest.json'
For more information check: https://developer.mozilla.org/en-US/docs/Web/HTTP/Status/403",2026-07-17T11:11:58.595847
combat,bd6t527990b,,failed,0,0,,http_manifest,known,403,manifest,"Client error '403 ' for url 'https://openapiproext.bnf.fr/iiif/presentation/v3/ark:/12148/bd6t527990b/manifest.json'
For more information check: https://developer.mozilla.org/en-US/docs/Web/HTTP/Status/403",2026-07-17T11:11:59.687011
combat,bd6t527991p,,failed,0,0,,http_manifest,known,403,manifest,"Client error '403 ' for url 'https://openapiproext.bnf.fr/iiif/presentation/v3/ark:/12148/bd6t527991p/manifest.json'
For more information check: https://developer.mozilla.org/en-US/docs/Web/HTTP/Status/403",2026-07-17T11:12:00.783352
combat,bd6t5279921,,failed,0,0,,http_manifest,known,403,manifest,"Client error '403 ' for url 'https://openapiproext.bnf.fr/iiif/presentation/v3/ark:/12148/bd6t5279921/manifest.json'
For more information check: https://developer.mozilla.org/en-US/docs/Web/HTTP/Status/403",2026-07-17T11:12:02.155603
combat,bd6t527993c,,failed,0,0,,http_manifest,known,403,manifest,"Client error '403 ' for url 'https://openapiproext.bnf.fr/iiif/presentation/v3/ark:/12148/bd6t527993c/manifest.json'
For more information check: https://developer.mozilla.org/en-US/docs/Web/HTTP/Status/403",2026-07-17T11:12:03.402700
combat,bd6t527994q,,failed,0,0,,http_manifest,known,403,manifest,"Client error '403 ' for url 'https://openapiproext.bnf.fr/iiif/presentation/v3/ark:/12148/bd6t527994q/manifest.json'
For more information check: https://developer.mozilla.org/en-US/docs/Web/HTTP/Status/403",2026-07-17T11:12:04.403817
combat,bd6t5279952,,failed,0,0,,http_manifest,known,403,manifest,"Client error '403 ' for url 'https://openapiproext.bnf.fr/iiif/presentation/v3/ark:/12148/bd6t5279952/manifest.json'
For more information check: https://developer.mozilla.org/en-US/docs/Web/HTTP/Status/403",2026-07-17T11:12:05.715558
combat,bd6t527996d,,failed,0,0,,http_manifest,known,403,manifest,"Client error '403 ' for url 'https://openapiproext.bnf.fr/iiif/presentation/v3/ark:/12148/bd6t527996d/manifest.json'
For more information check: https://developer.mozilla.org/en-US/docs/Web/HTTP/Status/403",2026-07-17T11:12:06.786545
combat,bd6t527997r,,failed,0,0,,http_manifest,known,403,manifest,"Client error '403 ' for url 'https://openapiproext.bnf.fr/iiif/presentation/v3/ark:/12148/bd6t527997r/manifest.json'
For more information check: https://developer.mozilla.org/en-US/docs/Web/HTTP/Status/403",2026-07-17T11:12:08.162244
combat,bd6t5279983,,failed,0,0,,http_manifest,known,403,manifest,"Client error '403 ' for url 'https://openapiproext.bnf.fr/iiif/presentation/v3/ark:/12148/bd6t5279983/manifest.json'
For more information check: https://developer.mozilla.org/en-US/docs/Web/HTTP/Status/403",2026-07-17T11:12:09.217479
combat,bd6t527999f,,failed,0,0,,http_manifest,known,403,manifest,"Client error '403 ' for url 'https://openapiproext.bnf.fr/iiif/presentation/v3/ark:/12148/bd6t527999f/manifest.json'
For more information check: https://developer.mozilla.org/en-US/docs/Web/HTTP/Status/403",2026-07-17T11:12:10.626918
combat,bd6t5280009,,failed,0,0,,http_manifest,known,403,manifest,"Client error '403 ' for url 'https://openapiproext.bnf.fr/iiif/presentation/v3/ark:/12148/bd6t5280009/manifest.json'
For more information check: https://developer.mozilla.org/en-US/docs/Web/HTTP/Status/403",2026-07-17T11:12:11.791633
combat,bd6t528001n,,failed,0,0,,http_manifest,known,403,manifest,"Client error '403 ' for url 'https://openapiproext.bnf.fr/iiif/presentation/v3/ark:/12148/bd6t528001n/manifest.json'
For more information check: https://developer.mozilla.org/en-US/docs/Web/HTTP/Status/403",2026-07-17T11:12:12.806247
combat,bd6t5280020,,failed,0,0,,http_manifest,known,403,manifest,"Client error '403 ' for url 'https://openapiproext.bnf.fr/iiif/presentation/v3/ark:/12148/bd6t5280020/manifest.json'
For more information check: https://developer.mozilla.org/en-US/docs/Web/HTTP/Status/403",2026-07-17T11:12:14.140684
combat,bd6t528003b,,failed,0,0,,http_manifest,known,403,manifest,"Client error '403 ' for url 'https://openapiproext.bnf.fr/iiif/presentation/v3/ark:/12148/bd6t528003b/manifest.json'
For more information check: https://developer.mozilla.org/en-US/docs/Web/HTTP/Status/403",2026-07-17T11:12:15.311245
combat,bd6t528004p,,failed,0,0,,http_manifest,known,403,manifest,"Client error '403 ' for url 'https://openapiproext.bnf.fr/iiif/presentation/v3/ark:/12148/bd6t528004p/manifest.json'
For more information check: https://developer.mozilla.org/en-US/docs/Web/HTTP/Status/403",2026-07-17T11:12:16.543890
combat,bd6t5280051,,failed,0,0,,http_manifest,known,403,manifest,"Client error '403 ' for url 'https://openapiproext.bnf.fr/iiif/presentation/v3/ark:/12148/bd6t5280051/manifest.json'
For more information check: https://developer.mozilla.org/en-US/docs/Web/HTTP/Status/403",2026-07-17T11:12:17.831554
combat,bd6t528006c,,failed,0,0,,http_manifest,known,403,manifest,"Client error '403 ' for url 'https://openapiproext.bnf.fr/iiif/presentation/v3/ark:/12148/bd6t528006c/manifest.json'
For more information check: https://developer.mozilla.org/en-US/docs/Web/HTTP/Status/403",2026-07-17T11:12:18.820926
combat,bd6t528007q,,failed,0,0,,http_manifest,known,403,manifest,"Client error '403 ' for url 'https://openapiproext.bnf.fr/iiif/presentation/v3/ark:/12148/bd6t528007q/manifest.json'
For more information check: https://developer.mozilla.org/en-US/docs/Web/HTTP/Status/403",2026-07-17T11:12:20.000857
combat,bd6t5280082,,failed,0,0,,http_manifest,known,403,manifest,"Client error '403 ' for url 'https://openapiproext.bnf.fr/iiif/presentation/v3/ark:/12148/bd6t5280082/manifest.json'
For more information check: https://developer.mozilla.org/en-US/docs/Web/HTTP/Status/403",2026-07-17T11:12:21.203171
combat,bd6t528009d,,failed,0,0,,http_manifest,known,403,manifest,"Client error '403 ' for url 'https://openapiproext.bnf.fr/iiif/presentation/v3/ark:/12148/bd6t528009d/manifest.json'
For more information check: https://developer.mozilla.org/en-US/docs/Web/HTTP/Status/403",2026-07-17T11:12:22.438234
combat,bd6t528010m,,failed,0,0,,http_manifest,known,403,manifest,"Client error '403 ' for url 'https://openapiproext.bnf.fr/iiif/presentation/v3/ark:/12148/bd6t528010m/manifest.json'
For more information check: https://developer.mozilla.org/en-US/docs/Web/HTTP/Status/403",2026-07-17T11:12:23.605860
combat,bd6t528011z,,failed,0,0,,http_manifest,known,403,manifest,"Client error '403 ' for url 'https://openapiproext.bnf.fr/iiif/presentation/v3/ark:/12148/bd6t528011z/manifest.json'
For more information check: https://developer.mozilla.org/en-US/docs/Web/HTTP/Status/403",2026-07-17T11:12:24.802289
combat,bd6t5280129,,failed,0,0,,http_manifest,known,403,manifest,"Client error '403 ' for url 'https://openapiproext.bnf.fr/iiif/presentation/v3/ark:/12148/bd6t5280129/manifest.json'
For more information check: https://developer.mozilla.org/en-US/docs/Web/HTTP/Status/403",2026-07-17T11:12:26.000791
combat,bd6t528013n,,failed,0,0,,http_manifest,known,403,manifest,"Client error '403 ' for url 'https://openapiproext.bnf.fr/iiif/presentation/v3/ark:/12148/bd6t528013n/manifest.json'
For more information check: https://developer.mozilla.org/en-US/docs/Web/HTTP/Status/403",2026-07-17T11:12:27.208298
combat,bd6t5280140,,failed,0,0,,http_manifest,known,403,manifest,"Client error '403 ' for url 'https://openapiproext.bnf.fr/iiif/presentation/v3/ark:/12148/bd6t5280140/manifest.json'
For more information check: https://developer.mozilla.org/en-US/docs/Web/HTTP/Status/403",2026-07-17T11:12:28.442091
combat,bd6t528015b,,failed,0,0,,http_manifest,known,403,manifest,"Client error '403 ' for url 'https://openapiproext.bnf.fr/iiif/presentation/v3/ark:/12148/bd6t528015b/manifest.json'
For more information check: https://developer.mozilla.org/en-US/docs/Web/HTTP/Status/403",2026-07-17T11:12:29.611946
combat,bd6t528016p,,failed,0,0,,http_manifest,known,403,manifest,"Client error '403 ' for url 'https://openapiproext.bnf.fr/iiif/presentation/v3/ark:/12148/bd6t528016p/manifest.json'
For more information check: https://developer.mozilla.org/en-US/docs/Web/HTTP/Status/403",2026-07-17T11:12:30.813639
combat,bd6t5280171,,failed,0,0,,http_manifest,known,403,manifest,"Client error '403 ' for url 'https://openapiproext.bnf.fr/iiif/presentation/v3/ark:/12148/bd6t5280171/manifest.json'
For more information check: https://developer.mozilla.org/en-US/docs/Web/HTTP/Status/403",2026-07-17T11:12:32.013720
combat,bd6t528018c,,failed,0,0,,http_manifest,known,403,manifest,"Client error '403 ' for url 'https://openapiproext.bnf.fr/iiif/presentation/v3/ark:/12148/bd6t528018c/manifest.json'
For more information check: https://developer.mozilla.org/en-US/docs/Web/HTTP/Status/403",2026-07-17T11:12:33.217183
combat,bd6t528019q,,failed,0,0,,http_manifest,known,403,manifest,"Client error '403 ' for url 'https://openapiproext.bnf.fr/iiif/presentation/v3/ark:/12148/bd6t528019q/manifest.json'
For more information check: https://developer.mozilla.org/en-US/docs/Web/HTTP/Status/403",2026-07-17T11:12:34.421855
combat,bd6t528020x,,failed,0,0,,http_manifest,known,403,manifest,"Client error '403 ' for url 'https://openapiproext.bnf.fr/iiif/presentation/v3/ark:/12148/bd6t528020x/manifest.json'
For more information check: https://developer.mozilla.org/en-US/docs/Web/HTTP/Status/403",2026-07-17T11:12:35.618775
combat,bd6t5280218,,failed,0,0,,http_manifest,known,403,manifest,"Client error '403 ' for url 'https://openapiproext.bnf.fr/iiif/presentation/v3/ark:/12148/bd6t5280218/manifest.json'
For more information check: https://developer.mozilla.org/en-US/docs/Web/HTTP/Status/403",2026-07-17T11:12:36.825450
combat,bd6t528022m,,failed,0,0,,http_manifest,known,403,manifest,"Client error '403 ' for url 'https://openapiproext.bnf.fr/iiif/presentation/v3/ark:/12148/bd6t528022m/manifest.json'
For more information check: https://developer.mozilla.org/en-US/docs/Web/HTTP/Status/403",2026-07-17T11:12:38.020983
combat,bd6t528023z,,failed,0,0,,http_manifest,known,403,manifest,"Client error '403 ' for url 'https://openapiproext.bnf.fr/iiif/presentation/v3/ark:/12148/bd6t528023z/manifest.json'
For more information check: https://developer.mozilla.org/en-US/docs/Web/HTTP/Status/403",2026-07-17T11:12:39.222761
combat,bd6t5280249,,failed,0,0,,http_manifest,known,403,manifest,"Client error '403 ' for url 'https://openapiproext.bnf.fr/iiif/presentation/v3/ark:/12148/bd6t5280249/manifest.json'
For more information check: https://developer.mozilla.org/en-US/docs/Web/HTTP/Status/403",2026-07-17T11:12:40.457596
combat,bd6t528025n,,failed,0,0,,http_manifest,known,403,manifest,"Client error '403 ' for url 'https://openapiproext.bnf.fr/iiif/presentation/v3/ark:/12148/bd6t528025n/manifest.json'
For more information check: https://developer.mozilla.org/en-US/docs/Web/HTTP/Status/403",2026-07-17T11:12:41.625147
combat,bd6t5280260,,failed,0,0,,http_manifest,known,403,manifest,"Client error '403 ' for url 'https://openapiproext.bnf.fr/iiif/presentation/v3/ark:/12148/bd6t5280260/manifest.json'
For more information check: https://developer.mozilla.org/en-US/docs/Web/HTTP/Status/403",2026-07-17T11:12:42.827505
combat,bd6t528027b,,failed,0,0,,http_manifest,known,403,manifest,"Client error '403 ' for url 'https://openapiproext.bnf.fr/iiif/presentation/v3/ark:/12148/bd6t528027b/manifest.json'
For more information check: https://developer.mozilla.org/en-US/docs/Web/HTTP/Status/403",2026-07-17T11:12:44.117638
combat,bd6t528028p,,failed,0,0,,http_manifest,known,403,manifest,"Client error '403 ' for url 'https://openapiproext.bnf.fr/iiif/presentation/v3/ark:/12148/bd6t528028p/manifest.json'
For more information check: https://developer.mozilla.org/en-US/docs/Web/HTTP/Status/403",2026-07-17T11:12:45.230185
combat,bd6t5280291,,failed,0,0,,http_manifest,known,403,manifest,"Client error '403 ' for url 'https://openapiproext.bnf.fr/iiif/presentation/v3/ark:/12148/bd6t5280291/manifest.json'
For more information check: https://developer.mozilla.org/en-US/docs/Web/HTTP/Status/403",2026-07-17T11:12:46.486507
combat,bd6t5280307,,failed,0,0,,http_manifest,known,403,manifest,"Client error '403 ' for url 'https://openapiproext.bnf.fr/iiif/presentation/v3/ark:/12148/bd6t5280307/manifest.json'
For more information check: https://developer.mozilla.org/en-US/docs/Web/HTTP/Status/403",2026-07-17T11:12:47.634655
combat,bd6t528031k,,failed,0,0,,http_manifest,known,403,manifest,"Client error '403 ' for url 'https://openapiproext.bnf.fr/iiif/presentation/v3/ark:/12148/bd6t528031k/manifest.json'
For more information check: https://developer.mozilla.org/en-US/docs/Web/HTTP/Status/403",2026-07-17T11:12:48.839814
combat,bd6t528032x,,failed,0,0,,http_manifest,known,403,manifest,"Client error '403 ' for url 'https://openapiproext.bnf.fr/iiif/presentation/v3/ark:/12148/bd6t528032x/manifest.json'
For more information check: https://developer.mozilla.org/en-US/docs/Web/HTTP/Status/403",2026-07-17T11:12:50.035620
combat,bd6t5280338,,failed,0,0,,http_manifest,known,403,manifest,"Client error '403 ' for url 'https://openapiproext.bnf.fr/iiif/presentation/v3/ark:/12148/bd6t5280338/manifest.json'
For more information check: https://developer.mozilla.org/en-US/docs/Web/HTTP/Status/403",2026-07-17T11:12:51.235636
combat,bd6t528034m,,failed,0,0,,http_manifest,known,403,manifest,"Client error '403 ' for url 'https://openapiproext.bnf.fr/iiif/presentation/v3/ark:/12148/bd6t528034m/manifest.json'
For more information check: https://developer.mozilla.org/en-US/docs/Web/HTTP/Status/403",2026-07-17T11:12:52.450812
combat,bd6t528338t,,failed,0,0,,http_manifest,known,403,manifest,"Client error '403 ' for url 'https://openapiproext.bnf.fr/iiif/presentation/v3/ark:/12148/bd6t528338t/manifest.json'
For more information check: https://developer.mozilla.org/en-US/docs/Web/HTTP/Status/403",2026-07-17T11:12:53.639511
combat,bd6t5283395,,failed,0,0,,http_manifest,known,403,manifest,"Client error '403 ' for url 'https://openapiproext.bnf.fr/iiif/presentation/v3/ark:/12148/bd6t5283395/manifest.json'
For more information check: https://developer.mozilla.org/en-US/docs/Web/HTTP/Status/403",2026-07-17T11:12:54.841778
combat,bd6t528340c,,failed,0,0,,http_manifest,known,403,manifest,"Client error '403 ' for url 'https://openapiproext.bnf.fr/iiif/presentation/v3/ark:/12148/bd6t528340c/manifest.json'
For more information check: https://developer.mozilla.org/en-US/docs/Web/HTTP/Status/403",2026-07-17T11:12:56.045080
combat,bd6t528341q,,failed,0,0,,http_manifest,known,403,manifest,"Client error '403 ' for url 'https://openapiproext.bnf.fr/iiif/presentation/v3/ark:/12148/bd6t528341q/manifest.json'
For more information check: https://developer.mozilla.org/en-US/docs/Web/HTTP/Status/403",2026-07-17T11:12:57.252727
combat,bd6t5283422,,failed,0,0,,http_manifest,known,403,manifest,"Client error '403 ' for url 'https://openapiproext.bnf.fr/iiif/presentation/v3/ark:/12148/bd6t5283422/manifest.json'
For more information check: https://developer.mozilla.org/en-US/docs/Web/HTTP/Status/403",2026-07-17T11:12:58.735774
combat,bd6t528343d,,failed,0,0,,http_manifest,known,403,manifest,"Client error '403 ' for url 'https://openapiproext.bnf.fr/iiif/presentation/v3/ark:/12148/bd6t528343d/manifest.json'
For more information check: https://developer.mozilla.org/en-US/docs/Web/HTTP/Status/403",2026-07-17T11:12:59.827628
combat,bd6t528344r,,failed,0,0,,http_manifest,known,403,manifest,"Client error '403 ' for url 'https://openapiproext.bnf.fr/iiif/presentation/v3/ark:/12148/bd6t528344r/manifest.json'
For more information check: https://developer.mozilla.org/en-US/docs/Web/HTTP/Status/403",2026-07-17T11:13:00.939098
combat,bd6t5283453,,failed,0,0,,http_manifest,known,403,manifest,"Client error '403 ' for url 'https://openapiproext.bnf.fr/iiif/presentation/v3/ark:/12148/bd6t5283453/manifest.json'
For more information check: https://developer.mozilla.org/en-US/docs/Web/HTTP/Status/403",2026-07-17T11:13:02.058010
combat,bd6t528346f,,failed,0,0,,http_manifest,known,403,manifest,"Client error '403 ' for url 'https://openapiproext.bnf.fr/iiif/presentation/v3/ark:/12148/bd6t528346f/manifest.json'
For more information check: https://developer.mozilla.org/en-US/docs/Web/HTTP/Status/403",2026-07-17T11:13:03.255180
combat,bd6t528347s,,failed,0,0,,http_manifest,known,403,manifest,"Client error '403 ' for url 'https://openapiproext.bnf.fr/iiif/presentation/v3/ark:/12148/bd6t528347s/manifest.json'
For more information check: https://developer.mozilla.org/en-US/docs/Web/HTTP/Status/403",2026-07-17T11:13:04.492399
combat,bd6t5283484,,failed,0,0,,http_manifest,known,403,manifest,"Client error '403 ' for url 'https://openapiproext.bnf.fr/iiif/presentation/v3/ark:/12148/bd6t5283484/manifest.json'
For more information check: https://developer.mozilla.org/en-US/docs/Web/HTTP/Status/403",2026-07-17T11:13:05.726436
combat,bd6t528349g,,failed,0,0,,http_manifest,known,403,manifest,"Client error '403 ' for url 'https://openapiproext.bnf.fr/iiif/presentation/v3/ark:/12148/bd6t528349g/manifest.json'
For more information check: https://developer.mozilla.org/en-US/docs/Web/HTTP/Status/403",2026-07-17T11:13:06.859891
combat,bd6t528350p,,failed,0,0,,http_manifest,known,403,manifest,"Client error '403 ' for url 'https://openapiproext.bnf.fr/iiif/presentation/v3/ark:/12148/bd6t528350p/manifest.json'
For more information check: https://developer.mozilla.org/en-US/docs/Web/HTTP/Status/403",2026-07-17T11:13:08.062099
combat,bd6t5283511,,failed,0,0,,http_manifest,known,403,manifest,"Client error '403 ' for url 'https://openapiproext.bnf.fr/iiif/presentation/v3/ark:/12148/bd6t5283511/manifest.json'
For more information check: https://developer.mozilla.org/en-US/docs/Web/HTTP/Status/403",2026-07-17T11:13:09.264363
combat,bd6t528352c,,failed,0,0,,http_manifest,known,403,manifest,"Client error '403 ' for url 'https://openapiproext.bnf.fr/iiif/presentation/v3/ark:/12148/bd6t528352c/manifest.json'
For more information check: https://developer.mozilla.org/en-US/docs/Web/HTTP/Status/403",2026-07-17T11:13:10.487467
combat,bd6t528353q,,failed,0,0,,http_manifest,known,403,manifest,"Client error '403 ' for url 'https://openapiproext.bnf.fr/iiif/presentation/v3/ark:/12148/bd6t528353q/manifest.json'
For more information check: https://developer.mozilla.org/en-US/docs/Web/HTTP/Status/403",2026-07-17T11:13:11.930747
combat,bd6t5283542,,failed,0,0,,http_manifest,known,403,manifest,"Client error '403 ' for url 'https://openapiproext.bnf.fr/iiif/presentation/v3/ark:/12148/bd6t5283542/manifest.json'
For more information check: https://developer.mozilla.org/en-US/docs/Web/HTTP/Status/403",2026-07-17T11:13:12.868983
combat,bd6t528355d,,failed,0,0,,http_manifest,known,403,manifest,"Client error '403 ' for url 'https://openapiproext.bnf.fr/iiif/presentation/v3/ark:/12148/bd6t528355d/manifest.json'
For more information check: https://developer.mozilla.org/en-US/docs/Web/HTTP/Status/403",2026-07-17T11:13:14.125450
combat,bd6t528356r,,failed,0,0,,http_manifest,known,403,manifest,"Client error '403 ' for url 'https://openapiproext.bnf.fr/iiif/presentation/v3/ark:/12148/bd6t528356r/manifest.json'
For more information check: https://developer.mozilla.org/en-US/docs/Web/HTTP/Status/403",2026-07-17T11:13:15.270434
combat,bd6t5283573,,failed,0,0,,http_manifest,known,403,manifest,"Client error '403 ' for url 'https://openapiproext.bnf.fr/iiif/presentation/v3/ark:/12148/bd6t5283573/manifest.json'
For more information check: https://developer.mozilla.org/en-US/docs/Web/HTTP/Status/403",2026-07-17T11:13:16.605366
combat,bd6t528358f,,failed,0,0,,http_manifest,known,403,manifest,"Client error '403 ' for url 'https://openapiproext.bnf.fr/iiif/presentation/v3/ark:/12148/bd6t528358f/manifest.json'
For more information check: https://developer.mozilla.org/en-US/docs/Web/HTTP/Status/403",2026-07-17T11:13:17.764827
combat,bd6t528359s,,failed,0,0,,http_manifest,known,403,manifest,"Client error '403 ' for url 'https://openapiproext.bnf.fr/iiif/presentation/v3/ark:/12148/bd6t528359s/manifest.json'
For more information check: https://developer.mozilla.org/en-US/docs/Web/HTTP/Status/403",2026-07-17T11:13:18.876043
combat,bd6t5283600,,failed,0,0,,http_manifest,known,403,manifest,"Client error '403 ' for url 'https://openapiproext.bnf.fr/iiif/presentation/v3/ark:/12148/bd6t5283600/manifest.json'
For more information check: https://developer.mozilla.org/en-US/docs/Web/HTTP/Status/403",2026-07-17T11:13:20.077739
combat,bd6t528361b,,failed,0,0,,http_manifest,known,403,manifest,"Client error '403 ' for url 'https://openapiproext.bnf.fr/iiif/presentation/v3/ark:/12148/bd6t528361b/manifest.json'
For more information check: https://developer.mozilla.org/en-US/docs/Web/HTTP/Status/403",2026-07-17T11:13:21.274658
combat,bd6t528362p,,failed,0,0,,http_manifest,known,403,manifest,"Client error '403 ' for url 'https://openapiproext.bnf.fr/iiif/presentation/v3/ark:/12148/bd6t528362p/manifest.json'
For more information check: https://developer.mozilla.org/en-US/docs/Web/HTTP/Status/403",2026-07-17T11:13:22.500310
combat,bd6t5283631,,failed,0,0,,http_manifest,known,403,manifest,"Client error '403 ' for url 'https://openapiproext.bnf.fr/iiif/presentation/v3/ark:/12148/bd6t5283631/manifest.json'
For more information check: https://developer.mozilla.org/en-US/docs/Web/HTTP/Status/403",2026-07-17T11:13:23.677837
combat,bd6t528364c,,failed,0,0,,http_manifest,known,403,manifest,"Client error '403 ' for url 'https://openapiproext.bnf.fr/iiif/presentation/v3/ark:/12148/bd6t528364c/manifest.json'
For more information check: https://developer.mozilla.org/en-US/docs/Web/HTTP/Status/403",2026-07-17T11:13:24.877736
combat,bd6t528365q,,failed,0,0,,http_manifest,known,403,manifest,"Client error '403 ' for url 'https://openapiproext.bnf.fr/iiif/presentation/v3/ark:/12148/bd6t528365q/manifest.json'
For more information check: https://developer.mozilla.org/en-US/docs/Web/HTTP/Status/403",2026-07-17T11:13:26.083088
combat,bd6t5283662,,failed,0,0,,http_manifest,known,403,manifest,"Client error '403 ' for url 'https://openapiproext.bnf.fr/iiif/presentation/v3/ark:/12148/bd6t5283662/manifest.json'
For more information check: https://developer.mozilla.org/en-US/docs/Web/HTTP/Status/403",2026-07-17T11:13:27.295025
combat,bd6t528367d,,failed,0,0,,http_manifest,known,403,manifest,"Client error '403 ' for url 'https://openapiproext.bnf.fr/iiif/presentation/v3/ark:/12148/bd6t528367d/manifest.json'
For more information check: https://developer.mozilla.org/en-US/docs/Web/HTTP/Status/403",2026-07-17T11:13:28.511261
combat,bd6t528368r,,failed,0,0,,http_manifest,known,403,manifest,"Client error '403 ' for url 'https://openapiproext.bnf.fr/iiif/presentation/v3/ark:/12148/bd6t528368r/manifest.json'
For more information check: https://developer.mozilla.org/en-US/docs/Web/HTTP/Status/403",2026-07-17T11:13:29.689003
combat,bd6t5283693,,failed,0,0,,http_manifest,known,403,manifest,"Client error '403 ' for url 'https://openapiproext.bnf.fr/iiif/presentation/v3/ark:/12148/bd6t5283693/manifest.json'
For more information check: https://developer.mozilla.org/en-US/docs/Web/HTTP/Status/403",2026-07-17T11:13:30.890902
combat,bd6t5283709,,failed,0,0,,http_manifest,known,403,manifest,"Client error '403 ' for url 'https://openapiproext.bnf.fr/iiif/presentation/v3/ark:/12148/bd6t5283709/manifest.json'
For more information check: https://developer.mozilla.org/en-US/docs/Web/HTTP/Status/403",2026-07-17T11:13:32.095258
combat,bd6t528371n,,failed,0,0,,http_manifest,known,403,manifest,"Client error '403 ' for url 'https://openapiproext.bnf.fr/iiif/presentation/v3/ark:/12148/bd6t528371n/manifest.json'
For more information check: https://developer.mozilla.org/en-US/docs/Web/HTTP/Status/403",2026-07-17T11:13:33.293020
combat,bd6t5283720,,failed,0,0,,http_manifest,known,403,manifest,"Client error '403 ' for url 'https://openapiproext.bnf.fr/iiif/presentation/v3/ark:/12148/bd6t5283720/manifest.json'
For more information check: https://developer.mozilla.org/en-US/docs/Web/HTTP/Status/403",2026-07-17T11:13:34.495537
combat,bd6t528373b,,failed,0,0,,http_manifest,known,403,manifest,"Client error '403 ' for url 'https://openapiproext.bnf.fr/iiif/presentation/v3/ark:/12148/bd6t528373b/manifest.json'
For more information check: https://developer.mozilla.org/en-US/docs/Web/HTTP/Status/403",2026-07-17T11:13:35.700163
combat,bd6t528374p,,failed,0,0,,http_manifest,known,403,manifest,"Client error '403 ' for url 'https://openapiproext.bnf.fr/iiif/presentation/v3/ark:/12148/bd6t528374p/manifest.json'
For more information check: https://developer.mozilla.org/en-US/docs/Web/HTTP/Status/403",2026-07-17T11:13:36.902338
combat,bd6t5283751,,failed,0,0,,http_manifest,known,403,manifest,"Client error '403 ' for url 'https://openapiproext.bnf.fr/iiif/presentation/v3/ark:/12148/bd6t5283751/manifest.json'
For more information check: https://developer.mozilla.org/en-US/docs/Web/HTTP/Status/403",2026-07-17T11:13:38.100120
combat,bd6t528376c,,failed,0,0,,http_manifest,known,403,manifest,"Client error '403 ' for url 'https://openapiproext.bnf.fr/iiif/presentation/v3/ark:/12148/bd6t528376c/manifest.json'
For more information check: https://developer.mozilla.org/en-US/docs/Web/HTTP/Status/403",2026-07-17T11:13:39.302581
combat,bd6t528377q,,failed,0,0,,http_manifest,known,403,manifest,"Client error '403 ' for url 'https://openapiproext.bnf.fr/iiif/presentation/v3/ark:/12148/bd6t528377q/manifest.json'
For more information check: https://developer.mozilla.org/en-US/docs/Web/HTTP/Status/403",2026-07-17T11:13:40.532634
combat,bd6t5283782,,failed,0,0,,http_manifest,known,403,manifest,"Client error '403 ' for url 'https://openapiproext.bnf.fr/iiif/presentation/v3/ark:/12148/bd6t5283782/manifest.json'
For more information check: https://developer.mozilla.org/en-US/docs/Web/HTTP/Status/403",2026-07-17T11:13:41.712972
combat,bd6t528379d,,failed,0,0,,http_manifest,known,403,manifest,"Client error '403 ' for url 'https://openapiproext.bnf.fr/iiif/presentation/v3/ark:/12148/bd6t528379d/manifest.json'
For more information check: https://developer.mozilla.org/en-US/docs/Web/HTTP/Status/403",2026-07-17T11:13:42.907261
combat,bd6t528380m,,failed,0,0,,http_manifest,known,403,manifest,"Client error '403 ' for url 'https://openapiproext.bnf.fr/iiif/presentation/v3/ark:/12148/bd6t528380m/manifest.json'
For more information check: https://developer.mozilla.org/en-US/docs/Web/HTTP/Status/403",2026-07-17T11:13:44.109597
combat,bd6t528381z,,failed,0,0,,http_manifest,known,403,manifest,"Client error '403 ' for url 'https://openapiproext.bnf.fr/iiif/presentation/v3/ark:/12148/bd6t528381z/manifest.json'
For more information check: https://developer.mozilla.org/en-US/docs/Web/HTTP/Status/403",2026-07-17T11:13:45.311388
combat,bd6t5283829,,failed,0,0,,http_manifest,known,403,manifest,"Client error '403 ' for url 'https://openapiproext.bnf.fr/iiif/presentation/v3/ark:/12148/bd6t5283829/manifest.json'
For more information check: https://developer.mozilla.org/en-US/docs/Web/HTTP/Status/403",2026-07-17T11:13:46.513583
combat,bd6t528383n,,failed,0,0,,http_manifest,known,403,manifest,"Client error '403 ' for url 'https://openapiproext.bnf.fr/iiif/presentation/v3/ark:/12148/bd6t528383n/manifest.json'
For more information check: https://developer.mozilla.org/en-US/docs/Web/HTTP/Status/403",2026-07-17T11:13:47.714810
combat,bd6t5283840,,failed,0,0,,http_manifest,known,403,manifest,"Client error '403 ' for url 'https://openapiproext.bnf.fr/iiif/presentation/v3/ark:/12148/bd6t5283840/manifest.json'
For more information check: https://developer.mozilla.org/en-US/docs/Web/HTTP/Status/403",2026-07-17T11:13:48.917930
combat,bd6t528385b,,failed,0,0,,http_manifest,known,403,manifest,"Client error '403 ' for url 'https://openapiproext.bnf.fr/iiif/presentation/v3/ark:/12148/bd6t528385b/manifest.json'
For more information check: https://developer.mozilla.org/en-US/docs/Web/HTTP/Status/403",2026-07-17T11:13:50.116865
combat,bd6t528386p,,failed,0,0,,http_manifest,known,403,manifest,"Client error '403 ' for url 'https://openapiproext.bnf.fr/iiif/presentation/v3/ark:/12148/bd6t528386p/manifest.json'
For more information check: https://developer.mozilla.org/en-US/docs/Web/HTTP/Status/403",2026-07-17T11:13:51.318109
combat,bd6t5283871,,failed,0,0,,http_manifest,known,403,manifest,"Client error '403 ' for url 'https://openapiproext.bnf.fr/iiif/presentation/v3/ark:/12148/bd6t5283871/manifest.json'
For more information check: https://developer.mozilla.org/en-US/docs/Web/HTTP/Status/403",2026-07-17T11:13:52.545948
combat,bd6t528388c,,failed,0,0,,http_manifest,known,403,manifest,"Client error '403 ' for url 'https://openapiproext.bnf.fr/iiif/presentation/v3/ark:/12148/bd6t528388c/manifest.json'
For more information check: https://developer.mozilla.org/en-US/docs/Web/HTTP/Status/403",2026-07-17T11:13:53.725029
combat,bd6t528389q,,failed,0,0,,http_manifest,known,403,manifest,"Client error '403 ' for url 'https://openapiproext.bnf.fr/iiif/presentation/v3/ark:/12148/bd6t528389q/manifest.json'
For more information check: https://developer.mozilla.org/en-US/docs/Web/HTTP/Status/403",2026-07-17T11:13:54.926199
combat,bd6t528390x,,failed,0,0,,http_manifest,known,403,manifest,"Client error '403 ' for url 'https://openapiproext.bnf.fr/iiif/presentation/v3/ark:/12148/bd6t528390x/manifest.json'
For more information check: https://developer.mozilla.org/en-US/docs/Web/HTTP/Status/403",2026-07-17T11:13:56.127160
combat,bd6t5283918,,failed,0,0,,http_manifest,known,403,manifest,"Client error '403 ' for url 'https://openapiproext.bnf.fr/iiif/presentation/v3/ark:/12148/bd6t5283918/manifest.json'
For more information check: https://developer.mozilla.org/en-US/docs/Web/HTTP/Status/403",2026-07-17T11:13:57.327549
combat,bd6t528392m,,failed,0,0,,http_manifest,known,403,manifest,"Client error '403 ' for url 'https://openapiproext.bnf.fr/iiif/presentation/v3/ark:/12148/bd6t528392m/manifest.json'
For more information check: https://developer.mozilla.org/en-US/docs/Web/HTTP/Status/403",2026-07-17T11:13:58.554037
combat,bd6t528393z,,failed,0,0,,http_manifest,known,403,manifest,"Client error '403 ' for url 'https://openapiproext.bnf.fr/iiif/presentation/v3/ark:/12148/bd6t528393z/manifest.json'
For more information check: https://developer.mozilla.org/en-US/docs/Web/HTTP/Status/403",2026-07-17T11:13:59.729013
combat,bd6t5283949,,failed,0,0,,http_manifest,known,403,manifest,"Client error '403 ' for url 'https://openapiproext.bnf.fr/iiif/presentation/v3/ark:/12148/bd6t5283949/manifest.json'
For more information check: https://developer.mozilla.org/en-US/docs/Web/HTTP/Status/403",2026-07-17T11:14:01.003426
combat,bd6t528395n,,failed,0,0,,http_manifest,known,403,manifest,"Client error '403 ' for url 'https://openapiproext.bnf.fr/iiif/presentation/v3/ark:/12148/bd6t528395n/manifest.json'
For more information check: https://developer.mozilla.org/en-US/docs/Web/HTTP/Status/403",2026-07-17T11:14:02.199233
combat,bd6t5283960,,failed,0,0,,http_manifest,known,403,manifest,"Client error '403 ' for url 'https://openapiproext.bnf.fr/iiif/presentation/v3/ark:/12148/bd6t5283960/manifest.json'
For more information check: https://developer.mozilla.org/en-US/docs/Web/HTTP/Status/403",2026-07-17T11:14:03.620098
combat,bd6t528397b,,failed,0,0,,http_manifest,known,403,manifest,"Client error '403 ' for url 'https://openapiproext.bnf.fr/iiif/presentation/v3/ark:/12148/bd6t528397b/manifest.json'
For more information check: https://developer.mozilla.org/en-US/docs/Web/HTTP/Status/403",2026-07-17T11:14:04.866390
combat,bd6t528398p,,failed,0,0,,http_manifest,known,403,manifest,"Client error '403 ' for url 'https://openapiproext.bnf.fr/iiif/presentation/v3/ark:/12148/bd6t528398p/manifest.json'
For more information check: https://developer.mozilla.org/en-US/docs/Web/HTTP/Status/403",2026-07-17T11:14:05.902012
combat,bd6t5283991,,failed,0,0,,http_manifest,known,403,manifest,"Client error '403 ' for url 'https://openapiproext.bnf.fr/iiif/presentation/v3/ark:/12148/bd6t5283991/manifest.json'
For more information check: https://developer.mozilla.org/en-US/docs/Web/HTTP/Status/403",2026-07-17T11:14:07.013507
combat,bd6t528400d,,failed,0,0,,http_manifest,known,403,manifest,"Client error '403 ' for url 'https://openapiproext.bnf.fr/iiif/presentation/v3/ark:/12148/bd6t528400d/manifest.json'
For more information check: https://developer.mozilla.org/en-US/docs/Web/HTTP/Status/403",2026-07-17T11:14:08.212225
combat,bd6t528401r,,failed,0,0,,http_manifest,known,403,manifest,"Client error '403 ' for url 'https://openapiproext.bnf.fr/iiif/presentation/v3/ark:/12148/bd6t528401r/manifest.json'
For more information check: https://developer.mozilla.org/en-US/docs/Web/HTTP/Status/403",2026-07-17T11:14:09.432633
combat,bd6t5284023,,failed,0,0,,http_manifest,known,403,manifest,"Client error '403 ' for url 'https://openapiproext.bnf.fr/iiif/presentation/v3/ark:/12148/bd6t5284023/manifest.json'
For more information check: https://developer.mozilla.org/en-US/docs/Web/HTTP/Status/403",2026-07-17T11:14:10.781839
combat,bd6t528403f,,failed,0,0,,http_manifest,known,403,manifest,"Client error '403 ' for url 'https://openapiproext.bnf.fr/iiif/presentation/v3/ark:/12148/bd6t528403f/manifest.json'
For more information check: https://developer.mozilla.org/en-US/docs/Web/HTTP/Status/403",2026-07-17T11:14:11.929270
combat,bd6t528404s,,failed,0,0,,http_manifest,known,403,manifest,"Client error '403 ' for url 'https://openapiproext.bnf.fr/iiif/presentation/v3/ark:/12148/bd6t528404s/manifest.json'
For more information check: https://developer.mozilla.org/en-US/docs/Web/HTTP/Status/403",2026-07-17T11:14:13.021010
combat,bd6t5284054,,failed,0,0,,http_manifest,known,403,manifest,"Client error '403 ' for url 'https://openapiproext.bnf.fr/iiif/presentation/v3/ark:/12148/bd6t5284054/manifest.json'
For more information check: https://developer.mozilla.org/en-US/docs/Web/HTTP/Status/403",2026-07-17T11:14:14.230399
combat,bd6t528406g,,failed,0,0,,http_manifest,known,403,manifest,"Client error '403 ' for url 'https://openapiproext.bnf.fr/iiif/presentation/v3/ark:/12148/bd6t528406g/manifest.json'
For more information check: https://developer.mozilla.org/en-US/docs/Web/HTTP/Status/403",2026-07-17T11:14:15.433143
combat,bd6t528407t,,failed,0,0,,http_manifest,known,403,manifest,"Client error '403 ' for url 'https://openapiproext.bnf.fr/iiif/presentation/v3/ark:/12148/bd6t528407t/manifest.json'
For more information check: https://developer.mozilla.org/en-US/docs/Web/HTTP/Status/403",2026-07-17T11:14:16.796829
combat,bd6t5284085,,failed,0,0,,http_manifest,known,403,manifest,"Client error '403 ' for url 'https://openapiproext.bnf.fr/iiif/presentation/v3/ark:/12148/bd6t5284085/manifest.json'
For more information check: https://developer.mozilla.org/en-US/docs/Web/HTTP/Status/403",2026-07-17T11:14:18.009901
combat,bd6t528409h,,failed,0,0,,http_manifest,known,403,manifest,"Client error '403 ' for url 'https://openapiproext.bnf.fr/iiif/presentation/v3/ark:/12148/bd6t528409h/manifest.json'
For more information check: https://developer.mozilla.org/en-US/docs/Web/HTTP/Status/403",2026-07-17T11:14:19.025091
combat,bd6t528410q,,failed,0,0,,http_manifest,known,403,manifest,"Client error '403 ' for url 'https://openapiproext.bnf.fr/iiif/presentation/v3/ark:/12148/bd6t528410q/manifest.json'
For more information check: https://developer.mozilla.org/en-US/docs/Web/HTTP/Status/403",2026-07-17T11:14:20.229354
combat,bd6t5284112,,failed,0,0,,http_manifest,known,403,manifest,"Client error '403 ' for url 'https://openapiproext.bnf.fr/iiif/presentation/v3/ark:/12148/bd6t5284112/manifest.json'
For more information check: https://developer.mozilla.org/en-US/docs/Web/HTTP/Status/403",2026-07-17T11:14:21.432955
combat,bd6t528412d,,failed,0,0,,http_manifest,known,403,manifest,"Client error '403 ' for url 'https://openapiproext.bnf.fr/iiif/presentation/v3/ark:/12148/bd6t528412d/manifest.json'
For more information check: https://developer.mozilla.org/en-US/docs/Web/HTTP/Status/403",2026-07-17T11:14:22.639725
combat,bd6t528413r,,failed,0,0,,http_manifest,known,403,manifest,"Client error '403 ' for url 'https://openapiproext.bnf.fr/iiif/presentation/v3/ark:/12148/bd6t528413r/manifest.json'
For more information check: https://developer.mozilla.org/en-US/docs/Web/HTTP/Status/403",2026-07-17T11:14:23.831041
combat,bd6t5284143,,failed,0,0,,http_manifest,known,403,manifest,"Client error '403 ' for url 'https://openapiproext.bnf.fr/iiif/presentation/v3/ark:/12148/bd6t5284143/manifest.json'
For more information check: https://developer.mozilla.org/en-US/docs/Web/HTTP/Status/403",2026-07-17T11:14:25.036870
combat,bd6t528415f,,failed,0,0,,http_manifest,known,403,manifest,"Client error '403 ' for url 'https://openapiproext.bnf.fr/iiif/presentation/v3/ark:/12148/bd6t528415f/manifest.json'
For more information check: https://developer.mozilla.org/en-US/docs/Web/HTTP/Status/403",2026-07-17T11:14:26.232195
combat,bd6t528416s,,failed,0,0,,http_manifest,known,403,manifest,"Client error '403 ' for url 'https://openapiproext.bnf.fr/iiif/presentation/v3/ark:/12148/bd6t528416s/manifest.json'
For more information check: https://developer.mozilla.org/en-US/docs/Web/HTTP/Status/403",2026-07-17T11:14:27.439347
combat,bd6t5285209,,failed,0,0,,http_manifest,known,403,manifest,"Client error '403 ' for url 'https://openapiproext.bnf.fr/iiif/presentation/v3/ark:/12148/bd6t5285209/manifest.json'
For more information check: https://developer.mozilla.org/en-US/docs/Web/HTTP/Status/403",2026-07-17T11:14:28.639013
combat,bd6t528521n,,failed,0,0,,http_manifest,known,403,manifest,"Client error '403 ' for url 'https://openapiproext.bnf.fr/iiif/presentation/v3/ark:/12148/bd6t528521n/manifest.json'
For more information check: https://developer.mozilla.org/en-US/docs/Web/HTTP/Status/403",2026-07-17T11:14:29.841767
combat,bd6t5285220,,failed,0,0,,http_manifest,known,403,manifest,"Client error '403 ' for url 'https://openapiproext.bnf.fr/iiif/presentation/v3/ark:/12148/bd6t5285220/manifest.json'
For more information check: https://developer.mozilla.org/en-US/docs/Web/HTTP/Status/403",2026-07-17T11:14:31.041471
combat,bd6t528523b,,failed,0,0,,http_manifest,known,403,manifest,"Client error '403 ' for url 'https://openapiproext.bnf.fr/iiif/presentation/v3/ark:/12148/bd6t528523b/manifest.json'
For more information check: https://developer.mozilla.org/en-US/docs/Web/HTTP/Status/403",2026-07-17T11:14:32.242930
combat,bd6t528524p,,failed,0,0,,http_manifest,known,403,manifest,"Client error '403 ' for url 'https://openapiproext.bnf.fr/iiif/presentation/v3/ark:/12148/bd6t528524p/manifest.json'
For more information check: https://developer.mozilla.org/en-US/docs/Web/HTTP/Status/403",2026-07-17T11:14:33.443113
combat,bd6t5285251,,failed,0,0,,http_manifest,known,403,manifest,"Client error '403 ' for url 'https://openapiproext.bnf.fr/iiif/presentation/v3/ark:/12148/bd6t5285251/manifest.json'
For more information check: https://developer.mozilla.org/en-US/docs/Web/HTTP/Status/403",2026-07-17T11:14:34.680683
combat,bd6t528526c,,failed,0,0,,http_manifest,known,403,manifest,"Client error '403 ' for url 'https://openapiproext.bnf.fr/iiif/presentation/v3/ark:/12148/bd6t528526c/manifest.json'
For more information check: https://developer.mozilla.org/en-US/docs/Web/HTTP/Status/403",2026-07-17T11:14:35.847858
combat,bd6t528527q,,failed,0,0,,http_manifest,known,403,manifest,"Client error '403 ' for url 'https://openapiproext.bnf.fr/iiif/presentation/v3/ark:/12148/bd6t528527q/manifest.json'
For more information check: https://developer.mozilla.org/en-US/docs/Web/HTTP/Status/403",2026-07-17T11:14:37.049415
combat,bd6t5285282,,failed,0,0,,http_manifest,known,403,manifest,"Client error '403 ' for url 'https://openapiproext.bnf.fr/iiif/presentation/v3/ark:/12148/bd6t5285282/manifest.json'
For more information check: https://developer.mozilla.org/en-US/docs/Web/HTTP/Status/403",2026-07-17T11:14:38.253661
combat,bd6t528529d,,failed,0,0,,http_manifest,known,403,manifest,"Client error '403 ' for url 'https://openapiproext.bnf.fr/iiif/presentation/v3/ark:/12148/bd6t528529d/manifest.json'
For more information check: https://developer.mozilla.org/en-US/docs/Web/HTTP/Status/403",2026-07-17T11:14:39.454268
combat,bd6t528530m,,failed,0,0,,http_manifest,known,403,manifest,"Client error '403 ' for url 'https://openapiproext.bnf.fr/iiif/presentation/v3/ark:/12148/bd6t528530m/manifest.json'
For more information check: https://developer.mozilla.org/en-US/docs/Web/HTTP/Status/403",2026-07-17T11:14:40.654242
combat,bd6t528531z,,failed,0,0,,http_manifest,known,403,manifest,"Client error '403 ' for url 'https://openapiproext.bnf.fr/iiif/presentation/v3/ark:/12148/bd6t528531z/manifest.json'
For more information check: https://developer.mozilla.org/en-US/docs/Web/HTTP/Status/403",2026-07-17T11:14:41.983802
combat,bd6t5285329,,failed,0,0,,http_manifest,known,403,manifest,"Client error '403 ' for url 'https://openapiproext.bnf.fr/iiif/presentation/v3/ark:/12148/bd6t5285329/manifest.json'
For more information check: https://developer.mozilla.org/en-US/docs/Web/HTTP/Status/403",2026-07-17T11:14:43.059441
combat,bd6t528533n,,failed,0,0,,http_manifest,known,403,manifest,"Client error '403 ' for url 'https://openapiproext.bnf.fr/iiif/presentation/v3/ark:/12148/bd6t528533n/manifest.json'
For more information check: https://developer.mozilla.org/en-US/docs/Web/HTTP/Status/403",2026-07-17T11:14:44.262108
combat,bd6t5285340,,failed,0,0,,http_manifest,known,403,manifest,"Client error '403 ' for url 'https://openapiproext.bnf.fr/iiif/presentation/v3/ark:/12148/bd6t5285340/manifest.json'
For more information check: https://developer.mozilla.org/en-US/docs/Web/HTTP/Status/403",2026-07-17T11:14:45.459114
combat,bd6t528535b,,failed,0,0,,http_manifest,known,403,manifest,"Client error '403 ' for url 'https://openapiproext.bnf.fr/iiif/presentation/v3/ark:/12148/bd6t528535b/manifest.json'
For more information check: https://developer.mozilla.org/en-US/docs/Web/HTTP/Status/403",2026-07-17T11:14:46.662084
combat,bd6t528536p,,failed,0,0,,http_manifest,known,403,manifest,"Client error '403 ' for url 'https://openapiproext.bnf.fr/iiif/presentation/v3/ark:/12148/bd6t528536p/manifest.json'
For more information check: https://developer.mozilla.org/en-US/docs/Web/HTTP/Status/403",2026-07-17T11:14:47.869520
combat,bd6t5285371,,failed,0,0,,http_manifest,known,403,manifest,"Client error '403 ' for url 'https://openapiproext.bnf.fr/iiif/presentation/v3/ark:/12148/bd6t5285371/manifest.json'
For more information check: https://developer.mozilla.org/en-US/docs/Web/HTTP/Status/403",2026-07-17T11:14:49.090453
combat,bd6t528538c,,failed,0,0,,http_manifest,known,403,manifest,"Client error '403 ' for url 'https://openapiproext.bnf.fr/iiif/presentation/v3/ark:/12148/bd6t528538c/manifest.json'
For more information check: https://developer.mozilla.org/en-US/docs/Web/HTTP/Status/403",2026-07-17T11:14:50.264970
combat,bd6t528539q,,failed,0,0,,http_manifest,known,403,manifest,"Client error '403 ' for url 'https://openapiproext.bnf.fr/iiif/presentation/v3/ark:/12148/bd6t528539q/manifest.json'
For more information check: https://developer.mozilla.org/en-US/docs/Web/HTTP/Status/403",2026-07-17T11:14:51.469667
combat,bd6t528540x,,failed,0,0,,http_manifest,known,403,manifest,"Client error '403 ' for url 'https://openapiproext.bnf.fr/iiif/presentation/v3/ark:/12148/bd6t528540x/manifest.json'
For more information check: https://developer.mozilla.org/en-US/docs/Web/HTTP/Status/403",2026-07-17T11:14:52.680287
combat,bd6t5285418,,failed,0,0,,http_manifest,known,403,manifest,"Client error '403 ' for url 'https://openapiproext.bnf.fr/iiif/presentation/v3/ark:/12148/bd6t5285418/manifest.json'
For more information check: https://developer.mozilla.org/en-US/docs/Web/HTTP/Status/403",2026-07-17T11:14:53.875672
combat,bd6t528542m,,failed,0,0,,http_manifest,known,403,manifest,"Client error '403 ' for url 'https://openapiproext.bnf.fr/iiif/presentation/v3/ark:/12148/bd6t528542m/manifest.json'
For more information check: https://developer.mozilla.org/en-US/docs/Web/HTTP/Status/403",2026-07-17T11:14:55.074143
combat,bd6t528543z,,failed,0,0,,http_manifest,known,403,manifest,"Client error '403 ' for url 'https://openapiproext.bnf.fr/iiif/presentation/v3/ark:/12148/bd6t528543z/manifest.json'
For more information check: https://developer.mozilla.org/en-US/docs/Web/HTTP/Status/403",2026-07-17T11:14:56.274804
combat,bd6t5285449,,failed,0,0,,http_manifest,known,403,manifest,"Client error '403 ' for url 'https://openapiproext.bnf.fr/iiif/presentation/v3/ark:/12148/bd6t5285449/manifest.json'
For more information check: https://developer.mozilla.org/en-US/docs/Web/HTTP/Status/403",2026-07-17T11:14:57.605002
combat,bd6t528545n,,failed,0,0,,http_manifest,known,403,manifest,"Client error '403 ' for url 'https://openapiproext.bnf.fr/iiif/presentation/v3/ark:/12148/bd6t528545n/manifest.json'
For more information check: https://developer.mozilla.org/en-US/docs/Web/HTTP/Status/403",2026-07-17T11:14:58.680054
combat,bd6t5285460,,failed,0,0,,http_manifest,known,403,manifest,"Client error '403 ' for url 'https://openapiproext.bnf.fr/iiif/presentation/v3/ark:/12148/bd6t5285460/manifest.json'
For more information check: https://developer.mozilla.org/en-US/docs/Web/HTTP/Status/403",2026-07-17T11:14:59.892007
combat,bd6t528547b,,failed,0,0,,http_manifest,known,403,manifest,"Client error '403 ' for url 'https://openapiproext.bnf.fr/iiif/presentation/v3/ark:/12148/bd6t528547b/manifest.json'
For more information check: https://developer.mozilla.org/en-US/docs/Web/HTTP/Status/403",2026-07-17T11:15:01.083589
combat,bd6t528548p,,failed,0,0,,http_manifest,known,403,manifest,"Client error '403 ' for url 'https://openapiproext.bnf.fr/iiif/presentation/v3/ark:/12148/bd6t528548p/manifest.json'
For more information check: https://developer.mozilla.org/en-US/docs/Web/HTTP/Status/403",2026-07-17T11:15:02.285192
combat,bd6t5285491,,failed,0,0,,http_manifest,known,403,manifest,"Client error '403 ' for url 'https://openapiproext.bnf.fr/iiif/presentation/v3/ark:/12148/bd6t5285491/manifest.json'
For more information check: https://developer.mozilla.org/en-US/docs/Web/HTTP/Status/403",2026-07-17T11:15:03.518028
combat,bd6t5285507,,failed,0,0,,http_manifest,known,403,manifest,"Client error '403 ' for url 'https://openapiproext.bnf.fr/iiif/presentation/v3/ark:/12148/bd6t5285507/manifest.json'
For more information check: https://developer.mozilla.org/en-US/docs/Web/HTTP/Status/403",2026-07-17T11:15:04.831631
combat,bd6t528551k,,failed,0,0,,http_manifest,known,403,manifest,"Client error '403 ' for url 'https://openapiproext.bnf.fr/iiif/presentation/v3/ark:/12148/bd6t528551k/manifest.json'
For more information check: https://developer.mozilla.org/en-US/docs/Web/HTTP/Status/403",2026-07-17T11:15:06.086246
combat,bd6t528552x,,failed,0,0,,http_manifest,known,403,manifest,"Client error '403 ' for url 'https://openapiproext.bnf.fr/iiif/presentation/v3/ark:/12148/bd6t528552x/manifest.json'
For more information check: https://developer.mozilla.org/en-US/docs/Web/HTTP/Status/403",2026-07-17T11:15:07.099566
combat,bd6t5285538,,failed,0,0,,http_manifest,known,403,manifest,"Client error '403 ' for url 'https://openapiproext.bnf.fr/iiif/presentation/v3/ark:/12148/bd6t5285538/manifest.json'
For more information check: https://developer.mozilla.org/en-US/docs/Web/HTTP/Status/403",2026-07-17T11:15:08.536054
combat,bd6t528554m,,failed,0,0,,http_manifest,known,403,manifest,"Client error '403 ' for url 'https://openapiproext.bnf.fr/iiif/presentation/v3/ark:/12148/bd6t528554m/manifest.json'
For more information check: https://developer.mozilla.org/en-US/docs/Web/HTTP/Status/403",2026-07-17T11:15:09.514554
combat,bd6t528555z,,failed,0,0,,http_manifest,known,403,manifest,"Client error '403 ' for url 'https://openapiproext.bnf.fr/iiif/presentation/v3/ark:/12148/bd6t528555z/manifest.json'
For more information check: https://developer.mozilla.org/en-US/docs/Web/HTTP/Status/403",2026-07-17T11:15:10.937921
combat,bd6t5285569,,failed,0,0,,http_manifest,known,403,manifest,"Client error '403 ' for url 'https://openapiproext.bnf.fr/iiif/presentation/v3/ark:/12148/bd6t5285569/manifest.json'
For more information check: https://developer.mozilla.org/en-US/docs/Web/HTTP/Status/403",2026-07-17T11:15:11.983076
combat,bd6t528557n,,failed,0,0,,http_manifest,known,403,manifest,"Client error '403 ' for url 'https://openapiproext.bnf.fr/iiif/presentation/v3/ark:/12148/bd6t528557n/manifest.json'
For more information check: https://developer.mozilla.org/en-US/docs/Web/HTTP/Status/403",2026-07-17T11:15:13.239429
combat,bd6t5285580,,failed,0,0,,http_manifest,known,403,manifest,"Client error '403 ' for url 'https://openapiproext.bnf.fr/iiif/presentation/v3/ark:/12148/bd6t5285580/manifest.json'
For more information check: https://developer.mozilla.org/en-US/docs/Web/HTTP/Status/403",2026-07-17T11:15:14.346965
combat,bd6t528559b,,failed,0,0,,http_manifest,known,403,manifest,"Client error '403 ' for url 'https://openapiproext.bnf.fr/iiif/presentation/v3/ark:/12148/bd6t528559b/manifest.json'
For more information check: https://developer.mozilla.org/en-US/docs/Web/HTTP/Status/403",2026-07-17T11:15:15.664957
combat,bd6t528560j,,failed,0,0,,http_manifest,known,403,manifest,"Client error '403 ' for url 'https://openapiproext.bnf.fr/iiif/presentation/v3/ark:/12148/bd6t528560j/manifest.json'
For more information check: https://developer.mozilla.org/en-US/docs/Web/HTTP/Status/403",2026-07-17T11:15:16.710264
combat,bd6t528561w,,failed,0,0,,http_manifest,known,403,manifest,"Client error '403 ' for url 'https://openapiproext.bnf.fr/iiif/presentation/v3/ark:/12148/bd6t528561w/manifest.json'
For more information check: https://developer.mozilla.org/en-US/docs/Web/HTTP/Status/403",2026-07-17T11:15:17.906984
combat,bd6t5285627,,failed,0,0,,http_manifest,known,403,manifest,"Client error '403 ' for url 'https://openapiproext.bnf.fr/iiif/presentation/v3/ark:/12148/bd6t5285627/manifest.json'
For more information check: https://developer.mozilla.org/en-US/docs/Web/HTTP/Status/403",2026-07-17T11:15:19.102013
combat,bd6t528563k,,failed,0,0,,http_manifest,known,403,manifest,"Client error '403 ' for url 'https://openapiproext.bnf.fr/iiif/presentation/v3/ark:/12148/bd6t528563k/manifest.json'
For more information check: https://developer.mozilla.org/en-US/docs/Web/HTTP/Status/403",2026-07-17T11:15:20.306556
combat,bd6t528564x,,failed,0,0,,http_manifest,known,403,manifest,"Client error '403 ' for url 'https://openapiproext.bnf.fr/iiif/presentation/v3/ark:/12148/bd6t528564x/manifest.json'
For more information check: https://developer.mozilla.org/en-US/docs/Web/HTTP/Status/403",2026-07-17T11:15:21.515386
combat,bd6t5285658,,failed,0,0,,http_manifest,known,403,manifest,"Client error '403 ' for url 'https://openapiproext.bnf.fr/iiif/presentation/v3/ark:/12148/bd6t5285658/manifest.json'
For more information check: https://developer.mozilla.org/en-US/docs/Web/HTTP/Status/403",2026-07-17T11:15:22.710145
combat,bd6t528566m,,failed,0,0,,http_manifest,known,403,manifest,"Client error '403 ' for url 'https://openapiproext.bnf.fr/iiif/presentation/v3/ark:/12148/bd6t528566m/manifest.json'
For more information check: https://developer.mozilla.org/en-US/docs/Web/HTTP/Status/403",2026-07-17T11:15:23.909753
combat,bd6t528567z,,failed,0,0,,http_manifest,known,403,manifest,"Client error '403 ' for url 'https://openapiproext.bnf.fr/iiif/presentation/v3/ark:/12148/bd6t528567z/manifest.json'
For more information check: https://developer.mozilla.org/en-US/docs/Web/HTTP/Status/403",2026-07-17T11:15:25.110210
combat,bd6t5285689,,failed,0,0,,http_manifest,known,403,manifest,"Client error '403 ' for url 'https://openapiproext.bnf.fr/iiif/presentation/v3/ark:/12148/bd6t5285689/manifest.json'
For more information check: https://developer.mozilla.org/en-US/docs/Web/HTTP/Status/403",2026-07-17T11:15:26.334098
combat,bd6t528569n,,failed,0,0,,http_manifest,known,403,manifest,"Client error '403 ' for url 'https://openapiproext.bnf.fr/iiif/presentation/v3/ark:/12148/bd6t528569n/manifest.json'
For more information check: https://developer.mozilla.org/en-US/docs/Web/HTTP/Status/403",2026-07-17T11:15:27.518287
combat,bd6t528570v,,failed,0,0,,http_manifest,known,403,manifest,"Client error '403 ' for url 'https://openapiproext.bnf.fr/iiif/presentation/v3/ark:/12148/bd6t528570v/manifest.json'
For more information check: https://developer.mozilla.org/en-US/docs/Web/HTTP/Status/403",2026-07-17T11:15:28.714073
combat,bd6t5285716,,failed,0,0,,http_manifest,known,403,manifest,"Client error '403 ' for url 'https://openapiproext.bnf.fr/iiif/presentation/v3/ark:/12148/bd6t5285716/manifest.json'
For more information check: https://developer.mozilla.org/en-US/docs/Web/HTTP/Status/403",2026-07-17T11:15:29.930677
combat,bd6t528572j,,failed,0,0,,http_manifest,known,403,manifest,"Client error '403 ' for url 'https://openapiproext.bnf.fr/iiif/presentation/v3/ark:/12148/bd6t528572j/manifest.json'
For more information check: https://developer.mozilla.org/en-US/docs/Web/HTTP/Status/403",2026-07-17T11:15:31.123708
combat,bd6t528573w,,failed,0,0,,http_manifest,known,403,manifest,"Client error '403 ' for url 'https://openapiproext.bnf.fr/iiif/presentation/v3/ark:/12148/bd6t528573w/manifest.json'
For more information check: https://developer.mozilla.org/en-US/docs/Web/HTTP/Status/403",2026-07-17T11:15:32.329142
combat,bd6t5285747,,failed,0,0,,http_manifest,known,403,manifest,"Client error '403 ' for url 'https://openapiproext.bnf.fr/iiif/presentation/v3/ark:/12148/bd6t5285747/manifest.json'
For more information check: https://developer.mozilla.org/en-US/docs/Web/HTTP/Status/403",2026-07-17T11:15:33.524978
combat,bd6t528575k,,failed,0,0,,http_manifest,known,403,manifest,"Client error '403 ' for url 'https://openapiproext.bnf.fr/iiif/presentation/v3/ark:/12148/bd6t528575k/manifest.json'
For more information check: https://developer.mozilla.org/en-US/docs/Web/HTTP/Status/403",2026-07-17T11:15:34.733209
combat,bd6t528576x,,failed,0,0,,http_manifest,known,403,manifest,"Client error '403 ' for url 'https://openapiproext.bnf.fr/iiif/presentation/v3/ark:/12148/bd6t528576x/manifest.json'
For more information check: https://developer.mozilla.org/en-US/docs/Web/HTTP/Status/403",2026-07-17T11:15:35.928194
combat,bd6t5285778,,failed,0,0,,http_manifest,known,403,manifest,"Client error '403 ' for url 'https://openapiproext.bnf.fr/iiif/presentation/v3/ark:/12148/bd6t5285778/manifest.json'
For more information check: https://developer.mozilla.org/en-US/docs/Web/HTTP/Status/403",2026-07-17T11:15:37.127897
combat,bd6t528578m,,failed,0,0,,http_manifest,known,403,manifest,"Client error '403 ' for url 'https://openapiproext.bnf.fr/iiif/presentation/v3/ark:/12148/bd6t528578m/manifest.json'
For more information check: https://developer.mozilla.org/en-US/docs/Web/HTTP/Status/403",2026-07-17T11:15:38.354199
combat,bd6t528579z,,failed,0,0,,http_manifest,known,403,manifest,"Client error '403 ' for url 'https://openapiproext.bnf.fr/iiif/presentation/v3/ark:/12148/bd6t528579z/manifest.json'
For more information check: https://developer.mozilla.org/en-US/docs/Web/HTTP/Status/403",2026-07-17T11:15:39.531935
combat,bd6t5285805,,failed,0,0,,http_manifest,known,403,manifest,"Client error '403 ' for url 'https://openapiproext.bnf.fr/iiif/presentation/v3/ark:/12148/bd6t5285805/manifest.json'
For more information check: https://developer.mozilla.org/en-US/docs/Web/HTTP/Status/403",2026-07-17T11:15:40.775936
combat,bd6t528581h,,failed,0,0,,http_manifest,known,403,manifest,"Client error '403 ' for url 'https://openapiproext.bnf.fr/iiif/presentation/v3/ark:/12148/bd6t528581h/manifest.json'
For more information check: https://developer.mozilla.org/en-US/docs/Web/HTTP/Status/403",2026-07-17T11:15:41.931673
combat,bd6t528582v,,failed,0,0,,http_manifest,known,403,manifest,"Client error '403 ' for url 'https://openapiproext.bnf.fr/iiif/presentation/v3/ark:/12148/bd6t528582v/manifest.json'
For more information check: https://developer.mozilla.org/en-US/docs/Web/HTTP/Status/403",2026-07-17T11:15:43.131847
combat,bd6t5285836,,failed,0,0,,http_manifest,known,403,manifest,"Client error '403 ' for url 'https://openapiproext.bnf.fr/iiif/presentation/v3/ark:/12148/bd6t5285836/manifest.json'
For more information check: https://developer.mozilla.org/en-US/docs/Web/HTTP/Status/403",2026-07-17T11:15:44.360002
combat,bd6t528584j,,failed,0,0,,http_manifest,known,403,manifest,"Client error '403 ' for url 'https://openapiproext.bnf.fr/iiif/presentation/v3/ark:/12148/bd6t528584j/manifest.json'
For more information check: https://developer.mozilla.org/en-US/docs/Web/HTTP/Status/403",2026-07-17T11:15:45.537163
combat,bd6t528585w,,failed,0,0,,http_manifest,known,403,manifest,"Client error '403 ' for url 'https://openapiproext.bnf.fr/iiif/presentation/v3/ark:/12148/bd6t528585w/manifest.json'
For more information check: https://developer.mozilla.org/en-US/docs/Web/HTTP/Status/403",2026-07-17T11:15:46.734597
combat,bd6t5285867,,failed,0,0,,http_manifest,known,403,manifest,"Client error '403 ' for url 'https://openapiproext.bnf.fr/iiif/presentation/v3/ark:/12148/bd6t5285867/manifest.json'
For more information check: https://developer.mozilla.org/en-US/docs/Web/HTTP/Status/403",2026-07-17T11:15:47.941928
combat,bd6t528587k,,failed,0,0,,http_manifest,known,403,manifest,"Client error '403 ' for url 'https://openapiproext.bnf.fr/iiif/presentation/v3/ark:/12148/bd6t528587k/manifest.json'
For more information check: https://developer.mozilla.org/en-US/docs/Web/HTTP/Status/403",2026-07-17T11:15:49.140591
combat,bd6t528588x,,failed,0,0,,http_manifest,known,403,manifest,"Client error '403 ' for url 'https://openapiproext.bnf.fr/iiif/presentation/v3/ark:/12148/bd6t528588x/manifest.json'
For more information check: https://developer.mozilla.org/en-US/docs/Web/HTTP/Status/403",2026-07-17T11:15:50.341598
combat,bd6t5285898,,failed,0,0,,http_manifest,known,403,manifest,"Client error '403 ' for url 'https://openapiproext.bnf.fr/iiif/presentation/v3/ark:/12148/bd6t5285898/manifest.json'
For more information check: https://developer.mozilla.org/en-US/docs/Web/HTTP/Status/403",2026-07-17T11:15:51.541190
combat,bd6t528590g,,failed,0,0,,http_manifest,known,403,manifest,"Client error '403 ' for url 'https://openapiproext.bnf.fr/iiif/presentation/v3/ark:/12148/bd6t528590g/manifest.json'
For more information check: https://developer.mozilla.org/en-US/docs/Web/HTTP/Status/403",2026-07-17T11:15:52.743913
combat,bd6t528591t,,failed,0,0,,http_manifest,known,403,manifest,"Client error '403 ' for url 'https://openapiproext.bnf.fr/iiif/presentation/v3/ark:/12148/bd6t528591t/manifest.json'
For more information check: https://developer.mozilla.org/en-US/docs/Web/HTTP/Status/403",2026-07-17T11:15:53.947076
combat,bd6t5285925,,failed,0,0,,http_manifest,known,403,manifest,"Client error '403 ' for url 'https://openapiproext.bnf.fr/iiif/presentation/v3/ark:/12148/bd6t5285925/manifest.json'
For more information check: https://developer.mozilla.org/en-US/docs/Web/HTTP/Status/403",2026-07-17T11:15:55.147172
combat,bd6t528593h,,failed,0,0,,http_manifest,known,403,manifest,"Client error '403 ' for url 'https://openapiproext.bnf.fr/iiif/presentation/v3/ark:/12148/bd6t528593h/manifest.json'
For more information check: https://developer.mozilla.org/en-US/docs/Web/HTTP/Status/403",2026-07-17T11:15:56.372915
combat,bd6t528594v,,failed,0,0,,http_manifest,known,403,manifest,"Client error '403 ' for url 'https://openapiproext.bnf.fr/iiif/presentation/v3/ark:/12148/bd6t528594v/manifest.json'
For more information check: https://developer.mozilla.org/en-US/docs/Web/HTTP/Status/403",2026-07-17T11:15:57.556572
combat,bd6t5285956,,failed,0,0,,http_manifest,known,403,manifest,"Client error '403 ' for url 'https://openapiproext.bnf.fr/iiif/presentation/v3/ark:/12148/bd6t5285956/manifest.json'
For more information check: https://developer.mozilla.org/en-US/docs/Web/HTTP/Status/403",2026-07-17T11:15:58.755325
combat,bd6t528596j,,failed,0,0,,http_manifest,known,403,manifest,"Client error '403 ' for url 'https://openapiproext.bnf.fr/iiif/presentation/v3/ark:/12148/bd6t528596j/manifest.json'
For more information check: https://developer.mozilla.org/en-US/docs/Web/HTTP/Status/403",2026-07-17T11:16:00.045436
combat,bd6t528597w,,failed,0,0,,http_manifest,known,403,manifest,"Client error '403 ' for url 'https://openapiproext.bnf.fr/iiif/presentation/v3/ark:/12148/bd6t528597w/manifest.json'
For more information check: https://developer.mozilla.org/en-US/docs/Web/HTTP/Status/403",2026-07-17T11:16:01.184761
combat,bd6t5285987,,failed,0,0,,http_manifest,known,403,manifest,"Client error '403 ' for url 'https://openapiproext.bnf.fr/iiif/presentation/v3/ark:/12148/bd6t5285987/manifest.json'
For more information check: https://developer.mozilla.org/en-US/docs/Web/HTTP/Status/403",2026-07-17T11:16:03.056111
combat,bd6t528833g,,failed,0,0,,http_manifest,known,403,manifest,"Client error '403 ' for url 'https://openapiproext.bnf.fr/iiif/presentation/v3/ark:/12148/bd6t528833g/manifest.json'
For more information check: https://developer.mozilla.org/en-US/docs/Web/HTTP/Status/403",2026-07-17T11:16:03.698527
combat,bd6t528834t,,failed,0,0,,http_manifest,known,403,manifest,"Client error '403 ' for url 'https://openapiproext.bnf.fr/iiif/presentation/v3/ark:/12148/bd6t528834t/manifest.json'
For more information check: https://developer.mozilla.org/en-US/docs/Web/HTTP/Status/403",2026-07-17T11:16:04.927864
combat,bd6t5288355,,failed,0,0,,http_manifest,known,403,manifest,"Client error '403 ' for url 'https://openapiproext.bnf.fr/iiif/presentation/v3/ark:/12148/bd6t5288355/manifest.json'
For more information check: https://developer.mozilla.org/en-US/docs/Web/HTTP/Status/403",2026-07-17T11:16:06.141095
combat,bd6t528836h,,failed,0,0,,http_manifest,known,403,manifest,"Client error '403 ' for url 'https://openapiproext.bnf.fr/iiif/presentation/v3/ark:/12148/bd6t528836h/manifest.json'
For more information check: https://developer.mozilla.org/en-US/docs/Web/HTTP/Status/403",2026-07-17T11:16:07.187208
combat,bd6t528837v,,failed,0,0,,http_manifest,known,403,manifest,"Client error '403 ' for url 'https://openapiproext.bnf.fr/iiif/presentation/v3/ark:/12148/bd6t528837v/manifest.json'
For more information check: https://developer.mozilla.org/en-US/docs/Web/HTTP/Status/403",2026-07-17T11:16:08.578932
combat,bd6t5288386,,failed,0,0,,http_manifest,known,403,manifest,"Client error '403 ' for url 'https://openapiproext.bnf.fr/iiif/presentation/v3/ark:/12148/bd6t5288386/manifest.json'
For more information check: https://developer.mozilla.org/en-US/docs/Web/HTTP/Status/403",2026-07-17T11:16:09.759173
combat,bd6t528839j,,failed,0,0,,http_manifest,known,403,manifest,"Client error '403 ' for url 'https://openapiproext.bnf.fr/iiif/presentation/v3/ark:/12148/bd6t528839j/manifest.json'
For more information check: https://developer.mozilla.org/en-US/docs/Web/HTTP/Status/403",2026-07-17T11:16:10.820984
combat,bd6t528840r,,failed,0,0,,http_manifest,known,403,manifest,"Client error '403 ' for url 'https://openapiproext.bnf.fr/iiif/presentation/v3/ark:/12148/bd6t528840r/manifest.json'
For more information check: https://developer.mozilla.org/en-US/docs/Web/HTTP/Status/403",2026-07-17T11:16:12.173631
combat,bd6t5288413,,failed,0,0,,http_manifest,known,403,manifest,"Client error '403 ' for url 'https://openapiproext.bnf.fr/iiif/presentation/v3/ark:/12148/bd6t5288413/manifest.json'
For more information check: https://developer.mozilla.org/en-US/docs/Web/HTTP/Status/403",2026-07-17T11:16:13.198172
combat,bd6t528842f,,failed,0,0,,http_manifest,known,403,manifest,"Client error '403 ' for url 'https://openapiproext.bnf.fr/iiif/presentation/v3/ark:/12148/bd6t528842f/manifest.json'
For more information check: https://developer.mozilla.org/en-US/docs/Web/HTTP/Status/403",2026-07-17T11:16:14.588145
combat,bd6t528843s,,failed,0,0,,http_manifest,known,403,manifest,"Client error '403 ' for url 'https://openapiproext.bnf.fr/iiif/presentation/v3/ark:/12148/bd6t528843s/manifest.json'
For more information check: https://developer.mozilla.org/en-US/docs/Web/HTTP/Status/403",2026-07-17T11:16:15.799035
combat,bd6t5288444,,failed,0,0,,http_manifest,known,403,manifest,"Client error '403 ' for url 'https://openapiproext.bnf.fr/iiif/presentation/v3/ark:/12148/bd6t5288444/manifest.json'
For more information check: https://developer.mozilla.org/en-US/docs/Web/HTTP/Status/403",2026-07-17T11:16:16.913037
combat,bd6t528845g,,failed,0,0,,http_manifest,known,403,manifest,"Client error '403 ' for url 'https://openapiproext.bnf.fr/iiif/presentation/v3/ark:/12148/bd6t528845g/manifest.json'
For more information check: https://developer.mozilla.org/en-US/docs/Web/HTTP/Status/403",2026-07-17T11:16:18.021265
combat,bd6t528846t,,failed,0,0,,http_manifest,known,403,manifest,"Client error '403 ' for url 'https://openapiproext.bnf.fr/iiif/presentation/v3/ark:/12148/bd6t528846t/manifest.json'
For more information check: https://developer.mozilla.org/en-US/docs/Web/HTTP/Status/403",2026-07-17T11:16:19.215904
combat,bd6t5288475,,failed,0,0,,http_manifest,known,403,manifest,"Client error '403 ' for url 'https://openapiproext.bnf.fr/iiif/presentation/v3/ark:/12148/bd6t5288475/manifest.json'
For more information check: https://developer.mozilla.org/en-US/docs/Web/HTTP/Status/403",2026-07-17T11:16:20.410726
combat,bd6t528848h,,failed,0,0,,http_manifest,known,403,manifest,"Client error '403 ' for url 'https://openapiproext.bnf.fr/iiif/presentation/v3/ark:/12148/bd6t528848h/manifest.json'
For more information check: https://developer.mozilla.org/en-US/docs/Web/HTTP/Status/403",2026-07-17T11:16:21.608385
combat,bd6t528849v,,failed,0,0,,http_manifest,known,403,manifest,"Client error '403 ' for url 'https://openapiproext.bnf.fr/iiif/presentation/v3/ark:/12148/bd6t528849v/manifest.json'
For more information check: https://developer.mozilla.org/en-US/docs/Web/HTTP/Status/403",2026-07-17T11:16:22.810700
combat,bd6t5288502,,failed,0,0,,http_manifest,known,403,manifest,"Client error '403 ' for url 'https://openapiproext.bnf.fr/iiif/presentation/v3/ark:/12148/bd6t5288502/manifest.json'
For more information check: https://developer.mozilla.org/en-US/docs/Web/HTTP/Status/403",2026-07-17T11:16:24.018651
combat,bd6t528851d,,failed,0,0,,http_manifest,known,403,manifest,"Client error '403 ' for url 'https://openapiproext.bnf.fr/iiif/presentation/v3/ark:/12148/bd6t528851d/manifest.json'
For more information check: https://developer.mozilla.org/en-US/docs/Web/HTTP/Status/403",2026-07-17T11:16:25.213013
combat,bd6t528852r,,failed,0,0,,http_manifest,known,403,manifest,"Client error '403 ' for url 'https://openapiproext.bnf.fr/iiif/presentation/v3/ark:/12148/bd6t528852r/manifest.json'
For more information check: https://developer.mozilla.org/en-US/docs/Web/HTTP/Status/403",2026-07-17T11:16:26.443771
combat,bd6t5288533,,failed,0,0,,http_manifest,known,403,manifest,"Client error '403 ' for url 'https://openapiproext.bnf.fr/iiif/presentation/v3/ark:/12148/bd6t5288533/manifest.json'
For more information check: https://developer.mozilla.org/en-US/docs/Web/HTTP/Status/403",2026-07-17T11:16:27.622085
combat,bd6t528854f,,failed,0,0,,http_manifest,known,403,manifest,"Client error '403 ' for url 'https://openapiproext.bnf.fr/iiif/presentation/v3/ark:/12148/bd6t528854f/manifest.json'
For more information check: https://developer.mozilla.org/en-US/docs/Web/HTTP/Status/403",2026-07-17T11:16:28.821969
combat,bd6t528855s,,failed,0,0,,http_manifest,known,403,manifest,"Client error '403 ' for url 'https://openapiproext.bnf.fr/iiif/presentation/v3/ark:/12148/bd6t528855s/manifest.json'
For more information check: https://developer.mozilla.org/en-US/docs/Web/HTTP/Status/403",2026-07-17T11:16:30.018635
combat,bd6t5288564,,failed,0,0,,http_manifest,known,403,manifest,"Client error '403 ' for url 'https://openapiproext.bnf.fr/iiif/presentation/v3/ark:/12148/bd6t5288564/manifest.json'
For more information check: https://developer.mozilla.org/en-US/docs/Web/HTTP/Status/403",2026-07-17T11:16:31.220242
combat,bd6t528857g,,failed,0,0,,http_manifest,known,403,manifest,"Client error '403 ' for url 'https://openapiproext.bnf.fr/iiif/presentation/v3/ark:/12148/bd6t528857g/manifest.json'
For more information check: https://developer.mozilla.org/en-US/docs/Web/HTTP/Status/403",2026-07-17T11:16:32.424372
combat,bd6t528858t,,failed,0,0,,http_manifest,known,403,manifest,"Client error '403 ' for url 'https://openapiproext.bnf.fr/iiif/presentation/v3/ark:/12148/bd6t528858t/manifest.json'
For more information check: https://developer.mozilla.org/en-US/docs/Web/HTTP/Status/403",2026-07-17T11:16:33.644113
combat,bd6t5288595,,failed,0,0,,http_manifest,known,403,manifest,"Client error '403 ' for url 'https://openapiproext.bnf.fr/iiif/presentation/v3/ark:/12148/bd6t5288595/manifest.json'
For more information check: https://developer.mozilla.org/en-US/docs/Web/HTTP/Status/403",2026-07-17T11:16:34.822438
combat,bd6t528860c,,failed,0,0,,http_manifest,known,403,manifest,"Client error '403 ' for url 'https://openapiproext.bnf.fr/iiif/presentation/v3/ark:/12148/bd6t528860c/manifest.json'
For more information check: https://developer.mozilla.org/en-US/docs/Web/HTTP/Status/403",2026-07-17T11:16:36.026899
combat,bd6t528861q,,failed,0,0,,http_manifest,known,403,manifest,"Client error '403 ' for url 'https://openapiproext.bnf.fr/iiif/presentation/v3/ark:/12148/bd6t528861q/manifest.json'
For more information check: https://developer.mozilla.org/en-US/docs/Web/HTTP/Status/403",2026-07-17T11:16:37.226873
combat,bd6t5288622,,failed,0,0,,http_manifest,known,403,manifest,"Client error '403 ' for url 'https://openapiproext.bnf.fr/iiif/presentation/v3/ark:/12148/bd6t5288622/manifest.json'
For more information check: https://developer.mozilla.org/en-US/docs/Web/HTTP/Status/403",2026-07-17T11:16:38.455192
combat,bd6t528863d,,failed,0,0,,http_manifest,known,403,manifest,"Client error '403 ' for url 'https://openapiproext.bnf.fr/iiif/presentation/v3/ark:/12148/bd6t528863d/manifest.json'
For more information check: https://developer.mozilla.org/en-US/docs/Web/HTTP/Status/403",2026-07-17T11:16:39.632652
combat,bd6t528864r,,failed,0,0,,http_manifest,known,403,manifest,"Client error '403 ' for url 'https://openapiproext.bnf.fr/iiif/presentation/v3/ark:/12148/bd6t528864r/manifest.json'
For more information check: https://developer.mozilla.org/en-US/docs/Web/HTTP/Status/403",2026-07-17T11:16:40.831149
combat,bd6t5288653,,failed,0,0,,http_manifest,known,403,manifest,"Client error '403 ' for url 'https://openapiproext.bnf.fr/iiif/presentation/v3/ark:/12148/bd6t5288653/manifest.json'
For more information check: https://developer.mozilla.org/en-US/docs/Web/HTTP/Status/403",2026-07-17T11:16:42.034302
combat,bd6t528866f,,failed,0,0,,http_manifest,known,403,manifest,"Client error '403 ' for url 'https://openapiproext.bnf.fr/iiif/presentation/v3/ark:/12148/bd6t528866f/manifest.json'
For more information check: https://developer.mozilla.org/en-US/docs/Web/HTTP/Status/403",2026-07-17T11:16:43.235264
combat,bd6t528867s,,failed,0,0,,http_manifest,known,403,manifest,"Client error '403 ' for url 'https://openapiproext.bnf.fr/iiif/presentation/v3/ark:/12148/bd6t528867s/manifest.json'
For more information check: https://developer.mozilla.org/en-US/docs/Web/HTTP/Status/403",2026-07-17T11:16:44.458916
combat,bd6t5288684,,failed,0,0,,http_manifest,known,403,manifest,"Client error '403 ' for url 'https://openapiproext.bnf.fr/iiif/presentation/v3/ark:/12148/bd6t5288684/manifest.json'
For more information check: https://developer.mozilla.org/en-US/docs/Web/HTTP/Status/403",2026-07-17T11:16:45.632854
combat,bd6t528869g,,failed,0,0,,http_manifest,known,403,manifest,"Client error '403 ' for url 'https://openapiproext.bnf.fr/iiif/presentation/v3/ark:/12148/bd6t528869g/manifest.json'
For more information check: https://developer.mozilla.org/en-US/docs/Web/HTTP/Status/403",2026-07-17T11:16:46.844488
combat,bd6t528870p,,failed,0,0,,http_manifest,known,403,manifest,"Client error '403 ' for url 'https://openapiproext.bnf.fr/iiif/presentation/v3/ark:/12148/bd6t528870p/manifest.json'
For more information check: https://developer.mozilla.org/en-US/docs/Web/HTTP/Status/403",2026-07-17T11:16:48.038431
combat,bd6t5288711,,failed,0,0,,http_manifest,known,403,manifest,"Client error '403 ' for url 'https://openapiproext.bnf.fr/iiif/presentation/v3/ark:/12148/bd6t5288711/manifest.json'
For more information check: https://developer.mozilla.org/en-US/docs/Web/HTTP/Status/403",2026-07-17T11:16:49.243322
combat,bd6t528872c,,failed,0,0,,http_manifest,known,403,manifest,"Client error '403 ' for url 'https://openapiproext.bnf.fr/iiif/presentation/v3/ark:/12148/bd6t528872c/manifest.json'
For more information check: https://developer.mozilla.org/en-US/docs/Web/HTTP/Status/403",2026-07-17T11:16:50.447591
combat,bd6t528873q,,failed,0,0,,http_manifest,known,403,manifest,"Client error '403 ' for url 'https://openapiproext.bnf.fr/iiif/presentation/v3/ark:/12148/bd6t528873q/manifest.json'
For more information check: https://developer.mozilla.org/en-US/docs/Web/HTTP/Status/403",2026-07-17T11:16:51.654761
combat,bd6t5288742,,failed,0,0,,http_manifest,known,403,manifest,"Client error '403 ' for url 'https://openapiproext.bnf.fr/iiif/presentation/v3/ark:/12148/bd6t5288742/manifest.json'
For more information check: https://developer.mozilla.org/en-US/docs/Web/HTTP/Status/403",2026-07-17T11:16:52.849522
combat,bd6t528875d,,failed,0,0,,http_manifest,known,403,manifest,"Client error '403 ' for url 'https://openapiproext.bnf.fr/iiif/presentation/v3/ark:/12148/bd6t528875d/manifest.json'
For more information check: https://developer.mozilla.org/en-US/docs/Web/HTTP/Status/403",2026-07-17T11:16:54.049832
combat,bd6t528876r,,failed,0,0,,http_manifest,known,403,manifest,"Client error '403 ' for url 'https://openapiproext.bnf.fr/iiif/presentation/v3/ark:/12148/bd6t528876r/manifest.json'
For more information check: https://developer.mozilla.org/en-US/docs/Web/HTTP/Status/403",2026-07-17T11:16:55.247534
combat,bd6t5288773,,failed,0,0,,http_manifest,known,403,manifest,"Client error '403 ' for url 'https://openapiproext.bnf.fr/iiif/presentation/v3/ark:/12148/bd6t5288773/manifest.json'
For more information check: https://developer.mozilla.org/en-US/docs/Web/HTTP/Status/403",2026-07-17T11:16:56.486497
combat,bd6t528878f,,failed,0,0,,http_manifest,known,403,manifest,"Client error '403 ' for url 'https://openapiproext.bnf.fr/iiif/presentation/v3/ark:/12148/bd6t528878f/manifest.json'
For more information check: https://developer.mozilla.org/en-US/docs/Web/HTTP/Status/403",2026-07-17T11:16:57.662904
combat,bd6t528879s,,failed,0,0,,http_manifest,known,403,manifest,"Client error '403 ' for url 'https://openapiproext.bnf.fr/iiif/presentation/v3/ark:/12148/bd6t528879s/manifest.json'
For more information check: https://developer.mozilla.org/en-US/docs/Web/HTTP/Status/403",2026-07-17T11:16:59.041222
combat,bd6t5288800,,failed,0,0,,http_manifest,known,403,manifest,"Client error '403 ' for url 'https://openapiproext.bnf.fr/iiif/presentation/v3/ark:/12148/bd6t5288800/manifest.json'
For more information check: https://developer.mozilla.org/en-US/docs/Web/HTTP/Status/403",2026-07-17T11:17:00.066015
combat,bd6t528881b,,failed,0,0,,http_manifest,known,403,manifest,"Client error '403 ' for url 'https://openapiproext.bnf.fr/iiif/presentation/v3/ark:/12148/bd6t528881b/manifest.json'
For more information check: https://developer.mozilla.org/en-US/docs/Web/HTTP/Status/403",2026-07-17T11:17:01.462060
combat,bd6t528882p,,failed,0,0,,http_manifest,known,403,manifest,"Client error '403 ' for url 'https://openapiproext.bnf.fr/iiif/presentation/v3/ark:/12148/bd6t528882p/manifest.json'
For more information check: https://developer.mozilla.org/en-US/docs/Web/HTTP/Status/403",2026-07-17T11:17:02.456668
combat,bd6t5288831,,failed,0,0,,http_manifest,known,403,manifest,"Client error '403 ' for url 'https://openapiproext.bnf.fr/iiif/presentation/v3/ark:/12148/bd6t5288831/manifest.json'
For more information check: https://developer.mozilla.org/en-US/docs/Web/HTTP/Status/403",2026-07-17T11:17:03.869043
combat,bd6t528884c,,failed,0,0,,http_manifest,known,403,manifest,"Client error '403 ' for url 'https://openapiproext.bnf.fr/iiif/presentation/v3/ark:/12148/bd6t528884c/manifest.json'
For more information check: https://developer.mozilla.org/en-US/docs/Web/HTTP/Status/403",2026-07-17T11:17:05.039069
combat,bd6t528885q,,failed,0,0,,http_manifest,known,403,manifest,"Client error '403 ' for url 'https://openapiproext.bnf.fr/iiif/presentation/v3/ark:/12148/bd6t528885q/manifest.json'
For more information check: https://developer.mozilla.org/en-US/docs/Web/HTTP/Status/403",2026-07-17T11:17:06.356211
combat,bd6t5288862,,failed,0,0,,http_manifest,known,403,manifest,"Client error '403 ' for url 'https://openapiproext.bnf.fr/iiif/presentation/v3/ark:/12148/bd6t5288862/manifest.json'
For more information check: https://developer.mozilla.org/en-US/docs/Web/HTTP/Status/403",2026-07-17T11:17:07.286843
combat,bd6t528887d,,failed,0,0,,http_manifest,known,403,manifest,"Client error '403 ' for url 'https://openapiproext.bnf.fr/iiif/presentation/v3/ark:/12148/bd6t528887d/manifest.json'
For more information check: https://developer.mozilla.org/en-US/docs/Web/HTTP/Status/403",2026-07-17T11:17:08.591876
combat,bd6t528888r,,failed,0,0,,http_manifest,known,403,manifest,"Client error '403 ' for url 'https://openapiproext.bnf.fr/iiif/presentation/v3/ark:/12148/bd6t528888r/manifest.json'
For more information check: https://developer.mozilla.org/en-US/docs/Web/HTTP/Status/403",2026-07-17T11:17:09.670097
combat,bd6t5288893,,failed,0,0,,http_manifest,known,403,manifest,"Client error '403 ' for url 'https://openapiproext.bnf.fr/iiif/presentation/v3/ark:/12148/bd6t5288893/manifest.json'
For more information check: https://developer.mozilla.org/en-US/docs/Web/HTTP/Status/403",2026-07-17T11:17:10.877208
combat,bd6t5288909,,failed,0,0,,http_manifest,known,403,manifest,"Client error '403 ' for url 'https://openapiproext.bnf.fr/iiif/presentation/v3/ark:/12148/bd6t5288909/manifest.json'
For more information check: https://developer.mozilla.org/en-US/docs/Web/HTTP/Status/403",2026-07-17T11:17:12.255051
combat,bd6t528891n,,failed,0,0,,http_manifest,known,403,manifest,"Client error '403 ' for url 'https://openapiproext.bnf.fr/iiif/presentation/v3/ark:/12148/bd6t528891n/manifest.json'
For more information check: https://developer.mozilla.org/en-US/docs/Web/HTTP/Status/403",2026-07-17T11:17:13.395760
combat,bd6t5288920,,failed,0,0,,http_manifest,known,403,manifest,"Client error '403 ' for url 'https://openapiproext.bnf.fr/iiif/presentation/v3/ark:/12148/bd6t5288920/manifest.json'
For more information check: https://developer.mozilla.org/en-US/docs/Web/HTTP/Status/403",2026-07-17T11:17:14.485011
combat,bd6t528893b,,failed,0,0,,http_manifest,known,403,manifest,"Client error '403 ' for url 'https://openapiproext.bnf.fr/iiif/presentation/v3/ark:/12148/bd6t528893b/manifest.json'
For more information check: https://developer.mozilla.org/en-US/docs/Web/HTTP/Status/403",2026-07-17T11:17:15.682652
combat,bd6t528894p,,failed,0,0,,http_manifest,known,403,manifest,"Client error '403 ' for url 'https://openapiproext.bnf.fr/iiif/presentation/v3/ark:/12148/bd6t528894p/manifest.json'
For more information check: https://developer.mozilla.org/en-US/docs/Web/HTTP/Status/403",2026-07-17T11:17:16.943200
combat,bd6t5288951,,failed,0,0,,http_manifest,known,403,manifest,"Client error '403 ' for url 'https://openapiproext.bnf.fr/iiif/presentation/v3/ark:/12148/bd6t5288951/manifest.json'
For more information check: https://developer.mozilla.org/en-US/docs/Web/HTTP/Status/403",2026-07-17T11:17:18.114166
combat,bd6t528896c,,failed,0,0,,http_manifest,known,403,manifest,"Client error '403 ' for url 'https://openapiproext.bnf.fr/iiif/presentation/v3/ark:/12148/bd6t528896c/manifest.json'
For more information check: https://developer.mozilla.org/en-US/docs/Web/HTTP/Status/403",2026-07-17T11:17:19.281948
combat,bd6t528897q,,failed,0,0,,http_manifest,known,403,manifest,"Client error '403 ' for url 'https://openapiproext.bnf.fr/iiif/presentation/v3/ark:/12148/bd6t528897q/manifest.json'
For more information check: https://developer.mozilla.org/en-US/docs/Web/HTTP/Status/403",2026-07-17T11:17:20.477692
combat,bd6t5288982,,failed,0,0,,http_manifest,known,403,manifest,"Client error '403 ' for url 'https://openapiproext.bnf.fr/iiif/presentation/v3/ark:/12148/bd6t5288982/manifest.json'
For more information check: https://developer.mozilla.org/en-US/docs/Web/HTTP/Status/403",2026-07-17T11:17:21.676473
combat,bd6t528899d,,failed,0,0,,http_manifest,known,403,manifest,"Client error '403 ' for url 'https://openapiproext.bnf.fr/iiif/presentation/v3/ark:/12148/bd6t528899d/manifest.json'
For more information check: https://developer.mozilla.org/en-US/docs/Web/HTTP/Status/403",2026-07-17T11:17:22.884281
combat,bd6t528900s,,failed,0,0,,http_manifest,known,403,manifest,"Client error '403 ' for url 'https://openapiproext.bnf.fr/iiif/presentation/v3/ark:/12148/bd6t528900s/manifest.json'
For more information check: https://developer.mozilla.org/en-US/docs/Web/HTTP/Status/403",2026-07-17T11:17:24.086663
combat,bd6t5289014,,failed,0,0,,http_manifest,known,403,manifest,"Client error '403 ' for url 'https://openapiproext.bnf.fr/iiif/presentation/v3/ark:/12148/bd6t5289014/manifest.json'
For more information check: https://developer.mozilla.org/en-US/docs/Web/HTTP/Status/403",2026-07-17T11:17:25.307944
combat,bd6t528902g,,failed,0,0,,http_manifest,known,403,manifest,"Client error '403 ' for url 'https://openapiproext.bnf.fr/iiif/presentation/v3/ark:/12148/bd6t528902g/manifest.json'
For more information check: https://developer.mozilla.org/en-US/docs/Web/HTTP/Status/403",2026-07-17T11:17:26.484011
combat,bd6t528903t,,failed,0,0,,http_manifest,known,403,manifest,"Client error '403 ' for url 'https://openapiproext.bnf.fr/iiif/presentation/v3/ark:/12148/bd6t528903t/manifest.json'
For more information check: https://developer.mozilla.org/en-US/docs/Web/HTTP/Status/403",2026-07-17T11:17:27.687839
combat,bd6t5289045,,failed,0,0,,http_manifest,known,403,manifest,"Client error '403 ' for url 'https://openapiproext.bnf.fr/iiif/presentation/v3/ark:/12148/bd6t5289045/manifest.json'
For more information check: https://developer.mozilla.org/en-US/docs/Web/HTTP/Status/403",2026-07-17T11:17:28.895910
combat,bd6t528905h,,failed,0,0,,http_manifest,known,403,manifest,"Client error '403 ' for url 'https://openapiproext.bnf.fr/iiif/presentation/v3/ark:/12148/bd6t528905h/manifest.json'
For more information check: https://developer.mozilla.org/en-US/docs/Web/HTTP/Status/403",2026-07-17T11:17:30.091119
combat,bd6t528906v,,failed,0,0,,http_manifest,known,403,manifest,"Client error '403 ' for url 'https://openapiproext.bnf.fr/iiif/presentation/v3/ark:/12148/bd6t528906v/manifest.json'
For more information check: https://developer.mozilla.org/en-US/docs/Web/HTTP/Status/403",2026-07-17T11:17:31.291641
combat,bd6t5289076,,failed,0,0,,http_manifest,known,403,manifest,"Client error '403 ' for url 'https://openapiproext.bnf.fr/iiif/presentation/v3/ark:/12148/bd6t5289076/manifest.json'
For more information check: https://developer.mozilla.org/en-US/docs/Web/HTTP/Status/403",2026-07-17T11:17:32.488557
combat,bd6t528908j,,failed,0,0,,http_manifest,known,403,manifest,"Client error '403 ' for url 'https://openapiproext.bnf.fr/iiif/presentation/v3/ark:/12148/bd6t528908j/manifest.json'
For more information check: https://developer.mozilla.org/en-US/docs/Web/HTTP/Status/403",2026-07-17T11:17:33.720025
combat,bd6t528909w,,failed,0,0,,http_manifest,known,403,manifest,"Client error '403 ' for url 'https://openapiproext.bnf.fr/iiif/presentation/v3/ark:/12148/bd6t528909w/manifest.json'
For more information check: https://developer.mozilla.org/en-US/docs/Web/HTTP/Status/403",2026-07-17T11:17:34.893899
combat,bd6t5289103,,failed,0,0,,http_manifest,known,403,manifest,"Client error '403 ' for url 'https://openapiproext.bnf.fr/iiif/presentation/v3/ark:/12148/bd6t5289103/manifest.json'
For more information check: https://developer.mozilla.org/en-US/docs/Web/HTTP/Status/403",2026-07-17T11:17:36.106739
combat,bd6t528911f,,failed,0,0,,http_manifest,known,403,manifest,"Client error '403 ' for url 'https://openapiproext.bnf.fr/iiif/presentation/v3/ark:/12148/bd6t528911f/manifest.json'
For more information check: https://developer.mozilla.org/en-US/docs/Web/HTTP/Status/403",2026-07-17T11:17:37.327347
combat,bd6t528912s,,failed,0,0,,http_manifest,known,403,manifest,"Client error '403 ' for url 'https://openapiproext.bnf.fr/iiif/presentation/v3/ark:/12148/bd6t528912s/manifest.json'
For more information check: https://developer.mozilla.org/en-US/docs/Web/HTTP/Status/403",2026-07-17T11:17:38.504592
combat,bd6t5289134,,failed,0,0,,http_manifest,known,403,manifest,"Client error '403 ' for url 'https://openapiproext.bnf.fr/iiif/presentation/v3/ark:/12148/bd6t5289134/manifest.json'
For more information check: https://developer.mozilla.org/en-US/docs/Web/HTTP/Status/403",2026-07-17T11:17:39.702169
combat,bd6t528914g,,failed,0,0,,http_manifest,known,403,manifest,"Client error '403 ' for url 'https://openapiproext.bnf.fr/iiif/presentation/v3/ark:/12148/bd6t528914g/manifest.json'
For more information check: https://developer.mozilla.org/en-US/docs/Web/HTTP/Status/403",2026-07-17T11:17:40.911408
combat,bd6t528915t,,failed,0,0,,http_manifest,known,403,manifest,"Client error '403 ' for url 'https://openapiproext.bnf.fr/iiif/presentation/v3/ark:/12148/bd6t528915t/manifest.json'
For more information check: https://developer.mozilla.org/en-US/docs/Web/HTTP/Status/403",2026-07-17T11:17:42.106875
combat,bd6t5289165,,failed,0,0,,http_manifest,known,403,manifest,"Client error '403 ' for url 'https://openapiproext.bnf.fr/iiif/presentation/v3/ark:/12148/bd6t5289165/manifest.json'
For more information check: https://developer.mozilla.org/en-US/docs/Web/HTTP/Status/403",2026-07-17T11:17:43.335279
combat,bd6t528917h,,failed,0,0,,http_manifest,known,403,manifest,"Client error '403 ' for url 'https://openapiproext.bnf.fr/iiif/presentation/v3/ark:/12148/bd6t528917h/manifest.json'
For more information check: https://developer.mozilla.org/en-US/docs/Web/HTTP/Status/403",2026-07-17T11:17:44.516684
combat,bd6t528918v,,failed,0,0,,http_manifest,known,403,manifest,"Client error '403 ' for url 'https://openapiproext.bnf.fr/iiif/presentation/v3/ark:/12148/bd6t528918v/manifest.json'
For more information check: https://developer.mozilla.org/en-US/docs/Web/HTTP/Status/403",2026-07-17T11:17:45.709542
combat,bd6t5289196,,failed,0,0,,http_manifest,known,403,manifest,"Client error '403 ' for url 'https://openapiproext.bnf.fr/iiif/presentation/v3/ark:/12148/bd6t5289196/manifest.json'
For more information check: https://developer.mozilla.org/en-US/docs/Web/HTTP/Status/403",2026-07-17T11:17:46.913303
combat,bd6t528920d,,failed,0,0,,http_manifest,known,403,manifest,"Client error '403 ' for url 'https://openapiproext.bnf.fr/iiif/presentation/v3/ark:/12148/bd6t528920d/manifest.json'
For more information check: https://developer.mozilla.org/en-US/docs/Web/HTTP/Status/403",2026-07-17T11:17:48.120924
combat,bd6t5289223,,failed,0,0,,http_manifest,known,403,manifest,"Client error '403 ' for url 'https://openapiproext.bnf.fr/iiif/presentation/v3/ark:/12148/bd6t5289223/manifest.json'
For more information check: https://developer.mozilla.org/en-US/docs/Web/HTTP/Status/403",2026-07-17T11:17:49.317110
combat,bd6t528921r,,failed,0,0,,http_manifest,known,403,manifest,"Client error '403 ' for url 'https://openapiproext.bnf.fr/iiif/presentation/v3/ark:/12148/bd6t528921r/manifest.json'
For more information check: https://developer.mozilla.org/en-US/docs/Web/HTTP/Status/403",2026-07-17T11:17:50.516532
combat,bd6t528923f,,failed,0,0,,http_manifest,known,403,manifest,"Client error '403 ' for url 'https://openapiproext.bnf.fr/iiif/presentation/v3/ark:/12148/bd6t528923f/manifest.json'
For more information check: https://developer.mozilla.org/en-US/docs/Web/HTTP/Status/403",2026-07-17T11:17:51.724543
combat,bd6t528924s,,failed,0,0,,http_manifest,known,403,manifest,"Client error '403 ' for url 'https://openapiproext.bnf.fr/iiif/presentation/v3/ark:/12148/bd6t528924s/manifest.json'
For more information check: https://developer.mozilla.org/en-US/docs/Web/HTTP/Status/403",2026-07-17T11:17:52.929684
combat,bd6t5289254,,failed,0,0,,http_manifest,known,403,manifest,"Client error '403 ' for url 'https://openapiproext.bnf.fr/iiif/presentation/v3/ark:/12148/bd6t5289254/manifest.json'
For more information check: https://developer.mozilla.org/en-US/docs/Web/HTTP/Status/403",2026-07-17T11:17:54.146427
combat,bd6t528926g,,failed,0,0,,http_manifest,known,403,manifest,"Client error '403 ' for url 'https://openapiproext.bnf.fr/iiif/presentation/v3/ark:/12148/bd6t528926g/manifest.json'
For more information check: https://developer.mozilla.org/en-US/docs/Web/HTTP/Status/403",2026-07-17T11:17:55.329962
combat,bd6t528927t,,failed,0,0,,http_manifest,known,403,manifest,"Client error '403 ' for url 'https://openapiproext.bnf.fr/iiif/presentation/v3/ark:/12148/bd6t528927t/manifest.json'
For more information check: https://developer.mozilla.org/en-US/docs/Web/HTTP/Status/403",2026-07-17T11:17:56.525867
combat,bd6t5289285,,failed,0,0,,http_manifest,known,403,manifest,"Client error '403 ' for url 'https://openapiproext.bnf.fr/iiif/presentation/v3/ark:/12148/bd6t5289285/manifest.json'
For more information check: https://developer.mozilla.org/en-US/docs/Web/HTTP/Status/403",2026-07-17T11:17:57.926647
combat,bd6t528929h,,failed,0,0,,http_manifest,known,403,manifest,"Client error '403 ' for url 'https://openapiproext.bnf.fr/iiif/presentation/v3/ark:/12148/bd6t528929h/manifest.json'
For more information check: https://developer.mozilla.org/en-US/docs/Web/HTTP/Status/403",2026-07-17T11:17:59.064163
combat,bd6t528930q,,failed,0,0,,http_manifest,known,403,manifest,"Client error '403 ' for url 'https://openapiproext.bnf.fr/iiif/presentation/v3/ark:/12148/bd6t528930q/manifest.json'
For more information check: https://developer.mozilla.org/en-US/docs/Web/HTTP/Status/403",2026-07-17T11:18:00.297451
combat,bd6t5289312,,failed,0,0,,http_manifest,known,403,manifest,"Client error '403 ' for url 'https://openapiproext.bnf.fr/iiif/presentation/v3/ark:/12148/bd6t5289312/manifest.json'
For more information check: https://developer.mozilla.org/en-US/docs/Web/HTTP/Status/403",2026-07-17T11:18:01.484159
combat,bd6t528932d,,failed,0,0,,http_manifest,known,403,manifest,"Client error '403 ' for url 'https://openapiproext.bnf.fr/iiif/presentation/v3/ark:/12148/bd6t528932d/manifest.json'
For more information check: https://developer.mozilla.org/en-US/docs/Web/HTTP/Status/403",2026-07-17T11:18:02.542251
combat,bd6t528933r,,failed,0,0,,http_manifest,known,403,manifest,"Client error '403 ' for url 'https://openapiproext.bnf.fr/iiif/presentation/v3/ark:/12148/bd6t528933r/manifest.json'
For more information check: https://developer.mozilla.org/en-US/docs/Web/HTTP/Status/403",2026-07-17T11:18:04.971914
combat,bd6t5289343,,failed,0,0,,http_manifest,known,403,manifest,"Client error '403 ' for url 'https://openapiproext.bnf.fr/iiif/presentation/v3/ark:/12148/bd6t5289343/manifest.json'
For more information check: https://developer.mozilla.org/en-US/docs/Web/HTTP/Status/403",2026-07-17T11:18:05.548448
combat,bd6t528935f,,failed,0,0,,http_manifest,known,403,manifest,"Client error '403 ' for url 'https://openapiproext.bnf.fr/iiif/presentation/v3/ark:/12148/bd6t528935f/manifest.json'
For more information check: https://developer.mozilla.org/en-US/docs/Web/HTTP/Status/403",2026-07-17T11:18:06.646974
combat,bd6t528936s,,failed,0,0,,http_manifest,known,403,manifest,"Client error '403 ' for url 'https://openapiproext.bnf.fr/iiif/presentation/v3/ark:/12148/bd6t528936s/manifest.json'
For more information check: https://developer.mozilla.org/en-US/docs/Web/HTTP/Status/403",2026-07-17T11:18:07.800751
combat,bd6t5289374,,failed,0,0,,http_manifest,known,403,manifest,"Client error '403 ' for url 'https://openapiproext.bnf.fr/iiif/presentation/v3/ark:/12148/bd6t5289374/manifest.json'
For more information check: https://developer.mozilla.org/en-US/docs/Web/HTTP/Status/403",2026-07-17T11:18:09.064046
combat,bd6t528938g,,failed,0,0,,http_manifest,known,403,manifest,"Client error '403 ' for url 'https://openapiproext.bnf.fr/iiif/presentation/v3/ark:/12148/bd6t528938g/manifest.json'
For more information check: https://developer.mozilla.org/en-US/docs/Web/HTTP/Status/403",2026-07-17T11:18:10.204403
combat,bd6t5289401,,failed,0,0,,http_manifest,known,403,manifest,"Client error '403 ' for url 'https://openapiproext.bnf.fr/iiif/presentation/v3/ark:/12148/bd6t5289401/manifest.json'
For more information check: https://developer.mozilla.org/en-US/docs/Web/HTTP/Status/403",2026-07-17T11:18:11.629599
combat,bd6t528939t,,failed,0,0,,http_manifest,known,403,manifest,"Client error '403 ' for url 'https://openapiproext.bnf.fr/iiif/presentation/v3/ark:/12148/bd6t528939t/manifest.json'
For more information check: https://developer.mozilla.org/en-US/docs/Web/HTTP/Status/403",2026-07-17T11:18:12.601795
combat,bd6t528941c,,failed,0,0,,http_manifest,known,403,manifest,"Client error '403 ' for url 'https://openapiproext.bnf.fr/iiif/presentation/v3/ark:/12148/bd6t528941c/manifest.json'
For more information check: https://developer.mozilla.org/en-US/docs/Web/HTTP/Status/403",2026-07-17T11:18:13.853715
combat,bd6t528942q,,failed,0,0,,http_manifest,known,403,manifest,"Client error '403 ' for url 'https://openapiproext.bnf.fr/iiif/presentation/v3/ark:/12148/bd6t528942q/manifest.json'
For more information check: https://developer.mozilla.org/en-US/docs/Web/HTTP/Status/403",2026-07-17T11:18:15.062997
combat,bd6t5289432,,failed,0,0,,http_manifest,known,403,manifest,"Client error '403 ' for url 'https://openapiproext.bnf.fr/iiif/presentation/v3/ark:/12148/bd6t5289432/manifest.json'
For more information check: https://developer.mozilla.org/en-US/docs/Web/HTTP/Status/403",2026-07-17T11:18:16.206006
combat,bd6t528944d,,failed,0,0,,http_manifest,known,403,manifest,"Client error '403 ' for url 'https://openapiproext.bnf.fr/iiif/presentation/v3/ark:/12148/bd6t528944d/manifest.json'
For more information check: https://developer.mozilla.org/en-US/docs/Web/HTTP/Status/403",2026-07-17T11:18:17.439174
combat,bd6t528945r,,failed,0,0,,http_manifest,known,403,manifest,"Client error '403 ' for url 'https://openapiproext.bnf.fr/iiif/presentation/v3/ark:/12148/bd6t528945r/manifest.json'
For more information check: https://developer.mozilla.org/en-US/docs/Web/HTTP/Status/403",2026-07-17T11:18:18.609938
combat,bd6t5289463,,failed,0,0,,http_manifest,known,403,manifest,"Client error '403 ' for url 'https://openapiproext.bnf.fr/iiif/presentation/v3/ark:/12148/bd6t5289463/manifest.json'
For more information check: https://developer.mozilla.org/en-US/docs/Web/HTTP/Status/403",2026-07-17T11:18:19.810417
combat,bd6t528947f,,failed,0,0,,http_manifest,known,403,manifest,"Client error '403 ' for url 'https://openapiproext.bnf.fr/iiif/presentation/v3/ark:/12148/bd6t528947f/manifest.json'
For more information check: https://developer.mozilla.org/en-US/docs/Web/HTTP/Status/403",2026-07-17T11:18:21.009188
combat,bd6t528948s,,failed,0,0,,http_manifest,known,403,manifest,"Client error '403 ' for url 'https://openapiproext.bnf.fr/iiif/presentation/v3/ark:/12148/bd6t528948s/manifest.json'
For more information check: https://developer.mozilla.org/en-US/docs/Web/HTTP/Status/403",2026-07-17T11:18:22.210244
combat,bd6t5289494,,failed,0,0,,http_manifest,known,403,manifest,"Client error '403 ' for url 'https://openapiproext.bnf.fr/iiif/presentation/v3/ark:/12148/bd6t5289494/manifest.json'
For more information check: https://developer.mozilla.org/en-US/docs/Web/HTTP/Status/403",2026-07-17T11:18:23.424946
combat,bd6t528950b,,failed,0,0,,http_manifest,known,403,manifest,"Client error '403 ' for url 'https://openapiproext.bnf.fr/iiif/presentation/v3/ark:/12148/bd6t528950b/manifest.json'
For more information check: https://developer.mozilla.org/en-US/docs/Web/HTTP/Status/403",2026-07-17T11:18:24.616006
combat,bd6t528951p,,failed,0,0,,http_manifest,known,403,manifest,"Client error '403 ' for url 'https://openapiproext.bnf.fr/iiif/presentation/v3/ark:/12148/bd6t528951p/manifest.json'
For more information check: https://developer.mozilla.org/en-US/docs/Web/HTTP/Status/403",2026-07-17T11:18:25.819833
combat,bd6t5289521,,failed,0,0,,http_manifest,known,403,manifest,"Client error '403 ' for url 'https://openapiproext.bnf.fr/iiif/presentation/v3/ark:/12148/bd6t5289521/manifest.json'
For more information check: https://developer.mozilla.org/en-US/docs/Web/HTTP/Status/403",2026-07-17T11:18:27.024105
combat,bd6t528953c,,failed,0,0,,http_manifest,known,403,manifest,"Client error '403 ' for url 'https://openapiproext.bnf.fr/iiif/presentation/v3/ark:/12148/bd6t528953c/manifest.json'
For more information check: https://developer.mozilla.org/en-US/docs/Web/HTTP/Status/403",2026-07-17T11:18:28.222698
combat,bd6t528954q,,failed,0,0,,http_manifest,known,403,manifest,"Client error '403 ' for url 'https://openapiproext.bnf.fr/iiif/presentation/v3/ark:/12148/bd6t528954q/manifest.json'
For more information check: https://developer.mozilla.org/en-US/docs/Web/HTTP/Status/403",2026-07-17T11:18:29.449327
combat,bd6t5289552,,failed,0,0,,http_manifest,known,403,manifest,"Client error '403 ' for url 'https://openapiproext.bnf.fr/iiif/presentation/v3/ark:/12148/bd6t5289552/manifest.json'
For more information check: https://developer.mozilla.org/en-US/docs/Web/HTTP/Status/403",2026-07-17T11:18:30.626048
combat,bd6t528956d,,failed,0,0,,http_manifest,known,403,manifest,"Client error '403 ' for url 'https://openapiproext.bnf.fr/iiif/presentation/v3/ark:/12148/bd6t528956d/manifest.json'
For more information check: https://developer.mozilla.org/en-US/docs/Web/HTTP/Status/403",2026-07-17T11:18:31.826345
combat,bd6t528957r,,failed,0,0,,http_manifest,known,403,manifest,"Client error '403 ' for url 'https://openapiproext.bnf.fr/iiif/presentation/v3/ark:/12148/bd6t528957r/manifest.json'
For more information check: https://developer.mozilla.org/en-US/docs/Web/HTTP/Status/403",2026-07-17T11:18:33.028496
combat,bd6t5289583,,failed,0,0,,http_manifest,known,403,manifest,"Client error '403 ' for url 'https://openapiproext.bnf.fr/iiif/presentation/v3/ark:/12148/bd6t5289583/manifest.json'
For more information check: https://developer.mozilla.org/en-US/docs/Web/HTTP/Status/403",2026-07-17T11:18:34.228532
combat,bd6t528959f,,failed,0,0,,http_manifest,known,403,manifest,"Client error '403 ' for url 'https://openapiproext.bnf.fr/iiif/presentation/v3/ark:/12148/bd6t528959f/manifest.json'
For more information check: https://developer.mozilla.org/en-US/docs/Web/HTTP/Status/403",2026-07-17T11:18:35.455691
combat,bd6t528960n,,failed,0,0,,http_manifest,known,403,manifest,"Client error '403 ' for url 'https://openapiproext.bnf.fr/iiif/presentation/v3/ark:/12148/bd6t528960n/manifest.json'
For more information check: https://developer.mozilla.org/en-US/docs/Web/HTTP/Status/403",2026-07-17T11:18:36.632371
combat,bd6t5289610,,failed,0,0,,http_manifest,known,403,manifest,"Client error '403 ' for url 'https://openapiproext.bnf.fr/iiif/presentation/v3/ark:/12148/bd6t5289610/manifest.json'
For more information check: https://developer.mozilla.org/en-US/docs/Web/HTTP/Status/403",2026-07-17T11:18:37.842212
combat,bd6t528962b,,failed,0,0,,http_manifest,known,403,manifest,"Client error '403 ' for url 'https://openapiproext.bnf.fr/iiif/presentation/v3/ark:/12148/bd6t528962b/manifest.json'
For more information check: https://developer.mozilla.org/en-US/docs/Web/HTTP/Status/403",2026-07-17T11:18:39.034731
combat,bd6t528963p,,failed,0,0,,http_manifest,known,403,manifest,"Client error '403 ' for url 'https://openapiproext.bnf.fr/iiif/presentation/v3/ark:/12148/bd6t528963p/manifest.json'
For more information check: https://developer.mozilla.org/en-US/docs/Web/HTTP/Status/403",2026-07-17T11:18:40.239122
combat,bd6t5289641,,failed,0,0,,http_manifest,known,403,manifest,"Client error '403 ' for url 'https://openapiproext.bnf.fr/iiif/presentation/v3/ark:/12148/bd6t5289641/manifest.json'
For more information check: https://developer.mozilla.org/en-US/docs/Web/HTTP/Status/403",2026-07-17T11:18:41.441311
combat,bd6t528965c,,failed,0,0,,http_manifest,known,403,manifest,"Client error '403 ' for url 'https://openapiproext.bnf.fr/iiif/presentation/v3/ark:/12148/bd6t528965c/manifest.json'
For more information check: https://developer.mozilla.org/en-US/docs/Web/HTTP/Status/403",2026-07-17T11:18:42.651194
combat,bd6t528966q,,failed,0,0,,http_manifest,known,403,manifest,"Client error '403 ' for url 'https://openapiproext.bnf.fr/iiif/presentation/v3/ark:/12148/bd6t528966q/manifest.json'
For more information check: https://developer.mozilla.org/en-US/docs/Web/HTTP/Status/403",2026-07-17T11:18:43.849307
combat,bd6t5289672,,failed,0,0,,http_manifest,known,403,manifest,"Client error '403 ' for url 'https://openapiproext.bnf.fr/iiif/presentation/v3/ark:/12148/bd6t5289672/manifest.json'
For more information check: https://developer.mozilla.org/en-US/docs/Web/HTTP/Status/403",2026-07-17T11:18:45.045411
combat,bd6t528968d,,failed,0,0,,http_manifest,known,403,manifest,"Client error '403 ' for url 'https://openapiproext.bnf.fr/iiif/presentation/v3/ark:/12148/bd6t528968d/manifest.json'
For more information check: https://developer.mozilla.org/en-US/docs/Web/HTTP/Status/403",2026-07-17T11:18:46.245076
combat,bd6t528969r,,failed,0,0,,http_manifest,known,403,manifest,"Client error '403 ' for url 'https://openapiproext.bnf.fr/iiif/presentation/v3/ark:/12148/bd6t528969r/manifest.json'
For more information check: https://developer.mozilla.org/en-US/docs/Web/HTTP/Status/403",2026-07-17T11:18:47.450859
combat,bd6t5289719,,failed,0,0,,http_manifest,known,403,manifest,"Client error '403 ' for url 'https://openapiproext.bnf.fr/iiif/presentation/v3/ark:/12148/bd6t5289719/manifest.json'
For more information check: https://developer.mozilla.org/en-US/docs/Web/HTTP/Status/403",2026-07-17T11:18:48.651374
combat,bd6t528970z,,failed,0,0,,http_manifest,known,403,manifest,"Client error '403 ' for url 'https://openapiproext.bnf.fr/iiif/presentation/v3/ark:/12148/bd6t528970z/manifest.json'
For more information check: https://developer.mozilla.org/en-US/docs/Web/HTTP/Status/403",2026-07-17T11:18:49.852604
combat,bd6t528972n,,failed,0,0,,http_manifest,known,403,manifest,"Client error '403 ' for url 'https://openapiproext.bnf.fr/iiif/presentation/v3/ark:/12148/bd6t528972n/manifest.json'
For more information check: https://developer.mozilla.org/en-US/docs/Web/HTTP/Status/403",2026-07-17T11:18:51.053009
combat,bd6t5289730,,failed,0,0,,http_manifest,known,403,manifest,"Client error '403 ' for url 'https://openapiproext.bnf.fr/iiif/presentation/v3/ark:/12148/bd6t5289730/manifest.json'
For more information check: https://developer.mozilla.org/en-US/docs/Web/HTTP/Status/403",2026-07-17T11:18:52.252201
combat,bd6t528974b,,failed,0,0,,http_manifest,known,403,manifest,"Client error '403 ' for url 'https://openapiproext.bnf.fr/iiif/presentation/v3/ark:/12148/bd6t528974b/manifest.json'
For more information check: https://developer.mozilla.org/en-US/docs/Web/HTTP/Status/403",2026-07-17T11:18:53.594990
combat,bd6t528975p,,failed,0,0,,http_manifest,known,403,manifest,"Client error '403 ' for url 'https://openapiproext.bnf.fr/iiif/presentation/v3/ark:/12148/bd6t528975p/manifest.json'
For more information check: https://developer.mozilla.org/en-US/docs/Web/HTTP/Status/403",2026-07-17T11:18:54.654649
combat,bd6t5289761,,failed,0,0,,http_manifest,known,403,manifest,"Client error '403 ' for url 'https://openapiproext.bnf.fr/iiif/presentation/v3/ark:/12148/bd6t5289761/manifest.json'
For more information check: https://developer.mozilla.org/en-US/docs/Web/HTTP/Status/403",2026-07-17T11:18:55.855144
combat,bd6t528977c,,failed,0,0,,http_manifest,known,403,manifest,"Client error '403 ' for url 'https://openapiproext.bnf.fr/iiif/presentation/v3/ark:/12148/bd6t528977c/manifest.json'
For more information check: https://developer.mozilla.org/en-US/docs/Web/HTTP/Status/403",2026-07-17T11:18:57.059751
combat,bd6t528978q,,failed,0,0,,http_manifest,known,403,manifest,"Client error '403 ' for url 'https://openapiproext.bnf.fr/iiif/presentation/v3/ark:/12148/bd6t528978q/manifest.json'
For more information check: https://developer.mozilla.org/en-US/docs/Web/HTTP/Status/403",2026-07-17T11:18:58.528824
combat,bd6t5289792,,failed,0,0,,http_manifest,known,403,manifest,"Client error '403 ' for url 'https://openapiproext.bnf.fr/iiif/presentation/v3/ark:/12148/bd6t5289792/manifest.json'
For more information check: https://developer.mozilla.org/en-US/docs/Web/HTTP/Status/403",2026-07-17T11:18:59.727049
combat,bd6t5289808,,failed,0,0,,http_manifest,known,403,manifest,"Client error '403 ' for url 'https://openapiproext.bnf.fr/iiif/presentation/v3/ark:/12148/bd6t5289808/manifest.json'
For more information check: https://developer.mozilla.org/en-US/docs/Web/HTTP/Status/403",2026-07-17T11:19:00.705021
combat,bd6t528981m,,failed,0,0,,http_manifest,known,403,manifest,"Client error '403 ' for url 'https://openapiproext.bnf.fr/iiif/presentation/v3/ark:/12148/bd6t528981m/manifest.json'
For more information check: https://developer.mozilla.org/en-US/docs/Web/HTTP/Status/403",2026-07-17T11:19:01.867323
combat,bd6t528982z,,failed,0,0,,http_manifest,known,403,manifest,"Client error '403 ' for url 'https://openapiproext.bnf.fr/iiif/presentation/v3/ark:/12148/bd6t528982z/manifest.json'
For more information check: https://developer.mozilla.org/en-US/docs/Web/HTTP/Status/403",2026-07-17T11:19:03.067447
combat,bd6t5289839,,failed,0,0,,http_manifest,known,403,manifest,"Client error '403 ' for url 'https://openapiproext.bnf.fr/iiif/presentation/v3/ark:/12148/bd6t5289839/manifest.json'
For more information check: https://developer.mozilla.org/en-US/docs/Web/HTTP/Status/403",2026-07-17T11:19:04.275117
combat,bd6t528984n,,failed,0,0,,http_manifest,known,403,manifest,"Client error '403 ' for url 'https://openapiproext.bnf.fr/iiif/presentation/v3/ark:/12148/bd6t528984n/manifest.json'
For more information check: https://developer.mozilla.org/en-US/docs/Web/HTTP/Status/403",2026-07-17T11:19:05.559492
combat,bd6t5289850,,failed,0,0,,http_manifest,known,403,manifest,"Client error '403 ' for url 'https://openapiproext.bnf.fr/iiif/presentation/v3/ark:/12148/bd6t5289850/manifest.json'
For more information check: https://developer.mozilla.org/en-US/docs/Web/HTTP/Status/403",2026-07-17T11:19:06.675077
combat,bd6t528986b,,failed,0,0,,http_manifest,known,403,manifest,"Client error '403 ' for url 'https://openapiproext.bnf.fr/iiif/presentation/v3/ark:/12148/bd6t528986b/manifest.json'
For more information check: https://developer.mozilla.org/en-US/docs/Web/HTTP/Status/403",2026-07-17T11:19:07.881847
combat,bd6t528987p,,failed,0,0,,http_manifest,known,403,manifest,"Client error '403 ' for url 'https://openapiproext.bnf.fr/iiif/presentation/v3/ark:/12148/bd6t528987p/manifest.json'
For more information check: https://developer.mozilla.org/en-US/docs/Web/HTTP/Status/403",2026-07-17T11:19:09.216649
combat,bd6t5289881,,failed,0,0,,http_manifest,known,403,manifest,"Client error '403 ' for url 'https://openapiproext.bnf.fr/iiif/presentation/v3/ark:/12148/bd6t5289881/manifest.json'
For more information check: https://developer.mozilla.org/en-US/docs/Web/HTTP/Status/403",2026-07-17T11:19:10.309987
combat,bd6t528989c,,failed,0,0,,http_manifest,known,403,manifest,"Client error '403 ' for url 'https://openapiproext.bnf.fr/iiif/presentation/v3/ark:/12148/bd6t528989c/manifest.json'
For more information check: https://developer.mozilla.org/en-US/docs/Web/HTTP/Status/403",2026-07-17T11:19:11.705401
combat,bd6t528990k,,failed,0,0,,http_manifest,known,403,manifest,"Client error '403 ' for url 'https://openapiproext.bnf.fr/iiif/presentation/v3/ark:/12148/bd6t528990k/manifest.json'
For more information check: https://developer.mozilla.org/en-US/docs/Web/HTTP/Status/403",2026-07-17T11:19:12.718760
combat,bd6t530568k,,failed,0,0,,http_manifest,known,403,manifest,"Client error '403 ' for url 'https://openapiproext.bnf.fr/iiif/presentation/v3/ark:/12148/bd6t530568k/manifest.json'
For more information check: https://developer.mozilla.org/en-US/docs/Web/HTTP/Status/403",2026-07-17T11:19:13.889979
combat,bd6t530569x,,failed,0,0,,http_manifest,known,403,manifest,"Client error '403 ' for url 'https://openapiproext.bnf.fr/iiif/presentation/v3/ark:/12148/bd6t530569x/manifest.json'
For more information check: https://developer.mozilla.org/en-US/docs/Web/HTTP/Status/403",2026-07-17T11:19:15.264752
combat,bd6t5305704,,failed,0,0,,http_manifest,known,403,manifest,"Client error '403 ' for url 'https://openapiproext.bnf.fr/iiif/presentation/v3/ark:/12148/bd6t5305704/manifest.json'
For more information check: https://developer.mozilla.org/en-US/docs/Web/HTTP/Status/403",2026-07-17T11:19:16.462402
combat,bd6t530571g,,failed,0,0,,http_manifest,known,403,manifest,"Client error '403 ' for url 'https://openapiproext.bnf.fr/iiif/presentation/v3/ark:/12148/bd6t530571g/manifest.json'
For more information check: https://developer.mozilla.org/en-US/docs/Web/HTTP/Status/403",2026-07-17T11:19:17.693385
combat,bd6t5305735,,failed,0,0,,http_manifest,known,403,manifest,"Client error '403 ' for url 'https://openapiproext.bnf.fr/iiif/presentation/v3/ark:/12148/bd6t5305735/manifest.json'
For more information check: https://developer.mozilla.org/en-US/docs/Web/HTTP/Status/403",2026-07-17T11:19:18.687541
combat,bd6t530572t,,failed,0,0,,http_manifest,known,403,manifest,"Client error '403 ' for url 'https://openapiproext.bnf.fr/iiif/presentation/v3/ark:/12148/bd6t530572t/manifest.json'
For more information check: https://developer.mozilla.org/en-US/docs/Web/HTTP/Status/403",2026-07-17T11:19:19.894725
combat,bd6t530574h,,failed,0,0,,http_manifest,known,403,manifest,"Client error '403 ' for url 'https://openapiproext.bnf.fr/iiif/presentation/v3/ark:/12148/bd6t530574h/manifest.json'
For more information check: https://developer.mozilla.org/en-US/docs/Web/HTTP/Status/403",2026-07-17T11:19:21.096976
combat,bd6t530575v,,failed,0,0,,http_manifest,known,403,manifest,"Client error '403 ' for url 'https://openapiproext.bnf.fr/iiif/presentation/v3/ark:/12148/bd6t530575v/manifest.json'
For more information check: https://developer.mozilla.org/en-US/docs/Web/HTTP/Status/403",2026-07-17T11:19:22.294812
combat,bd6t5305766,,failed,0,0,,http_manifest,known,403,manifest,"Client error '403 ' for url 'https://openapiproext.bnf.fr/iiif/presentation/v3/ark:/12148/bd6t5305766/manifest.json'
For more information check: https://developer.mozilla.org/en-US/docs/Web/HTTP/Status/403",2026-07-17T11:19:23.496313
combat,bd6t530577j,,failed,0,0,,http_manifest,known,403,manifest,"Client error '403 ' for url 'https://openapiproext.bnf.fr/iiif/presentation/v3/ark:/12148/bd6t530577j/manifest.json'
For more information check: https://developer.mozilla.org/en-US/docs/Web/HTTP/Status/403",2026-07-17T11:19:24.696661
combat,bd6t530578w,,failed,0,0,,http_manifest,known,403,manifest,"Client error '403 ' for url 'https://openapiproext.bnf.fr/iiif/presentation/v3/ark:/12148/bd6t530578w/manifest.json'
For more information check: https://developer.mozilla.org/en-US/docs/Web/HTTP/Status/403",2026-07-17T11:19:25.898001
combat,bd6t5305797,,failed,0,0,,http_manifest,known,403,manifest,"Client error '403 ' for url 'https://openapiproext.bnf.fr/iiif/presentation/v3/ark:/12148/bd6t5305797/manifest.json'
For more information check: https://developer.mozilla.org/en-US/docs/Web/HTTP/Status/403",2026-07-17T11:19:27.101306
combat,bd6t530580f,,failed,0,0,,http_manifest,known,403,manifest,"Client error '403 ' for url 'https://openapiproext.bnf.fr/iiif/presentation/v3/ark:/12148/bd6t530580f/manifest.json'
For more information check: https://developer.mozilla.org/en-US/docs/Web/HTTP/Status/403",2026-07-17T11:19:28.301223
combat,bd6t530581s,,failed,0,0,,http_manifest,known,403,manifest,"Client error '403 ' for url 'https://openapiproext.bnf.fr/iiif/presentation/v3/ark:/12148/bd6t530581s/manifest.json'
For more information check: https://developer.mozilla.org/en-US/docs/Web/HTTP/Status/403",2026-07-17T11:19:29.505117
combat,bd6t5305824,,failed,0,0,,http_manifest,known,403,manifest,"Client error '403 ' for url 'https://openapiproext.bnf.fr/iiif/presentation/v3/ark:/12148/bd6t5305824/manifest.json'
For more information check: https://developer.mozilla.org/en-US/docs/Web/HTTP/Status/403",2026-07-17T11:19:30.708227
combat,bd6t530583g,,failed,0,0,,http_manifest,known,403,manifest,"Client error '403 ' for url 'https://openapiproext.bnf.fr/iiif/presentation/v3/ark:/12148/bd6t530583g/manifest.json'
For more information check: https://developer.mozilla.org/en-US/docs/Web/HTTP/Status/403",2026-07-17T11:19:31.909233
combat,bd6t530584t,,failed,0,0,,http_manifest,known,403,manifest,"Client error '403 ' for url 'https://openapiproext.bnf.fr/iiif/presentation/v3/ark:/12148/bd6t530584t/manifest.json'
For more information check: https://developer.mozilla.org/en-US/docs/Web/HTTP/Status/403",2026-07-17T11:19:33.109090
combat,bd6t5305855,,failed,0,0,,http_manifest,known,403,manifest,"Client error '403 ' for url 'https://openapiproext.bnf.fr/iiif/presentation/v3/ark:/12148/bd6t5305855/manifest.json'
For more information check: https://developer.mozilla.org/en-US/docs/Web/HTTP/Status/403",2026-07-17T11:19:34.310254
combat,bd6t530586h,,failed,0,0,,http_manifest,known,403,manifest,"Client error '403 ' for url 'https://openapiproext.bnf.fr/iiif/presentation/v3/ark:/12148/bd6t530586h/manifest.json'
For more information check: https://developer.mozilla.org/en-US/docs/Web/HTTP/Status/403",2026-07-17T11:19:35.512658
combat,bd6t530587v,,failed,0,0,,http_manifest,known,403,manifest,"Client error '403 ' for url 'https://openapiproext.bnf.fr/iiif/presentation/v3/ark:/12148/bd6t530587v/manifest.json'
For more information check: https://developer.mozilla.org/en-US/docs/Web/HTTP/Status/403",2026-07-17T11:19:36.720192
combat,bd6t5305886,,failed,0,0,,http_manifest,known,403,manifest,"Client error '403 ' for url 'https://openapiproext.bnf.fr/iiif/presentation/v3/ark:/12148/bd6t5305886/manifest.json'
For more information check: https://developer.mozilla.org/en-US/docs/Web/HTTP/Status/403",2026-07-17T11:19:37.916539
combat,bd6t530589j,,failed,0,0,,http_manifest,known,403,manifest,"Client error '403 ' for url 'https://openapiproext.bnf.fr/iiif/presentation/v3/ark:/12148/bd6t530589j/manifest.json'
For more information check: https://developer.mozilla.org/en-US/docs/Web/HTTP/Status/403",2026-07-17T11:19:39.119873
combat,bd6t530590r,,failed,0,0,,http_manifest,known,403,manifest,"Client error '403 ' for url 'https://openapiproext.bnf.fr/iiif/presentation/v3/ark:/12148/bd6t530590r/manifest.json'
For more information check: https://developer.mozilla.org/en-US/docs/Web/HTTP/Status/403",2026-07-17T11:19:40.338652
combat,bd6t5305913,,failed,0,0,,http_manifest,known,403,manifest,"Client error '403 ' for url 'https://openapiproext.bnf.fr/iiif/presentation/v3/ark:/12148/bd6t5305913/manifest.json'
For more information check: https://developer.mozilla.org/en-US/docs/Web/HTTP/Status/403",2026-07-17T11:19:41.523737
combat,bd6t530592f,,failed,0,0,,http_manifest,known,403,manifest,"Client error '403 ' for url 'https://openapiproext.bnf.fr/iiif/presentation/v3/ark:/12148/bd6t530592f/manifest.json'
For more information check: https://developer.mozilla.org/en-US/docs/Web/HTTP/Status/403",2026-07-17T11:19:42.728585
combat,bd6t530593s,,failed,0,0,,http_manifest,known,403,manifest,"Client error '403 ' for url 'https://openapiproext.bnf.fr/iiif/presentation/v3/ark:/12148/bd6t530593s/manifest.json'
For more information check: https://developer.mozilla.org/en-US/docs/Web/HTTP/Status/403",2026-07-17T11:19:44.023748
combat,bd6t5305944,,failed,0,0,,http_manifest,known,403,manifest,"Client error '403 ' for url 'https://openapiproext.bnf.fr/iiif/presentation/v3/ark:/12148/bd6t5305944/manifest.json'
For more information check: https://developer.mozilla.org/en-US/docs/Web/HTTP/Status/403",2026-07-17T11:19:45.126552
combat,bd6t530595g,,failed,0,0,,http_manifest,known,403,manifest,"Client error '403 ' for url 'https://openapiproext.bnf.fr/iiif/presentation/v3/ark:/12148/bd6t530595g/manifest.json'
For more information check: https://developer.mozilla.org/en-US/docs/Web/HTTP/Status/403",2026-07-17T11:19:46.354484
combat,bd6t530596t,,failed,0,0,,http_manifest,known,403,manifest,"Client error '403 ' for url 'https://openapiproext.bnf.fr/iiif/presentation/v3/ark:/12148/bd6t530596t/manifest.json'
For more information check: https://developer.mozilla.org/en-US/docs/Web/HTTP/Status/403",2026-07-17T11:19:47.530253
combat,bd6t5305975,,failed,0,0,,http_manifest,known,403,manifest,"Client error '403 ' for url 'https://openapiproext.bnf.fr/iiif/presentation/v3/ark:/12148/bd6t5305975/manifest.json'
For more information check: https://developer.mozilla.org/en-US/docs/Web/HTTP/Status/403",2026-07-17T11:19:48.735096
combat,bd6t530598h,,failed,0,0,,http_manifest,known,403,manifest,"Client error '403 ' for url 'https://openapiproext.bnf.fr/iiif/presentation/v3/ark:/12148/bd6t530598h/manifest.json'
For more information check: https://developer.mozilla.org/en-US/docs/Web/HTTP/Status/403",2026-07-17T11:19:49.936170
combat,bd6t530599v,,failed,0,0,,http_manifest,known,403,manifest,"Client error '403 ' for url 'https://openapiproext.bnf.fr/iiif/presentation/v3/ark:/12148/bd6t530599v/manifest.json'
For more information check: https://developer.mozilla.org/en-US/docs/Web/HTTP/Status/403",2026-07-17T11:19:51.134284
combat,bd6t5306007,,failed,0,0,,http_manifest,known,403,manifest,"Client error '403 ' for url 'https://openapiproext.bnf.fr/iiif/presentation/v3/ark:/12148/bd6t5306007/manifest.json'
For more information check: https://developer.mozilla.org/en-US/docs/Web/HTTP/Status/403",2026-07-17T11:19:52.340646
combat,bd6t530601k,,failed,0,0,,http_manifest,known,403,manifest,"Client error '403 ' for url 'https://openapiproext.bnf.fr/iiif/presentation/v3/ark:/12148/bd6t530601k/manifest.json'
For more information check: https://developer.mozilla.org/en-US/docs/Web/HTTP/Status/403",2026-07-17T11:19:53.539347
combat,bd6t530602x,,failed,0,0,,http_manifest,known,403,manifest,"Client error '403 ' for url 'https://openapiproext.bnf.fr/iiif/presentation/v3/ark:/12148/bd6t530602x/manifest.json'
For more information check: https://developer.mozilla.org/en-US/docs/Web/HTTP/Status/403",2026-07-17T11:19:54.742657
combat,bd6t5306038,,failed,0,0,,http_manifest,known,403,manifest,"Client error '403 ' for url 'https://openapiproext.bnf.fr/iiif/presentation/v3/ark:/12148/bd6t5306038/manifest.json'
For more information check: https://developer.mozilla.org/en-US/docs/Web/HTTP/Status/403",2026-07-17T11:19:55.952873
combat,bd6t530604m,,failed,0,0,,http_manifest,known,403,manifest,"Client error '403 ' for url 'https://openapiproext.bnf.fr/iiif/presentation/v3/ark:/12148/bd6t530604m/manifest.json'
For more information check: https://developer.mozilla.org/en-US/docs/Web/HTTP/Status/403",2026-07-17T11:19:57.143068
combat,bd6t530605z,,failed,0,0,,http_manifest,known,403,manifest,"Client error '403 ' for url 'https://openapiproext.bnf.fr/iiif/presentation/v3/ark:/12148/bd6t530605z/manifest.json'
For more information check: https://developer.mozilla.org/en-US/docs/Web/HTTP/Status/403",2026-07-17T11:19:58.580052
combat,bd6t5306069,,failed,0,0,,http_manifest,known,403,manifest,"Client error '403 ' for url 'https://openapiproext.bnf.fr/iiif/presentation/v3/ark:/12148/bd6t5306069/manifest.json'
For more information check: https://developer.mozilla.org/en-US/docs/Web/HTTP/Status/403",2026-07-17T11:19:59.552852
combat,bd6t530607n,,failed,0,0,,http_manifest,known,403,manifest,"Client error '403 ' for url 'https://openapiproext.bnf.fr/iiif/presentation/v3/ark:/12148/bd6t530607n/manifest.json'
For more information check: https://developer.mozilla.org/en-US/docs/Web/HTTP/Status/403",2026-07-17T11:20:00.825168
combat,bd6t5306080,,failed,0,0,,http_manifest,known,403,manifest,"Client error '403 ' for url 'https://openapiproext.bnf.fr/iiif/presentation/v3/ark:/12148/bd6t5306080/manifest.json'
For more information check: https://developer.mozilla.org/en-US/docs/Web/HTTP/Status/403",2026-07-17T11:20:01.953269
combat,bd6t530609b,,failed,0,0,,http_manifest,known,403,manifest,"Client error '403 ' for url 'https://openapiproext.bnf.fr/iiif/presentation/v3/ark:/12148/bd6t530609b/manifest.json'
For more information check: https://developer.mozilla.org/en-US/docs/Web/HTTP/Status/403",2026-07-17T11:20:03.156671
combat,bd6t530610j,,failed,0,0,,http_manifest,known,403,manifest,"Client error '403 ' for url 'https://openapiproext.bnf.fr/iiif/presentation/v3/ark:/12148/bd6t530610j/manifest.json'
For more information check: https://developer.mozilla.org/en-US/docs/Web/HTTP/Status/403",2026-07-17T11:20:04.505331
combat,bd6t530611w,,failed,0,0,,http_manifest,known,403,manifest,"Client error '403 ' for url 'https://openapiproext.bnf.fr/iiif/presentation/v3/ark:/12148/bd6t530611w/manifest.json'
For more information check: https://developer.mozilla.org/en-US/docs/Web/HTTP/Status/403",2026-07-17T11:20:05.647612
combat,bd6t5306127,,failed,0,0,,http_manifest,known,403,manifest,"Client error '403 ' for url 'https://openapiproext.bnf.fr/iiif/presentation/v3/ark:/12148/bd6t5306127/manifest.json'
For more information check: https://developer.mozilla.org/en-US/docs/Web/HTTP/Status/403",2026-07-17T11:20:06.758926
combat,bd6t530613k,,failed,0,0,,http_manifest,known,403,manifest,"Client error '403 ' for url 'https://openapiproext.bnf.fr/iiif/presentation/v3/ark:/12148/bd6t530613k/manifest.json'
For more information check: https://developer.mozilla.org/en-US/docs/Web/HTTP/Status/403",2026-07-17T11:20:07.960078
combat,bd6t530614x,,failed,0,0,,http_manifest,known,403,manifest,"Client error '403 ' for url 'https://openapiproext.bnf.fr/iiif/presentation/v3/ark:/12148/bd6t530614x/manifest.json'
For more information check: https://developer.mozilla.org/en-US/docs/Web/HTTP/Status/403",2026-07-17T11:20:09.204689
combat,bd6t5306158,,failed,0,0,,http_manifest,known,403,manifest,"Client error '403 ' for url 'https://openapiproext.bnf.fr/iiif/presentation/v3/ark:/12148/bd6t5306158/manifest.json'
For more information check: https://developer.mozilla.org/en-US/docs/Web/HTTP/Status/403",2026-07-17T11:20:10.421711
combat,bd6t530616m,,failed,0,0,,http_manifest,known,403,manifest,"Client error '403 ' for url 'https://openapiproext.bnf.fr/iiif/presentation/v3/ark:/12148/bd6t530616m/manifest.json'
For more information check: https://developer.mozilla.org/en-US/docs/Web/HTTP/Status/403",2026-07-17T11:20:11.593505
combat,bd6t530617z,,failed,0,0,,http_manifest,known,403,manifest,"Client error '403 ' for url 'https://openapiproext.bnf.fr/iiif/presentation/v3/ark:/12148/bd6t530617z/manifest.json'
For more information check: https://developer.mozilla.org/en-US/docs/Web/HTTP/Status/403",2026-07-17T11:20:12.762352
combat,bd6t5306189,,failed,0,0,,http_manifest,known,403,manifest,"Client error '403 ' for url 'https://openapiproext.bnf.fr/iiif/presentation/v3/ark:/12148/bd6t5306189/manifest.json'
For more information check: https://developer.mozilla.org/en-US/docs/Web/HTTP/Status/403",2026-07-17T11:20:14.154323
combat,bd6t530619n,,failed,0,0,,http_manifest,known,403,manifest,"Client error '403 ' for url 'https://openapiproext.bnf.fr/iiif/presentation/v3/ark:/12148/bd6t530619n/manifest.json'
For more information check: https://developer.mozilla.org/en-US/docs/Web/HTTP/Status/403",2026-07-17T11:20:15.343600
combat,bd6t530620v,,failed,0,0,,http_manifest,known,403,manifest,"Client error '403 ' for url 'https://openapiproext.bnf.fr/iiif/presentation/v3/ark:/12148/bd6t530620v/manifest.json'
For more information check: https://developer.mozilla.org/en-US/docs/Web/HTTP/Status/403",2026-07-17T11:20:16.371028
combat,bd6t5306216,,failed,0,0,,http_manifest,known,403,manifest,"Client error '403 ' for url 'https://openapiproext.bnf.fr/iiif/presentation/v3/ark:/12148/bd6t5306216/manifest.json'
For more information check: https://developer.mozilla.org/en-US/docs/Web/HTTP/Status/403",2026-07-17T11:20:17.583381
combat,bd6t530622j,,failed,0,0,,http_manifest,known,403,manifest,"Client error '403 ' for url 'https://openapiproext.bnf.fr/iiif/presentation/v3/ark:/12148/bd6t530622j/manifest.json'
For more information check: https://developer.mozilla.org/en-US/docs/Web/HTTP/Status/403",2026-07-17T11:20:18.775716
combat,bd6t530623w,,failed,0,0,,http_manifest,known,403,manifest,"Client error '403 ' for url 'https://openapiproext.bnf.fr/iiif/presentation/v3/ark:/12148/bd6t530623w/manifest.json'
For more information check: https://developer.mozilla.org/en-US/docs/Web/HTTP/Status/403",2026-07-17T11:20:19.968906
combat,bd6t5306247,,failed,0,0,,http_manifest,known,403,manifest,"Client error '403 ' for url 'https://openapiproext.bnf.fr/iiif/presentation/v3/ark:/12148/bd6t5306247/manifest.json'
For more information check: https://developer.mozilla.org/en-US/docs/Web/HTTP/Status/403",2026-07-17T11:20:21.176984
combat,bd6t530625k,,failed,0,0,,http_manifest,known,403,manifest,"Client error '403 ' for url 'https://openapiproext.bnf.fr/iiif/presentation/v3/ark:/12148/bd6t530625k/manifest.json'
For more information check: https://developer.mozilla.org/en-US/docs/Web/HTTP/Status/403",2026-07-17T11:20:22.376191
combat,bd6t530626x,,failed,0,0,,http_manifest,known,403,manifest,"Client error '403 ' for url 'https://openapiproext.bnf.fr/iiif/presentation/v3/ark:/12148/bd6t530626x/manifest.json'
For more information check: https://developer.mozilla.org/en-US/docs/Web/HTTP/Status/403",2026-07-17T11:20:23.583780
combat,bd6t5306278,,failed,0,0,,http_manifest,known,403,manifest,"Client error '403 ' for url 'https://openapiproext.bnf.fr/iiif/presentation/v3/ark:/12148/bd6t5306278/manifest.json'
For more information check: https://developer.mozilla.org/en-US/docs/Web/HTTP/Status/403",2026-07-17T11:20:24.789432
combat,bd6t530628m,,failed,0,0,,http_manifest,known,403,manifest,"Client error '403 ' for url 'https://openapiproext.bnf.fr/iiif/presentation/v3/ark:/12148/bd6t530628m/manifest.json'
For more information check: https://developer.mozilla.org/en-US/docs/Web/HTTP/Status/403",2026-07-17T11:20:25.980269
combat,bd6t530629z,,failed,0,0,,http_manifest,known,403,manifest,"Client error '403 ' for url 'https://openapiproext.bnf.fr/iiif/presentation/v3/ark:/12148/bd6t530629z/manifest.json'
For more information check: https://developer.mozilla.org/en-US/docs/Web/HTTP/Status/403",2026-07-17T11:20:27.188338
combat,bd6t5306305,,failed,0,0,,http_manifest,known,403,manifest,"Client error '403 ' for url 'https://openapiproext.bnf.fr/iiif/presentation/v3/ark:/12148/bd6t5306305/manifest.json'
For more information check: https://developer.mozilla.org/en-US/docs/Web/HTTP/Status/403",2026-07-17T11:20:28.392069
combat,bd6t530631h,,failed,0,0,,http_manifest,known,403,manifest,"Client error '403 ' for url 'https://openapiproext.bnf.fr/iiif/presentation/v3/ark:/12148/bd6t530631h/manifest.json'
For more information check: https://developer.mozilla.org/en-US/docs/Web/HTTP/Status/403",2026-07-17T11:20:29.588199
combat,bd6t530632v,,failed,0,0,,http_manifest,known,403,manifest,"Client error '403 ' for url 'https://openapiproext.bnf.fr/iiif/presentation/v3/ark:/12148/bd6t530632v/manifest.json'
For more information check: https://developer.mozilla.org/en-US/docs/Web/HTTP/Status/403",2026-07-17T11:20:30.791686
combat,bd6t5306336,,failed,0,0,,http_manifest,known,403,manifest,"Client error '403 ' for url 'https://openapiproext.bnf.fr/iiif/presentation/v3/ark:/12148/bd6t5306336/manifest.json'
For more information check: https://developer.mozilla.org/en-US/docs/Web/HTTP/Status/403",2026-07-17T11:20:31.994409
combat,bd6t530634j,,failed,0,0,,http_manifest,known,403,manifest,"Client error '403 ' for url 'https://openapiproext.bnf.fr/iiif/presentation/v3/ark:/12148/bd6t530634j/manifest.json'
For more information check: https://developer.mozilla.org/en-US/docs/Web/HTTP/Status/403",2026-07-17T11:20:33.209311
combat,bd6t530635w,,failed,0,0,,http_manifest,known,403,manifest,"Client error '403 ' for url 'https://openapiproext.bnf.fr/iiif/presentation/v3/ark:/12148/bd6t530635w/manifest.json'
For more information check: https://developer.mozilla.org/en-US/docs/Web/HTTP/Status/403",2026-07-17T11:20:34.395368
combat,bd6t5306367,,failed,0,0,,http_manifest,known,403,manifest,"Client error '403 ' for url 'https://openapiproext.bnf.fr/iiif/presentation/v3/ark:/12148/bd6t5306367/manifest.json'
For more information check: https://developer.mozilla.org/en-US/docs/Web/HTTP/Status/403",2026-07-17T11:20:35.601062
combat,bd6t530637k,,failed,0,0,,http_manifest,known,403,manifest,"Client error '403 ' for url 'https://openapiproext.bnf.fr/iiif/presentation/v3/ark:/12148/bd6t530637k/manifest.json'
For more information check: https://developer.mozilla.org/en-US/docs/Web/HTTP/Status/403",2026-07-17T11:20:36.799931
combat,bd6t530638x,,failed,0,0,,http_manifest,known,403,manifest,"Client error '403 ' for url 'https://openapiproext.bnf.fr/iiif/presentation/v3/ark:/12148/bd6t530638x/manifest.json'
For more information check: https://developer.mozilla.org/en-US/docs/Web/HTTP/Status/403",2026-07-17T11:20:38.003974
combat,bd6t5306398,,failed,0,0,,http_manifest,known,403,manifest,"Client error '403 ' for url 'https://openapiproext.bnf.fr/iiif/presentation/v3/ark:/12148/bd6t5306398/manifest.json'
For more information check: https://developer.mozilla.org/en-US/docs/Web/HTTP/Status/403",2026-07-17T11:20:39.199509
combat,bd6t530640g,,failed,0,0,,http_manifest,known,403,manifest,"Client error '403 ' for url 'https://openapiproext.bnf.fr/iiif/presentation/v3/ark:/12148/bd6t530640g/manifest.json'
For more information check: https://developer.mozilla.org/en-US/docs/Web/HTTP/Status/403",2026-07-17T11:20:40.419935
combat,bd6t530641t,,failed,0,0,,http_manifest,known,403,manifest,"Client error '403 ' for url 'https://openapiproext.bnf.fr/iiif/presentation/v3/ark:/12148/bd6t530641t/manifest.json'
For more information check: https://developer.mozilla.org/en-US/docs/Web/HTTP/Status/403",2026-07-17T11:20:41.603312
combat,bd6t5306425,,failed,0,0,,http_manifest,known,403,manifest,"Client error '403 ' for url 'https://openapiproext.bnf.fr/iiif/presentation/v3/ark:/12148/bd6t5306425/manifest.json'
For more information check: https://developer.mozilla.org/en-US/docs/Web/HTTP/Status/403",2026-07-17T11:20:42.807753
combat,bd6t530643h,,failed,0,0,,http_manifest,known,403,manifest,"Client error '403 ' for url 'https://openapiproext.bnf.fr/iiif/presentation/v3/ark:/12148/bd6t530643h/manifest.json'
For more information check: https://developer.mozilla.org/en-US/docs/Web/HTTP/Status/403",2026-07-17T11:20:44.009507
combat,bd6t530644v,,failed,0,0,,http_manifest,known,403,manifest,"Client error '403 ' for url 'https://openapiproext.bnf.fr/iiif/presentation/v3/ark:/12148/bd6t530644v/manifest.json'
For more information check: https://developer.mozilla.org/en-US/docs/Web/HTTP/Status/403",2026-07-17T11:20:45.219313
combat,bd6t5306456,,failed,0,0,,http_manifest,known,403,manifest,"Client error '403 ' for url 'https://openapiproext.bnf.fr/iiif/presentation/v3/ark:/12148/bd6t5306456/manifest.json'
For more information check: https://developer.mozilla.org/en-US/docs/Web/HTTP/Status/403",2026-07-17T11:20:46.430476
combat,bd6t530646j,,failed,0,0,,http_manifest,known,403,manifest,"Client error '403 ' for url 'https://openapiproext.bnf.fr/iiif/presentation/v3/ark:/12148/bd6t530646j/manifest.json'
For more information check: https://developer.mozilla.org/en-US/docs/Web/HTTP/Status/403",2026-07-17T11:20:47.611977
combat,bd6t530647w,,failed,0,0,,http_manifest,known,403,manifest,"Client error '403 ' for url 'https://openapiproext.bnf.fr/iiif/presentation/v3/ark:/12148/bd6t530647w/manifest.json'
For more information check: https://developer.mozilla.org/en-US/docs/Web/HTTP/Status/403",2026-07-17T11:20:48.815952
combat,bd6t530809w,,failed,0,0,,http_manifest,known,403,manifest,"Client error '403 ' for url 'https://openapiproext.bnf.fr/iiif/presentation/v3/ark:/12148/bd6t530809w/manifest.json'
For more information check: https://developer.mozilla.org/en-US/docs/Web/HTTP/Status/403",2026-07-17T11:20:50.015485
combat,bd6t5308103,,failed,0,0,,http_manifest,known,403,manifest,"Client error '403 ' for url 'https://openapiproext.bnf.fr/iiif/presentation/v3/ark:/12148/bd6t5308103/manifest.json'
For more information check: https://developer.mozilla.org/en-US/docs/Web/HTTP/Status/403",2026-07-17T11:20:51.217593
combat,bd6t530811f,,failed,0,0,,http_manifest,known,403,manifest,"Client error '403 ' for url 'https://openapiproext.bnf.fr/iiif/presentation/v3/ark:/12148/bd6t530811f/manifest.json'
For more information check: https://developer.mozilla.org/en-US/docs/Web/HTTP/Status/403",2026-07-17T11:20:52.419544
combat,bd6t530812s,,failed,0,0,,http_manifest,known,403,manifest,"Client error '403 ' for url 'https://openapiproext.bnf.fr/iiif/presentation/v3/ark:/12148/bd6t530812s/manifest.json'
For more information check: https://developer.mozilla.org/en-US/docs/Web/HTTP/Status/403",2026-07-17T11:20:53.622352
combat,bd6t5308134,,failed,0,0,,http_manifest,known,403,manifest,"Client error '403 ' for url 'https://openapiproext.bnf.fr/iiif/presentation/v3/ark:/12148/bd6t5308134/manifest.json'
For more information check: https://developer.mozilla.org/en-US/docs/Web/HTTP/Status/403",2026-07-17T11:20:54.822984
combat,bd6t530814g,,failed,0,0,,http_manifest,known,403,manifest,"Client error '403 ' for url 'https://openapiproext.bnf.fr/iiif/presentation/v3/ark:/12148/bd6t530814g/manifest.json'
For more information check: https://developer.mozilla.org/en-US/docs/Web/HTTP/Status/403",2026-07-17T11:20:56.028405
combat,bd6t530815t,,failed,0,0,,http_manifest,known,403,manifest,"Client error '403 ' for url 'https://openapiproext.bnf.fr/iiif/presentation/v3/ark:/12148/bd6t530815t/manifest.json'
For more information check: https://developer.mozilla.org/en-US/docs/Web/HTTP/Status/403",2026-07-17T11:20:57.229407
combat,bd6t5308165,,failed,0,0,,http_manifest,known,403,manifest,"Client error '403 ' for url 'https://openapiproext.bnf.fr/iiif/presentation/v3/ark:/12148/bd6t5308165/manifest.json'
For more information check: https://developer.mozilla.org/en-US/docs/Web/HTTP/Status/403",2026-07-17T11:20:58.722625
combat,bd6t530817h,,failed,0,0,,http_manifest,known,403,manifest,"Client error '403 ' for url 'https://openapiproext.bnf.fr/iiif/presentation/v3/ark:/12148/bd6t530817h/manifest.json'
For more information check: https://developer.mozilla.org/en-US/docs/Web/HTTP/Status/403",2026-07-17T11:20:59.784579
combat,bd6t530818v,,failed,0,0,,http_manifest,known,403,manifest,"Client error '403 ' for url 'https://openapiproext.bnf.fr/iiif/presentation/v3/ark:/12148/bd6t530818v/manifest.json'
For more information check: https://developer.mozilla.org/en-US/docs/Web/HTTP/Status/403",2026-07-17T11:21:00.953809
combat,bd6t5308196,,failed,0,0,,http_manifest,known,403,manifest,"Client error '403 ' for url 'https://openapiproext.bnf.fr/iiif/presentation/v3/ark:/12148/bd6t5308196/manifest.json'
For more information check: https://developer.mozilla.org/en-US/docs/Web/HTTP/Status/403",2026-07-17T11:21:02.176308
combat,bd6t530820d,,failed,0,0,,http_manifest,known,403,manifest,"Client error '403 ' for url 'https://openapiproext.bnf.fr/iiif/presentation/v3/ark:/12148/bd6t530820d/manifest.json'
For more information check: https://developer.mozilla.org/en-US/docs/Web/HTTP/Status/403",2026-07-17T11:21:03.234698
combat,bd6t530821r,,failed,0,0,,http_manifest,known,403,manifest,"Client error '403 ' for url 'https://openapiproext.bnf.fr/iiif/presentation/v3/ark:/12148/bd6t530821r/manifest.json'
For more information check: https://developer.mozilla.org/en-US/docs/Web/HTTP/Status/403",2026-07-17T11:21:04.582862
combat,bd6t5308223,,failed,0,0,,http_manifest,known,403,manifest,"Client error '403 ' for url 'https://openapiproext.bnf.fr/iiif/presentation/v3/ark:/12148/bd6t5308223/manifest.json'
For more information check: https://developer.mozilla.org/en-US/docs/Web/HTTP/Status/403",2026-07-17T11:21:05.810868
combat,bd6t530823f,,failed,0,0,,http_manifest,known,403,manifest,"Client error '403 ' for url 'https://openapiproext.bnf.fr/iiif/presentation/v3/ark:/12148/bd6t530823f/manifest.json'
For more information check: https://developer.mozilla.org/en-US/docs/Web/HTTP/Status/403",2026-07-17T11:21:07.056537
combat,bd6t530824s,,failed,0,0,,http_manifest,known,403,manifest,"Client error '403 ' for url 'https://openapiproext.bnf.fr/iiif/presentation/v3/ark:/12148/bd6t530824s/manifest.json'
For more information check: https://developer.mozilla.org/en-US/docs/Web/HTTP/Status/403",2026-07-17T11:21:08.040505
combat,bd6t5308254,,failed,0,0,,http_manifest,known,403,manifest,"Client error '403 ' for url 'https://openapiproext.bnf.fr/iiif/presentation/v3/ark:/12148/bd6t5308254/manifest.json'
For more information check: https://developer.mozilla.org/en-US/docs/Web/HTTP/Status/403",2026-07-17T11:21:09.374652
combat,bd6t530826g,,failed,0,0,,http_manifest,known,403,manifest,"Client error '403 ' for url 'https://openapiproext.bnf.fr/iiif/presentation/v3/ark:/12148/bd6t530826g/manifest.json'
For more information check: https://developer.mozilla.org/en-US/docs/Web/HTTP/Status/403",2026-07-17T11:21:10.442819
combat,bd6t530827t,,failed,0,0,,http_manifest,known,403,manifest,"Client error '403 ' for url 'https://openapiproext.bnf.fr/iiif/presentation/v3/ark:/12148/bd6t530827t/manifest.json'
For more information check: https://developer.mozilla.org/en-US/docs/Web/HTTP/Status/403",2026-07-17T11:21:11.644460
combat,bd6t5308285,,failed,0,0,,http_manifest,known,403,manifest,"Client error '403 ' for url 'https://openapiproext.bnf.fr/iiif/presentation/v3/ark:/12148/bd6t5308285/manifest.json'
For more information check: https://developer.mozilla.org/en-US/docs/Web/HTTP/Status/403",2026-07-17T11:21:12.953520
combat,bd6t530829h,,failed,0,0,,http_manifest,known,403,manifest,"Client error '403 ' for url 'https://openapiproext.bnf.fr/iiif/presentation/v3/ark:/12148/bd6t530829h/manifest.json'
For more information check: https://developer.mozilla.org/en-US/docs/Web/HTTP/Status/403",2026-07-17T11:21:14.122051
combat,bd6t530830q,,failed,0,0,,http_manifest,known,403,manifest,"Client error '403 ' for url 'https://openapiproext.bnf.fr/iiif/presentation/v3/ark:/12148/bd6t530830q/manifest.json'
For more information check: https://developer.mozilla.org/en-US/docs/Web/HTTP/Status/403",2026-07-17T11:21:15.330307
combat,bd6t5308312,,failed,0,0,,http_manifest,known,403,manifest,"Client error '403 ' for url 'https://openapiproext.bnf.fr/iiif/presentation/v3/ark:/12148/bd6t5308312/manifest.json'
For more information check: https://developer.mozilla.org/en-US/docs/Web/HTTP/Status/403",2026-07-17T11:21:16.454376
combat,bd6t530832d,,failed,0,0,,http_manifest,known,403,manifest,"Client error '403 ' for url 'https://openapiproext.bnf.fr/iiif/presentation/v3/ark:/12148/bd6t530832d/manifest.json'
For more information check: https://developer.mozilla.org/en-US/docs/Web/HTTP/Status/403",2026-07-17T11:21:17.653553
combat,bd6t530833r,,failed,0,0,,http_manifest,known,403,manifest,"Client error '403 ' for url 'https://openapiproext.bnf.fr/iiif/presentation/v3/ark:/12148/bd6t530833r/manifest.json'
For more information check: https://developer.mozilla.org/en-US/docs/Web/HTTP/Status/403",2026-07-17T11:21:18.861309
combat,bd6t5308343,,failed,0,0,,http_manifest,known,403,manifest,"Client error '403 ' for url 'https://openapiproext.bnf.fr/iiif/presentation/v3/ark:/12148/bd6t5308343/manifest.json'
For more information check: https://developer.mozilla.org/en-US/docs/Web/HTTP/Status/403",2026-07-17T11:21:20.056057
combat,bd6t530835f,,failed,0,0,,http_manifest,known,403,manifest,"Client error '403 ' for url 'https://openapiproext.bnf.fr/iiif/presentation/v3/ark:/12148/bd6t530835f/manifest.json'
For more information check: https://developer.mozilla.org/en-US/docs/Web/HTTP/Status/403",2026-07-17T11:21:21.272801
combat,bd6t5308374,,failed,0,0,,http_manifest,known,403,manifest,"Client error '403 ' for url 'https://openapiproext.bnf.fr/iiif/presentation/v3/ark:/12148/bd6t5308374/manifest.json'
For more information check: https://developer.mozilla.org/en-US/docs/Web/HTTP/Status/403",2026-07-17T11:21:22.467675
combat,bd6t530836s,,failed,0,0,,http_manifest,known,403,manifest,"Client error '403 ' for url 'https://openapiproext.bnf.fr/iiif/presentation/v3/ark:/12148/bd6t530836s/manifest.json'
For more information check: https://developer.mozilla.org/en-US/docs/Web/HTTP/Status/403",2026-07-17T11:21:23.661016
combat,bd6t530838g,,failed,0,0,,http_manifest,known,403,manifest,"Client error '403 ' for url 'https://openapiproext.bnf.fr/iiif/presentation/v3/ark:/12148/bd6t530838g/manifest.json'
For more information check: https://developer.mozilla.org/en-US/docs/Web/HTTP/Status/403",2026-07-17T11:21:24.858736
combat,bd6t530839t,,failed,0,0,,http_manifest,known,403,manifest,"Client error '403 ' for url 'https://openapiproext.bnf.fr/iiif/presentation/v3/ark:/12148/bd6t530839t/manifest.json'
For more information check: https://developer.mozilla.org/en-US/docs/Web/HTTP/Status/403",2026-07-17T11:21:26.064927
combat,bd6t5308401,,failed,0,0,,http_manifest,known,403,manifest,"Client error '403 ' for url 'https://openapiproext.bnf.fr/iiif/presentation/v3/ark:/12148/bd6t5308401/manifest.json'
For more information check: https://developer.mozilla.org/en-US/docs/Web/HTTP/Status/403",2026-07-17T11:21:27.277619
combat,bd6t530841c,,failed,0,0,,http_manifest,known,403,manifest,"Client error '403 ' for url 'https://openapiproext.bnf.fr/iiif/presentation/v3/ark:/12148/bd6t530841c/manifest.json'
For more information check: https://developer.mozilla.org/en-US/docs/Web/HTTP/Status/403",2026-07-17T11:21:28.470291
combat,bd6t530842q,,failed,0,0,,http_manifest,known,403,manifest,"Client error '403 ' for url 'https://openapiproext.bnf.fr/iiif/presentation/v3/ark:/12148/bd6t530842q/manifest.json'
For more information check: https://developer.mozilla.org/en-US/docs/Web/HTTP/Status/403",2026-07-17T11:21:29.667513
combat,bd6t5308432,,failed,0,0,,http_manifest,known,403,manifest,"Client error '403 ' for url 'https://openapiproext.bnf.fr/iiif/presentation/v3/ark:/12148/bd6t5308432/manifest.json'
For more information check: https://developer.mozilla.org/en-US/docs/Web/HTTP/Status/403",2026-07-17T11:21:30.871332
combat,bd6t530844d,,failed,0,0,,http_manifest,known,403,manifest,"Client error '403 ' for url 'https://openapiproext.bnf.fr/iiif/presentation/v3/ark:/12148/bd6t530844d/manifest.json'
For more information check: https://developer.mozilla.org/en-US/docs/Web/HTTP/Status/403",2026-07-17T11:21:32.074495
combat,bd6t530845r,,failed,0,0,,http_manifest,known,403,manifest,"Client error '403 ' for url 'https://openapiproext.bnf.fr/iiif/presentation/v3/ark:/12148/bd6t530845r/manifest.json'
For more information check: https://developer.mozilla.org/en-US/docs/Web/HTTP/Status/403",2026-07-17T11:21:33.284571
combat,bd6t5308463,,failed,0,0,,http_manifest,known,403,manifest,"Client error '403 ' for url 'https://openapiproext.bnf.fr/iiif/presentation/v3/ark:/12148/bd6t5308463/manifest.json'
For more information check: https://developer.mozilla.org/en-US/docs/Web/HTTP/Status/403",2026-07-17T11:21:34.476566
combat,bd6t530847f,,failed,0,0,,http_manifest,known,403,manifest,"Client error '403 ' for url 'https://openapiproext.bnf.fr/iiif/presentation/v3/ark:/12148/bd6t530847f/manifest.json'
For more information check: https://developer.mozilla.org/en-US/docs/Web/HTTP/Status/403",2026-07-17T11:21:35.677407
combat,bd6t530848s,,failed,0,0,,http_manifest,known,403,manifest,"Client error '403 ' for url 'https://openapiproext.bnf.fr/iiif/presentation/v3/ark:/12148/bd6t530848s/manifest.json'
For more information check: https://developer.mozilla.org/en-US/docs/Web/HTTP/Status/403",2026-07-17T11:21:36.879558
combat,bd6t5308494,,failed,0,0,,http_manifest,known,403,manifest,"Client error '403 ' for url 'https://openapiproext.bnf.fr/iiif/presentation/v3/ark:/12148/bd6t5308494/manifest.json'
For more information check: https://developer.mozilla.org/en-US/docs/Web/HTTP/Status/403",2026-07-17T11:21:38.095732
combat,bd6t530850b,,failed,0,0,,http_manifest,known,403,manifest,"Client error '403 ' for url 'https://openapiproext.bnf.fr/iiif/presentation/v3/ark:/12148/bd6t530850b/manifest.json'
For more information check: https://developer.mozilla.org/en-US/docs/Web/HTTP/Status/403",2026-07-17T11:21:39.281094
combat,bd6t530851p,,failed,0,0,,http_manifest,known,403,manifest,"Client error '403 ' for url 'https://openapiproext.bnf.fr/iiif/presentation/v3/ark:/12148/bd6t530851p/manifest.json'
For more information check: https://developer.mozilla.org/en-US/docs/Web/HTTP/Status/403",2026-07-17T11:21:40.486691
combat,bd6t5308521,,failed,0,0,,http_manifest,known,403,manifest,"Client error '403 ' for url 'https://openapiproext.bnf.fr/iiif/presentation/v3/ark:/12148/bd6t5308521/manifest.json'
For more information check: https://developer.mozilla.org/en-US/docs/Web/HTTP/Status/403",2026-07-17T11:21:41.689639
combat,bd6t530853c,,failed,0,0,,http_manifest,known,403,manifest,"Client error '403 ' for url 'https://openapiproext.bnf.fr/iiif/presentation/v3/ark:/12148/bd6t530853c/manifest.json'
For more information check: https://developer.mozilla.org/en-US/docs/Web/HTTP/Status/403",2026-07-17T11:21:42.888024
combat,bd6t530854q,,failed,0,0,,http_manifest,known,403,manifest,"Client error '403 ' for url 'https://openapiproext.bnf.fr/iiif/presentation/v3/ark:/12148/bd6t530854q/manifest.json'
For more information check: https://developer.mozilla.org/en-US/docs/Web/HTTP/Status/403",2026-07-17T11:21:44.093659
combat,bd6t5308552,,failed,0,0,,http_manifest,known,403,manifest,"Client error '403 ' for url 'https://openapiproext.bnf.fr/iiif/presentation/v3/ark:/12148/bd6t5308552/manifest.json'
For more information check: https://developer.mozilla.org/en-US/docs/Web/HTTP/Status/403",2026-07-17T11:21:45.294230
combat,bd6t530856d,,failed,0,0,,http_manifest,known,403,manifest,"Client error '403 ' for url 'https://openapiproext.bnf.fr/iiif/presentation/v3/ark:/12148/bd6t530856d/manifest.json'
For more information check: https://developer.mozilla.org/en-US/docs/Web/HTTP/Status/403",2026-07-17T11:21:46.495001
combat,bd6t530857r,,failed,0,0,,http_manifest,known,403,manifest,"Client error '403 ' for url 'https://openapiproext.bnf.fr/iiif/presentation/v3/ark:/12148/bd6t530857r/manifest.json'
For more information check: https://developer.mozilla.org/en-US/docs/Web/HTTP/Status/403",2026-07-17T11:21:47.705388
combat,bd6t5308583,,failed,0,0,,http_manifest,known,403,manifest,"Client error '403 ' for url 'https://openapiproext.bnf.fr/iiif/presentation/v3/ark:/12148/bd6t5308583/manifest.json'
For more information check: https://developer.mozilla.org/en-US/docs/Web/HTTP/Status/403",2026-07-17T11:21:48.896561
combat,bd6t530859f,,failed,0,0,,http_manifest,known,403,manifest,"Client error '403 ' for url 'https://openapiproext.bnf.fr/iiif/presentation/v3/ark:/12148/bd6t530859f/manifest.json'
For more information check: https://developer.mozilla.org/en-US/docs/Web/HTTP/Status/403",2026-07-17T11:21:50.112848
combat,bd6t530860n,,failed,0,0,,http_manifest,known,403,manifest,"Client error '403 ' for url 'https://openapiproext.bnf.fr/iiif/presentation/v3/ark:/12148/bd6t530860n/manifest.json'
For more information check: https://developer.mozilla.org/en-US/docs/Web/HTTP/Status/403",2026-07-17T11:21:51.308610
combat,bd6t5308610,,failed,0,0,,http_manifest,known,403,manifest,"Client error '403 ' for url 'https://openapiproext.bnf.fr/iiif/presentation/v3/ark:/12148/bd6t5308610/manifest.json'
For more information check: https://developer.mozilla.org/en-US/docs/Web/HTTP/Status/403",2026-07-17T11:21:52.502099
combat,bd6t530862b,,failed,0,0,,http_manifest,known,403,manifest,"Client error '403 ' for url 'https://openapiproext.bnf.fr/iiif/presentation/v3/ark:/12148/bd6t530862b/manifest.json'
For more information check: https://developer.mozilla.org/en-US/docs/Web/HTTP/Status/403",2026-07-17T11:21:53.706253
combat,bd6t530863p,,failed,0,0,,http_manifest,known,403,manifest,"Client error '403 ' for url 'https://openapiproext.bnf.fr/iiif/presentation/v3/ark:/12148/bd6t530863p/manifest.json'
For more information check: https://developer.mozilla.org/en-US/docs/Web/HTTP/Status/403",2026-07-17T11:21:54.907627
combat,bd6t5308641,,failed,0,0,,http_manifest,known,403,manifest,"Client error '403 ' for url 'https://openapiproext.bnf.fr/iiif/presentation/v3/ark:/12148/bd6t5308641/manifest.json'
For more information check: https://developer.mozilla.org/en-US/docs/Web/HTTP/Status/403",2026-07-17T11:21:56.124846
combat,bd6t530865c,,failed,0,0,,http_manifest,known,403,manifest,"Client error '403 ' for url 'https://openapiproext.bnf.fr/iiif/presentation/v3/ark:/12148/bd6t530865c/manifest.json'
For more information check: https://developer.mozilla.org/en-US/docs/Web/HTTP/Status/403",2026-07-17T11:21:57.311567
combat,bd6t530866q,,failed,0,0,,http_manifest,known,403,manifest,"Client error '403 ' for url 'https://openapiproext.bnf.fr/iiif/presentation/v3/ark:/12148/bd6t530866q/manifest.json'
For more information check: https://developer.mozilla.org/en-US/docs/Web/HTTP/Status/403",2026-07-17T11:21:58.528735
combat,bd6t5308672,,failed,0,0,,http_manifest,known,403,manifest,"Client error '403 ' for url 'https://openapiproext.bnf.fr/iiif/presentation/v3/ark:/12148/bd6t5308672/manifest.json'
For more information check: https://developer.mozilla.org/en-US/docs/Web/HTTP/Status/403",2026-07-17T11:21:59.748385
combat,bd6t530868d,,failed,0,0,,http_manifest,known,403,manifest,"Client error '403 ' for url 'https://openapiproext.bnf.fr/iiif/presentation/v3/ark:/12148/bd6t530868d/manifest.json'
For more information check: https://developer.mozilla.org/en-US/docs/Web/HTTP/Status/403",2026-07-17T11:22:01.113370
combat,bd6t530869r,,failed,0,0,,http_manifest,known,403,manifest,"Client error '403 ' for url 'https://openapiproext.bnf.fr/iiif/presentation/v3/ark:/12148/bd6t530869r/manifest.json'
For more information check: https://developer.mozilla.org/en-US/docs/Web/HTTP/Status/403",2026-07-17T11:22:02.171709
combat,bd6t530870z,,failed,0,0,,http_manifest,known,403,manifest,"Client error '403 ' for url 'https://openapiproext.bnf.fr/iiif/presentation/v3/ark:/12148/bd6t530870z/manifest.json'
For more information check: https://developer.mozilla.org/en-US/docs/Web/HTTP/Status/403",2026-07-17T11:22:03.319433
combat,bd6t5308719,,failed,0,0,,http_manifest,known,403,manifest,"Client error '403 ' for url 'https://openapiproext.bnf.fr/iiif/presentation/v3/ark:/12148/bd6t5308719/manifest.json'
For more information check: https://developer.mozilla.org/en-US/docs/Web/HTTP/Status/403",2026-07-17T11:22:04.637379
combat,bd6t530872n,,failed,0,0,,http_manifest,known,403,manifest,"Client error '403 ' for url 'https://openapiproext.bnf.fr/iiif/presentation/v3/ark:/12148/bd6t530872n/manifest.json'
For more information check: https://developer.mozilla.org/en-US/docs/Web/HTTP/Status/403",2026-07-17T11:22:05.842526
combat,bd6t5308730,,failed,0,0,,http_manifest,known,403,manifest,"Client error '403 ' for url 'https://openapiproext.bnf.fr/iiif/presentation/v3/ark:/12148/bd6t5308730/manifest.json'
For more information check: https://developer.mozilla.org/en-US/docs/Web/HTTP/Status/403",2026-07-17T11:22:06.953698
combat,bd6t530874b,,failed,0,0,,http_manifest,known,403,manifest,"Client error '403 ' for url 'https://openapiproext.bnf.fr/iiif/presentation/v3/ark:/12148/bd6t530874b/manifest.json'
For more information check: https://developer.mozilla.org/en-US/docs/Web/HTTP/Status/403",2026-07-17T11:22:08.129979
combat,bd6t530875p,,failed,0,0,,http_manifest,known,403,manifest,"Client error '403 ' for url 'https://openapiproext.bnf.fr/iiif/presentation/v3/ark:/12148/bd6t530875p/manifest.json'
For more information check: https://developer.mozilla.org/en-US/docs/Web/HTTP/Status/403",2026-07-17T11:22:09.326775
combat,bd6t5308761,,failed,0,0,,http_manifest,known,403,manifest,"Client error '403 ' for url 'https://openapiproext.bnf.fr/iiif/presentation/v3/ark:/12148/bd6t5308761/manifest.json'
For more information check: https://developer.mozilla.org/en-US/docs/Web/HTTP/Status/403",2026-07-17T11:22:10.531826
combat,bd6t530877c,,failed,0,0,,http_manifest,known,403,manifest,"Client error '403 ' for url 'https://openapiproext.bnf.fr/iiif/presentation/v3/ark:/12148/bd6t530877c/manifest.json'
For more information check: https://developer.mozilla.org/en-US/docs/Web/HTTP/Status/403",2026-07-17T11:22:11.793229
combat,bd6t530878q,,failed,0,0,,http_manifest,known,403,manifest,"Client error '403 ' for url 'https://openapiproext.bnf.fr/iiif/presentation/v3/ark:/12148/bd6t530878q/manifest.json'
For more information check: https://developer.mozilla.org/en-US/docs/Web/HTTP/Status/403",2026-07-17T11:22:13.033776
combat,bd6t5308792,,failed,0,0,,http_manifest,known,403,manifest,"Client error '403 ' for url 'https://openapiproext.bnf.fr/iiif/presentation/v3/ark:/12148/bd6t5308792/manifest.json'
For more information check: https://developer.mozilla.org/en-US/docs/Web/HTTP/Status/403",2026-07-17T11:22:14.135728
combat,bd6t5308808,,failed,0,0,,http_manifest,known,403,manifest,"Client error '403 ' for url 'https://openapiproext.bnf.fr/iiif/presentation/v3/ark:/12148/bd6t5308808/manifest.json'
For more information check: https://developer.mozilla.org/en-US/docs/Web/HTTP/Status/403",2026-07-17T11:22:15.475732
combat,bd6t530881m,,failed,0,0,,http_manifest,known,403,manifest,"Client error '403 ' for url 'https://openapiproext.bnf.fr/iiif/presentation/v3/ark:/12148/bd6t530881m/manifest.json'
For more information check: https://developer.mozilla.org/en-US/docs/Web/HTTP/Status/403",2026-07-17T11:22:16.646069
combat,bd6t530882z,,failed,0,0,,http_manifest,known,403,manifest,"Client error '403 ' for url 'https://openapiproext.bnf.fr/iiif/presentation/v3/ark:/12148/bd6t530882z/manifest.json'
For more information check: https://developer.mozilla.org/en-US/docs/Web/HTTP/Status/403",2026-07-17T11:22:17.747249
combat,bd6t5308839,,failed,0,0,,http_manifest,known,403,manifest,"Client error '403 ' for url 'https://openapiproext.bnf.fr/iiif/presentation/v3/ark:/12148/bd6t5308839/manifest.json'
For more information check: https://developer.mozilla.org/en-US/docs/Web/HTTP/Status/403",2026-07-17T11:22:18.940272
combat,bd6t530884n,,failed,0,0,,http_manifest,known,403,manifest,"Client error '403 ' for url 'https://openapiproext.bnf.fr/iiif/presentation/v3/ark:/12148/bd6t530884n/manifest.json'
For more information check: https://developer.mozilla.org/en-US/docs/Web/HTTP/Status/403",2026-07-17T11:22:20.138718
combat,bd6t5308850,,failed,0,0,,http_manifest,known,403,manifest,"Client error '403 ' for url 'https://openapiproext.bnf.fr/iiif/presentation/v3/ark:/12148/bd6t5308850/manifest.json'
For more information check: https://developer.mozilla.org/en-US/docs/Web/HTTP/Status/403",2026-07-17T11:22:21.342648
combat,bd6t530886b,,failed,0,0,,http_manifest,known,403,manifest,"Client error '403 ' for url 'https://openapiproext.bnf.fr/iiif/presentation/v3/ark:/12148/bd6t530886b/manifest.json'
For more information check: https://developer.mozilla.org/en-US/docs/Web/HTTP/Status/403",2026-07-17T11:22:22.543968
combat,bd6t530887p,,failed,0,0,,http_manifest,known,403,manifest,"Client error '403 ' for url 'https://openapiproext.bnf.fr/iiif/presentation/v3/ark:/12148/bd6t530887p/manifest.json'
For more information check: https://developer.mozilla.org/en-US/docs/Web/HTTP/Status/403",2026-07-17T11:22:23.769844
combat,bd6t5308881,,failed,0,0,,http_manifest,known,403,manifest,"Client error '403 ' for url 'https://openapiproext.bnf.fr/iiif/presentation/v3/ark:/12148/bd6t5308881/manifest.json'
For more information check: https://developer.mozilla.org/en-US/docs/Web/HTTP/Status/403",2026-07-17T11:22:24.945280
combat,bd6t530889c,,failed,0,0,,http_manifest,known,403,manifest,"Client error '403 ' for url 'https://openapiproext.bnf.fr/iiif/presentation/v3/ark:/12148/bd6t530889c/manifest.json'
For more information check: https://developer.mozilla.org/en-US/docs/Web/HTTP/Status/403",2026-07-17T11:22:26.144085
combat,bd6t5303352,,failed,0,0,,http_manifest,known,403,manifest,"Client error '403 ' for url 'https://openapiproext.bnf.fr/iiif/presentation/v3/ark:/12148/bd6t5303352/manifest.json'
For more information check: https://developer.mozilla.org/en-US/docs/Web/HTTP/Status/403",2026-07-17T11:22:27.357002
combat,bd6t530336d,,failed,0,0,,http_manifest,known,403,manifest,"Client error '403 ' for url 'https://openapiproext.bnf.fr/iiif/presentation/v3/ark:/12148/bd6t530336d/manifest.json'
For more information check: https://developer.mozilla.org/en-US/docs/Web/HTTP/Status/403",2026-07-17T11:22:28.555280
combat,bd6t530337r,,failed,0,0,,http_manifest,known,403,manifest,"Client error '403 ' for url 'https://openapiproext.bnf.fr/iiif/presentation/v3/ark:/12148/bd6t530337r/manifest.json'
For more information check: https://developer.mozilla.org/en-US/docs/Web/HTTP/Status/403",2026-07-17T11:22:29.753259
combat,bd6t5303383,,failed,0,0,,http_manifest,known,403,manifest,"Client error '403 ' for url 'https://openapiproext.bnf.fr/iiif/presentation/v3/ark:/12148/bd6t5303383/manifest.json'
For more information check: https://developer.mozilla.org/en-US/docs/Web/HTTP/Status/403",2026-07-17T11:22:30.954079
combat,bd6t530339f,,failed,0,0,,http_manifest,known,403,manifest,"Client error '403 ' for url 'https://openapiproext.bnf.fr/iiif/presentation/v3/ark:/12148/bd6t530339f/manifest.json'
For more information check: https://developer.mozilla.org/en-US/docs/Web/HTTP/Status/403",2026-07-17T11:22:32.152890
combat,bd6t530340n,,failed,0,0,,http_manifest,known,403,manifest,"Client error '403 ' for url 'https://openapiproext.bnf.fr/iiif/presentation/v3/ark:/12148/bd6t530340n/manifest.json'
For more information check: https://developer.mozilla.org/en-US/docs/Web/HTTP/Status/403",2026-07-17T11:22:33.358336
combat,bd6t5303410,,failed,0,0,,http_manifest,known,403,manifest,"Client error '403 ' for url 'https://openapiproext.bnf.fr/iiif/presentation/v3/ark:/12148/bd6t5303410/manifest.json'
For more information check: https://developer.mozilla.org/en-US/docs/Web/HTTP/Status/403",2026-07-17T11:22:34.556747
combat,bd6t530342b,,failed,0,0,,http_manifest,known,403,manifest,"Client error '403 ' for url 'https://openapiproext.bnf.fr/iiif/presentation/v3/ark:/12148/bd6t530342b/manifest.json'
For more information check: https://developer.mozilla.org/en-US/docs/Web/HTTP/Status/403",2026-07-17T11:22:35.782805
combat,bd6t530343p,,failed,0,0,,http_manifest,known,403,manifest,"Client error '403 ' for url 'https://openapiproext.bnf.fr/iiif/presentation/v3/ark:/12148/bd6t530343p/manifest.json'
For more information check: https://developer.mozilla.org/en-US/docs/Web/HTTP/Status/403",2026-07-17T11:22:36.960194
combat,bd6t5303441,,failed,0,0,,http_manifest,known,403,manifest,"Client error '403 ' for url 'https://openapiproext.bnf.fr/iiif/presentation/v3/ark:/12148/bd6t5303441/manifest.json'
For more information check: https://developer.mozilla.org/en-US/docs/Web/HTTP/Status/403",2026-07-17T11:22:38.162899
combat,bd6t530345c,,failed,0,0,,http_manifest,known,403,manifest,"Client error '403 ' for url 'https://openapiproext.bnf.fr/iiif/presentation/v3/ark:/12148/bd6t530345c/manifest.json'
For more information check: https://developer.mozilla.org/en-US/docs/Web/HTTP/Status/403",2026-07-17T11:22:39.360865
combat,bd6t530346q,,failed,0,0,,http_manifest,known,403,manifest,"Client error '403 ' for url 'https://openapiproext.bnf.fr/iiif/presentation/v3/ark:/12148/bd6t530346q/manifest.json'
For more information check: https://developer.mozilla.org/en-US/docs/Web/HTTP/Status/403",2026-07-17T11:22:40.564915
combat,bd6t5303472,,failed,0,0,,http_manifest,known,403,manifest,"Client error '403 ' for url 'https://openapiproext.bnf.fr/iiif/presentation/v3/ark:/12148/bd6t5303472/manifest.json'
For more information check: https://developer.mozilla.org/en-US/docs/Web/HTTP/Status/403",2026-07-17T11:22:41.793449
combat,bd6t530348d,,failed,0,0,,http_manifest,known,403,manifest,"Client error '403 ' for url 'https://openapiproext.bnf.fr/iiif/presentation/v3/ark:/12148/bd6t530348d/manifest.json'
For more information check: https://developer.mozilla.org/en-US/docs/Web/HTTP/Status/403",2026-07-17T11:22:42.968580
combat,bd6t530349r,,failed,0,0,,http_manifest,known,403,manifest,"Client error '403 ' for url 'https://openapiproext.bnf.fr/iiif/presentation/v3/ark:/12148/bd6t530349r/manifest.json'
For more information check: https://developer.mozilla.org/en-US/docs/Web/HTTP/Status/403",2026-07-17T11:22:44.169741
combat,bd6t530350z,,failed,0,0,,http_manifest,known,403,manifest,"Client error '403 ' for url 'https://openapiproext.bnf.fr/iiif/presentation/v3/ark:/12148/bd6t530350z/manifest.json'
For more information check: https://developer.mozilla.org/en-US/docs/Web/HTTP/Status/403",2026-07-17T11:22:45.369125
combat,bd6t5303519,,failed,0,0,,http_manifest,known,403,manifest,"Client error '403 ' for url 'https://openapiproext.bnf.fr/iiif/presentation/v3/ark:/12148/bd6t5303519/manifest.json'
For more information check: https://developer.mozilla.org/en-US/docs/Web/HTTP/Status/403",2026-07-17T11:22:46.570348
combat,bd6t530352n,,failed,0,0,,http_manifest,known,403,manifest,"Client error '403 ' for url 'https://openapiproext.bnf.fr/iiif/presentation/v3/ark:/12148/bd6t530352n/manifest.json'
For more information check: https://developer.mozilla.org/en-US/docs/Web/HTTP/Status/403",2026-07-17T11:22:47.771255
combat,bd6t5303530,,failed,0,0,,http_manifest,known,403,manifest,"Client error '403 ' for url 'https://openapiproext.bnf.fr/iiif/presentation/v3/ark:/12148/bd6t5303530/manifest.json'
For more information check: https://developer.mozilla.org/en-US/docs/Web/HTTP/Status/403",2026-07-17T11:22:48.971551
combat,bd6t530354b,,failed,0,0,,http_manifest,known,403,manifest,"Client error '403 ' for url 'https://openapiproext.bnf.fr/iiif/presentation/v3/ark:/12148/bd6t530354b/manifest.json'
For more information check: https://developer.mozilla.org/en-US/docs/Web/HTTP/Status/403",2026-07-17T11:22:50.175170
combat,bd6t530355p,,failed,0,0,,http_manifest,known,403,manifest,"Client error '403 ' for url 'https://openapiproext.bnf.fr/iiif/presentation/v3/ark:/12148/bd6t530355p/manifest.json'
For more information check: https://developer.mozilla.org/en-US/docs/Web/HTTP/Status/403",2026-07-17T11:22:51.375561
combat,bd6t5303561,,failed,0,0,,http_manifest,known,403,manifest,"Client error '403 ' for url 'https://openapiproext.bnf.fr/iiif/presentation/v3/ark:/12148/bd6t5303561/manifest.json'
For more information check: https://developer.mozilla.org/en-US/docs/Web/HTTP/Status/403",2026-07-17T11:22:52.573246
combat,bd6t530357c,,failed,0,0,,http_manifest,known,403,manifest,"Client error '403 ' for url 'https://openapiproext.bnf.fr/iiif/presentation/v3/ark:/12148/bd6t530357c/manifest.json'
For more information check: https://developer.mozilla.org/en-US/docs/Web/HTTP/Status/403",2026-07-17T11:22:53.804074
combat,bd6t530358q,,failed,0,0,,http_manifest,known,403,manifest,"Client error '403 ' for url 'https://openapiproext.bnf.fr/iiif/presentation/v3/ark:/12148/bd6t530358q/manifest.json'
For more information check: https://developer.mozilla.org/en-US/docs/Web/HTTP/Status/403",2026-07-17T11:22:54.977686
combat,bd6t5303592,,failed,0,0,,http_manifest,known,403,manifest,"Client error '403 ' for url 'https://openapiproext.bnf.fr/iiif/presentation/v3/ark:/12148/bd6t5303592/manifest.json'
For more information check: https://developer.mozilla.org/en-US/docs/Web/HTTP/Status/403",2026-07-17T11:22:56.179146
combat,bd6t5303608,,failed,0,0,,http_manifest,known,403,manifest,"Client error '403 ' for url 'https://openapiproext.bnf.fr/iiif/presentation/v3/ark:/12148/bd6t5303608/manifest.json'
For more information check: https://developer.mozilla.org/en-US/docs/Web/HTTP/Status/403",2026-07-17T11:22:57.559103
combat,bd6t530367p,,failed,0,0,,http_manifest,known,403,manifest,"Client error '403 ' for url 'https://openapiproext.bnf.fr/iiif/presentation/v3/ark:/12148/bd6t530367p/manifest.json'
For more information check: https://developer.mozilla.org/en-US/docs/Web/HTTP/Status/403",2026-07-17T11:22:58.639955
combat,bd6t5303681,,failed,0,0,,http_manifest,known,403,manifest,"Client error '403 ' for url 'https://openapiproext.bnf.fr/iiif/presentation/v3/ark:/12148/bd6t5303681/manifest.json'
For more information check: https://developer.mozilla.org/en-US/docs/Web/HTTP/Status/403",2026-07-17T11:22:59.795560
combat,bd6t530369c,,failed,0,0,,http_manifest,known,403,manifest,"Client error '403 ' for url 'https://openapiproext.bnf.fr/iiif/presentation/v3/ark:/12148/bd6t530369c/manifest.json'
For more information check: https://developer.mozilla.org/en-US/docs/Web/HTTP/Status/403",2026-07-17T11:23:01.180100
combat,bd6t530370k,,failed,0,0,,http_manifest,known,403,manifest,"Client error '403 ' for url 'https://openapiproext.bnf.fr/iiif/presentation/v3/ark:/12148/bd6t530370k/manifest.json'
For more information check: https://developer.mozilla.org/en-US/docs/Web/HTTP/Status/403",2026-07-17T11:23:02.187706
combat,bd6t530371x,,failed,0,0,,http_manifest,known,403,manifest,"Client error '403 ' for url 'https://openapiproext.bnf.fr/iiif/presentation/v3/ark:/12148/bd6t530371x/manifest.json'
For more information check: https://developer.mozilla.org/en-US/docs/Web/HTTP/Status/403",2026-07-17T11:23:03.391086
combat,bd6t530361m,,failed,0,0,,http_manifest,known,403,manifest,"Client error '403 ' for url 'https://openapiproext.bnf.fr/iiif/presentation/v3/ark:/12148/bd6t530361m/manifest.json'
For more information check: https://developer.mozilla.org/en-US/docs/Web/HTTP/Status/403",2026-07-17T11:23:04.692121
combat,bd6t530362z,,failed,0,0,,http_manifest,known,403,manifest,"Client error '403 ' for url 'https://openapiproext.bnf.fr/iiif/presentation/v3/ark:/12148/bd6t530362z/manifest.json'
For more information check: https://developer.mozilla.org/en-US/docs/Web/HTTP/Status/403",2026-07-17T11:23:05.904228
combat,bd6t5303639,,failed,0,0,,http_manifest,known,403,manifest,"Client error '403 ' for url 'https://openapiproext.bnf.fr/iiif/presentation/v3/ark:/12148/bd6t5303639/manifest.json'
For more information check: https://developer.mozilla.org/en-US/docs/Web/HTTP/Status/403",2026-07-17T11:23:07.194424
combat,bd6t530364n,,failed,0,0,,http_manifest,known,403,manifest,"Client error '403 ' for url 'https://openapiproext.bnf.fr/iiif/presentation/v3/ark:/12148/bd6t530364n/manifest.json'
For more information check: https://developer.mozilla.org/en-US/docs/Web/HTTP/Status/403",2026-07-17T11:23:08.196100
combat,bd6t5303650,,failed,0,0,,http_manifest,known,403,manifest,"Client error '403 ' for url 'https://openapiproext.bnf.fr/iiif/presentation/v3/ark:/12148/bd6t5303650/manifest.json'
For more information check: https://developer.mozilla.org/en-US/docs/Web/HTTP/Status/403",2026-07-17T11:23:09.399432
combat,bd6t530366b,,failed,0,0,,http_manifest,known,403,manifest,"Client error '403 ' for url 'https://openapiproext.bnf.fr/iiif/presentation/v3/ark:/12148/bd6t530366b/manifest.json'
For more information check: https://developer.mozilla.org/en-US/docs/Web/HTTP/Status/403",2026-07-17T11:23:10.610619
combat,bd6t5303728,,failed,0,0,,http_manifest,known,403,manifest,"Client error '403 ' for url 'https://openapiproext.bnf.fr/iiif/presentation/v3/ark:/12148/bd6t5303728/manifest.json'
For more information check: https://developer.mozilla.org/en-US/docs/Web/HTTP/Status/403",2026-07-17T11:23:11.983555
combat,bd6t530373m,,failed,0,0,,http_manifest,known,403,manifest,"Client error '403 ' for url 'https://openapiproext.bnf.fr/iiif/presentation/v3/ark:/12148/bd6t530373m/manifest.json'
For more information check: https://developer.mozilla.org/en-US/docs/Web/HTTP/Status/403",2026-07-17T11:23:13.213880
combat,bd6t530374z,,failed,0,0,,http_manifest,known,403,manifest,"Client error '403 ' for url 'https://openapiproext.bnf.fr/iiif/presentation/v3/ark:/12148/bd6t530374z/manifest.json'
For more information check: https://developer.mozilla.org/en-US/docs/Web/HTTP/Status/403",2026-07-17T11:23:14.232763
combat,bd6t5303759,,failed,0,0,,http_manifest,known,403,manifest,"Client error '403 ' for url 'https://openapiproext.bnf.fr/iiif/presentation/v3/ark:/12148/bd6t5303759/manifest.json'
For more information check: https://developer.mozilla.org/en-US/docs/Web/HTTP/Status/403",2026-07-17T11:23:15.563414
combat,bd6t530376n,,failed,0,0,,http_manifest,known,403,manifest,"Client error '403 ' for url 'https://openapiproext.bnf.fr/iiif/presentation/v3/ark:/12148/bd6t530376n/manifest.json'
For more information check: https://developer.mozilla.org/en-US/docs/Web/HTTP/Status/403",2026-07-17T11:23:16.607521
combat,bd6t5303770,,failed,0,0,,http_manifest,known,403,manifest,"Client error '403 ' for url 'https://openapiproext.bnf.fr/iiif/presentation/v3/ark:/12148/bd6t5303770/manifest.json'
For more information check: https://developer.mozilla.org/en-US/docs/Web/HTTP/Status/403",2026-07-17T11:23:17.809731
combat,bd6t530378b,,failed,0,0,,http_manifest,known,403,manifest,"Client error '403 ' for url 'https://openapiproext.bnf.fr/iiif/presentation/v3/ark:/12148/bd6t530378b/manifest.json'
For more information check: https://developer.mozilla.org/en-US/docs/Web/HTTP/Status/403",2026-07-17T11:23:19.013041
combat,bd6t530379p,,failed,0,0,,http_manifest,known,403,manifest,"Client error '403 ' for url 'https://openapiproext.bnf.fr/iiif/presentation/v3/ark:/12148/bd6t530379p/manifest.json'
For more information check: https://developer.mozilla.org/en-US/docs/Web/HTTP/Status/403",2026-07-17T11:23:20.212709
combat,bd6t530380w,,failed,0,0,,http_manifest,known,403,manifest,"Client error '403 ' for url 'https://openapiproext.bnf.fr/iiif/presentation/v3/ark:/12148/bd6t530380w/manifest.json'
For more information check: https://developer.mozilla.org/en-US/docs/Web/HTTP/Status/403",2026-07-17T11:23:21.418035
combat,bd6t5303817,,failed,0,0,,http_manifest,known,403,manifest,"Client error '403 ' for url 'https://openapiproext.bnf.fr/iiif/presentation/v3/ark:/12148/bd6t5303817/manifest.json'
For more information check: https://developer.mozilla.org/en-US/docs/Web/HTTP/Status/403",2026-07-17T11:23:22.645759
combat,bd6t530382k,,failed,0,0,,http_manifest,known,403,manifest,"Client error '403 ' for url 'https://openapiproext.bnf.fr/iiif/presentation/v3/ark:/12148/bd6t530382k/manifest.json'
For more information check: https://developer.mozilla.org/en-US/docs/Web/HTTP/Status/403",2026-07-17T11:23:23.818593
combat,bd6t530383x,,failed,0,0,,http_manifest,known,403,manifest,"Client error '403 ' for url 'https://openapiproext.bnf.fr/iiif/presentation/v3/ark:/12148/bd6t530383x/manifest.json'
For more information check: https://developer.mozilla.org/en-US/docs/Web/HTTP/Status/403",2026-07-17T11:23:25.020311
combat,bd6t5303848,,failed,0,0,,http_manifest,known,403,manifest,"Client error '403 ' for url 'https://openapiproext.bnf.fr/iiif/presentation/v3/ark:/12148/bd6t5303848/manifest.json'
For more information check: https://developer.mozilla.org/en-US/docs/Web/HTTP/Status/403",2026-07-17T11:23:26.219920
combat,bd6t530385m,,failed,0,0,,http_manifest,known,403,manifest,"Client error '403 ' for url 'https://openapiproext.bnf.fr/iiif/presentation/v3/ark:/12148/bd6t530385m/manifest.json'
For more information check: https://developer.mozilla.org/en-US/docs/Web/HTTP/Status/403",2026-07-17T11:23:27.423247
combat,bd6t530386z,,failed,0,0,,http_manifest,known,403,manifest,"Client error '403 ' for url 'https://openapiproext.bnf.fr/iiif/presentation/v3/ark:/12148/bd6t530386z/manifest.json'
For more information check: https://developer.mozilla.org/en-US/docs/Web/HTTP/Status/403",2026-07-17T11:23:28.631106
combat,bd6t5303879,,failed,0,0,,http_manifest,known,403,manifest,"Client error '403 ' for url 'https://openapiproext.bnf.fr/iiif/presentation/v3/ark:/12148/bd6t5303879/manifest.json'
For more information check: https://developer.mozilla.org/en-US/docs/Web/HTTP/Status/403",2026-07-17T11:23:29.824228
combat,bd6t530388n,,failed,0,0,,http_manifest,known,403,manifest,"Client error '403 ' for url 'https://openapiproext.bnf.fr/iiif/presentation/v3/ark:/12148/bd6t530388n/manifest.json'
For more information check: https://developer.mozilla.org/en-US/docs/Web/HTTP/Status/403",2026-07-17T11:23:31.026770
combat,bd6t5303890,,failed,0,0,,http_manifest,known,403,manifest,"Client error '403 ' for url 'https://openapiproext.bnf.fr/iiif/presentation/v3/ark:/12148/bd6t5303890/manifest.json'
For more information check: https://developer.mozilla.org/en-US/docs/Web/HTTP/Status/403",2026-07-17T11:23:32.226492
combat,bd6t5303906,,failed,0,0,,http_manifest,known,403,manifest,"Client error '403 ' for url 'https://openapiproext.bnf.fr/iiif/presentation/v3/ark:/12148/bd6t5303906/manifest.json'
For more information check: https://developer.mozilla.org/en-US/docs/Web/HTTP/Status/403",2026-07-17T11:23:33.429501
combat,bd6t530391j,,failed,0,0,,http_manifest,known,403,manifest,"Client error '403 ' for url 'https://openapiproext.bnf.fr/iiif/presentation/v3/ark:/12148/bd6t530391j/manifest.json'
For more information check: https://developer.mozilla.org/en-US/docs/Web/HTTP/Status/403",2026-07-17T11:23:34.630234
combat,bd6t530392w,,failed,0,0,,http_manifest,known,403,manifest,"Client error '403 ' for url 'https://openapiproext.bnf.fr/iiif/presentation/v3/ark:/12148/bd6t530392w/manifest.json'
For more information check: https://developer.mozilla.org/en-US/docs/Web/HTTP/Status/403",2026-07-17T11:23:35.836902
combat,bd6t5303937,,failed,0,0,,http_manifest,known,403,manifest,"Client error '403 ' for url 'https://openapiproext.bnf.fr/iiif/presentation/v3/ark:/12148/bd6t5303937/manifest.json'
For more information check: https://developer.mozilla.org/en-US/docs/Web/HTTP/Status/403",2026-07-17T11:23:37.036758
combat,bd6t530394k,,failed,0,0,,http_manifest,known,403,manifest,"Client error '403 ' for url 'https://openapiproext.bnf.fr/iiif/presentation/v3/ark:/12148/bd6t530394k/manifest.json'
For more information check: https://developer.mozilla.org/en-US/docs/Web/HTTP/Status/403",2026-07-17T11:23:38.234131
combat,bd6t530395x,,failed,0,0,,http_manifest,known,403,manifest,"Client error '403 ' for url 'https://openapiproext.bnf.fr/iiif/presentation/v3/ark:/12148/bd6t530395x/manifest.json'
For more information check: https://developer.mozilla.org/en-US/docs/Web/HTTP/Status/403",2026-07-17T11:23:39.432969
combat,bd6t5303968,,failed,0,0,,http_manifest,known,403,manifest,"Client error '403 ' for url 'https://openapiproext.bnf.fr/iiif/presentation/v3/ark:/12148/bd6t5303968/manifest.json'
For more information check: https://developer.mozilla.org/en-US/docs/Web/HTTP/Status/403",2026-07-17T11:23:40.636261
combat,bd6t530397m,,failed,0,0,,http_manifest,known,403,manifest,"Client error '403 ' for url 'https://openapiproext.bnf.fr/iiif/presentation/v3/ark:/12148/bd6t530397m/manifest.json'
For more information check: https://developer.mozilla.org/en-US/docs/Web/HTTP/Status/403",2026-07-17T11:23:41.848068
combat,bd6t530398z,,failed,0,0,,http_manifest,known,403,manifest,"Client error '403 ' for url 'https://openapiproext.bnf.fr/iiif/presentation/v3/ark:/12148/bd6t530398z/manifest.json'
For more information check: https://developer.mozilla.org/en-US/docs/Web/HTTP/Status/403",2026-07-17T11:23:43.041927
combat,bd6t5303999,,failed,0,0,,http_manifest,known,403,manifest,"Client error '403 ' for url 'https://openapiproext.bnf.fr/iiif/presentation/v3/ark:/12148/bd6t5303999/manifest.json'
For more information check: https://developer.mozilla.org/en-US/docs/Web/HTTP/Status/403",2026-07-17T11:23:44.245561
combat,bd6t530400p,,failed,0,0,,http_manifest,known,403,manifest,"Client error '403 ' for url 'https://openapiproext.bnf.fr/iiif/presentation/v3/ark:/12148/bd6t530400p/manifest.json'
For more information check: https://developer.mozilla.org/en-US/docs/Web/HTTP/Status/403",2026-07-17T11:23:45.468249
combat,bd6t5304011,,failed,0,0,,http_manifest,known,403,manifest,"Client error '403 ' for url 'https://openapiproext.bnf.fr/iiif/presentation/v3/ark:/12148/bd6t5304011/manifest.json'
For more information check: https://developer.mozilla.org/en-US/docs/Web/HTTP/Status/403",2026-07-17T11:23:46.645657
combat,bd6t530402c,,failed,0,0,,http_manifest,known,403,manifest,"Client error '403 ' for url 'https://openapiproext.bnf.fr/iiif/presentation/v3/ark:/12148/bd6t530402c/manifest.json'
For more information check: https://developer.mozilla.org/en-US/docs/Web/HTTP/Status/403",2026-07-17T11:23:47.846716
combat,bd6t530403q,,failed,0,0,,http_manifest,known,403,manifest,"Client error '403 ' for url 'https://openapiproext.bnf.fr/iiif/presentation/v3/ark:/12148/bd6t530403q/manifest.json'
For more information check: https://developer.mozilla.org/en-US/docs/Web/HTTP/Status/403",2026-07-17T11:23:49.046505
combat,bd6t5304042,,failed,0,0,,http_manifest,known,403,manifest,"Client error '403 ' for url 'https://openapiproext.bnf.fr/iiif/presentation/v3/ark:/12148/bd6t5304042/manifest.json'
For more information check: https://developer.mozilla.org/en-US/docs/Web/HTTP/Status/403",2026-07-17T11:23:50.249332
combat,bd6t530405d,,failed,0,0,,http_manifest,known,403,manifest,"Client error '403 ' for url 'https://openapiproext.bnf.fr/iiif/presentation/v3/ark:/12148/bd6t530405d/manifest.json'
For more information check: https://developer.mozilla.org/en-US/docs/Web/HTTP/Status/403",2026-07-17T11:23:51.473382
combat,bd6t530406r,,failed,0,0,,http_manifest,known,403,manifest,"Client error '403 ' for url 'https://openapiproext.bnf.fr/iiif/presentation/v3/ark:/12148/bd6t530406r/manifest.json'
For more information check: https://developer.mozilla.org/en-US/docs/Web/HTTP/Status/403",2026-07-17T11:23:52.652455
combat,bd6t5304073,,failed,0,0,,http_manifest,known,403,manifest,"Client error '403 ' for url 'https://openapiproext.bnf.fr/iiif/presentation/v3/ark:/12148/bd6t5304073/manifest.json'
For more information check: https://developer.mozilla.org/en-US/docs/Web/HTTP/Status/403",2026-07-17T11:23:53.858113
combat,bd6t530408f,,failed,0,0,,http_manifest,known,403,manifest,"Client error '403 ' for url 'https://openapiproext.bnf.fr/iiif/presentation/v3/ark:/12148/bd6t530408f/manifest.json'
For more information check: https://developer.mozilla.org/en-US/docs/Web/HTTP/Status/403",2026-07-17T11:23:55.055253
combat,bd6t530409s,,failed,0,0,,http_manifest,known,403,manifest,"Client error '403 ' for url 'https://openapiproext.bnf.fr/iiif/presentation/v3/ark:/12148/bd6t530409s/manifest.json'
For more information check: https://developer.mozilla.org/en-US/docs/Web/HTTP/Status/403",2026-07-17T11:23:56.258444
combat,bd6t5304100,,failed,0,0,,http_manifest,known,403,manifest,"Client error '403 ' for url 'https://openapiproext.bnf.fr/iiif/presentation/v3/ark:/12148/bd6t5304100/manifest.json'
For more information check: https://developer.mozilla.org/en-US/docs/Web/HTTP/Status/403",2026-07-17T11:23:57.659534
combat,bd6t530411b,,failed,0,0,,http_manifest,known,403,manifest,"Client error '403 ' for url 'https://openapiproext.bnf.fr/iiif/presentation/v3/ark:/12148/bd6t530411b/manifest.json'
For more information check: https://developer.mozilla.org/en-US/docs/Web/HTTP/Status/403",2026-07-17T11:23:58.702076
combat,bd6t530412p,,failed,0,0,,http_manifest,known,403,manifest,"Client error '403 ' for url 'https://openapiproext.bnf.fr/iiif/presentation/v3/ark:/12148/bd6t530412p/manifest.json'
For more information check: https://developer.mozilla.org/en-US/docs/Web/HTTP/Status/403",2026-07-17T11:24:00.020361
combat,bd6t5304131,,failed,0,0,,http_manifest,known,403,manifest,"Client error '403 ' for url 'https://openapiproext.bnf.fr/iiif/presentation/v3/ark:/12148/bd6t5304131/manifest.json'
For more information check: https://developer.mozilla.org/en-US/docs/Web/HTTP/Status/403",2026-07-17T11:24:01.301568
combat,bd6t530414c,,failed,0,0,,http_manifest,known,403,manifest,"Client error '403 ' for url 'https://openapiproext.bnf.fr/iiif/presentation/v3/ark:/12148/bd6t530414c/manifest.json'
For more information check: https://developer.mozilla.org/en-US/docs/Web/HTTP/Status/403",2026-07-17T11:24:02.264131
combat,bd6t530415q,,failed,0,0,,http_manifest,known,403,manifest,"Client error '403 ' for url 'https://openapiproext.bnf.fr/iiif/presentation/v3/ark:/12148/bd6t530415q/manifest.json'
For more information check: https://developer.mozilla.org/en-US/docs/Web/HTTP/Status/403",2026-07-17T11:24:03.642503
combat,bd6t5304162,,failed,0,0,,http_manifest,known,403,manifest,"Client error '403 ' for url 'https://openapiproext.bnf.fr/iiif/presentation/v3/ark:/12148/bd6t5304162/manifest.json'
For more information check: https://developer.mozilla.org/en-US/docs/Web/HTTP/Status/403",2026-07-17T11:24:04.898206
combat,bd6t530417d,,failed,0,0,,http_manifest,known,403,manifest,"Client error '403 ' for url 'https://openapiproext.bnf.fr/iiif/presentation/v3/ark:/12148/bd6t530417d/manifest.json'
For more information check: https://developer.mozilla.org/en-US/docs/Web/HTTP/Status/403",2026-07-17T11:24:06.078091
combat,bd6t530418r,,failed,0,0,,http_manifest,known,403,manifest,"Client error '403 ' for url 'https://openapiproext.bnf.fr/iiif/presentation/v3/ark:/12148/bd6t530418r/manifest.json'
For more information check: https://developer.mozilla.org/en-US/docs/Web/HTTP/Status/403",2026-07-17T11:24:07.071962
combat,bd6t5304193,,failed,0,0,,http_manifest,known,403,manifest,"Client error '403 ' for url 'https://openapiproext.bnf.fr/iiif/presentation/v3/ark:/12148/bd6t5304193/manifest.json'
For more information check: https://developer.mozilla.org/en-US/docs/Web/HTTP/Status/403",2026-07-17T11:24:08.459140
combat,bd6t5304209,,failed,0,0,,http_manifest,known,403,manifest,"Client error '403 ' for url 'https://openapiproext.bnf.fr/iiif/presentation/v3/ark:/12148/bd6t5304209/manifest.json'
For more information check: https://developer.mozilla.org/en-US/docs/Web/HTTP/Status/403",2026-07-17T11:24:09.664089
combat,bd6t530421n,,failed,0,0,,http_manifest,known,403,manifest,"Client error '403 ' for url 'https://openapiproext.bnf.fr/iiif/presentation/v3/ark:/12148/bd6t530421n/manifest.json'
For more information check: https://developer.mozilla.org/en-US/docs/Web/HTTP/Status/403",2026-07-17T11:24:10.677165
combat,bd6t5304220,,failed,0,0,,http_manifest,known,403,manifest,"Client error '403 ' for url 'https://openapiproext.bnf.fr/iiif/presentation/v3/ark:/12148/bd6t5304220/manifest.json'
For more information check: https://developer.mozilla.org/en-US/docs/Web/HTTP/Status/403",2026-07-17T11:24:11.918675
combat,bd6t530423b,,failed,0,0,,http_manifest,known,403,manifest,"Client error '403 ' for url 'https://openapiproext.bnf.fr/iiif/presentation/v3/ark:/12148/bd6t530423b/manifest.json'
For more information check: https://developer.mozilla.org/en-US/docs/Web/HTTP/Status/403",2026-07-17T11:24:13.090758
combat,bd6t530424p,,failed,0,0,,http_manifest,known,403,manifest,"Client error '403 ' for url 'https://openapiproext.bnf.fr/iiif/presentation/v3/ark:/12148/bd6t530424p/manifest.json'
For more information check: https://developer.mozilla.org/en-US/docs/Web/HTTP/Status/403",2026-07-17T11:24:14.382678
combat,bd6t5304251,,failed,0,0,,http_manifest,known,403,manifest,"Client error '403 ' for url 'https://openapiproext.bnf.fr/iiif/presentation/v3/ark:/12148/bd6t5304251/manifest.json'
For more information check: https://developer.mozilla.org/en-US/docs/Web/HTTP/Status/403",2026-07-17T11:24:15.485504
combat,bd6t530426c,,failed,0,0,,http_manifest,known,403,manifest,"Client error '403 ' for url 'https://openapiproext.bnf.fr/iiif/presentation/v3/ark:/12148/bd6t530426c/manifest.json'
For more information check: https://developer.mozilla.org/en-US/docs/Web/HTTP/Status/403",2026-07-17T11:24:16.685240
combat,bd6t530427q,,failed,0,0,,http_manifest,known,403,manifest,"Client error '403 ' for url 'https://openapiproext.bnf.fr/iiif/presentation/v3/ark:/12148/bd6t530427q/manifest.json'
For more information check: https://developer.mozilla.org/en-US/docs/Web/HTTP/Status/403",2026-07-17T11:24:17.908173
combat,bd6t5304282,,failed,0,0,,http_manifest,known,403,manifest,"Client error '403 ' for url 'https://openapiproext.bnf.fr/iiif/presentation/v3/ark:/12148/bd6t5304282/manifest.json'
For more information check: https://developer.mozilla.org/en-US/docs/Web/HTTP/Status/403",2026-07-17T11:24:19.087768
combat,bd6t530429d,,failed,0,0,,http_manifest,known,403,manifest,"Client error '403 ' for url 'https://openapiproext.bnf.fr/iiif/presentation/v3/ark:/12148/bd6t530429d/manifest.json'
For more information check: https://developer.mozilla.org/en-US/docs/Web/HTTP/Status/403",2026-07-17T11:24:20.294106
combat,bd6t530430m,,failed,0,0,,http_manifest,known,403,manifest,"Client error '403 ' for url 'https://openapiproext.bnf.fr/iiif/presentation/v3/ark:/12148/bd6t530430m/manifest.json'
For more information check: https://developer.mozilla.org/en-US/docs/Web/HTTP/Status/403",2026-07-17T11:24:21.488400
combat,bd6t530431z,,failed,0,0,,http_manifest,known,403,manifest,"Client error '403 ' for url 'https://openapiproext.bnf.fr/iiif/presentation/v3/ark:/12148/bd6t530431z/manifest.json'
For more information check: https://developer.mozilla.org/en-US/docs/Web/HTTP/Status/403",2026-07-17T11:24:22.689465
combat,bd6t5304329,,failed,0,0,,http_manifest,known,403,manifest,"Client error '403 ' for url 'https://openapiproext.bnf.fr/iiif/presentation/v3/ark:/12148/bd6t5304329/manifest.json'
For more information check: https://developer.mozilla.org/en-US/docs/Web/HTTP/Status/403",2026-07-17T11:24:23.892500
combat,bd6t530433n,,failed,0,0,,http_manifest,known,403,manifest,"Client error '403 ' for url 'https://openapiproext.bnf.fr/iiif/presentation/v3/ark:/12148/bd6t530433n/manifest.json'
For more information check: https://developer.mozilla.org/en-US/docs/Web/HTTP/Status/403",2026-07-17T11:24:25.094527
combat,bd6t5304340,,failed,0,0,,http_manifest,known,403,manifest,"Client error '403 ' for url 'https://openapiproext.bnf.fr/iiif/presentation/v3/ark:/12148/bd6t5304340/manifest.json'
For more information check: https://developer.mozilla.org/en-US/docs/Web/HTTP/Status/403",2026-07-17T11:24:26.293908
combat,bd6t530435b,,failed,0,0,,http_manifest,known,403,manifest,"Client error '403 ' for url 'https://openapiproext.bnf.fr/iiif/presentation/v3/ark:/12148/bd6t530435b/manifest.json'
For more information check: https://developer.mozilla.org/en-US/docs/Web/HTTP/Status/403",2026-07-17T11:24:27.496847
combat,bd6t530436p,,failed,0,0,,http_manifest,known,403,manifest,"Client error '403 ' for url 'https://openapiproext.bnf.fr/iiif/presentation/v3/ark:/12148/bd6t530436p/manifest.json'
For more information check: https://developer.mozilla.org/en-US/docs/Web/HTTP/Status/403",2026-07-17T11:24:28.703124
combat,bd6t5304371,,failed,0,0,,http_manifest,known,403,manifest,"Client error '403 ' for url 'https://openapiproext.bnf.fr/iiif/presentation/v3/ark:/12148/bd6t5304371/manifest.json'
For more information check: https://developer.mozilla.org/en-US/docs/Web/HTTP/Status/403",2026-07-17T11:24:29.924231
combat,bd6t530438c,,failed,0,0,,http_manifest,known,403,manifest,"Client error '403 ' for url 'https://openapiproext.bnf.fr/iiif/presentation/v3/ark:/12148/bd6t530438c/manifest.json'
For more information check: https://developer.mozilla.org/en-US/docs/Web/HTTP/Status/403",2026-07-17T11:24:31.105471
combat,bd6t530439q,,failed,0,0,,http_manifest,known,403,manifest,"Client error '403 ' for url 'https://openapiproext.bnf.fr/iiif/presentation/v3/ark:/12148/bd6t530439q/manifest.json'
For more information check: https://developer.mozilla.org/en-US/docs/Web/HTTP/Status/403",2026-07-17T11:24:32.306160
combat,bd6t530440x,,failed,0,0,,http_manifest,known,403,manifest,"Client error '403 ' for url 'https://openapiproext.bnf.fr/iiif/presentation/v3/ark:/12148/bd6t530440x/manifest.json'
For more information check: https://developer.mozilla.org/en-US/docs/Web/HTTP/Status/403",2026-07-17T11:24:33.504684
combat,bd6t5304418,,failed,0,0,,http_manifest,known,403,manifest,"Client error '403 ' for url 'https://openapiproext.bnf.fr/iiif/presentation/v3/ark:/12148/bd6t5304418/manifest.json'
For more information check: https://developer.mozilla.org/en-US/docs/Web/HTTP/Status/403",2026-07-17T11:24:34.706275
combat,bd6t530442m,,failed,0,0,,http_manifest,known,403,manifest,"Client error '403 ' for url 'https://openapiproext.bnf.fr/iiif/presentation/v3/ark:/12148/bd6t530442m/manifest.json'
For more information check: https://developer.mozilla.org/en-US/docs/Web/HTTP/Status/403",2026-07-17T11:24:35.931194
combat,bd6t530443z,,failed,0,0,,http_manifest,known,403,manifest,"Client error '403 ' for url 'https://openapiproext.bnf.fr/iiif/presentation/v3/ark:/12148/bd6t530443z/manifest.json'
For more information check: https://developer.mozilla.org/en-US/docs/Web/HTTP/Status/403",2026-07-17T11:24:37.111740
combat,bd6t5304449,,failed,0,0,,http_manifest,known,403,manifest,"Client error '403 ' for url 'https://openapiproext.bnf.fr/iiif/presentation/v3/ark:/12148/bd6t5304449/manifest.json'
For more information check: https://developer.mozilla.org/en-US/docs/Web/HTTP/Status/403",2026-07-17T11:24:38.315529
combat,bd6t530445n,,failed,0,0,,http_manifest,known,403,manifest,"Client error '403 ' for url 'https://openapiproext.bnf.fr/iiif/presentation/v3/ark:/12148/bd6t530445n/manifest.json'
For more information check: https://developer.mozilla.org/en-US/docs/Web/HTTP/Status/403",2026-07-17T11:24:39.511260
combat,bd6t5304460,,failed,0,0,,http_manifest,known,403,manifest,"Client error '403 ' for url 'https://openapiproext.bnf.fr/iiif/presentation/v3/ark:/12148/bd6t5304460/manifest.json'
For more information check: https://developer.mozilla.org/en-US/docs/Web/HTTP/Status/403",2026-07-17T11:24:40.712476
combat,bd6t530447b,,failed,0,0,,http_manifest,known,403,manifest,"Client error '403 ' for url 'https://openapiproext.bnf.fr/iiif/presentation/v3/ark:/12148/bd6t530447b/manifest.json'
For more information check: https://developer.mozilla.org/en-US/docs/Web/HTTP/Status/403",2026-07-17T11:24:41.918599
combat,bd6t530448p,,failed,0,0,,http_manifest,known,403,manifest,"Client error '403 ' for url 'https://openapiproext.bnf.fr/iiif/presentation/v3/ark:/12148/bd6t530448p/manifest.json'
For more information check: https://developer.mozilla.org/en-US/docs/Web/HTTP/Status/403",2026-07-17T11:24:43.114593
combat,bd6t5304491,,failed,0,0,,http_manifest,known,403,manifest,"Client error '403 ' for url 'https://openapiproext.bnf.fr/iiif/presentation/v3/ark:/12148/bd6t5304491/manifest.json'
For more information check: https://developer.mozilla.org/en-US/docs/Web/HTTP/Status/403",2026-07-17T11:24:44.320675
combat,bd6t5304507,,failed,0,0,,http_manifest,known,403,manifest,"Client error '403 ' for url 'https://openapiproext.bnf.fr/iiif/presentation/v3/ark:/12148/bd6t5304507/manifest.json'
For more information check: https://developer.mozilla.org/en-US/docs/Web/HTTP/Status/403",2026-07-17T11:24:45.519220
combat,bd6t530451k,,failed,0,0,,http_manifest,known,403,manifest,"Client error '403 ' for url 'https://openapiproext.bnf.fr/iiif/presentation/v3/ark:/12148/bd6t530451k/manifest.json'
For more information check: https://developer.mozilla.org/en-US/docs/Web/HTTP/Status/403",2026-07-17T11:24:46.721872
combat,bd6t530452x,,failed,0,0,,http_manifest,known,403,manifest,"Client error '403 ' for url 'https://openapiproext.bnf.fr/iiif/presentation/v3/ark:/12148/bd6t530452x/manifest.json'
For more information check: https://developer.mozilla.org/en-US/docs/Web/HTTP/Status/403",2026-07-17T11:24:47.920037
combat,bd6t5304538,,failed,0,0,,http_manifest,known,403,manifest,"Client error '403 ' for url 'https://openapiproext.bnf.fr/iiif/presentation/v3/ark:/12148/bd6t5304538/manifest.json'
For more information check: https://developer.mozilla.org/en-US/docs/Web/HTTP/Status/403",2026-07-17T11:24:49.124534
combat,bd6t530454m,,failed,0,0,,http_manifest,known,403,manifest,"Client error '403 ' for url 'https://openapiproext.bnf.fr/iiif/presentation/v3/ark:/12148/bd6t530454m/manifest.json'
For more information check: https://developer.mozilla.org/en-US/docs/Web/HTTP/Status/403",2026-07-17T11:24:50.327184
combat,bd6t530455z,,failed,0,0,,http_manifest,known,403,manifest,"Client error '403 ' for url 'https://openapiproext.bnf.fr/iiif/presentation/v3/ark:/12148/bd6t530455z/manifest.json'
For more information check: https://developer.mozilla.org/en-US/docs/Web/HTTP/Status/403",2026-07-17T11:24:51.528930
combat,bd6t5304569,,failed,0,0,,http_manifest,known,403,manifest,"Client error '403 ' for url 'https://openapiproext.bnf.fr/iiif/presentation/v3/ark:/12148/bd6t5304569/manifest.json'
For more information check: https://developer.mozilla.org/en-US/docs/Web/HTTP/Status/403",2026-07-17T11:24:52.730033
combat,bd6t530457n,,failed,0,0,,http_manifest,known,403,manifest,"Client error '403 ' for url 'https://openapiproext.bnf.fr/iiif/presentation/v3/ark:/12148/bd6t530457n/manifest.json'
For more information check: https://developer.mozilla.org/en-US/docs/Web/HTTP/Status/403",2026-07-17T11:24:53.929037
combat,bd6t5304580,,failed,0,0,,http_manifest,known,403,manifest,"Client error '403 ' for url 'https://openapiproext.bnf.fr/iiif/presentation/v3/ark:/12148/bd6t5304580/manifest.json'
For more information check: https://developer.mozilla.org/en-US/docs/Web/HTTP/Status/403",2026-07-17T11:24:55.134458
combat,bd6t530459b,,failed,0,0,,http_manifest,known,403,manifest,"Client error '403 ' for url 'https://openapiproext.bnf.fr/iiif/presentation/v3/ark:/12148/bd6t530459b/manifest.json'
For more information check: https://developer.mozilla.org/en-US/docs/Web/HTTP/Status/403",2026-07-17T11:24:56.335545
combat,bd6t530460j,,failed,0,0,,http_manifest,known,403,manifest,"Client error '403 ' for url 'https://openapiproext.bnf.fr/iiif/presentation/v3/ark:/12148/bd6t530460j/manifest.json'
For more information check: https://developer.mozilla.org/en-US/docs/Web/HTTP/Status/403",2026-07-17T11:24:57.798420
combat,bd6t530461w,,failed,0,0,,http_manifest,known,403,manifest,"Client error '403 ' for url 'https://openapiproext.bnf.fr/iiif/presentation/v3/ark:/12148/bd6t530461w/manifest.json'
For more information check: https://developer.mozilla.org/en-US/docs/Web/HTTP/Status/403",2026-07-17T11:24:58.773227
combat,bd6t5304627,,failed,0,0,,http_manifest,known,403,manifest,"Client error '403 ' for url 'https://openapiproext.bnf.fr/iiif/presentation/v3/ark:/12148/bd6t5304627/manifest.json'
For more information check: https://developer.mozilla.org/en-US/docs/Web/HTTP/Status/403",2026-07-17T11:25:00.334750
combat,bd6t530463k,,failed,0,0,,http_manifest,known,403,manifest,"Client error '403 ' for url 'https://openapiproext.bnf.fr/iiif/presentation/v3/ark:/12148/bd6t530463k/manifest.json'
For more information check: https://developer.mozilla.org/en-US/docs/Web/HTTP/Status/403",2026-07-17T11:25:01.271415
combat,bd6t530464x,,failed,0,0,,http_manifest,known,403,manifest,"Client error '403 ' for url 'https://openapiproext.bnf.fr/iiif/presentation/v3/ark:/12148/bd6t530464x/manifest.json'
For more information check: https://developer.mozilla.org/en-US/docs/Web/HTTP/Status/403",2026-07-17T11:25:02.352475
combat,bd6t5304658,,failed,0,0,,http_manifest,known,403,manifest,"Client error '403 ' for url 'https://openapiproext.bnf.fr/iiif/presentation/v3/ark:/12148/bd6t5304658/manifest.json'
For more information check: https://developer.mozilla.org/en-US/docs/Web/HTTP/Status/403",2026-07-17T11:25:03.678617
combat,bd6t530466m,,failed,0,0,,http_manifest,known,403,manifest,"Client error '403 ' for url 'https://openapiproext.bnf.fr/iiif/presentation/v3/ark:/12148/bd6t530466m/manifest.json'
For more information check: https://developer.mozilla.org/en-US/docs/Web/HTTP/Status/403",2026-07-17T11:25:04.803586
combat,bd6t530467z,,failed,0,0,,http_manifest,known,403,manifest,"Client error '403 ' for url 'https://openapiproext.bnf.fr/iiif/presentation/v3/ark:/12148/bd6t530467z/manifest.json'
For more information check: https://developer.mozilla.org/en-US/docs/Web/HTTP/Status/403",2026-07-17T11:25:06.036537
combat,bd6t5304689,,failed,0,0,,http_manifest,known,403,manifest,"Client error '403 ' for url 'https://openapiproext.bnf.fr/iiif/presentation/v3/ark:/12148/bd6t5304689/manifest.json'
For more information check: https://developer.mozilla.org/en-US/docs/Web/HTTP/Status/403",2026-07-17T11:25:07.158247
combat,bd6t530469n,,failed,0,0,,http_manifest,known,403,manifest,"Client error '403 ' for url 'https://openapiproext.bnf.fr/iiif/presentation/v3/ark:/12148/bd6t530469n/manifest.json'
For more information check: https://developer.mozilla.org/en-US/docs/Web/HTTP/Status/403",2026-07-17T11:25:08.346999
combat,bd6t530470v,,failed,0,0,,http_manifest,known,403,manifest,"Client error '403 ' for url 'https://openapiproext.bnf.fr/iiif/presentation/v3/ark:/12148/bd6t530470v/manifest.json'
For more information check: https://developer.mozilla.org/en-US/docs/Web/HTTP/Status/403",2026-07-17T11:25:09.796739
combat,bd6t5304716,,failed,0,0,,http_manifest,known,403,manifest,"Client error '403 ' for url 'https://openapiproext.bnf.fr/iiif/presentation/v3/ark:/12148/bd6t5304716/manifest.json'
For more information check: https://developer.mozilla.org/en-US/docs/Web/HTTP/Status/403",2026-07-17T11:25:10.922910
combat,bd6t530472j,,failed,0,0,,http_manifest,known,403,manifest,"Client error '403 ' for url 'https://openapiproext.bnf.fr/iiif/presentation/v3/ark:/12148/bd6t530472j/manifest.json'
For more information check: https://developer.mozilla.org/en-US/docs/Web/HTTP/Status/403",2026-07-17T11:25:12.035414
combat,bd6t530473w,,failed,0,0,,http_manifest,known,403,manifest,"Client error '403 ' for url 'https://openapiproext.bnf.fr/iiif/presentation/v3/ark:/12148/bd6t530473w/manifest.json'
For more information check: https://developer.mozilla.org/en-US/docs/Web/HTTP/Status/403",2026-07-17T11:25:13.153164
combat,bd6t5304747,,failed,0,0,,http_manifest,known,403,manifest,"Client error '403 ' for url 'https://openapiproext.bnf.fr/iiif/presentation/v3/ark:/12148/bd6t5304747/manifest.json'
For more information check: https://developer.mozilla.org/en-US/docs/Web/HTTP/Status/403",2026-07-17T11:25:14.360137
combat,bd6t530475k,,failed,0,0,,http_manifest,known,403,manifest,"Client error '403 ' for url 'https://openapiproext.bnf.fr/iiif/presentation/v3/ark:/12148/bd6t530475k/manifest.json'
For more information check: https://developer.mozilla.org/en-US/docs/Web/HTTP/Status/403",2026-07-17T11:25:15.573879
combat,bd6t530476x,,failed,0,0,,http_manifest,known,403,manifest,"Client error '403 ' for url 'https://openapiproext.bnf.fr/iiif/presentation/v3/ark:/12148/bd6t530476x/manifest.json'
For more information check: https://developer.mozilla.org/en-US/docs/Web/HTTP/Status/403",2026-07-17T11:25:16.760234
combat,bd6t5304778,,failed,0,0,,http_manifest,known,403,manifest,"Client error '403 ' for url 'https://openapiproext.bnf.fr/iiif/presentation/v3/ark:/12148/bd6t5304778/manifest.json'
For more information check: https://developer.mozilla.org/en-US/docs/Web/HTTP/Status/403",2026-07-17T11:25:17.959637
combat,bd6t530478m,,failed,0,0,,http_manifest,known,403,manifest,"Client error '403 ' for url 'https://openapiproext.bnf.fr/iiif/presentation/v3/ark:/12148/bd6t530478m/manifest.json'
For more information check: https://developer.mozilla.org/en-US/docs/Web/HTTP/Status/403",2026-07-17T11:25:19.172925
combat,bd6t530479z,,failed,0,0,,http_manifest,known,403,manifest,"Client error '403 ' for url 'https://openapiproext.bnf.fr/iiif/presentation/v3/ark:/12148/bd6t530479z/manifest.json'
For more information check: https://developer.mozilla.org/en-US/docs/Web/HTTP/Status/403",2026-07-17T11:25:20.364766
combat,bd6t5304805,,failed,0,0,,http_manifest,known,403,manifest,"Client error '403 ' for url 'https://openapiproext.bnf.fr/iiif/presentation/v3/ark:/12148/bd6t5304805/manifest.json'
For more information check: https://developer.mozilla.org/en-US/docs/Web/HTTP/Status/403",2026-07-17T11:25:21.562033
combat,bd6t530481h,,failed,0,0,,http_manifest,known,403,manifest,"Client error '403 ' for url 'https://openapiproext.bnf.fr/iiif/presentation/v3/ark:/12148/bd6t530481h/manifest.json'
For more information check: https://developer.mozilla.org/en-US/docs/Web/HTTP/Status/403",2026-07-17T11:25:22.768366
combat,bd6t530482v,,failed,0,0,,http_manifest,known,403,manifest,"Client error '403 ' for url 'https://openapiproext.bnf.fr/iiif/presentation/v3/ark:/12148/bd6t530482v/manifest.json'
For more information check: https://developer.mozilla.org/en-US/docs/Web/HTTP/Status/403",2026-07-17T11:25:23.972877
combat,bd6t5304836,,failed,0,0,,http_manifest,known,403,manifest,"Client error '403 ' for url 'https://openapiproext.bnf.fr/iiif/presentation/v3/ark:/12148/bd6t5304836/manifest.json'
For more information check: https://developer.mozilla.org/en-US/docs/Web/HTTP/Status/403",2026-07-17T11:25:25.169687
combat,bd6t530484j,,failed,0,0,,http_manifest,known,403,manifest,"Client error '403 ' for url 'https://openapiproext.bnf.fr/iiif/presentation/v3/ark:/12148/bd6t530484j/manifest.json'
For more information check: https://developer.mozilla.org/en-US/docs/Web/HTTP/Status/403",2026-07-17T11:25:26.395552
combat,bd6t530485w,,failed,0,0,,http_manifest,known,403,manifest,"Client error '403 ' for url 'https://openapiproext.bnf.fr/iiif/presentation/v3/ark:/12148/bd6t530485w/manifest.json'
For more information check: https://developer.mozilla.org/en-US/docs/Web/HTTP/Status/403",2026-07-17T11:25:27.576034
combat,bd6t5304867,,failed,0,0,,http_manifest,known,403,manifest,"Client error '403 ' for url 'https://openapiproext.bnf.fr/iiif/presentation/v3/ark:/12148/bd6t5304867/manifest.json'
For more information check: https://developer.mozilla.org/en-US/docs/Web/HTTP/Status/403",2026-07-17T11:25:28.773483
combat,bd6t530487k,,failed,0,0,,http_manifest,known,403,manifest,"Client error '403 ' for url 'https://openapiproext.bnf.fr/iiif/presentation/v3/ark:/12148/bd6t530487k/manifest.json'
For more information check: https://developer.mozilla.org/en-US/docs/Web/HTTP/Status/403",2026-07-17T11:25:29.974082
combat,bd6t530488x,,failed,0,0,,http_manifest,known,403,manifest,"Client error '403 ' for url 'https://openapiproext.bnf.fr/iiif/presentation/v3/ark:/12148/bd6t530488x/manifest.json'
For more information check: https://developer.mozilla.org/en-US/docs/Web/HTTP/Status/403",2026-07-17T11:25:31.174218
combat,bd6t5304898,,failed,0,0,,http_manifest,known,403,manifest,"Client error '403 ' for url 'https://openapiproext.bnf.fr/iiif/presentation/v3/ark:/12148/bd6t5304898/manifest.json'
For more information check: https://developer.mozilla.org/en-US/docs/Web/HTTP/Status/403",2026-07-17T11:25:32.380694
combat,bd6t530490g,,failed,0,0,,http_manifest,known,403,manifest,"Client error '403 ' for url 'https://openapiproext.bnf.fr/iiif/presentation/v3/ark:/12148/bd6t530490g/manifest.json'
For more information check: https://developer.mozilla.org/en-US/docs/Web/HTTP/Status/403",2026-07-17T11:25:33.581312
combat,bd6t530491t,,failed,0,0,,http_manifest,known,403,manifest,"Client error '403 ' for url 'https://openapiproext.bnf.fr/iiif/presentation/v3/ark:/12148/bd6t530491t/manifest.json'
For more information check: https://developer.mozilla.org/en-US/docs/Web/HTTP/Status/403",2026-07-17T11:25:34.782336
combat,bd6t5304925,,failed,0,0,,http_manifest,known,403,manifest,"Client error '403 ' for url 'https://openapiproext.bnf.fr/iiif/presentation/v3/ark:/12148/bd6t5304925/manifest.json'
For more information check: https://developer.mozilla.org/en-US/docs/Web/HTTP/Status/403",2026-07-17T11:25:35.988085
combat,bd6t530493h,,failed,0,0,,http_manifest,known,403,manifest,"Client error '403 ' for url 'https://openapiproext.bnf.fr/iiif/presentation/v3/ark:/12148/bd6t530493h/manifest.json'
For more information check: https://developer.mozilla.org/en-US/docs/Web/HTTP/Status/403",2026-07-17T11:25:37.186180
combat,bd6t530494v,,failed,0,0,,http_manifest,known,403,manifest,"Client error '403 ' for url 'https://openapiproext.bnf.fr/iiif/presentation/v3/ark:/12148/bd6t530494v/manifest.json'
For more information check: https://developer.mozilla.org/en-US/docs/Web/HTTP/Status/403",2026-07-17T11:25:38.412144
combat,bd6t5304956,,failed,0,0,,http_manifest,known,403,manifest,"Client error '403 ' for url 'https://openapiproext.bnf.fr/iiif/presentation/v3/ark:/12148/bd6t5304956/manifest.json'
For more information check: https://developer.mozilla.org/en-US/docs/Web/HTTP/Status/403",2026-07-17T11:25:39.586036
combat,bd6t530496j,,failed,0,0,,http_manifest,known,403,manifest,"Client error '403 ' for url 'https://openapiproext.bnf.fr/iiif/presentation/v3/ark:/12148/bd6t530496j/manifest.json'
For more information check: https://developer.mozilla.org/en-US/docs/Web/HTTP/Status/403",2026-07-17T11:25:40.787654
combat,bd6t530497w,,failed,0,0,,http_manifest,known,403,manifest,"Client error '403 ' for url 'https://openapiproext.bnf.fr/iiif/presentation/v3/ark:/12148/bd6t530497w/manifest.json'
For more information check: https://developer.mozilla.org/en-US/docs/Web/HTTP/Status/403",2026-07-17T11:25:41.991419
combat,bd6t5304987,,failed,0,0,,http_manifest,known,403,manifest,"Client error '403 ' for url 'https://openapiproext.bnf.fr/iiif/presentation/v3/ark:/12148/bd6t5304987/manifest.json'
For more information check: https://developer.mozilla.org/en-US/docs/Web/HTTP/Status/403",2026-07-17T11:25:43.193486
combat,bd6t530499k,,failed,0,0,,http_manifest,known,403,manifest,"Client error '403 ' for url 'https://openapiproext.bnf.fr/iiif/presentation/v3/ark:/12148/bd6t530499k/manifest.json'
For more information check: https://developer.mozilla.org/en-US/docs/Web/HTTP/Status/403",2026-07-17T11:25:44.396154
combat,bd6t530500z,,failed,0,0,,http_manifest,known,403,manifest,"Client error '403 ' for url 'https://openapiproext.bnf.fr/iiif/presentation/v3/ark:/12148/bd6t530500z/manifest.json'
For more information check: https://developer.mozilla.org/en-US/docs/Web/HTTP/Status/403",2026-07-17T11:25:45.596985
combat,bd6t5305019,,failed,0,0,,http_manifest,known,403,manifest,"Client error '403 ' for url 'https://openapiproext.bnf.fr/iiif/presentation/v3/ark:/12148/bd6t5305019/manifest.json'
For more information check: https://developer.mozilla.org/en-US/docs/Web/HTTP/Status/403",2026-07-17T11:25:46.798911
combat,bd6t530502n,,failed,0,0,,http_manifest,known,403,manifest,"Client error '403 ' for url 'https://openapiproext.bnf.fr/iiif/presentation/v3/ark:/12148/bd6t530502n/manifest.json'
For more information check: https://developer.mozilla.org/en-US/docs/Web/HTTP/Status/403",2026-07-17T11:25:48.000853
combat,bd6t5305030,,failed,0,0,,http_manifest,known,403,manifest,"Client error '403 ' for url 'https://openapiproext.bnf.fr/iiif/presentation/v3/ark:/12148/bd6t5305030/manifest.json'
For more information check: https://developer.mozilla.org/en-US/docs/Web/HTTP/Status/403",2026-07-17T11:25:49.219564
combat,bd6t530504b,,failed,0,0,,http_manifest,known,403,manifest,"Client error '403 ' for url 'https://openapiproext.bnf.fr/iiif/presentation/v3/ark:/12148/bd6t530504b/manifest.json'
For more information check: https://developer.mozilla.org/en-US/docs/Web/HTTP/Status/403",2026-07-17T11:25:50.423666
combat,bd6t530505p,,failed,0,0,,http_manifest,known,403,manifest,"Client error '403 ' for url 'https://openapiproext.bnf.fr/iiif/presentation/v3/ark:/12148/bd6t530505p/manifest.json'
For more information check: https://developer.mozilla.org/en-US/docs/Web/HTTP/Status/403",2026-07-17T11:25:51.603157
combat,bd6t5305061,,failed,0,0,,http_manifest,known,403,manifest,"Client error '403 ' for url 'https://openapiproext.bnf.fr/iiif/presentation/v3/ark:/12148/bd6t5305061/manifest.json'
For more information check: https://developer.mozilla.org/en-US/docs/Web/HTTP/Status/403",2026-07-17T11:25:52.808545
combat,bd6t530507c,,failed,0,0,,http_manifest,known,403,manifest,"Client error '403 ' for url 'https://openapiproext.bnf.fr/iiif/presentation/v3/ark:/12148/bd6t530507c/manifest.json'
For more information check: https://developer.mozilla.org/en-US/docs/Web/HTTP/Status/403",2026-07-17T11:25:54.006738
combat,bd6t530508q,,failed,0,0,,http_manifest,known,403,manifest,"Client error '403 ' for url 'https://openapiproext.bnf.fr/iiif/presentation/v3/ark:/12148/bd6t530508q/manifest.json'
For more information check: https://developer.mozilla.org/en-US/docs/Web/HTTP/Status/403",2026-07-17T11:25:55.208150
combat,bd6t5305092,,failed,0,0,,http_manifest,known,403,manifest,"Client error '403 ' for url 'https://openapiproext.bnf.fr/iiif/presentation/v3/ark:/12148/bd6t5305092/manifest.json'
For more information check: https://developer.mozilla.org/en-US/docs/Web/HTTP/Status/403",2026-07-17T11:25:56.430600
combat,bd6t5305108,,failed,0,0,,http_manifest,known,403,manifest,"Client error '403 ' for url 'https://openapiproext.bnf.fr/iiif/presentation/v3/ark:/12148/bd6t5305108/manifest.json'
For more information check: https://developer.mozilla.org/en-US/docs/Web/HTTP/Status/403",2026-07-17T11:25:57.664718
combat,bd6t530511m,,failed,0,0,,http_manifest,known,403,manifest,"Client error '403 ' for url 'https://openapiproext.bnf.fr/iiif/presentation/v3/ark:/12148/bd6t530511m/manifest.json'
For more information check: https://developer.mozilla.org/en-US/docs/Web/HTTP/Status/403",2026-07-17T11:25:58.812298
combat,bd6t530512z,,failed,0,0,,http_manifest,known,403,manifest,"Client error '403 ' for url 'https://openapiproext.bnf.fr/iiif/presentation/v3/ark:/12148/bd6t530512z/manifest.json'
For more information check: https://developer.mozilla.org/en-US/docs/Web/HTTP/Status/403",2026-07-17T11:26:00.241176
combat,bd6t5305139,,failed,0,0,,http_manifest,known,403,manifest,"Client error '403 ' for url 'https://openapiproext.bnf.fr/iiif/presentation/v3/ark:/12148/bd6t5305139/manifest.json'
For more information check: https://developer.mozilla.org/en-US/docs/Web/HTTP/Status/403",2026-07-17T11:26:01.272990
combat,bd6t530514n,,failed,0,0,,http_manifest,known,403,manifest,"Client error '403 ' for url 'https://openapiproext.bnf.fr/iiif/presentation/v3/ark:/12148/bd6t530514n/manifest.json'
For more information check: https://developer.mozilla.org/en-US/docs/Web/HTTP/Status/403",2026-07-17T11:26:02.416899
combat,bd6t5305150,,failed,0,0,,http_manifest,known,403,manifest,"Client error '403 ' for url 'https://openapiproext.bnf.fr/iiif/presentation/v3/ark:/12148/bd6t5305150/manifest.json'
For more information check: https://developer.mozilla.org/en-US/docs/Web/HTTP/Status/403",2026-07-17T11:26:03.706338
combat,bd6t530516b,,failed,0,0,,http_manifest,known,403,manifest,"Client error '403 ' for url 'https://openapiproext.bnf.fr/iiif/presentation/v3/ark:/12148/bd6t530516b/manifest.json'
For more information check: https://developer.mozilla.org/en-US/docs/Web/HTTP/Status/403",2026-07-17T11:26:04.889155
combat,bd6t530517p,,failed,0,0,,http_manifest,known,403,manifest,"Client error '403 ' for url 'https://openapiproext.bnf.fr/iiif/presentation/v3/ark:/12148/bd6t530517p/manifest.json'
For more information check: https://developer.mozilla.org/en-US/docs/Web/HTTP/Status/403",2026-07-17T11:26:06.041449
combat,bd6t5305181,,failed,0,0,,http_manifest,known,403,manifest,"Client error '403 ' for url 'https://openapiproext.bnf.fr/iiif/presentation/v3/ark:/12148/bd6t5305181/manifest.json'
For more information check: https://developer.mozilla.org/en-US/docs/Web/HTTP/Status/403",2026-07-17T11:26:07.466535
combat,bd6t530519c,,failed,0,0,,http_manifest,known,403,manifest,"Client error '403 ' for url 'https://openapiproext.bnf.fr/iiif/presentation/v3/ark:/12148/bd6t530519c/manifest.json'
For more information check: https://developer.mozilla.org/en-US/docs/Web/HTTP/Status/403",2026-07-17T11:26:08.614459
combat,bd6t530520k,,failed,0,0,,http_manifest,known,403,manifest,"Client error '403 ' for url 'https://openapiproext.bnf.fr/iiif/presentation/v3/ark:/12148/bd6t530520k/manifest.json'
For more information check: https://developer.mozilla.org/en-US/docs/Web/HTTP/Status/403",2026-07-17T11:26:09.626774
combat,bd6t530521x,,failed,0,0,,http_manifest,known,403,manifest,"Client error '403 ' for url 'https://openapiproext.bnf.fr/iiif/presentation/v3/ark:/12148/bd6t530521x/manifest.json'
For more information check: https://developer.mozilla.org/en-US/docs/Web/HTTP/Status/403",2026-07-17T11:26:11.005320
combat,bd6t5305228,,failed,0,0,,http_manifest,known,403,manifest,"Client error '403 ' for url 'https://openapiproext.bnf.fr/iiif/presentation/v3/ark:/12148/bd6t5305228/manifest.json'
For more information check: https://developer.mozilla.org/en-US/docs/Web/HTTP/Status/403",2026-07-17T11:26:12.088612
combat,bd6t530523m,,failed,0,0,,http_manifest,known,403,manifest,"Client error '403 ' for url 'https://openapiproext.bnf.fr/iiif/presentation/v3/ark:/12148/bd6t530523m/manifest.json'
For more information check: https://developer.mozilla.org/en-US/docs/Web/HTTP/Status/403",2026-07-17T11:26:13.238463
combat,bd6t530524z,,failed,0,0,,http_manifest,known,403,manifest,"Client error '403 ' for url 'https://openapiproext.bnf.fr/iiif/presentation/v3/ark:/12148/bd6t530524z/manifest.json'
For more information check: https://developer.mozilla.org/en-US/docs/Web/HTTP/Status/403",2026-07-17T11:26:14.491774
combat,bd6t5305259,,failed,0,0,,http_manifest,known,403,manifest,"Client error '403 ' for url 'https://openapiproext.bnf.fr/iiif/presentation/v3/ark:/12148/bd6t5305259/manifest.json'
For more information check: https://developer.mozilla.org/en-US/docs/Web/HTTP/Status/403",2026-07-17T11:26:15.789346
combat,bd6t530526n,,failed,0,0,,http_manifest,known,403,manifest,"Client error '403 ' for url 'https://openapiproext.bnf.fr/iiif/presentation/v3/ark:/12148/bd6t530526n/manifest.json'
For more information check: https://developer.mozilla.org/en-US/docs/Web/HTTP/Status/403",2026-07-17T11:26:16.836685
combat,bd6t5305270,,failed,0,0,,http_manifest,known,403,manifest,"Client error '403 ' for url 'https://openapiproext.bnf.fr/iiif/presentation/v3/ark:/12148/bd6t5305270/manifest.json'
For more information check: https://developer.mozilla.org/en-US/docs/Web/HTTP/Status/403",2026-07-17T11:26:18.043301
combat,bd6t530528b,,failed,0,0,,http_manifest,known,403,manifest,"Client error '403 ' for url 'https://openapiproext.bnf.fr/iiif/presentation/v3/ark:/12148/bd6t530528b/manifest.json'
For more information check: https://developer.mozilla.org/en-US/docs/Web/HTTP/Status/403",2026-07-17T11:26:19.305502
combat,bd6t530529p,,failed,0,0,,http_manifest,known,403,manifest,"Client error '403 ' for url 'https://openapiproext.bnf.fr/iiif/presentation/v3/ark:/12148/bd6t530529p/manifest.json'
For more information check: https://developer.mozilla.org/en-US/docs/Web/HTTP/Status/403",2026-07-17T11:26:20.448186
combat,bd6t530530w,,failed,0,0,,http_manifest,known,403,manifest,"Client error '403 ' for url 'https://openapiproext.bnf.fr/iiif/presentation/v3/ark:/12148/bd6t530530w/manifest.json'
For more information check: https://developer.mozilla.org/en-US/docs/Web/HTTP/Status/403",2026-07-17T11:26:21.643275
combat,bd6t5305317,,failed,0,0,,http_manifest,known,403,manifest,"Client error '403 ' for url 'https://openapiproext.bnf.fr/iiif/presentation/v3/ark:/12148/bd6t5305317/manifest.json'
For more information check: https://developer.mozilla.org/en-US/docs/Web/HTTP/Status/403",2026-07-17T11:26:22.842830
combat,bd6t530532k,,failed,0,0,,http_manifest,known,403,manifest,"Client error '403 ' for url 'https://openapiproext.bnf.fr/iiif/presentation/v3/ark:/12148/bd6t530532k/manifest.json'
For more information check: https://developer.mozilla.org/en-US/docs/Web/HTTP/Status/403",2026-07-17T11:26:24.070994
combat,bd6t530533x,,failed,0,0,,http_manifest,known,403,manifest,"Client error '403 ' for url 'https://openapiproext.bnf.fr/iiif/presentation/v3/ark:/12148/bd6t530533x/manifest.json'
For more information check: https://developer.mozilla.org/en-US/docs/Web/HTTP/Status/403",2026-07-17T11:26:25.247308
combat,bd6t5305348,,failed,0,0,,http_manifest,known,403,manifest,"Client error '403 ' for url 'https://openapiproext.bnf.fr/iiif/presentation/v3/ark:/12148/bd6t5305348/manifest.json'
For more information check: https://developer.mozilla.org/en-US/docs/Web/HTTP/Status/403",2026-07-17T11:26:26.451885
combat,bd6t530535m,,failed,0,0,,http_manifest,known,403,manifest,"Client error '403 ' for url 'https://openapiproext.bnf.fr/iiif/presentation/v3/ark:/12148/bd6t530535m/manifest.json'
For more information check: https://developer.mozilla.org/en-US/docs/Web/HTTP/Status/403",2026-07-17T11:26:27.659072
combat,bd6t530536z,,failed,0,0,,http_manifest,known,403,manifest,"Client error '403 ' for url 'https://openapiproext.bnf.fr/iiif/presentation/v3/ark:/12148/bd6t530536z/manifest.json'
For more information check: https://developer.mozilla.org/en-US/docs/Web/HTTP/Status/403",2026-07-17T11:26:28.852670
combat,bd6t5305379,,failed,0,0,,http_manifest,known,403,manifest,"Client error '403 ' for url 'https://openapiproext.bnf.fr/iiif/presentation/v3/ark:/12148/bd6t5305379/manifest.json'
For more information check: https://developer.mozilla.org/en-US/docs/Web/HTTP/Status/403",2026-07-17T11:26:30.053756
combat,bd6t530538n,,failed,0,0,,http_manifest,known,403,manifest,"Client error '403 ' for url 'https://openapiproext.bnf.fr/iiif/presentation/v3/ark:/12148/bd6t530538n/manifest.json'
For more information check: https://developer.mozilla.org/en-US/docs/Web/HTTP/Status/403",2026-07-17T11:26:31.263625
combat,bd6t5305390,,failed,0,0,,http_manifest,known,403,manifest,"Client error '403 ' for url 'https://openapiproext.bnf.fr/iiif/presentation/v3/ark:/12148/bd6t5305390/manifest.json'
For more information check: https://developer.mozilla.org/en-US/docs/Web/HTTP/Status/403",2026-07-17T11:26:32.462479
combat,bd6t5305406,,failed,0,0,,http_manifest,known,403,manifest,"Client error '403 ' for url 'https://openapiproext.bnf.fr/iiif/presentation/v3/ark:/12148/bd6t5305406/manifest.json'
For more information check: https://developer.mozilla.org/en-US/docs/Web/HTTP/Status/403",2026-07-17T11:26:33.659447
combat,bd6t530541j,,failed,0,0,,http_manifest,known,403,manifest,"Client error '403 ' for url 'https://openapiproext.bnf.fr/iiif/presentation/v3/ark:/12148/bd6t530541j/manifest.json'
For more information check: https://developer.mozilla.org/en-US/docs/Web/HTTP/Status/403",2026-07-17T11:26:34.944383
combat,bd6t530542w,,failed,0,0,,http_manifest,known,403,manifest,"Client error '403 ' for url 'https://openapiproext.bnf.fr/iiif/presentation/v3/ark:/12148/bd6t530542w/manifest.json'
For more information check: https://developer.mozilla.org/en-US/docs/Web/HTTP/Status/403",2026-07-17T11:26:36.092433
combat,bd6t5305437,,failed,0,0,,http_manifest,known,403,manifest,"Client error '403 ' for url 'https://openapiproext.bnf.fr/iiif/presentation/v3/ark:/12148/bd6t5305437/manifest.json'
For more information check: https://developer.mozilla.org/en-US/docs/Web/HTTP/Status/403",2026-07-17T11:26:37.271240
combat,bd6t530544k,,failed,0,0,,http_manifest,known,403,manifest,"Client error '403 ' for url 'https://openapiproext.bnf.fr/iiif/presentation/v3/ark:/12148/bd6t530544k/manifest.json'
For more information check: https://developer.mozilla.org/en-US/docs/Web/HTTP/Status/403",2026-07-17T11:26:38.463461
combat,bd6t530545x,,failed,0,0,,http_manifest,known,403,manifest,"Client error '403 ' for url 'https://openapiproext.bnf.fr/iiif/presentation/v3/ark:/12148/bd6t530545x/manifest.json'
For more information check: https://developer.mozilla.org/en-US/docs/Web/HTTP/Status/403",2026-07-17T11:26:39.666394
combat,bd6t5305468,,failed,0,0,,http_manifest,known,403,manifest,"Client error '403 ' for url 'https://openapiproext.bnf.fr/iiif/presentation/v3/ark:/12148/bd6t5305468/manifest.json'
For more information check: https://developer.mozilla.org/en-US/docs/Web/HTTP/Status/403",2026-07-17T11:26:40.872249
combat,bd6t530547m,,failed,0,0,,http_manifest,known,403,manifest,"Client error '403 ' for url 'https://openapiproext.bnf.fr/iiif/presentation/v3/ark:/12148/bd6t530547m/manifest.json'
For more information check: https://developer.mozilla.org/en-US/docs/Web/HTTP/Status/403",2026-07-17T11:26:42.100707
combat,bd6t530548z,,failed,0,0,,http_manifest,known,403,manifest,"Client error '403 ' for url 'https://openapiproext.bnf.fr/iiif/presentation/v3/ark:/12148/bd6t530548z/manifest.json'
For more information check: https://developer.mozilla.org/en-US/docs/Web/HTTP/Status/403",2026-07-17T11:26:43.267962
combat,bd6t5305499,,failed,0,0,,http_manifest,known,403,manifest,"Client error '403 ' for url 'https://openapiproext.bnf.fr/iiif/presentation/v3/ark:/12148/bd6t5305499/manifest.json'
For more information check: https://developer.mozilla.org/en-US/docs/Web/HTTP/Status/403",2026-07-17T11:26:44.475231
combat,bd6t530550h,,failed,0,0,,http_manifest,known,403,manifest,"Client error '403 ' for url 'https://openapiproext.bnf.fr/iiif/presentation/v3/ark:/12148/bd6t530550h/manifest.json'
For more information check: https://developer.mozilla.org/en-US/docs/Web/HTTP/Status/403",2026-07-17T11:26:45.672657
combat,bd6t530551v,,failed,0,0,,http_manifest,known,403,manifest,"Client error '403 ' for url 'https://openapiproext.bnf.fr/iiif/presentation/v3/ark:/12148/bd6t530551v/manifest.json'
For more information check: https://developer.mozilla.org/en-US/docs/Web/HTTP/Status/403",2026-07-17T11:26:46.886162
combat,bd6t5305526,,failed,0,0,,http_manifest,known,403,manifest,"Client error '403 ' for url 'https://openapiproext.bnf.fr/iiif/presentation/v3/ark:/12148/bd6t5305526/manifest.json'
For more information check: https://developer.mozilla.org/en-US/docs/Web/HTTP/Status/403",2026-07-17T11:26:48.074714
combat,bd6t530553j,,failed,0,0,,http_manifest,known,403,manifest,"Client error '403 ' for url 'https://openapiproext.bnf.fr/iiif/presentation/v3/ark:/12148/bd6t530553j/manifest.json'
For more information check: https://developer.mozilla.org/en-US/docs/Web/HTTP/Status/403",2026-07-17T11:26:49.273991
combat,bd6t530554w,,failed,0,0,,http_manifest,known,403,manifest,"Client error '403 ' for url 'https://openapiproext.bnf.fr/iiif/presentation/v3/ark:/12148/bd6t530554w/manifest.json'
For more information check: https://developer.mozilla.org/en-US/docs/Web/HTTP/Status/403",2026-07-17T11:26:50.477647
combat,bd6t5305557,,failed,0,0,,http_manifest,known,403,manifest,"Client error '403 ' for url 'https://openapiproext.bnf.fr/iiif/presentation/v3/ark:/12148/bd6t5305557/manifest.json'
For more information check: https://developer.mozilla.org/en-US/docs/Web/HTTP/Status/403",2026-07-17T11:26:51.687118
combat,bd6t530556k,,failed,0,0,,http_manifest,known,403,manifest,"Client error '403 ' for url 'https://openapiproext.bnf.fr/iiif/presentation/v3/ark:/12148/bd6t530556k/manifest.json'
For more information check: https://developer.mozilla.org/en-US/docs/Web/HTTP/Status/403",2026-07-17T11:26:52.878112
combat,bd6t530557x,,failed,0,0,,http_manifest,known,403,manifest,"Client error '403 ' for url 'https://openapiproext.bnf.fr/iiif/presentation/v3/ark:/12148/bd6t530557x/manifest.json'
For more information check: https://developer.mozilla.org/en-US/docs/Web/HTTP/Status/403",2026-07-17T11:26:54.086205
combat,bd6t5305588,,failed,0,0,,http_manifest,known,403,manifest,"Client error '403 ' for url 'https://openapiproext.bnf.fr/iiif/presentation/v3/ark:/12148/bd6t5305588/manifest.json'
For more information check: https://developer.mozilla.org/en-US/docs/Web/HTTP/Status/403",2026-07-17T11:26:55.283074
combat,bd6t530559m,,failed,0,0,,http_manifest,known,403,manifest,"Client error '403 ' for url 'https://openapiproext.bnf.fr/iiif/presentation/v3/ark:/12148/bd6t530559m/manifest.json'
For more information check: https://developer.mozilla.org/en-US/docs/Web/HTTP/Status/403",2026-07-17T11:26:56.486331
combat,bd6t530560t,,failed,0,0,,http_manifest,known,403,manifest,"Client error '403 ' for url 'https://openapiproext.bnf.fr/iiif/presentation/v3/ark:/12148/bd6t530560t/manifest.json'
For more information check: https://developer.mozilla.org/en-US/docs/Web/HTTP/Status/403",2026-07-17T11:26:57.711798
combat,bd6t5305615,,failed,0,0,,http_manifest,known,403,manifest,"Client error '403 ' for url 'https://openapiproext.bnf.fr/iiif/presentation/v3/ark:/12148/bd6t5305615/manifest.json'
For more information check: https://developer.mozilla.org/en-US/docs/Web/HTTP/Status/403",2026-07-17T11:26:58.895513
combat,bd6t530562h,,failed,0,0,,http_manifest,known,403,manifest,"Client error '403 ' for url 'https://openapiproext.bnf.fr/iiif/presentation/v3/ark:/12148/bd6t530562h/manifest.json'
For more information check: https://developer.mozilla.org/en-US/docs/Web/HTTP/Status/403",2026-07-17T11:27:00.351312
combat,bd6t530563v,,failed,0,0,,http_manifest,known,403,manifest,"Client error '403 ' for url 'https://openapiproext.bnf.fr/iiif/presentation/v3/ark:/12148/bd6t530563v/manifest.json'
For more information check: https://developer.mozilla.org/en-US/docs/Web/HTTP/Status/403",2026-07-17T11:27:01.296095
combat,bd6t5305646,,failed,0,0,,http_manifest,known,403,manifest,"Client error '403 ' for url 'https://openapiproext.bnf.fr/iiif/presentation/v3/ark:/12148/bd6t5305646/manifest.json'
For more information check: https://developer.mozilla.org/en-US/docs/Web/HTTP/Status/403",2026-07-17T11:27:02.490246
combat,bd6t530565j,,failed,0,0,,http_manifest,known,403,manifest,"Client error '403 ' for url 'https://openapiproext.bnf.fr/iiif/presentation/v3/ark:/12148/bd6t530565j/manifest.json'
For more information check: https://developer.mozilla.org/en-US/docs/Web/HTTP/Status/403",2026-07-17T11:27:03.696394
combat,bd6t530566w,,failed,0,0,,http_manifest,known,403,manifest,"Client error '403 ' for url 'https://openapiproext.bnf.fr/iiif/presentation/v3/ark:/12148/bd6t530566w/manifest.json'
For more information check: https://developer.mozilla.org/en-US/docs/Web/HTTP/Status/403",2026-07-17T11:27:04.898028
combat,bd6t5305677,,failed,0,0,,http_manifest,known,403,manifest,"Client error '403 ' for url 'https://openapiproext.bnf.fr/iiif/presentation/v3/ark:/12148/bd6t5305677/manifest.json'
For more information check: https://developer.mozilla.org/en-US/docs/Web/HTTP/Status/403",2026-07-17T11:27:06.287283
combat,bd6t5306487,,failed,0,0,,http_manifest,known,403,manifest,"Client error '403 ' for url 'https://openapiproext.bnf.fr/iiif/presentation/v3/ark:/12148/bd6t5306487/manifest.json'
For more information check: https://developer.mozilla.org/en-US/docs/Web/HTTP/Status/403",2026-07-17T11:27:07.312032
combat,bd6t530649k,,failed,0,0,,http_manifest,known,403,manifest,"Client error '403 ' for url 'https://openapiproext.bnf.fr/iiif/presentation/v3/ark:/12148/bd6t530649k/manifest.json'
For more information check: https://developer.mozilla.org/en-US/docs/Web/HTTP/Status/403",2026-07-17T11:27:08.501218
combat,bd6t530650s,,failed,0,0,,http_manifest,known,403,manifest,"Client error '403 ' for url 'https://openapiproext.bnf.fr/iiif/presentation/v3/ark:/12148/bd6t530650s/manifest.json'
For more information check: https://developer.mozilla.org/en-US/docs/Web/HTTP/Status/403",2026-07-17T11:27:09.833506
combat,bd6t5306514,,failed,0,0,,http_manifest,known,403,manifest,"Client error '403 ' for url 'https://openapiproext.bnf.fr/iiif/presentation/v3/ark:/12148/bd6t5306514/manifest.json'
For more information check: https://developer.mozilla.org/en-US/docs/Web/HTTP/Status/403",2026-07-17T11:27:11.058365
combat,bd6t530652g,,failed,0,0,,http_manifest,known,403,manifest,"Client error '403 ' for url 'https://openapiproext.bnf.fr/iiif/presentation/v3/ark:/12148/bd6t530652g/manifest.json'
For more information check: https://developer.mozilla.org/en-US/docs/Web/HTTP/Status/403",2026-07-17T11:27:12.135274
combat,bd6t530653t,,failed,0,0,,http_manifest,known,403,manifest,"Client error '403 ' for url 'https://openapiproext.bnf.fr/iiif/presentation/v3/ark:/12148/bd6t530653t/manifest.json'
For more information check: https://developer.mozilla.org/en-US/docs/Web/HTTP/Status/403",2026-07-17T11:27:13.395980
combat,bd6t5306545,,failed,0,0,,http_manifest,known,403,manifest,"Client error '403 ' for url 'https://openapiproext.bnf.fr/iiif/presentation/v3/ark:/12148/bd6t5306545/manifest.json'
For more information check: https://developer.mozilla.org/en-US/docs/Web/HTTP/Status/403",2026-07-17T11:27:14.742596
combat,bd6t530655h,,failed,0,0,,http_manifest,known,403,manifest,"Client error '403 ' for url 'https://openapiproext.bnf.fr/iiif/presentation/v3/ark:/12148/bd6t530655h/manifest.json'
For more information check: https://developer.mozilla.org/en-US/docs/Web/HTTP/Status/403",2026-07-17T11:27:15.851419
combat,bd6t530656v,,failed,0,0,,http_manifest,known,403,manifest,"Client error '403 ' for url 'https://openapiproext.bnf.fr/iiif/presentation/v3/ark:/12148/bd6t530656v/manifest.json'
For more information check: https://developer.mozilla.org/en-US/docs/Web/HTTP/Status/403",2026-07-17T11:27:17.110156
combat,bd6t5306576,,failed,0,0,,http_manifest,known,403,manifest,"Client error '403 ' for url 'https://openapiproext.bnf.fr/iiif/presentation/v3/ark:/12148/bd6t5306576/manifest.json'
For more information check: https://developer.mozilla.org/en-US/docs/Web/HTTP/Status/403",2026-07-17T11:27:18.462327
combat,bd6t530658j,,failed,0,0,,http_manifest,known,403,manifest,"Client error '403 ' for url 'https://openapiproext.bnf.fr/iiif/presentation/v3/ark:/12148/bd6t530658j/manifest.json'
For more information check: https://developer.mozilla.org/en-US/docs/Web/HTTP/Status/403",2026-07-17T11:27:19.316677
combat,bd6t530659w,,failed,0,0,,http_manifest,known,403,manifest,"Client error '403 ' for url 'https://openapiproext.bnf.fr/iiif/presentation/v3/ark:/12148/bd6t530659w/manifest.json'
For more information check: https://developer.mozilla.org/en-US/docs/Web/HTTP/Status/403",2026-07-17T11:27:20.537755
combat,bd6t5306603,,failed,0,0,,http_manifest,known,403,manifest,"Client error '403 ' for url 'https://openapiproext.bnf.fr/iiif/presentation/v3/ark:/12148/bd6t5306603/manifest.json'
For more information check: https://developer.mozilla.org/en-US/docs/Web/HTTP/Status/403",2026-07-17T11:27:21.727253
combat,bd6t530661f,,failed,0,0,,http_manifest,known,403,manifest,"Client error '403 ' for url 'https://openapiproext.bnf.fr/iiif/presentation/v3/ark:/12148/bd6t530661f/manifest.json'
For more information check: https://developer.mozilla.org/en-US/docs/Web/HTTP/Status/403",2026-07-17T11:27:22.921885
combat,bd6t530662s,,failed,0,0,,http_manifest,known,403,manifest,"Client error '403 ' for url 'https://openapiproext.bnf.fr/iiif/presentation/v3/ark:/12148/bd6t530662s/manifest.json'
For more information check: https://developer.mozilla.org/en-US/docs/Web/HTTP/Status/403",2026-07-17T11:27:24.122871
combat,bd6t5306634,,failed,0,0,,http_manifest,known,403,manifest,"Client error '403 ' for url 'https://openapiproext.bnf.fr/iiif/presentation/v3/ark:/12148/bd6t5306634/manifest.json'
For more information check: https://developer.mozilla.org/en-US/docs/Web/HTTP/Status/403",2026-07-17T11:27:25.324712
combat,bd6t530664g,,failed,0,0,,http_manifest,known,403,manifest,"Client error '403 ' for url 'https://openapiproext.bnf.fr/iiif/presentation/v3/ark:/12148/bd6t530664g/manifest.json'
For more information check: https://developer.mozilla.org/en-US/docs/Web/HTTP/Status/403",2026-07-17T11:27:26.628326
combat,bd6t530665t,,failed,0,0,,http_manifest,known,403,manifest,"Client error '403 ' for url 'https://openapiproext.bnf.fr/iiif/presentation/v3/ark:/12148/bd6t530665t/manifest.json'
For more information check: https://developer.mozilla.org/en-US/docs/Web/HTTP/Status/403",2026-07-17T11:27:27.731249
combat,bd6t5306665,,failed,0,0,,http_manifest,known,403,manifest,"Client error '403 ' for url 'https://openapiproext.bnf.fr/iiif/presentation/v3/ark:/12148/bd6t5306665/manifest.json'
For more information check: https://developer.mozilla.org/en-US/docs/Web/HTTP/Status/403",2026-07-17T11:27:28.925197
combat,bd6t530667h,,failed,0,0,,http_manifest,known,403,manifest,"Client error '403 ' for url 'https://openapiproext.bnf.fr/iiif/presentation/v3/ark:/12148/bd6t530667h/manifest.json'
For more information check: https://developer.mozilla.org/en-US/docs/Web/HTTP/Status/403",2026-07-17T11:27:30.134511
combat,bd6t530668v,,failed,0,0,,http_manifest,known,403,manifest,"Client error '403 ' for url 'https://openapiproext.bnf.fr/iiif/presentation/v3/ark:/12148/bd6t530668v/manifest.json'
For more information check: https://developer.mozilla.org/en-US/docs/Web/HTTP/Status/403",2026-07-17T11:27:31.337153
combat,bd6t5306696,,failed,0,0,,http_manifest,known,403,manifest,"Client error '403 ' for url 'https://openapiproext.bnf.fr/iiif/presentation/v3/ark:/12148/bd6t5306696/manifest.json'
For more information check: https://developer.mozilla.org/en-US/docs/Web/HTTP/Status/403",2026-07-17T11:27:32.536263
combat,bd6t530670d,,failed,0,0,,http_manifest,known,403,manifest,"Client error '403 ' for url 'https://openapiproext.bnf.fr/iiif/presentation/v3/ark:/12148/bd6t530670d/manifest.json'
For more information check: https://developer.mozilla.org/en-US/docs/Web/HTTP/Status/403",2026-07-17T11:27:33.766427
combat,bd6t530671r,,failed,0,0,,http_manifest,known,403,manifest,"Client error '403 ' for url 'https://openapiproext.bnf.fr/iiif/presentation/v3/ark:/12148/bd6t530671r/manifest.json'
For more information check: https://developer.mozilla.org/en-US/docs/Web/HTTP/Status/403",2026-07-17T11:27:34.935501
combat,bd6t5306723,,failed,0,0,,http_manifest,known,403,manifest,"Client error '403 ' for url 'https://openapiproext.bnf.fr/iiif/presentation/v3/ark:/12148/bd6t5306723/manifest.json'
For more information check: https://developer.mozilla.org/en-US/docs/Web/HTTP/Status/403",2026-07-17T11:27:36.139612
combat,bd6t530673f,,failed,0,0,,http_manifest,known,403,manifest,"Client error '403 ' for url 'https://openapiproext.bnf.fr/iiif/presentation/v3/ark:/12148/bd6t530673f/manifest.json'
For more information check: https://developer.mozilla.org/en-US/docs/Web/HTTP/Status/403",2026-07-17T11:27:37.343964
combat,bd6t530674s,,failed,0,0,,http_manifest,known,403,manifest,"Client error '403 ' for url 'https://openapiproext.bnf.fr/iiif/presentation/v3/ark:/12148/bd6t530674s/manifest.json'
For more information check: https://developer.mozilla.org/en-US/docs/Web/HTTP/Status/403",2026-07-17T11:27:38.541109
combat,bd6t5306754,,failed,0,0,,http_manifest,known,403,manifest,"Client error '403 ' for url 'https://openapiproext.bnf.fr/iiif/presentation/v3/ark:/12148/bd6t5306754/manifest.json'
For more information check: https://developer.mozilla.org/en-US/docs/Web/HTTP/Status/403",2026-07-17T11:27:39.742368
combat,bd6t530676g,,failed,0,0,,http_manifest,known,403,manifest,"Client error '403 ' for url 'https://openapiproext.bnf.fr/iiif/presentation/v3/ark:/12148/bd6t530676g/manifest.json'
For more information check: https://developer.mozilla.org/en-US/docs/Web/HTTP/Status/403",2026-07-17T11:27:40.958021
combat,bd6t530677t,,failed,0,0,,http_manifest,known,403,manifest,"Client error '403 ' for url 'https://openapiproext.bnf.fr/iiif/presentation/v3/ark:/12148/bd6t530677t/manifest.json'
For more information check: https://developer.mozilla.org/en-US/docs/Web/HTTP/Status/403",2026-07-17T11:27:42.145591
combat,bd6t5306785,,failed,0,0,,http_manifest,known,403,manifest,"Client error '403 ' for url 'https://openapiproext.bnf.fr/iiif/presentation/v3/ark:/12148/bd6t5306785/manifest.json'
For more information check: https://developer.mozilla.org/en-US/docs/Web/HTTP/Status/403",2026-07-17T11:27:43.346583
combat,bd6t530679h,,failed,0,0,,http_manifest,known,403,manifest,"Client error '403 ' for url 'https://openapiproext.bnf.fr/iiif/presentation/v3/ark:/12148/bd6t530679h/manifest.json'
For more information check: https://developer.mozilla.org/en-US/docs/Web/HTTP/Status/403",2026-07-17T11:27:44.688240
combat,bd6t530680q,,failed,0,0,,http_manifest,known,403,manifest,"Client error '403 ' for url 'https://openapiproext.bnf.fr/iiif/presentation/v3/ark:/12148/bd6t530680q/manifest.json'
For more information check: https://developer.mozilla.org/en-US/docs/Web/HTTP/Status/403",2026-07-17T11:27:45.776800
combat,bd6t5306812,,failed,0,0,,http_manifest,known,403,manifest,"Client error '403 ' for url 'https://openapiproext.bnf.fr/iiif/presentation/v3/ark:/12148/bd6t5306812/manifest.json'
For more information check: https://developer.mozilla.org/en-US/docs/Web/HTTP/Status/403",2026-07-17T11:27:46.957605
combat,bd6t530682d,,failed,0,0,,http_manifest,known,403,manifest,"Client error '403 ' for url 'https://openapiproext.bnf.fr/iiif/presentation/v3/ark:/12148/bd6t530682d/manifest.json'
For more information check: https://developer.mozilla.org/en-US/docs/Web/HTTP/Status/403",2026-07-17T11:27:48.153832
combat,bd6t530683r,,failed,0,0,,http_manifest,known,403,manifest,"Client error '403 ' for url 'https://openapiproext.bnf.fr/iiif/presentation/v3/ark:/12148/bd6t530683r/manifest.json'
For more information check: https://developer.mozilla.org/en-US/docs/Web/HTTP/Status/403",2026-07-17T11:27:49.356285
combat,bd6t5306843,,failed,0,0,,http_manifest,known,403,manifest,"Client error '403 ' for url 'https://openapiproext.bnf.fr/iiif/presentation/v3/ark:/12148/bd6t5306843/manifest.json'
For more information check: https://developer.mozilla.org/en-US/docs/Web/HTTP/Status/403",2026-07-17T11:27:50.555936
combat,bd6t530685f,,failed,0,0,,http_manifest,known,403,manifest,"Client error '403 ' for url 'https://openapiproext.bnf.fr/iiif/presentation/v3/ark:/12148/bd6t530685f/manifest.json'
For more information check: https://developer.mozilla.org/en-US/docs/Web/HTTP/Status/403",2026-07-17T11:27:51.758383
combat,bd6t530686s,,failed,0,0,,http_manifest,known,403,manifest,"Client error '403 ' for url 'https://openapiproext.bnf.fr/iiif/presentation/v3/ark:/12148/bd6t530686s/manifest.json'
For more information check: https://developer.mozilla.org/en-US/docs/Web/HTTP/Status/403",2026-07-17T11:27:52.958958
combat,bd6t5306874,,failed,0,0,,http_manifest,known,403,manifest,"Client error '403 ' for url 'https://openapiproext.bnf.fr/iiif/presentation/v3/ark:/12148/bd6t5306874/manifest.json'
For more information check: https://developer.mozilla.org/en-US/docs/Web/HTTP/Status/403",2026-07-17T11:27:54.164671
combat,bd6t530688g,,failed,0,0,,http_manifest,known,403,manifest,"Client error '403 ' for url 'https://openapiproext.bnf.fr/iiif/presentation/v3/ark:/12148/bd6t530688g/manifest.json'
For more information check: https://developer.mozilla.org/en-US/docs/Web/HTTP/Status/403",2026-07-17T11:27:55.370710
combat,bd6t530689t,,failed,0,0,,http_manifest,known,403,manifest,"Client error '403 ' for url 'https://openapiproext.bnf.fr/iiif/presentation/v3/ark:/12148/bd6t530689t/manifest.json'
For more information check: https://developer.mozilla.org/en-US/docs/Web/HTTP/Status/403",2026-07-17T11:27:56.574075
combat,bd6t5306901,,failed,0,0,,http_manifest,known,403,manifest,"Client error '403 ' for url 'https://openapiproext.bnf.fr/iiif/presentation/v3/ark:/12148/bd6t5306901/manifest.json'
For more information check: https://developer.mozilla.org/en-US/docs/Web/HTTP/Status/403",2026-07-17T11:27:57.975753
combat,bd6t530691c,,failed,0,0,,http_manifest,known,403,manifest,"Client error '403 ' for url 'https://openapiproext.bnf.fr/iiif/presentation/v3/ark:/12148/bd6t530691c/manifest.json'
For more information check: https://developer.mozilla.org/en-US/docs/Web/HTTP/Status/403",2026-07-17T11:27:58.975099
combat,bd6t530692q,,failed,0,0,,http_manifest,known,403,manifest,"Client error '403 ' for url 'https://openapiproext.bnf.fr/iiif/presentation/v3/ark:/12148/bd6t530692q/manifest.json'
For more information check: https://developer.mozilla.org/en-US/docs/Web/HTTP/Status/403",2026-07-17T11:28:00.281873
combat,bd6t5306932,,failed,0,0,,http_manifest,known,403,manifest,"Client error '403 ' for url 'https://openapiproext.bnf.fr/iiif/presentation/v3/ark:/12148/bd6t5306932/manifest.json'
For more information check: https://developer.mozilla.org/en-US/docs/Web/HTTP/Status/403",2026-07-17T11:28:01.673195
combat,bd6t530694d,,failed,0,0,,http_manifest,known,403,manifest,"Client error '403 ' for url 'https://openapiproext.bnf.fr/iiif/presentation/v3/ark:/12148/bd6t530694d/manifest.json'
For more information check: https://developer.mozilla.org/en-US/docs/Web/HTTP/Status/403",2026-07-17T11:28:02.750922
combat,bd6t530695r,,failed,0,0,,http_manifest,known,403,manifest,"Client error '403 ' for url 'https://openapiproext.bnf.fr/iiif/presentation/v3/ark:/12148/bd6t530695r/manifest.json'
For more information check: https://developer.mozilla.org/en-US/docs/Web/HTTP/Status/403",2026-07-17T11:28:04.160699
combat,bd6t5306963,,failed,0,0,,http_manifest,known,403,manifest,"Client error '403 ' for url 'https://openapiproext.bnf.fr/iiif/presentation/v3/ark:/12148/bd6t5306963/manifest.json'
For more information check: https://developer.mozilla.org/en-US/docs/Web/HTTP/Status/403",2026-07-17T11:28:05.110389
combat,bd6t530697f,,failed,0,0,,http_manifest,known,403,manifest,"Client error '403 ' for url 'https://openapiproext.bnf.fr/iiif/presentation/v3/ark:/12148/bd6t530697f/manifest.json'
For more information check: https://developer.mozilla.org/en-US/docs/Web/HTTP/Status/403",2026-07-17T11:28:06.371152
combat,bd6t530698s,,failed,0,0,,http_manifest,known,403,manifest,"Client error '403 ' for url 'https://openapiproext.bnf.fr/iiif/presentation/v3/ark:/12148/bd6t530698s/manifest.json'
For more information check: https://developer.mozilla.org/en-US/docs/Web/HTTP/Status/403",2026-07-17T11:28:07.380667
combat,bd6t5306994,,failed,0,0,,http_manifest,known,403,manifest,"Client error '403 ' for url 'https://openapiproext.bnf.fr/iiif/presentation/v3/ark:/12148/bd6t5306994/manifest.json'
For more information check: https://developer.mozilla.org/en-US/docs/Web/HTTP/Status/403",2026-07-17T11:28:09.062233
combat,bd6t530700h,,failed,0,0,,http_manifest,known,403,manifest,"Client error '403 ' for url 'https://openapiproext.bnf.fr/iiif/presentation/v3/ark:/12148/bd6t530700h/manifest.json'
For more information check: https://developer.mozilla.org/en-US/docs/Web/HTTP/Status/403",2026-07-17T11:28:09.793264
combat,bd6t530701v,,failed,0,0,,http_manifest,known,403,manifest,"Client error '403 ' for url 'https://openapiproext.bnf.fr/iiif/presentation/v3/ark:/12148/bd6t530701v/manifest.json'
For more information check: https://developer.mozilla.org/en-US/docs/Web/HTTP/Status/403",2026-07-17T11:28:10.997283
combat,bd6t5307026,,failed,0,0,,http_manifest,known,403,manifest,"Client error '403 ' for url 'https://openapiproext.bnf.fr/iiif/presentation/v3/ark:/12148/bd6t5307026/manifest.json'
For more information check: https://developer.mozilla.org/en-US/docs/Web/HTTP/Status/403",2026-07-17T11:28:12.229178
combat,bd6t530703j,,failed,0,0,,http_manifest,known,403,manifest,"Client error '403 ' for url 'https://openapiproext.bnf.fr/iiif/presentation/v3/ark:/12148/bd6t530703j/manifest.json'
For more information check: https://developer.mozilla.org/en-US/docs/Web/HTTP/Status/403",2026-07-17T11:28:13.385880
combat,bd6t530704w,,failed,0,0,,http_manifest,known,403,manifest,"Client error '403 ' for url 'https://openapiproext.bnf.fr/iiif/presentation/v3/ark:/12148/bd6t530704w/manifest.json'
For more information check: https://developer.mozilla.org/en-US/docs/Web/HTTP/Status/403",2026-07-17T11:28:14.592271
combat,bd6t5307057,,failed,0,0,,http_manifest,known,403,manifest,"Client error '403 ' for url 'https://openapiproext.bnf.fr/iiif/presentation/v3/ark:/12148/bd6t5307057/manifest.json'
For more information check: https://developer.mozilla.org/en-US/docs/Web/HTTP/Status/403",2026-07-17T11:28:15.788985
combat,bd6t530706k,,failed,0,0,,http_manifest,known,403,manifest,"Client error '403 ' for url 'https://openapiproext.bnf.fr/iiif/presentation/v3/ark:/12148/bd6t530706k/manifest.json'
For more information check: https://developer.mozilla.org/en-US/docs/Web/HTTP/Status/403",2026-07-17T11:28:17.000659
combat,bd6t530707x,,failed,0,0,,http_manifest,known,403,manifest,"Client error '403 ' for url 'https://openapiproext.bnf.fr/iiif/presentation/v3/ark:/12148/bd6t530707x/manifest.json'
For more information check: https://developer.mozilla.org/en-US/docs/Web/HTTP/Status/403",2026-07-17T11:28:18.188401
combat,bd6t5307088,,failed,0,0,,http_manifest,known,403,manifest,"Client error '403 ' for url 'https://openapiproext.bnf.fr/iiif/presentation/v3/ark:/12148/bd6t5307088/manifest.json'
For more information check: https://developer.mozilla.org/en-US/docs/Web/HTTP/Status/403",2026-07-17T11:28:19.392315
combat,bd6t530709m,,failed,0,0,,http_manifest,known,403,manifest,"Client error '403 ' for url 'https://openapiproext.bnf.fr/iiif/presentation/v3/ark:/12148/bd6t530709m/manifest.json'
For more information check: https://developer.mozilla.org/en-US/docs/Web/HTTP/Status/403",2026-07-17T11:28:20.595993
combat,bd6t530710t,,failed,0,0,,http_manifest,known,403,manifest,"Client error '403 ' for url 'https://openapiproext.bnf.fr/iiif/presentation/v3/ark:/12148/bd6t530710t/manifest.json'
For more information check: https://developer.mozilla.org/en-US/docs/Web/HTTP/Status/403",2026-07-17T11:28:21.793897
combat,bd6t5307115,,failed,0,0,,http_manifest,known,403,manifest,"Client error '403 ' for url 'https://openapiproext.bnf.fr/iiif/presentation/v3/ark:/12148/bd6t5307115/manifest.json'
For more information check: https://developer.mozilla.org/en-US/docs/Web/HTTP/Status/403",2026-07-17T11:28:22.997939
combat,bd6t530712h,,failed,0,0,,http_manifest,known,403,manifest,"Client error '403 ' for url 'https://openapiproext.bnf.fr/iiif/presentation/v3/ark:/12148/bd6t530712h/manifest.json'
For more information check: https://developer.mozilla.org/en-US/docs/Web/HTTP/Status/403",2026-07-17T11:28:24.198775
combat,bd6t530713v,,failed,0,0,,http_manifest,known,403,manifest,"Client error '403 ' for url 'https://openapiproext.bnf.fr/iiif/presentation/v3/ark:/12148/bd6t530713v/manifest.json'
For more information check: https://developer.mozilla.org/en-US/docs/Web/HTTP/Status/403",2026-07-17T11:28:25.405184
combat,bd6t5307146,,failed,0,0,,http_manifest,known,403,manifest,"Client error '403 ' for url 'https://openapiproext.bnf.fr/iiif/presentation/v3/ark:/12148/bd6t5307146/manifest.json'
For more information check: https://developer.mozilla.org/en-US/docs/Web/HTTP/Status/403",2026-07-17T11:28:26.602780
combat,bd6t530715j,,failed,0,0,,http_manifest,known,403,manifest,"Client error '403 ' for url 'https://openapiproext.bnf.fr/iiif/presentation/v3/ark:/12148/bd6t530715j/manifest.json'
For more information check: https://developer.mozilla.org/en-US/docs/Web/HTTP/Status/403",2026-07-17T11:28:27.809409
combat,bd6t530716w,,failed,0,0,,http_manifest,known,403,manifest,"Client error '403 ' for url 'https://openapiproext.bnf.fr/iiif/presentation/v3/ark:/12148/bd6t530716w/manifest.json'
For more information check: https://developer.mozilla.org/en-US/docs/Web/HTTP/Status/403",2026-07-17T11:28:29.027726
combat,bd6t5307177,,failed,0,0,,http_manifest,known,403,manifest,"Client error '403 ' for url 'https://openapiproext.bnf.fr/iiif/presentation/v3/ark:/12148/bd6t5307177/manifest.json'
For more information check: https://developer.mozilla.org/en-US/docs/Web/HTTP/Status/403",2026-07-17T11:28:30.206846
combat,bd6t530718k,,failed,0,0,,http_manifest,known,403,manifest,"Client error '403 ' for url 'https://openapiproext.bnf.fr/iiif/presentation/v3/ark:/12148/bd6t530718k/manifest.json'
For more information check: https://developer.mozilla.org/en-US/docs/Web/HTTP/Status/403",2026-07-17T11:28:31.408002
combat,bd6t530719x,,failed,0,0,,http_manifest,known,403,manifest,"Client error '403 ' for url 'https://openapiproext.bnf.fr/iiif/presentation/v3/ark:/12148/bd6t530719x/manifest.json'
For more information check: https://developer.mozilla.org/en-US/docs/Web/HTTP/Status/403",2026-07-17T11:28:32.612222
combat,bd6t5307204,,failed,0,0,,http_manifest,known,403,manifest,"Client error '403 ' for url 'https://openapiproext.bnf.fr/iiif/presentation/v3/ark:/12148/bd6t5307204/manifest.json'
For more information check: https://developer.mozilla.org/en-US/docs/Web/HTTP/Status/403",2026-07-17T11:28:33.810979
combat,bd6t530721g,,failed,0,0,,http_manifest,known,403,manifest,"Client error '403 ' for url 'https://openapiproext.bnf.fr/iiif/presentation/v3/ark:/12148/bd6t530721g/manifest.json'
For more information check: https://developer.mozilla.org/en-US/docs/Web/HTTP/Status/403",2026-07-17T11:28:35.047068
combat,bd6t530722t,,failed,0,0,,http_manifest,known,403,manifest,"Client error '403 ' for url 'https://openapiproext.bnf.fr/iiif/presentation/v3/ark:/12148/bd6t530722t/manifest.json'
For more information check: https://developer.mozilla.org/en-US/docs/Web/HTTP/Status/403",2026-07-17T11:28:36.219861
combat,bd6t5307235,,failed,0,0,,http_manifest,known,403,manifest,"Client error '403 ' for url 'https://openapiproext.bnf.fr/iiif/presentation/v3/ark:/12148/bd6t5307235/manifest.json'
For more information check: https://developer.mozilla.org/en-US/docs/Web/HTTP/Status/403",2026-07-17T11:28:37.414952
combat,bd6t530724h,,failed,0,0,,http_manifest,known,403,manifest,"Client error '403 ' for url 'https://openapiproext.bnf.fr/iiif/presentation/v3/ark:/12148/bd6t530724h/manifest.json'
For more information check: https://developer.mozilla.org/en-US/docs/Web/HTTP/Status/403",2026-07-17T11:28:38.616028
combat,bd6t530725v,,failed,0,0,,http_manifest,known,403,manifest,"Client error '403 ' for url 'https://openapiproext.bnf.fr/iiif/presentation/v3/ark:/12148/bd6t530725v/manifest.json'
For more information check: https://developer.mozilla.org/en-US/docs/Web/HTTP/Status/403",2026-07-17T11:28:39.826220
combat,bd6t5307266,,failed,0,0,,http_manifest,known,403,manifest,"Client error '403 ' for url 'https://openapiproext.bnf.fr/iiif/presentation/v3/ark:/12148/bd6t5307266/manifest.json'
For more information check: https://developer.mozilla.org/en-US/docs/Web/HTTP/Status/403",2026-07-17T11:28:41.018943
combat,bd6t530727j,,failed,0,0,,http_manifest,known,403,manifest,"Client error '403 ' for url 'https://openapiproext.bnf.fr/iiif/presentation/v3/ark:/12148/bd6t530727j/manifest.json'
For more information check: https://developer.mozilla.org/en-US/docs/Web/HTTP/Status/403",2026-07-17T11:28:42.221230
combat,bd6t530728w,,failed,0,0,,http_manifest,known,403,manifest,"Client error '403 ' for url 'https://openapiproext.bnf.fr/iiif/presentation/v3/ark:/12148/bd6t530728w/manifest.json'
For more information check: https://developer.mozilla.org/en-US/docs/Web/HTTP/Status/403",2026-07-17T11:28:43.421196
combat,bd6t5307297,,failed,0,0,,http_manifest,known,403,manifest,"Client error '403 ' for url 'https://openapiproext.bnf.fr/iiif/presentation/v3/ark:/12148/bd6t5307297/manifest.json'
For more information check: https://developer.mozilla.org/en-US/docs/Web/HTTP/Status/403",2026-07-17T11:28:44.625131
combat,bd6t530730f,,failed,0,0,,http_manifest,known,403,manifest,"Client error '403 ' for url 'https://openapiproext.bnf.fr/iiif/presentation/v3/ark:/12148/bd6t530730f/manifest.json'
For more information check: https://developer.mozilla.org/en-US/docs/Web/HTTP/Status/403",2026-07-17T11:28:45.824496
combat,bd6t530731s,,failed,0,0,,http_manifest,known,403,manifest,"Client error '403 ' for url 'https://openapiproext.bnf.fr/iiif/presentation/v3/ark:/12148/bd6t530731s/manifest.json'
For more information check: https://developer.mozilla.org/en-US/docs/Web/HTTP/Status/403",2026-07-17T11:28:47.060491
combat,bd6t5307324,,failed,0,0,,http_manifest,known,403,manifest,"Client error '403 ' for url 'https://openapiproext.bnf.fr/iiif/presentation/v3/ark:/12148/bd6t5307324/manifest.json'
For more information check: https://developer.mozilla.org/en-US/docs/Web/HTTP/Status/403",2026-07-17T11:28:48.231953
combat,bd6t530733g,,failed,0,0,,http_manifest,known,403,manifest,"Client error '403 ' for url 'https://openapiproext.bnf.fr/iiif/presentation/v3/ark:/12148/bd6t530733g/manifest.json'
For more information check: https://developer.mozilla.org/en-US/docs/Web/HTTP/Status/403",2026-07-17T11:28:49.430366
combat,bd6t530734t,,failed,0,0,,http_manifest,known,403,manifest,"Client error '403 ' for url 'https://openapiproext.bnf.fr/iiif/presentation/v3/ark:/12148/bd6t530734t/manifest.json'
For more information check: https://developer.mozilla.org/en-US/docs/Web/HTTP/Status/403",2026-07-17T11:28:50.631955
combat,bd6t5307355,,failed,0,0,,http_manifest,known,403,manifest,"Client error '403 ' for url 'https://openapiproext.bnf.fr/iiif/presentation/v3/ark:/12148/bd6t5307355/manifest.json'
For more information check: https://developer.mozilla.org/en-US/docs/Web/HTTP/Status/403",2026-07-17T11:28:51.833851
combat,bd6t530736h,,failed,0,0,,http_manifest,known,403,manifest,"Client error '403 ' for url 'https://openapiproext.bnf.fr/iiif/presentation/v3/ark:/12148/bd6t530736h/manifest.json'
For more information check: https://developer.mozilla.org/en-US/docs/Web/HTTP/Status/403",2026-07-17T11:28:53.034222
combat,bd6t530737v,,failed,0,0,,http_manifest,known,403,manifest,"Client error '403 ' for url 'https://openapiproext.bnf.fr/iiif/presentation/v3/ark:/12148/bd6t530737v/manifest.json'
For more information check: https://developer.mozilla.org/en-US/docs/Web/HTTP/Status/403",2026-07-17T11:28:54.235542
combat,bd6t5307386,,failed,0,0,,http_manifest,known,403,manifest,"Client error '403 ' for url 'https://openapiproext.bnf.fr/iiif/presentation/v3/ark:/12148/bd6t5307386/manifest.json'
For more information check: https://developer.mozilla.org/en-US/docs/Web/HTTP/Status/403",2026-07-17T11:28:55.438521
combat,bd6t530739j,,failed,0,0,,http_manifest,known,403,manifest,"Client error '403 ' for url 'https://openapiproext.bnf.fr/iiif/presentation/v3/ark:/12148/bd6t530739j/manifest.json'
For more information check: https://developer.mozilla.org/en-US/docs/Web/HTTP/Status/403",2026-07-17T11:28:56.638846
combat,bd6t530740r,,failed,0,0,,http_manifest,known,403,manifest,"Client error '403 ' for url 'https://openapiproext.bnf.fr/iiif/presentation/v3/ark:/12148/bd6t530740r/manifest.json'
For more information check: https://developer.mozilla.org/en-US/docs/Web/HTTP/Status/403",2026-07-17T11:28:58.025356
combat,bd6t5307413,,failed,0,0,,http_manifest,known,403,manifest,"Client error '403 ' for url 'https://openapiproext.bnf.fr/iiif/presentation/v3/ark:/12148/bd6t5307413/manifest.json'
For more information check: https://developer.mozilla.org/en-US/docs/Web/HTTP/Status/403",2026-07-17T11:28:59.158408
combat,bd6t530743s,,failed,0,0,,http_manifest,known,403,manifest,"Client error '403 ' for url 'https://openapiproext.bnf.fr/iiif/presentation/v3/ark:/12148/bd6t530743s/manifest.json'
For more information check: https://developer.mozilla.org/en-US/docs/Web/HTTP/Status/403",2026-07-17T11:29:00.297672
combat,bd6t530742f,,failed,0,0,,http_manifest,known,403,manifest,"Client error '403 ' for url 'https://openapiproext.bnf.fr/iiif/presentation/v3/ark:/12148/bd6t530742f/manifest.json'
For more information check: https://developer.mozilla.org/en-US/docs/Web/HTTP/Status/403",2026-07-17T11:29:01.645955
combat,bd6t5307444,,failed,0,0,,http_manifest,known,403,manifest,"Client error '403 ' for url 'https://openapiproext.bnf.fr/iiif/presentation/v3/ark:/12148/bd6t5307444/manifest.json'
For more information check: https://developer.mozilla.org/en-US/docs/Web/HTTP/Status/403",2026-07-17T11:29:02.645964
combat,bd6t530745g,,failed,0,0,,http_manifest,known,403,manifest,"Client error '403 ' for url 'https://openapiproext.bnf.fr/iiif/presentation/v3/ark:/12148/bd6t530745g/manifest.json'
For more information check: https://developer.mozilla.org/en-US/docs/Web/HTTP/Status/403",2026-07-17T11:29:03.968128
combat,bd6t530746t,,failed,0,0,,http_manifest,known,403,manifest,"Client error '403 ' for url 'https://openapiproext.bnf.fr/iiif/presentation/v3/ark:/12148/bd6t530746t/manifest.json'
For more information check: https://developer.mozilla.org/en-US/docs/Web/HTTP/Status/403",2026-07-17T11:29:05.142185
combat,bd6t5307475,,failed,0,0,,http_manifest,known,403,manifest,"Client error '403 ' for url 'https://openapiproext.bnf.fr/iiif/presentation/v3/ark:/12148/bd6t5307475/manifest.json'
For more information check: https://developer.mozilla.org/en-US/docs/Web/HTTP/Status/403",2026-07-17T11:29:06.505306
combat,bd6t530748h,,failed,0,0,,http_manifest,known,403,manifest,"Client error '403 ' for url 'https://openapiproext.bnf.fr/iiif/presentation/v3/ark:/12148/bd6t530748h/manifest.json'
For more information check: https://developer.mozilla.org/en-US/docs/Web/HTTP/Status/403",2026-07-17T11:29:07.450510
combat,bd6t530749v,,failed,0,0,,http_manifest,known,403,manifest,"Client error '403 ' for url 'https://openapiproext.bnf.fr/iiif/presentation/v3/ark:/12148/bd6t530749v/manifest.json'
For more information check: https://developer.mozilla.org/en-US/docs/Web/HTTP/Status/403",2026-07-17T11:29:08.663058
combat,bd6t5307502,,failed,0,0,,http_manifest,known,403,manifest,"Client error '403 ' for url 'https://openapiproext.bnf.fr/iiif/presentation/v3/ark:/12148/bd6t5307502/manifest.json'
For more information check: https://developer.mozilla.org/en-US/docs/Web/HTTP/Status/403",2026-07-17T11:29:09.863918
combat,bd6t530751d,,failed,0,0,,http_manifest,known,403,manifest,"Client error '403 ' for url 'https://openapiproext.bnf.fr/iiif/presentation/v3/ark:/12148/bd6t530751d/manifest.json'
For more information check: https://developer.mozilla.org/en-US/docs/Web/HTTP/Status/403",2026-07-17T11:29:11.164996
combat,bd6t530752r,,failed,0,0,,http_manifest,known,403,manifest,"Client error '403 ' for url 'https://openapiproext.bnf.fr/iiif/presentation/v3/ark:/12148/bd6t530752r/manifest.json'
For more information check: https://developer.mozilla.org/en-US/docs/Web/HTTP/Status/403",2026-07-17T11:29:12.261294
combat,bd6t5307533,,failed,0,0,,http_manifest,known,403,manifest,"Client error '403 ' for url 'https://openapiproext.bnf.fr/iiif/presentation/v3/ark:/12148/bd6t5307533/manifest.json'
For more information check: https://developer.mozilla.org/en-US/docs/Web/HTTP/Status/403",2026-07-17T11:29:13.500282
combat,bd6t530754f,,failed,0,0,,http_manifest,known,403,manifest,"Client error '403 ' for url 'https://openapiproext.bnf.fr/iiif/presentation/v3/ark:/12148/bd6t530754f/manifest.json'
For more information check: https://developer.mozilla.org/en-US/docs/Web/HTTP/Status/403",2026-07-17T11:29:14.727386
combat,bd6t530755s,,failed,0,0,,http_manifest,known,403,manifest,"Client error '403 ' for url 'https://openapiproext.bnf.fr/iiif/presentation/v3/ark:/12148/bd6t530755s/manifest.json'
For more information check: https://developer.mozilla.org/en-US/docs/Web/HTTP/Status/403",2026-07-17T11:29:15.864306
combat,bd6t5307564,,failed,0,0,,http_manifest,known,403,manifest,"Client error '403 ' for url 'https://openapiproext.bnf.fr/iiif/presentation/v3/ark:/12148/bd6t5307564/manifest.json'
For more information check: https://developer.mozilla.org/en-US/docs/Web/HTTP/Status/403",2026-07-17T11:29:17.524739
combat,bd6t530757g,,failed,0,0,,http_manifest,known,403,manifest,"Client error '403 ' for url 'https://openapiproext.bnf.fr/iiif/presentation/v3/ark:/12148/bd6t530757g/manifest.json'
For more information check: https://developer.mozilla.org/en-US/docs/Web/HTTP/Status/403",2026-07-17T11:29:18.268672
combat,bd6t530758t,,failed,0,0,,http_manifest,known,403,manifest,"Client error '403 ' for url 'https://openapiproext.bnf.fr/iiif/presentation/v3/ark:/12148/bd6t530758t/manifest.json'
For more information check: https://developer.mozilla.org/en-US/docs/Web/HTTP/Status/403",2026-07-17T11:29:19.468158
combat,bd6t5307595,,failed,0,0,,http_manifest,known,403,manifest,"Client error '403 ' for url 'https://openapiproext.bnf.fr/iiif/presentation/v3/ark:/12148/bd6t5307595/manifest.json'
For more information check: https://developer.mozilla.org/en-US/docs/Web/HTTP/Status/403",2026-07-17T11:29:20.671404
combat,bd6t530760c,,failed,0,0,,http_manifest,known,403,manifest,"Client error '403 ' for url 'https://openapiproext.bnf.fr/iiif/presentation/v3/ark:/12148/bd6t530760c/manifest.json'
For more information check: https://developer.mozilla.org/en-US/docs/Web/HTTP/Status/403",2026-07-17T11:29:21.873271
combat,bd6t530761q,,failed,0,0,,http_manifest,known,403,manifest,"Client error '403 ' for url 'https://openapiproext.bnf.fr/iiif/presentation/v3/ark:/12148/bd6t530761q/manifest.json'
For more information check: https://developer.mozilla.org/en-US/docs/Web/HTTP/Status/403",2026-07-17T11:29:23.078306
combat,bd6t5307622,,failed,0,0,,http_manifest,known,403,manifest,"Client error '403 ' for url 'https://openapiproext.bnf.fr/iiif/presentation/v3/ark:/12148/bd6t5307622/manifest.json'
For more information check: https://developer.mozilla.org/en-US/docs/Web/HTTP/Status/403",2026-07-17T11:29:24.272567
combat,bd6t530763d,,failed,0,0,,http_manifest,known,403,manifest,"Client error '403 ' for url 'https://openapiproext.bnf.fr/iiif/presentation/v3/ark:/12148/bd6t530763d/manifest.json'
For more information check: https://developer.mozilla.org/en-US/docs/Web/HTTP/Status/403",2026-07-17T11:29:25.479572
combat,bd6t530764r,,failed,0,0,,http_manifest,known,403,manifest,"Client error '403 ' for url 'https://openapiproext.bnf.fr/iiif/presentation/v3/ark:/12148/bd6t530764r/manifest.json'
For more information check: https://developer.mozilla.org/en-US/docs/Web/HTTP/Status/403",2026-07-17T11:29:26.678105
combat,bd6t5307653,,failed,0,0,,http_manifest,known,403,manifest,"Client error '403 ' for url 'https://openapiproext.bnf.fr/iiif/presentation/v3/ark:/12148/bd6t5307653/manifest.json'
For more information check: https://developer.mozilla.org/en-US/docs/Web/HTTP/Status/403",2026-07-17T11:29:27.880118
combat,bd6t530766f,,failed,0,0,,http_manifest,known,403,manifest,"Client error '403 ' for url 'https://openapiproext.bnf.fr/iiif/presentation/v3/ark:/12148/bd6t530766f/manifest.json'
For more information check: https://developer.mozilla.org/en-US/docs/Web/HTTP/Status/403",2026-07-17T11:29:29.104576
combat,bd6t530767s,,failed,0,0,,http_manifest,known,403,manifest,"Client error '403 ' for url 'https://openapiproext.bnf.fr/iiif/presentation/v3/ark:/12148/bd6t530767s/manifest.json'
For more information check: https://developer.mozilla.org/en-US/docs/Web/HTTP/Status/403",2026-07-17T11:29:30.281576
combat,bd6t5307684,,failed,0,0,,http_manifest,known,403,manifest,"Client error '403 ' for url 'https://openapiproext.bnf.fr/iiif/presentation/v3/ark:/12148/bd6t5307684/manifest.json'
For more information check: https://developer.mozilla.org/en-US/docs/Web/HTTP/Status/403",2026-07-17T11:29:31.491957
combat,bd6t530769g,,failed,0,0,,http_manifest,known,403,manifest,"Client error '403 ' for url 'https://openapiproext.bnf.fr/iiif/presentation/v3/ark:/12148/bd6t530769g/manifest.json'
For more information check: https://developer.mozilla.org/en-US/docs/Web/HTTP/Status/403",2026-07-17T11:29:32.689220
combat,bd6t530770p,,failed,0,0,,http_manifest,known,403,manifest,"Client error '403 ' for url 'https://openapiproext.bnf.fr/iiif/presentation/v3/ark:/12148/bd6t530770p/manifest.json'
For more information check: https://developer.mozilla.org/en-US/docs/Web/HTTP/Status/403",2026-07-17T11:29:33.888200
combat,bd6t5307711,,failed,0,0,,http_manifest,known,403,manifest,"Client error '403 ' for url 'https://openapiproext.bnf.fr/iiif/presentation/v3/ark:/12148/bd6t5307711/manifest.json'
For more information check: https://developer.mozilla.org/en-US/docs/Web/HTTP/Status/403",2026-07-17T11:29:35.105163
combat,bd6t530772c,,failed,0,0,,http_manifest,known,403,manifest,"Client error '403 ' for url 'https://openapiproext.bnf.fr/iiif/presentation/v3/ark:/12148/bd6t530772c/manifest.json'
For more information check: https://developer.mozilla.org/en-US/docs/Web/HTTP/Status/403",2026-07-17T11:29:36.289085
combat,bd6t530773q,,failed,0,0,,http_manifest,known,403,manifest,"Client error '403 ' for url 'https://openapiproext.bnf.fr/iiif/presentation/v3/ark:/12148/bd6t530773q/manifest.json'
For more information check: https://developer.mozilla.org/en-US/docs/Web/HTTP/Status/403",2026-07-17T11:29:37.492928
combat,bd6t5307742,,failed,0,0,,http_manifest,known,403,manifest,"Client error '403 ' for url 'https://openapiproext.bnf.fr/iiif/presentation/v3/ark:/12148/bd6t5307742/manifest.json'
For more information check: https://developer.mozilla.org/en-US/docs/Web/HTTP/Status/403",2026-07-17T11:29:38.693374
combat,bd6t530775d,,failed,0,0,,http_manifest,known,403,manifest,"Client error '403 ' for url 'https://openapiproext.bnf.fr/iiif/presentation/v3/ark:/12148/bd6t530775d/manifest.json'
For more information check: https://developer.mozilla.org/en-US/docs/Web/HTTP/Status/403",2026-07-17T11:29:39.894706
combat,bd6t530776r,,failed,0,0,,http_manifest,known,403,manifest,"Client error '403 ' for url 'https://openapiproext.bnf.fr/iiif/presentation/v3/ark:/12148/bd6t530776r/manifest.json'
For more information check: https://developer.mozilla.org/en-US/docs/Web/HTTP/Status/403",2026-07-17T11:29:41.094306
combat,bd6t5307773,,failed,0,0,,http_manifest,known,403,manifest,"Client error '403 ' for url 'https://openapiproext.bnf.fr/iiif/presentation/v3/ark:/12148/bd6t5307773/manifest.json'
For more information check: https://developer.mozilla.org/en-US/docs/Web/HTTP/Status/403",2026-07-17T11:29:42.297449
combat,bd6t530778f,,failed,0,0,,http_manifest,known,403,manifest,"Client error '403 ' for url 'https://openapiproext.bnf.fr/iiif/presentation/v3/ark:/12148/bd6t530778f/manifest.json'
For more information check: https://developer.mozilla.org/en-US/docs/Web/HTTP/Status/403",2026-07-17T11:29:43.506142
combat,bd6t530779s,,failed,0,0,,http_manifest,known,403,manifest,"Client error '403 ' for url 'https://openapiproext.bnf.fr/iiif/presentation/v3/ark:/12148/bd6t530779s/manifest.json'
For more information check: https://developer.mozilla.org/en-US/docs/Web/HTTP/Status/403",2026-07-17T11:29:44.702491
combat,bd6t5307800,,failed,0,0,,http_manifest,known,403,manifest,"Client error '403 ' for url 'https://openapiproext.bnf.fr/iiif/presentation/v3/ark:/12148/bd6t5307800/manifest.json'
For more information check: https://developer.mozilla.org/en-US/docs/Web/HTTP/Status/403",2026-07-17T11:29:45.906034
combat,bd6t530781b,,failed,0,0,,http_manifest,known,403,manifest,"Client error '403 ' for url 'https://openapiproext.bnf.fr/iiif/presentation/v3/ark:/12148/bd6t530781b/manifest.json'
For more information check: https://developer.mozilla.org/en-US/docs/Web/HTTP/Status/403",2026-07-17T11:29:47.138502
combat,bd6t530782p,,failed,0,0,,http_manifest,known,403,manifest,"Client error '403 ' for url 'https://openapiproext.bnf.fr/iiif/presentation/v3/ark:/12148/bd6t530782p/manifest.json'
For more information check: https://developer.mozilla.org/en-US/docs/Web/HTTP/Status/403",2026-07-17T11:29:48.308344
combat,bd6t5307831,,failed,0,0,,http_manifest,known,403,manifest,"Client error '403 ' for url 'https://openapiproext.bnf.fr/iiif/presentation/v3/ark:/12148/bd6t5307831/manifest.json'
For more information check: https://developer.mozilla.org/en-US/docs/Web/HTTP/Status/403",2026-07-17T11:29:49.508128
combat,bd6t530784c,,failed,0,0,,http_manifest,known,403,manifest,"Client error '403 ' for url 'https://openapiproext.bnf.fr/iiif/presentation/v3/ark:/12148/bd6t530784c/manifest.json'
For more information check: https://developer.mozilla.org/en-US/docs/Web/HTTP/Status/403",2026-07-17T11:29:50.711538
combat,bd6t530785q,,failed,0,0,,http_manifest,known,403,manifest,"Client error '403 ' for url 'https://openapiproext.bnf.fr/iiif/presentation/v3/ark:/12148/bd6t530785q/manifest.json'
For more information check: https://developer.mozilla.org/en-US/docs/Web/HTTP/Status/403",2026-07-17T11:29:51.910649
combat,bd6t5307862,,failed,0,0,,http_manifest,known,403,manifest,"Client error '403 ' for url 'https://openapiproext.bnf.fr/iiif/presentation/v3/ark:/12148/bd6t5307862/manifest.json'
For more information check: https://developer.mozilla.org/en-US/docs/Web/HTTP/Status/403",2026-07-17T11:29:53.114006
combat,bd6t530787d,,failed,0,0,,http_manifest,known,403,manifest,"Client error '403 ' for url 'https://openapiproext.bnf.fr/iiif/presentation/v3/ark:/12148/bd6t530787d/manifest.json'
For more information check: https://developer.mozilla.org/en-US/docs/Web/HTTP/Status/403",2026-07-17T11:29:54.319806
combat,bd6t530788r,,failed,0,0,,http_manifest,known,403,manifest,"Client error '403 ' for url 'https://openapiproext.bnf.fr/iiif/presentation/v3/ark:/12148/bd6t530788r/manifest.json'
For more information check: https://developer.mozilla.org/en-US/docs/Web/HTTP/Status/403",2026-07-17T11:29:55.520331
combat,bd6t5307893,,failed,0,0,,http_manifest,known,403,manifest,"Client error '403 ' for url 'https://openapiproext.bnf.fr/iiif/presentation/v3/ark:/12148/bd6t5307893/manifest.json'
For more information check: https://developer.mozilla.org/en-US/docs/Web/HTTP/Status/403",2026-07-17T11:29:56.719295
combat,bd6t5307909,,failed,0,0,,http_manifest,known,403,manifest,"Client error '403 ' for url 'https://openapiproext.bnf.fr/iiif/presentation/v3/ark:/12148/bd6t5307909/manifest.json'
For more information check: https://developer.mozilla.org/en-US/docs/Web/HTTP/Status/403",2026-07-17T11:29:57.937533
combat,bd6t530791n,,failed,0,0,,http_manifest,known,403,manifest,"Client error '403 ' for url 'https://openapiproext.bnf.fr/iiif/presentation/v3/ark:/12148/bd6t530791n/manifest.json'
For more information check: https://developer.mozilla.org/en-US/docs/Web/HTTP/Status/403",2026-07-17T11:29:59.147898
combat,bd6t5307920,,failed,0,0,,http_manifest,known,403,manifest,"Client error '403 ' for url 'https://openapiproext.bnf.fr/iiif/presentation/v3/ark:/12148/bd6t5307920/manifest.json'
For more information check: https://developer.mozilla.org/en-US/docs/Web/HTTP/Status/403",2026-07-17T11:30:00.513147
combat,bd6t530793b,,failed,0,0,,http_manifest,known,403,manifest,"Client error '403 ' for url 'https://openapiproext.bnf.fr/iiif/presentation/v3/ark:/12148/bd6t530793b/manifest.json'
For more information check: https://developer.mozilla.org/en-US/docs/Web/HTTP/Status/403",2026-07-17T11:30:01.554610
combat,bd6t530794p,,failed,0,0,,http_manifest,known,403,manifest,"Client error '403 ' for url 'https://openapiproext.bnf.fr/iiif/presentation/v3/ark:/12148/bd6t530794p/manifest.json'
For more information check: https://developer.mozilla.org/en-US/docs/Web/HTTP/Status/403",2026-07-17T11:30:02.996889
combat,bd6t5307951,,failed,0,0,,http_manifest,known,403,manifest,"Client error '403 ' for url 'https://openapiproext.bnf.fr/iiif/presentation/v3/ark:/12148/bd6t5307951/manifest.json'
For more information check: https://developer.mozilla.org/en-US/docs/Web/HTTP/Status/403",2026-07-17T11:30:03.960868
combat,bd6t530797q,,failed,0,0,,http_manifest,known,403,manifest,"Client error '403 ' for url 'https://openapiproext.bnf.fr/iiif/presentation/v3/ark:/12148/bd6t530797q/manifest.json'
For more information check: https://developer.mozilla.org/en-US/docs/Web/HTTP/Status/403",2026-07-17T11:30:05.399746
combat,bd6t530796c,,failed,0,0,,http_manifest,known,403,manifest,"Client error '403 ' for url 'https://openapiproext.bnf.fr/iiif/presentation/v3/ark:/12148/bd6t530796c/manifest.json'
For more information check: https://developer.mozilla.org/en-US/docs/Web/HTTP/Status/403",2026-07-17T11:30:06.429530
combat,bd6t530799d,,failed,0,0,,http_manifest,known,403,manifest,"Client error '403 ' for url 'https://openapiproext.bnf.fr/iiif/presentation/v3/ark:/12148/bd6t530799d/manifest.json'
For more information check: https://developer.mozilla.org/en-US/docs/Web/HTTP/Status/403",2026-07-17T11:30:07.537169
combat,bd6t5307982,,failed,0,0,,http_manifest,known,403,manifest,"Client error '403 ' for url 'https://openapiproext.bnf.fr/iiif/presentation/v3/ark:/12148/bd6t5307982/manifest.json'
For more information check: https://developer.mozilla.org/en-US/docs/Web/HTTP/Status/403",2026-07-17T11:30:08.902687
combat,bd6t530800s,,failed,0,0,,http_manifest,known,403,manifest,"Client error '403 ' for url 'https://openapiproext.bnf.fr/iiif/presentation/v3/ark:/12148/bd6t530800s/manifest.json'
For more information check: https://developer.mozilla.org/en-US/docs/Web/HTTP/Status/403",2026-07-17T11:30:09.944428
combat,bd6t5308014,,failed,0,0,,http_manifest,known,403,manifest,"Client error '403 ' for url 'https://openapiproext.bnf.fr/iiif/presentation/v3/ark:/12148/bd6t5308014/manifest.json'
For more information check: https://developer.mozilla.org/en-US/docs/Web/HTTP/Status/403",2026-07-17T11:30:11.238249
combat,bd6t530802g,,failed,0,0,,http_manifest,known,403,manifest,"Client error '403 ' for url 'https://openapiproext.bnf.fr/iiif/presentation/v3/ark:/12148/bd6t530802g/manifest.json'
For more information check: https://developer.mozilla.org/en-US/docs/Web/HTTP/Status/403",2026-07-17T11:30:12.388388
combat,bd6t530803t,,failed,0,0,,http_manifest,known,403,manifest,"Client error '403 ' for url 'https://openapiproext.bnf.fr/iiif/presentation/v3/ark:/12148/bd6t530803t/manifest.json'
For more information check: https://developer.mozilla.org/en-US/docs/Web/HTTP/Status/403",2026-07-17T11:30:13.735301
combat,bd6t5308045,,failed,0,0,,http_manifest,known,403,manifest,"Client error '403 ' for url 'https://openapiproext.bnf.fr/iiif/presentation/v3/ark:/12148/bd6t5308045/manifest.json'
For more information check: https://developer.mozilla.org/en-US/docs/Web/HTTP/Status/403",2026-07-17T11:30:14.939255
combat,bd6t530805h,,failed,0,0,,http_manifest,known,403,manifest,"Client error '403 ' for url 'https://openapiproext.bnf.fr/iiif/presentation/v3/ark:/12148/bd6t530805h/manifest.json'
For more information check: https://developer.mozilla.org/en-US/docs/Web/HTTP/Status/403",2026-07-17T11:30:15.959875
combat,bd6t530806v,,failed,0,0,,http_manifest,known,403,manifest,"Client error '403 ' for url 'https://openapiproext.bnf.fr/iiif/presentation/v3/ark:/12148/bd6t530806v/manifest.json'
For more information check: https://developer.mozilla.org/en-US/docs/Web/HTTP/Status/403",2026-07-17T11:30:17.324451
combat,bd6t5308076,,failed,0,0,,http_manifest,known,403,manifest,"Client error '403 ' for url 'https://openapiproext.bnf.fr/iiif/presentation/v3/ark:/12148/bd6t5308076/manifest.json'
For more information check: https://developer.mozilla.org/en-US/docs/Web/HTTP/Status/403",2026-07-17T11:30:18.523343
combat,bd6t530808j,,failed,0,0,,http_manifest,known,403,manifest,"Client error '403 ' for url 'https://openapiproext.bnf.fr/iiif/presentation/v3/ark:/12148/bd6t530808j/manifest.json'
For more information check: https://developer.mozilla.org/en-US/docs/Web/HTTP/Status/403",2026-07-17T11:30:19.550505
combat,bd6t533110w,,failed,0,0,,http_manifest,known,403,manifest,"Client error '403 ' for url 'https://openapiproext.bnf.fr/iiif/presentation/v3/ark:/12148/bd6t533110w/manifest.json'
For more information check: https://developer.mozilla.org/en-US/docs/Web/HTTP/Status/403",2026-07-17T11:30:20.755227
combat,bd6t5331117,,failed,0,0,,http_manifest,known,403,manifest,"Client error '403 ' for url 'https://openapiproext.bnf.fr/iiif/presentation/v3/ark:/12148/bd6t5331117/manifest.json'
For more information check: https://developer.mozilla.org/en-US/docs/Web/HTTP/Status/403",2026-07-17T11:30:21.956400
combat,bd6t533112k,,failed,0,0,,http_manifest,known,403,manifest,"Client error '403 ' for url 'https://openapiproext.bnf.fr/iiif/presentation/v3/ark:/12148/bd6t533112k/manifest.json'
For more information check: https://developer.mozilla.org/en-US/docs/Web/HTTP/Status/403",2026-07-17T11:30:23.168632
combat,bd6t533113x,,failed,0,0,,http_manifest,known,403,manifest,"Client error '403 ' for url 'https://openapiproext.bnf.fr/iiif/presentation/v3/ark:/12148/bd6t533113x/manifest.json'
For more information check: https://developer.mozilla.org/en-US/docs/Web/HTTP/Status/403",2026-07-17T11:30:24.354400
combat,bd6t5331148,,failed,0,0,,http_manifest,known,403,manifest,"Client error '403 ' for url 'https://openapiproext.bnf.fr/iiif/presentation/v3/ark:/12148/bd6t5331148/manifest.json'
For more information check: https://developer.mozilla.org/en-US/docs/Web/HTTP/Status/403",2026-07-17T11:30:25.554657
combat,bd6t533115m,,failed,0,0,,http_manifest,known,403,manifest,"Client error '403 ' for url 'https://openapiproext.bnf.fr/iiif/presentation/v3/ark:/12148/bd6t533115m/manifest.json'
For more information check: https://developer.mozilla.org/en-US/docs/Web/HTTP/Status/403",2026-07-17T11:30:26.756805
combat,bd6t533116z,,failed,0,0,,http_manifest,known,403,manifest,"Client error '403 ' for url 'https://openapiproext.bnf.fr/iiif/presentation/v3/ark:/12148/bd6t533116z/manifest.json'
For more information check: https://developer.mozilla.org/en-US/docs/Web/HTTP/Status/403",2026-07-17T11:30:27.956990
combat,bd6t5331179,,failed,0,0,,http_manifest,known,403,manifest,"Client error '403 ' for url 'https://openapiproext.bnf.fr/iiif/presentation/v3/ark:/12148/bd6t5331179/manifest.json'
For more information check: https://developer.mozilla.org/en-US/docs/Web/HTTP/Status/403",2026-07-17T11:30:29.187772
combat,bd6t533118n,,failed,0,0,,http_manifest,known,403,manifest,"Client error '403 ' for url 'https://openapiproext.bnf.fr/iiif/presentation/v3/ark:/12148/bd6t533118n/manifest.json'
For more information check: https://developer.mozilla.org/en-US/docs/Web/HTTP/Status/403",2026-07-17T11:30:30.358952
combat,bd6t5331190,,failed,0,0,,http_manifest,known,403,manifest,"Client error '403 ' for url 'https://openapiproext.bnf.fr/iiif/presentation/v3/ark:/12148/bd6t5331190/manifest.json'
For more information check: https://developer.mozilla.org/en-US/docs/Web/HTTP/Status/403",2026-07-17T11:30:31.560718
combat,bd6t5331206,,failed,0,0,,http_manifest,known,403,manifest,"Client error '403 ' for url 'https://openapiproext.bnf.fr/iiif/presentation/v3/ark:/12148/bd6t5331206/manifest.json'
For more information check: https://developer.mozilla.org/en-US/docs/Web/HTTP/Status/403",2026-07-17T11:30:32.767809
combat,bd6t533121j,,failed,0,0,,http_manifest,known,403,manifest,"Client error '403 ' for url 'https://openapiproext.bnf.fr/iiif/presentation/v3/ark:/12148/bd6t533121j/manifest.json'
For more information check: https://developer.mozilla.org/en-US/docs/Web/HTTP/Status/403",2026-07-17T11:30:33.965309
combat,bd6t533122w,,failed,0,0,,http_manifest,known,403,manifest,"Client error '403 ' for url 'https://openapiproext.bnf.fr/iiif/presentation/v3/ark:/12148/bd6t533122w/manifest.json'
For more information check: https://developer.mozilla.org/en-US/docs/Web/HTTP/Status/403",2026-07-17T11:30:35.194358
combat,bd6t5331237,,failed,0,0,,http_manifest,known,403,manifest,"Client error '403 ' for url 'https://openapiproext.bnf.fr/iiif/presentation/v3/ark:/12148/bd6t5331237/manifest.json'
For more information check: https://developer.mozilla.org/en-US/docs/Web/HTTP/Status/403",2026-07-17T11:30:36.378079
combat,bd6t533124k,,failed,0,0,,http_manifest,known,403,manifest,"Client error '403 ' for url 'https://openapiproext.bnf.fr/iiif/presentation/v3/ark:/12148/bd6t533124k/manifest.json'
For more information check: https://developer.mozilla.org/en-US/docs/Web/HTTP/Status/403",2026-07-17T11:30:37.569403
combat,bd6t533125x,,failed,0,0,,http_manifest,known,403,manifest,"Client error '403 ' for url 'https://openapiproext.bnf.fr/iiif/presentation/v3/ark:/12148/bd6t533125x/manifest.json'
For more information check: https://developer.mozilla.org/en-US/docs/Web/HTTP/Status/403",2026-07-17T11:30:38.772562
combat,bd6t5331268,,failed,0,0,,http_manifest,known,403,manifest,"Client error '403 ' for url 'https://openapiproext.bnf.fr/iiif/presentation/v3/ark:/12148/bd6t5331268/manifest.json'
For more information check: https://developer.mozilla.org/en-US/docs/Web/HTTP/Status/403",2026-07-17T11:30:39.977583
combat,bd6t533127m,,failed,0,0,,http_manifest,known,403,manifest,"Client error '403 ' for url 'https://openapiproext.bnf.fr/iiif/presentation/v3/ark:/12148/bd6t533127m/manifest.json'
For more information check: https://developer.mozilla.org/en-US/docs/Web/HTTP/Status/403",2026-07-17T11:30:41.191571
combat,bd6t533128z,,failed,0,0,,http_manifest,known,403,manifest,"Client error '403 ' for url 'https://openapiproext.bnf.fr/iiif/presentation/v3/ark:/12148/bd6t533128z/manifest.json'
For more information check: https://developer.mozilla.org/en-US/docs/Web/HTTP/Status/403",2026-07-17T11:30:42.383391
combat,bd6t5331299,,failed,0,0,,http_manifest,known,403,manifest,"Client error '403 ' for url 'https://openapiproext.bnf.fr/iiif/presentation/v3/ark:/12148/bd6t5331299/manifest.json'
For more information check: https://developer.mozilla.org/en-US/docs/Web/HTTP/Status/403",2026-07-17T11:30:43.580185
combat,bd6t533130h,,failed,0,0,,http_manifest,known,403,manifest,"Client error '403 ' for url 'https://openapiproext.bnf.fr/iiif/presentation/v3/ark:/12148/bd6t533130h/manifest.json'
For more information check: https://developer.mozilla.org/en-US/docs/Web/HTTP/Status/403",2026-07-17T11:30:44.788905
combat,bd6t533131v,,failed,0,0,,http_manifest,known,403,manifest,"Client error '403 ' for url 'https://openapiproext.bnf.fr/iiif/presentation/v3/ark:/12148/bd6t533131v/manifest.json'
For more information check: https://developer.mozilla.org/en-US/docs/Web/HTTP/Status/403",2026-07-17T11:30:45.989325
combat,bd6t5331326,,failed,0,0,,http_manifest,known,403,manifest,"Client error '403 ' for url 'https://openapiproext.bnf.fr/iiif/presentation/v3/ark:/12148/bd6t5331326/manifest.json'
For more information check: https://developer.mozilla.org/en-US/docs/Web/HTTP/Status/403",2026-07-17T11:30:47.204143
combat,bd6t533133j,,failed,0,0,,http_manifest,known,403,manifest,"Client error '403 ' for url 'https://openapiproext.bnf.fr/iiif/presentation/v3/ark:/12148/bd6t533133j/manifest.json'
For more information check: https://developer.mozilla.org/en-US/docs/Web/HTTP/Status/403",2026-07-17T11:30:48.385446
combat,bd6t533134w,,failed,0,0,,http_manifest,known,403,manifest,"Client error '403 ' for url 'https://openapiproext.bnf.fr/iiif/presentation/v3/ark:/12148/bd6t533134w/manifest.json'
For more information check: https://developer.mozilla.org/en-US/docs/Web/HTTP/Status/403",2026-07-17T11:30:49.583357
combat,bd6t5331357,,failed,0,0,,http_manifest,known,403,manifest,"Client error '403 ' for url 'https://openapiproext.bnf.fr/iiif/presentation/v3/ark:/12148/bd6t5331357/manifest.json'
For more information check: https://developer.mozilla.org/en-US/docs/Web/HTTP/Status/403",2026-07-17T11:30:50.800890
combat,bd6t533136k,,failed,0,0,,http_manifest,known,403,manifest,"Client error '403 ' for url 'https://openapiproext.bnf.fr/iiif/presentation/v3/ark:/12148/bd6t533136k/manifest.json'
For more information check: https://developer.mozilla.org/en-US/docs/Web/HTTP/Status/403",2026-07-17T11:30:51.988255
combat,bd6t533137x,,failed,0,0,,http_manifest,known,403,manifest,"Client error '403 ' for url 'https://openapiproext.bnf.fr/iiif/presentation/v3/ark:/12148/bd6t533137x/manifest.json'
For more information check: https://developer.mozilla.org/en-US/docs/Web/HTTP/Status/403",2026-07-17T11:30:53.191194
combat,bd6t5331388,,failed,0,0,,http_manifest,known,403,manifest,"Client error '403 ' for url 'https://openapiproext.bnf.fr/iiif/presentation/v3/ark:/12148/bd6t5331388/manifest.json'
For more information check: https://developer.mozilla.org/en-US/docs/Web/HTTP/Status/403",2026-07-17T11:30:54.393454
combat,bd6t533139m,,failed,0,0,,http_manifest,known,403,manifest,"Client error '403 ' for url 'https://openapiproext.bnf.fr/iiif/presentation/v3/ark:/12148/bd6t533139m/manifest.json'
For more information check: https://developer.mozilla.org/en-US/docs/Web/HTTP/Status/403",2026-07-17T11:30:55.602588
combat,bd6t533140t,,failed,0,0,,http_manifest,known,403,manifest,"Client error '403 ' for url 'https://openapiproext.bnf.fr/iiif/presentation/v3/ark:/12148/bd6t533140t/manifest.json'
For more information check: https://developer.mozilla.org/en-US/docs/Web/HTTP/Status/403",2026-07-17T11:30:56.798308
combat,bd6t5331415,,failed,0,0,,http_manifest,known,403,manifest,"Client error '403 ' for url 'https://openapiproext.bnf.fr/iiif/presentation/v3/ark:/12148/bd6t5331415/manifest.json'
For more information check: https://developer.mozilla.org/en-US/docs/Web/HTTP/Status/403",2026-07-17T11:30:58.012126
combat,bd6t533142h,,failed,0,0,,http_manifest,known,403,manifest,"Client error '403 ' for url 'https://openapiproext.bnf.fr/iiif/presentation/v3/ark:/12148/bd6t533142h/manifest.json'
For more information check: https://developer.mozilla.org/en-US/docs/Web/HTTP/Status/403",2026-07-17T11:30:59.483504
combat,bd6t533143v,,failed,0,0,,http_manifest,known,403,manifest,"Client error '403 ' for url 'https://openapiproext.bnf.fr/iiif/presentation/v3/ark:/12148/bd6t533143v/manifest.json'
For more information check: https://developer.mozilla.org/en-US/docs/Web/HTTP/Status/403",2026-07-17T11:31:00.403518
combat,bd6t5331446,,failed,0,0,,http_manifest,known,403,manifest,"Client error '403 ' for url 'https://openapiproext.bnf.fr/iiif/presentation/v3/ark:/12148/bd6t5331446/manifest.json'
For more information check: https://developer.mozilla.org/en-US/docs/Web/HTTP/Status/403",2026-07-17T11:31:01.696294
combat,bd6t533145j,,failed,0,0,,http_manifest,known,403,manifest,"Client error '403 ' for url 'https://openapiproext.bnf.fr/iiif/presentation/v3/ark:/12148/bd6t533145j/manifest.json'
For more information check: https://developer.mozilla.org/en-US/docs/Web/HTTP/Status/403",2026-07-17T11:31:02.906953
combat,bd6t533146w,,failed,0,0,,http_manifest,known,403,manifest,"Client error '403 ' for url 'https://openapiproext.bnf.fr/iiif/presentation/v3/ark:/12148/bd6t533146w/manifest.json'
For more information check: https://developer.mozilla.org/en-US/docs/Web/HTTP/Status/403",2026-07-17T11:31:04.169965
combat,bd6t5331477,,failed,0,0,,http_manifest,known,403,manifest,"Client error '403 ' for url 'https://openapiproext.bnf.fr/iiif/presentation/v3/ark:/12148/bd6t5331477/manifest.json'
For more information check: https://developer.mozilla.org/en-US/docs/Web/HTTP/Status/403",2026-07-17T11:31:05.453571
combat,bd6t533148k,,failed,0,0,,http_manifest,known,403,manifest,"Client error '403 ' for url 'https://openapiproext.bnf.fr/iiif/presentation/v3/ark:/12148/bd6t533148k/manifest.json'
For more information check: https://developer.mozilla.org/en-US/docs/Web/HTTP/Status/403",2026-07-17T11:31:06.436973
combat,bd6t533149x,,failed,0,0,,http_manifest,known,403,manifest,"Client error '403 ' for url 'https://openapiproext.bnf.fr/iiif/presentation/v3/ark:/12148/bd6t533149x/manifest.json'
For more information check: https://developer.mozilla.org/en-US/docs/Web/HTTP/Status/403",2026-07-17T11:31:07.616890
combat,bd6t5331504,,failed,0,0,,http_manifest,known,403,manifest,"Client error '403 ' for url 'https://openapiproext.bnf.fr/iiif/presentation/v3/ark:/12148/bd6t5331504/manifest.json'
For more information check: https://developer.mozilla.org/en-US/docs/Web/HTTP/Status/403",2026-07-17T11:31:08.972017
combat,bd6t533151g,,failed,0,0,,http_manifest,known,403,manifest,"Client error '403 ' for url 'https://openapiproext.bnf.fr/iiif/presentation/v3/ark:/12148/bd6t533151g/manifest.json'
For more information check: https://developer.mozilla.org/en-US/docs/Web/HTTP/Status/403",2026-07-17T11:31:10.029169
combat,bd6t533152t,,failed,0,0,,http_manifest,known,403,manifest,"Client error '403 ' for url 'https://openapiproext.bnf.fr/iiif/presentation/v3/ark:/12148/bd6t533152t/manifest.json'
For more information check: https://developer.mozilla.org/en-US/docs/Web/HTTP/Status/403",2026-07-17T11:31:11.517900
combat,bd6t5331535,,failed,0,0,,http_manifest,known,403,manifest,"Client error '403 ' for url 'https://openapiproext.bnf.fr/iiif/presentation/v3/ark:/12148/bd6t5331535/manifest.json'
For more information check: https://developer.mozilla.org/en-US/docs/Web/HTTP/Status/403",2026-07-17T11:31:12.430744
combat,bd6t533154h,,failed,0,0,,http_manifest,known,403,manifest,"Client error '403 ' for url 'https://openapiproext.bnf.fr/iiif/presentation/v3/ark:/12148/bd6t533154h/manifest.json'
For more information check: https://developer.mozilla.org/en-US/docs/Web/HTTP/Status/403",2026-07-17T11:31:13.751419
combat,bd6t533155v,,failed,0,0,,http_manifest,known,403,manifest,"Client error '403 ' for url 'https://openapiproext.bnf.fr/iiif/presentation/v3/ark:/12148/bd6t533155v/manifest.json'
For more information check: https://developer.mozilla.org/en-US/docs/Web/HTTP/Status/403",2026-07-17T11:31:15.067993
combat,bd6t5331566,,failed,0,0,,http_manifest,known,403,manifest,"Client error '403 ' for url 'https://openapiproext.bnf.fr/iiif/presentation/v3/ark:/12148/bd6t5331566/manifest.json'
For more information check: https://developer.mozilla.org/en-US/docs/Web/HTTP/Status/403",2026-07-17T11:31:16.056677
combat,bd6t533157j,,failed,0,0,,http_manifest,known,403,manifest,"Client error '403 ' for url 'https://openapiproext.bnf.fr/iiif/presentation/v3/ark:/12148/bd6t533157j/manifest.json'
For more information check: https://developer.mozilla.org/en-US/docs/Web/HTTP/Status/403",2026-07-17T11:31:17.252564
combat,bd6t533158w,,failed,0,0,,http_manifest,known,403,manifest,"Client error '403 ' for url 'https://openapiproext.bnf.fr/iiif/presentation/v3/ark:/12148/bd6t533158w/manifest.json'
For more information check: https://developer.mozilla.org/en-US/docs/Web/HTTP/Status/403",2026-07-17T11:31:18.429639
combat,bd6t5331597,,failed,0,0,,http_manifest,known,403,manifest,"Client error '403 ' for url 'https://openapiproext.bnf.fr/iiif/presentation/v3/ark:/12148/bd6t5331597/manifest.json'
For more information check: https://developer.mozilla.org/en-US/docs/Web/HTTP/Status/403",2026-07-17T11:31:19.632093
combat,bd6t533160f,,failed,0,0,,http_manifest,known,403,manifest,"Client error '403 ' for url 'https://openapiproext.bnf.fr/iiif/presentation/v3/ark:/12148/bd6t533160f/manifest.json'
For more information check: https://developer.mozilla.org/en-US/docs/Web/HTTP/Status/403",2026-07-17T11:31:20.829849
combat,bd6t533161s,,failed,0,0,,http_manifest,known,403,manifest,"Client error '403 ' for url 'https://openapiproext.bnf.fr/iiif/presentation/v3/ark:/12148/bd6t533161s/manifest.json'
For more information check: https://developer.mozilla.org/en-US/docs/Web/HTTP/Status/403",2026-07-17T11:31:22.027833
combat,bd6t5331624,,failed,0,0,,http_manifest,known,403,manifest,"Client error '403 ' for url 'https://openapiproext.bnf.fr/iiif/presentation/v3/ark:/12148/bd6t5331624/manifest.json'
For more information check: https://developer.mozilla.org/en-US/docs/Web/HTTP/Status/403",2026-07-17T11:31:23.261059
combat,bd6t533163g,,failed,0,0,,http_manifest,known,403,manifest,"Client error '403 ' for url 'https://openapiproext.bnf.fr/iiif/presentation/v3/ark:/12148/bd6t533163g/manifest.json'
For more information check: https://developer.mozilla.org/en-US/docs/Web/HTTP/Status/403",2026-07-17T11:31:24.453342
combat,bd6t533164t,,failed,0,0,,http_manifest,known,403,manifest,"Client error '403 ' for url 'https://openapiproext.bnf.fr/iiif/presentation/v3/ark:/12148/bd6t533164t/manifest.json'
For more information check: https://developer.mozilla.org/en-US/docs/Web/HTTP/Status/403",2026-07-17T11:31:25.632864
combat,bd6t5331655,,failed,0,0,,http_manifest,known,403,manifest,"Client error '403 ' for url 'https://openapiproext.bnf.fr/iiif/presentation/v3/ark:/12148/bd6t5331655/manifest.json'
For more information check: https://developer.mozilla.org/en-US/docs/Web/HTTP/Status/403",2026-07-17T11:31:26.835720
combat,bd6t533166h,,failed,0,0,,http_manifest,known,403,manifest,"Client error '403 ' for url 'https://openapiproext.bnf.fr/iiif/presentation/v3/ark:/12148/bd6t533166h/manifest.json'
For more information check: https://developer.mozilla.org/en-US/docs/Web/HTTP/Status/403",2026-07-17T11:31:28.045358
combat,bd6t533167v,,failed,0,0,,http_manifest,known,403,manifest,"Client error '403 ' for url 'https://openapiproext.bnf.fr/iiif/presentation/v3/ark:/12148/bd6t533167v/manifest.json'
For more information check: https://developer.mozilla.org/en-US/docs/Web/HTTP/Status/403",2026-07-17T11:31:29.262014
combat,bd6t5331686,,failed,0,0,,http_manifest,known,403,manifest,"Client error '403 ' for url 'https://openapiproext.bnf.fr/iiif/presentation/v3/ark:/12148/bd6t5331686/manifest.json'
For more information check: https://developer.mozilla.org/en-US/docs/Web/HTTP/Status/403",2026-07-17T11:31:30.440339
combat,bd6t533169j,,failed,0,0,,http_manifest,known,403,manifest,"Client error '403 ' for url 'https://openapiproext.bnf.fr/iiif/presentation/v3/ark:/12148/bd6t533169j/manifest.json'
For more information check: https://developer.mozilla.org/en-US/docs/Web/HTTP/Status/403",2026-07-17T11:31:31.637841
combat,bd6t533170r,,failed,0,0,,http_manifest,known,403,manifest,"Client error '403 ' for url 'https://openapiproext.bnf.fr/iiif/presentation/v3/ark:/12148/bd6t533170r/manifest.json'
For more information check: https://developer.mozilla.org/en-US/docs/Web/HTTP/Status/403",2026-07-17T11:31:32.839075
combat,bd6t5331713,,failed,0,0,,http_manifest,known,403,manifest,"Client error '403 ' for url 'https://openapiproext.bnf.fr/iiif/presentation/v3/ark:/12148/bd6t5331713/manifest.json'
For more information check: https://developer.mozilla.org/en-US/docs/Web/HTTP/Status/403",2026-07-17T11:31:34.044101
combat,bd6t533172f,,failed,0,0,,http_manifest,known,403,manifest,"Client error '403 ' for url 'https://openapiproext.bnf.fr/iiif/presentation/v3/ark:/12148/bd6t533172f/manifest.json'
For more information check: https://developer.mozilla.org/en-US/docs/Web/HTTP/Status/403",2026-07-17T11:31:35.263442
combat,bd6t533173s,,failed,0,0,,http_manifest,known,403,manifest,"Client error '403 ' for url 'https://openapiproext.bnf.fr/iiif/presentation/v3/ark:/12148/bd6t533173s/manifest.json'
For more information check: https://developer.mozilla.org/en-US/docs/Web/HTTP/Status/403",2026-07-17T11:31:36.454543
combat,bd6t5331744,,failed,0,0,,http_manifest,known,403,manifest,"Client error '403 ' for url 'https://openapiproext.bnf.fr/iiif/presentation/v3/ark:/12148/bd6t5331744/manifest.json'
For more information check: https://developer.mozilla.org/en-US/docs/Web/HTTP/Status/403",2026-07-17T11:31:37.647367
combat,bd6t533175g,,failed,0,0,,http_manifest,known,403,manifest,"Client error '403 ' for url 'https://openapiproext.bnf.fr/iiif/presentation/v3/ark:/12148/bd6t533175g/manifest.json'
For more information check: https://developer.mozilla.org/en-US/docs/Web/HTTP/Status/403",2026-07-17T11:31:38.862001
combat,bd6t533176t,,failed,0,0,,http_manifest,known,403,manifest,"Client error '403 ' for url 'https://openapiproext.bnf.fr/iiif/presentation/v3/ark:/12148/bd6t533176t/manifest.json'
For more information check: https://developer.mozilla.org/en-US/docs/Web/HTTP/Status/403",2026-07-17T11:31:40.057246
combat,bd6t5331775,,failed,0,0,,http_manifest,known,403,manifest,"Client error '403 ' for url 'https://openapiproext.bnf.fr/iiif/presentation/v3/ark:/12148/bd6t5331775/manifest.json'
For more information check: https://developer.mozilla.org/en-US/docs/Web/HTTP/Status/403",2026-07-17T11:31:41.262308
combat,bd6t533178h,,failed,0,0,,http_manifest,known,403,manifest,"Client error '403 ' for url 'https://openapiproext.bnf.fr/iiif/presentation/v3/ark:/12148/bd6t533178h/manifest.json'
For more information check: https://developer.mozilla.org/en-US/docs/Web/HTTP/Status/403",2026-07-17T11:31:42.456082
combat,bd6t533179v,,failed,0,0,,http_manifest,known,403,manifest,"Client error '403 ' for url 'https://openapiproext.bnf.fr/iiif/presentation/v3/ark:/12148/bd6t533179v/manifest.json'
For more information check: https://developer.mozilla.org/en-US/docs/Web/HTTP/Status/403",2026-07-17T11:31:43.725727
combat,bd6t5331802,,failed,0,0,,http_manifest,known,403,manifest,"Client error '403 ' for url 'https://openapiproext.bnf.fr/iiif/presentation/v3/ark:/12148/bd6t5331802/manifest.json'
For more information check: https://developer.mozilla.org/en-US/docs/Web/HTTP/Status/403",2026-07-17T11:31:44.860645
combat,bd6t533181d,,failed,0,0,,http_manifest,known,403,manifest,"Client error '403 ' for url 'https://openapiproext.bnf.fr/iiif/presentation/v3/ark:/12148/bd6t533181d/manifest.json'
For more information check: https://developer.mozilla.org/en-US/docs/Web/HTTP/Status/403",2026-07-17T11:31:46.064076
combat,bd6t533182r,,failed,0,0,,http_manifest,known,403,manifest,"Client error '403 ' for url 'https://openapiproext.bnf.fr/iiif/presentation/v3/ark:/12148/bd6t533182r/manifest.json'
For more information check: https://developer.mozilla.org/en-US/docs/Web/HTTP/Status/403",2026-07-17T11:31:47.301394
combat,bd6t5331833,,failed,0,0,,http_manifest,known,403,manifest,"Client error '403 ' for url 'https://openapiproext.bnf.fr/iiif/presentation/v3/ark:/12148/bd6t5331833/manifest.json'
For more information check: https://developer.mozilla.org/en-US/docs/Web/HTTP/Status/403",2026-07-17T11:31:48.472258
combat,bd6t533184f,,failed,0,0,,http_manifest,known,403,manifest,"Client error '403 ' for url 'https://openapiproext.bnf.fr/iiif/presentation/v3/ark:/12148/bd6t533184f/manifest.json'
For more information check: https://developer.mozilla.org/en-US/docs/Web/HTTP/Status/403",2026-07-17T11:31:49.666524
combat,bd6t533185s,,failed,0,0,,http_manifest,known,403,manifest,"Client error '403 ' for url 'https://openapiproext.bnf.fr/iiif/presentation/v3/ark:/12148/bd6t533185s/manifest.json'
For more information check: https://developer.mozilla.org/en-US/docs/Web/HTTP/Status/403",2026-07-17T11:31:50.884744
combat,bd6t5331864,,failed,0,0,,http_manifest,known,403,manifest,"Client error '403 ' for url 'https://openapiproext.bnf.fr/iiif/presentation/v3/ark:/12148/bd6t5331864/manifest.json'
For more information check: https://developer.mozilla.org/en-US/docs/Web/HTTP/Status/403",2026-07-17T11:31:52.067898
combat,bd6t533187g,,failed,0,0,,http_manifest,known,403,manifest,"Client error '403 ' for url 'https://openapiproext.bnf.fr/iiif/presentation/v3/ark:/12148/bd6t533187g/manifest.json'
For more information check: https://developer.mozilla.org/en-US/docs/Web/HTTP/Status/403",2026-07-17T11:31:53.277854
combat,bd6t530162d,,failed,0,0,,http_manifest,known,403,manifest,"Client error '403 ' for url 'https://openapiproext.bnf.fr/iiif/presentation/v3/ark:/12148/bd6t530162d/manifest.json'
For more information check: https://developer.mozilla.org/en-US/docs/Web/HTTP/Status/403",2026-07-17T11:31:54.478561
combat,bd6t530163r,,failed,0,0,,http_manifest,known,403,manifest,"Client error '403 ' for url 'https://openapiproext.bnf.fr/iiif/presentation/v3/ark:/12148/bd6t530163r/manifest.json'
For more information check: https://developer.mozilla.org/en-US/docs/Web/HTTP/Status/403",2026-07-17T11:31:55.679530
combat,bd6t5301643,,failed,0,0,,http_manifest,known,403,manifest,"Client error '403 ' for url 'https://openapiproext.bnf.fr/iiif/presentation/v3/ark:/12148/bd6t5301643/manifest.json'
For more information check: https://developer.mozilla.org/en-US/docs/Web/HTTP/Status/403",2026-07-17T11:31:56.876653
combat,bd6t530165f,,failed,0,0,,http_manifest,known,403,manifest,"Client error '403 ' for url 'https://openapiproext.bnf.fr/iiif/presentation/v3/ark:/12148/bd6t530165f/manifest.json'
For more information check: https://developer.mozilla.org/en-US/docs/Web/HTTP/Status/403",2026-07-17T11:31:58.080678
combat,bd6t530166s,,failed,0,0,,http_manifest,known,403,manifest,"Client error '403 ' for url 'https://openapiproext.bnf.fr/iiif/presentation/v3/ark:/12148/bd6t530166s/manifest.json'
For more information check: https://developer.mozilla.org/en-US/docs/Web/HTTP/Status/403",2026-07-17T11:31:59.395366
combat,bd6t5301674,,failed,0,0,,http_manifest,known,403,manifest,"Client error '403 ' for url 'https://openapiproext.bnf.fr/iiif/presentation/v3/ark:/12148/bd6t5301674/manifest.json'
For more information check: https://developer.mozilla.org/en-US/docs/Web/HTTP/Status/403",2026-07-17T11:32:00.485935
combat,bd6t530168g,,failed,0,0,,http_manifest,known,403,manifest,"Client error '403 ' for url 'https://openapiproext.bnf.fr/iiif/presentation/v3/ark:/12148/bd6t530168g/manifest.json'
For more information check: https://developer.mozilla.org/en-US/docs/Web/HTTP/Status/403",2026-07-17T11:32:01.762193
combat,bd6t530169t,,failed,0,0,,http_manifest,known,403,manifest,"Client error '403 ' for url 'https://openapiproext.bnf.fr/iiif/presentation/v3/ark:/12148/bd6t530169t/manifest.json'
For more information check: https://developer.mozilla.org/en-US/docs/Web/HTTP/Status/403",2026-07-17T11:32:02.891387
combat,bd6t5301701,,failed,0,0,,http_manifest,known,403,manifest,"Client error '403 ' for url 'https://openapiproext.bnf.fr/iiif/presentation/v3/ark:/12148/bd6t5301701/manifest.json'
For more information check: https://developer.mozilla.org/en-US/docs/Web/HTTP/Status/403",2026-07-17T11:32:04.128240
combat,bd6t530171c,,failed,0,0,,http_manifest,known,403,manifest,"Client error '403 ' for url 'https://openapiproext.bnf.fr/iiif/presentation/v3/ark:/12148/bd6t530171c/manifest.json'
For more information check: https://developer.mozilla.org/en-US/docs/Web/HTTP/Status/403",2026-07-17T11:32:05.479936
combat,bd6t530172q,,failed,0,0,,http_manifest,known,403,manifest,"Client error '403 ' for url 'https://openapiproext.bnf.fr/iiif/presentation/v3/ark:/12148/bd6t530172q/manifest.json'
For more information check: https://developer.mozilla.org/en-US/docs/Web/HTTP/Status/403",2026-07-17T11:32:06.716403
combat,bd6t5301732,,failed,0,0,,http_manifest,known,403,manifest,"Client error '403 ' for url 'https://openapiproext.bnf.fr/iiif/presentation/v3/ark:/12148/bd6t5301732/manifest.json'
For more information check: https://developer.mozilla.org/en-US/docs/Web/HTTP/Status/403",2026-07-17T11:32:07.696471
combat,bd6t530174d,,failed,0,0,,http_manifest,known,403,manifest,"Client error '403 ' for url 'https://openapiproext.bnf.fr/iiif/presentation/v3/ark:/12148/bd6t530174d/manifest.json'
For more information check: https://developer.mozilla.org/en-US/docs/Web/HTTP/Status/403",2026-07-17T11:32:08.911214
combat,bd6t530175r,,failed,0,0,,http_manifest,known,403,manifest,"Client error '403 ' for url 'https://openapiproext.bnf.fr/iiif/presentation/v3/ark:/12148/bd6t530175r/manifest.json'
For more information check: https://developer.mozilla.org/en-US/docs/Web/HTTP/Status/403",2026-07-17T11:32:10.215917
combat,bd6t5301763,,failed,0,0,,http_manifest,known,403,manifest,"Client error '403 ' for url 'https://openapiproext.bnf.fr/iiif/presentation/v3/ark:/12148/bd6t5301763/manifest.json'
For more information check: https://developer.mozilla.org/en-US/docs/Web/HTTP/Status/403",2026-07-17T11:32:11.318180
combat,bd6t530177f,,failed,0,0,,http_manifest,known,403,manifest,"Client error '403 ' for url 'https://openapiproext.bnf.fr/iiif/presentation/v3/ark:/12148/bd6t530177f/manifest.json'
For more information check: https://developer.mozilla.org/en-US/docs/Web/HTTP/Status/403",2026-07-17T11:32:12.547949
combat,bd6t530178s,,failed,0,0,,http_manifest,known,403,manifest,"Client error '403 ' for url 'https://openapiproext.bnf.fr/iiif/presentation/v3/ark:/12148/bd6t530178s/manifest.json'
For more information check: https://developer.mozilla.org/en-US/docs/Web/HTTP/Status/403",2026-07-17T11:32:13.708369
combat,bd6t5301794,,failed,0,0,,http_manifest,known,403,manifest,"Client error '403 ' for url 'https://openapiproext.bnf.fr/iiif/presentation/v3/ark:/12148/bd6t5301794/manifest.json'
For more information check: https://developer.mozilla.org/en-US/docs/Web/HTTP/Status/403",2026-07-17T11:32:14.906504
combat,bd6t530180b,,failed,0,0,,http_manifest,known,403,manifest,"Client error '403 ' for url 'https://openapiproext.bnf.fr/iiif/presentation/v3/ark:/12148/bd6t530180b/manifest.json'
For more information check: https://developer.mozilla.org/en-US/docs/Web/HTTP/Status/403",2026-07-17T11:32:16.118855
combat,bd6t530181p,,failed,0,0,,http_manifest,known,403,manifest,"Client error '403 ' for url 'https://openapiproext.bnf.fr/iiif/presentation/v3/ark:/12148/bd6t530181p/manifest.json'
For more information check: https://developer.mozilla.org/en-US/docs/Web/HTTP/Status/403",2026-07-17T11:32:17.309113
combat,bd6t5301821,,failed,0,0,,http_manifest,known,403,manifest,"Client error '403 ' for url 'https://openapiproext.bnf.fr/iiif/presentation/v3/ark:/12148/bd6t5301821/manifest.json'
For more information check: https://developer.mozilla.org/en-US/docs/Web/HTTP/Status/403",2026-07-17T11:32:18.514506
combat,bd6t530183c,,failed,0,0,,http_manifest,known,403,manifest,"Client error '403 ' for url 'https://openapiproext.bnf.fr/iiif/presentation/v3/ark:/12148/bd6t530183c/manifest.json'
For more information check: https://developer.mozilla.org/en-US/docs/Web/HTTP/Status/403",2026-07-17T11:32:19.714372
combat,bd6t530184q,,failed,0,0,,http_manifest,known,403,manifest,"Client error '403 ' for url 'https://openapiproext.bnf.fr/iiif/presentation/v3/ark:/12148/bd6t530184q/manifest.json'
For more information check: https://developer.mozilla.org/en-US/docs/Web/HTTP/Status/403",2026-07-17T11:32:20.917420
combat,bd6t5301852,,failed,0,0,,http_manifest,known,403,manifest,"Client error '403 ' for url 'https://openapiproext.bnf.fr/iiif/presentation/v3/ark:/12148/bd6t5301852/manifest.json'
For more information check: https://developer.mozilla.org/en-US/docs/Web/HTTP/Status/403",2026-07-17T11:32:22.123862
combat,bd6t530186d,,failed,0,0,,http_manifest,known,403,manifest,"Client error '403 ' for url 'https://openapiproext.bnf.fr/iiif/presentation/v3/ark:/12148/bd6t530186d/manifest.json'
For more information check: https://developer.mozilla.org/en-US/docs/Web/HTTP/Status/403",2026-07-17T11:32:23.320826
combat,bd6t530187r,,failed,0,0,,http_manifest,known,403,manifest,"Client error '403 ' for url 'https://openapiproext.bnf.fr/iiif/presentation/v3/ark:/12148/bd6t530187r/manifest.json'
For more information check: https://developer.mozilla.org/en-US/docs/Web/HTTP/Status/403",2026-07-17T11:32:24.542139
combat,bd6t5301883,,failed,0,0,,http_manifest,known,403,manifest,"Client error '403 ' for url 'https://openapiproext.bnf.fr/iiif/presentation/v3/ark:/12148/bd6t5301883/manifest.json'
For more information check: https://developer.mozilla.org/en-US/docs/Web/HTTP/Status/403",2026-07-17T11:32:25.722232
combat,bd6t530189f,,failed,0,0,,http_manifest,known,403,manifest,"Client error '403 ' for url 'https://openapiproext.bnf.fr/iiif/presentation/v3/ark:/12148/bd6t530189f/manifest.json'
For more information check: https://developer.mozilla.org/en-US/docs/Web/HTTP/Status/403",2026-07-17T11:32:26.924628
combat,bd6t530190n,,failed,0,0,,http_manifest,known,403,manifest,"Client error '403 ' for url 'https://openapiproext.bnf.fr/iiif/presentation/v3/ark:/12148/bd6t530190n/manifest.json'
For more information check: https://developer.mozilla.org/en-US/docs/Web/HTTP/Status/403",2026-07-17T11:32:28.125577
combat,bd6t5301910,,failed,0,0,,http_manifest,known,403,manifest,"Client error '403 ' for url 'https://openapiproext.bnf.fr/iiif/presentation/v3/ark:/12148/bd6t5301910/manifest.json'
For more information check: https://developer.mozilla.org/en-US/docs/Web/HTTP/Status/403",2026-07-17T11:32:29.324594
combat,bd6t530192b,,failed,0,0,,http_manifest,known,403,manifest,"Client error '403 ' for url 'https://openapiproext.bnf.fr/iiif/presentation/v3/ark:/12148/bd6t530192b/manifest.json'
For more information check: https://developer.mozilla.org/en-US/docs/Web/HTTP/Status/403",2026-07-17T11:32:30.534606
combat,bd6t530193p,,failed,0,0,,http_manifest,known,403,manifest,"Client error '403 ' for url 'https://openapiproext.bnf.fr/iiif/presentation/v3/ark:/12148/bd6t530193p/manifest.json'
For more information check: https://developer.mozilla.org/en-US/docs/Web/HTTP/Status/403",2026-07-17T11:32:31.728619
combat,bd6t5301941,,failed,0,0,,http_manifest,known,403,manifest,"Client error '403 ' for url 'https://openapiproext.bnf.fr/iiif/presentation/v3/ark:/12148/bd6t5301941/manifest.json'
For more information check: https://developer.mozilla.org/en-US/docs/Web/HTTP/Status/403",2026-07-17T11:32:32.932596
combat,bd6t530195c,,failed,0,0,,http_manifest,known,403,manifest,"Client error '403 ' for url 'https://openapiproext.bnf.fr/iiif/presentation/v3/ark:/12148/bd6t530195c/manifest.json'
For more information check: https://developer.mozilla.org/en-US/docs/Web/HTTP/Status/403",2026-07-17T11:32:34.130541
combat,bd6t530196q,,failed,0,0,,http_manifest,known,403,manifest,"Client error '403 ' for url 'https://openapiproext.bnf.fr/iiif/presentation/v3/ark:/12148/bd6t530196q/manifest.json'
For more information check: https://developer.mozilla.org/en-US/docs/Web/HTTP/Status/403",2026-07-17T11:32:35.331848
combat,bd6t5301972,,failed,0,0,,http_manifest,known,403,manifest,"Client error '403 ' for url 'https://openapiproext.bnf.fr/iiif/presentation/v3/ark:/12148/bd6t5301972/manifest.json'
For more information check: https://developer.mozilla.org/en-US/docs/Web/HTTP/Status/403",2026-07-17T11:32:36.558733
combat,bd6t530198d,,failed,0,0,,http_manifest,known,403,manifest,"Client error '403 ' for url 'https://openapiproext.bnf.fr/iiif/presentation/v3/ark:/12148/bd6t530198d/manifest.json'
For more information check: https://developer.mozilla.org/en-US/docs/Web/HTTP/Status/403",2026-07-17T11:32:37.733585
combat,bd6t530199r,,failed,0,0,,http_manifest,known,403,manifest,"Client error '403 ' for url 'https://openapiproext.bnf.fr/iiif/presentation/v3/ark:/12148/bd6t530199r/manifest.json'
For more information check: https://developer.mozilla.org/en-US/docs/Web/HTTP/Status/403",2026-07-17T11:32:38.940014
combat,bd6t5302004,,failed,0,0,,http_manifest,known,403,manifest,"Client error '403 ' for url 'https://openapiproext.bnf.fr/iiif/presentation/v3/ark:/12148/bd6t5302004/manifest.json'
For more information check: https://developer.mozilla.org/en-US/docs/Web/HTTP/Status/403",2026-07-17T11:32:40.140276
combat,bd6t530201g,,failed,0,0,,http_manifest,known,403,manifest,"Client error '403 ' for url 'https://openapiproext.bnf.fr/iiif/presentation/v3/ark:/12148/bd6t530201g/manifest.json'
For more information check: https://developer.mozilla.org/en-US/docs/Web/HTTP/Status/403",2026-07-17T11:32:41.340577
combat,bd6t530202t,,failed,0,0,,http_manifest,known,403,manifest,"Client error '403 ' for url 'https://openapiproext.bnf.fr/iiif/presentation/v3/ark:/12148/bd6t530202t/manifest.json'
For more information check: https://developer.mozilla.org/en-US/docs/Web/HTTP/Status/403",2026-07-17T11:32:42.579305
combat,bd6t5302035,,failed,0,0,,http_manifest,known,403,manifest,"Client error '403 ' for url 'https://openapiproext.bnf.fr/iiif/presentation/v3/ark:/12148/bd6t5302035/manifest.json'
For more information check: https://developer.mozilla.org/en-US/docs/Web/HTTP/Status/403",2026-07-17T11:32:43.744720
combat,bd6t530204h,,failed,0,0,,http_manifest,known,403,manifest,"Client error '403 ' for url 'https://openapiproext.bnf.fr/iiif/presentation/v3/ark:/12148/bd6t530204h/manifest.json'
For more information check: https://developer.mozilla.org/en-US/docs/Web/HTTP/Status/403",2026-07-17T11:32:44.948121
combat,bd6t530205v,,failed,0,0,,http_manifest,known,403,manifest,"Client error '403 ' for url 'https://openapiproext.bnf.fr/iiif/presentation/v3/ark:/12148/bd6t530205v/manifest.json'
For more information check: https://developer.mozilla.org/en-US/docs/Web/HTTP/Status/403",2026-07-17T11:32:46.151015
combat,bd6t5302066,,failed,0,0,,http_manifest,known,403,manifest,"Client error '403 ' for url 'https://openapiproext.bnf.fr/iiif/presentation/v3/ark:/12148/bd6t5302066/manifest.json'
For more information check: https://developer.mozilla.org/en-US/docs/Web/HTTP/Status/403",2026-07-17T11:32:47.353741
combat,bd6t530207j,,failed,0,0,,http_manifest,known,403,manifest,"Client error '403 ' for url 'https://openapiproext.bnf.fr/iiif/presentation/v3/ark:/12148/bd6t530207j/manifest.json'
For more information check: https://developer.mozilla.org/en-US/docs/Web/HTTP/Status/403",2026-07-17T11:32:48.552309
combat,bd6t530208w,,failed,0,0,,http_manifest,known,403,manifest,"Client error '403 ' for url 'https://openapiproext.bnf.fr/iiif/presentation/v3/ark:/12148/bd6t530208w/manifest.json'
For more information check: https://developer.mozilla.org/en-US/docs/Web/HTTP/Status/403",2026-07-17T11:32:49.759439
combat,bd6t5302097,,failed,0,0,,http_manifest,known,403,manifest,"Client error '403 ' for url 'https://openapiproext.bnf.fr/iiif/presentation/v3/ark:/12148/bd6t5302097/manifest.json'
For more information check: https://developer.mozilla.org/en-US/docs/Web/HTTP/Status/403",2026-07-17T11:32:50.963420
combat,bd6t530210f,,failed,0,0,,http_manifest,known,403,manifest,"Client error '403 ' for url 'https://openapiproext.bnf.fr/iiif/presentation/v3/ark:/12148/bd6t530210f/manifest.json'
For more information check: https://developer.mozilla.org/en-US/docs/Web/HTTP/Status/403",2026-07-17T11:32:52.156005
combat,bd6t530211s,,failed,0,0,,http_manifest,known,403,manifest,"Client error '403 ' for url 'https://openapiproext.bnf.fr/iiif/presentation/v3/ark:/12148/bd6t530211s/manifest.json'
For more information check: https://developer.mozilla.org/en-US/docs/Web/HTTP/Status/403",2026-07-17T11:32:53.358390
combat,bd6t5302124,,failed,0,0,,http_manifest,known,403,manifest,"Client error '403 ' for url 'https://openapiproext.bnf.fr/iiif/presentation/v3/ark:/12148/bd6t5302124/manifest.json'
For more information check: https://developer.mozilla.org/en-US/docs/Web/HTTP/Status/403",2026-07-17T11:32:54.592429
combat,bd6t530213g,,failed,0,0,,http_manifest,known,403,manifest,"Client error '403 ' for url 'https://openapiproext.bnf.fr/iiif/presentation/v3/ark:/12148/bd6t530213g/manifest.json'
For more information check: https://developer.mozilla.org/en-US/docs/Web/HTTP/Status/403",2026-07-17T11:32:55.769367
combat,bd6t530214t,,failed,0,0,,http_manifest,known,403,manifest,"Client error '403 ' for url 'https://openapiproext.bnf.fr/iiif/presentation/v3/ark:/12148/bd6t530214t/manifest.json'
For more information check: https://developer.mozilla.org/en-US/docs/Web/HTTP/Status/403",2026-07-17T11:32:56.961654
combat,bd6t5302155,,failed,0,0,,http_manifest,known,403,manifest,"Client error '403 ' for url 'https://openapiproext.bnf.fr/iiif/presentation/v3/ark:/12148/bd6t5302155/manifest.json'
For more information check: https://developer.mozilla.org/en-US/docs/Web/HTTP/Status/403",2026-07-17T11:32:58.252254
combat,bd6t530216h,,failed,0,0,,http_manifest,known,403,manifest,"Client error '403 ' for url 'https://openapiproext.bnf.fr/iiif/presentation/v3/ark:/12148/bd6t530216h/manifest.json'
For more information check: https://developer.mozilla.org/en-US/docs/Web/HTTP/Status/403",2026-07-17T11:32:59.520165
combat,bd6t530217v,,failed,0,0,,http_manifest,known,403,manifest,"Client error '403 ' for url 'https://openapiproext.bnf.fr/iiif/presentation/v3/ark:/12148/bd6t530217v/manifest.json'
For more information check: https://developer.mozilla.org/en-US/docs/Web/HTTP/Status/403",2026-07-17T11:33:00.571381
combat,bd6t5302186,,failed,0,0,,http_manifest,known,403,manifest,"Client error '403 ' for url 'https://openapiproext.bnf.fr/iiif/presentation/v3/ark:/12148/bd6t5302186/manifest.json'
For more information check: https://developer.mozilla.org/en-US/docs/Web/HTTP/Status/403",2026-07-17T11:33:01.800646
combat,bd6t530219j,,failed,0,0,,http_manifest,known,403,manifest,"Client error '403 ' for url 'https://openapiproext.bnf.fr/iiif/presentation/v3/ark:/12148/bd6t530219j/manifest.json'
For more information check: https://developer.mozilla.org/en-US/docs/Web/HTTP/Status/403",2026-07-17T11:33:03.029476
combat,bd6t530220r,,failed,0,0,,http_manifest,known,403,manifest,"Client error '403 ' for url 'https://openapiproext.bnf.fr/iiif/presentation/v3/ark:/12148/bd6t530220r/manifest.json'
For more information check: https://developer.mozilla.org/en-US/docs/Web/HTTP/Status/403",2026-07-17T11:33:04.253122
combat,bd6t5302213,,failed,0,0,,http_manifest,known,403,manifest,"Client error '403 ' for url 'https://openapiproext.bnf.fr/iiif/presentation/v3/ark:/12148/bd6t5302213/manifest.json'
For more information check: https://developer.mozilla.org/en-US/docs/Web/HTTP/Status/403",2026-07-17T11:33:05.440270
combat,bd6t530222f,,failed,0,0,,http_manifest,known,403,manifest,"Client error '403 ' for url 'https://openapiproext.bnf.fr/iiif/presentation/v3/ark:/12148/bd6t530222f/manifest.json'
For more information check: https://developer.mozilla.org/en-US/docs/Web/HTTP/Status/403",2026-07-17T11:33:06.668509
combat,bd6t530223s,,failed,0,0,,http_manifest,known,403,manifest,"Client error '403 ' for url 'https://openapiproext.bnf.fr/iiif/presentation/v3/ark:/12148/bd6t530223s/manifest.json'
For more information check: https://developer.mozilla.org/en-US/docs/Web/HTTP/Status/403",2026-07-17T11:33:07.781498
combat,bd6t5302244,,failed,0,0,,http_manifest,known,403,manifest,"Client error '403 ' for url 'https://openapiproext.bnf.fr/iiif/presentation/v3/ark:/12148/bd6t5302244/manifest.json'
For more information check: https://developer.mozilla.org/en-US/docs/Web/HTTP/Status/403",2026-07-17T11:33:09.189910
combat,bd6t530225g,,failed,0,0,,http_manifest,known,403,manifest,"Client error '403 ' for url 'https://openapiproext.bnf.fr/iiif/presentation/v3/ark:/12148/bd6t530225g/manifest.json'
For more information check: https://developer.mozilla.org/en-US/docs/Web/HTTP/Status/403",2026-07-17T11:33:10.185766
combat,bd6t530226t,,failed,0,0,,http_manifest,known,403,manifest,"Client error '403 ' for url 'https://openapiproext.bnf.fr/iiif/presentation/v3/ark:/12148/bd6t530226t/manifest.json'
For more information check: https://developer.mozilla.org/en-US/docs/Web/HTTP/Status/403",2026-07-17T11:33:11.438105
combat,bd6t5302275,,failed,0,0,,http_manifest,known,403,manifest,"Client error '403 ' for url 'https://openapiproext.bnf.fr/iiif/presentation/v3/ark:/12148/bd6t5302275/manifest.json'
For more information check: https://developer.mozilla.org/en-US/docs/Web/HTTP/Status/403",2026-07-17T11:33:12.613993
combat,bd6t530228h,,failed,0,0,,http_manifest,known,403,manifest,"Client error '403 ' for url 'https://openapiproext.bnf.fr/iiif/presentation/v3/ark:/12148/bd6t530228h/manifest.json'
For more information check: https://developer.mozilla.org/en-US/docs/Web/HTTP/Status/403",2026-07-17T11:33:13.835336
combat,bd6t530229v,,failed,0,0,,http_manifest,known,403,manifest,"Client error '403 ' for url 'https://openapiproext.bnf.fr/iiif/presentation/v3/ark:/12148/bd6t530229v/manifest.json'
For more information check: https://developer.mozilla.org/en-US/docs/Web/HTTP/Status/403",2026-07-17T11:33:15.108006
combat,bd6t5302302,,failed,0,0,,http_manifest,known,403,manifest,"Client error '403 ' for url 'https://openapiproext.bnf.fr/iiif/presentation/v3/ark:/12148/bd6t5302302/manifest.json'
For more information check: https://developer.mozilla.org/en-US/docs/Web/HTTP/Status/403",2026-07-17T11:33:16.395962
combat,bd6t530231d,,failed,0,0,,http_manifest,known,403,manifest,"Client error '403 ' for url 'https://openapiproext.bnf.fr/iiif/presentation/v3/ark:/12148/bd6t530231d/manifest.json'
For more information check: https://developer.mozilla.org/en-US/docs/Web/HTTP/Status/403",2026-07-17T11:33:17.400669
combat,bd6t530232r,,failed,0,0,,http_manifest,known,403,manifest,"Client error '403 ' for url 'https://openapiproext.bnf.fr/iiif/presentation/v3/ark:/12148/bd6t530232r/manifest.json'
For more information check: https://developer.mozilla.org/en-US/docs/Web/HTTP/Status/403",2026-07-17T11:33:18.599585
combat,bd6t5302333,,failed,0,0,,http_manifest,known,403,manifest,"Client error '403 ' for url 'https://openapiproext.bnf.fr/iiif/presentation/v3/ark:/12148/bd6t5302333/manifest.json'
For more information check: https://developer.mozilla.org/en-US/docs/Web/HTTP/Status/403",2026-07-17T11:33:19.808157
combat,bd6t530234f,,failed,0,0,,http_manifest,known,403,manifest,"Client error '403 ' for url 'https://openapiproext.bnf.fr/iiif/presentation/v3/ark:/12148/bd6t530234f/manifest.json'
For more information check: https://developer.mozilla.org/en-US/docs/Web/HTTP/Status/403",2026-07-17T11:33:21.004337
combat,bd6t530235s,,failed,0,0,,http_manifest,known,403,manifest,"Client error '403 ' for url 'https://openapiproext.bnf.fr/iiif/presentation/v3/ark:/12148/bd6t530235s/manifest.json'
For more information check: https://developer.mozilla.org/en-US/docs/Web/HTTP/Status/403",2026-07-17T11:33:22.197658
combat,bd6t5302364,,failed,0,0,,http_manifest,known,403,manifest,"Client error '403 ' for url 'https://openapiproext.bnf.fr/iiif/presentation/v3/ark:/12148/bd6t5302364/manifest.json'
For more information check: https://developer.mozilla.org/en-US/docs/Web/HTTP/Status/403",2026-07-17T11:33:23.406180
combat,bd6t530237g,,failed,0,0,,http_manifest,known,403,manifest,"Client error '403 ' for url 'https://openapiproext.bnf.fr/iiif/presentation/v3/ark:/12148/bd6t530237g/manifest.json'
For more information check: https://developer.mozilla.org/en-US/docs/Web/HTTP/Status/403",2026-07-17T11:33:24.626891
combat,bd6t530238t,,failed,0,0,,http_manifest,known,403,manifest,"Client error '403 ' for url 'https://openapiproext.bnf.fr/iiif/presentation/v3/ark:/12148/bd6t530238t/manifest.json'
For more information check: https://developer.mozilla.org/en-US/docs/Web/HTTP/Status/403",2026-07-17T11:33:25.836556
combat,bd6t5302395,,failed,0,0,,http_manifest,known,403,manifest,"Client error '403 ' for url 'https://openapiproext.bnf.fr/iiif/presentation/v3/ark:/12148/bd6t5302395/manifest.json'
For more information check: https://developer.mozilla.org/en-US/docs/Web/HTTP/Status/403",2026-07-17T11:33:27.005113
combat,bd6t530240c,,failed,0,0,,http_manifest,known,403,manifest,"Client error '403 ' for url 'https://openapiproext.bnf.fr/iiif/presentation/v3/ark:/12148/bd6t530240c/manifest.json'
For more information check: https://developer.mozilla.org/en-US/docs/Web/HTTP/Status/403",2026-07-17T11:33:28.209533
combat,bd6t529980h,,failed,0,0,,http_manifest,known,403,manifest,"Client error '403 ' for url 'https://openapiproext.bnf.fr/iiif/presentation/v3/ark:/12148/bd6t529980h/manifest.json'
For more information check: https://developer.mozilla.org/en-US/docs/Web/HTTP/Status/403",2026-07-17T11:33:29.412646
combat,bd6t529981v,,failed,0,0,,http_manifest,known,403,manifest,"Client error '403 ' for url 'https://openapiproext.bnf.fr/iiif/presentation/v3/ark:/12148/bd6t529981v/manifest.json'
For more information check: https://developer.mozilla.org/en-US/docs/Web/HTTP/Status/403",2026-07-17T11:33:30.612310
combat,bd6t5299826,,failed,0,0,,http_manifest,known,403,manifest,"Client error '403 ' for url 'https://openapiproext.bnf.fr/iiif/presentation/v3/ark:/12148/bd6t5299826/manifest.json'
For more information check: https://developer.mozilla.org/en-US/docs/Web/HTTP/Status/403",2026-07-17T11:33:31.817405
combat,bd6t529983j,,failed,0,0,,http_manifest,known,403,manifest,"Client error '403 ' for url 'https://openapiproext.bnf.fr/iiif/presentation/v3/ark:/12148/bd6t529983j/manifest.json'
For more information check: https://developer.mozilla.org/en-US/docs/Web/HTTP/Status/403",2026-07-17T11:33:33.016598
combat,bd6t529984w,,failed,0,0,,http_manifest,known,403,manifest,"Client error '403 ' for url 'https://openapiproext.bnf.fr/iiif/presentation/v3/ark:/12148/bd6t529984w/manifest.json'
For more information check: https://developer.mozilla.org/en-US/docs/Web/HTTP/Status/403",2026-07-17T11:33:34.220777
combat,bd6t5299857,,failed,0,0,,http_manifest,known,403,manifest,"Client error '403 ' for url 'https://openapiproext.bnf.fr/iiif/presentation/v3/ark:/12148/bd6t5299857/manifest.json'
For more information check: https://developer.mozilla.org/en-US/docs/Web/HTTP/Status/403",2026-07-17T11:33:35.416541
combat,bd6t529986k,,failed,0,0,,http_manifest,known,403,manifest,"Client error '403 ' for url 'https://openapiproext.bnf.fr/iiif/presentation/v3/ark:/12148/bd6t529986k/manifest.json'
For more information check: https://developer.mozilla.org/en-US/docs/Web/HTTP/Status/403",2026-07-17T11:33:36.643469
combat,bd6t529987x,,failed,0,0,,http_manifest,known,403,manifest,"Client error '403 ' for url 'https://openapiproext.bnf.fr/iiif/presentation/v3/ark:/12148/bd6t529987x/manifest.json'
For more information check: https://developer.mozilla.org/en-US/docs/Web/HTTP/Status/403",2026-07-17T11:33:37.819777
combat,bd6t5299888,,failed,0,0,,http_manifest,known,403,manifest,"Client error '403 ' for url 'https://openapiproext.bnf.fr/iiif/presentation/v3/ark:/12148/bd6t5299888/manifest.json'
For more information check: https://developer.mozilla.org/en-US/docs/Web/HTTP/Status/403",2026-07-17T11:33:39.023486
combat,bd6t529989m,,failed,0,0,,http_manifest,known,403,manifest,"Client error '403 ' for url 'https://openapiproext.bnf.fr/iiif/presentation/v3/ark:/12148/bd6t529989m/manifest.json'
For more information check: https://developer.mozilla.org/en-US/docs/Web/HTTP/Status/403",2026-07-17T11:33:40.238678
combat,bd6t529990t,,failed,0,0,,http_manifest,known,403,manifest,"Client error '403 ' for url 'https://openapiproext.bnf.fr/iiif/presentation/v3/ark:/12148/bd6t529990t/manifest.json'
For more information check: https://developer.mozilla.org/en-US/docs/Web/HTTP/Status/403",2026-07-17T11:33:41.425397
combat,bd6t5299915,,failed,0,0,,http_manifest,known,403,manifest,"Client error '403 ' for url 'https://openapiproext.bnf.fr/iiif/presentation/v3/ark:/12148/bd6t5299915/manifest.json'
For more information check: https://developer.mozilla.org/en-US/docs/Web/HTTP/Status/403",2026-07-17T11:33:42.651526
combat,bd6t529992h,,failed,0,0,,http_manifest,known,403,manifest,"Client error '403 ' for url 'https://openapiproext.bnf.fr/iiif/presentation/v3/ark:/12148/bd6t529992h/manifest.json'
For more information check: https://developer.mozilla.org/en-US/docs/Web/HTTP/Status/403",2026-07-17T11:33:43.836474
combat,bd6t529993v,,failed,0,0,,http_manifest,known,403,manifest,"Client error '403 ' for url 'https://openapiproext.bnf.fr/iiif/presentation/v3/ark:/12148/bd6t529993v/manifest.json'
For more information check: https://developer.mozilla.org/en-US/docs/Web/HTTP/Status/403",2026-07-17T11:33:45.032267
combat,bd6t5299946,,failed,0,0,,http_manifest,known,403,manifest,"Client error '403 ' for url 'https://openapiproext.bnf.fr/iiif/presentation/v3/ark:/12148/bd6t5299946/manifest.json'
For more information check: https://developer.mozilla.org/en-US/docs/Web/HTTP/Status/403",2026-07-17T11:33:46.238380
combat,bd6t529995j,,failed,0,0,,http_manifest,known,403,manifest,"Client error '403 ' for url 'https://openapiproext.bnf.fr/iiif/presentation/v3/ark:/12148/bd6t529995j/manifest.json'
For more information check: https://developer.mozilla.org/en-US/docs/Web/HTTP/Status/403",2026-07-17T11:33:47.432879
combat,bd6t529996w,,failed,0,0,,http_manifest,known,403,manifest,"Client error '403 ' for url 'https://openapiproext.bnf.fr/iiif/presentation/v3/ark:/12148/bd6t529996w/manifest.json'
For more information check: https://developer.mozilla.org/en-US/docs/Web/HTTP/Status/403",2026-07-17T11:33:48.638146
combat,bd6t5299977,,failed,0,0,,http_manifest,known,403,manifest,"Client error '403 ' for url 'https://openapiproext.bnf.fr/iiif/presentation/v3/ark:/12148/bd6t5299977/manifest.json'
For more information check: https://developer.mozilla.org/en-US/docs/Web/HTTP/Status/403",2026-07-17T11:33:49.842223
combat,bd6t529998k,,failed,0,0,,http_manifest,known,403,manifest,"Client error '403 ' for url 'https://openapiproext.bnf.fr/iiif/presentation/v3/ark:/12148/bd6t529998k/manifest.json'
For more information check: https://developer.mozilla.org/en-US/docs/Web/HTTP/Status/403",2026-07-17T11:33:51.041662
combat,bd6t529999x,,failed,0,0,,http_manifest,known,403,manifest,"Client error '403 ' for url 'https://openapiproext.bnf.fr/iiif/presentation/v3/ark:/12148/bd6t529999x/manifest.json'
For more information check: https://developer.mozilla.org/en-US/docs/Web/HTTP/Status/403",2026-07-17T11:33:52.244114
combat,bd6t530000k,,failed,0,0,,http_manifest,known,403,manifest,"Client error '403 ' for url 'https://openapiproext.bnf.fr/iiif/presentation/v3/ark:/12148/bd6t530000k/manifest.json'
For more information check: https://developer.mozilla.org/en-US/docs/Web/HTTP/Status/403",2026-07-17T11:33:53.442838
combat,bd6t530001x,,failed,0,0,,http_manifest,known,403,manifest,"Client error '403 ' for url 'https://openapiproext.bnf.fr/iiif/presentation/v3/ark:/12148/bd6t530001x/manifest.json'
For more information check: https://developer.mozilla.org/en-US/docs/Web/HTTP/Status/403",2026-07-17T11:33:54.662429
combat,bd6t5300028,,failed,0,0,,http_manifest,known,403,manifest,"Client error '403 ' for url 'https://openapiproext.bnf.fr/iiif/presentation/v3/ark:/12148/bd6t5300028/manifest.json'
For more information check: https://developer.mozilla.org/en-US/docs/Web/HTTP/Status/403",2026-07-17T11:33:55.856915
combat,bd6t530003m,,failed,0,0,,http_manifest,known,403,manifest,"Client error '403 ' for url 'https://openapiproext.bnf.fr/iiif/presentation/v3/ark:/12148/bd6t530003m/manifest.json'
For more information check: https://developer.mozilla.org/en-US/docs/Web/HTTP/Status/403",2026-07-17T11:33:57.049175
combat,bd6t530004z,,failed,0,0,,http_manifest,known,403,manifest,"Client error '403 ' for url 'https://openapiproext.bnf.fr/iiif/presentation/v3/ark:/12148/bd6t530004z/manifest.json'
For more information check: https://developer.mozilla.org/en-US/docs/Web/HTTP/Status/403",2026-07-17T11:33:58.458937
combat,bd6t5300059,,failed,0,0,,http_manifest,known,403,manifest,"Client error '403 ' for url 'https://openapiproext.bnf.fr/iiif/presentation/v3/ark:/12148/bd6t5300059/manifest.json'
For more information check: https://developer.mozilla.org/en-US/docs/Web/HTTP/Status/403",2026-07-17T11:33:59.656513
combat,bd6t530006n,,failed,0,0,,http_manifest,known,403,manifest,"Client error '403 ' for url 'https://openapiproext.bnf.fr/iiif/presentation/v3/ark:/12148/bd6t530006n/manifest.json'
For more information check: https://developer.mozilla.org/en-US/docs/Web/HTTP/Status/403",2026-07-17T11:34:00.708153
combat,bd6t5300070,,failed,0,0,,http_manifest,known,403,manifest,"Client error '403 ' for url 'https://openapiproext.bnf.fr/iiif/presentation/v3/ark:/12148/bd6t5300070/manifest.json'
For more information check: https://developer.mozilla.org/en-US/docs/Web/HTTP/Status/403",2026-07-17T11:34:01.883771
combat,bd6t530008b,,failed,0,0,,http_manifest,known,403,manifest,"Client error '403 ' for url 'https://openapiproext.bnf.fr/iiif/presentation/v3/ark:/12148/bd6t530008b/manifest.json'
For more information check: https://developer.mozilla.org/en-US/docs/Web/HTTP/Status/403",2026-07-17T11:34:03.080437
combat,bd6t530009p,,failed,0,0,,http_manifest,known,403,manifest,"Client error '403 ' for url 'https://openapiproext.bnf.fr/iiif/presentation/v3/ark:/12148/bd6t530009p/manifest.json'
For more information check: https://developer.mozilla.org/en-US/docs/Web/HTTP/Status/403",2026-07-17T11:34:04.321876
combat,bd6t530010w,,failed,0,0,,http_manifest,known,403,manifest,"Client error '403 ' for url 'https://openapiproext.bnf.fr/iiif/presentation/v3/ark:/12148/bd6t530010w/manifest.json'
For more information check: https://developer.mozilla.org/en-US/docs/Web/HTTP/Status/403",2026-07-17T11:34:05.582063
combat,bd6t5300117,,failed,0,0,,http_manifest,known,403,manifest,"Client error '403 ' for url 'https://openapiproext.bnf.fr/iiif/presentation/v3/ark:/12148/bd6t5300117/manifest.json'
For more information check: https://developer.mozilla.org/en-US/docs/Web/HTTP/Status/403",2026-07-17T11:34:06.709579
combat,bd6t530012k,,failed,0,0,,http_manifest,known,403,manifest,"Client error '403 ' for url 'https://openapiproext.bnf.fr/iiif/presentation/v3/ark:/12148/bd6t530012k/manifest.json'
For more information check: https://developer.mozilla.org/en-US/docs/Web/HTTP/Status/403",2026-07-17T11:34:07.864504
combat,bd6t530013x,,failed,0,0,,http_manifest,known,403,manifest,"Client error '403 ' for url 'https://openapiproext.bnf.fr/iiif/presentation/v3/ark:/12148/bd6t530013x/manifest.json'
For more information check: https://developer.mozilla.org/en-US/docs/Web/HTTP/Status/403",2026-07-17T11:34:09.206584
combat,bd6t5300148,,failed,0,0,,http_manifest,known,403,manifest,"Client error '403 ' for url 'https://openapiproext.bnf.fr/iiif/presentation/v3/ark:/12148/bd6t5300148/manifest.json'
For more information check: https://developer.mozilla.org/en-US/docs/Web/HTTP/Status/403",2026-07-17T11:34:10.280915
combat,bd6t530015m,,failed,0,0,,http_manifest,known,403,manifest,"Client error '403 ' for url 'https://openapiproext.bnf.fr/iiif/presentation/v3/ark:/12148/bd6t530015m/manifest.json'
For more information check: https://developer.mozilla.org/en-US/docs/Web/HTTP/Status/403",2026-07-17T11:34:11.484151
combat,bd6t530016z,,failed,0,0,,http_manifest,known,403,manifest,"Client error '403 ' for url 'https://openapiproext.bnf.fr/iiif/presentation/v3/ark:/12148/bd6t530016z/manifest.json'
For more information check: https://developer.mozilla.org/en-US/docs/Web/HTTP/Status/403",2026-07-17T11:34:12.694129
combat,bd6t5300179,,failed,0,0,,http_manifest,known,403,manifest,"Client error '403 ' for url 'https://openapiproext.bnf.fr/iiif/presentation/v3/ark:/12148/bd6t5300179/manifest.json'
For more information check: https://developer.mozilla.org/en-US/docs/Web/HTTP/Status/403",2026-07-17T11:34:13.867006
combat,bd6t530018n,,failed,0,0,,http_manifest,known,403,manifest,"Client error '403 ' for url 'https://openapiproext.bnf.fr/iiif/presentation/v3/ark:/12148/bd6t530018n/manifest.json'
For more information check: https://developer.mozilla.org/en-US/docs/Web/HTTP/Status/403",2026-07-17T11:34:15.070661
combat,bd6t5300190,,failed,0,0,,http_manifest,known,403,manifest,"Client error '403 ' for url 'https://openapiproext.bnf.fr/iiif/presentation/v3/ark:/12148/bd6t5300190/manifest.json'
For more information check: https://developer.mozilla.org/en-US/docs/Web/HTTP/Status/403",2026-07-17T11:34:16.272014
combat,bd6t5300206,,failed,0,0,,http_manifest,known,403,manifest,"Client error '403 ' for url 'https://openapiproext.bnf.fr/iiif/presentation/v3/ark:/12148/bd6t5300206/manifest.json'
For more information check: https://developer.mozilla.org/en-US/docs/Web/HTTP/Status/403",2026-07-17T11:34:17.472849
combat,bd6t530021j,,failed,0,0,,http_manifest,known,403,manifest,"Client error '403 ' for url 'https://openapiproext.bnf.fr/iiif/presentation/v3/ark:/12148/bd6t530021j/manifest.json'
For more information check: https://developer.mozilla.org/en-US/docs/Web/HTTP/Status/403",2026-07-17T11:34:18.687885
combat,bd6t530022w,,failed,0,0,,http_manifest,known,403,manifest,"Client error '403 ' for url 'https://openapiproext.bnf.fr/iiif/presentation/v3/ark:/12148/bd6t530022w/manifest.json'
For more information check: https://developer.mozilla.org/en-US/docs/Web/HTTP/Status/403",2026-07-17T11:34:19.872964
combat,bd6t5300237,,failed,0,0,,http_manifest,known,403,manifest,"Client error '403 ' for url 'https://openapiproext.bnf.fr/iiif/presentation/v3/ark:/12148/bd6t5300237/manifest.json'
For more information check: https://developer.mozilla.org/en-US/docs/Web/HTTP/Status/403",2026-07-17T11:34:21.072718
combat,bd6t530024k,,failed,0,0,,http_manifest,known,403,manifest,"Client error '403 ' for url 'https://openapiproext.bnf.fr/iiif/presentation/v3/ark:/12148/bd6t530024k/manifest.json'
For more information check: https://developer.mozilla.org/en-US/docs/Web/HTTP/Status/403",2026-07-17T11:34:22.276423
combat,bd6t530025x,,failed,0,0,,http_manifest,known,403,manifest,"Client error '403 ' for url 'https://openapiproext.bnf.fr/iiif/presentation/v3/ark:/12148/bd6t530025x/manifest.json'
For more information check: https://developer.mozilla.org/en-US/docs/Web/HTTP/Status/403",2026-07-17T11:34:23.479709
combat,bd6t5300268,,failed,0,0,,http_manifest,known,403,manifest,"Client error '403 ' for url 'https://openapiproext.bnf.fr/iiif/presentation/v3/ark:/12148/bd6t5300268/manifest.json'
For more information check: https://developer.mozilla.org/en-US/docs/Web/HTTP/Status/403",2026-07-17T11:34:24.678164
combat,bd6t530027m,,failed,0,0,,http_manifest,known,403,manifest,"Client error '403 ' for url 'https://openapiproext.bnf.fr/iiif/presentation/v3/ark:/12148/bd6t530027m/manifest.json'
For more information check: https://developer.mozilla.org/en-US/docs/Web/HTTP/Status/403",2026-07-17T11:34:25.880001
combat,bd6t530028z,,failed,0,0,,http_manifest,known,403,manifest,"Client error '403 ' for url 'https://openapiproext.bnf.fr/iiif/presentation/v3/ark:/12148/bd6t530028z/manifest.json'
For more information check: https://developer.mozilla.org/en-US/docs/Web/HTTP/Status/403",2026-07-17T11:34:27.081936
combat,bd6t5300299,,failed,0,0,,http_manifest,known,403,manifest,"Client error '403 ' for url 'https://openapiproext.bnf.fr/iiif/presentation/v3/ark:/12148/bd6t5300299/manifest.json'
For more information check: https://developer.mozilla.org/en-US/docs/Web/HTTP/Status/403",2026-07-17T11:34:28.286934
combat,bd6t530030h,,failed,0,0,,http_manifest,known,403,manifest,"Client error '403 ' for url 'https://openapiproext.bnf.fr/iiif/presentation/v3/ark:/12148/bd6t530030h/manifest.json'
For more information check: https://developer.mozilla.org/en-US/docs/Web/HTTP/Status/403",2026-07-17T11:34:29.482848
combat,bd6t530031v,,failed,0,0,,http_manifest,known,403,manifest,"Client error '403 ' for url 'https://openapiproext.bnf.fr/iiif/presentation/v3/ark:/12148/bd6t530031v/manifest.json'
For more information check: https://developer.mozilla.org/en-US/docs/Web/HTTP/Status/403",2026-07-17T11:34:30.700132
combat,bd6t5300326,,failed,0,0,,http_manifest,known,403,manifest,"Client error '403 ' for url 'https://openapiproext.bnf.fr/iiif/presentation/v3/ark:/12148/bd6t5300326/manifest.json'
For more information check: https://developer.mozilla.org/en-US/docs/Web/HTTP/Status/403",2026-07-17T11:34:31.897517
combat,bd6t530033j,,failed,0,0,,http_manifest,known,403,manifest,"Client error '403 ' for url 'https://openapiproext.bnf.fr/iiif/presentation/v3/ark:/12148/bd6t530033j/manifest.json'
For more information check: https://developer.mozilla.org/en-US/docs/Web/HTTP/Status/403",2026-07-17T11:34:33.091106
combat,bd6t530034w,,failed,0,0,,http_manifest,known,403,manifest,"Client error '403 ' for url 'https://openapiproext.bnf.fr/iiif/presentation/v3/ark:/12148/bd6t530034w/manifest.json'
For more information check: https://developer.mozilla.org/en-US/docs/Web/HTTP/Status/403",2026-07-17T11:34:34.296228
combat,bd6t5300357,,failed,0,0,,http_manifest,known,403,manifest,"Client error '403 ' for url 'https://openapiproext.bnf.fr/iiif/presentation/v3/ark:/12148/bd6t5300357/manifest.json'
For more information check: https://developer.mozilla.org/en-US/docs/Web/HTTP/Status/403",2026-07-17T11:34:35.503460
combat,bd6t530036k,,failed,0,0,,http_manifest,known,403,manifest,"Client error '403 ' for url 'https://openapiproext.bnf.fr/iiif/presentation/v3/ark:/12148/bd6t530036k/manifest.json'
For more information check: https://developer.mozilla.org/en-US/docs/Web/HTTP/Status/403",2026-07-17T11:34:36.722970
combat,bd6t530037x,,failed,0,0,,http_manifest,known,403,manifest,"Client error '403 ' for url 'https://openapiproext.bnf.fr/iiif/presentation/v3/ark:/12148/bd6t530037x/manifest.json'
For more information check: https://developer.mozilla.org/en-US/docs/Web/HTTP/Status/403",2026-07-17T11:34:37.897936
combat,bd6t5300388,,failed,0,0,,http_manifest,known,403,manifest,"Client error '403 ' for url 'https://openapiproext.bnf.fr/iiif/presentation/v3/ark:/12148/bd6t5300388/manifest.json'
For more information check: https://developer.mozilla.org/en-US/docs/Web/HTTP/Status/403",2026-07-17T11:34:39.099461
combat,bd6t530039m,,failed,0,0,,http_manifest,known,403,manifest,"Client error '403 ' for url 'https://openapiproext.bnf.fr/iiif/presentation/v3/ark:/12148/bd6t530039m/manifest.json'
For more information check: https://developer.mozilla.org/en-US/docs/Web/HTTP/Status/403",2026-07-17T11:34:40.301117
combat,bd6t530040t,,failed,0,0,,http_manifest,known,403,manifest,"Client error '403 ' for url 'https://openapiproext.bnf.fr/iiif/presentation/v3/ark:/12148/bd6t530040t/manifest.json'
For more information check: https://developer.mozilla.org/en-US/docs/Web/HTTP/Status/403",2026-07-17T11:34:41.502936
combat,bd6t5300415,,failed,0,0,,http_manifest,known,403,manifest,"Client error '403 ' for url 'https://openapiproext.bnf.fr/iiif/presentation/v3/ark:/12148/bd6t5300415/manifest.json'
For more information check: https://developer.mozilla.org/en-US/docs/Web/HTTP/Status/403",2026-07-17T11:34:42.704438
combat,bd6t530042h,,failed,0,0,,http_manifest,known,403,manifest,"Client error '403 ' for url 'https://openapiproext.bnf.fr/iiif/presentation/v3/ark:/12148/bd6t530042h/manifest.json'
For more information check: https://developer.mozilla.org/en-US/docs/Web/HTTP/Status/403",2026-07-17T11:34:43.905912
combat,bd6t530043v,,failed,0,0,,http_manifest,known,403,manifest,"Client error '403 ' for url 'https://openapiproext.bnf.fr/iiif/presentation/v3/ark:/12148/bd6t530043v/manifest.json'
For more information check: https://developer.mozilla.org/en-US/docs/Web/HTTP/Status/403",2026-07-17T11:34:45.109016
combat,bd6t5300446,,failed,0,0,,http_manifest,known,403,manifest,"Client error '403 ' for url 'https://openapiproext.bnf.fr/iiif/presentation/v3/ark:/12148/bd6t5300446/manifest.json'
For more information check: https://developer.mozilla.org/en-US/docs/Web/HTTP/Status/403",2026-07-17T11:34:46.317842
combat,bd6t530045j,,failed,0,0,,http_manifest,known,403,manifest,"Client error '403 ' for url 'https://openapiproext.bnf.fr/iiif/presentation/v3/ark:/12148/bd6t530045j/manifest.json'
For more information check: https://developer.mozilla.org/en-US/docs/Web/HTTP/Status/403",2026-07-17T11:34:47.509703
combat,bd6t530046w,,failed,0,0,,http_manifest,known,403,manifest,"Client error '403 ' for url 'https://openapiproext.bnf.fr/iiif/presentation/v3/ark:/12148/bd6t530046w/manifest.json'
For more information check: https://developer.mozilla.org/en-US/docs/Web/HTTP/Status/403",2026-07-17T11:34:48.729833
combat,bd6t5300477,,failed,0,0,,http_manifest,known,403,manifest,"Client error '403 ' for url 'https://openapiproext.bnf.fr/iiif/presentation/v3/ark:/12148/bd6t5300477/manifest.json'
For more information check: https://developer.mozilla.org/en-US/docs/Web/HTTP/Status/403",2026-07-17T11:34:49.914083
combat,bd6t530048k,,failed,0,0,,http_manifest,known,403,manifest,"Client error '403 ' for url 'https://openapiproext.bnf.fr/iiif/presentation/v3/ark:/12148/bd6t530048k/manifest.json'
For more information check: https://developer.mozilla.org/en-US/docs/Web/HTTP/Status/403",2026-07-17T11:34:51.117579
combat,bd6t530049x,,failed,0,0,,http_manifest,known,403,manifest,"Client error '403 ' for url 'https://openapiproext.bnf.fr/iiif/presentation/v3/ark:/12148/bd6t530049x/manifest.json'
For more information check: https://developer.mozilla.org/en-US/docs/Web/HTTP/Status/403",2026-07-17T11:34:52.316499
combat,bd6t5300504,,failed,0,0,,http_manifest,known,403,manifest,"Client error '403 ' for url 'https://openapiproext.bnf.fr/iiif/presentation/v3/ark:/12148/bd6t5300504/manifest.json'
For more information check: https://developer.mozilla.org/en-US/docs/Web/HTTP/Status/403",2026-07-17T11:34:53.520421
combat,bd6t530051g,,failed,0,0,,http_manifest,known,403,manifest,"Client error '403 ' for url 'https://openapiproext.bnf.fr/iiif/presentation/v3/ark:/12148/bd6t530051g/manifest.json'
For more information check: https://developer.mozilla.org/en-US/docs/Web/HTTP/Status/403",2026-07-17T11:34:54.723760
combat,bd6t530052t,,failed,0,0,,http_manifest,known,403,manifest,"Client error '403 ' for url 'https://openapiproext.bnf.fr/iiif/presentation/v3/ark:/12148/bd6t530052t/manifest.json'
For more information check: https://developer.mozilla.org/en-US/docs/Web/HTTP/Status/403",2026-07-17T11:34:55.920910
combat,bd6t5300535,,failed,0,0,,http_manifest,known,403,manifest,"Client error '403 ' for url 'https://openapiproext.bnf.fr/iiif/presentation/v3/ark:/12148/bd6t5300535/manifest.json'
For more information check: https://developer.mozilla.org/en-US/docs/Web/HTTP/Status/403",2026-07-17T11:34:57.126244
combat,bd6t530054h,,failed,0,0,,http_manifest,known,403,manifest,"Client error '403 ' for url 'https://openapiproext.bnf.fr/iiif/presentation/v3/ark:/12148/bd6t530054h/manifest.json'
For more information check: https://developer.mozilla.org/en-US/docs/Web/HTTP/Status/403",2026-07-17T11:34:58.457417
combat,bd6t530055v,,failed,0,0,,http_manifest,known,403,manifest,"Client error '403 ' for url 'https://openapiproext.bnf.fr/iiif/presentation/v3/ark:/12148/bd6t530055v/manifest.json'
For more information check: https://developer.mozilla.org/en-US/docs/Web/HTTP/Status/403",2026-07-17T11:34:59.628819
combat,bd6t5300566,,failed,0,0,,http_manifest,known,403,manifest,"Client error '403 ' for url 'https://openapiproext.bnf.fr/iiif/presentation/v3/ark:/12148/bd6t5300566/manifest.json'
For more information check: https://developer.mozilla.org/en-US/docs/Web/HTTP/Status/403",2026-07-17T11:35:00.877689
combat,bd6t530057j,,failed,0,0,,http_manifest,known,403,manifest,"Client error '403 ' for url 'https://openapiproext.bnf.fr/iiif/presentation/v3/ark:/12148/bd6t530057j/manifest.json'
For more information check: https://developer.mozilla.org/en-US/docs/Web/HTTP/Status/403",2026-07-17T11:35:01.931896
combat,bd6t530058w,,failed,0,0,,http_manifest,known,403,manifest,"Client error '403 ' for url 'https://openapiproext.bnf.fr/iiif/presentation/v3/ark:/12148/bd6t530058w/manifest.json'
For more information check: https://developer.mozilla.org/en-US/docs/Web/HTTP/Status/403",2026-07-17T11:35:03.140480
combat,bd6t530241q,,failed,0,0,,http_manifest,known,403,manifest,"Client error '403 ' for url 'https://openapiproext.bnf.fr/iiif/presentation/v3/ark:/12148/bd6t530241q/manifest.json'
For more information check: https://developer.mozilla.org/en-US/docs/Web/HTTP/Status/403",2026-07-17T11:35:04.335033
combat,bd6t5302422,,failed,0,0,,http_manifest,known,403,manifest,"Client error '403 ' for url 'https://openapiproext.bnf.fr/iiif/presentation/v3/ark:/12148/bd6t5302422/manifest.json'
For more information check: https://developer.mozilla.org/en-US/docs/Web/HTTP/Status/403",2026-07-17T11:35:05.561214
combat,bd6t530243d,,failed,0,0,,http_manifest,known,403,manifest,"Client error '403 ' for url 'https://openapiproext.bnf.fr/iiif/presentation/v3/ark:/12148/bd6t530243d/manifest.json'
For more information check: https://developer.mozilla.org/en-US/docs/Web/HTTP/Status/403",2026-07-17T11:35:06.781648
combat,bd6t530244r,,failed,0,0,,http_manifest,known,403,manifest,"Client error '403 ' for url 'https://openapiproext.bnf.fr/iiif/presentation/v3/ark:/12148/bd6t530244r/manifest.json'
For more information check: https://developer.mozilla.org/en-US/docs/Web/HTTP/Status/403",2026-07-17T11:35:07.937778
combat,bd6t5302453,,failed,0,0,,http_manifest,known,403,manifest,"Client error '403 ' for url 'https://openapiproext.bnf.fr/iiif/presentation/v3/ark:/12148/bd6t5302453/manifest.json'
For more information check: https://developer.mozilla.org/en-US/docs/Web/HTTP/Status/403",2026-07-17T11:35:09.224688
combat,bd6t530246f,,failed,0,0,,http_manifest,known,403,manifest,"Client error '403 ' for url 'https://openapiproext.bnf.fr/iiif/presentation/v3/ark:/12148/bd6t530246f/manifest.json'
For more information check: https://developer.mozilla.org/en-US/docs/Web/HTTP/Status/403",2026-07-17T11:35:10.614678
combat,bd6t530247s,,failed,0,0,,http_manifest,known,403,manifest,"Client error '403 ' for url 'https://openapiproext.bnf.fr/iiif/presentation/v3/ark:/12148/bd6t530247s/manifest.json'
For more information check: https://developer.mozilla.org/en-US/docs/Web/HTTP/Status/403",2026-07-17T11:35:11.547252
combat,bd6t5302484,,failed,0,0,,http_manifest,known,403,manifest,"Client error '403 ' for url 'https://openapiproext.bnf.fr/iiif/presentation/v3/ark:/12148/bd6t5302484/manifest.json'
For more information check: https://developer.mozilla.org/en-US/docs/Web/HTTP/Status/403",2026-07-17T11:35:12.778408
combat,bd6t530249g,,failed,0,0,,http_manifest,known,403,manifest,"Client error '403 ' for url 'https://openapiproext.bnf.fr/iiif/presentation/v3/ark:/12148/bd6t530249g/manifest.json'
For more information check: https://developer.mozilla.org/en-US/docs/Web/HTTP/Status/403",2026-07-17T11:35:14.047044
combat,bd6t530250p,,failed,0,0,,http_manifest,known,403,manifest,"Client error '403 ' for url 'https://openapiproext.bnf.fr/iiif/presentation/v3/ark:/12148/bd6t530250p/manifest.json'
For more information check: https://developer.mozilla.org/en-US/docs/Web/HTTP/Status/403",2026-07-17T11:35:15.380627
combat,bd6t5302511,,failed,0,0,,http_manifest,known,403,manifest,"Client error '403 ' for url 'https://openapiproext.bnf.fr/iiif/presentation/v3/ark:/12148/bd6t5302511/manifest.json'
For more information check: https://developer.mozilla.org/en-US/docs/Web/HTTP/Status/403",2026-07-17T11:35:16.380066
combat,bd6t530252c,,failed,0,0,,http_manifest,known,403,manifest,"Client error '403 ' for url 'https://openapiproext.bnf.fr/iiif/presentation/v3/ark:/12148/bd6t530252c/manifest.json'
For more information check: https://developer.mozilla.org/en-US/docs/Web/HTTP/Status/403",2026-07-17T11:35:17.614440
combat,bd6t530253q,,failed,0,0,,http_manifest,known,403,manifest,"Client error '403 ' for url 'https://openapiproext.bnf.fr/iiif/presentation/v3/ark:/12148/bd6t530253q/manifest.json'
For more information check: https://developer.mozilla.org/en-US/docs/Web/HTTP/Status/403",2026-07-17T11:35:19.081675
combat,bd6t5302542,,failed,0,0,,http_manifest,known,403,manifest,"Client error '403 ' for url 'https://openapiproext.bnf.fr/iiif/presentation/v3/ark:/12148/bd6t5302542/manifest.json'
For more information check: https://developer.mozilla.org/en-US/docs/Web/HTTP/Status/403",2026-07-17T11:35:19.955049
combat,bd6t530255d,,failed,0,0,,http_manifest,known,403,manifest,"Client error '403 ' for url 'https://openapiproext.bnf.fr/iiif/presentation/v3/ark:/12148/bd6t530255d/manifest.json'
For more information check: https://developer.mozilla.org/en-US/docs/Web/HTTP/Status/403",2026-07-17T11:35:21.161944
combat,bd6t530256r,,failed,0,0,,http_manifest,known,403,manifest,"Client error '403 ' for url 'https://openapiproext.bnf.fr/iiif/presentation/v3/ark:/12148/bd6t530256r/manifest.json'
For more information check: https://developer.mozilla.org/en-US/docs/Web/HTTP/Status/403",2026-07-17T11:35:22.379735
combat,bd6t5302573,,failed,0,0,,http_manifest,known,403,manifest,"Client error '403 ' for url 'https://openapiproext.bnf.fr/iiif/presentation/v3/ark:/12148/bd6t5302573/manifest.json'
For more information check: https://developer.mozilla.org/en-US/docs/Web/HTTP/Status/403",2026-07-17T11:35:23.564093
combat,bd6t530258f,,failed,0,0,,http_manifest,known,403,manifest,"Client error '403 ' for url 'https://openapiproext.bnf.fr/iiif/presentation/v3/ark:/12148/bd6t530258f/manifest.json'
For more information check: https://developer.mozilla.org/en-US/docs/Web/HTTP/Status/403",2026-07-17T11:35:24.761259
combat,bd6t530259s,,failed,0,0,,http_manifest,known,403,manifest,"Client error '403 ' for url 'https://openapiproext.bnf.fr/iiif/presentation/v3/ark:/12148/bd6t530259s/manifest.json'
For more information check: https://developer.mozilla.org/en-US/docs/Web/HTTP/Status/403",2026-07-17T11:35:25.965969
combat,bd6t5302600,,failed,0,0,,http_manifest,known,403,manifest,"Client error '403 ' for url 'https://openapiproext.bnf.fr/iiif/presentation/v3/ark:/12148/bd6t5302600/manifest.json'
For more information check: https://developer.mozilla.org/en-US/docs/Web/HTTP/Status/403",2026-07-17T11:35:27.173611
combat,bd6t530261b,,failed,0,0,,http_manifest,known,403,manifest,"Client error '403 ' for url 'https://openapiproext.bnf.fr/iiif/presentation/v3/ark:/12148/bd6t530261b/manifest.json'
For more information check: https://developer.mozilla.org/en-US/docs/Web/HTTP/Status/403",2026-07-17T11:35:28.364673
combat,bd6t530262p,,failed,0,0,,http_manifest,known,403,manifest,"Client error '403 ' for url 'https://openapiproext.bnf.fr/iiif/presentation/v3/ark:/12148/bd6t530262p/manifest.json'
For more information check: https://developer.mozilla.org/en-US/docs/Web/HTTP/Status/403",2026-07-17T11:35:29.581674
combat,bd6t5302631,,failed,0,0,,http_manifest,known,403,manifest,"Client error '403 ' for url 'https://openapiproext.bnf.fr/iiif/presentation/v3/ark:/12148/bd6t5302631/manifest.json'
For more information check: https://developer.mozilla.org/en-US/docs/Web/HTTP/Status/403",2026-07-17T11:35:30.773601
combat,bd6t530264c,,failed,0,0,,http_manifest,known,403,manifest,"Client error '403 ' for url 'https://openapiproext.bnf.fr/iiif/presentation/v3/ark:/12148/bd6t530264c/manifest.json'
For more information check: https://developer.mozilla.org/en-US/docs/Web/HTTP/Status/403",2026-07-17T11:35:31.972863
combat,bd6t530265q,,failed,0,0,,http_manifest,known,403,manifest,"Client error '403 ' for url 'https://openapiproext.bnf.fr/iiif/presentation/v3/ark:/12148/bd6t530265q/manifest.json'
For more information check: https://developer.mozilla.org/en-US/docs/Web/HTTP/Status/403",2026-07-17T11:35:33.175016
combat,bd6t5302662,,failed,0,0,,http_manifest,known,403,manifest,"Client error '403 ' for url 'https://openapiproext.bnf.fr/iiif/presentation/v3/ark:/12148/bd6t5302662/manifest.json'
For more information check: https://developer.mozilla.org/en-US/docs/Web/HTTP/Status/403",2026-07-17T11:35:34.375811
combat,bd6t530267d,,failed,0,0,,http_manifest,known,403,manifest,"Client error '403 ' for url 'https://openapiproext.bnf.fr/iiif/presentation/v3/ark:/12148/bd6t530267d/manifest.json'
For more information check: https://developer.mozilla.org/en-US/docs/Web/HTTP/Status/403",2026-07-17T11:35:35.579272
combat,bd6t530268r,,failed,0,0,,http_manifest,known,403,manifest,"Client error '403 ' for url 'https://openapiproext.bnf.fr/iiif/presentation/v3/ark:/12148/bd6t530268r/manifest.json'
For more information check: https://developer.mozilla.org/en-US/docs/Web/HTTP/Status/403",2026-07-17T11:35:36.793267
combat,bd6t5302693,,failed,0,0,,http_manifest,known,403,manifest,"Client error '403 ' for url 'https://openapiproext.bnf.fr/iiif/presentation/v3/ark:/12148/bd6t5302693/manifest.json'
For more information check: https://developer.mozilla.org/en-US/docs/Web/HTTP/Status/403",2026-07-17T11:35:37.976241
combat,bd6t5302709,,failed,0,0,,http_manifest,known,403,manifest,"Client error '403 ' for url 'https://openapiproext.bnf.fr/iiif/presentation/v3/ark:/12148/bd6t5302709/manifest.json'
For more information check: https://developer.mozilla.org/en-US/docs/Web/HTTP/Status/403",2026-07-17T11:35:39.183217
combat,bd6t530271n,,failed,0,0,,http_manifest,known,403,manifest,"Client error '403 ' for url 'https://openapiproext.bnf.fr/iiif/presentation/v3/ark:/12148/bd6t530271n/manifest.json'
For more information check: https://developer.mozilla.org/en-US/docs/Web/HTTP/Status/403",2026-07-17T11:35:40.398023
combat,bd6t5302720,,failed,0,0,,http_manifest,known,403,manifest,"Client error '403 ' for url 'https://openapiproext.bnf.fr/iiif/presentation/v3/ark:/12148/bd6t5302720/manifest.json'
For more information check: https://developer.mozilla.org/en-US/docs/Web/HTTP/Status/403",2026-07-17T11:35:41.598301
combat,bd6t530273b,,failed,0,0,,http_manifest,known,403,manifest,"Client error '403 ' for url 'https://openapiproext.bnf.fr/iiif/presentation/v3/ark:/12148/bd6t530273b/manifest.json'
For more information check: https://developer.mozilla.org/en-US/docs/Web/HTTP/Status/403",2026-07-17T11:35:42.788059
combat,bd6t530274p,,failed,0,0,,http_manifest,known,403,manifest,"Client error '403 ' for url 'https://openapiproext.bnf.fr/iiif/presentation/v3/ark:/12148/bd6t530274p/manifest.json'
For more information check: https://developer.mozilla.org/en-US/docs/Web/HTTP/Status/403",2026-07-17T11:35:43.987777
combat,bd6t5302751,,failed,0,0,,http_manifest,known,403,manifest,"Client error '403 ' for url 'https://openapiproext.bnf.fr/iiif/presentation/v3/ark:/12148/bd6t5302751/manifest.json'
For more information check: https://developer.mozilla.org/en-US/docs/Web/HTTP/Status/403",2026-07-17T11:35:45.190705
combat,bd6t530276c,,failed,0,0,,http_manifest,known,403,manifest,"Client error '403 ' for url 'https://openapiproext.bnf.fr/iiif/presentation/v3/ark:/12148/bd6t530276c/manifest.json'
For more information check: https://developer.mozilla.org/en-US/docs/Web/HTTP/Status/403",2026-07-17T11:35:46.389607
combat,bd6t530277q,,failed,0,0,,http_manifest,known,403,manifest,"Client error '403 ' for url 'https://openapiproext.bnf.fr/iiif/presentation/v3/ark:/12148/bd6t530277q/manifest.json'
For more information check: https://developer.mozilla.org/en-US/docs/Web/HTTP/Status/403",2026-07-17T11:35:47.623231
combat,bd6t5302782,,failed,0,0,,http_manifest,known,403,manifest,"Client error '403 ' for url 'https://openapiproext.bnf.fr/iiif/presentation/v3/ark:/12148/bd6t5302782/manifest.json'
For more information check: https://developer.mozilla.org/en-US/docs/Web/HTTP/Status/403",2026-07-17T11:35:48.795833
combat,bd6t530279d,,failed,0,0,,http_manifest,known,403,manifest,"Client error '403 ' for url 'https://openapiproext.bnf.fr/iiif/presentation/v3/ark:/12148/bd6t530279d/manifest.json'
For more information check: https://developer.mozilla.org/en-US/docs/Web/HTTP/Status/403",2026-07-17T11:35:50.002752
combat,bd6t530280m,,failed,0,0,,http_manifest,known,403,manifest,"Client error '403 ' for url 'https://openapiproext.bnf.fr/iiif/presentation/v3/ark:/12148/bd6t530280m/manifest.json'
For more information check: https://developer.mozilla.org/en-US/docs/Web/HTTP/Status/403",2026-07-17T11:35:51.195119
combat,bd6t530281z,,failed,0,0,,http_manifest,known,403,manifest,"Client error '403 ' for url 'https://openapiproext.bnf.fr/iiif/presentation/v3/ark:/12148/bd6t530281z/manifest.json'
For more information check: https://developer.mozilla.org/en-US/docs/Web/HTTP/Status/403",2026-07-17T11:35:52.395842
combat,bd6t5302829,,failed,0,0,,http_manifest,known,403,manifest,"Client error '403 ' for url 'https://openapiproext.bnf.fr/iiif/presentation/v3/ark:/12148/bd6t5302829/manifest.json'
For more information check: https://developer.mozilla.org/en-US/docs/Web/HTTP/Status/403",2026-07-17T11:35:53.600601
combat,bd6t530283n,,failed,0,0,,http_manifest,known,403,manifest,"Client error '403 ' for url 'https://openapiproext.bnf.fr/iiif/presentation/v3/ark:/12148/bd6t530283n/manifest.json'
For more information check: https://developer.mozilla.org/en-US/docs/Web/HTTP/Status/403",2026-07-17T11:35:54.800771
combat,bd6t5302840,,failed,0,0,,http_manifest,known,403,manifest,"Client error '403 ' for url 'https://openapiproext.bnf.fr/iiif/presentation/v3/ark:/12148/bd6t5302840/manifest.json'
For more information check: https://developer.mozilla.org/en-US/docs/Web/HTTP/Status/403",2026-07-17T11:35:56.005095
combat,bd6t530285b,,failed,0,0,,http_manifest,known,403,manifest,"Client error '403 ' for url 'https://openapiproext.bnf.fr/iiif/presentation/v3/ark:/12148/bd6t530285b/manifest.json'
For more information check: https://developer.mozilla.org/en-US/docs/Web/HTTP/Status/403",2026-07-17T11:35:57.209303
combat,bd6t530286p,,failed,0,0,,http_manifest,known,403,manifest,"Client error '403 ' for url 'https://openapiproext.bnf.fr/iiif/presentation/v3/ark:/12148/bd6t530286p/manifest.json'
For more information check: https://developer.mozilla.org/en-US/docs/Web/HTTP/Status/403",2026-07-17T11:35:58.651837
combat,bd6t5302871,,failed,0,0,,http_manifest,known,403,manifest,"Client error '403 ' for url 'https://openapiproext.bnf.fr/iiif/presentation/v3/ark:/12148/bd6t5302871/manifest.json'
For more information check: https://developer.mozilla.org/en-US/docs/Web/HTTP/Status/403",2026-07-17T11:35:59.733874
combat,bd6t530288c,,failed,0,0,,http_manifest,known,403,manifest,"Client error '403 ' for url 'https://openapiproext.bnf.fr/iiif/presentation/v3/ark:/12148/bd6t530288c/manifest.json'
For more information check: https://developer.mozilla.org/en-US/docs/Web/HTTP/Status/403",2026-07-17T11:36:00.812911
combat,bd6t530289q,,failed,0,0,,http_manifest,known,403,manifest,"Client error '403 ' for url 'https://openapiproext.bnf.fr/iiif/presentation/v3/ark:/12148/bd6t530289q/manifest.json'
For more information check: https://developer.mozilla.org/en-US/docs/Web/HTTP/Status/403",2026-07-17T11:36:02.044578
combat,bd6t530290x,,failed,0,0,,http_manifest,known,403,manifest,"Client error '403 ' for url 'https://openapiproext.bnf.fr/iiif/presentation/v3/ark:/12148/bd6t530290x/manifest.json'
For more information check: https://developer.mozilla.org/en-US/docs/Web/HTTP/Status/403",2026-07-17T11:36:03.434896
combat,bd6t5302918,,failed,0,0,,http_manifest,known,403,manifest,"Client error '403 ' for url 'https://openapiproext.bnf.fr/iiif/presentation/v3/ark:/12148/bd6t5302918/manifest.json'
For more information check: https://developer.mozilla.org/en-US/docs/Web/HTTP/Status/403",2026-07-17T11:36:04.555532
combat,bd6t530292m,,failed,0,0,,http_manifest,known,403,manifest,"Client error '403 ' for url 'https://openapiproext.bnf.fr/iiif/presentation/v3/ark:/12148/bd6t530292m/manifest.json'
For more information check: https://developer.mozilla.org/en-US/docs/Web/HTTP/Status/403",2026-07-17T11:36:05.899398
combat,bd6t530293z,,failed,0,0,,http_manifest,known,403,manifest,"Client error '403 ' for url 'https://openapiproext.bnf.fr/iiif/presentation/v3/ark:/12148/bd6t530293z/manifest.json'
For more information check: https://developer.mozilla.org/en-US/docs/Web/HTTP/Status/403",2026-07-17T11:36:06.884408
combat,bd6t5302949,,failed,0,0,,http_manifest,known,403,manifest,"Client error '403 ' for url 'https://openapiproext.bnf.fr/iiif/presentation/v3/ark:/12148/bd6t5302949/manifest.json'
For more information check: https://developer.mozilla.org/en-US/docs/Web/HTTP/Status/403",2026-07-17T11:36:08.031198
combat,bd6t530295n,,failed,0,0,,http_manifest,known,403,manifest,"Client error '403 ' for url 'https://openapiproext.bnf.fr/iiif/presentation/v3/ark:/12148/bd6t530295n/manifest.json'
For more information check: https://developer.mozilla.org/en-US/docs/Web/HTTP/Status/403",2026-07-17T11:36:09.218099
combat,bd6t5302960,,failed,0,0,,http_manifest,known,403,manifest,"Client error '403 ' for url 'https://openapiproext.bnf.fr/iiif/presentation/v3/ark:/12148/bd6t5302960/manifest.json'
For more information check: https://developer.mozilla.org/en-US/docs/Web/HTTP/Status/403",2026-07-17T11:36:10.469960
combat,bd6t530297b,,failed,0,0,,http_manifest,known,403,manifest,"Client error '403 ' for url 'https://openapiproext.bnf.fr/iiif/presentation/v3/ark:/12148/bd6t530297b/manifest.json'
For more information check: https://developer.mozilla.org/en-US/docs/Web/HTTP/Status/403",2026-07-17T11:36:11.697262
combat,bd6t530298p,,failed,0,0,,http_manifest,known,403,manifest,"Client error '403 ' for url 'https://openapiproext.bnf.fr/iiif/presentation/v3/ark:/12148/bd6t530298p/manifest.json'
For more information check: https://developer.mozilla.org/en-US/docs/Web/HTTP/Status/403",2026-07-17T11:36:12.872560
combat,bd6t5302991,,failed,0,0,,http_manifest,known,403,manifest,"Client error '403 ' for url 'https://openapiproext.bnf.fr/iiif/presentation/v3/ark:/12148/bd6t5302991/manifest.json'
For more information check: https://developer.mozilla.org/en-US/docs/Web/HTTP/Status/403",2026-07-17T11:36:14.031279
combat,bd6t530300d,,failed,0,0,,http_manifest,known,403,manifest,"Client error '403 ' for url 'https://openapiproext.bnf.fr/iiif/presentation/v3/ark:/12148/bd6t530300d/manifest.json'
For more information check: https://developer.mozilla.org/en-US/docs/Web/HTTP/Status/403",2026-07-17T11:36:15.229985
combat,bd6t530301r,,failed,0,0,,http_manifest,known,403,manifest,"Client error '403 ' for url 'https://openapiproext.bnf.fr/iiif/presentation/v3/ark:/12148/bd6t530301r/manifest.json'
For more information check: https://developer.mozilla.org/en-US/docs/Web/HTTP/Status/403",2026-07-17T11:36:16.429676
combat,bd6t5303023,,failed,0,0,,http_manifest,known,403,manifest,"Client error '403 ' for url 'https://openapiproext.bnf.fr/iiif/presentation/v3/ark:/12148/bd6t5303023/manifest.json'
For more information check: https://developer.mozilla.org/en-US/docs/Web/HTTP/Status/403",2026-07-17T11:36:17.817075
combat,bd6t530303f,,failed,0,0,,http_manifest,known,403,manifest,"Client error '403 ' for url 'https://openapiproext.bnf.fr/iiif/presentation/v3/ark:/12148/bd6t530303f/manifest.json'
For more information check: https://developer.mozilla.org/en-US/docs/Web/HTTP/Status/403",2026-07-17T11:36:18.882036
combat,bd6t530304s,,failed,0,0,,http_manifest,known,403,manifest,"Client error '403 ' for url 'https://openapiproext.bnf.fr/iiif/presentation/v3/ark:/12148/bd6t530304s/manifest.json'
For more information check: https://developer.mozilla.org/en-US/docs/Web/HTTP/Status/403",2026-07-17T11:36:20.033751
combat,bd6t5303054,,failed,0,0,,http_manifest,known,403,manifest,"Client error '403 ' for url 'https://openapiproext.bnf.fr/iiif/presentation/v3/ark:/12148/bd6t5303054/manifest.json'
For more information check: https://developer.mozilla.org/en-US/docs/Web/HTTP/Status/403",2026-07-17T11:36:21.234905
combat,bd6t530306g,,failed,0,0,,http_manifest,known,403,manifest,"Client error '403 ' for url 'https://openapiproext.bnf.fr/iiif/presentation/v3/ark:/12148/bd6t530306g/manifest.json'
For more information check: https://developer.mozilla.org/en-US/docs/Web/HTTP/Status/403",2026-07-17T11:36:22.438425
combat,bd6t530307t,,failed,0,0,,http_manifest,known,403,manifest,"Client error '403 ' for url 'https://openapiproext.bnf.fr/iiif/presentation/v3/ark:/12148/bd6t530307t/manifest.json'
For more information check: https://developer.mozilla.org/en-US/docs/Web/HTTP/Status/403",2026-07-17T11:36:23.638292
combat,bd6t5303085,,failed,0,0,,http_manifest,known,403,manifest,"Client error '403 ' for url 'https://openapiproext.bnf.fr/iiif/presentation/v3/ark:/12148/bd6t5303085/manifest.json'
For more information check: https://developer.mozilla.org/en-US/docs/Web/HTTP/Status/403",2026-07-17T11:36:24.839295
combat,bd6t530309h,,failed,0,0,,http_manifest,known,403,manifest,"Client error '403 ' for url 'https://openapiproext.bnf.fr/iiif/presentation/v3/ark:/12148/bd6t530309h/manifest.json'
For more information check: https://developer.mozilla.org/en-US/docs/Web/HTTP/Status/403",2026-07-17T11:36:26.040755
combat,bd6t530310q,,failed,0,0,,http_manifest,known,403,manifest,"Client error '403 ' for url 'https://openapiproext.bnf.fr/iiif/presentation/v3/ark:/12148/bd6t530310q/manifest.json'
For more information check: https://developer.mozilla.org/en-US/docs/Web/HTTP/Status/403",2026-07-17T11:36:27.242737
combat,bd6t5303112,,failed,0,0,,http_manifest,known,403,manifest,"Client error '403 ' for url 'https://openapiproext.bnf.fr/iiif/presentation/v3/ark:/12148/bd6t5303112/manifest.json'
For more information check: https://developer.mozilla.org/en-US/docs/Web/HTTP/Status/403",2026-07-17T11:36:28.444287
combat,bd6t530312d,,failed,0,0,,http_manifest,known,403,manifest,"Client error '403 ' for url 'https://openapiproext.bnf.fr/iiif/presentation/v3/ark:/12148/bd6t530312d/manifest.json'
For more information check: https://developer.mozilla.org/en-US/docs/Web/HTTP/Status/403",2026-07-17T11:36:29.650622
combat,bd6t530313r,,failed,0,0,,http_manifest,known,403,manifest,"Client error '403 ' for url 'https://openapiproext.bnf.fr/iiif/presentation/v3/ark:/12148/bd6t530313r/manifest.json'
For more information check: https://developer.mozilla.org/en-US/docs/Web/HTTP/Status/403",2026-07-17T11:36:30.875614
combat,bd6t5303143,,failed,0,0,,http_manifest,known,403,manifest,"Client error '403 ' for url 'https://openapiproext.bnf.fr/iiif/presentation/v3/ark:/12148/bd6t5303143/manifest.json'
For more information check: https://developer.mozilla.org/en-US/docs/Web/HTTP/Status/403",2026-07-17T11:36:32.050227
combat,bd6t530315f,,failed,0,0,,http_manifest,known,403,manifest,"Client error '403 ' for url 'https://openapiproext.bnf.fr/iiif/presentation/v3/ark:/12148/bd6t530315f/manifest.json'
For more information check: https://developer.mozilla.org/en-US/docs/Web/HTTP/Status/403",2026-07-17T11:36:33.255408
combat,bd6t530316s,,failed,0,0,,http_manifest,known,403,manifest,"Client error '403 ' for url 'https://openapiproext.bnf.fr/iiif/presentation/v3/ark:/12148/bd6t530316s/manifest.json'
For more information check: https://developer.mozilla.org/en-US/docs/Web/HTTP/Status/403",2026-07-17T11:36:34.454430
combat,bd6t5303174,,failed,0,0,,http_manifest,known,403,manifest,"Client error '403 ' for url 'https://openapiproext.bnf.fr/iiif/presentation/v3/ark:/12148/bd6t5303174/manifest.json'
For more information check: https://developer.mozilla.org/en-US/docs/Web/HTTP/Status/403",2026-07-17T11:36:35.681364
combat,bd6t530318g,,failed,0,0,,http_manifest,known,403,manifest,"Client error '403 ' for url 'https://openapiproext.bnf.fr/iiif/presentation/v3/ark:/12148/bd6t530318g/manifest.json'
For more information check: https://developer.mozilla.org/en-US/docs/Web/HTTP/Status/403",2026-07-17T11:36:36.874072
combat,bd6t530319t,,failed,0,0,,http_manifest,known,403,manifest,"Client error '403 ' for url 'https://openapiproext.bnf.fr/iiif/presentation/v3/ark:/12148/bd6t530319t/manifest.json'
For more information check: https://developer.mozilla.org/en-US/docs/Web/HTTP/Status/403",2026-07-17T11:36:38.060916
combat,bd6t5303201,,failed,0,0,,http_manifest,known,403,manifest,"Client error '403 ' for url 'https://openapiproext.bnf.fr/iiif/presentation/v3/ark:/12148/bd6t5303201/manifest.json'
For more information check: https://developer.mozilla.org/en-US/docs/Web/HTTP/Status/403",2026-07-17T11:36:39.259824
combat,bd6t530321c,,failed,0,0,,http_manifest,known,403,manifest,"Client error '403 ' for url 'https://openapiproext.bnf.fr/iiif/presentation/v3/ark:/12148/bd6t530321c/manifest.json'
For more information check: https://developer.mozilla.org/en-US/docs/Web/HTTP/Status/403",2026-07-17T11:36:40.461863
combat,bd6t530322q,,failed,0,0,,http_manifest,known,403,manifest,"Client error '403 ' for url 'https://openapiproext.bnf.fr/iiif/presentation/v3/ark:/12148/bd6t530322q/manifest.json'
For more information check: https://developer.mozilla.org/en-US/docs/Web/HTTP/Status/403",2026-07-17T11:36:41.664282
combat,bd6t5303232,,failed,0,0,,http_manifest,known,403,manifest,"Client error '403 ' for url 'https://openapiproext.bnf.fr/iiif/presentation/v3/ark:/12148/bd6t5303232/manifest.json'
For more information check: https://developer.mozilla.org/en-US/docs/Web/HTTP/Status/403",2026-07-17T11:36:42.865466
combat,bd6t530324d,,failed,0,0,,http_manifest,known,403,manifest,"Client error '403 ' for url 'https://openapiproext.bnf.fr/iiif/presentation/v3/ark:/12148/bd6t530324d/manifest.json'
For more information check: https://developer.mozilla.org/en-US/docs/Web/HTTP/Status/403",2026-07-17T11:36:44.066846
combat,bd6t530325r,,failed,0,0,,http_manifest,known,403,manifest,"Client error '403 ' for url 'https://openapiproext.bnf.fr/iiif/presentation/v3/ark:/12148/bd6t530325r/manifest.json'
For more information check: https://developer.mozilla.org/en-US/docs/Web/HTTP/Status/403",2026-07-17T11:36:45.267147
combat,bd6t5303263,,failed,0,0,,http_manifest,known,403,manifest,"Client error '403 ' for url 'https://openapiproext.bnf.fr/iiif/presentation/v3/ark:/12148/bd6t5303263/manifest.json'
For more information check: https://developer.mozilla.org/en-US/docs/Web/HTTP/Status/403",2026-07-17T11:36:46.477505
combat,bd6t530327f,,failed,0,0,,http_manifest,known,403,manifest,"Client error '403 ' for url 'https://openapiproext.bnf.fr/iiif/presentation/v3/ark:/12148/bd6t530327f/manifest.json'
For more information check: https://developer.mozilla.org/en-US/docs/Web/HTTP/Status/403",2026-07-17T11:36:47.673521
combat,bd6t530328s,,failed,0,0,,http_manifest,known,403,manifest,"Client error '403 ' for url 'https://openapiproext.bnf.fr/iiif/presentation/v3/ark:/12148/bd6t530328s/manifest.json'
For more information check: https://developer.mozilla.org/en-US/docs/Web/HTTP/Status/403",2026-07-17T11:36:48.892630
combat,bd6t5303294,,failed,0,0,,http_manifest,known,403,manifest,"Client error '403 ' for url 'https://openapiproext.bnf.fr/iiif/presentation/v3/ark:/12148/bd6t5303294/manifest.json'
For more information check: https://developer.mozilla.org/en-US/docs/Web/HTTP/Status/403",2026-07-17T11:36:50.078262
combat,bd6t530330b,,failed,0,0,,http_manifest,known,403,manifest,"Client error '403 ' for url 'https://openapiproext.bnf.fr/iiif/presentation/v3/ark:/12148/bd6t530330b/manifest.json'
For more information check: https://developer.mozilla.org/en-US/docs/Web/HTTP/Status/403",2026-07-17T11:36:51.277094
combat,bd6t530331p,,failed,0,0,,http_manifest,known,403,manifest,"Client error '403 ' for url 'https://openapiproext.bnf.fr/iiif/presentation/v3/ark:/12148/bd6t530331p/manifest.json'
For more information check: https://developer.mozilla.org/en-US/docs/Web/HTTP/Status/403",2026-07-17T11:36:52.476569
combat,bd6t5303321,,failed,0,0,,http_manifest,known,403,manifest,"Client error '403 ' for url 'https://openapiproext.bnf.fr/iiif/presentation/v3/ark:/12148/bd6t5303321/manifest.json'
For more information check: https://developer.mozilla.org/en-US/docs/Web/HTTP/Status/403",2026-07-17T11:36:53.681758
combat,bd6t530333c,,failed,0,0,,http_manifest,known,403,manifest,"Client error '403 ' for url 'https://openapiproext.bnf.fr/iiif/presentation/v3/ark:/12148/bd6t530333c/manifest.json'
For more information check: https://developer.mozilla.org/en-US/docs/Web/HTTP/Status/403",2026-07-17T11:36:54.885284
combat,bd6t530334q,,failed,0,0,,http_manifest,known,403,manifest,"Client error '403 ' for url 'https://openapiproext.bnf.fr/iiif/presentation/v3/ark:/12148/bd6t530334q/manifest.json'
For more information check: https://developer.mozilla.org/en-US/docs/Web/HTTP/Status/403",2026-07-17T11:36:56.087747
combat,bd6t5124203h,,failed,0,0,,http_manifest,known,403,manifest,"Client error '403 ' for url 'https://openapiproext.bnf.fr/iiif/presentation/v3/ark:/12148/bd6t5124203h/manifest.json'
For more information check: https://developer.mozilla.org/en-US/docs/Web/HTTP/Status/403",2026-07-17T11:36:57.287507
combat,bd6t5124204w,,failed,0,0,,http_manifest,known,403,manifest,"Client error '403 ' for url 'https://openapiproext.bnf.fr/iiif/presentation/v3/ark:/12148/bd6t5124204w/manifest.json'
For more information check: https://developer.mozilla.org/en-US/docs/Web/HTTP/Status/403",2026-07-17T11:36:58.630239
combat,bd6t51242058,,failed,0,0,,http_manifest,known,403,manifest,"Client error '403 ' for url 'https://openapiproext.bnf.fr/iiif/presentation/v3/ark:/12148/bd6t51242058/manifest.json'
For more information check: https://developer.mozilla.org/en-US/docs/Web/HTTP/Status/403",2026-07-17T11:36:59.712509
combat,bd6t5124206n,,failed,0,0,,http_manifest,known,403,manifest,"Client error '403 ' for url 'https://openapiproext.bnf.fr/iiif/presentation/v3/ark:/12148/bd6t5124206n/manifest.json'
For more information check: https://developer.mozilla.org/en-US/docs/Web/HTTP/Status/403",2026-07-17T11:37:01.080657
combat,bd6t51242071,,failed,0,0,,http_manifest,known,403,manifest,"Client error '403 ' for url 'https://openapiproext.bnf.fr/iiif/presentation/v3/ark:/12148/bd6t51242071/manifest.json'
For more information check: https://developer.mozilla.org/en-US/docs/Web/HTTP/Status/403",2026-07-17T11:37:02.110608
combat,bd6t5124208d,,failed,0,0,,http_manifest,known,403,manifest,"Client error '403 ' for url 'https://openapiproext.bnf.fr/iiif/presentation/v3/ark:/12148/bd6t5124208d/manifest.json'
For more information check: https://developer.mozilla.org/en-US/docs/Web/HTTP/Status/403",2026-07-17T11:37:03.295692
combat,bd6t5124209s,,failed,0,0,,http_manifest,known,403,manifest,"Client error '403 ' for url 'https://openapiproext.bnf.fr/iiif/presentation/v3/ark:/12148/bd6t5124209s/manifest.json'
For more information check: https://developer.mozilla.org/en-US/docs/Web/HTTP/Status/403",2026-07-17T11:37:04.658346
combat,bd6t5124210q,,failed,0,0,,http_manifest,known,403,manifest,"Client error '403 ' for url 'https://openapiproext.bnf.fr/iiif/presentation/v3/ark:/12148/bd6t5124210q/manifest.json'
For more information check: https://developer.mozilla.org/en-US/docs/Web/HTTP/Status/403",2026-07-17T11:37:05.869443
combat,bd6t51242113,,failed,0,0,,http_manifest,known,403,manifest,"Client error '403 ' for url 'https://openapiproext.bnf.fr/iiif/presentation/v3/ark:/12148/bd6t51242113/manifest.json'
For more information check: https://developer.mozilla.org/en-US/docs/Web/HTTP/Status/403",2026-07-17T11:37:06.937969
combat,bd6t5124212g,,failed,0,0,,http_manifest,known,403,manifest,"Client error '403 ' for url 'https://openapiproext.bnf.fr/iiif/presentation/v3/ark:/12148/bd6t5124212g/manifest.json'
For more information check: https://developer.mozilla.org/en-US/docs/Web/HTTP/Status/403",2026-07-17T11:37:08.128433
combat,bd6t5124213v,,failed,0,0,,http_manifest,known,403,manifest,"Client error '403 ' for url 'https://openapiproext.bnf.fr/iiif/presentation/v3/ark:/12148/bd6t5124213v/manifest.json'
For more information check: https://developer.mozilla.org/en-US/docs/Web/HTTP/Status/403",2026-07-17T11:37:09.407645
combat,bd6t51242147,,failed,0,0,,http_manifest,known,403,manifest,"Client error '403 ' for url 'https://openapiproext.bnf.fr/iiif/presentation/v3/ark:/12148/bd6t51242147/manifest.json'
For more information check: https://developer.mozilla.org/en-US/docs/Web/HTTP/Status/403",2026-07-17T11:37:10.537534
combat,bd6t5124215m,,failed,0,0,,http_manifest,known,403,manifest,"Client error '403 ' for url 'https://openapiproext.bnf.fr/iiif/presentation/v3/ark:/12148/bd6t5124215m/manifest.json'
For more information check: https://developer.mozilla.org/en-US/docs/Web/HTTP/Status/403",2026-07-17T11:37:11.707469
combat,bd6t51242160,,failed,0,0,,http_manifest,known,403,manifest,"Client error '403 ' for url 'https://openapiproext.bnf.fr/iiif/presentation/v3/ark:/12148/bd6t51242160/manifest.json'
For more information check: https://developer.mozilla.org/en-US/docs/Web/HTTP/Status/403",2026-07-17T11:37:12.910447
combat,bd6t5124217c,,failed,0,0,,http_manifest,known,403,manifest,"Client error '403 ' for url 'https://openapiproext.bnf.fr/iiif/presentation/v3/ark:/12148/bd6t5124217c/manifest.json'
For more information check: https://developer.mozilla.org/en-US/docs/Web/HTTP/Status/403",2026-07-17T11:37:14.423435
combat,bd6t5124218r,,failed,0,0,,http_manifest,known,403,manifest,"Client error '403 ' for url 'https://openapiproext.bnf.fr/iiif/presentation/v3/ark:/12148/bd6t5124218r/manifest.json'
For more information check: https://developer.mozilla.org/en-US/docs/Web/HTTP/Status/403",2026-07-17T11:37:15.314088
combat,bd6t51242194,,failed,0,0,,http_manifest,known,403,manifest,"Client error '403 ' for url 'https://openapiproext.bnf.fr/iiif/presentation/v3/ark:/12148/bd6t51242194/manifest.json'
For more information check: https://developer.mozilla.org/en-US/docs/Web/HTTP/Status/403",2026-07-17T11:37:16.515243
combat,bd6t51242202,,failed,0,0,,http_manifest,known,403,manifest,"Client error '403 ' for url 'https://openapiproext.bnf.fr/iiif/presentation/v3/ark:/12148/bd6t51242202/manifest.json'
For more information check: https://developer.mozilla.org/en-US/docs/Web/HTTP/Status/403",2026-07-17T11:37:17.712651
combat,bd6t5124221f,,failed,0,0,,http_manifest,known,403,manifest,"Client error '403 ' for url 'https://openapiproext.bnf.fr/iiif/presentation/v3/ark:/12148/bd6t5124221f/manifest.json'
For more information check: https://developer.mozilla.org/en-US/docs/Web/HTTP/Status/403",2026-07-17T11:37:18.944096
combat,bd6t5124222t,,failed,0,0,,http_manifest,known,403,manifest,"Client error '403 ' for url 'https://openapiproext.bnf.fr/iiif/presentation/v3/ark:/12148/bd6t5124222t/manifest.json'
For more information check: https://developer.mozilla.org/en-US/docs/Web/HTTP/Status/403",2026-07-17T11:37:20.118507
combat,bd6t51242236,,failed,0,0,,http_manifest,known,403,manifest,"Client error '403 ' for url 'https://openapiproext.bnf.fr/iiif/presentation/v3/ark:/12148/bd6t51242236/manifest.json'
For more information check: https://developer.mozilla.org/en-US/docs/Web/HTTP/Status/403",2026-07-17T11:37:21.319129
combat,bd6t5124224k,,failed,0,0,,http_manifest,known,403,manifest,"Client error '403 ' for url 'https://openapiproext.bnf.fr/iiif/presentation/v3/ark:/12148/bd6t5124224k/manifest.json'
For more information check: https://developer.mozilla.org/en-US/docs/Web/HTTP/Status/403",2026-07-17T11:37:22.522287
combat,bd6t5124225z,,failed,0,0,,http_manifest,known,403,manifest,"Client error '403 ' for url 'https://openapiproext.bnf.fr/iiif/presentation/v3/ark:/12148/bd6t5124225z/manifest.json'
For more information check: https://developer.mozilla.org/en-US/docs/Web/HTTP/Status/403",2026-07-17T11:37:23.722590
combat,bd6t5124226b,,failed,0,0,,http_manifest,known,403,manifest,"Client error '403 ' for url 'https://openapiproext.bnf.fr/iiif/presentation/v3/ark:/12148/bd6t5124226b/manifest.json'
For more information check: https://developer.mozilla.org/en-US/docs/Web/HTTP/Status/403",2026-07-17T11:37:24.924482
combat,bd6t5124227q,,failed,0,0,,http_manifest,known,403,manifest,"Client error '403 ' for url 'https://openapiproext.bnf.fr/iiif/presentation/v3/ark:/12148/bd6t5124227q/manifest.json'
For more information check: https://developer.mozilla.org/en-US/docs/Web/HTTP/Status/403",2026-07-17T11:37:26.125059
combat,bd6t51242283,,failed,0,0,,http_manifest,known,403,manifest,"Client error '403 ' for url 'https://openapiproext.bnf.fr/iiif/presentation/v3/ark:/12148/bd6t51242283/manifest.json'
For more information check: https://developer.mozilla.org/en-US/docs/Web/HTTP/Status/403",2026-07-17T11:37:27.325121
combat,bd6t5124229g,,failed,0,0,,http_manifest,known,403,manifest,"Client error '403 ' for url 'https://openapiproext.bnf.fr/iiif/presentation/v3/ark:/12148/bd6t5124229g/manifest.json'
For more information check: https://developer.mozilla.org/en-US/docs/Web/HTTP/Status/403",2026-07-17T11:37:28.529038
combat,bd6t5124230d,,failed,0,0,,http_manifest,known,403,manifest,"Client error '403 ' for url 'https://openapiproext.bnf.fr/iiif/presentation/v3/ark:/12148/bd6t5124230d/manifest.json'
For more information check: https://developer.mozilla.org/en-US/docs/Web/HTTP/Status/403",2026-07-17T11:37:29.732485
combat,bd6t5124231s,,failed,0,0,,http_manifest,known,403,manifest,"Client error '403 ' for url 'https://openapiproext.bnf.fr/iiif/presentation/v3/ark:/12148/bd6t5124231s/manifest.json'
For more information check: https://developer.mozilla.org/en-US/docs/Web/HTTP/Status/403",2026-07-17T11:37:30.958039
combat,bd6t51242325,,failed,0,0,,http_manifest,known,403,manifest,"Client error '403 ' for url 'https://openapiproext.bnf.fr/iiif/presentation/v3/ark:/12148/bd6t51242325/manifest.json'
For more information check: https://developer.mozilla.org/en-US/docs/Web/HTTP/Status/403",2026-07-17T11:37:32.135574
combat,bd6t5124233j,,failed,0,0,,http_manifest,known,403,manifest,"Client error '403 ' for url 'https://openapiproext.bnf.fr/iiif/presentation/v3/ark:/12148/bd6t5124233j/manifest.json'
For more information check: https://developer.mozilla.org/en-US/docs/Web/HTTP/Status/403",2026-07-17T11:37:33.344282
combat,bd6t5124234x,,failed,0,0,,http_manifest,known,403,manifest,"Client error '403 ' for url 'https://openapiproext.bnf.fr/iiif/presentation/v3/ark:/12148/bd6t5124234x/manifest.json'
For more information check: https://developer.mozilla.org/en-US/docs/Web/HTTP/Status/403",2026-07-17T11:37:34.537900
combat,bd6t51242359,,failed,0,0,,http_manifest,known,403,manifest,"Client error '403 ' for url 'https://openapiproext.bnf.fr/iiif/presentation/v3/ark:/12148/bd6t51242359/manifest.json'
For more information check: https://developer.mozilla.org/en-US/docs/Web/HTTP/Status/403",2026-07-17T11:37:35.736821
combat,bd6t5124236p,,failed,0,0,,http_manifest,known,403,manifest,"Client error '403 ' for url 'https://openapiproext.bnf.fr/iiif/presentation/v3/ark:/12148/bd6t5124236p/manifest.json'
For more information check: https://developer.mozilla.org/en-US/docs/Web/HTTP/Status/403",2026-07-17T11:37:36.968776
combat,bd6t51242372,,failed,0,0,,http_manifest,known,403,manifest,"Client error '403 ' for url 'https://openapiproext.bnf.fr/iiif/presentation/v3/ark:/12148/bd6t51242372/manifest.json'
For more information check: https://developer.mozilla.org/en-US/docs/Web/HTTP/Status/403",2026-07-17T11:37:38.144896
combat,bd6t5124238f,,failed,0,0,,http_manifest,known,403,manifest,"Client error '403 ' for url 'https://openapiproext.bnf.fr/iiif/presentation/v3/ark:/12148/bd6t5124238f/manifest.json'
For more information check: https://developer.mozilla.org/en-US/docs/Web/HTTP/Status/403",2026-07-17T11:37:39.343645
combat,bd6t5124239t,,failed,0,0,,http_manifest,known,403,manifest,"Client error '403 ' for url 'https://openapiproext.bnf.fr/iiif/presentation/v3/ark:/12148/bd6t5124239t/manifest.json'
For more information check: https://developer.mozilla.org/en-US/docs/Web/HTTP/Status/403",2026-07-17T11:37:40.550592
combat,bd6t5124240r,,failed,0,0,,http_manifest,known,403,manifest,"Client error '403 ' for url 'https://openapiproext.bnf.fr/iiif/presentation/v3/ark:/12148/bd6t5124240r/manifest.json'
For more information check: https://developer.mozilla.org/en-US/docs/Web/HTTP/Status/403",2026-07-17T11:37:41.754051
combat,bd6t51242414,,failed,0,0,,http_manifest,known,403,manifest,"Client error '403 ' for url 'https://openapiproext.bnf.fr/iiif/presentation/v3/ark:/12148/bd6t51242414/manifest.json'
For more information check: https://developer.mozilla.org/en-US/docs/Web/HTTP/Status/403",2026-07-17T11:37:42.951605
combat,bd6t5124295c,,failed,0,0,,http_manifest,known,403,manifest,"Client error '403 ' for url 'https://openapiproext.bnf.fr/iiif/presentation/v3/ark:/12148/bd6t5124295c/manifest.json'
For more information check: https://developer.mozilla.org/en-US/docs/Web/HTTP/Status/403",2026-07-17T11:37:44.152757
combat,bd6t5124296r,,failed,0,0,,http_manifest,known,403,manifest,"Client error '403 ' for url 'https://openapiproext.bnf.fr/iiif/presentation/v3/ark:/12148/bd6t5124296r/manifest.json'
For more information check: https://developer.mozilla.org/en-US/docs/Web/HTTP/Status/403",2026-07-17T11:37:45.357664
combat,bd6t51242974,,failed,0,0,,http_manifest,known,403,manifest,"Client error '403 ' for url 'https://openapiproext.bnf.fr/iiif/presentation/v3/ark:/12148/bd6t51242974/manifest.json'
For more information check: https://developer.mozilla.org/en-US/docs/Web/HTTP/Status/403",2026-07-17T11:37:46.555241
combat,bd6t5124298h,,failed,0,0,,http_manifest,known,403,manifest,"Client error '403 ' for url 'https://openapiproext.bnf.fr/iiif/presentation/v3/ark:/12148/bd6t5124298h/manifest.json'
For more information check: https://developer.mozilla.org/en-US/docs/Web/HTTP/Status/403",2026-07-17T11:37:47.755926
combat,bd6t5124299w,,failed,0,0,,http_manifest,known,403,manifest,"Client error '403 ' for url 'https://openapiproext.bnf.fr/iiif/presentation/v3/ark:/12148/bd6t5124299w/manifest.json'
For more information check: https://developer.mozilla.org/en-US/docs/Web/HTTP/Status/403",2026-07-17T11:37:48.984064
combat,bd6t5124300p,,failed,0,0,,http_manifest,known,403,manifest,"Client error '403 ' for url 'https://openapiproext.bnf.fr/iiif/presentation/v3/ark:/12148/bd6t5124300p/manifest.json'
For more information check: https://developer.mozilla.org/en-US/docs/Web/HTTP/Status/403",2026-07-17T11:37:50.160589
combat,bd6t51243012,,failed,0,0,,http_manifest,known,403,manifest,"Client error '403 ' for url 'https://openapiproext.bnf.fr/iiif/presentation/v3/ark:/12148/bd6t51243012/manifest.json'
For more information check: https://developer.mozilla.org/en-US/docs/Web/HTTP/Status/403",2026-07-17T11:37:51.363866
combat,bd6t5124302f,,failed,0,0,,http_manifest,known,403,manifest,"Client error '403 ' for url 'https://openapiproext.bnf.fr/iiif/presentation/v3/ark:/12148/bd6t5124302f/manifest.json'
For more information check: https://developer.mozilla.org/en-US/docs/Web/HTTP/Status/403",2026-07-17T11:37:52.563963
combat,bd6t5124303t,,failed,0,0,,http_manifest,known,403,manifest,"Client error '403 ' for url 'https://openapiproext.bnf.fr/iiif/presentation/v3/ark:/12148/bd6t5124303t/manifest.json'
For more information check: https://developer.mozilla.org/en-US/docs/Web/HTTP/Status/403",2026-07-17T11:37:53.764454
combat,bd6t51243046,,failed,0,0,,http_manifest,known,403,manifest,"Client error '403 ' for url 'https://openapiproext.bnf.fr/iiif/presentation/v3/ark:/12148/bd6t51243046/manifest.json'
For more information check: https://developer.mozilla.org/en-US/docs/Web/HTTP/Status/403",2026-07-17T11:37:54.966013
combat,bd6t5124305k,,failed,0,0,,http_manifest,known,403,manifest,"Client error '403 ' for url 'https://openapiproext.bnf.fr/iiif/presentation/v3/ark:/12148/bd6t5124305k/manifest.json'
For more information check: https://developer.mozilla.org/en-US/docs/Web/HTTP/Status/403",2026-07-17T11:37:56.168461
combat,bd6t5124306z,,failed,0,0,,http_manifest,known,403,manifest,"Client error '403 ' for url 'https://openapiproext.bnf.fr/iiif/presentation/v3/ark:/12148/bd6t5124306z/manifest.json'
For more information check: https://developer.mozilla.org/en-US/docs/Web/HTTP/Status/403",2026-07-17T11:37:57.688445
combat,bd6t5124307b,,failed,0,0,,http_manifest,known,403,manifest,"Client error '403 ' for url 'https://openapiproext.bnf.fr/iiif/presentation/v3/ark:/12148/bd6t5124307b/manifest.json'
For more information check: https://developer.mozilla.org/en-US/docs/Web/HTTP/Status/403",2026-07-17T11:37:58.573523
combat,bd6t5124308q,,failed,0,0,,http_manifest,known,403,manifest,"Client error '403 ' for url 'https://openapiproext.bnf.fr/iiif/presentation/v3/ark:/12148/bd6t5124308q/manifest.json'
For more information check: https://developer.mozilla.org/en-US/docs/Web/HTTP/Status/403",2026-07-17T11:37:59.775978
combat,bd6t51243093,,failed,0,0,,http_manifest,known,403,manifest,"Client error '403 ' for url 'https://openapiproext.bnf.fr/iiif/presentation/v3/ark:/12148/bd6t51243093/manifest.json'
For more information check: https://developer.mozilla.org/en-US/docs/Web/HTTP/Status/403",2026-07-17T11:38:01.008089
combat,bd6t51243101,,failed,0,0,,http_manifest,known,403,manifest,"Client error '403 ' for url 'https://openapiproext.bnf.fr/iiif/presentation/v3/ark:/12148/bd6t51243101/manifest.json'
For more information check: https://developer.mozilla.org/en-US/docs/Web/HTTP/Status/403",2026-07-17T11:38:02.179953
combat,bd6t5124311d,,failed,0,0,,http_manifest,known,403,manifest,"Client error '403 ' for url 'https://openapiproext.bnf.fr/iiif/presentation/v3/ark:/12148/bd6t5124311d/manifest.json'
For more information check: https://developer.mozilla.org/en-US/docs/Web/HTTP/Status/403",2026-07-17T11:38:03.384947
combat,bd6t5124312s,,failed,0,0,,http_manifest,known,403,manifest,"Client error '403 ' for url 'https://openapiproext.bnf.fr/iiif/presentation/v3/ark:/12148/bd6t5124312s/manifest.json'
For more information check: https://developer.mozilla.org/en-US/docs/Web/HTTP/Status/403",2026-07-17T11:38:04.597765
combat,bd6t51243135,,failed,0,0,,http_manifest,known,403,manifest,"Client error '403 ' for url 'https://openapiproext.bnf.fr/iiif/presentation/v3/ark:/12148/bd6t51243135/manifest.json'
For more information check: https://developer.mozilla.org/en-US/docs/Web/HTTP/Status/403",2026-07-17T11:38:05.929062
combat,bd6t5124314j,,failed,0,0,,http_manifest,known,403,manifest,"Client error '403 ' for url 'https://openapiproext.bnf.fr/iiif/presentation/v3/ark:/12148/bd6t5124314j/manifest.json'
For more information check: https://developer.mozilla.org/en-US/docs/Web/HTTP/Status/403",2026-07-17T11:38:07.004863
combat,bd6t5124315x,,failed,0,0,,http_manifest,known,403,manifest,"Client error '403 ' for url 'https://openapiproext.bnf.fr/iiif/presentation/v3/ark:/12148/bd6t5124315x/manifest.json'
For more information check: https://developer.mozilla.org/en-US/docs/Web/HTTP/Status/403",2026-07-17T11:38:08.416251
combat,bd6t51243169,,failed,0,0,,http_manifest,known,403,manifest,"Client error '403 ' for url 'https://openapiproext.bnf.fr/iiif/presentation/v3/ark:/12148/bd6t51243169/manifest.json'
For more information check: https://developer.mozilla.org/en-US/docs/Web/HTTP/Status/403",2026-07-17T11:38:09.384080
combat,bd6t5124317p,,failed,0,0,,http_manifest,known,403,manifest,"Client error '403 ' for url 'https://openapiproext.bnf.fr/iiif/presentation/v3/ark:/12148/bd6t5124317p/manifest.json'
For more information check: https://developer.mozilla.org/en-US/docs/Web/HTTP/Status/403",2026-07-17T11:38:10.779404
combat,bd6t51243182,,failed,0,0,,http_manifest,known,403,manifest,"Client error '403 ' for url 'https://openapiproext.bnf.fr/iiif/presentation/v3/ark:/12148/bd6t51243182/manifest.json'
For more information check: https://developer.mozilla.org/en-US/docs/Web/HTTP/Status/403",2026-07-17T11:38:11.851117
combat,bd6t5124319f,,failed,0,0,,http_manifest,known,403,manifest,"Client error '403 ' for url 'https://openapiproext.bnf.fr/iiif/presentation/v3/ark:/12148/bd6t5124319f/manifest.json'
For more information check: https://developer.mozilla.org/en-US/docs/Web/HTTP/Status/403",2026-07-17T11:38:13.327352
combat,bd6t5124320c,,failed,0,0,,http_manifest,known,403,manifest,"Client error '403 ' for url 'https://openapiproext.bnf.fr/iiif/presentation/v3/ark:/12148/bd6t5124320c/manifest.json'
For more information check: https://developer.mozilla.org/en-US/docs/Web/HTTP/Status/403",2026-07-17T11:38:14.199566
combat,bd6t5124321r,,failed,0,0,,http_manifest,known,403,manifest,"Client error '403 ' for url 'https://openapiproext.bnf.fr/iiif/presentation/v3/ark:/12148/bd6t5124321r/manifest.json'
For more information check: https://developer.mozilla.org/en-US/docs/Web/HTTP/Status/403",2026-07-17T11:38:15.396094
combat,bd6t51243224,,failed,0,0,,http_manifest,known,403,manifest,"Client error '403 ' for url 'https://openapiproext.bnf.fr/iiif/presentation/v3/ark:/12148/bd6t51243224/manifest.json'
For more information check: https://developer.mozilla.org/en-US/docs/Web/HTTP/Status/403",2026-07-17T11:38:16.597418
combat,bd6t5124323h,,failed,0,0,,http_manifest,known,403,manifest,"Client error '403 ' for url 'https://openapiproext.bnf.fr/iiif/presentation/v3/ark:/12148/bd6t5124323h/manifest.json'
For more information check: https://developer.mozilla.org/en-US/docs/Web/HTTP/Status/403",2026-07-17T11:38:17.799903
combat,bd6t5124324w,,failed,0,0,,http_manifest,known,403,manifest,"Client error '403 ' for url 'https://openapiproext.bnf.fr/iiif/presentation/v3/ark:/12148/bd6t5124324w/manifest.json'
For more information check: https://developer.mozilla.org/en-US/docs/Web/HTTP/Status/403",2026-07-17T11:38:19.170193
combat,bd6t51243258,,failed,0,0,,http_manifest,known,403,manifest,"Client error '403 ' for url 'https://openapiproext.bnf.fr/iiif/presentation/v3/ark:/12148/bd6t51243258/manifest.json'
For more information check: https://developer.mozilla.org/en-US/docs/Web/HTTP/Status/403",2026-07-17T11:38:20.204149
combat,bd6t5124326n,,failed,0,0,,http_manifest,known,403,manifest,"Client error '403 ' for url 'https://openapiproext.bnf.fr/iiif/presentation/v3/ark:/12148/bd6t5124326n/manifest.json'
For more information check: https://developer.mozilla.org/en-US/docs/Web/HTTP/Status/403",2026-07-17T11:38:21.405161
combat,bd6t51243271,,failed,0,0,,http_manifest,known,403,manifest,"Client error '403 ' for url 'https://openapiproext.bnf.fr/iiif/presentation/v3/ark:/12148/bd6t51243271/manifest.json'
For more information check: https://developer.mozilla.org/en-US/docs/Web/HTTP/Status/403",2026-07-17T11:38:22.611601
combat,bd6t5124328d,,failed,0,0,,http_manifest,known,403,manifest,"Client error '403 ' for url 'https://openapiproext.bnf.fr/iiif/presentation/v3/ark:/12148/bd6t5124328d/manifest.json'
For more information check: https://developer.mozilla.org/en-US/docs/Web/HTTP/Status/403",2026-07-17T11:38:23.805759
combat,bd6t5124329s,,failed,0,0,,http_manifest,known,403,manifest,"Client error '403 ' for url 'https://openapiproext.bnf.fr/iiif/presentation/v3/ark:/12148/bd6t5124329s/manifest.json'
For more information check: https://developer.mozilla.org/en-US/docs/Web/HTTP/Status/403",2026-07-17T11:38:25.029718
combat,bd6t5124330q,,failed,0,0,,http_manifest,known,403,manifest,"Client error '403 ' for url 'https://openapiproext.bnf.fr/iiif/presentation/v3/ark:/12148/bd6t5124330q/manifest.json'
For more information check: https://developer.mozilla.org/en-US/docs/Web/HTTP/Status/403",2026-07-17T11:38:26.212876
combat,bd6t51243313,,failed,0,0,,http_manifest,known,403,manifest,"Client error '403 ' for url 'https://openapiproext.bnf.fr/iiif/presentation/v3/ark:/12148/bd6t51243313/manifest.json'
For more information check: https://developer.mozilla.org/en-US/docs/Web/HTTP/Status/403",2026-07-17T11:38:27.410689
combat,bd6t5124332g,,failed,0,0,,http_manifest,known,403,manifest,"Client error '403 ' for url 'https://openapiproext.bnf.fr/iiif/presentation/v3/ark:/12148/bd6t5124332g/manifest.json'
For more information check: https://developer.mozilla.org/en-US/docs/Web/HTTP/Status/403",2026-07-17T11:38:28.609179
combat,bd6t5124333v,,failed,0,0,,http_manifest,known,403,manifest,"Client error '403 ' for url 'https://openapiproext.bnf.fr/iiif/presentation/v3/ark:/12148/bd6t5124333v/manifest.json'
For more information check: https://developer.mozilla.org/en-US/docs/Web/HTTP/Status/403",2026-07-17T11:38:29.813531
combat,bd6t51243347,,failed,0,0,,http_manifest,known,403,manifest,"Client error '403 ' for url 'https://openapiproext.bnf.fr/iiif/presentation/v3/ark:/12148/bd6t51243347/manifest.json'
For more information check: https://developer.mozilla.org/en-US/docs/Web/HTTP/Status/403",2026-07-17T11:38:31.016342
combat,bd6t5124335m,,failed,0,0,,http_manifest,known,403,manifest,"Client error '403 ' for url 'https://openapiproext.bnf.fr/iiif/presentation/v3/ark:/12148/bd6t5124335m/manifest.json'
For more information check: https://developer.mozilla.org/en-US/docs/Web/HTTP/Status/403",2026-07-17T11:38:32.217577
combat,bd6t51243360,,failed,0,0,,http_manifest,known,403,manifest,"Client error '403 ' for url 'https://openapiproext.bnf.fr/iiif/presentation/v3/ark:/12148/bd6t51243360/manifest.json'
For more information check: https://developer.mozilla.org/en-US/docs/Web/HTTP/Status/403",2026-07-17T11:38:33.417119
combat,bd6t5124337c,,failed,0,0,,http_manifest,known,403,manifest,"Client error '403 ' for url 'https://openapiproext.bnf.fr/iiif/presentation/v3/ark:/12148/bd6t5124337c/manifest.json'
For more information check: https://developer.mozilla.org/en-US/docs/Web/HTTP/Status/403",2026-07-17T11:38:34.619166
combat,bd6t5124338r,,failed,0,0,,http_manifest,known,403,manifest,"Client error '403 ' for url 'https://openapiproext.bnf.fr/iiif/presentation/v3/ark:/12148/bd6t5124338r/manifest.json'
For more information check: https://developer.mozilla.org/en-US/docs/Web/HTTP/Status/403",2026-07-17T11:38:35.823161
combat,bd6t51243394,,failed,0,0,,http_manifest,known,403,manifest,"Client error '403 ' for url 'https://openapiproext.bnf.fr/iiif/presentation/v3/ark:/12148/bd6t51243394/manifest.json'
For more information check: https://developer.mozilla.org/en-US/docs/Web/HTTP/Status/403",2026-07-17T11:38:37.042435
combat,bd6t51243402,,failed,0,0,,http_manifest,known,403,manifest,"Client error '403 ' for url 'https://openapiproext.bnf.fr/iiif/presentation/v3/ark:/12148/bd6t51243402/manifest.json'
For more information check: https://developer.mozilla.org/en-US/docs/Web/HTTP/Status/403",2026-07-17T11:38:38.225386
combat,bd6t5124341f,,failed,0,0,,http_manifest,known,403,manifest,"Client error '403 ' for url 'https://openapiproext.bnf.fr/iiif/presentation/v3/ark:/12148/bd6t5124341f/manifest.json'
For more information check: https://developer.mozilla.org/en-US/docs/Web/HTTP/Status/403",2026-07-17T11:38:39.429270
combat,bd6t5124342t,,failed,0,0,,http_manifest,known,403,manifest,"Client error '403 ' for url 'https://openapiproext.bnf.fr/iiif/presentation/v3/ark:/12148/bd6t5124342t/manifest.json'
For more information check: https://developer.mozilla.org/en-US/docs/Web/HTTP/Status/403",2026-07-17T11:38:40.643416
combat,bd6t51243436,,failed,0,0,,http_manifest,known,403,manifest,"Client error '403 ' for url 'https://openapiproext.bnf.fr/iiif/presentation/v3/ark:/12148/bd6t51243436/manifest.json'
For more information check: https://developer.mozilla.org/en-US/docs/Web/HTTP/Status/403",2026-07-17T11:38:41.828187
combat,bd6t5124344k,,failed,0,0,,http_manifest,known,403,manifest,"Client error '403 ' for url 'https://openapiproext.bnf.fr/iiif/presentation/v3/ark:/12148/bd6t5124344k/manifest.json'
For more information check: https://developer.mozilla.org/en-US/docs/Web/HTTP/Status/403",2026-07-17T11:38:43.033629
combat,bd6t5124345z,,failed,0,0,,http_manifest,known,403,manifest,"Client error '403 ' for url 'https://openapiproext.bnf.fr/iiif/presentation/v3/ark:/12148/bd6t5124345z/manifest.json'
For more information check: https://developer.mozilla.org/en-US/docs/Web/HTTP/Status/403",2026-07-17T11:38:44.234037
combat,bd6t5124346b,,failed,0,0,,http_manifest,known,403,manifest,"Client error '403 ' for url 'https://openapiproext.bnf.fr/iiif/presentation/v3/ark:/12148/bd6t5124346b/manifest.json'
For more information check: https://developer.mozilla.org/en-US/docs/Web/HTTP/Status/403",2026-07-17T11:38:45.437388
combat,bd6t5124347q,,failed,0,0,,http_manifest,known,403,manifest,"Client error '403 ' for url 'https://openapiproext.bnf.fr/iiif/presentation/v3/ark:/12148/bd6t5124347q/manifest.json'
For more information check: https://developer.mozilla.org/en-US/docs/Web/HTTP/Status/403",2026-07-17T11:38:46.645590
combat,bd6t5124242h,,failed,0,0,,http_manifest,known,403,manifest,"Client error '403 ' for url 'https://openapiproext.bnf.fr/iiif/presentation/v3/ark:/12148/bd6t5124242h/manifest.json'
For more information check: https://developer.mozilla.org/en-US/docs/Web/HTTP/Status/403",2026-07-17T11:38:47.837663
combat,bd6t5124243w,,failed,0,0,,http_manifest,known,403,manifest,"Client error '403 ' for url 'https://openapiproext.bnf.fr/iiif/presentation/v3/ark:/12148/bd6t5124243w/manifest.json'
For more information check: https://developer.mozilla.org/en-US/docs/Web/HTTP/Status/403",2026-07-17T11:38:49.062853
combat,bd6t51242448,,failed,0,0,,http_manifest,known,403,manifest,"Client error '403 ' for url 'https://openapiproext.bnf.fr/iiif/presentation/v3/ark:/12148/bd6t51242448/manifest.json'
For more information check: https://developer.mozilla.org/en-US/docs/Web/HTTP/Status/403",2026-07-17T11:38:50.240332
combat,bd6t5124245n,,failed,0,0,,http_manifest,known,403,manifest,"Client error '403 ' for url 'https://openapiproext.bnf.fr/iiif/presentation/v3/ark:/12148/bd6t5124245n/manifest.json'
For more information check: https://developer.mozilla.org/en-US/docs/Web/HTTP/Status/403",2026-07-17T11:38:51.441138
combat,bd6t51242461,,failed,0,0,,http_manifest,known,403,manifest,"Client error '403 ' for url 'https://openapiproext.bnf.fr/iiif/presentation/v3/ark:/12148/bd6t51242461/manifest.json'
For more information check: https://developer.mozilla.org/en-US/docs/Web/HTTP/Status/403",2026-07-17T11:38:52.643238
combat,bd6t5124247d,,failed,0,0,,http_manifest,known,403,manifest,"Client error '403 ' for url 'https://openapiproext.bnf.fr/iiif/presentation/v3/ark:/12148/bd6t5124247d/manifest.json'
For more information check: https://developer.mozilla.org/en-US/docs/Web/HTTP/Status/403",2026-07-17T11:38:53.846370
combat,bd6t5124248s,,failed,0,0,,http_manifest,known,403,manifest,"Client error '403 ' for url 'https://openapiproext.bnf.fr/iiif/presentation/v3/ark:/12148/bd6t5124248s/manifest.json'
For more information check: https://developer.mozilla.org/en-US/docs/Web/HTTP/Status/403",2026-07-17T11:38:55.072617
combat,bd6t51242495,,failed,0,0,,http_manifest,known,403,manifest,"Client error '403 ' for url 'https://openapiproext.bnf.fr/iiif/presentation/v3/ark:/12148/bd6t51242495/manifest.json'
For more information check: https://developer.mozilla.org/en-US/docs/Web/HTTP/Status/403",2026-07-17T11:38:56.247841
combat,bd6t51242503,,failed,0,0,,http_manifest,known,403,manifest,"Client error '403 ' for url 'https://openapiproext.bnf.fr/iiif/presentation/v3/ark:/12148/bd6t51242503/manifest.json'
For more information check: https://developer.mozilla.org/en-US/docs/Web/HTTP/Status/403",2026-07-17T11:38:57.641542
combat,bd6t5124251g,,failed,0,0,,http_manifest,known,403,manifest,"Client error '403 ' for url 'https://openapiproext.bnf.fr/iiif/presentation/v3/ark:/12148/bd6t5124251g/manifest.json'
For more information check: https://developer.mozilla.org/en-US/docs/Web/HTTP/Status/403",2026-07-17T11:38:58.819826
combat,bd6t5124252v,,failed,0,0,,http_manifest,known,403,manifest,"Client error '403 ' for url 'https://openapiproext.bnf.fr/iiif/presentation/v3/ark:/12148/bd6t5124252v/manifest.json'
For more information check: https://developer.mozilla.org/en-US/docs/Web/HTTP/Status/403",2026-07-17T11:38:59.936855
combat,bd6t51242537,,failed,0,0,,http_manifest,known,403,manifest,"Client error '403 ' for url 'https://openapiproext.bnf.fr/iiif/presentation/v3/ark:/12148/bd6t51242537/manifest.json'
For more information check: https://developer.mozilla.org/en-US/docs/Web/HTTP/Status/403",2026-07-17T11:39:01.211413
combat,bd6t5124254m,,failed,0,0,,http_manifest,known,403,manifest,"Client error '403 ' for url 'https://openapiproext.bnf.fr/iiif/presentation/v3/ark:/12148/bd6t5124254m/manifest.json'
For more information check: https://developer.mozilla.org/en-US/docs/Web/HTTP/Status/403",2026-07-17T11:39:02.285337
combat,bd6t51242550,,failed,0,0,,http_manifest,known,403,manifest,"Client error '403 ' for url 'https://openapiproext.bnf.fr/iiif/presentation/v3/ark:/12148/bd6t51242550/manifest.json'
For more information check: https://developer.mozilla.org/en-US/docs/Web/HTTP/Status/403",2026-07-17T11:39:03.458375
combat,bd6t5124256c,,failed,0,0,,http_manifest,known,403,manifest,"Client error '403 ' for url 'https://openapiproext.bnf.fr/iiif/presentation/v3/ark:/12148/bd6t5124256c/manifest.json'
For more information check: https://developer.mozilla.org/en-US/docs/Web/HTTP/Status/403",2026-07-17T11:39:04.921841
combat,bd6t5124257r,,failed,0,0,,http_manifest,known,403,manifest,"Client error '403 ' for url 'https://openapiproext.bnf.fr/iiif/presentation/v3/ark:/12148/bd6t5124257r/manifest.json'
For more information check: https://developer.mozilla.org/en-US/docs/Web/HTTP/Status/403",2026-07-17T11:39:05.906400
combat,bd6t51242584,,failed,0,0,,http_manifest,known,403,manifest,"Client error '403 ' for url 'https://openapiproext.bnf.fr/iiif/presentation/v3/ark:/12148/bd6t51242584/manifest.json'
For more information check: https://developer.mozilla.org/en-US/docs/Web/HTTP/Status/403",2026-07-17T11:39:07.097545
combat,bd6t5124259h,,failed,0,0,,http_manifest,known,403,manifest,"Client error '403 ' for url 'https://openapiproext.bnf.fr/iiif/presentation/v3/ark:/12148/bd6t5124259h/manifest.json'
For more information check: https://developer.mozilla.org/en-US/docs/Web/HTTP/Status/403",2026-07-17T11:39:08.268646
combat,bd6t5124260f,,failed,0,0,,http_manifest,known,403,manifest,"Client error '403 ' for url 'https://openapiproext.bnf.fr/iiif/presentation/v3/ark:/12148/bd6t5124260f/manifest.json'
For more information check: https://developer.mozilla.org/en-US/docs/Web/HTTP/Status/403",2026-07-17T11:39:09.465892
combat,bd6t5124261t,,failed,0,0,,http_manifest,known,403,manifest,"Client error '403 ' for url 'https://openapiproext.bnf.fr/iiif/presentation/v3/ark:/12148/bd6t5124261t/manifest.json'
For more information check: https://developer.mozilla.org/en-US/docs/Web/HTTP/Status/403",2026-07-17T11:39:10.720876
combat,bd6t51242626,,failed,0,0,,http_manifest,known,403,manifest,"Client error '403 ' for url 'https://openapiproext.bnf.fr/iiif/presentation/v3/ark:/12148/bd6t51242626/manifest.json'
For more information check: https://developer.mozilla.org/en-US/docs/Web/HTTP/Status/403",2026-07-17T11:39:11.872378
combat,bd6t5124263k,,failed,0,0,,http_manifest,known,403,manifest,"Client error '403 ' for url 'https://openapiproext.bnf.fr/iiif/presentation/v3/ark:/12148/bd6t5124263k/manifest.json'
For more information check: https://developer.mozilla.org/en-US/docs/Web/HTTP/Status/403",2026-07-17T11:39:13.163235
combat,bd6t5124264z,,failed,0,0,,http_manifest,known,403,manifest,"Client error '403 ' for url 'https://openapiproext.bnf.fr/iiif/presentation/v3/ark:/12148/bd6t5124264z/manifest.json'
For more information check: https://developer.mozilla.org/en-US/docs/Web/HTTP/Status/403",2026-07-17T11:39:14.471593
combat,bd6t5124265b,,failed,0,0,,http_manifest,known,403,manifest,"Client error '403 ' for url 'https://openapiproext.bnf.fr/iiif/presentation/v3/ark:/12148/bd6t5124265b/manifest.json'
For more information check: https://developer.mozilla.org/en-US/docs/Web/HTTP/Status/403",2026-07-17T11:39:15.479606
combat,bd6t5124266q,,failed,0,0,,http_manifest,known,403,manifest,"Client error '403 ' for url 'https://openapiproext.bnf.fr/iiif/presentation/v3/ark:/12148/bd6t5124266q/manifest.json'
For more information check: https://developer.mozilla.org/en-US/docs/Web/HTTP/Status/403",2026-07-17T11:39:16.700274
combat,bd6t51242673,,failed,0,0,,http_manifest,known,403,manifest,"Client error '403 ' for url 'https://openapiproext.bnf.fr/iiif/presentation/v3/ark:/12148/bd6t51242673/manifest.json'
For more information check: https://developer.mozilla.org/en-US/docs/Web/HTTP/Status/403",2026-07-17T11:39:17.897200
combat,bd6t5124268g,,failed,0,0,,http_manifest,known,403,manifest,"Client error '403 ' for url 'https://openapiproext.bnf.fr/iiif/presentation/v3/ark:/12148/bd6t5124268g/manifest.json'
For more information check: https://developer.mozilla.org/en-US/docs/Web/HTTP/Status/403",2026-07-17T11:39:19.168964
combat,bd6t5124269v,,failed,0,0,,http_manifest,known,403,manifest,"Client error '403 ' for url 'https://openapiproext.bnf.fr/iiif/presentation/v3/ark:/12148/bd6t5124269v/manifest.json'
For more information check: https://developer.mozilla.org/en-US/docs/Web/HTTP/Status/403",2026-07-17T11:39:20.285138
combat,bd6t5124270s,,failed,0,0,,http_manifest,known,403,manifest,"Client error '403 ' for url 'https://openapiproext.bnf.fr/iiif/presentation/v3/ark:/12148/bd6t5124270s/manifest.json'
For more information check: https://developer.mozilla.org/en-US/docs/Web/HTTP/Status/403",2026-07-17T11:39:21.481456
combat,bd6t51242715,,failed,0,0,,http_manifest,known,403,manifest,"Client error '403 ' for url 'https://openapiproext.bnf.fr/iiif/presentation/v3/ark:/12148/bd6t51242715/manifest.json'
For more information check: https://developer.mozilla.org/en-US/docs/Web/HTTP/Status/403",2026-07-17T11:39:22.686215
combat,bd6t5124272j,,failed,0,0,,http_manifest,known,403,manifest,"Client error '403 ' for url 'https://openapiproext.bnf.fr/iiif/presentation/v3/ark:/12148/bd6t5124272j/manifest.json'
For more information check: https://developer.mozilla.org/en-US/docs/Web/HTTP/Status/403",2026-07-17T11:39:23.887048
combat,bd6t5124273x,,failed,0,0,,http_manifest,known,403,manifest,"Client error '403 ' for url 'https://openapiproext.bnf.fr/iiif/presentation/v3/ark:/12148/bd6t5124273x/manifest.json'
For more information check: https://developer.mozilla.org/en-US/docs/Web/HTTP/Status/403",2026-07-17T11:39:25.126209
combat,bd6t51242749,,failed,0,0,,http_manifest,known,403,manifest,"Client error '403 ' for url 'https://openapiproext.bnf.fr/iiif/presentation/v3/ark:/12148/bd6t51242749/manifest.json'
For more information check: https://developer.mozilla.org/en-US/docs/Web/HTTP/Status/403",2026-07-17T11:39:26.291386
combat,bd6t5124275p,,failed,0,0,,http_manifest,known,403,manifest,"Client error '403 ' for url 'https://openapiproext.bnf.fr/iiif/presentation/v3/ark:/12148/bd6t5124275p/manifest.json'
For more information check: https://developer.mozilla.org/en-US/docs/Web/HTTP/Status/403",2026-07-17T11:39:27.494982
combat,bd6t51242762,,failed,0,0,,http_manifest,known,403,manifest,"Client error '403 ' for url 'https://openapiproext.bnf.fr/iiif/presentation/v3/ark:/12148/bd6t51242762/manifest.json'
For more information check: https://developer.mozilla.org/en-US/docs/Web/HTTP/Status/403",2026-07-17T11:39:28.704431
combat,bd6t5124277f,,failed,0,0,,http_manifest,known,403,manifest,"Client error '403 ' for url 'https://openapiproext.bnf.fr/iiif/presentation/v3/ark:/12148/bd6t5124277f/manifest.json'
For more information check: https://developer.mozilla.org/en-US/docs/Web/HTTP/Status/403",2026-07-17T11:39:29.910556
combat,bd6t5124278t,,failed,0,0,,http_manifest,known,403,manifest,"Client error '403 ' for url 'https://openapiproext.bnf.fr/iiif/presentation/v3/ark:/12148/bd6t5124278t/manifest.json'
For more information check: https://developer.mozilla.org/en-US/docs/Web/HTTP/Status/403",2026-07-17T11:39:31.096385
combat,bd6t51242796,,failed,0,0,,http_manifest,known,403,manifest,"Client error '403 ' for url 'https://openapiproext.bnf.fr/iiif/presentation/v3/ark:/12148/bd6t51242796/manifest.json'
For more information check: https://developer.mozilla.org/en-US/docs/Web/HTTP/Status/403",2026-07-17T11:39:32.300058
combat,bd6t51242804,,failed,0,0,,http_manifest,known,403,manifest,"Client error '403 ' for url 'https://openapiproext.bnf.fr/iiif/presentation/v3/ark:/12148/bd6t51242804/manifest.json'
For more information check: https://developer.mozilla.org/en-US/docs/Web/HTTP/Status/403",2026-07-17T11:39:33.511139
combat,bd6t5124281h,,failed,0,0,,http_manifest,known,403,manifest,"Client error '403 ' for url 'https://openapiproext.bnf.fr/iiif/presentation/v3/ark:/12148/bd6t5124281h/manifest.json'
For more information check: https://developer.mozilla.org/en-US/docs/Web/HTTP/Status/403",2026-07-17T11:39:34.705879
combat,bd6t5124282w,,failed,0,0,,http_manifest,known,403,manifest,"Client error '403 ' for url 'https://openapiproext.bnf.fr/iiif/presentation/v3/ark:/12148/bd6t5124282w/manifest.json'
For more information check: https://developer.mozilla.org/en-US/docs/Web/HTTP/Status/403",2026-07-17T11:39:35.903819
combat,bd6t51242838,,failed,0,0,,http_manifest,known,403,manifest,"Client error '403 ' for url 'https://openapiproext.bnf.fr/iiif/presentation/v3/ark:/12148/bd6t51242838/manifest.json'
For more information check: https://developer.mozilla.org/en-US/docs/Web/HTTP/Status/403",2026-07-17T11:39:37.131348
combat,bd6t5124284n,,failed,0,0,,http_manifest,known,403,manifest,"Client error '403 ' for url 'https://openapiproext.bnf.fr/iiif/presentation/v3/ark:/12148/bd6t5124284n/manifest.json'
For more information check: https://developer.mozilla.org/en-US/docs/Web/HTTP/Status/403",2026-07-17T11:39:38.308047
combat,bd6t51242851,,failed,0,0,,http_manifest,known,403,manifest,"Client error '403 ' for url 'https://openapiproext.bnf.fr/iiif/presentation/v3/ark:/12148/bd6t51242851/manifest.json'
For more information check: https://developer.mozilla.org/en-US/docs/Web/HTTP/Status/403",2026-07-17T11:39:39.507643
combat,bd6t5124286d,,failed,0,0,,http_manifest,known,403,manifest,"Client error '403 ' for url 'https://openapiproext.bnf.fr/iiif/presentation/v3/ark:/12148/bd6t5124286d/manifest.json'
For more information check: https://developer.mozilla.org/en-US/docs/Web/HTTP/Status/403",2026-07-17T11:39:40.708652
combat,bd6t5124287s,,failed,0,0,,http_manifest,known,403,manifest,"Client error '403 ' for url 'https://openapiproext.bnf.fr/iiif/presentation/v3/ark:/12148/bd6t5124287s/manifest.json'
For more information check: https://developer.mozilla.org/en-US/docs/Web/HTTP/Status/403",2026-07-17T11:39:41.910570
combat,bd6t51242885,,failed,0,0,,http_manifest,known,403,manifest,"Client error '403 ' for url 'https://openapiproext.bnf.fr/iiif/presentation/v3/ark:/12148/bd6t51242885/manifest.json'
For more information check: https://developer.mozilla.org/en-US/docs/Web/HTTP/Status/403",2026-07-17T11:39:43.112892
combat,bd6t5124289j,,failed,0,0,,http_manifest,known,403,manifest,"Client error '403 ' for url 'https://openapiproext.bnf.fr/iiif/presentation/v3/ark:/12148/bd6t5124289j/manifest.json'
For more information check: https://developer.mozilla.org/en-US/docs/Web/HTTP/Status/403",2026-07-17T11:39:44.326949
combat,bd6t5124290g,,failed,0,0,,http_manifest,known,403,manifest,"Client error '403 ' for url 'https://openapiproext.bnf.fr/iiif/presentation/v3/ark:/12148/bd6t5124290g/manifest.json'
For more information check: https://developer.mozilla.org/en-US/docs/Web/HTTP/Status/403",2026-07-17T11:39:45.516107
combat,bd6t5124291v,,failed,0,0,,http_manifest,known,403,manifest,"Client error '403 ' for url 'https://openapiproext.bnf.fr/iiif/presentation/v3/ark:/12148/bd6t5124291v/manifest.json'
For more information check: https://developer.mozilla.org/en-US/docs/Web/HTTP/Status/403",2026-07-17T11:39:46.717595
combat,bd6t51242927,,failed,0,0,,http_manifest,known,403,manifest,"Client error '403 ' for url 'https://openapiproext.bnf.fr/iiif/presentation/v3/ark:/12148/bd6t51242927/manifest.json'
For more information check: https://developer.mozilla.org/en-US/docs/Web/HTTP/Status/403",2026-07-17T11:39:47.918149
combat,bd6t5124293m,,failed,0,0,,http_manifest,known,403,manifest,"Client error '403 ' for url 'https://openapiproext.bnf.fr/iiif/presentation/v3/ark:/12148/bd6t5124293m/manifest.json'
For more information check: https://developer.mozilla.org/en-US/docs/Web/HTTP/Status/403",2026-07-17T11:39:49.143342
combat,bd6t51242940,,failed,0,0,,http_manifest,known,403,manifest,"Client error '403 ' for url 'https://openapiproext.bnf.fr/iiif/presentation/v3/ark:/12148/bd6t51242940/manifest.json'
For more information check: https://developer.mozilla.org/en-US/docs/Web/HTTP/Status/403",2026-07-17T11:39:50.326839
combat,bd6t5310433,,failed,0,0,,http_manifest,known,403,manifest,"Client error '403 ' for url 'https://openapiproext.bnf.fr/iiif/presentation/v3/ark:/12148/bd6t5310433/manifest.json'
For more information check: https://developer.mozilla.org/en-US/docs/Web/HTTP/Status/403",2026-07-17T11:39:51.528157
combat,bd6t531044f,,failed,0,0,,http_manifest,known,403,manifest,"Client error '403 ' for url 'https://openapiproext.bnf.fr/iiif/presentation/v3/ark:/12148/bd6t531044f/manifest.json'
For more information check: https://developer.mozilla.org/en-US/docs/Web/HTTP/Status/403",2026-07-17T11:39:52.724013
combat,bd6t531045s,,failed,0,0,,http_manifest,known,403,manifest,"Client error '403 ' for url 'https://openapiproext.bnf.fr/iiif/presentation/v3/ark:/12148/bd6t531045s/manifest.json'
For more information check: https://developer.mozilla.org/en-US/docs/Web/HTTP/Status/403",2026-07-17T11:39:53.926623
combat,bd6t5310464,,failed,0,0,,http_manifest,known,403,manifest,"Client error '403 ' for url 'https://openapiproext.bnf.fr/iiif/presentation/v3/ark:/12148/bd6t5310464/manifest.json'
For more information check: https://developer.mozilla.org/en-US/docs/Web/HTTP/Status/403",2026-07-17T11:39:55.161326
combat,bd6t531047g,,failed,0,0,,http_manifest,known,403,manifest,"Client error '403 ' for url 'https://openapiproext.bnf.fr/iiif/presentation/v3/ark:/12148/bd6t531047g/manifest.json'
For more information check: https://developer.mozilla.org/en-US/docs/Web/HTTP/Status/403",2026-07-17T11:39:56.329572
combat,bd6t531048t,,failed,0,0,,http_manifest,known,403,manifest,"Client error '403 ' for url 'https://openapiproext.bnf.fr/iiif/presentation/v3/ark:/12148/bd6t531048t/manifest.json'
For more information check: https://developer.mozilla.org/en-US/docs/Web/HTTP/Status/403",2026-07-17T11:39:57.593845
combat,bd6t5310495,,failed,0,0,,http_manifest,known,403,manifest,"Client error '403 ' for url 'https://openapiproext.bnf.fr/iiif/presentation/v3/ark:/12148/bd6t5310495/manifest.json'
For more information check: https://developer.mozilla.org/en-US/docs/Web/HTTP/Status/403",2026-07-17T11:39:58.732313
combat,bd6t531050c,,failed,0,0,,http_manifest,known,403,manifest,"Client error '403 ' for url 'https://openapiproext.bnf.fr/iiif/presentation/v3/ark:/12148/bd6t531050c/manifest.json'
For more information check: https://developer.mozilla.org/en-US/docs/Web/HTTP/Status/403",2026-07-17T11:40:00.037165
combat,bd6t531051q,,failed,0,0,,http_manifest,known,403,manifest,"Client error '403 ' for url 'https://openapiproext.bnf.fr/iiif/presentation/v3/ark:/12148/bd6t531051q/manifest.json'
For more information check: https://developer.mozilla.org/en-US/docs/Web/HTTP/Status/403",2026-07-17T11:40:01.410252
combat,bd6t5310522,,failed,0,0,,http_manifest,known,403,manifest,"Client error '403 ' for url 'https://openapiproext.bnf.fr/iiif/presentation/v3/ark:/12148/bd6t5310522/manifest.json'
For more information check: https://developer.mozilla.org/en-US/docs/Web/HTTP/Status/403",2026-07-17T11:40:02.341721
combat,bd6t531053d,,failed,0,0,,http_manifest,known,403,manifest,"Client error '403 ' for url 'https://openapiproext.bnf.fr/iiif/presentation/v3/ark:/12148/bd6t531053d/manifest.json'
For more information check: https://developer.mozilla.org/en-US/docs/Web/HTTP/Status/403",2026-07-17T11:40:03.630636
combat,bd6t531054r,,failed,0,0,,http_manifest,known,403,manifest,"Client error '403 ' for url 'https://openapiproext.bnf.fr/iiif/presentation/v3/ark:/12148/bd6t531054r/manifest.json'
For more information check: https://developer.mozilla.org/en-US/docs/Web/HTTP/Status/403",2026-07-17T11:40:04.917049
combat,bd6t5310553,,failed,0,0,,http_manifest,known,403,manifest,"Client error '403 ' for url 'https://openapiproext.bnf.fr/iiif/presentation/v3/ark:/12148/bd6t5310553/manifest.json'
For more information check: https://developer.mozilla.org/en-US/docs/Web/HTTP/Status/403",2026-07-17T11:40:06.088424
combat,bd6t531056f,,failed,0,0,,http_manifest,known,403,manifest,"Client error '403 ' for url 'https://openapiproext.bnf.fr/iiif/presentation/v3/ark:/12148/bd6t531056f/manifest.json'
For more information check: https://developer.mozilla.org/en-US/docs/Web/HTTP/Status/403",2026-07-17T11:40:07.163149
combat,bd6t531057s,,failed,0,0,,http_manifest,known,403,manifest,"Client error '403 ' for url 'https://openapiproext.bnf.fr/iiif/presentation/v3/ark:/12148/bd6t531057s/manifest.json'
For more information check: https://developer.mozilla.org/en-US/docs/Web/HTTP/Status/403",2026-07-17T11:40:08.493382
combat,bd6t5310584,,failed,0,0,,http_manifest,known,403,manifest,"Client error '403 ' for url 'https://openapiproext.bnf.fr/iiif/presentation/v3/ark:/12148/bd6t5310584/manifest.json'
For more information check: https://developer.mozilla.org/en-US/docs/Web/HTTP/Status/403",2026-07-17T11:40:09.550245
combat,bd6t531059g,,failed,0,0,,http_manifest,known,403,manifest,"Client error '403 ' for url 'https://openapiproext.bnf.fr/iiif/presentation/v3/ark:/12148/bd6t531059g/manifest.json'
For more information check: https://developer.mozilla.org/en-US/docs/Web/HTTP/Status/403",2026-07-17T11:40:11.009227
combat,bd6t531060p,,failed,0,0,,http_manifest,known,403,manifest,"Client error '403 ' for url 'https://openapiproext.bnf.fr/iiif/presentation/v3/ark:/12148/bd6t531060p/manifest.json'
For more information check: https://developer.mozilla.org/en-US/docs/Web/HTTP/Status/403",2026-07-17T11:40:11.947417
combat,bd6t5310611,,failed,0,0,,http_manifest,known,403,manifest,"Client error '403 ' for url 'https://openapiproext.bnf.fr/iiif/presentation/v3/ark:/12148/bd6t5310611/manifest.json'
For more information check: https://developer.mozilla.org/en-US/docs/Web/HTTP/Status/403",2026-07-17T11:40:13.208042
combat,bd6t531062c,,failed,0,0,,http_manifest,known,403,manifest,"Client error '403 ' for url 'https://openapiproext.bnf.fr/iiif/presentation/v3/ark:/12148/bd6t531062c/manifest.json'
For more information check: https://developer.mozilla.org/en-US/docs/Web/HTTP/Status/403",2026-07-17T11:40:14.522316
combat,bd6t531063q,,failed,0,0,,http_manifest,known,403,manifest,"Client error '403 ' for url 'https://openapiproext.bnf.fr/iiif/presentation/v3/ark:/12148/bd6t531063q/manifest.json'
For more information check: https://developer.mozilla.org/en-US/docs/Web/HTTP/Status/403",2026-07-17T11:40:15.556050
combat,bd6t5310642,,failed,0,0,,http_manifest,known,403,manifest,"Client error '403 ' for url 'https://openapiproext.bnf.fr/iiif/presentation/v3/ark:/12148/bd6t5310642/manifest.json'
For more information check: https://developer.mozilla.org/en-US/docs/Web/HTTP/Status/403",2026-07-17T11:40:16.938701
combat,bd6t531065d,,failed,0,0,,http_manifest,known,403,manifest,"Client error '403 ' for url 'https://openapiproext.bnf.fr/iiif/presentation/v3/ark:/12148/bd6t531065d/manifest.json'
For more information check: https://developer.mozilla.org/en-US/docs/Web/HTTP/Status/403",2026-07-17T11:40:17.966014
combat,bd6t531066r,,failed,0,0,,http_manifest,known,403,manifest,"Client error '403 ' for url 'https://openapiproext.bnf.fr/iiif/presentation/v3/ark:/12148/bd6t531066r/manifest.json'
For more information check: https://developer.mozilla.org/en-US/docs/Web/HTTP/Status/403",2026-07-17T11:40:19.188037
combat,bd6t5310673,,failed,0,0,,http_manifest,known,403,manifest,"Client error '403 ' for url 'https://openapiproext.bnf.fr/iiif/presentation/v3/ark:/12148/bd6t5310673/manifest.json'
For more information check: https://developer.mozilla.org/en-US/docs/Web/HTTP/Status/403",2026-07-17T11:40:20.361355
combat,bd6t531068f,,failed,0,0,,http_manifest,known,403,manifest,"Client error '403 ' for url 'https://openapiproext.bnf.fr/iiif/presentation/v3/ark:/12148/bd6t531068f/manifest.json'
For more information check: https://developer.mozilla.org/en-US/docs/Web/HTTP/Status/403",2026-07-17T11:40:21.562435
combat,bd6t531069s,,failed,0,0,,http_manifest,known,403,manifest,"Client error '403 ' for url 'https://openapiproext.bnf.fr/iiif/presentation/v3/ark:/12148/bd6t531069s/manifest.json'
For more information check: https://developer.mozilla.org/en-US/docs/Web/HTTP/Status/403",2026-07-17T11:40:22.762292
combat,bd6t5310700,,failed,0,0,,http_manifest,known,403,manifest,"Client error '403 ' for url 'https://openapiproext.bnf.fr/iiif/presentation/v3/ark:/12148/bd6t5310700/manifest.json'
For more information check: https://developer.mozilla.org/en-US/docs/Web/HTTP/Status/403",2026-07-17T11:40:23.967373
combat,bd6t531071b,,failed,0,0,,http_manifest,known,403,manifest,"Client error '403 ' for url 'https://openapiproext.bnf.fr/iiif/presentation/v3/ark:/12148/bd6t531071b/manifest.json'
For more information check: https://developer.mozilla.org/en-US/docs/Web/HTTP/Status/403",2026-07-17T11:40:25.189639
combat,bd6t531072p,,failed,0,0,,http_manifest,known,403,manifest,"Client error '403 ' for url 'https://openapiproext.bnf.fr/iiif/presentation/v3/ark:/12148/bd6t531072p/manifest.json'
For more information check: https://developer.mozilla.org/en-US/docs/Web/HTTP/Status/403",2026-07-17T11:40:26.367050
combat,bd6t5310731,,failed,0,0,,http_manifest,known,403,manifest,"Client error '403 ' for url 'https://openapiproext.bnf.fr/iiif/presentation/v3/ark:/12148/bd6t5310731/manifest.json'
For more information check: https://developer.mozilla.org/en-US/docs/Web/HTTP/Status/403",2026-07-17T11:40:27.574019
combat,bd6t531074c,,failed,0,0,,http_manifest,known,403,manifest,"Client error '403 ' for url 'https://openapiproext.bnf.fr/iiif/presentation/v3/ark:/12148/bd6t531074c/manifest.json'
For more information check: https://developer.mozilla.org/en-US/docs/Web/HTTP/Status/403",2026-07-17T11:40:28.768121
combat,bd6t531075q,,failed,0,0,,http_manifest,known,403,manifest,"Client error '403 ' for url 'https://openapiproext.bnf.fr/iiif/presentation/v3/ark:/12148/bd6t531075q/manifest.json'
For more information check: https://developer.mozilla.org/en-US/docs/Web/HTTP/Status/403",2026-07-17T11:40:29.972187
combat,bd6t5310762,,failed,0,0,,http_manifest,known,403,manifest,"Client error '403 ' for url 'https://openapiproext.bnf.fr/iiif/presentation/v3/ark:/12148/bd6t5310762/manifest.json'
For more information check: https://developer.mozilla.org/en-US/docs/Web/HTTP/Status/403",2026-07-17T11:40:31.171335
combat,bd6t531077d,,failed,0,0,,http_manifest,known,403,manifest,"Client error '403 ' for url 'https://openapiproext.bnf.fr/iiif/presentation/v3/ark:/12148/bd6t531077d/manifest.json'
For more information check: https://developer.mozilla.org/en-US/docs/Web/HTTP/Status/403",2026-07-17T11:40:32.373855
combat,bd6t531078r,,failed,0,0,,http_manifest,known,403,manifest,"Client error '403 ' for url 'https://openapiproext.bnf.fr/iiif/presentation/v3/ark:/12148/bd6t531078r/manifest.json'
For more information check: https://developer.mozilla.org/en-US/docs/Web/HTTP/Status/403",2026-07-17T11:40:33.575307
combat,bd6t5310793,,failed,0,0,,http_manifest,known,403,manifest,"Client error '403 ' for url 'https://openapiproext.bnf.fr/iiif/presentation/v3/ark:/12148/bd6t5310793/manifest.json'
For more information check: https://developer.mozilla.org/en-US/docs/Web/HTTP/Status/403",2026-07-17T11:40:34.779513
combat,bd6t5310809,,failed,0,0,,http_manifest,known,403,manifest,"Client error '403 ' for url 'https://openapiproext.bnf.fr/iiif/presentation/v3/ark:/12148/bd6t5310809/manifest.json'
For more information check: https://developer.mozilla.org/en-US/docs/Web/HTTP/Status/403",2026-07-17T11:40:35.977840
combat,bd6t531081n,,failed,0,0,,http_manifest,known,403,manifest,"Client error '403 ' for url 'https://openapiproext.bnf.fr/iiif/presentation/v3/ark:/12148/bd6t531081n/manifest.json'
For more information check: https://developer.mozilla.org/en-US/docs/Web/HTTP/Status/403",2026-07-17T11:40:37.199943
combat,bd6t5310820,,failed,0,0,,http_manifest,known,403,manifest,"Client error '403 ' for url 'https://openapiproext.bnf.fr/iiif/presentation/v3/ark:/12148/bd6t5310820/manifest.json'
For more information check: https://developer.mozilla.org/en-US/docs/Web/HTTP/Status/403",2026-07-17T11:40:38.379953
combat,bd6t531083b,,failed,0,0,,http_manifest,known,403,manifest,"Client error '403 ' for url 'https://openapiproext.bnf.fr/iiif/presentation/v3/ark:/12148/bd6t531083b/manifest.json'
For more information check: https://developer.mozilla.org/en-US/docs/Web/HTTP/Status/403",2026-07-17T11:40:39.581078
combat,bd6t531084p,,failed,0,0,,http_manifest,known,403,manifest,"Client error '403 ' for url 'https://openapiproext.bnf.fr/iiif/presentation/v3/ark:/12148/bd6t531084p/manifest.json'
For more information check: https://developer.mozilla.org/en-US/docs/Web/HTTP/Status/403",2026-07-17T11:40:40.782040
combat,bd6t5310851,,failed,0,0,,http_manifest,known,403,manifest,"Client error '403 ' for url 'https://openapiproext.bnf.fr/iiif/presentation/v3/ark:/12148/bd6t5310851/manifest.json'
For more information check: https://developer.mozilla.org/en-US/docs/Web/HTTP/Status/403",2026-07-17T11:40:41.985511
combat,bd6t531086c,,failed,0,0,,http_manifest,known,403,manifest,"Client error '403 ' for url 'https://openapiproext.bnf.fr/iiif/presentation/v3/ark:/12148/bd6t531086c/manifest.json'
For more information check: https://developer.mozilla.org/en-US/docs/Web/HTTP/Status/403",2026-07-17T11:40:43.184757
combat,bd6t531087q,,failed,0,0,,http_manifest,known,403,manifest,"Client error '403 ' for url 'https://openapiproext.bnf.fr/iiif/presentation/v3/ark:/12148/bd6t531087q/manifest.json'
For more information check: https://developer.mozilla.org/en-US/docs/Web/HTTP/Status/403",2026-07-17T11:40:44.394881
combat,bd6t5310882,,failed,0,0,,http_manifest,known,403,manifest,"Client error '403 ' for url 'https://openapiproext.bnf.fr/iiif/presentation/v3/ark:/12148/bd6t5310882/manifest.json'
For more information check: https://developer.mozilla.org/en-US/docs/Web/HTTP/Status/403",2026-07-17T11:40:45.591519
combat,bd6t531089d,,failed,0,0,,http_manifest,known,403,manifest,"Client error '403 ' for url 'https://openapiproext.bnf.fr/iiif/presentation/v3/ark:/12148/bd6t531089d/manifest.json'
For more information check: https://developer.mozilla.org/en-US/docs/Web/HTTP/Status/403",2026-07-17T11:40:46.789172
combat,bd6t531090m,,failed,0,0,,http_manifest,known,403,manifest,"Client error '403 ' for url 'https://openapiproext.bnf.fr/iiif/presentation/v3/ark:/12148/bd6t531090m/manifest.json'
For more information check: https://developer.mozilla.org/en-US/docs/Web/HTTP/Status/403",2026-07-17T11:40:47.991366
combat,bd6t531091z,,failed,0,0,,http_manifest,known,403,manifest,"Client error '403 ' for url 'https://openapiproext.bnf.fr/iiif/presentation/v3/ark:/12148/bd6t531091z/manifest.json'
For more information check: https://developer.mozilla.org/en-US/docs/Web/HTTP/Status/403",2026-07-17T11:40:49.194234
combat,bd6t5310929,,failed,0,0,,http_manifest,known,403,manifest,"Client error '403 ' for url 'https://openapiproext.bnf.fr/iiif/presentation/v3/ark:/12148/bd6t5310929/manifest.json'
For more information check: https://developer.mozilla.org/en-US/docs/Web/HTTP/Status/403",2026-07-17T11:40:50.398077
combat,bd6t531093n,,failed,0,0,,http_manifest,known,403,manifest,"Client error '403 ' for url 'https://openapiproext.bnf.fr/iiif/presentation/v3/ark:/12148/bd6t531093n/manifest.json'
For more information check: https://developer.mozilla.org/en-US/docs/Web/HTTP/Status/403",2026-07-17T11:40:51.597466
combat,bd6t51243483,,failed,0,0,,http_manifest,known,403,manifest,"Client error '403 ' for url 'https://openapiproext.bnf.fr/iiif/presentation/v3/ark:/12148/bd6t51243483/manifest.json'
For more information check: https://developer.mozilla.org/en-US/docs/Web/HTTP/Status/403",2026-07-17T11:40:52.798494
combat,bd6t5124349g,,failed,0,0,,http_manifest,known,403,manifest,"Client error '403 ' for url 'https://openapiproext.bnf.fr/iiif/presentation/v3/ark:/12148/bd6t5124349g/manifest.json'
For more information check: https://developer.mozilla.org/en-US/docs/Web/HTTP/Status/403",2026-07-17T11:40:54.019958
combat,bd6t5124350d,,failed,0,0,,http_manifest,known,403,manifest,"Client error '403 ' for url 'https://openapiproext.bnf.fr/iiif/presentation/v3/ark:/12148/bd6t5124350d/manifest.json'
For more information check: https://developer.mozilla.org/en-US/docs/Web/HTTP/Status/403",2026-07-17T11:40:55.203888
combat,bd6t5124351s,,failed,0,0,,http_manifest,known,403,manifest,"Client error '403 ' for url 'https://openapiproext.bnf.fr/iiif/presentation/v3/ark:/12148/bd6t5124351s/manifest.json'
For more information check: https://developer.mozilla.org/en-US/docs/Web/HTTP/Status/403",2026-07-17T11:40:56.405510
combat,bd6t51243525,,failed,0,0,,http_manifest,known,403,manifest,"Client error '403 ' for url 'https://openapiproext.bnf.fr/iiif/presentation/v3/ark:/12148/bd6t51243525/manifest.json'
For more information check: https://developer.mozilla.org/en-US/docs/Web/HTTP/Status/403",2026-07-17T11:40:57.711679
combat,bd6t5124353j,,failed,0,0,,http_manifest,known,403,manifest,"Client error '403 ' for url 'https://openapiproext.bnf.fr/iiif/presentation/v3/ark:/12148/bd6t5124353j/manifest.json'
For more information check: https://developer.mozilla.org/en-US/docs/Web/HTTP/Status/403",2026-07-17T11:40:58.826916
combat,bd6t5124354x,,failed,0,0,,http_manifest,known,403,manifest,"Client error '403 ' for url 'https://openapiproext.bnf.fr/iiif/presentation/v3/ark:/12148/bd6t5124354x/manifest.json'
For more information check: https://developer.mozilla.org/en-US/docs/Web/HTTP/Status/403",2026-07-17T11:41:00.072624
combat,bd6t51243559,,failed,0,0,,http_manifest,known,403,manifest,"Client error '403 ' for url 'https://openapiproext.bnf.fr/iiif/presentation/v3/ark:/12148/bd6t51243559/manifest.json'
For more information check: https://developer.mozilla.org/en-US/docs/Web/HTTP/Status/403",2026-07-17T11:41:01.408746
combat,bd6t5124356p,,failed,0,0,,http_manifest,known,403,manifest,"Client error '403 ' for url 'https://openapiproext.bnf.fr/iiif/presentation/v3/ark:/12148/bd6t5124356p/manifest.json'
For more information check: https://developer.mozilla.org/en-US/docs/Web/HTTP/Status/403",2026-07-17T11:41:02.413822
combat,bd6t51243572,,failed,0,0,,http_manifest,known,403,manifest,"Client error '403 ' for url 'https://openapiproext.bnf.fr/iiif/presentation/v3/ark:/12148/bd6t51243572/manifest.json'
For more information check: https://developer.mozilla.org/en-US/docs/Web/HTTP/Status/403",2026-07-17T11:41:03.704445
combat,bd6t5124358f,,failed,0,0,,http_manifest,known,403,manifest,"Client error '403 ' for url 'https://openapiproext.bnf.fr/iiif/presentation/v3/ark:/12148/bd6t5124358f/manifest.json'
For more information check: https://developer.mozilla.org/en-US/docs/Web/HTTP/Status/403",2026-07-17T11:41:04.981570
combat,bd6t5124359t,,failed,0,0,,http_manifest,known,403,manifest,"Client error '403 ' for url 'https://openapiproext.bnf.fr/iiif/presentation/v3/ark:/12148/bd6t5124359t/manifest.json'
For more information check: https://developer.mozilla.org/en-US/docs/Web/HTTP/Status/403",2026-07-17T11:41:06.138958
combat,bd6t5124360r,,failed,0,0,,http_manifest,known,403,manifest,"Client error '403 ' for url 'https://openapiproext.bnf.fr/iiif/presentation/v3/ark:/12148/bd6t5124360r/manifest.json'
For more information check: https://developer.mozilla.org/en-US/docs/Web/HTTP/Status/403",2026-07-17T11:41:07.219074
combat,bd6t51243614,,failed,0,0,,http_manifest,known,403,manifest,"Client error '403 ' for url 'https://openapiproext.bnf.fr/iiif/presentation/v3/ark:/12148/bd6t51243614/manifest.json'
For more information check: https://developer.mozilla.org/en-US/docs/Web/HTTP/Status/403",2026-07-17T11:41:08.424176
combat,bd6t5124362h,,failed,0,0,,http_manifest,known,403,manifest,"Client error '403 ' for url 'https://openapiproext.bnf.fr/iiif/presentation/v3/ark:/12148/bd6t5124362h/manifest.json'
For more information check: https://developer.mozilla.org/en-US/docs/Web/HTTP/Status/403",2026-07-17T11:41:09.629165
combat,bd6t5124363w,,failed,0,0,,http_manifest,known,403,manifest,"Client error '403 ' for url 'https://openapiproext.bnf.fr/iiif/presentation/v3/ark:/12148/bd6t5124363w/manifest.json'
For more information check: https://developer.mozilla.org/en-US/docs/Web/HTTP/Status/403",2026-07-17T11:41:10.883460
combat,bd6t51243648,,failed,0,0,,http_manifest,known,403,manifest,"Client error '403 ' for url 'https://openapiproext.bnf.fr/iiif/presentation/v3/ark:/12148/bd6t51243648/manifest.json'
For more information check: https://developer.mozilla.org/en-US/docs/Web/HTTP/Status/403",2026-07-17T11:41:12.068805
combat,bd6t5124365n,,failed,0,0,,http_manifest,known,403,manifest,"Client error '403 ' for url 'https://openapiproext.bnf.fr/iiif/presentation/v3/ark:/12148/bd6t5124365n/manifest.json'
For more information check: https://developer.mozilla.org/en-US/docs/Web/HTTP/Status/403",2026-07-17T11:41:13.408988
combat,bd6t51243661,,failed,0,0,,http_manifest,known,403,manifest,"Client error '403 ' for url 'https://openapiproext.bnf.fr/iiif/presentation/v3/ark:/12148/bd6t51243661/manifest.json'
For more information check: https://developer.mozilla.org/en-US/docs/Web/HTTP/Status/403",2026-07-17T11:41:14.618059
combat,bd6t5124367d,,failed,0,0,,http_manifest,known,403,manifest,"Client error '403 ' for url 'https://openapiproext.bnf.fr/iiif/presentation/v3/ark:/12148/bd6t5124367d/manifest.json'
For more information check: https://developer.mozilla.org/en-US/docs/Web/HTTP/Status/403",2026-07-17T11:41:15.829717
combat,bd6t5124368s,,failed,0,0,,http_manifest,known,403,manifest,"Client error '403 ' for url 'https://openapiproext.bnf.fr/iiif/presentation/v3/ark:/12148/bd6t5124368s/manifest.json'
For more information check: https://developer.mozilla.org/en-US/docs/Web/HTTP/Status/403",2026-07-17T11:41:16.967221
combat,bd6t51243695,,failed,0,0,,http_manifest,known,403,manifest,"Client error '403 ' for url 'https://openapiproext.bnf.fr/iiif/presentation/v3/ark:/12148/bd6t51243695/manifest.json'
For more information check: https://developer.mozilla.org/en-US/docs/Web/HTTP/Status/403",2026-07-17T11:41:18.258026
combat,bd6t51243703,,failed,0,0,,http_manifest,known,403,manifest,"Client error '403 ' for url 'https://openapiproext.bnf.fr/iiif/presentation/v3/ark:/12148/bd6t51243703/manifest.json'
For more information check: https://developer.mozilla.org/en-US/docs/Web/HTTP/Status/403",2026-07-17T11:41:19.244248
combat,bd6t5124371g,,failed,0,0,,http_manifest,known,403,manifest,"Client error '403 ' for url 'https://openapiproext.bnf.fr/iiif/presentation/v3/ark:/12148/bd6t5124371g/manifest.json'
For more information check: https://developer.mozilla.org/en-US/docs/Web/HTTP/Status/403",2026-07-17T11:41:20.617325
combat,bd6t5124372v,,failed,0,0,,http_manifest,known,403,manifest,"Client error '403 ' for url 'https://openapiproext.bnf.fr/iiif/presentation/v3/ark:/12148/bd6t5124372v/manifest.json'
For more information check: https://developer.mozilla.org/en-US/docs/Web/HTTP/Status/403",2026-07-17T11:41:21.639482
combat,bd6t51243737,,failed,0,0,,http_manifest,known,403,manifest,"Client error '403 ' for url 'https://openapiproext.bnf.fr/iiif/presentation/v3/ark:/12148/bd6t51243737/manifest.json'
For more information check: https://developer.mozilla.org/en-US/docs/Web/HTTP/Status/403",2026-07-17T11:41:22.845438
combat,bd6t5124374m,,failed,0,0,,http_manifest,known,403,manifest,"Client error '403 ' for url 'https://openapiproext.bnf.fr/iiif/presentation/v3/ark:/12148/bd6t5124374m/manifest.json'
For more information check: https://developer.mozilla.org/en-US/docs/Web/HTTP/Status/403",2026-07-17T11:41:24.073523
combat,bd6t51243750,,failed,0,0,,http_manifest,known,403,manifest,"Client error '403 ' for url 'https://openapiproext.bnf.fr/iiif/presentation/v3/ark:/12148/bd6t51243750/manifest.json'
For more information check: https://developer.mozilla.org/en-US/docs/Web/HTTP/Status/403",2026-07-17T11:41:25.249476
combat,bd6t5124376c,,failed,0,0,,http_manifest,known,403,manifest,"Client error '403 ' for url 'https://openapiproext.bnf.fr/iiif/presentation/v3/ark:/12148/bd6t5124376c/manifest.json'
For more information check: https://developer.mozilla.org/en-US/docs/Web/HTTP/Status/403",2026-07-17T11:41:26.456818
combat,bd6t5124377r,,failed,0,0,,http_manifest,known,403,manifest,"Client error '403 ' for url 'https://openapiproext.bnf.fr/iiif/presentation/v3/ark:/12148/bd6t5124377r/manifest.json'
For more information check: https://developer.mozilla.org/en-US/docs/Web/HTTP/Status/403",2026-07-17T11:41:27.650021
combat,bd6t51243784,,failed,0,0,,http_manifest,known,403,manifest,"Client error '403 ' for url 'https://openapiproext.bnf.fr/iiif/presentation/v3/ark:/12148/bd6t51243784/manifest.json'
For more information check: https://developer.mozilla.org/en-US/docs/Web/HTTP/Status/403",2026-07-17T11:41:28.853651
combat,bd6t5124379h,,failed,0,0,,http_manifest,known,403,manifest,"Client error '403 ' for url 'https://openapiproext.bnf.fr/iiif/presentation/v3/ark:/12148/bd6t5124379h/manifest.json'
For more information check: https://developer.mozilla.org/en-US/docs/Web/HTTP/Status/403",2026-07-17T11:41:30.059019
combat,bd6t5124380f,,failed,0,0,,http_manifest,known,403,manifest,"Client error '403 ' for url 'https://openapiproext.bnf.fr/iiif/presentation/v3/ark:/12148/bd6t5124380f/manifest.json'
For more information check: https://developer.mozilla.org/en-US/docs/Web/HTTP/Status/403",2026-07-17T11:41:31.254916
combat,bd6t5124381t,,failed,0,0,,http_manifest,known,403,manifest,"Client error '403 ' for url 'https://openapiproext.bnf.fr/iiif/presentation/v3/ark:/12148/bd6t5124381t/manifest.json'
For more information check: https://developer.mozilla.org/en-US/docs/Web/HTTP/Status/403",2026-07-17T11:41:32.462289
combat,bd6t51243826,,failed,0,0,,http_manifest,known,403,manifest,"Client error '403 ' for url 'https://openapiproext.bnf.fr/iiif/presentation/v3/ark:/12148/bd6t51243826/manifest.json'
For more information check: https://developer.mozilla.org/en-US/docs/Web/HTTP/Status/403",2026-07-17T11:41:33.657160
combat,bd6t5124383k,,failed,0,0,,http_manifest,known,403,manifest,"Client error '403 ' for url 'https://openapiproext.bnf.fr/iiif/presentation/v3/ark:/12148/bd6t5124383k/manifest.json'
For more information check: https://developer.mozilla.org/en-US/docs/Web/HTTP/Status/403",2026-07-17T11:41:34.863776
combat,bd6t5124384z,,failed,0,0,,http_manifest,known,403,manifest,"Client error '403 ' for url 'https://openapiproext.bnf.fr/iiif/presentation/v3/ark:/12148/bd6t5124384z/manifest.json'
For more information check: https://developer.mozilla.org/en-US/docs/Web/HTTP/Status/403",2026-07-17T11:41:36.076565
combat,bd6t5124385b,,failed,0,0,,http_manifest,known,403,manifest,"Client error '403 ' for url 'https://openapiproext.bnf.fr/iiif/presentation/v3/ark:/12148/bd6t5124385b/manifest.json'
For more information check: https://developer.mozilla.org/en-US/docs/Web/HTTP/Status/403",2026-07-17T11:41:37.266694
combat,bd6t5124386q,,failed,0,0,,http_manifest,known,403,manifest,"Client error '403 ' for url 'https://openapiproext.bnf.fr/iiif/presentation/v3/ark:/12148/bd6t5124386q/manifest.json'
For more information check: https://developer.mozilla.org/en-US/docs/Web/HTTP/Status/403",2026-07-17T11:41:38.466337
combat,bd6t51243873,,failed,0,0,,http_manifest,known,403,manifest,"Client error '403 ' for url 'https://openapiproext.bnf.fr/iiif/presentation/v3/ark:/12148/bd6t51243873/manifest.json'
For more information check: https://developer.mozilla.org/en-US/docs/Web/HTTP/Status/403",2026-07-17T11:41:39.665057
combat,bd6t5124388g,,failed,0,0,,http_manifest,known,403,manifest,"Client error '403 ' for url 'https://openapiproext.bnf.fr/iiif/presentation/v3/ark:/12148/bd6t5124388g/manifest.json'
For more information check: https://developer.mozilla.org/en-US/docs/Web/HTTP/Status/403",2026-07-17T11:41:40.867215
combat,bd6t5124389v,,failed,0,0,,http_manifest,known,403,manifest,"Client error '403 ' for url 'https://openapiproext.bnf.fr/iiif/presentation/v3/ark:/12148/bd6t5124389v/manifest.json'
For more information check: https://developer.mozilla.org/en-US/docs/Web/HTTP/Status/403",2026-07-17T11:41:42.074400
combat,bd6t5124390s,,failed,0,0,,http_manifest,known,403,manifest,"Client error '403 ' for url 'https://openapiproext.bnf.fr/iiif/presentation/v3/ark:/12148/bd6t5124390s/manifest.json'
For more information check: https://developer.mozilla.org/en-US/docs/Web/HTTP/Status/403",2026-07-17T11:41:43.271418
combat,bd6t51243915,,failed,0,0,,http_manifest,known,403,manifest,"Client error '403 ' for url 'https://openapiproext.bnf.fr/iiif/presentation/v3/ark:/12148/bd6t51243915/manifest.json'
For more information check: https://developer.mozilla.org/en-US/docs/Web/HTTP/Status/403",2026-07-17T11:41:44.468746
combat,bd6t5124392j,,failed,0,0,,http_manifest,known,403,manifest,"Client error '403 ' for url 'https://openapiproext.bnf.fr/iiif/presentation/v3/ark:/12148/bd6t5124392j/manifest.json'
For more information check: https://developer.mozilla.org/en-US/docs/Web/HTTP/Status/403",2026-07-17T11:41:45.670557
combat,bd6t5124393x,,failed,0,0,,http_manifest,known,403,manifest,"Client error '403 ' for url 'https://openapiproext.bnf.fr/iiif/presentation/v3/ark:/12148/bd6t5124393x/manifest.json'
For more information check: https://developer.mozilla.org/en-US/docs/Web/HTTP/Status/403",2026-07-17T11:41:46.872794
combat,bd6t51243949,,failed,0,0,,http_manifest,known,403,manifest,"Client error '403 ' for url 'https://openapiproext.bnf.fr/iiif/presentation/v3/ark:/12148/bd6t51243949/manifest.json'
For more information check: https://developer.mozilla.org/en-US/docs/Web/HTTP/Status/403",2026-07-17T11:41:48.100260
combat,bd6t5124395p,,failed,0,0,,http_manifest,known,403,manifest,"Client error '403 ' for url 'https://openapiproext.bnf.fr/iiif/presentation/v3/ark:/12148/bd6t5124395p/manifest.json'
For more information check: https://developer.mozilla.org/en-US/docs/Web/HTTP/Status/403",2026-07-17T11:41:49.278079
combat,bd6t51243962,,failed,0,0,,http_manifest,known,403,manifest,"Client error '403 ' for url 'https://openapiproext.bnf.fr/iiif/presentation/v3/ark:/12148/bd6t51243962/manifest.json'
For more information check: https://developer.mozilla.org/en-US/docs/Web/HTTP/Status/403",2026-07-17T11:41:50.477483
combat,bd6t5124397f,,failed,0,0,,http_manifest,known,403,manifest,"Client error '403 ' for url 'https://openapiproext.bnf.fr/iiif/presentation/v3/ark:/12148/bd6t5124397f/manifest.json'
For more information check: https://developer.mozilla.org/en-US/docs/Web/HTTP/Status/403",2026-07-17T11:41:51.679248
combat,bd6t5124398t,,failed,0,0,,http_manifest,known,403,manifest,"Client error '403 ' for url 'https://openapiproext.bnf.fr/iiif/presentation/v3/ark:/12148/bd6t5124398t/manifest.json'
For more information check: https://developer.mozilla.org/en-US/docs/Web/HTTP/Status/403",2026-07-17T11:41:52.882811
combat,bd6t51243996,,failed,0,0,,http_manifest,known,403,manifest,"Client error '403 ' for url 'https://openapiproext.bnf.fr/iiif/presentation/v3/ark:/12148/bd6t51243996/manifest.json'
For more information check: https://developer.mozilla.org/en-US/docs/Web/HTTP/Status/403",2026-07-17T11:41:54.106760
combat,bd6t532509j,,failed,0,0,,http_manifest,known,403,manifest,"Client error '403 ' for url 'https://openapiproext.bnf.fr/iiif/presentation/v3/ark:/12148/bd6t532509j/manifest.json'
For more information check: https://developer.mozilla.org/en-US/docs/Web/HTTP/Status/403",2026-07-17T11:41:55.284485
combat,bd6t532510r,,failed,0,0,,http_manifest,known,403,manifest,"Client error '403 ' for url 'https://openapiproext.bnf.fr/iiif/presentation/v3/ark:/12148/bd6t532510r/manifest.json'
For more information check: https://developer.mozilla.org/en-US/docs/Web/HTTP/Status/403",2026-07-17T11:41:56.486992
combat,bd6t5325113,,failed,0,0,,http_manifest,known,403,manifest,"Client error '403 ' for url 'https://openapiproext.bnf.fr/iiif/presentation/v3/ark:/12148/bd6t5325113/manifest.json'
For more information check: https://developer.mozilla.org/en-US/docs/Web/HTTP/Status/403",2026-07-17T11:41:57.689869
combat,bd6t532512f,,failed,0,0,,http_manifest,known,403,manifest,"Client error '403 ' for url 'https://openapiproext.bnf.fr/iiif/presentation/v3/ark:/12148/bd6t532512f/manifest.json'
For more information check: https://developer.mozilla.org/en-US/docs/Web/HTTP/Status/403",2026-07-17T11:41:58.893872
combat,bd6t532513s,,failed,0,0,,http_manifest,known,403,manifest,"Client error '403 ' for url 'https://openapiproext.bnf.fr/iiif/presentation/v3/ark:/12148/bd6t532513s/manifest.json'
For more information check: https://developer.mozilla.org/en-US/docs/Web/HTTP/Status/403",2026-07-17T11:42:00.126095
combat,bd6t5325144,,failed,0,0,,http_manifest,known,403,manifest,"Client error '403 ' for url 'https://openapiproext.bnf.fr/iiif/presentation/v3/ark:/12148/bd6t5325144/manifest.json'
For more information check: https://developer.mozilla.org/en-US/docs/Web/HTTP/Status/403",2026-07-17T11:42:01.400257
combat,bd6t532515g,,failed,0,0,,http_manifest,known,403,manifest,"Client error '403 ' for url 'https://openapiproext.bnf.fr/iiif/presentation/v3/ark:/12148/bd6t532515g/manifest.json'
For more information check: https://developer.mozilla.org/en-US/docs/Web/HTTP/Status/403",2026-07-17T11:42:02.504586
combat,bd6t532516t,,failed,0,0,,http_manifest,known,403,manifest,"Client error '403 ' for url 'https://openapiproext.bnf.fr/iiif/presentation/v3/ark:/12148/bd6t532516t/manifest.json'
For more information check: https://developer.mozilla.org/en-US/docs/Web/HTTP/Status/403",2026-07-17T11:42:03.700806
combat,bd6t5325175,,failed,0,0,,http_manifest,known,403,manifest,"Client error '403 ' for url 'https://openapiproext.bnf.fr/iiif/presentation/v3/ark:/12148/bd6t5325175/manifest.json'
For more information check: https://developer.mozilla.org/en-US/docs/Web/HTTP/Status/403",2026-07-17T11:42:04.978540
combat,bd6t532518h,,failed,0,0,,http_manifest,known,403,manifest,"Client error '403 ' for url 'https://openapiproext.bnf.fr/iiif/presentation/v3/ark:/12148/bd6t532518h/manifest.json'
For more information check: https://developer.mozilla.org/en-US/docs/Web/HTTP/Status/403",2026-07-17T11:42:06.400200
combat,bd6t532519v,,failed,0,0,,http_manifest,known,403,manifest,"Client error '403 ' for url 'https://openapiproext.bnf.fr/iiif/presentation/v3/ark:/12148/bd6t532519v/manifest.json'
For more information check: https://developer.mozilla.org/en-US/docs/Web/HTTP/Status/403",2026-07-17T11:42:07.301903
combat,bd6t5325202,,failed,0,0,,http_manifest,known,403,manifest,"Client error '403 ' for url 'https://openapiproext.bnf.fr/iiif/presentation/v3/ark:/12148/bd6t5325202/manifest.json'
For more information check: https://developer.mozilla.org/en-US/docs/Web/HTTP/Status/403",2026-07-17T11:42:08.501910
combat,bd6t532521d,,failed,0,0,,http_manifest,known,403,manifest,"Client error '403 ' for url 'https://openapiproext.bnf.fr/iiif/presentation/v3/ark:/12148/bd6t532521d/manifest.json'
For more information check: https://developer.mozilla.org/en-US/docs/Web/HTTP/Status/403",2026-07-17T11:42:09.701321
combat,bd6t532522r,,failed,0,0,,http_manifest,known,403,manifest,"Client error '403 ' for url 'https://openapiproext.bnf.fr/iiif/presentation/v3/ark:/12148/bd6t532522r/manifest.json'
For more information check: https://developer.mozilla.org/en-US/docs/Web/HTTP/Status/403",2026-07-17T11:42:10.910621
combat,bd6t5325233,,failed,0,0,,http_manifest,known,403,manifest,"Client error '403 ' for url 'https://openapiproext.bnf.fr/iiif/presentation/v3/ark:/12148/bd6t5325233/manifest.json'
For more information check: https://developer.mozilla.org/en-US/docs/Web/HTTP/Status/403",2026-07-17T11:42:12.122159
combat,bd6t532524f,,failed,0,0,,http_manifest,known,403,manifest,"Client error '403 ' for url 'https://openapiproext.bnf.fr/iiif/presentation/v3/ark:/12148/bd6t532524f/manifest.json'
For more information check: https://developer.mozilla.org/en-US/docs/Web/HTTP/Status/403",2026-07-17T11:42:13.333699
combat,bd6t532525s,,failed,0,0,,http_manifest,known,403,manifest,"Client error '403 ' for url 'https://openapiproext.bnf.fr/iiif/presentation/v3/ark:/12148/bd6t532525s/manifest.json'
For more information check: https://developer.mozilla.org/en-US/docs/Web/HTTP/Status/403",2026-07-17T11:42:14.511327
combat,bd6t5325264,,failed,0,0,,http_manifest,known,403,manifest,"Client error '403 ' for url 'https://openapiproext.bnf.fr/iiif/presentation/v3/ark:/12148/bd6t5325264/manifest.json'
For more information check: https://developer.mozilla.org/en-US/docs/Web/HTTP/Status/403",2026-07-17T11:42:15.726624
combat,bd6t532527g,,failed,0,0,,http_manifest,known,403,manifest,"Client error '403 ' for url 'https://openapiproext.bnf.fr/iiif/presentation/v3/ark:/12148/bd6t532527g/manifest.json'
For more information check: https://developer.mozilla.org/en-US/docs/Web/HTTP/Status/403",2026-07-17T11:42:16.909177
combat,bd6t532528t,,failed,0,0,,http_manifest,known,403,manifest,"Client error '403 ' for url 'https://openapiproext.bnf.fr/iiif/presentation/v3/ark:/12148/bd6t532528t/manifest.json'
For more information check: https://developer.mozilla.org/en-US/docs/Web/HTTP/Status/403",2026-07-17T11:42:18.111637
combat,bd6t5325295,,failed,0,0,,http_manifest,known,403,manifest,"Client error '403 ' for url 'https://openapiproext.bnf.fr/iiif/presentation/v3/ark:/12148/bd6t5325295/manifest.json'
For more information check: https://developer.mozilla.org/en-US/docs/Web/HTTP/Status/403",2026-07-17T11:42:19.340914
combat,bd6t532530c,,failed,0,0,,http_manifest,known,403,manifest,"Client error '403 ' for url 'https://openapiproext.bnf.fr/iiif/presentation/v3/ark:/12148/bd6t532530c/manifest.json'
For more information check: https://developer.mozilla.org/en-US/docs/Web/HTTP/Status/403",2026-07-17T11:42:20.516382
combat,bd6t532531q,,failed,0,0,,http_manifest,known,403,manifest,"Client error '403 ' for url 'https://openapiproext.bnf.fr/iiif/presentation/v3/ark:/12148/bd6t532531q/manifest.json'
For more information check: https://developer.mozilla.org/en-US/docs/Web/HTTP/Status/403",2026-07-17T11:42:21.718063
combat,bd6t5325322,,failed,0,0,,http_manifest,known,403,manifest,"Client error '403 ' for url 'https://openapiproext.bnf.fr/iiif/presentation/v3/ark:/12148/bd6t5325322/manifest.json'
For more information check: https://developer.mozilla.org/en-US/docs/Web/HTTP/Status/403",2026-07-17T11:42:22.919678
combat,bd6t532533d,,failed,0,0,,http_manifest,known,403,manifest,"Client error '403 ' for url 'https://openapiproext.bnf.fr/iiif/presentation/v3/ark:/12148/bd6t532533d/manifest.json'
For more information check: https://developer.mozilla.org/en-US/docs/Web/HTTP/Status/403",2026-07-17T11:42:24.123125
combat,bd6t532534r,,failed,0,0,,http_manifest,known,403,manifest,"Client error '403 ' for url 'https://openapiproext.bnf.fr/iiif/presentation/v3/ark:/12148/bd6t532534r/manifest.json'
For more information check: https://developer.mozilla.org/en-US/docs/Web/HTTP/Status/403",2026-07-17T11:42:25.321384
combat,bd6t5325353,,failed,0,0,,http_manifest,known,403,manifest,"Client error '403 ' for url 'https://openapiproext.bnf.fr/iiif/presentation/v3/ark:/12148/bd6t5325353/manifest.json'
For more information check: https://developer.mozilla.org/en-US/docs/Web/HTTP/Status/403",2026-07-17T11:42:26.521444
combat,bd6t532536f,,failed,0,0,,http_manifest,known,403,manifest,"Client error '403 ' for url 'https://openapiproext.bnf.fr/iiif/presentation/v3/ark:/12148/bd6t532536f/manifest.json'
For more information check: https://developer.mozilla.org/en-US/docs/Web/HTTP/Status/403",2026-07-17T11:42:27.723480
combat,bd6t532537s,,failed,0,0,,http_manifest,known,403,manifest,"Client error '403 ' for url 'https://openapiproext.bnf.fr/iiif/presentation/v3/ark:/12148/bd6t532537s/manifest.json'
For more information check: https://developer.mozilla.org/en-US/docs/Web/HTTP/Status/403",2026-07-17T11:42:28.933172
combat,bd6t5325384,,failed,0,0,,http_manifest,known,403,manifest,"Client error '403 ' for url 'https://openapiproext.bnf.fr/iiif/presentation/v3/ark:/12148/bd6t5325384/manifest.json'
For more information check: https://developer.mozilla.org/en-US/docs/Web/HTTP/Status/403",2026-07-17T11:42:30.128301
combat,bd6t532539g,,failed,0,0,,http_manifest,known,403,manifest,"Client error '403 ' for url 'https://openapiproext.bnf.fr/iiif/presentation/v3/ark:/12148/bd6t532539g/manifest.json'
For more information check: https://developer.mozilla.org/en-US/docs/Web/HTTP/Status/403",2026-07-17T11:42:31.342420
combat,bd6t532540p,,failed,0,0,,http_manifest,known,403,manifest,"Client error '403 ' for url 'https://openapiproext.bnf.fr/iiif/presentation/v3/ark:/12148/bd6t532540p/manifest.json'
For more information check: https://developer.mozilla.org/en-US/docs/Web/HTTP/Status/403",2026-07-17T11:42:32.529090
combat,bd6t5325411,,failed,0,0,,http_manifest,known,403,manifest,"Client error '403 ' for url 'https://openapiproext.bnf.fr/iiif/presentation/v3/ark:/12148/bd6t5325411/manifest.json'
For more information check: https://developer.mozilla.org/en-US/docs/Web/HTTP/Status/403",2026-07-17T11:42:33.734695
combat,bd6t532542c,,failed,0,0,,http_manifest,known,403,manifest,"Client error '403 ' for url 'https://openapiproext.bnf.fr/iiif/presentation/v3/ark:/12148/bd6t532542c/manifest.json'
For more information check: https://developer.mozilla.org/en-US/docs/Web/HTTP/Status/403",2026-07-17T11:42:34.934372
combat,bd6t532543q,,failed,0,0,,http_manifest,known,403,manifest,"Client error '403 ' for url 'https://openapiproext.bnf.fr/iiif/presentation/v3/ark:/12148/bd6t532543q/manifest.json'
For more information check: https://developer.mozilla.org/en-US/docs/Web/HTTP/Status/403",2026-07-17T11:42:36.146307
combat,bd6t5325442,,failed,0,0,,http_manifest,known,403,manifest,"Client error '403 ' for url 'https://openapiproext.bnf.fr/iiif/presentation/v3/ark:/12148/bd6t5325442/manifest.json'
For more information check: https://developer.mozilla.org/en-US/docs/Web/HTTP/Status/403",2026-07-17T11:42:37.352079
combat,bd6t532545d,,failed,0,0,,http_manifest,known,403,manifest,"Client error '403 ' for url 'https://openapiproext.bnf.fr/iiif/presentation/v3/ark:/12148/bd6t532545d/manifest.json'
For more information check: https://developer.mozilla.org/en-US/docs/Web/HTTP/Status/403",2026-07-17T11:42:38.535983
combat,bd6t532546r,,failed,0,0,,http_manifest,known,403,manifest,"Client error '403 ' for url 'https://openapiproext.bnf.fr/iiif/presentation/v3/ark:/12148/bd6t532546r/manifest.json'
For more information check: https://developer.mozilla.org/en-US/docs/Web/HTTP/Status/403",2026-07-17T11:42:39.735160
combat,bd6t5325473,,failed,0,0,,http_manifest,known,403,manifest,"Client error '403 ' for url 'https://openapiproext.bnf.fr/iiif/presentation/v3/ark:/12148/bd6t5325473/manifest.json'
For more information check: https://developer.mozilla.org/en-US/docs/Web/HTTP/Status/403",2026-07-17T11:42:40.939724
combat,bd6t532548f,,failed,0,0,,http_manifest,known,403,manifest,"Client error '403 ' for url 'https://openapiproext.bnf.fr/iiif/presentation/v3/ark:/12148/bd6t532548f/manifest.json'
For more information check: https://developer.mozilla.org/en-US/docs/Web/HTTP/Status/403",2026-07-17T11:42:42.140220
combat,bd6t532549s,,failed,0,0,,http_manifest,known,403,manifest,"Client error '403 ' for url 'https://openapiproext.bnf.fr/iiif/presentation/v3/ark:/12148/bd6t532549s/manifest.json'
For more information check: https://developer.mozilla.org/en-US/docs/Web/HTTP/Status/403",2026-07-17T11:42:43.343041
combat,bd6t5325500,,failed,0,0,,http_manifest,known,403,manifest,"Client error '403 ' for url 'https://openapiproext.bnf.fr/iiif/presentation/v3/ark:/12148/bd6t5325500/manifest.json'
For more information check: https://developer.mozilla.org/en-US/docs/Web/HTTP/Status/403",2026-07-17T11:42:44.544530
combat,bd6t532551b,,failed,0,0,,http_manifest,known,403,manifest,"Client error '403 ' for url 'https://openapiproext.bnf.fr/iiif/presentation/v3/ark:/12148/bd6t532551b/manifest.json'
For more information check: https://developer.mozilla.org/en-US/docs/Web/HTTP/Status/403",2026-07-17T11:42:45.748608
combat,bd6t532552p,,failed,0,0,,http_manifest,known,403,manifest,"Client error '403 ' for url 'https://openapiproext.bnf.fr/iiif/presentation/v3/ark:/12148/bd6t532552p/manifest.json'
For more information check: https://developer.mozilla.org/en-US/docs/Web/HTTP/Status/403",2026-07-17T11:42:46.948115
combat,bd6t5325531,,failed,0,0,,http_manifest,known,403,manifest,"Client error '403 ' for url 'https://openapiproext.bnf.fr/iiif/presentation/v3/ark:/12148/bd6t5325531/manifest.json'
For more information check: https://developer.mozilla.org/en-US/docs/Web/HTTP/Status/403",2026-07-17T11:42:48.151215
combat,bd6t532554c,,failed,0,0,,http_manifest,known,403,manifest,"Client error '403 ' for url 'https://openapiproext.bnf.fr/iiif/presentation/v3/ark:/12148/bd6t532554c/manifest.json'
For more information check: https://developer.mozilla.org/en-US/docs/Web/HTTP/Status/403",2026-07-17T11:42:49.372695
combat,bd6t532555q,,failed,0,0,,http_manifest,known,403,manifest,"Client error '403 ' for url 'https://openapiproext.bnf.fr/iiif/presentation/v3/ark:/12148/bd6t532555q/manifest.json'
For more information check: https://developer.mozilla.org/en-US/docs/Web/HTTP/Status/403",2026-07-17T11:42:50.553939
combat,bd6t5325562,,failed,0,0,,http_manifest,known,403,manifest,"Client error '403 ' for url 'https://openapiproext.bnf.fr/iiif/presentation/v3/ark:/12148/bd6t5325562/manifest.json'
For more information check: https://developer.mozilla.org/en-US/docs/Web/HTTP/Status/403",2026-07-17T11:42:51.755815
combat,bd6t532557d,,failed,0,0,,http_manifest,known,403,manifest,"Client error '403 ' for url 'https://openapiproext.bnf.fr/iiif/presentation/v3/ark:/12148/bd6t532557d/manifest.json'
For more information check: https://developer.mozilla.org/en-US/docs/Web/HTTP/Status/403",2026-07-17T11:42:52.955314
combat,bd6t532558r,,failed,0,0,,http_manifest,known,403,manifest,"Client error '403 ' for url 'https://openapiproext.bnf.fr/iiif/presentation/v3/ark:/12148/bd6t532558r/manifest.json'
For more information check: https://developer.mozilla.org/en-US/docs/Web/HTTP/Status/403",2026-07-17T11:42:54.160286
combat,bd6t5325593,,failed,0,0,,http_manifest,known,403,manifest,"Client error '403 ' for url 'https://openapiproext.bnf.fr/iiif/presentation/v3/ark:/12148/bd6t5325593/manifest.json'
For more information check: https://developer.mozilla.org/en-US/docs/Web/HTTP/Status/403",2026-07-17T11:42:55.370921
combat,bd6t5325609,,failed,0,0,,http_manifest,known,403,manifest,"Client error '403 ' for url 'https://openapiproext.bnf.fr/iiif/presentation/v3/ark:/12148/bd6t5325609/manifest.json'
For more information check: https://developer.mozilla.org/en-US/docs/Web/HTTP/Status/403",2026-07-17T11:42:56.565765
combat,bd6t51244547,,failed,0,0,,http_manifest,known,403,manifest,"Client error '403 ' for url 'https://openapiproext.bnf.fr/iiif/presentation/v3/ark:/12148/bd6t51244547/manifest.json'
For more information check: https://developer.mozilla.org/en-US/docs/Web/HTTP/Status/403",2026-07-17T11:42:57.956942
combat,bd6t5124455m,,failed,0,0,,http_manifest,known,403,manifest,"Client error '403 ' for url 'https://openapiproext.bnf.fr/iiif/presentation/v3/ark:/12148/bd6t5124455m/manifest.json'
For more information check: https://developer.mozilla.org/en-US/docs/Web/HTTP/Status/403",2026-07-17T11:42:58.960170
combat,bd6t51244560,,failed,0,0,,http_manifest,known,403,manifest,"Client error '403 ' for url 'https://openapiproext.bnf.fr/iiif/presentation/v3/ark:/12148/bd6t51244560/manifest.json'
For more information check: https://developer.mozilla.org/en-US/docs/Web/HTTP/Status/403",2026-07-17T11:43:00.259582
combat,bd6t5124457c,,failed,0,0,,http_manifest,known,403,manifest,"Client error '403 ' for url 'https://openapiproext.bnf.fr/iiif/presentation/v3/ark:/12148/bd6t5124457c/manifest.json'
For more information check: https://developer.mozilla.org/en-US/docs/Web/HTTP/Status/403",2026-07-17T11:43:01.462236
combat,bd6t5124458r,,failed,0,0,,http_manifest,known,403,manifest,"Client error '403 ' for url 'https://openapiproext.bnf.fr/iiif/presentation/v3/ark:/12148/bd6t5124458r/manifest.json'
For more information check: https://developer.mozilla.org/en-US/docs/Web/HTTP/Status/403",2026-07-17T11:43:02.580564
combat,bd6t51244594,,failed,0,0,,http_manifest,known,403,manifest,"Client error '403 ' for url 'https://openapiproext.bnf.fr/iiif/presentation/v3/ark:/12148/bd6t51244594/manifest.json'
For more information check: https://developer.mozilla.org/en-US/docs/Web/HTTP/Status/403",2026-07-17T11:43:03.909573
combat,bd6t51244602,,failed,0,0,,http_manifest,known,403,manifest,"Client error '403 ' for url 'https://openapiproext.bnf.fr/iiif/presentation/v3/ark:/12148/bd6t51244602/manifest.json'
For more information check: https://developer.mozilla.org/en-US/docs/Web/HTTP/Status/403",2026-07-17T11:43:05.169961
combat,bd6t5124461f,,failed,0,0,,http_manifest,known,403,manifest,"Client error '403 ' for url 'https://openapiproext.bnf.fr/iiif/presentation/v3/ark:/12148/bd6t5124461f/manifest.json'
For more information check: https://developer.mozilla.org/en-US/docs/Web/HTTP/Status/403",2026-07-17T11:43:06.371439
combat,bd6t5124462t,,failed,0,0,,http_manifest,known,403,manifest,"Client error '403 ' for url 'https://openapiproext.bnf.fr/iiif/presentation/v3/ark:/12148/bd6t5124462t/manifest.json'
For more information check: https://developer.mozilla.org/en-US/docs/Web/HTTP/Status/403",2026-07-17T11:43:07.492110
combat,bd6t51244636,,failed,0,0,,http_manifest,known,403,manifest,"Client error '403 ' for url 'https://openapiproext.bnf.fr/iiif/presentation/v3/ark:/12148/bd6t51244636/manifest.json'
For more information check: https://developer.mozilla.org/en-US/docs/Web/HTTP/Status/403",2026-07-17T11:43:08.576460
combat,bd6t5124464k,,failed,0,0,,http_manifest,known,403,manifest,"Client error '403 ' for url 'https://openapiproext.bnf.fr/iiif/presentation/v3/ark:/12148/bd6t5124464k/manifest.json'
For more information check: https://developer.mozilla.org/en-US/docs/Web/HTTP/Status/403",2026-07-17T11:43:09.788416
combat,bd6t5124465z,,failed,0,0,,http_manifest,known,403,manifest,"Client error '403 ' for url 'https://openapiproext.bnf.fr/iiif/presentation/v3/ark:/12148/bd6t5124465z/manifest.json'
For more information check: https://developer.mozilla.org/en-US/docs/Web/HTTP/Status/403",2026-07-17T11:43:10.986793
combat,bd6t5124466b,,failed,0,0,,http_manifest,known,403,manifest,"Client error '403 ' for url 'https://openapiproext.bnf.fr/iiif/presentation/v3/ark:/12148/bd6t5124466b/manifest.json'
For more information check: https://developer.mozilla.org/en-US/docs/Web/HTTP/Status/403",2026-07-17T11:43:12.180150
combat,bd6t5124467q,,failed,0,0,,http_manifest,known,403,manifest,"Client error '403 ' for url 'https://openapiproext.bnf.fr/iiif/presentation/v3/ark:/12148/bd6t5124467q/manifest.json'
For more information check: https://developer.mozilla.org/en-US/docs/Web/HTTP/Status/403",2026-07-17T11:43:13.383749
combat,bd6t51244683,,failed,0,0,,http_manifest,known,403,manifest,"Client error '403 ' for url 'https://openapiproext.bnf.fr/iiif/presentation/v3/ark:/12148/bd6t51244683/manifest.json'
For more information check: https://developer.mozilla.org/en-US/docs/Web/HTTP/Status/403",2026-07-17T11:43:14.590287
combat,bd6t5124469g,,failed,0,0,,http_manifest,known,403,manifest,"Client error '403 ' for url 'https://openapiproext.bnf.fr/iiif/presentation/v3/ark:/12148/bd6t5124469g/manifest.json'
For more information check: https://developer.mozilla.org/en-US/docs/Web/HTTP/Status/403",2026-07-17T11:43:15.908328
combat,bd6t5124470d,,failed,0,0,,http_manifest,known,403,manifest,"Client error '403 ' for url 'https://openapiproext.bnf.fr/iiif/presentation/v3/ark:/12148/bd6t5124470d/manifest.json'
For more information check: https://developer.mozilla.org/en-US/docs/Web/HTTP/Status/403",2026-07-17T11:43:17.141094
combat,bd6t5124471s,,failed,0,0,,http_manifest,known,403,manifest,"Client error '403 ' for url 'https://openapiproext.bnf.fr/iiif/presentation/v3/ark:/12148/bd6t5124471s/manifest.json'
For more information check: https://developer.mozilla.org/en-US/docs/Web/HTTP/Status/403",2026-07-17T11:43:18.247044
combat,bd6t51244725,,failed,0,0,,http_manifest,known,403,manifest,"Client error '403 ' for url 'https://openapiproext.bnf.fr/iiif/presentation/v3/ark:/12148/bd6t51244725/manifest.json'
For more information check: https://developer.mozilla.org/en-US/docs/Web/HTTP/Status/403",2026-07-17T11:43:19.400143
combat,bd6t5124473j,,failed,0,0,,http_manifest,known,403,manifest,"Client error '403 ' for url 'https://openapiproext.bnf.fr/iiif/presentation/v3/ark:/12148/bd6t5124473j/manifest.json'
For more information check: https://developer.mozilla.org/en-US/docs/Web/HTTP/Status/403",2026-07-17T11:43:20.593445
combat,bd6t5124474x,,failed,0,0,,http_manifest,known,403,manifest,"Client error '403 ' for url 'https://openapiproext.bnf.fr/iiif/presentation/v3/ark:/12148/bd6t5124474x/manifest.json'
For more information check: https://developer.mozilla.org/en-US/docs/Web/HTTP/Status/403",2026-07-17T11:43:21.915454
combat,bd6t51244759,,failed,0,0,,http_manifest,known,403,manifest,"Client error '403 ' for url 'https://openapiproext.bnf.fr/iiif/presentation/v3/ark:/12148/bd6t51244759/manifest.json'
For more information check: https://developer.mozilla.org/en-US/docs/Web/HTTP/Status/403",2026-07-17T11:43:23.001445
combat,bd6t5124476p,,failed,0,0,,http_manifest,known,403,manifest,"Client error '403 ' for url 'https://openapiproext.bnf.fr/iiif/presentation/v3/ark:/12148/bd6t5124476p/manifest.json'
For more information check: https://developer.mozilla.org/en-US/docs/Web/HTTP/Status/403",2026-07-17T11:43:24.204027
combat,bd6t51244772,,failed,0,0,,http_manifest,known,403,manifest,"Client error '403 ' for url 'https://openapiproext.bnf.fr/iiif/presentation/v3/ark:/12148/bd6t51244772/manifest.json'
For more information check: https://developer.mozilla.org/en-US/docs/Web/HTTP/Status/403",2026-07-17T11:43:25.400228
combat,bd6t5124478f,,failed,0,0,,http_manifest,known,403,manifest,"Client error '403 ' for url 'https://openapiproext.bnf.fr/iiif/presentation/v3/ark:/12148/bd6t5124478f/manifest.json'
For more information check: https://developer.mozilla.org/en-US/docs/Web/HTTP/Status/403",2026-07-17T11:43:26.598266
combat,bd6t5124479t,,failed,0,0,,http_manifest,known,403,manifest,"Client error '403 ' for url 'https://openapiproext.bnf.fr/iiif/presentation/v3/ark:/12148/bd6t5124479t/manifest.json'
For more information check: https://developer.mozilla.org/en-US/docs/Web/HTTP/Status/403",2026-07-17T11:43:27.805025
combat,bd6t5124480r,,failed,0,0,,http_manifest,known,403,manifest,"Client error '403 ' for url 'https://openapiproext.bnf.fr/iiif/presentation/v3/ark:/12148/bd6t5124480r/manifest.json'
For more information check: https://developer.mozilla.org/en-US/docs/Web/HTTP/Status/403",2026-07-17T11:43:29.002541
combat,bd6t51244814,,failed,0,0,,http_manifest,known,403,manifest,"Client error '403 ' for url 'https://openapiproext.bnf.fr/iiif/presentation/v3/ark:/12148/bd6t51244814/manifest.json'
For more information check: https://developer.mozilla.org/en-US/docs/Web/HTTP/Status/403",2026-07-17T11:43:30.218375
combat,bd6t5124482h,,failed,0,0,,http_manifest,known,403,manifest,"Client error '403 ' for url 'https://openapiproext.bnf.fr/iiif/presentation/v3/ark:/12148/bd6t5124482h/manifest.json'
For more information check: https://developer.mozilla.org/en-US/docs/Web/HTTP/Status/403",2026-07-17T11:43:31.417894
combat,bd6t5124483w,,failed,0,0,,http_manifest,known,403,manifest,"Client error '403 ' for url 'https://openapiproext.bnf.fr/iiif/presentation/v3/ark:/12148/bd6t5124483w/manifest.json'
For more information check: https://developer.mozilla.org/en-US/docs/Web/HTTP/Status/403",2026-07-17T11:43:32.606294
combat,bd6t51244848,,failed,0,0,,http_manifest,known,403,manifest,"Client error '403 ' for url 'https://openapiproext.bnf.fr/iiif/presentation/v3/ark:/12148/bd6t51244848/manifest.json'
For more information check: https://developer.mozilla.org/en-US/docs/Web/HTTP/Status/403",2026-07-17T11:43:33.809164
combat,bd6t5124485n,,failed,0,0,,http_manifest,known,403,manifest,"Client error '403 ' for url 'https://openapiproext.bnf.fr/iiif/presentation/v3/ark:/12148/bd6t5124485n/manifest.json'
For more information check: https://developer.mozilla.org/en-US/docs/Web/HTTP/Status/403",2026-07-17T11:43:35.013321
combat,bd6t51244861,,failed,0,0,,http_manifest,known,403,manifest,"Client error '403 ' for url 'https://openapiproext.bnf.fr/iiif/presentation/v3/ark:/12148/bd6t51244861/manifest.json'
For more information check: https://developer.mozilla.org/en-US/docs/Web/HTTP/Status/403",2026-07-17T11:43:36.240773
combat,bd6t5124487d,,failed,0,0,,http_manifest,known,403,manifest,"Client error '403 ' for url 'https://openapiproext.bnf.fr/iiif/presentation/v3/ark:/12148/bd6t5124487d/manifest.json'
For more information check: https://developer.mozilla.org/en-US/docs/Web/HTTP/Status/403",2026-07-17T11:43:37.431717
combat,bd6t5124488s,,failed,0,0,,http_manifest,known,403,manifest,"Client error '403 ' for url 'https://openapiproext.bnf.fr/iiif/presentation/v3/ark:/12148/bd6t5124488s/manifest.json'
For more information check: https://developer.mozilla.org/en-US/docs/Web/HTTP/Status/403",2026-07-17T11:43:38.615004
combat,bd6t51244895,,failed,0,0,,http_manifest,known,403,manifest,"Client error '403 ' for url 'https://openapiproext.bnf.fr/iiif/presentation/v3/ark:/12148/bd6t51244895/manifest.json'
For more information check: https://developer.mozilla.org/en-US/docs/Web/HTTP/Status/403",2026-07-17T11:43:39.818978
combat,bd6t51244903,,failed,0,0,,http_manifest,known,403,manifest,"Client error '403 ' for url 'https://openapiproext.bnf.fr/iiif/presentation/v3/ark:/12148/bd6t51244903/manifest.json'
For more information check: https://developer.mozilla.org/en-US/docs/Web/HTTP/Status/403",2026-07-17T11:43:41.018379
combat,bd6t5124491g,,failed,0,0,,http_manifest,known,403,manifest,"Client error '403 ' for url 'https://openapiproext.bnf.fr/iiif/presentation/v3/ark:/12148/bd6t5124491g/manifest.json'
For more information check: https://developer.mozilla.org/en-US/docs/Web/HTTP/Status/403",2026-07-17T11:43:42.230696
combat,bd6t5124492v,,failed,0,0,,http_manifest,known,403,manifest,"Client error '403 ' for url 'https://openapiproext.bnf.fr/iiif/presentation/v3/ark:/12148/bd6t5124492v/manifest.json'
For more information check: https://developer.mozilla.org/en-US/docs/Web/HTTP/Status/403",2026-07-17T11:43:43.425058
combat,bd6t51244937,,failed,0,0,,http_manifest,known,403,manifest,"Client error '403 ' for url 'https://openapiproext.bnf.fr/iiif/presentation/v3/ark:/12148/bd6t51244937/manifest.json'
For more information check: https://developer.mozilla.org/en-US/docs/Web/HTTP/Status/403",2026-07-17T11:43:44.625729
combat,bd6t5124494m,,failed,0,0,,http_manifest,known,403,manifest,"Client error '403 ' for url 'https://openapiproext.bnf.fr/iiif/presentation/v3/ark:/12148/bd6t5124494m/manifest.json'
For more information check: https://developer.mozilla.org/en-US/docs/Web/HTTP/Status/403",2026-07-17T11:43:45.830089
combat,bd6t51244950,,failed,0,0,,http_manifest,known,403,manifest,"Client error '403 ' for url 'https://openapiproext.bnf.fr/iiif/presentation/v3/ark:/12148/bd6t51244950/manifest.json'
For more information check: https://developer.mozilla.org/en-US/docs/Web/HTTP/Status/403",2026-07-17T11:43:47.029115
combat,bd6t5124496c,,failed,0,0,,http_manifest,known,403,manifest,"Client error '403 ' for url 'https://openapiproext.bnf.fr/iiif/presentation/v3/ark:/12148/bd6t5124496c/manifest.json'
For more information check: https://developer.mozilla.org/en-US/docs/Web/HTTP/Status/403",2026-07-17T11:43:48.250401
combat,bd6t5124497r,,failed,0,0,,http_manifest,known,403,manifest,"Client error '403 ' for url 'https://openapiproext.bnf.fr/iiif/presentation/v3/ark:/12148/bd6t5124497r/manifest.json'
For more information check: https://developer.mozilla.org/en-US/docs/Web/HTTP/Status/403",2026-07-17T11:43:49.435754
combat,bd6t51244984,,failed,0,0,,http_manifest,known,403,manifest,"Client error '403 ' for url 'https://openapiproext.bnf.fr/iiif/presentation/v3/ark:/12148/bd6t51244984/manifest.json'
For more information check: https://developer.mozilla.org/en-US/docs/Web/HTTP/Status/403",2026-07-17T11:43:50.632922
combat,bd6t5124499h,,failed,0,0,,http_manifest,known,403,manifest,"Client error '403 ' for url 'https://openapiproext.bnf.fr/iiif/presentation/v3/ark:/12148/bd6t5124499h/manifest.json'
For more information check: https://developer.mozilla.org/en-US/docs/Web/HTTP/Status/403",2026-07-17T11:43:51.838689
combat,bd6t51245009,,failed,0,0,,http_manifest,known,403,manifest,"Client error '403 ' for url 'https://openapiproext.bnf.fr/iiif/presentation/v3/ark:/12148/bd6t51245009/manifest.json'
For more information check: https://developer.mozilla.org/en-US/docs/Web/HTTP/Status/403",2026-07-17T11:43:53.037353
combat,bd6t5124501p,,failed,0,0,,http_manifest,known,403,manifest,"Client error '403 ' for url 'https://openapiproext.bnf.fr/iiif/presentation/v3/ark:/12148/bd6t5124501p/manifest.json'
For more information check: https://developer.mozilla.org/en-US/docs/Web/HTTP/Status/403",2026-07-17T11:43:54.240050
combat,bd6t51245022,,failed,0,0,,http_manifest,known,403,manifest,"Client error '403 ' for url 'https://openapiproext.bnf.fr/iiif/presentation/v3/ark:/12148/bd6t51245022/manifest.json'
For more information check: https://developer.mozilla.org/en-US/docs/Web/HTTP/Status/403",2026-07-17T11:43:55.439120
combat,bd6t5124503f,,failed,0,0,,http_manifest,known,403,manifest,"Client error '403 ' for url 'https://openapiproext.bnf.fr/iiif/presentation/v3/ark:/12148/bd6t5124503f/manifest.json'
For more information check: https://developer.mozilla.org/en-US/docs/Web/HTTP/Status/403",2026-07-17T11:43:56.648152
combat,bd6t5124504t,,failed,0,0,,http_manifest,known,403,manifest,"Client error '403 ' for url 'https://openapiproext.bnf.fr/iiif/presentation/v3/ark:/12148/bd6t5124504t/manifest.json'
For more information check: https://developer.mozilla.org/en-US/docs/Web/HTTP/Status/403",2026-07-17T11:43:57.994599
combat,bd6t51244000,,failed,0,0,,http_manifest,known,403,manifest,"Client error '403 ' for url 'https://openapiproext.bnf.fr/iiif/presentation/v3/ark:/12148/bd6t51244000/manifest.json'
For more information check: https://developer.mozilla.org/en-US/docs/Web/HTTP/Status/403",2026-07-17T11:43:59.124258
combat,bd6t5124401c,,failed,0,0,,http_manifest,known,403,manifest,"Client error '403 ' for url 'https://openapiproext.bnf.fr/iiif/presentation/v3/ark:/12148/bd6t5124401c/manifest.json'
For more information check: https://developer.mozilla.org/en-US/docs/Web/HTTP/Status/403",2026-07-17T11:44:00.497908
combat,bd6t5124402r,,failed,0,0,,http_manifest,known,403,manifest,"Client error '403 ' for url 'https://openapiproext.bnf.fr/iiif/presentation/v3/ark:/12148/bd6t5124402r/manifest.json'
For more information check: https://developer.mozilla.org/en-US/docs/Web/HTTP/Status/403",2026-07-17T11:44:01.595112
combat,bd6t51244034,,failed,0,0,,http_manifest,known,403,manifest,"Client error '403 ' for url 'https://openapiproext.bnf.fr/iiif/presentation/v3/ark:/12148/bd6t51244034/manifest.json'
For more information check: https://developer.mozilla.org/en-US/docs/Web/HTTP/Status/403",2026-07-17T11:44:02.710843
combat,bd6t5124404h,,failed,0,0,,http_manifest,known,403,manifest,"Client error '403 ' for url 'https://openapiproext.bnf.fr/iiif/presentation/v3/ark:/12148/bd6t5124404h/manifest.json'
For more information check: https://developer.mozilla.org/en-US/docs/Web/HTTP/Status/403",2026-07-17T11:44:03.908110
combat,bd6t5124405w,,failed,0,0,,http_manifest,known,403,manifest,"Client error '403 ' for url 'https://openapiproext.bnf.fr/iiif/presentation/v3/ark:/12148/bd6t5124405w/manifest.json'
For more information check: https://developer.mozilla.org/en-US/docs/Web/HTTP/Status/403",2026-07-17T11:44:06.152862
combat,bd6t51244068,,failed,0,0,,http_manifest,known,403,manifest,"Client error '403 ' for url 'https://openapiproext.bnf.fr/iiif/presentation/v3/ark:/12148/bd6t51244068/manifest.json'
For more information check: https://developer.mozilla.org/en-US/docs/Web/HTTP/Status/403",2026-07-17T11:44:07.143404
combat,bd6t5124407n,,failed,0,0,,http_manifest,known,403,manifest,"Client error '403 ' for url 'https://openapiproext.bnf.fr/iiif/presentation/v3/ark:/12148/bd6t5124407n/manifest.json'
For more information check: https://developer.mozilla.org/en-US/docs/Web/HTTP/Status/403",2026-07-17T11:44:08.521895
combat,bd6t51244081,,failed,0,0,,http_manifest,known,403,manifest,"Client error '403 ' for url 'https://openapiproext.bnf.fr/iiif/presentation/v3/ark:/12148/bd6t51244081/manifest.json'
For more information check: https://developer.mozilla.org/en-US/docs/Web/HTTP/Status/403",2026-07-17T11:44:09.547939
combat,bd6t5124409d,,failed,0,0,,http_manifest,known,403,manifest,"Client error '403 ' for url 'https://openapiproext.bnf.fr/iiif/presentation/v3/ark:/12148/bd6t5124409d/manifest.json'
For more information check: https://developer.mozilla.org/en-US/docs/Web/HTTP/Status/403",2026-07-17T11:44:10.748369
combat,bd6t5124410b,,failed,0,0,,http_manifest,known,403,manifest,"Client error '403 ' for url 'https://openapiproext.bnf.fr/iiif/presentation/v3/ark:/12148/bd6t5124410b/manifest.json'
For more information check: https://developer.mozilla.org/en-US/docs/Web/HTTP/Status/403",2026-07-17T11:44:11.971744
combat,bd6t5124411q,,failed,0,0,,http_manifest,known,403,manifest,"Client error '403 ' for url 'https://openapiproext.bnf.fr/iiif/presentation/v3/ark:/12148/bd6t5124411q/manifest.json'
For more information check: https://developer.mozilla.org/en-US/docs/Web/HTTP/Status/403",2026-07-17T11:44:13.159138
combat,bd6t51244123,,failed,0,0,,http_manifest,known,403,manifest,"Client error '403 ' for url 'https://openapiproext.bnf.fr/iiif/presentation/v3/ark:/12148/bd6t51244123/manifest.json'
For more information check: https://developer.mozilla.org/en-US/docs/Web/HTTP/Status/403",2026-07-17T11:44:14.427987
combat,bd6t5124413g,,failed,0,0,,http_manifest,known,403,manifest,"Client error '403 ' for url 'https://openapiproext.bnf.fr/iiif/presentation/v3/ark:/12148/bd6t5124413g/manifest.json'
For more information check: https://developer.mozilla.org/en-US/docs/Web/HTTP/Status/403",2026-07-17T11:44:15.559453
combat,bd6t5124414v,,failed,0,0,,http_manifest,known,403,manifest,"Client error '403 ' for url 'https://openapiproext.bnf.fr/iiif/presentation/v3/ark:/12148/bd6t5124414v/manifest.json'
For more information check: https://developer.mozilla.org/en-US/docs/Web/HTTP/Status/403",2026-07-17T11:44:16.759874
combat,bd6t51244157,,failed,0,0,,http_manifest,known,403,manifest,"Client error '403 ' for url 'https://openapiproext.bnf.fr/iiif/presentation/v3/ark:/12148/bd6t51244157/manifest.json'
For more information check: https://developer.mozilla.org/en-US/docs/Web/HTTP/Status/403",2026-07-17T11:44:17.961181
combat,bd6t5124416m,,failed,0,0,,http_manifest,known,403,manifest,"Client error '403 ' for url 'https://openapiproext.bnf.fr/iiif/presentation/v3/ark:/12148/bd6t5124416m/manifest.json'
For more information check: https://developer.mozilla.org/en-US/docs/Web/HTTP/Status/403",2026-07-17T11:44:19.159119
combat,bd6t51244170,,failed,0,0,,http_manifest,known,403,manifest,"Client error '403 ' for url 'https://openapiproext.bnf.fr/iiif/presentation/v3/ark:/12148/bd6t51244170/manifest.json'
For more information check: https://developer.mozilla.org/en-US/docs/Web/HTTP/Status/403",2026-07-17T11:44:20.383462
combat,bd6t5124418c,,failed,0,0,,http_manifest,known,403,manifest,"Client error '403 ' for url 'https://openapiproext.bnf.fr/iiif/presentation/v3/ark:/12148/bd6t5124418c/manifest.json'
For more information check: https://developer.mozilla.org/en-US/docs/Web/HTTP/Status/403",2026-07-17T11:44:21.563333
combat,bd6t5124419r,,failed,0,0,,http_manifest,known,403,manifest,"Client error '403 ' for url 'https://openapiproext.bnf.fr/iiif/presentation/v3/ark:/12148/bd6t5124419r/manifest.json'
For more information check: https://developer.mozilla.org/en-US/docs/Web/HTTP/Status/403",2026-07-17T11:44:22.765054
combat,bd6t5124420p,,failed,0,0,,http_manifest,known,403,manifest,"Client error '403 ' for url 'https://openapiproext.bnf.fr/iiif/presentation/v3/ark:/12148/bd6t5124420p/manifest.json'
For more information check: https://developer.mozilla.org/en-US/docs/Web/HTTP/Status/403",2026-07-17T11:44:23.964223
combat,bd6t51244212,,failed,0,0,,http_manifest,known,403,manifest,"Client error '403 ' for url 'https://openapiproext.bnf.fr/iiif/presentation/v3/ark:/12148/bd6t51244212/manifest.json'
For more information check: https://developer.mozilla.org/en-US/docs/Web/HTTP/Status/403",2026-07-17T11:44:25.173509
combat,bd6t5124422f,,failed,0,0,,http_manifest,known,403,manifest,"Client error '403 ' for url 'https://openapiproext.bnf.fr/iiif/presentation/v3/ark:/12148/bd6t5124422f/manifest.json'
For more information check: https://developer.mozilla.org/en-US/docs/Web/HTTP/Status/403",2026-07-17T11:44:26.395123
combat,bd6t5124423t,,failed,0,0,,http_manifest,known,403,manifest,"Client error '403 ' for url 'https://openapiproext.bnf.fr/iiif/presentation/v3/ark:/12148/bd6t5124423t/manifest.json'
For more information check: https://developer.mozilla.org/en-US/docs/Web/HTTP/Status/403",2026-07-17T11:44:27.567799
combat,bd6t51244246,,failed,0,0,,http_manifest,known,403,manifest,"Client error '403 ' for url 'https://openapiproext.bnf.fr/iiif/presentation/v3/ark:/12148/bd6t51244246/manifest.json'
For more information check: https://developer.mozilla.org/en-US/docs/Web/HTTP/Status/403",2026-07-17T11:44:28.772377
combat,bd6t5124425k,,failed,0,0,,http_manifest,known,403,manifest,"Client error '403 ' for url 'https://openapiproext.bnf.fr/iiif/presentation/v3/ark:/12148/bd6t5124425k/manifest.json'
For more information check: https://developer.mozilla.org/en-US/docs/Web/HTTP/Status/403",2026-07-17T11:44:29.982119
combat,bd6t5124426z,,failed,0,0,,http_manifest,known,403,manifest,"Client error '403 ' for url 'https://openapiproext.bnf.fr/iiif/presentation/v3/ark:/12148/bd6t5124426z/manifest.json'
For more information check: https://developer.mozilla.org/en-US/docs/Web/HTTP/Status/403",2026-07-17T11:44:31.170747
combat,bd6t5124427b,,failed,0,0,,http_manifest,known,403,manifest,"Client error '403 ' for url 'https://openapiproext.bnf.fr/iiif/presentation/v3/ark:/12148/bd6t5124427b/manifest.json'
For more information check: https://developer.mozilla.org/en-US/docs/Web/HTTP/Status/403",2026-07-17T11:44:32.383583
combat,bd6t5124428q,,failed,0,0,,http_manifest,known,403,manifest,"Client error '403 ' for url 'https://openapiproext.bnf.fr/iiif/presentation/v3/ark:/12148/bd6t5124428q/manifest.json'
For more information check: https://developer.mozilla.org/en-US/docs/Web/HTTP/Status/403",2026-07-17T11:44:33.577587
combat,bd6t51244293,,failed,0,0,,http_manifest,known,403,manifest,"Client error '403 ' for url 'https://openapiproext.bnf.fr/iiif/presentation/v3/ark:/12148/bd6t51244293/manifest.json'
For more information check: https://developer.mozilla.org/en-US/docs/Web/HTTP/Status/403",2026-07-17T11:44:34.781646
combat,bd6t51244301,,failed,0,0,,http_manifest,known,403,manifest,"Client error '403 ' for url 'https://openapiproext.bnf.fr/iiif/presentation/v3/ark:/12148/bd6t51244301/manifest.json'
For more information check: https://developer.mozilla.org/en-US/docs/Web/HTTP/Status/403",2026-07-17T11:44:35.981763
combat,bd6t5124431d,,failed,0,0,,http_manifest,known,403,manifest,"Client error '403 ' for url 'https://openapiproext.bnf.fr/iiif/presentation/v3/ark:/12148/bd6t5124431d/manifest.json'
For more information check: https://developer.mozilla.org/en-US/docs/Web/HTTP/Status/403",2026-07-17T11:44:37.186170
combat,bd6t5124432s,,failed,0,0,,http_manifest,known,403,manifest,"Client error '403 ' for url 'https://openapiproext.bnf.fr/iiif/presentation/v3/ark:/12148/bd6t5124432s/manifest.json'
For more information check: https://developer.mozilla.org/en-US/docs/Web/HTTP/Status/403",2026-07-17T11:44:38.403291
combat,bd6t51244335,,failed,0,0,,http_manifest,known,403,manifest,"Client error '403 ' for url 'https://openapiproext.bnf.fr/iiif/presentation/v3/ark:/12148/bd6t51244335/manifest.json'
For more information check: https://developer.mozilla.org/en-US/docs/Web/HTTP/Status/403",2026-07-17T11:44:39.582904
combat,bd6t5124434j,,failed,0,0,,http_manifest,known,403,manifest,"Client error '403 ' for url 'https://openapiproext.bnf.fr/iiif/presentation/v3/ark:/12148/bd6t5124434j/manifest.json'
For more information check: https://developer.mozilla.org/en-US/docs/Web/HTTP/Status/403",2026-07-17T11:44:40.795565
combat,bd6t5124435x,,failed,0,0,,http_manifest,known,403,manifest,"Client error '403 ' for url 'https://openapiproext.bnf.fr/iiif/presentation/v3/ark:/12148/bd6t5124435x/manifest.json'
For more information check: https://developer.mozilla.org/en-US/docs/Web/HTTP/Status/403",2026-07-17T11:44:41.991612
combat,bd6t51244369,,failed,0,0,,http_manifest,known,403,manifest,"Client error '403 ' for url 'https://openapiproext.bnf.fr/iiif/presentation/v3/ark:/12148/bd6t51244369/manifest.json'
For more information check: https://developer.mozilla.org/en-US/docs/Web/HTTP/Status/403",2026-07-17T11:44:43.204414
combat,bd6t5124437p,,failed,0,0,,http_manifest,known,403,manifest,"Client error '403 ' for url 'https://openapiproext.bnf.fr/iiif/presentation/v3/ark:/12148/bd6t5124437p/manifest.json'
For more information check: https://developer.mozilla.org/en-US/docs/Web/HTTP/Status/403",2026-07-17T11:44:44.390439
combat,bd6t51244382,,failed,0,0,,http_manifest,known,403,manifest,"Client error '403 ' for url 'https://openapiproext.bnf.fr/iiif/presentation/v3/ark:/12148/bd6t51244382/manifest.json'
For more information check: https://developer.mozilla.org/en-US/docs/Web/HTTP/Status/403",2026-07-17T11:44:45.593575
combat,bd6t5124439f,,failed,0,0,,http_manifest,known,403,manifest,"Client error '403 ' for url 'https://openapiproext.bnf.fr/iiif/presentation/v3/ark:/12148/bd6t5124439f/manifest.json'
For more information check: https://developer.mozilla.org/en-US/docs/Web/HTTP/Status/403",2026-07-17T11:44:46.795107
combat,bd6t5124440c,,failed,0,0,,http_manifest,known,403,manifest,"Client error '403 ' for url 'https://openapiproext.bnf.fr/iiif/presentation/v3/ark:/12148/bd6t5124440c/manifest.json'
For more information check: https://developer.mozilla.org/en-US/docs/Web/HTTP/Status/403",2026-07-17T11:44:47.994234
combat,bd6t5124441r,,failed,0,0,,http_manifest,known,403,manifest,"Client error '403 ' for url 'https://openapiproext.bnf.fr/iiif/presentation/v3/ark:/12148/bd6t5124441r/manifest.json'
For more information check: https://developer.mozilla.org/en-US/docs/Web/HTTP/Status/403",2026-07-17T11:44:49.198199
combat,bd6t51244424,,failed,0,0,,http_manifest,known,403,manifest,"Client error '403 ' for url 'https://openapiproext.bnf.fr/iiif/presentation/v3/ark:/12148/bd6t51244424/manifest.json'
For more information check: https://developer.mozilla.org/en-US/docs/Web/HTTP/Status/403",2026-07-17T11:44:50.417113
combat,bd6t5124443h,,failed,0,0,,http_manifest,known,403,manifest,"Client error '403 ' for url 'https://openapiproext.bnf.fr/iiif/presentation/v3/ark:/12148/bd6t5124443h/manifest.json'
For more information check: https://developer.mozilla.org/en-US/docs/Web/HTTP/Status/403",2026-07-17T11:44:51.599361
combat,bd6t5124444w,,failed,0,0,,http_manifest,known,403,manifest,"Client error '403 ' for url 'https://openapiproext.bnf.fr/iiif/presentation/v3/ark:/12148/bd6t5124444w/manifest.json'
For more information check: https://developer.mozilla.org/en-US/docs/Web/HTTP/Status/403",2026-07-17T11:44:52.800950
combat,bd6t51244458,,failed,0,0,,http_manifest,known,403,manifest,"Client error '403 ' for url 'https://openapiproext.bnf.fr/iiif/presentation/v3/ark:/12148/bd6t51244458/manifest.json'
For more information check: https://developer.mozilla.org/en-US/docs/Web/HTTP/Status/403",2026-07-17T11:44:54.002335
combat,bd6t5124446n,,failed,0,0,,http_manifest,known,403,manifest,"Client error '403 ' for url 'https://openapiproext.bnf.fr/iiif/presentation/v3/ark:/12148/bd6t5124446n/manifest.json'
For more information check: https://developer.mozilla.org/en-US/docs/Web/HTTP/Status/403",2026-07-17T11:44:55.210423
combat,bd6t51244471,,failed,0,0,,http_manifest,known,403,manifest,"Client error '403 ' for url 'https://openapiproext.bnf.fr/iiif/presentation/v3/ark:/12148/bd6t51244471/manifest.json'
For more information check: https://developer.mozilla.org/en-US/docs/Web/HTTP/Status/403",2026-07-17T11:44:56.430084
combat,bd6t5124448d,,failed,0,0,,http_manifest,known,403,manifest,"Client error '403 ' for url 'https://openapiproext.bnf.fr/iiif/presentation/v3/ark:/12148/bd6t5124448d/manifest.json'
For more information check: https://developer.mozilla.org/en-US/docs/Web/HTTP/Status/403",2026-07-17T11:44:57.715821
combat,bd6t5124449s,,failed,0,0,,http_manifest,known,403,manifest,"Client error '403 ' for url 'https://openapiproext.bnf.fr/iiif/presentation/v3/ark:/12148/bd6t5124449s/manifest.json'
For more information check: https://developer.mozilla.org/en-US/docs/Web/HTTP/Status/403",2026-07-17T11:44:58.811901
combat,bd6t5124450q,,failed,0,0,,http_manifest,known,403,manifest,"Client error '403 ' for url 'https://openapiproext.bnf.fr/iiif/presentation/v3/ark:/12148/bd6t5124450q/manifest.json'
For more information check: https://developer.mozilla.org/en-US/docs/Web/HTTP/Status/403",2026-07-17T11:45:00.187130
combat,bd6t51244513,,failed,0,0,,http_manifest,known,403,manifest,"Client error '403 ' for url 'https://openapiproext.bnf.fr/iiif/presentation/v3/ark:/12148/bd6t51244513/manifest.json'
For more information check: https://developer.mozilla.org/en-US/docs/Web/HTTP/Status/403",2026-07-17T11:45:01.368030
combat,bd6t5124452g,,failed,0,0,,http_manifest,known,403,manifest,"Client error '403 ' for url 'https://openapiproext.bnf.fr/iiif/presentation/v3/ark:/12148/bd6t5124452g/manifest.json'
For more information check: https://developer.mozilla.org/en-US/docs/Web/HTTP/Status/403",2026-07-17T11:45:02.416104
combat,bd6t5124453v,,failed,0,0,,http_manifest,known,403,manifest,"Client error '403 ' for url 'https://openapiproext.bnf.fr/iiif/presentation/v3/ark:/12148/bd6t5124453v/manifest.json'
For more information check: https://developer.mozilla.org/en-US/docs/Web/HTTP/Status/403",2026-07-17T11:45:03.848711
combat,bd6t5125156b,,failed,0,0,,http_manifest,known,403,manifest,"Client error '403 ' for url 'https://openapiproext.bnf.fr/iiif/presentation/v3/ark:/12148/bd6t5125156b/manifest.json'
For more information check: https://developer.mozilla.org/en-US/docs/Web/HTTP/Status/403",2026-07-17T11:45:04.827314
combat,bd6t5125157q,,failed,0,0,,http_manifest,known,403,manifest,"Client error '403 ' for url 'https://openapiproext.bnf.fr/iiif/presentation/v3/ark:/12148/bd6t5125157q/manifest.json'
For more information check: https://developer.mozilla.org/en-US/docs/Web/HTTP/Status/403",2026-07-17T11:45:06.058843
combat,bd6t51251583,,failed,0,0,,http_manifest,known,403,manifest,"Client error '403 ' for url 'https://openapiproext.bnf.fr/iiif/presentation/v3/ark:/12148/bd6t51251583/manifest.json'
For more information check: https://developer.mozilla.org/en-US/docs/Web/HTTP/Status/403",2026-07-17T11:45:07.222664
combat,bd6t5125159g,,failed,0,0,,http_manifest,known,403,manifest,"Client error '403 ' for url 'https://openapiproext.bnf.fr/iiif/presentation/v3/ark:/12148/bd6t5125159g/manifest.json'
For more information check: https://developer.mozilla.org/en-US/docs/Web/HTTP/Status/403",2026-07-17T11:45:08.541621
combat,bd6t5125160d,,failed,0,0,,http_manifest,known,403,manifest,"Client error '403 ' for url 'https://openapiproext.bnf.fr/iiif/presentation/v3/ark:/12148/bd6t5125160d/manifest.json'
For more information check: https://developer.mozilla.org/en-US/docs/Web/HTTP/Status/403",2026-07-17T11:45:09.628087
combat,bd6t5125161s,,failed,0,0,,http_manifest,known,403,manifest,"Client error '403 ' for url 'https://openapiproext.bnf.fr/iiif/presentation/v3/ark:/12148/bd6t5125161s/manifest.json'
For more information check: https://developer.mozilla.org/en-US/docs/Web/HTTP/Status/403",2026-07-17T11:45:10.826471
combat,bd6t51251625,,failed,0,0,,http_manifest,known,403,manifest,"Client error '403 ' for url 'https://openapiproext.bnf.fr/iiif/presentation/v3/ark:/12148/bd6t51251625/manifest.json'
For more information check: https://developer.mozilla.org/en-US/docs/Web/HTTP/Status/403",2026-07-17T11:45:12.032369
combat,bd6t5125163j,,failed,0,0,,http_manifest,known,403,manifest,"Client error '403 ' for url 'https://openapiproext.bnf.fr/iiif/presentation/v3/ark:/12148/bd6t5125163j/manifest.json'
For more information check: https://developer.mozilla.org/en-US/docs/Web/HTTP/Status/403",2026-07-17T11:45:13.224779
combat,bd6t5125164x,,failed,0,0,,http_manifest,known,403,manifest,"Client error '403 ' for url 'https://openapiproext.bnf.fr/iiif/presentation/v3/ark:/12148/bd6t5125164x/manifest.json'
For more information check: https://developer.mozilla.org/en-US/docs/Web/HTTP/Status/403",2026-07-17T11:45:14.431472
combat,bd6t51251659,,failed,0,0,,http_manifest,known,403,manifest,"Client error '403 ' for url 'https://openapiproext.bnf.fr/iiif/presentation/v3/ark:/12148/bd6t51251659/manifest.json'
For more information check: https://developer.mozilla.org/en-US/docs/Web/HTTP/Status/403",2026-07-17T11:45:15.631899
combat,bd6t5125166p,,failed,0,0,,http_manifest,known,403,manifest,"Client error '403 ' for url 'https://openapiproext.bnf.fr/iiif/presentation/v3/ark:/12148/bd6t5125166p/manifest.json'
For more information check: https://developer.mozilla.org/en-US/docs/Web/HTTP/Status/403",2026-07-17T11:45:16.836240
combat,bd6t51251672,,failed,0,0,,http_manifest,known,403,manifest,"Client error '403 ' for url 'https://openapiproext.bnf.fr/iiif/presentation/v3/ark:/12148/bd6t51251672/manifest.json'
For more information check: https://developer.mozilla.org/en-US/docs/Web/HTTP/Status/403",2026-07-17T11:45:18.037934
combat,bd6t5125168f,,failed,0,0,,http_manifest,known,403,manifest,"Client error '403 ' for url 'https://openapiproext.bnf.fr/iiif/presentation/v3/ark:/12148/bd6t5125168f/manifest.json'
For more information check: https://developer.mozilla.org/en-US/docs/Web/HTTP/Status/403",2026-07-17T11:45:19.236610
combat,bd6t5125169t,,failed,0,0,,http_manifest,known,403,manifest,"Client error '403 ' for url 'https://openapiproext.bnf.fr/iiif/presentation/v3/ark:/12148/bd6t5125169t/manifest.json'
For more information check: https://developer.mozilla.org/en-US/docs/Web/HTTP/Status/403",2026-07-17T11:45:20.465069
combat,bd6t5125170r,,failed,0,0,,http_manifest,known,403,manifest,"Client error '403 ' for url 'https://openapiproext.bnf.fr/iiif/presentation/v3/ark:/12148/bd6t5125170r/manifest.json'
For more information check: https://developer.mozilla.org/en-US/docs/Web/HTTP/Status/403",2026-07-17T11:45:21.643843
combat,bd6t51251714,,failed,0,0,,http_manifest,known,403,manifest,"Client error '403 ' for url 'https://openapiproext.bnf.fr/iiif/presentation/v3/ark:/12148/bd6t51251714/manifest.json'
For more information check: https://developer.mozilla.org/en-US/docs/Web/HTTP/Status/403",2026-07-17T11:45:22.844779
combat,bd6t5125172h,,failed,0,0,,http_manifest,known,403,manifest,"Client error '403 ' for url 'https://openapiproext.bnf.fr/iiif/presentation/v3/ark:/12148/bd6t5125172h/manifest.json'
For more information check: https://developer.mozilla.org/en-US/docs/Web/HTTP/Status/403",2026-07-17T11:45:24.043528
combat,bd6t5125173w,,failed,0,0,,http_manifest,known,403,manifest,"Client error '403 ' for url 'https://openapiproext.bnf.fr/iiif/presentation/v3/ark:/12148/bd6t5125173w/manifest.json'
For more information check: https://developer.mozilla.org/en-US/docs/Web/HTTP/Status/403",2026-07-17T11:45:25.248572
combat,bd6t51251748,,failed,0,0,,http_manifest,known,403,manifest,"Client error '403 ' for url 'https://openapiproext.bnf.fr/iiif/presentation/v3/ark:/12148/bd6t51251748/manifest.json'
For more information check: https://developer.mozilla.org/en-US/docs/Web/HTTP/Status/403",2026-07-17T11:45:26.483165
combat,bd6t5125175n,,failed,0,0,,http_manifest,known,403,manifest,"Client error '403 ' for url 'https://openapiproext.bnf.fr/iiif/presentation/v3/ark:/12148/bd6t5125175n/manifest.json'
For more information check: https://developer.mozilla.org/en-US/docs/Web/HTTP/Status/403",2026-07-17T11:45:27.652290
combat,bd6t51251761,,failed,0,0,,http_manifest,known,403,manifest,"Client error '403 ' for url 'https://openapiproext.bnf.fr/iiif/presentation/v3/ark:/12148/bd6t51251761/manifest.json'
For more information check: https://developer.mozilla.org/en-US/docs/Web/HTTP/Status/403",2026-07-17T11:45:28.851906
combat,bd6t5125177d,,failed,0,0,,http_manifest,known,403,manifest,"Client error '403 ' for url 'https://openapiproext.bnf.fr/iiif/presentation/v3/ark:/12148/bd6t5125177d/manifest.json'
For more information check: https://developer.mozilla.org/en-US/docs/Web/HTTP/Status/403",2026-07-17T11:45:30.054122
combat,bd6t5125178s,,failed,0,0,,http_manifest,known,403,manifest,"Client error '403 ' for url 'https://openapiproext.bnf.fr/iiif/presentation/v3/ark:/12148/bd6t5125178s/manifest.json'
For more information check: https://developer.mozilla.org/en-US/docs/Web/HTTP/Status/403",2026-07-17T11:45:31.255179
combat,bd6t51251795,,failed,0,0,,http_manifest,known,403,manifest,"Client error '403 ' for url 'https://openapiproext.bnf.fr/iiif/presentation/v3/ark:/12148/bd6t51251795/manifest.json'
For more information check: https://developer.mozilla.org/en-US/docs/Web/HTTP/Status/403",2026-07-17T11:45:32.455180
combat,bd6t51251803,,failed,0,0,,http_manifest,known,403,manifest,"Client error '403 ' for url 'https://openapiproext.bnf.fr/iiif/presentation/v3/ark:/12148/bd6t51251803/manifest.json'
For more information check: https://developer.mozilla.org/en-US/docs/Web/HTTP/Status/403",2026-07-17T11:45:33.661023
combat,bd6t5125181g,,failed,0,0,,http_manifest,known,403,manifest,"Client error '403 ' for url 'https://openapiproext.bnf.fr/iiif/presentation/v3/ark:/12148/bd6t5125181g/manifest.json'
For more information check: https://developer.mozilla.org/en-US/docs/Web/HTTP/Status/403",2026-07-17T11:45:34.857600
combat,bd6t5125182v,,failed,0,0,,http_manifest,known,403,manifest,"Client error '403 ' for url 'https://openapiproext.bnf.fr/iiif/presentation/v3/ark:/12148/bd6t5125182v/manifest.json'
For more information check: https://developer.mozilla.org/en-US/docs/Web/HTTP/Status/403",2026-07-17T11:45:36.060748
combat,bd6t51251837,,failed,0,0,,http_manifest,known,403,manifest,"Client error '403 ' for url 'https://openapiproext.bnf.fr/iiif/presentation/v3/ark:/12148/bd6t51251837/manifest.json'
For more information check: https://developer.mozilla.org/en-US/docs/Web/HTTP/Status/403",2026-07-17T11:45:37.261667
combat,bd6t5125184m,,failed,0,0,,http_manifest,known,403,manifest,"Client error '403 ' for url 'https://openapiproext.bnf.fr/iiif/presentation/v3/ark:/12148/bd6t5125184m/manifest.json'
For more information check: https://developer.mozilla.org/en-US/docs/Web/HTTP/Status/403",2026-07-17T11:45:38.491562
combat,bd6t51251850,,failed,0,0,,http_manifest,known,403,manifest,"Client error '403 ' for url 'https://openapiproext.bnf.fr/iiif/presentation/v3/ark:/12148/bd6t51251850/manifest.json'
For more information check: https://developer.mozilla.org/en-US/docs/Web/HTTP/Status/403",2026-07-17T11:45:39.666912
combat,bd6t5125186c,,failed,0,0,,http_manifest,known,403,manifest,"Client error '403 ' for url 'https://openapiproext.bnf.fr/iiif/presentation/v3/ark:/12148/bd6t5125186c/manifest.json'
For more information check: https://developer.mozilla.org/en-US/docs/Web/HTTP/Status/403",2026-07-17T11:45:40.873670
combat,bd6t5125187r,,failed,0,0,,http_manifest,known,403,manifest,"Client error '403 ' for url 'https://openapiproext.bnf.fr/iiif/presentation/v3/ark:/12148/bd6t5125187r/manifest.json'
For more information check: https://developer.mozilla.org/en-US/docs/Web/HTTP/Status/403",2026-07-17T11:45:42.067857
combat,bd6t51251884,,failed,0,0,,http_manifest,known,403,manifest,"Client error '403 ' for url 'https://openapiproext.bnf.fr/iiif/presentation/v3/ark:/12148/bd6t51251884/manifest.json'
For more information check: https://developer.mozilla.org/en-US/docs/Web/HTTP/Status/403",2026-07-17T11:45:43.272139
combat,bd6t5125189h,,failed,0,0,,http_manifest,known,403,manifest,"Client error '403 ' for url 'https://openapiproext.bnf.fr/iiif/presentation/v3/ark:/12148/bd6t5125189h/manifest.json'
For more information check: https://developer.mozilla.org/en-US/docs/Web/HTTP/Status/403",2026-07-17T11:45:44.468990
combat,bd6t5125190f,,failed,0,0,,http_manifest,known,403,manifest,"Client error '403 ' for url 'https://openapiproext.bnf.fr/iiif/presentation/v3/ark:/12148/bd6t5125190f/manifest.json'
For more information check: https://developer.mozilla.org/en-US/docs/Web/HTTP/Status/403",2026-07-17T11:45:45.672911
combat,bd6t5125191t,,failed,0,0,,http_manifest,known,403,manifest,"Client error '403 ' for url 'https://openapiproext.bnf.fr/iiif/presentation/v3/ark:/12148/bd6t5125191t/manifest.json'
For more information check: https://developer.mozilla.org/en-US/docs/Web/HTTP/Status/403",2026-07-17T11:45:46.873164
combat,bd6t51251926,,failed,0,0,,http_manifest,known,403,manifest,"Client error '403 ' for url 'https://openapiproext.bnf.fr/iiif/presentation/v3/ark:/12148/bd6t51251926/manifest.json'
For more information check: https://developer.mozilla.org/en-US/docs/Web/HTTP/Status/403",2026-07-17T11:45:48.077894
combat,bd6t5125193k,,failed,0,0,,http_manifest,known,403,manifest,"Client error '403 ' for url 'https://openapiproext.bnf.fr/iiif/presentation/v3/ark:/12148/bd6t5125193k/manifest.json'
For more information check: https://developer.mozilla.org/en-US/docs/Web/HTTP/Status/403",2026-07-17T11:45:49.277459
combat,bd6t5125194z,,failed,0,0,,http_manifest,known,403,manifest,"Client error '403 ' for url 'https://openapiproext.bnf.fr/iiif/presentation/v3/ark:/12148/bd6t5125194z/manifest.json'
For more information check: https://developer.mozilla.org/en-US/docs/Web/HTTP/Status/403",2026-07-17T11:45:50.500289
combat,bd6t5125195b,,failed,0,0,,http_manifest,known,403,manifest,"Client error '403 ' for url 'https://openapiproext.bnf.fr/iiif/presentation/v3/ark:/12148/bd6t5125195b/manifest.json'
For more information check: https://developer.mozilla.org/en-US/docs/Web/HTTP/Status/403",2026-07-17T11:45:51.684162
combat,bd6t5125196q,,failed,0,0,,http_manifest,known,403,manifest,"Client error '403 ' for url 'https://openapiproext.bnf.fr/iiif/presentation/v3/ark:/12148/bd6t5125196q/manifest.json'
For more information check: https://developer.mozilla.org/en-US/docs/Web/HTTP/Status/403",2026-07-17T11:45:52.881307
combat,bd6t51251973,,failed,0,0,,http_manifest,known,403,manifest,"Client error '403 ' for url 'https://openapiproext.bnf.fr/iiif/presentation/v3/ark:/12148/bd6t51251973/manifest.json'
For more information check: https://developer.mozilla.org/en-US/docs/Web/HTTP/Status/403",2026-07-17T11:45:54.093001
combat,bd6t5125198g,,failed,0,0,,http_manifest,known,403,manifest,"Client error '403 ' for url 'https://openapiproext.bnf.fr/iiif/presentation/v3/ark:/12148/bd6t5125198g/manifest.json'
For more information check: https://developer.mozilla.org/en-US/docs/Web/HTTP/Status/403",2026-07-17T11:45:55.290202
combat,bd6t5125199v,,failed,0,0,,http_manifest,known,403,manifest,"Client error '403 ' for url 'https://openapiproext.bnf.fr/iiif/presentation/v3/ark:/12148/bd6t5125199v/manifest.json'
For more information check: https://developer.mozilla.org/en-US/docs/Web/HTTP/Status/403",2026-07-17T11:45:56.517609
combat,bd6t5125200n,,failed,0,0,,http_manifest,known,403,manifest,"Client error '403 ' for url 'https://openapiproext.bnf.fr/iiif/presentation/v3/ark:/12148/bd6t5125200n/manifest.json'
For more information check: https://developer.mozilla.org/en-US/docs/Web/HTTP/Status/403",2026-07-17T11:45:57.693453
combat,bd6t51252011,,failed,0,0,,http_manifest,known,403,manifest,"Client error '403 ' for url 'https://openapiproext.bnf.fr/iiif/presentation/v3/ark:/12148/bd6t51252011/manifest.json'
For more information check: https://developer.mozilla.org/en-US/docs/Web/HTTP/Status/403",2026-07-17T11:45:58.895776
combat,bd6t5125202d,,failed,0,0,,http_manifest,known,403,manifest,"Client error '403 ' for url 'https://openapiproext.bnf.fr/iiif/presentation/v3/ark:/12148/bd6t5125202d/manifest.json'
For more information check: https://developer.mozilla.org/en-US/docs/Web/HTTP/Status/403",2026-07-17T11:46:00.233069
combat,bd6t5125203s,,failed,0,0,,http_manifest,known,403,manifest,"Client error '403 ' for url 'https://openapiproext.bnf.fr/iiif/presentation/v3/ark:/12148/bd6t5125203s/manifest.json'
For more information check: https://developer.mozilla.org/en-US/docs/Web/HTTP/Status/403",2026-07-17T11:46:01.520856
combat,bd6t51252045,,failed,0,0,,http_manifest,known,403,manifest,"Client error '403 ' for url 'https://openapiproext.bnf.fr/iiif/presentation/v3/ark:/12148/bd6t51252045/manifest.json'
For more information check: https://developer.mozilla.org/en-US/docs/Web/HTTP/Status/403",2026-07-17T11:46:02.499716
combat,bd6t5125205j,,failed,0,0,,http_manifest,known,403,manifest,"Client error '403 ' for url 'https://openapiproext.bnf.fr/iiif/presentation/v3/ark:/12148/bd6t5125205j/manifest.json'
For more information check: https://developer.mozilla.org/en-US/docs/Web/HTTP/Status/403",2026-07-17T11:46:03.711531
combat,bd6t5125206x,,failed,0,0,,http_manifest,known,403,manifest,"Client error '403 ' for url 'https://openapiproext.bnf.fr/iiif/presentation/v3/ark:/12148/bd6t5125206x/manifest.json'
For more information check: https://developer.mozilla.org/en-US/docs/Web/HTTP/Status/403",2026-07-17T11:46:04.996138
combat,bd6t51252079,,failed,0,0,,http_manifest,known,403,manifest,"Client error '403 ' for url 'https://openapiproext.bnf.fr/iiif/presentation/v3/ark:/12148/bd6t51252079/manifest.json'
For more information check: https://developer.mozilla.org/en-US/docs/Web/HTTP/Status/403",2026-07-17T11:46:06.265414
combat,bd6t51247108,,failed,0,0,,http_manifest,known,403,manifest,"Client error '403 ' for url 'https://openapiproext.bnf.fr/iiif/presentation/v3/ark:/12148/bd6t51247108/manifest.json'
For more information check: https://developer.mozilla.org/en-US/docs/Web/HTTP/Status/403",2026-07-17T11:46:07.339271
combat,bd6t5124711n,,failed,0,0,,http_manifest,known,403,manifest,"Client error '403 ' for url 'https://openapiproext.bnf.fr/iiif/presentation/v3/ark:/12148/bd6t5124711n/manifest.json'
For more information check: https://developer.mozilla.org/en-US/docs/Web/HTTP/Status/403",2026-07-17T11:46:08.508770
combat,bd6t51247121,,failed,0,0,,http_manifest,known,403,manifest,"Client error '403 ' for url 'https://openapiproext.bnf.fr/iiif/presentation/v3/ark:/12148/bd6t51247121/manifest.json'
For more information check: https://developer.mozilla.org/en-US/docs/Web/HTTP/Status/403",2026-07-17T11:46:09.738078
combat,bd6t5124713d,,failed,0,0,,http_manifest,known,403,manifest,"Client error '403 ' for url 'https://openapiproext.bnf.fr/iiif/presentation/v3/ark:/12148/bd6t5124713d/manifest.json'
For more information check: https://developer.mozilla.org/en-US/docs/Web/HTTP/Status/403",2026-07-17T11:46:10.963308
combat,bd6t5124714s,,failed,0,0,,http_manifest,known,403,manifest,"Client error '403 ' for url 'https://openapiproext.bnf.fr/iiif/presentation/v3/ark:/12148/bd6t5124714s/manifest.json'
For more information check: https://developer.mozilla.org/en-US/docs/Web/HTTP/Status/403",2026-07-17T11:46:12.110056
combat,bd6t51247155,,failed,0,0,,http_manifest,known,403,manifest,"Client error '403 ' for url 'https://openapiproext.bnf.fr/iiif/presentation/v3/ark:/12148/bd6t51247155/manifest.json'
For more information check: https://developer.mozilla.org/en-US/docs/Web/HTTP/Status/403",2026-07-17T11:46:13.433716
combat,bd6t5124716j,,failed,0,0,,http_manifest,known,403,manifest,"Client error '403 ' for url 'https://openapiproext.bnf.fr/iiif/presentation/v3/ark:/12148/bd6t5124716j/manifest.json'
For more information check: https://developer.mozilla.org/en-US/docs/Web/HTTP/Status/403",2026-07-17T11:46:14.689931
combat,bd6t5124717x,,failed,0,0,,http_manifest,known,403,manifest,"Client error '403 ' for url 'https://openapiproext.bnf.fr/iiif/presentation/v3/ark:/12148/bd6t5124717x/manifest.json'
For more information check: https://developer.mozilla.org/en-US/docs/Web/HTTP/Status/403",2026-07-17T11:46:15.780385
combat,bd6t51247189,,failed,0,0,,http_manifest,known,403,manifest,"Client error '403 ' for url 'https://openapiproext.bnf.fr/iiif/presentation/v3/ark:/12148/bd6t51247189/manifest.json'
For more information check: https://developer.mozilla.org/en-US/docs/Web/HTTP/Status/403",2026-07-17T11:46:17.057656
combat,bd6t5124719p,,failed,0,0,,http_manifest,known,403,manifest,"Client error '403 ' for url 'https://openapiproext.bnf.fr/iiif/presentation/v3/ark:/12148/bd6t5124719p/manifest.json'
For more information check: https://developer.mozilla.org/en-US/docs/Web/HTTP/Status/403",2026-07-17T11:46:18.120083
combat,bd6t5124720m,,failed,0,0,,http_manifest,known,403,manifest,"Client error '403 ' for url 'https://openapiproext.bnf.fr/iiif/presentation/v3/ark:/12148/bd6t5124720m/manifest.json'
For more information check: https://developer.mozilla.org/en-US/docs/Web/HTTP/Status/403",2026-07-17T11:46:19.320254
combat,bd6t51247210,,failed,0,0,,http_manifest,known,403,manifest,"Client error '403 ' for url 'https://openapiproext.bnf.fr/iiif/presentation/v3/ark:/12148/bd6t51247210/manifest.json'
For more information check: https://developer.mozilla.org/en-US/docs/Web/HTTP/Status/403",2026-07-17T11:46:20.531097
combat,bd6t5124722c,,failed,0,0,,http_manifest,known,403,manifest,"Client error '403 ' for url 'https://openapiproext.bnf.fr/iiif/presentation/v3/ark:/12148/bd6t5124722c/manifest.json'
For more information check: https://developer.mozilla.org/en-US/docs/Web/HTTP/Status/403",2026-07-17T11:46:21.727904
combat,bd6t5124723r,,failed,0,0,,http_manifest,known,403,manifest,"Client error '403 ' for url 'https://openapiproext.bnf.fr/iiif/presentation/v3/ark:/12148/bd6t5124723r/manifest.json'
For more information check: https://developer.mozilla.org/en-US/docs/Web/HTTP/Status/403",2026-07-17T11:46:22.924286
combat,bd6t51247244,,failed,0,0,,http_manifest,known,403,manifest,"Client error '403 ' for url 'https://openapiproext.bnf.fr/iiif/presentation/v3/ark:/12148/bd6t51247244/manifest.json'
For more information check: https://developer.mozilla.org/en-US/docs/Web/HTTP/Status/403",2026-07-17T11:46:24.127450
combat,bd6t5124725h,,failed,0,0,,http_manifest,known,403,manifest,"Client error '403 ' for url 'https://openapiproext.bnf.fr/iiif/presentation/v3/ark:/12148/bd6t5124725h/manifest.json'
For more information check: https://developer.mozilla.org/en-US/docs/Web/HTTP/Status/403",2026-07-17T11:46:25.330230
combat,bd6t5124726w,,failed,0,0,,http_manifest,known,403,manifest,"Client error '403 ' for url 'https://openapiproext.bnf.fr/iiif/presentation/v3/ark:/12148/bd6t5124726w/manifest.json'
For more information check: https://developer.mozilla.org/en-US/docs/Web/HTTP/Status/403",2026-07-17T11:46:26.557125
combat,bd6t51247278,,failed,0,0,,http_manifest,known,403,manifest,"Client error '403 ' for url 'https://openapiproext.bnf.fr/iiif/presentation/v3/ark:/12148/bd6t51247278/manifest.json'
For more information check: https://developer.mozilla.org/en-US/docs/Web/HTTP/Status/403",2026-07-17T11:46:27.736198
combat,bd6t5124728n,,failed,0,0,,http_manifest,known,403,manifest,"Client error '403 ' for url 'https://openapiproext.bnf.fr/iiif/presentation/v3/ark:/12148/bd6t5124728n/manifest.json'
For more information check: https://developer.mozilla.org/en-US/docs/Web/HTTP/Status/403",2026-07-17T11:46:28.936739
combat,bd6t51247291,,failed,0,0,,http_manifest,known,403,manifest,"Client error '403 ' for url 'https://openapiproext.bnf.fr/iiif/presentation/v3/ark:/12148/bd6t51247291/manifest.json'
For more information check: https://developer.mozilla.org/en-US/docs/Web/HTTP/Status/403",2026-07-17T11:46:30.137524
combat,bd6t5124730z,,failed,0,0,,http_manifest,known,403,manifest,"Client error '403 ' for url 'https://openapiproext.bnf.fr/iiif/presentation/v3/ark:/12148/bd6t5124730z/manifest.json'
For more information check: https://developer.mozilla.org/en-US/docs/Web/HTTP/Status/403",2026-07-17T11:46:31.339253
combat,bd6t5124731b,,failed,0,0,,http_manifest,known,403,manifest,"Client error '403 ' for url 'https://openapiproext.bnf.fr/iiif/presentation/v3/ark:/12148/bd6t5124731b/manifest.json'
For more information check: https://developer.mozilla.org/en-US/docs/Web/HTTP/Status/403",2026-07-17T11:46:32.566854
combat,bd6t5124732q,,failed,0,0,,http_manifest,known,403,manifest,"Client error '403 ' for url 'https://openapiproext.bnf.fr/iiif/presentation/v3/ark:/12148/bd6t5124732q/manifest.json'
For more information check: https://developer.mozilla.org/en-US/docs/Web/HTTP/Status/403",2026-07-17T11:46:33.743914
combat,bd6t51247333,,failed,0,0,,http_manifest,known,403,manifest,"Client error '403 ' for url 'https://openapiproext.bnf.fr/iiif/presentation/v3/ark:/12148/bd6t51247333/manifest.json'
For more information check: https://developer.mozilla.org/en-US/docs/Web/HTTP/Status/403",2026-07-17T11:46:34.946215
combat,bd6t5124734g,,failed,0,0,,http_manifest,known,403,manifest,"Client error '403 ' for url 'https://openapiproext.bnf.fr/iiif/presentation/v3/ark:/12148/bd6t5124734g/manifest.json'
For more information check: https://developer.mozilla.org/en-US/docs/Web/HTTP/Status/403",2026-07-17T11:46:36.151019
combat,bd6t5124735v,,failed,0,0,,http_manifest,known,403,manifest,"Client error '403 ' for url 'https://openapiproext.bnf.fr/iiif/presentation/v3/ark:/12148/bd6t5124735v/manifest.json'
For more information check: https://developer.mozilla.org/en-US/docs/Web/HTTP/Status/403",2026-07-17T11:46:37.347903
combat,bd6t51247367,,failed,0,0,,http_manifest,known,403,manifest,"Client error '403 ' for url 'https://openapiproext.bnf.fr/iiif/presentation/v3/ark:/12148/bd6t51247367/manifest.json'
For more information check: https://developer.mozilla.org/en-US/docs/Web/HTTP/Status/403",2026-07-17T11:46:38.554238
combat,bd6t5124737m,,failed,0,0,,http_manifest,known,403,manifest,"Client error '403 ' for url 'https://openapiproext.bnf.fr/iiif/presentation/v3/ark:/12148/bd6t5124737m/manifest.json'
For more information check: https://developer.mozilla.org/en-US/docs/Web/HTTP/Status/403",2026-07-17T11:46:39.757953
combat,bd6t51247380,,failed,0,0,,http_manifest,known,403,manifest,"Client error '403 ' for url 'https://openapiproext.bnf.fr/iiif/presentation/v3/ark:/12148/bd6t51247380/manifest.json'
For more information check: https://developer.mozilla.org/en-US/docs/Web/HTTP/Status/403",2026-07-17T11:46:40.953997
combat,bd6t5124739c,,failed,0,0,,http_manifest,known,403,manifest,"Client error '403 ' for url 'https://openapiproext.bnf.fr/iiif/presentation/v3/ark:/12148/bd6t5124739c/manifest.json'
For more information check: https://developer.mozilla.org/en-US/docs/Web/HTTP/Status/403",2026-07-17T11:46:42.157775
combat,bd6t51247409,,failed,0,0,,http_manifest,known,403,manifest,"Client error '403 ' for url 'https://openapiproext.bnf.fr/iiif/presentation/v3/ark:/12148/bd6t51247409/manifest.json'
For more information check: https://developer.mozilla.org/en-US/docs/Web/HTTP/Status/403",2026-07-17T11:46:43.357689
combat,bd6t5124741p,,failed,0,0,,http_manifest,known,403,manifest,"Client error '403 ' for url 'https://openapiproext.bnf.fr/iiif/presentation/v3/ark:/12148/bd6t5124741p/manifest.json'
For more information check: https://developer.mozilla.org/en-US/docs/Web/HTTP/Status/403",2026-07-17T11:46:44.582392
combat,bd6t51247422,,failed,0,0,,http_manifest,known,403,manifest,"Client error '403 ' for url 'https://openapiproext.bnf.fr/iiif/presentation/v3/ark:/12148/bd6t51247422/manifest.json'
For more information check: https://developer.mozilla.org/en-US/docs/Web/HTTP/Status/403",2026-07-17T11:46:45.758575
combat,bd6t5124743f,,failed,0,0,,http_manifest,known,403,manifest,"Client error '403 ' for url 'https://openapiproext.bnf.fr/iiif/presentation/v3/ark:/12148/bd6t5124743f/manifest.json'
For more information check: https://developer.mozilla.org/en-US/docs/Web/HTTP/Status/403",2026-07-17T11:46:46.961033
combat,bd6t5124744t,,failed,0,0,,http_manifest,known,403,manifest,"Client error '403 ' for url 'https://openapiproext.bnf.fr/iiif/presentation/v3/ark:/12148/bd6t5124744t/manifest.json'
For more information check: https://developer.mozilla.org/en-US/docs/Web/HTTP/Status/403",2026-07-17T11:46:48.162900
combat,bd6t51247456,,failed,0,0,,http_manifest,known,403,manifest,"Client error '403 ' for url 'https://openapiproext.bnf.fr/iiif/presentation/v3/ark:/12148/bd6t51247456/manifest.json'
For more information check: https://developer.mozilla.org/en-US/docs/Web/HTTP/Status/403",2026-07-17T11:46:49.363608
combat,bd6t5124746k,,failed,0,0,,http_manifest,known,403,manifest,"Client error '403 ' for url 'https://openapiproext.bnf.fr/iiif/presentation/v3/ark:/12148/bd6t5124746k/manifest.json'
For more information check: https://developer.mozilla.org/en-US/docs/Web/HTTP/Status/403",2026-07-17T11:46:50.562232
combat,bd6t5124747z,,failed,0,0,,http_manifest,known,403,manifest,"Client error '403 ' for url 'https://openapiproext.bnf.fr/iiif/presentation/v3/ark:/12148/bd6t5124747z/manifest.json'
For more information check: https://developer.mozilla.org/en-US/docs/Web/HTTP/Status/403",2026-07-17T11:46:51.761345
combat,bd6t5124748b,,failed,0,0,,http_manifest,known,403,manifest,"Client error '403 ' for url 'https://openapiproext.bnf.fr/iiif/presentation/v3/ark:/12148/bd6t5124748b/manifest.json'
For more information check: https://developer.mozilla.org/en-US/docs/Web/HTTP/Status/403",2026-07-17T11:46:52.962804
combat,bd6t5124749q,,failed,0,0,,http_manifest,known,403,manifest,"Client error '403 ' for url 'https://openapiproext.bnf.fr/iiif/presentation/v3/ark:/12148/bd6t5124749q/manifest.json'
For more information check: https://developer.mozilla.org/en-US/docs/Web/HTTP/Status/403",2026-07-17T11:46:54.169561
combat,bd6t5124750n,,failed,0,0,,http_manifest,known,403,manifest,"Client error '403 ' for url 'https://openapiproext.bnf.fr/iiif/presentation/v3/ark:/12148/bd6t5124750n/manifest.json'
For more information check: https://developer.mozilla.org/en-US/docs/Web/HTTP/Status/403",2026-07-17T11:46:55.370536
combat,bd6t51247511,,failed,0,0,,http_manifest,known,403,manifest,"Client error '403 ' for url 'https://openapiproext.bnf.fr/iiif/presentation/v3/ark:/12148/bd6t51247511/manifest.json'
For more information check: https://developer.mozilla.org/en-US/docs/Web/HTTP/Status/403",2026-07-17T11:46:56.591250
combat,bd6t5124752d,,failed,0,0,,http_manifest,known,403,manifest,"Client error '403 ' for url 'https://openapiproext.bnf.fr/iiif/presentation/v3/ark:/12148/bd6t5124752d/manifest.json'
For more information check: https://developer.mozilla.org/en-US/docs/Web/HTTP/Status/403",2026-07-17T11:46:57.769019
combat,bd6t5124753s,,failed,0,0,,http_manifest,known,403,manifest,"Client error '403 ' for url 'https://openapiproext.bnf.fr/iiif/presentation/v3/ark:/12148/bd6t5124753s/manifest.json'
For more information check: https://developer.mozilla.org/en-US/docs/Web/HTTP/Status/403",2026-07-17T11:46:59.183448
combat,bd6t51247545,,failed,0,0,,http_manifest,known,403,manifest,"Client error '403 ' for url 'https://openapiproext.bnf.fr/iiif/presentation/v3/ark:/12148/bd6t51247545/manifest.json'
For more information check: https://developer.mozilla.org/en-US/docs/Web/HTTP/Status/403",2026-07-17T11:47:00.171096
combat,bd6t5124755j,,failed,0,0,,http_manifest,known,403,manifest,"Client error '403 ' for url 'https://openapiproext.bnf.fr/iiif/presentation/v3/ark:/12148/bd6t5124755j/manifest.json'
For more information check: https://developer.mozilla.org/en-US/docs/Web/HTTP/Status/403",2026-07-17T11:47:01.381675
combat,bd6t5124756x,,failed,0,0,,http_manifest,known,403,manifest,"Client error '403 ' for url 'https://openapiproext.bnf.fr/iiif/presentation/v3/ark:/12148/bd6t5124756x/manifest.json'
For more information check: https://developer.mozilla.org/en-US/docs/Web/HTTP/Status/403",2026-07-17T11:47:02.602536
combat,bd6t51247579,,failed,0,0,,http_manifest,known,403,manifest,"Client error '403 ' for url 'https://openapiproext.bnf.fr/iiif/presentation/v3/ark:/12148/bd6t51247579/manifest.json'
For more information check: https://developer.mozilla.org/en-US/docs/Web/HTTP/Status/403",2026-07-17T11:47:03.986184
combat,bd6t5124758p,,failed,0,0,,http_manifest,known,403,manifest,"Client error '403 ' for url 'https://openapiproext.bnf.fr/iiif/presentation/v3/ark:/12148/bd6t5124758p/manifest.json'
For more information check: https://developer.mozilla.org/en-US/docs/Web/HTTP/Status/403",2026-07-17T11:47:05.000991
combat,bd6t51247592,,failed,0,0,,http_manifest,known,403,manifest,"Client error '403 ' for url 'https://openapiproext.bnf.fr/iiif/presentation/v3/ark:/12148/bd6t51247592/manifest.json'
For more information check: https://developer.mozilla.org/en-US/docs/Web/HTTP/Status/403",2026-07-17T11:47:06.297378
combat,bd6t51247600,,failed,0,0,,http_manifest,known,403,manifest,"Client error '403 ' for url 'https://openapiproext.bnf.fr/iiif/presentation/v3/ark:/12148/bd6t51247600/manifest.json'
For more information check: https://developer.mozilla.org/en-US/docs/Web/HTTP/Status/403",2026-07-17T11:47:07.595423
combat,bd6t5124761c,,failed,0,0,,http_manifest,known,403,manifest,"Client error '403 ' for url 'https://openapiproext.bnf.fr/iiif/presentation/v3/ark:/12148/bd6t5124761c/manifest.json'
For more information check: https://developer.mozilla.org/en-US/docs/Web/HTTP/Status/403",2026-07-17T11:47:08.585598
combat,bd6t530992j,,failed,0,0,,http_manifest,known,403,manifest,"Client error '403 ' for url 'https://openapiproext.bnf.fr/iiif/presentation/v3/ark:/12148/bd6t530992j/manifest.json'
For more information check: https://developer.mozilla.org/en-US/docs/Web/HTTP/Status/403",2026-07-17T11:47:09.789042
combat,bd6t530993w,,failed,0,0,,http_manifest,known,403,manifest,"Client error '403 ' for url 'https://openapiproext.bnf.fr/iiif/presentation/v3/ark:/12148/bd6t530993w/manifest.json'
For more information check: https://developer.mozilla.org/en-US/docs/Web/HTTP/Status/403",2026-07-17T11:47:10.992422
combat,bd6t5309947,,failed,0,0,,http_manifest,known,403,manifest,"Client error '403 ' for url 'https://openapiproext.bnf.fr/iiif/presentation/v3/ark:/12148/bd6t5309947/manifest.json'
For more information check: https://developer.mozilla.org/en-US/docs/Web/HTTP/Status/403",2026-07-17T11:47:12.192159
combat,bd6t530995k,,failed,0,0,,http_manifest,known,403,manifest,"Client error '403 ' for url 'https://openapiproext.bnf.fr/iiif/presentation/v3/ark:/12148/bd6t530995k/manifest.json'
For more information check: https://developer.mozilla.org/en-US/docs/Web/HTTP/Status/403",2026-07-17T11:47:13.481231
combat,bd6t530996x,,failed,0,0,,http_manifest,known,403,manifest,"Client error '403 ' for url 'https://openapiproext.bnf.fr/iiif/presentation/v3/ark:/12148/bd6t530996x/manifest.json'
For more information check: https://developer.mozilla.org/en-US/docs/Web/HTTP/Status/403",2026-07-17T11:47:14.696544
combat,bd6t5309978,,failed,0,0,,http_manifest,known,403,manifest,"Client error '403 ' for url 'https://openapiproext.bnf.fr/iiif/presentation/v3/ark:/12148/bd6t5309978/manifest.json'
For more information check: https://developer.mozilla.org/en-US/docs/Web/HTTP/Status/403",2026-07-17T11:47:15.799601
combat,bd6t530998m,,failed,0,0,,http_manifest,known,403,manifest,"Client error '403 ' for url 'https://openapiproext.bnf.fr/iiif/presentation/v3/ark:/12148/bd6t530998m/manifest.json'
For more information check: https://developer.mozilla.org/en-US/docs/Web/HTTP/Status/403",2026-07-17T11:47:16.998156
combat,bd6t530999z,,failed,0,0,,http_manifest,known,403,manifest,"Client error '403 ' for url 'https://openapiproext.bnf.fr/iiif/presentation/v3/ark:/12148/bd6t530999z/manifest.json'
For more information check: https://developer.mozilla.org/en-US/docs/Web/HTTP/Status/403",2026-07-17T11:47:18.198948
combat,bd6t531000t,,failed,0,0,,http_manifest,known,403,manifest,"Client error '403 ' for url 'https://openapiproext.bnf.fr/iiif/presentation/v3/ark:/12148/bd6t531000t/manifest.json'
For more information check: https://developer.mozilla.org/en-US/docs/Web/HTTP/Status/403",2026-07-17T11:47:19.400109
combat,bd6t5310015,,failed,0,0,,http_manifest,known,403,manifest,"Client error '403 ' for url 'https://openapiproext.bnf.fr/iiif/presentation/v3/ark:/12148/bd6t5310015/manifest.json'
For more information check: https://developer.mozilla.org/en-US/docs/Web/HTTP/Status/403",2026-07-17T11:47:20.602677
combat,bd6t531002h,,failed,0,0,,http_manifest,known,403,manifest,"Client error '403 ' for url 'https://openapiproext.bnf.fr/iiif/presentation/v3/ark:/12148/bd6t531002h/manifest.json'
For more information check: https://developer.mozilla.org/en-US/docs/Web/HTTP/Status/403",2026-07-17T11:47:21.806174
combat,bd6t531003v,,failed,0,0,,http_manifest,known,403,manifest,"Client error '403 ' for url 'https://openapiproext.bnf.fr/iiif/presentation/v3/ark:/12148/bd6t531003v/manifest.json'
For more information check: https://developer.mozilla.org/en-US/docs/Web/HTTP/Status/403",2026-07-17T11:47:23.006492
combat,bd6t5310046,,failed,0,0,,http_manifest,known,403,manifest,"Client error '403 ' for url 'https://openapiproext.bnf.fr/iiif/presentation/v3/ark:/12148/bd6t5310046/manifest.json'
For more information check: https://developer.mozilla.org/en-US/docs/Web/HTTP/Status/403",2026-07-17T11:47:24.207241
combat,bd6t531005j,,failed,0,0,,http_manifest,known,403,manifest,"Client error '403 ' for url 'https://openapiproext.bnf.fr/iiif/presentation/v3/ark:/12148/bd6t531005j/manifest.json'
For more information check: https://developer.mozilla.org/en-US/docs/Web/HTTP/Status/403",2026-07-17T11:47:25.432997
combat,bd6t531006w,,failed,0,0,,http_manifest,known,403,manifest,"Client error '403 ' for url 'https://openapiproext.bnf.fr/iiif/presentation/v3/ark:/12148/bd6t531006w/manifest.json'
For more information check: https://developer.mozilla.org/en-US/docs/Web/HTTP/Status/403",2026-07-17T11:47:26.610206
combat,bd6t5310077,,failed,0,0,,http_manifest,known,403,manifest,"Client error '403 ' for url 'https://openapiproext.bnf.fr/iiif/presentation/v3/ark:/12148/bd6t5310077/manifest.json'
For more information check: https://developer.mozilla.org/en-US/docs/Web/HTTP/Status/403",2026-07-17T11:47:27.820294
combat,bd6t531008k,,failed,0,0,,http_manifest,known,403,manifest,"Client error '403 ' for url 'https://openapiproext.bnf.fr/iiif/presentation/v3/ark:/12148/bd6t531008k/manifest.json'
For more information check: https://developer.mozilla.org/en-US/docs/Web/HTTP/Status/403",2026-07-17T11:47:29.014170
combat,bd6t531009x,,failed,0,0,,http_manifest,known,403,manifest,"Client error '403 ' for url 'https://openapiproext.bnf.fr/iiif/presentation/v3/ark:/12148/bd6t531009x/manifest.json'
For more information check: https://developer.mozilla.org/en-US/docs/Web/HTTP/Status/403",2026-07-17T11:47:30.215029
combat,bd6t5310104,,failed,0,0,,http_manifest,known,403,manifest,"Client error '403 ' for url 'https://openapiproext.bnf.fr/iiif/presentation/v3/ark:/12148/bd6t5310104/manifest.json'
For more information check: https://developer.mozilla.org/en-US/docs/Web/HTTP/Status/403",2026-07-17T11:47:31.431558
combat,bd6t531011g,,failed,0,0,,http_manifest,known,403,manifest,"Client error '403 ' for url 'https://openapiproext.bnf.fr/iiif/presentation/v3/ark:/12148/bd6t531011g/manifest.json'
For more information check: https://developer.mozilla.org/en-US/docs/Web/HTTP/Status/403",2026-07-17T11:47:32.618107
combat,bd6t531012t,,failed,0,0,,http_manifest,known,403,manifest,"Client error '403 ' for url 'https://openapiproext.bnf.fr/iiif/presentation/v3/ark:/12148/bd6t531012t/manifest.json'
For more information check: https://developer.mozilla.org/en-US/docs/Web/HTTP/Status/403",2026-07-17T11:47:33.817714
combat,bd6t5310135,,failed,0,0,,http_manifest,known,403,manifest,"Client error '403 ' for url 'https://openapiproext.bnf.fr/iiif/presentation/v3/ark:/12148/bd6t5310135/manifest.json'
For more information check: https://developer.mozilla.org/en-US/docs/Web/HTTP/Status/403",2026-07-17T11:47:35.020759
combat,bd6t531014h,,failed,0,0,,http_manifest,known,403,manifest,"Client error '403 ' for url 'https://openapiproext.bnf.fr/iiif/presentation/v3/ark:/12148/bd6t531014h/manifest.json'
For more information check: https://developer.mozilla.org/en-US/docs/Web/HTTP/Status/403",2026-07-17T11:47:36.221880
combat,bd6t531015v,,failed,0,0,,http_manifest,known,403,manifest,"Client error '403 ' for url 'https://openapiproext.bnf.fr/iiif/presentation/v3/ark:/12148/bd6t531015v/manifest.json'
For more information check: https://developer.mozilla.org/en-US/docs/Web/HTTP/Status/403",2026-07-17T11:47:37.421074
combat,bd6t5310166,,failed,0,0,,http_manifest,known,403,manifest,"Client error '403 ' for url 'https://openapiproext.bnf.fr/iiif/presentation/v3/ark:/12148/bd6t5310166/manifest.json'
For more information check: https://developer.mozilla.org/en-US/docs/Web/HTTP/Status/403",2026-07-17T11:47:38.633623
combat,bd6t531017j,,failed,0,0,,http_manifest,known,403,manifest,"Client error '403 ' for url 'https://openapiproext.bnf.fr/iiif/presentation/v3/ark:/12148/bd6t531017j/manifest.json'
For more information check: https://developer.mozilla.org/en-US/docs/Web/HTTP/Status/403",2026-07-17T11:47:39.826837
combat,bd6t531018w,,failed,0,0,,http_manifest,known,403,manifest,"Client error '403 ' for url 'https://openapiproext.bnf.fr/iiif/presentation/v3/ark:/12148/bd6t531018w/manifest.json'
For more information check: https://developer.mozilla.org/en-US/docs/Web/HTTP/Status/403",2026-07-17T11:47:41.027207
combat,bd6t5310197,,failed,0,0,,http_manifest,known,403,manifest,"Client error '403 ' for url 'https://openapiproext.bnf.fr/iiif/presentation/v3/ark:/12148/bd6t5310197/manifest.json'
For more information check: https://developer.mozilla.org/en-US/docs/Web/HTTP/Status/403",2026-07-17T11:47:42.232631
combat,bd6t531020f,,failed,0,0,,http_manifest,known,403,manifest,"Client error '403 ' for url 'https://openapiproext.bnf.fr/iiif/presentation/v3/ark:/12148/bd6t531020f/manifest.json'
For more information check: https://developer.mozilla.org/en-US/docs/Web/HTTP/Status/403",2026-07-17T11:47:43.462815
combat,bd6t531021s,,failed,0,0,,http_manifest,known,403,manifest,"Client error '403 ' for url 'https://openapiproext.bnf.fr/iiif/presentation/v3/ark:/12148/bd6t531021s/manifest.json'
For more information check: https://developer.mozilla.org/en-US/docs/Web/HTTP/Status/403",2026-07-17T11:47:44.628532
combat,bd6t5310224,,failed,0,0,,http_manifest,known,403,manifest,"Client error '403 ' for url 'https://openapiproext.bnf.fr/iiif/presentation/v3/ark:/12148/bd6t5310224/manifest.json'
For more information check: https://developer.mozilla.org/en-US/docs/Web/HTTP/Status/403",2026-07-17T11:47:45.834106
combat,bd6t531023g,,failed,0,0,,http_manifest,known,403,manifest,"Client error '403 ' for url 'https://openapiproext.bnf.fr/iiif/presentation/v3/ark:/12148/bd6t531023g/manifest.json'
For more information check: https://developer.mozilla.org/en-US/docs/Web/HTTP/Status/403",2026-07-17T11:47:47.037221
combat,bd6t531024t,,failed,0,0,,http_manifest,known,403,manifest,"Client error '403 ' for url 'https://openapiproext.bnf.fr/iiif/presentation/v3/ark:/12148/bd6t531024t/manifest.json'
For more information check: https://developer.mozilla.org/en-US/docs/Web/HTTP/Status/403",2026-07-17T11:47:48.239827
combat,bd6t5310255,,failed,0,0,,http_manifest,known,403,manifest,"Client error '403 ' for url 'https://openapiproext.bnf.fr/iiif/presentation/v3/ark:/12148/bd6t5310255/manifest.json'
For more information check: https://developer.mozilla.org/en-US/docs/Web/HTTP/Status/403",2026-07-17T11:47:49.441009
combat,bd6t531026h,,failed,0,0,,http_manifest,known,403,manifest,"Client error '403 ' for url 'https://openapiproext.bnf.fr/iiif/presentation/v3/ark:/12148/bd6t531026h/manifest.json'
For more information check: https://developer.mozilla.org/en-US/docs/Web/HTTP/Status/403",2026-07-17T11:47:50.644542
combat,bd6t531027v,,failed,0,0,,http_manifest,known,403,manifest,"Client error '403 ' for url 'https://openapiproext.bnf.fr/iiif/presentation/v3/ark:/12148/bd6t531027v/manifest.json'
For more information check: https://developer.mozilla.org/en-US/docs/Web/HTTP/Status/403",2026-07-17T11:47:51.843728
combat,bd6t5310286,,failed,0,0,,http_manifest,known,403,manifest,"Client error '403 ' for url 'https://openapiproext.bnf.fr/iiif/presentation/v3/ark:/12148/bd6t5310286/manifest.json'
For more information check: https://developer.mozilla.org/en-US/docs/Web/HTTP/Status/403",2026-07-17T11:47:53.043678
combat,bd6t531029j,,failed,0,0,,http_manifest,known,403,manifest,"Client error '403 ' for url 'https://openapiproext.bnf.fr/iiif/presentation/v3/ark:/12148/bd6t531029j/manifest.json'
For more information check: https://developer.mozilla.org/en-US/docs/Web/HTTP/Status/403",2026-07-17T11:47:54.243475
combat,bd6t531030r,,failed,0,0,,http_manifest,known,403,manifest,"Client error '403 ' for url 'https://openapiproext.bnf.fr/iiif/presentation/v3/ark:/12148/bd6t531030r/manifest.json'
For more information check: https://developer.mozilla.org/en-US/docs/Web/HTTP/Status/403",2026-07-17T11:47:55.480386
combat,bd6t5310313,,failed,0,0,,http_manifest,known,403,manifest,"Client error '403 ' for url 'https://openapiproext.bnf.fr/iiif/presentation/v3/ark:/12148/bd6t5310313/manifest.json'
For more information check: https://developer.mozilla.org/en-US/docs/Web/HTTP/Status/403",2026-07-17T11:47:56.648341
combat,bd6t531032f,,failed,0,0,,http_manifest,known,403,manifest,"Client error '403 ' for url 'https://openapiproext.bnf.fr/iiif/presentation/v3/ark:/12148/bd6t531032f/manifest.json'
For more information check: https://developer.mozilla.org/en-US/docs/Web/HTTP/Status/403",2026-07-17T11:47:58.058264
combat,bd6t531033s,,failed,0,0,,http_manifest,known,403,manifest,"Client error '403 ' for url 'https://openapiproext.bnf.fr/iiif/presentation/v3/ark:/12148/bd6t531033s/manifest.json'
For more information check: https://developer.mozilla.org/en-US/docs/Web/HTTP/Status/403",2026-07-17T11:47:59.297852
combat,bd6t5310344,,failed,0,0,,http_manifest,known,403,manifest,"Client error '403 ' for url 'https://openapiproext.bnf.fr/iiif/presentation/v3/ark:/12148/bd6t5310344/manifest.json'
For more information check: https://developer.mozilla.org/en-US/docs/Web/HTTP/Status/403",2026-07-17T11:48:00.261599
combat,bd6t531035g,,failed,0,0,,http_manifest,known,403,manifest,"Client error '403 ' for url 'https://openapiproext.bnf.fr/iiif/presentation/v3/ark:/12148/bd6t531035g/manifest.json'
For more information check: https://developer.mozilla.org/en-US/docs/Web/HTTP/Status/403",2026-07-17T11:48:01.682138
combat,bd6t531036t,,failed,0,0,,http_manifest,known,403,manifest,"Client error '403 ' for url 'https://openapiproext.bnf.fr/iiif/presentation/v3/ark:/12148/bd6t531036t/manifest.json'
For more information check: https://developer.mozilla.org/en-US/docs/Web/HTTP/Status/403",2026-07-17T11:48:02.683553
combat,bd6t5310375,,failed,0,0,,http_manifest,known,403,manifest,"Client error '403 ' for url 'https://openapiproext.bnf.fr/iiif/presentation/v3/ark:/12148/bd6t5310375/manifest.json'
For more information check: https://developer.mozilla.org/en-US/docs/Web/HTTP/Status/403",2026-07-17T11:48:03.868129
combat,bd6t531038h,,failed,0,0,,http_manifest,known,403,manifest,"Client error '403 ' for url 'https://openapiproext.bnf.fr/iiif/presentation/v3/ark:/12148/bd6t531038h/manifest.json'
For more information check: https://developer.mozilla.org/en-US/docs/Web/HTTP/Status/403",2026-07-17T11:48:05.163160
combat,bd6t531039v,,failed,0,0,,http_manifest,known,403,manifest,"Client error '403 ' for url 'https://openapiproext.bnf.fr/iiif/presentation/v3/ark:/12148/bd6t531039v/manifest.json'
For more information check: https://developer.mozilla.org/en-US/docs/Web/HTTP/Status/403",2026-07-17T11:48:06.480661
combat,bd6t5310402,,failed,0,0,,http_manifest,known,403,manifest,"Client error '403 ' for url 'https://openapiproext.bnf.fr/iiif/presentation/v3/ark:/12148/bd6t5310402/manifest.json'
For more information check: https://developer.mozilla.org/en-US/docs/Web/HTTP/Status/403",2026-07-17T11:48:07.465042
combat,bd6t531041d,,failed,0,0,,http_manifest,known,403,manifest,"Client error '403 ' for url 'https://openapiproext.bnf.fr/iiif/presentation/v3/ark:/12148/bd6t531041d/manifest.json'
For more information check: https://developer.mozilla.org/en-US/docs/Web/HTTP/Status/403",2026-07-17T11:48:08.659713
combat,bd6t531042r,,failed,0,0,,http_manifest,known,403,manifest,"Client error '403 ' for url 'https://openapiproext.bnf.fr/iiif/presentation/v3/ark:/12148/bd6t531042r/manifest.json'
For more information check: https://developer.mozilla.org/en-US/docs/Web/HTTP/Status/403",2026-07-17T11:48:09.864462
combat,bd6t5309409,,failed,0,0,,http_manifest,known,403,manifest,"Client error '403 ' for url 'https://openapiproext.bnf.fr/iiif/presentation/v3/ark:/12148/bd6t5309409/manifest.json'
For more information check: https://developer.mozilla.org/en-US/docs/Web/HTTP/Status/403",2026-07-17T11:48:11.068281
combat,bd6t530941n,,failed,0,0,,http_manifest,known,403,manifest,"Client error '403 ' for url 'https://openapiproext.bnf.fr/iiif/presentation/v3/ark:/12148/bd6t530941n/manifest.json'
For more information check: https://developer.mozilla.org/en-US/docs/Web/HTTP/Status/403",2026-07-17T11:48:12.269603
combat,bd6t5309420,,failed,0,0,,http_manifest,known,403,manifest,"Client error '403 ' for url 'https://openapiproext.bnf.fr/iiif/presentation/v3/ark:/12148/bd6t5309420/manifest.json'
For more information check: https://developer.mozilla.org/en-US/docs/Web/HTTP/Status/403",2026-07-17T11:48:13.495298
combat,bd6t530943b,,failed,0,0,,http_manifest,known,403,manifest,"Client error '403 ' for url 'https://openapiproext.bnf.fr/iiif/presentation/v3/ark:/12148/bd6t530943b/manifest.json'
For more information check: https://developer.mozilla.org/en-US/docs/Web/HTTP/Status/403",2026-07-17T11:48:14.870442
combat,bd6t530944p,,failed,0,0,,http_manifest,known,403,manifest,"Client error '403 ' for url 'https://openapiproext.bnf.fr/iiif/presentation/v3/ark:/12148/bd6t530944p/manifest.json'
For more information check: https://developer.mozilla.org/en-US/docs/Web/HTTP/Status/403",2026-07-17T11:48:15.875114
combat,bd6t5309451,,failed,0,0,,http_manifest,known,403,manifest,"Client error '403 ' for url 'https://openapiproext.bnf.fr/iiif/presentation/v3/ark:/12148/bd6t5309451/manifest.json'
For more information check: https://developer.mozilla.org/en-US/docs/Web/HTTP/Status/403",2026-07-17T11:48:17.094460
combat,bd6t530946c,,failed,0,0,,http_manifest,known,403,manifest,"Client error '403 ' for url 'https://openapiproext.bnf.fr/iiif/presentation/v3/ark:/12148/bd6t530946c/manifest.json'
For more information check: https://developer.mozilla.org/en-US/docs/Web/HTTP/Status/403",2026-07-17T11:48:18.403755
combat,bd6t530947q,,failed,0,0,,http_manifest,known,403,manifest,"Client error '403 ' for url 'https://openapiproext.bnf.fr/iiif/presentation/v3/ark:/12148/bd6t530947q/manifest.json'
For more information check: https://developer.mozilla.org/en-US/docs/Web/HTTP/Status/403",2026-07-17T11:48:19.484284
combat,bd6t5309482,,failed,0,0,,http_manifest,known,403,manifest,"Client error '403 ' for url 'https://openapiproext.bnf.fr/iiif/presentation/v3/ark:/12148/bd6t5309482/manifest.json'
For more information check: https://developer.mozilla.org/en-US/docs/Web/HTTP/Status/403",2026-07-17T11:48:20.681140
combat,bd6t530950m,,failed,0,0,,http_manifest,known,403,manifest,"Client error '403 ' for url 'https://openapiproext.bnf.fr/iiif/presentation/v3/ark:/12148/bd6t530950m/manifest.json'
For more information check: https://developer.mozilla.org/en-US/docs/Web/HTTP/Status/403",2026-07-17T11:48:21.880217
combat,bd6t530949d,,failed,0,0,,http_manifest,known,403,manifest,"Client error '403 ' for url 'https://openapiproext.bnf.fr/iiif/presentation/v3/ark:/12148/bd6t530949d/manifest.json'
For more information check: https://developer.mozilla.org/en-US/docs/Web/HTTP/Status/403",2026-07-17T11:48:23.081738
combat,bd6t530951z,,failed,0,0,,http_manifest,known,403,manifest,"Client error '403 ' for url 'https://openapiproext.bnf.fr/iiif/presentation/v3/ark:/12148/bd6t530951z/manifest.json'
For more information check: https://developer.mozilla.org/en-US/docs/Web/HTTP/Status/403",2026-07-17T11:48:24.285541
combat,bd6t5309529,,failed,0,0,,http_manifest,known,403,manifest,"Client error '403 ' for url 'https://openapiproext.bnf.fr/iiif/presentation/v3/ark:/12148/bd6t5309529/manifest.json'
For more information check: https://developer.mozilla.org/en-US/docs/Web/HTTP/Status/403",2026-07-17T11:48:25.485916
combat,bd6t530953n,,failed,0,0,,http_manifest,known,403,manifest,"Client error '403 ' for url 'https://openapiproext.bnf.fr/iiif/presentation/v3/ark:/12148/bd6t530953n/manifest.json'
For more information check: https://developer.mozilla.org/en-US/docs/Web/HTTP/Status/403",2026-07-17T11:48:26.710845
combat,bd6t5309540,,failed,0,0,,http_manifest,known,403,manifest,"Client error '403 ' for url 'https://openapiproext.bnf.fr/iiif/presentation/v3/ark:/12148/bd6t5309540/manifest.json'
For more information check: https://developer.mozilla.org/en-US/docs/Web/HTTP/Status/403",2026-07-17T11:48:27.897092
combat,bd6t530955b,,failed,0,0,,http_manifest,known,403,manifest,"Client error '403 ' for url 'https://openapiproext.bnf.fr/iiif/presentation/v3/ark:/12148/bd6t530955b/manifest.json'
For more information check: https://developer.mozilla.org/en-US/docs/Web/HTTP/Status/403",2026-07-17T11:48:29.090937
combat,bd6t530956p,,failed,0,0,,http_manifest,known,403,manifest,"Client error '403 ' for url 'https://openapiproext.bnf.fr/iiif/presentation/v3/ark:/12148/bd6t530956p/manifest.json'
For more information check: https://developer.mozilla.org/en-US/docs/Web/HTTP/Status/403",2026-07-17T11:48:30.290907
combat,bd6t5309571,,failed,0,0,,http_manifest,known,403,manifest,"Client error '403 ' for url 'https://openapiproext.bnf.fr/iiif/presentation/v3/ark:/12148/bd6t5309571/manifest.json'
For more information check: https://developer.mozilla.org/en-US/docs/Web/HTTP/Status/403",2026-07-17T11:48:31.495015
combat,bd6t530958c,,failed,0,0,,http_manifest,known,403,manifest,"Client error '403 ' for url 'https://openapiproext.bnf.fr/iiif/presentation/v3/ark:/12148/bd6t530958c/manifest.json'
For more information check: https://developer.mozilla.org/en-US/docs/Web/HTTP/Status/403",2026-07-17T11:48:32.719735
combat,bd6t530959q,,failed,0,0,,http_manifest,known,403,manifest,"Client error '403 ' for url 'https://openapiproext.bnf.fr/iiif/presentation/v3/ark:/12148/bd6t530959q/manifest.json'
For more information check: https://developer.mozilla.org/en-US/docs/Web/HTTP/Status/403",2026-07-17T11:48:33.907126
combat,bd6t530960x,,failed,0,0,,http_manifest,known,403,manifest,"Client error '403 ' for url 'https://openapiproext.bnf.fr/iiif/presentation/v3/ark:/12148/bd6t530960x/manifest.json'
For more information check: https://developer.mozilla.org/en-US/docs/Web/HTTP/Status/403",2026-07-17T11:48:35.098721
combat,bd6t5309618,,failed,0,0,,http_manifest,known,403,manifest,"Client error '403 ' for url 'https://openapiproext.bnf.fr/iiif/presentation/v3/ark:/12148/bd6t5309618/manifest.json'
For more information check: https://developer.mozilla.org/en-US/docs/Web/HTTP/Status/403",2026-07-17T11:48:36.297994
combat,bd6t530962m,,failed,0,0,,http_manifest,known,403,manifest,"Client error '403 ' for url 'https://openapiproext.bnf.fr/iiif/presentation/v3/ark:/12148/bd6t530962m/manifest.json'
For more information check: https://developer.mozilla.org/en-US/docs/Web/HTTP/Status/403",2026-07-17T11:48:37.508641
combat,bd6t530963z,,failed,0,0,,http_manifest,known,403,manifest,"Client error '403 ' for url 'https://openapiproext.bnf.fr/iiif/presentation/v3/ark:/12148/bd6t530963z/manifest.json'
For more information check: https://developer.mozilla.org/en-US/docs/Web/HTTP/Status/403",2026-07-17T11:48:38.705452
combat,bd6t5309649,,failed,0,0,,http_manifest,known,403,manifest,"Client error '403 ' for url 'https://openapiproext.bnf.fr/iiif/presentation/v3/ark:/12148/bd6t5309649/manifest.json'
For more information check: https://developer.mozilla.org/en-US/docs/Web/HTTP/Status/403",2026-07-17T11:48:39.904119
combat,bd6t530965n,,failed,0,0,,http_manifest,known,403,manifest,"Client error '403 ' for url 'https://openapiproext.bnf.fr/iiif/presentation/v3/ark:/12148/bd6t530965n/manifest.json'
For more information check: https://developer.mozilla.org/en-US/docs/Web/HTTP/Status/403",2026-07-17T11:48:41.112869
combat,bd6t5309660,,failed,0,0,,http_manifest,known,403,manifest,"Client error '403 ' for url 'https://openapiproext.bnf.fr/iiif/presentation/v3/ark:/12148/bd6t5309660/manifest.json'
For more information check: https://developer.mozilla.org/en-US/docs/Web/HTTP/Status/403",2026-07-17T11:48:42.311685
combat,bd6t530967b,,failed,0,0,,http_manifest,known,403,manifest,"Client error '403 ' for url 'https://openapiproext.bnf.fr/iiif/presentation/v3/ark:/12148/bd6t530967b/manifest.json'
For more information check: https://developer.mozilla.org/en-US/docs/Web/HTTP/Status/403",2026-07-17T11:48:43.509557
combat,bd6t530968p,,failed,0,0,,http_manifest,known,403,manifest,"Client error '403 ' for url 'https://openapiproext.bnf.fr/iiif/presentation/v3/ark:/12148/bd6t530968p/manifest.json'
For more information check: https://developer.mozilla.org/en-US/docs/Web/HTTP/Status/403",2026-07-17T11:48:44.712947
combat,bd6t5309691,,failed,0,0,,http_manifest,known,403,manifest,"Client error '403 ' for url 'https://openapiproext.bnf.fr/iiif/presentation/v3/ark:/12148/bd6t5309691/manifest.json'
For more information check: https://developer.mozilla.org/en-US/docs/Web/HTTP/Status/403",2026-07-17T11:48:45.913412
combat,bd6t5309707,,failed,0,0,,http_manifest,known,403,manifest,"Client error '403 ' for url 'https://openapiproext.bnf.fr/iiif/presentation/v3/ark:/12148/bd6t5309707/manifest.json'
For more information check: https://developer.mozilla.org/en-US/docs/Web/HTTP/Status/403",2026-07-17T11:48:47.115458
combat,bd6t530971k,,failed,0,0,,http_manifest,known,403,manifest,"Client error '403 ' for url 'https://openapiproext.bnf.fr/iiif/presentation/v3/ark:/12148/bd6t530971k/manifest.json'
For more information check: https://developer.mozilla.org/en-US/docs/Web/HTTP/Status/403",2026-07-17T11:48:48.318134
combat,bd6t530972x,,failed,0,0,,http_manifest,known,403,manifest,"Client error '403 ' for url 'https://openapiproext.bnf.fr/iiif/presentation/v3/ark:/12148/bd6t530972x/manifest.json'
For more information check: https://developer.mozilla.org/en-US/docs/Web/HTTP/Status/403",2026-07-17T11:48:49.514409
combat,bd6t5309738,,failed,0,0,,http_manifest,known,403,manifest,"Client error '403 ' for url 'https://openapiproext.bnf.fr/iiif/presentation/v3/ark:/12148/bd6t5309738/manifest.json'
For more information check: https://developer.mozilla.org/en-US/docs/Web/HTTP/Status/403",2026-07-17T11:48:50.723924
combat,bd6t530974m,,failed,0,0,,http_manifest,known,403,manifest,"Client error '403 ' for url 'https://openapiproext.bnf.fr/iiif/presentation/v3/ark:/12148/bd6t530974m/manifest.json'
For more information check: https://developer.mozilla.org/en-US/docs/Web/HTTP/Status/403",2026-07-17T11:48:51.920919
combat,bd6t530975z,,failed,0,0,,http_manifest,known,403,manifest,"Client error '403 ' for url 'https://openapiproext.bnf.fr/iiif/presentation/v3/ark:/12148/bd6t530975z/manifest.json'
For more information check: https://developer.mozilla.org/en-US/docs/Web/HTTP/Status/403",2026-07-17T11:48:53.119391
combat,bd6t5309769,,failed,0,0,,http_manifest,known,403,manifest,"Client error '403 ' for url 'https://openapiproext.bnf.fr/iiif/presentation/v3/ark:/12148/bd6t5309769/manifest.json'
For more information check: https://developer.mozilla.org/en-US/docs/Web/HTTP/Status/403",2026-07-17T11:48:54.323516
combat,bd6t530977n,,failed,0,0,,http_manifest,known,403,manifest,"Client error '403 ' for url 'https://openapiproext.bnf.fr/iiif/presentation/v3/ark:/12148/bd6t530977n/manifest.json'
For more information check: https://developer.mozilla.org/en-US/docs/Web/HTTP/Status/403",2026-07-17T11:48:55.647510
combat,bd6t5309780,,failed,0,0,,http_manifest,known,403,manifest,"Client error '403 ' for url 'https://openapiproext.bnf.fr/iiif/presentation/v3/ark:/12148/bd6t5309780/manifest.json'
For more information check: https://developer.mozilla.org/en-US/docs/Web/HTTP/Status/403",2026-07-17T11:48:56.749333
combat,bd6t530979b,,failed,0,0,,http_manifest,known,403,manifest,"Client error '403 ' for url 'https://openapiproext.bnf.fr/iiif/presentation/v3/ark:/12148/bd6t530979b/manifest.json'
For more information check: https://developer.mozilla.org/en-US/docs/Web/HTTP/Status/403",2026-07-17T11:48:57.932670
combat,bd6t530980j,,failed,0,0,,http_manifest,known,403,manifest,"Client error '403 ' for url 'https://openapiproext.bnf.fr/iiif/presentation/v3/ark:/12148/bd6t530980j/manifest.json'
For more information check: https://developer.mozilla.org/en-US/docs/Web/HTTP/Status/403",2026-07-17T11:48:59.204167
combat,bd6t530981w,,failed,0,0,,http_manifest,known,403,manifest,"Client error '403 ' for url 'https://openapiproext.bnf.fr/iiif/presentation/v3/ark:/12148/bd6t530981w/manifest.json'
For more information check: https://developer.mozilla.org/en-US/docs/Web/HTTP/Status/403",2026-07-17T11:49:00.340803
combat,bd6t5309827,,failed,0,0,,http_manifest,known,403,manifest,"Client error '403 ' for url 'https://openapiproext.bnf.fr/iiif/presentation/v3/ark:/12148/bd6t5309827/manifest.json'
For more information check: https://developer.mozilla.org/en-US/docs/Web/HTTP/Status/403",2026-07-17T11:49:01.711886
combat,bd6t530983k,,failed,0,0,,http_manifest,known,403,manifest,"Client error '403 ' for url 'https://openapiproext.bnf.fr/iiif/presentation/v3/ark:/12148/bd6t530983k/manifest.json'
For more information check: https://developer.mozilla.org/en-US/docs/Web/HTTP/Status/403",2026-07-17T11:49:02.768405
combat,bd6t530984x,,failed,0,0,,http_manifest,known,403,manifest,"Client error '403 ' for url 'https://openapiproext.bnf.fr/iiif/presentation/v3/ark:/12148/bd6t530984x/manifest.json'
For more information check: https://developer.mozilla.org/en-US/docs/Web/HTTP/Status/403",2026-07-17T11:49:04.008363
combat,bd6t5309858,,failed,0,0,,http_manifest,known,403,manifest,"Client error '403 ' for url 'https://openapiproext.bnf.fr/iiif/presentation/v3/ark:/12148/bd6t5309858/manifest.json'
For more information check: https://developer.mozilla.org/en-US/docs/Web/HTTP/Status/403",2026-07-17T11:49:05.276951
combat,bd6t530986m,,failed,0,0,,http_manifest,known,403,manifest,"Client error '403 ' for url 'https://openapiproext.bnf.fr/iiif/presentation/v3/ark:/12148/bd6t530986m/manifest.json'
For more information check: https://developer.mozilla.org/en-US/docs/Web/HTTP/Status/403",2026-07-17T11:49:06.342470
combat,bd6t530987z,,failed,0,0,,http_manifest,known,403,manifest,"Client error '403 ' for url 'https://openapiproext.bnf.fr/iiif/presentation/v3/ark:/12148/bd6t530987z/manifest.json'
For more information check: https://developer.mozilla.org/en-US/docs/Web/HTTP/Status/403",2026-07-17T11:49:07.662931
combat,bd6t5309889,,failed,0,0,,http_manifest,known,403,manifest,"Client error '403 ' for url 'https://openapiproext.bnf.fr/iiif/presentation/v3/ark:/12148/bd6t5309889/manifest.json'
For more information check: https://developer.mozilla.org/en-US/docs/Web/HTTP/Status/403",2026-07-17T11:49:08.750436
combat,bd6t530989n,,failed,0,0,,http_manifest,known,403,manifest,"Client error '403 ' for url 'https://openapiproext.bnf.fr/iiif/presentation/v3/ark:/12148/bd6t530989n/manifest.json'
For more information check: https://developer.mozilla.org/en-US/docs/Web/HTTP/Status/403",2026-07-17T11:49:10.193803
combat,bd6t530990v,,failed,0,0,,http_manifest,known,403,manifest,"Client error '403 ' for url 'https://openapiproext.bnf.fr/iiif/presentation/v3/ark:/12148/bd6t530990v/manifest.json'
For more information check: https://developer.mozilla.org/en-US/docs/Web/HTTP/Status/403",2026-07-17T11:49:11.580057
combat,bd6t5309916,,failed,0,0,,http_manifest,known,403,manifest,"Client error '403 ' for url 'https://openapiproext.bnf.fr/iiif/presentation/v3/ark:/12148/bd6t5309916/manifest.json'
For more information check: https://developer.mozilla.org/en-US/docs/Web/HTTP/Status/403",2026-07-17T11:49:12.429720
combat,bd6t530890k,,failed,0,0,,http_manifest,known,403,manifest,"Client error '403 ' for url 'https://openapiproext.bnf.fr/iiif/presentation/v3/ark:/12148/bd6t530890k/manifest.json'
For more information check: https://developer.mozilla.org/en-US/docs/Web/HTTP/Status/403",2026-07-17T11:49:13.577474
combat,bd6t530891x,,failed,0,0,,http_manifest,known,403,manifest,"Client error '403 ' for url 'https://openapiproext.bnf.fr/iiif/presentation/v3/ark:/12148/bd6t530891x/manifest.json'
For more information check: https://developer.mozilla.org/en-US/docs/Web/HTTP/Status/403",2026-07-17T11:49:14.873174
combat,bd6t5308928,,failed,0,0,,http_manifest,known,403,manifest,"Client error '403 ' for url 'https://openapiproext.bnf.fr/iiif/presentation/v3/ark:/12148/bd6t5308928/manifest.json'
For more information check: https://developer.mozilla.org/en-US/docs/Web/HTTP/Status/403",2026-07-17T11:49:16.013229
combat,bd6t530893m,,failed,0,0,,http_manifest,known,403,manifest,"Client error '403 ' for url 'https://openapiproext.bnf.fr/iiif/presentation/v3/ark:/12148/bd6t530893m/manifest.json'
For more information check: https://developer.mozilla.org/en-US/docs/Web/HTTP/Status/403",2026-07-17T11:49:17.250107
combat,bd6t530894z,,failed,0,0,,http_manifest,known,403,manifest,"Client error '403 ' for url 'https://openapiproext.bnf.fr/iiif/presentation/v3/ark:/12148/bd6t530894z/manifest.json'
For more information check: https://developer.mozilla.org/en-US/docs/Web/HTTP/Status/403",2026-07-17T11:49:18.515028
combat,bd6t5308959,,failed,0,0,,http_manifest,known,403,manifest,"Client error '403 ' for url 'https://openapiproext.bnf.fr/iiif/presentation/v3/ark:/12148/bd6t5308959/manifest.json'
For more information check: https://developer.mozilla.org/en-US/docs/Web/HTTP/Status/403",2026-07-17T11:49:19.564170
combat,bd6t5308970,,failed,0,0,,http_manifest,known,403,manifest,"Client error '403 ' for url 'https://openapiproext.bnf.fr/iiif/presentation/v3/ark:/12148/bd6t5308970/manifest.json'
For more information check: https://developer.mozilla.org/en-US/docs/Web/HTTP/Status/403",2026-07-17T11:49:20.758692
combat,bd6t530896n,,failed,0,0,,http_manifest,known,403,manifest,"Client error '403 ' for url 'https://openapiproext.bnf.fr/iiif/presentation/v3/ark:/12148/bd6t530896n/manifest.json'
For more information check: https://developer.mozilla.org/en-US/docs/Web/HTTP/Status/403",2026-07-17T11:49:21.967604
combat,bd6t530898b,,failed,0,0,,http_manifest,known,403,manifest,"Client error '403 ' for url 'https://openapiproext.bnf.fr/iiif/presentation/v3/ark:/12148/bd6t530898b/manifest.json'
For more information check: https://developer.mozilla.org/en-US/docs/Web/HTTP/Status/403",2026-07-17T11:49:23.162657
combat,bd6t530899p,,failed,0,0,,http_manifest,known,403,manifest,"Client error '403 ' for url 'https://openapiproext.bnf.fr/iiif/presentation/v3/ark:/12148/bd6t530899p/manifest.json'
For more information check: https://developer.mozilla.org/en-US/docs/Web/HTTP/Status/403",2026-07-17T11:49:24.361485
combat,bd6t5309002,,failed,0,0,,http_manifest,known,403,manifest,"Client error '403 ' for url 'https://openapiproext.bnf.fr/iiif/presentation/v3/ark:/12148/bd6t5309002/manifest.json'
For more information check: https://developer.mozilla.org/en-US/docs/Web/HTTP/Status/403",2026-07-17T11:49:25.564167
combat,bd6t530901d,,failed,0,0,,http_manifest,known,403,manifest,"Client error '403 ' for url 'https://openapiproext.bnf.fr/iiif/presentation/v3/ark:/12148/bd6t530901d/manifest.json'
For more information check: https://developer.mozilla.org/en-US/docs/Web/HTTP/Status/403",2026-07-17T11:49:26.788349
combat,bd6t530902r,,failed,0,0,,http_manifest,known,403,manifest,"Client error '403 ' for url 'https://openapiproext.bnf.fr/iiif/presentation/v3/ark:/12148/bd6t530902r/manifest.json'
For more information check: https://developer.mozilla.org/en-US/docs/Web/HTTP/Status/403",2026-07-17T11:49:27.968285
combat,bd6t5309033,,failed,0,0,,http_manifest,known,403,manifest,"Client error '403 ' for url 'https://openapiproext.bnf.fr/iiif/presentation/v3/ark:/12148/bd6t5309033/manifest.json'
For more information check: https://developer.mozilla.org/en-US/docs/Web/HTTP/Status/403",2026-07-17T11:49:29.168250
combat,bd6t530904f,,failed,0,0,,http_manifest,known,403,manifest,"Client error '403 ' for url 'https://openapiproext.bnf.fr/iiif/presentation/v3/ark:/12148/bd6t530904f/manifest.json'
For more information check: https://developer.mozilla.org/en-US/docs/Web/HTTP/Status/403",2026-07-17T11:49:30.371192
combat,bd6t530905s,,failed,0,0,,http_manifest,known,403,manifest,"Client error '403 ' for url 'https://openapiproext.bnf.fr/iiif/presentation/v3/ark:/12148/bd6t530905s/manifest.json'
For more information check: https://developer.mozilla.org/en-US/docs/Web/HTTP/Status/403",2026-07-17T11:49:31.576262
combat,bd6t5309064,,failed,0,0,,http_manifest,known,403,manifest,"Client error '403 ' for url 'https://openapiproext.bnf.fr/iiif/presentation/v3/ark:/12148/bd6t5309064/manifest.json'
For more information check: https://developer.mozilla.org/en-US/docs/Web/HTTP/Status/403",2026-07-17T11:49:32.806820
combat,bd6t530907g,,failed,0,0,,http_manifest,known,403,manifest,"Client error '403 ' for url 'https://openapiproext.bnf.fr/iiif/presentation/v3/ark:/12148/bd6t530907g/manifest.json'
For more information check: https://developer.mozilla.org/en-US/docs/Web/HTTP/Status/403",2026-07-17T11:49:33.975261
combat,bd6t530908t,,failed,0,0,,http_manifest,known,403,manifest,"Client error '403 ' for url 'https://openapiproext.bnf.fr/iiif/presentation/v3/ark:/12148/bd6t530908t/manifest.json'
For more information check: https://developer.mozilla.org/en-US/docs/Web/HTTP/Status/403",2026-07-17T11:49:35.184229
combat,bd6t5309095,,failed,0,0,,http_manifest,known,403,manifest,"Client error '403 ' for url 'https://openapiproext.bnf.fr/iiif/presentation/v3/ark:/12148/bd6t5309095/manifest.json'
For more information check: https://developer.mozilla.org/en-US/docs/Web/HTTP/Status/403",2026-07-17T11:49:36.378996
combat,bd6t530910c,,failed,0,0,,http_manifest,known,403,manifest,"Client error '403 ' for url 'https://openapiproext.bnf.fr/iiif/presentation/v3/ark:/12148/bd6t530910c/manifest.json'
For more information check: https://developer.mozilla.org/en-US/docs/Web/HTTP/Status/403",2026-07-17T11:49:37.588584
combat,bd6t530911q,,failed,0,0,,http_manifest,known,403,manifest,"Client error '403 ' for url 'https://openapiproext.bnf.fr/iiif/presentation/v3/ark:/12148/bd6t530911q/manifest.json'
For more information check: https://developer.mozilla.org/en-US/docs/Web/HTTP/Status/403",2026-07-17T11:49:38.783814
combat,bd6t5309122,,failed,0,0,,http_manifest,known,403,manifest,"Client error '403 ' for url 'https://openapiproext.bnf.fr/iiif/presentation/v3/ark:/12148/bd6t5309122/manifest.json'
For more information check: https://developer.mozilla.org/en-US/docs/Web/HTTP/Status/403",2026-07-17T11:49:39.985339
combat,bd6t530913d,,failed,0,0,,http_manifest,known,403,manifest,"Client error '403 ' for url 'https://openapiproext.bnf.fr/iiif/presentation/v3/ark:/12148/bd6t530913d/manifest.json'
For more information check: https://developer.mozilla.org/en-US/docs/Web/HTTP/Status/403",2026-07-17T11:49:41.182770
combat,bd6t530914r,,failed,0,0,,http_manifest,known,403,manifest,"Client error '403 ' for url 'https://openapiproext.bnf.fr/iiif/presentation/v3/ark:/12148/bd6t530914r/manifest.json'
For more information check: https://developer.mozilla.org/en-US/docs/Web/HTTP/Status/403",2026-07-17T11:49:42.398691
combat,bd6t5309153,,failed,0,0,,http_manifest,known,403,manifest,"Client error '403 ' for url 'https://openapiproext.bnf.fr/iiif/presentation/v3/ark:/12148/bd6t5309153/manifest.json'
For more information check: https://developer.mozilla.org/en-US/docs/Web/HTTP/Status/403",2026-07-17T11:49:43.591686
combat,bd6t530916f,,failed,0,0,,http_manifest,known,403,manifest,"Client error '403 ' for url 'https://openapiproext.bnf.fr/iiif/presentation/v3/ark:/12148/bd6t530916f/manifest.json'
For more information check: https://developer.mozilla.org/en-US/docs/Web/HTTP/Status/403",2026-07-17T11:49:44.816743
combat,bd6t530917s,,failed,0,0,,http_manifest,known,403,manifest,"Client error '403 ' for url 'https://openapiproext.bnf.fr/iiif/presentation/v3/ark:/12148/bd6t530917s/manifest.json'
For more information check: https://developer.mozilla.org/en-US/docs/Web/HTTP/Status/403",2026-07-17T11:49:46.070833
combat,bd6t5309184,,failed,0,0,,http_manifest,known,403,manifest,"Client error '403 ' for url 'https://openapiproext.bnf.fr/iiif/presentation/v3/ark:/12148/bd6t5309184/manifest.json'
For more information check: https://developer.mozilla.org/en-US/docs/Web/HTTP/Status/403",2026-07-17T11:49:47.195001
combat,bd6t530919g,,failed,0,0,,http_manifest,known,403,manifest,"Client error '403 ' for url 'https://openapiproext.bnf.fr/iiif/presentation/v3/ark:/12148/bd6t530919g/manifest.json'
For more information check: https://developer.mozilla.org/en-US/docs/Web/HTTP/Status/403",2026-07-17T11:49:48.404616
combat,bd6t530920p,,failed,0,0,,http_manifest,known,403,manifest,"Client error '403 ' for url 'https://openapiproext.bnf.fr/iiif/presentation/v3/ark:/12148/bd6t530920p/manifest.json'
For more information check: https://developer.mozilla.org/en-US/docs/Web/HTTP/Status/403",2026-07-17T11:49:49.598816
combat,bd6t5309211,,failed,0,0,,http_manifest,known,403,manifest,"Client error '403 ' for url 'https://openapiproext.bnf.fr/iiif/presentation/v3/ark:/12148/bd6t5309211/manifest.json'
For more information check: https://developer.mozilla.org/en-US/docs/Web/HTTP/Status/403",2026-07-17T11:49:50.795822
combat,bd6t530922c,,failed,0,0,,http_manifest,known,403,manifest,"Client error '403 ' for url 'https://openapiproext.bnf.fr/iiif/presentation/v3/ark:/12148/bd6t530922c/manifest.json'
For more information check: https://developer.mozilla.org/en-US/docs/Web/HTTP/Status/403",2026-07-17T11:49:51.998066
combat,bd6t530923q,,failed,0,0,,http_manifest,known,403,manifest,"Client error '403 ' for url 'https://openapiproext.bnf.fr/iiif/presentation/v3/ark:/12148/bd6t530923q/manifest.json'
For more information check: https://developer.mozilla.org/en-US/docs/Web/HTTP/Status/403",2026-07-17T11:49:53.200986
combat,bd6t5309242,,failed,0,0,,http_manifest,known,403,manifest,"Client error '403 ' for url 'https://openapiproext.bnf.fr/iiif/presentation/v3/ark:/12148/bd6t5309242/manifest.json'
For more information check: https://developer.mozilla.org/en-US/docs/Web/HTTP/Status/403",2026-07-17T11:49:54.411749
combat,bd6t530925d,,failed,0,0,,http_manifest,known,403,manifest,"Client error '403 ' for url 'https://openapiproext.bnf.fr/iiif/presentation/v3/ark:/12148/bd6t530925d/manifest.json'
For more information check: https://developer.mozilla.org/en-US/docs/Web/HTTP/Status/403",2026-07-17T11:49:55.605452
combat,bd6t530926r,,failed,0,0,,http_manifest,known,403,manifest,"Client error '403 ' for url 'https://openapiproext.bnf.fr/iiif/presentation/v3/ark:/12148/bd6t530926r/manifest.json'
For more information check: https://developer.mozilla.org/en-US/docs/Web/HTTP/Status/403",2026-07-17T11:49:56.813934
combat,bd6t5309273,,failed,0,0,,http_manifest,known,403,manifest,"Client error '403 ' for url 'https://openapiproext.bnf.fr/iiif/presentation/v3/ark:/12148/bd6t5309273/manifest.json'
For more information check: https://developer.mozilla.org/en-US/docs/Web/HTTP/Status/403",2026-07-17T11:49:58.010259
combat,bd6t530928f,,failed,0,0,,http_manifest,known,403,manifest,"Client error '403 ' for url 'https://openapiproext.bnf.fr/iiif/presentation/v3/ark:/12148/bd6t530928f/manifest.json'
For more information check: https://developer.mozilla.org/en-US/docs/Web/HTTP/Status/403",2026-07-17T11:49:59.234886
combat,bd6t530929s,,failed,0,0,,http_manifest,known,403,manifest,"Client error '403 ' for url 'https://openapiproext.bnf.fr/iiif/presentation/v3/ark:/12148/bd6t530929s/manifest.json'
For more information check: https://developer.mozilla.org/en-US/docs/Web/HTTP/Status/403",2026-07-17T11:50:00.415965
combat,bd6t5309300,,failed,0,0,,http_manifest,known,403,manifest,"Client error '403 ' for url 'https://openapiproext.bnf.fr/iiif/presentation/v3/ark:/12148/bd6t5309300/manifest.json'
For more information check: https://developer.mozilla.org/en-US/docs/Web/HTTP/Status/403",2026-07-17T11:50:01.628758
combat,bd6t530931b,,failed,0,0,,http_manifest,known,403,manifest,"Client error '403 ' for url 'https://openapiproext.bnf.fr/iiif/presentation/v3/ark:/12148/bd6t530931b/manifest.json'
For more information check: https://developer.mozilla.org/en-US/docs/Web/HTTP/Status/403",2026-07-17T11:50:02.843349
combat,bd6t530932p,,failed,0,0,,http_manifest,known,403,manifest,"Client error '403 ' for url 'https://openapiproext.bnf.fr/iiif/presentation/v3/ark:/12148/bd6t530932p/manifest.json'
For more information check: https://developer.mozilla.org/en-US/docs/Web/HTTP/Status/403",2026-07-17T11:50:04.228058
combat,bd6t5309331,,failed,0,0,,http_manifest,known,403,manifest,"Client error '403 ' for url 'https://openapiproext.bnf.fr/iiif/presentation/v3/ark:/12148/bd6t5309331/manifest.json'
For more information check: https://developer.mozilla.org/en-US/docs/Web/HTTP/Status/403",2026-07-17T11:50:05.393486
combat,bd6t530934c,,failed,0,0,,http_manifest,known,403,manifest,"Client error '403 ' for url 'https://openapiproext.bnf.fr/iiif/presentation/v3/ark:/12148/bd6t530934c/manifest.json'
For more information check: https://developer.mozilla.org/en-US/docs/Web/HTTP/Status/403",2026-07-17T11:50:06.430839
combat,bd6t530935q,,failed,0,0,,http_manifest,known,403,manifest,"Client error '403 ' for url 'https://openapiproext.bnf.fr/iiif/presentation/v3/ark:/12148/bd6t530935q/manifest.json'
For more information check: https://developer.mozilla.org/en-US/docs/Web/HTTP/Status/403",2026-07-17T11:50:07.625753
combat,bd6t5309362,,failed,0,0,,http_manifest,known,403,manifest,"Client error '403 ' for url 'https://openapiproext.bnf.fr/iiif/presentation/v3/ark:/12148/bd6t5309362/manifest.json'
For more information check: https://developer.mozilla.org/en-US/docs/Web/HTTP/Status/403",2026-07-17T11:50:08.826522
combat,bd6t530937d,,failed,0,0,,http_manifest,known,403,manifest,"Client error '403 ' for url 'https://openapiproext.bnf.fr/iiif/presentation/v3/ark:/12148/bd6t530937d/manifest.json'
For more information check: https://developer.mozilla.org/en-US/docs/Web/HTTP/Status/403",2026-07-17T11:50:10.200674
combat,bd6t530938r,,failed,0,0,,http_manifest,known,403,manifest,"Client error '403 ' for url 'https://openapiproext.bnf.fr/iiif/presentation/v3/ark:/12148/bd6t530938r/manifest.json'
For more information check: https://developer.mozilla.org/en-US/docs/Web/HTTP/Status/403",2026-07-17T11:50:11.234908
combat,bd6t5309393,,failed,0,0,,http_manifest,known,403,manifest,"Client error '403 ' for url 'https://openapiproext.bnf.fr/iiif/presentation/v3/ark:/12148/bd6t5309393/manifest.json'
For more information check: https://developer.mozilla.org/en-US/docs/Web/HTTP/Status/403",2026-07-17T11:50:12.674677
combat,bd6t531198n,,failed,0,0,,http_manifest,known,403,manifest,"Client error '403 ' for url 'https://openapiproext.bnf.fr/iiif/presentation/v3/ark:/12148/bd6t531198n/manifest.json'
For more information check: https://developer.mozilla.org/en-US/docs/Web/HTTP/Status/403",2026-07-17T11:50:13.771694
combat,bd6t5311990,,failed,0,0,,http_manifest,known,403,manifest,"Client error '403 ' for url 'https://openapiproext.bnf.fr/iiif/presentation/v3/ark:/12148/bd6t5311990/manifest.json'
For more information check: https://developer.mozilla.org/en-US/docs/Web/HTTP/Status/403",2026-07-17T11:50:14.880540
combat,bd6t531200c,,failed,0,0,,http_manifest,known,403,manifest,"Client error '403 ' for url 'https://openapiproext.bnf.fr/iiif/presentation/v3/ark:/12148/bd6t531200c/manifest.json'
For more information check: https://developer.mozilla.org/en-US/docs/Web/HTTP/Status/403",2026-07-17T11:50:16.118691
combat,bd6t531201q,,failed,0,0,,http_manifest,known,403,manifest,"Client error '403 ' for url 'https://openapiproext.bnf.fr/iiif/presentation/v3/ark:/12148/bd6t531201q/manifest.json'
For more information check: https://developer.mozilla.org/en-US/docs/Web/HTTP/Status/403",2026-07-17T11:50:17.368272
combat,bd6t5312022,,failed,0,0,,http_manifest,known,403,manifest,"Client error '403 ' for url 'https://openapiproext.bnf.fr/iiif/presentation/v3/ark:/12148/bd6t5312022/manifest.json'
For more information check: https://developer.mozilla.org/en-US/docs/Web/HTTP/Status/403",2026-07-17T11:50:18.444367
combat,bd6t531203d,,failed,0,0,,http_manifest,known,403,manifest,"Client error '403 ' for url 'https://openapiproext.bnf.fr/iiif/presentation/v3/ark:/12148/bd6t531203d/manifest.json'
For more information check: https://developer.mozilla.org/en-US/docs/Web/HTTP/Status/403",2026-07-17T11:50:19.638854
combat,bd6t531204r,,failed,0,0,,http_manifest,known,403,manifest,"Client error '403 ' for url 'https://openapiproext.bnf.fr/iiif/presentation/v3/ark:/12148/bd6t531204r/manifest.json'
For more information check: https://developer.mozilla.org/en-US/docs/Web/HTTP/Status/403",2026-07-17T11:50:20.862486
combat,bd6t5312053,,failed,0,0,,http_manifest,known,403,manifest,"Client error '403 ' for url 'https://openapiproext.bnf.fr/iiif/presentation/v3/ark:/12148/bd6t5312053/manifest.json'
For more information check: https://developer.mozilla.org/en-US/docs/Web/HTTP/Status/403",2026-07-17T11:50:22.042769
combat,bd6t531206f,,failed,0,0,,http_manifest,known,403,manifest,"Client error '403 ' for url 'https://openapiproext.bnf.fr/iiif/presentation/v3/ark:/12148/bd6t531206f/manifest.json'
For more information check: https://developer.mozilla.org/en-US/docs/Web/HTTP/Status/403",2026-07-17T11:50:23.252010
combat,bd6t531207s,,failed,0,0,,http_manifest,known,403,manifest,"Client error '403 ' for url 'https://openapiproext.bnf.fr/iiif/presentation/v3/ark:/12148/bd6t531207s/manifest.json'
For more information check: https://developer.mozilla.org/en-US/docs/Web/HTTP/Status/403",2026-07-17T11:50:24.453252
combat,bd6t5312084,,failed,0,0,,http_manifest,known,403,manifest,"Client error '403 ' for url 'https://openapiproext.bnf.fr/iiif/presentation/v3/ark:/12148/bd6t5312084/manifest.json'
For more information check: https://developer.mozilla.org/en-US/docs/Web/HTTP/Status/403",2026-07-17T11:50:25.644179
combat,bd6t531209g,,failed,0,0,,http_manifest,known,403,manifest,"Client error '403 ' for url 'https://openapiproext.bnf.fr/iiif/presentation/v3/ark:/12148/bd6t531209g/manifest.json'
For more information check: https://developer.mozilla.org/en-US/docs/Web/HTTP/Status/403",2026-07-17T11:50:26.847020
combat,bd6t531210p,,failed,0,0,,http_manifest,known,403,manifest,"Client error '403 ' for url 'https://openapiproext.bnf.fr/iiif/presentation/v3/ark:/12148/bd6t531210p/manifest.json'
For more information check: https://developer.mozilla.org/en-US/docs/Web/HTTP/Status/403",2026-07-17T11:50:28.053051
combat,bd6t5312111,,failed,0,0,,http_manifest,known,403,manifest,"Client error '403 ' for url 'https://openapiproext.bnf.fr/iiif/presentation/v3/ark:/12148/bd6t5312111/manifest.json'
For more information check: https://developer.mozilla.org/en-US/docs/Web/HTTP/Status/403",2026-07-17T11:50:29.249673
combat,bd6t531212c,,failed,0,0,,http_manifest,known,403,manifest,"Client error '403 ' for url 'https://openapiproext.bnf.fr/iiif/presentation/v3/ark:/12148/bd6t531212c/manifest.json'
For more information check: https://developer.mozilla.org/en-US/docs/Web/HTTP/Status/403",2026-07-17T11:50:30.454022
combat,bd6t531213q,,failed,0,0,,http_manifest,known,403,manifest,"Client error '403 ' for url 'https://openapiproext.bnf.fr/iiif/presentation/v3/ark:/12148/bd6t531213q/manifest.json'
For more information check: https://developer.mozilla.org/en-US/docs/Web/HTTP/Status/403",2026-07-17T11:50:31.660200
combat,bd6t5312142,,failed,0,0,,http_manifest,known,403,manifest,"Client error '403 ' for url 'https://openapiproext.bnf.fr/iiif/presentation/v3/ark:/12148/bd6t5312142/manifest.json'
For more information check: https://developer.mozilla.org/en-US/docs/Web/HTTP/Status/403",2026-07-17T11:50:32.878494
combat,bd6t531215d,,failed,0,0,,http_manifest,known,403,manifest,"Client error '403 ' for url 'https://openapiproext.bnf.fr/iiif/presentation/v3/ark:/12148/bd6t531215d/manifest.json'
For more information check: https://developer.mozilla.org/en-US/docs/Web/HTTP/Status/403",2026-07-17T11:50:34.062724
combat,bd6t531216r,,failed,0,0,,http_manifest,known,403,manifest,"Client error '403 ' for url 'https://openapiproext.bnf.fr/iiif/presentation/v3/ark:/12148/bd6t531216r/manifest.json'
For more information check: https://developer.mozilla.org/en-US/docs/Web/HTTP/Status/403",2026-07-17T11:50:35.260108
combat,bd6t5312173,,failed,0,0,,http_manifest,known,403,manifest,"Client error '403 ' for url 'https://openapiproext.bnf.fr/iiif/presentation/v3/ark:/12148/bd6t5312173/manifest.json'
For more information check: https://developer.mozilla.org/en-US/docs/Web/HTTP/Status/403",2026-07-17T11:50:36.460985
combat,bd6t531218f,,failed,0,0,,http_manifest,known,403,manifest,"Client error '403 ' for url 'https://openapiproext.bnf.fr/iiif/presentation/v3/ark:/12148/bd6t531218f/manifest.json'
For more information check: https://developer.mozilla.org/en-US/docs/Web/HTTP/Status/403",2026-07-17T11:50:37.664730
combat,bd6t531219s,,failed,0,0,,http_manifest,known,403,manifest,"Client error '403 ' for url 'https://openapiproext.bnf.fr/iiif/presentation/v3/ark:/12148/bd6t531219s/manifest.json'
For more information check: https://developer.mozilla.org/en-US/docs/Web/HTTP/Status/403",2026-07-17T11:50:38.885648
combat,bd6t5312200,,failed,0,0,,http_manifest,known,403,manifest,"Client error '403 ' for url 'https://openapiproext.bnf.fr/iiif/presentation/v3/ark:/12148/bd6t5312200/manifest.json'
For more information check: https://developer.mozilla.org/en-US/docs/Web/HTTP/Status/403",2026-07-17T11:50:40.067230
combat,bd6t531221b,,failed,0,0,,http_manifest,known,403,manifest,"Client error '403 ' for url 'https://openapiproext.bnf.fr/iiif/presentation/v3/ark:/12148/bd6t531221b/manifest.json'
For more information check: https://developer.mozilla.org/en-US/docs/Web/HTTP/Status/403",2026-07-17T11:50:41.270255
combat,bd6t531222p,,failed,0,0,,http_manifest,known,403,manifest,"Client error '403 ' for url 'https://openapiproext.bnf.fr/iiif/presentation/v3/ark:/12148/bd6t531222p/manifest.json'
For more information check: https://developer.mozilla.org/en-US/docs/Web/HTTP/Status/403",2026-07-17T11:50:42.470607
combat,bd6t5312231,,failed,0,0,,http_manifest,known,403,manifest,"Client error '403 ' for url 'https://openapiproext.bnf.fr/iiif/presentation/v3/ark:/12148/bd6t5312231/manifest.json'
For more information check: https://developer.mozilla.org/en-US/docs/Web/HTTP/Status/403",2026-07-17T11:50:43.670614
combat,bd6t531224c,,failed,0,0,,http_manifest,known,403,manifest,"Client error '403 ' for url 'https://openapiproext.bnf.fr/iiif/presentation/v3/ark:/12148/bd6t531224c/manifest.json'
For more information check: https://developer.mozilla.org/en-US/docs/Web/HTTP/Status/403",2026-07-17T11:50:44.873825
combat,bd6t531225q,,failed,0,0,,http_manifest,known,403,manifest,"Client error '403 ' for url 'https://openapiproext.bnf.fr/iiif/presentation/v3/ark:/12148/bd6t531225q/manifest.json'
For more information check: https://developer.mozilla.org/en-US/docs/Web/HTTP/Status/403",2026-07-17T11:50:46.076143
combat,bd6t5312262,,failed,0,0,,http_manifest,known,403,manifest,"Client error '403 ' for url 'https://openapiproext.bnf.fr/iiif/presentation/v3/ark:/12148/bd6t5312262/manifest.json'
For more information check: https://developer.mozilla.org/en-US/docs/Web/HTTP/Status/403",2026-07-17T11:50:47.281736
combat,bd6t531227d,,failed,0,0,,http_manifest,known,403,manifest,"Client error '403 ' for url 'https://openapiproext.bnf.fr/iiif/presentation/v3/ark:/12148/bd6t531227d/manifest.json'
For more information check: https://developer.mozilla.org/en-US/docs/Web/HTTP/Status/403",2026-07-17T11:50:48.479345
combat,bd6t531228r,,failed,0,0,,http_manifest,known,403,manifest,"Client error '403 ' for url 'https://openapiproext.bnf.fr/iiif/presentation/v3/ark:/12148/bd6t531228r/manifest.json'
For more information check: https://developer.mozilla.org/en-US/docs/Web/HTTP/Status/403",2026-07-17T11:50:49.681674
combat,bd6t5312293,,failed,0,0,,http_manifest,known,403,manifest,"Client error '403 ' for url 'https://openapiproext.bnf.fr/iiif/presentation/v3/ark:/12148/bd6t5312293/manifest.json'
For more information check: https://developer.mozilla.org/en-US/docs/Web/HTTP/Status/403",2026-07-17T11:50:50.899875
combat,bd6t5312309,,failed,0,0,,http_manifest,known,403,manifest,"Client error '403 ' for url 'https://openapiproext.bnf.fr/iiif/presentation/v3/ark:/12148/bd6t5312309/manifest.json'
For more information check: https://developer.mozilla.org/en-US/docs/Web/HTTP/Status/403",2026-07-17T11:50:52.083386
combat,bd6t531231n,,failed,0,0,,http_manifest,known,403,manifest,"Client error '403 ' for url 'https://openapiproext.bnf.fr/iiif/presentation/v3/ark:/12148/bd6t531231n/manifest.json'
For more information check: https://developer.mozilla.org/en-US/docs/Web/HTTP/Status/403",2026-07-17T11:50:53.286550
combat,bd6t5312320,,failed,0,0,,http_manifest,known,403,manifest,"Client error '403 ' for url 'https://openapiproext.bnf.fr/iiif/presentation/v3/ark:/12148/bd6t5312320/manifest.json'
For more information check: https://developer.mozilla.org/en-US/docs/Web/HTTP/Status/403",2026-07-17T11:50:54.489990
combat,bd6t531233b,,failed,0,0,,http_manifest,known,403,manifest,"Client error '403 ' for url 'https://openapiproext.bnf.fr/iiif/presentation/v3/ark:/12148/bd6t531233b/manifest.json'
For more information check: https://developer.mozilla.org/en-US/docs/Web/HTTP/Status/403",2026-07-17T11:50:55.687655
combat,bd6t531234p,,failed,0,0,,http_manifest,known,403,manifest,"Client error '403 ' for url 'https://openapiproext.bnf.fr/iiif/presentation/v3/ark:/12148/bd6t531234p/manifest.json'
For more information check: https://developer.mozilla.org/en-US/docs/Web/HTTP/Status/403",2026-07-17T11:50:56.891435
combat,bd6t5312351,,failed,0,0,,http_manifest,known,403,manifest,"Client error '403 ' for url 'https://openapiproext.bnf.fr/iiif/presentation/v3/ark:/12148/bd6t5312351/manifest.json'
For more information check: https://developer.mozilla.org/en-US/docs/Web/HTTP/Status/403",2026-07-17T11:50:58.095895
combat,bd6t531236c,,failed,0,0,,http_manifest,known,403,manifest,"Client error '403 ' for url 'https://openapiproext.bnf.fr/iiif/presentation/v3/ark:/12148/bd6t531236c/manifest.json'
For more information check: https://developer.mozilla.org/en-US/docs/Web/HTTP/Status/403",2026-07-17T11:50:59.385747
combat,bd6t531237q,,failed,0,0,,http_manifest,known,403,manifest,"Client error '403 ' for url 'https://openapiproext.bnf.fr/iiif/presentation/v3/ark:/12148/bd6t531237q/manifest.json'
For more information check: https://developer.mozilla.org/en-US/docs/Web/HTTP/Status/403",2026-07-17T11:51:00.654357
combat,bd6t5312382,,failed,0,0,,http_manifest,known,403,manifest,"Client error '403 ' for url 'https://openapiproext.bnf.fr/iiif/presentation/v3/ark:/12148/bd6t5312382/manifest.json'
For more information check: https://developer.mozilla.org/en-US/docs/Web/HTTP/Status/403",2026-07-17T11:51:01.699640
combat,bd6t531239d,,failed,0,0,,http_manifest,known,403,manifest,"Client error '403 ' for url 'https://openapiproext.bnf.fr/iiif/presentation/v3/ark:/12148/bd6t531239d/manifest.json'
For more information check: https://developer.mozilla.org/en-US/docs/Web/HTTP/Status/403",2026-07-17T11:51:02.944223
combat,bd6t531240m,,failed,0,0,,http_manifest,known,403,manifest,"Client error '403 ' for url 'https://openapiproext.bnf.fr/iiif/presentation/v3/ark:/12148/bd6t531240m/manifest.json'
For more information check: https://developer.mozilla.org/en-US/docs/Web/HTTP/Status/403",2026-07-17T11:51:04.259452
combat,bd6t531241z,,failed,0,0,,http_manifest,known,403,manifest,"Client error '403 ' for url 'https://openapiproext.bnf.fr/iiif/presentation/v3/ark:/12148/bd6t531241z/manifest.json'
For more information check: https://developer.mozilla.org/en-US/docs/Web/HTTP/Status/403",2026-07-17T11:51:05.389746
combat,bd6t5312429,,failed,0,0,,http_manifest,known,403,manifest,"Client error '403 ' for url 'https://openapiproext.bnf.fr/iiif/presentation/v3/ark:/12148/bd6t5312429/manifest.json'
For more information check: https://developer.mozilla.org/en-US/docs/Web/HTTP/Status/403",2026-07-17T11:51:06.503135
combat,bd6t531243n,,failed,0,0,,http_manifest,known,403,manifest,"Client error '403 ' for url 'https://openapiproext.bnf.fr/iiif/presentation/v3/ark:/12148/bd6t531243n/manifest.json'
For more information check: https://developer.mozilla.org/en-US/docs/Web/HTTP/Status/403",2026-07-17T11:51:07.703722
combat,bd6t5312440,,failed,0,0,,http_manifest,known,403,manifest,"Client error '403 ' for url 'https://openapiproext.bnf.fr/iiif/presentation/v3/ark:/12148/bd6t5312440/manifest.json'
For more information check: https://developer.mozilla.org/en-US/docs/Web/HTTP/Status/403",2026-07-17T11:51:08.913956
combat,bd6t531245b,,failed,0,0,,http_manifest,known,403,manifest,"Client error '403 ' for url 'https://openapiproext.bnf.fr/iiif/presentation/v3/ark:/12148/bd6t531245b/manifest.json'
For more information check: https://developer.mozilla.org/en-US/docs/Web/HTTP/Status/403",2026-07-17T11:51:10.155995
combat,bd6t531246p,,failed,0,0,,http_manifest,known,403,manifest,"Client error '403 ' for url 'https://openapiproext.bnf.fr/iiif/presentation/v3/ark:/12148/bd6t531246p/manifest.json'
For more information check: https://developer.mozilla.org/en-US/docs/Web/HTTP/Status/403",2026-07-17T11:51:11.359035
combat,bd6t5312471,,failed,0,0,,http_manifest,known,403,manifest,"Client error '403 ' for url 'https://openapiproext.bnf.fr/iiif/presentation/v3/ark:/12148/bd6t5312471/manifest.json'
For more information check: https://developer.mozilla.org/en-US/docs/Web/HTTP/Status/403",2026-07-17T11:51:12.511327
combat,bd6t531248c,,failed,0,0,,http_manifest,known,403,manifest,"Client error '403 ' for url 'https://openapiproext.bnf.fr/iiif/presentation/v3/ark:/12148/bd6t531248c/manifest.json'
For more information check: https://developer.mozilla.org/en-US/docs/Web/HTTP/Status/403",2026-07-17T11:51:13.816911
combat,bd6t531249q,,failed,0,0,,http_manifest,known,403,manifest,"Client error '403 ' for url 'https://openapiproext.bnf.fr/iiif/presentation/v3/ark:/12148/bd6t531249q/manifest.json'
For more information check: https://developer.mozilla.org/en-US/docs/Web/HTTP/Status/403",2026-07-17T11:51:15.097657
combat,bd6t531250x,,failed,0,0,,http_manifest,known,403,manifest,"Client error '403 ' for url 'https://openapiproext.bnf.fr/iiif/presentation/v3/ark:/12148/bd6t531250x/manifest.json'
For more information check: https://developer.mozilla.org/en-US/docs/Web/HTTP/Status/403",2026-07-17T11:51:16.356166
combat,bd6t5312518,,failed,0,0,,http_manifest,known,403,manifest,"Client error '403 ' for url 'https://openapiproext.bnf.fr/iiif/presentation/v3/ark:/12148/bd6t5312518/manifest.json'
For more information check: https://developer.mozilla.org/en-US/docs/Web/HTTP/Status/403",2026-07-17T11:51:17.488637
combat,bd6t531252m,,failed,0,0,,http_manifest,known,403,manifest,"Client error '403 ' for url 'https://openapiproext.bnf.fr/iiif/presentation/v3/ark:/12148/bd6t531252m/manifest.json'
For more information check: https://developer.mozilla.org/en-US/docs/Web/HTTP/Status/403",2026-07-17T11:51:18.535377
combat,bd6t531253z,,failed,0,0,,http_manifest,known,403,manifest,"Client error '403 ' for url 'https://openapiproext.bnf.fr/iiif/presentation/v3/ark:/12148/bd6t531253z/manifest.json'
For more information check: https://developer.mozilla.org/en-US/docs/Web/HTTP/Status/403",2026-07-17T11:51:19.745618
combat,bd6t5312549,,failed,0,0,,http_manifest,known,403,manifest,"Client error '403 ' for url 'https://openapiproext.bnf.fr/iiif/presentation/v3/ark:/12148/bd6t5312549/manifest.json'
For more information check: https://developer.mozilla.org/en-US/docs/Web/HTTP/Status/403",2026-07-17T11:51:20.919888
combat,bd6t531255n,,failed,0,0,,http_manifest,known,403,manifest,"Client error '403 ' for url 'https://openapiproext.bnf.fr/iiif/presentation/v3/ark:/12148/bd6t531255n/manifest.json'
For more information check: https://developer.mozilla.org/en-US/docs/Web/HTTP/Status/403",2026-07-17T11:51:22.231860
combat,bd6t5312560,,failed,0,0,,http_manifest,known,403,manifest,"Client error '403 ' for url 'https://openapiproext.bnf.fr/iiif/presentation/v3/ark:/12148/bd6t5312560/manifest.json'
For more information check: https://developer.mozilla.org/en-US/docs/Web/HTTP/Status/403",2026-07-17T11:51:23.342265
combat,bd6t531257b,,failed,0,0,,http_manifest,known,403,manifest,"Client error '403 ' for url 'https://openapiproext.bnf.fr/iiif/presentation/v3/ark:/12148/bd6t531257b/manifest.json'
For more information check: https://developer.mozilla.org/en-US/docs/Web/HTTP/Status/403",2026-07-17T11:51:24.532553
combat,bd6t531258p,,failed,0,0,,http_manifest,known,403,manifest,"Client error '403 ' for url 'https://openapiproext.bnf.fr/iiif/presentation/v3/ark:/12148/bd6t531258p/manifest.json'
For more information check: https://developer.mozilla.org/en-US/docs/Web/HTTP/Status/403",2026-07-17T11:51:25.732334
combat,bd6t5312591,,failed,0,0,,http_manifest,known,403,manifest,"Client error '403 ' for url 'https://openapiproext.bnf.fr/iiif/presentation/v3/ark:/12148/bd6t5312591/manifest.json'
For more information check: https://developer.mozilla.org/en-US/docs/Web/HTTP/Status/403",2026-07-17T11:51:26.931667
combat,bd6t5312607,,failed,0,0,,http_manifest,known,403,manifest,"Client error '403 ' for url 'https://openapiproext.bnf.fr/iiif/presentation/v3/ark:/12148/bd6t5312607/manifest.json'
For more information check: https://developer.mozilla.org/en-US/docs/Web/HTTP/Status/403",2026-07-17T11:51:28.133300
combat,bd6t531261k,,failed,0,0,,http_manifest,known,403,manifest,"Client error '403 ' for url 'https://openapiproext.bnf.fr/iiif/presentation/v3/ark:/12148/bd6t531261k/manifest.json'
For more information check: https://developer.mozilla.org/en-US/docs/Web/HTTP/Status/403",2026-07-17T11:51:29.346041
combat,bd6t531262x,,failed,0,0,,http_manifest,known,403,manifest,"Client error '403 ' for url 'https://openapiproext.bnf.fr/iiif/presentation/v3/ark:/12148/bd6t531262x/manifest.json'
For more information check: https://developer.mozilla.org/en-US/docs/Web/HTTP/Status/403",2026-07-17T11:51:30.536096
combat,bd6t5312638,,failed,0,0,,http_manifest,known,403,manifest,"Client error '403 ' for url 'https://openapiproext.bnf.fr/iiif/presentation/v3/ark:/12148/bd6t5312638/manifest.json'
For more information check: https://developer.mozilla.org/en-US/docs/Web/HTTP/Status/403",2026-07-17T11:51:31.752374
combat,bd6t531264m,,failed,0,0,,http_manifest,known,403,manifest,"Client error '403 ' for url 'https://openapiproext.bnf.fr/iiif/presentation/v3/ark:/12148/bd6t531264m/manifest.json'
For more information check: https://developer.mozilla.org/en-US/docs/Web/HTTP/Status/403",2026-07-17T11:51:32.941319
combat,bd6t531265z,,failed,0,0,,http_manifest,known,403,manifest,"Client error '403 ' for url 'https://openapiproext.bnf.fr/iiif/presentation/v3/ark:/12148/bd6t531265z/manifest.json'
For more information check: https://developer.mozilla.org/en-US/docs/Web/HTTP/Status/403",2026-07-17T11:51:34.141217
combat,bd6t5312669,,failed,0,0,,http_manifest,known,403,manifest,"Client error '403 ' for url 'https://openapiproext.bnf.fr/iiif/presentation/v3/ark:/12148/bd6t5312669/manifest.json'
For more information check: https://developer.mozilla.org/en-US/docs/Web/HTTP/Status/403",2026-07-17T11:51:35.345005
combat,bd6t531267n,,failed,0,0,,http_manifest,known,403,manifest,"Client error '403 ' for url 'https://openapiproext.bnf.fr/iiif/presentation/v3/ark:/12148/bd6t531267n/manifest.json'
For more information check: https://developer.mozilla.org/en-US/docs/Web/HTTP/Status/403",2026-07-17T11:51:36.545183
combat,bd6t5312680,,failed,0,0,,http_manifest,known,403,manifest,"Client error '403 ' for url 'https://openapiproext.bnf.fr/iiif/presentation/v3/ark:/12148/bd6t5312680/manifest.json'
For more information check: https://developer.mozilla.org/en-US/docs/Web/HTTP/Status/403",2026-07-17T11:51:37.773731
combat,bd6t531269b,,failed,0,0,,http_manifest,known,403,manifest,"Client error '403 ' for url 'https://openapiproext.bnf.fr/iiif/presentation/v3/ark:/12148/bd6t531269b/manifest.json'
For more information check: https://developer.mozilla.org/en-US/docs/Web/HTTP/Status/403",2026-07-17T11:51:38.948247
combat,bd6t531270j,,failed,0,0,,http_manifest,known,403,manifest,"Client error '403 ' for url 'https://openapiproext.bnf.fr/iiif/presentation/v3/ark:/12148/bd6t531270j/manifest.json'
For more information check: https://developer.mozilla.org/en-US/docs/Web/HTTP/Status/403",2026-07-17T11:51:40.149978
combat,bd6t531271w,,failed,0,0,,http_manifest,known,403,manifest,"Client error '403 ' for url 'https://openapiproext.bnf.fr/iiif/presentation/v3/ark:/12148/bd6t531271w/manifest.json'
For more information check: https://developer.mozilla.org/en-US/docs/Web/HTTP/Status/403",2026-07-17T11:51:41.355281
combat,bd6t5312727,,failed,0,0,,http_manifest,known,403,manifest,"Client error '403 ' for url 'https://openapiproext.bnf.fr/iiif/presentation/v3/ark:/12148/bd6t5312727/manifest.json'
For more information check: https://developer.mozilla.org/en-US/docs/Web/HTTP/Status/403",2026-07-17T11:51:42.556291
combat,bd6t531273k,,failed,0,0,,http_manifest,known,403,manifest,"Client error '403 ' for url 'https://openapiproext.bnf.fr/iiif/presentation/v3/ark:/12148/bd6t531273k/manifest.json'
For more information check: https://developer.mozilla.org/en-US/docs/Web/HTTP/Status/403",2026-07-17T11:51:43.755168
combat,bd6t531274x,,failed,0,0,,http_manifest,known,403,manifest,"Client error '403 ' for url 'https://openapiproext.bnf.fr/iiif/presentation/v3/ark:/12148/bd6t531274x/manifest.json'
For more information check: https://developer.mozilla.org/en-US/docs/Web/HTTP/Status/403",2026-07-17T11:51:44.956628
combat,bd6t5312758,,failed,0,0,,http_manifest,known,403,manifest,"Client error '403 ' for url 'https://openapiproext.bnf.fr/iiif/presentation/v3/ark:/12148/bd6t5312758/manifest.json'
For more information check: https://developer.mozilla.org/en-US/docs/Web/HTTP/Status/403",2026-07-17T11:51:46.160966
combat,bd6t531276m,,failed,0,0,,http_manifest,known,403,manifest,"Client error '403 ' for url 'https://openapiproext.bnf.fr/iiif/presentation/v3/ark:/12148/bd6t531276m/manifest.json'
For more information check: https://developer.mozilla.org/en-US/docs/Web/HTTP/Status/403",2026-07-17T11:51:47.356187
combat,bd6t531277z,,failed,0,0,,http_manifest,known,403,manifest,"Client error '403 ' for url 'https://openapiproext.bnf.fr/iiif/presentation/v3/ark:/12148/bd6t531277z/manifest.json'
For more information check: https://developer.mozilla.org/en-US/docs/Web/HTTP/Status/403",2026-07-17T11:51:48.562554
combat,bd6t5312789,,failed,0,0,,http_manifest,known,403,manifest,"Client error '403 ' for url 'https://openapiproext.bnf.fr/iiif/presentation/v3/ark:/12148/bd6t5312789/manifest.json'
For more information check: https://developer.mozilla.org/en-US/docs/Web/HTTP/Status/403",2026-07-17T11:51:49.783016
combat,bd6t531279n,,failed,0,0,,http_manifest,known,403,manifest,"Client error '403 ' for url 'https://openapiproext.bnf.fr/iiif/presentation/v3/ark:/12148/bd6t531279n/manifest.json'
For more information check: https://developer.mozilla.org/en-US/docs/Web/HTTP/Status/403",2026-07-17T11:51:50.964465
combat,bd6t531280v,,failed,0,0,,http_manifest,known,403,manifest,"Client error '403 ' for url 'https://openapiproext.bnf.fr/iiif/presentation/v3/ark:/12148/bd6t531280v/manifest.json'
For more information check: https://developer.mozilla.org/en-US/docs/Web/HTTP/Status/403",2026-07-17T11:51:52.176100
combat,bd6t5312816,,failed,0,0,,http_manifest,known,403,manifest,"Client error '403 ' for url 'https://openapiproext.bnf.fr/iiif/presentation/v3/ark:/12148/bd6t5312816/manifest.json'
For more information check: https://developer.mozilla.org/en-US/docs/Web/HTTP/Status/403",2026-07-17T11:51:53.369468
combat,bd6t531282j,,failed,0,0,,http_manifest,known,403,manifest,"Client error '403 ' for url 'https://openapiproext.bnf.fr/iiif/presentation/v3/ark:/12148/bd6t531282j/manifest.json'
For more information check: https://developer.mozilla.org/en-US/docs/Web/HTTP/Status/403",2026-07-17T11:51:54.569089
combat,bd6t531283w,,failed,0,0,,http_manifest,known,403,manifest,"Client error '403 ' for url 'https://openapiproext.bnf.fr/iiif/presentation/v3/ark:/12148/bd6t531283w/manifest.json'
For more information check: https://developer.mozilla.org/en-US/docs/Web/HTTP/Status/403",2026-07-17T11:51:55.773198
combat,bd6t5312847,,failed,0,0,,http_manifest,known,403,manifest,"Client error '403 ' for url 'https://openapiproext.bnf.fr/iiif/presentation/v3/ark:/12148/bd6t5312847/manifest.json'
For more information check: https://developer.mozilla.org/en-US/docs/Web/HTTP/Status/403",2026-07-17T11:51:56.977237
combat,bd6t531285k,,failed,0,0,,http_manifest,known,403,manifest,"Client error '403 ' for url 'https://openapiproext.bnf.fr/iiif/presentation/v3/ark:/12148/bd6t531285k/manifest.json'
For more information check: https://developer.mozilla.org/en-US/docs/Web/HTTP/Status/403",2026-07-17T11:51:58.178611
combat,bd6t531286x,,failed,0,0,,http_manifest,known,403,manifest,"Client error '403 ' for url 'https://openapiproext.bnf.fr/iiif/presentation/v3/ark:/12148/bd6t531286x/manifest.json'
For more information check: https://developer.mozilla.org/en-US/docs/Web/HTTP/Status/403",2026-07-17T11:51:59.390876
combat,bd6t5312878,,failed,0,0,,http_manifest,known,403,manifest,"Client error '403 ' for url 'https://openapiproext.bnf.fr/iiif/presentation/v3/ark:/12148/bd6t5312878/manifest.json'
For more information check: https://developer.mozilla.org/en-US/docs/Web/HTTP/Status/403",2026-07-17T11:52:00.580941
combat,bd6t531288m,,failed,0,0,,http_manifest,known,403,manifest,"Client error '403 ' for url 'https://openapiproext.bnf.fr/iiif/presentation/v3/ark:/12148/bd6t531288m/manifest.json'
For more information check: https://developer.mozilla.org/en-US/docs/Web/HTTP/Status/403",2026-07-17T11:52:01.826056
combat,bd6t531289z,,failed,0,0,,http_manifest,known,403,manifest,"Client error '403 ' for url 'https://openapiproext.bnf.fr/iiif/presentation/v3/ark:/12148/bd6t531289z/manifest.json'
For more information check: https://developer.mozilla.org/en-US/docs/Web/HTTP/Status/403",2026-07-17T11:52:02.987035
combat,bd6t5312905,,failed,0,0,,http_manifest,known,403,manifest,"Client error '403 ' for url 'https://openapiproext.bnf.fr/iiif/presentation/v3/ark:/12148/bd6t5312905/manifest.json'
For more information check: https://developer.mozilla.org/en-US/docs/Web/HTTP/Status/403",2026-07-17T11:52:04.184561
combat,bd6t531291h,,failed,0,0,,http_manifest,known,403,manifest,"Client error '403 ' for url 'https://openapiproext.bnf.fr/iiif/presentation/v3/ark:/12148/bd6t531291h/manifest.json'
For more information check: https://developer.mozilla.org/en-US/docs/Web/HTTP/Status/403",2026-07-17T11:52:05.387356
combat,bd6t531292v,,failed,0,0,,http_manifest,known,403,manifest,"Client error '403 ' for url 'https://openapiproext.bnf.fr/iiif/presentation/v3/ark:/12148/bd6t531292v/manifest.json'
For more information check: https://developer.mozilla.org/en-US/docs/Web/HTTP/Status/403",2026-07-17T11:52:06.588536
combat,bd6t5312936,,failed,0,0,,http_manifest,known,403,manifest,"Client error '403 ' for url 'https://openapiproext.bnf.fr/iiif/presentation/v3/ark:/12148/bd6t5312936/manifest.json'
For more information check: https://developer.mozilla.org/en-US/docs/Web/HTTP/Status/403",2026-07-17T11:52:07.895525
combat,bd6t531294j,,failed,0,0,,http_manifest,known,403,manifest,"Client error '403 ' for url 'https://openapiproext.bnf.fr/iiif/presentation/v3/ark:/12148/bd6t531294j/manifest.json'
For more information check: https://developer.mozilla.org/en-US/docs/Web/HTTP/Status/403",2026-07-17T11:52:09.040592
combat,bd6t531295w,,failed,0,0,,http_manifest,known,403,manifest,"Client error '403 ' for url 'https://openapiproext.bnf.fr/iiif/presentation/v3/ark:/12148/bd6t531295w/manifest.json'
For more information check: https://developer.mozilla.org/en-US/docs/Web/HTTP/Status/403",2026-07-17T11:52:10.379403
combat,bd6t5312967,,failed,0,0,,http_manifest,known,403,manifest,"Client error '403 ' for url 'https://openapiproext.bnf.fr/iiif/presentation/v3/ark:/12148/bd6t5312967/manifest.json'
For more information check: https://developer.mozilla.org/en-US/docs/Web/HTTP/Status/403",2026-07-17T11:52:11.651661
combat,bd6t531297k,,failed,0,0,,http_manifest,known,403,manifest,"Client error '403 ' for url 'https://openapiproext.bnf.fr/iiif/presentation/v3/ark:/12148/bd6t531297k/manifest.json'
For more information check: https://developer.mozilla.org/en-US/docs/Web/HTTP/Status/403",2026-07-17T11:52:12.776676
combat,bd6t531298x,,failed,0,0,,http_manifest,known,403,manifest,"Client error '403 ' for url 'https://openapiproext.bnf.fr/iiif/presentation/v3/ark:/12148/bd6t531298x/manifest.json'
For more information check: https://developer.mozilla.org/en-US/docs/Web/HTTP/Status/403",2026-07-17T11:52:14.088653
combat,bd6t5312998,,failed,0,0,,http_manifest,known,403,manifest,"Client error '403 ' for url 'https://openapiproext.bnf.fr/iiif/presentation/v3/ark:/12148/bd6t5312998/manifest.json'
For more information check: https://developer.mozilla.org/en-US/docs/Web/HTTP/Status/403",2026-07-17T11:52:15.084615
combat,bd6t531300n,,failed,0,0,,http_manifest,known,403,manifest,"Client error '403 ' for url 'https://openapiproext.bnf.fr/iiif/presentation/v3/ark:/12148/bd6t531300n/manifest.json'
For more information check: https://developer.mozilla.org/en-US/docs/Web/HTTP/Status/403",2026-07-17T11:52:16.424559
combat,bd6t5313010,,failed,0,0,,http_manifest,known,403,manifest,"Client error '403 ' for url 'https://openapiproext.bnf.fr/iiif/presentation/v3/ark:/12148/bd6t5313010/manifest.json'
For more information check: https://developer.mozilla.org/en-US/docs/Web/HTTP/Status/403",2026-07-17T11:52:17.547470
combat,bd6t531302b,,failed,0,0,,http_manifest,known,403,manifest,"Client error '403 ' for url 'https://openapiproext.bnf.fr/iiif/presentation/v3/ark:/12148/bd6t531302b/manifest.json'
For more information check: https://developer.mozilla.org/en-US/docs/Web/HTTP/Status/403",2026-07-17T11:52:18.706613
combat,bd6t531303p,,failed,0,0,,http_manifest,known,403,manifest,"Client error '403 ' for url 'https://openapiproext.bnf.fr/iiif/presentation/v3/ark:/12148/bd6t531303p/manifest.json'
For more information check: https://developer.mozilla.org/en-US/docs/Web/HTTP/Status/403",2026-07-17T11:52:19.810862
combat,bd6t529772b,,failed,0,0,,http_manifest,known,403,manifest,"Client error '403 ' for url 'https://openapiproext.bnf.fr/iiif/presentation/v3/ark:/12148/bd6t529772b/manifest.json'
For more information check: https://developer.mozilla.org/en-US/docs/Web/HTTP/Status/403",2026-07-17T11:52:21.012698
combat,bd6t529773p,,failed,0,0,,http_manifest,known,403,manifest,"Client error '403 ' for url 'https://openapiproext.bnf.fr/iiif/presentation/v3/ark:/12148/bd6t529773p/manifest.json'
For more information check: https://developer.mozilla.org/en-US/docs/Web/HTTP/Status/403",2026-07-17T11:52:22.213326
combat,bd6t5297741,,failed,0,0,,http_manifest,known,403,manifest,"Client error '403 ' for url 'https://openapiproext.bnf.fr/iiif/presentation/v3/ark:/12148/bd6t5297741/manifest.json'
For more information check: https://developer.mozilla.org/en-US/docs/Web/HTTP/Status/403",2026-07-17T11:52:23.413707
combat,bd6t529775c,,failed,0,0,,http_manifest,known,403,manifest,"Client error '403 ' for url 'https://openapiproext.bnf.fr/iiif/presentation/v3/ark:/12148/bd6t529775c/manifest.json'
For more information check: https://developer.mozilla.org/en-US/docs/Web/HTTP/Status/403",2026-07-17T11:52:24.611429
combat,bd6t529776q,,failed,0,0,,http_manifest,known,403,manifest,"Client error '403 ' for url 'https://openapiproext.bnf.fr/iiif/presentation/v3/ark:/12148/bd6t529776q/manifest.json'
For more information check: https://developer.mozilla.org/en-US/docs/Web/HTTP/Status/403",2026-07-17T11:52:25.819140
combat,bd6t5297772,,failed,0,0,,http_manifest,known,403,manifest,"Client error '403 ' for url 'https://openapiproext.bnf.fr/iiif/presentation/v3/ark:/12148/bd6t5297772/manifest.json'
For more information check: https://developer.mozilla.org/en-US/docs/Web/HTTP/Status/403",2026-07-17T11:52:27.040304
combat,bd6t529778d,,failed,0,0,,http_manifest,known,403,manifest,"Client error '403 ' for url 'https://openapiproext.bnf.fr/iiif/presentation/v3/ark:/12148/bd6t529778d/manifest.json'
For more information check: https://developer.mozilla.org/en-US/docs/Web/HTTP/Status/403",2026-07-17T11:52:28.217228
combat,bd6t529779r,,failed,0,0,,http_manifest,known,403,manifest,"Client error '403 ' for url 'https://openapiproext.bnf.fr/iiif/presentation/v3/ark:/12148/bd6t529779r/manifest.json'
For more information check: https://developer.mozilla.org/en-US/docs/Web/HTTP/Status/403",2026-07-17T11:52:29.419198
combat,bd6t529780z,,failed,0,0,,http_manifest,known,403,manifest,"Client error '403 ' for url 'https://openapiproext.bnf.fr/iiif/presentation/v3/ark:/12148/bd6t529780z/manifest.json'
For more information check: https://developer.mozilla.org/en-US/docs/Web/HTTP/Status/403",2026-07-17T11:52:30.621409
combat,bd6t5297819,,failed,0,0,,http_manifest,known,403,manifest,"Client error '403 ' for url 'https://openapiproext.bnf.fr/iiif/presentation/v3/ark:/12148/bd6t5297819/manifest.json'
For more information check: https://developer.mozilla.org/en-US/docs/Web/HTTP/Status/403",2026-07-17T11:52:31.824279
combat,bd6t529782n,,failed,0,0,,http_manifest,known,403,manifest,"Client error '403 ' for url 'https://openapiproext.bnf.fr/iiif/presentation/v3/ark:/12148/bd6t529782n/manifest.json'
For more information check: https://developer.mozilla.org/en-US/docs/Web/HTTP/Status/403",2026-07-17T11:52:33.030731
combat,bd6t5297830,,failed,0,0,,http_manifest,known,403,manifest,"Client error '403 ' for url 'https://openapiproext.bnf.fr/iiif/presentation/v3/ark:/12148/bd6t5297830/manifest.json'
For more information check: https://developer.mozilla.org/en-US/docs/Web/HTTP/Status/403",2026-07-17T11:52:34.225460
combat,bd6t529784b,,failed,0,0,,http_manifest,known,403,manifest,"Client error '403 ' for url 'https://openapiproext.bnf.fr/iiif/presentation/v3/ark:/12148/bd6t529784b/manifest.json'
For more information check: https://developer.mozilla.org/en-US/docs/Web/HTTP/Status/403",2026-07-17T11:52:35.429978
combat,bd6t529785p,,failed,0,0,,http_manifest,known,403,manifest,"Client error '403 ' for url 'https://openapiproext.bnf.fr/iiif/presentation/v3/ark:/12148/bd6t529785p/manifest.json'
For more information check: https://developer.mozilla.org/en-US/docs/Web/HTTP/Status/403",2026-07-17T11:52:36.630634
combat,bd6t5297861,,failed,0,0,,http_manifest,known,403,manifest,"Client error '403 ' for url 'https://openapiproext.bnf.fr/iiif/presentation/v3/ark:/12148/bd6t5297861/manifest.json'
For more information check: https://developer.mozilla.org/en-US/docs/Web/HTTP/Status/403",2026-07-17T11:52:37.829266
combat,bd6t529787c,,failed,0,0,,http_manifest,known,403,manifest,"Client error '403 ' for url 'https://openapiproext.bnf.fr/iiif/presentation/v3/ark:/12148/bd6t529787c/manifest.json'
For more information check: https://developer.mozilla.org/en-US/docs/Web/HTTP/Status/403",2026-07-17T11:52:39.055476
combat,bd6t529788q,,failed,0,0,,http_manifest,known,403,manifest,"Client error '403 ' for url 'https://openapiproext.bnf.fr/iiif/presentation/v3/ark:/12148/bd6t529788q/manifest.json'
For more information check: https://developer.mozilla.org/en-US/docs/Web/HTTP/Status/403",2026-07-17T11:52:40.233767
combat,bd6t5297892,,failed,0,0,,http_manifest,known,403,manifest,"Client error '403 ' for url 'https://openapiproext.bnf.fr/iiif/presentation/v3/ark:/12148/bd6t5297892/manifest.json'
For more information check: https://developer.mozilla.org/en-US/docs/Web/HTTP/Status/403",2026-07-17T11:52:41.441391
combat,bd6t5297908,,failed,0,0,,http_manifest,known,403,manifest,"Client error '403 ' for url 'https://openapiproext.bnf.fr/iiif/presentation/v3/ark:/12148/bd6t5297908/manifest.json'
For more information check: https://developer.mozilla.org/en-US/docs/Web/HTTP/Status/403",2026-07-17T11:52:42.644521
combat,bd6t529791m,,failed,0,0,,http_manifest,known,403,manifest,"Client error '403 ' for url 'https://openapiproext.bnf.fr/iiif/presentation/v3/ark:/12148/bd6t529791m/manifest.json'
For more information check: https://developer.mozilla.org/en-US/docs/Web/HTTP/Status/403",2026-07-17T11:52:43.842029
combat,bd6t529792z,,failed,0,0,,http_manifest,known,403,manifest,"Client error '403 ' for url 'https://openapiproext.bnf.fr/iiif/presentation/v3/ark:/12148/bd6t529792z/manifest.json'
For more information check: https://developer.mozilla.org/en-US/docs/Web/HTTP/Status/403",2026-07-17T11:52:45.078205
combat,bd6t5297939,,failed,0,0,,http_manifest,known,403,manifest,"Client error '403 ' for url 'https://openapiproext.bnf.fr/iiif/presentation/v3/ark:/12148/bd6t5297939/manifest.json'
For more information check: https://developer.mozilla.org/en-US/docs/Web/HTTP/Status/403",2026-07-17T11:52:46.248340
combat,bd6t529794n,,failed,0,0,,http_manifest,known,403,manifest,"Client error '403 ' for url 'https://openapiproext.bnf.fr/iiif/presentation/v3/ark:/12148/bd6t529794n/manifest.json'
For more information check: https://developer.mozilla.org/en-US/docs/Web/HTTP/Status/403",2026-07-17T11:52:47.451698
combat,bd6t5297950,,failed,0,0,,http_manifest,known,403,manifest,"Client error '403 ' for url 'https://openapiproext.bnf.fr/iiif/presentation/v3/ark:/12148/bd6t5297950/manifest.json'
For more information check: https://developer.mozilla.org/en-US/docs/Web/HTTP/Status/403",2026-07-17T11:52:48.650585
combat,bd6t529796b,,failed,0,0,,http_manifest,known,403,manifest,"Client error '403 ' for url 'https://openapiproext.bnf.fr/iiif/presentation/v3/ark:/12148/bd6t529796b/manifest.json'
For more information check: https://developer.mozilla.org/en-US/docs/Web/HTTP/Status/403",2026-07-17T11:52:49.851892
combat,bd6t529797p,,failed,0,0,,http_manifest,known,403,manifest,"Client error '403 ' for url 'https://openapiproext.bnf.fr/iiif/presentation/v3/ark:/12148/bd6t529797p/manifest.json'
For more information check: https://developer.mozilla.org/en-US/docs/Web/HTTP/Status/403",2026-07-17T11:52:51.064491
combat,bd6t5297981,,failed,0,0,,http_manifest,known,403,manifest,"Client error '403 ' for url 'https://openapiproext.bnf.fr/iiif/presentation/v3/ark:/12148/bd6t5297981/manifest.json'
For more information check: https://developer.mozilla.org/en-US/docs/Web/HTTP/Status/403",2026-07-17T11:52:52.251819
combat,bd6t529799c,,failed,0,0,,http_manifest,known,403,manifest,"Client error '403 ' for url 'https://openapiproext.bnf.fr/iiif/presentation/v3/ark:/12148/bd6t529799c/manifest.json'
For more information check: https://developer.mozilla.org/en-US/docs/Web/HTTP/Status/403",2026-07-17T11:52:53.458092
combat,bd6t529800r,,failed,0,0,,http_manifest,known,403,manifest,"Client error '403 ' for url 'https://openapiproext.bnf.fr/iiif/presentation/v3/ark:/12148/bd6t529800r/manifest.json'
For more information check: https://developer.mozilla.org/en-US/docs/Web/HTTP/Status/403",2026-07-17T11:52:54.658760
combat,bd6t5298013,,failed,0,0,,http_manifest,known,403,manifest,"Client error '403 ' for url 'https://openapiproext.bnf.fr/iiif/presentation/v3/ark:/12148/bd6t5298013/manifest.json'
For more information check: https://developer.mozilla.org/en-US/docs/Web/HTTP/Status/403",2026-07-17T11:52:55.856520
combat,bd6t529802f,,failed,0,0,,http_manifest,known,403,manifest,"Client error '403 ' for url 'https://openapiproext.bnf.fr/iiif/presentation/v3/ark:/12148/bd6t529802f/manifest.json'
For more information check: https://developer.mozilla.org/en-US/docs/Web/HTTP/Status/403",2026-07-17T11:52:57.089459
combat,bd6t529803s,,failed,0,0,,http_manifest,known,403,manifest,"Client error '403 ' for url 'https://openapiproext.bnf.fr/iiif/presentation/v3/ark:/12148/bd6t529803s/manifest.json'
For more information check: https://developer.mozilla.org/en-US/docs/Web/HTTP/Status/403",2026-07-17T11:52:58.320266
combat,bd6t5298044,,failed,0,0,,http_manifest,known,403,manifest,"Client error '403 ' for url 'https://openapiproext.bnf.fr/iiif/presentation/v3/ark:/12148/bd6t5298044/manifest.json'
For more information check: https://developer.mozilla.org/en-US/docs/Web/HTTP/Status/403",2026-07-17T11:52:59.610977
combat,bd6t529805g,,failed,0,0,,http_manifest,known,403,manifest,"Client error '403 ' for url 'https://openapiproext.bnf.fr/iiif/presentation/v3/ark:/12148/bd6t529805g/manifest.json'
For more information check: https://developer.mozilla.org/en-US/docs/Web/HTTP/Status/403",2026-07-17T11:53:00.902467
combat,bd6t529806t,,failed,0,0,,http_manifest,known,403,manifest,"Client error '403 ' for url 'https://openapiproext.bnf.fr/iiif/presentation/v3/ark:/12148/bd6t529806t/manifest.json'
For more information check: https://developer.mozilla.org/en-US/docs/Web/HTTP/Status/403",2026-07-17T11:53:01.942464
combat,bd6t5298075,,failed,0,0,,http_manifest,known,403,manifest,"Client error '403 ' for url 'https://openapiproext.bnf.fr/iiif/presentation/v3/ark:/12148/bd6t5298075/manifest.json'
For more information check: https://developer.mozilla.org/en-US/docs/Web/HTTP/Status/403",2026-07-17T11:53:03.103514
combat,bd6t529808h,,failed,0,0,,http_manifest,known,403,manifest,"Client error '403 ' for url 'https://openapiproext.bnf.fr/iiif/presentation/v3/ark:/12148/bd6t529808h/manifest.json'
For more information check: https://developer.mozilla.org/en-US/docs/Web/HTTP/Status/403",2026-07-17T11:53:04.359272
combat,bd6t529809v,,failed,0,0,,http_manifest,known,403,manifest,"Client error '403 ' for url 'https://openapiproext.bnf.fr/iiif/presentation/v3/ark:/12148/bd6t529809v/manifest.json'
For more information check: https://developer.mozilla.org/en-US/docs/Web/HTTP/Status/403",2026-07-17T11:53:05.594924
combat,bd6t5298102,,failed,0,0,,http_manifest,known,403,manifest,"Client error '403 ' for url 'https://openapiproext.bnf.fr/iiif/presentation/v3/ark:/12148/bd6t5298102/manifest.json'
For more information check: https://developer.mozilla.org/en-US/docs/Web/HTTP/Status/403",2026-07-17T11:53:06.680560
combat,bd6t529811d,,failed,0,0,,http_manifest,known,403,manifest,"Client error '403 ' for url 'https://openapiproext.bnf.fr/iiif/presentation/v3/ark:/12148/bd6t529811d/manifest.json'
For more information check: https://developer.mozilla.org/en-US/docs/Web/HTTP/Status/403",2026-07-17T11:53:07.876019
combat,bd6t529812r,,failed,0,0,,http_manifest,known,403,manifest,"Client error '403 ' for url 'https://openapiproext.bnf.fr/iiif/presentation/v3/ark:/12148/bd6t529812r/manifest.json'
For more information check: https://developer.mozilla.org/en-US/docs/Web/HTTP/Status/403",2026-07-17T11:53:09.103139
combat,bd6t5298133,,failed,0,0,,http_manifest,known,403,manifest,"Client error '403 ' for url 'https://openapiproext.bnf.fr/iiif/presentation/v3/ark:/12148/bd6t5298133/manifest.json'
For more information check: https://developer.mozilla.org/en-US/docs/Web/HTTP/Status/403",2026-07-17T11:53:10.282554
combat,bd6t529814f,,failed,0,0,,http_manifest,known,403,manifest,"Client error '403 ' for url 'https://openapiproext.bnf.fr/iiif/presentation/v3/ark:/12148/bd6t529814f/manifest.json'
For more information check: https://developer.mozilla.org/en-US/docs/Web/HTTP/Status/403",2026-07-17T11:53:11.485531
combat,bd6t529815s,,failed,0,0,,http_manifest,known,403,manifest,"Client error '403 ' for url 'https://openapiproext.bnf.fr/iiif/presentation/v3/ark:/12148/bd6t529815s/manifest.json'
For more information check: https://developer.mozilla.org/en-US/docs/Web/HTTP/Status/403",2026-07-17T11:53:12.689297
combat,bd6t5298164,,failed,0,0,,http_manifest,known,403,manifest,"Client error '403 ' for url 'https://openapiproext.bnf.fr/iiif/presentation/v3/ark:/12148/bd6t5298164/manifest.json'
For more information check: https://developer.mozilla.org/en-US/docs/Web/HTTP/Status/403",2026-07-17T11:53:13.917202
combat,bd6t529817g,,failed,0,0,,http_manifest,known,403,manifest,"Client error '403 ' for url 'https://openapiproext.bnf.fr/iiif/presentation/v3/ark:/12148/bd6t529817g/manifest.json'
For more information check: https://developer.mozilla.org/en-US/docs/Web/HTTP/Status/403",2026-07-17T11:53:15.120009
combat,bd6t529818t,,failed,0,0,,http_manifest,known,403,manifest,"Client error '403 ' for url 'https://openapiproext.bnf.fr/iiif/presentation/v3/ark:/12148/bd6t529818t/manifest.json'
For more information check: https://developer.mozilla.org/en-US/docs/Web/HTTP/Status/403",2026-07-17T11:53:16.538852
combat,bd6t5298195,,failed,0,0,,http_manifest,known,403,manifest,"Client error '403 ' for url 'https://openapiproext.bnf.fr/iiif/presentation/v3/ark:/12148/bd6t5298195/manifest.json'
For more information check: https://developer.mozilla.org/en-US/docs/Web/HTTP/Status/403",2026-07-17T11:53:17.496025
combat,bd6t529820c,,failed,0,0,,http_manifest,known,403,manifest,"Client error '403 ' for url 'https://openapiproext.bnf.fr/iiif/presentation/v3/ark:/12148/bd6t529820c/manifest.json'
For more information check: https://developer.mozilla.org/en-US/docs/Web/HTTP/Status/403",2026-07-17T11:53:18.768728
combat,bd6t529821q,,failed,0,0,,http_manifest,known,403,manifest,"Client error '403 ' for url 'https://openapiproext.bnf.fr/iiif/presentation/v3/ark:/12148/bd6t529821q/manifest.json'
For more information check: https://developer.mozilla.org/en-US/docs/Web/HTTP/Status/403",2026-07-17T11:53:19.904068
combat,bd6t5298222,,failed,0,0,,http_manifest,known,403,manifest,"Client error '403 ' for url 'https://openapiproext.bnf.fr/iiif/presentation/v3/ark:/12148/bd6t5298222/manifest.json'
For more information check: https://developer.mozilla.org/en-US/docs/Web/HTTP/Status/403",2026-07-17T11:53:21.097698
combat,bd6t529823d,,failed,0,0,,http_manifest,known,403,manifest,"Client error '403 ' for url 'https://openapiproext.bnf.fr/iiif/presentation/v3/ark:/12148/bd6t529823d/manifest.json'
For more information check: https://developer.mozilla.org/en-US/docs/Web/HTTP/Status/403",2026-07-17T11:53:22.297555
combat,bd6t5300597,,failed,0,0,,http_manifest,known,403,manifest,"Client error '403 ' for url 'https://openapiproext.bnf.fr/iiif/presentation/v3/ark:/12148/bd6t5300597/manifest.json'
For more information check: https://developer.mozilla.org/en-US/docs/Web/HTTP/Status/403",2026-07-17T11:53:23.500206
combat,bd6t530060f,,failed,0,0,,http_manifest,known,403,manifest,"Client error '403 ' for url 'https://openapiproext.bnf.fr/iiif/presentation/v3/ark:/12148/bd6t530060f/manifest.json'
For more information check: https://developer.mozilla.org/en-US/docs/Web/HTTP/Status/403",2026-07-17T11:53:24.707614
combat,bd6t530061s,,failed,0,0,,http_manifest,known,403,manifest,"Client error '403 ' for url 'https://openapiproext.bnf.fr/iiif/presentation/v3/ark:/12148/bd6t530061s/manifest.json'
For more information check: https://developer.mozilla.org/en-US/docs/Web/HTTP/Status/403",2026-07-17T11:53:25.905191
combat,bd6t5300624,,failed,0,0,,http_manifest,known,403,manifest,"Client error '403 ' for url 'https://openapiproext.bnf.fr/iiif/presentation/v3/ark:/12148/bd6t5300624/manifest.json'
For more information check: https://developer.mozilla.org/en-US/docs/Web/HTTP/Status/403",2026-07-17T11:53:27.125082
combat,bd6t530063g,,failed,0,0,,http_manifest,known,403,manifest,"Client error '403 ' for url 'https://openapiproext.bnf.fr/iiif/presentation/v3/ark:/12148/bd6t530063g/manifest.json'
For more information check: https://developer.mozilla.org/en-US/docs/Web/HTTP/Status/403",2026-07-17T11:53:28.310297
combat,bd6t530064t,,failed,0,0,,http_manifest,known,403,manifest,"Client error '403 ' for url 'https://openapiproext.bnf.fr/iiif/presentation/v3/ark:/12148/bd6t530064t/manifest.json'
For more information check: https://developer.mozilla.org/en-US/docs/Web/HTTP/Status/403",2026-07-17T11:53:29.513180
combat,bd6t5300655,,failed,0,0,,http_manifest,known,403,manifest,"Client error '403 ' for url 'https://openapiproext.bnf.fr/iiif/presentation/v3/ark:/12148/bd6t5300655/manifest.json'
For more information check: https://developer.mozilla.org/en-US/docs/Web/HTTP/Status/403",2026-07-17T11:53:30.713050
combat,bd6t530066h,,failed,0,0,,http_manifest,known,403,manifest,"Client error '403 ' for url 'https://openapiproext.bnf.fr/iiif/presentation/v3/ark:/12148/bd6t530066h/manifest.json'
For more information check: https://developer.mozilla.org/en-US/docs/Web/HTTP/Status/403",2026-07-17T11:53:31.913477
combat,bd6t530067v,,failed,0,0,,http_manifest,known,403,manifest,"Client error '403 ' for url 'https://openapiproext.bnf.fr/iiif/presentation/v3/ark:/12148/bd6t530067v/manifest.json'
For more information check: https://developer.mozilla.org/en-US/docs/Web/HTTP/Status/403",2026-07-17T11:53:33.117465
combat,bd6t5300686,,failed,0,0,,http_manifest,known,403,manifest,"Client error '403 ' for url 'https://openapiproext.bnf.fr/iiif/presentation/v3/ark:/12148/bd6t5300686/manifest.json'
For more information check: https://developer.mozilla.org/en-US/docs/Web/HTTP/Status/403",2026-07-17T11:53:34.317470
combat,bd6t530069j,,failed,0,0,,http_manifest,known,403,manifest,"Client error '403 ' for url 'https://openapiproext.bnf.fr/iiif/presentation/v3/ark:/12148/bd6t530069j/manifest.json'
For more information check: https://developer.mozilla.org/en-US/docs/Web/HTTP/Status/403",2026-07-17T11:53:35.517530
combat,bd6t530070r,,failed,0,0,,http_manifest,known,403,manifest,"Client error '403 ' for url 'https://openapiproext.bnf.fr/iiif/presentation/v3/ark:/12148/bd6t530070r/manifest.json'
For more information check: https://developer.mozilla.org/en-US/docs/Web/HTTP/Status/403",2026-07-17T11:53:36.716349
combat,bd6t5300713,,failed,0,0,,http_manifest,known,403,manifest,"Client error '403 ' for url 'https://openapiproext.bnf.fr/iiif/presentation/v3/ark:/12148/bd6t5300713/manifest.json'
For more information check: https://developer.mozilla.org/en-US/docs/Web/HTTP/Status/403",2026-07-17T11:53:37.921373
combat,bd6t530072f,,failed,0,0,,http_manifest,known,403,manifest,"Client error '403 ' for url 'https://openapiproext.bnf.fr/iiif/presentation/v3/ark:/12148/bd6t530072f/manifest.json'
For more information check: https://developer.mozilla.org/en-US/docs/Web/HTTP/Status/403",2026-07-17T11:53:39.141583
combat,bd6t530073s,,failed,0,0,,http_manifest,known,403,manifest,"Client error '403 ' for url 'https://openapiproext.bnf.fr/iiif/presentation/v3/ark:/12148/bd6t530073s/manifest.json'
For more information check: https://developer.mozilla.org/en-US/docs/Web/HTTP/Status/403",2026-07-17T11:53:40.322958
combat,bd6t5300744,,failed,0,0,,http_manifest,known,403,manifest,"Client error '403 ' for url 'https://openapiproext.bnf.fr/iiif/presentation/v3/ark:/12148/bd6t5300744/manifest.json'
For more information check: https://developer.mozilla.org/en-US/docs/Web/HTTP/Status/403",2026-07-17T11:53:41.524608
combat,bd6t530075g,,failed,0,0,,http_manifest,known,403,manifest,"Client error '403 ' for url 'https://openapiproext.bnf.fr/iiif/presentation/v3/ark:/12148/bd6t530075g/manifest.json'
For more information check: https://developer.mozilla.org/en-US/docs/Web/HTTP/Status/403",2026-07-17T11:53:42.726652
combat,bd6t530076t,,failed,0,0,,http_manifest,known,403,manifest,"Client error '403 ' for url 'https://openapiproext.bnf.fr/iiif/presentation/v3/ark:/12148/bd6t530076t/manifest.json'
For more information check: https://developer.mozilla.org/en-US/docs/Web/HTTP/Status/403",2026-07-17T11:53:43.930443
combat,bd6t5300775,,failed,0,0,,http_manifest,known,403,manifest,"Client error '403 ' for url 'https://openapiproext.bnf.fr/iiif/presentation/v3/ark:/12148/bd6t5300775/manifest.json'
For more information check: https://developer.mozilla.org/en-US/docs/Web/HTTP/Status/403",2026-07-17T11:53:45.159409
combat,bd6t530078h,,failed,0,0,,http_manifest,known,403,manifest,"Client error '403 ' for url 'https://openapiproext.bnf.fr/iiif/presentation/v3/ark:/12148/bd6t530078h/manifest.json'
For more information check: https://developer.mozilla.org/en-US/docs/Web/HTTP/Status/403",2026-07-17T11:53:46.332993
combat,bd6t530079v,,failed,0,0,,http_manifest,known,403,manifest,"Client error '403 ' for url 'https://openapiproext.bnf.fr/iiif/presentation/v3/ark:/12148/bd6t530079v/manifest.json'
For more information check: https://developer.mozilla.org/en-US/docs/Web/HTTP/Status/403",2026-07-17T11:53:47.531229
combat,bd6t5300802,,failed,0,0,,http_manifest,known,403,manifest,"Client error '403 ' for url 'https://openapiproext.bnf.fr/iiif/presentation/v3/ark:/12148/bd6t5300802/manifest.json'
For more information check: https://developer.mozilla.org/en-US/docs/Web/HTTP/Status/403",2026-07-17T11:53:48.735190
combat,bd6t530081d,,failed,0,0,,http_manifest,known,403,manifest,"Client error '403 ' for url 'https://openapiproext.bnf.fr/iiif/presentation/v3/ark:/12148/bd6t530081d/manifest.json'
For more information check: https://developer.mozilla.org/en-US/docs/Web/HTTP/Status/403",2026-07-17T11:53:49.936452
combat,bd6t530082r,,failed,0,0,,http_manifest,known,403,manifest,"Client error '403 ' for url 'https://openapiproext.bnf.fr/iiif/presentation/v3/ark:/12148/bd6t530082r/manifest.json'
For more information check: https://developer.mozilla.org/en-US/docs/Web/HTTP/Status/403",2026-07-17T11:53:51.138220
combat,bd6t5300833,,failed,0,0,,http_manifest,known,403,manifest,"Client error '403 ' for url 'https://openapiproext.bnf.fr/iiif/presentation/v3/ark:/12148/bd6t5300833/manifest.json'
For more information check: https://developer.mozilla.org/en-US/docs/Web/HTTP/Status/403",2026-07-17T11:53:52.340406
combat,bd6t530084f,,failed,0,0,,http_manifest,known,403,manifest,"Client error '403 ' for url 'https://openapiproext.bnf.fr/iiif/presentation/v3/ark:/12148/bd6t530084f/manifest.json'
For more information check: https://developer.mozilla.org/en-US/docs/Web/HTTP/Status/403",2026-07-17T11:53:53.546460
combat,bd6t530085s,,failed,0,0,,http_manifest,known,403,manifest,"Client error '403 ' for url 'https://openapiproext.bnf.fr/iiif/presentation/v3/ark:/12148/bd6t530085s/manifest.json'
For more information check: https://developer.mozilla.org/en-US/docs/Web/HTTP/Status/403",2026-07-17T11:53:54.740739
combat,bd6t5300864,,failed,0,0,,http_manifest,known,403,manifest,"Client error '403 ' for url 'https://openapiproext.bnf.fr/iiif/presentation/v3/ark:/12148/bd6t5300864/manifest.json'
For more information check: https://developer.mozilla.org/en-US/docs/Web/HTTP/Status/403",2026-07-17T11:53:55.943704
combat,bd6t530087g,,failed,0,0,,http_manifest,known,403,manifest,"Client error '403 ' for url 'https://openapiproext.bnf.fr/iiif/presentation/v3/ark:/12148/bd6t530087g/manifest.json'
For more information check: https://developer.mozilla.org/en-US/docs/Web/HTTP/Status/403",2026-07-17T11:53:57.175296
combat,bd6t530088t,,failed,0,0,,http_manifest,known,403,manifest,"Client error '403 ' for url 'https://openapiproext.bnf.fr/iiif/presentation/v3/ark:/12148/bd6t530088t/manifest.json'
For more information check: https://developer.mozilla.org/en-US/docs/Web/HTTP/Status/403",2026-07-17T11:53:58.565995
combat,bd6t5300895,,failed,0,0,,http_manifest,known,403,manifest,"Client error '403 ' for url 'https://openapiproext.bnf.fr/iiif/presentation/v3/ark:/12148/bd6t5300895/manifest.json'
For more information check: https://developer.mozilla.org/en-US/docs/Web/HTTP/Status/403",2026-07-17T11:53:59.684267
combat,bd6t530090c,,failed,0,0,,http_manifest,known,403,manifest,"Client error '403 ' for url 'https://openapiproext.bnf.fr/iiif/presentation/v3/ark:/12148/bd6t530090c/manifest.json'
For more information check: https://developer.mozilla.org/en-US/docs/Web/HTTP/Status/403",2026-07-17T11:54:01.009687
combat,bd6t530091q,,failed,0,0,,http_manifest,known,403,manifest,"Client error '403 ' for url 'https://openapiproext.bnf.fr/iiif/presentation/v3/ark:/12148/bd6t530091q/manifest.json'
For more information check: https://developer.mozilla.org/en-US/docs/Web/HTTP/Status/403",2026-07-17T11:54:01.957502
combat,bd6t5300922,,failed,0,0,,http_manifest,known,403,manifest,"Client error '403 ' for url 'https://openapiproext.bnf.fr/iiif/presentation/v3/ark:/12148/bd6t5300922/manifest.json'
For more information check: https://developer.mozilla.org/en-US/docs/Web/HTTP/Status/403",2026-07-17T11:54:03.436582
combat,bd6t530093d,,failed,0,0,,http_manifest,known,403,manifest,"Client error '403 ' for url 'https://openapiproext.bnf.fr/iiif/presentation/v3/ark:/12148/bd6t530093d/manifest.json'
For more information check: https://developer.mozilla.org/en-US/docs/Web/HTTP/Status/403",2026-07-17T11:54:04.601331
combat,bd6t530094r,,failed,0,0,,http_manifest,known,403,manifest,"Client error '403 ' for url 'https://openapiproext.bnf.fr/iiif/presentation/v3/ark:/12148/bd6t530094r/manifest.json'
For more information check: https://developer.mozilla.org/en-US/docs/Web/HTTP/Status/403",2026-07-17T11:54:05.686872
combat,bd6t5300953,,failed,0,0,,http_manifest,known,403,manifest,"Client error '403 ' for url 'https://openapiproext.bnf.fr/iiif/presentation/v3/ark:/12148/bd6t5300953/manifest.json'
For more information check: https://developer.mozilla.org/en-US/docs/Web/HTTP/Status/403",2026-07-17T11:54:06.767562
combat,bd6t530096f,,failed,0,0,,http_manifest,known,403,manifest,"Client error '403 ' for url 'https://openapiproext.bnf.fr/iiif/presentation/v3/ark:/12148/bd6t530096f/manifest.json'
For more information check: https://developer.mozilla.org/en-US/docs/Web/HTTP/Status/403",2026-07-17T11:54:07.964816
combat,bd6t530097s,,failed,0,0,,http_manifest,known,403,manifest,"Client error '403 ' for url 'https://openapiproext.bnf.fr/iiif/presentation/v3/ark:/12148/bd6t530097s/manifest.json'
For more information check: https://developer.mozilla.org/en-US/docs/Web/HTTP/Status/403",2026-07-17T11:54:09.162438
combat,bd6t5300984,,failed,0,0,,http_manifest,known,403,manifest,"Client error '403 ' for url 'https://openapiproext.bnf.fr/iiif/presentation/v3/ark:/12148/bd6t5300984/manifest.json'
For more information check: https://developer.mozilla.org/en-US/docs/Web/HTTP/Status/403",2026-07-17T11:54:10.367037
combat,bd6t530099g,,failed,0,0,,http_manifest,known,403,manifest,"Client error '403 ' for url 'https://openapiproext.bnf.fr/iiif/presentation/v3/ark:/12148/bd6t530099g/manifest.json'
For more information check: https://developer.mozilla.org/en-US/docs/Web/HTTP/Status/403",2026-07-17T11:54:11.565048
combat,bd6t530100v,,failed,0,0,,http_manifest,known,403,manifest,"Client error '403 ' for url 'https://openapiproext.bnf.fr/iiif/presentation/v3/ark:/12148/bd6t530100v/manifest.json'
For more information check: https://developer.mozilla.org/en-US/docs/Web/HTTP/Status/403",2026-07-17T11:54:12.770064
combat,bd6t5301016,,failed,0,0,,http_manifest,known,403,manifest,"Client error '403 ' for url 'https://openapiproext.bnf.fr/iiif/presentation/v3/ark:/12148/bd6t5301016/manifest.json'
For more information check: https://developer.mozilla.org/en-US/docs/Web/HTTP/Status/403",2026-07-17T11:54:13.969409
combat,bd6t530102j,,failed,0,0,,http_manifest,known,403,manifest,"Client error '403 ' for url 'https://openapiproext.bnf.fr/iiif/presentation/v3/ark:/12148/bd6t530102j/manifest.json'
For more information check: https://developer.mozilla.org/en-US/docs/Web/HTTP/Status/403",2026-07-17T11:54:15.217507
combat,bd6t530103w,,failed,0,0,,http_manifest,known,403,manifest,"Client error '403 ' for url 'https://openapiproext.bnf.fr/iiif/presentation/v3/ark:/12148/bd6t530103w/manifest.json'
For more information check: https://developer.mozilla.org/en-US/docs/Web/HTTP/Status/403",2026-07-17T11:54:16.444476
combat,bd6t5301047,,failed,0,0,,http_manifest,known,403,manifest,"Client error '403 ' for url 'https://openapiproext.bnf.fr/iiif/presentation/v3/ark:/12148/bd6t5301047/manifest.json'
For more information check: https://developer.mozilla.org/en-US/docs/Web/HTTP/Status/403",2026-07-17T11:54:17.654519
combat,bd6t530105k,,failed,0,0,,http_manifest,known,403,manifest,"Client error '403 ' for url 'https://openapiproext.bnf.fr/iiif/presentation/v3/ark:/12148/bd6t530105k/manifest.json'
For more information check: https://developer.mozilla.org/en-US/docs/Web/HTTP/Status/403",2026-07-17T11:54:18.879239
combat,bd6t530106x,,failed,0,0,,http_manifest,known,403,manifest,"Client error '403 ' for url 'https://openapiproext.bnf.fr/iiif/presentation/v3/ark:/12148/bd6t530106x/manifest.json'
For more information check: https://developer.mozilla.org/en-US/docs/Web/HTTP/Status/403",2026-07-17T11:54:19.982711
combat,bd6t5301078,,failed,0,0,,http_manifest,known,403,manifest,"Client error '403 ' for url 'https://openapiproext.bnf.fr/iiif/presentation/v3/ark:/12148/bd6t5301078/manifest.json'
For more information check: https://developer.mozilla.org/en-US/docs/Web/HTTP/Status/403",2026-07-17T11:54:21.200227
combat,bd6t530108m,,failed,0,0,,http_manifest,known,403,manifest,"Client error '403 ' for url 'https://openapiproext.bnf.fr/iiif/presentation/v3/ark:/12148/bd6t530108m/manifest.json'
For more information check: https://developer.mozilla.org/en-US/docs/Web/HTTP/Status/403",2026-07-17T11:54:22.385537
combat,bd6t530109z,,failed,0,0,,http_manifest,known,403,manifest,"Client error '403 ' for url 'https://openapiproext.bnf.fr/iiif/presentation/v3/ark:/12148/bd6t530109z/manifest.json'
For more information check: https://developer.mozilla.org/en-US/docs/Web/HTTP/Status/403",2026-07-17T11:54:23.587631
combat,bd6t5301105,,failed,0,0,,http_manifest,known,403,manifest,"Client error '403 ' for url 'https://openapiproext.bnf.fr/iiif/presentation/v3/ark:/12148/bd6t5301105/manifest.json'
For more information check: https://developer.mozilla.org/en-US/docs/Web/HTTP/Status/403",2026-07-17T11:54:24.785167
combat,bd6t530111h,,failed,0,0,,http_manifest,known,403,manifest,"Client error '403 ' for url 'https://openapiproext.bnf.fr/iiif/presentation/v3/ark:/12148/bd6t530111h/manifest.json'
For more information check: https://developer.mozilla.org/en-US/docs/Web/HTTP/Status/403",2026-07-17T11:54:25.985691
combat,bd6t530112v,,failed,0,0,,http_manifest,known,403,manifest,"Client error '403 ' for url 'https://openapiproext.bnf.fr/iiif/presentation/v3/ark:/12148/bd6t530112v/manifest.json'
For more information check: https://developer.mozilla.org/en-US/docs/Web/HTTP/Status/403",2026-07-17T11:54:27.194101
combat,bd6t5301136,,failed,0,0,,http_manifest,known,403,manifest,"Client error '403 ' for url 'https://openapiproext.bnf.fr/iiif/presentation/v3/ark:/12148/bd6t5301136/manifest.json'
For more information check: https://developer.mozilla.org/en-US/docs/Web/HTTP/Status/403",2026-07-17T11:54:28.393952
combat,bd6t530114j,,failed,0,0,,http_manifest,known,403,manifest,"Client error '403 ' for url 'https://openapiproext.bnf.fr/iiif/presentation/v3/ark:/12148/bd6t530114j/manifest.json'
For more information check: https://developer.mozilla.org/en-US/docs/Web/HTTP/Status/403",2026-07-17T11:54:29.596761
combat,bd6t530115w,,failed,0,0,,http_manifest,known,403,manifest,"Client error '403 ' for url 'https://openapiproext.bnf.fr/iiif/presentation/v3/ark:/12148/bd6t530115w/manifest.json'
For more information check: https://developer.mozilla.org/en-US/docs/Web/HTTP/Status/403",2026-07-17T11:54:30.794664
combat,bd6t5301167,,failed,0,0,,http_manifest,known,403,manifest,"Client error '403 ' for url 'https://openapiproext.bnf.fr/iiif/presentation/v3/ark:/12148/bd6t5301167/manifest.json'
For more information check: https://developer.mozilla.org/en-US/docs/Web/HTTP/Status/403",2026-07-17T11:54:31.999767
combat,bd6t530117k,,failed,0,0,,http_manifest,known,403,manifest,"Client error '403 ' for url 'https://openapiproext.bnf.fr/iiif/presentation/v3/ark:/12148/bd6t530117k/manifest.json'
For more information check: https://developer.mozilla.org/en-US/docs/Web/HTTP/Status/403",2026-07-17T11:54:33.224145
combat,bd6t530118x,,failed,0,0,,http_manifest,known,403,manifest,"Client error '403 ' for url 'https://openapiproext.bnf.fr/iiif/presentation/v3/ark:/12148/bd6t530118x/manifest.json'
For more information check: https://developer.mozilla.org/en-US/docs/Web/HTTP/Status/403",2026-07-17T11:54:34.401440
combat,bd6t5301198,,failed,0,0,,http_manifest,known,403,manifest,"Client error '403 ' for url 'https://openapiproext.bnf.fr/iiif/presentation/v3/ark:/12148/bd6t5301198/manifest.json'
For more information check: https://developer.mozilla.org/en-US/docs/Web/HTTP/Status/403",2026-07-17T11:54:35.603071
combat,bd6t530120g,,failed,0,0,,http_manifest,known,403,manifest,"Client error '403 ' for url 'https://openapiproext.bnf.fr/iiif/presentation/v3/ark:/12148/bd6t530120g/manifest.json'
For more information check: https://developer.mozilla.org/en-US/docs/Web/HTTP/Status/403",2026-07-17T11:54:36.807047
combat,bd6t530121t,,failed,0,0,,http_manifest,known,403,manifest,"Client error '403 ' for url 'https://openapiproext.bnf.fr/iiif/presentation/v3/ark:/12148/bd6t530121t/manifest.json'
For more information check: https://developer.mozilla.org/en-US/docs/Web/HTTP/Status/403",2026-07-17T11:54:38.005545
combat,bd6t5301225,,failed,0,0,,http_manifest,known,403,manifest,"Client error '403 ' for url 'https://openapiproext.bnf.fr/iiif/presentation/v3/ark:/12148/bd6t5301225/manifest.json'
For more information check: https://developer.mozilla.org/en-US/docs/Web/HTTP/Status/403",2026-07-17T11:54:39.209819
combat,bd6t530123h,,failed,0,0,,http_manifest,known,403,manifest,"Client error '403 ' for url 'https://openapiproext.bnf.fr/iiif/presentation/v3/ark:/12148/bd6t530123h/manifest.json'
For more information check: https://developer.mozilla.org/en-US/docs/Web/HTTP/Status/403",2026-07-17T11:54:40.407394
combat,bd6t530124v,,failed,0,0,,http_manifest,known,403,manifest,"Client error '403 ' for url 'https://openapiproext.bnf.fr/iiif/presentation/v3/ark:/12148/bd6t530124v/manifest.json'
For more information check: https://developer.mozilla.org/en-US/docs/Web/HTTP/Status/403",2026-07-17T11:54:41.607985
combat,bd6t5301256,,failed,0,0,,http_manifest,known,403,manifest,"Client error '403 ' for url 'https://openapiproext.bnf.fr/iiif/presentation/v3/ark:/12148/bd6t5301256/manifest.json'
For more information check: https://developer.mozilla.org/en-US/docs/Web/HTTP/Status/403",2026-07-17T11:54:42.828051
combat,bd6t530126j,,failed,0,0,,http_manifest,known,403,manifest,"Client error '403 ' for url 'https://openapiproext.bnf.fr/iiif/presentation/v3/ark:/12148/bd6t530126j/manifest.json'
For more information check: https://developer.mozilla.org/en-US/docs/Web/HTTP/Status/403",2026-07-17T11:54:44.013412
combat,bd6t530127w,,failed,0,0,,http_manifest,known,403,manifest,"Client error '403 ' for url 'https://openapiproext.bnf.fr/iiif/presentation/v3/ark:/12148/bd6t530127w/manifest.json'
For more information check: https://developer.mozilla.org/en-US/docs/Web/HTTP/Status/403",2026-07-17T11:54:45.247901
combat,bd6t5301287,,failed,0,0,,http_manifest,known,403,manifest,"Client error '403 ' for url 'https://openapiproext.bnf.fr/iiif/presentation/v3/ark:/12148/bd6t5301287/manifest.json'
For more information check: https://developer.mozilla.org/en-US/docs/Web/HTTP/Status/403",2026-07-17T11:54:46.414022
combat,bd6t530129k,,failed,0,0,,http_manifest,known,403,manifest,"Client error '403 ' for url 'https://openapiproext.bnf.fr/iiif/presentation/v3/ark:/12148/bd6t530129k/manifest.json'
For more information check: https://developer.mozilla.org/en-US/docs/Web/HTTP/Status/403",2026-07-17T11:54:47.617249
combat,bd6t530130s,,failed,0,0,,http_manifest,known,403,manifest,"Client error '403 ' for url 'https://openapiproext.bnf.fr/iiif/presentation/v3/ark:/12148/bd6t530130s/manifest.json'
For more information check: https://developer.mozilla.org/en-US/docs/Web/HTTP/Status/403",2026-07-17T11:54:48.816838
combat,bd6t5301314,,failed,0,0,,http_manifest,known,403,manifest,"Client error '403 ' for url 'https://openapiproext.bnf.fr/iiif/presentation/v3/ark:/12148/bd6t5301314/manifest.json'
For more information check: https://developer.mozilla.org/en-US/docs/Web/HTTP/Status/403",2026-07-17T11:54:50.022153
combat,bd6t530132g,,failed,0,0,,http_manifest,known,403,manifest,"Client error '403 ' for url 'https://openapiproext.bnf.fr/iiif/presentation/v3/ark:/12148/bd6t530132g/manifest.json'
For more information check: https://developer.mozilla.org/en-US/docs/Web/HTTP/Status/403",2026-07-17T11:54:51.241309
combat,bd6t530133t,,failed,0,0,,http_manifest,known,403,manifest,"Client error '403 ' for url 'https://openapiproext.bnf.fr/iiif/presentation/v3/ark:/12148/bd6t530133t/manifest.json'
For more information check: https://developer.mozilla.org/en-US/docs/Web/HTTP/Status/403",2026-07-17T11:54:52.428988
combat,bd6t5301345,,failed,0,0,,http_manifest,known,403,manifest,"Client error '403 ' for url 'https://openapiproext.bnf.fr/iiif/presentation/v3/ark:/12148/bd6t5301345/manifest.json'
For more information check: https://developer.mozilla.org/en-US/docs/Web/HTTP/Status/403",2026-07-17T11:54:53.624089
combat,bd6t530135h,,failed,0,0,,http_manifest,known,403,manifest,"Client error '403 ' for url 'https://openapiproext.bnf.fr/iiif/presentation/v3/ark:/12148/bd6t530135h/manifest.json'
For more information check: https://developer.mozilla.org/en-US/docs/Web/HTTP/Status/403",2026-07-17T11:54:54.826169
combat,bd6t530136v,,failed,0,0,,http_manifest,known,403,manifest,"Client error '403 ' for url 'https://openapiproext.bnf.fr/iiif/presentation/v3/ark:/12148/bd6t530136v/manifest.json'
For more information check: https://developer.mozilla.org/en-US/docs/Web/HTTP/Status/403",2026-07-17T11:54:56.030559
combat,bd6t5301376,,failed,0,0,,http_manifest,known,403,manifest,"Client error '403 ' for url 'https://openapiproext.bnf.fr/iiif/presentation/v3/ark:/12148/bd6t5301376/manifest.json'
For more information check: https://developer.mozilla.org/en-US/docs/Web/HTTP/Status/403",2026-07-17T11:54:57.232865
combat,bd6t530138j,,failed,0,0,,http_manifest,known,403,manifest,"Client error '403 ' for url 'https://openapiproext.bnf.fr/iiif/presentation/v3/ark:/12148/bd6t530138j/manifest.json'
For more information check: https://developer.mozilla.org/en-US/docs/Web/HTTP/Status/403",2026-07-17T11:54:58.568433
combat,bd6t530139w,,failed,0,0,,http_manifest,known,403,manifest,"Client error '403 ' for url 'https://openapiproext.bnf.fr/iiif/presentation/v3/ark:/12148/bd6t530139w/manifest.json'
For more information check: https://developer.mozilla.org/en-US/docs/Web/HTTP/Status/403",2026-07-17T11:54:59.778892
combat,bd6t5301403,,failed,0,0,,http_manifest,known,403,manifest,"Client error '403 ' for url 'https://openapiproext.bnf.fr/iiif/presentation/v3/ark:/12148/bd6t5301403/manifest.json'
For more information check: https://developer.mozilla.org/en-US/docs/Web/HTTP/Status/403",2026-07-17T11:55:00.839425
combat,bd6t530141f,,failed,0,0,,http_manifest,known,403,manifest,"Client error '403 ' for url 'https://openapiproext.bnf.fr/iiif/presentation/v3/ark:/12148/bd6t530141f/manifest.json'
For more information check: https://developer.mozilla.org/en-US/docs/Web/HTTP/Status/403",2026-07-17T11:55:02.198311
combat,bd6t530142s,,failed,0,0,,http_manifest,known,403,manifest,"Client error '403 ' for url 'https://openapiproext.bnf.fr/iiif/presentation/v3/ark:/12148/bd6t530142s/manifest.json'
For more information check: https://developer.mozilla.org/en-US/docs/Web/HTTP/Status/403",2026-07-17T11:55:03.274471
combat,bd6t5301434,,failed,0,0,,http_manifest,known,403,manifest,"Client error '403 ' for url 'https://openapiproext.bnf.fr/iiif/presentation/v3/ark:/12148/bd6t5301434/manifest.json'
For more information check: https://developer.mozilla.org/en-US/docs/Web/HTTP/Status/403",2026-07-17T11:55:04.593545
combat,bd6t530144g,,failed,0,0,,http_manifest,known,403,manifest,"Client error '403 ' for url 'https://openapiproext.bnf.fr/iiif/presentation/v3/ark:/12148/bd6t530144g/manifest.json'
For more information check: https://developer.mozilla.org/en-US/docs/Web/HTTP/Status/403",2026-07-17T11:55:05.720733
combat,bd6t530145t,,failed,0,0,,http_manifest,known,403,manifest,"Client error '403 ' for url 'https://openapiproext.bnf.fr/iiif/presentation/v3/ark:/12148/bd6t530145t/manifest.json'
For more information check: https://developer.mozilla.org/en-US/docs/Web/HTTP/Status/403",2026-07-17T11:55:06.849927
combat,bd6t5301465,,failed,0,0,,http_manifest,known,403,manifest,"Client error '403 ' for url 'https://openapiproext.bnf.fr/iiif/presentation/v3/ark:/12148/bd6t5301465/manifest.json'
For more information check: https://developer.mozilla.org/en-US/docs/Web/HTTP/Status/403",2026-07-17T11:55:08.049277
combat,bd6t530147h,,failed,0,0,,http_manifest,known,403,manifest,"Client error '403 ' for url 'https://openapiproext.bnf.fr/iiif/presentation/v3/ark:/12148/bd6t530147h/manifest.json'
For more information check: https://developer.mozilla.org/en-US/docs/Web/HTTP/Status/403",2026-07-17T11:55:09.251402
combat,bd6t530148v,,failed,0,0,,http_manifest,known,403,manifest,"Client error '403 ' for url 'https://openapiproext.bnf.fr/iiif/presentation/v3/ark:/12148/bd6t530148v/manifest.json'
For more information check: https://developer.mozilla.org/en-US/docs/Web/HTTP/Status/403",2026-07-17T11:55:10.450051
combat,bd6t5301496,,failed,0,0,,http_manifest,known,403,manifest,"Client error '403 ' for url 'https://openapiproext.bnf.fr/iiif/presentation/v3/ark:/12148/bd6t5301496/manifest.json'
For more information check: https://developer.mozilla.org/en-US/docs/Web/HTTP/Status/403",2026-07-17T11:55:11.652627
combat,bd6t530150d,,failed,0,0,,http_manifest,known,403,manifest,"Client error '403 ' for url 'https://openapiproext.bnf.fr/iiif/presentation/v3/ark:/12148/bd6t530150d/manifest.json'
For more information check: https://developer.mozilla.org/en-US/docs/Web/HTTP/Status/403",2026-07-17T11:55:12.850801
combat,bd6t530151r,,failed,0,0,,http_manifest,known,403,manifest,"Client error '403 ' for url 'https://openapiproext.bnf.fr/iiif/presentation/v3/ark:/12148/bd6t530151r/manifest.json'
For more information check: https://developer.mozilla.org/en-US/docs/Web/HTTP/Status/403",2026-07-17T11:55:14.053982
combat,bd6t5301523,,failed,0,0,,http_manifest,known,403,manifest,"Client error '403 ' for url 'https://openapiproext.bnf.fr/iiif/presentation/v3/ark:/12148/bd6t5301523/manifest.json'
For more information check: https://developer.mozilla.org/en-US/docs/Web/HTTP/Status/403",2026-07-17T11:55:15.331033
combat,bd6t530153f,,failed,0,0,,http_manifest,known,403,manifest,"Client error '403 ' for url 'https://openapiproext.bnf.fr/iiif/presentation/v3/ark:/12148/bd6t530153f/manifest.json'
For more information check: https://developer.mozilla.org/en-US/docs/Web/HTTP/Status/403",2026-07-17T11:55:16.459884
combat,bd6t530154s,,failed,0,0,,http_manifest,known,403,manifest,"Client error '403 ' for url 'https://openapiproext.bnf.fr/iiif/presentation/v3/ark:/12148/bd6t530154s/manifest.json'
For more information check: https://developer.mozilla.org/en-US/docs/Web/HTTP/Status/403",2026-07-17T11:55:17.657712
combat,bd6t5301554,,failed,0,0,,http_manifest,known,403,manifest,"Client error '403 ' for url 'https://openapiproext.bnf.fr/iiif/presentation/v3/ark:/12148/bd6t5301554/manifest.json'
For more information check: https://developer.mozilla.org/en-US/docs/Web/HTTP/Status/403",2026-07-17T11:55:18.864237
combat,bd6t530156g,,failed,0,0,,http_manifest,known,403,manifest,"Client error '403 ' for url 'https://openapiproext.bnf.fr/iiif/presentation/v3/ark:/12148/bd6t530156g/manifest.json'
For more information check: https://developer.mozilla.org/en-US/docs/Web/HTTP/Status/403",2026-07-17T11:55:20.063928
combat,bd6t530157t,,failed,0,0,,http_manifest,known,403,manifest,"Client error '403 ' for url 'https://openapiproext.bnf.fr/iiif/presentation/v3/ark:/12148/bd6t530157t/manifest.json'
For more information check: https://developer.mozilla.org/en-US/docs/Web/HTTP/Status/403",2026-07-17T11:55:21.288476
combat,bd6t5301585,,failed,0,0,,http_manifest,known,403,manifest,"Client error '403 ' for url 'https://openapiproext.bnf.fr/iiif/presentation/v3/ark:/12148/bd6t5301585/manifest.json'
For more information check: https://developer.mozilla.org/en-US/docs/Web/HTTP/Status/403",2026-07-17T11:55:22.470139
combat,bd6t530159h,,failed,0,0,,http_manifest,known,403,manifest,"Client error '403 ' for url 'https://openapiproext.bnf.fr/iiif/presentation/v3/ark:/12148/bd6t530159h/manifest.json'
For more information check: https://developer.mozilla.org/en-US/docs/Web/HTTP/Status/403",2026-07-17T11:55:23.671885
combat,bd6t530160q,,failed,0,0,,http_manifest,known,403,manifest,"Client error '403 ' for url 'https://openapiproext.bnf.fr/iiif/presentation/v3/ark:/12148/bd6t530160q/manifest.json'
For more information check: https://developer.mozilla.org/en-US/docs/Web/HTTP/Status/403",2026-07-17T11:55:24.867203
combat,bd6t5301612,,failed,0,0,,http_manifest,known,403,manifest,"Client error '403 ' for url 'https://openapiproext.bnf.fr/iiif/presentation/v3/ark:/12148/bd6t5301612/manifest.json'
For more information check: https://developer.mozilla.org/en-US/docs/Web/HTTP/Status/403",2026-07-17T11:55:26.071172
combat,bd6t529123g,,failed,0,0,,http_manifest,known,403,manifest,"Client error '403 ' for url 'https://openapiproext.bnf.fr/iiif/presentation/v3/ark:/12148/bd6t529123g/manifest.json'
For more information check: https://developer.mozilla.org/en-US/docs/Web/HTTP/Status/403",2026-07-17T11:55:27.267325
combat,bd6t529124t,,failed,0,0,,http_manifest,known,403,manifest,"Client error '403 ' for url 'https://openapiproext.bnf.fr/iiif/presentation/v3/ark:/12148/bd6t529124t/manifest.json'
For more information check: https://developer.mozilla.org/en-US/docs/Web/HTTP/Status/403",2026-07-17T11:55:28.472437
combat,bd6t5291255,,failed,0,0,,http_manifest,known,403,manifest,"Client error '403 ' for url 'https://openapiproext.bnf.fr/iiif/presentation/v3/ark:/12148/bd6t5291255/manifest.json'
For more information check: https://developer.mozilla.org/en-US/docs/Web/HTTP/Status/403",2026-07-17T11:55:29.671127
combat,bd6t529126h,,failed,0,0,,http_manifest,known,403,manifest,"Client error '403 ' for url 'https://openapiproext.bnf.fr/iiif/presentation/v3/ark:/12148/bd6t529126h/manifest.json'
For more information check: https://developer.mozilla.org/en-US/docs/Web/HTTP/Status/403",2026-07-17T11:55:30.873666
combat,bd6t529127v,,failed,0,0,,http_manifest,known,403,manifest,"Client error '403 ' for url 'https://openapiproext.bnf.fr/iiif/presentation/v3/ark:/12148/bd6t529127v/manifest.json'
For more information check: https://developer.mozilla.org/en-US/docs/Web/HTTP/Status/403",2026-07-17T11:55:32.078937
combat,bd6t5291286,,failed,0,0,,http_manifest,known,403,manifest,"Client error '403 ' for url 'https://openapiproext.bnf.fr/iiif/presentation/v3/ark:/12148/bd6t5291286/manifest.json'
For more information check: https://developer.mozilla.org/en-US/docs/Web/HTTP/Status/403",2026-07-17T11:55:33.306981
combat,bd6t529129j,,failed,0,0,,http_manifest,known,403,manifest,"Client error '403 ' for url 'https://openapiproext.bnf.fr/iiif/presentation/v3/ark:/12148/bd6t529129j/manifest.json'
For more information check: https://developer.mozilla.org/en-US/docs/Web/HTTP/Status/403",2026-07-17T11:55:34.481292
combat,bd6t529130r,,failed,0,0,,http_manifest,known,403,manifest,"Client error '403 ' for url 'https://openapiproext.bnf.fr/iiif/presentation/v3/ark:/12148/bd6t529130r/manifest.json'
For more information check: https://developer.mozilla.org/en-US/docs/Web/HTTP/Status/403",2026-07-17T11:55:35.682152
combat,bd6t5291313,,failed,0,0,,http_manifest,known,403,manifest,"Client error '403 ' for url 'https://openapiproext.bnf.fr/iiif/presentation/v3/ark:/12148/bd6t5291313/manifest.json'
For more information check: https://developer.mozilla.org/en-US/docs/Web/HTTP/Status/403",2026-07-17T11:55:36.882755
combat,bd6t529132f,,failed,0,0,,http_manifest,known,403,manifest,"Client error '403 ' for url 'https://openapiproext.bnf.fr/iiif/presentation/v3/ark:/12148/bd6t529132f/manifest.json'
For more information check: https://developer.mozilla.org/en-US/docs/Web/HTTP/Status/403",2026-07-17T11:55:38.093285
combat,bd6t529133s,,failed,0,0,,http_manifest,known,403,manifest,"Client error '403 ' for url 'https://openapiproext.bnf.fr/iiif/presentation/v3/ark:/12148/bd6t529133s/manifest.json'
For more information check: https://developer.mozilla.org/en-US/docs/Web/HTTP/Status/403",2026-07-17T11:55:39.287820
combat,bd6t5291344,,failed,0,0,,http_manifest,known,403,manifest,"Client error '403 ' for url 'https://openapiproext.bnf.fr/iiif/presentation/v3/ark:/12148/bd6t5291344/manifest.json'
For more information check: https://developer.mozilla.org/en-US/docs/Web/HTTP/Status/403",2026-07-17T11:55:40.488697
combat,bd6t529135g,,failed,0,0,,http_manifest,known,403,manifest,"Client error '403 ' for url 'https://openapiproext.bnf.fr/iiif/presentation/v3/ark:/12148/bd6t529135g/manifest.json'
For more information check: https://developer.mozilla.org/en-US/docs/Web/HTTP/Status/403",2026-07-17T11:55:41.690995
combat,bd6t529136t,,failed,0,0,,http_manifest,known,403,manifest,"Client error '403 ' for url 'https://openapiproext.bnf.fr/iiif/presentation/v3/ark:/12148/bd6t529136t/manifest.json'
For more information check: https://developer.mozilla.org/en-US/docs/Web/HTTP/Status/403",2026-07-17T11:55:42.892393
combat,bd6t5291375,,failed,0,0,,http_manifest,known,403,manifest,"Client error '403 ' for url 'https://openapiproext.bnf.fr/iiif/presentation/v3/ark:/12148/bd6t5291375/manifest.json'
For more information check: https://developer.mozilla.org/en-US/docs/Web/HTTP/Status/403",2026-07-17T11:55:44.093487
combat,bd6t529138h,,failed,0,0,,http_manifest,known,403,manifest,"Client error '403 ' for url 'https://openapiproext.bnf.fr/iiif/presentation/v3/ark:/12148/bd6t529138h/manifest.json'
For more information check: https://developer.mozilla.org/en-US/docs/Web/HTTP/Status/403",2026-07-17T11:55:45.314965
combat,bd6t529139v,,failed,0,0,,http_manifest,known,403,manifest,"Client error '403 ' for url 'https://openapiproext.bnf.fr/iiif/presentation/v3/ark:/12148/bd6t529139v/manifest.json'
For more information check: https://developer.mozilla.org/en-US/docs/Web/HTTP/Status/403",2026-07-17T11:55:46.496553
combat,bd6t5291402,,failed,0,0,,http_manifest,known,403,manifest,"Client error '403 ' for url 'https://openapiproext.bnf.fr/iiif/presentation/v3/ark:/12148/bd6t5291402/manifest.json'
For more information check: https://developer.mozilla.org/en-US/docs/Web/HTTP/Status/403",2026-07-17T11:55:47.697889
combat,bd6t529141d,,failed,0,0,,http_manifest,known,403,manifest,"Client error '403 ' for url 'https://openapiproext.bnf.fr/iiif/presentation/v3/ark:/12148/bd6t529141d/manifest.json'
For more information check: https://developer.mozilla.org/en-US/docs/Web/HTTP/Status/403",2026-07-17T11:55:48.904453
combat,bd6t529142r,,failed,0,0,,http_manifest,known,403,manifest,"Client error '403 ' for url 'https://openapiproext.bnf.fr/iiif/presentation/v3/ark:/12148/bd6t529142r/manifest.json'
For more information check: https://developer.mozilla.org/en-US/docs/Web/HTTP/Status/403",2026-07-17T11:55:50.103553
combat,bd6t5291433,,failed,0,0,,http_manifest,known,403,manifest,"Client error '403 ' for url 'https://openapiproext.bnf.fr/iiif/presentation/v3/ark:/12148/bd6t5291433/manifest.json'
For more information check: https://developer.mozilla.org/en-US/docs/Web/HTTP/Status/403",2026-07-17T11:55:51.330218
combat,bd6t529144f,,failed,0,0,,http_manifest,known,403,manifest,"Client error '403 ' for url 'https://openapiproext.bnf.fr/iiif/presentation/v3/ark:/12148/bd6t529144f/manifest.json'
For more information check: https://developer.mozilla.org/en-US/docs/Web/HTTP/Status/403",2026-07-17T11:55:52.505388
combat,bd6t529145s,,failed,0,0,,http_manifest,known,403,manifest,"Client error '403 ' for url 'https://openapiproext.bnf.fr/iiif/presentation/v3/ark:/12148/bd6t529145s/manifest.json'
For more information check: https://developer.mozilla.org/en-US/docs/Web/HTTP/Status/403",2026-07-17T11:55:53.703766
combat,bd6t5291464,,failed,0,0,,http_manifest,known,403,manifest,"Client error '403 ' for url 'https://openapiproext.bnf.fr/iiif/presentation/v3/ark:/12148/bd6t5291464/manifest.json'
For more information check: https://developer.mozilla.org/en-US/docs/Web/HTTP/Status/403",2026-07-17T11:55:54.906253
combat,bd6t529147g,,failed,0,0,,http_manifest,known,403,manifest,"Client error '403 ' for url 'https://openapiproext.bnf.fr/iiif/presentation/v3/ark:/12148/bd6t529147g/manifest.json'
For more information check: https://developer.mozilla.org/en-US/docs/Web/HTTP/Status/403",2026-07-17T11:55:56.109128
combat,bd6t529148t,,failed,0,0,,http_manifest,known,403,manifest,"Client error '403 ' for url 'https://openapiproext.bnf.fr/iiif/presentation/v3/ark:/12148/bd6t529148t/manifest.json'
For more information check: https://developer.mozilla.org/en-US/docs/Web/HTTP/Status/403",2026-07-17T11:55:57.314154
combat,bd6t5291495,,failed,0,0,,http_manifest,known,403,manifest,"Client error '403 ' for url 'https://openapiproext.bnf.fr/iiif/presentation/v3/ark:/12148/bd6t5291495/manifest.json'
For more information check: https://developer.mozilla.org/en-US/docs/Web/HTTP/Status/403",2026-07-17T11:55:58.512337
combat,bd6t529150c,,failed,0,0,,http_manifest,known,403,manifest,"Client error '403 ' for url 'https://openapiproext.bnf.fr/iiif/presentation/v3/ark:/12148/bd6t529150c/manifest.json'
For more information check: https://developer.mozilla.org/en-US/docs/Web/HTTP/Status/403",2026-07-17T11:55:59.905078
combat,bd6t529151q,,failed,0,0,,http_manifest,known,403,manifest,"Client error '403 ' for url 'https://openapiproext.bnf.fr/iiif/presentation/v3/ark:/12148/bd6t529151q/manifest.json'
For more information check: https://developer.mozilla.org/en-US/docs/Web/HTTP/Status/403",2026-07-17T11:56:01.176804
combat,bd6t5291522,,failed,0,0,,http_manifest,known,403,manifest,"Client error '403 ' for url 'https://openapiproext.bnf.fr/iiif/presentation/v3/ark:/12148/bd6t5291522/manifest.json'
For more information check: https://developer.mozilla.org/en-US/docs/Web/HTTP/Status/403",2026-07-17T11:56:02.126771
combat,bd6t529153d,,failed,0,0,,http_manifest,known,403,manifest,"Client error '403 ' for url 'https://openapiproext.bnf.fr/iiif/presentation/v3/ark:/12148/bd6t529153d/manifest.json'
For more information check: https://developer.mozilla.org/en-US/docs/Web/HTTP/Status/403",2026-07-17T11:56:03.335392
combat,bd6t529154r,,failed,0,0,,http_manifest,known,403,manifest,"Client error '403 ' for url 'https://openapiproext.bnf.fr/iiif/presentation/v3/ark:/12148/bd6t529154r/manifest.json'
For more information check: https://developer.mozilla.org/en-US/docs/Web/HTTP/Status/403",2026-07-17T11:56:04.689663
combat,bd6t5291553,,failed,0,0,,http_manifest,known,403,manifest,"Client error '403 ' for url 'https://openapiproext.bnf.fr/iiif/presentation/v3/ark:/12148/bd6t5291553/manifest.json'
For more information check: https://developer.mozilla.org/en-US/docs/Web/HTTP/Status/403",2026-07-17T11:56:05.734675
combat,bd6t529156f,,failed,0,0,,http_manifest,known,403,manifest,"Client error '403 ' for url 'https://openapiproext.bnf.fr/iiif/presentation/v3/ark:/12148/bd6t529156f/manifest.json'
For more information check: https://developer.mozilla.org/en-US/docs/Web/HTTP/Status/403",2026-07-17T11:56:07.043630
combat,bd6t529157s,,failed,0,0,,http_manifest,known,403,manifest,"Client error '403 ' for url 'https://openapiproext.bnf.fr/iiif/presentation/v3/ark:/12148/bd6t529157s/manifest.json'
For more information check: https://developer.mozilla.org/en-US/docs/Web/HTTP/Status/403",2026-07-17T11:56:08.125214
combat,bd6t5291584,,failed,0,0,,http_manifest,known,403,manifest,"Client error '403 ' for url 'https://openapiproext.bnf.fr/iiif/presentation/v3/ark:/12148/bd6t5291584/manifest.json'
For more information check: https://developer.mozilla.org/en-US/docs/Web/HTTP/Status/403",2026-07-17T11:56:09.332699
combat,bd6t529159g,,failed,0,0,,http_manifest,known,403,manifest,"Client error '403 ' for url 'https://openapiproext.bnf.fr/iiif/presentation/v3/ark:/12148/bd6t529159g/manifest.json'
For more information check: https://developer.mozilla.org/en-US/docs/Web/HTTP/Status/403",2026-07-17T11:56:10.604522
combat,bd6t529160p,,failed,0,0,,http_manifest,known,403,manifest,"Client error '403 ' for url 'https://openapiproext.bnf.fr/iiif/presentation/v3/ark:/12148/bd6t529160p/manifest.json'
For more information check: https://developer.mozilla.org/en-US/docs/Web/HTTP/Status/403",2026-07-17T11:56:11.732431
combat,bd6t5291611,,failed,0,0,,http_manifest,known,403,manifest,"Client error '403 ' for url 'https://openapiproext.bnf.fr/iiif/presentation/v3/ark:/12148/bd6t5291611/manifest.json'
For more information check: https://developer.mozilla.org/en-US/docs/Web/HTTP/Status/403",2026-07-17T11:56:13.041743
combat,bd6t529162c,,failed,0,0,,http_manifest,known,403,manifest,"Client error '403 ' for url 'https://openapiproext.bnf.fr/iiif/presentation/v3/ark:/12148/bd6t529162c/manifest.json'
For more information check: https://developer.mozilla.org/en-US/docs/Web/HTTP/Status/403",2026-07-17T11:56:14.357644
combat,bd6t529163q,,failed,0,0,,http_manifest,known,403,manifest,"Client error '403 ' for url 'https://openapiproext.bnf.fr/iiif/presentation/v3/ark:/12148/bd6t529163q/manifest.json'
For more information check: https://developer.mozilla.org/en-US/docs/Web/HTTP/Status/403",2026-07-17T11:56:15.487194
combat,bd6t5291642,,failed,0,0,,http_manifest,known,403,manifest,"Client error '403 ' for url 'https://openapiproext.bnf.fr/iiif/presentation/v3/ark:/12148/bd6t5291642/manifest.json'
For more information check: https://developer.mozilla.org/en-US/docs/Web/HTTP/Status/403",2026-07-17T11:56:16.717498
combat,bd6t529165d,,failed,0,0,,http_manifest,known,403,manifest,"Client error '403 ' for url 'https://openapiproext.bnf.fr/iiif/presentation/v3/ark:/12148/bd6t529165d/manifest.json'
For more information check: https://developer.mozilla.org/en-US/docs/Web/HTTP/Status/403",2026-07-17T11:56:17.748996
combat,bd6t529166r,,failed,0,0,,http_manifest,known,403,manifest,"Client error '403 ' for url 'https://openapiproext.bnf.fr/iiif/presentation/v3/ark:/12148/bd6t529166r/manifest.json'
For more information check: https://developer.mozilla.org/en-US/docs/Web/HTTP/Status/403",2026-07-17T11:56:19.026046
combat,bd6t5291673,,failed,0,0,,http_manifest,known,403,manifest,"Client error '403 ' for url 'https://openapiproext.bnf.fr/iiif/presentation/v3/ark:/12148/bd6t5291673/manifest.json'
For more information check: https://developer.mozilla.org/en-US/docs/Web/HTTP/Status/403",2026-07-17T11:56:20.145838
combat,bd6t529168f,,failed,0,0,,http_manifest,known,403,manifest,"Client error '403 ' for url 'https://openapiproext.bnf.fr/iiif/presentation/v3/ark:/12148/bd6t529168f/manifest.json'
For more information check: https://developer.mozilla.org/en-US/docs/Web/HTTP/Status/403",2026-07-17T11:56:21.345086
combat,bd6t529169s,,failed,0,0,,http_manifest,known,403,manifest,"Client error '403 ' for url 'https://openapiproext.bnf.fr/iiif/presentation/v3/ark:/12148/bd6t529169s/manifest.json'
For more information check: https://developer.mozilla.org/en-US/docs/Web/HTTP/Status/403",2026-07-17T11:56:22.737513
combat,bd6t5291700,,failed,0,0,,http_manifest,known,403,manifest,"Client error '403 ' for url 'https://openapiproext.bnf.fr/iiif/presentation/v3/ark:/12148/bd6t5291700/manifest.json'
For more information check: https://developer.mozilla.org/en-US/docs/Web/HTTP/Status/403",2026-07-17T11:56:23.744070
combat,bd6t529171b,,failed,0,0,,http_manifest,known,403,manifest,"Client error '403 ' for url 'https://openapiproext.bnf.fr/iiif/presentation/v3/ark:/12148/bd6t529171b/manifest.json'
For more information check: https://developer.mozilla.org/en-US/docs/Web/HTTP/Status/403",2026-07-17T11:56:24.949186
combat,bd6t529172p,,failed,0,0,,http_manifest,known,403,manifest,"Client error '403 ' for url 'https://openapiproext.bnf.fr/iiif/presentation/v3/ark:/12148/bd6t529172p/manifest.json'
For more information check: https://developer.mozilla.org/en-US/docs/Web/HTTP/Status/403",2026-07-17T11:56:26.148219
combat,bd6t5291731,,failed,0,0,,http_manifest,known,403,manifest,"Client error '403 ' for url 'https://openapiproext.bnf.fr/iiif/presentation/v3/ark:/12148/bd6t5291731/manifest.json'
For more information check: https://developer.mozilla.org/en-US/docs/Web/HTTP/Status/403",2026-07-17T11:56:27.376780
combat,bd6t529070q,,failed,0,0,,http_manifest,known,403,manifest,"Client error '403 ' for url 'https://openapiproext.bnf.fr/iiif/presentation/v3/ark:/12148/bd6t529070q/manifest.json'
For more information check: https://developer.mozilla.org/en-US/docs/Web/HTTP/Status/403",2026-07-17T11:56:28.556489
combat,bd6t5290712,,failed,0,0,,http_manifest,known,403,manifest,"Client error '403 ' for url 'https://openapiproext.bnf.fr/iiif/presentation/v3/ark:/12148/bd6t5290712/manifest.json'
For more information check: https://developer.mozilla.org/en-US/docs/Web/HTTP/Status/403",2026-07-17T11:56:29.757209
combat,bd6t529072d,,failed,0,0,,http_manifest,known,403,manifest,"Client error '403 ' for url 'https://openapiproext.bnf.fr/iiif/presentation/v3/ark:/12148/bd6t529072d/manifest.json'
For more information check: https://developer.mozilla.org/en-US/docs/Web/HTTP/Status/403",2026-07-17T11:56:30.956766
combat,bd6t529073r,,failed,0,0,,http_manifest,known,403,manifest,"Client error '403 ' for url 'https://openapiproext.bnf.fr/iiif/presentation/v3/ark:/12148/bd6t529073r/manifest.json'
For more information check: https://developer.mozilla.org/en-US/docs/Web/HTTP/Status/403",2026-07-17T11:56:32.158602
combat,bd6t5290743,,failed,0,0,,http_manifest,known,403,manifest,"Client error '403 ' for url 'https://openapiproext.bnf.fr/iiif/presentation/v3/ark:/12148/bd6t5290743/manifest.json'
For more information check: https://developer.mozilla.org/en-US/docs/Web/HTTP/Status/403",2026-07-17T11:56:33.357453
combat,bd6t529075f,,failed,0,0,,http_manifest,known,403,manifest,"Client error '403 ' for url 'https://openapiproext.bnf.fr/iiif/presentation/v3/ark:/12148/bd6t529075f/manifest.json'
For more information check: https://developer.mozilla.org/en-US/docs/Web/HTTP/Status/403",2026-07-17T11:56:34.562775
combat,bd6t529076s,,failed,0,0,,http_manifest,known,403,manifest,"Client error '403 ' for url 'https://openapiproext.bnf.fr/iiif/presentation/v3/ark:/12148/bd6t529076s/manifest.json'
For more information check: https://developer.mozilla.org/en-US/docs/Web/HTTP/Status/403",2026-07-17T11:56:35.762213
combat,bd6t5290774,,failed,0,0,,http_manifest,known,403,manifest,"Client error '403 ' for url 'https://openapiproext.bnf.fr/iiif/presentation/v3/ark:/12148/bd6t5290774/manifest.json'
For more information check: https://developer.mozilla.org/en-US/docs/Web/HTTP/Status/403",2026-07-17T11:56:36.958798
combat,bd6t529078g,,failed,0,0,,http_manifest,known,403,manifest,"Client error '403 ' for url 'https://openapiproext.bnf.fr/iiif/presentation/v3/ark:/12148/bd6t529078g/manifest.json'
For more information check: https://developer.mozilla.org/en-US/docs/Web/HTTP/Status/403",2026-07-17T11:56:38.167394
combat,bd6t529079t,,failed,0,0,,http_manifest,known,403,manifest,"Client error '403 ' for url 'https://openapiproext.bnf.fr/iiif/presentation/v3/ark:/12148/bd6t529079t/manifest.json'
For more information check: https://developer.mozilla.org/en-US/docs/Web/HTTP/Status/403",2026-07-17T11:56:39.398855
combat,bd6t5290801,,failed,0,0,,http_manifest,known,403,manifest,"Client error '403 ' for url 'https://openapiproext.bnf.fr/iiif/presentation/v3/ark:/12148/bd6t5290801/manifest.json'
For more information check: https://developer.mozilla.org/en-US/docs/Web/HTTP/Status/403",2026-07-17T11:56:40.568926
combat,bd6t529081c,,failed,0,0,,http_manifest,known,403,manifest,"Client error '403 ' for url 'https://openapiproext.bnf.fr/iiif/presentation/v3/ark:/12148/bd6t529081c/manifest.json'
For more information check: https://developer.mozilla.org/en-US/docs/Web/HTTP/Status/403",2026-07-17T11:56:41.769903
combat,bd6t529082q,,failed,0,0,,http_manifest,known,403,manifest,"Client error '403 ' for url 'https://openapiproext.bnf.fr/iiif/presentation/v3/ark:/12148/bd6t529082q/manifest.json'
For more information check: https://developer.mozilla.org/en-US/docs/Web/HTTP/Status/403",2026-07-17T11:56:42.966251
combat,bd6t5290832,,failed,0,0,,http_manifest,known,403,manifest,"Client error '403 ' for url 'https://openapiproext.bnf.fr/iiif/presentation/v3/ark:/12148/bd6t5290832/manifest.json'
For more information check: https://developer.mozilla.org/en-US/docs/Web/HTTP/Status/403",2026-07-17T11:56:44.164113
combat,bd6t529084d,,failed,0,0,,http_manifest,known,403,manifest,"Client error '403 ' for url 'https://openapiproext.bnf.fr/iiif/presentation/v3/ark:/12148/bd6t529084d/manifest.json'
For more information check: https://developer.mozilla.org/en-US/docs/Web/HTTP/Status/403",2026-07-17T11:56:45.404461
combat,bd6t529085r,,failed,0,0,,http_manifest,known,403,manifest,"Client error '403 ' for url 'https://openapiproext.bnf.fr/iiif/presentation/v3/ark:/12148/bd6t529085r/manifest.json'
For more information check: https://developer.mozilla.org/en-US/docs/Web/HTTP/Status/403",2026-07-17T11:56:46.577065
combat,bd6t5290863,,failed,0,0,,http_manifest,known,403,manifest,"Client error '403 ' for url 'https://openapiproext.bnf.fr/iiif/presentation/v3/ark:/12148/bd6t5290863/manifest.json'
For more information check: https://developer.mozilla.org/en-US/docs/Web/HTTP/Status/403",2026-07-17T11:56:47.775174
combat,bd6t529087f,,failed,0,0,,http_manifest,known,403,manifest,"Client error '403 ' for url 'https://openapiproext.bnf.fr/iiif/presentation/v3/ark:/12148/bd6t529087f/manifest.json'
For more information check: https://developer.mozilla.org/en-US/docs/Web/HTTP/Status/403",2026-07-17T11:56:48.978265
combat,bd6t529088s,,failed,0,0,,http_manifest,known,403,manifest,"Client error '403 ' for url 'https://openapiproext.bnf.fr/iiif/presentation/v3/ark:/12148/bd6t529088s/manifest.json'
For more information check: https://developer.mozilla.org/en-US/docs/Web/HTTP/Status/403",2026-07-17T11:56:50.179372
combat,bd6t5290894,,failed,0,0,,http_manifest,known,403,manifest,"Client error '403 ' for url 'https://openapiproext.bnf.fr/iiif/presentation/v3/ark:/12148/bd6t5290894/manifest.json'
For more information check: https://developer.mozilla.org/en-US/docs/Web/HTTP/Status/403",2026-07-17T11:56:51.391306
combat,bd6t529090b,,failed,0,0,,http_manifest,known,403,manifest,"Client error '403 ' for url 'https://openapiproext.bnf.fr/iiif/presentation/v3/ark:/12148/bd6t529090b/manifest.json'
For more information check: https://developer.mozilla.org/en-US/docs/Web/HTTP/Status/403",2026-07-17T11:56:52.593880
combat,bd6t529091p,,failed,0,0,,http_manifest,known,403,manifest,"Client error '403 ' for url 'https://openapiproext.bnf.fr/iiif/presentation/v3/ark:/12148/bd6t529091p/manifest.json'
For more information check: https://developer.mozilla.org/en-US/docs/Web/HTTP/Status/403",2026-07-17T11:56:53.791863
combat,bd6t5290921,,failed,0,0,,http_manifest,known,403,manifest,"Client error '403 ' for url 'https://openapiproext.bnf.fr/iiif/presentation/v3/ark:/12148/bd6t5290921/manifest.json'
For more information check: https://developer.mozilla.org/en-US/docs/Web/HTTP/Status/403",2026-07-17T11:56:54.987584
combat,bd6t529093c,,failed,0,0,,http_manifest,known,403,manifest,"Client error '403 ' for url 'https://openapiproext.bnf.fr/iiif/presentation/v3/ark:/12148/bd6t529093c/manifest.json'
For more information check: https://developer.mozilla.org/en-US/docs/Web/HTTP/Status/403",2026-07-17T11:56:56.191134
combat,bd6t529094q,,failed,0,0,,http_manifest,known,403,manifest,"Client error '403 ' for url 'https://openapiproext.bnf.fr/iiif/presentation/v3/ark:/12148/bd6t529094q/manifest.json'
For more information check: https://developer.mozilla.org/en-US/docs/Web/HTTP/Status/403",2026-07-17T11:56:57.647224
combat,bd6t5290952,,failed,0,0,,http_manifest,known,403,manifest,"Client error '403 ' for url 'https://openapiproext.bnf.fr/iiif/presentation/v3/ark:/12148/bd6t5290952/manifest.json'
For more information check: https://developer.mozilla.org/en-US/docs/Web/HTTP/Status/403",2026-07-17T11:56:58.599332
combat,bd6t529096d,,failed,0,0,,http_manifest,known,403,manifest,"Client error '403 ' for url 'https://openapiproext.bnf.fr/iiif/presentation/v3/ark:/12148/bd6t529096d/manifest.json'
For more information check: https://developer.mozilla.org/en-US/docs/Web/HTTP/Status/403",2026-07-17T11:56:59.806080
combat,bd6t529097r,,failed,0,0,,http_manifest,known,403,manifest,"Client error '403 ' for url 'https://openapiproext.bnf.fr/iiif/presentation/v3/ark:/12148/bd6t529097r/manifest.json'
For more information check: https://developer.mozilla.org/en-US/docs/Web/HTTP/Status/403",2026-07-17T11:57:00.999382
combat,bd6t5290983,,failed,0,0,,http_manifest,known,403,manifest,"Client error '403 ' for url 'https://openapiproext.bnf.fr/iiif/presentation/v3/ark:/12148/bd6t5290983/manifest.json'
For more information check: https://developer.mozilla.org/en-US/docs/Web/HTTP/Status/403",2026-07-17T11:57:02.208018
combat,bd6t529099f,,failed,0,0,,http_manifest,known,403,manifest,"Client error '403 ' for url 'https://openapiproext.bnf.fr/iiif/presentation/v3/ark:/12148/bd6t529099f/manifest.json'
For more information check: https://developer.mozilla.org/en-US/docs/Web/HTTP/Status/403",2026-07-17T11:57:03.592450
combat,bd6t529100t,,failed,0,0,,http_manifest,known,403,manifest,"Client error '403 ' for url 'https://openapiproext.bnf.fr/iiif/presentation/v3/ark:/12148/bd6t529100t/manifest.json'
For more information check: https://developer.mozilla.org/en-US/docs/Web/HTTP/Status/403",2026-07-17T11:57:04.735590
combat,bd6t5291015,,failed,0,0,,http_manifest,known,403,manifest,"Client error '403 ' for url 'https://openapiproext.bnf.fr/iiif/presentation/v3/ark:/12148/bd6t5291015/manifest.json'
For more information check: https://developer.mozilla.org/en-US/docs/Web/HTTP/Status/403",2026-07-17T11:57:05.958897
combat,bd6t529102h,,failed,0,0,,http_manifest,known,403,manifest,"Client error '403 ' for url 'https://openapiproext.bnf.fr/iiif/presentation/v3/ark:/12148/bd6t529102h/manifest.json'
For more information check: https://developer.mozilla.org/en-US/docs/Web/HTTP/Status/403",2026-07-17T11:57:07.009695
combat,bd6t529103v,,failed,0,0,,http_manifest,known,403,manifest,"Client error '403 ' for url 'https://openapiproext.bnf.fr/iiif/presentation/v3/ark:/12148/bd6t529103v/manifest.json'
For more information check: https://developer.mozilla.org/en-US/docs/Web/HTTP/Status/403",2026-07-17T11:57:08.207365
combat,bd6t5291046,,failed,0,0,,http_manifest,known,403,manifest,"Client error '403 ' for url 'https://openapiproext.bnf.fr/iiif/presentation/v3/ark:/12148/bd6t5291046/manifest.json'
For more information check: https://developer.mozilla.org/en-US/docs/Web/HTTP/Status/403",2026-07-17T11:57:09.425560
combat,bd6t529105j,,failed,0,0,,http_manifest,known,403,manifest,"Client error '403 ' for url 'https://openapiproext.bnf.fr/iiif/presentation/v3/ark:/12148/bd6t529105j/manifest.json'
For more information check: https://developer.mozilla.org/en-US/docs/Web/HTTP/Status/403",2026-07-17T11:57:10.732234
combat,bd6t529106w,,failed,0,0,,http_manifest,known,403,manifest,"Client error '403 ' for url 'https://openapiproext.bnf.fr/iiif/presentation/v3/ark:/12148/bd6t529106w/manifest.json'
For more information check: https://developer.mozilla.org/en-US/docs/Web/HTTP/Status/403",2026-07-17T11:57:11.997606
combat,bd6t5291077,,failed,0,0,,http_manifest,known,403,manifest,"Client error '403 ' for url 'https://openapiproext.bnf.fr/iiif/presentation/v3/ark:/12148/bd6t5291077/manifest.json'
For more information check: https://developer.mozilla.org/en-US/docs/Web/HTTP/Status/403",2026-07-17T11:57:13.010869
combat,bd6t529108k,,failed,0,0,,http_manifest,known,403,manifest,"Client error '403 ' for url 'https://openapiproext.bnf.fr/iiif/presentation/v3/ark:/12148/bd6t529108k/manifest.json'
For more information check: https://developer.mozilla.org/en-US/docs/Web/HTTP/Status/403",2026-07-17T11:57:14.212704
combat,bd6t529109x,,failed,0,0,,http_manifest,known,403,manifest,"Client error '403 ' for url 'https://openapiproext.bnf.fr/iiif/presentation/v3/ark:/12148/bd6t529109x/manifest.json'
For more information check: https://developer.mozilla.org/en-US/docs/Web/HTTP/Status/403",2026-07-17T11:57:15.441030
combat,bd6t5291104,,failed,0,0,,http_manifest,known,403,manifest,"Client error '403 ' for url 'https://openapiproext.bnf.fr/iiif/presentation/v3/ark:/12148/bd6t5291104/manifest.json'
For more information check: https://developer.mozilla.org/en-US/docs/Web/HTTP/Status/403",2026-07-17T11:57:16.617772
combat,bd6t529111g,,failed,0,0,,http_manifest,known,403,manifest,"Client error '403 ' for url 'https://openapiproext.bnf.fr/iiif/presentation/v3/ark:/12148/bd6t529111g/manifest.json'
For more information check: https://developer.mozilla.org/en-US/docs/Web/HTTP/Status/403",2026-07-17T11:57:17.819559
combat,bd6t529112t,,failed,0,0,,http_manifest,known,403,manifest,"Client error '403 ' for url 'https://openapiproext.bnf.fr/iiif/presentation/v3/ark:/12148/bd6t529112t/manifest.json'
For more information check: https://developer.mozilla.org/en-US/docs/Web/HTTP/Status/403",2026-07-17T11:57:19.019183
combat,bd6t5291135,,failed,0,0,,http_manifest,known,403,manifest,"Client error '403 ' for url 'https://openapiproext.bnf.fr/iiif/presentation/v3/ark:/12148/bd6t5291135/manifest.json'
For more information check: https://developer.mozilla.org/en-US/docs/Web/HTTP/Status/403",2026-07-17T11:57:20.221415
combat,bd6t529114h,,failed,0,0,,http_manifest,known,403,manifest,"Client error '403 ' for url 'https://openapiproext.bnf.fr/iiif/presentation/v3/ark:/12148/bd6t529114h/manifest.json'
For more information check: https://developer.mozilla.org/en-US/docs/Web/HTTP/Status/403",2026-07-17T11:57:21.420069
combat,bd6t529115v,,failed,0,0,,http_manifest,known,403,manifest,"Client error '403 ' for url 'https://openapiproext.bnf.fr/iiif/presentation/v3/ark:/12148/bd6t529115v/manifest.json'
For more information check: https://developer.mozilla.org/en-US/docs/Web/HTTP/Status/403",2026-07-17T11:57:22.618634
combat,bd6t5291166,,failed,0,0,,http_manifest,known,403,manifest,"Client error '403 ' for url 'https://openapiproext.bnf.fr/iiif/presentation/v3/ark:/12148/bd6t5291166/manifest.json'
For more information check: https://developer.mozilla.org/en-US/docs/Web/HTTP/Status/403",2026-07-17T11:57:23.822682
combat,bd6t529117j,,failed,0,0,,http_manifest,known,403,manifest,"Client error '403 ' for url 'https://openapiproext.bnf.fr/iiif/presentation/v3/ark:/12148/bd6t529117j/manifest.json'
For more information check: https://developer.mozilla.org/en-US/docs/Web/HTTP/Status/403",2026-07-17T11:57:25.025814
combat,bd6t529118w,,failed,0,0,,http_manifest,known,403,manifest,"Client error '403 ' for url 'https://openapiproext.bnf.fr/iiif/presentation/v3/ark:/12148/bd6t529118w/manifest.json'
For more information check: https://developer.mozilla.org/en-US/docs/Web/HTTP/Status/403",2026-07-17T11:57:26.225723
combat,bd6t5291197,,failed,0,0,,http_manifest,known,403,manifest,"Client error '403 ' for url 'https://openapiproext.bnf.fr/iiif/presentation/v3/ark:/12148/bd6t5291197/manifest.json'
For more information check: https://developer.mozilla.org/en-US/docs/Web/HTTP/Status/403",2026-07-17T11:57:27.457502
combat,bd6t529120f,,failed,0,0,,http_manifest,known,403,manifest,"Client error '403 ' for url 'https://openapiproext.bnf.fr/iiif/presentation/v3/ark:/12148/bd6t529120f/manifest.json'
For more information check: https://developer.mozilla.org/en-US/docs/Web/HTTP/Status/403",2026-07-17T11:57:28.630116
combat,bd6t529121s,,failed,0,0,,http_manifest,known,403,manifest,"Client error '403 ' for url 'https://openapiproext.bnf.fr/iiif/presentation/v3/ark:/12148/bd6t529121s/manifest.json'
For more information check: https://developer.mozilla.org/en-US/docs/Web/HTTP/Status/403",2026-07-17T11:57:29.832242
combat,bd6t5291224,,failed,0,0,,http_manifest,known,403,manifest,"Client error '403 ' for url 'https://openapiproext.bnf.fr/iiif/presentation/v3/ark:/12148/bd6t5291224/manifest.json'
For more information check: https://developer.mozilla.org/en-US/docs/Web/HTTP/Status/403",2026-07-17T11:57:31.028707
combat,bd6t529303d,,failed,0,0,,http_manifest,known,403,manifest,"Client error '403 ' for url 'https://openapiproext.bnf.fr/iiif/presentation/v3/ark:/12148/bd6t529303d/manifest.json'
For more information check: https://developer.mozilla.org/en-US/docs/Web/HTTP/Status/403",2026-07-17T11:57:32.235377
combat,bd6t529304r,,failed,0,0,,http_manifest,known,403,manifest,"Client error '403 ' for url 'https://openapiproext.bnf.fr/iiif/presentation/v3/ark:/12148/bd6t529304r/manifest.json'
For more information check: https://developer.mozilla.org/en-US/docs/Web/HTTP/Status/403",2026-07-17T11:57:33.439527
combat,bd6t5293053,,failed,0,0,,http_manifest,known,403,manifest,"Client error '403 ' for url 'https://openapiproext.bnf.fr/iiif/presentation/v3/ark:/12148/bd6t5293053/manifest.json'
For more information check: https://developer.mozilla.org/en-US/docs/Web/HTTP/Status/403",2026-07-17T11:57:34.636538
combat,bd6t529306f,,failed,0,0,,http_manifest,known,403,manifest,"Client error '403 ' for url 'https://openapiproext.bnf.fr/iiif/presentation/v3/ark:/12148/bd6t529306f/manifest.json'
For more information check: https://developer.mozilla.org/en-US/docs/Web/HTTP/Status/403",2026-07-17T11:57:35.846224
combat,bd6t529307s,,failed,0,0,,http_manifest,known,403,manifest,"Client error '403 ' for url 'https://openapiproext.bnf.fr/iiif/presentation/v3/ark:/12148/bd6t529307s/manifest.json'
For more information check: https://developer.mozilla.org/en-US/docs/Web/HTTP/Status/403",2026-07-17T11:57:37.039294
combat,bd6t5293084,,failed,0,0,,http_manifest,known,403,manifest,"Client error '403 ' for url 'https://openapiproext.bnf.fr/iiif/presentation/v3/ark:/12148/bd6t5293084/manifest.json'
For more information check: https://developer.mozilla.org/en-US/docs/Web/HTTP/Status/403",2026-07-17T11:57:38.247695
combat,bd6t529309g,,failed,0,0,,http_manifest,known,403,manifest,"Client error '403 ' for url 'https://openapiproext.bnf.fr/iiif/presentation/v3/ark:/12148/bd6t529309g/manifest.json'
For more information check: https://developer.mozilla.org/en-US/docs/Web/HTTP/Status/403",2026-07-17T11:57:39.468892
combat,bd6t529310p,,failed,0,0,,http_manifest,known,403,manifest,"Client error '403 ' for url 'https://openapiproext.bnf.fr/iiif/presentation/v3/ark:/12148/bd6t529310p/manifest.json'
For more information check: https://developer.mozilla.org/en-US/docs/Web/HTTP/Status/403",2026-07-17T11:57:40.644399
combat,bd6t5293111,,failed,0,0,,http_manifest,known,403,manifest,"Client error '403 ' for url 'https://openapiproext.bnf.fr/iiif/presentation/v3/ark:/12148/bd6t5293111/manifest.json'
For more information check: https://developer.mozilla.org/en-US/docs/Web/HTTP/Status/403",2026-07-17T11:57:41.844990
combat,bd6t529312c,,failed,0,0,,http_manifest,known,403,manifest,"Client error '403 ' for url 'https://openapiproext.bnf.fr/iiif/presentation/v3/ark:/12148/bd6t529312c/manifest.json'
For more information check: https://developer.mozilla.org/en-US/docs/Web/HTTP/Status/403",2026-07-17T11:57:43.057359
combat,bd6t529313q,,failed,0,0,,http_manifest,known,403,manifest,"Client error '403 ' for url 'https://openapiproext.bnf.fr/iiif/presentation/v3/ark:/12148/bd6t529313q/manifest.json'
For more information check: https://developer.mozilla.org/en-US/docs/Web/HTTP/Status/403",2026-07-17T11:57:44.249438
combat,bd6t5293142,,failed,0,0,,http_manifest,known,403,manifest,"Client error '403 ' for url 'https://openapiproext.bnf.fr/iiif/presentation/v3/ark:/12148/bd6t5293142/manifest.json'
For more information check: https://developer.mozilla.org/en-US/docs/Web/HTTP/Status/403",2026-07-17T11:57:45.480351
combat,bd6t529315d,,failed,0,0,,http_manifest,known,403,manifest,"Client error '403 ' for url 'https://openapiproext.bnf.fr/iiif/presentation/v3/ark:/12148/bd6t529315d/manifest.json'
For more information check: https://developer.mozilla.org/en-US/docs/Web/HTTP/Status/403",2026-07-17T11:57:46.653304
combat,bd6t529316r,,failed,0,0,,http_manifest,known,403,manifest,"Client error '403 ' for url 'https://openapiproext.bnf.fr/iiif/presentation/v3/ark:/12148/bd6t529316r/manifest.json'
For more information check: https://developer.mozilla.org/en-US/docs/Web/HTTP/Status/403",2026-07-17T11:57:47.857228
combat,bd6t5293173,,failed,0,0,,http_manifest,known,403,manifest,"Client error '403 ' for url 'https://openapiproext.bnf.fr/iiif/presentation/v3/ark:/12148/bd6t5293173/manifest.json'
For more information check: https://developer.mozilla.org/en-US/docs/Web/HTTP/Status/403",2026-07-17T11:57:49.057235
combat,bd6t529318f,,failed,0,0,,http_manifest,known,403,manifest,"Client error '403 ' for url 'https://openapiproext.bnf.fr/iiif/presentation/v3/ark:/12148/bd6t529318f/manifest.json'
For more information check: https://developer.mozilla.org/en-US/docs/Web/HTTP/Status/403",2026-07-17T11:57:50.258686
combat,bd6t529319s,,failed,0,0,,http_manifest,known,403,manifest,"Client error '403 ' for url 'https://openapiproext.bnf.fr/iiif/presentation/v3/ark:/12148/bd6t529319s/manifest.json'
For more information check: https://developer.mozilla.org/en-US/docs/Web/HTTP/Status/403",2026-07-17T11:57:51.461720
combat,bd6t5293200,,failed,0,0,,http_manifest,known,403,manifest,"Client error '403 ' for url 'https://openapiproext.bnf.fr/iiif/presentation/v3/ark:/12148/bd6t5293200/manifest.json'
For more information check: https://developer.mozilla.org/en-US/docs/Web/HTTP/Status/403",2026-07-17T11:57:52.661668
combat,bd6t529321b,,failed,0,0,,http_manifest,known,403,manifest,"Client error '403 ' for url 'https://openapiproext.bnf.fr/iiif/presentation/v3/ark:/12148/bd6t529321b/manifest.json'
For more information check: https://developer.mozilla.org/en-US/docs/Web/HTTP/Status/403",2026-07-17T11:57:53.869574
combat,bd6t529322p,,failed,0,0,,http_manifest,known,403,manifest,"Client error '403 ' for url 'https://openapiproext.bnf.fr/iiif/presentation/v3/ark:/12148/bd6t529322p/manifest.json'
For more information check: https://developer.mozilla.org/en-US/docs/Web/HTTP/Status/403",2026-07-17T11:57:55.065562
combat,bd6t5293231,,failed,0,0,,http_manifest,known,403,manifest,"Client error '403 ' for url 'https://openapiproext.bnf.fr/iiif/presentation/v3/ark:/12148/bd6t5293231/manifest.json'
For more information check: https://developer.mozilla.org/en-US/docs/Web/HTTP/Status/403",2026-07-17T11:57:56.269202
combat,bd6t529324c,,failed,0,0,,http_manifest,known,403,manifest,"Client error '403 ' for url 'https://openapiproext.bnf.fr/iiif/presentation/v3/ark:/12148/bd6t529324c/manifest.json'
For more information check: https://developer.mozilla.org/en-US/docs/Web/HTTP/Status/403",2026-07-17T11:57:57.714811
combat,bd6t529325q,,failed,0,0,,http_manifest,known,403,manifest,"Client error '403 ' for url 'https://openapiproext.bnf.fr/iiif/presentation/v3/ark:/12148/bd6t529325q/manifest.json'
For more information check: https://developer.mozilla.org/en-US/docs/Web/HTTP/Status/403",2026-07-17T11:57:58.672158
combat,bd6t5293262,,failed,0,0,,http_manifest,known,403,manifest,"Client error '403 ' for url 'https://openapiproext.bnf.fr/iiif/presentation/v3/ark:/12148/bd6t5293262/manifest.json'
For more information check: https://developer.mozilla.org/en-US/docs/Web/HTTP/Status/403",2026-07-17T11:58:00.043671
combat,bd6t529327d,,failed,0,0,,http_manifest,known,403,manifest,"Client error '403 ' for url 'https://openapiproext.bnf.fr/iiif/presentation/v3/ark:/12148/bd6t529327d/manifest.json'
For more information check: https://developer.mozilla.org/en-US/docs/Web/HTTP/Status/403",2026-07-17T11:58:01.153799
combat,bd6t529328r,,failed,0,0,,http_manifest,known,403,manifest,"Client error '403 ' for url 'https://openapiproext.bnf.fr/iiif/presentation/v3/ark:/12148/bd6t529328r/manifest.json'
For more information check: https://developer.mozilla.org/en-US/docs/Web/HTTP/Status/403",2026-07-17T11:58:02.357882
combat,bd6t5293293,,failed,0,0,,http_manifest,known,403,manifest,"Client error '403 ' for url 'https://openapiproext.bnf.fr/iiif/presentation/v3/ark:/12148/bd6t5293293/manifest.json'
For more information check: https://developer.mozilla.org/en-US/docs/Web/HTTP/Status/403",2026-07-17T11:58:03.587768
combat,bd6t5293309,,failed,0,0,,http_manifest,known,403,manifest,"Client error '403 ' for url 'https://openapiproext.bnf.fr/iiif/presentation/v3/ark:/12148/bd6t5293309/manifest.json'
For more information check: https://developer.mozilla.org/en-US/docs/Web/HTTP/Status/403",2026-07-17T11:58:04.887146
combat,bd6t529331n,,failed,0,0,,http_manifest,known,403,manifest,"Client error '403 ' for url 'https://openapiproext.bnf.fr/iiif/presentation/v3/ark:/12148/bd6t529331n/manifest.json'
For more information check: https://developer.mozilla.org/en-US/docs/Web/HTTP/Status/403",2026-07-17T11:58:06.075552
combat,bd6t5293320,,failed,0,0,,http_manifest,known,403,manifest,"Client error '403 ' for url 'https://openapiproext.bnf.fr/iiif/presentation/v3/ark:/12148/bd6t5293320/manifest.json'
For more information check: https://developer.mozilla.org/en-US/docs/Web/HTTP/Status/403",2026-07-17T11:58:07.085175
combat,bd6t529333b,,failed,0,0,,http_manifest,known,403,manifest,"Client error '403 ' for url 'https://openapiproext.bnf.fr/iiif/presentation/v3/ark:/12148/bd6t529333b/manifest.json'
For more information check: https://developer.mozilla.org/en-US/docs/Web/HTTP/Status/403",2026-07-17T11:58:08.290083
combat,bd6t529334p,,failed,0,0,,http_manifest,known,403,manifest,"Client error '403 ' for url 'https://openapiproext.bnf.fr/iiif/presentation/v3/ark:/12148/bd6t529334p/manifest.json'
For more information check: https://developer.mozilla.org/en-US/docs/Web/HTTP/Status/403",2026-07-17T11:58:09.510363
combat,bd6t5293351,,failed,0,0,,http_manifest,known,403,manifest,"Client error '403 ' for url 'https://openapiproext.bnf.fr/iiif/presentation/v3/ark:/12148/bd6t5293351/manifest.json'
For more information check: https://developer.mozilla.org/en-US/docs/Web/HTTP/Status/403",2026-07-17T11:58:10.692924
combat,bd6t529336c,,failed,0,0,,http_manifest,known,403,manifest,"Client error '403 ' for url 'https://openapiproext.bnf.fr/iiif/presentation/v3/ark:/12148/bd6t529336c/manifest.json'
For more information check: https://developer.mozilla.org/en-US/docs/Web/HTTP/Status/403",2026-07-17T11:58:11.894274
combat,bd6t529337q,,failed,0,0,,http_manifest,known,403,manifest,"Client error '403 ' for url 'https://openapiproext.bnf.fr/iiif/presentation/v3/ark:/12148/bd6t529337q/manifest.json'
For more information check: https://developer.mozilla.org/en-US/docs/Web/HTTP/Status/403",2026-07-17T11:58:13.104653
combat,bd6t5293382,,failed,0,0,,http_manifest,known,403,manifest,"Client error '403 ' for url 'https://openapiproext.bnf.fr/iiif/presentation/v3/ark:/12148/bd6t5293382/manifest.json'
For more information check: https://developer.mozilla.org/en-US/docs/Web/HTTP/Status/403",2026-07-17T11:58:14.294544
combat,bd6t529339d,,failed,0,0,,http_manifest,known,403,manifest,"Client error '403 ' for url 'https://openapiproext.bnf.fr/iiif/presentation/v3/ark:/12148/bd6t529339d/manifest.json'
For more information check: https://developer.mozilla.org/en-US/docs/Web/HTTP/Status/403",2026-07-17T11:58:15.548200
combat,bd6t529340m,,failed,0,0,,http_manifest,known,403,manifest,"Client error '403 ' for url 'https://openapiproext.bnf.fr/iiif/presentation/v3/ark:/12148/bd6t529340m/manifest.json'
For more information check: https://developer.mozilla.org/en-US/docs/Web/HTTP/Status/403",2026-07-17T11:58:16.701017
combat,bd6t529341z,,failed,0,0,,http_manifest,known,403,manifest,"Client error '403 ' for url 'https://openapiproext.bnf.fr/iiif/presentation/v3/ark:/12148/bd6t529341z/manifest.json'
For more information check: https://developer.mozilla.org/en-US/docs/Web/HTTP/Status/403",2026-07-17T11:58:17.903132
combat,bd6t5293429,,failed,0,0,,http_manifest,known,403,manifest,"Client error '403 ' for url 'https://openapiproext.bnf.fr/iiif/presentation/v3/ark:/12148/bd6t5293429/manifest.json'
For more information check: https://developer.mozilla.org/en-US/docs/Web/HTTP/Status/403",2026-07-17T11:58:19.103851
combat,bd6t529343n,,failed,0,0,,http_manifest,known,403,manifest,"Client error '403 ' for url 'https://openapiproext.bnf.fr/iiif/presentation/v3/ark:/12148/bd6t529343n/manifest.json'
For more information check: https://developer.mozilla.org/en-US/docs/Web/HTTP/Status/403",2026-07-17T11:58:20.303653
combat,bd6t5293440,,failed,0,0,,http_manifest,known,403,manifest,"Client error '403 ' for url 'https://openapiproext.bnf.fr/iiif/presentation/v3/ark:/12148/bd6t5293440/manifest.json'
For more information check: https://developer.mozilla.org/en-US/docs/Web/HTTP/Status/403",2026-07-17T11:58:21.502145
combat,bd6t529345b,,failed,0,0,,http_manifest,known,403,manifest,"Client error '403 ' for url 'https://openapiproext.bnf.fr/iiif/presentation/v3/ark:/12148/bd6t529345b/manifest.json'
For more information check: https://developer.mozilla.org/en-US/docs/Web/HTTP/Status/403",2026-07-17T11:58:22.706641
combat,bd6t529346p,,failed,0,0,,http_manifest,known,403,manifest,"Client error '403 ' for url 'https://openapiproext.bnf.fr/iiif/presentation/v3/ark:/12148/bd6t529346p/manifest.json'
For more information check: https://developer.mozilla.org/en-US/docs/Web/HTTP/Status/403",2026-07-17T11:58:23.906552
combat,bd6t5293471,,failed,0,0,,http_manifest,known,403,manifest,"Client error '403 ' for url 'https://openapiproext.bnf.fr/iiif/presentation/v3/ark:/12148/bd6t5293471/manifest.json'
For more information check: https://developer.mozilla.org/en-US/docs/Web/HTTP/Status/403",2026-07-17T11:58:25.109187
combat,bd6t529348c,,failed,0,0,,http_manifest,known,403,manifest,"Client error '403 ' for url 'https://openapiproext.bnf.fr/iiif/presentation/v3/ark:/12148/bd6t529348c/manifest.json'
For more information check: https://developer.mozilla.org/en-US/docs/Web/HTTP/Status/403",2026-07-17T11:58:26.315669
combat,bd6t529349q,,failed,0,0,,http_manifest,known,403,manifest,"Client error '403 ' for url 'https://openapiproext.bnf.fr/iiif/presentation/v3/ark:/12148/bd6t529349q/manifest.json'
For more information check: https://developer.mozilla.org/en-US/docs/Web/HTTP/Status/403",2026-07-17T11:58:27.536067
combat,bd6t529350x,,failed,0,0,,http_manifest,known,403,manifest,"Client error '403 ' for url 'https://openapiproext.bnf.fr/iiif/presentation/v3/ark:/12148/bd6t529350x/manifest.json'
For more information check: https://developer.mozilla.org/en-US/docs/Web/HTTP/Status/403",2026-07-17T11:58:28.715147
combat,bd6t5293518,,failed,0,0,,http_manifest,known,403,manifest,"Client error '403 ' for url 'https://openapiproext.bnf.fr/iiif/presentation/v3/ark:/12148/bd6t5293518/manifest.json'
For more information check: https://developer.mozilla.org/en-US/docs/Web/HTTP/Status/403",2026-07-17T11:58:29.917439
combat,bd6t529352m,,failed,0,0,,http_manifest,known,403,manifest,"Client error '403 ' for url 'https://openapiproext.bnf.fr/iiif/presentation/v3/ark:/12148/bd6t529352m/manifest.json'
For more information check: https://developer.mozilla.org/en-US/docs/Web/HTTP/Status/403",2026-07-17T11:58:31.119663
combat,bd6t529353z,,failed,0,0,,http_manifest,known,403,manifest,"Client error '403 ' for url 'https://openapiproext.bnf.fr/iiif/presentation/v3/ark:/12148/bd6t529353z/manifest.json'
For more information check: https://developer.mozilla.org/en-US/docs/Web/HTTP/Status/403",2026-07-17T11:58:32.320546
combat,bd6t5293549,,failed,0,0,,http_manifest,known,403,manifest,"Client error '403 ' for url 'https://openapiproext.bnf.fr/iiif/presentation/v3/ark:/12148/bd6t5293549/manifest.json'
For more information check: https://developer.mozilla.org/en-US/docs/Web/HTTP/Status/403",2026-07-17T11:58:33.545373
combat,bd6t529355n,,failed,0,0,,http_manifest,known,403,manifest,"Client error '403 ' for url 'https://openapiproext.bnf.fr/iiif/presentation/v3/ark:/12148/bd6t529355n/manifest.json'
For more information check: https://developer.mozilla.org/en-US/docs/Web/HTTP/Status/403",2026-07-17T11:58:34.721692
combat,bd6t5292510,,failed,0,0,,http_manifest,known,403,manifest,"Client error '403 ' for url 'https://openapiproext.bnf.fr/iiif/presentation/v3/ark:/12148/bd6t5292510/manifest.json'
For more information check: https://developer.mozilla.org/en-US/docs/Web/HTTP/Status/403",2026-07-17T11:58:35.943347
combat,bd6t529252b,,failed,0,0,,http_manifest,known,403,manifest,"Client error '403 ' for url 'https://openapiproext.bnf.fr/iiif/presentation/v3/ark:/12148/bd6t529252b/manifest.json'
For more information check: https://developer.mozilla.org/en-US/docs/Web/HTTP/Status/403",2026-07-17T11:58:37.125193
combat,bd6t529253p,,failed,0,0,,http_manifest,known,403,manifest,"Client error '403 ' for url 'https://openapiproext.bnf.fr/iiif/presentation/v3/ark:/12148/bd6t529253p/manifest.json'
For more information check: https://developer.mozilla.org/en-US/docs/Web/HTTP/Status/403",2026-07-17T11:58:38.328981
combat,bd6t5292541,,failed,0,0,,http_manifest,known,403,manifest,"Client error '403 ' for url 'https://openapiproext.bnf.fr/iiif/presentation/v3/ark:/12148/bd6t5292541/manifest.json'
For more information check: https://developer.mozilla.org/en-US/docs/Web/HTTP/Status/403",2026-07-17T11:58:39.525046
combat,bd6t529255c,,failed,0,0,,http_manifest,known,403,manifest,"Client error '403 ' for url 'https://openapiproext.bnf.fr/iiif/presentation/v3/ark:/12148/bd6t529255c/manifest.json'
For more information check: https://developer.mozilla.org/en-US/docs/Web/HTTP/Status/403",2026-07-17T11:58:40.727984
combat,bd6t529256q,,failed,0,0,,http_manifest,known,403,manifest,"Client error '403 ' for url 'https://openapiproext.bnf.fr/iiif/presentation/v3/ark:/12148/bd6t529256q/manifest.json'
For more information check: https://developer.mozilla.org/en-US/docs/Web/HTTP/Status/403",2026-07-17T11:58:41.926103
combat,bd6t5292572,,failed,0,0,,http_manifest,known,403,manifest,"Client error '403 ' for url 'https://openapiproext.bnf.fr/iiif/presentation/v3/ark:/12148/bd6t5292572/manifest.json'
For more information check: https://developer.mozilla.org/en-US/docs/Web/HTTP/Status/403",2026-07-17T11:58:43.128927
combat,bd6t529258d,,failed,0,0,,http_manifest,known,403,manifest,"Client error '403 ' for url 'https://openapiproext.bnf.fr/iiif/presentation/v3/ark:/12148/bd6t529258d/manifest.json'
For more information check: https://developer.mozilla.org/en-US/docs/Web/HTTP/Status/403",2026-07-17T11:58:44.335586
combat,bd6t529259r,,failed,0,0,,http_manifest,known,403,manifest,"Client error '403 ' for url 'https://openapiproext.bnf.fr/iiif/presentation/v3/ark:/12148/bd6t529259r/manifest.json'
For more information check: https://developer.mozilla.org/en-US/docs/Web/HTTP/Status/403",2026-07-17T11:58:45.560454
combat,bd6t529260z,,failed,0,0,,http_manifest,known,403,manifest,"Client error '403 ' for url 'https://openapiproext.bnf.fr/iiif/presentation/v3/ark:/12148/bd6t529260z/manifest.json'
For more information check: https://developer.mozilla.org/en-US/docs/Web/HTTP/Status/403",2026-07-17T11:58:46.736491
combat,bd6t5292619,,failed,0,0,,http_manifest,known,403,manifest,"Client error '403 ' for url 'https://openapiproext.bnf.fr/iiif/presentation/v3/ark:/12148/bd6t5292619/manifest.json'
For more information check: https://developer.mozilla.org/en-US/docs/Web/HTTP/Status/403",2026-07-17T11:58:47.941330
combat,bd6t529262n,,failed,0,0,,http_manifest,known,403,manifest,"Client error '403 ' for url 'https://openapiproext.bnf.fr/iiif/presentation/v3/ark:/12148/bd6t529262n/manifest.json'
For more information check: https://developer.mozilla.org/en-US/docs/Web/HTTP/Status/403",2026-07-17T11:58:49.141455
combat,bd6t5292630,,failed,0,0,,http_manifest,known,403,manifest,"Client error '403 ' for url 'https://openapiproext.bnf.fr/iiif/presentation/v3/ark:/12148/bd6t5292630/manifest.json'
For more information check: https://developer.mozilla.org/en-US/docs/Web/HTTP/Status/403",2026-07-17T11:58:50.342883
combat,bd6t529264b,,failed,0,0,,http_manifest,known,403,manifest,"Client error '403 ' for url 'https://openapiproext.bnf.fr/iiif/presentation/v3/ark:/12148/bd6t529264b/manifest.json'
For more information check: https://developer.mozilla.org/en-US/docs/Web/HTTP/Status/403",2026-07-17T11:58:51.544928
combat,bd6t529265p,,failed,0,0,,http_manifest,known,403,manifest,"Client error '403 ' for url 'https://openapiproext.bnf.fr/iiif/presentation/v3/ark:/12148/bd6t529265p/manifest.json'
For more information check: https://developer.mozilla.org/en-US/docs/Web/HTTP/Status/403",2026-07-17T11:58:52.742806
combat,bd6t5292661,,failed,0,0,,http_manifest,known,403,manifest,"Client error '403 ' for url 'https://openapiproext.bnf.fr/iiif/presentation/v3/ark:/12148/bd6t5292661/manifest.json'
For more information check: https://developer.mozilla.org/en-US/docs/Web/HTTP/Status/403",2026-07-17T11:58:53.945169
combat,bd6t529267c,,failed,0,0,,http_manifest,known,403,manifest,"Client error '403 ' for url 'https://openapiproext.bnf.fr/iiif/presentation/v3/ark:/12148/bd6t529267c/manifest.json'
For more information check: https://developer.mozilla.org/en-US/docs/Web/HTTP/Status/403",2026-07-17T11:58:55.154573
combat,bd6t529268q,,failed,0,0,,http_manifest,known,403,manifest,"Client error '403 ' for url 'https://openapiproext.bnf.fr/iiif/presentation/v3/ark:/12148/bd6t529268q/manifest.json'
For more information check: https://developer.mozilla.org/en-US/docs/Web/HTTP/Status/403",2026-07-17T11:58:56.352037
combat,bd6t5292692,,failed,0,0,,http_manifest,known,403,manifest,"Client error '403 ' for url 'https://openapiproext.bnf.fr/iiif/presentation/v3/ark:/12148/bd6t5292692/manifest.json'
For more information check: https://developer.mozilla.org/en-US/docs/Web/HTTP/Status/403",2026-07-17T11:58:57.774986
combat,bd6t5292708,,failed,0,0,,http_manifest,known,403,manifest,"Client error '403 ' for url 'https://openapiproext.bnf.fr/iiif/presentation/v3/ark:/12148/bd6t5292708/manifest.json'
For more information check: https://developer.mozilla.org/en-US/docs/Web/HTTP/Status/403",2026-07-17T11:58:58.759592
combat,bd6t529271m,,failed,0,0,,http_manifest,known,403,manifest,"Client error '403 ' for url 'https://openapiproext.bnf.fr/iiif/presentation/v3/ark:/12148/bd6t529271m/manifest.json'
For more information check: https://developer.mozilla.org/en-US/docs/Web/HTTP/Status/403",2026-07-17T11:59:00.155705
combat,bd6t529272z,,failed,0,0,,http_manifest,known,403,manifest,"Client error '403 ' for url 'https://openapiproext.bnf.fr/iiif/presentation/v3/ark:/12148/bd6t529272z/manifest.json'
For more information check: https://developer.mozilla.org/en-US/docs/Web/HTTP/Status/403",2026-07-17T11:59:01.305375
combat,bd6t5292739,,failed,0,0,,http_manifest,known,403,manifest,"Client error '403 ' for url 'https://openapiproext.bnf.fr/iiif/presentation/v3/ark:/12148/bd6t5292739/manifest.json'
For more information check: https://developer.mozilla.org/en-US/docs/Web/HTTP/Status/403",2026-07-17T11:59:02.358165
combat,bd6t529274n,,failed,0,0,,http_manifest,known,403,manifest,"Client error '403 ' for url 'https://openapiproext.bnf.fr/iiif/presentation/v3/ark:/12148/bd6t529274n/manifest.json'
For more information check: https://developer.mozilla.org/en-US/docs/Web/HTTP/Status/403",2026-07-17T11:59:03.796603
combat,bd6t5292750,,failed,0,0,,http_manifest,known,403,manifest,"Client error '403 ' for url 'https://openapiproext.bnf.fr/iiif/presentation/v3/ark:/12148/bd6t5292750/manifest.json'
For more information check: https://developer.mozilla.org/en-US/docs/Web/HTTP/Status/403",2026-07-17T11:59:04.891372
combat,bd6t529276b,,failed,0,0,,http_manifest,known,403,manifest,"Client error '403 ' for url 'https://openapiproext.bnf.fr/iiif/presentation/v3/ark:/12148/bd6t529276b/manifest.json'
For more information check: https://developer.mozilla.org/en-US/docs/Web/HTTP/Status/403",2026-07-17T11:59:06.042379
combat,bd6t529277p,,failed,0,0,,http_manifest,known,403,manifest,"Client error '403 ' for url 'https://openapiproext.bnf.fr/iiif/presentation/v3/ark:/12148/bd6t529277p/manifest.json'
For more information check: https://developer.mozilla.org/en-US/docs/Web/HTTP/Status/403",2026-07-17T11:59:07.171348
combat,bd6t5292781,,failed,0,0,,http_manifest,known,403,manifest,"Client error '403 ' for url 'https://openapiproext.bnf.fr/iiif/presentation/v3/ark:/12148/bd6t5292781/manifest.json'
For more information check: https://developer.mozilla.org/en-US/docs/Web/HTTP/Status/403",2026-07-17T11:59:08.366812
combat,bd6t529279c,,failed,0,0,,http_manifest,known,403,manifest,"Client error '403 ' for url 'https://openapiproext.bnf.fr/iiif/presentation/v3/ark:/12148/bd6t529279c/manifest.json'
For more information check: https://developer.mozilla.org/en-US/docs/Web/HTTP/Status/403",2026-07-17T11:59:09.570644
combat,bd6t529280k,,failed,0,0,,http_manifest,known,403,manifest,"Client error '403 ' for url 'https://openapiproext.bnf.fr/iiif/presentation/v3/ark:/12148/bd6t529280k/manifest.json'
For more information check: https://developer.mozilla.org/en-US/docs/Web/HTTP/Status/403",2026-07-17T11:59:10.771206
combat,bd6t529281x,,failed,0,0,,http_manifest,known,403,manifest,"Client error '403 ' for url 'https://openapiproext.bnf.fr/iiif/presentation/v3/ark:/12148/bd6t529281x/manifest.json'
For more information check: https://developer.mozilla.org/en-US/docs/Web/HTTP/Status/403",2026-07-17T11:59:12.075751
combat,bd6t5292828,,failed,0,0,,http_manifest,known,403,manifest,"Client error '403 ' for url 'https://openapiproext.bnf.fr/iiif/presentation/v3/ark:/12148/bd6t5292828/manifest.json'
For more information check: https://developer.mozilla.org/en-US/docs/Web/HTTP/Status/403",2026-07-17T11:59:13.312633
combat,bd6t529283m,,failed,0,0,,http_manifest,known,403,manifest,"Client error '403 ' for url 'https://openapiproext.bnf.fr/iiif/presentation/v3/ark:/12148/bd6t529283m/manifest.json'
For more information check: https://developer.mozilla.org/en-US/docs/Web/HTTP/Status/403",2026-07-17T11:59:14.374086
combat,bd6t529284z,,failed,0,0,,http_manifest,known,403,manifest,"Client error '403 ' for url 'https://openapiproext.bnf.fr/iiif/presentation/v3/ark:/12148/bd6t529284z/manifest.json'
For more information check: https://developer.mozilla.org/en-US/docs/Web/HTTP/Status/403",2026-07-17T11:59:15.750374
combat,bd6t5292859,,failed,0,0,,http_manifest,known,403,manifest,"Client error '403 ' for url 'https://openapiproext.bnf.fr/iiif/presentation/v3/ark:/12148/bd6t5292859/manifest.json'
For more information check: https://developer.mozilla.org/en-US/docs/Web/HTTP/Status/403",2026-07-17T11:59:16.970588
combat,bd6t529286n,,failed,0,0,,http_manifest,known,403,manifest,"Client error '403 ' for url 'https://openapiproext.bnf.fr/iiif/presentation/v3/ark:/12148/bd6t529286n/manifest.json'
For more information check: https://developer.mozilla.org/en-US/docs/Web/HTTP/Status/403",2026-07-17T11:59:18.181415
combat,bd6t5292870,,failed,0,0,,http_manifest,known,403,manifest,"Client error '403 ' for url 'https://openapiproext.bnf.fr/iiif/presentation/v3/ark:/12148/bd6t5292870/manifest.json'
For more information check: https://developer.mozilla.org/en-US/docs/Web/HTTP/Status/403",2026-07-17T11:59:19.182635
combat,bd6t529288b,,failed,0,0,,http_manifest,known,403,manifest,"Client error '403 ' for url 'https://openapiproext.bnf.fr/iiif/presentation/v3/ark:/12148/bd6t529288b/manifest.json'
For more information check: https://developer.mozilla.org/en-US/docs/Web/HTTP/Status/403",2026-07-17T11:59:20.382905
combat,bd6t529289p,,failed,0,0,,http_manifest,known,403,manifest,"Client error '403 ' for url 'https://openapiproext.bnf.fr/iiif/presentation/v3/ark:/12148/bd6t529289p/manifest.json'
For more information check: https://developer.mozilla.org/en-US/docs/Web/HTTP/Status/403",2026-07-17T11:59:21.587533
combat,bd6t529290w,,failed,0,0,,http_manifest,known,403,manifest,"Client error '403 ' for url 'https://openapiproext.bnf.fr/iiif/presentation/v3/ark:/12148/bd6t529290w/manifest.json'
For more information check: https://developer.mozilla.org/en-US/docs/Web/HTTP/Status/403",2026-07-17T11:59:22.788726
combat,bd6t5292917,,failed,0,0,,http_manifest,known,403,manifest,"Client error '403 ' for url 'https://openapiproext.bnf.fr/iiif/presentation/v3/ark:/12148/bd6t5292917/manifest.json'
For more information check: https://developer.mozilla.org/en-US/docs/Web/HTTP/Status/403",2026-07-17T11:59:23.992159
combat,bd6t529292k,,failed,0,0,,http_manifest,known,403,manifest,"Client error '403 ' for url 'https://openapiproext.bnf.fr/iiif/presentation/v3/ark:/12148/bd6t529292k/manifest.json'
For more information check: https://developer.mozilla.org/en-US/docs/Web/HTTP/Status/403",2026-07-17T11:59:25.192120
combat,bd6t529293x,,failed,0,0,,http_manifest,known,403,manifest,"Client error '403 ' for url 'https://openapiproext.bnf.fr/iiif/presentation/v3/ark:/12148/bd6t529293x/manifest.json'
For more information check: https://developer.mozilla.org/en-US/docs/Web/HTTP/Status/403",2026-07-17T11:59:26.396078
combat,bd6t5292948,,failed,0,0,,http_manifest,known,403,manifest,"Client error '403 ' for url 'https://openapiproext.bnf.fr/iiif/presentation/v3/ark:/12148/bd6t5292948/manifest.json'
For more information check: https://developer.mozilla.org/en-US/docs/Web/HTTP/Status/403",2026-07-17T11:59:27.621186
combat,bd6t529295m,,failed,0,0,,http_manifest,known,403,manifest,"Client error '403 ' for url 'https://openapiproext.bnf.fr/iiif/presentation/v3/ark:/12148/bd6t529295m/manifest.json'
For more information check: https://developer.mozilla.org/en-US/docs/Web/HTTP/Status/403",2026-07-17T11:59:28.799100
combat,bd6t529296z,,failed,0,0,,http_manifest,known,403,manifest,"Client error '403 ' for url 'https://openapiproext.bnf.fr/iiif/presentation/v3/ark:/12148/bd6t529296z/manifest.json'
For more information check: https://developer.mozilla.org/en-US/docs/Web/HTTP/Status/403",2026-07-17T11:59:29.999447
combat,bd6t5292979,,failed,0,0,,http_manifest,known,403,manifest,"Client error '403 ' for url 'https://openapiproext.bnf.fr/iiif/presentation/v3/ark:/12148/bd6t5292979/manifest.json'
For more information check: https://developer.mozilla.org/en-US/docs/Web/HTTP/Status/403",2026-07-17T11:59:31.199129
combat,bd6t529298n,,failed,0,0,,http_manifest,known,403,manifest,"Client error '403 ' for url 'https://openapiproext.bnf.fr/iiif/presentation/v3/ark:/12148/bd6t529298n/manifest.json'
For more information check: https://developer.mozilla.org/en-US/docs/Web/HTTP/Status/403",2026-07-17T11:59:32.438086
combat,bd6t5292990,,failed,0,0,,http_manifest,known,403,manifest,"Client error '403 ' for url 'https://openapiproext.bnf.fr/iiif/presentation/v3/ark:/12148/bd6t5292990/manifest.json'
For more information check: https://developer.mozilla.org/en-US/docs/Web/HTTP/Status/403",2026-07-17T11:59:33.628590
combat,bd6t529300c,,failed,0,0,,http_manifest,known,403,manifest,"Client error '403 ' for url 'https://openapiproext.bnf.fr/iiif/presentation/v3/ark:/12148/bd6t529300c/manifest.json'
For more information check: https://developer.mozilla.org/en-US/docs/Web/HTTP/Status/403",2026-07-17T11:59:34.809415
combat,bd6t529301q,,failed,0,0,,http_manifest,known,403,manifest,"Client error '403 ' for url 'https://openapiproext.bnf.fr/iiif/presentation/v3/ark:/12148/bd6t529301q/manifest.json'
For more information check: https://developer.mozilla.org/en-US/docs/Web/HTTP/Status/403",2026-07-17T11:59:36.019759
combat,bd6t5293022,,failed,0,0,,http_manifest,known,403,manifest,"Client error '403 ' for url 'https://openapiproext.bnf.fr/iiif/presentation/v3/ark:/12148/bd6t5293022/manifest.json'
For more information check: https://developer.mozilla.org/en-US/docs/Web/HTTP/Status/403",2026-07-17T11:59:37.214926
combat,bd6t529722s,,failed,0,0,,http_manifest,known,403,manifest,"Client error '403 ' for url 'https://openapiproext.bnf.fr/iiif/presentation/v3/ark:/12148/bd6t529722s/manifest.json'
For more information check: https://developer.mozilla.org/en-US/docs/Web/HTTP/Status/403",2026-07-17T11:59:38.410148
combat,bd6t5297234,,failed,0,0,,http_manifest,known,403,manifest,"Client error '403 ' for url 'https://openapiproext.bnf.fr/iiif/presentation/v3/ark:/12148/bd6t5297234/manifest.json'
For more information check: https://developer.mozilla.org/en-US/docs/Web/HTTP/Status/403",2026-07-17T11:59:39.614778
combat,bd6t529724g,,failed,0,0,,http_manifest,known,403,manifest,"Client error '403 ' for url 'https://openapiproext.bnf.fr/iiif/presentation/v3/ark:/12148/bd6t529724g/manifest.json'
For more information check: https://developer.mozilla.org/en-US/docs/Web/HTTP/Status/403",2026-07-17T11:59:40.814798
combat,bd6t529725t,,failed,0,0,,http_manifest,known,403,manifest,"Client error '403 ' for url 'https://openapiproext.bnf.fr/iiif/presentation/v3/ark:/12148/bd6t529725t/manifest.json'
For more information check: https://developer.mozilla.org/en-US/docs/Web/HTTP/Status/403",2026-07-17T11:59:42.017354
combat,bd6t5297265,,failed,0,0,,http_manifest,known,403,manifest,"Client error '403 ' for url 'https://openapiproext.bnf.fr/iiif/presentation/v3/ark:/12148/bd6t5297265/manifest.json'
For more information check: https://developer.mozilla.org/en-US/docs/Web/HTTP/Status/403",2026-07-17T11:59:43.219416
combat,bd6t529727h,,failed,0,0,,http_manifest,known,403,manifest,"Client error '403 ' for url 'https://openapiproext.bnf.fr/iiif/presentation/v3/ark:/12148/bd6t529727h/manifest.json'
For more information check: https://developer.mozilla.org/en-US/docs/Web/HTTP/Status/403",2026-07-17T11:59:44.425246
combat,bd6t529728v,,failed,0,0,,http_manifest,known,403,manifest,"Client error '403 ' for url 'https://openapiproext.bnf.fr/iiif/presentation/v3/ark:/12148/bd6t529728v/manifest.json'
For more information check: https://developer.mozilla.org/en-US/docs/Web/HTTP/Status/403",2026-07-17T11:59:45.645940
combat,bd6t5297296,,failed,0,0,,http_manifest,known,403,manifest,"Client error '403 ' for url 'https://openapiproext.bnf.fr/iiif/presentation/v3/ark:/12148/bd6t5297296/manifest.json'
For more information check: https://developer.mozilla.org/en-US/docs/Web/HTTP/Status/403",2026-07-17T11:59:46.914317
combat,bd6t529730d,,failed,0,0,,http_manifest,known,403,manifest,"Client error '403 ' for url 'https://openapiproext.bnf.fr/iiif/presentation/v3/ark:/12148/bd6t529730d/manifest.json'
For more information check: https://developer.mozilla.org/en-US/docs/Web/HTTP/Status/403",2026-07-17T11:59:48.022408
combat,bd6t529731r,,failed,0,0,,http_manifest,known,403,manifest,"Client error '403 ' for url 'https://openapiproext.bnf.fr/iiif/presentation/v3/ark:/12148/bd6t529731r/manifest.json'
For more information check: https://developer.mozilla.org/en-US/docs/Web/HTTP/Status/403",2026-07-17T11:59:49.230121
combat,bd6t5297323,,failed,0,0,,http_manifest,known,403,manifest,"Client error '403 ' for url 'https://openapiproext.bnf.fr/iiif/presentation/v3/ark:/12148/bd6t5297323/manifest.json'
For more information check: https://developer.mozilla.org/en-US/docs/Web/HTTP/Status/403",2026-07-17T11:59:50.428572
combat,bd6t529733f,,failed,0,0,,http_manifest,known,403,manifest,"Client error '403 ' for url 'https://openapiproext.bnf.fr/iiif/presentation/v3/ark:/12148/bd6t529733f/manifest.json'
For more information check: https://developer.mozilla.org/en-US/docs/Web/HTTP/Status/403",2026-07-17T11:59:51.631605
combat,bd6t529734s,,failed,0,0,,http_manifest,known,403,manifest,"Client error '403 ' for url 'https://openapiproext.bnf.fr/iiif/presentation/v3/ark:/12148/bd6t529734s/manifest.json'
For more information check: https://developer.mozilla.org/en-US/docs/Web/HTTP/Status/403",2026-07-17T11:59:52.835702
combat,bd6t5297354,,failed,0,0,,http_manifest,known,403,manifest,"Client error '403 ' for url 'https://openapiproext.bnf.fr/iiif/presentation/v3/ark:/12148/bd6t5297354/manifest.json'
For more information check: https://developer.mozilla.org/en-US/docs/Web/HTTP/Status/403",2026-07-17T11:59:54.032048
combat,bd6t529736g,,failed,0,0,,http_manifest,known,403,manifest,"Client error '403 ' for url 'https://openapiproext.bnf.fr/iiif/presentation/v3/ark:/12148/bd6t529736g/manifest.json'
For more information check: https://developer.mozilla.org/en-US/docs/Web/HTTP/Status/403",2026-07-17T11:59:55.234628
combat,bd6t529737t,,failed,0,0,,http_manifest,known,403,manifest,"Client error '403 ' for url 'https://openapiproext.bnf.fr/iiif/presentation/v3/ark:/12148/bd6t529737t/manifest.json'
For more information check: https://developer.mozilla.org/en-US/docs/Web/HTTP/Status/403",2026-07-17T11:59:56.441033
combat,bd6t5297385,,failed,0,0,,http_manifest,known,403,manifest,"Client error '403 ' for url 'https://openapiproext.bnf.fr/iiif/presentation/v3/ark:/12148/bd6t5297385/manifest.json'
For more information check: https://developer.mozilla.org/en-US/docs/Web/HTTP/Status/403",2026-07-17T11:59:57.943282
combat,bd6t529739h,,failed,0,0,,http_manifest,known,403,manifest,"Client error '403 ' for url 'https://openapiproext.bnf.fr/iiif/presentation/v3/ark:/12148/bd6t529739h/manifest.json'
For more information check: https://developer.mozilla.org/en-US/docs/Web/HTTP/Status/403",2026-07-17T11:59:58.840709
combat,bd6t529740q,,failed,0,0,,http_manifest,known,403,manifest,"Client error '403 ' for url 'https://openapiproext.bnf.fr/iiif/presentation/v3/ark:/12148/bd6t529740q/manifest.json'
For more information check: https://developer.mozilla.org/en-US/docs/Web/HTTP/Status/403",2026-07-17T12:00:00.045369
combat,bd6t5297412,,failed,0,0,,http_manifest,known,403,manifest,"Client error '403 ' for url 'https://openapiproext.bnf.fr/iiif/presentation/v3/ark:/12148/bd6t5297412/manifest.json'
For more information check: https://developer.mozilla.org/en-US/docs/Web/HTTP/Status/403",2026-07-17T12:00:01.251946
combat,bd6t529742d,,failed,0,0,,http_manifest,known,403,manifest,"Client error '403 ' for url 'https://openapiproext.bnf.fr/iiif/presentation/v3/ark:/12148/bd6t529742d/manifest.json'
For more information check: https://developer.mozilla.org/en-US/docs/Web/HTTP/Status/403",2026-07-17T12:00:02.445217
combat,bd6t529743r,,failed,0,0,,http_manifest,known,403,manifest,"Client error '403 ' for url 'https://openapiproext.bnf.fr/iiif/presentation/v3/ark:/12148/bd6t529743r/manifest.json'
For more information check: https://developer.mozilla.org/en-US/docs/Web/HTTP/Status/403",2026-07-17T12:00:03.700981
combat,bd6t5297443,,failed,0,0,,http_manifest,known,403,manifest,"Client error '403 ' for url 'https://openapiproext.bnf.fr/iiif/presentation/v3/ark:/12148/bd6t5297443/manifest.json'
For more information check: https://developer.mozilla.org/en-US/docs/Web/HTTP/Status/403",2026-07-17T12:00:04.911029
combat,bd6t529745f,,failed,0,0,,http_manifest,known,403,manifest,"Client error '403 ' for url 'https://openapiproext.bnf.fr/iiif/presentation/v3/ark:/12148/bd6t529745f/manifest.json'
For more information check: https://developer.mozilla.org/en-US/docs/Web/HTTP/Status/403",2026-07-17T12:00:06.287634
combat,bd6t529746s,,failed,0,0,,http_manifest,known,403,manifest,"Client error '403 ' for url 'https://openapiproext.bnf.fr/iiif/presentation/v3/ark:/12148/bd6t529746s/manifest.json'
For more information check: https://developer.mozilla.org/en-US/docs/Web/HTTP/Status/403",2026-07-17T12:00:07.337182
combat,bd6t5297474,,failed,0,0,,http_manifest,known,403,manifest,"Client error '403 ' for url 'https://openapiproext.bnf.fr/iiif/presentation/v3/ark:/12148/bd6t5297474/manifest.json'
For more information check: https://developer.mozilla.org/en-US/docs/Web/HTTP/Status/403",2026-07-17T12:00:08.495638
combat,bd6t529748g,,failed,0,0,,http_manifest,known,403,manifest,"Client error '403 ' for url 'https://openapiproext.bnf.fr/iiif/presentation/v3/ark:/12148/bd6t529748g/manifest.json'
For more information check: https://developer.mozilla.org/en-US/docs/Web/HTTP/Status/403",2026-07-17T12:00:09.663800
combat,bd6t529749t,,failed,0,0,,http_manifest,known,403,manifest,"Client error '403 ' for url 'https://openapiproext.bnf.fr/iiif/presentation/v3/ark:/12148/bd6t529749t/manifest.json'
For more information check: https://developer.mozilla.org/en-US/docs/Web/HTTP/Status/403",2026-07-17T12:00:10.994884
combat,bd6t5297501,,failed,0,0,,http_manifest,known,403,manifest,"Client error '403 ' for url 'https://openapiproext.bnf.fr/iiif/presentation/v3/ark:/12148/bd6t5297501/manifest.json'
For more information check: https://developer.mozilla.org/en-US/docs/Web/HTTP/Status/403",2026-07-17T12:00:12.060749
combat,bd6t529751c,,failed,0,0,,http_manifest,known,403,manifest,"Client error '403 ' for url 'https://openapiproext.bnf.fr/iiif/presentation/v3/ark:/12148/bd6t529751c/manifest.json'
For more information check: https://developer.mozilla.org/en-US/docs/Web/HTTP/Status/403",2026-07-17T12:00:13.366455
combat,bd6t529752q,,failed,0,0,,http_manifest,known,403,manifest,"Client error '403 ' for url 'https://openapiproext.bnf.fr/iiif/presentation/v3/ark:/12148/bd6t529752q/manifest.json'
For more information check: https://developer.mozilla.org/en-US/docs/Web/HTTP/Status/403",2026-07-17T12:00:14.734845
combat,bd6t5297532,,failed,0,0,,http_manifest,known,403,manifest,"Client error '403 ' for url 'https://openapiproext.bnf.fr/iiif/presentation/v3/ark:/12148/bd6t5297532/manifest.json'
For more information check: https://developer.mozilla.org/en-US/docs/Web/HTTP/Status/403",2026-07-17T12:00:15.795975
combat,bd6t529754d,,failed,0,0,,http_manifest,known,403,manifest,"Client error '403 ' for url 'https://openapiproext.bnf.fr/iiif/presentation/v3/ark:/12148/bd6t529754d/manifest.json'
For more information check: https://developer.mozilla.org/en-US/docs/Web/HTTP/Status/403",2026-07-17T12:00:16.967350
combat,bd6t529755r,,failed,0,0,,http_manifest,known,403,manifest,"Client error '403 ' for url 'https://openapiproext.bnf.fr/iiif/presentation/v3/ark:/12148/bd6t529755r/manifest.json'
For more information check: https://developer.mozilla.org/en-US/docs/Web/HTTP/Status/403",2026-07-17T12:00:18.357661
combat,bd6t5297563,,failed,0,0,,http_manifest,known,403,manifest,"Client error '403 ' for url 'https://openapiproext.bnf.fr/iiif/presentation/v3/ark:/12148/bd6t5297563/manifest.json'
For more information check: https://developer.mozilla.org/en-US/docs/Web/HTTP/Status/403",2026-07-17T12:00:19.279141
combat,bd6t529757f,,failed,0,0,,http_manifest,known,403,manifest,"Client error '403 ' for url 'https://openapiproext.bnf.fr/iiif/presentation/v3/ark:/12148/bd6t529757f/manifest.json'
For more information check: https://developer.mozilla.org/en-US/docs/Web/HTTP/Status/403",2026-07-17T12:00:20.473677
combat,bd6t529758s,,failed,0,0,,http_manifest,known,403,manifest,"Client error '403 ' for url 'https://openapiproext.bnf.fr/iiif/presentation/v3/ark:/12148/bd6t529758s/manifest.json'
For more information check: https://developer.mozilla.org/en-US/docs/Web/HTTP/Status/403",2026-07-17T12:00:21.688275
combat,bd6t5297594,,failed,0,0,,http_manifest,known,403,manifest,"Client error '403 ' for url 'https://openapiproext.bnf.fr/iiif/presentation/v3/ark:/12148/bd6t5297594/manifest.json'
For more information check: https://developer.mozilla.org/en-US/docs/Web/HTTP/Status/403",2026-07-17T12:00:22.875516
combat,bd6t529760b,,failed,0,0,,http_manifest,known,403,manifest,"Client error '403 ' for url 'https://openapiproext.bnf.fr/iiif/presentation/v3/ark:/12148/bd6t529760b/manifest.json'
For more information check: https://developer.mozilla.org/en-US/docs/Web/HTTP/Status/403",2026-07-17T12:00:24.078773
combat,bd6t529761p,,failed,0,0,,http_manifest,known,403,manifest,"Client error '403 ' for url 'https://openapiproext.bnf.fr/iiif/presentation/v3/ark:/12148/bd6t529761p/manifest.json'
For more information check: https://developer.mozilla.org/en-US/docs/Web/HTTP/Status/403",2026-07-17T12:00:25.286434
combat,bd6t5297621,,failed,0,0,,http_manifest,known,403,manifest,"Client error '403 ' for url 'https://openapiproext.bnf.fr/iiif/presentation/v3/ark:/12148/bd6t5297621/manifest.json'
For more information check: https://developer.mozilla.org/en-US/docs/Web/HTTP/Status/403",2026-07-17T12:00:26.483321
combat,bd6t529763c,,failed,0,0,,http_manifest,known,403,manifest,"Client error '403 ' for url 'https://openapiproext.bnf.fr/iiif/presentation/v3/ark:/12148/bd6t529763c/manifest.json'
For more information check: https://developer.mozilla.org/en-US/docs/Web/HTTP/Status/403",2026-07-17T12:00:27.705231
combat,bd6t529764q,,failed,0,0,,http_manifest,known,403,manifest,"Client error '403 ' for url 'https://openapiproext.bnf.fr/iiif/presentation/v3/ark:/12148/bd6t529764q/manifest.json'
For more information check: https://developer.mozilla.org/en-US/docs/Web/HTTP/Status/403",2026-07-17T12:00:28.901539
combat,bd6t5297652,,failed,0,0,,http_manifest,known,403,manifest,"Client error '403 ' for url 'https://openapiproext.bnf.fr/iiif/presentation/v3/ark:/12148/bd6t5297652/manifest.json'
For more information check: https://developer.mozilla.org/en-US/docs/Web/HTTP/Status/403",2026-07-17T12:00:30.089649
combat,bd6t529766d,,failed,0,0,,http_manifest,known,403,manifest,"Client error '403 ' for url 'https://openapiproext.bnf.fr/iiif/presentation/v3/ark:/12148/bd6t529766d/manifest.json'
For more information check: https://developer.mozilla.org/en-US/docs/Web/HTTP/Status/403",2026-07-17T12:00:31.287638
combat,bd6t529767r,,failed,0,0,,http_manifest,known,403,manifest,"Client error '403 ' for url 'https://openapiproext.bnf.fr/iiif/presentation/v3/ark:/12148/bd6t529767r/manifest.json'
For more information check: https://developer.mozilla.org/en-US/docs/Web/HTTP/Status/403",2026-07-17T12:00:32.496512
combat,bd6t5297683,,failed,0,0,,http_manifest,known,403,manifest,"Client error '403 ' for url 'https://openapiproext.bnf.fr/iiif/presentation/v3/ark:/12148/bd6t5297683/manifest.json'
For more information check: https://developer.mozilla.org/en-US/docs/Web/HTTP/Status/403",2026-07-17T12:00:33.702799
combat,bd6t529769f,,failed,0,0,,http_manifest,known,403,manifest,"Client error '403 ' for url 'https://openapiproext.bnf.fr/iiif/presentation/v3/ark:/12148/bd6t529769f/manifest.json'
For more information check: https://developer.mozilla.org/en-US/docs/Web/HTTP/Status/403",2026-07-17T12:00:34.898704
combat,bd6t529770n,,failed,0,0,,http_manifest,known,403,manifest,"Client error '403 ' for url 'https://openapiproext.bnf.fr/iiif/presentation/v3/ark:/12148/bd6t529770n/manifest.json'
For more information check: https://developer.mozilla.org/en-US/docs/Web/HTTP/Status/403",2026-07-17T12:00:36.107130
combat,bd6t5297710,,failed,0,0,,http_manifest,known,403,manifest,"Client error '403 ' for url 'https://openapiproext.bnf.fr/iiif/presentation/v3/ark:/12148/bd6t5297710/manifest.json'
For more information check: https://developer.mozilla.org/en-US/docs/Web/HTTP/Status/403",2026-07-17T12:00:37.304608
combat,bd6t528233t,,failed,0,0,,http_manifest,known,403,manifest,"Client error '403 ' for url 'https://openapiproext.bnf.fr/iiif/presentation/v3/ark:/12148/bd6t528233t/manifest.json'
For more information check: https://developer.mozilla.org/en-US/docs/Web/HTTP/Status/403",2026-07-17T12:00:38.503882
combat,bd6t5282345,,failed,0,0,,http_manifest,known,403,manifest,"Client error '403 ' for url 'https://openapiproext.bnf.fr/iiif/presentation/v3/ark:/12148/bd6t5282345/manifest.json'
For more information check: https://developer.mozilla.org/en-US/docs/Web/HTTP/Status/403",2026-07-17T12:00:39.717393
combat,bd6t528235h,,failed,0,0,,http_manifest,known,403,manifest,"Client error '403 ' for url 'https://openapiproext.bnf.fr/iiif/presentation/v3/ark:/12148/bd6t528235h/manifest.json'
For more information check: https://developer.mozilla.org/en-US/docs/Web/HTTP/Status/403",2026-07-17T12:00:40.904160
combat,bd6t528236v,,failed,0,0,,http_manifest,known,403,manifest,"Client error '403 ' for url 'https://openapiproext.bnf.fr/iiif/presentation/v3/ark:/12148/bd6t528236v/manifest.json'
For more information check: https://developer.mozilla.org/en-US/docs/Web/HTTP/Status/403",2026-07-17T12:00:42.108330
combat,bd6t5282376,,failed,0,0,,http_manifest,known,403,manifest,"Client error '403 ' for url 'https://openapiproext.bnf.fr/iiif/presentation/v3/ark:/12148/bd6t5282376/manifest.json'
For more information check: https://developer.mozilla.org/en-US/docs/Web/HTTP/Status/403",2026-07-17T12:00:43.312045
combat,bd6t528238j,,failed,0,0,,http_manifest,known,403,manifest,"Client error '403 ' for url 'https://openapiproext.bnf.fr/iiif/presentation/v3/ark:/12148/bd6t528238j/manifest.json'
For more information check: https://developer.mozilla.org/en-US/docs/Web/HTTP/Status/403",2026-07-17T12:00:44.512400
combat,bd6t528239w,,failed,0,0,,http_manifest,known,403,manifest,"Client error '403 ' for url 'https://openapiproext.bnf.fr/iiif/presentation/v3/ark:/12148/bd6t528239w/manifest.json'
For more information check: https://developer.mozilla.org/en-US/docs/Web/HTTP/Status/403",2026-07-17T12:00:45.716729
combat,bd6t5282403,,failed,0,0,,http_manifest,known,403,manifest,"Client error '403 ' for url 'https://openapiproext.bnf.fr/iiif/presentation/v3/ark:/12148/bd6t5282403/manifest.json'
For more information check: https://developer.mozilla.org/en-US/docs/Web/HTTP/Status/403",2026-07-17T12:00:46.920416
combat,bd6t528241f,,failed,0,0,,http_manifest,known,403,manifest,"Client error '403 ' for url 'https://openapiproext.bnf.fr/iiif/presentation/v3/ark:/12148/bd6t528241f/manifest.json'
For more information check: https://developer.mozilla.org/en-US/docs/Web/HTTP/Status/403",2026-07-17T12:00:48.121743
combat,bd6t528242s,,failed,0,0,,http_manifest,known,403,manifest,"Client error '403 ' for url 'https://openapiproext.bnf.fr/iiif/presentation/v3/ark:/12148/bd6t528242s/manifest.json'
For more information check: https://developer.mozilla.org/en-US/docs/Web/HTTP/Status/403",2026-07-17T12:00:49.322357
combat,bd6t5282434,,failed,0,0,,http_manifest,known,403,manifest,"Client error '403 ' for url 'https://openapiproext.bnf.fr/iiif/presentation/v3/ark:/12148/bd6t5282434/manifest.json'
For more information check: https://developer.mozilla.org/en-US/docs/Web/HTTP/Status/403",2026-07-17T12:00:50.532982
combat,bd6t528244g,,failed,0,0,,http_manifest,known,403,manifest,"Client error '403 ' for url 'https://openapiproext.bnf.fr/iiif/presentation/v3/ark:/12148/bd6t528244g/manifest.json'
For more information check: https://developer.mozilla.org/en-US/docs/Web/HTTP/Status/403",2026-07-17T12:00:51.740980
combat,bd6t528245t,,failed,0,0,,http_manifest,known,403,manifest,"Client error '403 ' for url 'https://openapiproext.bnf.fr/iiif/presentation/v3/ark:/12148/bd6t528245t/manifest.json'
For more information check: https://developer.mozilla.org/en-US/docs/Web/HTTP/Status/403",2026-07-17T12:00:52.929580
combat,bd6t5282465,,failed,0,0,,http_manifest,known,403,manifest,"Client error '403 ' for url 'https://openapiproext.bnf.fr/iiif/presentation/v3/ark:/12148/bd6t5282465/manifest.json'
For more information check: https://developer.mozilla.org/en-US/docs/Web/HTTP/Status/403",2026-07-17T12:00:54.131731
combat,bd6t528247h,,failed,0,0,,http_manifest,known,403,manifest,"Client error '403 ' for url 'https://openapiproext.bnf.fr/iiif/presentation/v3/ark:/12148/bd6t528247h/manifest.json'
For more information check: https://developer.mozilla.org/en-US/docs/Web/HTTP/Status/403",2026-07-17T12:00:55.341160
combat,bd6t528248v,,failed,0,0,,http_manifest,known,403,manifest,"Client error '403 ' for url 'https://openapiproext.bnf.fr/iiif/presentation/v3/ark:/12148/bd6t528248v/manifest.json'
For more information check: https://developer.mozilla.org/en-US/docs/Web/HTTP/Status/403",2026-07-17T12:00:56.548013
combat,bd6t5282496,,failed,0,0,,http_manifest,known,403,manifest,"Client error '403 ' for url 'https://openapiproext.bnf.fr/iiif/presentation/v3/ark:/12148/bd6t5282496/manifest.json'
For more information check: https://developer.mozilla.org/en-US/docs/Web/HTTP/Status/403",2026-07-17T12:00:57.938657
combat,bd6t528250d,,failed,0,0,,http_manifest,known,403,manifest,"Client error '403 ' for url 'https://openapiproext.bnf.fr/iiif/presentation/v3/ark:/12148/bd6t528250d/manifest.json'
For more information check: https://developer.mozilla.org/en-US/docs/Web/HTTP/Status/403",2026-07-17T12:00:58.943273
combat,bd6t528251r,,failed,0,0,,http_manifest,known,403,manifest,"Client error '403 ' for url 'https://openapiproext.bnf.fr/iiif/presentation/v3/ark:/12148/bd6t528251r/manifest.json'
For more information check: https://developer.mozilla.org/en-US/docs/Web/HTTP/Status/403",2026-07-17T12:01:00.353244
combat,bd6t5282523,,failed,0,0,,http_manifest,known,403,manifest,"Client error '403 ' for url 'https://openapiproext.bnf.fr/iiif/presentation/v3/ark:/12148/bd6t5282523/manifest.json'
For more information check: https://developer.mozilla.org/en-US/docs/Web/HTTP/Status/403",2026-07-17T12:01:01.345530
combat,bd6t528253f,,failed,0,0,,http_manifest,known,403,manifest,"Client error '403 ' for url 'https://openapiproext.bnf.fr/iiif/presentation/v3/ark:/12148/bd6t528253f/manifest.json'
For more information check: https://developer.mozilla.org/en-US/docs/Web/HTTP/Status/403",2026-07-17T12:01:02.555536
combat,bd6t528254s,,failed,0,0,,http_manifest,known,403,manifest,"Client error '403 ' for url 'https://openapiproext.bnf.fr/iiif/presentation/v3/ark:/12148/bd6t528254s/manifest.json'
For more information check: https://developer.mozilla.org/en-US/docs/Web/HTTP/Status/403",2026-07-17T12:01:03.828355
combat,bd6t5282554,,failed,0,0,,http_manifest,known,403,manifest,"Client error '403 ' for url 'https://openapiproext.bnf.fr/iiif/presentation/v3/ark:/12148/bd6t5282554/manifest.json'
For more information check: https://developer.mozilla.org/en-US/docs/Web/HTTP/Status/403",2026-07-17T12:01:05.168086
combat,bd6t528256g,,failed,0,0,,http_manifest,known,403,manifest,"Client error '403 ' for url 'https://openapiproext.bnf.fr/iiif/presentation/v3/ark:/12148/bd6t528256g/manifest.json'
For more information check: https://developer.mozilla.org/en-US/docs/Web/HTTP/Status/403",2026-07-17T12:01:06.165974
combat,bd6t528257t,,failed,0,0,,http_manifest,known,403,manifest,"Client error '403 ' for url 'https://openapiproext.bnf.fr/iiif/presentation/v3/ark:/12148/bd6t528257t/manifest.json'
For more information check: https://developer.mozilla.org/en-US/docs/Web/HTTP/Status/403",2026-07-17T12:01:07.353981
combat,bd6t5282585,,failed,0,0,,http_manifest,known,403,manifest,"Client error '403 ' for url 'https://openapiproext.bnf.fr/iiif/presentation/v3/ark:/12148/bd6t5282585/manifest.json'
For more information check: https://developer.mozilla.org/en-US/docs/Web/HTTP/Status/403",2026-07-17T12:01:08.558724
combat,bd6t528259h,,failed,0,0,,http_manifest,known,403,manifest,"Client error '403 ' for url 'https://openapiproext.bnf.fr/iiif/presentation/v3/ark:/12148/bd6t528259h/manifest.json'
For more information check: https://developer.mozilla.org/en-US/docs/Web/HTTP/Status/403",2026-07-17T12:01:10.254990
combat,bd6t528260q,,failed,0,0,,http_manifest,known,403,manifest,"Client error '403 ' for url 'https://openapiproext.bnf.fr/iiif/presentation/v3/ark:/12148/bd6t528260q/manifest.json'
For more information check: https://developer.mozilla.org/en-US/docs/Web/HTTP/Status/403",2026-07-17T12:01:11.237602
combat,bd6t5282612,,failed,0,0,,http_manifest,known,403,manifest,"Client error '403 ' for url 'https://openapiproext.bnf.fr/iiif/presentation/v3/ark:/12148/bd6t5282612/manifest.json'
For more information check: https://developer.mozilla.org/en-US/docs/Web/HTTP/Status/403",2026-07-17T12:01:12.172036
combat,bd6t528262d,,failed,0,0,,http_manifest,known,403,manifest,"Client error '403 ' for url 'https://openapiproext.bnf.fr/iiif/presentation/v3/ark:/12148/bd6t528262d/manifest.json'
For more information check: https://developer.mozilla.org/en-US/docs/Web/HTTP/Status/403",2026-07-17T12:01:13.438941
combat,bd6t528263r,,failed,0,0,,http_manifest,known,403,manifest,"Client error '403 ' for url 'https://openapiproext.bnf.fr/iiif/presentation/v3/ark:/12148/bd6t528263r/manifest.json'
For more information check: https://developer.mozilla.org/en-US/docs/Web/HTTP/Status/403",2026-07-17T12:01:14.566479
combat,bd6t5282643,,failed,0,0,,http_manifest,known,403,manifest,"Client error '403 ' for url 'https://openapiproext.bnf.fr/iiif/presentation/v3/ark:/12148/bd6t5282643/manifest.json'
For more information check: https://developer.mozilla.org/en-US/docs/Web/HTTP/Status/403",2026-07-17T12:01:15.798761
combat,bd6t528265f,,failed,0,0,,http_manifest,known,403,manifest,"Client error '403 ' for url 'https://openapiproext.bnf.fr/iiif/presentation/v3/ark:/12148/bd6t528265f/manifest.json'
For more information check: https://developer.mozilla.org/en-US/docs/Web/HTTP/Status/403",2026-07-17T12:01:17.207889
combat,bd6t528266s,,failed,0,0,,http_manifest,known,403,manifest,"Client error '403 ' for url 'https://openapiproext.bnf.fr/iiif/presentation/v3/ark:/12148/bd6t528266s/manifest.json'
For more information check: https://developer.mozilla.org/en-US/docs/Web/HTTP/Status/403",2026-07-17T12:01:18.192573
combat,bd6t5282674,,failed,0,0,,http_manifest,known,403,manifest,"Client error '403 ' for url 'https://openapiproext.bnf.fr/iiif/presentation/v3/ark:/12148/bd6t5282674/manifest.json'
For more information check: https://developer.mozilla.org/en-US/docs/Web/HTTP/Status/403",2026-07-17T12:01:19.593272
combat,bd6t528268g,,failed,0,0,,http_manifest,known,403,manifest,"Client error '403 ' for url 'https://openapiproext.bnf.fr/iiif/presentation/v3/ark:/12148/bd6t528268g/manifest.json'
For more information check: https://developer.mozilla.org/en-US/docs/Web/HTTP/Status/403",2026-07-17T12:01:20.572352
combat,bd6t528269t,,failed,0,0,,http_manifest,known,403,manifest,"Client error '403 ' for url 'https://openapiproext.bnf.fr/iiif/presentation/v3/ark:/12148/bd6t528269t/manifest.json'
For more information check: https://developer.mozilla.org/en-US/docs/Web/HTTP/Status/403",2026-07-17T12:01:21.938613
combat,bd6t5282701,,failed,0,0,,http_manifest,known,403,manifest,"Client error '403 ' for url 'https://openapiproext.bnf.fr/iiif/presentation/v3/ark:/12148/bd6t5282701/manifest.json'
For more information check: https://developer.mozilla.org/en-US/docs/Web/HTTP/Status/403",2026-07-17T12:01:22.972976
combat,bd6t528271c,,failed,0,0,,http_manifest,known,403,manifest,"Client error '403 ' for url 'https://openapiproext.bnf.fr/iiif/presentation/v3/ark:/12148/bd6t528271c/manifest.json'
For more information check: https://developer.mozilla.org/en-US/docs/Web/HTTP/Status/403",2026-07-17T12:01:24.172680
combat,bd6t528272q,,failed,0,0,,http_manifest,known,403,manifest,"Client error '403 ' for url 'https://openapiproext.bnf.fr/iiif/presentation/v3/ark:/12148/bd6t528272q/manifest.json'
For more information check: https://developer.mozilla.org/en-US/docs/Web/HTTP/Status/403",2026-07-17T12:01:25.377351
combat,bd6t5282732,,failed,0,0,,http_manifest,known,403,manifest,"Client error '403 ' for url 'https://openapiproext.bnf.fr/iiif/presentation/v3/ark:/12148/bd6t5282732/manifest.json'
For more information check: https://developer.mozilla.org/en-US/docs/Web/HTTP/Status/403",2026-07-17T12:01:26.579604
combat,bd6t528274d,,failed,0,0,,http_manifest,known,403,manifest,"Client error '403 ' for url 'https://openapiproext.bnf.fr/iiif/presentation/v3/ark:/12148/bd6t528274d/manifest.json'
For more information check: https://developer.mozilla.org/en-US/docs/Web/HTTP/Status/403",2026-07-17T12:01:27.792979
combat,bd6t528275r,,failed,0,0,,http_manifest,known,403,manifest,"Client error '403 ' for url 'https://openapiproext.bnf.fr/iiif/presentation/v3/ark:/12148/bd6t528275r/manifest.json'
For more information check: https://developer.mozilla.org/en-US/docs/Web/HTTP/Status/403",2026-07-17T12:01:28.989163
combat,bd6t5282763,,failed,0,0,,http_manifest,known,403,manifest,"Client error '403 ' for url 'https://openapiproext.bnf.fr/iiif/presentation/v3/ark:/12148/bd6t5282763/manifest.json'
For more information check: https://developer.mozilla.org/en-US/docs/Web/HTTP/Status/403",2026-07-17T12:01:30.184170
combat,bd6t528277f,,failed,0,0,,http_manifest,known,403,manifest,"Client error '403 ' for url 'https://openapiproext.bnf.fr/iiif/presentation/v3/ark:/12148/bd6t528277f/manifest.json'
For more information check: https://developer.mozilla.org/en-US/docs/Web/HTTP/Status/403",2026-07-17T12:01:31.386679
combat,bd6t528278s,,failed,0,0,,http_manifest,known,403,manifest,"Client error '403 ' for url 'https://openapiproext.bnf.fr/iiif/presentation/v3/ark:/12148/bd6t528278s/manifest.json'
For more information check: https://developer.mozilla.org/en-US/docs/Web/HTTP/Status/403",2026-07-17T12:01:32.596344
combat,bd6t5282794,,failed,0,0,,http_manifest,known,403,manifest,"Client error '403 ' for url 'https://openapiproext.bnf.fr/iiif/presentation/v3/ark:/12148/bd6t5282794/manifest.json'
For more information check: https://developer.mozilla.org/en-US/docs/Web/HTTP/Status/403",2026-07-17T12:01:33.788028
combat,bd6t528280b,,failed,0,0,,http_manifest,known,403,manifest,"Client error '403 ' for url 'https://openapiproext.bnf.fr/iiif/presentation/v3/ark:/12148/bd6t528280b/manifest.json'
For more information check: https://developer.mozilla.org/en-US/docs/Web/HTTP/Status/403",2026-07-17T12:01:34.989914
combat,bd6t528281p,,failed,0,0,,http_manifest,known,403,manifest,"Client error '403 ' for url 'https://openapiproext.bnf.fr/iiif/presentation/v3/ark:/12148/bd6t528281p/manifest.json'
For more information check: https://developer.mozilla.org/en-US/docs/Web/HTTP/Status/403",2026-07-17T12:01:36.193345
combat,bd6t5282821,,failed,0,0,,http_manifest,known,403,manifest,"Client error '403 ' for url 'https://openapiproext.bnf.fr/iiif/presentation/v3/ark:/12148/bd6t5282821/manifest.json'
For more information check: https://developer.mozilla.org/en-US/docs/Web/HTTP/Status/403",2026-07-17T12:01:37.408537
combat,bd6t528283c,,failed,0,0,,http_manifest,known,403,manifest,"Client error '403 ' for url 'https://openapiproext.bnf.fr/iiif/presentation/v3/ark:/12148/bd6t528283c/manifest.json'
For more information check: https://developer.mozilla.org/en-US/docs/Web/HTTP/Status/403",2026-07-17T12:01:38.596596
combat,bd6t528284q,,failed,0,0,,http_manifest,known,403,manifest,"Client error '403 ' for url 'https://openapiproext.bnf.fr/iiif/presentation/v3/ark:/12148/bd6t528284q/manifest.json'
For more information check: https://developer.mozilla.org/en-US/docs/Web/HTTP/Status/403",2026-07-17T12:01:39.815266
combat,bd6t5282852,,failed,0,0,,http_manifest,known,403,manifest,"Client error '403 ' for url 'https://openapiproext.bnf.fr/iiif/presentation/v3/ark:/12148/bd6t5282852/manifest.json'
For more information check: https://developer.mozilla.org/en-US/docs/Web/HTTP/Status/403",2026-07-17T12:01:41.001934
combat,bd6t5284174,,failed,0,0,,http_manifest,known,403,manifest,"Client error '403 ' for url 'https://openapiproext.bnf.fr/iiif/presentation/v3/ark:/12148/bd6t5284174/manifest.json'
For more information check: https://developer.mozilla.org/en-US/docs/Web/HTTP/Status/403",2026-07-17T12:01:42.203361
combat,bd6t528418g,,failed,0,0,,http_manifest,known,403,manifest,"Client error '403 ' for url 'https://openapiproext.bnf.fr/iiif/presentation/v3/ark:/12148/bd6t528418g/manifest.json'
For more information check: https://developer.mozilla.org/en-US/docs/Web/HTTP/Status/403",2026-07-17T12:01:43.413237
combat,bd6t528419t,,failed,0,0,,http_manifest,known,403,manifest,"Client error '403 ' for url 'https://openapiproext.bnf.fr/iiif/presentation/v3/ark:/12148/bd6t528419t/manifest.json'
For more information check: https://developer.mozilla.org/en-US/docs/Web/HTTP/Status/403",2026-07-17T12:01:44.611072
combat,bd6t5284201,,failed,0,0,,http_manifest,known,403,manifest,"Client error '403 ' for url 'https://openapiproext.bnf.fr/iiif/presentation/v3/ark:/12148/bd6t5284201/manifest.json'
For more information check: https://developer.mozilla.org/en-US/docs/Web/HTTP/Status/403",2026-07-17T12:01:45.817153
combat,bd6t528421c,,failed,0,0,,http_manifest,known,403,manifest,"Client error '403 ' for url 'https://openapiproext.bnf.fr/iiif/presentation/v3/ark:/12148/bd6t528421c/manifest.json'
For more information check: https://developer.mozilla.org/en-US/docs/Web/HTTP/Status/403",2026-07-17T12:01:47.016825
combat,bd6t528422q,,failed,0,0,,http_manifest,known,403,manifest,"Client error '403 ' for url 'https://openapiproext.bnf.fr/iiif/presentation/v3/ark:/12148/bd6t528422q/manifest.json'
For more information check: https://developer.mozilla.org/en-US/docs/Web/HTTP/Status/403",2026-07-17T12:01:48.215696
combat,bd6t5284232,,failed,0,0,,http_manifest,known,403,manifest,"Client error '403 ' for url 'https://openapiproext.bnf.fr/iiif/presentation/v3/ark:/12148/bd6t5284232/manifest.json'
For more information check: https://developer.mozilla.org/en-US/docs/Web/HTTP/Status/403",2026-07-17T12:01:49.414672
combat,bd6t528424d,,failed,0,0,,http_manifest,known,403,manifest,"Client error '403 ' for url 'https://openapiproext.bnf.fr/iiif/presentation/v3/ark:/12148/bd6t528424d/manifest.json'
For more information check: https://developer.mozilla.org/en-US/docs/Web/HTTP/Status/403",2026-07-17T12:01:50.618257
combat,bd6t528425r,,failed,0,0,,http_manifest,known,403,manifest,"Client error '403 ' for url 'https://openapiproext.bnf.fr/iiif/presentation/v3/ark:/12148/bd6t528425r/manifest.json'
For more information check: https://developer.mozilla.org/en-US/docs/Web/HTTP/Status/403",2026-07-17T12:01:51.834004
combat,bd6t5284263,,failed,0,0,,http_manifest,known,403,manifest,"Client error '403 ' for url 'https://openapiproext.bnf.fr/iiif/presentation/v3/ark:/12148/bd6t5284263/manifest.json'
For more information check: https://developer.mozilla.org/en-US/docs/Web/HTTP/Status/403",2026-07-17T12:01:53.027635
combat,bd6t528427f,,failed,0,0,,http_manifest,known,403,manifest,"Client error '403 ' for url 'https://openapiproext.bnf.fr/iiif/presentation/v3/ark:/12148/bd6t528427f/manifest.json'
For more information check: https://developer.mozilla.org/en-US/docs/Web/HTTP/Status/403",2026-07-17T12:01:54.223769
combat,bd6t528428s,,failed,0,0,,http_manifest,known,403,manifest,"Client error '403 ' for url 'https://openapiproext.bnf.fr/iiif/presentation/v3/ark:/12148/bd6t528428s/manifest.json'
For more information check: https://developer.mozilla.org/en-US/docs/Web/HTTP/Status/403",2026-07-17T12:01:55.424891
combat,bd6t5284294,,failed,0,0,,http_manifest,known,403,manifest,"Client error '403 ' for url 'https://openapiproext.bnf.fr/iiif/presentation/v3/ark:/12148/bd6t5284294/manifest.json'
For more information check: https://developer.mozilla.org/en-US/docs/Web/HTTP/Status/403",2026-07-17T12:01:56.626507
combat,bd6t528430b,,failed,0,0,,http_manifest,known,403,manifest,"Client error '403 ' for url 'https://openapiproext.bnf.fr/iiif/presentation/v3/ark:/12148/bd6t528430b/manifest.json'
For more information check: https://developer.mozilla.org/en-US/docs/Web/HTTP/Status/403",2026-07-17T12:01:58.058712
combat,bd6t528431p,,failed,0,0,,http_manifest,known,403,manifest,"Client error '403 ' for url 'https://openapiproext.bnf.fr/iiif/presentation/v3/ark:/12148/bd6t528431p/manifest.json'
For more information check: https://developer.mozilla.org/en-US/docs/Web/HTTP/Status/403",2026-07-17T12:01:59.039869
combat,bd6t5284321,,failed,0,0,,http_manifest,known,403,manifest,"Client error '403 ' for url 'https://openapiproext.bnf.fr/iiif/presentation/v3/ark:/12148/bd6t5284321/manifest.json'
For more information check: https://developer.mozilla.org/en-US/docs/Web/HTTP/Status/403",2026-07-17T12:02:00.433486
combat,bd6t528433c,,failed,0,0,,http_manifest,known,403,manifest,"Client error '403 ' for url 'https://openapiproext.bnf.fr/iiif/presentation/v3/ark:/12148/bd6t528433c/manifest.json'
For more information check: https://developer.mozilla.org/en-US/docs/Web/HTTP/Status/403",2026-07-17T12:02:01.436384
combat,bd6t528434q,,failed,0,0,,http_manifest,known,403,manifest,"Client error '403 ' for url 'https://openapiproext.bnf.fr/iiif/presentation/v3/ark:/12148/bd6t528434q/manifest.json'
For more information check: https://developer.mozilla.org/en-US/docs/Web/HTTP/Status/403",2026-07-17T12:02:02.652000
combat,bd6t5284352,,failed,0,0,,http_manifest,known,403,manifest,"Client error '403 ' for url 'https://openapiproext.bnf.fr/iiif/presentation/v3/ark:/12148/bd6t5284352/manifest.json'
For more information check: https://developer.mozilla.org/en-US/docs/Web/HTTP/Status/403",2026-07-17T12:02:03.835956
combat,bd6t528436d,,failed,0,0,,http_manifest,known,403,manifest,"Client error '403 ' for url 'https://openapiproext.bnf.fr/iiif/presentation/v3/ark:/12148/bd6t528436d/manifest.json'
For more information check: https://developer.mozilla.org/en-US/docs/Web/HTTP/Status/403",2026-07-17T12:02:05.314776
combat,bd6t528437r,,failed,0,0,,http_manifest,known,403,manifest,"Client error '403 ' for url 'https://openapiproext.bnf.fr/iiif/presentation/v3/ark:/12148/bd6t528437r/manifest.json'
For more information check: https://developer.mozilla.org/en-US/docs/Web/HTTP/Status/403",2026-07-17T12:02:06.269027
combat,bd6t5284383,,failed,0,0,,http_manifest,known,403,manifest,"Client error '403 ' for url 'https://openapiproext.bnf.fr/iiif/presentation/v3/ark:/12148/bd6t5284383/manifest.json'
For more information check: https://developer.mozilla.org/en-US/docs/Web/HTTP/Status/403",2026-07-17T12:02:07.446441
combat,bd6t528439f,,failed,0,0,,http_manifest,known,403,manifest,"Client error '403 ' for url 'https://openapiproext.bnf.fr/iiif/presentation/v3/ark:/12148/bd6t528439f/manifest.json'
For more information check: https://developer.mozilla.org/en-US/docs/Web/HTTP/Status/403",2026-07-17T12:02:08.648196
combat,bd6t528440n,,failed,0,0,,http_manifest,known,403,manifest,"Client error '403 ' for url 'https://openapiproext.bnf.fr/iiif/presentation/v3/ark:/12148/bd6t528440n/manifest.json'
For more information check: https://developer.mozilla.org/en-US/docs/Web/HTTP/Status/403",2026-07-17T12:02:09.858477
combat,bd6t5284410,,failed,0,0,,http_manifest,known,403,manifest,"Client error '403 ' for url 'https://openapiproext.bnf.fr/iiif/presentation/v3/ark:/12148/bd6t5284410/manifest.json'
For more information check: https://developer.mozilla.org/en-US/docs/Web/HTTP/Status/403",2026-07-17T12:02:11.292908
combat,bd6t528442b,,failed,0,0,,http_manifest,known,403,manifest,"Client error '403 ' for url 'https://openapiproext.bnf.fr/iiif/presentation/v3/ark:/12148/bd6t528442b/manifest.json'
For more information check: https://developer.mozilla.org/en-US/docs/Web/HTTP/Status/403",2026-07-17T12:02:12.401732
combat,bd6t528443p,,failed,0,0,,http_manifest,known,403,manifest,"Client error '403 ' for url 'https://openapiproext.bnf.fr/iiif/presentation/v3/ark:/12148/bd6t528443p/manifest.json'
For more information check: https://developer.mozilla.org/en-US/docs/Web/HTTP/Status/403",2026-07-17T12:02:13.617953
combat,bd6t5284441,,failed,0,0,,http_manifest,known,403,manifest,"Client error '403 ' for url 'https://openapiproext.bnf.fr/iiif/presentation/v3/ark:/12148/bd6t5284441/manifest.json'
For more information check: https://developer.mozilla.org/en-US/docs/Web/HTTP/Status/403",2026-07-17T12:02:14.817214
combat,bd6t528445c,,failed,0,0,,http_manifest,known,403,manifest,"Client error '403 ' for url 'https://openapiproext.bnf.fr/iiif/presentation/v3/ark:/12148/bd6t528445c/manifest.json'
For more information check: https://developer.mozilla.org/en-US/docs/Web/HTTP/Status/403",2026-07-17T12:02:15.951907
combat,bd6t528446q,,failed,0,0,,http_manifest,known,403,manifest,"Client error '403 ' for url 'https://openapiproext.bnf.fr/iiif/presentation/v3/ark:/12148/bd6t528446q/manifest.json'
For more information check: https://developer.mozilla.org/en-US/docs/Web/HTTP/Status/403",2026-07-17T12:02:17.234110
combat,bd6t5284472,,failed,0,0,,http_manifest,known,403,manifest,"Client error '403 ' for url 'https://openapiproext.bnf.fr/iiif/presentation/v3/ark:/12148/bd6t5284472/manifest.json'
For more information check: https://developer.mozilla.org/en-US/docs/Web/HTTP/Status/403",2026-07-17T12:02:18.331894
combat,bd6t528448d,,failed,0,0,,http_manifest,known,403,manifest,"Client error '403 ' for url 'https://openapiproext.bnf.fr/iiif/presentation/v3/ark:/12148/bd6t528448d/manifest.json'
For more information check: https://developer.mozilla.org/en-US/docs/Web/HTTP/Status/403",2026-07-17T12:02:19.459181
combat,bd6t528449r,,failed,0,0,,http_manifest,known,403,manifest,"Client error '403 ' for url 'https://openapiproext.bnf.fr/iiif/presentation/v3/ark:/12148/bd6t528449r/manifest.json'
For more information check: https://developer.mozilla.org/en-US/docs/Web/HTTP/Status/403",2026-07-17T12:02:20.661730
combat,bd6t528450z,,failed,0,0,,http_manifest,known,403,manifest,"Client error '403 ' for url 'https://openapiproext.bnf.fr/iiif/presentation/v3/ark:/12148/bd6t528450z/manifest.json'
For more information check: https://developer.mozilla.org/en-US/docs/Web/HTTP/Status/403",2026-07-17T12:02:21.862356
combat,bd6t5284519,,failed,0,0,,http_manifest,known,403,manifest,"Client error '403 ' for url 'https://openapiproext.bnf.fr/iiif/presentation/v3/ark:/12148/bd6t5284519/manifest.json'
For more information check: https://developer.mozilla.org/en-US/docs/Web/HTTP/Status/403",2026-07-17T12:02:23.059999
combat,bd6t528452n,,failed,0,0,,http_manifest,known,403,manifest,"Client error '403 ' for url 'https://openapiproext.bnf.fr/iiif/presentation/v3/ark:/12148/bd6t528452n/manifest.json'
For more information check: https://developer.mozilla.org/en-US/docs/Web/HTTP/Status/403",2026-07-17T12:02:24.270400
combat,bd6t5284530,,failed,0,0,,http_manifest,known,403,manifest,"Client error '403 ' for url 'https://openapiproext.bnf.fr/iiif/presentation/v3/ark:/12148/bd6t5284530/manifest.json'
For more information check: https://developer.mozilla.org/en-US/docs/Web/HTTP/Status/403",2026-07-17T12:02:25.483843
combat,bd6t528454b,,failed,0,0,,http_manifest,known,403,manifest,"Client error '403 ' for url 'https://openapiproext.bnf.fr/iiif/presentation/v3/ark:/12148/bd6t528454b/manifest.json'
For more information check: https://developer.mozilla.org/en-US/docs/Web/HTTP/Status/403",2026-07-17T12:02:26.678951
combat,bd6t528455p,,failed,0,0,,http_manifest,known,403,manifest,"Client error '403 ' for url 'https://openapiproext.bnf.fr/iiif/presentation/v3/ark:/12148/bd6t528455p/manifest.json'
For more information check: https://developer.mozilla.org/en-US/docs/Web/HTTP/Status/403",2026-07-17T12:02:27.888641
combat,bd6t5284561,,failed,0,0,,http_manifest,known,403,manifest,"Client error '403 ' for url 'https://openapiproext.bnf.fr/iiif/presentation/v3/ark:/12148/bd6t5284561/manifest.json'
For more information check: https://developer.mozilla.org/en-US/docs/Web/HTTP/Status/403",2026-07-17T12:02:29.070314
combat,bd6t528457c,,failed,0,0,,http_manifest,known,403,manifest,"Client error '403 ' for url 'https://openapiproext.bnf.fr/iiif/presentation/v3/ark:/12148/bd6t528457c/manifest.json'
For more information check: https://developer.mozilla.org/en-US/docs/Web/HTTP/Status/403",2026-07-17T12:02:30.272386
combat,bd6t528458q,,failed,0,0,,http_manifest,known,403,manifest,"Client error '403 ' for url 'https://openapiproext.bnf.fr/iiif/presentation/v3/ark:/12148/bd6t528458q/manifest.json'
For more information check: https://developer.mozilla.org/en-US/docs/Web/HTTP/Status/403",2026-07-17T12:02:31.477645
combat,bd6t5284592,,failed,0,0,,http_manifest,known,403,manifest,"Client error '403 ' for url 'https://openapiproext.bnf.fr/iiif/presentation/v3/ark:/12148/bd6t5284592/manifest.json'
For more information check: https://developer.mozilla.org/en-US/docs/Web/HTTP/Status/403",2026-07-17T12:02:32.677624
combat,bd6t5284608,,failed,0,0,,http_manifest,known,403,manifest,"Client error '403 ' for url 'https://openapiproext.bnf.fr/iiif/presentation/v3/ark:/12148/bd6t5284608/manifest.json'
For more information check: https://developer.mozilla.org/en-US/docs/Web/HTTP/Status/403",2026-07-17T12:02:33.903379
combat,bd6t528461m,,failed,0,0,,http_manifest,known,403,manifest,"Client error '403 ' for url 'https://openapiproext.bnf.fr/iiif/presentation/v3/ark:/12148/bd6t528461m/manifest.json'
For more information check: https://developer.mozilla.org/en-US/docs/Web/HTTP/Status/403",2026-07-17T12:02:35.087464
combat,bd6t528462z,,failed,0,0,,http_manifest,known,403,manifest,"Client error '403 ' for url 'https://openapiproext.bnf.fr/iiif/presentation/v3/ark:/12148/bd6t528462z/manifest.json'
For more information check: https://developer.mozilla.org/en-US/docs/Web/HTTP/Status/403",2026-07-17T12:02:36.283876
combat,bd6t5284639,,failed,0,0,,http_manifest,known,403,manifest,"Client error '403 ' for url 'https://openapiproext.bnf.fr/iiif/presentation/v3/ark:/12148/bd6t5284639/manifest.json'
For more information check: https://developer.mozilla.org/en-US/docs/Web/HTTP/Status/403",2026-07-17T12:02:37.485737
combat,bd6t528464n,,failed,0,0,,http_manifest,known,403,manifest,"Client error '403 ' for url 'https://openapiproext.bnf.fr/iiif/presentation/v3/ark:/12148/bd6t528464n/manifest.json'
For more information check: https://developer.mozilla.org/en-US/docs/Web/HTTP/Status/403",2026-07-17T12:02:38.690174
combat,bd6t5284650,,failed,0,0,,http_manifest,known,403,manifest,"Client error '403 ' for url 'https://openapiproext.bnf.fr/iiif/presentation/v3/ark:/12148/bd6t5284650/manifest.json'
For more information check: https://developer.mozilla.org/en-US/docs/Web/HTTP/Status/403",2026-07-17T12:02:39.890133
combat,bd6t528466b,,failed,0,0,,http_manifest,known,403,manifest,"Client error '403 ' for url 'https://openapiproext.bnf.fr/iiif/presentation/v3/ark:/12148/bd6t528466b/manifest.json'
For more information check: https://developer.mozilla.org/en-US/docs/Web/HTTP/Status/403",2026-07-17T12:02:41.089541
combat,bd6t528467p,,failed,0,0,,http_manifest,known,403,manifest,"Client error '403 ' for url 'https://openapiproext.bnf.fr/iiif/presentation/v3/ark:/12148/bd6t528467p/manifest.json'
For more information check: https://developer.mozilla.org/en-US/docs/Web/HTTP/Status/403",2026-07-17T12:02:42.294718
combat,bd6t5284681,,failed,0,0,,http_manifest,known,403,manifest,"Client error '403 ' for url 'https://openapiproext.bnf.fr/iiif/presentation/v3/ark:/12148/bd6t5284681/manifest.json'
For more information check: https://developer.mozilla.org/en-US/docs/Web/HTTP/Status/403",2026-07-17T12:02:43.493981
combat,bd6t528469c,,failed,0,0,,http_manifest,known,403,manifest,"Client error '403 ' for url 'https://openapiproext.bnf.fr/iiif/presentation/v3/ark:/12148/bd6t528469c/manifest.json'
For more information check: https://developer.mozilla.org/en-US/docs/Web/HTTP/Status/403",2026-07-17T12:02:44.695959
combat,bd6t528470k,,failed,0,0,,http_manifest,known,403,manifest,"Client error '403 ' for url 'https://openapiproext.bnf.fr/iiif/presentation/v3/ark:/12148/bd6t528470k/manifest.json'
For more information check: https://developer.mozilla.org/en-US/docs/Web/HTTP/Status/403",2026-07-17T12:02:45.925068
combat,bd6t528471x,,failed,0,0,,http_manifest,known,403,manifest,"Client error '403 ' for url 'https://openapiproext.bnf.fr/iiif/presentation/v3/ark:/12148/bd6t528471x/manifest.json'
For more information check: https://developer.mozilla.org/en-US/docs/Web/HTTP/Status/403",2026-07-17T12:02:47.098257
combat,bd6t5284728,,failed,0,0,,http_manifest,known,403,manifest,"Client error '403 ' for url 'https://openapiproext.bnf.fr/iiif/presentation/v3/ark:/12148/bd6t5284728/manifest.json'
For more information check: https://developer.mozilla.org/en-US/docs/Web/HTTP/Status/403",2026-07-17T12:02:48.357520
combat,bd6t528473m,,failed,0,0,,http_manifest,known,403,manifest,"Client error '403 ' for url 'https://openapiproext.bnf.fr/iiif/presentation/v3/ark:/12148/bd6t528473m/manifest.json'
For more information check: https://developer.mozilla.org/en-US/docs/Web/HTTP/Status/403",2026-07-17T12:02:49.504627
combat,bd6t528474z,,failed,0,0,,http_manifest,known,403,manifest,"Client error '403 ' for url 'https://openapiproext.bnf.fr/iiif/presentation/v3/ark:/12148/bd6t528474z/manifest.json'
For more information check: https://developer.mozilla.org/en-US/docs/Web/HTTP/Status/403",2026-07-17T12:02:50.703276
combat,bd6t5284759,,failed,0,0,,http_manifest,known,403,manifest,"Client error '403 ' for url 'https://openapiproext.bnf.fr/iiif/presentation/v3/ark:/12148/bd6t5284759/manifest.json'
For more information check: https://developer.mozilla.org/en-US/docs/Web/HTTP/Status/403",2026-07-17T12:02:51.903589
combat,bd6t528476n,,failed,0,0,,http_manifest,known,403,manifest,"Client error '403 ' for url 'https://openapiproext.bnf.fr/iiif/presentation/v3/ark:/12148/bd6t528476n/manifest.json'
For more information check: https://developer.mozilla.org/en-US/docs/Web/HTTP/Status/403",2026-07-17T12:02:53.105312
combat,bd6t5284770,,failed,0,0,,http_manifest,known,403,manifest,"Client error '403 ' for url 'https://openapiproext.bnf.fr/iiif/presentation/v3/ark:/12148/bd6t5284770/manifest.json'
For more information check: https://developer.mozilla.org/en-US/docs/Web/HTTP/Status/403",2026-07-17T12:02:54.310603
combat,bd6t528478b,,failed,0,0,,http_manifest,known,403,manifest,"Client error '403 ' for url 'https://openapiproext.bnf.fr/iiif/presentation/v3/ark:/12148/bd6t528478b/manifest.json'
For more information check: https://developer.mozilla.org/en-US/docs/Web/HTTP/Status/403",2026-07-17T12:02:55.516859
combat,bd6t528479p,,failed,0,0,,http_manifest,known,403,manifest,"Client error '403 ' for url 'https://openapiproext.bnf.fr/iiif/presentation/v3/ark:/12148/bd6t528479p/manifest.json'
For more information check: https://developer.mozilla.org/en-US/docs/Web/HTTP/Status/403",2026-07-17T12:02:56.713865
combat,bd6t528480w,,failed,0,0,,http_manifest,known,403,manifest,"Client error '403 ' for url 'https://openapiproext.bnf.fr/iiif/presentation/v3/ark:/12148/bd6t528480w/manifest.json'
For more information check: https://developer.mozilla.org/en-US/docs/Web/HTTP/Status/403",2026-07-17T12:02:57.997590
combat,bd6t5284817,,failed,0,0,,http_manifest,known,403,manifest,"Client error '403 ' for url 'https://openapiproext.bnf.fr/iiif/presentation/v3/ark:/12148/bd6t5284817/manifest.json'
For more information check: https://developer.mozilla.org/en-US/docs/Web/HTTP/Status/403",2026-07-17T12:02:59.147314
combat,bd6t528482k,,failed,0,0,,http_manifest,known,403,manifest,"Client error '403 ' for url 'https://openapiproext.bnf.fr/iiif/presentation/v3/ark:/12148/bd6t528482k/manifest.json'
For more information check: https://developer.mozilla.org/en-US/docs/Web/HTTP/Status/403",2026-07-17T12:03:00.511988
combat,bd6t528483x,,failed,0,0,,http_manifest,known,403,manifest,"Client error '403 ' for url 'https://openapiproext.bnf.fr/iiif/presentation/v3/ark:/12148/bd6t528483x/manifest.json'
For more information check: https://developer.mozilla.org/en-US/docs/Web/HTTP/Status/403",2026-07-17T12:03:01.745550
combat,bd6t5284848,,failed,0,0,,http_manifest,known,403,manifest,"Client error '403 ' for url 'https://openapiproext.bnf.fr/iiif/presentation/v3/ark:/12148/bd6t5284848/manifest.json'
For more information check: https://developer.mozilla.org/en-US/docs/Web/HTTP/Status/403",2026-07-17T12:03:02.719754
combat,bd6t528485m,,failed,0,0,,http_manifest,known,403,manifest,"Client error '403 ' for url 'https://openapiproext.bnf.fr/iiif/presentation/v3/ark:/12148/bd6t528485m/manifest.json'
For more information check: https://developer.mozilla.org/en-US/docs/Web/HTTP/Status/403",2026-07-17T12:03:03.993642
combat,bd6t528486z,,failed,0,0,,http_manifest,known,403,manifest,"Client error '403 ' for url 'https://openapiproext.bnf.fr/iiif/presentation/v3/ark:/12148/bd6t528486z/manifest.json'
For more information check: https://developer.mozilla.org/en-US/docs/Web/HTTP/Status/403",2026-07-17T12:03:05.228055
combat,bd6t5284879,,failed,0,0,,http_manifest,known,403,manifest,"Client error '403 ' for url 'https://openapiproext.bnf.fr/iiif/presentation/v3/ark:/12148/bd6t5284879/manifest.json'
For more information check: https://developer.mozilla.org/en-US/docs/Web/HTTP/Status/403",2026-07-17T12:03:06.559540
combat,bd6t528488n,,failed,0,0,,http_manifest,known,403,manifest,"Client error '403 ' for url 'https://openapiproext.bnf.fr/iiif/presentation/v3/ark:/12148/bd6t528488n/manifest.json'
For more information check: https://developer.mozilla.org/en-US/docs/Web/HTTP/Status/403",2026-07-17T12:03:07.803307
combat,bd6t5284890,,failed,0,0,,http_manifest,known,403,manifest,"Client error '403 ' for url 'https://openapiproext.bnf.fr/iiif/presentation/v3/ark:/12148/bd6t5284890/manifest.json'
For more information check: https://developer.mozilla.org/en-US/docs/Web/HTTP/Status/403",2026-07-17T12:03:08.731720
combat,bd6t5284906,,failed,0,0,,http_manifest,known,403,manifest,"Client error '403 ' for url 'https://openapiproext.bnf.fr/iiif/presentation/v3/ark:/12148/bd6t5284906/manifest.json'
For more information check: https://developer.mozilla.org/en-US/docs/Web/HTTP/Status/403",2026-07-17T12:03:09.936107
combat,bd6t528491j,,failed,0,0,,http_manifest,known,403,manifest,"Client error '403 ' for url 'https://openapiproext.bnf.fr/iiif/presentation/v3/ark:/12148/bd6t528491j/manifest.json'
For more information check: https://developer.mozilla.org/en-US/docs/Web/HTTP/Status/403",2026-07-17T12:03:11.159954
combat,bd6t528492w,,failed,0,0,,http_manifest,known,403,manifest,"Client error '403 ' for url 'https://openapiproext.bnf.fr/iiif/presentation/v3/ark:/12148/bd6t528492w/manifest.json'
For more information check: https://developer.mozilla.org/en-US/docs/Web/HTTP/Status/403",2026-07-17T12:03:12.431452
combat,bd6t5284937,,failed,0,0,,http_manifest,known,403,manifest,"Client error '403 ' for url 'https://openapiproext.bnf.fr/iiif/presentation/v3/ark:/12148/bd6t5284937/manifest.json'
For more information check: https://developer.mozilla.org/en-US/docs/Web/HTTP/Status/403",2026-07-17T12:03:13.630260
combat,bd6t528494k,,failed,0,0,,http_manifest,known,403,manifest,"Client error '403 ' for url 'https://openapiproext.bnf.fr/iiif/presentation/v3/ark:/12148/bd6t528494k/manifest.json'
For more information check: https://developer.mozilla.org/en-US/docs/Web/HTTP/Status/403",2026-07-17T12:03:14.893250
combat,bd6t528495x,,failed,0,0,,http_manifest,known,403,manifest,"Client error '403 ' for url 'https://openapiproext.bnf.fr/iiif/presentation/v3/ark:/12148/bd6t528495x/manifest.json'
For more information check: https://developer.mozilla.org/en-US/docs/Web/HTTP/Status/403",2026-07-17T12:03:15.964470
combat,bd6t5284968,,failed,0,0,,http_manifest,known,403,manifest,"Client error '403 ' for url 'https://openapiproext.bnf.fr/iiif/presentation/v3/ark:/12148/bd6t5284968/manifest.json'
For more information check: https://developer.mozilla.org/en-US/docs/Web/HTTP/Status/403",2026-07-17T12:03:17.140349
combat,bd6t528497m,,failed,0,0,,http_manifest,known,403,manifest,"Client error '403 ' for url 'https://openapiproext.bnf.fr/iiif/presentation/v3/ark:/12148/bd6t528497m/manifest.json'
For more information check: https://developer.mozilla.org/en-US/docs/Web/HTTP/Status/403",2026-07-17T12:03:18.343459
combat,bd6t528498z,,failed,0,0,,http_manifest,known,403,manifest,"Client error '403 ' for url 'https://openapiproext.bnf.fr/iiif/presentation/v3/ark:/12148/bd6t528498z/manifest.json'
For more information check: https://developer.mozilla.org/en-US/docs/Web/HTTP/Status/403",2026-07-17T12:03:19.546557
combat,bd6t5284999,,failed,0,0,,http_manifest,known,403,manifest,"Client error '403 ' for url 'https://openapiproext.bnf.fr/iiif/presentation/v3/ark:/12148/bd6t5284999/manifest.json'
For more information check: https://developer.mozilla.org/en-US/docs/Web/HTTP/Status/403",2026-07-17T12:03:20.745730
combat,bd6t528500p,,failed,0,0,,http_manifest,known,403,manifest,"Client error '403 ' for url 'https://openapiproext.bnf.fr/iiif/presentation/v3/ark:/12148/bd6t528500p/manifest.json'
For more information check: https://developer.mozilla.org/en-US/docs/Web/HTTP/Status/403",2026-07-17T12:03:21.946667
combat,bd6t5285011,,failed,0,0,,http_manifest,known,403,manifest,"Client error '403 ' for url 'https://openapiproext.bnf.fr/iiif/presentation/v3/ark:/12148/bd6t5285011/manifest.json'
For more information check: https://developer.mozilla.org/en-US/docs/Web/HTTP/Status/403",2026-07-17T12:03:23.146867
combat,bd6t528502c,,failed,0,0,,http_manifest,known,403,manifest,"Client error '403 ' for url 'https://openapiproext.bnf.fr/iiif/presentation/v3/ark:/12148/bd6t528502c/manifest.json'
For more information check: https://developer.mozilla.org/en-US/docs/Web/HTTP/Status/403",2026-07-17T12:03:24.351088
combat,bd6t528503q,,failed,0,0,,http_manifest,known,403,manifest,"Client error '403 ' for url 'https://openapiproext.bnf.fr/iiif/presentation/v3/ark:/12148/bd6t528503q/manifest.json'
For more information check: https://developer.mozilla.org/en-US/docs/Web/HTTP/Status/403",2026-07-17T12:03:25.557524
combat,bd6t5285042,,failed,0,0,,http_manifest,known,403,manifest,"Client error '403 ' for url 'https://openapiproext.bnf.fr/iiif/presentation/v3/ark:/12148/bd6t5285042/manifest.json'
For more information check: https://developer.mozilla.org/en-US/docs/Web/HTTP/Status/403",2026-07-17T12:03:26.753087
combat,bd6t528505d,,failed,0,0,,http_manifest,known,403,manifest,"Client error '403 ' for url 'https://openapiproext.bnf.fr/iiif/presentation/v3/ark:/12148/bd6t528505d/manifest.json'
For more information check: https://developer.mozilla.org/en-US/docs/Web/HTTP/Status/403",2026-07-17T12:03:27.980636
combat,bd6t528506r,,failed,0,0,,http_manifest,known,403,manifest,"Client error '403 ' for url 'https://openapiproext.bnf.fr/iiif/presentation/v3/ark:/12148/bd6t528506r/manifest.json'
For more information check: https://developer.mozilla.org/en-US/docs/Web/HTTP/Status/403",2026-07-17T12:03:29.157538
combat,bd6t5285073,,failed,0,0,,http_manifest,known,403,manifest,"Client error '403 ' for url 'https://openapiproext.bnf.fr/iiif/presentation/v3/ark:/12148/bd6t5285073/manifest.json'
For more information check: https://developer.mozilla.org/en-US/docs/Web/HTTP/Status/403",2026-07-17T12:03:30.358976
combat,bd6t528508f,,failed,0,0,,http_manifest,known,403,manifest,"Client error '403 ' for url 'https://openapiproext.bnf.fr/iiif/presentation/v3/ark:/12148/bd6t528508f/manifest.json'
For more information check: https://developer.mozilla.org/en-US/docs/Web/HTTP/Status/403",2026-07-17T12:03:31.562120
combat,bd6t528509s,,failed,0,0,,http_manifest,known,403,manifest,"Client error '403 ' for url 'https://openapiproext.bnf.fr/iiif/presentation/v3/ark:/12148/bd6t528509s/manifest.json'
For more information check: https://developer.mozilla.org/en-US/docs/Web/HTTP/Status/403",2026-07-17T12:03:32.764583
combat,bd6t5285100,,failed,0,0,,http_manifest,known,403,manifest,"Client error '403 ' for url 'https://openapiproext.bnf.fr/iiif/presentation/v3/ark:/12148/bd6t5285100/manifest.json'
For more information check: https://developer.mozilla.org/en-US/docs/Web/HTTP/Status/403",2026-07-17T12:03:33.988200
combat,bd6t528511b,,failed,0,0,,http_manifest,known,403,manifest,"Client error '403 ' for url 'https://openapiproext.bnf.fr/iiif/presentation/v3/ark:/12148/bd6t528511b/manifest.json'
For more information check: https://developer.mozilla.org/en-US/docs/Web/HTTP/Status/403",2026-07-17T12:03:35.172041
combat,bd6t528512p,,failed,0,0,,http_manifest,known,403,manifest,"Client error '403 ' for url 'https://openapiproext.bnf.fr/iiif/presentation/v3/ark:/12148/bd6t528512p/manifest.json'
For more information check: https://developer.mozilla.org/en-US/docs/Web/HTTP/Status/403",2026-07-17T12:03:36.367680
combat,bd6t5285131,,failed,0,0,,http_manifest,known,403,manifest,"Client error '403 ' for url 'https://openapiproext.bnf.fr/iiif/presentation/v3/ark:/12148/bd6t5285131/manifest.json'
For more information check: https://developer.mozilla.org/en-US/docs/Web/HTTP/Status/403",2026-07-17T12:03:37.571762
combat,bd6t528514c,,failed,0,0,,http_manifest,known,403,manifest,"Client error '403 ' for url 'https://openapiproext.bnf.fr/iiif/presentation/v3/ark:/12148/bd6t528514c/manifest.json'
For more information check: https://developer.mozilla.org/en-US/docs/Web/HTTP/Status/403",2026-07-17T12:03:38.770334
combat,bd6t528515q,,failed,0,0,,http_manifest,known,403,manifest,"Client error '403 ' for url 'https://openapiproext.bnf.fr/iiif/presentation/v3/ark:/12148/bd6t528515q/manifest.json'
For more information check: https://developer.mozilla.org/en-US/docs/Web/HTTP/Status/403",2026-07-17T12:03:39.973015
combat,bd6t5285162,,failed,0,0,,http_manifest,known,403,manifest,"Client error '403 ' for url 'https://openapiproext.bnf.fr/iiif/presentation/v3/ark:/12148/bd6t5285162/manifest.json'
For more information check: https://developer.mozilla.org/en-US/docs/Web/HTTP/Status/403",2026-07-17T12:03:41.179436
combat,bd6t528517d,,failed,0,0,,http_manifest,known,403,manifest,"Client error '403 ' for url 'https://openapiproext.bnf.fr/iiif/presentation/v3/ark:/12148/bd6t528517d/manifest.json'
For more information check: https://developer.mozilla.org/en-US/docs/Web/HTTP/Status/403",2026-07-17T12:03:42.377850
combat,bd6t528518r,,failed,0,0,,http_manifest,known,403,manifest,"Client error '403 ' for url 'https://openapiproext.bnf.fr/iiif/presentation/v3/ark:/12148/bd6t528518r/manifest.json'
For more information check: https://developer.mozilla.org/en-US/docs/Web/HTTP/Status/403",2026-07-17T12:03:43.577347
combat,bd6t5285193,,failed,0,0,,http_manifest,known,403,manifest,"Client error '403 ' for url 'https://openapiproext.bnf.fr/iiif/presentation/v3/ark:/12148/bd6t5285193/manifest.json'
For more information check: https://developer.mozilla.org/en-US/docs/Web/HTTP/Status/403",2026-07-17T12:03:44.778029
combat,bd6t528286d,,failed,0,0,,http_manifest,known,403,manifest,"Client error '403 ' for url 'https://openapiproext.bnf.fr/iiif/presentation/v3/ark:/12148/bd6t528286d/manifest.json'
For more information check: https://developer.mozilla.org/en-US/docs/Web/HTTP/Status/403",2026-07-17T12:03:46.007066
combat,bd6t528287r,,failed,0,0,,http_manifest,known,403,manifest,"Client error '403 ' for url 'https://openapiproext.bnf.fr/iiif/presentation/v3/ark:/12148/bd6t528287r/manifest.json'
For more information check: https://developer.mozilla.org/en-US/docs/Web/HTTP/Status/403",2026-07-17T12:03:47.187144
combat,bd6t5282883,,failed,0,0,,http_manifest,known,403,manifest,"Client error '403 ' for url 'https://openapiproext.bnf.fr/iiif/presentation/v3/ark:/12148/bd6t5282883/manifest.json'
For more information check: https://developer.mozilla.org/en-US/docs/Web/HTTP/Status/403",2026-07-17T12:03:48.388540
combat,bd6t528289f,,failed,0,0,,http_manifest,known,403,manifest,"Client error '403 ' for url 'https://openapiproext.bnf.fr/iiif/presentation/v3/ark:/12148/bd6t528289f/manifest.json'
For more information check: https://developer.mozilla.org/en-US/docs/Web/HTTP/Status/403",2026-07-17T12:03:49.588519
combat,bd6t528290n,,failed,0,0,,http_manifest,known,403,manifest,"Client error '403 ' for url 'https://openapiproext.bnf.fr/iiif/presentation/v3/ark:/12148/bd6t528290n/manifest.json'
For more information check: https://developer.mozilla.org/en-US/docs/Web/HTTP/Status/403",2026-07-17T12:03:50.801618
combat,bd6t5282910,,failed,0,0,,http_manifest,known,403,manifest,"Client error '403 ' for url 'https://openapiproext.bnf.fr/iiif/presentation/v3/ark:/12148/bd6t5282910/manifest.json'
For more information check: https://developer.mozilla.org/en-US/docs/Web/HTTP/Status/403",2026-07-17T12:03:51.988402
combat,bd6t528292b,,failed,0,0,,http_manifest,known,403,manifest,"Client error '403 ' for url 'https://openapiproext.bnf.fr/iiif/presentation/v3/ark:/12148/bd6t528292b/manifest.json'
For more information check: https://developer.mozilla.org/en-US/docs/Web/HTTP/Status/403",2026-07-17T12:03:53.195527
combat,bd6t528293p,,failed,0,0,,http_manifest,known,403,manifest,"Client error '403 ' for url 'https://openapiproext.bnf.fr/iiif/presentation/v3/ark:/12148/bd6t528293p/manifest.json'
For more information check: https://developer.mozilla.org/en-US/docs/Web/HTTP/Status/403",2026-07-17T12:03:54.393651
combat,bd6t5282941,,failed,0,0,,http_manifest,known,403,manifest,"Client error '403 ' for url 'https://openapiproext.bnf.fr/iiif/presentation/v3/ark:/12148/bd6t5282941/manifest.json'
For more information check: https://developer.mozilla.org/en-US/docs/Web/HTTP/Status/403",2026-07-17T12:03:55.597513
combat,bd6t528295c,,failed,0,0,,http_manifest,known,403,manifest,"Client error '403 ' for url 'https://openapiproext.bnf.fr/iiif/presentation/v3/ark:/12148/bd6t528295c/manifest.json'
For more information check: https://developer.mozilla.org/en-US/docs/Web/HTTP/Status/403",2026-07-17T12:03:56.793856
combat,bd6t528296q,,failed,0,0,,http_manifest,known,403,manifest,"Client error '403 ' for url 'https://openapiproext.bnf.fr/iiif/presentation/v3/ark:/12148/bd6t528296q/manifest.json'
For more information check: https://developer.mozilla.org/en-US/docs/Web/HTTP/Status/403",2026-07-17T12:03:58.070148
combat,bd6t5282972,,failed,0,0,,http_manifest,known,403,manifest,"Client error '403 ' for url 'https://openapiproext.bnf.fr/iiif/presentation/v3/ark:/12148/bd6t5282972/manifest.json'
For more information check: https://developer.mozilla.org/en-US/docs/Web/HTTP/Status/403",2026-07-17T12:03:59.318951
combat,bd6t528298d,,failed,0,0,,http_manifest,known,403,manifest,"Client error '403 ' for url 'https://openapiproext.bnf.fr/iiif/presentation/v3/ark:/12148/bd6t528298d/manifest.json'
For more information check: https://developer.mozilla.org/en-US/docs/Web/HTTP/Status/403",2026-07-17T12:04:00.565293
combat,bd6t528299r,,failed,0,0,,http_manifest,known,403,manifest,"Client error '403 ' for url 'https://openapiproext.bnf.fr/iiif/presentation/v3/ark:/12148/bd6t528299r/manifest.json'
For more information check: https://developer.mozilla.org/en-US/docs/Web/HTTP/Status/403",2026-07-17T12:04:01.621222
combat,bd6t5283004,,failed,0,0,,http_manifest,known,403,manifest,"Client error '403 ' for url 'https://openapiproext.bnf.fr/iiif/presentation/v3/ark:/12148/bd6t5283004/manifest.json'
For more information check: https://developer.mozilla.org/en-US/docs/Web/HTTP/Status/403",2026-07-17T12:04:02.811981
combat,bd6t528301g,,failed,0,0,,http_manifest,known,403,manifest,"Client error '403 ' for url 'https://openapiproext.bnf.fr/iiif/presentation/v3/ark:/12148/bd6t528301g/manifest.json'
For more information check: https://developer.mozilla.org/en-US/docs/Web/HTTP/Status/403",2026-07-17T12:04:04.265152
combat,bd6t528302t,,failed,0,0,,http_manifest,known,403,manifest,"Client error '403 ' for url 'https://openapiproext.bnf.fr/iiif/presentation/v3/ark:/12148/bd6t528302t/manifest.json'
For more information check: https://developer.mozilla.org/en-US/docs/Web/HTTP/Status/403",2026-07-17T12:04:05.421748
combat,bd6t5283035,,failed,0,0,,http_manifest,known,403,manifest,"Client error '403 ' for url 'https://openapiproext.bnf.fr/iiif/presentation/v3/ark:/12148/bd6t5283035/manifest.json'
For more information check: https://developer.mozilla.org/en-US/docs/Web/HTTP/Status/403",2026-07-17T12:04:06.561977
combat,bd6t528304h,,failed,0,0,,http_manifest,known,403,manifest,"Client error '403 ' for url 'https://openapiproext.bnf.fr/iiif/presentation/v3/ark:/12148/bd6t528304h/manifest.json'
For more information check: https://developer.mozilla.org/en-US/docs/Web/HTTP/Status/403",2026-07-17T12:04:07.612734
combat,bd6t528305v,,failed,0,0,,http_manifest,known,403,manifest,"Client error '403 ' for url 'https://openapiproext.bnf.fr/iiif/presentation/v3/ark:/12148/bd6t528305v/manifest.json'
For more information check: https://developer.mozilla.org/en-US/docs/Web/HTTP/Status/403",2026-07-17T12:04:08.816132
combat,bd6t5283066,,failed,0,0,,http_manifest,known,403,manifest,"Client error '403 ' for url 'https://openapiproext.bnf.fr/iiif/presentation/v3/ark:/12148/bd6t5283066/manifest.json'
For more information check: https://developer.mozilla.org/en-US/docs/Web/HTTP/Status/403",2026-07-17T12:04:10.085203
combat,bd6t528307j,,failed,0,0,,http_manifest,known,403,manifest,"Client error '403 ' for url 'https://openapiproext.bnf.fr/iiif/presentation/v3/ark:/12148/bd6t528307j/manifest.json'
For more information check: https://developer.mozilla.org/en-US/docs/Web/HTTP/Status/403",2026-07-17T12:04:11.224829
combat,bd6t528308w,,failed,0,0,,http_manifest,known,403,manifest,"Client error '403 ' for url 'https://openapiproext.bnf.fr/iiif/presentation/v3/ark:/12148/bd6t528308w/manifest.json'
For more information check: https://developer.mozilla.org/en-US/docs/Web/HTTP/Status/403",2026-07-17T12:04:12.421843
combat,bd6t5283097,,failed,0,0,,http_manifest,known,403,manifest,"Client error '403 ' for url 'https://openapiproext.bnf.fr/iiif/presentation/v3/ark:/12148/bd6t5283097/manifest.json'
For more information check: https://developer.mozilla.org/en-US/docs/Web/HTTP/Status/403",2026-07-17T12:04:13.620731
combat,bd6t528310f,,failed,0,0,,http_manifest,known,403,manifest,"Client error '403 ' for url 'https://openapiproext.bnf.fr/iiif/presentation/v3/ark:/12148/bd6t528310f/manifest.json'
For more information check: https://developer.mozilla.org/en-US/docs/Web/HTTP/Status/403",2026-07-17T12:04:14.823519
combat,bd6t528311s,,failed,0,0,,http_manifest,known,403,manifest,"Client error '403 ' for url 'https://openapiproext.bnf.fr/iiif/presentation/v3/ark:/12148/bd6t528311s/manifest.json'
For more information check: https://developer.mozilla.org/en-US/docs/Web/HTTP/Status/403",2026-07-17T12:04:16.235909
combat,bd6t5283124,,failed,0,0,,http_manifest,known,403,manifest,"Client error '403 ' for url 'https://openapiproext.bnf.fr/iiif/presentation/v3/ark:/12148/bd6t5283124/manifest.json'
For more information check: https://developer.mozilla.org/en-US/docs/Web/HTTP/Status/403",2026-07-17T12:04:17.303197
combat,bd6t528313g,,failed,0,0,,http_manifest,known,403,manifest,"Client error '403 ' for url 'https://openapiproext.bnf.fr/iiif/presentation/v3/ark:/12148/bd6t528313g/manifest.json'
For more information check: https://developer.mozilla.org/en-US/docs/Web/HTTP/Status/403",2026-07-17T12:04:18.694293
combat,bd6t528314t,,failed,0,0,,http_manifest,known,403,manifest,"Client error '403 ' for url 'https://openapiproext.bnf.fr/iiif/presentation/v3/ark:/12148/bd6t528314t/manifest.json'
For more information check: https://developer.mozilla.org/en-US/docs/Web/HTTP/Status/403",2026-07-17T12:04:19.631261
combat,bd6t5283155,,failed,0,0,,http_manifest,known,403,manifest,"Client error '403 ' for url 'https://openapiproext.bnf.fr/iiif/presentation/v3/ark:/12148/bd6t5283155/manifest.json'
For more information check: https://developer.mozilla.org/en-US/docs/Web/HTTP/Status/403",2026-07-17T12:04:20.829885
combat,bd6t528316h,,failed,0,0,,http_manifest,known,403,manifest,"Client error '403 ' for url 'https://openapiproext.bnf.fr/iiif/presentation/v3/ark:/12148/bd6t528316h/manifest.json'
For more information check: https://developer.mozilla.org/en-US/docs/Web/HTTP/Status/403",2026-07-17T12:04:22.056282
combat,bd6t528317v,,failed,0,0,,http_manifest,known,403,manifest,"Client error '403 ' for url 'https://openapiproext.bnf.fr/iiif/presentation/v3/ark:/12148/bd6t528317v/manifest.json'
For more information check: https://developer.mozilla.org/en-US/docs/Web/HTTP/Status/403",2026-07-17T12:04:23.233500
combat,bd6t5283186,,failed,0,0,,http_manifest,known,403,manifest,"Client error '403 ' for url 'https://openapiproext.bnf.fr/iiif/presentation/v3/ark:/12148/bd6t5283186/manifest.json'
For more information check: https://developer.mozilla.org/en-US/docs/Web/HTTP/Status/403",2026-07-17T12:04:24.436128
combat,bd6t528319j,,failed,0,0,,http_manifest,known,403,manifest,"Client error '403 ' for url 'https://openapiproext.bnf.fr/iiif/presentation/v3/ark:/12148/bd6t528319j/manifest.json'
For more information check: https://developer.mozilla.org/en-US/docs/Web/HTTP/Status/403",2026-07-17T12:04:25.639395
combat,bd6t528320r,,failed,0,0,,http_manifest,known,403,manifest,"Client error '403 ' for url 'https://openapiproext.bnf.fr/iiif/presentation/v3/ark:/12148/bd6t528320r/manifest.json'
For more information check: https://developer.mozilla.org/en-US/docs/Web/HTTP/Status/403",2026-07-17T12:04:26.842412
combat,bd6t5283213,,failed,0,0,,http_manifest,known,403,manifest,"Client error '403 ' for url 'https://openapiproext.bnf.fr/iiif/presentation/v3/ark:/12148/bd6t5283213/manifest.json'
For more information check: https://developer.mozilla.org/en-US/docs/Web/HTTP/Status/403",2026-07-17T12:04:28.043541
combat,bd6t528322f,,failed,0,0,,http_manifest,known,403,manifest,"Client error '403 ' for url 'https://openapiproext.bnf.fr/iiif/presentation/v3/ark:/12148/bd6t528322f/manifest.json'
For more information check: https://developer.mozilla.org/en-US/docs/Web/HTTP/Status/403",2026-07-17T12:04:29.241916
combat,bd6t528323s,,failed,0,0,,http_manifest,known,403,manifest,"Client error '403 ' for url 'https://openapiproext.bnf.fr/iiif/presentation/v3/ark:/12148/bd6t528323s/manifest.json'
For more information check: https://developer.mozilla.org/en-US/docs/Web/HTTP/Status/403",2026-07-17T12:04:30.445737
combat,bd6t5283244,,failed,0,0,,http_manifest,known,403,manifest,"Client error '403 ' for url 'https://openapiproext.bnf.fr/iiif/presentation/v3/ark:/12148/bd6t5283244/manifest.json'
For more information check: https://developer.mozilla.org/en-US/docs/Web/HTTP/Status/403",2026-07-17T12:04:31.648758
combat,bd6t528325g,,failed,0,0,,http_manifest,known,403,manifest,"Client error '403 ' for url 'https://openapiproext.bnf.fr/iiif/presentation/v3/ark:/12148/bd6t528325g/manifest.json'
For more information check: https://developer.mozilla.org/en-US/docs/Web/HTTP/Status/403",2026-07-17T12:04:32.850095
combat,bd6t528326t,,failed,0,0,,http_manifest,known,403,manifest,"Client error '403 ' for url 'https://openapiproext.bnf.fr/iiif/presentation/v3/ark:/12148/bd6t528326t/manifest.json'
For more information check: https://developer.mozilla.org/en-US/docs/Web/HTTP/Status/403",2026-07-17T12:04:34.075062
combat,bd6t5283275,,failed,0,0,,http_manifest,known,403,manifest,"Client error '403 ' for url 'https://openapiproext.bnf.fr/iiif/presentation/v3/ark:/12148/bd6t5283275/manifest.json'
For more information check: https://developer.mozilla.org/en-US/docs/Web/HTTP/Status/403",2026-07-17T12:04:35.251631
combat,bd6t528328h,,failed,0,0,,http_manifest,known,403,manifest,"Client error '403 ' for url 'https://openapiproext.bnf.fr/iiif/presentation/v3/ark:/12148/bd6t528328h/manifest.json'
For more information check: https://developer.mozilla.org/en-US/docs/Web/HTTP/Status/403",2026-07-17T12:04:36.452820
combat,bd6t528329v,,failed,0,0,,http_manifest,known,403,manifest,"Client error '403 ' for url 'https://openapiproext.bnf.fr/iiif/presentation/v3/ark:/12148/bd6t528329v/manifest.json'
For more information check: https://developer.mozilla.org/en-US/docs/Web/HTTP/Status/403",2026-07-17T12:04:37.657449
combat,bd6t5283302,,failed,0,0,,http_manifest,known,403,manifest,"Client error '403 ' for url 'https://openapiproext.bnf.fr/iiif/presentation/v3/ark:/12148/bd6t5283302/manifest.json'
For more information check: https://developer.mozilla.org/en-US/docs/Web/HTTP/Status/403",2026-07-17T12:04:38.856733
combat,bd6t528331d,,failed,0,0,,http_manifest,known,403,manifest,"Client error '403 ' for url 'https://openapiproext.bnf.fr/iiif/presentation/v3/ark:/12148/bd6t528331d/manifest.json'
For more information check: https://developer.mozilla.org/en-US/docs/Web/HTTP/Status/403",2026-07-17T12:04:40.056893
combat,bd6t528332r,,failed,0,0,,http_manifest,known,403,manifest,"Client error '403 ' for url 'https://openapiproext.bnf.fr/iiif/presentation/v3/ark:/12148/bd6t528332r/manifest.json'
For more information check: https://developer.mozilla.org/en-US/docs/Web/HTTP/Status/403",2026-07-17T12:04:41.258703
combat,bd6t5283333,,failed,0,0,,http_manifest,known,403,manifest,"Client error '403 ' for url 'https://openapiproext.bnf.fr/iiif/presentation/v3/ark:/12148/bd6t5283333/manifest.json'
For more information check: https://developer.mozilla.org/en-US/docs/Web/HTTP/Status/403",2026-07-17T12:04:42.458348
combat,bd6t528334f,,failed,0,0,,http_manifest,known,403,manifest,"Client error '403 ' for url 'https://openapiproext.bnf.fr/iiif/presentation/v3/ark:/12148/bd6t528334f/manifest.json'
For more information check: https://developer.mozilla.org/en-US/docs/Web/HTTP/Status/403",2026-07-17T12:04:43.664934
combat,bd6t528335s,,failed,0,0,,http_manifest,known,403,manifest,"Client error '403 ' for url 'https://openapiproext.bnf.fr/iiif/presentation/v3/ark:/12148/bd6t528335s/manifest.json'
For more information check: https://developer.mozilla.org/en-US/docs/Web/HTTP/Status/403",2026-07-17T12:04:44.866514
combat,bd6t5283364,,failed,0,0,,http_manifest,known,403,manifest,"Client error '403 ' for url 'https://openapiproext.bnf.fr/iiif/presentation/v3/ark:/12148/bd6t5283364/manifest.json'
For more information check: https://developer.mozilla.org/en-US/docs/Web/HTTP/Status/403",2026-07-17T12:04:46.090444
combat,bd6t528337g,,failed,0,0,,http_manifest,known,403,manifest,"Client error '403 ' for url 'https://openapiproext.bnf.fr/iiif/presentation/v3/ark:/12148/bd6t528337g/manifest.json'
For more information check: https://developer.mozilla.org/en-US/docs/Web/HTTP/Status/403",2026-07-17T12:04:47.267042
combat,bd6t5293560,,failed,0,0,,http_manifest,known,403,manifest,"Client error '403 ' for url 'https://openapiproext.bnf.fr/iiif/presentation/v3/ark:/12148/bd6t5293560/manifest.json'
For more information check: https://developer.mozilla.org/en-US/docs/Web/HTTP/Status/403",2026-07-17T12:04:48.470556
combat,bd6t529357b,,failed,0,0,,http_manifest,known,403,manifest,"Client error '403 ' for url 'https://openapiproext.bnf.fr/iiif/presentation/v3/ark:/12148/bd6t529357b/manifest.json'
For more information check: https://developer.mozilla.org/en-US/docs/Web/HTTP/Status/403",2026-07-17T12:04:49.670644
combat,bd6t529358p,,failed,0,0,,http_manifest,known,403,manifest,"Client error '403 ' for url 'https://openapiproext.bnf.fr/iiif/presentation/v3/ark:/12148/bd6t529358p/manifest.json'
For more information check: https://developer.mozilla.org/en-US/docs/Web/HTTP/Status/403",2026-07-17T12:04:50.877241
combat,bd6t5293591,,failed,0,0,,http_manifest,known,403,manifest,"Client error '403 ' for url 'https://openapiproext.bnf.fr/iiif/presentation/v3/ark:/12148/bd6t5293591/manifest.json'
For more information check: https://developer.mozilla.org/en-US/docs/Web/HTTP/Status/403",2026-07-17T12:04:52.101607
combat,bd6t5293607,,failed,0,0,,http_manifest,known,403,manifest,"Client error '403 ' for url 'https://openapiproext.bnf.fr/iiif/presentation/v3/ark:/12148/bd6t5293607/manifest.json'
For more information check: https://developer.mozilla.org/en-US/docs/Web/HTTP/Status/403",2026-07-17T12:04:53.278565
combat,bd6t529361k,,failed,0,0,,http_manifest,known,403,manifest,"Client error '403 ' for url 'https://openapiproext.bnf.fr/iiif/presentation/v3/ark:/12148/bd6t529361k/manifest.json'
For more information check: https://developer.mozilla.org/en-US/docs/Web/HTTP/Status/403",2026-07-17T12:04:54.479124
combat,bd6t529362x,,failed,0,0,,http_manifest,known,403,manifest,"Client error '403 ' for url 'https://openapiproext.bnf.fr/iiif/presentation/v3/ark:/12148/bd6t529362x/manifest.json'
For more information check: https://developer.mozilla.org/en-US/docs/Web/HTTP/Status/403",2026-07-17T12:04:55.681905
combat,bd6t5293638,,failed,0,0,,http_manifest,known,403,manifest,"Client error '403 ' for url 'https://openapiproext.bnf.fr/iiif/presentation/v3/ark:/12148/bd6t5293638/manifest.json'
For more information check: https://developer.mozilla.org/en-US/docs/Web/HTTP/Status/403",2026-07-17T12:04:56.882080
combat,bd6t529364m,,failed,0,0,,http_manifest,known,403,manifest,"Client error '403 ' for url 'https://openapiproext.bnf.fr/iiif/presentation/v3/ark:/12148/bd6t529364m/manifest.json'
For more information check: https://developer.mozilla.org/en-US/docs/Web/HTTP/Status/403",2026-07-17T12:04:58.275007
combat,bd6t529365z,,failed,0,0,,http_manifest,known,403,manifest,"Client error '403 ' for url 'https://openapiproext.bnf.fr/iiif/presentation/v3/ark:/12148/bd6t529365z/manifest.json'
For more information check: https://developer.mozilla.org/en-US/docs/Web/HTTP/Status/403",2026-07-17T12:04:59.489270
combat,bd6t5293669,,failed,0,0,,http_manifest,known,403,manifest,"Client error '403 ' for url 'https://openapiproext.bnf.fr/iiif/presentation/v3/ark:/12148/bd6t5293669/manifest.json'
For more information check: https://developer.mozilla.org/en-US/docs/Web/HTTP/Status/403",2026-07-17T12:05:00.488624
combat,bd6t529367n,,failed,0,0,,http_manifest,known,403,manifest,"Client error '403 ' for url 'https://openapiproext.bnf.fr/iiif/presentation/v3/ark:/12148/bd6t529367n/manifest.json'
For more information check: https://developer.mozilla.org/en-US/docs/Web/HTTP/Status/403",2026-07-17T12:05:01.901893
combat,bd6t5293680,,failed,0,0,,http_manifest,known,403,manifest,"Client error '403 ' for url 'https://openapiproext.bnf.fr/iiif/presentation/v3/ark:/12148/bd6t5293680/manifest.json'
For more information check: https://developer.mozilla.org/en-US/docs/Web/HTTP/Status/403",2026-07-17T12:05:03.194816
combat,bd6t529369b,,failed,0,0,,http_manifest,known,403,manifest,"Client error '403 ' for url 'https://openapiproext.bnf.fr/iiif/presentation/v3/ark:/12148/bd6t529369b/manifest.json'
For more information check: https://developer.mozilla.org/en-US/docs/Web/HTTP/Status/403",2026-07-17T12:05:04.341570
combat,bd6t529370j,,failed,0,0,,http_manifest,known,403,manifest,"Client error '403 ' for url 'https://openapiproext.bnf.fr/iiif/presentation/v3/ark:/12148/bd6t529370j/manifest.json'
For more information check: https://developer.mozilla.org/en-US/docs/Web/HTTP/Status/403",2026-07-17T12:05:05.533967
combat,bd6t529371w,,failed,0,0,,http_manifest,known,403,manifest,"Client error '403 ' for url 'https://openapiproext.bnf.fr/iiif/presentation/v3/ark:/12148/bd6t529371w/manifest.json'
For more information check: https://developer.mozilla.org/en-US/docs/Web/HTTP/Status/403",2026-07-17T12:05:06.652826
combat,bd6t5293727,,failed,0,0,,http_manifest,known,403,manifest,"Client error '403 ' for url 'https://openapiproext.bnf.fr/iiif/presentation/v3/ark:/12148/bd6t5293727/manifest.json'
For more information check: https://developer.mozilla.org/en-US/docs/Web/HTTP/Status/403",2026-07-17T12:05:07.701813
combat,bd6t529373k,,failed,0,0,,http_manifest,known,403,manifest,"Client error '403 ' for url 'https://openapiproext.bnf.fr/iiif/presentation/v3/ark:/12148/bd6t529373k/manifest.json'
For more information check: https://developer.mozilla.org/en-US/docs/Web/HTTP/Status/403",2026-07-17T12:05:08.902748
combat,bd6t529374x,,failed,0,0,,http_manifest,known,403,manifest,"Client error '403 ' for url 'https://openapiproext.bnf.fr/iiif/presentation/v3/ark:/12148/bd6t529374x/manifest.json'
For more information check: https://developer.mozilla.org/en-US/docs/Web/HTTP/Status/403",2026-07-17T12:05:10.101863
combat,bd6t5293758,,failed,0,0,,http_manifest,known,403,manifest,"Client error '403 ' for url 'https://openapiproext.bnf.fr/iiif/presentation/v3/ark:/12148/bd6t5293758/manifest.json'
For more information check: https://developer.mozilla.org/en-US/docs/Web/HTTP/Status/403",2026-07-17T12:05:11.308434
combat,bd6t529376m,,failed,0,0,,http_manifest,known,403,manifest,"Client error '403 ' for url 'https://openapiproext.bnf.fr/iiif/presentation/v3/ark:/12148/bd6t529376m/manifest.json'
For more information check: https://developer.mozilla.org/en-US/docs/Web/HTTP/Status/403",2026-07-17T12:05:12.512457
combat,bd6t529377z,,failed,0,0,,http_manifest,known,403,manifest,"Client error '403 ' for url 'https://openapiproext.bnf.fr/iiif/presentation/v3/ark:/12148/bd6t529377z/manifest.json'
For more information check: https://developer.mozilla.org/en-US/docs/Web/HTTP/Status/403",2026-07-17T12:05:13.706587
combat,bd6t5293789,,failed,0,0,,http_manifest,known,403,manifest,"Client error '403 ' for url 'https://openapiproext.bnf.fr/iiif/presentation/v3/ark:/12148/bd6t5293789/manifest.json'
For more information check: https://developer.mozilla.org/en-US/docs/Web/HTTP/Status/403",2026-07-17T12:05:14.910691
combat,bd6t529379n,,failed,0,0,,http_manifest,known,403,manifest,"Client error '403 ' for url 'https://openapiproext.bnf.fr/iiif/presentation/v3/ark:/12148/bd6t529379n/manifest.json'
For more information check: https://developer.mozilla.org/en-US/docs/Web/HTTP/Status/403",2026-07-17T12:05:16.129065
combat,bd6t529380v,,failed,0,0,,http_manifest,known,403,manifest,"Client error '403 ' for url 'https://openapiproext.bnf.fr/iiif/presentation/v3/ark:/12148/bd6t529380v/manifest.json'
For more information check: https://developer.mozilla.org/en-US/docs/Web/HTTP/Status/403",2026-07-17T12:05:17.318770
combat,bd6t5293816,,failed,0,0,,http_manifest,known,403,manifest,"Client error '403 ' for url 'https://openapiproext.bnf.fr/iiif/presentation/v3/ark:/12148/bd6t5293816/manifest.json'
For more information check: https://developer.mozilla.org/en-US/docs/Web/HTTP/Status/403",2026-07-17T12:05:18.516702
combat,bd6t529382j,,failed,0,0,,http_manifest,known,403,manifest,"Client error '403 ' for url 'https://openapiproext.bnf.fr/iiif/presentation/v3/ark:/12148/bd6t529382j/manifest.json'
For more information check: https://developer.mozilla.org/en-US/docs/Web/HTTP/Status/403",2026-07-17T12:05:19.718896
combat,bd6t529383w,,failed,0,0,,http_manifest,known,403,manifest,"Client error '403 ' for url 'https://openapiproext.bnf.fr/iiif/presentation/v3/ark:/12148/bd6t529383w/manifest.json'
For more information check: https://developer.mozilla.org/en-US/docs/Web/HTTP/Status/403",2026-07-17T12:05:20.922993
combat,bd6t5293847,,failed,0,0,,http_manifest,known,403,manifest,"Client error '403 ' for url 'https://openapiproext.bnf.fr/iiif/presentation/v3/ark:/12148/bd6t5293847/manifest.json'
For more information check: https://developer.mozilla.org/en-US/docs/Web/HTTP/Status/403",2026-07-17T12:05:22.147608
combat,bd6t529385k,,failed,0,0,,http_manifest,known,403,manifest,"Client error '403 ' for url 'https://openapiproext.bnf.fr/iiif/presentation/v3/ark:/12148/bd6t529385k/manifest.json'
For more information check: https://developer.mozilla.org/en-US/docs/Web/HTTP/Status/403",2026-07-17T12:05:23.323287
combat,bd6t529386x,,failed,0,0,,http_manifest,known,403,manifest,"Client error '403 ' for url 'https://openapiproext.bnf.fr/iiif/presentation/v3/ark:/12148/bd6t529386x/manifest.json'
For more information check: https://developer.mozilla.org/en-US/docs/Web/HTTP/Status/403",2026-07-17T12:05:24.522447
combat,bd6t5293878,,failed,0,0,,http_manifest,known,403,manifest,"Client error '403 ' for url 'https://openapiproext.bnf.fr/iiif/presentation/v3/ark:/12148/bd6t5293878/manifest.json'
For more information check: https://developer.mozilla.org/en-US/docs/Web/HTTP/Status/403",2026-07-17T12:05:25.724642
combat,bd6t529388m,,failed,0,0,,http_manifest,known,403,manifest,"Client error '403 ' for url 'https://openapiproext.bnf.fr/iiif/presentation/v3/ark:/12148/bd6t529388m/manifest.json'
For more information check: https://developer.mozilla.org/en-US/docs/Web/HTTP/Status/403",2026-07-17T12:05:26.929204
combat,bd6t529389z,,failed,0,0,,http_manifest,known,403,manifest,"Client error '403 ' for url 'https://openapiproext.bnf.fr/iiif/presentation/v3/ark:/12148/bd6t529389z/manifest.json'
For more information check: https://developer.mozilla.org/en-US/docs/Web/HTTP/Status/403",2026-07-17T12:05:28.126187
combat,bd6t5293905,,failed,0,0,,http_manifest,known,403,manifest,"Client error '403 ' for url 'https://openapiproext.bnf.fr/iiif/presentation/v3/ark:/12148/bd6t5293905/manifest.json'
For more information check: https://developer.mozilla.org/en-US/docs/Web/HTTP/Status/403",2026-07-17T12:05:29.332937
combat,bd6t529391h,,failed,0,0,,http_manifest,known,403,manifest,"Client error '403 ' for url 'https://openapiproext.bnf.fr/iiif/presentation/v3/ark:/12148/bd6t529391h/manifest.json'
For more information check: https://developer.mozilla.org/en-US/docs/Web/HTTP/Status/403",2026-07-17T12:05:30.531206
combat,bd6t529392v,,failed,0,0,,http_manifest,known,403,manifest,"Client error '403 ' for url 'https://openapiproext.bnf.fr/iiif/presentation/v3/ark:/12148/bd6t529392v/manifest.json'
For more information check: https://developer.mozilla.org/en-US/docs/Web/HTTP/Status/403",2026-07-17T12:05:31.731981
combat,bd6t5293936,,failed,0,0,,http_manifest,known,403,manifest,"Client error '403 ' for url 'https://openapiproext.bnf.fr/iiif/presentation/v3/ark:/12148/bd6t5293936/manifest.json'
For more information check: https://developer.mozilla.org/en-US/docs/Web/HTTP/Status/403",2026-07-17T12:05:32.946465
combat,bd6t529394j,,failed,0,0,,http_manifest,known,403,manifest,"Client error '403 ' for url 'https://openapiproext.bnf.fr/iiif/presentation/v3/ark:/12148/bd6t529394j/manifest.json'
For more information check: https://developer.mozilla.org/en-US/docs/Web/HTTP/Status/403",2026-07-17T12:05:34.166615
combat,bd6t529395w,,failed,0,0,,http_manifest,known,403,manifest,"Client error '403 ' for url 'https://openapiproext.bnf.fr/iiif/presentation/v3/ark:/12148/bd6t529395w/manifest.json'
For more information check: https://developer.mozilla.org/en-US/docs/Web/HTTP/Status/403",2026-07-17T12:05:35.338458
combat,bd6t5293967,,failed,0,0,,http_manifest,known,403,manifest,"Client error '403 ' for url 'https://openapiproext.bnf.fr/iiif/presentation/v3/ark:/12148/bd6t5293967/manifest.json'
For more information check: https://developer.mozilla.org/en-US/docs/Web/HTTP/Status/403",2026-07-17T12:05:36.539726
combat,bd6t529397k,,failed,0,0,,http_manifest,known,403,manifest,"Client error '403 ' for url 'https://openapiproext.bnf.fr/iiif/presentation/v3/ark:/12148/bd6t529397k/manifest.json'
For more information check: https://developer.mozilla.org/en-US/docs/Web/HTTP/Status/403",2026-07-17T12:05:37.736168
combat,bd6t529398x,,failed,0,0,,http_manifest,known,403,manifest,"Client error '403 ' for url 'https://openapiproext.bnf.fr/iiif/presentation/v3/ark:/12148/bd6t529398x/manifest.json'
For more information check: https://developer.mozilla.org/en-US/docs/Web/HTTP/Status/403",2026-07-17T12:05:38.992102
combat,bd6t5293998,,failed,0,0,,http_manifest,known,403,manifest,"Client error '403 ' for url 'https://openapiproext.bnf.fr/iiif/presentation/v3/ark:/12148/bd6t5293998/manifest.json'
For more information check: https://developer.mozilla.org/en-US/docs/Web/HTTP/Status/403",2026-07-17T12:05:40.145559
combat,bd6t529400n,,failed,0,0,,http_manifest,known,403,manifest,"Client error '403 ' for url 'https://openapiproext.bnf.fr/iiif/presentation/v3/ark:/12148/bd6t529400n/manifest.json'
For more information check: https://developer.mozilla.org/en-US/docs/Web/HTTP/Status/403",2026-07-17T12:05:41.352950
combat,bd6t5294010,,failed,0,0,,http_manifest,known,403,manifest,"Client error '403 ' for url 'https://openapiproext.bnf.fr/iiif/presentation/v3/ark:/12148/bd6t5294010/manifest.json'
For more information check: https://developer.mozilla.org/en-US/docs/Web/HTTP/Status/403",2026-07-17T12:05:42.547830
combat,bd6t529402b,,failed,0,0,,http_manifest,known,403,manifest,"Client error '403 ' for url 'https://openapiproext.bnf.fr/iiif/presentation/v3/ark:/12148/bd6t529402b/manifest.json'
For more information check: https://developer.mozilla.org/en-US/docs/Web/HTTP/Status/403",2026-07-17T12:05:43.749653
combat,bd6t529403p,,failed,0,0,,http_manifest,known,403,manifest,"Client error '403 ' for url 'https://openapiproext.bnf.fr/iiif/presentation/v3/ark:/12148/bd6t529403p/manifest.json'
For more information check: https://developer.mozilla.org/en-US/docs/Web/HTTP/Status/403",2026-07-17T12:05:44.955351
combat,bd6t5294041,,failed,0,0,,http_manifest,known,403,manifest,"Client error '403 ' for url 'https://openapiproext.bnf.fr/iiif/presentation/v3/ark:/12148/bd6t5294041/manifest.json'
For more information check: https://developer.mozilla.org/en-US/docs/Web/HTTP/Status/403",2026-07-17T12:05:46.176872
combat,bd6t529405c,,failed,0,0,,http_manifest,known,403,manifest,"Client error '403 ' for url 'https://openapiproext.bnf.fr/iiif/presentation/v3/ark:/12148/bd6t529405c/manifest.json'
For more information check: https://developer.mozilla.org/en-US/docs/Web/HTTP/Status/403",2026-07-17T12:05:47.352291
combat,bd6t529406q,,failed,0,0,,http_manifest,known,403,manifest,"Client error '403 ' for url 'https://openapiproext.bnf.fr/iiif/presentation/v3/ark:/12148/bd6t529406q/manifest.json'
For more information check: https://developer.mozilla.org/en-US/docs/Web/HTTP/Status/403",2026-07-17T12:05:48.556775
combat,bd6t5294072,,failed,0,0,,http_manifest,known,403,manifest,"Client error '403 ' for url 'https://openapiproext.bnf.fr/iiif/presentation/v3/ark:/12148/bd6t5294072/manifest.json'
For more information check: https://developer.mozilla.org/en-US/docs/Web/HTTP/Status/403",2026-07-17T12:05:49.757465
combat,bd6t529408d,,failed,0,0,,http_manifest,known,403,manifest,"Client error '403 ' for url 'https://openapiproext.bnf.fr/iiif/presentation/v3/ark:/12148/bd6t529408d/manifest.json'
For more information check: https://developer.mozilla.org/en-US/docs/Web/HTTP/Status/403",2026-07-17T12:05:50.958339
combat,bd6t531354k,,failed,0,0,,http_manifest,known,403,manifest,"Client error '403 ' for url 'https://openapiproext.bnf.fr/iiif/presentation/v3/ark:/12148/bd6t531354k/manifest.json'
For more information check: https://developer.mozilla.org/en-US/docs/Web/HTTP/Status/403",2026-07-17T12:05:52.184047
combat,bd6t531355x,,failed,0,0,,http_manifest,known,403,manifest,"Client error '403 ' for url 'https://openapiproext.bnf.fr/iiif/presentation/v3/ark:/12148/bd6t531355x/manifest.json'
For more information check: https://developer.mozilla.org/en-US/docs/Web/HTTP/Status/403",2026-07-17T12:05:53.366698
combat,bd6t5313568,,failed,0,0,,http_manifest,known,403,manifest,"Client error '403 ' for url 'https://openapiproext.bnf.fr/iiif/presentation/v3/ark:/12148/bd6t5313568/manifest.json'
For more information check: https://developer.mozilla.org/en-US/docs/Web/HTTP/Status/403",2026-07-17T12:05:54.583316
combat,bd6t531357m,,failed,0,0,,http_manifest,known,403,manifest,"Client error '403 ' for url 'https://openapiproext.bnf.fr/iiif/presentation/v3/ark:/12148/bd6t531357m/manifest.json'
For more information check: https://developer.mozilla.org/en-US/docs/Web/HTTP/Status/403",2026-07-17T12:05:55.768544
combat,bd6t531358z,,failed,0,0,,http_manifest,known,403,manifest,"Client error '403 ' for url 'https://openapiproext.bnf.fr/iiif/presentation/v3/ark:/12148/bd6t531358z/manifest.json'
For more information check: https://developer.mozilla.org/en-US/docs/Web/HTTP/Status/403",2026-07-17T12:05:56.969502
combat,bd6t5313599,,failed,0,0,,http_manifest,known,403,manifest,"Client error '403 ' for url 'https://openapiproext.bnf.fr/iiif/presentation/v3/ark:/12148/bd6t5313599/manifest.json'
For more information check: https://developer.mozilla.org/en-US/docs/Web/HTTP/Status/403",2026-07-17T12:05:58.171132
combat,bd6t531360h,,failed,0,0,,http_manifest,known,403,manifest,"Client error '403 ' for url 'https://openapiproext.bnf.fr/iiif/presentation/v3/ark:/12148/bd6t531360h/manifest.json'
For more information check: https://developer.mozilla.org/en-US/docs/Web/HTTP/Status/403",2026-07-17T12:05:59.371181
combat,bd6t531361v,,failed,0,0,,http_manifest,known,403,manifest,"Client error '403 ' for url 'https://openapiproext.bnf.fr/iiif/presentation/v3/ark:/12148/bd6t531361v/manifest.json'
For more information check: https://developer.mozilla.org/en-US/docs/Web/HTTP/Status/403",2026-07-17T12:06:00.581038
combat,bd6t5313626,,failed,0,0,,http_manifest,known,403,manifest,"Client error '403 ' for url 'https://openapiproext.bnf.fr/iiif/presentation/v3/ark:/12148/bd6t5313626/manifest.json'
For more information check: https://developer.mozilla.org/en-US/docs/Web/HTTP/Status/403",2026-07-17T12:06:01.776608
combat,bd6t531363j,,failed,0,0,,http_manifest,known,403,manifest,"Client error '403 ' for url 'https://openapiproext.bnf.fr/iiif/presentation/v3/ark:/12148/bd6t531363j/manifest.json'
For more information check: https://developer.mozilla.org/en-US/docs/Web/HTTP/Status/403",2026-07-17T12:06:02.983054
combat,bd6t531364w,,failed,0,0,,http_manifest,known,403,manifest,"Client error '403 ' for url 'https://openapiproext.bnf.fr/iiif/presentation/v3/ark:/12148/bd6t531364w/manifest.json'
For more information check: https://developer.mozilla.org/en-US/docs/Web/HTTP/Status/403",2026-07-17T12:06:04.207940
combat,bd6t5313657,,failed,0,0,,http_manifest,known,403,manifest,"Client error '403 ' for url 'https://openapiproext.bnf.fr/iiif/presentation/v3/ark:/12148/bd6t5313657/manifest.json'
For more information check: https://developer.mozilla.org/en-US/docs/Web/HTTP/Status/403",2026-07-17T12:06:05.384973
combat,bd6t531366k,,failed,0,0,,http_manifest,known,403,manifest,"Client error '403 ' for url 'https://openapiproext.bnf.fr/iiif/presentation/v3/ark:/12148/bd6t531366k/manifest.json'
For more information check: https://developer.mozilla.org/en-US/docs/Web/HTTP/Status/403",2026-07-17T12:06:06.588323
combat,bd6t531367x,,failed,0,0,,http_manifest,known,403,manifest,"Client error '403 ' for url 'https://openapiproext.bnf.fr/iiif/presentation/v3/ark:/12148/bd6t531367x/manifest.json'
For more information check: https://developer.mozilla.org/en-US/docs/Web/HTTP/Status/403",2026-07-17T12:06:07.873626
combat,bd6t5313688,,failed,0,0,,http_manifest,known,403,manifest,"Client error '403 ' for url 'https://openapiproext.bnf.fr/iiif/presentation/v3/ark:/12148/bd6t5313688/manifest.json'
For more information check: https://developer.mozilla.org/en-US/docs/Web/HTTP/Status/403",2026-07-17T12:06:09.233905
combat,bd6t531369m,,failed,0,0,,http_manifest,known,403,manifest,"Client error '403 ' for url 'https://openapiproext.bnf.fr/iiif/presentation/v3/ark:/12148/bd6t531369m/manifest.json'
For more information check: https://developer.mozilla.org/en-US/docs/Web/HTTP/Status/403",2026-07-17T12:06:10.271169
combat,bd6t531370t,,failed,0,0,,http_manifest,known,403,manifest,"Client error '403 ' for url 'https://openapiproext.bnf.fr/iiif/presentation/v3/ark:/12148/bd6t531370t/manifest.json'
For more information check: https://developer.mozilla.org/en-US/docs/Web/HTTP/Status/403",2026-07-17T12:06:11.392258
combat,bd6t5313715,,failed,0,0,,http_manifest,known,403,manifest,"Client error '403 ' for url 'https://openapiproext.bnf.fr/iiif/presentation/v3/ark:/12148/bd6t5313715/manifest.json'
For more information check: https://developer.mozilla.org/en-US/docs/Web/HTTP/Status/403",2026-07-17T12:06:12.741941
combat,bd6t531372h,,failed,0,0,,http_manifest,known,403,manifest,"Client error '403 ' for url 'https://openapiproext.bnf.fr/iiif/presentation/v3/ark:/12148/bd6t531372h/manifest.json'
For more information check: https://developer.mozilla.org/en-US/docs/Web/HTTP/Status/403",2026-07-17T12:06:13.878768
combat,bd6t531373v,,failed,0,0,,http_manifest,known,403,manifest,"Client error '403 ' for url 'https://openapiproext.bnf.fr/iiif/presentation/v3/ark:/12148/bd6t531373v/manifest.json'
For more information check: https://developer.mozilla.org/en-US/docs/Web/HTTP/Status/403",2026-07-17T12:06:15.248748
combat,bd6t5313746,,failed,0,0,,http_manifest,known,403,manifest,"Client error '403 ' for url 'https://openapiproext.bnf.fr/iiif/presentation/v3/ark:/12148/bd6t5313746/manifest.json'
For more information check: https://developer.mozilla.org/en-US/docs/Web/HTTP/Status/403",2026-07-17T12:06:16.337284
combat,bd6t531375j,,failed,0,0,,http_manifest,known,403,manifest,"Client error '403 ' for url 'https://openapiproext.bnf.fr/iiif/presentation/v3/ark:/12148/bd6t531375j/manifest.json'
For more information check: https://developer.mozilla.org/en-US/docs/Web/HTTP/Status/403",2026-07-17T12:06:17.606701
combat,bd6t531376w,,failed,0,0,,http_manifest,known,403,manifest,"Client error '403 ' for url 'https://openapiproext.bnf.fr/iiif/presentation/v3/ark:/12148/bd6t531376w/manifest.json'
For more information check: https://developer.mozilla.org/en-US/docs/Web/HTTP/Status/403",2026-07-17T12:06:18.606460
combat,bd6t5313777,,failed,0,0,,http_manifest,known,403,manifest,"Client error '403 ' for url 'https://openapiproext.bnf.fr/iiif/presentation/v3/ark:/12148/bd6t5313777/manifest.json'
For more information check: https://developer.mozilla.org/en-US/docs/Web/HTTP/Status/403",2026-07-17T12:06:19.808021
combat,bd6t531378k,,failed,0,0,,http_manifest,known,403,manifest,"Client error '403 ' for url 'https://openapiproext.bnf.fr/iiif/presentation/v3/ark:/12148/bd6t531378k/manifest.json'
For more information check: https://developer.mozilla.org/en-US/docs/Web/HTTP/Status/403",2026-07-17T12:06:21.003318
combat,bd6t531379x,,failed,0,0,,http_manifest,known,403,manifest,"Client error '403 ' for url 'https://openapiproext.bnf.fr/iiif/presentation/v3/ark:/12148/bd6t531379x/manifest.json'
For more information check: https://developer.mozilla.org/en-US/docs/Web/HTTP/Status/403",2026-07-17T12:06:22.229484
combat,bd6t5313804,,failed,0,0,,http_manifest,known,403,manifest,"Client error '403 ' for url 'https://openapiproext.bnf.fr/iiif/presentation/v3/ark:/12148/bd6t5313804/manifest.json'
For more information check: https://developer.mozilla.org/en-US/docs/Web/HTTP/Status/403",2026-07-17T12:06:23.408179
combat,bd6t531381g,,failed,0,0,,http_manifest,known,403,manifest,"Client error '403 ' for url 'https://openapiproext.bnf.fr/iiif/presentation/v3/ark:/12148/bd6t531381g/manifest.json'
For more information check: https://developer.mozilla.org/en-US/docs/Web/HTTP/Status/403",2026-07-17T12:06:24.608075
combat,bd6t531382t,,failed,0,0,,http_manifest,known,403,manifest,"Client error '403 ' for url 'https://openapiproext.bnf.fr/iiif/presentation/v3/ark:/12148/bd6t531382t/manifest.json'
For more information check: https://developer.mozilla.org/en-US/docs/Web/HTTP/Status/403",2026-07-17T12:06:25.811634
combat,bd6t5313835,,failed,0,0,,http_manifest,known,403,manifest,"Client error '403 ' for url 'https://openapiproext.bnf.fr/iiif/presentation/v3/ark:/12148/bd6t5313835/manifest.json'
For more information check: https://developer.mozilla.org/en-US/docs/Web/HTTP/Status/403",2026-07-17T12:06:27.010222
combat,bd6t531384h,,failed,0,0,,http_manifest,known,403,manifest,"Client error '403 ' for url 'https://openapiproext.bnf.fr/iiif/presentation/v3/ark:/12148/bd6t531384h/manifest.json'
For more information check: https://developer.mozilla.org/en-US/docs/Web/HTTP/Status/403",2026-07-17T12:06:28.238725
combat,bd6t531385v,,failed,0,0,,http_manifest,known,403,manifest,"Client error '403 ' for url 'https://openapiproext.bnf.fr/iiif/presentation/v3/ark:/12148/bd6t531385v/manifest.json'
For more information check: https://developer.mozilla.org/en-US/docs/Web/HTTP/Status/403",2026-07-17T12:06:29.415336
combat,bd6t5313866,,failed,0,0,,http_manifest,known,403,manifest,"Client error '403 ' for url 'https://openapiproext.bnf.fr/iiif/presentation/v3/ark:/12148/bd6t5313866/manifest.json'
For more information check: https://developer.mozilla.org/en-US/docs/Web/HTTP/Status/403",2026-07-17T12:06:30.622884
combat,bd6t531387j,,failed,0,0,,http_manifest,known,403,manifest,"Client error '403 ' for url 'https://openapiproext.bnf.fr/iiif/presentation/v3/ark:/12148/bd6t531387j/manifest.json'
For more information check: https://developer.mozilla.org/en-US/docs/Web/HTTP/Status/403",2026-07-17T12:06:31.823527
combat,bd6t531388w,,failed,0,0,,http_manifest,known,403,manifest,"Client error '403 ' for url 'https://openapiproext.bnf.fr/iiif/presentation/v3/ark:/12148/bd6t531388w/manifest.json'
For more information check: https://developer.mozilla.org/en-US/docs/Web/HTTP/Status/403",2026-07-17T12:06:33.024295
combat,bd6t5313897,,failed,0,0,,http_manifest,known,403,manifest,"Client error '403 ' for url 'https://openapiproext.bnf.fr/iiif/presentation/v3/ark:/12148/bd6t5313897/manifest.json'
For more information check: https://developer.mozilla.org/en-US/docs/Web/HTTP/Status/403",2026-07-17T12:06:34.224087
combat,bd6t531390f,,failed,0,0,,http_manifest,known,403,manifest,"Client error '403 ' for url 'https://openapiproext.bnf.fr/iiif/presentation/v3/ark:/12148/bd6t531390f/manifest.json'
For more information check: https://developer.mozilla.org/en-US/docs/Web/HTTP/Status/403",2026-07-17T12:06:35.434650
combat,bd6t531391s,,failed,0,0,,http_manifest,known,403,manifest,"Client error '403 ' for url 'https://openapiproext.bnf.fr/iiif/presentation/v3/ark:/12148/bd6t531391s/manifest.json'
For more information check: https://developer.mozilla.org/en-US/docs/Web/HTTP/Status/403",2026-07-17T12:06:36.635543
combat,bd6t5313924,,failed,0,0,,http_manifest,known,403,manifest,"Client error '403 ' for url 'https://openapiproext.bnf.fr/iiif/presentation/v3/ark:/12148/bd6t5313924/manifest.json'
For more information check: https://developer.mozilla.org/en-US/docs/Web/HTTP/Status/403",2026-07-17T12:06:37.829050
combat,bd6t531393g,,failed,0,0,,http_manifest,known,403,manifest,"Client error '403 ' for url 'https://openapiproext.bnf.fr/iiif/presentation/v3/ark:/12148/bd6t531393g/manifest.json'
For more information check: https://developer.mozilla.org/en-US/docs/Web/HTTP/Status/403",2026-07-17T12:06:39.034896
combat,bd6t531394t,,failed,0,0,,http_manifest,known,403,manifest,"Client error '403 ' for url 'https://openapiproext.bnf.fr/iiif/presentation/v3/ark:/12148/bd6t531394t/manifest.json'
For more information check: https://developer.mozilla.org/en-US/docs/Web/HTTP/Status/403",2026-07-17T12:06:40.257719
combat,bd6t5313955,,failed,0,0,,http_manifest,known,403,manifest,"Client error '403 ' for url 'https://openapiproext.bnf.fr/iiif/presentation/v3/ark:/12148/bd6t5313955/manifest.json'
For more information check: https://developer.mozilla.org/en-US/docs/Web/HTTP/Status/403",2026-07-17T12:06:41.434944
combat,bd6t531396h,,failed,0,0,,http_manifest,known,403,manifest,"Client error '403 ' for url 'https://openapiproext.bnf.fr/iiif/presentation/v3/ark:/12148/bd6t531396h/manifest.json'
For more information check: https://developer.mozilla.org/en-US/docs/Web/HTTP/Status/403",2026-07-17T12:06:42.651828
combat,bd6t531397v,,failed,0,0,,http_manifest,known,403,manifest,"Client error '403 ' for url 'https://openapiproext.bnf.fr/iiif/presentation/v3/ark:/12148/bd6t531397v/manifest.json'
For more information check: https://developer.mozilla.org/en-US/docs/Web/HTTP/Status/403",2026-07-17T12:06:43.840834
combat,bd6t5313986,,failed,0,0,,http_manifest,known,403,manifest,"Client error '403 ' for url 'https://openapiproext.bnf.fr/iiif/presentation/v3/ark:/12148/bd6t5313986/manifest.json'
For more information check: https://developer.mozilla.org/en-US/docs/Web/HTTP/Status/403",2026-07-17T12:06:45.045812
combat,bd6t531399j,,failed,0,0,,http_manifest,known,403,manifest,"Client error '403 ' for url 'https://openapiproext.bnf.fr/iiif/presentation/v3/ark:/12148/bd6t531399j/manifest.json'
For more information check: https://developer.mozilla.org/en-US/docs/Web/HTTP/Status/403",2026-07-17T12:06:46.247443
combat,bd6t531400x,,failed,0,0,,http_manifest,known,403,manifest,"Client error '403 ' for url 'https://openapiproext.bnf.fr/iiif/presentation/v3/ark:/12148/bd6t531400x/manifest.json'
For more information check: https://developer.mozilla.org/en-US/docs/Web/HTTP/Status/403",2026-07-17T12:06:47.447107
combat,bd6t5314018,,failed,0,0,,http_manifest,known,403,manifest,"Client error '403 ' for url 'https://openapiproext.bnf.fr/iiif/presentation/v3/ark:/12148/bd6t5314018/manifest.json'
For more information check: https://developer.mozilla.org/en-US/docs/Web/HTTP/Status/403",2026-07-17T12:06:48.648249
combat,bd6t531402m,,failed,0,0,,http_manifest,known,403,manifest,"Client error '403 ' for url 'https://openapiproext.bnf.fr/iiif/presentation/v3/ark:/12148/bd6t531402m/manifest.json'
For more information check: https://developer.mozilla.org/en-US/docs/Web/HTTP/Status/403",2026-07-17T12:06:49.848540
combat,bd6t531403z,,failed,0,0,,http_manifest,known,403,manifest,"Client error '403 ' for url 'https://openapiproext.bnf.fr/iiif/presentation/v3/ark:/12148/bd6t531403z/manifest.json'
For more information check: https://developer.mozilla.org/en-US/docs/Web/HTTP/Status/403",2026-07-17T12:06:51.050683
combat,bd6t531502w,,failed,0,0,,http_manifest,known,403,manifest,"Client error '403 ' for url 'https://openapiproext.bnf.fr/iiif/presentation/v3/ark:/12148/bd6t531502w/manifest.json'
For more information check: https://developer.mozilla.org/en-US/docs/Web/HTTP/Status/403",2026-07-17T12:06:52.289894
combat,bd6t5315037,,failed,0,0,,http_manifest,known,403,manifest,"Client error '403 ' for url 'https://openapiproext.bnf.fr/iiif/presentation/v3/ark:/12148/bd6t5315037/manifest.json'
For more information check: https://developer.mozilla.org/en-US/docs/Web/HTTP/Status/403",2026-07-17T12:06:53.454197
combat,bd6t531504k,,failed,0,0,,http_manifest,known,403,manifest,"Client error '403 ' for url 'https://openapiproext.bnf.fr/iiif/presentation/v3/ark:/12148/bd6t531504k/manifest.json'
For more information check: https://developer.mozilla.org/en-US/docs/Web/HTTP/Status/403",2026-07-17T12:06:54.658607
combat,bd6t531505x,,failed,0,0,,http_manifest,known,403,manifest,"Client error '403 ' for url 'https://openapiproext.bnf.fr/iiif/presentation/v3/ark:/12148/bd6t531505x/manifest.json'
For more information check: https://developer.mozilla.org/en-US/docs/Web/HTTP/Status/403",2026-07-17T12:06:55.859244
combat,bd6t5315068,,failed,0,0,,http_manifest,known,403,manifest,"Client error '403 ' for url 'https://openapiproext.bnf.fr/iiif/presentation/v3/ark:/12148/bd6t5315068/manifest.json'
For more information check: https://developer.mozilla.org/en-US/docs/Web/HTTP/Status/403",2026-07-17T12:06:57.059886
combat,bd6t531507m,,failed,0,0,,http_manifest,known,403,manifest,"Client error '403 ' for url 'https://openapiproext.bnf.fr/iiif/presentation/v3/ark:/12148/bd6t531507m/manifest.json'
For more information check: https://developer.mozilla.org/en-US/docs/Web/HTTP/Status/403",2026-07-17T12:06:58.411767
combat,bd6t531508z,,failed,0,0,,http_manifest,known,403,manifest,"Client error '403 ' for url 'https://openapiproext.bnf.fr/iiif/presentation/v3/ark:/12148/bd6t531508z/manifest.json'
For more information check: https://developer.mozilla.org/en-US/docs/Web/HTTP/Status/403",2026-07-17T12:06:59.495701
combat,bd6t5315099,,failed,0,0,,http_manifest,known,403,manifest,"Client error '403 ' for url 'https://openapiproext.bnf.fr/iiif/presentation/v3/ark:/12148/bd6t5315099/manifest.json'
For more information check: https://developer.mozilla.org/en-US/docs/Web/HTTP/Status/403",2026-07-17T12:07:00.864089
combat,bd6t531510h,,failed,0,0,,http_manifest,known,403,manifest,"Client error '403 ' for url 'https://openapiproext.bnf.fr/iiif/presentation/v3/ark:/12148/bd6t531510h/manifest.json'
For more information check: https://developer.mozilla.org/en-US/docs/Web/HTTP/Status/403",2026-07-17T12:07:02.155653
combat,bd6t531511v,,failed,0,0,,http_manifest,known,403,manifest,"Client error '403 ' for url 'https://openapiproext.bnf.fr/iiif/presentation/v3/ark:/12148/bd6t531511v/manifest.json'
For more information check: https://developer.mozilla.org/en-US/docs/Web/HTTP/Status/403",2026-07-17T12:07:03.071355
combat,bd6t5315126,,failed,0,0,,http_manifest,known,403,manifest,"Client error '403 ' for url 'https://openapiproext.bnf.fr/iiif/presentation/v3/ark:/12148/bd6t5315126/manifest.json'
For more information check: https://developer.mozilla.org/en-US/docs/Web/HTTP/Status/403",2026-07-17T12:07:04.592731
combat,bd6t531513j,,failed,0,0,,http_manifest,known,403,manifest,"Client error '403 ' for url 'https://openapiproext.bnf.fr/iiif/presentation/v3/ark:/12148/bd6t531513j/manifest.json'
For more information check: https://developer.mozilla.org/en-US/docs/Web/HTTP/Status/403",2026-07-17T12:07:05.749456
combat,bd6t531514w,,failed,0,0,,http_manifest,known,403,manifest,"Client error '403 ' for url 'https://openapiproext.bnf.fr/iiif/presentation/v3/ark:/12148/bd6t531514w/manifest.json'
For more information check: https://developer.mozilla.org/en-US/docs/Web/HTTP/Status/403",2026-07-17T12:07:06.857003
combat,bd6t5315157,,failed,0,0,,http_manifest,known,403,manifest,"Client error '403 ' for url 'https://openapiproext.bnf.fr/iiif/presentation/v3/ark:/12148/bd6t5315157/manifest.json'
For more information check: https://developer.mozilla.org/en-US/docs/Web/HTTP/Status/403",2026-07-17T12:07:07.879611
combat,bd6t531516k,,failed,0,0,,http_manifest,known,403,manifest,"Client error '403 ' for url 'https://openapiproext.bnf.fr/iiif/presentation/v3/ark:/12148/bd6t531516k/manifest.json'
For more information check: https://developer.mozilla.org/en-US/docs/Web/HTTP/Status/403",2026-07-17T12:07:09.078414
combat,bd6t531517x,,failed,0,0,,http_manifest,known,403,manifest,"Client error '403 ' for url 'https://openapiproext.bnf.fr/iiif/presentation/v3/ark:/12148/bd6t531517x/manifest.json'
For more information check: https://developer.mozilla.org/en-US/docs/Web/HTTP/Status/403",2026-07-17T12:07:10.295925
combat,bd6t5315188,,failed,0,0,,http_manifest,known,403,manifest,"Client error '403 ' for url 'https://openapiproext.bnf.fr/iiif/presentation/v3/ark:/12148/bd6t5315188/manifest.json'
For more information check: https://developer.mozilla.org/en-US/docs/Web/HTTP/Status/403",2026-07-17T12:07:11.483822
combat,bd6t531519m,,failed,0,0,,http_manifest,known,403,manifest,"Client error '403 ' for url 'https://openapiproext.bnf.fr/iiif/presentation/v3/ark:/12148/bd6t531519m/manifest.json'
For more information check: https://developer.mozilla.org/en-US/docs/Web/HTTP/Status/403",2026-07-17T12:07:12.815696
combat,bd6t531520t,,failed,0,0,,http_manifest,known,403,manifest,"Client error '403 ' for url 'https://openapiproext.bnf.fr/iiif/presentation/v3/ark:/12148/bd6t531520t/manifest.json'
For more information check: https://developer.mozilla.org/en-US/docs/Web/HTTP/Status/403",2026-07-17T12:07:13.888292
combat,bd6t5315215,,failed,0,0,,http_manifest,known,403,manifest,"Client error '403 ' for url 'https://openapiproext.bnf.fr/iiif/presentation/v3/ark:/12148/bd6t5315215/manifest.json'
For more information check: https://developer.mozilla.org/en-US/docs/Web/HTTP/Status/403",2026-07-17T12:07:15.092806
combat,bd6t531522h,,failed,0,0,,http_manifest,known,403,manifest,"Client error '403 ' for url 'https://openapiproext.bnf.fr/iiif/presentation/v3/ark:/12148/bd6t531522h/manifest.json'
For more information check: https://developer.mozilla.org/en-US/docs/Web/HTTP/Status/403",2026-07-17T12:07:16.294002
combat,bd6t531523v,,failed,0,0,,http_manifest,known,403,manifest,"Client error '403 ' for url 'https://openapiproext.bnf.fr/iiif/presentation/v3/ark:/12148/bd6t531523v/manifest.json'
For more information check: https://developer.mozilla.org/en-US/docs/Web/HTTP/Status/403",2026-07-17T12:07:17.502100
combat,bd6t5315246,,failed,0,0,,http_manifest,known,403,manifest,"Client error '403 ' for url 'https://openapiproext.bnf.fr/iiif/presentation/v3/ark:/12148/bd6t5315246/manifest.json'
For more information check: https://developer.mozilla.org/en-US/docs/Web/HTTP/Status/403",2026-07-17T12:07:18.739219
combat,bd6t531525j,,failed,0,0,,http_manifest,known,403,manifest,"Client error '403 ' for url 'https://openapiproext.bnf.fr/iiif/presentation/v3/ark:/12148/bd6t531525j/manifest.json'
For more information check: https://developer.mozilla.org/en-US/docs/Web/HTTP/Status/403",2026-07-17T12:07:19.901218
combat,bd6t531526w,,failed,0,0,,http_manifest,known,403,manifest,"Client error '403 ' for url 'https://openapiproext.bnf.fr/iiif/presentation/v3/ark:/12148/bd6t531526w/manifest.json'
For more information check: https://developer.mozilla.org/en-US/docs/Web/HTTP/Status/403",2026-07-17T12:07:21.102597
combat,bd6t5315277,,failed,0,0,,http_manifest,known,403,manifest,"Client error '403 ' for url 'https://openapiproext.bnf.fr/iiif/presentation/v3/ark:/12148/bd6t5315277/manifest.json'
For more information check: https://developer.mozilla.org/en-US/docs/Web/HTTP/Status/403",2026-07-17T12:07:22.323715
combat,bd6t531528k,,failed,0,0,,http_manifest,known,403,manifest,"Client error '403 ' for url 'https://openapiproext.bnf.fr/iiif/presentation/v3/ark:/12148/bd6t531528k/manifest.json'
For more information check: https://developer.mozilla.org/en-US/docs/Web/HTTP/Status/403",2026-07-17T12:07:23.501569
combat,bd6t531529x,,failed,0,0,,http_manifest,known,403,manifest,"Client error '403 ' for url 'https://openapiproext.bnf.fr/iiif/presentation/v3/ark:/12148/bd6t531529x/manifest.json'
For more information check: https://developer.mozilla.org/en-US/docs/Web/HTTP/Status/403",2026-07-17T12:07:24.708238
combat,bd6t5315304,,failed,0,0,,http_manifest,known,403,manifest,"Client error '403 ' for url 'https://openapiproext.bnf.fr/iiif/presentation/v3/ark:/12148/bd6t5315304/manifest.json'
For more information check: https://developer.mozilla.org/en-US/docs/Web/HTTP/Status/403",2026-07-17T12:07:25.905894
combat,bd6t531531g,,failed,0,0,,http_manifest,known,403,manifest,"Client error '403 ' for url 'https://openapiproext.bnf.fr/iiif/presentation/v3/ark:/12148/bd6t531531g/manifest.json'
For more information check: https://developer.mozilla.org/en-US/docs/Web/HTTP/Status/403",2026-07-17T12:07:27.108837
combat,bd6t531532t,,failed,0,0,,http_manifest,known,403,manifest,"Client error '403 ' for url 'https://openapiproext.bnf.fr/iiif/presentation/v3/ark:/12148/bd6t531532t/manifest.json'
For more information check: https://developer.mozilla.org/en-US/docs/Web/HTTP/Status/403",2026-07-17T12:07:28.333150
combat,bd6t5315335,,failed,0,0,,http_manifest,known,403,manifest,"Client error '403 ' for url 'https://openapiproext.bnf.fr/iiif/presentation/v3/ark:/12148/bd6t5315335/manifest.json'
For more information check: https://developer.mozilla.org/en-US/docs/Web/HTTP/Status/403",2026-07-17T12:07:29.517527
combat,bd6t531534h,,failed,0,0,,http_manifest,known,403,manifest,"Client error '403 ' for url 'https://openapiproext.bnf.fr/iiif/presentation/v3/ark:/12148/bd6t531534h/manifest.json'
For more information check: https://developer.mozilla.org/en-US/docs/Web/HTTP/Status/403",2026-07-17T12:07:30.713880
combat,bd6t531535v,,failed,0,0,,http_manifest,known,403,manifest,"Client error '403 ' for url 'https://openapiproext.bnf.fr/iiif/presentation/v3/ark:/12148/bd6t531535v/manifest.json'
For more information check: https://developer.mozilla.org/en-US/docs/Web/HTTP/Status/403",2026-07-17T12:07:31.914109
combat,bd6t5315366,,failed,0,0,,http_manifest,known,403,manifest,"Client error '403 ' for url 'https://openapiproext.bnf.fr/iiif/presentation/v3/ark:/12148/bd6t5315366/manifest.json'
For more information check: https://developer.mozilla.org/en-US/docs/Web/HTTP/Status/403",2026-07-17T12:07:33.116372
combat,bd6t531537j,,failed,0,0,,http_manifest,known,403,manifest,"Client error '403 ' for url 'https://openapiproext.bnf.fr/iiif/presentation/v3/ark:/12148/bd6t531537j/manifest.json'
For more information check: https://developer.mozilla.org/en-US/docs/Web/HTTP/Status/403",2026-07-17T12:07:34.317746
combat,bd6t531538w,,failed,0,0,,http_manifest,known,403,manifest,"Client error '403 ' for url 'https://openapiproext.bnf.fr/iiif/presentation/v3/ark:/12148/bd6t531538w/manifest.json'
For more information check: https://developer.mozilla.org/en-US/docs/Web/HTTP/Status/403",2026-07-17T12:07:35.518218
combat,bd6t5315397,,failed,0,0,,http_manifest,known,403,manifest,"Client error '403 ' for url 'https://openapiproext.bnf.fr/iiif/presentation/v3/ark:/12148/bd6t5315397/manifest.json'
For more information check: https://developer.mozilla.org/en-US/docs/Web/HTTP/Status/403",2026-07-17T12:07:36.720615
combat,bd6t531540f,,failed,0,0,,http_manifest,known,403,manifest,"Client error '403 ' for url 'https://openapiproext.bnf.fr/iiif/presentation/v3/ark:/12148/bd6t531540f/manifest.json'
For more information check: https://developer.mozilla.org/en-US/docs/Web/HTTP/Status/403",2026-07-17T12:07:37.917616
combat,bd6t531541s,,failed,0,0,,http_manifest,known,403,manifest,"Client error '403 ' for url 'https://openapiproext.bnf.fr/iiif/presentation/v3/ark:/12148/bd6t531541s/manifest.json'
For more information check: https://developer.mozilla.org/en-US/docs/Web/HTTP/Status/403",2026-07-17T12:07:39.120177
combat,bd6t5315424,,failed,0,0,,http_manifest,known,403,manifest,"Client error '403 ' for url 'https://openapiproext.bnf.fr/iiif/presentation/v3/ark:/12148/bd6t5315424/manifest.json'
For more information check: https://developer.mozilla.org/en-US/docs/Web/HTTP/Status/403",2026-07-17T12:07:40.348063
combat,bd6t531543g,,failed,0,0,,http_manifest,known,403,manifest,"Client error '403 ' for url 'https://openapiproext.bnf.fr/iiif/presentation/v3/ark:/12148/bd6t531543g/manifest.json'
For more information check: https://developer.mozilla.org/en-US/docs/Web/HTTP/Status/403",2026-07-17T12:07:41.527944
combat,bd6t531544t,,failed,0,0,,http_manifest,known,403,manifest,"Client error '403 ' for url 'https://openapiproext.bnf.fr/iiif/presentation/v3/ark:/12148/bd6t531544t/manifest.json'
For more information check: https://developer.mozilla.org/en-US/docs/Web/HTTP/Status/403",2026-07-17T12:07:42.726297
combat,bd6t5315455,,failed,0,0,,http_manifest,known,403,manifest,"Client error '403 ' for url 'https://openapiproext.bnf.fr/iiif/presentation/v3/ark:/12148/bd6t5315455/manifest.json'
For more information check: https://developer.mozilla.org/en-US/docs/Web/HTTP/Status/403",2026-07-17T12:07:43.928246
combat,bd6t531546h,,failed,0,0,,http_manifest,known,403,manifest,"Client error '403 ' for url 'https://openapiproext.bnf.fr/iiif/presentation/v3/ark:/12148/bd6t531546h/manifest.json'
For more information check: https://developer.mozilla.org/en-US/docs/Web/HTTP/Status/403",2026-07-17T12:07:45.129059
combat,bd6t531547v,,failed,0,0,,http_manifest,known,403,manifest,"Client error '403 ' for url 'https://openapiproext.bnf.fr/iiif/presentation/v3/ark:/12148/bd6t531547v/manifest.json'
For more information check: https://developer.mozilla.org/en-US/docs/Web/HTTP/Status/403",2026-07-17T12:07:46.331365
combat,bd6t5315486,,failed,0,0,,http_manifest,known,403,manifest,"Client error '403 ' for url 'https://openapiproext.bnf.fr/iiif/presentation/v3/ark:/12148/bd6t5315486/manifest.json'
For more information check: https://developer.mozilla.org/en-US/docs/Web/HTTP/Status/403",2026-07-17T12:07:47.535071
combat,bd6t531549j,,failed,0,0,,http_manifest,known,403,manifest,"Client error '403 ' for url 'https://openapiproext.bnf.fr/iiif/presentation/v3/ark:/12148/bd6t531549j/manifest.json'
For more information check: https://developer.mozilla.org/en-US/docs/Web/HTTP/Status/403",2026-07-17T12:07:48.739836
combat,bd6t531550r,,failed,0,0,,http_manifest,known,403,manifest,"Client error '403 ' for url 'https://openapiproext.bnf.fr/iiif/presentation/v3/ark:/12148/bd6t531550r/manifest.json'
For more information check: https://developer.mozilla.org/en-US/docs/Web/HTTP/Status/403",2026-07-17T12:07:49.936914
combat,bd6t5315513,,failed,0,0,,http_manifest,known,403,manifest,"Client error '403 ' for url 'https://openapiproext.bnf.fr/iiif/presentation/v3/ark:/12148/bd6t5315513/manifest.json'
For more information check: https://developer.mozilla.org/en-US/docs/Web/HTTP/Status/403",2026-07-17T12:07:51.141498
combat,bd6t531552f,,failed,0,0,,http_manifest,known,403,manifest,"Client error '403 ' for url 'https://openapiproext.bnf.fr/iiif/presentation/v3/ark:/12148/bd6t531552f/manifest.json'
For more information check: https://developer.mozilla.org/en-US/docs/Web/HTTP/Status/403",2026-07-17T12:07:52.366584
combat,bd6t531553s,,failed,0,0,,http_manifest,known,403,manifest,"Client error '403 ' for url 'https://openapiproext.bnf.fr/iiif/presentation/v3/ark:/12148/bd6t531553s/manifest.json'
For more information check: https://developer.mozilla.org/en-US/docs/Web/HTTP/Status/403",2026-07-17T12:07:53.539907
combat,bd6t531451t,,failed,0,0,,http_manifest,known,403,manifest,"Client error '403 ' for url 'https://openapiproext.bnf.fr/iiif/presentation/v3/ark:/12148/bd6t531451t/manifest.json'
For more information check: https://developer.mozilla.org/en-US/docs/Web/HTTP/Status/403",2026-07-17T12:07:54.743416
combat,bd6t5314525,,failed,0,0,,http_manifest,known,403,manifest,"Client error '403 ' for url 'https://openapiproext.bnf.fr/iiif/presentation/v3/ark:/12148/bd6t5314525/manifest.json'
For more information check: https://developer.mozilla.org/en-US/docs/Web/HTTP/Status/403",2026-07-17T12:07:55.951039
combat,bd6t531453h,,failed,0,0,,http_manifest,known,403,manifest,"Client error '403 ' for url 'https://openapiproext.bnf.fr/iiif/presentation/v3/ark:/12148/bd6t531453h/manifest.json'
For more information check: https://developer.mozilla.org/en-US/docs/Web/HTTP/Status/403",2026-07-17T12:07:57.143497
combat,bd6t531454v,,failed,0,0,,http_manifest,known,403,manifest,"Client error '403 ' for url 'https://openapiproext.bnf.fr/iiif/presentation/v3/ark:/12148/bd6t531454v/manifest.json'
For more information check: https://developer.mozilla.org/en-US/docs/Web/HTTP/Status/403",2026-07-17T12:07:58.470721
combat,bd6t5314556,,failed,0,0,,http_manifest,known,403,manifest,"Client error '403 ' for url 'https://openapiproext.bnf.fr/iiif/presentation/v3/ark:/12148/bd6t5314556/manifest.json'
For more information check: https://developer.mozilla.org/en-US/docs/Web/HTTP/Status/403",2026-07-17T12:07:59.550829
combat,bd6t531456j,,failed,0,0,,http_manifest,known,403,manifest,"Client error '403 ' for url 'https://openapiproext.bnf.fr/iiif/presentation/v3/ark:/12148/bd6t531456j/manifest.json'
For more information check: https://developer.mozilla.org/en-US/docs/Web/HTTP/Status/403",2026-07-17T12:08:00.826610
combat,bd6t531457w,,failed,0,0,,http_manifest,known,403,manifest,"Client error '403 ' for url 'https://openapiproext.bnf.fr/iiif/presentation/v3/ark:/12148/bd6t531457w/manifest.json'
For more information check: https://developer.mozilla.org/en-US/docs/Web/HTTP/Status/403",2026-07-17T12:08:01.953852
combat,bd6t5314587,,failed,0,0,,http_manifest,known,403,manifest,"Client error '403 ' for url 'https://openapiproext.bnf.fr/iiif/presentation/v3/ark:/12148/bd6t5314587/manifest.json'
For more information check: https://developer.mozilla.org/en-US/docs/Web/HTTP/Status/403",2026-07-17T12:08:03.243347
combat,bd6t531459k,,failed,0,0,,http_manifest,known,403,manifest,"Client error '403 ' for url 'https://openapiproext.bnf.fr/iiif/presentation/v3/ark:/12148/bd6t531459k/manifest.json'
For more information check: https://developer.mozilla.org/en-US/docs/Web/HTTP/Status/403",2026-07-17T12:08:04.443668
combat,bd6t531460s,,failed,0,0,,http_manifest,known,403,manifest,"Client error '403 ' for url 'https://openapiproext.bnf.fr/iiif/presentation/v3/ark:/12148/bd6t531460s/manifest.json'
For more information check: https://developer.mozilla.org/en-US/docs/Web/HTTP/Status/403",2026-07-17T12:08:05.804322
combat,bd6t5314614,,failed,0,0,,http_manifest,known,403,manifest,"Client error '403 ' for url 'https://openapiproext.bnf.fr/iiif/presentation/v3/ark:/12148/bd6t5314614/manifest.json'
For more information check: https://developer.mozilla.org/en-US/docs/Web/HTTP/Status/403",2026-07-17T12:08:06.766281
combat,bd6t531462g,,failed,0,0,,http_manifest,known,403,manifest,"Client error '403 ' for url 'https://openapiproext.bnf.fr/iiif/presentation/v3/ark:/12148/bd6t531462g/manifest.json'
For more information check: https://developer.mozilla.org/en-US/docs/Web/HTTP/Status/403",2026-07-17T12:08:07.969433
combat,bd6t531463t,,failed,0,0,,http_manifest,known,403,manifest,"Client error '403 ' for url 'https://openapiproext.bnf.fr/iiif/presentation/v3/ark:/12148/bd6t531463t/manifest.json'
For more information check: https://developer.mozilla.org/en-US/docs/Web/HTTP/Status/403",2026-07-17T12:08:09.165921
combat,bd6t5314645,,failed,0,0,,http_manifest,known,403,manifest,"Client error '403 ' for url 'https://openapiproext.bnf.fr/iiif/presentation/v3/ark:/12148/bd6t5314645/manifest.json'
For more information check: https://developer.mozilla.org/en-US/docs/Web/HTTP/Status/403",2026-07-17T12:08:10.389950
combat,bd6t531465h,,failed,0,0,,http_manifest,known,403,manifest,"Client error '403 ' for url 'https://openapiproext.bnf.fr/iiif/presentation/v3/ark:/12148/bd6t531465h/manifest.json'
For more information check: https://developer.mozilla.org/en-US/docs/Web/HTTP/Status/403",2026-07-17T12:08:11.570352
combat,bd6t531466v,,failed,0,0,,http_manifest,known,403,manifest,"Client error '403 ' for url 'https://openapiproext.bnf.fr/iiif/presentation/v3/ark:/12148/bd6t531466v/manifest.json'
For more information check: https://developer.mozilla.org/en-US/docs/Web/HTTP/Status/403",2026-07-17T12:08:12.775108
combat,bd6t5314676,,failed,0,0,,http_manifest,known,403,manifest,"Client error '403 ' for url 'https://openapiproext.bnf.fr/iiif/presentation/v3/ark:/12148/bd6t5314676/manifest.json'
For more information check: https://developer.mozilla.org/en-US/docs/Web/HTTP/Status/403",2026-07-17T12:08:13.971266
combat,bd6t531468j,,failed,0,0,,http_manifest,known,403,manifest,"Client error '403 ' for url 'https://openapiproext.bnf.fr/iiif/presentation/v3/ark:/12148/bd6t531468j/manifest.json'
For more information check: https://developer.mozilla.org/en-US/docs/Web/HTTP/Status/403",2026-07-17T12:08:15.176391
combat,bd6t531469w,,failed,0,0,,http_manifest,known,403,manifest,"Client error '403 ' for url 'https://openapiproext.bnf.fr/iiif/presentation/v3/ark:/12148/bd6t531469w/manifest.json'
For more information check: https://developer.mozilla.org/en-US/docs/Web/HTTP/Status/403",2026-07-17T12:08:16.627918
combat,bd6t5314703,,failed,0,0,,http_manifest,known,403,manifest,"Client error '403 ' for url 'https://openapiproext.bnf.fr/iiif/presentation/v3/ark:/12148/bd6t5314703/manifest.json'
For more information check: https://developer.mozilla.org/en-US/docs/Web/HTTP/Status/403",2026-07-17T12:08:17.706269
combat,bd6t531471f,,failed,0,0,,http_manifest,known,403,manifest,"Client error '403 ' for url 'https://openapiproext.bnf.fr/iiif/presentation/v3/ark:/12148/bd6t531471f/manifest.json'
For more information check: https://developer.mozilla.org/en-US/docs/Web/HTTP/Status/403",2026-07-17T12:08:18.783856
combat,bd6t531472s,,failed,0,0,,http_manifest,known,403,manifest,"Client error '403 ' for url 'https://openapiproext.bnf.fr/iiif/presentation/v3/ark:/12148/bd6t531472s/manifest.json'
For more information check: https://developer.mozilla.org/en-US/docs/Web/HTTP/Status/403",2026-07-17T12:08:19.983698
combat,bd6t5314734,,failed,0,0,,http_manifest,known,403,manifest,"Client error '403 ' for url 'https://openapiproext.bnf.fr/iiif/presentation/v3/ark:/12148/bd6t5314734/manifest.json'
For more information check: https://developer.mozilla.org/en-US/docs/Web/HTTP/Status/403",2026-07-17T12:08:21.183081
combat,bd6t531474g,,failed,0,0,,http_manifest,known,403,manifest,"Client error '403 ' for url 'https://openapiproext.bnf.fr/iiif/presentation/v3/ark:/12148/bd6t531474g/manifest.json'
For more information check: https://developer.mozilla.org/en-US/docs/Web/HTTP/Status/403",2026-07-17T12:08:22.386413
combat,bd6t531475t,,failed,0,0,,http_manifest,known,403,manifest,"Client error '403 ' for url 'https://openapiproext.bnf.fr/iiif/presentation/v3/ark:/12148/bd6t531475t/manifest.json'
For more information check: https://developer.mozilla.org/en-US/docs/Web/HTTP/Status/403",2026-07-17T12:08:23.585315
combat,bd6t5314765,,failed,0,0,,http_manifest,known,403,manifest,"Client error '403 ' for url 'https://openapiproext.bnf.fr/iiif/presentation/v3/ark:/12148/bd6t5314765/manifest.json'
For more information check: https://developer.mozilla.org/en-US/docs/Web/HTTP/Status/403",2026-07-17T12:08:24.789889
combat,bd6t531477h,,failed,0,0,,http_manifest,known,403,manifest,"Client error '403 ' for url 'https://openapiproext.bnf.fr/iiif/presentation/v3/ark:/12148/bd6t531477h/manifest.json'
For more information check: https://developer.mozilla.org/en-US/docs/Web/HTTP/Status/403",2026-07-17T12:08:25.991458
combat,bd6t531478v,,failed,0,0,,http_manifest,known,403,manifest,"Client error '403 ' for url 'https://openapiproext.bnf.fr/iiif/presentation/v3/ark:/12148/bd6t531478v/manifest.json'
For more information check: https://developer.mozilla.org/en-US/docs/Web/HTTP/Status/403",2026-07-17T12:08:27.191941
combat,bd6t5314796,,failed,0,0,,http_manifest,known,403,manifest,"Client error '403 ' for url 'https://openapiproext.bnf.fr/iiif/presentation/v3/ark:/12148/bd6t5314796/manifest.json'
For more information check: https://developer.mozilla.org/en-US/docs/Web/HTTP/Status/403",2026-07-17T12:08:28.410371
combat,bd6t531480d,,failed,0,0,,http_manifest,known,403,manifest,"Client error '403 ' for url 'https://openapiproext.bnf.fr/iiif/presentation/v3/ark:/12148/bd6t531480d/manifest.json'
For more information check: https://developer.mozilla.org/en-US/docs/Web/HTTP/Status/403",2026-07-17T12:08:29.601236
combat,bd6t531481r,,failed,0,0,,http_manifest,known,403,manifest,"Client error '403 ' for url 'https://openapiproext.bnf.fr/iiif/presentation/v3/ark:/12148/bd6t531481r/manifest.json'
For more information check: https://developer.mozilla.org/en-US/docs/Web/HTTP/Status/403",2026-07-17T12:08:30.799844
combat,bd6t5314823,,failed,0,0,,http_manifest,known,403,manifest,"Client error '403 ' for url 'https://openapiproext.bnf.fr/iiif/presentation/v3/ark:/12148/bd6t5314823/manifest.json'
For more information check: https://developer.mozilla.org/en-US/docs/Web/HTTP/Status/403",2026-07-17T12:08:32.001492
combat,bd6t531483f,,failed,0,0,,http_manifest,known,403,manifest,"Client error '403 ' for url 'https://openapiproext.bnf.fr/iiif/presentation/v3/ark:/12148/bd6t531483f/manifest.json'
For more information check: https://developer.mozilla.org/en-US/docs/Web/HTTP/Status/403",2026-07-17T12:08:33.203228
combat,bd6t531484s,,failed,0,0,,http_manifest,known,403,manifest,"Client error '403 ' for url 'https://openapiproext.bnf.fr/iiif/presentation/v3/ark:/12148/bd6t531484s/manifest.json'
For more information check: https://developer.mozilla.org/en-US/docs/Web/HTTP/Status/403",2026-07-17T12:08:34.404428
combat,bd6t5314854,,failed,0,0,,http_manifest,known,403,manifest,"Client error '403 ' for url 'https://openapiproext.bnf.fr/iiif/presentation/v3/ark:/12148/bd6t5314854/manifest.json'
For more information check: https://developer.mozilla.org/en-US/docs/Web/HTTP/Status/403",2026-07-17T12:08:35.605990
combat,bd6t531486g,,failed,0,0,,http_manifest,known,403,manifest,"Client error '403 ' for url 'https://openapiproext.bnf.fr/iiif/presentation/v3/ark:/12148/bd6t531486g/manifest.json'
For more information check: https://developer.mozilla.org/en-US/docs/Web/HTTP/Status/403",2026-07-17T12:08:36.809392
combat,bd6t531487t,,failed,0,0,,http_manifest,known,403,manifest,"Client error '403 ' for url 'https://openapiproext.bnf.fr/iiif/presentation/v3/ark:/12148/bd6t531487t/manifest.json'
For more information check: https://developer.mozilla.org/en-US/docs/Web/HTTP/Status/403",2026-07-17T12:08:38.008614
combat,bd6t5314885,,failed,0,0,,http_manifest,known,403,manifest,"Client error '403 ' for url 'https://openapiproext.bnf.fr/iiif/presentation/v3/ark:/12148/bd6t5314885/manifest.json'
For more information check: https://developer.mozilla.org/en-US/docs/Web/HTTP/Status/403",2026-07-17T12:08:39.215210
combat,bd6t531489h,,failed,0,0,,http_manifest,known,403,manifest,"Client error '403 ' for url 'https://openapiproext.bnf.fr/iiif/presentation/v3/ark:/12148/bd6t531489h/manifest.json'
For more information check: https://developer.mozilla.org/en-US/docs/Web/HTTP/Status/403",2026-07-17T12:08:40.435564
combat,bd6t531490q,,failed,0,0,,http_manifest,known,403,manifest,"Client error '403 ' for url 'https://openapiproext.bnf.fr/iiif/presentation/v3/ark:/12148/bd6t531490q/manifest.json'
For more information check: https://developer.mozilla.org/en-US/docs/Web/HTTP/Status/403",2026-07-17T12:08:41.614778
combat,bd6t5314912,,failed,0,0,,http_manifest,known,403,manifest,"Client error '403 ' for url 'https://openapiproext.bnf.fr/iiif/presentation/v3/ark:/12148/bd6t5314912/manifest.json'
For more information check: https://developer.mozilla.org/en-US/docs/Web/HTTP/Status/403",2026-07-17T12:08:42.815990
combat,bd6t531492d,,failed,0,0,,http_manifest,known,403,manifest,"Client error '403 ' for url 'https://openapiproext.bnf.fr/iiif/presentation/v3/ark:/12148/bd6t531492d/manifest.json'
For more information check: https://developer.mozilla.org/en-US/docs/Web/HTTP/Status/403",2026-07-17T12:08:44.019136
combat,bd6t531493r,,failed,0,0,,http_manifest,known,403,manifest,"Client error '403 ' for url 'https://openapiproext.bnf.fr/iiif/presentation/v3/ark:/12148/bd6t531493r/manifest.json'
For more information check: https://developer.mozilla.org/en-US/docs/Web/HTTP/Status/403",2026-07-17T12:08:45.221088
combat,bd6t5314943,,failed,0,0,,http_manifest,known,403,manifest,"Client error '403 ' for url 'https://openapiproext.bnf.fr/iiif/presentation/v3/ark:/12148/bd6t5314943/manifest.json'
For more information check: https://developer.mozilla.org/en-US/docs/Web/HTTP/Status/403",2026-07-17T12:08:46.441085
combat,bd6t531495f,,failed,0,0,,http_manifest,known,403,manifest,"Client error '403 ' for url 'https://openapiproext.bnf.fr/iiif/presentation/v3/ark:/12148/bd6t531495f/manifest.json'
For more information check: https://developer.mozilla.org/en-US/docs/Web/HTTP/Status/403",2026-07-17T12:08:47.624773
combat,bd6t531496s,,failed,0,0,,http_manifest,known,403,manifest,"Client error '403 ' for url 'https://openapiproext.bnf.fr/iiif/presentation/v3/ark:/12148/bd6t531496s/manifest.json'
For more information check: https://developer.mozilla.org/en-US/docs/Web/HTTP/Status/403",2026-07-17T12:08:48.827100
combat,bd6t5314974,,failed,0,0,,http_manifest,known,403,manifest,"Client error '403 ' for url 'https://openapiproext.bnf.fr/iiif/presentation/v3/ark:/12148/bd6t5314974/manifest.json'
For more information check: https://developer.mozilla.org/en-US/docs/Web/HTTP/Status/403",2026-07-17T12:08:50.026769
combat,bd6t531498g,,failed,0,0,,http_manifest,known,403,manifest,"Client error '403 ' for url 'https://openapiproext.bnf.fr/iiif/presentation/v3/ark:/12148/bd6t531498g/manifest.json'
For more information check: https://developer.mozilla.org/en-US/docs/Web/HTTP/Status/403",2026-07-17T12:08:51.227644
combat,bd6t531499t,,failed,0,0,,http_manifest,known,403,manifest,"Client error '403 ' for url 'https://openapiproext.bnf.fr/iiif/presentation/v3/ark:/12148/bd6t531499t/manifest.json'
For more information check: https://developer.mozilla.org/en-US/docs/Web/HTTP/Status/403",2026-07-17T12:08:52.431507
combat,bd6t5315006,,failed,0,0,,http_manifest,known,403,manifest,"Client error '403 ' for url 'https://openapiproext.bnf.fr/iiif/presentation/v3/ark:/12148/bd6t5315006/manifest.json'
For more information check: https://developer.mozilla.org/en-US/docs/Web/HTTP/Status/403",2026-07-17T12:08:53.632305
combat,bd6t531501j,,failed,0,0,,http_manifest,known,403,manifest,"Client error '403 ' for url 'https://openapiproext.bnf.fr/iiif/presentation/v3/ark:/12148/bd6t531501j/manifest.json'
For more information check: https://developer.mozilla.org/en-US/docs/Web/HTTP/Status/403",2026-07-17T12:08:54.834719
combat,bd6t531606j,,failed,0,0,,http_manifest,known,403,manifest,"Client error '403 ' for url 'https://openapiproext.bnf.fr/iiif/presentation/v3/ark:/12148/bd6t531606j/manifest.json'
For more information check: https://developer.mozilla.org/en-US/docs/Web/HTTP/Status/403",2026-07-17T12:08:56.036175
combat,bd6t531607w,,failed,0,0,,http_manifest,known,403,manifest,"Client error '403 ' for url 'https://openapiproext.bnf.fr/iiif/presentation/v3/ark:/12148/bd6t531607w/manifest.json'
For more information check: https://developer.mozilla.org/en-US/docs/Web/HTTP/Status/403",2026-07-17T12:08:57.238585
combat,bd6t5316087,,failed,0,0,,http_manifest,known,403,manifest,"Client error '403 ' for url 'https://openapiproext.bnf.fr/iiif/presentation/v3/ark:/12148/bd6t5316087/manifest.json'
For more information check: https://developer.mozilla.org/en-US/docs/Web/HTTP/Status/403",2026-07-17T12:08:58.520201
combat,bd6t531609k,,failed,0,0,,http_manifest,known,403,manifest,"Client error '403 ' for url 'https://openapiproext.bnf.fr/iiif/presentation/v3/ark:/12148/bd6t531609k/manifest.json'
For more information check: https://developer.mozilla.org/en-US/docs/Web/HTTP/Status/403",2026-07-17T12:08:59.744384
combat,bd6t531610s,,failed,0,0,,http_manifest,known,403,manifest,"Client error '403 ' for url 'https://openapiproext.bnf.fr/iiif/presentation/v3/ark:/12148/bd6t531610s/manifest.json'
For more information check: https://developer.mozilla.org/en-US/docs/Web/HTTP/Status/403",2026-07-17T12:09:00.993962
combat,bd6t5316114,,failed,0,0,,http_manifest,known,403,manifest,"Client error '403 ' for url 'https://openapiproext.bnf.fr/iiif/presentation/v3/ark:/12148/bd6t5316114/manifest.json'
For more information check: https://developer.mozilla.org/en-US/docs/Web/HTTP/Status/403",2026-07-17T12:09:02.043573
combat,bd6t531612g,,failed,0,0,,http_manifest,known,403,manifest,"Client error '403 ' for url 'https://openapiproext.bnf.fr/iiif/presentation/v3/ark:/12148/bd6t531612g/manifest.json'
For more information check: https://developer.mozilla.org/en-US/docs/Web/HTTP/Status/403",2026-07-17T12:09:03.248133
combat,bd6t531613t,,failed,0,0,,http_manifest,known,403,manifest,"Client error '403 ' for url 'https://openapiproext.bnf.fr/iiif/presentation/v3/ark:/12148/bd6t531613t/manifest.json'
For more information check: https://developer.mozilla.org/en-US/docs/Web/HTTP/Status/403",2026-07-17T12:09:04.448586
combat,bd6t5316145,,failed,0,0,,http_manifest,known,403,manifest,"Client error '403 ' for url 'https://openapiproext.bnf.fr/iiif/presentation/v3/ark:/12148/bd6t5316145/manifest.json'
For more information check: https://developer.mozilla.org/en-US/docs/Web/HTTP/Status/403",2026-07-17T12:09:05.653528
combat,bd6t531615h,,failed,0,0,,http_manifest,known,403,manifest,"Client error '403 ' for url 'https://openapiproext.bnf.fr/iiif/presentation/v3/ark:/12148/bd6t531615h/manifest.json'
For more information check: https://developer.mozilla.org/en-US/docs/Web/HTTP/Status/403",2026-07-17T12:09:06.852573
combat,bd6t531616v,,failed,0,0,,http_manifest,known,403,manifest,"Client error '403 ' for url 'https://openapiproext.bnf.fr/iiif/presentation/v3/ark:/12148/bd6t531616v/manifest.json'
For more information check: https://developer.mozilla.org/en-US/docs/Web/HTTP/Status/403",2026-07-17T12:09:08.051898
combat,bd6t5316176,,failed,0,0,,http_manifest,known,403,manifest,"Client error '403 ' for url 'https://openapiproext.bnf.fr/iiif/presentation/v3/ark:/12148/bd6t5316176/manifest.json'
For more information check: https://developer.mozilla.org/en-US/docs/Web/HTTP/Status/403",2026-07-17T12:09:09.279084
combat,bd6t531618j,,failed,0,0,,http_manifest,known,403,manifest,"Client error '403 ' for url 'https://openapiproext.bnf.fr/iiif/presentation/v3/ark:/12148/bd6t531618j/manifest.json'
For more information check: https://developer.mozilla.org/en-US/docs/Web/HTTP/Status/403",2026-07-17T12:09:10.697817
combat,bd6t531619w,,failed,0,0,,http_manifest,known,403,manifest,"Client error '403 ' for url 'https://openapiproext.bnf.fr/iiif/presentation/v3/ark:/12148/bd6t531619w/manifest.json'
For more information check: https://developer.mozilla.org/en-US/docs/Web/HTTP/Status/403",2026-07-17T12:09:11.904214
combat,bd6t5316203,,failed,0,0,,http_manifest,known,403,manifest,"Client error '403 ' for url 'https://openapiproext.bnf.fr/iiif/presentation/v3/ark:/12148/bd6t5316203/manifest.json'
For more information check: https://developer.mozilla.org/en-US/docs/Web/HTTP/Status/403",2026-07-17T12:09:13.008001
combat,bd6t531621f,,failed,0,0,,http_manifest,known,403,manifest,"Client error '403 ' for url 'https://openapiproext.bnf.fr/iiif/presentation/v3/ark:/12148/bd6t531621f/manifest.json'
For more information check: https://developer.mozilla.org/en-US/docs/Web/HTTP/Status/403",2026-07-17T12:09:14.269499
combat,bd6t531622s,,failed,0,0,,http_manifest,known,403,manifest,"Client error '403 ' for url 'https://openapiproext.bnf.fr/iiif/presentation/v3/ark:/12148/bd6t531622s/manifest.json'
For more information check: https://developer.mozilla.org/en-US/docs/Web/HTTP/Status/403",2026-07-17T12:09:15.299529
combat,bd6t5316234,,failed,0,0,,http_manifest,known,403,manifest,"Client error '403 ' for url 'https://openapiproext.bnf.fr/iiif/presentation/v3/ark:/12148/bd6t5316234/manifest.json'
For more information check: https://developer.mozilla.org/en-US/docs/Web/HTTP/Status/403",2026-07-17T12:09:16.512163
combat,bd6t531624g,,failed,0,0,,http_manifest,known,403,manifest,"Client error '403 ' for url 'https://openapiproext.bnf.fr/iiif/presentation/v3/ark:/12148/bd6t531624g/manifest.json'
For more information check: https://developer.mozilla.org/en-US/docs/Web/HTTP/Status/403",2026-07-17T12:09:17.696053
combat,bd6t531625t,,failed,0,0,,http_manifest,known,403,manifest,"Client error '403 ' for url 'https://openapiproext.bnf.fr/iiif/presentation/v3/ark:/12148/bd6t531625t/manifest.json'
For more information check: https://developer.mozilla.org/en-US/docs/Web/HTTP/Status/403",2026-07-17T12:09:19.051742
combat,bd6t5316265,,failed,0,0,,http_manifest,known,403,manifest,"Client error '403 ' for url 'https://openapiproext.bnf.fr/iiif/presentation/v3/ark:/12148/bd6t5316265/manifest.json'
For more information check: https://developer.mozilla.org/en-US/docs/Web/HTTP/Status/403",2026-07-17T12:09:20.073738
combat,bd6t531627h,,failed,0,0,,http_manifest,known,403,manifest,"Client error '403 ' for url 'https://openapiproext.bnf.fr/iiif/presentation/v3/ark:/12148/bd6t531627h/manifest.json'
For more information check: https://developer.mozilla.org/en-US/docs/Web/HTTP/Status/403",2026-07-17T12:09:21.270575
combat,bd6t531628v,,failed,0,0,,http_manifest,known,403,manifest,"Client error '403 ' for url 'https://openapiproext.bnf.fr/iiif/presentation/v3/ark:/12148/bd6t531628v/manifest.json'
For more information check: https://developer.mozilla.org/en-US/docs/Web/HTTP/Status/403",2026-07-17T12:09:22.475130
combat,bd6t5316296,,failed,0,0,,http_manifest,known,403,manifest,"Client error '403 ' for url 'https://openapiproext.bnf.fr/iiif/presentation/v3/ark:/12148/bd6t5316296/manifest.json'
For more information check: https://developer.mozilla.org/en-US/docs/Web/HTTP/Status/403",2026-07-17T12:09:23.674886
combat,bd6t531630d,,failed,0,0,,http_manifest,known,403,manifest,"Client error '403 ' for url 'https://openapiproext.bnf.fr/iiif/presentation/v3/ark:/12148/bd6t531630d/manifest.json'
For more information check: https://developer.mozilla.org/en-US/docs/Web/HTTP/Status/403",2026-07-17T12:09:24.877114
combat,bd6t531631r,,failed,0,0,,http_manifest,known,403,manifest,"Client error '403 ' for url 'https://openapiproext.bnf.fr/iiif/presentation/v3/ark:/12148/bd6t531631r/manifest.json'
For more information check: https://developer.mozilla.org/en-US/docs/Web/HTTP/Status/403",2026-07-17T12:09:26.079801
combat,bd6t5316323,,failed,0,0,,http_manifest,known,403,manifest,"Client error '403 ' for url 'https://openapiproext.bnf.fr/iiif/presentation/v3/ark:/12148/bd6t5316323/manifest.json'
For more information check: https://developer.mozilla.org/en-US/docs/Web/HTTP/Status/403",2026-07-17T12:09:27.276439
combat,bd6t531633f,,failed,0,0,,http_manifest,known,403,manifest,"Client error '403 ' for url 'https://openapiproext.bnf.fr/iiif/presentation/v3/ark:/12148/bd6t531633f/manifest.json'
For more information check: https://developer.mozilla.org/en-US/docs/Web/HTTP/Status/403",2026-07-17T12:09:28.505617
combat,bd6t531634s,,failed,0,0,,http_manifest,known,403,manifest,"Client error '403 ' for url 'https://openapiproext.bnf.fr/iiif/presentation/v3/ark:/12148/bd6t531634s/manifest.json'
For more information check: https://developer.mozilla.org/en-US/docs/Web/HTTP/Status/403",2026-07-17T12:09:29.683015
combat,bd6t5316354,,failed,0,0,,http_manifest,known,403,manifest,"Client error '403 ' for url 'https://openapiproext.bnf.fr/iiif/presentation/v3/ark:/12148/bd6t5316354/manifest.json'
For more information check: https://developer.mozilla.org/en-US/docs/Web/HTTP/Status/403",2026-07-17T12:09:30.883621
combat,bd6t531636g,,failed,0,0,,http_manifest,known,403,manifest,"Client error '403 ' for url 'https://openapiproext.bnf.fr/iiif/presentation/v3/ark:/12148/bd6t531636g/manifest.json'
For more information check: https://developer.mozilla.org/en-US/docs/Web/HTTP/Status/403",2026-07-17T12:09:32.084290
combat,bd6t531637t,,failed,0,0,,http_manifest,known,403,manifest,"Client error '403 ' for url 'https://openapiproext.bnf.fr/iiif/presentation/v3/ark:/12148/bd6t531637t/manifest.json'
For more information check: https://developer.mozilla.org/en-US/docs/Web/HTTP/Status/403",2026-07-17T12:09:33.287495
combat,bd6t5316385,,failed,0,0,,http_manifest,known,403,manifest,"Client error '403 ' for url 'https://openapiproext.bnf.fr/iiif/presentation/v3/ark:/12148/bd6t5316385/manifest.json'
For more information check: https://developer.mozilla.org/en-US/docs/Web/HTTP/Status/403",2026-07-17T12:09:34.489348
combat,bd6t531639h,,failed,0,0,,http_manifest,known,403,manifest,"Client error '403 ' for url 'https://openapiproext.bnf.fr/iiif/presentation/v3/ark:/12148/bd6t531639h/manifest.json'
For more information check: https://developer.mozilla.org/en-US/docs/Web/HTTP/Status/403",2026-07-17T12:09:35.691937
combat,bd6t531640q,,failed,0,0,,http_manifest,known,403,manifest,"Client error '403 ' for url 'https://openapiproext.bnf.fr/iiif/presentation/v3/ark:/12148/bd6t531640q/manifest.json'
For more information check: https://developer.mozilla.org/en-US/docs/Web/HTTP/Status/403",2026-07-17T12:09:36.894818
combat,bd6t5316412,,failed,0,0,,http_manifest,known,403,manifest,"Client error '403 ' for url 'https://openapiproext.bnf.fr/iiif/presentation/v3/ark:/12148/bd6t5316412/manifest.json'
For more information check: https://developer.mozilla.org/en-US/docs/Web/HTTP/Status/403",2026-07-17T12:09:38.094401
combat,bd6t531642d,,failed,0,0,,http_manifest,known,403,manifest,"Client error '403 ' for url 'https://openapiproext.bnf.fr/iiif/presentation/v3/ark:/12148/bd6t531642d/manifest.json'
For more information check: https://developer.mozilla.org/en-US/docs/Web/HTTP/Status/403",2026-07-17T12:09:39.297996
combat,bd6t531643r,,failed,0,0,,http_manifest,known,403,manifest,"Client error '403 ' for url 'https://openapiproext.bnf.fr/iiif/presentation/v3/ark:/12148/bd6t531643r/manifest.json'
For more information check: https://developer.mozilla.org/en-US/docs/Web/HTTP/Status/403",2026-07-17T12:09:40.524294
combat,bd6t5316443,,failed,0,0,,http_manifest,known,403,manifest,"Client error '403 ' for url 'https://openapiproext.bnf.fr/iiif/presentation/v3/ark:/12148/bd6t5316443/manifest.json'
For more information check: https://developer.mozilla.org/en-US/docs/Web/HTTP/Status/403",2026-07-17T12:09:41.703419
combat,bd6t531645f,,failed,0,0,,http_manifest,known,403,manifest,"Client error '403 ' for url 'https://openapiproext.bnf.fr/iiif/presentation/v3/ark:/12148/bd6t531645f/manifest.json'
For more information check: https://developer.mozilla.org/en-US/docs/Web/HTTP/Status/403",2026-07-17T12:09:42.903711
combat,bd6t531646s,,failed,0,0,,http_manifest,known,403,manifest,"Client error '403 ' for url 'https://openapiproext.bnf.fr/iiif/presentation/v3/ark:/12148/bd6t531646s/manifest.json'
For more information check: https://developer.mozilla.org/en-US/docs/Web/HTTP/Status/403",2026-07-17T12:09:44.106421
combat,bd6t5316474,,failed,0,0,,http_manifest,known,403,manifest,"Client error '403 ' for url 'https://openapiproext.bnf.fr/iiif/presentation/v3/ark:/12148/bd6t5316474/manifest.json'
For more information check: https://developer.mozilla.org/en-US/docs/Web/HTTP/Status/403",2026-07-17T12:09:45.308219
combat,bd6t531648g,,failed,0,0,,http_manifest,known,403,manifest,"Client error '403 ' for url 'https://openapiproext.bnf.fr/iiif/presentation/v3/ark:/12148/bd6t531648g/manifest.json'
For more information check: https://developer.mozilla.org/en-US/docs/Web/HTTP/Status/403",2026-07-17T12:09:46.536912
combat,bd6t531649t,,failed,0,0,,http_manifest,known,403,manifest,"Client error '403 ' for url 'https://openapiproext.bnf.fr/iiif/presentation/v3/ark:/12148/bd6t531649t/manifest.json'
For more information check: https://developer.mozilla.org/en-US/docs/Web/HTTP/Status/403",2026-07-17T12:09:47.710546
combat,bd6t5316501,,failed,0,0,,http_manifest,known,403,manifest,"Client error '403 ' for url 'https://openapiproext.bnf.fr/iiif/presentation/v3/ark:/12148/bd6t5316501/manifest.json'
For more information check: https://developer.mozilla.org/en-US/docs/Web/HTTP/Status/403",2026-07-17T12:09:48.917878
combat,bd6t531651c,,failed,0,0,,http_manifest,known,403,manifest,"Client error '403 ' for url 'https://openapiproext.bnf.fr/iiif/presentation/v3/ark:/12148/bd6t531651c/manifest.json'
For more information check: https://developer.mozilla.org/en-US/docs/Web/HTTP/Status/403",2026-07-17T12:09:50.115511
combat,bd6t531652q,,failed,0,0,,http_manifest,known,403,manifest,"Client error '403 ' for url 'https://openapiproext.bnf.fr/iiif/presentation/v3/ark:/12148/bd6t531652q/manifest.json'
For more information check: https://developer.mozilla.org/en-US/docs/Web/HTTP/Status/403",2026-07-17T12:09:51.317434
combat,bd6t5316532,,failed,0,0,,http_manifest,known,403,manifest,"Client error '403 ' for url 'https://openapiproext.bnf.fr/iiif/presentation/v3/ark:/12148/bd6t5316532/manifest.json'
For more information check: https://developer.mozilla.org/en-US/docs/Web/HTTP/Status/403",2026-07-17T12:09:52.521740
combat,bd6t531654d,,failed,0,0,,http_manifest,known,403,manifest,"Client error '403 ' for url 'https://openapiproext.bnf.fr/iiif/presentation/v3/ark:/12148/bd6t531654d/manifest.json'
For more information check: https://developer.mozilla.org/en-US/docs/Web/HTTP/Status/403",2026-07-17T12:09:53.720703
combat,bd6t531655r,,failed,0,0,,http_manifest,known,403,manifest,"Client error '403 ' for url 'https://openapiproext.bnf.fr/iiif/presentation/v3/ark:/12148/bd6t531655r/manifest.json'
For more information check: https://developer.mozilla.org/en-US/docs/Web/HTTP/Status/403",2026-07-17T12:09:54.923409
combat,bd6t5316563,,failed,0,0,,http_manifest,known,403,manifest,"Client error '403 ' for url 'https://openapiproext.bnf.fr/iiif/presentation/v3/ark:/12148/bd6t5316563/manifest.json'
For more information check: https://developer.mozilla.org/en-US/docs/Web/HTTP/Status/403",2026-07-17T12:09:56.127480
combat,bd6t531657f,,failed,0,0,,http_manifest,known,403,manifest,"Client error '403 ' for url 'https://openapiproext.bnf.fr/iiif/presentation/v3/ark:/12148/bd6t531657f/manifest.json'
For more information check: https://developer.mozilla.org/en-US/docs/Web/HTTP/Status/403",2026-07-17T12:09:57.328954
combat,bd6t531658s,,failed,0,0,,http_manifest,known,403,manifest,"Client error '403 ' for url 'https://openapiproext.bnf.fr/iiif/presentation/v3/ark:/12148/bd6t531658s/manifest.json'
For more information check: https://developer.mozilla.org/en-US/docs/Web/HTTP/Status/403",2026-07-17T12:09:58.554038
combat,bd6t532636q,,failed,0,0,,http_manifest,known,403,manifest,"Client error '403 ' for url 'https://openapiproext.bnf.fr/iiif/presentation/v3/ark:/12148/bd6t532636q/manifest.json'
For more information check: https://developer.mozilla.org/en-US/docs/Web/HTTP/Status/403",2026-07-17T12:09:59.733152
combat,bd6t5326372,,failed,0,0,,http_manifest,known,403,manifest,"Client error '403 ' for url 'https://openapiproext.bnf.fr/iiif/presentation/v3/ark:/12148/bd6t5326372/manifest.json'
For more information check: https://developer.mozilla.org/en-US/docs/Web/HTTP/Status/403",2026-07-17T12:10:00.932747
combat,bd6t532638d,,failed,0,0,,http_manifest,known,403,manifest,"Client error '403 ' for url 'https://openapiproext.bnf.fr/iiif/presentation/v3/ark:/12148/bd6t532638d/manifest.json'
For more information check: https://developer.mozilla.org/en-US/docs/Web/HTTP/Status/403",2026-07-17T12:10:02.172219
combat,bd6t532639r,,failed,0,0,,http_manifest,known,403,manifest,"Client error '403 ' for url 'https://openapiproext.bnf.fr/iiif/presentation/v3/ark:/12148/bd6t532639r/manifest.json'
For more information check: https://developer.mozilla.org/en-US/docs/Web/HTTP/Status/403",2026-07-17T12:10:03.336658
combat,bd6t532640z,,failed,0,0,,http_manifest,known,403,manifest,"Client error '403 ' for url 'https://openapiproext.bnf.fr/iiif/presentation/v3/ark:/12148/bd6t532640z/manifest.json'
For more information check: https://developer.mozilla.org/en-US/docs/Web/HTTP/Status/403",2026-07-17T12:10:04.534969
combat,bd6t5326419,,failed,0,0,,http_manifest,known,403,manifest,"Client error '403 ' for url 'https://openapiproext.bnf.fr/iiif/presentation/v3/ark:/12148/bd6t5326419/manifest.json'
For more information check: https://developer.mozilla.org/en-US/docs/Web/HTTP/Status/403",2026-07-17T12:10:05.755651
combat,bd6t532642n,,failed,0,0,,http_manifest,known,403,manifest,"Client error '403 ' for url 'https://openapiproext.bnf.fr/iiif/presentation/v3/ark:/12148/bd6t532642n/manifest.json'
For more information check: https://developer.mozilla.org/en-US/docs/Web/HTTP/Status/403",2026-07-17T12:10:07.071313
combat,bd6t5326430,,failed,0,0,,http_manifest,known,403,manifest,"Client error '403 ' for url 'https://openapiproext.bnf.fr/iiif/presentation/v3/ark:/12148/bd6t5326430/manifest.json'
For more information check: https://developer.mozilla.org/en-US/docs/Web/HTTP/Status/403",2026-07-17T12:10:08.140355
combat,bd6t532644b,,failed,0,0,,http_manifest,known,403,manifest,"Client error '403 ' for url 'https://openapiproext.bnf.fr/iiif/presentation/v3/ark:/12148/bd6t532644b/manifest.json'
For more information check: https://developer.mozilla.org/en-US/docs/Web/HTTP/Status/403",2026-07-17T12:10:09.341389
combat,bd6t532645p,,failed,0,0,,http_manifest,known,403,manifest,"Client error '403 ' for url 'https://openapiproext.bnf.fr/iiif/presentation/v3/ark:/12148/bd6t532645p/manifest.json'
For more information check: https://developer.mozilla.org/en-US/docs/Web/HTTP/Status/403",2026-07-17T12:10:10.741811
combat,bd6t5326461,,failed,0,0,,http_manifest,known,403,manifest,"Client error '403 ' for url 'https://openapiproext.bnf.fr/iiif/presentation/v3/ark:/12148/bd6t5326461/manifest.json'
For more information check: https://developer.mozilla.org/en-US/docs/Web/HTTP/Status/403",2026-07-17T12:10:11.761756
combat,bd6t532647c,,failed,0,0,,http_manifest,known,403,manifest,"Client error '403 ' for url 'https://openapiproext.bnf.fr/iiif/presentation/v3/ark:/12148/bd6t532647c/manifest.json'
For more information check: https://developer.mozilla.org/en-US/docs/Web/HTTP/Status/403",2026-07-17T12:10:12.949152
combat,bd6t532648q,,failed,0,0,,http_manifest,known,403,manifest,"Client error '403 ' for url 'https://openapiproext.bnf.fr/iiif/presentation/v3/ark:/12148/bd6t532648q/manifest.json'
For more information check: https://developer.mozilla.org/en-US/docs/Web/HTTP/Status/403",2026-07-17T12:10:14.316041
combat,bd6t5326492,,failed,0,0,,http_manifest,known,403,manifest,"Client error '403 ' for url 'https://openapiproext.bnf.fr/iiif/presentation/v3/ark:/12148/bd6t5326492/manifest.json'
For more information check: https://developer.mozilla.org/en-US/docs/Web/HTTP/Status/403",2026-07-17T12:10:15.348548
combat,bd6t5326508,,failed,0,0,,http_manifest,known,403,manifest,"Client error '403 ' for url 'https://openapiproext.bnf.fr/iiif/presentation/v3/ark:/12148/bd6t5326508/manifest.json'
For more information check: https://developer.mozilla.org/en-US/docs/Web/HTTP/Status/403",2026-07-17T12:10:16.604502
combat,bd6t532651m,,failed,0,0,,http_manifest,known,403,manifest,"Client error '403 ' for url 'https://openapiproext.bnf.fr/iiif/presentation/v3/ark:/12148/bd6t532651m/manifest.json'
For more information check: https://developer.mozilla.org/en-US/docs/Web/HTTP/Status/403",2026-07-17T12:10:17.752404
combat,bd6t532652z,,failed,0,0,,http_manifest,known,403,manifest,"Client error '403 ' for url 'https://openapiproext.bnf.fr/iiif/presentation/v3/ark:/12148/bd6t532652z/manifest.json'
For more information check: https://developer.mozilla.org/en-US/docs/Web/HTTP/Status/403",2026-07-17T12:10:18.954348
combat,bd6t5326539,,failed,0,0,,http_manifest,known,403,manifest,"Client error '403 ' for url 'https://openapiproext.bnf.fr/iiif/presentation/v3/ark:/12148/bd6t5326539/manifest.json'
For more information check: https://developer.mozilla.org/en-US/docs/Web/HTTP/Status/403",2026-07-17T12:10:20.157403
combat,bd6t532654n,,failed,0,0,,http_manifest,known,403,manifest,"Client error '403 ' for url 'https://openapiproext.bnf.fr/iiif/presentation/v3/ark:/12148/bd6t532654n/manifest.json'
For more information check: https://developer.mozilla.org/en-US/docs/Web/HTTP/Status/403",2026-07-17T12:10:21.355238
combat,bd6t5326550,,failed,0,0,,http_manifest,known,403,manifest,"Client error '403 ' for url 'https://openapiproext.bnf.fr/iiif/presentation/v3/ark:/12148/bd6t5326550/manifest.json'
For more information check: https://developer.mozilla.org/en-US/docs/Web/HTTP/Status/403",2026-07-17T12:10:22.557304
combat,bd6t532656b,,failed,0,0,,http_manifest,known,403,manifest,"Client error '403 ' for url 'https://openapiproext.bnf.fr/iiif/presentation/v3/ark:/12148/bd6t532656b/manifest.json'
For more information check: https://developer.mozilla.org/en-US/docs/Web/HTTP/Status/403",2026-07-17T12:10:23.758693
combat,bd6t532657p,,failed,0,0,,http_manifest,known,403,manifest,"Client error '403 ' for url 'https://openapiproext.bnf.fr/iiif/presentation/v3/ark:/12148/bd6t532657p/manifest.json'
For more information check: https://developer.mozilla.org/en-US/docs/Web/HTTP/Status/403",2026-07-17T12:10:24.960517
combat,bd6t5326581,,failed,0,0,,http_manifest,known,403,manifest,"Client error '403 ' for url 'https://openapiproext.bnf.fr/iiif/presentation/v3/ark:/12148/bd6t5326581/manifest.json'
For more information check: https://developer.mozilla.org/en-US/docs/Web/HTTP/Status/403",2026-07-17T12:10:26.164109
combat,bd6t532659c,,failed,0,0,,http_manifest,known,403,manifest,"Client error '403 ' for url 'https://openapiproext.bnf.fr/iiif/presentation/v3/ark:/12148/bd6t532659c/manifest.json'
For more information check: https://developer.mozilla.org/en-US/docs/Web/HTTP/Status/403",2026-07-17T12:10:27.365045
combat,bd6t532660k,,failed,0,0,,http_manifest,known,403,manifest,"Client error '403 ' for url 'https://openapiproext.bnf.fr/iiif/presentation/v3/ark:/12148/bd6t532660k/manifest.json'
For more information check: https://developer.mozilla.org/en-US/docs/Web/HTTP/Status/403",2026-07-17T12:10:28.599034
combat,bd6t532661x,,failed,0,0,,http_manifest,known,403,manifest,"Client error '403 ' for url 'https://openapiproext.bnf.fr/iiif/presentation/v3/ark:/12148/bd6t532661x/manifest.json'
For more information check: https://developer.mozilla.org/en-US/docs/Web/HTTP/Status/403",2026-07-17T12:10:29.767910
combat,bd6t5326628,,failed,0,0,,http_manifest,known,403,manifest,"Client error '403 ' for url 'https://openapiproext.bnf.fr/iiif/presentation/v3/ark:/12148/bd6t5326628/manifest.json'
For more information check: https://developer.mozilla.org/en-US/docs/Web/HTTP/Status/403",2026-07-17T12:10:30.970128
combat,bd6t532663m,,failed,0,0,,http_manifest,known,403,manifest,"Client error '403 ' for url 'https://openapiproext.bnf.fr/iiif/presentation/v3/ark:/12148/bd6t532663m/manifest.json'
For more information check: https://developer.mozilla.org/en-US/docs/Web/HTTP/Status/403",2026-07-17T12:10:32.169509
combat,bd6t532664z,,failed,0,0,,http_manifest,known,403,manifest,"Client error '403 ' for url 'https://openapiproext.bnf.fr/iiif/presentation/v3/ark:/12148/bd6t532664z/manifest.json'
For more information check: https://developer.mozilla.org/en-US/docs/Web/HTTP/Status/403",2026-07-17T12:10:33.371154
combat,bd6t5326659,,failed,0,0,,http_manifest,known,403,manifest,"Client error '403 ' for url 'https://openapiproext.bnf.fr/iiif/presentation/v3/ark:/12148/bd6t5326659/manifest.json'
For more information check: https://developer.mozilla.org/en-US/docs/Web/HTTP/Status/403",2026-07-17T12:10:34.590262
combat,bd6t532666n,,failed,0,0,,http_manifest,known,403,manifest,"Client error '403 ' for url 'https://openapiproext.bnf.fr/iiif/presentation/v3/ark:/12148/bd6t532666n/manifest.json'
For more information check: https://developer.mozilla.org/en-US/docs/Web/HTTP/Status/403",2026-07-17T12:10:35.780539
combat,bd6t5326670,,failed,0,0,,http_manifest,known,403,manifest,"Client error '403 ' for url 'https://openapiproext.bnf.fr/iiif/presentation/v3/ark:/12148/bd6t5326670/manifest.json'
For more information check: https://developer.mozilla.org/en-US/docs/Web/HTTP/Status/403",2026-07-17T12:10:36.979913
combat,bd6t532668b,,failed,0,0,,http_manifest,known,403,manifest,"Client error '403 ' for url 'https://openapiproext.bnf.fr/iiif/presentation/v3/ark:/12148/bd6t532668b/manifest.json'
For more information check: https://developer.mozilla.org/en-US/docs/Web/HTTP/Status/403",2026-07-17T12:10:38.190241
combat,bd6t532669p,,failed,0,0,,http_manifest,known,403,manifest,"Client error '403 ' for url 'https://openapiproext.bnf.fr/iiif/presentation/v3/ark:/12148/bd6t532669p/manifest.json'
For more information check: https://developer.mozilla.org/en-US/docs/Web/HTTP/Status/403",2026-07-17T12:10:39.384524
combat,bd6t532670w,,failed,0,0,,http_manifest,known,403,manifest,"Client error '403 ' for url 'https://openapiproext.bnf.fr/iiif/presentation/v3/ark:/12148/bd6t532670w/manifest.json'
For more information check: https://developer.mozilla.org/en-US/docs/Web/HTTP/Status/403",2026-07-17T12:10:40.583076
combat,bd6t5326717,,failed,0,0,,http_manifest,known,403,manifest,"Client error '403 ' for url 'https://openapiproext.bnf.fr/iiif/presentation/v3/ark:/12148/bd6t5326717/manifest.json'
For more information check: https://developer.mozilla.org/en-US/docs/Web/HTTP/Status/403",2026-07-17T12:10:41.786564
combat,bd6t532672k,,failed,0,0,,http_manifest,known,403,manifest,"Client error '403 ' for url 'https://openapiproext.bnf.fr/iiif/presentation/v3/ark:/12148/bd6t532672k/manifest.json'
For more information check: https://developer.mozilla.org/en-US/docs/Web/HTTP/Status/403",2026-07-17T12:10:42.986658
combat,bd6t532673x,,failed,0,0,,http_manifest,known,403,manifest,"Client error '403 ' for url 'https://openapiproext.bnf.fr/iiif/presentation/v3/ark:/12148/bd6t532673x/manifest.json'
For more information check: https://developer.mozilla.org/en-US/docs/Web/HTTP/Status/403",2026-07-17T12:10:44.188042
combat,bd6t5326748,,failed,0,0,,http_manifest,known,403,manifest,"Client error '403 ' for url 'https://openapiproext.bnf.fr/iiif/presentation/v3/ark:/12148/bd6t5326748/manifest.json'
For more information check: https://developer.mozilla.org/en-US/docs/Web/HTTP/Status/403",2026-07-17T12:10:45.390143
combat,bd6t532675m,,failed,0,0,,http_manifest,known,403,manifest,"Client error '403 ' for url 'https://openapiproext.bnf.fr/iiif/presentation/v3/ark:/12148/bd6t532675m/manifest.json'
For more information check: https://developer.mozilla.org/en-US/docs/Web/HTTP/Status/403",2026-07-17T12:10:46.619417
combat,bd6t532676z,,failed,0,0,,http_manifest,known,403,manifest,"Client error '403 ' for url 'https://openapiproext.bnf.fr/iiif/presentation/v3/ark:/12148/bd6t532676z/manifest.json'
For more information check: https://developer.mozilla.org/en-US/docs/Web/HTTP/Status/403",2026-07-17T12:10:47.794525
combat,bd6t5326779,,failed,0,0,,http_manifest,known,403,manifest,"Client error '403 ' for url 'https://openapiproext.bnf.fr/iiif/presentation/v3/ark:/12148/bd6t5326779/manifest.json'
For more information check: https://developer.mozilla.org/en-US/docs/Web/HTTP/Status/403",2026-07-17T12:10:49.001121
combat,bd6t532678n,,failed,0,0,,http_manifest,known,403,manifest,"Client error '403 ' for url 'https://openapiproext.bnf.fr/iiif/presentation/v3/ark:/12148/bd6t532678n/manifest.json'
For more information check: https://developer.mozilla.org/en-US/docs/Web/HTTP/Status/403",2026-07-17T12:10:50.198166
combat,bd6t5326790,,failed,0,0,,http_manifest,known,403,manifest,"Client error '403 ' for url 'https://openapiproext.bnf.fr/iiif/presentation/v3/ark:/12148/bd6t5326790/manifest.json'
For more information check: https://developer.mozilla.org/en-US/docs/Web/HTTP/Status/403",2026-07-17T12:10:51.395180
combat,bd6t5326806,,failed,0,0,,http_manifest,known,403,manifest,"Client error '403 ' for url 'https://openapiproext.bnf.fr/iiif/presentation/v3/ark:/12148/bd6t5326806/manifest.json'
For more information check: https://developer.mozilla.org/en-US/docs/Web/HTTP/Status/403",2026-07-17T12:10:52.601835
combat,bd6t532681j,,failed,0,0,,http_manifest,known,403,manifest,"Client error '403 ' for url 'https://openapiproext.bnf.fr/iiif/presentation/v3/ark:/12148/bd6t532681j/manifest.json'
For more information check: https://developer.mozilla.org/en-US/docs/Web/HTTP/Status/403",2026-07-17T12:10:53.803969
combat,bd6t532682w,,failed,0,0,,http_manifest,known,403,manifest,"Client error '403 ' for url 'https://openapiproext.bnf.fr/iiif/presentation/v3/ark:/12148/bd6t532682w/manifest.json'
For more information check: https://developer.mozilla.org/en-US/docs/Web/HTTP/Status/403",2026-07-17T12:10:55.007571
combat,bd6t5326837,,failed,0,0,,http_manifest,known,403,manifest,"Client error '403 ' for url 'https://openapiproext.bnf.fr/iiif/presentation/v3/ark:/12148/bd6t5326837/manifest.json'
For more information check: https://developer.mozilla.org/en-US/docs/Web/HTTP/Status/403",2026-07-17T12:10:56.205072
combat,bd6t532684k,,failed,0,0,,http_manifest,known,403,manifest,"Client error '403 ' for url 'https://openapiproext.bnf.fr/iiif/presentation/v3/ark:/12148/bd6t532684k/manifest.json'
For more information check: https://developer.mozilla.org/en-US/docs/Web/HTTP/Status/403",2026-07-17T12:10:57.600405
combat,bd6t532685x,,failed,0,0,,http_manifest,known,403,manifest,"Client error '403 ' for url 'https://openapiproext.bnf.fr/iiif/presentation/v3/ark:/12148/bd6t532685x/manifest.json'
For more information check: https://developer.mozilla.org/en-US/docs/Web/HTTP/Status/403",2026-07-17T12:10:58.649014
combat,bd6t5326868,,failed,0,0,,http_manifest,known,403,manifest,"Client error '403 ' for url 'https://openapiproext.bnf.fr/iiif/presentation/v3/ark:/12148/bd6t5326868/manifest.json'
For more information check: https://developer.mozilla.org/en-US/docs/Web/HTTP/Status/403",2026-07-17T12:10:59.809359
combat,bd6t532687m,,failed,0,0,,http_manifest,known,403,manifest,"Client error '403 ' for url 'https://openapiproext.bnf.fr/iiif/presentation/v3/ark:/12148/bd6t532687m/manifest.json'
For more information check: https://developer.mozilla.org/en-US/docs/Web/HTTP/Status/403",2026-07-17T12:11:01.010961
combat,bd6t533188t,,failed,0,0,,http_manifest,known,403,manifest,"Client error '403 ' for url 'https://openapiproext.bnf.fr/iiif/presentation/v3/ark:/12148/bd6t533188t/manifest.json'
For more information check: https://developer.mozilla.org/en-US/docs/Web/HTTP/Status/403",2026-07-17T12:11:02.221417
combat,bd6t5331895,,failed,0,0,,http_manifest,known,403,manifest,"Client error '403 ' for url 'https://openapiproext.bnf.fr/iiif/presentation/v3/ark:/12148/bd6t5331895/manifest.json'
For more information check: https://developer.mozilla.org/en-US/docs/Web/HTTP/Status/403",2026-07-17T12:11:03.415043
combat,bd6t533190c,,failed,0,0,,http_manifest,known,403,manifest,"Client error '403 ' for url 'https://openapiproext.bnf.fr/iiif/presentation/v3/ark:/12148/bd6t533190c/manifest.json'
For more information check: https://developer.mozilla.org/en-US/docs/Web/HTTP/Status/403",2026-07-17T12:11:04.799899
combat,bd6t533191q,,failed,0,0,,http_manifest,known,403,manifest,"Client error '403 ' for url 'https://openapiproext.bnf.fr/iiif/presentation/v3/ark:/12148/bd6t533191q/manifest.json'
For more information check: https://developer.mozilla.org/en-US/docs/Web/HTTP/Status/403",2026-07-17T12:11:05.960109
combat,bd6t5331922,,failed,0,0,,http_manifest,known,403,manifest,"Client error '403 ' for url 'https://openapiproext.bnf.fr/iiif/presentation/v3/ark:/12148/bd6t5331922/manifest.json'
For more information check: https://developer.mozilla.org/en-US/docs/Web/HTTP/Status/403",2026-07-17T12:11:07.019555
combat,bd6t533193d,,failed,0,0,,http_manifest,known,403,manifest,"Client error '403 ' for url 'https://openapiproext.bnf.fr/iiif/presentation/v3/ark:/12148/bd6t533193d/manifest.json'
For more information check: https://developer.mozilla.org/en-US/docs/Web/HTTP/Status/403",2026-07-17T12:11:08.220910
combat,bd6t533194r,,failed,0,0,,http_manifest,known,403,manifest,"Client error '403 ' for url 'https://openapiproext.bnf.fr/iiif/presentation/v3/ark:/12148/bd6t533194r/manifest.json'
For more information check: https://developer.mozilla.org/en-US/docs/Web/HTTP/Status/403",2026-07-17T12:11:09.581737
combat,bd6t5331953,,failed,0,0,,http_manifest,known,403,manifest,"Client error '403 ' for url 'https://openapiproext.bnf.fr/iiif/presentation/v3/ark:/12148/bd6t5331953/manifest.json'
For more information check: https://developer.mozilla.org/en-US/docs/Web/HTTP/Status/403",2026-07-17T12:11:10.770427
combat,bd6t533196f,,failed,0,0,,http_manifest,known,403,manifest,"Client error '403 ' for url 'https://openapiproext.bnf.fr/iiif/presentation/v3/ark:/12148/bd6t533196f/manifest.json'
For more information check: https://developer.mozilla.org/en-US/docs/Web/HTTP/Status/403",2026-07-17T12:11:11.968692
combat,bd6t533197s,,failed,0,0,,http_manifest,known,403,manifest,"Client error '403 ' for url 'https://openapiproext.bnf.fr/iiif/presentation/v3/ark:/12148/bd6t533197s/manifest.json'
For more information check: https://developer.mozilla.org/en-US/docs/Web/HTTP/Status/403",2026-07-17T12:11:13.234625
combat,bd6t5331984,,failed,0,0,,http_manifest,known,403,manifest,"Client error '403 ' for url 'https://openapiproext.bnf.fr/iiif/presentation/v3/ark:/12148/bd6t5331984/manifest.json'
For more information check: https://developer.mozilla.org/en-US/docs/Web/HTTP/Status/403",2026-07-17T12:11:14.307085
combat,bd6t533199g,,failed,0,0,,http_manifest,known,403,manifest,"Client error '403 ' for url 'https://openapiproext.bnf.fr/iiif/presentation/v3/ark:/12148/bd6t533199g/manifest.json'
For more information check: https://developer.mozilla.org/en-US/docs/Web/HTTP/Status/403",2026-07-17T12:11:15.516182
combat,bd6t533200v,,failed,0,0,,http_manifest,known,403,manifest,"Client error '403 ' for url 'https://openapiproext.bnf.fr/iiif/presentation/v3/ark:/12148/bd6t533200v/manifest.json'
For more information check: https://developer.mozilla.org/en-US/docs/Web/HTTP/Status/403",2026-07-17T12:11:16.760816
combat,bd6t5332016,,failed,0,0,,http_manifest,known,403,manifest,"Client error '403 ' for url 'https://openapiproext.bnf.fr/iiif/presentation/v3/ark:/12148/bd6t5332016/manifest.json'
For more information check: https://developer.mozilla.org/en-US/docs/Web/HTTP/Status/403",2026-07-17T12:11:17.916601
combat,bd6t533202j,,failed,0,0,,http_manifest,known,403,manifest,"Client error '403 ' for url 'https://openapiproext.bnf.fr/iiif/presentation/v3/ark:/12148/bd6t533202j/manifest.json'
For more information check: https://developer.mozilla.org/en-US/docs/Web/HTTP/Status/403",2026-07-17T12:11:19.151628
combat,bd6t533203w,,failed,0,0,,http_manifest,known,403,manifest,"Client error '403 ' for url 'https://openapiproext.bnf.fr/iiif/presentation/v3/ark:/12148/bd6t533203w/manifest.json'
For more information check: https://developer.mozilla.org/en-US/docs/Web/HTTP/Status/403",2026-07-17T12:11:20.236134
combat,bd6t5332047,,failed,0,0,,http_manifest,known,403,manifest,"Client error '403 ' for url 'https://openapiproext.bnf.fr/iiif/presentation/v3/ark:/12148/bd6t5332047/manifest.json'
For more information check: https://developer.mozilla.org/en-US/docs/Web/HTTP/Status/403",2026-07-17T12:11:21.438195
combat,bd6t533205k,,failed,0,0,,http_manifest,known,403,manifest,"Client error '403 ' for url 'https://openapiproext.bnf.fr/iiif/presentation/v3/ark:/12148/bd6t533205k/manifest.json'
For more information check: https://developer.mozilla.org/en-US/docs/Web/HTTP/Status/403",2026-07-17T12:11:22.641081
combat,bd6t533206x,,failed,0,0,,http_manifest,known,403,manifest,"Client error '403 ' for url 'https://openapiproext.bnf.fr/iiif/presentation/v3/ark:/12148/bd6t533206x/manifest.json'
For more information check: https://developer.mozilla.org/en-US/docs/Web/HTTP/Status/403",2026-07-17T12:11:23.842453
combat,bd6t5332078,,failed,0,0,,http_manifest,known,403,manifest,"Client error '403 ' for url 'https://openapiproext.bnf.fr/iiif/presentation/v3/ark:/12148/bd6t5332078/manifest.json'
For more information check: https://developer.mozilla.org/en-US/docs/Web/HTTP/Status/403",2026-07-17T12:11:25.042414
combat,bd6t533208m,,failed,0,0,,http_manifest,known,403,manifest,"Client error '403 ' for url 'https://openapiproext.bnf.fr/iiif/presentation/v3/ark:/12148/bd6t533208m/manifest.json'
For more information check: https://developer.mozilla.org/en-US/docs/Web/HTTP/Status/403",2026-07-17T12:11:26.246656
combat,bd6t533209z,,failed,0,0,,http_manifest,known,403,manifest,"Client error '403 ' for url 'https://openapiproext.bnf.fr/iiif/presentation/v3/ark:/12148/bd6t533209z/manifest.json'
For more information check: https://developer.mozilla.org/en-US/docs/Web/HTTP/Status/403",2026-07-17T12:11:27.451755
combat,bd6t5332105,,failed,0,0,,http_manifest,known,403,manifest,"Client error '403 ' for url 'https://openapiproext.bnf.fr/iiif/presentation/v3/ark:/12148/bd6t5332105/manifest.json'
For more information check: https://developer.mozilla.org/en-US/docs/Web/HTTP/Status/403",2026-07-17T12:11:28.673478
combat,bd6t533211h,,failed,0,0,,http_manifest,known,403,manifest,"Client error '403 ' for url 'https://openapiproext.bnf.fr/iiif/presentation/v3/ark:/12148/bd6t533211h/manifest.json'
For more information check: https://developer.mozilla.org/en-US/docs/Web/HTTP/Status/403",2026-07-17T12:11:29.850925
combat,bd6t533212v,,failed,0,0,,http_manifest,known,403,manifest,"Client error '403 ' for url 'https://openapiproext.bnf.fr/iiif/presentation/v3/ark:/12148/bd6t533212v/manifest.json'
For more information check: https://developer.mozilla.org/en-US/docs/Web/HTTP/Status/403",2026-07-17T12:11:31.049095
combat,bd6t5332136,,failed,0,0,,http_manifest,known,403,manifest,"Client error '403 ' for url 'https://openapiproext.bnf.fr/iiif/presentation/v3/ark:/12148/bd6t5332136/manifest.json'
For more information check: https://developer.mozilla.org/en-US/docs/Web/HTTP/Status/403",2026-07-17T12:11:32.250703
combat,bd6t533214j,,failed,0,0,,http_manifest,known,403,manifest,"Client error '403 ' for url 'https://openapiproext.bnf.fr/iiif/presentation/v3/ark:/12148/bd6t533214j/manifest.json'
For more information check: https://developer.mozilla.org/en-US/docs/Web/HTTP/Status/403",2026-07-17T12:11:33.454889
combat,bd6t533215w,,failed,0,0,,http_manifest,known,403,manifest,"Client error '403 ' for url 'https://openapiproext.bnf.fr/iiif/presentation/v3/ark:/12148/bd6t533215w/manifest.json'
For more information check: https://developer.mozilla.org/en-US/docs/Web/HTTP/Status/403",2026-07-17T12:11:34.682576
combat,bd6t5332167,,failed,0,0,,http_manifest,known,403,manifest,"Client error '403 ' for url 'https://openapiproext.bnf.fr/iiif/presentation/v3/ark:/12148/bd6t5332167/manifest.json'
For more information check: https://developer.mozilla.org/en-US/docs/Web/HTTP/Status/403",2026-07-17T12:11:35.858424
combat,bd6t533217k,,failed,0,0,,http_manifest,known,403,manifest,"Client error '403 ' for url 'https://openapiproext.bnf.fr/iiif/presentation/v3/ark:/12148/bd6t533217k/manifest.json'
For more information check: https://developer.mozilla.org/en-US/docs/Web/HTTP/Status/403",2026-07-17T12:11:37.058687
combat,bd6t533218x,,failed,0,0,,http_manifest,known,403,manifest,"Client error '403 ' for url 'https://openapiproext.bnf.fr/iiif/presentation/v3/ark:/12148/bd6t533218x/manifest.json'
For more information check: https://developer.mozilla.org/en-US/docs/Web/HTTP/Status/403",2026-07-17T12:11:38.270869
combat,bd6t5332198,,failed,0,0,,http_manifest,known,403,manifest,"Client error '403 ' for url 'https://openapiproext.bnf.fr/iiif/presentation/v3/ark:/12148/bd6t5332198/manifest.json'
For more information check: https://developer.mozilla.org/en-US/docs/Web/HTTP/Status/403",2026-07-17T12:11:39.464980
combat,bd6t533220g,,failed,0,0,,http_manifest,known,403,manifest,"Client error '403 ' for url 'https://openapiproext.bnf.fr/iiif/presentation/v3/ark:/12148/bd6t533220g/manifest.json'
For more information check: https://developer.mozilla.org/en-US/docs/Web/HTTP/Status/403",2026-07-17T12:11:40.663153
combat,bd6t533221t,,failed,0,0,,http_manifest,known,403,manifest,"Client error '403 ' for url 'https://openapiproext.bnf.fr/iiif/presentation/v3/ark:/12148/bd6t533221t/manifest.json'
For more information check: https://developer.mozilla.org/en-US/docs/Web/HTTP/Status/403",2026-07-17T12:11:41.867686
combat,bd6t5332225,,failed,0,0,,http_manifest,known,403,manifest,"Client error '403 ' for url 'https://openapiproext.bnf.fr/iiif/presentation/v3/ark:/12148/bd6t5332225/manifest.json'
For more information check: https://developer.mozilla.org/en-US/docs/Web/HTTP/Status/403",2026-07-17T12:11:43.070266
combat,bd6t533223h,,failed,0,0,,http_manifest,known,403,manifest,"Client error '403 ' for url 'https://openapiproext.bnf.fr/iiif/presentation/v3/ark:/12148/bd6t533223h/manifest.json'
For more information check: https://developer.mozilla.org/en-US/docs/Web/HTTP/Status/403",2026-07-17T12:11:44.270887
combat,bd6t533224v,,failed,0,0,,http_manifest,known,403,manifest,"Client error '403 ' for url 'https://openapiproext.bnf.fr/iiif/presentation/v3/ark:/12148/bd6t533224v/manifest.json'
For more information check: https://developer.mozilla.org/en-US/docs/Web/HTTP/Status/403",2026-07-17T12:11:45.481117
combat,bd6t5332256,,failed,0,0,,http_manifest,known,403,manifest,"Client error '403 ' for url 'https://openapiproext.bnf.fr/iiif/presentation/v3/ark:/12148/bd6t5332256/manifest.json'
For more information check: https://developer.mozilla.org/en-US/docs/Web/HTTP/Status/403",2026-07-17T12:11:46.698311
combat,bd6t533226j,,failed,0,0,,http_manifest,known,403,manifest,"Client error '403 ' for url 'https://openapiproext.bnf.fr/iiif/presentation/v3/ark:/12148/bd6t533226j/manifest.json'
For more information check: https://developer.mozilla.org/en-US/docs/Web/HTTP/Status/403",2026-07-17T12:11:47.891038
combat,bd6t533227w,,failed,0,0,,http_manifest,known,403,manifest,"Client error '403 ' for url 'https://openapiproext.bnf.fr/iiif/presentation/v3/ark:/12148/bd6t533227w/manifest.json'
For more information check: https://developer.mozilla.org/en-US/docs/Web/HTTP/Status/403",2026-07-17T12:11:49.080614
combat,bd6t5332287,,failed,0,0,,http_manifest,known,403,manifest,"Client error '403 ' for url 'https://openapiproext.bnf.fr/iiif/presentation/v3/ark:/12148/bd6t5332287/manifest.json'
For more information check: https://developer.mozilla.org/en-US/docs/Web/HTTP/Status/403",2026-07-17T12:11:50.283833
combat,bd6t533229k,,failed,0,0,,http_manifest,known,403,manifest,"Client error '403 ' for url 'https://openapiproext.bnf.fr/iiif/presentation/v3/ark:/12148/bd6t533229k/manifest.json'
For more information check: https://developer.mozilla.org/en-US/docs/Web/HTTP/Status/403",2026-07-17T12:11:51.484464
combat,bd6t533230s,,failed,0,0,,http_manifest,known,403,manifest,"Client error '403 ' for url 'https://openapiproext.bnf.fr/iiif/presentation/v3/ark:/12148/bd6t533230s/manifest.json'
For more information check: https://developer.mozilla.org/en-US/docs/Web/HTTP/Status/403",2026-07-17T12:11:52.683766
combat,bd6t5332314,,failed,0,0,,http_manifest,known,403,manifest,"Client error '403 ' for url 'https://openapiproext.bnf.fr/iiif/presentation/v3/ark:/12148/bd6t5332314/manifest.json'
For more information check: https://developer.mozilla.org/en-US/docs/Web/HTTP/Status/403",2026-07-17T12:11:53.888112
combat,bd6t533232g,,failed,0,0,,http_manifest,known,403,manifest,"Client error '403 ' for url 'https://openapiproext.bnf.fr/iiif/presentation/v3/ark:/12148/bd6t533232g/manifest.json'
For more information check: https://developer.mozilla.org/en-US/docs/Web/HTTP/Status/403",2026-07-17T12:11:55.090239
combat,bd6t533233t,,failed,0,0,,http_manifest,known,403,manifest,"Client error '403 ' for url 'https://openapiproext.bnf.fr/iiif/presentation/v3/ark:/12148/bd6t533233t/manifest.json'
For more information check: https://developer.mozilla.org/en-US/docs/Web/HTTP/Status/403",2026-07-17T12:11:56.292570
combat,bd6t5332345,,failed,0,0,,http_manifest,known,403,manifest,"Client error '403 ' for url 'https://openapiproext.bnf.fr/iiif/presentation/v3/ark:/12148/bd6t5332345/manifest.json'
For more information check: https://developer.mozilla.org/en-US/docs/Web/HTTP/Status/403",2026-07-17T12:11:57.497251
combat,bd6t533235h,,failed,0,0,,http_manifest,known,403,manifest,"Client error '403 ' for url 'https://openapiproext.bnf.fr/iiif/presentation/v3/ark:/12148/bd6t533235h/manifest.json'
For more information check: https://developer.mozilla.org/en-US/docs/Web/HTTP/Status/403",2026-07-17T12:11:58.720512
combat,bd6t533236v,,failed,0,0,,http_manifest,known,403,manifest,"Client error '403 ' for url 'https://openapiproext.bnf.fr/iiif/presentation/v3/ark:/12148/bd6t533236v/manifest.json'
For more information check: https://developer.mozilla.org/en-US/docs/Web/HTTP/Status/403",2026-07-17T12:11:59.909801
combat,bd6t5332376,,failed,0,0,,http_manifest,known,403,manifest,"Client error '403 ' for url 'https://openapiproext.bnf.fr/iiif/presentation/v3/ark:/12148/bd6t5332376/manifest.json'
For more information check: https://developer.mozilla.org/en-US/docs/Web/HTTP/Status/403",2026-07-17T12:12:01.285488
combat,bd6t533238j,,failed,0,0,,http_manifest,known,403,manifest,"Client error '403 ' for url 'https://openapiproext.bnf.fr/iiif/presentation/v3/ark:/12148/bd6t533238j/manifest.json'
For more information check: https://developer.mozilla.org/en-US/docs/Web/HTTP/Status/403",2026-07-17T12:12:02.309765
combat,bd6t533239w,,failed,0,0,,http_manifest,known,403,manifest,"Client error '403 ' for url 'https://openapiproext.bnf.fr/iiif/presentation/v3/ark:/12148/bd6t533239w/manifest.json'
For more information check: https://developer.mozilla.org/en-US/docs/Web/HTTP/Status/403",2026-07-17T12:12:03.692714
combat,bd6t5316594,,failed,0,0,,http_manifest,known,403,manifest,"Client error '403 ' for url 'https://openapiproext.bnf.fr/iiif/presentation/v3/ark:/12148/bd6t5316594/manifest.json'
For more information check: https://developer.mozilla.org/en-US/docs/Web/HTTP/Status/403",2026-07-17T12:12:04.807584
combat,bd6t531660b,,failed,0,0,,http_manifest,known,403,manifest,"Client error '403 ' for url 'https://openapiproext.bnf.fr/iiif/presentation/v3/ark:/12148/bd6t531660b/manifest.json'
For more information check: https://developer.mozilla.org/en-US/docs/Web/HTTP/Status/403",2026-07-17T12:12:05.956996
combat,bd6t531661p,,failed,0,0,,http_manifest,known,403,manifest,"Client error '403 ' for url 'https://openapiproext.bnf.fr/iiif/presentation/v3/ark:/12148/bd6t531661p/manifest.json'
For more information check: https://developer.mozilla.org/en-US/docs/Web/HTTP/Status/403",2026-07-17T12:12:07.115125
combat,bd6t5316621,,failed,0,0,,http_manifest,known,403,manifest,"Client error '403 ' for url 'https://openapiproext.bnf.fr/iiif/presentation/v3/ark:/12148/bd6t5316621/manifest.json'
For more information check: https://developer.mozilla.org/en-US/docs/Web/HTTP/Status/403",2026-07-17T12:12:08.310242
combat,bd6t531663c,,failed,0,0,,http_manifest,known,403,manifest,"Client error '403 ' for url 'https://openapiproext.bnf.fr/iiif/presentation/v3/ark:/12148/bd6t531663c/manifest.json'
For more information check: https://developer.mozilla.org/en-US/docs/Web/HTTP/Status/403",2026-07-17T12:12:09.514985
combat,bd6t531664q,,failed,0,0,,http_manifest,known,403,manifest,"Client error '403 ' for url 'https://openapiproext.bnf.fr/iiif/presentation/v3/ark:/12148/bd6t531664q/manifest.json'
For more information check: https://developer.mozilla.org/en-US/docs/Web/HTTP/Status/403",2026-07-17T12:12:10.782964
combat,bd6t5316652,,failed,0,0,,http_manifest,known,403,manifest,"Client error '403 ' for url 'https://openapiproext.bnf.fr/iiif/presentation/v3/ark:/12148/bd6t5316652/manifest.json'
For more information check: https://developer.mozilla.org/en-US/docs/Web/HTTP/Status/403",2026-07-17T12:12:11.915915
combat,bd6t531666d,,failed,0,0,,http_manifest,known,403,manifest,"Client error '403 ' for url 'https://openapiproext.bnf.fr/iiif/presentation/v3/ark:/12148/bd6t531666d/manifest.json'
For more information check: https://developer.mozilla.org/en-US/docs/Web/HTTP/Status/403",2026-07-17T12:12:13.163308
combat,bd6t531667r,,failed,0,0,,http_manifest,known,403,manifest,"Client error '403 ' for url 'https://openapiproext.bnf.fr/iiif/presentation/v3/ark:/12148/bd6t531667r/manifest.json'
For more information check: https://developer.mozilla.org/en-US/docs/Web/HTTP/Status/403",2026-07-17T12:12:14.318889
combat,bd6t5316683,,failed,0,0,,http_manifest,known,403,manifest,"Client error '403 ' for url 'https://openapiproext.bnf.fr/iiif/presentation/v3/ark:/12148/bd6t5316683/manifest.json'
For more information check: https://developer.mozilla.org/en-US/docs/Web/HTTP/Status/403",2026-07-17T12:12:15.522467
combat,bd6t531669f,,failed,0,0,,http_manifest,known,403,manifest,"Client error '403 ' for url 'https://openapiproext.bnf.fr/iiif/presentation/v3/ark:/12148/bd6t531669f/manifest.json'
For more information check: https://developer.mozilla.org/en-US/docs/Web/HTTP/Status/403",2026-07-17T12:12:16.928462
combat,bd6t531670n,,failed,0,0,,http_manifest,known,403,manifest,"Client error '403 ' for url 'https://openapiproext.bnf.fr/iiif/presentation/v3/ark:/12148/bd6t531670n/manifest.json'
For more information check: https://developer.mozilla.org/en-US/docs/Web/HTTP/Status/403",2026-07-17T12:12:18.177194
combat,bd6t5316710,,failed,0,0,,http_manifest,known,403,manifest,"Client error '403 ' for url 'https://openapiproext.bnf.fr/iiif/presentation/v3/ark:/12148/bd6t5316710/manifest.json'
For more information check: https://developer.mozilla.org/en-US/docs/Web/HTTP/Status/403",2026-07-17T12:12:19.262189
combat,bd6t531672b,,failed,0,0,,http_manifest,known,403,manifest,"Client error '403 ' for url 'https://openapiproext.bnf.fr/iiif/presentation/v3/ark:/12148/bd6t531672b/manifest.json'
For more information check: https://developer.mozilla.org/en-US/docs/Web/HTTP/Status/403",2026-07-17T12:12:20.335033
combat,bd6t531673p,,failed,0,0,,http_manifest,known,403,manifest,"Client error '403 ' for url 'https://openapiproext.bnf.fr/iiif/presentation/v3/ark:/12148/bd6t531673p/manifest.json'
For more information check: https://developer.mozilla.org/en-US/docs/Web/HTTP/Status/403",2026-07-17T12:12:21.530153
combat,bd6t5316741,,failed,0,0,,http_manifest,known,403,manifest,"Client error '403 ' for url 'https://openapiproext.bnf.fr/iiif/presentation/v3/ark:/12148/bd6t5316741/manifest.json'
For more information check: https://developer.mozilla.org/en-US/docs/Web/HTTP/Status/403",2026-07-17T12:12:22.729862
combat,bd6t531675c,,failed,0,0,,http_manifest,known,403,manifest,"Client error '403 ' for url 'https://openapiproext.bnf.fr/iiif/presentation/v3/ark:/12148/bd6t531675c/manifest.json'
For more information check: https://developer.mozilla.org/en-US/docs/Web/HTTP/Status/403",2026-07-17T12:12:23.934014
combat,bd6t531676q,,failed,0,0,,http_manifest,known,403,manifest,"Client error '403 ' for url 'https://openapiproext.bnf.fr/iiif/presentation/v3/ark:/12148/bd6t531676q/manifest.json'
For more information check: https://developer.mozilla.org/en-US/docs/Web/HTTP/Status/403",2026-07-17T12:12:25.133092
combat,bd6t5316772,,failed,0,0,,http_manifest,known,403,manifest,"Client error '403 ' for url 'https://openapiproext.bnf.fr/iiif/presentation/v3/ark:/12148/bd6t5316772/manifest.json'
For more information check: https://developer.mozilla.org/en-US/docs/Web/HTTP/Status/403",2026-07-17T12:12:26.361262
combat,bd6t531678d,,failed,0,0,,http_manifest,known,403,manifest,"Client error '403 ' for url 'https://openapiproext.bnf.fr/iiif/presentation/v3/ark:/12148/bd6t531678d/manifest.json'
For more information check: https://developer.mozilla.org/en-US/docs/Web/HTTP/Status/403",2026-07-17T12:12:27.539391
combat,bd6t531679r,,failed,0,0,,http_manifest,known,403,manifest,"Client error '403 ' for url 'https://openapiproext.bnf.fr/iiif/presentation/v3/ark:/12148/bd6t531679r/manifest.json'
For more information check: https://developer.mozilla.org/en-US/docs/Web/HTTP/Status/403",2026-07-17T12:12:28.738945
combat,bd6t531680z,,failed,0,0,,http_manifest,known,403,manifest,"Client error '403 ' for url 'https://openapiproext.bnf.fr/iiif/presentation/v3/ark:/12148/bd6t531680z/manifest.json'
For more information check: https://developer.mozilla.org/en-US/docs/Web/HTTP/Status/403",2026-07-17T12:12:29.943136
combat,bd6t5316819,,failed,0,0,,http_manifest,known,403,manifest,"Client error '403 ' for url 'https://openapiproext.bnf.fr/iiif/presentation/v3/ark:/12148/bd6t5316819/manifest.json'
For more information check: https://developer.mozilla.org/en-US/docs/Web/HTTP/Status/403",2026-07-17T12:12:31.145863
combat,bd6t531682n,,failed,0,0,,http_manifest,known,403,manifest,"Client error '403 ' for url 'https://openapiproext.bnf.fr/iiif/presentation/v3/ark:/12148/bd6t531682n/manifest.json'
For more information check: https://developer.mozilla.org/en-US/docs/Web/HTTP/Status/403",2026-07-17T12:12:32.369833
combat,bd6t5316830,,failed,0,0,,http_manifest,known,403,manifest,"Client error '403 ' for url 'https://openapiproext.bnf.fr/iiif/presentation/v3/ark:/12148/bd6t5316830/manifest.json'
For more information check: https://developer.mozilla.org/en-US/docs/Web/HTTP/Status/403",2026-07-17T12:12:33.546719
combat,bd6t531684b,,failed,0,0,,http_manifest,known,403,manifest,"Client error '403 ' for url 'https://openapiproext.bnf.fr/iiif/presentation/v3/ark:/12148/bd6t531684b/manifest.json'
For more information check: https://developer.mozilla.org/en-US/docs/Web/HTTP/Status/403",2026-07-17T12:12:34.749028
combat,bd6t531685p,,failed,0,0,,http_manifest,known,403,manifest,"Client error '403 ' for url 'https://openapiproext.bnf.fr/iiif/presentation/v3/ark:/12148/bd6t531685p/manifest.json'
For more information check: https://developer.mozilla.org/en-US/docs/Web/HTTP/Status/403",2026-07-17T12:12:35.951308
combat,bd6t5316861,,failed,0,0,,http_manifest,known,403,manifest,"Client error '403 ' for url 'https://openapiproext.bnf.fr/iiif/presentation/v3/ark:/12148/bd6t5316861/manifest.json'
For more information check: https://developer.mozilla.org/en-US/docs/Web/HTTP/Status/403",2026-07-17T12:12:37.152578
combat,bd6t531687c,,failed,0,0,,http_manifest,known,403,manifest,"Client error '403 ' for url 'https://openapiproext.bnf.fr/iiif/presentation/v3/ark:/12148/bd6t531687c/manifest.json'
For more information check: https://developer.mozilla.org/en-US/docs/Web/HTTP/Status/403",2026-07-17T12:12:38.366673
combat,bd6t531688q,,failed,0,0,,http_manifest,known,403,manifest,"Client error '403 ' for url 'https://openapiproext.bnf.fr/iiif/presentation/v3/ark:/12148/bd6t531688q/manifest.json'
For more information check: https://developer.mozilla.org/en-US/docs/Web/HTTP/Status/403",2026-07-17T12:12:39.556601
combat,bd6t5316892,,failed,0,0,,http_manifest,known,403,manifest,"Client error '403 ' for url 'https://openapiproext.bnf.fr/iiif/presentation/v3/ark:/12148/bd6t5316892/manifest.json'
For more information check: https://developer.mozilla.org/en-US/docs/Web/HTTP/Status/403",2026-07-17T12:12:40.761025
combat,bd6t5316908,,failed,0,0,,http_manifest,known,403,manifest,"Client error '403 ' for url 'https://openapiproext.bnf.fr/iiif/presentation/v3/ark:/12148/bd6t5316908/manifest.json'
For more information check: https://developer.mozilla.org/en-US/docs/Web/HTTP/Status/403",2026-07-17T12:12:41.961779
combat,bd6t531691m,,failed,0,0,,http_manifest,known,403,manifest,"Client error '403 ' for url 'https://openapiproext.bnf.fr/iiif/presentation/v3/ark:/12148/bd6t531691m/manifest.json'
For more information check: https://developer.mozilla.org/en-US/docs/Web/HTTP/Status/403",2026-07-17T12:12:43.160987
combat,bd6t531692z,,failed,0,0,,http_manifest,known,403,manifest,"Client error '403 ' for url 'https://openapiproext.bnf.fr/iiif/presentation/v3/ark:/12148/bd6t531692z/manifest.json'
For more information check: https://developer.mozilla.org/en-US/docs/Web/HTTP/Status/403",2026-07-17T12:12:44.394492
combat,bd6t5316939,,failed,0,0,,http_manifest,known,403,manifest,"Client error '403 ' for url 'https://openapiproext.bnf.fr/iiif/presentation/v3/ark:/12148/bd6t5316939/manifest.json'
For more information check: https://developer.mozilla.org/en-US/docs/Web/HTTP/Status/403",2026-07-17T12:12:45.566948
combat,bd6t531694n,,failed,0,0,,http_manifest,known,403,manifest,"Client error '403 ' for url 'https://openapiproext.bnf.fr/iiif/presentation/v3/ark:/12148/bd6t531694n/manifest.json'
For more information check: https://developer.mozilla.org/en-US/docs/Web/HTTP/Status/403",2026-07-17T12:12:46.766968
combat,bd6t5316950,,failed,0,0,,http_manifest,known,403,manifest,"Client error '403 ' for url 'https://openapiproext.bnf.fr/iiif/presentation/v3/ark:/12148/bd6t5316950/manifest.json'
For more information check: https://developer.mozilla.org/en-US/docs/Web/HTTP/Status/403",2026-07-17T12:12:47.974916
combat,bd6t531696b,,failed,0,0,,http_manifest,known,403,manifest,"Client error '403 ' for url 'https://openapiproext.bnf.fr/iiif/presentation/v3/ark:/12148/bd6t531696b/manifest.json'
For more information check: https://developer.mozilla.org/en-US/docs/Web/HTTP/Status/403",2026-07-17T12:12:49.170630
combat,bd6t531697p,,failed,0,0,,http_manifest,known,403,manifest,"Client error '403 ' for url 'https://openapiproext.bnf.fr/iiif/presentation/v3/ark:/12148/bd6t531697p/manifest.json'
For more information check: https://developer.mozilla.org/en-US/docs/Web/HTTP/Status/403",2026-07-17T12:12:50.376537
combat,bd6t5316981,,failed,0,0,,http_manifest,known,403,manifest,"Client error '403 ' for url 'https://openapiproext.bnf.fr/iiif/presentation/v3/ark:/12148/bd6t5316981/manifest.json'
For more information check: https://developer.mozilla.org/en-US/docs/Web/HTTP/Status/403",2026-07-17T12:12:51.576356
combat,bd6t531699c,,failed,0,0,,http_manifest,known,403,manifest,"Client error '403 ' for url 'https://openapiproext.bnf.fr/iiif/presentation/v3/ark:/12148/bd6t531699c/manifest.json'
For more information check: https://developer.mozilla.org/en-US/docs/Web/HTTP/Status/403",2026-07-17T12:12:52.777010
combat,bd6t531700r,,failed,0,0,,http_manifest,known,403,manifest,"Client error '403 ' for url 'https://openapiproext.bnf.fr/iiif/presentation/v3/ark:/12148/bd6t531700r/manifest.json'
For more information check: https://developer.mozilla.org/en-US/docs/Web/HTTP/Status/403",2026-07-17T12:12:53.977604
combat,bd6t5317013,,failed,0,0,,http_manifest,known,403,manifest,"Client error '403 ' for url 'https://openapiproext.bnf.fr/iiif/presentation/v3/ark:/12148/bd6t5317013/manifest.json'
For more information check: https://developer.mozilla.org/en-US/docs/Web/HTTP/Status/403",2026-07-17T12:12:55.180889
combat,bd6t531702f,,failed,0,0,,http_manifest,known,403,manifest,"Client error '403 ' for url 'https://openapiproext.bnf.fr/iiif/presentation/v3/ark:/12148/bd6t531702f/manifest.json'
For more information check: https://developer.mozilla.org/en-US/docs/Web/HTTP/Status/403",2026-07-17T12:12:56.416431
combat,bd6t531703s,,failed,0,0,,http_manifest,known,403,manifest,"Client error '403 ' for url 'https://openapiproext.bnf.fr/iiif/presentation/v3/ark:/12148/bd6t531703s/manifest.json'
For more information check: https://developer.mozilla.org/en-US/docs/Web/HTTP/Status/403",2026-07-17T12:12:57.781719
combat,bd6t5317044,,failed,0,0,,http_manifest,known,403,manifest,"Client error '403 ' for url 'https://openapiproext.bnf.fr/iiif/presentation/v3/ark:/12148/bd6t5317044/manifest.json'
For more information check: https://developer.mozilla.org/en-US/docs/Web/HTTP/Status/403",2026-07-17T12:12:58.973988
combat,bd6t531705g,,failed,0,0,,http_manifest,known,403,manifest,"Client error '403 ' for url 'https://openapiproext.bnf.fr/iiif/presentation/v3/ark:/12148/bd6t531705g/manifest.json'
For more information check: https://developer.mozilla.org/en-US/docs/Web/HTTP/Status/403",2026-07-17T12:13:00.045673
combat,bd6t531706t,,failed,0,0,,http_manifest,known,403,manifest,"Client error '403 ' for url 'https://openapiproext.bnf.fr/iiif/presentation/v3/ark:/12148/bd6t531706t/manifest.json'
For more information check: https://developer.mozilla.org/en-US/docs/Web/HTTP/Status/403",2026-07-17T12:13:01.237006
combat,bd6t5317075,,failed,0,0,,http_manifest,known,403,manifest,"Client error '403 ' for url 'https://openapiproext.bnf.fr/iiif/presentation/v3/ark:/12148/bd6t5317075/manifest.json'
For more information check: https://developer.mozilla.org/en-US/docs/Web/HTTP/Status/403",2026-07-17T12:13:02.422067
combat,bd6t531708h,,failed,0,0,,http_manifest,known,403,manifest,"Client error '403 ' for url 'https://openapiproext.bnf.fr/iiif/presentation/v3/ark:/12148/bd6t531708h/manifest.json'
For more information check: https://developer.mozilla.org/en-US/docs/Web/HTTP/Status/403",2026-07-17T12:13:03.843113
combat,bd6t531709v,,failed,0,0,,http_manifest,known,403,manifest,"Client error '403 ' for url 'https://openapiproext.bnf.fr/iiif/presentation/v3/ark:/12148/bd6t531709v/manifest.json'
For more information check: https://developer.mozilla.org/en-US/docs/Web/HTTP/Status/403",2026-07-17T12:13:05.017987
combat,bd6t5315544,,failed,0,0,,http_manifest,known,403,manifest,"Client error '403 ' for url 'https://openapiproext.bnf.fr/iiif/presentation/v3/ark:/12148/bd6t5315544/manifest.json'
For more information check: https://developer.mozilla.org/en-US/docs/Web/HTTP/Status/403",2026-07-17T12:13:06.025788
combat,bd6t531555g,,failed,0,0,,http_manifest,known,403,manifest,"Client error '403 ' for url 'https://openapiproext.bnf.fr/iiif/presentation/v3/ark:/12148/bd6t531555g/manifest.json'
For more information check: https://developer.mozilla.org/en-US/docs/Web/HTTP/Status/403",2026-07-17T12:13:07.215762
combat,bd6t531556t,,failed,0,0,,http_manifest,known,403,manifest,"Client error '403 ' for url 'https://openapiproext.bnf.fr/iiif/presentation/v3/ark:/12148/bd6t531556t/manifest.json'
For more information check: https://developer.mozilla.org/en-US/docs/Web/HTTP/Status/403",2026-07-17T12:13:08.395302
combat,bd6t5315575,,failed,0,0,,http_manifest,known,403,manifest,"Client error '403 ' for url 'https://openapiproext.bnf.fr/iiif/presentation/v3/ark:/12148/bd6t5315575/manifest.json'
For more information check: https://developer.mozilla.org/en-US/docs/Web/HTTP/Status/403",2026-07-17T12:13:09.594831
combat,bd6t531558h,,failed,0,0,,http_manifest,known,403,manifest,"Client error '403 ' for url 'https://openapiproext.bnf.fr/iiif/presentation/v3/ark:/12148/bd6t531558h/manifest.json'
For more information check: https://developer.mozilla.org/en-US/docs/Web/HTTP/Status/403",2026-07-17T12:13:10.797025
combat,bd6t531559v,,failed,0,0,,http_manifest,known,403,manifest,"Client error '403 ' for url 'https://openapiproext.bnf.fr/iiif/presentation/v3/ark:/12148/bd6t531559v/manifest.json'
For more information check: https://developer.mozilla.org/en-US/docs/Web/HTTP/Status/403",2026-07-17T12:13:12.000334
combat,bd6t5315602,,failed,0,0,,http_manifest,known,403,manifest,"Client error '403 ' for url 'https://openapiproext.bnf.fr/iiif/presentation/v3/ark:/12148/bd6t5315602/manifest.json'
For more information check: https://developer.mozilla.org/en-US/docs/Web/HTTP/Status/403",2026-07-17T12:13:13.218076
combat,bd6t531561d,,failed,0,0,,http_manifest,known,403,manifest,"Client error '403 ' for url 'https://openapiproext.bnf.fr/iiif/presentation/v3/ark:/12148/bd6t531561d/manifest.json'
For more information check: https://developer.mozilla.org/en-US/docs/Web/HTTP/Status/403",2026-07-17T12:13:14.403359
combat,bd6t531562r,,failed,0,0,,http_manifest,known,403,manifest,"Client error '403 ' for url 'https://openapiproext.bnf.fr/iiif/presentation/v3/ark:/12148/bd6t531562r/manifest.json'
For more information check: https://developer.mozilla.org/en-US/docs/Web/HTTP/Status/403",2026-07-17T12:13:15.605314
combat,bd6t5315633,,failed,0,0,,http_manifest,known,403,manifest,"Client error '403 ' for url 'https://openapiproext.bnf.fr/iiif/presentation/v3/ark:/12148/bd6t5315633/manifest.json'
For more information check: https://developer.mozilla.org/en-US/docs/Web/HTTP/Status/403",2026-07-17T12:13:16.805079
combat,bd6t531564f,,failed,0,0,,http_manifest,known,403,manifest,"Client error '403 ' for url 'https://openapiproext.bnf.fr/iiif/presentation/v3/ark:/12148/bd6t531564f/manifest.json'
For more information check: https://developer.mozilla.org/en-US/docs/Web/HTTP/Status/403",2026-07-17T12:13:18.005987
combat,bd6t531565s,,failed,0,0,,http_manifest,known,403,manifest,"Client error '403 ' for url 'https://openapiproext.bnf.fr/iiif/presentation/v3/ark:/12148/bd6t531565s/manifest.json'
For more information check: https://developer.mozilla.org/en-US/docs/Web/HTTP/Status/403",2026-07-17T12:13:19.210295
combat,bd6t5315664,,failed,0,0,,http_manifest,known,403,manifest,"Client error '403 ' for url 'https://openapiproext.bnf.fr/iiif/presentation/v3/ark:/12148/bd6t5315664/manifest.json'
For more information check: https://developer.mozilla.org/en-US/docs/Web/HTTP/Status/403",2026-07-17T12:13:20.411963
combat,bd6t531567g,,failed,0,0,,http_manifest,known,403,manifest,"Client error '403 ' for url 'https://openapiproext.bnf.fr/iiif/presentation/v3/ark:/12148/bd6t531567g/manifest.json'
For more information check: https://developer.mozilla.org/en-US/docs/Web/HTTP/Status/403",2026-07-17T12:13:21.610069
combat,bd6t531568t,,failed,0,0,,http_manifest,known,403,manifest,"Client error '403 ' for url 'https://openapiproext.bnf.fr/iiif/presentation/v3/ark:/12148/bd6t531568t/manifest.json'
For more information check: https://developer.mozilla.org/en-US/docs/Web/HTTP/Status/403",2026-07-17T12:13:22.815133
combat,bd6t5315695,,failed,0,0,,http_manifest,known,403,manifest,"Client error '403 ' for url 'https://openapiproext.bnf.fr/iiif/presentation/v3/ark:/12148/bd6t5315695/manifest.json'
For more information check: https://developer.mozilla.org/en-US/docs/Web/HTTP/Status/403",2026-07-17T12:13:24.018001
combat,bd6t531570c,,failed,0,0,,http_manifest,known,403,manifest,"Client error '403 ' for url 'https://openapiproext.bnf.fr/iiif/presentation/v3/ark:/12148/bd6t531570c/manifest.json'
For more information check: https://developer.mozilla.org/en-US/docs/Web/HTTP/Status/403",2026-07-17T12:13:25.240705
combat,bd6t531571q,,failed,0,0,,http_manifest,known,403,manifest,"Client error '403 ' for url 'https://openapiproext.bnf.fr/iiif/presentation/v3/ark:/12148/bd6t531571q/manifest.json'
For more information check: https://developer.mozilla.org/en-US/docs/Web/HTTP/Status/403",2026-07-17T12:13:26.420666
combat,bd6t5315722,,failed,0,0,,http_manifest,known,403,manifest,"Client error '403 ' for url 'https://openapiproext.bnf.fr/iiif/presentation/v3/ark:/12148/bd6t5315722/manifest.json'
For more information check: https://developer.mozilla.org/en-US/docs/Web/HTTP/Status/403",2026-07-17T12:13:27.622557
combat,bd6t531573d,,failed,0,0,,http_manifest,known,403,manifest,"Client error '403 ' for url 'https://openapiproext.bnf.fr/iiif/presentation/v3/ark:/12148/bd6t531573d/manifest.json'
For more information check: https://developer.mozilla.org/en-US/docs/Web/HTTP/Status/403",2026-07-17T12:13:28.822380
combat,bd6t531574r,,failed,0,0,,http_manifest,known,403,manifest,"Client error '403 ' for url 'https://openapiproext.bnf.fr/iiif/presentation/v3/ark:/12148/bd6t531574r/manifest.json'
For more information check: https://developer.mozilla.org/en-US/docs/Web/HTTP/Status/403",2026-07-17T12:13:30.023332
combat,bd6t5315753,,failed,0,0,,http_manifest,known,403,manifest,"Client error '403 ' for url 'https://openapiproext.bnf.fr/iiif/presentation/v3/ark:/12148/bd6t5315753/manifest.json'
For more information check: https://developer.mozilla.org/en-US/docs/Web/HTTP/Status/403",2026-07-17T12:13:31.253200
combat,bd6t531576f,,failed,0,0,,http_manifest,known,403,manifest,"Client error '403 ' for url 'https://openapiproext.bnf.fr/iiif/presentation/v3/ark:/12148/bd6t531576f/manifest.json'
For more information check: https://developer.mozilla.org/en-US/docs/Web/HTTP/Status/403",2026-07-17T12:13:32.424060
combat,bd6t531577s,,failed,0,0,,http_manifest,known,403,manifest,"Client error '403 ' for url 'https://openapiproext.bnf.fr/iiif/presentation/v3/ark:/12148/bd6t531577s/manifest.json'
For more information check: https://developer.mozilla.org/en-US/docs/Web/HTTP/Status/403",2026-07-17T12:13:33.626979
combat,bd6t5315784,,failed,0,0,,http_manifest,known,403,manifest,"Client error '403 ' for url 'https://openapiproext.bnf.fr/iiif/presentation/v3/ark:/12148/bd6t5315784/manifest.json'
For more information check: https://developer.mozilla.org/en-US/docs/Web/HTTP/Status/403",2026-07-17T12:13:34.828147
combat,bd6t531579g,,failed,0,0,,http_manifest,known,403,manifest,"Client error '403 ' for url 'https://openapiproext.bnf.fr/iiif/presentation/v3/ark:/12148/bd6t531579g/manifest.json'
For more information check: https://developer.mozilla.org/en-US/docs/Web/HTTP/Status/403",2026-07-17T12:13:36.042748
combat,bd6t531580p,,failed,0,0,,http_manifest,known,403,manifest,"Client error '403 ' for url 'https://openapiproext.bnf.fr/iiif/presentation/v3/ark:/12148/bd6t531580p/manifest.json'
For more information check: https://developer.mozilla.org/en-US/docs/Web/HTTP/Status/403",2026-07-17T12:13:37.240501
combat,bd6t5315811,,failed,0,0,,http_manifest,known,403,manifest,"Client error '403 ' for url 'https://openapiproext.bnf.fr/iiif/presentation/v3/ark:/12148/bd6t5315811/manifest.json'
For more information check: https://developer.mozilla.org/en-US/docs/Web/HTTP/Status/403",2026-07-17T12:13:38.431737
combat,bd6t531582c,,failed,0,0,,http_manifest,known,403,manifest,"Client error '403 ' for url 'https://openapiproext.bnf.fr/iiif/presentation/v3/ark:/12148/bd6t531582c/manifest.json'
For more information check: https://developer.mozilla.org/en-US/docs/Web/HTTP/Status/403",2026-07-17T12:13:39.636437
combat,bd6t531583q,,failed,0,0,,http_manifest,known,403,manifest,"Client error '403 ' for url 'https://openapiproext.bnf.fr/iiif/presentation/v3/ark:/12148/bd6t531583q/manifest.json'
For more information check: https://developer.mozilla.org/en-US/docs/Web/HTTP/Status/403",2026-07-17T12:13:40.837879
combat,bd6t5315842,,failed,0,0,,http_manifest,known,403,manifest,"Client error '403 ' for url 'https://openapiproext.bnf.fr/iiif/presentation/v3/ark:/12148/bd6t5315842/manifest.json'
For more information check: https://developer.mozilla.org/en-US/docs/Web/HTTP/Status/403",2026-07-17T12:13:42.037438
combat,bd6t531585d,,failed,0,0,,http_manifest,known,403,manifest,"Client error '403 ' for url 'https://openapiproext.bnf.fr/iiif/presentation/v3/ark:/12148/bd6t531585d/manifest.json'
For more information check: https://developer.mozilla.org/en-US/docs/Web/HTTP/Status/403",2026-07-17T12:13:43.261773
combat,bd6t531586r,,failed,0,0,,http_manifest,known,403,manifest,"Client error '403 ' for url 'https://openapiproext.bnf.fr/iiif/presentation/v3/ark:/12148/bd6t531586r/manifest.json'
For more information check: https://developer.mozilla.org/en-US/docs/Web/HTTP/Status/403",2026-07-17T12:13:44.442405
combat,bd6t5315873,,failed,0,0,,http_manifest,known,403,manifest,"Client error '403 ' for url 'https://openapiproext.bnf.fr/iiif/presentation/v3/ark:/12148/bd6t5315873/manifest.json'
For more information check: https://developer.mozilla.org/en-US/docs/Web/HTTP/Status/403",2026-07-17T12:13:45.646685
combat,bd6t531588f,,failed,0,0,,http_manifest,known,403,manifest,"Client error '403 ' for url 'https://openapiproext.bnf.fr/iiif/presentation/v3/ark:/12148/bd6t531588f/manifest.json'
For more information check: https://developer.mozilla.org/en-US/docs/Web/HTTP/Status/403",2026-07-17T12:13:46.847169
combat,bd6t531589s,,failed,0,0,,http_manifest,known,403,manifest,"Client error '403 ' for url 'https://openapiproext.bnf.fr/iiif/presentation/v3/ark:/12148/bd6t531589s/manifest.json'
For more information check: https://developer.mozilla.org/en-US/docs/Web/HTTP/Status/403",2026-07-17T12:13:48.046242
combat,bd6t5315900,,failed,0,0,,http_manifest,known,403,manifest,"Client error '403 ' for url 'https://openapiproext.bnf.fr/iiif/presentation/v3/ark:/12148/bd6t5315900/manifest.json'
For more information check: https://developer.mozilla.org/en-US/docs/Web/HTTP/Status/403",2026-07-17T12:13:49.248556
combat,bd6t531591b,,failed,0,0,,http_manifest,known,403,manifest,"Client error '403 ' for url 'https://openapiproext.bnf.fr/iiif/presentation/v3/ark:/12148/bd6t531591b/manifest.json'
For more information check: https://developer.mozilla.org/en-US/docs/Web/HTTP/Status/403",2026-07-17T12:13:50.449511
combat,bd6t531592p,,failed,0,0,,http_manifest,known,403,manifest,"Client error '403 ' for url 'https://openapiproext.bnf.fr/iiif/presentation/v3/ark:/12148/bd6t531592p/manifest.json'
For more information check: https://developer.mozilla.org/en-US/docs/Web/HTTP/Status/403",2026-07-17T12:13:51.651618
combat,bd6t5315931,,failed,0,0,,http_manifest,known,403,manifest,"Client error '403 ' for url 'https://openapiproext.bnf.fr/iiif/presentation/v3/ark:/12148/bd6t5315931/manifest.json'
For more information check: https://developer.mozilla.org/en-US/docs/Web/HTTP/Status/403",2026-07-17T12:13:52.854907
combat,bd6t531594c,,failed,0,0,,http_manifest,known,403,manifest,"Client error '403 ' for url 'https://openapiproext.bnf.fr/iiif/presentation/v3/ark:/12148/bd6t531594c/manifest.json'
For more information check: https://developer.mozilla.org/en-US/docs/Web/HTTP/Status/403",2026-07-17T12:13:54.055898
combat,bd6t531595q,,failed,0,0,,http_manifest,known,403,manifest,"Client error '403 ' for url 'https://openapiproext.bnf.fr/iiif/presentation/v3/ark:/12148/bd6t531595q/manifest.json'
For more information check: https://developer.mozilla.org/en-US/docs/Web/HTTP/Status/403",2026-07-17T12:13:55.285473
combat,bd6t5315962,,failed,0,0,,http_manifest,known,403,manifest,"Client error '403 ' for url 'https://openapiproext.bnf.fr/iiif/presentation/v3/ark:/12148/bd6t5315962/manifest.json'
For more information check: https://developer.mozilla.org/en-US/docs/Web/HTTP/Status/403",2026-07-17T12:13:56.460830
combat,bd6t531597d,,failed,0,0,,http_manifest,known,403,manifest,"Client error '403 ' for url 'https://openapiproext.bnf.fr/iiif/presentation/v3/ark:/12148/bd6t531597d/manifest.json'
For more information check: https://developer.mozilla.org/en-US/docs/Web/HTTP/Status/403",2026-07-17T12:13:57.797171
combat,bd6t531598r,,failed,0,0,,http_manifest,known,403,manifest,"Client error '403 ' for url 'https://openapiproext.bnf.fr/iiif/presentation/v3/ark:/12148/bd6t531598r/manifest.json'
For more information check: https://developer.mozilla.org/en-US/docs/Web/HTTP/Status/403",2026-07-17T12:13:59.017084
combat,bd6t5315993,,failed,0,0,,http_manifest,known,403,manifest,"Client error '403 ' for url 'https://openapiproext.bnf.fr/iiif/presentation/v3/ark:/12148/bd6t5315993/manifest.json'
For more information check: https://developer.mozilla.org/en-US/docs/Web/HTTP/Status/403",2026-07-17T12:14:00.065344
combat,bd6t531600g,,failed,0,0,,http_manifest,known,403,manifest,"Client error '403 ' for url 'https://openapiproext.bnf.fr/iiif/presentation/v3/ark:/12148/bd6t531600g/manifest.json'
For more information check: https://developer.mozilla.org/en-US/docs/Web/HTTP/Status/403",2026-07-17T12:14:01.461222
combat,bd6t531601t,,failed,0,0,,http_manifest,known,403,manifest,"Client error '403 ' for url 'https://openapiproext.bnf.fr/iiif/presentation/v3/ark:/12148/bd6t531601t/manifest.json'
For more information check: https://developer.mozilla.org/en-US/docs/Web/HTTP/Status/403",2026-07-17T12:14:02.592426
combat,bd6t5316025,,failed,0,0,,http_manifest,known,403,manifest,"Client error '403 ' for url 'https://openapiproext.bnf.fr/iiif/presentation/v3/ark:/12148/bd6t5316025/manifest.json'
For more information check: https://developer.mozilla.org/en-US/docs/Web/HTTP/Status/403",2026-07-17T12:14:03.850116
combat,bd6t531603h,,failed,0,0,,http_manifest,known,403,manifest,"Client error '403 ' for url 'https://openapiproext.bnf.fr/iiif/presentation/v3/ark:/12148/bd6t531603h/manifest.json'
For more information check: https://developer.mozilla.org/en-US/docs/Web/HTTP/Status/403",2026-07-17T12:14:04.951063
combat,bd6t531604v,,failed,0,0,,http_manifest,known,403,manifest,"Client error '403 ' for url 'https://openapiproext.bnf.fr/iiif/presentation/v3/ark:/12148/bd6t531604v/manifest.json'
For more information check: https://developer.mozilla.org/en-US/docs/Web/HTTP/Status/403",2026-07-17T12:14:06.188120
combat,bd6t5316056,,failed,0,0,,http_manifest,known,403,manifest,"Client error '403 ' for url 'https://openapiproext.bnf.fr/iiif/presentation/v3/ark:/12148/bd6t5316056/manifest.json'
For more information check: https://developer.mozilla.org/en-US/docs/Web/HTTP/Status/403",2026-07-17T12:14:07.279172
combat,bd6t531759d,,failed,0,0,,http_manifest,known,403,manifest,"Client error '403 ' for url 'https://openapiproext.bnf.fr/iiif/presentation/v3/ark:/12148/bd6t531759d/manifest.json'
For more information check: https://developer.mozilla.org/en-US/docs/Web/HTTP/Status/403",2026-07-17T12:14:08.480226
combat,bd6t531760m,,failed,0,0,,http_manifest,known,403,manifest,"Client error '403 ' for url 'https://openapiproext.bnf.fr/iiif/presentation/v3/ark:/12148/bd6t531760m/manifest.json'
For more information check: https://developer.mozilla.org/en-US/docs/Web/HTTP/Status/403",2026-07-17T12:14:09.691461
combat,bd6t531761z,,failed,0,0,,http_manifest,known,403,manifest,"Client error '403 ' for url 'https://openapiproext.bnf.fr/iiif/presentation/v3/ark:/12148/bd6t531761z/manifest.json'
For more information check: https://developer.mozilla.org/en-US/docs/Web/HTTP/Status/403",2026-07-17T12:14:10.898921
combat,bd6t5317629,,failed,0,0,,http_manifest,known,403,manifest,"Client error '403 ' for url 'https://openapiproext.bnf.fr/iiif/presentation/v3/ark:/12148/bd6t5317629/manifest.json'
For more information check: https://developer.mozilla.org/en-US/docs/Web/HTTP/Status/403",2026-07-17T12:14:12.083642
combat,bd6t531763n,,failed,0,0,,http_manifest,known,403,manifest,"Client error '403 ' for url 'https://openapiproext.bnf.fr/iiif/presentation/v3/ark:/12148/bd6t531763n/manifest.json'
For more information check: https://developer.mozilla.org/en-US/docs/Web/HTTP/Status/403",2026-07-17T12:14:13.307774
combat,bd6t5317640,,failed,0,0,,http_manifest,known,403,manifest,"Client error '403 ' for url 'https://openapiproext.bnf.fr/iiif/presentation/v3/ark:/12148/bd6t5317640/manifest.json'
For more information check: https://developer.mozilla.org/en-US/docs/Web/HTTP/Status/403",2026-07-17T12:14:14.483716
combat,bd6t531765b,,failed,0,0,,http_manifest,known,403,manifest,"Client error '403 ' for url 'https://openapiproext.bnf.fr/iiif/presentation/v3/ark:/12148/bd6t531765b/manifest.json'
For more information check: https://developer.mozilla.org/en-US/docs/Web/HTTP/Status/403",2026-07-17T12:14:15.686050
combat,bd6t531766p,,failed,0,0,,http_manifest,known,403,manifest,"Client error '403 ' for url 'https://openapiproext.bnf.fr/iiif/presentation/v3/ark:/12148/bd6t531766p/manifest.json'
For more information check: https://developer.mozilla.org/en-US/docs/Web/HTTP/Status/403",2026-07-17T12:14:17.041729
combat,bd6t5317671,,failed,0,0,,http_manifest,known,403,manifest,"Client error '403 ' for url 'https://openapiproext.bnf.fr/iiif/presentation/v3/ark:/12148/bd6t5317671/manifest.json'
For more information check: https://developer.mozilla.org/en-US/docs/Web/HTTP/Status/403",2026-07-17T12:14:18.267845
combat,bd6t531768c,,failed,0,0,,http_manifest,known,403,manifest,"Client error '403 ' for url 'https://openapiproext.bnf.fr/iiif/presentation/v3/ark:/12148/bd6t531768c/manifest.json'
For more information check: https://developer.mozilla.org/en-US/docs/Web/HTTP/Status/403",2026-07-17T12:14:19.311398
combat,bd6t531769q,,failed,0,0,,http_manifest,known,403,manifest,"Client error '403 ' for url 'https://openapiproext.bnf.fr/iiif/presentation/v3/ark:/12148/bd6t531769q/manifest.json'
For more information check: https://developer.mozilla.org/en-US/docs/Web/HTTP/Status/403",2026-07-17T12:14:20.496954
combat,bd6t531770x,,failed,0,0,,http_manifest,known,403,manifest,"Client error '403 ' for url 'https://openapiproext.bnf.fr/iiif/presentation/v3/ark:/12148/bd6t531770x/manifest.json'
For more information check: https://developer.mozilla.org/en-US/docs/Web/HTTP/Status/403",2026-07-17T12:14:21.705465
combat,bd6t5317718,,failed,0,0,,http_manifest,known,403,manifest,"Client error '403 ' for url 'https://openapiproext.bnf.fr/iiif/presentation/v3/ark:/12148/bd6t5317718/manifest.json'
For more information check: https://developer.mozilla.org/en-US/docs/Web/HTTP/Status/403",2026-07-17T12:14:22.917724
combat,bd6t531772m,,failed,0,0,,http_manifest,known,403,manifest,"Client error '403 ' for url 'https://openapiproext.bnf.fr/iiif/presentation/v3/ark:/12148/bd6t531772m/manifest.json'
For more information check: https://developer.mozilla.org/en-US/docs/Web/HTTP/Status/403",2026-07-17T12:14:24.105207
combat,bd6t531773z,,failed,0,0,,http_manifest,known,403,manifest,"Client error '403 ' for url 'https://openapiproext.bnf.fr/iiif/presentation/v3/ark:/12148/bd6t531773z/manifest.json'
For more information check: https://developer.mozilla.org/en-US/docs/Web/HTTP/Status/403",2026-07-17T12:14:25.304672
combat,bd6t5317749,,failed,0,0,,http_manifest,known,403,manifest,"Client error '403 ' for url 'https://openapiproext.bnf.fr/iiif/presentation/v3/ark:/12148/bd6t5317749/manifest.json'
For more information check: https://developer.mozilla.org/en-US/docs/Web/HTTP/Status/403",2026-07-17T12:14:26.524667
combat,bd6t531775n,,failed,0,0,,http_manifest,known,403,manifest,"Client error '403 ' for url 'https://openapiproext.bnf.fr/iiif/presentation/v3/ark:/12148/bd6t531775n/manifest.json'
For more information check: https://developer.mozilla.org/en-US/docs/Web/HTTP/Status/403",2026-07-17T12:14:27.712066
combat,bd6t5317760,,failed,0,0,,http_manifest,known,403,manifest,"Client error '403 ' for url 'https://openapiproext.bnf.fr/iiif/presentation/v3/ark:/12148/bd6t5317760/manifest.json'
For more information check: https://developer.mozilla.org/en-US/docs/Web/HTTP/Status/403",2026-07-17T12:14:28.916412
combat,bd6t531777b,,failed,0,0,,http_manifest,known,403,manifest,"Client error '403 ' for url 'https://openapiproext.bnf.fr/iiif/presentation/v3/ark:/12148/bd6t531777b/manifest.json'
For more information check: https://developer.mozilla.org/en-US/docs/Web/HTTP/Status/403",2026-07-17T12:14:30.119612
combat,bd6t531778p,,failed,0,0,,http_manifest,known,403,manifest,"Client error '403 ' for url 'https://openapiproext.bnf.fr/iiif/presentation/v3/ark:/12148/bd6t531778p/manifest.json'
For more information check: https://developer.mozilla.org/en-US/docs/Web/HTTP/Status/403",2026-07-17T12:14:31.321669
combat,bd6t5317791,,failed,0,0,,http_manifest,known,403,manifest,"Client error '403 ' for url 'https://openapiproext.bnf.fr/iiif/presentation/v3/ark:/12148/bd6t5317791/manifest.json'
For more information check: https://developer.mozilla.org/en-US/docs/Web/HTTP/Status/403",2026-07-17T12:14:32.516852
combat,bd6t5317807,,failed,0,0,,http_manifest,known,403,manifest,"Client error '403 ' for url 'https://openapiproext.bnf.fr/iiif/presentation/v3/ark:/12148/bd6t5317807/manifest.json'
For more information check: https://developer.mozilla.org/en-US/docs/Web/HTTP/Status/403",2026-07-17T12:14:33.717112
combat,bd6t531781k,,failed,0,0,,http_manifest,known,403,manifest,"Client error '403 ' for url 'https://openapiproext.bnf.fr/iiif/presentation/v3/ark:/12148/bd6t531781k/manifest.json'
For more information check: https://developer.mozilla.org/en-US/docs/Web/HTTP/Status/403",2026-07-17T12:14:34.949027
combat,bd6t531782x,,failed,0,0,,http_manifest,known,403,manifest,"Client error '403 ' for url 'https://openapiproext.bnf.fr/iiif/presentation/v3/ark:/12148/bd6t531782x/manifest.json'
For more information check: https://developer.mozilla.org/en-US/docs/Web/HTTP/Status/403",2026-07-17T12:14:36.120380
combat,bd6t5317838,,failed,0,0,,http_manifest,known,403,manifest,"Client error '403 ' for url 'https://openapiproext.bnf.fr/iiif/presentation/v3/ark:/12148/bd6t5317838/manifest.json'
For more information check: https://developer.mozilla.org/en-US/docs/Web/HTTP/Status/403",2026-07-17T12:14:37.320889
combat,bd6t531784m,,failed,0,0,,http_manifest,known,403,manifest,"Client error '403 ' for url 'https://openapiproext.bnf.fr/iiif/presentation/v3/ark:/12148/bd6t531784m/manifest.json'
For more information check: https://developer.mozilla.org/en-US/docs/Web/HTTP/Status/403",2026-07-17T12:14:38.524014
combat,bd6t531785z,,failed,0,0,,http_manifest,known,403,manifest,"Client error '403 ' for url 'https://openapiproext.bnf.fr/iiif/presentation/v3/ark:/12148/bd6t531785z/manifest.json'
For more information check: https://developer.mozilla.org/en-US/docs/Web/HTTP/Status/403",2026-07-17T12:14:39.728732
combat,bd6t5317869,,failed,0,0,,http_manifest,known,403,manifest,"Client error '403 ' for url 'https://openapiproext.bnf.fr/iiif/presentation/v3/ark:/12148/bd6t5317869/manifest.json'
For more information check: https://developer.mozilla.org/en-US/docs/Web/HTTP/Status/403",2026-07-17T12:14:40.927114
combat,bd6t531787n,,failed,0,0,,http_manifest,known,403,manifest,"Client error '403 ' for url 'https://openapiproext.bnf.fr/iiif/presentation/v3/ark:/12148/bd6t531787n/manifest.json'
For more information check: https://developer.mozilla.org/en-US/docs/Web/HTTP/Status/403",2026-07-17T12:14:42.133283
combat,bd6t5317880,,failed,0,0,,http_manifest,known,403,manifest,"Client error '403 ' for url 'https://openapiproext.bnf.fr/iiif/presentation/v3/ark:/12148/bd6t5317880/manifest.json'
For more information check: https://developer.mozilla.org/en-US/docs/Web/HTTP/Status/403",2026-07-17T12:14:43.334692
combat,bd6t531789b,,failed,0,0,,http_manifest,known,403,manifest,"Client error '403 ' for url 'https://openapiproext.bnf.fr/iiif/presentation/v3/ark:/12148/bd6t531789b/manifest.json'
For more information check: https://developer.mozilla.org/en-US/docs/Web/HTTP/Status/403",2026-07-17T12:14:44.529273
combat,bd6t531790j,,failed,0,0,,http_manifest,known,403,manifest,"Client error '403 ' for url 'https://openapiproext.bnf.fr/iiif/presentation/v3/ark:/12148/bd6t531790j/manifest.json'
For more information check: https://developer.mozilla.org/en-US/docs/Web/HTTP/Status/403",2026-07-17T12:14:45.733792
combat,bd6t531791w,,failed,0,0,,http_manifest,known,403,manifest,"Client error '403 ' for url 'https://openapiproext.bnf.fr/iiif/presentation/v3/ark:/12148/bd6t531791w/manifest.json'
For more information check: https://developer.mozilla.org/en-US/docs/Web/HTTP/Status/403",2026-07-17T12:14:46.952047
combat,bd6t5317927,,failed,0,0,,http_manifest,known,403,manifest,"Client error '403 ' for url 'https://openapiproext.bnf.fr/iiif/presentation/v3/ark:/12148/bd6t5317927/manifest.json'
For more information check: https://developer.mozilla.org/en-US/docs/Web/HTTP/Status/403",2026-07-17T12:14:48.139391
combat,bd6t531793k,,failed,0,0,,http_manifest,known,403,manifest,"Client error '403 ' for url 'https://openapiproext.bnf.fr/iiif/presentation/v3/ark:/12148/bd6t531793k/manifest.json'
For more information check: https://developer.mozilla.org/en-US/docs/Web/HTTP/Status/403",2026-07-17T12:14:49.336573
combat,bd6t531794x,,failed,0,0,,http_manifest,known,403,manifest,"Client error '403 ' for url 'https://openapiproext.bnf.fr/iiif/presentation/v3/ark:/12148/bd6t531794x/manifest.json'
For more information check: https://developer.mozilla.org/en-US/docs/Web/HTTP/Status/403",2026-07-17T12:14:50.541462
combat,bd6t5317958,,failed,0,0,,http_manifest,known,403,manifest,"Client error '403 ' for url 'https://openapiproext.bnf.fr/iiif/presentation/v3/ark:/12148/bd6t5317958/manifest.json'
For more information check: https://developer.mozilla.org/en-US/docs/Web/HTTP/Status/403",2026-07-17T12:14:51.745201
combat,bd6t531796m,,failed,0,0,,http_manifest,known,403,manifest,"Client error '403 ' for url 'https://openapiproext.bnf.fr/iiif/presentation/v3/ark:/12148/bd6t531796m/manifest.json'
For more information check: https://developer.mozilla.org/en-US/docs/Web/HTTP/Status/403",2026-07-17T12:14:52.966840
combat,bd6t531797z,,failed,0,0,,http_manifest,known,403,manifest,"Client error '403 ' for url 'https://openapiproext.bnf.fr/iiif/presentation/v3/ark:/12148/bd6t531797z/manifest.json'
For more information check: https://developer.mozilla.org/en-US/docs/Web/HTTP/Status/403",2026-07-17T12:14:54.146383
combat,bd6t5317989,,failed,0,0,,http_manifest,known,403,manifest,"Client error '403 ' for url 'https://openapiproext.bnf.fr/iiif/presentation/v3/ark:/12148/bd6t5317989/manifest.json'
For more information check: https://developer.mozilla.org/en-US/docs/Web/HTTP/Status/403",2026-07-17T12:14:55.349854
combat,bd6t531799n,,failed,0,0,,http_manifest,known,403,manifest,"Client error '403 ' for url 'https://openapiproext.bnf.fr/iiif/presentation/v3/ark:/12148/bd6t531799n/manifest.json'
For more information check: https://developer.mozilla.org/en-US/docs/Web/HTTP/Status/403",2026-07-17T12:14:56.548198
combat,bd6t5318001,,failed,0,0,,http_manifest,known,403,manifest,"Client error '403 ' for url 'https://openapiproext.bnf.fr/iiif/presentation/v3/ark:/12148/bd6t5318001/manifest.json'
For more information check: https://developer.mozilla.org/en-US/docs/Web/HTTP/Status/403",2026-07-17T12:14:57.822801
combat,bd6t531801c,,failed,0,0,,http_manifest,known,403,manifest,"Client error '403 ' for url 'https://openapiproext.bnf.fr/iiif/presentation/v3/ark:/12148/bd6t531801c/manifest.json'
For more information check: https://developer.mozilla.org/en-US/docs/Web/HTTP/Status/403",2026-07-17T12:14:58.953049
combat,bd6t531802q,,failed,0,0,,http_manifest,known,403,manifest,"Client error '403 ' for url 'https://openapiproext.bnf.fr/iiif/presentation/v3/ark:/12148/bd6t531802q/manifest.json'
For more information check: https://developer.mozilla.org/en-US/docs/Web/HTTP/Status/403",2026-07-17T12:15:00.325635
combat,bd6t5318032,,failed,0,0,,http_manifest,known,403,manifest,"Client error '403 ' for url 'https://openapiproext.bnf.fr/iiif/presentation/v3/ark:/12148/bd6t5318032/manifest.json'
For more information check: https://developer.mozilla.org/en-US/docs/Web/HTTP/Status/403",2026-07-17T12:15:01.361601
combat,bd6t531804d,,failed,0,0,,http_manifest,known,403,manifest,"Client error '403 ' for url 'https://openapiproext.bnf.fr/iiif/presentation/v3/ark:/12148/bd6t531804d/manifest.json'
For more information check: https://developer.mozilla.org/en-US/docs/Web/HTTP/Status/403",2026-07-17T12:15:02.562956
combat,bd6t531805r,,failed,0,0,,http_manifest,known,403,manifest,"Client error '403 ' for url 'https://openapiproext.bnf.fr/iiif/presentation/v3/ark:/12148/bd6t531805r/manifest.json'
For more information check: https://developer.mozilla.org/en-US/docs/Web/HTTP/Status/403",2026-07-17T12:15:04.019868
combat,bd6t5318063,,failed,0,0,,http_manifest,known,403,manifest,"Client error '403 ' for url 'https://openapiproext.bnf.fr/iiif/presentation/v3/ark:/12148/bd6t5318063/manifest.json'
For more information check: https://developer.mozilla.org/en-US/docs/Web/HTTP/Status/403",2026-07-17T12:15:05.149932
combat,bd6t531807f,,failed,0,0,,http_manifest,known,403,manifest,"Client error '403 ' for url 'https://openapiproext.bnf.fr/iiif/presentation/v3/ark:/12148/bd6t531807f/manifest.json'
For more information check: https://developer.mozilla.org/en-US/docs/Web/HTTP/Status/403",2026-07-17T12:15:06.402323
combat,bd6t531808s,,failed,0,0,,http_manifest,known,403,manifest,"Client error '403 ' for url 'https://openapiproext.bnf.fr/iiif/presentation/v3/ark:/12148/bd6t531808s/manifest.json'
For more information check: https://developer.mozilla.org/en-US/docs/Web/HTTP/Status/403",2026-07-17T12:15:07.538960
combat,bd6t5318094,,failed,0,0,,http_manifest,known,403,manifest,"Client error '403 ' for url 'https://openapiproext.bnf.fr/iiif/presentation/v3/ark:/12148/bd6t5318094/manifest.json'
For more information check: https://developer.mozilla.org/en-US/docs/Web/HTTP/Status/403",2026-07-17T12:15:08.696540
combat,bd6t531810b,,failed,0,0,,http_manifest,known,403,manifest,"Client error '403 ' for url 'https://openapiproext.bnf.fr/iiif/presentation/v3/ark:/12148/bd6t531810b/manifest.json'
For more information check: https://developer.mozilla.org/en-US/docs/Web/HTTP/Status/403",2026-07-17T12:15:09.868842
combat,bd6t531811p,,failed,0,0,,http_manifest,known,403,manifest,"Client error '403 ' for url 'https://openapiproext.bnf.fr/iiif/presentation/v3/ark:/12148/bd6t531811p/manifest.json'
For more information check: https://developer.mozilla.org/en-US/docs/Web/HTTP/Status/403",2026-07-17T12:15:10.982182
combat,bd6t5318121,,failed,0,0,,http_manifest,known,403,manifest,"Client error '403 ' for url 'https://openapiproext.bnf.fr/iiif/presentation/v3/ark:/12148/bd6t5318121/manifest.json'
For more information check: https://developer.mozilla.org/en-US/docs/Web/HTTP/Status/403",2026-07-17T12:15:12.182128
combat,bd6t531813c,,failed,0,0,,http_manifest,known,403,manifest,"Client error '403 ' for url 'https://openapiproext.bnf.fr/iiif/presentation/v3/ark:/12148/bd6t531813c/manifest.json'
For more information check: https://developer.mozilla.org/en-US/docs/Web/HTTP/Status/403",2026-07-17T12:15:13.540860
combat,bd6t531814q,,failed,0,0,,http_manifest,known,403,manifest,"Client error '403 ' for url 'https://openapiproext.bnf.fr/iiif/presentation/v3/ark:/12148/bd6t531814q/manifest.json'
For more information check: https://developer.mozilla.org/en-US/docs/Web/HTTP/Status/403",2026-07-17T12:15:14.740555
combat,bd6t5318152,,failed,0,0,,http_manifest,known,403,manifest,"Client error '403 ' for url 'https://openapiproext.bnf.fr/iiif/presentation/v3/ark:/12148/bd6t5318152/manifest.json'
For more information check: https://developer.mozilla.org/en-US/docs/Web/HTTP/Status/403",2026-07-17T12:15:15.798284
combat,bd6t531816d,,failed,0,0,,http_manifest,known,403,manifest,"Client error '403 ' for url 'https://openapiproext.bnf.fr/iiif/presentation/v3/ark:/12148/bd6t531816d/manifest.json'
For more information check: https://developer.mozilla.org/en-US/docs/Web/HTTP/Status/403",2026-07-17T12:15:16.979523
combat,bd6t531817r,,failed,0,0,,http_manifest,known,403,manifest,"Client error '403 ' for url 'https://openapiproext.bnf.fr/iiif/presentation/v3/ark:/12148/bd6t531817r/manifest.json'
For more information check: https://developer.mozilla.org/en-US/docs/Web/HTTP/Status/403",2026-07-17T12:15:18.177849
combat,bd6t5318183,,failed,0,0,,http_manifest,known,403,manifest,"Client error '403 ' for url 'https://openapiproext.bnf.fr/iiif/presentation/v3/ark:/12148/bd6t5318183/manifest.json'
For more information check: https://developer.mozilla.org/en-US/docs/Web/HTTP/Status/403",2026-07-17T12:15:19.382579
combat,bd6t531819f,,failed,0,0,,http_manifest,known,403,manifest,"Client error '403 ' for url 'https://openapiproext.bnf.fr/iiif/presentation/v3/ark:/12148/bd6t531819f/manifest.json'
For more information check: https://developer.mozilla.org/en-US/docs/Web/HTTP/Status/403",2026-07-17T12:15:20.581031
combat,bd6t531820n,,failed,0,0,,http_manifest,known,403,manifest,"Client error '403 ' for url 'https://openapiproext.bnf.fr/iiif/presentation/v3/ark:/12148/bd6t531820n/manifest.json'
For more information check: https://developer.mozilla.org/en-US/docs/Web/HTTP/Status/403",2026-07-17T12:15:21.780251
combat,bd6t5318210,,failed,0,0,,http_manifest,known,403,manifest,"Client error '403 ' for url 'https://openapiproext.bnf.fr/iiif/presentation/v3/ark:/12148/bd6t5318210/manifest.json'
For more information check: https://developer.mozilla.org/en-US/docs/Web/HTTP/Status/403",2026-07-17T12:15:22.984640
combat,bd6t531822b,,failed,0,0,,http_manifest,known,403,manifest,"Client error '403 ' for url 'https://openapiproext.bnf.fr/iiif/presentation/v3/ark:/12148/bd6t531822b/manifest.json'
For more information check: https://developer.mozilla.org/en-US/docs/Web/HTTP/Status/403",2026-07-17T12:15:24.187671
combat,bd6t531823p,,failed,0,0,,http_manifest,known,403,manifest,"Client error '403 ' for url 'https://openapiproext.bnf.fr/iiif/presentation/v3/ark:/12148/bd6t531823p/manifest.json'
For more information check: https://developer.mozilla.org/en-US/docs/Web/HTTP/Status/403",2026-07-17T12:15:25.387502
combat,bd6t5318241,,failed,0,0,,http_manifest,known,403,manifest,"Client error '403 ' for url 'https://openapiproext.bnf.fr/iiif/presentation/v3/ark:/12148/bd6t5318241/manifest.json'
For more information check: https://developer.mozilla.org/en-US/docs/Web/HTTP/Status/403",2026-07-17T12:15:26.587994
combat,bd6t531825c,,failed,0,0,,http_manifest,known,403,manifest,"Client error '403 ' for url 'https://openapiproext.bnf.fr/iiif/presentation/v3/ark:/12148/bd6t531825c/manifest.json'
For more information check: https://developer.mozilla.org/en-US/docs/Web/HTTP/Status/403",2026-07-17T12:15:27.791117
combat,bd6t531826q,,failed,0,0,,http_manifest,known,403,manifest,"Client error '403 ' for url 'https://openapiproext.bnf.fr/iiif/presentation/v3/ark:/12148/bd6t531826q/manifest.json'
For more information check: https://developer.mozilla.org/en-US/docs/Web/HTTP/Status/403",2026-07-17T12:15:29.005169
combat,bd6t5318272,,failed,0,0,,http_manifest,known,403,manifest,"Client error '403 ' for url 'https://openapiproext.bnf.fr/iiif/presentation/v3/ark:/12148/bd6t5318272/manifest.json'
For more information check: https://developer.mozilla.org/en-US/docs/Web/HTTP/Status/403",2026-07-17T12:15:30.204554
combat,bd6t531828d,,failed,0,0,,http_manifest,known,403,manifest,"Client error '403 ' for url 'https://openapiproext.bnf.fr/iiif/presentation/v3/ark:/12148/bd6t531828d/manifest.json'
For more information check: https://developer.mozilla.org/en-US/docs/Web/HTTP/Status/403",2026-07-17T12:15:31.397110
combat,bd6t531829r,,failed,0,0,,http_manifest,known,403,manifest,"Client error '403 ' for url 'https://openapiproext.bnf.fr/iiif/presentation/v3/ark:/12148/bd6t531829r/manifest.json'
For more information check: https://developer.mozilla.org/en-US/docs/Web/HTTP/Status/403",2026-07-17T12:15:32.599316
combat,bd6t531830z,,failed,0,0,,http_manifest,known,403,manifest,"Client error '403 ' for url 'https://openapiproext.bnf.fr/iiif/presentation/v3/ark:/12148/bd6t531830z/manifest.json'
For more information check: https://developer.mozilla.org/en-US/docs/Web/HTTP/Status/403",2026-07-17T12:15:33.801217
combat,bd6t5318319,,failed,0,0,,http_manifest,known,403,manifest,"Client error '403 ' for url 'https://openapiproext.bnf.fr/iiif/presentation/v3/ark:/12148/bd6t5318319/manifest.json'
For more information check: https://developer.mozilla.org/en-US/docs/Web/HTTP/Status/403",2026-07-17T12:15:35.004231
combat,bd6t531832n,,failed,0,0,,http_manifest,known,403,manifest,"Client error '403 ' for url 'https://openapiproext.bnf.fr/iiif/presentation/v3/ark:/12148/bd6t531832n/manifest.json'
For more information check: https://developer.mozilla.org/en-US/docs/Web/HTTP/Status/403",2026-07-17T12:15:36.211962
combat,bd6t5318330,,failed,0,0,,http_manifest,known,403,manifest,"Client error '403 ' for url 'https://openapiproext.bnf.fr/iiif/presentation/v3/ark:/12148/bd6t5318330/manifest.json'
For more information check: https://developer.mozilla.org/en-US/docs/Web/HTTP/Status/403",2026-07-17T12:15:37.406415
combat,bd6t531834b,,failed,0,0,,http_manifest,known,403,manifest,"Client error '403 ' for url 'https://openapiproext.bnf.fr/iiif/presentation/v3/ark:/12148/bd6t531834b/manifest.json'
For more information check: https://developer.mozilla.org/en-US/docs/Web/HTTP/Status/403",2026-07-17T12:15:38.611961
combat,bd6t531835p,,failed,0,0,,http_manifest,known,403,manifest,"Client error '403 ' for url 'https://openapiproext.bnf.fr/iiif/presentation/v3/ark:/12148/bd6t531835p/manifest.json'
For more information check: https://developer.mozilla.org/en-US/docs/Web/HTTP/Status/403",2026-07-17T12:15:39.806668
combat,bd6t5318361,,failed,0,0,,http_manifest,known,403,manifest,"Client error '403 ' for url 'https://openapiproext.bnf.fr/iiif/presentation/v3/ark:/12148/bd6t5318361/manifest.json'
For more information check: https://developer.mozilla.org/en-US/docs/Web/HTTP/Status/403",2026-07-17T12:15:41.016020
combat,bd6t531837c,,failed,0,0,,http_manifest,known,403,manifest,"Client error '403 ' for url 'https://openapiproext.bnf.fr/iiif/presentation/v3/ark:/12148/bd6t531837c/manifest.json'
For more information check: https://developer.mozilla.org/en-US/docs/Web/HTTP/Status/403",2026-07-17T12:15:42.210798
combat,bd6t531838q,,failed,0,0,,http_manifest,known,403,manifest,"Client error '403 ' for url 'https://openapiproext.bnf.fr/iiif/presentation/v3/ark:/12148/bd6t531838q/manifest.json'
For more information check: https://developer.mozilla.org/en-US/docs/Web/HTTP/Status/403",2026-07-17T12:15:43.424191
combat,bd6t5318392,,failed,0,0,,http_manifest,known,403,manifest,"Client error '403 ' for url 'https://openapiproext.bnf.fr/iiif/presentation/v3/ark:/12148/bd6t5318392/manifest.json'
For more information check: https://developer.mozilla.org/en-US/docs/Web/HTTP/Status/403",2026-07-17T12:15:44.615963
combat,bd6t5318408,,failed,0,0,,http_manifest,known,403,manifest,"Client error '403 ' for url 'https://openapiproext.bnf.fr/iiif/presentation/v3/ark:/12148/bd6t5318408/manifest.json'
For more information check: https://developer.mozilla.org/en-US/docs/Web/HTTP/Status/403",2026-07-17T12:15:45.816854
combat,bd6t531841m,,failed,0,0,,http_manifest,known,403,manifest,"Client error '403 ' for url 'https://openapiproext.bnf.fr/iiif/presentation/v3/ark:/12148/bd6t531841m/manifest.json'
For more information check: https://developer.mozilla.org/en-US/docs/Web/HTTP/Status/403",2026-07-17T12:15:47.017693
combat,bd6t531842z,,failed,0,0,,http_manifest,known,403,manifest,"Client error '403 ' for url 'https://openapiproext.bnf.fr/iiif/presentation/v3/ark:/12148/bd6t531842z/manifest.json'
For more information check: https://developer.mozilla.org/en-US/docs/Web/HTTP/Status/403",2026-07-17T12:15:48.246179
combat,bd6t5318439,,failed,0,0,,http_manifest,known,403,manifest,"Client error '403 ' for url 'https://openapiproext.bnf.fr/iiif/presentation/v3/ark:/12148/bd6t5318439/manifest.json'
For more information check: https://developer.mozilla.org/en-US/docs/Web/HTTP/Status/403",2026-07-17T12:15:49.421988
combat,bd6t531844n,,failed,0,0,,http_manifest,known,403,manifest,"Client error '403 ' for url 'https://openapiproext.bnf.fr/iiif/presentation/v3/ark:/12148/bd6t531844n/manifest.json'
For more information check: https://developer.mozilla.org/en-US/docs/Web/HTTP/Status/403",2026-07-17T12:15:50.629229
combat,bd6t5318450,,failed,0,0,,http_manifest,known,403,manifest,"Client error '403 ' for url 'https://openapiproext.bnf.fr/iiif/presentation/v3/ark:/12148/bd6t5318450/manifest.json'
For more information check: https://developer.mozilla.org/en-US/docs/Web/HTTP/Status/403",2026-07-17T12:15:51.952378
combat,bd6t531846b,,failed,0,0,,http_manifest,known,403,manifest,"Client error '403 ' for url 'https://openapiproext.bnf.fr/iiif/presentation/v3/ark:/12148/bd6t531846b/manifest.json'
For more information check: https://developer.mozilla.org/en-US/docs/Web/HTTP/Status/403",2026-07-17T12:15:53.023961
combat,bd6t531847p,,failed,0,0,,http_manifest,known,403,manifest,"Client error '403 ' for url 'https://openapiproext.bnf.fr/iiif/presentation/v3/ark:/12148/bd6t531847p/manifest.json'
For more information check: https://developer.mozilla.org/en-US/docs/Web/HTTP/Status/403",2026-07-17T12:15:54.258615
combat,bd6t5318481,,failed,0,0,,http_manifest,known,403,manifest,"Client error '403 ' for url 'https://openapiproext.bnf.fr/iiif/presentation/v3/ark:/12148/bd6t5318481/manifest.json'
For more information check: https://developer.mozilla.org/en-US/docs/Web/HTTP/Status/403",2026-07-17T12:15:55.430063
combat,bd6t531849c,,failed,0,0,,http_manifest,known,403,manifest,"Client error '403 ' for url 'https://openapiproext.bnf.fr/iiif/presentation/v3/ark:/12148/bd6t531849c/manifest.json'
For more information check: https://developer.mozilla.org/en-US/docs/Web/HTTP/Status/403",2026-07-17T12:15:56.630563
combat,bd6t531850k,,failed,0,0,,http_manifest,known,403,manifest,"Client error '403 ' for url 'https://openapiproext.bnf.fr/iiif/presentation/v3/ark:/12148/bd6t531850k/manifest.json'
For more information check: https://developer.mozilla.org/en-US/docs/Web/HTTP/Status/403",2026-07-17T12:15:58.012246
combat,bd6t531851x,,failed,0,0,,http_manifest,known,403,manifest,"Client error '403 ' for url 'https://openapiproext.bnf.fr/iiif/presentation/v3/ark:/12148/bd6t531851x/manifest.json'
For more information check: https://developer.mozilla.org/en-US/docs/Web/HTTP/Status/403",2026-07-17T12:15:59.036290
combat,bd6t5318528,,failed,0,0,,http_manifest,known,403,manifest,"Client error '403 ' for url 'https://openapiproext.bnf.fr/iiif/presentation/v3/ark:/12148/bd6t5318528/manifest.json'
For more information check: https://developer.mozilla.org/en-US/docs/Web/HTTP/Status/403",2026-07-17T12:16:00.245577
combat,bd6t531853m,,failed,0,0,,http_manifest,known,403,manifest,"Client error '403 ' for url 'https://openapiproext.bnf.fr/iiif/presentation/v3/ark:/12148/bd6t531853m/manifest.json'
For more information check: https://developer.mozilla.org/en-US/docs/Web/HTTP/Status/403",2026-07-17T12:16:01.441335
combat,bd6t531854z,,failed,0,0,,http_manifest,known,403,manifest,"Client error '403 ' for url 'https://openapiproext.bnf.fr/iiif/presentation/v3/ark:/12148/bd6t531854z/manifest.json'
For more information check: https://developer.mozilla.org/en-US/docs/Web/HTTP/Status/403",2026-07-17T12:16:02.640474
combat,bd6t5318559,,failed,0,0,,http_manifest,known,403,manifest,"Client error '403 ' for url 'https://openapiproext.bnf.fr/iiif/presentation/v3/ark:/12148/bd6t5318559/manifest.json'
For more information check: https://developer.mozilla.org/en-US/docs/Web/HTTP/Status/403",2026-07-17T12:16:04.020639
combat,bd6t531856n,,failed,0,0,,http_manifest,known,403,manifest,"Client error '403 ' for url 'https://openapiproext.bnf.fr/iiif/presentation/v3/ark:/12148/bd6t531856n/manifest.json'
For more information check: https://developer.mozilla.org/en-US/docs/Web/HTTP/Status/403",2026-07-17T12:16:05.068274
combat,bd6t5318570,,failed,0,0,,http_manifest,known,403,manifest,"Client error '403 ' for url 'https://openapiproext.bnf.fr/iiif/presentation/v3/ark:/12148/bd6t5318570/manifest.json'
For more information check: https://developer.mozilla.org/en-US/docs/Web/HTTP/Status/403",2026-07-17T12:16:06.285529
combat,bd6t531858b,,failed,0,0,,http_manifest,known,403,manifest,"Client error '403 ' for url 'https://openapiproext.bnf.fr/iiif/presentation/v3/ark:/12148/bd6t531858b/manifest.json'
For more information check: https://developer.mozilla.org/en-US/docs/Web/HTTP/Status/403",2026-07-17T12:16:07.474076
combat,bd6t531859p,,failed,0,0,,http_manifest,known,403,manifest,"Client error '403 ' for url 'https://openapiproext.bnf.fr/iiif/presentation/v3/ark:/12148/bd6t531859p/manifest.json'
For more information check: https://developer.mozilla.org/en-US/docs/Web/HTTP/Status/403",2026-07-17T12:16:08.648975
combat,bd6t531860w,,failed,0,0,,http_manifest,known,403,manifest,"Client error '403 ' for url 'https://openapiproext.bnf.fr/iiif/presentation/v3/ark:/12148/bd6t531860w/manifest.json'
For more information check: https://developer.mozilla.org/en-US/docs/Web/HTTP/Status/403",2026-07-17T12:16:10.029696
combat,bd6t5318617,,failed,0,0,,http_manifest,known,403,manifest,"Client error '403 ' for url 'https://openapiproext.bnf.fr/iiif/presentation/v3/ark:/12148/bd6t5318617/manifest.json'
For more information check: https://developer.mozilla.org/en-US/docs/Web/HTTP/Status/403",2026-07-17T12:16:11.163767
combat,bd6t531862k,,failed,0,0,,http_manifest,known,403,manifest,"Client error '403 ' for url 'https://openapiproext.bnf.fr/iiif/presentation/v3/ark:/12148/bd6t531862k/manifest.json'
For more information check: https://developer.mozilla.org/en-US/docs/Web/HTTP/Status/403",2026-07-17T12:16:12.261939
combat,bd6t531863x,,failed,0,0,,http_manifest,known,403,manifest,"Client error '403 ' for url 'https://openapiproext.bnf.fr/iiif/presentation/v3/ark:/12148/bd6t531863x/manifest.json'
For more information check: https://developer.mozilla.org/en-US/docs/Web/HTTP/Status/403",2026-07-17T12:16:13.695575
combat,bd6t5318648,,failed,0,0,,http_manifest,known,403,manifest,"Client error '403 ' for url 'https://openapiproext.bnf.fr/iiif/presentation/v3/ark:/12148/bd6t5318648/manifest.json'
For more information check: https://developer.mozilla.org/en-US/docs/Web/HTTP/Status/403",2026-07-17T12:16:14.702249
combat,bd6t531865m,,failed,0,0,,http_manifest,known,403,manifest,"Client error '403 ' for url 'https://openapiproext.bnf.fr/iiif/presentation/v3/ark:/12148/bd6t531865m/manifest.json'
For more information check: https://developer.mozilla.org/en-US/docs/Web/HTTP/Status/403",2026-07-17T12:16:15.874848
combat,bd6t531866z,,failed,0,0,,http_manifest,known,403,manifest,"Client error '403 ' for url 'https://openapiproext.bnf.fr/iiif/presentation/v3/ark:/12148/bd6t531866z/manifest.json'
For more information check: https://developer.mozilla.org/en-US/docs/Web/HTTP/Status/403",2026-07-17T12:16:17.183967
combat,bd6t5318679,,failed,0,0,,http_manifest,known,403,manifest,"Client error '403 ' for url 'https://openapiproext.bnf.fr/iiif/presentation/v3/ark:/12148/bd6t5318679/manifest.json'
For more information check: https://developer.mozilla.org/en-US/docs/Web/HTTP/Status/403",2026-07-17T12:16:18.601210
combat,bd6t531868n,,failed,0,0,,http_manifest,known,403,manifest,"Client error '403 ' for url 'https://openapiproext.bnf.fr/iiif/presentation/v3/ark:/12148/bd6t531868n/manifest.json'
For more information check: https://developer.mozilla.org/en-US/docs/Web/HTTP/Status/403",2026-07-17T12:16:19.464370
combat,bd6t5318690,,failed,0,0,,http_manifest,known,403,manifest,"Client error '403 ' for url 'https://openapiproext.bnf.fr/iiif/presentation/v3/ark:/12148/bd6t5318690/manifest.json'
For more information check: https://developer.mozilla.org/en-US/docs/Web/HTTP/Status/403",2026-07-17T12:16:20.663659
combat,bd6t5318706,,failed,0,0,,http_manifest,known,403,manifest,"Client error '403 ' for url 'https://openapiproext.bnf.fr/iiif/presentation/v3/ark:/12148/bd6t5318706/manifest.json'
For more information check: https://developer.mozilla.org/en-US/docs/Web/HTTP/Status/403",2026-07-17T12:16:21.864027
combat,bd6t531871j,,failed,0,0,,http_manifest,known,403,manifest,"Client error '403 ' for url 'https://openapiproext.bnf.fr/iiif/presentation/v3/ark:/12148/bd6t531871j/manifest.json'
For more information check: https://developer.mozilla.org/en-US/docs/Web/HTTP/Status/403",2026-07-17T12:16:23.065423
combat,bd6t531872w,,failed,0,0,,http_manifest,known,403,manifest,"Client error '403 ' for url 'https://openapiproext.bnf.fr/iiif/presentation/v3/ark:/12148/bd6t531872w/manifest.json'
For more information check: https://developer.mozilla.org/en-US/docs/Web/HTTP/Status/403",2026-07-17T12:16:24.264018
combat,bd6t5318737,,failed,0,0,,http_manifest,known,403,manifest,"Client error '403 ' for url 'https://openapiproext.bnf.fr/iiif/presentation/v3/ark:/12148/bd6t5318737/manifest.json'
For more information check: https://developer.mozilla.org/en-US/docs/Web/HTTP/Status/403",2026-07-17T12:16:25.484815
combat,bd6t531874k,,failed,0,0,,http_manifest,known,403,manifest,"Client error '403 ' for url 'https://openapiproext.bnf.fr/iiif/presentation/v3/ark:/12148/bd6t531874k/manifest.json'
For more information check: https://developer.mozilla.org/en-US/docs/Web/HTTP/Status/403",2026-07-17T12:16:26.670233
combat,bd6t531875x,,failed,0,0,,http_manifest,known,403,manifest,"Client error '403 ' for url 'https://openapiproext.bnf.fr/iiif/presentation/v3/ark:/12148/bd6t531875x/manifest.json'
For more information check: https://developer.mozilla.org/en-US/docs/Web/HTTP/Status/403",2026-07-17T12:16:27.871701
combat,bd6t5318768,,failed,0,0,,http_manifest,known,403,manifest,"Client error '403 ' for url 'https://openapiproext.bnf.fr/iiif/presentation/v3/ark:/12148/bd6t5318768/manifest.json'
For more information check: https://developer.mozilla.org/en-US/docs/Web/HTTP/Status/403",2026-07-17T12:16:29.095009
combat,bd6t531877m,,failed,0,0,,http_manifest,known,403,manifest,"Client error '403 ' for url 'https://openapiproext.bnf.fr/iiif/presentation/v3/ark:/12148/bd6t531877m/manifest.json'
For more information check: https://developer.mozilla.org/en-US/docs/Web/HTTP/Status/403",2026-07-17T12:16:30.291623
combat,bd6t531878z,,failed,0,0,,http_manifest,known,403,manifest,"Client error '403 ' for url 'https://openapiproext.bnf.fr/iiif/presentation/v3/ark:/12148/bd6t531878z/manifest.json'
For more information check: https://developer.mozilla.org/en-US/docs/Web/HTTP/Status/403",2026-07-17T12:16:31.477487
combat,bd6t5318799,,failed,0,0,,http_manifest,known,403,manifest,"Client error '403 ' for url 'https://openapiproext.bnf.fr/iiif/presentation/v3/ark:/12148/bd6t5318799/manifest.json'
For more information check: https://developer.mozilla.org/en-US/docs/Web/HTTP/Status/403",2026-07-17T12:16:32.680235
combat,bd6t531880h,,failed,0,0,,http_manifest,known,403,manifest,"Client error '403 ' for url 'https://openapiproext.bnf.fr/iiif/presentation/v3/ark:/12148/bd6t531880h/manifest.json'
For more information check: https://developer.mozilla.org/en-US/docs/Web/HTTP/Status/403",2026-07-17T12:16:33.881061
combat,bd6t531881v,,failed,0,0,,http_manifest,known,403,manifest,"Client error '403 ' for url 'https://openapiproext.bnf.fr/iiif/presentation/v3/ark:/12148/bd6t531881v/manifest.json'
For more information check: https://developer.mozilla.org/en-US/docs/Web/HTTP/Status/403",2026-07-17T12:16:35.104673
combat,bd6t5318826,,failed,0,0,,http_manifest,known,403,manifest,"Client error '403 ' for url 'https://openapiproext.bnf.fr/iiif/presentation/v3/ark:/12148/bd6t5318826/manifest.json'
For more information check: https://developer.mozilla.org/en-US/docs/Web/HTTP/Status/403",2026-07-17T12:16:36.283068
combat,bd6t531883j,,failed,0,0,,http_manifest,known,403,manifest,"Client error '403 ' for url 'https://openapiproext.bnf.fr/iiif/presentation/v3/ark:/12148/bd6t531883j/manifest.json'
For more information check: https://developer.mozilla.org/en-US/docs/Web/HTTP/Status/403",2026-07-17T12:16:37.490283
combat,bd6t531884w,,failed,0,0,,http_manifest,known,403,manifest,"Client error '403 ' for url 'https://openapiproext.bnf.fr/iiif/presentation/v3/ark:/12148/bd6t531884w/manifest.json'
For more information check: https://developer.mozilla.org/en-US/docs/Web/HTTP/Status/403",2026-07-17T12:16:38.689879
combat,bd6t5318857,,failed,0,0,,http_manifest,known,403,manifest,"Client error '403 ' for url 'https://openapiproext.bnf.fr/iiif/presentation/v3/ark:/12148/bd6t5318857/manifest.json'
For more information check: https://developer.mozilla.org/en-US/docs/Web/HTTP/Status/403",2026-07-17T12:16:39.889888
combat,bd6t531886k,,failed,0,0,,http_manifest,known,403,manifest,"Client error '403 ' for url 'https://openapiproext.bnf.fr/iiif/presentation/v3/ark:/12148/bd6t531886k/manifest.json'
For more information check: https://developer.mozilla.org/en-US/docs/Web/HTTP/Status/403",2026-07-17T12:16:41.094166
combat,bd6t531887x,,failed,0,0,,http_manifest,known,403,manifest,"Client error '403 ' for url 'https://openapiproext.bnf.fr/iiif/presentation/v3/ark:/12148/bd6t531887x/manifest.json'
For more information check: https://developer.mozilla.org/en-US/docs/Web/HTTP/Status/403",2026-07-17T12:16:42.305676
combat,bd6t5318888,,failed,0,0,,http_manifest,known,403,manifest,"Client error '403 ' for url 'https://openapiproext.bnf.fr/iiif/presentation/v3/ark:/12148/bd6t5318888/manifest.json'
For more information check: https://developer.mozilla.org/en-US/docs/Web/HTTP/Status/403",2026-07-17T12:16:43.500932
combat,bd6t531889m,,failed,0,0,,http_manifest,known,403,manifest,"Client error '403 ' for url 'https://openapiproext.bnf.fr/iiif/presentation/v3/ark:/12148/bd6t531889m/manifest.json'
For more information check: https://developer.mozilla.org/en-US/docs/Web/HTTP/Status/403",2026-07-17T12:16:44.701643
combat,bd6t531890t,,failed,0,0,,http_manifest,known,403,manifest,"Client error '403 ' for url 'https://openapiproext.bnf.fr/iiif/presentation/v3/ark:/12148/bd6t531890t/manifest.json'
For more information check: https://developer.mozilla.org/en-US/docs/Web/HTTP/Status/403",2026-07-17T12:16:45.905333
combat,bd6t5318915,,failed,0,0,,http_manifest,known,403,manifest,"Client error '403 ' for url 'https://openapiproext.bnf.fr/iiif/presentation/v3/ark:/12148/bd6t5318915/manifest.json'
For more information check: https://developer.mozilla.org/en-US/docs/Web/HTTP/Status/403",2026-07-17T12:16:47.133029
combat,bd6t531892h,,failed,0,0,,http_manifest,known,403,manifest,"Client error '403 ' for url 'https://openapiproext.bnf.fr/iiif/presentation/v3/ark:/12148/bd6t531892h/manifest.json'
For more information check: https://developer.mozilla.org/en-US/docs/Web/HTTP/Status/403",2026-07-17T12:16:48.310768
combat,bd6t531893v,,failed,0,0,,http_manifest,known,403,manifest,"Client error '403 ' for url 'https://openapiproext.bnf.fr/iiif/presentation/v3/ark:/12148/bd6t531893v/manifest.json'
For more information check: https://developer.mozilla.org/en-US/docs/Web/HTTP/Status/403",2026-07-17T12:16:49.513521
combat,bd6t5318946,,failed,0,0,,http_manifest,known,403,manifest,"Client error '403 ' for url 'https://openapiproext.bnf.fr/iiif/presentation/v3/ark:/12148/bd6t5318946/manifest.json'
For more information check: https://developer.mozilla.org/en-US/docs/Web/HTTP/Status/403",2026-07-17T12:16:50.712171
combat,bd6t531895j,,failed,0,0,,http_manifest,known,403,manifest,"Client error '403 ' for url 'https://openapiproext.bnf.fr/iiif/presentation/v3/ark:/12148/bd6t531895j/manifest.json'
For more information check: https://developer.mozilla.org/en-US/docs/Web/HTTP/Status/403",2026-07-17T12:16:51.913817
combat,bd6t531896w,,failed,0,0,,http_manifest,known,403,manifest,"Client error '403 ' for url 'https://openapiproext.bnf.fr/iiif/presentation/v3/ark:/12148/bd6t531896w/manifest.json'
For more information check: https://developer.mozilla.org/en-US/docs/Web/HTTP/Status/403",2026-07-17T12:16:53.118513
combat,bd6t5318977,,failed,0,0,,http_manifest,known,403,manifest,"Client error '403 ' for url 'https://openapiproext.bnf.fr/iiif/presentation/v3/ark:/12148/bd6t5318977/manifest.json'
For more information check: https://developer.mozilla.org/en-US/docs/Web/HTTP/Status/403",2026-07-17T12:16:54.321093
combat,bd6t531898k,,failed,0,0,,http_manifest,known,403,manifest,"Client error '403 ' for url 'https://openapiproext.bnf.fr/iiif/presentation/v3/ark:/12148/bd6t531898k/manifest.json'
For more information check: https://developer.mozilla.org/en-US/docs/Web/HTTP/Status/403",2026-07-17T12:16:55.523055
combat,bd6t531899x,,failed,0,0,,http_manifest,known,403,manifest,"Client error '403 ' for url 'https://openapiproext.bnf.fr/iiif/presentation/v3/ark:/12148/bd6t531899x/manifest.json'
For more information check: https://developer.mozilla.org/en-US/docs/Web/HTTP/Status/403",2026-07-17T12:16:56.718687
combat,bd6t5319009,,failed,0,0,,http_manifest,known,403,manifest,"Client error '403 ' for url 'https://openapiproext.bnf.fr/iiif/presentation/v3/ark:/12148/bd6t5319009/manifest.json'
For more information check: https://developer.mozilla.org/en-US/docs/Web/HTTP/Status/403",2026-07-17T12:16:57.958368
combat,bd6t531901n,,failed,0,0,,http_manifest,known,403,manifest,"Client error '403 ' for url 'https://openapiproext.bnf.fr/iiif/presentation/v3/ark:/12148/bd6t531901n/manifest.json'
For more information check: https://developer.mozilla.org/en-US/docs/Web/HTTP/Status/403",2026-07-17T12:16:59.239146
combat,bd6t5319020,,failed,0,0,,http_manifest,known,403,manifest,"Client error '403 ' for url 'https://openapiproext.bnf.fr/iiif/presentation/v3/ark:/12148/bd6t5319020/manifest.json'
For more information check: https://developer.mozilla.org/en-US/docs/Web/HTTP/Status/403",2026-07-17T12:17:00.323528
combat,bd6t531903b,,failed,0,0,,http_manifest,known,403,manifest,"Client error '403 ' for url 'https://openapiproext.bnf.fr/iiif/presentation/v3/ark:/12148/bd6t531903b/manifest.json'
For more information check: https://developer.mozilla.org/en-US/docs/Web/HTTP/Status/403",2026-07-17T12:17:01.765692
combat,bd6t531904p,,failed,0,0,,http_manifest,known,403,manifest,"Client error '403 ' for url 'https://openapiproext.bnf.fr/iiif/presentation/v3/ark:/12148/bd6t531904p/manifest.json'
For more information check: https://developer.mozilla.org/en-US/docs/Web/HTTP/Status/403",2026-07-17T12:17:02.731587
combat,bd6t5319051,,failed,0,0,,http_manifest,known,403,manifest,"Client error '403 ' for url 'https://openapiproext.bnf.fr/iiif/presentation/v3/ark:/12148/bd6t5319051/manifest.json'
For more information check: https://developer.mozilla.org/en-US/docs/Web/HTTP/Status/403",2026-07-17T12:17:03.932676
combat,bd6t531906c,,failed,0,0,,http_manifest,known,403,manifest,"Client error '403 ' for url 'https://openapiproext.bnf.fr/iiif/presentation/v3/ark:/12148/bd6t531906c/manifest.json'
For more information check: https://developer.mozilla.org/en-US/docs/Web/HTTP/Status/403",2026-07-17T12:17:05.229494
combat,bd6t531907q,,failed,0,0,,http_manifest,known,403,manifest,"Client error '403 ' for url 'https://openapiproext.bnf.fr/iiif/presentation/v3/ark:/12148/bd6t531907q/manifest.json'
For more information check: https://developer.mozilla.org/en-US/docs/Web/HTTP/Status/403",2026-07-17T12:17:06.340434
combat,bd6t5319082,,failed,0,0,,http_manifest,known,403,manifest,"Client error '403 ' for url 'https://openapiproext.bnf.fr/iiif/presentation/v3/ark:/12148/bd6t5319082/manifest.json'
For more information check: https://developer.mozilla.org/en-US/docs/Web/HTTP/Status/403",2026-07-17T12:17:07.682283
combat,bd6t531909d,,failed,0,0,,http_manifest,known,403,manifest,"Client error '403 ' for url 'https://openapiproext.bnf.fr/iiif/presentation/v3/ark:/12148/bd6t531909d/manifest.json'
For more information check: https://developer.mozilla.org/en-US/docs/Web/HTTP/Status/403",2026-07-17T12:17:08.739043
combat,bd6t531910m,,failed,0,0,,http_manifest,known,403,manifest,"Client error '403 ' for url 'https://openapiproext.bnf.fr/iiif/presentation/v3/ark:/12148/bd6t531910m/manifest.json'
For more information check: https://developer.mozilla.org/en-US/docs/Web/HTTP/Status/403",2026-07-17T12:17:10.155738
combat,bd6t531911z,,failed,0,0,,http_manifest,known,403,manifest,"Client error '403 ' for url 'https://openapiproext.bnf.fr/iiif/presentation/v3/ark:/12148/bd6t531911z/manifest.json'
For more information check: https://developer.mozilla.org/en-US/docs/Web/HTTP/Status/403",2026-07-17T12:17:11.297472
combat,bd6t5319129,,failed,0,0,,http_manifest,known,403,manifest,"Client error '403 ' for url 'https://openapiproext.bnf.fr/iiif/presentation/v3/ark:/12148/bd6t5319129/manifest.json'
For more information check: https://developer.mozilla.org/en-US/docs/Web/HTTP/Status/403",2026-07-17T12:17:12.347758
combat,bd6t531913n,,failed,0,0,,http_manifest,known,403,manifest,"Client error '403 ' for url 'https://openapiproext.bnf.fr/iiif/presentation/v3/ark:/12148/bd6t531913n/manifest.json'
For more information check: https://developer.mozilla.org/en-US/docs/Web/HTTP/Status/403",2026-07-17T12:17:13.687519
combat,bd6t5317102,,failed,0,0,,http_manifest,known,403,manifest,"Client error '403 ' for url 'https://openapiproext.bnf.fr/iiif/presentation/v3/ark:/12148/bd6t5317102/manifest.json'
For more information check: https://developer.mozilla.org/en-US/docs/Web/HTTP/Status/403",2026-07-17T12:17:14.747278
combat,bd6t531711d,,failed,0,0,,http_manifest,known,403,manifest,"Client error '403 ' for url 'https://openapiproext.bnf.fr/iiif/presentation/v3/ark:/12148/bd6t531711d/manifest.json'
For more information check: https://developer.mozilla.org/en-US/docs/Web/HTTP/Status/403",2026-07-17T12:17:15.951104
combat,bd6t531712r,,failed,0,0,,http_manifest,known,403,manifest,"Client error '403 ' for url 'https://openapiproext.bnf.fr/iiif/presentation/v3/ark:/12148/bd6t531712r/manifest.json'
For more information check: https://developer.mozilla.org/en-US/docs/Web/HTTP/Status/403",2026-07-17T12:17:17.376142
combat,bd6t5317133,,failed,0,0,,http_manifest,known,403,manifest,"Client error '403 ' for url 'https://openapiproext.bnf.fr/iiif/presentation/v3/ark:/12148/bd6t5317133/manifest.json'
For more information check: https://developer.mozilla.org/en-US/docs/Web/HTTP/Status/403",2026-07-17T12:17:18.481778
combat,bd6t531714f,,failed,0,0,,http_manifest,known,403,manifest,"Client error '403 ' for url 'https://openapiproext.bnf.fr/iiif/presentation/v3/ark:/12148/bd6t531714f/manifest.json'
For more information check: https://developer.mozilla.org/en-US/docs/Web/HTTP/Status/403",2026-07-17T12:17:19.558422
combat,bd6t531715s,,failed,0,0,,http_manifest,known,403,manifest,"Client error '403 ' for url 'https://openapiproext.bnf.fr/iiif/presentation/v3/ark:/12148/bd6t531715s/manifest.json'
For more information check: https://developer.mozilla.org/en-US/docs/Web/HTTP/Status/403",2026-07-17T12:17:20.758198
combat,bd6t5317164,,failed,0,0,,http_manifest,known,403,manifest,"Client error '403 ' for url 'https://openapiproext.bnf.fr/iiif/presentation/v3/ark:/12148/bd6t5317164/manifest.json'
For more information check: https://developer.mozilla.org/en-US/docs/Web/HTTP/Status/403",2026-07-17T12:17:22.179575
combat,bd6t531717g,,failed,0,0,,http_manifest,known,403,manifest,"Client error '403 ' for url 'https://openapiproext.bnf.fr/iiif/presentation/v3/ark:/12148/bd6t531717g/manifest.json'
For more information check: https://developer.mozilla.org/en-US/docs/Web/HTTP/Status/403",2026-07-17T12:17:23.158991
combat,bd6t531718t,,failed,0,0,,http_manifest,known,403,manifest,"Client error '403 ' for url 'https://openapiproext.bnf.fr/iiif/presentation/v3/ark:/12148/bd6t531718t/manifest.json'
For more information check: https://developer.mozilla.org/en-US/docs/Web/HTTP/Status/403",2026-07-17T12:17:24.372748
combat,bd6t5317195,,failed,0,0,,http_manifest,known,403,manifest,"Client error '403 ' for url 'https://openapiproext.bnf.fr/iiif/presentation/v3/ark:/12148/bd6t5317195/manifest.json'
For more information check: https://developer.mozilla.org/en-US/docs/Web/HTTP/Status/403",2026-07-17T12:17:25.565555
combat,bd6t531720c,,failed,0,0,,http_manifest,known,403,manifest,"Client error '403 ' for url 'https://openapiproext.bnf.fr/iiif/presentation/v3/ark:/12148/bd6t531720c/manifest.json'
For more information check: https://developer.mozilla.org/en-US/docs/Web/HTTP/Status/403",2026-07-17T12:17:26.765364
combat,bd6t531721q,,failed,0,0,,http_manifest,known,403,manifest,"Client error '403 ' for url 'https://openapiproext.bnf.fr/iiif/presentation/v3/ark:/12148/bd6t531721q/manifest.json'
For more information check: https://developer.mozilla.org/en-US/docs/Web/HTTP/Status/403",2026-07-17T12:17:27.966561
combat,bd6t5317222,,failed,0,0,,http_manifest,known,403,manifest,"Client error '403 ' for url 'https://openapiproext.bnf.fr/iiif/presentation/v3/ark:/12148/bd6t5317222/manifest.json'
For more information check: https://developer.mozilla.org/en-US/docs/Web/HTTP/Status/403",2026-07-17T12:17:29.193361
combat,bd6t531723d,,failed,0,0,,http_manifest,known,403,manifest,"Client error '403 ' for url 'https://openapiproext.bnf.fr/iiif/presentation/v3/ark:/12148/bd6t531723d/manifest.json'
For more information check: https://developer.mozilla.org/en-US/docs/Web/HTTP/Status/403",2026-07-17T12:17:30.369482
combat,bd6t531724r,,failed,0,0,,http_manifest,known,403,manifest,"Client error '403 ' for url 'https://openapiproext.bnf.fr/iiif/presentation/v3/ark:/12148/bd6t531724r/manifest.json'
For more information check: https://developer.mozilla.org/en-US/docs/Web/HTTP/Status/403",2026-07-17T12:17:31.569247
combat,bd6t5317253,,failed,0,0,,http_manifest,known,403,manifest,"Client error '403 ' for url 'https://openapiproext.bnf.fr/iiif/presentation/v3/ark:/12148/bd6t5317253/manifest.json'
For more information check: https://developer.mozilla.org/en-US/docs/Web/HTTP/Status/403",2026-07-17T12:17:32.773420
combat,bd6t531726f,,failed,0,0,,http_manifest,known,403,manifest,"Client error '403 ' for url 'https://openapiproext.bnf.fr/iiif/presentation/v3/ark:/12148/bd6t531726f/manifest.json'
For more information check: https://developer.mozilla.org/en-US/docs/Web/HTTP/Status/403",2026-07-17T12:17:33.973131
combat,bd6t531727s,,failed,0,0,,http_manifest,known,403,manifest,"Client error '403 ' for url 'https://openapiproext.bnf.fr/iiif/presentation/v3/ark:/12148/bd6t531727s/manifest.json'
For more information check: https://developer.mozilla.org/en-US/docs/Web/HTTP/Status/403",2026-07-17T12:17:35.200714
combat,bd6t5317284,,failed,0,0,,http_manifest,known,403,manifest,"Client error '403 ' for url 'https://openapiproext.bnf.fr/iiif/presentation/v3/ark:/12148/bd6t5317284/manifest.json'
For more information check: https://developer.mozilla.org/en-US/docs/Web/HTTP/Status/403",2026-07-17T12:17:36.377276
combat,bd6t531729g,,failed,0,0,,http_manifest,known,403,manifest,"Client error '403 ' for url 'https://openapiproext.bnf.fr/iiif/presentation/v3/ark:/12148/bd6t531729g/manifest.json'
For more information check: https://developer.mozilla.org/en-US/docs/Web/HTTP/Status/403",2026-07-17T12:17:37.583617
combat,bd6t531730p,,failed,0,0,,http_manifest,known,403,manifest,"Client error '403 ' for url 'https://openapiproext.bnf.fr/iiif/presentation/v3/ark:/12148/bd6t531730p/manifest.json'
For more information check: https://developer.mozilla.org/en-US/docs/Web/HTTP/Status/403",2026-07-17T12:17:38.780470
combat,bd6t5317311,,failed,0,0,,http_manifest,known,403,manifest,"Client error '403 ' for url 'https://openapiproext.bnf.fr/iiif/presentation/v3/ark:/12148/bd6t5317311/manifest.json'
For more information check: https://developer.mozilla.org/en-US/docs/Web/HTTP/Status/403",2026-07-17T12:17:39.988088
combat,bd6t531732c,,failed,0,0,,http_manifest,known,403,manifest,"Client error '403 ' for url 'https://openapiproext.bnf.fr/iiif/presentation/v3/ark:/12148/bd6t531732c/manifest.json'
For more information check: https://developer.mozilla.org/en-US/docs/Web/HTTP/Status/403",2026-07-17T12:17:41.192719
combat,bd6t531733q,,failed,0,0,,http_manifest,known,403,manifest,"Client error '403 ' for url 'https://openapiproext.bnf.fr/iiif/presentation/v3/ark:/12148/bd6t531733q/manifest.json'
For more information check: https://developer.mozilla.org/en-US/docs/Web/HTTP/Status/403",2026-07-17T12:17:42.393068
combat,bd6t5317342,,failed,0,0,,http_manifest,known,403,manifest,"Client error '403 ' for url 'https://openapiproext.bnf.fr/iiif/presentation/v3/ark:/12148/bd6t5317342/manifest.json'
For more information check: https://developer.mozilla.org/en-US/docs/Web/HTTP/Status/403",2026-07-17T12:17:43.593999
combat,bd6t531735d,,failed,0,0,,http_manifest,known,403,manifest,"Client error '403 ' for url 'https://openapiproext.bnf.fr/iiif/presentation/v3/ark:/12148/bd6t531735d/manifest.json'
For more information check: https://developer.mozilla.org/en-US/docs/Web/HTTP/Status/403",2026-07-17T12:17:44.795027
combat,bd6t531736r,,failed,0,0,,http_manifest,known,403,manifest,"Client error '403 ' for url 'https://openapiproext.bnf.fr/iiif/presentation/v3/ark:/12148/bd6t531736r/manifest.json'
For more information check: https://developer.mozilla.org/en-US/docs/Web/HTTP/Status/403",2026-07-17T12:17:45.995573
combat,bd6t5317373,,failed,0,0,,http_manifest,known,403,manifest,"Client error '403 ' for url 'https://openapiproext.bnf.fr/iiif/presentation/v3/ark:/12148/bd6t5317373/manifest.json'
For more information check: https://developer.mozilla.org/en-US/docs/Web/HTTP/Status/403",2026-07-17T12:17:47.223824
combat,bd6t531738f,,failed,0,0,,http_manifest,known,403,manifest,"Client error '403 ' for url 'https://openapiproext.bnf.fr/iiif/presentation/v3/ark:/12148/bd6t531738f/manifest.json'
For more information check: https://developer.mozilla.org/en-US/docs/Web/HTTP/Status/403",2026-07-17T12:17:48.400341
combat,bd6t531739s,,failed,0,0,,http_manifest,known,403,manifest,"Client error '403 ' for url 'https://openapiproext.bnf.fr/iiif/presentation/v3/ark:/12148/bd6t531739s/manifest.json'
For more information check: https://developer.mozilla.org/en-US/docs/Web/HTTP/Status/403",2026-07-17T12:17:49.602543
combat,bd6t5317400,,failed,0,0,,http_manifest,known,403,manifest,"Client error '403 ' for url 'https://openapiproext.bnf.fr/iiif/presentation/v3/ark:/12148/bd6t5317400/manifest.json'
For more information check: https://developer.mozilla.org/en-US/docs/Web/HTTP/Status/403",2026-07-17T12:17:50.799767
combat,bd6t531741b,,failed,0,0,,http_manifest,known,403,manifest,"Client error '403 ' for url 'https://openapiproext.bnf.fr/iiif/presentation/v3/ark:/12148/bd6t531741b/manifest.json'
For more information check: https://developer.mozilla.org/en-US/docs/Web/HTTP/Status/403",2026-07-17T12:17:52.002844
combat,bd6t531742p,,failed,0,0,,http_manifest,known,403,manifest,"Client error '403 ' for url 'https://openapiproext.bnf.fr/iiif/presentation/v3/ark:/12148/bd6t531742p/manifest.json'
For more information check: https://developer.mozilla.org/en-US/docs/Web/HTTP/Status/403",2026-07-17T12:17:53.203175
combat,bd6t5317431,,failed,0,0,,http_manifest,known,403,manifest,"Client error '403 ' for url 'https://openapiproext.bnf.fr/iiif/presentation/v3/ark:/12148/bd6t5317431/manifest.json'
For more information check: https://developer.mozilla.org/en-US/docs/Web/HTTP/Status/403",2026-07-17T12:17:54.410024
combat,bd6t531744c,,failed,0,0,,http_manifest,known,403,manifest,"Client error '403 ' for url 'https://openapiproext.bnf.fr/iiif/presentation/v3/ark:/12148/bd6t531744c/manifest.json'
For more information check: https://developer.mozilla.org/en-US/docs/Web/HTTP/Status/403",2026-07-17T12:17:55.614157
combat,bd6t531745q,,failed,0,0,,http_manifest,known,403,manifest,"Client error '403 ' for url 'https://openapiproext.bnf.fr/iiif/presentation/v3/ark:/12148/bd6t531745q/manifest.json'
For more information check: https://developer.mozilla.org/en-US/docs/Web/HTTP/Status/403",2026-07-17T12:17:56.811098
combat,bd6t5317462,,failed,0,0,,http_manifest,known,403,manifest,"Client error '403 ' for url 'https://openapiproext.bnf.fr/iiif/presentation/v3/ark:/12148/bd6t5317462/manifest.json'
For more information check: https://developer.mozilla.org/en-US/docs/Web/HTTP/Status/403",2026-07-17T12:17:58.015644
combat,bd6t531747d,,failed,0,0,,http_manifest,known,403,manifest,"Client error '403 ' for url 'https://openapiproext.bnf.fr/iiif/presentation/v3/ark:/12148/bd6t531747d/manifest.json'
For more information check: https://developer.mozilla.org/en-US/docs/Web/HTTP/Status/403",2026-07-17T12:17:59.237331
combat,bd6t531748r,,failed,0,0,,http_manifest,known,403,manifest,"Client error '403 ' for url 'https://openapiproext.bnf.fr/iiif/presentation/v3/ark:/12148/bd6t531748r/manifest.json'
For more information check: https://developer.mozilla.org/en-US/docs/Web/HTTP/Status/403",2026-07-17T12:18:00.424553
combat,bd6t5317493,,failed,0,0,,http_manifest,known,403,manifest,"Client error '403 ' for url 'https://openapiproext.bnf.fr/iiif/presentation/v3/ark:/12148/bd6t5317493/manifest.json'
For more information check: https://developer.mozilla.org/en-US/docs/Web/HTTP/Status/403",2026-07-17T12:18:01.619503
combat,bd6t5317509,,failed,0,0,,http_manifest,known,403,manifest,"Client error '403 ' for url 'https://openapiproext.bnf.fr/iiif/presentation/v3/ark:/12148/bd6t5317509/manifest.json'
For more information check: https://developer.mozilla.org/en-US/docs/Web/HTTP/Status/403",2026-07-17T12:18:02.821483
combat,bd6t531751n,,failed,0,0,,http_manifest,known,403,manifest,"Client error '403 ' for url 'https://openapiproext.bnf.fr/iiif/presentation/v3/ark:/12148/bd6t531751n/manifest.json'
For more information check: https://developer.mozilla.org/en-US/docs/Web/HTTP/Status/403",2026-07-17T12:18:04.307215
combat,bd6t5317520,,failed,0,0,,http_manifest,known,403,manifest,"Client error '403 ' for url 'https://openapiproext.bnf.fr/iiif/presentation/v3/ark:/12148/bd6t5317520/manifest.json'
For more information check: https://developer.mozilla.org/en-US/docs/Web/HTTP/Status/403",2026-07-17T12:18:05.402199
combat,bd6t531753b,,failed,0,0,,http_manifest,known,403,manifest,"Client error '403 ' for url 'https://openapiproext.bnf.fr/iiif/presentation/v3/ark:/12148/bd6t531753b/manifest.json'
For more information check: https://developer.mozilla.org/en-US/docs/Web/HTTP/Status/403",2026-07-17T12:18:06.506534
combat,bd6t531754p,,failed,0,0,,http_manifest,known,403,manifest,"Client error '403 ' for url 'https://openapiproext.bnf.fr/iiif/presentation/v3/ark:/12148/bd6t531754p/manifest.json'
For more information check: https://developer.mozilla.org/en-US/docs/Web/HTTP/Status/403",2026-07-17T12:18:07.773595
combat,bd6t5317551,,failed,0,0,,http_manifest,known,403,manifest,"Client error '403 ' for url 'https://openapiproext.bnf.fr/iiif/presentation/v3/ark:/12148/bd6t5317551/manifest.json'
For more information check: https://developer.mozilla.org/en-US/docs/Web/HTTP/Status/403",2026-07-17T12:18:08.825054
combat,bd6t531756c,,failed,0,0,,http_manifest,known,403,manifest,"Client error '403 ' for url 'https://openapiproext.bnf.fr/iiif/presentation/v3/ark:/12148/bd6t531756c/manifest.json'
For more information check: https://developer.mozilla.org/en-US/docs/Web/HTTP/Status/403",2026-07-17T12:18:10.032273
combat,bd6t531757q,,failed,0,0,,http_manifest,known,403,manifest,"Client error '403 ' for url 'https://openapiproext.bnf.fr/iiif/presentation/v3/ark:/12148/bd6t531757q/manifest.json'
For more information check: https://developer.mozilla.org/en-US/docs/Web/HTTP/Status/403",2026-07-17T12:18:11.233939
combat,bd6t5317582,,failed,0,0,,http_manifest,known,403,manifest,"Client error '403 ' for url 'https://openapiproext.bnf.fr/iiif/presentation/v3/ark:/12148/bd6t5317582/manifest.json'
For more information check: https://developer.mozilla.org/en-US/docs/Web/HTTP/Status/403",2026-07-17T12:18:12.433024
combat,bd6t5314049,,failed,0,0,,http_manifest,known,403,manifest,"Client error '403 ' for url 'https://openapiproext.bnf.fr/iiif/presentation/v3/ark:/12148/bd6t5314049/manifest.json'
For more information check: https://developer.mozilla.org/en-US/docs/Web/HTTP/Status/403",2026-07-17T12:18:13.773509
combat,bd6t531405n,,failed,0,0,,http_manifest,known,403,manifest,"Client error '403 ' for url 'https://openapiproext.bnf.fr/iiif/presentation/v3/ark:/12148/bd6t531405n/manifest.json'
For more information check: https://developer.mozilla.org/en-US/docs/Web/HTTP/Status/403",2026-07-17T12:18:14.836529
combat,bd6t5314060,,failed,0,0,,http_manifest,known,403,manifest,"Client error '403 ' for url 'https://openapiproext.bnf.fr/iiif/presentation/v3/ark:/12148/bd6t5314060/manifest.json'
For more information check: https://developer.mozilla.org/en-US/docs/Web/HTTP/Status/403",2026-07-17T12:18:16.106799
combat,bd6t531407b,,failed,0,0,,http_manifest,known,403,manifest,"Client error '403 ' for url 'https://openapiproext.bnf.fr/iiif/presentation/v3/ark:/12148/bd6t531407b/manifest.json'
For more information check: https://developer.mozilla.org/en-US/docs/Web/HTTP/Status/403",2026-07-17T12:18:17.278789
combat,bd6t531408p,,failed,0,0,,http_manifest,known,403,manifest,"Client error '403 ' for url 'https://openapiproext.bnf.fr/iiif/presentation/v3/ark:/12148/bd6t531408p/manifest.json'
For more information check: https://developer.mozilla.org/en-US/docs/Web/HTTP/Status/403",2026-07-17T12:18:18.448856
combat,bd6t5314091,,failed,0,0,,http_manifest,known,403,manifest,"Client error '403 ' for url 'https://openapiproext.bnf.fr/iiif/presentation/v3/ark:/12148/bd6t5314091/manifest.json'
For more information check: https://developer.mozilla.org/en-US/docs/Web/HTTP/Status/403",2026-07-17T12:18:19.645078
combat,bd6t5314107,,failed,0,0,,http_manifest,known,403,manifest,"Client error '403 ' for url 'https://openapiproext.bnf.fr/iiif/presentation/v3/ark:/12148/bd6t5314107/manifest.json'
For more information check: https://developer.mozilla.org/en-US/docs/Web/HTTP/Status/403",2026-07-17T12:18:20.847919
combat,bd6t531411k,,failed,0,0,,http_manifest,known,403,manifest,"Client error '403 ' for url 'https://openapiproext.bnf.fr/iiif/presentation/v3/ark:/12148/bd6t531411k/manifest.json'
For more information check: https://developer.mozilla.org/en-US/docs/Web/HTTP/Status/403",2026-07-17T12:18:22.047996
combat,bd6t531412x,,failed,0,0,,http_manifest,known,403,manifest,"Client error '403 ' for url 'https://openapiproext.bnf.fr/iiif/presentation/v3/ark:/12148/bd6t531412x/manifest.json'
For more information check: https://developer.mozilla.org/en-US/docs/Web/HTTP/Status/403",2026-07-17T12:18:23.284081
combat,bd6t5314138,,failed,0,0,,http_manifest,known,403,manifest,"Client error '403 ' for url 'https://openapiproext.bnf.fr/iiif/presentation/v3/ark:/12148/bd6t5314138/manifest.json'
For more information check: https://developer.mozilla.org/en-US/docs/Web/HTTP/Status/403",2026-07-17T12:18:24.446666
combat,bd6t531414m,,failed,0,0,,http_manifest,known,403,manifest,"Client error '403 ' for url 'https://openapiproext.bnf.fr/iiif/presentation/v3/ark:/12148/bd6t531414m/manifest.json'
For more information check: https://developer.mozilla.org/en-US/docs/Web/HTTP/Status/403",2026-07-17T12:18:25.667049
combat,bd6t531415z,,failed,0,0,,http_manifest,known,403,manifest,"Client error '403 ' for url 'https://openapiproext.bnf.fr/iiif/presentation/v3/ark:/12148/bd6t531415z/manifest.json'
For more information check: https://developer.mozilla.org/en-US/docs/Web/HTTP/Status/403",2026-07-17T12:18:26.856720
combat,bd6t5314169,,failed,0,0,,http_manifest,known,403,manifest,"Client error '403 ' for url 'https://openapiproext.bnf.fr/iiif/presentation/v3/ark:/12148/bd6t5314169/manifest.json'
For more information check: https://developer.mozilla.org/en-US/docs/Web/HTTP/Status/403",2026-07-17T12:18:28.056135
combat,bd6t531417n,,failed,0,0,,http_manifest,known,403,manifest,"Client error '403 ' for url 'https://openapiproext.bnf.fr/iiif/presentation/v3/ark:/12148/bd6t531417n/manifest.json'
For more information check: https://developer.mozilla.org/en-US/docs/Web/HTTP/Status/403",2026-07-17T12:18:29.256761
combat,bd6t5314180,,failed,0,0,,http_manifest,known,403,manifest,"Client error '403 ' for url 'https://openapiproext.bnf.fr/iiif/presentation/v3/ark:/12148/bd6t5314180/manifest.json'
For more information check: https://developer.mozilla.org/en-US/docs/Web/HTTP/Status/403",2026-07-17T12:18:30.458628
combat,bd6t531419b,,failed,0,0,,http_manifest,known,403,manifest,"Client error '403 ' for url 'https://openapiproext.bnf.fr/iiif/presentation/v3/ark:/12148/bd6t531419b/manifest.json'
For more information check: https://developer.mozilla.org/en-US/docs/Web/HTTP/Status/403",2026-07-17T12:18:31.658720
combat,bd6t531420j,,failed,0,0,,http_manifest,known,403,manifest,"Client error '403 ' for url 'https://openapiproext.bnf.fr/iiif/presentation/v3/ark:/12148/bd6t531420j/manifest.json'
For more information check: https://developer.mozilla.org/en-US/docs/Web/HTTP/Status/403",2026-07-17T12:18:32.861314
combat,bd6t531421w,,failed,0,0,,http_manifest,known,403,manifest,"Client error '403 ' for url 'https://openapiproext.bnf.fr/iiif/presentation/v3/ark:/12148/bd6t531421w/manifest.json'
For more information check: https://developer.mozilla.org/en-US/docs/Web/HTTP/Status/403",2026-07-17T12:18:34.062849
combat,bd6t5314227,,failed,0,0,,http_manifest,known,403,manifest,"Client error '403 ' for url 'https://openapiproext.bnf.fr/iiif/presentation/v3/ark:/12148/bd6t5314227/manifest.json'
For more information check: https://developer.mozilla.org/en-US/docs/Web/HTTP/Status/403",2026-07-17T12:18:35.311778
combat,bd6t531423k,,failed,0,0,,http_manifest,known,403,manifest,"Client error '403 ' for url 'https://openapiproext.bnf.fr/iiif/presentation/v3/ark:/12148/bd6t531423k/manifest.json'
For more information check: https://developer.mozilla.org/en-US/docs/Web/HTTP/Status/403",2026-07-17T12:18:36.469805
combat,bd6t531424x,,failed,0,0,,http_manifest,known,403,manifest,"Client error '403 ' for url 'https://openapiproext.bnf.fr/iiif/presentation/v3/ark:/12148/bd6t531424x/manifest.json'
For more information check: https://developer.mozilla.org/en-US/docs/Web/HTTP/Status/403",2026-07-17T12:18:37.800582
combat,bd6t5314258,,failed,0,0,,http_manifest,known,403,manifest,"Client error '403 ' for url 'https://openapiproext.bnf.fr/iiif/presentation/v3/ark:/12148/bd6t5314258/manifest.json'
For more information check: https://developer.mozilla.org/en-US/docs/Web/HTTP/Status/403",2026-07-17T12:18:38.867176
combat,bd6t531426m,,failed,0,0,,http_manifest,known,403,manifest,"Client error '403 ' for url 'https://openapiproext.bnf.fr/iiif/presentation/v3/ark:/12148/bd6t531426m/manifest.json'
For more information check: https://developer.mozilla.org/en-US/docs/Web/HTTP/Status/403",2026-07-17T12:18:40.079279
combat,bd6t531427z,,failed,0,0,,http_manifest,known,403,manifest,"Client error '403 ' for url 'https://openapiproext.bnf.fr/iiif/presentation/v3/ark:/12148/bd6t531427z/manifest.json'
For more information check: https://developer.mozilla.org/en-US/docs/Web/HTTP/Status/403",2026-07-17T12:18:41.274100
combat,bd6t5314289,,failed,0,0,,http_manifest,known,403,manifest,"Client error '403 ' for url 'https://openapiproext.bnf.fr/iiif/presentation/v3/ark:/12148/bd6t5314289/manifest.json'
For more information check: https://developer.mozilla.org/en-US/docs/Web/HTTP/Status/403",2026-07-17T12:18:42.473766
combat,bd6t531429n,,failed,0,0,,http_manifest,known,403,manifest,"Client error '403 ' for url 'https://openapiproext.bnf.fr/iiif/presentation/v3/ark:/12148/bd6t531429n/manifest.json'
For more information check: https://developer.mozilla.org/en-US/docs/Web/HTTP/Status/403",2026-07-17T12:18:43.674857
combat,bd6t531430v,,failed,0,0,,http_manifest,known,403,manifest,"Client error '403 ' for url 'https://openapiproext.bnf.fr/iiif/presentation/v3/ark:/12148/bd6t531430v/manifest.json'
For more information check: https://developer.mozilla.org/en-US/docs/Web/HTTP/Status/403",2026-07-17T12:18:44.875609
combat,bd6t5314316,,failed,0,0,,http_manifest,known,403,manifest,"Client error '403 ' for url 'https://openapiproext.bnf.fr/iiif/presentation/v3/ark:/12148/bd6t5314316/manifest.json'
For more information check: https://developer.mozilla.org/en-US/docs/Web/HTTP/Status/403",2026-07-17T12:18:46.078152
combat,bd6t531432j,,failed,0,0,,http_manifest,known,403,manifest,"Client error '403 ' for url 'https://openapiproext.bnf.fr/iiif/presentation/v3/ark:/12148/bd6t531432j/manifest.json'
For more information check: https://developer.mozilla.org/en-US/docs/Web/HTTP/Status/403",2026-07-17T12:18:47.305802
combat,bd6t531433w,,failed,0,0,,http_manifest,known,403,manifest,"Client error '403 ' for url 'https://openapiproext.bnf.fr/iiif/presentation/v3/ark:/12148/bd6t531433w/manifest.json'
For more information check: https://developer.mozilla.org/en-US/docs/Web/HTTP/Status/403",2026-07-17T12:18:48.483644
combat,bd6t5314347,,failed,0,0,,http_manifest,known,403,manifest,"Client error '403 ' for url 'https://openapiproext.bnf.fr/iiif/presentation/v3/ark:/12148/bd6t5314347/manifest.json'
For more information check: https://developer.mozilla.org/en-US/docs/Web/HTTP/Status/403",2026-07-17T12:18:49.684738
combat,bd6t531435k,,failed,0,0,,http_manifest,known,403,manifest,"Client error '403 ' for url 'https://openapiproext.bnf.fr/iiif/presentation/v3/ark:/12148/bd6t531435k/manifest.json'
For more information check: https://developer.mozilla.org/en-US/docs/Web/HTTP/Status/403",2026-07-17T12:18:50.900147
combat,bd6t531436x,,failed,0,0,,http_manifest,known,403,manifest,"Client error '403 ' for url 'https://openapiproext.bnf.fr/iiif/presentation/v3/ark:/12148/bd6t531436x/manifest.json'
For more information check: https://developer.mozilla.org/en-US/docs/Web/HTTP/Status/403",2026-07-17T12:18:52.096115
combat,bd6t5314378,,failed,0,0,,http_manifest,known,403,manifest,"Client error '403 ' for url 'https://openapiproext.bnf.fr/iiif/presentation/v3/ark:/12148/bd6t5314378/manifest.json'
For more information check: https://developer.mozilla.org/en-US/docs/Web/HTTP/Status/403",2026-07-17T12:18:53.333827
combat,bd6t531438m,,failed,0,0,,http_manifest,known,403,manifest,"Client error '403 ' for url 'https://openapiproext.bnf.fr/iiif/presentation/v3/ark:/12148/bd6t531438m/manifest.json'
For more information check: https://developer.mozilla.org/en-US/docs/Web/HTTP/Status/403",2026-07-17T12:18:54.495816
combat,bd6t531439z,,failed,0,0,,http_manifest,known,403,manifest,"Client error '403 ' for url 'https://openapiproext.bnf.fr/iiif/presentation/v3/ark:/12148/bd6t531439z/manifest.json'
For more information check: https://developer.mozilla.org/en-US/docs/Web/HTTP/Status/403",2026-07-17T12:18:55.695426
combat,bd6t5314405,,failed,0,0,,http_manifest,known,403,manifest,"Client error '403 ' for url 'https://openapiproext.bnf.fr/iiif/presentation/v3/ark:/12148/bd6t5314405/manifest.json'
For more information check: https://developer.mozilla.org/en-US/docs/Web/HTTP/Status/403",2026-07-17T12:18:56.893904
combat,bd6t531441h,,failed,0,0,,http_manifest,known,403,manifest,"Client error '403 ' for url 'https://openapiproext.bnf.fr/iiif/presentation/v3/ark:/12148/bd6t531441h/manifest.json'
For more information check: https://developer.mozilla.org/en-US/docs/Web/HTTP/Status/403",2026-07-17T12:18:58.392206
combat,bd6t531442v,,failed,0,0,,http_manifest,known,403,manifest,"Client error '403 ' for url 'https://openapiproext.bnf.fr/iiif/presentation/v3/ark:/12148/bd6t531442v/manifest.json'
For more information check: https://developer.mozilla.org/en-US/docs/Web/HTTP/Status/403",2026-07-17T12:18:59.299326
combat,bd6t5314436,,failed,0,0,,http_manifest,known,403,manifest,"Client error '403 ' for url 'https://openapiproext.bnf.fr/iiif/presentation/v3/ark:/12148/bd6t5314436/manifest.json'
For more information check: https://developer.mozilla.org/en-US/docs/Web/HTTP/Status/403",2026-07-17T12:19:00.725292
combat,bd6t531444j,,failed,0,0,,http_manifest,known,403,manifest,"Client error '403 ' for url 'https://openapiproext.bnf.fr/iiif/presentation/v3/ark:/12148/bd6t531444j/manifest.json'
For more information check: https://developer.mozilla.org/en-US/docs/Web/HTTP/Status/403",2026-07-17T12:19:01.869299
combat,bd6t531445w,,failed,0,0,,http_manifest,known,403,manifest,"Client error '403 ' for url 'https://openapiproext.bnf.fr/iiif/presentation/v3/ark:/12148/bd6t531445w/manifest.json'
For more information check: https://developer.mozilla.org/en-US/docs/Web/HTTP/Status/403",2026-07-17T12:19:02.904690
combat,bd6t5314467,,failed,0,0,,http_manifest,known,403,manifest,"Client error '403 ' for url 'https://openapiproext.bnf.fr/iiif/presentation/v3/ark:/12148/bd6t5314467/manifest.json'
For more information check: https://developer.mozilla.org/en-US/docs/Web/HTTP/Status/403",2026-07-17T12:19:04.205024
combat,bd6t531447k,,failed,0,0,,http_manifest,known,403,manifest,"Client error '403 ' for url 'https://openapiproext.bnf.fr/iiif/presentation/v3/ark:/12148/bd6t531447k/manifest.json'
For more information check: https://developer.mozilla.org/en-US/docs/Web/HTTP/Status/403",2026-07-17T12:19:05.435056
combat,bd6t531448x,,failed,0,0,,http_manifest,known,403,manifest,"Client error '403 ' for url 'https://openapiproext.bnf.fr/iiif/presentation/v3/ark:/12148/bd6t531448x/manifest.json'
For more information check: https://developer.mozilla.org/en-US/docs/Web/HTTP/Status/403",2026-07-17T12:19:06.618316
combat,bd6t5314498,,failed,0,0,,http_manifest,known,403,manifest,"Client error '403 ' for url 'https://openapiproext.bnf.fr/iiif/presentation/v3/ark:/12148/bd6t5314498/manifest.json'
For more information check: https://developer.mozilla.org/en-US/docs/Web/HTTP/Status/403",2026-07-17T12:19:07.954851
combat,bd6t531450g,,failed,0,0,,http_manifest,known,403,manifest,"Client error '403 ' for url 'https://openapiproext.bnf.fr/iiif/presentation/v3/ark:/12148/bd6t531450g/manifest.json'
For more information check: https://developer.mozilla.org/en-US/docs/Web/HTTP/Status/403",2026-07-17T12:19:08.913540
combat,bd6t5313041,,failed,0,0,,http_manifest,known,403,manifest,"Client error '403 ' for url 'https://openapiproext.bnf.fr/iiif/presentation/v3/ark:/12148/bd6t5313041/manifest.json'
For more information check: https://developer.mozilla.org/en-US/docs/Web/HTTP/Status/403",2026-07-17T12:19:10.275022
combat,bd6t531305c,,failed,0,0,,http_manifest,known,403,manifest,"Client error '403 ' for url 'https://openapiproext.bnf.fr/iiif/presentation/v3/ark:/12148/bd6t531305c/manifest.json'
For more information check: https://developer.mozilla.org/en-US/docs/Web/HTTP/Status/403",2026-07-17T12:19:11.363562
combat,bd6t531306q,,failed,0,0,,http_manifest,known,403,manifest,"Client error '403 ' for url 'https://openapiproext.bnf.fr/iiif/presentation/v3/ark:/12148/bd6t531306q/manifest.json'
For more information check: https://developer.mozilla.org/en-US/docs/Web/HTTP/Status/403",2026-07-17T12:19:12.523564
combat,bd6t5313072,,failed,0,0,,http_manifest,known,403,manifest,"Client error '403 ' for url 'https://openapiproext.bnf.fr/iiif/presentation/v3/ark:/12148/bd6t5313072/manifest.json'
For more information check: https://developer.mozilla.org/en-US/docs/Web/HTTP/Status/403",2026-07-17T12:19:13.909611
combat,bd6t531308d,,failed,0,0,,http_manifest,known,403,manifest,"Client error '403 ' for url 'https://openapiproext.bnf.fr/iiif/presentation/v3/ark:/12148/bd6t531308d/manifest.json'
For more information check: https://developer.mozilla.org/en-US/docs/Web/HTTP/Status/403",2026-07-17T12:19:14.977012
combat,bd6t531309r,,failed,0,0,,http_manifest,known,403,manifest,"Client error '403 ' for url 'https://openapiproext.bnf.fr/iiif/presentation/v3/ark:/12148/bd6t531309r/manifest.json'
For more information check: https://developer.mozilla.org/en-US/docs/Web/HTTP/Status/403",2026-07-17T12:19:16.447627
combat,bd6t531310z,,failed,0,0,,http_manifest,known,403,manifest,"Client error '403 ' for url 'https://openapiproext.bnf.fr/iiif/presentation/v3/ark:/12148/bd6t531310z/manifest.json'
For more information check: https://developer.mozilla.org/en-US/docs/Web/HTTP/Status/403",2026-07-17T12:19:17.390403
combat,bd6t5313119,,failed,0,0,,http_manifest,known,403,manifest,"Client error '403 ' for url 'https://openapiproext.bnf.fr/iiif/presentation/v3/ark:/12148/bd6t5313119/manifest.json'
For more information check: https://developer.mozilla.org/en-US/docs/Web/HTTP/Status/403",2026-07-17T12:19:18.651021
combat,bd6t531312n,,failed,0,0,,http_manifest,known,403,manifest,"Client error '403 ' for url 'https://openapiproext.bnf.fr/iiif/presentation/v3/ark:/12148/bd6t531312n/manifest.json'
For more information check: https://developer.mozilla.org/en-US/docs/Web/HTTP/Status/403",2026-07-17T12:19:19.727192
combat,bd6t5313130,,failed,0,0,,http_manifest,known,403,manifest,"Client error '403 ' for url 'https://openapiproext.bnf.fr/iiif/presentation/v3/ark:/12148/bd6t5313130/manifest.json'
For more information check: https://developer.mozilla.org/en-US/docs/Web/HTTP/Status/403",2026-07-17T12:19:20.929680
combat,bd6t531314b,,failed,0,0,,http_manifest,known,403,manifest,"Client error '403 ' for url 'https://openapiproext.bnf.fr/iiif/presentation/v3/ark:/12148/bd6t531314b/manifest.json'
For more information check: https://developer.mozilla.org/en-US/docs/Web/HTTP/Status/403",2026-07-17T12:19:22.142622
combat,bd6t531315p,,failed,0,0,,http_manifest,known,403,manifest,"Client error '403 ' for url 'https://openapiproext.bnf.fr/iiif/presentation/v3/ark:/12148/bd6t531315p/manifest.json'
For more information check: https://developer.mozilla.org/en-US/docs/Web/HTTP/Status/403",2026-07-17T12:19:23.333158
combat,bd6t5313161,,failed,0,0,,http_manifest,known,403,manifest,"Client error '403 ' for url 'https://openapiproext.bnf.fr/iiif/presentation/v3/ark:/12148/bd6t5313161/manifest.json'
For more information check: https://developer.mozilla.org/en-US/docs/Web/HTTP/Status/403",2026-07-17T12:19:24.534162
combat,bd6t531317c,,failed,0,0,,http_manifest,known,403,manifest,"Client error '403 ' for url 'https://openapiproext.bnf.fr/iiif/presentation/v3/ark:/12148/bd6t531317c/manifest.json'
For more information check: https://developer.mozilla.org/en-US/docs/Web/HTTP/Status/403",2026-07-17T12:19:25.736526
combat,bd6t531318q,,failed,0,0,,http_manifest,known,403,manifest,"Client error '403 ' for url 'https://openapiproext.bnf.fr/iiif/presentation/v3/ark:/12148/bd6t531318q/manifest.json'
For more information check: https://developer.mozilla.org/en-US/docs/Web/HTTP/Status/403",2026-07-17T12:19:26.947669
combat,bd6t5313192,,failed,0,0,,http_manifest,known,403,manifest,"Client error '403 ' for url 'https://openapiproext.bnf.fr/iiif/presentation/v3/ark:/12148/bd6t5313192/manifest.json'
For more information check: https://developer.mozilla.org/en-US/docs/Web/HTTP/Status/403",2026-07-17T12:19:28.165194
combat,bd6t5313208,,failed,0,0,,http_manifest,known,403,manifest,"Client error '403 ' for url 'https://openapiproext.bnf.fr/iiif/presentation/v3/ark:/12148/bd6t5313208/manifest.json'
For more information check: https://developer.mozilla.org/en-US/docs/Web/HTTP/Status/403",2026-07-17T12:19:29.353190
combat,bd6t531321m,,failed,0,0,,http_manifest,known,403,manifest,"Client error '403 ' for url 'https://openapiproext.bnf.fr/iiif/presentation/v3/ark:/12148/bd6t531321m/manifest.json'
For more information check: https://developer.mozilla.org/en-US/docs/Web/HTTP/Status/403",2026-07-17T12:19:30.554404
combat,bd6t531322z,,failed,0,0,,http_manifest,known,403,manifest,"Client error '403 ' for url 'https://openapiproext.bnf.fr/iiif/presentation/v3/ark:/12148/bd6t531322z/manifest.json'
For more information check: https://developer.mozilla.org/en-US/docs/Web/HTTP/Status/403",2026-07-17T12:19:31.749147
combat,bd6t5313239,,failed,0,0,,http_manifest,known,403,manifest,"Client error '403 ' for url 'https://openapiproext.bnf.fr/iiif/presentation/v3/ark:/12148/bd6t5313239/manifest.json'
For more information check: https://developer.mozilla.org/en-US/docs/Web/HTTP/Status/403",2026-07-17T12:19:32.953710
combat,bd6t531324n,,failed,0,0,,http_manifest,known,403,manifest,"Client error '403 ' for url 'https://openapiproext.bnf.fr/iiif/presentation/v3/ark:/12148/bd6t531324n/manifest.json'
For more information check: https://developer.mozilla.org/en-US/docs/Web/HTTP/Status/403",2026-07-17T12:19:34.180581
combat,bd6t5313250,,failed,0,0,,http_manifest,known,403,manifest,"Client error '403 ' for url 'https://openapiproext.bnf.fr/iiif/presentation/v3/ark:/12148/bd6t5313250/manifest.json'
For more information check: https://developer.mozilla.org/en-US/docs/Web/HTTP/Status/403",2026-07-17T12:19:35.355238
combat,bd6t531326b,,failed,0,0,,http_manifest,known,403,manifest,"Client error '403 ' for url 'https://openapiproext.bnf.fr/iiif/presentation/v3/ark:/12148/bd6t531326b/manifest.json'
For more information check: https://developer.mozilla.org/en-US/docs/Web/HTTP/Status/403",2026-07-17T12:19:36.557077
combat,bd6t531327p,,failed,0,0,,http_manifest,known,403,manifest,"Client error '403 ' for url 'https://openapiproext.bnf.fr/iiif/presentation/v3/ark:/12148/bd6t531327p/manifest.json'
For more information check: https://developer.mozilla.org/en-US/docs/Web/HTTP/Status/403",2026-07-17T12:19:37.757757
combat,bd6t5313281,,failed,0,0,,http_manifest,known,403,manifest,"Client error '403 ' for url 'https://openapiproext.bnf.fr/iiif/presentation/v3/ark:/12148/bd6t5313281/manifest.json'
For more information check: https://developer.mozilla.org/en-US/docs/Web/HTTP/Status/403",2026-07-17T12:19:38.959886
combat,bd6t531329c,,failed,0,0,,http_manifest,known,403,manifest,"Client error '403 ' for url 'https://openapiproext.bnf.fr/iiif/presentation/v3/ark:/12148/bd6t531329c/manifest.json'
For more information check: https://developer.mozilla.org/en-US/docs/Web/HTTP/Status/403",2026-07-17T12:19:40.161579
combat,bd6t531330k,,failed,0,0,,http_manifest,known,403,manifest,"Client error '403 ' for url 'https://openapiproext.bnf.fr/iiif/presentation/v3/ark:/12148/bd6t531330k/manifest.json'
For more information check: https://developer.mozilla.org/en-US/docs/Web/HTTP/Status/403",2026-07-17T12:19:41.364330
combat,bd6t531331x,,failed,0,0,,http_manifest,known,403,manifest,"Client error '403 ' for url 'https://openapiproext.bnf.fr/iiif/presentation/v3/ark:/12148/bd6t531331x/manifest.json'
For more information check: https://developer.mozilla.org/en-US/docs/Web/HTTP/Status/403",2026-07-17T12:19:42.560193
combat,bd6t5313328,,failed,0,0,,http_manifest,known,403,manifest,"Client error '403 ' for url 'https://openapiproext.bnf.fr/iiif/presentation/v3/ark:/12148/bd6t5313328/manifest.json'
For more information check: https://developer.mozilla.org/en-US/docs/Web/HTTP/Status/403",2026-07-17T12:19:43.763407
combat,bd6t531333m,,failed,0,0,,http_manifest,known,403,manifest,"Client error '403 ' for url 'https://openapiproext.bnf.fr/iiif/presentation/v3/ark:/12148/bd6t531333m/manifest.json'
For more information check: https://developer.mozilla.org/en-US/docs/Web/HTTP/Status/403",2026-07-17T12:19:44.968874
combat,bd6t531334z,,failed,0,0,,http_manifest,known,403,manifest,"Client error '403 ' for url 'https://openapiproext.bnf.fr/iiif/presentation/v3/ark:/12148/bd6t531334z/manifest.json'
For more information check: https://developer.mozilla.org/en-US/docs/Web/HTTP/Status/403",2026-07-17T12:19:46.200218
combat,bd6t5313359,,failed,0,0,,http_manifest,known,403,manifest,"Client error '403 ' for url 'https://openapiproext.bnf.fr/iiif/presentation/v3/ark:/12148/bd6t5313359/manifest.json'
For more information check: https://developer.mozilla.org/en-US/docs/Web/HTTP/Status/403",2026-07-17T12:19:47.366242
combat,bd6t531336n,,failed,0,0,,http_manifest,known,403,manifest,"Client error '403 ' for url 'https://openapiproext.bnf.fr/iiif/presentation/v3/ark:/12148/bd6t531336n/manifest.json'
For more information check: https://developer.mozilla.org/en-US/docs/Web/HTTP/Status/403",2026-07-17T12:19:48.564742
combat,bd6t5313370,,failed,0,0,,http_manifest,known,403,manifest,"Client error '403 ' for url 'https://openapiproext.bnf.fr/iiif/presentation/v3/ark:/12148/bd6t5313370/manifest.json'
For more information check: https://developer.mozilla.org/en-US/docs/Web/HTTP/Status/403",2026-07-17T12:19:49.767429
combat,bd6t531338b,,failed,0,0,,http_manifest,known,403,manifest,"Client error '403 ' for url 'https://openapiproext.bnf.fr/iiif/presentation/v3/ark:/12148/bd6t531338b/manifest.json'
For more information check: https://developer.mozilla.org/en-US/docs/Web/HTTP/Status/403",2026-07-17T12:19:50.969539
combat,bd6t531339p,,failed,0,0,,http_manifest,known,403,manifest,"Client error '403 ' for url 'https://openapiproext.bnf.fr/iiif/presentation/v3/ark:/12148/bd6t531339p/manifest.json'
For more information check: https://developer.mozilla.org/en-US/docs/Web/HTTP/Status/403",2026-07-17T12:19:52.170686
combat,bd6t531340w,,failed,0,0,,http_manifest,known,403,manifest,"Client error '403 ' for url 'https://openapiproext.bnf.fr/iiif/presentation/v3/ark:/12148/bd6t531340w/manifest.json'
For more information check: https://developer.mozilla.org/en-US/docs/Web/HTTP/Status/403",2026-07-17T12:19:53.371265
combat,bd6t5313417,,failed,0,0,,http_manifest,known,403,manifest,"Client error '403 ' for url 'https://openapiproext.bnf.fr/iiif/presentation/v3/ark:/12148/bd6t5313417/manifest.json'
For more information check: https://developer.mozilla.org/en-US/docs/Web/HTTP/Status/403",2026-07-17T12:19:54.571894
combat,bd6t531342k,,failed,0,0,,http_manifest,known,403,manifest,"Client error '403 ' for url 'https://openapiproext.bnf.fr/iiif/presentation/v3/ark:/12148/bd6t531342k/manifest.json'
For more information check: https://developer.mozilla.org/en-US/docs/Web/HTTP/Status/403",2026-07-17T12:19:55.775187
combat,bd6t531343x,,failed,0,0,,http_manifest,known,403,manifest,"Client error '403 ' for url 'https://openapiproext.bnf.fr/iiif/presentation/v3/ark:/12148/bd6t531343x/manifest.json'
For more information check: https://developer.mozilla.org/en-US/docs/Web/HTTP/Status/403",2026-07-17T12:19:56.975265
combat,bd6t5313448,,failed,0,0,,http_manifest,known,403,manifest,"Client error '403 ' for url 'https://openapiproext.bnf.fr/iiif/presentation/v3/ark:/12148/bd6t5313448/manifest.json'
For more information check: https://developer.mozilla.org/en-US/docs/Web/HTTP/Status/403",2026-07-17T12:19:58.279688
combat,bd6t531345m,,failed,0,0,,http_manifest,known,403,manifest,"Client error '403 ' for url 'https://openapiproext.bnf.fr/iiif/presentation/v3/ark:/12148/bd6t531345m/manifest.json'
For more information check: https://developer.mozilla.org/en-US/docs/Web/HTTP/Status/403",2026-07-17T12:19:59.532522
combat,bd6t531346z,,failed,0,0,,http_manifest,known,403,manifest,"Client error '403 ' for url 'https://openapiproext.bnf.fr/iiif/presentation/v3/ark:/12148/bd6t531346z/manifest.json'
For more information check: https://developer.mozilla.org/en-US/docs/Web/HTTP/Status/403",2026-07-17T12:20:00.592496
combat,bd6t5313479,,failed,0,0,,http_manifest,known,403,manifest,"Client error '403 ' for url 'https://openapiproext.bnf.fr/iiif/presentation/v3/ark:/12148/bd6t5313479/manifest.json'
For more information check: https://developer.mozilla.org/en-US/docs/Web/HTTP/Status/403",2026-07-17T12:20:01.786136
combat,bd6t531348n,,failed,0,0,,http_manifest,known,403,manifest,"Client error '403 ' for url 'https://openapiproext.bnf.fr/iiif/presentation/v3/ark:/12148/bd6t531348n/manifest.json'
For more information check: https://developer.mozilla.org/en-US/docs/Web/HTTP/Status/403",2026-07-17T12:20:03.016205
combat,bd6t5313490,,failed,0,0,,http_manifest,known,403,manifest,"Client error '403 ' for url 'https://openapiproext.bnf.fr/iiif/presentation/v3/ark:/12148/bd6t5313490/manifest.json'
For more information check: https://developer.mozilla.org/en-US/docs/Web/HTTP/Status/403",2026-07-17T12:20:04.342747
combat,bd6t5313506,,failed,0,0,,http_manifest,known,403,manifest,"Client error '403 ' for url 'https://openapiproext.bnf.fr/iiif/presentation/v3/ark:/12148/bd6t5313506/manifest.json'
For more information check: https://developer.mozilla.org/en-US/docs/Web/HTTP/Status/403",2026-07-17T12:20:05.619514
combat,bd6t531351j,,failed,0,0,,http_manifest,known,403,manifest,"Client error '403 ' for url 'https://openapiproext.bnf.fr/iiif/presentation/v3/ark:/12148/bd6t531351j/manifest.json'
For more information check: https://developer.mozilla.org/en-US/docs/Web/HTTP/Status/403",2026-07-17T12:20:06.643524
combat,bd6t531352w,,failed,0,0,,http_manifest,known,403,manifest,"Client error '403 ' for url 'https://openapiproext.bnf.fr/iiif/presentation/v3/ark:/12148/bd6t531352w/manifest.json'
For more information check: https://developer.mozilla.org/en-US/docs/Web/HTTP/Status/403",2026-07-17T12:20:07.791253
combat,bd6t5313537,,failed,0,0,,http_manifest,known,403,manifest,"Client error '403 ' for url 'https://openapiproext.bnf.fr/iiif/presentation/v3/ark:/12148/bd6t5313537/manifest.json'
For more information check: https://developer.mozilla.org/en-US/docs/Web/HTTP/Status/403",2026-07-17T12:20:09.005157
combat,bd6t531147r,,failed,0,0,,http_manifest,known,403,manifest,"Client error '403 ' for url 'https://openapiproext.bnf.fr/iiif/presentation/v3/ark:/12148/bd6t531147r/manifest.json'
For more information check: https://developer.mozilla.org/en-US/docs/Web/HTTP/Status/403",2026-07-17T12:20:10.197185
combat,bd6t5311483,,failed,0,0,,http_manifest,known,403,manifest,"Client error '403 ' for url 'https://openapiproext.bnf.fr/iiif/presentation/v3/ark:/12148/bd6t5311483/manifest.json'
For more information check: https://developer.mozilla.org/en-US/docs/Web/HTTP/Status/403",2026-07-17T12:20:11.398434
combat,bd6t531149f,,failed,0,0,,http_manifest,known,403,manifest,"Client error '403 ' for url 'https://openapiproext.bnf.fr/iiif/presentation/v3/ark:/12148/bd6t531149f/manifest.json'
For more information check: https://developer.mozilla.org/en-US/docs/Web/HTTP/Status/403",2026-07-17T12:20:12.595410
combat,bd6t531150n,,failed,0,0,,http_manifest,known,403,manifest,"Client error '403 ' for url 'https://openapiproext.bnf.fr/iiif/presentation/v3/ark:/12148/bd6t531150n/manifest.json'
For more information check: https://developer.mozilla.org/en-US/docs/Web/HTTP/Status/403",2026-07-17T12:20:13.810673
combat,bd6t5311510,,failed,0,0,,http_manifest,known,403,manifest,"Client error '403 ' for url 'https://openapiproext.bnf.fr/iiif/presentation/v3/ark:/12148/bd6t5311510/manifest.json'
For more information check: https://developer.mozilla.org/en-US/docs/Web/HTTP/Status/403",2026-07-17T12:20:15.001551
combat,bd6t531152b,,failed,0,0,,http_manifest,known,403,manifest,"Client error '403 ' for url 'https://openapiproext.bnf.fr/iiif/presentation/v3/ark:/12148/bd6t531152b/manifest.json'
For more information check: https://developer.mozilla.org/en-US/docs/Web/HTTP/Status/403",2026-07-17T12:20:16.221213
combat,bd6t531153p,,failed,0,0,,http_manifest,known,403,manifest,"Client error '403 ' for url 'https://openapiproext.bnf.fr/iiif/presentation/v3/ark:/12148/bd6t531153p/manifest.json'
For more information check: https://developer.mozilla.org/en-US/docs/Web/HTTP/Status/403",2026-07-17T12:20:17.460977
combat,bd6t5311541,,failed,0,0,,http_manifest,known,403,manifest,"Client error '403 ' for url 'https://openapiproext.bnf.fr/iiif/presentation/v3/ark:/12148/bd6t5311541/manifest.json'
For more information check: https://developer.mozilla.org/en-US/docs/Web/HTTP/Status/403",2026-07-17T12:20:18.618044
combat,bd6t531155c,,failed,0,0,,http_manifest,known,403,manifest,"Client error '403 ' for url 'https://openapiproext.bnf.fr/iiif/presentation/v3/ark:/12148/bd6t531155c/manifest.json'
For more information check: https://developer.mozilla.org/en-US/docs/Web/HTTP/Status/403",2026-07-17T12:20:19.812197
combat,bd6t531156q,,failed,0,0,,http_manifest,known,403,manifest,"Client error '403 ' for url 'https://openapiproext.bnf.fr/iiif/presentation/v3/ark:/12148/bd6t531156q/manifest.json'
For more information check: https://developer.mozilla.org/en-US/docs/Web/HTTP/Status/403",2026-07-17T12:20:21.017390
combat,bd6t5311572,,failed,0,0,,http_manifest,known,403,manifest,"Client error '403 ' for url 'https://openapiproext.bnf.fr/iiif/presentation/v3/ark:/12148/bd6t5311572/manifest.json'
For more information check: https://developer.mozilla.org/en-US/docs/Web/HTTP/Status/403",2026-07-17T12:20:22.211089
combat,bd6t531158d,,failed,0,0,,http_manifest,known,403,manifest,"Client error '403 ' for url 'https://openapiproext.bnf.fr/iiif/presentation/v3/ark:/12148/bd6t531158d/manifest.json'
For more information check: https://developer.mozilla.org/en-US/docs/Web/HTTP/Status/403",2026-07-17T12:20:23.414575
combat,bd6t531159r,,failed,0,0,,http_manifest,known,403,manifest,"Client error '403 ' for url 'https://openapiproext.bnf.fr/iiif/presentation/v3/ark:/12148/bd6t531159r/manifest.json'
For more information check: https://developer.mozilla.org/en-US/docs/Web/HTTP/Status/403",2026-07-17T12:20:24.622092
combat,bd6t531160z,,failed,0,0,,http_manifest,known,403,manifest,"Client error '403 ' for url 'https://openapiproext.bnf.fr/iiif/presentation/v3/ark:/12148/bd6t531160z/manifest.json'
For more information check: https://developer.mozilla.org/en-US/docs/Web/HTTP/Status/403",2026-07-17T12:20:25.826504
combat,bd6t5311619,,failed,0,0,,http_manifest,known,403,manifest,"Client error '403 ' for url 'https://openapiproext.bnf.fr/iiif/presentation/v3/ark:/12148/bd6t5311619/manifest.json'
For more information check: https://developer.mozilla.org/en-US/docs/Web/HTTP/Status/403",2026-07-17T12:20:27.015871
combat,bd6t531162n,,failed,0,0,,http_manifest,known,403,manifest,"Client error '403 ' for url 'https://openapiproext.bnf.fr/iiif/presentation/v3/ark:/12148/bd6t531162n/manifest.json'
For more information check: https://developer.mozilla.org/en-US/docs/Web/HTTP/Status/403",2026-07-17T12:20:28.225858
combat,bd6t5311630,,failed,0,0,,http_manifest,known,403,manifest,"Client error '403 ' for url 'https://openapiproext.bnf.fr/iiif/presentation/v3/ark:/12148/bd6t5311630/manifest.json'
For more information check: https://developer.mozilla.org/en-US/docs/Web/HTTP/Status/403",2026-07-17T12:20:29.447000
combat,bd6t531164b,,failed,0,0,,http_manifest,known,403,manifest,"Client error '403 ' for url 'https://openapiproext.bnf.fr/iiif/presentation/v3/ark:/12148/bd6t531164b/manifest.json'
For more information check: https://developer.mozilla.org/en-US/docs/Web/HTTP/Status/403",2026-07-17T12:20:30.624243
combat,bd6t531165p,,failed,0,0,,http_manifest,known,403,manifest,"Client error '403 ' for url 'https://openapiproext.bnf.fr/iiif/presentation/v3/ark:/12148/bd6t531165p/manifest.json'
For more information check: https://developer.mozilla.org/en-US/docs/Web/HTTP/Status/403",2026-07-17T12:20:31.837008
combat,bd6t5311661,,failed,0,0,,http_manifest,known,403,manifest,"Client error '403 ' for url 'https://openapiproext.bnf.fr/iiif/presentation/v3/ark:/12148/bd6t5311661/manifest.json'
For more information check: https://developer.mozilla.org/en-US/docs/Web/HTTP/Status/403",2026-07-17T12:20:33.029105
combat,bd6t531167c,,failed,0,0,,http_manifest,known,403,manifest,"Client error '403 ' for url 'https://openapiproext.bnf.fr/iiif/presentation/v3/ark:/12148/bd6t531167c/manifest.json'
For more information check: https://developer.mozilla.org/en-US/docs/Web/HTTP/Status/403",2026-07-17T12:20:34.229723
combat,bd6t531168q,,failed,0,0,,http_manifest,known,403,manifest,"Client error '403 ' for url 'https://openapiproext.bnf.fr/iiif/presentation/v3/ark:/12148/bd6t531168q/manifest.json'
For more information check: https://developer.mozilla.org/en-US/docs/Web/HTTP/Status/403",2026-07-17T12:20:35.457111
combat,bd6t5311692,,failed,0,0,,http_manifest,known,403,manifest,"Client error '403 ' for url 'https://openapiproext.bnf.fr/iiif/presentation/v3/ark:/12148/bd6t5311692/manifest.json'
For more information check: https://developer.mozilla.org/en-US/docs/Web/HTTP/Status/403",2026-07-17T12:20:36.631614
combat,bd6t5311708,,failed,0,0,,http_manifest,known,403,manifest,"Client error '403 ' for url 'https://openapiproext.bnf.fr/iiif/presentation/v3/ark:/12148/bd6t5311708/manifest.json'
For more information check: https://developer.mozilla.org/en-US/docs/Web/HTTP/Status/403",2026-07-17T12:20:37.840906
combat,bd6t531171m,,failed,0,0,,http_manifest,known,403,manifest,"Client error '403 ' for url 'https://openapiproext.bnf.fr/iiif/presentation/v3/ark:/12148/bd6t531171m/manifest.json'
For more information check: https://developer.mozilla.org/en-US/docs/Web/HTTP/Status/403",2026-07-17T12:20:39.038018
combat,bd6t531172z,,failed,0,0,,http_manifest,known,403,manifest,"Client error '403 ' for url 'https://openapiproext.bnf.fr/iiif/presentation/v3/ark:/12148/bd6t531172z/manifest.json'
For more information check: https://developer.mozilla.org/en-US/docs/Web/HTTP/Status/403",2026-07-17T12:20:40.248245
combat,bd6t5311739,,failed,0,0,,http_manifest,known,403,manifest,"Client error '403 ' for url 'https://openapiproext.bnf.fr/iiif/presentation/v3/ark:/12148/bd6t5311739/manifest.json'
For more information check: https://developer.mozilla.org/en-US/docs/Web/HTTP/Status/403",2026-07-17T12:20:41.438244
combat,bd6t531174n,,failed,0,0,,http_manifest,known,403,manifest,"Client error '403 ' for url 'https://openapiproext.bnf.fr/iiif/presentation/v3/ark:/12148/bd6t531174n/manifest.json'
For more information check: https://developer.mozilla.org/en-US/docs/Web/HTTP/Status/403",2026-07-17T12:20:42.644318
combat,bd6t5311750,,failed,0,0,,http_manifest,known,403,manifest,"Client error '403 ' for url 'https://openapiproext.bnf.fr/iiif/presentation/v3/ark:/12148/bd6t5311750/manifest.json'
For more information check: https://developer.mozilla.org/en-US/docs/Web/HTTP/Status/403",2026-07-17T12:20:43.846616
combat,bd6t531176b,,failed,0,0,,http_manifest,known,403,manifest,"Client error '403 ' for url 'https://openapiproext.bnf.fr/iiif/presentation/v3/ark:/12148/bd6t531176b/manifest.json'
For more information check: https://developer.mozilla.org/en-US/docs/Web/HTTP/Status/403",2026-07-17T12:20:45.045451
combat,bd6t531177p,,failed,0,0,,http_manifest,known,403,manifest,"Client error '403 ' for url 'https://openapiproext.bnf.fr/iiif/presentation/v3/ark:/12148/bd6t531177p/manifest.json'
For more information check: https://developer.mozilla.org/en-US/docs/Web/HTTP/Status/403",2026-07-17T12:20:46.255778
combat,bd6t5311781,,failed,0,0,,http_manifest,known,403,manifest,"Client error '403 ' for url 'https://openapiproext.bnf.fr/iiif/presentation/v3/ark:/12148/bd6t5311781/manifest.json'
For more information check: https://developer.mozilla.org/en-US/docs/Web/HTTP/Status/403",2026-07-17T12:20:47.474507
combat,bd6t531179c,,failed,0,0,,http_manifest,known,403,manifest,"Client error '403 ' for url 'https://openapiproext.bnf.fr/iiif/presentation/v3/ark:/12148/bd6t531179c/manifest.json'
For more information check: https://developer.mozilla.org/en-US/docs/Web/HTTP/Status/403",2026-07-17T12:20:48.647336
combat,bd6t531180k,,failed,0,0,,http_manifest,known,403,manifest,"Client error '403 ' for url 'https://openapiproext.bnf.fr/iiif/presentation/v3/ark:/12148/bd6t531180k/manifest.json'
For more information check: https://developer.mozilla.org/en-US/docs/Web/HTTP/Status/403",2026-07-17T12:20:49.850265
combat,bd6t531181x,,failed,0,0,,http_manifest,known,403,manifest,"Client error '403 ' for url 'https://openapiproext.bnf.fr/iiif/presentation/v3/ark:/12148/bd6t531181x/manifest.json'
For more information check: https://developer.mozilla.org/en-US/docs/Web/HTTP/Status/403",2026-07-17T12:20:51.050461
combat,bd6t5311828,,failed,0,0,,http_manifest,known,403,manifest,"Client error '403 ' for url 'https://openapiproext.bnf.fr/iiif/presentation/v3/ark:/12148/bd6t5311828/manifest.json'
For more information check: https://developer.mozilla.org/en-US/docs/Web/HTTP/Status/403",2026-07-17T12:20:52.255208
combat,bd6t531183m,,failed,0,0,,http_manifest,known,403,manifest,"Client error '403 ' for url 'https://openapiproext.bnf.fr/iiif/presentation/v3/ark:/12148/bd6t531183m/manifest.json'
For more information check: https://developer.mozilla.org/en-US/docs/Web/HTTP/Status/403",2026-07-17T12:20:53.455357
combat,bd6t531184z,,failed,0,0,,http_manifest,known,403,manifest,"Client error '403 ' for url 'https://openapiproext.bnf.fr/iiif/presentation/v3/ark:/12148/bd6t531184z/manifest.json'
For more information check: https://developer.mozilla.org/en-US/docs/Web/HTTP/Status/403",2026-07-17T12:20:54.658024
combat,bd6t5311859,,failed,0,0,,http_manifest,known,403,manifest,"Client error '403 ' for url 'https://openapiproext.bnf.fr/iiif/presentation/v3/ark:/12148/bd6t5311859/manifest.json'
For more information check: https://developer.mozilla.org/en-US/docs/Web/HTTP/Status/403",2026-07-17T12:20:55.862281
combat,bd6t531186n,,failed,0,0,,http_manifest,known,403,manifest,"Client error '403 ' for url 'https://openapiproext.bnf.fr/iiif/presentation/v3/ark:/12148/bd6t531186n/manifest.json'
For more information check: https://developer.mozilla.org/en-US/docs/Web/HTTP/Status/403",2026-07-17T12:20:57.058987
combat,bd6t5311870,,failed,0,0,,http_manifest,known,403,manifest,"Client error '403 ' for url 'https://openapiproext.bnf.fr/iiif/presentation/v3/ark:/12148/bd6t5311870/manifest.json'
For more information check: https://developer.mozilla.org/en-US/docs/Web/HTTP/Status/403",2026-07-17T12:20:58.369102
combat,bd6t531188b,,failed,0,0,,http_manifest,known,403,manifest,"Client error '403 ' for url 'https://openapiproext.bnf.fr/iiif/presentation/v3/ark:/12148/bd6t531188b/manifest.json'
For more information check: https://developer.mozilla.org/en-US/docs/Web/HTTP/Status/403",2026-07-17T12:20:59.502138
combat,bd6t531189p,,failed,0,0,,http_manifest,known,403,manifest,"Client error '403 ' for url 'https://openapiproext.bnf.fr/iiif/presentation/v3/ark:/12148/bd6t531189p/manifest.json'
For more information check: https://developer.mozilla.org/en-US/docs/Web/HTTP/Status/403",2026-07-17T12:21:00.811933
combat,bd6t531190w,,failed,0,0,,http_manifest,known,403,manifest,"Client error '403 ' for url 'https://openapiproext.bnf.fr/iiif/presentation/v3/ark:/12148/bd6t531190w/manifest.json'
For more information check: https://developer.mozilla.org/en-US/docs/Web/HTTP/Status/403",2026-07-17T12:21:01.901723
combat,bd6t5311917,,failed,0,0,,http_manifest,known,403,manifest,"Client error '403 ' for url 'https://openapiproext.bnf.fr/iiif/presentation/v3/ark:/12148/bd6t5311917/manifest.json'
For more information check: https://developer.mozilla.org/en-US/docs/Web/HTTP/Status/403",2026-07-17T12:21:03.112289
combat,bd6t531192k,,failed,0,0,,http_manifest,known,403,manifest,"Client error '403 ' for url 'https://openapiproext.bnf.fr/iiif/presentation/v3/ark:/12148/bd6t531192k/manifest.json'
For more information check: https://developer.mozilla.org/en-US/docs/Web/HTTP/Status/403",2026-07-17T12:21:04.288068
combat,bd6t531193x,,failed,0,0,,http_manifest,known,403,manifest,"Client error '403 ' for url 'https://openapiproext.bnf.fr/iiif/presentation/v3/ark:/12148/bd6t531193x/manifest.json'
For more information check: https://developer.mozilla.org/en-US/docs/Web/HTTP/Status/403",2026-07-17T12:21:05.566424
combat,bd6t5311948,,failed,0,0,,http_manifest,known,403,manifest,"Client error '403 ' for url 'https://openapiproext.bnf.fr/iiif/presentation/v3/ark:/12148/bd6t5311948/manifest.json'
For more information check: https://developer.mozilla.org/en-US/docs/Web/HTTP/Status/403",2026-07-17T12:21:06.726440
combat,bd6t531195m,,failed,0,0,,http_manifest,known,403,manifest,"Client error '403 ' for url 'https://openapiproext.bnf.fr/iiif/presentation/v3/ark:/12148/bd6t531195m/manifest.json'
For more information check: https://developer.mozilla.org/en-US/docs/Web/HTTP/Status/403",2026-07-17T12:21:07.873588
combat,bd6t531196z,,failed,0,0,,http_manifest,known,403,manifest,"Client error '403 ' for url 'https://openapiproext.bnf.fr/iiif/presentation/v3/ark:/12148/bd6t531196z/manifest.json'
For more information check: https://developer.mozilla.org/en-US/docs/Web/HTTP/Status/403",2026-07-17T12:21:09.220312
combat,bd6t5311979,,failed,0,0,,http_manifest,known,403,manifest,"Client error '403 ' for url 'https://openapiproext.bnf.fr/iiif/presentation/v3/ark:/12148/bd6t5311979/manifest.json'
For more information check: https://developer.mozilla.org/en-US/docs/Web/HTTP/Status/403",2026-07-17T12:21:10.283338
combat,bd6t5310940,,failed,0,0,,http_manifest,known,403,manifest,"Client error '403 ' for url 'https://openapiproext.bnf.fr/iiif/presentation/v3/ark:/12148/bd6t5310940/manifest.json'
For more information check: https://developer.mozilla.org/en-US/docs/Web/HTTP/Status/403",2026-07-17T12:21:11.482368
combat,bd6t531095b,,failed,0,0,,http_manifest,known,403,manifest,"Client error '403 ' for url 'https://openapiproext.bnf.fr/iiif/presentation/v3/ark:/12148/bd6t531095b/manifest.json'
For more information check: https://developer.mozilla.org/en-US/docs/Web/HTTP/Status/403",2026-07-17T12:21:12.880350
combat,bd6t531096p,,failed,0,0,,http_manifest,known,403,manifest,"Client error '403 ' for url 'https://openapiproext.bnf.fr/iiif/presentation/v3/ark:/12148/bd6t531096p/manifest.json'
For more information check: https://developer.mozilla.org/en-US/docs/Web/HTTP/Status/403",2026-07-17T12:21:14.050968
combat,bd6t5310971,,failed,0,0,,http_manifest,known,403,manifest,"Client error '403 ' for url 'https://openapiproext.bnf.fr/iiif/presentation/v3/ark:/12148/bd6t5310971/manifest.json'
For more information check: https://developer.mozilla.org/en-US/docs/Web/HTTP/Status/403",2026-07-17T12:21:15.301389
combat,bd6t531098c,,failed,0,0,,http_manifest,known,403,manifest,"Client error '403 ' for url 'https://openapiproext.bnf.fr/iiif/presentation/v3/ark:/12148/bd6t531098c/manifest.json'
For more information check: https://developer.mozilla.org/en-US/docs/Web/HTTP/Status/403",2026-07-17T12:21:16.291723
combat,bd6t531099q,,failed,0,0,,http_manifest,known,403,manifest,"Client error '403 ' for url 'https://openapiproext.bnf.fr/iiif/presentation/v3/ark:/12148/bd6t531099q/manifest.json'
For more information check: https://developer.mozilla.org/en-US/docs/Web/HTTP/Status/403",2026-07-17T12:21:17.711963
combat,bd6t5311003,,failed,0,0,,http_manifest,known,403,manifest,"Client error '403 ' for url 'https://openapiproext.bnf.fr/iiif/presentation/v3/ark:/12148/bd6t5311003/manifest.json'
For more information check: https://developer.mozilla.org/en-US/docs/Web/HTTP/Status/403",2026-07-17T12:21:18.787657
combat,bd6t531101f,,failed,0,0,,http_manifest,known,403,manifest,"Client error '403 ' for url 'https://openapiproext.bnf.fr/iiif/presentation/v3/ark:/12148/bd6t531101f/manifest.json'
For more information check: https://developer.mozilla.org/en-US/docs/Web/HTTP/Status/403",2026-07-17T12:21:19.898959
combat,bd6t531102s,,failed,0,0,,http_manifest,known,403,manifest,"Client error '403 ' for url 'https://openapiproext.bnf.fr/iiif/presentation/v3/ark:/12148/bd6t531102s/manifest.json'
For more information check: https://developer.mozilla.org/en-US/docs/Web/HTTP/Status/403",2026-07-17T12:21:21.094778
combat,bd6t5311034,,failed,0,0,,http_manifest,known,403,manifest,"Client error '403 ' for url 'https://openapiproext.bnf.fr/iiif/presentation/v3/ark:/12148/bd6t5311034/manifest.json'
For more information check: https://developer.mozilla.org/en-US/docs/Web/HTTP/Status/403",2026-07-17T12:21:22.299039
combat,bd6t531104g,,failed,0,0,,http_manifest,known,403,manifest,"Client error '403 ' for url 'https://openapiproext.bnf.fr/iiif/presentation/v3/ark:/12148/bd6t531104g/manifest.json'
For more information check: https://developer.mozilla.org/en-US/docs/Web/HTTP/Status/403",2026-07-17T12:21:23.499871
combat,bd6t531105t,,failed,0,0,,http_manifest,known,403,manifest,"Client error '403 ' for url 'https://openapiproext.bnf.fr/iiif/presentation/v3/ark:/12148/bd6t531105t/manifest.json'
For more information check: https://developer.mozilla.org/en-US/docs/Web/HTTP/Status/403",2026-07-17T12:21:24.698857
combat,bd6t5311065,,failed,0,0,,http_manifest,known,403,manifest,"Client error '403 ' for url 'https://openapiproext.bnf.fr/iiif/presentation/v3/ark:/12148/bd6t5311065/manifest.json'
For more information check: https://developer.mozilla.org/en-US/docs/Web/HTTP/Status/403",2026-07-17T12:21:25.910137
combat,bd6t531107h,,failed,0,0,,http_manifest,known,403,manifest,"Client error '403 ' for url 'https://openapiproext.bnf.fr/iiif/presentation/v3/ark:/12148/bd6t531107h/manifest.json'
For more information check: https://developer.mozilla.org/en-US/docs/Web/HTTP/Status/403",2026-07-17T12:21:27.108550
combat,bd6t531108v,,failed,0,0,,http_manifest,known,403,manifest,"Client error '403 ' for url 'https://openapiproext.bnf.fr/iiif/presentation/v3/ark:/12148/bd6t531108v/manifest.json'
For more information check: https://developer.mozilla.org/en-US/docs/Web/HTTP/Status/403",2026-07-17T12:21:28.306224
combat,bd6t5311096,,failed,0,0,,http_manifest,known,403,manifest,"Client error '403 ' for url 'https://openapiproext.bnf.fr/iiif/presentation/v3/ark:/12148/bd6t5311096/manifest.json'
For more information check: https://developer.mozilla.org/en-US/docs/Web/HTTP/Status/403",2026-07-17T12:21:29.532905
combat,bd6t531110d,,failed,0,0,,http_manifest,known,403,manifest,"Client error '403 ' for url 'https://openapiproext.bnf.fr/iiif/presentation/v3/ark:/12148/bd6t531110d/manifest.json'
For more information check: https://developer.mozilla.org/en-US/docs/Web/HTTP/Status/403",2026-07-17T12:21:30.721365
combat,bd6t531111r,,failed,0,0,,http_manifest,known,403,manifest,"Client error '403 ' for url 'https://openapiproext.bnf.fr/iiif/presentation/v3/ark:/12148/bd6t531111r/manifest.json'
For more information check: https://developer.mozilla.org/en-US/docs/Web/HTTP/Status/403",2026-07-17T12:21:31.912238
combat,bd6t5311123,,failed,0,0,,http_manifest,known,403,manifest,"Client error '403 ' for url 'https://openapiproext.bnf.fr/iiif/presentation/v3/ark:/12148/bd6t5311123/manifest.json'
For more information check: https://developer.mozilla.org/en-US/docs/Web/HTTP/Status/403",2026-07-17T12:21:33.122173
combat,bd6t531113f,,failed,0,0,,http_manifest,known,403,manifest,"Client error '403 ' for url 'https://openapiproext.bnf.fr/iiif/presentation/v3/ark:/12148/bd6t531113f/manifest.json'
For more information check: https://developer.mozilla.org/en-US/docs/Web/HTTP/Status/403",2026-07-17T12:21:34.315440
combat,bd6t531114s,,failed,0,0,,http_manifest,known,403,manifest,"Client error '403 ' for url 'https://openapiproext.bnf.fr/iiif/presentation/v3/ark:/12148/bd6t531114s/manifest.json'
For more information check: https://developer.mozilla.org/en-US/docs/Web/HTTP/Status/403",2026-07-17T12:21:35.542510
combat,bd6t5311154,,failed,0,0,,http_manifest,known,403,manifest,"Client error '403 ' for url 'https://openapiproext.bnf.fr/iiif/presentation/v3/ark:/12148/bd6t5311154/manifest.json'
For more information check: https://developer.mozilla.org/en-US/docs/Web/HTTP/Status/403",2026-07-17T12:21:36.720594
combat,bd6t531116g,,failed,0,0,,http_manifest,known,403,manifest,"Client error '403 ' for url 'https://openapiproext.bnf.fr/iiif/presentation/v3/ark:/12148/bd6t531116g/manifest.json'
For more information check: https://developer.mozilla.org/en-US/docs/Web/HTTP/Status/403",2026-07-17T12:21:37.919857
combat,bd6t531117t,,failed,0,0,,http_manifest,known,403,manifest,"Client error '403 ' for url 'https://openapiproext.bnf.fr/iiif/presentation/v3/ark:/12148/bd6t531117t/manifest.json'
For more information check: https://developer.mozilla.org/en-US/docs/Web/HTTP/Status/403",2026-07-17T12:21:39.121155
combat,bd6t5311185,,failed,0,0,,http_manifest,known,403,manifest,"Client error '403 ' for url 'https://openapiproext.bnf.fr/iiif/presentation/v3/ark:/12148/bd6t5311185/manifest.json'
For more information check: https://developer.mozilla.org/en-US/docs/Web/HTTP/Status/403",2026-07-17T12:21:40.322488
combat,bd6t531119h,,failed,0,0,,http_manifest,known,403,manifest,"Client error '403 ' for url 'https://openapiproext.bnf.fr/iiif/presentation/v3/ark:/12148/bd6t531119h/manifest.json'
For more information check: https://developer.mozilla.org/en-US/docs/Web/HTTP/Status/403",2026-07-17T12:21:41.527939
combat,bd6t531120q,,failed,0,0,,http_manifest,known,403,manifest,"Client error '403 ' for url 'https://openapiproext.bnf.fr/iiif/presentation/v3/ark:/12148/bd6t531120q/manifest.json'
For more information check: https://developer.mozilla.org/en-US/docs/Web/HTTP/Status/403",2026-07-17T12:21:42.725120
combat,bd6t5311212,,failed,0,0,,http_manifest,known,403,manifest,"Client error '403 ' for url 'https://openapiproext.bnf.fr/iiif/presentation/v3/ark:/12148/bd6t5311212/manifest.json'
For more information check: https://developer.mozilla.org/en-US/docs/Web/HTTP/Status/403",2026-07-17T12:21:43.928227
combat,bd6t531122d,,failed,0,0,,http_manifest,known,403,manifest,"Client error '403 ' for url 'https://openapiproext.bnf.fr/iiif/presentation/v3/ark:/12148/bd6t531122d/manifest.json'
For more information check: https://developer.mozilla.org/en-US/docs/Web/HTTP/Status/403",2026-07-17T12:21:45.131779
combat,bd6t531123r,,failed,0,0,,http_manifest,known,403,manifest,"Client error '403 ' for url 'https://openapiproext.bnf.fr/iiif/presentation/v3/ark:/12148/bd6t531123r/manifest.json'
For more information check: https://developer.mozilla.org/en-US/docs/Web/HTTP/Status/403",2026-07-17T12:21:46.330488
combat,bd6t5311243,,failed,0,0,,http_manifest,known,403,manifest,"Client error '403 ' for url 'https://openapiproext.bnf.fr/iiif/presentation/v3/ark:/12148/bd6t5311243/manifest.json'
For more information check: https://developer.mozilla.org/en-US/docs/Web/HTTP/Status/403",2026-07-17T12:21:47.562343
combat,bd6t531125f,,failed,0,0,,http_manifest,known,403,manifest,"Client error '403 ' for url 'https://openapiproext.bnf.fr/iiif/presentation/v3/ark:/12148/bd6t531125f/manifest.json'
For more information check: https://developer.mozilla.org/en-US/docs/Web/HTTP/Status/403",2026-07-17T12:21:48.735347
combat,bd6t531126s,,failed,0,0,,http_manifest,known,403,manifest,"Client error '403 ' for url 'https://openapiproext.bnf.fr/iiif/presentation/v3/ark:/12148/bd6t531126s/manifest.json'
For more information check: https://developer.mozilla.org/en-US/docs/Web/HTTP/Status/403",2026-07-17T12:21:49.938464
combat,bd6t5311274,,failed,0,0,,http_manifest,known,403,manifest,"Client error '403 ' for url 'https://openapiproext.bnf.fr/iiif/presentation/v3/ark:/12148/bd6t5311274/manifest.json'
For more information check: https://developer.mozilla.org/en-US/docs/Web/HTTP/Status/403",2026-07-17T12:21:51.135392
combat,bd6t531128g,,failed,0,0,,http_manifest,known,403,manifest,"Client error '403 ' for url 'https://openapiproext.bnf.fr/iiif/presentation/v3/ark:/12148/bd6t531128g/manifest.json'
For more information check: https://developer.mozilla.org/en-US/docs/Web/HTTP/Status/403",2026-07-17T12:21:52.336411
combat,bd6t531129t,,failed,0,0,,http_manifest,known,403,manifest,"Client error '403 ' for url 'https://openapiproext.bnf.fr/iiif/presentation/v3/ark:/12148/bd6t531129t/manifest.json'
For more information check: https://developer.mozilla.org/en-US/docs/Web/HTTP/Status/403",2026-07-17T12:21:53.541320
combat,bd6t5311301,,failed,0,0,,http_manifest,known,403,manifest,"Client error '403 ' for url 'https://openapiproext.bnf.fr/iiif/presentation/v3/ark:/12148/bd6t5311301/manifest.json'
For more information check: https://developer.mozilla.org/en-US/docs/Web/HTTP/Status/403",2026-07-17T12:21:54.750597
combat,bd6t531131c,,failed,0,0,,http_manifest,known,403,manifest,"Client error '403 ' for url 'https://openapiproext.bnf.fr/iiif/presentation/v3/ark:/12148/bd6t531131c/manifest.json'
For more information check: https://developer.mozilla.org/en-US/docs/Web/HTTP/Status/403",2026-07-17T12:21:55.941634
combat,bd6t531132q,,failed,0,0,,http_manifest,known,403,manifest,"Client error '403 ' for url 'https://openapiproext.bnf.fr/iiif/presentation/v3/ark:/12148/bd6t531132q/manifest.json'
For more information check: https://developer.mozilla.org/en-US/docs/Web/HTTP/Status/403",2026-07-17T12:21:57.149018
combat,bd6t5311332,,failed,0,0,,http_manifest,known,403,manifest,"Client error '403 ' for url 'https://openapiproext.bnf.fr/iiif/presentation/v3/ark:/12148/bd6t5311332/manifest.json'
For more information check: https://developer.mozilla.org/en-US/docs/Web/HTTP/Status/403",2026-07-17T12:21:58.501599
combat,bd6t531134d,,failed,0,0,,http_manifest,known,403,manifest,"Client error '403 ' for url 'https://openapiproext.bnf.fr/iiif/presentation/v3/ark:/12148/bd6t531134d/manifest.json'
For more information check: https://developer.mozilla.org/en-US/docs/Web/HTTP/Status/403",2026-07-17T12:21:59.736005
combat,bd6t531135r,,failed,0,0,,http_manifest,known,403,manifest,"Client error '403 ' for url 'https://openapiproext.bnf.fr/iiif/presentation/v3/ark:/12148/bd6t531135r/manifest.json'
For more information check: https://developer.mozilla.org/en-US/docs/Web/HTTP/Status/403",2026-07-17T12:22:00.819390
combat,bd6t5311363,,failed,0,0,,http_manifest,known,403,manifest,"Client error '403 ' for url 'https://openapiproext.bnf.fr/iiif/presentation/v3/ark:/12148/bd6t5311363/manifest.json'
For more information check: https://developer.mozilla.org/en-US/docs/Web/HTTP/Status/403",2026-07-17T12:22:01.986172
combat,bd6t531137f,,failed,0,0,,http_manifest,known,403,manifest,"Client error '403 ' for url 'https://openapiproext.bnf.fr/iiif/presentation/v3/ark:/12148/bd6t531137f/manifest.json'
For more information check: https://developer.mozilla.org/en-US/docs/Web/HTTP/Status/403",2026-07-17T12:22:03.156000
combat,bd6t531138s,,failed,0,0,,http_manifest,known,403,manifest,"Client error '403 ' for url 'https://openapiproext.bnf.fr/iiif/presentation/v3/ark:/12148/bd6t531138s/manifest.json'
For more information check: https://developer.mozilla.org/en-US/docs/Web/HTTP/Status/403",2026-07-17T12:22:04.459395
combat,bd6t5311394,,failed,0,0,,http_manifest,known,403,manifest,"Client error '403 ' for url 'https://openapiproext.bnf.fr/iiif/presentation/v3/ark:/12148/bd6t5311394/manifest.json'
For more information check: https://developer.mozilla.org/en-US/docs/Web/HTTP/Status/403",2026-07-17T12:22:05.722706
combat,bd6t531140b,,failed,0,0,,http_manifest,known,403,manifest,"Client error '403 ' for url 'https://openapiproext.bnf.fr/iiif/presentation/v3/ark:/12148/bd6t531140b/manifest.json'
For more information check: https://developer.mozilla.org/en-US/docs/Web/HTTP/Status/403",2026-07-17T12:22:06.855821
combat,bd6t531141p,,failed,0,0,,http_manifest,known,403,manifest,"Client error '403 ' for url 'https://openapiproext.bnf.fr/iiif/presentation/v3/ark:/12148/bd6t531141p/manifest.json'
For more information check: https://developer.mozilla.org/en-US/docs/Web/HTTP/Status/403",2026-07-17T12:22:07.967482
combat,bd6t5311421,,failed,0,0,,http_manifest,known,403,manifest,"Client error '403 ' for url 'https://openapiproext.bnf.fr/iiif/presentation/v3/ark:/12148/bd6t5311421/manifest.json'
For more information check: https://developer.mozilla.org/en-US/docs/Web/HTTP/Status/403",2026-07-17T12:22:09.171179
combat,bd6t531143c,,failed,0,0,,http_manifest,known,403,manifest,"Client error '403 ' for url 'https://openapiproext.bnf.fr/iiif/presentation/v3/ark:/12148/bd6t531143c/manifest.json'
For more information check: https://developer.mozilla.org/en-US/docs/Web/HTTP/Status/403",2026-07-17T12:22:10.362944
combat,bd6t531144q,,failed,0,0,,http_manifest,known,403,manifest,"Client error '403 ' for url 'https://openapiproext.bnf.fr/iiif/presentation/v3/ark:/12148/bd6t531144q/manifest.json'
For more information check: https://developer.mozilla.org/en-US/docs/Web/HTTP/Status/403",2026-07-17T12:22:11.775729
combat,bd6t5311452,,failed,0,0,,http_manifest,known,403,manifest,"Client error '403 ' for url 'https://openapiproext.bnf.fr/iiif/presentation/v3/ark:/12148/bd6t5311452/manifest.json'
For more information check: https://developer.mozilla.org/en-US/docs/Web/HTTP/Status/403",2026-07-17T12:22:12.905479
combat,bd6t531146d,,failed,0,0,,http_manifest,known,403,manifest,"Client error '403 ' for url 'https://openapiproext.bnf.fr/iiif/presentation/v3/ark:/12148/bd6t531146d/manifest.json'
For more information check: https://developer.mozilla.org/en-US/docs/Web/HTTP/Status/403",2026-07-17T12:22:14.227828
europecolonies,bpt6k4773509s,,failed,0,0,,http_manifest,known,403,manifest,"Client error '403 ' for url 'https://openapiproext.bnf.fr/iiif/presentation/v3/ark:/12148/bpt6k4773509s/manifest.json'
For more information check: https://developer.mozilla.org/en-US/docs/Web/HTTP/Status/403",2026-07-17T12:22:15.187273
europecolonies,bpt6k4773510f,,failed,0,0,,http_manifest,known,403,manifest,"Client error '403 ' for url 'https://openapiproext.bnf.fr/iiif/presentation/v3/ark:/12148/bpt6k4773510f/manifest.json'
For more information check: https://developer.mozilla.org/en-US/docs/Web/HTTP/Status/403",2026-07-17T12:22:16.623099
europecolonies,bpt6k4773511v,,failed,0,0,,http_manifest,known,403,manifest,"Client error '403 ' for url 'https://openapiproext.bnf.fr/iiif/presentation/v3/ark:/12148/bpt6k4773511v/manifest.json'
For more information check: https://developer.mozilla.org/en-US/docs/Web/HTTP/Status/403",2026-07-17T12:22:17.623089
europecolonies,bpt6k4773513p,,failed,0,0,,http_manifest,known,403,manifest,"Client error '403 ' for url 'https://openapiproext.bnf.fr/iiif/presentation/v3/ark:/12148/bpt6k4773513p/manifest.json'
For more information check: https://developer.mozilla.org/en-US/docs/Web/HTTP/Status/403",2026-07-17T12:22:18.834449
europecolonies,bpt6k47735128,,failed,0,0,,http_manifest,known,403,manifest,"Client error '403 ' for url 'https://openapiproext.bnf.fr/iiif/presentation/v3/ark:/12148/bpt6k47735128/manifest.json'
For more information check: https://developer.mozilla.org/en-US/docs/Web/HTTP/Status/403",2026-07-17T12:22:19.980441
francesoir,bd6t5121608t,,failed,0,0,,no_usable_pages,known,,,bd6t5121608t: no usable pages in manifest.,2026-07-17T12:22:20.126976
francesoir,bd6t5129658r,,failed,0,0,,http_manifest,known,403,manifest,"Client error '403 ' for url 'https://openapiproext.bnf.fr/iiif/presentation/v3/ark:/12148/bd6t5129658r/manifest.json'
For more information check: https://developer.mozilla.org/en-US/docs/Web/HTTP/Status/403",2026-07-17T12:22:21.184245
francesoir,bd6t51296594,,failed,0,0,,http_manifest,known,403,manifest,"Client error '403 ' for url 'https://openapiproext.bnf.fr/iiif/presentation/v3/ark:/12148/bd6t51296594/manifest.json'
For more information check: https://developer.mozilla.org/en-US/docs/Web/HTTP/Status/403",2026-07-17T12:22:22.387036
francesoir,bd6t51296602,,failed,0,0,,http_manifest,known,403,manifest,"Client error '403 ' for url 'https://openapiproext.bnf.fr/iiif/presentation/v3/ark:/12148/bd6t51296602/manifest.json'
For more information check: https://developer.mozilla.org/en-US/docs/Web/HTTP/Status/403",2026-07-17T12:22:23.612815
francesoir,bd6t5129661f,,failed,0,0,,http_manifest,known,403,manifest,"Client error '403 ' for url 'https://openapiproext.bnf.fr/iiif/presentation/v3/ark:/12148/bd6t5129661f/manifest.json'
For more information check: https://developer.mozilla.org/en-US/docs/Web/HTTP/Status/403",2026-07-17T12:22:24.793230
francesoir,bd6t5129662t,,failed,0,0,,http_manifest,known,403,manifest,"Client error '403 ' for url 'https://openapiproext.bnf.fr/iiif/presentation/v3/ark:/12148/bd6t5129662t/manifest.json'
For more information check: https://developer.mozilla.org/en-US/docs/Web/HTTP/Status/403",2026-07-17T12:22:25.990693
francesoir,bd6t51296636,,failed,0,0,,http_manifest,known,403,manifest,"Client error '403 ' for url 'https://openapiproext.bnf.fr/iiif/presentation/v3/ark:/12148/bd6t51296636/manifest.json'
For more information check: https://developer.mozilla.org/en-US/docs/Web/HTTP/Status/403",2026-07-17T12:22:27.193975
francesoir,bd6t5129664k,,failed,0,0,,http_manifest,known,403,manifest,"Client error '403 ' for url 'https://openapiproext.bnf.fr/iiif/presentation/v3/ark:/12148/bd6t5129664k/manifest.json'
For more information check: https://developer.mozilla.org/en-US/docs/Web/HTTP/Status/403",2026-07-17T12:22:28.399171
francesoir,bd6t5129665z,,failed,0,0,,http_manifest,known,403,manifest,"Client error '403 ' for url 'https://openapiproext.bnf.fr/iiif/presentation/v3/ark:/12148/bd6t5129665z/manifest.json'
For more information check: https://developer.mozilla.org/en-US/docs/Web/HTTP/Status/403",2026-07-17T12:22:29.609488
francesoir,bd6t5129666b,,failed,0,0,,http_manifest,known,403,manifest,"Client error '403 ' for url 'https://openapiproext.bnf.fr/iiif/presentation/v3/ark:/12148/bd6t5129666b/manifest.json'
For more information check: https://developer.mozilla.org/en-US/docs/Web/HTTP/Status/403",2026-07-17T12:22:30.799671
francesoir,bd6t5129667q,,failed,0,0,,http_manifest,known,403,manifest,"Client error '403 ' for url 'https://openapiproext.bnf.fr/iiif/presentation/v3/ark:/12148/bd6t5129667q/manifest.json'
For more information check: https://developer.mozilla.org/en-US/docs/Web/HTTP/Status/403",2026-07-17T12:22:32.009730
francesoir,bd6t51296683,,failed,0,0,,http_manifest,known,403,manifest,"Client error '403 ' for url 'https://openapiproext.bnf.fr/iiif/presentation/v3/ark:/12148/bd6t51296683/manifest.json'
For more information check: https://developer.mozilla.org/en-US/docs/Web/HTTP/Status/403",2026-07-17T12:22:33.205043
francesoir,bd6t5129669g,,failed,0,0,,http_manifest,known,403,manifest,"Client error '403 ' for url 'https://openapiproext.bnf.fr/iiif/presentation/v3/ark:/12148/bd6t5129669g/manifest.json'
For more information check: https://developer.mozilla.org/en-US/docs/Web/HTTP/Status/403",2026-07-17T12:22:34.406437
francesoir,bd6t5129670d,,failed,0,0,,http_manifest,known,403,manifest,"Client error '403 ' for url 'https://openapiproext.bnf.fr/iiif/presentation/v3/ark:/12148/bd6t5129670d/manifest.json'
For more information check: https://developer.mozilla.org/en-US/docs/Web/HTTP/Status/403",2026-07-17T12:22:35.627684
francesoir,bd6t5129671s,,failed,0,0,,http_manifest,known,403,manifest,"Client error '403 ' for url 'https://openapiproext.bnf.fr/iiif/presentation/v3/ark:/12148/bd6t5129671s/manifest.json'
For more information check: https://developer.mozilla.org/en-US/docs/Web/HTTP/Status/403",2026-07-17T12:22:36.812316
francesoir,bd6t51296725,,failed,0,0,,http_manifest,known,403,manifest,"Client error '403 ' for url 'https://openapiproext.bnf.fr/iiif/presentation/v3/ark:/12148/bd6t51296725/manifest.json'
For more information check: https://developer.mozilla.org/en-US/docs/Web/HTTP/Status/403",2026-07-17T12:22:38.013876
francesoir,bd6t5129673j,,failed,0,0,,http_manifest,known,403,manifest,"Client error '403 ' for url 'https://openapiproext.bnf.fr/iiif/presentation/v3/ark:/12148/bd6t5129673j/manifest.json'
For more information check: https://developer.mozilla.org/en-US/docs/Web/HTTP/Status/403",2026-07-17T12:22:39.208496
francesoir,bd6t5129674x,,failed,0,0,,http_manifest,known,403,manifest,"Client error '403 ' for url 'https://openapiproext.bnf.fr/iiif/presentation/v3/ark:/12148/bd6t5129674x/manifest.json'
For more information check: https://developer.mozilla.org/en-US/docs/Web/HTTP/Status/403",2026-07-17T12:22:40.414305
francesoir,bd6t51296759,,failed,0,0,,http_manifest,known,403,manifest,"Client error '403 ' for url 'https://openapiproext.bnf.fr/iiif/presentation/v3/ark:/12148/bd6t51296759/manifest.json'
For more information check: https://developer.mozilla.org/en-US/docs/Web/HTTP/Status/403",2026-07-17T12:22:41.619039
francesoir,bd6t5129676p,,failed,0,0,,http_manifest,known,403,manifest,"Client error '403 ' for url 'https://openapiproext.bnf.fr/iiif/presentation/v3/ark:/12148/bd6t5129676p/manifest.json'
For more information check: https://developer.mozilla.org/en-US/docs/Web/HTTP/Status/403",2026-07-17T12:22:42.819438
francesoir,bd6t51296772,,failed,0,0,,http_manifest,known,403,manifest,"Client error '403 ' for url 'https://openapiproext.bnf.fr/iiif/presentation/v3/ark:/12148/bd6t51296772/manifest.json'
For more information check: https://developer.mozilla.org/en-US/docs/Web/HTTP/Status/403",2026-07-17T12:22:44.021675
francesoir,bd6t5129678f,,failed,0,0,,http_manifest,known,403,manifest,"Client error '403 ' for url 'https://openapiproext.bnf.fr/iiif/presentation/v3/ark:/12148/bd6t5129678f/manifest.json'
For more information check: https://developer.mozilla.org/en-US/docs/Web/HTTP/Status/403",2026-07-17T12:22:45.221279
francesoir,bd6t5129679t,,failed,0,0,,http_manifest,known,403,manifest,"Client error '403 ' for url 'https://openapiproext.bnf.fr/iiif/presentation/v3/ark:/12148/bd6t5129679t/manifest.json'
For more information check: https://developer.mozilla.org/en-US/docs/Web/HTTP/Status/403",2026-07-17T12:22:46.424328
francesoir,bd6t5129680r,,failed,0,0,,http_manifest,known,403,manifest,"Client error '403 ' for url 'https://openapiproext.bnf.fr/iiif/presentation/v3/ark:/12148/bd6t5129680r/manifest.json'
For more information check: https://developer.mozilla.org/en-US/docs/Web/HTTP/Status/403",2026-07-17T12:22:47.652908
francesoir,bd6t51296814,,failed,0,0,,http_manifest,known,403,manifest,"Client error '403 ' for url 'https://openapiproext.bnf.fr/iiif/presentation/v3/ark:/12148/bd6t51296814/manifest.json'
For more information check: https://developer.mozilla.org/en-US/docs/Web/HTTP/Status/403",2026-07-17T12:22:48.832836
francesoir,bd6t5129682h,,failed,0,0,,http_manifest,known,403,manifest,"Client error '403 ' for url 'https://openapiproext.bnf.fr/iiif/presentation/v3/ark:/12148/bd6t5129682h/manifest.json'
For more information check: https://developer.mozilla.org/en-US/docs/Web/HTTP/Status/403",2026-07-17T12:22:50.028968
francesoir,bd6t5129683w,,failed,0,0,,http_manifest,known,403,manifest,"Client error '403 ' for url 'https://openapiproext.bnf.fr/iiif/presentation/v3/ark:/12148/bd6t5129683w/manifest.json'
For more information check: https://developer.mozilla.org/en-US/docs/Web/HTTP/Status/403",2026-07-17T12:22:51.232688
francesoir,bd6t51296848,,failed,0,0,,http_manifest,known,403,manifest,"Client error '403 ' for url 'https://openapiproext.bnf.fr/iiif/presentation/v3/ark:/12148/bd6t51296848/manifest.json'
For more information check: https://developer.mozilla.org/en-US/docs/Web/HTTP/Status/403",2026-07-17T12:22:52.433960
francesoir,bd6t5129685n,,failed,0,0,,http_manifest,known,403,manifest,"Client error '403 ' for url 'https://openapiproext.bnf.fr/iiif/presentation/v3/ark:/12148/bd6t5129685n/manifest.json'
For more information check: https://developer.mozilla.org/en-US/docs/Web/HTTP/Status/403",2026-07-17T12:22:53.674006
francesoir,bd6t51296861,,failed,0,0,,http_manifest,known,403,manifest,"Client error '403 ' for url 'https://openapiproext.bnf.fr/iiif/presentation/v3/ark:/12148/bd6t51296861/manifest.json'
For more information check: https://developer.mozilla.org/en-US/docs/Web/HTTP/Status/403",2026-07-17T12:22:54.840358
francesoir,bd6t5129687d,,failed,0,0,,http_manifest,known,403,manifest,"Client error '403 ' for url 'https://openapiproext.bnf.fr/iiif/presentation/v3/ark:/12148/bd6t5129687d/manifest.json'
For more information check: https://developer.mozilla.org/en-US/docs/Web/HTTP/Status/403",2026-07-17T12:22:56.035271
francesoir,bd6t5129688s,,failed,0,0,,http_manifest,known,403,manifest,"Client error '403 ' for url 'https://openapiproext.bnf.fr/iiif/presentation/v3/ark:/12148/bd6t5129688s/manifest.json'
For more information check: https://developer.mozilla.org/en-US/docs/Web/HTTP/Status/403",2026-07-17T12:22:57.247640
francesoir,bd6t51296895,,failed,0,0,,http_manifest,known,403,manifest,"Client error '403 ' for url 'https://openapiproext.bnf.fr/iiif/presentation/v3/ark:/12148/bd6t51296895/manifest.json'
For more information check: https://developer.mozilla.org/en-US/docs/Web/HTTP/Status/403",2026-07-17T12:22:58.605548
francesoir,bd6t51296903,,failed,0,0,,http_manifest,known,403,manifest,"Client error '403 ' for url 'https://openapiproext.bnf.fr/iiif/presentation/v3/ark:/12148/bd6t51296903/manifest.json'
For more information check: https://developer.mozilla.org/en-US/docs/Web/HTTP/Status/403",2026-07-17T12:22:59.722721
francesoir,bd6t5129691g,,failed,0,0,,http_manifest,known,403,manifest,"Client error '403 ' for url 'https://openapiproext.bnf.fr/iiif/presentation/v3/ark:/12148/bd6t5129691g/manifest.json'
For more information check: https://developer.mozilla.org/en-US/docs/Web/HTTP/Status/403",2026-07-17T12:23:00.892265
francesoir,bd6t5129692v,,failed,0,0,,http_manifest,known,403,manifest,"Client error '403 ' for url 'https://openapiproext.bnf.fr/iiif/presentation/v3/ark:/12148/bd6t5129692v/manifest.json'
For more information check: https://developer.mozilla.org/en-US/docs/Web/HTTP/Status/403",2026-07-17T12:23:02.285344
francesoir,bd6t51296937,,failed,0,0,,http_manifest,known,403,manifest,"Client error '403 ' for url 'https://openapiproext.bnf.fr/iiif/presentation/v3/ark:/12148/bd6t51296937/manifest.json'
For more information check: https://developer.mozilla.org/en-US/docs/Web/HTTP/Status/403",2026-07-17T12:23:03.243563
francesoir,bd6t5129694m,,failed,0,0,,http_manifest,known,403,manifest,"Client error '403 ' for url 'https://openapiproext.bnf.fr/iiif/presentation/v3/ark:/12148/bd6t5129694m/manifest.json'
For more information check: https://developer.mozilla.org/en-US/docs/Web/HTTP/Status/403",2026-07-17T12:23:04.583759
francesoir,bd6t51296950,,failed,0,0,,http_manifest,known,403,manifest,"Client error '403 ' for url 'https://openapiproext.bnf.fr/iiif/presentation/v3/ark:/12148/bd6t51296950/manifest.json'
For more information check: https://developer.mozilla.org/en-US/docs/Web/HTTP/Status/403",2026-07-17T12:23:05.794151
francesoir,bd6t5129696c,,failed,0,0,,http_manifest,known,403,manifest,"Client error '403 ' for url 'https://openapiproext.bnf.fr/iiif/presentation/v3/ark:/12148/bd6t5129696c/manifest.json'
For more information check: https://developer.mozilla.org/en-US/docs/Web/HTTP/Status/403",2026-07-17T12:23:06.847762
francesoir,bd6t5129697r,,failed,0,0,,http_manifest,known,403,manifest,"Client error '403 ' for url 'https://openapiproext.bnf.fr/iiif/presentation/v3/ark:/12148/bd6t5129697r/manifest.json'
For more information check: https://developer.mozilla.org/en-US/docs/Web/HTTP/Status/403",2026-07-17T12:23:08.050992
francesoir,bd6t51296984,,failed,0,0,,http_manifest,known,403,manifest,"Client error '403 ' for url 'https://openapiproext.bnf.fr/iiif/presentation/v3/ark:/12148/bd6t51296984/manifest.json'
For more information check: https://developer.mozilla.org/en-US/docs/Web/HTTP/Status/403",2026-07-17T12:23:09.251146
francesoir,bd6t5129699h,,failed,0,0,,http_manifest,known,403,manifest,"Client error '403 ' for url 'https://openapiproext.bnf.fr/iiif/presentation/v3/ark:/12148/bd6t5129699h/manifest.json'
For more information check: https://developer.mozilla.org/en-US/docs/Web/HTTP/Status/403",2026-07-17T12:23:10.454494
francesoir,bd6t51297009,,failed,0,0,,http_manifest,known,403,manifest,"Client error '403 ' for url 'https://openapiproext.bnf.fr/iiif/presentation/v3/ark:/12148/bd6t51297009/manifest.json'
For more information check: https://developer.mozilla.org/en-US/docs/Web/HTTP/Status/403",2026-07-17T12:23:11.658610
francesoir,bd6t5129701p,,failed,0,0,,http_manifest,known,403,manifest,"Client error '403 ' for url 'https://openapiproext.bnf.fr/iiif/presentation/v3/ark:/12148/bd6t5129701p/manifest.json'
For more information check: https://developer.mozilla.org/en-US/docs/Web/HTTP/Status/403",2026-07-17T12:23:13.088687
francesoir,bd6t51297022,,failed,0,0,,http_manifest,known,403,manifest,"Client error '403 ' for url 'https://openapiproext.bnf.fr/iiif/presentation/v3/ark:/12148/bd6t51297022/manifest.json'
For more information check: https://developer.mozilla.org/en-US/docs/Web/HTTP/Status/403",2026-07-17T12:23:14.269577
francesoir,bd6t5129703f,,failed,0,0,,http_manifest,known,403,manifest,"Client error '403 ' for url 'https://openapiproext.bnf.fr/iiif/presentation/v3/ark:/12148/bd6t5129703f/manifest.json'
For more information check: https://developer.mozilla.org/en-US/docs/Web/HTTP/Status/403",2026-07-17T12:23:15.483554
francesoir,bd6t5129704t,,failed,0,0,,http_manifest,known,403,manifest,"Client error '403 ' for url 'https://openapiproext.bnf.fr/iiif/presentation/v3/ark:/12148/bd6t5129704t/manifest.json'
For more information check: https://developer.mozilla.org/en-US/docs/Web/HTTP/Status/403",2026-07-17T12:23:16.468975
francesoir,bd6t51297056,,failed,0,0,,http_manifest,known,403,manifest,"Client error '403 ' for url 'https://openapiproext.bnf.fr/iiif/presentation/v3/ark:/12148/bd6t51297056/manifest.json'
For more information check: https://developer.mozilla.org/en-US/docs/Web/HTTP/Status/403",2026-07-17T12:23:17.693759
francesoir,bd6t5129706k,,failed,0,0,,http_manifest,known,403,manifest,"Client error '403 ' for url 'https://openapiproext.bnf.fr/iiif/presentation/v3/ark:/12148/bd6t5129706k/manifest.json'
For more information check: https://developer.mozilla.org/en-US/docs/Web/HTTP/Status/403",2026-07-17T12:23:18.868634
francesoir,bd6t5129707z,,failed,0,0,,http_manifest,known,403,manifest,"Client error '403 ' for url 'https://openapiproext.bnf.fr/iiif/presentation/v3/ark:/12148/bd6t5129707z/manifest.json'
For more information check: https://developer.mozilla.org/en-US/docs/Web/HTTP/Status/403",2026-07-17T12:23:20.075403
francesoir,bd6t5129708b,,failed,0,0,,http_manifest,known,403,manifest,"Client error '403 ' for url 'https://openapiproext.bnf.fr/iiif/presentation/v3/ark:/12148/bd6t5129708b/manifest.json'
For more information check: https://developer.mozilla.org/en-US/docs/Web/HTTP/Status/403",2026-07-17T12:23:21.277338
francesoir,bd6t5129709q,,failed,0,0,,http_manifest,known,403,manifest,"Client error '403 ' for url 'https://openapiproext.bnf.fr/iiif/presentation/v3/ark:/12148/bd6t5129709q/manifest.json'
For more information check: https://developer.mozilla.org/en-US/docs/Web/HTTP/Status/403",2026-07-17T12:23:22.478182
francesoir,bd6t5129710n,,failed,0,0,,http_manifest,known,403,manifest,"Client error '403 ' for url 'https://openapiproext.bnf.fr/iiif/presentation/v3/ark:/12148/bd6t5129710n/manifest.json'
For more information check: https://developer.mozilla.org/en-US/docs/Web/HTTP/Status/403",2026-07-17T12:23:23.706397
francesoir,bd6t51297111,,failed,0,0,,http_manifest,known,403,manifest,"Client error '403 ' for url 'https://openapiproext.bnf.fr/iiif/presentation/v3/ark:/12148/bd6t51297111/manifest.json'
For more information check: https://developer.mozilla.org/en-US/docs/Web/HTTP/Status/403",2026-07-17T12:23:24.882728
francesoir,bd6t5129712d,,failed,0,0,,http_manifest,known,403,manifest,"Client error '403 ' for url 'https://openapiproext.bnf.fr/iiif/presentation/v3/ark:/12148/bd6t5129712d/manifest.json'
For more information check: https://developer.mozilla.org/en-US/docs/Web/HTTP/Status/403",2026-07-17T12:23:26.083044
francesoir,bd6t5129713s,,failed,0,0,,http_manifest,known,403,manifest,"Client error '403 ' for url 'https://openapiproext.bnf.fr/iiif/presentation/v3/ark:/12148/bd6t5129713s/manifest.json'
For more information check: https://developer.mozilla.org/en-US/docs/Web/HTTP/Status/403",2026-07-17T12:23:27.285648
francesoir,bd6t51297145,,failed,0,0,,http_manifest,known,403,manifest,"Client error '403 ' for url 'https://openapiproext.bnf.fr/iiif/presentation/v3/ark:/12148/bd6t51297145/manifest.json'
For more information check: https://developer.mozilla.org/en-US/docs/Web/HTTP/Status/403",2026-07-17T12:23:28.486712
francesoir,bd6t5129715j,,failed,0,0,,http_manifest,known,403,manifest,"Client error '403 ' for url 'https://openapiproext.bnf.fr/iiif/presentation/v3/ark:/12148/bd6t5129715j/manifest.json'
For more information check: https://developer.mozilla.org/en-US/docs/Web/HTTP/Status/403",2026-07-17T12:23:29.689874
francesoir,bd6t5129716x,,failed,0,0,,http_manifest,known,403,manifest,"Client error '403 ' for url 'https://openapiproext.bnf.fr/iiif/presentation/v3/ark:/12148/bd6t5129716x/manifest.json'
For more information check: https://developer.mozilla.org/en-US/docs/Web/HTTP/Status/403",2026-07-17T12:23:30.889967
francesoir,bd6t51297179,,failed,0,0,,http_manifest,known,403,manifest,"Client error '403 ' for url 'https://openapiproext.bnf.fr/iiif/presentation/v3/ark:/12148/bd6t51297179/manifest.json'
For more information check: https://developer.mozilla.org/en-US/docs/Web/HTTP/Status/403",2026-07-17T12:23:32.091014
francesoir,bd6t5129718p,,failed,0,0,,http_manifest,known,403,manifest,"Client error '403 ' for url 'https://openapiproext.bnf.fr/iiif/presentation/v3/ark:/12148/bd6t5129718p/manifest.json'
For more information check: https://developer.mozilla.org/en-US/docs/Web/HTTP/Status/403",2026-07-17T12:23:33.291392
francesoir,bd6t51297192,,failed,0,0,,http_manifest,known,403,manifest,"Client error '403 ' for url 'https://openapiproext.bnf.fr/iiif/presentation/v3/ark:/12148/bd6t51297192/manifest.json'
For more information check: https://developer.mozilla.org/en-US/docs/Web/HTTP/Status/403",2026-07-17T12:23:34.494014
francesoir,bd6t51297200,,failed,0,0,,http_manifest,known,403,manifest,"Client error '403 ' for url 'https://openapiproext.bnf.fr/iiif/presentation/v3/ark:/12148/bd6t51297200/manifest.json'
For more information check: https://developer.mozilla.org/en-US/docs/Web/HTTP/Status/403",2026-07-17T12:23:35.726771
francesoir,bd6t5129721c,,failed,0,0,,http_manifest,known,403,manifest,"Client error '403 ' for url 'https://openapiproext.bnf.fr/iiif/presentation/v3/ark:/12148/bd6t5129721c/manifest.json'
For more information check: https://developer.mozilla.org/en-US/docs/Web/HTTP/Status/403",2026-07-17T12:23:36.893900
francesoir,bd6t5129722r,,failed,0,0,,http_manifest,known,403,manifest,"Client error '403 ' for url 'https://openapiproext.bnf.fr/iiif/presentation/v3/ark:/12148/bd6t5129722r/manifest.json'
For more information check: https://developer.mozilla.org/en-US/docs/Web/HTTP/Status/403",2026-07-17T12:23:38.098181
francesoir,bd6t51297234,,failed,0,0,,http_manifest,known,403,manifest,"Client error '403 ' for url 'https://openapiproext.bnf.fr/iiif/presentation/v3/ark:/12148/bd6t51297234/manifest.json'
For more information check: https://developer.mozilla.org/en-US/docs/Web/HTTP/Status/403",2026-07-17T12:23:39.301300
francesoir,bd6t5129724h,,failed,0,0,,http_manifest,known,403,manifest,"Client error '403 ' for url 'https://openapiproext.bnf.fr/iiif/presentation/v3/ark:/12148/bd6t5129724h/manifest.json'
For more information check: https://developer.mozilla.org/en-US/docs/Web/HTTP/Status/403",2026-07-17T12:23:40.506952
francesoir,bd6t5129725w,,failed,0,0,,http_manifest,known,403,manifest,"Client error '403 ' for url 'https://openapiproext.bnf.fr/iiif/presentation/v3/ark:/12148/bd6t5129725w/manifest.json'
For more information check: https://developer.mozilla.org/en-US/docs/Web/HTTP/Status/403",2026-07-17T12:23:41.707850
francesoir,bd6t51297268,,failed,0,0,,http_manifest,known,403,manifest,"Client error '403 ' for url 'https://openapiproext.bnf.fr/iiif/presentation/v3/ark:/12148/bd6t51297268/manifest.json'
For more information check: https://developer.mozilla.org/en-US/docs/Web/HTTP/Status/403",2026-07-17T12:23:42.907334
francesoir,bd6t5129727n,,failed,0,0,,http_manifest,known,403,manifest,"Client error '403 ' for url 'https://openapiproext.bnf.fr/iiif/presentation/v3/ark:/12148/bd6t5129727n/manifest.json'
For more information check: https://developer.mozilla.org/en-US/docs/Web/HTTP/Status/403",2026-07-17T12:23:44.109283
francesoir,bd6t51297281,,failed,0,0,,http_manifest,known,403,manifest,"Client error '403 ' for url 'https://openapiproext.bnf.fr/iiif/presentation/v3/ark:/12148/bd6t51297281/manifest.json'
For more information check: https://developer.mozilla.org/en-US/docs/Web/HTTP/Status/403",2026-07-17T12:23:45.311537
francesoir,bd6t5129729d,,failed,0,0,,http_manifest,known,403,manifest,"Client error '403 ' for url 'https://openapiproext.bnf.fr/iiif/presentation/v3/ark:/12148/bd6t5129729d/manifest.json'
For more information check: https://developer.mozilla.org/en-US/docs/Web/HTTP/Status/403",2026-07-17T12:23:46.509431
francesoir,bd6t5129730b,,failed,0,0,,http_manifest,known,403,manifest,"Client error '403 ' for url 'https://openapiproext.bnf.fr/iiif/presentation/v3/ark:/12148/bd6t5129730b/manifest.json'
For more information check: https://developer.mozilla.org/en-US/docs/Web/HTTP/Status/403",2026-07-17T12:23:47.730127
francesoir,bd6t5129731q,,failed,0,0,,http_manifest,known,403,manifest,"Client error '403 ' for url 'https://openapiproext.bnf.fr/iiif/presentation/v3/ark:/12148/bd6t5129731q/manifest.json'
For more information check: https://developer.mozilla.org/en-US/docs/Web/HTTP/Status/403",2026-07-17T12:23:48.917816
francesoir,bd6t51297323,,failed,0,0,,http_manifest,known,403,manifest,"Client error '403 ' for url 'https://openapiproext.bnf.fr/iiif/presentation/v3/ark:/12148/bd6t51297323/manifest.json'
For more information check: https://developer.mozilla.org/en-US/docs/Web/HTTP/Status/403",2026-07-17T12:23:50.117314
francesoir,bd6t5129733g,,failed,0,0,,http_manifest,known,403,manifest,"Client error '403 ' for url 'https://openapiproext.bnf.fr/iiif/presentation/v3/ark:/12148/bd6t5129733g/manifest.json'
For more information check: https://developer.mozilla.org/en-US/docs/Web/HTTP/Status/403",2026-07-17T12:23:51.322466
francesoir,bd6t5129734v,,failed,0,0,,http_manifest,known,403,manifest,"Client error '403 ' for url 'https://openapiproext.bnf.fr/iiif/presentation/v3/ark:/12148/bd6t5129734v/manifest.json'
For more information check: https://developer.mozilla.org/en-US/docs/Web/HTTP/Status/403",2026-07-17T12:23:52.528238
francesoir,bd6t51297357,,failed,0,0,,http_manifest,known,403,manifest,"Client error '403 ' for url 'https://openapiproext.bnf.fr/iiif/presentation/v3/ark:/12148/bd6t51297357/manifest.json'
For more information check: https://developer.mozilla.org/en-US/docs/Web/HTTP/Status/403",2026-07-17T12:23:53.751652
francesoir,bd6t5129581t,,failed,0,0,,http_manifest,known,403,manifest,"Client error '403 ' for url 'https://openapiproext.bnf.fr/iiif/presentation/v3/ark:/12148/bd6t5129581t/manifest.json'
For more information check: https://developer.mozilla.org/en-US/docs/Web/HTTP/Status/403",2026-07-17T12:23:54.926807
francesoir,bd6t51295826,,failed,0,0,,http_manifest,known,403,manifest,"Client error '403 ' for url 'https://openapiproext.bnf.fr/iiif/presentation/v3/ark:/12148/bd6t51295826/manifest.json'
For more information check: https://developer.mozilla.org/en-US/docs/Web/HTTP/Status/403",2026-07-17T12:23:56.126751
francesoir,bd6t5129583k,,failed,0,0,,http_manifest,known,403,manifest,"Client error '403 ' for url 'https://openapiproext.bnf.fr/iiif/presentation/v3/ark:/12148/bd6t5129583k/manifest.json'
For more information check: https://developer.mozilla.org/en-US/docs/Web/HTTP/Status/403",2026-07-17T12:23:57.332207
francesoir,bd6t5129584z,,failed,0,0,,http_manifest,known,403,manifest,"Client error '403 ' for url 'https://openapiproext.bnf.fr/iiif/presentation/v3/ark:/12148/bd6t5129584z/manifest.json'
For more information check: https://developer.mozilla.org/en-US/docs/Web/HTTP/Status/403",2026-07-17T12:23:58.816510
francesoir,bd6t5129585b,,failed,0,0,,http_manifest,known,403,manifest,"Client error '403 ' for url 'https://openapiproext.bnf.fr/iiif/presentation/v3/ark:/12148/bd6t5129585b/manifest.json'
For more information check: https://developer.mozilla.org/en-US/docs/Web/HTTP/Status/403",2026-07-17T12:23:59.875472
francesoir,bd6t5129586q,,failed,0,0,,http_manifest,known,403,manifest,"Client error '403 ' for url 'https://openapiproext.bnf.fr/iiif/presentation/v3/ark:/12148/bd6t5129586q/manifest.json'
For more information check: https://developer.mozilla.org/en-US/docs/Web/HTTP/Status/403",2026-07-17T12:24:01.110413
francesoir,bd6t51295873,,failed,0,0,,http_manifest,known,403,manifest,"Client error '403 ' for url 'https://openapiproext.bnf.fr/iiif/presentation/v3/ark:/12148/bd6t51295873/manifest.json'
For more information check: https://developer.mozilla.org/en-US/docs/Web/HTTP/Status/403",2026-07-17T12:24:02.173894
francesoir,bd6t5129588g,,failed,0,0,,http_manifest,known,403,manifest,"Client error '403 ' for url 'https://openapiproext.bnf.fr/iiif/presentation/v3/ark:/12148/bd6t5129588g/manifest.json'
For more information check: https://developer.mozilla.org/en-US/docs/Web/HTTP/Status/403",2026-07-17T12:24:03.338075
francesoir,bd6t5129589v,,failed,0,0,,http_manifest,known,403,manifest,"Client error '403 ' for url 'https://openapiproext.bnf.fr/iiif/presentation/v3/ark:/12148/bd6t5129589v/manifest.json'
For more information check: https://developer.mozilla.org/en-US/docs/Web/HTTP/Status/403",2026-07-17T12:24:04.601008
francesoir,bd6t5129590s,,failed,0,0,,http_manifest,known,403,manifest,"Client error '403 ' for url 'https://openapiproext.bnf.fr/iiif/presentation/v3/ark:/12148/bd6t5129590s/manifest.json'
For more information check: https://developer.mozilla.org/en-US/docs/Web/HTTP/Status/403",2026-07-17T12:24:05.874616
francesoir,bd6t51295915,,failed,0,0,,http_manifest,known,403,manifest,"Client error '403 ' for url 'https://openapiproext.bnf.fr/iiif/presentation/v3/ark:/12148/bd6t51295915/manifest.json'
For more information check: https://developer.mozilla.org/en-US/docs/Web/HTTP/Status/403",2026-07-17T12:24:06.940194
francesoir,bd6t5129592j,,failed,0,0,,http_manifest,known,403,manifest,"Client error '403 ' for url 'https://openapiproext.bnf.fr/iiif/presentation/v3/ark:/12148/bd6t5129592j/manifest.json'
For more information check: https://developer.mozilla.org/en-US/docs/Web/HTTP/Status/403",2026-07-17T12:24:08.146684
francesoir,bd6t5129593x,,failed,0,0,,http_manifest,known,403,manifest,"Client error '403 ' for url 'https://openapiproext.bnf.fr/iiif/presentation/v3/ark:/12148/bd6t5129593x/manifest.json'
For more information check: https://developer.mozilla.org/en-US/docs/Web/HTTP/Status/403",2026-07-17T12:24:09.345468
francesoir,bd6t51295949,,failed,0,0,,http_manifest,known,403,manifest,"Client error '403 ' for url 'https://openapiproext.bnf.fr/iiif/presentation/v3/ark:/12148/bd6t51295949/manifest.json'
For more information check: https://developer.mozilla.org/en-US/docs/Web/HTTP/Status/403",2026-07-17T12:24:10.658868
francesoir,bd6t5129595p,,failed,0,0,,http_manifest,known,403,manifest,"Client error '403 ' for url 'https://openapiproext.bnf.fr/iiif/presentation/v3/ark:/12148/bd6t5129595p/manifest.json'
For more information check: https://developer.mozilla.org/en-US/docs/Web/HTTP/Status/403",2026-07-17T12:24:11.917643
francesoir,bd6t51295962,,failed,0,0,,http_manifest,known,403,manifest,"Client error '403 ' for url 'https://openapiproext.bnf.fr/iiif/presentation/v3/ark:/12148/bd6t51295962/manifest.json'
For more information check: https://developer.mozilla.org/en-US/docs/Web/HTTP/Status/403",2026-07-17T12:24:12.950076
francesoir,bd6t5129597f,,failed,0,0,,http_manifest,known,403,manifest,"Client error '403 ' for url 'https://openapiproext.bnf.fr/iiif/presentation/v3/ark:/12148/bd6t5129597f/manifest.json'
For more information check: https://developer.mozilla.org/en-US/docs/Web/HTTP/Status/403",2026-07-17T12:24:14.335676
francesoir,bd6t5129598t,,failed,0,0,,http_manifest,known,403,manifest,"Client error '403 ' for url 'https://openapiproext.bnf.fr/iiif/presentation/v3/ark:/12148/bd6t5129598t/manifest.json'
For more information check: https://developer.mozilla.org/en-US/docs/Web/HTTP/Status/403",2026-07-17T12:24:15.355899
francesoir,bd6t51295996,,failed,0,0,,http_manifest,known,403,manifest,"Client error '403 ' for url 'https://openapiproext.bnf.fr/iiif/presentation/v3/ark:/12148/bd6t51295996/manifest.json'
For more information check: https://developer.mozilla.org/en-US/docs/Web/HTTP/Status/403",2026-07-17T12:24:16.575398
francesoir,bd6t51296000,,failed,0,0,,http_manifest,known,403,manifest,"Client error '403 ' for url 'https://openapiproext.bnf.fr/iiif/presentation/v3/ark:/12148/bd6t51296000/manifest.json'
For more information check: https://developer.mozilla.org/en-US/docs/Web/HTTP/Status/403",2026-07-17T12:24:17.773574
francesoir,bd6t5129601c,,failed,0,0,,http_manifest,known,403,manifest,"Client error '403 ' for url 'https://openapiproext.bnf.fr/iiif/presentation/v3/ark:/12148/bd6t5129601c/manifest.json'
For more information check: https://developer.mozilla.org/en-US/docs/Web/HTTP/Status/403",2026-07-17T12:24:18.967371
francesoir,bd6t5129602r,,failed,0,0,,http_manifest,known,403,manifest,"Client error '403 ' for url 'https://openapiproext.bnf.fr/iiif/presentation/v3/ark:/12148/bd6t5129602r/manifest.json'
For more information check: https://developer.mozilla.org/en-US/docs/Web/HTTP/Status/403",2026-07-17T12:24:20.159964
francesoir,bd6t51296034,,failed,0,0,,http_manifest,known,403,manifest,"Client error '403 ' for url 'https://openapiproext.bnf.fr/iiif/presentation/v3/ark:/12148/bd6t51296034/manifest.json'
For more information check: https://developer.mozilla.org/en-US/docs/Web/HTTP/Status/403",2026-07-17T12:24:21.358825
francesoir,bd6t5129604h,,failed,0,0,,http_manifest,known,403,manifest,"Client error '403 ' for url 'https://openapiproext.bnf.fr/iiif/presentation/v3/ark:/12148/bd6t5129604h/manifest.json'
For more information check: https://developer.mozilla.org/en-US/docs/Web/HTTP/Status/403",2026-07-17T12:24:22.557057
francesoir,bd6t5129605w,,failed,0,0,,http_manifest,known,403,manifest,"Client error '403 ' for url 'https://openapiproext.bnf.fr/iiif/presentation/v3/ark:/12148/bd6t5129605w/manifest.json'
For more information check: https://developer.mozilla.org/en-US/docs/Web/HTTP/Status/403",2026-07-17T12:24:23.765213
francesoir,bd6t51296068,,failed,0,0,,http_manifest,known,403,manifest,"Client error '403 ' for url 'https://openapiproext.bnf.fr/iiif/presentation/v3/ark:/12148/bd6t51296068/manifest.json'
For more information check: https://developer.mozilla.org/en-US/docs/Web/HTTP/Status/403",2026-07-17T12:24:24.960492
francesoir,bd6t5129607n,,failed,0,0,,http_manifest,known,403,manifest,"Client error '403 ' for url 'https://openapiproext.bnf.fr/iiif/presentation/v3/ark:/12148/bd6t5129607n/manifest.json'
For more information check: https://developer.mozilla.org/en-US/docs/Web/HTTP/Status/403",2026-07-17T12:24:26.172899
francesoir,bd6t51296081,,failed,0,0,,http_manifest,known,403,manifest,"Client error '403 ' for url 'https://openapiproext.bnf.fr/iiif/presentation/v3/ark:/12148/bd6t51296081/manifest.json'
For more information check: https://developer.mozilla.org/en-US/docs/Web/HTTP/Status/403",2026-07-17T12:24:27.364885
francesoir,bd6t5129609d,,failed,0,0,,http_manifest,known,403,manifest,"Client error '403 ' for url 'https://openapiproext.bnf.fr/iiif/presentation/v3/ark:/12148/bd6t5129609d/manifest.json'
For more information check: https://developer.mozilla.org/en-US/docs/Web/HTTP/Status/403",2026-07-17T12:24:28.578312
francesoir,bd6t5129610b,,failed,0,0,,http_manifest,known,403,manifest,"Client error '403 ' for url 'https://openapiproext.bnf.fr/iiif/presentation/v3/ark:/12148/bd6t5129610b/manifest.json'
For more information check: https://developer.mozilla.org/en-US/docs/Web/HTTP/Status/403",2026-07-17T12:24:29.769701
francesoir,bd6t5129611q,,failed,0,0,,http_manifest,known,403,manifest,"Client error '403 ' for url 'https://openapiproext.bnf.fr/iiif/presentation/v3/ark:/12148/bd6t5129611q/manifest.json'
For more information check: https://developer.mozilla.org/en-US/docs/Web/HTTP/Status/403",2026-07-17T12:24:30.987902
francesoir,bd6t51296123,,failed,0,0,,http_manifest,known,403,manifest,"Client error '403 ' for url 'https://openapiproext.bnf.fr/iiif/presentation/v3/ark:/12148/bd6t51296123/manifest.json'
For more information check: https://developer.mozilla.org/en-US/docs/Web/HTTP/Status/403",2026-07-17T12:24:32.174406
francesoir,bd6t5129613g,,failed,0,0,,http_manifest,known,403,manifest,"Client error '403 ' for url 'https://openapiproext.bnf.fr/iiif/presentation/v3/ark:/12148/bd6t5129613g/manifest.json'
For more information check: https://developer.mozilla.org/en-US/docs/Web/HTTP/Status/403",2026-07-17T12:24:33.378266
francesoir,bd6t5129614v,,failed,0,0,,http_manifest,known,403,manifest,"Client error '403 ' for url 'https://openapiproext.bnf.fr/iiif/presentation/v3/ark:/12148/bd6t5129614v/manifest.json'
For more information check: https://developer.mozilla.org/en-US/docs/Web/HTTP/Status/403",2026-07-17T12:24:34.580275
francesoir,bd6t51296157,,failed,0,0,,http_manifest,known,403,manifest,"Client error '403 ' for url 'https://openapiproext.bnf.fr/iiif/presentation/v3/ark:/12148/bd6t51296157/manifest.json'
For more information check: https://developer.mozilla.org/en-US/docs/Web/HTTP/Status/403",2026-07-17T12:24:35.781597
francesoir,bd6t5129616m,,failed,0,0,,http_manifest,known,403,manifest,"Client error '403 ' for url 'https://openapiproext.bnf.fr/iiif/presentation/v3/ark:/12148/bd6t5129616m/manifest.json'
For more information check: https://developer.mozilla.org/en-US/docs/Web/HTTP/Status/403",2026-07-17T12:24:36.999293
francesoir,bd6t51296170,,failed,0,0,,http_manifest,known,403,manifest,"Client error '403 ' for url 'https://openapiproext.bnf.fr/iiif/presentation/v3/ark:/12148/bd6t51296170/manifest.json'
For more information check: https://developer.mozilla.org/en-US/docs/Web/HTTP/Status/403",2026-07-17T12:24:38.183989
francesoir,bd6t5129618c,,failed,0,0,,http_manifest,known,403,manifest,"Client error '403 ' for url 'https://openapiproext.bnf.fr/iiif/presentation/v3/ark:/12148/bd6t5129618c/manifest.json'
For more information check: https://developer.mozilla.org/en-US/docs/Web/HTTP/Status/403",2026-07-17T12:24:39.386148
francesoir,bd6t5129619r,,failed,0,0,,http_manifest,known,403,manifest,"Client error '403 ' for url 'https://openapiproext.bnf.fr/iiif/presentation/v3/ark:/12148/bd6t5129619r/manifest.json'
For more information check: https://developer.mozilla.org/en-US/docs/Web/HTTP/Status/403",2026-07-17T12:24:40.589086
francesoir,bd6t5129620p,,failed,0,0,,http_manifest,known,403,manifest,"Client error '403 ' for url 'https://openapiproext.bnf.fr/iiif/presentation/v3/ark:/12148/bd6t5129620p/manifest.json'
For more information check: https://developer.mozilla.org/en-US/docs/Web/HTTP/Status/403",2026-07-17T12:24:41.803232
francesoir,bd6t51296212,,failed,0,0,,http_manifest,known,403,manifest,"Client error '403 ' for url 'https://openapiproext.bnf.fr/iiif/presentation/v3/ark:/12148/bd6t51296212/manifest.json'
For more information check: https://developer.mozilla.org/en-US/docs/Web/HTTP/Status/403",2026-07-17T12:24:42.991294
francesoir,bd6t5129622f,,failed,0,0,,http_manifest,known,403,manifest,"Client error '403 ' for url 'https://openapiproext.bnf.fr/iiif/presentation/v3/ark:/12148/bd6t5129622f/manifest.json'
For more information check: https://developer.mozilla.org/en-US/docs/Web/HTTP/Status/403",2026-07-17T12:24:44.191682
francesoir,bd6t5129623t,,failed,0,0,,http_manifest,known,403,manifest,"Client error '403 ' for url 'https://openapiproext.bnf.fr/iiif/presentation/v3/ark:/12148/bd6t5129623t/manifest.json'
For more information check: https://developer.mozilla.org/en-US/docs/Web/HTTP/Status/403",2026-07-17T12:24:45.402309
francesoir,bd6t51296246,,failed,0,0,,http_manifest,known,403,manifest,"Client error '403 ' for url 'https://openapiproext.bnf.fr/iiif/presentation/v3/ark:/12148/bd6t51296246/manifest.json'
For more information check: https://developer.mozilla.org/en-US/docs/Web/HTTP/Status/403",2026-07-17T12:24:46.592879
francesoir,bd6t5129625k,,failed,0,0,,http_manifest,known,403,manifest,"Client error '403 ' for url 'https://openapiproext.bnf.fr/iiif/presentation/v3/ark:/12148/bd6t5129625k/manifest.json'
For more information check: https://developer.mozilla.org/en-US/docs/Web/HTTP/Status/403",2026-07-17T12:24:47.797537
francesoir,bd6t5129626z,,failed,0,0,,http_manifest,known,403,manifest,"Client error '403 ' for url 'https://openapiproext.bnf.fr/iiif/presentation/v3/ark:/12148/bd6t5129626z/manifest.json'
For more information check: https://developer.mozilla.org/en-US/docs/Web/HTTP/Status/403",2026-07-17T12:24:49.021425
francesoir,bd6t5129627b,,failed,0,0,,http_manifest,known,403,manifest,"Client error '403 ' for url 'https://openapiproext.bnf.fr/iiif/presentation/v3/ark:/12148/bd6t5129627b/manifest.json'
For more information check: https://developer.mozilla.org/en-US/docs/Web/HTTP/Status/403",2026-07-17T12:24:50.200643
francesoir,bd6t5129628q,,failed,0,0,,http_manifest,known,403,manifest,"Client error '403 ' for url 'https://openapiproext.bnf.fr/iiif/presentation/v3/ark:/12148/bd6t5129628q/manifest.json'
For more information check: https://developer.mozilla.org/en-US/docs/Web/HTTP/Status/403",2026-07-17T12:24:51.404736
francesoir,bd6t51296293,,failed,0,0,,http_manifest,known,403,manifest,"Client error '403 ' for url 'https://openapiproext.bnf.fr/iiif/presentation/v3/ark:/12148/bd6t51296293/manifest.json'
For more information check: https://developer.mozilla.org/en-US/docs/Web/HTTP/Status/403",2026-07-17T12:24:52.606011
francesoir,bd6t51296301,,failed,0,0,,http_manifest,known,403,manifest,"Client error '403 ' for url 'https://openapiproext.bnf.fr/iiif/presentation/v3/ark:/12148/bd6t51296301/manifest.json'
For more information check: https://developer.mozilla.org/en-US/docs/Web/HTTP/Status/403",2026-07-17T12:24:53.810597
francesoir,bd6t5129631d,,failed,0,0,,http_manifest,known,403,manifest,"Client error '403 ' for url 'https://openapiproext.bnf.fr/iiif/presentation/v3/ark:/12148/bd6t5129631d/manifest.json'
For more information check: https://developer.mozilla.org/en-US/docs/Web/HTTP/Status/403",2026-07-17T12:24:55.004145
francesoir,bd6t5129632s,,failed,0,0,,http_manifest,known,403,manifest,"Client error '403 ' for url 'https://openapiproext.bnf.fr/iiif/presentation/v3/ark:/12148/bd6t5129632s/manifest.json'
For more information check: https://developer.mozilla.org/en-US/docs/Web/HTTP/Status/403",2026-07-17T12:24:56.208951
francesoir,bd6t51296335,,failed,0,0,,http_manifest,known,403,manifest,"Client error '403 ' for url 'https://openapiproext.bnf.fr/iiif/presentation/v3/ark:/12148/bd6t51296335/manifest.json'
For more information check: https://developer.mozilla.org/en-US/docs/Web/HTTP/Status/403",2026-07-17T12:24:57.455808
francesoir,bd6t5129634j,,failed,0,0,,http_manifest,known,403,manifest,"Client error '403 ' for url 'https://openapiproext.bnf.fr/iiif/presentation/v3/ark:/12148/bd6t5129634j/manifest.json'
For more information check: https://developer.mozilla.org/en-US/docs/Web/HTTP/Status/403",2026-07-17T12:24:58.622185
francesoir,bd6t5129635x,,failed,0,0,,http_manifest,known,403,manifest,"Client error '403 ' for url 'https://openapiproext.bnf.fr/iiif/presentation/v3/ark:/12148/bd6t5129635x/manifest.json'
For more information check: https://developer.mozilla.org/en-US/docs/Web/HTTP/Status/403",2026-07-17T12:24:59.933197
francesoir,bd6t51296369,,failed,0,0,,http_manifest,known,403,manifest,"Client error '403 ' for url 'https://openapiproext.bnf.fr/iiif/presentation/v3/ark:/12148/bd6t51296369/manifest.json'
For more information check: https://developer.mozilla.org/en-US/docs/Web/HTTP/Status/403",2026-07-17T12:25:01.207743
francesoir,bd6t5129637p,,failed,0,0,,http_manifest,known,403,manifest,"Client error '403 ' for url 'https://openapiproext.bnf.fr/iiif/presentation/v3/ark:/12148/bd6t5129637p/manifest.json'
For more information check: https://developer.mozilla.org/en-US/docs/Web/HTTP/Status/403",2026-07-17T12:25:02.229868
francesoir,bd6t51296382,,failed,0,0,,http_manifest,known,403,manifest,"Client error '403 ' for url 'https://openapiproext.bnf.fr/iiif/presentation/v3/ark:/12148/bd6t51296382/manifest.json'
For more information check: https://developer.mozilla.org/en-US/docs/Web/HTTP/Status/403",2026-07-17T12:25:03.501472
francesoir,bd6t5129639f,,failed,0,0,,http_manifest,known,403,manifest,"Client error '403 ' for url 'https://openapiproext.bnf.fr/iiif/presentation/v3/ark:/12148/bd6t5129639f/manifest.json'
For more information check: https://developer.mozilla.org/en-US/docs/Web/HTTP/Status/403",2026-07-17T12:25:04.805012
francesoir,bd6t5129640c,,failed,0,0,,http_manifest,known,403,manifest,"Client error '403 ' for url 'https://openapiproext.bnf.fr/iiif/presentation/v3/ark:/12148/bd6t5129640c/manifest.json'
For more information check: https://developer.mozilla.org/en-US/docs/Web/HTTP/Status/403",2026-07-17T12:25:05.901670
francesoir,bd6t5129641r,,failed,0,0,,http_manifest,known,403,manifest,"Client error '403 ' for url 'https://openapiproext.bnf.fr/iiif/presentation/v3/ark:/12148/bd6t5129641r/manifest.json'
For more information check: https://developer.mozilla.org/en-US/docs/Web/HTTP/Status/403",2026-07-17T12:25:07.275591
francesoir,bd6t51296424,,failed,0,0,,http_manifest,known,403,manifest,"Client error '403 ' for url 'https://openapiproext.bnf.fr/iiif/presentation/v3/ark:/12148/bd6t51296424/manifest.json'
For more information check: https://developer.mozilla.org/en-US/docs/Web/HTTP/Status/403",2026-07-17T12:25:08.233269
francesoir,bd6t5129643h,,failed,0,0,,http_manifest,known,403,manifest,"Client error '403 ' for url 'https://openapiproext.bnf.fr/iiif/presentation/v3/ark:/12148/bd6t5129643h/manifest.json'
For more information check: https://developer.mozilla.org/en-US/docs/Web/HTTP/Status/403",2026-07-17T12:25:09.437940
francesoir,bd6t5129644w,,failed,0,0,,http_manifest,known,403,manifest,"Client error '403 ' for url 'https://openapiproext.bnf.fr/iiif/presentation/v3/ark:/12148/bd6t5129644w/manifest.json'
For more information check: https://developer.mozilla.org/en-US/docs/Web/HTTP/Status/403",2026-07-17T12:25:10.636685
francesoir,bd6t51296458,,failed,0,0,,http_manifest,known,403,manifest,"Client error '403 ' for url 'https://openapiproext.bnf.fr/iiif/presentation/v3/ark:/12148/bd6t51296458/manifest.json'
For more information check: https://developer.mozilla.org/en-US/docs/Web/HTTP/Status/403",2026-07-17T12:25:11.833126
francesoir,bd6t5129646n,,failed,0,0,,http_manifest,known,403,manifest,"Client error '403 ' for url 'https://openapiproext.bnf.fr/iiif/presentation/v3/ark:/12148/bd6t5129646n/manifest.json'
For more information check: https://developer.mozilla.org/en-US/docs/Web/HTTP/Status/403",2026-07-17T12:25:13.083735
francesoir,bd6t51296471,,failed,0,0,,http_manifest,known,403,manifest,"Client error '403 ' for url 'https://openapiproext.bnf.fr/iiif/presentation/v3/ark:/12148/bd6t51296471/manifest.json'
For more information check: https://developer.mozilla.org/en-US/docs/Web/HTTP/Status/403",2026-07-17T12:25:14.237329
francesoir,bd6t5129648d,,failed,0,0,,http_manifest,known,403,manifest,"Client error '403 ' for url 'https://openapiproext.bnf.fr/iiif/presentation/v3/ark:/12148/bd6t5129648d/manifest.json'
For more information check: https://developer.mozilla.org/en-US/docs/Web/HTTP/Status/403",2026-07-17T12:25:15.509685
francesoir,bd6t5129649s,,failed,0,0,,http_manifest,known,403,manifest,"Client error '403 ' for url 'https://openapiproext.bnf.fr/iiif/presentation/v3/ark:/12148/bd6t5129649s/manifest.json'
For more information check: https://developer.mozilla.org/en-US/docs/Web/HTTP/Status/403",2026-07-17T12:25:16.638863
francesoir,bd6t5129650q,,failed,0,0,,http_manifest,known,403,manifest,"Client error '403 ' for url 'https://openapiproext.bnf.fr/iiif/presentation/v3/ark:/12148/bd6t5129650q/manifest.json'
For more information check: https://developer.mozilla.org/en-US/docs/Web/HTTP/Status/403",2026-07-17T12:25:17.841175
francesoir,bd6t51296513,,failed,0,0,,http_manifest,known,403,manifest,"Client error '403 ' for url 'https://openapiproext.bnf.fr/iiif/presentation/v3/ark:/12148/bd6t51296513/manifest.json'
For more information check: https://developer.mozilla.org/en-US/docs/Web/HTTP/Status/403",2026-07-17T12:25:19.092170
francesoir,bd6t5129652g,,failed,0,0,,http_manifest,known,403,manifest,"Client error '403 ' for url 'https://openapiproext.bnf.fr/iiif/presentation/v3/ark:/12148/bd6t5129652g/manifest.json'
For more information check: https://developer.mozilla.org/en-US/docs/Web/HTTP/Status/403",2026-07-17T12:25:20.244553
francesoir,bd6t5129653v,,failed,0,0,,http_manifest,known,403,manifest,"Client error '403 ' for url 'https://openapiproext.bnf.fr/iiif/presentation/v3/ark:/12148/bd6t5129653v/manifest.json'
For more information check: https://developer.mozilla.org/en-US/docs/Web/HTTP/Status/403",2026-07-17T12:25:21.447718
francesoir,bd6t51296547,,failed,0,0,,http_manifest,known,403,manifest,"Client error '403 ' for url 'https://openapiproext.bnf.fr/iiif/presentation/v3/ark:/12148/bd6t51296547/manifest.json'
For more information check: https://developer.mozilla.org/en-US/docs/Web/HTTP/Status/403",2026-07-17T12:25:22.650984
francesoir,bd6t5129655m,,failed,0,0,,http_manifest,known,403,manifest,"Client error '403 ' for url 'https://openapiproext.bnf.fr/iiif/presentation/v3/ark:/12148/bd6t5129655m/manifest.json'
For more information check: https://developer.mozilla.org/en-US/docs/Web/HTTP/Status/403",2026-07-17T12:25:23.848559
francesoir,bd6t51296560,,failed,0,0,,http_manifest,known,403,manifest,"Client error '403 ' for url 'https://openapiproext.bnf.fr/iiif/presentation/v3/ark:/12148/bd6t51296560/manifest.json'
For more information check: https://developer.mozilla.org/en-US/docs/Web/HTTP/Status/403",2026-07-17T12:25:25.051172
francesoir,bd6t5129657c,,failed,0,0,,http_manifest,known,403,manifest,"Client error '403 ' for url 'https://openapiproext.bnf.fr/iiif/presentation/v3/ark:/12148/bd6t5129657c/manifest.json'
For more information check: https://developer.mozilla.org/en-US/docs/Web/HTTP/Status/403",2026-07-17T12:25:26.250453
francesoir,bd6t5129503t,,failed,0,0,,http_manifest,known,403,manifest,"Client error '403 ' for url 'https://openapiproext.bnf.fr/iiif/presentation/v3/ark:/12148/bd6t5129503t/manifest.json'
For more information check: https://developer.mozilla.org/en-US/docs/Web/HTTP/Status/403",2026-07-17T12:25:27.452247
francesoir,bd6t51295046,,failed,0,0,,http_manifest,known,403,manifest,"Client error '403 ' for url 'https://openapiproext.bnf.fr/iiif/presentation/v3/ark:/12148/bd6t51295046/manifest.json'
For more information check: https://developer.mozilla.org/en-US/docs/Web/HTTP/Status/403",2026-07-17T12:25:28.656353
francesoir,bd6t5129505k,,failed,0,0,,http_manifest,known,403,manifest,"Client error '403 ' for url 'https://openapiproext.bnf.fr/iiif/presentation/v3/ark:/12148/bd6t5129505k/manifest.json'
For more information check: https://developer.mozilla.org/en-US/docs/Web/HTTP/Status/403",2026-07-17T12:25:29.853701
francesoir,bd6t5129506z,,failed,0,0,,http_manifest,known,403,manifest,"Client error '403 ' for url 'https://openapiproext.bnf.fr/iiif/presentation/v3/ark:/12148/bd6t5129506z/manifest.json'
For more information check: https://developer.mozilla.org/en-US/docs/Web/HTTP/Status/403",2026-07-17T12:25:31.075623
francesoir,bd6t5129507b,,failed,0,0,,http_manifest,known,403,manifest,"Client error '403 ' for url 'https://openapiproext.bnf.fr/iiif/presentation/v3/ark:/12148/bd6t5129507b/manifest.json'
For more information check: https://developer.mozilla.org/en-US/docs/Web/HTTP/Status/403",2026-07-17T12:25:32.258924
francesoir,bd6t5129508q,,failed,0,0,,http_manifest,known,403,manifest,"Client error '403 ' for url 'https://openapiproext.bnf.fr/iiif/presentation/v3/ark:/12148/bd6t5129508q/manifest.json'
For more information check: https://developer.mozilla.org/en-US/docs/Web/HTTP/Status/403",2026-07-17T12:25:33.460956
francesoir,bd6t51295093,,failed,0,0,,http_manifest,known,403,manifest,"Client error '403 ' for url 'https://openapiproext.bnf.fr/iiif/presentation/v3/ark:/12148/bd6t51295093/manifest.json'
For more information check: https://developer.mozilla.org/en-US/docs/Web/HTTP/Status/403",2026-07-17T12:25:34.667260
francesoir,bd6t51295101,,failed,0,0,,http_manifest,known,403,manifest,"Client error '403 ' for url 'https://openapiproext.bnf.fr/iiif/presentation/v3/ark:/12148/bd6t51295101/manifest.json'
For more information check: https://developer.mozilla.org/en-US/docs/Web/HTTP/Status/403",2026-07-17T12:25:35.863676
francesoir,bd6t5129511d,,failed,0,0,,http_manifest,known,403,manifest,"Client error '403 ' for url 'https://openapiproext.bnf.fr/iiif/presentation/v3/ark:/12148/bd6t5129511d/manifest.json'
For more information check: https://developer.mozilla.org/en-US/docs/Web/HTTP/Status/403",2026-07-17T12:25:37.084173
francesoir,bd6t5129512s,,failed,0,0,,http_manifest,known,403,manifest,"Client error '403 ' for url 'https://openapiproext.bnf.fr/iiif/presentation/v3/ark:/12148/bd6t5129512s/manifest.json'
For more information check: https://developer.mozilla.org/en-US/docs/Web/HTTP/Status/403",2026-07-17T12:25:38.266922
francesoir,bd6t51295135,,failed,0,0,,http_manifest,known,403,manifest,"Client error '403 ' for url 'https://openapiproext.bnf.fr/iiif/presentation/v3/ark:/12148/bd6t51295135/manifest.json'
For more information check: https://developer.mozilla.org/en-US/docs/Web/HTTP/Status/403",2026-07-17T12:25:39.471388
francesoir,bd6t5129514j,,failed,0,0,,http_manifest,known,403,manifest,"Client error '403 ' for url 'https://openapiproext.bnf.fr/iiif/presentation/v3/ark:/12148/bd6t5129514j/manifest.json'
For more information check: https://developer.mozilla.org/en-US/docs/Web/HTTP/Status/403",2026-07-17T12:25:40.672176
francesoir,bd6t5129515x,,failed,0,0,,http_manifest,known,403,manifest,"Client error '403 ' for url 'https://openapiproext.bnf.fr/iiif/presentation/v3/ark:/12148/bd6t5129515x/manifest.json'
For more information check: https://developer.mozilla.org/en-US/docs/Web/HTTP/Status/403",2026-07-17T12:25:41.876228
francesoir,bd6t51295169,,failed,0,0,,http_manifest,known,403,manifest,"Client error '403 ' for url 'https://openapiproext.bnf.fr/iiif/presentation/v3/ark:/12148/bd6t51295169/manifest.json'
For more information check: https://developer.mozilla.org/en-US/docs/Web/HTTP/Status/403",2026-07-17T12:25:43.074379
francesoir,bd6t5129517p,,failed,0,0,,http_manifest,known,403,manifest,"Client error '403 ' for url 'https://openapiproext.bnf.fr/iiif/presentation/v3/ark:/12148/bd6t5129517p/manifest.json'
For more information check: https://developer.mozilla.org/en-US/docs/Web/HTTP/Status/403",2026-07-17T12:25:44.279702
francesoir,bd6t51295182,,failed,0,0,,http_manifest,known,403,manifest,"Client error '403 ' for url 'https://openapiproext.bnf.fr/iiif/presentation/v3/ark:/12148/bd6t51295182/manifest.json'
For more information check: https://developer.mozilla.org/en-US/docs/Web/HTTP/Status/403",2026-07-17T12:25:45.480356
francesoir,bd6t5129519f,,failed,0,0,,http_manifest,known,403,manifest,"Client error '403 ' for url 'https://openapiproext.bnf.fr/iiif/presentation/v3/ark:/12148/bd6t5129519f/manifest.json'
For more information check: https://developer.mozilla.org/en-US/docs/Web/HTTP/Status/403",2026-07-17T12:25:46.681350
francesoir,bd6t5129520c,,failed,0,0,,http_manifest,known,403,manifest,"Client error '403 ' for url 'https://openapiproext.bnf.fr/iiif/presentation/v3/ark:/12148/bd6t5129520c/manifest.json'
For more information check: https://developer.mozilla.org/en-US/docs/Web/HTTP/Status/403",2026-07-17T12:25:47.890838
francesoir,bd6t5129521r,,failed,0,0,,http_manifest,known,403,manifest,"Client error '403 ' for url 'https://openapiproext.bnf.fr/iiif/presentation/v3/ark:/12148/bd6t5129521r/manifest.json'
For more information check: https://developer.mozilla.org/en-US/docs/Web/HTTP/Status/403",2026-07-17T12:25:49.101741
francesoir,bd6t51295224,,failed,0,0,,http_manifest,known,403,manifest,"Client error '403 ' for url 'https://openapiproext.bnf.fr/iiif/presentation/v3/ark:/12148/bd6t51295224/manifest.json'
For more information check: https://developer.mozilla.org/en-US/docs/Web/HTTP/Status/403",2026-07-17T12:25:50.285567
francesoir,bd6t5129523h,,failed,0,0,,http_manifest,known,403,manifest,"Client error '403 ' for url 'https://openapiproext.bnf.fr/iiif/presentation/v3/ark:/12148/bd6t5129523h/manifest.json'
For more information check: https://developer.mozilla.org/en-US/docs/Web/HTTP/Status/403",2026-07-17T12:25:51.486536
francesoir,bd6t5129524w,,failed,0,0,,http_manifest,known,403,manifest,"Client error '403 ' for url 'https://openapiproext.bnf.fr/iiif/presentation/v3/ark:/12148/bd6t5129524w/manifest.json'
For more information check: https://developer.mozilla.org/en-US/docs/Web/HTTP/Status/403",2026-07-17T12:25:52.688157
francesoir,bd6t51295258,,failed,0,0,,http_manifest,known,403,manifest,"Client error '403 ' for url 'https://openapiproext.bnf.fr/iiif/presentation/v3/ark:/12148/bd6t51295258/manifest.json'
For more information check: https://developer.mozilla.org/en-US/docs/Web/HTTP/Status/403",2026-07-17T12:25:53.889290
francesoir,bd6t5129526n,,failed,0,0,,http_manifest,known,403,manifest,"Client error '403 ' for url 'https://openapiproext.bnf.fr/iiif/presentation/v3/ark:/12148/bd6t5129526n/manifest.json'
For more information check: https://developer.mozilla.org/en-US/docs/Web/HTTP/Status/403",2026-07-17T12:25:55.092069
francesoir,bd6t51295271,,failed,0,0,,http_manifest,known,403,manifest,"Client error '403 ' for url 'https://openapiproext.bnf.fr/iiif/presentation/v3/ark:/12148/bd6t51295271/manifest.json'
For more information check: https://developer.mozilla.org/en-US/docs/Web/HTTP/Status/403",2026-07-17T12:25:56.292867
francesoir,bd6t5129528d,,failed,0,0,,http_manifest,known,403,manifest,"Client error '403 ' for url 'https://openapiproext.bnf.fr/iiif/presentation/v3/ark:/12148/bd6t5129528d/manifest.json'
For more information check: https://developer.mozilla.org/en-US/docs/Web/HTTP/Status/403",2026-07-17T12:25:57.494279
francesoir,bd6t5129529s,,failed,0,0,,http_manifest,known,403,manifest,"Client error '403 ' for url 'https://openapiproext.bnf.fr/iiif/presentation/v3/ark:/12148/bd6t5129529s/manifest.json'
For more information check: https://developer.mozilla.org/en-US/docs/Web/HTTP/Status/403",2026-07-17T12:25:58.698351
francesoir,bd6t5129530q,,failed,0,0,,http_manifest,known,403,manifest,"Client error '403 ' for url 'https://openapiproext.bnf.fr/iiif/presentation/v3/ark:/12148/bd6t5129530q/manifest.json'
For more information check: https://developer.mozilla.org/en-US/docs/Web/HTTP/Status/403",2026-07-17T12:26:00.159515
francesoir,bd6t51295313,,failed,0,0,,http_manifest,known,403,manifest,"Client error '403 ' for url 'https://openapiproext.bnf.fr/iiif/presentation/v3/ark:/12148/bd6t51295313/manifest.json'
For more information check: https://developer.mozilla.org/en-US/docs/Web/HTTP/Status/403",2026-07-17T12:26:01.448738
francesoir,bd6t5129532g,,failed,0,0,,http_manifest,known,403,manifest,"Client error '403 ' for url 'https://openapiproext.bnf.fr/iiif/presentation/v3/ark:/12148/bd6t5129532g/manifest.json'
For more information check: https://developer.mozilla.org/en-US/docs/Web/HTTP/Status/403",2026-07-17T12:26:02.300735
francesoir,bd6t5129533v,,failed,0,0,,http_manifest,known,403,manifest,"Client error '403 ' for url 'https://openapiproext.bnf.fr/iiif/presentation/v3/ark:/12148/bd6t5129533v/manifest.json'
For more information check: https://developer.mozilla.org/en-US/docs/Web/HTTP/Status/403",2026-07-17T12:26:03.641629
francesoir,bd6t51295347,,failed,0,0,,http_manifest,known,403,manifest,"Client error '403 ' for url 'https://openapiproext.bnf.fr/iiif/presentation/v3/ark:/12148/bd6t51295347/manifest.json'
For more information check: https://developer.mozilla.org/en-US/docs/Web/HTTP/Status/403",2026-07-17T12:26:04.946653
francesoir,bd6t5129535m,,failed,0,0,,http_manifest,known,403,manifest,"Client error '403 ' for url 'https://openapiproext.bnf.fr/iiif/presentation/v3/ark:/12148/bd6t5129535m/manifest.json'
For more information check: https://developer.mozilla.org/en-US/docs/Web/HTTP/Status/403",2026-07-17T12:26:06.094874
francesoir,bd6t51295360,,failed,0,0,,http_manifest,known,403,manifest,"Client error '403 ' for url 'https://openapiproext.bnf.fr/iiif/presentation/v3/ark:/12148/bd6t51295360/manifest.json'
For more information check: https://developer.mozilla.org/en-US/docs/Web/HTTP/Status/403",2026-07-17T12:26:07.341739
francesoir,bd6t5129537c,,failed,0,0,,http_manifest,known,403,manifest,"Client error '403 ' for url 'https://openapiproext.bnf.fr/iiif/presentation/v3/ark:/12148/bd6t5129537c/manifest.json'
For more information check: https://developer.mozilla.org/en-US/docs/Web/HTTP/Status/403",2026-07-17T12:26:08.307547
francesoir,bd6t5129538r,,failed,0,0,,http_manifest,known,403,manifest,"Client error '403 ' for url 'https://openapiproext.bnf.fr/iiif/presentation/v3/ark:/12148/bd6t5129538r/manifest.json'
For more information check: https://developer.mozilla.org/en-US/docs/Web/HTTP/Status/403",2026-07-17T12:26:09.510358
francesoir,bd6t51295394,,failed,0,0,,http_manifest,known,403,manifest,"Client error '403 ' for url 'https://openapiproext.bnf.fr/iiif/presentation/v3/ark:/12148/bd6t51295394/manifest.json'
For more information check: https://developer.mozilla.org/en-US/docs/Web/HTTP/Status/403",2026-07-17T12:26:10.786473
francesoir,bd6t51295402,,failed,0,0,,http_manifest,known,403,manifest,"Client error '403 ' for url 'https://openapiproext.bnf.fr/iiif/presentation/v3/ark:/12148/bd6t51295402/manifest.json'
For more information check: https://developer.mozilla.org/en-US/docs/Web/HTTP/Status/403",2026-07-17T12:26:12.140577
francesoir,bd6t5129541f,,failed,0,0,,http_manifest,known,403,manifest,"Client error '403 ' for url 'https://openapiproext.bnf.fr/iiif/presentation/v3/ark:/12148/bd6t5129541f/manifest.json'
For more information check: https://developer.mozilla.org/en-US/docs/Web/HTTP/Status/403",2026-07-17T12:26:13.290675
francesoir,bd6t5129542t,,failed,0,0,,http_manifest,known,403,manifest,"Client error '403 ' for url 'https://openapiproext.bnf.fr/iiif/presentation/v3/ark:/12148/bd6t5129542t/manifest.json'
For more information check: https://developer.mozilla.org/en-US/docs/Web/HTTP/Status/403",2026-07-17T12:26:14.319594
francesoir,bd6t51295436,,failed,0,0,,http_manifest,known,403,manifest,"Client error '403 ' for url 'https://openapiproext.bnf.fr/iiif/presentation/v3/ark:/12148/bd6t51295436/manifest.json'
For more information check: https://developer.mozilla.org/en-US/docs/Web/HTTP/Status/403",2026-07-17T12:26:15.524149
francesoir,bd6t5129544k,,failed,0,0,,http_manifest,known,403,manifest,"Client error '403 ' for url 'https://openapiproext.bnf.fr/iiif/presentation/v3/ark:/12148/bd6t5129544k/manifest.json'
For more information check: https://developer.mozilla.org/en-US/docs/Web/HTTP/Status/403",2026-07-17T12:26:16.752247
francesoir,bd6t5129545z,,failed,0,0,,http_manifest,known,403,manifest,"Client error '403 ' for url 'https://openapiproext.bnf.fr/iiif/presentation/v3/ark:/12148/bd6t5129545z/manifest.json'
For more information check: https://developer.mozilla.org/en-US/docs/Web/HTTP/Status/403",2026-07-17T12:26:18.001033
francesoir,bd6t5129546b,,failed,0,0,,http_manifest,known,403,manifest,"Client error '403 ' for url 'https://openapiproext.bnf.fr/iiif/presentation/v3/ark:/12148/bd6t5129546b/manifest.json'
For more information check: https://developer.mozilla.org/en-US/docs/Web/HTTP/Status/403",2026-07-17T12:26:19.129680
francesoir,bd6t5129547q,,failed,0,0,,http_manifest,known,403,manifest,"Client error '403 ' for url 'https://openapiproext.bnf.fr/iiif/presentation/v3/ark:/12148/bd6t5129547q/manifest.json'
For more information check: https://developer.mozilla.org/en-US/docs/Web/HTTP/Status/403",2026-07-17T12:26:20.331517
francesoir,bd6t51295483,,failed,0,0,,http_manifest,known,403,manifest,"Client error '403 ' for url 'https://openapiproext.bnf.fr/iiif/presentation/v3/ark:/12148/bd6t51295483/manifest.json'
For more information check: https://developer.mozilla.org/en-US/docs/Web/HTTP/Status/403",2026-07-17T12:26:21.528955
francesoir,bd6t5129549g,,failed,0,0,,http_manifest,known,403,manifest,"Client error '403 ' for url 'https://openapiproext.bnf.fr/iiif/presentation/v3/ark:/12148/bd6t5129549g/manifest.json'
For more information check: https://developer.mozilla.org/en-US/docs/Web/HTTP/Status/403",2026-07-17T12:26:22.730248
francesoir,bd6t5129550d,,failed,0,0,,http_manifest,known,403,manifest,"Client error '403 ' for url 'https://openapiproext.bnf.fr/iiif/presentation/v3/ark:/12148/bd6t5129550d/manifest.json'
For more information check: https://developer.mozilla.org/en-US/docs/Web/HTTP/Status/403",2026-07-17T12:26:23.930816
francesoir,bd6t5129551s,,failed,0,0,,http_manifest,known,403,manifest,"Client error '403 ' for url 'https://openapiproext.bnf.fr/iiif/presentation/v3/ark:/12148/bd6t5129551s/manifest.json'
For more information check: https://developer.mozilla.org/en-US/docs/Web/HTTP/Status/403",2026-07-17T12:26:25.132916
francesoir,bd6t51295525,,failed,0,0,,http_manifest,known,403,manifest,"Client error '403 ' for url 'https://openapiproext.bnf.fr/iiif/presentation/v3/ark:/12148/bd6t51295525/manifest.json'
For more information check: https://developer.mozilla.org/en-US/docs/Web/HTTP/Status/403",2026-07-17T12:26:26.353656
francesoir,bd6t5129553j,,failed,0,0,,http_manifest,known,403,manifest,"Client error '403 ' for url 'https://openapiproext.bnf.fr/iiif/presentation/v3/ark:/12148/bd6t5129553j/manifest.json'
For more information check: https://developer.mozilla.org/en-US/docs/Web/HTTP/Status/403",2026-07-17T12:26:27.536378
francesoir,bd6t5129554x,,failed,0,0,,http_manifest,known,403,manifest,"Client error '403 ' for url 'https://openapiproext.bnf.fr/iiif/presentation/v3/ark:/12148/bd6t5129554x/manifest.json'
For more information check: https://developer.mozilla.org/en-US/docs/Web/HTTP/Status/403",2026-07-17T12:26:28.737840
francesoir,bd6t51295559,,failed,0,0,,http_manifest,known,403,manifest,"Client error '403 ' for url 'https://openapiproext.bnf.fr/iiif/presentation/v3/ark:/12148/bd6t51295559/manifest.json'
For more information check: https://developer.mozilla.org/en-US/docs/Web/HTTP/Status/403",2026-07-17T12:26:29.941019
francesoir,bd6t5129556p,,failed,0,0,,http_manifest,known,403,manifest,"Client error '403 ' for url 'https://openapiproext.bnf.fr/iiif/presentation/v3/ark:/12148/bd6t5129556p/manifest.json'
For more information check: https://developer.mozilla.org/en-US/docs/Web/HTTP/Status/403",2026-07-17T12:26:31.139745
francesoir,bd6t51295572,,failed,0,0,,http_manifest,known,403,manifest,"Client error '403 ' for url 'https://openapiproext.bnf.fr/iiif/presentation/v3/ark:/12148/bd6t51295572/manifest.json'
For more information check: https://developer.mozilla.org/en-US/docs/Web/HTTP/Status/403",2026-07-17T12:26:32.344666
francesoir,bd6t5129558f,,failed,0,0,,http_manifest,known,403,manifest,"Client error '403 ' for url 'https://openapiproext.bnf.fr/iiif/presentation/v3/ark:/12148/bd6t5129558f/manifest.json'
For more information check: https://developer.mozilla.org/en-US/docs/Web/HTTP/Status/403",2026-07-17T12:26:33.545197
francesoir,bd6t5129559t,,failed,0,0,,http_manifest,known,403,manifest,"Client error '403 ' for url 'https://openapiproext.bnf.fr/iiif/presentation/v3/ark:/12148/bd6t5129559t/manifest.json'
For more information check: https://developer.mozilla.org/en-US/docs/Web/HTTP/Status/403",2026-07-17T12:26:34.747998
francesoir,bd6t5129560r,,failed,0,0,,http_manifest,known,403,manifest,"Client error '403 ' for url 'https://openapiproext.bnf.fr/iiif/presentation/v3/ark:/12148/bd6t5129560r/manifest.json'
For more information check: https://developer.mozilla.org/en-US/docs/Web/HTTP/Status/403",2026-07-17T12:26:35.951019
francesoir,bd6t51295614,,failed,0,0,,http_manifest,known,403,manifest,"Client error '403 ' for url 'https://openapiproext.bnf.fr/iiif/presentation/v3/ark:/12148/bd6t51295614/manifest.json'
For more information check: https://developer.mozilla.org/en-US/docs/Web/HTTP/Status/403",2026-07-17T12:26:37.152263
francesoir,bd6t5129562h,,failed,0,0,,http_manifest,known,403,manifest,"Client error '403 ' for url 'https://openapiproext.bnf.fr/iiif/presentation/v3/ark:/12148/bd6t5129562h/manifest.json'
For more information check: https://developer.mozilla.org/en-US/docs/Web/HTTP/Status/403",2026-07-17T12:26:38.378378
francesoir,bd6t5129563w,,failed,0,0,,http_manifest,known,403,manifest,"Client error '403 ' for url 'https://openapiproext.bnf.fr/iiif/presentation/v3/ark:/12148/bd6t5129563w/manifest.json'
For more information check: https://developer.mozilla.org/en-US/docs/Web/HTTP/Status/403",2026-07-17T12:26:39.565077
francesoir,bd6t51295648,,failed,0,0,,http_manifest,known,403,manifest,"Client error '403 ' for url 'https://openapiproext.bnf.fr/iiif/presentation/v3/ark:/12148/bd6t51295648/manifest.json'
For more information check: https://developer.mozilla.org/en-US/docs/Web/HTTP/Status/403",2026-07-17T12:26:40.759544
francesoir,bd6t5129565n,,failed,0,0,,http_manifest,known,403,manifest,"Client error '403 ' for url 'https://openapiproext.bnf.fr/iiif/presentation/v3/ark:/12148/bd6t5129565n/manifest.json'
For more information check: https://developer.mozilla.org/en-US/docs/Web/HTTP/Status/403",2026-07-17T12:26:41.960113
francesoir,bd6t51295661,,failed,0,0,,http_manifest,known,403,manifest,"Client error '403 ' for url 'https://openapiproext.bnf.fr/iiif/presentation/v3/ark:/12148/bd6t51295661/manifest.json'
For more information check: https://developer.mozilla.org/en-US/docs/Web/HTTP/Status/403",2026-07-17T12:26:43.164382
francesoir,bd6t5129567d,,failed,0,0,,http_manifest,known,403,manifest,"Client error '403 ' for url 'https://openapiproext.bnf.fr/iiif/presentation/v3/ark:/12148/bd6t5129567d/manifest.json'
For more information check: https://developer.mozilla.org/en-US/docs/Web/HTTP/Status/403",2026-07-17T12:26:44.390516
francesoir,bd6t5129568s,,failed,0,0,,http_manifest,known,403,manifest,"Client error '403 ' for url 'https://openapiproext.bnf.fr/iiif/presentation/v3/ark:/12148/bd6t5129568s/manifest.json'
For more information check: https://developer.mozilla.org/en-US/docs/Web/HTTP/Status/403",2026-07-17T12:26:45.563409
francesoir,bd6t51295695,,failed,0,0,,http_manifest,known,403,manifest,"Client error '403 ' for url 'https://openapiproext.bnf.fr/iiif/presentation/v3/ark:/12148/bd6t51295695/manifest.json'
For more information check: https://developer.mozilla.org/en-US/docs/Web/HTTP/Status/403",2026-07-17T12:26:46.765090
francesoir,bd6t51295703,,failed,0,0,,http_manifest,known,403,manifest,"Client error '403 ' for url 'https://openapiproext.bnf.fr/iiif/presentation/v3/ark:/12148/bd6t51295703/manifest.json'
For more information check: https://developer.mozilla.org/en-US/docs/Web/HTTP/Status/403",2026-07-17T12:26:47.967857
francesoir,bd6t5129571g,,failed,0,0,,http_manifest,known,403,manifest,"Client error '403 ' for url 'https://openapiproext.bnf.fr/iiif/presentation/v3/ark:/12148/bd6t5129571g/manifest.json'
For more information check: https://developer.mozilla.org/en-US/docs/Web/HTTP/Status/403",2026-07-17T12:26:49.166694
francesoir,bd6t5129572v,,failed,0,0,,http_manifest,known,403,manifest,"Client error '403 ' for url 'https://openapiproext.bnf.fr/iiif/presentation/v3/ark:/12148/bd6t5129572v/manifest.json'
For more information check: https://developer.mozilla.org/en-US/docs/Web/HTTP/Status/403",2026-07-17T12:26:50.372031
francesoir,bd6t51295737,,failed,0,0,,http_manifest,known,403,manifest,"Client error '403 ' for url 'https://openapiproext.bnf.fr/iiif/presentation/v3/ark:/12148/bd6t51295737/manifest.json'
For more information check: https://developer.mozilla.org/en-US/docs/Web/HTTP/Status/403",2026-07-17T12:26:51.589056
francesoir,bd6t5129574m,,failed,0,0,,http_manifest,known,403,manifest,"Client error '403 ' for url 'https://openapiproext.bnf.fr/iiif/presentation/v3/ark:/12148/bd6t5129574m/manifest.json'
For more information check: https://developer.mozilla.org/en-US/docs/Web/HTTP/Status/403",2026-07-17T12:26:52.770382
francesoir,bd6t51295750,,failed,0,0,,http_manifest,known,403,manifest,"Client error '403 ' for url 'https://openapiproext.bnf.fr/iiif/presentation/v3/ark:/12148/bd6t51295750/manifest.json'
For more information check: https://developer.mozilla.org/en-US/docs/Web/HTTP/Status/403",2026-07-17T12:26:53.975910
francesoir,bd6t5129576c,,failed,0,0,,http_manifest,known,403,manifest,"Client error '403 ' for url 'https://openapiproext.bnf.fr/iiif/presentation/v3/ark:/12148/bd6t5129576c/manifest.json'
For more information check: https://developer.mozilla.org/en-US/docs/Web/HTTP/Status/403",2026-07-17T12:26:55.179612
francesoir,bd6t5129577r,,failed,0,0,,http_manifest,known,403,manifest,"Client error '403 ' for url 'https://openapiproext.bnf.fr/iiif/presentation/v3/ark:/12148/bd6t5129577r/manifest.json'
For more information check: https://developer.mozilla.org/en-US/docs/Web/HTTP/Status/403",2026-07-17T12:26:56.402052
francesoir,bd6t51295784,,failed,0,0,,http_manifest,known,403,manifest,"Client error '403 ' for url 'https://openapiproext.bnf.fr/iiif/presentation/v3/ark:/12148/bd6t51295784/manifest.json'
For more information check: https://developer.mozilla.org/en-US/docs/Web/HTTP/Status/403",2026-07-17T12:26:57.602322
francesoir,bd6t5129579h,,failed,0,0,,http_manifest,known,403,manifest,"Client error '403 ' for url 'https://openapiproext.bnf.fr/iiif/presentation/v3/ark:/12148/bd6t5129579h/manifest.json'
For more information check: https://developer.mozilla.org/en-US/docs/Web/HTTP/Status/403",2026-07-17T12:26:58.784628
francesoir,bd6t5129580f,,failed,0,0,,http_manifest,known,403,manifest,"Client error '403 ' for url 'https://openapiproext.bnf.fr/iiif/presentation/v3/ark:/12148/bd6t5129580f/manifest.json'
For more information check: https://developer.mozilla.org/en-US/docs/Web/HTTP/Status/403",2026-07-17T12:27:00.006212
francesoir,bd6t5129424k,,failed,0,0,,http_manifest,known,403,manifest,"Client error '403 ' for url 'https://openapiproext.bnf.fr/iiif/presentation/v3/ark:/12148/bd6t5129424k/manifest.json'
For more information check: https://developer.mozilla.org/en-US/docs/Web/HTTP/Status/403",2026-07-17T12:27:01.457133
francesoir,bd6t5129425z,,failed,0,0,,http_manifest,known,403,manifest,"Client error '403 ' for url 'https://openapiproext.bnf.fr/iiif/presentation/v3/ark:/12148/bd6t5129425z/manifest.json'
For more information check: https://developer.mozilla.org/en-US/docs/Web/HTTP/Status/403",2026-07-17T12:27:02.391548
francesoir,bd6t5129426b,,failed,0,0,,http_manifest,known,403,manifest,"Client error '403 ' for url 'https://openapiproext.bnf.fr/iiif/presentation/v3/ark:/12148/bd6t5129426b/manifest.json'
For more information check: https://developer.mozilla.org/en-US/docs/Web/HTTP/Status/403",2026-07-17T12:27:03.659719
francesoir,bd6t5129427q,,failed,0,0,,http_manifest,known,403,manifest,"Client error '403 ' for url 'https://openapiproext.bnf.fr/iiif/presentation/v3/ark:/12148/bd6t5129427q/manifest.json'
For more information check: https://developer.mozilla.org/en-US/docs/Web/HTTP/Status/403",2026-07-17T12:27:04.855649
francesoir,bd6t51294283,,failed,0,0,,http_manifest,known,403,manifest,"Client error '403 ' for url 'https://openapiproext.bnf.fr/iiif/presentation/v3/ark:/12148/bd6t51294283/manifest.json'
For more information check: https://developer.mozilla.org/en-US/docs/Web/HTTP/Status/403",2026-07-17T12:27:06.049162
francesoir,bd6t5129429g,,failed,0,0,,http_manifest,known,403,manifest,"Client error '403 ' for url 'https://openapiproext.bnf.fr/iiif/presentation/v3/ark:/12148/bd6t5129429g/manifest.json'
For more information check: https://developer.mozilla.org/en-US/docs/Web/HTTP/Status/403",2026-07-17T12:27:07.218900
francesoir,bd6t5129430d,,failed,0,0,,http_manifest,known,403,manifest,"Client error '403 ' for url 'https://openapiproext.bnf.fr/iiif/presentation/v3/ark:/12148/bd6t5129430d/manifest.json'
For more information check: https://developer.mozilla.org/en-US/docs/Web/HTTP/Status/403",2026-07-17T12:27:08.676619
francesoir,bd6t5129431s,,failed,0,0,,http_manifest,known,403,manifest,"Client error '403 ' for url 'https://openapiproext.bnf.fr/iiif/presentation/v3/ark:/12148/bd6t5129431s/manifest.json'
For more information check: https://developer.mozilla.org/en-US/docs/Web/HTTP/Status/403",2026-07-17T12:27:09.640275
francesoir,bd6t51294325,,failed,0,0,,http_manifest,known,403,manifest,"Client error '403 ' for url 'https://openapiproext.bnf.fr/iiif/presentation/v3/ark:/12148/bd6t51294325/manifest.json'
For more information check: https://developer.mozilla.org/en-US/docs/Web/HTTP/Status/403",2026-07-17T12:27:10.816243
francesoir,bd6t5129433j,,failed,0,0,,http_manifest,known,403,manifest,"Client error '403 ' for url 'https://openapiproext.bnf.fr/iiif/presentation/v3/ark:/12148/bd6t5129433j/manifest.json'
For more information check: https://developer.mozilla.org/en-US/docs/Web/HTTP/Status/403",2026-07-17T12:27:12.198060
francesoir,bd6t5129434x,,failed,0,0,,http_manifest,known,403,manifest,"Client error '403 ' for url 'https://openapiproext.bnf.fr/iiif/presentation/v3/ark:/12148/bd6t5129434x/manifest.json'
For more information check: https://developer.mozilla.org/en-US/docs/Web/HTTP/Status/403",2026-07-17T12:27:13.389814
francesoir,bd6t51294359,,failed,0,0,,http_manifest,known,403,manifest,"Client error '403 ' for url 'https://openapiproext.bnf.fr/iiif/presentation/v3/ark:/12148/bd6t51294359/manifest.json'
For more information check: https://developer.mozilla.org/en-US/docs/Web/HTTP/Status/403",2026-07-17T12:27:14.607842
francesoir,bd6t5129436p,,failed,0,0,,http_manifest,known,403,manifest,"Client error '403 ' for url 'https://openapiproext.bnf.fr/iiif/presentation/v3/ark:/12148/bd6t5129436p/manifest.json'
For more information check: https://developer.mozilla.org/en-US/docs/Web/HTTP/Status/403",2026-07-17T12:27:15.748394
francesoir,bd6t51294372,,failed,0,0,,http_manifest,known,403,manifest,"Client error '403 ' for url 'https://openapiproext.bnf.fr/iiif/presentation/v3/ark:/12148/bd6t51294372/manifest.json'
For more information check: https://developer.mozilla.org/en-US/docs/Web/HTTP/Status/403",2026-07-17T12:27:16.809663
francesoir,bd6t5129438f,,failed,0,0,,http_manifest,known,403,manifest,"Client error '403 ' for url 'https://openapiproext.bnf.fr/iiif/presentation/v3/ark:/12148/bd6t5129438f/manifest.json'
For more information check: https://developer.mozilla.org/en-US/docs/Web/HTTP/Status/403",2026-07-17T12:27:18.015815
francesoir,bd6t5129439t,,failed,0,0,,http_manifest,known,403,manifest,"Client error '403 ' for url 'https://openapiproext.bnf.fr/iiif/presentation/v3/ark:/12148/bd6t5129439t/manifest.json'
For more information check: https://developer.mozilla.org/en-US/docs/Web/HTTP/Status/403",2026-07-17T12:27:19.215150
francesoir,bd6t5129440r,,failed,0,0,,http_manifest,known,403,manifest,"Client error '403 ' for url 'https://openapiproext.bnf.fr/iiif/presentation/v3/ark:/12148/bd6t5129440r/manifest.json'
For more information check: https://developer.mozilla.org/en-US/docs/Web/HTTP/Status/403",2026-07-17T12:27:20.418007
francesoir,bd6t51294414,,failed,0,0,,http_manifest,known,403,manifest,"Client error '403 ' for url 'https://openapiproext.bnf.fr/iiif/presentation/v3/ark:/12148/bd6t51294414/manifest.json'
For more information check: https://developer.mozilla.org/en-US/docs/Web/HTTP/Status/403",2026-07-17T12:27:21.619242
francesoir,bd6t5129442h,,failed,0,0,,http_manifest,known,403,manifest,"Client error '403 ' for url 'https://openapiproext.bnf.fr/iiif/presentation/v3/ark:/12148/bd6t5129442h/manifest.json'
For more information check: https://developer.mozilla.org/en-US/docs/Web/HTTP/Status/403",2026-07-17T12:27:22.834162
francesoir,bd6t5129443w,,failed,0,0,,http_manifest,known,403,manifest,"Client error '403 ' for url 'https://openapiproext.bnf.fr/iiif/presentation/v3/ark:/12148/bd6t5129443w/manifest.json'
For more information check: https://developer.mozilla.org/en-US/docs/Web/HTTP/Status/403",2026-07-17T12:27:24.047311
francesoir,bd6t51294448,,failed,0,0,,http_manifest,known,403,manifest,"Client error '403 ' for url 'https://openapiproext.bnf.fr/iiif/presentation/v3/ark:/12148/bd6t51294448/manifest.json'
For more information check: https://developer.mozilla.org/en-US/docs/Web/HTTP/Status/403",2026-07-17T12:27:25.225641
francesoir,bd6t5129445n,,failed,0,0,,http_manifest,known,403,manifest,"Client error '403 ' for url 'https://openapiproext.bnf.fr/iiif/presentation/v3/ark:/12148/bd6t5129445n/manifest.json'
For more information check: https://developer.mozilla.org/en-US/docs/Web/HTTP/Status/403",2026-07-17T12:27:26.426889
francesoir,bd6t51294461,,failed,0,0,,http_manifest,known,403,manifest,"Client error '403 ' for url 'https://openapiproext.bnf.fr/iiif/presentation/v3/ark:/12148/bd6t51294461/manifest.json'
For more information check: https://developer.mozilla.org/en-US/docs/Web/HTTP/Status/403",2026-07-17T12:27:27.629342
francesoir,bd6t5129447d,,failed,0,0,,http_manifest,known,403,manifest,"Client error '403 ' for url 'https://openapiproext.bnf.fr/iiif/presentation/v3/ark:/12148/bd6t5129447d/manifest.json'
For more information check: https://developer.mozilla.org/en-US/docs/Web/HTTP/Status/403",2026-07-17T12:27:28.826937
francesoir,bd6t5129448s,,failed,0,0,,http_manifest,known,403,manifest,"Client error '403 ' for url 'https://openapiproext.bnf.fr/iiif/presentation/v3/ark:/12148/bd6t5129448s/manifest.json'
For more information check: https://developer.mozilla.org/en-US/docs/Web/HTTP/Status/403",2026-07-17T12:27:30.033470
francesoir,bd6t51294495,,failed,0,0,,http_manifest,known,403,manifest,"Client error '403 ' for url 'https://openapiproext.bnf.fr/iiif/presentation/v3/ark:/12148/bd6t51294495/manifest.json'
For more information check: https://developer.mozilla.org/en-US/docs/Web/HTTP/Status/403",2026-07-17T12:27:31.231817
francesoir,bd6t51294503,,failed,0,0,,http_manifest,known,403,manifest,"Client error '403 ' for url 'https://openapiproext.bnf.fr/iiif/presentation/v3/ark:/12148/bd6t51294503/manifest.json'
For more information check: https://developer.mozilla.org/en-US/docs/Web/HTTP/Status/403",2026-07-17T12:27:32.434515
francesoir,bd6t5129451g,,failed,0,0,,http_manifest,known,403,manifest,"Client error '403 ' for url 'https://openapiproext.bnf.fr/iiif/presentation/v3/ark:/12148/bd6t5129451g/manifest.json'
For more information check: https://developer.mozilla.org/en-US/docs/Web/HTTP/Status/403",2026-07-17T12:27:33.633564
francesoir,bd6t5129452v,,failed,0,0,,http_manifest,known,403,manifest,"Client error '403 ' for url 'https://openapiproext.bnf.fr/iiif/presentation/v3/ark:/12148/bd6t5129452v/manifest.json'
For more information check: https://developer.mozilla.org/en-US/docs/Web/HTTP/Status/403",2026-07-17T12:27:34.837401
francesoir,bd6t51294537,,failed,0,0,,http_manifest,known,403,manifest,"Client error '403 ' for url 'https://openapiproext.bnf.fr/iiif/presentation/v3/ark:/12148/bd6t51294537/manifest.json'
For more information check: https://developer.mozilla.org/en-US/docs/Web/HTTP/Status/403",2026-07-17T12:27:36.062689
francesoir,bd6t5129454m,,failed,0,0,,http_manifest,known,403,manifest,"Client error '403 ' for url 'https://openapiproext.bnf.fr/iiif/presentation/v3/ark:/12148/bd6t5129454m/manifest.json'
For more information check: https://developer.mozilla.org/en-US/docs/Web/HTTP/Status/403",2026-07-17T12:27:37.241733
francesoir,bd6t51294550,,failed,0,0,,http_manifest,known,403,manifest,"Client error '403 ' for url 'https://openapiproext.bnf.fr/iiif/presentation/v3/ark:/12148/bd6t51294550/manifest.json'
For more information check: https://developer.mozilla.org/en-US/docs/Web/HTTP/Status/403",2026-07-17T12:27:38.449396
francesoir,bd6t5129456c,,failed,0,0,,http_manifest,known,403,manifest,"Client error '403 ' for url 'https://openapiproext.bnf.fr/iiif/presentation/v3/ark:/12148/bd6t5129456c/manifest.json'
For more information check: https://developer.mozilla.org/en-US/docs/Web/HTTP/Status/403",2026-07-17T12:27:39.651476
francesoir,bd6t5129457r,,failed,0,0,,http_manifest,known,403,manifest,"Client error '403 ' for url 'https://openapiproext.bnf.fr/iiif/presentation/v3/ark:/12148/bd6t5129457r/manifest.json'
For more information check: https://developer.mozilla.org/en-US/docs/Web/HTTP/Status/403",2026-07-17T12:27:40.847730
francesoir,bd6t51294584,,failed,0,0,,http_manifest,known,403,manifest,"Client error '403 ' for url 'https://openapiproext.bnf.fr/iiif/presentation/v3/ark:/12148/bd6t51294584/manifest.json'
For more information check: https://developer.mozilla.org/en-US/docs/Web/HTTP/Status/403",2026-07-17T12:27:42.047354
francesoir,bd6t5129459h,,failed,0,0,,http_manifest,known,403,manifest,"Client error '403 ' for url 'https://openapiproext.bnf.fr/iiif/presentation/v3/ark:/12148/bd6t5129459h/manifest.json'
For more information check: https://developer.mozilla.org/en-US/docs/Web/HTTP/Status/403",2026-07-17T12:27:43.250651
francesoir,bd6t5129460f,,failed,0,0,,http_manifest,known,403,manifest,"Client error '403 ' for url 'https://openapiproext.bnf.fr/iiif/presentation/v3/ark:/12148/bd6t5129460f/manifest.json'
For more information check: https://developer.mozilla.org/en-US/docs/Web/HTTP/Status/403",2026-07-17T12:27:44.452671
francesoir,bd6t5129461t,,failed,0,0,,http_manifest,known,403,manifest,"Client error '403 ' for url 'https://openapiproext.bnf.fr/iiif/presentation/v3/ark:/12148/bd6t5129461t/manifest.json'
For more information check: https://developer.mozilla.org/en-US/docs/Web/HTTP/Status/403",2026-07-17T12:27:45.649780
francesoir,bd6t51294626,,failed,0,0,,http_manifest,known,403,manifest,"Client error '403 ' for url 'https://openapiproext.bnf.fr/iiif/presentation/v3/ark:/12148/bd6t51294626/manifest.json'
For more information check: https://developer.mozilla.org/en-US/docs/Web/HTTP/Status/403",2026-07-17T12:27:46.852398
francesoir,bd6t5129463k,,failed,0,0,,http_manifest,known,403,manifest,"Client error '403 ' for url 'https://openapiproext.bnf.fr/iiif/presentation/v3/ark:/12148/bd6t5129463k/manifest.json'
For more information check: https://developer.mozilla.org/en-US/docs/Web/HTTP/Status/403",2026-07-17T12:27:48.082476
francesoir,bd6t5129464z,,failed,0,0,,http_manifest,known,403,manifest,"Client error '403 ' for url 'https://openapiproext.bnf.fr/iiif/presentation/v3/ark:/12148/bd6t5129464z/manifest.json'
For more information check: https://developer.mozilla.org/en-US/docs/Web/HTTP/Status/403",2026-07-17T12:27:49.257638
francesoir,bd6t5129465b,,failed,0,0,,http_manifest,known,403,manifest,"Client error '403 ' for url 'https://openapiproext.bnf.fr/iiif/presentation/v3/ark:/12148/bd6t5129465b/manifest.json'
For more information check: https://developer.mozilla.org/en-US/docs/Web/HTTP/Status/403",2026-07-17T12:27:50.459028
francesoir,bd6t5129466q,,failed,0,0,,http_manifest,known,403,manifest,"Client error '403 ' for url 'https://openapiproext.bnf.fr/iiif/presentation/v3/ark:/12148/bd6t5129466q/manifest.json'
For more information check: https://developer.mozilla.org/en-US/docs/Web/HTTP/Status/403",2026-07-17T12:27:51.660467
francesoir,bd6t51294673,,failed,0,0,,http_manifest,known,403,manifest,"Client error '403 ' for url 'https://openapiproext.bnf.fr/iiif/presentation/v3/ark:/12148/bd6t51294673/manifest.json'
For more information check: https://developer.mozilla.org/en-US/docs/Web/HTTP/Status/403",2026-07-17T12:27:52.860331
francesoir,bd6t5129468g,,failed,0,0,,http_manifest,known,403,manifest,"Client error '403 ' for url 'https://openapiproext.bnf.fr/iiif/presentation/v3/ark:/12148/bd6t5129468g/manifest.json'
For more information check: https://developer.mozilla.org/en-US/docs/Web/HTTP/Status/403",2026-07-17T12:27:54.084429
francesoir,bd6t5129469v,,failed,0,0,,http_manifest,known,403,manifest,"Client error '403 ' for url 'https://openapiproext.bnf.fr/iiif/presentation/v3/ark:/12148/bd6t5129469v/manifest.json'
For more information check: https://developer.mozilla.org/en-US/docs/Web/HTTP/Status/403",2026-07-17T12:27:55.264025
francesoir,bd6t5129470s,,failed,0,0,,http_manifest,known,403,manifest,"Client error '403 ' for url 'https://openapiproext.bnf.fr/iiif/presentation/v3/ark:/12148/bd6t5129470s/manifest.json'
For more information check: https://developer.mozilla.org/en-US/docs/Web/HTTP/Status/403",2026-07-17T12:27:56.464910
francesoir,bd6t51294715,,failed,0,0,,http_manifest,known,403,manifest,"Client error '403 ' for url 'https://openapiproext.bnf.fr/iiif/presentation/v3/ark:/12148/bd6t51294715/manifest.json'
For more information check: https://developer.mozilla.org/en-US/docs/Web/HTTP/Status/403",2026-07-17T12:27:57.744836
francesoir,bd6t5129472j,,failed,0,0,,http_manifest,known,403,manifest,"Client error '403 ' for url 'https://openapiproext.bnf.fr/iiif/presentation/v3/ark:/12148/bd6t5129472j/manifest.json'
For more information check: https://developer.mozilla.org/en-US/docs/Web/HTTP/Status/403",2026-07-17T12:27:59.043043
francesoir,bd6t5129473x,,failed,0,0,,http_manifest,known,403,manifest,"Client error '403 ' for url 'https://openapiproext.bnf.fr/iiif/presentation/v3/ark:/12148/bd6t5129473x/manifest.json'
For more information check: https://developer.mozilla.org/en-US/docs/Web/HTTP/Status/403",2026-07-17T12:28:00.103560
francesoir,bd6t51294749,,failed,0,0,,http_manifest,known,403,manifest,"Client error '403 ' for url 'https://openapiproext.bnf.fr/iiif/presentation/v3/ark:/12148/bd6t51294749/manifest.json'
For more information check: https://developer.mozilla.org/en-US/docs/Web/HTTP/Status/403",2026-07-17T12:28:01.384973
francesoir,bd6t5129475p,,failed,0,0,,http_manifest,known,403,manifest,"Client error '403 ' for url 'https://openapiproext.bnf.fr/iiif/presentation/v3/ark:/12148/bd6t5129475p/manifest.json'
For more information check: https://developer.mozilla.org/en-US/docs/Web/HTTP/Status/403",2026-07-17T12:28:02.475693
francesoir,bd6t51294762,,failed,0,0,,http_manifest,known,403,manifest,"Client error '403 ' for url 'https://openapiproext.bnf.fr/iiif/presentation/v3/ark:/12148/bd6t51294762/manifest.json'
For more information check: https://developer.mozilla.org/en-US/docs/Web/HTTP/Status/403",2026-07-17T12:28:03.743558
francesoir,bd6t5129477f,,failed,0,0,,http_manifest,known,403,manifest,"Client error '403 ' for url 'https://openapiproext.bnf.fr/iiif/presentation/v3/ark:/12148/bd6t5129477f/manifest.json'
For more information check: https://developer.mozilla.org/en-US/docs/Web/HTTP/Status/403",2026-07-17T12:28:04.911062
francesoir,bd6t5129478t,,failed,0,0,,http_manifest,known,403,manifest,"Client error '403 ' for url 'https://openapiproext.bnf.fr/iiif/presentation/v3/ark:/12148/bd6t5129478t/manifest.json'
For more information check: https://developer.mozilla.org/en-US/docs/Web/HTTP/Status/403",2026-07-17T12:28:06.087318
francesoir,bd6t51294796,,failed,0,0,,http_manifest,known,403,manifest,"Client error '403 ' for url 'https://openapiproext.bnf.fr/iiif/presentation/v3/ark:/12148/bd6t51294796/manifest.json'
For more information check: https://developer.mozilla.org/en-US/docs/Web/HTTP/Status/403",2026-07-17T12:28:07.483317
francesoir,bd6t51294804,,failed,0,0,,http_manifest,known,403,manifest,"Client error '403 ' for url 'https://openapiproext.bnf.fr/iiif/presentation/v3/ark:/12148/bd6t51294804/manifest.json'
For more information check: https://developer.mozilla.org/en-US/docs/Web/HTTP/Status/403",2026-07-17T12:28:08.584492
francesoir,bd6t5129481h,,failed,0,0,,http_manifest,known,403,manifest,"Client error '403 ' for url 'https://openapiproext.bnf.fr/iiif/presentation/v3/ark:/12148/bd6t5129481h/manifest.json'
For more information check: https://developer.mozilla.org/en-US/docs/Web/HTTP/Status/403",2026-07-17T12:28:09.860475
francesoir,bd6t5129482w,,failed,0,0,,http_manifest,known,403,manifest,"Client error '403 ' for url 'https://openapiproext.bnf.fr/iiif/presentation/v3/ark:/12148/bd6t5129482w/manifest.json'
For more information check: https://developer.mozilla.org/en-US/docs/Web/HTTP/Status/403",2026-07-17T12:28:11.108233
francesoir,bd6t51294838,,failed,0,0,,http_manifest,known,403,manifest,"Client error '403 ' for url 'https://openapiproext.bnf.fr/iiif/presentation/v3/ark:/12148/bd6t51294838/manifest.json'
For more information check: https://developer.mozilla.org/en-US/docs/Web/HTTP/Status/403",2026-07-17T12:28:12.091473
francesoir,bd6t5129484n,,failed,0,0,,http_manifest,known,403,manifest,"Client error '403 ' for url 'https://openapiproext.bnf.fr/iiif/presentation/v3/ark:/12148/bd6t5129484n/manifest.json'
For more information check: https://developer.mozilla.org/en-US/docs/Web/HTTP/Status/403",2026-07-17T12:28:13.413870
francesoir,bd6t51294851,,failed,0,0,,http_manifest,known,403,manifest,"Client error '403 ' for url 'https://openapiproext.bnf.fr/iiif/presentation/v3/ark:/12148/bd6t51294851/manifest.json'
For more information check: https://developer.mozilla.org/en-US/docs/Web/HTTP/Status/403",2026-07-17T12:28:14.662090
francesoir,bd6t5129486d,,failed,0,0,,http_manifest,known,403,manifest,"Client error '403 ' for url 'https://openapiproext.bnf.fr/iiif/presentation/v3/ark:/12148/bd6t5129486d/manifest.json'
For more information check: https://developer.mozilla.org/en-US/docs/Web/HTTP/Status/403",2026-07-17T12:28:15.695127
francesoir,bd6t5129487s,,failed,0,0,,http_manifest,known,403,manifest,"Client error '403 ' for url 'https://openapiproext.bnf.fr/iiif/presentation/v3/ark:/12148/bd6t5129487s/manifest.json'
For more information check: https://developer.mozilla.org/en-US/docs/Web/HTTP/Status/403",2026-07-17T12:28:16.921473
francesoir,bd6t51294885,,failed,0,0,,http_manifest,known,403,manifest,"Client error '403 ' for url 'https://openapiproext.bnf.fr/iiif/presentation/v3/ark:/12148/bd6t51294885/manifest.json'
For more information check: https://developer.mozilla.org/en-US/docs/Web/HTTP/Status/403",2026-07-17T12:28:18.389845
francesoir,bd6t5129489j,,failed,0,0,,http_manifest,known,403,manifest,"Client error '403 ' for url 'https://openapiproext.bnf.fr/iiif/presentation/v3/ark:/12148/bd6t5129489j/manifest.json'
For more information check: https://developer.mozilla.org/en-US/docs/Web/HTTP/Status/403",2026-07-17T12:28:19.296991
francesoir,bd6t5129490g,,failed,0,0,,http_manifest,known,403,manifest,"Client error '403 ' for url 'https://openapiproext.bnf.fr/iiif/presentation/v3/ark:/12148/bd6t5129490g/manifest.json'
For more information check: https://developer.mozilla.org/en-US/docs/Web/HTTP/Status/403",2026-07-17T12:28:20.503227
francesoir,bd6t5129491v,,failed,0,0,,http_manifest,known,403,manifest,"Client error '403 ' for url 'https://openapiproext.bnf.fr/iiif/presentation/v3/ark:/12148/bd6t5129491v/manifest.json'
For more information check: https://developer.mozilla.org/en-US/docs/Web/HTTP/Status/403",2026-07-17T12:28:21.722627
francesoir,bd6t51294927,,failed,0,0,,http_manifest,known,403,manifest,"Client error '403 ' for url 'https://openapiproext.bnf.fr/iiif/presentation/v3/ark:/12148/bd6t51294927/manifest.json'
For more information check: https://developer.mozilla.org/en-US/docs/Web/HTTP/Status/403",2026-07-17T12:28:22.905196
francesoir,bd6t5129493m,,failed,0,0,,http_manifest,known,403,manifest,"Client error '403 ' for url 'https://openapiproext.bnf.fr/iiif/presentation/v3/ark:/12148/bd6t5129493m/manifest.json'
For more information check: https://developer.mozilla.org/en-US/docs/Web/HTTP/Status/403",2026-07-17T12:28:24.103903
francesoir,bd6t51294940,,failed,0,0,,http_manifest,known,403,manifest,"Client error '403 ' for url 'https://openapiproext.bnf.fr/iiif/presentation/v3/ark:/12148/bd6t51294940/manifest.json'
For more information check: https://developer.mozilla.org/en-US/docs/Web/HTTP/Status/403",2026-07-17T12:28:25.303086
francesoir,bd6t5129495c,,failed,0,0,,http_manifest,known,403,manifest,"Client error '403 ' for url 'https://openapiproext.bnf.fr/iiif/presentation/v3/ark:/12148/bd6t5129495c/manifest.json'
For more information check: https://developer.mozilla.org/en-US/docs/Web/HTTP/Status/403",2026-07-17T12:28:26.505579
francesoir,bd6t5129496r,,failed,0,0,,http_manifest,known,403,manifest,"Client error '403 ' for url 'https://openapiproext.bnf.fr/iiif/presentation/v3/ark:/12148/bd6t5129496r/manifest.json'
For more information check: https://developer.mozilla.org/en-US/docs/Web/HTTP/Status/403",2026-07-17T12:28:27.708935
francesoir,bd6t51294974,,failed,0,0,,http_manifest,known,403,manifest,"Client error '403 ' for url 'https://openapiproext.bnf.fr/iiif/presentation/v3/ark:/12148/bd6t51294974/manifest.json'
For more information check: https://developer.mozilla.org/en-US/docs/Web/HTTP/Status/403",2026-07-17T12:28:28.912390
francesoir,bd6t5129498h,,failed,0,0,,http_manifest,known,403,manifest,"Client error '403 ' for url 'https://openapiproext.bnf.fr/iiif/presentation/v3/ark:/12148/bd6t5129498h/manifest.json'
For more information check: https://developer.mozilla.org/en-US/docs/Web/HTTP/Status/403",2026-07-17T12:28:30.115222
francesoir,bd6t5129499w,,failed,0,0,,http_manifest,known,403,manifest,"Client error '403 ' for url 'https://openapiproext.bnf.fr/iiif/presentation/v3/ark:/12148/bd6t5129499w/manifest.json'
For more information check: https://developer.mozilla.org/en-US/docs/Web/HTTP/Status/403",2026-07-17T12:28:31.318217
francesoir,bd6t5129500p,,failed,0,0,,http_manifest,known,403,manifest,"Client error '403 ' for url 'https://openapiproext.bnf.fr/iiif/presentation/v3/ark:/12148/bd6t5129500p/manifest.json'
For more information check: https://developer.mozilla.org/en-US/docs/Web/HTTP/Status/403",2026-07-17T12:28:32.525059
francesoir,bd6t51295012,,failed,0,0,,http_manifest,known,403,manifest,"Client error '403 ' for url 'https://openapiproext.bnf.fr/iiif/presentation/v3/ark:/12148/bd6t51295012/manifest.json'
For more information check: https://developer.mozilla.org/en-US/docs/Web/HTTP/Status/403",2026-07-17T12:28:33.747233
francesoir,bd6t5129502f,,failed,0,0,,http_manifest,known,403,manifest,"Client error '403 ' for url 'https://openapiproext.bnf.fr/iiif/presentation/v3/ark:/12148/bd6t5129502f/manifest.json'
For more information check: https://developer.mozilla.org/en-US/docs/Web/HTTP/Status/403",2026-07-17T12:28:34.925140
francesoir,bd6t51298960,,failed,0,0,,http_manifest,known,403,manifest,"Client error '403 ' for url 'https://openapiproext.bnf.fr/iiif/presentation/v3/ark:/12148/bd6t51298960/manifest.json'
For more information check: https://developer.mozilla.org/en-US/docs/Web/HTTP/Status/403",2026-07-17T12:28:36.123556
francesoir,bd6t5129897c,,failed,0,0,,http_manifest,known,403,manifest,"Client error '403 ' for url 'https://openapiproext.bnf.fr/iiif/presentation/v3/ark:/12148/bd6t5129897c/manifest.json'
For more information check: https://developer.mozilla.org/en-US/docs/Web/HTTP/Status/403",2026-07-17T12:28:37.322501
francesoir,bd6t5129898r,,failed,0,0,,http_manifest,known,403,manifest,"Client error '403 ' for url 'https://openapiproext.bnf.fr/iiif/presentation/v3/ark:/12148/bd6t5129898r/manifest.json'
For more information check: https://developer.mozilla.org/en-US/docs/Web/HTTP/Status/403",2026-07-17T12:28:38.524233
francesoir,bd6t51298994,,failed,0,0,,http_manifest,known,403,manifest,"Client error '403 ' for url 'https://openapiproext.bnf.fr/iiif/presentation/v3/ark:/12148/bd6t51298994/manifest.json'
For more information check: https://developer.mozilla.org/en-US/docs/Web/HTTP/Status/403",2026-07-17T12:28:39.729297
francesoir,bd6t5129900x,,failed,0,0,,http_manifest,known,403,manifest,"Client error '403 ' for url 'https://openapiproext.bnf.fr/iiif/presentation/v3/ark:/12148/bd6t5129900x/manifest.json'
For more information check: https://developer.mozilla.org/en-US/docs/Web/HTTP/Status/403",2026-07-17T12:28:40.930060
francesoir,bd6t51299019,,failed,0,0,,http_manifest,known,403,manifest,"Client error '403 ' for url 'https://openapiproext.bnf.fr/iiif/presentation/v3/ark:/12148/bd6t51299019/manifest.json'
For more information check: https://developer.mozilla.org/en-US/docs/Web/HTTP/Status/403",2026-07-17T12:28:42.129500
francesoir,bd6t5129902p,,failed,0,0,,http_manifest,known,403,manifest,"Client error '403 ' for url 'https://openapiproext.bnf.fr/iiif/presentation/v3/ark:/12148/bd6t5129902p/manifest.json'
For more information check: https://developer.mozilla.org/en-US/docs/Web/HTTP/Status/403",2026-07-17T12:28:43.335105
francesoir,bd6t51299032,,failed,0,0,,http_manifest,known,403,manifest,"Client error '403 ' for url 'https://openapiproext.bnf.fr/iiif/presentation/v3/ark:/12148/bd6t51299032/manifest.json'
For more information check: https://developer.mozilla.org/en-US/docs/Web/HTTP/Status/403",2026-07-17T12:28:44.535462
francesoir,bd6t5129904f,,failed,0,0,,http_manifest,known,403,manifest,"Client error '403 ' for url 'https://openapiproext.bnf.fr/iiif/presentation/v3/ark:/12148/bd6t5129904f/manifest.json'
For more information check: https://developer.mozilla.org/en-US/docs/Web/HTTP/Status/403",2026-07-17T12:28:45.770109
francesoir,bd6t5129905t,,failed,0,0,,http_manifest,known,403,manifest,"Client error '403 ' for url 'https://openapiproext.bnf.fr/iiif/presentation/v3/ark:/12148/bd6t5129905t/manifest.json'
For more information check: https://developer.mozilla.org/en-US/docs/Web/HTTP/Status/403",2026-07-17T12:28:46.937401
francesoir,bd6t51299066,,failed,0,0,,http_manifest,known,403,manifest,"Client error '403 ' for url 'https://openapiproext.bnf.fr/iiif/presentation/v3/ark:/12148/bd6t51299066/manifest.json'
For more information check: https://developer.mozilla.org/en-US/docs/Web/HTTP/Status/403",2026-07-17T12:28:48.136817
francesoir,bd6t5129907k,,failed,0,0,,http_manifest,known,403,manifest,"Client error '403 ' for url 'https://openapiproext.bnf.fr/iiif/presentation/v3/ark:/12148/bd6t5129907k/manifest.json'
For more information check: https://developer.mozilla.org/en-US/docs/Web/HTTP/Status/403",2026-07-17T12:28:49.340884
francesoir,bd6t5129908z,,failed,0,0,,http_manifest,known,403,manifest,"Client error '403 ' for url 'https://openapiproext.bnf.fr/iiif/presentation/v3/ark:/12148/bd6t5129908z/manifest.json'
For more information check: https://developer.mozilla.org/en-US/docs/Web/HTTP/Status/403",2026-07-17T12:28:50.543312
francesoir,bd6t5129909b,,failed,0,0,,http_manifest,known,403,manifest,"Client error '403 ' for url 'https://openapiproext.bnf.fr/iiif/presentation/v3/ark:/12148/bd6t5129909b/manifest.json'
For more information check: https://developer.mozilla.org/en-US/docs/Web/HTTP/Status/403",2026-07-17T12:28:51.776823
francesoir,bd6t51299108,,failed,0,0,,http_manifest,known,403,manifest,"Client error '403 ' for url 'https://openapiproext.bnf.fr/iiif/presentation/v3/ark:/12148/bd6t51299108/manifest.json'
For more information check: https://developer.mozilla.org/en-US/docs/Web/HTTP/Status/403",2026-07-17T12:28:52.944321
francesoir,bd6t5129911n,,failed,0,0,,http_manifest,known,403,manifest,"Client error '403 ' for url 'https://openapiproext.bnf.fr/iiif/presentation/v3/ark:/12148/bd6t5129911n/manifest.json'
For more information check: https://developer.mozilla.org/en-US/docs/Web/HTTP/Status/403",2026-07-17T12:28:54.141067
francesoir,bd6t51299121,,failed,0,0,,http_manifest,known,403,manifest,"Client error '403 ' for url 'https://openapiproext.bnf.fr/iiif/presentation/v3/ark:/12148/bd6t51299121/manifest.json'
For more information check: https://developer.mozilla.org/en-US/docs/Web/HTTP/Status/403",2026-07-17T12:28:55.345160
francesoir,bd6t5129913d,,failed,0,0,,http_manifest,known,403,manifest,"Client error '403 ' for url 'https://openapiproext.bnf.fr/iiif/presentation/v3/ark:/12148/bd6t5129913d/manifest.json'
For more information check: https://developer.mozilla.org/en-US/docs/Web/HTTP/Status/403",2026-07-17T12:28:56.547073
francesoir,bd6t5129914s,,failed,0,0,,http_manifest,known,403,manifest,"Client error '403 ' for url 'https://openapiproext.bnf.fr/iiif/presentation/v3/ark:/12148/bd6t5129914s/manifest.json'
For more information check: https://developer.mozilla.org/en-US/docs/Web/HTTP/Status/403",2026-07-17T12:28:57.778637
francesoir,bd6t51299155,,failed,0,0,,http_manifest,known,403,manifest,"Client error '403 ' for url 'https://openapiproext.bnf.fr/iiif/presentation/v3/ark:/12148/bd6t51299155/manifest.json'
For more information check: https://developer.mozilla.org/en-US/docs/Web/HTTP/Status/403",2026-07-17T12:28:59.099573
francesoir,bd6t5129916j,,failed,0,0,,http_manifest,known,403,manifest,"Client error '403 ' for url 'https://openapiproext.bnf.fr/iiif/presentation/v3/ark:/12148/bd6t5129916j/manifest.json'
For more information check: https://developer.mozilla.org/en-US/docs/Web/HTTP/Status/403",2026-07-17T12:29:00.298115
francesoir,bd6t5129917x,,failed,0,0,,http_manifest,known,403,manifest,"Client error '403 ' for url 'https://openapiproext.bnf.fr/iiif/presentation/v3/ark:/12148/bd6t5129917x/manifest.json'
For more information check: https://developer.mozilla.org/en-US/docs/Web/HTTP/Status/403",2026-07-17T12:29:01.600270
francesoir,bd6t51299189,,failed,0,0,,http_manifest,known,403,manifest,"Client error '403 ' for url 'https://openapiproext.bnf.fr/iiif/presentation/v3/ark:/12148/bd6t51299189/manifest.json'
For more information check: https://developer.mozilla.org/en-US/docs/Web/HTTP/Status/403",2026-07-17T12:29:02.567474
francesoir,bd6t5129919p,,failed,0,0,,http_manifest,known,403,manifest,"Client error '403 ' for url 'https://openapiproext.bnf.fr/iiif/presentation/v3/ark:/12148/bd6t5129919p/manifest.json'
For more information check: https://developer.mozilla.org/en-US/docs/Web/HTTP/Status/403",2026-07-17T12:29:04.011888
francesoir,bd6t5129920m,,failed,0,0,,http_manifest,known,403,manifest,"Client error '403 ' for url 'https://openapiproext.bnf.fr/iiif/presentation/v3/ark:/12148/bd6t5129920m/manifest.json'
For more information check: https://developer.mozilla.org/en-US/docs/Web/HTTP/Status/403",2026-07-17T12:29:05.164875
francesoir,bd6t51299210,,failed,0,0,,http_manifest,known,403,manifest,"Client error '403 ' for url 'https://openapiproext.bnf.fr/iiif/presentation/v3/ark:/12148/bd6t51299210/manifest.json'
For more information check: https://developer.mozilla.org/en-US/docs/Web/HTTP/Status/403",2026-07-17T12:29:06.210192
francesoir,bd6t5129922c,,failed,0,0,,http_manifest,known,403,manifest,"Client error '403 ' for url 'https://openapiproext.bnf.fr/iiif/presentation/v3/ark:/12148/bd6t5129922c/manifest.json'
For more information check: https://developer.mozilla.org/en-US/docs/Web/HTTP/Status/403",2026-07-17T12:29:07.368807
francesoir,bd6t5129923r,,failed,0,0,,http_manifest,known,403,manifest,"Client error '403 ' for url 'https://openapiproext.bnf.fr/iiif/presentation/v3/ark:/12148/bd6t5129923r/manifest.json'
For more information check: https://developer.mozilla.org/en-US/docs/Web/HTTP/Status/403",2026-07-17T12:29:08.565263
francesoir,bd6t51299244,,failed,0,0,,http_manifest,known,403,manifest,"Client error '403 ' for url 'https://openapiproext.bnf.fr/iiif/presentation/v3/ark:/12148/bd6t51299244/manifest.json'
For more information check: https://developer.mozilla.org/en-US/docs/Web/HTTP/Status/403",2026-07-17T12:29:09.771010
francesoir,bd6t5129925h,,failed,0,0,,http_manifest,known,403,manifest,"Client error '403 ' for url 'https://openapiproext.bnf.fr/iiif/presentation/v3/ark:/12148/bd6t5129925h/manifest.json'
For more information check: https://developer.mozilla.org/en-US/docs/Web/HTTP/Status/403",2026-07-17T12:29:10.973014
francesoir,bd6t5129926w,,failed,0,0,,http_manifest,known,403,manifest,"Client error '403 ' for url 'https://openapiproext.bnf.fr/iiif/presentation/v3/ark:/12148/bd6t5129926w/manifest.json'
For more information check: https://developer.mozilla.org/en-US/docs/Web/HTTP/Status/403",2026-07-17T12:29:12.173830
francesoir,bd6t51299278,,failed,0,0,,http_manifest,known,403,manifest,"Client error '403 ' for url 'https://openapiproext.bnf.fr/iiif/presentation/v3/ark:/12148/bd6t51299278/manifest.json'
For more information check: https://developer.mozilla.org/en-US/docs/Web/HTTP/Status/403",2026-07-17T12:29:13.406867
francesoir,bd6t5129928n,,failed,0,0,,http_manifest,known,403,manifest,"Client error '403 ' for url 'https://openapiproext.bnf.fr/iiif/presentation/v3/ark:/12148/bd6t5129928n/manifest.json'
For more information check: https://developer.mozilla.org/en-US/docs/Web/HTTP/Status/403",2026-07-17T12:29:14.576231
francesoir,bd6t51299291,,failed,0,0,,http_manifest,known,403,manifest,"Client error '403 ' for url 'https://openapiproext.bnf.fr/iiif/presentation/v3/ark:/12148/bd6t51299291/manifest.json'
For more information check: https://developer.mozilla.org/en-US/docs/Web/HTTP/Status/403",2026-07-17T12:29:15.778858
francesoir,bd6t5129930z,,failed,0,0,,http_manifest,known,403,manifest,"Client error '403 ' for url 'https://openapiproext.bnf.fr/iiif/presentation/v3/ark:/12148/bd6t5129930z/manifest.json'
For more information check: https://developer.mozilla.org/en-US/docs/Web/HTTP/Status/403",2026-07-17T12:29:16.977715
francesoir,bd6t5129931b,,failed,0,0,,http_manifest,known,403,manifest,"Client error '403 ' for url 'https://openapiproext.bnf.fr/iiif/presentation/v3/ark:/12148/bd6t5129931b/manifest.json'
For more information check: https://developer.mozilla.org/en-US/docs/Web/HTTP/Status/403",2026-07-17T12:29:18.183262
francesoir,bd6t5129932q,,failed,0,0,,http_manifest,known,403,manifest,"Client error '403 ' for url 'https://openapiproext.bnf.fr/iiif/presentation/v3/ark:/12148/bd6t5129932q/manifest.json'
For more information check: https://developer.mozilla.org/en-US/docs/Web/HTTP/Status/403",2026-07-17T12:29:19.383543
francesoir,bd6t51299333,,failed,0,0,,http_manifest,known,403,manifest,"Client error '403 ' for url 'https://openapiproext.bnf.fr/iiif/presentation/v3/ark:/12148/bd6t51299333/manifest.json'
For more information check: https://developer.mozilla.org/en-US/docs/Web/HTTP/Status/403",2026-07-17T12:29:20.586820
francesoir,bd6t5129934g,,failed,0,0,,http_manifest,known,403,manifest,"Client error '403 ' for url 'https://openapiproext.bnf.fr/iiif/presentation/v3/ark:/12148/bd6t5129934g/manifest.json'
For more information check: https://developer.mozilla.org/en-US/docs/Web/HTTP/Status/403",2026-07-17T12:29:21.784703
francesoir,bd6t5129935v,,failed,0,0,,http_manifest,known,403,manifest,"Client error '403 ' for url 'https://openapiproext.bnf.fr/iiif/presentation/v3/ark:/12148/bd6t5129935v/manifest.json'
For more information check: https://developer.mozilla.org/en-US/docs/Web/HTTP/Status/403",2026-07-17T12:29:22.988728
francesoir,bd6t51299367,,failed,0,0,,http_manifest,known,403,manifest,"Client error '403 ' for url 'https://openapiproext.bnf.fr/iiif/presentation/v3/ark:/12148/bd6t51299367/manifest.json'
For more information check: https://developer.mozilla.org/en-US/docs/Web/HTTP/Status/403",2026-07-17T12:29:24.189824
francesoir,bd6t5129937m,,failed,0,0,,http_manifest,known,403,manifest,"Client error '403 ' for url 'https://openapiproext.bnf.fr/iiif/presentation/v3/ark:/12148/bd6t5129937m/manifest.json'
For more information check: https://developer.mozilla.org/en-US/docs/Web/HTTP/Status/403",2026-07-17T12:29:25.412923
francesoir,bd6t51299380,,failed,0,0,,http_manifest,known,403,manifest,"Client error '403 ' for url 'https://openapiproext.bnf.fr/iiif/presentation/v3/ark:/12148/bd6t51299380/manifest.json'
For more information check: https://developer.mozilla.org/en-US/docs/Web/HTTP/Status/403",2026-07-17T12:29:26.593315
francesoir,bd6t5129939c,,failed,0,0,,http_manifest,known,403,manifest,"Client error '403 ' for url 'https://openapiproext.bnf.fr/iiif/presentation/v3/ark:/12148/bd6t5129939c/manifest.json'
For more information check: https://developer.mozilla.org/en-US/docs/Web/HTTP/Status/403",2026-07-17T12:29:27.793671
francesoir,bd6t51299409,,failed,0,0,,http_manifest,known,403,manifest,"Client error '403 ' for url 'https://openapiproext.bnf.fr/iiif/presentation/v3/ark:/12148/bd6t51299409/manifest.json'
For more information check: https://developer.mozilla.org/en-US/docs/Web/HTTP/Status/403",2026-07-17T12:29:28.996299
francesoir,bd6t5129941p,,failed,0,0,,http_manifest,known,403,manifest,"Client error '403 ' for url 'https://openapiproext.bnf.fr/iiif/presentation/v3/ark:/12148/bd6t5129941p/manifest.json'
For more information check: https://developer.mozilla.org/en-US/docs/Web/HTTP/Status/403",2026-07-17T12:29:30.196357
francesoir,bd6t51299422,,failed,0,0,,http_manifest,known,403,manifest,"Client error '403 ' for url 'https://openapiproext.bnf.fr/iiif/presentation/v3/ark:/12148/bd6t51299422/manifest.json'
For more information check: https://developer.mozilla.org/en-US/docs/Web/HTTP/Status/403",2026-07-17T12:29:31.422654
francesoir,bd6t5129943f,,failed,0,0,,http_manifest,known,403,manifest,"Client error '403 ' for url 'https://openapiproext.bnf.fr/iiif/presentation/v3/ark:/12148/bd6t5129943f/manifest.json'
For more information check: https://developer.mozilla.org/en-US/docs/Web/HTTP/Status/403",2026-07-17T12:29:32.598141
francesoir,bd6t5129944t,,failed,0,0,,http_manifest,known,403,manifest,"Client error '403 ' for url 'https://openapiproext.bnf.fr/iiif/presentation/v3/ark:/12148/bd6t5129944t/manifest.json'
For more information check: https://developer.mozilla.org/en-US/docs/Web/HTTP/Status/403",2026-07-17T12:29:33.802859
francesoir,bd6t51299456,,failed,0,0,,http_manifest,known,403,manifest,"Client error '403 ' for url 'https://openapiproext.bnf.fr/iiif/presentation/v3/ark:/12148/bd6t51299456/manifest.json'
For more information check: https://developer.mozilla.org/en-US/docs/Web/HTTP/Status/403",2026-07-17T12:29:35.003766
francesoir,bd6t5129946k,,failed,0,0,,http_manifest,known,403,manifest,"Client error '403 ' for url 'https://openapiproext.bnf.fr/iiif/presentation/v3/ark:/12148/bd6t5129946k/manifest.json'
For more information check: https://developer.mozilla.org/en-US/docs/Web/HTTP/Status/403",2026-07-17T12:29:36.204727
francesoir,bd6t5129947z,,failed,0,0,,http_manifest,known,403,manifest,"Client error '403 ' for url 'https://openapiproext.bnf.fr/iiif/presentation/v3/ark:/12148/bd6t5129947z/manifest.json'
For more information check: https://developer.mozilla.org/en-US/docs/Web/HTTP/Status/403",2026-07-17T12:29:37.408261
francesoir,bd6t5129948b,,failed,0,0,,http_manifest,known,403,manifest,"Client error '403 ' for url 'https://openapiproext.bnf.fr/iiif/presentation/v3/ark:/12148/bd6t5129948b/manifest.json'
For more information check: https://developer.mozilla.org/en-US/docs/Web/HTTP/Status/403",2026-07-17T12:29:38.605220
francesoir,bd6t5129949q,,failed,0,0,,http_manifest,known,403,manifest,"Client error '403 ' for url 'https://openapiproext.bnf.fr/iiif/presentation/v3/ark:/12148/bd6t5129949q/manifest.json'
For more information check: https://developer.mozilla.org/en-US/docs/Web/HTTP/Status/403",2026-07-17T12:29:39.811400
francesoir,bd6t5129950n,,failed,0,0,,http_manifest,known,403,manifest,"Client error '403 ' for url 'https://openapiproext.bnf.fr/iiif/presentation/v3/ark:/12148/bd6t5129950n/manifest.json'
For more information check: https://developer.mozilla.org/en-US/docs/Web/HTTP/Status/403",2026-07-17T12:29:41.012121
francesoir,bd6t51299511,,failed,0,0,,http_manifest,known,403,manifest,"Client error '403 ' for url 'https://openapiproext.bnf.fr/iiif/presentation/v3/ark:/12148/bd6t51299511/manifest.json'
For more information check: https://developer.mozilla.org/en-US/docs/Web/HTTP/Status/403",2026-07-17T12:29:42.211190
francesoir,bd6t5129952d,,failed,0,0,,http_manifest,known,403,manifest,"Client error '403 ' for url 'https://openapiproext.bnf.fr/iiif/presentation/v3/ark:/12148/bd6t5129952d/manifest.json'
For more information check: https://developer.mozilla.org/en-US/docs/Web/HTTP/Status/403",2026-07-17T12:29:43.437145
francesoir,bd6t5129953s,,failed,0,0,,http_manifest,known,403,manifest,"Client error '403 ' for url 'https://openapiproext.bnf.fr/iiif/presentation/v3/ark:/12148/bd6t5129953s/manifest.json'
For more information check: https://developer.mozilla.org/en-US/docs/Web/HTTP/Status/403",2026-07-17T12:29:44.617746
francesoir,bd6t51299545,,failed,0,0,,http_manifest,known,403,manifest,"Client error '403 ' for url 'https://openapiproext.bnf.fr/iiif/presentation/v3/ark:/12148/bd6t51299545/manifest.json'
For more information check: https://developer.mozilla.org/en-US/docs/Web/HTTP/Status/403",2026-07-17T12:29:45.817729
francesoir,bd6t5129955j,,failed,0,0,,http_manifest,known,403,manifest,"Client error '403 ' for url 'https://openapiproext.bnf.fr/iiif/presentation/v3/ark:/12148/bd6t5129955j/manifest.json'
For more information check: https://developer.mozilla.org/en-US/docs/Web/HTTP/Status/403",2026-07-17T12:29:47.019618
francesoir,bd6t5129956x,,failed,0,0,,http_manifest,known,403,manifest,"Client error '403 ' for url 'https://openapiproext.bnf.fr/iiif/presentation/v3/ark:/12148/bd6t5129956x/manifest.json'
For more information check: https://developer.mozilla.org/en-US/docs/Web/HTTP/Status/403",2026-07-17T12:29:48.222357
francesoir,bd6t51299579,,failed,0,0,,http_manifest,known,403,manifest,"Client error '403 ' for url 'https://openapiproext.bnf.fr/iiif/presentation/v3/ark:/12148/bd6t51299579/manifest.json'
For more information check: https://developer.mozilla.org/en-US/docs/Web/HTTP/Status/403",2026-07-17T12:29:49.425258
francesoir,bd6t5129958p,,failed,0,0,,http_manifest,known,403,manifest,"Client error '403 ' for url 'https://openapiproext.bnf.fr/iiif/presentation/v3/ark:/12148/bd6t5129958p/manifest.json'
For more information check: https://developer.mozilla.org/en-US/docs/Web/HTTP/Status/403",2026-07-17T12:29:50.630130
francesoir,bd6t51299592,,failed,0,0,,http_manifest,known,403,manifest,"Client error '403 ' for url 'https://openapiproext.bnf.fr/iiif/presentation/v3/ark:/12148/bd6t51299592/manifest.json'
For more information check: https://developer.mozilla.org/en-US/docs/Web/HTTP/Status/403",2026-07-17T12:29:51.825656
francesoir,bd6t51299600,,failed,0,0,,http_manifest,known,403,manifest,"Client error '403 ' for url 'https://openapiproext.bnf.fr/iiif/presentation/v3/ark:/12148/bd6t51299600/manifest.json'
For more information check: https://developer.mozilla.org/en-US/docs/Web/HTTP/Status/403",2026-07-17T12:29:53.034542
francesoir,bd6t5129961c,,failed,0,0,,http_manifest,known,403,manifest,"Client error '403 ' for url 'https://openapiproext.bnf.fr/iiif/presentation/v3/ark:/12148/bd6t5129961c/manifest.json'
For more information check: https://developer.mozilla.org/en-US/docs/Web/HTTP/Status/403",2026-07-17T12:29:54.230839
francesoir,bd6t5129962r,,failed,0,0,,http_manifest,known,403,manifest,"Client error '403 ' for url 'https://openapiproext.bnf.fr/iiif/presentation/v3/ark:/12148/bd6t5129962r/manifest.json'
For more information check: https://developer.mozilla.org/en-US/docs/Web/HTTP/Status/403",2026-07-17T12:29:55.454312
francesoir,bd6t51299634,,failed,0,0,,http_manifest,known,403,manifest,"Client error '403 ' for url 'https://openapiproext.bnf.fr/iiif/presentation/v3/ark:/12148/bd6t51299634/manifest.json'
For more information check: https://developer.mozilla.org/en-US/docs/Web/HTTP/Status/403",2026-07-17T12:29:56.634045
francesoir,bd6t5129964h,,failed,0,0,,http_manifest,known,403,manifest,"Client error '403 ' for url 'https://openapiproext.bnf.fr/iiif/presentation/v3/ark:/12148/bd6t5129964h/manifest.json'
For more information check: https://developer.mozilla.org/en-US/docs/Web/HTTP/Status/403",2026-07-17T12:29:58.024211
francesoir,bd6t5129965w,,failed,0,0,,http_manifest,known,403,manifest,"Client error '403 ' for url 'https://openapiproext.bnf.fr/iiif/presentation/v3/ark:/12148/bd6t5129965w/manifest.json'
For more information check: https://developer.mozilla.org/en-US/docs/Web/HTTP/Status/403",2026-07-17T12:29:59.043122
francesoir,bd6t51299668,,failed,0,0,,http_manifest,known,403,manifest,"Client error '403 ' for url 'https://openapiproext.bnf.fr/iiif/presentation/v3/ark:/12148/bd6t51299668/manifest.json'
For more information check: https://developer.mozilla.org/en-US/docs/Web/HTTP/Status/403",2026-07-17T12:30:00.366410
francesoir,bd6t5129967n,,failed,0,0,,http_manifest,known,403,manifest,"Client error '403 ' for url 'https://openapiproext.bnf.fr/iiif/presentation/v3/ark:/12148/bd6t5129967n/manifest.json'
For more information check: https://developer.mozilla.org/en-US/docs/Web/HTTP/Status/403",2026-07-17T12:30:01.566425
francesoir,bd6t51299681,,failed,0,0,,http_manifest,known,403,manifest,"Client error '403 ' for url 'https://openapiproext.bnf.fr/iiif/presentation/v3/ark:/12148/bd6t51299681/manifest.json'
For more information check: https://developer.mozilla.org/en-US/docs/Web/HTTP/Status/403",2026-07-17T12:30:02.648507
francesoir,bd6t5129969d,,failed,0,0,,http_manifest,known,403,manifest,"Client error '403 ' for url 'https://openapiproext.bnf.fr/iiif/presentation/v3/ark:/12148/bd6t5129969d/manifest.json'
For more information check: https://developer.mozilla.org/en-US/docs/Web/HTTP/Status/403",2026-07-17T12:30:03.849863
francesoir,bd6t5129970b,,failed,0,0,,http_manifest,known,403,manifest,"Client error '403 ' for url 'https://openapiproext.bnf.fr/iiif/presentation/v3/ark:/12148/bd6t5129970b/manifest.json'
For more information check: https://developer.mozilla.org/en-US/docs/Web/HTTP/Status/403",2026-07-17T12:30:05.294983
francesoir,bd6t5129971q,,failed,0,0,,http_manifest,known,403,manifest,"Client error '403 ' for url 'https://openapiproext.bnf.fr/iiif/presentation/v3/ark:/12148/bd6t5129971q/manifest.json'
For more information check: https://developer.mozilla.org/en-US/docs/Web/HTTP/Status/403",2026-07-17T12:30:06.256725
francesoir,bd6t51299723,,failed,0,0,,http_manifest,known,403,manifest,"Client error '403 ' for url 'https://openapiproext.bnf.fr/iiif/presentation/v3/ark:/12148/bd6t51299723/manifest.json'
For more information check: https://developer.mozilla.org/en-US/docs/Web/HTTP/Status/403",2026-07-17T12:30:07.449908
francesoir,bd6t5129973g,,failed,0,0,,http_manifest,known,403,manifest,"Client error '403 ' for url 'https://openapiproext.bnf.fr/iiif/presentation/v3/ark:/12148/bd6t5129973g/manifest.json'
For more information check: https://developer.mozilla.org/en-US/docs/Web/HTTP/Status/403",2026-07-17T12:30:08.647249
francesoir,bd6t5129974v,,failed,0,0,,http_manifest,known,403,manifest,"Client error '403 ' for url 'https://openapiproext.bnf.fr/iiif/presentation/v3/ark:/12148/bd6t5129974v/manifest.json'
For more information check: https://developer.mozilla.org/en-US/docs/Web/HTTP/Status/403",2026-07-17T12:30:09.848133
francesoir,bd6t51299757,,failed,0,0,,http_manifest,known,403,manifest,"Client error '403 ' for url 'https://openapiproext.bnf.fr/iiif/presentation/v3/ark:/12148/bd6t51299757/manifest.json'
For more information check: https://developer.mozilla.org/en-US/docs/Web/HTTP/Status/403",2026-07-17T12:30:11.056659
francesoir,bd6t5129976m,,failed,0,0,,http_manifest,known,403,manifest,"Client error '403 ' for url 'https://openapiproext.bnf.fr/iiif/presentation/v3/ark:/12148/bd6t5129976m/manifest.json'
For more information check: https://developer.mozilla.org/en-US/docs/Web/HTTP/Status/403",2026-07-17T12:30:12.287350
francesoir,bd6t51299770,,failed,0,0,,http_manifest,known,403,manifest,"Client error '403 ' for url 'https://openapiproext.bnf.fr/iiif/presentation/v3/ark:/12148/bd6t51299770/manifest.json'
For more information check: https://developer.mozilla.org/en-US/docs/Web/HTTP/Status/403",2026-07-17T12:30:13.474987
francesoir,bd6t5129978c,,failed,0,0,,http_manifest,known,403,manifest,"Client error '403 ' for url 'https://openapiproext.bnf.fr/iiif/presentation/v3/ark:/12148/bd6t5129978c/manifest.json'
For more information check: https://developer.mozilla.org/en-US/docs/Web/HTTP/Status/403",2026-07-17T12:30:14.654934
francesoir,bd6t5129979r,,failed,0,0,,http_manifest,known,403,manifest,"Client error '403 ' for url 'https://openapiproext.bnf.fr/iiif/presentation/v3/ark:/12148/bd6t5129979r/manifest.json'
For more information check: https://developer.mozilla.org/en-US/docs/Web/HTTP/Status/403",2026-07-17T12:30:15.881022
francesoir,bd6t5129980p,,failed,0,0,,http_manifest,known,403,manifest,"Client error '403 ' for url 'https://openapiproext.bnf.fr/iiif/presentation/v3/ark:/12148/bd6t5129980p/manifest.json'
For more information check: https://developer.mozilla.org/en-US/docs/Web/HTTP/Status/403",2026-07-17T12:30:17.206432
francesoir,bd6t51299812,,failed,0,0,,http_manifest,known,403,manifest,"Client error '403 ' for url 'https://openapiproext.bnf.fr/iiif/presentation/v3/ark:/12148/bd6t51299812/manifest.json'
For more information check: https://developer.mozilla.org/en-US/docs/Web/HTTP/Status/403",2026-07-17T12:30:18.556062
francesoir,bd6t5129982f,,failed,0,0,,http_manifest,known,403,manifest,"Client error '403 ' for url 'https://openapiproext.bnf.fr/iiif/presentation/v3/ark:/12148/bd6t5129982f/manifest.json'
For more information check: https://developer.mozilla.org/en-US/docs/Web/HTTP/Status/403",2026-07-17T12:30:19.470822
francesoir,bd6t5129983t,,failed,0,0,,http_manifest,known,403,manifest,"Client error '403 ' for url 'https://openapiproext.bnf.fr/iiif/presentation/v3/ark:/12148/bd6t5129983t/manifest.json'
For more information check: https://developer.mozilla.org/en-US/docs/Web/HTTP/Status/403",2026-07-17T12:30:20.660591
francesoir,bd6t51299846,,failed,0,0,,http_manifest,known,403,manifest,"Client error '403 ' for url 'https://openapiproext.bnf.fr/iiif/presentation/v3/ark:/12148/bd6t51299846/manifest.json'
For more information check: https://developer.mozilla.org/en-US/docs/Web/HTTP/Status/403",2026-07-17T12:30:21.859171
francesoir,bd6t5129985k,,failed,0,0,,http_manifest,known,403,manifest,"Client error '403 ' for url 'https://openapiproext.bnf.fr/iiif/presentation/v3/ark:/12148/bd6t5129985k/manifest.json'
For more information check: https://developer.mozilla.org/en-US/docs/Web/HTTP/Status/403",2026-07-17T12:30:23.062377
francesoir,bd6t5129986z,,failed,0,0,,http_manifest,known,403,manifest,"Client error '403 ' for url 'https://openapiproext.bnf.fr/iiif/presentation/v3/ark:/12148/bd6t5129986z/manifest.json'
For more information check: https://developer.mozilla.org/en-US/docs/Web/HTTP/Status/403",2026-07-17T12:30:24.296523
francesoir,bd6t5129987b,,failed,0,0,,http_manifest,known,403,manifest,"Client error '403 ' for url 'https://openapiproext.bnf.fr/iiif/presentation/v3/ark:/12148/bd6t5129987b/manifest.json'
For more information check: https://developer.mozilla.org/en-US/docs/Web/HTTP/Status/403",2026-07-17T12:30:25.478372
francesoir,bd6t5129988q,,failed,0,0,,http_manifest,known,403,manifest,"Client error '403 ' for url 'https://openapiproext.bnf.fr/iiif/presentation/v3/ark:/12148/bd6t5129988q/manifest.json'
For more information check: https://developer.mozilla.org/en-US/docs/Web/HTTP/Status/403",2026-07-17T12:30:26.673405
francesoir,bd6t51299893,,failed,0,0,,http_manifest,known,403,manifest,"Client error '403 ' for url 'https://openapiproext.bnf.fr/iiif/presentation/v3/ark:/12148/bd6t51299893/manifest.json'
For more information check: https://developer.mozilla.org/en-US/docs/Web/HTTP/Status/403",2026-07-17T12:30:27.869077
francesoir,bd6t51299901,,failed,0,0,,http_manifest,known,403,manifest,"Client error '403 ' for url 'https://openapiproext.bnf.fr/iiif/presentation/v3/ark:/12148/bd6t51299901/manifest.json'
For more information check: https://developer.mozilla.org/en-US/docs/Web/HTTP/Status/403",2026-07-17T12:30:29.075093
francesoir,bd6t5129991d,,failed,0,0,,http_manifest,known,403,manifest,"Client error '403 ' for url 'https://openapiproext.bnf.fr/iiif/presentation/v3/ark:/12148/bd6t5129991d/manifest.json'
For more information check: https://developer.mozilla.org/en-US/docs/Web/HTTP/Status/403",2026-07-17T12:30:30.270526
francesoir,bd6t5129992s,,failed,0,0,,http_manifest,known,403,manifest,"Client error '403 ' for url 'https://openapiproext.bnf.fr/iiif/presentation/v3/ark:/12148/bd6t5129992s/manifest.json'
For more information check: https://developer.mozilla.org/en-US/docs/Web/HTTP/Status/403",2026-07-17T12:30:31.472013
francesoir,bd6t51299935,,failed,0,0,,http_manifest,known,403,manifest,"Client error '403 ' for url 'https://openapiproext.bnf.fr/iiif/presentation/v3/ark:/12148/bd6t51299935/manifest.json'
For more information check: https://developer.mozilla.org/en-US/docs/Web/HTTP/Status/403",2026-07-17T12:30:32.672965
francesoir,bd6t5129994j,,failed,0,0,,http_manifest,known,403,manifest,"Client error '403 ' for url 'https://openapiproext.bnf.fr/iiif/presentation/v3/ark:/12148/bd6t5129994j/manifest.json'
For more information check: https://developer.mozilla.org/en-US/docs/Web/HTTP/Status/403",2026-07-17T12:30:33.883189
francesoir,bd6t5129995x,,failed,0,0,,http_manifest,known,403,manifest,"Client error '403 ' for url 'https://openapiproext.bnf.fr/iiif/presentation/v3/ark:/12148/bd6t5129995x/manifest.json'
For more information check: https://developer.mozilla.org/en-US/docs/Web/HTTP/Status/403",2026-07-17T12:30:35.076610
francesoir,bd6t51299969,,failed,0,0,,http_manifest,known,403,manifest,"Client error '403 ' for url 'https://openapiproext.bnf.fr/iiif/presentation/v3/ark:/12148/bd6t51299969/manifest.json'
For more information check: https://developer.mozilla.org/en-US/docs/Web/HTTP/Status/403",2026-07-17T12:30:36.301846
francesoir,bd6t5129997p,,failed,0,0,,http_manifest,known,403,manifest,"Client error '403 ' for url 'https://openapiproext.bnf.fr/iiif/presentation/v3/ark:/12148/bd6t5129997p/manifest.json'
For more information check: https://developer.mozilla.org/en-US/docs/Web/HTTP/Status/403",2026-07-17T12:30:37.483835
francesoir,bd6t5129999f,,failed,0,0,,http_manifest,known,403,manifest,"Client error '403 ' for url 'https://openapiproext.bnf.fr/iiif/presentation/v3/ark:/12148/bd6t5129999f/manifest.json'
For more information check: https://developer.mozilla.org/en-US/docs/Web/HTTP/Status/403",2026-07-17T12:30:38.683727
francesoir,bd6t51299982,,failed,0,0,,http_manifest,known,403,manifest,"Client error '403 ' for url 'https://openapiproext.bnf.fr/iiif/presentation/v3/ark:/12148/bd6t51299982/manifest.json'
For more information check: https://developer.mozilla.org/en-US/docs/Web/HTTP/Status/403",2026-07-17T12:30:39.888488
francesoir,bd6t5130000w,,failed,0,0,,http_manifest,known,403,manifest,"Client error '403 ' for url 'https://openapiproext.bnf.fr/iiif/presentation/v3/ark:/12148/bd6t5130000w/manifest.json'
For more information check: https://developer.mozilla.org/en-US/docs/Web/HTTP/Status/403",2026-07-17T12:30:41.089646
francesoir,bd6t51300018,,failed,0,0,,http_manifest,known,403,manifest,"Client error '403 ' for url 'https://openapiproext.bnf.fr/iiif/presentation/v3/ark:/12148/bd6t51300018/manifest.json'
For more information check: https://developer.mozilla.org/en-US/docs/Web/HTTP/Status/403",2026-07-17T12:30:42.285920
francesoir,bd6t5130002n,,failed,0,0,,http_manifest,known,403,manifest,"Client error '403 ' for url 'https://openapiproext.bnf.fr/iiif/presentation/v3/ark:/12148/bd6t5130002n/manifest.json'
For more information check: https://developer.mozilla.org/en-US/docs/Web/HTTP/Status/403",2026-07-17T12:30:43.487938
francesoir,bd6t51300031,,failed,0,0,,http_manifest,known,403,manifest,"Client error '403 ' for url 'https://openapiproext.bnf.fr/iiif/presentation/v3/ark:/12148/bd6t51300031/manifest.json'
For more information check: https://developer.mozilla.org/en-US/docs/Web/HTTP/Status/403",2026-07-17T12:30:44.691037
francesoir,bd6t5130004d,,failed,0,0,,http_manifest,known,403,manifest,"Client error '403 ' for url 'https://openapiproext.bnf.fr/iiif/presentation/v3/ark:/12148/bd6t5130004d/manifest.json'
For more information check: https://developer.mozilla.org/en-US/docs/Web/HTTP/Status/403",2026-07-17T12:30:45.892489
francesoir,bd6t5130005s,,failed,0,0,,http_manifest,known,403,manifest,"Client error '403 ' for url 'https://openapiproext.bnf.fr/iiif/presentation/v3/ark:/12148/bd6t5130005s/manifest.json'
For more information check: https://developer.mozilla.org/en-US/docs/Web/HTTP/Status/403",2026-07-17T12:30:47.094043
francesoir,bd6t51300065,,failed,0,0,,http_manifest,known,403,manifest,"Client error '403 ' for url 'https://openapiproext.bnf.fr/iiif/presentation/v3/ark:/12148/bd6t51300065/manifest.json'
For more information check: https://developer.mozilla.org/en-US/docs/Web/HTTP/Status/403",2026-07-17T12:30:48.298007
francesoir,bd6t5130007j,,failed,0,0,,http_manifest,known,403,manifest,"Client error '403 ' for url 'https://openapiproext.bnf.fr/iiif/presentation/v3/ark:/12148/bd6t5130007j/manifest.json'
For more information check: https://developer.mozilla.org/en-US/docs/Web/HTTP/Status/403",2026-07-17T12:30:49.499688
francesoir,bd6t5130008x,,failed,0,0,,http_manifest,known,403,manifest,"Client error '403 ' for url 'https://openapiproext.bnf.fr/iiif/presentation/v3/ark:/12148/bd6t5130008x/manifest.json'
For more information check: https://developer.mozilla.org/en-US/docs/Web/HTTP/Status/403",2026-07-17T12:30:50.700433
francesoir,bd6t51300099,,failed,0,0,,http_manifest,known,403,manifest,"Client error '403 ' for url 'https://openapiproext.bnf.fr/iiif/presentation/v3/ark:/12148/bd6t51300099/manifest.json'
For more information check: https://developer.mozilla.org/en-US/docs/Web/HTTP/Status/403",2026-07-17T12:30:51.900869
francesoir,bd6t51300107,,failed,0,0,,http_manifest,known,403,manifest,"Client error '403 ' for url 'https://openapiproext.bnf.fr/iiif/presentation/v3/ark:/12148/bd6t51300107/manifest.json'
For more information check: https://developer.mozilla.org/en-US/docs/Web/HTTP/Status/403",2026-07-17T12:30:53.102911
francesoir,bd6t5130011m,,failed,0,0,,http_manifest,known,403,manifest,"Client error '403 ' for url 'https://openapiproext.bnf.fr/iiif/presentation/v3/ark:/12148/bd6t5130011m/manifest.json'
For more information check: https://developer.mozilla.org/en-US/docs/Web/HTTP/Status/403",2026-07-17T12:30:54.343731
francesoir,bd6t51300120,,failed,0,0,,http_manifest,known,403,manifest,"Client error '403 ' for url 'https://openapiproext.bnf.fr/iiif/presentation/v3/ark:/12148/bd6t51300120/manifest.json'
For more information check: https://developer.mozilla.org/en-US/docs/Web/HTTP/Status/403",2026-07-17T12:30:55.519682
francesoir,bd6t5130013c,,failed,0,0,,http_manifest,known,403,manifest,"Client error '403 ' for url 'https://openapiproext.bnf.fr/iiif/presentation/v3/ark:/12148/bd6t5130013c/manifest.json'
For more information check: https://developer.mozilla.org/en-US/docs/Web/HTTP/Status/403",2026-07-17T12:30:56.720918
francesoir,bd6t5130014r,,failed,0,0,,http_manifest,known,403,manifest,"Client error '403 ' for url 'https://openapiproext.bnf.fr/iiif/presentation/v3/ark:/12148/bd6t5130014r/manifest.json'
For more information check: https://developer.mozilla.org/en-US/docs/Web/HTTP/Status/403",2026-07-17T12:30:58.062469
francesoir,bd6t51300154,,failed,0,0,,http_manifest,known,403,manifest,"Client error '403 ' for url 'https://openapiproext.bnf.fr/iiif/presentation/v3/ark:/12148/bd6t51300154/manifest.json'
For more information check: https://developer.mozilla.org/en-US/docs/Web/HTTP/Status/403",2026-07-17T12:30:59.367324
francesoir,bd6t5130016h,,failed,0,0,,http_manifest,known,403,manifest,"Client error '403 ' for url 'https://openapiproext.bnf.fr/iiif/presentation/v3/ark:/12148/bd6t5130016h/manifest.json'
For more information check: https://developer.mozilla.org/en-US/docs/Web/HTTP/Status/403",2026-07-17T12:31:00.376074
francesoir,bd6t5130017w,,failed,0,0,,http_manifest,known,403,manifest,"Client error '403 ' for url 'https://openapiproext.bnf.fr/iiif/presentation/v3/ark:/12148/bd6t5130017w/manifest.json'
For more information check: https://developer.mozilla.org/en-US/docs/Web/HTTP/Status/403",2026-07-17T12:31:01.709416
francesoir,bd6t51300188,,failed,0,0,,http_manifest,known,403,manifest,"Client error '403 ' for url 'https://openapiproext.bnf.fr/iiif/presentation/v3/ark:/12148/bd6t51300188/manifest.json'
For more information check: https://developer.mozilla.org/en-US/docs/Web/HTTP/Status/403",2026-07-17T12:31:02.718235
francesoir,bd6t5130019n,,failed,0,0,,http_manifest,known,403,manifest,"Client error '403 ' for url 'https://openapiproext.bnf.fr/iiif/presentation/v3/ark:/12148/bd6t5130019n/manifest.json'
For more information check: https://developer.mozilla.org/en-US/docs/Web/HTTP/Status/403",2026-07-17T12:31:04.083965
francesoir,bd6t5130020k,,failed,0,0,,http_manifest,known,403,manifest,"Client error '403 ' for url 'https://openapiproext.bnf.fr/iiif/presentation/v3/ark:/12148/bd6t5130020k/manifest.json'
For more information check: https://developer.mozilla.org/en-US/docs/Web/HTTP/Status/403",2026-07-17T12:31:05.292006
francesoir,bd6t5130021z,,failed,0,0,,http_manifest,known,403,manifest,"Client error '403 ' for url 'https://openapiproext.bnf.fr/iiif/presentation/v3/ark:/12148/bd6t5130021z/manifest.json'
For more information check: https://developer.mozilla.org/en-US/docs/Web/HTTP/Status/403",2026-07-17T12:31:06.480759
francesoir,bd6t5130022b,,failed,0,0,,http_manifest,known,403,manifest,"Client error '403 ' for url 'https://openapiproext.bnf.fr/iiif/presentation/v3/ark:/12148/bd6t5130022b/manifest.json'
For more information check: https://developer.mozilla.org/en-US/docs/Web/HTTP/Status/403",2026-07-17T12:31:07.523452
francesoir,bd6t5130023q,,failed,0,0,,http_manifest,known,403,manifest,"Client error '403 ' for url 'https://openapiproext.bnf.fr/iiif/presentation/v3/ark:/12148/bd6t5130023q/manifest.json'
For more information check: https://developer.mozilla.org/en-US/docs/Web/HTTP/Status/403",2026-07-17T12:31:08.726152
francesoir,bd6t51300243,,failed,0,0,,http_manifest,known,403,manifest,"Client error '403 ' for url 'https://openapiproext.bnf.fr/iiif/presentation/v3/ark:/12148/bd6t51300243/manifest.json'
For more information check: https://developer.mozilla.org/en-US/docs/Web/HTTP/Status/403",2026-07-17T12:31:10.009868
francesoir,bd6t5130025g,,failed,0,0,,http_manifest,known,403,manifest,"Client error '403 ' for url 'https://openapiproext.bnf.fr/iiif/presentation/v3/ark:/12148/bd6t5130025g/manifest.json'
For more information check: https://developer.mozilla.org/en-US/docs/Web/HTTP/Status/403",2026-07-17T12:31:11.267158
francesoir,bd6t5130026v,,failed,0,0,,http_manifest,known,403,manifest,"Client error '403 ' for url 'https://openapiproext.bnf.fr/iiif/presentation/v3/ark:/12148/bd6t5130026v/manifest.json'
For more information check: https://developer.mozilla.org/en-US/docs/Web/HTTP/Status/403",2026-07-17T12:31:12.335532
francesoir,bd6t51300277,,failed,0,0,,http_manifest,known,403,manifest,"Client error '403 ' for url 'https://openapiproext.bnf.fr/iiif/presentation/v3/ark:/12148/bd6t51300277/manifest.json'
For more information check: https://developer.mozilla.org/en-US/docs/Web/HTTP/Status/403",2026-07-17T12:31:13.715754
francesoir,bd6t5130028m,,failed,0,0,,http_manifest,known,403,manifest,"Client error '403 ' for url 'https://openapiproext.bnf.fr/iiif/presentation/v3/ark:/12148/bd6t5130028m/manifest.json'
For more information check: https://developer.mozilla.org/en-US/docs/Web/HTTP/Status/403",2026-07-17T12:31:14.739919
francesoir,bd6t51300290,,failed,0,0,,http_manifest,known,403,manifest,"Client error '403 ' for url 'https://openapiproext.bnf.fr/iiif/presentation/v3/ark:/12148/bd6t51300290/manifest.json'
For more information check: https://developer.mozilla.org/en-US/docs/Web/HTTP/Status/403",2026-07-17T12:31:16.118051
francesoir,bd6t5130030x,,failed,0,0,,http_manifest,known,403,manifest,"Client error '403 ' for url 'https://openapiproext.bnf.fr/iiif/presentation/v3/ark:/12148/bd6t5130030x/manifest.json'
For more information check: https://developer.mozilla.org/en-US/docs/Web/HTTP/Status/403",2026-07-17T12:31:17.417192
francesoir,bd6t51300319,,failed,0,0,,http_manifest,known,403,manifest,"Client error '403 ' for url 'https://openapiproext.bnf.fr/iiif/presentation/v3/ark:/12148/bd6t51300319/manifest.json'
For more information check: https://developer.mozilla.org/en-US/docs/Web/HTTP/Status/403",2026-07-17T12:31:18.341723
francesoir,bd6t5130032p,,failed,0,0,,http_manifest,known,403,manifest,"Client error '403 ' for url 'https://openapiproext.bnf.fr/iiif/presentation/v3/ark:/12148/bd6t5130032p/manifest.json'
For more information check: https://developer.mozilla.org/en-US/docs/Web/HTTP/Status/403",2026-07-17T12:31:19.536573
francesoir,bd6t51300332,,failed,0,0,,http_manifest,known,403,manifest,"Client error '403 ' for url 'https://openapiproext.bnf.fr/iiif/presentation/v3/ark:/12148/bd6t51300332/manifest.json'
For more information check: https://developer.mozilla.org/en-US/docs/Web/HTTP/Status/403",2026-07-17T12:31:20.740838
francesoir,bd6t5130034f,,failed,0,0,,http_manifest,known,403,manifest,"Client error '403 ' for url 'https://openapiproext.bnf.fr/iiif/presentation/v3/ark:/12148/bd6t5130034f/manifest.json'
For more information check: https://developer.mozilla.org/en-US/docs/Web/HTTP/Status/403",2026-07-17T12:31:21.941597
francesoir,bd6t5130035t,,failed,0,0,,http_manifest,known,403,manifest,"Client error '403 ' for url 'https://openapiproext.bnf.fr/iiif/presentation/v3/ark:/12148/bd6t5130035t/manifest.json'
For more information check: https://developer.mozilla.org/en-US/docs/Web/HTTP/Status/403",2026-07-17T12:31:23.155965
francesoir,bd6t51300366,,failed,0,0,,http_manifest,known,403,manifest,"Client error '403 ' for url 'https://openapiproext.bnf.fr/iiif/presentation/v3/ark:/12148/bd6t51300366/manifest.json'
For more information check: https://developer.mozilla.org/en-US/docs/Web/HTTP/Status/403",2026-07-17T12:31:24.342633
francesoir,bd6t5130037k,,failed,0,0,,http_manifest,known,403,manifest,"Client error '403 ' for url 'https://openapiproext.bnf.fr/iiif/presentation/v3/ark:/12148/bd6t5130037k/manifest.json'
For more information check: https://developer.mozilla.org/en-US/docs/Web/HTTP/Status/403",2026-07-17T12:31:25.541851
francesoir,bd6t5130038z,,failed,0,0,,http_manifest,known,403,manifest,"Client error '403 ' for url 'https://openapiproext.bnf.fr/iiif/presentation/v3/ark:/12148/bd6t5130038z/manifest.json'
For more information check: https://developer.mozilla.org/en-US/docs/Web/HTTP/Status/403",2026-07-17T12:31:26.743771
francesoir,bd6t5130039b,,failed,0,0,,http_manifest,known,403,manifest,"Client error '403 ' for url 'https://openapiproext.bnf.fr/iiif/presentation/v3/ark:/12148/bd6t5130039b/manifest.json'
For more information check: https://developer.mozilla.org/en-US/docs/Web/HTTP/Status/403",2026-07-17T12:31:27.942799
francesoir,bd6t51300408,,failed,0,0,,http_manifest,known,403,manifest,"Client error '403 ' for url 'https://openapiproext.bnf.fr/iiif/presentation/v3/ark:/12148/bd6t51300408/manifest.json'
For more information check: https://developer.mozilla.org/en-US/docs/Web/HTTP/Status/403",2026-07-17T12:31:29.145501
francesoir,bd6t5130041n,,failed,0,0,,http_manifest,known,403,manifest,"Client error '403 ' for url 'https://openapiproext.bnf.fr/iiif/presentation/v3/ark:/12148/bd6t5130041n/manifest.json'
For more information check: https://developer.mozilla.org/en-US/docs/Web/HTTP/Status/403",2026-07-17T12:31:30.346870
francesoir,bd6t51300421,,failed,0,0,,http_manifest,known,403,manifest,"Client error '403 ' for url 'https://openapiproext.bnf.fr/iiif/presentation/v3/ark:/12148/bd6t51300421/manifest.json'
For more information check: https://developer.mozilla.org/en-US/docs/Web/HTTP/Status/403",2026-07-17T12:31:31.549006
francesoir,bd6t5130043d,,failed,0,0,,http_manifest,known,403,manifest,"Client error '403 ' for url 'https://openapiproext.bnf.fr/iiif/presentation/v3/ark:/12148/bd6t5130043d/manifest.json'
For more information check: https://developer.mozilla.org/en-US/docs/Web/HTTP/Status/403",2026-07-17T12:31:32.752980
francesoir,bd6t5130044s,,failed,0,0,,http_manifest,known,403,manifest,"Client error '403 ' for url 'https://openapiproext.bnf.fr/iiif/presentation/v3/ark:/12148/bd6t5130044s/manifest.json'
For more information check: https://developer.mozilla.org/en-US/docs/Web/HTTP/Status/403",2026-07-17T12:31:33.981635
francesoir,bd6t51300455,,failed,0,0,,http_manifest,known,403,manifest,"Client error '403 ' for url 'https://openapiproext.bnf.fr/iiif/presentation/v3/ark:/12148/bd6t51300455/manifest.json'
For more information check: https://developer.mozilla.org/en-US/docs/Web/HTTP/Status/403",2026-07-17T12:31:35.158065
francesoir,bd6t5130046j,,failed,0,0,,http_manifest,known,403,manifest,"Client error '403 ' for url 'https://openapiproext.bnf.fr/iiif/presentation/v3/ark:/12148/bd6t5130046j/manifest.json'
For more information check: https://developer.mozilla.org/en-US/docs/Web/HTTP/Status/403",2026-07-17T12:31:36.357908
francesoir,bd6t5130047x,,failed,0,0,,http_manifest,known,403,manifest,"Client error '403 ' for url 'https://openapiproext.bnf.fr/iiif/presentation/v3/ark:/12148/bd6t5130047x/manifest.json'
For more information check: https://developer.mozilla.org/en-US/docs/Web/HTTP/Status/403",2026-07-17T12:31:37.559117
francesoir,bd6t51300489,,failed,0,0,,http_manifest,known,403,manifest,"Client error '403 ' for url 'https://openapiproext.bnf.fr/iiif/presentation/v3/ark:/12148/bd6t51300489/manifest.json'
For more information check: https://developer.mozilla.org/en-US/docs/Web/HTTP/Status/403",2026-07-17T12:31:38.766303
francesoir,bd6t5130049p,,failed,0,0,,http_manifest,known,403,manifest,"Client error '403 ' for url 'https://openapiproext.bnf.fr/iiif/presentation/v3/ark:/12148/bd6t5130049p/manifest.json'
For more information check: https://developer.mozilla.org/en-US/docs/Web/HTTP/Status/403",2026-07-17T12:31:39.966101
francesoir,bd6t5130050m,,failed,0,0,,http_manifest,known,403,manifest,"Client error '403 ' for url 'https://openapiproext.bnf.fr/iiif/presentation/v3/ark:/12148/bd6t5130050m/manifest.json'
For more information check: https://developer.mozilla.org/en-US/docs/Web/HTTP/Status/403",2026-07-17T12:31:41.163545
francesoir,bd6t51300510,,failed,0,0,,http_manifest,known,403,manifest,"Client error '403 ' for url 'https://openapiproext.bnf.fr/iiif/presentation/v3/ark:/12148/bd6t51300510/manifest.json'
For more information check: https://developer.mozilla.org/en-US/docs/Web/HTTP/Status/403",2026-07-17T12:31:42.364858
francesoir,bd6t5130052c,,failed,0,0,,http_manifest,known,403,manifest,"Client error '403 ' for url 'https://openapiproext.bnf.fr/iiif/presentation/v3/ark:/12148/bd6t5130052c/manifest.json'
For more information check: https://developer.mozilla.org/en-US/docs/Web/HTTP/Status/403",2026-07-17T12:31:43.580841
francesoir,bd6t5130053r,,failed,0,0,,http_manifest,known,403,manifest,"Client error '403 ' for url 'https://openapiproext.bnf.fr/iiif/presentation/v3/ark:/12148/bd6t5130053r/manifest.json'
For more information check: https://developer.mozilla.org/en-US/docs/Web/HTTP/Status/403",2026-07-17T12:31:44.768491
francesoir,bd6t51300544,,failed,0,0,,http_manifest,known,403,manifest,"Client error '403 ' for url 'https://openapiproext.bnf.fr/iiif/presentation/v3/ark:/12148/bd6t51300544/manifest.json'
For more information check: https://developer.mozilla.org/en-US/docs/Web/HTTP/Status/403",2026-07-17T12:31:45.994854
francesoir,bd6t5130055h,,failed,0,0,,http_manifest,known,403,manifest,"Client error '403 ' for url 'https://openapiproext.bnf.fr/iiif/presentation/v3/ark:/12148/bd6t5130055h/manifest.json'
For more information check: https://developer.mozilla.org/en-US/docs/Web/HTTP/Status/403",2026-07-17T12:31:47.173694
francesoir,bd6t5130056w,,failed,0,0,,http_manifest,known,403,manifest,"Client error '403 ' for url 'https://openapiproext.bnf.fr/iiif/presentation/v3/ark:/12148/bd6t5130056w/manifest.json'
For more information check: https://developer.mozilla.org/en-US/docs/Web/HTTP/Status/403",2026-07-17T12:31:48.375849
francesoir,bd6t51300578,,failed,0,0,,http_manifest,known,403,manifest,"Client error '403 ' for url 'https://openapiproext.bnf.fr/iiif/presentation/v3/ark:/12148/bd6t51300578/manifest.json'
For more information check: https://developer.mozilla.org/en-US/docs/Web/HTTP/Status/403",2026-07-17T12:31:49.575920
francesoir,bd6t5130058n,,failed,0,0,,http_manifest,known,403,manifest,"Client error '403 ' for url 'https://openapiproext.bnf.fr/iiif/presentation/v3/ark:/12148/bd6t5130058n/manifest.json'
For more information check: https://developer.mozilla.org/en-US/docs/Web/HTTP/Status/403",2026-07-17T12:31:50.778095
francesoir,bd6t51300591,,failed,0,0,,http_manifest,known,403,manifest,"Client error '403 ' for url 'https://openapiproext.bnf.fr/iiif/presentation/v3/ark:/12148/bd6t51300591/manifest.json'
For more information check: https://developer.mozilla.org/en-US/docs/Web/HTTP/Status/403",2026-07-17T12:31:51.975563
francesoir,bd6t5130060z,,failed,0,0,,http_manifest,known,403,manifest,"Client error '403 ' for url 'https://openapiproext.bnf.fr/iiif/presentation/v3/ark:/12148/bd6t5130060z/manifest.json'
For more information check: https://developer.mozilla.org/en-US/docs/Web/HTTP/Status/403",2026-07-17T12:31:53.180938
francesoir,bd6t5130061b,,failed,0,0,,http_manifest,known,403,manifest,"Client error '403 ' for url 'https://openapiproext.bnf.fr/iiif/presentation/v3/ark:/12148/bd6t5130061b/manifest.json'
For more information check: https://developer.mozilla.org/en-US/docs/Web/HTTP/Status/403",2026-07-17T12:31:54.382456
francesoir,bd6t5130062q,,failed,0,0,,http_manifest,known,403,manifest,"Client error '403 ' for url 'https://openapiproext.bnf.fr/iiif/presentation/v3/ark:/12148/bd6t5130062q/manifest.json'
For more information check: https://developer.mozilla.org/en-US/docs/Web/HTTP/Status/403",2026-07-17T12:31:55.590444
francesoir,bd6t51300633,,failed,0,0,,http_manifest,known,403,manifest,"Client error '403 ' for url 'https://openapiproext.bnf.fr/iiif/presentation/v3/ark:/12148/bd6t51300633/manifest.json'
For more information check: https://developer.mozilla.org/en-US/docs/Web/HTTP/Status/403",2026-07-17T12:31:56.788086
francesoir,bd6t5130064g,,failed,0,0,,http_manifest,known,403,manifest,"Client error '403 ' for url 'https://openapiproext.bnf.fr/iiif/presentation/v3/ark:/12148/bd6t5130064g/manifest.json'
For more information check: https://developer.mozilla.org/en-US/docs/Web/HTTP/Status/403",2026-07-17T12:31:57.986214
francesoir,bd6t5130065v,,failed,0,0,,http_manifest,known,403,manifest,"Client error '403 ' for url 'https://openapiproext.bnf.fr/iiif/presentation/v3/ark:/12148/bd6t5130065v/manifest.json'
For more information check: https://developer.mozilla.org/en-US/docs/Web/HTTP/Status/403",2026-07-17T12:31:59.187177
francesoir,bd6t51300667,,failed,0,0,,http_manifest,known,403,manifest,"Client error '403 ' for url 'https://openapiproext.bnf.fr/iiif/presentation/v3/ark:/12148/bd6t51300667/manifest.json'
For more information check: https://developer.mozilla.org/en-US/docs/Web/HTTP/Status/403",2026-07-17T12:32:00.389502
francesoir,bd6t5130067m,,failed,0,0,,http_manifest,known,403,manifest,"Client error '403 ' for url 'https://openapiproext.bnf.fr/iiif/presentation/v3/ark:/12148/bd6t5130067m/manifest.json'
For more information check: https://developer.mozilla.org/en-US/docs/Web/HTTP/Status/403",2026-07-17T12:32:01.588367
francesoir,bd6t51300680,,failed,0,0,,http_manifest,known,403,manifest,"Client error '403 ' for url 'https://openapiproext.bnf.fr/iiif/presentation/v3/ark:/12148/bd6t51300680/manifest.json'
For more information check: https://developer.mozilla.org/en-US/docs/Web/HTTP/Status/403",2026-07-17T12:32:02.795293
francesoir,bd6t5130069c,,failed,0,0,,http_manifest,known,403,manifest,"Client error '403 ' for url 'https://openapiproext.bnf.fr/iiif/presentation/v3/ark:/12148/bd6t5130069c/manifest.json'
For more information check: https://developer.mozilla.org/en-US/docs/Web/HTTP/Status/403",2026-07-17T12:32:04.227033
francesoir,bd6t51300709,,failed,0,0,,http_manifest,known,403,manifest,"Client error '403 ' for url 'https://openapiproext.bnf.fr/iiif/presentation/v3/ark:/12148/bd6t51300709/manifest.json'
For more information check: https://developer.mozilla.org/en-US/docs/Web/HTTP/Status/403",2026-07-17T12:32:05.375083
francesoir,bd6t5130071p,,failed,0,0,,http_manifest,known,403,manifest,"Client error '403 ' for url 'https://openapiproext.bnf.fr/iiif/presentation/v3/ark:/12148/bd6t5130071p/manifest.json'
For more information check: https://developer.mozilla.org/en-US/docs/Web/HTTP/Status/403",2026-07-17T12:32:06.396685
francesoir,bd6t51300722,,failed,0,0,,http_manifest,known,403,manifest,"Client error '403 ' for url 'https://openapiproext.bnf.fr/iiif/presentation/v3/ark:/12148/bd6t51300722/manifest.json'
For more information check: https://developer.mozilla.org/en-US/docs/Web/HTTP/Status/403",2026-07-17T12:32:07.634284
francesoir,bd6t5130073f,,failed,0,0,,http_manifest,known,403,manifest,"Client error '403 ' for url 'https://openapiproext.bnf.fr/iiif/presentation/v3/ark:/12148/bd6t5130073f/manifest.json'
For more information check: https://developer.mozilla.org/en-US/docs/Web/HTTP/Status/403",2026-07-17T12:32:08.844449
francesoir,bd6t5130074t,,failed,0,0,,http_manifest,known,403,manifest,"Client error '403 ' for url 'https://openapiproext.bnf.fr/iiif/presentation/v3/ark:/12148/bd6t5130074t/manifest.json'
For more information check: https://developer.mozilla.org/en-US/docs/Web/HTTP/Status/403",2026-07-17T12:32:10.212613
francesoir,bd6t51300756,,failed,0,0,,http_manifest,known,403,manifest,"Client error '403 ' for url 'https://openapiproext.bnf.fr/iiif/presentation/v3/ark:/12148/bd6t51300756/manifest.json'
For more information check: https://developer.mozilla.org/en-US/docs/Web/HTTP/Status/403",2026-07-17T12:32:11.211264
francesoir,bd6t5130076k,,failed,0,0,,http_manifest,known,403,manifest,"Client error '403 ' for url 'https://openapiproext.bnf.fr/iiif/presentation/v3/ark:/12148/bd6t5130076k/manifest.json'
For more information check: https://developer.mozilla.org/en-US/docs/Web/HTTP/Status/403",2026-07-17T12:32:12.552967
francesoir,bd6t5130077z,,failed,0,0,,http_manifest,known,403,manifest,"Client error '403 ' for url 'https://openapiproext.bnf.fr/iiif/presentation/v3/ark:/12148/bd6t5130077z/manifest.json'
For more information check: https://developer.mozilla.org/en-US/docs/Web/HTTP/Status/403",2026-07-17T12:32:13.730899
francesoir,bd6t5130078b,,failed,0,0,,http_manifest,known,403,manifest,"Client error '403 ' for url 'https://openapiproext.bnf.fr/iiif/presentation/v3/ark:/12148/bd6t5130078b/manifest.json'
For more information check: https://developer.mozilla.org/en-US/docs/Web/HTTP/Status/403",2026-07-17T12:32:14.815302
francesoir,bd6t5130079q,,failed,0,0,,http_manifest,known,403,manifest,"Client error '403 ' for url 'https://openapiproext.bnf.fr/iiif/presentation/v3/ark:/12148/bd6t5130079q/manifest.json'
For more information check: https://developer.mozilla.org/en-US/docs/Web/HTTP/Status/403",2026-07-17T12:32:16.015152
francesoir,bd6t5130080n,,failed,0,0,,http_manifest,known,403,manifest,"Client error '403 ' for url 'https://openapiproext.bnf.fr/iiif/presentation/v3/ark:/12148/bd6t5130080n/manifest.json'
For more information check: https://developer.mozilla.org/en-US/docs/Web/HTTP/Status/403",2026-07-17T12:32:17.214685
francesoir,bd6t51300811,,failed,0,0,,http_manifest,known,403,manifest,"Client error '403 ' for url 'https://openapiproext.bnf.fr/iiif/presentation/v3/ark:/12148/bd6t51300811/manifest.json'
For more information check: https://developer.mozilla.org/en-US/docs/Web/HTTP/Status/403",2026-07-17T12:32:18.422762
francesoir,bd6t5130082d,,failed,0,0,,http_manifest,known,403,manifest,"Client error '403 ' for url 'https://openapiproext.bnf.fr/iiif/presentation/v3/ark:/12148/bd6t5130082d/manifest.json'
For more information check: https://developer.mozilla.org/en-US/docs/Web/HTTP/Status/403",2026-07-17T12:32:19.612447
francesoir,bd6t5130083s,,failed,0,0,,http_manifest,known,403,manifest,"Client error '403 ' for url 'https://openapiproext.bnf.fr/iiif/presentation/v3/ark:/12148/bd6t5130083s/manifest.json'
For more information check: https://developer.mozilla.org/en-US/docs/Web/HTTP/Status/403",2026-07-17T12:32:20.817765
francesoir,bd6t51300845,,failed,0,0,,http_manifest,known,403,manifest,"Client error '403 ' for url 'https://openapiproext.bnf.fr/iiif/presentation/v3/ark:/12148/bd6t51300845/manifest.json'
For more information check: https://developer.mozilla.org/en-US/docs/Web/HTTP/Status/403",2026-07-17T12:32:22.026920
francesoir,bd6t5130085j,,failed,0,0,,http_manifest,known,403,manifest,"Client error '403 ' for url 'https://openapiproext.bnf.fr/iiif/presentation/v3/ark:/12148/bd6t5130085j/manifest.json'
For more information check: https://developer.mozilla.org/en-US/docs/Web/HTTP/Status/403",2026-07-17T12:32:23.222967
francesoir,bd6t5130086x,,failed,0,0,,http_manifest,known,403,manifest,"Client error '403 ' for url 'https://openapiproext.bnf.fr/iiif/presentation/v3/ark:/12148/bd6t5130086x/manifest.json'
For more information check: https://developer.mozilla.org/en-US/docs/Web/HTTP/Status/403",2026-07-17T12:32:24.420119
francesoir,bd6t51300879,,failed,0,0,,http_manifest,known,403,manifest,"Client error '403 ' for url 'https://openapiproext.bnf.fr/iiif/presentation/v3/ark:/12148/bd6t51300879/manifest.json'
For more information check: https://developer.mozilla.org/en-US/docs/Web/HTTP/Status/403",2026-07-17T12:32:25.622666
francesoir,bd6t5130088p,,failed,0,0,,http_manifest,known,403,manifest,"Client error '403 ' for url 'https://openapiproext.bnf.fr/iiif/presentation/v3/ark:/12148/bd6t5130088p/manifest.json'
For more information check: https://developer.mozilla.org/en-US/docs/Web/HTTP/Status/403",2026-07-17T12:32:26.822971
francesoir,bd6t51300892,,failed,0,0,,http_manifest,known,403,manifest,"Client error '403 ' for url 'https://openapiproext.bnf.fr/iiif/presentation/v3/ark:/12148/bd6t51300892/manifest.json'
For more information check: https://developer.mozilla.org/en-US/docs/Web/HTTP/Status/403",2026-07-17T12:32:28.039815
francesoir,bd6t51300900,,failed,0,0,,http_manifest,known,403,manifest,"Client error '403 ' for url 'https://openapiproext.bnf.fr/iiif/presentation/v3/ark:/12148/bd6t51300900/manifest.json'
For more information check: https://developer.mozilla.org/en-US/docs/Web/HTTP/Status/403",2026-07-17T12:32:29.225602
francesoir,bd6t5130091c,,failed,0,0,,http_manifest,known,403,manifest,"Client error '403 ' for url 'https://openapiproext.bnf.fr/iiif/presentation/v3/ark:/12148/bd6t5130091c/manifest.json'
For more information check: https://developer.mozilla.org/en-US/docs/Web/HTTP/Status/403",2026-07-17T12:32:30.430823
francesoir,bd6t5130092r,,failed,0,0,,http_manifest,known,403,manifest,"Client error '403 ' for url 'https://openapiproext.bnf.fr/iiif/presentation/v3/ark:/12148/bd6t5130092r/manifest.json'
For more information check: https://developer.mozilla.org/en-US/docs/Web/HTTP/Status/403",2026-07-17T12:32:31.633277
francesoir,bd6t51300934,,failed,0,0,,http_manifest,known,403,manifest,"Client error '403 ' for url 'https://openapiproext.bnf.fr/iiif/presentation/v3/ark:/12148/bd6t51300934/manifest.json'
For more information check: https://developer.mozilla.org/en-US/docs/Web/HTTP/Status/403",2026-07-17T12:32:32.833475
francesoir,bd6t5130094h,,failed,0,0,,http_manifest,known,403,manifest,"Client error '403 ' for url 'https://openapiproext.bnf.fr/iiif/presentation/v3/ark:/12148/bd6t5130094h/manifest.json'
For more information check: https://developer.mozilla.org/en-US/docs/Web/HTTP/Status/403",2026-07-17T12:32:34.033752
francesoir,bd6t5130095w,,failed,0,0,,http_manifest,known,403,manifest,"Client error '403 ' for url 'https://openapiproext.bnf.fr/iiif/presentation/v3/ark:/12148/bd6t5130095w/manifest.json'
For more information check: https://developer.mozilla.org/en-US/docs/Web/HTTP/Status/403",2026-07-17T12:32:35.235130
francesoir,bd6t51300968,,failed,0,0,,http_manifest,known,403,manifest,"Client error '403 ' for url 'https://openapiproext.bnf.fr/iiif/presentation/v3/ark:/12148/bd6t51300968/manifest.json'
For more information check: https://developer.mozilla.org/en-US/docs/Web/HTTP/Status/403",2026-07-17T12:32:36.440798
francesoir,bd6t5130097n,,failed,0,0,,http_manifest,known,403,manifest,"Client error '403 ' for url 'https://openapiproext.bnf.fr/iiif/presentation/v3/ark:/12148/bd6t5130097n/manifest.json'
For more information check: https://developer.mozilla.org/en-US/docs/Web/HTTP/Status/403",2026-07-17T12:32:37.638706
francesoir,bd6t51300981,,failed,0,0,,http_manifest,known,403,manifest,"Client error '403 ' for url 'https://openapiproext.bnf.fr/iiif/presentation/v3/ark:/12148/bd6t51300981/manifest.json'
For more information check: https://developer.mozilla.org/en-US/docs/Web/HTTP/Status/403",2026-07-17T12:32:38.839890
francesoir,bd6t5130099d,,failed,0,0,,http_manifest,known,403,manifest,"Client error '403 ' for url 'https://openapiproext.bnf.fr/iiif/presentation/v3/ark:/12148/bd6t5130099d/manifest.json'
For more information check: https://developer.mozilla.org/en-US/docs/Web/HTTP/Status/403",2026-07-17T12:32:40.054091
francesoir,bd6t51301006,,failed,0,0,,http_manifest,known,403,manifest,"Client error '403 ' for url 'https://openapiproext.bnf.fr/iiif/presentation/v3/ark:/12148/bd6t51301006/manifest.json'
For more information check: https://developer.mozilla.org/en-US/docs/Web/HTTP/Status/403",2026-07-17T12:32:41.241594
francesoir,bd6t5130101k,,failed,0,0,,http_manifest,known,403,manifest,"Client error '403 ' for url 'https://openapiproext.bnf.fr/iiif/presentation/v3/ark:/12148/bd6t5130101k/manifest.json'
For more information check: https://developer.mozilla.org/en-US/docs/Web/HTTP/Status/403",2026-07-17T12:32:42.444005
francesoir,bd6t5130102z,,failed,0,0,,http_manifest,known,403,manifest,"Client error '403 ' for url 'https://openapiproext.bnf.fr/iiif/presentation/v3/ark:/12148/bd6t5130102z/manifest.json'
For more information check: https://developer.mozilla.org/en-US/docs/Web/HTTP/Status/403",2026-07-17T12:32:43.644047
francesoir,bd6t5130103b,,failed,0,0,,http_manifest,known,403,manifest,"Client error '403 ' for url 'https://openapiproext.bnf.fr/iiif/presentation/v3/ark:/12148/bd6t5130103b/manifest.json'
For more information check: https://developer.mozilla.org/en-US/docs/Web/HTTP/Status/403",2026-07-17T12:32:44.846423
francesoir,bd6t5130104q,,failed,0,0,,http_manifest,known,403,manifest,"Client error '403 ' for url 'https://openapiproext.bnf.fr/iiif/presentation/v3/ark:/12148/bd6t5130104q/manifest.json'
For more information check: https://developer.mozilla.org/en-US/docs/Web/HTTP/Status/403",2026-07-17T12:32:46.061893
francesoir,bd6t51301053,,failed,0,0,,http_manifest,known,403,manifest,"Client error '403 ' for url 'https://openapiproext.bnf.fr/iiif/presentation/v3/ark:/12148/bd6t51301053/manifest.json'
For more information check: https://developer.mozilla.org/en-US/docs/Web/HTTP/Status/403",2026-07-17T12:32:47.251838
francesoir,bd6t5130106g,,failed,0,0,,http_manifest,known,403,manifest,"Client error '403 ' for url 'https://openapiproext.bnf.fr/iiif/presentation/v3/ark:/12148/bd6t5130106g/manifest.json'
For more information check: https://developer.mozilla.org/en-US/docs/Web/HTTP/Status/403",2026-07-17T12:32:48.452287
francesoir,bd6t5130107v,,failed,0,0,,http_manifest,known,403,manifest,"Client error '403 ' for url 'https://openapiproext.bnf.fr/iiif/presentation/v3/ark:/12148/bd6t5130107v/manifest.json'
For more information check: https://developer.mozilla.org/en-US/docs/Web/HTTP/Status/403",2026-07-17T12:32:49.654037
francesoir,bd6t51301087,,failed,0,0,,http_manifest,known,403,manifest,"Client error '403 ' for url 'https://openapiproext.bnf.fr/iiif/presentation/v3/ark:/12148/bd6t51301087/manifest.json'
For more information check: https://developer.mozilla.org/en-US/docs/Web/HTTP/Status/403",2026-07-17T12:32:50.852972
francesoir,bd6t5130109m,,failed,0,0,,http_manifest,known,403,manifest,"Client error '403 ' for url 'https://openapiproext.bnf.fr/iiif/presentation/v3/ark:/12148/bd6t5130109m/manifest.json'
For more information check: https://developer.mozilla.org/en-US/docs/Web/HTTP/Status/403",2026-07-17T12:32:52.055712
francesoir,bd6t5130110j,,failed,0,0,,http_manifest,known,403,manifest,"Client error '403 ' for url 'https://openapiproext.bnf.fr/iiif/presentation/v3/ark:/12148/bd6t5130110j/manifest.json'
For more information check: https://developer.mozilla.org/en-US/docs/Web/HTTP/Status/403",2026-07-17T12:32:53.257055
francesoir,bd6t5130111x,,failed,0,0,,http_manifest,known,403,manifest,"Client error '403 ' for url 'https://openapiproext.bnf.fr/iiif/presentation/v3/ark:/12148/bd6t5130111x/manifest.json'
For more information check: https://developer.mozilla.org/en-US/docs/Web/HTTP/Status/403",2026-07-17T12:32:54.459839
francesoir,bd6t51301129,,failed,0,0,,http_manifest,known,403,manifest,"Client error '403 ' for url 'https://openapiproext.bnf.fr/iiif/presentation/v3/ark:/12148/bd6t51301129/manifest.json'
For more information check: https://developer.mozilla.org/en-US/docs/Web/HTTP/Status/403",2026-07-17T12:32:55.658599
francesoir,bd6t5130113p,,failed,0,0,,http_manifest,known,403,manifest,"Client error '403 ' for url 'https://openapiproext.bnf.fr/iiif/presentation/v3/ark:/12148/bd6t5130113p/manifest.json'
For more information check: https://developer.mozilla.org/en-US/docs/Web/HTTP/Status/403",2026-07-17T12:32:56.858010
francesoir,bd6t51301142,,failed,0,0,,http_manifest,known,403,manifest,"Client error '403 ' for url 'https://openapiproext.bnf.fr/iiif/presentation/v3/ark:/12148/bd6t51301142/manifest.json'
For more information check: https://developer.mozilla.org/en-US/docs/Web/HTTP/Status/403",2026-07-17T12:32:58.180708
francesoir,bd6t5130115f,,failed,0,0,,http_manifest,known,403,manifest,"Client error '403 ' for url 'https://openapiproext.bnf.fr/iiif/presentation/v3/ark:/12148/bd6t5130115f/manifest.json'
For more information check: https://developer.mozilla.org/en-US/docs/Web/HTTP/Status/403",2026-07-17T12:32:59.365344
francesoir,bd6t5130116t,,failed,0,0,,http_manifest,known,403,manifest,"Client error '403 ' for url 'https://openapiproext.bnf.fr/iiif/presentation/v3/ark:/12148/bd6t5130116t/manifest.json'
For more information check: https://developer.mozilla.org/en-US/docs/Web/HTTP/Status/403",2026-07-17T12:33:00.550390
francesoir,bd6t51301176,,failed,0,0,,http_manifest,known,403,manifest,"Client error '403 ' for url 'https://openapiproext.bnf.fr/iiif/presentation/v3/ark:/12148/bd6t51301176/manifest.json'
For more information check: https://developer.mozilla.org/en-US/docs/Web/HTTP/Status/403",2026-07-17T12:33:01.667060
francesoir,bd6t5130118k,,failed,0,0,,http_manifest,known,403,manifest,"Client error '403 ' for url 'https://openapiproext.bnf.fr/iiif/presentation/v3/ark:/12148/bd6t5130118k/manifest.json'
For more information check: https://developer.mozilla.org/en-US/docs/Web/HTTP/Status/403",2026-07-17T12:33:02.867627
francesoir,bd6t5130119z,,failed,0,0,,http_manifest,known,403,manifest,"Client error '403 ' for url 'https://openapiproext.bnf.fr/iiif/presentation/v3/ark:/12148/bd6t5130119z/manifest.json'
For more information check: https://developer.mozilla.org/en-US/docs/Web/HTTP/Status/403",2026-07-17T12:33:04.338516
francesoir,bd6t5130120w,,failed,0,0,,http_manifest,known,403,manifest,"Client error '403 ' for url 'https://openapiproext.bnf.fr/iiif/presentation/v3/ark:/12148/bd6t5130120w/manifest.json'
For more information check: https://developer.mozilla.org/en-US/docs/Web/HTTP/Status/403",2026-07-17T12:33:05.470668
francesoir,bd6t51301218,,failed,0,0,,http_manifest,known,403,manifest,"Client error '403 ' for url 'https://openapiproext.bnf.fr/iiif/presentation/v3/ark:/12148/bd6t51301218/manifest.json'
For more information check: https://developer.mozilla.org/en-US/docs/Web/HTTP/Status/403",2026-07-17T12:33:06.474052
francesoir,bd6t5130122n,,failed,0,0,,http_manifest,known,403,manifest,"Client error '403 ' for url 'https://openapiproext.bnf.fr/iiif/presentation/v3/ark:/12148/bd6t5130122n/manifest.json'
For more information check: https://developer.mozilla.org/en-US/docs/Web/HTTP/Status/403",2026-07-17T12:33:07.670084
francesoir,bd6t51301231,,failed,0,0,,http_manifest,known,403,manifest,"Client error '403 ' for url 'https://openapiproext.bnf.fr/iiif/presentation/v3/ark:/12148/bd6t51301231/manifest.json'
For more information check: https://developer.mozilla.org/en-US/docs/Web/HTTP/Status/403",2026-07-17T12:33:08.873903
francesoir,bd6t5130124d,,failed,0,0,,http_manifest,known,403,manifest,"Client error '403 ' for url 'https://openapiproext.bnf.fr/iiif/presentation/v3/ark:/12148/bd6t5130124d/manifest.json'
For more information check: https://developer.mozilla.org/en-US/docs/Web/HTTP/Status/403",2026-07-17T12:33:10.233022
francesoir,bd6t5130125s,,failed,0,0,,http_manifest,known,403,manifest,"Client error '403 ' for url 'https://openapiproext.bnf.fr/iiif/presentation/v3/ark:/12148/bd6t5130125s/manifest.json'
For more information check: https://developer.mozilla.org/en-US/docs/Web/HTTP/Status/403",2026-07-17T12:33:11.276226
francesoir,bd6t51301265,,failed,0,0,,http_manifest,known,403,manifest,"Client error '403 ' for url 'https://openapiproext.bnf.fr/iiif/presentation/v3/ark:/12148/bd6t51301265/manifest.json'
For more information check: https://developer.mozilla.org/en-US/docs/Web/HTTP/Status/403",2026-07-17T12:33:12.758340
francesoir,bd6t5130127j,,failed,0,0,,http_manifest,known,403,manifest,"Client error '403 ' for url 'https://openapiproext.bnf.fr/iiif/presentation/v3/ark:/12148/bd6t5130127j/manifest.json'
For more information check: https://developer.mozilla.org/en-US/docs/Web/HTTP/Status/403",2026-07-17T12:33:13.840589
francesoir,bd6t5130128x,,failed,0,0,,http_manifest,known,403,manifest,"Client error '403 ' for url 'https://openapiproext.bnf.fr/iiif/presentation/v3/ark:/12148/bd6t5130128x/manifest.json'
For more information check: https://developer.mozilla.org/en-US/docs/Web/HTTP/Status/403",2026-07-17T12:33:15.037211
francesoir,bd6t51301299,,failed,0,0,,http_manifest,known,403,manifest,"Client error '403 ' for url 'https://openapiproext.bnf.fr/iiif/presentation/v3/ark:/12148/bd6t51301299/manifest.json'
For more information check: https://developer.mozilla.org/en-US/docs/Web/HTTP/Status/403",2026-07-17T12:33:16.095508
francesoir,bd6t51301307,,failed,0,0,,http_manifest,known,403,manifest,"Client error '403 ' for url 'https://openapiproext.bnf.fr/iiif/presentation/v3/ark:/12148/bd6t51301307/manifest.json'
For more information check: https://developer.mozilla.org/en-US/docs/Web/HTTP/Status/403",2026-07-17T12:33:17.302697
francesoir,bd6t5130131m,,failed,0,0,,http_manifest,known,403,manifest,"Client error '403 ' for url 'https://openapiproext.bnf.fr/iiif/presentation/v3/ark:/12148/bd6t5130131m/manifest.json'
For more information check: https://developer.mozilla.org/en-US/docs/Web/HTTP/Status/403",2026-07-17T12:33:18.492337
francesoir,bd6t51301320,,failed,0,0,,http_manifest,known,403,manifest,"Client error '403 ' for url 'https://openapiproext.bnf.fr/iiif/presentation/v3/ark:/12148/bd6t51301320/manifest.json'
For more information check: https://developer.mozilla.org/en-US/docs/Web/HTTP/Status/403",2026-07-17T12:33:19.690814
francesoir,bd6t5130133c,,failed,0,0,,http_manifest,known,403,manifest,"Client error '403 ' for url 'https://openapiproext.bnf.fr/iiif/presentation/v3/ark:/12148/bd6t5130133c/manifest.json'
For more information check: https://developer.mozilla.org/en-US/docs/Web/HTTP/Status/403",2026-07-17T12:33:20.890460
francesoir,bd6t5130134r,,failed,0,0,,http_manifest,known,403,manifest,"Client error '403 ' for url 'https://openapiproext.bnf.fr/iiif/presentation/v3/ark:/12148/bd6t5130134r/manifest.json'
For more information check: https://developer.mozilla.org/en-US/docs/Web/HTTP/Status/403",2026-07-17T12:33:22.090474
francesoir,bd6t51301354,,failed,0,0,,http_manifest,known,403,manifest,"Client error '403 ' for url 'https://openapiproext.bnf.fr/iiif/presentation/v3/ark:/12148/bd6t51301354/manifest.json'
For more information check: https://developer.mozilla.org/en-US/docs/Web/HTTP/Status/403",2026-07-17T12:33:23.302844
francesoir,bd6t5130136h,,failed,0,0,,http_manifest,known,403,manifest,"Client error '403 ' for url 'https://openapiproext.bnf.fr/iiif/presentation/v3/ark:/12148/bd6t5130136h/manifest.json'
For more information check: https://developer.mozilla.org/en-US/docs/Web/HTTP/Status/403",2026-07-17T12:33:24.492927
francesoir,bd6t5130137w,,failed,0,0,,http_manifest,known,403,manifest,"Client error '403 ' for url 'https://openapiproext.bnf.fr/iiif/presentation/v3/ark:/12148/bd6t5130137w/manifest.json'
For more information check: https://developer.mozilla.org/en-US/docs/Web/HTTP/Status/403",2026-07-17T12:33:25.693685
francesoir,bd6t51301388,,failed,0,0,,http_manifest,known,403,manifest,"Client error '403 ' for url 'https://openapiproext.bnf.fr/iiif/presentation/v3/ark:/12148/bd6t51301388/manifest.json'
For more information check: https://developer.mozilla.org/en-US/docs/Web/HTTP/Status/403",2026-07-17T12:33:26.896018
francesoir,bd6t5130139n,,failed,0,0,,http_manifest,known,403,manifest,"Client error '403 ' for url 'https://openapiproext.bnf.fr/iiif/presentation/v3/ark:/12148/bd6t5130139n/manifest.json'
For more information check: https://developer.mozilla.org/en-US/docs/Web/HTTP/Status/403",2026-07-17T12:33:28.100121
francesoir,bd6t5130140k,,failed,0,0,,http_manifest,known,403,manifest,"Client error '403 ' for url 'https://openapiproext.bnf.fr/iiif/presentation/v3/ark:/12148/bd6t5130140k/manifest.json'
For more information check: https://developer.mozilla.org/en-US/docs/Web/HTTP/Status/403",2026-07-17T12:33:29.298823
francesoir,bd6t5130141z,,failed,0,0,,http_manifest,known,403,manifest,"Client error '403 ' for url 'https://openapiproext.bnf.fr/iiif/presentation/v3/ark:/12148/bd6t5130141z/manifest.json'
For more information check: https://developer.mozilla.org/en-US/docs/Web/HTTP/Status/403",2026-07-17T12:33:30.500568
francesoir,bd6t5130142b,,failed,0,0,,http_manifest,known,403,manifest,"Client error '403 ' for url 'https://openapiproext.bnf.fr/iiif/presentation/v3/ark:/12148/bd6t5130142b/manifest.json'
For more information check: https://developer.mozilla.org/en-US/docs/Web/HTTP/Status/403",2026-07-17T12:33:31.700701
francesoir,bd6t5130143q,,failed,0,0,,http_manifest,known,403,manifest,"Client error '403 ' for url 'https://openapiproext.bnf.fr/iiif/presentation/v3/ark:/12148/bd6t5130143q/manifest.json'
For more information check: https://developer.mozilla.org/en-US/docs/Web/HTTP/Status/403",2026-07-17T12:33:32.904018
francesoir,bd6t51301443,,failed,0,0,,http_manifest,known,403,manifest,"Client error '403 ' for url 'https://openapiproext.bnf.fr/iiif/presentation/v3/ark:/12148/bd6t51301443/manifest.json'
For more information check: https://developer.mozilla.org/en-US/docs/Web/HTTP/Status/403",2026-07-17T12:33:34.111709
francesoir,bd6t5130145g,,failed,0,0,,http_manifest,known,403,manifest,"Client error '403 ' for url 'https://openapiproext.bnf.fr/iiif/presentation/v3/ark:/12148/bd6t5130145g/manifest.json'
For more information check: https://developer.mozilla.org/en-US/docs/Web/HTTP/Status/403",2026-07-17T12:33:35.303715
francesoir,bd6t5130146v,,failed,0,0,,http_manifest,known,403,manifest,"Client error '403 ' for url 'https://openapiproext.bnf.fr/iiif/presentation/v3/ark:/12148/bd6t5130146v/manifest.json'
For more information check: https://developer.mozilla.org/en-US/docs/Web/HTTP/Status/403",2026-07-17T12:33:36.503638
francesoir,bd6t51301477,,failed,0,0,,http_manifest,known,403,manifest,"Client error '403 ' for url 'https://openapiproext.bnf.fr/iiif/presentation/v3/ark:/12148/bd6t51301477/manifest.json'
For more information check: https://developer.mozilla.org/en-US/docs/Web/HTTP/Status/403",2026-07-17T12:33:37.705506
francesoir,bd6t5130148m,,failed,0,0,,http_manifest,known,403,manifest,"Client error '403 ' for url 'https://openapiproext.bnf.fr/iiif/presentation/v3/ark:/12148/bd6t5130148m/manifest.json'
For more information check: https://developer.mozilla.org/en-US/docs/Web/HTTP/Status/403",2026-07-17T12:33:38.907924
francesoir,bd6t51301490,,failed,0,0,,http_manifest,known,403,manifest,"Client error '403 ' for url 'https://openapiproext.bnf.fr/iiif/presentation/v3/ark:/12148/bd6t51301490/manifest.json'
For more information check: https://developer.mozilla.org/en-US/docs/Web/HTTP/Status/403",2026-07-17T12:33:40.112566
francesoir,bd6t5130150x,,failed,0,0,,http_manifest,known,403,manifest,"Client error '403 ' for url 'https://openapiproext.bnf.fr/iiif/presentation/v3/ark:/12148/bd6t5130150x/manifest.json'
For more information check: https://developer.mozilla.org/en-US/docs/Web/HTTP/Status/403",2026-07-17T12:33:41.312491
francesoir,bd6t51301519,,failed,0,0,,http_manifest,known,403,manifest,"Client error '403 ' for url 'https://openapiproext.bnf.fr/iiif/presentation/v3/ark:/12148/bd6t51301519/manifest.json'
For more information check: https://developer.mozilla.org/en-US/docs/Web/HTTP/Status/403",2026-07-17T12:33:42.525769
francesoir,bd6t5130152p,,failed,0,0,,http_manifest,known,403,manifest,"Client error '403 ' for url 'https://openapiproext.bnf.fr/iiif/presentation/v3/ark:/12148/bd6t5130152p/manifest.json'
For more information check: https://developer.mozilla.org/en-US/docs/Web/HTTP/Status/403",2026-07-17T12:33:43.713919
francesoir,bd6t51301532,,failed,0,0,,http_manifest,known,403,manifest,"Client error '403 ' for url 'https://openapiproext.bnf.fr/iiif/presentation/v3/ark:/12148/bd6t51301532/manifest.json'
For more information check: https://developer.mozilla.org/en-US/docs/Web/HTTP/Status/403",2026-07-17T12:33:44.920483
francesoir,bd6t5130154f,,failed,0,0,,http_manifest,known,403,manifest,"Client error '403 ' for url 'https://openapiproext.bnf.fr/iiif/presentation/v3/ark:/12148/bd6t5130154f/manifest.json'
For more information check: https://developer.mozilla.org/en-US/docs/Web/HTTP/Status/403",2026-07-17T12:33:46.134914
francesoir,bd6t5130155t,,failed,0,0,,http_manifest,known,403,manifest,"Client error '403 ' for url 'https://openapiproext.bnf.fr/iiif/presentation/v3/ark:/12148/bd6t5130155t/manifest.json'
For more information check: https://developer.mozilla.org/en-US/docs/Web/HTTP/Status/403",2026-07-17T12:33:47.322312
francesoir,bd6t51301566,,failed,0,0,,http_manifest,known,403,manifest,"Client error '403 ' for url 'https://openapiproext.bnf.fr/iiif/presentation/v3/ark:/12148/bd6t51301566/manifest.json'
For more information check: https://developer.mozilla.org/en-US/docs/Web/HTTP/Status/403",2026-07-17T12:33:48.517188
francesoir,bd6t5130157k,,failed,0,0,,http_manifest,known,403,manifest,"Client error '403 ' for url 'https://openapiproext.bnf.fr/iiif/presentation/v3/ark:/12148/bd6t5130157k/manifest.json'
For more information check: https://developer.mozilla.org/en-US/docs/Web/HTTP/Status/403",2026-07-17T12:33:49.719889
francesoir,bd6t5130158z,,failed,0,0,,http_manifest,known,403,manifest,"Client error '403 ' for url 'https://openapiproext.bnf.fr/iiif/presentation/v3/ark:/12148/bd6t5130158z/manifest.json'
For more information check: https://developer.mozilla.org/en-US/docs/Web/HTTP/Status/403",2026-07-17T12:33:50.919332
francesoir,bd6t5130159b,,failed,0,0,,http_manifest,known,403,manifest,"Client error '403 ' for url 'https://openapiproext.bnf.fr/iiif/presentation/v3/ark:/12148/bd6t5130159b/manifest.json'
For more information check: https://developer.mozilla.org/en-US/docs/Web/HTTP/Status/403",2026-07-17T12:33:52.120864
francesoir,bd6t51301608,,failed,0,0,,http_manifest,known,403,manifest,"Client error '403 ' for url 'https://openapiproext.bnf.fr/iiif/presentation/v3/ark:/12148/bd6t51301608/manifest.json'
For more information check: https://developer.mozilla.org/en-US/docs/Web/HTTP/Status/403",2026-07-17T12:33:53.329401
francesoir,bd6t5130161n,,failed,0,0,,http_manifest,known,403,manifest,"Client error '403 ' for url 'https://openapiproext.bnf.fr/iiif/presentation/v3/ark:/12148/bd6t5130161n/manifest.json'
For more information check: https://developer.mozilla.org/en-US/docs/Web/HTTP/Status/403",2026-07-17T12:33:54.524372
francesoir,bd6t51301621,,failed,0,0,,http_manifest,known,403,manifest,"Client error '403 ' for url 'https://openapiproext.bnf.fr/iiif/presentation/v3/ark:/12148/bd6t51301621/manifest.json'
For more information check: https://developer.mozilla.org/en-US/docs/Web/HTTP/Status/403",2026-07-17T12:33:55.735148
francesoir,bd6t5130163d,,failed,0,0,,http_manifest,known,403,manifest,"Client error '403 ' for url 'https://openapiproext.bnf.fr/iiif/presentation/v3/ark:/12148/bd6t5130163d/manifest.json'
For more information check: https://developer.mozilla.org/en-US/docs/Web/HTTP/Status/403",2026-07-17T12:33:56.930624
francesoir,bd6t5130164s,,failed,0,0,,http_manifest,known,403,manifest,"Client error '403 ' for url 'https://openapiproext.bnf.fr/iiif/presentation/v3/ark:/12148/bd6t5130164s/manifest.json'
For more information check: https://developer.mozilla.org/en-US/docs/Web/HTTP/Status/403",2026-07-17T12:33:58.343144
francesoir,bd6t51301655,,failed,0,0,,http_manifest,known,403,manifest,"Client error '403 ' for url 'https://openapiproext.bnf.fr/iiif/presentation/v3/ark:/12148/bd6t51301655/manifest.json'
For more information check: https://developer.mozilla.org/en-US/docs/Web/HTTP/Status/403",2026-07-17T12:33:59.515025
francesoir,bd6t5130166j,,failed,0,0,,http_manifest,known,403,manifest,"Client error '403 ' for url 'https://openapiproext.bnf.fr/iiif/presentation/v3/ark:/12148/bd6t5130166j/manifest.json'
For more information check: https://developer.mozilla.org/en-US/docs/Web/HTTP/Status/403",2026-07-17T12:34:00.698600
francesoir,bd6t5130167x,,failed,0,0,,http_manifest,known,403,manifest,"Client error '403 ' for url 'https://openapiproext.bnf.fr/iiif/presentation/v3/ark:/12148/bd6t5130167x/manifest.json'
For more information check: https://developer.mozilla.org/en-US/docs/Web/HTTP/Status/403",2026-07-17T12:34:01.957961
francesoir,bd6t51301689,,failed,0,0,,http_manifest,known,403,manifest,"Client error '403 ' for url 'https://openapiproext.bnf.fr/iiif/presentation/v3/ark:/12148/bd6t51301689/manifest.json'
For more information check: https://developer.mozilla.org/en-US/docs/Web/HTTP/Status/403",2026-07-17T12:34:03.126754
francesoir,bd6t5130169p,,failed,0,0,,http_manifest,known,403,manifest,"Client error '403 ' for url 'https://openapiproext.bnf.fr/iiif/presentation/v3/ark:/12148/bd6t5130169p/manifest.json'
For more information check: https://developer.mozilla.org/en-US/docs/Web/HTTP/Status/403",2026-07-17T12:34:04.307061
francesoir,bd6t5130170m,,failed,0,0,,http_manifest,known,403,manifest,"Client error '403 ' for url 'https://openapiproext.bnf.fr/iiif/presentation/v3/ark:/12148/bd6t5130170m/manifest.json'
For more information check: https://developer.mozilla.org/en-US/docs/Web/HTTP/Status/403",2026-07-17T12:34:05.433845
francesoir,bd6t51301710,,failed,0,0,,http_manifest,known,403,manifest,"Client error '403 ' for url 'https://openapiproext.bnf.fr/iiif/presentation/v3/ark:/12148/bd6t51301710/manifest.json'
For more information check: https://developer.mozilla.org/en-US/docs/Web/HTTP/Status/403",2026-07-17T12:34:06.541246
francesoir,bd6t5130172c,,failed,0,0,,http_manifest,known,403,manifest,"Client error '403 ' for url 'https://openapiproext.bnf.fr/iiif/presentation/v3/ark:/12148/bd6t5130172c/manifest.json'
For more information check: https://developer.mozilla.org/en-US/docs/Web/HTTP/Status/403",2026-07-17T12:34:07.997884
francesoir,bd6t5130173r,,failed,0,0,,http_manifest,known,403,manifest,"Client error '403 ' for url 'https://openapiproext.bnf.fr/iiif/presentation/v3/ark:/12148/bd6t5130173r/manifest.json'
For more information check: https://developer.mozilla.org/en-US/docs/Web/HTTP/Status/403",2026-07-17T12:34:09.050516
francesoir,bd6t51301744,,failed,0,0,,http_manifest,known,403,manifest,"Client error '403 ' for url 'https://openapiproext.bnf.fr/iiif/presentation/v3/ark:/12148/bd6t51301744/manifest.json'
For more information check: https://developer.mozilla.org/en-US/docs/Web/HTTP/Status/403",2026-07-17T12:34:10.207369
francesoir,bd6t5130175h,,failed,0,0,,http_manifest,known,403,manifest,"Client error '403 ' for url 'https://openapiproext.bnf.fr/iiif/presentation/v3/ark:/12148/bd6t5130175h/manifest.json'
For more information check: https://developer.mozilla.org/en-US/docs/Web/HTTP/Status/403",2026-07-17T12:34:11.353212
francesoir,bd6t5130176w,,failed,0,0,,http_manifest,known,403,manifest,"Client error '403 ' for url 'https://openapiproext.bnf.fr/iiif/presentation/v3/ark:/12148/bd6t5130176w/manifest.json'
For more information check: https://developer.mozilla.org/en-US/docs/Web/HTTP/Status/403",2026-07-17T12:34:12.782575
francesoir,bd6t51301778,,failed,0,0,,http_manifest,known,403,manifest,"Client error '403 ' for url 'https://openapiproext.bnf.fr/iiif/presentation/v3/ark:/12148/bd6t51301778/manifest.json'
For more information check: https://developer.mozilla.org/en-US/docs/Web/HTTP/Status/403",2026-07-17T12:34:13.983634
francesoir,bd6t5130178n,,failed,0,0,,http_manifest,known,403,manifest,"Client error '403 ' for url 'https://openapiproext.bnf.fr/iiif/presentation/v3/ark:/12148/bd6t5130178n/manifest.json'
For more information check: https://developer.mozilla.org/en-US/docs/Web/HTTP/Status/403",2026-07-17T12:34:14.962883
francesoir,bd6t51301791,,failed,0,0,,http_manifest,known,403,manifest,"Client error '403 ' for url 'https://openapiproext.bnf.fr/iiif/presentation/v3/ark:/12148/bd6t51301791/manifest.json'
For more information check: https://developer.mozilla.org/en-US/docs/Web/HTTP/Status/403",2026-07-17T12:34:16.169838
francesoir,bd6t5130180z,,failed,0,0,,http_manifest,known,403,manifest,"Client error '403 ' for url 'https://openapiproext.bnf.fr/iiif/presentation/v3/ark:/12148/bd6t5130180z/manifest.json'
For more information check: https://developer.mozilla.org/en-US/docs/Web/HTTP/Status/403",2026-07-17T12:34:17.351358
francesoir,bd6t5130181b,,failed,0,0,,http_manifest,known,403,manifest,"Client error '403 ' for url 'https://openapiproext.bnf.fr/iiif/presentation/v3/ark:/12148/bd6t5130181b/manifest.json'
For more information check: https://developer.mozilla.org/en-US/docs/Web/HTTP/Status/403",2026-07-17T12:34:18.577510
francesoir,bd6t5130182q,,failed,0,0,,http_manifest,known,403,manifest,"Client error '403 ' for url 'https://openapiproext.bnf.fr/iiif/presentation/v3/ark:/12148/bd6t5130182q/manifest.json'
For more information check: https://developer.mozilla.org/en-US/docs/Web/HTTP/Status/403",2026-07-17T12:34:19.759802
francesoir,bd6t51301833,,failed,0,0,,http_manifest,known,403,manifest,"Client error '403 ' for url 'https://openapiproext.bnf.fr/iiif/presentation/v3/ark:/12148/bd6t51301833/manifest.json'
For more information check: https://developer.mozilla.org/en-US/docs/Web/HTTP/Status/403",2026-07-17T12:34:20.961863
francesoir,bd6t5130184g,,failed,0,0,,http_manifest,known,403,manifest,"Client error '403 ' for url 'https://openapiproext.bnf.fr/iiif/presentation/v3/ark:/12148/bd6t5130184g/manifest.json'
For more information check: https://developer.mozilla.org/en-US/docs/Web/HTTP/Status/403",2026-07-17T12:34:22.163040
francesoir,bd6t5130185v,,failed,0,0,,http_manifest,known,403,manifest,"Client error '403 ' for url 'https://openapiproext.bnf.fr/iiif/presentation/v3/ark:/12148/bd6t5130185v/manifest.json'
For more information check: https://developer.mozilla.org/en-US/docs/Web/HTTP/Status/403",2026-07-17T12:34:23.371248
francesoir,bd6t51301867,,failed,0,0,,http_manifest,known,403,manifest,"Client error '403 ' for url 'https://openapiproext.bnf.fr/iiif/presentation/v3/ark:/12148/bd6t51301867/manifest.json'
For more information check: https://developer.mozilla.org/en-US/docs/Web/HTTP/Status/403",2026-07-17T12:34:24.588608
francesoir,bd6t5130187m,,failed,0,0,,http_manifest,known,403,manifest,"Client error '403 ' for url 'https://openapiproext.bnf.fr/iiif/presentation/v3/ark:/12148/bd6t5130187m/manifest.json'
For more information check: https://developer.mozilla.org/en-US/docs/Web/HTTP/Status/403",2026-07-17T12:34:25.765716
francesoir,bd6t51301880,,failed,0,0,,http_manifest,known,403,manifest,"Client error '403 ' for url 'https://openapiproext.bnf.fr/iiif/presentation/v3/ark:/12148/bd6t51301880/manifest.json'
For more information check: https://developer.mozilla.org/en-US/docs/Web/HTTP/Status/403",2026-07-17T12:34:26.968300
francesoir,bd6t5130189c,,failed,0,0,,http_manifest,known,403,manifest,"Client error '403 ' for url 'https://openapiproext.bnf.fr/iiif/presentation/v3/ark:/12148/bd6t5130189c/manifest.json'
For more information check: https://developer.mozilla.org/en-US/docs/Web/HTTP/Status/403",2026-07-17T12:34:28.171241
francesoir,bd6t51301909,,failed,0,0,,http_manifest,known,403,manifest,"Client error '403 ' for url 'https://openapiproext.bnf.fr/iiif/presentation/v3/ark:/12148/bd6t51301909/manifest.json'
For more information check: https://developer.mozilla.org/en-US/docs/Web/HTTP/Status/403",2026-07-17T12:34:29.371489
francesoir,bd6t5130191p,,failed,0,0,,http_manifest,known,403,manifest,"Client error '403 ' for url 'https://openapiproext.bnf.fr/iiif/presentation/v3/ark:/12148/bd6t5130191p/manifest.json'
For more information check: https://developer.mozilla.org/en-US/docs/Web/HTTP/Status/403",2026-07-17T12:34:30.576997
francesoir,bd6t51301922,,failed,0,0,,http_manifest,known,403,manifest,"Client error '403 ' for url 'https://openapiproext.bnf.fr/iiif/presentation/v3/ark:/12148/bd6t51301922/manifest.json'
For more information check: https://developer.mozilla.org/en-US/docs/Web/HTTP/Status/403",2026-07-17T12:34:31.775346
francesoir,bd6t5130193f,,failed,0,0,,http_manifest,known,403,manifest,"Client error '403 ' for url 'https://openapiproext.bnf.fr/iiif/presentation/v3/ark:/12148/bd6t5130193f/manifest.json'
For more information check: https://developer.mozilla.org/en-US/docs/Web/HTTP/Status/403",2026-07-17T12:34:32.975079
francesoir,bd6t5130194t,,failed,0,0,,http_manifest,known,403,manifest,"Client error '403 ' for url 'https://openapiproext.bnf.fr/iiif/presentation/v3/ark:/12148/bd6t5130194t/manifest.json'
For more information check: https://developer.mozilla.org/en-US/docs/Web/HTTP/Status/403",2026-07-17T12:34:34.176231
francesoir,bd6t51301956,,failed,0,0,,http_manifest,known,403,manifest,"Client error '403 ' for url 'https://openapiproext.bnf.fr/iiif/presentation/v3/ark:/12148/bd6t51301956/manifest.json'
For more information check: https://developer.mozilla.org/en-US/docs/Web/HTTP/Status/403",2026-07-17T12:34:35.380248
francesoir,bd6t5130196k,,failed,0,0,,http_manifest,known,403,manifest,"Client error '403 ' for url 'https://openapiproext.bnf.fr/iiif/presentation/v3/ark:/12148/bd6t5130196k/manifest.json'
For more information check: https://developer.mozilla.org/en-US/docs/Web/HTTP/Status/403",2026-07-17T12:34:36.607214
francesoir,bd6t5130197z,,failed,0,0,,http_manifest,known,403,manifest,"Client error '403 ' for url 'https://openapiproext.bnf.fr/iiif/presentation/v3/ark:/12148/bd6t5130197z/manifest.json'
For more information check: https://developer.mozilla.org/en-US/docs/Web/HTTP/Status/403",2026-07-17T12:34:37.785899
francesoir,bd6t5130198b,,failed,0,0,,http_manifest,known,403,manifest,"Client error '403 ' for url 'https://openapiproext.bnf.fr/iiif/presentation/v3/ark:/12148/bd6t5130198b/manifest.json'
For more information check: https://developer.mozilla.org/en-US/docs/Web/HTTP/Status/403",2026-07-17T12:34:38.986480
francesoir,bd6t5130199q,,failed,0,0,,http_manifest,known,403,manifest,"Client error '403 ' for url 'https://openapiproext.bnf.fr/iiif/presentation/v3/ark:/12148/bd6t5130199q/manifest.json'
For more information check: https://developer.mozilla.org/en-US/docs/Web/HTTP/Status/403",2026-07-17T12:34:40.186889
francesoir,bd6t5130200h,,failed,0,0,,http_manifest,known,403,manifest,"Client error '403 ' for url 'https://openapiproext.bnf.fr/iiif/presentation/v3/ark:/12148/bd6t5130200h/manifest.json'
For more information check: https://developer.mozilla.org/en-US/docs/Web/HTTP/Status/403",2026-07-17T12:34:41.392332
francesoir,bd6t5130201w,,failed,0,0,,http_manifest,known,403,manifest,"Client error '403 ' for url 'https://openapiproext.bnf.fr/iiif/presentation/v3/ark:/12148/bd6t5130201w/manifest.json'
For more information check: https://developer.mozilla.org/en-US/docs/Web/HTTP/Status/403",2026-07-17T12:34:42.596813
francesoir,bd6t51302028,,failed,0,0,,http_manifest,known,403,manifest,"Client error '403 ' for url 'https://openapiproext.bnf.fr/iiif/presentation/v3/ark:/12148/bd6t51302028/manifest.json'
For more information check: https://developer.mozilla.org/en-US/docs/Web/HTTP/Status/403",2026-07-17T12:34:43.795749
francesoir,bd6t5130203n,,failed,0,0,,http_manifest,known,403,manifest,"Client error '403 ' for url 'https://openapiproext.bnf.fr/iiif/presentation/v3/ark:/12148/bd6t5130203n/manifest.json'
For more information check: https://developer.mozilla.org/en-US/docs/Web/HTTP/Status/403",2026-07-17T12:34:45.002867
francesoir,bd6t51302041,,failed,0,0,,http_manifest,known,403,manifest,"Client error '403 ' for url 'https://openapiproext.bnf.fr/iiif/presentation/v3/ark:/12148/bd6t51302041/manifest.json'
For more information check: https://developer.mozilla.org/en-US/docs/Web/HTTP/Status/403",2026-07-17T12:34:46.198964
francesoir,bd6t5130205d,,failed,0,0,,http_manifest,known,403,manifest,"Client error '403 ' for url 'https://openapiproext.bnf.fr/iiif/presentation/v3/ark:/12148/bd6t5130205d/manifest.json'
For more information check: https://developer.mozilla.org/en-US/docs/Web/HTTP/Status/403",2026-07-17T12:34:47.407292
francesoir,bd6t5130206s,,failed,0,0,,http_manifest,known,403,manifest,"Client error '403 ' for url 'https://openapiproext.bnf.fr/iiif/presentation/v3/ark:/12148/bd6t5130206s/manifest.json'
For more information check: https://developer.mozilla.org/en-US/docs/Web/HTTP/Status/403",2026-07-17T12:34:48.626589
francesoir,bd6t51302075,,failed,0,0,,http_manifest,known,403,manifest,"Client error '403 ' for url 'https://openapiproext.bnf.fr/iiif/presentation/v3/ark:/12148/bd6t51302075/manifest.json'
For more information check: https://developer.mozilla.org/en-US/docs/Web/HTTP/Status/403",2026-07-17T12:34:49.801740
francesoir,bd6t5130208j,,failed,0,0,,http_manifest,known,403,manifest,"Client error '403 ' for url 'https://openapiproext.bnf.fr/iiif/presentation/v3/ark:/12148/bd6t5130208j/manifest.json'
For more information check: https://developer.mozilla.org/en-US/docs/Web/HTTP/Status/403",2026-07-17T12:34:51.004020
francesoir,bd6t5130209x,,failed,0,0,,http_manifest,known,403,manifest,"Client error '403 ' for url 'https://openapiproext.bnf.fr/iiif/presentation/v3/ark:/12148/bd6t5130209x/manifest.json'
For more information check: https://developer.mozilla.org/en-US/docs/Web/HTTP/Status/403",2026-07-17T12:34:52.209106
francesoir,bd6t5130210v,,failed,0,0,,http_manifest,known,403,manifest,"Client error '403 ' for url 'https://openapiproext.bnf.fr/iiif/presentation/v3/ark:/12148/bd6t5130210v/manifest.json'
For more information check: https://developer.mozilla.org/en-US/docs/Web/HTTP/Status/403",2026-07-17T12:34:53.408542
francesoir,bd6t51302117,,failed,0,0,,http_manifest,known,403,manifest,"Client error '403 ' for url 'https://openapiproext.bnf.fr/iiif/presentation/v3/ark:/12148/bd6t51302117/manifest.json'
For more information check: https://developer.mozilla.org/en-US/docs/Web/HTTP/Status/403",2026-07-17T12:34:54.636011
francesoir,bd6t5130212m,,failed,0,0,,http_manifest,known,403,manifest,"Client error '403 ' for url 'https://openapiproext.bnf.fr/iiif/presentation/v3/ark:/12148/bd6t5130212m/manifest.json'
For more information check: https://developer.mozilla.org/en-US/docs/Web/HTTP/Status/403",2026-07-17T12:34:55.812677
francesoir,bd6t51302130,,failed,0,0,,http_manifest,known,403,manifest,"Client error '403 ' for url 'https://openapiproext.bnf.fr/iiif/presentation/v3/ark:/12148/bd6t51302130/manifest.json'
For more information check: https://developer.mozilla.org/en-US/docs/Web/HTTP/Status/403",2026-07-17T12:34:57.015740
francesoir,bd6t5130214c,,failed,0,0,,http_manifest,known,403,manifest,"Client error '403 ' for url 'https://openapiproext.bnf.fr/iiif/presentation/v3/ark:/12148/bd6t5130214c/manifest.json'
For more information check: https://developer.mozilla.org/en-US/docs/Web/HTTP/Status/403",2026-07-17T12:34:58.451629
francesoir,bd6t5130215r,,failed,0,0,,http_manifest,known,403,manifest,"Client error '403 ' for url 'https://openapiproext.bnf.fr/iiif/presentation/v3/ark:/12148/bd6t5130215r/manifest.json'
For more information check: https://developer.mozilla.org/en-US/docs/Web/HTTP/Status/403",2026-07-17T12:34:59.542679
francesoir,bd6t51302164,,failed,0,0,,http_manifest,known,403,manifest,"Client error '403 ' for url 'https://openapiproext.bnf.fr/iiif/presentation/v3/ark:/12148/bd6t51302164/manifest.json'
For more information check: https://developer.mozilla.org/en-US/docs/Web/HTTP/Status/403",2026-07-17T12:35:00.665964
francesoir,bd6t5130217h,,failed,0,0,,http_manifest,known,403,manifest,"Client error '403 ' for url 'https://openapiproext.bnf.fr/iiif/presentation/v3/ark:/12148/bd6t5130217h/manifest.json'
For more information check: https://developer.mozilla.org/en-US/docs/Web/HTTP/Status/403",2026-07-17T12:35:01.895223
francesoir,bd6t5130218w,,failed,0,0,,http_manifest,known,403,manifest,"Client error '403 ' for url 'https://openapiproext.bnf.fr/iiif/presentation/v3/ark:/12148/bd6t5130218w/manifest.json'
For more information check: https://developer.mozilla.org/en-US/docs/Web/HTTP/Status/403",2026-07-17T12:35:03.120554
francesoir,bd6t51302198,,failed,0,0,,http_manifest,known,403,manifest,"Client error '403 ' for url 'https://openapiproext.bnf.fr/iiif/presentation/v3/ark:/12148/bd6t51302198/manifest.json'
For more information check: https://developer.mozilla.org/en-US/docs/Web/HTTP/Status/403",2026-07-17T12:35:04.470825
francesoir,bd6t51302206,,failed,0,0,,http_manifest,known,403,manifest,"Client error '403 ' for url 'https://openapiproext.bnf.fr/iiif/presentation/v3/ark:/12148/bd6t51302206/manifest.json'
For more information check: https://developer.mozilla.org/en-US/docs/Web/HTTP/Status/403",2026-07-17T12:35:05.455246
francesoir,bd6t5130221k,,failed,0,0,,http_manifest,known,403,manifest,"Client error '403 ' for url 'https://openapiproext.bnf.fr/iiif/presentation/v3/ark:/12148/bd6t5130221k/manifest.json'
For more information check: https://developer.mozilla.org/en-US/docs/Web/HTTP/Status/403",2026-07-17T12:35:06.651494
francesoir,bd6t5130222z,,failed,0,0,,http_manifest,known,403,manifest,"Client error '403 ' for url 'https://openapiproext.bnf.fr/iiif/presentation/v3/ark:/12148/bd6t5130222z/manifest.json'
For more information check: https://developer.mozilla.org/en-US/docs/Web/HTTP/Status/403",2026-07-17T12:35:07.825947
francesoir,bd6t5130223b,,failed,0,0,,http_manifest,known,403,manifest,"Client error '403 ' for url 'https://openapiproext.bnf.fr/iiif/presentation/v3/ark:/12148/bd6t5130223b/manifest.json'
For more information check: https://developer.mozilla.org/en-US/docs/Web/HTTP/Status/403",2026-07-17T12:35:09.027833
francesoir,bd6t5130224q,,failed,0,0,,http_manifest,known,403,manifest,"Client error '403 ' for url 'https://openapiproext.bnf.fr/iiif/presentation/v3/ark:/12148/bd6t5130224q/manifest.json'
For more information check: https://developer.mozilla.org/en-US/docs/Web/HTTP/Status/403",2026-07-17T12:35:10.396006
francesoir,bd6t51302253,,failed,0,0,,http_manifest,known,403,manifest,"Client error '403 ' for url 'https://openapiproext.bnf.fr/iiif/presentation/v3/ark:/12148/bd6t51302253/manifest.json'
For more information check: https://developer.mozilla.org/en-US/docs/Web/HTTP/Status/403",2026-07-17T12:35:11.440894
francesoir,bd6t5130226g,,failed,0,0,,http_manifest,known,403,manifest,"Client error '403 ' for url 'https://openapiproext.bnf.fr/iiif/presentation/v3/ark:/12148/bd6t5130226g/manifest.json'
For more information check: https://developer.mozilla.org/en-US/docs/Web/HTTP/Status/403",2026-07-17T12:35:12.772499
francesoir,bd6t5130227v,,failed,0,0,,http_manifest,known,403,manifest,"Client error '403 ' for url 'https://openapiproext.bnf.fr/iiif/presentation/v3/ark:/12148/bd6t5130227v/manifest.json'
For more information check: https://developer.mozilla.org/en-US/docs/Web/HTTP/Status/403",2026-07-17T12:35:13.837372
francesoir,bd6t51302287,,failed,0,0,,http_manifest,known,403,manifest,"Client error '403 ' for url 'https://openapiproext.bnf.fr/iiif/presentation/v3/ark:/12148/bd6t51302287/manifest.json'
For more information check: https://developer.mozilla.org/en-US/docs/Web/HTTP/Status/403",2026-07-17T12:35:15.036404
francesoir,bd6t5130229m,,failed,0,0,,http_manifest,known,403,manifest,"Client error '403 ' for url 'https://openapiproext.bnf.fr/iiif/presentation/v3/ark:/12148/bd6t5130229m/manifest.json'
For more information check: https://developer.mozilla.org/en-US/docs/Web/HTTP/Status/403",2026-07-17T12:35:16.240497
francesoir,bd6t5130230j,,failed,0,0,,http_manifest,known,403,manifest,"Client error '403 ' for url 'https://openapiproext.bnf.fr/iiif/presentation/v3/ark:/12148/bd6t5130230j/manifest.json'
For more information check: https://developer.mozilla.org/en-US/docs/Web/HTTP/Status/403",2026-07-17T12:35:17.629363
francesoir,bd6t5130231x,,failed,0,0,,http_manifest,known,403,manifest,"Client error '403 ' for url 'https://openapiproext.bnf.fr/iiif/presentation/v3/ark:/12148/bd6t5130231x/manifest.json'
For more information check: https://developer.mozilla.org/en-US/docs/Web/HTTP/Status/403",2026-07-17T12:35:18.668752
francesoir,bd6t51302329,,failed,0,0,,http_manifest,known,403,manifest,"Client error '403 ' for url 'https://openapiproext.bnf.fr/iiif/presentation/v3/ark:/12148/bd6t51302329/manifest.json'
For more information check: https://developer.mozilla.org/en-US/docs/Web/HTTP/Status/403",2026-07-17T12:35:19.847300
francesoir,bd6t5130233p,,failed,0,0,,http_manifest,known,403,manifest,"Client error '403 ' for url 'https://openapiproext.bnf.fr/iiif/presentation/v3/ark:/12148/bd6t5130233p/manifest.json'
For more information check: https://developer.mozilla.org/en-US/docs/Web/HTTP/Status/403",2026-07-17T12:35:21.046471
francesoir,bd6t51302342,,failed,0,0,,http_manifest,known,403,manifest,"Client error '403 ' for url 'https://openapiproext.bnf.fr/iiif/presentation/v3/ark:/12148/bd6t51302342/manifest.json'
For more information check: https://developer.mozilla.org/en-US/docs/Web/HTTP/Status/403",2026-07-17T12:35:22.244301
francesoir,bd6t5130235f,,failed,0,0,,http_manifest,known,403,manifest,"Client error '403 ' for url 'https://openapiproext.bnf.fr/iiif/presentation/v3/ark:/12148/bd6t5130235f/manifest.json'
For more information check: https://developer.mozilla.org/en-US/docs/Web/HTTP/Status/403",2026-07-17T12:35:23.446935
francesoir,bd6t5130236t,,failed,0,0,,http_manifest,known,403,manifest,"Client error '403 ' for url 'https://openapiproext.bnf.fr/iiif/presentation/v3/ark:/12148/bd6t5130236t/manifest.json'
For more information check: https://developer.mozilla.org/en-US/docs/Web/HTTP/Status/403",2026-07-17T12:35:24.670315
francesoir,bd6t51302376,,failed,0,0,,http_manifest,known,403,manifest,"Client error '403 ' for url 'https://openapiproext.bnf.fr/iiif/presentation/v3/ark:/12148/bd6t51302376/manifest.json'
For more information check: https://developer.mozilla.org/en-US/docs/Web/HTTP/Status/403",2026-07-17T12:35:25.850515
francesoir,bd6t5130238k,,failed,0,0,,http_manifest,known,403,manifest,"Client error '403 ' for url 'https://openapiproext.bnf.fr/iiif/presentation/v3/ark:/12148/bd6t5130238k/manifest.json'
For more information check: https://developer.mozilla.org/en-US/docs/Web/HTTP/Status/403",2026-07-17T12:35:27.051927
francesoir,bd6t5130239z,,failed,0,0,,http_manifest,known,403,manifest,"Client error '403 ' for url 'https://openapiproext.bnf.fr/iiif/presentation/v3/ark:/12148/bd6t5130239z/manifest.json'
For more information check: https://developer.mozilla.org/en-US/docs/Web/HTTP/Status/403",2026-07-17T12:35:28.254200
francesoir,bd6t5130240w,,failed,0,0,,http_manifest,known,403,manifest,"Client error '403 ' for url 'https://openapiproext.bnf.fr/iiif/presentation/v3/ark:/12148/bd6t5130240w/manifest.json'
For more information check: https://developer.mozilla.org/en-US/docs/Web/HTTP/Status/403",2026-07-17T12:35:29.453519
francesoir,bd6t51302418,,failed,0,0,,http_manifest,known,403,manifest,"Client error '403 ' for url 'https://openapiproext.bnf.fr/iiif/presentation/v3/ark:/12148/bd6t51302418/manifest.json'
For more information check: https://developer.mozilla.org/en-US/docs/Web/HTTP/Status/403",2026-07-17T12:35:30.655228
francesoir,bd6t5130242n,,failed,0,0,,http_manifest,known,403,manifest,"Client error '403 ' for url 'https://openapiproext.bnf.fr/iiif/presentation/v3/ark:/12148/bd6t5130242n/manifest.json'
For more information check: https://developer.mozilla.org/en-US/docs/Web/HTTP/Status/403",2026-07-17T12:35:31.856637
francesoir,bd6t51302431,,failed,0,0,,http_manifest,known,403,manifest,"Client error '403 ' for url 'https://openapiproext.bnf.fr/iiif/presentation/v3/ark:/12148/bd6t51302431/manifest.json'
For more information check: https://developer.mozilla.org/en-US/docs/Web/HTTP/Status/403",2026-07-17T12:35:33.056632
francesoir,bd6t5130244d,,failed,0,0,,http_manifest,known,403,manifest,"Client error '403 ' for url 'https://openapiproext.bnf.fr/iiif/presentation/v3/ark:/12148/bd6t5130244d/manifest.json'
For more information check: https://developer.mozilla.org/en-US/docs/Web/HTTP/Status/403",2026-07-17T12:35:34.259866
francesoir,bd6t5130245s,,failed,0,0,,http_manifest,known,403,manifest,"Client error '403 ' for url 'https://openapiproext.bnf.fr/iiif/presentation/v3/ark:/12148/bd6t5130245s/manifest.json'
For more information check: https://developer.mozilla.org/en-US/docs/Web/HTTP/Status/403",2026-07-17T12:35:35.462296
francesoir,bd6t51302465,,failed,0,0,,http_manifest,known,403,manifest,"Client error '403 ' for url 'https://openapiproext.bnf.fr/iiif/presentation/v3/ark:/12148/bd6t51302465/manifest.json'
For more information check: https://developer.mozilla.org/en-US/docs/Web/HTTP/Status/403",2026-07-17T12:35:36.695110
francesoir,bd6t5130247j,,failed,0,0,,http_manifest,known,403,manifest,"Client error '403 ' for url 'https://openapiproext.bnf.fr/iiif/presentation/v3/ark:/12148/bd6t5130247j/manifest.json'
For more information check: https://developer.mozilla.org/en-US/docs/Web/HTTP/Status/403",2026-07-17T12:35:37.863198
francesoir,bd6t5130248x,,failed,0,0,,http_manifest,known,403,manifest,"Client error '403 ' for url 'https://openapiproext.bnf.fr/iiif/presentation/v3/ark:/12148/bd6t5130248x/manifest.json'
For more information check: https://developer.mozilla.org/en-US/docs/Web/HTTP/Status/403",2026-07-17T12:35:39.066438
francesoir,bd6t51302499,,failed,0,0,,http_manifest,known,403,manifest,"Client error '403 ' for url 'https://openapiproext.bnf.fr/iiif/presentation/v3/ark:/12148/bd6t51302499/manifest.json'
For more information check: https://developer.mozilla.org/en-US/docs/Web/HTTP/Status/403",2026-07-17T12:35:40.271063
francesoir,bd6t51302507,,failed,0,0,,http_manifest,known,403,manifest,"Client error '403 ' for url 'https://openapiproext.bnf.fr/iiif/presentation/v3/ark:/12148/bd6t51302507/manifest.json'
For more information check: https://developer.mozilla.org/en-US/docs/Web/HTTP/Status/403",2026-07-17T12:35:41.470851
francesoir,bd6t5130251m,,failed,0,0,,http_manifest,known,403,manifest,"Client error '403 ' for url 'https://openapiproext.bnf.fr/iiif/presentation/v3/ark:/12148/bd6t5130251m/manifest.json'
For more information check: https://developer.mozilla.org/en-US/docs/Web/HTTP/Status/403",2026-07-17T12:35:42.682956
francesoir,bd6t51302520,,failed,0,0,,http_manifest,known,403,manifest,"Client error '403 ' for url 'https://openapiproext.bnf.fr/iiif/presentation/v3/ark:/12148/bd6t51302520/manifest.json'
For more information check: https://developer.mozilla.org/en-US/docs/Web/HTTP/Status/403",2026-07-17T12:35:43.877828
francesoir,bd6t5130253c,,failed,0,0,,http_manifest,known,403,manifest,"Client error '403 ' for url 'https://openapiproext.bnf.fr/iiif/presentation/v3/ark:/12148/bd6t5130253c/manifest.json'
For more information check: https://developer.mozilla.org/en-US/docs/Web/HTTP/Status/403",2026-07-17T12:35:45.076528
francesoir,bd6t5130254r,,failed,0,0,,http_manifest,known,403,manifest,"Client error '403 ' for url 'https://openapiproext.bnf.fr/iiif/presentation/v3/ark:/12148/bd6t5130254r/manifest.json'
For more information check: https://developer.mozilla.org/en-US/docs/Web/HTTP/Status/403",2026-07-17T12:35:46.279873
francesoir,bd6t51302554,,failed,0,0,,http_manifest,known,403,manifest,"Client error '403 ' for url 'https://openapiproext.bnf.fr/iiif/presentation/v3/ark:/12148/bd6t51302554/manifest.json'
For more information check: https://developer.mozilla.org/en-US/docs/Web/HTTP/Status/403",2026-07-17T12:35:47.479085
francesoir,bd6t5130256h,,failed,0,0,,http_manifest,known,403,manifest,"Client error '403 ' for url 'https://openapiproext.bnf.fr/iiif/presentation/v3/ark:/12148/bd6t5130256h/manifest.json'
For more information check: https://developer.mozilla.org/en-US/docs/Web/HTTP/Status/403",2026-07-17T12:35:48.715140
francesoir,bd6t5130257w,,failed,0,0,,http_manifest,known,403,manifest,"Client error '403 ' for url 'https://openapiproext.bnf.fr/iiif/presentation/v3/ark:/12148/bd6t5130257w/manifest.json'
For more information check: https://developer.mozilla.org/en-US/docs/Web/HTTP/Status/403",2026-07-17T12:35:49.881441
francesoir,bd6t51302588,,failed,0,0,,http_manifest,known,403,manifest,"Client error '403 ' for url 'https://openapiproext.bnf.fr/iiif/presentation/v3/ark:/12148/bd6t51302588/manifest.json'
For more information check: https://developer.mozilla.org/en-US/docs/Web/HTTP/Status/403",2026-07-17T12:35:51.084268
francesoir,bd6t5130259n,,failed,0,0,,http_manifest,known,403,manifest,"Client error '403 ' for url 'https://openapiproext.bnf.fr/iiif/presentation/v3/ark:/12148/bd6t5130259n/manifest.json'
For more information check: https://developer.mozilla.org/en-US/docs/Web/HTTP/Status/403",2026-07-17T12:35:52.282956
francesoir,bd6t5130260k,,failed,0,0,,http_manifest,known,403,manifest,"Client error '403 ' for url 'https://openapiproext.bnf.fr/iiif/presentation/v3/ark:/12148/bd6t5130260k/manifest.json'
For more information check: https://developer.mozilla.org/en-US/docs/Web/HTTP/Status/403",2026-07-17T12:35:53.486750
francesoir,bd6t5130261z,,failed,0,0,,http_manifest,known,403,manifest,"Client error '403 ' for url 'https://openapiproext.bnf.fr/iiif/presentation/v3/ark:/12148/bd6t5130261z/manifest.json'
For more information check: https://developer.mozilla.org/en-US/docs/Web/HTTP/Status/403",2026-07-17T12:35:54.710821
francesoir,bd6t5130262b,,failed,0,0,,http_manifest,known,403,manifest,"Client error '403 ' for url 'https://openapiproext.bnf.fr/iiif/presentation/v3/ark:/12148/bd6t5130262b/manifest.json'
For more information check: https://developer.mozilla.org/en-US/docs/Web/HTTP/Status/403",2026-07-17T12:35:55.888483
francesoir,bd6t5130263q,,failed,0,0,,http_manifest,known,403,manifest,"Client error '403 ' for url 'https://openapiproext.bnf.fr/iiif/presentation/v3/ark:/12148/bd6t5130263q/manifest.json'
For more information check: https://developer.mozilla.org/en-US/docs/Web/HTTP/Status/403",2026-07-17T12:35:57.087156
francesoir,bd6t51302643,,failed,0,0,,http_manifest,known,403,manifest,"Client error '403 ' for url 'https://openapiproext.bnf.fr/iiif/presentation/v3/ark:/12148/bd6t51302643/manifest.json'
For more information check: https://developer.mozilla.org/en-US/docs/Web/HTTP/Status/403",2026-07-17T12:35:58.397144
francesoir,bd6t5130265g,,failed,0,0,,http_manifest,known,403,manifest,"Client error '403 ' for url 'https://openapiproext.bnf.fr/iiif/presentation/v3/ark:/12148/bd6t5130265g/manifest.json'
For more information check: https://developer.mozilla.org/en-US/docs/Web/HTTP/Status/403",2026-07-17T12:35:59.551987
francesoir,bd6t5130266v,,failed,0,0,,http_manifest,known,403,manifest,"Client error '403 ' for url 'https://openapiproext.bnf.fr/iiif/presentation/v3/ark:/12148/bd6t5130266v/manifest.json'
For more information check: https://developer.mozilla.org/en-US/docs/Web/HTTP/Status/403",2026-07-17T12:36:00.694214
francesoir,bd6t51302677,,failed,0,0,,http_manifest,known,403,manifest,"Client error '403 ' for url 'https://openapiproext.bnf.fr/iiif/presentation/v3/ark:/12148/bd6t51302677/manifest.json'
For more information check: https://developer.mozilla.org/en-US/docs/Web/HTTP/Status/403",2026-07-17T12:36:01.906590
francesoir,bd6t5130268m,,failed,0,0,,http_manifest,known,403,manifest,"Client error '403 ' for url 'https://openapiproext.bnf.fr/iiif/presentation/v3/ark:/12148/bd6t5130268m/manifest.json'
For more information check: https://developer.mozilla.org/en-US/docs/Web/HTTP/Status/403",2026-07-17T12:36:03.106749
francesoir,bd6t51302690,,failed,0,0,,http_manifest,known,403,manifest,"Client error '403 ' for url 'https://openapiproext.bnf.fr/iiif/presentation/v3/ark:/12148/bd6t51302690/manifest.json'
For more information check: https://developer.mozilla.org/en-US/docs/Web/HTTP/Status/403",2026-07-17T12:36:04.585989
francesoir,bd6t5130270x,,failed,0,0,,http_manifest,known,403,manifest,"Client error '403 ' for url 'https://openapiproext.bnf.fr/iiif/presentation/v3/ark:/12148/bd6t5130270x/manifest.json'
For more information check: https://developer.mozilla.org/en-US/docs/Web/HTTP/Status/403",2026-07-17T12:36:05.679094
francesoir,bd6t51302719,,failed,0,0,,http_manifest,known,403,manifest,"Client error '403 ' for url 'https://openapiproext.bnf.fr/iiif/presentation/v3/ark:/12148/bd6t51302719/manifest.json'
For more information check: https://developer.mozilla.org/en-US/docs/Web/HTTP/Status/403",2026-07-17T12:36:06.728528
francesoir,bd6t5130272p,,failed,0,0,,http_manifest,known,403,manifest,"Client error '403 ' for url 'https://openapiproext.bnf.fr/iiif/presentation/v3/ark:/12148/bd6t5130272p/manifest.json'
For more information check: https://developer.mozilla.org/en-US/docs/Web/HTTP/Status/403",2026-07-17T12:36:07.909276
francesoir,bd6t51302732,,failed,0,0,,http_manifest,known,403,manifest,"Client error '403 ' for url 'https://openapiproext.bnf.fr/iiif/presentation/v3/ark:/12148/bd6t51302732/manifest.json'
For more information check: https://developer.mozilla.org/en-US/docs/Web/HTTP/Status/403",2026-07-17T12:36:09.108023
francesoir,bd6t5130274f,,failed,0,0,,http_manifest,known,403,manifest,"Client error '403 ' for url 'https://openapiproext.bnf.fr/iiif/presentation/v3/ark:/12148/bd6t5130274f/manifest.json'
For more information check: https://developer.mozilla.org/en-US/docs/Web/HTTP/Status/403",2026-07-17T12:36:10.307815
francesoir,bd6t5130275t,,failed,0,0,,http_manifest,known,403,manifest,"Client error '403 ' for url 'https://openapiproext.bnf.fr/iiif/presentation/v3/ark:/12148/bd6t5130275t/manifest.json'
For more information check: https://developer.mozilla.org/en-US/docs/Web/HTTP/Status/403",2026-07-17T12:36:11.664129
francesoir,bd6t51302766,,failed,0,0,,http_manifest,known,403,manifest,"Client error '403 ' for url 'https://openapiproext.bnf.fr/iiif/presentation/v3/ark:/12148/bd6t51302766/manifest.json'
For more information check: https://developer.mozilla.org/en-US/docs/Web/HTTP/Status/403",2026-07-17T12:36:12.713767
francesoir,bd6t5130277k,,failed,0,0,,http_manifest,known,403,manifest,"Client error '403 ' for url 'https://openapiproext.bnf.fr/iiif/presentation/v3/ark:/12148/bd6t5130277k/manifest.json'
For more information check: https://developer.mozilla.org/en-US/docs/Web/HTTP/Status/403",2026-07-17T12:36:14.050126
francesoir,bd6t5130278z,,failed,0,0,,http_manifest,known,403,manifest,"Client error '403 ' for url 'https://openapiproext.bnf.fr/iiif/presentation/v3/ark:/12148/bd6t5130278z/manifest.json'
For more information check: https://developer.mozilla.org/en-US/docs/Web/HTTP/Status/403",2026-07-17T12:36:15.111345
francesoir,bd6t5130279b,,failed,0,0,,http_manifest,known,403,manifest,"Client error '403 ' for url 'https://openapiproext.bnf.fr/iiif/presentation/v3/ark:/12148/bd6t5130279b/manifest.json'
For more information check: https://developer.mozilla.org/en-US/docs/Web/HTTP/Status/403",2026-07-17T12:36:16.539923
francesoir,bd6t51302808,,failed,0,0,,http_manifest,known,403,manifest,"Client error '403 ' for url 'https://openapiproext.bnf.fr/iiif/presentation/v3/ark:/12148/bd6t51302808/manifest.json'
For more information check: https://developer.mozilla.org/en-US/docs/Web/HTTP/Status/403",2026-07-17T12:36:17.691401
francesoir,bd6t5130281n,,failed,0,0,,http_manifest,known,403,manifest,"Client error '403 ' for url 'https://openapiproext.bnf.fr/iiif/presentation/v3/ark:/12148/bd6t5130281n/manifest.json'
For more information check: https://developer.mozilla.org/en-US/docs/Web/HTTP/Status/403",2026-07-17T12:36:18.760880
francesoir,bd6t51302821,,failed,0,0,,http_manifest,known,403,manifest,"Client error '403 ' for url 'https://openapiproext.bnf.fr/iiif/presentation/v3/ark:/12148/bd6t51302821/manifest.json'
For more information check: https://developer.mozilla.org/en-US/docs/Web/HTTP/Status/403",2026-07-17T12:36:19.916620
francesoir,bd6t5130283d,,failed,0,0,,http_manifest,known,403,manifest,"Client error '403 ' for url 'https://openapiproext.bnf.fr/iiif/presentation/v3/ark:/12148/bd6t5130283d/manifest.json'
For more information check: https://developer.mozilla.org/en-US/docs/Web/HTTP/Status/403",2026-07-17T12:36:21.118606
francesoir,bd6t5130284s,,failed,0,0,,http_manifest,known,403,manifest,"Client error '403 ' for url 'https://openapiproext.bnf.fr/iiif/presentation/v3/ark:/12148/bd6t5130284s/manifest.json'
For more information check: https://developer.mozilla.org/en-US/docs/Web/HTTP/Status/403",2026-07-17T12:36:22.319822
francesoir,bd6t51302855,,failed,0,0,,http_manifest,known,403,manifest,"Client error '403 ' for url 'https://openapiproext.bnf.fr/iiif/presentation/v3/ark:/12148/bd6t51302855/manifest.json'
For more information check: https://developer.mozilla.org/en-US/docs/Web/HTTP/Status/403",2026-07-17T12:36:23.519454
francesoir,bd6t5130286j,,failed,0,0,,http_manifest,known,403,manifest,"Client error '403 ' for url 'https://openapiproext.bnf.fr/iiif/presentation/v3/ark:/12148/bd6t5130286j/manifest.json'
For more information check: https://developer.mozilla.org/en-US/docs/Web/HTTP/Status/403",2026-07-17T12:36:24.746497
francesoir,bd6t5130287x,,failed,0,0,,http_manifest,known,403,manifest,"Client error '403 ' for url 'https://openapiproext.bnf.fr/iiif/presentation/v3/ark:/12148/bd6t5130287x/manifest.json'
For more information check: https://developer.mozilla.org/en-US/docs/Web/HTTP/Status/403",2026-07-17T12:36:25.927152
francesoir,bd6t51302889,,failed,0,0,,http_manifest,known,403,manifest,"Client error '403 ' for url 'https://openapiproext.bnf.fr/iiif/presentation/v3/ark:/12148/bd6t51302889/manifest.json'
For more information check: https://developer.mozilla.org/en-US/docs/Web/HTTP/Status/403",2026-07-17T12:36:27.143857
francesoir,bd6t5130289p,,failed,0,0,,http_manifest,known,403,manifest,"Client error '403 ' for url 'https://openapiproext.bnf.fr/iiif/presentation/v3/ark:/12148/bd6t5130289p/manifest.json'
For more information check: https://developer.mozilla.org/en-US/docs/Web/HTTP/Status/403",2026-07-17T12:36:28.327227
francesoir,bd6t5130290m,,failed,0,0,,http_manifest,known,403,manifest,"Client error '403 ' for url 'https://openapiproext.bnf.fr/iiif/presentation/v3/ark:/12148/bd6t5130290m/manifest.json'
For more information check: https://developer.mozilla.org/en-US/docs/Web/HTTP/Status/403",2026-07-17T12:36:29.531553
francesoir,bd6t51302910,,failed,0,0,,http_manifest,known,403,manifest,"Client error '403 ' for url 'https://openapiproext.bnf.fr/iiif/presentation/v3/ark:/12148/bd6t51302910/manifest.json'
For more information check: https://developer.mozilla.org/en-US/docs/Web/HTTP/Status/403",2026-07-17T12:36:30.731620
francesoir,bd6t5130292c,,failed,0,0,,http_manifest,known,403,manifest,"Client error '403 ' for url 'https://openapiproext.bnf.fr/iiif/presentation/v3/ark:/12148/bd6t5130292c/manifest.json'
For more information check: https://developer.mozilla.org/en-US/docs/Web/HTTP/Status/403",2026-07-17T12:36:31.933719
francesoir,bd6t5130293r,,failed,0,0,,http_manifest,known,403,manifest,"Client error '403 ' for url 'https://openapiproext.bnf.fr/iiif/presentation/v3/ark:/12148/bd6t5130293r/manifest.json'
For more information check: https://developer.mozilla.org/en-US/docs/Web/HTTP/Status/403",2026-07-17T12:36:33.134766
francesoir,bd6t51302944,,failed,0,0,,http_manifest,known,403,manifest,"Client error '403 ' for url 'https://openapiproext.bnf.fr/iiif/presentation/v3/ark:/12148/bd6t51302944/manifest.json'
For more information check: https://developer.mozilla.org/en-US/docs/Web/HTTP/Status/403",2026-07-17T12:36:34.335364
francesoir,bd6t5130295h,,failed,0,0,,http_manifest,known,403,manifest,"Client error '403 ' for url 'https://openapiproext.bnf.fr/iiif/presentation/v3/ark:/12148/bd6t5130295h/manifest.json'
For more information check: https://developer.mozilla.org/en-US/docs/Web/HTTP/Status/403",2026-07-17T12:36:35.538252
francesoir,bd6t5130296w,,failed,0,0,,http_manifest,known,403,manifest,"Client error '403 ' for url 'https://openapiproext.bnf.fr/iiif/presentation/v3/ark:/12148/bd6t5130296w/manifest.json'
For more information check: https://developer.mozilla.org/en-US/docs/Web/HTTP/Status/403",2026-07-17T12:36:36.764316
francesoir,bd6t51302978,,failed,0,0,,http_manifest,known,403,manifest,"Client error '403 ' for url 'https://openapiproext.bnf.fr/iiif/presentation/v3/ark:/12148/bd6t51302978/manifest.json'
For more information check: https://developer.mozilla.org/en-US/docs/Web/HTTP/Status/403",2026-07-17T12:36:37.936981
francesoir,bd6t5130298n,,failed,0,0,,http_manifest,known,403,manifest,"Client error '403 ' for url 'https://openapiproext.bnf.fr/iiif/presentation/v3/ark:/12148/bd6t5130298n/manifest.json'
For more information check: https://developer.mozilla.org/en-US/docs/Web/HTTP/Status/403",2026-07-17T12:36:39.146749
francesoir,bd6t51302991,,failed,0,0,,http_manifest,known,403,manifest,"Client error '403 ' for url 'https://openapiproext.bnf.fr/iiif/presentation/v3/ark:/12148/bd6t51302991/manifest.json'
For more information check: https://developer.mozilla.org/en-US/docs/Web/HTTP/Status/403",2026-07-17T12:36:40.339948
francesoir,bd6t5130300t,,failed,0,0,,http_manifest,known,403,manifest,"Client error '403 ' for url 'https://openapiproext.bnf.fr/iiif/presentation/v3/ark:/12148/bd6t5130300t/manifest.json'
For more information check: https://developer.mozilla.org/en-US/docs/Web/HTTP/Status/403",2026-07-17T12:36:41.543639
francesoir,bd6t51303016,,failed,0,0,,http_manifest,known,403,manifest,"Client error '403 ' for url 'https://openapiproext.bnf.fr/iiif/presentation/v3/ark:/12148/bd6t51303016/manifest.json'
For more information check: https://developer.mozilla.org/en-US/docs/Web/HTTP/Status/403",2026-07-17T12:36:42.766259
francesoir,bd6t5130302k,,failed,0,0,,http_manifest,known,403,manifest,"Client error '403 ' for url 'https://openapiproext.bnf.fr/iiif/presentation/v3/ark:/12148/bd6t5130302k/manifest.json'
For more information check: https://developer.mozilla.org/en-US/docs/Web/HTTP/Status/403",2026-07-17T12:36:43.943829
francesoir,bd6t5130303z,,failed,0,0,,http_manifest,known,403,manifest,"Client error '403 ' for url 'https://openapiproext.bnf.fr/iiif/presentation/v3/ark:/12148/bd6t5130303z/manifest.json'
For more information check: https://developer.mozilla.org/en-US/docs/Web/HTTP/Status/403",2026-07-17T12:36:45.141011
francesoir,bd6t5130304b,,failed,0,0,,http_manifest,known,403,manifest,"Client error '403 ' for url 'https://openapiproext.bnf.fr/iiif/presentation/v3/ark:/12148/bd6t5130304b/manifest.json'
For more information check: https://developer.mozilla.org/en-US/docs/Web/HTTP/Status/403",2026-07-17T12:36:46.349121
francesoir,bd6t5130305q,,failed,0,0,,http_manifest,known,403,manifest,"Client error '403 ' for url 'https://openapiproext.bnf.fr/iiif/presentation/v3/ark:/12148/bd6t5130305q/manifest.json'
For more information check: https://developer.mozilla.org/en-US/docs/Web/HTTP/Status/403",2026-07-17T12:36:47.547462
francesoir,bd6t51303063,,failed,0,0,,http_manifest,known,403,manifest,"Client error '403 ' for url 'https://openapiproext.bnf.fr/iiif/presentation/v3/ark:/12148/bd6t51303063/manifest.json'
For more information check: https://developer.mozilla.org/en-US/docs/Web/HTTP/Status/403",2026-07-17T12:36:48.748719
francesoir,bd6t5130307g,,failed,0,0,,http_manifest,known,403,manifest,"Client error '403 ' for url 'https://openapiproext.bnf.fr/iiif/presentation/v3/ark:/12148/bd6t5130307g/manifest.json'
For more information check: https://developer.mozilla.org/en-US/docs/Web/HTTP/Status/403",2026-07-17T12:36:49.952173
francesoir,bd6t5130308v,,failed,0,0,,http_manifest,known,403,manifest,"Client error '403 ' for url 'https://openapiproext.bnf.fr/iiif/presentation/v3/ark:/12148/bd6t5130308v/manifest.json'
For more information check: https://developer.mozilla.org/en-US/docs/Web/HTTP/Status/403",2026-07-17T12:36:51.151735
francesoir,bd6t51303097,,failed,0,0,,http_manifest,known,403,manifest,"Client error '403 ' for url 'https://openapiproext.bnf.fr/iiif/presentation/v3/ark:/12148/bd6t51303097/manifest.json'
For more information check: https://developer.mozilla.org/en-US/docs/Web/HTTP/Status/403",2026-07-17T12:36:52.356515
francesoir,bd6t51303105,,failed,0,0,,http_manifest,known,403,manifest,"Client error '403 ' for url 'https://openapiproext.bnf.fr/iiif/presentation/v3/ark:/12148/bd6t51303105/manifest.json'
For more information check: https://developer.mozilla.org/en-US/docs/Web/HTTP/Status/403",2026-07-17T12:36:53.557352
francesoir,bd6t5130311j,,failed,0,0,,http_manifest,known,403,manifest,"Client error '403 ' for url 'https://openapiproext.bnf.fr/iiif/presentation/v3/ark:/12148/bd6t5130311j/manifest.json'
For more information check: https://developer.mozilla.org/en-US/docs/Web/HTTP/Status/403",2026-07-17T12:36:54.785235
francesoir,bd6t5130312x,,failed,0,0,,http_manifest,known,403,manifest,"Client error '403 ' for url 'https://openapiproext.bnf.fr/iiif/presentation/v3/ark:/12148/bd6t5130312x/manifest.json'
For more information check: https://developer.mozilla.org/en-US/docs/Web/HTTP/Status/403",2026-07-17T12:36:55.960840
francesoir,bd6t51303139,,failed,0,0,,http_manifest,known,403,manifest,"Client error '403 ' for url 'https://openapiproext.bnf.fr/iiif/presentation/v3/ark:/12148/bd6t51303139/manifest.json'
For more information check: https://developer.mozilla.org/en-US/docs/Web/HTTP/Status/403",2026-07-17T12:36:57.163061
francesoir,bd6t5130314p,,failed,0,0,,http_manifest,known,403,manifest,"Client error '403 ' for url 'https://openapiproext.bnf.fr/iiif/presentation/v3/ark:/12148/bd6t5130314p/manifest.json'
For more information check: https://developer.mozilla.org/en-US/docs/Web/HTTP/Status/403",2026-07-17T12:36:58.403516
francesoir,bd6t51303152,,failed,0,0,,http_manifest,known,403,manifest,"Client error '403 ' for url 'https://openapiproext.bnf.fr/iiif/presentation/v3/ark:/12148/bd6t51303152/manifest.json'
For more information check: https://developer.mozilla.org/en-US/docs/Web/HTTP/Status/403",2026-07-17T12:36:59.716545
francesoir,bd6t5130316f,,failed,0,0,,http_manifest,known,403,manifest,"Client error '403 ' for url 'https://openapiproext.bnf.fr/iiif/presentation/v3/ark:/12148/bd6t5130316f/manifest.json'
For more information check: https://developer.mozilla.org/en-US/docs/Web/HTTP/Status/403",2026-07-17T12:37:00.770892
francesoir,bd6t5130317t,,failed,0,0,,http_manifest,known,403,manifest,"Client error '403 ' for url 'https://openapiproext.bnf.fr/iiif/presentation/v3/ark:/12148/bd6t5130317t/manifest.json'
For more information check: https://developer.mozilla.org/en-US/docs/Web/HTTP/Status/403",2026-07-17T12:37:02.194708
francesoir,bd6t51303186,,failed,0,0,,http_manifest,known,403,manifest,"Client error '403 ' for url 'https://openapiproext.bnf.fr/iiif/presentation/v3/ark:/12148/bd6t51303186/manifest.json'
For more information check: https://developer.mozilla.org/en-US/docs/Web/HTTP/Status/403",2026-07-17T12:37:03.172186
francesoir,bd6t5130319k,,failed,0,0,,http_manifest,known,403,manifest,"Client error '403 ' for url 'https://openapiproext.bnf.fr/iiif/presentation/v3/ark:/12148/bd6t5130319k/manifest.json'
For more information check: https://developer.mozilla.org/en-US/docs/Web/HTTP/Status/403",2026-07-17T12:37:04.458052
francesoir,bd6t5130320h,,failed,0,0,,http_manifest,known,403,manifest,"Client error '403 ' for url 'https://openapiproext.bnf.fr/iiif/presentation/v3/ark:/12148/bd6t5130320h/manifest.json'
For more information check: https://developer.mozilla.org/en-US/docs/Web/HTTP/Status/403",2026-07-17T12:37:05.690592
francesoir,bd6t5130321w,,failed,0,0,,http_manifest,known,403,manifest,"Client error '403 ' for url 'https://openapiproext.bnf.fr/iiif/presentation/v3/ark:/12148/bd6t5130321w/manifest.json'
For more information check: https://developer.mozilla.org/en-US/docs/Web/HTTP/Status/403",2026-07-17T12:37:06.808203
francesoir,bd6t51303228,,failed,0,0,,http_manifest,known,403,manifest,"Client error '403 ' for url 'https://openapiproext.bnf.fr/iiif/presentation/v3/ark:/12148/bd6t51303228/manifest.json'
For more information check: https://developer.mozilla.org/en-US/docs/Web/HTTP/Status/403",2026-07-17T12:37:07.981224
francesoir,bd6t5130323n,,failed,0,0,,http_manifest,known,403,manifest,"Client error '403 ' for url 'https://openapiproext.bnf.fr/iiif/presentation/v3/ark:/12148/bd6t5130323n/manifest.json'
For more information check: https://developer.mozilla.org/en-US/docs/Web/HTTP/Status/403",2026-07-17T12:37:09.179706
francesoir,bd6t51303241,,failed,0,0,,http_manifest,known,403,manifest,"Client error '403 ' for url 'https://openapiproext.bnf.fr/iiif/presentation/v3/ark:/12148/bd6t51303241/manifest.json'
For more information check: https://developer.mozilla.org/en-US/docs/Web/HTTP/Status/403",2026-07-17T12:37:10.385237
francesoir,bd6t5130325d,,failed,0,0,,http_manifest,known,403,manifest,"Client error '403 ' for url 'https://openapiproext.bnf.fr/iiif/presentation/v3/ark:/12148/bd6t5130325d/manifest.json'
For more information check: https://developer.mozilla.org/en-US/docs/Web/HTTP/Status/403",2026-07-17T12:37:11.583470
francesoir,bd6t5130326s,,failed,0,0,,http_manifest,known,403,manifest,"Client error '403 ' for url 'https://openapiproext.bnf.fr/iiif/presentation/v3/ark:/12148/bd6t5130326s/manifest.json'
For more information check: https://developer.mozilla.org/en-US/docs/Web/HTTP/Status/403",2026-07-17T12:37:12.990451
francesoir,bd6t51303275,,failed,0,0,,http_manifest,known,403,manifest,"Client error '403 ' for url 'https://openapiproext.bnf.fr/iiif/presentation/v3/ark:/12148/bd6t51303275/manifest.json'
For more information check: https://developer.mozilla.org/en-US/docs/Web/HTTP/Status/403",2026-07-17T12:37:13.989916
francesoir,bd6t5130328j,,failed,0,0,,http_manifest,known,403,manifest,"Client error '403 ' for url 'https://openapiproext.bnf.fr/iiif/presentation/v3/ark:/12148/bd6t5130328j/manifest.json'
For more information check: https://developer.mozilla.org/en-US/docs/Web/HTTP/Status/403",2026-07-17T12:37:15.314646
francesoir,bd6t5130329x,,failed,0,0,,http_manifest,known,403,manifest,"Client error '403 ' for url 'https://openapiproext.bnf.fr/iiif/presentation/v3/ark:/12148/bd6t5130329x/manifest.json'
For more information check: https://developer.mozilla.org/en-US/docs/Web/HTTP/Status/403",2026-07-17T12:37:16.388640
francesoir,bd6t5130330v,,failed,0,0,,http_manifest,known,403,manifest,"Client error '403 ' for url 'https://openapiproext.bnf.fr/iiif/presentation/v3/ark:/12148/bd6t5130330v/manifest.json'
For more information check: https://developer.mozilla.org/en-US/docs/Web/HTTP/Status/403",2026-07-17T12:37:17.593246
francesoir,bd6t51303317,,failed,0,0,,http_manifest,known,403,manifest,"Client error '403 ' for url 'https://openapiproext.bnf.fr/iiif/presentation/v3/ark:/12148/bd6t51303317/manifest.json'
For more information check: https://developer.mozilla.org/en-US/docs/Web/HTTP/Status/403",2026-07-17T12:37:18.797900
francesoir,bd6t5130332m,,failed,0,0,,http_manifest,known,403,manifest,"Client error '403 ' for url 'https://openapiproext.bnf.fr/iiif/presentation/v3/ark:/12148/bd6t5130332m/manifest.json'
For more information check: https://developer.mozilla.org/en-US/docs/Web/HTTP/Status/403",2026-07-17T12:37:20.229815
francesoir,bd6t51303330,,failed,0,0,,http_manifest,known,403,manifest,"Client error '403 ' for url 'https://openapiproext.bnf.fr/iiif/presentation/v3/ark:/12148/bd6t51303330/manifest.json'
For more information check: https://developer.mozilla.org/en-US/docs/Web/HTTP/Status/403",2026-07-17T12:37:21.200399
francesoir,bd6t5130334c,,failed,0,0,,http_manifest,known,403,manifest,"Client error '403 ' for url 'https://openapiproext.bnf.fr/iiif/presentation/v3/ark:/12148/bd6t5130334c/manifest.json'
For more information check: https://developer.mozilla.org/en-US/docs/Web/HTTP/Status/403",2026-07-17T12:37:22.399817
francesoir,bd6t5130335r,,failed,0,0,,http_manifest,known,403,manifest,"Client error '403 ' for url 'https://openapiproext.bnf.fr/iiif/presentation/v3/ark:/12148/bd6t5130335r/manifest.json'
For more information check: https://developer.mozilla.org/en-US/docs/Web/HTTP/Status/403",2026-07-17T12:37:23.599431
francesoir,bd6t51303364,,failed,0,0,,http_manifest,known,403,manifest,"Client error '403 ' for url 'https://openapiproext.bnf.fr/iiif/presentation/v3/ark:/12148/bd6t51303364/manifest.json'
For more information check: https://developer.mozilla.org/en-US/docs/Web/HTTP/Status/403",2026-07-17T12:37:24.827007
francesoir,bd6t5130337h,,failed,0,0,,http_manifest,known,403,manifest,"Client error '403 ' for url 'https://openapiproext.bnf.fr/iiif/presentation/v3/ark:/12148/bd6t5130337h/manifest.json'
For more information check: https://developer.mozilla.org/en-US/docs/Web/HTTP/Status/403",2026-07-17T12:37:26.006313
francesoir,bd6t5130338w,,failed,0,0,,http_manifest,known,403,manifest,"Client error '403 ' for url 'https://openapiproext.bnf.fr/iiif/presentation/v3/ark:/12148/bd6t5130338w/manifest.json'
For more information check: https://developer.mozilla.org/en-US/docs/Web/HTTP/Status/403",2026-07-17T12:37:27.204627
francesoir,bd6t51303398,,failed,0,0,,http_manifest,known,403,manifest,"Client error '403 ' for url 'https://openapiproext.bnf.fr/iiif/presentation/v3/ark:/12148/bd6t51303398/manifest.json'
For more information check: https://developer.mozilla.org/en-US/docs/Web/HTTP/Status/403",2026-07-17T12:37:28.406071
francesoir,bd6t51303406,,failed,0,0,,http_manifest,known,403,manifest,"Client error '403 ' for url 'https://openapiproext.bnf.fr/iiif/presentation/v3/ark:/12148/bd6t51303406/manifest.json'
For more information check: https://developer.mozilla.org/en-US/docs/Web/HTTP/Status/403",2026-07-17T12:37:29.609998
francesoir,bd6t5130341k,,failed,0,0,,http_manifest,known,403,manifest,"Client error '403 ' for url 'https://openapiproext.bnf.fr/iiif/presentation/v3/ark:/12148/bd6t5130341k/manifest.json'
For more information check: https://developer.mozilla.org/en-US/docs/Web/HTTP/Status/403",2026-07-17T12:37:30.814232
francesoir,bd6t5130342z,,failed,0,0,,http_manifest,known,403,manifest,"Client error '403 ' for url 'https://openapiproext.bnf.fr/iiif/presentation/v3/ark:/12148/bd6t5130342z/manifest.json'
For more information check: https://developer.mozilla.org/en-US/docs/Web/HTTP/Status/403",2026-07-17T12:37:32.007695
francesoir,bd6t5130343b,,failed,0,0,,http_manifest,known,403,manifest,"Client error '403 ' for url 'https://openapiproext.bnf.fr/iiif/presentation/v3/ark:/12148/bd6t5130343b/manifest.json'
For more information check: https://developer.mozilla.org/en-US/docs/Web/HTTP/Status/403",2026-07-17T12:37:33.214929
francesoir,bd6t5130344q,,failed,0,0,,http_manifest,known,403,manifest,"Client error '403 ' for url 'https://openapiproext.bnf.fr/iiif/presentation/v3/ark:/12148/bd6t5130344q/manifest.json'
For more information check: https://developer.mozilla.org/en-US/docs/Web/HTTP/Status/403",2026-07-17T12:37:34.412841
francesoir,bd6t51303453,,failed,0,0,,http_manifest,known,403,manifest,"Client error '403 ' for url 'https://openapiproext.bnf.fr/iiif/presentation/v3/ark:/12148/bd6t51303453/manifest.json'
For more information check: https://developer.mozilla.org/en-US/docs/Web/HTTP/Status/403",2026-07-17T12:37:35.613574
francesoir,bd6t5130346g,,failed,0,0,,http_manifest,known,403,manifest,"Client error '403 ' for url 'https://openapiproext.bnf.fr/iiif/presentation/v3/ark:/12148/bd6t5130346g/manifest.json'
For more information check: https://developer.mozilla.org/en-US/docs/Web/HTTP/Status/403",2026-07-17T12:37:36.840085
francesoir,bd6t5130347v,,failed,0,0,,http_manifest,known,403,manifest,"Client error '403 ' for url 'https://openapiproext.bnf.fr/iiif/presentation/v3/ark:/12148/bd6t5130347v/manifest.json'
For more information check: https://developer.mozilla.org/en-US/docs/Web/HTTP/Status/403",2026-07-17T12:37:38.019321
francesoir,bd6t51303487,,failed,0,0,,http_manifest,known,403,manifest,"Client error '403 ' for url 'https://openapiproext.bnf.fr/iiif/presentation/v3/ark:/12148/bd6t51303487/manifest.json'
For more information check: https://developer.mozilla.org/en-US/docs/Web/HTTP/Status/403",2026-07-17T12:37:39.219828
francesoir,bd6t5130349m,,failed,0,0,,http_manifest,known,403,manifest,"Client error '403 ' for url 'https://openapiproext.bnf.fr/iiif/presentation/v3/ark:/12148/bd6t5130349m/manifest.json'
For more information check: https://developer.mozilla.org/en-US/docs/Web/HTTP/Status/403",2026-07-17T12:37:40.423305
francesoir,bd6t5130350j,,failed,0,0,,http_manifest,known,403,manifest,"Client error '403 ' for url 'https://openapiproext.bnf.fr/iiif/presentation/v3/ark:/12148/bd6t5130350j/manifest.json'
For more information check: https://developer.mozilla.org/en-US/docs/Web/HTTP/Status/403",2026-07-17T12:37:41.617499
francesoir,bd6t5130351x,,failed,0,0,,http_manifest,known,403,manifest,"Client error '403 ' for url 'https://openapiproext.bnf.fr/iiif/presentation/v3/ark:/12148/bd6t5130351x/manifest.json'
For more information check: https://developer.mozilla.org/en-US/docs/Web/HTTP/Status/403",2026-07-17T12:37:42.848299
francesoir,bd6t51303529,,failed,0,0,,http_manifest,known,403,manifest,"Client error '403 ' for url 'https://openapiproext.bnf.fr/iiif/presentation/v3/ark:/12148/bd6t51303529/manifest.json'
For more information check: https://developer.mozilla.org/en-US/docs/Web/HTTP/Status/403",2026-07-17T12:37:44.026581
francesoir,bd6t5130353p,,failed,0,0,,http_manifest,known,403,manifest,"Client error '403 ' for url 'https://openapiproext.bnf.fr/iiif/presentation/v3/ark:/12148/bd6t5130353p/manifest.json'
For more information check: https://developer.mozilla.org/en-US/docs/Web/HTTP/Status/403",2026-07-17T12:37:45.231061
francesoir,bd6t51303542,,failed,0,0,,http_manifest,known,403,manifest,"Client error '403 ' for url 'https://openapiproext.bnf.fr/iiif/presentation/v3/ark:/12148/bd6t51303542/manifest.json'
For more information check: https://developer.mozilla.org/en-US/docs/Web/HTTP/Status/403",2026-07-17T12:37:46.429827
francesoir,bd6t5130355f,,failed,0,0,,http_manifest,known,403,manifest,"Client error '403 ' for url 'https://openapiproext.bnf.fr/iiif/presentation/v3/ark:/12148/bd6t5130355f/manifest.json'
For more information check: https://developer.mozilla.org/en-US/docs/Web/HTTP/Status/403",2026-07-17T12:37:47.632504
francesoir,bd6t5130356t,,failed,0,0,,http_manifest,known,403,manifest,"Client error '403 ' for url 'https://openapiproext.bnf.fr/iiif/presentation/v3/ark:/12148/bd6t5130356t/manifest.json'
For more information check: https://developer.mozilla.org/en-US/docs/Web/HTTP/Status/403",2026-07-17T12:37:48.827229
francesoir,bd6t51303576,,failed,0,0,,http_manifest,known,403,manifest,"Client error '403 ' for url 'https://openapiproext.bnf.fr/iiif/presentation/v3/ark:/12148/bd6t51303576/manifest.json'
For more information check: https://developer.mozilla.org/en-US/docs/Web/HTTP/Status/403",2026-07-17T12:37:50.033096
francesoir,bd6t5130358k,,failed,0,0,,http_manifest,known,403,manifest,"Client error '403 ' for url 'https://openapiproext.bnf.fr/iiif/presentation/v3/ark:/12148/bd6t5130358k/manifest.json'
For more information check: https://developer.mozilla.org/en-US/docs/Web/HTTP/Status/403",2026-07-17T12:37:51.231709
francesoir,bd6t5130359z,,failed,0,0,,http_manifest,known,403,manifest,"Client error '403 ' for url 'https://openapiproext.bnf.fr/iiif/presentation/v3/ark:/12148/bd6t5130359z/manifest.json'
For more information check: https://developer.mozilla.org/en-US/docs/Web/HTTP/Status/403",2026-07-17T12:37:52.433827
francesoir,bd6t5130360w,,failed,0,0,,http_manifest,known,403,manifest,"Client error '403 ' for url 'https://openapiproext.bnf.fr/iiif/presentation/v3/ark:/12148/bd6t5130360w/manifest.json'
For more information check: https://developer.mozilla.org/en-US/docs/Web/HTTP/Status/403",2026-07-17T12:37:53.634631
francesoir,bd6t51303618,,failed,0,0,,http_manifest,known,403,manifest,"Client error '403 ' for url 'https://openapiproext.bnf.fr/iiif/presentation/v3/ark:/12148/bd6t51303618/manifest.json'
For more information check: https://developer.mozilla.org/en-US/docs/Web/HTTP/Status/403",2026-07-17T12:37:54.857546
francesoir,bd6t5130362n,,failed,0,0,,http_manifest,known,403,manifest,"Client error '403 ' for url 'https://openapiproext.bnf.fr/iiif/presentation/v3/ark:/12148/bd6t5130362n/manifest.json'
For more information check: https://developer.mozilla.org/en-US/docs/Web/HTTP/Status/403",2026-07-17T12:37:56.038364
francesoir,bd6t51303631,,failed,0,0,,http_manifest,known,403,manifest,"Client error '403 ' for url 'https://openapiproext.bnf.fr/iiif/presentation/v3/ark:/12148/bd6t51303631/manifest.json'
For more information check: https://developer.mozilla.org/en-US/docs/Web/HTTP/Status/403",2026-07-17T12:37:57.237756
francesoir,bd6t5130364d,,failed,0,0,,http_manifest,known,403,manifest,"Client error '403 ' for url 'https://openapiproext.bnf.fr/iiif/presentation/v3/ark:/12148/bd6t5130364d/manifest.json'
For more information check: https://developer.mozilla.org/en-US/docs/Web/HTTP/Status/403",2026-07-17T12:37:58.445715
francesoir,bd6t5130365s,,failed,0,0,,http_manifest,known,403,manifest,"Client error '403 ' for url 'https://openapiproext.bnf.fr/iiif/presentation/v3/ark:/12148/bd6t5130365s/manifest.json'
For more information check: https://developer.mozilla.org/en-US/docs/Web/HTTP/Status/403",2026-07-17T12:37:59.719668
francesoir,bd6t51303665,,failed,0,0,,http_manifest,known,403,manifest,"Client error '403 ' for url 'https://openapiproext.bnf.fr/iiif/presentation/v3/ark:/12148/bd6t51303665/manifest.json'
For more information check: https://developer.mozilla.org/en-US/docs/Web/HTTP/Status/403",2026-07-17T12:38:00.851975
francesoir,bd6t5130367j,,failed,0,0,,http_manifest,known,403,manifest,"Client error '403 ' for url 'https://openapiproext.bnf.fr/iiif/presentation/v3/ark:/12148/bd6t5130367j/manifest.json'
For more information check: https://developer.mozilla.org/en-US/docs/Web/HTTP/Status/403",2026-07-17T12:38:02.261281
francesoir,bd6t5130368x,,failed,0,0,,http_manifest,known,403,manifest,"Client error '403 ' for url 'https://openapiproext.bnf.fr/iiif/presentation/v3/ark:/12148/bd6t5130368x/manifest.json'
For more information check: https://developer.mozilla.org/en-US/docs/Web/HTTP/Status/403",2026-07-17T12:38:03.249559
francesoir,bd6t51303699,,failed,0,0,,http_manifest,known,403,manifest,"Client error '403 ' for url 'https://openapiproext.bnf.fr/iiif/presentation/v3/ark:/12148/bd6t51303699/manifest.json'
For more information check: https://developer.mozilla.org/en-US/docs/Web/HTTP/Status/403",2026-07-17T12:38:04.568110
francesoir,bd6t51303707,,failed,0,0,,http_manifest,known,403,manifest,"Client error '403 ' for url 'https://openapiproext.bnf.fr/iiif/presentation/v3/ark:/12148/bd6t51303707/manifest.json'
For more information check: https://developer.mozilla.org/en-US/docs/Web/HTTP/Status/403",2026-07-17T12:38:05.730124
francesoir,bd6t5130371m,,failed,0,0,,http_manifest,known,403,manifest,"Client error '403 ' for url 'https://openapiproext.bnf.fr/iiif/presentation/v3/ark:/12148/bd6t5130371m/manifest.json'
For more information check: https://developer.mozilla.org/en-US/docs/Web/HTTP/Status/403",2026-07-17T12:38:07.044261
francesoir,bd6t51303720,,failed,0,0,,http_manifest,known,403,manifest,"Client error '403 ' for url 'https://openapiproext.bnf.fr/iiif/presentation/v3/ark:/12148/bd6t51303720/manifest.json'
For more information check: https://developer.mozilla.org/en-US/docs/Web/HTTP/Status/403",2026-07-17T12:38:08.072567
francesoir,bd6t5130373c,,failed,0,0,,http_manifest,known,403,manifest,"Client error '403 ' for url 'https://openapiproext.bnf.fr/iiif/presentation/v3/ark:/12148/bd6t5130373c/manifest.json'
For more information check: https://developer.mozilla.org/en-US/docs/Web/HTTP/Status/403",2026-07-17T12:38:09.314879
francesoir,bd6t5130374r,,failed,0,0,,http_manifest,known,403,manifest,"Client error '403 ' for url 'https://openapiproext.bnf.fr/iiif/presentation/v3/ark:/12148/bd6t5130374r/manifest.json'
For more information check: https://developer.mozilla.org/en-US/docs/Web/HTTP/Status/403",2026-07-17T12:38:10.453662
francesoir,bd6t51303754,,failed,0,0,,http_manifest,known,403,manifest,"Client error '403 ' for url 'https://openapiproext.bnf.fr/iiif/presentation/v3/ark:/12148/bd6t51303754/manifest.json'
For more information check: https://developer.mozilla.org/en-US/docs/Web/HTTP/Status/403",2026-07-17T12:38:11.660471
francesoir,bd6t5130376h,,failed,0,0,,http_manifest,known,403,manifest,"Client error '403 ' for url 'https://openapiproext.bnf.fr/iiif/presentation/v3/ark:/12148/bd6t5130376h/manifest.json'
For more information check: https://developer.mozilla.org/en-US/docs/Web/HTTP/Status/403",2026-07-17T12:38:12.883194
francesoir,bd6t5130377w,,failed,0,0,,http_manifest,known,403,manifest,"Client error '403 ' for url 'https://openapiproext.bnf.fr/iiif/presentation/v3/ark:/12148/bd6t5130377w/manifest.json'
For more information check: https://developer.mozilla.org/en-US/docs/Web/HTTP/Status/403",2026-07-17T12:38:14.211108
francesoir,bd6t51303788,,failed,0,0,,http_manifest,known,403,manifest,"Client error '403 ' for url 'https://openapiproext.bnf.fr/iiif/presentation/v3/ark:/12148/bd6t51303788/manifest.json'
For more information check: https://developer.mozilla.org/en-US/docs/Web/HTTP/Status/403",2026-07-17T12:38:15.259331
francesoir,bd6t5130379n,,failed,0,0,,http_manifest,known,403,manifest,"Client error '403 ' for url 'https://openapiproext.bnf.fr/iiif/presentation/v3/ark:/12148/bd6t5130379n/manifest.json'
For more information check: https://developer.mozilla.org/en-US/docs/Web/HTTP/Status/403",2026-07-17T12:38:16.566064
francesoir,bd6t5130380k,,failed,0,0,,http_manifest,known,403,manifest,"Client error '403 ' for url 'https://openapiproext.bnf.fr/iiif/presentation/v3/ark:/12148/bd6t5130380k/manifest.json'
For more information check: https://developer.mozilla.org/en-US/docs/Web/HTTP/Status/403",2026-07-17T12:38:17.664083
francesoir,bd6t5130381z,,failed,0,0,,http_manifest,known,403,manifest,"Client error '403 ' for url 'https://openapiproext.bnf.fr/iiif/presentation/v3/ark:/12148/bd6t5130381z/manifest.json'
For more information check: https://developer.mozilla.org/en-US/docs/Web/HTTP/Status/403",2026-07-17T12:38:18.891395
francesoir,bd6t5130382b,,failed,0,0,,http_manifest,known,403,manifest,"Client error '403 ' for url 'https://openapiproext.bnf.fr/iiif/presentation/v3/ark:/12148/bd6t5130382b/manifest.json'
For more information check: https://developer.mozilla.org/en-US/docs/Web/HTTP/Status/403",2026-07-17T12:38:20.069200
francesoir,bd6t5130383q,,failed,0,0,,http_manifest,known,403,manifest,"Client error '403 ' for url 'https://openapiproext.bnf.fr/iiif/presentation/v3/ark:/12148/bd6t5130383q/manifest.json'
For more information check: https://developer.mozilla.org/en-US/docs/Web/HTTP/Status/403",2026-07-17T12:38:21.269206
francesoir,bd6t51303843,,failed,0,0,,http_manifest,known,403,manifest,"Client error '403 ' for url 'https://openapiproext.bnf.fr/iiif/presentation/v3/ark:/12148/bd6t51303843/manifest.json'
For more information check: https://developer.mozilla.org/en-US/docs/Web/HTTP/Status/403",2026-07-17T12:38:22.481543
francesoir,bd6t5130385g,,failed,0,0,,http_manifest,known,403,manifest,"Client error '403 ' for url 'https://openapiproext.bnf.fr/iiif/presentation/v3/ark:/12148/bd6t5130385g/manifest.json'
For more information check: https://developer.mozilla.org/en-US/docs/Web/HTTP/Status/403",2026-07-17T12:38:23.676418
francesoir,bd6t5130386v,,failed,0,0,,http_manifest,known,403,manifest,"Client error '403 ' for url 'https://openapiproext.bnf.fr/iiif/presentation/v3/ark:/12148/bd6t5130386v/manifest.json'
For more information check: https://developer.mozilla.org/en-US/docs/Web/HTTP/Status/403",2026-07-17T12:38:24.885557
francesoir,bd6t51303877,,failed,0,0,,http_manifest,known,403,manifest,"Client error '403 ' for url 'https://openapiproext.bnf.fr/iiif/presentation/v3/ark:/12148/bd6t51303877/manifest.json'
For more information check: https://developer.mozilla.org/en-US/docs/Web/HTTP/Status/403",2026-07-17T12:38:26.079102
francesoir,bd6t5130388m,,failed,0,0,,http_manifest,known,403,manifest,"Client error '403 ' for url 'https://openapiproext.bnf.fr/iiif/presentation/v3/ark:/12148/bd6t5130388m/manifest.json'
For more information check: https://developer.mozilla.org/en-US/docs/Web/HTTP/Status/403",2026-07-17T12:38:27.279266
francesoir,bd6t51303890,,failed,0,0,,http_manifest,known,403,manifest,"Client error '403 ' for url 'https://openapiproext.bnf.fr/iiif/presentation/v3/ark:/12148/bd6t51303890/manifest.json'
For more information check: https://developer.mozilla.org/en-US/docs/Web/HTTP/Status/403",2026-07-17T12:38:28.480137
francesoir,bd6t5128524m,,failed,0,0,,http_manifest,known,403,manifest,"Client error '403 ' for url 'https://openapiproext.bnf.fr/iiif/presentation/v3/ark:/12148/bd6t5128524m/manifest.json'
For more information check: https://developer.mozilla.org/en-US/docs/Web/HTTP/Status/403",2026-07-17T12:38:29.680193
francesoir,bd6t51285250,,failed,0,0,,http_manifest,known,403,manifest,"Client error '403 ' for url 'https://openapiproext.bnf.fr/iiif/presentation/v3/ark:/12148/bd6t51285250/manifest.json'
For more information check: https://developer.mozilla.org/en-US/docs/Web/HTTP/Status/403",2026-07-17T12:38:30.895265
francesoir,bd6t5128526c,,failed,0,0,,http_manifest,known,403,manifest,"Client error '403 ' for url 'https://openapiproext.bnf.fr/iiif/presentation/v3/ark:/12148/bd6t5128526c/manifest.json'
For more information check: https://developer.mozilla.org/en-US/docs/Web/HTTP/Status/403",2026-07-17T12:38:32.082757
francesoir,bd6t5128527r,,failed,0,0,,http_manifest,known,403,manifest,"Client error '403 ' for url 'https://openapiproext.bnf.fr/iiif/presentation/v3/ark:/12148/bd6t5128527r/manifest.json'
For more information check: https://developer.mozilla.org/en-US/docs/Web/HTTP/Status/403",2026-07-17T12:38:33.289866
francesoir,bd6t51285284,,failed,0,0,,http_manifest,known,403,manifest,"Client error '403 ' for url 'https://openapiproext.bnf.fr/iiif/presentation/v3/ark:/12148/bd6t51285284/manifest.json'
For more information check: https://developer.mozilla.org/en-US/docs/Web/HTTP/Status/403",2026-07-17T12:38:34.495127
francesoir,bd6t5128529h,,failed,0,0,,http_manifest,known,403,manifest,"Client error '403 ' for url 'https://openapiproext.bnf.fr/iiif/presentation/v3/ark:/12148/bd6t5128529h/manifest.json'
For more information check: https://developer.mozilla.org/en-US/docs/Web/HTTP/Status/403",2026-07-17T12:38:35.689861
francesoir,bd6t5128530f,,failed,0,0,,http_manifest,known,403,manifest,"Client error '403 ' for url 'https://openapiproext.bnf.fr/iiif/presentation/v3/ark:/12148/bd6t5128530f/manifest.json'
For more information check: https://developer.mozilla.org/en-US/docs/Web/HTTP/Status/403",2026-07-17T12:38:36.904410
francesoir,bd6t5128531t,,failed,0,0,,http_manifest,known,403,manifest,"Client error '403 ' for url 'https://openapiproext.bnf.fr/iiif/presentation/v3/ark:/12148/bd6t5128531t/manifest.json'
For more information check: https://developer.mozilla.org/en-US/docs/Web/HTTP/Status/403",2026-07-17T12:38:38.093774
francesoir,bd6t51285326,,failed,0,0,,http_manifest,known,403,manifest,"Client error '403 ' for url 'https://openapiproext.bnf.fr/iiif/presentation/v3/ark:/12148/bd6t51285326/manifest.json'
For more information check: https://developer.mozilla.org/en-US/docs/Web/HTTP/Status/403",2026-07-17T12:38:39.294269
francesoir,bd6t5128533k,,failed,0,0,,http_manifest,known,403,manifest,"Client error '403 ' for url 'https://openapiproext.bnf.fr/iiif/presentation/v3/ark:/12148/bd6t5128533k/manifest.json'
For more information check: https://developer.mozilla.org/en-US/docs/Web/HTTP/Status/403",2026-07-17T12:38:40.499603
francesoir,bd6t5128534z,,failed,0,0,,http_manifest,known,403,manifest,"Client error '403 ' for url 'https://openapiproext.bnf.fr/iiif/presentation/v3/ark:/12148/bd6t5128534z/manifest.json'
For more information check: https://developer.mozilla.org/en-US/docs/Web/HTTP/Status/403",2026-07-17T12:38:41.701429
francesoir,bd6t5128535b,,failed,0,0,,http_manifest,known,403,manifest,"Client error '403 ' for url 'https://openapiproext.bnf.fr/iiif/presentation/v3/ark:/12148/bd6t5128535b/manifest.json'
For more information check: https://developer.mozilla.org/en-US/docs/Web/HTTP/Status/403",2026-07-17T12:38:43.020875
francesoir,bd6t5128536q,,failed,0,0,,http_manifest,known,403,manifest,"Client error '403 ' for url 'https://openapiproext.bnf.fr/iiif/presentation/v3/ark:/12148/bd6t5128536q/manifest.json'
For more information check: https://developer.mozilla.org/en-US/docs/Web/HTTP/Status/403",2026-07-17T12:38:44.104563
francesoir,bd6t51285373,,failed,0,0,,http_manifest,known,403,manifest,"Client error '403 ' for url 'https://openapiproext.bnf.fr/iiif/presentation/v3/ark:/12148/bd6t51285373/manifest.json'
For more information check: https://developer.mozilla.org/en-US/docs/Web/HTTP/Status/403",2026-07-17T12:38:45.303595
francesoir,bd6t5128538g,,failed,0,0,,http_manifest,known,403,manifest,"Client error '403 ' for url 'https://openapiproext.bnf.fr/iiif/presentation/v3/ark:/12148/bd6t5128538g/manifest.json'
For more information check: https://developer.mozilla.org/en-US/docs/Web/HTTP/Status/403",2026-07-17T12:38:46.507563
francesoir,bd6t5128539v,,failed,0,0,,http_manifest,known,403,manifest,"Client error '403 ' for url 'https://openapiproext.bnf.fr/iiif/presentation/v3/ark:/12148/bd6t5128539v/manifest.json'
For more information check: https://developer.mozilla.org/en-US/docs/Web/HTTP/Status/403",2026-07-17T12:38:47.708367
francesoir,bd6t5128540s,,failed,0,0,,http_manifest,known,403,manifest,"Client error '403 ' for url 'https://openapiproext.bnf.fr/iiif/presentation/v3/ark:/12148/bd6t5128540s/manifest.json'
For more information check: https://developer.mozilla.org/en-US/docs/Web/HTTP/Status/403",2026-07-17T12:38:48.932320
francesoir,bd6t51285415,,failed,0,0,,http_manifest,known,403,manifest,"Client error '403 ' for url 'https://openapiproext.bnf.fr/iiif/presentation/v3/ark:/12148/bd6t51285415/manifest.json'
For more information check: https://developer.mozilla.org/en-US/docs/Web/HTTP/Status/403",2026-07-17T12:38:50.108122
francesoir,bd6t5128542j,,failed,0,0,,http_manifest,known,403,manifest,"Client error '403 ' for url 'https://openapiproext.bnf.fr/iiif/presentation/v3/ark:/12148/bd6t5128542j/manifest.json'
For more information check: https://developer.mozilla.org/en-US/docs/Web/HTTP/Status/403",2026-07-17T12:38:51.316884
francesoir,bd6t5128543x,,failed,0,0,,http_manifest,known,403,manifest,"Client error '403 ' for url 'https://openapiproext.bnf.fr/iiif/presentation/v3/ark:/12148/bd6t5128543x/manifest.json'
For more information check: https://developer.mozilla.org/en-US/docs/Web/HTTP/Status/403",2026-07-17T12:38:52.513104
francesoir,bd6t51285449,,failed,0,0,,http_manifest,known,403,manifest,"Client error '403 ' for url 'https://openapiproext.bnf.fr/iiif/presentation/v3/ark:/12148/bd6t51285449/manifest.json'
For more information check: https://developer.mozilla.org/en-US/docs/Web/HTTP/Status/403",2026-07-17T12:38:53.714206
francesoir,bd6t5128545p,,failed,0,0,,http_manifest,known,403,manifest,"Client error '403 ' for url 'https://openapiproext.bnf.fr/iiif/presentation/v3/ark:/12148/bd6t5128545p/manifest.json'
For more information check: https://developer.mozilla.org/en-US/docs/Web/HTTP/Status/403",2026-07-17T12:38:54.920027
francesoir,bd6t51285462,,failed,0,0,,http_manifest,known,403,manifest,"Client error '403 ' for url 'https://openapiproext.bnf.fr/iiif/presentation/v3/ark:/12148/bd6t51285462/manifest.json'
For more information check: https://developer.mozilla.org/en-US/docs/Web/HTTP/Status/403",2026-07-17T12:38:56.120884
francesoir,bd6t5128547f,,failed,0,0,,http_manifest,known,403,manifest,"Client error '403 ' for url 'https://openapiproext.bnf.fr/iiif/presentation/v3/ark:/12148/bd6t5128547f/manifest.json'
For more information check: https://developer.mozilla.org/en-US/docs/Web/HTTP/Status/403",2026-07-17T12:38:57.323969
francesoir,bd6t5128548t,,failed,0,0,,http_manifest,known,403,manifest,"Client error '403 ' for url 'https://openapiproext.bnf.fr/iiif/presentation/v3/ark:/12148/bd6t5128548t/manifest.json'
For more information check: https://developer.mozilla.org/en-US/docs/Web/HTTP/Status/403",2026-07-17T12:38:58.730232
francesoir,bd6t51285496,,failed,0,0,,http_manifest,known,403,manifest,"Client error '403 ' for url 'https://openapiproext.bnf.fr/iiif/presentation/v3/ark:/12148/bd6t51285496/manifest.json'
For more information check: https://developer.mozilla.org/en-US/docs/Web/HTTP/Status/403",2026-07-17T12:38:59.946762
francesoir,bd6t51285504,,failed,0,0,,http_manifest,known,403,manifest,"Client error '403 ' for url 'https://openapiproext.bnf.fr/iiif/presentation/v3/ark:/12148/bd6t51285504/manifest.json'
For more information check: https://developer.mozilla.org/en-US/docs/Web/HTTP/Status/403",2026-07-17T12:39:01.087007
francesoir,bd6t5128551h,,failed,0,0,,http_manifest,known,403,manifest,"Client error '403 ' for url 'https://openapiproext.bnf.fr/iiif/presentation/v3/ark:/12148/bd6t5128551h/manifest.json'
For more information check: https://developer.mozilla.org/en-US/docs/Web/HTTP/Status/403",2026-07-17T12:39:02.135702
francesoir,bd6t5128552w,,failed,0,0,,http_manifest,known,403,manifest,"Client error '403 ' for url 'https://openapiproext.bnf.fr/iiif/presentation/v3/ark:/12148/bd6t5128552w/manifest.json'
For more information check: https://developer.mozilla.org/en-US/docs/Web/HTTP/Status/403",2026-07-17T12:39:03.329848
francesoir,bd6t51285538,,failed,0,0,,http_manifest,known,403,manifest,"Client error '403 ' for url 'https://openapiproext.bnf.fr/iiif/presentation/v3/ark:/12148/bd6t51285538/manifest.json'
For more information check: https://developer.mozilla.org/en-US/docs/Web/HTTP/Status/403",2026-07-17T12:39:04.707278
francesoir,bd6t5128554n,,failed,0,0,,http_manifest,known,403,manifest,"Client error '403 ' for url 'https://openapiproext.bnf.fr/iiif/presentation/v3/ark:/12148/bd6t5128554n/manifest.json'
For more information check: https://developer.mozilla.org/en-US/docs/Web/HTTP/Status/403",2026-07-17T12:39:05.850434
francesoir,bd6t51285551,,failed,0,0,,http_manifest,known,403,manifest,"Client error '403 ' for url 'https://openapiproext.bnf.fr/iiif/presentation/v3/ark:/12148/bd6t51285551/manifest.json'
For more information check: https://developer.mozilla.org/en-US/docs/Web/HTTP/Status/403",2026-07-17T12:39:06.930344
francesoir,bd6t5128556d,,failed,0,0,,http_manifest,known,403,manifest,"Client error '403 ' for url 'https://openapiproext.bnf.fr/iiif/presentation/v3/ark:/12148/bd6t5128556d/manifest.json'
For more information check: https://developer.mozilla.org/en-US/docs/Web/HTTP/Status/403",2026-07-17T12:39:08.133510
francesoir,bd6t5128557s,,failed,0,0,,http_manifest,known,403,manifest,"Client error '403 ' for url 'https://openapiproext.bnf.fr/iiif/presentation/v3/ark:/12148/bd6t5128557s/manifest.json'
For more information check: https://developer.mozilla.org/en-US/docs/Web/HTTP/Status/403",2026-07-17T12:39:09.334719
francesoir,bd6t51285585,,failed,0,0,,http_manifest,known,403,manifest,"Client error '403 ' for url 'https://openapiproext.bnf.fr/iiif/presentation/v3/ark:/12148/bd6t51285585/manifest.json'
For more information check: https://developer.mozilla.org/en-US/docs/Web/HTTP/Status/403",2026-07-17T12:39:10.545925
francesoir,bd6t5128559j,,failed,0,0,,http_manifest,known,403,manifest,"Client error '403 ' for url 'https://openapiproext.bnf.fr/iiif/presentation/v3/ark:/12148/bd6t5128559j/manifest.json'
For more information check: https://developer.mozilla.org/en-US/docs/Web/HTTP/Status/403",2026-07-17T12:39:11.789711
francesoir,bd6t5128560g,,failed,0,0,,http_manifest,known,403,manifest,"Client error '403 ' for url 'https://openapiproext.bnf.fr/iiif/presentation/v3/ark:/12148/bd6t5128560g/manifest.json'
For more information check: https://developer.mozilla.org/en-US/docs/Web/HTTP/Status/403",2026-07-17T12:39:12.937201
francesoir,bd6t5128561v,,failed,0,0,,http_manifest,known,403,manifest,"Client error '403 ' for url 'https://openapiproext.bnf.fr/iiif/presentation/v3/ark:/12148/bd6t5128561v/manifest.json'
For more information check: https://developer.mozilla.org/en-US/docs/Web/HTTP/Status/403",2026-07-17T12:39:14.407925
francesoir,bd6t51285627,,failed,0,0,,http_manifest,known,403,manifest,"Client error '403 ' for url 'https://openapiproext.bnf.fr/iiif/presentation/v3/ark:/12148/bd6t51285627/manifest.json'
For more information check: https://developer.mozilla.org/en-US/docs/Web/HTTP/Status/403",2026-07-17T12:39:15.342457
francesoir,bd6t5128563m,,failed,0,0,,http_manifest,known,403,manifest,"Client error '403 ' for url 'https://openapiproext.bnf.fr/iiif/presentation/v3/ark:/12148/bd6t5128563m/manifest.json'
For more information check: https://developer.mozilla.org/en-US/docs/Web/HTTP/Status/403",2026-07-17T12:39:16.715261
francesoir,bd6t51285640,,failed,0,0,,http_manifest,known,403,manifest,"Client error '403 ' for url 'https://openapiproext.bnf.fr/iiif/presentation/v3/ark:/12148/bd6t51285640/manifest.json'
For more information check: https://developer.mozilla.org/en-US/docs/Web/HTTP/Status/403",2026-07-17T12:39:17.850745
francesoir,bd6t5128565c,,failed,0,0,,http_manifest,known,403,manifest,"Client error '403 ' for url 'https://openapiproext.bnf.fr/iiif/presentation/v3/ark:/12148/bd6t5128565c/manifest.json'
For more information check: https://developer.mozilla.org/en-US/docs/Web/HTTP/Status/403",2026-07-17T12:39:18.951166
francesoir,bd6t5128566r,,failed,0,0,,http_manifest,known,403,manifest,"Client error '403 ' for url 'https://openapiproext.bnf.fr/iiif/presentation/v3/ark:/12148/bd6t5128566r/manifest.json'
For more information check: https://developer.mozilla.org/en-US/docs/Web/HTTP/Status/403",2026-07-17T12:39:20.148366
francesoir,bd6t51285674,,failed,0,0,,http_manifest,known,403,manifest,"Client error '403 ' for url 'https://openapiproext.bnf.fr/iiif/presentation/v3/ark:/12148/bd6t51285674/manifest.json'
For more information check: https://developer.mozilla.org/en-US/docs/Web/HTTP/Status/403",2026-07-17T12:39:21.445288
francesoir,bd6t5128568h,,failed,0,0,,http_manifest,known,403,manifest,"Client error '403 ' for url 'https://openapiproext.bnf.fr/iiif/presentation/v3/ark:/12148/bd6t5128568h/manifest.json'
For more information check: https://developer.mozilla.org/en-US/docs/Web/HTTP/Status/403",2026-07-17T12:39:22.551408
francesoir,bd6t5128569w,,failed,0,0,,http_manifest,known,403,manifest,"Client error '403 ' for url 'https://openapiproext.bnf.fr/iiif/presentation/v3/ark:/12148/bd6t5128569w/manifest.json'
For more information check: https://developer.mozilla.org/en-US/docs/Web/HTTP/Status/403",2026-07-17T12:39:23.759073
francesoir,bd6t5128570t,,failed,0,0,,http_manifest,known,403,manifest,"Client error '403 ' for url 'https://openapiproext.bnf.fr/iiif/presentation/v3/ark:/12148/bd6t5128570t/manifest.json'
For more information check: https://developer.mozilla.org/en-US/docs/Web/HTTP/Status/403",2026-07-17T12:39:24.951305
francesoir,bd6t51285716,,failed,0,0,,http_manifest,known,403,manifest,"Client error '403 ' for url 'https://openapiproext.bnf.fr/iiif/presentation/v3/ark:/12148/bd6t51285716/manifest.json'
For more information check: https://developer.mozilla.org/en-US/docs/Web/HTTP/Status/403",2026-07-17T12:39:26.154625
francesoir,bd6t5128572k,,failed,0,0,,http_manifest,known,403,manifest,"Client error '403 ' for url 'https://openapiproext.bnf.fr/iiif/presentation/v3/ark:/12148/bd6t5128572k/manifest.json'
For more information check: https://developer.mozilla.org/en-US/docs/Web/HTTP/Status/403",2026-07-17T12:39:27.358106
francesoir,bd6t5128573z,,failed,0,0,,http_manifest,known,403,manifest,"Client error '403 ' for url 'https://openapiproext.bnf.fr/iiif/presentation/v3/ark:/12148/bd6t5128573z/manifest.json'
For more information check: https://developer.mozilla.org/en-US/docs/Web/HTTP/Status/403",2026-07-17T12:39:28.558611
francesoir,bd6t5128574b,,failed,0,0,,http_manifest,known,403,manifest,"Client error '403 ' for url 'https://openapiproext.bnf.fr/iiif/presentation/v3/ark:/12148/bd6t5128574b/manifest.json'
For more information check: https://developer.mozilla.org/en-US/docs/Web/HTTP/Status/403",2026-07-17T12:39:29.776744
francesoir,bd6t5128575q,,failed,0,0,,http_manifest,known,403,manifest,"Client error '403 ' for url 'https://openapiproext.bnf.fr/iiif/presentation/v3/ark:/12148/bd6t5128575q/manifest.json'
For more information check: https://developer.mozilla.org/en-US/docs/Web/HTTP/Status/403",2026-07-17T12:39:30.957831
francesoir,bd6t51285763,,failed,0,0,,http_manifest,known,403,manifest,"Client error '403 ' for url 'https://openapiproext.bnf.fr/iiif/presentation/v3/ark:/12148/bd6t51285763/manifest.json'
For more information check: https://developer.mozilla.org/en-US/docs/Web/HTTP/Status/403",2026-07-17T12:39:32.159890
francesoir,bd6t5128577g,,failed,0,0,,http_manifest,known,403,manifest,"Client error '403 ' for url 'https://openapiproext.bnf.fr/iiif/presentation/v3/ark:/12148/bd6t5128577g/manifest.json'
For more information check: https://developer.mozilla.org/en-US/docs/Web/HTTP/Status/403",2026-07-17T12:39:33.367687
francesoir,bd6t5128578v,,failed,0,0,,http_manifest,known,403,manifest,"Client error '403 ' for url 'https://openapiproext.bnf.fr/iiif/presentation/v3/ark:/12148/bd6t5128578v/manifest.json'
For more information check: https://developer.mozilla.org/en-US/docs/Web/HTTP/Status/403",2026-07-17T12:39:34.568128
francesoir,bd6t51285797,,failed,0,0,,http_manifest,known,403,manifest,"Client error '403 ' for url 'https://openapiproext.bnf.fr/iiif/presentation/v3/ark:/12148/bd6t51285797/manifest.json'
For more information check: https://developer.mozilla.org/en-US/docs/Web/HTTP/Status/403",2026-07-17T12:39:35.767815
francesoir,bd6t51285805,,failed,0,0,,http_manifest,known,403,manifest,"Client error '403 ' for url 'https://openapiproext.bnf.fr/iiif/presentation/v3/ark:/12148/bd6t51285805/manifest.json'
For more information check: https://developer.mozilla.org/en-US/docs/Web/HTTP/Status/403",2026-07-17T12:39:36.970254
francesoir,bd6t5128581j,,failed,0,0,,http_manifest,known,403,manifest,"Client error '403 ' for url 'https://openapiproext.bnf.fr/iiif/presentation/v3/ark:/12148/bd6t5128581j/manifest.json'
For more information check: https://developer.mozilla.org/en-US/docs/Web/HTTP/Status/403",2026-07-17T12:39:38.170511
francesoir,bd6t5128582x,,failed,0,0,,http_manifest,known,403,manifest,"Client error '403 ' for url 'https://openapiproext.bnf.fr/iiif/presentation/v3/ark:/12148/bd6t5128582x/manifest.json'
For more information check: https://developer.mozilla.org/en-US/docs/Web/HTTP/Status/403",2026-07-17T12:39:39.371217
francesoir,bd6t51285839,,failed,0,0,,http_manifest,known,403,manifest,"Client error '403 ' for url 'https://openapiproext.bnf.fr/iiif/presentation/v3/ark:/12148/bd6t51285839/manifest.json'
For more information check: https://developer.mozilla.org/en-US/docs/Web/HTTP/Status/403",2026-07-17T12:39:40.573077
francesoir,bd6t5128584p,,failed,0,0,,http_manifest,known,403,manifest,"Client error '403 ' for url 'https://openapiproext.bnf.fr/iiif/presentation/v3/ark:/12148/bd6t5128584p/manifest.json'
For more information check: https://developer.mozilla.org/en-US/docs/Web/HTTP/Status/403",2026-07-17T12:39:41.795607
francesoir,bd6t51285852,,failed,0,0,,http_manifest,known,403,manifest,"Client error '403 ' for url 'https://openapiproext.bnf.fr/iiif/presentation/v3/ark:/12148/bd6t51285852/manifest.json'
For more information check: https://developer.mozilla.org/en-US/docs/Web/HTTP/Status/403",2026-07-17T12:39:42.974599
francesoir,bd6t5128586f,,failed,0,0,,http_manifest,known,403,manifest,"Client error '403 ' for url 'https://openapiproext.bnf.fr/iiif/presentation/v3/ark:/12148/bd6t5128586f/manifest.json'
For more information check: https://developer.mozilla.org/en-US/docs/Web/HTTP/Status/403",2026-07-17T12:39:44.176869
francesoir,bd6t5128587t,,failed,0,0,,http_manifest,known,403,manifest,"Client error '403 ' for url 'https://openapiproext.bnf.fr/iiif/presentation/v3/ark:/12148/bd6t5128587t/manifest.json'
For more information check: https://developer.mozilla.org/en-US/docs/Web/HTTP/Status/403",2026-07-17T12:39:45.387048
francesoir,bd6t51285886,,failed,0,0,,http_manifest,known,403,manifest,"Client error '403 ' for url 'https://openapiproext.bnf.fr/iiif/presentation/v3/ark:/12148/bd6t51285886/manifest.json'
For more information check: https://developer.mozilla.org/en-US/docs/Web/HTTP/Status/403",2026-07-17T12:39:46.581062
francesoir,bd6t5128589k,,failed,0,0,,http_manifest,known,403,manifest,"Client error '403 ' for url 'https://openapiproext.bnf.fr/iiif/presentation/v3/ark:/12148/bd6t5128589k/manifest.json'
For more information check: https://developer.mozilla.org/en-US/docs/Web/HTTP/Status/403",2026-07-17T12:39:47.799241
francesoir,bd6t5128590h,,failed,0,0,,http_manifest,known,403,manifest,"Client error '403 ' for url 'https://openapiproext.bnf.fr/iiif/presentation/v3/ark:/12148/bd6t5128590h/manifest.json'
For more information check: https://developer.mozilla.org/en-US/docs/Web/HTTP/Status/403",2026-07-17T12:39:48.983879
francesoir,bd6t5128591w,,failed,0,0,,http_manifest,known,403,manifest,"Client error '403 ' for url 'https://openapiproext.bnf.fr/iiif/presentation/v3/ark:/12148/bd6t5128591w/manifest.json'
For more information check: https://developer.mozilla.org/en-US/docs/Web/HTTP/Status/403",2026-07-17T12:39:50.187343
francesoir,bd6t51285928,,failed,0,0,,http_manifest,known,403,manifest,"Client error '403 ' for url 'https://openapiproext.bnf.fr/iiif/presentation/v3/ark:/12148/bd6t51285928/manifest.json'
For more information check: https://developer.mozilla.org/en-US/docs/Web/HTTP/Status/403",2026-07-17T12:39:51.388019
francesoir,bd6t5128593n,,failed,0,0,,http_manifest,known,403,manifest,"Client error '403 ' for url 'https://openapiproext.bnf.fr/iiif/presentation/v3/ark:/12148/bd6t5128593n/manifest.json'
For more information check: https://developer.mozilla.org/en-US/docs/Web/HTTP/Status/403",2026-07-17T12:39:52.589753
francesoir,bd6t51285941,,failed,0,0,,http_manifest,known,403,manifest,"Client error '403 ' for url 'https://openapiproext.bnf.fr/iiif/presentation/v3/ark:/12148/bd6t51285941/manifest.json'
For more information check: https://developer.mozilla.org/en-US/docs/Web/HTTP/Status/403",2026-07-17T12:39:53.792900
francesoir,bd6t5128595d,,failed,0,0,,http_manifest,known,403,manifest,"Client error '403 ' for url 'https://openapiproext.bnf.fr/iiif/presentation/v3/ark:/12148/bd6t5128595d/manifest.json'
For more information check: https://developer.mozilla.org/en-US/docs/Web/HTTP/Status/403",2026-07-17T12:39:54.996209
francesoir,bd6t5128596s,,failed,0,0,,http_manifest,known,403,manifest,"Client error '403 ' for url 'https://openapiproext.bnf.fr/iiif/presentation/v3/ark:/12148/bd6t5128596s/manifest.json'
For more information check: https://developer.mozilla.org/en-US/docs/Web/HTTP/Status/403",2026-07-17T12:39:56.196978
francesoir,bd6t51285975,,failed,0,0,,http_manifest,known,403,manifest,"Client error '403 ' for url 'https://openapiproext.bnf.fr/iiif/presentation/v3/ark:/12148/bd6t51285975/manifest.json'
For more information check: https://developer.mozilla.org/en-US/docs/Web/HTTP/Status/403",2026-07-17T12:39:57.610470
francesoir,bd6t5128598j,,failed,0,0,,http_manifest,known,403,manifest,"Client error '403 ' for url 'https://openapiproext.bnf.fr/iiif/presentation/v3/ark:/12148/bd6t5128598j/manifest.json'
For more information check: https://developer.mozilla.org/en-US/docs/Web/HTTP/Status/403",2026-07-17T12:39:58.598907
francesoir,bd6t5128599x,,failed,0,0,,http_manifest,known,403,manifest,"Client error '403 ' for url 'https://openapiproext.bnf.fr/iiif/presentation/v3/ark:/12148/bd6t5128599x/manifest.json'
For more information check: https://developer.mozilla.org/en-US/docs/Web/HTTP/Status/403",2026-07-17T12:39:59.818367
francesoir,bd6t5128600q,,failed,0,0,,http_manifest,known,403,manifest,"Client error '403 ' for url 'https://openapiproext.bnf.fr/iiif/presentation/v3/ark:/12148/bd6t5128600q/manifest.json'
For more information check: https://developer.mozilla.org/en-US/docs/Web/HTTP/Status/403",2026-07-17T12:40:01.004655
francesoir,bd6t51286013,,failed,0,0,,http_manifest,known,403,manifest,"Client error '403 ' for url 'https://openapiproext.bnf.fr/iiif/presentation/v3/ark:/12148/bd6t51286013/manifest.json'
For more information check: https://developer.mozilla.org/en-US/docs/Web/HTTP/Status/403",2026-07-17T12:40:02.305984
francesoir,bd6t5128602g,,failed,0,0,,http_manifest,known,403,manifest,"Client error '403 ' for url 'https://openapiproext.bnf.fr/iiif/presentation/v3/ark:/12148/bd6t5128602g/manifest.json'
For more information check: https://developer.mozilla.org/en-US/docs/Web/HTTP/Status/403",2026-07-17T12:40:03.410176
francesoir,bd6t5128603v,,failed,0,0,,http_manifest,known,403,manifest,"Client error '403 ' for url 'https://openapiproext.bnf.fr/iiif/presentation/v3/ark:/12148/bd6t5128603v/manifest.json'
For more information check: https://developer.mozilla.org/en-US/docs/Web/HTTP/Status/403",2026-07-17T12:40:04.695010
francesoir,bd6t51286047,,failed,0,0,,http_manifest,known,403,manifest,"Client error '403 ' for url 'https://openapiproext.bnf.fr/iiif/presentation/v3/ark:/12148/bd6t51286047/manifest.json'
For more information check: https://developer.mozilla.org/en-US/docs/Web/HTTP/Status/403",2026-07-17T12:40:06.115777
francesoir,bd6t5128605m,,failed,0,0,,http_manifest,known,403,manifest,"Client error '403 ' for url 'https://openapiproext.bnf.fr/iiif/presentation/v3/ark:/12148/bd6t5128605m/manifest.json'
For more information check: https://developer.mozilla.org/en-US/docs/Web/HTTP/Status/403",2026-07-17T12:40:07.010311
francesoir,bd6t51286060,,failed,0,0,,http_manifest,known,403,manifest,"Client error '403 ' for url 'https://openapiproext.bnf.fr/iiif/presentation/v3/ark:/12148/bd6t51286060/manifest.json'
For more information check: https://developer.mozilla.org/en-US/docs/Web/HTTP/Status/403",2026-07-17T12:40:08.323417
francesoir,bd6t5128607c,,failed,0,0,,http_manifest,known,403,manifest,"Client error '403 ' for url 'https://openapiproext.bnf.fr/iiif/presentation/v3/ark:/12148/bd6t5128607c/manifest.json'
For more information check: https://developer.mozilla.org/en-US/docs/Web/HTTP/Status/403",2026-07-17T12:40:09.414723
francesoir,bd6t5128608r,,failed,0,0,,http_manifest,known,403,manifest,"Client error '403 ' for url 'https://openapiproext.bnf.fr/iiif/presentation/v3/ark:/12148/bd6t5128608r/manifest.json'
For more information check: https://developer.mozilla.org/en-US/docs/Web/HTTP/Status/403",2026-07-17T12:40:10.834048
francesoir,bd6t51286094,,failed,0,0,,http_manifest,known,403,manifest,"Client error '403 ' for url 'https://openapiproext.bnf.fr/iiif/presentation/v3/ark:/12148/bd6t51286094/manifest.json'
For more information check: https://developer.mozilla.org/en-US/docs/Web/HTTP/Status/403",2026-07-17T12:40:11.893280
francesoir,bd6t51286102,,failed,0,0,,http_manifest,known,403,manifest,"Client error '403 ' for url 'https://openapiproext.bnf.fr/iiif/presentation/v3/ark:/12148/bd6t51286102/manifest.json'
For more information check: https://developer.mozilla.org/en-US/docs/Web/HTTP/Status/403",2026-07-17T12:40:13.103075
francesoir,bd6t5128611f,,failed,0,0,,http_manifest,known,403,manifest,"Client error '403 ' for url 'https://openapiproext.bnf.fr/iiif/presentation/v3/ark:/12148/bd6t5128611f/manifest.json'
For more information check: https://developer.mozilla.org/en-US/docs/Web/HTTP/Status/403",2026-07-17T12:40:14.465026
francesoir,bd6t5128612t,,failed,0,0,,http_manifest,known,403,manifest,"Client error '403 ' for url 'https://openapiproext.bnf.fr/iiif/presentation/v3/ark:/12148/bd6t5128612t/manifest.json'
For more information check: https://developer.mozilla.org/en-US/docs/Web/HTTP/Status/403",2026-07-17T12:40:15.445230
francesoir,bd6t51286136,,failed,0,0,,http_manifest,known,403,manifest,"Client error '403 ' for url 'https://openapiproext.bnf.fr/iiif/presentation/v3/ark:/12148/bd6t51286136/manifest.json'
For more information check: https://developer.mozilla.org/en-US/docs/Web/HTTP/Status/403",2026-07-17T12:40:16.721284
francesoir,bd6t5128614k,,failed,0,0,,http_manifest,known,403,manifest,"Client error '403 ' for url 'https://openapiproext.bnf.fr/iiif/presentation/v3/ark:/12148/bd6t5128614k/manifest.json'
For more information check: https://developer.mozilla.org/en-US/docs/Web/HTTP/Status/403",2026-07-17T12:40:17.863242
francesoir,bd6t5128615z,,failed,0,0,,http_manifest,known,403,manifest,"Client error '403 ' for url 'https://openapiproext.bnf.fr/iiif/presentation/v3/ark:/12148/bd6t5128615z/manifest.json'
For more information check: https://developer.mozilla.org/en-US/docs/Web/HTTP/Status/403",2026-07-17T12:40:19.074389
francesoir,bd6t5128616b,,failed,0,0,,http_manifest,known,403,manifest,"Client error '403 ' for url 'https://openapiproext.bnf.fr/iiif/presentation/v3/ark:/12148/bd6t5128616b/manifest.json'
For more information check: https://developer.mozilla.org/en-US/docs/Web/HTTP/Status/403",2026-07-17T12:40:20.227584
francesoir,bd6t5128617q,,failed,0,0,,http_manifest,known,403,manifest,"Client error '403 ' for url 'https://openapiproext.bnf.fr/iiif/presentation/v3/ark:/12148/bd6t5128617q/manifest.json'
For more information check: https://developer.mozilla.org/en-US/docs/Web/HTTP/Status/403",2026-07-17T12:40:21.430285
francesoir,bd6t51286183,,failed,0,0,,http_manifest,known,403,manifest,"Client error '403 ' for url 'https://openapiproext.bnf.fr/iiif/presentation/v3/ark:/12148/bd6t51286183/manifest.json'
For more information check: https://developer.mozilla.org/en-US/docs/Web/HTTP/Status/403",2026-07-17T12:40:22.629846
francesoir,bd6t5128619g,,failed,0,0,,http_manifest,known,403,manifest,"Client error '403 ' for url 'https://openapiproext.bnf.fr/iiif/presentation/v3/ark:/12148/bd6t5128619g/manifest.json'
For more information check: https://developer.mozilla.org/en-US/docs/Web/HTTP/Status/403",2026-07-17T12:40:23.830812
francesoir,bd6t5128620d,,failed,0,0,,http_manifest,known,403,manifest,"Client error '403 ' for url 'https://openapiproext.bnf.fr/iiif/presentation/v3/ark:/12148/bd6t5128620d/manifest.json'
For more information check: https://developer.mozilla.org/en-US/docs/Web/HTTP/Status/403",2026-07-17T12:40:25.032460
francesoir,bd6t5128621s,,failed,0,0,,http_manifest,known,403,manifest,"Client error '403 ' for url 'https://openapiproext.bnf.fr/iiif/presentation/v3/ark:/12148/bd6t5128621s/manifest.json'
For more information check: https://developer.mozilla.org/en-US/docs/Web/HTTP/Status/403",2026-07-17T12:40:26.229869
francesoir,bd6t51286225,,failed,0,0,,http_manifest,known,403,manifest,"Client error '403 ' for url 'https://openapiproext.bnf.fr/iiif/presentation/v3/ark:/12148/bd6t51286225/manifest.json'
For more information check: https://developer.mozilla.org/en-US/docs/Web/HTTP/Status/403",2026-07-17T12:40:27.435539
francesoir,bd6t5128623j,,failed,0,0,,http_manifest,known,403,manifest,"Client error '403 ' for url 'https://openapiproext.bnf.fr/iiif/presentation/v3/ark:/12148/bd6t5128623j/manifest.json'
For more information check: https://developer.mozilla.org/en-US/docs/Web/HTTP/Status/403",2026-07-17T12:40:28.638479
francesoir,bd6t5128624x,,failed,0,0,,http_manifest,known,403,manifest,"Client error '403 ' for url 'https://openapiproext.bnf.fr/iiif/presentation/v3/ark:/12148/bd6t5128624x/manifest.json'
For more information check: https://developer.mozilla.org/en-US/docs/Web/HTTP/Status/403",2026-07-17T12:40:29.837824
francesoir,bd6t51286259,,failed,0,0,,http_manifest,known,403,manifest,"Client error '403 ' for url 'https://openapiproext.bnf.fr/iiif/presentation/v3/ark:/12148/bd6t51286259/manifest.json'
For more information check: https://developer.mozilla.org/en-US/docs/Web/HTTP/Status/403",2026-07-17T12:40:31.049381
francesoir,bd6t5128626p,,failed,0,0,,http_manifest,known,403,manifest,"Client error '403 ' for url 'https://openapiproext.bnf.fr/iiif/presentation/v3/ark:/12148/bd6t5128626p/manifest.json'
For more information check: https://developer.mozilla.org/en-US/docs/Web/HTTP/Status/403",2026-07-17T12:40:32.242716
francesoir,bd6t51286272,,failed,0,0,,http_manifest,known,403,manifest,"Client error '403 ' for url 'https://openapiproext.bnf.fr/iiif/presentation/v3/ark:/12148/bd6t51286272/manifest.json'
For more information check: https://developer.mozilla.org/en-US/docs/Web/HTTP/Status/403",2026-07-17T12:40:33.443053
francesoir,bd6t5128628f,,failed,0,0,,http_manifest,known,403,manifest,"Client error '403 ' for url 'https://openapiproext.bnf.fr/iiif/presentation/v3/ark:/12148/bd6t5128628f/manifest.json'
For more information check: https://developer.mozilla.org/en-US/docs/Web/HTTP/Status/403",2026-07-17T12:40:34.642390
francesoir,bd6t5128629t,,failed,0,0,,http_manifest,known,403,manifest,"Client error '403 ' for url 'https://openapiproext.bnf.fr/iiif/presentation/v3/ark:/12148/bd6t5128629t/manifest.json'
For more information check: https://developer.mozilla.org/en-US/docs/Web/HTTP/Status/403",2026-07-17T12:40:35.846626
francesoir,bd6t5128630r,,failed,0,0,,http_manifest,known,403,manifest,"Client error '403 ' for url 'https://openapiproext.bnf.fr/iiif/presentation/v3/ark:/12148/bd6t5128630r/manifest.json'
For more information check: https://developer.mozilla.org/en-US/docs/Web/HTTP/Status/403",2026-07-17T12:40:37.047409
francesoir,bd6t51286314,,failed,0,0,,http_manifest,known,403,manifest,"Client error '403 ' for url 'https://openapiproext.bnf.fr/iiif/presentation/v3/ark:/12148/bd6t51286314/manifest.json'
For more information check: https://developer.mozilla.org/en-US/docs/Web/HTTP/Status/403",2026-07-17T12:40:38.248815
francesoir,bd6t5128632h,,failed,0,0,,http_manifest,known,403,manifest,"Client error '403 ' for url 'https://openapiproext.bnf.fr/iiif/presentation/v3/ark:/12148/bd6t5128632h/manifest.json'
For more information check: https://developer.mozilla.org/en-US/docs/Web/HTTP/Status/403",2026-07-17T12:40:39.445586
francesoir,bd6t5128633w,,failed,0,0,,http_manifest,known,403,manifest,"Client error '403 ' for url 'https://openapiproext.bnf.fr/iiif/presentation/v3/ark:/12148/bd6t5128633w/manifest.json'
For more information check: https://developer.mozilla.org/en-US/docs/Web/HTTP/Status/403",2026-07-17T12:40:40.650980
francesoir,bd6t51286348,,failed,0,0,,http_manifest,known,403,manifest,"Client error '403 ' for url 'https://openapiproext.bnf.fr/iiif/presentation/v3/ark:/12148/bd6t51286348/manifest.json'
For more information check: https://developer.mozilla.org/en-US/docs/Web/HTTP/Status/403",2026-07-17T12:40:41.850983
francesoir,bd6t5128635n,,failed,0,0,,http_manifest,known,403,manifest,"Client error '403 ' for url 'https://openapiproext.bnf.fr/iiif/presentation/v3/ark:/12148/bd6t5128635n/manifest.json'
For more information check: https://developer.mozilla.org/en-US/docs/Web/HTTP/Status/403",2026-07-17T12:40:43.057223
francesoir,bd6t51286361,,failed,0,0,,http_manifest,known,403,manifest,"Client error '403 ' for url 'https://openapiproext.bnf.fr/iiif/presentation/v3/ark:/12148/bd6t51286361/manifest.json'
For more information check: https://developer.mozilla.org/en-US/docs/Web/HTTP/Status/403",2026-07-17T12:40:44.263935
francesoir,bd6t5128637d,,failed,0,0,,http_manifest,known,403,manifest,"Client error '403 ' for url 'https://openapiproext.bnf.fr/iiif/presentation/v3/ark:/12148/bd6t5128637d/manifest.json'
For more information check: https://developer.mozilla.org/en-US/docs/Web/HTTP/Status/403",2026-07-17T12:40:45.460275
francesoir,bd6t5128638s,,failed,0,0,,http_manifest,known,403,manifest,"Client error '403 ' for url 'https://openapiproext.bnf.fr/iiif/presentation/v3/ark:/12148/bd6t5128638s/manifest.json'
For more information check: https://developer.mozilla.org/en-US/docs/Web/HTTP/Status/403",2026-07-17T12:40:46.660224
francesoir,bd6t51286395,,failed,0,0,,http_manifest,known,403,manifest,"Client error '403 ' for url 'https://openapiproext.bnf.fr/iiif/presentation/v3/ark:/12148/bd6t51286395/manifest.json'
For more information check: https://developer.mozilla.org/en-US/docs/Web/HTTP/Status/403",2026-07-17T12:40:47.863394
francesoir,bd6t51286403,,failed,0,0,,http_manifest,known,403,manifest,"Client error '403 ' for url 'https://openapiproext.bnf.fr/iiif/presentation/v3/ark:/12148/bd6t51286403/manifest.json'
For more information check: https://developer.mozilla.org/en-US/docs/Web/HTTP/Status/403",2026-07-17T12:40:49.065929
francesoir,bd6t5128641g,,failed,0,0,,http_manifest,known,403,manifest,"Client error '403 ' for url 'https://openapiproext.bnf.fr/iiif/presentation/v3/ark:/12148/bd6t5128641g/manifest.json'
For more information check: https://developer.mozilla.org/en-US/docs/Web/HTTP/Status/403",2026-07-17T12:40:50.263699
francesoir,bd6t5128642v,,failed,0,0,,http_manifest,known,403,manifest,"Client error '403 ' for url 'https://openapiproext.bnf.fr/iiif/presentation/v3/ark:/12148/bd6t5128642v/manifest.json'
For more information check: https://developer.mozilla.org/en-US/docs/Web/HTTP/Status/403",2026-07-17T12:40:51.466623
francesoir,bd6t51286437,,failed,0,0,,http_manifest,known,403,manifest,"Client error '403 ' for url 'https://openapiproext.bnf.fr/iiif/presentation/v3/ark:/12148/bd6t51286437/manifest.json'
For more information check: https://developer.mozilla.org/en-US/docs/Web/HTTP/Status/403",2026-07-17T12:40:52.667900
francesoir,bd6t5128644m,,failed,0,0,,http_manifest,known,403,manifest,"Client error '403 ' for url 'https://openapiproext.bnf.fr/iiif/presentation/v3/ark:/12148/bd6t5128644m/manifest.json'
For more information check: https://developer.mozilla.org/en-US/docs/Web/HTTP/Status/403",2026-07-17T12:40:53.866673
francesoir,bd6t51286450,,failed,0,0,,http_manifest,known,403,manifest,"Client error '403 ' for url 'https://openapiproext.bnf.fr/iiif/presentation/v3/ark:/12148/bd6t51286450/manifest.json'
For more information check: https://developer.mozilla.org/en-US/docs/Web/HTTP/Status/403",2026-07-17T12:40:55.073150
francesoir,bd6t5128646c,,failed,0,0,,http_manifest,known,403,manifest,"Client error '403 ' for url 'https://openapiproext.bnf.fr/iiif/presentation/v3/ark:/12148/bd6t5128646c/manifest.json'
For more information check: https://developer.mozilla.org/en-US/docs/Web/HTTP/Status/403",2026-07-17T12:40:56.269496
francesoir,bd6t5128647r,,failed,0,0,,http_manifest,known,403,manifest,"Client error '403 ' for url 'https://openapiproext.bnf.fr/iiif/presentation/v3/ark:/12148/bd6t5128647r/manifest.json'
For more information check: https://developer.mozilla.org/en-US/docs/Web/HTTP/Status/403",2026-07-17T12:40:57.627151
francesoir,bd6t51286484,,failed,0,0,,http_manifest,known,403,manifest,"Client error '403 ' for url 'https://openapiproext.bnf.fr/iiif/presentation/v3/ark:/12148/bd6t51286484/manifest.json'
For more information check: https://developer.mozilla.org/en-US/docs/Web/HTTP/Status/403",2026-07-17T12:40:58.740000
francesoir,bd6t5128649h,,failed,0,0,,http_manifest,known,403,manifest,"Client error '403 ' for url 'https://openapiproext.bnf.fr/iiif/presentation/v3/ark:/12148/bd6t5128649h/manifest.json'
For more information check: https://developer.mozilla.org/en-US/docs/Web/HTTP/Status/403",2026-07-17T12:40:59.968813
francesoir,bd6t5128650f,,failed,0,0,,http_manifest,known,403,manifest,"Client error '403 ' for url 'https://openapiproext.bnf.fr/iiif/presentation/v3/ark:/12148/bd6t5128650f/manifest.json'
For more information check: https://developer.mozilla.org/en-US/docs/Web/HTTP/Status/403",2026-07-17T12:41:01.089388
francesoir,bd6t5128651t,,failed,0,0,,http_manifest,known,403,manifest,"Client error '403 ' for url 'https://openapiproext.bnf.fr/iiif/presentation/v3/ark:/12148/bd6t5128651t/manifest.json'
For more information check: https://developer.mozilla.org/en-US/docs/Web/HTTP/Status/403",2026-07-17T12:41:02.440430
francesoir,bd6t51286526,,failed,0,0,,http_manifest,known,403,manifest,"Client error '403 ' for url 'https://openapiproext.bnf.fr/iiif/presentation/v3/ark:/12148/bd6t51286526/manifest.json'
For more information check: https://developer.mozilla.org/en-US/docs/Web/HTTP/Status/403",2026-07-17T12:41:03.493966
francesoir,bd6t5128653k,,failed,0,0,,http_manifest,known,403,manifest,"Client error '403 ' for url 'https://openapiproext.bnf.fr/iiif/presentation/v3/ark:/12148/bd6t5128653k/manifest.json'
For more information check: https://developer.mozilla.org/en-US/docs/Web/HTTP/Status/403",2026-07-17T12:41:04.704337
francesoir,bd6t51273041,,failed,0,0,,http_manifest,known,403,manifest,"Client error '403 ' for url 'https://openapiproext.bnf.fr/iiif/presentation/v3/ark:/12148/bd6t51273041/manifest.json'
For more information check: https://developer.mozilla.org/en-US/docs/Web/HTTP/Status/403",2026-07-17T12:41:06.010465
francesoir,bd6t5127305d,,failed,0,0,,http_manifest,known,403,manifest,"Client error '403 ' for url 'https://openapiproext.bnf.fr/iiif/presentation/v3/ark:/12148/bd6t5127305d/manifest.json'
For more information check: https://developer.mozilla.org/en-US/docs/Web/HTTP/Status/403",2026-07-17T12:41:07.207289
francesoir,bd6t5127306s,,failed,0,0,,http_manifest,known,403,manifest,"Client error '403 ' for url 'https://openapiproext.bnf.fr/iiif/presentation/v3/ark:/12148/bd6t5127306s/manifest.json'
For more information check: https://developer.mozilla.org/en-US/docs/Web/HTTP/Status/403",2026-07-17T12:41:08.293545
francesoir,bd6t51273075,,failed,0,0,,http_manifest,known,403,manifest,"Client error '403 ' for url 'https://openapiproext.bnf.fr/iiif/presentation/v3/ark:/12148/bd6t51273075/manifest.json'
For more information check: https://developer.mozilla.org/en-US/docs/Web/HTTP/Status/403",2026-07-17T12:41:09.515200
francesoir,bd6t5127308j,,failed,0,0,,http_manifest,known,403,manifest,"Client error '403 ' for url 'https://openapiproext.bnf.fr/iiif/presentation/v3/ark:/12148/bd6t5127308j/manifest.json'
For more information check: https://developer.mozilla.org/en-US/docs/Web/HTTP/Status/403",2026-07-17T12:41:10.914736
francesoir,bd6t5127309x,,failed,0,0,,http_manifest,known,403,manifest,"Client error '403 ' for url 'https://openapiproext.bnf.fr/iiif/presentation/v3/ark:/12148/bd6t5127309x/manifest.json'
For more information check: https://developer.mozilla.org/en-US/docs/Web/HTTP/Status/403",2026-07-17T12:41:11.899464
francesoir,bd6t5127310v,,failed,0,0,,http_manifest,known,403,manifest,"Client error '403 ' for url 'https://openapiproext.bnf.fr/iiif/presentation/v3/ark:/12148/bd6t5127310v/manifest.json'
For more information check: https://developer.mozilla.org/en-US/docs/Web/HTTP/Status/403",2026-07-17T12:41:13.097532
francesoir,bd6t51273117,,failed,0,0,,http_manifest,known,403,manifest,"Client error '403 ' for url 'https://openapiproext.bnf.fr/iiif/presentation/v3/ark:/12148/bd6t51273117/manifest.json'
For more information check: https://developer.mozilla.org/en-US/docs/Web/HTTP/Status/403",2026-07-17T12:41:14.526106
francesoir,bd6t5127312m,,failed,0,0,,http_manifest,known,403,manifest,"Client error '403 ' for url 'https://openapiproext.bnf.fr/iiif/presentation/v3/ark:/12148/bd6t5127312m/manifest.json'
For more information check: https://developer.mozilla.org/en-US/docs/Web/HTTP/Status/403",2026-07-17T12:41:15.505769
francesoir,bd6t51273130,,failed,0,0,,http_manifest,known,403,manifest,"Client error '403 ' for url 'https://openapiproext.bnf.fr/iiif/presentation/v3/ark:/12148/bd6t51273130/manifest.json'
For more information check: https://developer.mozilla.org/en-US/docs/Web/HTTP/Status/403",2026-07-17T12:41:16.770480
francesoir,bd6t5127314c,,failed,0,0,,http_manifest,known,403,manifest,"Client error '403 ' for url 'https://openapiproext.bnf.fr/iiif/presentation/v3/ark:/12148/bd6t5127314c/manifest.json'
For more information check: https://developer.mozilla.org/en-US/docs/Web/HTTP/Status/403",2026-07-17T12:41:18.146635
francesoir,bd6t5127315r,,failed,0,0,,http_manifest,known,403,manifest,"Client error '403 ' for url 'https://openapiproext.bnf.fr/iiif/presentation/v3/ark:/12148/bd6t5127315r/manifest.json'
For more information check: https://developer.mozilla.org/en-US/docs/Web/HTTP/Status/403",2026-07-17T12:41:19.192721
francesoir,bd6t51273164,,failed,0,0,,http_manifest,known,403,manifest,"Client error '403 ' for url 'https://openapiproext.bnf.fr/iiif/presentation/v3/ark:/12148/bd6t51273164/manifest.json'
For more information check: https://developer.mozilla.org/en-US/docs/Web/HTTP/Status/403",2026-07-17T12:41:20.305845
francesoir,bd6t5127317h,,failed,0,0,,http_manifest,known,403,manifest,"Client error '403 ' for url 'https://openapiproext.bnf.fr/iiif/presentation/v3/ark:/12148/bd6t5127317h/manifest.json'
For more information check: https://developer.mozilla.org/en-US/docs/Web/HTTP/Status/403",2026-07-17T12:41:21.507067
francesoir,bd6t5127318w,,failed,0,0,,http_manifest,known,403,manifest,"Client error '403 ' for url 'https://openapiproext.bnf.fr/iiif/presentation/v3/ark:/12148/bd6t5127318w/manifest.json'
For more information check: https://developer.mozilla.org/en-US/docs/Web/HTTP/Status/403",2026-07-17T12:41:22.712032
francesoir,bd6t51273198,,failed,0,0,,http_manifest,known,403,manifest,"Client error '403 ' for url 'https://openapiproext.bnf.fr/iiif/presentation/v3/ark:/12148/bd6t51273198/manifest.json'
For more information check: https://developer.mozilla.org/en-US/docs/Web/HTTP/Status/403",2026-07-17T12:41:23.924306
francesoir,bd6t51273206,,failed,0,0,,http_manifest,known,403,manifest,"Client error '403 ' for url 'https://openapiproext.bnf.fr/iiif/presentation/v3/ark:/12148/bd6t51273206/manifest.json'
For more information check: https://developer.mozilla.org/en-US/docs/Web/HTTP/Status/403",2026-07-17T12:41:25.111435
francesoir,bd6t5127321k,,failed,0,0,,http_manifest,known,403,manifest,"Client error '403 ' for url 'https://openapiproext.bnf.fr/iiif/presentation/v3/ark:/12148/bd6t5127321k/manifest.json'
For more information check: https://developer.mozilla.org/en-US/docs/Web/HTTP/Status/403",2026-07-17T12:41:26.313590
francesoir,bd6t5127322z,,failed,0,0,,http_manifest,known,403,manifest,"Client error '403 ' for url 'https://openapiproext.bnf.fr/iiif/presentation/v3/ark:/12148/bd6t5127322z/manifest.json'
For more information check: https://developer.mozilla.org/en-US/docs/Web/HTTP/Status/403",2026-07-17T12:41:27.513132
francesoir,bd6t5127323b,,failed,0,0,,http_manifest,known,403,manifest,"Client error '403 ' for url 'https://openapiproext.bnf.fr/iiif/presentation/v3/ark:/12148/bd6t5127323b/manifest.json'
For more information check: https://developer.mozilla.org/en-US/docs/Web/HTTP/Status/403",2026-07-17T12:41:28.714901
francesoir,bd6t5127324q,,failed,0,0,,http_manifest,known,403,manifest,"Client error '403 ' for url 'https://openapiproext.bnf.fr/iiif/presentation/v3/ark:/12148/bd6t5127324q/manifest.json'
For more information check: https://developer.mozilla.org/en-US/docs/Web/HTTP/Status/403",2026-07-17T12:41:29.915445
francesoir,bd6t51273253,,failed,0,0,,http_manifest,known,403,manifest,"Client error '403 ' for url 'https://openapiproext.bnf.fr/iiif/presentation/v3/ark:/12148/bd6t51273253/manifest.json'
For more information check: https://developer.mozilla.org/en-US/docs/Web/HTTP/Status/403",2026-07-17T12:41:31.120663
francesoir,bd6t5127326g,,failed,0,0,,http_manifest,known,403,manifest,"Client error '403 ' for url 'https://openapiproext.bnf.fr/iiif/presentation/v3/ark:/12148/bd6t5127326g/manifest.json'
For more information check: https://developer.mozilla.org/en-US/docs/Web/HTTP/Status/403",2026-07-17T12:41:32.317504
francesoir,bd6t5127327v,,failed,0,0,,http_manifest,known,403,manifest,"Client error '403 ' for url 'https://openapiproext.bnf.fr/iiif/presentation/v3/ark:/12148/bd6t5127327v/manifest.json'
For more information check: https://developer.mozilla.org/en-US/docs/Web/HTTP/Status/403",2026-07-17T12:41:33.523075
francesoir,bd6t51273287,,failed,0,0,,http_manifest,known,403,manifest,"Client error '403 ' for url 'https://openapiproext.bnf.fr/iiif/presentation/v3/ark:/12148/bd6t51273287/manifest.json'
For more information check: https://developer.mozilla.org/en-US/docs/Web/HTTP/Status/403",2026-07-17T12:41:34.723558
francesoir,bd6t5127329m,,failed,0,0,,http_manifest,known,403,manifest,"Client error '403 ' for url 'https://openapiproext.bnf.fr/iiif/presentation/v3/ark:/12148/bd6t5127329m/manifest.json'
For more information check: https://developer.mozilla.org/en-US/docs/Web/HTTP/Status/403",2026-07-17T12:41:35.929863
francesoir,bd6t5127330j,,failed,0,0,,http_manifest,known,403,manifest,"Client error '403 ' for url 'https://openapiproext.bnf.fr/iiif/presentation/v3/ark:/12148/bd6t5127330j/manifest.json'
For more information check: https://developer.mozilla.org/en-US/docs/Web/HTTP/Status/403",2026-07-17T12:41:37.136759
francesoir,bd6t5127331x,,failed,0,0,,http_manifest,known,403,manifest,"Client error '403 ' for url 'https://openapiproext.bnf.fr/iiif/presentation/v3/ark:/12148/bd6t5127331x/manifest.json'
For more information check: https://developer.mozilla.org/en-US/docs/Web/HTTP/Status/403",2026-07-17T12:41:38.328445
francesoir,bd6t51273329,,failed,0,0,,http_manifest,known,403,manifest,"Client error '403 ' for url 'https://openapiproext.bnf.fr/iiif/presentation/v3/ark:/12148/bd6t51273329/manifest.json'
For more information check: https://developer.mozilla.org/en-US/docs/Web/HTTP/Status/403",2026-07-17T12:41:39.531061
francesoir,bd6t5127333p,,failed,0,0,,http_manifest,known,403,manifest,"Client error '403 ' for url 'https://openapiproext.bnf.fr/iiif/presentation/v3/ark:/12148/bd6t5127333p/manifest.json'
For more information check: https://developer.mozilla.org/en-US/docs/Web/HTTP/Status/403",2026-07-17T12:41:40.734217
francesoir,bd6t51273342,,failed,0,0,,http_manifest,known,403,manifest,"Client error '403 ' for url 'https://openapiproext.bnf.fr/iiif/presentation/v3/ark:/12148/bd6t51273342/manifest.json'
For more information check: https://developer.mozilla.org/en-US/docs/Web/HTTP/Status/403",2026-07-17T12:41:41.933940
francesoir,bd6t5127335f,,failed,0,0,,http_manifest,known,403,manifest,"Client error '403 ' for url 'https://openapiproext.bnf.fr/iiif/presentation/v3/ark:/12148/bd6t5127335f/manifest.json'
For more information check: https://developer.mozilla.org/en-US/docs/Web/HTTP/Status/403",2026-07-17T12:41:43.135447
francesoir,bd6t5127336t,,failed,0,0,,http_manifest,known,403,manifest,"Client error '403 ' for url 'https://openapiproext.bnf.fr/iiif/presentation/v3/ark:/12148/bd6t5127336t/manifest.json'
For more information check: https://developer.mozilla.org/en-US/docs/Web/HTTP/Status/403",2026-07-17T12:41:44.338895
francesoir,bd6t51273376,,failed,0,0,,http_manifest,known,403,manifest,"Client error '403 ' for url 'https://openapiproext.bnf.fr/iiif/presentation/v3/ark:/12148/bd6t51273376/manifest.json'
For more information check: https://developer.mozilla.org/en-US/docs/Web/HTTP/Status/403",2026-07-17T12:41:45.537111
francesoir,bd6t5127338k,,failed,0,0,,http_manifest,known,403,manifest,"Client error '403 ' for url 'https://openapiproext.bnf.fr/iiif/presentation/v3/ark:/12148/bd6t5127338k/manifest.json'
For more information check: https://developer.mozilla.org/en-US/docs/Web/HTTP/Status/403",2026-07-17T12:41:46.739356
francesoir,bd6t5127339z,,failed,0,0,,http_manifest,known,403,manifest,"Client error '403 ' for url 'https://openapiproext.bnf.fr/iiif/presentation/v3/ark:/12148/bd6t5127339z/manifest.json'
For more information check: https://developer.mozilla.org/en-US/docs/Web/HTTP/Status/403",2026-07-17T12:41:47.942755
francesoir,bd6t5127340w,,failed,0,0,,http_manifest,known,403,manifest,"Client error '403 ' for url 'https://openapiproext.bnf.fr/iiif/presentation/v3/ark:/12148/bd6t5127340w/manifest.json'
For more information check: https://developer.mozilla.org/en-US/docs/Web/HTTP/Status/403",2026-07-17T12:41:49.146373
francesoir,bd6t51273418,,failed,0,0,,http_manifest,known,403,manifest,"Client error '403 ' for url 'https://openapiproext.bnf.fr/iiif/presentation/v3/ark:/12148/bd6t51273418/manifest.json'
For more information check: https://developer.mozilla.org/en-US/docs/Web/HTTP/Status/403",2026-07-17T12:41:50.351914
francesoir,bd6t5127342n,,failed,0,0,,http_manifest,known,403,manifest,"Client error '403 ' for url 'https://openapiproext.bnf.fr/iiif/presentation/v3/ark:/12148/bd6t5127342n/manifest.json'
For more information check: https://developer.mozilla.org/en-US/docs/Web/HTTP/Status/403",2026-07-17T12:41:51.548826
francesoir,bd6t51273431,,failed,0,0,,http_manifest,known,403,manifest,"Client error '403 ' for url 'https://openapiproext.bnf.fr/iiif/presentation/v3/ark:/12148/bd6t51273431/manifest.json'
For more information check: https://developer.mozilla.org/en-US/docs/Web/HTTP/Status/403",2026-07-17T12:41:52.746148
francesoir,bd6t5127344d,,failed,0,0,,http_manifest,known,403,manifest,"Client error '403 ' for url 'https://openapiproext.bnf.fr/iiif/presentation/v3/ark:/12148/bd6t5127344d/manifest.json'
For more information check: https://developer.mozilla.org/en-US/docs/Web/HTTP/Status/403",2026-07-17T12:41:53.956809
francesoir,bd6t5127345s,,failed,0,0,,http_manifest,known,403,manifest,"Client error '403 ' for url 'https://openapiproext.bnf.fr/iiif/presentation/v3/ark:/12148/bd6t5127345s/manifest.json'
For more information check: https://developer.mozilla.org/en-US/docs/Web/HTTP/Status/403",2026-07-17T12:41:55.155675
francesoir,bd6t51273465,,failed,0,0,,http_manifest,known,403,manifest,"Client error '403 ' for url 'https://openapiproext.bnf.fr/iiif/presentation/v3/ark:/12148/bd6t51273465/manifest.json'
For more information check: https://developer.mozilla.org/en-US/docs/Web/HTTP/Status/403",2026-07-17T12:41:56.349375
francesoir,bd6t5127347j,,failed,0,0,,http_manifest,known,403,manifest,"Client error '403 ' for url 'https://openapiproext.bnf.fr/iiif/presentation/v3/ark:/12148/bd6t5127347j/manifest.json'
For more information check: https://developer.mozilla.org/en-US/docs/Web/HTTP/Status/403",2026-07-17T12:41:57.727760
francesoir,bd6t5127348x,,failed,0,0,,http_manifest,known,403,manifest,"Client error '403 ' for url 'https://openapiproext.bnf.fr/iiif/presentation/v3/ark:/12148/bd6t5127348x/manifest.json'
For more information check: https://developer.mozilla.org/en-US/docs/Web/HTTP/Status/403",2026-07-17T12:41:58.754428
francesoir,bd6t51273499,,failed,0,0,,http_manifest,known,403,manifest,"Client error '403 ' for url 'https://openapiproext.bnf.fr/iiif/presentation/v3/ark:/12148/bd6t51273499/manifest.json'
For more information check: https://developer.mozilla.org/en-US/docs/Web/HTTP/Status/403",2026-07-17T12:41:59.976423
francesoir,bd6t51273507,,failed,0,0,,http_manifest,known,403,manifest,"Client error '403 ' for url 'https://openapiproext.bnf.fr/iiif/presentation/v3/ark:/12148/bd6t51273507/manifest.json'
For more information check: https://developer.mozilla.org/en-US/docs/Web/HTTP/Status/403",2026-07-17T12:42:01.418918
francesoir,bd6t5127351m,,failed,0,0,,http_manifest,known,403,manifest,"Client error '403 ' for url 'https://openapiproext.bnf.fr/iiif/presentation/v3/ark:/12148/bd6t5127351m/manifest.json'
For more information check: https://developer.mozilla.org/en-US/docs/Web/HTTP/Status/403",2026-07-17T12:42:02.430394
francesoir,bd6t51273520,,failed,0,0,,http_manifest,known,403,manifest,"Client error '403 ' for url 'https://openapiproext.bnf.fr/iiif/presentation/v3/ark:/12148/bd6t51273520/manifest.json'
For more information check: https://developer.mozilla.org/en-US/docs/Web/HTTP/Status/403",2026-07-17T12:42:03.704446
francesoir,bd6t5127353c,,failed,0,0,,http_manifest,known,403,manifest,"Client error '403 ' for url 'https://openapiproext.bnf.fr/iiif/presentation/v3/ark:/12148/bd6t5127353c/manifest.json'
For more information check: https://developer.mozilla.org/en-US/docs/Web/HTTP/Status/403",2026-07-17T12:42:04.897478
francesoir,bd6t5127354r,,failed,0,0,,http_manifest,known,403,manifest,"Client error '403 ' for url 'https://openapiproext.bnf.fr/iiif/presentation/v3/ark:/12148/bd6t5127354r/manifest.json'
For more information check: https://developer.mozilla.org/en-US/docs/Web/HTTP/Status/403",2026-07-17T12:42:06.202688
francesoir,bd6t51273554,,failed,0,0,,http_manifest,known,403,manifest,"Client error '403 ' for url 'https://openapiproext.bnf.fr/iiif/presentation/v3/ark:/12148/bd6t51273554/manifest.json'
For more information check: https://developer.mozilla.org/en-US/docs/Web/HTTP/Status/403",2026-07-17T12:42:07.308696
francesoir,bd6t5127356h,,failed,0,0,,http_manifest,known,403,manifest,"Client error '403 ' for url 'https://openapiproext.bnf.fr/iiif/presentation/v3/ark:/12148/bd6t5127356h/manifest.json'
For more information check: https://developer.mozilla.org/en-US/docs/Web/HTTP/Status/403",2026-07-17T12:42:08.373170
francesoir,bd6t5127357w,,failed,0,0,,http_manifest,known,403,manifest,"Client error '403 ' for url 'https://openapiproext.bnf.fr/iiif/presentation/v3/ark:/12148/bd6t5127357w/manifest.json'
For more information check: https://developer.mozilla.org/en-US/docs/Web/HTTP/Status/403",2026-07-17T12:42:09.569613
francesoir,bd6t51273588,,failed,0,0,,http_manifest,known,403,manifest,"Client error '403 ' for url 'https://openapiproext.bnf.fr/iiif/presentation/v3/ark:/12148/bd6t51273588/manifest.json'
For more information check: https://developer.mozilla.org/en-US/docs/Web/HTTP/Status/403",2026-07-17T12:42:10.988026
francesoir,bd6t5127359n,,failed,0,0,,http_manifest,known,403,manifest,"Client error '403 ' for url 'https://openapiproext.bnf.fr/iiif/presentation/v3/ark:/12148/bd6t5127359n/manifest.json'
For more information check: https://developer.mozilla.org/en-US/docs/Web/HTTP/Status/403",2026-07-17T12:42:12.051579
francesoir,bd6t5127360k,,failed,0,0,,http_manifest,known,403,manifest,"Client error '403 ' for url 'https://openapiproext.bnf.fr/iiif/presentation/v3/ark:/12148/bd6t5127360k/manifest.json'
For more information check: https://developer.mozilla.org/en-US/docs/Web/HTTP/Status/403",2026-07-17T12:42:13.215552
francesoir,bd6t5127361z,,failed,0,0,,http_manifest,known,403,manifest,"Client error '403 ' for url 'https://openapiproext.bnf.fr/iiif/presentation/v3/ark:/12148/bd6t5127361z/manifest.json'
For more information check: https://developer.mozilla.org/en-US/docs/Web/HTTP/Status/403",2026-07-17T12:42:14.375164
francesoir,bd6t5127362b,,failed,0,0,,http_manifest,known,403,manifest,"Client error '403 ' for url 'https://openapiproext.bnf.fr/iiif/presentation/v3/ark:/12148/bd6t5127362b/manifest.json'
For more information check: https://developer.mozilla.org/en-US/docs/Web/HTTP/Status/403",2026-07-17T12:42:15.577352
francesoir,bd6t5127363q,,failed,0,0,,http_manifest,known,403,manifest,"Client error '403 ' for url 'https://openapiproext.bnf.fr/iiif/presentation/v3/ark:/12148/bd6t5127363q/manifest.json'
For more information check: https://developer.mozilla.org/en-US/docs/Web/HTTP/Status/403",2026-07-17T12:42:16.799447
francesoir,bd6t51273643,,failed,0,0,,http_manifest,known,403,manifest,"Client error '403 ' for url 'https://openapiproext.bnf.fr/iiif/presentation/v3/ark:/12148/bd6t51273643/manifest.json'
For more information check: https://developer.mozilla.org/en-US/docs/Web/HTTP/Status/403",2026-07-17T12:42:18.077429
francesoir,bd6t5127365g,,failed,0,0,,http_manifest,known,403,manifest,"Client error '403 ' for url 'https://openapiproext.bnf.fr/iiif/presentation/v3/ark:/12148/bd6t5127365g/manifest.json'
For more information check: https://developer.mozilla.org/en-US/docs/Web/HTTP/Status/403",2026-07-17T12:42:19.423930
francesoir,bd6t5127366v,,failed,0,0,,http_manifest,known,403,manifest,"Client error '403 ' for url 'https://openapiproext.bnf.fr/iiif/presentation/v3/ark:/12148/bd6t5127366v/manifest.json'
For more information check: https://developer.mozilla.org/en-US/docs/Web/HTTP/Status/403",2026-07-17T12:42:20.384069
francesoir,bd6t51273677,,failed,0,0,,http_manifest,known,403,manifest,"Client error '403 ' for url 'https://openapiproext.bnf.fr/iiif/presentation/v3/ark:/12148/bd6t51273677/manifest.json'
For more information check: https://developer.mozilla.org/en-US/docs/Web/HTTP/Status/403",2026-07-17T12:42:21.587450
francesoir,bd6t5127368m,,failed,0,0,,http_manifest,known,403,manifest,"Client error '403 ' for url 'https://openapiproext.bnf.fr/iiif/presentation/v3/ark:/12148/bd6t5127368m/manifest.json'
For more information check: https://developer.mozilla.org/en-US/docs/Web/HTTP/Status/403",2026-07-17T12:42:22.788319
francesoir,bd6t51273690,,failed,0,0,,http_manifest,known,403,manifest,"Client error '403 ' for url 'https://openapiproext.bnf.fr/iiif/presentation/v3/ark:/12148/bd6t51273690/manifest.json'
For more information check: https://developer.mozilla.org/en-US/docs/Web/HTTP/Status/403",2026-07-17T12:42:23.989083
francesoir,bd6t5127370x,,failed,0,0,,http_manifest,known,403,manifest,"Client error '403 ' for url 'https://openapiproext.bnf.fr/iiif/presentation/v3/ark:/12148/bd6t5127370x/manifest.json'
For more information check: https://developer.mozilla.org/en-US/docs/Web/HTTP/Status/403",2026-07-17T12:42:25.219701
francesoir,bd6t51273719,,failed,0,0,,http_manifest,known,403,manifest,"Client error '403 ' for url 'https://openapiproext.bnf.fr/iiif/presentation/v3/ark:/12148/bd6t51273719/manifest.json'
For more information check: https://developer.mozilla.org/en-US/docs/Web/HTTP/Status/403",2026-07-17T12:42:26.391627
francesoir,bd6t5127372p,,failed,0,0,,http_manifest,known,403,manifest,"Client error '403 ' for url 'https://openapiproext.bnf.fr/iiif/presentation/v3/ark:/12148/bd6t5127372p/manifest.json'
For more information check: https://developer.mozilla.org/en-US/docs/Web/HTTP/Status/403",2026-07-17T12:42:27.597405
francesoir,bd6t51273732,,failed,0,0,,http_manifest,known,403,manifest,"Client error '403 ' for url 'https://openapiproext.bnf.fr/iiif/presentation/v3/ark:/12148/bd6t51273732/manifest.json'
For more information check: https://developer.mozilla.org/en-US/docs/Web/HTTP/Status/403",2026-07-17T12:42:28.790077
francesoir,bd6t5127374f,,failed,0,0,,http_manifest,known,403,manifest,"Client error '403 ' for url 'https://openapiproext.bnf.fr/iiif/presentation/v3/ark:/12148/bd6t5127374f/manifest.json'
For more information check: https://developer.mozilla.org/en-US/docs/Web/HTTP/Status/403",2026-07-17T12:42:29.995861
francesoir,bd6t5127375t,,failed,0,0,,http_manifest,known,403,manifest,"Client error '403 ' for url 'https://openapiproext.bnf.fr/iiif/presentation/v3/ark:/12148/bd6t5127375t/manifest.json'
For more information check: https://developer.mozilla.org/en-US/docs/Web/HTTP/Status/403",2026-07-17T12:42:31.202315
francesoir,bd6t51273766,,failed,0,0,,http_manifest,known,403,manifest,"Client error '403 ' for url 'https://openapiproext.bnf.fr/iiif/presentation/v3/ark:/12148/bd6t51273766/manifest.json'
For more information check: https://developer.mozilla.org/en-US/docs/Web/HTTP/Status/403",2026-07-17T12:42:32.402265
francesoir,bd6t5127377k,,failed,0,0,,http_manifest,known,403,manifest,"Client error '403 ' for url 'https://openapiproext.bnf.fr/iiif/presentation/v3/ark:/12148/bd6t5127377k/manifest.json'
For more information check: https://developer.mozilla.org/en-US/docs/Web/HTTP/Status/403",2026-07-17T12:42:33.602197
francesoir,bd6t5127378z,,failed,0,0,,http_manifest,known,403,manifest,"Client error '403 ' for url 'https://openapiproext.bnf.fr/iiif/presentation/v3/ark:/12148/bd6t5127378z/manifest.json'
For more information check: https://developer.mozilla.org/en-US/docs/Web/HTTP/Status/403",2026-07-17T12:42:34.805033
francesoir,bd6t5127379b,,failed,0,0,,http_manifest,known,403,manifest,"Client error '403 ' for url 'https://openapiproext.bnf.fr/iiif/presentation/v3/ark:/12148/bd6t5127379b/manifest.json'
For more information check: https://developer.mozilla.org/en-US/docs/Web/HTTP/Status/403",2026-07-17T12:42:36.004949
francesoir,bd6t51273808,,failed,0,0,,http_manifest,known,403,manifest,"Client error '403 ' for url 'https://openapiproext.bnf.fr/iiif/presentation/v3/ark:/12148/bd6t51273808/manifest.json'
For more information check: https://developer.mozilla.org/en-US/docs/Web/HTTP/Status/403",2026-07-17T12:42:37.232134
francesoir,bd6t51288502,,failed,0,0,,http_manifest,known,403,manifest,"Client error '403 ' for url 'https://openapiproext.bnf.fr/iiif/presentation/v3/ark:/12148/bd6t51288502/manifest.json'
For more information check: https://developer.mozilla.org/en-US/docs/Web/HTTP/Status/403",2026-07-17T12:42:38.409385
francesoir,bd6t5128851f,,failed,0,0,,http_manifest,known,403,manifest,"Client error '403 ' for url 'https://openapiproext.bnf.fr/iiif/presentation/v3/ark:/12148/bd6t5128851f/manifest.json'
For more information check: https://developer.mozilla.org/en-US/docs/Web/HTTP/Status/403",2026-07-17T12:42:39.611302
francesoir,bd6t5128852t,,failed,0,0,,http_manifest,known,403,manifest,"Client error '403 ' for url 'https://openapiproext.bnf.fr/iiif/presentation/v3/ark:/12148/bd6t5128852t/manifest.json'
For more information check: https://developer.mozilla.org/en-US/docs/Web/HTTP/Status/403",2026-07-17T12:42:40.812053
francesoir,bd6t51288536,,failed,0,0,,http_manifest,known,403,manifest,"Client error '403 ' for url 'https://openapiproext.bnf.fr/iiif/presentation/v3/ark:/12148/bd6t51288536/manifest.json'
For more information check: https://developer.mozilla.org/en-US/docs/Web/HTTP/Status/403",2026-07-17T12:42:42.014649
francesoir,bd6t5128854k,,failed,0,0,,http_manifest,known,403,manifest,"Client error '403 ' for url 'https://openapiproext.bnf.fr/iiif/presentation/v3/ark:/12148/bd6t5128854k/manifest.json'
For more information check: https://developer.mozilla.org/en-US/docs/Web/HTTP/Status/403",2026-07-17T12:42:43.215452
francesoir,bd6t5128855z,,failed,0,0,,http_manifest,known,403,manifest,"Client error '403 ' for url 'https://openapiproext.bnf.fr/iiif/presentation/v3/ark:/12148/bd6t5128855z/manifest.json'
For more information check: https://developer.mozilla.org/en-US/docs/Web/HTTP/Status/403",2026-07-17T12:42:44.418150
francesoir,bd6t5128856b,,failed,0,0,,http_manifest,known,403,manifest,"Client error '403 ' for url 'https://openapiproext.bnf.fr/iiif/presentation/v3/ark:/12148/bd6t5128856b/manifest.json'
For more information check: https://developer.mozilla.org/en-US/docs/Web/HTTP/Status/403",2026-07-17T12:42:45.617727
francesoir,bd6t5128857q,,failed,0,0,,http_manifest,known,403,manifest,"Client error '403 ' for url 'https://openapiproext.bnf.fr/iiif/presentation/v3/ark:/12148/bd6t5128857q/manifest.json'
For more information check: https://developer.mozilla.org/en-US/docs/Web/HTTP/Status/403",2026-07-17T12:42:46.821093
francesoir,bd6t51288583,,failed,0,0,,http_manifest,known,403,manifest,"Client error '403 ' for url 'https://openapiproext.bnf.fr/iiif/presentation/v3/ark:/12148/bd6t51288583/manifest.json'
For more information check: https://developer.mozilla.org/en-US/docs/Web/HTTP/Status/403",2026-07-17T12:42:48.021601
francesoir,bd6t5128859g,,failed,0,0,,http_manifest,known,403,manifest,"Client error '403 ' for url 'https://openapiproext.bnf.fr/iiif/presentation/v3/ark:/12148/bd6t5128859g/manifest.json'
For more information check: https://developer.mozilla.org/en-US/docs/Web/HTTP/Status/403",2026-07-17T12:42:49.251821
francesoir,bd6t5128860d,,failed,0,0,,http_manifest,known,403,manifest,"Client error '403 ' for url 'https://openapiproext.bnf.fr/iiif/presentation/v3/ark:/12148/bd6t5128860d/manifest.json'
For more information check: https://developer.mozilla.org/en-US/docs/Web/HTTP/Status/403",2026-07-17T12:42:50.421373
francesoir,bd6t5128861s,,failed,0,0,,http_manifest,known,403,manifest,"Client error '403 ' for url 'https://openapiproext.bnf.fr/iiif/presentation/v3/ark:/12148/bd6t5128861s/manifest.json'
For more information check: https://developer.mozilla.org/en-US/docs/Web/HTTP/Status/403",2026-07-17T12:42:51.626221
francesoir,bd6t51288625,,failed,0,0,,http_manifest,known,403,manifest,"Client error '403 ' for url 'https://openapiproext.bnf.fr/iiif/presentation/v3/ark:/12148/bd6t51288625/manifest.json'
For more information check: https://developer.mozilla.org/en-US/docs/Web/HTTP/Status/403",2026-07-17T12:42:52.828091
francesoir,bd6t5128863j,,failed,0,0,,http_manifest,known,403,manifest,"Client error '403 ' for url 'https://openapiproext.bnf.fr/iiif/presentation/v3/ark:/12148/bd6t5128863j/manifest.json'
For more information check: https://developer.mozilla.org/en-US/docs/Web/HTTP/Status/403",2026-07-17T12:42:54.030435
francesoir,bd6t5128864x,,failed,0,0,,http_manifest,known,403,manifest,"Client error '403 ' for url 'https://openapiproext.bnf.fr/iiif/presentation/v3/ark:/12148/bd6t5128864x/manifest.json'
For more information check: https://developer.mozilla.org/en-US/docs/Web/HTTP/Status/403",2026-07-17T12:42:55.253829
francesoir,bd6t51288659,,failed,0,0,,http_manifest,known,403,manifest,"Client error '403 ' for url 'https://openapiproext.bnf.fr/iiif/presentation/v3/ark:/12148/bd6t51288659/manifest.json'
For more information check: https://developer.mozilla.org/en-US/docs/Web/HTTP/Status/403",2026-07-17T12:42:56.429455
francesoir,bd6t5128866p,,failed,0,0,,http_manifest,known,403,manifest,"Client error '403 ' for url 'https://openapiproext.bnf.fr/iiif/presentation/v3/ark:/12148/bd6t5128866p/manifest.json'
For more information check: https://developer.mozilla.org/en-US/docs/Web/HTTP/Status/403",2026-07-17T12:42:57.633977
francesoir,bd6t51288672,,failed,0,0,,http_manifest,known,403,manifest,"Client error '403 ' for url 'https://openapiproext.bnf.fr/iiif/presentation/v3/ark:/12148/bd6t51288672/manifest.json'
For more information check: https://developer.mozilla.org/en-US/docs/Web/HTTP/Status/403",2026-07-17T12:42:59.071436
francesoir,bd6t5128868f,,failed,0,0,,http_manifest,known,403,manifest,"Client error '403 ' for url 'https://openapiproext.bnf.fr/iiif/presentation/v3/ark:/12148/bd6t5128868f/manifest.json'
For more information check: https://developer.mozilla.org/en-US/docs/Web/HTTP/Status/403",2026-07-17T12:43:00.040180
francesoir,bd6t5128869t,,failed,0,0,,http_manifest,known,403,manifest,"Client error '403 ' for url 'https://openapiproext.bnf.fr/iiif/presentation/v3/ark:/12148/bd6t5128869t/manifest.json'
For more information check: https://developer.mozilla.org/en-US/docs/Web/HTTP/Status/403",2026-07-17T12:43:01.366411
francesoir,bd6t5128870r,,failed,0,0,,http_manifest,known,403,manifest,"Client error '403 ' for url 'https://openapiproext.bnf.fr/iiif/presentation/v3/ark:/12148/bd6t5128870r/manifest.json'
For more information check: https://developer.mozilla.org/en-US/docs/Web/HTTP/Status/403",2026-07-17T12:43:02.439227
francesoir,bd6t51288714,,failed,0,0,,http_manifest,known,403,manifest,"Client error '403 ' for url 'https://openapiproext.bnf.fr/iiif/presentation/v3/ark:/12148/bd6t51288714/manifest.json'
For more information check: https://developer.mozilla.org/en-US/docs/Web/HTTP/Status/403",2026-07-17T12:43:03.857126
francesoir,bd6t5128872h,,failed,0,0,,http_manifest,known,403,manifest,"Client error '403 ' for url 'https://openapiproext.bnf.fr/iiif/presentation/v3/ark:/12148/bd6t5128872h/manifest.json'
For more information check: https://developer.mozilla.org/en-US/docs/Web/HTTP/Status/403",2026-07-17T12:43:04.862545
francesoir,bd6t5128873w,,failed,0,0,,http_manifest,known,403,manifest,"Client error '403 ' for url 'https://openapiproext.bnf.fr/iiif/presentation/v3/ark:/12148/bd6t5128873w/manifest.json'
For more information check: https://developer.mozilla.org/en-US/docs/Web/HTTP/Status/403",2026-07-17T12:43:06.111374
francesoir,bd6t51288748,,failed,0,0,,http_manifest,known,403,manifest,"Client error '403 ' for url 'https://openapiproext.bnf.fr/iiif/presentation/v3/ark:/12148/bd6t51288748/manifest.json'
For more information check: https://developer.mozilla.org/en-US/docs/Web/HTTP/Status/403",2026-07-17T12:43:07.286483
francesoir,bd6t5128875n,,failed,0,0,,http_manifest,known,403,manifest,"Client error '403 ' for url 'https://openapiproext.bnf.fr/iiif/presentation/v3/ark:/12148/bd6t5128875n/manifest.json'
For more information check: https://developer.mozilla.org/en-US/docs/Web/HTTP/Status/403",2026-07-17T12:43:08.451233
francesoir,bd6t51288761,,failed,0,0,,http_manifest,known,403,manifest,"Client error '403 ' for url 'https://openapiproext.bnf.fr/iiif/presentation/v3/ark:/12148/bd6t51288761/manifest.json'
For more information check: https://developer.mozilla.org/en-US/docs/Web/HTTP/Status/403",2026-07-17T12:43:09.657361
francesoir,bd6t5128877d,,failed,0,0,,http_manifest,known,403,manifest,"Client error '403 ' for url 'https://openapiproext.bnf.fr/iiif/presentation/v3/ark:/12148/bd6t5128877d/manifest.json'
For more information check: https://developer.mozilla.org/en-US/docs/Web/HTTP/Status/403",2026-07-17T12:43:10.855572
francesoir,bd6t5128878s,,failed,0,0,,http_manifest,known,403,manifest,"Client error '403 ' for url 'https://openapiproext.bnf.fr/iiif/presentation/v3/ark:/12148/bd6t5128878s/manifest.json'
For more information check: https://developer.mozilla.org/en-US/docs/Web/HTTP/Status/403",2026-07-17T12:43:12.204226
francesoir,bd6t51288795,,failed,0,0,,http_manifest,known,403,manifest,"Client error '403 ' for url 'https://openapiproext.bnf.fr/iiif/presentation/v3/ark:/12148/bd6t51288795/manifest.json'
For more information check: https://developer.mozilla.org/en-US/docs/Web/HTTP/Status/403",2026-07-17T12:43:13.460562
francesoir,bd6t51288803,,failed,0,0,,http_manifest,known,403,manifest,"Client error '403 ' for url 'https://openapiproext.bnf.fr/iiif/presentation/v3/ark:/12148/bd6t51288803/manifest.json'
For more information check: https://developer.mozilla.org/en-US/docs/Web/HTTP/Status/403",2026-07-17T12:43:14.471246
francesoir,bd6t5128881g,,failed,0,0,,http_manifest,known,403,manifest,"Client error '403 ' for url 'https://openapiproext.bnf.fr/iiif/presentation/v3/ark:/12148/bd6t5128881g/manifest.json'
For more information check: https://developer.mozilla.org/en-US/docs/Web/HTTP/Status/403",2026-07-17T12:43:15.770885
francesoir,bd6t5128882v,,failed,0,0,,http_manifest,known,403,manifest,"Client error '403 ' for url 'https://openapiproext.bnf.fr/iiif/presentation/v3/ark:/12148/bd6t5128882v/manifest.json'
For more information check: https://developer.mozilla.org/en-US/docs/Web/HTTP/Status/403",2026-07-17T12:43:17.031932
francesoir,bd6t51288837,,failed,0,0,,http_manifest,known,403,manifest,"Client error '403 ' for url 'https://openapiproext.bnf.fr/iiif/presentation/v3/ark:/12148/bd6t51288837/manifest.json'
For more information check: https://developer.mozilla.org/en-US/docs/Web/HTTP/Status/403",2026-07-17T12:43:18.273521
francesoir,bd6t5128884m,,failed,0,0,,http_manifest,known,403,manifest,"Client error '403 ' for url 'https://openapiproext.bnf.fr/iiif/presentation/v3/ark:/12148/bd6t5128884m/manifest.json'
For more information check: https://developer.mozilla.org/en-US/docs/Web/HTTP/Status/403",2026-07-17T12:43:19.295082
francesoir,bd6t51288850,,failed,0,0,,http_manifest,known,403,manifest,"Client error '403 ' for url 'https://openapiproext.bnf.fr/iiif/presentation/v3/ark:/12148/bd6t51288850/manifest.json'
For more information check: https://developer.mozilla.org/en-US/docs/Web/HTTP/Status/403",2026-07-17T12:43:20.466026
francesoir,bd6t5128886c,,failed,0,0,,http_manifest,known,403,manifest,"Client error '403 ' for url 'https://openapiproext.bnf.fr/iiif/presentation/v3/ark:/12148/bd6t5128886c/manifest.json'
For more information check: https://developer.mozilla.org/en-US/docs/Web/HTTP/Status/403",2026-07-17T12:43:21.701608
francesoir,bd6t5128887r,,failed,0,0,,http_manifest,known,403,manifest,"Client error '403 ' for url 'https://openapiproext.bnf.fr/iiif/presentation/v3/ark:/12148/bd6t5128887r/manifest.json'
For more information check: https://developer.mozilla.org/en-US/docs/Web/HTTP/Status/403",2026-07-17T12:43:22.871163
francesoir,bd6t51288884,,failed,0,0,,http_manifest,known,403,manifest,"Client error '403 ' for url 'https://openapiproext.bnf.fr/iiif/presentation/v3/ark:/12148/bd6t51288884/manifest.json'
For more information check: https://developer.mozilla.org/en-US/docs/Web/HTTP/Status/403",2026-07-17T12:43:24.073676
francesoir,bd6t5128889h,,failed,0,0,,http_manifest,known,403,manifest,"Client error '403 ' for url 'https://openapiproext.bnf.fr/iiif/presentation/v3/ark:/12148/bd6t5128889h/manifest.json'
For more information check: https://developer.mozilla.org/en-US/docs/Web/HTTP/Status/403",2026-07-17T12:43:25.293303
francesoir,bd6t5128890f,,failed,0,0,,http_manifest,known,403,manifest,"Client error '403 ' for url 'https://openapiproext.bnf.fr/iiif/presentation/v3/ark:/12148/bd6t5128890f/manifest.json'
For more information check: https://developer.mozilla.org/en-US/docs/Web/HTTP/Status/403",2026-07-17T12:43:26.471666
francesoir,bd6t5128891t,,failed,0,0,,http_manifest,known,403,manifest,"Client error '403 ' for url 'https://openapiproext.bnf.fr/iiif/presentation/v3/ark:/12148/bd6t5128891t/manifest.json'
For more information check: https://developer.mozilla.org/en-US/docs/Web/HTTP/Status/403",2026-07-17T12:43:27.675653
francesoir,bd6t51288926,,failed,0,0,,http_manifest,known,403,manifest,"Client error '403 ' for url 'https://openapiproext.bnf.fr/iiif/presentation/v3/ark:/12148/bd6t51288926/manifest.json'
For more information check: https://developer.mozilla.org/en-US/docs/Web/HTTP/Status/403",2026-07-17T12:43:28.878225
francesoir,bd6t5128893k,,failed,0,0,,http_manifest,known,403,manifest,"Client error '403 ' for url 'https://openapiproext.bnf.fr/iiif/presentation/v3/ark:/12148/bd6t5128893k/manifest.json'
For more information check: https://developer.mozilla.org/en-US/docs/Web/HTTP/Status/403",2026-07-17T12:43:30.082531
francesoir,bd6t5128894z,,failed,0,0,,http_manifest,known,403,manifest,"Client error '403 ' for url 'https://openapiproext.bnf.fr/iiif/presentation/v3/ark:/12148/bd6t5128894z/manifest.json'
For more information check: https://developer.mozilla.org/en-US/docs/Web/HTTP/Status/403",2026-07-17T12:43:31.279203
francesoir,bd6t5128895b,,failed,0,0,,http_manifest,known,403,manifest,"Client error '403 ' for url 'https://openapiproext.bnf.fr/iiif/presentation/v3/ark:/12148/bd6t5128895b/manifest.json'
For more information check: https://developer.mozilla.org/en-US/docs/Web/HTTP/Status/403",2026-07-17T12:43:32.480356
francesoir,bd6t5128896q,,failed,0,0,,http_manifest,known,403,manifest,"Client error '403 ' for url 'https://openapiproext.bnf.fr/iiif/presentation/v3/ark:/12148/bd6t5128896q/manifest.json'
For more information check: https://developer.mozilla.org/en-US/docs/Web/HTTP/Status/403",2026-07-17T12:43:33.682067
francesoir,bd6t51288973,,failed,0,0,,http_manifest,known,403,manifest,"Client error '403 ' for url 'https://openapiproext.bnf.fr/iiif/presentation/v3/ark:/12148/bd6t51288973/manifest.json'
For more information check: https://developer.mozilla.org/en-US/docs/Web/HTTP/Status/403",2026-07-17T12:43:34.885973
francesoir,bd6t5128898g,,failed,0,0,,http_manifest,known,403,manifest,"Client error '403 ' for url 'https://openapiproext.bnf.fr/iiif/presentation/v3/ark:/12148/bd6t5128898g/manifest.json'
For more information check: https://developer.mozilla.org/en-US/docs/Web/HTTP/Status/403",2026-07-17T12:43:36.088420
francesoir,bd6t5128899v,,failed,0,0,,http_manifest,known,403,manifest,"Client error '403 ' for url 'https://openapiproext.bnf.fr/iiif/presentation/v3/ark:/12148/bd6t5128899v/manifest.json'
For more information check: https://developer.mozilla.org/en-US/docs/Web/HTTP/Status/403",2026-07-17T12:43:37.310162
francesoir,bd6t5128900n,,failed,0,0,,http_manifest,known,403,manifest,"Client error '403 ' for url 'https://openapiproext.bnf.fr/iiif/presentation/v3/ark:/12148/bd6t5128900n/manifest.json'
For more information check: https://developer.mozilla.org/en-US/docs/Web/HTTP/Status/403",2026-07-17T12:43:38.485189
francesoir,bd6t51289011,,failed,0,0,,http_manifest,known,403,manifest,"Client error '403 ' for url 'https://openapiproext.bnf.fr/iiif/presentation/v3/ark:/12148/bd6t51289011/manifest.json'
For more information check: https://developer.mozilla.org/en-US/docs/Web/HTTP/Status/403",2026-07-17T12:43:39.687423
francesoir,bd6t5128902d,,failed,0,0,,http_manifest,known,403,manifest,"Client error '403 ' for url 'https://openapiproext.bnf.fr/iiif/presentation/v3/ark:/12148/bd6t5128902d/manifest.json'
For more information check: https://developer.mozilla.org/en-US/docs/Web/HTTP/Status/403",2026-07-17T12:43:40.888586
francesoir,bd6t5128903s,,failed,0,0,,http_manifest,known,403,manifest,"Client error '403 ' for url 'https://openapiproext.bnf.fr/iiif/presentation/v3/ark:/12148/bd6t5128903s/manifest.json'
For more information check: https://developer.mozilla.org/en-US/docs/Web/HTTP/Status/403",2026-07-17T12:43:42.094208
francesoir,bd6t51289045,,failed,0,0,,http_manifest,known,403,manifest,"Client error '403 ' for url 'https://openapiproext.bnf.fr/iiif/presentation/v3/ark:/12148/bd6t51289045/manifest.json'
For more information check: https://developer.mozilla.org/en-US/docs/Web/HTTP/Status/403",2026-07-17T12:43:43.293714
francesoir,bd6t5128905j,,failed,0,0,,http_manifest,known,403,manifest,"Client error '403 ' for url 'https://openapiproext.bnf.fr/iiif/presentation/v3/ark:/12148/bd6t5128905j/manifest.json'
For more information check: https://developer.mozilla.org/en-US/docs/Web/HTTP/Status/403",2026-07-17T12:43:44.493682
francesoir,bd6t5128906x,,failed,0,0,,http_manifest,known,403,manifest,"Client error '403 ' for url 'https://openapiproext.bnf.fr/iiif/presentation/v3/ark:/12148/bd6t5128906x/manifest.json'
For more information check: https://developer.mozilla.org/en-US/docs/Web/HTTP/Status/403",2026-07-17T12:43:45.697916
francesoir,bd6t51289079,,failed,0,0,,http_manifest,known,403,manifest,"Client error '403 ' for url 'https://openapiproext.bnf.fr/iiif/presentation/v3/ark:/12148/bd6t51289079/manifest.json'
For more information check: https://developer.mozilla.org/en-US/docs/Web/HTTP/Status/403",2026-07-17T12:43:46.899896
francesoir,bd6t5128908p,,failed,0,0,,http_manifest,known,403,manifest,"Client error '403 ' for url 'https://openapiproext.bnf.fr/iiif/presentation/v3/ark:/12148/bd6t5128908p/manifest.json'
For more information check: https://developer.mozilla.org/en-US/docs/Web/HTTP/Status/403",2026-07-17T12:43:48.102987
francesoir,bd6t51289092,,failed,0,0,,http_manifest,known,403,manifest,"Client error '403 ' for url 'https://openapiproext.bnf.fr/iiif/presentation/v3/ark:/12148/bd6t51289092/manifest.json'
For more information check: https://developer.mozilla.org/en-US/docs/Web/HTTP/Status/403",2026-07-17T12:43:49.326916
francesoir,bd6t51289100,,failed,0,0,,http_manifest,known,403,manifest,"Client error '403 ' for url 'https://openapiproext.bnf.fr/iiif/presentation/v3/ark:/12148/bd6t51289100/manifest.json'
For more information check: https://developer.mozilla.org/en-US/docs/Web/HTTP/Status/403",2026-07-17T12:43:50.501918
francesoir,bd6t5128911c,,failed,0,0,,http_manifest,known,403,manifest,"Client error '403 ' for url 'https://openapiproext.bnf.fr/iiif/presentation/v3/ark:/12148/bd6t5128911c/manifest.json'
For more information check: https://developer.mozilla.org/en-US/docs/Web/HTTP/Status/403",2026-07-17T12:43:51.703864
francesoir,bd6t5128912r,,failed,0,0,,http_manifest,known,403,manifest,"Client error '403 ' for url 'https://openapiproext.bnf.fr/iiif/presentation/v3/ark:/12148/bd6t5128912r/manifest.json'
For more information check: https://developer.mozilla.org/en-US/docs/Web/HTTP/Status/403",2026-07-17T12:43:52.904936
francesoir,bd6t51289134,,failed,0,0,,http_manifest,known,403,manifest,"Client error '403 ' for url 'https://openapiproext.bnf.fr/iiif/presentation/v3/ark:/12148/bd6t51289134/manifest.json'
For more information check: https://developer.mozilla.org/en-US/docs/Web/HTTP/Status/403",2026-07-17T12:43:54.106318
francesoir,bd6t5128914h,,failed,0,0,,http_manifest,known,403,manifest,"Client error '403 ' for url 'https://openapiproext.bnf.fr/iiif/presentation/v3/ark:/12148/bd6t5128914h/manifest.json'
For more information check: https://developer.mozilla.org/en-US/docs/Web/HTTP/Status/403",2026-07-17T12:43:55.337908
francesoir,bd6t5128915w,,failed,0,0,,http_manifest,known,403,manifest,"Client error '403 ' for url 'https://openapiproext.bnf.fr/iiif/presentation/v3/ark:/12148/bd6t5128915w/manifest.json'
For more information check: https://developer.mozilla.org/en-US/docs/Web/HTTP/Status/403",2026-07-17T12:43:56.510086
francesoir,bd6t51289168,,failed,0,0,,http_manifest,known,403,manifest,"Client error '403 ' for url 'https://openapiproext.bnf.fr/iiif/presentation/v3/ark:/12148/bd6t51289168/manifest.json'
For more information check: https://developer.mozilla.org/en-US/docs/Web/HTTP/Status/403",2026-07-17T12:43:57.724621
francesoir,bd6t5128917n,,failed,0,0,,http_manifest,known,403,manifest,"Client error '403 ' for url 'https://openapiproext.bnf.fr/iiif/presentation/v3/ark:/12148/bd6t5128917n/manifest.json'
For more information check: https://developer.mozilla.org/en-US/docs/Web/HTTP/Status/403",2026-07-17T12:43:58.914070
francesoir,bd6t51289181,,failed,0,0,,http_manifest,known,403,manifest,"Client error '403 ' for url 'https://openapiproext.bnf.fr/iiif/presentation/v3/ark:/12148/bd6t51289181/manifest.json'
For more information check: https://developer.mozilla.org/en-US/docs/Web/HTTP/Status/403",2026-07-17T12:44:00.187652
francesoir,bd6t5128919d,,failed,0,0,,http_manifest,known,403,manifest,"Client error '403 ' for url 'https://openapiproext.bnf.fr/iiif/presentation/v3/ark:/12148/bd6t5128919d/manifest.json'
For more information check: https://developer.mozilla.org/en-US/docs/Web/HTTP/Status/403",2026-07-17T12:44:01.418283
francesoir,bd6t5128920b,,failed,0,0,,http_manifest,known,403,manifest,"Client error '403 ' for url 'https://openapiproext.bnf.fr/iiif/presentation/v3/ark:/12148/bd6t5128920b/manifest.json'
For more information check: https://developer.mozilla.org/en-US/docs/Web/HTTP/Status/403",2026-07-17T12:44:02.672306
francesoir,bd6t5128921q,,failed,0,0,,http_manifest,known,403,manifest,"Client error '403 ' for url 'https://openapiproext.bnf.fr/iiif/presentation/v3/ark:/12148/bd6t5128921q/manifest.json'
For more information check: https://developer.mozilla.org/en-US/docs/Web/HTTP/Status/403",2026-07-17T12:44:03.721129
francesoir,bd6t51289223,,failed,0,0,,http_manifest,known,403,manifest,"Client error '403 ' for url 'https://openapiproext.bnf.fr/iiif/presentation/v3/ark:/12148/bd6t51289223/manifest.json'
For more information check: https://developer.mozilla.org/en-US/docs/Web/HTTP/Status/403",2026-07-17T12:44:05.096865
francesoir,bd6t5128923g,,failed,0,0,,http_manifest,known,403,manifest,"Client error '403 ' for url 'https://openapiproext.bnf.fr/iiif/presentation/v3/ark:/12148/bd6t5128923g/manifest.json'
For more information check: https://developer.mozilla.org/en-US/docs/Web/HTTP/Status/403",2026-07-17T12:44:06.181924
francesoir,bd6t5128924v,,failed,0,0,,http_manifest,known,403,manifest,"Client error '403 ' for url 'https://openapiproext.bnf.fr/iiif/presentation/v3/ark:/12148/bd6t5128924v/manifest.json'
For more information check: https://developer.mozilla.org/en-US/docs/Web/HTTP/Status/403",2026-07-17T12:44:07.351905
francesoir,bd6t51289257,,failed,0,0,,http_manifest,known,403,manifest,"Client error '403 ' for url 'https://openapiproext.bnf.fr/iiif/presentation/v3/ark:/12148/bd6t51289257/manifest.json'
For more information check: https://developer.mozilla.org/en-US/docs/Web/HTTP/Status/403",2026-07-17T12:44:08.529196
francesoir,bd6t5128926m,,failed,0,0,,http_manifest,known,403,manifest,"Client error '403 ' for url 'https://openapiproext.bnf.fr/iiif/presentation/v3/ark:/12148/bd6t5128926m/manifest.json'
For more information check: https://developer.mozilla.org/en-US/docs/Web/HTTP/Status/403",2026-07-17T12:44:09.780494
francesoir,bd6t5126964p,,failed,0,0,,http_manifest,known,403,manifest,"Client error '403 ' for url 'https://openapiproext.bnf.fr/iiif/presentation/v3/ark:/12148/bd6t5126964p/manifest.json'
For more information check: https://developer.mozilla.org/en-US/docs/Web/HTTP/Status/403",2026-07-17T12:44:10.933166
francesoir,bd6t51269652,,failed,0,0,,http_manifest,known,403,manifest,"Client error '403 ' for url 'https://openapiproext.bnf.fr/iiif/presentation/v3/ark:/12148/bd6t51269652/manifest.json'
For more information check: https://developer.mozilla.org/en-US/docs/Web/HTTP/Status/403",2026-07-17T12:44:12.132252
francesoir,bd6t5126966f,,failed,0,0,,http_manifest,known,403,manifest,"Client error '403 ' for url 'https://openapiproext.bnf.fr/iiif/presentation/v3/ark:/12148/bd6t5126966f/manifest.json'
For more information check: https://developer.mozilla.org/en-US/docs/Web/HTTP/Status/403",2026-07-17T12:44:13.333711
francesoir,bd6t5126967t,,failed,0,0,,http_manifest,known,403,manifest,"Client error '403 ' for url 'https://openapiproext.bnf.fr/iiif/presentation/v3/ark:/12148/bd6t5126967t/manifest.json'
For more information check: https://developer.mozilla.org/en-US/docs/Web/HTTP/Status/403",2026-07-17T12:44:14.550378
francesoir,bd6t51269686,,failed,0,0,,http_manifest,known,403,manifest,"Client error '403 ' for url 'https://openapiproext.bnf.fr/iiif/presentation/v3/ark:/12148/bd6t51269686/manifest.json'
For more information check: https://developer.mozilla.org/en-US/docs/Web/HTTP/Status/403",2026-07-17T12:44:15.813339
francesoir,bd6t5126969k,,failed,0,0,,http_manifest,known,403,manifest,"Client error '403 ' for url 'https://openapiproext.bnf.fr/iiif/presentation/v3/ark:/12148/bd6t5126969k/manifest.json'
For more information check: https://developer.mozilla.org/en-US/docs/Web/HTTP/Status/403",2026-07-17T12:44:17.145984
francesoir,bd6t5126970h,,failed,0,0,,http_manifest,known,403,manifest,"Client error '403 ' for url 'https://openapiproext.bnf.fr/iiif/presentation/v3/ark:/12148/bd6t5126970h/manifest.json'
For more information check: https://developer.mozilla.org/en-US/docs/Web/HTTP/Status/403",2026-07-17T12:44:18.149281
francesoir,bd6t5126971w,,failed,0,0,,http_manifest,known,403,manifest,"Client error '403 ' for url 'https://openapiproext.bnf.fr/iiif/presentation/v3/ark:/12148/bd6t5126971w/manifest.json'
For more information check: https://developer.mozilla.org/en-US/docs/Web/HTTP/Status/403",2026-07-17T12:44:19.369274
francesoir,bd6t51269728,,failed,0,0,,http_manifest,known,403,manifest,"Client error '403 ' for url 'https://openapiproext.bnf.fr/iiif/presentation/v3/ark:/12148/bd6t51269728/manifest.json'
For more information check: https://developer.mozilla.org/en-US/docs/Web/HTTP/Status/403",2026-07-17T12:44:20.540898
francesoir,bd6t5126973n,,failed,0,0,,http_manifest,known,403,manifest,"Client error '403 ' for url 'https://openapiproext.bnf.fr/iiif/presentation/v3/ark:/12148/bd6t5126973n/manifest.json'
For more information check: https://developer.mozilla.org/en-US/docs/Web/HTTP/Status/403",2026-07-17T12:44:21.740172
francesoir,bd6t51269741,,failed,0,0,,http_manifest,known,403,manifest,"Client error '403 ' for url 'https://openapiproext.bnf.fr/iiif/presentation/v3/ark:/12148/bd6t51269741/manifest.json'
For more information check: https://developer.mozilla.org/en-US/docs/Web/HTTP/Status/403",2026-07-17T12:44:22.946309
francesoir,bd6t5126975d,,failed,0,0,,http_manifest,known,403,manifest,"Client error '403 ' for url 'https://openapiproext.bnf.fr/iiif/presentation/v3/ark:/12148/bd6t5126975d/manifest.json'
For more information check: https://developer.mozilla.org/en-US/docs/Web/HTTP/Status/403",2026-07-17T12:44:24.143087
francesoir,bd6t5126976s,,failed,0,0,,http_manifest,known,403,manifest,"Client error '403 ' for url 'https://openapiproext.bnf.fr/iiif/presentation/v3/ark:/12148/bd6t5126976s/manifest.json'
For more information check: https://developer.mozilla.org/en-US/docs/Web/HTTP/Status/403",2026-07-17T12:44:25.354902
francesoir,bd6t51269775,,failed,0,0,,http_manifest,known,403,manifest,"Client error '403 ' for url 'https://openapiproext.bnf.fr/iiif/presentation/v3/ark:/12148/bd6t51269775/manifest.json'
For more information check: https://developer.mozilla.org/en-US/docs/Web/HTTP/Status/403",2026-07-17T12:44:26.549974
francesoir,bd6t5126978j,,failed,0,0,,http_manifest,known,403,manifest,"Client error '403 ' for url 'https://openapiproext.bnf.fr/iiif/presentation/v3/ark:/12148/bd6t5126978j/manifest.json'
For more information check: https://developer.mozilla.org/en-US/docs/Web/HTTP/Status/403",2026-07-17T12:44:27.755960
francesoir,bd6t5126979x,,failed,0,0,,http_manifest,known,403,manifest,"Client error '403 ' for url 'https://openapiproext.bnf.fr/iiif/presentation/v3/ark:/12148/bd6t5126979x/manifest.json'
For more information check: https://developer.mozilla.org/en-US/docs/Web/HTTP/Status/403",2026-07-17T12:44:28.952308
francesoir,bd6t5126980v,,failed,0,0,,http_manifest,known,403,manifest,"Client error '403 ' for url 'https://openapiproext.bnf.fr/iiif/presentation/v3/ark:/12148/bd6t5126980v/manifest.json'
For more information check: https://developer.mozilla.org/en-US/docs/Web/HTTP/Status/403",2026-07-17T12:44:30.169389
francesoir,bd6t51269817,,failed,0,0,,http_manifest,known,403,manifest,"Client error '403 ' for url 'https://openapiproext.bnf.fr/iiif/presentation/v3/ark:/12148/bd6t51269817/manifest.json'
For more information check: https://developer.mozilla.org/en-US/docs/Web/HTTP/Status/403",2026-07-17T12:44:31.372521
francesoir,bd6t5126982m,,failed,0,0,,http_manifest,known,403,manifest,"Client error '403 ' for url 'https://openapiproext.bnf.fr/iiif/presentation/v3/ark:/12148/bd6t5126982m/manifest.json'
For more information check: https://developer.mozilla.org/en-US/docs/Web/HTTP/Status/403",2026-07-17T12:44:32.563392
francesoir,bd6t51269830,,failed,0,0,,http_manifest,known,403,manifest,"Client error '403 ' for url 'https://openapiproext.bnf.fr/iiif/presentation/v3/ark:/12148/bd6t51269830/manifest.json'
For more information check: https://developer.mozilla.org/en-US/docs/Web/HTTP/Status/403",2026-07-17T12:44:33.758048
francesoir,bd6t5126984c,,failed,0,0,,http_manifest,known,403,manifest,"Client error '403 ' for url 'https://openapiproext.bnf.fr/iiif/presentation/v3/ark:/12148/bd6t5126984c/manifest.json'
For more information check: https://developer.mozilla.org/en-US/docs/Web/HTTP/Status/403",2026-07-17T12:44:34.961958
francesoir,bd6t5126985r,,failed,0,0,,http_manifest,known,403,manifest,"Client error '403 ' for url 'https://openapiproext.bnf.fr/iiif/presentation/v3/ark:/12148/bd6t5126985r/manifest.json'
For more information check: https://developer.mozilla.org/en-US/docs/Web/HTTP/Status/403",2026-07-17T12:44:36.161426
francesoir,bd6t51269864,,failed,0,0,,http_manifest,known,403,manifest,"Client error '403 ' for url 'https://openapiproext.bnf.fr/iiif/presentation/v3/ark:/12148/bd6t51269864/manifest.json'
For more information check: https://developer.mozilla.org/en-US/docs/Web/HTTP/Status/403",2026-07-17T12:44:37.383008
francesoir,bd6t5126987h,,failed,0,0,,http_manifest,known,403,manifest,"Client error '403 ' for url 'https://openapiproext.bnf.fr/iiif/presentation/v3/ark:/12148/bd6t5126987h/manifest.json'
For more information check: https://developer.mozilla.org/en-US/docs/Web/HTTP/Status/403",2026-07-17T12:44:38.569273
francesoir,bd6t5126988w,,failed,0,0,,http_manifest,known,403,manifest,"Client error '403 ' for url 'https://openapiproext.bnf.fr/iiif/presentation/v3/ark:/12148/bd6t5126988w/manifest.json'
For more information check: https://developer.mozilla.org/en-US/docs/Web/HTTP/Status/403",2026-07-17T12:44:39.764511
francesoir,bd6t51269898,,failed,0,0,,http_manifest,known,403,manifest,"Client error '403 ' for url 'https://openapiproext.bnf.fr/iiif/presentation/v3/ark:/12148/bd6t51269898/manifest.json'
For more information check: https://developer.mozilla.org/en-US/docs/Web/HTTP/Status/403",2026-07-17T12:44:40.968521
francesoir,bd6t51269906,,failed,0,0,,http_manifest,known,403,manifest,"Client error '403 ' for url 'https://openapiproext.bnf.fr/iiif/presentation/v3/ark:/12148/bd6t51269906/manifest.json'
For more information check: https://developer.mozilla.org/en-US/docs/Web/HTTP/Status/403",2026-07-17T12:44:42.170158
francesoir,bd6t5126991k,,failed,0,0,,http_manifest,known,403,manifest,"Client error '403 ' for url 'https://openapiproext.bnf.fr/iiif/presentation/v3/ark:/12148/bd6t5126991k/manifest.json'
For more information check: https://developer.mozilla.org/en-US/docs/Web/HTTP/Status/403",2026-07-17T12:44:43.373827
francesoir,bd6t5126992z,,failed,0,0,,http_manifest,known,403,manifest,"Client error '403 ' for url 'https://openapiproext.bnf.fr/iiif/presentation/v3/ark:/12148/bd6t5126992z/manifest.json'
For more information check: https://developer.mozilla.org/en-US/docs/Web/HTTP/Status/403",2026-07-17T12:44:44.578078
francesoir,bd6t5126993b,,failed,0,0,,http_manifest,known,403,manifest,"Client error '403 ' for url 'https://openapiproext.bnf.fr/iiif/presentation/v3/ark:/12148/bd6t5126993b/manifest.json'
For more information check: https://developer.mozilla.org/en-US/docs/Web/HTTP/Status/403",2026-07-17T12:44:45.772192
francesoir,bd6t5126994q,,failed,0,0,,http_manifest,known,403,manifest,"Client error '403 ' for url 'https://openapiproext.bnf.fr/iiif/presentation/v3/ark:/12148/bd6t5126994q/manifest.json'
For more information check: https://developer.mozilla.org/en-US/docs/Web/HTTP/Status/403",2026-07-17T12:44:46.976157
francesoir,bd6t51269953,,failed,0,0,,http_manifest,known,403,manifest,"Client error '403 ' for url 'https://openapiproext.bnf.fr/iiif/presentation/v3/ark:/12148/bd6t51269953/manifest.json'
For more information check: https://developer.mozilla.org/en-US/docs/Web/HTTP/Status/403",2026-07-17T12:44:48.185770
francesoir,bd6t5126996g,,failed,0,0,,http_manifest,known,403,manifest,"Client error '403 ' for url 'https://openapiproext.bnf.fr/iiif/presentation/v3/ark:/12148/bd6t5126996g/manifest.json'
For more information check: https://developer.mozilla.org/en-US/docs/Web/HTTP/Status/403",2026-07-17T12:44:49.400859
francesoir,bd6t5126997v,,failed,0,0,,http_manifest,known,403,manifest,"Client error '403 ' for url 'https://openapiproext.bnf.fr/iiif/presentation/v3/ark:/12148/bd6t5126997v/manifest.json'
For more information check: https://developer.mozilla.org/en-US/docs/Web/HTTP/Status/403",2026-07-17T12:44:50.584923
francesoir,bd6t51269987,,failed,0,0,,http_manifest,known,403,manifest,"Client error '403 ' for url 'https://openapiproext.bnf.fr/iiif/presentation/v3/ark:/12148/bd6t51269987/manifest.json'
For more information check: https://developer.mozilla.org/en-US/docs/Web/HTTP/Status/403",2026-07-17T12:44:51.788977
francesoir,bd6t5126999m,,failed,0,0,,http_manifest,known,403,manifest,"Client error '403 ' for url 'https://openapiproext.bnf.fr/iiif/presentation/v3/ark:/12148/bd6t5126999m/manifest.json'
For more information check: https://developer.mozilla.org/en-US/docs/Web/HTTP/Status/403",2026-07-17T12:44:52.991044
francesoir,bd6t5127000k,,failed,0,0,,http_manifest,known,403,manifest,"Client error '403 ' for url 'https://openapiproext.bnf.fr/iiif/presentation/v3/ark:/12148/bd6t5127000k/manifest.json'
For more information check: https://developer.mozilla.org/en-US/docs/Web/HTTP/Status/403",2026-07-17T12:44:54.198133
francesoir,bd6t5127001z,,failed,0,0,,http_manifest,known,403,manifest,"Client error '403 ' for url 'https://openapiproext.bnf.fr/iiif/presentation/v3/ark:/12148/bd6t5127001z/manifest.json'
For more information check: https://developer.mozilla.org/en-US/docs/Web/HTTP/Status/403",2026-07-17T12:44:55.390596
francesoir,bd6t5127002b,,failed,0,0,,http_manifest,known,403,manifest,"Client error '403 ' for url 'https://openapiproext.bnf.fr/iiif/presentation/v3/ark:/12148/bd6t5127002b/manifest.json'
For more information check: https://developer.mozilla.org/en-US/docs/Web/HTTP/Status/403",2026-07-17T12:44:56.593220
francesoir,bd6t5127003q,,failed,0,0,,http_manifest,known,403,manifest,"Client error '403 ' for url 'https://openapiproext.bnf.fr/iiif/presentation/v3/ark:/12148/bd6t5127003q/manifest.json'
For more information check: https://developer.mozilla.org/en-US/docs/Web/HTTP/Status/403",2026-07-17T12:44:57.956447
francesoir,bd6t51270043,,failed,0,0,,http_manifest,known,403,manifest,"Client error '403 ' for url 'https://openapiproext.bnf.fr/iiif/presentation/v3/ark:/12148/bd6t51270043/manifest.json'
For more information check: https://developer.mozilla.org/en-US/docs/Web/HTTP/Status/403",2026-07-17T12:44:59.003171
francesoir,bd6t5127005g,,failed,0,0,,http_manifest,known,403,manifest,"Client error '403 ' for url 'https://openapiproext.bnf.fr/iiif/presentation/v3/ark:/12148/bd6t5127005g/manifest.json'
For more information check: https://developer.mozilla.org/en-US/docs/Web/HTTP/Status/403",2026-07-17T12:45:00.261639
francesoir,bd6t5127006v,,failed,0,0,,http_manifest,known,403,manifest,"Client error '403 ' for url 'https://openapiproext.bnf.fr/iiif/presentation/v3/ark:/12148/bd6t5127006v/manifest.json'
For more information check: https://developer.mozilla.org/en-US/docs/Web/HTTP/Status/403",2026-07-17T12:45:01.483410
francesoir,bd6t51270077,,failed,0,0,,http_manifest,known,403,manifest,"Client error '403 ' for url 'https://openapiproext.bnf.fr/iiif/presentation/v3/ark:/12148/bd6t51270077/manifest.json'
For more information check: https://developer.mozilla.org/en-US/docs/Web/HTTP/Status/403",2026-07-17T12:45:02.609794
francesoir,bd6t5127008m,,failed,0,0,,http_manifest,known,403,manifest,"Client error '403 ' for url 'https://openapiproext.bnf.fr/iiif/presentation/v3/ark:/12148/bd6t5127008m/manifest.json'
For more information check: https://developer.mozilla.org/en-US/docs/Web/HTTP/Status/403",2026-07-17T12:45:03.905827
francesoir,bd6t51270090,,failed,0,0,,http_manifest,known,403,manifest,"Client error '403 ' for url 'https://openapiproext.bnf.fr/iiif/presentation/v3/ark:/12148/bd6t51270090/manifest.json'
For more information check: https://developer.mozilla.org/en-US/docs/Web/HTTP/Status/403",2026-07-17T12:45:05.197483
francesoir,bd6t5127010x,,failed,0,0,,http_manifest,known,403,manifest,"Client error '403 ' for url 'https://openapiproext.bnf.fr/iiif/presentation/v3/ark:/12148/bd6t5127010x/manifest.json'
For more information check: https://developer.mozilla.org/en-US/docs/Web/HTTP/Status/403",2026-07-17T12:45:06.462137
francesoir,bd6t51270119,,failed,0,0,,http_manifest,known,403,manifest,"Client error '403 ' for url 'https://openapiproext.bnf.fr/iiif/presentation/v3/ark:/12148/bd6t51270119/manifest.json'
For more information check: https://developer.mozilla.org/en-US/docs/Web/HTTP/Status/403",2026-07-17T12:45:07.555388
francesoir,bd6t5127012p,,failed,0,0,,http_manifest,known,403,manifest,"Client error '403 ' for url 'https://openapiproext.bnf.fr/iiif/presentation/v3/ark:/12148/bd6t5127012p/manifest.json'
For more information check: https://developer.mozilla.org/en-US/docs/Web/HTTP/Status/403",2026-07-17T12:45:08.654482
francesoir,bd6t51270132,,failed,0,0,,http_manifest,known,403,manifest,"Client error '403 ' for url 'https://openapiproext.bnf.fr/iiif/presentation/v3/ark:/12148/bd6t51270132/manifest.json'
For more information check: https://developer.mozilla.org/en-US/docs/Web/HTTP/Status/403",2026-07-17T12:45:09.974148
francesoir,bd6t5127014f,,failed,0,0,,http_manifest,known,403,manifest,"Client error '403 ' for url 'https://openapiproext.bnf.fr/iiif/presentation/v3/ark:/12148/bd6t5127014f/manifest.json'
For more information check: https://developer.mozilla.org/en-US/docs/Web/HTTP/Status/403",2026-07-17T12:45:11.106400
francesoir,bd6t5127015t,,failed,0,0,,http_manifest,known,403,manifest,"Client error '403 ' for url 'https://openapiproext.bnf.fr/iiif/presentation/v3/ark:/12148/bd6t5127015t/manifest.json'
For more information check: https://developer.mozilla.org/en-US/docs/Web/HTTP/Status/403",2026-07-17T12:45:12.283548
francesoir,bd6t51270166,,failed,0,0,,http_manifest,known,403,manifest,"Client error '403 ' for url 'https://openapiproext.bnf.fr/iiif/presentation/v3/ark:/12148/bd6t51270166/manifest.json'
For more information check: https://developer.mozilla.org/en-US/docs/Web/HTTP/Status/403",2026-07-17T12:45:13.612931
francesoir,bd6t5127017k,,failed,0,0,,http_manifest,known,403,manifest,"Client error '403 ' for url 'https://openapiproext.bnf.fr/iiif/presentation/v3/ark:/12148/bd6t5127017k/manifest.json'
For more information check: https://developer.mozilla.org/en-US/docs/Web/HTTP/Status/403",2026-07-17T12:45:14.761565
francesoir,bd6t5127018z,,failed,0,0,,http_manifest,known,403,manifest,"Client error '403 ' for url 'https://openapiproext.bnf.fr/iiif/presentation/v3/ark:/12148/bd6t5127018z/manifest.json'
For more information check: https://developer.mozilla.org/en-US/docs/Web/HTTP/Status/403",2026-07-17T12:45:16.021301
francesoir,bd6t5127019b,,failed,0,0,,http_manifest,known,403,manifest,"Client error '403 ' for url 'https://openapiproext.bnf.fr/iiif/presentation/v3/ark:/12148/bd6t5127019b/manifest.json'
For more information check: https://developer.mozilla.org/en-US/docs/Web/HTTP/Status/403",2026-07-17T12:45:17.138930
francesoir,bd6t51270208,,failed,0,0,,http_manifest,known,403,manifest,"Client error '403 ' for url 'https://openapiproext.bnf.fr/iiif/presentation/v3/ark:/12148/bd6t51270208/manifest.json'
For more information check: https://developer.mozilla.org/en-US/docs/Web/HTTP/Status/403",2026-07-17T12:45:18.401455
francesoir,bd6t5127021n,,failed,0,0,,http_manifest,known,403,manifest,"Client error '403 ' for url 'https://openapiproext.bnf.fr/iiif/presentation/v3/ark:/12148/bd6t5127021n/manifest.json'
For more information check: https://developer.mozilla.org/en-US/docs/Web/HTTP/Status/403",2026-07-17T12:45:19.448204
francesoir,bd6t51270221,,failed,0,0,,http_manifest,known,403,manifest,"Client error '403 ' for url 'https://openapiproext.bnf.fr/iiif/presentation/v3/ark:/12148/bd6t51270221/manifest.json'
For more information check: https://developer.mozilla.org/en-US/docs/Web/HTTP/Status/403",2026-07-17T12:45:20.618802
francesoir,bd6t5127023d,,failed,0,0,,http_manifest,known,403,manifest,"Client error '403 ' for url 'https://openapiproext.bnf.fr/iiif/presentation/v3/ark:/12148/bd6t5127023d/manifest.json'
For more information check: https://developer.mozilla.org/en-US/docs/Web/HTTP/Status/403",2026-07-17T12:45:21.824418
francesoir,bd6t5127024s,,failed,0,0,,http_manifest,known,403,manifest,"Client error '403 ' for url 'https://openapiproext.bnf.fr/iiif/presentation/v3/ark:/12148/bd6t5127024s/manifest.json'
For more information check: https://developer.mozilla.org/en-US/docs/Web/HTTP/Status/403",2026-07-17T12:45:23.031067
francesoir,bd6t51270255,,failed,0,0,,http_manifest,known,403,manifest,"Client error '403 ' for url 'https://openapiproext.bnf.fr/iiif/presentation/v3/ark:/12148/bd6t51270255/manifest.json'
For more information check: https://developer.mozilla.org/en-US/docs/Web/HTTP/Status/403",2026-07-17T12:45:24.226661
francesoir,bd6t5127026j,,failed,0,0,,http_manifest,known,403,manifest,"Client error '403 ' for url 'https://openapiproext.bnf.fr/iiif/presentation/v3/ark:/12148/bd6t5127026j/manifest.json'
For more information check: https://developer.mozilla.org/en-US/docs/Web/HTTP/Status/403",2026-07-17T12:45:25.434900
francesoir,bd6t5127027x,,failed,0,0,,http_manifest,known,403,manifest,"Client error '403 ' for url 'https://openapiproext.bnf.fr/iiif/presentation/v3/ark:/12148/bd6t5127027x/manifest.json'
For more information check: https://developer.mozilla.org/en-US/docs/Web/HTTP/Status/403",2026-07-17T12:45:26.636765
francesoir,bd6t51270289,,failed,0,0,,http_manifest,known,403,manifest,"Client error '403 ' for url 'https://openapiproext.bnf.fr/iiif/presentation/v3/ark:/12148/bd6t51270289/manifest.json'
For more information check: https://developer.mozilla.org/en-US/docs/Web/HTTP/Status/403",2026-07-17T12:45:27.833381
francesoir,bd6t5127029p,,failed,0,0,,http_manifest,known,403,manifest,"Client error '403 ' for url 'https://openapiproext.bnf.fr/iiif/presentation/v3/ark:/12148/bd6t5127029p/manifest.json'
For more information check: https://developer.mozilla.org/en-US/docs/Web/HTTP/Status/403",2026-07-17T12:45:29.036362
francesoir,bd6t5127030m,,failed,0,0,,http_manifest,known,403,manifest,"Client error '403 ' for url 'https://openapiproext.bnf.fr/iiif/presentation/v3/ark:/12148/bd6t5127030m/manifest.json'
For more information check: https://developer.mozilla.org/en-US/docs/Web/HTTP/Status/403",2026-07-17T12:45:30.249635
francesoir,bd6t51270310,,failed,0,0,,http_manifest,known,403,manifest,"Client error '403 ' for url 'https://openapiproext.bnf.fr/iiif/presentation/v3/ark:/12148/bd6t51270310/manifest.json'
For more information check: https://developer.mozilla.org/en-US/docs/Web/HTTP/Status/403",2026-07-17T12:45:31.454605
francesoir,bd6t5127032c,,failed,0,0,,http_manifest,known,403,manifest,"Client error '403 ' for url 'https://openapiproext.bnf.fr/iiif/presentation/v3/ark:/12148/bd6t5127032c/manifest.json'
For more information check: https://developer.mozilla.org/en-US/docs/Web/HTTP/Status/403",2026-07-17T12:45:32.638037
francesoir,bd6t5127033r,,failed,0,0,,http_manifest,known,403,manifest,"Client error '403 ' for url 'https://openapiproext.bnf.fr/iiif/presentation/v3/ark:/12148/bd6t5127033r/manifest.json'
For more information check: https://developer.mozilla.org/en-US/docs/Web/HTTP/Status/403",2026-07-17T12:45:33.847490
francesoir,bd6t51270344,,failed,0,0,,http_manifest,known,403,manifest,"Client error '403 ' for url 'https://openapiproext.bnf.fr/iiif/presentation/v3/ark:/12148/bd6t51270344/manifest.json'
For more information check: https://developer.mozilla.org/en-US/docs/Web/HTTP/Status/403",2026-07-17T12:45:35.042359
francesoir,bd6t5127035h,,failed,0,0,,http_manifest,known,403,manifest,"Client error '403 ' for url 'https://openapiproext.bnf.fr/iiif/presentation/v3/ark:/12148/bd6t5127035h/manifest.json'
For more information check: https://developer.mozilla.org/en-US/docs/Web/HTTP/Status/403",2026-07-17T12:45:36.244331
francesoir,bd6t5127036w,,failed,0,0,,http_manifest,known,403,manifest,"Client error '403 ' for url 'https://openapiproext.bnf.fr/iiif/presentation/v3/ark:/12148/bd6t5127036w/manifest.json'
For more information check: https://developer.mozilla.org/en-US/docs/Web/HTTP/Status/403",2026-07-17T12:45:37.458281
francesoir,bd6t51270378,,failed,0,0,,http_manifest,known,403,manifest,"Client error '403 ' for url 'https://openapiproext.bnf.fr/iiif/presentation/v3/ark:/12148/bd6t51270378/manifest.json'
For more information check: https://developer.mozilla.org/en-US/docs/Web/HTTP/Status/403",2026-07-17T12:45:38.656703
francesoir,bd6t5127038n,,failed,0,0,,http_manifest,known,403,manifest,"Client error '403 ' for url 'https://openapiproext.bnf.fr/iiif/presentation/v3/ark:/12148/bd6t5127038n/manifest.json'
For more information check: https://developer.mozilla.org/en-US/docs/Web/HTTP/Status/403",2026-07-17T12:45:39.849210
francesoir,bd6t51270391,,failed,0,0,,http_manifest,known,403,manifest,"Client error '403 ' for url 'https://openapiproext.bnf.fr/iiif/presentation/v3/ark:/12148/bd6t51270391/manifest.json'
For more information check: https://developer.mozilla.org/en-US/docs/Web/HTTP/Status/403",2026-07-17T12:45:41.049328
francesoir,bd6t5127040z,,failed,0,0,,http_manifest,known,403,manifest,"Client error '403 ' for url 'https://openapiproext.bnf.fr/iiif/presentation/v3/ark:/12148/bd6t5127040z/manifest.json'
For more information check: https://developer.mozilla.org/en-US/docs/Web/HTTP/Status/403",2026-07-17T12:45:42.260333
francesoir,bd6t5127041b,,failed,0,0,,http_manifest,known,403,manifest,"Client error '403 ' for url 'https://openapiproext.bnf.fr/iiif/presentation/v3/ark:/12148/bd6t5127041b/manifest.json'
For more information check: https://developer.mozilla.org/en-US/docs/Web/HTTP/Status/403",2026-07-17T12:45:43.452369
francesoir,bd6t5127042q,,failed,0,0,,http_manifest,known,403,manifest,"Client error '403 ' for url 'https://openapiproext.bnf.fr/iiif/presentation/v3/ark:/12148/bd6t5127042q/manifest.json'
For more information check: https://developer.mozilla.org/en-US/docs/Web/HTTP/Status/403",2026-07-17T12:45:44.652538
francesoir,bd6t5126885f,,failed,0,0,,http_manifest,known,403,manifest,"Client error '403 ' for url 'https://openapiproext.bnf.fr/iiif/presentation/v3/ark:/12148/bd6t5126885f/manifest.json'
For more information check: https://developer.mozilla.org/en-US/docs/Web/HTTP/Status/403",2026-07-17T12:45:45.856178
francesoir,bd6t5126886t,,failed,0,0,,http_manifest,known,403,manifest,"Client error '403 ' for url 'https://openapiproext.bnf.fr/iiif/presentation/v3/ark:/12148/bd6t5126886t/manifest.json'
For more information check: https://developer.mozilla.org/en-US/docs/Web/HTTP/Status/403",2026-07-17T12:45:47.058171
francesoir,bd6t51268876,,failed,0,0,,http_manifest,known,403,manifest,"Client error '403 ' for url 'https://openapiproext.bnf.fr/iiif/presentation/v3/ark:/12148/bd6t51268876/manifest.json'
For more information check: https://developer.mozilla.org/en-US/docs/Web/HTTP/Status/403",2026-07-17T12:45:48.258380
francesoir,bd6t5126888k,,failed,0,0,,http_manifest,known,403,manifest,"Client error '403 ' for url 'https://openapiproext.bnf.fr/iiif/presentation/v3/ark:/12148/bd6t5126888k/manifest.json'
For more information check: https://developer.mozilla.org/en-US/docs/Web/HTTP/Status/403",2026-07-17T12:45:49.473382
francesoir,bd6t5126889z,,failed,0,0,,http_manifest,known,403,manifest,"Client error '403 ' for url 'https://openapiproext.bnf.fr/iiif/presentation/v3/ark:/12148/bd6t5126889z/manifest.json'
For more information check: https://developer.mozilla.org/en-US/docs/Web/HTTP/Status/403",2026-07-17T12:45:50.662022
francesoir,bd6t5126890w,,failed,0,0,,http_manifest,known,403,manifest,"Client error '403 ' for url 'https://openapiproext.bnf.fr/iiif/presentation/v3/ark:/12148/bd6t5126890w/manifest.json'
For more information check: https://developer.mozilla.org/en-US/docs/Web/HTTP/Status/403",2026-07-17T12:45:51.862775
francesoir,bd6t51268918,,failed,0,0,,http_manifest,known,403,manifest,"Client error '403 ' for url 'https://openapiproext.bnf.fr/iiif/presentation/v3/ark:/12148/bd6t51268918/manifest.json'
For more information check: https://developer.mozilla.org/en-US/docs/Web/HTTP/Status/403",2026-07-17T12:45:53.065421
francesoir,bd6t5126892n,,failed,0,0,,http_manifest,known,403,manifest,"Client error '403 ' for url 'https://openapiproext.bnf.fr/iiif/presentation/v3/ark:/12148/bd6t5126892n/manifest.json'
For more information check: https://developer.mozilla.org/en-US/docs/Web/HTTP/Status/403",2026-07-17T12:45:54.276272
francesoir,bd6t51268931,,failed,0,0,,http_manifest,known,403,manifest,"Client error '403 ' for url 'https://openapiproext.bnf.fr/iiif/presentation/v3/ark:/12148/bd6t51268931/manifest.json'
For more information check: https://developer.mozilla.org/en-US/docs/Web/HTTP/Status/403",2026-07-17T12:45:55.467524
francesoir,bd6t5126894d,,failed,0,0,,http_manifest,known,403,manifest,"Client error '403 ' for url 'https://openapiproext.bnf.fr/iiif/presentation/v3/ark:/12148/bd6t5126894d/manifest.json'
For more information check: https://developer.mozilla.org/en-US/docs/Web/HTTP/Status/403",2026-07-17T12:45:56.669903
francesoir,bd6t5126895s,,failed,0,0,,http_manifest,known,403,manifest,"Client error '403 ' for url 'https://openapiproext.bnf.fr/iiif/presentation/v3/ark:/12148/bd6t5126895s/manifest.json'
For more information check: https://developer.mozilla.org/en-US/docs/Web/HTTP/Status/403",2026-07-17T12:45:57.872340
francesoir,bd6t51268965,,failed,0,0,,http_manifest,known,403,manifest,"Client error '403 ' for url 'https://openapiproext.bnf.fr/iiif/presentation/v3/ark:/12148/bd6t51268965/manifest.json'
For more information check: https://developer.mozilla.org/en-US/docs/Web/HTTP/Status/403",2026-07-17T12:45:59.186483
francesoir,bd6t5126897j,,failed,0,0,,http_manifest,known,403,manifest,"Client error '403 ' for url 'https://openapiproext.bnf.fr/iiif/presentation/v3/ark:/12148/bd6t5126897j/manifest.json'
For more information check: https://developer.mozilla.org/en-US/docs/Web/HTTP/Status/403",2026-07-17T12:46:00.273185
francesoir,bd6t5126898x,,failed,0,0,,http_manifest,known,403,manifest,"Client error '403 ' for url 'https://openapiproext.bnf.fr/iiif/presentation/v3/ark:/12148/bd6t5126898x/manifest.json'
For more information check: https://developer.mozilla.org/en-US/docs/Web/HTTP/Status/403",2026-07-17T12:46:01.695127
francesoir,bd6t51268999,,failed,0,0,,http_manifest,known,403,manifest,"Client error '403 ' for url 'https://openapiproext.bnf.fr/iiif/presentation/v3/ark:/12148/bd6t51268999/manifest.json'
For more information check: https://developer.mozilla.org/en-US/docs/Web/HTTP/Status/403",2026-07-17T12:46:02.678302
francesoir,bd6t51269003,,failed,0,0,,http_manifest,known,403,manifest,"Client error '403 ' for url 'https://openapiproext.bnf.fr/iiif/presentation/v3/ark:/12148/bd6t51269003/manifest.json'
For more information check: https://developer.mozilla.org/en-US/docs/Web/HTTP/Status/403",2026-07-17T12:46:04.069128
francesoir,bd6t5126901g,,failed,0,0,,http_manifest,known,403,manifest,"Client error '403 ' for url 'https://openapiproext.bnf.fr/iiif/presentation/v3/ark:/12148/bd6t5126901g/manifest.json'
For more information check: https://developer.mozilla.org/en-US/docs/Web/HTTP/Status/403",2026-07-17T12:46:05.147439
francesoir,bd6t5126902v,,failed,0,0,,http_manifest,known,403,manifest,"Client error '403 ' for url 'https://openapiproext.bnf.fr/iiif/presentation/v3/ark:/12148/bd6t5126902v/manifest.json'
For more information check: https://developer.mozilla.org/en-US/docs/Web/HTTP/Status/403",2026-07-17T12:46:06.281894
francesoir,bd6t51269037,,failed,0,0,,http_manifest,known,403,manifest,"Client error '403 ' for url 'https://openapiproext.bnf.fr/iiif/presentation/v3/ark:/12148/bd6t51269037/manifest.json'
For more information check: https://developer.mozilla.org/en-US/docs/Web/HTTP/Status/403",2026-07-17T12:46:07.623532
francesoir,bd6t5126904m,,failed,0,0,,http_manifest,known,403,manifest,"Client error '403 ' for url 'https://openapiproext.bnf.fr/iiif/presentation/v3/ark:/12148/bd6t5126904m/manifest.json'
For more information check: https://developer.mozilla.org/en-US/docs/Web/HTTP/Status/403",2026-07-17T12:46:08.694026
francesoir,bd6t51269050,,failed,0,0,,http_manifest,known,403,manifest,"Client error '403 ' for url 'https://openapiproext.bnf.fr/iiif/presentation/v3/ark:/12148/bd6t51269050/manifest.json'
For more information check: https://developer.mozilla.org/en-US/docs/Web/HTTP/Status/403",2026-07-17T12:46:10.002359
francesoir,bd6t5126906c,,failed,0,0,,http_manifest,known,403,manifest,"Client error '403 ' for url 'https://openapiproext.bnf.fr/iiif/presentation/v3/ark:/12148/bd6t5126906c/manifest.json'
For more information check: https://developer.mozilla.org/en-US/docs/Web/HTTP/Status/403",2026-07-17T12:46:11.152976
francesoir,bd6t5126907r,,failed,0,0,,http_manifest,known,403,manifest,"Client error '403 ' for url 'https://openapiproext.bnf.fr/iiif/presentation/v3/ark:/12148/bd6t5126907r/manifest.json'
For more information check: https://developer.mozilla.org/en-US/docs/Web/HTTP/Status/403",2026-07-17T12:46:12.442118
francesoir,bd6t51269084,,failed,0,0,,http_manifest,known,403,manifest,"Client error '403 ' for url 'https://openapiproext.bnf.fr/iiif/presentation/v3/ark:/12148/bd6t51269084/manifest.json'
For more information check: https://developer.mozilla.org/en-US/docs/Web/HTTP/Status/403",2026-07-17T12:46:13.531140
francesoir,bd6t5126909h,,failed,0,0,,http_manifest,known,403,manifest,"Client error '403 ' for url 'https://openapiproext.bnf.fr/iiif/presentation/v3/ark:/12148/bd6t5126909h/manifest.json'
For more information check: https://developer.mozilla.org/en-US/docs/Web/HTTP/Status/403",2026-07-17T12:46:14.853366
francesoir,bd6t5126910f,,failed,0,0,,http_manifest,known,403,manifest,"Client error '403 ' for url 'https://openapiproext.bnf.fr/iiif/presentation/v3/ark:/12148/bd6t5126910f/manifest.json'
For more information check: https://developer.mozilla.org/en-US/docs/Web/HTTP/Status/403",2026-07-17T12:46:16.070657
francesoir,bd6t5126911t,,failed,0,0,,http_manifest,known,403,manifest,"Client error '403 ' for url 'https://openapiproext.bnf.fr/iiif/presentation/v3/ark:/12148/bd6t5126911t/manifest.json'
For more information check: https://developer.mozilla.org/en-US/docs/Web/HTTP/Status/403",2026-07-17T12:46:17.165186
francesoir,bd6t51269126,,failed,0,0,,http_manifest,known,403,manifest,"Client error '403 ' for url 'https://openapiproext.bnf.fr/iiif/presentation/v3/ark:/12148/bd6t51269126/manifest.json'
For more information check: https://developer.mozilla.org/en-US/docs/Web/HTTP/Status/403",2026-07-17T12:46:18.299407
francesoir,bd6t5126913k,,failed,0,0,,http_manifest,known,403,manifest,"Client error '403 ' for url 'https://openapiproext.bnf.fr/iiif/presentation/v3/ark:/12148/bd6t5126913k/manifest.json'
For more information check: https://developer.mozilla.org/en-US/docs/Web/HTTP/Status/403",2026-07-17T12:46:19.598474
francesoir,bd6t5126914z,,failed,0,0,,http_manifest,known,403,manifest,"Client error '403 ' for url 'https://openapiproext.bnf.fr/iiif/presentation/v3/ark:/12148/bd6t5126914z/manifest.json'
For more information check: https://developer.mozilla.org/en-US/docs/Web/HTTP/Status/403",2026-07-17T12:46:20.698564
francesoir,bd6t5126915b,,failed,0,0,,http_manifest,known,403,manifest,"Client error '403 ' for url 'https://openapiproext.bnf.fr/iiif/presentation/v3/ark:/12148/bd6t5126915b/manifest.json'
For more information check: https://developer.mozilla.org/en-US/docs/Web/HTTP/Status/403",2026-07-17T12:46:21.902042
francesoir,bd6t5126916q,,failed,0,0,,http_manifest,known,403,manifest,"Client error '403 ' for url 'https://openapiproext.bnf.fr/iiif/presentation/v3/ark:/12148/bd6t5126916q/manifest.json'
For more information check: https://developer.mozilla.org/en-US/docs/Web/HTTP/Status/403",2026-07-17T12:46:23.102059
francesoir,bd6t51269173,,failed,0,0,,http_manifest,known,403,manifest,"Client error '403 ' for url 'https://openapiproext.bnf.fr/iiif/presentation/v3/ark:/12148/bd6t51269173/manifest.json'
For more information check: https://developer.mozilla.org/en-US/docs/Web/HTTP/Status/403",2026-07-17T12:46:24.303454
francesoir,bd6t5126918g,,failed,0,0,,http_manifest,known,403,manifest,"Client error '403 ' for url 'https://openapiproext.bnf.fr/iiif/presentation/v3/ark:/12148/bd6t5126918g/manifest.json'
For more information check: https://developer.mozilla.org/en-US/docs/Web/HTTP/Status/403",2026-07-17T12:46:25.528178
francesoir,bd6t5126919v,,failed,0,0,,http_manifest,known,403,manifest,"Client error '403 ' for url 'https://openapiproext.bnf.fr/iiif/presentation/v3/ark:/12148/bd6t5126919v/manifest.json'
For more information check: https://developer.mozilla.org/en-US/docs/Web/HTTP/Status/403",2026-07-17T12:46:26.703410
francesoir,bd6t5126920s,,failed,0,0,,http_manifest,known,403,manifest,"Client error '403 ' for url 'https://openapiproext.bnf.fr/iiif/presentation/v3/ark:/12148/bd6t5126920s/manifest.json'
For more information check: https://developer.mozilla.org/en-US/docs/Web/HTTP/Status/403",2026-07-17T12:46:27.905159
francesoir,bd6t51269215,,failed,0,0,,http_manifest,known,403,manifest,"Client error '403 ' for url 'https://openapiproext.bnf.fr/iiif/presentation/v3/ark:/12148/bd6t51269215/manifest.json'
For more information check: https://developer.mozilla.org/en-US/docs/Web/HTTP/Status/403",2026-07-17T12:46:29.108835
francesoir,bd6t5126922j,,failed,0,0,,http_manifest,known,403,manifest,"Client error '403 ' for url 'https://openapiproext.bnf.fr/iiif/presentation/v3/ark:/12148/bd6t5126922j/manifest.json'
For more information check: https://developer.mozilla.org/en-US/docs/Web/HTTP/Status/403",2026-07-17T12:46:30.313470
francesoir,bd6t5126923x,,failed,0,0,,http_manifest,known,403,manifest,"Client error '403 ' for url 'https://openapiproext.bnf.fr/iiif/presentation/v3/ark:/12148/bd6t5126923x/manifest.json'
For more information check: https://developer.mozilla.org/en-US/docs/Web/HTTP/Status/403",2026-07-17T12:46:31.511853
francesoir,bd6t51269249,,failed,0,0,,http_manifest,known,403,manifest,"Client error '403 ' for url 'https://openapiproext.bnf.fr/iiif/presentation/v3/ark:/12148/bd6t51269249/manifest.json'
For more information check: https://developer.mozilla.org/en-US/docs/Web/HTTP/Status/403",2026-07-17T12:46:32.714375
francesoir,bd6t5126925p,,failed,0,0,,http_manifest,known,403,manifest,"Client error '403 ' for url 'https://openapiproext.bnf.fr/iiif/presentation/v3/ark:/12148/bd6t5126925p/manifest.json'
For more information check: https://developer.mozilla.org/en-US/docs/Web/HTTP/Status/403",2026-07-17T12:46:33.917398
francesoir,bd6t51269262,,failed,0,0,,http_manifest,known,403,manifest,"Client error '403 ' for url 'https://openapiproext.bnf.fr/iiif/presentation/v3/ark:/12148/bd6t51269262/manifest.json'
For more information check: https://developer.mozilla.org/en-US/docs/Web/HTTP/Status/403",2026-07-17T12:46:35.118234
francesoir,bd6t5126927f,,failed,0,0,,http_manifest,known,403,manifest,"Client error '403 ' for url 'https://openapiproext.bnf.fr/iiif/presentation/v3/ark:/12148/bd6t5126927f/manifest.json'
For more information check: https://developer.mozilla.org/en-US/docs/Web/HTTP/Status/403",2026-07-17T12:46:36.323618
francesoir,bd6t5126928t,,failed,0,0,,http_manifest,known,403,manifest,"Client error '403 ' for url 'https://openapiproext.bnf.fr/iiif/presentation/v3/ark:/12148/bd6t5126928t/manifest.json'
For more information check: https://developer.mozilla.org/en-US/docs/Web/HTTP/Status/403",2026-07-17T12:46:37.543200
francesoir,bd6t51269296,,failed,0,0,,http_manifest,known,403,manifest,"Client error '403 ' for url 'https://openapiproext.bnf.fr/iiif/presentation/v3/ark:/12148/bd6t51269296/manifest.json'
For more information check: https://developer.mozilla.org/en-US/docs/Web/HTTP/Status/403",2026-07-17T12:46:38.723375
francesoir,bd6t51269304,,failed,0,0,,http_manifest,known,403,manifest,"Client error '403 ' for url 'https://openapiproext.bnf.fr/iiif/presentation/v3/ark:/12148/bd6t51269304/manifest.json'
For more information check: https://developer.mozilla.org/en-US/docs/Web/HTTP/Status/403",2026-07-17T12:46:39.923077
francesoir,bd6t5126931h,,failed,0,0,,http_manifest,known,403,manifest,"Client error '403 ' for url 'https://openapiproext.bnf.fr/iiif/presentation/v3/ark:/12148/bd6t5126931h/manifest.json'
For more information check: https://developer.mozilla.org/en-US/docs/Web/HTTP/Status/403",2026-07-17T12:46:41.127289
francesoir,bd6t5126932w,,failed,0,0,,http_manifest,known,403,manifest,"Client error '403 ' for url 'https://openapiproext.bnf.fr/iiif/presentation/v3/ark:/12148/bd6t5126932w/manifest.json'
For more information check: https://developer.mozilla.org/en-US/docs/Web/HTTP/Status/403",2026-07-17T12:46:42.326298
francesoir,bd6t51269338,,failed,0,0,,http_manifest,known,403,manifest,"Client error '403 ' for url 'https://openapiproext.bnf.fr/iiif/presentation/v3/ark:/12148/bd6t51269338/manifest.json'
For more information check: https://developer.mozilla.org/en-US/docs/Web/HTTP/Status/403",2026-07-17T12:46:43.523936
francesoir,bd6t5126934n,,failed,0,0,,http_manifest,known,403,manifest,"Client error '403 ' for url 'https://openapiproext.bnf.fr/iiif/presentation/v3/ark:/12148/bd6t5126934n/manifest.json'
For more information check: https://developer.mozilla.org/en-US/docs/Web/HTTP/Status/403",2026-07-17T12:46:44.731313
francesoir,bd6t51269351,,failed,0,0,,http_manifest,known,403,manifest,"Client error '403 ' for url 'https://openapiproext.bnf.fr/iiif/presentation/v3/ark:/12148/bd6t51269351/manifest.json'
For more information check: https://developer.mozilla.org/en-US/docs/Web/HTTP/Status/403",2026-07-17T12:46:45.933172
francesoir,bd6t5126936d,,failed,0,0,,http_manifest,known,403,manifest,"Client error '403 ' for url 'https://openapiproext.bnf.fr/iiif/presentation/v3/ark:/12148/bd6t5126936d/manifest.json'
For more information check: https://developer.mozilla.org/en-US/docs/Web/HTTP/Status/403",2026-07-17T12:46:47.134723
francesoir,bd6t5126937s,,failed,0,0,,http_manifest,known,403,manifest,"Client error '403 ' for url 'https://openapiproext.bnf.fr/iiif/presentation/v3/ark:/12148/bd6t5126937s/manifest.json'
For more information check: https://developer.mozilla.org/en-US/docs/Web/HTTP/Status/403",2026-07-17T12:46:48.336003
francesoir,bd6t51269385,,failed,0,0,,http_manifest,known,403,manifest,"Client error '403 ' for url 'https://openapiproext.bnf.fr/iiif/presentation/v3/ark:/12148/bd6t51269385/manifest.json'
For more information check: https://developer.mozilla.org/en-US/docs/Web/HTTP/Status/403",2026-07-17T12:46:49.562001
francesoir,bd6t5126939j,,failed,0,0,,http_manifest,known,403,manifest,"Client error '403 ' for url 'https://openapiproext.bnf.fr/iiif/presentation/v3/ark:/12148/bd6t5126939j/manifest.json'
For more information check: https://developer.mozilla.org/en-US/docs/Web/HTTP/Status/403",2026-07-17T12:46:50.744113
francesoir,bd6t5126940g,,failed,0,0,,http_manifest,known,403,manifest,"Client error '403 ' for url 'https://openapiproext.bnf.fr/iiif/presentation/v3/ark:/12148/bd6t5126940g/manifest.json'
For more information check: https://developer.mozilla.org/en-US/docs/Web/HTTP/Status/403",2026-07-17T12:46:51.938345
francesoir,bd6t5126941v,,failed,0,0,,http_manifest,known,403,manifest,"Client error '403 ' for url 'https://openapiproext.bnf.fr/iiif/presentation/v3/ark:/12148/bd6t5126941v/manifest.json'
For more information check: https://developer.mozilla.org/en-US/docs/Web/HTTP/Status/403",2026-07-17T12:46:53.142107
francesoir,bd6t51269427,,failed,0,0,,http_manifest,known,403,manifest,"Client error '403 ' for url 'https://openapiproext.bnf.fr/iiif/presentation/v3/ark:/12148/bd6t51269427/manifest.json'
For more information check: https://developer.mozilla.org/en-US/docs/Web/HTTP/Status/403",2026-07-17T12:46:54.342224
francesoir,bd6t5126943m,,failed,0,0,,http_manifest,known,403,manifest,"Client error '403 ' for url 'https://openapiproext.bnf.fr/iiif/presentation/v3/ark:/12148/bd6t5126943m/manifest.json'
For more information check: https://developer.mozilla.org/en-US/docs/Web/HTTP/Status/403",2026-07-17T12:46:55.572661
francesoir,bd6t51269440,,failed,0,0,,http_manifest,known,403,manifest,"Client error '403 ' for url 'https://openapiproext.bnf.fr/iiif/presentation/v3/ark:/12148/bd6t51269440/manifest.json'
For more information check: https://developer.mozilla.org/en-US/docs/Web/HTTP/Status/403",2026-07-17T12:46:56.749268
francesoir,bd6t5126945c,,failed,0,0,,http_manifest,known,403,manifest,"Client error '403 ' for url 'https://openapiproext.bnf.fr/iiif/presentation/v3/ark:/12148/bd6t5126945c/manifest.json'
For more information check: https://developer.mozilla.org/en-US/docs/Web/HTTP/Status/403",2026-07-17T12:46:58.081827
francesoir,bd6t5126946r,,failed,0,0,,http_manifest,known,403,manifest,"Client error '403 ' for url 'https://openapiproext.bnf.fr/iiif/presentation/v3/ark:/12148/bd6t5126946r/manifest.json'
For more information check: https://developer.mozilla.org/en-US/docs/Web/HTTP/Status/403",2026-07-17T12:46:59.154313
francesoir,bd6t51269474,,failed,0,0,,http_manifest,known,403,manifest,"Client error '403 ' for url 'https://openapiproext.bnf.fr/iiif/presentation/v3/ark:/12148/bd6t51269474/manifest.json'
For more information check: https://developer.mozilla.org/en-US/docs/Web/HTTP/Status/403",2026-07-17T12:47:00.353623
francesoir,bd6t5126948h,,failed,0,0,,http_manifest,known,403,manifest,"Client error '403 ' for url 'https://openapiproext.bnf.fr/iiif/presentation/v3/ark:/12148/bd6t5126948h/manifest.json'
For more information check: https://developer.mozilla.org/en-US/docs/Web/HTTP/Status/403",2026-07-17T12:47:01.791655
francesoir,bd6t5126949w,,failed,0,0,,http_manifest,known,403,manifest,"Client error '403 ' for url 'https://openapiproext.bnf.fr/iiif/presentation/v3/ark:/12148/bd6t5126949w/manifest.json'
For more information check: https://developer.mozilla.org/en-US/docs/Web/HTTP/Status/403",2026-07-17T12:47:02.782056
francesoir,bd6t5126950t,,failed,0,0,,http_manifest,known,403,manifest,"Client error '403 ' for url 'https://openapiproext.bnf.fr/iiif/presentation/v3/ark:/12148/bd6t5126950t/manifest.json'
For more information check: https://developer.mozilla.org/en-US/docs/Web/HTTP/Status/403",2026-07-17T12:47:03.990913
francesoir,bd6t51269516,,failed,0,0,,http_manifest,known,403,manifest,"Client error '403 ' for url 'https://openapiproext.bnf.fr/iiif/presentation/v3/ark:/12148/bd6t51269516/manifest.json'
For more information check: https://developer.mozilla.org/en-US/docs/Web/HTTP/Status/403",2026-07-17T12:47:05.167047
francesoir,bd6t5126952k,,failed,0,0,,http_manifest,known,403,manifest,"Client error '403 ' for url 'https://openapiproext.bnf.fr/iiif/presentation/v3/ark:/12148/bd6t5126952k/manifest.json'
For more information check: https://developer.mozilla.org/en-US/docs/Web/HTTP/Status/403",2026-07-17T12:47:06.401708
francesoir,bd6t5126953z,,failed,0,0,,http_manifest,known,403,manifest,"Client error '403 ' for url 'https://openapiproext.bnf.fr/iiif/presentation/v3/ark:/12148/bd6t5126953z/manifest.json'
For more information check: https://developer.mozilla.org/en-US/docs/Web/HTTP/Status/403",2026-07-17T12:47:07.587696
francesoir,bd6t5126954b,,failed,0,0,,http_manifest,known,403,manifest,"Client error '403 ' for url 'https://openapiproext.bnf.fr/iiif/presentation/v3/ark:/12148/bd6t5126954b/manifest.json'
For more information check: https://developer.mozilla.org/en-US/docs/Web/HTTP/Status/403",2026-07-17T12:47:08.765476
francesoir,bd6t5126955q,,failed,0,0,,http_manifest,known,403,manifest,"Client error '403 ' for url 'https://openapiproext.bnf.fr/iiif/presentation/v3/ark:/12148/bd6t5126955q/manifest.json'
For more information check: https://developer.mozilla.org/en-US/docs/Web/HTTP/Status/403",2026-07-17T12:47:09.959977
francesoir,bd6t51269563,,failed,0,0,,http_manifest,known,403,manifest,"Client error '403 ' for url 'https://openapiproext.bnf.fr/iiif/presentation/v3/ark:/12148/bd6t51269563/manifest.json'
For more information check: https://developer.mozilla.org/en-US/docs/Web/HTTP/Status/403",2026-07-17T12:47:11.167173
francesoir,bd6t5126957g,,failed,0,0,,http_manifest,known,403,manifest,"Client error '403 ' for url 'https://openapiproext.bnf.fr/iiif/presentation/v3/ark:/12148/bd6t5126957g/manifest.json'
For more information check: https://developer.mozilla.org/en-US/docs/Web/HTTP/Status/403",2026-07-17T12:47:12.505140
francesoir,bd6t5126958v,,failed,0,0,,http_manifest,known,403,manifest,"Client error '403 ' for url 'https://openapiproext.bnf.fr/iiif/presentation/v3/ark:/12148/bd6t5126958v/manifest.json'
For more information check: https://developer.mozilla.org/en-US/docs/Web/HTTP/Status/403",2026-07-17T12:47:13.693490
francesoir,bd6t51269597,,failed,0,0,,http_manifest,known,403,manifest,"Client error '403 ' for url 'https://openapiproext.bnf.fr/iiif/presentation/v3/ark:/12148/bd6t51269597/manifest.json'
For more information check: https://developer.mozilla.org/en-US/docs/Web/HTTP/Status/403",2026-07-17T12:47:14.771703
francesoir,bd6t51269605,,failed,0,0,,http_manifest,known,403,manifest,"Client error '403 ' for url 'https://openapiproext.bnf.fr/iiif/presentation/v3/ark:/12148/bd6t51269605/manifest.json'
For more information check: https://developer.mozilla.org/en-US/docs/Web/HTTP/Status/403",2026-07-17T12:47:16.195384
francesoir,bd6t5126961j,,failed,0,0,,http_manifest,known,403,manifest,"Client error '403 ' for url 'https://openapiproext.bnf.fr/iiif/presentation/v3/ark:/12148/bd6t5126961j/manifest.json'
For more information check: https://developer.mozilla.org/en-US/docs/Web/HTTP/Status/403",2026-07-17T12:47:17.296879
francesoir,bd6t5126962x,,failed,0,0,,http_manifest,known,403,manifest,"Client error '403 ' for url 'https://openapiproext.bnf.fr/iiif/presentation/v3/ark:/12148/bd6t5126962x/manifest.json'
For more information check: https://developer.mozilla.org/en-US/docs/Web/HTTP/Status/403",2026-07-17T12:47:18.564178
francesoir,bd6t51269639,,failed,0,0,,http_manifest,known,403,manifest,"Client error '403 ' for url 'https://openapiproext.bnf.fr/iiif/presentation/v3/ark:/12148/bd6t51269639/manifest.json'
For more information check: https://developer.mozilla.org/en-US/docs/Web/HTTP/Status/403",2026-07-17T12:47:19.594370
francesoir,bd6t5127510g,,failed,0,0,,http_manifest,known,403,manifest,"Client error '403 ' for url 'https://openapiproext.bnf.fr/iiif/presentation/v3/ark:/12148/bd6t5127510g/manifest.json'
For more information check: https://developer.mozilla.org/en-US/docs/Web/HTTP/Status/403",2026-07-17T12:47:20.793567
francesoir,bd6t5127511v,,failed,0,0,,http_manifest,known,403,manifest,"Client error '403 ' for url 'https://openapiproext.bnf.fr/iiif/presentation/v3/ark:/12148/bd6t5127511v/manifest.json'
For more information check: https://developer.mozilla.org/en-US/docs/Web/HTTP/Status/403",2026-07-17T12:47:21.986619
francesoir,bd6t51275127,,failed,0,0,,http_manifest,known,403,manifest,"Client error '403 ' for url 'https://openapiproext.bnf.fr/iiif/presentation/v3/ark:/12148/bd6t51275127/manifest.json'
For more information check: https://developer.mozilla.org/en-US/docs/Web/HTTP/Status/403",2026-07-17T12:47:23.187031
francesoir,bd6t5127513m,,failed,0,0,,http_manifest,known,403,manifest,"Client error '403 ' for url 'https://openapiproext.bnf.fr/iiif/presentation/v3/ark:/12148/bd6t5127513m/manifest.json'
For more information check: https://developer.mozilla.org/en-US/docs/Web/HTTP/Status/403",2026-07-17T12:47:24.388579
francesoir,bd6t51275140,,failed,0,0,,http_manifest,known,403,manifest,"Client error '403 ' for url 'https://openapiproext.bnf.fr/iiif/presentation/v3/ark:/12148/bd6t51275140/manifest.json'
For more information check: https://developer.mozilla.org/en-US/docs/Web/HTTP/Status/403",2026-07-17T12:47:25.616339
francesoir,bd6t5127515c,,failed,0,0,,http_manifest,known,403,manifest,"Client error '403 ' for url 'https://openapiproext.bnf.fr/iiif/presentation/v3/ark:/12148/bd6t5127515c/manifest.json'
For more information check: https://developer.mozilla.org/en-US/docs/Web/HTTP/Status/403",2026-07-17T12:47:26.794720
francesoir,bd6t5127516r,,failed,0,0,,http_manifest,known,403,manifest,"Client error '403 ' for url 'https://openapiproext.bnf.fr/iiif/presentation/v3/ark:/12148/bd6t5127516r/manifest.json'
For more information check: https://developer.mozilla.org/en-US/docs/Web/HTTP/Status/403",2026-07-17T12:47:27.991070
francesoir,bd6t51275174,,failed,0,0,,http_manifest,known,403,manifest,"Client error '403 ' for url 'https://openapiproext.bnf.fr/iiif/presentation/v3/ark:/12148/bd6t51275174/manifest.json'
For more information check: https://developer.mozilla.org/en-US/docs/Web/HTTP/Status/403",2026-07-17T12:47:29.203264
francesoir,bd6t5127518h,,failed,0,0,,http_manifest,known,403,manifest,"Client error '403 ' for url 'https://openapiproext.bnf.fr/iiif/presentation/v3/ark:/12148/bd6t5127518h/manifest.json'
For more information check: https://developer.mozilla.org/en-US/docs/Web/HTTP/Status/403",2026-07-17T12:47:30.399663
francesoir,bd6t5127519w,,failed,0,0,,http_manifest,known,403,manifest,"Client error '403 ' for url 'https://openapiproext.bnf.fr/iiif/presentation/v3/ark:/12148/bd6t5127519w/manifest.json'
For more information check: https://developer.mozilla.org/en-US/docs/Web/HTTP/Status/403",2026-07-17T12:47:31.596527
francesoir,bd6t5127520t,,failed,0,0,,http_manifest,known,403,manifest,"Client error '403 ' for url 'https://openapiproext.bnf.fr/iiif/presentation/v3/ark:/12148/bd6t5127520t/manifest.json'
For more information check: https://developer.mozilla.org/en-US/docs/Web/HTTP/Status/403",2026-07-17T12:47:32.798734
francesoir,bd6t51275216,,failed,0,0,,http_manifest,known,403,manifest,"Client error '403 ' for url 'https://openapiproext.bnf.fr/iiif/presentation/v3/ark:/12148/bd6t51275216/manifest.json'
For more information check: https://developer.mozilla.org/en-US/docs/Web/HTTP/Status/403",2026-07-17T12:47:34.002970
francesoir,bd6t5127522k,,failed,0,0,,http_manifest,known,403,manifest,"Client error '403 ' for url 'https://openapiproext.bnf.fr/iiif/presentation/v3/ark:/12148/bd6t5127522k/manifest.json'
For more information check: https://developer.mozilla.org/en-US/docs/Web/HTTP/Status/403",2026-07-17T12:47:35.202196
francesoir,bd6t5127523z,,failed,0,0,,http_manifest,known,403,manifest,"Client error '403 ' for url 'https://openapiproext.bnf.fr/iiif/presentation/v3/ark:/12148/bd6t5127523z/manifest.json'
For more information check: https://developer.mozilla.org/en-US/docs/Web/HTTP/Status/403",2026-07-17T12:47:36.408518
francesoir,bd6t5127524b,,failed,0,0,,http_manifest,known,403,manifest,"Client error '403 ' for url 'https://openapiproext.bnf.fr/iiif/presentation/v3/ark:/12148/bd6t5127524b/manifest.json'
For more information check: https://developer.mozilla.org/en-US/docs/Web/HTTP/Status/403",2026-07-17T12:47:37.628625
francesoir,bd6t5127525q,,failed,0,0,,http_manifest,known,403,manifest,"Client error '403 ' for url 'https://openapiproext.bnf.fr/iiif/presentation/v3/ark:/12148/bd6t5127525q/manifest.json'
For more information check: https://developer.mozilla.org/en-US/docs/Web/HTTP/Status/403",2026-07-17T12:47:38.810321
francesoir,bd6t51275263,,failed,0,0,,http_manifest,known,403,manifest,"Client error '403 ' for url 'https://openapiproext.bnf.fr/iiif/presentation/v3/ark:/12148/bd6t51275263/manifest.json'
For more information check: https://developer.mozilla.org/en-US/docs/Web/HTTP/Status/403",2026-07-17T12:47:40.012269
francesoir,bd6t5127527g,,failed,0,0,,http_manifest,known,403,manifest,"Client error '403 ' for url 'https://openapiproext.bnf.fr/iiif/presentation/v3/ark:/12148/bd6t5127527g/manifest.json'
For more information check: https://developer.mozilla.org/en-US/docs/Web/HTTP/Status/403",2026-07-17T12:47:41.214545
francesoir,bd6t5127528v,,failed,0,0,,http_manifest,known,403,manifest,"Client error '403 ' for url 'https://openapiproext.bnf.fr/iiif/presentation/v3/ark:/12148/bd6t5127528v/manifest.json'
For more information check: https://developer.mozilla.org/en-US/docs/Web/HTTP/Status/403",2026-07-17T12:47:42.418314
francesoir,bd6t51275297,,failed,0,0,,http_manifest,known,403,manifest,"Client error '403 ' for url 'https://openapiproext.bnf.fr/iiif/presentation/v3/ark:/12148/bd6t51275297/manifest.json'
For more information check: https://developer.mozilla.org/en-US/docs/Web/HTTP/Status/403",2026-07-17T12:47:43.618268
francesoir,bd6t51275305,,failed,0,0,,http_manifest,known,403,manifest,"Client error '403 ' for url 'https://openapiproext.bnf.fr/iiif/presentation/v3/ark:/12148/bd6t51275305/manifest.json'
For more information check: https://developer.mozilla.org/en-US/docs/Web/HTTP/Status/403",2026-07-17T12:47:44.821587
francesoir,bd6t5127531j,,failed,0,0,,http_manifest,known,403,manifest,"Client error '403 ' for url 'https://openapiproext.bnf.fr/iiif/presentation/v3/ark:/12148/bd6t5127531j/manifest.json'
For more information check: https://developer.mozilla.org/en-US/docs/Web/HTTP/Status/403",2026-07-17T12:47:46.020413
francesoir,bd6t5127532x,,failed,0,0,,http_manifest,known,403,manifest,"Client error '403 ' for url 'https://openapiproext.bnf.fr/iiif/presentation/v3/ark:/12148/bd6t5127532x/manifest.json'
For more information check: https://developer.mozilla.org/en-US/docs/Web/HTTP/Status/403",2026-07-17T12:47:47.226706
francesoir,bd6t51275339,,failed,0,0,,http_manifest,known,403,manifest,"Client error '403 ' for url 'https://openapiproext.bnf.fr/iiif/presentation/v3/ark:/12148/bd6t51275339/manifest.json'
For more information check: https://developer.mozilla.org/en-US/docs/Web/HTTP/Status/403",2026-07-17T12:47:48.431260
francesoir,bd6t5127534p,,failed,0,0,,http_manifest,known,403,manifest,"Client error '403 ' for url 'https://openapiproext.bnf.fr/iiif/presentation/v3/ark:/12148/bd6t5127534p/manifest.json'
For more information check: https://developer.mozilla.org/en-US/docs/Web/HTTP/Status/403",2026-07-17T12:47:49.650356
francesoir,bd6t51275352,,failed,0,0,,http_manifest,known,403,manifest,"Client error '403 ' for url 'https://openapiproext.bnf.fr/iiif/presentation/v3/ark:/12148/bd6t51275352/manifest.json'
For more information check: https://developer.mozilla.org/en-US/docs/Web/HTTP/Status/403",2026-07-17T12:47:50.827749
francesoir,bd6t5127536f,,failed,0,0,,http_manifest,known,403,manifest,"Client error '403 ' for url 'https://openapiproext.bnf.fr/iiif/presentation/v3/ark:/12148/bd6t5127536f/manifest.json'
For more information check: https://developer.mozilla.org/en-US/docs/Web/HTTP/Status/403",2026-07-17T12:47:52.031569
francesoir,bd6t5127537t,,failed,0,0,,http_manifest,known,403,manifest,"Client error '403 ' for url 'https://openapiproext.bnf.fr/iiif/presentation/v3/ark:/12148/bd6t5127537t/manifest.json'
For more information check: https://developer.mozilla.org/en-US/docs/Web/HTTP/Status/403",2026-07-17T12:47:53.228361
francesoir,bd6t51275386,,failed,0,0,,http_manifest,known,403,manifest,"Client error '403 ' for url 'https://openapiproext.bnf.fr/iiif/presentation/v3/ark:/12148/bd6t51275386/manifest.json'
For more information check: https://developer.mozilla.org/en-US/docs/Web/HTTP/Status/403",2026-07-17T12:47:54.431932
francesoir,bd6t5127539k,,failed,0,0,,http_manifest,known,403,manifest,"Client error '403 ' for url 'https://openapiproext.bnf.fr/iiif/presentation/v3/ark:/12148/bd6t5127539k/manifest.json'
For more information check: https://developer.mozilla.org/en-US/docs/Web/HTTP/Status/403",2026-07-17T12:47:55.659494
francesoir,bd6t5127540h,,failed,0,0,,http_manifest,known,403,manifest,"Client error '403 ' for url 'https://openapiproext.bnf.fr/iiif/presentation/v3/ark:/12148/bd6t5127540h/manifest.json'
For more information check: https://developer.mozilla.org/en-US/docs/Web/HTTP/Status/403",2026-07-17T12:47:56.832862
francesoir,bd6t5127541w,,failed,0,0,,http_manifest,known,403,manifest,"Client error '403 ' for url 'https://openapiproext.bnf.fr/iiif/presentation/v3/ark:/12148/bd6t5127541w/manifest.json'
For more information check: https://developer.mozilla.org/en-US/docs/Web/HTTP/Status/403",2026-07-17T12:47:58.164037
francesoir,bd6t51275428,,failed,0,0,,http_manifest,known,403,manifest,"Client error '403 ' for url 'https://openapiproext.bnf.fr/iiif/presentation/v3/ark:/12148/bd6t51275428/manifest.json'
For more information check: https://developer.mozilla.org/en-US/docs/Web/HTTP/Status/403",2026-07-17T12:47:59.396117
francesoir,bd6t5127543n,,failed,0,0,,http_manifest,known,403,manifest,"Client error '403 ' for url 'https://openapiproext.bnf.fr/iiif/presentation/v3/ark:/12148/bd6t5127543n/manifest.json'
For more information check: https://developer.mozilla.org/en-US/docs/Web/HTTP/Status/403",2026-07-17T12:48:00.437155
francesoir,bd6t51275441,,failed,0,0,,http_manifest,known,403,manifest,"Client error '403 ' for url 'https://openapiproext.bnf.fr/iiif/presentation/v3/ark:/12148/bd6t51275441/manifest.json'
For more information check: https://developer.mozilla.org/en-US/docs/Web/HTTP/Status/403",2026-07-17T12:48:01.713007
francesoir,bd6t5127545d,,failed,0,0,,http_manifest,known,403,manifest,"Client error '403 ' for url 'https://openapiproext.bnf.fr/iiif/presentation/v3/ark:/12148/bd6t5127545d/manifest.json'
For more information check: https://developer.mozilla.org/en-US/docs/Web/HTTP/Status/403",2026-07-17T12:48:02.838158
francesoir,bd6t5127546s,,failed,0,0,,http_manifest,known,403,manifest,"Client error '403 ' for url 'https://openapiproext.bnf.fr/iiif/presentation/v3/ark:/12148/bd6t5127546s/manifest.json'
For more information check: https://developer.mozilla.org/en-US/docs/Web/HTTP/Status/403",2026-07-17T12:48:04.234874
francesoir,bd6t51275475,,failed,0,0,,http_manifest,known,403,manifest,"Client error '403 ' for url 'https://openapiproext.bnf.fr/iiif/presentation/v3/ark:/12148/bd6t51275475/manifest.json'
For more information check: https://developer.mozilla.org/en-US/docs/Web/HTTP/Status/403",2026-07-17T12:48:05.423313
francesoir,bd6t5127548j,,failed,0,0,,http_manifest,known,403,manifest,"Client error '403 ' for url 'https://openapiproext.bnf.fr/iiif/presentation/v3/ark:/12148/bd6t5127548j/manifest.json'
For more information check: https://developer.mozilla.org/en-US/docs/Web/HTTP/Status/403",2026-07-17T12:48:06.512507
francesoir,bd6t5127549x,,failed,0,0,,http_manifest,known,403,manifest,"Client error '403 ' for url 'https://openapiproext.bnf.fr/iiif/presentation/v3/ark:/12148/bd6t5127549x/manifest.json'
For more information check: https://developer.mozilla.org/en-US/docs/Web/HTTP/Status/403",2026-07-17T12:48:07.671327
francesoir,bd6t5127550v,,failed,0,0,,http_manifest,known,403,manifest,"Client error '403 ' for url 'https://openapiproext.bnf.fr/iiif/presentation/v3/ark:/12148/bd6t5127550v/manifest.json'
For more information check: https://developer.mozilla.org/en-US/docs/Web/HTTP/Status/403",2026-07-17T12:48:09.050959
francesoir,bd6t51275517,,failed,0,0,,http_manifest,known,403,manifest,"Client error '403 ' for url 'https://openapiproext.bnf.fr/iiif/presentation/v3/ark:/12148/bd6t51275517/manifest.json'
For more information check: https://developer.mozilla.org/en-US/docs/Web/HTTP/Status/403",2026-07-17T12:48:10.111245
francesoir,bd6t5127552m,,failed,0,0,,http_manifest,known,403,manifest,"Client error '403 ' for url 'https://openapiproext.bnf.fr/iiif/presentation/v3/ark:/12148/bd6t5127552m/manifest.json'
For more information check: https://developer.mozilla.org/en-US/docs/Web/HTTP/Status/403",2026-07-17T12:48:11.249894
francesoir,bd6t51275530,,failed,0,0,,http_manifest,known,403,manifest,"Client error '403 ' for url 'https://openapiproext.bnf.fr/iiif/presentation/v3/ark:/12148/bd6t51275530/manifest.json'
For more information check: https://developer.mozilla.org/en-US/docs/Web/HTTP/Status/403",2026-07-17T12:48:12.632605
francesoir,bd6t5127554c,,failed,0,0,,http_manifest,known,403,manifest,"Client error '403 ' for url 'https://openapiproext.bnf.fr/iiif/presentation/v3/ark:/12148/bd6t5127554c/manifest.json'
For more information check: https://developer.mozilla.org/en-US/docs/Web/HTTP/Status/403",2026-07-17T12:48:13.790681
francesoir,bd6t5127555r,,failed,0,0,,http_manifest,known,403,manifest,"Client error '403 ' for url 'https://openapiproext.bnf.fr/iiif/presentation/v3/ark:/12148/bd6t5127555r/manifest.json'
For more information check: https://developer.mozilla.org/en-US/docs/Web/HTTP/Status/403",2026-07-17T12:48:15.076478
francesoir,bd6t51275564,,failed,0,0,,http_manifest,known,403,manifest,"Client error '403 ' for url 'https://openapiproext.bnf.fr/iiif/presentation/v3/ark:/12148/bd6t51275564/manifest.json'
For more information check: https://developer.mozilla.org/en-US/docs/Web/HTTP/Status/403",2026-07-17T12:48:16.054527
francesoir,bd6t5127557h,,failed,0,0,,http_manifest,known,403,manifest,"Client error '403 ' for url 'https://openapiproext.bnf.fr/iiif/presentation/v3/ark:/12148/bd6t5127557h/manifest.json'
For more information check: https://developer.mozilla.org/en-US/docs/Web/HTTP/Status/403",2026-07-17T12:48:17.256998
francesoir,bd6t5127558w,,failed,0,0,,http_manifest,known,403,manifest,"Client error '403 ' for url 'https://openapiproext.bnf.fr/iiif/presentation/v3/ark:/12148/bd6t5127558w/manifest.json'
For more information check: https://developer.mozilla.org/en-US/docs/Web/HTTP/Status/403",2026-07-17T12:48:18.455589
francesoir,bd6t51275598,,failed,0,0,,http_manifest,known,403,manifest,"Client error '403 ' for url 'https://openapiproext.bnf.fr/iiif/presentation/v3/ark:/12148/bd6t51275598/manifest.json'
For more information check: https://developer.mozilla.org/en-US/docs/Web/HTTP/Status/403",2026-07-17T12:48:19.695117
francesoir,bd6t51275606,,failed,0,0,,http_manifest,known,403,manifest,"Client error '403 ' for url 'https://openapiproext.bnf.fr/iiif/presentation/v3/ark:/12148/bd6t51275606/manifest.json'
For more information check: https://developer.mozilla.org/en-US/docs/Web/HTTP/Status/403",2026-07-17T12:48:20.866528
francesoir,bd6t5127561k,,failed,0,0,,http_manifest,known,403,manifest,"Client error '403 ' for url 'https://openapiproext.bnf.fr/iiif/presentation/v3/ark:/12148/bd6t5127561k/manifest.json'
For more information check: https://developer.mozilla.org/en-US/docs/Web/HTTP/Status/403",2026-07-17T12:48:22.175719
francesoir,bd6t5127562z,,failed,0,0,,http_manifest,known,403,manifest,"Client error '403 ' for url 'https://openapiproext.bnf.fr/iiif/presentation/v3/ark:/12148/bd6t5127562z/manifest.json'
For more information check: https://developer.mozilla.org/en-US/docs/Web/HTTP/Status/403",2026-07-17T12:48:23.291351
francesoir,bd6t5127563b,,failed,0,0,,http_manifest,known,403,manifest,"Client error '403 ' for url 'https://openapiproext.bnf.fr/iiif/presentation/v3/ark:/12148/bd6t5127563b/manifest.json'
For more information check: https://developer.mozilla.org/en-US/docs/Web/HTTP/Status/403",2026-07-17T12:48:24.466356
francesoir,bd6t5127564q,,failed,0,0,,http_manifest,known,403,manifest,"Client error '403 ' for url 'https://openapiproext.bnf.fr/iiif/presentation/v3/ark:/12148/bd6t5127564q/manifest.json'
For more information check: https://developer.mozilla.org/en-US/docs/Web/HTTP/Status/403",2026-07-17T12:48:25.669507
francesoir,bd6t51275653,,failed,0,0,,http_manifest,known,403,manifest,"Client error '403 ' for url 'https://openapiproext.bnf.fr/iiif/presentation/v3/ark:/12148/bd6t51275653/manifest.json'
For more information check: https://developer.mozilla.org/en-US/docs/Web/HTTP/Status/403",2026-07-17T12:48:26.870709
francesoir,bd6t5127566g,,failed,0,0,,http_manifest,known,403,manifest,"Client error '403 ' for url 'https://openapiproext.bnf.fr/iiif/presentation/v3/ark:/12148/bd6t5127566g/manifest.json'
For more information check: https://developer.mozilla.org/en-US/docs/Web/HTTP/Status/403",2026-07-17T12:48:28.069046
francesoir,bd6t5127567v,,failed,0,0,,http_manifest,known,403,manifest,"Client error '403 ' for url 'https://openapiproext.bnf.fr/iiif/presentation/v3/ark:/12148/bd6t5127567v/manifest.json'
For more information check: https://developer.mozilla.org/en-US/docs/Web/HTTP/Status/403",2026-07-17T12:48:29.278393
francesoir,bd6t51275687,,failed,0,0,,http_manifest,known,403,manifest,"Client error '403 ' for url 'https://openapiproext.bnf.fr/iiif/presentation/v3/ark:/12148/bd6t51275687/manifest.json'
For more information check: https://developer.mozilla.org/en-US/docs/Web/HTTP/Status/403",2026-07-17T12:48:30.472089
francesoir,bd6t5127569m,,failed,0,0,,http_manifest,known,403,manifest,"Client error '403 ' for url 'https://openapiproext.bnf.fr/iiif/presentation/v3/ark:/12148/bd6t5127569m/manifest.json'
For more information check: https://developer.mozilla.org/en-US/docs/Web/HTTP/Status/403",2026-07-17T12:48:31.686276
francesoir,bd6t5127570j,,failed,0,0,,http_manifest,known,403,manifest,"Client error '403 ' for url 'https://openapiproext.bnf.fr/iiif/presentation/v3/ark:/12148/bd6t5127570j/manifest.json'
For more information check: https://developer.mozilla.org/en-US/docs/Web/HTTP/Status/403",2026-07-17T12:48:32.873385
francesoir,bd6t5127571x,,failed,0,0,,http_manifest,known,403,manifest,"Client error '403 ' for url 'https://openapiproext.bnf.fr/iiif/presentation/v3/ark:/12148/bd6t5127571x/manifest.json'
For more information check: https://developer.mozilla.org/en-US/docs/Web/HTTP/Status/403",2026-07-17T12:48:34.075583
francesoir,bd6t51275729,,failed,0,0,,http_manifest,known,403,manifest,"Client error '403 ' for url 'https://openapiproext.bnf.fr/iiif/presentation/v3/ark:/12148/bd6t51275729/manifest.json'
For more information check: https://developer.mozilla.org/en-US/docs/Web/HTTP/Status/403",2026-07-17T12:48:35.279238
francesoir,bd6t5127573p,,failed,0,0,,http_manifest,known,403,manifest,"Client error '403 ' for url 'https://openapiproext.bnf.fr/iiif/presentation/v3/ark:/12148/bd6t5127573p/manifest.json'
For more information check: https://developer.mozilla.org/en-US/docs/Web/HTTP/Status/403",2026-07-17T12:48:36.480047
francesoir,bd6t51275742,,failed,0,0,,http_manifest,known,403,manifest,"Client error '403 ' for url 'https://openapiproext.bnf.fr/iiif/presentation/v3/ark:/12148/bd6t51275742/manifest.json'
For more information check: https://developer.mozilla.org/en-US/docs/Web/HTTP/Status/403",2026-07-17T12:48:37.695183
francesoir,bd6t5127575f,,failed,0,0,,http_manifest,known,403,manifest,"Client error '403 ' for url 'https://openapiproext.bnf.fr/iiif/presentation/v3/ark:/12148/bd6t5127575f/manifest.json'
For more information check: https://developer.mozilla.org/en-US/docs/Web/HTTP/Status/403",2026-07-17T12:48:38.936868
francesoir,bd6t5127576t,,failed,0,0,,http_manifest,known,403,manifest,"Client error '403 ' for url 'https://openapiproext.bnf.fr/iiif/presentation/v3/ark:/12148/bd6t5127576t/manifest.json'
For more information check: https://developer.mozilla.org/en-US/docs/Web/HTTP/Status/403",2026-07-17T12:48:40.092175
francesoir,bd6t51275776,,failed,0,0,,http_manifest,known,403,manifest,"Client error '403 ' for url 'https://openapiproext.bnf.fr/iiif/presentation/v3/ark:/12148/bd6t51275776/manifest.json'
For more information check: https://developer.mozilla.org/en-US/docs/Web/HTTP/Status/403",2026-07-17T12:48:41.286558
francesoir,bd6t5127578k,,failed,0,0,,http_manifest,known,403,manifest,"Client error '403 ' for url 'https://openapiproext.bnf.fr/iiif/presentation/v3/ark:/12148/bd6t5127578k/manifest.json'
For more information check: https://developer.mozilla.org/en-US/docs/Web/HTTP/Status/403",2026-07-17T12:48:42.495390
francesoir,bd6t5127579z,,failed,0,0,,http_manifest,known,403,manifest,"Client error '403 ' for url 'https://openapiproext.bnf.fr/iiif/presentation/v3/ark:/12148/bd6t5127579z/manifest.json'
For more information check: https://developer.mozilla.org/en-US/docs/Web/HTTP/Status/403",2026-07-17T12:48:43.687451
francesoir,bd6t5127580w,,failed,0,0,,http_manifest,known,403,manifest,"Client error '403 ' for url 'https://openapiproext.bnf.fr/iiif/presentation/v3/ark:/12148/bd6t5127580w/manifest.json'
For more information check: https://developer.mozilla.org/en-US/docs/Web/HTTP/Status/403",2026-07-17T12:48:44.895421
francesoir,bd6t51275818,,failed,0,0,,http_manifest,known,403,manifest,"Client error '403 ' for url 'https://openapiproext.bnf.fr/iiif/presentation/v3/ark:/12148/bd6t51275818/manifest.json'
For more information check: https://developer.mozilla.org/en-US/docs/Web/HTTP/Status/403",2026-07-17T12:48:46.093949
francesoir,bd6t5127582n,,failed,0,0,,http_manifest,known,403,manifest,"Client error '403 ' for url 'https://openapiproext.bnf.fr/iiif/presentation/v3/ark:/12148/bd6t5127582n/manifest.json'
For more information check: https://developer.mozilla.org/en-US/docs/Web/HTTP/Status/403",2026-07-17T12:48:47.307763
francesoir,bd6t51275831,,failed,0,0,,http_manifest,known,403,manifest,"Client error '403 ' for url 'https://openapiproext.bnf.fr/iiif/presentation/v3/ark:/12148/bd6t51275831/manifest.json'
For more information check: https://developer.mozilla.org/en-US/docs/Web/HTTP/Status/403",2026-07-17T12:48:48.516348
francesoir,bd6t5127584d,,failed,0,0,,http_manifest,known,403,manifest,"Client error '403 ' for url 'https://openapiproext.bnf.fr/iiif/presentation/v3/ark:/12148/bd6t5127584d/manifest.json'
For more information check: https://developer.mozilla.org/en-US/docs/Web/HTTP/Status/403",2026-07-17T12:48:49.720177
francesoir,bd6t5127585s,,failed,0,0,,http_manifest,known,403,manifest,"Client error '403 ' for url 'https://openapiproext.bnf.fr/iiif/presentation/v3/ark:/12148/bd6t5127585s/manifest.json'
For more information check: https://developer.mozilla.org/en-US/docs/Web/HTTP/Status/403",2026-07-17T12:48:50.898840
francesoir,bd6t51275865,,failed,0,0,,http_manifest,known,403,manifest,"Client error '403 ' for url 'https://openapiproext.bnf.fr/iiif/presentation/v3/ark:/12148/bd6t51275865/manifest.json'
For more information check: https://developer.mozilla.org/en-US/docs/Web/HTTP/Status/403",2026-07-17T12:48:52.110214
francesoir,bd6t5127587j,,failed,0,0,,http_manifest,known,403,manifest,"Client error '403 ' for url 'https://openapiproext.bnf.fr/iiif/presentation/v3/ark:/12148/bd6t5127587j/manifest.json'
For more information check: https://developer.mozilla.org/en-US/docs/Web/HTTP/Status/403",2026-07-17T12:48:53.309660
francesoir,bd6t5129241h,,failed,0,0,,http_manifest,known,403,manifest,"Client error '403 ' for url 'https://openapiproext.bnf.fr/iiif/presentation/v3/ark:/12148/bd6t5129241h/manifest.json'
For more information check: https://developer.mozilla.org/en-US/docs/Web/HTTP/Status/403",2026-07-17T12:48:54.636736
francesoir,bd6t5129242w,,failed,0,0,,http_manifest,known,403,manifest,"Client error '403 ' for url 'https://openapiproext.bnf.fr/iiif/presentation/v3/ark:/12148/bd6t5129242w/manifest.json'
For more information check: https://developer.mozilla.org/en-US/docs/Web/HTTP/Status/403",2026-07-17T12:48:55.708435
francesoir,bd6t51292438,,failed,0,0,,http_manifest,known,403,manifest,"Client error '403 ' for url 'https://openapiproext.bnf.fr/iiif/presentation/v3/ark:/12148/bd6t51292438/manifest.json'
For more information check: https://developer.mozilla.org/en-US/docs/Web/HTTP/Status/403",2026-07-17T12:48:56.911336
francesoir,bd6t5129244n,,failed,0,0,,http_manifest,known,403,manifest,"Client error '403 ' for url 'https://openapiproext.bnf.fr/iiif/presentation/v3/ark:/12148/bd6t5129244n/manifest.json'
For more information check: https://developer.mozilla.org/en-US/docs/Web/HTTP/Status/403",2026-07-17T12:48:58.111756
francesoir,bd6t51292451,,failed,0,0,,http_manifest,known,403,manifest,"Client error '403 ' for url 'https://openapiproext.bnf.fr/iiif/presentation/v3/ark:/12148/bd6t51292451/manifest.json'
For more information check: https://developer.mozilla.org/en-US/docs/Web/HTTP/Status/403",2026-07-17T12:48:59.422489
francesoir,bd6t5129246d,,failed,0,0,,http_manifest,known,403,manifest,"Client error '403 ' for url 'https://openapiproext.bnf.fr/iiif/presentation/v3/ark:/12148/bd6t5129246d/manifest.json'
For more information check: https://developer.mozilla.org/en-US/docs/Web/HTTP/Status/403",2026-07-17T12:49:00.682510
francesoir,bd6t5129247s,,failed,0,0,,http_manifest,known,403,manifest,"Client error '403 ' for url 'https://openapiproext.bnf.fr/iiif/presentation/v3/ark:/12148/bd6t5129247s/manifest.json'
For more information check: https://developer.mozilla.org/en-US/docs/Web/HTTP/Status/403",2026-07-17T12:49:01.911745
francesoir,bd6t51292485,,failed,0,0,,http_manifest,known,403,manifest,"Client error '403 ' for url 'https://openapiproext.bnf.fr/iiif/presentation/v3/ark:/12148/bd6t51292485/manifest.json'
For more information check: https://developer.mozilla.org/en-US/docs/Web/HTTP/Status/403",2026-07-17T12:49:03.119426
francesoir,bd6t5129249j,,failed,0,0,,http_manifest,known,403,manifest,"Client error '403 ' for url 'https://openapiproext.bnf.fr/iiif/presentation/v3/ark:/12148/bd6t5129249j/manifest.json'
For more information check: https://developer.mozilla.org/en-US/docs/Web/HTTP/Status/403",2026-07-17T12:49:04.355923
francesoir,bd6t5129250g,,failed,0,0,,http_manifest,known,403,manifest,"Client error '403 ' for url 'https://openapiproext.bnf.fr/iiif/presentation/v3/ark:/12148/bd6t5129250g/manifest.json'
For more information check: https://developer.mozilla.org/en-US/docs/Web/HTTP/Status/403",2026-07-17T12:49:05.362872
francesoir,bd6t5129251v,,failed,0,0,,http_manifest,known,403,manifest,"Client error '403 ' for url 'https://openapiproext.bnf.fr/iiif/presentation/v3/ark:/12148/bd6t5129251v/manifest.json'
For more information check: https://developer.mozilla.org/en-US/docs/Web/HTTP/Status/403",2026-07-17T12:49:06.530536
francesoir,bd6t51292527,,failed,0,0,,http_manifest,known,403,manifest,"Client error '403 ' for url 'https://openapiproext.bnf.fr/iiif/presentation/v3/ark:/12148/bd6t51292527/manifest.json'
For more information check: https://developer.mozilla.org/en-US/docs/Web/HTTP/Status/403",2026-07-17T12:49:07.740369
francesoir,bd6t5129253m,,failed,0,0,,http_manifest,known,403,manifest,"Client error '403 ' for url 'https://openapiproext.bnf.fr/iiif/presentation/v3/ark:/12148/bd6t5129253m/manifest.json'
For more information check: https://developer.mozilla.org/en-US/docs/Web/HTTP/Status/403",2026-07-17T12:49:08.927119
francesoir,bd6t51292540,,failed,0,0,,http_manifest,known,403,manifest,"Client error '403 ' for url 'https://openapiproext.bnf.fr/iiif/presentation/v3/ark:/12148/bd6t51292540/manifest.json'
For more information check: https://developer.mozilla.org/en-US/docs/Web/HTTP/Status/403",2026-07-17T12:49:10.218351
francesoir,bd6t5129255c,,failed,0,0,,http_manifest,known,403,manifest,"Client error '403 ' for url 'https://openapiproext.bnf.fr/iiif/presentation/v3/ark:/12148/bd6t5129255c/manifest.json'
For more information check: https://developer.mozilla.org/en-US/docs/Web/HTTP/Status/403",2026-07-17T12:49:11.332078
francesoir,bd6t5129256r,,failed,0,0,,http_manifest,known,403,manifest,"Client error '403 ' for url 'https://openapiproext.bnf.fr/iiif/presentation/v3/ark:/12148/bd6t5129256r/manifest.json'
For more information check: https://developer.mozilla.org/en-US/docs/Web/HTTP/Status/403",2026-07-17T12:49:12.628989
francesoir,bd6t51292574,,failed,0,0,,http_manifest,known,403,manifest,"Client error '403 ' for url 'https://openapiproext.bnf.fr/iiif/presentation/v3/ark:/12148/bd6t51292574/manifest.json'
For more information check: https://developer.mozilla.org/en-US/docs/Web/HTTP/Status/403",2026-07-17T12:49:13.792763
francesoir,bd6t5129258h,,failed,0,0,,http_manifest,known,403,manifest,"Client error '403 ' for url 'https://openapiproext.bnf.fr/iiif/presentation/v3/ark:/12148/bd6t5129258h/manifest.json'
For more information check: https://developer.mozilla.org/en-US/docs/Web/HTTP/Status/403",2026-07-17T12:49:14.935160
francesoir,bd6t5129259w,,failed,0,0,,http_manifest,known,403,manifest,"Client error '403 ' for url 'https://openapiproext.bnf.fr/iiif/presentation/v3/ark:/12148/bd6t5129259w/manifest.json'
For more information check: https://developer.mozilla.org/en-US/docs/Web/HTTP/Status/403",2026-07-17T12:49:16.328952
francesoir,bd6t5129260t,,failed,0,0,,http_manifest,known,403,manifest,"Client error '403 ' for url 'https://openapiproext.bnf.fr/iiif/presentation/v3/ark:/12148/bd6t5129260t/manifest.json'
For more information check: https://developer.mozilla.org/en-US/docs/Web/HTTP/Status/403",2026-07-17T12:49:17.549217
francesoir,bd6t51292616,,failed,0,0,,http_manifest,known,403,manifest,"Client error '403 ' for url 'https://openapiproext.bnf.fr/iiif/presentation/v3/ark:/12148/bd6t51292616/manifest.json'
For more information check: https://developer.mozilla.org/en-US/docs/Web/HTTP/Status/403",2026-07-17T12:49:18.542370
francesoir,bd6t5129262k,,failed,0,0,,http_manifest,known,403,manifest,"Client error '403 ' for url 'https://openapiproext.bnf.fr/iiif/presentation/v3/ark:/12148/bd6t5129262k/manifest.json'
For more information check: https://developer.mozilla.org/en-US/docs/Web/HTTP/Status/403",2026-07-17T12:49:19.759156
francesoir,bd6t5129263z,,failed,0,0,,http_manifest,known,403,manifest,"Client error '403 ' for url 'https://openapiproext.bnf.fr/iiif/presentation/v3/ark:/12148/bd6t5129263z/manifest.json'
For more information check: https://developer.mozilla.org/en-US/docs/Web/HTTP/Status/403",2026-07-17T12:49:20.941438
francesoir,bd6t5129264b,,failed,0,0,,http_manifest,known,403,manifest,"Client error '403 ' for url 'https://openapiproext.bnf.fr/iiif/presentation/v3/ark:/12148/bd6t5129264b/manifest.json'
For more information check: https://developer.mozilla.org/en-US/docs/Web/HTTP/Status/403",2026-07-17T12:49:22.149397
francesoir,bd6t5129265q,,failed,0,0,,http_manifest,known,403,manifest,"Client error '403 ' for url 'https://openapiproext.bnf.fr/iiif/presentation/v3/ark:/12148/bd6t5129265q/manifest.json'
For more information check: https://developer.mozilla.org/en-US/docs/Web/HTTP/Status/403",2026-07-17T12:49:23.353868
francesoir,bd6t51292663,,failed,0,0,,http_manifest,known,403,manifest,"Client error '403 ' for url 'https://openapiproext.bnf.fr/iiif/presentation/v3/ark:/12148/bd6t51292663/manifest.json'
For more information check: https://developer.mozilla.org/en-US/docs/Web/HTTP/Status/403",2026-07-17T12:49:24.550677
francesoir,bd6t5129267g,,failed,0,0,,http_manifest,known,403,manifest,"Client error '403 ' for url 'https://openapiproext.bnf.fr/iiif/presentation/v3/ark:/12148/bd6t5129267g/manifest.json'
For more information check: https://developer.mozilla.org/en-US/docs/Web/HTTP/Status/403",2026-07-17T12:49:25.751567
francesoir,bd6t5129268v,,failed,0,0,,http_manifest,known,403,manifest,"Client error '403 ' for url 'https://openapiproext.bnf.fr/iiif/presentation/v3/ark:/12148/bd6t5129268v/manifest.json'
For more information check: https://developer.mozilla.org/en-US/docs/Web/HTTP/Status/403",2026-07-17T12:49:26.953731
francesoir,bd6t51292697,,failed,0,0,,http_manifest,known,403,manifest,"Client error '403 ' for url 'https://openapiproext.bnf.fr/iiif/presentation/v3/ark:/12148/bd6t51292697/manifest.json'
For more information check: https://developer.mozilla.org/en-US/docs/Web/HTTP/Status/403",2026-07-17T12:49:28.155704
francesoir,bd6t51292705,,failed,0,0,,http_manifest,known,403,manifest,"Client error '403 ' for url 'https://openapiproext.bnf.fr/iiif/presentation/v3/ark:/12148/bd6t51292705/manifest.json'
For more information check: https://developer.mozilla.org/en-US/docs/Web/HTTP/Status/403",2026-07-17T12:49:29.356009
francesoir,bd6t5129271j,,failed,0,0,,http_manifest,known,403,manifest,"Client error '403 ' for url 'https://openapiproext.bnf.fr/iiif/presentation/v3/ark:/12148/bd6t5129271j/manifest.json'
For more information check: https://developer.mozilla.org/en-US/docs/Web/HTTP/Status/403",2026-07-17T12:49:30.562070
francesoir,bd6t5129272x,,failed,0,0,,http_manifest,known,403,manifest,"Client error '403 ' for url 'https://openapiproext.bnf.fr/iiif/presentation/v3/ark:/12148/bd6t5129272x/manifest.json'
For more information check: https://developer.mozilla.org/en-US/docs/Web/HTTP/Status/403",2026-07-17T12:49:31.770873
francesoir,bd6t51292739,,failed,0,0,,http_manifest,known,403,manifest,"Client error '403 ' for url 'https://openapiproext.bnf.fr/iiif/presentation/v3/ark:/12148/bd6t51292739/manifest.json'
For more information check: https://developer.mozilla.org/en-US/docs/Web/HTTP/Status/403",2026-07-17T12:49:32.972644
francesoir,bd6t5129274p,,failed,0,0,,http_manifest,known,403,manifest,"Client error '403 ' for url 'https://openapiproext.bnf.fr/iiif/presentation/v3/ark:/12148/bd6t5129274p/manifest.json'
For more information check: https://developer.mozilla.org/en-US/docs/Web/HTTP/Status/403",2026-07-17T12:49:34.161289
francesoir,bd6t51292752,,failed,0,0,,http_manifest,known,403,manifest,"Client error '403 ' for url 'https://openapiproext.bnf.fr/iiif/presentation/v3/ark:/12148/bd6t51292752/manifest.json'
For more information check: https://developer.mozilla.org/en-US/docs/Web/HTTP/Status/403",2026-07-17T12:49:35.369161
francesoir,bd6t5129276f,,failed,0,0,,http_manifest,known,403,manifest,"Client error '403 ' for url 'https://openapiproext.bnf.fr/iiif/presentation/v3/ark:/12148/bd6t5129276f/manifest.json'
For more information check: https://developer.mozilla.org/en-US/docs/Web/HTTP/Status/403",2026-07-17T12:49:36.564250
francesoir,bd6t5129277t,,failed,0,0,,http_manifest,known,403,manifest,"Client error '403 ' for url 'https://openapiproext.bnf.fr/iiif/presentation/v3/ark:/12148/bd6t5129277t/manifest.json'
For more information check: https://developer.mozilla.org/en-US/docs/Web/HTTP/Status/403",2026-07-17T12:49:37.779444
francesoir,bd6t51292786,,failed,0,0,,http_manifest,known,403,manifest,"Client error '403 ' for url 'https://openapiproext.bnf.fr/iiif/presentation/v3/ark:/12148/bd6t51292786/manifest.json'
For more information check: https://developer.mozilla.org/en-US/docs/Web/HTTP/Status/403",2026-07-17T12:49:38.978014
francesoir,bd6t5129279k,,failed,0,0,,http_manifest,known,403,manifest,"Client error '403 ' for url 'https://openapiproext.bnf.fr/iiif/presentation/v3/ark:/12148/bd6t5129279k/manifest.json'
For more information check: https://developer.mozilla.org/en-US/docs/Web/HTTP/Status/403",2026-07-17T12:49:40.168059
francesoir,bd6t5129280h,,failed,0,0,,http_manifest,known,403,manifest,"Client error '403 ' for url 'https://openapiproext.bnf.fr/iiif/presentation/v3/ark:/12148/bd6t5129280h/manifest.json'
For more information check: https://developer.mozilla.org/en-US/docs/Web/HTTP/Status/403",2026-07-17T12:49:41.369363
francesoir,bd6t5129281w,,failed,0,0,,http_manifest,known,403,manifest,"Client error '403 ' for url 'https://openapiproext.bnf.fr/iiif/presentation/v3/ark:/12148/bd6t5129281w/manifest.json'
For more information check: https://developer.mozilla.org/en-US/docs/Web/HTTP/Status/403",2026-07-17T12:49:42.568916
francesoir,bd6t51292828,,failed,0,0,,http_manifest,known,403,manifest,"Client error '403 ' for url 'https://openapiproext.bnf.fr/iiif/presentation/v3/ark:/12148/bd6t51292828/manifest.json'
For more information check: https://developer.mozilla.org/en-US/docs/Web/HTTP/Status/403",2026-07-17T12:49:43.772010
francesoir,bd6t5129283n,,failed,0,0,,http_manifest,known,403,manifest,"Client error '403 ' for url 'https://openapiproext.bnf.fr/iiif/presentation/v3/ark:/12148/bd6t5129283n/manifest.json'
For more information check: https://developer.mozilla.org/en-US/docs/Web/HTTP/Status/403",2026-07-17T12:49:44.979024
francesoir,bd6t51292841,,failed,0,0,,http_manifest,known,403,manifest,"Client error '403 ' for url 'https://openapiproext.bnf.fr/iiif/presentation/v3/ark:/12148/bd6t51292841/manifest.json'
For more information check: https://developer.mozilla.org/en-US/docs/Web/HTTP/Status/403",2026-07-17T12:49:46.182085
francesoir,bd6t5129285d,,failed,0,0,,http_manifest,known,403,manifest,"Client error '403 ' for url 'https://openapiproext.bnf.fr/iiif/presentation/v3/ark:/12148/bd6t5129285d/manifest.json'
For more information check: https://developer.mozilla.org/en-US/docs/Web/HTTP/Status/403",2026-07-17T12:49:47.376237
francesoir,bd6t5129286s,,failed,0,0,,http_manifest,known,403,manifest,"Client error '403 ' for url 'https://openapiproext.bnf.fr/iiif/presentation/v3/ark:/12148/bd6t5129286s/manifest.json'
For more information check: https://developer.mozilla.org/en-US/docs/Web/HTTP/Status/403",2026-07-17T12:49:48.577435
francesoir,bd6t51292875,,failed,0,0,,http_manifest,known,403,manifest,"Client error '403 ' for url 'https://openapiproext.bnf.fr/iiif/presentation/v3/ark:/12148/bd6t51292875/manifest.json'
For more information check: https://developer.mozilla.org/en-US/docs/Web/HTTP/Status/403",2026-07-17T12:49:49.795815
francesoir,bd6t5129288j,,failed,0,0,,http_manifest,known,403,manifest,"Client error '403 ' for url 'https://openapiproext.bnf.fr/iiif/presentation/v3/ark:/12148/bd6t5129288j/manifest.json'
For more information check: https://developer.mozilla.org/en-US/docs/Web/HTTP/Status/403",2026-07-17T12:49:50.989164
francesoir,bd6t5129289x,,failed,0,0,,http_manifest,known,403,manifest,"Client error '403 ' for url 'https://openapiproext.bnf.fr/iiif/presentation/v3/ark:/12148/bd6t5129289x/manifest.json'
For more information check: https://developer.mozilla.org/en-US/docs/Web/HTTP/Status/403",2026-07-17T12:49:52.184176
francesoir,bd6t5129290v,,failed,0,0,,http_manifest,known,403,manifest,"Client error '403 ' for url 'https://openapiproext.bnf.fr/iiif/presentation/v3/ark:/12148/bd6t5129290v/manifest.json'
For more information check: https://developer.mozilla.org/en-US/docs/Web/HTTP/Status/403",2026-07-17T12:49:53.383356
francesoir,bd6t51292917,,failed,0,0,,http_manifest,known,403,manifest,"Client error '403 ' for url 'https://openapiproext.bnf.fr/iiif/presentation/v3/ark:/12148/bd6t51292917/manifest.json'
For more information check: https://developer.mozilla.org/en-US/docs/Web/HTTP/Status/403",2026-07-17T12:49:54.595400
francesoir,bd6t5129292m,,failed,0,0,,http_manifest,known,403,manifest,"Client error '403 ' for url 'https://openapiproext.bnf.fr/iiif/presentation/v3/ark:/12148/bd6t5129292m/manifest.json'
For more information check: https://developer.mozilla.org/en-US/docs/Web/HTTP/Status/403",2026-07-17T12:49:55.790347
francesoir,bd6t51292930,,failed,0,0,,http_manifest,known,403,manifest,"Client error '403 ' for url 'https://openapiproext.bnf.fr/iiif/presentation/v3/ark:/12148/bd6t51292930/manifest.json'
For more information check: https://developer.mozilla.org/en-US/docs/Web/HTTP/Status/403",2026-07-17T12:49:57.001678
francesoir,bd6t5129294c,,failed,0,0,,http_manifest,known,403,manifest,"Client error '403 ' for url 'https://openapiproext.bnf.fr/iiif/presentation/v3/ark:/12148/bd6t5129294c/manifest.json'
For more information check: https://developer.mozilla.org/en-US/docs/Web/HTTP/Status/403",2026-07-17T12:49:58.360691
francesoir,bd6t5129295r,,failed,0,0,,http_manifest,known,403,manifest,"Client error '403 ' for url 'https://openapiproext.bnf.fr/iiif/presentation/v3/ark:/12148/bd6t5129295r/manifest.json'
For more information check: https://developer.mozilla.org/en-US/docs/Web/HTTP/Status/403",2026-07-17T12:49:59.562163
francesoir,bd6t51292964,,failed,0,0,,http_manifest,known,403,manifest,"Client error '403 ' for url 'https://openapiproext.bnf.fr/iiif/presentation/v3/ark:/12148/bd6t51292964/manifest.json'
For more information check: https://developer.mozilla.org/en-US/docs/Web/HTTP/Status/403",2026-07-17T12:50:00.738040
francesoir,bd6t5129297h,,failed,0,0,,http_manifest,known,403,manifest,"Client error '403 ' for url 'https://openapiproext.bnf.fr/iiif/presentation/v3/ark:/12148/bd6t5129297h/manifest.json'
For more information check: https://developer.mozilla.org/en-US/docs/Web/HTTP/Status/403",2026-07-17T12:50:02.064334
francesoir,bd6t5129298w,,failed,0,0,,http_manifest,known,403,manifest,"Client error '403 ' for url 'https://openapiproext.bnf.fr/iiif/presentation/v3/ark:/12148/bd6t5129298w/manifest.json'
For more information check: https://developer.mozilla.org/en-US/docs/Web/HTTP/Status/403",2026-07-17T12:50:03.007338
francesoir,bd6t51292998,,failed,0,0,,http_manifest,known,403,manifest,"Client error '403 ' for url 'https://openapiproext.bnf.fr/iiif/presentation/v3/ark:/12148/bd6t51292998/manifest.json'
For more information check: https://developer.mozilla.org/en-US/docs/Web/HTTP/Status/403",2026-07-17T12:50:04.430391
francesoir,bd6t51293002,,failed,0,0,,http_manifest,known,403,manifest,"Client error '403 ' for url 'https://openapiproext.bnf.fr/iiif/presentation/v3/ark:/12148/bd6t51293002/manifest.json'
For more information check: https://developer.mozilla.org/en-US/docs/Web/HTTP/Status/403",2026-07-17T12:50:05.615170
francesoir,bd6t5129301f,,failed,0,0,,http_manifest,known,403,manifest,"Client error '403 ' for url 'https://openapiproext.bnf.fr/iiif/presentation/v3/ark:/12148/bd6t5129301f/manifest.json'
For more information check: https://developer.mozilla.org/en-US/docs/Web/HTTP/Status/403",2026-07-17T12:50:06.657530
francesoir,bd6t5129302t,,failed,0,0,,http_manifest,known,403,manifest,"Client error '403 ' for url 'https://openapiproext.bnf.fr/iiif/presentation/v3/ark:/12148/bd6t5129302t/manifest.json'
For more information check: https://developer.mozilla.org/en-US/docs/Web/HTTP/Status/403",2026-07-17T12:50:07.832021
francesoir,bd6t51293036,,failed,0,0,,http_manifest,known,403,manifest,"Client error '403 ' for url 'https://openapiproext.bnf.fr/iiif/presentation/v3/ark:/12148/bd6t51293036/manifest.json'
For more information check: https://developer.mozilla.org/en-US/docs/Web/HTTP/Status/403",2026-07-17T12:50:09.214542
francesoir,bd6t5129304k,,failed,0,0,,http_manifest,known,403,manifest,"Client error '403 ' for url 'https://openapiproext.bnf.fr/iiif/presentation/v3/ark:/12148/bd6t5129304k/manifest.json'
For more information check: https://developer.mozilla.org/en-US/docs/Web/HTTP/Status/403",2026-07-17T12:50:10.242594
francesoir,bd6t5129305z,,failed,0,0,,http_manifest,known,403,manifest,"Client error '403 ' for url 'https://openapiproext.bnf.fr/iiif/presentation/v3/ark:/12148/bd6t5129305z/manifest.json'
For more information check: https://developer.mozilla.org/en-US/docs/Web/HTTP/Status/403",2026-07-17T12:50:11.417922
francesoir,bd6t5129306b,,failed,0,0,,http_manifest,known,403,manifest,"Client error '403 ' for url 'https://openapiproext.bnf.fr/iiif/presentation/v3/ark:/12148/bd6t5129306b/manifest.json'
For more information check: https://developer.mozilla.org/en-US/docs/Web/HTTP/Status/403",2026-07-17T12:50:12.825491
francesoir,bd6t5129307q,,failed,0,0,,http_manifest,known,403,manifest,"Client error '403 ' for url 'https://openapiproext.bnf.fr/iiif/presentation/v3/ark:/12148/bd6t5129307q/manifest.json'
For more information check: https://developer.mozilla.org/en-US/docs/Web/HTTP/Status/403",2026-07-17T12:50:13.815697
francesoir,bd6t51293083,,failed,0,0,,http_manifest,known,403,manifest,"Client error '403 ' for url 'https://openapiproext.bnf.fr/iiif/presentation/v3/ark:/12148/bd6t51293083/manifest.json'
For more information check: https://developer.mozilla.org/en-US/docs/Web/HTTP/Status/403",2026-07-17T12:50:15.051957
francesoir,bd6t5129309g,,failed,0,0,,http_manifest,known,403,manifest,"Client error '403 ' for url 'https://openapiproext.bnf.fr/iiif/presentation/v3/ark:/12148/bd6t5129309g/manifest.json'
For more information check: https://developer.mozilla.org/en-US/docs/Web/HTTP/Status/403",2026-07-17T12:50:16.220045
francesoir,bd6t5129310d,,failed,0,0,,http_manifest,known,403,manifest,"Client error '403 ' for url 'https://openapiproext.bnf.fr/iiif/presentation/v3/ark:/12148/bd6t5129310d/manifest.json'
For more information check: https://developer.mozilla.org/en-US/docs/Web/HTTP/Status/403",2026-07-17T12:50:17.421813
francesoir,bd6t5129311s,,failed,0,0,,http_manifest,known,403,manifest,"Client error '403 ' for url 'https://openapiproext.bnf.fr/iiif/presentation/v3/ark:/12148/bd6t5129311s/manifest.json'
For more information check: https://developer.mozilla.org/en-US/docs/Web/HTTP/Status/403",2026-07-17T12:50:18.638005
francesoir,bd6t51293125,,failed,0,0,,http_manifest,known,403,manifest,"Client error '403 ' for url 'https://openapiproext.bnf.fr/iiif/presentation/v3/ark:/12148/bd6t51293125/manifest.json'
For more information check: https://developer.mozilla.org/en-US/docs/Web/HTTP/Status/403",2026-07-17T12:50:19.864764
francesoir,bd6t5129313j,,failed,0,0,,http_manifest,known,403,manifest,"Client error '403 ' for url 'https://openapiproext.bnf.fr/iiif/presentation/v3/ark:/12148/bd6t5129313j/manifest.json'
For more information check: https://developer.mozilla.org/en-US/docs/Web/HTTP/Status/403",2026-07-17T12:50:21.026100
francesoir,bd6t5129314x,,failed,0,0,,http_manifest,known,403,manifest,"Client error '403 ' for url 'https://openapiproext.bnf.fr/iiif/presentation/v3/ark:/12148/bd6t5129314x/manifest.json'
For more information check: https://developer.mozilla.org/en-US/docs/Web/HTTP/Status/403",2026-07-17T12:50:22.280774
francesoir,bd6t51293159,,failed,0,0,,http_manifest,known,403,manifest,"Client error '403 ' for url 'https://openapiproext.bnf.fr/iiif/presentation/v3/ark:/12148/bd6t51293159/manifest.json'
For more information check: https://developer.mozilla.org/en-US/docs/Web/HTTP/Status/403",2026-07-17T12:50:23.438433
francesoir,bd6t5129316p,,failed,0,0,,http_manifest,known,403,manifest,"Client error '403 ' for url 'https://openapiproext.bnf.fr/iiif/presentation/v3/ark:/12148/bd6t5129316p/manifest.json'
For more information check: https://developer.mozilla.org/en-US/docs/Web/HTTP/Status/403",2026-07-17T12:50:24.629290
francesoir,bd6t51293172,,failed,0,0,,http_manifest,known,403,manifest,"Client error '403 ' for url 'https://openapiproext.bnf.fr/iiif/presentation/v3/ark:/12148/bd6t51293172/manifest.json'
For more information check: https://developer.mozilla.org/en-US/docs/Web/HTTP/Status/403",2026-07-17T12:50:25.860542
francesoir,bd6t5129318f,,failed,0,0,,http_manifest,known,403,manifest,"Client error '403 ' for url 'https://openapiproext.bnf.fr/iiif/presentation/v3/ark:/12148/bd6t5129318f/manifest.json'
For more information check: https://developer.mozilla.org/en-US/docs/Web/HTTP/Status/403",2026-07-17T12:50:27.038630
francesoir,bd6t51291628,,failed,0,0,,http_manifest,known,403,manifest,"Client error '403 ' for url 'https://openapiproext.bnf.fr/iiif/presentation/v3/ark:/12148/bd6t51291628/manifest.json'
For more information check: https://developer.mozilla.org/en-US/docs/Web/HTTP/Status/403",2026-07-17T12:50:28.238940
francesoir,bd6t5129163n,,failed,0,0,,http_manifest,known,403,manifest,"Client error '403 ' for url 'https://openapiproext.bnf.fr/iiif/presentation/v3/ark:/12148/bd6t5129163n/manifest.json'
For more information check: https://developer.mozilla.org/en-US/docs/Web/HTTP/Status/403",2026-07-17T12:50:29.440623
francesoir,bd6t51291641,,failed,0,0,,http_manifest,known,403,manifest,"Client error '403 ' for url 'https://openapiproext.bnf.fr/iiif/presentation/v3/ark:/12148/bd6t51291641/manifest.json'
For more information check: https://developer.mozilla.org/en-US/docs/Web/HTTP/Status/403",2026-07-17T12:50:30.640970
francesoir,bd6t5129165d,,failed,0,0,,http_manifest,known,403,manifest,"Client error '403 ' for url 'https://openapiproext.bnf.fr/iiif/presentation/v3/ark:/12148/bd6t5129165d/manifest.json'
For more information check: https://developer.mozilla.org/en-US/docs/Web/HTTP/Status/403",2026-07-17T12:50:31.842603
francesoir,bd6t5129166s,,failed,0,0,,http_manifest,known,403,manifest,"Client error '403 ' for url 'https://openapiproext.bnf.fr/iiif/presentation/v3/ark:/12148/bd6t5129166s/manifest.json'
For more information check: https://developer.mozilla.org/en-US/docs/Web/HTTP/Status/403",2026-07-17T12:50:33.047976
francesoir,bd6t51291675,,failed,0,0,,http_manifest,known,403,manifest,"Client error '403 ' for url 'https://openapiproext.bnf.fr/iiif/presentation/v3/ark:/12148/bd6t51291675/manifest.json'
For more information check: https://developer.mozilla.org/en-US/docs/Web/HTTP/Status/403",2026-07-17T12:50:34.248633
francesoir,bd6t5129168j,,failed,0,0,,http_manifest,known,403,manifest,"Client error '403 ' for url 'https://openapiproext.bnf.fr/iiif/presentation/v3/ark:/12148/bd6t5129168j/manifest.json'
For more information check: https://developer.mozilla.org/en-US/docs/Web/HTTP/Status/403",2026-07-17T12:50:35.447700
francesoir,bd6t5129169x,,failed,0,0,,http_manifest,known,403,manifest,"Client error '403 ' for url 'https://openapiproext.bnf.fr/iiif/presentation/v3/ark:/12148/bd6t5129169x/manifest.json'
For more information check: https://developer.mozilla.org/en-US/docs/Web/HTTP/Status/403",2026-07-17T12:50:36.650861
francesoir,bd6t5129170v,,failed,0,0,,http_manifest,known,403,manifest,"Client error '403 ' for url 'https://openapiproext.bnf.fr/iiif/presentation/v3/ark:/12148/bd6t5129170v/manifest.json'
For more information check: https://developer.mozilla.org/en-US/docs/Web/HTTP/Status/403",2026-07-17T12:50:37.874450
francesoir,bd6t51291717,,failed,0,0,,http_manifest,known,403,manifest,"Client error '403 ' for url 'https://openapiproext.bnf.fr/iiif/presentation/v3/ark:/12148/bd6t51291717/manifest.json'
For more information check: https://developer.mozilla.org/en-US/docs/Web/HTTP/Status/403",2026-07-17T12:50:39.052490
francesoir,bd6t5129172m,,failed,0,0,,http_manifest,known,403,manifest,"Client error '403 ' for url 'https://openapiproext.bnf.fr/iiif/presentation/v3/ark:/12148/bd6t5129172m/manifest.json'
For more information check: https://developer.mozilla.org/en-US/docs/Web/HTTP/Status/403",2026-07-17T12:50:40.254620
francesoir,bd6t51291730,,failed,0,0,,http_manifest,known,403,manifest,"Client error '403 ' for url 'https://openapiproext.bnf.fr/iiif/presentation/v3/ark:/12148/bd6t51291730/manifest.json'
For more information check: https://developer.mozilla.org/en-US/docs/Web/HTTP/Status/403",2026-07-17T12:50:41.454356
francesoir,bd6t5129174c,,failed,0,0,,http_manifest,known,403,manifest,"Client error '403 ' for url 'https://openapiproext.bnf.fr/iiif/presentation/v3/ark:/12148/bd6t5129174c/manifest.json'
For more information check: https://developer.mozilla.org/en-US/docs/Web/HTTP/Status/403",2026-07-17T12:50:42.656593
francesoir,bd6t5129175r,,failed,0,0,,http_manifest,known,403,manifest,"Client error '403 ' for url 'https://openapiproext.bnf.fr/iiif/presentation/v3/ark:/12148/bd6t5129175r/manifest.json'
For more information check: https://developer.mozilla.org/en-US/docs/Web/HTTP/Status/403",2026-07-17T12:50:43.882189
francesoir,bd6t51291764,,failed,0,0,,http_manifest,known,403,manifest,"Client error '403 ' for url 'https://openapiproext.bnf.fr/iiif/presentation/v3/ark:/12148/bd6t51291764/manifest.json'
For more information check: https://developer.mozilla.org/en-US/docs/Web/HTTP/Status/403",2026-07-17T12:50:45.060189
francesoir,bd6t5129177h,,failed,0,0,,http_manifest,known,403,manifest,"Client error '403 ' for url 'https://openapiproext.bnf.fr/iiif/presentation/v3/ark:/12148/bd6t5129177h/manifest.json'
For more information check: https://developer.mozilla.org/en-US/docs/Web/HTTP/Status/403",2026-07-17T12:50:46.261171
francesoir,bd6t5129178w,,failed,0,0,,http_manifest,known,403,manifest,"Client error '403 ' for url 'https://openapiproext.bnf.fr/iiif/presentation/v3/ark:/12148/bd6t5129178w/manifest.json'
For more information check: https://developer.mozilla.org/en-US/docs/Web/HTTP/Status/403",2026-07-17T12:50:47.461513
francesoir,bd6t51291798,,failed,0,0,,http_manifest,known,403,manifest,"Client error '403 ' for url 'https://openapiproext.bnf.fr/iiif/presentation/v3/ark:/12148/bd6t51291798/manifest.json'
For more information check: https://developer.mozilla.org/en-US/docs/Web/HTTP/Status/403",2026-07-17T12:50:48.665272
francesoir,bd6t51291806,,failed,0,0,,http_manifest,known,403,manifest,"Client error '403 ' for url 'https://openapiproext.bnf.fr/iiif/presentation/v3/ark:/12148/bd6t51291806/manifest.json'
For more information check: https://developer.mozilla.org/en-US/docs/Web/HTTP/Status/403",2026-07-17T12:50:49.865153
francesoir,bd6t5129181k,,failed,0,0,,http_manifest,known,403,manifest,"Client error '403 ' for url 'https://openapiproext.bnf.fr/iiif/presentation/v3/ark:/12148/bd6t5129181k/manifest.json'
For more information check: https://developer.mozilla.org/en-US/docs/Web/HTTP/Status/403",2026-07-17T12:50:51.065555
francesoir,bd6t5129182z,,failed,0,0,,http_manifest,known,403,manifest,"Client error '403 ' for url 'https://openapiproext.bnf.fr/iiif/presentation/v3/ark:/12148/bd6t5129182z/manifest.json'
For more information check: https://developer.mozilla.org/en-US/docs/Web/HTTP/Status/403",2026-07-17T12:50:52.262130
francesoir,bd6t5129183b,,failed,0,0,,http_manifest,known,403,manifest,"Client error '403 ' for url 'https://openapiproext.bnf.fr/iiif/presentation/v3/ark:/12148/bd6t5129183b/manifest.json'
For more information check: https://developer.mozilla.org/en-US/docs/Web/HTTP/Status/403",2026-07-17T12:50:53.471475
francesoir,bd6t5129184q,,failed,0,0,,http_manifest,known,403,manifest,"Client error '403 ' for url 'https://openapiproext.bnf.fr/iiif/presentation/v3/ark:/12148/bd6t5129184q/manifest.json'
For more information check: https://developer.mozilla.org/en-US/docs/Web/HTTP/Status/403",2026-07-17T12:50:54.686855
francesoir,bd6t51291853,,failed,0,0,,http_manifest,known,403,manifest,"Client error '403 ' for url 'https://openapiproext.bnf.fr/iiif/presentation/v3/ark:/12148/bd6t51291853/manifest.json'
For more information check: https://developer.mozilla.org/en-US/docs/Web/HTTP/Status/403",2026-07-17T12:50:55.893525
francesoir,bd6t5129186g,,failed,0,0,,http_manifest,known,403,manifest,"Client error '403 ' for url 'https://openapiproext.bnf.fr/iiif/presentation/v3/ark:/12148/bd6t5129186g/manifest.json'
For more information check: https://developer.mozilla.org/en-US/docs/Web/HTTP/Status/403",2026-07-17T12:50:57.074001
francesoir,bd6t5129187v,,failed,0,0,,http_manifest,known,403,manifest,"Client error '403 ' for url 'https://openapiproext.bnf.fr/iiif/presentation/v3/ark:/12148/bd6t5129187v/manifest.json'
For more information check: https://developer.mozilla.org/en-US/docs/Web/HTTP/Status/403",2026-07-17T12:50:58.310584
francesoir,bd6t51291887,,failed,0,0,,http_manifest,known,403,manifest,"Client error '403 ' for url 'https://openapiproext.bnf.fr/iiif/presentation/v3/ark:/12148/bd6t51291887/manifest.json'
For more information check: https://developer.mozilla.org/en-US/docs/Web/HTTP/Status/403",2026-07-17T12:50:59.627320
francesoir,bd6t5129189m,,failed,0,0,,http_manifest,known,403,manifest,"Client error '403 ' for url 'https://openapiproext.bnf.fr/iiif/presentation/v3/ark:/12148/bd6t5129189m/manifest.json'
For more information check: https://developer.mozilla.org/en-US/docs/Web/HTTP/Status/403",2026-07-17T12:51:00.846976
francesoir,bd6t5129190j,,failed,0,0,,http_manifest,known,403,manifest,"Client error '403 ' for url 'https://openapiproext.bnf.fr/iiif/presentation/v3/ark:/12148/bd6t5129190j/manifest.json'
For more information check: https://developer.mozilla.org/en-US/docs/Web/HTTP/Status/403",2026-07-17T12:51:02.042552
francesoir,bd6t5129191x,,failed,0,0,,http_manifest,known,403,manifest,"Client error '403 ' for url 'https://openapiproext.bnf.fr/iiif/presentation/v3/ark:/12148/bd6t5129191x/manifest.json'
For more information check: https://developer.mozilla.org/en-US/docs/Web/HTTP/Status/403",2026-07-17T12:51:03.217478
francesoir,bd6t51291929,,failed,0,0,,http_manifest,known,403,manifest,"Client error '403 ' for url 'https://openapiproext.bnf.fr/iiif/presentation/v3/ark:/12148/bd6t51291929/manifest.json'
For more information check: https://developer.mozilla.org/en-US/docs/Web/HTTP/Status/403",2026-07-17T12:51:04.401823
francesoir,bd6t5129193p,,failed,0,0,,http_manifest,known,403,manifest,"Client error '403 ' for url 'https://openapiproext.bnf.fr/iiif/presentation/v3/ark:/12148/bd6t5129193p/manifest.json'
For more information check: https://developer.mozilla.org/en-US/docs/Web/HTTP/Status/403",2026-07-17T12:51:05.528745
francesoir,bd6t51291942,,failed,0,0,,http_manifest,known,403,manifest,"Client error '403 ' for url 'https://openapiproext.bnf.fr/iiif/presentation/v3/ark:/12148/bd6t51291942/manifest.json'
For more information check: https://developer.mozilla.org/en-US/docs/Web/HTTP/Status/403",2026-07-17T12:51:06.840913
francesoir,bd6t5129195f,,failed,0,0,,http_manifest,known,403,manifest,"Client error '403 ' for url 'https://openapiproext.bnf.fr/iiif/presentation/v3/ark:/12148/bd6t5129195f/manifest.json'
For more information check: https://developer.mozilla.org/en-US/docs/Web/HTTP/Status/403",2026-07-17T12:51:07.914926
francesoir,bd6t5129196t,,failed,0,0,,http_manifest,known,403,manifest,"Client error '403 ' for url 'https://openapiproext.bnf.fr/iiif/presentation/v3/ark:/12148/bd6t5129196t/manifest.json'
For more information check: https://developer.mozilla.org/en-US/docs/Web/HTTP/Status/403",2026-07-17T12:51:09.097491
francesoir,bd6t51291976,,failed,0,0,,http_manifest,known,403,manifest,"Client error '403 ' for url 'https://openapiproext.bnf.fr/iiif/presentation/v3/ark:/12148/bd6t51291976/manifest.json'
For more information check: https://developer.mozilla.org/en-US/docs/Web/HTTP/Status/403",2026-07-17T12:51:10.293581
francesoir,bd6t5129198k,,failed,0,0,,http_manifest,known,403,manifest,"Client error '403 ' for url 'https://openapiproext.bnf.fr/iiif/presentation/v3/ark:/12148/bd6t5129198k/manifest.json'
For more information check: https://developer.mozilla.org/en-US/docs/Web/HTTP/Status/403",2026-07-17T12:51:11.748506
francesoir,bd6t5129199z,,failed,0,0,,http_manifest,known,403,manifest,"Client error '403 ' for url 'https://openapiproext.bnf.fr/iiif/presentation/v3/ark:/12148/bd6t5129199z/manifest.json'
For more information check: https://developer.mozilla.org/en-US/docs/Web/HTTP/Status/403",2026-07-17T12:51:12.808419
francesoir,bd6t5129200r,,failed,0,0,,http_manifest,known,403,manifest,"Client error '403 ' for url 'https://openapiproext.bnf.fr/iiif/presentation/v3/ark:/12148/bd6t5129200r/manifest.json'
For more information check: https://developer.mozilla.org/en-US/docs/Web/HTTP/Status/403",2026-07-17T12:51:13.951278
francesoir,bd6t51292014,,failed,0,0,,http_manifest,known,403,manifest,"Client error '403 ' for url 'https://openapiproext.bnf.fr/iiif/presentation/v3/ark:/12148/bd6t51292014/manifest.json'
For more information check: https://developer.mozilla.org/en-US/docs/Web/HTTP/Status/403",2026-07-17T12:51:15.102490
francesoir,bd6t5129202h,,failed,0,0,,http_manifest,known,403,manifest,"Client error '403 ' for url 'https://openapiproext.bnf.fr/iiif/presentation/v3/ark:/12148/bd6t5129202h/manifest.json'
For more information check: https://developer.mozilla.org/en-US/docs/Web/HTTP/Status/403",2026-07-17T12:51:16.316844
francesoir,bd6t5129203w,,failed,0,0,,http_manifest,known,403,manifest,"Client error '403 ' for url 'https://openapiproext.bnf.fr/iiif/presentation/v3/ark:/12148/bd6t5129203w/manifest.json'
For more information check: https://developer.mozilla.org/en-US/docs/Web/HTTP/Status/403",2026-07-17T12:51:17.519175
francesoir,bd6t51292048,,failed,0,0,,http_manifest,known,403,manifest,"Client error '403 ' for url 'https://openapiproext.bnf.fr/iiif/presentation/v3/ark:/12148/bd6t51292048/manifest.json'
For more information check: https://developer.mozilla.org/en-US/docs/Web/HTTP/Status/403",2026-07-17T12:51:18.993608
francesoir,bd6t5129205n,,failed,0,0,,http_manifest,known,403,manifest,"Client error '403 ' for url 'https://openapiproext.bnf.fr/iiif/presentation/v3/ark:/12148/bd6t5129205n/manifest.json'
For more information check: https://developer.mozilla.org/en-US/docs/Web/HTTP/Status/403",2026-07-17T12:51:19.907593
francesoir,bd6t51292061,,failed,0,0,,http_manifest,known,403,manifest,"Client error '403 ' for url 'https://openapiproext.bnf.fr/iiif/presentation/v3/ark:/12148/bd6t51292061/manifest.json'
For more information check: https://developer.mozilla.org/en-US/docs/Web/HTTP/Status/403",2026-07-17T12:51:21.108554
francesoir,bd6t5129207d,,failed,0,0,,http_manifest,known,403,manifest,"Client error '403 ' for url 'https://openapiproext.bnf.fr/iiif/presentation/v3/ark:/12148/bd6t5129207d/manifest.json'
For more information check: https://developer.mozilla.org/en-US/docs/Web/HTTP/Status/403",2026-07-17T12:51:22.317086
francesoir,bd6t5129208s,,failed,0,0,,http_manifest,known,403,manifest,"Client error '403 ' for url 'https://openapiproext.bnf.fr/iiif/presentation/v3/ark:/12148/bd6t5129208s/manifest.json'
For more information check: https://developer.mozilla.org/en-US/docs/Web/HTTP/Status/403",2026-07-17T12:51:23.513568
francesoir,bd6t51292095,,failed,0,0,,http_manifest,known,403,manifest,"Client error '403 ' for url 'https://openapiproext.bnf.fr/iiif/presentation/v3/ark:/12148/bd6t51292095/manifest.json'
For more information check: https://developer.mozilla.org/en-US/docs/Web/HTTP/Status/403",2026-07-17T12:51:24.751632
francesoir,bd6t51292103,,failed,0,0,,http_manifest,known,403,manifest,"Client error '403 ' for url 'https://openapiproext.bnf.fr/iiif/presentation/v3/ark:/12148/bd6t51292103/manifest.json'
For more information check: https://developer.mozilla.org/en-US/docs/Web/HTTP/Status/403",2026-07-17T12:51:25.913607
francesoir,bd6t5129211g,,failed,0,0,,http_manifest,known,403,manifest,"Client error '403 ' for url 'https://openapiproext.bnf.fr/iiif/presentation/v3/ark:/12148/bd6t5129211g/manifest.json'
For more information check: https://developer.mozilla.org/en-US/docs/Web/HTTP/Status/403",2026-07-17T12:51:27.115524
francesoir,bd6t5129212v,,failed,0,0,,http_manifest,known,403,manifest,"Client error '403 ' for url 'https://openapiproext.bnf.fr/iiif/presentation/v3/ark:/12148/bd6t5129212v/manifest.json'
For more information check: https://developer.mozilla.org/en-US/docs/Web/HTTP/Status/403",2026-07-17T12:51:28.335505
francesoir,bd6t51292137,,failed,0,0,,http_manifest,known,403,manifest,"Client error '403 ' for url 'https://openapiproext.bnf.fr/iiif/presentation/v3/ark:/12148/bd6t51292137/manifest.json'
For more information check: https://developer.mozilla.org/en-US/docs/Web/HTTP/Status/403",2026-07-17T12:51:29.516270
francesoir,bd6t5129214m,,failed,0,0,,http_manifest,known,403,manifest,"Client error '403 ' for url 'https://openapiproext.bnf.fr/iiif/presentation/v3/ark:/12148/bd6t5129214m/manifest.json'
For more information check: https://developer.mozilla.org/en-US/docs/Web/HTTP/Status/403",2026-07-17T12:51:30.724590
francesoir,bd6t51292150,,failed,0,0,,http_manifest,known,403,manifest,"Client error '403 ' for url 'https://openapiproext.bnf.fr/iiif/presentation/v3/ark:/12148/bd6t51292150/manifest.json'
For more information check: https://developer.mozilla.org/en-US/docs/Web/HTTP/Status/403",2026-07-17T12:51:31.923749
francesoir,bd6t5129216c,,failed,0,0,,http_manifest,known,403,manifest,"Client error '403 ' for url 'https://openapiproext.bnf.fr/iiif/presentation/v3/ark:/12148/bd6t5129216c/manifest.json'
For more information check: https://developer.mozilla.org/en-US/docs/Web/HTTP/Status/403",2026-07-17T12:51:33.124228
francesoir,bd6t5129217r,,failed,0,0,,http_manifest,known,403,manifest,"Client error '403 ' for url 'https://openapiproext.bnf.fr/iiif/presentation/v3/ark:/12148/bd6t5129217r/manifest.json'
For more information check: https://developer.mozilla.org/en-US/docs/Web/HTTP/Status/403",2026-07-17T12:51:34.325282
francesoir,bd6t51292184,,failed,0,0,,http_manifest,known,403,manifest,"Client error '403 ' for url 'https://openapiproext.bnf.fr/iiif/presentation/v3/ark:/12148/bd6t51292184/manifest.json'
For more information check: https://developer.mozilla.org/en-US/docs/Web/HTTP/Status/403",2026-07-17T12:51:35.525069
francesoir,bd6t5129219h,,failed,0,0,,http_manifest,known,403,manifest,"Client error '403 ' for url 'https://openapiproext.bnf.fr/iiif/presentation/v3/ark:/12148/bd6t5129219h/manifest.json'
For more information check: https://developer.mozilla.org/en-US/docs/Web/HTTP/Status/403",2026-07-17T12:51:36.727448
francesoir,bd6t5129220f,,failed,0,0,,http_manifest,known,403,manifest,"Client error '403 ' for url 'https://openapiproext.bnf.fr/iiif/presentation/v3/ark:/12148/bd6t5129220f/manifest.json'
For more information check: https://developer.mozilla.org/en-US/docs/Web/HTTP/Status/403",2026-07-17T12:51:37.927514
francesoir,bd6t5129221t,,failed,0,0,,http_manifest,known,403,manifest,"Client error '403 ' for url 'https://openapiproext.bnf.fr/iiif/presentation/v3/ark:/12148/bd6t5129221t/manifest.json'
For more information check: https://developer.mozilla.org/en-US/docs/Web/HTTP/Status/403",2026-07-17T12:51:39.152498
francesoir,bd6t51292226,,failed,0,0,,http_manifest,known,403,manifest,"Client error '403 ' for url 'https://openapiproext.bnf.fr/iiif/presentation/v3/ark:/12148/bd6t51292226/manifest.json'
For more information check: https://developer.mozilla.org/en-US/docs/Web/HTTP/Status/403",2026-07-17T12:51:40.332861
francesoir,bd6t5129223k,,failed,0,0,,http_manifest,known,403,manifest,"Client error '403 ' for url 'https://openapiproext.bnf.fr/iiif/presentation/v3/ark:/12148/bd6t5129223k/manifest.json'
For more information check: https://developer.mozilla.org/en-US/docs/Web/HTTP/Status/403",2026-07-17T12:51:41.533290
francesoir,bd6t5129224z,,failed,0,0,,http_manifest,known,403,manifest,"Client error '403 ' for url 'https://openapiproext.bnf.fr/iiif/presentation/v3/ark:/12148/bd6t5129224z/manifest.json'
For more information check: https://developer.mozilla.org/en-US/docs/Web/HTTP/Status/403",2026-07-17T12:51:42.739589
francesoir,bd6t5129225b,,failed,0,0,,http_manifest,known,403,manifest,"Client error '403 ' for url 'https://openapiproext.bnf.fr/iiif/presentation/v3/ark:/12148/bd6t5129225b/manifest.json'
For more information check: https://developer.mozilla.org/en-US/docs/Web/HTTP/Status/403",2026-07-17T12:51:43.955579
francesoir,bd6t5129226q,,failed,0,0,,http_manifest,known,403,manifest,"Client error '403 ' for url 'https://openapiproext.bnf.fr/iiif/presentation/v3/ark:/12148/bd6t5129226q/manifest.json'
For more information check: https://developer.mozilla.org/en-US/docs/Web/HTTP/Status/403",2026-07-17T12:51:45.135684
francesoir,bd6t51292273,,failed,0,0,,http_manifest,known,403,manifest,"Client error '403 ' for url 'https://openapiproext.bnf.fr/iiif/presentation/v3/ark:/12148/bd6t51292273/manifest.json'
For more information check: https://developer.mozilla.org/en-US/docs/Web/HTTP/Status/403",2026-07-17T12:51:46.345252
francesoir,bd6t5129228g,,failed,0,0,,http_manifest,known,403,manifest,"Client error '403 ' for url 'https://openapiproext.bnf.fr/iiif/presentation/v3/ark:/12148/bd6t5129228g/manifest.json'
For more information check: https://developer.mozilla.org/en-US/docs/Web/HTTP/Status/403",2026-07-17T12:51:47.538706
francesoir,bd6t5129229v,,failed,0,0,,http_manifest,known,403,manifest,"Client error '403 ' for url 'https://openapiproext.bnf.fr/iiif/presentation/v3/ark:/12148/bd6t5129229v/manifest.json'
For more information check: https://developer.mozilla.org/en-US/docs/Web/HTTP/Status/403",2026-07-17T12:51:48.738129
francesoir,bd6t5129230s,,failed,0,0,,http_manifest,known,403,manifest,"Client error '403 ' for url 'https://openapiproext.bnf.fr/iiif/presentation/v3/ark:/12148/bd6t5129230s/manifest.json'
For more information check: https://developer.mozilla.org/en-US/docs/Web/HTTP/Status/403",2026-07-17T12:51:49.940422
francesoir,bd6t51292315,,failed,0,0,,http_manifest,known,403,manifest,"Client error '403 ' for url 'https://openapiproext.bnf.fr/iiif/presentation/v3/ark:/12148/bd6t51292315/manifest.json'
For more information check: https://developer.mozilla.org/en-US/docs/Web/HTTP/Status/403",2026-07-17T12:51:51.141778
francesoir,bd6t5129232j,,failed,0,0,,http_manifest,known,403,manifest,"Client error '403 ' for url 'https://openapiproext.bnf.fr/iiif/presentation/v3/ark:/12148/bd6t5129232j/manifest.json'
For more information check: https://developer.mozilla.org/en-US/docs/Web/HTTP/Status/403",2026-07-17T12:51:52.340487
francesoir,bd6t5129233x,,failed,0,0,,http_manifest,known,403,manifest,"Client error '403 ' for url 'https://openapiproext.bnf.fr/iiif/presentation/v3/ark:/12148/bd6t5129233x/manifest.json'
For more information check: https://developer.mozilla.org/en-US/docs/Web/HTTP/Status/403",2026-07-17T12:51:53.544080
francesoir,bd6t51292349,,failed,0,0,,http_manifest,known,403,manifest,"Client error '403 ' for url 'https://openapiproext.bnf.fr/iiif/presentation/v3/ark:/12148/bd6t51292349/manifest.json'
For more information check: https://developer.mozilla.org/en-US/docs/Web/HTTP/Status/403",2026-07-17T12:51:54.745712
francesoir,bd6t5129235p,,failed,0,0,,http_manifest,known,403,manifest,"Client error '403 ' for url 'https://openapiproext.bnf.fr/iiif/presentation/v3/ark:/12148/bd6t5129235p/manifest.json'
For more information check: https://developer.mozilla.org/en-US/docs/Web/HTTP/Status/403",2026-07-17T12:51:55.948428
francesoir,bd6t51292362,,failed,0,0,,http_manifest,known,403,manifest,"Client error '403 ' for url 'https://openapiproext.bnf.fr/iiif/presentation/v3/ark:/12148/bd6t51292362/manifest.json'
For more information check: https://developer.mozilla.org/en-US/docs/Web/HTTP/Status/403",2026-07-17T12:51:57.152271
francesoir,bd6t5129237f,,failed,0,0,,http_manifest,known,403,manifest,"Client error '403 ' for url 'https://openapiproext.bnf.fr/iiif/presentation/v3/ark:/12148/bd6t5129237f/manifest.json'
For more information check: https://developer.mozilla.org/en-US/docs/Web/HTTP/Status/403",2026-07-17T12:51:58.508315
francesoir,bd6t5129238t,,failed,0,0,,http_manifest,known,403,manifest,"Client error '403 ' for url 'https://openapiproext.bnf.fr/iiif/presentation/v3/ark:/12148/bd6t5129238t/manifest.json'
For more information check: https://developer.mozilla.org/en-US/docs/Web/HTTP/Status/403",2026-07-17T12:51:59.627298
francesoir,bd6t51292396,,failed,0,0,,http_manifest,known,403,manifest,"Client error '403 ' for url 'https://openapiproext.bnf.fr/iiif/presentation/v3/ark:/12148/bd6t51292396/manifest.json'
For more information check: https://developer.mozilla.org/en-US/docs/Web/HTTP/Status/403",2026-07-17T12:52:00.869613
francesoir,bd6t51292404,,failed,0,0,,http_manifest,known,403,manifest,"Client error '403 ' for url 'https://openapiproext.bnf.fr/iiif/presentation/v3/ark:/12148/bd6t51292404/manifest.json'
For more information check: https://developer.mozilla.org/en-US/docs/Web/HTTP/Status/403",2026-07-17T12:52:02.062458
francesoir,bd6t5127588x,,failed,0,0,,http_manifest,known,403,manifest,"Client error '403 ' for url 'https://openapiproext.bnf.fr/iiif/presentation/v3/ark:/12148/bd6t5127588x/manifest.json'
For more information check: https://developer.mozilla.org/en-US/docs/Web/HTTP/Status/403",2026-07-17T12:52:03.363125
francesoir,bd6t51275899,,failed,0,0,,http_manifest,known,403,manifest,"Client error '403 ' for url 'https://openapiproext.bnf.fr/iiif/presentation/v3/ark:/12148/bd6t51275899/manifest.json'
For more information check: https://developer.mozilla.org/en-US/docs/Web/HTTP/Status/403",2026-07-17T12:52:04.507356
francesoir,bd6t51275907,,failed,0,0,,http_manifest,known,403,manifest,"Client error '403 ' for url 'https://openapiproext.bnf.fr/iiif/presentation/v3/ark:/12148/bd6t51275907/manifest.json'
For more information check: https://developer.mozilla.org/en-US/docs/Web/HTTP/Status/403",2026-07-17T12:52:05.694059
francesoir,bd6t5127591m,,failed,0,0,,http_manifest,known,403,manifest,"Client error '403 ' for url 'https://openapiproext.bnf.fr/iiif/presentation/v3/ark:/12148/bd6t5127591m/manifest.json'
For more information check: https://developer.mozilla.org/en-US/docs/Web/HTTP/Status/403",2026-07-17T12:52:06.761359
francesoir,bd6t51275920,,failed,0,0,,http_manifest,known,403,manifest,"Client error '403 ' for url 'https://openapiproext.bnf.fr/iiif/presentation/v3/ark:/12148/bd6t51275920/manifest.json'
For more information check: https://developer.mozilla.org/en-US/docs/Web/HTTP/Status/403",2026-07-17T12:52:07.964327
francesoir,bd6t5127593c,,failed,0,0,,http_manifest,known,403,manifest,"Client error '403 ' for url 'https://openapiproext.bnf.fr/iiif/presentation/v3/ark:/12148/bd6t5127593c/manifest.json'
For more information check: https://developer.mozilla.org/en-US/docs/Web/HTTP/Status/403",2026-07-17T12:52:09.166912
francesoir,bd6t5127594r,,failed,0,0,,http_manifest,known,403,manifest,"Client error '403 ' for url 'https://openapiproext.bnf.fr/iiif/presentation/v3/ark:/12148/bd6t5127594r/manifest.json'
For more information check: https://developer.mozilla.org/en-US/docs/Web/HTTP/Status/403",2026-07-17T12:52:10.620429
francesoir,bd6t51275954,,failed,0,0,,http_manifest,known,403,manifest,"Client error '403 ' for url 'https://openapiproext.bnf.fr/iiif/presentation/v3/ark:/12148/bd6t51275954/manifest.json'
For more information check: https://developer.mozilla.org/en-US/docs/Web/HTTP/Status/403",2026-07-17T12:52:11.568224
francesoir,bd6t5127596h,,failed,0,0,,http_manifest,known,403,manifest,"Client error '403 ' for url 'https://openapiproext.bnf.fr/iiif/presentation/v3/ark:/12148/bd6t5127596h/manifest.json'
For more information check: https://developer.mozilla.org/en-US/docs/Web/HTTP/Status/403",2026-07-17T12:52:12.841104
francesoir,bd6t5127597w,,failed,0,0,,http_manifest,known,403,manifest,"Client error '403 ' for url 'https://openapiproext.bnf.fr/iiif/presentation/v3/ark:/12148/bd6t5127597w/manifest.json'
For more information check: https://developer.mozilla.org/en-US/docs/Web/HTTP/Status/403",2026-07-17T12:52:14.175058
francesoir,bd6t51275988,,failed,0,0,,http_manifest,known,403,manifest,"Client error '403 ' for url 'https://openapiproext.bnf.fr/iiif/presentation/v3/ark:/12148/bd6t51275988/manifest.json'
For more information check: https://developer.mozilla.org/en-US/docs/Web/HTTP/Status/403",2026-07-17T12:52:15.174517
francesoir,bd6t5127599n,,failed,0,0,,http_manifest,known,403,manifest,"Client error '403 ' for url 'https://openapiproext.bnf.fr/iiif/presentation/v3/ark:/12148/bd6t5127599n/manifest.json'
For more information check: https://developer.mozilla.org/en-US/docs/Web/HTTP/Status/403",2026-07-17T12:52:16.508066
francesoir,bd6t5127600f,,failed,0,0,,http_manifest,known,403,manifest,"Client error '403 ' for url 'https://openapiproext.bnf.fr/iiif/presentation/v3/ark:/12148/bd6t5127600f/manifest.json'
For more information check: https://developer.mozilla.org/en-US/docs/Web/HTTP/Status/403",2026-07-17T12:52:17.590615
francesoir,bd6t5127601t,,failed,0,0,,http_manifest,known,403,manifest,"Client error '403 ' for url 'https://openapiproext.bnf.fr/iiif/presentation/v3/ark:/12148/bd6t5127601t/manifest.json'
For more information check: https://developer.mozilla.org/en-US/docs/Web/HTTP/Status/403",2026-07-17T12:52:19.012365
francesoir,bd6t51276026,,failed,0,0,,http_manifest,known,403,manifest,"Client error '403 ' for url 'https://openapiproext.bnf.fr/iiif/presentation/v3/ark:/12148/bd6t51276026/manifest.json'
For more information check: https://developer.mozilla.org/en-US/docs/Web/HTTP/Status/403",2026-07-17T12:52:19.998445
francesoir,bd6t5127603k,,failed,0,0,,http_manifest,known,403,manifest,"Client error '403 ' for url 'https://openapiproext.bnf.fr/iiif/presentation/v3/ark:/12148/bd6t5127603k/manifest.json'
For more information check: https://developer.mozilla.org/en-US/docs/Web/HTTP/Status/403",2026-07-17T12:52:21.180751
francesoir,bd6t5127604z,,failed,0,0,,http_manifest,known,403,manifest,"Client error '403 ' for url 'https://openapiproext.bnf.fr/iiif/presentation/v3/ark:/12148/bd6t5127604z/manifest.json'
For more information check: https://developer.mozilla.org/en-US/docs/Web/HTTP/Status/403",2026-07-17T12:52:22.386360
francesoir,bd6t5127605b,,failed,0,0,,http_manifest,known,403,manifest,"Client error '403 ' for url 'https://openapiproext.bnf.fr/iiif/presentation/v3/ark:/12148/bd6t5127605b/manifest.json'
For more information check: https://developer.mozilla.org/en-US/docs/Web/HTTP/Status/403",2026-07-17T12:52:23.609096
francesoir,bd6t5127606q,,failed,0,0,,http_manifest,known,403,manifest,"Client error '403 ' for url 'https://openapiproext.bnf.fr/iiif/presentation/v3/ark:/12148/bd6t5127606q/manifest.json'
For more information check: https://developer.mozilla.org/en-US/docs/Web/HTTP/Status/403",2026-07-17T12:52:24.784904
francesoir,bd6t51276073,,failed,0,0,,http_manifest,known,403,manifest,"Client error '403 ' for url 'https://openapiproext.bnf.fr/iiif/presentation/v3/ark:/12148/bd6t51276073/manifest.json'
For more information check: https://developer.mozilla.org/en-US/docs/Web/HTTP/Status/403",2026-07-17T12:52:25.987475
francesoir,bd6t5127608g,,failed,0,0,,http_manifest,known,403,manifest,"Client error '403 ' for url 'https://openapiproext.bnf.fr/iiif/presentation/v3/ark:/12148/bd6t5127608g/manifest.json'
For more information check: https://developer.mozilla.org/en-US/docs/Web/HTTP/Status/403",2026-07-17T12:52:27.192662
francesoir,bd6t5127609v,,failed,0,0,,http_manifest,known,403,manifest,"Client error '403 ' for url 'https://openapiproext.bnf.fr/iiif/presentation/v3/ark:/12148/bd6t5127609v/manifest.json'
For more information check: https://developer.mozilla.org/en-US/docs/Web/HTTP/Status/403",2026-07-17T12:52:28.389055
francesoir,bd6t5127610s,,failed,0,0,,http_manifest,known,403,manifest,"Client error '403 ' for url 'https://openapiproext.bnf.fr/iiif/presentation/v3/ark:/12148/bd6t5127610s/manifest.json'
For more information check: https://developer.mozilla.org/en-US/docs/Web/HTTP/Status/403",2026-07-17T12:52:29.590421
francesoir,bd6t51276115,,failed,0,0,,http_manifest,known,403,manifest,"Client error '403 ' for url 'https://openapiproext.bnf.fr/iiif/presentation/v3/ark:/12148/bd6t51276115/manifest.json'
For more information check: https://developer.mozilla.org/en-US/docs/Web/HTTP/Status/403",2026-07-17T12:52:30.793744
francesoir,bd6t5127612j,,failed,0,0,,http_manifest,known,403,manifest,"Client error '403 ' for url 'https://openapiproext.bnf.fr/iiif/presentation/v3/ark:/12148/bd6t5127612j/manifest.json'
For more information check: https://developer.mozilla.org/en-US/docs/Web/HTTP/Status/403",2026-07-17T12:52:31.994608
francesoir,bd6t5127613x,,failed,0,0,,http_manifest,known,403,manifest,"Client error '403 ' for url 'https://openapiproext.bnf.fr/iiif/presentation/v3/ark:/12148/bd6t5127613x/manifest.json'
For more information check: https://developer.mozilla.org/en-US/docs/Web/HTTP/Status/403",2026-07-17T12:52:33.194460
francesoir,bd6t51276149,,failed,0,0,,http_manifest,known,403,manifest,"Client error '403 ' for url 'https://openapiproext.bnf.fr/iiif/presentation/v3/ark:/12148/bd6t51276149/manifest.json'
For more information check: https://developer.mozilla.org/en-US/docs/Web/HTTP/Status/403",2026-07-17T12:52:34.395059
francesoir,bd6t5127615p,,failed,0,0,,http_manifest,known,403,manifest,"Client error '403 ' for url 'https://openapiproext.bnf.fr/iiif/presentation/v3/ark:/12148/bd6t5127615p/manifest.json'
For more information check: https://developer.mozilla.org/en-US/docs/Web/HTTP/Status/403",2026-07-17T12:52:35.603853
francesoir,bd6t51276162,,failed,0,0,,http_manifest,known,403,manifest,"Client error '403 ' for url 'https://openapiproext.bnf.fr/iiif/presentation/v3/ark:/12148/bd6t51276162/manifest.json'
For more information check: https://developer.mozilla.org/en-US/docs/Web/HTTP/Status/403",2026-07-17T12:52:36.801309
francesoir,bd6t5127617f,,failed,0,0,,http_manifest,known,403,manifest,"Client error '403 ' for url 'https://openapiproext.bnf.fr/iiif/presentation/v3/ark:/12148/bd6t5127617f/manifest.json'
For more information check: https://developer.mozilla.org/en-US/docs/Web/HTTP/Status/403",2026-07-17T12:52:38.002300
francesoir,bd6t5127618t,,failed,0,0,,http_manifest,known,403,manifest,"Client error '403 ' for url 'https://openapiproext.bnf.fr/iiif/presentation/v3/ark:/12148/bd6t5127618t/manifest.json'
For more information check: https://developer.mozilla.org/en-US/docs/Web/HTTP/Status/403",2026-07-17T12:52:39.205009
francesoir,bd6t51276196,,failed,0,0,,http_manifest,known,403,manifest,"Client error '403 ' for url 'https://openapiproext.bnf.fr/iiif/presentation/v3/ark:/12148/bd6t51276196/manifest.json'
For more information check: https://developer.mozilla.org/en-US/docs/Web/HTTP/Status/403",2026-07-17T12:52:40.403454
francesoir,bd6t51276204,,failed,0,0,,http_manifest,known,403,manifest,"Client error '403 ' for url 'https://openapiproext.bnf.fr/iiif/presentation/v3/ark:/12148/bd6t51276204/manifest.json'
For more information check: https://developer.mozilla.org/en-US/docs/Web/HTTP/Status/403",2026-07-17T12:52:41.608886
francesoir,bd6t5127621h,,failed,0,0,,http_manifest,known,403,manifest,"Client error '403 ' for url 'https://openapiproext.bnf.fr/iiif/presentation/v3/ark:/12148/bd6t5127621h/manifest.json'
For more information check: https://developer.mozilla.org/en-US/docs/Web/HTTP/Status/403",2026-07-17T12:52:42.810520
francesoir,bd6t5127622w,,failed,0,0,,http_manifest,known,403,manifest,"Client error '403 ' for url 'https://openapiproext.bnf.fr/iiif/presentation/v3/ark:/12148/bd6t5127622w/manifest.json'
For more information check: https://developer.mozilla.org/en-US/docs/Web/HTTP/Status/403",2026-07-17T12:52:44.012121
francesoir,bd6t51276238,,failed,0,0,,http_manifest,known,403,manifest,"Client error '403 ' for url 'https://openapiproext.bnf.fr/iiif/presentation/v3/ark:/12148/bd6t51276238/manifest.json'
For more information check: https://developer.mozilla.org/en-US/docs/Web/HTTP/Status/403",2026-07-17T12:52:45.216076
francesoir,bd6t5127624n,,failed,0,0,,http_manifest,known,403,manifest,"Client error '403 ' for url 'https://openapiproext.bnf.fr/iiif/presentation/v3/ark:/12148/bd6t5127624n/manifest.json'
For more information check: https://developer.mozilla.org/en-US/docs/Web/HTTP/Status/403",2026-07-17T12:52:46.419999
francesoir,bd6t51276251,,failed,0,0,,http_manifest,known,403,manifest,"Client error '403 ' for url 'https://openapiproext.bnf.fr/iiif/presentation/v3/ark:/12148/bd6t51276251/manifest.json'
For more information check: https://developer.mozilla.org/en-US/docs/Web/HTTP/Status/403",2026-07-17T12:52:47.631401
francesoir,bd6t5127626d,,failed,0,0,,http_manifest,known,403,manifest,"Client error '403 ' for url 'https://openapiproext.bnf.fr/iiif/presentation/v3/ark:/12148/bd6t5127626d/manifest.json'
For more information check: https://developer.mozilla.org/en-US/docs/Web/HTTP/Status/403",2026-07-17T12:52:48.827659
francesoir,bd6t5127627s,,failed,0,0,,http_manifest,known,403,manifest,"Client error '403 ' for url 'https://openapiproext.bnf.fr/iiif/presentation/v3/ark:/12148/bd6t5127627s/manifest.json'
For more information check: https://developer.mozilla.org/en-US/docs/Web/HTTP/Status/403",2026-07-17T12:52:50.020110
francesoir,bd6t51276285,,failed,0,0,,http_manifest,known,403,manifest,"Client error '403 ' for url 'https://openapiproext.bnf.fr/iiif/presentation/v3/ark:/12148/bd6t51276285/manifest.json'
For more information check: https://developer.mozilla.org/en-US/docs/Web/HTTP/Status/403",2026-07-17T12:52:51.217578
francesoir,bd6t5127629j,,failed,0,0,,http_manifest,known,403,manifest,"Client error '403 ' for url 'https://openapiproext.bnf.fr/iiif/presentation/v3/ark:/12148/bd6t5127629j/manifest.json'
For more information check: https://developer.mozilla.org/en-US/docs/Web/HTTP/Status/403",2026-07-17T12:52:52.424818
francesoir,bd6t5127630g,,failed,0,0,,http_manifest,known,403,manifest,"Client error '403 ' for url 'https://openapiproext.bnf.fr/iiif/presentation/v3/ark:/12148/bd6t5127630g/manifest.json'
For more information check: https://developer.mozilla.org/en-US/docs/Web/HTTP/Status/403",2026-07-17T12:52:53.623588
francesoir,bd6t5127631v,,failed,0,0,,http_manifest,known,403,manifest,"Client error '403 ' for url 'https://openapiproext.bnf.fr/iiif/presentation/v3/ark:/12148/bd6t5127631v/manifest.json'
For more information check: https://developer.mozilla.org/en-US/docs/Web/HTTP/Status/403",2026-07-17T12:52:54.828301
francesoir,bd6t51276327,,failed,0,0,,http_manifest,known,403,manifest,"Client error '403 ' for url 'https://openapiproext.bnf.fr/iiif/presentation/v3/ark:/12148/bd6t51276327/manifest.json'
For more information check: https://developer.mozilla.org/en-US/docs/Web/HTTP/Status/403",2026-07-17T12:52:56.032477
francesoir,bd6t5127633m,,failed,0,0,,http_manifest,known,403,manifest,"Client error '403 ' for url 'https://openapiproext.bnf.fr/iiif/presentation/v3/ark:/12148/bd6t5127633m/manifest.json'
For more information check: https://developer.mozilla.org/en-US/docs/Web/HTTP/Status/403",2026-07-17T12:52:57.227118
francesoir,bd6t51276340,,failed,0,0,,http_manifest,known,403,manifest,"Client error '403 ' for url 'https://openapiproext.bnf.fr/iiif/presentation/v3/ark:/12148/bd6t51276340/manifest.json'
For more information check: https://developer.mozilla.org/en-US/docs/Web/HTTP/Status/403",2026-07-17T12:52:58.437704
francesoir,bd6t5127635c,,failed,0,0,,http_manifest,known,403,manifest,"Client error '403 ' for url 'https://openapiproext.bnf.fr/iiif/presentation/v3/ark:/12148/bd6t5127635c/manifest.json'
For more information check: https://developer.mozilla.org/en-US/docs/Web/HTTP/Status/403",2026-07-17T12:52:59.636799
francesoir,bd6t5127636r,,failed,0,0,,http_manifest,known,403,manifest,"Client error '403 ' for url 'https://openapiproext.bnf.fr/iiif/presentation/v3/ark:/12148/bd6t5127636r/manifest.json'
For more information check: https://developer.mozilla.org/en-US/docs/Web/HTTP/Status/403",2026-07-17T12:53:00.983285
francesoir,bd6t51276374,,failed,0,0,,http_manifest,known,403,manifest,"Client error '403 ' for url 'https://openapiproext.bnf.fr/iiif/presentation/v3/ark:/12148/bd6t51276374/manifest.json'
For more information check: https://developer.mozilla.org/en-US/docs/Web/HTTP/Status/403",2026-07-17T12:53:02.182212
francesoir,bd6t5127638h,,failed,0,0,,http_manifest,known,403,manifest,"Client error '403 ' for url 'https://openapiproext.bnf.fr/iiif/presentation/v3/ark:/12148/bd6t5127638h/manifest.json'
For more information check: https://developer.mozilla.org/en-US/docs/Web/HTTP/Status/403",2026-07-17T12:53:03.237530
francesoir,bd6t5127639w,,failed,0,0,,http_manifest,known,403,manifest,"Client error '403 ' for url 'https://openapiproext.bnf.fr/iiif/presentation/v3/ark:/12148/bd6t5127639w/manifest.json'
For more information check: https://developer.mozilla.org/en-US/docs/Web/HTTP/Status/403",2026-07-17T12:53:04.584643
francesoir,bd6t5127640t,,failed,0,0,,http_manifest,known,403,manifest,"Client error '403 ' for url 'https://openapiproext.bnf.fr/iiif/presentation/v3/ark:/12148/bd6t5127640t/manifest.json'
For more information check: https://developer.mozilla.org/en-US/docs/Web/HTTP/Status/403",2026-07-17T12:53:05.874642
francesoir,bd6t51276416,,failed,0,0,,http_manifest,known,403,manifest,"Client error '403 ' for url 'https://openapiproext.bnf.fr/iiif/presentation/v3/ark:/12148/bd6t51276416/manifest.json'
For more information check: https://developer.mozilla.org/en-US/docs/Web/HTTP/Status/403",2026-07-17T12:53:06.852920
francesoir,bd6t5127642k,,failed,0,0,,http_manifest,known,403,manifest,"Client error '403 ' for url 'https://openapiproext.bnf.fr/iiif/presentation/v3/ark:/12148/bd6t5127642k/manifest.json'
For more information check: https://developer.mozilla.org/en-US/docs/Web/HTTP/Status/403",2026-07-17T12:53:08.084189
francesoir,bd6t5127643z,,failed,0,0,,http_manifest,known,403,manifest,"Client error '403 ' for url 'https://openapiproext.bnf.fr/iiif/presentation/v3/ark:/12148/bd6t5127643z/manifest.json'
For more information check: https://developer.mozilla.org/en-US/docs/Web/HTTP/Status/403",2026-07-17T12:53:09.241239
francesoir,bd6t5127644b,,failed,0,0,,http_manifest,known,403,manifest,"Client error '403 ' for url 'https://openapiproext.bnf.fr/iiif/presentation/v3/ark:/12148/bd6t5127644b/manifest.json'
For more information check: https://developer.mozilla.org/en-US/docs/Web/HTTP/Status/403",2026-07-17T12:53:10.454576
francesoir,bd6t5127645q,,failed,0,0,,http_manifest,known,403,manifest,"Client error '403 ' for url 'https://openapiproext.bnf.fr/iiif/presentation/v3/ark:/12148/bd6t5127645q/manifest.json'
For more information check: https://developer.mozilla.org/en-US/docs/Web/HTTP/Status/403",2026-07-17T12:53:11.819173
francesoir,bd6t51276463,,failed,0,0,,http_manifest,known,403,manifest,"Client error '403 ' for url 'https://openapiproext.bnf.fr/iiif/presentation/v3/ark:/12148/bd6t51276463/manifest.json'
For more information check: https://developer.mozilla.org/en-US/docs/Web/HTTP/Status/403",2026-07-17T12:53:12.851808
francesoir,bd6t5127647g,,failed,0,0,,http_manifest,known,403,manifest,"Client error '403 ' for url 'https://openapiproext.bnf.fr/iiif/presentation/v3/ark:/12148/bd6t5127647g/manifest.json'
For more information check: https://developer.mozilla.org/en-US/docs/Web/HTTP/Status/403",2026-07-17T12:53:14.088851
francesoir,bd6t5127648v,,failed,0,0,,http_manifest,known,403,manifest,"Client error '403 ' for url 'https://openapiproext.bnf.fr/iiif/presentation/v3/ark:/12148/bd6t5127648v/manifest.json'
For more information check: https://developer.mozilla.org/en-US/docs/Web/HTTP/Status/403",2026-07-17T12:53:15.256571
francesoir,bd6t51276497,,failed,0,0,,http_manifest,known,403,manifest,"Client error '403 ' for url 'https://openapiproext.bnf.fr/iiif/presentation/v3/ark:/12148/bd6t51276497/manifest.json'
For more information check: https://developer.mozilla.org/en-US/docs/Web/HTTP/Status/403",2026-07-17T12:53:16.469666
francesoir,bd6t51276505,,failed,0,0,,http_manifest,known,403,manifest,"Client error '403 ' for url 'https://openapiproext.bnf.fr/iiif/presentation/v3/ark:/12148/bd6t51276505/manifest.json'
For more information check: https://developer.mozilla.org/en-US/docs/Web/HTTP/Status/403",2026-07-17T12:53:17.656328
francesoir,bd6t5127651j,,failed,0,0,,http_manifest,known,403,manifest,"Client error '403 ' for url 'https://openapiproext.bnf.fr/iiif/presentation/v3/ark:/12148/bd6t5127651j/manifest.json'
For more information check: https://developer.mozilla.org/en-US/docs/Web/HTTP/Status/403",2026-07-17T12:53:18.859134
francesoir,bd6t5127652x,,failed,0,0,,http_manifest,known,403,manifest,"Client error '403 ' for url 'https://openapiproext.bnf.fr/iiif/presentation/v3/ark:/12148/bd6t5127652x/manifest.json'
For more information check: https://developer.mozilla.org/en-US/docs/Web/HTTP/Status/403",2026-07-17T12:53:20.064286
francesoir,bd6t51276539,,failed,0,0,,http_manifest,known,403,manifest,"Client error '403 ' for url 'https://openapiproext.bnf.fr/iiif/presentation/v3/ark:/12148/bd6t51276539/manifest.json'
For more information check: https://developer.mozilla.org/en-US/docs/Web/HTTP/Status/403",2026-07-17T12:53:21.260926
francesoir,bd6t5127654p,,failed,0,0,,http_manifest,known,403,manifest,"Client error '403 ' for url 'https://openapiproext.bnf.fr/iiif/presentation/v3/ark:/12148/bd6t5127654p/manifest.json'
For more information check: https://developer.mozilla.org/en-US/docs/Web/HTTP/Status/403",2026-07-17T12:53:22.461232
francesoir,bd6t51276552,,failed,0,0,,http_manifest,known,403,manifest,"Client error '403 ' for url 'https://openapiproext.bnf.fr/iiif/presentation/v3/ark:/12148/bd6t51276552/manifest.json'
For more information check: https://developer.mozilla.org/en-US/docs/Web/HTTP/Status/403",2026-07-17T12:53:23.662320
francesoir,bd6t5127656f,,failed,0,0,,http_manifest,known,403,manifest,"Client error '403 ' for url 'https://openapiproext.bnf.fr/iiif/presentation/v3/ark:/12148/bd6t5127656f/manifest.json'
For more information check: https://developer.mozilla.org/en-US/docs/Web/HTTP/Status/403",2026-07-17T12:53:24.867625
francesoir,bd6t5127657t,,failed,0,0,,http_manifest,known,403,manifest,"Client error '403 ' for url 'https://openapiproext.bnf.fr/iiif/presentation/v3/ark:/12148/bd6t5127657t/manifest.json'
For more information check: https://developer.mozilla.org/en-US/docs/Web/HTTP/Status/403",2026-07-17T12:53:26.066318
francesoir,bd6t51276586,,failed,0,0,,http_manifest,known,403,manifest,"Client error '403 ' for url 'https://openapiproext.bnf.fr/iiif/presentation/v3/ark:/12148/bd6t51276586/manifest.json'
For more information check: https://developer.mozilla.org/en-US/docs/Web/HTTP/Status/403",2026-07-17T12:53:27.272911
francesoir,bd6t5127659k,,failed,0,0,,http_manifest,known,403,manifest,"Client error '403 ' for url 'https://openapiproext.bnf.fr/iiif/presentation/v3/ark:/12148/bd6t5127659k/manifest.json'
For more information check: https://developer.mozilla.org/en-US/docs/Web/HTTP/Status/403",2026-07-17T12:53:28.474577
francesoir,bd6t5127660h,,failed,0,0,,http_manifest,known,403,manifest,"Client error '403 ' for url 'https://openapiproext.bnf.fr/iiif/presentation/v3/ark:/12148/bd6t5127660h/manifest.json'
For more information check: https://developer.mozilla.org/en-US/docs/Web/HTTP/Status/403",2026-07-17T12:53:29.673033
francesoir,bd6t5127661w,,failed,0,0,,http_manifest,known,403,manifest,"Client error '403 ' for url 'https://openapiproext.bnf.fr/iiif/presentation/v3/ark:/12148/bd6t5127661w/manifest.json'
For more information check: https://developer.mozilla.org/en-US/docs/Web/HTTP/Status/403",2026-07-17T12:53:30.873658
francesoir,bd6t51276628,,failed,0,0,,http_manifest,known,403,manifest,"Client error '403 ' for url 'https://openapiproext.bnf.fr/iiif/presentation/v3/ark:/12148/bd6t51276628/manifest.json'
For more information check: https://developer.mozilla.org/en-US/docs/Web/HTTP/Status/403",2026-07-17T12:53:32.072551
francesoir,bd6t5127663n,,failed,0,0,,http_manifest,known,403,manifest,"Client error '403 ' for url 'https://openapiproext.bnf.fr/iiif/presentation/v3/ark:/12148/bd6t5127663n/manifest.json'
For more information check: https://developer.mozilla.org/en-US/docs/Web/HTTP/Status/403",2026-07-17T12:53:33.278324
francesoir,bd6t51276641,,failed,0,0,,http_manifest,known,403,manifest,"Client error '403 ' for url 'https://openapiproext.bnf.fr/iiif/presentation/v3/ark:/12148/bd6t51276641/manifest.json'
For more information check: https://developer.mozilla.org/en-US/docs/Web/HTTP/Status/403",2026-07-17T12:53:34.500448
francesoir,bd6t5127665d,,failed,0,0,,http_manifest,known,403,manifest,"Client error '403 ' for url 'https://openapiproext.bnf.fr/iiif/presentation/v3/ark:/12148/bd6t5127665d/manifest.json'
For more information check: https://developer.mozilla.org/en-US/docs/Web/HTTP/Status/403",2026-07-17T12:53:35.679473
francesoir,bd6t5127666s,,failed,0,0,,http_manifest,known,403,manifest,"Client error '403 ' for url 'https://openapiproext.bnf.fr/iiif/presentation/v3/ark:/12148/bd6t5127666s/manifest.json'
For more information check: https://developer.mozilla.org/en-US/docs/Web/HTTP/Status/403",2026-07-17T12:53:36.888038
francesoir,bd6t5129085s,,failed,0,0,,http_manifest,known,403,manifest,"Client error '403 ' for url 'https://openapiproext.bnf.fr/iiif/presentation/v3/ark:/12148/bd6t5129085s/manifest.json'
For more information check: https://developer.mozilla.org/en-US/docs/Web/HTTP/Status/403",2026-07-17T12:53:38.092408
francesoir,bd6t51290865,,failed,0,0,,http_manifest,known,403,manifest,"Client error '403 ' for url 'https://openapiproext.bnf.fr/iiif/presentation/v3/ark:/12148/bd6t51290865/manifest.json'
For more information check: https://developer.mozilla.org/en-US/docs/Web/HTTP/Status/403",2026-07-17T12:53:39.288246
francesoir,bd6t5129087j,,failed,0,0,,http_manifest,known,403,manifest,"Client error '403 ' for url 'https://openapiproext.bnf.fr/iiif/presentation/v3/ark:/12148/bd6t5129087j/manifest.json'
For more information check: https://developer.mozilla.org/en-US/docs/Web/HTTP/Status/403",2026-07-17T12:53:40.490278
francesoir,bd6t5129088x,,failed,0,0,,http_manifest,known,403,manifest,"Client error '403 ' for url 'https://openapiproext.bnf.fr/iiif/presentation/v3/ark:/12148/bd6t5129088x/manifest.json'
For more information check: https://developer.mozilla.org/en-US/docs/Web/HTTP/Status/403",2026-07-17T12:53:41.695987
francesoir,bd6t51290899,,failed,0,0,,http_manifest,known,403,manifest,"Client error '403 ' for url 'https://openapiproext.bnf.fr/iiif/presentation/v3/ark:/12148/bd6t51290899/manifest.json'
For more information check: https://developer.mozilla.org/en-US/docs/Web/HTTP/Status/403",2026-07-17T12:53:42.892060
francesoir,bd6t51290907,,failed,0,0,,http_manifest,known,403,manifest,"Client error '403 ' for url 'https://openapiproext.bnf.fr/iiif/presentation/v3/ark:/12148/bd6t51290907/manifest.json'
For more information check: https://developer.mozilla.org/en-US/docs/Web/HTTP/Status/403",2026-07-17T12:53:44.092503
francesoir,bd6t5129091m,,failed,0,0,,http_manifest,known,403,manifest,"Client error '403 ' for url 'https://openapiproext.bnf.fr/iiif/presentation/v3/ark:/12148/bd6t5129091m/manifest.json'
For more information check: https://developer.mozilla.org/en-US/docs/Web/HTTP/Status/403",2026-07-17T12:53:45.304635
francesoir,bd6t51290920,,failed,0,0,,http_manifest,known,403,manifest,"Client error '403 ' for url 'https://openapiproext.bnf.fr/iiif/presentation/v3/ark:/12148/bd6t51290920/manifest.json'
For more information check: https://developer.mozilla.org/en-US/docs/Web/HTTP/Status/403",2026-07-17T12:53:46.519825
francesoir,bd6t5129093c,,failed,0,0,,http_manifest,known,403,manifest,"Client error '403 ' for url 'https://openapiproext.bnf.fr/iiif/presentation/v3/ark:/12148/bd6t5129093c/manifest.json'
For more information check: https://developer.mozilla.org/en-US/docs/Web/HTTP/Status/403",2026-07-17T12:53:47.700481
francesoir,bd6t5129094r,,failed,0,0,,http_manifest,known,403,manifest,"Client error '403 ' for url 'https://openapiproext.bnf.fr/iiif/presentation/v3/ark:/12148/bd6t5129094r/manifest.json'
For more information check: https://developer.mozilla.org/en-US/docs/Web/HTTP/Status/403",2026-07-17T12:53:48.901135
francesoir,bd6t51290954,,failed,0,0,,http_manifest,known,403,manifest,"Client error '403 ' for url 'https://openapiproext.bnf.fr/iiif/presentation/v3/ark:/12148/bd6t51290954/manifest.json'
For more information check: https://developer.mozilla.org/en-US/docs/Web/HTTP/Status/403",2026-07-17T12:53:50.107017
francesoir,bd6t5129096h,,failed,0,0,,http_manifest,known,403,manifest,"Client error '403 ' for url 'https://openapiproext.bnf.fr/iiif/presentation/v3/ark:/12148/bd6t5129096h/manifest.json'
For more information check: https://developer.mozilla.org/en-US/docs/Web/HTTP/Status/403",2026-07-17T12:53:51.305267
francesoir,bd6t5129097w,,failed,0,0,,http_manifest,known,403,manifest,"Client error '403 ' for url 'https://openapiproext.bnf.fr/iiif/presentation/v3/ark:/12148/bd6t5129097w/manifest.json'
For more information check: https://developer.mozilla.org/en-US/docs/Web/HTTP/Status/403",2026-07-17T12:53:52.509433
francesoir,bd6t51290988,,failed,0,0,,http_manifest,known,403,manifest,"Client error '403 ' for url 'https://openapiproext.bnf.fr/iiif/presentation/v3/ark:/12148/bd6t51290988/manifest.json'
For more information check: https://developer.mozilla.org/en-US/docs/Web/HTTP/Status/403",2026-07-17T12:53:53.702850
francesoir,bd6t5129099n,,failed,0,0,,http_manifest,known,403,manifest,"Client error '403 ' for url 'https://openapiproext.bnf.fr/iiif/presentation/v3/ark:/12148/bd6t5129099n/manifest.json'
For more information check: https://developer.mozilla.org/en-US/docs/Web/HTTP/Status/403",2026-07-17T12:53:54.907355
francesoir,bd6t5129100f,,failed,0,0,,http_manifest,known,403,manifest,"Client error '403 ' for url 'https://openapiproext.bnf.fr/iiif/presentation/v3/ark:/12148/bd6t5129100f/manifest.json'
For more information check: https://developer.mozilla.org/en-US/docs/Web/HTTP/Status/403",2026-07-17T12:53:56.107987
francesoir,bd6t5129101t,,failed,0,0,,http_manifest,known,403,manifest,"Client error '403 ' for url 'https://openapiproext.bnf.fr/iiif/presentation/v3/ark:/12148/bd6t5129101t/manifest.json'
For more information check: https://developer.mozilla.org/en-US/docs/Web/HTTP/Status/403",2026-07-17T12:53:57.317410
francesoir,bd6t51291026,,failed,0,0,,http_manifest,known,403,manifest,"Client error '403 ' for url 'https://openapiproext.bnf.fr/iiif/presentation/v3/ark:/12148/bd6t51291026/manifest.json'
For more information check: https://developer.mozilla.org/en-US/docs/Web/HTTP/Status/403",2026-07-17T12:53:58.725805
francesoir,bd6t5129103k,,failed,0,0,,http_manifest,known,403,manifest,"Client error '403 ' for url 'https://openapiproext.bnf.fr/iiif/presentation/v3/ark:/12148/bd6t5129103k/manifest.json'
For more information check: https://developer.mozilla.org/en-US/docs/Web/HTTP/Status/403",2026-07-17T12:53:59.732866
francesoir,bd6t5129104z,,failed,0,0,,http_manifest,known,403,manifest,"Client error '403 ' for url 'https://openapiproext.bnf.fr/iiif/presentation/v3/ark:/12148/bd6t5129104z/manifest.json'
For more information check: https://developer.mozilla.org/en-US/docs/Web/HTTP/Status/403",2026-07-17T12:54:01.016497
francesoir,bd6t5129105b,,failed,0,0,,http_manifest,known,403,manifest,"Client error '403 ' for url 'https://openapiproext.bnf.fr/iiif/presentation/v3/ark:/12148/bd6t5129105b/manifest.json'
For more information check: https://developer.mozilla.org/en-US/docs/Web/HTTP/Status/403",2026-07-17T12:54:02.120280
francesoir,bd6t5129106q,,failed,0,0,,http_manifest,known,403,manifest,"Client error '403 ' for url 'https://openapiproext.bnf.fr/iiif/presentation/v3/ark:/12148/bd6t5129106q/manifest.json'
For more information check: https://developer.mozilla.org/en-US/docs/Web/HTTP/Status/403",2026-07-17T12:54:03.325606
francesoir,bd6t51291073,,failed,0,0,,http_manifest,known,403,manifest,"Client error '403 ' for url 'https://openapiproext.bnf.fr/iiif/presentation/v3/ark:/12148/bd6t51291073/manifest.json'
For more information check: https://developer.mozilla.org/en-US/docs/Web/HTTP/Status/403",2026-07-17T12:54:04.678433
francesoir,bd6t5129108g,,failed,0,0,,http_manifest,known,403,manifest,"Client error '403 ' for url 'https://openapiproext.bnf.fr/iiif/presentation/v3/ark:/12148/bd6t5129108g/manifest.json'
For more information check: https://developer.mozilla.org/en-US/docs/Web/HTTP/Status/403",2026-07-17T12:54:05.992972
francesoir,bd6t5129109v,,failed,0,0,,http_manifest,known,403,manifest,"Client error '403 ' for url 'https://openapiproext.bnf.fr/iiif/presentation/v3/ark:/12148/bd6t5129109v/manifest.json'
For more information check: https://developer.mozilla.org/en-US/docs/Web/HTTP/Status/403",2026-07-17T12:54:06.925253
francesoir,bd6t5129110s,,failed,0,0,,http_manifest,known,403,manifest,"Client error '403 ' for url 'https://openapiproext.bnf.fr/iiif/presentation/v3/ark:/12148/bd6t5129110s/manifest.json'
For more information check: https://developer.mozilla.org/en-US/docs/Web/HTTP/Status/403",2026-07-17T12:54:08.124054
francesoir,bd6t51291115,,failed,0,0,,http_manifest,known,403,manifest,"Client error '403 ' for url 'https://openapiproext.bnf.fr/iiif/presentation/v3/ark:/12148/bd6t51291115/manifest.json'
For more information check: https://developer.mozilla.org/en-US/docs/Web/HTTP/Status/403",2026-07-17T12:54:09.328715
francesoir,bd6t5129112j,,failed,0,0,,http_manifest,known,403,manifest,"Client error '403 ' for url 'https://openapiproext.bnf.fr/iiif/presentation/v3/ark:/12148/bd6t5129112j/manifest.json'
For more information check: https://developer.mozilla.org/en-US/docs/Web/HTTP/Status/403",2026-07-17T12:54:10.566957
francesoir,bd6t5129113x,,failed,0,0,,http_manifest,known,403,manifest,"Client error '403 ' for url 'https://openapiproext.bnf.fr/iiif/presentation/v3/ark:/12148/bd6t5129113x/manifest.json'
For more information check: https://developer.mozilla.org/en-US/docs/Web/HTTP/Status/403",2026-07-17T12:54:11.729170
francesoir,bd6t51291149,,failed,0,0,,http_manifest,known,403,manifest,"Client error '403 ' for url 'https://openapiproext.bnf.fr/iiif/presentation/v3/ark:/12148/bd6t51291149/manifest.json'
For more information check: https://developer.mozilla.org/en-US/docs/Web/HTTP/Status/403",2026-07-17T12:54:12.933482
francesoir,bd6t5129115p,,failed,0,0,,http_manifest,known,403,manifest,"Client error '403 ' for url 'https://openapiproext.bnf.fr/iiif/presentation/v3/ark:/12148/bd6t5129115p/manifest.json'
For more information check: https://developer.mozilla.org/en-US/docs/Web/HTTP/Status/403",2026-07-17T12:54:14.178508
francesoir,bd6t51291162,,failed,0,0,,http_manifest,known,403,manifest,"Client error '403 ' for url 'https://openapiproext.bnf.fr/iiif/presentation/v3/ark:/12148/bd6t51291162/manifest.json'
For more information check: https://developer.mozilla.org/en-US/docs/Web/HTTP/Status/403",2026-07-17T12:54:15.351247
francesoir,bd6t5129117f,,failed,0,0,,http_manifest,known,403,manifest,"Client error '403 ' for url 'https://openapiproext.bnf.fr/iiif/presentation/v3/ark:/12148/bd6t5129117f/manifest.json'
For more information check: https://developer.mozilla.org/en-US/docs/Web/HTTP/Status/403",2026-07-17T12:54:16.563769
francesoir,bd6t5129118t,,failed,0,0,,http_manifest,known,403,manifest,"Client error '403 ' for url 'https://openapiproext.bnf.fr/iiif/presentation/v3/ark:/12148/bd6t5129118t/manifest.json'
For more information check: https://developer.mozilla.org/en-US/docs/Web/HTTP/Status/403",2026-07-17T12:54:17.737935
francesoir,bd6t51291196,,failed,0,0,,http_manifest,known,403,manifest,"Client error '403 ' for url 'https://openapiproext.bnf.fr/iiif/presentation/v3/ark:/12148/bd6t51291196/manifest.json'
For more information check: https://developer.mozilla.org/en-US/docs/Web/HTTP/Status/403",2026-07-17T12:54:18.944219
francesoir,bd6t51291204,,failed,0,0,,http_manifest,known,403,manifest,"Client error '403 ' for url 'https://openapiproext.bnf.fr/iiif/presentation/v3/ark:/12148/bd6t51291204/manifest.json'
For more information check: https://developer.mozilla.org/en-US/docs/Web/HTTP/Status/403",2026-07-17T12:54:20.166778
francesoir,bd6t5129121h,,failed,0,0,,http_manifest,known,403,manifest,"Client error '403 ' for url 'https://openapiproext.bnf.fr/iiif/presentation/v3/ark:/12148/bd6t5129121h/manifest.json'
For more information check: https://developer.mozilla.org/en-US/docs/Web/HTTP/Status/403",2026-07-17T12:54:21.340511
francesoir,bd6t5129122w,,failed,0,0,,http_manifest,known,403,manifest,"Client error '403 ' for url 'https://openapiproext.bnf.fr/iiif/presentation/v3/ark:/12148/bd6t5129122w/manifest.json'
For more information check: https://developer.mozilla.org/en-US/docs/Web/HTTP/Status/403",2026-07-17T12:54:22.560763
francesoir,bd6t51291238,,failed,0,0,,http_manifest,known,403,manifest,"Client error '403 ' for url 'https://openapiproext.bnf.fr/iiif/presentation/v3/ark:/12148/bd6t51291238/manifest.json'
For more information check: https://developer.mozilla.org/en-US/docs/Web/HTTP/Status/403",2026-07-17T12:54:23.745885
francesoir,bd6t5129124n,,failed,0,0,,http_manifest,known,403,manifest,"Client error '403 ' for url 'https://openapiproext.bnf.fr/iiif/presentation/v3/ark:/12148/bd6t5129124n/manifest.json'
For more information check: https://developer.mozilla.org/en-US/docs/Web/HTTP/Status/403",2026-07-17T12:54:24.946577
francesoir,bd6t51291251,,failed,0,0,,http_manifest,known,403,manifest,"Client error '403 ' for url 'https://openapiproext.bnf.fr/iiif/presentation/v3/ark:/12148/bd6t51291251/manifest.json'
For more information check: https://developer.mozilla.org/en-US/docs/Web/HTTP/Status/403",2026-07-17T12:54:26.155128
francesoir,bd6t5129126d,,failed,0,0,,http_manifest,known,403,manifest,"Client error '403 ' for url 'https://openapiproext.bnf.fr/iiif/presentation/v3/ark:/12148/bd6t5129126d/manifest.json'
For more information check: https://developer.mozilla.org/en-US/docs/Web/HTTP/Status/403",2026-07-17T12:54:27.347544
francesoir,bd6t5129127s,,failed,0,0,,http_manifest,known,403,manifest,"Client error '403 ' for url 'https://openapiproext.bnf.fr/iiif/presentation/v3/ark:/12148/bd6t5129127s/manifest.json'
For more information check: https://developer.mozilla.org/en-US/docs/Web/HTTP/Status/403",2026-07-17T12:54:28.551298
francesoir,bd6t51291285,,failed,0,0,,http_manifest,known,403,manifest,"Client error '403 ' for url 'https://openapiproext.bnf.fr/iiif/presentation/v3/ark:/12148/bd6t51291285/manifest.json'
For more information check: https://developer.mozilla.org/en-US/docs/Web/HTTP/Status/403",2026-07-17T12:54:29.750855
francesoir,bd6t5129129j,,failed,0,0,,http_manifest,known,403,manifest,"Client error '403 ' for url 'https://openapiproext.bnf.fr/iiif/presentation/v3/ark:/12148/bd6t5129129j/manifest.json'
For more information check: https://developer.mozilla.org/en-US/docs/Web/HTTP/Status/403",2026-07-17T12:54:30.951170
francesoir,bd6t5129130g,,failed,0,0,,http_manifest,known,403,manifest,"Client error '403 ' for url 'https://openapiproext.bnf.fr/iiif/presentation/v3/ark:/12148/bd6t5129130g/manifest.json'
For more information check: https://developer.mozilla.org/en-US/docs/Web/HTTP/Status/403",2026-07-17T12:54:32.155829
francesoir,bd6t5129131v,,failed,0,0,,http_manifest,known,403,manifest,"Client error '403 ' for url 'https://openapiproext.bnf.fr/iiif/presentation/v3/ark:/12148/bd6t5129131v/manifest.json'
For more information check: https://developer.mozilla.org/en-US/docs/Web/HTTP/Status/403",2026-07-17T12:54:33.358479
francesoir,bd6t51291327,,failed,0,0,,http_manifest,known,403,manifest,"Client error '403 ' for url 'https://openapiproext.bnf.fr/iiif/presentation/v3/ark:/12148/bd6t51291327/manifest.json'
For more information check: https://developer.mozilla.org/en-US/docs/Web/HTTP/Status/403",2026-07-17T12:54:34.555528
francesoir,bd6t5129133m,,failed,0,0,,http_manifest,known,403,manifest,"Client error '403 ' for url 'https://openapiproext.bnf.fr/iiif/presentation/v3/ark:/12148/bd6t5129133m/manifest.json'
For more information check: https://developer.mozilla.org/en-US/docs/Web/HTTP/Status/403",2026-07-17T12:54:35.758874
francesoir,bd6t51291340,,failed,0,0,,http_manifest,known,403,manifest,"Client error '403 ' for url 'https://openapiproext.bnf.fr/iiif/presentation/v3/ark:/12148/bd6t51291340/manifest.json'
For more information check: https://developer.mozilla.org/en-US/docs/Web/HTTP/Status/403",2026-07-17T12:54:36.956964
francesoir,bd6t5129135c,,failed,0,0,,http_manifest,known,403,manifest,"Client error '403 ' for url 'https://openapiproext.bnf.fr/iiif/presentation/v3/ark:/12148/bd6t5129135c/manifest.json'
For more information check: https://developer.mozilla.org/en-US/docs/Web/HTTP/Status/403",2026-07-17T12:54:38.156076
francesoir,bd6t5129136r,,failed,0,0,,http_manifest,known,403,manifest,"Client error '403 ' for url 'https://openapiproext.bnf.fr/iiif/presentation/v3/ark:/12148/bd6t5129136r/manifest.json'
For more information check: https://developer.mozilla.org/en-US/docs/Web/HTTP/Status/403",2026-07-17T12:54:39.367927
francesoir,bd6t51291374,,failed,0,0,,http_manifest,known,403,manifest,"Client error '403 ' for url 'https://openapiproext.bnf.fr/iiif/presentation/v3/ark:/12148/bd6t51291374/manifest.json'
For more information check: https://developer.mozilla.org/en-US/docs/Web/HTTP/Status/403",2026-07-17T12:54:40.561128
francesoir,bd6t5129138h,,failed,0,0,,http_manifest,known,403,manifest,"Client error '403 ' for url 'https://openapiproext.bnf.fr/iiif/presentation/v3/ark:/12148/bd6t5129138h/manifest.json'
For more information check: https://developer.mozilla.org/en-US/docs/Web/HTTP/Status/403",2026-07-17T12:54:41.758466
francesoir,bd6t5129139w,,failed,0,0,,http_manifest,known,403,manifest,"Client error '403 ' for url 'https://openapiproext.bnf.fr/iiif/presentation/v3/ark:/12148/bd6t5129139w/manifest.json'
For more information check: https://developer.mozilla.org/en-US/docs/Web/HTTP/Status/403",2026-07-17T12:54:42.963547
francesoir,bd6t5129140t,,failed,0,0,,http_manifest,known,403,manifest,"Client error '403 ' for url 'https://openapiproext.bnf.fr/iiif/presentation/v3/ark:/12148/bd6t5129140t/manifest.json'
For more information check: https://developer.mozilla.org/en-US/docs/Web/HTTP/Status/403",2026-07-17T12:54:44.165167
francesoir,bd6t51291416,,failed,0,0,,http_manifest,known,403,manifest,"Client error '403 ' for url 'https://openapiproext.bnf.fr/iiif/presentation/v3/ark:/12148/bd6t51291416/manifest.json'
For more information check: https://developer.mozilla.org/en-US/docs/Web/HTTP/Status/403",2026-07-17T12:54:45.364584
francesoir,bd6t5129142k,,failed,0,0,,http_manifest,known,403,manifest,"Client error '403 ' for url 'https://openapiproext.bnf.fr/iiif/presentation/v3/ark:/12148/bd6t5129142k/manifest.json'
For more information check: https://developer.mozilla.org/en-US/docs/Web/HTTP/Status/403",2026-07-17T12:54:46.570828
francesoir,bd6t5129143z,,failed,0,0,,http_manifest,known,403,manifest,"Client error '403 ' for url 'https://openapiproext.bnf.fr/iiif/presentation/v3/ark:/12148/bd6t5129143z/manifest.json'
For more information check: https://developer.mozilla.org/en-US/docs/Web/HTTP/Status/403",2026-07-17T12:54:47.769437
francesoir,bd6t5129144b,,failed,0,0,,http_manifest,known,403,manifest,"Client error '403 ' for url 'https://openapiproext.bnf.fr/iiif/presentation/v3/ark:/12148/bd6t5129144b/manifest.json'
For more information check: https://developer.mozilla.org/en-US/docs/Web/HTTP/Status/403",2026-07-17T12:54:48.971531
francesoir,bd6t5129145q,,failed,0,0,,http_manifest,known,403,manifest,"Client error '403 ' for url 'https://openapiproext.bnf.fr/iiif/presentation/v3/ark:/12148/bd6t5129145q/manifest.json'
For more information check: https://developer.mozilla.org/en-US/docs/Web/HTTP/Status/403",2026-07-17T12:54:50.177630
francesoir,bd6t51291463,,failed,0,0,,http_manifest,known,403,manifest,"Client error '403 ' for url 'https://openapiproext.bnf.fr/iiif/presentation/v3/ark:/12148/bd6t51291463/manifest.json'
For more information check: https://developer.mozilla.org/en-US/docs/Web/HTTP/Status/403",2026-07-17T12:54:51.377101
francesoir,bd6t5129147g,,failed,0,0,,http_manifest,known,403,manifest,"Client error '403 ' for url 'https://openapiproext.bnf.fr/iiif/presentation/v3/ark:/12148/bd6t5129147g/manifest.json'
For more information check: https://developer.mozilla.org/en-US/docs/Web/HTTP/Status/403",2026-07-17T12:54:52.576236
francesoir,bd6t5129148v,,failed,0,0,,http_manifest,known,403,manifest,"Client error '403 ' for url 'https://openapiproext.bnf.fr/iiif/presentation/v3/ark:/12148/bd6t5129148v/manifest.json'
For more information check: https://developer.mozilla.org/en-US/docs/Web/HTTP/Status/403",2026-07-17T12:54:53.793542
francesoir,bd6t51291497,,failed,0,0,,http_manifest,known,403,manifest,"Client error '403 ' for url 'https://openapiproext.bnf.fr/iiif/presentation/v3/ark:/12148/bd6t51291497/manifest.json'
For more information check: https://developer.mozilla.org/en-US/docs/Web/HTTP/Status/403",2026-07-17T12:54:54.980255
francesoir,bd6t51291505,,failed,0,0,,http_manifest,known,403,manifest,"Client error '403 ' for url 'https://openapiproext.bnf.fr/iiif/presentation/v3/ark:/12148/bd6t51291505/manifest.json'
For more information check: https://developer.mozilla.org/en-US/docs/Web/HTTP/Status/403",2026-07-17T12:54:56.181821
francesoir,bd6t5129151j,,failed,0,0,,http_manifest,known,403,manifest,"Client error '403 ' for url 'https://openapiproext.bnf.fr/iiif/presentation/v3/ark:/12148/bd6t5129151j/manifest.json'
For more information check: https://developer.mozilla.org/en-US/docs/Web/HTTP/Status/403",2026-07-17T12:54:57.384249
francesoir,bd6t5129152x,,failed,0,0,,http_manifest,known,403,manifest,"Client error '403 ' for url 'https://openapiproext.bnf.fr/iiif/presentation/v3/ark:/12148/bd6t5129152x/manifest.json'
For more information check: https://developer.mozilla.org/en-US/docs/Web/HTTP/Status/403",2026-07-17T12:54:58.584857
francesoir,bd6t51291539,,failed,0,0,,http_manifest,known,403,manifest,"Client error '403 ' for url 'https://openapiproext.bnf.fr/iiif/presentation/v3/ark:/12148/bd6t51291539/manifest.json'
For more information check: https://developer.mozilla.org/en-US/docs/Web/HTTP/Status/403",2026-07-17T12:54:59.926496
francesoir,bd6t5129154p,,failed,0,0,,http_manifest,known,403,manifest,"Client error '403 ' for url 'https://openapiproext.bnf.fr/iiif/presentation/v3/ark:/12148/bd6t5129154p/manifest.json'
For more information check: https://developer.mozilla.org/en-US/docs/Web/HTTP/Status/403",2026-07-17T12:55:01.178776
francesoir,bd6t51291552,,failed,0,0,,http_manifest,known,403,manifest,"Client error '403 ' for url 'https://openapiproext.bnf.fr/iiif/presentation/v3/ark:/12148/bd6t51291552/manifest.json'
For more information check: https://developer.mozilla.org/en-US/docs/Web/HTTP/Status/403",2026-07-17T12:55:02.313919
francesoir,bd6t5129156f,,failed,0,0,,http_manifest,known,403,manifest,"Client error '403 ' for url 'https://openapiproext.bnf.fr/iiif/presentation/v3/ark:/12148/bd6t5129156f/manifest.json'
For more information check: https://developer.mozilla.org/en-US/docs/Web/HTTP/Status/403",2026-07-17T12:55:03.598017
francesoir,bd6t5129157t,,failed,0,0,,http_manifest,known,403,manifest,"Client error '403 ' for url 'https://openapiproext.bnf.fr/iiif/presentation/v3/ark:/12148/bd6t5129157t/manifest.json'
For more information check: https://developer.mozilla.org/en-US/docs/Web/HTTP/Status/403",2026-07-17T12:55:04.760126
francesoir,bd6t51291586,,failed,0,0,,http_manifest,known,403,manifest,"Client error '403 ' for url 'https://openapiproext.bnf.fr/iiif/presentation/v3/ark:/12148/bd6t51291586/manifest.json'
For more information check: https://developer.mozilla.org/en-US/docs/Web/HTTP/Status/403",2026-07-17T12:55:05.826632
francesoir,bd6t5129159k,,failed,0,0,,http_manifest,known,403,manifest,"Client error '403 ' for url 'https://openapiproext.bnf.fr/iiif/presentation/v3/ark:/12148/bd6t5129159k/manifest.json'
For more information check: https://developer.mozilla.org/en-US/docs/Web/HTTP/Status/403",2026-07-17T12:55:07.006359
francesoir,bd6t5129160h,,failed,0,0,,http_manifest,known,403,manifest,"Client error '403 ' for url 'https://openapiproext.bnf.fr/iiif/presentation/v3/ark:/12148/bd6t5129160h/manifest.json'
For more information check: https://developer.mozilla.org/en-US/docs/Web/HTTP/Status/403",2026-07-17T12:55:08.216379
francesoir,bd6t5129161w,,failed,0,0,,http_manifest,known,403,manifest,"Client error '403 ' for url 'https://openapiproext.bnf.fr/iiif/presentation/v3/ark:/12148/bd6t5129161w/manifest.json'
For more information check: https://developer.mozilla.org/en-US/docs/Web/HTTP/Status/403",2026-07-17T12:55:09.397769
francesoir,bd6t51289270,,failed,0,0,,http_manifest,known,403,manifest,"Client error '403 ' for url 'https://openapiproext.bnf.fr/iiif/presentation/v3/ark:/12148/bd6t51289270/manifest.json'
For more information check: https://developer.mozilla.org/en-US/docs/Web/HTTP/Status/403",2026-07-17T12:55:10.599308
francesoir,bd6t5128928c,,failed,0,0,,http_manifest,known,403,manifest,"Client error '403 ' for url 'https://openapiproext.bnf.fr/iiif/presentation/v3/ark:/12148/bd6t5128928c/manifest.json'
For more information check: https://developer.mozilla.org/en-US/docs/Web/HTTP/Status/403",2026-07-17T12:55:11.801581
francesoir,bd6t5128929r,,failed,0,0,,http_manifest,known,403,manifest,"Client error '403 ' for url 'https://openapiproext.bnf.fr/iiif/presentation/v3/ark:/12148/bd6t5128929r/manifest.json'
For more information check: https://developer.mozilla.org/en-US/docs/Web/HTTP/Status/403",2026-07-17T12:55:13.003014
francesoir,bd6t5128930p,,failed,0,0,,http_manifest,known,403,manifest,"Client error '403 ' for url 'https://openapiproext.bnf.fr/iiif/presentation/v3/ark:/12148/bd6t5128930p/manifest.json'
For more information check: https://developer.mozilla.org/en-US/docs/Web/HTTP/Status/403",2026-07-17T12:55:14.205814
francesoir,bd6t51289312,,failed,0,0,,http_manifest,known,403,manifest,"Client error '403 ' for url 'https://openapiproext.bnf.fr/iiif/presentation/v3/ark:/12148/bd6t51289312/manifest.json'
For more information check: https://developer.mozilla.org/en-US/docs/Web/HTTP/Status/403",2026-07-17T12:55:15.399936
francesoir,bd6t5128932f,,failed,0,0,,http_manifest,known,403,manifest,"Client error '403 ' for url 'https://openapiproext.bnf.fr/iiif/presentation/v3/ark:/12148/bd6t5128932f/manifest.json'
For more information check: https://developer.mozilla.org/en-US/docs/Web/HTTP/Status/403",2026-07-17T12:55:16.605507
francesoir,bd6t5128933t,,failed,0,0,,http_manifest,known,403,manifest,"Client error '403 ' for url 'https://openapiproext.bnf.fr/iiif/presentation/v3/ark:/12148/bd6t5128933t/manifest.json'
For more information check: https://developer.mozilla.org/en-US/docs/Web/HTTP/Status/403",2026-07-17T12:55:17.805863
francesoir,bd6t51289346,,failed,0,0,,http_manifest,known,403,manifest,"Client error '403 ' for url 'https://openapiproext.bnf.fr/iiif/presentation/v3/ark:/12148/bd6t51289346/manifest.json'
For more information check: https://developer.mozilla.org/en-US/docs/Web/HTTP/Status/403",2026-07-17T12:55:19.031247
francesoir,bd6t5128935k,,failed,0,0,,http_manifest,known,403,manifest,"Client error '403 ' for url 'https://openapiproext.bnf.fr/iiif/presentation/v3/ark:/12148/bd6t5128935k/manifest.json'
For more information check: https://developer.mozilla.org/en-US/docs/Web/HTTP/Status/403",2026-07-17T12:55:20.210033
francesoir,bd6t5128936z,,failed,0,0,,http_manifest,known,403,manifest,"Client error '403 ' for url 'https://openapiproext.bnf.fr/iiif/presentation/v3/ark:/12148/bd6t5128936z/manifest.json'
For more information check: https://developer.mozilla.org/en-US/docs/Web/HTTP/Status/403",2026-07-17T12:55:21.410924
francesoir,bd6t5128937b,,failed,0,0,,http_manifest,known,403,manifest,"Client error '403 ' for url 'https://openapiproext.bnf.fr/iiif/presentation/v3/ark:/12148/bd6t5128937b/manifest.json'
For more information check: https://developer.mozilla.org/en-US/docs/Web/HTTP/Status/403",2026-07-17T12:55:22.615529
francesoir,bd6t5128938q,,failed,0,0,,http_manifest,known,403,manifest,"Client error '403 ' for url 'https://openapiproext.bnf.fr/iiif/presentation/v3/ark:/12148/bd6t5128938q/manifest.json'
For more information check: https://developer.mozilla.org/en-US/docs/Web/HTTP/Status/403",2026-07-17T12:55:23.814548
francesoir,bd6t51289393,,failed,0,0,,http_manifest,known,403,manifest,"Client error '403 ' for url 'https://openapiproext.bnf.fr/iiif/presentation/v3/ark:/12148/bd6t51289393/manifest.json'
For more information check: https://developer.mozilla.org/en-US/docs/Web/HTTP/Status/403",2026-07-17T12:55:25.017006
francesoir,bd6t51289401,,failed,0,0,,http_manifest,known,403,manifest,"Client error '403 ' for url 'https://openapiproext.bnf.fr/iiif/presentation/v3/ark:/12148/bd6t51289401/manifest.json'
For more information check: https://developer.mozilla.org/en-US/docs/Web/HTTP/Status/403",2026-07-17T12:55:26.223197
francesoir,bd6t5128941d,,failed,0,0,,http_manifest,known,403,manifest,"Client error '403 ' for url 'https://openapiproext.bnf.fr/iiif/presentation/v3/ark:/12148/bd6t5128941d/manifest.json'
For more information check: https://developer.mozilla.org/en-US/docs/Web/HTTP/Status/403",2026-07-17T12:55:27.419659
francesoir,bd6t5128942s,,failed,0,0,,http_manifest,known,403,manifest,"Client error '403 ' for url 'https://openapiproext.bnf.fr/iiif/presentation/v3/ark:/12148/bd6t5128942s/manifest.json'
For more information check: https://developer.mozilla.org/en-US/docs/Web/HTTP/Status/403",2026-07-17T12:55:28.621691
francesoir,bd6t51289435,,failed,0,0,,http_manifest,known,403,manifest,"Client error '403 ' for url 'https://openapiproext.bnf.fr/iiif/presentation/v3/ark:/12148/bd6t51289435/manifest.json'
For more information check: https://developer.mozilla.org/en-US/docs/Web/HTTP/Status/403",2026-07-17T12:55:29.826317
francesoir,bd6t5128944j,,failed,0,0,,http_manifest,known,403,manifest,"Client error '403 ' for url 'https://openapiproext.bnf.fr/iiif/presentation/v3/ark:/12148/bd6t5128944j/manifest.json'
For more information check: https://developer.mozilla.org/en-US/docs/Web/HTTP/Status/403",2026-07-17T12:55:31.024773
francesoir,bd6t5128945x,,failed,0,0,,http_manifest,known,403,manifest,"Client error '403 ' for url 'https://openapiproext.bnf.fr/iiif/presentation/v3/ark:/12148/bd6t5128945x/manifest.json'
For more information check: https://developer.mozilla.org/en-US/docs/Web/HTTP/Status/403",2026-07-17T12:55:32.228552
francesoir,bd6t5128947p,,failed,0,0,,http_manifest,known,403,manifest,"Client error '403 ' for url 'https://openapiproext.bnf.fr/iiif/presentation/v3/ark:/12148/bd6t5128947p/manifest.json'
For more information check: https://developer.mozilla.org/en-US/docs/Web/HTTP/Status/403",2026-07-17T12:55:33.425148
francesoir,bd6t51289469,,failed,0,0,,http_manifest,known,403,manifest,"Client error '403 ' for url 'https://openapiproext.bnf.fr/iiif/presentation/v3/ark:/12148/bd6t51289469/manifest.json'
For more information check: https://developer.mozilla.org/en-US/docs/Web/HTTP/Status/403",2026-07-17T12:55:34.626669
francesoir,bd6t51289482,,failed,0,0,,http_manifest,known,403,manifest,"Client error '403 ' for url 'https://openapiproext.bnf.fr/iiif/presentation/v3/ark:/12148/bd6t51289482/manifest.json'
For more information check: https://developer.mozilla.org/en-US/docs/Web/HTTP/Status/403",2026-07-17T12:55:35.832065
francesoir,bd6t5128949f,,failed,0,0,,http_manifest,known,403,manifest,"Client error '403 ' for url 'https://openapiproext.bnf.fr/iiif/presentation/v3/ark:/12148/bd6t5128949f/manifest.json'
For more information check: https://developer.mozilla.org/en-US/docs/Web/HTTP/Status/403",2026-07-17T12:55:37.026606
francesoir,bd6t5128950c,,failed,0,0,,http_manifest,known,403,manifest,"Client error '403 ' for url 'https://openapiproext.bnf.fr/iiif/presentation/v3/ark:/12148/bd6t5128950c/manifest.json'
For more information check: https://developer.mozilla.org/en-US/docs/Web/HTTP/Status/403",2026-07-17T12:55:38.233243
francesoir,bd6t5128951r,,failed,0,0,,http_manifest,known,403,manifest,"Client error '403 ' for url 'https://openapiproext.bnf.fr/iiif/presentation/v3/ark:/12148/bd6t5128951r/manifest.json'
For more information check: https://developer.mozilla.org/en-US/docs/Web/HTTP/Status/403",2026-07-17T12:55:39.434367
francesoir,bd6t51289524,,failed,0,0,,http_manifest,known,403,manifest,"Client error '403 ' for url 'https://openapiproext.bnf.fr/iiif/presentation/v3/ark:/12148/bd6t51289524/manifest.json'
For more information check: https://developer.mozilla.org/en-US/docs/Web/HTTP/Status/403",2026-07-17T12:55:40.638115
francesoir,bd6t5128953h,,failed,0,0,,http_manifest,known,403,manifest,"Client error '403 ' for url 'https://openapiproext.bnf.fr/iiif/presentation/v3/ark:/12148/bd6t5128953h/manifest.json'
For more information check: https://developer.mozilla.org/en-US/docs/Web/HTTP/Status/403",2026-07-17T12:55:41.837859
francesoir,bd6t5128954w,,failed,0,0,,http_manifest,known,403,manifest,"Client error '403 ' for url 'https://openapiproext.bnf.fr/iiif/presentation/v3/ark:/12148/bd6t5128954w/manifest.json'
For more information check: https://developer.mozilla.org/en-US/docs/Web/HTTP/Status/403",2026-07-17T12:55:43.042269
francesoir,bd6t51289558,,failed,0,0,,http_manifest,known,403,manifest,"Client error '403 ' for url 'https://openapiproext.bnf.fr/iiif/presentation/v3/ark:/12148/bd6t51289558/manifest.json'
For more information check: https://developer.mozilla.org/en-US/docs/Web/HTTP/Status/403",2026-07-17T12:55:44.238526
francesoir,bd6t5128956n,,failed,0,0,,http_manifest,known,403,manifest,"Client error '403 ' for url 'https://openapiproext.bnf.fr/iiif/presentation/v3/ark:/12148/bd6t5128956n/manifest.json'
For more information check: https://developer.mozilla.org/en-US/docs/Web/HTTP/Status/403",2026-07-17T12:55:45.442441
francesoir,bd6t5128958d,,failed,0,0,,http_manifest,known,403,manifest,"Client error '403 ' for url 'https://openapiproext.bnf.fr/iiif/presentation/v3/ark:/12148/bd6t5128958d/manifest.json'
For more information check: https://developer.mozilla.org/en-US/docs/Web/HTTP/Status/403",2026-07-17T12:55:46.643871
francesoir,bd6t51289571,,failed,0,0,,http_manifest,known,403,manifest,"Client error '403 ' for url 'https://openapiproext.bnf.fr/iiif/presentation/v3/ark:/12148/bd6t51289571/manifest.json'
For more information check: https://developer.mozilla.org/en-US/docs/Web/HTTP/Status/403",2026-07-17T12:55:47.870510
francesoir,bd6t5128959s,,failed,0,0,,http_manifest,known,403,manifest,"Client error '403 ' for url 'https://openapiproext.bnf.fr/iiif/presentation/v3/ark:/12148/bd6t5128959s/manifest.json'
For more information check: https://developer.mozilla.org/en-US/docs/Web/HTTP/Status/403",2026-07-17T12:55:49.049100
francesoir,bd6t5128960q,,failed,0,0,,http_manifest,known,403,manifest,"Client error '403 ' for url 'https://openapiproext.bnf.fr/iiif/presentation/v3/ark:/12148/bd6t5128960q/manifest.json'
For more information check: https://developer.mozilla.org/en-US/docs/Web/HTTP/Status/403",2026-07-17T12:55:50.248614
francesoir,bd6t51289613,,failed,0,0,,http_manifest,known,403,manifest,"Client error '403 ' for url 'https://openapiproext.bnf.fr/iiif/presentation/v3/ark:/12148/bd6t51289613/manifest.json'
For more information check: https://developer.mozilla.org/en-US/docs/Web/HTTP/Status/403",2026-07-17T12:55:51.450119
francesoir,bd6t5128962g,,failed,0,0,,http_manifest,known,403,manifest,"Client error '403 ' for url 'https://openapiproext.bnf.fr/iiif/presentation/v3/ark:/12148/bd6t5128962g/manifest.json'
For more information check: https://developer.mozilla.org/en-US/docs/Web/HTTP/Status/403",2026-07-17T12:55:52.652050
francesoir,bd6t5128963v,,failed,0,0,,http_manifest,known,403,manifest,"Client error '403 ' for url 'https://openapiproext.bnf.fr/iiif/presentation/v3/ark:/12148/bd6t5128963v/manifest.json'
For more information check: https://developer.mozilla.org/en-US/docs/Web/HTTP/Status/403",2026-07-17T12:55:53.855845
francesoir,bd6t51289647,,failed,0,0,,http_manifest,known,403,manifest,"Client error '403 ' for url 'https://openapiproext.bnf.fr/iiif/presentation/v3/ark:/12148/bd6t51289647/manifest.json'
For more information check: https://developer.mozilla.org/en-US/docs/Web/HTTP/Status/403",2026-07-17T12:55:55.053510
francesoir,bd6t5128965m,,failed,0,0,,http_manifest,known,403,manifest,"Client error '403 ' for url 'https://openapiproext.bnf.fr/iiif/presentation/v3/ark:/12148/bd6t5128965m/manifest.json'
For more information check: https://developer.mozilla.org/en-US/docs/Web/HTTP/Status/403",2026-07-17T12:55:56.257632
francesoir,bd6t51289660,,failed,0,0,,http_manifest,known,403,manifest,"Client error '403 ' for url 'https://openapiproext.bnf.fr/iiif/presentation/v3/ark:/12148/bd6t51289660/manifest.json'
For more information check: https://developer.mozilla.org/en-US/docs/Web/HTTP/Status/403",2026-07-17T12:55:57.457144
francesoir,bd6t5128967c,,failed,0,0,,http_manifest,known,403,manifest,"Client error '403 ' for url 'https://openapiproext.bnf.fr/iiif/presentation/v3/ark:/12148/bd6t5128967c/manifest.json'
For more information check: https://developer.mozilla.org/en-US/docs/Web/HTTP/Status/403",2026-07-17T12:55:58.660984
francesoir,bd6t5128968r,,failed,0,0,,http_manifest,known,403,manifest,"Client error '403 ' for url 'https://openapiproext.bnf.fr/iiif/presentation/v3/ark:/12148/bd6t5128968r/manifest.json'
For more information check: https://developer.mozilla.org/en-US/docs/Web/HTTP/Status/403",2026-07-17T12:55:59.935410
francesoir,bd6t51289694,,failed,0,0,,http_manifest,known,403,manifest,"Client error '403 ' for url 'https://openapiproext.bnf.fr/iiif/presentation/v3/ark:/12148/bd6t51289694/manifest.json'
For more information check: https://developer.mozilla.org/en-US/docs/Web/HTTP/Status/403",2026-07-17T12:56:01.176999
francesoir,bd6t51289702,,failed,0,0,,http_manifest,known,403,manifest,"Client error '403 ' for url 'https://openapiproext.bnf.fr/iiif/presentation/v3/ark:/12148/bd6t51289702/manifest.json'
For more information check: https://developer.mozilla.org/en-US/docs/Web/HTTP/Status/403",2026-07-17T12:56:02.265126
francesoir,bd6t5128971f,,failed,0,0,,http_manifest,known,403,manifest,"Client error '403 ' for url 'https://openapiproext.bnf.fr/iiif/presentation/v3/ark:/12148/bd6t5128971f/manifest.json'
For more information check: https://developer.mozilla.org/en-US/docs/Web/HTTP/Status/403",2026-07-17T12:56:03.740355
francesoir,bd6t5128972t,,failed,0,0,,http_manifest,known,403,manifest,"Client error '403 ' for url 'https://openapiproext.bnf.fr/iiif/presentation/v3/ark:/12148/bd6t5128972t/manifest.json'
For more information check: https://developer.mozilla.org/en-US/docs/Web/HTTP/Status/403",2026-07-17T12:56:04.798994
francesoir,bd6t51289736,,failed,0,0,,http_manifest,known,403,manifest,"Client error '403 ' for url 'https://openapiproext.bnf.fr/iiif/presentation/v3/ark:/12148/bd6t51289736/manifest.json'
For more information check: https://developer.mozilla.org/en-US/docs/Web/HTTP/Status/403",2026-07-17T12:56:05.956830
francesoir,bd6t5128974k,,failed,0,0,,http_manifest,known,403,manifest,"Client error '403 ' for url 'https://openapiproext.bnf.fr/iiif/presentation/v3/ark:/12148/bd6t5128974k/manifest.json'
For more information check: https://developer.mozilla.org/en-US/docs/Web/HTTP/Status/403",2026-07-17T12:56:07.080865
francesoir,bd6t5128975z,,failed,0,0,,http_manifest,known,403,manifest,"Client error '403 ' for url 'https://openapiproext.bnf.fr/iiif/presentation/v3/ark:/12148/bd6t5128975z/manifest.json'
For more information check: https://developer.mozilla.org/en-US/docs/Web/HTTP/Status/403",2026-07-17T12:56:08.290007
francesoir,bd6t5128976b,,failed,0,0,,http_manifest,known,403,manifest,"Client error '403 ' for url 'https://openapiproext.bnf.fr/iiif/presentation/v3/ark:/12148/bd6t5128976b/manifest.json'
For more information check: https://developer.mozilla.org/en-US/docs/Web/HTTP/Status/403",2026-07-17T12:56:09.470930
francesoir,bd6t5128977q,,failed,0,0,,http_manifest,known,403,manifest,"Client error '403 ' for url 'https://openapiproext.bnf.fr/iiif/presentation/v3/ark:/12148/bd6t5128977q/manifest.json'
For more information check: https://developer.mozilla.org/en-US/docs/Web/HTTP/Status/403",2026-07-17T12:56:10.685738
francesoir,bd6t51289783,,failed,0,0,,http_manifest,known,403,manifest,"Client error '403 ' for url 'https://openapiproext.bnf.fr/iiif/presentation/v3/ark:/12148/bd6t51289783/manifest.json'
For more information check: https://developer.mozilla.org/en-US/docs/Web/HTTP/Status/403",2026-07-17T12:56:11.916415
francesoir,bd6t5128979g,,failed,0,0,,http_manifest,known,403,manifest,"Client error '403 ' for url 'https://openapiproext.bnf.fr/iiif/presentation/v3/ark:/12148/bd6t5128979g/manifest.json'
For more information check: https://developer.mozilla.org/en-US/docs/Web/HTTP/Status/403",2026-07-17T12:56:13.152102
francesoir,bd6t5128980d,,failed,0,0,,http_manifest,known,403,manifest,"Client error '403 ' for url 'https://openapiproext.bnf.fr/iiif/presentation/v3/ark:/12148/bd6t5128980d/manifest.json'
For more information check: https://developer.mozilla.org/en-US/docs/Web/HTTP/Status/403",2026-07-17T12:56:14.485948
francesoir,bd6t5128981s,,failed,0,0,,http_manifest,known,403,manifest,"Client error '403 ' for url 'https://openapiproext.bnf.fr/iiif/presentation/v3/ark:/12148/bd6t5128981s/manifest.json'
For more information check: https://developer.mozilla.org/en-US/docs/Web/HTTP/Status/403",2026-07-17T12:56:15.626667
francesoir,bd6t51289825,,failed,0,0,,http_manifest,known,403,manifest,"Client error '403 ' for url 'https://openapiproext.bnf.fr/iiif/presentation/v3/ark:/12148/bd6t51289825/manifest.json'
For more information check: https://developer.mozilla.org/en-US/docs/Web/HTTP/Status/403",2026-07-17T12:56:16.683537
francesoir,bd6t5128983j,,failed,0,0,,http_manifest,known,403,manifest,"Client error '403 ' for url 'https://openapiproext.bnf.fr/iiif/presentation/v3/ark:/12148/bd6t5128983j/manifest.json'
For more information check: https://developer.mozilla.org/en-US/docs/Web/HTTP/Status/403",2026-07-17T12:56:17.907612
francesoir,bd6t5128984x,,failed,0,0,,http_manifest,known,403,manifest,"Client error '403 ' for url 'https://openapiproext.bnf.fr/iiif/presentation/v3/ark:/12148/bd6t5128984x/manifest.json'
For more information check: https://developer.mozilla.org/en-US/docs/Web/HTTP/Status/403",2026-07-17T12:56:19.088773
francesoir,bd6t51289859,,failed,0,0,,http_manifest,known,403,manifest,"Client error '403 ' for url 'https://openapiproext.bnf.fr/iiif/presentation/v3/ark:/12148/bd6t51289859/manifest.json'
For more information check: https://developer.mozilla.org/en-US/docs/Web/HTTP/Status/403",2026-07-17T12:56:20.310668
francesoir,bd6t5128986p,,failed,0,0,,http_manifest,known,403,manifest,"Client error '403 ' for url 'https://openapiproext.bnf.fr/iiif/presentation/v3/ark:/12148/bd6t5128986p/manifest.json'
For more information check: https://developer.mozilla.org/en-US/docs/Web/HTTP/Status/403",2026-07-17T12:56:21.496358
francesoir,bd6t51289872,,failed,0,0,,http_manifest,known,403,manifest,"Client error '403 ' for url 'https://openapiproext.bnf.fr/iiif/presentation/v3/ark:/12148/bd6t51289872/manifest.json'
For more information check: https://developer.mozilla.org/en-US/docs/Web/HTTP/Status/403",2026-07-17T12:56:22.697399
francesoir,bd6t5128988f,,failed,0,0,,http_manifest,known,403,manifest,"Client error '403 ' for url 'https://openapiproext.bnf.fr/iiif/presentation/v3/ark:/12148/bd6t5128988f/manifest.json'
For more information check: https://developer.mozilla.org/en-US/docs/Web/HTTP/Status/403",2026-07-17T12:56:23.898591
francesoir,bd6t5128989t,,failed,0,0,,http_manifest,known,403,manifest,"Client error '403 ' for url 'https://openapiproext.bnf.fr/iiif/presentation/v3/ark:/12148/bd6t5128989t/manifest.json'
For more information check: https://developer.mozilla.org/en-US/docs/Web/HTTP/Status/403",2026-07-17T12:56:25.097988
francesoir,bd6t5128990r,,failed,0,0,,http_manifest,known,403,manifest,"Client error '403 ' for url 'https://openapiproext.bnf.fr/iiif/presentation/v3/ark:/12148/bd6t5128990r/manifest.json'
For more information check: https://developer.mozilla.org/en-US/docs/Web/HTTP/Status/403",2026-07-17T12:56:26.301390
francesoir,bd6t51289914,,failed,0,0,,http_manifest,known,403,manifest,"Client error '403 ' for url 'https://openapiproext.bnf.fr/iiif/presentation/v3/ark:/12148/bd6t51289914/manifest.json'
For more information check: https://developer.mozilla.org/en-US/docs/Web/HTTP/Status/403",2026-07-17T12:56:27.505350
francesoir,bd6t5128992h,,failed,0,0,,http_manifest,known,403,manifest,"Client error '403 ' for url 'https://openapiproext.bnf.fr/iiif/presentation/v3/ark:/12148/bd6t5128992h/manifest.json'
For more information check: https://developer.mozilla.org/en-US/docs/Web/HTTP/Status/403",2026-07-17T12:56:28.705278
francesoir,bd6t5128993w,,failed,0,0,,http_manifest,known,403,manifest,"Client error '403 ' for url 'https://openapiproext.bnf.fr/iiif/presentation/v3/ark:/12148/bd6t5128993w/manifest.json'
For more information check: https://developer.mozilla.org/en-US/docs/Web/HTTP/Status/403",2026-07-17T12:56:29.910552
francesoir,bd6t51289948,,failed,0,0,,http_manifest,known,403,manifest,"Client error '403 ' for url 'https://openapiproext.bnf.fr/iiif/presentation/v3/ark:/12148/bd6t51289948/manifest.json'
For more information check: https://developer.mozilla.org/en-US/docs/Web/HTTP/Status/403",2026-07-17T12:56:31.115579
francesoir,bd6t5128995n,,failed,0,0,,http_manifest,known,403,manifest,"Client error '403 ' for url 'https://openapiproext.bnf.fr/iiif/presentation/v3/ark:/12148/bd6t5128995n/manifest.json'
For more information check: https://developer.mozilla.org/en-US/docs/Web/HTTP/Status/403",2026-07-17T12:56:32.309708
francesoir,bd6t51289961,,failed,0,0,,http_manifest,known,403,manifest,"Client error '403 ' for url 'https://openapiproext.bnf.fr/iiif/presentation/v3/ark:/12148/bd6t51289961/manifest.json'
For more information check: https://developer.mozilla.org/en-US/docs/Web/HTTP/Status/403",2026-07-17T12:56:33.536227
francesoir,bd6t5128997d,,failed,0,0,,http_manifest,known,403,manifest,"Client error '403 ' for url 'https://openapiproext.bnf.fr/iiif/presentation/v3/ark:/12148/bd6t5128997d/manifest.json'
For more information check: https://developer.mozilla.org/en-US/docs/Web/HTTP/Status/403",2026-07-17T12:56:34.714455
francesoir,bd6t5128998s,,failed,0,0,,http_manifest,known,403,manifest,"Client error '403 ' for url 'https://openapiproext.bnf.fr/iiif/presentation/v3/ark:/12148/bd6t5128998s/manifest.json'
For more information check: https://developer.mozilla.org/en-US/docs/Web/HTTP/Status/403",2026-07-17T12:56:35.925230
francesoir,bd6t51289995,,failed,0,0,,http_manifest,known,403,manifest,"Client error '403 ' for url 'https://openapiproext.bnf.fr/iiif/presentation/v3/ark:/12148/bd6t51289995/manifest.json'
For more information check: https://developer.mozilla.org/en-US/docs/Web/HTTP/Status/403",2026-07-17T12:56:37.116824
francesoir,bd6t51290004,,failed,0,0,,http_manifest,known,403,manifest,"Client error '403 ' for url 'https://openapiproext.bnf.fr/iiif/presentation/v3/ark:/12148/bd6t51290004/manifest.json'
For more information check: https://developer.mozilla.org/en-US/docs/Web/HTTP/Status/403",2026-07-17T12:56:38.318877
francesoir,bd6t5129001h,,failed,0,0,,http_manifest,known,403,manifest,"Client error '403 ' for url 'https://openapiproext.bnf.fr/iiif/presentation/v3/ark:/12148/bd6t5129001h/manifest.json'
For more information check: https://developer.mozilla.org/en-US/docs/Web/HTTP/Status/403",2026-07-17T12:56:39.519423
francesoir,bd6t5129002w,,failed,0,0,,http_manifest,known,403,manifest,"Client error '403 ' for url 'https://openapiproext.bnf.fr/iiif/presentation/v3/ark:/12148/bd6t5129002w/manifest.json'
For more information check: https://developer.mozilla.org/en-US/docs/Web/HTTP/Status/403",2026-07-17T12:56:40.722730
francesoir,bd6t51290038,,failed,0,0,,http_manifest,known,403,manifest,"Client error '403 ' for url 'https://openapiproext.bnf.fr/iiif/presentation/v3/ark:/12148/bd6t51290038/manifest.json'
For more information check: https://developer.mozilla.org/en-US/docs/Web/HTTP/Status/403",2026-07-17T12:56:41.930704
francesoir,bd6t5129004n,,failed,0,0,,http_manifest,known,403,manifest,"Client error '403 ' for url 'https://openapiproext.bnf.fr/iiif/presentation/v3/ark:/12148/bd6t5129004n/manifest.json'
For more information check: https://developer.mozilla.org/en-US/docs/Web/HTTP/Status/403",2026-07-17T12:56:43.125115
francesoir,bd6t51290051,,failed,0,0,,http_manifest,known,403,manifest,"Client error '403 ' for url 'https://openapiproext.bnf.fr/iiif/presentation/v3/ark:/12148/bd6t51290051/manifest.json'
For more information check: https://developer.mozilla.org/en-US/docs/Web/HTTP/Status/403",2026-07-17T12:56:44.326271
francesoir,bd6t5129006d,,failed,0,0,,http_manifest,known,403,manifest,"Client error '403 ' for url 'https://openapiproext.bnf.fr/iiif/presentation/v3/ark:/12148/bd6t5129006d/manifest.json'
For more information check: https://developer.mozilla.org/en-US/docs/Web/HTTP/Status/403",2026-07-17T12:56:45.531059
francesoir,bd6t5129007s,,failed,0,0,,http_manifest,known,403,manifest,"Client error '403 ' for url 'https://openapiproext.bnf.fr/iiif/presentation/v3/ark:/12148/bd6t5129007s/manifest.json'
For more information check: https://developer.mozilla.org/en-US/docs/Web/HTTP/Status/403",2026-07-17T12:56:46.730408
francesoir,bd6t51290085,,failed,0,0,,http_manifest,known,403,manifest,"Client error '403 ' for url 'https://openapiproext.bnf.fr/iiif/presentation/v3/ark:/12148/bd6t51290085/manifest.json'
For more information check: https://developer.mozilla.org/en-US/docs/Web/HTTP/Status/403",2026-07-17T12:56:47.931840
francesoir,bd6t5129009j,,failed,0,0,,http_manifest,known,403,manifest,"Client error '403 ' for url 'https://openapiproext.bnf.fr/iiif/presentation/v3/ark:/12148/bd6t5129009j/manifest.json'
For more information check: https://developer.mozilla.org/en-US/docs/Web/HTTP/Status/403",2026-07-17T12:56:49.132030
francesoir,bd6t5129010g,,failed,0,0,,http_manifest,known,403,manifest,"Client error '403 ' for url 'https://openapiproext.bnf.fr/iiif/presentation/v3/ark:/12148/bd6t5129010g/manifest.json'
For more information check: https://developer.mozilla.org/en-US/docs/Web/HTTP/Status/403",2026-07-17T12:56:50.349923
francesoir,bd6t5129011v,,failed,0,0,,http_manifest,known,403,manifest,"Client error '403 ' for url 'https://openapiproext.bnf.fr/iiif/presentation/v3/ark:/12148/bd6t5129011v/manifest.json'
For more information check: https://developer.mozilla.org/en-US/docs/Web/HTTP/Status/403",2026-07-17T12:56:51.537992
francesoir,bd6t51290127,,failed,0,0,,http_manifest,known,403,manifest,"Client error '403 ' for url 'https://openapiproext.bnf.fr/iiif/presentation/v3/ark:/12148/bd6t51290127/manifest.json'
For more information check: https://developer.mozilla.org/en-US/docs/Web/HTTP/Status/403",2026-07-17T12:56:52.738501
francesoir,bd6t5129013m,,failed,0,0,,http_manifest,known,403,manifest,"Client error '403 ' for url 'https://openapiproext.bnf.fr/iiif/presentation/v3/ark:/12148/bd6t5129013m/manifest.json'
For more information check: https://developer.mozilla.org/en-US/docs/Web/HTTP/Status/403",2026-07-17T12:56:53.940184
francesoir,bd6t51290140,,failed,0,0,,http_manifest,known,403,manifest,"Client error '403 ' for url 'https://openapiproext.bnf.fr/iiif/presentation/v3/ark:/12148/bd6t51290140/manifest.json'
For more information check: https://developer.mozilla.org/en-US/docs/Web/HTTP/Status/403",2026-07-17T12:56:55.139348
francesoir,bd6t5129015c,,failed,0,0,,http_manifest,known,403,manifest,"Client error '403 ' for url 'https://openapiproext.bnf.fr/iiif/presentation/v3/ark:/12148/bd6t5129015c/manifest.json'
For more information check: https://developer.mozilla.org/en-US/docs/Web/HTTP/Status/403",2026-07-17T12:56:56.346438
francesoir,bd6t5129016r,,failed,0,0,,http_manifest,known,403,manifest,"Client error '403 ' for url 'https://openapiproext.bnf.fr/iiif/presentation/v3/ark:/12148/bd6t5129016r/manifest.json'
For more information check: https://developer.mozilla.org/en-US/docs/Web/HTTP/Status/403",2026-07-17T12:56:57.573538
francesoir,bd6t51290174,,failed,0,0,,http_manifest,known,403,manifest,"Client error '403 ' for url 'https://openapiproext.bnf.fr/iiif/presentation/v3/ark:/12148/bd6t51290174/manifest.json'
For more information check: https://developer.mozilla.org/en-US/docs/Web/HTTP/Status/403",2026-07-17T12:56:58.742999
francesoir,bd6t5129018h,,failed,0,0,,http_manifest,known,403,manifest,"Client error '403 ' for url 'https://openapiproext.bnf.fr/iiif/presentation/v3/ark:/12148/bd6t5129018h/manifest.json'
For more information check: https://developer.mozilla.org/en-US/docs/Web/HTTP/Status/403",2026-07-17T12:56:59.944236
francesoir,bd6t5129019w,,failed,0,0,,http_manifest,known,403,manifest,"Client error '403 ' for url 'https://openapiproext.bnf.fr/iiif/presentation/v3/ark:/12148/bd6t5129019w/manifest.json'
For more information check: https://developer.mozilla.org/en-US/docs/Web/HTTP/Status/403",2026-07-17T12:57:01.354393
francesoir,bd6t5129020t,,failed,0,0,,http_manifest,known,403,manifest,"Client error '403 ' for url 'https://openapiproext.bnf.fr/iiif/presentation/v3/ark:/12148/bd6t5129020t/manifest.json'
For more information check: https://developer.mozilla.org/en-US/docs/Web/HTTP/Status/403",2026-07-17T12:57:02.371254
francesoir,bd6t51290216,,failed,0,0,,http_manifest,known,403,manifest,"Client error '403 ' for url 'https://openapiproext.bnf.fr/iiif/presentation/v3/ark:/12148/bd6t51290216/manifest.json'
For more information check: https://developer.mozilla.org/en-US/docs/Web/HTTP/Status/403",2026-07-17T12:57:03.671036
francesoir,bd6t5129022k,,failed,0,0,,http_manifest,known,403,manifest,"Client error '403 ' for url 'https://openapiproext.bnf.fr/iiif/presentation/v3/ark:/12148/bd6t5129022k/manifest.json'
For more information check: https://developer.mozilla.org/en-US/docs/Web/HTTP/Status/403",2026-07-17T12:57:04.753205
francesoir,bd6t5129023z,,failed,0,0,,http_manifest,known,403,manifest,"Client error '403 ' for url 'https://openapiproext.bnf.fr/iiif/presentation/v3/ark:/12148/bd6t5129023z/manifest.json'
For more information check: https://developer.mozilla.org/en-US/docs/Web/HTTP/Status/403",2026-07-17T12:57:05.995503
francesoir,bd6t5129024b,,failed,0,0,,http_manifest,known,403,manifest,"Client error '403 ' for url 'https://openapiproext.bnf.fr/iiif/presentation/v3/ark:/12148/bd6t5129024b/manifest.json'
For more information check: https://developer.mozilla.org/en-US/docs/Web/HTTP/Status/403",2026-07-17T12:57:07.191674
francesoir,bd6t5129025q,,failed,0,0,,http_manifest,known,403,manifest,"Client error '403 ' for url 'https://openapiproext.bnf.fr/iiif/presentation/v3/ark:/12148/bd6t5129025q/manifest.json'
For more information check: https://developer.mozilla.org/en-US/docs/Web/HTTP/Status/403",2026-07-17T12:57:08.356495
francesoir,bd6t51290263,,failed,0,0,,http_manifest,known,403,manifest,"Client error '403 ' for url 'https://openapiproext.bnf.fr/iiif/presentation/v3/ark:/12148/bd6t51290263/manifest.json'
For more information check: https://developer.mozilla.org/en-US/docs/Web/HTTP/Status/403",2026-07-17T12:57:09.563619
francesoir,bd6t5129027g,,failed,0,0,,http_manifest,known,403,manifest,"Client error '403 ' for url 'https://openapiproext.bnf.fr/iiif/presentation/v3/ark:/12148/bd6t5129027g/manifest.json'
For more information check: https://developer.mozilla.org/en-US/docs/Web/HTTP/Status/403",2026-07-17T12:57:10.807437
francesoir,bd6t5129028v,,failed,0,0,,http_manifest,known,403,manifest,"Client error '403 ' for url 'https://openapiproext.bnf.fr/iiif/presentation/v3/ark:/12148/bd6t5129028v/manifest.json'
For more information check: https://developer.mozilla.org/en-US/docs/Web/HTTP/Status/403",2026-07-17T12:57:11.977868
francesoir,bd6t51290297,,failed,0,0,,http_manifest,known,403,manifest,"Client error '403 ' for url 'https://openapiproext.bnf.fr/iiif/presentation/v3/ark:/12148/bd6t51290297/manifest.json'
For more information check: https://developer.mozilla.org/en-US/docs/Web/HTTP/Status/403",2026-07-17T12:57:13.164854
francesoir,bd6t51290305,,failed,0,0,,http_manifest,known,403,manifest,"Client error '403 ' for url 'https://openapiproext.bnf.fr/iiif/presentation/v3/ark:/12148/bd6t51290305/manifest.json'
For more information check: https://developer.mozilla.org/en-US/docs/Web/HTTP/Status/403",2026-07-17T12:57:14.610984
francesoir,bd6t5129031j,,failed,0,0,,http_manifest,known,403,manifest,"Client error '403 ' for url 'https://openapiproext.bnf.fr/iiif/presentation/v3/ark:/12148/bd6t5129031j/manifest.json'
For more information check: https://developer.mozilla.org/en-US/docs/Web/HTTP/Status/403",2026-07-17T12:57:15.752689
francesoir,bd6t5129032x,,failed,0,0,,http_manifest,known,403,manifest,"Client error '403 ' for url 'https://openapiproext.bnf.fr/iiif/presentation/v3/ark:/12148/bd6t5129032x/manifest.json'
For more information check: https://developer.mozilla.org/en-US/docs/Web/HTTP/Status/403",2026-07-17T12:57:17.004591
francesoir,bd6t51290339,,failed,0,0,,http_manifest,known,403,manifest,"Client error '403 ' for url 'https://openapiproext.bnf.fr/iiif/presentation/v3/ark:/12148/bd6t51290339/manifest.json'
For more information check: https://developer.mozilla.org/en-US/docs/Web/HTTP/Status/403",2026-07-17T12:57:18.021948
francesoir,bd6t5129034p,,failed,0,0,,http_manifest,known,403,manifest,"Client error '403 ' for url 'https://openapiproext.bnf.fr/iiif/presentation/v3/ark:/12148/bd6t5129034p/manifest.json'
For more information check: https://developer.mozilla.org/en-US/docs/Web/HTTP/Status/403",2026-07-17T12:57:19.167751
francesoir,bd6t51290352,,failed,0,0,,http_manifest,known,403,manifest,"Client error '403 ' for url 'https://openapiproext.bnf.fr/iiif/presentation/v3/ark:/12148/bd6t51290352/manifest.json'
For more information check: https://developer.mozilla.org/en-US/docs/Web/HTTP/Status/403",2026-07-17T12:57:20.379624
francesoir,bd6t5129036f,,failed,0,0,,http_manifest,known,403,manifest,"Client error '403 ' for url 'https://openapiproext.bnf.fr/iiif/presentation/v3/ark:/12148/bd6t5129036f/manifest.json'
For more information check: https://developer.mozilla.org/en-US/docs/Web/HTTP/Status/403",2026-07-17T12:57:21.581648
francesoir,bd6t5129037t,,failed,0,0,,http_manifest,known,403,manifest,"Client error '403 ' for url 'https://openapiproext.bnf.fr/iiif/presentation/v3/ark:/12148/bd6t5129037t/manifest.json'
For more information check: https://developer.mozilla.org/en-US/docs/Web/HTTP/Status/403",2026-07-17T12:57:22.768630
francesoir,bd6t51290386,,failed,0,0,,http_manifest,known,403,manifest,"Client error '403 ' for url 'https://openapiproext.bnf.fr/iiif/presentation/v3/ark:/12148/bd6t51290386/manifest.json'
For more information check: https://developer.mozilla.org/en-US/docs/Web/HTTP/Status/403",2026-07-17T12:57:23.971957
francesoir,bd6t5129039k,,failed,0,0,,http_manifest,known,403,manifest,"Client error '403 ' for url 'https://openapiproext.bnf.fr/iiif/presentation/v3/ark:/12148/bd6t5129039k/manifest.json'
For more information check: https://developer.mozilla.org/en-US/docs/Web/HTTP/Status/403",2026-07-17T12:57:25.190538
francesoir,bd6t5129040h,,failed,0,0,,http_manifest,known,403,manifest,"Client error '403 ' for url 'https://openapiproext.bnf.fr/iiif/presentation/v3/ark:/12148/bd6t5129040h/manifest.json'
For more information check: https://developer.mozilla.org/en-US/docs/Web/HTTP/Status/403",2026-07-17T12:57:26.375351
francesoir,bd6t5129041w,,failed,0,0,,http_manifest,known,403,manifest,"Client error '403 ' for url 'https://openapiproext.bnf.fr/iiif/presentation/v3/ark:/12148/bd6t5129041w/manifest.json'
For more information check: https://developer.mozilla.org/en-US/docs/Web/HTTP/Status/403",2026-07-17T12:57:27.580097
francesoir,bd6t51290428,,failed,0,0,,http_manifest,known,403,manifest,"Client error '403 ' for url 'https://openapiproext.bnf.fr/iiif/presentation/v3/ark:/12148/bd6t51290428/manifest.json'
For more information check: https://developer.mozilla.org/en-US/docs/Web/HTTP/Status/403",2026-07-17T12:57:28.780387
francesoir,bd6t5129043n,,failed,0,0,,http_manifest,known,403,manifest,"Client error '403 ' for url 'https://openapiproext.bnf.fr/iiif/presentation/v3/ark:/12148/bd6t5129043n/manifest.json'
For more information check: https://developer.mozilla.org/en-US/docs/Web/HTTP/Status/403",2026-07-17T12:57:29.980741
francesoir,bd6t51290441,,failed,0,0,,http_manifest,known,403,manifest,"Client error '403 ' for url 'https://openapiproext.bnf.fr/iiif/presentation/v3/ark:/12148/bd6t51290441/manifest.json'
For more information check: https://developer.mozilla.org/en-US/docs/Web/HTTP/Status/403",2026-07-17T12:57:31.182332
francesoir,bd6t5129045d,,failed,0,0,,http_manifest,known,403,manifest,"Client error '403 ' for url 'https://openapiproext.bnf.fr/iiif/presentation/v3/ark:/12148/bd6t5129045d/manifest.json'
For more information check: https://developer.mozilla.org/en-US/docs/Web/HTTP/Status/403",2026-07-17T12:57:32.378387
francesoir,bd6t5129046s,,failed,0,0,,http_manifest,known,403,manifest,"Client error '403 ' for url 'https://openapiproext.bnf.fr/iiif/presentation/v3/ark:/12148/bd6t5129046s/manifest.json'
For more information check: https://developer.mozilla.org/en-US/docs/Web/HTTP/Status/403",2026-07-17T12:57:33.585981
francesoir,bd6t51290475,,failed,0,0,,http_manifest,known,403,manifest,"Client error '403 ' for url 'https://openapiproext.bnf.fr/iiif/presentation/v3/ark:/12148/bd6t51290475/manifest.json'
For more information check: https://developer.mozilla.org/en-US/docs/Web/HTTP/Status/403",2026-07-17T12:57:34.800038
francesoir,bd6t5129048j,,failed,0,0,,http_manifest,known,403,manifest,"Client error '403 ' for url 'https://openapiproext.bnf.fr/iiif/presentation/v3/ark:/12148/bd6t5129048j/manifest.json'
For more information check: https://developer.mozilla.org/en-US/docs/Web/HTTP/Status/403",2026-07-17T12:57:35.985341
francesoir,bd6t5129049x,,failed,0,0,,http_manifest,known,403,manifest,"Client error '403 ' for url 'https://openapiproext.bnf.fr/iiif/presentation/v3/ark:/12148/bd6t5129049x/manifest.json'
For more information check: https://developer.mozilla.org/en-US/docs/Web/HTTP/Status/403",2026-07-17T12:57:37.205723
francesoir,bd6t5129050v,,failed,0,0,,http_manifest,known,403,manifest,"Client error '403 ' for url 'https://openapiproext.bnf.fr/iiif/presentation/v3/ark:/12148/bd6t5129050v/manifest.json'
For more information check: https://developer.mozilla.org/en-US/docs/Web/HTTP/Status/403",2026-07-17T12:57:38.392954
francesoir,bd6t51290517,,failed,0,0,,http_manifest,known,403,manifest,"Client error '403 ' for url 'https://openapiproext.bnf.fr/iiif/presentation/v3/ark:/12148/bd6t51290517/manifest.json'
For more information check: https://developer.mozilla.org/en-US/docs/Web/HTTP/Status/403",2026-07-17T12:57:39.592917
francesoir,bd6t5129052m,,failed,0,0,,http_manifest,known,403,manifest,"Client error '403 ' for url 'https://openapiproext.bnf.fr/iiif/presentation/v3/ark:/12148/bd6t5129052m/manifest.json'
For more information check: https://developer.mozilla.org/en-US/docs/Web/HTTP/Status/403",2026-07-17T12:57:40.795094
francesoir,bd6t51290530,,failed,0,0,,http_manifest,known,403,manifest,"Client error '403 ' for url 'https://openapiproext.bnf.fr/iiif/presentation/v3/ark:/12148/bd6t51290530/manifest.json'
For more information check: https://developer.mozilla.org/en-US/docs/Web/HTTP/Status/403",2026-07-17T12:57:41.999122
francesoir,bd6t5129054c,,failed,0,0,,http_manifest,known,403,manifest,"Client error '403 ' for url 'https://openapiproext.bnf.fr/iiif/presentation/v3/ark:/12148/bd6t5129054c/manifest.json'
For more information check: https://developer.mozilla.org/en-US/docs/Web/HTTP/Status/403",2026-07-17T12:57:43.219769
francesoir,bd6t5129055r,,failed,0,0,,http_manifest,known,403,manifest,"Client error '403 ' for url 'https://openapiproext.bnf.fr/iiif/presentation/v3/ark:/12148/bd6t5129055r/manifest.json'
For more information check: https://developer.mozilla.org/en-US/docs/Web/HTTP/Status/403",2026-07-17T12:57:44.403153
francesoir,bd6t51290564,,failed,0,0,,http_manifest,known,403,manifest,"Client error '403 ' for url 'https://openapiproext.bnf.fr/iiif/presentation/v3/ark:/12148/bd6t51290564/manifest.json'
For more information check: https://developer.mozilla.org/en-US/docs/Web/HTTP/Status/403",2026-07-17T12:57:45.604614
francesoir,bd6t5129057h,,failed,0,0,,http_manifest,known,403,manifest,"Client error '403 ' for url 'https://openapiproext.bnf.fr/iiif/presentation/v3/ark:/12148/bd6t5129057h/manifest.json'
For more information check: https://developer.mozilla.org/en-US/docs/Web/HTTP/Status/403",2026-07-17T12:57:46.808252
francesoir,bd6t5129058w,,failed,0,0,,http_manifest,known,403,manifest,"Client error '403 ' for url 'https://openapiproext.bnf.fr/iiif/presentation/v3/ark:/12148/bd6t5129058w/manifest.json'
For more information check: https://developer.mozilla.org/en-US/docs/Web/HTTP/Status/403",2026-07-17T12:57:48.006574
francesoir,bd6t51290598,,failed,0,0,,http_manifest,known,403,manifest,"Client error '403 ' for url 'https://openapiproext.bnf.fr/iiif/presentation/v3/ark:/12148/bd6t51290598/manifest.json'
For more information check: https://developer.mozilla.org/en-US/docs/Web/HTTP/Status/403",2026-07-17T12:57:49.207860
francesoir,bd6t51290606,,failed,0,0,,http_manifest,known,403,manifest,"Client error '403 ' for url 'https://openapiproext.bnf.fr/iiif/presentation/v3/ark:/12148/bd6t51290606/manifest.json'
For more information check: https://developer.mozilla.org/en-US/docs/Web/HTTP/Status/403",2026-07-17T12:57:50.411561
francesoir,bd6t5129061k,,failed,0,0,,http_manifest,known,403,manifest,"Client error '403 ' for url 'https://openapiproext.bnf.fr/iiif/presentation/v3/ark:/12148/bd6t5129061k/manifest.json'
For more information check: https://developer.mozilla.org/en-US/docs/Web/HTTP/Status/403",2026-07-17T12:57:51.620131
francesoir,bd6t5129062z,,failed,0,0,,http_manifest,known,403,manifest,"Client error '403 ' for url 'https://openapiproext.bnf.fr/iiif/presentation/v3/ark:/12148/bd6t5129062z/manifest.json'
For more information check: https://developer.mozilla.org/en-US/docs/Web/HTTP/Status/403",2026-07-17T12:57:52.820276
francesoir,bd6t5129063b,,failed,0,0,,http_manifest,known,403,manifest,"Client error '403 ' for url 'https://openapiproext.bnf.fr/iiif/presentation/v3/ark:/12148/bd6t5129063b/manifest.json'
For more information check: https://developer.mozilla.org/en-US/docs/Web/HTTP/Status/403",2026-07-17T12:57:54.014256
francesoir,bd6t5129064q,,failed,0,0,,http_manifest,known,403,manifest,"Client error '403 ' for url 'https://openapiproext.bnf.fr/iiif/presentation/v3/ark:/12148/bd6t5129064q/manifest.json'
For more information check: https://developer.mozilla.org/en-US/docs/Web/HTTP/Status/403",2026-07-17T12:57:55.217328
francesoir,bd6t51290653,,failed,0,0,,http_manifest,known,403,manifest,"Client error '403 ' for url 'https://openapiproext.bnf.fr/iiif/presentation/v3/ark:/12148/bd6t51290653/manifest.json'
For more information check: https://developer.mozilla.org/en-US/docs/Web/HTTP/Status/403",2026-07-17T12:57:56.423221
francesoir,bd6t5129066g,,failed,0,0,,http_manifest,known,403,manifest,"Client error '403 ' for url 'https://openapiproext.bnf.fr/iiif/presentation/v3/ark:/12148/bd6t5129066g/manifest.json'
For more information check: https://developer.mozilla.org/en-US/docs/Web/HTTP/Status/403",2026-07-17T12:57:57.848960
francesoir,bd6t5129067v,,failed,0,0,,http_manifest,known,403,manifest,"Client error '403 ' for url 'https://openapiproext.bnf.fr/iiif/presentation/v3/ark:/12148/bd6t5129067v/manifest.json'
For more information check: https://developer.mozilla.org/en-US/docs/Web/HTTP/Status/403",2026-07-17T12:57:58.930211
francesoir,bd6t51290687,,failed,0,0,,http_manifest,known,403,manifest,"Client error '403 ' for url 'https://openapiproext.bnf.fr/iiif/presentation/v3/ark:/12148/bd6t51290687/manifest.json'
For more information check: https://developer.mozilla.org/en-US/docs/Web/HTTP/Status/403",2026-07-17T12:58:00.180720
francesoir,bd6t5129069m,,failed,0,0,,http_manifest,known,403,manifest,"Client error '403 ' for url 'https://openapiproext.bnf.fr/iiif/presentation/v3/ark:/12148/bd6t5129069m/manifest.json'
For more information check: https://developer.mozilla.org/en-US/docs/Web/HTTP/Status/403",2026-07-17T12:58:01.307730
francesoir,bd6t5129070j,,failed,0,0,,http_manifest,known,403,manifest,"Client error '403 ' for url 'https://openapiproext.bnf.fr/iiif/presentation/v3/ark:/12148/bd6t5129070j/manifest.json'
For more information check: https://developer.mozilla.org/en-US/docs/Web/HTTP/Status/403",2026-07-17T12:58:02.428945
francesoir,bd6t5129071x,,failed,0,0,,http_manifest,known,403,manifest,"Client error '403 ' for url 'https://openapiproext.bnf.fr/iiif/presentation/v3/ark:/12148/bd6t5129071x/manifest.json'
For more information check: https://developer.mozilla.org/en-US/docs/Web/HTTP/Status/403",2026-07-17T12:58:03.642338
francesoir,bd6t51290729,,failed,0,0,,http_manifest,known,403,manifest,"Client error '403 ' for url 'https://openapiproext.bnf.fr/iiif/presentation/v3/ark:/12148/bd6t51290729/manifest.json'
For more information check: https://developer.mozilla.org/en-US/docs/Web/HTTP/Status/403",2026-07-17T12:58:04.958393
francesoir,bd6t5129073p,,failed,0,0,,http_manifest,known,403,manifest,"Client error '403 ' for url 'https://openapiproext.bnf.fr/iiif/presentation/v3/ark:/12148/bd6t5129073p/manifest.json'
For more information check: https://developer.mozilla.org/en-US/docs/Web/HTTP/Status/403",2026-07-17T12:58:06.172027
francesoir,bd6t51290742,,failed,0,0,,http_manifest,known,403,manifest,"Client error '403 ' for url 'https://openapiproext.bnf.fr/iiif/presentation/v3/ark:/12148/bd6t51290742/manifest.json'
For more information check: https://developer.mozilla.org/en-US/docs/Web/HTTP/Status/403",2026-07-17T12:58:07.229873
francesoir,bd6t5129075f,,failed,0,0,,http_manifest,known,403,manifest,"Client error '403 ' for url 'https://openapiproext.bnf.fr/iiif/presentation/v3/ark:/12148/bd6t5129075f/manifest.json'
For more information check: https://developer.mozilla.org/en-US/docs/Web/HTTP/Status/403",2026-07-17T12:58:08.437474
francesoir,bd6t5129076t,,failed,0,0,,http_manifest,known,403,manifest,"Client error '403 ' for url 'https://openapiproext.bnf.fr/iiif/presentation/v3/ark:/12148/bd6t5129076t/manifest.json'
For more information check: https://developer.mozilla.org/en-US/docs/Web/HTTP/Status/403",2026-07-17T12:58:09.641987
francesoir,bd6t51290776,,failed,0,0,,http_manifest,known,403,manifest,"Client error '403 ' for url 'https://openapiproext.bnf.fr/iiif/presentation/v3/ark:/12148/bd6t51290776/manifest.json'
For more information check: https://developer.mozilla.org/en-US/docs/Web/HTTP/Status/403",2026-07-17T12:58:10.997922
francesoir,bd6t5129078k,,failed,0,0,,http_manifest,known,403,manifest,"Client error '403 ' for url 'https://openapiproext.bnf.fr/iiif/presentation/v3/ark:/12148/bd6t5129078k/manifest.json'
For more information check: https://developer.mozilla.org/en-US/docs/Web/HTTP/Status/403",2026-07-17T12:58:12.040217
francesoir,bd6t5129079z,,failed,0,0,,http_manifest,known,403,manifest,"Client error '403 ' for url 'https://openapiproext.bnf.fr/iiif/presentation/v3/ark:/12148/bd6t5129079z/manifest.json'
For more information check: https://developer.mozilla.org/en-US/docs/Web/HTTP/Status/403",2026-07-17T12:58:13.511069
francesoir,bd6t5129080w,,failed,0,0,,http_manifest,known,403,manifest,"Client error '403 ' for url 'https://openapiproext.bnf.fr/iiif/presentation/v3/ark:/12148/bd6t5129080w/manifest.json'
For more information check: https://developer.mozilla.org/en-US/docs/Web/HTTP/Status/403",2026-07-17T12:58:14.453225
francesoir,bd6t51290818,,failed,0,0,,http_manifest,known,403,manifest,"Client error '403 ' for url 'https://openapiproext.bnf.fr/iiif/presentation/v3/ark:/12148/bd6t51290818/manifest.json'
For more information check: https://developer.mozilla.org/en-US/docs/Web/HTTP/Status/403",2026-07-17T12:58:16.082223
francesoir,bd6t5129082n,,failed,0,0,,http_manifest,known,403,manifest,"Client error '403 ' for url 'https://openapiproext.bnf.fr/iiif/presentation/v3/ark:/12148/bd6t5129082n/manifest.json'
For more information check: https://developer.mozilla.org/en-US/docs/Web/HTTP/Status/403",2026-07-17T12:58:16.847359
francesoir,bd6t51290831,,failed,0,0,,http_manifest,known,403,manifest,"Client error '403 ' for url 'https://openapiproext.bnf.fr/iiif/presentation/v3/ark:/12148/bd6t51290831/manifest.json'
For more information check: https://developer.mozilla.org/en-US/docs/Web/HTTP/Status/403",2026-07-17T12:58:18.237472
francesoir,bd6t5129084d,,failed,0,0,,http_manifest,known,403,manifest,"Client error '403 ' for url 'https://openapiproext.bnf.fr/iiif/presentation/v3/ark:/12148/bd6t5129084d/manifest.json'
For more information check: https://developer.mozilla.org/en-US/docs/Web/HTTP/Status/403",2026-07-17T12:58:19.250996
francesoir,bd6t5130702t,,failed,0,0,,http_manifest,known,403,manifest,"Client error '403 ' for url 'https://openapiproext.bnf.fr/iiif/presentation/v3/ark:/12148/bd6t5130702t/manifest.json'
For more information check: https://developer.mozilla.org/en-US/docs/Web/HTTP/Status/403",2026-07-17T12:58:20.485668
francesoir,bd6t51307036,,failed,0,0,,http_manifest,known,403,manifest,"Client error '403 ' for url 'https://openapiproext.bnf.fr/iiif/presentation/v3/ark:/12148/bd6t51307036/manifest.json'
For more information check: https://developer.mozilla.org/en-US/docs/Web/HTTP/Status/403",2026-07-17T12:58:21.653244
francesoir,bd6t5130704k,,failed,0,0,,http_manifest,known,403,manifest,"Client error '403 ' for url 'https://openapiproext.bnf.fr/iiif/presentation/v3/ark:/12148/bd6t5130704k/manifest.json'
For more information check: https://developer.mozilla.org/en-US/docs/Web/HTTP/Status/403",2026-07-17T12:58:22.855588
francesoir,bd6t5130705z,,failed,0,0,,http_manifest,known,403,manifest,"Client error '403 ' for url 'https://openapiproext.bnf.fr/iiif/presentation/v3/ark:/12148/bd6t5130705z/manifest.json'
For more information check: https://developer.mozilla.org/en-US/docs/Web/HTTP/Status/403",2026-07-17T12:58:24.058633
francesoir,bd6t5130706b,,failed,0,0,,http_manifest,known,403,manifest,"Client error '403 ' for url 'https://openapiproext.bnf.fr/iiif/presentation/v3/ark:/12148/bd6t5130706b/manifest.json'
For more information check: https://developer.mozilla.org/en-US/docs/Web/HTTP/Status/403",2026-07-17T12:58:25.256153
francesoir,bd6t5130707q,,failed,0,0,,http_manifest,known,403,manifest,"Client error '403 ' for url 'https://openapiproext.bnf.fr/iiif/presentation/v3/ark:/12148/bd6t5130707q/manifest.json'
For more information check: https://developer.mozilla.org/en-US/docs/Web/HTTP/Status/403",2026-07-17T12:58:26.471125
francesoir,bd6t51307083,,failed,0,0,,http_manifest,known,403,manifest,"Client error '403 ' for url 'https://openapiproext.bnf.fr/iiif/presentation/v3/ark:/12148/bd6t51307083/manifest.json'
For more information check: https://developer.mozilla.org/en-US/docs/Web/HTTP/Status/403",2026-07-17T12:58:27.658533
francesoir,bd6t5130709g,,failed,0,0,,http_manifest,known,403,manifest,"Client error '403 ' for url 'https://openapiproext.bnf.fr/iiif/presentation/v3/ark:/12148/bd6t5130709g/manifest.json'
For more information check: https://developer.mozilla.org/en-US/docs/Web/HTTP/Status/403",2026-07-17T12:58:28.862447
francesoir,bd6t5130710d,,failed,0,0,,http_manifest,known,403,manifest,"Client error '403 ' for url 'https://openapiproext.bnf.fr/iiif/presentation/v3/ark:/12148/bd6t5130710d/manifest.json'
For more information check: https://developer.mozilla.org/en-US/docs/Web/HTTP/Status/403",2026-07-17T12:58:30.065147
francesoir,bd6t5130711s,,failed,0,0,,http_manifest,known,403,manifest,"Client error '403 ' for url 'https://openapiproext.bnf.fr/iiif/presentation/v3/ark:/12148/bd6t5130711s/manifest.json'
For more information check: https://developer.mozilla.org/en-US/docs/Web/HTTP/Status/403",2026-07-17T12:58:31.263844
francesoir,bd6t51307125,,failed,0,0,,http_manifest,known,403,manifest,"Client error '403 ' for url 'https://openapiproext.bnf.fr/iiif/presentation/v3/ark:/12148/bd6t51307125/manifest.json'
For more information check: https://developer.mozilla.org/en-US/docs/Web/HTTP/Status/403",2026-07-17T12:58:32.474345
francesoir,bd6t5130713j,,failed,0,0,,http_manifest,known,403,manifest,"Client error '403 ' for url 'https://openapiproext.bnf.fr/iiif/presentation/v3/ark:/12148/bd6t5130713j/manifest.json'
For more information check: https://developer.mozilla.org/en-US/docs/Web/HTTP/Status/403",2026-07-17T12:58:33.680031
francesoir,bd6t5130714x,,failed,0,0,,http_manifest,known,403,manifest,"Client error '403 ' for url 'https://openapiproext.bnf.fr/iiif/presentation/v3/ark:/12148/bd6t5130714x/manifest.json'
For more information check: https://developer.mozilla.org/en-US/docs/Web/HTTP/Status/403",2026-07-17T12:58:34.875753
francesoir,bd6t51307159,,failed,0,0,,http_manifest,known,403,manifest,"Client error '403 ' for url 'https://openapiproext.bnf.fr/iiif/presentation/v3/ark:/12148/bd6t51307159/manifest.json'
For more information check: https://developer.mozilla.org/en-US/docs/Web/HTTP/Status/403",2026-07-17T12:58:36.070352
francesoir,bd6t5130716p,,failed,0,0,,http_manifest,known,403,manifest,"Client error '403 ' for url 'https://openapiproext.bnf.fr/iiif/presentation/v3/ark:/12148/bd6t5130716p/manifest.json'
For more information check: https://developer.mozilla.org/en-US/docs/Web/HTTP/Status/403",2026-07-17T12:58:37.274191
francesoir,bd6t51307172,,failed,0,0,,http_manifest,known,403,manifest,"Client error '403 ' for url 'https://openapiproext.bnf.fr/iiif/presentation/v3/ark:/12148/bd6t51307172/manifest.json'
For more information check: https://developer.mozilla.org/en-US/docs/Web/HTTP/Status/403",2026-07-17T12:58:38.498425
francesoir,bd6t5130718f,,failed,0,0,,http_manifest,known,403,manifest,"Client error '403 ' for url 'https://openapiproext.bnf.fr/iiif/presentation/v3/ark:/12148/bd6t5130718f/manifest.json'
For more information check: https://developer.mozilla.org/en-US/docs/Web/HTTP/Status/403",2026-07-17T12:58:39.684821
francesoir,bd6t5130719t,,failed,0,0,,http_manifest,known,403,manifest,"Client error '403 ' for url 'https://openapiproext.bnf.fr/iiif/presentation/v3/ark:/12148/bd6t5130719t/manifest.json'
For more information check: https://developer.mozilla.org/en-US/docs/Web/HTTP/Status/403",2026-07-17T12:58:40.878502
francesoir,bd6t5130720r,,failed,0,0,,http_manifest,known,403,manifest,"Client error '403 ' for url 'https://openapiproext.bnf.fr/iiif/presentation/v3/ark:/12148/bd6t5130720r/manifest.json'
For more information check: https://developer.mozilla.org/en-US/docs/Web/HTTP/Status/403",2026-07-17T12:58:42.076743
francesoir,bd6t51307214,,failed,0,0,,http_manifest,known,403,manifest,"Client error '403 ' for url 'https://openapiproext.bnf.fr/iiif/presentation/v3/ark:/12148/bd6t51307214/manifest.json'
For more information check: https://developer.mozilla.org/en-US/docs/Web/HTTP/Status/403",2026-07-17T12:58:43.277063
francesoir,bd6t5130722h,,failed,0,0,,http_manifest,known,403,manifest,"Client error '403 ' for url 'https://openapiproext.bnf.fr/iiif/presentation/v3/ark:/12148/bd6t5130722h/manifest.json'
For more information check: https://developer.mozilla.org/en-US/docs/Web/HTTP/Status/403",2026-07-17T12:58:44.483173
francesoir,bd6t5130723w,,failed,0,0,,http_manifest,known,403,manifest,"Client error '403 ' for url 'https://openapiproext.bnf.fr/iiif/presentation/v3/ark:/12148/bd6t5130723w/manifest.json'
For more information check: https://developer.mozilla.org/en-US/docs/Web/HTTP/Status/403",2026-07-17T12:58:45.690863
francesoir,bd6t51307248,,failed,0,0,,http_manifest,known,403,manifest,"Client error '403 ' for url 'https://openapiproext.bnf.fr/iiif/presentation/v3/ark:/12148/bd6t51307248/manifest.json'
For more information check: https://developer.mozilla.org/en-US/docs/Web/HTTP/Status/403",2026-07-17T12:58:46.891102
francesoir,bd6t5130725n,,failed,0,0,,http_manifest,known,403,manifest,"Client error '403 ' for url 'https://openapiproext.bnf.fr/iiif/presentation/v3/ark:/12148/bd6t5130725n/manifest.json'
For more information check: https://developer.mozilla.org/en-US/docs/Web/HTTP/Status/403",2026-07-17T12:58:48.088057
francesoir,bd6t51307261,,failed,0,0,,http_manifest,known,403,manifest,"Client error '403 ' for url 'https://openapiproext.bnf.fr/iiif/presentation/v3/ark:/12148/bd6t51307261/manifest.json'
For more information check: https://developer.mozilla.org/en-US/docs/Web/HTTP/Status/403",2026-07-17T12:58:49.294271
francesoir,bd6t5130727d,,failed,0,0,,http_manifest,known,403,manifest,"Client error '403 ' for url 'https://openapiproext.bnf.fr/iiif/presentation/v3/ark:/12148/bd6t5130727d/manifest.json'
For more information check: https://developer.mozilla.org/en-US/docs/Web/HTTP/Status/403",2026-07-17T12:58:50.503004
francesoir,bd6t5130728s,,failed,0,0,,http_manifest,known,403,manifest,"Client error '403 ' for url 'https://openapiproext.bnf.fr/iiif/presentation/v3/ark:/12148/bd6t5130728s/manifest.json'
For more information check: https://developer.mozilla.org/en-US/docs/Web/HTTP/Status/403",2026-07-17T12:58:51.700460
francesoir,bd6t51307295,,failed,0,0,,http_manifest,known,403,manifest,"Client error '403 ' for url 'https://openapiproext.bnf.fr/iiif/presentation/v3/ark:/12148/bd6t51307295/manifest.json'
For more information check: https://developer.mozilla.org/en-US/docs/Web/HTTP/Status/403",2026-07-17T12:58:52.892096
francesoir,bd6t51307303,,failed,0,0,,http_manifest,known,403,manifest,"Client error '403 ' for url 'https://openapiproext.bnf.fr/iiif/presentation/v3/ark:/12148/bd6t51307303/manifest.json'
For more information check: https://developer.mozilla.org/en-US/docs/Web/HTTP/Status/403",2026-07-17T12:58:54.094537
francesoir,bd6t5130731g,,failed,0,0,,http_manifest,known,403,manifest,"Client error '403 ' for url 'https://openapiproext.bnf.fr/iiif/presentation/v3/ark:/12148/bd6t5130731g/manifest.json'
For more information check: https://developer.mozilla.org/en-US/docs/Web/HTTP/Status/403",2026-07-17T12:58:55.292231
francesoir,bd6t51307337,,failed,0,0,,http_manifest,known,403,manifest,"Client error '403 ' for url 'https://openapiproext.bnf.fr/iiif/presentation/v3/ark:/12148/bd6t51307337/manifest.json'
For more information check: https://developer.mozilla.org/en-US/docs/Web/HTTP/Status/403",2026-07-17T12:58:56.516143
francesoir,bd6t5130732v,,failed,0,0,,http_manifest,known,403,manifest,"Client error '403 ' for url 'https://openapiproext.bnf.fr/iiif/presentation/v3/ark:/12148/bd6t5130732v/manifest.json'
For more information check: https://developer.mozilla.org/en-US/docs/Web/HTTP/Status/403",2026-07-17T12:58:57.703384
francesoir,bd6t5130734m,,failed,0,0,,http_manifest,known,403,manifest,"Client error '403 ' for url 'https://openapiproext.bnf.fr/iiif/presentation/v3/ark:/12148/bd6t5130734m/manifest.json'
For more information check: https://developer.mozilla.org/en-US/docs/Web/HTTP/Status/403",2026-07-17T12:58:58.984495
francesoir,bd6t51307350,,failed,0,0,,http_manifest,known,403,manifest,"Client error '403 ' for url 'https://openapiproext.bnf.fr/iiif/presentation/v3/ark:/12148/bd6t51307350/manifest.json'
For more information check: https://developer.mozilla.org/en-US/docs/Web/HTTP/Status/403",2026-07-17T12:59:00.217743
francesoir,bd6t5130736c,,failed,0,0,,http_manifest,known,403,manifest,"Client error '403 ' for url 'https://openapiproext.bnf.fr/iiif/presentation/v3/ark:/12148/bd6t5130736c/manifest.json'
For more information check: https://developer.mozilla.org/en-US/docs/Web/HTTP/Status/403",2026-07-17T12:59:01.350704
francesoir,bd6t5130737r,,failed,0,0,,http_manifest,known,403,manifest,"Client error '403 ' for url 'https://openapiproext.bnf.fr/iiif/presentation/v3/ark:/12148/bd6t5130737r/manifest.json'
For more information check: https://developer.mozilla.org/en-US/docs/Web/HTTP/Status/403",2026-07-17T12:59:02.501638
francesoir,bd6t51307384,,failed,0,0,,http_manifest,known,403,manifest,"Client error '403 ' for url 'https://openapiproext.bnf.fr/iiif/presentation/v3/ark:/12148/bd6t51307384/manifest.json'
For more information check: https://developer.mozilla.org/en-US/docs/Web/HTTP/Status/403",2026-07-17T12:59:03.876321
francesoir,bd6t5130739h,,failed,0,0,,http_manifest,known,403,manifest,"Client error '403 ' for url 'https://openapiproext.bnf.fr/iiif/presentation/v3/ark:/12148/bd6t5130739h/manifest.json'
For more information check: https://developer.mozilla.org/en-US/docs/Web/HTTP/Status/403",2026-07-17T12:59:04.987749
francesoir,bd6t5130740f,,failed,0,0,,http_manifest,known,403,manifest,"Client error '403 ' for url 'https://openapiproext.bnf.fr/iiif/presentation/v3/ark:/12148/bd6t5130740f/manifest.json'
For more information check: https://developer.mozilla.org/en-US/docs/Web/HTTP/Status/403",2026-07-17T12:59:06.238299
francesoir,bd6t5130741t,,failed,0,0,,http_manifest,known,403,manifest,"Client error '403 ' for url 'https://openapiproext.bnf.fr/iiif/presentation/v3/ark:/12148/bd6t5130741t/manifest.json'
For more information check: https://developer.mozilla.org/en-US/docs/Web/HTTP/Status/403",2026-07-17T12:59:07.310133
francesoir,bd6t51307426,,failed,0,0,,http_manifest,known,403,manifest,"Client error '403 ' for url 'https://openapiproext.bnf.fr/iiif/presentation/v3/ark:/12148/bd6t51307426/manifest.json'
For more information check: https://developer.mozilla.org/en-US/docs/Web/HTTP/Status/403",2026-07-17T12:59:08.512328
francesoir,bd6t5130743k,,failed,0,0,,http_manifest,known,403,manifest,"Client error '403 ' for url 'https://openapiproext.bnf.fr/iiif/presentation/v3/ark:/12148/bd6t5130743k/manifest.json'
For more information check: https://developer.mozilla.org/en-US/docs/Web/HTTP/Status/403",2026-07-17T12:59:09.818506
francesoir,bd6t5130744z,,failed,0,0,,http_manifest,known,403,manifest,"Client error '403 ' for url 'https://openapiproext.bnf.fr/iiif/presentation/v3/ark:/12148/bd6t5130744z/manifest.json'
For more information check: https://developer.mozilla.org/en-US/docs/Web/HTTP/Status/403",2026-07-17T12:59:10.994571
francesoir,bd6t5130745b,,failed,0,0,,http_manifest,known,403,manifest,"Client error '403 ' for url 'https://openapiproext.bnf.fr/iiif/presentation/v3/ark:/12148/bd6t5130745b/manifest.json'
For more information check: https://developer.mozilla.org/en-US/docs/Web/HTTP/Status/403",2026-07-17T12:59:12.321384
francesoir,bd6t5130746q,,failed,0,0,,http_manifest,known,403,manifest,"Client error '403 ' for url 'https://openapiproext.bnf.fr/iiif/presentation/v3/ark:/12148/bd6t5130746q/manifest.json'
For more information check: https://developer.mozilla.org/en-US/docs/Web/HTTP/Status/403",2026-07-17T12:59:13.320804
francesoir,bd6t51307473,,failed,0,0,,http_manifest,known,403,manifest,"Client error '403 ' for url 'https://openapiproext.bnf.fr/iiif/presentation/v3/ark:/12148/bd6t51307473/manifest.json'
For more information check: https://developer.mozilla.org/en-US/docs/Web/HTTP/Status/403",2026-07-17T12:59:14.742205
francesoir,bd6t5130748g,,failed,0,0,,http_manifest,known,403,manifest,"Client error '403 ' for url 'https://openapiproext.bnf.fr/iiif/presentation/v3/ark:/12148/bd6t5130748g/manifest.json'
For more information check: https://developer.mozilla.org/en-US/docs/Web/HTTP/Status/403",2026-07-17T12:59:15.720125
francesoir,bd6t5130749v,,failed,0,0,,http_manifest,known,403,manifest,"Client error '403 ' for url 'https://openapiproext.bnf.fr/iiif/presentation/v3/ark:/12148/bd6t5130749v/manifest.json'
For more information check: https://developer.mozilla.org/en-US/docs/Web/HTTP/Status/403",2026-07-17T12:59:17.121043
francesoir,bd6t5130750s,,failed,0,0,,http_manifest,known,403,manifest,"Client error '403 ' for url 'https://openapiproext.bnf.fr/iiif/presentation/v3/ark:/12148/bd6t5130750s/manifest.json'
For more information check: https://developer.mozilla.org/en-US/docs/Web/HTTP/Status/403",2026-07-17T12:59:18.198227
francesoir,bd6t51307515,,failed,0,0,,http_manifest,known,403,manifest,"Client error '403 ' for url 'https://openapiproext.bnf.fr/iiif/presentation/v3/ark:/12148/bd6t51307515/manifest.json'
For more information check: https://developer.mozilla.org/en-US/docs/Web/HTTP/Status/403",2026-07-17T12:59:19.334768
francesoir,bd6t5130752j,,failed,0,0,,http_manifest,known,403,manifest,"Client error '403 ' for url 'https://openapiproext.bnf.fr/iiif/presentation/v3/ark:/12148/bd6t5130752j/manifest.json'
For more information check: https://developer.mozilla.org/en-US/docs/Web/HTTP/Status/403",2026-07-17T12:59:20.533412
francesoir,bd6t5130753x,,failed,0,0,,http_manifest,known,403,manifest,"Client error '403 ' for url 'https://openapiproext.bnf.fr/iiif/presentation/v3/ark:/12148/bd6t5130753x/manifest.json'
For more information check: https://developer.mozilla.org/en-US/docs/Web/HTTP/Status/403",2026-07-17T12:59:21.739142
francesoir,bd6t51307549,,failed,0,0,,http_manifest,known,403,manifest,"Client error '403 ' for url 'https://openapiproext.bnf.fr/iiif/presentation/v3/ark:/12148/bd6t51307549/manifest.json'
For more information check: https://developer.mozilla.org/en-US/docs/Web/HTTP/Status/403",2026-07-17T12:59:22.933297
francesoir,bd6t5130755p,,failed,0,0,,http_manifest,known,403,manifest,"Client error '403 ' for url 'https://openapiproext.bnf.fr/iiif/presentation/v3/ark:/12148/bd6t5130755p/manifest.json'
For more information check: https://developer.mozilla.org/en-US/docs/Web/HTTP/Status/403",2026-07-17T12:59:24.132398
francesoir,bd6t51307562,,failed,0,0,,http_manifest,known,403,manifest,"Client error '403 ' for url 'https://openapiproext.bnf.fr/iiif/presentation/v3/ark:/12148/bd6t51307562/manifest.json'
For more information check: https://developer.mozilla.org/en-US/docs/Web/HTTP/Status/403",2026-07-17T12:59:25.335329
francesoir,bd6t5130757f,,failed,0,0,,http_manifest,known,403,manifest,"Client error '403 ' for url 'https://openapiproext.bnf.fr/iiif/presentation/v3/ark:/12148/bd6t5130757f/manifest.json'
For more information check: https://developer.mozilla.org/en-US/docs/Web/HTTP/Status/403",2026-07-17T12:59:26.537101
francesoir,bd6t5130758t,,failed,0,0,,http_manifest,known,403,manifest,"Client error '403 ' for url 'https://openapiproext.bnf.fr/iiif/presentation/v3/ark:/12148/bd6t5130758t/manifest.json'
For more information check: https://developer.mozilla.org/en-US/docs/Web/HTTP/Status/403",2026-07-17T12:59:27.743379
francesoir,bd6t51307596,,failed,0,0,,http_manifest,known,403,manifest,"Client error '403 ' for url 'https://openapiproext.bnf.fr/iiif/presentation/v3/ark:/12148/bd6t51307596/manifest.json'
For more information check: https://developer.mozilla.org/en-US/docs/Web/HTTP/Status/403",2026-07-17T12:59:28.938957
francesoir,bd6t51307604,,failed,0,0,,http_manifest,known,403,manifest,"Client error '403 ' for url 'https://openapiproext.bnf.fr/iiif/presentation/v3/ark:/12148/bd6t51307604/manifest.json'
For more information check: https://developer.mozilla.org/en-US/docs/Web/HTTP/Status/403",2026-07-17T12:59:30.155626
francesoir,bd6t5130761h,,failed,0,0,,http_manifest,known,403,manifest,"Client error '403 ' for url 'https://openapiproext.bnf.fr/iiif/presentation/v3/ark:/12148/bd6t5130761h/manifest.json'
For more information check: https://developer.mozilla.org/en-US/docs/Web/HTTP/Status/403",2026-07-17T12:59:31.340893
francesoir,bd6t5130762w,,failed,0,0,,http_manifest,known,403,manifest,"Client error '403 ' for url 'https://openapiproext.bnf.fr/iiif/presentation/v3/ark:/12148/bd6t5130762w/manifest.json'
For more information check: https://developer.mozilla.org/en-US/docs/Web/HTTP/Status/403",2026-07-17T12:59:32.542094
francesoir,bd6t51307638,,failed,0,0,,http_manifest,known,403,manifest,"Client error '403 ' for url 'https://openapiproext.bnf.fr/iiif/presentation/v3/ark:/12148/bd6t51307638/manifest.json'
For more information check: https://developer.mozilla.org/en-US/docs/Web/HTTP/Status/403",2026-07-17T12:59:33.741985
francesoir,bd6t5130764n,,failed,0,0,,http_manifest,known,403,manifest,"Client error '403 ' for url 'https://openapiproext.bnf.fr/iiif/presentation/v3/ark:/12148/bd6t5130764n/manifest.json'
For more information check: https://developer.mozilla.org/en-US/docs/Web/HTTP/Status/403",2026-07-17T12:59:34.944679
francesoir,bd6t51307651,,failed,0,0,,http_manifest,known,403,manifest,"Client error '403 ' for url 'https://openapiproext.bnf.fr/iiif/presentation/v3/ark:/12148/bd6t51307651/manifest.json'
For more information check: https://developer.mozilla.org/en-US/docs/Web/HTTP/Status/403",2026-07-17T12:59:36.145230
francesoir,bd6t5130766d,,failed,0,0,,http_manifest,known,403,manifest,"Client error '403 ' for url 'https://openapiproext.bnf.fr/iiif/presentation/v3/ark:/12148/bd6t5130766d/manifest.json'
For more information check: https://developer.mozilla.org/en-US/docs/Web/HTTP/Status/403",2026-07-17T12:59:37.347618
francesoir,bd6t5130767s,,failed,0,0,,http_manifest,known,403,manifest,"Client error '403 ' for url 'https://openapiproext.bnf.fr/iiif/presentation/v3/ark:/12148/bd6t5130767s/manifest.json'
For more information check: https://developer.mozilla.org/en-US/docs/Web/HTTP/Status/403",2026-07-17T12:59:38.547565
francesoir,bd6t51307685,,failed,0,0,,http_manifest,known,403,manifest,"Client error '403 ' for url 'https://openapiproext.bnf.fr/iiif/presentation/v3/ark:/12148/bd6t51307685/manifest.json'
For more information check: https://developer.mozilla.org/en-US/docs/Web/HTTP/Status/403",2026-07-17T12:59:39.753980
francesoir,bd6t5130769j,,failed,0,0,,http_manifest,known,403,manifest,"Client error '403 ' for url 'https://openapiproext.bnf.fr/iiif/presentation/v3/ark:/12148/bd6t5130769j/manifest.json'
For more information check: https://developer.mozilla.org/en-US/docs/Web/HTTP/Status/403",2026-07-17T12:59:40.959569
francesoir,bd6t5130770g,,failed,0,0,,http_manifest,known,403,manifest,"Client error '403 ' for url 'https://openapiproext.bnf.fr/iiif/presentation/v3/ark:/12148/bd6t5130770g/manifest.json'
For more information check: https://developer.mozilla.org/en-US/docs/Web/HTTP/Status/403",2026-07-17T12:59:42.170012
francesoir,bd6t5130771v,,failed,0,0,,http_manifest,known,403,manifest,"Client error '403 ' for url 'https://openapiproext.bnf.fr/iiif/presentation/v3/ark:/12148/bd6t5130771v/manifest.json'
For more information check: https://developer.mozilla.org/en-US/docs/Web/HTTP/Status/403",2026-07-17T12:59:43.355869
francesoir,bd6t51307727,,failed,0,0,,http_manifest,known,403,manifest,"Client error '403 ' for url 'https://openapiproext.bnf.fr/iiif/presentation/v3/ark:/12148/bd6t51307727/manifest.json'
For more information check: https://developer.mozilla.org/en-US/docs/Web/HTTP/Status/403",2026-07-17T12:59:44.556549
francesoir,bd6t5130773m,,failed,0,0,,http_manifest,known,403,manifest,"Client error '403 ' for url 'https://openapiproext.bnf.fr/iiif/presentation/v3/ark:/12148/bd6t5130773m/manifest.json'
For more information check: https://developer.mozilla.org/en-US/docs/Web/HTTP/Status/403",2026-07-17T12:59:45.758097
francesoir,bd6t51307740,,failed,0,0,,http_manifest,known,403,manifest,"Client error '403 ' for url 'https://openapiproext.bnf.fr/iiif/presentation/v3/ark:/12148/bd6t51307740/manifest.json'
For more information check: https://developer.mozilla.org/en-US/docs/Web/HTTP/Status/403",2026-07-17T12:59:46.959821
francesoir,bd6t5130775c,,failed,0,0,,http_manifest,known,403,manifest,"Client error '403 ' for url 'https://openapiproext.bnf.fr/iiif/presentation/v3/ark:/12148/bd6t5130775c/manifest.json'
For more information check: https://developer.mozilla.org/en-US/docs/Web/HTTP/Status/403",2026-07-17T12:59:48.175881
francesoir,bd6t5130776r,,failed,0,0,,http_manifest,known,403,manifest,"Client error '403 ' for url 'https://openapiproext.bnf.fr/iiif/presentation/v3/ark:/12148/bd6t5130776r/manifest.json'
For more information check: https://developer.mozilla.org/en-US/docs/Web/HTTP/Status/403",2026-07-17T12:59:49.365441
francesoir,bd6t51307774,,failed,0,0,,http_manifest,known,403,manifest,"Client error '403 ' for url 'https://openapiproext.bnf.fr/iiif/presentation/v3/ark:/12148/bd6t51307774/manifest.json'
For more information check: https://developer.mozilla.org/en-US/docs/Web/HTTP/Status/403",2026-07-17T12:59:50.570752
francesoir,bd6t5130778h,,failed,0,0,,http_manifest,known,403,manifest,"Client error '403 ' for url 'https://openapiproext.bnf.fr/iiif/presentation/v3/ark:/12148/bd6t5130778h/manifest.json'
For more information check: https://developer.mozilla.org/en-US/docs/Web/HTTP/Status/403",2026-07-17T12:59:51.766397
francesoir,bd6t5130779w,,failed,0,0,,http_manifest,known,403,manifest,"Client error '403 ' for url 'https://openapiproext.bnf.fr/iiif/presentation/v3/ark:/12148/bd6t5130779w/manifest.json'
For more information check: https://developer.mozilla.org/en-US/docs/Web/HTTP/Status/403",2026-07-17T12:59:52.972416
francesoir,bd6t5130780t,,failed,0,0,,http_manifest,known,403,manifest,"Client error '403 ' for url 'https://openapiproext.bnf.fr/iiif/presentation/v3/ark:/12148/bd6t5130780t/manifest.json'
For more information check: https://developer.mozilla.org/en-US/docs/Web/HTTP/Status/403",2026-07-17T12:59:54.170331
francesoir,bd6t51307816,,failed,0,0,,http_manifest,known,403,manifest,"Client error '403 ' for url 'https://openapiproext.bnf.fr/iiif/presentation/v3/ark:/12148/bd6t51307816/manifest.json'
For more information check: https://developer.mozilla.org/en-US/docs/Web/HTTP/Status/403",2026-07-17T12:59:55.370637
francesoir,bd6t51276675,,failed,0,0,,http_manifest,known,403,manifest,"Client error '403 ' for url 'https://openapiproext.bnf.fr/iiif/presentation/v3/ark:/12148/bd6t51276675/manifest.json'
For more information check: https://developer.mozilla.org/en-US/docs/Web/HTTP/Status/403",2026-07-17T12:59:56.569981
francesoir,bd6t5127668j,,failed,0,0,,http_manifest,known,403,manifest,"Client error '403 ' for url 'https://openapiproext.bnf.fr/iiif/presentation/v3/ark:/12148/bd6t5127668j/manifest.json'
For more information check: https://developer.mozilla.org/en-US/docs/Web/HTTP/Status/403",2026-07-17T12:59:57.775227
francesoir,bd6t5127669x,,failed,0,0,,http_manifest,known,403,manifest,"Client error '403 ' for url 'https://openapiproext.bnf.fr/iiif/presentation/v3/ark:/12148/bd6t5127669x/manifest.json'
For more information check: https://developer.mozilla.org/en-US/docs/Web/HTTP/Status/403",2026-07-17T12:59:59.058517
francesoir,bd6t5127670v,,failed,0,0,,http_manifest,known,403,manifest,"Client error '403 ' for url 'https://openapiproext.bnf.fr/iiif/presentation/v3/ark:/12148/bd6t5127670v/manifest.json'
For more information check: https://developer.mozilla.org/en-US/docs/Web/HTTP/Status/403",2026-07-17T13:00:00.267710
francesoir,bd6t51276717,,failed,0,0,,http_manifest,known,403,manifest,"Client error '403 ' for url 'https://openapiproext.bnf.fr/iiif/presentation/v3/ark:/12148/bd6t51276717/manifest.json'
For more information check: https://developer.mozilla.org/en-US/docs/Web/HTTP/Status/403",2026-07-17T13:00:01.553571
francesoir,bd6t5127672m,,failed,0,0,,http_manifest,known,403,manifest,"Client error '403 ' for url 'https://openapiproext.bnf.fr/iiif/presentation/v3/ark:/12148/bd6t5127672m/manifest.json'
For more information check: https://developer.mozilla.org/en-US/docs/Web/HTTP/Status/403",2026-07-17T13:00:02.586077
francesoir,bd6t51276730,,failed,0,0,,http_manifest,known,403,manifest,"Client error '403 ' for url 'https://openapiproext.bnf.fr/iiif/presentation/v3/ark:/12148/bd6t51276730/manifest.json'
For more information check: https://developer.mozilla.org/en-US/docs/Web/HTTP/Status/403",2026-07-17T13:00:03.987618
francesoir,bd6t5127674c,,failed,0,0,,http_manifest,known,403,manifest,"Client error '403 ' for url 'https://openapiproext.bnf.fr/iiif/presentation/v3/ark:/12148/bd6t5127674c/manifest.json'
For more information check: https://developer.mozilla.org/en-US/docs/Web/HTTP/Status/403",2026-07-17T13:00:05.154948
francesoir,bd6t5127675r,,failed,0,0,,http_manifest,known,403,manifest,"Client error '403 ' for url 'https://openapiproext.bnf.fr/iiif/presentation/v3/ark:/12148/bd6t5127675r/manifest.json'
For more information check: https://developer.mozilla.org/en-US/docs/Web/HTTP/Status/403",2026-07-17T13:00:06.403989
francesoir,bd6t51276764,,failed,0,0,,http_manifest,known,403,manifest,"Client error '403 ' for url 'https://openapiproext.bnf.fr/iiif/presentation/v3/ark:/12148/bd6t51276764/manifest.json'
For more information check: https://developer.mozilla.org/en-US/docs/Web/HTTP/Status/403",2026-07-17T13:00:07.590139
francesoir,bd6t5127677h,,failed,0,0,,http_manifest,known,403,manifest,"Client error '403 ' for url 'https://openapiproext.bnf.fr/iiif/presentation/v3/ark:/12148/bd6t5127677h/manifest.json'
For more information check: https://developer.mozilla.org/en-US/docs/Web/HTTP/Status/403",2026-07-17T13:00:08.588202
francesoir,bd6t5127678w,,failed,0,0,,http_manifest,known,403,manifest,"Client error '403 ' for url 'https://openapiproext.bnf.fr/iiif/presentation/v3/ark:/12148/bd6t5127678w/manifest.json'
For more information check: https://developer.mozilla.org/en-US/docs/Web/HTTP/Status/403",2026-07-17T13:00:09.788534
francesoir,bd6t51276798,,failed,0,0,,http_manifest,known,403,manifest,"Client error '403 ' for url 'https://openapiproext.bnf.fr/iiif/presentation/v3/ark:/12148/bd6t51276798/manifest.json'
For more information check: https://developer.mozilla.org/en-US/docs/Web/HTTP/Status/403",2026-07-17T13:00:11.050097
francesoir,bd6t51276806,,failed,0,0,,http_manifest,known,403,manifest,"Client error '403 ' for url 'https://openapiproext.bnf.fr/iiif/presentation/v3/ark:/12148/bd6t51276806/manifest.json'
For more information check: https://developer.mozilla.org/en-US/docs/Web/HTTP/Status/403",2026-07-17T13:00:12.194933
francesoir,bd6t5127681k,,failed,0,0,,http_manifest,known,403,manifest,"Client error '403 ' for url 'https://openapiproext.bnf.fr/iiif/presentation/v3/ark:/12148/bd6t5127681k/manifest.json'
For more information check: https://developer.mozilla.org/en-US/docs/Web/HTTP/Status/403",2026-07-17T13:00:13.578395
francesoir,bd6t5127682z,,failed,0,0,,http_manifest,known,403,manifest,"Client error '403 ' for url 'https://openapiproext.bnf.fr/iiif/presentation/v3/ark:/12148/bd6t5127682z/manifest.json'
For more information check: https://developer.mozilla.org/en-US/docs/Web/HTTP/Status/403",2026-07-17T13:00:14.604110
francesoir,bd6t5127683b,,failed,0,0,,http_manifest,known,403,manifest,"Client error '403 ' for url 'https://openapiproext.bnf.fr/iiif/presentation/v3/ark:/12148/bd6t5127683b/manifest.json'
For more information check: https://developer.mozilla.org/en-US/docs/Web/HTTP/Status/403",2026-07-17T13:00:15.794718
francesoir,bd6t5127684q,,failed,0,0,,http_manifest,known,403,manifest,"Client error '403 ' for url 'https://openapiproext.bnf.fr/iiif/presentation/v3/ark:/12148/bd6t5127684q/manifest.json'
For more information check: https://developer.mozilla.org/en-US/docs/Web/HTTP/Status/403",2026-07-17T13:00:16.994516
francesoir,bd6t51276853,,failed,0,0,,http_manifest,known,403,manifest,"Client error '403 ' for url 'https://openapiproext.bnf.fr/iiif/presentation/v3/ark:/12148/bd6t51276853/manifest.json'
For more information check: https://developer.mozilla.org/en-US/docs/Web/HTTP/Status/403",2026-07-17T13:00:18.281832
francesoir,bd6t5127686g,,failed,0,0,,http_manifest,known,403,manifest,"Client error '403 ' for url 'https://openapiproext.bnf.fr/iiif/presentation/v3/ark:/12148/bd6t5127686g/manifest.json'
For more information check: https://developer.mozilla.org/en-US/docs/Web/HTTP/Status/403",2026-07-17T13:00:19.399054
francesoir,bd6t5127687v,,failed,0,0,,http_manifest,known,403,manifest,"Client error '403 ' for url 'https://openapiproext.bnf.fr/iiif/presentation/v3/ark:/12148/bd6t5127687v/manifest.json'
For more information check: https://developer.mozilla.org/en-US/docs/Web/HTTP/Status/403",2026-07-17T13:00:20.621477
francesoir,bd6t51276887,,failed,0,0,,http_manifest,known,403,manifest,"Client error '403 ' for url 'https://openapiproext.bnf.fr/iiif/presentation/v3/ark:/12148/bd6t51276887/manifest.json'
For more information check: https://developer.mozilla.org/en-US/docs/Web/HTTP/Status/403",2026-07-17T13:00:21.803952
francesoir,bd6t5127689m,,failed,0,0,,http_manifest,known,403,manifest,"Client error '403 ' for url 'https://openapiproext.bnf.fr/iiif/presentation/v3/ark:/12148/bd6t5127689m/manifest.json'
For more information check: https://developer.mozilla.org/en-US/docs/Web/HTTP/Status/403",2026-07-17T13:00:23.010859
francesoir,bd6t5127690j,,failed,0,0,,http_manifest,known,403,manifest,"Client error '403 ' for url 'https://openapiproext.bnf.fr/iiif/presentation/v3/ark:/12148/bd6t5127690j/manifest.json'
For more information check: https://developer.mozilla.org/en-US/docs/Web/HTTP/Status/403",2026-07-17T13:00:24.213241
francesoir,bd6t5127691x,,failed,0,0,,http_manifest,known,403,manifest,"Client error '403 ' for url 'https://openapiproext.bnf.fr/iiif/presentation/v3/ark:/12148/bd6t5127691x/manifest.json'
For more information check: https://developer.mozilla.org/en-US/docs/Web/HTTP/Status/403",2026-07-17T13:00:25.434480
francesoir,bd6t51276929,,failed,0,0,,http_manifest,known,403,manifest,"Client error '403 ' for url 'https://openapiproext.bnf.fr/iiif/presentation/v3/ark:/12148/bd6t51276929/manifest.json'
For more information check: https://developer.mozilla.org/en-US/docs/Web/HTTP/Status/403",2026-07-17T13:00:26.613247
francesoir,bd6t5127693p,,failed,0,0,,http_manifest,known,403,manifest,"Client error '403 ' for url 'https://openapiproext.bnf.fr/iiif/presentation/v3/ark:/12148/bd6t5127693p/manifest.json'
For more information check: https://developer.mozilla.org/en-US/docs/Web/HTTP/Status/403",2026-07-17T13:00:27.818711
francesoir,bd6t51276942,,failed,0,0,,http_manifest,known,403,manifest,"Client error '403 ' for url 'https://openapiproext.bnf.fr/iiif/presentation/v3/ark:/12148/bd6t51276942/manifest.json'
For more information check: https://developer.mozilla.org/en-US/docs/Web/HTTP/Status/403",2026-07-17T13:00:29.016194
francesoir,bd6t5127695f,,failed,0,0,,http_manifest,known,403,manifest,"Client error '403 ' for url 'https://openapiproext.bnf.fr/iiif/presentation/v3/ark:/12148/bd6t5127695f/manifest.json'
For more information check: https://developer.mozilla.org/en-US/docs/Web/HTTP/Status/403",2026-07-17T13:00:30.222275
francesoir,bd6t5127696t,,failed,0,0,,http_manifest,known,403,manifest,"Client error '403 ' for url 'https://openapiproext.bnf.fr/iiif/presentation/v3/ark:/12148/bd6t5127696t/manifest.json'
For more information check: https://developer.mozilla.org/en-US/docs/Web/HTTP/Status/403",2026-07-17T13:00:31.424353
francesoir,bd6t51276976,,failed,0,0,,http_manifest,known,403,manifest,"Client error '403 ' for url 'https://openapiproext.bnf.fr/iiif/presentation/v3/ark:/12148/bd6t51276976/manifest.json'
For more information check: https://developer.mozilla.org/en-US/docs/Web/HTTP/Status/403",2026-07-17T13:00:32.651702
francesoir,bd6t5127698k,,failed,0,0,,http_manifest,known,403,manifest,"Client error '403 ' for url 'https://openapiproext.bnf.fr/iiif/presentation/v3/ark:/12148/bd6t5127698k/manifest.json'
For more information check: https://developer.mozilla.org/en-US/docs/Web/HTTP/Status/403",2026-07-17T13:00:33.828902
francesoir,bd6t5127699z,,failed,0,0,,http_manifest,known,403,manifest,"Client error '403 ' for url 'https://openapiproext.bnf.fr/iiif/presentation/v3/ark:/12148/bd6t5127699z/manifest.json'
For more information check: https://developer.mozilla.org/en-US/docs/Web/HTTP/Status/403",2026-07-17T13:00:35.039081
francesoir,bd6t5127700r,,failed,0,0,,http_manifest,known,403,manifest,"Client error '403 ' for url 'https://openapiproext.bnf.fr/iiif/presentation/v3/ark:/12148/bd6t5127700r/manifest.json'
For more information check: https://developer.mozilla.org/en-US/docs/Web/HTTP/Status/403",2026-07-17T13:00:36.228833
francesoir,bd6t51277014,,failed,0,0,,http_manifest,known,403,manifest,"Client error '403 ' for url 'https://openapiproext.bnf.fr/iiif/presentation/v3/ark:/12148/bd6t51277014/manifest.json'
For more information check: https://developer.mozilla.org/en-US/docs/Web/HTTP/Status/403",2026-07-17T13:00:37.455947
francesoir,bd6t5127702h,,failed,0,0,,http_manifest,known,403,manifest,"Client error '403 ' for url 'https://openapiproext.bnf.fr/iiif/presentation/v3/ark:/12148/bd6t5127702h/manifest.json'
For more information check: https://developer.mozilla.org/en-US/docs/Web/HTTP/Status/403",2026-07-17T13:00:38.642619
francesoir,bd6t5127703w,,failed,0,0,,http_manifest,known,403,manifest,"Client error '403 ' for url 'https://openapiproext.bnf.fr/iiif/presentation/v3/ark:/12148/bd6t5127703w/manifest.json'
For more information check: https://developer.mozilla.org/en-US/docs/Web/HTTP/Status/403",2026-07-17T13:00:39.839756
francesoir,bd6t51277048,,failed,0,0,,http_manifest,known,403,manifest,"Client error '403 ' for url 'https://openapiproext.bnf.fr/iiif/presentation/v3/ark:/12148/bd6t51277048/manifest.json'
For more information check: https://developer.mozilla.org/en-US/docs/Web/HTTP/Status/403",2026-07-17T13:00:41.033808
francesoir,bd6t5127705n,,failed,0,0,,http_manifest,known,403,manifest,"Client error '403 ' for url 'https://openapiproext.bnf.fr/iiif/presentation/v3/ark:/12148/bd6t5127705n/manifest.json'
For more information check: https://developer.mozilla.org/en-US/docs/Web/HTTP/Status/403",2026-07-17T13:00:42.239906
francesoir,bd6t51277061,,failed,0,0,,http_manifest,known,403,manifest,"Client error '403 ' for url 'https://openapiproext.bnf.fr/iiif/presentation/v3/ark:/12148/bd6t51277061/manifest.json'
For more information check: https://developer.mozilla.org/en-US/docs/Web/HTTP/Status/403",2026-07-17T13:00:43.444275
francesoir,bd6t5127707d,,failed,0,0,,http_manifest,known,403,manifest,"Client error '403 ' for url 'https://openapiproext.bnf.fr/iiif/presentation/v3/ark:/12148/bd6t5127707d/manifest.json'
For more information check: https://developer.mozilla.org/en-US/docs/Web/HTTP/Status/403",2026-07-17T13:00:44.643368
francesoir,bd6t5127708s,,failed,0,0,,http_manifest,known,403,manifest,"Client error '403 ' for url 'https://openapiproext.bnf.fr/iiif/presentation/v3/ark:/12148/bd6t5127708s/manifest.json'
For more information check: https://developer.mozilla.org/en-US/docs/Web/HTTP/Status/403",2026-07-17T13:00:45.844728
francesoir,bd6t51277095,,failed,0,0,,http_manifest,known,403,manifest,"Client error '403 ' for url 'https://openapiproext.bnf.fr/iiif/presentation/v3/ark:/12148/bd6t51277095/manifest.json'
For more information check: https://developer.mozilla.org/en-US/docs/Web/HTTP/Status/403",2026-07-17T13:00:47.041152
francesoir,bd6t51277103,,failed,0,0,,http_manifest,known,403,manifest,"Client error '403 ' for url 'https://openapiproext.bnf.fr/iiif/presentation/v3/ark:/12148/bd6t51277103/manifest.json'
For more information check: https://developer.mozilla.org/en-US/docs/Web/HTTP/Status/403",2026-07-17T13:00:48.265718
francesoir,bd6t5127711g,,failed,0,0,,http_manifest,known,403,manifest,"Client error '403 ' for url 'https://openapiproext.bnf.fr/iiif/presentation/v3/ark:/12148/bd6t5127711g/manifest.json'
For more information check: https://developer.mozilla.org/en-US/docs/Web/HTTP/Status/403",2026-07-17T13:00:49.481045
francesoir,bd6t5127712v,,failed,0,0,,http_manifest,known,403,manifest,"Client error '403 ' for url 'https://openapiproext.bnf.fr/iiif/presentation/v3/ark:/12148/bd6t5127712v/manifest.json'
For more information check: https://developer.mozilla.org/en-US/docs/Web/HTTP/Status/403",2026-07-17T13:00:50.649138
francesoir,bd6t51277137,,failed,0,0,,http_manifest,known,403,manifest,"Client error '403 ' for url 'https://openapiproext.bnf.fr/iiif/presentation/v3/ark:/12148/bd6t51277137/manifest.json'
For more information check: https://developer.mozilla.org/en-US/docs/Web/HTTP/Status/403",2026-07-17T13:00:51.849244
francesoir,bd6t5127714m,,failed,0,0,,http_manifest,known,403,manifest,"Client error '403 ' for url 'https://openapiproext.bnf.fr/iiif/presentation/v3/ark:/12148/bd6t5127714m/manifest.json'
For more information check: https://developer.mozilla.org/en-US/docs/Web/HTTP/Status/403",2026-07-17T13:00:53.058394
francesoir,bd6t51277150,,failed,0,0,,http_manifest,known,403,manifest,"Client error '403 ' for url 'https://openapiproext.bnf.fr/iiif/presentation/v3/ark:/12148/bd6t51277150/manifest.json'
For more information check: https://developer.mozilla.org/en-US/docs/Web/HTTP/Status/403",2026-07-17T13:00:54.265762
francesoir,bd6t5127716c,,failed,0,0,,http_manifest,known,403,manifest,"Client error '403 ' for url 'https://openapiproext.bnf.fr/iiif/presentation/v3/ark:/12148/bd6t5127716c/manifest.json'
For more information check: https://developer.mozilla.org/en-US/docs/Web/HTTP/Status/403",2026-07-17T13:00:55.477846
francesoir,bd6t5127717r,,failed,0,0,,http_manifest,known,403,manifest,"Client error '403 ' for url 'https://openapiproext.bnf.fr/iiif/presentation/v3/ark:/12148/bd6t5127717r/manifest.json'
For more information check: https://developer.mozilla.org/en-US/docs/Web/HTTP/Status/403",2026-07-17T13:00:56.657237
francesoir,bd6t51277184,,failed,0,0,,http_manifest,known,403,manifest,"Client error '403 ' for url 'https://openapiproext.bnf.fr/iiif/presentation/v3/ark:/12148/bd6t51277184/manifest.json'
For more information check: https://developer.mozilla.org/en-US/docs/Web/HTTP/Status/403",2026-07-17T13:00:57.855588
francesoir,bd6t5127719h,,failed,0,0,,http_manifest,known,403,manifest,"Client error '403 ' for url 'https://openapiproext.bnf.fr/iiif/presentation/v3/ark:/12148/bd6t5127719h/manifest.json'
For more information check: https://developer.mozilla.org/en-US/docs/Web/HTTP/Status/403",2026-07-17T13:00:59.221131
francesoir,bd6t5127720f,,failed,0,0,,http_manifest,known,403,manifest,"Client error '403 ' for url 'https://openapiproext.bnf.fr/iiif/presentation/v3/ark:/12148/bd6t5127720f/manifest.json'
For more information check: https://developer.mozilla.org/en-US/docs/Web/HTTP/Status/403",2026-07-17T13:01:00.259712
francesoir,bd6t5127721t,,failed,0,0,,http_manifest,known,403,manifest,"Client error '403 ' for url 'https://openapiproext.bnf.fr/iiif/presentation/v3/ark:/12148/bd6t5127721t/manifest.json'
For more information check: https://developer.mozilla.org/en-US/docs/Web/HTTP/Status/403",2026-07-17T13:01:01.461765
francesoir,bd6t51277226,,failed,0,0,,http_manifest,known,403,manifest,"Client error '403 ' for url 'https://openapiproext.bnf.fr/iiif/presentation/v3/ark:/12148/bd6t51277226/manifest.json'
For more information check: https://developer.mozilla.org/en-US/docs/Web/HTTP/Status/403",2026-07-17T13:01:02.662446
francesoir,bd6t5127723k,,failed,0,0,,http_manifest,known,403,manifest,"Client error '403 ' for url 'https://openapiproext.bnf.fr/iiif/presentation/v3/ark:/12148/bd6t5127723k/manifest.json'
For more information check: https://developer.mozilla.org/en-US/docs/Web/HTTP/Status/403",2026-07-17T13:01:03.891068
francesoir,bd6t5127724z,,failed,0,0,,http_manifest,known,403,manifest,"Client error '403 ' for url 'https://openapiproext.bnf.fr/iiif/presentation/v3/ark:/12148/bd6t5127724z/manifest.json'
For more information check: https://developer.mozilla.org/en-US/docs/Web/HTTP/Status/403",2026-07-17T13:01:05.111127
francesoir,bd6t5127725b,,failed,0,0,,http_manifest,known,403,manifest,"Client error '403 ' for url 'https://openapiproext.bnf.fr/iiif/presentation/v3/ark:/12148/bd6t5127725b/manifest.json'
For more information check: https://developer.mozilla.org/en-US/docs/Web/HTTP/Status/403",2026-07-17T13:01:06.417619
francesoir,bd6t5127726q,,failed,0,0,,http_manifest,known,403,manifest,"Client error '403 ' for url 'https://openapiproext.bnf.fr/iiif/presentation/v3/ark:/12148/bd6t5127726q/manifest.json'
For more information check: https://developer.mozilla.org/en-US/docs/Web/HTTP/Status/403",2026-07-17T13:01:07.473216
francesoir,bd6t51277273,,failed,0,0,,http_manifest,known,403,manifest,"Client error '403 ' for url 'https://openapiproext.bnf.fr/iiif/presentation/v3/ark:/12148/bd6t51277273/manifest.json'
For more information check: https://developer.mozilla.org/en-US/docs/Web/HTTP/Status/403",2026-07-17T13:01:08.906057
francesoir,bd6t5127728g,,failed,0,0,,http_manifest,known,403,manifest,"Client error '403 ' for url 'https://openapiproext.bnf.fr/iiif/presentation/v3/ark:/12148/bd6t5127728g/manifest.json'
For more information check: https://developer.mozilla.org/en-US/docs/Web/HTTP/Status/403",2026-07-17T13:01:10.018075
francesoir,bd6t5127729v,,failed,0,0,,http_manifest,known,403,manifest,"Client error '403 ' for url 'https://openapiproext.bnf.fr/iiif/presentation/v3/ark:/12148/bd6t5127729v/manifest.json'
For more information check: https://developer.mozilla.org/en-US/docs/Web/HTTP/Status/403",2026-07-17T13:01:11.114389
francesoir,bd6t5127730s,,failed,0,0,,http_manifest,known,403,manifest,"Client error '403 ' for url 'https://openapiproext.bnf.fr/iiif/presentation/v3/ark:/12148/bd6t5127730s/manifest.json'
For more information check: https://developer.mozilla.org/en-US/docs/Web/HTTP/Status/403",2026-07-17T13:01:12.274844
francesoir,bd6t51277315,,failed,0,0,,http_manifest,known,403,manifest,"Client error '403 ' for url 'https://openapiproext.bnf.fr/iiif/presentation/v3/ark:/12148/bd6t51277315/manifest.json'
For more information check: https://developer.mozilla.org/en-US/docs/Web/HTTP/Status/403",2026-07-17T13:01:13.577390
francesoir,bd6t5127732j,,failed,0,0,,http_manifest,known,403,manifest,"Client error '403 ' for url 'https://openapiproext.bnf.fr/iiif/presentation/v3/ark:/12148/bd6t5127732j/manifest.json'
For more information check: https://developer.mozilla.org/en-US/docs/Web/HTTP/Status/403",2026-07-17T13:01:14.691601
francesoir,bd6t5127733x,,failed,0,0,,http_manifest,known,403,manifest,"Client error '403 ' for url 'https://openapiproext.bnf.fr/iiif/presentation/v3/ark:/12148/bd6t5127733x/manifest.json'
For more information check: https://developer.mozilla.org/en-US/docs/Web/HTTP/Status/403",2026-07-17T13:01:15.930855
francesoir,bd6t51277349,,failed,0,0,,http_manifest,known,403,manifest,"Client error '403 ' for url 'https://openapiproext.bnf.fr/iiif/presentation/v3/ark:/12148/bd6t51277349/manifest.json'
For more information check: https://developer.mozilla.org/en-US/docs/Web/HTTP/Status/403",2026-07-17T13:01:17.195816
francesoir,bd6t5127735p,,failed,0,0,,http_manifest,known,403,manifest,"Client error '403 ' for url 'https://openapiproext.bnf.fr/iiif/presentation/v3/ark:/12148/bd6t5127735p/manifest.json'
For more information check: https://developer.mozilla.org/en-US/docs/Web/HTTP/Status/403",2026-07-17T13:01:18.297711
francesoir,bd6t51277362,,failed,0,0,,http_manifest,known,403,manifest,"Client error '403 ' for url 'https://openapiproext.bnf.fr/iiif/presentation/v3/ark:/12148/bd6t51277362/manifest.json'
For more information check: https://developer.mozilla.org/en-US/docs/Web/HTTP/Status/403",2026-07-17T13:01:19.515662
francesoir,bd6t5127737f,,failed,0,0,,http_manifest,known,403,manifest,"Client error '403 ' for url 'https://openapiproext.bnf.fr/iiif/presentation/v3/ark:/12148/bd6t5127737f/manifest.json'
For more information check: https://developer.mozilla.org/en-US/docs/Web/HTTP/Status/403",2026-07-17T13:01:20.685850
francesoir,bd6t5127738t,,failed,0,0,,http_manifest,known,403,manifest,"Client error '403 ' for url 'https://openapiproext.bnf.fr/iiif/presentation/v3/ark:/12148/bd6t5127738t/manifest.json'
For more information check: https://developer.mozilla.org/en-US/docs/Web/HTTP/Status/403",2026-07-17T13:01:21.888328
francesoir,bd6t51277396,,failed,0,0,,http_manifest,known,403,manifest,"Client error '403 ' for url 'https://openapiproext.bnf.fr/iiif/presentation/v3/ark:/12148/bd6t51277396/manifest.json'
For more information check: https://developer.mozilla.org/en-US/docs/Web/HTTP/Status/403",2026-07-17T13:01:23.094668
francesoir,bd6t51277404,,failed,0,0,,http_manifest,known,403,manifest,"Client error '403 ' for url 'https://openapiproext.bnf.fr/iiif/presentation/v3/ark:/12148/bd6t51277404/manifest.json'
For more information check: https://developer.mozilla.org/en-US/docs/Web/HTTP/Status/403",2026-07-17T13:01:24.292220
francesoir,bd6t5127741h,,failed,0,0,,http_manifest,known,403,manifest,"Client error '403 ' for url 'https://openapiproext.bnf.fr/iiif/presentation/v3/ark:/12148/bd6t5127741h/manifest.json'
For more information check: https://developer.mozilla.org/en-US/docs/Web/HTTP/Status/403",2026-07-17T13:01:25.514794
francesoir,bd6t5127742w,,failed,0,0,,http_manifest,known,403,manifest,"Client error '403 ' for url 'https://openapiproext.bnf.fr/iiif/presentation/v3/ark:/12148/bd6t5127742w/manifest.json'
For more information check: https://developer.mozilla.org/en-US/docs/Web/HTTP/Status/403",2026-07-17T13:01:26.693115
francesoir,bd6t51274330,,failed,0,0,,http_manifest,known,403,manifest,"Client error '403 ' for url 'https://openapiproext.bnf.fr/iiif/presentation/v3/ark:/12148/bd6t51274330/manifest.json'
For more information check: https://developer.mozilla.org/en-US/docs/Web/HTTP/Status/403",2026-07-17T13:01:27.894317
francesoir,bd6t5127434c,,failed,0,0,,http_manifest,known,403,manifest,"Client error '403 ' for url 'https://openapiproext.bnf.fr/iiif/presentation/v3/ark:/12148/bd6t5127434c/manifest.json'
For more information check: https://developer.mozilla.org/en-US/docs/Web/HTTP/Status/403",2026-07-17T13:01:29.098554
francesoir,bd6t5127435r,,failed,0,0,,http_manifest,known,403,manifest,"Client error '403 ' for url 'https://openapiproext.bnf.fr/iiif/presentation/v3/ark:/12148/bd6t5127435r/manifest.json'
For more information check: https://developer.mozilla.org/en-US/docs/Web/HTTP/Status/403",2026-07-17T13:01:30.300427
francesoir,bd6t51274364,,failed,0,0,,http_manifest,known,403,manifest,"Client error '403 ' for url 'https://openapiproext.bnf.fr/iiif/presentation/v3/ark:/12148/bd6t51274364/manifest.json'
For more information check: https://developer.mozilla.org/en-US/docs/Web/HTTP/Status/403",2026-07-17T13:01:31.504372
francesoir,bd6t5127437h,,failed,0,0,,http_manifest,known,403,manifest,"Client error '403 ' for url 'https://openapiproext.bnf.fr/iiif/presentation/v3/ark:/12148/bd6t5127437h/manifest.json'
For more information check: https://developer.mozilla.org/en-US/docs/Web/HTTP/Status/403",2026-07-17T13:01:32.707151
francesoir,bd6t5127438w,,failed,0,0,,http_manifest,known,403,manifest,"Client error '403 ' for url 'https://openapiproext.bnf.fr/iiif/presentation/v3/ark:/12148/bd6t5127438w/manifest.json'
For more information check: https://developer.mozilla.org/en-US/docs/Web/HTTP/Status/403",2026-07-17T13:01:33.907067
francesoir,bd6t51274398,,failed,0,0,,http_manifest,known,403,manifest,"Client error '403 ' for url 'https://openapiproext.bnf.fr/iiif/presentation/v3/ark:/12148/bd6t51274398/manifest.json'
For more information check: https://developer.mozilla.org/en-US/docs/Web/HTTP/Status/403",2026-07-17T13:01:35.107859
francesoir,bd6t51274406,,failed,0,0,,http_manifest,known,403,manifest,"Client error '403 ' for url 'https://openapiproext.bnf.fr/iiif/presentation/v3/ark:/12148/bd6t51274406/manifest.json'
For more information check: https://developer.mozilla.org/en-US/docs/Web/HTTP/Status/403",2026-07-17T13:01:36.307887
francesoir,bd6t5127441k,,failed,0,0,,http_manifest,known,403,manifest,"Client error '403 ' for url 'https://openapiproext.bnf.fr/iiif/presentation/v3/ark:/12148/bd6t5127441k/manifest.json'
For more information check: https://developer.mozilla.org/en-US/docs/Web/HTTP/Status/403",2026-07-17T13:01:37.537176
francesoir,bd6t5127442z,,failed,0,0,,http_manifest,known,403,manifest,"Client error '403 ' for url 'https://openapiproext.bnf.fr/iiif/presentation/v3/ark:/12148/bd6t5127442z/manifest.json'
For more information check: https://developer.mozilla.org/en-US/docs/Web/HTTP/Status/403",2026-07-17T13:01:38.710760
francesoir,bd6t5127443b,,failed,0,0,,http_manifest,known,403,manifest,"Client error '403 ' for url 'https://openapiproext.bnf.fr/iiif/presentation/v3/ark:/12148/bd6t5127443b/manifest.json'
For more information check: https://developer.mozilla.org/en-US/docs/Web/HTTP/Status/403",2026-07-17T13:01:39.914074
francesoir,bd6t5127444q,,failed,0,0,,http_manifest,known,403,manifest,"Client error '403 ' for url 'https://openapiproext.bnf.fr/iiif/presentation/v3/ark:/12148/bd6t5127444q/manifest.json'
For more information check: https://developer.mozilla.org/en-US/docs/Web/HTTP/Status/403",2026-07-17T13:01:41.119628
francesoir,bd6t51274453,,failed,0,0,,http_manifest,known,403,manifest,"Client error '403 ' for url 'https://openapiproext.bnf.fr/iiif/presentation/v3/ark:/12148/bd6t51274453/manifest.json'
For more information check: https://developer.mozilla.org/en-US/docs/Web/HTTP/Status/403",2026-07-17T13:01:42.321342
francesoir,bd6t5127446g,,failed,0,0,,http_manifest,known,403,manifest,"Client error '403 ' for url 'https://openapiproext.bnf.fr/iiif/presentation/v3/ark:/12148/bd6t5127446g/manifest.json'
For more information check: https://developer.mozilla.org/en-US/docs/Web/HTTP/Status/403",2026-07-17T13:01:43.519563
francesoir,bd6t5127447v,,failed,0,0,,http_manifest,known,403,manifest,"Client error '403 ' for url 'https://openapiproext.bnf.fr/iiif/presentation/v3/ark:/12148/bd6t5127447v/manifest.json'
For more information check: https://developer.mozilla.org/en-US/docs/Web/HTTP/Status/403",2026-07-17T13:01:44.721987
francesoir,bd6t51274487,,failed,0,0,,http_manifest,known,403,manifest,"Client error '403 ' for url 'https://openapiproext.bnf.fr/iiif/presentation/v3/ark:/12148/bd6t51274487/manifest.json'
For more information check: https://developer.mozilla.org/en-US/docs/Web/HTTP/Status/403",2026-07-17T13:01:45.921091
francesoir,bd6t5127449m,,failed,0,0,,http_manifest,known,403,manifest,"Client error '403 ' for url 'https://openapiproext.bnf.fr/iiif/presentation/v3/ark:/12148/bd6t5127449m/manifest.json'
For more information check: https://developer.mozilla.org/en-US/docs/Web/HTTP/Status/403",2026-07-17T13:01:47.121343
francesoir,bd6t5127450j,,failed,0,0,,http_manifest,known,403,manifest,"Client error '403 ' for url 'https://openapiproext.bnf.fr/iiif/presentation/v3/ark:/12148/bd6t5127450j/manifest.json'
For more information check: https://developer.mozilla.org/en-US/docs/Web/HTTP/Status/403",2026-07-17T13:01:48.324221
francesoir,bd6t5127451x,,failed,0,0,,http_manifest,known,403,manifest,"Client error '403 ' for url 'https://openapiproext.bnf.fr/iiif/presentation/v3/ark:/12148/bd6t5127451x/manifest.json'
For more information check: https://developer.mozilla.org/en-US/docs/Web/HTTP/Status/403",2026-07-17T13:01:49.523656
francesoir,bd6t51274529,,failed,0,0,,http_manifest,known,403,manifest,"Client error '403 ' for url 'https://openapiproext.bnf.fr/iiif/presentation/v3/ark:/12148/bd6t51274529/manifest.json'
For more information check: https://developer.mozilla.org/en-US/docs/Web/HTTP/Status/403",2026-07-17T13:01:50.724832
francesoir,bd6t5127453p,,failed,0,0,,http_manifest,known,403,manifest,"Client error '403 ' for url 'https://openapiproext.bnf.fr/iiif/presentation/v3/ark:/12148/bd6t5127453p/manifest.json'
For more information check: https://developer.mozilla.org/en-US/docs/Web/HTTP/Status/403",2026-07-17T13:01:51.928391
francesoir,bd6t51274542,,failed,0,0,,http_manifest,known,403,manifest,"Client error '403 ' for url 'https://openapiproext.bnf.fr/iiif/presentation/v3/ark:/12148/bd6t51274542/manifest.json'
For more information check: https://developer.mozilla.org/en-US/docs/Web/HTTP/Status/403",2026-07-17T13:01:53.131007
francesoir,bd6t5127455f,,failed,0,0,,http_manifest,known,403,manifest,"Client error '403 ' for url 'https://openapiproext.bnf.fr/iiif/presentation/v3/ark:/12148/bd6t5127455f/manifest.json'
For more information check: https://developer.mozilla.org/en-US/docs/Web/HTTP/Status/403",2026-07-17T13:01:54.332741
francesoir,bd6t5127456t,,failed,0,0,,http_manifest,known,403,manifest,"Client error '403 ' for url 'https://openapiproext.bnf.fr/iiif/presentation/v3/ark:/12148/bd6t5127456t/manifest.json'
For more information check: https://developer.mozilla.org/en-US/docs/Web/HTTP/Status/403",2026-07-17T13:01:55.557560
francesoir,bd6t51274576,,failed,0,0,,http_manifest,known,403,manifest,"Client error '403 ' for url 'https://openapiproext.bnf.fr/iiif/presentation/v3/ark:/12148/bd6t51274576/manifest.json'
For more information check: https://developer.mozilla.org/en-US/docs/Web/HTTP/Status/403",2026-07-17T13:01:56.737407
francesoir,bd6t5127458k,,failed,0,0,,http_manifest,known,403,manifest,"Client error '403 ' for url 'https://openapiproext.bnf.fr/iiif/presentation/v3/ark:/12148/bd6t5127458k/manifest.json'
For more information check: https://developer.mozilla.org/en-US/docs/Web/HTTP/Status/403",2026-07-17T13:01:57.942956
francesoir,bd6t5127459z,,failed,0,0,,http_manifest,known,403,manifest,"Client error '403 ' for url 'https://openapiproext.bnf.fr/iiif/presentation/v3/ark:/12148/bd6t5127459z/manifest.json'
For more information check: https://developer.mozilla.org/en-US/docs/Web/HTTP/Status/403",2026-07-17T13:01:59.230655
francesoir,bd6t5127460w,,failed,0,0,,http_manifest,known,403,manifest,"Client error '403 ' for url 'https://openapiproext.bnf.fr/iiif/presentation/v3/ark:/12148/bd6t5127460w/manifest.json'
For more information check: https://developer.mozilla.org/en-US/docs/Web/HTTP/Status/403",2026-07-17T13:02:00.340201
francesoir,bd6t51274618,,failed,0,0,,http_manifest,known,403,manifest,"Client error '403 ' for url 'https://openapiproext.bnf.fr/iiif/presentation/v3/ark:/12148/bd6t51274618/manifest.json'
For more information check: https://developer.mozilla.org/en-US/docs/Web/HTTP/Status/403",2026-07-17T13:02:01.539826
francesoir,bd6t5127462n,,failed,0,0,,http_manifest,known,403,manifest,"Client error '403 ' for url 'https://openapiproext.bnf.fr/iiif/presentation/v3/ark:/12148/bd6t5127462n/manifest.json'
For more information check: https://developer.mozilla.org/en-US/docs/Web/HTTP/Status/403",2026-07-17T13:02:02.939359
francesoir,bd6t51274631,,failed,0,0,,http_manifest,known,403,manifest,"Client error '403 ' for url 'https://openapiproext.bnf.fr/iiif/presentation/v3/ark:/12148/bd6t51274631/manifest.json'
For more information check: https://developer.mozilla.org/en-US/docs/Web/HTTP/Status/403",2026-07-17T13:02:03.951555
francesoir,bd6t5127464d,,failed,0,0,,http_manifest,known,403,manifest,"Client error '403 ' for url 'https://openapiproext.bnf.fr/iiif/presentation/v3/ark:/12148/bd6t5127464d/manifest.json'
For more information check: https://developer.mozilla.org/en-US/docs/Web/HTTP/Status/403",2026-07-17T13:02:05.192087
francesoir,bd6t5127465s,,failed,0,0,,http_manifest,known,403,manifest,"Client error '403 ' for url 'https://openapiproext.bnf.fr/iiif/presentation/v3/ark:/12148/bd6t5127465s/manifest.json'
For more information check: https://developer.mozilla.org/en-US/docs/Web/HTTP/Status/403",2026-07-17T13:02:06.473984
francesoir,bd6t51274665,,failed,0,0,,http_manifest,known,403,manifest,"Client error '403 ' for url 'https://openapiproext.bnf.fr/iiif/presentation/v3/ark:/12148/bd6t51274665/manifest.json'
For more information check: https://developer.mozilla.org/en-US/docs/Web/HTTP/Status/403",2026-07-17T13:02:07.573886
francesoir,bd6t5127467j,,failed,0,0,,http_manifest,known,403,manifest,"Client error '403 ' for url 'https://openapiproext.bnf.fr/iiif/presentation/v3/ark:/12148/bd6t5127467j/manifest.json'
For more information check: https://developer.mozilla.org/en-US/docs/Web/HTTP/Status/403",2026-07-17T13:02:08.822754
francesoir,bd6t5127468x,,failed,0,0,,http_manifest,known,403,manifest,"Client error '403 ' for url 'https://openapiproext.bnf.fr/iiif/presentation/v3/ark:/12148/bd6t5127468x/manifest.json'
For more information check: https://developer.mozilla.org/en-US/docs/Web/HTTP/Status/403",2026-07-17T13:02:10.050821
francesoir,bd6t51274699,,failed,0,0,,http_manifest,known,403,manifest,"Client error '403 ' for url 'https://openapiproext.bnf.fr/iiif/presentation/v3/ark:/12148/bd6t51274699/manifest.json'
For more information check: https://developer.mozilla.org/en-US/docs/Web/HTTP/Status/403",2026-07-17T13:02:11.157126
francesoir,bd6t51274707,,failed,0,0,,http_manifest,known,403,manifest,"Client error '403 ' for url 'https://openapiproext.bnf.fr/iiif/presentation/v3/ark:/12148/bd6t51274707/manifest.json'
For more information check: https://developer.mozilla.org/en-US/docs/Web/HTTP/Status/403",2026-07-17T13:02:12.439226
francesoir,bd6t5127471m,,failed,0,0,,http_manifest,known,403,manifest,"Client error '403 ' for url 'https://openapiproext.bnf.fr/iiif/presentation/v3/ark:/12148/bd6t5127471m/manifest.json'
For more information check: https://developer.mozilla.org/en-US/docs/Web/HTTP/Status/403",2026-07-17T13:02:13.719609
francesoir,bd6t51274720,,failed,0,0,,http_manifest,known,403,manifest,"Client error '403 ' for url 'https://openapiproext.bnf.fr/iiif/presentation/v3/ark:/12148/bd6t51274720/manifest.json'
For more information check: https://developer.mozilla.org/en-US/docs/Web/HTTP/Status/403",2026-07-17T13:02:15.042497
francesoir,bd6t5127473c,,failed,0,0,,http_manifest,known,403,manifest,"Client error '403 ' for url 'https://openapiproext.bnf.fr/iiif/presentation/v3/ark:/12148/bd6t5127473c/manifest.json'
For more information check: https://developer.mozilla.org/en-US/docs/Web/HTTP/Status/403",2026-07-17T13:02:15.961882
francesoir,bd6t5127474r,,failed,0,0,,http_manifest,known,403,manifest,"Client error '403 ' for url 'https://openapiproext.bnf.fr/iiif/presentation/v3/ark:/12148/bd6t5127474r/manifest.json'
For more information check: https://developer.mozilla.org/en-US/docs/Web/HTTP/Status/403",2026-07-17T13:02:17.164862
francesoir,bd6t51274754,,failed,0,0,,http_manifest,known,403,manifest,"Client error '403 ' for url 'https://openapiproext.bnf.fr/iiif/presentation/v3/ark:/12148/bd6t51274754/manifest.json'
For more information check: https://developer.mozilla.org/en-US/docs/Web/HTTP/Status/403",2026-07-17T13:02:18.364395
francesoir,bd6t5127476h,,failed,0,0,,http_manifest,known,403,manifest,"Client error '403 ' for url 'https://openapiproext.bnf.fr/iiif/presentation/v3/ark:/12148/bd6t5127476h/manifest.json'
For more information check: https://developer.mozilla.org/en-US/docs/Web/HTTP/Status/403",2026-07-17T13:02:19.589818
francesoir,bd6t5127477w,,failed,0,0,,http_manifest,known,403,manifest,"Client error '403 ' for url 'https://openapiproext.bnf.fr/iiif/presentation/v3/ark:/12148/bd6t5127477w/manifest.json'
For more information check: https://developer.mozilla.org/en-US/docs/Web/HTTP/Status/403",2026-07-17T13:02:20.823510
francesoir,bd6t51274788,,failed,0,0,,http_manifest,known,403,manifest,"Client error '403 ' for url 'https://openapiproext.bnf.fr/iiif/presentation/v3/ark:/12148/bd6t51274788/manifest.json'
For more information check: https://developer.mozilla.org/en-US/docs/Web/HTTP/Status/403",2026-07-17T13:02:21.971745
francesoir,bd6t5127479n,,failed,0,0,,http_manifest,known,403,manifest,"Client error '403 ' for url 'https://openapiproext.bnf.fr/iiif/presentation/v3/ark:/12148/bd6t5127479n/manifest.json'
For more information check: https://developer.mozilla.org/en-US/docs/Web/HTTP/Status/403",2026-07-17T13:02:23.403096
francesoir,bd6t5127480k,,failed,0,0,,http_manifest,known,403,manifest,"Client error '403 ' for url 'https://openapiproext.bnf.fr/iiif/presentation/v3/ark:/12148/bd6t5127480k/manifest.json'
For more information check: https://developer.mozilla.org/en-US/docs/Web/HTTP/Status/403",2026-07-17T13:02:24.374022
francesoir,bd6t5127481z,,failed,0,0,,http_manifest,known,403,manifest,"Client error '403 ' for url 'https://openapiproext.bnf.fr/iiif/presentation/v3/ark:/12148/bd6t5127481z/manifest.json'
For more information check: https://developer.mozilla.org/en-US/docs/Web/HTTP/Status/403",2026-07-17T13:02:25.572660
francesoir,bd6t5127482b,,failed,0,0,,http_manifest,known,403,manifest,"Client error '403 ' for url 'https://openapiproext.bnf.fr/iiif/presentation/v3/ark:/12148/bd6t5127482b/manifest.json'
For more information check: https://developer.mozilla.org/en-US/docs/Web/HTTP/Status/403",2026-07-17T13:02:26.781446
francesoir,bd6t5127483q,,failed,0,0,,http_manifest,known,403,manifest,"Client error '403 ' for url 'https://openapiproext.bnf.fr/iiif/presentation/v3/ark:/12148/bd6t5127483q/manifest.json'
For more information check: https://developer.mozilla.org/en-US/docs/Web/HTTP/Status/403",2026-07-17T13:02:27.975768
francesoir,bd6t51274843,,failed,0,0,,http_manifest,known,403,manifest,"Client error '403 ' for url 'https://openapiproext.bnf.fr/iiif/presentation/v3/ark:/12148/bd6t51274843/manifest.json'
For more information check: https://developer.mozilla.org/en-US/docs/Web/HTTP/Status/403",2026-07-17T13:02:29.202939
francesoir,bd6t5127485g,,failed,0,0,,http_manifest,known,403,manifest,"Client error '403 ' for url 'https://openapiproext.bnf.fr/iiif/presentation/v3/ark:/12148/bd6t5127485g/manifest.json'
For more information check: https://developer.mozilla.org/en-US/docs/Web/HTTP/Status/403",2026-07-17T13:02:30.378185
francesoir,bd6t5127486v,,failed,0,0,,http_manifest,known,403,manifest,"Client error '403 ' for url 'https://openapiproext.bnf.fr/iiif/presentation/v3/ark:/12148/bd6t5127486v/manifest.json'
For more information check: https://developer.mozilla.org/en-US/docs/Web/HTTP/Status/403",2026-07-17T13:02:31.578964
francesoir,bd6t51274877,,failed,0,0,,http_manifest,known,403,manifest,"Client error '403 ' for url 'https://openapiproext.bnf.fr/iiif/presentation/v3/ark:/12148/bd6t51274877/manifest.json'
For more information check: https://developer.mozilla.org/en-US/docs/Web/HTTP/Status/403",2026-07-17T13:02:32.801845
francesoir,bd6t5127488m,,failed,0,0,,http_manifest,known,403,manifest,"Client error '403 ' for url 'https://openapiproext.bnf.fr/iiif/presentation/v3/ark:/12148/bd6t5127488m/manifest.json'
For more information check: https://developer.mozilla.org/en-US/docs/Web/HTTP/Status/403",2026-07-17T13:02:33.979807
francesoir,bd6t51274890,,failed,0,0,,http_manifest,known,403,manifest,"Client error '403 ' for url 'https://openapiproext.bnf.fr/iiif/presentation/v3/ark:/12148/bd6t51274890/manifest.json'
For more information check: https://developer.mozilla.org/en-US/docs/Web/HTTP/Status/403",2026-07-17T13:02:35.181155
francesoir,bd6t5127490x,,failed,0,0,,http_manifest,known,403,manifest,"Client error '403 ' for url 'https://openapiproext.bnf.fr/iiif/presentation/v3/ark:/12148/bd6t5127490x/manifest.json'
For more information check: https://developer.mozilla.org/en-US/docs/Web/HTTP/Status/403",2026-07-17T13:02:36.384745
francesoir,bd6t51274919,,failed,0,0,,http_manifest,known,403,manifest,"Client error '403 ' for url 'https://openapiproext.bnf.fr/iiif/presentation/v3/ark:/12148/bd6t51274919/manifest.json'
For more information check: https://developer.mozilla.org/en-US/docs/Web/HTTP/Status/403",2026-07-17T13:02:37.591917
francesoir,bd6t5127492p,,failed,0,0,,http_manifest,known,403,manifest,"Client error '403 ' for url 'https://openapiproext.bnf.fr/iiif/presentation/v3/ark:/12148/bd6t5127492p/manifest.json'
For more information check: https://developer.mozilla.org/en-US/docs/Web/HTTP/Status/403",2026-07-17T13:02:38.794569
francesoir,bd6t51274932,,failed,0,0,,http_manifest,known,403,manifest,"Client error '403 ' for url 'https://openapiproext.bnf.fr/iiif/presentation/v3/ark:/12148/bd6t51274932/manifest.json'
For more information check: https://developer.mozilla.org/en-US/docs/Web/HTTP/Status/403",2026-07-17T13:02:39.990484
francesoir,bd6t5127494f,,failed,0,0,,http_manifest,known,403,manifest,"Client error '403 ' for url 'https://openapiproext.bnf.fr/iiif/presentation/v3/ark:/12148/bd6t5127494f/manifest.json'
For more information check: https://developer.mozilla.org/en-US/docs/Web/HTTP/Status/403",2026-07-17T13:02:41.192759
francesoir,bd6t5127495t,,failed,0,0,,http_manifest,known,403,manifest,"Client error '403 ' for url 'https://openapiproext.bnf.fr/iiif/presentation/v3/ark:/12148/bd6t5127495t/manifest.json'
For more information check: https://developer.mozilla.org/en-US/docs/Web/HTTP/Status/403",2026-07-17T13:02:42.397529
francesoir,bd6t51274966,,failed,0,0,,http_manifest,known,403,manifest,"Client error '403 ' for url 'https://openapiproext.bnf.fr/iiif/presentation/v3/ark:/12148/bd6t51274966/manifest.json'
For more information check: https://developer.mozilla.org/en-US/docs/Web/HTTP/Status/403",2026-07-17T13:02:43.603691
francesoir,bd6t5127497k,,failed,0,0,,http_manifest,known,403,manifest,"Client error '403 ' for url 'https://openapiproext.bnf.fr/iiif/presentation/v3/ark:/12148/bd6t5127497k/manifest.json'
For more information check: https://developer.mozilla.org/en-US/docs/Web/HTTP/Status/403",2026-07-17T13:02:44.797227
francesoir,bd6t5127498z,,failed,0,0,,http_manifest,known,403,manifest,"Client error '403 ' for url 'https://openapiproext.bnf.fr/iiif/presentation/v3/ark:/12148/bd6t5127498z/manifest.json'
For more information check: https://developer.mozilla.org/en-US/docs/Web/HTTP/Status/403",2026-07-17T13:02:45.999036
francesoir,bd6t5127499b,,failed,0,0,,http_manifest,known,403,manifest,"Client error '403 ' for url 'https://openapiproext.bnf.fr/iiif/presentation/v3/ark:/12148/bd6t5127499b/manifest.json'
For more information check: https://developer.mozilla.org/en-US/docs/Web/HTTP/Status/403",2026-07-17T13:02:47.199848
francesoir,bd6t51275004,,failed,0,0,,http_manifest,known,403,manifest,"Client error '403 ' for url 'https://openapiproext.bnf.fr/iiif/presentation/v3/ark:/12148/bd6t51275004/manifest.json'
For more information check: https://developer.mozilla.org/en-US/docs/Web/HTTP/Status/403",2026-07-17T13:02:48.406541
francesoir,bd6t5127501h,,failed,0,0,,http_manifest,known,403,manifest,"Client error '403 ' for url 'https://openapiproext.bnf.fr/iiif/presentation/v3/ark:/12148/bd6t5127501h/manifest.json'
For more information check: https://developer.mozilla.org/en-US/docs/Web/HTTP/Status/403",2026-07-17T13:02:49.634178
francesoir,bd6t5127502w,,failed,0,0,,http_manifest,known,403,manifest,"Client error '403 ' for url 'https://openapiproext.bnf.fr/iiif/presentation/v3/ark:/12148/bd6t5127502w/manifest.json'
For more information check: https://developer.mozilla.org/en-US/docs/Web/HTTP/Status/403",2026-07-17T13:02:50.802327
francesoir,bd6t51275038,,failed,0,0,,http_manifest,known,403,manifest,"Client error '403 ' for url 'https://openapiproext.bnf.fr/iiif/presentation/v3/ark:/12148/bd6t51275038/manifest.json'
For more information check: https://developer.mozilla.org/en-US/docs/Web/HTTP/Status/403",2026-07-17T13:02:52.005815
francesoir,bd6t5127504n,,failed,0,0,,http_manifest,known,403,manifest,"Client error '403 ' for url 'https://openapiproext.bnf.fr/iiif/presentation/v3/ark:/12148/bd6t5127504n/manifest.json'
For more information check: https://developer.mozilla.org/en-US/docs/Web/HTTP/Status/403",2026-07-17T13:02:53.206168
francesoir,bd6t51275051,,failed,0,0,,http_manifest,known,403,manifest,"Client error '403 ' for url 'https://openapiproext.bnf.fr/iiif/presentation/v3/ark:/12148/bd6t51275051/manifest.json'
For more information check: https://developer.mozilla.org/en-US/docs/Web/HTTP/Status/403",2026-07-17T13:02:54.408540
francesoir,bd6t5127506d,,failed,0,0,,http_manifest,known,403,manifest,"Client error '403 ' for url 'https://openapiproext.bnf.fr/iiif/presentation/v3/ark:/12148/bd6t5127506d/manifest.json'
For more information check: https://developer.mozilla.org/en-US/docs/Web/HTTP/Status/403",2026-07-17T13:02:55.611867
francesoir,bd6t5127507s,,failed,0,0,,http_manifest,known,403,manifest,"Client error '403 ' for url 'https://openapiproext.bnf.fr/iiif/presentation/v3/ark:/12148/bd6t5127507s/manifest.json'
For more information check: https://developer.mozilla.org/en-US/docs/Web/HTTP/Status/403",2026-07-17T13:02:56.815258
francesoir,bd6t51275085,,failed,0,0,,http_manifest,known,403,manifest,"Client error '403 ' for url 'https://openapiproext.bnf.fr/iiif/presentation/v3/ark:/12148/bd6t51275085/manifest.json'
For more information check: https://developer.mozilla.org/en-US/docs/Web/HTTP/Status/403",2026-07-17T13:02:58.044863
francesoir,bd6t5127509j,,failed,0,0,,http_manifest,known,403,manifest,"Client error '403 ' for url 'https://openapiproext.bnf.fr/iiif/presentation/v3/ark:/12148/bd6t5127509j/manifest.json'
For more information check: https://developer.mozilla.org/en-US/docs/Web/HTTP/Status/403",2026-07-17T13:02:59.311128
francesoir,bd6t51287726,,failed,0,0,,http_manifest,known,403,manifest,"Client error '403 ' for url 'https://openapiproext.bnf.fr/iiif/presentation/v3/ark:/12148/bd6t51287726/manifest.json'
For more information check: https://developer.mozilla.org/en-US/docs/Web/HTTP/Status/403",2026-07-17T13:03:00.422690
francesoir,bd6t5128773k,,failed,0,0,,http_manifest,known,403,manifest,"Client error '403 ' for url 'https://openapiproext.bnf.fr/iiif/presentation/v3/ark:/12148/bd6t5128773k/manifest.json'
For more information check: https://developer.mozilla.org/en-US/docs/Web/HTTP/Status/403",2026-07-17T13:03:01.852840
francesoir,bd6t5128774z,,failed,0,0,,http_manifest,known,403,manifest,"Client error '403 ' for url 'https://openapiproext.bnf.fr/iiif/presentation/v3/ark:/12148/bd6t5128774z/manifest.json'
For more information check: https://developer.mozilla.org/en-US/docs/Web/HTTP/Status/403",2026-07-17T13:03:02.827145
francesoir,bd6t5128775b,,failed,0,0,,http_manifest,known,403,manifest,"Client error '403 ' for url 'https://openapiproext.bnf.fr/iiif/presentation/v3/ark:/12148/bd6t5128775b/manifest.json'
For more information check: https://developer.mozilla.org/en-US/docs/Web/HTTP/Status/403",2026-07-17T13:03:04.286916
francesoir,bd6t5128776q,,failed,0,0,,http_manifest,known,403,manifest,"Client error '403 ' for url 'https://openapiproext.bnf.fr/iiif/presentation/v3/ark:/12148/bd6t5128776q/manifest.json'
For more information check: https://developer.mozilla.org/en-US/docs/Web/HTTP/Status/403",2026-07-17T13:03:05.476929
francesoir,bd6t51287773,,failed,0,0,,http_manifest,known,403,manifest,"Client error '403 ' for url 'https://openapiproext.bnf.fr/iiif/presentation/v3/ark:/12148/bd6t51287773/manifest.json'
For more information check: https://developer.mozilla.org/en-US/docs/Web/HTTP/Status/403",2026-07-17T13:03:06.460086
francesoir,bd6t5128778g,,failed,0,0,,http_manifest,known,403,manifest,"Client error '403 ' for url 'https://openapiproext.bnf.fr/iiif/presentation/v3/ark:/12148/bd6t5128778g/manifest.json'
For more information check: https://developer.mozilla.org/en-US/docs/Web/HTTP/Status/403",2026-07-17T13:03:07.667492
francesoir,bd6t5128779v,,failed,0,0,,http_manifest,known,403,manifest,"Client error '403 ' for url 'https://openapiproext.bnf.fr/iiif/presentation/v3/ark:/12148/bd6t5128779v/manifest.json'
For more information check: https://developer.mozilla.org/en-US/docs/Web/HTTP/Status/403",2026-07-17T13:03:08.855774
francesoir,bd6t5128780s,,failed,0,0,,http_manifest,known,403,manifest,"Client error '403 ' for url 'https://openapiproext.bnf.fr/iiif/presentation/v3/ark:/12148/bd6t5128780s/manifest.json'
For more information check: https://developer.mozilla.org/en-US/docs/Web/HTTP/Status/403",2026-07-17T13:03:10.036880
francesoir,bd6t51287815,,failed,0,0,,http_manifest,known,403,manifest,"Client error '403 ' for url 'https://openapiproext.bnf.fr/iiif/presentation/v3/ark:/12148/bd6t51287815/manifest.json'
For more information check: https://developer.mozilla.org/en-US/docs/Web/HTTP/Status/403",2026-07-17T13:03:11.456202
francesoir,bd6t5128782j,,failed,0,0,,http_manifest,known,403,manifest,"Client error '403 ' for url 'https://openapiproext.bnf.fr/iiif/presentation/v3/ark:/12148/bd6t5128782j/manifest.json'
For more information check: https://developer.mozilla.org/en-US/docs/Web/HTTP/Status/403",2026-07-17T13:03:12.437680
francesoir,bd6t5128783x,,failed,0,0,,http_manifest,known,403,manifest,"Client error '403 ' for url 'https://openapiproext.bnf.fr/iiif/presentation/v3/ark:/12148/bd6t5128783x/manifest.json'
For more information check: https://developer.mozilla.org/en-US/docs/Web/HTTP/Status/403",2026-07-17T13:03:13.731254
francesoir,bd6t51287849,,failed,0,0,,http_manifest,known,403,manifest,"Client error '403 ' for url 'https://openapiproext.bnf.fr/iiif/presentation/v3/ark:/12148/bd6t51287849/manifest.json'
For more information check: https://developer.mozilla.org/en-US/docs/Web/HTTP/Status/403",2026-07-17T13:03:14.889036
francesoir,bd6t5128785p,,failed,0,0,,http_manifest,known,403,manifest,"Client error '403 ' for url 'https://openapiproext.bnf.fr/iiif/presentation/v3/ark:/12148/bd6t5128785p/manifest.json'
For more information check: https://developer.mozilla.org/en-US/docs/Web/HTTP/Status/403",2026-07-17T13:03:16.249647
francesoir,bd6t51287862,,failed,0,0,,http_manifest,known,403,manifest,"Client error '403 ' for url 'https://openapiproext.bnf.fr/iiif/presentation/v3/ark:/12148/bd6t51287862/manifest.json'
For more information check: https://developer.mozilla.org/en-US/docs/Web/HTTP/Status/403",2026-07-17T13:03:17.369137
francesoir,bd6t5128787f,,failed,0,0,,http_manifest,known,403,manifest,"Client error '403 ' for url 'https://openapiproext.bnf.fr/iiif/presentation/v3/ark:/12148/bd6t5128787f/manifest.json'
For more information check: https://developer.mozilla.org/en-US/docs/Web/HTTP/Status/403",2026-07-17T13:03:18.627341
francesoir,bd6t5128788t,,failed,0,0,,http_manifest,known,403,manifest,"Client error '403 ' for url 'https://openapiproext.bnf.fr/iiif/presentation/v3/ark:/12148/bd6t5128788t/manifest.json'
For more information check: https://developer.mozilla.org/en-US/docs/Web/HTTP/Status/403",2026-07-17T13:03:19.685189
francesoir,bd6t51287896,,failed,0,0,,http_manifest,known,403,manifest,"Client error '403 ' for url 'https://openapiproext.bnf.fr/iiif/presentation/v3/ark:/12148/bd6t51287896/manifest.json'
For more information check: https://developer.mozilla.org/en-US/docs/Web/HTTP/Status/403",2026-07-17T13:03:20.848598
francesoir,bd6t51287904,,failed,0,0,,http_manifest,known,403,manifest,"Client error '403 ' for url 'https://openapiproext.bnf.fr/iiif/presentation/v3/ark:/12148/bd6t51287904/manifest.json'
For more information check: https://developer.mozilla.org/en-US/docs/Web/HTTP/Status/403",2026-07-17T13:03:22.052627
francesoir,bd6t5128791h,,failed,0,0,,http_manifest,known,403,manifest,"Client error '403 ' for url 'https://openapiproext.bnf.fr/iiif/presentation/v3/ark:/12148/bd6t5128791h/manifest.json'
For more information check: https://developer.mozilla.org/en-US/docs/Web/HTTP/Status/403",2026-07-17T13:03:23.257673
francesoir,bd6t5128792w,,failed,0,0,,http_manifest,known,403,manifest,"Client error '403 ' for url 'https://openapiproext.bnf.fr/iiif/presentation/v3/ark:/12148/bd6t5128792w/manifest.json'
For more information check: https://developer.mozilla.org/en-US/docs/Web/HTTP/Status/403",2026-07-17T13:03:24.459308
francesoir,bd6t51287938,,failed,0,0,,http_manifest,known,403,manifest,"Client error '403 ' for url 'https://openapiproext.bnf.fr/iiif/presentation/v3/ark:/12148/bd6t51287938/manifest.json'
For more information check: https://developer.mozilla.org/en-US/docs/Web/HTTP/Status/403",2026-07-17T13:03:25.654691
francesoir,bd6t5128794n,,failed,0,0,,http_manifest,known,403,manifest,"Client error '403 ' for url 'https://openapiproext.bnf.fr/iiif/presentation/v3/ark:/12148/bd6t5128794n/manifest.json'
For more information check: https://developer.mozilla.org/en-US/docs/Web/HTTP/Status/403",2026-07-17T13:03:26.859629
francesoir,bd6t51287951,,failed,0,0,,http_manifest,known,403,manifest,"Client error '403 ' for url 'https://openapiproext.bnf.fr/iiif/presentation/v3/ark:/12148/bd6t51287951/manifest.json'
For more information check: https://developer.mozilla.org/en-US/docs/Web/HTTP/Status/403",2026-07-17T13:03:28.057517
francesoir,bd6t5128796d,,failed,0,0,,http_manifest,known,403,manifest,"Client error '403 ' for url 'https://openapiproext.bnf.fr/iiif/presentation/v3/ark:/12148/bd6t5128796d/manifest.json'
For more information check: https://developer.mozilla.org/en-US/docs/Web/HTTP/Status/403",2026-07-17T13:03:29.257950
francesoir,bd6t5128797s,,failed,0,0,,http_manifest,known,403,manifest,"Client error '403 ' for url 'https://openapiproext.bnf.fr/iiif/presentation/v3/ark:/12148/bd6t5128797s/manifest.json'
For more information check: https://developer.mozilla.org/en-US/docs/Web/HTTP/Status/403",2026-07-17T13:03:30.461561
francesoir,bd6t51287985,,failed,0,0,,http_manifest,known,403,manifest,"Client error '403 ' for url 'https://openapiproext.bnf.fr/iiif/presentation/v3/ark:/12148/bd6t51287985/manifest.json'
For more information check: https://developer.mozilla.org/en-US/docs/Web/HTTP/Status/403",2026-07-17T13:03:31.679393
francesoir,bd6t5128799j,,failed,0,0,,http_manifest,known,403,manifest,"Client error '403 ' for url 'https://openapiproext.bnf.fr/iiif/presentation/v3/ark:/12148/bd6t5128799j/manifest.json'
For more information check: https://developer.mozilla.org/en-US/docs/Web/HTTP/Status/403",2026-07-17T13:03:32.864914
francesoir,bd6t5128800b,,failed,0,0,,http_manifest,known,403,manifest,"Client error '403 ' for url 'https://openapiproext.bnf.fr/iiif/presentation/v3/ark:/12148/bd6t5128800b/manifest.json'
For more information check: https://developer.mozilla.org/en-US/docs/Web/HTTP/Status/403",2026-07-17T13:03:34.067518
francesoir,bd6t5128801q,,failed,0,0,,http_manifest,known,403,manifest,"Client error '403 ' for url 'https://openapiproext.bnf.fr/iiif/presentation/v3/ark:/12148/bd6t5128801q/manifest.json'
For more information check: https://developer.mozilla.org/en-US/docs/Web/HTTP/Status/403",2026-07-17T13:03:35.266939
francesoir,bd6t51288023,,failed,0,0,,http_manifest,known,403,manifest,"Client error '403 ' for url 'https://openapiproext.bnf.fr/iiif/presentation/v3/ark:/12148/bd6t51288023/manifest.json'
For more information check: https://developer.mozilla.org/en-US/docs/Web/HTTP/Status/403",2026-07-17T13:03:36.471093
francesoir,bd6t5128803g,,failed,0,0,,http_manifest,known,403,manifest,"Client error '403 ' for url 'https://openapiproext.bnf.fr/iiif/presentation/v3/ark:/12148/bd6t5128803g/manifest.json'
For more information check: https://developer.mozilla.org/en-US/docs/Web/HTTP/Status/403",2026-07-17T13:03:37.702275
francesoir,bd6t5128804v,,failed,0,0,,http_manifest,known,403,manifest,"Client error '403 ' for url 'https://openapiproext.bnf.fr/iiif/presentation/v3/ark:/12148/bd6t5128804v/manifest.json'
For more information check: https://developer.mozilla.org/en-US/docs/Web/HTTP/Status/403",2026-07-17T13:03:38.871248
francesoir,bd6t51288057,,failed,0,0,,http_manifest,known,403,manifest,"Client error '403 ' for url 'https://openapiproext.bnf.fr/iiif/presentation/v3/ark:/12148/bd6t51288057/manifest.json'
For more information check: https://developer.mozilla.org/en-US/docs/Web/HTTP/Status/403",2026-07-17T13:03:40.074867
francesoir,bd6t5128806m,,failed,0,0,,http_manifest,known,403,manifest,"Client error '403 ' for url 'https://openapiproext.bnf.fr/iiif/presentation/v3/ark:/12148/bd6t5128806m/manifest.json'
For more information check: https://developer.mozilla.org/en-US/docs/Web/HTTP/Status/403",2026-07-17T13:03:41.275481
francesoir,bd6t51288070,,failed,0,0,,http_manifest,known,403,manifest,"Client error '403 ' for url 'https://openapiproext.bnf.fr/iiif/presentation/v3/ark:/12148/bd6t51288070/manifest.json'
For more information check: https://developer.mozilla.org/en-US/docs/Web/HTTP/Status/403",2026-07-17T13:03:42.475203
francesoir,bd6t5128808c,,failed,0,0,,http_manifest,known,403,manifest,"Client error '403 ' for url 'https://openapiproext.bnf.fr/iiif/presentation/v3/ark:/12148/bd6t5128808c/manifest.json'
For more information check: https://developer.mozilla.org/en-US/docs/Web/HTTP/Status/403",2026-07-17T13:03:43.678103
francesoir,bd6t5128809r,,failed,0,0,,http_manifest,known,403,manifest,"Client error '403 ' for url 'https://openapiproext.bnf.fr/iiif/presentation/v3/ark:/12148/bd6t5128809r/manifest.json'
For more information check: https://developer.mozilla.org/en-US/docs/Web/HTTP/Status/403",2026-07-17T13:03:44.878545
francesoir,bd6t5128810p,,failed,0,0,,http_manifest,known,403,manifest,"Client error '403 ' for url 'https://openapiproext.bnf.fr/iiif/presentation/v3/ark:/12148/bd6t5128810p/manifest.json'
For more information check: https://developer.mozilla.org/en-US/docs/Web/HTTP/Status/403",2026-07-17T13:03:46.085041
francesoir,bd6t51288112,,failed,0,0,,http_manifest,known,403,manifest,"Client error '403 ' for url 'https://openapiproext.bnf.fr/iiif/presentation/v3/ark:/12148/bd6t51288112/manifest.json'
For more information check: https://developer.mozilla.org/en-US/docs/Web/HTTP/Status/403",2026-07-17T13:03:47.279717
francesoir,bd6t5128812f,,failed,0,0,,http_manifest,known,403,manifest,"Client error '403 ' for url 'https://openapiproext.bnf.fr/iiif/presentation/v3/ark:/12148/bd6t5128812f/manifest.json'
For more information check: https://developer.mozilla.org/en-US/docs/Web/HTTP/Status/403",2026-07-17T13:03:48.483499
francesoir,bd6t5128813t,,failed,0,0,,http_manifest,known,403,manifest,"Client error '403 ' for url 'https://openapiproext.bnf.fr/iiif/presentation/v3/ark:/12148/bd6t5128813t/manifest.json'
For more information check: https://developer.mozilla.org/en-US/docs/Web/HTTP/Status/403",2026-07-17T13:03:49.709052
francesoir,bd6t51288146,,failed,0,0,,http_manifest,known,403,manifest,"Client error '403 ' for url 'https://openapiproext.bnf.fr/iiif/presentation/v3/ark:/12148/bd6t51288146/manifest.json'
For more information check: https://developer.mozilla.org/en-US/docs/Web/HTTP/Status/403",2026-07-17T13:03:50.887774
francesoir,bd6t5128815k,,failed,0,0,,http_manifest,known,403,manifest,"Client error '403 ' for url 'https://openapiproext.bnf.fr/iiif/presentation/v3/ark:/12148/bd6t5128815k/manifest.json'
For more information check: https://developer.mozilla.org/en-US/docs/Web/HTTP/Status/403",2026-07-17T13:03:52.088982
francesoir,bd6t5128816z,,failed,0,0,,http_manifest,known,403,manifest,"Client error '403 ' for url 'https://openapiproext.bnf.fr/iiif/presentation/v3/ark:/12148/bd6t5128816z/manifest.json'
For more information check: https://developer.mozilla.org/en-US/docs/Web/HTTP/Status/403",2026-07-17T13:03:53.294073
francesoir,bd6t5128817b,,failed,0,0,,http_manifest,known,403,manifest,"Client error '403 ' for url 'https://openapiproext.bnf.fr/iiif/presentation/v3/ark:/12148/bd6t5128817b/manifest.json'
For more information check: https://developer.mozilla.org/en-US/docs/Web/HTTP/Status/403",2026-07-17T13:03:54.494343
francesoir,bd6t5128818q,,failed,0,0,,http_manifest,known,403,manifest,"Client error '403 ' for url 'https://openapiproext.bnf.fr/iiif/presentation/v3/ark:/12148/bd6t5128818q/manifest.json'
For more information check: https://developer.mozilla.org/en-US/docs/Web/HTTP/Status/403",2026-07-17T13:03:55.695823
francesoir,bd6t51288193,,failed,0,0,,http_manifest,known,403,manifest,"Client error '403 ' for url 'https://openapiproext.bnf.fr/iiif/presentation/v3/ark:/12148/bd6t51288193/manifest.json'
For more information check: https://developer.mozilla.org/en-US/docs/Web/HTTP/Status/403",2026-07-17T13:03:56.893856
francesoir,bd6t51288201,,failed,0,0,,http_manifest,known,403,manifest,"Client error '403 ' for url 'https://openapiproext.bnf.fr/iiif/presentation/v3/ark:/12148/bd6t51288201/manifest.json'
For more information check: https://developer.mozilla.org/en-US/docs/Web/HTTP/Status/403",2026-07-17T13:03:58.107176
francesoir,bd6t5128821d,,failed,0,0,,http_manifest,known,403,manifest,"Client error '403 ' for url 'https://openapiproext.bnf.fr/iiif/presentation/v3/ark:/12148/bd6t5128821d/manifest.json'
For more information check: https://developer.mozilla.org/en-US/docs/Web/HTTP/Status/403",2026-07-17T13:03:59.389279
francesoir,bd6t5128822s,,failed,0,0,,http_manifest,known,403,manifest,"Client error '403 ' for url 'https://openapiproext.bnf.fr/iiif/presentation/v3/ark:/12148/bd6t5128822s/manifest.json'
For more information check: https://developer.mozilla.org/en-US/docs/Web/HTTP/Status/403",2026-07-17T13:04:00.507163
francesoir,bd6t51288235,,failed,0,0,,http_manifest,known,403,manifest,"Client error '403 ' for url 'https://openapiproext.bnf.fr/iiif/presentation/v3/ark:/12148/bd6t51288235/manifest.json'
For more information check: https://developer.mozilla.org/en-US/docs/Web/HTTP/Status/403",2026-07-17T13:04:01.807179
francesoir,bd6t5128824j,,failed,0,0,,http_manifest,known,403,manifest,"Client error '403 ' for url 'https://openapiproext.bnf.fr/iiif/presentation/v3/ark:/12148/bd6t5128824j/manifest.json'
For more information check: https://developer.mozilla.org/en-US/docs/Web/HTTP/Status/403",2026-07-17T13:04:02.907187
francesoir,bd6t5128825x,,failed,0,0,,http_manifest,known,403,manifest,"Client error '403 ' for url 'https://openapiproext.bnf.fr/iiif/presentation/v3/ark:/12148/bd6t5128825x/manifest.json'
For more information check: https://developer.mozilla.org/en-US/docs/Web/HTTP/Status/403",2026-07-17T13:04:04.256945
francesoir,bd6t51288269,,failed,0,0,,http_manifest,known,403,manifest,"Client error '403 ' for url 'https://openapiproext.bnf.fr/iiif/presentation/v3/ark:/12148/bd6t51288269/manifest.json'
For more information check: https://developer.mozilla.org/en-US/docs/Web/HTTP/Status/403",2026-07-17T13:04:05.399120
francesoir,bd6t5128827p,,failed,0,0,,http_manifest,known,403,manifest,"Client error '403 ' for url 'https://openapiproext.bnf.fr/iiif/presentation/v3/ark:/12148/bd6t5128827p/manifest.json'
For more information check: https://developer.mozilla.org/en-US/docs/Web/HTTP/Status/403",2026-07-17T13:04:06.614366
francesoir,bd6t51288282,,failed,0,0,,http_manifest,known,403,manifest,"Client error '403 ' for url 'https://openapiproext.bnf.fr/iiif/presentation/v3/ark:/12148/bd6t51288282/manifest.json'
For more information check: https://developer.mozilla.org/en-US/docs/Web/HTTP/Status/403",2026-07-17T13:04:07.835884
francesoir,bd6t5128829f,,failed,0,0,,http_manifest,known,403,manifest,"Client error '403 ' for url 'https://openapiproext.bnf.fr/iiif/presentation/v3/ark:/12148/bd6t5128829f/manifest.json'
For more information check: https://developer.mozilla.org/en-US/docs/Web/HTTP/Status/403",2026-07-17T13:04:08.917362
francesoir,bd6t5128830c,,failed,0,0,,http_manifest,known,403,manifest,"Client error '403 ' for url 'https://openapiproext.bnf.fr/iiif/presentation/v3/ark:/12148/bd6t5128830c/manifest.json'
For more information check: https://developer.mozilla.org/en-US/docs/Web/HTTP/Status/403",2026-07-17T13:04:10.118129
francesoir,bd6t5128831r,,failed,0,0,,http_manifest,known,403,manifest,"Client error '403 ' for url 'https://openapiproext.bnf.fr/iiif/presentation/v3/ark:/12148/bd6t5128831r/manifest.json'
For more information check: https://developer.mozilla.org/en-US/docs/Web/HTTP/Status/403",2026-07-17T13:04:11.386870
francesoir,bd6t51288324,,failed,0,0,,http_manifest,known,403,manifest,"Client error '403 ' for url 'https://openapiproext.bnf.fr/iiif/presentation/v3/ark:/12148/bd6t51288324/manifest.json'
For more information check: https://developer.mozilla.org/en-US/docs/Web/HTTP/Status/403",2026-07-17T13:04:12.520548
francesoir,bd6t5128833h,,failed,0,0,,http_manifest,known,403,manifest,"Client error '403 ' for url 'https://openapiproext.bnf.fr/iiif/presentation/v3/ark:/12148/bd6t5128833h/manifest.json'
For more information check: https://developer.mozilla.org/en-US/docs/Web/HTTP/Status/403",2026-07-17T13:04:13.919387
francesoir,bd6t5128834w,,failed,0,0,,http_manifest,known,403,manifest,"Client error '403 ' for url 'https://openapiproext.bnf.fr/iiif/presentation/v3/ark:/12148/bd6t5128834w/manifest.json'
For more information check: https://developer.mozilla.org/en-US/docs/Web/HTTP/Status/403",2026-07-17T13:04:15.099613
francesoir,bd6t51288358,,failed,0,0,,http_manifest,known,403,manifest,"Client error '403 ' for url 'https://openapiproext.bnf.fr/iiif/presentation/v3/ark:/12148/bd6t51288358/manifest.json'
For more information check: https://developer.mozilla.org/en-US/docs/Web/HTTP/Status/403",2026-07-17T13:04:16.302479
francesoir,bd6t5128836n,,failed,0,0,,http_manifest,known,403,manifest,"Client error '403 ' for url 'https://openapiproext.bnf.fr/iiif/presentation/v3/ark:/12148/bd6t5128836n/manifest.json'
For more information check: https://developer.mozilla.org/en-US/docs/Web/HTTP/Status/403",2026-07-17T13:04:17.326937
francesoir,bd6t51288371,,failed,0,0,,http_manifest,known,403,manifest,"Client error '403 ' for url 'https://openapiproext.bnf.fr/iiif/presentation/v3/ark:/12148/bd6t51288371/manifest.json'
For more information check: https://developer.mozilla.org/en-US/docs/Web/HTTP/Status/403",2026-07-17T13:04:18.522572
francesoir,bd6t5128838d,,failed,0,0,,http_manifest,known,403,manifest,"Client error '403 ' for url 'https://openapiproext.bnf.fr/iiif/presentation/v3/ark:/12148/bd6t5128838d/manifest.json'
For more information check: https://developer.mozilla.org/en-US/docs/Web/HTTP/Status/403",2026-07-17T13:04:19.743019
francesoir,bd6t5128839s,,failed,0,0,,http_manifest,known,403,manifest,"Client error '403 ' for url 'https://openapiproext.bnf.fr/iiif/presentation/v3/ark:/12148/bd6t5128839s/manifest.json'
For more information check: https://developer.mozilla.org/en-US/docs/Web/HTTP/Status/403",2026-07-17T13:04:20.958066
francesoir,bd6t5128840q,,failed,0,0,,http_manifest,known,403,manifest,"Client error '403 ' for url 'https://openapiproext.bnf.fr/iiif/presentation/v3/ark:/12148/bd6t5128840q/manifest.json'
For more information check: https://developer.mozilla.org/en-US/docs/Web/HTTP/Status/403",2026-07-17T13:04:22.126562
francesoir,bd6t51288413,,failed,0,0,,http_manifest,known,403,manifest,"Client error '403 ' for url 'https://openapiproext.bnf.fr/iiif/presentation/v3/ark:/12148/bd6t51288413/manifest.json'
For more information check: https://developer.mozilla.org/en-US/docs/Web/HTTP/Status/403",2026-07-17T13:04:23.328060
francesoir,bd6t5128842g,,failed,0,0,,http_manifest,known,403,manifest,"Client error '403 ' for url 'https://openapiproext.bnf.fr/iiif/presentation/v3/ark:/12148/bd6t5128842g/manifest.json'
For more information check: https://developer.mozilla.org/en-US/docs/Web/HTTP/Status/403",2026-07-17T13:04:24.532063
francesoir,bd6t5128843v,,failed,0,0,,http_manifest,known,403,manifest,"Client error '403 ' for url 'https://openapiproext.bnf.fr/iiif/presentation/v3/ark:/12148/bd6t5128843v/manifest.json'
For more information check: https://developer.mozilla.org/en-US/docs/Web/HTTP/Status/403",2026-07-17T13:04:25.732284
francesoir,bd6t51288447,,failed,0,0,,http_manifest,known,403,manifest,"Client error '403 ' for url 'https://openapiproext.bnf.fr/iiif/presentation/v3/ark:/12148/bd6t51288447/manifest.json'
For more information check: https://developer.mozilla.org/en-US/docs/Web/HTTP/Status/403",2026-07-17T13:04:26.958233
francesoir,bd6t5128845m,,failed,0,0,,http_manifest,known,403,manifest,"Client error '403 ' for url 'https://openapiproext.bnf.fr/iiif/presentation/v3/ark:/12148/bd6t5128845m/manifest.json'
For more information check: https://developer.mozilla.org/en-US/docs/Web/HTTP/Status/403",2026-07-17T13:04:28.132042
francesoir,bd6t51288460,,failed,0,0,,http_manifest,known,403,manifest,"Client error '403 ' for url 'https://openapiproext.bnf.fr/iiif/presentation/v3/ark:/12148/bd6t51288460/manifest.json'
For more information check: https://developer.mozilla.org/en-US/docs/Web/HTTP/Status/403",2026-07-17T13:04:29.335718
francesoir,bd6t5128847c,,failed,0,0,,http_manifest,known,403,manifest,"Client error '403 ' for url 'https://openapiproext.bnf.fr/iiif/presentation/v3/ark:/12148/bd6t5128847c/manifest.json'
For more information check: https://developer.mozilla.org/en-US/docs/Web/HTTP/Status/403",2026-07-17T13:04:30.537752
francesoir,bd6t5128848r,,failed,0,0,,http_manifest,known,403,manifest,"Client error '403 ' for url 'https://openapiproext.bnf.fr/iiif/presentation/v3/ark:/12148/bd6t5128848r/manifest.json'
For more information check: https://developer.mozilla.org/en-US/docs/Web/HTTP/Status/403",2026-07-17T13:04:31.740018
francesoir,bd6t51288494,,failed,0,0,,http_manifest,known,403,manifest,"Client error '403 ' for url 'https://openapiproext.bnf.fr/iiif/presentation/v3/ark:/12148/bd6t51288494/manifest.json'
For more information check: https://developer.mozilla.org/en-US/docs/Web/HTTP/Status/403",2026-07-17T13:04:32.938528
francesoir,bd6t51263792,,failed,0,0,,http_manifest,known,403,manifest,"Client error '403 ' for url 'https://openapiproext.bnf.fr/iiif/presentation/v3/ark:/12148/bd6t51263792/manifest.json'
For more information check: https://developer.mozilla.org/en-US/docs/Web/HTTP/Status/403",2026-07-17T13:04:34.139800
francesoir,bd6t51263800,,failed,0,0,,http_manifest,known,403,manifest,"Client error '403 ' for url 'https://openapiproext.bnf.fr/iiif/presentation/v3/ark:/12148/bd6t51263800/manifest.json'
For more information check: https://developer.mozilla.org/en-US/docs/Web/HTTP/Status/403",2026-07-17T13:04:35.338844
francesoir,bd6t5126381c,,failed,0,0,,http_manifest,known,403,manifest,"Client error '403 ' for url 'https://openapiproext.bnf.fr/iiif/presentation/v3/ark:/12148/bd6t5126381c/manifest.json'
For more information check: https://developer.mozilla.org/en-US/docs/Web/HTTP/Status/403",2026-07-17T13:04:36.543464
francesoir,bd6t5126382r,,failed,0,0,,http_manifest,known,403,manifest,"Client error '403 ' for url 'https://openapiproext.bnf.fr/iiif/presentation/v3/ark:/12148/bd6t5126382r/manifest.json'
For more information check: https://developer.mozilla.org/en-US/docs/Web/HTTP/Status/403",2026-07-17T13:04:37.745070
francesoir,bd6t51263834,,failed,0,0,,http_manifest,known,403,manifest,"Client error '403 ' for url 'https://openapiproext.bnf.fr/iiif/presentation/v3/ark:/12148/bd6t51263834/manifest.json'
For more information check: https://developer.mozilla.org/en-US/docs/Web/HTTP/Status/403",2026-07-17T13:04:38.973201
francesoir,bd6t5126384h,,failed,0,0,,http_manifest,known,403,manifest,"Client error '403 ' for url 'https://openapiproext.bnf.fr/iiif/presentation/v3/ark:/12148/bd6t5126384h/manifest.json'
For more information check: https://developer.mozilla.org/en-US/docs/Web/HTTP/Status/403",2026-07-17T13:04:40.150110
francesoir,bd6t5126385w,,failed,0,0,,http_manifest,known,403,manifest,"Client error '403 ' for url 'https://openapiproext.bnf.fr/iiif/presentation/v3/ark:/12148/bd6t5126385w/manifest.json'
For more information check: https://developer.mozilla.org/en-US/docs/Web/HTTP/Status/403",2026-07-17T13:04:41.347918
francesoir,bd6t51263868,,failed,0,0,,http_manifest,known,403,manifest,"Client error '403 ' for url 'https://openapiproext.bnf.fr/iiif/presentation/v3/ark:/12148/bd6t51263868/manifest.json'
For more information check: https://developer.mozilla.org/en-US/docs/Web/HTTP/Status/403",2026-07-17T13:04:42.547769
francesoir,bd6t5126387n,,failed,0,0,,http_manifest,known,403,manifest,"Client error '403 ' for url 'https://openapiproext.bnf.fr/iiif/presentation/v3/ark:/12148/bd6t5126387n/manifest.json'
For more information check: https://developer.mozilla.org/en-US/docs/Web/HTTP/Status/403",2026-07-17T13:04:43.753927
francesoir,bd6t51263881,,failed,0,0,,http_manifest,known,403,manifest,"Client error '403 ' for url 'https://openapiproext.bnf.fr/iiif/presentation/v3/ark:/12148/bd6t51263881/manifest.json'
For more information check: https://developer.mozilla.org/en-US/docs/Web/HTTP/Status/403",2026-07-17T13:04:44.978643
francesoir,bd6t5126389d,,failed,0,0,,http_manifest,known,403,manifest,"Client error '403 ' for url 'https://openapiproext.bnf.fr/iiif/presentation/v3/ark:/12148/bd6t5126389d/manifest.json'
For more information check: https://developer.mozilla.org/en-US/docs/Web/HTTP/Status/403",2026-07-17T13:04:46.153166
francesoir,bd6t5126390b,,failed,0,0,,http_manifest,known,403,manifest,"Client error '403 ' for url 'https://openapiproext.bnf.fr/iiif/presentation/v3/ark:/12148/bd6t5126390b/manifest.json'
For more information check: https://developer.mozilla.org/en-US/docs/Web/HTTP/Status/403",2026-07-17T13:04:47.358351
francesoir,bd6t5126391q,,failed,0,0,,http_manifest,known,403,manifest,"Client error '403 ' for url 'https://openapiproext.bnf.fr/iiif/presentation/v3/ark:/12148/bd6t5126391q/manifest.json'
For more information check: https://developer.mozilla.org/en-US/docs/Web/HTTP/Status/403",2026-07-17T13:04:48.563135
francesoir,bd6t51263923,,failed,0,0,,http_manifest,known,403,manifest,"Client error '403 ' for url 'https://openapiproext.bnf.fr/iiif/presentation/v3/ark:/12148/bd6t51263923/manifest.json'
For more information check: https://developer.mozilla.org/en-US/docs/Web/HTTP/Status/403",2026-07-17T13:04:49.759502
francesoir,bd6t5126393g,,failed,0,0,,http_manifest,known,403,manifest,"Client error '403 ' for url 'https://openapiproext.bnf.fr/iiif/presentation/v3/ark:/12148/bd6t5126393g/manifest.json'
For more information check: https://developer.mozilla.org/en-US/docs/Web/HTTP/Status/403",2026-07-17T13:04:50.965044
francesoir,bd6t5126394v,,failed,0,0,,http_manifest,known,403,manifest,"Client error '403 ' for url 'https://openapiproext.bnf.fr/iiif/presentation/v3/ark:/12148/bd6t5126394v/manifest.json'
For more information check: https://developer.mozilla.org/en-US/docs/Web/HTTP/Status/403",2026-07-17T13:04:52.164321
francesoir,bd6t51263957,,failed,0,0,,http_manifest,known,403,manifest,"Client error '403 ' for url 'https://openapiproext.bnf.fr/iiif/presentation/v3/ark:/12148/bd6t51263957/manifest.json'
For more information check: https://developer.mozilla.org/en-US/docs/Web/HTTP/Status/403",2026-07-17T13:04:53.361597
francesoir,bd6t5126396m,,failed,0,0,,http_manifest,known,403,manifest,"Client error '403 ' for url 'https://openapiproext.bnf.fr/iiif/presentation/v3/ark:/12148/bd6t5126396m/manifest.json'
For more information check: https://developer.mozilla.org/en-US/docs/Web/HTTP/Status/403",2026-07-17T13:04:54.573005
francesoir,bd6t51263970,,failed,0,0,,http_manifest,known,403,manifest,"Client error '403 ' for url 'https://openapiproext.bnf.fr/iiif/presentation/v3/ark:/12148/bd6t51263970/manifest.json'
For more information check: https://developer.mozilla.org/en-US/docs/Web/HTTP/Status/403",2026-07-17T13:04:55.769774
francesoir,bd6t5126398c,,failed,0,0,,http_manifest,known,403,manifest,"Client error '403 ' for url 'https://openapiproext.bnf.fr/iiif/presentation/v3/ark:/12148/bd6t5126398c/manifest.json'
For more information check: https://developer.mozilla.org/en-US/docs/Web/HTTP/Status/403",2026-07-17T13:04:56.985083
francesoir,bd6t5126399r,,failed,0,0,,http_manifest,known,403,manifest,"Client error '403 ' for url 'https://openapiproext.bnf.fr/iiif/presentation/v3/ark:/12148/bd6t5126399r/manifest.json'
For more information check: https://developer.mozilla.org/en-US/docs/Web/HTTP/Status/403",2026-07-17T13:04:58.174015
francesoir,bd6t5126400j,,failed,0,0,,http_manifest,known,403,manifest,"Client error '403 ' for url 'https://openapiproext.bnf.fr/iiif/presentation/v3/ark:/12148/bd6t5126400j/manifest.json'
For more information check: https://developer.mozilla.org/en-US/docs/Web/HTTP/Status/403",2026-07-17T13:04:59.480212
francesoir,bd6t5126401x,,failed,0,0,,http_manifest,known,403,manifest,"Client error '403 ' for url 'https://openapiproext.bnf.fr/iiif/presentation/v3/ark:/12148/bd6t5126401x/manifest.json'
For more information check: https://developer.mozilla.org/en-US/docs/Web/HTTP/Status/403",2026-07-17T13:05:00.575835
francesoir,bd6t51264029,,failed,0,0,,http_manifest,known,403,manifest,"Client error '403 ' for url 'https://openapiproext.bnf.fr/iiif/presentation/v3/ark:/12148/bd6t51264029/manifest.json'
For more information check: https://developer.mozilla.org/en-US/docs/Web/HTTP/Status/403",2026-07-17T13:05:01.936726
francesoir,bd6t5126403p,,failed,0,0,,http_manifest,known,403,manifest,"Client error '403 ' for url 'https://openapiproext.bnf.fr/iiif/presentation/v3/ark:/12148/bd6t5126403p/manifest.json'
For more information check: https://developer.mozilla.org/en-US/docs/Web/HTTP/Status/403",2026-07-17T13:05:03.006840
francesoir,bd6t51264042,,failed,0,0,,http_manifest,known,403,manifest,"Client error '403 ' for url 'https://openapiproext.bnf.fr/iiif/presentation/v3/ark:/12148/bd6t51264042/manifest.json'
For more information check: https://developer.mozilla.org/en-US/docs/Web/HTTP/Status/403",2026-07-17T13:05:04.316094
francesoir,bd6t5126405f,,failed,0,0,,http_manifest,known,403,manifest,"Client error '403 ' for url 'https://openapiproext.bnf.fr/iiif/presentation/v3/ark:/12148/bd6t5126405f/manifest.json'
For more information check: https://developer.mozilla.org/en-US/docs/Web/HTTP/Status/403",2026-07-17T13:05:05.410609
francesoir,bd6t5126406t,,failed,0,0,,http_manifest,known,403,manifest,"Client error '403 ' for url 'https://openapiproext.bnf.fr/iiif/presentation/v3/ark:/12148/bd6t5126406t/manifest.json'
For more information check: https://developer.mozilla.org/en-US/docs/Web/HTTP/Status/403",2026-07-17T13:05:06.696271
francesoir,bd6t51264076,,failed,0,0,,http_manifest,known,403,manifest,"Client error '403 ' for url 'https://openapiproext.bnf.fr/iiif/presentation/v3/ark:/12148/bd6t51264076/manifest.json'
For more information check: https://developer.mozilla.org/en-US/docs/Web/HTTP/Status/403",2026-07-17T13:05:07.781789
francesoir,bd6t5126408k,,failed,0,0,,http_manifest,known,403,manifest,"Client error '403 ' for url 'https://openapiproext.bnf.fr/iiif/presentation/v3/ark:/12148/bd6t5126408k/manifest.json'
For more information check: https://developer.mozilla.org/en-US/docs/Web/HTTP/Status/403",2026-07-17T13:05:09.019745
francesoir,bd6t5126409z,,failed,0,0,,http_manifest,known,403,manifest,"Client error '403 ' for url 'https://openapiproext.bnf.fr/iiif/presentation/v3/ark:/12148/bd6t5126409z/manifest.json'
For more information check: https://developer.mozilla.org/en-US/docs/Web/HTTP/Status/403",2026-07-17T13:05:10.186320
francesoir,bd6t5126410w,,failed,0,0,,http_manifest,known,403,manifest,"Client error '403 ' for url 'https://openapiproext.bnf.fr/iiif/presentation/v3/ark:/12148/bd6t5126410w/manifest.json'
For more information check: https://developer.mozilla.org/en-US/docs/Web/HTTP/Status/403",2026-07-17T13:05:11.434276
francesoir,bd6t51264118,,failed,0,0,,http_manifest,known,403,manifest,"Client error '403 ' for url 'https://openapiproext.bnf.fr/iiif/presentation/v3/ark:/12148/bd6t51264118/manifest.json'
For more information check: https://developer.mozilla.org/en-US/docs/Web/HTTP/Status/403",2026-07-17T13:05:12.727537
francesoir,bd6t5126412n,,failed,0,0,,http_manifest,known,403,manifest,"Client error '403 ' for url 'https://openapiproext.bnf.fr/iiif/presentation/v3/ark:/12148/bd6t5126412n/manifest.json'
For more information check: https://developer.mozilla.org/en-US/docs/Web/HTTP/Status/403",2026-07-17T13:05:13.795991
francesoir,bd6t51264131,,failed,0,0,,http_manifest,known,403,manifest,"Client error '403 ' for url 'https://openapiproext.bnf.fr/iiif/presentation/v3/ark:/12148/bd6t51264131/manifest.json'
For more information check: https://developer.mozilla.org/en-US/docs/Web/HTTP/Status/403",2026-07-17T13:05:15.022427
francesoir,bd6t5126414d,,failed,0,0,,http_manifest,known,403,manifest,"Client error '403 ' for url 'https://openapiproext.bnf.fr/iiif/presentation/v3/ark:/12148/bd6t5126414d/manifest.json'
For more information check: https://developer.mozilla.org/en-US/docs/Web/HTTP/Status/403",2026-07-17T13:05:16.196286
francesoir,bd6t5126415s,,failed,0,0,,http_manifest,known,403,manifest,"Client error '403 ' for url 'https://openapiproext.bnf.fr/iiif/presentation/v3/ark:/12148/bd6t5126415s/manifest.json'
For more information check: https://developer.mozilla.org/en-US/docs/Web/HTTP/Status/403",2026-07-17T13:05:17.498378
francesoir,bd6t51264165,,failed,0,0,,http_manifest,known,403,manifest,"Client error '403 ' for url 'https://openapiproext.bnf.fr/iiif/presentation/v3/ark:/12148/bd6t51264165/manifest.json'
For more information check: https://developer.mozilla.org/en-US/docs/Web/HTTP/Status/403",2026-07-17T13:05:18.649555
francesoir,bd6t5126417j,,failed,0,0,,http_manifest,known,403,manifest,"Client error '403 ' for url 'https://openapiproext.bnf.fr/iiif/presentation/v3/ark:/12148/bd6t5126417j/manifest.json'
For more information check: https://developer.mozilla.org/en-US/docs/Web/HTTP/Status/403",2026-07-17T13:05:19.915950
francesoir,bd6t5126418x,,failed,0,0,,http_manifest,known,403,manifest,"Client error '403 ' for url 'https://openapiproext.bnf.fr/iiif/presentation/v3/ark:/12148/bd6t5126418x/manifest.json'
For more information check: https://developer.mozilla.org/en-US/docs/Web/HTTP/Status/403",2026-07-17T13:05:21.007351
francesoir,bd6t51264199,,failed,0,0,,http_manifest,known,403,manifest,"Client error '403 ' for url 'https://openapiproext.bnf.fr/iiif/presentation/v3/ark:/12148/bd6t51264199/manifest.json'
For more information check: https://developer.mozilla.org/en-US/docs/Web/HTTP/Status/403",2026-07-17T13:05:22.228159
francesoir,bd6t51264207,,failed,0,0,,http_manifest,known,403,manifest,"Client error '403 ' for url 'https://openapiproext.bnf.fr/iiif/presentation/v3/ark:/12148/bd6t51264207/manifest.json'
For more information check: https://developer.mozilla.org/en-US/docs/Web/HTTP/Status/403",2026-07-17T13:05:23.407946
francesoir,bd6t5126421m,,failed,0,0,,http_manifest,known,403,manifest,"Client error '403 ' for url 'https://openapiproext.bnf.fr/iiif/presentation/v3/ark:/12148/bd6t5126421m/manifest.json'
For more information check: https://developer.mozilla.org/en-US/docs/Web/HTTP/Status/403",2026-07-17T13:05:24.606670
francesoir,bd6t51264220,,failed,0,0,,http_manifest,known,403,manifest,"Client error '403 ' for url 'https://openapiproext.bnf.fr/iiif/presentation/v3/ark:/12148/bd6t51264220/manifest.json'
For more information check: https://developer.mozilla.org/en-US/docs/Web/HTTP/Status/403",2026-07-17T13:05:25.807189
francesoir,bd6t5126423c,,failed,0,0,,http_manifest,known,403,manifest,"Client error '403 ' for url 'https://openapiproext.bnf.fr/iiif/presentation/v3/ark:/12148/bd6t5126423c/manifest.json'
For more information check: https://developer.mozilla.org/en-US/docs/Web/HTTP/Status/403",2026-07-17T13:05:27.043092
francesoir,bd6t5126424r,,failed,0,0,,http_manifest,known,403,manifest,"Client error '403 ' for url 'https://openapiproext.bnf.fr/iiif/presentation/v3/ark:/12148/bd6t5126424r/manifest.json'
For more information check: https://developer.mozilla.org/en-US/docs/Web/HTTP/Status/403",2026-07-17T13:05:28.209413
francesoir,bd6t51264254,,failed,0,0,,http_manifest,known,403,manifest,"Client error '403 ' for url 'https://openapiproext.bnf.fr/iiif/presentation/v3/ark:/12148/bd6t51264254/manifest.json'
For more information check: https://developer.mozilla.org/en-US/docs/Web/HTTP/Status/403",2026-07-17T13:05:29.410053
francesoir,bd6t5126426h,,failed,0,0,,http_manifest,known,403,manifest,"Client error '403 ' for url 'https://openapiproext.bnf.fr/iiif/presentation/v3/ark:/12148/bd6t5126426h/manifest.json'
For more information check: https://developer.mozilla.org/en-US/docs/Web/HTTP/Status/403",2026-07-17T13:05:30.611761
francesoir,bd6t5126427w,,failed,0,0,,http_manifest,known,403,manifest,"Client error '403 ' for url 'https://openapiproext.bnf.fr/iiif/presentation/v3/ark:/12148/bd6t5126427w/manifest.json'
For more information check: https://developer.mozilla.org/en-US/docs/Web/HTTP/Status/403",2026-07-17T13:05:31.818370
francesoir,bd6t51264288,,failed,0,0,,http_manifest,known,403,manifest,"Client error '403 ' for url 'https://openapiproext.bnf.fr/iiif/presentation/v3/ark:/12148/bd6t51264288/manifest.json'
For more information check: https://developer.mozilla.org/en-US/docs/Web/HTTP/Status/403",2026-07-17T13:05:33.016762
francesoir,bd6t5126429n,,failed,0,0,,http_manifest,known,403,manifest,"Client error '403 ' for url 'https://openapiproext.bnf.fr/iiif/presentation/v3/ark:/12148/bd6t5126429n/manifest.json'
For more information check: https://developer.mozilla.org/en-US/docs/Web/HTTP/Status/403",2026-07-17T13:05:34.217408
francesoir,bd6t5126430k,,failed,0,0,,http_manifest,known,403,manifest,"Client error '403 ' for url 'https://openapiproext.bnf.fr/iiif/presentation/v3/ark:/12148/bd6t5126430k/manifest.json'
For more information check: https://developer.mozilla.org/en-US/docs/Web/HTTP/Status/403",2026-07-17T13:05:35.423817
francesoir,bd6t5126431z,,failed,0,0,,http_manifest,known,403,manifest,"Client error '403 ' for url 'https://openapiproext.bnf.fr/iiif/presentation/v3/ark:/12148/bd6t5126431z/manifest.json'
For more information check: https://developer.mozilla.org/en-US/docs/Web/HTTP/Status/403",2026-07-17T13:05:36.623503
francesoir,bd6t5126432b,,failed,0,0,,http_manifest,known,403,manifest,"Client error '403 ' for url 'https://openapiproext.bnf.fr/iiif/presentation/v3/ark:/12148/bd6t5126432b/manifest.json'
For more information check: https://developer.mozilla.org/en-US/docs/Web/HTTP/Status/403",2026-07-17T13:05:37.828278
francesoir,bd6t5126433q,,failed,0,0,,http_manifest,known,403,manifest,"Client error '403 ' for url 'https://openapiproext.bnf.fr/iiif/presentation/v3/ark:/12148/bd6t5126433q/manifest.json'
For more information check: https://developer.mozilla.org/en-US/docs/Web/HTTP/Status/403",2026-07-17T13:05:39.053426
francesoir,bd6t51264343,,failed,0,0,,http_manifest,known,403,manifest,"Client error '403 ' for url 'https://openapiproext.bnf.fr/iiif/presentation/v3/ark:/12148/bd6t51264343/manifest.json'
For more information check: https://developer.mozilla.org/en-US/docs/Web/HTTP/Status/403",2026-07-17T13:05:40.230597
francesoir,bd6t5126435g,,failed,0,0,,http_manifest,known,403,manifest,"Client error '403 ' for url 'https://openapiproext.bnf.fr/iiif/presentation/v3/ark:/12148/bd6t5126435g/manifest.json'
For more information check: https://developer.mozilla.org/en-US/docs/Web/HTTP/Status/403",2026-07-17T13:05:41.432009
francesoir,bd6t5126436v,,failed,0,0,,http_manifest,known,403,manifest,"Client error '403 ' for url 'https://openapiproext.bnf.fr/iiif/presentation/v3/ark:/12148/bd6t5126436v/manifest.json'
For more information check: https://developer.mozilla.org/en-US/docs/Web/HTTP/Status/403",2026-07-17T13:05:42.636293
francesoir,bd6t51264377,,failed,0,0,,http_manifest,known,403,manifest,"Client error '403 ' for url 'https://openapiproext.bnf.fr/iiif/presentation/v3/ark:/12148/bd6t51264377/manifest.json'
For more information check: https://developer.mozilla.org/en-US/docs/Web/HTTP/Status/403",2026-07-17T13:05:43.838982
francesoir,bd6t5126438m,,failed,0,0,,http_manifest,known,403,manifest,"Client error '403 ' for url 'https://openapiproext.bnf.fr/iiif/presentation/v3/ark:/12148/bd6t5126438m/manifest.json'
For more information check: https://developer.mozilla.org/en-US/docs/Web/HTTP/Status/403",2026-07-17T13:05:45.052297
francesoir,bd6t51264390,,failed,0,0,,http_manifest,known,403,manifest,"Client error '403 ' for url 'https://openapiproext.bnf.fr/iiif/presentation/v3/ark:/12148/bd6t51264390/manifest.json'
For more information check: https://developer.mozilla.org/en-US/docs/Web/HTTP/Status/403",2026-07-17T13:05:46.237353
francesoir,bd6t5126440x,,failed,0,0,,http_manifest,known,403,manifest,"Client error '403 ' for url 'https://openapiproext.bnf.fr/iiif/presentation/v3/ark:/12148/bd6t5126440x/manifest.json'
For more information check: https://developer.mozilla.org/en-US/docs/Web/HTTP/Status/403",2026-07-17T13:05:47.439854
francesoir,bd6t51264419,,failed,0,0,,http_manifest,known,403,manifest,"Client error '403 ' for url 'https://openapiproext.bnf.fr/iiif/presentation/v3/ark:/12148/bd6t51264419/manifest.json'
For more information check: https://developer.mozilla.org/en-US/docs/Web/HTTP/Status/403",2026-07-17T13:05:48.648362
francesoir,bd6t5126442p,,failed,0,0,,http_manifest,known,403,manifest,"Client error '403 ' for url 'https://openapiproext.bnf.fr/iiif/presentation/v3/ark:/12148/bd6t5126442p/manifest.json'
For more information check: https://developer.mozilla.org/en-US/docs/Web/HTTP/Status/403",2026-07-17T13:05:49.839931
francesoir,bd6t51264432,,failed,0,0,,http_manifest,known,403,manifest,"Client error '403 ' for url 'https://openapiproext.bnf.fr/iiif/presentation/v3/ark:/12148/bd6t51264432/manifest.json'
For more information check: https://developer.mozilla.org/en-US/docs/Web/HTTP/Status/403",2026-07-17T13:05:51.045184
francesoir,bd6t5126444f,,failed,0,0,,http_manifest,known,403,manifest,"Client error '403 ' for url 'https://openapiproext.bnf.fr/iiif/presentation/v3/ark:/12148/bd6t5126444f/manifest.json'
For more information check: https://developer.mozilla.org/en-US/docs/Web/HTTP/Status/403",2026-07-17T13:05:52.250874
francesoir,bd6t5126445t,,failed,0,0,,http_manifest,known,403,manifest,"Client error '403 ' for url 'https://openapiproext.bnf.fr/iiif/presentation/v3/ark:/12148/bd6t5126445t/manifest.json'
For more information check: https://developer.mozilla.org/en-US/docs/Web/HTTP/Status/403",2026-07-17T13:05:53.452574
francesoir,bd6t51264466,,failed,0,0,,http_manifest,known,403,manifest,"Client error '403 ' for url 'https://openapiproext.bnf.fr/iiif/presentation/v3/ark:/12148/bd6t51264466/manifest.json'
For more information check: https://developer.mozilla.org/en-US/docs/Web/HTTP/Status/403",2026-07-17T13:05:54.650004
francesoir,bd6t5126447k,,failed,0,0,,http_manifest,known,403,manifest,"Client error '403 ' for url 'https://openapiproext.bnf.fr/iiif/presentation/v3/ark:/12148/bd6t5126447k/manifest.json'
For more information check: https://developer.mozilla.org/en-US/docs/Web/HTTP/Status/403",2026-07-17T13:05:55.849475
francesoir,bd6t5126448z,,failed,0,0,,http_manifest,known,403,manifest,"Client error '403 ' for url 'https://openapiproext.bnf.fr/iiif/presentation/v3/ark:/12148/bd6t5126448z/manifest.json'
For more information check: https://developer.mozilla.org/en-US/docs/Web/HTTP/Status/403",2026-07-17T13:05:57.079019
francesoir,bd6t5126449b,,failed,0,0,,http_manifest,known,403,manifest,"Client error '403 ' for url 'https://openapiproext.bnf.fr/iiif/presentation/v3/ark:/12148/bd6t5126449b/manifest.json'
For more information check: https://developer.mozilla.org/en-US/docs/Web/HTTP/Status/403",2026-07-17T13:05:58.439342
francesoir,bd6t51264508,,failed,0,0,,http_manifest,known,403,manifest,"Client error '403 ' for url 'https://openapiproext.bnf.fr/iiif/presentation/v3/ark:/12148/bd6t51264508/manifest.json'
For more information check: https://developer.mozilla.org/en-US/docs/Web/HTTP/Status/403",2026-07-17T13:05:59.579056
francesoir,bd6t5126451n,,failed,0,0,,http_manifest,known,403,manifest,"Client error '403 ' for url 'https://openapiproext.bnf.fr/iiif/presentation/v3/ark:/12148/bd6t5126451n/manifest.json'
For more information check: https://developer.mozilla.org/en-US/docs/Web/HTTP/Status/403",2026-07-17T13:06:00.658534
francesoir,bd6t51264521,,failed,0,0,,http_manifest,known,403,manifest,"Client error '403 ' for url 'https://openapiproext.bnf.fr/iiif/presentation/v3/ark:/12148/bd6t51264521/manifest.json'
For more information check: https://developer.mozilla.org/en-US/docs/Web/HTTP/Status/403",2026-07-17T13:06:01.924747
francesoir,bd6t5126453d,,failed,0,0,,http_manifest,known,403,manifest,"Client error '403 ' for url 'https://openapiproext.bnf.fr/iiif/presentation/v3/ark:/12148/bd6t5126453d/manifest.json'
For more information check: https://developer.mozilla.org/en-US/docs/Web/HTTP/Status/403",2026-07-17T13:06:03.060249
francesoir,bd6t5126454s,,failed,0,0,,http_manifest,known,403,manifest,"Client error '403 ' for url 'https://openapiproext.bnf.fr/iiif/presentation/v3/ark:/12148/bd6t5126454s/manifest.json'
For more information check: https://developer.mozilla.org/en-US/docs/Web/HTTP/Status/403",2026-07-17T13:06:04.350622
francesoir,bd6t51264555,,failed,0,0,,http_manifest,known,403,manifest,"Client error '403 ' for url 'https://openapiproext.bnf.fr/iiif/presentation/v3/ark:/12148/bd6t51264555/manifest.json'
For more information check: https://developer.mozilla.org/en-US/docs/Web/HTTP/Status/403",2026-07-17T13:06:05.499706
francesoir,bd6t5126456j,,failed,0,0,,http_manifest,known,403,manifest,"Client error '403 ' for url 'https://openapiproext.bnf.fr/iiif/presentation/v3/ark:/12148/bd6t5126456j/manifest.json'
For more information check: https://developer.mozilla.org/en-US/docs/Web/HTTP/Status/403",2026-07-17T13:06:06.849507
francesoir,bd6t5126457x,,failed,0,0,,http_manifest,known,403,manifest,"Client error '403 ' for url 'https://openapiproext.bnf.fr/iiif/presentation/v3/ark:/12148/bd6t5126457x/manifest.json'
For more information check: https://developer.mozilla.org/en-US/docs/Web/HTTP/Status/403",2026-07-17T13:06:07.868650
francesoir,bd6t5130625b,,failed,0,0,,http_manifest,known,403,manifest,"Client error '403 ' for url 'https://openapiproext.bnf.fr/iiif/presentation/v3/ark:/12148/bd6t5130625b/manifest.json'
For more information check: https://developer.mozilla.org/en-US/docs/Web/HTTP/Status/403",2026-07-17T13:06:09.243524
francesoir,bd6t5130626q,,failed,0,0,,http_manifest,known,403,manifest,"Client error '403 ' for url 'https://openapiproext.bnf.fr/iiif/presentation/v3/ark:/12148/bd6t5130626q/manifest.json'
For more information check: https://developer.mozilla.org/en-US/docs/Web/HTTP/Status/403",2026-07-17T13:06:10.348036
francesoir,bd6t51306273,,failed,0,0,,http_manifest,known,403,manifest,"Client error '403 ' for url 'https://openapiproext.bnf.fr/iiif/presentation/v3/ark:/12148/bd6t51306273/manifest.json'
For more information check: https://developer.mozilla.org/en-US/docs/Web/HTTP/Status/403",2026-07-17T13:06:11.475112
francesoir,bd6t5130628g,,failed,0,0,,http_manifest,known,403,manifest,"Client error '403 ' for url 'https://openapiproext.bnf.fr/iiif/presentation/v3/ark:/12148/bd6t5130628g/manifest.json'
For more information check: https://developer.mozilla.org/en-US/docs/Web/HTTP/Status/403",2026-07-17T13:06:12.876084
francesoir,bd6t5130629v,,failed,0,0,,http_manifest,known,403,manifest,"Client error '403 ' for url 'https://openapiproext.bnf.fr/iiif/presentation/v3/ark:/12148/bd6t5130629v/manifest.json'
For more information check: https://developer.mozilla.org/en-US/docs/Web/HTTP/Status/403",2026-07-17T13:06:13.936818
francesoir,bd6t5130630s,,failed,0,0,,http_manifest,known,403,manifest,"Client error '403 ' for url 'https://openapiproext.bnf.fr/iiif/presentation/v3/ark:/12148/bd6t5130630s/manifest.json'
For more information check: https://developer.mozilla.org/en-US/docs/Web/HTTP/Status/403",2026-07-17T13:06:15.213593
francesoir,bd6t51306315,,failed,0,0,,http_manifest,known,403,manifest,"Client error '403 ' for url 'https://openapiproext.bnf.fr/iiif/presentation/v3/ark:/12148/bd6t51306315/manifest.json'
For more information check: https://developer.mozilla.org/en-US/docs/Web/HTTP/Status/403",2026-07-17T13:06:16.284144
francesoir,bd6t5130632j,,failed,0,0,,http_manifest,known,403,manifest,"Client error '403 ' for url 'https://openapiproext.bnf.fr/iiif/presentation/v3/ark:/12148/bd6t5130632j/manifest.json'
For more information check: https://developer.mozilla.org/en-US/docs/Web/HTTP/Status/403",2026-07-17T13:06:17.485925
francesoir,bd6t5130633x,,failed,0,0,,http_manifest,known,403,manifest,"Client error '403 ' for url 'https://openapiproext.bnf.fr/iiif/presentation/v3/ark:/12148/bd6t5130633x/manifest.json'
For more information check: https://developer.mozilla.org/en-US/docs/Web/HTTP/Status/403",2026-07-17T13:06:18.804068
francesoir,bd6t51306349,,failed,0,0,,http_manifest,known,403,manifest,"Client error '403 ' for url 'https://openapiproext.bnf.fr/iiif/presentation/v3/ark:/12148/bd6t51306349/manifest.json'
For more information check: https://developer.mozilla.org/en-US/docs/Web/HTTP/Status/403",2026-07-17T13:06:19.883964
francesoir,bd6t5130635p,,failed,0,0,,http_manifest,known,403,manifest,"Client error '403 ' for url 'https://openapiproext.bnf.fr/iiif/presentation/v3/ark:/12148/bd6t5130635p/manifest.json'
For more information check: https://developer.mozilla.org/en-US/docs/Web/HTTP/Status/403",2026-07-17T13:06:21.107130
francesoir,bd6t51306362,,failed,0,0,,http_manifest,known,403,manifest,"Client error '403 ' for url 'https://openapiproext.bnf.fr/iiif/presentation/v3/ark:/12148/bd6t51306362/manifest.json'
For more information check: https://developer.mozilla.org/en-US/docs/Web/HTTP/Status/403",2026-07-17T13:06:22.291287
francesoir,bd6t5130637f,,failed,0,0,,http_manifest,known,403,manifest,"Client error '403 ' for url 'https://openapiproext.bnf.fr/iiif/presentation/v3/ark:/12148/bd6t5130637f/manifest.json'
For more information check: https://developer.mozilla.org/en-US/docs/Web/HTTP/Status/403",2026-07-17T13:06:23.492256
francesoir,bd6t5130638t,,failed,0,0,,http_manifest,known,403,manifest,"Client error '403 ' for url 'https://openapiproext.bnf.fr/iiif/presentation/v3/ark:/12148/bd6t5130638t/manifest.json'
For more information check: https://developer.mozilla.org/en-US/docs/Web/HTTP/Status/403",2026-07-17T13:06:24.710183
francesoir,bd6t51306396,,failed,0,0,,http_manifest,known,403,manifest,"Client error '403 ' for url 'https://openapiproext.bnf.fr/iiif/presentation/v3/ark:/12148/bd6t51306396/manifest.json'
For more information check: https://developer.mozilla.org/en-US/docs/Web/HTTP/Status/403",2026-07-17T13:06:25.895854
francesoir,bd6t51306404,,failed,0,0,,http_manifest,known,403,manifest,"Client error '403 ' for url 'https://openapiproext.bnf.fr/iiif/presentation/v3/ark:/12148/bd6t51306404/manifest.json'
For more information check: https://developer.mozilla.org/en-US/docs/Web/HTTP/Status/403",2026-07-17T13:06:27.093617
francesoir,bd6t5130641h,,failed,0,0,,http_manifest,known,403,manifest,"Client error '403 ' for url 'https://openapiproext.bnf.fr/iiif/presentation/v3/ark:/12148/bd6t5130641h/manifest.json'
For more information check: https://developer.mozilla.org/en-US/docs/Web/HTTP/Status/403",2026-07-17T13:06:28.302346
francesoir,bd6t5130642w,,failed,0,0,,http_manifest,known,403,manifest,"Client error '403 ' for url 'https://openapiproext.bnf.fr/iiif/presentation/v3/ark:/12148/bd6t5130642w/manifest.json'
For more information check: https://developer.mozilla.org/en-US/docs/Web/HTTP/Status/403",2026-07-17T13:06:29.502670
francesoir,bd6t51306438,,failed,0,0,,http_manifest,known,403,manifest,"Client error '403 ' for url 'https://openapiproext.bnf.fr/iiif/presentation/v3/ark:/12148/bd6t51306438/manifest.json'
For more information check: https://developer.mozilla.org/en-US/docs/Web/HTTP/Status/403",2026-07-17T13:06:30.696975
francesoir,bd6t5130644n,,failed,0,0,,http_manifest,known,403,manifest,"Client error '403 ' for url 'https://openapiproext.bnf.fr/iiif/presentation/v3/ark:/12148/bd6t5130644n/manifest.json'
For more information check: https://developer.mozilla.org/en-US/docs/Web/HTTP/Status/403",2026-07-17T13:06:31.902918
francesoir,bd6t51306451,,failed,0,0,,http_manifest,known,403,manifest,"Client error '403 ' for url 'https://openapiproext.bnf.fr/iiif/presentation/v3/ark:/12148/bd6t51306451/manifest.json'
For more information check: https://developer.mozilla.org/en-US/docs/Web/HTTP/Status/403",2026-07-17T13:06:33.103649
francesoir,bd6t5130646d,,failed,0,0,,http_manifest,known,403,manifest,"Client error '403 ' for url 'https://openapiproext.bnf.fr/iiif/presentation/v3/ark:/12148/bd6t5130646d/manifest.json'
For more information check: https://developer.mozilla.org/en-US/docs/Web/HTTP/Status/403",2026-07-17T13:06:34.304831
francesoir,bd6t5130647s,,failed,0,0,,http_manifest,known,403,manifest,"Client error '403 ' for url 'https://openapiproext.bnf.fr/iiif/presentation/v3/ark:/12148/bd6t5130647s/manifest.json'
For more information check: https://developer.mozilla.org/en-US/docs/Web/HTTP/Status/403",2026-07-17T13:06:35.527989
francesoir,bd6t51306485,,failed,0,0,,http_manifest,known,403,manifest,"Client error '403 ' for url 'https://openapiproext.bnf.fr/iiif/presentation/v3/ark:/12148/bd6t51306485/manifest.json'
For more information check: https://developer.mozilla.org/en-US/docs/Web/HTTP/Status/403",2026-07-17T13:06:36.705856
francesoir,bd6t5130649j,,failed,0,0,,http_manifest,known,403,manifest,"Client error '403 ' for url 'https://openapiproext.bnf.fr/iiif/presentation/v3/ark:/12148/bd6t5130649j/manifest.json'
For more information check: https://developer.mozilla.org/en-US/docs/Web/HTTP/Status/403",2026-07-17T13:06:37.924277
francesoir,bd6t5130650g,,failed,0,0,,http_manifest,known,403,manifest,"Client error '403 ' for url 'https://openapiproext.bnf.fr/iiif/presentation/v3/ark:/12148/bd6t5130650g/manifest.json'
For more information check: https://developer.mozilla.org/en-US/docs/Web/HTTP/Status/403",2026-07-17T13:06:39.115301
francesoir,bd6t5130651v,,failed,0,0,,http_manifest,known,403,manifest,"Client error '403 ' for url 'https://openapiproext.bnf.fr/iiif/presentation/v3/ark:/12148/bd6t5130651v/manifest.json'
For more information check: https://developer.mozilla.org/en-US/docs/Web/HTTP/Status/403",2026-07-17T13:06:40.314176
francesoir,bd6t51306527,,failed,0,0,,http_manifest,known,403,manifest,"Client error '403 ' for url 'https://openapiproext.bnf.fr/iiif/presentation/v3/ark:/12148/bd6t51306527/manifest.json'
For more information check: https://developer.mozilla.org/en-US/docs/Web/HTTP/Status/403",2026-07-17T13:06:41.511853
francesoir,bd6t5130653m,,failed,0,0,,http_manifest,known,403,manifest,"Client error '403 ' for url 'https://openapiproext.bnf.fr/iiif/presentation/v3/ark:/12148/bd6t5130653m/manifest.json'
For more information check: https://developer.mozilla.org/en-US/docs/Web/HTTP/Status/403",2026-07-17T13:06:42.719035
francesoir,bd6t51306540,,failed,0,0,,http_manifest,known,403,manifest,"Client error '403 ' for url 'https://openapiproext.bnf.fr/iiif/presentation/v3/ark:/12148/bd6t51306540/manifest.json'
For more information check: https://developer.mozilla.org/en-US/docs/Web/HTTP/Status/403",2026-07-17T13:06:43.925574
francesoir,bd6t5130655c,,failed,0,0,,http_manifest,known,403,manifest,"Client error '403 ' for url 'https://openapiproext.bnf.fr/iiif/presentation/v3/ark:/12148/bd6t5130655c/manifest.json'
For more information check: https://developer.mozilla.org/en-US/docs/Web/HTTP/Status/403",2026-07-17T13:06:45.122726
francesoir,bd6t5130656r,,failed,0,0,,http_manifest,known,403,manifest,"Client error '403 ' for url 'https://openapiproext.bnf.fr/iiif/presentation/v3/ark:/12148/bd6t5130656r/manifest.json'
For more information check: https://developer.mozilla.org/en-US/docs/Web/HTTP/Status/403",2026-07-17T13:06:46.350240
francesoir,bd6t51306574,,failed,0,0,,http_manifest,known,403,manifest,"Client error '403 ' for url 'https://openapiproext.bnf.fr/iiif/presentation/v3/ark:/12148/bd6t51306574/manifest.json'
For more information check: https://developer.mozilla.org/en-US/docs/Web/HTTP/Status/403",2026-07-17T13:06:47.523427
francesoir,bd6t5130658h,,failed,0,0,,http_manifest,known,403,manifest,"Client error '403 ' for url 'https://openapiproext.bnf.fr/iiif/presentation/v3/ark:/12148/bd6t5130658h/manifest.json'
For more information check: https://developer.mozilla.org/en-US/docs/Web/HTTP/Status/403",2026-07-17T13:06:48.724618
francesoir,bd6t5130659w,,failed,0,0,,http_manifest,known,403,manifest,"Client error '403 ' for url 'https://openapiproext.bnf.fr/iiif/presentation/v3/ark:/12148/bd6t5130659w/manifest.json'
For more information check: https://developer.mozilla.org/en-US/docs/Web/HTTP/Status/403",2026-07-17T13:06:49.927842
francesoir,bd6t5130660t,,failed,0,0,,http_manifest,known,403,manifest,"Client error '403 ' for url 'https://openapiproext.bnf.fr/iiif/presentation/v3/ark:/12148/bd6t5130660t/manifest.json'
For more information check: https://developer.mozilla.org/en-US/docs/Web/HTTP/Status/403",2026-07-17T13:06:51.135426
francesoir,bd6t51306616,,failed,0,0,,http_manifest,known,403,manifest,"Client error '403 ' for url 'https://openapiproext.bnf.fr/iiif/presentation/v3/ark:/12148/bd6t51306616/manifest.json'
For more information check: https://developer.mozilla.org/en-US/docs/Web/HTTP/Status/403",2026-07-17T13:06:52.352715
francesoir,bd6t5130662k,,failed,0,0,,http_manifest,known,403,manifest,"Client error '403 ' for url 'https://openapiproext.bnf.fr/iiif/presentation/v3/ark:/12148/bd6t5130662k/manifest.json'
For more information check: https://developer.mozilla.org/en-US/docs/Web/HTTP/Status/403",2026-07-17T13:06:53.533191
francesoir,bd6t5130663z,,failed,0,0,,http_manifest,known,403,manifest,"Client error '403 ' for url 'https://openapiproext.bnf.fr/iiif/presentation/v3/ark:/12148/bd6t5130663z/manifest.json'
For more information check: https://developer.mozilla.org/en-US/docs/Web/HTTP/Status/403",2026-07-17T13:06:54.734948
francesoir,bd6t5130664b,,failed,0,0,,http_manifest,known,403,manifest,"Client error '403 ' for url 'https://openapiproext.bnf.fr/iiif/presentation/v3/ark:/12148/bd6t5130664b/manifest.json'
For more information check: https://developer.mozilla.org/en-US/docs/Web/HTTP/Status/403",2026-07-17T13:06:55.943976
francesoir,bd6t5130665q,,failed,0,0,,http_manifest,known,403,manifest,"Client error '403 ' for url 'https://openapiproext.bnf.fr/iiif/presentation/v3/ark:/12148/bd6t5130665q/manifest.json'
For more information check: https://developer.mozilla.org/en-US/docs/Web/HTTP/Status/403",2026-07-17T13:06:57.137253
francesoir,bd6t51306663,,failed,0,0,,http_manifest,known,403,manifest,"Client error '403 ' for url 'https://openapiproext.bnf.fr/iiif/presentation/v3/ark:/12148/bd6t51306663/manifest.json'
For more information check: https://developer.mozilla.org/en-US/docs/Web/HTTP/Status/403",2026-07-17T13:06:58.525418
francesoir,bd6t5130667g,,failed,0,0,,http_manifest,known,403,manifest,"Client error '403 ' for url 'https://openapiproext.bnf.fr/iiif/presentation/v3/ark:/12148/bd6t5130667g/manifest.json'
For more information check: https://developer.mozilla.org/en-US/docs/Web/HTTP/Status/403",2026-07-17T13:06:59.752697
francesoir,bd6t5130668v,,failed,0,0,,http_manifest,known,403,manifest,"Client error '403 ' for url 'https://openapiproext.bnf.fr/iiif/presentation/v3/ark:/12148/bd6t5130668v/manifest.json'
For more information check: https://developer.mozilla.org/en-US/docs/Web/HTTP/Status/403",2026-07-17T13:07:00.745570
francesoir,bd6t51306697,,failed,0,0,,http_manifest,known,403,manifest,"Client error '403 ' for url 'https://openapiproext.bnf.fr/iiif/presentation/v3/ark:/12148/bd6t51306697/manifest.json'
For more information check: https://developer.mozilla.org/en-US/docs/Web/HTTP/Status/403",2026-07-17T13:07:02.055998
francesoir,bd6t51306705,,failed,0,0,,http_manifest,known,403,manifest,"Client error '403 ' for url 'https://openapiproext.bnf.fr/iiif/presentation/v3/ark:/12148/bd6t51306705/manifest.json'
For more information check: https://developer.mozilla.org/en-US/docs/Web/HTTP/Status/403",2026-07-17T13:07:03.168629
francesoir,bd6t5130671j,,failed,0,0,,http_manifest,known,403,manifest,"Client error '403 ' for url 'https://openapiproext.bnf.fr/iiif/presentation/v3/ark:/12148/bd6t5130671j/manifest.json'
For more information check: https://developer.mozilla.org/en-US/docs/Web/HTTP/Status/403",2026-07-17T13:07:04.457624
francesoir,bd6t5130672x,,failed,0,0,,http_manifest,known,403,manifest,"Client error '403 ' for url 'https://openapiproext.bnf.fr/iiif/presentation/v3/ark:/12148/bd6t5130672x/manifest.json'
For more information check: https://developer.mozilla.org/en-US/docs/Web/HTTP/Status/403",2026-07-17T13:07:05.719002
francesoir,bd6t51306739,,failed,0,0,,http_manifest,known,403,manifest,"Client error '403 ' for url 'https://openapiproext.bnf.fr/iiif/presentation/v3/ark:/12148/bd6t51306739/manifest.json'
For more information check: https://developer.mozilla.org/en-US/docs/Web/HTTP/Status/403",2026-07-17T13:07:06.896456
francesoir,bd6t5130674p,,failed,0,0,,http_manifest,known,403,manifest,"Client error '403 ' for url 'https://openapiproext.bnf.fr/iiif/presentation/v3/ark:/12148/bd6t5130674p/manifest.json'
For more information check: https://developer.mozilla.org/en-US/docs/Web/HTTP/Status/403",2026-07-17T13:07:07.983089
francesoir,bd6t51306752,,failed,0,0,,http_manifest,known,403,manifest,"Client error '403 ' for url 'https://openapiproext.bnf.fr/iiif/presentation/v3/ark:/12148/bd6t51306752/manifest.json'
For more information check: https://developer.mozilla.org/en-US/docs/Web/HTTP/Status/403",2026-07-17T13:07:09.169158
francesoir,bd6t5130676f,,failed,0,0,,http_manifest,known,403,manifest,"Client error '403 ' for url 'https://openapiproext.bnf.fr/iiif/presentation/v3/ark:/12148/bd6t5130676f/manifest.json'
For more information check: https://developer.mozilla.org/en-US/docs/Web/HTTP/Status/403",2026-07-17T13:07:10.413611
francesoir,bd6t5130677t,,failed,0,0,,http_manifest,known,403,manifest,"Client error '403 ' for url 'https://openapiproext.bnf.fr/iiif/presentation/v3/ark:/12148/bd6t5130677t/manifest.json'
For more information check: https://developer.mozilla.org/en-US/docs/Web/HTTP/Status/403",2026-07-17T13:07:11.558484
francesoir,bd6t51306786,,failed,0,0,,http_manifest,known,403,manifest,"Client error '403 ' for url 'https://openapiproext.bnf.fr/iiif/presentation/v3/ark:/12148/bd6t51306786/manifest.json'
For more information check: https://developer.mozilla.org/en-US/docs/Web/HTTP/Status/403",2026-07-17T13:07:12.883426
francesoir,bd6t5130679k,,failed,0,0,,http_manifest,known,403,manifest,"Client error '403 ' for url 'https://openapiproext.bnf.fr/iiif/presentation/v3/ark:/12148/bd6t5130679k/manifest.json'
For more information check: https://developer.mozilla.org/en-US/docs/Web/HTTP/Status/403",2026-07-17T13:07:14.042152
francesoir,bd6t5130680h,,failed,0,0,,http_manifest,known,403,manifest,"Client error '403 ' for url 'https://openapiproext.bnf.fr/iiif/presentation/v3/ark:/12148/bd6t5130680h/manifest.json'
For more information check: https://developer.mozilla.org/en-US/docs/Web/HTTP/Status/403",2026-07-17T13:07:15.180277
francesoir,bd6t5130681w,,failed,0,0,,http_manifest,known,403,manifest,"Client error '403 ' for url 'https://openapiproext.bnf.fr/iiif/presentation/v3/ark:/12148/bd6t5130681w/manifest.json'
For more information check: https://developer.mozilla.org/en-US/docs/Web/HTTP/Status/403",2026-07-17T13:07:16.359995
francesoir,bd6t51306828,,failed,0,0,,http_manifest,known,403,manifest,"Client error '403 ' for url 'https://openapiproext.bnf.fr/iiif/presentation/v3/ark:/12148/bd6t51306828/manifest.json'
For more information check: https://developer.mozilla.org/en-US/docs/Web/HTTP/Status/403",2026-07-17T13:07:17.560190
francesoir,bd6t5130683n,,failed,0,0,,http_manifest,known,403,manifest,"Client error '403 ' for url 'https://openapiproext.bnf.fr/iiif/presentation/v3/ark:/12148/bd6t5130683n/manifest.json'
For more information check: https://developer.mozilla.org/en-US/docs/Web/HTTP/Status/403",2026-07-17T13:07:18.764163
francesoir,bd6t51306841,,failed,0,0,,http_manifest,known,403,manifest,"Client error '403 ' for url 'https://openapiproext.bnf.fr/iiif/presentation/v3/ark:/12148/bd6t51306841/manifest.json'
For more information check: https://developer.mozilla.org/en-US/docs/Web/HTTP/Status/403",2026-07-17T13:07:19.965778
francesoir,bd6t5130685d,,failed,0,0,,http_manifest,known,403,manifest,"Client error '403 ' for url 'https://openapiproext.bnf.fr/iiif/presentation/v3/ark:/12148/bd6t5130685d/manifest.json'
For more information check: https://developer.mozilla.org/en-US/docs/Web/HTTP/Status/403",2026-07-17T13:07:21.166119
francesoir,bd6t5130686s,,failed,0,0,,http_manifest,known,403,manifest,"Client error '403 ' for url 'https://openapiproext.bnf.fr/iiif/presentation/v3/ark:/12148/bd6t5130686s/manifest.json'
For more information check: https://developer.mozilla.org/en-US/docs/Web/HTTP/Status/403",2026-07-17T13:07:22.367546
francesoir,bd6t51306875,,failed,0,0,,http_manifest,known,403,manifest,"Client error '403 ' for url 'https://openapiproext.bnf.fr/iiif/presentation/v3/ark:/12148/bd6t51306875/manifest.json'
For more information check: https://developer.mozilla.org/en-US/docs/Web/HTTP/Status/403",2026-07-17T13:07:23.574184
francesoir,bd6t5130688j,,failed,0,0,,http_manifest,known,403,manifest,"Client error '403 ' for url 'https://openapiproext.bnf.fr/iiif/presentation/v3/ark:/12148/bd6t5130688j/manifest.json'
For more information check: https://developer.mozilla.org/en-US/docs/Web/HTTP/Status/403",2026-07-17T13:07:24.780550
francesoir,bd6t5130689x,,failed,0,0,,http_manifest,known,403,manifest,"Client error '403 ' for url 'https://openapiproext.bnf.fr/iiif/presentation/v3/ark:/12148/bd6t5130689x/manifest.json'
For more information check: https://developer.mozilla.org/en-US/docs/Web/HTTP/Status/403",2026-07-17T13:07:25.972312
francesoir,bd6t5130690v,,failed,0,0,,http_manifest,known,403,manifest,"Client error '403 ' for url 'https://openapiproext.bnf.fr/iiif/presentation/v3/ark:/12148/bd6t5130690v/manifest.json'
For more information check: https://developer.mozilla.org/en-US/docs/Web/HTTP/Status/403",2026-07-17T13:07:27.193510
francesoir,bd6t51306917,,failed,0,0,,http_manifest,known,403,manifest,"Client error '403 ' for url 'https://openapiproext.bnf.fr/iiif/presentation/v3/ark:/12148/bd6t51306917/manifest.json'
For more information check: https://developer.mozilla.org/en-US/docs/Web/HTTP/Status/403",2026-07-17T13:07:28.373213
francesoir,bd6t5130692m,,failed,0,0,,http_manifest,known,403,manifest,"Client error '403 ' for url 'https://openapiproext.bnf.fr/iiif/presentation/v3/ark:/12148/bd6t5130692m/manifest.json'
For more information check: https://developer.mozilla.org/en-US/docs/Web/HTTP/Status/403",2026-07-17T13:07:29.574834
francesoir,bd6t51306930,,failed,0,0,,http_manifest,known,403,manifest,"Client error '403 ' for url 'https://openapiproext.bnf.fr/iiif/presentation/v3/ark:/12148/bd6t51306930/manifest.json'
For more information check: https://developer.mozilla.org/en-US/docs/Web/HTTP/Status/403",2026-07-17T13:07:30.776998
francesoir,bd6t5130694c,,failed,0,0,,http_manifest,known,403,manifest,"Client error '403 ' for url 'https://openapiproext.bnf.fr/iiif/presentation/v3/ark:/12148/bd6t5130694c/manifest.json'
For more information check: https://developer.mozilla.org/en-US/docs/Web/HTTP/Status/403",2026-07-17T13:07:31.978725
francesoir,bd6t5130695r,,failed,0,0,,http_manifest,known,403,manifest,"Client error '403 ' for url 'https://openapiproext.bnf.fr/iiif/presentation/v3/ark:/12148/bd6t5130695r/manifest.json'
For more information check: https://developer.mozilla.org/en-US/docs/Web/HTTP/Status/403",2026-07-17T13:07:33.194274
francesoir,bd6t51306964,,failed,0,0,,http_manifest,known,403,manifest,"Client error '403 ' for url 'https://openapiproext.bnf.fr/iiif/presentation/v3/ark:/12148/bd6t51306964/manifest.json'
For more information check: https://developer.mozilla.org/en-US/docs/Web/HTTP/Status/403",2026-07-17T13:07:34.385359
francesoir,bd6t5130697h,,failed,0,0,,http_manifest,known,403,manifest,"Client error '403 ' for url 'https://openapiproext.bnf.fr/iiif/presentation/v3/ark:/12148/bd6t5130697h/manifest.json'
For more information check: https://developer.mozilla.org/en-US/docs/Web/HTTP/Status/403",2026-07-17T13:07:35.583220
francesoir,bd6t5130698w,,failed,0,0,,http_manifest,known,403,manifest,"Client error '403 ' for url 'https://openapiproext.bnf.fr/iiif/presentation/v3/ark:/12148/bd6t5130698w/manifest.json'
For more information check: https://developer.mozilla.org/en-US/docs/Web/HTTP/Status/403",2026-07-17T13:07:36.790554
francesoir,bd6t51306998,,failed,0,0,,http_manifest,known,403,manifest,"Client error '403 ' for url 'https://openapiproext.bnf.fr/iiif/presentation/v3/ark:/12148/bd6t51306998/manifest.json'
For more information check: https://developer.mozilla.org/en-US/docs/Web/HTTP/Status/403",2026-07-17T13:07:37.987180
francesoir,bd6t51307002,,failed,0,0,,http_manifest,known,403,manifest,"Client error '403 ' for url 'https://openapiproext.bnf.fr/iiif/presentation/v3/ark:/12148/bd6t51307002/manifest.json'
For more information check: https://developer.mozilla.org/en-US/docs/Web/HTTP/Status/403",2026-07-17T13:07:39.191025
francesoir,bd6t5130701f,,failed,0,0,,http_manifest,known,403,manifest,"Client error '403 ' for url 'https://openapiproext.bnf.fr/iiif/presentation/v3/ark:/12148/bd6t5130701f/manifest.json'
For more information check: https://developer.mozilla.org/en-US/docs/Web/HTTP/Status/403",2026-07-17T13:07:40.400300
francesoir,bd6t5126094x,,failed,0,0,,http_manifest,known,403,manifest,"Client error '403 ' for url 'https://openapiproext.bnf.fr/iiif/presentation/v3/ark:/12148/bd6t5126094x/manifest.json'
For more information check: https://developer.mozilla.org/en-US/docs/Web/HTTP/Status/403",2026-07-17T13:07:41.593884
francesoir,bd6t51260959,,failed,0,0,,http_manifest,known,403,manifest,"Client error '403 ' for url 'https://openapiproext.bnf.fr/iiif/presentation/v3/ark:/12148/bd6t51260959/manifest.json'
For more information check: https://developer.mozilla.org/en-US/docs/Web/HTTP/Status/403",2026-07-17T13:07:42.798340
francesoir,bd6t5126096p,,failed,0,0,,http_manifest,known,403,manifest,"Client error '403 ' for url 'https://openapiproext.bnf.fr/iiif/presentation/v3/ark:/12148/bd6t5126096p/manifest.json'
For more information check: https://developer.mozilla.org/en-US/docs/Web/HTTP/Status/403",2026-07-17T13:07:44.000204
francesoir,bd6t51260972,,failed,0,0,,http_manifest,known,403,manifest,"Client error '403 ' for url 'https://openapiproext.bnf.fr/iiif/presentation/v3/ark:/12148/bd6t51260972/manifest.json'
For more information check: https://developer.mozilla.org/en-US/docs/Web/HTTP/Status/403",2026-07-17T13:07:45.234728
francesoir,bd6t5126098f,,failed,0,0,,http_manifest,known,403,manifest,"Client error '403 ' for url 'https://openapiproext.bnf.fr/iiif/presentation/v3/ark:/12148/bd6t5126098f/manifest.json'
For more information check: https://developer.mozilla.org/en-US/docs/Web/HTTP/Status/403",2026-07-17T13:07:46.407247
francesoir,bd6t5126099t,,failed,0,0,,http_manifest,known,403,manifest,"Client error '403 ' for url 'https://openapiproext.bnf.fr/iiif/presentation/v3/ark:/12148/bd6t5126099t/manifest.json'
For more information check: https://developer.mozilla.org/en-US/docs/Web/HTTP/Status/403",2026-07-17T13:07:47.598688
francesoir,bd6t5126100m,,failed,0,0,,http_manifest,known,403,manifest,"Client error '403 ' for url 'https://openapiproext.bnf.fr/iiif/presentation/v3/ark:/12148/bd6t5126100m/manifest.json'
For more information check: https://developer.mozilla.org/en-US/docs/Web/HTTP/Status/403",2026-07-17T13:07:48.804493
francesoir,bd6t51261010,,failed,0,0,,http_manifest,known,403,manifest,"Client error '403 ' for url 'https://openapiproext.bnf.fr/iiif/presentation/v3/ark:/12148/bd6t51261010/manifest.json'
For more information check: https://developer.mozilla.org/en-US/docs/Web/HTTP/Status/403",2026-07-17T13:07:50.011962
francesoir,bd6t5126102c,,failed,0,0,,http_manifest,known,403,manifest,"Client error '403 ' for url 'https://openapiproext.bnf.fr/iiif/presentation/v3/ark:/12148/bd6t5126102c/manifest.json'
For more information check: https://developer.mozilla.org/en-US/docs/Web/HTTP/Status/403",2026-07-17T13:07:51.209154
francesoir,bd6t5126103r,,failed,0,0,,http_manifest,known,403,manifest,"Client error '403 ' for url 'https://openapiproext.bnf.fr/iiif/presentation/v3/ark:/12148/bd6t5126103r/manifest.json'
For more information check: https://developer.mozilla.org/en-US/docs/Web/HTTP/Status/403",2026-07-17T13:07:52.417460
francesoir,bd6t51261044,,failed,0,0,,http_manifest,known,403,manifest,"Client error '403 ' for url 'https://openapiproext.bnf.fr/iiif/presentation/v3/ark:/12148/bd6t51261044/manifest.json'
For more information check: https://developer.mozilla.org/en-US/docs/Web/HTTP/Status/403",2026-07-17T13:07:53.612108
francesoir,bd6t5126105h,,failed,0,0,,http_manifest,known,403,manifest,"Client error '403 ' for url 'https://openapiproext.bnf.fr/iiif/presentation/v3/ark:/12148/bd6t5126105h/manifest.json'
For more information check: https://developer.mozilla.org/en-US/docs/Web/HTTP/Status/403",2026-07-17T13:07:54.819862
francesoir,bd6t5126106w,,failed,0,0,,http_manifest,known,403,manifest,"Client error '403 ' for url 'https://openapiproext.bnf.fr/iiif/presentation/v3/ark:/12148/bd6t5126106w/manifest.json'
For more information check: https://developer.mozilla.org/en-US/docs/Web/HTTP/Status/403",2026-07-17T13:07:56.015560
francesoir,bd6t51261078,,failed,0,0,,http_manifest,known,403,manifest,"Client error '403 ' for url 'https://openapiproext.bnf.fr/iiif/presentation/v3/ark:/12148/bd6t51261078/manifest.json'
For more information check: https://developer.mozilla.org/en-US/docs/Web/HTTP/Status/403",2026-07-17T13:07:57.215331
francesoir,bd6t5126108n,,failed,0,0,,http_manifest,known,403,manifest,"Client error '403 ' for url 'https://openapiproext.bnf.fr/iiif/presentation/v3/ark:/12148/bd6t5126108n/manifest.json'
For more information check: https://developer.mozilla.org/en-US/docs/Web/HTTP/Status/403",2026-07-17T13:07:58.481826
francesoir,bd6t51261091,,failed,0,0,,http_manifest,known,403,manifest,"Client error '403 ' for url 'https://openapiproext.bnf.fr/iiif/presentation/v3/ark:/12148/bd6t51261091/manifest.json'
For more information check: https://developer.mozilla.org/en-US/docs/Web/HTTP/Status/403",2026-07-17T13:07:59.863294
francesoir,bd6t5126110z,,failed,0,0,,http_manifest,known,403,manifest,"Client error '403 ' for url 'https://openapiproext.bnf.fr/iiif/presentation/v3/ark:/12148/bd6t5126110z/manifest.json'
For more information check: https://developer.mozilla.org/en-US/docs/Web/HTTP/Status/403",2026-07-17T13:08:00.823152
francesoir,bd6t5126111b,,failed,0,0,,http_manifest,known,403,manifest,"Client error '403 ' for url 'https://openapiproext.bnf.fr/iiif/presentation/v3/ark:/12148/bd6t5126111b/manifest.json'
For more information check: https://developer.mozilla.org/en-US/docs/Web/HTTP/Status/403",2026-07-17T13:08:02.315248
francesoir,bd6t5126112q,,failed,0,0,,http_manifest,known,403,manifest,"Client error '403 ' for url 'https://openapiproext.bnf.fr/iiif/presentation/v3/ark:/12148/bd6t5126112q/manifest.json'
For more information check: https://developer.mozilla.org/en-US/docs/Web/HTTP/Status/403",2026-07-17T13:08:03.231204
francesoir,bd6t51261133,,failed,0,0,,http_manifest,known,403,manifest,"Client error '403 ' for url 'https://openapiproext.bnf.fr/iiif/presentation/v3/ark:/12148/bd6t51261133/manifest.json'
For more information check: https://developer.mozilla.org/en-US/docs/Web/HTTP/Status/403",2026-07-17T13:08:04.546458
francesoir,bd6t5126114g,,failed,0,0,,http_manifest,known,403,manifest,"Client error '403 ' for url 'https://openapiproext.bnf.fr/iiif/presentation/v3/ark:/12148/bd6t5126114g/manifest.json'
For more information check: https://developer.mozilla.org/en-US/docs/Web/HTTP/Status/403",2026-07-17T13:08:05.645176
francesoir,bd6t5126115v,,failed,0,0,,http_manifest,known,403,manifest,"Client error '403 ' for url 'https://openapiproext.bnf.fr/iiif/presentation/v3/ark:/12148/bd6t5126115v/manifest.json'
For more information check: https://developer.mozilla.org/en-US/docs/Web/HTTP/Status/403",2026-07-17T13:08:06.940136
francesoir,bd6t51261167,,failed,0,0,,http_manifest,known,403,manifest,"Client error '403 ' for url 'https://openapiproext.bnf.fr/iiif/presentation/v3/ark:/12148/bd6t51261167/manifest.json'
For more information check: https://developer.mozilla.org/en-US/docs/Web/HTTP/Status/403",2026-07-17T13:08:08.191228
francesoir,bd6t5126117m,,failed,0,0,,http_manifest,known,403,manifest,"Client error '403 ' for url 'https://openapiproext.bnf.fr/iiif/presentation/v3/ark:/12148/bd6t5126117m/manifest.json'
For more information check: https://developer.mozilla.org/en-US/docs/Web/HTTP/Status/403",2026-07-17T13:08:09.303177
francesoir,bd6t51261180,,failed,0,0,,http_manifest,known,403,manifest,"Client error '403 ' for url 'https://openapiproext.bnf.fr/iiif/presentation/v3/ark:/12148/bd6t51261180/manifest.json'
For more information check: https://developer.mozilla.org/en-US/docs/Web/HTTP/Status/403",2026-07-17T13:08:10.437942
francesoir,bd6t5126119c,,failed,0,0,,http_manifest,known,403,manifest,"Client error '403 ' for url 'https://openapiproext.bnf.fr/iiif/presentation/v3/ark:/12148/bd6t5126119c/manifest.json'
For more information check: https://developer.mozilla.org/en-US/docs/Web/HTTP/Status/403",2026-07-17T13:08:11.635858
francesoir,bd6t51261209,,failed,0,0,,http_manifest,known,403,manifest,"Client error '403 ' for url 'https://openapiproext.bnf.fr/iiif/presentation/v3/ark:/12148/bd6t51261209/manifest.json'
For more information check: https://developer.mozilla.org/en-US/docs/Web/HTTP/Status/403",2026-07-17T13:08:12.837822
francesoir,bd6t5126121p,,failed,0,0,,http_manifest,known,403,manifest,"Client error '403 ' for url 'https://openapiproext.bnf.fr/iiif/presentation/v3/ark:/12148/bd6t5126121p/manifest.json'
For more information check: https://developer.mozilla.org/en-US/docs/Web/HTTP/Status/403",2026-07-17T13:08:14.090631
francesoir,bd6t51261222,,failed,0,0,,http_manifest,known,403,manifest,"Client error '403 ' for url 'https://openapiproext.bnf.fr/iiif/presentation/v3/ark:/12148/bd6t51261222/manifest.json'
For more information check: https://developer.mozilla.org/en-US/docs/Web/HTTP/Status/403",2026-07-17T13:08:15.482763
francesoir,bd6t5126123f,,failed,0,0,,http_manifest,known,403,manifest,"Client error '403 ' for url 'https://openapiproext.bnf.fr/iiif/presentation/v3/ark:/12148/bd6t5126123f/manifest.json'
For more information check: https://developer.mozilla.org/en-US/docs/Web/HTTP/Status/403",2026-07-17T13:08:16.441982
francesoir,bd6t5126124t,,failed,0,0,,http_manifest,known,403,manifest,"Client error '403 ' for url 'https://openapiproext.bnf.fr/iiif/presentation/v3/ark:/12148/bd6t5126124t/manifest.json'
For more information check: https://developer.mozilla.org/en-US/docs/Web/HTTP/Status/403",2026-07-17T13:08:17.646055
francesoir,bd6t51261256,,failed,0,0,,http_manifest,known,403,manifest,"Client error '403 ' for url 'https://openapiproext.bnf.fr/iiif/presentation/v3/ark:/12148/bd6t51261256/manifest.json'
For more information check: https://developer.mozilla.org/en-US/docs/Web/HTTP/Status/403",2026-07-17T13:08:18.850969
francesoir,bd6t5126126k,,failed,0,0,,http_manifest,known,403,manifest,"Client error '403 ' for url 'https://openapiproext.bnf.fr/iiif/presentation/v3/ark:/12148/bd6t5126126k/manifest.json'
For more information check: https://developer.mozilla.org/en-US/docs/Web/HTTP/Status/403",2026-07-17T13:08:20.052874
francesoir,bd6t5126127z,,failed,0,0,,http_manifest,known,403,manifest,"Client error '403 ' for url 'https://openapiproext.bnf.fr/iiif/presentation/v3/ark:/12148/bd6t5126127z/manifest.json'
For more information check: https://developer.mozilla.org/en-US/docs/Web/HTTP/Status/403",2026-07-17T13:08:21.289763
francesoir,bd6t5126128b,,failed,0,0,,http_manifest,known,403,manifest,"Client error '403 ' for url 'https://openapiproext.bnf.fr/iiif/presentation/v3/ark:/12148/bd6t5126128b/manifest.json'
For more information check: https://developer.mozilla.org/en-US/docs/Web/HTTP/Status/403",2026-07-17T13:08:22.451797
francesoir,bd6t5126129q,,failed,0,0,,http_manifest,known,403,manifest,"Client error '403 ' for url 'https://openapiproext.bnf.fr/iiif/presentation/v3/ark:/12148/bd6t5126129q/manifest.json'
For more information check: https://developer.mozilla.org/en-US/docs/Web/HTTP/Status/403",2026-07-17T13:08:23.653582
francesoir,bd6t5126130n,,failed,0,0,,http_manifest,known,403,manifest,"Client error '403 ' for url 'https://openapiproext.bnf.fr/iiif/presentation/v3/ark:/12148/bd6t5126130n/manifest.json'
For more information check: https://developer.mozilla.org/en-US/docs/Web/HTTP/Status/403",2026-07-17T13:08:24.854823
francesoir,bd6t51261311,,failed,0,0,,http_manifest,known,403,manifest,"Client error '403 ' for url 'https://openapiproext.bnf.fr/iiif/presentation/v3/ark:/12148/bd6t51261311/manifest.json'
For more information check: https://developer.mozilla.org/en-US/docs/Web/HTTP/Status/403",2026-07-17T13:08:26.055918
francesoir,bd6t5126132d,,failed,0,0,,http_manifest,known,403,manifest,"Client error '403 ' for url 'https://openapiproext.bnf.fr/iiif/presentation/v3/ark:/12148/bd6t5126132d/manifest.json'
For more information check: https://developer.mozilla.org/en-US/docs/Web/HTTP/Status/403",2026-07-17T13:08:27.288410
francesoir,bd6t5126133s,,failed,0,0,,http_manifest,known,403,manifest,"Client error '403 ' for url 'https://openapiproext.bnf.fr/iiif/presentation/v3/ark:/12148/bd6t5126133s/manifest.json'
For more information check: https://developer.mozilla.org/en-US/docs/Web/HTTP/Status/403",2026-07-17T13:08:28.460595
francesoir,bd6t51261345,,failed,0,0,,http_manifest,known,403,manifest,"Client error '403 ' for url 'https://openapiproext.bnf.fr/iiif/presentation/v3/ark:/12148/bd6t51261345/manifest.json'
For more information check: https://developer.mozilla.org/en-US/docs/Web/HTTP/Status/403",2026-07-17T13:08:29.695664
francesoir,bd6t5126135j,,failed,0,0,,http_manifest,known,403,manifest,"Client error '403 ' for url 'https://openapiproext.bnf.fr/iiif/presentation/v3/ark:/12148/bd6t5126135j/manifest.json'
For more information check: https://developer.mozilla.org/en-US/docs/Web/HTTP/Status/403",2026-07-17T13:08:30.868096
francesoir,bd6t5126136x,,failed,0,0,,http_manifest,known,403,manifest,"Client error '403 ' for url 'https://openapiproext.bnf.fr/iiif/presentation/v3/ark:/12148/bd6t5126136x/manifest.json'
For more information check: https://developer.mozilla.org/en-US/docs/Web/HTTP/Status/403",2026-07-17T13:08:32.065182
francesoir,bd6t51261379,,failed,0,0,,http_manifest,known,403,manifest,"Client error '403 ' for url 'https://openapiproext.bnf.fr/iiif/presentation/v3/ark:/12148/bd6t51261379/manifest.json'
For more information check: https://developer.mozilla.org/en-US/docs/Web/HTTP/Status/403",2026-07-17T13:08:33.298360
francesoir,bd6t5126138p,,failed,0,0,,http_manifest,known,403,manifest,"Client error '403 ' for url 'https://openapiproext.bnf.fr/iiif/presentation/v3/ark:/12148/bd6t5126138p/manifest.json'
For more information check: https://developer.mozilla.org/en-US/docs/Web/HTTP/Status/403",2026-07-17T13:08:34.466591
francesoir,bd6t51261392,,failed,0,0,,http_manifest,known,403,manifest,"Client error '403 ' for url 'https://openapiproext.bnf.fr/iiif/presentation/v3/ark:/12148/bd6t51261392/manifest.json'
For more information check: https://developer.mozilla.org/en-US/docs/Web/HTTP/Status/403",2026-07-17T13:08:35.671032
francesoir,bd6t51261400,,failed,0,0,,http_manifest,known,403,manifest,"Client error '403 ' for url 'https://openapiproext.bnf.fr/iiif/presentation/v3/ark:/12148/bd6t51261400/manifest.json'
For more information check: https://developer.mozilla.org/en-US/docs/Web/HTTP/Status/403",2026-07-17T13:08:36.869921
francesoir,bd6t5126141c,,failed,0,0,,http_manifest,known,403,manifest,"Client error '403 ' for url 'https://openapiproext.bnf.fr/iiif/presentation/v3/ark:/12148/bd6t5126141c/manifest.json'
For more information check: https://developer.mozilla.org/en-US/docs/Web/HTTP/Status/403",2026-07-17T13:08:38.071753
francesoir,bd6t5126142r,,failed,0,0,,http_manifest,known,403,manifest,"Client error '403 ' for url 'https://openapiproext.bnf.fr/iiif/presentation/v3/ark:/12148/bd6t5126142r/manifest.json'
For more information check: https://developer.mozilla.org/en-US/docs/Web/HTTP/Status/403",2026-07-17T13:08:39.316738
francesoir,bd6t51261434,,failed,0,0,,http_manifest,known,403,manifest,"Client error '403 ' for url 'https://openapiproext.bnf.fr/iiif/presentation/v3/ark:/12148/bd6t51261434/manifest.json'
For more information check: https://developer.mozilla.org/en-US/docs/Web/HTTP/Status/403",2026-07-17T13:08:40.468960
francesoir,bd6t5126144h,,failed,0,0,,http_manifest,known,403,manifest,"Client error '403 ' for url 'https://openapiproext.bnf.fr/iiif/presentation/v3/ark:/12148/bd6t5126144h/manifest.json'
For more information check: https://developer.mozilla.org/en-US/docs/Web/HTTP/Status/403",2026-07-17T13:08:41.671992
francesoir,bd6t5126145w,,failed,0,0,,http_manifest,known,403,manifest,"Client error '403 ' for url 'https://openapiproext.bnf.fr/iiif/presentation/v3/ark:/12148/bd6t5126145w/manifest.json'
For more information check: https://developer.mozilla.org/en-US/docs/Web/HTTP/Status/403",2026-07-17T13:08:42.871734
francesoir,bd6t51261468,,failed,0,0,,http_manifest,known,403,manifest,"Client error '403 ' for url 'https://openapiproext.bnf.fr/iiif/presentation/v3/ark:/12148/bd6t51261468/manifest.json'
For more information check: https://developer.mozilla.org/en-US/docs/Web/HTTP/Status/403",2026-07-17T13:08:44.082286
francesoir,bd6t5126147n,,failed,0,0,,http_manifest,known,403,manifest,"Client error '403 ' for url 'https://openapiproext.bnf.fr/iiif/presentation/v3/ark:/12148/bd6t5126147n/manifest.json'
For more information check: https://developer.mozilla.org/en-US/docs/Web/HTTP/Status/403",2026-07-17T13:08:45.302573
francesoir,bd6t51261481,,failed,0,0,,http_manifest,known,403,manifest,"Client error '403 ' for url 'https://openapiproext.bnf.fr/iiif/presentation/v3/ark:/12148/bd6t51261481/manifest.json'
For more information check: https://developer.mozilla.org/en-US/docs/Web/HTTP/Status/403",2026-07-17T13:08:46.534910
francesoir,bd6t5126149d,,failed,0,0,,http_manifest,known,403,manifest,"Client error '403 ' for url 'https://openapiproext.bnf.fr/iiif/presentation/v3/ark:/12148/bd6t5126149d/manifest.json'
For more information check: https://developer.mozilla.org/en-US/docs/Web/HTTP/Status/403",2026-07-17T13:08:47.683235
francesoir,bd6t5126150b,,failed,0,0,,http_manifest,known,403,manifest,"Client error '403 ' for url 'https://openapiproext.bnf.fr/iiif/presentation/v3/ark:/12148/bd6t5126150b/manifest.json'
For more information check: https://developer.mozilla.org/en-US/docs/Web/HTTP/Status/403",2026-07-17T13:08:48.881184
francesoir,bd6t5126151q,,failed,0,0,,http_manifest,known,403,manifest,"Client error '403 ' for url 'https://openapiproext.bnf.fr/iiif/presentation/v3/ark:/12148/bd6t5126151q/manifest.json'
For more information check: https://developer.mozilla.org/en-US/docs/Web/HTTP/Status/403",2026-07-17T13:08:50.087170
francesoir,bd6t51261523,,failed,0,0,,http_manifest,known,403,manifest,"Client error '403 ' for url 'https://openapiproext.bnf.fr/iiif/presentation/v3/ark:/12148/bd6t51261523/manifest.json'
For more information check: https://developer.mozilla.org/en-US/docs/Web/HTTP/Status/403",2026-07-17T13:08:51.296247
francesoir,bd6t5126153g,,failed,0,0,,http_manifest,known,403,manifest,"Client error '403 ' for url 'https://openapiproext.bnf.fr/iiif/presentation/v3/ark:/12148/bd6t5126153g/manifest.json'
For more information check: https://developer.mozilla.org/en-US/docs/Web/HTTP/Status/403",2026-07-17T13:08:52.500813
francesoir,bd6t5126154v,,failed,0,0,,http_manifest,known,403,manifest,"Client error '403 ' for url 'https://openapiproext.bnf.fr/iiif/presentation/v3/ark:/12148/bd6t5126154v/manifest.json'
For more information check: https://developer.mozilla.org/en-US/docs/Web/HTTP/Status/403",2026-07-17T13:08:53.691309
francesoir,bd6t51261557,,failed,0,0,,http_manifest,known,403,manifest,"Client error '403 ' for url 'https://openapiproext.bnf.fr/iiif/presentation/v3/ark:/12148/bd6t51261557/manifest.json'
For more information check: https://developer.mozilla.org/en-US/docs/Web/HTTP/Status/403",2026-07-17T13:08:54.891749
francesoir,bd6t5126156m,,failed,0,0,,http_manifest,known,403,manifest,"Client error '403 ' for url 'https://openapiproext.bnf.fr/iiif/presentation/v3/ark:/12148/bd6t5126156m/manifest.json'
For more information check: https://developer.mozilla.org/en-US/docs/Web/HTTP/Status/403",2026-07-17T13:08:56.092436
francesoir,bd6t51261570,,failed,0,0,,http_manifest,known,403,manifest,"Client error '403 ' for url 'https://openapiproext.bnf.fr/iiif/presentation/v3/ark:/12148/bd6t51261570/manifest.json'
For more information check: https://developer.mozilla.org/en-US/docs/Web/HTTP/Status/403",2026-07-17T13:08:57.329527
francesoir,bd6t5126158c,,failed,0,0,,http_manifest,known,403,manifest,"Client error '403 ' for url 'https://openapiproext.bnf.fr/iiif/presentation/v3/ark:/12148/bd6t5126158c/manifest.json'
For more information check: https://developer.mozilla.org/en-US/docs/Web/HTTP/Status/403",2026-07-17T13:08:58.578612
francesoir,bd6t5126159r,,failed,0,0,,http_manifest,known,403,manifest,"Client error '403 ' for url 'https://openapiproext.bnf.fr/iiif/presentation/v3/ark:/12148/bd6t5126159r/manifest.json'
For more information check: https://developer.mozilla.org/en-US/docs/Web/HTTP/Status/403",2026-07-17T13:08:59.701928
francesoir,bd6t5126160p,,failed,0,0,,http_manifest,known,403,manifest,"Client error '403 ' for url 'https://openapiproext.bnf.fr/iiif/presentation/v3/ark:/12148/bd6t5126160p/manifest.json'
For more information check: https://developer.mozilla.org/en-US/docs/Web/HTTP/Status/403",2026-07-17T13:09:00.947691
francesoir,bd6t51261612,,failed,0,0,,http_manifest,known,403,manifest,"Client error '403 ' for url 'https://openapiproext.bnf.fr/iiif/presentation/v3/ark:/12148/bd6t51261612/manifest.json'
For more information check: https://developer.mozilla.org/en-US/docs/Web/HTTP/Status/403",2026-07-17T13:09:02.349087
francesoir,bd6t5126162f,,failed,0,0,,http_manifest,known,403,manifest,"Client error '403 ' for url 'https://openapiproext.bnf.fr/iiif/presentation/v3/ark:/12148/bd6t5126162f/manifest.json'
For more information check: https://developer.mozilla.org/en-US/docs/Web/HTTP/Status/403",2026-07-17T13:09:03.306135
francesoir,bd6t5126163t,,failed,0,0,,http_manifest,known,403,manifest,"Client error '403 ' for url 'https://openapiproext.bnf.fr/iiif/presentation/v3/ark:/12148/bd6t5126163t/manifest.json'
For more information check: https://developer.mozilla.org/en-US/docs/Web/HTTP/Status/403",2026-07-17T13:09:04.666961
francesoir,bd6t51261646,,failed,0,0,,http_manifest,known,403,manifest,"Client error '403 ' for url 'https://openapiproext.bnf.fr/iiif/presentation/v3/ark:/12148/bd6t51261646/manifest.json'
For more information check: https://developer.mozilla.org/en-US/docs/Web/HTTP/Status/403",2026-07-17T13:09:05.748578
francesoir,bd6t5126165k,,failed,0,0,,http_manifest,known,403,manifest,"Client error '403 ' for url 'https://openapiproext.bnf.fr/iiif/presentation/v3/ark:/12148/bd6t5126165k/manifest.json'
For more information check: https://developer.mozilla.org/en-US/docs/Web/HTTP/Status/403",2026-07-17T13:09:06.913569
francesoir,bd6t5126166z,,failed,0,0,,http_manifest,known,403,manifest,"Client error '403 ' for url 'https://openapiproext.bnf.fr/iiif/presentation/v3/ark:/12148/bd6t5126166z/manifest.json'
For more information check: https://developer.mozilla.org/en-US/docs/Web/HTTP/Status/403",2026-07-17T13:09:08.188501
francesoir,bd6t5126167b,,failed,0,0,,http_manifest,known,403,manifest,"Client error '403 ' for url 'https://openapiproext.bnf.fr/iiif/presentation/v3/ark:/12148/bd6t5126167b/manifest.json'
For more information check: https://developer.mozilla.org/en-US/docs/Web/HTTP/Status/403",2026-07-17T13:09:09.316764
francesoir,bd6t5126168q,,failed,0,0,,http_manifest,known,403,manifest,"Client error '403 ' for url 'https://openapiproext.bnf.fr/iiif/presentation/v3/ark:/12148/bd6t5126168q/manifest.json'
For more information check: https://developer.mozilla.org/en-US/docs/Web/HTTP/Status/403",2026-07-17T13:09:10.581925
francesoir,bd6t51261693,,failed,0,0,,http_manifest,known,403,manifest,"Client error '403 ' for url 'https://openapiproext.bnf.fr/iiif/presentation/v3/ark:/12148/bd6t51261693/manifest.json'
For more information check: https://developer.mozilla.org/en-US/docs/Web/HTTP/Status/403",2026-07-17T13:09:11.718200
francesoir,bd6t51261701,,failed,0,0,,http_manifest,known,403,manifest,"Client error '403 ' for url 'https://openapiproext.bnf.fr/iiif/presentation/v3/ark:/12148/bd6t51261701/manifest.json'
For more information check: https://developer.mozilla.org/en-US/docs/Web/HTTP/Status/403",2026-07-17T13:09:12.981488
francesoir,bd6t5126171d,,failed,0,0,,http_manifest,known,403,manifest,"Client error '403 ' for url 'https://openapiproext.bnf.fr/iiif/presentation/v3/ark:/12148/bd6t5126171d/manifest.json'
For more information check: https://developer.mozilla.org/en-US/docs/Web/HTTP/Status/403",2026-07-17T13:09:14.287124
francesoir,bd6t51267286,,failed,0,0,,http_manifest,known,403,manifest,"Client error '403 ' for url 'https://openapiproext.bnf.fr/iiif/presentation/v3/ark:/12148/bd6t51267286/manifest.json'
For more information check: https://developer.mozilla.org/en-US/docs/Web/HTTP/Status/403",2026-07-17T13:09:15.459024
francesoir,bd6t5126729k,,failed,0,0,,http_manifest,known,403,manifest,"Client error '403 ' for url 'https://openapiproext.bnf.fr/iiif/presentation/v3/ark:/12148/bd6t5126729k/manifest.json'
For more information check: https://developer.mozilla.org/en-US/docs/Web/HTTP/Status/403",2026-07-17T13:09:16.522227
francesoir,bd6t5126730h,,failed,0,0,,http_manifest,known,403,manifest,"Client error '403 ' for url 'https://openapiproext.bnf.fr/iiif/presentation/v3/ark:/12148/bd6t5126730h/manifest.json'
For more information check: https://developer.mozilla.org/en-US/docs/Web/HTTP/Status/403",2026-07-17T13:09:17.722625
francesoir,bd6t5126731w,,failed,0,0,,http_manifest,known,403,manifest,"Client error '403 ' for url 'https://openapiproext.bnf.fr/iiif/presentation/v3/ark:/12148/bd6t5126731w/manifest.json'
For more information check: https://developer.mozilla.org/en-US/docs/Web/HTTP/Status/403",2026-07-17T13:09:18.922691
francesoir,bd6t51267328,,failed,0,0,,http_manifest,known,403,manifest,"Client error '403 ' for url 'https://openapiproext.bnf.fr/iiif/presentation/v3/ark:/12148/bd6t51267328/manifest.json'
For more information check: https://developer.mozilla.org/en-US/docs/Web/HTTP/Status/403",2026-07-17T13:09:20.125325
francesoir,bd6t5126733n,,failed,0,0,,http_manifest,known,403,manifest,"Client error '403 ' for url 'https://openapiproext.bnf.fr/iiif/presentation/v3/ark:/12148/bd6t5126733n/manifest.json'
For more information check: https://developer.mozilla.org/en-US/docs/Web/HTTP/Status/403",2026-07-17T13:09:21.330115
francesoir,bd6t51267341,,failed,0,0,,http_manifest,known,403,manifest,"Client error '403 ' for url 'https://openapiproext.bnf.fr/iiif/presentation/v3/ark:/12148/bd6t51267341/manifest.json'
For more information check: https://developer.mozilla.org/en-US/docs/Web/HTTP/Status/403",2026-07-17T13:09:22.527557
francesoir,bd6t5126735d,,failed,0,0,,http_manifest,known,403,manifest,"Client error '403 ' for url 'https://openapiproext.bnf.fr/iiif/presentation/v3/ark:/12148/bd6t5126735d/manifest.json'
For more information check: https://developer.mozilla.org/en-US/docs/Web/HTTP/Status/403",2026-07-17T13:09:23.728723
francesoir,bd6t5126736s,,failed,0,0,,http_manifest,known,403,manifest,"Client error '403 ' for url 'https://openapiproext.bnf.fr/iiif/presentation/v3/ark:/12148/bd6t5126736s/manifest.json'
For more information check: https://developer.mozilla.org/en-US/docs/Web/HTTP/Status/403",2026-07-17T13:09:24.937487
francesoir,bd6t51267375,,failed,0,0,,http_manifest,known,403,manifest,"Client error '403 ' for url 'https://openapiproext.bnf.fr/iiif/presentation/v3/ark:/12148/bd6t51267375/manifest.json'
For more information check: https://developer.mozilla.org/en-US/docs/Web/HTTP/Status/403",2026-07-17T13:09:26.164063
francesoir,bd6t5126738j,,failed,0,0,,http_manifest,known,403,manifest,"Client error '403 ' for url 'https://openapiproext.bnf.fr/iiif/presentation/v3/ark:/12148/bd6t5126738j/manifest.json'
For more information check: https://developer.mozilla.org/en-US/docs/Web/HTTP/Status/403",2026-07-17T13:09:27.333722
francesoir,bd6t5126739x,,failed,0,0,,http_manifest,known,403,manifest,"Client error '403 ' for url 'https://openapiproext.bnf.fr/iiif/presentation/v3/ark:/12148/bd6t5126739x/manifest.json'
For more information check: https://developer.mozilla.org/en-US/docs/Web/HTTP/Status/403",2026-07-17T13:09:28.532884
francesoir,bd6t5126740v,,failed,0,0,,http_manifest,known,403,manifest,"Client error '403 ' for url 'https://openapiproext.bnf.fr/iiif/presentation/v3/ark:/12148/bd6t5126740v/manifest.json'
For more information check: https://developer.mozilla.org/en-US/docs/Web/HTTP/Status/403",2026-07-17T13:09:29.738706
francesoir,bd6t51267417,,failed,0,0,,http_manifest,known,403,manifest,"Client error '403 ' for url 'https://openapiproext.bnf.fr/iiif/presentation/v3/ark:/12148/bd6t51267417/manifest.json'
For more information check: https://developer.mozilla.org/en-US/docs/Web/HTTP/Status/403",2026-07-17T13:09:30.937732
francesoir,bd6t5126742m,,failed,0,0,,http_manifest,known,403,manifest,"Client error '403 ' for url 'https://openapiproext.bnf.fr/iiif/presentation/v3/ark:/12148/bd6t5126742m/manifest.json'
For more information check: https://developer.mozilla.org/en-US/docs/Web/HTTP/Status/403",2026-07-17T13:09:32.147036
francesoir,bd6t51267430,,failed,0,0,,http_manifest,known,403,manifest,"Client error '403 ' for url 'https://openapiproext.bnf.fr/iiif/presentation/v3/ark:/12148/bd6t51267430/manifest.json'
For more information check: https://developer.mozilla.org/en-US/docs/Web/HTTP/Status/403",2026-07-17T13:09:33.342350
francesoir,bd6t5126744c,,failed,0,0,,http_manifest,known,403,manifest,"Client error '403 ' for url 'https://openapiproext.bnf.fr/iiif/presentation/v3/ark:/12148/bd6t5126744c/manifest.json'
For more information check: https://developer.mozilla.org/en-US/docs/Web/HTTP/Status/403",2026-07-17T13:09:34.544876
francesoir,bd6t5126745r,,failed,0,0,,http_manifest,known,403,manifest,"Client error '403 ' for url 'https://openapiproext.bnf.fr/iiif/presentation/v3/ark:/12148/bd6t5126745r/manifest.json'
For more information check: https://developer.mozilla.org/en-US/docs/Web/HTTP/Status/403",2026-07-17T13:09:35.742460
francesoir,bd6t51267464,,failed,0,0,,http_manifest,known,403,manifest,"Client error '403 ' for url 'https://openapiproext.bnf.fr/iiif/presentation/v3/ark:/12148/bd6t51267464/manifest.json'
For more information check: https://developer.mozilla.org/en-US/docs/Web/HTTP/Status/403",2026-07-17T13:09:36.945725
francesoir,bd6t5126747h,,failed,0,0,,http_manifest,known,403,manifest,"Client error '403 ' for url 'https://openapiproext.bnf.fr/iiif/presentation/v3/ark:/12148/bd6t5126747h/manifest.json'
For more information check: https://developer.mozilla.org/en-US/docs/Web/HTTP/Status/403",2026-07-17T13:09:38.174053
francesoir,bd6t5126748w,,failed,0,0,,http_manifest,known,403,manifest,"Client error '403 ' for url 'https://openapiproext.bnf.fr/iiif/presentation/v3/ark:/12148/bd6t5126748w/manifest.json'
For more information check: https://developer.mozilla.org/en-US/docs/Web/HTTP/Status/403",2026-07-17T13:09:39.353388
francesoir,bd6t51267498,,failed,0,0,,http_manifest,known,403,manifest,"Client error '403 ' for url 'https://openapiproext.bnf.fr/iiif/presentation/v3/ark:/12148/bd6t51267498/manifest.json'
For more information check: https://developer.mozilla.org/en-US/docs/Web/HTTP/Status/403",2026-07-17T13:09:40.557817
francesoir,bd6t51267506,,failed,0,0,,http_manifest,known,403,manifest,"Client error '403 ' for url 'https://openapiproext.bnf.fr/iiif/presentation/v3/ark:/12148/bd6t51267506/manifest.json'
For more information check: https://developer.mozilla.org/en-US/docs/Web/HTTP/Status/403",2026-07-17T13:09:41.763731
francesoir,bd6t5126751k,,failed,0,0,,http_manifest,known,403,manifest,"Client error '403 ' for url 'https://openapiproext.bnf.fr/iiif/presentation/v3/ark:/12148/bd6t5126751k/manifest.json'
For more information check: https://developer.mozilla.org/en-US/docs/Web/HTTP/Status/403",2026-07-17T13:09:42.958521
francesoir,bd6t5126752z,,failed,0,0,,http_manifest,known,403,manifest,"Client error '403 ' for url 'https://openapiproext.bnf.fr/iiif/presentation/v3/ark:/12148/bd6t5126752z/manifest.json'
For more information check: https://developer.mozilla.org/en-US/docs/Web/HTTP/Status/403",2026-07-17T13:09:44.198141
francesoir,bd6t5126753b,,failed,0,0,,http_manifest,known,403,manifest,"Client error '403 ' for url 'https://openapiproext.bnf.fr/iiif/presentation/v3/ark:/12148/bd6t5126753b/manifest.json'
For more information check: https://developer.mozilla.org/en-US/docs/Web/HTTP/Status/403",2026-07-17T13:09:45.367366
francesoir,bd6t5126754q,,failed,0,0,,http_manifest,known,403,manifest,"Client error '403 ' for url 'https://openapiproext.bnf.fr/iiif/presentation/v3/ark:/12148/bd6t5126754q/manifest.json'
For more information check: https://developer.mozilla.org/en-US/docs/Web/HTTP/Status/403",2026-07-17T13:09:46.564586
francesoir,bd6t51267553,,failed,0,0,,http_manifest,known,403,manifest,"Client error '403 ' for url 'https://openapiproext.bnf.fr/iiif/presentation/v3/ark:/12148/bd6t51267553/manifest.json'
For more information check: https://developer.mozilla.org/en-US/docs/Web/HTTP/Status/403",2026-07-17T13:09:47.774251
francesoir,bd6t5126756g,,failed,0,0,,http_manifest,known,403,manifest,"Client error '403 ' for url 'https://openapiproext.bnf.fr/iiif/presentation/v3/ark:/12148/bd6t5126756g/manifest.json'
For more information check: https://developer.mozilla.org/en-US/docs/Web/HTTP/Status/403",2026-07-17T13:09:48.971222
francesoir,bd6t5126757v,,failed,0,0,,http_manifest,known,403,manifest,"Client error '403 ' for url 'https://openapiproext.bnf.fr/iiif/presentation/v3/ark:/12148/bd6t5126757v/manifest.json'
For more information check: https://developer.mozilla.org/en-US/docs/Web/HTTP/Status/403",2026-07-17T13:09:50.174620
francesoir,bd6t51267587,,failed,0,0,,http_manifest,known,403,manifest,"Client error '403 ' for url 'https://openapiproext.bnf.fr/iiif/presentation/v3/ark:/12148/bd6t51267587/manifest.json'
For more information check: https://developer.mozilla.org/en-US/docs/Web/HTTP/Status/403",2026-07-17T13:09:51.373041
francesoir,bd6t5126759m,,failed,0,0,,http_manifest,known,403,manifest,"Client error '403 ' for url 'https://openapiproext.bnf.fr/iiif/presentation/v3/ark:/12148/bd6t5126759m/manifest.json'
For more information check: https://developer.mozilla.org/en-US/docs/Web/HTTP/Status/403",2026-07-17T13:09:52.575852
francesoir,bd6t5126760j,,failed,0,0,,http_manifest,known,403,manifest,"Client error '403 ' for url 'https://openapiproext.bnf.fr/iiif/presentation/v3/ark:/12148/bd6t5126760j/manifest.json'
For more information check: https://developer.mozilla.org/en-US/docs/Web/HTTP/Status/403",2026-07-17T13:09:53.774733
francesoir,bd6t5126761x,,failed,0,0,,http_manifest,known,403,manifest,"Client error '403 ' for url 'https://openapiproext.bnf.fr/iiif/presentation/v3/ark:/12148/bd6t5126761x/manifest.json'
For more information check: https://developer.mozilla.org/en-US/docs/Web/HTTP/Status/403",2026-07-17T13:09:54.979524
francesoir,bd6t51267629,,failed,0,0,,http_manifest,known,403,manifest,"Client error '403 ' for url 'https://openapiproext.bnf.fr/iiif/presentation/v3/ark:/12148/bd6t51267629/manifest.json'
For more information check: https://developer.mozilla.org/en-US/docs/Web/HTTP/Status/403",2026-07-17T13:09:56.202531
francesoir,bd6t5126763p,,failed,0,0,,http_manifest,known,403,manifest,"Client error '403 ' for url 'https://openapiproext.bnf.fr/iiif/presentation/v3/ark:/12148/bd6t5126763p/manifest.json'
For more information check: https://developer.mozilla.org/en-US/docs/Web/HTTP/Status/403",2026-07-17T13:09:57.586992
francesoir,bd6t51267642,,failed,0,0,,http_manifest,known,403,manifest,"Client error '403 ' for url 'https://openapiproext.bnf.fr/iiif/presentation/v3/ark:/12148/bd6t51267642/manifest.json'
For more information check: https://developer.mozilla.org/en-US/docs/Web/HTTP/Status/403",2026-07-17T13:09:58.583622
francesoir,bd6t5126765f,,failed,0,0,,http_manifest,known,403,manifest,"Client error '403 ' for url 'https://openapiproext.bnf.fr/iiif/presentation/v3/ark:/12148/bd6t5126765f/manifest.json'
For more information check: https://developer.mozilla.org/en-US/docs/Web/HTTP/Status/403",2026-07-17T13:09:59.949628
francesoir,bd6t5126766t,,failed,0,0,,http_manifest,known,403,manifest,"Client error '403 ' for url 'https://openapiproext.bnf.fr/iiif/presentation/v3/ark:/12148/bd6t5126766t/manifest.json'
For more information check: https://developer.mozilla.org/en-US/docs/Web/HTTP/Status/403",2026-07-17T13:10:01.209261
francesoir,bd6t51267676,,failed,0,0,,http_manifest,known,403,manifest,"Client error '403 ' for url 'https://openapiproext.bnf.fr/iiif/presentation/v3/ark:/12148/bd6t51267676/manifest.json'
For more information check: https://developer.mozilla.org/en-US/docs/Web/HTTP/Status/403",2026-07-17T13:10:02.189065
francesoir,bd6t5126768k,,failed,0,0,,http_manifest,known,403,manifest,"Client error '403 ' for url 'https://openapiproext.bnf.fr/iiif/presentation/v3/ark:/12148/bd6t5126768k/manifest.json'
For more information check: https://developer.mozilla.org/en-US/docs/Web/HTTP/Status/403",2026-07-17T13:10:03.397499
francesoir,bd6t5126769z,,failed,0,0,,http_manifest,known,403,manifest,"Client error '403 ' for url 'https://openapiproext.bnf.fr/iiif/presentation/v3/ark:/12148/bd6t5126769z/manifest.json'
For more information check: https://developer.mozilla.org/en-US/docs/Web/HTTP/Status/403",2026-07-17T13:10:04.625399
francesoir,bd6t5126770w,,failed,0,0,,http_manifest,known,403,manifest,"Client error '403 ' for url 'https://openapiproext.bnf.fr/iiif/presentation/v3/ark:/12148/bd6t5126770w/manifest.json'
For more information check: https://developer.mozilla.org/en-US/docs/Web/HTTP/Status/403",2026-07-17T13:10:05.998936
francesoir,bd6t51267718,,failed,0,0,,http_manifest,known,403,manifest,"Client error '403 ' for url 'https://openapiproext.bnf.fr/iiif/presentation/v3/ark:/12148/bd6t51267718/manifest.json'
For more information check: https://developer.mozilla.org/en-US/docs/Web/HTTP/Status/403",2026-07-17T13:10:07.016598
francesoir,bd6t5126772n,,failed,0,0,,http_manifest,known,403,manifest,"Client error '403 ' for url 'https://openapiproext.bnf.fr/iiif/presentation/v3/ark:/12148/bd6t5126772n/manifest.json'
For more information check: https://developer.mozilla.org/en-US/docs/Web/HTTP/Status/403",2026-07-17T13:10:08.410010
francesoir,bd6t51267731,,failed,0,0,,http_manifest,known,403,manifest,"Client error '403 ' for url 'https://openapiproext.bnf.fr/iiif/presentation/v3/ark:/12148/bd6t51267731/manifest.json'
For more information check: https://developer.mozilla.org/en-US/docs/Web/HTTP/Status/403",2026-07-17T13:10:09.401798
francesoir,bd6t5126774d,,failed,0,0,,http_manifest,known,403,manifest,"Client error '403 ' for url 'https://openapiproext.bnf.fr/iiif/presentation/v3/ark:/12148/bd6t5126774d/manifest.json'
For more information check: https://developer.mozilla.org/en-US/docs/Web/HTTP/Status/403",2026-07-17T13:10:10.609764
francesoir,bd6t5126775s,,failed,0,0,,http_manifest,known,403,manifest,"Client error '403 ' for url 'https://openapiproext.bnf.fr/iiif/presentation/v3/ark:/12148/bd6t5126775s/manifest.json'
For more information check: https://developer.mozilla.org/en-US/docs/Web/HTTP/Status/403",2026-07-17T13:10:11.823198
francesoir,bd6t51267765,,failed,0,0,,http_manifest,known,403,manifest,"Client error '403 ' for url 'https://openapiproext.bnf.fr/iiif/presentation/v3/ark:/12148/bd6t51267765/manifest.json'
For more information check: https://developer.mozilla.org/en-US/docs/Web/HTTP/Status/403",2026-07-17T13:10:13.201596
francesoir,bd6t5126777j,,failed,0,0,,http_manifest,known,403,manifest,"Client error '403 ' for url 'https://openapiproext.bnf.fr/iiif/presentation/v3/ark:/12148/bd6t5126777j/manifest.json'
For more information check: https://developer.mozilla.org/en-US/docs/Web/HTTP/Status/403",2026-07-17T13:10:14.209053
francesoir,bd6t5126778x,,failed,0,0,,http_manifest,known,403,manifest,"Client error '403 ' for url 'https://openapiproext.bnf.fr/iiif/presentation/v3/ark:/12148/bd6t5126778x/manifest.json'
For more information check: https://developer.mozilla.org/en-US/docs/Web/HTTP/Status/403",2026-07-17T13:10:15.408449
francesoir,bd6t51267799,,failed,0,0,,http_manifest,known,403,manifest,"Client error '403 ' for url 'https://openapiproext.bnf.fr/iiif/presentation/v3/ark:/12148/bd6t51267799/manifest.json'
For more information check: https://developer.mozilla.org/en-US/docs/Web/HTTP/Status/403",2026-07-17T13:10:16.612619
francesoir,bd6t51267807,,failed,0,0,,http_manifest,known,403,manifest,"Client error '403 ' for url 'https://openapiproext.bnf.fr/iiif/presentation/v3/ark:/12148/bd6t51267807/manifest.json'
For more information check: https://developer.mozilla.org/en-US/docs/Web/HTTP/Status/403",2026-07-17T13:10:17.984931
francesoir,bd6t5126781m,,failed,0,0,,http_manifest,known,403,manifest,"Client error '403 ' for url 'https://openapiproext.bnf.fr/iiif/presentation/v3/ark:/12148/bd6t5126781m/manifest.json'
For more information check: https://developer.mozilla.org/en-US/docs/Web/HTTP/Status/403",2026-07-17T13:10:19.022400
francesoir,bd6t51267820,,failed,0,0,,http_manifest,known,403,manifest,"Client error '403 ' for url 'https://openapiproext.bnf.fr/iiif/presentation/v3/ark:/12148/bd6t51267820/manifest.json'
For more information check: https://developer.mozilla.org/en-US/docs/Web/HTTP/Status/403",2026-07-17T13:10:20.211321
francesoir,bd6t5126783c,,failed,0,0,,http_manifest,known,403,manifest,"Client error '403 ' for url 'https://openapiproext.bnf.fr/iiif/presentation/v3/ark:/12148/bd6t5126783c/manifest.json'
For more information check: https://developer.mozilla.org/en-US/docs/Web/HTTP/Status/403",2026-07-17T13:10:21.478362
francesoir,bd6t5126784r,,failed,0,0,,http_manifest,known,403,manifest,"Client error '403 ' for url 'https://openapiproext.bnf.fr/iiif/presentation/v3/ark:/12148/bd6t5126784r/manifest.json'
For more information check: https://developer.mozilla.org/en-US/docs/Web/HTTP/Status/403",2026-07-17T13:10:22.620644
francesoir,bd6t51267854,,failed,0,0,,http_manifest,known,403,manifest,"Client error '403 ' for url 'https://openapiproext.bnf.fr/iiif/presentation/v3/ark:/12148/bd6t51267854/manifest.json'
For more information check: https://developer.mozilla.org/en-US/docs/Web/HTTP/Status/403",2026-07-17T13:10:23.818886
francesoir,bd6t5126786h,,failed,0,0,,http_manifest,known,403,manifest,"Client error '403 ' for url 'https://openapiproext.bnf.fr/iiif/presentation/v3/ark:/12148/bd6t5126786h/manifest.json'
For more information check: https://developer.mozilla.org/en-US/docs/Web/HTTP/Status/403",2026-07-17T13:10:25.022207
francesoir,bd6t5126787w,,failed,0,0,,http_manifest,known,403,manifest,"Client error '403 ' for url 'https://openapiproext.bnf.fr/iiif/presentation/v3/ark:/12148/bd6t5126787w/manifest.json'
For more information check: https://developer.mozilla.org/en-US/docs/Web/HTTP/Status/403",2026-07-17T13:10:26.222090
francesoir,bd6t51267888,,failed,0,0,,http_manifest,known,403,manifest,"Client error '403 ' for url 'https://openapiproext.bnf.fr/iiif/presentation/v3/ark:/12148/bd6t51267888/manifest.json'
For more information check: https://developer.mozilla.org/en-US/docs/Web/HTTP/Status/403",2026-07-17T13:10:27.447909
francesoir,bd6t5126789n,,failed,0,0,,http_manifest,known,403,manifest,"Client error '403 ' for url 'https://openapiproext.bnf.fr/iiif/presentation/v3/ark:/12148/bd6t5126789n/manifest.json'
For more information check: https://developer.mozilla.org/en-US/docs/Web/HTTP/Status/403",2026-07-17T13:10:28.623828
francesoir,bd6t5126790k,,failed,0,0,,http_manifest,known,403,manifest,"Client error '403 ' for url 'https://openapiproext.bnf.fr/iiif/presentation/v3/ark:/12148/bd6t5126790k/manifest.json'
For more information check: https://developer.mozilla.org/en-US/docs/Web/HTTP/Status/403",2026-07-17T13:10:29.829259
francesoir,bd6t5126791z,,failed,0,0,,http_manifest,known,403,manifest,"Client error '403 ' for url 'https://openapiproext.bnf.fr/iiif/presentation/v3/ark:/12148/bd6t5126791z/manifest.json'
For more information check: https://developer.mozilla.org/en-US/docs/Web/HTTP/Status/403",2026-07-17T13:10:31.024372
francesoir,bd6t5126792b,,failed,0,0,,http_manifest,known,403,manifest,"Client error '403 ' for url 'https://openapiproext.bnf.fr/iiif/presentation/v3/ark:/12148/bd6t5126792b/manifest.json'
For more information check: https://developer.mozilla.org/en-US/docs/Web/HTTP/Status/403",2026-07-17T13:10:32.226218
francesoir,bd6t5126793q,,failed,0,0,,http_manifest,known,403,manifest,"Client error '403 ' for url 'https://openapiproext.bnf.fr/iiif/presentation/v3/ark:/12148/bd6t5126793q/manifest.json'
For more information check: https://developer.mozilla.org/en-US/docs/Web/HTTP/Status/403",2026-07-17T13:10:33.428568
francesoir,bd6t51267943,,failed,0,0,,http_manifest,known,403,manifest,"Client error '403 ' for url 'https://openapiproext.bnf.fr/iiif/presentation/v3/ark:/12148/bd6t51267943/manifest.json'
For more information check: https://developer.mozilla.org/en-US/docs/Web/HTTP/Status/403",2026-07-17T13:10:34.633415
francesoir,bd6t5126795g,,failed,0,0,,http_manifest,known,403,manifest,"Client error '403 ' for url 'https://openapiproext.bnf.fr/iiif/presentation/v3/ark:/12148/bd6t5126795g/manifest.json'
For more information check: https://developer.mozilla.org/en-US/docs/Web/HTTP/Status/403",2026-07-17T13:10:35.835593
francesoir,bd6t5126796v,,failed,0,0,,http_manifest,known,403,manifest,"Client error '403 ' for url 'https://openapiproext.bnf.fr/iiif/presentation/v3/ark:/12148/bd6t5126796v/manifest.json'
For more information check: https://developer.mozilla.org/en-US/docs/Web/HTTP/Status/403",2026-07-17T13:10:37.035169
francesoir,bd6t51267977,,failed,0,0,,http_manifest,known,403,manifest,"Client error '403 ' for url 'https://openapiproext.bnf.fr/iiif/presentation/v3/ark:/12148/bd6t51267977/manifest.json'
For more information check: https://developer.mozilla.org/en-US/docs/Web/HTTP/Status/403",2026-07-17T13:10:38.236671
francesoir,bd6t5126798m,,failed,0,0,,http_manifest,known,403,manifest,"Client error '403 ' for url 'https://openapiproext.bnf.fr/iiif/presentation/v3/ark:/12148/bd6t5126798m/manifest.json'
For more information check: https://developer.mozilla.org/en-US/docs/Web/HTTP/Status/403",2026-07-17T13:10:39.655832
francesoir,bd6t51267990,,failed,0,0,,http_manifest,known,403,manifest,"Client error '403 ' for url 'https://openapiproext.bnf.fr/iiif/presentation/v3/ark:/12148/bd6t51267990/manifest.json'
For more information check: https://developer.mozilla.org/en-US/docs/Web/HTTP/Status/403",2026-07-17T13:10:40.639104
francesoir,bd6t5126800s,,failed,0,0,,http_manifest,known,403,manifest,"Client error '403 ' for url 'https://openapiproext.bnf.fr/iiif/presentation/v3/ark:/12148/bd6t5126800s/manifest.json'
For more information check: https://developer.mozilla.org/en-US/docs/Web/HTTP/Status/403",2026-07-17T13:10:41.847244
francesoir,bd6t51268015,,failed,0,0,,http_manifest,known,403,manifest,"Client error '403 ' for url 'https://openapiproext.bnf.fr/iiif/presentation/v3/ark:/12148/bd6t51268015/manifest.json'
For more information check: https://developer.mozilla.org/en-US/docs/Web/HTTP/Status/403",2026-07-17T13:10:43.044639
francesoir,bd6t5126802j,,failed,0,0,,http_manifest,known,403,manifest,"Client error '403 ' for url 'https://openapiproext.bnf.fr/iiif/presentation/v3/ark:/12148/bd6t5126802j/manifest.json'
For more information check: https://developer.mozilla.org/en-US/docs/Web/HTTP/Status/403",2026-07-17T13:10:44.258426
francesoir,bd6t5126803x,,failed,0,0,,http_manifest,known,403,manifest,"Client error '403 ' for url 'https://openapiproext.bnf.fr/iiif/presentation/v3/ark:/12148/bd6t5126803x/manifest.json'
For more information check: https://developer.mozilla.org/en-US/docs/Web/HTTP/Status/403",2026-07-17T13:10:45.448321
francesoir,bd6t51268049,,failed,0,0,,http_manifest,known,403,manifest,"Client error '403 ' for url 'https://openapiproext.bnf.fr/iiif/presentation/v3/ark:/12148/bd6t51268049/manifest.json'
For more information check: https://developer.mozilla.org/en-US/docs/Web/HTTP/Status/403",2026-07-17T13:10:46.652173
francesoir,bd6t5126805p,,failed,0,0,,http_manifest,known,403,manifest,"Client error '403 ' for url 'https://openapiproext.bnf.fr/iiif/presentation/v3/ark:/12148/bd6t5126805p/manifest.json'
For more information check: https://developer.mozilla.org/en-US/docs/Web/HTTP/Status/403",2026-07-17T13:10:47.852153
francesoir,bd6t51268062,,failed,0,0,,http_manifest,known,403,manifest,"Client error '403 ' for url 'https://openapiproext.bnf.fr/iiif/presentation/v3/ark:/12148/bd6t51268062/manifest.json'
For more information check: https://developer.mozilla.org/en-US/docs/Web/HTTP/Status/403",2026-07-17T13:10:49.056625
francesoir,bd6t5126807f,,failed,0,0,,http_manifest,known,403,manifest,"Client error '403 ' for url 'https://openapiproext.bnf.fr/iiif/presentation/v3/ark:/12148/bd6t5126807f/manifest.json'
For more information check: https://developer.mozilla.org/en-US/docs/Web/HTTP/Status/403",2026-07-17T13:10:50.253618
francesoir,bd6t5126808t,,failed,0,0,,http_manifest,known,403,manifest,"Client error '403 ' for url 'https://openapiproext.bnf.fr/iiif/presentation/v3/ark:/12148/bd6t5126808t/manifest.json'
For more information check: https://developer.mozilla.org/en-US/docs/Web/HTTP/Status/403",2026-07-17T13:10:51.474558
francesoir,bd6t51268096,,failed,0,0,,http_manifest,known,403,manifest,"Client error '403 ' for url 'https://openapiproext.bnf.fr/iiif/presentation/v3/ark:/12148/bd6t51268096/manifest.json'
For more information check: https://developer.mozilla.org/en-US/docs/Web/HTTP/Status/403",2026-07-17T13:10:52.665010
francesoir,bd6t51268104,,failed,0,0,,http_manifest,known,403,manifest,"Client error '403 ' for url 'https://openapiproext.bnf.fr/iiif/presentation/v3/ark:/12148/bd6t51268104/manifest.json'
For more information check: https://developer.mozilla.org/en-US/docs/Web/HTTP/Status/403",2026-07-17T13:10:53.869217
francesoir,bd6t5126811h,,failed,0,0,,http_manifest,known,403,manifest,"Client error '403 ' for url 'https://openapiproext.bnf.fr/iiif/presentation/v3/ark:/12148/bd6t5126811h/manifest.json'
For more information check: https://developer.mozilla.org/en-US/docs/Web/HTTP/Status/403",2026-07-17T13:10:55.110603
francesoir,bd6t5126812w,,failed,0,0,,http_manifest,known,403,manifest,"Client error '403 ' for url 'https://openapiproext.bnf.fr/iiif/presentation/v3/ark:/12148/bd6t5126812w/manifest.json'
For more information check: https://developer.mozilla.org/en-US/docs/Web/HTTP/Status/403",2026-07-17T13:10:56.266424
francesoir,bd6t51268138,,failed,0,0,,http_manifest,known,403,manifest,"Client error '403 ' for url 'https://openapiproext.bnf.fr/iiif/presentation/v3/ark:/12148/bd6t51268138/manifest.json'
For more information check: https://developer.mozilla.org/en-US/docs/Web/HTTP/Status/403",2026-07-17T13:10:57.751228
francesoir,bd6t5126814n,,failed,0,0,,http_manifest,known,403,manifest,"Client error '403 ' for url 'https://openapiproext.bnf.fr/iiif/presentation/v3/ark:/12148/bd6t5126814n/manifest.json'
For more information check: https://developer.mozilla.org/en-US/docs/Web/HTTP/Status/403",2026-07-17T13:10:58.818360
francesoir,bd6t51268151,,failed,0,0,,http_manifest,known,403,manifest,"Client error '403 ' for url 'https://openapiproext.bnf.fr/iiif/presentation/v3/ark:/12148/bd6t51268151/manifest.json'
For more information check: https://developer.mozilla.org/en-US/docs/Web/HTTP/Status/403",2026-07-17T13:10:59.874162
francesoir,bd6t5126816d,,failed,0,0,,http_manifest,known,403,manifest,"Client error '403 ' for url 'https://openapiproext.bnf.fr/iiif/presentation/v3/ark:/12148/bd6t5126816d/manifest.json'
For more information check: https://developer.mozilla.org/en-US/docs/Web/HTTP/Status/403",2026-07-17T13:11:01.253517
francesoir,bd6t5126817s,,failed,0,0,,http_manifest,known,403,manifest,"Client error '403 ' for url 'https://openapiproext.bnf.fr/iiif/presentation/v3/ark:/12148/bd6t5126817s/manifest.json'
For more information check: https://developer.mozilla.org/en-US/docs/Web/HTTP/Status/403",2026-07-17T13:11:02.304942
francesoir,bd6t51268185,,failed,0,0,,http_manifest,known,403,manifest,"Client error '403 ' for url 'https://openapiproext.bnf.fr/iiif/presentation/v3/ark:/12148/bd6t51268185/manifest.json'
For more information check: https://developer.mozilla.org/en-US/docs/Web/HTTP/Status/403",2026-07-17T13:11:03.635068
francesoir,bd6t5126819j,,failed,0,0,,http_manifest,known,403,manifest,"Client error '403 ' for url 'https://openapiproext.bnf.fr/iiif/presentation/v3/ark:/12148/bd6t5126819j/manifest.json'
For more information check: https://developer.mozilla.org/en-US/docs/Web/HTTP/Status/403",2026-07-17T13:11:04.929399
francesoir,bd6t5126820g,,failed,0,0,,http_manifest,known,403,manifest,"Client error '403 ' for url 'https://openapiproext.bnf.fr/iiif/presentation/v3/ark:/12148/bd6t5126820g/manifest.json'
For more information check: https://developer.mozilla.org/en-US/docs/Web/HTTP/Status/403",2026-07-17T13:11:05.886566
francesoir,bd6t5126821v,,failed,0,0,,http_manifest,known,403,manifest,"Client error '403 ' for url 'https://openapiproext.bnf.fr/iiif/presentation/v3/ark:/12148/bd6t5126821v/manifest.json'
For more information check: https://developer.mozilla.org/en-US/docs/Web/HTTP/Status/403",2026-07-17T13:11:07.246990
francesoir,bd6t51268227,,failed,0,0,,http_manifest,known,403,manifest,"Client error '403 ' for url 'https://openapiproext.bnf.fr/iiif/presentation/v3/ark:/12148/bd6t51268227/manifest.json'
For more information check: https://developer.mozilla.org/en-US/docs/Web/HTTP/Status/403",2026-07-17T13:11:08.287885
francesoir,bd6t5126823m,,failed,0,0,,http_manifest,known,403,manifest,"Client error '403 ' for url 'https://openapiproext.bnf.fr/iiif/presentation/v3/ark:/12148/bd6t5126823m/manifest.json'
For more information check: https://developer.mozilla.org/en-US/docs/Web/HTTP/Status/403",2026-07-17T13:11:09.513326
francesoir,bd6t51268240,,failed,0,0,,http_manifest,known,403,manifest,"Client error '403 ' for url 'https://openapiproext.bnf.fr/iiif/presentation/v3/ark:/12148/bd6t51268240/manifest.json'
For more information check: https://developer.mozilla.org/en-US/docs/Web/HTTP/Status/403",2026-07-17T13:11:10.855578
francesoir,bd6t5126825c,,failed,0,0,,http_manifest,known,403,manifest,"Client error '403 ' for url 'https://openapiproext.bnf.fr/iiif/presentation/v3/ark:/12148/bd6t5126825c/manifest.json'
For more information check: https://developer.mozilla.org/en-US/docs/Web/HTTP/Status/403",2026-07-17T13:11:11.902632
francesoir,bd6t5126826r,,failed,0,0,,http_manifest,known,403,manifest,"Client error '403 ' for url 'https://openapiproext.bnf.fr/iiif/presentation/v3/ark:/12148/bd6t5126826r/manifest.json'
For more information check: https://developer.mozilla.org/en-US/docs/Web/HTTP/Status/403",2026-07-17T13:11:13.242524
francesoir,bd6t51268274,,failed,0,0,,http_manifest,known,403,manifest,"Client error '403 ' for url 'https://openapiproext.bnf.fr/iiif/presentation/v3/ark:/12148/bd6t51268274/manifest.json'
For more information check: https://developer.mozilla.org/en-US/docs/Web/HTTP/Status/403",2026-07-17T13:11:14.567479
francesoir,bd6t5126828h,,failed,0,0,,http_manifest,known,403,manifest,"Client error '403 ' for url 'https://openapiproext.bnf.fr/iiif/presentation/v3/ark:/12148/bd6t5126828h/manifest.json'
For more information check: https://developer.mozilla.org/en-US/docs/Web/HTTP/Status/403",2026-07-17T13:11:15.692234
francesoir,bd6t5126829w,,failed,0,0,,http_manifest,known,403,manifest,"Client error '403 ' for url 'https://openapiproext.bnf.fr/iiif/presentation/v3/ark:/12148/bd6t5126829w/manifest.json'
For more information check: https://developer.mozilla.org/en-US/docs/Web/HTTP/Status/403",2026-07-17T13:11:16.900192
francesoir,bd6t5126830t,,failed,0,0,,http_manifest,known,403,manifest,"Client error '403 ' for url 'https://openapiproext.bnf.fr/iiif/presentation/v3/ark:/12148/bd6t5126830t/manifest.json'
For more information check: https://developer.mozilla.org/en-US/docs/Web/HTTP/Status/403",2026-07-17T13:11:17.892244
francesoir,bd6t51268316,,failed,0,0,,http_manifest,known,403,manifest,"Client error '403 ' for url 'https://openapiproext.bnf.fr/iiif/presentation/v3/ark:/12148/bd6t51268316/manifest.json'
For more information check: https://developer.mozilla.org/en-US/docs/Web/HTTP/Status/403",2026-07-17T13:11:19.095451
francesoir,bd6t5126832k,,failed,0,0,,http_manifest,known,403,manifest,"Client error '403 ' for url 'https://openapiproext.bnf.fr/iiif/presentation/v3/ark:/12148/bd6t5126832k/manifest.json'
For more information check: https://developer.mozilla.org/en-US/docs/Web/HTTP/Status/403",2026-07-17T13:11:20.315652
francesoir,bd6t5126833z,,failed,0,0,,http_manifest,known,403,manifest,"Client error '403 ' for url 'https://openapiproext.bnf.fr/iiif/presentation/v3/ark:/12148/bd6t5126833z/manifest.json'
For more information check: https://developer.mozilla.org/en-US/docs/Web/HTTP/Status/403",2026-07-17T13:11:21.497333
francesoir,bd6t5126834b,,failed,0,0,,http_manifest,known,403,manifest,"Client error '403 ' for url 'https://openapiproext.bnf.fr/iiif/presentation/v3/ark:/12148/bd6t5126834b/manifest.json'
For more information check: https://developer.mozilla.org/en-US/docs/Web/HTTP/Status/403",2026-07-17T13:11:22.703319
francesoir,bd6t5126835q,,failed,0,0,,http_manifest,known,403,manifest,"Client error '403 ' for url 'https://openapiproext.bnf.fr/iiif/presentation/v3/ark:/12148/bd6t5126835q/manifest.json'
For more information check: https://developer.mozilla.org/en-US/docs/Web/HTTP/Status/403",2026-07-17T13:11:23.900876
francesoir,bd6t51268363,,failed,0,0,,http_manifest,known,403,manifest,"Client error '403 ' for url 'https://openapiproext.bnf.fr/iiif/presentation/v3/ark:/12148/bd6t51268363/manifest.json'
For more information check: https://developer.mozilla.org/en-US/docs/Web/HTTP/Status/403",2026-07-17T13:11:25.109041
francesoir,bd6t5126837g,,failed,0,0,,http_manifest,known,403,manifest,"Client error '403 ' for url 'https://openapiproext.bnf.fr/iiif/presentation/v3/ark:/12148/bd6t5126837g/manifest.json'
For more information check: https://developer.mozilla.org/en-US/docs/Web/HTTP/Status/403",2026-07-17T13:11:26.314862
francesoir,bd6t5126838v,,failed,0,0,,http_manifest,known,403,manifest,"Client error '403 ' for url 'https://openapiproext.bnf.fr/iiif/presentation/v3/ark:/12148/bd6t5126838v/manifest.json'
For more information check: https://developer.mozilla.org/en-US/docs/Web/HTTP/Status/403",2026-07-17T13:11:27.500363
francesoir,bd6t51268397,,failed,0,0,,http_manifest,known,403,manifest,"Client error '403 ' for url 'https://openapiproext.bnf.fr/iiif/presentation/v3/ark:/12148/bd6t51268397/manifest.json'
For more information check: https://developer.mozilla.org/en-US/docs/Web/HTTP/Status/403",2026-07-17T13:11:28.703214
francesoir,bd6t51268405,,failed,0,0,,http_manifest,known,403,manifest,"Client error '403 ' for url 'https://openapiproext.bnf.fr/iiif/presentation/v3/ark:/12148/bd6t51268405/manifest.json'
For more information check: https://developer.mozilla.org/en-US/docs/Web/HTTP/Status/403",2026-07-17T13:11:29.924406
francesoir,bd6t5126841j,,failed,0,0,,http_manifest,known,403,manifest,"Client error '403 ' for url 'https://openapiproext.bnf.fr/iiif/presentation/v3/ark:/12148/bd6t5126841j/manifest.json'
For more information check: https://developer.mozilla.org/en-US/docs/Web/HTTP/Status/403",2026-07-17T13:11:31.113478
francesoir,bd6t5126842x,,failed,0,0,,http_manifest,known,403,manifest,"Client error '403 ' for url 'https://openapiproext.bnf.fr/iiif/presentation/v3/ark:/12148/bd6t5126842x/manifest.json'
For more information check: https://developer.mozilla.org/en-US/docs/Web/HTTP/Status/403",2026-07-17T13:11:32.315801
francesoir,bd6t51268439,,failed,0,0,,http_manifest,known,403,manifest,"Client error '403 ' for url 'https://openapiproext.bnf.fr/iiif/presentation/v3/ark:/12148/bd6t51268439/manifest.json'
For more information check: https://developer.mozilla.org/en-US/docs/Web/HTTP/Status/403",2026-07-17T13:11:33.508218
francesoir,bd6t5126844p,,failed,0,0,,http_manifest,known,403,manifest,"Client error '403 ' for url 'https://openapiproext.bnf.fr/iiif/presentation/v3/ark:/12148/bd6t5126844p/manifest.json'
For more information check: https://developer.mozilla.org/en-US/docs/Web/HTTP/Status/403",2026-07-17T13:11:34.710621
francesoir,bd6t51268452,,failed,0,0,,http_manifest,known,403,manifest,"Client error '403 ' for url 'https://openapiproext.bnf.fr/iiif/presentation/v3/ark:/12148/bd6t51268452/manifest.json'
For more information check: https://developer.mozilla.org/en-US/docs/Web/HTTP/Status/403",2026-07-17T13:11:35.914726
francesoir,bd6t5126846f,,failed,0,0,,http_manifest,known,403,manifest,"Client error '403 ' for url 'https://openapiproext.bnf.fr/iiif/presentation/v3/ark:/12148/bd6t5126846f/manifest.json'
For more information check: https://developer.mozilla.org/en-US/docs/Web/HTTP/Status/403",2026-07-17T13:11:37.115692
francesoir,bd6t5126847t,,failed,0,0,,http_manifest,known,403,manifest,"Client error '403 ' for url 'https://openapiproext.bnf.fr/iiif/presentation/v3/ark:/12148/bd6t5126847t/manifest.json'
For more information check: https://developer.mozilla.org/en-US/docs/Web/HTTP/Status/403",2026-07-17T13:11:38.334904
francesoir,bd6t51268486,,failed,0,0,,http_manifest,known,403,manifest,"Client error '403 ' for url 'https://openapiproext.bnf.fr/iiif/presentation/v3/ark:/12148/bd6t51268486/manifest.json'
For more information check: https://developer.mozilla.org/en-US/docs/Web/HTTP/Status/403",2026-07-17T13:11:39.517415
francesoir,bd6t5126849k,,failed,0,0,,http_manifest,known,403,manifest,"Client error '403 ' for url 'https://openapiproext.bnf.fr/iiif/presentation/v3/ark:/12148/bd6t5126849k/manifest.json'
For more information check: https://developer.mozilla.org/en-US/docs/Web/HTTP/Status/403",2026-07-17T13:11:40.718631
francesoir,bd6t5126850h,,failed,0,0,,http_manifest,known,403,manifest,"Client error '403 ' for url 'https://openapiproext.bnf.fr/iiif/presentation/v3/ark:/12148/bd6t5126850h/manifest.json'
For more information check: https://developer.mozilla.org/en-US/docs/Web/HTTP/Status/403",2026-07-17T13:11:41.918818
francesoir,bd6t5126851w,,failed,0,0,,http_manifest,known,403,manifest,"Client error '403 ' for url 'https://openapiproext.bnf.fr/iiif/presentation/v3/ark:/12148/bd6t5126851w/manifest.json'
For more information check: https://developer.mozilla.org/en-US/docs/Web/HTTP/Status/403",2026-07-17T13:11:43.123978
francesoir,bd6t51268528,,failed,0,0,,http_manifest,known,403,manifest,"Client error '403 ' for url 'https://openapiproext.bnf.fr/iiif/presentation/v3/ark:/12148/bd6t51268528/manifest.json'
For more information check: https://developer.mozilla.org/en-US/docs/Web/HTTP/Status/403",2026-07-17T13:11:44.327049
francesoir,bd6t5126853n,,failed,0,0,,http_manifest,known,403,manifest,"Client error '403 ' for url 'https://openapiproext.bnf.fr/iiif/presentation/v3/ark:/12148/bd6t5126853n/manifest.json'
For more information check: https://developer.mozilla.org/en-US/docs/Web/HTTP/Status/403",2026-07-17T13:11:45.532000
francesoir,bd6t51268541,,failed,0,0,,http_manifest,known,403,manifest,"Client error '403 ' for url 'https://openapiproext.bnf.fr/iiif/presentation/v3/ark:/12148/bd6t51268541/manifest.json'
For more information check: https://developer.mozilla.org/en-US/docs/Web/HTTP/Status/403",2026-07-17T13:11:46.732363
francesoir,bd6t5126855d,,failed,0,0,,http_manifest,known,403,manifest,"Client error '403 ' for url 'https://openapiproext.bnf.fr/iiif/presentation/v3/ark:/12148/bd6t5126855d/manifest.json'
For more information check: https://developer.mozilla.org/en-US/docs/Web/HTTP/Status/403",2026-07-17T13:11:47.932254
francesoir,bd6t5126856s,,failed,0,0,,http_manifest,known,403,manifest,"Client error '403 ' for url 'https://openapiproext.bnf.fr/iiif/presentation/v3/ark:/12148/bd6t5126856s/manifest.json'
For more information check: https://developer.mozilla.org/en-US/docs/Web/HTTP/Status/403",2026-07-17T13:11:49.134683
francesoir,bd6t51268575,,failed,0,0,,http_manifest,known,403,manifest,"Client error '403 ' for url 'https://openapiproext.bnf.fr/iiif/presentation/v3/ark:/12148/bd6t51268575/manifest.json'
For more information check: https://developer.mozilla.org/en-US/docs/Web/HTTP/Status/403",2026-07-17T13:11:50.346711
francesoir,bd6t5126858j,,failed,0,0,,http_manifest,known,403,manifest,"Client error '403 ' for url 'https://openapiproext.bnf.fr/iiif/presentation/v3/ark:/12148/bd6t5126858j/manifest.json'
For more information check: https://developer.mozilla.org/en-US/docs/Web/HTTP/Status/403",2026-07-17T13:11:51.540580
francesoir,bd6t5126859x,,failed,0,0,,http_manifest,known,403,manifest,"Client error '403 ' for url 'https://openapiproext.bnf.fr/iiif/presentation/v3/ark:/12148/bd6t5126859x/manifest.json'
For more information check: https://developer.mozilla.org/en-US/docs/Web/HTTP/Status/403",2026-07-17T13:11:52.740204
francesoir,bd6t5126860v,,failed,0,0,,http_manifest,known,403,manifest,"Client error '403 ' for url 'https://openapiproext.bnf.fr/iiif/presentation/v3/ark:/12148/bd6t5126860v/manifest.json'
For more information check: https://developer.mozilla.org/en-US/docs/Web/HTTP/Status/403",2026-07-17T13:11:53.943516
francesoir,bd6t51268617,,failed,0,0,,http_manifest,known,403,manifest,"Client error '403 ' for url 'https://openapiproext.bnf.fr/iiif/presentation/v3/ark:/12148/bd6t51268617/manifest.json'
For more information check: https://developer.mozilla.org/en-US/docs/Web/HTTP/Status/403",2026-07-17T13:11:55.146284
francesoir,bd6t5126862m,,failed,0,0,,http_manifest,known,403,manifest,"Client error '403 ' for url 'https://openapiproext.bnf.fr/iiif/presentation/v3/ark:/12148/bd6t5126862m/manifest.json'
For more information check: https://developer.mozilla.org/en-US/docs/Web/HTTP/Status/403",2026-07-17T13:11:56.355259
francesoir,bd6t51268630,,failed,0,0,,http_manifest,known,403,manifest,"Client error '403 ' for url 'https://openapiproext.bnf.fr/iiif/presentation/v3/ark:/12148/bd6t51268630/manifest.json'
For more information check: https://developer.mozilla.org/en-US/docs/Web/HTTP/Status/403",2026-07-17T13:11:57.693537
francesoir,bd6t5126864c,,failed,0,0,,http_manifest,known,403,manifest,"Client error '403 ' for url 'https://openapiproext.bnf.fr/iiif/presentation/v3/ark:/12148/bd6t5126864c/manifest.json'
For more information check: https://developer.mozilla.org/en-US/docs/Web/HTTP/Status/403",2026-07-17T13:11:58.750224
francesoir,bd6t5126865r,,failed,0,0,,http_manifest,known,403,manifest,"Client error '403 ' for url 'https://openapiproext.bnf.fr/iiif/presentation/v3/ark:/12148/bd6t5126865r/manifest.json'
For more information check: https://developer.mozilla.org/en-US/docs/Web/HTTP/Status/403",2026-07-17T13:12:00.151190
francesoir,bd6t51268664,,failed,0,0,,http_manifest,known,403,manifest,"Client error '403 ' for url 'https://openapiproext.bnf.fr/iiif/presentation/v3/ark:/12148/bd6t51268664/manifest.json'
For more information check: https://developer.mozilla.org/en-US/docs/Web/HTTP/Status/403",2026-07-17T13:12:01.243067
francesoir,bd6t5126867h,,failed,0,0,,http_manifest,known,403,manifest,"Client error '403 ' for url 'https://openapiproext.bnf.fr/iiif/presentation/v3/ark:/12148/bd6t5126867h/manifest.json'
For more information check: https://developer.mozilla.org/en-US/docs/Web/HTTP/Status/403",2026-07-17T13:12:02.408596
francesoir,bd6t5126868w,,failed,0,0,,http_manifest,known,403,manifest,"Client error '403 ' for url 'https://openapiproext.bnf.fr/iiif/presentation/v3/ark:/12148/bd6t5126868w/manifest.json'
For more information check: https://developer.mozilla.org/en-US/docs/Web/HTTP/Status/403",2026-07-17T13:12:03.679077
francesoir,bd6t51268698,,failed,0,0,,http_manifest,known,403,manifest,"Client error '403 ' for url 'https://openapiproext.bnf.fr/iiif/presentation/v3/ark:/12148/bd6t51268698/manifest.json'
For more information check: https://developer.mozilla.org/en-US/docs/Web/HTTP/Status/403",2026-07-17T13:12:04.935456
francesoir,bd6t51268706,,failed,0,0,,http_manifest,known,403,manifest,"Client error '403 ' for url 'https://openapiproext.bnf.fr/iiif/presentation/v3/ark:/12148/bd6t51268706/manifest.json'
For more information check: https://developer.mozilla.org/en-US/docs/Web/HTTP/Status/403",2026-07-17T13:12:06.191069
francesoir,bd6t5126871k,,failed,0,0,,http_manifest,known,403,manifest,"Client error '403 ' for url 'https://openapiproext.bnf.fr/iiif/presentation/v3/ark:/12148/bd6t5126871k/manifest.json'
For more information check: https://developer.mozilla.org/en-US/docs/Web/HTTP/Status/403",2026-07-17T13:12:07.158396
francesoir,bd6t5126872z,,failed,0,0,,http_manifest,known,403,manifest,"Client error '403 ' for url 'https://openapiproext.bnf.fr/iiif/presentation/v3/ark:/12148/bd6t5126872z/manifest.json'
For more information check: https://developer.mozilla.org/en-US/docs/Web/HTTP/Status/403",2026-07-17T13:12:08.538002
francesoir,bd6t5126873b,,failed,0,0,,http_manifest,known,403,manifest,"Client error '403 ' for url 'https://openapiproext.bnf.fr/iiif/presentation/v3/ark:/12148/bd6t5126873b/manifest.json'
For more information check: https://developer.mozilla.org/en-US/docs/Web/HTTP/Status/403",2026-07-17T13:12:09.594282
francesoir,bd6t5126874q,,failed,0,0,,http_manifest,known,403,manifest,"Client error '403 ' for url 'https://openapiproext.bnf.fr/iiif/presentation/v3/ark:/12148/bd6t5126874q/manifest.json'
For more information check: https://developer.mozilla.org/en-US/docs/Web/HTTP/Status/403",2026-07-17T13:12:10.816407
francesoir,bd6t51268753,,failed,0,0,,http_manifest,known,403,manifest,"Client error '403 ' for url 'https://openapiproext.bnf.fr/iiif/presentation/v3/ark:/12148/bd6t51268753/manifest.json'
For more information check: https://developer.mozilla.org/en-US/docs/Web/HTTP/Status/403",2026-07-17T13:12:12.057978
francesoir,bd6t5126876g,,failed,0,0,,http_manifest,known,403,manifest,"Client error '403 ' for url 'https://openapiproext.bnf.fr/iiif/presentation/v3/ark:/12148/bd6t5126876g/manifest.json'
For more information check: https://developer.mozilla.org/en-US/docs/Web/HTTP/Status/403",2026-07-17T13:12:13.339602
francesoir,bd6t5126877v,,failed,0,0,,http_manifest,known,403,manifest,"Client error '403 ' for url 'https://openapiproext.bnf.fr/iiif/presentation/v3/ark:/12148/bd6t5126877v/manifest.json'
For more information check: https://developer.mozilla.org/en-US/docs/Web/HTTP/Status/403",2026-07-17T13:12:14.560525
francesoir,bd6t51268787,,failed,0,0,,http_manifest,known,403,manifest,"Client error '403 ' for url 'https://openapiproext.bnf.fr/iiif/presentation/v3/ark:/12148/bd6t51268787/manifest.json'
For more information check: https://developer.mozilla.org/en-US/docs/Web/HTTP/Status/403",2026-07-17T13:12:15.618497
francesoir,bd6t5126879m,,failed,0,0,,http_manifest,known,403,manifest,"Client error '403 ' for url 'https://openapiproext.bnf.fr/iiif/presentation/v3/ark:/12148/bd6t5126879m/manifest.json'
For more information check: https://developer.mozilla.org/en-US/docs/Web/HTTP/Status/403",2026-07-17T13:12:16.773779
francesoir,bd6t5126880j,,failed,0,0,,http_manifest,known,403,manifest,"Client error '403 ' for url 'https://openapiproext.bnf.fr/iiif/presentation/v3/ark:/12148/bd6t5126880j/manifest.json'
For more information check: https://developer.mozilla.org/en-US/docs/Web/HTTP/Status/403",2026-07-17T13:12:17.972025
francesoir,bd6t5126881x,,failed,0,0,,http_manifest,known,403,manifest,"Client error '403 ' for url 'https://openapiproext.bnf.fr/iiif/presentation/v3/ark:/12148/bd6t5126881x/manifest.json'
For more information check: https://developer.mozilla.org/en-US/docs/Web/HTTP/Status/403",2026-07-17T13:12:19.179267
francesoir,bd6t51268829,,failed,0,0,,http_manifest,known,403,manifest,"Client error '403 ' for url 'https://openapiproext.bnf.fr/iiif/presentation/v3/ark:/12148/bd6t51268829/manifest.json'
For more information check: https://developer.mozilla.org/en-US/docs/Web/HTTP/Status/403",2026-07-17T13:12:20.385584
francesoir,bd6t5126883p,,failed,0,0,,http_manifest,known,403,manifest,"Client error '403 ' for url 'https://openapiproext.bnf.fr/iiif/presentation/v3/ark:/12148/bd6t5126883p/manifest.json'
For more information check: https://developer.mozilla.org/en-US/docs/Web/HTTP/Status/403",2026-07-17T13:12:21.607444
francesoir,bd6t51268842,,failed,0,0,,http_manifest,known,403,manifest,"Client error '403 ' for url 'https://openapiproext.bnf.fr/iiif/presentation/v3/ark:/12148/bd6t51268842/manifest.json'
For more information check: https://developer.mozilla.org/en-US/docs/Web/HTTP/Status/403",2026-07-17T13:12:22.780170
francesoir,bd6t5127381n,,failed,0,0,,http_manifest,known,403,manifest,"Client error '403 ' for url 'https://openapiproext.bnf.fr/iiif/presentation/v3/ark:/12148/bd6t5127381n/manifest.json'
For more information check: https://developer.mozilla.org/en-US/docs/Web/HTTP/Status/403",2026-07-17T13:12:23.981668
francesoir,bd6t51273821,,failed,0,0,,http_manifest,known,403,manifest,"Client error '403 ' for url 'https://openapiproext.bnf.fr/iiif/presentation/v3/ark:/12148/bd6t51273821/manifest.json'
For more information check: https://developer.mozilla.org/en-US/docs/Web/HTTP/Status/403",2026-07-17T13:12:25.185524
francesoir,bd6t5127383d,,failed,0,0,,http_manifest,known,403,manifest,"Client error '403 ' for url 'https://openapiproext.bnf.fr/iiif/presentation/v3/ark:/12148/bd6t5127383d/manifest.json'
For more information check: https://developer.mozilla.org/en-US/docs/Web/HTTP/Status/403",2026-07-17T13:12:26.382708
francesoir,bd6t5127384s,,failed,0,0,,http_manifest,known,403,manifest,"Client error '403 ' for url 'https://openapiproext.bnf.fr/iiif/presentation/v3/ark:/12148/bd6t5127384s/manifest.json'
For more information check: https://developer.mozilla.org/en-US/docs/Web/HTTP/Status/403",2026-07-17T13:12:27.586422
francesoir,bd6t51273855,,failed,0,0,,http_manifest,known,403,manifest,"Client error '403 ' for url 'https://openapiproext.bnf.fr/iiif/presentation/v3/ark:/12148/bd6t51273855/manifest.json'
For more information check: https://developer.mozilla.org/en-US/docs/Web/HTTP/Status/403",2026-07-17T13:12:28.793475
francesoir,bd6t5127386j,,failed,0,0,,http_manifest,known,403,manifest,"Client error '403 ' for url 'https://openapiproext.bnf.fr/iiif/presentation/v3/ark:/12148/bd6t5127386j/manifest.json'
For more information check: https://developer.mozilla.org/en-US/docs/Web/HTTP/Status/403",2026-07-17T13:12:29.988947
francesoir,bd6t5127387x,,failed,0,0,,http_manifest,known,403,manifest,"Client error '403 ' for url 'https://openapiproext.bnf.fr/iiif/presentation/v3/ark:/12148/bd6t5127387x/manifest.json'
For more information check: https://developer.mozilla.org/en-US/docs/Web/HTTP/Status/403",2026-07-17T13:12:31.217559
francesoir,bd6t51273889,,failed,0,0,,http_manifest,known,403,manifest,"Client error '403 ' for url 'https://openapiproext.bnf.fr/iiif/presentation/v3/ark:/12148/bd6t51273889/manifest.json'
For more information check: https://developer.mozilla.org/en-US/docs/Web/HTTP/Status/403",2026-07-17T13:12:32.394413
francesoir,bd6t5127389p,,failed,0,0,,http_manifest,known,403,manifest,"Client error '403 ' for url 'https://openapiproext.bnf.fr/iiif/presentation/v3/ark:/12148/bd6t5127389p/manifest.json'
For more information check: https://developer.mozilla.org/en-US/docs/Web/HTTP/Status/403",2026-07-17T13:12:33.595579
francesoir,bd6t5127390m,,failed,0,0,,http_manifest,known,403,manifest,"Client error '403 ' for url 'https://openapiproext.bnf.fr/iiif/presentation/v3/ark:/12148/bd6t5127390m/manifest.json'
For more information check: https://developer.mozilla.org/en-US/docs/Web/HTTP/Status/403",2026-07-17T13:12:34.797520
francesoir,bd6t51273910,,failed,0,0,,http_manifest,known,403,manifest,"Client error '403 ' for url 'https://openapiproext.bnf.fr/iiif/presentation/v3/ark:/12148/bd6t51273910/manifest.json'
For more information check: https://developer.mozilla.org/en-US/docs/Web/HTTP/Status/403",2026-07-17T13:12:35.997289
francesoir,bd6t5127392c,,failed,0,0,,http_manifest,known,403,manifest,"Client error '403 ' for url 'https://openapiproext.bnf.fr/iiif/presentation/v3/ark:/12148/bd6t5127392c/manifest.json'
For more information check: https://developer.mozilla.org/en-US/docs/Web/HTTP/Status/403",2026-07-17T13:12:37.200035
francesoir,bd6t5127393r,,failed,0,0,,http_manifest,known,403,manifest,"Client error '403 ' for url 'https://openapiproext.bnf.fr/iiif/presentation/v3/ark:/12148/bd6t5127393r/manifest.json'
For more information check: https://developer.mozilla.org/en-US/docs/Web/HTTP/Status/403",2026-07-17T13:12:38.400964
francesoir,bd6t51273944,,failed,0,0,,http_manifest,known,403,manifest,"Client error '403 ' for url 'https://openapiproext.bnf.fr/iiif/presentation/v3/ark:/12148/bd6t51273944/manifest.json'
For more information check: https://developer.mozilla.org/en-US/docs/Web/HTTP/Status/403",2026-07-17T13:12:39.603443
francesoir,bd6t5127395h,,failed,0,0,,http_manifest,known,403,manifest,"Client error '403 ' for url 'https://openapiproext.bnf.fr/iiif/presentation/v3/ark:/12148/bd6t5127395h/manifest.json'
For more information check: https://developer.mozilla.org/en-US/docs/Web/HTTP/Status/403",2026-07-17T13:12:40.804702
francesoir,bd6t5127396w,,failed,0,0,,http_manifest,known,403,manifest,"Client error '403 ' for url 'https://openapiproext.bnf.fr/iiif/presentation/v3/ark:/12148/bd6t5127396w/manifest.json'
For more information check: https://developer.mozilla.org/en-US/docs/Web/HTTP/Status/403",2026-07-17T13:12:42.004742
francesoir,bd6t51273978,,failed,0,0,,http_manifest,known,403,manifest,"Client error '403 ' for url 'https://openapiproext.bnf.fr/iiif/presentation/v3/ark:/12148/bd6t51273978/manifest.json'
For more information check: https://developer.mozilla.org/en-US/docs/Web/HTTP/Status/403",2026-07-17T13:12:43.239478
francesoir,bd6t5127398n,,failed,0,0,,http_manifest,known,403,manifest,"Client error '403 ' for url 'https://openapiproext.bnf.fr/iiif/presentation/v3/ark:/12148/bd6t5127398n/manifest.json'
For more information check: https://developer.mozilla.org/en-US/docs/Web/HTTP/Status/403",2026-07-17T13:12:44.408055
francesoir,bd6t51273991,,failed,0,0,,http_manifest,known,403,manifest,"Client error '403 ' for url 'https://openapiproext.bnf.fr/iiif/presentation/v3/ark:/12148/bd6t51273991/manifest.json'
For more information check: https://developer.mozilla.org/en-US/docs/Web/HTTP/Status/403",2026-07-17T13:12:45.608552
francesoir,bd6t5127400t,,failed,0,0,,http_manifest,known,403,manifest,"Client error '403 ' for url 'https://openapiproext.bnf.fr/iiif/presentation/v3/ark:/12148/bd6t5127400t/manifest.json'
For more information check: https://developer.mozilla.org/en-US/docs/Web/HTTP/Status/403",2026-07-17T13:12:46.809712
francesoir,bd6t51274016,,failed,0,0,,http_manifest,known,403,manifest,"Client error '403 ' for url 'https://openapiproext.bnf.fr/iiif/presentation/v3/ark:/12148/bd6t51274016/manifest.json'
For more information check: https://developer.mozilla.org/en-US/docs/Web/HTTP/Status/403",2026-07-17T13:12:48.012681
francesoir,bd6t5127402k,,failed,0,0,,http_manifest,known,403,manifest,"Client error '403 ' for url 'https://openapiproext.bnf.fr/iiif/presentation/v3/ark:/12148/bd6t5127402k/manifest.json'
For more information check: https://developer.mozilla.org/en-US/docs/Web/HTTP/Status/403",2026-07-17T13:12:49.231713
francesoir,bd6t5127403z,,failed,0,0,,http_manifest,known,403,manifest,"Client error '403 ' for url 'https://openapiproext.bnf.fr/iiif/presentation/v3/ark:/12148/bd6t5127403z/manifest.json'
For more information check: https://developer.mozilla.org/en-US/docs/Web/HTTP/Status/403",2026-07-17T13:12:50.412583
francesoir,bd6t5127404b,,failed,0,0,,http_manifest,known,403,manifest,"Client error '403 ' for url 'https://openapiproext.bnf.fr/iiif/presentation/v3/ark:/12148/bd6t5127404b/manifest.json'
For more information check: https://developer.mozilla.org/en-US/docs/Web/HTTP/Status/403",2026-07-17T13:12:51.617055
francesoir,bd6t5127405q,,failed,0,0,,http_manifest,known,403,manifest,"Client error '403 ' for url 'https://openapiproext.bnf.fr/iiif/presentation/v3/ark:/12148/bd6t5127405q/manifest.json'
For more information check: https://developer.mozilla.org/en-US/docs/Web/HTTP/Status/403",2026-07-17T13:12:52.819295
francesoir,bd6t51274063,,failed,0,0,,http_manifest,known,403,manifest,"Client error '403 ' for url 'https://openapiproext.bnf.fr/iiif/presentation/v3/ark:/12148/bd6t51274063/manifest.json'
For more information check: https://developer.mozilla.org/en-US/docs/Web/HTTP/Status/403",2026-07-17T13:12:54.028669
francesoir,bd6t5127407g,,failed,0,0,,http_manifest,known,403,manifest,"Client error '403 ' for url 'https://openapiproext.bnf.fr/iiif/presentation/v3/ark:/12148/bd6t5127407g/manifest.json'
For more information check: https://developer.mozilla.org/en-US/docs/Web/HTTP/Status/403",2026-07-17T13:12:55.224390
francesoir,bd6t5127408v,,failed,0,0,,http_manifest,known,403,manifest,"Client error '403 ' for url 'https://openapiproext.bnf.fr/iiif/presentation/v3/ark:/12148/bd6t5127408v/manifest.json'
For more information check: https://developer.mozilla.org/en-US/docs/Web/HTTP/Status/403",2026-07-17T13:12:56.419854
francesoir,bd6t51274097,,failed,0,0,,http_manifest,known,403,manifest,"Client error '403 ' for url 'https://openapiproext.bnf.fr/iiif/presentation/v3/ark:/12148/bd6t51274097/manifest.json'
For more information check: https://developer.mozilla.org/en-US/docs/Web/HTTP/Status/403",2026-07-17T13:12:57.630871
francesoir,bd6t51274105,,failed,0,0,,http_manifest,known,403,manifest,"Client error '403 ' for url 'https://openapiproext.bnf.fr/iiif/presentation/v3/ark:/12148/bd6t51274105/manifest.json'
For more information check: https://developer.mozilla.org/en-US/docs/Web/HTTP/Status/403",2026-07-17T13:12:58.828993
francesoir,bd6t5127411j,,failed,0,0,,http_manifest,known,403,manifest,"Client error '403 ' for url 'https://openapiproext.bnf.fr/iiif/presentation/v3/ark:/12148/bd6t5127411j/manifest.json'
For more information check: https://developer.mozilla.org/en-US/docs/Web/HTTP/Status/403",2026-07-17T13:13:00.024238
francesoir,bd6t5127412x,,failed,0,0,,http_manifest,known,403,manifest,"Client error '403 ' for url 'https://openapiproext.bnf.fr/iiif/presentation/v3/ark:/12148/bd6t5127412x/manifest.json'
For more information check: https://developer.mozilla.org/en-US/docs/Web/HTTP/Status/403",2026-07-17T13:13:01.249239
francesoir,bd6t51274139,,failed,0,0,,http_manifest,known,403,manifest,"Client error '403 ' for url 'https://openapiproext.bnf.fr/iiif/presentation/v3/ark:/12148/bd6t51274139/manifest.json'
For more information check: https://developer.mozilla.org/en-US/docs/Web/HTTP/Status/403",2026-07-17T13:13:02.432003
francesoir,bd6t5127414p,,failed,0,0,,http_manifest,known,403,manifest,"Client error '403 ' for url 'https://openapiproext.bnf.fr/iiif/presentation/v3/ark:/12148/bd6t5127414p/manifest.json'
For more information check: https://developer.mozilla.org/en-US/docs/Web/HTTP/Status/403",2026-07-17T13:13:03.632319
francesoir,bd6t51274152,,failed,0,0,,http_manifest,known,403,manifest,"Client error '403 ' for url 'https://openapiproext.bnf.fr/iiif/presentation/v3/ark:/12148/bd6t51274152/manifest.json'
For more information check: https://developer.mozilla.org/en-US/docs/Web/HTTP/Status/403",2026-07-17T13:13:04.834610
francesoir,bd6t5127416f,,failed,0,0,,http_manifest,known,403,manifest,"Client error '403 ' for url 'https://openapiproext.bnf.fr/iiif/presentation/v3/ark:/12148/bd6t5127416f/manifest.json'
For more information check: https://developer.mozilla.org/en-US/docs/Web/HTTP/Status/403",2026-07-17T13:13:06.111838
francesoir,bd6t5127417t,,failed,0,0,,http_manifest,known,403,manifest,"Client error '403 ' for url 'https://openapiproext.bnf.fr/iiif/presentation/v3/ark:/12148/bd6t5127417t/manifest.json'
For more information check: https://developer.mozilla.org/en-US/docs/Web/HTTP/Status/403",2026-07-17T13:13:07.243382
francesoir,bd6t51274186,,failed,0,0,,http_manifest,known,403,manifest,"Client error '403 ' for url 'https://openapiproext.bnf.fr/iiif/presentation/v3/ark:/12148/bd6t51274186/manifest.json'
For more information check: https://developer.mozilla.org/en-US/docs/Web/HTTP/Status/403",2026-07-17T13:13:08.439338
francesoir,bd6t5127419k,,failed,0,0,,http_manifest,known,403,manifest,"Client error '403 ' for url 'https://openapiproext.bnf.fr/iiif/presentation/v3/ark:/12148/bd6t5127419k/manifest.json'
For more information check: https://developer.mozilla.org/en-US/docs/Web/HTTP/Status/403",2026-07-17T13:13:09.665577
francesoir,bd6t5127420h,,failed,0,0,,http_manifest,known,403,manifest,"Client error '403 ' for url 'https://openapiproext.bnf.fr/iiif/presentation/v3/ark:/12148/bd6t5127420h/manifest.json'
For more information check: https://developer.mozilla.org/en-US/docs/Web/HTTP/Status/403",2026-07-17T13:13:10.989302
francesoir,bd6t5127421w,,failed,0,0,,http_manifest,known,403,manifest,"Client error '403 ' for url 'https://openapiproext.bnf.fr/iiif/presentation/v3/ark:/12148/bd6t5127421w/manifest.json'
For more information check: https://developer.mozilla.org/en-US/docs/Web/HTTP/Status/403",2026-07-17T13:13:12.282749
francesoir,bd6t51274228,,failed,0,0,,http_manifest,known,403,manifest,"Client error '403 ' for url 'https://openapiproext.bnf.fr/iiif/presentation/v3/ark:/12148/bd6t51274228/manifest.json'
For more information check: https://developer.mozilla.org/en-US/docs/Web/HTTP/Status/403",2026-07-17T13:13:13.381179
francesoir,bd6t5127423n,,failed,0,0,,http_manifest,known,403,manifest,"Client error '403 ' for url 'https://openapiproext.bnf.fr/iiif/presentation/v3/ark:/12148/bd6t5127423n/manifest.json'
For more information check: https://developer.mozilla.org/en-US/docs/Web/HTTP/Status/403",2026-07-17T13:13:14.592961
francesoir,bd6t51274241,,failed,0,0,,http_manifest,known,403,manifest,"Client error '403 ' for url 'https://openapiproext.bnf.fr/iiif/presentation/v3/ark:/12148/bd6t51274241/manifest.json'
For more information check: https://developer.mozilla.org/en-US/docs/Web/HTTP/Status/403",2026-07-17T13:13:15.805621
francesoir,bd6t5127425d,,failed,0,0,,http_manifest,known,403,manifest,"Client error '403 ' for url 'https://openapiproext.bnf.fr/iiif/presentation/v3/ark:/12148/bd6t5127425d/manifest.json'
For more information check: https://developer.mozilla.org/en-US/docs/Web/HTTP/Status/403",2026-07-17T13:13:17.003404
francesoir,bd6t5127426s,,failed,0,0,,http_manifest,known,403,manifest,"Client error '403 ' for url 'https://openapiproext.bnf.fr/iiif/presentation/v3/ark:/12148/bd6t5127426s/manifest.json'
For more information check: https://developer.mozilla.org/en-US/docs/Web/HTTP/Status/403",2026-07-17T13:13:18.322611
francesoir,bd6t51274275,,failed,0,0,,http_manifest,known,403,manifest,"Client error '403 ' for url 'https://openapiproext.bnf.fr/iiif/presentation/v3/ark:/12148/bd6t51274275/manifest.json'
For more information check: https://developer.mozilla.org/en-US/docs/Web/HTTP/Status/403",2026-07-17T13:13:19.254651
francesoir,bd6t5127428j,,failed,0,0,,http_manifest,known,403,manifest,"Client error '403 ' for url 'https://openapiproext.bnf.fr/iiif/presentation/v3/ark:/12148/bd6t5127428j/manifest.json'
For more information check: https://developer.mozilla.org/en-US/docs/Web/HTTP/Status/403",2026-07-17T13:13:20.453018
francesoir,bd6t5127429x,,failed,0,0,,http_manifest,known,403,manifest,"Client error '403 ' for url 'https://openapiproext.bnf.fr/iiif/presentation/v3/ark:/12148/bd6t5127429x/manifest.json'
For more information check: https://developer.mozilla.org/en-US/docs/Web/HTTP/Status/403",2026-07-17T13:13:21.655643
francesoir,bd6t5127430v,,failed,0,0,,http_manifest,known,403,manifest,"Client error '403 ' for url 'https://openapiproext.bnf.fr/iiif/presentation/v3/ark:/12148/bd6t5127430v/manifest.json'
For more information check: https://developer.mozilla.org/en-US/docs/Web/HTTP/Status/403",2026-07-17T13:13:22.857340
francesoir,bd6t51274317,,failed,0,0,,http_manifest,known,403,manifest,"Client error '403 ' for url 'https://openapiproext.bnf.fr/iiif/presentation/v3/ark:/12148/bd6t51274317/manifest.json'
For more information check: https://developer.mozilla.org/en-US/docs/Web/HTTP/Status/403",2026-07-17T13:13:24.059386
francesoir,bd6t5127432m,,failed,0,0,,http_manifest,known,403,manifest,"Client error '403 ' for url 'https://openapiproext.bnf.fr/iiif/presentation/v3/ark:/12148/bd6t5127432m/manifest.json'
For more information check: https://developer.mozilla.org/en-US/docs/Web/HTTP/Status/403",2026-07-17T13:13:25.263680
francesoir,bd6t5124658c,,failed,0,0,,http_manifest,known,403,manifest,"Client error '403 ' for url 'https://openapiproext.bnf.fr/iiif/presentation/v3/ark:/12148/bd6t5124658c/manifest.json'
For more information check: https://developer.mozilla.org/en-US/docs/Web/HTTP/Status/403",2026-07-17T13:13:26.460825
francesoir,bd6t5124659r,,failed,0,0,,http_manifest,known,403,manifest,"Client error '403 ' for url 'https://openapiproext.bnf.fr/iiif/presentation/v3/ark:/12148/bd6t5124659r/manifest.json'
For more information check: https://developer.mozilla.org/en-US/docs/Web/HTTP/Status/403",2026-07-17T13:13:27.669938
francesoir,bd6t5124660p,,failed,0,0,,http_manifest,known,403,manifest,"Client error '403 ' for url 'https://openapiproext.bnf.fr/iiif/presentation/v3/ark:/12148/bd6t5124660p/manifest.json'
For more information check: https://developer.mozilla.org/en-US/docs/Web/HTTP/Status/403",2026-07-17T13:13:28.866633
francesoir,bd6t51246612,,failed,0,0,,http_manifest,known,403,manifest,"Client error '403 ' for url 'https://openapiproext.bnf.fr/iiif/presentation/v3/ark:/12148/bd6t51246612/manifest.json'
For more information check: https://developer.mozilla.org/en-US/docs/Web/HTTP/Status/403",2026-07-17T13:13:30.083870
francesoir,bd6t5124662f,,failed,0,0,,http_manifest,known,403,manifest,"Client error '403 ' for url 'https://openapiproext.bnf.fr/iiif/presentation/v3/ark:/12148/bd6t5124662f/manifest.json'
For more information check: https://developer.mozilla.org/en-US/docs/Web/HTTP/Status/403",2026-07-17T13:13:31.272082
francesoir,bd6t5124663t,,failed,0,0,,http_manifest,known,403,manifest,"Client error '403 ' for url 'https://openapiproext.bnf.fr/iiif/presentation/v3/ark:/12148/bd6t5124663t/manifest.json'
For more information check: https://developer.mozilla.org/en-US/docs/Web/HTTP/Status/403",2026-07-17T13:13:32.468519
francesoir,bd6t51246646,,failed,0,0,,http_manifest,known,403,manifest,"Client error '403 ' for url 'https://openapiproext.bnf.fr/iiif/presentation/v3/ark:/12148/bd6t51246646/manifest.json'
For more information check: https://developer.mozilla.org/en-US/docs/Web/HTTP/Status/403",2026-07-17T13:13:33.673671
francesoir,bd6t5124665k,,failed,0,0,,http_manifest,known,403,manifest,"Client error '403 ' for url 'https://openapiproext.bnf.fr/iiif/presentation/v3/ark:/12148/bd6t5124665k/manifest.json'
For more information check: https://developer.mozilla.org/en-US/docs/Web/HTTP/Status/403",2026-07-17T13:13:34.873563
francesoir,bd6t5124666z,,failed,0,0,,http_manifest,known,403,manifest,"Client error '403 ' for url 'https://openapiproext.bnf.fr/iiif/presentation/v3/ark:/12148/bd6t5124666z/manifest.json'
For more information check: https://developer.mozilla.org/en-US/docs/Web/HTTP/Status/403",2026-07-17T13:13:36.075541
francesoir,bd6t5124667b,,failed,0,0,,http_manifest,known,403,manifest,"Client error '403 ' for url 'https://openapiproext.bnf.fr/iiif/presentation/v3/ark:/12148/bd6t5124667b/manifest.json'
For more information check: https://developer.mozilla.org/en-US/docs/Web/HTTP/Status/403",2026-07-17T13:13:37.279163
francesoir,bd6t5124668q,,failed,0,0,,http_manifest,known,403,manifest,"Client error '403 ' for url 'https://openapiproext.bnf.fr/iiif/presentation/v3/ark:/12148/bd6t5124668q/manifest.json'
For more information check: https://developer.mozilla.org/en-US/docs/Web/HTTP/Status/403",2026-07-17T13:13:38.477673
francesoir,bd6t51246693,,failed,0,0,,http_manifest,known,403,manifest,"Client error '403 ' for url 'https://openapiproext.bnf.fr/iiif/presentation/v3/ark:/12148/bd6t51246693/manifest.json'
For more information check: https://developer.mozilla.org/en-US/docs/Web/HTTP/Status/403",2026-07-17T13:13:39.684607
francesoir,bd6t51246701,,failed,0,0,,http_manifest,known,403,manifest,"Client error '403 ' for url 'https://openapiproext.bnf.fr/iiif/presentation/v3/ark:/12148/bd6t51246701/manifest.json'
For more information check: https://developer.mozilla.org/en-US/docs/Web/HTTP/Status/403",2026-07-17T13:13:40.880263
francesoir,bd6t5124671d,,failed,0,0,,http_manifest,known,403,manifest,"Client error '403 ' for url 'https://openapiproext.bnf.fr/iiif/presentation/v3/ark:/12148/bd6t5124671d/manifest.json'
For more information check: https://developer.mozilla.org/en-US/docs/Web/HTTP/Status/403",2026-07-17T13:13:42.119326
francesoir,bd6t5124672s,,failed,0,0,,http_manifest,known,403,manifest,"Client error '403 ' for url 'https://openapiproext.bnf.fr/iiif/presentation/v3/ark:/12148/bd6t5124672s/manifest.json'
For more information check: https://developer.mozilla.org/en-US/docs/Web/HTTP/Status/403",2026-07-17T13:13:43.289574
francesoir,bd6t51246735,,failed,0,0,,http_manifest,known,403,manifest,"Client error '403 ' for url 'https://openapiproext.bnf.fr/iiif/presentation/v3/ark:/12148/bd6t51246735/manifest.json'
For more information check: https://developer.mozilla.org/en-US/docs/Web/HTTP/Status/403",2026-07-17T13:13:44.493385
francesoir,bd6t5124674j,,failed,0,0,,http_manifest,known,403,manifest,"Client error '403 ' for url 'https://openapiproext.bnf.fr/iiif/presentation/v3/ark:/12148/bd6t5124674j/manifest.json'
For more information check: https://developer.mozilla.org/en-US/docs/Web/HTTP/Status/403",2026-07-17T13:13:45.694977
francesoir,bd6t5124675x,,failed,0,0,,http_manifest,known,403,manifest,"Client error '403 ' for url 'https://openapiproext.bnf.fr/iiif/presentation/v3/ark:/12148/bd6t5124675x/manifest.json'
For more information check: https://developer.mozilla.org/en-US/docs/Web/HTTP/Status/403",2026-07-17T13:13:46.893559
francesoir,bd6t51246769,,failed,0,0,,http_manifest,known,403,manifest,"Client error '403 ' for url 'https://openapiproext.bnf.fr/iiif/presentation/v3/ark:/12148/bd6t51246769/manifest.json'
For more information check: https://developer.mozilla.org/en-US/docs/Web/HTTP/Status/403",2026-07-17T13:13:48.113832
francesoir,bd6t5124677p,,failed,0,0,,http_manifest,known,403,manifest,"Client error '403 ' for url 'https://openapiproext.bnf.fr/iiif/presentation/v3/ark:/12148/bd6t5124677p/manifest.json'
For more information check: https://developer.mozilla.org/en-US/docs/Web/HTTP/Status/403",2026-07-17T13:13:49.296454
francesoir,bd6t51246782,,failed,0,0,,http_manifest,known,403,manifest,"Client error '403 ' for url 'https://openapiproext.bnf.fr/iiif/presentation/v3/ark:/12148/bd6t51246782/manifest.json'
For more information check: https://developer.mozilla.org/en-US/docs/Web/HTTP/Status/403",2026-07-17T13:13:50.500108
francesoir,bd6t5124679f,,failed,0,0,,http_manifest,known,403,manifest,"Client error '403 ' for url 'https://openapiproext.bnf.fr/iiif/presentation/v3/ark:/12148/bd6t5124679f/manifest.json'
For more information check: https://developer.mozilla.org/en-US/docs/Web/HTTP/Status/403",2026-07-17T13:13:51.729288
francesoir,bd6t5124680c,,failed,0,0,,http_manifest,known,403,manifest,"Client error '403 ' for url 'https://openapiproext.bnf.fr/iiif/presentation/v3/ark:/12148/bd6t5124680c/manifest.json'
For more information check: https://developer.mozilla.org/en-US/docs/Web/HTTP/Status/403",2026-07-17T13:13:52.930027
francesoir,bd6t5124681r,,failed,0,0,,http_manifest,known,403,manifest,"Client error '403 ' for url 'https://openapiproext.bnf.fr/iiif/presentation/v3/ark:/12148/bd6t5124681r/manifest.json'
For more information check: https://developer.mozilla.org/en-US/docs/Web/HTTP/Status/403",2026-07-17T13:13:54.104149
francesoir,bd6t51246824,,failed,0,0,,http_manifest,known,403,manifest,"Client error '403 ' for url 'https://openapiproext.bnf.fr/iiif/presentation/v3/ark:/12148/bd6t51246824/manifest.json'
For more information check: https://developer.mozilla.org/en-US/docs/Web/HTTP/Status/403",2026-07-17T13:13:55.307293
francesoir,bd6t5124683h,,failed,0,0,,http_manifest,known,403,manifest,"Client error '403 ' for url 'https://openapiproext.bnf.fr/iiif/presentation/v3/ark:/12148/bd6t5124683h/manifest.json'
For more information check: https://developer.mozilla.org/en-US/docs/Web/HTTP/Status/403",2026-07-17T13:13:56.508706
francesoir,bd6t5124684w,,failed,0,0,,http_manifest,known,403,manifest,"Client error '403 ' for url 'https://openapiproext.bnf.fr/iiif/presentation/v3/ark:/12148/bd6t5124684w/manifest.json'
For more information check: https://developer.mozilla.org/en-US/docs/Web/HTTP/Status/403",2026-07-17T13:13:57.757416
francesoir,bd6t51246858,,failed,0,0,,http_manifest,known,403,manifest,"Client error '403 ' for url 'https://openapiproext.bnf.fr/iiif/presentation/v3/ark:/12148/bd6t51246858/manifest.json'
For more information check: https://developer.mozilla.org/en-US/docs/Web/HTTP/Status/403",2026-07-17T13:13:59.157762
francesoir,bd6t5124686n,,failed,0,0,,http_manifest,known,403,manifest,"Client error '403 ' for url 'https://openapiproext.bnf.fr/iiif/presentation/v3/ark:/12148/bd6t5124686n/manifest.json'
For more information check: https://developer.mozilla.org/en-US/docs/Web/HTTP/Status/403",2026-07-17T13:14:00.183767
francesoir,bd6t51246871,,failed,0,0,,http_manifest,known,403,manifest,"Client error '403 ' for url 'https://openapiproext.bnf.fr/iiif/presentation/v3/ark:/12148/bd6t51246871/manifest.json'
For more information check: https://developer.mozilla.org/en-US/docs/Web/HTTP/Status/403",2026-07-17T13:14:01.509945
francesoir,bd6t5124688d,,failed,0,0,,http_manifest,known,403,manifest,"Client error '403 ' for url 'https://openapiproext.bnf.fr/iiif/presentation/v3/ark:/12148/bd6t5124688d/manifest.json'
For more information check: https://developer.mozilla.org/en-US/docs/Web/HTTP/Status/403",2026-07-17T13:14:02.523590
francesoir,bd6t5124689s,,failed,0,0,,http_manifest,known,403,manifest,"Client error '403 ' for url 'https://openapiproext.bnf.fr/iiif/presentation/v3/ark:/12148/bd6t5124689s/manifest.json'
For more information check: https://developer.mozilla.org/en-US/docs/Web/HTTP/Status/403",2026-07-17T13:14:03.901559
francesoir,bd6t5124690q,,failed,0,0,,http_manifest,known,403,manifest,"Client error '403 ' for url 'https://openapiproext.bnf.fr/iiif/presentation/v3/ark:/12148/bd6t5124690q/manifest.json'
For more information check: https://developer.mozilla.org/en-US/docs/Web/HTTP/Status/403",2026-07-17T13:14:05.107440
francesoir,bd6t51246913,,failed,0,0,,http_manifest,known,403,manifest,"Client error '403 ' for url 'https://openapiproext.bnf.fr/iiif/presentation/v3/ark:/12148/bd6t51246913/manifest.json'
For more information check: https://developer.mozilla.org/en-US/docs/Web/HTTP/Status/403",2026-07-17T13:14:06.202833
francesoir,bd6t5124692g,,failed,0,0,,http_manifest,known,403,manifest,"Client error '403 ' for url 'https://openapiproext.bnf.fr/iiif/presentation/v3/ark:/12148/bd6t5124692g/manifest.json'
For more information check: https://developer.mozilla.org/en-US/docs/Web/HTTP/Status/403",2026-07-17T13:14:07.322612
francesoir,bd6t5124693v,,failed,0,0,,http_manifest,known,403,manifest,"Client error '403 ' for url 'https://openapiproext.bnf.fr/iiif/presentation/v3/ark:/12148/bd6t5124693v/manifest.json'
For more information check: https://developer.mozilla.org/en-US/docs/Web/HTTP/Status/403",2026-07-17T13:14:08.525286
francesoir,bd6t51246947,,failed,0,0,,http_manifest,known,403,manifest,"Client error '403 ' for url 'https://openapiproext.bnf.fr/iiif/presentation/v3/ark:/12148/bd6t51246947/manifest.json'
For more information check: https://developer.mozilla.org/en-US/docs/Web/HTTP/Status/403",2026-07-17T13:14:09.728315
francesoir,bd6t5124695m,,failed,0,0,,http_manifest,known,403,manifest,"Client error '403 ' for url 'https://openapiproext.bnf.fr/iiif/presentation/v3/ark:/12148/bd6t5124695m/manifest.json'
For more information check: https://developer.mozilla.org/en-US/docs/Web/HTTP/Status/403",2026-07-17T13:14:11.174480
francesoir,bd6t51246960,,failed,0,0,,http_manifest,known,403,manifest,"Client error '403 ' for url 'https://openapiproext.bnf.fr/iiif/presentation/v3/ark:/12148/bd6t51246960/manifest.json'
For more information check: https://developer.mozilla.org/en-US/docs/Web/HTTP/Status/403",2026-07-17T13:14:12.187538
francesoir,bd6t5124697c,,failed,0,0,,http_manifest,known,403,manifest,"Client error '403 ' for url 'https://openapiproext.bnf.fr/iiif/presentation/v3/ark:/12148/bd6t5124697c/manifest.json'
For more information check: https://developer.mozilla.org/en-US/docs/Web/HTTP/Status/403",2026-07-17T13:14:13.332457
francesoir,bd6t5124698r,,failed,0,0,,http_manifest,known,403,manifest,"Client error '403 ' for url 'https://openapiproext.bnf.fr/iiif/presentation/v3/ark:/12148/bd6t5124698r/manifest.json'
For more information check: https://developer.mozilla.org/en-US/docs/Web/HTTP/Status/403",2026-07-17T13:14:14.552339
francesoir,bd6t51246994,,failed,0,0,,http_manifest,known,403,manifest,"Client error '403 ' for url 'https://openapiproext.bnf.fr/iiif/presentation/v3/ark:/12148/bd6t51246994/manifest.json'
For more information check: https://developer.mozilla.org/en-US/docs/Web/HTTP/Status/403",2026-07-17T13:14:15.840217
francesoir,bd6t5124700x,,failed,0,0,,http_manifest,known,403,manifest,"Client error '403 ' for url 'https://openapiproext.bnf.fr/iiif/presentation/v3/ark:/12148/bd6t5124700x/manifest.json'
For more information check: https://developer.mozilla.org/en-US/docs/Web/HTTP/Status/403",2026-07-17T13:14:17.128243
francesoir,bd6t51247019,,failed,0,0,,http_manifest,known,403,manifest,"Client error '403 ' for url 'https://openapiproext.bnf.fr/iiif/presentation/v3/ark:/12148/bd6t51247019/manifest.json'
For more information check: https://developer.mozilla.org/en-US/docs/Web/HTTP/Status/403",2026-07-17T13:14:18.187354
francesoir,bd6t5124702p,,failed,0,0,,http_manifest,known,403,manifest,"Client error '403 ' for url 'https://openapiproext.bnf.fr/iiif/presentation/v3/ark:/12148/bd6t5124702p/manifest.json'
For more information check: https://developer.mozilla.org/en-US/docs/Web/HTTP/Status/403",2026-07-17T13:14:19.385236
francesoir,bd6t51247032,,failed,0,0,,http_manifest,known,403,manifest,"Client error '403 ' for url 'https://openapiproext.bnf.fr/iiif/presentation/v3/ark:/12148/bd6t51247032/manifest.json'
For more information check: https://developer.mozilla.org/en-US/docs/Web/HTTP/Status/403",2026-07-17T13:14:20.540832
francesoir,bd6t5124704f,,failed,0,0,,http_manifest,known,403,manifest,"Client error '403 ' for url 'https://openapiproext.bnf.fr/iiif/presentation/v3/ark:/12148/bd6t5124704f/manifest.json'
For more information check: https://developer.mozilla.org/en-US/docs/Web/HTTP/Status/403",2026-07-17T13:14:21.793267
francesoir,bd6t5124705t,,failed,0,0,,http_manifest,known,403,manifest,"Client error '403 ' for url 'https://openapiproext.bnf.fr/iiif/presentation/v3/ark:/12148/bd6t5124705t/manifest.json'
For more information check: https://developer.mozilla.org/en-US/docs/Web/HTTP/Status/403",2026-07-17T13:14:22.941332
francesoir,bd6t51247066,,failed,0,0,,http_manifest,known,403,manifest,"Client error '403 ' for url 'https://openapiproext.bnf.fr/iiif/presentation/v3/ark:/12148/bd6t51247066/manifest.json'
For more information check: https://developer.mozilla.org/en-US/docs/Web/HTTP/Status/403",2026-07-17T13:14:24.145324
francesoir,bd6t5124707k,,failed,0,0,,http_manifest,known,403,manifest,"Client error '403 ' for url 'https://openapiproext.bnf.fr/iiif/presentation/v3/ark:/12148/bd6t5124707k/manifest.json'
For more information check: https://developer.mozilla.org/en-US/docs/Web/HTTP/Status/403",2026-07-17T13:14:25.347859
francesoir,bd6t5124708z,,failed,0,0,,http_manifest,known,403,manifest,"Client error '403 ' for url 'https://openapiproext.bnf.fr/iiif/presentation/v3/ark:/12148/bd6t5124708z/manifest.json'
For more information check: https://developer.mozilla.org/en-US/docs/Web/HTTP/Status/403",2026-07-17T13:14:26.557264
francesoir,bd6t5124709b,,failed,0,0,,http_manifest,known,403,manifest,"Client error '403 ' for url 'https://openapiproext.bnf.fr/iiif/presentation/v3/ark:/12148/bd6t5124709b/manifest.json'
For more information check: https://developer.mozilla.org/en-US/docs/Web/HTTP/Status/403",2026-07-17T13:14:27.769969
francesoir,bd6t51251057,,failed,0,0,,http_manifest,known,403,manifest,"Client error '403 ' for url 'https://openapiproext.bnf.fr/iiif/presentation/v3/ark:/12148/bd6t51251057/manifest.json'
For more information check: https://developer.mozilla.org/en-US/docs/Web/HTTP/Status/403",2026-07-17T13:14:28.952503
francesoir,bd6t5125106m,,failed,0,0,,http_manifest,known,403,manifest,"Client error '403 ' for url 'https://openapiproext.bnf.fr/iiif/presentation/v3/ark:/12148/bd6t5125106m/manifest.json'
For more information check: https://developer.mozilla.org/en-US/docs/Web/HTTP/Status/403",2026-07-17T13:14:30.154466
francesoir,bd6t51251324,,failed,0,0,,http_manifest,known,403,manifest,"Client error '403 ' for url 'https://openapiproext.bnf.fr/iiif/presentation/v3/ark:/12148/bd6t51251324/manifest.json'
For more information check: https://developer.mozilla.org/en-US/docs/Web/HTTP/Status/403",2026-07-17T13:14:31.356182
francesoir,bd6t5125133h,,failed,0,0,,http_manifest,known,403,manifest,"Client error '403 ' for url 'https://openapiproext.bnf.fr/iiif/presentation/v3/ark:/12148/bd6t5125133h/manifest.json'
For more information check: https://developer.mozilla.org/en-US/docs/Web/HTTP/Status/403",2026-07-17T13:14:32.559834
francesoir,bd6t5125134w,,failed,0,0,,http_manifest,known,403,manifest,"Client error '403 ' for url 'https://openapiproext.bnf.fr/iiif/presentation/v3/ark:/12148/bd6t5125134w/manifest.json'
For more information check: https://developer.mozilla.org/en-US/docs/Web/HTTP/Status/403",2026-07-17T13:14:33.758546
francesoir,bd6t51251070,,failed,0,0,,http_manifest,known,403,manifest,"Client error '403 ' for url 'https://openapiproext.bnf.fr/iiif/presentation/v3/ark:/12148/bd6t51251070/manifest.json'
For more information check: https://developer.mozilla.org/en-US/docs/Web/HTTP/Status/403",2026-07-17T13:14:34.966372
francesoir,bd6t51251358,,failed,0,0,,http_manifest,known,403,manifest,"Client error '403 ' for url 'https://openapiproext.bnf.fr/iiif/presentation/v3/ark:/12148/bd6t51251358/manifest.json'
For more information check: https://developer.mozilla.org/en-US/docs/Web/HTTP/Status/403",2026-07-17T13:14:36.173694
francesoir,bd6t5125108c,,failed,0,0,,http_manifest,known,403,manifest,"Client error '403 ' for url 'https://openapiproext.bnf.fr/iiif/presentation/v3/ark:/12148/bd6t5125108c/manifest.json'
For more information check: https://developer.mozilla.org/en-US/docs/Web/HTTP/Status/403",2026-07-17T13:14:37.359729
francesoir,bd6t5125109r,,failed,0,0,,http_manifest,known,403,manifest,"Client error '403 ' for url 'https://openapiproext.bnf.fr/iiif/presentation/v3/ark:/12148/bd6t5125109r/manifest.json'
For more information check: https://developer.mozilla.org/en-US/docs/Web/HTTP/Status/403",2026-07-17T13:14:38.570878
francesoir,bd6t5125136n,,failed,0,0,,http_manifest,known,403,manifest,"Client error '403 ' for url 'https://openapiproext.bnf.fr/iiif/presentation/v3/ark:/12148/bd6t5125136n/manifest.json'
For more information check: https://developer.mozilla.org/en-US/docs/Web/HTTP/Status/403",2026-07-17T13:14:39.794390
francesoir,bd6t5125110p,,failed,0,0,,http_manifest,known,403,manifest,"Client error '403 ' for url 'https://openapiproext.bnf.fr/iiif/presentation/v3/ark:/12148/bd6t5125110p/manifest.json'
For more information check: https://developer.mozilla.org/en-US/docs/Web/HTTP/Status/403",2026-07-17T13:14:41.156110
francesoir,bd6t51251112,,failed,0,0,,http_manifest,known,403,manifest,"Client error '403 ' for url 'https://openapiproext.bnf.fr/iiif/presentation/v3/ark:/12148/bd6t51251112/manifest.json'
For more information check: https://developer.mozilla.org/en-US/docs/Web/HTTP/Status/403",2026-07-17T13:14:42.173089
francesoir,bd6t51251371,,failed,0,0,,http_manifest,known,403,manifest,"Client error '403 ' for url 'https://openapiproext.bnf.fr/iiif/presentation/v3/ark:/12148/bd6t51251371/manifest.json'
For more information check: https://developer.mozilla.org/en-US/docs/Web/HTTP/Status/403",2026-07-17T13:14:43.371715
francesoir,bd6t5125138d,,failed,0,0,,http_manifest,known,403,manifest,"Client error '403 ' for url 'https://openapiproext.bnf.fr/iiif/presentation/v3/ark:/12148/bd6t5125138d/manifest.json'
For more information check: https://developer.mozilla.org/en-US/docs/Web/HTTP/Status/403",2026-07-17T13:14:44.577518
francesoir,bd6t5125112f,,failed,0,0,,http_manifest,known,403,manifest,"Client error '403 ' for url 'https://openapiproext.bnf.fr/iiif/presentation/v3/ark:/12148/bd6t5125112f/manifest.json'
For more information check: https://developer.mozilla.org/en-US/docs/Web/HTTP/Status/403",2026-07-17T13:14:45.808296
francesoir,bd6t5125139s,,failed,0,0,,http_manifest,known,403,manifest,"Client error '403 ' for url 'https://openapiproext.bnf.fr/iiif/presentation/v3/ark:/12148/bd6t5125139s/manifest.json'
For more information check: https://developer.mozilla.org/en-US/docs/Web/HTTP/Status/403",2026-07-17T13:14:46.977415
francesoir,bd6t5125140q,,failed,0,0,,http_manifest,known,403,manifest,"Client error '403 ' for url 'https://openapiproext.bnf.fr/iiif/presentation/v3/ark:/12148/bd6t5125140q/manifest.json'
For more information check: https://developer.mozilla.org/en-US/docs/Web/HTTP/Status/403",2026-07-17T13:14:48.188891
francesoir,bd6t5125113t,,failed,0,0,,http_manifest,known,403,manifest,"Client error '403 ' for url 'https://openapiproext.bnf.fr/iiif/presentation/v3/ark:/12148/bd6t5125113t/manifest.json'
For more information check: https://developer.mozilla.org/en-US/docs/Web/HTTP/Status/403",2026-07-17T13:14:49.379255
francesoir,bd6t51251146,,failed,0,0,,http_manifest,known,403,manifest,"Client error '403 ' for url 'https://openapiproext.bnf.fr/iiif/presentation/v3/ark:/12148/bd6t51251146/manifest.json'
For more information check: https://developer.mozilla.org/en-US/docs/Web/HTTP/Status/403",2026-07-17T13:14:50.582887
francesoir,bd6t51251413,,failed,0,0,,http_manifest,known,403,manifest,"Client error '403 ' for url 'https://openapiproext.bnf.fr/iiif/presentation/v3/ark:/12148/bd6t51251413/manifest.json'
For more information check: https://developer.mozilla.org/en-US/docs/Web/HTTP/Status/403",2026-07-17T13:14:51.783565
francesoir,bd6t5125142g,,failed,0,0,,http_manifest,known,403,manifest,"Client error '403 ' for url 'https://openapiproext.bnf.fr/iiif/presentation/v3/ark:/12148/bd6t5125142g/manifest.json'
For more information check: https://developer.mozilla.org/en-US/docs/Web/HTTP/Status/403",2026-07-17T13:14:52.983541
francesoir,bd6t5125115k,,failed,0,0,,http_manifest,known,403,manifest,"Client error '403 ' for url 'https://openapiproext.bnf.fr/iiif/presentation/v3/ark:/12148/bd6t5125115k/manifest.json'
For more information check: https://developer.mozilla.org/en-US/docs/Web/HTTP/Status/403",2026-07-17T13:14:54.188743
francesoir,bd6t5125116z,,failed,0,0,,http_manifest,known,403,manifest,"Client error '403 ' for url 'https://openapiproext.bnf.fr/iiif/presentation/v3/ark:/12148/bd6t5125116z/manifest.json'
For more information check: https://developer.mozilla.org/en-US/docs/Web/HTTP/Status/403",2026-07-17T13:14:55.386602
francesoir,bd6t5125117b,,failed,0,0,,http_manifest,known,403,manifest,"Client error '403 ' for url 'https://openapiproext.bnf.fr/iiif/presentation/v3/ark:/12148/bd6t5125117b/manifest.json'
For more information check: https://developer.mozilla.org/en-US/docs/Web/HTTP/Status/403",2026-07-17T13:14:56.587317
francesoir,bd6t5125143v,,failed,0,0,,http_manifest,known,403,manifest,"Client error '403 ' for url 'https://openapiproext.bnf.fr/iiif/presentation/v3/ark:/12148/bd6t5125143v/manifest.json'
For more information check: https://developer.mozilla.org/en-US/docs/Web/HTTP/Status/403",2026-07-17T13:14:58.038978
francesoir,bd6t51251447,,failed,0,0,,http_manifest,known,403,manifest,"Client error '403 ' for url 'https://openapiproext.bnf.fr/iiif/presentation/v3/ark:/12148/bd6t51251447/manifest.json'
For more information check: https://developer.mozilla.org/en-US/docs/Web/HTTP/Status/403",2026-07-17T13:14:58.989901
francesoir,bd6t5125118q,,failed,0,0,,http_manifest,known,403,manifest,"Client error '403 ' for url 'https://openapiproext.bnf.fr/iiif/presentation/v3/ark:/12148/bd6t5125118q/manifest.json'
For more information check: https://developer.mozilla.org/en-US/docs/Web/HTTP/Status/403",2026-07-17T13:15:00.438816
francesoir,bd6t5125145m,,failed,0,0,,http_manifest,known,403,manifest,"Client error '403 ' for url 'https://openapiproext.bnf.fr/iiif/presentation/v3/ark:/12148/bd6t5125145m/manifest.json'
For more information check: https://developer.mozilla.org/en-US/docs/Web/HTTP/Status/403",2026-07-17T13:15:01.499157
francesoir,bd6t51251460,,failed,0,0,,http_manifest,known,403,manifest,"Client error '403 ' for url 'https://openapiproext.bnf.fr/iiif/presentation/v3/ark:/12148/bd6t51251460/manifest.json'
For more information check: https://developer.mozilla.org/en-US/docs/Web/HTTP/Status/403",2026-07-17T13:15:02.598160
francesoir,bd6t51251193,,failed,0,0,,http_manifest,known,403,manifest,"Client error '403 ' for url 'https://openapiproext.bnf.fr/iiif/presentation/v3/ark:/12148/bd6t51251193/manifest.json'
For more information check: https://developer.mozilla.org/en-US/docs/Web/HTTP/Status/403",2026-07-17T13:15:04.083871
francesoir,bd6t51251201,,failed,0,0,,http_manifest,known,403,manifest,"Client error '403 ' for url 'https://openapiproext.bnf.fr/iiif/presentation/v3/ark:/12148/bd6t51251201/manifest.json'
For more information check: https://developer.mozilla.org/en-US/docs/Web/HTTP/Status/403",2026-07-17T13:15:05.277370
francesoir,bd6t5125147c,,failed,0,0,,http_manifest,known,403,manifest,"Client error '403 ' for url 'https://openapiproext.bnf.fr/iiif/presentation/v3/ark:/12148/bd6t5125147c/manifest.json'
For more information check: https://developer.mozilla.org/en-US/docs/Web/HTTP/Status/403",2026-07-17T13:15:06.275649
francesoir,bd6t5125148r,,failed,0,0,,http_manifest,known,403,manifest,"Client error '403 ' for url 'https://openapiproext.bnf.fr/iiif/presentation/v3/ark:/12148/bd6t5125148r/manifest.json'
For more information check: https://developer.mozilla.org/en-US/docs/Web/HTTP/Status/403",2026-07-17T13:15:07.405214
francesoir,bd6t5125121d,,failed,0,0,,http_manifest,known,403,manifest,"Client error '403 ' for url 'https://openapiproext.bnf.fr/iiif/presentation/v3/ark:/12148/bd6t5125121d/manifest.json'
For more information check: https://developer.mozilla.org/en-US/docs/Web/HTTP/Status/403",2026-07-17T13:15:08.815150
francesoir,bd6t5125122s,,failed,0,0,,http_manifest,known,403,manifest,"Client error '403 ' for url 'https://openapiproext.bnf.fr/iiif/presentation/v3/ark:/12148/bd6t5125122s/manifest.json'
For more information check: https://developer.mozilla.org/en-US/docs/Web/HTTP/Status/403",2026-07-17T13:15:09.847513
francesoir,bd6t51251235,,failed,0,0,,http_manifest,known,403,manifest,"Client error '403 ' for url 'https://openapiproext.bnf.fr/iiif/presentation/v3/ark:/12148/bd6t51251235/manifest.json'
For more information check: https://developer.mozilla.org/en-US/docs/Web/HTTP/Status/403",2026-07-17T13:15:11.010715
francesoir,bd6t51251494,,failed,0,0,,http_manifest,known,403,manifest,"Client error '403 ' for url 'https://openapiproext.bnf.fr/iiif/presentation/v3/ark:/12148/bd6t51251494/manifest.json'
For more information check: https://developer.mozilla.org/en-US/docs/Web/HTTP/Status/403",2026-07-17T13:15:12.217583
francesoir,bd6t51251502,,failed,0,0,,http_manifest,known,403,manifest,"Client error '403 ' for url 'https://openapiproext.bnf.fr/iiif/presentation/v3/ark:/12148/bd6t51251502/manifest.json'
For more information check: https://developer.mozilla.org/en-US/docs/Web/HTTP/Status/403",2026-07-17T13:15:13.545623
francesoir,bd6t5125124j,,failed,0,0,,http_manifest,known,403,manifest,"Client error '403 ' for url 'https://openapiproext.bnf.fr/iiif/presentation/v3/ark:/12148/bd6t5125124j/manifest.json'
For more information check: https://developer.mozilla.org/en-US/docs/Web/HTTP/Status/403",2026-07-17T13:15:14.628767
francesoir,bd6t5125151f,,failed,0,0,,http_manifest,known,403,manifest,"Client error '403 ' for url 'https://openapiproext.bnf.fr/iiif/presentation/v3/ark:/12148/bd6t5125151f/manifest.json'
For more information check: https://developer.mozilla.org/en-US/docs/Web/HTTP/Status/403",2026-07-17T13:15:15.892982
francesoir,bd6t5125152t,,failed,0,0,,http_manifest,known,403,manifest,"Client error '403 ' for url 'https://openapiproext.bnf.fr/iiif/presentation/v3/ark:/12148/bd6t5125152t/manifest.json'
For more information check: https://developer.mozilla.org/en-US/docs/Web/HTTP/Status/403",2026-07-17T13:15:17.024316
francesoir,bd6t5125125x,,failed,0,0,,http_manifest,known,403,manifest,"Client error '403 ' for url 'https://openapiproext.bnf.fr/iiif/presentation/v3/ark:/12148/bd6t5125125x/manifest.json'
For more information check: https://developer.mozilla.org/en-US/docs/Web/HTTP/Status/403",2026-07-17T13:15:18.224481
francesoir,bd6t51251536,,failed,0,0,,http_manifest,known,403,manifest,"Client error '403 ' for url 'https://openapiproext.bnf.fr/iiif/presentation/v3/ark:/12148/bd6t51251536/manifest.json'
For more information check: https://developer.mozilla.org/en-US/docs/Web/HTTP/Status/403",2026-07-17T13:15:19.423994
francesoir,bd6t51251269,,failed,0,0,,http_manifest,known,403,manifest,"Client error '403 ' for url 'https://openapiproext.bnf.fr/iiif/presentation/v3/ark:/12148/bd6t51251269/manifest.json'
For more information check: https://developer.mozilla.org/en-US/docs/Web/HTTP/Status/403",2026-07-17T13:15:20.627368
francesoir,bd6t5125127p,,failed,0,0,,http_manifest,known,403,manifest,"Client error '403 ' for url 'https://openapiproext.bnf.fr/iiif/presentation/v3/ark:/12148/bd6t5125127p/manifest.json'
For more information check: https://developer.mozilla.org/en-US/docs/Web/HTTP/Status/403",2026-07-17T13:15:21.826508
francesoir,bd6t5125154k,,failed,0,0,,http_manifest,known,403,manifest,"Client error '403 ' for url 'https://openapiproext.bnf.fr/iiif/presentation/v3/ark:/12148/bd6t5125154k/manifest.json'
For more information check: https://developer.mozilla.org/en-US/docs/Web/HTTP/Status/403",2026-07-17T13:15:23.038806
francesoir,bd6t51251282,,failed,0,0,,http_manifest,known,403,manifest,"Client error '403 ' for url 'https://openapiproext.bnf.fr/iiif/presentation/v3/ark:/12148/bd6t51251282/manifest.json'
For more information check: https://developer.mozilla.org/en-US/docs/Web/HTTP/Status/403",2026-07-17T13:15:24.227426
francesoir,bd6t5125155z,,failed,0,0,,http_manifest,known,403,manifest,"Client error '403 ' for url 'https://openapiproext.bnf.fr/iiif/presentation/v3/ark:/12148/bd6t5125155z/manifest.json'
For more information check: https://developer.mozilla.org/en-US/docs/Web/HTTP/Status/403",2026-07-17T13:15:25.429984
francesoir,bd6t5125129f,,failed,0,0,,http_manifest,known,403,manifest,"Client error '403 ' for url 'https://openapiproext.bnf.fr/iiif/presentation/v3/ark:/12148/bd6t5125129f/manifest.json'
For more information check: https://developer.mozilla.org/en-US/docs/Web/HTTP/Status/403",2026-07-17T13:15:26.633393
francesoir,bd6t5125130c,,failed,0,0,,http_manifest,known,403,manifest,"Client error '403 ' for url 'https://openapiproext.bnf.fr/iiif/presentation/v3/ark:/12148/bd6t5125130c/manifest.json'
For more information check: https://developer.mozilla.org/en-US/docs/Web/HTTP/Status/403",2026-07-17T13:15:27.894414
francesoir,bd6t5125131r,,failed,0,0,,http_manifest,known,403,manifest,"Client error '403 ' for url 'https://openapiproext.bnf.fr/iiif/presentation/v3/ark:/12148/bd6t5125131r/manifest.json'
For more information check: https://developer.mozilla.org/en-US/docs/Web/HTTP/Status/403",2026-07-17T13:15:29.036264
francesoir,bd6t5125052h,,failed,0,0,,http_manifest,known,403,manifest,"Client error '403 ' for url 'https://openapiproext.bnf.fr/iiif/presentation/v3/ark:/12148/bd6t5125052h/manifest.json'
For more information check: https://developer.mozilla.org/en-US/docs/Web/HTTP/Status/403",2026-07-17T13:15:30.244261
francesoir,bd6t5125053w,,failed,0,0,,http_manifest,known,403,manifest,"Client error '403 ' for url 'https://openapiproext.bnf.fr/iiif/presentation/v3/ark:/12148/bd6t5125053w/manifest.json'
For more information check: https://developer.mozilla.org/en-US/docs/Web/HTTP/Status/403",2026-07-17T13:15:31.442922
francesoir,bd6t51250548,,failed,0,0,,http_manifest,known,403,manifest,"Client error '403 ' for url 'https://openapiproext.bnf.fr/iiif/presentation/v3/ark:/12148/bd6t51250548/manifest.json'
For more information check: https://developer.mozilla.org/en-US/docs/Web/HTTP/Status/403",2026-07-17T13:15:32.644539
francesoir,bd6t5125055n,,failed,0,0,,http_manifest,known,403,manifest,"Client error '403 ' for url 'https://openapiproext.bnf.fr/iiif/presentation/v3/ark:/12148/bd6t5125055n/manifest.json'
For more information check: https://developer.mozilla.org/en-US/docs/Web/HTTP/Status/403",2026-07-17T13:15:33.847815
francesoir,bd6t51250561,,failed,0,0,,http_manifest,known,403,manifest,"Client error '403 ' for url 'https://openapiproext.bnf.fr/iiif/presentation/v3/ark:/12148/bd6t51250561/manifest.json'
For more information check: https://developer.mozilla.org/en-US/docs/Web/HTTP/Status/403",2026-07-17T13:15:35.045210
francesoir,bd6t5125057d,,failed,0,0,,http_manifest,known,403,manifest,"Client error '403 ' for url 'https://openapiproext.bnf.fr/iiif/presentation/v3/ark:/12148/bd6t5125057d/manifest.json'
For more information check: https://developer.mozilla.org/en-US/docs/Web/HTTP/Status/403",2026-07-17T13:15:36.253095
francesoir,bd6t5125058s,,failed,0,0,,http_manifest,known,403,manifest,"Client error '403 ' for url 'https://openapiproext.bnf.fr/iiif/presentation/v3/ark:/12148/bd6t5125058s/manifest.json'
For more information check: https://developer.mozilla.org/en-US/docs/Web/HTTP/Status/403",2026-07-17T13:15:37.448084
francesoir,bd6t51250595,,failed,0,0,,http_manifest,known,403,manifest,"Client error '403 ' for url 'https://openapiproext.bnf.fr/iiif/presentation/v3/ark:/12148/bd6t51250595/manifest.json'
For more information check: https://developer.mozilla.org/en-US/docs/Web/HTTP/Status/403",2026-07-17T13:15:38.651972
francesoir,bd6t51250603,,failed,0,0,,http_manifest,known,403,manifest,"Client error '403 ' for url 'https://openapiproext.bnf.fr/iiif/presentation/v3/ark:/12148/bd6t51250603/manifest.json'
For more information check: https://developer.mozilla.org/en-US/docs/Web/HTTP/Status/403",2026-07-17T13:15:39.881608
francesoir,bd6t5125061g,,failed,0,0,,http_manifest,known,403,manifest,"Client error '403 ' for url 'https://openapiproext.bnf.fr/iiif/presentation/v3/ark:/12148/bd6t5125061g/manifest.json'
For more information check: https://developer.mozilla.org/en-US/docs/Web/HTTP/Status/403",2026-07-17T13:15:41.063751
francesoir,bd6t5125062v,,failed,0,0,,http_manifest,known,403,manifest,"Client error '403 ' for url 'https://openapiproext.bnf.fr/iiif/presentation/v3/ark:/12148/bd6t5125062v/manifest.json'
For more information check: https://developer.mozilla.org/en-US/docs/Web/HTTP/Status/403",2026-07-17T13:15:42.256517
francesoir,bd6t51250637,,failed,0,0,,http_manifest,known,403,manifest,"Client error '403 ' for url 'https://openapiproext.bnf.fr/iiif/presentation/v3/ark:/12148/bd6t51250637/manifest.json'
For more information check: https://developer.mozilla.org/en-US/docs/Web/HTTP/Status/403",2026-07-17T13:15:43.459216
francesoir,bd6t5125064m,,failed,0,0,,http_manifest,known,403,manifest,"Client error '403 ' for url 'https://openapiproext.bnf.fr/iiif/presentation/v3/ark:/12148/bd6t5125064m/manifest.json'
For more information check: https://developer.mozilla.org/en-US/docs/Web/HTTP/Status/403",2026-07-17T13:15:44.667412
francesoir,bd6t51250650,,failed,0,0,,http_manifest,known,403,manifest,"Client error '403 ' for url 'https://openapiproext.bnf.fr/iiif/presentation/v3/ark:/12148/bd6t51250650/manifest.json'
For more information check: https://developer.mozilla.org/en-US/docs/Web/HTTP/Status/403",2026-07-17T13:15:45.884232
francesoir,bd6t5125066c,,failed,0,0,,http_manifest,known,403,manifest,"Client error '403 ' for url 'https://openapiproext.bnf.fr/iiif/presentation/v3/ark:/12148/bd6t5125066c/manifest.json'
For more information check: https://developer.mozilla.org/en-US/docs/Web/HTTP/Status/403",2026-07-17T13:15:47.066421
francesoir,bd6t5125067r,,failed,0,0,,http_manifest,known,403,manifest,"Client error '403 ' for url 'https://openapiproext.bnf.fr/iiif/presentation/v3/ark:/12148/bd6t5125067r/manifest.json'
For more information check: https://developer.mozilla.org/en-US/docs/Web/HTTP/Status/403",2026-07-17T13:15:48.266542
francesoir,bd6t51250684,,failed,0,0,,http_manifest,known,403,manifest,"Client error '403 ' for url 'https://openapiproext.bnf.fr/iiif/presentation/v3/ark:/12148/bd6t51250684/manifest.json'
For more information check: https://developer.mozilla.org/en-US/docs/Web/HTTP/Status/403",2026-07-17T13:15:49.471989
francesoir,bd6t5125069h,,failed,0,0,,http_manifest,known,403,manifest,"Client error '403 ' for url 'https://openapiproext.bnf.fr/iiif/presentation/v3/ark:/12148/bd6t5125069h/manifest.json'
For more information check: https://developer.mozilla.org/en-US/docs/Web/HTTP/Status/403",2026-07-17T13:15:50.666163
francesoir,bd6t5125070f,,failed,0,0,,http_manifest,known,403,manifest,"Client error '403 ' for url 'https://openapiproext.bnf.fr/iiif/presentation/v3/ark:/12148/bd6t5125070f/manifest.json'
For more information check: https://developer.mozilla.org/en-US/docs/Web/HTTP/Status/403",2026-07-17T13:15:51.875203
francesoir,bd6t5125071t,,failed,0,0,,http_manifest,known,403,manifest,"Client error '403 ' for url 'https://openapiproext.bnf.fr/iiif/presentation/v3/ark:/12148/bd6t5125071t/manifest.json'
For more information check: https://developer.mozilla.org/en-US/docs/Web/HTTP/Status/403",2026-07-17T13:15:53.067713
francesoir,bd6t51250726,,failed,0,0,,http_manifest,known,403,manifest,"Client error '403 ' for url 'https://openapiproext.bnf.fr/iiif/presentation/v3/ark:/12148/bd6t51250726/manifest.json'
For more information check: https://developer.mozilla.org/en-US/docs/Web/HTTP/Status/403",2026-07-17T13:15:54.271480
francesoir,bd6t5125073k,,failed,0,0,,http_manifest,known,403,manifest,"Client error '403 ' for url 'https://openapiproext.bnf.fr/iiif/presentation/v3/ark:/12148/bd6t5125073k/manifest.json'
For more information check: https://developer.mozilla.org/en-US/docs/Web/HTTP/Status/403",2026-07-17T13:15:55.472650
francesoir,bd6t5125074z,,failed,0,0,,http_manifest,known,403,manifest,"Client error '403 ' for url 'https://openapiproext.bnf.fr/iiif/presentation/v3/ark:/12148/bd6t5125074z/manifest.json'
For more information check: https://developer.mozilla.org/en-US/docs/Web/HTTP/Status/403",2026-07-17T13:15:56.681223
francesoir,bd6t5125075b,,failed,0,0,,http_manifest,known,403,manifest,"Client error '403 ' for url 'https://openapiproext.bnf.fr/iiif/presentation/v3/ark:/12148/bd6t5125075b/manifest.json'
For more information check: https://developer.mozilla.org/en-US/docs/Web/HTTP/Status/403",2026-07-17T13:15:58.037732
francesoir,bd6t5125076q,,failed,0,0,,http_manifest,known,403,manifest,"Client error '403 ' for url 'https://openapiproext.bnf.fr/iiif/presentation/v3/ark:/12148/bd6t5125076q/manifest.json'
For more information check: https://developer.mozilla.org/en-US/docs/Web/HTTP/Status/403",2026-07-17T13:15:59.185941
francesoir,bd6t51250773,,failed,0,0,,http_manifest,known,403,manifest,"Client error '403 ' for url 'https://openapiproext.bnf.fr/iiif/presentation/v3/ark:/12148/bd6t51250773/manifest.json'
For more information check: https://developer.mozilla.org/en-US/docs/Web/HTTP/Status/403",2026-07-17T13:16:00.282115
francesoir,bd6t5125078g,,failed,0,0,,http_manifest,known,403,manifest,"Client error '403 ' for url 'https://openapiproext.bnf.fr/iiif/presentation/v3/ark:/12148/bd6t5125078g/manifest.json'
For more information check: https://developer.mozilla.org/en-US/docs/Web/HTTP/Status/403",2026-07-17T13:16:01.552064
francesoir,bd6t5125079v,,failed,0,0,,http_manifest,known,403,manifest,"Client error '403 ' for url 'https://openapiproext.bnf.fr/iiif/presentation/v3/ark:/12148/bd6t5125079v/manifest.json'
For more information check: https://developer.mozilla.org/en-US/docs/Web/HTTP/Status/403",2026-07-17T13:16:02.684178
francesoir,bd6t5125080s,,failed,0,0,,http_manifest,known,403,manifest,"Client error '403 ' for url 'https://openapiproext.bnf.fr/iiif/presentation/v3/ark:/12148/bd6t5125080s/manifest.json'
For more information check: https://developer.mozilla.org/en-US/docs/Web/HTTP/Status/403",2026-07-17T13:16:04.036516
francesoir,bd6t51250815,,failed,0,0,,http_manifest,known,403,manifest,"Client error '403 ' for url 'https://openapiproext.bnf.fr/iiif/presentation/v3/ark:/12148/bd6t51250815/manifest.json'
For more information check: https://developer.mozilla.org/en-US/docs/Web/HTTP/Status/403",2026-07-17T13:16:05.163941
francesoir,bd6t5125082j,,failed,0,0,,http_manifest,known,403,manifest,"Client error '403 ' for url 'https://openapiproext.bnf.fr/iiif/presentation/v3/ark:/12148/bd6t5125082j/manifest.json'
For more information check: https://developer.mozilla.org/en-US/docs/Web/HTTP/Status/403",2026-07-17T13:16:06.537831
francesoir,bd6t5125083x,,failed,0,0,,http_manifest,known,403,manifest,"Client error '403 ' for url 'https://openapiproext.bnf.fr/iiif/presentation/v3/ark:/12148/bd6t5125083x/manifest.json'
For more information check: https://developer.mozilla.org/en-US/docs/Web/HTTP/Status/403",2026-07-17T13:16:07.650565
francesoir,bd6t51250849,,failed,0,0,,http_manifest,known,403,manifest,"Client error '403 ' for url 'https://openapiproext.bnf.fr/iiif/presentation/v3/ark:/12148/bd6t51250849/manifest.json'
For more information check: https://developer.mozilla.org/en-US/docs/Web/HTTP/Status/403",2026-07-17T13:16:08.687817
francesoir,bd6t5125085p,,failed,0,0,,http_manifest,known,403,manifest,"Client error '403 ' for url 'https://openapiproext.bnf.fr/iiif/presentation/v3/ark:/12148/bd6t5125085p/manifest.json'
For more information check: https://developer.mozilla.org/en-US/docs/Web/HTTP/Status/403",2026-07-17T13:16:09.920077
francesoir,bd6t51250862,,failed,0,0,,http_manifest,known,403,manifest,"Client error '403 ' for url 'https://openapiproext.bnf.fr/iiif/presentation/v3/ark:/12148/bd6t51250862/manifest.json'
For more information check: https://developer.mozilla.org/en-US/docs/Web/HTTP/Status/403",2026-07-17T13:16:11.093650
francesoir,bd6t5125087f,,failed,0,0,,http_manifest,known,403,manifest,"Client error '403 ' for url 'https://openapiproext.bnf.fr/iiif/presentation/v3/ark:/12148/bd6t5125087f/manifest.json'
For more information check: https://developer.mozilla.org/en-US/docs/Web/HTTP/Status/403",2026-07-17T13:16:12.297202
francesoir,bd6t5125088t,,failed,0,0,,http_manifest,known,403,manifest,"Client error '403 ' for url 'https://openapiproext.bnf.fr/iiif/presentation/v3/ark:/12148/bd6t5125088t/manifest.json'
For more information check: https://developer.mozilla.org/en-US/docs/Web/HTTP/Status/403",2026-07-17T13:16:13.603727
francesoir,bd6t51250896,,failed,0,0,,http_manifest,known,403,manifest,"Client error '403 ' for url 'https://openapiproext.bnf.fr/iiif/presentation/v3/ark:/12148/bd6t51250896/manifest.json'
For more information check: https://developer.mozilla.org/en-US/docs/Web/HTTP/Status/403",2026-07-17T13:16:14.768136
francesoir,bd6t51250904,,failed,0,0,,http_manifest,known,403,manifest,"Client error '403 ' for url 'https://openapiproext.bnf.fr/iiif/presentation/v3/ark:/12148/bd6t51250904/manifest.json'
For more information check: https://developer.mozilla.org/en-US/docs/Web/HTTP/Status/403",2026-07-17T13:16:16.112086
francesoir,bd6t5125091h,,failed,0,0,,http_manifest,known,403,manifest,"Client error '403 ' for url 'https://openapiproext.bnf.fr/iiif/presentation/v3/ark:/12148/bd6t5125091h/manifest.json'
For more information check: https://developer.mozilla.org/en-US/docs/Web/HTTP/Status/403",2026-07-17T13:16:17.109035
francesoir,bd6t5125092w,,failed,0,0,,http_manifest,known,403,manifest,"Client error '403 ' for url 'https://openapiproext.bnf.fr/iiif/presentation/v3/ark:/12148/bd6t5125092w/manifest.json'
For more information check: https://developer.mozilla.org/en-US/docs/Web/HTTP/Status/403",2026-07-17T13:16:18.316188
francesoir,bd6t51250938,,failed,0,0,,http_manifest,known,403,manifest,"Client error '403 ' for url 'https://openapiproext.bnf.fr/iiif/presentation/v3/ark:/12148/bd6t51250938/manifest.json'
For more information check: https://developer.mozilla.org/en-US/docs/Web/HTTP/Status/403",2026-07-17T13:16:19.497728
francesoir,bd6t5125094n,,failed,0,0,,http_manifest,known,403,manifest,"Client error '403 ' for url 'https://openapiproext.bnf.fr/iiif/presentation/v3/ark:/12148/bd6t5125094n/manifest.json'
For more information check: https://developer.mozilla.org/en-US/docs/Web/HTTP/Status/403",2026-07-17T13:16:20.703435
francesoir,bd6t51250951,,failed,0,0,,http_manifest,known,403,manifest,"Client error '403 ' for url 'https://openapiproext.bnf.fr/iiif/presentation/v3/ark:/12148/bd6t51250951/manifest.json'
For more information check: https://developer.mozilla.org/en-US/docs/Web/HTTP/Status/403",2026-07-17T13:16:21.948852
francesoir,bd6t5125096d,,failed,0,0,,http_manifest,known,403,manifest,"Client error '403 ' for url 'https://openapiproext.bnf.fr/iiif/presentation/v3/ark:/12148/bd6t5125096d/manifest.json'
For more information check: https://developer.mozilla.org/en-US/docs/Web/HTTP/Status/403",2026-07-17T13:16:23.106105
francesoir,bd6t5125097s,,failed,0,0,,http_manifest,known,403,manifest,"Client error '403 ' for url 'https://openapiproext.bnf.fr/iiif/presentation/v3/ark:/12148/bd6t5125097s/manifest.json'
For more information check: https://developer.mozilla.org/en-US/docs/Web/HTTP/Status/403",2026-07-17T13:16:24.306188
francesoir,bd6t51250985,,failed,0,0,,http_manifest,known,403,manifest,"Client error '403 ' for url 'https://openapiproext.bnf.fr/iiif/presentation/v3/ark:/12148/bd6t51250985/manifest.json'
For more information check: https://developer.mozilla.org/en-US/docs/Web/HTTP/Status/403",2026-07-17T13:16:25.509706
francesoir,bd6t5125099j,,failed,0,0,,http_manifest,known,403,manifest,"Client error '403 ' for url 'https://openapiproext.bnf.fr/iiif/presentation/v3/ark:/12148/bd6t5125099j/manifest.json'
For more information check: https://developer.mozilla.org/en-US/docs/Web/HTTP/Status/403",2026-07-17T13:16:26.711443
francesoir,bd6t5125100b,,failed,0,0,,http_manifest,known,403,manifest,"Client error '403 ' for url 'https://openapiproext.bnf.fr/iiif/presentation/v3/ark:/12148/bd6t5125100b/manifest.json'
For more information check: https://developer.mozilla.org/en-US/docs/Web/HTTP/Status/403",2026-07-17T13:16:27.932726
francesoir,bd6t5125101q,,failed,0,0,,http_manifest,known,403,manifest,"Client error '403 ' for url 'https://openapiproext.bnf.fr/iiif/presentation/v3/ark:/12148/bd6t5125101q/manifest.json'
For more information check: https://developer.mozilla.org/en-US/docs/Web/HTTP/Status/403",2026-07-17T13:16:29.117735
francesoir,bd6t51251023,,failed,0,0,,http_manifest,known,403,manifest,"Client error '403 ' for url 'https://openapiproext.bnf.fr/iiif/presentation/v3/ark:/12148/bd6t51251023/manifest.json'
For more information check: https://developer.mozilla.org/en-US/docs/Web/HTTP/Status/403",2026-07-17T13:16:30.314939
francesoir,bd6t5125103g,,failed,0,0,,http_manifest,known,403,manifest,"Client error '403 ' for url 'https://openapiproext.bnf.fr/iiif/presentation/v3/ark:/12148/bd6t5125103g/manifest.json'
For more information check: https://developer.mozilla.org/en-US/docs/Web/HTTP/Status/403",2026-07-17T13:16:31.519634
francesoir,bd6t5125104v,,failed,0,0,,http_manifest,known,403,manifest,"Client error '403 ' for url 'https://openapiproext.bnf.fr/iiif/presentation/v3/ark:/12148/bd6t5125104v/manifest.json'
For more information check: https://developer.mozilla.org/en-US/docs/Web/HTTP/Status/403",2026-07-17T13:16:32.727140
francesoir,bd6t51249992,,failed,0,0,,http_manifest,known,403,manifest,"Client error '403 ' for url 'https://openapiproext.bnf.fr/iiif/presentation/v3/ark:/12148/bd6t51249992/manifest.json'
For more information check: https://developer.mozilla.org/en-US/docs/Web/HTTP/Status/403",2026-07-17T13:16:33.948317
francesoir,bd6t51250001,,failed,0,0,,http_manifest,known,403,manifest,"Client error '403 ' for url 'https://openapiproext.bnf.fr/iiif/presentation/v3/ark:/12148/bd6t51250001/manifest.json'
For more information check: https://developer.mozilla.org/en-US/docs/Web/HTTP/Status/403",2026-07-17T13:16:35.123186
francesoir,bd6t5125001d,,failed,0,0,,http_manifest,known,403,manifest,"Client error '403 ' for url 'https://openapiproext.bnf.fr/iiif/presentation/v3/ark:/12148/bd6t5125001d/manifest.json'
For more information check: https://developer.mozilla.org/en-US/docs/Web/HTTP/Status/403",2026-07-17T13:16:36.324471
francesoir,bd6t5125002s,,failed,0,0,,http_manifest,known,403,manifest,"Client error '403 ' for url 'https://openapiproext.bnf.fr/iiif/presentation/v3/ark:/12148/bd6t5125002s/manifest.json'
For more information check: https://developer.mozilla.org/en-US/docs/Web/HTTP/Status/403",2026-07-17T13:16:37.528954
francesoir,bd6t51250035,,failed,0,0,,http_manifest,known,403,manifest,"Client error '403 ' for url 'https://openapiproext.bnf.fr/iiif/presentation/v3/ark:/12148/bd6t51250035/manifest.json'
For more information check: https://developer.mozilla.org/en-US/docs/Web/HTTP/Status/403",2026-07-17T13:16:38.733629
francesoir,bd6t5125004j,,failed,0,0,,http_manifest,known,403,manifest,"Client error '403 ' for url 'https://openapiproext.bnf.fr/iiif/presentation/v3/ark:/12148/bd6t5125004j/manifest.json'
For more information check: https://developer.mozilla.org/en-US/docs/Web/HTTP/Status/403",2026-07-17T13:16:39.930667
francesoir,bd6t5125005x,,failed,0,0,,http_manifest,known,403,manifest,"Client error '403 ' for url 'https://openapiproext.bnf.fr/iiif/presentation/v3/ark:/12148/bd6t5125005x/manifest.json'
For more information check: https://developer.mozilla.org/en-US/docs/Web/HTTP/Status/403",2026-07-17T13:16:41.130774
francesoir,bd6t51250069,,failed,0,0,,http_manifest,known,403,manifest,"Client error '403 ' for url 'https://openapiproext.bnf.fr/iiif/presentation/v3/ark:/12148/bd6t51250069/manifest.json'
For more information check: https://developer.mozilla.org/en-US/docs/Web/HTTP/Status/403",2026-07-17T13:16:42.331932
francesoir,bd6t5125007p,,failed,0,0,,http_manifest,known,403,manifest,"Client error '403 ' for url 'https://openapiproext.bnf.fr/iiif/presentation/v3/ark:/12148/bd6t5125007p/manifest.json'
For more information check: https://developer.mozilla.org/en-US/docs/Web/HTTP/Status/403",2026-07-17T13:16:43.530383
francesoir,bd6t51250082,,failed,0,0,,http_manifest,known,403,manifest,"Client error '403 ' for url 'https://openapiproext.bnf.fr/iiif/presentation/v3/ark:/12148/bd6t51250082/manifest.json'
For more information check: https://developer.mozilla.org/en-US/docs/Web/HTTP/Status/403",2026-07-17T13:16:44.738257
francesoir,bd6t5125009f,,failed,0,0,,http_manifest,known,403,manifest,"Client error '403 ' for url 'https://openapiproext.bnf.fr/iiif/presentation/v3/ark:/12148/bd6t5125009f/manifest.json'
For more information check: https://developer.mozilla.org/en-US/docs/Web/HTTP/Status/403",2026-07-17T13:16:45.951427
francesoir,bd6t5125010c,,failed,0,0,,http_manifest,known,403,manifest,"Client error '403 ' for url 'https://openapiproext.bnf.fr/iiif/presentation/v3/ark:/12148/bd6t5125010c/manifest.json'
For more information check: https://developer.mozilla.org/en-US/docs/Web/HTTP/Status/403",2026-07-17T13:16:47.140299
francesoir,bd6t5125011r,,failed,0,0,,http_manifest,known,403,manifest,"Client error '403 ' for url 'https://openapiproext.bnf.fr/iiif/presentation/v3/ark:/12148/bd6t5125011r/manifest.json'
For more information check: https://developer.mozilla.org/en-US/docs/Web/HTTP/Status/403",2026-07-17T13:16:48.338557
francesoir,bd6t51250124,,failed,0,0,,http_manifest,known,403,manifest,"Client error '403 ' for url 'https://openapiproext.bnf.fr/iiif/presentation/v3/ark:/12148/bd6t51250124/manifest.json'
For more information check: https://developer.mozilla.org/en-US/docs/Web/HTTP/Status/403",2026-07-17T13:16:49.541730
francesoir,bd6t5125013h,,failed,0,0,,http_manifest,known,403,manifest,"Client error '403 ' for url 'https://openapiproext.bnf.fr/iiif/presentation/v3/ark:/12148/bd6t5125013h/manifest.json'
For more information check: https://developer.mozilla.org/en-US/docs/Web/HTTP/Status/403",2026-07-17T13:16:50.742079
francesoir,bd6t5125014w,,failed,0,0,,http_manifest,known,403,manifest,"Client error '403 ' for url 'https://openapiproext.bnf.fr/iiif/presentation/v3/ark:/12148/bd6t5125014w/manifest.json'
For more information check: https://developer.mozilla.org/en-US/docs/Web/HTTP/Status/403",2026-07-17T13:16:51.945405
francesoir,bd6t51250158,,failed,0,0,,http_manifest,known,403,manifest,"Client error '403 ' for url 'https://openapiproext.bnf.fr/iiif/presentation/v3/ark:/12148/bd6t51250158/manifest.json'
For more information check: https://developer.mozilla.org/en-US/docs/Web/HTTP/Status/403",2026-07-17T13:16:53.146239
francesoir,bd6t5125016n,,failed,0,0,,http_manifest,known,403,manifest,"Client error '403 ' for url 'https://openapiproext.bnf.fr/iiif/presentation/v3/ark:/12148/bd6t5125016n/manifest.json'
For more information check: https://developer.mozilla.org/en-US/docs/Web/HTTP/Status/403",2026-07-17T13:16:54.349316
francesoir,bd6t51250171,,failed,0,0,,http_manifest,known,403,manifest,"Client error '403 ' for url 'https://openapiproext.bnf.fr/iiif/presentation/v3/ark:/12148/bd6t51250171/manifest.json'
For more information check: https://developer.mozilla.org/en-US/docs/Web/HTTP/Status/403",2026-07-17T13:16:55.558904
francesoir,bd6t5125018d,,failed,0,0,,http_manifest,known,403,manifest,"Client error '403 ' for url 'https://openapiproext.bnf.fr/iiif/presentation/v3/ark:/12148/bd6t5125018d/manifest.json'
For more information check: https://developer.mozilla.org/en-US/docs/Web/HTTP/Status/403",2026-07-17T13:16:56.753199
francesoir,bd6t5125019s,,failed,0,0,,http_manifest,known,403,manifest,"Client error '403 ' for url 'https://openapiproext.bnf.fr/iiif/presentation/v3/ark:/12148/bd6t5125019s/manifest.json'
For more information check: https://developer.mozilla.org/en-US/docs/Web/HTTP/Status/403",2026-07-17T13:16:58.045199
francesoir,bd6t5125020q,,failed,0,0,,http_manifest,known,403,manifest,"Client error '403 ' for url 'https://openapiproext.bnf.fr/iiif/presentation/v3/ark:/12148/bd6t5125020q/manifest.json'
For more information check: https://developer.mozilla.org/en-US/docs/Web/HTTP/Status/403",2026-07-17T13:16:59.293748
francesoir,bd6t51250213,,failed,0,0,,http_manifest,known,403,manifest,"Client error '403 ' for url 'https://openapiproext.bnf.fr/iiif/presentation/v3/ark:/12148/bd6t51250213/manifest.json'
For more information check: https://developer.mozilla.org/en-US/docs/Web/HTTP/Status/403",2026-07-17T13:17:00.398415
francesoir,bd6t5125022g,,failed,0,0,,http_manifest,known,403,manifest,"Client error '403 ' for url 'https://openapiproext.bnf.fr/iiif/presentation/v3/ark:/12148/bd6t5125022g/manifest.json'
For more information check: https://developer.mozilla.org/en-US/docs/Web/HTTP/Status/403",2026-07-17T13:17:01.618720
francesoir,bd6t5125023v,,failed,0,0,,http_manifest,known,403,manifest,"Client error '403 ' for url 'https://openapiproext.bnf.fr/iiif/presentation/v3/ark:/12148/bd6t5125023v/manifest.json'
For more information check: https://developer.mozilla.org/en-US/docs/Web/HTTP/Status/403",2026-07-17T13:17:02.898552
francesoir,bd6t51250247,,failed,0,0,,http_manifest,known,403,manifest,"Client error '403 ' for url 'https://openapiproext.bnf.fr/iiif/presentation/v3/ark:/12148/bd6t51250247/manifest.json'
For more information check: https://developer.mozilla.org/en-US/docs/Web/HTTP/Status/403",2026-07-17T13:17:04.169585
francesoir,bd6t5125025m,,failed,0,0,,http_manifest,known,403,manifest,"Client error '403 ' for url 'https://openapiproext.bnf.fr/iiif/presentation/v3/ark:/12148/bd6t5125025m/manifest.json'
For more information check: https://developer.mozilla.org/en-US/docs/Web/HTTP/Status/403",2026-07-17T13:17:05.359394
francesoir,bd6t51250260,,failed,0,0,,http_manifest,known,403,manifest,"Client error '403 ' for url 'https://openapiproext.bnf.fr/iiif/presentation/v3/ark:/12148/bd6t51250260/manifest.json'
For more information check: https://developer.mozilla.org/en-US/docs/Web/HTTP/Status/403",2026-07-17T13:17:06.598657
francesoir,bd6t5125027c,,failed,0,0,,http_manifest,known,403,manifest,"Client error '403 ' for url 'https://openapiproext.bnf.fr/iiif/presentation/v3/ark:/12148/bd6t5125027c/manifest.json'
For more information check: https://developer.mozilla.org/en-US/docs/Web/HTTP/Status/403",2026-07-17T13:17:07.568671
francesoir,bd6t5125028r,,failed,0,0,,http_manifest,known,403,manifest,"Client error '403 ' for url 'https://openapiproext.bnf.fr/iiif/presentation/v3/ark:/12148/bd6t5125028r/manifest.json'
For more information check: https://developer.mozilla.org/en-US/docs/Web/HTTP/Status/403",2026-07-17T13:17:08.773006
francesoir,bd6t51250294,,failed,0,0,,http_manifest,known,403,manifest,"Client error '403 ' for url 'https://openapiproext.bnf.fr/iiif/presentation/v3/ark:/12148/bd6t51250294/manifest.json'
For more information check: https://developer.mozilla.org/en-US/docs/Web/HTTP/Status/403",2026-07-17T13:17:10.008602
francesoir,bd6t51250302,,failed,0,0,,http_manifest,known,403,manifest,"Client error '403 ' for url 'https://openapiproext.bnf.fr/iiif/presentation/v3/ark:/12148/bd6t51250302/manifest.json'
For more information check: https://developer.mozilla.org/en-US/docs/Web/HTTP/Status/403",2026-07-17T13:17:11.173346
francesoir,bd6t5125031f,,failed,0,0,,http_manifest,known,403,manifest,"Client error '403 ' for url 'https://openapiproext.bnf.fr/iiif/presentation/v3/ark:/12148/bd6t5125031f/manifest.json'
For more information check: https://developer.mozilla.org/en-US/docs/Web/HTTP/Status/403",2026-07-17T13:17:12.373593
francesoir,bd6t5125032t,,failed,0,0,,http_manifest,known,403,manifest,"Client error '403 ' for url 'https://openapiproext.bnf.fr/iiif/presentation/v3/ark:/12148/bd6t5125032t/manifest.json'
For more information check: https://developer.mozilla.org/en-US/docs/Web/HTTP/Status/403",2026-07-17T13:17:13.575357
francesoir,bd6t51250336,,failed,0,0,,http_manifest,known,403,manifest,"Client error '403 ' for url 'https://openapiproext.bnf.fr/iiif/presentation/v3/ark:/12148/bd6t51250336/manifest.json'
For more information check: https://developer.mozilla.org/en-US/docs/Web/HTTP/Status/403",2026-07-17T13:17:14.777726
francesoir,bd6t5125034k,,failed,0,0,,http_manifest,known,403,manifest,"Client error '403 ' for url 'https://openapiproext.bnf.fr/iiif/presentation/v3/ark:/12148/bd6t5125034k/manifest.json'
For more information check: https://developer.mozilla.org/en-US/docs/Web/HTTP/Status/403",2026-07-17T13:17:15.994034
francesoir,bd6t5125035z,,failed,0,0,,http_manifest,known,403,manifest,"Client error '403 ' for url 'https://openapiproext.bnf.fr/iiif/presentation/v3/ark:/12148/bd6t5125035z/manifest.json'
For more information check: https://developer.mozilla.org/en-US/docs/Web/HTTP/Status/403",2026-07-17T13:17:17.180905
francesoir,bd6t5125036b,,failed,0,0,,http_manifest,known,403,manifest,"Client error '403 ' for url 'https://openapiproext.bnf.fr/iiif/presentation/v3/ark:/12148/bd6t5125036b/manifest.json'
For more information check: https://developer.mozilla.org/en-US/docs/Web/HTTP/Status/403",2026-07-17T13:17:18.382419
francesoir,bd6t5125037q,,failed,0,0,,http_manifest,known,403,manifest,"Client error '403 ' for url 'https://openapiproext.bnf.fr/iiif/presentation/v3/ark:/12148/bd6t5125037q/manifest.json'
For more information check: https://developer.mozilla.org/en-US/docs/Web/HTTP/Status/403",2026-07-17T13:17:19.583628
francesoir,bd6t51250383,,failed,0,0,,http_manifest,known,403,manifest,"Client error '403 ' for url 'https://openapiproext.bnf.fr/iiif/presentation/v3/ark:/12148/bd6t51250383/manifest.json'
For more information check: https://developer.mozilla.org/en-US/docs/Web/HTTP/Status/403",2026-07-17T13:17:20.788178
francesoir,bd6t5125039g,,failed,0,0,,http_manifest,known,403,manifest,"Client error '403 ' for url 'https://openapiproext.bnf.fr/iiif/presentation/v3/ark:/12148/bd6t5125039g/manifest.json'
For more information check: https://developer.mozilla.org/en-US/docs/Web/HTTP/Status/403",2026-07-17T13:17:21.985956
francesoir,bd6t5125040d,,failed,0,0,,http_manifest,known,403,manifest,"Client error '403 ' for url 'https://openapiproext.bnf.fr/iiif/presentation/v3/ark:/12148/bd6t5125040d/manifest.json'
For more information check: https://developer.mozilla.org/en-US/docs/Web/HTTP/Status/403",2026-07-17T13:17:23.193536
francesoir,bd6t5125041s,,failed,0,0,,http_manifest,known,403,manifest,"Client error '403 ' for url 'https://openapiproext.bnf.fr/iiif/presentation/v3/ark:/12148/bd6t5125041s/manifest.json'
For more information check: https://developer.mozilla.org/en-US/docs/Web/HTTP/Status/403",2026-07-17T13:17:24.390349
francesoir,bd6t51250425,,failed,0,0,,http_manifest,known,403,manifest,"Client error '403 ' for url 'https://openapiproext.bnf.fr/iiif/presentation/v3/ark:/12148/bd6t51250425/manifest.json'
For more information check: https://developer.mozilla.org/en-US/docs/Web/HTTP/Status/403",2026-07-17T13:17:25.591818
francesoir,bd6t5125043j,,failed,0,0,,http_manifest,known,403,manifest,"Client error '403 ' for url 'https://openapiproext.bnf.fr/iiif/presentation/v3/ark:/12148/bd6t5125043j/manifest.json'
For more information check: https://developer.mozilla.org/en-US/docs/Web/HTTP/Status/403",2026-07-17T13:17:26.792490
francesoir,bd6t5125044x,,failed,0,0,,http_manifest,known,403,manifest,"Client error '403 ' for url 'https://openapiproext.bnf.fr/iiif/presentation/v3/ark:/12148/bd6t5125044x/manifest.json'
For more information check: https://developer.mozilla.org/en-US/docs/Web/HTTP/Status/403",2026-07-17T13:17:28.033597
francesoir,bd6t51250459,,failed,0,0,,http_manifest,known,403,manifest,"Client error '403 ' for url 'https://openapiproext.bnf.fr/iiif/presentation/v3/ark:/12148/bd6t51250459/manifest.json'
For more information check: https://developer.mozilla.org/en-US/docs/Web/HTTP/Status/403",2026-07-17T13:17:29.201980
francesoir,bd6t5125046p,,failed,0,0,,http_manifest,known,403,manifest,"Client error '403 ' for url 'https://openapiproext.bnf.fr/iiif/presentation/v3/ark:/12148/bd6t5125046p/manifest.json'
For more information check: https://developer.mozilla.org/en-US/docs/Web/HTTP/Status/403",2026-07-17T13:17:30.399291
francesoir,bd6t51250472,,failed,0,0,,http_manifest,known,403,manifest,"Client error '403 ' for url 'https://openapiproext.bnf.fr/iiif/presentation/v3/ark:/12148/bd6t51250472/manifest.json'
For more information check: https://developer.mozilla.org/en-US/docs/Web/HTTP/Status/403",2026-07-17T13:17:31.600427
francesoir,bd6t5125048f,,failed,0,0,,http_manifest,known,403,manifest,"Client error '403 ' for url 'https://openapiproext.bnf.fr/iiif/presentation/v3/ark:/12148/bd6t5125048f/manifest.json'
For more information check: https://developer.mozilla.org/en-US/docs/Web/HTTP/Status/403",2026-07-17T13:17:32.803844
francesoir,bd6t5125049t,,failed,0,0,,http_manifest,known,403,manifest,"Client error '403 ' for url 'https://openapiproext.bnf.fr/iiif/presentation/v3/ark:/12148/bd6t5125049t/manifest.json'
For more information check: https://developer.mozilla.org/en-US/docs/Web/HTTP/Status/403",2026-07-17T13:17:34.040662
francesoir,bd6t5125050r,,failed,0,0,,http_manifest,known,403,manifest,"Client error '403 ' for url 'https://openapiproext.bnf.fr/iiif/presentation/v3/ark:/12148/bd6t5125050r/manifest.json'
For more information check: https://developer.mozilla.org/en-US/docs/Web/HTTP/Status/403",2026-07-17T13:17:35.213162
francesoir,bd6t51250514,,failed,0,0,,http_manifest,known,403,manifest,"Client error '403 ' for url 'https://openapiproext.bnf.fr/iiif/presentation/v3/ark:/12148/bd6t51250514/manifest.json'
For more information check: https://developer.mozilla.org/en-US/docs/Web/HTTP/Status/403",2026-07-17T13:17:36.408198
francesoir,bd6t5124947k,,failed,0,0,,http_manifest,known,403,manifest,"Client error '403 ' for url 'https://openapiproext.bnf.fr/iiif/presentation/v3/ark:/12148/bd6t5124947k/manifest.json'
For more information check: https://developer.mozilla.org/en-US/docs/Web/HTTP/Status/403",2026-07-17T13:17:37.611146
francesoir,bd6t5124948z,,failed,0,0,,http_manifest,known,403,manifest,"Client error '403 ' for url 'https://openapiproext.bnf.fr/iiif/presentation/v3/ark:/12148/bd6t5124948z/manifest.json'
For more information check: https://developer.mozilla.org/en-US/docs/Web/HTTP/Status/403",2026-07-17T13:17:38.819754
francesoir,bd6t5124949b,,failed,0,0,,http_manifest,known,403,manifest,"Client error '403 ' for url 'https://openapiproext.bnf.fr/iiif/presentation/v3/ark:/12148/bd6t5124949b/manifest.json'
For more information check: https://developer.mozilla.org/en-US/docs/Web/HTTP/Status/403",2026-07-17T13:17:40.014319
francesoir,bd6t51249508,,failed,0,0,,http_manifest,known,403,manifest,"Client error '403 ' for url 'https://openapiproext.bnf.fr/iiif/presentation/v3/ark:/12148/bd6t51249508/manifest.json'
For more information check: https://developer.mozilla.org/en-US/docs/Web/HTTP/Status/403",2026-07-17T13:17:41.213146
francesoir,bd6t5124951n,,failed,0,0,,http_manifest,known,403,manifest,"Client error '403 ' for url 'https://openapiproext.bnf.fr/iiif/presentation/v3/ark:/12148/bd6t5124951n/manifest.json'
For more information check: https://developer.mozilla.org/en-US/docs/Web/HTTP/Status/403",2026-07-17T13:17:42.417611
francesoir,bd6t51249521,,failed,0,0,,http_manifest,known,403,manifest,"Client error '403 ' for url 'https://openapiproext.bnf.fr/iiif/presentation/v3/ark:/12148/bd6t51249521/manifest.json'
For more information check: https://developer.mozilla.org/en-US/docs/Web/HTTP/Status/403",2026-07-17T13:17:43.619440
francesoir,bd6t5124953d,,failed,0,0,,http_manifest,known,403,manifest,"Client error '403 ' for url 'https://openapiproext.bnf.fr/iiif/presentation/v3/ark:/12148/bd6t5124953d/manifest.json'
For more information check: https://developer.mozilla.org/en-US/docs/Web/HTTP/Status/403",2026-07-17T13:17:44.858523
francesoir,bd6t5124954s,,failed,0,0,,http_manifest,known,403,manifest,"Client error '403 ' for url 'https://openapiproext.bnf.fr/iiif/presentation/v3/ark:/12148/bd6t5124954s/manifest.json'
For more information check: https://developer.mozilla.org/en-US/docs/Web/HTTP/Status/403",2026-07-17T13:17:46.051423
francesoir,bd6t51249555,,failed,0,0,,http_manifest,known,403,manifest,"Client error '403 ' for url 'https://openapiproext.bnf.fr/iiif/presentation/v3/ark:/12148/bd6t51249555/manifest.json'
For more information check: https://developer.mozilla.org/en-US/docs/Web/HTTP/Status/403",2026-07-17T13:17:47.223952
francesoir,bd6t5124956j,,failed,0,0,,http_manifest,known,403,manifest,"Client error '403 ' for url 'https://openapiproext.bnf.fr/iiif/presentation/v3/ark:/12148/bd6t5124956j/manifest.json'
For more information check: https://developer.mozilla.org/en-US/docs/Web/HTTP/Status/403",2026-07-17T13:17:48.422643
francesoir,bd6t5124957x,,failed,0,0,,http_manifest,known,403,manifest,"Client error '403 ' for url 'https://openapiproext.bnf.fr/iiif/presentation/v3/ark:/12148/bd6t5124957x/manifest.json'
For more information check: https://developer.mozilla.org/en-US/docs/Web/HTTP/Status/403",2026-07-17T13:17:49.628376
francesoir,bd6t51249589,,failed,0,0,,http_manifest,known,403,manifest,"Client error '403 ' for url 'https://openapiproext.bnf.fr/iiif/presentation/v3/ark:/12148/bd6t51249589/manifest.json'
For more information check: https://developer.mozilla.org/en-US/docs/Web/HTTP/Status/403",2026-07-17T13:17:50.827576
francesoir,bd6t5124959p,,failed,0,0,,http_manifest,known,403,manifest,"Client error '403 ' for url 'https://openapiproext.bnf.fr/iiif/presentation/v3/ark:/12148/bd6t5124959p/manifest.json'
For more information check: https://developer.mozilla.org/en-US/docs/Web/HTTP/Status/403",2026-07-17T13:17:52.029226
francesoir,bd6t5124960m,,failed,0,0,,http_manifest,known,403,manifest,"Client error '403 ' for url 'https://openapiproext.bnf.fr/iiif/presentation/v3/ark:/12148/bd6t5124960m/manifest.json'
For more information check: https://developer.mozilla.org/en-US/docs/Web/HTTP/Status/403",2026-07-17T13:17:53.228356
francesoir,bd6t51249610,,failed,0,0,,http_manifest,known,403,manifest,"Client error '403 ' for url 'https://openapiproext.bnf.fr/iiif/presentation/v3/ark:/12148/bd6t51249610/manifest.json'
For more information check: https://developer.mozilla.org/en-US/docs/Web/HTTP/Status/403",2026-07-17T13:17:54.437363
francesoir,bd6t5124962c,,failed,0,0,,http_manifest,known,403,manifest,"Client error '403 ' for url 'https://openapiproext.bnf.fr/iiif/presentation/v3/ark:/12148/bd6t5124962c/manifest.json'
For more information check: https://developer.mozilla.org/en-US/docs/Web/HTTP/Status/403",2026-07-17T13:17:55.629588
francesoir,bd6t5124963r,,failed,0,0,,http_manifest,known,403,manifest,"Client error '403 ' for url 'https://openapiproext.bnf.fr/iiif/presentation/v3/ark:/12148/bd6t5124963r/manifest.json'
For more information check: https://developer.mozilla.org/en-US/docs/Web/HTTP/Status/403",2026-07-17T13:17:56.832627
francesoir,bd6t51249644,,failed,0,0,,http_manifest,known,403,manifest,"Client error '403 ' for url 'https://openapiproext.bnf.fr/iiif/presentation/v3/ark:/12148/bd6t51249644/manifest.json'
For more information check: https://developer.mozilla.org/en-US/docs/Web/HTTP/Status/403",2026-07-17T13:17:58.443900
francesoir,bd6t5124965h,,failed,0,0,,http_manifest,known,403,manifest,"Client error '403 ' for url 'https://openapiproext.bnf.fr/iiif/presentation/v3/ark:/12148/bd6t5124965h/manifest.json'
For more information check: https://developer.mozilla.org/en-US/docs/Web/HTTP/Status/403",2026-07-17T13:17:59.518020
francesoir,bd6t5124966w,,failed,0,0,,http_manifest,known,403,manifest,"Client error '403 ' for url 'https://openapiproext.bnf.fr/iiif/presentation/v3/ark:/12148/bd6t5124966w/manifest.json'
For more information check: https://developer.mozilla.org/en-US/docs/Web/HTTP/Status/403",2026-07-17T13:18:00.509565
francesoir,bd6t51249678,,failed,0,0,,http_manifest,known,403,manifest,"Client error '403 ' for url 'https://openapiproext.bnf.fr/iiif/presentation/v3/ark:/12148/bd6t51249678/manifest.json'
For more information check: https://developer.mozilla.org/en-US/docs/Web/HTTP/Status/403",2026-07-17T13:18:01.814529
francesoir,bd6t5124968n,,failed,0,0,,http_manifest,known,403,manifest,"Client error '403 ' for url 'https://openapiproext.bnf.fr/iiif/presentation/v3/ark:/12148/bd6t5124968n/manifest.json'
For more information check: https://developer.mozilla.org/en-US/docs/Web/HTTP/Status/403",2026-07-17T13:18:02.843529
francesoir,bd6t51249691,,failed,0,0,,http_manifest,known,403,manifest,"Client error '403 ' for url 'https://openapiproext.bnf.fr/iiif/presentation/v3/ark:/12148/bd6t51249691/manifest.json'
For more information check: https://developer.mozilla.org/en-US/docs/Web/HTTP/Status/403",2026-07-17T13:18:04.231751
francesoir,bd6t5124970z,,failed,0,0,,http_manifest,known,403,manifest,"Client error '403 ' for url 'https://openapiproext.bnf.fr/iiif/presentation/v3/ark:/12148/bd6t5124970z/manifest.json'
For more information check: https://developer.mozilla.org/en-US/docs/Web/HTTP/Status/403",2026-07-17T13:18:05.444320
francesoir,bd6t5124971b,,failed,0,0,,http_manifest,known,403,manifest,"Client error '403 ' for url 'https://openapiproext.bnf.fr/iiif/presentation/v3/ark:/12148/bd6t5124971b/manifest.json'
For more information check: https://developer.mozilla.org/en-US/docs/Web/HTTP/Status/403",2026-07-17T13:18:06.528261
francesoir,bd6t5124972q,,failed,0,0,,http_manifest,known,403,manifest,"Client error '403 ' for url 'https://openapiproext.bnf.fr/iiif/presentation/v3/ark:/12148/bd6t5124972q/manifest.json'
For more information check: https://developer.mozilla.org/en-US/docs/Web/HTTP/Status/403",2026-07-17T13:18:07.649498
francesoir,bd6t51249733,,failed,0,0,,http_manifest,known,403,manifest,"Client error '403 ' for url 'https://openapiproext.bnf.fr/iiif/presentation/v3/ark:/12148/bd6t51249733/manifest.json'
For more information check: https://developer.mozilla.org/en-US/docs/Web/HTTP/Status/403",2026-07-17T13:18:08.850605
francesoir,bd6t5124974g,,failed,0,0,,http_manifest,known,403,manifest,"Client error '403 ' for url 'https://openapiproext.bnf.fr/iiif/presentation/v3/ark:/12148/bd6t5124974g/manifest.json'
For more information check: https://developer.mozilla.org/en-US/docs/Web/HTTP/Status/403",2026-07-17T13:18:10.150467
francesoir,bd6t5124975v,,failed,0,0,,http_manifest,known,403,manifest,"Client error '403 ' for url 'https://openapiproext.bnf.fr/iiif/presentation/v3/ark:/12148/bd6t5124975v/manifest.json'
For more information check: https://developer.mozilla.org/en-US/docs/Web/HTTP/Status/403",2026-07-17T13:18:11.255024
francesoir,bd6t51249767,,failed,0,0,,http_manifest,known,403,manifest,"Client error '403 ' for url 'https://openapiproext.bnf.fr/iiif/presentation/v3/ark:/12148/bd6t51249767/manifest.json'
For more information check: https://developer.mozilla.org/en-US/docs/Web/HTTP/Status/403",2026-07-17T13:18:12.457319
francesoir,bd6t5124977m,,failed,0,0,,http_manifest,known,403,manifest,"Client error '403 ' for url 'https://openapiproext.bnf.fr/iiif/presentation/v3/ark:/12148/bd6t5124977m/manifest.json'
For more information check: https://developer.mozilla.org/en-US/docs/Web/HTTP/Status/403",2026-07-17T13:18:13.663433
francesoir,bd6t51249780,,failed,0,0,,http_manifest,known,403,manifest,"Client error '403 ' for url 'https://openapiproext.bnf.fr/iiif/presentation/v3/ark:/12148/bd6t51249780/manifest.json'
For more information check: https://developer.mozilla.org/en-US/docs/Web/HTTP/Status/403",2026-07-17T13:18:14.866269
francesoir,bd6t5124979c,,failed,0,0,,http_manifest,known,403,manifest,"Client error '403 ' for url 'https://openapiproext.bnf.fr/iiif/presentation/v3/ark:/12148/bd6t5124979c/manifest.json'
For more information check: https://developer.mozilla.org/en-US/docs/Web/HTTP/Status/403",2026-07-17T13:18:16.087175
francesoir,bd6t51249809,,failed,0,0,,http_manifest,known,403,manifest,"Client error '403 ' for url 'https://openapiproext.bnf.fr/iiif/presentation/v3/ark:/12148/bd6t51249809/manifest.json'
For more information check: https://developer.mozilla.org/en-US/docs/Web/HTTP/Status/403",2026-07-17T13:18:17.254988
francesoir,bd6t5124981p,,failed,0,0,,http_manifest,known,403,manifest,"Client error '403 ' for url 'https://openapiproext.bnf.fr/iiif/presentation/v3/ark:/12148/bd6t5124981p/manifest.json'
For more information check: https://developer.mozilla.org/en-US/docs/Web/HTTP/Status/403",2026-07-17T13:18:18.458708
francesoir,bd6t51249822,,failed,0,0,,http_manifest,known,403,manifest,"Client error '403 ' for url 'https://openapiproext.bnf.fr/iiif/presentation/v3/ark:/12148/bd6t51249822/manifest.json'
For more information check: https://developer.mozilla.org/en-US/docs/Web/HTTP/Status/403",2026-07-17T13:18:19.664023
francesoir,bd6t5124983f,,failed,0,0,,http_manifest,known,403,manifest,"Client error '403 ' for url 'https://openapiproext.bnf.fr/iiif/presentation/v3/ark:/12148/bd6t5124983f/manifest.json'
For more information check: https://developer.mozilla.org/en-US/docs/Web/HTTP/Status/403",2026-07-17T13:18:20.862221
francesoir,bd6t5124984t,,failed,0,0,,http_manifest,known,403,manifest,"Client error '403 ' for url 'https://openapiproext.bnf.fr/iiif/presentation/v3/ark:/12148/bd6t5124984t/manifest.json'
For more information check: https://developer.mozilla.org/en-US/docs/Web/HTTP/Status/403",2026-07-17T13:18:22.122897
francesoir,bd6t51249856,,failed,0,0,,http_manifest,known,403,manifest,"Client error '403 ' for url 'https://openapiproext.bnf.fr/iiif/presentation/v3/ark:/12148/bd6t51249856/manifest.json'
For more information check: https://developer.mozilla.org/en-US/docs/Web/HTTP/Status/403",2026-07-17T13:18:23.272825
francesoir,bd6t5124986k,,failed,0,0,,http_manifest,known,403,manifest,"Client error '403 ' for url 'https://openapiproext.bnf.fr/iiif/presentation/v3/ark:/12148/bd6t5124986k/manifest.json'
For more information check: https://developer.mozilla.org/en-US/docs/Web/HTTP/Status/403",2026-07-17T13:18:24.479628
francesoir,bd6t5124987z,,failed,0,0,,http_manifest,known,403,manifest,"Client error '403 ' for url 'https://openapiproext.bnf.fr/iiif/presentation/v3/ark:/12148/bd6t5124987z/manifest.json'
For more information check: https://developer.mozilla.org/en-US/docs/Web/HTTP/Status/403",2026-07-17T13:18:25.680517
francesoir,bd6t5124988b,,failed,0,0,,http_manifest,known,403,manifest,"Client error '403 ' for url 'https://openapiproext.bnf.fr/iiif/presentation/v3/ark:/12148/bd6t5124988b/manifest.json'
For more information check: https://developer.mozilla.org/en-US/docs/Web/HTTP/Status/403",2026-07-17T13:18:26.875903
francesoir,bd6t5124989q,,failed,0,0,,http_manifest,known,403,manifest,"Client error '403 ' for url 'https://openapiproext.bnf.fr/iiif/presentation/v3/ark:/12148/bd6t5124989q/manifest.json'
For more information check: https://developer.mozilla.org/en-US/docs/Web/HTTP/Status/403",2026-07-17T13:18:28.080045
francesoir,bd6t5124990n,,failed,0,0,,http_manifest,known,403,manifest,"Client error '403 ' for url 'https://openapiproext.bnf.fr/iiif/presentation/v3/ark:/12148/bd6t5124990n/manifest.json'
For more information check: https://developer.mozilla.org/en-US/docs/Web/HTTP/Status/403",2026-07-17T13:18:29.284522
francesoir,bd6t51249911,,failed,0,0,,http_manifest,known,403,manifest,"Client error '403 ' for url 'https://openapiproext.bnf.fr/iiif/presentation/v3/ark:/12148/bd6t51249911/manifest.json'
For more information check: https://developer.mozilla.org/en-US/docs/Web/HTTP/Status/403",2026-07-17T13:18:30.479992
francesoir,bd6t5124992d,,failed,0,0,,http_manifest,known,403,manifest,"Client error '403 ' for url 'https://openapiproext.bnf.fr/iiif/presentation/v3/ark:/12148/bd6t5124992d/manifest.json'
For more information check: https://developer.mozilla.org/en-US/docs/Web/HTTP/Status/403",2026-07-17T13:18:31.677638
francesoir,bd6t5124993s,,failed,0,0,,http_manifest,known,403,manifest,"Client error '403 ' for url 'https://openapiproext.bnf.fr/iiif/presentation/v3/ark:/12148/bd6t5124993s/manifest.json'
For more information check: https://developer.mozilla.org/en-US/docs/Web/HTTP/Status/403",2026-07-17T13:18:32.884705
francesoir,bd6t51249945,,failed,0,0,,http_manifest,known,403,manifest,"Client error '403 ' for url 'https://openapiproext.bnf.fr/iiif/presentation/v3/ark:/12148/bd6t51249945/manifest.json'
For more information check: https://developer.mozilla.org/en-US/docs/Web/HTTP/Status/403",2026-07-17T13:18:34.118481
francesoir,bd6t5124995j,,failed,0,0,,http_manifest,known,403,manifest,"Client error '403 ' for url 'https://openapiproext.bnf.fr/iiif/presentation/v3/ark:/12148/bd6t5124995j/manifest.json'
For more information check: https://developer.mozilla.org/en-US/docs/Web/HTTP/Status/403",2026-07-17T13:18:35.287244
francesoir,bd6t5124996x,,failed,0,0,,http_manifest,known,403,manifest,"Client error '403 ' for url 'https://openapiproext.bnf.fr/iiif/presentation/v3/ark:/12148/bd6t5124996x/manifest.json'
For more information check: https://developer.mozilla.org/en-US/docs/Web/HTTP/Status/403",2026-07-17T13:18:36.487243
francesoir,bd6t51249979,,failed,0,0,,http_manifest,known,403,manifest,"Client error '403 ' for url 'https://openapiproext.bnf.fr/iiif/presentation/v3/ark:/12148/bd6t51249979/manifest.json'
For more information check: https://developer.mozilla.org/en-US/docs/Web/HTTP/Status/403",2026-07-17T13:18:37.691814
francesoir,bd6t5124998p,,failed,0,0,,http_manifest,known,403,manifest,"Client error '403 ' for url 'https://openapiproext.bnf.fr/iiif/presentation/v3/ark:/12148/bd6t5124998p/manifest.json'
For more information check: https://developer.mozilla.org/en-US/docs/Web/HTTP/Status/403",2026-07-17T13:18:38.892019
francesoir,bd6t5126172s,,failed,0,0,,http_manifest,known,403,manifest,"Client error '403 ' for url 'https://openapiproext.bnf.fr/iiif/presentation/v3/ark:/12148/bd6t5126172s/manifest.json'
For more information check: https://developer.mozilla.org/en-US/docs/Web/HTTP/Status/403",2026-07-17T13:18:40.094388
francesoir,bd6t51261735,,failed,0,0,,http_manifest,known,403,manifest,"Client error '403 ' for url 'https://openapiproext.bnf.fr/iiif/presentation/v3/ark:/12148/bd6t51261735/manifest.json'
For more information check: https://developer.mozilla.org/en-US/docs/Web/HTTP/Status/403",2026-07-17T13:18:41.297854
francesoir,bd6t5126174j,,failed,0,0,,http_manifest,known,403,manifest,"Client error '403 ' for url 'https://openapiproext.bnf.fr/iiif/presentation/v3/ark:/12148/bd6t5126174j/manifest.json'
For more information check: https://developer.mozilla.org/en-US/docs/Web/HTTP/Status/403",2026-07-17T13:18:42.500618
francesoir,bd6t5126175x,,failed,0,0,,http_manifest,known,403,manifest,"Client error '403 ' for url 'https://openapiproext.bnf.fr/iiif/presentation/v3/ark:/12148/bd6t5126175x/manifest.json'
For more information check: https://developer.mozilla.org/en-US/docs/Web/HTTP/Status/403",2026-07-17T13:18:43.697431
francesoir,bd6t51261769,,failed,0,0,,http_manifest,known,403,manifest,"Client error '403 ' for url 'https://openapiproext.bnf.fr/iiif/presentation/v3/ark:/12148/bd6t51261769/manifest.json'
For more information check: https://developer.mozilla.org/en-US/docs/Web/HTTP/Status/403",2026-07-17T13:18:44.931085
francesoir,bd6t5126177p,,failed,0,0,,http_manifest,known,403,manifest,"Client error '403 ' for url 'https://openapiproext.bnf.fr/iiif/presentation/v3/ark:/12148/bd6t5126177p/manifest.json'
For more information check: https://developer.mozilla.org/en-US/docs/Web/HTTP/Status/403",2026-07-17T13:18:46.108530
francesoir,bd6t51261782,,failed,0,0,,http_manifest,known,403,manifest,"Client error '403 ' for url 'https://openapiproext.bnf.fr/iiif/presentation/v3/ark:/12148/bd6t51261782/manifest.json'
For more information check: https://developer.mozilla.org/en-US/docs/Web/HTTP/Status/403",2026-07-17T13:18:47.308962
francesoir,bd6t5126179f,,failed,0,0,,http_manifest,known,403,manifest,"Client error '403 ' for url 'https://openapiproext.bnf.fr/iiif/presentation/v3/ark:/12148/bd6t5126179f/manifest.json'
For more information check: https://developer.mozilla.org/en-US/docs/Web/HTTP/Status/403",2026-07-17T13:18:48.516497
francesoir,bd6t5126180c,,failed,0,0,,http_manifest,known,403,manifest,"Client error '403 ' for url 'https://openapiproext.bnf.fr/iiif/presentation/v3/ark:/12148/bd6t5126180c/manifest.json'
For more information check: https://developer.mozilla.org/en-US/docs/Web/HTTP/Status/403",2026-07-17T13:18:49.707910
francesoir,bd6t5126181r,,failed,0,0,,http_manifest,known,403,manifest,"Client error '403 ' for url 'https://openapiproext.bnf.fr/iiif/presentation/v3/ark:/12148/bd6t5126181r/manifest.json'
For more information check: https://developer.mozilla.org/en-US/docs/Web/HTTP/Status/403",2026-07-17T13:18:50.906674
francesoir,bd6t51261824,,failed,0,0,,http_manifest,known,403,manifest,"Client error '403 ' for url 'https://openapiproext.bnf.fr/iiif/presentation/v3/ark:/12148/bd6t51261824/manifest.json'
For more information check: https://developer.mozilla.org/en-US/docs/Web/HTTP/Status/403",2026-07-17T13:18:52.114719
francesoir,bd6t5126183h,,failed,0,0,,http_manifest,known,403,manifest,"Client error '403 ' for url 'https://openapiproext.bnf.fr/iiif/presentation/v3/ark:/12148/bd6t5126183h/manifest.json'
For more information check: https://developer.mozilla.org/en-US/docs/Web/HTTP/Status/403",2026-07-17T13:18:53.316577
francesoir,bd6t5126184w,,failed,0,0,,http_manifest,known,403,manifest,"Client error '403 ' for url 'https://openapiproext.bnf.fr/iiif/presentation/v3/ark:/12148/bd6t5126184w/manifest.json'
For more information check: https://developer.mozilla.org/en-US/docs/Web/HTTP/Status/403",2026-07-17T13:18:54.518416
francesoir,bd6t51261858,,failed,0,0,,http_manifest,known,403,manifest,"Client error '403 ' for url 'https://openapiproext.bnf.fr/iiif/presentation/v3/ark:/12148/bd6t51261858/manifest.json'
For more information check: https://developer.mozilla.org/en-US/docs/Web/HTTP/Status/403",2026-07-17T13:18:55.717006
francesoir,bd6t5126186n,,failed,0,0,,http_manifest,known,403,manifest,"Client error '403 ' for url 'https://openapiproext.bnf.fr/iiif/presentation/v3/ark:/12148/bd6t5126186n/manifest.json'
For more information check: https://developer.mozilla.org/en-US/docs/Web/HTTP/Status/403",2026-07-17T13:18:56.939923
francesoir,bd6t51261871,,failed,0,0,,http_manifest,known,403,manifest,"Client error '403 ' for url 'https://openapiproext.bnf.fr/iiif/presentation/v3/ark:/12148/bd6t51261871/manifest.json'
For more information check: https://developer.mozilla.org/en-US/docs/Web/HTTP/Status/403",2026-07-17T13:18:58.123002
francesoir,bd6t5126188d,,failed,0,0,,http_manifest,known,403,manifest,"Client error '403 ' for url 'https://openapiproext.bnf.fr/iiif/presentation/v3/ark:/12148/bd6t5126188d/manifest.json'
For more information check: https://developer.mozilla.org/en-US/docs/Web/HTTP/Status/403",2026-07-17T13:18:59.543170
francesoir,bd6t5126189s,,failed,0,0,,http_manifest,known,403,manifest,"Client error '403 ' for url 'https://openapiproext.bnf.fr/iiif/presentation/v3/ark:/12148/bd6t5126189s/manifest.json'
For more information check: https://developer.mozilla.org/en-US/docs/Web/HTTP/Status/403",2026-07-17T13:19:00.543869
francesoir,bd6t5126190q,,failed,0,0,,http_manifest,known,403,manifest,"Client error '403 ' for url 'https://openapiproext.bnf.fr/iiif/presentation/v3/ark:/12148/bd6t5126190q/manifest.json'
For more information check: https://developer.mozilla.org/en-US/docs/Web/HTTP/Status/403",2026-07-17T13:19:01.745762
francesoir,bd6t51261913,,failed,0,0,,http_manifest,known,403,manifest,"Client error '403 ' for url 'https://openapiproext.bnf.fr/iiif/presentation/v3/ark:/12148/bd6t51261913/manifest.json'
For more information check: https://developer.mozilla.org/en-US/docs/Web/HTTP/Status/403",2026-07-17T13:19:03.157043
francesoir,bd6t5126192g,,failed,0,0,,http_manifest,known,403,manifest,"Client error '403 ' for url 'https://openapiproext.bnf.fr/iiif/presentation/v3/ark:/12148/bd6t5126192g/manifest.json'
For more information check: https://developer.mozilla.org/en-US/docs/Web/HTTP/Status/403",2026-07-17T13:19:04.238396
francesoir,bd6t5126193v,,failed,0,0,,http_manifest,known,403,manifest,"Client error '403 ' for url 'https://openapiproext.bnf.fr/iiif/presentation/v3/ark:/12148/bd6t5126193v/manifest.json'
For more information check: https://developer.mozilla.org/en-US/docs/Web/HTTP/Status/403",2026-07-17T13:19:05.521612
francesoir,bd6t51261947,,failed,0,0,,http_manifest,known,403,manifest,"Client error '403 ' for url 'https://openapiproext.bnf.fr/iiif/presentation/v3/ark:/12148/bd6t51261947/manifest.json'
For more information check: https://developer.mozilla.org/en-US/docs/Web/HTTP/Status/403",2026-07-17T13:19:06.584068
francesoir,bd6t5126195m,,failed,0,0,,http_manifest,known,403,manifest,"Client error '403 ' for url 'https://openapiproext.bnf.fr/iiif/presentation/v3/ark:/12148/bd6t5126195m/manifest.json'
For more information check: https://developer.mozilla.org/en-US/docs/Web/HTTP/Status/403",2026-07-17T13:19:07.738463
francesoir,bd6t51261960,,failed,0,0,,http_manifest,known,403,manifest,"Client error '403 ' for url 'https://openapiproext.bnf.fr/iiif/presentation/v3/ark:/12148/bd6t51261960/manifest.json'
For more information check: https://developer.mozilla.org/en-US/docs/Web/HTTP/Status/403",2026-07-17T13:19:09.264370
francesoir,bd6t5126197c,,failed,0,0,,http_manifest,known,403,manifest,"Client error '403 ' for url 'https://openapiproext.bnf.fr/iiif/presentation/v3/ark:/12148/bd6t5126197c/manifest.json'
For more information check: https://developer.mozilla.org/en-US/docs/Web/HTTP/Status/403",2026-07-17T13:19:10.370140
francesoir,bd6t5126198r,,failed,0,0,,http_manifest,known,403,manifest,"Client error '403 ' for url 'https://openapiproext.bnf.fr/iiif/presentation/v3/ark:/12148/bd6t5126198r/manifest.json'
For more information check: https://developer.mozilla.org/en-US/docs/Web/HTTP/Status/403",2026-07-17T13:19:11.529201
francesoir,bd6t51261994,,failed,0,0,,http_manifest,known,403,manifest,"Client error '403 ' for url 'https://openapiproext.bnf.fr/iiif/presentation/v3/ark:/12148/bd6t51261994/manifest.json'
For more information check: https://developer.mozilla.org/en-US/docs/Web/HTTP/Status/403",2026-07-17T13:19:12.543959
francesoir,bd6t5126200x,,failed,0,0,,http_manifest,known,403,manifest,"Client error '403 ' for url 'https://openapiproext.bnf.fr/iiif/presentation/v3/ark:/12148/bd6t5126200x/manifest.json'
For more information check: https://developer.mozilla.org/en-US/docs/Web/HTTP/Status/403",2026-07-17T13:19:13.927526
francesoir,bd6t51262019,,failed,0,0,,http_manifest,known,403,manifest,"Client error '403 ' for url 'https://openapiproext.bnf.fr/iiif/presentation/v3/ark:/12148/bd6t51262019/manifest.json'
For more information check: https://developer.mozilla.org/en-US/docs/Web/HTTP/Status/403",2026-07-17T13:19:14.975652
francesoir,bd6t5126202p,,failed,0,0,,http_manifest,known,403,manifest,"Client error '403 ' for url 'https://openapiproext.bnf.fr/iiif/presentation/v3/ark:/12148/bd6t5126202p/manifest.json'
For more information check: https://developer.mozilla.org/en-US/docs/Web/HTTP/Status/403",2026-07-17T13:19:16.153005
francesoir,bd6t51262032,,failed,0,0,,http_manifest,known,403,manifest,"Client error '403 ' for url 'https://openapiproext.bnf.fr/iiif/presentation/v3/ark:/12148/bd6t51262032/manifest.json'
For more information check: https://developer.mozilla.org/en-US/docs/Web/HTTP/Status/403",2026-07-17T13:19:17.353404
francesoir,bd6t5126204f,,failed,0,0,,http_manifest,known,403,manifest,"Client error '403 ' for url 'https://openapiproext.bnf.fr/iiif/presentation/v3/ark:/12148/bd6t5126204f/manifest.json'
For more information check: https://developer.mozilla.org/en-US/docs/Web/HTTP/Status/403",2026-07-17T13:19:18.550680
francesoir,bd6t5126205t,,failed,0,0,,http_manifest,known,403,manifest,"Client error '403 ' for url 'https://openapiproext.bnf.fr/iiif/presentation/v3/ark:/12148/bd6t5126205t/manifest.json'
For more information check: https://developer.mozilla.org/en-US/docs/Web/HTTP/Status/403",2026-07-17T13:19:19.771803
francesoir,bd6t51262066,,failed,0,0,,http_manifest,known,403,manifest,"Client error '403 ' for url 'https://openapiproext.bnf.fr/iiif/presentation/v3/ark:/12148/bd6t51262066/manifest.json'
For more information check: https://developer.mozilla.org/en-US/docs/Web/HTTP/Status/403",2026-07-17T13:19:20.956082
francesoir,bd6t5126207k,,failed,0,0,,http_manifest,known,403,manifest,"Client error '403 ' for url 'https://openapiproext.bnf.fr/iiif/presentation/v3/ark:/12148/bd6t5126207k/manifest.json'
For more information check: https://developer.mozilla.org/en-US/docs/Web/HTTP/Status/403",2026-07-17T13:19:22.156017
francesoir,bd6t5126208z,,failed,0,0,,http_manifest,known,403,manifest,"Client error '403 ' for url 'https://openapiproext.bnf.fr/iiif/presentation/v3/ark:/12148/bd6t5126208z/manifest.json'
For more information check: https://developer.mozilla.org/en-US/docs/Web/HTTP/Status/403",2026-07-17T13:19:23.361629
francesoir,bd6t5126209b,,failed,0,0,,http_manifest,known,403,manifest,"Client error '403 ' for url 'https://openapiproext.bnf.fr/iiif/presentation/v3/ark:/12148/bd6t5126209b/manifest.json'
For more information check: https://developer.mozilla.org/en-US/docs/Web/HTTP/Status/403",2026-07-17T13:19:24.561303
francesoir,bd6t51262108,,failed,0,0,,http_manifest,known,403,manifest,"Client error '403 ' for url 'https://openapiproext.bnf.fr/iiif/presentation/v3/ark:/12148/bd6t51262108/manifest.json'
For more information check: https://developer.mozilla.org/en-US/docs/Web/HTTP/Status/403",2026-07-17T13:19:25.760666
francesoir,bd6t5126211n,,failed,0,0,,http_manifest,known,403,manifest,"Client error '403 ' for url 'https://openapiproext.bnf.fr/iiif/presentation/v3/ark:/12148/bd6t5126211n/manifest.json'
For more information check: https://developer.mozilla.org/en-US/docs/Web/HTTP/Status/403",2026-07-17T13:19:26.965601
francesoir,bd6t51262121,,failed,0,0,,http_manifest,known,403,manifest,"Client error '403 ' for url 'https://openapiproext.bnf.fr/iiif/presentation/v3/ark:/12148/bd6t51262121/manifest.json'
For more information check: https://developer.mozilla.org/en-US/docs/Web/HTTP/Status/403",2026-07-17T13:19:28.186436
francesoir,bd6t5126213d,,failed,0,0,,http_manifest,known,403,manifest,"Client error '403 ' for url 'https://openapiproext.bnf.fr/iiif/presentation/v3/ark:/12148/bd6t5126213d/manifest.json'
For more information check: https://developer.mozilla.org/en-US/docs/Web/HTTP/Status/403",2026-07-17T13:19:29.372397
francesoir,bd6t5126214s,,failed,0,0,,http_manifest,known,403,manifest,"Client error '403 ' for url 'https://openapiproext.bnf.fr/iiif/presentation/v3/ark:/12148/bd6t5126214s/manifest.json'
For more information check: https://developer.mozilla.org/en-US/docs/Web/HTTP/Status/403",2026-07-17T13:19:30.568362
francesoir,bd6t51262155,,failed,0,0,,http_manifest,known,403,manifest,"Client error '403 ' for url 'https://openapiproext.bnf.fr/iiif/presentation/v3/ark:/12148/bd6t51262155/manifest.json'
For more information check: https://developer.mozilla.org/en-US/docs/Web/HTTP/Status/403",2026-07-17T13:19:31.768124
francesoir,bd6t5126216j,,failed,0,0,,http_manifest,known,403,manifest,"Client error '403 ' for url 'https://openapiproext.bnf.fr/iiif/presentation/v3/ark:/12148/bd6t5126216j/manifest.json'
For more information check: https://developer.mozilla.org/en-US/docs/Web/HTTP/Status/403",2026-07-17T13:19:32.979305
francesoir,bd6t5126217x,,failed,0,0,,http_manifest,known,403,manifest,"Client error '403 ' for url 'https://openapiproext.bnf.fr/iiif/presentation/v3/ark:/12148/bd6t5126217x/manifest.json'
For more information check: https://developer.mozilla.org/en-US/docs/Web/HTTP/Status/403",2026-07-17T13:19:34.176366
francesoir,bd6t51262189,,failed,0,0,,http_manifest,known,403,manifest,"Client error '403 ' for url 'https://openapiproext.bnf.fr/iiif/presentation/v3/ark:/12148/bd6t51262189/manifest.json'
For more information check: https://developer.mozilla.org/en-US/docs/Web/HTTP/Status/403",2026-07-17T13:19:35.381896
francesoir,bd6t5126219p,,failed,0,0,,http_manifest,known,403,manifest,"Client error '403 ' for url 'https://openapiproext.bnf.fr/iiif/presentation/v3/ark:/12148/bd6t5126219p/manifest.json'
For more information check: https://developer.mozilla.org/en-US/docs/Web/HTTP/Status/403",2026-07-17T13:19:36.584157
francesoir,bd6t5126220m,,failed,0,0,,http_manifest,known,403,manifest,"Client error '403 ' for url 'https://openapiproext.bnf.fr/iiif/presentation/v3/ark:/12148/bd6t5126220m/manifest.json'
For more information check: https://developer.mozilla.org/en-US/docs/Web/HTTP/Status/403",2026-07-17T13:19:37.778437
francesoir,bd6t51262210,,failed,0,0,,http_manifest,known,403,manifest,"Client error '403 ' for url 'https://openapiproext.bnf.fr/iiif/presentation/v3/ark:/12148/bd6t51262210/manifest.json'
For more information check: https://developer.mozilla.org/en-US/docs/Web/HTTP/Status/403",2026-07-17T13:19:38.985679
francesoir,bd6t5126222c,,failed,0,0,,http_manifest,known,403,manifest,"Client error '403 ' for url 'https://openapiproext.bnf.fr/iiif/presentation/v3/ark:/12148/bd6t5126222c/manifest.json'
For more information check: https://developer.mozilla.org/en-US/docs/Web/HTTP/Status/403",2026-07-17T13:19:40.178854
francesoir,bd6t5126223r,,failed,0,0,,http_manifest,known,403,manifest,"Client error '403 ' for url 'https://openapiproext.bnf.fr/iiif/presentation/v3/ark:/12148/bd6t5126223r/manifest.json'
For more information check: https://developer.mozilla.org/en-US/docs/Web/HTTP/Status/403",2026-07-17T13:19:41.385868
francesoir,bd6t51262244,,failed,0,0,,http_manifest,known,403,manifest,"Client error '403 ' for url 'https://openapiproext.bnf.fr/iiif/presentation/v3/ark:/12148/bd6t51262244/manifest.json'
For more information check: https://developer.mozilla.org/en-US/docs/Web/HTTP/Status/403",2026-07-17T13:19:42.586556
francesoir,bd6t5126225h,,failed,0,0,,http_manifest,known,403,manifest,"Client error '403 ' for url 'https://openapiproext.bnf.fr/iiif/presentation/v3/ark:/12148/bd6t5126225h/manifest.json'
For more information check: https://developer.mozilla.org/en-US/docs/Web/HTTP/Status/403",2026-07-17T13:19:43.787123
francesoir,bd6t5126226w,,failed,0,0,,http_manifest,known,403,manifest,"Client error '403 ' for url 'https://openapiproext.bnf.fr/iiif/presentation/v3/ark:/12148/bd6t5126226w/manifest.json'
For more information check: https://developer.mozilla.org/en-US/docs/Web/HTTP/Status/403",2026-07-17T13:19:44.994012
francesoir,bd6t51262278,,failed,0,0,,http_manifest,known,403,manifest,"Client error '403 ' for url 'https://openapiproext.bnf.fr/iiif/presentation/v3/ark:/12148/bd6t51262278/manifest.json'
For more information check: https://developer.mozilla.org/en-US/docs/Web/HTTP/Status/403",2026-07-17T13:19:46.193652
francesoir,bd6t5126228n,,failed,0,0,,http_manifest,known,403,manifest,"Client error '403 ' for url 'https://openapiproext.bnf.fr/iiif/presentation/v3/ark:/12148/bd6t5126228n/manifest.json'
For more information check: https://developer.mozilla.org/en-US/docs/Web/HTTP/Status/403",2026-07-17T13:19:47.399947
francesoir,bd6t51262291,,failed,0,0,,http_manifest,known,403,manifest,"Client error '403 ' for url 'https://openapiproext.bnf.fr/iiif/presentation/v3/ark:/12148/bd6t51262291/manifest.json'
For more information check: https://developer.mozilla.org/en-US/docs/Web/HTTP/Status/403",2026-07-17T13:19:48.595577
francesoir,bd6t5126230z,,failed,0,0,,http_manifest,known,403,manifest,"Client error '403 ' for url 'https://openapiproext.bnf.fr/iiif/presentation/v3/ark:/12148/bd6t5126230z/manifest.json'
For more information check: https://developer.mozilla.org/en-US/docs/Web/HTTP/Status/403",2026-07-17T13:19:49.802770
francesoir,bd6t5126231b,,failed,0,0,,http_manifest,known,403,manifest,"Client error '403 ' for url 'https://openapiproext.bnf.fr/iiif/presentation/v3/ark:/12148/bd6t5126231b/manifest.json'
For more information check: https://developer.mozilla.org/en-US/docs/Web/HTTP/Status/403",2026-07-17T13:19:51.001905
francesoir,bd6t5126232q,,failed,0,0,,http_manifest,known,403,manifest,"Client error '403 ' for url 'https://openapiproext.bnf.fr/iiif/presentation/v3/ark:/12148/bd6t5126232q/manifest.json'
For more information check: https://developer.mozilla.org/en-US/docs/Web/HTTP/Status/403",2026-07-17T13:19:52.202996
francesoir,bd6t51262333,,failed,0,0,,http_manifest,known,403,manifest,"Client error '403 ' for url 'https://openapiproext.bnf.fr/iiif/presentation/v3/ark:/12148/bd6t51262333/manifest.json'
For more information check: https://developer.mozilla.org/en-US/docs/Web/HTTP/Status/403",2026-07-17T13:19:53.412388
francesoir,bd6t5126234g,,failed,0,0,,http_manifest,known,403,manifest,"Client error '403 ' for url 'https://openapiproext.bnf.fr/iiif/presentation/v3/ark:/12148/bd6t5126234g/manifest.json'
For more information check: https://developer.mozilla.org/en-US/docs/Web/HTTP/Status/403",2026-07-17T13:19:54.610332
francesoir,bd6t5126235v,,failed,0,0,,http_manifest,known,403,manifest,"Client error '403 ' for url 'https://openapiproext.bnf.fr/iiif/presentation/v3/ark:/12148/bd6t5126235v/manifest.json'
For more information check: https://developer.mozilla.org/en-US/docs/Web/HTTP/Status/403",2026-07-17T13:19:55.830482
francesoir,bd6t51262367,,failed,0,0,,http_manifest,known,403,manifest,"Client error '403 ' for url 'https://openapiproext.bnf.fr/iiif/presentation/v3/ark:/12148/bd6t51262367/manifest.json'
For more information check: https://developer.mozilla.org/en-US/docs/Web/HTTP/Status/403",2026-07-17T13:19:57.005087
francesoir,bd6t5126237m,,failed,0,0,,http_manifest,known,403,manifest,"Client error '403 ' for url 'https://openapiproext.bnf.fr/iiif/presentation/v3/ark:/12148/bd6t5126237m/manifest.json'
For more information check: https://developer.mozilla.org/en-US/docs/Web/HTTP/Status/403",2026-07-17T13:19:58.438339
francesoir,bd6t51262380,,failed,0,0,,http_manifest,known,403,manifest,"Client error '403 ' for url 'https://openapiproext.bnf.fr/iiif/presentation/v3/ark:/12148/bd6t51262380/manifest.json'
For more information check: https://developer.mozilla.org/en-US/docs/Web/HTTP/Status/403",2026-07-17T13:19:59.619915
francesoir,bd6t5126239c,,failed,0,0,,http_manifest,known,403,manifest,"Client error '403 ' for url 'https://openapiproext.bnf.fr/iiif/presentation/v3/ark:/12148/bd6t5126239c/manifest.json'
For more information check: https://developer.mozilla.org/en-US/docs/Web/HTTP/Status/403",2026-07-17T13:20:00.623960
francesoir,bd6t51262409,,failed,0,0,,http_manifest,known,403,manifest,"Client error '403 ' for url 'https://openapiproext.bnf.fr/iiif/presentation/v3/ark:/12148/bd6t51262409/manifest.json'
For more information check: https://developer.mozilla.org/en-US/docs/Web/HTTP/Status/403",2026-07-17T13:20:01.978508
francesoir,bd6t5126241p,,failed,0,0,,http_manifest,known,403,manifest,"Client error '403 ' for url 'https://openapiproext.bnf.fr/iiif/presentation/v3/ark:/12148/bd6t5126241p/manifest.json'
For more information check: https://developer.mozilla.org/en-US/docs/Web/HTTP/Status/403",2026-07-17T13:20:03.076007
francesoir,bd6t51262422,,failed,0,0,,http_manifest,known,403,manifest,"Client error '403 ' for url 'https://openapiproext.bnf.fr/iiif/presentation/v3/ark:/12148/bd6t51262422/manifest.json'
For more information check: https://developer.mozilla.org/en-US/docs/Web/HTTP/Status/403",2026-07-17T13:20:04.472998
francesoir,bd6t5126243f,,failed,0,0,,http_manifest,known,403,manifest,"Client error '403 ' for url 'https://openapiproext.bnf.fr/iiif/presentation/v3/ark:/12148/bd6t5126243f/manifest.json'
For more information check: https://developer.mozilla.org/en-US/docs/Web/HTTP/Status/403",2026-07-17T13:20:05.689907
francesoir,bd6t5126244t,,failed,0,0,,http_manifest,known,403,manifest,"Client error '403 ' for url 'https://openapiproext.bnf.fr/iiif/presentation/v3/ark:/12148/bd6t5126244t/manifest.json'
For more information check: https://developer.mozilla.org/en-US/docs/Web/HTTP/Status/403",2026-07-17T13:20:06.634436
francesoir,bd6t51262456,,failed,0,0,,http_manifest,known,403,manifest,"Client error '403 ' for url 'https://openapiproext.bnf.fr/iiif/presentation/v3/ark:/12148/bd6t51262456/manifest.json'
For more information check: https://developer.mozilla.org/en-US/docs/Web/HTTP/Status/403",2026-07-17T13:20:07.824747
francesoir,bd6t5126246k,,failed,0,0,,http_manifest,known,403,manifest,"Client error '403 ' for url 'https://openapiproext.bnf.fr/iiif/presentation/v3/ark:/12148/bd6t5126246k/manifest.json'
For more information check: https://developer.mozilla.org/en-US/docs/Web/HTTP/Status/403",2026-07-17T13:20:09.034517
francesoir,bd6t5126247z,,failed,0,0,,http_manifest,known,403,manifest,"Client error '403 ' for url 'https://openapiproext.bnf.fr/iiif/presentation/v3/ark:/12148/bd6t5126247z/manifest.json'
For more information check: https://developer.mozilla.org/en-US/docs/Web/HTTP/Status/403",2026-07-17T13:20:10.222963
francesoir,bd6t5126248b,,failed,0,0,,http_manifest,known,403,manifest,"Client error '403 ' for url 'https://openapiproext.bnf.fr/iiif/presentation/v3/ark:/12148/bd6t5126248b/manifest.json'
For more information check: https://developer.mozilla.org/en-US/docs/Web/HTTP/Status/403",2026-07-17T13:20:11.425415
francesoir,bd6t5126249q,,failed,0,0,,http_manifest,known,403,manifest,"Client error '403 ' for url 'https://openapiproext.bnf.fr/iiif/presentation/v3/ark:/12148/bd6t5126249q/manifest.json'
For more information check: https://developer.mozilla.org/en-US/docs/Web/HTTP/Status/403",2026-07-17T13:20:12.623507
francesoir,bd6t5126250n,,failed,0,0,,http_manifest,known,403,manifest,"Client error '403 ' for url 'https://openapiproext.bnf.fr/iiif/presentation/v3/ark:/12148/bd6t5126250n/manifest.json'
For more information check: https://developer.mozilla.org/en-US/docs/Web/HTTP/Status/403",2026-07-17T13:20:13.833735
francesoir,bd6t51262511,,failed,0,0,,http_manifest,known,403,manifest,"Client error '403 ' for url 'https://openapiproext.bnf.fr/iiif/presentation/v3/ark:/12148/bd6t51262511/manifest.json'
For more information check: https://developer.mozilla.org/en-US/docs/Web/HTTP/Status/403",2026-07-17T13:20:15.030983
francesoir,bd6t5126252d,,failed,0,0,,http_manifest,known,403,manifest,"Client error '403 ' for url 'https://openapiproext.bnf.fr/iiif/presentation/v3/ark:/12148/bd6t5126252d/manifest.json'
For more information check: https://developer.mozilla.org/en-US/docs/Web/HTTP/Status/403",2026-07-17T13:20:16.232291
francesoir,bd6t5126253s,,failed,0,0,,http_manifest,known,403,manifest,"Client error '403 ' for url 'https://openapiproext.bnf.fr/iiif/presentation/v3/ark:/12148/bd6t5126253s/manifest.json'
For more information check: https://developer.mozilla.org/en-US/docs/Web/HTTP/Status/403",2026-07-17T13:20:17.497197
francesoir,bd6t51262545,,failed,0,0,,http_manifest,known,403,manifest,"Client error '403 ' for url 'https://openapiproext.bnf.fr/iiif/presentation/v3/ark:/12148/bd6t51262545/manifest.json'
For more information check: https://developer.mozilla.org/en-US/docs/Web/HTTP/Status/403",2026-07-17T13:20:18.638985
francesoir,bd6t5126255j,,failed,0,0,,http_manifest,known,403,manifest,"Client error '403 ' for url 'https://openapiproext.bnf.fr/iiif/presentation/v3/ark:/12148/bd6t5126255j/manifest.json'
For more information check: https://developer.mozilla.org/en-US/docs/Web/HTTP/Status/403",2026-07-17T13:20:19.852431
francesoir,bd6t5126256x,,failed,0,0,,http_manifest,known,403,manifest,"Client error '403 ' for url 'https://openapiproext.bnf.fr/iiif/presentation/v3/ark:/12148/bd6t5126256x/manifest.json'
For more information check: https://developer.mozilla.org/en-US/docs/Web/HTTP/Status/403",2026-07-17T13:20:21.035752
francesoir,bd6t51262579,,failed,0,0,,http_manifest,known,403,manifest,"Client error '403 ' for url 'https://openapiproext.bnf.fr/iiif/presentation/v3/ark:/12148/bd6t51262579/manifest.json'
For more information check: https://developer.mozilla.org/en-US/docs/Web/HTTP/Status/403",2026-07-17T13:20:22.276805
francesoir,bd6t5126258p,,failed,0,0,,http_manifest,known,403,manifest,"Client error '403 ' for url 'https://openapiproext.bnf.fr/iiif/presentation/v3/ark:/12148/bd6t5126258p/manifest.json'
For more information check: https://developer.mozilla.org/en-US/docs/Web/HTTP/Status/403",2026-07-17T13:20:23.441670
francesoir,bd6t51262592,,failed,0,0,,http_manifest,known,403,manifest,"Client error '403 ' for url 'https://openapiproext.bnf.fr/iiif/presentation/v3/ark:/12148/bd6t51262592/manifest.json'
For more information check: https://developer.mozilla.org/en-US/docs/Web/HTTP/Status/403",2026-07-17T13:20:24.643153
francesoir,bd6t51262600,,failed,0,0,,http_manifest,known,403,manifest,"Client error '403 ' for url 'https://openapiproext.bnf.fr/iiif/presentation/v3/ark:/12148/bd6t51262600/manifest.json'
For more information check: https://developer.mozilla.org/en-US/docs/Web/HTTP/Status/403",2026-07-17T13:20:25.845632
francesoir,bd6t5126261c,,failed,0,0,,http_manifest,known,403,manifest,"Client error '403 ' for url 'https://openapiproext.bnf.fr/iiif/presentation/v3/ark:/12148/bd6t5126261c/manifest.json'
For more information check: https://developer.mozilla.org/en-US/docs/Web/HTTP/Status/403",2026-07-17T13:20:27.044110
francesoir,bd6t5126262r,,failed,0,0,,http_manifest,known,403,manifest,"Client error '403 ' for url 'https://openapiproext.bnf.fr/iiif/presentation/v3/ark:/12148/bd6t5126262r/manifest.json'
For more information check: https://developer.mozilla.org/en-US/docs/Web/HTTP/Status/403",2026-07-17T13:20:28.281771
francesoir,bd6t51262634,,failed,0,0,,http_manifest,known,403,manifest,"Client error '403 ' for url 'https://openapiproext.bnf.fr/iiif/presentation/v3/ark:/12148/bd6t51262634/manifest.json'
For more information check: https://developer.mozilla.org/en-US/docs/Web/HTTP/Status/403",2026-07-17T13:20:29.447689
francesoir,bd6t5126264h,,failed,0,0,,http_manifest,known,403,manifest,"Client error '403 ' for url 'https://openapiproext.bnf.fr/iiif/presentation/v3/ark:/12148/bd6t5126264h/manifest.json'
For more information check: https://developer.mozilla.org/en-US/docs/Web/HTTP/Status/403",2026-07-17T13:20:30.649990
francesoir,bd6t5126265w,,failed,0,0,,http_manifest,known,403,manifest,"Client error '403 ' for url 'https://openapiproext.bnf.fr/iiif/presentation/v3/ark:/12148/bd6t5126265w/manifest.json'
For more information check: https://developer.mozilla.org/en-US/docs/Web/HTTP/Status/403",2026-07-17T13:20:31.866935
francesoir,bd6t51262668,,failed,0,0,,http_manifest,known,403,manifest,"Client error '403 ' for url 'https://openapiproext.bnf.fr/iiif/presentation/v3/ark:/12148/bd6t51262668/manifest.json'
For more information check: https://developer.mozilla.org/en-US/docs/Web/HTTP/Status/403",2026-07-17T13:20:33.053351
francesoir,bd6t5126267n,,failed,0,0,,http_manifest,known,403,manifest,"Client error '403 ' for url 'https://openapiproext.bnf.fr/iiif/presentation/v3/ark:/12148/bd6t5126267n/manifest.json'
For more information check: https://developer.mozilla.org/en-US/docs/Web/HTTP/Status/403",2026-07-17T13:20:34.280844
francesoir,bd6t51262681,,failed,0,0,,http_manifest,known,403,manifest,"Client error '403 ' for url 'https://openapiproext.bnf.fr/iiif/presentation/v3/ark:/12148/bd6t51262681/manifest.json'
For more information check: https://developer.mozilla.org/en-US/docs/Web/HTTP/Status/403",2026-07-17T13:20:35.456316
francesoir,bd6t5126269d,,failed,0,0,,http_manifest,known,403,manifest,"Client error '403 ' for url 'https://openapiproext.bnf.fr/iiif/presentation/v3/ark:/12148/bd6t5126269d/manifest.json'
For more information check: https://developer.mozilla.org/en-US/docs/Web/HTTP/Status/403",2026-07-17T13:20:36.658144
francesoir,bd6t5126270b,,failed,0,0,,http_manifest,known,403,manifest,"Client error '403 ' for url 'https://openapiproext.bnf.fr/iiif/presentation/v3/ark:/12148/bd6t5126270b/manifest.json'
For more information check: https://developer.mozilla.org/en-US/docs/Web/HTTP/Status/403",2026-07-17T13:20:37.856888
francesoir,bd6t5126271q,,failed,0,0,,http_manifest,known,403,manifest,"Client error '403 ' for url 'https://openapiproext.bnf.fr/iiif/presentation/v3/ark:/12148/bd6t5126271q/manifest.json'
For more information check: https://developer.mozilla.org/en-US/docs/Web/HTTP/Status/403",2026-07-17T13:20:39.060736
francesoir,bd6t51262723,,failed,0,0,,http_manifest,known,403,manifest,"Client error '403 ' for url 'https://openapiproext.bnf.fr/iiif/presentation/v3/ark:/12148/bd6t51262723/manifest.json'
For more information check: https://developer.mozilla.org/en-US/docs/Web/HTTP/Status/403",2026-07-17T13:20:40.263124
francesoir,bd6t5126273g,,failed,0,0,,http_manifest,known,403,manifest,"Client error '403 ' for url 'https://openapiproext.bnf.fr/iiif/presentation/v3/ark:/12148/bd6t5126273g/manifest.json'
For more information check: https://developer.mozilla.org/en-US/docs/Web/HTTP/Status/403",2026-07-17T13:20:41.464872
francesoir,bd6t5126274v,,failed,0,0,,http_manifest,known,403,manifest,"Client error '403 ' for url 'https://openapiproext.bnf.fr/iiif/presentation/v3/ark:/12148/bd6t5126274v/manifest.json'
For more information check: https://developer.mozilla.org/en-US/docs/Web/HTTP/Status/403",2026-07-17T13:20:42.668430
francesoir,bd6t51262757,,failed,0,0,,http_manifest,known,403,manifest,"Client error '403 ' for url 'https://openapiproext.bnf.fr/iiif/presentation/v3/ark:/12148/bd6t51262757/manifest.json'
For more information check: https://developer.mozilla.org/en-US/docs/Web/HTTP/Status/403",2026-07-17T13:20:43.871444
francesoir,bd6t5126276m,,failed,0,0,,http_manifest,known,403,manifest,"Client error '403 ' for url 'https://openapiproext.bnf.fr/iiif/presentation/v3/ark:/12148/bd6t5126276m/manifest.json'
For more information check: https://developer.mozilla.org/en-US/docs/Web/HTTP/Status/403",2026-07-17T13:20:45.069259
francesoir,bd6t51262770,,failed,0,0,,http_manifest,known,403,manifest,"Client error '403 ' for url 'https://openapiproext.bnf.fr/iiif/presentation/v3/ark:/12148/bd6t51262770/manifest.json'
For more information check: https://developer.mozilla.org/en-US/docs/Web/HTTP/Status/403",2026-07-17T13:20:46.288495
francesoir,bd6t5126278c,,failed,0,0,,http_manifest,known,403,manifest,"Client error '403 ' for url 'https://openapiproext.bnf.fr/iiif/presentation/v3/ark:/12148/bd6t5126278c/manifest.json'
For more information check: https://developer.mozilla.org/en-US/docs/Web/HTTP/Status/403",2026-07-17T13:20:47.471809
francesoir,bd6t5126279r,,failed,0,0,,http_manifest,known,403,manifest,"Client error '403 ' for url 'https://openapiproext.bnf.fr/iiif/presentation/v3/ark:/12148/bd6t5126279r/manifest.json'
For more information check: https://developer.mozilla.org/en-US/docs/Web/HTTP/Status/403",2026-07-17T13:20:48.671845
francesoir,bd6t5126280p,,failed,0,0,,http_manifest,known,403,manifest,"Client error '403 ' for url 'https://openapiproext.bnf.fr/iiif/presentation/v3/ark:/12148/bd6t5126280p/manifest.json'
For more information check: https://developer.mozilla.org/en-US/docs/Web/HTTP/Status/403",2026-07-17T13:20:49.873429
francesoir,bd6t51262812,,failed,0,0,,http_manifest,known,403,manifest,"Client error '403 ' for url 'https://openapiproext.bnf.fr/iiif/presentation/v3/ark:/12148/bd6t51262812/manifest.json'
For more information check: https://developer.mozilla.org/en-US/docs/Web/HTTP/Status/403",2026-07-17T13:20:51.074616
francesoir,bd6t5126282f,,failed,0,0,,http_manifest,known,403,manifest,"Client error '403 ' for url 'https://openapiproext.bnf.fr/iiif/presentation/v3/ark:/12148/bd6t5126282f/manifest.json'
For more information check: https://developer.mozilla.org/en-US/docs/Web/HTTP/Status/403",2026-07-17T13:20:52.285617
francesoir,bd6t5126283t,,failed,0,0,,http_manifest,known,403,manifest,"Client error '403 ' for url 'https://openapiproext.bnf.fr/iiif/presentation/v3/ark:/12148/bd6t5126283t/manifest.json'
For more information check: https://developer.mozilla.org/en-US/docs/Web/HTTP/Status/403",2026-07-17T13:20:53.486088
francesoir,bd6t51262846,,failed,0,0,,http_manifest,known,403,manifest,"Client error '403 ' for url 'https://openapiproext.bnf.fr/iiif/presentation/v3/ark:/12148/bd6t51262846/manifest.json'
For more information check: https://developer.mozilla.org/en-US/docs/Web/HTTP/Status/403",2026-07-17T13:20:54.681228
francesoir,bd6t5126285k,,failed,0,0,,http_manifest,known,403,manifest,"Client error '403 ' for url 'https://openapiproext.bnf.fr/iiif/presentation/v3/ark:/12148/bd6t5126285k/manifest.json'
For more information check: https://developer.mozilla.org/en-US/docs/Web/HTTP/Status/403",2026-07-17T13:20:55.883470
francesoir,bd6t5126286z,,failed,0,0,,http_manifest,known,403,manifest,"Client error '403 ' for url 'https://openapiproext.bnf.fr/iiif/presentation/v3/ark:/12148/bd6t5126286z/manifest.json'
For more information check: https://developer.mozilla.org/en-US/docs/Web/HTTP/Status/403",2026-07-17T13:20:57.085729
francesoir,bd6t5126287b,,failed,0,0,,http_manifest,known,403,manifest,"Client error '403 ' for url 'https://openapiproext.bnf.fr/iiif/presentation/v3/ark:/12148/bd6t5126287b/manifest.json'
For more information check: https://developer.mozilla.org/en-US/docs/Web/HTTP/Status/403",2026-07-17T13:20:58.371084
francesoir,bd6t5126288q,,failed,0,0,,http_manifest,known,403,manifest,"Client error '403 ' for url 'https://openapiproext.bnf.fr/iiif/presentation/v3/ark:/12148/bd6t5126288q/manifest.json'
For more information check: https://developer.mozilla.org/en-US/docs/Web/HTTP/Status/403",2026-07-17T13:20:59.559188
francesoir,bd6t51262893,,failed,0,0,,http_manifest,known,403,manifest,"Client error '403 ' for url 'https://openapiproext.bnf.fr/iiif/presentation/v3/ark:/12148/bd6t51262893/manifest.json'
For more information check: https://developer.mozilla.org/en-US/docs/Web/HTTP/Status/403",2026-07-17T13:21:00.691878
francesoir,bd6t51262901,,failed,0,0,,http_manifest,known,403,manifest,"Client error '403 ' for url 'https://openapiproext.bnf.fr/iiif/presentation/v3/ark:/12148/bd6t51262901/manifest.json'
For more information check: https://developer.mozilla.org/en-US/docs/Web/HTTP/Status/403",2026-07-17T13:21:01.889228
francesoir,bd6t5126291d,,failed,0,0,,http_manifest,known,403,manifest,"Client error '403 ' for url 'https://openapiproext.bnf.fr/iiif/presentation/v3/ark:/12148/bd6t5126291d/manifest.json'
For more information check: https://developer.mozilla.org/en-US/docs/Web/HTTP/Status/403",2026-07-17T13:21:03.089332
francesoir,bd6t5126292s,,failed,0,0,,http_manifest,known,403,manifest,"Client error '403 ' for url 'https://openapiproext.bnf.fr/iiif/presentation/v3/ark:/12148/bd6t5126292s/manifest.json'
For more information check: https://developer.mozilla.org/en-US/docs/Web/HTTP/Status/403",2026-07-17T13:21:04.490057
francesoir,bd6t51262935,,failed,0,0,,http_manifest,known,403,manifest,"Client error '403 ' for url 'https://openapiproext.bnf.fr/iiif/presentation/v3/ark:/12148/bd6t51262935/manifest.json'
For more information check: https://developer.mozilla.org/en-US/docs/Web/HTTP/Status/403",2026-07-17T13:21:05.581257
francesoir,bd6t5126294j,,failed,0,0,,http_manifest,known,403,manifest,"Client error '403 ' for url 'https://openapiproext.bnf.fr/iiif/presentation/v3/ark:/12148/bd6t5126294j/manifest.json'
For more information check: https://developer.mozilla.org/en-US/docs/Web/HTTP/Status/403",2026-07-17T13:21:06.724736
francesoir,bd6t5126295x,,failed,0,0,,http_manifest,known,403,manifest,"Client error '403 ' for url 'https://openapiproext.bnf.fr/iiif/presentation/v3/ark:/12148/bd6t5126295x/manifest.json'
For more information check: https://developer.mozilla.org/en-US/docs/Web/HTTP/Status/403",2026-07-17T13:21:07.901056
francesoir,bd6t51262969,,failed,0,0,,http_manifest,known,403,manifest,"Client error '403 ' for url 'https://openapiproext.bnf.fr/iiif/presentation/v3/ark:/12148/bd6t51262969/manifest.json'
For more information check: https://developer.mozilla.org/en-US/docs/Web/HTTP/Status/403",2026-07-17T13:21:09.107638
francesoir,bd6t5126297p,,failed,0,0,,http_manifest,known,403,manifest,"Client error '403 ' for url 'https://openapiproext.bnf.fr/iiif/presentation/v3/ark:/12148/bd6t5126297p/manifest.json'
For more information check: https://developer.mozilla.org/en-US/docs/Web/HTTP/Status/403",2026-07-17T13:21:10.318624
francesoir,bd6t51262982,,failed,0,0,,http_manifest,known,403,manifest,"Client error '403 ' for url 'https://openapiproext.bnf.fr/iiif/presentation/v3/ark:/12148/bd6t51262982/manifest.json'
For more information check: https://developer.mozilla.org/en-US/docs/Web/HTTP/Status/403",2026-07-17T13:21:11.504730
francesoir,bd6t5126299f,,failed,0,0,,http_manifest,known,403,manifest,"Client error '403 ' for url 'https://openapiproext.bnf.fr/iiif/presentation/v3/ark:/12148/bd6t5126299f/manifest.json'
For more information check: https://developer.mozilla.org/en-US/docs/Web/HTTP/Status/403",2026-07-17T13:21:12.705056
francesoir,bd6t51263007,,failed,0,0,,http_manifest,known,403,manifest,"Client error '403 ' for url 'https://openapiproext.bnf.fr/iiif/presentation/v3/ark:/12148/bd6t51263007/manifest.json'
For more information check: https://developer.mozilla.org/en-US/docs/Web/HTTP/Status/403",2026-07-17T13:21:14.108042
francesoir,bd6t5126301m,,failed,0,0,,http_manifest,known,403,manifest,"Client error '403 ' for url 'https://openapiproext.bnf.fr/iiif/presentation/v3/ark:/12148/bd6t5126301m/manifest.json'
For more information check: https://developer.mozilla.org/en-US/docs/Web/HTTP/Status/403",2026-07-17T13:21:15.117297
francesoir,bd6t51263020,,failed,0,0,,http_manifest,known,403,manifest,"Client error '403 ' for url 'https://openapiproext.bnf.fr/iiif/presentation/v3/ark:/12148/bd6t51263020/manifest.json'
For more information check: https://developer.mozilla.org/en-US/docs/Web/HTTP/Status/403",2026-07-17T13:21:16.334958
francesoir,bd6t5126303c,,failed,0,0,,http_manifest,known,403,manifest,"Client error '403 ' for url 'https://openapiproext.bnf.fr/iiif/presentation/v3/ark:/12148/bd6t5126303c/manifest.json'
For more information check: https://developer.mozilla.org/en-US/docs/Web/HTTP/Status/403",2026-07-17T13:21:17.510187
francesoir,bd6t5126304r,,failed,0,0,,http_manifest,known,403,manifest,"Client error '403 ' for url 'https://openapiproext.bnf.fr/iiif/presentation/v3/ark:/12148/bd6t5126304r/manifest.json'
For more information check: https://developer.mozilla.org/en-US/docs/Web/HTTP/Status/403",2026-07-17T13:21:18.708751
francesoir,bd6t51263054,,failed,0,0,,http_manifest,known,403,manifest,"Client error '403 ' for url 'https://openapiproext.bnf.fr/iiif/presentation/v3/ark:/12148/bd6t51263054/manifest.json'
For more information check: https://developer.mozilla.org/en-US/docs/Web/HTTP/Status/403",2026-07-17T13:21:19.911287
francesoir,bd6t5126306h,,failed,0,0,,http_manifest,known,403,manifest,"Client error '403 ' for url 'https://openapiproext.bnf.fr/iiif/presentation/v3/ark:/12148/bd6t5126306h/manifest.json'
For more information check: https://developer.mozilla.org/en-US/docs/Web/HTTP/Status/403",2026-07-17T13:21:21.123033
francesoir,bd6t5126307w,,failed,0,0,,http_manifest,known,403,manifest,"Client error '403 ' for url 'https://openapiproext.bnf.fr/iiif/presentation/v3/ark:/12148/bd6t5126307w/manifest.json'
For more information check: https://developer.mozilla.org/en-US/docs/Web/HTTP/Status/403",2026-07-17T13:21:22.319517
francesoir,bd6t51263088,,failed,0,0,,http_manifest,known,403,manifest,"Client error '403 ' for url 'https://openapiproext.bnf.fr/iiif/presentation/v3/ark:/12148/bd6t51263088/manifest.json'
For more information check: https://developer.mozilla.org/en-US/docs/Web/HTTP/Status/403",2026-07-17T13:21:23.516341
francesoir,bd6t5126309n,,failed,0,0,,http_manifest,known,403,manifest,"Client error '403 ' for url 'https://openapiproext.bnf.fr/iiif/presentation/v3/ark:/12148/bd6t5126309n/manifest.json'
For more information check: https://developer.mozilla.org/en-US/docs/Web/HTTP/Status/403",2026-07-17T13:21:24.718064
francesoir,bd6t5126310k,,failed,0,0,,http_manifest,known,403,manifest,"Client error '403 ' for url 'https://openapiproext.bnf.fr/iiif/presentation/v3/ark:/12148/bd6t5126310k/manifest.json'
For more information check: https://developer.mozilla.org/en-US/docs/Web/HTTP/Status/403",2026-07-17T13:21:25.917319
francesoir,bd6t5126311z,,failed,0,0,,http_manifest,known,403,manifest,"Client error '403 ' for url 'https://openapiproext.bnf.fr/iiif/presentation/v3/ark:/12148/bd6t5126311z/manifest.json'
For more information check: https://developer.mozilla.org/en-US/docs/Web/HTTP/Status/403",2026-07-17T13:21:27.129587
francesoir,bd6t5126312b,,failed,0,0,,http_manifest,known,403,manifest,"Client error '403 ' for url 'https://openapiproext.bnf.fr/iiif/presentation/v3/ark:/12148/bd6t5126312b/manifest.json'
For more information check: https://developer.mozilla.org/en-US/docs/Web/HTTP/Status/403",2026-07-17T13:21:28.343179
francesoir,bd6t5126313q,,failed,0,0,,http_manifest,known,403,manifest,"Client error '403 ' for url 'https://openapiproext.bnf.fr/iiif/presentation/v3/ark:/12148/bd6t5126313q/manifest.json'
For more information check: https://developer.mozilla.org/en-US/docs/Web/HTTP/Status/403",2026-07-17T13:21:29.520987
francesoir,bd6t51263143,,failed,0,0,,http_manifest,known,403,manifest,"Client error '403 ' for url 'https://openapiproext.bnf.fr/iiif/presentation/v3/ark:/12148/bd6t51263143/manifest.json'
For more information check: https://developer.mozilla.org/en-US/docs/Web/HTTP/Status/403",2026-07-17T13:21:30.725768
francesoir,bd6t5126315g,,failed,0,0,,http_manifest,known,403,manifest,"Client error '403 ' for url 'https://openapiproext.bnf.fr/iiif/presentation/v3/ark:/12148/bd6t5126315g/manifest.json'
For more information check: https://developer.mozilla.org/en-US/docs/Web/HTTP/Status/403",2026-07-17T13:21:31.927613
francesoir,bd6t5126316v,,failed,0,0,,http_manifest,known,403,manifest,"Client error '403 ' for url 'https://openapiproext.bnf.fr/iiif/presentation/v3/ark:/12148/bd6t5126316v/manifest.json'
For more information check: https://developer.mozilla.org/en-US/docs/Web/HTTP/Status/403",2026-07-17T13:21:33.127606
francesoir,bd6t51263177,,failed,0,0,,http_manifest,known,403,manifest,"Client error '403 ' for url 'https://openapiproext.bnf.fr/iiif/presentation/v3/ark:/12148/bd6t51263177/manifest.json'
For more information check: https://developer.mozilla.org/en-US/docs/Web/HTTP/Status/403",2026-07-17T13:21:34.355658
francesoir,bd6t5126318m,,failed,0,0,,http_manifest,known,403,manifest,"Client error '403 ' for url 'https://openapiproext.bnf.fr/iiif/presentation/v3/ark:/12148/bd6t5126318m/manifest.json'
For more information check: https://developer.mozilla.org/en-US/docs/Web/HTTP/Status/403",2026-07-17T13:21:35.528976
francesoir,bd6t51263190,,failed,0,0,,http_manifest,known,403,manifest,"Client error '403 ' for url 'https://openapiproext.bnf.fr/iiif/presentation/v3/ark:/12148/bd6t51263190/manifest.json'
For more information check: https://developer.mozilla.org/en-US/docs/Web/HTTP/Status/403",2026-07-17T13:21:36.730639
francesoir,bd6t5126320x,,failed,0,0,,http_manifest,known,403,manifest,"Client error '403 ' for url 'https://openapiproext.bnf.fr/iiif/presentation/v3/ark:/12148/bd6t5126320x/manifest.json'
For more information check: https://developer.mozilla.org/en-US/docs/Web/HTTP/Status/403",2026-07-17T13:21:37.940677
francesoir,bd6t51263219,,failed,0,0,,http_manifest,known,403,manifest,"Client error '403 ' for url 'https://openapiproext.bnf.fr/iiif/presentation/v3/ark:/12148/bd6t51263219/manifest.json'
For more information check: https://developer.mozilla.org/en-US/docs/Web/HTTP/Status/403",2026-07-17T13:21:39.142060
francesoir,bd6t5126322p,,failed,0,0,,http_manifest,known,403,manifest,"Client error '403 ' for url 'https://openapiproext.bnf.fr/iiif/presentation/v3/ark:/12148/bd6t5126322p/manifest.json'
For more information check: https://developer.mozilla.org/en-US/docs/Web/HTTP/Status/403",2026-07-17T13:21:40.342338
francesoir,bd6t51263232,,failed,0,0,,http_manifest,known,403,manifest,"Client error '403 ' for url 'https://openapiproext.bnf.fr/iiif/presentation/v3/ark:/12148/bd6t51263232/manifest.json'
For more information check: https://developer.mozilla.org/en-US/docs/Web/HTTP/Status/403",2026-07-17T13:21:41.534820
francesoir,bd6t5126324f,,failed,0,0,,http_manifest,known,403,manifest,"Client error '403 ' for url 'https://openapiproext.bnf.fr/iiif/presentation/v3/ark:/12148/bd6t5126324f/manifest.json'
For more information check: https://developer.mozilla.org/en-US/docs/Web/HTTP/Status/403",2026-07-17T13:21:42.741247
francesoir,bd6t5126325t,,failed,0,0,,http_manifest,known,403,manifest,"Client error '403 ' for url 'https://openapiproext.bnf.fr/iiif/presentation/v3/ark:/12148/bd6t5126325t/manifest.json'
For more information check: https://developer.mozilla.org/en-US/docs/Web/HTTP/Status/403",2026-07-17T13:21:43.945629
francesoir,bd6t51263266,,failed,0,0,,http_manifest,known,403,manifest,"Client error '403 ' for url 'https://openapiproext.bnf.fr/iiif/presentation/v3/ark:/12148/bd6t51263266/manifest.json'
For more information check: https://developer.mozilla.org/en-US/docs/Web/HTTP/Status/403",2026-07-17T13:21:45.146106
francesoir,bd6t5126327k,,failed,0,0,,http_manifest,known,403,manifest,"Client error '403 ' for url 'https://openapiproext.bnf.fr/iiif/presentation/v3/ark:/12148/bd6t5126327k/manifest.json'
For more information check: https://developer.mozilla.org/en-US/docs/Web/HTTP/Status/403",2026-07-17T13:21:46.375494
francesoir,bd6t5126328z,,failed,0,0,,http_manifest,known,403,manifest,"Client error '403 ' for url 'https://openapiproext.bnf.fr/iiif/presentation/v3/ark:/12148/bd6t5126328z/manifest.json'
For more information check: https://developer.mozilla.org/en-US/docs/Web/HTTP/Status/403",2026-07-17T13:21:47.549189
francesoir,bd6t5126329b,,failed,0,0,,http_manifest,known,403,manifest,"Client error '403 ' for url 'https://openapiproext.bnf.fr/iiif/presentation/v3/ark:/12148/bd6t5126329b/manifest.json'
For more information check: https://developer.mozilla.org/en-US/docs/Web/HTTP/Status/403",2026-07-17T13:21:48.749311
francesoir,bd6t51263308,,failed,0,0,,http_manifest,known,403,manifest,"Client error '403 ' for url 'https://openapiproext.bnf.fr/iiif/presentation/v3/ark:/12148/bd6t51263308/manifest.json'
For more information check: https://developer.mozilla.org/en-US/docs/Web/HTTP/Status/403",2026-07-17T13:21:49.953761
francesoir,bd6t5126331n,,failed,0,0,,http_manifest,known,403,manifest,"Client error '403 ' for url 'https://openapiproext.bnf.fr/iiif/presentation/v3/ark:/12148/bd6t5126331n/manifest.json'
For more information check: https://developer.mozilla.org/en-US/docs/Web/HTTP/Status/403",2026-07-17T13:21:51.153316
francesoir,bd6t51263321,,failed,0,0,,http_manifest,known,403,manifest,"Client error '403 ' for url 'https://openapiproext.bnf.fr/iiif/presentation/v3/ark:/12148/bd6t51263321/manifest.json'
For more information check: https://developer.mozilla.org/en-US/docs/Web/HTTP/Status/403",2026-07-17T13:21:52.359115
francesoir,bd6t5126333d,,failed,0,0,,http_manifest,known,403,manifest,"Client error '403 ' for url 'https://openapiproext.bnf.fr/iiif/presentation/v3/ark:/12148/bd6t5126333d/manifest.json'
For more information check: https://developer.mozilla.org/en-US/docs/Web/HTTP/Status/403",2026-07-17T13:21:53.569299
francesoir,bd6t5126334s,,failed,0,0,,http_manifest,known,403,manifest,"Client error '403 ' for url 'https://openapiproext.bnf.fr/iiif/presentation/v3/ark:/12148/bd6t5126334s/manifest.json'
For more information check: https://developer.mozilla.org/en-US/docs/Web/HTTP/Status/403",2026-07-17T13:21:54.761165
francesoir,bd6t51263355,,failed,0,0,,http_manifest,known,403,manifest,"Client error '403 ' for url 'https://openapiproext.bnf.fr/iiif/presentation/v3/ark:/12148/bd6t51263355/manifest.json'
For more information check: https://developer.mozilla.org/en-US/docs/Web/HTTP/Status/403",2026-07-17T13:21:55.978636
francesoir,bd6t5126336j,,failed,0,0,,http_manifest,known,403,manifest,"Client error '403 ' for url 'https://openapiproext.bnf.fr/iiif/presentation/v3/ark:/12148/bd6t5126336j/manifest.json'
For more information check: https://developer.mozilla.org/en-US/docs/Web/HTTP/Status/403",2026-07-17T13:21:57.167440
francesoir,bd6t5126337x,,failed,0,0,,http_manifest,known,403,manifest,"Client error '403 ' for url 'https://openapiproext.bnf.fr/iiif/presentation/v3/ark:/12148/bd6t5126337x/manifest.json'
For more information check: https://developer.mozilla.org/en-US/docs/Web/HTTP/Status/403",2026-07-17T13:21:58.516510
francesoir,bd6t51263389,,failed,0,0,,http_manifest,known,403,manifest,"Client error '403 ' for url 'https://openapiproext.bnf.fr/iiif/presentation/v3/ark:/12148/bd6t51263389/manifest.json'
For more information check: https://developer.mozilla.org/en-US/docs/Web/HTTP/Status/403",2026-07-17T13:21:59.664608
francesoir,bd6t5126339p,,failed,0,0,,http_manifest,known,403,manifest,"Client error '403 ' for url 'https://openapiproext.bnf.fr/iiif/presentation/v3/ark:/12148/bd6t5126339p/manifest.json'
For more information check: https://developer.mozilla.org/en-US/docs/Web/HTTP/Status/403",2026-07-17T13:22:00.868190
francesoir,bd6t5126340m,,failed,0,0,,http_manifest,known,403,manifest,"Client error '403 ' for url 'https://openapiproext.bnf.fr/iiif/presentation/v3/ark:/12148/bd6t5126340m/manifest.json'
For more information check: https://developer.mozilla.org/en-US/docs/Web/HTTP/Status/403",2026-07-17T13:22:01.970717
francesoir,bd6t51263410,,failed,0,0,,http_manifest,known,403,manifest,"Client error '403 ' for url 'https://openapiproext.bnf.fr/iiif/presentation/v3/ark:/12148/bd6t51263410/manifest.json'
For more information check: https://developer.mozilla.org/en-US/docs/Web/HTTP/Status/403",2026-07-17T13:22:03.182451
francesoir,bd6t5126342c,,failed,0,0,,http_manifest,known,403,manifest,"Client error '403 ' for url 'https://openapiproext.bnf.fr/iiif/presentation/v3/ark:/12148/bd6t5126342c/manifest.json'
For more information check: https://developer.mozilla.org/en-US/docs/Web/HTTP/Status/403",2026-07-17T13:22:04.549002
francesoir,bd6t5126343r,,failed,0,0,,http_manifest,known,403,manifest,"Client error '403 ' for url 'https://openapiproext.bnf.fr/iiif/presentation/v3/ark:/12148/bd6t5126343r/manifest.json'
For more information check: https://developer.mozilla.org/en-US/docs/Web/HTTP/Status/403",2026-07-17T13:22:05.826279
francesoir,bd6t51263444,,failed,0,0,,http_manifest,known,403,manifest,"Client error '403 ' for url 'https://openapiproext.bnf.fr/iiif/presentation/v3/ark:/12148/bd6t51263444/manifest.json'
For more information check: https://developer.mozilla.org/en-US/docs/Web/HTTP/Status/403",2026-07-17T13:22:06.781764
francesoir,bd6t5126345h,,failed,0,0,,http_manifest,known,403,manifest,"Client error '403 ' for url 'https://openapiproext.bnf.fr/iiif/presentation/v3/ark:/12148/bd6t5126345h/manifest.json'
For more information check: https://developer.mozilla.org/en-US/docs/Web/HTTP/Status/403",2026-07-17T13:22:07.981087
francesoir,bd6t5126346w,,failed,0,0,,http_manifest,known,403,manifest,"Client error '403 ' for url 'https://openapiproext.bnf.fr/iiif/presentation/v3/ark:/12148/bd6t5126346w/manifest.json'
For more information check: https://developer.mozilla.org/en-US/docs/Web/HTTP/Status/403",2026-07-17T13:22:09.181141
francesoir,bd6t51263478,,failed,0,0,,http_manifest,known,403,manifest,"Client error '403 ' for url 'https://openapiproext.bnf.fr/iiif/presentation/v3/ark:/12148/bd6t51263478/manifest.json'
For more information check: https://developer.mozilla.org/en-US/docs/Web/HTTP/Status/403",2026-07-17T13:22:10.386729
francesoir,bd6t5126348n,,failed,0,0,,http_manifest,known,403,manifest,"Client error '403 ' for url 'https://openapiproext.bnf.fr/iiif/presentation/v3/ark:/12148/bd6t5126348n/manifest.json'
For more information check: https://developer.mozilla.org/en-US/docs/Web/HTTP/Status/403",2026-07-17T13:22:11.750102
francesoir,bd6t51263491,,failed,0,0,,http_manifest,known,403,manifest,"Client error '403 ' for url 'https://openapiproext.bnf.fr/iiif/presentation/v3/ark:/12148/bd6t51263491/manifest.json'
For more information check: https://developer.mozilla.org/en-US/docs/Web/HTTP/Status/403",2026-07-17T13:22:12.911757
francesoir,bd6t5126350z,,failed,0,0,,http_manifest,known,403,manifest,"Client error '403 ' for url 'https://openapiproext.bnf.fr/iiif/presentation/v3/ark:/12148/bd6t5126350z/manifest.json'
For more information check: https://developer.mozilla.org/en-US/docs/Web/HTTP/Status/403",2026-07-17T13:22:13.992201
francesoir,bd6t5126351b,,failed,0,0,,http_manifest,known,403,manifest,"Client error '403 ' for url 'https://openapiproext.bnf.fr/iiif/presentation/v3/ark:/12148/bd6t5126351b/manifest.json'
For more information check: https://developer.mozilla.org/en-US/docs/Web/HTTP/Status/403",2026-07-17T13:22:15.341930
francesoir,bd6t5126352q,,failed,0,0,,http_manifest,known,403,manifest,"Client error '403 ' for url 'https://openapiproext.bnf.fr/iiif/presentation/v3/ark:/12148/bd6t5126352q/manifest.json'
For more information check: https://developer.mozilla.org/en-US/docs/Web/HTTP/Status/403",2026-07-17T13:22:16.546273
francesoir,bd6t51263533,,failed,0,0,,http_manifest,known,403,manifest,"Client error '403 ' for url 'https://openapiproext.bnf.fr/iiif/presentation/v3/ark:/12148/bd6t51263533/manifest.json'
For more information check: https://developer.mozilla.org/en-US/docs/Web/HTTP/Status/403",2026-07-17T13:22:17.767307
francesoir,bd6t5126354g,,failed,0,0,,http_manifest,known,403,manifest,"Client error '403 ' for url 'https://openapiproext.bnf.fr/iiif/presentation/v3/ark:/12148/bd6t5126354g/manifest.json'
For more information check: https://developer.mozilla.org/en-US/docs/Web/HTTP/Status/403",2026-07-17T13:22:18.830415
francesoir,bd6t5126355v,,failed,0,0,,http_manifest,known,403,manifest,"Client error '403 ' for url 'https://openapiproext.bnf.fr/iiif/presentation/v3/ark:/12148/bd6t5126355v/manifest.json'
For more information check: https://developer.mozilla.org/en-US/docs/Web/HTTP/Status/403",2026-07-17T13:22:20.002242
francesoir,bd6t51263567,,failed,0,0,,http_manifest,known,403,manifest,"Client error '403 ' for url 'https://openapiproext.bnf.fr/iiif/presentation/v3/ark:/12148/bd6t51263567/manifest.json'
For more information check: https://developer.mozilla.org/en-US/docs/Web/HTTP/Status/403",2026-07-17T13:22:21.240027
francesoir,bd6t5126357m,,failed,0,0,,http_manifest,known,403,manifest,"Client error '403 ' for url 'https://openapiproext.bnf.fr/iiif/presentation/v3/ark:/12148/bd6t5126357m/manifest.json'
For more information check: https://developer.mozilla.org/en-US/docs/Web/HTTP/Status/403",2026-07-17T13:22:22.423575
francesoir,bd6t51263580,,failed,0,0,,http_manifest,known,403,manifest,"Client error '403 ' for url 'https://openapiproext.bnf.fr/iiif/presentation/v3/ark:/12148/bd6t51263580/manifest.json'
For more information check: https://developer.mozilla.org/en-US/docs/Web/HTTP/Status/403",2026-07-17T13:22:23.602086
francesoir,bd6t5126359c,,failed,0,0,,http_manifest,known,403,manifest,"Client error '403 ' for url 'https://openapiproext.bnf.fr/iiif/presentation/v3/ark:/12148/bd6t5126359c/manifest.json'
For more information check: https://developer.mozilla.org/en-US/docs/Web/HTTP/Status/403",2026-07-17T13:22:24.802379
francesoir,bd6t51263609,,failed,0,0,,http_manifest,known,403,manifest,"Client error '403 ' for url 'https://openapiproext.bnf.fr/iiif/presentation/v3/ark:/12148/bd6t51263609/manifest.json'
For more information check: https://developer.mozilla.org/en-US/docs/Web/HTTP/Status/403",2026-07-17T13:22:26.009850
francesoir,bd6t5126361p,,failed,0,0,,http_manifest,known,403,manifest,"Client error '403 ' for url 'https://openapiproext.bnf.fr/iiif/presentation/v3/ark:/12148/bd6t5126361p/manifest.json'
For more information check: https://developer.mozilla.org/en-US/docs/Web/HTTP/Status/403",2026-07-17T13:22:27.208487
francesoir,bd6t51263622,,failed,0,0,,http_manifest,known,403,manifest,"Client error '403 ' for url 'https://openapiproext.bnf.fr/iiif/presentation/v3/ark:/12148/bd6t51263622/manifest.json'
For more information check: https://developer.mozilla.org/en-US/docs/Web/HTTP/Status/403",2026-07-17T13:22:28.417835
francesoir,bd6t5126363f,,failed,0,0,,http_manifest,known,403,manifest,"Client error '403 ' for url 'https://openapiproext.bnf.fr/iiif/presentation/v3/ark:/12148/bd6t5126363f/manifest.json'
For more information check: https://developer.mozilla.org/en-US/docs/Web/HTTP/Status/403",2026-07-17T13:22:29.614413
francesoir,bd6t5126364t,,failed,0,0,,http_manifest,known,403,manifest,"Client error '403 ' for url 'https://openapiproext.bnf.fr/iiif/presentation/v3/ark:/12148/bd6t5126364t/manifest.json'
For more information check: https://developer.mozilla.org/en-US/docs/Web/HTTP/Status/403",2026-07-17T13:22:30.818434
francesoir,bd6t51263656,,failed,0,0,,http_manifest,known,403,manifest,"Client error '403 ' for url 'https://openapiproext.bnf.fr/iiif/presentation/v3/ark:/12148/bd6t51263656/manifest.json'
For more information check: https://developer.mozilla.org/en-US/docs/Web/HTTP/Status/403",2026-07-17T13:22:32.023649
francesoir,bd6t5126366k,,failed,0,0,,http_manifest,known,403,manifest,"Client error '403 ' for url 'https://openapiproext.bnf.fr/iiif/presentation/v3/ark:/12148/bd6t5126366k/manifest.json'
For more information check: https://developer.mozilla.org/en-US/docs/Web/HTTP/Status/403",2026-07-17T13:22:33.217501
francesoir,bd6t5126367z,,failed,0,0,,http_manifest,known,403,manifest,"Client error '403 ' for url 'https://openapiproext.bnf.fr/iiif/presentation/v3/ark:/12148/bd6t5126367z/manifest.json'
For more information check: https://developer.mozilla.org/en-US/docs/Web/HTTP/Status/403",2026-07-17T13:22:34.418489
francesoir,bd6t5126368b,,failed,0,0,,http_manifest,known,403,manifest,"Client error '403 ' for url 'https://openapiproext.bnf.fr/iiif/presentation/v3/ark:/12148/bd6t5126368b/manifest.json'
For more information check: https://developer.mozilla.org/en-US/docs/Web/HTTP/Status/403",2026-07-17T13:22:35.620433
francesoir,bd6t5126369q,,failed,0,0,,http_manifest,known,403,manifest,"Client error '403 ' for url 'https://openapiproext.bnf.fr/iiif/presentation/v3/ark:/12148/bd6t5126369q/manifest.json'
For more information check: https://developer.mozilla.org/en-US/docs/Web/HTTP/Status/403",2026-07-17T13:22:36.827223
francesoir,bd6t5126370n,,failed,0,0,,http_manifest,known,403,manifest,"Client error '403 ' for url 'https://openapiproext.bnf.fr/iiif/presentation/v3/ark:/12148/bd6t5126370n/manifest.json'
For more information check: https://developer.mozilla.org/en-US/docs/Web/HTTP/Status/403",2026-07-17T13:22:38.026034
francesoir,bd6t51263711,,failed,0,0,,http_manifest,known,403,manifest,"Client error '403 ' for url 'https://openapiproext.bnf.fr/iiif/presentation/v3/ark:/12148/bd6t51263711/manifest.json'
For more information check: https://developer.mozilla.org/en-US/docs/Web/HTTP/Status/403",2026-07-17T13:22:39.232119
francesoir,bd6t5126372d,,failed,0,0,,http_manifest,known,403,manifest,"Client error '403 ' for url 'https://openapiproext.bnf.fr/iiif/presentation/v3/ark:/12148/bd6t5126372d/manifest.json'
For more information check: https://developer.mozilla.org/en-US/docs/Web/HTTP/Status/403",2026-07-17T13:22:40.455272
francesoir,bd6t5126373s,,failed,0,0,,http_manifest,known,403,manifest,"Client error '403 ' for url 'https://openapiproext.bnf.fr/iiif/presentation/v3/ark:/12148/bd6t5126373s/manifest.json'
For more information check: https://developer.mozilla.org/en-US/docs/Web/HTTP/Status/403",2026-07-17T13:22:41.633233
francesoir,bd6t51263745,,failed,0,0,,http_manifest,known,403,manifest,"Client error '403 ' for url 'https://openapiproext.bnf.fr/iiif/presentation/v3/ark:/12148/bd6t51263745/manifest.json'
For more information check: https://developer.mozilla.org/en-US/docs/Web/HTTP/Status/403",2026-07-17T13:22:42.832425
francesoir,bd6t5126375j,,failed,0,0,,http_manifest,known,403,manifest,"Client error '403 ' for url 'https://openapiproext.bnf.fr/iiif/presentation/v3/ark:/12148/bd6t5126375j/manifest.json'
For more information check: https://developer.mozilla.org/en-US/docs/Web/HTTP/Status/403",2026-07-17T13:22:44.038680
francesoir,bd6t5126376x,,failed,0,0,,http_manifest,known,403,manifest,"Client error '403 ' for url 'https://openapiproext.bnf.fr/iiif/presentation/v3/ark:/12148/bd6t5126376x/manifest.json'
For more information check: https://developer.mozilla.org/en-US/docs/Web/HTTP/Status/403",2026-07-17T13:22:45.240649
francesoir,bd6t51263779,,failed,0,0,,http_manifest,known,403,manifest,"Client error '403 ' for url 'https://openapiproext.bnf.fr/iiif/presentation/v3/ark:/12148/bd6t51263779/manifest.json'
For more information check: https://developer.mozilla.org/en-US/docs/Web/HTTP/Status/403",2026-07-17T13:22:46.457356
francesoir,bd6t5126378p,,failed,0,0,,http_manifest,known,403,manifest,"Client error '403 ' for url 'https://openapiproext.bnf.fr/iiif/presentation/v3/ark:/12148/bd6t5126378p/manifest.json'
For more information check: https://developer.mozilla.org/en-US/docs/Web/HTTP/Status/403",2026-07-17T13:22:47.637586
francesoir,bd6t51248143,,failed,0,0,,http_manifest,known,403,manifest,"Client error '403 ' for url 'https://openapiproext.bnf.fr/iiif/presentation/v3/ark:/12148/bd6t51248143/manifest.json'
For more information check: https://developer.mozilla.org/en-US/docs/Web/HTTP/Status/403",2026-07-17T13:22:48.840476
francesoir,bd6t5124815g,,failed,0,0,,http_manifest,known,403,manifest,"Client error '403 ' for url 'https://openapiproext.bnf.fr/iiif/presentation/v3/ark:/12148/bd6t5124815g/manifest.json'
For more information check: https://developer.mozilla.org/en-US/docs/Web/HTTP/Status/403",2026-07-17T13:22:50.050040
francesoir,bd6t5124816v,,failed,0,0,,http_manifest,known,403,manifest,"Client error '403 ' for url 'https://openapiproext.bnf.fr/iiif/presentation/v3/ark:/12148/bd6t5124816v/manifest.json'
For more information check: https://developer.mozilla.org/en-US/docs/Web/HTTP/Status/403",2026-07-17T13:22:51.247824
francesoir,bd6t51248177,,failed,0,0,,http_manifest,known,403,manifest,"Client error '403 ' for url 'https://openapiproext.bnf.fr/iiif/presentation/v3/ark:/12148/bd6t51248177/manifest.json'
For more information check: https://developer.mozilla.org/en-US/docs/Web/HTTP/Status/403",2026-07-17T13:22:52.442531
francesoir,bd6t5124818m,,failed,0,0,,http_manifest,known,403,manifest,"Client error '403 ' for url 'https://openapiproext.bnf.fr/iiif/presentation/v3/ark:/12148/bd6t5124818m/manifest.json'
For more information check: https://developer.mozilla.org/en-US/docs/Web/HTTP/Status/403",2026-07-17T13:22:53.644383
francesoir,bd6t51248190,,failed,0,0,,http_manifest,known,403,manifest,"Client error '403 ' for url 'https://openapiproext.bnf.fr/iiif/presentation/v3/ark:/12148/bd6t51248190/manifest.json'
For more information check: https://developer.mozilla.org/en-US/docs/Web/HTTP/Status/403",2026-07-17T13:22:54.850387
francesoir,bd6t5124820x,,failed,0,0,,http_manifest,known,403,manifest,"Client error '403 ' for url 'https://openapiproext.bnf.fr/iiif/presentation/v3/ark:/12148/bd6t5124820x/manifest.json'
For more information check: https://developer.mozilla.org/en-US/docs/Web/HTTP/Status/403",2026-07-17T13:22:56.060015
francesoir,bd6t51248219,,failed,0,0,,http_manifest,known,403,manifest,"Client error '403 ' for url 'https://openapiproext.bnf.fr/iiif/presentation/v3/ark:/12148/bd6t51248219/manifest.json'
For more information check: https://developer.mozilla.org/en-US/docs/Web/HTTP/Status/403",2026-07-17T13:22:57.253865
francesoir,bd6t5124822p,,failed,0,0,,http_manifest,known,403,manifest,"Client error '403 ' for url 'https://openapiproext.bnf.fr/iiif/presentation/v3/ark:/12148/bd6t5124822p/manifest.json'
For more information check: https://developer.mozilla.org/en-US/docs/Web/HTTP/Status/403",2026-07-17T13:22:58.474191
francesoir,bd6t51248232,,failed,0,0,,http_manifest,known,403,manifest,"Client error '403 ' for url 'https://openapiproext.bnf.fr/iiif/presentation/v3/ark:/12148/bd6t51248232/manifest.json'
For more information check: https://developer.mozilla.org/en-US/docs/Web/HTTP/Status/403",2026-07-17T13:22:59.650753
francesoir,bd6t5124824f,,failed,0,0,,http_manifest,known,403,manifest,"Client error '403 ' for url 'https://openapiproext.bnf.fr/iiif/presentation/v3/ark:/12148/bd6t5124824f/manifest.json'
For more information check: https://developer.mozilla.org/en-US/docs/Web/HTTP/Status/403",2026-07-17T13:23:00.905286
francesoir,bd6t5124825t,,failed,0,0,,http_manifest,known,403,manifest,"Client error '403 ' for url 'https://openapiproext.bnf.fr/iiif/presentation/v3/ark:/12148/bd6t5124825t/manifest.json'
For more information check: https://developer.mozilla.org/en-US/docs/Web/HTTP/Status/403",2026-07-17T13:23:02.302162
francesoir,bd6t51248266,,failed,0,0,,http_manifest,known,403,manifest,"Client error '403 ' for url 'https://openapiproext.bnf.fr/iiif/presentation/v3/ark:/12148/bd6t51248266/manifest.json'
For more information check: https://developer.mozilla.org/en-US/docs/Web/HTTP/Status/403",2026-07-17T13:23:03.258885
francesoir,bd6t5124827k,,failed,0,0,,http_manifest,known,403,manifest,"Client error '403 ' for url 'https://openapiproext.bnf.fr/iiif/presentation/v3/ark:/12148/bd6t5124827k/manifest.json'
For more information check: https://developer.mozilla.org/en-US/docs/Web/HTTP/Status/403",2026-07-17T13:23:04.664492
francesoir,bd6t5124828z,,failed,0,0,,http_manifest,known,403,manifest,"Client error '403 ' for url 'https://openapiproext.bnf.fr/iiif/presentation/v3/ark:/12148/bd6t5124828z/manifest.json'
For more information check: https://developer.mozilla.org/en-US/docs/Web/HTTP/Status/403",2026-07-17T13:23:05.834165
francesoir,bd6t5124829b,,failed,0,0,,http_manifest,known,403,manifest,"Client error '403 ' for url 'https://openapiproext.bnf.fr/iiif/presentation/v3/ark:/12148/bd6t5124829b/manifest.json'
For more information check: https://developer.mozilla.org/en-US/docs/Web/HTTP/Status/403",2026-07-17T13:23:07.015555
francesoir,bd6t51248308,,failed,0,0,,http_manifest,known,403,manifest,"Client error '403 ' for url 'https://openapiproext.bnf.fr/iiif/presentation/v3/ark:/12148/bd6t51248308/manifest.json'
For more information check: https://developer.mozilla.org/en-US/docs/Web/HTTP/Status/403",2026-07-17T13:23:08.166884
francesoir,bd6t5124831n,,failed,0,0,,http_manifest,known,403,manifest,"Client error '403 ' for url 'https://openapiproext.bnf.fr/iiif/presentation/v3/ark:/12148/bd6t5124831n/manifest.json'
For more information check: https://developer.mozilla.org/en-US/docs/Web/HTTP/Status/403",2026-07-17T13:23:09.266510
francesoir,bd6t51248321,,failed,0,0,,http_manifest,known,403,manifest,"Client error '403 ' for url 'https://openapiproext.bnf.fr/iiif/presentation/v3/ark:/12148/bd6t51248321/manifest.json'
For more information check: https://developer.mozilla.org/en-US/docs/Web/HTTP/Status/403",2026-07-17T13:23:10.528274
francesoir,bd6t5124833d,,failed,0,0,,http_manifest,known,403,manifest,"Client error '403 ' for url 'https://openapiproext.bnf.fr/iiif/presentation/v3/ark:/12148/bd6t5124833d/manifest.json'
For more information check: https://developer.mozilla.org/en-US/docs/Web/HTTP/Status/403",2026-07-17T13:23:11.669272
francesoir,bd6t5124834s,,failed,0,0,,http_manifest,known,403,manifest,"Client error '403 ' for url 'https://openapiproext.bnf.fr/iiif/presentation/v3/ark:/12148/bd6t5124834s/manifest.json'
For more information check: https://developer.mozilla.org/en-US/docs/Web/HTTP/Status/403",2026-07-17T13:23:12.891683
francesoir,bd6t51248355,,failed,0,0,,http_manifest,known,403,manifest,"Client error '403 ' for url 'https://openapiproext.bnf.fr/iiif/presentation/v3/ark:/12148/bd6t51248355/manifest.json'
For more information check: https://developer.mozilla.org/en-US/docs/Web/HTTP/Status/403",2026-07-17T13:23:14.076228
francesoir,bd6t5124836j,,failed,0,0,,http_manifest,known,403,manifest,"Client error '403 ' for url 'https://openapiproext.bnf.fr/iiif/presentation/v3/ark:/12148/bd6t5124836j/manifest.json'
For more information check: https://developer.mozilla.org/en-US/docs/Web/HTTP/Status/403",2026-07-17T13:23:15.278159
francesoir,bd6t5124837x,,failed,0,0,,http_manifest,known,403,manifest,"Client error '403 ' for url 'https://openapiproext.bnf.fr/iiif/presentation/v3/ark:/12148/bd6t5124837x/manifest.json'
For more information check: https://developer.mozilla.org/en-US/docs/Web/HTTP/Status/403",2026-07-17T13:23:16.503265
francesoir,bd6t51248389,,failed,0,0,,http_manifest,known,403,manifest,"Client error '403 ' for url 'https://openapiproext.bnf.fr/iiif/presentation/v3/ark:/12148/bd6t51248389/manifest.json'
For more information check: https://developer.mozilla.org/en-US/docs/Web/HTTP/Status/403",2026-07-17T13:23:17.741137
francesoir,bd6t5124839p,,failed,0,0,,http_manifest,known,403,manifest,"Client error '403 ' for url 'https://openapiproext.bnf.fr/iiif/presentation/v3/ark:/12148/bd6t5124839p/manifest.json'
For more information check: https://developer.mozilla.org/en-US/docs/Web/HTTP/Status/403",2026-07-17T13:23:18.883470
francesoir,bd6t5124840m,,failed,0,0,,http_manifest,known,403,manifest,"Client error '403 ' for url 'https://openapiproext.bnf.fr/iiif/presentation/v3/ark:/12148/bd6t5124840m/manifest.json'
For more information check: https://developer.mozilla.org/en-US/docs/Web/HTTP/Status/403",2026-07-17T13:23:20.091453
francesoir,bd6t51248410,,failed,0,0,,http_manifest,known,403,manifest,"Client error '403 ' for url 'https://openapiproext.bnf.fr/iiif/presentation/v3/ark:/12148/bd6t51248410/manifest.json'
For more information check: https://developer.mozilla.org/en-US/docs/Web/HTTP/Status/403",2026-07-17T13:23:21.280639
francesoir,bd6t5124842c,,failed,0,0,,http_manifest,known,403,manifest,"Client error '403 ' for url 'https://openapiproext.bnf.fr/iiif/presentation/v3/ark:/12148/bd6t5124842c/manifest.json'
For more information check: https://developer.mozilla.org/en-US/docs/Web/HTTP/Status/403",2026-07-17T13:23:22.485579
francesoir,bd6t5124843r,,failed,0,0,,http_manifest,known,403,manifest,"Client error '403 ' for url 'https://openapiproext.bnf.fr/iiif/presentation/v3/ark:/12148/bd6t5124843r/manifest.json'
For more information check: https://developer.mozilla.org/en-US/docs/Web/HTTP/Status/403",2026-07-17T13:23:23.689250
francesoir,bd6t51248444,,failed,0,0,,http_manifest,known,403,manifest,"Client error '403 ' for url 'https://openapiproext.bnf.fr/iiif/presentation/v3/ark:/12148/bd6t51248444/manifest.json'
For more information check: https://developer.mozilla.org/en-US/docs/Web/HTTP/Status/403",2026-07-17T13:23:24.886526
francesoir,bd6t5124845h,,failed,0,0,,http_manifest,known,403,manifest,"Client error '403 ' for url 'https://openapiproext.bnf.fr/iiif/presentation/v3/ark:/12148/bd6t5124845h/manifest.json'
For more information check: https://developer.mozilla.org/en-US/docs/Web/HTTP/Status/403",2026-07-17T13:23:26.100778
francesoir,bd6t5124846w,,failed,0,0,,http_manifest,known,403,manifest,"Client error '403 ' for url 'https://openapiproext.bnf.fr/iiif/presentation/v3/ark:/12148/bd6t5124846w/manifest.json'
For more information check: https://developer.mozilla.org/en-US/docs/Web/HTTP/Status/403",2026-07-17T13:23:27.300198
francesoir,bd6t51248478,,failed,0,0,,http_manifest,known,403,manifest,"Client error '403 ' for url 'https://openapiproext.bnf.fr/iiif/presentation/v3/ark:/12148/bd6t51248478/manifest.json'
For more information check: https://developer.mozilla.org/en-US/docs/Web/HTTP/Status/403",2026-07-17T13:23:28.520933
francesoir,bd6t5124848n,,failed,0,0,,http_manifest,known,403,manifest,"Client error '403 ' for url 'https://openapiproext.bnf.fr/iiif/presentation/v3/ark:/12148/bd6t5124848n/manifest.json'
For more information check: https://developer.mozilla.org/en-US/docs/Web/HTTP/Status/403",2026-07-17T13:23:29.700576
francesoir,bd6t51248491,,failed,0,0,,http_manifest,known,403,manifest,"Client error '403 ' for url 'https://openapiproext.bnf.fr/iiif/presentation/v3/ark:/12148/bd6t51248491/manifest.json'
For more information check: https://developer.mozilla.org/en-US/docs/Web/HTTP/Status/403",2026-07-17T13:23:30.902680
francesoir,bd6t5124850z,,failed,0,0,,http_manifest,known,403,manifest,"Client error '403 ' for url 'https://openapiproext.bnf.fr/iiif/presentation/v3/ark:/12148/bd6t5124850z/manifest.json'
For more information check: https://developer.mozilla.org/en-US/docs/Web/HTTP/Status/403",2026-07-17T13:23:32.105015
francesoir,bd6t5124851b,,failed,0,0,,http_manifest,known,403,manifest,"Client error '403 ' for url 'https://openapiproext.bnf.fr/iiif/presentation/v3/ark:/12148/bd6t5124851b/manifest.json'
For more information check: https://developer.mozilla.org/en-US/docs/Web/HTTP/Status/403",2026-07-17T13:23:33.309649
francesoir,bd6t5124852q,,failed,0,0,,http_manifest,known,403,manifest,"Client error '403 ' for url 'https://openapiproext.bnf.fr/iiif/presentation/v3/ark:/12148/bd6t5124852q/manifest.json'
For more information check: https://developer.mozilla.org/en-US/docs/Web/HTTP/Status/403",2026-07-17T13:23:34.519681
francesoir,bd6t51248533,,failed,0,0,,http_manifest,known,403,manifest,"Client error '403 ' for url 'https://openapiproext.bnf.fr/iiif/presentation/v3/ark:/12148/bd6t51248533/manifest.json'
For more information check: https://developer.mozilla.org/en-US/docs/Web/HTTP/Status/403",2026-07-17T13:23:35.725986
francesoir,bd6t5124854g,,failed,0,0,,http_manifest,known,403,manifest,"Client error '403 ' for url 'https://openapiproext.bnf.fr/iiif/presentation/v3/ark:/12148/bd6t5124854g/manifest.json'
For more information check: https://developer.mozilla.org/en-US/docs/Web/HTTP/Status/403",2026-07-17T13:23:36.912403
francesoir,bd6t5124855v,,failed,0,0,,http_manifest,known,403,manifest,"Client error '403 ' for url 'https://openapiproext.bnf.fr/iiif/presentation/v3/ark:/12148/bd6t5124855v/manifest.json'
For more information check: https://developer.mozilla.org/en-US/docs/Web/HTTP/Status/403",2026-07-17T13:23:38.118960
francesoir,bd6t51248567,,failed,0,0,,http_manifest,known,403,manifest,"Client error '403 ' for url 'https://openapiproext.bnf.fr/iiif/presentation/v3/ark:/12148/bd6t51248567/manifest.json'
For more information check: https://developer.mozilla.org/en-US/docs/Web/HTTP/Status/403",2026-07-17T13:23:39.314359
francesoir,bd6t5124857m,,failed,0,0,,http_manifest,known,403,manifest,"Client error '403 ' for url 'https://openapiproext.bnf.fr/iiif/presentation/v3/ark:/12148/bd6t5124857m/manifest.json'
For more information check: https://developer.mozilla.org/en-US/docs/Web/HTTP/Status/403",2026-07-17T13:23:40.542385
francesoir,bd6t51248580,,failed,0,0,,http_manifest,known,403,manifest,"Client error '403 ' for url 'https://openapiproext.bnf.fr/iiif/presentation/v3/ark:/12148/bd6t51248580/manifest.json'
For more information check: https://developer.mozilla.org/en-US/docs/Web/HTTP/Status/403",2026-07-17T13:23:41.727681
francesoir,bd6t5124859c,,failed,0,0,,http_manifest,known,403,manifest,"Client error '403 ' for url 'https://openapiproext.bnf.fr/iiif/presentation/v3/ark:/12148/bd6t5124859c/manifest.json'
For more information check: https://developer.mozilla.org/en-US/docs/Web/HTTP/Status/403",2026-07-17T13:23:42.925707
francesoir,bd6t51248609,,failed,0,0,,http_manifest,known,403,manifest,"Client error '403 ' for url 'https://openapiproext.bnf.fr/iiif/presentation/v3/ark:/12148/bd6t51248609/manifest.json'
For more information check: https://developer.mozilla.org/en-US/docs/Web/HTTP/Status/403",2026-07-17T13:23:44.121608
francesoir,bd6t5124861p,,failed,0,0,,http_manifest,known,403,manifest,"Client error '403 ' for url 'https://openapiproext.bnf.fr/iiif/presentation/v3/ark:/12148/bd6t5124861p/manifest.json'
For more information check: https://developer.mozilla.org/en-US/docs/Web/HTTP/Status/403",2026-07-17T13:23:45.329403
francesoir,bd6t51248622,,failed,0,0,,http_manifest,known,403,manifest,"Client error '403 ' for url 'https://openapiproext.bnf.fr/iiif/presentation/v3/ark:/12148/bd6t51248622/manifest.json'
For more information check: https://developer.mozilla.org/en-US/docs/Web/HTTP/Status/403",2026-07-17T13:23:46.552179
francesoir,bd6t5124863f,,failed,0,0,,http_manifest,known,403,manifest,"Client error '403 ' for url 'https://openapiproext.bnf.fr/iiif/presentation/v3/ark:/12148/bd6t5124863f/manifest.json'
For more information check: https://developer.mozilla.org/en-US/docs/Web/HTTP/Status/403",2026-07-17T13:23:47.736602
francesoir,bd6t5124864t,,failed,0,0,,http_manifest,known,403,manifest,"Client error '403 ' for url 'https://openapiproext.bnf.fr/iiif/presentation/v3/ark:/12148/bd6t5124864t/manifest.json'
For more information check: https://developer.mozilla.org/en-US/docs/Web/HTTP/Status/403",2026-07-17T13:23:48.929164
francesoir,bd6t51248656,,failed,0,0,,http_manifest,known,403,manifest,"Client error '403 ' for url 'https://openapiproext.bnf.fr/iiif/presentation/v3/ark:/12148/bd6t51248656/manifest.json'
For more information check: https://developer.mozilla.org/en-US/docs/Web/HTTP/Status/403",2026-07-17T13:23:50.129752
francesoir,bd6t5124866k,,failed,0,0,,http_manifest,known,403,manifest,"Client error '403 ' for url 'https://openapiproext.bnf.fr/iiif/presentation/v3/ark:/12148/bd6t5124866k/manifest.json'
For more information check: https://developer.mozilla.org/en-US/docs/Web/HTTP/Status/403",2026-07-17T13:23:51.332871
francesoir,bd6t5124762r,,failed,0,0,,http_manifest,known,403,manifest,"Client error '403 ' for url 'https://openapiproext.bnf.fr/iiif/presentation/v3/ark:/12148/bd6t5124762r/manifest.json'
For more information check: https://developer.mozilla.org/en-US/docs/Web/HTTP/Status/403",2026-07-17T13:23:52.540250
francesoir,bd6t51247634,,failed,0,0,,http_manifest,known,403,manifest,"Client error '403 ' for url 'https://openapiproext.bnf.fr/iiif/presentation/v3/ark:/12148/bd6t51247634/manifest.json'
For more information check: https://developer.mozilla.org/en-US/docs/Web/HTTP/Status/403",2026-07-17T13:23:53.737831
francesoir,bd6t5124764h,,failed,0,0,,http_manifest,known,403,manifest,"Client error '403 ' for url 'https://openapiproext.bnf.fr/iiif/presentation/v3/ark:/12148/bd6t5124764h/manifest.json'
For more information check: https://developer.mozilla.org/en-US/docs/Web/HTTP/Status/403",2026-07-17T13:23:54.944749
francesoir,bd6t5124765w,,failed,0,0,,http_manifest,known,403,manifest,"Client error '403 ' for url 'https://openapiproext.bnf.fr/iiif/presentation/v3/ark:/12148/bd6t5124765w/manifest.json'
For more information check: https://developer.mozilla.org/en-US/docs/Web/HTTP/Status/403",2026-07-17T13:23:56.135359
francesoir,bd6t51247668,,failed,0,0,,http_manifest,known,403,manifest,"Client error '403 ' for url 'https://openapiproext.bnf.fr/iiif/presentation/v3/ark:/12148/bd6t51247668/manifest.json'
For more information check: https://developer.mozilla.org/en-US/docs/Web/HTTP/Status/403",2026-07-17T13:23:57.353135
francesoir,bd6t5124767n,,failed,0,0,,http_manifest,known,403,manifest,"Client error '403 ' for url 'https://openapiproext.bnf.fr/iiif/presentation/v3/ark:/12148/bd6t5124767n/manifest.json'
For more information check: https://developer.mozilla.org/en-US/docs/Web/HTTP/Status/403",2026-07-17T13:23:58.748309
francesoir,bd6t51247681,,failed,0,0,,http_manifest,known,403,manifest,"Client error '403 ' for url 'https://openapiproext.bnf.fr/iiif/presentation/v3/ark:/12148/bd6t51247681/manifest.json'
For more information check: https://developer.mozilla.org/en-US/docs/Web/HTTP/Status/403",2026-07-17T13:23:59.869046
francesoir,bd6t5124769d,,failed,0,0,,http_manifest,known,403,manifest,"Client error '403 ' for url 'https://openapiproext.bnf.fr/iiif/presentation/v3/ark:/12148/bd6t5124769d/manifest.json'
For more information check: https://developer.mozilla.org/en-US/docs/Web/HTTP/Status/403",2026-07-17T13:24:01.154951
francesoir,bd6t5124770b,,failed,0,0,,http_manifest,known,403,manifest,"Client error '403 ' for url 'https://openapiproext.bnf.fr/iiif/presentation/v3/ark:/12148/bd6t5124770b/manifest.json'
For more information check: https://developer.mozilla.org/en-US/docs/Web/HTTP/Status/403",2026-07-17T13:24:02.169896
francesoir,bd6t5124771q,,failed,0,0,,http_manifest,known,403,manifest,"Client error '403 ' for url 'https://openapiproext.bnf.fr/iiif/presentation/v3/ark:/12148/bd6t5124771q/manifest.json'
For more information check: https://developer.mozilla.org/en-US/docs/Web/HTTP/Status/403",2026-07-17T13:24:03.348919
francesoir,bd6t51247723,,failed,0,0,,http_manifest,known,403,manifest,"Client error '403 ' for url 'https://openapiproext.bnf.fr/iiif/presentation/v3/ark:/12148/bd6t51247723/manifest.json'
For more information check: https://developer.mozilla.org/en-US/docs/Web/HTTP/Status/403",2026-07-17T13:24:04.607233
francesoir,bd6t5124773g,,failed,0,0,,http_manifest,known,403,manifest,"Client error '403 ' for url 'https://openapiproext.bnf.fr/iiif/presentation/v3/ark:/12148/bd6t5124773g/manifest.json'
For more information check: https://developer.mozilla.org/en-US/docs/Web/HTTP/Status/403",2026-07-17T13:24:05.932730
francesoir,bd6t5124774v,,failed,0,0,,http_manifest,known,403,manifest,"Client error '403 ' for url 'https://openapiproext.bnf.fr/iiif/presentation/v3/ark:/12148/bd6t5124774v/manifest.json'
For more information check: https://developer.mozilla.org/en-US/docs/Web/HTTP/Status/403",2026-07-17T13:24:06.963395
francesoir,bd6t51247757,,failed,0,0,,http_manifest,known,403,manifest,"Client error '403 ' for url 'https://openapiproext.bnf.fr/iiif/presentation/v3/ark:/12148/bd6t51247757/manifest.json'
For more information check: https://developer.mozilla.org/en-US/docs/Web/HTTP/Status/403",2026-07-17T13:24:08.167438
francesoir,bd6t5124776m,,failed,0,0,,http_manifest,known,403,manifest,"Client error '403 ' for url 'https://openapiproext.bnf.fr/iiif/presentation/v3/ark:/12148/bd6t5124776m/manifest.json'
For more information check: https://developer.mozilla.org/en-US/docs/Web/HTTP/Status/403",2026-07-17T13:24:09.359117
francesoir,bd6t51247770,,failed,0,0,,http_manifest,known,403,manifest,"Client error '403 ' for url 'https://openapiproext.bnf.fr/iiif/presentation/v3/ark:/12148/bd6t51247770/manifest.json'
For more information check: https://developer.mozilla.org/en-US/docs/Web/HTTP/Status/403",2026-07-17T13:24:10.580614
francesoir,bd6t5124778c,,failed,0,0,,http_manifest,known,403,manifest,"Client error '403 ' for url 'https://openapiproext.bnf.fr/iiif/presentation/v3/ark:/12148/bd6t5124778c/manifest.json'
For more information check: https://developer.mozilla.org/en-US/docs/Web/HTTP/Status/403",2026-07-17T13:24:11.765065
francesoir,bd6t5124779r,,failed,0,0,,http_manifest,known,403,manifest,"Client error '403 ' for url 'https://openapiproext.bnf.fr/iiif/presentation/v3/ark:/12148/bd6t5124779r/manifest.json'
For more information check: https://developer.mozilla.org/en-US/docs/Web/HTTP/Status/403",2026-07-17T13:24:12.962738
francesoir,bd6t5124780p,,failed,0,0,,http_manifest,known,403,manifest,"Client error '403 ' for url 'https://openapiproext.bnf.fr/iiif/presentation/v3/ark:/12148/bd6t5124780p/manifest.json'
For more information check: https://developer.mozilla.org/en-US/docs/Web/HTTP/Status/403",2026-07-17T13:24:14.166324
francesoir,bd6t51247812,,failed,0,0,,http_manifest,known,403,manifest,"Client error '403 ' for url 'https://openapiproext.bnf.fr/iiif/presentation/v3/ark:/12148/bd6t51247812/manifest.json'
For more information check: https://developer.mozilla.org/en-US/docs/Web/HTTP/Status/403",2026-07-17T13:24:15.368579
francesoir,bd6t5124782f,,failed,0,0,,http_manifest,known,403,manifest,"Client error '403 ' for url 'https://openapiproext.bnf.fr/iiif/presentation/v3/ark:/12148/bd6t5124782f/manifest.json'
For more information check: https://developer.mozilla.org/en-US/docs/Web/HTTP/Status/403",2026-07-17T13:24:16.598451
francesoir,bd6t5124783t,,failed,0,0,,http_manifest,known,403,manifest,"Client error '403 ' for url 'https://openapiproext.bnf.fr/iiif/presentation/v3/ark:/12148/bd6t5124783t/manifest.json'
For more information check: https://developer.mozilla.org/en-US/docs/Web/HTTP/Status/403",2026-07-17T13:24:17.771157
francesoir,bd6t51247846,,failed,0,0,,http_manifest,known,403,manifest,"Client error '403 ' for url 'https://openapiproext.bnf.fr/iiif/presentation/v3/ark:/12148/bd6t51247846/manifest.json'
For more information check: https://developer.mozilla.org/en-US/docs/Web/HTTP/Status/403",2026-07-17T13:24:18.984095
francesoir,bd6t5124785k,,failed,0,0,,http_manifest,known,403,manifest,"Client error '403 ' for url 'https://openapiproext.bnf.fr/iiif/presentation/v3/ark:/12148/bd6t5124785k/manifest.json'
For more information check: https://developer.mozilla.org/en-US/docs/Web/HTTP/Status/403",2026-07-17T13:24:20.179973
francesoir,bd6t5124786z,,failed,0,0,,http_manifest,known,403,manifest,"Client error '403 ' for url 'https://openapiproext.bnf.fr/iiif/presentation/v3/ark:/12148/bd6t5124786z/manifest.json'
For more information check: https://developer.mozilla.org/en-US/docs/Web/HTTP/Status/403",2026-07-17T13:24:21.375525
francesoir,bd6t5124787b,,failed,0,0,,http_manifest,known,403,manifest,"Client error '403 ' for url 'https://openapiproext.bnf.fr/iiif/presentation/v3/ark:/12148/bd6t5124787b/manifest.json'
For more information check: https://developer.mozilla.org/en-US/docs/Web/HTTP/Status/403",2026-07-17T13:24:22.620669
francesoir,bd6t5124788q,,failed,0,0,,http_manifest,known,403,manifest,"Client error '403 ' for url 'https://openapiproext.bnf.fr/iiif/presentation/v3/ark:/12148/bd6t5124788q/manifest.json'
For more information check: https://developer.mozilla.org/en-US/docs/Web/HTTP/Status/403",2026-07-17T13:24:23.783413
francesoir,bd6t51247893,,failed,0,0,,http_manifest,known,403,manifest,"Client error '403 ' for url 'https://openapiproext.bnf.fr/iiif/presentation/v3/ark:/12148/bd6t51247893/manifest.json'
For more information check: https://developer.mozilla.org/en-US/docs/Web/HTTP/Status/403",2026-07-17T13:24:24.981020
francesoir,bd6t51247901,,failed,0,0,,http_manifest,known,403,manifest,"Client error '403 ' for url 'https://openapiproext.bnf.fr/iiif/presentation/v3/ark:/12148/bd6t51247901/manifest.json'
For more information check: https://developer.mozilla.org/en-US/docs/Web/HTTP/Status/403",2026-07-17T13:24:26.183320
francesoir,bd6t5124791d,,failed,0,0,,http_manifest,known,403,manifest,"Client error '403 ' for url 'https://openapiproext.bnf.fr/iiif/presentation/v3/ark:/12148/bd6t5124791d/manifest.json'
For more information check: https://developer.mozilla.org/en-US/docs/Web/HTTP/Status/403",2026-07-17T13:24:27.386722
francesoir,bd6t5124792s,,failed,0,0,,http_manifest,known,403,manifest,"Client error '403 ' for url 'https://openapiproext.bnf.fr/iiif/presentation/v3/ark:/12148/bd6t5124792s/manifest.json'
For more information check: https://developer.mozilla.org/en-US/docs/Web/HTTP/Status/403",2026-07-17T13:24:28.606196
francesoir,bd6t51247935,,failed,0,0,,http_manifest,known,403,manifest,"Client error '403 ' for url 'https://openapiproext.bnf.fr/iiif/presentation/v3/ark:/12148/bd6t51247935/manifest.json'
For more information check: https://developer.mozilla.org/en-US/docs/Web/HTTP/Status/403",2026-07-17T13:24:29.789493
francesoir,bd6t5124794j,,failed,0,0,,http_manifest,known,403,manifest,"Client error '403 ' for url 'https://openapiproext.bnf.fr/iiif/presentation/v3/ark:/12148/bd6t5124794j/manifest.json'
For more information check: https://developer.mozilla.org/en-US/docs/Web/HTTP/Status/403",2026-07-17T13:24:30.995982
francesoir,bd6t5124795x,,failed,0,0,,http_manifest,known,403,manifest,"Client error '403 ' for url 'https://openapiproext.bnf.fr/iiif/presentation/v3/ark:/12148/bd6t5124795x/manifest.json'
For more information check: https://developer.mozilla.org/en-US/docs/Web/HTTP/Status/403",2026-07-17T13:24:32.190740
francesoir,bd6t51247969,,failed,0,0,,http_manifest,known,403,manifest,"Client error '403 ' for url 'https://openapiproext.bnf.fr/iiif/presentation/v3/ark:/12148/bd6t51247969/manifest.json'
For more information check: https://developer.mozilla.org/en-US/docs/Web/HTTP/Status/403",2026-07-17T13:24:33.392048
francesoir,bd6t5124797p,,failed,0,0,,http_manifest,known,403,manifest,"Client error '403 ' for url 'https://openapiproext.bnf.fr/iiif/presentation/v3/ark:/12148/bd6t5124797p/manifest.json'
For more information check: https://developer.mozilla.org/en-US/docs/Web/HTTP/Status/403",2026-07-17T13:24:34.592920
francesoir,bd6t51247982,,failed,0,0,,http_manifest,known,403,manifest,"Client error '403 ' for url 'https://openapiproext.bnf.fr/iiif/presentation/v3/ark:/12148/bd6t51247982/manifest.json'
For more information check: https://developer.mozilla.org/en-US/docs/Web/HTTP/Status/403",2026-07-17T13:24:35.792988
francesoir,bd6t5124799f,,failed,0,0,,http_manifest,known,403,manifest,"Client error '403 ' for url 'https://openapiproext.bnf.fr/iiif/presentation/v3/ark:/12148/bd6t5124799f/manifest.json'
For more information check: https://developer.mozilla.org/en-US/docs/Web/HTTP/Status/403",2026-07-17T13:24:36.999251
francesoir,bd6t51248007,,failed,0,0,,http_manifest,known,403,manifest,"Client error '403 ' for url 'https://openapiproext.bnf.fr/iiif/presentation/v3/ark:/12148/bd6t51248007/manifest.json'
For more information check: https://developer.mozilla.org/en-US/docs/Web/HTTP/Status/403",2026-07-17T13:24:38.200131
francesoir,bd6t5124801m,,failed,0,0,,http_manifest,known,403,manifest,"Client error '403 ' for url 'https://openapiproext.bnf.fr/iiif/presentation/v3/ark:/12148/bd6t5124801m/manifest.json'
For more information check: https://developer.mozilla.org/en-US/docs/Web/HTTP/Status/403",2026-07-17T13:24:39.401157
francesoir,bd6t51248020,,failed,0,0,,http_manifest,known,403,manifest,"Client error '403 ' for url 'https://openapiproext.bnf.fr/iiif/presentation/v3/ark:/12148/bd6t51248020/manifest.json'
For more information check: https://developer.mozilla.org/en-US/docs/Web/HTTP/Status/403",2026-07-17T13:24:40.639661
francesoir,bd6t5124803c,,failed,0,0,,http_manifest,known,403,manifest,"Client error '403 ' for url 'https://openapiproext.bnf.fr/iiif/presentation/v3/ark:/12148/bd6t5124803c/manifest.json'
For more information check: https://developer.mozilla.org/en-US/docs/Web/HTTP/Status/403",2026-07-17T13:24:41.800558
francesoir,bd6t5124804r,,failed,0,0,,http_manifest,known,403,manifest,"Client error '403 ' for url 'https://openapiproext.bnf.fr/iiif/presentation/v3/ark:/12148/bd6t5124804r/manifest.json'
For more information check: https://developer.mozilla.org/en-US/docs/Web/HTTP/Status/403",2026-07-17T13:24:43.004945
francesoir,bd6t51248054,,failed,0,0,,http_manifest,known,403,manifest,"Client error '403 ' for url 'https://openapiproext.bnf.fr/iiif/presentation/v3/ark:/12148/bd6t51248054/manifest.json'
For more information check: https://developer.mozilla.org/en-US/docs/Web/HTTP/Status/403",2026-07-17T13:24:44.206682
francesoir,bd6t5124806h,,failed,0,0,,http_manifest,known,403,manifest,"Client error '403 ' for url 'https://openapiproext.bnf.fr/iiif/presentation/v3/ark:/12148/bd6t5124806h/manifest.json'
For more information check: https://developer.mozilla.org/en-US/docs/Web/HTTP/Status/403",2026-07-17T13:24:45.410261
francesoir,bd6t5124807w,,failed,0,0,,http_manifest,known,403,manifest,"Client error '403 ' for url 'https://openapiproext.bnf.fr/iiif/presentation/v3/ark:/12148/bd6t5124807w/manifest.json'
For more information check: https://developer.mozilla.org/en-US/docs/Web/HTTP/Status/403",2026-07-17T13:24:46.609086
francesoir,bd6t51248088,,failed,0,0,,http_manifest,known,403,manifest,"Client error '403 ' for url 'https://openapiproext.bnf.fr/iiif/presentation/v3/ark:/12148/bd6t51248088/manifest.json'
For more information check: https://developer.mozilla.org/en-US/docs/Web/HTTP/Status/403",2026-07-17T13:24:47.814767
francesoir,bd6t5124809n,,failed,0,0,,http_manifest,known,403,manifest,"Client error '403 ' for url 'https://openapiproext.bnf.fr/iiif/presentation/v3/ark:/12148/bd6t5124809n/manifest.json'
For more information check: https://developer.mozilla.org/en-US/docs/Web/HTTP/Status/403",2026-07-17T13:24:49.011268
francesoir,bd6t5124810k,,failed,0,0,,http_manifest,known,403,manifest,"Client error '403 ' for url 'https://openapiproext.bnf.fr/iiif/presentation/v3/ark:/12148/bd6t5124810k/manifest.json'
For more information check: https://developer.mozilla.org/en-US/docs/Web/HTTP/Status/403",2026-07-17T13:24:50.221660
francesoir,bd6t5124811z,,failed,0,0,,http_manifest,known,403,manifest,"Client error '403 ' for url 'https://openapiproext.bnf.fr/iiif/presentation/v3/ark:/12148/bd6t5124811z/manifest.json'
For more information check: https://developer.mozilla.org/en-US/docs/Web/HTTP/Status/403",2026-07-17T13:24:51.419121
francesoir,bd6t5124812b,,failed,0,0,,http_manifest,known,403,manifest,"Client error '403 ' for url 'https://openapiproext.bnf.fr/iiif/presentation/v3/ark:/12148/bd6t5124812b/manifest.json'
For more information check: https://developer.mozilla.org/en-US/docs/Web/HTTP/Status/403",2026-07-17T13:24:52.654026
francesoir,bd6t5124813q,,failed,0,0,,http_manifest,known,403,manifest,"Client error '403 ' for url 'https://openapiproext.bnf.fr/iiif/presentation/v3/ark:/12148/bd6t5124813q/manifest.json'
For more information check: https://developer.mozilla.org/en-US/docs/Web/HTTP/Status/403",2026-07-17T13:24:53.818875
francesoir,bd6t5124023k,,failed,0,0,,http_manifest,known,403,manifest,"Client error '403 ' for url 'https://openapiproext.bnf.fr/iiif/presentation/v3/ark:/12148/bd6t5124023k/manifest.json'
For more information check: https://developer.mozilla.org/en-US/docs/Web/HTTP/Status/403",2026-07-17T13:24:55.022059
francesoir,bd6t5124024z,,failed,0,0,,http_manifest,known,403,manifest,"Client error '403 ' for url 'https://openapiproext.bnf.fr/iiif/presentation/v3/ark:/12148/bd6t5124024z/manifest.json'
For more information check: https://developer.mozilla.org/en-US/docs/Web/HTTP/Status/403",2026-07-17T13:24:56.222251
francesoir,bd6t5124025b,,failed,0,0,,http_manifest,known,403,manifest,"Client error '403 ' for url 'https://openapiproext.bnf.fr/iiif/presentation/v3/ark:/12148/bd6t5124025b/manifest.json'
For more information check: https://developer.mozilla.org/en-US/docs/Web/HTTP/Status/403",2026-07-17T13:24:57.468716
francesoir,bd6t5124026q,,failed,0,0,,http_manifest,known,403,manifest,"Client error '403 ' for url 'https://openapiproext.bnf.fr/iiif/presentation/v3/ark:/12148/bd6t5124026q/manifest.json'
For more information check: https://developer.mozilla.org/en-US/docs/Web/HTTP/Status/403",2026-07-17T13:24:58.629058
francesoir,bd6t51240273,,failed,0,0,,http_manifest,known,403,manifest,"Client error '403 ' for url 'https://openapiproext.bnf.fr/iiif/presentation/v3/ark:/12148/bd6t51240273/manifest.json'
For more information check: https://developer.mozilla.org/en-US/docs/Web/HTTP/Status/403",2026-07-17T13:24:59.905198
francesoir,bd6t5124028g,,failed,0,0,,http_manifest,known,403,manifest,"Client error '403 ' for url 'https://openapiproext.bnf.fr/iiif/presentation/v3/ark:/12148/bd6t5124028g/manifest.json'
For more information check: https://developer.mozilla.org/en-US/docs/Web/HTTP/Status/403",2026-07-17T13:25:01.296598
francesoir,bd6t5124029v,,failed,0,0,,http_manifest,known,403,manifest,"Client error '403 ' for url 'https://openapiproext.bnf.fr/iiif/presentation/v3/ark:/12148/bd6t5124029v/manifest.json'
For more information check: https://developer.mozilla.org/en-US/docs/Web/HTTP/Status/403",2026-07-17T13:25:02.227961
francesoir,bd6t5124030s,,failed,0,0,,http_manifest,known,403,manifest,"Client error '403 ' for url 'https://openapiproext.bnf.fr/iiif/presentation/v3/ark:/12148/bd6t5124030s/manifest.json'
For more information check: https://developer.mozilla.org/en-US/docs/Web/HTTP/Status/403",2026-07-17T13:25:03.617853
francesoir,bd6t51240315,,failed,0,0,,http_manifest,known,403,manifest,"Client error '403 ' for url 'https://openapiproext.bnf.fr/iiif/presentation/v3/ark:/12148/bd6t51240315/manifest.json'
For more information check: https://developer.mozilla.org/en-US/docs/Web/HTTP/Status/403",2026-07-17T13:25:04.791133
francesoir,bd6t5124032j,,failed,0,0,,http_manifest,known,403,manifest,"Client error '403 ' for url 'https://openapiproext.bnf.fr/iiif/presentation/v3/ark:/12148/bd6t5124032j/manifest.json'
For more information check: https://developer.mozilla.org/en-US/docs/Web/HTTP/Status/403",2026-07-17T13:25:05.861342
francesoir,bd6t5124033x,,failed,0,0,,http_manifest,known,403,manifest,"Client error '403 ' for url 'https://openapiproext.bnf.fr/iiif/presentation/v3/ark:/12148/bd6t5124033x/manifest.json'
For more information check: https://developer.mozilla.org/en-US/docs/Web/HTTP/Status/403",2026-07-17T13:25:07.038961
francesoir,bd6t51240349,,failed,0,0,,http_manifest,known,403,manifest,"Client error '403 ' for url 'https://openapiproext.bnf.fr/iiif/presentation/v3/ark:/12148/bd6t51240349/manifest.json'
For more information check: https://developer.mozilla.org/en-US/docs/Web/HTTP/Status/403",2026-07-17T13:25:08.236196
francesoir,bd6t5124035p,,failed,0,0,,http_manifest,known,403,manifest,"Client error '403 ' for url 'https://openapiproext.bnf.fr/iiif/presentation/v3/ark:/12148/bd6t5124035p/manifest.json'
For more information check: https://developer.mozilla.org/en-US/docs/Web/HTTP/Status/403",2026-07-17T13:25:09.459229
francesoir,bd6t51240362,,failed,0,0,,http_manifest,known,403,manifest,"Client error '403 ' for url 'https://openapiproext.bnf.fr/iiif/presentation/v3/ark:/12148/bd6t51240362/manifest.json'
For more information check: https://developer.mozilla.org/en-US/docs/Web/HTTP/Status/403",2026-07-17T13:25:10.857747
francesoir,bd6t5124037f,,failed,0,0,,http_manifest,known,403,manifest,"Client error '403 ' for url 'https://openapiproext.bnf.fr/iiif/presentation/v3/ark:/12148/bd6t5124037f/manifest.json'
For more information check: https://developer.mozilla.org/en-US/docs/Web/HTTP/Status/403",2026-07-17T13:25:11.966779
francesoir,bd6t5124038t,,failed,0,0,,http_manifest,known,403,manifest,"Client error '403 ' for url 'https://openapiproext.bnf.fr/iiif/presentation/v3/ark:/12148/bd6t5124038t/manifest.json'
For more information check: https://developer.mozilla.org/en-US/docs/Web/HTTP/Status/403",2026-07-17T13:25:13.274375
francesoir,bd6t51240396,,failed,0,0,,http_manifest,known,403,manifest,"Client error '403 ' for url 'https://openapiproext.bnf.fr/iiif/presentation/v3/ark:/12148/bd6t51240396/manifest.json'
For more information check: https://developer.mozilla.org/en-US/docs/Web/HTTP/Status/403",2026-07-17T13:25:14.245420
francesoir,bd6t51240404,,failed,0,0,,http_manifest,known,403,manifest,"Client error '403 ' for url 'https://openapiproext.bnf.fr/iiif/presentation/v3/ark:/12148/bd6t51240404/manifest.json'
For more information check: https://developer.mozilla.org/en-US/docs/Web/HTTP/Status/403",2026-07-17T13:25:15.445746
francesoir,bd6t5124041h,,failed,0,0,,http_manifest,known,403,manifest,"Client error '403 ' for url 'https://openapiproext.bnf.fr/iiif/presentation/v3/ark:/12148/bd6t5124041h/manifest.json'
For more information check: https://developer.mozilla.org/en-US/docs/Web/HTTP/Status/403",2026-07-17T13:25:16.788388
francesoir,bd6t5124042w,,failed,0,0,,http_manifest,known,403,manifest,"Client error '403 ' for url 'https://openapiproext.bnf.fr/iiif/presentation/v3/ark:/12148/bd6t5124042w/manifest.json'
For more information check: https://developer.mozilla.org/en-US/docs/Web/HTTP/Status/403",2026-07-17T13:25:18.022091
francesoir,bd6t51240438,,failed,0,0,,http_manifest,known,403,manifest,"Client error '403 ' for url 'https://openapiproext.bnf.fr/iiif/presentation/v3/ark:/12148/bd6t51240438/manifest.json'
For more information check: https://developer.mozilla.org/en-US/docs/Web/HTTP/Status/403",2026-07-17T13:25:19.057893
francesoir,bd6t5124044n,,failed,0,0,,http_manifest,known,403,manifest,"Client error '403 ' for url 'https://openapiproext.bnf.fr/iiif/presentation/v3/ark:/12148/bd6t5124044n/manifest.json'
For more information check: https://developer.mozilla.org/en-US/docs/Web/HTTP/Status/403",2026-07-17T13:25:20.544661
francesoir,bd6t51240451,,failed,0,0,,http_manifest,known,403,manifest,"Client error '403 ' for url 'https://openapiproext.bnf.fr/iiif/presentation/v3/ark:/12148/bd6t51240451/manifest.json'
For more information check: https://developer.mozilla.org/en-US/docs/Web/HTTP/Status/403",2026-07-17T13:25:21.452271
francesoir,bd6t5124046d,,failed,0,0,,http_manifest,known,403,manifest,"Client error '403 ' for url 'https://openapiproext.bnf.fr/iiif/presentation/v3/ark:/12148/bd6t5124046d/manifest.json'
For more information check: https://developer.mozilla.org/en-US/docs/Web/HTTP/Status/403",2026-07-17T13:25:22.653853
francesoir,bd6t5124047s,,failed,0,0,,http_manifest,known,403,manifest,"Client error '403 ' for url 'https://openapiproext.bnf.fr/iiif/presentation/v3/ark:/12148/bd6t5124047s/manifest.json'
For more information check: https://developer.mozilla.org/en-US/docs/Web/HTTP/Status/403",2026-07-17T13:25:23.856906
francesoir,bd6t51240485,,failed,0,0,,http_manifest,known,403,manifest,"Client error '403 ' for url 'https://openapiproext.bnf.fr/iiif/presentation/v3/ark:/12148/bd6t51240485/manifest.json'
For more information check: https://developer.mozilla.org/en-US/docs/Web/HTTP/Status/403",2026-07-17T13:25:25.054610
francesoir,bd6t5124049j,,failed,0,0,,http_manifest,known,403,manifest,"Client error '403 ' for url 'https://openapiproext.bnf.fr/iiif/presentation/v3/ark:/12148/bd6t5124049j/manifest.json'
For more information check: https://developer.mozilla.org/en-US/docs/Web/HTTP/Status/403",2026-07-17T13:25:26.259890
francesoir,bd6t5124050g,,failed,0,0,,http_manifest,known,403,manifest,"Client error '403 ' for url 'https://openapiproext.bnf.fr/iiif/presentation/v3/ark:/12148/bd6t5124050g/manifest.json'
For more information check: https://developer.mozilla.org/en-US/docs/Web/HTTP/Status/403",2026-07-17T13:25:27.460101
francesoir,bd6t5124051v,,failed,0,0,,http_manifest,known,403,manifest,"Client error '403 ' for url 'https://openapiproext.bnf.fr/iiif/presentation/v3/ark:/12148/bd6t5124051v/manifest.json'
For more information check: https://developer.mozilla.org/en-US/docs/Web/HTTP/Status/403",2026-07-17T13:25:28.662223
francesoir,bd6t51240527,,failed,0,0,,http_manifest,known,403,manifest,"Client error '403 ' for url 'https://openapiproext.bnf.fr/iiif/presentation/v3/ark:/12148/bd6t51240527/manifest.json'
For more information check: https://developer.mozilla.org/en-US/docs/Web/HTTP/Status/403",2026-07-17T13:25:29.861175
francesoir,bd6t5124053m,,failed,0,0,,http_manifest,known,403,manifest,"Client error '403 ' for url 'https://openapiproext.bnf.fr/iiif/presentation/v3/ark:/12148/bd6t5124053m/manifest.json'
For more information check: https://developer.mozilla.org/en-US/docs/Web/HTTP/Status/403",2026-07-17T13:25:31.065094
francesoir,bd6t51240540,,failed,0,0,,http_manifest,known,403,manifest,"Client error '403 ' for url 'https://openapiproext.bnf.fr/iiif/presentation/v3/ark:/12148/bd6t51240540/manifest.json'
For more information check: https://developer.mozilla.org/en-US/docs/Web/HTTP/Status/403",2026-07-17T13:25:32.292745
francesoir,bd6t5124055c,,failed,0,0,,http_manifest,known,403,manifest,"Client error '403 ' for url 'https://openapiproext.bnf.fr/iiif/presentation/v3/ark:/12148/bd6t5124055c/manifest.json'
For more information check: https://developer.mozilla.org/en-US/docs/Web/HTTP/Status/403",2026-07-17T13:25:33.467732
francesoir,bd6t5124056r,,failed,0,0,,http_manifest,known,403,manifest,"Client error '403 ' for url 'https://openapiproext.bnf.fr/iiif/presentation/v3/ark:/12148/bd6t5124056r/manifest.json'
For more information check: https://developer.mozilla.org/en-US/docs/Web/HTTP/Status/403",2026-07-17T13:25:34.669595
francesoir,bd6t51240574,,failed,0,0,,http_manifest,known,403,manifest,"Client error '403 ' for url 'https://openapiproext.bnf.fr/iiif/presentation/v3/ark:/12148/bd6t51240574/manifest.json'
For more information check: https://developer.mozilla.org/en-US/docs/Web/HTTP/Status/403",2026-07-17T13:25:35.871025
francesoir,bd6t5124058h,,failed,0,0,,http_manifest,known,403,manifest,"Client error '403 ' for url 'https://openapiproext.bnf.fr/iiif/presentation/v3/ark:/12148/bd6t5124058h/manifest.json'
For more information check: https://developer.mozilla.org/en-US/docs/Web/HTTP/Status/403",2026-07-17T13:25:37.076096
francesoir,bd6t5124059w,,failed,0,0,,http_manifest,known,403,manifest,"Client error '403 ' for url 'https://openapiproext.bnf.fr/iiif/presentation/v3/ark:/12148/bd6t5124059w/manifest.json'
For more information check: https://developer.mozilla.org/en-US/docs/Web/HTTP/Status/403",2026-07-17T13:25:38.291806
francesoir,bd6t5124060t,,failed,0,0,,http_manifest,known,403,manifest,"Client error '403 ' for url 'https://openapiproext.bnf.fr/iiif/presentation/v3/ark:/12148/bd6t5124060t/manifest.json'
For more information check: https://developer.mozilla.org/en-US/docs/Web/HTTP/Status/403",2026-07-17T13:25:39.478091
francesoir,bd6t51240616,,failed,0,0,,http_manifest,known,403,manifest,"Client error '403 ' for url 'https://openapiproext.bnf.fr/iiif/presentation/v3/ark:/12148/bd6t51240616/manifest.json'
For more information check: https://developer.mozilla.org/en-US/docs/Web/HTTP/Status/403",2026-07-17T13:25:40.681448
francesoir,bd6t5124062k,,failed,0,0,,http_manifest,known,403,manifest,"Client error '403 ' for url 'https://openapiproext.bnf.fr/iiif/presentation/v3/ark:/12148/bd6t5124062k/manifest.json'
For more information check: https://developer.mozilla.org/en-US/docs/Web/HTTP/Status/403",2026-07-17T13:25:41.877334
francesoir,bd6t5124063z,,failed,0,0,,http_manifest,known,403,manifest,"Client error '403 ' for url 'https://openapiproext.bnf.fr/iiif/presentation/v3/ark:/12148/bd6t5124063z/manifest.json'
For more information check: https://developer.mozilla.org/en-US/docs/Web/HTTP/Status/403",2026-07-17T13:25:43.080314
francesoir,bd6t5124064b,,failed,0,0,,http_manifest,known,403,manifest,"Client error '403 ' for url 'https://openapiproext.bnf.fr/iiif/presentation/v3/ark:/12148/bd6t5124064b/manifest.json'
For more information check: https://developer.mozilla.org/en-US/docs/Web/HTTP/Status/403",2026-07-17T13:25:44.286168
francesoir,bd6t5124065q,,failed,0,0,,http_manifest,known,403,manifest,"Client error '403 ' for url 'https://openapiproext.bnf.fr/iiif/presentation/v3/ark:/12148/bd6t5124065q/manifest.json'
For more information check: https://developer.mozilla.org/en-US/docs/Web/HTTP/Status/403",2026-07-17T13:25:45.490106
francesoir,bd6t51240663,,failed,0,0,,http_manifest,known,403,manifest,"Client error '403 ' for url 'https://openapiproext.bnf.fr/iiif/presentation/v3/ark:/12148/bd6t51240663/manifest.json'
For more information check: https://developer.mozilla.org/en-US/docs/Web/HTTP/Status/403",2026-07-17T13:25:46.686528
francesoir,bd6t5124067g,,failed,0,0,,http_manifest,known,403,manifest,"Client error '403 ' for url 'https://openapiproext.bnf.fr/iiif/presentation/v3/ark:/12148/bd6t5124067g/manifest.json'
For more information check: https://developer.mozilla.org/en-US/docs/Web/HTTP/Status/403",2026-07-17T13:25:47.885137
francesoir,bd6t5124068v,,failed,0,0,,http_manifest,known,403,manifest,"Client error '403 ' for url 'https://openapiproext.bnf.fr/iiif/presentation/v3/ark:/12148/bd6t5124068v/manifest.json'
For more information check: https://developer.mozilla.org/en-US/docs/Web/HTTP/Status/403",2026-07-17T13:25:49.089726
francesoir,bd6t51240697,,failed,0,0,,http_manifest,known,403,manifest,"Client error '403 ' for url 'https://openapiproext.bnf.fr/iiif/presentation/v3/ark:/12148/bd6t51240697/manifest.json'
For more information check: https://developer.mozilla.org/en-US/docs/Web/HTTP/Status/403",2026-07-17T13:25:50.314284
francesoir,bd6t51240705,,failed,0,0,,http_manifest,known,403,manifest,"Client error '403 ' for url 'https://openapiproext.bnf.fr/iiif/presentation/v3/ark:/12148/bd6t51240705/manifest.json'
For more information check: https://developer.mozilla.org/en-US/docs/Web/HTTP/Status/403",2026-07-17T13:25:51.489200
francesoir,bd6t5124071j,,failed,0,0,,http_manifest,known,403,manifest,"Client error '403 ' for url 'https://openapiproext.bnf.fr/iiif/presentation/v3/ark:/12148/bd6t5124071j/manifest.json'
For more information check: https://developer.mozilla.org/en-US/docs/Web/HTTP/Status/403",2026-07-17T13:25:52.691258
francesoir,bd6t5124072x,,failed,0,0,,http_manifest,known,403,manifest,"Client error '403 ' for url 'https://openapiproext.bnf.fr/iiif/presentation/v3/ark:/12148/bd6t5124072x/manifest.json'
For more information check: https://developer.mozilla.org/en-US/docs/Web/HTTP/Status/403",2026-07-17T13:25:53.896548
francesoir,bd6t5123970p,,failed,0,0,,http_manifest,known,403,manifest,"Client error '403 ' for url 'https://openapiproext.bnf.fr/iiif/presentation/v3/ark:/12148/bd6t5123970p/manifest.json'
For more information check: https://developer.mozilla.org/en-US/docs/Web/HTTP/Status/403",2026-07-17T13:25:55.097314
francesoir,bd6t51239712,,failed,0,0,,http_manifest,known,403,manifest,"Client error '403 ' for url 'https://openapiproext.bnf.fr/iiif/presentation/v3/ark:/12148/bd6t51239712/manifest.json'
For more information check: https://developer.mozilla.org/en-US/docs/Web/HTTP/Status/403",2026-07-17T13:25:56.304519
francesoir,bd6t5123972f,,failed,0,0,,http_manifest,known,403,manifest,"Client error '403 ' for url 'https://openapiproext.bnf.fr/iiif/presentation/v3/ark:/12148/bd6t5123972f/manifest.json'
For more information check: https://developer.mozilla.org/en-US/docs/Web/HTTP/Status/403",2026-07-17T13:25:57.503032
francesoir,bd6t5123973t,,failed,0,0,,http_manifest,known,403,manifest,"Client error '403 ' for url 'https://openapiproext.bnf.fr/iiif/presentation/v3/ark:/12148/bd6t5123973t/manifest.json'
For more information check: https://developer.mozilla.org/en-US/docs/Web/HTTP/Status/403",2026-07-17T13:25:58.706355
francesoir,bd6t51239746,,failed,0,0,,http_manifest,known,403,manifest,"Client error '403 ' for url 'https://openapiproext.bnf.fr/iiif/presentation/v3/ark:/12148/bd6t51239746/manifest.json'
For more information check: https://developer.mozilla.org/en-US/docs/Web/HTTP/Status/403",2026-07-17T13:26:00.132289
francesoir,bd6t5123975k,,failed,0,0,,http_manifest,known,403,manifest,"Client error '403 ' for url 'https://openapiproext.bnf.fr/iiif/presentation/v3/ark:/12148/bd6t5123975k/manifest.json'
For more information check: https://developer.mozilla.org/en-US/docs/Web/HTTP/Status/403",2026-07-17T13:26:01.167516
francesoir,bd6t5123976z,,failed,0,0,,http_manifest,known,403,manifest,"Client error '403 ' for url 'https://openapiproext.bnf.fr/iiif/presentation/v3/ark:/12148/bd6t5123976z/manifest.json'
For more information check: https://developer.mozilla.org/en-US/docs/Web/HTTP/Status/403",2026-07-17T13:26:02.347035
francesoir,bd6t5123977b,,failed,0,0,,http_manifest,known,403,manifest,"Client error '403 ' for url 'https://openapiproext.bnf.fr/iiif/presentation/v3/ark:/12148/bd6t5123977b/manifest.json'
For more information check: https://developer.mozilla.org/en-US/docs/Web/HTTP/Status/403",2026-07-17T13:26:03.517267
francesoir,bd6t5123978q,,failed,0,0,,http_manifest,known,403,manifest,"Client error '403 ' for url 'https://openapiproext.bnf.fr/iiif/presentation/v3/ark:/12148/bd6t5123978q/manifest.json'
For more information check: https://developer.mozilla.org/en-US/docs/Web/HTTP/Status/403",2026-07-17T13:26:04.927486
francesoir,bd6t51239793,,failed,0,0,,http_manifest,known,403,manifest,"Client error '403 ' for url 'https://openapiproext.bnf.fr/iiif/presentation/v3/ark:/12148/bd6t51239793/manifest.json'
For more information check: https://developer.mozilla.org/en-US/docs/Web/HTTP/Status/403",2026-07-17T13:26:06.176468
francesoir,bd6t51239801,,failed,0,0,,http_manifest,known,403,manifest,"Client error '403 ' for url 'https://openapiproext.bnf.fr/iiif/presentation/v3/ark:/12148/bd6t51239801/manifest.json'
For more information check: https://developer.mozilla.org/en-US/docs/Web/HTTP/Status/403",2026-07-17T13:26:07.116309
francesoir,bd6t5123981d,,failed,0,0,,http_manifest,known,403,manifest,"Client error '403 ' for url 'https://openapiproext.bnf.fr/iiif/presentation/v3/ark:/12148/bd6t5123981d/manifest.json'
For more information check: https://developer.mozilla.org/en-US/docs/Web/HTTP/Status/403",2026-07-17T13:26:08.336293
francesoir,bd6t5123982s,,failed,0,0,,http_manifest,known,403,manifest,"Client error '403 ' for url 'https://openapiproext.bnf.fr/iiif/presentation/v3/ark:/12148/bd6t5123982s/manifest.json'
For more information check: https://developer.mozilla.org/en-US/docs/Web/HTTP/Status/403",2026-07-17T13:26:09.515895
francesoir,bd6t51239835,,failed,0,0,,http_manifest,known,403,manifest,"Client error '403 ' for url 'https://openapiproext.bnf.fr/iiif/presentation/v3/ark:/12148/bd6t51239835/manifest.json'
For more information check: https://developer.mozilla.org/en-US/docs/Web/HTTP/Status/403",2026-07-17T13:26:10.945477
francesoir,bd6t5123984j,,failed,0,0,,http_manifest,known,403,manifest,"Client error '403 ' for url 'https://openapiproext.bnf.fr/iiif/presentation/v3/ark:/12148/bd6t5123984j/manifest.json'
For more information check: https://developer.mozilla.org/en-US/docs/Web/HTTP/Status/403",2026-07-17T13:26:11.927080
francesoir,bd6t5123985x,,failed,0,0,,http_manifest,known,403,manifest,"Client error '403 ' for url 'https://openapiproext.bnf.fr/iiif/presentation/v3/ark:/12148/bd6t5123985x/manifest.json'
For more information check: https://developer.mozilla.org/en-US/docs/Web/HTTP/Status/403",2026-07-17T13:26:13.137286
francesoir,bd6t51239869,,failed,0,0,,http_manifest,known,403,manifest,"Client error '403 ' for url 'https://openapiproext.bnf.fr/iiif/presentation/v3/ark:/12148/bd6t51239869/manifest.json'
For more information check: https://developer.mozilla.org/en-US/docs/Web/HTTP/Status/403",2026-07-17T13:26:14.428588
francesoir,bd6t5123987p,,failed,0,0,,http_manifest,known,403,manifest,"Client error '403 ' for url 'https://openapiproext.bnf.fr/iiif/presentation/v3/ark:/12148/bd6t5123987p/manifest.json'
For more information check: https://developer.mozilla.org/en-US/docs/Web/HTTP/Status/403",2026-07-17T13:26:15.531491
francesoir,bd6t51239882,,failed,0,0,,http_manifest,known,403,manifest,"Client error '403 ' for url 'https://openapiproext.bnf.fr/iiif/presentation/v3/ark:/12148/bd6t51239882/manifest.json'
For more information check: https://developer.mozilla.org/en-US/docs/Web/HTTP/Status/403",2026-07-17T13:26:16.927592
francesoir,bd6t5123989f,,failed,0,0,,http_manifest,known,403,manifest,"Client error '403 ' for url 'https://openapiproext.bnf.fr/iiif/presentation/v3/ark:/12148/bd6t5123989f/manifest.json'
For more information check: https://developer.mozilla.org/en-US/docs/Web/HTTP/Status/403",2026-07-17T13:26:17.935956
francesoir,bd6t5123990c,,failed,0,0,,http_manifest,known,403,manifest,"Client error '403 ' for url 'https://openapiproext.bnf.fr/iiif/presentation/v3/ark:/12148/bd6t5123990c/manifest.json'
For more information check: https://developer.mozilla.org/en-US/docs/Web/HTTP/Status/403",2026-07-17T13:26:19.159174
francesoir,bd6t5123991r,,failed,0,0,,http_manifest,known,403,manifest,"Client error '403 ' for url 'https://openapiproext.bnf.fr/iiif/presentation/v3/ark:/12148/bd6t5123991r/manifest.json'
For more information check: https://developer.mozilla.org/en-US/docs/Web/HTTP/Status/403",2026-07-17T13:26:20.361208
francesoir,bd6t51239924,,failed,0,0,,http_manifest,known,403,manifest,"Client error '403 ' for url 'https://openapiproext.bnf.fr/iiif/presentation/v3/ark:/12148/bd6t51239924/manifest.json'
For more information check: https://developer.mozilla.org/en-US/docs/Web/HTTP/Status/403",2026-07-17T13:26:21.544415
francesoir,bd6t5123993h,,failed,0,0,,http_manifest,known,403,manifest,"Client error '403 ' for url 'https://openapiproext.bnf.fr/iiif/presentation/v3/ark:/12148/bd6t5123993h/manifest.json'
For more information check: https://developer.mozilla.org/en-US/docs/Web/HTTP/Status/403",2026-07-17T13:26:22.791872
francesoir,bd6t5123994w,,failed,0,0,,http_manifest,known,403,manifest,"Client error '403 ' for url 'https://openapiproext.bnf.fr/iiif/presentation/v3/ark:/12148/bd6t5123994w/manifest.json'
For more information check: https://developer.mozilla.org/en-US/docs/Web/HTTP/Status/403",2026-07-17T13:26:23.944448
francesoir,bd6t51239958,,failed,0,0,,http_manifest,known,403,manifest,"Client error '403 ' for url 'https://openapiproext.bnf.fr/iiif/presentation/v3/ark:/12148/bd6t51239958/manifest.json'
For more information check: https://developer.mozilla.org/en-US/docs/Web/HTTP/Status/403",2026-07-17T13:26:25.142697
francesoir,bd6t5123996n,,failed,0,0,,http_manifest,known,403,manifest,"Client error '403 ' for url 'https://openapiproext.bnf.fr/iiif/presentation/v3/ark:/12148/bd6t5123996n/manifest.json'
For more information check: https://developer.mozilla.org/en-US/docs/Web/HTTP/Status/403",2026-07-17T13:26:26.348233
francesoir,bd6t51239971,,failed,0,0,,http_manifest,known,403,manifest,"Client error '403 ' for url 'https://openapiproext.bnf.fr/iiif/presentation/v3/ark:/12148/bd6t51239971/manifest.json'
For more information check: https://developer.mozilla.org/en-US/docs/Web/HTTP/Status/403",2026-07-17T13:26:27.549504
francesoir,bd6t5123998d,,failed,0,0,,http_manifest,known,403,manifest,"Client error '403 ' for url 'https://openapiproext.bnf.fr/iiif/presentation/v3/ark:/12148/bd6t5123998d/manifest.json'
For more information check: https://developer.mozilla.org/en-US/docs/Web/HTTP/Status/403",2026-07-17T13:26:28.785587
francesoir,bd6t5123999s,,failed,0,0,,http_manifest,known,403,manifest,"Client error '403 ' for url 'https://openapiproext.bnf.fr/iiif/presentation/v3/ark:/12148/bd6t5123999s/manifest.json'
For more information check: https://developer.mozilla.org/en-US/docs/Web/HTTP/Status/403",2026-07-17T13:26:29.961202
francesoir,bd6t5124000r,,failed,0,0,,http_manifest,known,403,manifest,"Client error '403 ' for url 'https://openapiproext.bnf.fr/iiif/presentation/v3/ark:/12148/bd6t5124000r/manifest.json'
For more information check: https://developer.mozilla.org/en-US/docs/Web/HTTP/Status/403",2026-07-17T13:26:31.155326
francesoir,bd6t51240014,,failed,0,0,,http_manifest,known,403,manifest,"Client error '403 ' for url 'https://openapiproext.bnf.fr/iiif/presentation/v3/ark:/12148/bd6t51240014/manifest.json'
For more information check: https://developer.mozilla.org/en-US/docs/Web/HTTP/Status/403",2026-07-17T13:26:32.354340
francesoir,bd6t5124002h,,failed,0,0,,http_manifest,known,403,manifest,"Client error '403 ' for url 'https://openapiproext.bnf.fr/iiif/presentation/v3/ark:/12148/bd6t5124002h/manifest.json'
For more information check: https://developer.mozilla.org/en-US/docs/Web/HTTP/Status/403",2026-07-17T13:26:33.556381
francesoir,bd6t5124003w,,failed,0,0,,http_manifest,known,403,manifest,"Client error '403 ' for url 'https://openapiproext.bnf.fr/iiif/presentation/v3/ark:/12148/bd6t5124003w/manifest.json'
For more information check: https://developer.mozilla.org/en-US/docs/Web/HTTP/Status/403",2026-07-17T13:26:34.792742
francesoir,bd6t51240048,,failed,0,0,,http_manifest,known,403,manifest,"Client error '403 ' for url 'https://openapiproext.bnf.fr/iiif/presentation/v3/ark:/12148/bd6t51240048/manifest.json'
For more information check: https://developer.mozilla.org/en-US/docs/Web/HTTP/Status/403",2026-07-17T13:26:35.970657
francesoir,bd6t5124005n,,failed,0,0,,http_manifest,known,403,manifest,"Client error '403 ' for url 'https://openapiproext.bnf.fr/iiif/presentation/v3/ark:/12148/bd6t5124005n/manifest.json'
For more information check: https://developer.mozilla.org/en-US/docs/Web/HTTP/Status/403",2026-07-17T13:26:37.163244
francesoir,bd6t51240061,,failed,0,0,,http_manifest,known,403,manifest,"Client error '403 ' for url 'https://openapiproext.bnf.fr/iiif/presentation/v3/ark:/12148/bd6t51240061/manifest.json'
For more information check: https://developer.mozilla.org/en-US/docs/Web/HTTP/Status/403",2026-07-17T13:26:38.365290
francesoir,bd6t5124007d,,failed,0,0,,http_manifest,known,403,manifest,"Client error '403 ' for url 'https://openapiproext.bnf.fr/iiif/presentation/v3/ark:/12148/bd6t5124007d/manifest.json'
For more information check: https://developer.mozilla.org/en-US/docs/Web/HTTP/Status/403",2026-07-17T13:26:39.574271
francesoir,bd6t5124008s,,failed,0,0,,http_manifest,known,403,manifest,"Client error '403 ' for url 'https://openapiproext.bnf.fr/iiif/presentation/v3/ark:/12148/bd6t5124008s/manifest.json'
For more information check: https://developer.mozilla.org/en-US/docs/Web/HTTP/Status/403",2026-07-17T13:26:40.768899
francesoir,bd6t51240095,,failed,0,0,,http_manifest,known,403,manifest,"Client error '403 ' for url 'https://openapiproext.bnf.fr/iiif/presentation/v3/ark:/12148/bd6t51240095/manifest.json'
For more information check: https://developer.mozilla.org/en-US/docs/Web/HTTP/Status/403",2026-07-17T13:26:41.972258
francesoir,bd6t51240103,,failed,0,0,,http_manifest,known,403,manifest,"Client error '403 ' for url 'https://openapiproext.bnf.fr/iiif/presentation/v3/ark:/12148/bd6t51240103/manifest.json'
For more information check: https://developer.mozilla.org/en-US/docs/Web/HTTP/Status/403",2026-07-17T13:26:43.171067
francesoir,bd6t5124011g,,failed,0,0,,http_manifest,known,403,manifest,"Client error '403 ' for url 'https://openapiproext.bnf.fr/iiif/presentation/v3/ark:/12148/bd6t5124011g/manifest.json'
For more information check: https://developer.mozilla.org/en-US/docs/Web/HTTP/Status/403",2026-07-17T13:26:44.380217
francesoir,bd6t5124012v,,failed,0,0,,http_manifest,known,403,manifest,"Client error '403 ' for url 'https://openapiproext.bnf.fr/iiif/presentation/v3/ark:/12148/bd6t5124012v/manifest.json'
For more information check: https://developer.mozilla.org/en-US/docs/Web/HTTP/Status/403",2026-07-17T13:26:45.583987
francesoir,bd6t51240137,,failed,0,0,,http_manifest,known,403,manifest,"Client error '403 ' for url 'https://openapiproext.bnf.fr/iiif/presentation/v3/ark:/12148/bd6t51240137/manifest.json'
For more information check: https://developer.mozilla.org/en-US/docs/Web/HTTP/Status/403",2026-07-17T13:26:46.820704
francesoir,bd6t5124014m,,failed,0,0,,http_manifest,known,403,manifest,"Client error '403 ' for url 'https://openapiproext.bnf.fr/iiif/presentation/v3/ark:/12148/bd6t5124014m/manifest.json'
For more information check: https://developer.mozilla.org/en-US/docs/Web/HTTP/Status/403",2026-07-17T13:26:47.993828
francesoir,bd6t51240150,,failed,0,0,,http_manifest,known,403,manifest,"Client error '403 ' for url 'https://openapiproext.bnf.fr/iiif/presentation/v3/ark:/12148/bd6t51240150/manifest.json'
For more information check: https://developer.mozilla.org/en-US/docs/Web/HTTP/Status/403",2026-07-17T13:26:49.180585
francesoir,bd6t5124016c,,failed,0,0,,http_manifest,known,403,manifest,"Client error '403 ' for url 'https://openapiproext.bnf.fr/iiif/presentation/v3/ark:/12148/bd6t5124016c/manifest.json'
For more information check: https://developer.mozilla.org/en-US/docs/Web/HTTP/Status/403",2026-07-17T13:26:50.385007
francesoir,bd6t5124017r,,failed,0,0,,http_manifest,known,403,manifest,"Client error '403 ' for url 'https://openapiproext.bnf.fr/iiif/presentation/v3/ark:/12148/bd6t5124017r/manifest.json'
For more information check: https://developer.mozilla.org/en-US/docs/Web/HTTP/Status/403",2026-07-17T13:26:51.587500
francesoir,bd6t51240184,,failed,0,0,,http_manifest,known,403,manifest,"Client error '403 ' for url 'https://openapiproext.bnf.fr/iiif/presentation/v3/ark:/12148/bd6t51240184/manifest.json'
For more information check: https://developer.mozilla.org/en-US/docs/Web/HTTP/Status/403",2026-07-17T13:26:52.800201
francesoir,bd6t5124019h,,failed,0,0,,http_manifest,known,403,manifest,"Client error '403 ' for url 'https://openapiproext.bnf.fr/iiif/presentation/v3/ark:/12148/bd6t5124019h/manifest.json'
For more information check: https://developer.mozilla.org/en-US/docs/Web/HTTP/Status/403",2026-07-17T13:26:54.001836
francesoir,bd6t5124020f,,failed,0,0,,http_manifest,known,403,manifest,"Client error '403 ' for url 'https://openapiproext.bnf.fr/iiif/presentation/v3/ark:/12148/bd6t5124020f/manifest.json'
For more information check: https://developer.mozilla.org/en-US/docs/Web/HTTP/Status/403",2026-07-17T13:26:55.200433
francesoir,bd6t5124021t,,failed,0,0,,http_manifest,known,403,manifest,"Client error '403 ' for url 'https://openapiproext.bnf.fr/iiif/presentation/v3/ark:/12148/bd6t5124021t/manifest.json'
For more information check: https://developer.mozilla.org/en-US/docs/Web/HTTP/Status/403",2026-07-17T13:26:56.391123
francesoir,bd6t51240226,,failed,0,0,,http_manifest,known,403,manifest,"Client error '403 ' for url 'https://openapiproext.bnf.fr/iiif/presentation/v3/ark:/12148/bd6t51240226/manifest.json'
For more information check: https://developer.mozilla.org/en-US/docs/Web/HTTP/Status/403",2026-07-17T13:26:57.685719
francesoir,bd6t51239191,,failed,0,0,,http_manifest,known,403,manifest,"Client error '403 ' for url 'https://openapiproext.bnf.fr/iiif/presentation/v3/ark:/12148/bd6t51239191/manifest.json'
For more information check: https://developer.mozilla.org/en-US/docs/Web/HTTP/Status/403",2026-07-17T13:26:58.817179
francesoir,bd6t5123920z,,failed,0,0,,http_manifest,known,403,manifest,"Client error '403 ' for url 'https://openapiproext.bnf.fr/iiif/presentation/v3/ark:/12148/bd6t5123920z/manifest.json'
For more information check: https://developer.mozilla.org/en-US/docs/Web/HTTP/Status/403",2026-07-17T13:27:00.292433
francesoir,bd6t5123921b,,failed,0,0,,http_manifest,known,403,manifest,"Client error '403 ' for url 'https://openapiproext.bnf.fr/iiif/presentation/v3/ark:/12148/bd6t5123921b/manifest.json'
For more information check: https://developer.mozilla.org/en-US/docs/Web/HTTP/Status/403",2026-07-17T13:27:01.271974
francesoir,bd6t5123922q,,failed,0,0,,http_manifest,known,403,manifest,"Client error '403 ' for url 'https://openapiproext.bnf.fr/iiif/presentation/v3/ark:/12148/bd6t5123922q/manifest.json'
For more information check: https://developer.mozilla.org/en-US/docs/Web/HTTP/Status/403",2026-07-17T13:27:02.396934
francesoir,bd6t51239233,,failed,0,0,,http_manifest,known,403,manifest,"Client error '403 ' for url 'https://openapiproext.bnf.fr/iiif/presentation/v3/ark:/12148/bd6t51239233/manifest.json'
For more information check: https://developer.mozilla.org/en-US/docs/Web/HTTP/Status/403",2026-07-17T13:27:03.597802
francesoir,bd6t5123924g,,failed,0,0,,http_manifest,known,403,manifest,"Client error '403 ' for url 'https://openapiproext.bnf.fr/iiif/presentation/v3/ark:/12148/bd6t5123924g/manifest.json'
For more information check: https://developer.mozilla.org/en-US/docs/Web/HTTP/Status/403",2026-07-17T13:27:04.939225
francesoir,bd6t5123925v,,failed,0,0,,http_manifest,known,403,manifest,"Client error '403 ' for url 'https://openapiproext.bnf.fr/iiif/presentation/v3/ark:/12148/bd6t5123925v/manifest.json'
For more information check: https://developer.mozilla.org/en-US/docs/Web/HTTP/Status/403",2026-07-17T13:27:06.046679
francesoir,bd6t51239267,,failed,0,0,,http_manifest,known,403,manifest,"Client error '403 ' for url 'https://openapiproext.bnf.fr/iiif/presentation/v3/ark:/12148/bd6t51239267/manifest.json'
For more information check: https://developer.mozilla.org/en-US/docs/Web/HTTP/Status/403",2026-07-17T13:27:07.215816
francesoir,bd6t5123927m,,failed,0,0,,http_manifest,known,403,manifest,"Client error '403 ' for url 'https://openapiproext.bnf.fr/iiif/presentation/v3/ark:/12148/bd6t5123927m/manifest.json'
For more information check: https://developer.mozilla.org/en-US/docs/Web/HTTP/Status/403",2026-07-17T13:27:08.414548
francesoir,bd6t51239280,,failed,0,0,,http_manifest,known,403,manifest,"Client error '403 ' for url 'https://openapiproext.bnf.fr/iiif/presentation/v3/ark:/12148/bd6t51239280/manifest.json'
For more information check: https://developer.mozilla.org/en-US/docs/Web/HTTP/Status/403",2026-07-17T13:27:09.607557
francesoir,bd6t5123929c,,failed,0,0,,http_manifest,known,403,manifest,"Client error '403 ' for url 'https://openapiproext.bnf.fr/iiif/presentation/v3/ark:/12148/bd6t5123929c/manifest.json'
For more information check: https://developer.mozilla.org/en-US/docs/Web/HTTP/Status/403",2026-07-17T13:27:10.951712
francesoir,bd6t51239309,,failed,0,0,,http_manifest,known,403,manifest,"Client error '403 ' for url 'https://openapiproext.bnf.fr/iiif/presentation/v3/ark:/12148/bd6t51239309/manifest.json'
For more information check: https://developer.mozilla.org/en-US/docs/Web/HTTP/Status/403",2026-07-17T13:27:12.356642
francesoir,bd6t5123931p,,failed,0,0,,http_manifest,known,403,manifest,"Client error '403 ' for url 'https://openapiproext.bnf.fr/iiif/presentation/v3/ark:/12148/bd6t5123931p/manifest.json'
For more information check: https://developer.mozilla.org/en-US/docs/Web/HTTP/Status/403",2026-07-17T13:27:13.360645
francesoir,bd6t51239322,,failed,0,0,,http_manifest,known,403,manifest,"Client error '403 ' for url 'https://openapiproext.bnf.fr/iiif/presentation/v3/ark:/12148/bd6t51239322/manifest.json'
For more information check: https://developer.mozilla.org/en-US/docs/Web/HTTP/Status/403",2026-07-17T13:27:14.468931
francesoir,bd6t5123933f,,failed,0,0,,http_manifest,known,403,manifest,"Client error '403 ' for url 'https://openapiproext.bnf.fr/iiif/presentation/v3/ark:/12148/bd6t5123933f/manifest.json'
For more information check: https://developer.mozilla.org/en-US/docs/Web/HTTP/Status/403",2026-07-17T13:27:15.839669
francesoir,bd6t5123934t,,failed,0,0,,http_manifest,known,403,manifest,"Client error '403 ' for url 'https://openapiproext.bnf.fr/iiif/presentation/v3/ark:/12148/bd6t5123934t/manifest.json'
For more information check: https://developer.mozilla.org/en-US/docs/Web/HTTP/Status/403",2026-07-17T13:27:16.849049
francesoir,bd6t51239356,,failed,0,0,,http_manifest,known,403,manifest,"Client error '403 ' for url 'https://openapiproext.bnf.fr/iiif/presentation/v3/ark:/12148/bd6t51239356/manifest.json'
For more information check: https://developer.mozilla.org/en-US/docs/Web/HTTP/Status/403",2026-07-17T13:27:18.076340
francesoir,bd6t5123936k,,failed,0,0,,http_manifest,known,403,manifest,"Client error '403 ' for url 'https://openapiproext.bnf.fr/iiif/presentation/v3/ark:/12148/bd6t5123936k/manifest.json'
For more information check: https://developer.mozilla.org/en-US/docs/Web/HTTP/Status/403",2026-07-17T13:27:19.223153
francesoir,bd6t5123937z,,failed,0,0,,http_manifest,known,403,manifest,"Client error '403 ' for url 'https://openapiproext.bnf.fr/iiif/presentation/v3/ark:/12148/bd6t5123937z/manifest.json'
For more information check: https://developer.mozilla.org/en-US/docs/Web/HTTP/Status/403",2026-07-17T13:27:20.421999
francesoir,bd6t5123938b,,failed,0,0,,http_manifest,known,403,manifest,"Client error '403 ' for url 'https://openapiproext.bnf.fr/iiif/presentation/v3/ark:/12148/bd6t5123938b/manifest.json'
For more information check: https://developer.mozilla.org/en-US/docs/Web/HTTP/Status/403",2026-07-17T13:27:21.624563
francesoir,bd6t5123939q,,failed,0,0,,http_manifest,known,403,manifest,"Client error '403 ' for url 'https://openapiproext.bnf.fr/iiif/presentation/v3/ark:/12148/bd6t5123939q/manifest.json'
For more information check: https://developer.mozilla.org/en-US/docs/Web/HTTP/Status/403",2026-07-17T13:27:22.832198
francesoir,bd6t5123940n,,failed,0,0,,http_manifest,known,403,manifest,"Client error '403 ' for url 'https://openapiproext.bnf.fr/iiif/presentation/v3/ark:/12148/bd6t5123940n/manifest.json'
For more information check: https://developer.mozilla.org/en-US/docs/Web/HTTP/Status/403",2026-07-17T13:27:24.031472
francesoir,bd6t51239411,,failed,0,0,,http_manifest,known,403,manifest,"Client error '403 ' for url 'https://openapiproext.bnf.fr/iiif/presentation/v3/ark:/12148/bd6t51239411/manifest.json'
For more information check: https://developer.mozilla.org/en-US/docs/Web/HTTP/Status/403",2026-07-17T13:27:25.231139
francesoir,bd6t5123942d,,failed,0,0,,http_manifest,known,403,manifest,"Client error '403 ' for url 'https://openapiproext.bnf.fr/iiif/presentation/v3/ark:/12148/bd6t5123942d/manifest.json'
For more information check: https://developer.mozilla.org/en-US/docs/Web/HTTP/Status/403",2026-07-17T13:27:26.432958
francesoir,bd6t5123943s,,failed,0,0,,http_manifest,known,403,manifest,"Client error '403 ' for url 'https://openapiproext.bnf.fr/iiif/presentation/v3/ark:/12148/bd6t5123943s/manifest.json'
For more information check: https://developer.mozilla.org/en-US/docs/Web/HTTP/Status/403",2026-07-17T13:27:27.631924
francesoir,bd6t51239445,,failed,0,0,,http_manifest,known,403,manifest,"Client error '403 ' for url 'https://openapiproext.bnf.fr/iiif/presentation/v3/ark:/12148/bd6t51239445/manifest.json'
For more information check: https://developer.mozilla.org/en-US/docs/Web/HTTP/Status/403",2026-07-17T13:27:28.853559
francesoir,bd6t5123945j,,failed,0,0,,http_manifest,known,403,manifest,"Client error '403 ' for url 'https://openapiproext.bnf.fr/iiif/presentation/v3/ark:/12148/bd6t5123945j/manifest.json'
For more information check: https://developer.mozilla.org/en-US/docs/Web/HTTP/Status/403",2026-07-17T13:27:30.036543
francesoir,bd6t5123946x,,failed,0,0,,http_manifest,known,403,manifest,"Client error '403 ' for url 'https://openapiproext.bnf.fr/iiif/presentation/v3/ark:/12148/bd6t5123946x/manifest.json'
For more information check: https://developer.mozilla.org/en-US/docs/Web/HTTP/Status/403",2026-07-17T13:27:31.237077
francesoir,bd6t51239479,,failed,0,0,,http_manifest,known,403,manifest,"Client error '403 ' for url 'https://openapiproext.bnf.fr/iiif/presentation/v3/ark:/12148/bd6t51239479/manifest.json'
For more information check: https://developer.mozilla.org/en-US/docs/Web/HTTP/Status/403",2026-07-17T13:27:32.438573
francesoir,bd6t5123948p,,failed,0,0,,http_manifest,known,403,manifest,"Client error '403 ' for url 'https://openapiproext.bnf.fr/iiif/presentation/v3/ark:/12148/bd6t5123948p/manifest.json'
For more information check: https://developer.mozilla.org/en-US/docs/Web/HTTP/Status/403",2026-07-17T13:27:33.643421
francesoir,bd6t51239492,,failed,0,0,,http_manifest,known,403,manifest,"Client error '403 ' for url 'https://openapiproext.bnf.fr/iiif/presentation/v3/ark:/12148/bd6t51239492/manifest.json'
For more information check: https://developer.mozilla.org/en-US/docs/Web/HTTP/Status/403",2026-07-17T13:27:34.865661
francesoir,bd6t51239500,,failed,0,0,,http_manifest,known,403,manifest,"Client error '403 ' for url 'https://openapiproext.bnf.fr/iiif/presentation/v3/ark:/12148/bd6t51239500/manifest.json'
For more information check: https://developer.mozilla.org/en-US/docs/Web/HTTP/Status/403",2026-07-17T13:27:36.045455
francesoir,bd6t5123951c,,failed,0,0,,http_manifest,known,403,manifest,"Client error '403 ' for url 'https://openapiproext.bnf.fr/iiif/presentation/v3/ark:/12148/bd6t5123951c/manifest.json'
For more information check: https://developer.mozilla.org/en-US/docs/Web/HTTP/Status/403",2026-07-17T13:27:37.245599
francesoir,bd6t5123952r,,failed,0,0,,http_manifest,known,403,manifest,"Client error '403 ' for url 'https://openapiproext.bnf.fr/iiif/presentation/v3/ark:/12148/bd6t5123952r/manifest.json'
For more information check: https://developer.mozilla.org/en-US/docs/Web/HTTP/Status/403",2026-07-17T13:27:38.454965
francesoir,bd6t51239534,,failed,0,0,,http_manifest,known,403,manifest,"Client error '403 ' for url 'https://openapiproext.bnf.fr/iiif/presentation/v3/ark:/12148/bd6t51239534/manifest.json'
For more information check: https://developer.mozilla.org/en-US/docs/Web/HTTP/Status/403",2026-07-17T13:27:39.662758
francesoir,bd6t5123954h,,failed,0,0,,http_manifest,known,403,manifest,"Client error '403 ' for url 'https://openapiproext.bnf.fr/iiif/presentation/v3/ark:/12148/bd6t5123954h/manifest.json'
For more information check: https://developer.mozilla.org/en-US/docs/Web/HTTP/Status/403",2026-07-17T13:27:40.855002
francesoir,bd6t5123955w,,failed,0,0,,http_manifest,known,403,manifest,"Client error '403 ' for url 'https://openapiproext.bnf.fr/iiif/presentation/v3/ark:/12148/bd6t5123955w/manifest.json'
For more information check: https://developer.mozilla.org/en-US/docs/Web/HTTP/Status/403",2026-07-17T13:27:42.054168
francesoir,bd6t51239568,,failed,0,0,,http_manifest,known,403,manifest,"Client error '403 ' for url 'https://openapiproext.bnf.fr/iiif/presentation/v3/ark:/12148/bd6t51239568/manifest.json'
For more information check: https://developer.mozilla.org/en-US/docs/Web/HTTP/Status/403",2026-07-17T13:27:43.257474
francesoir,bd6t5123957n,,failed,0,0,,http_manifest,known,403,manifest,"Client error '403 ' for url 'https://openapiproext.bnf.fr/iiif/presentation/v3/ark:/12148/bd6t5123957n/manifest.json'
For more information check: https://developer.mozilla.org/en-US/docs/Web/HTTP/Status/403",2026-07-17T13:27:44.456400
francesoir,bd6t51239581,,failed,0,0,,http_manifest,known,403,manifest,"Client error '403 ' for url 'https://openapiproext.bnf.fr/iiif/presentation/v3/ark:/12148/bd6t51239581/manifest.json'
For more information check: https://developer.mozilla.org/en-US/docs/Web/HTTP/Status/403",2026-07-17T13:27:45.661713
francesoir,bd6t5123959d,,failed,0,0,,http_manifest,known,403,manifest,"Client error '403 ' for url 'https://openapiproext.bnf.fr/iiif/presentation/v3/ark:/12148/bd6t5123959d/manifest.json'
For more information check: https://developer.mozilla.org/en-US/docs/Web/HTTP/Status/403",2026-07-17T13:27:46.899284
francesoir,bd6t5123960b,,failed,0,0,,http_manifest,known,403,manifest,"Client error '403 ' for url 'https://openapiproext.bnf.fr/iiif/presentation/v3/ark:/12148/bd6t5123960b/manifest.json'
For more information check: https://developer.mozilla.org/en-US/docs/Web/HTTP/Status/403",2026-07-17T13:27:48.071578
francesoir,bd6t5123961q,,failed,0,0,,http_manifest,known,403,manifest,"Client error '403 ' for url 'https://openapiproext.bnf.fr/iiif/presentation/v3/ark:/12148/bd6t5123961q/manifest.json'
For more information check: https://developer.mozilla.org/en-US/docs/Web/HTTP/Status/403",2026-07-17T13:27:49.264813
francesoir,bd6t51239623,,failed,0,0,,http_manifest,known,403,manifest,"Client error '403 ' for url 'https://openapiproext.bnf.fr/iiif/presentation/v3/ark:/12148/bd6t51239623/manifest.json'
For more information check: https://developer.mozilla.org/en-US/docs/Web/HTTP/Status/403",2026-07-17T13:27:50.464560
francesoir,bd6t5123963g,,failed,0,0,,http_manifest,known,403,manifest,"Client error '403 ' for url 'https://openapiproext.bnf.fr/iiif/presentation/v3/ark:/12148/bd6t5123963g/manifest.json'
For more information check: https://developer.mozilla.org/en-US/docs/Web/HTTP/Status/403",2026-07-17T13:27:51.664577
francesoir,bd6t5123964v,,failed,0,0,,http_manifest,known,403,manifest,"Client error '403 ' for url 'https://openapiproext.bnf.fr/iiif/presentation/v3/ark:/12148/bd6t5123964v/manifest.json'
For more information check: https://developer.mozilla.org/en-US/docs/Web/HTTP/Status/403",2026-07-17T13:27:52.874621
francesoir,bd6t51239657,,failed,0,0,,http_manifest,known,403,manifest,"Client error '403 ' for url 'https://openapiproext.bnf.fr/iiif/presentation/v3/ark:/12148/bd6t51239657/manifest.json'
For more information check: https://developer.mozilla.org/en-US/docs/Web/HTTP/Status/403",2026-07-17T13:27:54.076655
francesoir,bd6t5123966m,,failed,0,0,,http_manifest,known,403,manifest,"Client error '403 ' for url 'https://openapiproext.bnf.fr/iiif/presentation/v3/ark:/12148/bd6t5123966m/manifest.json'
For more information check: https://developer.mozilla.org/en-US/docs/Web/HTTP/Status/403",2026-07-17T13:27:55.273770
francesoir,bd6t51239670,,failed,0,0,,http_manifest,known,403,manifest,"Client error '403 ' for url 'https://openapiproext.bnf.fr/iiif/presentation/v3/ark:/12148/bd6t51239670/manifest.json'
For more information check: https://developer.mozilla.org/en-US/docs/Web/HTTP/Status/403",2026-07-17T13:27:56.471807
francesoir,bd6t5123968c,,failed,0,0,,http_manifest,known,403,manifest,"Client error '403 ' for url 'https://openapiproext.bnf.fr/iiif/presentation/v3/ark:/12148/bd6t5123968c/manifest.json'
For more information check: https://developer.mozilla.org/en-US/docs/Web/HTTP/Status/403",2026-07-17T13:27:57.726773
francesoir,bd6t5123969r,,failed,0,0,,http_manifest,known,403,manifest,"Client error '403 ' for url 'https://openapiproext.bnf.fr/iiif/presentation/v3/ark:/12148/bd6t5123969r/manifest.json'
For more information check: https://developer.mozilla.org/en-US/docs/Web/HTTP/Status/403",2026-07-17T13:27:58.904874
francesoir,bd6t5123659g,,failed,0,0,,http_manifest,known,403,manifest,"Client error '403 ' for url 'https://openapiproext.bnf.fr/iiif/presentation/v3/ark:/12148/bd6t5123659g/manifest.json'
For more information check: https://developer.mozilla.org/en-US/docs/Web/HTTP/Status/403",2026-07-17T13:28:00.160945
francesoir,bd6t5123660d,,failed,0,0,,http_manifest,known,403,manifest,"Client error '403 ' for url 'https://openapiproext.bnf.fr/iiif/presentation/v3/ark:/12148/bd6t5123660d/manifest.json'
For more information check: https://developer.mozilla.org/en-US/docs/Web/HTTP/Status/403",2026-07-17T13:28:01.284556
francesoir,bd6t5123661s,,failed,0,0,,http_manifest,known,403,manifest,"Client error '403 ' for url 'https://openapiproext.bnf.fr/iiif/presentation/v3/ark:/12148/bd6t5123661s/manifest.json'
For more information check: https://developer.mozilla.org/en-US/docs/Web/HTTP/Status/403",2026-07-17T13:28:02.482761
francesoir,bd6t51236625,,failed,0,0,,http_manifest,known,403,manifest,"Client error '403 ' for url 'https://openapiproext.bnf.fr/iiif/presentation/v3/ark:/12148/bd6t51236625/manifest.json'
For more information check: https://developer.mozilla.org/en-US/docs/Web/HTTP/Status/403",2026-07-17T13:28:03.928354
francesoir,bd6t5123663j,,failed,0,0,,http_manifest,known,403,manifest,"Client error '403 ' for url 'https://openapiproext.bnf.fr/iiif/presentation/v3/ark:/12148/bd6t5123663j/manifest.json'
For more information check: https://developer.mozilla.org/en-US/docs/Web/HTTP/Status/403",2026-07-17T13:28:04.898772
francesoir,bd6t5123664x,,failed,0,0,,http_manifest,known,403,manifest,"Client error '403 ' for url 'https://openapiproext.bnf.fr/iiif/presentation/v3/ark:/12148/bd6t5123664x/manifest.json'
For more information check: https://developer.mozilla.org/en-US/docs/Web/HTTP/Status/403",2026-07-17T13:28:06.127480
francesoir,bd6t51236659,,failed,0,0,,http_manifest,known,403,manifest,"Client error '403 ' for url 'https://openapiproext.bnf.fr/iiif/presentation/v3/ark:/12148/bd6t51236659/manifest.json'
For more information check: https://developer.mozilla.org/en-US/docs/Web/HTTP/Status/403",2026-07-17T13:28:07.288308
francesoir,bd6t5123666p,,failed,0,0,,http_manifest,known,403,manifest,"Client error '403 ' for url 'https://openapiproext.bnf.fr/iiif/presentation/v3/ark:/12148/bd6t5123666p/manifest.json'
For more information check: https://developer.mozilla.org/en-US/docs/Web/HTTP/Status/403",2026-07-17T13:28:08.489377
francesoir,bd6t51236672,,failed,0,0,,http_manifest,known,403,manifest,"Client error '403 ' for url 'https://openapiproext.bnf.fr/iiif/presentation/v3/ark:/12148/bd6t51236672/manifest.json'
For more information check: https://developer.mozilla.org/en-US/docs/Web/HTTP/Status/403",2026-07-17T13:28:09.693881
francesoir,bd6t5123668f,,failed,0,0,,http_manifest,known,403,manifest,"Client error '403 ' for url 'https://openapiproext.bnf.fr/iiif/presentation/v3/ark:/12148/bd6t5123668f/manifest.json'
For more information check: https://developer.mozilla.org/en-US/docs/Web/HTTP/Status/403",2026-07-17T13:28:10.893979
francesoir,bd6t5123669t,,failed,0,0,,http_manifest,known,403,manifest,"Client error '403 ' for url 'https://openapiproext.bnf.fr/iiif/presentation/v3/ark:/12148/bd6t5123669t/manifest.json'
For more information check: https://developer.mozilla.org/en-US/docs/Web/HTTP/Status/403",2026-07-17T13:28:12.098062
francesoir,bd6t5123670r,,failed,0,0,,http_manifest,known,403,manifest,"Client error '403 ' for url 'https://openapiproext.bnf.fr/iiif/presentation/v3/ark:/12148/bd6t5123670r/manifest.json'
For more information check: https://developer.mozilla.org/en-US/docs/Web/HTTP/Status/403",2026-07-17T13:28:13.294855
francesoir,bd6t51236714,,failed,0,0,,http_manifest,known,403,manifest,"Client error '403 ' for url 'https://openapiproext.bnf.fr/iiif/presentation/v3/ark:/12148/bd6t51236714/manifest.json'
For more information check: https://developer.mozilla.org/en-US/docs/Web/HTTP/Status/403",2026-07-17T13:28:14.638656
francesoir,bd6t5123672h,,failed,0,0,,http_manifest,known,403,manifest,"Client error '403 ' for url 'https://openapiproext.bnf.fr/iiif/presentation/v3/ark:/12148/bd6t5123672h/manifest.json'
For more information check: https://developer.mozilla.org/en-US/docs/Web/HTTP/Status/403",2026-07-17T13:28:15.726404
francesoir,bd6t5123673w,,failed,0,0,,http_manifest,known,403,manifest,"Client error '403 ' for url 'https://openapiproext.bnf.fr/iiif/presentation/v3/ark:/12148/bd6t5123673w/manifest.json'
For more information check: https://developer.mozilla.org/en-US/docs/Web/HTTP/Status/403",2026-07-17T13:28:16.965420
francesoir,bd6t51236748,,failed,0,0,,http_manifest,known,403,manifest,"Client error '403 ' for url 'https://openapiproext.bnf.fr/iiif/presentation/v3/ark:/12148/bd6t51236748/manifest.json'
For more information check: https://developer.mozilla.org/en-US/docs/Web/HTTP/Status/403",2026-07-17T13:28:18.113713
francesoir,bd6t5123675n,,failed,0,0,,http_manifest,known,403,manifest,"Client error '403 ' for url 'https://openapiproext.bnf.fr/iiif/presentation/v3/ark:/12148/bd6t5123675n/manifest.json'
For more information check: https://developer.mozilla.org/en-US/docs/Web/HTTP/Status/403",2026-07-17T13:28:19.305443
francesoir,bd6t51236761,,failed,0,0,,http_manifest,known,403,manifest,"Client error '403 ' for url 'https://openapiproext.bnf.fr/iiif/presentation/v3/ark:/12148/bd6t51236761/manifest.json'
For more information check: https://developer.mozilla.org/en-US/docs/Web/HTTP/Status/403",2026-07-17T13:28:20.583649
francesoir,bd6t5123677d,,failed,0,0,,http_manifest,known,403,manifest,"Client error '403 ' for url 'https://openapiproext.bnf.fr/iiif/presentation/v3/ark:/12148/bd6t5123677d/manifest.json'
For more information check: https://developer.mozilla.org/en-US/docs/Web/HTTP/Status/403",2026-07-17T13:28:21.710666
francesoir,bd6t5123678s,,failed,0,0,,http_manifest,known,403,manifest,"Client error '403 ' for url 'https://openapiproext.bnf.fr/iiif/presentation/v3/ark:/12148/bd6t5123678s/manifest.json'
For more information check: https://developer.mozilla.org/en-US/docs/Web/HTTP/Status/403",2026-07-17T13:28:23.008323
francesoir,bd6t51236795,,failed,0,0,,http_manifest,known,403,manifest,"Client error '403 ' for url 'https://openapiproext.bnf.fr/iiif/presentation/v3/ark:/12148/bd6t51236795/manifest.json'
For more information check: https://developer.mozilla.org/en-US/docs/Web/HTTP/Status/403",2026-07-17T13:28:24.112587
francesoir,bd6t51236803,,failed,0,0,,http_manifest,known,403,manifest,"Client error '403 ' for url 'https://openapiproext.bnf.fr/iiif/presentation/v3/ark:/12148/bd6t51236803/manifest.json'
For more information check: https://developer.mozilla.org/en-US/docs/Web/HTTP/Status/403",2026-07-17T13:28:25.308802
francesoir,bd6t5123681g,,failed,0,0,,http_manifest,known,403,manifest,"Client error '403 ' for url 'https://openapiproext.bnf.fr/iiif/presentation/v3/ark:/12148/bd6t5123681g/manifest.json'
For more information check: https://developer.mozilla.org/en-US/docs/Web/HTTP/Status/403",2026-07-17T13:28:26.512702
francesoir,bd6t5123682v,,failed,0,0,,http_manifest,known,403,manifest,"Client error '403 ' for url 'https://openapiproext.bnf.fr/iiif/presentation/v3/ark:/12148/bd6t5123682v/manifest.json'
For more information check: https://developer.mozilla.org/en-US/docs/Web/HTTP/Status/403",2026-07-17T13:28:27.714184
francesoir,bd6t51236837,,failed,0,0,,http_manifest,known,403,manifest,"Client error '403 ' for url 'https://openapiproext.bnf.fr/iiif/presentation/v3/ark:/12148/bd6t51236837/manifest.json'
For more information check: https://developer.mozilla.org/en-US/docs/Web/HTTP/Status/403",2026-07-17T13:28:28.927236
francesoir,bd6t5123684m,,failed,0,0,,http_manifest,known,403,manifest,"Client error '403 ' for url 'https://openapiproext.bnf.fr/iiif/presentation/v3/ark:/12148/bd6t5123684m/manifest.json'
For more information check: https://developer.mozilla.org/en-US/docs/Web/HTTP/Status/403",2026-07-17T13:28:30.115542
francesoir,bd6t51236850,,failed,0,0,,http_manifest,known,403,manifest,"Client error '403 ' for url 'https://openapiproext.bnf.fr/iiif/presentation/v3/ark:/12148/bd6t51236850/manifest.json'
For more information check: https://developer.mozilla.org/en-US/docs/Web/HTTP/Status/403",2026-07-17T13:28:31.330124
francesoir,bd6t5123686c,,failed,0,0,,http_manifest,known,403,manifest,"Client error '403 ' for url 'https://openapiproext.bnf.fr/iiif/presentation/v3/ark:/12148/bd6t5123686c/manifest.json'
For more information check: https://developer.mozilla.org/en-US/docs/Web/HTTP/Status/403",2026-07-17T13:28:32.519751
francesoir,bd6t5123687r,,failed,0,0,,http_manifest,known,403,manifest,"Client error '403 ' for url 'https://openapiproext.bnf.fr/iiif/presentation/v3/ark:/12148/bd6t5123687r/manifest.json'
For more information check: https://developer.mozilla.org/en-US/docs/Web/HTTP/Status/403",2026-07-17T13:28:33.721350
francesoir,bd6t51236884,,failed,0,0,,http_manifest,known,403,manifest,"Client error '403 ' for url 'https://openapiproext.bnf.fr/iiif/presentation/v3/ark:/12148/bd6t51236884/manifest.json'
For more information check: https://developer.mozilla.org/en-US/docs/Web/HTTP/Status/403",2026-07-17T13:28:34.923087
francesoir,bd6t5123689h,,failed,0,0,,http_manifest,known,403,manifest,"Client error '403 ' for url 'https://openapiproext.bnf.fr/iiif/presentation/v3/ark:/12148/bd6t5123689h/manifest.json'
For more information check: https://developer.mozilla.org/en-US/docs/Web/HTTP/Status/403",2026-07-17T13:28:36.125153
francesoir,bd6t5123690f,,failed,0,0,,http_manifest,known,403,manifest,"Client error '403 ' for url 'https://openapiproext.bnf.fr/iiif/presentation/v3/ark:/12148/bd6t5123690f/manifest.json'
For more information check: https://developer.mozilla.org/en-US/docs/Web/HTTP/Status/403",2026-07-17T13:28:37.329424
francesoir,bd6t5123691t,,failed,0,0,,http_manifest,known,403,manifest,"Client error '403 ' for url 'https://openapiproext.bnf.fr/iiif/presentation/v3/ark:/12148/bd6t5123691t/manifest.json'
For more information check: https://developer.mozilla.org/en-US/docs/Web/HTTP/Status/403",2026-07-17T13:28:38.527798
francesoir,bd6t51236926,,failed,0,0,,http_manifest,known,403,manifest,"Client error '403 ' for url 'https://openapiproext.bnf.fr/iiif/presentation/v3/ark:/12148/bd6t51236926/manifest.json'
For more information check: https://developer.mozilla.org/en-US/docs/Web/HTTP/Status/403",2026-07-17T13:28:39.730617
francesoir,bd6t5123693k,,failed,0,0,,http_manifest,known,403,manifest,"Client error '403 ' for url 'https://openapiproext.bnf.fr/iiif/presentation/v3/ark:/12148/bd6t5123693k/manifest.json'
For more information check: https://developer.mozilla.org/en-US/docs/Web/HTTP/Status/403",2026-07-17T13:28:40.947018
francesoir,bd6t5123694z,,failed,0,0,,http_manifest,known,403,manifest,"Client error '403 ' for url 'https://openapiproext.bnf.fr/iiif/presentation/v3/ark:/12148/bd6t5123694z/manifest.json'
For more information check: https://developer.mozilla.org/en-US/docs/Web/HTTP/Status/403",2026-07-17T13:28:42.131730
francesoir,bd6t5123695b,,failed,0,0,,http_manifest,known,403,manifest,"Client error '403 ' for url 'https://openapiproext.bnf.fr/iiif/presentation/v3/ark:/12148/bd6t5123695b/manifest.json'
For more information check: https://developer.mozilla.org/en-US/docs/Web/HTTP/Status/403",2026-07-17T13:28:43.337011
francesoir,bd6t5123696q,,failed,0,0,,http_manifest,known,403,manifest,"Client error '403 ' for url 'https://openapiproext.bnf.fr/iiif/presentation/v3/ark:/12148/bd6t5123696q/manifest.json'
For more information check: https://developer.mozilla.org/en-US/docs/Web/HTTP/Status/403",2026-07-17T13:28:44.538336
francesoir,bd6t51236973,,failed,0,0,,http_manifest,known,403,manifest,"Client error '403 ' for url 'https://openapiproext.bnf.fr/iiif/presentation/v3/ark:/12148/bd6t51236973/manifest.json'
For more information check: https://developer.mozilla.org/en-US/docs/Web/HTTP/Status/403",2026-07-17T13:28:45.740883
francesoir,bd6t5123698g,,failed,0,0,,http_manifest,known,403,manifest,"Client error '403 ' for url 'https://openapiproext.bnf.fr/iiif/presentation/v3/ark:/12148/bd6t5123698g/manifest.json'
For more information check: https://developer.mozilla.org/en-US/docs/Web/HTTP/Status/403",2026-07-17T13:28:46.953657
francesoir,bd6t5123699v,,failed,0,0,,http_manifest,known,403,manifest,"Client error '403 ' for url 'https://openapiproext.bnf.fr/iiif/presentation/v3/ark:/12148/bd6t5123699v/manifest.json'
For more information check: https://developer.mozilla.org/en-US/docs/Web/HTTP/Status/403",2026-07-17T13:28:48.141202
francesoir,bd6t5123700n,,failed,0,0,,http_manifest,known,403,manifest,"Client error '403 ' for url 'https://openapiproext.bnf.fr/iiif/presentation/v3/ark:/12148/bd6t5123700n/manifest.json'
For more information check: https://developer.mozilla.org/en-US/docs/Web/HTTP/Status/403",2026-07-17T13:28:49.345983
francesoir,bd6t51237011,,failed,0,0,,http_manifest,known,403,manifest,"Client error '403 ' for url 'https://openapiproext.bnf.fr/iiif/presentation/v3/ark:/12148/bd6t51237011/manifest.json'
For more information check: https://developer.mozilla.org/en-US/docs/Web/HTTP/Status/403",2026-07-17T13:28:50.544874
francesoir,bd6t5123702d,,failed,0,0,,http_manifest,known,403,manifest,"Client error '403 ' for url 'https://openapiproext.bnf.fr/iiif/presentation/v3/ark:/12148/bd6t5123702d/manifest.json'
For more information check: https://developer.mozilla.org/en-US/docs/Web/HTTP/Status/403",2026-07-17T13:28:51.748093
francesoir,bd6t5123703s,,failed,0,0,,http_manifest,known,403,manifest,"Client error '403 ' for url 'https://openapiproext.bnf.fr/iiif/presentation/v3/ark:/12148/bd6t5123703s/manifest.json'
For more information check: https://developer.mozilla.org/en-US/docs/Web/HTTP/Status/403",2026-07-17T13:28:52.948623
francesoir,bd6t51237045,,failed,0,0,,http_manifest,known,403,manifest,"Client error '403 ' for url 'https://openapiproext.bnf.fr/iiif/presentation/v3/ark:/12148/bd6t51237045/manifest.json'
For more information check: https://developer.mozilla.org/en-US/docs/Web/HTTP/Status/403",2026-07-17T13:28:54.147544
francesoir,bd6t5123705j,,failed,0,0,,http_manifest,known,403,manifest,"Client error '403 ' for url 'https://openapiproext.bnf.fr/iiif/presentation/v3/ark:/12148/bd6t5123705j/manifest.json'
For more information check: https://developer.mozilla.org/en-US/docs/Web/HTTP/Status/403",2026-07-17T13:28:55.351397
francesoir,bd6t5123706x,,failed,0,0,,http_manifest,known,403,manifest,"Client error '403 ' for url 'https://openapiproext.bnf.fr/iiif/presentation/v3/ark:/12148/bd6t5123706x/manifest.json'
For more information check: https://developer.mozilla.org/en-US/docs/Web/HTTP/Status/403",2026-07-17T13:28:56.554794
francesoir,bd6t51237079,,failed,0,0,,http_manifest,known,403,manifest,"Client error '403 ' for url 'https://openapiproext.bnf.fr/iiif/presentation/v3/ark:/12148/bd6t51237079/manifest.json'
For more information check: https://developer.mozilla.org/en-US/docs/Web/HTTP/Status/403",2026-07-17T13:28:57.758827
francesoir,bd6t5123708p,,failed,0,0,,http_manifest,known,403,manifest,"Client error '403 ' for url 'https://openapiproext.bnf.fr/iiif/presentation/v3/ark:/12148/bd6t5123708p/manifest.json'
For more information check: https://developer.mozilla.org/en-US/docs/Web/HTTP/Status/403",2026-07-17T13:28:59.030244
francesoir,bd6t51237092,,failed,0,0,,http_manifest,known,403,manifest,"Client error '403 ' for url 'https://openapiproext.bnf.fr/iiif/presentation/v3/ark:/12148/bd6t51237092/manifest.json'
For more information check: https://developer.mozilla.org/en-US/docs/Web/HTTP/Status/403",2026-07-17T13:29:00.276103
francesoir,bd6t51237100,,failed,0,0,,http_manifest,known,403,manifest,"Client error '403 ' for url 'https://openapiproext.bnf.fr/iiif/presentation/v3/ark:/12148/bd6t51237100/manifest.json'
For more information check: https://developer.mozilla.org/en-US/docs/Web/HTTP/Status/403",2026-07-17T13:29:01.549221
francesoir,bd6t5123711c,,failed,0,0,,http_manifest,known,403,manifest,"Client error '403 ' for url 'https://openapiproext.bnf.fr/iiif/presentation/v3/ark:/12148/bd6t5123711c/manifest.json'
For more information check: https://developer.mozilla.org/en-US/docs/Web/HTTP/Status/403",2026-07-17T13:29:02.621557
francesoir,bd6t51236070,,failed,0,0,,http_manifest,known,403,manifest,"Client error '403 ' for url 'https://openapiproext.bnf.fr/iiif/presentation/v3/ark:/12148/bd6t51236070/manifest.json'
For more information check: https://developer.mozilla.org/en-US/docs/Web/HTTP/Status/403",2026-07-17T13:29:03.904468
francesoir,bd6t5123608c,,failed,0,0,,http_manifest,known,403,manifest,"Client error '403 ' for url 'https://openapiproext.bnf.fr/iiif/presentation/v3/ark:/12148/bd6t5123608c/manifest.json'
For more information check: https://developer.mozilla.org/en-US/docs/Web/HTTP/Status/403",2026-07-17T13:29:05.099388
francesoir,bd6t5123609r,,failed,0,0,,http_manifest,known,403,manifest,"Client error '403 ' for url 'https://openapiproext.bnf.fr/iiif/presentation/v3/ark:/12148/bd6t5123609r/manifest.json'
For more information check: https://developer.mozilla.org/en-US/docs/Web/HTTP/Status/403",2026-07-17T13:29:06.392653
francesoir,bd6t5123610p,,failed,0,0,,http_manifest,known,403,manifest,"Client error '403 ' for url 'https://openapiproext.bnf.fr/iiif/presentation/v3/ark:/12148/bd6t5123610p/manifest.json'
For more information check: https://developer.mozilla.org/en-US/docs/Web/HTTP/Status/403",2026-07-17T13:29:07.367882
francesoir,bd6t51236112,,failed,0,0,,http_manifest,known,403,manifest,"Client error '403 ' for url 'https://openapiproext.bnf.fr/iiif/presentation/v3/ark:/12148/bd6t51236112/manifest.json'
For more information check: https://developer.mozilla.org/en-US/docs/Web/HTTP/Status/403",2026-07-17T13:29:08.570405
francesoir,bd6t5123612f,,failed,0,0,,http_manifest,known,403,manifest,"Client error '403 ' for url 'https://openapiproext.bnf.fr/iiif/presentation/v3/ark:/12148/bd6t5123612f/manifest.json'
For more information check: https://developer.mozilla.org/en-US/docs/Web/HTTP/Status/403",2026-07-17T13:29:09.771691
francesoir,bd6t5123613t,,failed,0,0,,http_manifest,known,403,manifest,"Client error '403 ' for url 'https://openapiproext.bnf.fr/iiif/presentation/v3/ark:/12148/bd6t5123613t/manifest.json'
For more information check: https://developer.mozilla.org/en-US/docs/Web/HTTP/Status/403",2026-07-17T13:29:10.987436
francesoir,bd6t51236146,,failed,0,0,,http_manifest,known,403,manifest,"Client error '403 ' for url 'https://openapiproext.bnf.fr/iiif/presentation/v3/ark:/12148/bd6t51236146/manifest.json'
For more information check: https://developer.mozilla.org/en-US/docs/Web/HTTP/Status/403",2026-07-17T13:29:12.174229
francesoir,bd6t5123615k,,failed,0,0,,http_manifest,known,403,manifest,"Client error '403 ' for url 'https://openapiproext.bnf.fr/iiif/presentation/v3/ark:/12148/bd6t5123615k/manifest.json'
For more information check: https://developer.mozilla.org/en-US/docs/Web/HTTP/Status/403",2026-07-17T13:29:13.371610
francesoir,bd6t5123616z,,failed,0,0,,http_manifest,known,403,manifest,"Client error '403 ' for url 'https://openapiproext.bnf.fr/iiif/presentation/v3/ark:/12148/bd6t5123616z/manifest.json'
For more information check: https://developer.mozilla.org/en-US/docs/Web/HTTP/Status/403",2026-07-17T13:29:14.576461
francesoir,bd6t5123617b,,failed,0,0,,http_manifest,known,403,manifest,"Client error '403 ' for url 'https://openapiproext.bnf.fr/iiif/presentation/v3/ark:/12148/bd6t5123617b/manifest.json'
For more information check: https://developer.mozilla.org/en-US/docs/Web/HTTP/Status/403",2026-07-17T13:29:15.779713
francesoir,bd6t5123618q,,failed,0,0,,http_manifest,known,403,manifest,"Client error '403 ' for url 'https://openapiproext.bnf.fr/iiif/presentation/v3/ark:/12148/bd6t5123618q/manifest.json'
For more information check: https://developer.mozilla.org/en-US/docs/Web/HTTP/Status/403",2026-07-17T13:29:16.994121
francesoir,bd6t51236193,,failed,0,0,,http_manifest,known,403,manifest,"Client error '403 ' for url 'https://openapiproext.bnf.fr/iiif/presentation/v3/ark:/12148/bd6t51236193/manifest.json'
For more information check: https://developer.mozilla.org/en-US/docs/Web/HTTP/Status/403",2026-07-17T13:29:18.183742
francesoir,bd6t51236201,,failed,0,0,,http_manifest,known,403,manifest,"Client error '403 ' for url 'https://openapiproext.bnf.fr/iiif/presentation/v3/ark:/12148/bd6t51236201/manifest.json'
For more information check: https://developer.mozilla.org/en-US/docs/Web/HTTP/Status/403",2026-07-17T13:29:19.385095
francesoir,bd6t5123621d,,failed,0,0,,http_manifest,known,403,manifest,"Client error '403 ' for url 'https://openapiproext.bnf.fr/iiif/presentation/v3/ark:/12148/bd6t5123621d/manifest.json'
For more information check: https://developer.mozilla.org/en-US/docs/Web/HTTP/Status/403",2026-07-17T13:29:20.606715
francesoir,bd6t5123622s,,failed,0,0,,http_manifest,known,403,manifest,"Client error '403 ' for url 'https://openapiproext.bnf.fr/iiif/presentation/v3/ark:/12148/bd6t5123622s/manifest.json'
For more information check: https://developer.mozilla.org/en-US/docs/Web/HTTP/Status/403",2026-07-17T13:29:21.787481
francesoir,bd6t51236235,,failed,0,0,,http_manifest,known,403,manifest,"Client error '403 ' for url 'https://openapiproext.bnf.fr/iiif/presentation/v3/ark:/12148/bd6t51236235/manifest.json'
For more information check: https://developer.mozilla.org/en-US/docs/Web/HTTP/Status/403",2026-07-17T13:29:22.993234
francesoir,bd6t5123624j,,failed,0,0,,http_manifest,known,403,manifest,"Client error '403 ' for url 'https://openapiproext.bnf.fr/iiif/presentation/v3/ark:/12148/bd6t5123624j/manifest.json'
For more information check: https://developer.mozilla.org/en-US/docs/Web/HTTP/Status/403",2026-07-17T13:29:24.192679
francesoir,bd6t5123625x,,failed,0,0,,http_manifest,known,403,manifest,"Client error '403 ' for url 'https://openapiproext.bnf.fr/iiif/presentation/v3/ark:/12148/bd6t5123625x/manifest.json'
For more information check: https://developer.mozilla.org/en-US/docs/Web/HTTP/Status/403",2026-07-17T13:29:25.400408
francesoir,bd6t51236269,,failed,0,0,,http_manifest,known,403,manifest,"Client error '403 ' for url 'https://openapiproext.bnf.fr/iiif/presentation/v3/ark:/12148/bd6t51236269/manifest.json'
For more information check: https://developer.mozilla.org/en-US/docs/Web/HTTP/Status/403",2026-07-17T13:29:26.595716
francesoir,bd6t5123627p,,failed,0,0,,http_manifest,known,403,manifest,"Client error '403 ' for url 'https://openapiproext.bnf.fr/iiif/presentation/v3/ark:/12148/bd6t5123627p/manifest.json'
For more information check: https://developer.mozilla.org/en-US/docs/Web/HTTP/Status/403",2026-07-17T13:29:27.799552
francesoir,bd6t51236282,,failed,0,0,,http_manifest,known,403,manifest,"Client error '403 ' for url 'https://openapiproext.bnf.fr/iiif/presentation/v3/ark:/12148/bd6t51236282/manifest.json'
For more information check: https://developer.mozilla.org/en-US/docs/Web/HTTP/Status/403",2026-07-17T13:29:29.013984
francesoir,bd6t5123629f,,failed,0,0,,http_manifest,known,403,manifest,"Client error '403 ' for url 'https://openapiproext.bnf.fr/iiif/presentation/v3/ark:/12148/bd6t5123629f/manifest.json'
For more information check: https://developer.mozilla.org/en-US/docs/Web/HTTP/Status/403",2026-07-17T13:29:30.200704
francesoir,bd6t5123630c,,failed,0,0,,http_manifest,known,403,manifest,"Client error '403 ' for url 'https://openapiproext.bnf.fr/iiif/presentation/v3/ark:/12148/bd6t5123630c/manifest.json'
For more information check: https://developer.mozilla.org/en-US/docs/Web/HTTP/Status/403",2026-07-17T13:29:31.400746
francesoir,bd6t5123631r,,failed,0,0,,http_manifest,known,403,manifest,"Client error '403 ' for url 'https://openapiproext.bnf.fr/iiif/presentation/v3/ark:/12148/bd6t5123631r/manifest.json'
For more information check: https://developer.mozilla.org/en-US/docs/Web/HTTP/Status/403",2026-07-17T13:29:32.607723
francesoir,bd6t51236324,,failed,0,0,,http_manifest,known,403,manifest,"Client error '403 ' for url 'https://openapiproext.bnf.fr/iiif/presentation/v3/ark:/12148/bd6t51236324/manifest.json'
For more information check: https://developer.mozilla.org/en-US/docs/Web/HTTP/Status/403",2026-07-17T13:29:33.804828
francesoir,bd6t5123633h,,failed,0,0,,http_manifest,known,403,manifest,"Client error '403 ' for url 'https://openapiproext.bnf.fr/iiif/presentation/v3/ark:/12148/bd6t5123633h/manifest.json'
For more information check: https://developer.mozilla.org/en-US/docs/Web/HTTP/Status/403",2026-07-17T13:29:35.009657
francesoir,bd6t5123634w,,failed,0,0,,http_manifest,known,403,manifest,"Client error '403 ' for url 'https://openapiproext.bnf.fr/iiif/presentation/v3/ark:/12148/bd6t5123634w/manifest.json'
For more information check: https://developer.mozilla.org/en-US/docs/Web/HTTP/Status/403",2026-07-17T13:29:36.206907
francesoir,bd6t51236358,,failed,0,0,,http_manifest,known,403,manifest,"Client error '403 ' for url 'https://openapiproext.bnf.fr/iiif/presentation/v3/ark:/12148/bd6t51236358/manifest.json'
For more information check: https://developer.mozilla.org/en-US/docs/Web/HTTP/Status/403",2026-07-17T13:29:37.408233
francesoir,bd6t5123636n,,failed,0,0,,http_manifest,known,403,manifest,"Client error '403 ' for url 'https://openapiproext.bnf.fr/iiif/presentation/v3/ark:/12148/bd6t5123636n/manifest.json'
For more information check: https://developer.mozilla.org/en-US/docs/Web/HTTP/Status/403",2026-07-17T13:29:38.611974
francesoir,bd6t51236371,,failed,0,0,,http_manifest,known,403,manifest,"Client error '403 ' for url 'https://openapiproext.bnf.fr/iiif/presentation/v3/ark:/12148/bd6t51236371/manifest.json'
For more information check: https://developer.mozilla.org/en-US/docs/Web/HTTP/Status/403",2026-07-17T13:29:39.811245
francesoir,bd6t5123638d,,failed,0,0,,http_manifest,known,403,manifest,"Client error '403 ' for url 'https://openapiproext.bnf.fr/iiif/presentation/v3/ark:/12148/bd6t5123638d/manifest.json'
For more information check: https://developer.mozilla.org/en-US/docs/Web/HTTP/Status/403",2026-07-17T13:29:41.028521
francesoir,bd6t5123639s,,failed,0,0,,http_manifest,known,403,manifest,"Client error '403 ' for url 'https://openapiproext.bnf.fr/iiif/presentation/v3/ark:/12148/bd6t5123639s/manifest.json'
For more information check: https://developer.mozilla.org/en-US/docs/Web/HTTP/Status/403",2026-07-17T13:29:42.216551
francesoir,bd6t5123640q,,failed,0,0,,http_manifest,known,403,manifest,"Client error '403 ' for url 'https://openapiproext.bnf.fr/iiif/presentation/v3/ark:/12148/bd6t5123640q/manifest.json'
For more information check: https://developer.mozilla.org/en-US/docs/Web/HTTP/Status/403",2026-07-17T13:29:43.416719
francesoir,bd6t51236413,,failed,0,0,,http_manifest,known,403,manifest,"Client error '403 ' for url 'https://openapiproext.bnf.fr/iiif/presentation/v3/ark:/12148/bd6t51236413/manifest.json'
For more information check: https://developer.mozilla.org/en-US/docs/Web/HTTP/Status/403",2026-07-17T13:29:44.619007
francesoir,bd6t5123642g,,failed,0,0,,http_manifest,known,403,manifest,"Client error '403 ' for url 'https://openapiproext.bnf.fr/iiif/presentation/v3/ark:/12148/bd6t5123642g/manifest.json'
For more information check: https://developer.mozilla.org/en-US/docs/Web/HTTP/Status/403",2026-07-17T13:29:45.828750
francesoir,bd6t5123643v,,failed,0,0,,http_manifest,known,403,manifest,"Client error '403 ' for url 'https://openapiproext.bnf.fr/iiif/presentation/v3/ark:/12148/bd6t5123643v/manifest.json'
For more information check: https://developer.mozilla.org/en-US/docs/Web/HTTP/Status/403",2026-07-17T13:29:47.036109
francesoir,bd6t51236447,,failed,0,0,,http_manifest,known,403,manifest,"Client error '403 ' for url 'https://openapiproext.bnf.fr/iiif/presentation/v3/ark:/12148/bd6t51236447/manifest.json'
For more information check: https://developer.mozilla.org/en-US/docs/Web/HTTP/Status/403",2026-07-17T13:29:48.232679
francesoir,bd6t5123645m,,failed,0,0,,http_manifest,known,403,manifest,"Client error '403 ' for url 'https://openapiproext.bnf.fr/iiif/presentation/v3/ark:/12148/bd6t5123645m/manifest.json'
For more information check: https://developer.mozilla.org/en-US/docs/Web/HTTP/Status/403",2026-07-17T13:29:49.432525
francesoir,bd6t51236460,,failed,0,0,,http_manifest,known,403,manifest,"Client error '403 ' for url 'https://openapiproext.bnf.fr/iiif/presentation/v3/ark:/12148/bd6t51236460/manifest.json'
For more information check: https://developer.mozilla.org/en-US/docs/Web/HTTP/Status/403",2026-07-17T13:29:50.625744
francesoir,bd6t5123647c,,failed,0,0,,http_manifest,known,403,manifest,"Client error '403 ' for url 'https://openapiproext.bnf.fr/iiif/presentation/v3/ark:/12148/bd6t5123647c/manifest.json'
For more information check: https://developer.mozilla.org/en-US/docs/Web/HTTP/Status/403",2026-07-17T13:29:51.826290
francesoir,bd6t5123648r,,failed,0,0,,http_manifest,known,403,manifest,"Client error '403 ' for url 'https://openapiproext.bnf.fr/iiif/presentation/v3/ark:/12148/bd6t5123648r/manifest.json'
For more information check: https://developer.mozilla.org/en-US/docs/Web/HTTP/Status/403",2026-07-17T13:29:53.032465
francesoir,bd6t51236494,,failed,0,0,,http_manifest,known,403,manifest,"Client error '403 ' for url 'https://openapiproext.bnf.fr/iiif/presentation/v3/ark:/12148/bd6t51236494/manifest.json'
For more information check: https://developer.mozilla.org/en-US/docs/Web/HTTP/Status/403",2026-07-17T13:29:54.231699
francesoir,bd6t51236502,,failed,0,0,,http_manifest,known,403,manifest,"Client error '403 ' for url 'https://openapiproext.bnf.fr/iiif/presentation/v3/ark:/12148/bd6t51236502/manifest.json'
For more information check: https://developer.mozilla.org/en-US/docs/Web/HTTP/Status/403",2026-07-17T13:29:55.431981
francesoir,bd6t5123651f,,failed,0,0,,http_manifest,known,403,manifest,"Client error '403 ' for url 'https://openapiproext.bnf.fr/iiif/presentation/v3/ark:/12148/bd6t5123651f/manifest.json'
For more information check: https://developer.mozilla.org/en-US/docs/Web/HTTP/Status/403",2026-07-17T13:29:56.637146
francesoir,bd6t5123652t,,failed,0,0,,http_manifest,known,403,manifest,"Client error '403 ' for url 'https://openapiproext.bnf.fr/iiif/presentation/v3/ark:/12148/bd6t5123652t/manifest.json'
For more information check: https://developer.mozilla.org/en-US/docs/Web/HTTP/Status/403",2026-07-17T13:29:57.962910
francesoir,bd6t51236536,,failed,0,0,,http_manifest,known,403,manifest,"Client error '403 ' for url 'https://openapiproext.bnf.fr/iiif/presentation/v3/ark:/12148/bd6t51236536/manifest.json'
For more information check: https://developer.mozilla.org/en-US/docs/Web/HTTP/Status/403",2026-07-17T13:29:59.118591
francesoir,bd6t5123654k,,failed,0,0,,http_manifest,known,403,manifest,"Client error '403 ' for url 'https://openapiproext.bnf.fr/iiif/presentation/v3/ark:/12148/bd6t5123654k/manifest.json'
For more information check: https://developer.mozilla.org/en-US/docs/Web/HTTP/Status/403",2026-07-17T13:30:00.248854
francesoir,bd6t5123655z,,failed,0,0,,http_manifest,known,403,manifest,"Client error '403 ' for url 'https://openapiproext.bnf.fr/iiif/presentation/v3/ark:/12148/bd6t5123655z/manifest.json'
For more information check: https://developer.mozilla.org/en-US/docs/Web/HTTP/Status/403",2026-07-17T13:30:01.708701
francesoir,bd6t5123656b,,failed,0,0,,http_manifest,known,403,manifest,"Client error '403 ' for url 'https://openapiproext.bnf.fr/iiif/presentation/v3/ark:/12148/bd6t5123656b/manifest.json'
For more information check: https://developer.mozilla.org/en-US/docs/Web/HTTP/Status/403",2026-07-17T13:30:02.640438
francesoir,bd6t5123657q,,failed,0,0,,http_manifest,known,403,manifest,"Client error '403 ' for url 'https://openapiproext.bnf.fr/iiif/presentation/v3/ark:/12148/bd6t5123657q/manifest.json'
For more information check: https://developer.mozilla.org/en-US/docs/Web/HTTP/Status/403",2026-07-17T13:30:04.076316
francesoir,bd6t51236583,,failed,0,0,,http_manifest,known,403,manifest,"Client error '403 ' for url 'https://openapiproext.bnf.fr/iiif/presentation/v3/ark:/12148/bd6t51236583/manifest.json'
For more information check: https://developer.mozilla.org/en-US/docs/Web/HTTP/Status/403",2026-07-17T13:30:05.331204
francesoir,bd6t51235035,,failed,0,0,,http_manifest,known,403,manifest,"Client error '403 ' for url 'https://openapiproext.bnf.fr/iiif/presentation/v3/ark:/12148/bd6t51235035/manifest.json'
For more information check: https://developer.mozilla.org/en-US/docs/Web/HTTP/Status/403",2026-07-17T13:30:06.400266
francesoir,bd6t5123504j,,failed,0,0,,http_manifest,known,403,manifest,"Client error '403 ' for url 'https://openapiproext.bnf.fr/iiif/presentation/v3/ark:/12148/bd6t5123504j/manifest.json'
For more information check: https://developer.mozilla.org/en-US/docs/Web/HTTP/Status/403",2026-07-17T13:30:07.446852
francesoir,bd6t5123505x,,failed,0,0,,http_manifest,known,403,manifest,"Client error '403 ' for url 'https://openapiproext.bnf.fr/iiif/presentation/v3/ark:/12148/bd6t5123505x/manifest.json'
For more information check: https://developer.mozilla.org/en-US/docs/Web/HTTP/Status/403",2026-07-17T13:30:08.650258
francesoir,bd6t51235069,,failed,0,0,,http_manifest,known,403,manifest,"Client error '403 ' for url 'https://openapiproext.bnf.fr/iiif/presentation/v3/ark:/12148/bd6t51235069/manifest.json'
For more information check: https://developer.mozilla.org/en-US/docs/Web/HTTP/Status/403",2026-07-17T13:30:09.847259
francesoir,bd6t5123507p,,failed,0,0,,http_manifest,known,403,manifest,"Client error '403 ' for url 'https://openapiproext.bnf.fr/iiif/presentation/v3/ark:/12148/bd6t5123507p/manifest.json'
For more information check: https://developer.mozilla.org/en-US/docs/Web/HTTP/Status/403",2026-07-17T13:30:11.064979
francesoir,bd6t51235082,,failed,0,0,,http_manifest,known,403,manifest,"Client error '403 ' for url 'https://openapiproext.bnf.fr/iiif/presentation/v3/ark:/12148/bd6t51235082/manifest.json'
For more information check: https://developer.mozilla.org/en-US/docs/Web/HTTP/Status/403",2026-07-17T13:30:12.253544
francesoir,bd6t5123509f,,failed,0,0,,http_manifest,known,403,manifest,"Client error '403 ' for url 'https://openapiproext.bnf.fr/iiif/presentation/v3/ark:/12148/bd6t5123509f/manifest.json'
For more information check: https://developer.mozilla.org/en-US/docs/Web/HTTP/Status/403",2026-07-17T13:30:13.457935
francesoir,bd6t5123510c,,failed,0,0,,http_manifest,known,403,manifest,"Client error '403 ' for url 'https://openapiproext.bnf.fr/iiif/presentation/v3/ark:/12148/bd6t5123510c/manifest.json'
For more information check: https://developer.mozilla.org/en-US/docs/Web/HTTP/Status/403",2026-07-17T13:30:14.657887
francesoir,bd6t5123511r,,failed,0,0,,http_manifest,known,403,manifest,"Client error '403 ' for url 'https://openapiproext.bnf.fr/iiif/presentation/v3/ark:/12148/bd6t5123511r/manifest.json'
For more information check: https://developer.mozilla.org/en-US/docs/Web/HTTP/Status/403",2026-07-17T13:30:15.858989
francesoir,bd6t51235124,,failed,0,0,,http_manifest,known,403,manifest,"Client error '403 ' for url 'https://openapiproext.bnf.fr/iiif/presentation/v3/ark:/12148/bd6t51235124/manifest.json'
For more information check: https://developer.mozilla.org/en-US/docs/Web/HTTP/Status/403",2026-07-17T13:30:17.073825
francesoir,bd6t5123513h,,failed,0,0,,http_manifest,known,403,manifest,"Client error '403 ' for url 'https://openapiproext.bnf.fr/iiif/presentation/v3/ark:/12148/bd6t5123513h/manifest.json'
For more information check: https://developer.mozilla.org/en-US/docs/Web/HTTP/Status/403",2026-07-17T13:30:18.264693
francesoir,bd6t5123514w,,failed,0,0,,http_manifest,known,403,manifest,"Client error '403 ' for url 'https://openapiproext.bnf.fr/iiif/presentation/v3/ark:/12148/bd6t5123514w/manifest.json'
For more information check: https://developer.mozilla.org/en-US/docs/Web/HTTP/Status/403",2026-07-17T13:30:19.466847
francesoir,bd6t51235158,,failed,0,0,,http_manifest,known,403,manifest,"Client error '403 ' for url 'https://openapiproext.bnf.fr/iiif/presentation/v3/ark:/12148/bd6t51235158/manifest.json'
For more information check: https://developer.mozilla.org/en-US/docs/Web/HTTP/Status/403",2026-07-17T13:30:20.666675
francesoir,bd6t5123516n,,failed,0,0,,http_manifest,known,403,manifest,"Client error '403 ' for url 'https://openapiproext.bnf.fr/iiif/presentation/v3/ark:/12148/bd6t5123516n/manifest.json'
For more information check: https://developer.mozilla.org/en-US/docs/Web/HTTP/Status/403",2026-07-17T13:30:21.868622
francesoir,bd6t51235171,,failed,0,0,,http_manifest,known,403,manifest,"Client error '403 ' for url 'https://openapiproext.bnf.fr/iiif/presentation/v3/ark:/12148/bd6t51235171/manifest.json'
For more information check: https://developer.mozilla.org/en-US/docs/Web/HTTP/Status/403",2026-07-17T13:30:23.082885
francesoir,bd6t5123518d,,failed,0,0,,http_manifest,known,403,manifest,"Client error '403 ' for url 'https://openapiproext.bnf.fr/iiif/presentation/v3/ark:/12148/bd6t5123518d/manifest.json'
For more information check: https://developer.mozilla.org/en-US/docs/Web/HTTP/Status/403",2026-07-17T13:30:24.280279
francesoir,bd6t5123519s,,failed,0,0,,http_manifest,known,403,manifest,"Client error '403 ' for url 'https://openapiproext.bnf.fr/iiif/presentation/v3/ark:/12148/bd6t5123519s/manifest.json'
For more information check: https://developer.mozilla.org/en-US/docs/Web/HTTP/Status/403",2026-07-17T13:30:25.469937
francesoir,bd6t5123520q,,failed,0,0,,http_manifest,known,403,manifest,"Client error '403 ' for url 'https://openapiproext.bnf.fr/iiif/presentation/v3/ark:/12148/bd6t5123520q/manifest.json'
For more information check: https://developer.mozilla.org/en-US/docs/Web/HTTP/Status/403",2026-07-17T13:30:26.674919
francesoir,bd6t51235213,,failed,0,0,,http_manifest,known,403,manifest,"Client error '403 ' for url 'https://openapiproext.bnf.fr/iiif/presentation/v3/ark:/12148/bd6t51235213/manifest.json'
For more information check: https://developer.mozilla.org/en-US/docs/Web/HTTP/Status/403",2026-07-17T13:30:27.876608
francesoir,bd6t5123522g,,failed,0,0,,http_manifest,known,403,manifest,"Client error '403 ' for url 'https://openapiproext.bnf.fr/iiif/presentation/v3/ark:/12148/bd6t5123522g/manifest.json'
For more information check: https://developer.mozilla.org/en-US/docs/Web/HTTP/Status/403",2026-07-17T13:30:29.088232
francesoir,bd6t5123523v,,failed,0,0,,http_manifest,known,403,manifest,"Client error '403 ' for url 'https://openapiproext.bnf.fr/iiif/presentation/v3/ark:/12148/bd6t5123523v/manifest.json'
For more information check: https://developer.mozilla.org/en-US/docs/Web/HTTP/Status/403",2026-07-17T13:30:30.282853
francesoir,bd6t51235247,,failed,0,0,,http_manifest,known,403,manifest,"Client error '403 ' for url 'https://openapiproext.bnf.fr/iiif/presentation/v3/ark:/12148/bd6t51235247/manifest.json'
For more information check: https://developer.mozilla.org/en-US/docs/Web/HTTP/Status/403",2026-07-17T13:30:31.482375
francesoir,bd6t5123525m,,failed,0,0,,http_manifest,known,403,manifest,"Client error '403 ' for url 'https://openapiproext.bnf.fr/iiif/presentation/v3/ark:/12148/bd6t5123525m/manifest.json'
For more information check: https://developer.mozilla.org/en-US/docs/Web/HTTP/Status/403",2026-07-17T13:30:32.685837
francesoir,bd6t51235260,,failed,0,0,,http_manifest,known,403,manifest,"Client error '403 ' for url 'https://openapiproext.bnf.fr/iiif/presentation/v3/ark:/12148/bd6t51235260/manifest.json'
For more information check: https://developer.mozilla.org/en-US/docs/Web/HTTP/Status/403",2026-07-17T13:30:33.886345
francesoir,bd6t5123527c,,failed,0,0,,http_manifest,known,403,manifest,"Client error '403 ' for url 'https://openapiproext.bnf.fr/iiif/presentation/v3/ark:/12148/bd6t5123527c/manifest.json'
For more information check: https://developer.mozilla.org/en-US/docs/Web/HTTP/Status/403",2026-07-17T13:30:35.086158
francesoir,bd6t5123528r,,failed,0,0,,http_manifest,known,403,manifest,"Client error '403 ' for url 'https://openapiproext.bnf.fr/iiif/presentation/v3/ark:/12148/bd6t5123528r/manifest.json'
For more information check: https://developer.mozilla.org/en-US/docs/Web/HTTP/Status/403",2026-07-17T13:30:36.290869
francesoir,bd6t51235294,,failed,0,0,,http_manifest,known,403,manifest,"Client error '403 ' for url 'https://openapiproext.bnf.fr/iiif/presentation/v3/ark:/12148/bd6t51235294/manifest.json'
For more information check: https://developer.mozilla.org/en-US/docs/Web/HTTP/Status/403",2026-07-17T13:30:37.494986
francesoir,bd6t51235302,,failed,0,0,,http_manifest,known,403,manifest,"Client error '403 ' for url 'https://openapiproext.bnf.fr/iiif/presentation/v3/ark:/12148/bd6t51235302/manifest.json'
For more information check: https://developer.mozilla.org/en-US/docs/Web/HTTP/Status/403",2026-07-17T13:30:38.717591
francesoir,bd6t5123531f,,failed,0,0,,http_manifest,known,403,manifest,"Client error '403 ' for url 'https://openapiproext.bnf.fr/iiif/presentation/v3/ark:/12148/bd6t5123531f/manifest.json'
For more information check: https://developer.mozilla.org/en-US/docs/Web/HTTP/Status/403",2026-07-17T13:30:39.897407
francesoir,bd6t5123532t,,failed,0,0,,http_manifest,known,403,manifest,"Client error '403 ' for url 'https://openapiproext.bnf.fr/iiif/presentation/v3/ark:/12148/bd6t5123532t/manifest.json'
For more information check: https://developer.mozilla.org/en-US/docs/Web/HTTP/Status/403",2026-07-17T13:30:41.098116
francesoir,bd6t51235336,,failed,0,0,,http_manifest,known,403,manifest,"Client error '403 ' for url 'https://openapiproext.bnf.fr/iiif/presentation/v3/ark:/12148/bd6t51235336/manifest.json'
For more information check: https://developer.mozilla.org/en-US/docs/Web/HTTP/Status/403",2026-07-17T13:30:42.296489
francesoir,bd6t5123534k,,failed,0,0,,http_manifest,known,403,manifest,"Client error '403 ' for url 'https://openapiproext.bnf.fr/iiif/presentation/v3/ark:/12148/bd6t5123534k/manifest.json'
For more information check: https://developer.mozilla.org/en-US/docs/Web/HTTP/Status/403",2026-07-17T13:30:43.505701
francesoir,bd6t5123535z,,failed,0,0,,http_manifest,known,403,manifest,"Client error '403 ' for url 'https://openapiproext.bnf.fr/iiif/presentation/v3/ark:/12148/bd6t5123535z/manifest.json'
For more information check: https://developer.mozilla.org/en-US/docs/Web/HTTP/Status/403",2026-07-17T13:30:44.730315
francesoir,bd6t5123536b,,failed,0,0,,http_manifest,known,403,manifest,"Client error '403 ' for url 'https://openapiproext.bnf.fr/iiif/presentation/v3/ark:/12148/bd6t5123536b/manifest.json'
For more information check: https://developer.mozilla.org/en-US/docs/Web/HTTP/Status/403",2026-07-17T13:30:45.905537
francesoir,bd6t5123537q,,failed,0,0,,http_manifest,known,403,manifest,"Client error '403 ' for url 'https://openapiproext.bnf.fr/iiif/presentation/v3/ark:/12148/bd6t5123537q/manifest.json'
For more information check: https://developer.mozilla.org/en-US/docs/Web/HTTP/Status/403",2026-07-17T13:30:47.107168
francesoir,bd6t51235383,,failed,0,0,,http_manifest,known,403,manifest,"Client error '403 ' for url 'https://openapiproext.bnf.fr/iiif/presentation/v3/ark:/12148/bd6t51235383/manifest.json'
For more information check: https://developer.mozilla.org/en-US/docs/Web/HTTP/Status/403",2026-07-17T13:30:48.306101
francesoir,bd6t5123539g,,failed,0,0,,http_manifest,known,403,manifest,"Client error '403 ' for url 'https://openapiproext.bnf.fr/iiif/presentation/v3/ark:/12148/bd6t5123539g/manifest.json'
For more information check: https://developer.mozilla.org/en-US/docs/Web/HTTP/Status/403",2026-07-17T13:30:49.506517
francesoir,bd6t5123540d,,failed,0,0,,http_manifest,known,403,manifest,"Client error '403 ' for url 'https://openapiproext.bnf.fr/iiif/presentation/v3/ark:/12148/bd6t5123540d/manifest.json'
For more information check: https://developer.mozilla.org/en-US/docs/Web/HTTP/Status/403",2026-07-17T13:30:50.710962
francesoir,bd6t5123541s,,failed,0,0,,http_manifest,known,403,manifest,"Client error '403 ' for url 'https://openapiproext.bnf.fr/iiif/presentation/v3/ark:/12148/bd6t5123541s/manifest.json'
For more information check: https://developer.mozilla.org/en-US/docs/Web/HTTP/Status/403",2026-07-17T13:30:51.908112
francesoir,bd6t51235425,,failed,0,0,,http_manifest,known,403,manifest,"Client error '403 ' for url 'https://openapiproext.bnf.fr/iiif/presentation/v3/ark:/12148/bd6t51235425/manifest.json'
For more information check: https://developer.mozilla.org/en-US/docs/Web/HTTP/Status/403",2026-07-17T13:30:53.113975
francesoir,bd6t5123543j,,failed,0,0,,http_manifest,known,403,manifest,"Client error '403 ' for url 'https://openapiproext.bnf.fr/iiif/presentation/v3/ark:/12148/bd6t5123543j/manifest.json'
For more information check: https://developer.mozilla.org/en-US/docs/Web/HTTP/Status/403",2026-07-17T13:30:54.322191
francesoir,bd6t5123544x,,failed,0,0,,http_manifest,known,403,manifest,"Client error '403 ' for url 'https://openapiproext.bnf.fr/iiif/presentation/v3/ark:/12148/bd6t5123544x/manifest.json'
For more information check: https://developer.mozilla.org/en-US/docs/Web/HTTP/Status/403",2026-07-17T13:30:55.519548
francesoir,bd6t51235459,,failed,0,0,,http_manifest,known,403,manifest,"Client error '403 ' for url 'https://openapiproext.bnf.fr/iiif/presentation/v3/ark:/12148/bd6t51235459/manifest.json'
For more information check: https://developer.mozilla.org/en-US/docs/Web/HTTP/Status/403",2026-07-17T13:30:56.749537
francesoir,bd6t5123546p,,failed,0,0,,http_manifest,known,403,manifest,"Client error '403 ' for url 'https://openapiproext.bnf.fr/iiif/presentation/v3/ark:/12148/bd6t5123546p/manifest.json'
For more information check: https://developer.mozilla.org/en-US/docs/Web/HTTP/Status/403",2026-07-17T13:30:58.084831
francesoir,bd6t51235472,,failed,0,0,,http_manifest,known,403,manifest,"Client error '403 ' for url 'https://openapiproext.bnf.fr/iiif/presentation/v3/ark:/12148/bd6t51235472/manifest.json'
For more information check: https://developer.mozilla.org/en-US/docs/Web/HTTP/Status/403",2026-07-17T13:30:59.341148
francesoir,bd6t5123548f,,failed,0,0,,http_manifest,known,403,manifest,"Client error '403 ' for url 'https://openapiproext.bnf.fr/iiif/presentation/v3/ark:/12148/bd6t5123548f/manifest.json'
For more information check: https://developer.mozilla.org/en-US/docs/Web/HTTP/Status/403",2026-07-17T13:31:00.432875
francesoir,bd6t5123549t,,failed,0,0,,http_manifest,known,403,manifest,"Client error '403 ' for url 'https://openapiproext.bnf.fr/iiif/presentation/v3/ark:/12148/bd6t5123549t/manifest.json'
For more information check: https://developer.mozilla.org/en-US/docs/Web/HTTP/Status/403",2026-07-17T13:31:01.666668
francesoir,bd6t5123550r,,failed,0,0,,http_manifest,known,403,manifest,"Client error '403 ' for url 'https://openapiproext.bnf.fr/iiif/presentation/v3/ark:/12148/bd6t5123550r/manifest.json'
For more information check: https://developer.mozilla.org/en-US/docs/Web/HTTP/Status/403",2026-07-17T13:31:02.913120
francesoir,bd6t51235514,,failed,0,0,,http_manifest,known,403,manifest,"Client error '403 ' for url 'https://openapiproext.bnf.fr/iiif/presentation/v3/ark:/12148/bd6t51235514/manifest.json'
For more information check: https://developer.mozilla.org/en-US/docs/Web/HTTP/Status/403",2026-07-17T13:31:04.156710
francesoir,bd6t5123552h,,failed,0,0,,http_manifest,known,403,manifest,"Client error '403 ' for url 'https://openapiproext.bnf.fr/iiif/presentation/v3/ark:/12148/bd6t5123552h/manifest.json'
For more information check: https://developer.mozilla.org/en-US/docs/Web/HTTP/Status/403",2026-07-17T13:31:05.204720
francesoir,bd6t5123553w,,failed,0,0,,http_manifest,known,403,manifest,"Client error '403 ' for url 'https://openapiproext.bnf.fr/iiif/presentation/v3/ark:/12148/bd6t5123553w/manifest.json'
For more information check: https://developer.mozilla.org/en-US/docs/Web/HTTP/Status/403",2026-07-17T13:31:06.554819
francesoir,bd6t51235548,,failed,0,0,,http_manifest,known,403,manifest,"Client error '403 ' for url 'https://openapiproext.bnf.fr/iiif/presentation/v3/ark:/12148/bd6t51235548/manifest.json'
For more information check: https://developer.mozilla.org/en-US/docs/Web/HTTP/Status/403",2026-07-17T13:31:07.531974
francesoir,bd6t5123555n,,failed,0,0,,http_manifest,known,403,manifest,"Client error '403 ' for url 'https://openapiproext.bnf.fr/iiif/presentation/v3/ark:/12148/bd6t5123555n/manifest.json'
For more information check: https://developer.mozilla.org/en-US/docs/Web/HTTP/Status/403",2026-07-17T13:31:08.789890
francesoir,bd6t51231918,,failed,0,0,,http_manifest,known,403,manifest,"Client error '403 ' for url 'https://openapiproext.bnf.fr/iiif/presentation/v3/ark:/12148/bd6t51231918/manifest.json'
For more information check: https://developer.mozilla.org/en-US/docs/Web/HTTP/Status/403",2026-07-17T13:31:09.935508
francesoir,bd6t5123192n,,failed,0,0,,http_manifest,known,403,manifest,"Client error '403 ' for url 'https://openapiproext.bnf.fr/iiif/presentation/v3/ark:/12148/bd6t5123192n/manifest.json'
For more information check: https://developer.mozilla.org/en-US/docs/Web/HTTP/Status/403",2026-07-17T13:31:11.145814
francesoir,bd6t51231931,,failed,0,0,,http_manifest,known,403,manifest,"Client error '403 ' for url 'https://openapiproext.bnf.fr/iiif/presentation/v3/ark:/12148/bd6t51231931/manifest.json'
For more information check: https://developer.mozilla.org/en-US/docs/Web/HTTP/Status/403",2026-07-17T13:31:12.493315
francesoir,bd6t5123194d,,failed,0,0,,http_manifest,known,403,manifest,"Client error '403 ' for url 'https://openapiproext.bnf.fr/iiif/presentation/v3/ark:/12148/bd6t5123194d/manifest.json'
For more information check: https://developer.mozilla.org/en-US/docs/Web/HTTP/Status/403",2026-07-17T13:31:13.538982
francesoir,bd6t5123195s,,failed,0,0,,http_manifest,known,403,manifest,"Client error '403 ' for url 'https://openapiproext.bnf.fr/iiif/presentation/v3/ark:/12148/bd6t5123195s/manifest.json'
For more information check: https://developer.mozilla.org/en-US/docs/Web/HTTP/Status/403",2026-07-17T13:31:14.768286
francesoir,bd6t51231965,,failed,0,0,,http_manifest,known,403,manifest,"Client error '403 ' for url 'https://openapiproext.bnf.fr/iiif/presentation/v3/ark:/12148/bd6t51231965/manifest.json'
For more information check: https://developer.mozilla.org/en-US/docs/Web/HTTP/Status/403",2026-07-17T13:31:15.943972
francesoir,bd6t5123197j,,failed,0,0,,http_manifest,known,403,manifest,"Client error '403 ' for url 'https://openapiproext.bnf.fr/iiif/presentation/v3/ark:/12148/bd6t5123197j/manifest.json'
For more information check: https://developer.mozilla.org/en-US/docs/Web/HTTP/Status/403",2026-07-17T13:31:17.154154
francesoir,bd6t5123198x,,failed,0,0,,http_manifest,known,403,manifest,"Client error '403 ' for url 'https://openapiproext.bnf.fr/iiif/presentation/v3/ark:/12148/bd6t5123198x/manifest.json'
For more information check: https://developer.mozilla.org/en-US/docs/Web/HTTP/Status/403",2026-07-17T13:31:18.456750
francesoir,bd6t51231999,,failed,0,0,,http_manifest,known,403,manifest,"Client error '403 ' for url 'https://openapiproext.bnf.fr/iiif/presentation/v3/ark:/12148/bd6t51231999/manifest.json'
For more information check: https://developer.mozilla.org/en-US/docs/Web/HTTP/Status/403",2026-07-17T13:31:19.558549
francesoir,bd6t51232003,,failed,0,0,,http_manifest,known,403,manifest,"Client error '403 ' for url 'https://openapiproext.bnf.fr/iiif/presentation/v3/ark:/12148/bd6t51232003/manifest.json'
For more information check: https://developer.mozilla.org/en-US/docs/Web/HTTP/Status/403",2026-07-17T13:31:20.750353
francesoir,bd6t5123201g,,failed,0,0,,http_manifest,known,403,manifest,"Client error '403 ' for url 'https://openapiproext.bnf.fr/iiif/presentation/v3/ark:/12148/bd6t5123201g/manifest.json'
For more information check: https://developer.mozilla.org/en-US/docs/Web/HTTP/Status/403",2026-07-17T13:31:21.952199
francesoir,bd6t5123202v,,failed,0,0,,http_manifest,known,403,manifest,"Client error '403 ' for url 'https://openapiproext.bnf.fr/iiif/presentation/v3/ark:/12148/bd6t5123202v/manifest.json'
For more information check: https://developer.mozilla.org/en-US/docs/Web/HTTP/Status/403",2026-07-17T13:31:23.156291
francesoir,bd6t51232037,,failed,0,0,,http_manifest,known,403,manifest,"Client error '403 ' for url 'https://openapiproext.bnf.fr/iiif/presentation/v3/ark:/12148/bd6t51232037/manifest.json'
For more information check: https://developer.mozilla.org/en-US/docs/Web/HTTP/Status/403",2026-07-17T13:31:24.357668
francesoir,bd6t5123204m,,failed,0,0,,http_manifest,known,403,manifest,"Client error '403 ' for url 'https://openapiproext.bnf.fr/iiif/presentation/v3/ark:/12148/bd6t5123204m/manifest.json'
For more information check: https://developer.mozilla.org/en-US/docs/Web/HTTP/Status/403",2026-07-17T13:31:25.558536
francesoir,bd6t51232050,,failed,0,0,,http_manifest,known,403,manifest,"Client error '403 ' for url 'https://openapiproext.bnf.fr/iiif/presentation/v3/ark:/12148/bd6t51232050/manifest.json'
For more information check: https://developer.mozilla.org/en-US/docs/Web/HTTP/Status/403",2026-07-17T13:31:26.796184
francesoir,bd6t5123206c,,failed,0,0,,http_manifest,known,403,manifest,"Client error '403 ' for url 'https://openapiproext.bnf.fr/iiif/presentation/v3/ark:/12148/bd6t5123206c/manifest.json'
For more information check: https://developer.mozilla.org/en-US/docs/Web/HTTP/Status/403",2026-07-17T13:31:27.961595
francesoir,bd6t5123207r,,failed,0,0,,http_manifest,known,403,manifest,"Client error '403 ' for url 'https://openapiproext.bnf.fr/iiif/presentation/v3/ark:/12148/bd6t5123207r/manifest.json'
For more information check: https://developer.mozilla.org/en-US/docs/Web/HTTP/Status/403",2026-07-17T13:31:29.164986
francesoir,bd6t51232084,,failed,0,0,,http_manifest,known,403,manifest,"Client error '403 ' for url 'https://openapiproext.bnf.fr/iiif/presentation/v3/ark:/12148/bd6t51232084/manifest.json'
For more information check: https://developer.mozilla.org/en-US/docs/Web/HTTP/Status/403",2026-07-17T13:31:30.360167
francesoir,bd6t5123209h,,failed,0,0,,http_manifest,known,403,manifest,"Client error '403 ' for url 'https://openapiproext.bnf.fr/iiif/presentation/v3/ark:/12148/bd6t5123209h/manifest.json'
For more information check: https://developer.mozilla.org/en-US/docs/Web/HTTP/Status/403",2026-07-17T13:31:31.563257
francesoir,bd6t5123210f,,failed,0,0,,http_manifest,known,403,manifest,"Client error '403 ' for url 'https://openapiproext.bnf.fr/iiif/presentation/v3/ark:/12148/bd6t5123210f/manifest.json'
For more information check: https://developer.mozilla.org/en-US/docs/Web/HTTP/Status/403",2026-07-17T13:31:32.765963
francesoir,bd6t5123211t,,failed,0,0,,http_manifest,known,403,manifest,"Client error '403 ' for url 'https://openapiproext.bnf.fr/iiif/presentation/v3/ark:/12148/bd6t5123211t/manifest.json'
For more information check: https://developer.mozilla.org/en-US/docs/Web/HTTP/Status/403",2026-07-17T13:31:33.966886
francesoir,bd6t51232126,,failed,0,0,,http_manifest,known,403,manifest,"Client error '403 ' for url 'https://openapiproext.bnf.fr/iiif/presentation/v3/ark:/12148/bd6t51232126/manifest.json'
For more information check: https://developer.mozilla.org/en-US/docs/Web/HTTP/Status/403",2026-07-17T13:31:35.168402
francesoir,bd6t5123213k,,failed,0,0,,http_manifest,known,403,manifest,"Client error '403 ' for url 'https://openapiproext.bnf.fr/iiif/presentation/v3/ark:/12148/bd6t5123213k/manifest.json'
For more information check: https://developer.mozilla.org/en-US/docs/Web/HTTP/Status/403",2026-07-17T13:31:36.371454
francesoir,bd6t5123214z,,failed,0,0,,http_manifest,known,403,manifest,"Client error '403 ' for url 'https://openapiproext.bnf.fr/iiif/presentation/v3/ark:/12148/bd6t5123214z/manifest.json'
For more information check: https://developer.mozilla.org/en-US/docs/Web/HTTP/Status/403",2026-07-17T13:31:37.600528
francesoir,bd6t5123215b,,failed,0,0,,http_manifest,known,403,manifest,"Client error '403 ' for url 'https://openapiproext.bnf.fr/iiif/presentation/v3/ark:/12148/bd6t5123215b/manifest.json'
For more information check: https://developer.mozilla.org/en-US/docs/Web/HTTP/Status/403",2026-07-17T13:31:38.773014
francesoir,bd6t5123216q,,failed,0,0,,http_manifest,known,403,manifest,"Client error '403 ' for url 'https://openapiproext.bnf.fr/iiif/presentation/v3/ark:/12148/bd6t5123216q/manifest.json'
For more information check: https://developer.mozilla.org/en-US/docs/Web/HTTP/Status/403",2026-07-17T13:31:39.978185
francesoir,bd6t51232173,,failed,0,0,,http_manifest,known,403,manifest,"Client error '403 ' for url 'https://openapiproext.bnf.fr/iiif/presentation/v3/ark:/12148/bd6t51232173/manifest.json'
For more information check: https://developer.mozilla.org/en-US/docs/Web/HTTP/Status/403",2026-07-17T13:31:41.181477
francesoir,bd6t5123218g,,failed,0,0,,http_manifest,known,403,manifest,"Client error '403 ' for url 'https://openapiproext.bnf.fr/iiif/presentation/v3/ark:/12148/bd6t5123218g/manifest.json'
For more information check: https://developer.mozilla.org/en-US/docs/Web/HTTP/Status/403",2026-07-17T13:31:42.386657
francesoir,bd6t5123219v,,failed,0,0,,http_manifest,known,403,manifest,"Client error '403 ' for url 'https://openapiproext.bnf.fr/iiif/presentation/v3/ark:/12148/bd6t5123219v/manifest.json'
For more information check: https://developer.mozilla.org/en-US/docs/Web/HTTP/Status/403",2026-07-17T13:31:43.591986
francesoir,bd6t5123220s,,failed,0,0,,http_manifest,known,403,manifest,"Client error '403 ' for url 'https://openapiproext.bnf.fr/iiif/presentation/v3/ark:/12148/bd6t5123220s/manifest.json'
For more information check: https://developer.mozilla.org/en-US/docs/Web/HTTP/Status/403",2026-07-17T13:31:44.792121
francesoir,bd6t51232215,,failed,0,0,,http_manifest,known,403,manifest,"Client error '403 ' for url 'https://openapiproext.bnf.fr/iiif/presentation/v3/ark:/12148/bd6t51232215/manifest.json'
For more information check: https://developer.mozilla.org/en-US/docs/Web/HTTP/Status/403",2026-07-17T13:31:45.997723
francesoir,bd6t5123222j,,failed,0,0,,http_manifest,known,403,manifest,"Client error '403 ' for url 'https://openapiproext.bnf.fr/iiif/presentation/v3/ark:/12148/bd6t5123222j/manifest.json'
For more information check: https://developer.mozilla.org/en-US/docs/Web/HTTP/Status/403",2026-07-17T13:31:47.191692
francesoir,bd6t5123223x,,failed,0,0,,http_manifest,known,403,manifest,"Client error '403 ' for url 'https://openapiproext.bnf.fr/iiif/presentation/v3/ark:/12148/bd6t5123223x/manifest.json'
For more information check: https://developer.mozilla.org/en-US/docs/Web/HTTP/Status/403",2026-07-17T13:31:48.424195
francesoir,bd6t51232249,,failed,0,0,,http_manifest,known,403,manifest,"Client error '403 ' for url 'https://openapiproext.bnf.fr/iiif/presentation/v3/ark:/12148/bd6t51232249/manifest.json'
For more information check: https://developer.mozilla.org/en-US/docs/Web/HTTP/Status/403",2026-07-17T13:31:49.593280
francesoir,bd6t5123225p,,failed,0,0,,http_manifest,known,403,manifest,"Client error '403 ' for url 'https://openapiproext.bnf.fr/iiif/presentation/v3/ark:/12148/bd6t5123225p/manifest.json'
For more information check: https://developer.mozilla.org/en-US/docs/Web/HTTP/Status/403",2026-07-17T13:31:50.799690
francesoir,bd6t51232262,,failed,0,0,,http_manifest,known,403,manifest,"Client error '403 ' for url 'https://openapiproext.bnf.fr/iiif/presentation/v3/ark:/12148/bd6t51232262/manifest.json'
For more information check: https://developer.mozilla.org/en-US/docs/Web/HTTP/Status/403",2026-07-17T13:31:52.006586
francesoir,bd6t5123227f,,failed,0,0,,http_manifest,known,403,manifest,"Client error '403 ' for url 'https://openapiproext.bnf.fr/iiif/presentation/v3/ark:/12148/bd6t5123227f/manifest.json'
For more information check: https://developer.mozilla.org/en-US/docs/Web/HTTP/Status/403",2026-07-17T13:31:53.208302
francesoir,bd6t5123228t,,failed,0,0,,http_manifest,known,403,manifest,"Client error '403 ' for url 'https://openapiproext.bnf.fr/iiif/presentation/v3/ark:/12148/bd6t5123228t/manifest.json'
For more information check: https://developer.mozilla.org/en-US/docs/Web/HTTP/Status/403",2026-07-17T13:31:54.432125
francesoir,bd6t51232296,,failed,0,0,,http_manifest,known,403,manifest,"Client error '403 ' for url 'https://openapiproext.bnf.fr/iiif/presentation/v3/ark:/12148/bd6t51232296/manifest.json'
For more information check: https://developer.mozilla.org/en-US/docs/Web/HTTP/Status/403",2026-07-17T13:31:55.604551
francesoir,bd6t51232304,,failed,0,0,,http_manifest,known,403,manifest,"Client error '403 ' for url 'https://openapiproext.bnf.fr/iiif/presentation/v3/ark:/12148/bd6t51232304/manifest.json'
For more information check: https://developer.mozilla.org/en-US/docs/Web/HTTP/Status/403",2026-07-17T13:31:56.805003
francesoir,bd6t5123231h,,failed,0,0,,http_manifest,known,403,manifest,"Client error '403 ' for url 'https://openapiproext.bnf.fr/iiif/presentation/v3/ark:/12148/bd6t5123231h/manifest.json'
For more information check: https://developer.mozilla.org/en-US/docs/Web/HTTP/Status/403",2026-07-17T13:31:58.037631
francesoir,bd6t5123232w,,failed,0,0,,http_manifest,known,403,manifest,"Client error '403 ' for url 'https://openapiproext.bnf.fr/iiif/presentation/v3/ark:/12148/bd6t5123232w/manifest.json'
For more information check: https://developer.mozilla.org/en-US/docs/Web/HTTP/Status/403",2026-07-17T13:31:59.385846
francesoir,bd6t51232338,,failed,0,0,,http_manifest,known,403,manifest,"Client error '403 ' for url 'https://openapiproext.bnf.fr/iiif/presentation/v3/ark:/12148/bd6t51232338/manifest.json'
For more information check: https://developer.mozilla.org/en-US/docs/Web/HTTP/Status/403",2026-07-17T13:32:00.408913
francesoir,bd6t5123234n,,failed,0,0,,http_manifest,known,403,manifest,"Client error '403 ' for url 'https://openapiproext.bnf.fr/iiif/presentation/v3/ark:/12148/bd6t5123234n/manifest.json'
For more information check: https://developer.mozilla.org/en-US/docs/Web/HTTP/Status/403",2026-07-17T13:32:01.611577
francesoir,bd6t51232351,,failed,0,0,,http_manifest,known,403,manifest,"Client error '403 ' for url 'https://openapiproext.bnf.fr/iiif/presentation/v3/ark:/12148/bd6t51232351/manifest.json'
For more information check: https://developer.mozilla.org/en-US/docs/Web/HTTP/Status/403",2026-07-17T13:32:02.969503
francesoir,bd6t5123236d,,failed,0,0,,http_manifest,known,403,manifest,"Client error '403 ' for url 'https://openapiproext.bnf.fr/iiif/presentation/v3/ark:/12148/bd6t5123236d/manifest.json'
For more information check: https://developer.mozilla.org/en-US/docs/Web/HTTP/Status/403",2026-07-17T13:32:04.175744
francesoir,bd6t5123237s,,failed,0,0,,http_manifest,known,403,manifest,"Client error '403 ' for url 'https://openapiproext.bnf.fr/iiif/presentation/v3/ark:/12148/bd6t5123237s/manifest.json'
For more information check: https://developer.mozilla.org/en-US/docs/Web/HTTP/Status/403",2026-07-17T13:32:05.468030
francesoir,bd6t51232385,,failed,0,0,,http_manifest,known,403,manifest,"Client error '403 ' for url 'https://openapiproext.bnf.fr/iiif/presentation/v3/ark:/12148/bd6t51232385/manifest.json'
For more information check: https://developer.mozilla.org/en-US/docs/Web/HTTP/Status/403",2026-07-17T13:32:06.421104
francesoir,bd6t5123239j,,failed,0,0,,http_manifest,known,403,manifest,"Client error '403 ' for url 'https://openapiproext.bnf.fr/iiif/presentation/v3/ark:/12148/bd6t5123239j/manifest.json'
For more information check: https://developer.mozilla.org/en-US/docs/Web/HTTP/Status/403",2026-07-17T13:32:07.618703
francesoir,bd6t5123240g,,failed,0,0,,http_manifest,known,403,manifest,"Client error '403 ' for url 'https://openapiproext.bnf.fr/iiif/presentation/v3/ark:/12148/bd6t5123240g/manifest.json'
For more information check: https://developer.mozilla.org/en-US/docs/Web/HTTP/Status/403",2026-07-17T13:32:08.822031
francesoir,bd6t5123138v,,failed,0,0,,http_manifest,known,403,manifest,"Client error '403 ' for url 'https://openapiproext.bnf.fr/iiif/presentation/v3/ark:/12148/bd6t5123138v/manifest.json'
For more information check: https://developer.mozilla.org/en-US/docs/Web/HTTP/Status/403",2026-07-17T13:32:10.136508
francesoir,bd6t51231397,,failed,0,0,,http_manifest,known,403,manifest,"Client error '403 ' for url 'https://openapiproext.bnf.fr/iiif/presentation/v3/ark:/12148/bd6t51231397/manifest.json'
For more information check: https://developer.mozilla.org/en-US/docs/Web/HTTP/Status/403",2026-07-17T13:32:11.301358
francesoir,bd6t51231405,,failed,0,0,,http_manifest,known,403,manifest,"Client error '403 ' for url 'https://openapiproext.bnf.fr/iiif/presentation/v3/ark:/12148/bd6t51231405/manifest.json'
For more information check: https://developer.mozilla.org/en-US/docs/Web/HTTP/Status/403",2026-07-17T13:32:12.423077
francesoir,bd6t5123141j,,failed,0,0,,http_manifest,known,403,manifest,"Client error '403 ' for url 'https://openapiproext.bnf.fr/iiif/presentation/v3/ark:/12148/bd6t5123141j/manifest.json'
For more information check: https://developer.mozilla.org/en-US/docs/Web/HTTP/Status/403",2026-07-17T13:32:13.829008
francesoir,bd6t5123142x,,failed,0,0,,http_manifest,known,403,manifest,"Client error '403 ' for url 'https://openapiproext.bnf.fr/iiif/presentation/v3/ark:/12148/bd6t5123142x/manifest.json'
For more information check: https://developer.mozilla.org/en-US/docs/Web/HTTP/Status/403",2026-07-17T13:32:14.824548
francesoir,bd6t51231439,,failed,0,0,,http_manifest,known,403,manifest,"Client error '403 ' for url 'https://openapiproext.bnf.fr/iiif/presentation/v3/ark:/12148/bd6t51231439/manifest.json'
For more information check: https://developer.mozilla.org/en-US/docs/Web/HTTP/Status/403",2026-07-17T13:32:16.292280
francesoir,bd6t5123144p,,failed,0,0,,http_manifest,known,403,manifest,"Client error '403 ' for url 'https://openapiproext.bnf.fr/iiif/presentation/v3/ark:/12148/bd6t5123144p/manifest.json'
For more information check: https://developer.mozilla.org/en-US/docs/Web/HTTP/Status/403",2026-07-17T13:32:17.460487
francesoir,bd6t51231452,,failed,0,0,,http_manifest,known,403,manifest,"Client error '403 ' for url 'https://openapiproext.bnf.fr/iiif/presentation/v3/ark:/12148/bd6t51231452/manifest.json'
For more information check: https://developer.mozilla.org/en-US/docs/Web/HTTP/Status/403",2026-07-17T13:32:18.545143
francesoir,bd6t5123146f,,failed,0,0,,http_manifest,known,403,manifest,"Client error '403 ' for url 'https://openapiproext.bnf.fr/iiif/presentation/v3/ark:/12148/bd6t5123146f/manifest.json'
For more information check: https://developer.mozilla.org/en-US/docs/Web/HTTP/Status/403",2026-07-17T13:32:19.634105
francesoir,bd6t5123147t,,failed,0,0,,http_manifest,known,403,manifest,"Client error '403 ' for url 'https://openapiproext.bnf.fr/iiif/presentation/v3/ark:/12148/bd6t5123147t/manifest.json'
For more information check: https://developer.mozilla.org/en-US/docs/Web/HTTP/Status/403",2026-07-17T13:32:20.835349
francesoir,bd6t51231486,,failed,0,0,,http_manifest,known,403,manifest,"Client error '403 ' for url 'https://openapiproext.bnf.fr/iiif/presentation/v3/ark:/12148/bd6t51231486/manifest.json'
For more information check: https://developer.mozilla.org/en-US/docs/Web/HTTP/Status/403",2026-07-17T13:32:22.035035
francesoir,bd6t5123149k,,failed,0,0,,http_manifest,known,403,manifest,"Client error '403 ' for url 'https://openapiproext.bnf.fr/iiif/presentation/v3/ark:/12148/bd6t5123149k/manifest.json'
For more information check: https://developer.mozilla.org/en-US/docs/Web/HTTP/Status/403",2026-07-17T13:32:23.291627
francesoir,bd6t5123150h,,failed,0,0,,http_manifest,known,403,manifest,"Client error '403 ' for url 'https://openapiproext.bnf.fr/iiif/presentation/v3/ark:/12148/bd6t5123150h/manifest.json'
For more information check: https://developer.mozilla.org/en-US/docs/Web/HTTP/Status/403",2026-07-17T13:32:24.437802
francesoir,bd6t5123151w,,failed,0,0,,http_manifest,known,403,manifest,"Client error '403 ' for url 'https://openapiproext.bnf.fr/iiif/presentation/v3/ark:/12148/bd6t5123151w/manifest.json'
For more information check: https://developer.mozilla.org/en-US/docs/Web/HTTP/Status/403",2026-07-17T13:32:25.642854
francesoir,bd6t51231528,,failed,0,0,,http_manifest,known,403,manifest,"Client error '403 ' for url 'https://openapiproext.bnf.fr/iiif/presentation/v3/ark:/12148/bd6t51231528/manifest.json'
For more information check: https://developer.mozilla.org/en-US/docs/Web/HTTP/Status/403",2026-07-17T13:32:26.840749
francesoir,bd6t5123153n,,failed,0,0,,http_manifest,known,403,manifest,"Client error '403 ' for url 'https://openapiproext.bnf.fr/iiif/presentation/v3/ark:/12148/bd6t5123153n/manifest.json'
For more information check: https://developer.mozilla.org/en-US/docs/Web/HTTP/Status/403",2026-07-17T13:32:28.041891
francesoir,bd6t51231541,,failed,0,0,,http_manifest,known,403,manifest,"Client error '403 ' for url 'https://openapiproext.bnf.fr/iiif/presentation/v3/ark:/12148/bd6t51231541/manifest.json'
For more information check: https://developer.mozilla.org/en-US/docs/Web/HTTP/Status/403",2026-07-17T13:32:29.268770
francesoir,bd6t5123155d,,failed,0,0,,http_manifest,known,403,manifest,"Client error '403 ' for url 'https://openapiproext.bnf.fr/iiif/presentation/v3/ark:/12148/bd6t5123155d/manifest.json'
For more information check: https://developer.mozilla.org/en-US/docs/Web/HTTP/Status/403",2026-07-17T13:32:30.445746
francesoir,bd6t5123156s,,failed,0,0,,http_manifest,known,403,manifest,"Client error '403 ' for url 'https://openapiproext.bnf.fr/iiif/presentation/v3/ark:/12148/bd6t5123156s/manifest.json'
For more information check: https://developer.mozilla.org/en-US/docs/Web/HTTP/Status/403",2026-07-17T13:32:31.655801
francesoir,bd6t51231575,,failed,0,0,,http_manifest,known,403,manifest,"Client error '403 ' for url 'https://openapiproext.bnf.fr/iiif/presentation/v3/ark:/12148/bd6t51231575/manifest.json'
For more information check: https://developer.mozilla.org/en-US/docs/Web/HTTP/Status/403",2026-07-17T13:32:32.858437
francesoir,bd6t5123158j,,failed,0,0,,http_manifest,known,403,manifest,"Client error '403 ' for url 'https://openapiproext.bnf.fr/iiif/presentation/v3/ark:/12148/bd6t5123158j/manifest.json'
For more information check: https://developer.mozilla.org/en-US/docs/Web/HTTP/Status/403",2026-07-17T13:32:34.051302
francesoir,bd6t5123159x,,failed,0,0,,http_manifest,known,403,manifest,"Client error '403 ' for url 'https://openapiproext.bnf.fr/iiif/presentation/v3/ark:/12148/bd6t5123159x/manifest.json'
For more information check: https://developer.mozilla.org/en-US/docs/Web/HTTP/Status/403",2026-07-17T13:32:35.251133
francesoir,bd6t5123160v,,failed,0,0,,http_manifest,known,403,manifest,"Client error '403 ' for url 'https://openapiproext.bnf.fr/iiif/presentation/v3/ark:/12148/bd6t5123160v/manifest.json'
For more information check: https://developer.mozilla.org/en-US/docs/Web/HTTP/Status/403",2026-07-17T13:32:36.461704
francesoir,bd6t51231617,,failed,0,0,,http_manifest,known,403,manifest,"Client error '403 ' for url 'https://openapiproext.bnf.fr/iiif/presentation/v3/ark:/12148/bd6t51231617/manifest.json'
For more information check: https://developer.mozilla.org/en-US/docs/Web/HTTP/Status/403",2026-07-17T13:32:37.660767
francesoir,bd6t5123162m,,failed,0,0,,http_manifest,known,403,manifest,"Client error '403 ' for url 'https://openapiproext.bnf.fr/iiif/presentation/v3/ark:/12148/bd6t5123162m/manifest.json'
For more information check: https://developer.mozilla.org/en-US/docs/Web/HTTP/Status/403",2026-07-17T13:32:38.862322
francesoir,bd6t51231630,,failed,0,0,,http_manifest,known,403,manifest,"Client error '403 ' for url 'https://openapiproext.bnf.fr/iiif/presentation/v3/ark:/12148/bd6t51231630/manifest.json'
For more information check: https://developer.mozilla.org/en-US/docs/Web/HTTP/Status/403",2026-07-17T13:32:40.058720
francesoir,bd6t5123164c,,failed,0,0,,http_manifest,known,403,manifest,"Client error '403 ' for url 'https://openapiproext.bnf.fr/iiif/presentation/v3/ark:/12148/bd6t5123164c/manifest.json'
For more information check: https://developer.mozilla.org/en-US/docs/Web/HTTP/Status/403",2026-07-17T13:32:41.287960
francesoir,bd6t5123165r,,failed,0,0,,http_manifest,known,403,manifest,"Client error '403 ' for url 'https://openapiproext.bnf.fr/iiif/presentation/v3/ark:/12148/bd6t5123165r/manifest.json'
For more information check: https://developer.mozilla.org/en-US/docs/Web/HTTP/Status/403",2026-07-17T13:32:42.461720
francesoir,bd6t51231664,,failed,0,0,,http_manifest,known,403,manifest,"Client error '403 ' for url 'https://openapiproext.bnf.fr/iiif/presentation/v3/ark:/12148/bd6t51231664/manifest.json'
For more information check: https://developer.mozilla.org/en-US/docs/Web/HTTP/Status/403",2026-07-17T13:32:43.676151
francesoir,bd6t5123167h,,failed,0,0,,http_manifest,known,403,manifest,"Client error '403 ' for url 'https://openapiproext.bnf.fr/iiif/presentation/v3/ark:/12148/bd6t5123167h/manifest.json'
For more information check: https://developer.mozilla.org/en-US/docs/Web/HTTP/Status/403",2026-07-17T13:32:44.868726
francesoir,bd6t5123168w,,failed,0,0,,http_manifest,known,403,manifest,"Client error '403 ' for url 'https://openapiproext.bnf.fr/iiif/presentation/v3/ark:/12148/bd6t5123168w/manifest.json'
For more information check: https://developer.mozilla.org/en-US/docs/Web/HTTP/Status/403",2026-07-17T13:32:46.072819
francesoir,bd6t51231698,,failed,0,0,,http_manifest,known,403,manifest,"Client error '403 ' for url 'https://openapiproext.bnf.fr/iiif/presentation/v3/ark:/12148/bd6t51231698/manifest.json'
For more information check: https://developer.mozilla.org/en-US/docs/Web/HTTP/Status/403",2026-07-17T13:32:47.283822
francesoir,bd6t51231706,,failed,0,0,,http_manifest,known,403,manifest,"Client error '403 ' for url 'https://openapiproext.bnf.fr/iiif/presentation/v3/ark:/12148/bd6t51231706/manifest.json'
For more information check: https://developer.mozilla.org/en-US/docs/Web/HTTP/Status/403",2026-07-17T13:32:48.477406
francesoir,bd6t5123171k,,failed,0,0,,http_manifest,known,403,manifest,"Client error '403 ' for url 'https://openapiproext.bnf.fr/iiif/presentation/v3/ark:/12148/bd6t5123171k/manifest.json'
For more information check: https://developer.mozilla.org/en-US/docs/Web/HTTP/Status/403",2026-07-17T13:32:49.673778
francesoir,bd6t5123172z,,failed,0,0,,http_manifest,known,403,manifest,"Client error '403 ' for url 'https://openapiproext.bnf.fr/iiif/presentation/v3/ark:/12148/bd6t5123172z/manifest.json'
For more information check: https://developer.mozilla.org/en-US/docs/Web/HTTP/Status/403",2026-07-17T13:32:50.875252
francesoir,bd6t5123173b,,failed,0,0,,http_manifest,known,403,manifest,"Client error '403 ' for url 'https://openapiproext.bnf.fr/iiif/presentation/v3/ark:/12148/bd6t5123173b/manifest.json'
For more information check: https://developer.mozilla.org/en-US/docs/Web/HTTP/Status/403",2026-07-17T13:32:52.074864
francesoir,bd6t5123174q,,failed,0,0,,http_manifest,known,403,manifest,"Client error '403 ' for url 'https://openapiproext.bnf.fr/iiif/presentation/v3/ark:/12148/bd6t5123174q/manifest.json'
For more information check: https://developer.mozilla.org/en-US/docs/Web/HTTP/Status/403",2026-07-17T13:32:53.301379
francesoir,bd6t51231753,,failed,0,0,,http_manifest,known,403,manifest,"Client error '403 ' for url 'https://openapiproext.bnf.fr/iiif/presentation/v3/ark:/12148/bd6t51231753/manifest.json'
For more information check: https://developer.mozilla.org/en-US/docs/Web/HTTP/Status/403",2026-07-17T13:32:54.485743
francesoir,bd6t5123176g,,failed,0,0,,http_manifest,known,403,manifest,"Client error '403 ' for url 'https://openapiproext.bnf.fr/iiif/presentation/v3/ark:/12148/bd6t5123176g/manifest.json'
For more information check: https://developer.mozilla.org/en-US/docs/Web/HTTP/Status/403",2026-07-17T13:32:55.683297
francesoir,bd6t5123177v,,failed,0,0,,http_manifest,known,403,manifest,"Client error '403 ' for url 'https://openapiproext.bnf.fr/iiif/presentation/v3/ark:/12148/bd6t5123177v/manifest.json'
For more information check: https://developer.mozilla.org/en-US/docs/Web/HTTP/Status/403",2026-07-17T13:32:56.886712
francesoir,bd6t51231787,,failed,0,0,,http_manifest,known,403,manifest,"Client error '403 ' for url 'https://openapiproext.bnf.fr/iiif/presentation/v3/ark:/12148/bd6t51231787/manifest.json'
For more information check: https://developer.mozilla.org/en-US/docs/Web/HTTP/Status/403",2026-07-17T13:32:58.134864
francesoir,bd6t5123179m,,failed,0,0,,http_manifest,known,403,manifest,"Client error '403 ' for url 'https://openapiproext.bnf.fr/iiif/presentation/v3/ark:/12148/bd6t5123179m/manifest.json'
For more information check: https://developer.mozilla.org/en-US/docs/Web/HTTP/Status/403",2026-07-17T13:32:59.434891
francesoir,bd6t5123180j,,failed,0,0,,http_manifest,known,403,manifest,"Client error '403 ' for url 'https://openapiproext.bnf.fr/iiif/presentation/v3/ark:/12148/bd6t5123180j/manifest.json'
For more information check: https://developer.mozilla.org/en-US/docs/Web/HTTP/Status/403",2026-07-17T13:33:00.568603
francesoir,bd6t5123181x,,failed,0,0,,http_manifest,known,403,manifest,"Client error '403 ' for url 'https://openapiproext.bnf.fr/iiif/presentation/v3/ark:/12148/bd6t5123181x/manifest.json'
For more information check: https://developer.mozilla.org/en-US/docs/Web/HTTP/Status/403",2026-07-17T13:33:01.692108
francesoir,bd6t51231829,,failed,0,0,,http_manifest,known,403,manifest,"Client error '403 ' for url 'https://openapiproext.bnf.fr/iiif/presentation/v3/ark:/12148/bd6t51231829/manifest.json'
For more information check: https://developer.mozilla.org/en-US/docs/Web/HTTP/Status/403",2026-07-17T13:33:02.909582
francesoir,bd6t5123183p,,failed,0,0,,http_manifest,known,403,manifest,"Client error '403 ' for url 'https://openapiproext.bnf.fr/iiif/presentation/v3/ark:/12148/bd6t5123183p/manifest.json'
For more information check: https://developer.mozilla.org/en-US/docs/Web/HTTP/Status/403",2026-07-17T13:33:04.223600
francesoir,bd6t51231842,,failed,0,0,,http_manifest,known,403,manifest,"Client error '403 ' for url 'https://openapiproext.bnf.fr/iiif/presentation/v3/ark:/12148/bd6t51231842/manifest.json'
For more information check: https://developer.mozilla.org/en-US/docs/Web/HTTP/Status/403",2026-07-17T13:33:05.504228
francesoir,bd6t5123185f,,failed,0,0,,http_manifest,known,403,manifest,"Client error '403 ' for url 'https://openapiproext.bnf.fr/iiif/presentation/v3/ark:/12148/bd6t5123185f/manifest.json'
For more information check: https://developer.mozilla.org/en-US/docs/Web/HTTP/Status/403",2026-07-17T13:33:06.500302
francesoir,bd6t5123186t,,failed,0,0,,http_manifest,known,403,manifest,"Client error '403 ' for url 'https://openapiproext.bnf.fr/iiif/presentation/v3/ark:/12148/bd6t5123186t/manifest.json'
For more information check: https://developer.mozilla.org/en-US/docs/Web/HTTP/Status/403",2026-07-17T13:33:07.713985
francesoir,bd6t51231876,,failed,0,0,,http_manifest,known,403,manifest,"Client error '403 ' for url 'https://openapiproext.bnf.fr/iiif/presentation/v3/ark:/12148/bd6t51231876/manifest.json'
For more information check: https://developer.mozilla.org/en-US/docs/Web/HTTP/Status/403",2026-07-17T13:33:08.903507
francesoir,bd6t5123188k,,failed,0,0,,http_manifest,known,403,manifest,"Client error '403 ' for url 'https://openapiproext.bnf.fr/iiif/presentation/v3/ark:/12148/bd6t5123188k/manifest.json'
For more information check: https://developer.mozilla.org/en-US/docs/Web/HTTP/Status/403",2026-07-17T13:33:10.105373
francesoir,bd6t5123189z,,failed,0,0,,http_manifest,known,403,manifest,"Client error '403 ' for url 'https://openapiproext.bnf.fr/iiif/presentation/v3/ark:/12148/bd6t5123189z/manifest.json'
For more information check: https://developer.mozilla.org/en-US/docs/Web/HTTP/Status/403",2026-07-17T13:33:11.351478
francesoir,bd6t5123190w,,failed,0,0,,http_manifest,known,403,manifest,"Client error '403 ' for url 'https://openapiproext.bnf.fr/iiif/presentation/v3/ark:/12148/bd6t5123190w/manifest.json'
For more information check: https://developer.mozilla.org/en-US/docs/Web/HTTP/Status/403",2026-07-17T13:33:12.507971
francesoir,bd6t51230375,,failed,0,0,,http_manifest,known,403,manifest,"Client error '403 ' for url 'https://openapiproext.bnf.fr/iiif/presentation/v3/ark:/12148/bd6t51230375/manifest.json'
For more information check: https://developer.mozilla.org/en-US/docs/Web/HTTP/Status/403",2026-07-17T13:33:13.817688
francesoir,bd6t5123038j,,failed,0,0,,http_manifest,known,403,manifest,"Client error '403 ' for url 'https://openapiproext.bnf.fr/iiif/presentation/v3/ark:/12148/bd6t5123038j/manifest.json'
For more information check: https://developer.mozilla.org/en-US/docs/Web/HTTP/Status/403",2026-07-17T13:33:15.117840
francesoir,bd6t5123039x,,failed,0,0,,http_manifest,known,403,manifest,"Client error '403 ' for url 'https://openapiproext.bnf.fr/iiif/presentation/v3/ark:/12148/bd6t5123039x/manifest.json'
For more information check: https://developer.mozilla.org/en-US/docs/Web/HTTP/Status/403",2026-07-17T13:33:16.208237
francesoir,bd6t5123040v,,failed,0,0,,http_manifest,known,403,manifest,"Client error '403 ' for url 'https://openapiproext.bnf.fr/iiif/presentation/v3/ark:/12148/bd6t5123040v/manifest.json'
For more information check: https://developer.mozilla.org/en-US/docs/Web/HTTP/Status/403",2026-07-17T13:33:17.335853
francesoir,bd6t51230417,,failed,0,0,,http_manifest,known,403,manifest,"Client error '403 ' for url 'https://openapiproext.bnf.fr/iiif/presentation/v3/ark:/12148/bd6t51230417/manifest.json'
For more information check: https://developer.mozilla.org/en-US/docs/Web/HTTP/Status/403",2026-07-17T13:33:18.511799
francesoir,bd6t5123042m,,failed,0,0,,http_manifest,known,403,manifest,"Client error '403 ' for url 'https://openapiproext.bnf.fr/iiif/presentation/v3/ark:/12148/bd6t5123042m/manifest.json'
For more information check: https://developer.mozilla.org/en-US/docs/Web/HTTP/Status/403",2026-07-17T13:33:19.799626
francesoir,bd6t51230430,,failed,0,0,,http_manifest,known,403,manifest,"Client error '403 ' for url 'https://openapiproext.bnf.fr/iiif/presentation/v3/ark:/12148/bd6t51230430/manifest.json'
For more information check: https://developer.mozilla.org/en-US/docs/Web/HTTP/Status/403",2026-07-17T13:33:20.918972
francesoir,bd6t5123044c,,failed,0,0,,http_manifest,known,403,manifest,"Client error '403 ' for url 'https://openapiproext.bnf.fr/iiif/presentation/v3/ark:/12148/bd6t5123044c/manifest.json'
For more information check: https://developer.mozilla.org/en-US/docs/Web/HTTP/Status/403",2026-07-17T13:33:22.117191
francesoir,bd6t5123045r,,failed,0,0,,http_manifest,known,403,manifest,"Client error '403 ' for url 'https://openapiproext.bnf.fr/iiif/presentation/v3/ark:/12148/bd6t5123045r/manifest.json'
For more information check: https://developer.mozilla.org/en-US/docs/Web/HTTP/Status/403",2026-07-17T13:33:23.333565
francesoir,bd6t51230464,,failed,0,0,,http_manifest,known,403,manifest,"Client error '403 ' for url 'https://openapiproext.bnf.fr/iiif/presentation/v3/ark:/12148/bd6t51230464/manifest.json'
For more information check: https://developer.mozilla.org/en-US/docs/Web/HTTP/Status/403",2026-07-17T13:33:24.525093
francesoir,bd6t5123047h,,failed,0,0,,http_manifest,known,403,manifest,"Client error '403 ' for url 'https://openapiproext.bnf.fr/iiif/presentation/v3/ark:/12148/bd6t5123047h/manifest.json'
For more information check: https://developer.mozilla.org/en-US/docs/Web/HTTP/Status/403",2026-07-17T13:33:25.717633
francesoir,bd6t5123048w,,failed,0,0,,http_manifest,known,403,manifest,"Client error '403 ' for url 'https://openapiproext.bnf.fr/iiif/presentation/v3/ark:/12148/bd6t5123048w/manifest.json'
For more information check: https://developer.mozilla.org/en-US/docs/Web/HTTP/Status/403",2026-07-17T13:33:26.921943
francesoir,bd6t51230498,,failed,0,0,,http_manifest,known,403,manifest,"Client error '403 ' for url 'https://openapiproext.bnf.fr/iiif/presentation/v3/ark:/12148/bd6t51230498/manifest.json'
For more information check: https://developer.mozilla.org/en-US/docs/Web/HTTP/Status/403",2026-07-17T13:33:28.123612
francesoir,bd6t51230506,,failed,0,0,,http_manifest,known,403,manifest,"Client error '403 ' for url 'https://openapiproext.bnf.fr/iiif/presentation/v3/ark:/12148/bd6t51230506/manifest.json'
For more information check: https://developer.mozilla.org/en-US/docs/Web/HTTP/Status/403",2026-07-17T13:33:29.349333
francesoir,bd6t5123051k,,failed,0,0,,http_manifest,known,403,manifest,"Client error '403 ' for url 'https://openapiproext.bnf.fr/iiif/presentation/v3/ark:/12148/bd6t5123051k/manifest.json'
For more information check: https://developer.mozilla.org/en-US/docs/Web/HTTP/Status/403",2026-07-17T13:33:30.526072
francesoir,bd6t5123052z,,failed,0,0,,http_manifest,known,403,manifest,"Client error '403 ' for url 'https://openapiproext.bnf.fr/iiif/presentation/v3/ark:/12148/bd6t5123052z/manifest.json'
For more information check: https://developer.mozilla.org/en-US/docs/Web/HTTP/Status/403",2026-07-17T13:33:31.727402
francesoir,bd6t5123053b,,failed,0,0,,http_manifest,known,403,manifest,"Client error '403 ' for url 'https://openapiproext.bnf.fr/iiif/presentation/v3/ark:/12148/bd6t5123053b/manifest.json'
For more information check: https://developer.mozilla.org/en-US/docs/Web/HTTP/Status/403",2026-07-17T13:33:32.924980
francesoir,bd6t5123054q,,failed,0,0,,http_manifest,known,403,manifest,"Client error '403 ' for url 'https://openapiproext.bnf.fr/iiif/presentation/v3/ark:/12148/bd6t5123054q/manifest.json'
For more information check: https://developer.mozilla.org/en-US/docs/Web/HTTP/Status/403",2026-07-17T13:33:34.126408
francesoir,bd6t51230553,,failed,0,0,,http_manifest,known,403,manifest,"Client error '403 ' for url 'https://openapiproext.bnf.fr/iiif/presentation/v3/ark:/12148/bd6t51230553/manifest.json'
For more information check: https://developer.mozilla.org/en-US/docs/Web/HTTP/Status/403",2026-07-17T13:33:35.329853
francesoir,bd6t5123056g,,failed,0,0,,http_manifest,known,403,manifest,"Client error '403 ' for url 'https://openapiproext.bnf.fr/iiif/presentation/v3/ark:/12148/bd6t5123056g/manifest.json'
For more information check: https://developer.mozilla.org/en-US/docs/Web/HTTP/Status/403",2026-07-17T13:33:36.539074
francesoir,bd6t5123057v,,failed,0,0,,http_manifest,known,403,manifest,"Client error '403 ' for url 'https://openapiproext.bnf.fr/iiif/presentation/v3/ark:/12148/bd6t5123057v/manifest.json'
For more information check: https://developer.mozilla.org/en-US/docs/Web/HTTP/Status/403",2026-07-17T13:33:37.732396
francesoir,bd6t51230587,,failed,0,0,,http_manifest,known,403,manifest,"Client error '403 ' for url 'https://openapiproext.bnf.fr/iiif/presentation/v3/ark:/12148/bd6t51230587/manifest.json'
For more information check: https://developer.mozilla.org/en-US/docs/Web/HTTP/Status/403",2026-07-17T13:33:38.934213
francesoir,bd6t5123059m,,failed,0,0,,http_manifest,known,403,manifest,"Client error '403 ' for url 'https://openapiproext.bnf.fr/iiif/presentation/v3/ark:/12148/bd6t5123059m/manifest.json'
For more information check: https://developer.mozilla.org/en-US/docs/Web/HTTP/Status/403",2026-07-17T13:33:40.137493
francesoir,bd6t5123060j,,failed,0,0,,http_manifest,known,403,manifest,"Client error '403 ' for url 'https://openapiproext.bnf.fr/iiif/presentation/v3/ark:/12148/bd6t5123060j/manifest.json'
For more information check: https://developer.mozilla.org/en-US/docs/Web/HTTP/Status/403",2026-07-17T13:33:41.357305
francesoir,bd6t5123061x,,failed,0,0,,http_manifest,known,403,manifest,"Client error '403 ' for url 'https://openapiproext.bnf.fr/iiif/presentation/v3/ark:/12148/bd6t5123061x/manifest.json'
For more information check: https://developer.mozilla.org/en-US/docs/Web/HTTP/Status/403",2026-07-17T13:33:42.540142
francesoir,bd6t51230629,,failed,0,0,,http_manifest,known,403,manifest,"Client error '403 ' for url 'https://openapiproext.bnf.fr/iiif/presentation/v3/ark:/12148/bd6t51230629/manifest.json'
For more information check: https://developer.mozilla.org/en-US/docs/Web/HTTP/Status/403",2026-07-17T13:33:43.742054
francesoir,bd6t5123063p,,failed,0,0,,http_manifest,known,403,manifest,"Client error '403 ' for url 'https://openapiproext.bnf.fr/iiif/presentation/v3/ark:/12148/bd6t5123063p/manifest.json'
For more information check: https://developer.mozilla.org/en-US/docs/Web/HTTP/Status/403",2026-07-17T13:33:44.939540
francesoir,bd6t51230642,,failed,0,0,,http_manifest,known,403,manifest,"Client error '403 ' for url 'https://openapiproext.bnf.fr/iiif/presentation/v3/ark:/12148/bd6t51230642/manifest.json'
For more information check: https://developer.mozilla.org/en-US/docs/Web/HTTP/Status/403",2026-07-17T13:33:46.155104
francesoir,bd6t5123065f,,failed,0,0,,http_manifest,known,403,manifest,"Client error '403 ' for url 'https://openapiproext.bnf.fr/iiif/presentation/v3/ark:/12148/bd6t5123065f/manifest.json'
For more information check: https://developer.mozilla.org/en-US/docs/Web/HTTP/Status/403",2026-07-17T13:33:47.346643
francesoir,bd6t5123066t,,failed,0,0,,http_manifest,known,403,manifest,"Client error '403 ' for url 'https://openapiproext.bnf.fr/iiif/presentation/v3/ark:/12148/bd6t5123066t/manifest.json'
For more information check: https://developer.mozilla.org/en-US/docs/Web/HTTP/Status/403",2026-07-17T13:33:48.547013
francesoir,bd6t51230676,,failed,0,0,,http_manifest,known,403,manifest,"Client error '403 ' for url 'https://openapiproext.bnf.fr/iiif/presentation/v3/ark:/12148/bd6t51230676/manifest.json'
For more information check: https://developer.mozilla.org/en-US/docs/Web/HTTP/Status/403",2026-07-17T13:33:49.748053
francesoir,bd6t5123068k,,failed,0,0,,http_manifest,known,403,manifest,"Client error '403 ' for url 'https://openapiproext.bnf.fr/iiif/presentation/v3/ark:/12148/bd6t5123068k/manifest.json'
For more information check: https://developer.mozilla.org/en-US/docs/Web/HTTP/Status/403",2026-07-17T13:33:50.958124
francesoir,bd6t5123069z,,failed,0,0,,http_manifest,known,403,manifest,"Client error '403 ' for url 'https://openapiproext.bnf.fr/iiif/presentation/v3/ark:/12148/bd6t5123069z/manifest.json'
For more information check: https://developer.mozilla.org/en-US/docs/Web/HTTP/Status/403",2026-07-17T13:33:52.150076
francesoir,bd6t5123070w,,failed,0,0,,http_manifest,known,403,manifest,"Client error '403 ' for url 'https://openapiproext.bnf.fr/iiif/presentation/v3/ark:/12148/bd6t5123070w/manifest.json'
For more information check: https://developer.mozilla.org/en-US/docs/Web/HTTP/Status/403",2026-07-17T13:33:53.379267
francesoir,bd6t51230718,,failed,0,0,,http_manifest,known,403,manifest,"Client error '403 ' for url 'https://openapiproext.bnf.fr/iiif/presentation/v3/ark:/12148/bd6t51230718/manifest.json'
For more information check: https://developer.mozilla.org/en-US/docs/Web/HTTP/Status/403",2026-07-17T13:33:54.556569
francesoir,bd6t5123072n,,failed,0,0,,http_manifest,known,403,manifest,"Client error '403 ' for url 'https://openapiproext.bnf.fr/iiif/presentation/v3/ark:/12148/bd6t5123072n/manifest.json'
For more information check: https://developer.mozilla.org/en-US/docs/Web/HTTP/Status/403",2026-07-17T13:33:55.759973
francesoir,bd6t51230731,,failed,0,0,,http_manifest,known,403,manifest,"Client error '403 ' for url 'https://openapiproext.bnf.fr/iiif/presentation/v3/ark:/12148/bd6t51230731/manifest.json'
For more information check: https://developer.mozilla.org/en-US/docs/Web/HTTP/Status/403",2026-07-17T13:33:56.963130
francesoir,bd6t5123074d,,failed,0,0,,http_manifest,known,403,manifest,"Client error '403 ' for url 'https://openapiproext.bnf.fr/iiif/presentation/v3/ark:/12148/bd6t5123074d/manifest.json'
For more information check: https://developer.mozilla.org/en-US/docs/Web/HTTP/Status/403",2026-07-17T13:33:58.398163
francesoir,bd6t5123075s,,failed,0,0,,http_manifest,known,403,manifest,"Client error '403 ' for url 'https://openapiproext.bnf.fr/iiif/presentation/v3/ark:/12148/bd6t5123075s/manifest.json'
For more information check: https://developer.mozilla.org/en-US/docs/Web/HTTP/Status/403",2026-07-17T13:33:59.522721
francesoir,bd6t51230765,,failed,0,0,,http_manifest,known,403,manifest,"Client error '403 ' for url 'https://openapiproext.bnf.fr/iiif/presentation/v3/ark:/12148/bd6t51230765/manifest.json'
For more information check: https://developer.mozilla.org/en-US/docs/Web/HTTP/Status/403",2026-07-17T13:34:00.656832
francesoir,bd6t5123077j,,failed,0,0,,http_manifest,known,403,manifest,"Client error '403 ' for url 'https://openapiproext.bnf.fr/iiif/presentation/v3/ark:/12148/bd6t5123077j/manifest.json'
For more information check: https://developer.mozilla.org/en-US/docs/Web/HTTP/Status/403",2026-07-17T13:34:01.762708
francesoir,bd6t5123078x,,failed,0,0,,http_manifest,known,403,manifest,"Client error '403 ' for url 'https://openapiproext.bnf.fr/iiif/presentation/v3/ark:/12148/bd6t5123078x/manifest.json'
For more information check: https://developer.mozilla.org/en-US/docs/Web/HTTP/Status/403",2026-07-17T13:34:02.964133
francesoir,bd6t51230799,,failed,0,0,,http_manifest,known,403,manifest,"Client error '403 ' for url 'https://openapiproext.bnf.fr/iiif/presentation/v3/ark:/12148/bd6t51230799/manifest.json'
For more information check: https://developer.mozilla.org/en-US/docs/Web/HTTP/Status/403",2026-07-17T13:34:04.286742
francesoir,bd6t51230807,,failed,0,0,,http_manifest,known,403,manifest,"Client error '403 ' for url 'https://openapiproext.bnf.fr/iiif/presentation/v3/ark:/12148/bd6t51230807/manifest.json'
For more information check: https://developer.mozilla.org/en-US/docs/Web/HTTP/Status/403",2026-07-17T13:34:05.494692
francesoir,bd6t5123081m,,failed,0,0,,http_manifest,known,403,manifest,"Client error '403 ' for url 'https://openapiproext.bnf.fr/iiif/presentation/v3/ark:/12148/bd6t5123081m/manifest.json'
For more information check: https://developer.mozilla.org/en-US/docs/Web/HTTP/Status/403",2026-07-17T13:34:06.574020
francesoir,bd6t51230820,,failed,0,0,,http_manifest,known,403,manifest,"Client error '403 ' for url 'https://openapiproext.bnf.fr/iiif/presentation/v3/ark:/12148/bd6t51230820/manifest.json'
For more information check: https://developer.mozilla.org/en-US/docs/Web/HTTP/Status/403",2026-07-17T13:34:07.772535
francesoir,bd6t5123083c,,failed,0,0,,http_manifest,known,403,manifest,"Client error '403 ' for url 'https://openapiproext.bnf.fr/iiif/presentation/v3/ark:/12148/bd6t5123083c/manifest.json'
For more information check: https://developer.mozilla.org/en-US/docs/Web/HTTP/Status/403",2026-07-17T13:34:08.973804
francesoir,bd6t5123084r,,failed,0,0,,http_manifest,known,403,manifest,"Client error '403 ' for url 'https://openapiproext.bnf.fr/iiif/presentation/v3/ark:/12148/bd6t5123084r/manifest.json'
For more information check: https://developer.mozilla.org/en-US/docs/Web/HTTP/Status/403",2026-07-17T13:34:10.204851
francesoir,bd6t51230854,,failed,0,0,,http_manifest,known,403,manifest,"Client error '403 ' for url 'https://openapiproext.bnf.fr/iiif/presentation/v3/ark:/12148/bd6t51230854/manifest.json'
For more information check: https://developer.mozilla.org/en-US/docs/Web/HTTP/Status/403",2026-07-17T13:34:11.376721
francesoir,bd6t5123086h,,failed,0,0,,http_manifest,known,403,manifest,"Client error '403 ' for url 'https://openapiproext.bnf.fr/iiif/presentation/v3/ark:/12148/bd6t5123086h/manifest.json'
For more information check: https://developer.mozilla.org/en-US/docs/Web/HTTP/Status/403",2026-07-17T13:34:12.581406
francesoir,bd6t51226986,,failed,0,0,,http_manifest,known,403,manifest,"Client error '403 ' for url 'https://openapiproext.bnf.fr/iiif/presentation/v3/ark:/12148/bd6t51226986/manifest.json'
For more information check: https://developer.mozilla.org/en-US/docs/Web/HTTP/Status/403",2026-07-17T13:34:13.780326
francesoir,bd6t5122699k,,failed,0,0,,http_manifest,known,403,manifest,"Client error '403 ' for url 'https://openapiproext.bnf.fr/iiif/presentation/v3/ark:/12148/bd6t5122699k/manifest.json'
For more information check: https://developer.mozilla.org/en-US/docs/Web/HTTP/Status/403",2026-07-17T13:34:15.002142
francesoir,bd6t5122700c,,failed,0,0,,http_manifest,known,403,manifest,"Client error '403 ' for url 'https://openapiproext.bnf.fr/iiif/presentation/v3/ark:/12148/bd6t5122700c/manifest.json'
For more information check: https://developer.mozilla.org/en-US/docs/Web/HTTP/Status/403",2026-07-17T13:34:16.189593
francesoir,bd6t5122701r,,failed,0,0,,http_manifest,known,403,manifest,"Client error '403 ' for url 'https://openapiproext.bnf.fr/iiif/presentation/v3/ark:/12148/bd6t5122701r/manifest.json'
For more information check: https://developer.mozilla.org/en-US/docs/Web/HTTP/Status/403",2026-07-17T13:34:17.385391
francesoir,bd6t51227024,,failed,0,0,,http_manifest,known,403,manifest,"Client error '403 ' for url 'https://openapiproext.bnf.fr/iiif/presentation/v3/ark:/12148/bd6t51227024/manifest.json'
For more information check: https://developer.mozilla.org/en-US/docs/Web/HTTP/Status/403",2026-07-17T13:34:18.583919
francesoir,bd6t5122703h,,failed,0,0,,http_manifest,known,403,manifest,"Client error '403 ' for url 'https://openapiproext.bnf.fr/iiif/presentation/v3/ark:/12148/bd6t5122703h/manifest.json'
For more information check: https://developer.mozilla.org/en-US/docs/Web/HTTP/Status/403",2026-07-17T13:34:19.792525
francesoir,bd6t5122704w,,failed,0,0,,http_manifest,known,403,manifest,"Client error '403 ' for url 'https://openapiproext.bnf.fr/iiif/presentation/v3/ark:/12148/bd6t5122704w/manifest.json'
For more information check: https://developer.mozilla.org/en-US/docs/Web/HTTP/Status/403",2026-07-17T13:34:20.988643
francesoir,bd6t51227058,,failed,0,0,,http_manifest,known,403,manifest,"Client error '403 ' for url 'https://openapiproext.bnf.fr/iiif/presentation/v3/ark:/12148/bd6t51227058/manifest.json'
For more information check: https://developer.mozilla.org/en-US/docs/Web/HTTP/Status/403",2026-07-17T13:34:22.202961
francesoir,bd6t5122706n,,failed,0,0,,http_manifest,known,403,manifest,"Client error '403 ' for url 'https://openapiproext.bnf.fr/iiif/presentation/v3/ark:/12148/bd6t5122706n/manifest.json'
For more information check: https://developer.mozilla.org/en-US/docs/Web/HTTP/Status/403",2026-07-17T13:34:23.443366
francesoir,bd6t51227071,,failed,0,0,,http_manifest,known,403,manifest,"Client error '403 ' for url 'https://openapiproext.bnf.fr/iiif/presentation/v3/ark:/12148/bd6t51227071/manifest.json'
For more information check: https://developer.mozilla.org/en-US/docs/Web/HTTP/Status/403",2026-07-17T13:34:24.604730
francesoir,bd6t5122708d,,failed,0,0,,http_manifest,known,403,manifest,"Client error '403 ' for url 'https://openapiproext.bnf.fr/iiif/presentation/v3/ark:/12148/bd6t5122708d/manifest.json'
For more information check: https://developer.mozilla.org/en-US/docs/Web/HTTP/Status/403",2026-07-17T13:34:25.796387
francesoir,bd6t5122709s,,failed,0,0,,http_manifest,known,403,manifest,"Client error '403 ' for url 'https://openapiproext.bnf.fr/iiif/presentation/v3/ark:/12148/bd6t5122709s/manifest.json'
For more information check: https://developer.mozilla.org/en-US/docs/Web/HTTP/Status/403",2026-07-17T13:34:26.992342
francesoir,bd6t5122710q,,failed,0,0,,http_manifest,known,403,manifest,"Client error '403 ' for url 'https://openapiproext.bnf.fr/iiif/presentation/v3/ark:/12148/bd6t5122710q/manifest.json'
For more information check: https://developer.mozilla.org/en-US/docs/Web/HTTP/Status/403",2026-07-17T13:34:28.194144
francesoir,bd6t51227113,,failed,0,0,,http_manifest,known,403,manifest,"Client error '403 ' for url 'https://openapiproext.bnf.fr/iiif/presentation/v3/ark:/12148/bd6t51227113/manifest.json'
For more information check: https://developer.mozilla.org/en-US/docs/Web/HTTP/Status/403",2026-07-17T13:34:29.400908
francesoir,bd6t5122712g,,failed,0,0,,http_manifest,known,403,manifest,"Client error '403 ' for url 'https://openapiproext.bnf.fr/iiif/presentation/v3/ark:/12148/bd6t5122712g/manifest.json'
For more information check: https://developer.mozilla.org/en-US/docs/Web/HTTP/Status/403",2026-07-17T13:34:30.599376
francesoir,bd6t5122713v,,failed,0,0,,http_manifest,known,403,manifest,"Client error '403 ' for url 'https://openapiproext.bnf.fr/iiif/presentation/v3/ark:/12148/bd6t5122713v/manifest.json'
For more information check: https://developer.mozilla.org/en-US/docs/Web/HTTP/Status/403",2026-07-17T13:34:31.805252
francesoir,bd6t51227147,,failed,0,0,,http_manifest,known,403,manifest,"Client error '403 ' for url 'https://openapiproext.bnf.fr/iiif/presentation/v3/ark:/12148/bd6t51227147/manifest.json'
For more information check: https://developer.mozilla.org/en-US/docs/Web/HTTP/Status/403",2026-07-17T13:34:32.998885
francesoir,bd6t5122715m,,failed,0,0,,http_manifest,known,403,manifest,"Client error '403 ' for url 'https://openapiproext.bnf.fr/iiif/presentation/v3/ark:/12148/bd6t5122715m/manifest.json'
For more information check: https://developer.mozilla.org/en-US/docs/Web/HTTP/Status/403",2026-07-17T13:34:34.201449
francesoir,bd6t51227160,,failed,0,0,,http_manifest,known,403,manifest,"Client error '403 ' for url 'https://openapiproext.bnf.fr/iiif/presentation/v3/ark:/12148/bd6t51227160/manifest.json'
For more information check: https://developer.mozilla.org/en-US/docs/Web/HTTP/Status/403",2026-07-17T13:34:35.430091
francesoir,bd6t5122717c,,failed,0,0,,http_manifest,known,403,manifest,"Client error '403 ' for url 'https://openapiproext.bnf.fr/iiif/presentation/v3/ark:/12148/bd6t5122717c/manifest.json'
For more information check: https://developer.mozilla.org/en-US/docs/Web/HTTP/Status/403",2026-07-17T13:34:36.606351
francesoir,bd6t5122718r,,failed,0,0,,http_manifest,known,403,manifest,"Client error '403 ' for url 'https://openapiproext.bnf.fr/iiif/presentation/v3/ark:/12148/bd6t5122718r/manifest.json'
For more information check: https://developer.mozilla.org/en-US/docs/Web/HTTP/Status/403",2026-07-17T13:34:37.807097
francesoir,bd6t51227194,,failed,0,0,,http_manifest,known,403,manifest,"Client error '403 ' for url 'https://openapiproext.bnf.fr/iiif/presentation/v3/ark:/12148/bd6t51227194/manifest.json'
For more information check: https://developer.mozilla.org/en-US/docs/Web/HTTP/Status/403",2026-07-17T13:34:39.007058
francesoir,bd6t51227202,,failed,0,0,,http_manifest,known,403,manifest,"Client error '403 ' for url 'https://openapiproext.bnf.fr/iiif/presentation/v3/ark:/12148/bd6t51227202/manifest.json'
For more information check: https://developer.mozilla.org/en-US/docs/Web/HTTP/Status/403",2026-07-17T13:34:40.209744
francesoir,bd6t5122721f,,failed,0,0,,http_manifest,known,403,manifest,"Client error '403 ' for url 'https://openapiproext.bnf.fr/iiif/presentation/v3/ark:/12148/bd6t5122721f/manifest.json'
For more information check: https://developer.mozilla.org/en-US/docs/Web/HTTP/Status/403",2026-07-17T13:34:41.408581
francesoir,bd6t5122722t,,failed,0,0,,http_manifest,known,403,manifest,"Client error '403 ' for url 'https://openapiproext.bnf.fr/iiif/presentation/v3/ark:/12148/bd6t5122722t/manifest.json'
For more information check: https://developer.mozilla.org/en-US/docs/Web/HTTP/Status/403",2026-07-17T13:34:42.612543
francesoir,bd6t51227236,,failed,0,0,,http_manifest,known,403,manifest,"Client error '403 ' for url 'https://openapiproext.bnf.fr/iiif/presentation/v3/ark:/12148/bd6t51227236/manifest.json'
For more information check: https://developer.mozilla.org/en-US/docs/Web/HTTP/Status/403",2026-07-17T13:34:43.814325
francesoir,bd6t5122724k,,failed,0,0,,http_manifest,known,403,manifest,"Client error '403 ' for url 'https://openapiproext.bnf.fr/iiif/presentation/v3/ark:/12148/bd6t5122724k/manifest.json'
For more information check: https://developer.mozilla.org/en-US/docs/Web/HTTP/Status/403",2026-07-17T13:34:45.014565
francesoir,bd6t5122725z,,failed,0,0,,http_manifest,known,403,manifest,"Client error '403 ' for url 'https://openapiproext.bnf.fr/iiif/presentation/v3/ark:/12148/bd6t5122725z/manifest.json'
For more information check: https://developer.mozilla.org/en-US/docs/Web/HTTP/Status/403",2026-07-17T13:34:46.220707
francesoir,bd6t5122726b,,failed,0,0,,http_manifest,known,403,manifest,"Client error '403 ' for url 'https://openapiproext.bnf.fr/iiif/presentation/v3/ark:/12148/bd6t5122726b/manifest.json'
For more information check: https://developer.mozilla.org/en-US/docs/Web/HTTP/Status/403",2026-07-17T13:34:47.450665
francesoir,bd6t5122727q,,failed,0,0,,http_manifest,known,403,manifest,"Client error '403 ' for url 'https://openapiproext.bnf.fr/iiif/presentation/v3/ark:/12148/bd6t5122727q/manifest.json'
For more information check: https://developer.mozilla.org/en-US/docs/Web/HTTP/Status/403",2026-07-17T13:34:48.622162
francesoir,bd6t51227283,,failed,0,0,,http_manifest,known,403,manifest,"Client error '403 ' for url 'https://openapiproext.bnf.fr/iiif/presentation/v3/ark:/12148/bd6t51227283/manifest.json'
For more information check: https://developer.mozilla.org/en-US/docs/Web/HTTP/Status/403",2026-07-17T13:34:49.825394
francesoir,bd6t5122729g,,failed,0,0,,http_manifest,known,403,manifest,"Client error '403 ' for url 'https://openapiproext.bnf.fr/iiif/presentation/v3/ark:/12148/bd6t5122729g/manifest.json'
For more information check: https://developer.mozilla.org/en-US/docs/Web/HTTP/Status/403",2026-07-17T13:34:51.026496
francesoir,bd6t5122730d,,failed,0,0,,http_manifest,known,403,manifest,"Client error '403 ' for url 'https://openapiproext.bnf.fr/iiif/presentation/v3/ark:/12148/bd6t5122730d/manifest.json'
For more information check: https://developer.mozilla.org/en-US/docs/Web/HTTP/Status/403",2026-07-17T13:34:52.224611
francesoir,bd6t5122731s,,failed,0,0,,http_manifest,known,403,manifest,"Client error '403 ' for url 'https://openapiproext.bnf.fr/iiif/presentation/v3/ark:/12148/bd6t5122731s/manifest.json'
For more information check: https://developer.mozilla.org/en-US/docs/Web/HTTP/Status/403",2026-07-17T13:34:53.450188
francesoir,bd6t51227325,,failed,0,0,,http_manifest,known,403,manifest,"Client error '403 ' for url 'https://openapiproext.bnf.fr/iiif/presentation/v3/ark:/12148/bd6t51227325/manifest.json'
For more information check: https://developer.mozilla.org/en-US/docs/Web/HTTP/Status/403",2026-07-17T13:34:54.627460
francesoir,bd6t5122733j,,failed,0,0,,http_manifest,known,403,manifest,"Client error '403 ' for url 'https://openapiproext.bnf.fr/iiif/presentation/v3/ark:/12148/bd6t5122733j/manifest.json'
For more information check: https://developer.mozilla.org/en-US/docs/Web/HTTP/Status/403",2026-07-17T13:34:55.832090
francesoir,bd6t5122734x,,failed,0,0,,http_manifest,known,403,manifest,"Client error '403 ' for url 'https://openapiproext.bnf.fr/iiif/presentation/v3/ark:/12148/bd6t5122734x/manifest.json'
For more information check: https://developer.mozilla.org/en-US/docs/Web/HTTP/Status/403",2026-07-17T13:34:57.031744
francesoir,bd6t51227359,,failed,0,0,,http_manifest,known,403,manifest,"Client error '403 ' for url 'https://openapiproext.bnf.fr/iiif/presentation/v3/ark:/12148/bd6t51227359/manifest.json'
For more information check: https://developer.mozilla.org/en-US/docs/Web/HTTP/Status/403",2026-07-17T13:34:58.231571
francesoir,bd6t5122736p,,failed,0,0,,http_manifest,known,403,manifest,"Client error '403 ' for url 'https://openapiproext.bnf.fr/iiif/presentation/v3/ark:/12148/bd6t5122736p/manifest.json'
For more information check: https://developer.mozilla.org/en-US/docs/Web/HTTP/Status/403",2026-07-17T13:34:59.463450
francesoir,bd6t51227372,,failed,0,0,,http_manifest,known,403,manifest,"Client error '403 ' for url 'https://openapiproext.bnf.fr/iiif/presentation/v3/ark:/12148/bd6t51227372/manifest.json'
For more information check: https://developer.mozilla.org/en-US/docs/Web/HTTP/Status/403",2026-07-17T13:35:00.635820
francesoir,bd6t5122738f,,failed,0,0,,http_manifest,known,403,manifest,"Client error '403 ' for url 'https://openapiproext.bnf.fr/iiif/presentation/v3/ark:/12148/bd6t5122738f/manifest.json'
For more information check: https://developer.mozilla.org/en-US/docs/Web/HTTP/Status/403",2026-07-17T13:35:01.917200
francesoir,bd6t5122739t,,failed,0,0,,http_manifest,known,403,manifest,"Client error '403 ' for url 'https://openapiproext.bnf.fr/iiif/presentation/v3/ark:/12148/bd6t5122739t/manifest.json'
For more information check: https://developer.mozilla.org/en-US/docs/Web/HTTP/Status/403",2026-07-17T13:35:03.039638
francesoir,bd6t5122740r,,failed,0,0,,http_manifest,known,403,manifest,"Client error '403 ' for url 'https://openapiproext.bnf.fr/iiif/presentation/v3/ark:/12148/bd6t5122740r/manifest.json'
For more information check: https://developer.mozilla.org/en-US/docs/Web/HTTP/Status/403",2026-07-17T13:35:04.321237
francesoir,bd6t51227414,,failed,0,0,,http_manifest,known,403,manifest,"Client error '403 ' for url 'https://openapiproext.bnf.fr/iiif/presentation/v3/ark:/12148/bd6t51227414/manifest.json'
For more information check: https://developer.mozilla.org/en-US/docs/Web/HTTP/Status/403",2026-07-17T13:35:05.691108
francesoir,bd6t5122742h,,failed,0,0,,http_manifest,known,403,manifest,"Client error '403 ' for url 'https://openapiproext.bnf.fr/iiif/presentation/v3/ark:/12148/bd6t5122742h/manifest.json'
For more information check: https://developer.mozilla.org/en-US/docs/Web/HTTP/Status/403",2026-07-17T13:35:06.651186
francesoir,bd6t5122743w,,failed,0,0,,http_manifest,known,403,manifest,"Client error '403 ' for url 'https://openapiproext.bnf.fr/iiif/presentation/v3/ark:/12148/bd6t5122743w/manifest.json'
For more information check: https://developer.mozilla.org/en-US/docs/Web/HTTP/Status/403",2026-07-17T13:35:07.858329
francesoir,bd6t51227448,,failed,0,0,,http_manifest,known,403,manifest,"Client error '403 ' for url 'https://openapiproext.bnf.fr/iiif/presentation/v3/ark:/12148/bd6t51227448/manifest.json'
For more information check: https://developer.mozilla.org/en-US/docs/Web/HTTP/Status/403",2026-07-17T13:35:09.143263
francesoir,bd6t5122745n,,failed,0,0,,http_manifest,known,403,manifest,"Client error '403 ' for url 'https://openapiproext.bnf.fr/iiif/presentation/v3/ark:/12148/bd6t5122745n/manifest.json'
For more information check: https://developer.mozilla.org/en-US/docs/Web/HTTP/Status/403",2026-07-17T13:35:10.250589
francesoir,bd6t51227461,,failed,0,0,,http_manifest,known,403,manifest,"Client error '403 ' for url 'https://openapiproext.bnf.fr/iiif/presentation/v3/ark:/12148/bd6t51227461/manifest.json'
For more information check: https://developer.mozilla.org/en-US/docs/Web/HTTP/Status/403",2026-07-17T13:35:11.574549
francesoir,bd6t5122747d,,failed,0,0,,http_manifest,known,403,manifest,"Client error '403 ' for url 'https://openapiproext.bnf.fr/iiif/presentation/v3/ark:/12148/bd6t5122747d/manifest.json'
For more information check: https://developer.mozilla.org/en-US/docs/Web/HTTP/Status/403",2026-07-17T13:35:12.655498
francesoir,bd6t5122748s,,failed,0,0,,http_manifest,known,403,manifest,"Client error '403 ' for url 'https://openapiproext.bnf.fr/iiif/presentation/v3/ark:/12148/bd6t5122748s/manifest.json'
For more information check: https://developer.mozilla.org/en-US/docs/Web/HTTP/Status/403",2026-07-17T13:35:13.970452
francesoir,bd6t51227495,,failed,0,0,,http_manifest,known,403,manifest,"Client error '403 ' for url 'https://openapiproext.bnf.fr/iiif/presentation/v3/ark:/12148/bd6t51227495/manifest.json'
For more information check: https://developer.mozilla.org/en-US/docs/Web/HTTP/Status/403",2026-07-17T13:35:15.204202
francesoir,bd6t51227503,,failed,0,0,,http_manifest,known,403,manifest,"Client error '403 ' for url 'https://openapiproext.bnf.fr/iiif/presentation/v3/ark:/12148/bd6t51227503/manifest.json'
For more information check: https://developer.mozilla.org/en-US/docs/Web/HTTP/Status/403",2026-07-17T13:35:16.260806
francesoir,bd6t51240739,,failed,0,0,,http_manifest,known,403,manifest,"Client error '403 ' for url 'https://openapiproext.bnf.fr/iiif/presentation/v3/ark:/12148/bd6t51240739/manifest.json'
For more information check: https://developer.mozilla.org/en-US/docs/Web/HTTP/Status/403",2026-07-17T13:35:17.588738
francesoir,bd6t5124074p,,failed,0,0,,http_manifest,known,403,manifest,"Client error '403 ' for url 'https://openapiproext.bnf.fr/iiif/presentation/v3/ark:/12148/bd6t5124074p/manifest.json'
For more information check: https://developer.mozilla.org/en-US/docs/Web/HTTP/Status/403",2026-07-17T13:35:18.948195
francesoir,bd6t51240752,,failed,0,0,,http_manifest,known,403,manifest,"Client error '403 ' for url 'https://openapiproext.bnf.fr/iiif/presentation/v3/ark:/12148/bd6t51240752/manifest.json'
For more information check: https://developer.mozilla.org/en-US/docs/Web/HTTP/Status/403",2026-07-17T13:35:19.866990
francesoir,bd6t5124076f,,failed,0,0,,http_manifest,known,403,manifest,"Client error '403 ' for url 'https://openapiproext.bnf.fr/iiif/presentation/v3/ark:/12148/bd6t5124076f/manifest.json'
For more information check: https://developer.mozilla.org/en-US/docs/Web/HTTP/Status/403",2026-07-17T13:35:21.067097
francesoir,bd6t5124077t,,failed,0,0,,http_manifest,known,403,manifest,"Client error '403 ' for url 'https://openapiproext.bnf.fr/iiif/presentation/v3/ark:/12148/bd6t5124077t/manifest.json'
For more information check: https://developer.mozilla.org/en-US/docs/Web/HTTP/Status/403",2026-07-17T13:35:22.266685
francesoir,bd6t51240786,,failed,0,0,,http_manifest,known,403,manifest,"Client error '403 ' for url 'https://openapiproext.bnf.fr/iiif/presentation/v3/ark:/12148/bd6t51240786/manifest.json'
For more information check: https://developer.mozilla.org/en-US/docs/Web/HTTP/Status/403",2026-07-17T13:35:23.491966
francesoir,bd6t5124079k,,failed,0,0,,http_manifest,known,403,manifest,"Client error '403 ' for url 'https://openapiproext.bnf.fr/iiif/presentation/v3/ark:/12148/bd6t5124079k/manifest.json'
For more information check: https://developer.mozilla.org/en-US/docs/Web/HTTP/Status/403",2026-07-17T13:35:24.680030
francesoir,bd6t5124080h,,failed,0,0,,http_manifest,known,403,manifest,"Client error '403 ' for url 'https://openapiproext.bnf.fr/iiif/presentation/v3/ark:/12148/bd6t5124080h/manifest.json'
For more information check: https://developer.mozilla.org/en-US/docs/Web/HTTP/Status/403",2026-07-17T13:35:25.874092
francesoir,bd6t5124081w,,failed,0,0,,http_manifest,known,403,manifest,"Client error '403 ' for url 'https://openapiproext.bnf.fr/iiif/presentation/v3/ark:/12148/bd6t5124081w/manifest.json'
For more information check: https://developer.mozilla.org/en-US/docs/Web/HTTP/Status/403",2026-07-17T13:35:27.074013
francesoir,bd6t51240828,,failed,0,0,,http_manifest,known,403,manifest,"Client error '403 ' for url 'https://openapiproext.bnf.fr/iiif/presentation/v3/ark:/12148/bd6t51240828/manifest.json'
For more information check: https://developer.mozilla.org/en-US/docs/Web/HTTP/Status/403",2026-07-17T13:35:28.275330
francesoir,bd6t5124083n,,failed,0,0,,http_manifest,known,403,manifest,"Client error '403 ' for url 'https://openapiproext.bnf.fr/iiif/presentation/v3/ark:/12148/bd6t5124083n/manifest.json'
For more information check: https://developer.mozilla.org/en-US/docs/Web/HTTP/Status/403",2026-07-17T13:35:29.479269
francesoir,bd6t51240841,,failed,0,0,,http_manifest,known,403,manifest,"Client error '403 ' for url 'https://openapiproext.bnf.fr/iiif/presentation/v3/ark:/12148/bd6t51240841/manifest.json'
For more information check: https://developer.mozilla.org/en-US/docs/Web/HTTP/Status/403",2026-07-17T13:35:30.677284
francesoir,bd6t5124085d,,failed,0,0,,http_manifest,known,403,manifest,"Client error '403 ' for url 'https://openapiproext.bnf.fr/iiif/presentation/v3/ark:/12148/bd6t5124085d/manifest.json'
For more information check: https://developer.mozilla.org/en-US/docs/Web/HTTP/Status/403",2026-07-17T13:35:31.904630
francesoir,bd6t5124086s,,failed,0,0,,http_manifest,known,403,manifest,"Client error '403 ' for url 'https://openapiproext.bnf.fr/iiif/presentation/v3/ark:/12148/bd6t5124086s/manifest.json'
For more information check: https://developer.mozilla.org/en-US/docs/Web/HTTP/Status/403",2026-07-17T13:35:33.078654
francesoir,bd6t51240875,,failed,0,0,,http_manifest,known,403,manifest,"Client error '403 ' for url 'https://openapiproext.bnf.fr/iiif/presentation/v3/ark:/12148/bd6t51240875/manifest.json'
For more information check: https://developer.mozilla.org/en-US/docs/Web/HTTP/Status/403",2026-07-17T13:35:34.284431
francesoir,bd6t5124088j,,failed,0,0,,http_manifest,known,403,manifest,"Client error '403 ' for url 'https://openapiproext.bnf.fr/iiif/presentation/v3/ark:/12148/bd6t5124088j/manifest.json'
For more information check: https://developer.mozilla.org/en-US/docs/Web/HTTP/Status/403",2026-07-17T13:35:35.508143
francesoir,bd6t5124089x,,failed,0,0,,http_manifest,known,403,manifest,"Client error '403 ' for url 'https://openapiproext.bnf.fr/iiif/presentation/v3/ark:/12148/bd6t5124089x/manifest.json'
For more information check: https://developer.mozilla.org/en-US/docs/Web/HTTP/Status/403",2026-07-17T13:35:36.686589
francesoir,bd6t5124090v,,failed,0,0,,http_manifest,known,403,manifest,"Client error '403 ' for url 'https://openapiproext.bnf.fr/iiif/presentation/v3/ark:/12148/bd6t5124090v/manifest.json'
For more information check: https://developer.mozilla.org/en-US/docs/Web/HTTP/Status/403",2026-07-17T13:35:37.894858
francesoir,bd6t51240917,,failed,0,0,,http_manifest,known,403,manifest,"Client error '403 ' for url 'https://openapiproext.bnf.fr/iiif/presentation/v3/ark:/12148/bd6t51240917/manifest.json'
For more information check: https://developer.mozilla.org/en-US/docs/Web/HTTP/Status/403",2026-07-17T13:35:39.087707
francesoir,bd6t5124092m,,failed,0,0,,http_manifest,known,403,manifest,"Client error '403 ' for url 'https://openapiproext.bnf.fr/iiif/presentation/v3/ark:/12148/bd6t5124092m/manifest.json'
For more information check: https://developer.mozilla.org/en-US/docs/Web/HTTP/Status/403",2026-07-17T13:35:40.289151
francesoir,bd6t51240930,,failed,0,0,,http_manifest,known,403,manifest,"Client error '403 ' for url 'https://openapiproext.bnf.fr/iiif/presentation/v3/ark:/12148/bd6t51240930/manifest.json'
For more information check: https://developer.mozilla.org/en-US/docs/Web/HTTP/Status/403",2026-07-17T13:35:41.494882
francesoir,bd6t5124094c,,failed,0,0,,http_manifest,known,403,manifest,"Client error '403 ' for url 'https://openapiproext.bnf.fr/iiif/presentation/v3/ark:/12148/bd6t5124094c/manifest.json'
For more information check: https://developer.mozilla.org/en-US/docs/Web/HTTP/Status/403",2026-07-17T13:35:42.691570
francesoir,bd6t5124095r,,failed,0,0,,http_manifest,known,403,manifest,"Client error '403 ' for url 'https://openapiproext.bnf.fr/iiif/presentation/v3/ark:/12148/bd6t5124095r/manifest.json'
For more information check: https://developer.mozilla.org/en-US/docs/Web/HTTP/Status/403",2026-07-17T13:35:43.897680
francesoir,bd6t51240964,,failed,0,0,,http_manifest,known,403,manifest,"Client error '403 ' for url 'https://openapiproext.bnf.fr/iiif/presentation/v3/ark:/12148/bd6t51240964/manifest.json'
For more information check: https://developer.mozilla.org/en-US/docs/Web/HTTP/Status/403",2026-07-17T13:35:45.095900
francesoir,bd6t5124097h,,failed,0,0,,http_manifest,known,403,manifest,"Client error '403 ' for url 'https://openapiproext.bnf.fr/iiif/presentation/v3/ark:/12148/bd6t5124097h/manifest.json'
For more information check: https://developer.mozilla.org/en-US/docs/Web/HTTP/Status/403",2026-07-17T13:35:46.309213
francesoir,bd6t5124098w,,failed,0,0,,http_manifest,known,403,manifest,"Client error '403 ' for url 'https://openapiproext.bnf.fr/iiif/presentation/v3/ark:/12148/bd6t5124098w/manifest.json'
For more information check: https://developer.mozilla.org/en-US/docs/Web/HTTP/Status/403",2026-07-17T13:35:47.524499
francesoir,bd6t51240998,,failed,0,0,,http_manifest,known,403,manifest,"Client error '403 ' for url 'https://openapiproext.bnf.fr/iiif/presentation/v3/ark:/12148/bd6t51240998/manifest.json'
For more information check: https://developer.mozilla.org/en-US/docs/Web/HTTP/Status/403",2026-07-17T13:35:48.701243
francesoir,bd6t51241002,,failed,0,0,,http_manifest,known,403,manifest,"Client error '403 ' for url 'https://openapiproext.bnf.fr/iiif/presentation/v3/ark:/12148/bd6t51241002/manifest.json'
For more information check: https://developer.mozilla.org/en-US/docs/Web/HTTP/Status/403",2026-07-17T13:35:49.905255
francesoir,bd6t5124101f,,failed,0,0,,http_manifest,known,403,manifest,"Client error '403 ' for url 'https://openapiproext.bnf.fr/iiif/presentation/v3/ark:/12148/bd6t5124101f/manifest.json'
For more information check: https://developer.mozilla.org/en-US/docs/Web/HTTP/Status/403",2026-07-17T13:35:51.105657
francesoir,bd6t5124102t,,failed,0,0,,http_manifest,known,403,manifest,"Client error '403 ' for url 'https://openapiproext.bnf.fr/iiif/presentation/v3/ark:/12148/bd6t5124102t/manifest.json'
For more information check: https://developer.mozilla.org/en-US/docs/Web/HTTP/Status/403",2026-07-17T13:35:52.313316
francesoir,bd6t51241036,,failed,0,0,,http_manifest,known,403,manifest,"Client error '403 ' for url 'https://openapiproext.bnf.fr/iiif/presentation/v3/ark:/12148/bd6t51241036/manifest.json'
For more information check: https://developer.mozilla.org/en-US/docs/Web/HTTP/Status/403",2026-07-17T13:35:53.533921
francesoir,bd6t5124104k,,failed,0,0,,http_manifest,known,403,manifest,"Client error '403 ' for url 'https://openapiproext.bnf.fr/iiif/presentation/v3/ark:/12148/bd6t5124104k/manifest.json'
For more information check: https://developer.mozilla.org/en-US/docs/Web/HTTP/Status/403",2026-07-17T13:35:54.709216
francesoir,bd6t5124105z,,failed,0,0,,http_manifest,known,403,manifest,"Client error '403 ' for url 'https://openapiproext.bnf.fr/iiif/presentation/v3/ark:/12148/bd6t5124105z/manifest.json'
For more information check: https://developer.mozilla.org/en-US/docs/Web/HTTP/Status/403",2026-07-17T13:35:55.911954
francesoir,bd6t5124106b,,failed,0,0,,http_manifest,known,403,manifest,"Client error '403 ' for url 'https://openapiproext.bnf.fr/iiif/presentation/v3/ark:/12148/bd6t5124106b/manifest.json'
For more information check: https://developer.mozilla.org/en-US/docs/Web/HTTP/Status/403",2026-07-17T13:35:57.119121
francesoir,bd6t5124107q,,failed,0,0,,http_manifest,known,403,manifest,"Client error '403 ' for url 'https://openapiproext.bnf.fr/iiif/presentation/v3/ark:/12148/bd6t5124107q/manifest.json'
For more information check: https://developer.mozilla.org/en-US/docs/Web/HTTP/Status/403",2026-07-17T13:35:58.327010
francesoir,bd6t51241083,,failed,0,0,,http_manifest,known,403,manifest,"Client error '403 ' for url 'https://openapiproext.bnf.fr/iiif/presentation/v3/ark:/12148/bd6t51241083/manifest.json'
For more information check: https://developer.mozilla.org/en-US/docs/Web/HTTP/Status/403",2026-07-17T13:35:59.586829
francesoir,bd6t5124109g,,failed,0,0,,http_manifest,known,403,manifest,"Client error '403 ' for url 'https://openapiproext.bnf.fr/iiif/presentation/v3/ark:/12148/bd6t5124109g/manifest.json'
For more information check: https://developer.mozilla.org/en-US/docs/Web/HTTP/Status/403",2026-07-17T13:36:00.800734
francesoir,bd6t5124110d,,failed,0,0,,http_manifest,known,403,manifest,"Client error '403 ' for url 'https://openapiproext.bnf.fr/iiif/presentation/v3/ark:/12148/bd6t5124110d/manifest.json'
For more information check: https://developer.mozilla.org/en-US/docs/Web/HTTP/Status/403",2026-07-17T13:36:01.941905
francesoir,bd6t5124111s,,failed,0,0,,http_manifest,known,403,manifest,"Client error '403 ' for url 'https://openapiproext.bnf.fr/iiif/presentation/v3/ark:/12148/bd6t5124111s/manifest.json'
For more information check: https://developer.mozilla.org/en-US/docs/Web/HTTP/Status/403",2026-07-17T13:36:03.149309
francesoir,bd6t51241125,,failed,0,0,,http_manifest,known,403,manifest,"Client error '403 ' for url 'https://openapiproext.bnf.fr/iiif/presentation/v3/ark:/12148/bd6t51241125/manifest.json'
For more information check: https://developer.mozilla.org/en-US/docs/Web/HTTP/Status/403",2026-07-17T13:36:04.543009
francesoir,bd6t5124113j,,failed,0,0,,http_manifest,known,403,manifest,"Client error '403 ' for url 'https://openapiproext.bnf.fr/iiif/presentation/v3/ark:/12148/bd6t5124113j/manifest.json'
For more information check: https://developer.mozilla.org/en-US/docs/Web/HTTP/Status/403",2026-07-17T13:36:05.765591
francesoir,bd6t5124114x,,failed,0,0,,http_manifest,known,403,manifest,"Client error '403 ' for url 'https://openapiproext.bnf.fr/iiif/presentation/v3/ark:/12148/bd6t5124114x/manifest.json'
For more information check: https://developer.mozilla.org/en-US/docs/Web/HTTP/Status/403",2026-07-17T13:36:06.740148
francesoir,bd6t51241159,,failed,0,0,,http_manifest,known,403,manifest,"Client error '403 ' for url 'https://openapiproext.bnf.fr/iiif/presentation/v3/ark:/12148/bd6t51241159/manifest.json'
For more information check: https://developer.mozilla.org/en-US/docs/Web/HTTP/Status/403",2026-07-17T13:36:07.929951
francesoir,bd6t5124116p,,failed,0,0,,http_manifest,known,403,manifest,"Client error '403 ' for url 'https://openapiproext.bnf.fr/iiif/presentation/v3/ark:/12148/bd6t5124116p/manifest.json'
For more information check: https://developer.mozilla.org/en-US/docs/Web/HTTP/Status/403",2026-07-17T13:36:09.134466
francesoir,bd6t51241172,,failed,0,0,,http_manifest,known,403,manifest,"Client error '403 ' for url 'https://openapiproext.bnf.fr/iiif/presentation/v3/ark:/12148/bd6t51241172/manifest.json'
For more information check: https://developer.mozilla.org/en-US/docs/Web/HTTP/Status/403",2026-07-17T13:36:10.330687
francesoir,bd6t5124118f,,failed,0,0,,http_manifest,known,403,manifest,"Client error '403 ' for url 'https://openapiproext.bnf.fr/iiif/presentation/v3/ark:/12148/bd6t5124118f/manifest.json'
For more information check: https://developer.mozilla.org/en-US/docs/Web/HTTP/Status/403",2026-07-17T13:36:11.531006
francesoir,bd6t5124119t,,failed,0,0,,http_manifest,known,403,manifest,"Client error '403 ' for url 'https://openapiproext.bnf.fr/iiif/presentation/v3/ark:/12148/bd6t5124119t/manifest.json'
For more information check: https://developer.mozilla.org/en-US/docs/Web/HTTP/Status/403",2026-07-17T13:36:12.732864
francesoir,bd6t5124120r,,failed,0,0,,http_manifest,known,403,manifest,"Client error '403 ' for url 'https://openapiproext.bnf.fr/iiif/presentation/v3/ark:/12148/bd6t5124120r/manifest.json'
For more information check: https://developer.mozilla.org/en-US/docs/Web/HTTP/Status/403",2026-07-17T13:36:13.952173
francesoir,bd6t51241214,,failed,0,0,,http_manifest,known,403,manifest,"Client error '403 ' for url 'https://openapiproext.bnf.fr/iiif/presentation/v3/ark:/12148/bd6t51241214/manifest.json'
For more information check: https://developer.mozilla.org/en-US/docs/Web/HTTP/Status/403",2026-07-17T13:36:15.161655
francesoir,bd6t5124122h,,failed,0,0,,http_manifest,known,403,manifest,"Client error '403 ' for url 'https://openapiproext.bnf.fr/iiif/presentation/v3/ark:/12148/bd6t5124122h/manifest.json'
For more information check: https://developer.mozilla.org/en-US/docs/Web/HTTP/Status/403",2026-07-17T13:36:16.338108
francesoir,bd6t5124123w,,failed,0,0,,http_manifest,known,403,manifest,"Client error '403 ' for url 'https://openapiproext.bnf.fr/iiif/presentation/v3/ark:/12148/bd6t5124123w/manifest.json'
For more information check: https://developer.mozilla.org/en-US/docs/Web/HTTP/Status/403",2026-07-17T13:36:17.545754
francesoir,bd6t51241248,,failed,0,0,,http_manifest,known,403,manifest,"Client error '403 ' for url 'https://openapiproext.bnf.fr/iiif/presentation/v3/ark:/12148/bd6t51241248/manifest.json'
For more information check: https://developer.mozilla.org/en-US/docs/Web/HTTP/Status/403",2026-07-17T13:36:18.745243
francesoir,bd6t5122646q,,failed,0,0,,http_manifest,known,403,manifest,"Client error '403 ' for url 'https://openapiproext.bnf.fr/iiif/presentation/v3/ark:/12148/bd6t5122646q/manifest.json'
For more information check: https://developer.mozilla.org/en-US/docs/Web/HTTP/Status/403",2026-07-17T13:36:19.943554
francesoir,bd6t51226473,,failed,0,0,,http_manifest,known,403,manifest,"Client error '403 ' for url 'https://openapiproext.bnf.fr/iiif/presentation/v3/ark:/12148/bd6t51226473/manifest.json'
For more information check: https://developer.mozilla.org/en-US/docs/Web/HTTP/Status/403",2026-07-17T13:36:21.146069
francesoir,bd6t5122648g,,failed,0,0,,http_manifest,known,403,manifest,"Client error '403 ' for url 'https://openapiproext.bnf.fr/iiif/presentation/v3/ark:/12148/bd6t5122648g/manifest.json'
For more information check: https://developer.mozilla.org/en-US/docs/Web/HTTP/Status/403",2026-07-17T13:36:22.360653
francesoir,bd6t5122649v,,failed,0,0,,http_manifest,known,403,manifest,"Client error '403 ' for url 'https://openapiproext.bnf.fr/iiif/presentation/v3/ark:/12148/bd6t5122649v/manifest.json'
For more information check: https://developer.mozilla.org/en-US/docs/Web/HTTP/Status/403",2026-07-17T13:36:23.591173
francesoir,bd6t5122650s,,failed,0,0,,http_manifest,known,403,manifest,"Client error '403 ' for url 'https://openapiproext.bnf.fr/iiif/presentation/v3/ark:/12148/bd6t5122650s/manifest.json'
For more information check: https://developer.mozilla.org/en-US/docs/Web/HTTP/Status/403",2026-07-17T13:36:24.758758
francesoir,bd6t51226515,,failed,0,0,,http_manifest,known,403,manifest,"Client error '403 ' for url 'https://openapiproext.bnf.fr/iiif/presentation/v3/ark:/12148/bd6t51226515/manifest.json'
For more information check: https://developer.mozilla.org/en-US/docs/Web/HTTP/Status/403",2026-07-17T13:36:25.955716
francesoir,bd6t5122652j,,failed,0,0,,http_manifest,known,403,manifest,"Client error '403 ' for url 'https://openapiproext.bnf.fr/iiif/presentation/v3/ark:/12148/bd6t5122652j/manifest.json'
For more information check: https://developer.mozilla.org/en-US/docs/Web/HTTP/Status/403",2026-07-17T13:36:27.153632
francesoir,bd6t5122653x,,failed,0,0,,http_manifest,known,403,manifest,"Client error '403 ' for url 'https://openapiproext.bnf.fr/iiif/presentation/v3/ark:/12148/bd6t5122653x/manifest.json'
For more information check: https://developer.mozilla.org/en-US/docs/Web/HTTP/Status/403",2026-07-17T13:36:28.357871
francesoir,bd6t51226549,,failed,0,0,,http_manifest,known,403,manifest,"Client error '403 ' for url 'https://openapiproext.bnf.fr/iiif/presentation/v3/ark:/12148/bd6t51226549/manifest.json'
For more information check: https://developer.mozilla.org/en-US/docs/Web/HTTP/Status/403",2026-07-17T13:36:29.581478
francesoir,bd6t5122655p,,failed,0,0,,http_manifest,known,403,manifest,"Client error '403 ' for url 'https://openapiproext.bnf.fr/iiif/presentation/v3/ark:/12148/bd6t5122655p/manifest.json'
For more information check: https://developer.mozilla.org/en-US/docs/Web/HTTP/Status/403",2026-07-17T13:36:30.761174
francesoir,bd6t51226562,,failed,0,0,,http_manifest,known,403,manifest,"Client error '403 ' for url 'https://openapiproext.bnf.fr/iiif/presentation/v3/ark:/12148/bd6t51226562/manifest.json'
For more information check: https://developer.mozilla.org/en-US/docs/Web/HTTP/Status/403",2026-07-17T13:36:31.963316
francesoir,bd6t5122657f,,failed,0,0,,http_manifest,known,403,manifest,"Client error '403 ' for url 'https://openapiproext.bnf.fr/iiif/presentation/v3/ark:/12148/bd6t5122657f/manifest.json'
For more information check: https://developer.mozilla.org/en-US/docs/Web/HTTP/Status/403",2026-07-17T13:36:33.161517
francesoir,bd6t5122658t,,failed,0,0,,http_manifest,known,403,manifest,"Client error '403 ' for url 'https://openapiproext.bnf.fr/iiif/presentation/v3/ark:/12148/bd6t5122658t/manifest.json'
For more information check: https://developer.mozilla.org/en-US/docs/Web/HTTP/Status/403",2026-07-17T13:36:34.376169
francesoir,bd6t51226596,,failed,0,0,,http_manifest,known,403,manifest,"Client error '403 ' for url 'https://openapiproext.bnf.fr/iiif/presentation/v3/ark:/12148/bd6t51226596/manifest.json'
For more information check: https://developer.mozilla.org/en-US/docs/Web/HTTP/Status/403",2026-07-17T13:36:35.593182
francesoir,bd6t51226604,,failed,0,0,,http_manifest,known,403,manifest,"Client error '403 ' for url 'https://openapiproext.bnf.fr/iiif/presentation/v3/ark:/12148/bd6t51226604/manifest.json'
For more information check: https://developer.mozilla.org/en-US/docs/Web/HTTP/Status/403",2026-07-17T13:36:36.780512
francesoir,bd6t5122661h,,failed,0,0,,http_manifest,known,403,manifest,"Client error '403 ' for url 'https://openapiproext.bnf.fr/iiif/presentation/v3/ark:/12148/bd6t5122661h/manifest.json'
For more information check: https://developer.mozilla.org/en-US/docs/Web/HTTP/Status/403",2026-07-17T13:36:37.970951
francesoir,bd6t5122662w,,failed,0,0,,http_manifest,known,403,manifest,"Client error '403 ' for url 'https://openapiproext.bnf.fr/iiif/presentation/v3/ark:/12148/bd6t5122662w/manifest.json'
For more information check: https://developer.mozilla.org/en-US/docs/Web/HTTP/Status/403",2026-07-17T13:36:39.174953
francesoir,bd6t51226638,,failed,0,0,,http_manifest,known,403,manifest,"Client error '403 ' for url 'https://openapiproext.bnf.fr/iiif/presentation/v3/ark:/12148/bd6t51226638/manifest.json'
For more information check: https://developer.mozilla.org/en-US/docs/Web/HTTP/Status/403",2026-07-17T13:36:40.372946
francesoir,bd6t5122664n,,failed,0,0,,http_manifest,known,403,manifest,"Client error '403 ' for url 'https://openapiproext.bnf.fr/iiif/presentation/v3/ark:/12148/bd6t5122664n/manifest.json'
For more information check: https://developer.mozilla.org/en-US/docs/Web/HTTP/Status/403",2026-07-17T13:36:41.574633
francesoir,bd6t51226651,,failed,0,0,,http_manifest,known,403,manifest,"Client error '403 ' for url 'https://openapiproext.bnf.fr/iiif/presentation/v3/ark:/12148/bd6t51226651/manifest.json'
For more information check: https://developer.mozilla.org/en-US/docs/Web/HTTP/Status/403",2026-07-17T13:36:42.781672
francesoir,bd6t5122666d,,failed,0,0,,http_manifest,known,403,manifest,"Client error '403 ' for url 'https://openapiproext.bnf.fr/iiif/presentation/v3/ark:/12148/bd6t5122666d/manifest.json'
For more information check: https://developer.mozilla.org/en-US/docs/Web/HTTP/Status/403",2026-07-17T13:36:43.988704
francesoir,bd6t5122667s,,failed,0,0,,http_manifest,known,403,manifest,"Client error '403 ' for url 'https://openapiproext.bnf.fr/iiif/presentation/v3/ark:/12148/bd6t5122667s/manifest.json'
For more information check: https://developer.mozilla.org/en-US/docs/Web/HTTP/Status/403",2026-07-17T13:36:45.180408
francesoir,bd6t51226685,,failed,0,0,,http_manifest,known,403,manifest,"Client error '403 ' for url 'https://openapiproext.bnf.fr/iiif/presentation/v3/ark:/12148/bd6t51226685/manifest.json'
For more information check: https://developer.mozilla.org/en-US/docs/Web/HTTP/Status/403",2026-07-17T13:36:46.386545
francesoir,bd6t5122669j,,failed,0,0,,http_manifest,known,403,manifest,"Client error '403 ' for url 'https://openapiproext.bnf.fr/iiif/presentation/v3/ark:/12148/bd6t5122669j/manifest.json'
For more information check: https://developer.mozilla.org/en-US/docs/Web/HTTP/Status/403",2026-07-17T13:36:47.604552
francesoir,bd6t5122670g,,failed,0,0,,http_manifest,known,403,manifest,"Client error '403 ' for url 'https://openapiproext.bnf.fr/iiif/presentation/v3/ark:/12148/bd6t5122670g/manifest.json'
For more information check: https://developer.mozilla.org/en-US/docs/Web/HTTP/Status/403",2026-07-17T13:36:48.782152
francesoir,bd6t5122671v,,failed,0,0,,http_manifest,known,403,manifest,"Client error '403 ' for url 'https://openapiproext.bnf.fr/iiif/presentation/v3/ark:/12148/bd6t5122671v/manifest.json'
For more information check: https://developer.mozilla.org/en-US/docs/Web/HTTP/Status/403",2026-07-17T13:36:49.984907
francesoir,bd6t51226727,,failed,0,0,,http_manifest,known,403,manifest,"Client error '403 ' for url 'https://openapiproext.bnf.fr/iiif/presentation/v3/ark:/12148/bd6t51226727/manifest.json'
For more information check: https://developer.mozilla.org/en-US/docs/Web/HTTP/Status/403",2026-07-17T13:36:51.191060
francesoir,bd6t5122673m,,failed,0,0,,http_manifest,known,403,manifest,"Client error '403 ' for url 'https://openapiproext.bnf.fr/iiif/presentation/v3/ark:/12148/bd6t5122673m/manifest.json'
For more information check: https://developer.mozilla.org/en-US/docs/Web/HTTP/Status/403",2026-07-17T13:36:52.384910
francesoir,bd6t51226740,,failed,0,0,,http_manifest,known,403,manifest,"Client error '403 ' for url 'https://openapiproext.bnf.fr/iiif/presentation/v3/ark:/12148/bd6t51226740/manifest.json'
For more information check: https://developer.mozilla.org/en-US/docs/Web/HTTP/Status/403",2026-07-17T13:36:53.589680
francesoir,bd6t5122675c,,failed,0,0,,http_manifest,known,403,manifest,"Client error '403 ' for url 'https://openapiproext.bnf.fr/iiif/presentation/v3/ark:/12148/bd6t5122675c/manifest.json'
For more information check: https://developer.mozilla.org/en-US/docs/Web/HTTP/Status/403",2026-07-17T13:36:54.803553
francesoir,bd6t5122676r,,failed,0,0,,http_manifest,known,403,manifest,"Client error '403 ' for url 'https://openapiproext.bnf.fr/iiif/presentation/v3/ark:/12148/bd6t5122676r/manifest.json'
For more information check: https://developer.mozilla.org/en-US/docs/Web/HTTP/Status/403",2026-07-17T13:36:55.994699
francesoir,bd6t51226774,,failed,0,0,,http_manifest,known,403,manifest,"Client error '403 ' for url 'https://openapiproext.bnf.fr/iiif/presentation/v3/ark:/12148/bd6t51226774/manifest.json'
For more information check: https://developer.mozilla.org/en-US/docs/Web/HTTP/Status/403",2026-07-17T13:36:57.198393
francesoir,bd6t5122678h,,failed,0,0,,http_manifest,known,403,manifest,"Client error '403 ' for url 'https://openapiproext.bnf.fr/iiif/presentation/v3/ark:/12148/bd6t5122678h/manifest.json'
For more information check: https://developer.mozilla.org/en-US/docs/Web/HTTP/Status/403",2026-07-17T13:36:58.395871
francesoir,bd6t5122679w,,failed,0,0,,http_manifest,known,403,manifest,"Client error '403 ' for url 'https://openapiproext.bnf.fr/iiif/presentation/v3/ark:/12148/bd6t5122679w/manifest.json'
For more information check: https://developer.mozilla.org/en-US/docs/Web/HTTP/Status/403",2026-07-17T13:36:59.733487
francesoir,bd6t5122680t,,failed,0,0,,http_manifest,known,403,manifest,"Client error '403 ' for url 'https://openapiproext.bnf.fr/iiif/presentation/v3/ark:/12148/bd6t5122680t/manifest.json'
For more information check: https://developer.mozilla.org/en-US/docs/Web/HTTP/Status/403",2026-07-17T13:37:00.804118
francesoir,bd6t51226816,,failed,0,0,,http_manifest,known,403,manifest,"Client error '403 ' for url 'https://openapiproext.bnf.fr/iiif/presentation/v3/ark:/12148/bd6t51226816/manifest.json'
For more information check: https://developer.mozilla.org/en-US/docs/Web/HTTP/Status/403",2026-07-17T13:37:02.097006
francesoir,bd6t5122682k,,failed,0,0,,http_manifest,known,403,manifest,"Client error '403 ' for url 'https://openapiproext.bnf.fr/iiif/presentation/v3/ark:/12148/bd6t5122682k/manifest.json'
For more information check: https://developer.mozilla.org/en-US/docs/Web/HTTP/Status/403",2026-07-17T13:37:03.202294
francesoir,bd6t5122683z,,failed,0,0,,http_manifest,known,403,manifest,"Client error '403 ' for url 'https://openapiproext.bnf.fr/iiif/presentation/v3/ark:/12148/bd6t5122683z/manifest.json'
For more information check: https://developer.mozilla.org/en-US/docs/Web/HTTP/Status/403",2026-07-17T13:37:04.554687
francesoir,bd6t5122684b,,failed,0,0,,http_manifest,known,403,manifest,"Client error '403 ' for url 'https://openapiproext.bnf.fr/iiif/presentation/v3/ark:/12148/bd6t5122684b/manifest.json'
For more information check: https://developer.mozilla.org/en-US/docs/Web/HTTP/Status/403",2026-07-17T13:37:05.640390
francesoir,bd6t5122685q,,failed,0,0,,http_manifest,known,403,manifest,"Client error '403 ' for url 'https://openapiproext.bnf.fr/iiif/presentation/v3/ark:/12148/bd6t5122685q/manifest.json'
For more information check: https://developer.mozilla.org/en-US/docs/Web/HTTP/Status/403",2026-07-17T13:37:06.829771
francesoir,bd6t51226863,,failed,0,0,,http_manifest,known,403,manifest,"Client error '403 ' for url 'https://openapiproext.bnf.fr/iiif/presentation/v3/ark:/12148/bd6t51226863/manifest.json'
For more information check: https://developer.mozilla.org/en-US/docs/Web/HTTP/Status/403",2026-07-17T13:37:08.029505
francesoir,bd6t5122687g,,failed,0,0,,http_manifest,known,403,manifest,"Client error '403 ' for url 'https://openapiproext.bnf.fr/iiif/presentation/v3/ark:/12148/bd6t5122687g/manifest.json'
For more information check: https://developer.mozilla.org/en-US/docs/Web/HTTP/Status/403",2026-07-17T13:37:09.264017
francesoir,bd6t5122688v,,failed,0,0,,http_manifest,known,403,manifest,"Client error '403 ' for url 'https://openapiproext.bnf.fr/iiif/presentation/v3/ark:/12148/bd6t5122688v/manifest.json'
For more information check: https://developer.mozilla.org/en-US/docs/Web/HTTP/Status/403",2026-07-17T13:37:10.618394
francesoir,bd6t51226897,,failed,0,0,,http_manifest,known,403,manifest,"Client error '403 ' for url 'https://openapiproext.bnf.fr/iiif/presentation/v3/ark:/12148/bd6t51226897/manifest.json'
For more information check: https://developer.mozilla.org/en-US/docs/Web/HTTP/Status/403",2026-07-17T13:37:11.768689
francesoir,bd6t51226905,,failed,0,0,,http_manifest,known,403,manifest,"Client error '403 ' for url 'https://openapiproext.bnf.fr/iiif/presentation/v3/ark:/12148/bd6t51226905/manifest.json'
For more information check: https://developer.mozilla.org/en-US/docs/Web/HTTP/Status/403",2026-07-17T13:37:12.816535
francesoir,bd6t5122691j,,failed,0,0,,http_manifest,known,403,manifest,"Client error '403 ' for url 'https://openapiproext.bnf.fr/iiif/presentation/v3/ark:/12148/bd6t5122691j/manifest.json'
For more information check: https://developer.mozilla.org/en-US/docs/Web/HTTP/Status/403",2026-07-17T13:37:14.192003
francesoir,bd6t5122692x,,failed,0,0,,http_manifest,known,403,manifest,"Client error '403 ' for url 'https://openapiproext.bnf.fr/iiif/presentation/v3/ark:/12148/bd6t5122692x/manifest.json'
For more information check: https://developer.mozilla.org/en-US/docs/Web/HTTP/Status/403",2026-07-17T13:37:15.372659
francesoir,bd6t51226939,,failed,0,0,,http_manifest,known,403,manifest,"Client error '403 ' for url 'https://openapiproext.bnf.fr/iiif/presentation/v3/ark:/12148/bd6t51226939/manifest.json'
For more information check: https://developer.mozilla.org/en-US/docs/Web/HTTP/Status/403",2026-07-17T13:37:16.458352
francesoir,bd6t5122694p,,failed,0,0,,http_manifest,known,403,manifest,"Client error '403 ' for url 'https://openapiproext.bnf.fr/iiif/presentation/v3/ark:/12148/bd6t5122694p/manifest.json'
For more information check: https://developer.mozilla.org/en-US/docs/Web/HTTP/Status/403",2026-07-17T13:37:17.627556
francesoir,bd6t51226952,,failed,0,0,,http_manifest,known,403,manifest,"Client error '403 ' for url 'https://openapiproext.bnf.fr/iiif/presentation/v3/ark:/12148/bd6t51226952/manifest.json'
For more information check: https://developer.mozilla.org/en-US/docs/Web/HTTP/Status/403",2026-07-17T13:37:18.829523
francesoir,bd6t5122696f,,failed,0,0,,http_manifest,known,403,manifest,"Client error '403 ' for url 'https://openapiproext.bnf.fr/iiif/presentation/v3/ark:/12148/bd6t5122696f/manifest.json'
For more information check: https://developer.mozilla.org/en-US/docs/Web/HTTP/Status/403",2026-07-17T13:37:20.047124
francesoir,bd6t5122697t,,failed,0,0,,http_manifest,known,403,manifest,"Client error '403 ' for url 'https://openapiproext.bnf.fr/iiif/presentation/v3/ark:/12148/bd6t5122697t/manifest.json'
For more information check: https://developer.mozilla.org/en-US/docs/Web/HTTP/Status/403",2026-07-17T13:37:21.223965
francesoir,bd6t5123712r,,failed,0,0,,http_manifest,known,403,manifest,"Client error '403 ' for url 'https://openapiproext.bnf.fr/iiif/presentation/v3/ark:/12148/bd6t5123712r/manifest.json'
For more information check: https://developer.mozilla.org/en-US/docs/Web/HTTP/Status/403",2026-07-17T13:37:22.423864
francesoir,bd6t51237134,,failed,0,0,,http_manifest,known,403,manifest,"Client error '403 ' for url 'https://openapiproext.bnf.fr/iiif/presentation/v3/ark:/12148/bd6t51237134/manifest.json'
For more information check: https://developer.mozilla.org/en-US/docs/Web/HTTP/Status/403",2026-07-17T13:37:23.631833
francesoir,bd6t5123714h,,failed,0,0,,http_manifest,known,403,manifest,"Client error '403 ' for url 'https://openapiproext.bnf.fr/iiif/presentation/v3/ark:/12148/bd6t5123714h/manifest.json'
For more information check: https://developer.mozilla.org/en-US/docs/Web/HTTP/Status/403",2026-07-17T13:37:24.832909
francesoir,bd6t5123715w,,failed,0,0,,http_manifest,known,403,manifest,"Client error '403 ' for url 'https://openapiproext.bnf.fr/iiif/presentation/v3/ark:/12148/bd6t5123715w/manifest.json'
For more information check: https://developer.mozilla.org/en-US/docs/Web/HTTP/Status/403",2026-07-17T13:37:26.034091
francesoir,bd6t51237168,,failed,0,0,,http_manifest,known,403,manifest,"Client error '403 ' for url 'https://openapiproext.bnf.fr/iiif/presentation/v3/ark:/12148/bd6t51237168/manifest.json'
For more information check: https://developer.mozilla.org/en-US/docs/Web/HTTP/Status/403",2026-07-17T13:37:27.243212
francesoir,bd6t5123717n,,failed,0,0,,http_manifest,known,403,manifest,"Client error '403 ' for url 'https://openapiproext.bnf.fr/iiif/presentation/v3/ark:/12148/bd6t5123717n/manifest.json'
For more information check: https://developer.mozilla.org/en-US/docs/Web/HTTP/Status/403",2026-07-17T13:37:28.460358
francesoir,bd6t51237181,,failed,0,0,,http_manifest,known,403,manifest,"Client error '403 ' for url 'https://openapiproext.bnf.fr/iiif/presentation/v3/ark:/12148/bd6t51237181/manifest.json'
For more information check: https://developer.mozilla.org/en-US/docs/Web/HTTP/Status/403",2026-07-17T13:37:29.645538
francesoir,bd6t5123719d,,failed,0,0,,http_manifest,known,403,manifest,"Client error '403 ' for url 'https://openapiproext.bnf.fr/iiif/presentation/v3/ark:/12148/bd6t5123719d/manifest.json'
For more information check: https://developer.mozilla.org/en-US/docs/Web/HTTP/Status/403",2026-07-17T13:37:30.838745
francesoir,bd6t5123720b,,failed,0,0,,http_manifest,known,403,manifest,"Client error '403 ' for url 'https://openapiproext.bnf.fr/iiif/presentation/v3/ark:/12148/bd6t5123720b/manifest.json'
For more information check: https://developer.mozilla.org/en-US/docs/Web/HTTP/Status/403",2026-07-17T13:37:32.040146
francesoir,bd6t5123721q,,failed,0,0,,http_manifest,known,403,manifest,"Client error '403 ' for url 'https://openapiproext.bnf.fr/iiif/presentation/v3/ark:/12148/bd6t5123721q/manifest.json'
For more information check: https://developer.mozilla.org/en-US/docs/Web/HTTP/Status/403",2026-07-17T13:37:33.244435
francesoir,bd6t51237223,,failed,0,0,,http_manifest,known,403,manifest,"Client error '403 ' for url 'https://openapiproext.bnf.fr/iiif/presentation/v3/ark:/12148/bd6t51237223/manifest.json'
For more information check: https://developer.mozilla.org/en-US/docs/Web/HTTP/Status/403",2026-07-17T13:37:34.449702
francesoir,bd6t5123723g,,failed,0,0,,http_manifest,known,403,manifest,"Client error '403 ' for url 'https://openapiproext.bnf.fr/iiif/presentation/v3/ark:/12148/bd6t5123723g/manifest.json'
For more information check: https://developer.mozilla.org/en-US/docs/Web/HTTP/Status/403",2026-07-17T13:37:35.647398
francesoir,bd6t5123724v,,failed,0,0,,http_manifest,known,403,manifest,"Client error '403 ' for url 'https://openapiproext.bnf.fr/iiif/presentation/v3/ark:/12148/bd6t5123724v/manifest.json'
For more information check: https://developer.mozilla.org/en-US/docs/Web/HTTP/Status/403",2026-07-17T13:37:36.849203
francesoir,bd6t51237257,,failed,0,0,,http_manifest,known,403,manifest,"Client error '403 ' for url 'https://openapiproext.bnf.fr/iiif/presentation/v3/ark:/12148/bd6t51237257/manifest.json'
For more information check: https://developer.mozilla.org/en-US/docs/Web/HTTP/Status/403",2026-07-17T13:37:38.047283
francesoir,bd6t5123726m,,failed,0,0,,http_manifest,known,403,manifest,"Client error '403 ' for url 'https://openapiproext.bnf.fr/iiif/presentation/v3/ark:/12148/bd6t5123726m/manifest.json'
For more information check: https://developer.mozilla.org/en-US/docs/Web/HTTP/Status/403",2026-07-17T13:37:39.248135
francesoir,bd6t51237270,,failed,0,0,,http_manifest,known,403,manifest,"Client error '403 ' for url 'https://openapiproext.bnf.fr/iiif/presentation/v3/ark:/12148/bd6t51237270/manifest.json'
For more information check: https://developer.mozilla.org/en-US/docs/Web/HTTP/Status/403",2026-07-17T13:37:40.482250
francesoir,bd6t5123728c,,failed,0,0,,http_manifest,known,403,manifest,"Client error '403 ' for url 'https://openapiproext.bnf.fr/iiif/presentation/v3/ark:/12148/bd6t5123728c/manifest.json'
For more information check: https://developer.mozilla.org/en-US/docs/Web/HTTP/Status/403",2026-07-17T13:37:41.654477
francesoir,bd6t5123729r,,failed,0,0,,http_manifest,known,403,manifest,"Client error '403 ' for url 'https://openapiproext.bnf.fr/iiif/presentation/v3/ark:/12148/bd6t5123729r/manifest.json'
For more information check: https://developer.mozilla.org/en-US/docs/Web/HTTP/Status/403",2026-07-17T13:37:42.854344
francesoir,bd6t5123730p,,failed,0,0,,http_manifest,known,403,manifest,"Client error '403 ' for url 'https://openapiproext.bnf.fr/iiif/presentation/v3/ark:/12148/bd6t5123730p/manifest.json'
For more information check: https://developer.mozilla.org/en-US/docs/Web/HTTP/Status/403",2026-07-17T13:37:44.057751
francesoir,bd6t51237312,,failed,0,0,,http_manifest,known,403,manifest,"Client error '403 ' for url 'https://openapiproext.bnf.fr/iiif/presentation/v3/ark:/12148/bd6t51237312/manifest.json'
For more information check: https://developer.mozilla.org/en-US/docs/Web/HTTP/Status/403",2026-07-17T13:37:45.256952
francesoir,bd6t5123732f,,failed,0,0,,http_manifest,known,403,manifest,"Client error '403 ' for url 'https://openapiproext.bnf.fr/iiif/presentation/v3/ark:/12148/bd6t5123732f/manifest.json'
For more information check: https://developer.mozilla.org/en-US/docs/Web/HTTP/Status/403",2026-07-17T13:37:46.479931
francesoir,bd6t5123733t,,failed,0,0,,http_manifest,known,403,manifest,"Client error '403 ' for url 'https://openapiproext.bnf.fr/iiif/presentation/v3/ark:/12148/bd6t5123733t/manifest.json'
For more information check: https://developer.mozilla.org/en-US/docs/Web/HTTP/Status/403",2026-07-17T13:37:47.656379
francesoir,bd6t51237346,,failed,0,0,,http_manifest,known,403,manifest,"Client error '403 ' for url 'https://openapiproext.bnf.fr/iiif/presentation/v3/ark:/12148/bd6t51237346/manifest.json'
For more information check: https://developer.mozilla.org/en-US/docs/Web/HTTP/Status/403",2026-07-17T13:37:48.860866
francesoir,bd6t5123735k,,failed,0,0,,http_manifest,known,403,manifest,"Client error '403 ' for url 'https://openapiproext.bnf.fr/iiif/presentation/v3/ark:/12148/bd6t5123735k/manifest.json'
For more information check: https://developer.mozilla.org/en-US/docs/Web/HTTP/Status/403",2026-07-17T13:37:50.061819
francesoir,bd6t5123736z,,failed,0,0,,http_manifest,known,403,manifest,"Client error '403 ' for url 'https://openapiproext.bnf.fr/iiif/presentation/v3/ark:/12148/bd6t5123736z/manifest.json'
For more information check: https://developer.mozilla.org/en-US/docs/Web/HTTP/Status/403",2026-07-17T13:37:51.265697
francesoir,bd6t5123737b,,failed,0,0,,http_manifest,known,403,manifest,"Client error '403 ' for url 'https://openapiproext.bnf.fr/iiif/presentation/v3/ark:/12148/bd6t5123737b/manifest.json'
For more information check: https://developer.mozilla.org/en-US/docs/Web/HTTP/Status/403",2026-07-17T13:37:52.462908
francesoir,bd6t5123738q,,failed,0,0,,http_manifest,known,403,manifest,"Client error '403 ' for url 'https://openapiproext.bnf.fr/iiif/presentation/v3/ark:/12148/bd6t5123738q/manifest.json'
For more information check: https://developer.mozilla.org/en-US/docs/Web/HTTP/Status/403",2026-07-17T13:37:53.666718
francesoir,bd6t51237393,,failed,0,0,,http_manifest,known,403,manifest,"Client error '403 ' for url 'https://openapiproext.bnf.fr/iiif/presentation/v3/ark:/12148/bd6t51237393/manifest.json'
For more information check: https://developer.mozilla.org/en-US/docs/Web/HTTP/Status/403",2026-07-17T13:37:54.866376
francesoir,bd6t51237401,,failed,0,0,,http_manifest,known,403,manifest,"Client error '403 ' for url 'https://openapiproext.bnf.fr/iiif/presentation/v3/ark:/12148/bd6t51237401/manifest.json'
For more information check: https://developer.mozilla.org/en-US/docs/Web/HTTP/Status/403",2026-07-17T13:37:56.074963
francesoir,bd6t5123741d,,failed,0,0,,http_manifest,known,403,manifest,"Client error '403 ' for url 'https://openapiproext.bnf.fr/iiif/presentation/v3/ark:/12148/bd6t5123741d/manifest.json'
For more information check: https://developer.mozilla.org/en-US/docs/Web/HTTP/Status/403",2026-07-17T13:37:57.269834
francesoir,bd6t5123742s,,failed,0,0,,http_manifest,known,403,manifest,"Client error '403 ' for url 'https://openapiproext.bnf.fr/iiif/presentation/v3/ark:/12148/bd6t5123742s/manifest.json'
For more information check: https://developer.mozilla.org/en-US/docs/Web/HTTP/Status/403",2026-07-17T13:37:58.589979
francesoir,bd6t51237435,,failed,0,0,,http_manifest,known,403,manifest,"Client error '403 ' for url 'https://openapiproext.bnf.fr/iiif/presentation/v3/ark:/12148/bd6t51237435/manifest.json'
For more information check: https://developer.mozilla.org/en-US/docs/Web/HTTP/Status/403",2026-07-17T13:37:59.881561
francesoir,bd6t5123744j,,failed,0,0,,http_manifest,known,403,manifest,"Client error '403 ' for url 'https://openapiproext.bnf.fr/iiif/presentation/v3/ark:/12148/bd6t5123744j/manifest.json'
For more information check: https://developer.mozilla.org/en-US/docs/Web/HTTP/Status/403",2026-07-17T13:38:01.071263
francesoir,bd6t5123745x,,failed,0,0,,http_manifest,known,403,manifest,"Client error '403 ' for url 'https://openapiproext.bnf.fr/iiif/presentation/v3/ark:/12148/bd6t5123745x/manifest.json'
For more information check: https://developer.mozilla.org/en-US/docs/Web/HTTP/Status/403",2026-07-17T13:38:02.219972
francesoir,bd6t51237469,,failed,0,0,,http_manifest,known,403,manifest,"Client error '403 ' for url 'https://openapiproext.bnf.fr/iiif/presentation/v3/ark:/12148/bd6t51237469/manifest.json'
For more information check: https://developer.mozilla.org/en-US/docs/Web/HTTP/Status/403",2026-07-17T13:38:03.278720
francesoir,bd6t5123747p,,failed,0,0,,http_manifest,known,403,manifest,"Client error '403 ' for url 'https://openapiproext.bnf.fr/iiif/presentation/v3/ark:/12148/bd6t5123747p/manifest.json'
For more information check: https://developer.mozilla.org/en-US/docs/Web/HTTP/Status/403",2026-07-17T13:38:04.680602
francesoir,bd6t51237482,,failed,0,0,,http_manifest,known,403,manifest,"Client error '403 ' for url 'https://openapiproext.bnf.fr/iiif/presentation/v3/ark:/12148/bd6t51237482/manifest.json'
For more information check: https://developer.mozilla.org/en-US/docs/Web/HTTP/Status/403",2026-07-17T13:38:05.764936
francesoir,bd6t5123749f,,failed,0,0,,http_manifest,known,403,manifest,"Client error '403 ' for url 'https://openapiproext.bnf.fr/iiif/presentation/v3/ark:/12148/bd6t5123749f/manifest.json'
For more information check: https://developer.mozilla.org/en-US/docs/Web/HTTP/Status/403",2026-07-17T13:38:06.900234
francesoir,bd6t5123750c,,failed,0,0,,http_manifest,known,403,manifest,"Client error '403 ' for url 'https://openapiproext.bnf.fr/iiif/presentation/v3/ark:/12148/bd6t5123750c/manifest.json'
For more information check: https://developer.mozilla.org/en-US/docs/Web/HTTP/Status/403",2026-07-17T13:38:08.089752
francesoir,bd6t5123751r,,failed,0,0,,http_manifest,known,403,manifest,"Client error '403 ' for url 'https://openapiproext.bnf.fr/iiif/presentation/v3/ark:/12148/bd6t5123751r/manifest.json'
For more information check: https://developer.mozilla.org/en-US/docs/Web/HTTP/Status/403",2026-07-17T13:38:09.288867
francesoir,bd6t51237524,,failed,0,0,,http_manifest,known,403,manifest,"Client error '403 ' for url 'https://openapiproext.bnf.fr/iiif/presentation/v3/ark:/12148/bd6t51237524/manifest.json'
For more information check: https://developer.mozilla.org/en-US/docs/Web/HTTP/Status/403",2026-07-17T13:38:10.488455
francesoir,bd6t5123753h,,failed,0,0,,http_manifest,known,403,manifest,"Client error '403 ' for url 'https://openapiproext.bnf.fr/iiif/presentation/v3/ark:/12148/bd6t5123753h/manifest.json'
For more information check: https://developer.mozilla.org/en-US/docs/Web/HTTP/Status/403",2026-07-17T13:38:11.903708
francesoir,bd6t5123754w,,failed,0,0,,http_manifest,known,403,manifest,"Client error '403 ' for url 'https://openapiproext.bnf.fr/iiif/presentation/v3/ark:/12148/bd6t5123754w/manifest.json'
For more information check: https://developer.mozilla.org/en-US/docs/Web/HTTP/Status/403",2026-07-17T13:38:13.018295
francesoir,bd6t51237558,,failed,0,0,,http_manifest,known,403,manifest,"Client error '403 ' for url 'https://openapiproext.bnf.fr/iiif/presentation/v3/ark:/12148/bd6t51237558/manifest.json'
For more information check: https://developer.mozilla.org/en-US/docs/Web/HTTP/Status/403",2026-07-17T13:38:14.089939
francesoir,bd6t5123756n,,failed,0,0,,http_manifest,known,403,manifest,"Client error '403 ' for url 'https://openapiproext.bnf.fr/iiif/presentation/v3/ark:/12148/bd6t5123756n/manifest.json'
For more information check: https://developer.mozilla.org/en-US/docs/Web/HTTP/Status/403",2026-07-17T13:38:15.293113
francesoir,bd6t51237571,,failed,0,0,,http_manifest,known,403,manifest,"Client error '403 ' for url 'https://openapiproext.bnf.fr/iiif/presentation/v3/ark:/12148/bd6t51237571/manifest.json'
For more information check: https://developer.mozilla.org/en-US/docs/Web/HTTP/Status/403",2026-07-17T13:38:16.517909
francesoir,bd6t5123758d,,failed,0,0,,http_manifest,known,403,manifest,"Client error '403 ' for url 'https://openapiproext.bnf.fr/iiif/presentation/v3/ark:/12148/bd6t5123758d/manifest.json'
For more information check: https://developer.mozilla.org/en-US/docs/Web/HTTP/Status/403",2026-07-17T13:38:17.719622
francesoir,bd6t5123759s,,failed,0,0,,http_manifest,known,403,manifest,"Client error '403 ' for url 'https://openapiproext.bnf.fr/iiif/presentation/v3/ark:/12148/bd6t5123759s/manifest.json'
For more information check: https://developer.mozilla.org/en-US/docs/Web/HTTP/Status/403",2026-07-17T13:38:18.921735
francesoir,bd6t5123760q,,failed,0,0,,http_manifest,known,403,manifest,"Client error '403 ' for url 'https://openapiproext.bnf.fr/iiif/presentation/v3/ark:/12148/bd6t5123760q/manifest.json'
For more information check: https://developer.mozilla.org/en-US/docs/Web/HTTP/Status/403",2026-07-17T13:38:20.105974
francesoir,bd6t51237613,,failed,0,0,,http_manifest,known,403,manifest,"Client error '403 ' for url 'https://openapiproext.bnf.fr/iiif/presentation/v3/ark:/12148/bd6t51237613/manifest.json'
For more information check: https://developer.mozilla.org/en-US/docs/Web/HTTP/Status/403",2026-07-17T13:38:21.303567
francesoir,bd6t5123762g,,failed,0,0,,http_manifest,known,403,manifest,"Client error '403 ' for url 'https://openapiproext.bnf.fr/iiif/presentation/v3/ark:/12148/bd6t5123762g/manifest.json'
For more information check: https://developer.mozilla.org/en-US/docs/Web/HTTP/Status/403",2026-07-17T13:38:22.524076
francesoir,bd6t5122594c,,failed,0,0,,http_manifest,known,403,manifest,"Client error '403 ' for url 'https://openapiproext.bnf.fr/iiif/presentation/v3/ark:/12148/bd6t5122594c/manifest.json'
For more information check: https://developer.mozilla.org/en-US/docs/Web/HTTP/Status/403",2026-07-17T13:38:23.749120
francesoir,bd6t5122595r,,failed,0,0,,http_manifest,known,403,manifest,"Client error '403 ' for url 'https://openapiproext.bnf.fr/iiif/presentation/v3/ark:/12148/bd6t5122595r/manifest.json'
For more information check: https://developer.mozilla.org/en-US/docs/Web/HTTP/Status/403",2026-07-17T13:38:24.905103
francesoir,bd6t51225964,,failed,0,0,,http_manifest,known,403,manifest,"Client error '403 ' for url 'https://openapiproext.bnf.fr/iiif/presentation/v3/ark:/12148/bd6t51225964/manifest.json'
For more information check: https://developer.mozilla.org/en-US/docs/Web/HTTP/Status/403",2026-07-17T13:38:26.109636
francesoir,bd6t5122597h,,failed,0,0,,http_manifest,known,403,manifest,"Client error '403 ' for url 'https://openapiproext.bnf.fr/iiif/presentation/v3/ark:/12148/bd6t5122597h/manifest.json'
For more information check: https://developer.mozilla.org/en-US/docs/Web/HTTP/Status/403",2026-07-17T13:38:27.308891
francesoir,bd6t5122598w,,failed,0,0,,http_manifest,known,403,manifest,"Client error '403 ' for url 'https://openapiproext.bnf.fr/iiif/presentation/v3/ark:/12148/bd6t5122598w/manifest.json'
For more information check: https://developer.mozilla.org/en-US/docs/Web/HTTP/Status/403",2026-07-17T13:38:28.508524
francesoir,bd6t51225998,,failed,0,0,,http_manifest,known,403,manifest,"Client error '403 ' for url 'https://openapiproext.bnf.fr/iiif/presentation/v3/ark:/12148/bd6t51225998/manifest.json'
For more information check: https://developer.mozilla.org/en-US/docs/Web/HTTP/Status/403",2026-07-17T13:38:29.742761
francesoir,bd6t51226002,,failed,0,0,,http_manifest,known,403,manifest,"Client error '403 ' for url 'https://openapiproext.bnf.fr/iiif/presentation/v3/ark:/12148/bd6t51226002/manifest.json'
For more information check: https://developer.mozilla.org/en-US/docs/Web/HTTP/Status/403",2026-07-17T13:38:30.917040
francesoir,bd6t5122601f,,failed,0,0,,http_manifest,known,403,manifest,"Client error '403 ' for url 'https://openapiproext.bnf.fr/iiif/presentation/v3/ark:/12148/bd6t5122601f/manifest.json'
For more information check: https://developer.mozilla.org/en-US/docs/Web/HTTP/Status/403",2026-07-17T13:38:32.118980
francesoir,bd6t5122602t,,failed,0,0,,http_manifest,known,403,manifest,"Client error '403 ' for url 'https://openapiproext.bnf.fr/iiif/presentation/v3/ark:/12148/bd6t5122602t/manifest.json'
For more information check: https://developer.mozilla.org/en-US/docs/Web/HTTP/Status/403",2026-07-17T13:38:33.324001
francesoir,bd6t51226036,,failed,0,0,,http_manifest,known,403,manifest,"Client error '403 ' for url 'https://openapiproext.bnf.fr/iiif/presentation/v3/ark:/12148/bd6t51226036/manifest.json'
For more information check: https://developer.mozilla.org/en-US/docs/Web/HTTP/Status/403",2026-07-17T13:38:34.524901
francesoir,bd6t5122604k,,failed,0,0,,http_manifest,known,403,manifest,"Client error '403 ' for url 'https://openapiproext.bnf.fr/iiif/presentation/v3/ark:/12148/bd6t5122604k/manifest.json'
For more information check: https://developer.mozilla.org/en-US/docs/Web/HTTP/Status/403",2026-07-17T13:38:35.748741
francesoir,bd6t5122605z,,failed,0,0,,http_manifest,known,403,manifest,"Client error '403 ' for url 'https://openapiproext.bnf.fr/iiif/presentation/v3/ark:/12148/bd6t5122605z/manifest.json'
For more information check: https://developer.mozilla.org/en-US/docs/Web/HTTP/Status/403",2026-07-17T13:38:36.926058
francesoir,bd6t5122606b,,failed,0,0,,http_manifest,known,403,manifest,"Client error '403 ' for url 'https://openapiproext.bnf.fr/iiif/presentation/v3/ark:/12148/bd6t5122606b/manifest.json'
For more information check: https://developer.mozilla.org/en-US/docs/Web/HTTP/Status/403",2026-07-17T13:38:38.126316
francesoir,bd6t5122607q,,failed,0,0,,http_manifest,known,403,manifest,"Client error '403 ' for url 'https://openapiproext.bnf.fr/iiif/presentation/v3/ark:/12148/bd6t5122607q/manifest.json'
For more information check: https://developer.mozilla.org/en-US/docs/Web/HTTP/Status/403",2026-07-17T13:38:39.330038
francesoir,bd6t51226083,,failed,0,0,,http_manifest,known,403,manifest,"Client error '403 ' for url 'https://openapiproext.bnf.fr/iiif/presentation/v3/ark:/12148/bd6t51226083/manifest.json'
For more information check: https://developer.mozilla.org/en-US/docs/Web/HTTP/Status/403",2026-07-17T13:38:40.528951
francesoir,bd6t5122609g,,failed,0,0,,http_manifest,known,403,manifest,"Client error '403 ' for url 'https://openapiproext.bnf.fr/iiif/presentation/v3/ark:/12148/bd6t5122609g/manifest.json'
For more information check: https://developer.mozilla.org/en-US/docs/Web/HTTP/Status/403",2026-07-17T13:38:41.730059
francesoir,bd6t5122610d,,failed,0,0,,http_manifest,known,403,manifest,"Client error '403 ' for url 'https://openapiproext.bnf.fr/iiif/presentation/v3/ark:/12148/bd6t5122610d/manifest.json'
For more information check: https://developer.mozilla.org/en-US/docs/Web/HTTP/Status/403",2026-07-17T13:38:42.929153
francesoir,bd6t5122611s,,failed,0,0,,http_manifest,known,403,manifest,"Client error '403 ' for url 'https://openapiproext.bnf.fr/iiif/presentation/v3/ark:/12148/bd6t5122611s/manifest.json'
For more information check: https://developer.mozilla.org/en-US/docs/Web/HTTP/Status/403",2026-07-17T13:38:44.131853
francesoir,bd6t51226125,,failed,0,0,,http_manifest,known,403,manifest,"Client error '403 ' for url 'https://openapiproext.bnf.fr/iiif/presentation/v3/ark:/12148/bd6t51226125/manifest.json'
For more information check: https://developer.mozilla.org/en-US/docs/Web/HTTP/Status/403",2026-07-17T13:38:45.332642
francesoir,bd6t5122613j,,failed,0,0,,http_manifest,known,403,manifest,"Client error '403 ' for url 'https://openapiproext.bnf.fr/iiif/presentation/v3/ark:/12148/bd6t5122613j/manifest.json'
For more information check: https://developer.mozilla.org/en-US/docs/Web/HTTP/Status/403",2026-07-17T13:38:46.539377
francesoir,bd6t5122614x,,failed,0,0,,http_manifest,known,403,manifest,"Client error '403 ' for url 'https://openapiproext.bnf.fr/iiif/presentation/v3/ark:/12148/bd6t5122614x/manifest.json'
For more information check: https://developer.mozilla.org/en-US/docs/Web/HTTP/Status/403",2026-07-17T13:38:47.752346
francesoir,bd6t51226159,,failed,0,0,,http_manifest,known,403,manifest,"Client error '403 ' for url 'https://openapiproext.bnf.fr/iiif/presentation/v3/ark:/12148/bd6t51226159/manifest.json'
For more information check: https://developer.mozilla.org/en-US/docs/Web/HTTP/Status/403",2026-07-17T13:38:48.938149
francesoir,bd6t5122616p,,failed,0,0,,http_manifest,known,403,manifest,"Client error '403 ' for url 'https://openapiproext.bnf.fr/iiif/presentation/v3/ark:/12148/bd6t5122616p/manifest.json'
For more information check: https://developer.mozilla.org/en-US/docs/Web/HTTP/Status/403",2026-07-17T13:38:50.144643
francesoir,bd6t51226172,,failed,0,0,,http_manifest,known,403,manifest,"Client error '403 ' for url 'https://openapiproext.bnf.fr/iiif/presentation/v3/ark:/12148/bd6t51226172/manifest.json'
For more information check: https://developer.mozilla.org/en-US/docs/Web/HTTP/Status/403",2026-07-17T13:38:51.346206
francesoir,bd6t5122618f,,failed,0,0,,http_manifest,known,403,manifest,"Client error '403 ' for url 'https://openapiproext.bnf.fr/iiif/presentation/v3/ark:/12148/bd6t5122618f/manifest.json'
For more information check: https://developer.mozilla.org/en-US/docs/Web/HTTP/Status/403",2026-07-17T13:38:52.546316
francesoir,bd6t5122619t,,failed,0,0,,http_manifest,known,403,manifest,"Client error '403 ' for url 'https://openapiproext.bnf.fr/iiif/presentation/v3/ark:/12148/bd6t5122619t/manifest.json'
For more information check: https://developer.mozilla.org/en-US/docs/Web/HTTP/Status/403",2026-07-17T13:38:53.749326
francesoir,bd6t5122620r,,failed,0,0,,http_manifest,known,403,manifest,"Client error '403 ' for url 'https://openapiproext.bnf.fr/iiif/presentation/v3/ark:/12148/bd6t5122620r/manifest.json'
For more information check: https://developer.mozilla.org/en-US/docs/Web/HTTP/Status/403",2026-07-17T13:38:54.951178
francesoir,bd6t51226214,,failed,0,0,,http_manifest,known,403,manifest,"Client error '403 ' for url 'https://openapiproext.bnf.fr/iiif/presentation/v3/ark:/12148/bd6t51226214/manifest.json'
For more information check: https://developer.mozilla.org/en-US/docs/Web/HTTP/Status/403",2026-07-17T13:38:56.151779
francesoir,bd6t5122622h,,failed,0,0,,http_manifest,known,403,manifest,"Client error '403 ' for url 'https://openapiproext.bnf.fr/iiif/presentation/v3/ark:/12148/bd6t5122622h/manifest.json'
For more information check: https://developer.mozilla.org/en-US/docs/Web/HTTP/Status/403",2026-07-17T13:38:57.725899
francesoir,bd6t5122623w,,failed,0,0,,http_manifest,known,403,manifest,"Client error '403 ' for url 'https://openapiproext.bnf.fr/iiif/presentation/v3/ark:/12148/bd6t5122623w/manifest.json'
For more information check: https://developer.mozilla.org/en-US/docs/Web/HTTP/Status/403",2026-07-17T13:38:58.626130
francesoir,bd6t51226248,,failed,0,0,,http_manifest,known,403,manifest,"Client error '403 ' for url 'https://openapiproext.bnf.fr/iiif/presentation/v3/ark:/12148/bd6t51226248/manifest.json'
For more information check: https://developer.mozilla.org/en-US/docs/Web/HTTP/Status/403",2026-07-17T13:38:59.937745
francesoir,bd6t5122625n,,failed,0,0,,http_manifest,known,403,manifest,"Client error '403 ' for url 'https://openapiproext.bnf.fr/iiif/presentation/v3/ark:/12148/bd6t5122625n/manifest.json'
For more information check: https://developer.mozilla.org/en-US/docs/Web/HTTP/Status/403",2026-07-17T13:39:01.215742
francesoir,bd6t51226261,,failed,0,0,,http_manifest,known,403,manifest,"Client error '403 ' for url 'https://openapiproext.bnf.fr/iiif/presentation/v3/ark:/12148/bd6t51226261/manifest.json'
For more information check: https://developer.mozilla.org/en-US/docs/Web/HTTP/Status/403",2026-07-17T13:39:02.163199
francesoir,bd6t5122627d,,failed,0,0,,http_manifest,known,403,manifest,"Client error '403 ' for url 'https://openapiproext.bnf.fr/iiif/presentation/v3/ark:/12148/bd6t5122627d/manifest.json'
For more information check: https://developer.mozilla.org/en-US/docs/Web/HTTP/Status/403",2026-07-17T13:39:03.448067
francesoir,bd6t5122628s,,failed,0,0,,http_manifest,known,403,manifest,"Client error '403 ' for url 'https://openapiproext.bnf.fr/iiif/presentation/v3/ark:/12148/bd6t5122628s/manifest.json'
For more information check: https://developer.mozilla.org/en-US/docs/Web/HTTP/Status/403",2026-07-17T13:39:04.653394
francesoir,bd6t51226295,,failed,0,0,,http_manifest,known,403,manifest,"Client error '403 ' for url 'https://openapiproext.bnf.fr/iiif/presentation/v3/ark:/12148/bd6t51226295/manifest.json'
For more information check: https://developer.mozilla.org/en-US/docs/Web/HTTP/Status/403",2026-07-17T13:39:05.900929
francesoir,bd6t51226303,,failed,0,0,,http_manifest,known,403,manifest,"Client error '403 ' for url 'https://openapiproext.bnf.fr/iiif/presentation/v3/ark:/12148/bd6t51226303/manifest.json'
For more information check: https://developer.mozilla.org/en-US/docs/Web/HTTP/Status/403",2026-07-17T13:39:06.965902
francesoir,bd6t5122631g,,failed,0,0,,http_manifest,known,403,manifest,"Client error '403 ' for url 'https://openapiproext.bnf.fr/iiif/presentation/v3/ark:/12148/bd6t5122631g/manifest.json'
For more information check: https://developer.mozilla.org/en-US/docs/Web/HTTP/Status/403",2026-07-17T13:39:08.171538
francesoir,bd6t5122632v,,failed,0,0,,http_manifest,known,403,manifest,"Client error '403 ' for url 'https://openapiproext.bnf.fr/iiif/presentation/v3/ark:/12148/bd6t5122632v/manifest.json'
For more information check: https://developer.mozilla.org/en-US/docs/Web/HTTP/Status/403",2026-07-17T13:39:09.453567
francesoir,bd6t51226337,,failed,0,0,,http_manifest,known,403,manifest,"Client error '403 ' for url 'https://openapiproext.bnf.fr/iiif/presentation/v3/ark:/12148/bd6t51226337/manifest.json'
For more information check: https://developer.mozilla.org/en-US/docs/Web/HTTP/Status/403",2026-07-17T13:39:10.571447
francesoir,bd6t5122634m,,failed,0,0,,http_manifest,known,403,manifest,"Client error '403 ' for url 'https://openapiproext.bnf.fr/iiif/presentation/v3/ark:/12148/bd6t5122634m/manifest.json'
For more information check: https://developer.mozilla.org/en-US/docs/Web/HTTP/Status/403",2026-07-17T13:39:11.904583
francesoir,bd6t51226350,,failed,0,0,,http_manifest,known,403,manifest,"Client error '403 ' for url 'https://openapiproext.bnf.fr/iiif/presentation/v3/ark:/12148/bd6t51226350/manifest.json'
For more information check: https://developer.mozilla.org/en-US/docs/Web/HTTP/Status/403",2026-07-17T13:39:12.973140
francesoir,bd6t5122636c,,failed,0,0,,http_manifest,known,403,manifest,"Client error '403 ' for url 'https://openapiproext.bnf.fr/iiif/presentation/v3/ark:/12148/bd6t5122636c/manifest.json'
For more information check: https://developer.mozilla.org/en-US/docs/Web/HTTP/Status/403",2026-07-17T13:39:14.306347
francesoir,bd6t5122637r,,failed,0,0,,http_manifest,known,403,manifest,"Client error '403 ' for url 'https://openapiproext.bnf.fr/iiif/presentation/v3/ark:/12148/bd6t5122637r/manifest.json'
For more information check: https://developer.mozilla.org/en-US/docs/Web/HTTP/Status/403",2026-07-17T13:39:15.608995
francesoir,bd6t51226384,,failed,0,0,,http_manifest,known,403,manifest,"Client error '403 ' for url 'https://openapiproext.bnf.fr/iiif/presentation/v3/ark:/12148/bd6t51226384/manifest.json'
For more information check: https://developer.mozilla.org/en-US/docs/Web/HTTP/Status/403",2026-07-17T13:39:16.582373
francesoir,bd6t5122639h,,failed,0,0,,http_manifest,known,403,manifest,"Client error '403 ' for url 'https://openapiproext.bnf.fr/iiif/presentation/v3/ark:/12148/bd6t5122639h/manifest.json'
For more information check: https://developer.mozilla.org/en-US/docs/Web/HTTP/Status/403",2026-07-17T13:39:17.809124
francesoir,bd6t5122640f,,failed,0,0,,http_manifest,known,403,manifest,"Client error '403 ' for url 'https://openapiproext.bnf.fr/iiif/presentation/v3/ark:/12148/bd6t5122640f/manifest.json'
For more information check: https://developer.mozilla.org/en-US/docs/Web/HTTP/Status/403",2026-07-17T13:39:18.982575
francesoir,bd6t5122641t,,failed,0,0,,http_manifest,known,403,manifest,"Client error '403 ' for url 'https://openapiproext.bnf.fr/iiif/presentation/v3/ark:/12148/bd6t5122641t/manifest.json'
For more information check: https://developer.mozilla.org/en-US/docs/Web/HTTP/Status/403",2026-07-17T13:39:20.183019
francesoir,bd6t51226426,,failed,0,0,,http_manifest,known,403,manifest,"Client error '403 ' for url 'https://openapiproext.bnf.fr/iiif/presentation/v3/ark:/12148/bd6t51226426/manifest.json'
For more information check: https://developer.mozilla.org/en-US/docs/Web/HTTP/Status/403",2026-07-17T13:39:21.384280
francesoir,bd6t5122643k,,failed,0,0,,http_manifest,known,403,manifest,"Client error '403 ' for url 'https://openapiproext.bnf.fr/iiif/presentation/v3/ark:/12148/bd6t5122643k/manifest.json'
For more information check: https://developer.mozilla.org/en-US/docs/Web/HTTP/Status/403",2026-07-17T13:39:22.587678
francesoir,bd6t5122644z,,failed,0,0,,http_manifest,known,403,manifest,"Client error '403 ' for url 'https://openapiproext.bnf.fr/iiif/presentation/v3/ark:/12148/bd6t5122644z/manifest.json'
For more information check: https://developer.mozilla.org/en-US/docs/Web/HTTP/Status/403",2026-07-17T13:39:23.790818
francesoir,bd6t5122645b,,failed,0,0,,http_manifest,known,403,manifest,"Client error '403 ' for url 'https://openapiproext.bnf.fr/iiif/presentation/v3/ark:/12148/bd6t5122645b/manifest.json'
For more information check: https://developer.mozilla.org/en-US/docs/Web/HTTP/Status/403",2026-07-17T13:39:24.992537
francesoir,bd6t51235561,,failed,0,0,,http_manifest,known,403,manifest,"Client error '403 ' for url 'https://openapiproext.bnf.fr/iiif/presentation/v3/ark:/12148/bd6t51235561/manifest.json'
For more information check: https://developer.mozilla.org/en-US/docs/Web/HTTP/Status/403",2026-07-17T13:39:26.195619
francesoir,bd6t5123557d,,failed,0,0,,http_manifest,known,403,manifest,"Client error '403 ' for url 'https://openapiproext.bnf.fr/iiif/presentation/v3/ark:/12148/bd6t5123557d/manifest.json'
For more information check: https://developer.mozilla.org/en-US/docs/Web/HTTP/Status/403",2026-07-17T13:39:27.399530
francesoir,bd6t5123558s,,failed,0,0,,http_manifest,known,403,manifest,"Client error '403 ' for url 'https://openapiproext.bnf.fr/iiif/presentation/v3/ark:/12148/bd6t5123558s/manifest.json'
For more information check: https://developer.mozilla.org/en-US/docs/Web/HTTP/Status/403",2026-07-17T13:39:28.596328
francesoir,bd6t51235595,,failed,0,0,,http_manifest,known,403,manifest,"Client error '403 ' for url 'https://openapiproext.bnf.fr/iiif/presentation/v3/ark:/12148/bd6t51235595/manifest.json'
For more information check: https://developer.mozilla.org/en-US/docs/Web/HTTP/Status/403",2026-07-17T13:39:29.799668
francesoir,bd6t51235603,,failed,0,0,,http_manifest,known,403,manifest,"Client error '403 ' for url 'https://openapiproext.bnf.fr/iiif/presentation/v3/ark:/12148/bd6t51235603/manifest.json'
For more information check: https://developer.mozilla.org/en-US/docs/Web/HTTP/Status/403",2026-07-17T13:39:31.006351
francesoir,bd6t5123561g,,failed,0,0,,http_manifest,known,403,manifest,"Client error '403 ' for url 'https://openapiproext.bnf.fr/iiif/presentation/v3/ark:/12148/bd6t5123561g/manifest.json'
For more information check: https://developer.mozilla.org/en-US/docs/Web/HTTP/Status/403",2026-07-17T13:39:32.201955
francesoir,bd6t5123562v,,failed,0,0,,http_manifest,known,403,manifest,"Client error '403 ' for url 'https://openapiproext.bnf.fr/iiif/presentation/v3/ark:/12148/bd6t5123562v/manifest.json'
For more information check: https://developer.mozilla.org/en-US/docs/Web/HTTP/Status/403",2026-07-17T13:39:33.404379
francesoir,bd6t51235637,,failed,0,0,,http_manifest,known,403,manifest,"Client error '403 ' for url 'https://openapiproext.bnf.fr/iiif/presentation/v3/ark:/12148/bd6t51235637/manifest.json'
For more information check: https://developer.mozilla.org/en-US/docs/Web/HTTP/Status/403",2026-07-17T13:39:34.633276
francesoir,bd6t5123564m,,failed,0,0,,http_manifest,known,403,manifest,"Client error '403 ' for url 'https://openapiproext.bnf.fr/iiif/presentation/v3/ark:/12148/bd6t5123564m/manifest.json'
For more information check: https://developer.mozilla.org/en-US/docs/Web/HTTP/Status/403",2026-07-17T13:39:35.807703
francesoir,bd6t51235650,,failed,0,0,,http_manifest,known,403,manifest,"Client error '403 ' for url 'https://openapiproext.bnf.fr/iiif/presentation/v3/ark:/12148/bd6t51235650/manifest.json'
For more information check: https://developer.mozilla.org/en-US/docs/Web/HTTP/Status/403",2026-07-17T13:39:37.009862
francesoir,bd6t5123566c,,failed,0,0,,http_manifest,known,403,manifest,"Client error '403 ' for url 'https://openapiproext.bnf.fr/iiif/presentation/v3/ark:/12148/bd6t5123566c/manifest.json'
For more information check: https://developer.mozilla.org/en-US/docs/Web/HTTP/Status/403",2026-07-17T13:39:38.213902
francesoir,bd6t5123567r,,failed,0,0,,http_manifest,known,403,manifest,"Client error '403 ' for url 'https://openapiproext.bnf.fr/iiif/presentation/v3/ark:/12148/bd6t5123567r/manifest.json'
For more information check: https://developer.mozilla.org/en-US/docs/Web/HTTP/Status/403",2026-07-17T13:39:39.418911
francesoir,bd6t51235684,,failed,0,0,,http_manifest,known,403,manifest,"Client error '403 ' for url 'https://openapiproext.bnf.fr/iiif/presentation/v3/ark:/12148/bd6t51235684/manifest.json'
For more information check: https://developer.mozilla.org/en-US/docs/Web/HTTP/Status/403",2026-07-17T13:39:40.614734
francesoir,bd6t5123569h,,failed,0,0,,http_manifest,known,403,manifest,"Client error '403 ' for url 'https://openapiproext.bnf.fr/iiif/presentation/v3/ark:/12148/bd6t5123569h/manifest.json'
For more information check: https://developer.mozilla.org/en-US/docs/Web/HTTP/Status/403",2026-07-17T13:39:41.816442
francesoir,bd6t5123570f,,failed,0,0,,http_manifest,known,403,manifest,"Client error '403 ' for url 'https://openapiproext.bnf.fr/iiif/presentation/v3/ark:/12148/bd6t5123570f/manifest.json'
For more information check: https://developer.mozilla.org/en-US/docs/Web/HTTP/Status/403",2026-07-17T13:39:43.019759
francesoir,bd6t5123571t,,failed,0,0,,http_manifest,known,403,manifest,"Client error '403 ' for url 'https://openapiproext.bnf.fr/iiif/presentation/v3/ark:/12148/bd6t5123571t/manifest.json'
For more information check: https://developer.mozilla.org/en-US/docs/Web/HTTP/Status/403",2026-07-17T13:39:44.218934
francesoir,bd6t51235726,,failed,0,0,,http_manifest,known,403,manifest,"Client error '403 ' for url 'https://openapiproext.bnf.fr/iiif/presentation/v3/ark:/12148/bd6t51235726/manifest.json'
For more information check: https://developer.mozilla.org/en-US/docs/Web/HTTP/Status/403",2026-07-17T13:39:45.420532
francesoir,bd6t5123573k,,failed,0,0,,http_manifest,known,403,manifest,"Client error '403 ' for url 'https://openapiproext.bnf.fr/iiif/presentation/v3/ark:/12148/bd6t5123573k/manifest.json'
For more information check: https://developer.mozilla.org/en-US/docs/Web/HTTP/Status/403",2026-07-17T13:39:46.644338
francesoir,bd6t5123574z,,failed,0,0,,http_manifest,known,403,manifest,"Client error '403 ' for url 'https://openapiproext.bnf.fr/iiif/presentation/v3/ark:/12148/bd6t5123574z/manifest.json'
For more information check: https://developer.mozilla.org/en-US/docs/Web/HTTP/Status/403",2026-07-17T13:39:47.824453
francesoir,bd6t5123575b,,failed,0,0,,http_manifest,known,403,manifest,"Client error '403 ' for url 'https://openapiproext.bnf.fr/iiif/presentation/v3/ark:/12148/bd6t5123575b/manifest.json'
For more information check: https://developer.mozilla.org/en-US/docs/Web/HTTP/Status/403",2026-07-17T13:39:49.023975
francesoir,bd6t5123576q,,failed,0,0,,http_manifest,known,403,manifest,"Client error '403 ' for url 'https://openapiproext.bnf.fr/iiif/presentation/v3/ark:/12148/bd6t5123576q/manifest.json'
For more information check: https://developer.mozilla.org/en-US/docs/Web/HTTP/Status/403",2026-07-17T13:39:50.229367
francesoir,bd6t51235773,,failed,0,0,,http_manifest,known,403,manifest,"Client error '403 ' for url 'https://openapiproext.bnf.fr/iiif/presentation/v3/ark:/12148/bd6t51235773/manifest.json'
For more information check: https://developer.mozilla.org/en-US/docs/Web/HTTP/Status/403",2026-07-17T13:39:51.430149
francesoir,bd6t5123578g,,failed,0,0,,http_manifest,known,403,manifest,"Client error '403 ' for url 'https://openapiproext.bnf.fr/iiif/presentation/v3/ark:/12148/bd6t5123578g/manifest.json'
For more information check: https://developer.mozilla.org/en-US/docs/Web/HTTP/Status/403",2026-07-17T13:39:52.634344
francesoir,bd6t5123579v,,failed,0,0,,http_manifest,known,403,manifest,"Client error '403 ' for url 'https://openapiproext.bnf.fr/iiif/presentation/v3/ark:/12148/bd6t5123579v/manifest.json'
For more information check: https://developer.mozilla.org/en-US/docs/Web/HTTP/Status/403",2026-07-17T13:39:53.833551
francesoir,bd6t5123580s,,failed,0,0,,http_manifest,known,403,manifest,"Client error '403 ' for url 'https://openapiproext.bnf.fr/iiif/presentation/v3/ark:/12148/bd6t5123580s/manifest.json'
For more information check: https://developer.mozilla.org/en-US/docs/Web/HTTP/Status/403",2026-07-17T13:39:55.034874
francesoir,bd6t51235815,,failed,0,0,,http_manifest,known,403,manifest,"Client error '403 ' for url 'https://openapiproext.bnf.fr/iiif/presentation/v3/ark:/12148/bd6t51235815/manifest.json'
For more information check: https://developer.mozilla.org/en-US/docs/Web/HTTP/Status/403",2026-07-17T13:39:56.236955
francesoir,bd6t5123582j,,failed,0,0,,http_manifest,known,403,manifest,"Client error '403 ' for url 'https://openapiproext.bnf.fr/iiif/presentation/v3/ark:/12148/bd6t5123582j/manifest.json'
For more information check: https://developer.mozilla.org/en-US/docs/Web/HTTP/Status/403",2026-07-17T13:39:57.459343
francesoir,bd6t5123583x,,failed,0,0,,http_manifest,known,403,manifest,"Client error '403 ' for url 'https://openapiproext.bnf.fr/iiif/presentation/v3/ark:/12148/bd6t5123583x/manifest.json'
For more information check: https://developer.mozilla.org/en-US/docs/Web/HTTP/Status/403",2026-07-17T13:39:58.844331
francesoir,bd6t51235849,,failed,0,0,,http_manifest,known,403,manifest,"Client error '403 ' for url 'https://openapiproext.bnf.fr/iiif/presentation/v3/ark:/12148/bd6t51235849/manifest.json'
For more information check: https://developer.mozilla.org/en-US/docs/Web/HTTP/Status/403",2026-07-17T13:39:59.942821
francesoir,bd6t5123585p,,failed,0,0,,http_manifest,known,403,manifest,"Client error '403 ' for url 'https://openapiproext.bnf.fr/iiif/presentation/v3/ark:/12148/bd6t5123585p/manifest.json'
For more information check: https://developer.mozilla.org/en-US/docs/Web/HTTP/Status/403",2026-07-17T13:40:01.208453
francesoir,bd6t51235862,,failed,0,0,,http_manifest,known,403,manifest,"Client error '403 ' for url 'https://openapiproext.bnf.fr/iiif/presentation/v3/ark:/12148/bd6t51235862/manifest.json'
For more information check: https://developer.mozilla.org/en-US/docs/Web/HTTP/Status/403",2026-07-17T13:40:02.247200
francesoir,bd6t5123587f,,failed,0,0,,http_manifest,known,403,manifest,"Client error '403 ' for url 'https://openapiproext.bnf.fr/iiif/presentation/v3/ark:/12148/bd6t5123587f/manifest.json'
For more information check: https://developer.mozilla.org/en-US/docs/Web/HTTP/Status/403",2026-07-17T13:40:03.449660
francesoir,bd6t5123588t,,failed,0,0,,http_manifest,known,403,manifest,"Client error '403 ' for url 'https://openapiproext.bnf.fr/iiif/presentation/v3/ark:/12148/bd6t5123588t/manifest.json'
For more information check: https://developer.mozilla.org/en-US/docs/Web/HTTP/Status/403",2026-07-17T13:40:04.848332
francesoir,bd6t51235896,,failed,0,0,,http_manifest,known,403,manifest,"Client error '403 ' for url 'https://openapiproext.bnf.fr/iiif/presentation/v3/ark:/12148/bd6t51235896/manifest.json'
For more information check: https://developer.mozilla.org/en-US/docs/Web/HTTP/Status/403",2026-07-17T13:40:06.024655
francesoir,bd6t51235904,,failed,0,0,,http_manifest,known,403,manifest,"Client error '403 ' for url 'https://openapiproext.bnf.fr/iiif/presentation/v3/ark:/12148/bd6t51235904/manifest.json'
For more information check: https://developer.mozilla.org/en-US/docs/Web/HTTP/Status/403",2026-07-17T13:40:07.058247
francesoir,bd6t5123591h,,failed,0,0,,http_manifest,known,403,manifest,"Client error '403 ' for url 'https://openapiproext.bnf.fr/iiif/presentation/v3/ark:/12148/bd6t5123591h/manifest.json'
For more information check: https://developer.mozilla.org/en-US/docs/Web/HTTP/Status/403",2026-07-17T13:40:08.256227
francesoir,bd6t5123592w,,failed,0,0,,http_manifest,known,403,manifest,"Client error '403 ' for url 'https://openapiproext.bnf.fr/iiif/presentation/v3/ark:/12148/bd6t5123592w/manifest.json'
For more information check: https://developer.mozilla.org/en-US/docs/Web/HTTP/Status/403",2026-07-17T13:40:09.514951
francesoir,bd6t51235938,,failed,0,0,,http_manifest,known,403,manifest,"Client error '403 ' for url 'https://openapiproext.bnf.fr/iiif/presentation/v3/ark:/12148/bd6t51235938/manifest.json'
For more information check: https://developer.mozilla.org/en-US/docs/Web/HTTP/Status/403",2026-07-17T13:40:10.656918
francesoir,bd6t5123594n,,failed,0,0,,http_manifest,known,403,manifest,"Client error '403 ' for url 'https://openapiproext.bnf.fr/iiif/presentation/v3/ark:/12148/bd6t5123594n/manifest.json'
For more information check: https://developer.mozilla.org/en-US/docs/Web/HTTP/Status/403",2026-07-17T13:40:11.860544
francesoir,bd6t51235951,,failed,0,0,,http_manifest,known,403,manifest,"Client error '403 ' for url 'https://openapiproext.bnf.fr/iiif/presentation/v3/ark:/12148/bd6t51235951/manifest.json'
For more information check: https://developer.mozilla.org/en-US/docs/Web/HTTP/Status/403",2026-07-17T13:40:13.067171
francesoir,bd6t5123596d,,failed,0,0,,http_manifest,known,403,manifest,"Client error '403 ' for url 'https://openapiproext.bnf.fr/iiif/presentation/v3/ark:/12148/bd6t5123596d/manifest.json'
For more information check: https://developer.mozilla.org/en-US/docs/Web/HTTP/Status/403",2026-07-17T13:40:14.261472
francesoir,bd6t5123597s,,failed,0,0,,http_manifest,known,403,manifest,"Client error '403 ' for url 'https://openapiproext.bnf.fr/iiif/presentation/v3/ark:/12148/bd6t5123597s/manifest.json'
For more information check: https://developer.mozilla.org/en-US/docs/Web/HTTP/Status/403",2026-07-17T13:40:15.467977
francesoir,bd6t51235985,,failed,0,0,,http_manifest,known,403,manifest,"Client error '403 ' for url 'https://openapiproext.bnf.fr/iiif/presentation/v3/ark:/12148/bd6t51235985/manifest.json'
For more information check: https://developer.mozilla.org/en-US/docs/Web/HTTP/Status/403",2026-07-17T13:40:16.668061
francesoir,bd6t5123599j,,failed,0,0,,http_manifest,known,403,manifest,"Client error '403 ' for url 'https://openapiproext.bnf.fr/iiif/presentation/v3/ark:/12148/bd6t5123599j/manifest.json'
For more information check: https://developer.mozilla.org/en-US/docs/Web/HTTP/Status/403",2026-07-17T13:40:17.872257
francesoir,bd6t5123600b,,failed,0,0,,http_manifest,known,403,manifest,"Client error '403 ' for url 'https://openapiproext.bnf.fr/iiif/presentation/v3/ark:/12148/bd6t5123600b/manifest.json'
For more information check: https://developer.mozilla.org/en-US/docs/Web/HTTP/Status/403",2026-07-17T13:40:19.069095
francesoir,bd6t5123601q,,failed,0,0,,http_manifest,known,403,manifest,"Client error '403 ' for url 'https://openapiproext.bnf.fr/iiif/presentation/v3/ark:/12148/bd6t5123601q/manifest.json'
For more information check: https://developer.mozilla.org/en-US/docs/Web/HTTP/Status/403",2026-07-17T13:40:20.272744
francesoir,bd6t51236023,,failed,0,0,,http_manifest,known,403,manifest,"Client error '403 ' for url 'https://openapiproext.bnf.fr/iiif/presentation/v3/ark:/12148/bd6t51236023/manifest.json'
For more information check: https://developer.mozilla.org/en-US/docs/Web/HTTP/Status/403",2026-07-17T13:40:21.478769
francesoir,bd6t5123603g,,failed,0,0,,http_manifest,known,403,manifest,"Client error '403 ' for url 'https://openapiproext.bnf.fr/iiif/presentation/v3/ark:/12148/bd6t5123603g/manifest.json'
For more information check: https://developer.mozilla.org/en-US/docs/Web/HTTP/Status/403",2026-07-17T13:40:22.679009
francesoir,bd6t5123604v,,failed,0,0,,http_manifest,known,403,manifest,"Client error '403 ' for url 'https://openapiproext.bnf.fr/iiif/presentation/v3/ark:/12148/bd6t5123604v/manifest.json'
For more information check: https://developer.mozilla.org/en-US/docs/Web/HTTP/Status/403",2026-07-17T13:40:23.903142
francesoir,bd6t51236057,,failed,0,0,,http_manifest,known,403,manifest,"Client error '403 ' for url 'https://openapiproext.bnf.fr/iiif/presentation/v3/ark:/12148/bd6t51236057/manifest.json'
For more information check: https://developer.mozilla.org/en-US/docs/Web/HTTP/Status/403",2026-07-17T13:40:25.079691
francesoir,bd6t5123606m,,failed,0,0,,http_manifest,known,403,manifest,"Client error '403 ' for url 'https://openapiproext.bnf.fr/iiif/presentation/v3/ark:/12148/bd6t5123606m/manifest.json'
For more information check: https://developer.mozilla.org/en-US/docs/Web/HTTP/Status/403",2026-07-17T13:40:26.280499
francesoir,bd6t5123241v,,failed,0,0,,http_manifest,known,403,manifest,"Client error '403 ' for url 'https://openapiproext.bnf.fr/iiif/presentation/v3/ark:/12148/bd6t5123241v/manifest.json'
For more information check: https://developer.mozilla.org/en-US/docs/Web/HTTP/Status/403",2026-07-17T13:40:27.481176
francesoir,bd6t51232427,,failed,0,0,,http_manifest,known,403,manifest,"Client error '403 ' for url 'https://openapiproext.bnf.fr/iiif/presentation/v3/ark:/12148/bd6t51232427/manifest.json'
For more information check: https://developer.mozilla.org/en-US/docs/Web/HTTP/Status/403",2026-07-17T13:40:28.683959
francesoir,bd6t5123243m,,failed,0,0,,http_manifest,known,403,manifest,"Client error '403 ' for url 'https://openapiproext.bnf.fr/iiif/presentation/v3/ark:/12148/bd6t5123243m/manifest.json'
For more information check: https://developer.mozilla.org/en-US/docs/Web/HTTP/Status/403",2026-07-17T13:40:29.885621
francesoir,bd6t51232440,,failed,0,0,,http_manifest,known,403,manifest,"Client error '403 ' for url 'https://openapiproext.bnf.fr/iiif/presentation/v3/ark:/12148/bd6t51232440/manifest.json'
For more information check: https://developer.mozilla.org/en-US/docs/Web/HTTP/Status/403",2026-07-17T13:40:31.087335
francesoir,bd6t5123245c,,failed,0,0,,http_manifest,known,403,manifest,"Client error '403 ' for url 'https://openapiproext.bnf.fr/iiif/presentation/v3/ark:/12148/bd6t5123245c/manifest.json'
For more information check: https://developer.mozilla.org/en-US/docs/Web/HTTP/Status/403",2026-07-17T13:40:32.291115
francesoir,bd6t5123246r,,failed,0,0,,http_manifest,known,403,manifest,"Client error '403 ' for url 'https://openapiproext.bnf.fr/iiif/presentation/v3/ark:/12148/bd6t5123246r/manifest.json'
For more information check: https://developer.mozilla.org/en-US/docs/Web/HTTP/Status/403",2026-07-17T13:40:33.486427
francesoir,bd6t51232474,,failed,0,0,,http_manifest,known,403,manifest,"Client error '403 ' for url 'https://openapiproext.bnf.fr/iiif/presentation/v3/ark:/12148/bd6t51232474/manifest.json'
For more information check: https://developer.mozilla.org/en-US/docs/Web/HTTP/Status/403",2026-07-17T13:40:34.692906
francesoir,bd6t5123248h,,failed,0,0,,http_manifest,known,403,manifest,"Client error '403 ' for url 'https://openapiproext.bnf.fr/iiif/presentation/v3/ark:/12148/bd6t5123248h/manifest.json'
For more information check: https://developer.mozilla.org/en-US/docs/Web/HTTP/Status/403",2026-07-17T13:40:35.925965
francesoir,bd6t5123249w,,failed,0,0,,http_manifest,known,403,manifest,"Client error '403 ' for url 'https://openapiproext.bnf.fr/iiif/presentation/v3/ark:/12148/bd6t5123249w/manifest.json'
For more information check: https://developer.mozilla.org/en-US/docs/Web/HTTP/Status/403",2026-07-17T13:40:37.098543
francesoir,bd6t5123250t,,failed,0,0,,http_manifest,known,403,manifest,"Client error '403 ' for url 'https://openapiproext.bnf.fr/iiif/presentation/v3/ark:/12148/bd6t5123250t/manifest.json'
For more information check: https://developer.mozilla.org/en-US/docs/Web/HTTP/Status/403",2026-07-17T13:40:38.299536
francesoir,bd6t51232516,,failed,0,0,,http_manifest,known,403,manifest,"Client error '403 ' for url 'https://openapiproext.bnf.fr/iiif/presentation/v3/ark:/12148/bd6t51232516/manifest.json'
For more information check: https://developer.mozilla.org/en-US/docs/Web/HTTP/Status/403",2026-07-17T13:40:39.499361
francesoir,bd6t5123252k,,failed,0,0,,http_manifest,known,403,manifest,"Client error '403 ' for url 'https://openapiproext.bnf.fr/iiif/presentation/v3/ark:/12148/bd6t5123252k/manifest.json'
For more information check: https://developer.mozilla.org/en-US/docs/Web/HTTP/Status/403",2026-07-17T13:40:40.702097
francesoir,bd6t5123253z,,failed,0,0,,http_manifest,known,403,manifest,"Client error '403 ' for url 'https://openapiproext.bnf.fr/iiif/presentation/v3/ark:/12148/bd6t5123253z/manifest.json'
For more information check: https://developer.mozilla.org/en-US/docs/Web/HTTP/Status/403",2026-07-17T13:40:41.903538
francesoir,bd6t5123254b,,failed,0,0,,http_manifest,known,403,manifest,"Client error '403 ' for url 'https://openapiproext.bnf.fr/iiif/presentation/v3/ark:/12148/bd6t5123254b/manifest.json'
For more information check: https://developer.mozilla.org/en-US/docs/Web/HTTP/Status/403",2026-07-17T13:40:43.104688
francesoir,bd6t5123255q,,failed,0,0,,http_manifest,known,403,manifest,"Client error '403 ' for url 'https://openapiproext.bnf.fr/iiif/presentation/v3/ark:/12148/bd6t5123255q/manifest.json'
For more information check: https://developer.mozilla.org/en-US/docs/Web/HTTP/Status/403",2026-07-17T13:40:44.307371
francesoir,bd6t51232563,,failed,0,0,,http_manifest,known,403,manifest,"Client error '403 ' for url 'https://openapiproext.bnf.fr/iiif/presentation/v3/ark:/12148/bd6t51232563/manifest.json'
For more information check: https://developer.mozilla.org/en-US/docs/Web/HTTP/Status/403",2026-07-17T13:40:45.510875
francesoir,bd6t5123257g,,failed,0,0,,http_manifest,known,403,manifest,"Client error '403 ' for url 'https://openapiproext.bnf.fr/iiif/presentation/v3/ark:/12148/bd6t5123257g/manifest.json'
For more information check: https://developer.mozilla.org/en-US/docs/Web/HTTP/Status/403",2026-07-17T13:40:46.722814
francesoir,bd6t5123258v,,failed,0,0,,http_manifest,known,403,manifest,"Client error '403 ' for url 'https://openapiproext.bnf.fr/iiif/presentation/v3/ark:/12148/bd6t5123258v/manifest.json'
For more information check: https://developer.mozilla.org/en-US/docs/Web/HTTP/Status/403",2026-07-17T13:40:47.911927
francesoir,bd6t51232597,,failed,0,0,,http_manifest,known,403,manifest,"Client error '403 ' for url 'https://openapiproext.bnf.fr/iiif/presentation/v3/ark:/12148/bd6t51232597/manifest.json'
For more information check: https://developer.mozilla.org/en-US/docs/Web/HTTP/Status/403",2026-07-17T13:40:49.113193
francesoir,bd6t51232605,,failed,0,0,,http_manifest,known,403,manifest,"Client error '403 ' for url 'https://openapiproext.bnf.fr/iiif/presentation/v3/ark:/12148/bd6t51232605/manifest.json'
For more information check: https://developer.mozilla.org/en-US/docs/Web/HTTP/Status/403",2026-07-17T13:40:50.316727
francesoir,bd6t5123261j,,failed,0,0,,http_manifest,known,403,manifest,"Client error '403 ' for url 'https://openapiproext.bnf.fr/iiif/presentation/v3/ark:/12148/bd6t5123261j/manifest.json'
For more information check: https://developer.mozilla.org/en-US/docs/Web/HTTP/Status/403",2026-07-17T13:40:51.516040
francesoir,bd6t5123262x,,failed,0,0,,http_manifest,known,403,manifest,"Client error '403 ' for url 'https://openapiproext.bnf.fr/iiif/presentation/v3/ark:/12148/bd6t5123262x/manifest.json'
For more information check: https://developer.mozilla.org/en-US/docs/Web/HTTP/Status/403",2026-07-17T13:40:52.733437
francesoir,bd6t51232639,,failed,0,0,,http_manifest,known,403,manifest,"Client error '403 ' for url 'https://openapiproext.bnf.fr/iiif/presentation/v3/ark:/12148/bd6t51232639/manifest.json'
For more information check: https://developer.mozilla.org/en-US/docs/Web/HTTP/Status/403",2026-07-17T13:40:53.921038
francesoir,bd6t5123264p,,failed,0,0,,http_manifest,known,403,manifest,"Client error '403 ' for url 'https://openapiproext.bnf.fr/iiif/presentation/v3/ark:/12148/bd6t5123264p/manifest.json'
For more information check: https://developer.mozilla.org/en-US/docs/Web/HTTP/Status/403",2026-07-17T13:40:55.128970
francesoir,bd6t51232652,,failed,0,0,,http_manifest,known,403,manifest,"Client error '403 ' for url 'https://openapiproext.bnf.fr/iiif/presentation/v3/ark:/12148/bd6t51232652/manifest.json'
For more information check: https://developer.mozilla.org/en-US/docs/Web/HTTP/Status/403",2026-07-17T13:40:56.325022
francesoir,bd6t5123266f,,failed,0,0,,http_manifest,known,403,manifest,"Client error '403 ' for url 'https://openapiproext.bnf.fr/iiif/presentation/v3/ark:/12148/bd6t5123266f/manifest.json'
For more information check: https://developer.mozilla.org/en-US/docs/Web/HTTP/Status/403",2026-07-17T13:40:57.580950
francesoir,bd6t5123267t,,failed,0,0,,http_manifest,known,403,manifest,"Client error '403 ' for url 'https://openapiproext.bnf.fr/iiif/presentation/v3/ark:/12148/bd6t5123267t/manifest.json'
For more information check: https://developer.mozilla.org/en-US/docs/Web/HTTP/Status/403",2026-07-17T13:40:58.788942
francesoir,bd6t51232686,,failed,0,0,,http_manifest,known,403,manifest,"Client error '403 ' for url 'https://openapiproext.bnf.fr/iiif/presentation/v3/ark:/12148/bd6t51232686/manifest.json'
For more information check: https://developer.mozilla.org/en-US/docs/Web/HTTP/Status/403",2026-07-17T13:41:00.157697
francesoir,bd6t5123269k,,failed,0,0,,http_manifest,known,403,manifest,"Client error '403 ' for url 'https://openapiproext.bnf.fr/iiif/presentation/v3/ark:/12148/bd6t5123269k/manifest.json'
For more information check: https://developer.mozilla.org/en-US/docs/Web/HTTP/Status/403",2026-07-17T13:41:01.291042
francesoir,bd6t5123270h,,failed,0,0,,http_manifest,known,403,manifest,"Client error '403 ' for url 'https://openapiproext.bnf.fr/iiif/presentation/v3/ark:/12148/bd6t5123270h/manifest.json'
For more information check: https://developer.mozilla.org/en-US/docs/Web/HTTP/Status/403",2026-07-17T13:41:02.343223
francesoir,bd6t5123271w,,failed,0,0,,http_manifest,known,403,manifest,"Client error '403 ' for url 'https://openapiproext.bnf.fr/iiif/presentation/v3/ark:/12148/bd6t5123271w/manifest.json'
For more information check: https://developer.mozilla.org/en-US/docs/Web/HTTP/Status/403",2026-07-17T13:41:03.532428
francesoir,bd6t51232728,,failed,0,0,,http_manifest,known,403,manifest,"Client error '403 ' for url 'https://openapiproext.bnf.fr/iiif/presentation/v3/ark:/12148/bd6t51232728/manifest.json'
For more information check: https://developer.mozilla.org/en-US/docs/Web/HTTP/Status/403",2026-07-17T13:41:04.924630
francesoir,bd6t5123273n,,failed,0,0,,http_manifest,known,403,manifest,"Client error '403 ' for url 'https://openapiproext.bnf.fr/iiif/presentation/v3/ark:/12148/bd6t5123273n/manifest.json'
For more information check: https://developer.mozilla.org/en-US/docs/Web/HTTP/Status/403",2026-07-17T13:41:06.046790
francesoir,bd6t51232741,,failed,0,0,,http_manifest,known,403,manifest,"Client error '403 ' for url 'https://openapiproext.bnf.fr/iiif/presentation/v3/ark:/12148/bd6t51232741/manifest.json'
For more information check: https://developer.mozilla.org/en-US/docs/Web/HTTP/Status/403",2026-07-17T13:41:07.274226
francesoir,bd6t5123275d,,failed,0,0,,http_manifest,known,403,manifest,"Client error '403 ' for url 'https://openapiproext.bnf.fr/iiif/presentation/v3/ark:/12148/bd6t5123275d/manifest.json'
For more information check: https://developer.mozilla.org/en-US/docs/Web/HTTP/Status/403",2026-07-17T13:41:08.531448
francesoir,bd6t5123276s,,failed,0,0,,http_manifest,known,403,manifest,"Client error '403 ' for url 'https://openapiproext.bnf.fr/iiif/presentation/v3/ark:/12148/bd6t5123276s/manifest.json'
For more information check: https://developer.mozilla.org/en-US/docs/Web/HTTP/Status/403",2026-07-17T13:41:09.777428
francesoir,bd6t51232775,,failed,0,0,,http_manifest,known,403,manifest,"Client error '403 ' for url 'https://openapiproext.bnf.fr/iiif/presentation/v3/ark:/12148/bd6t51232775/manifest.json'
For more information check: https://developer.mozilla.org/en-US/docs/Web/HTTP/Status/403",2026-07-17T13:41:10.764758
francesoir,bd6t5123278j,,failed,0,0,,http_manifest,known,403,manifest,"Client error '403 ' for url 'https://openapiproext.bnf.fr/iiif/presentation/v3/ark:/12148/bd6t5123278j/manifest.json'
For more information check: https://developer.mozilla.org/en-US/docs/Web/HTTP/Status/403",2026-07-17T13:41:11.949966
francesoir,bd6t5123279x,,failed,0,0,,http_manifest,known,403,manifest,"Client error '403 ' for url 'https://openapiproext.bnf.fr/iiif/presentation/v3/ark:/12148/bd6t5123279x/manifest.json'
For more information check: https://developer.mozilla.org/en-US/docs/Web/HTTP/Status/403",2026-07-17T13:41:13.238023
francesoir,bd6t5123280v,,failed,0,0,,http_manifest,known,403,manifest,"Client error '403 ' for url 'https://openapiproext.bnf.fr/iiif/presentation/v3/ark:/12148/bd6t5123280v/manifest.json'
For more information check: https://developer.mozilla.org/en-US/docs/Web/HTTP/Status/403",2026-07-17T13:41:14.475629
francesoir,bd6t51232817,,failed,0,0,,http_manifest,known,403,manifest,"Client error '403 ' for url 'https://openapiproext.bnf.fr/iiif/presentation/v3/ark:/12148/bd6t51232817/manifest.json'
For more information check: https://developer.mozilla.org/en-US/docs/Web/HTTP/Status/403",2026-07-17T13:41:15.556805
francesoir,bd6t5123282m,,failed,0,0,,http_manifest,known,403,manifest,"Client error '403 ' for url 'https://openapiproext.bnf.fr/iiif/presentation/v3/ark:/12148/bd6t5123282m/manifest.json'
For more information check: https://developer.mozilla.org/en-US/docs/Web/HTTP/Status/403",2026-07-17T13:41:16.750623
francesoir,bd6t51232830,,failed,0,0,,http_manifest,known,403,manifest,"Client error '403 ' for url 'https://openapiproext.bnf.fr/iiif/presentation/v3/ark:/12148/bd6t51232830/manifest.json'
For more information check: https://developer.mozilla.org/en-US/docs/Web/HTTP/Status/403",2026-07-17T13:41:17.955330
francesoir,bd6t5123284c,,failed,0,0,,http_manifest,known,403,manifest,"Client error '403 ' for url 'https://openapiproext.bnf.fr/iiif/presentation/v3/ark:/12148/bd6t5123284c/manifest.json'
For more information check: https://developer.mozilla.org/en-US/docs/Web/HTTP/Status/403",2026-07-17T13:41:19.157430
francesoir,bd6t5123285r,,failed,0,0,,http_manifest,known,403,manifest,"Client error '403 ' for url 'https://openapiproext.bnf.fr/iiif/presentation/v3/ark:/12148/bd6t5123285r/manifest.json'
For more information check: https://developer.mozilla.org/en-US/docs/Web/HTTP/Status/403",2026-07-17T13:41:20.361307
francesoir,bd6t51232864,,failed,0,0,,http_manifest,known,403,manifest,"Client error '403 ' for url 'https://openapiproext.bnf.fr/iiif/presentation/v3/ark:/12148/bd6t51232864/manifest.json'
For more information check: https://developer.mozilla.org/en-US/docs/Web/HTTP/Status/403",2026-07-17T13:41:21.557256
francesoir,bd6t5123287h,,failed,0,0,,http_manifest,known,403,manifest,"Client error '403 ' for url 'https://openapiproext.bnf.fr/iiif/presentation/v3/ark:/12148/bd6t5123287h/manifest.json'
For more information check: https://developer.mozilla.org/en-US/docs/Web/HTTP/Status/403",2026-07-17T13:41:22.760507
francesoir,bd6t5123288w,,failed,0,0,,http_manifest,known,403,manifest,"Client error '403 ' for url 'https://openapiproext.bnf.fr/iiif/presentation/v3/ark:/12148/bd6t5123288w/manifest.json'
For more information check: https://developer.mozilla.org/en-US/docs/Web/HTTP/Status/403",2026-07-17T13:41:23.963075
francesoir,bd6t51232898,,failed,0,0,,http_manifest,known,403,manifest,"Client error '403 ' for url 'https://openapiproext.bnf.fr/iiif/presentation/v3/ark:/12148/bd6t51232898/manifest.json'
For more information check: https://developer.mozilla.org/en-US/docs/Web/HTTP/Status/403",2026-07-17T13:41:25.166436
francesoir,bd6t51232906,,failed,0,0,,http_manifest,known,403,manifest,"Client error '403 ' for url 'https://openapiproext.bnf.fr/iiif/presentation/v3/ark:/12148/bd6t51232906/manifest.json'
For more information check: https://developer.mozilla.org/en-US/docs/Web/HTTP/Status/403",2026-07-17T13:41:26.377435
francesoir,bd6t5123291k,,failed,0,0,,http_manifest,known,403,manifest,"Client error '403 ' for url 'https://openapiproext.bnf.fr/iiif/presentation/v3/ark:/12148/bd6t5123291k/manifest.json'
For more information check: https://developer.mozilla.org/en-US/docs/Web/HTTP/Status/403",2026-07-17T13:41:27.569412
francesoir,bd6t5123292z,,failed,0,0,,http_manifest,known,403,manifest,"Client error '403 ' for url 'https://openapiproext.bnf.fr/iiif/presentation/v3/ark:/12148/bd6t5123292z/manifest.json'
For more information check: https://developer.mozilla.org/en-US/docs/Web/HTTP/Status/403",2026-07-17T13:41:28.769078
francesoir,bd6t5123293b,,failed,0,0,,http_manifest,known,403,manifest,"Client error '403 ' for url 'https://openapiproext.bnf.fr/iiif/presentation/v3/ark:/12148/bd6t5123293b/manifest.json'
For more information check: https://developer.mozilla.org/en-US/docs/Web/HTTP/Status/403",2026-07-17T13:41:29.973831
francesoir,bd6t5129371v,,failed,0,0,,http_manifest,known,403,manifest,"Client error '403 ' for url 'https://openapiproext.bnf.fr/iiif/presentation/v3/ark:/12148/bd6t5129371v/manifest.json'
For more information check: https://developer.mozilla.org/en-US/docs/Web/HTTP/Status/403",2026-07-17T13:41:31.175688
francesoir,bd6t51293727,,failed,0,0,,http_manifest,known,403,manifest,"Client error '403 ' for url 'https://openapiproext.bnf.fr/iiif/presentation/v3/ark:/12148/bd6t51293727/manifest.json'
For more information check: https://developer.mozilla.org/en-US/docs/Web/HTTP/Status/403",2026-07-17T13:41:32.371367
francesoir,bd6t5129373m,,failed,0,0,,http_manifest,known,403,manifest,"Client error '403 ' for url 'https://openapiproext.bnf.fr/iiif/presentation/v3/ark:/12148/bd6t5129373m/manifest.json'
For more information check: https://developer.mozilla.org/en-US/docs/Web/HTTP/Status/403",2026-07-17T13:41:33.583225
francesoir,bd6t51293740,,failed,0,0,,http_manifest,known,403,manifest,"Client error '403 ' for url 'https://openapiproext.bnf.fr/iiif/presentation/v3/ark:/12148/bd6t51293740/manifest.json'
For more information check: https://developer.mozilla.org/en-US/docs/Web/HTTP/Status/403",2026-07-17T13:41:34.776058
francesoir,bd6t5129375c,,failed,0,0,,http_manifest,known,403,manifest,"Client error '403 ' for url 'https://openapiproext.bnf.fr/iiif/presentation/v3/ark:/12148/bd6t5129375c/manifest.json'
For more information check: https://developer.mozilla.org/en-US/docs/Web/HTTP/Status/403",2026-07-17T13:41:35.978010
francesoir,bd6t5129376r,,failed,0,0,,http_manifest,known,403,manifest,"Client error '403 ' for url 'https://openapiproext.bnf.fr/iiif/presentation/v3/ark:/12148/bd6t5129376r/manifest.json'
For more information check: https://developer.mozilla.org/en-US/docs/Web/HTTP/Status/403",2026-07-17T13:41:37.180511
francesoir,bd6t51293774,,failed,0,0,,http_manifest,known,403,manifest,"Client error '403 ' for url 'https://openapiproext.bnf.fr/iiif/presentation/v3/ark:/12148/bd6t51293774/manifest.json'
For more information check: https://developer.mozilla.org/en-US/docs/Web/HTTP/Status/403",2026-07-17T13:41:38.389245
francesoir,bd6t5129378h,,failed,0,0,,http_manifest,known,403,manifest,"Client error '403 ' for url 'https://openapiproext.bnf.fr/iiif/presentation/v3/ark:/12148/bd6t5129378h/manifest.json'
For more information check: https://developer.mozilla.org/en-US/docs/Web/HTTP/Status/403",2026-07-17T13:41:39.583100
francesoir,bd6t5129379w,,failed,0,0,,http_manifest,known,403,manifest,"Client error '403 ' for url 'https://openapiproext.bnf.fr/iiif/presentation/v3/ark:/12148/bd6t5129379w/manifest.json'
For more information check: https://developer.mozilla.org/en-US/docs/Web/HTTP/Status/403",2026-07-17T13:41:40.787867
francesoir,bd6t5129380t,,failed,0,0,,http_manifest,known,403,manifest,"Client error '403 ' for url 'https://openapiproext.bnf.fr/iiif/presentation/v3/ark:/12148/bd6t5129380t/manifest.json'
For more information check: https://developer.mozilla.org/en-US/docs/Web/HTTP/Status/403",2026-07-17T13:41:41.987676
francesoir,bd6t51293816,,failed,0,0,,http_manifest,known,403,manifest,"Client error '403 ' for url 'https://openapiproext.bnf.fr/iiif/presentation/v3/ark:/12148/bd6t51293816/manifest.json'
For more information check: https://developer.mozilla.org/en-US/docs/Web/HTTP/Status/403",2026-07-17T13:41:43.191339
francesoir,bd6t5129382k,,failed,0,0,,http_manifest,known,403,manifest,"Client error '403 ' for url 'https://openapiproext.bnf.fr/iiif/presentation/v3/ark:/12148/bd6t5129382k/manifest.json'
For more information check: https://developer.mozilla.org/en-US/docs/Web/HTTP/Status/403",2026-07-17T13:41:44.392809
francesoir,bd6t5129383z,,failed,0,0,,http_manifest,known,403,manifest,"Client error '403 ' for url 'https://openapiproext.bnf.fr/iiif/presentation/v3/ark:/12148/bd6t5129383z/manifest.json'
For more information check: https://developer.mozilla.org/en-US/docs/Web/HTTP/Status/403",2026-07-17T13:41:45.591529
francesoir,bd6t5129384b,,failed,0,0,,http_manifest,known,403,manifest,"Client error '403 ' for url 'https://openapiproext.bnf.fr/iiif/presentation/v3/ark:/12148/bd6t5129384b/manifest.json'
For more information check: https://developer.mozilla.org/en-US/docs/Web/HTTP/Status/403",2026-07-17T13:41:46.797385
francesoir,bd6t5129385q,,failed,0,0,,http_manifest,known,403,manifest,"Client error '403 ' for url 'https://openapiproext.bnf.fr/iiif/presentation/v3/ark:/12148/bd6t5129385q/manifest.json'
For more information check: https://developer.mozilla.org/en-US/docs/Web/HTTP/Status/403",2026-07-17T13:41:47.993107
francesoir,bd6t51293863,,failed,0,0,,http_manifest,known,403,manifest,"Client error '403 ' for url 'https://openapiproext.bnf.fr/iiif/presentation/v3/ark:/12148/bd6t51293863/manifest.json'
For more information check: https://developer.mozilla.org/en-US/docs/Web/HTTP/Status/403",2026-07-17T13:41:49.196997
francesoir,bd6t5129387g,,failed,0,0,,http_manifest,known,403,manifest,"Client error '403 ' for url 'https://openapiproext.bnf.fr/iiif/presentation/v3/ark:/12148/bd6t5129387g/manifest.json'
For more information check: https://developer.mozilla.org/en-US/docs/Web/HTTP/Status/403",2026-07-17T13:41:50.400247
francesoir,bd6t5129388v,,failed,0,0,,http_manifest,known,403,manifest,"Client error '403 ' for url 'https://openapiproext.bnf.fr/iiif/presentation/v3/ark:/12148/bd6t5129388v/manifest.json'
For more information check: https://developer.mozilla.org/en-US/docs/Web/HTTP/Status/403",2026-07-17T13:41:51.599442
francesoir,bd6t51293897,,failed,0,0,,http_manifest,known,403,manifest,"Client error '403 ' for url 'https://openapiproext.bnf.fr/iiif/presentation/v3/ark:/12148/bd6t51293897/manifest.json'
For more information check: https://developer.mozilla.org/en-US/docs/Web/HTTP/Status/403",2026-07-17T13:41:52.830100
francesoir,bd6t51293905,,failed,0,0,,http_manifest,known,403,manifest,"Client error '403 ' for url 'https://openapiproext.bnf.fr/iiif/presentation/v3/ark:/12148/bd6t51293905/manifest.json'
For more information check: https://developer.mozilla.org/en-US/docs/Web/HTTP/Status/403",2026-07-17T13:41:54.003314
francesoir,bd6t5129391j,,failed,0,0,,http_manifest,known,403,manifest,"Client error '403 ' for url 'https://openapiproext.bnf.fr/iiif/presentation/v3/ark:/12148/bd6t5129391j/manifest.json'
For more information check: https://developer.mozilla.org/en-US/docs/Web/HTTP/Status/403",2026-07-17T13:41:55.206310
francesoir,bd6t5129392x,,failed,0,0,,http_manifest,known,403,manifest,"Client error '403 ' for url 'https://openapiproext.bnf.fr/iiif/presentation/v3/ark:/12148/bd6t5129392x/manifest.json'
For more information check: https://developer.mozilla.org/en-US/docs/Web/HTTP/Status/403",2026-07-17T13:41:56.406557
francesoir,bd6t51293939,,failed,0,0,,http_manifest,known,403,manifest,"Client error '403 ' for url 'https://openapiproext.bnf.fr/iiif/presentation/v3/ark:/12148/bd6t51293939/manifest.json'
For more information check: https://developer.mozilla.org/en-US/docs/Web/HTTP/Status/403",2026-07-17T13:41:57.739550
francesoir,bd6t5129394p,,failed,0,0,,http_manifest,known,403,manifest,"Client error '403 ' for url 'https://openapiproext.bnf.fr/iiif/presentation/v3/ark:/12148/bd6t5129394p/manifest.json'
For more information check: https://developer.mozilla.org/en-US/docs/Web/HTTP/Status/403",2026-07-17T13:41:58.921937
francesoir,bd6t51293952,,failed,0,0,,http_manifest,known,403,manifest,"Client error '403 ' for url 'https://openapiproext.bnf.fr/iiif/presentation/v3/ark:/12148/bd6t51293952/manifest.json'
For more information check: https://developer.mozilla.org/en-US/docs/Web/HTTP/Status/403",2026-07-17T13:42:00.089241
francesoir,bd6t5129396f,,failed,0,0,,http_manifest,known,403,manifest,"Client error '403 ' for url 'https://openapiproext.bnf.fr/iiif/presentation/v3/ark:/12148/bd6t5129396f/manifest.json'
For more information check: https://developer.mozilla.org/en-US/docs/Web/HTTP/Status/403",2026-07-17T13:42:01.401530
francesoir,bd6t5129397t,,failed,0,0,,http_manifest,known,403,manifest,"Client error '403 ' for url 'https://openapiproext.bnf.fr/iiif/presentation/v3/ark:/12148/bd6t5129397t/manifest.json'
For more information check: https://developer.mozilla.org/en-US/docs/Web/HTTP/Status/403",2026-07-17T13:42:02.416902
francesoir,bd6t51293986,,failed,0,0,,http_manifest,known,403,manifest,"Client error '403 ' for url 'https://openapiproext.bnf.fr/iiif/presentation/v3/ark:/12148/bd6t51293986/manifest.json'
For more information check: https://developer.mozilla.org/en-US/docs/Web/HTTP/Status/403",2026-07-17T13:42:03.741766
francesoir,bd6t5129399k,,failed,0,0,,http_manifest,known,403,manifest,"Client error '403 ' for url 'https://openapiproext.bnf.fr/iiif/presentation/v3/ark:/12148/bd6t5129399k/manifest.json'
For more information check: https://developer.mozilla.org/en-US/docs/Web/HTTP/Status/403",2026-07-17T13:42:04.935942
francesoir,bd6t5129400c,,failed,0,0,,http_manifest,known,403,manifest,"Client error '403 ' for url 'https://openapiproext.bnf.fr/iiif/presentation/v3/ark:/12148/bd6t5129400c/manifest.json'
For more information check: https://developer.mozilla.org/en-US/docs/Web/HTTP/Status/403",2026-07-17T13:42:06.134174
francesoir,bd6t5129401r,,failed,0,0,,http_manifest,known,403,manifest,"Client error '403 ' for url 'https://openapiproext.bnf.fr/iiif/presentation/v3/ark:/12148/bd6t5129401r/manifest.json'
For more information check: https://developer.mozilla.org/en-US/docs/Web/HTTP/Status/403",2026-07-17T13:42:07.228219
francesoir,bd6t51294024,,failed,0,0,,http_manifest,known,403,manifest,"Client error '403 ' for url 'https://openapiproext.bnf.fr/iiif/presentation/v3/ark:/12148/bd6t51294024/manifest.json'
For more information check: https://developer.mozilla.org/en-US/docs/Web/HTTP/Status/403",2026-07-17T13:42:08.421058
francesoir,bd6t5129403h,,failed,0,0,,http_manifest,known,403,manifest,"Client error '403 ' for url 'https://openapiproext.bnf.fr/iiif/presentation/v3/ark:/12148/bd6t5129403h/manifest.json'
For more information check: https://developer.mozilla.org/en-US/docs/Web/HTTP/Status/403",2026-07-17T13:42:09.640087
francesoir,bd6t5129404w,,failed,0,0,,http_manifest,known,403,manifest,"Client error '403 ' for url 'https://openapiproext.bnf.fr/iiif/presentation/v3/ark:/12148/bd6t5129404w/manifest.json'
For more information check: https://developer.mozilla.org/en-US/docs/Web/HTTP/Status/403",2026-07-17T13:42:10.951761
francesoir,bd6t51294058,,failed,0,0,,http_manifest,known,403,manifest,"Client error '403 ' for url 'https://openapiproext.bnf.fr/iiif/presentation/v3/ark:/12148/bd6t51294058/manifest.json'
For more information check: https://developer.mozilla.org/en-US/docs/Web/HTTP/Status/403",2026-07-17T13:42:12.158419
francesoir,bd6t5129406n,,failed,0,0,,http_manifest,known,403,manifest,"Client error '403 ' for url 'https://openapiproext.bnf.fr/iiif/presentation/v3/ark:/12148/bd6t5129406n/manifest.json'
For more information check: https://developer.mozilla.org/en-US/docs/Web/HTTP/Status/403",2026-07-17T13:42:13.232186
francesoir,bd6t51294071,,failed,0,0,,http_manifest,known,403,manifest,"Client error '403 ' for url 'https://openapiproext.bnf.fr/iiif/presentation/v3/ark:/12148/bd6t51294071/manifest.json'
For more information check: https://developer.mozilla.org/en-US/docs/Web/HTTP/Status/403",2026-07-17T13:42:14.610155
francesoir,bd6t5129408d,,failed,0,0,,http_manifest,known,403,manifest,"Client error '403 ' for url 'https://openapiproext.bnf.fr/iiif/presentation/v3/ark:/12148/bd6t5129408d/manifest.json'
For more information check: https://developer.mozilla.org/en-US/docs/Web/HTTP/Status/403",2026-07-17T13:42:15.636326
francesoir,bd6t5129409s,,failed,0,0,,http_manifest,known,403,manifest,"Client error '403 ' for url 'https://openapiproext.bnf.fr/iiif/presentation/v3/ark:/12148/bd6t5129409s/manifest.json'
For more information check: https://developer.mozilla.org/en-US/docs/Web/HTTP/Status/403",2026-07-17T13:42:16.915177
francesoir,bd6t5129410q,,failed,0,0,,http_manifest,known,403,manifest,"Client error '403 ' for url 'https://openapiproext.bnf.fr/iiif/presentation/v3/ark:/12148/bd6t5129410q/manifest.json'
For more information check: https://developer.mozilla.org/en-US/docs/Web/HTTP/Status/403",2026-07-17T13:42:18.101736
francesoir,bd6t5129743t,,failed,0,0,,http_manifest,known,403,manifest,"Client error '403 ' for url 'https://openapiproext.bnf.fr/iiif/presentation/v3/ark:/12148/bd6t5129743t/manifest.json'
For more information check: https://developer.mozilla.org/en-US/docs/Web/HTTP/Status/403",2026-07-17T13:42:19.242596
francesoir,bd6t51294113,,failed,0,0,,http_manifest,known,403,manifest,"Client error '403 ' for url 'https://openapiproext.bnf.fr/iiif/presentation/v3/ark:/12148/bd6t51294113/manifest.json'
For more information check: https://developer.mozilla.org/en-US/docs/Web/HTTP/Status/403",2026-07-17T13:42:20.440738
francesoir,bd6t5129412g,,failed,0,0,,http_manifest,known,403,manifest,"Client error '403 ' for url 'https://openapiproext.bnf.fr/iiif/presentation/v3/ark:/12148/bd6t5129412g/manifest.json'
For more information check: https://developer.mozilla.org/en-US/docs/Web/HTTP/Status/403",2026-07-17T13:42:21.648150
francesoir,bd6t5129413v,,failed,0,0,,http_manifest,known,403,manifest,"Client error '403 ' for url 'https://openapiproext.bnf.fr/iiif/presentation/v3/ark:/12148/bd6t5129413v/manifest.json'
For more information check: https://developer.mozilla.org/en-US/docs/Web/HTTP/Status/403",2026-07-17T13:42:22.869227
francesoir,bd6t51294147,,failed,0,0,,http_manifest,known,403,manifest,"Client error '403 ' for url 'https://openapiproext.bnf.fr/iiif/presentation/v3/ark:/12148/bd6t51294147/manifest.json'
For more information check: https://developer.mozilla.org/en-US/docs/Web/HTTP/Status/403",2026-07-17T13:42:24.067501
francesoir,bd6t5129415m,,failed,0,0,,http_manifest,known,403,manifest,"Client error '403 ' for url 'https://openapiproext.bnf.fr/iiif/presentation/v3/ark:/12148/bd6t5129415m/manifest.json'
For more information check: https://developer.mozilla.org/en-US/docs/Web/HTTP/Status/403",2026-07-17T13:42:25.255935
francesoir,bd6t51294160,,failed,0,0,,http_manifest,known,403,manifest,"Client error '403 ' for url 'https://openapiproext.bnf.fr/iiif/presentation/v3/ark:/12148/bd6t51294160/manifest.json'
For more information check: https://developer.mozilla.org/en-US/docs/Web/HTTP/Status/403",2026-07-17T13:42:26.445802
francesoir,bd6t5129417c,,failed,0,0,,http_manifest,known,403,manifest,"Client error '403 ' for url 'https://openapiproext.bnf.fr/iiif/presentation/v3/ark:/12148/bd6t5129417c/manifest.json'
For more information check: https://developer.mozilla.org/en-US/docs/Web/HTTP/Status/403",2026-07-17T13:42:27.649924
francesoir,bd6t5129418r,,failed,0,0,,http_manifest,known,403,manifest,"Client error '403 ' for url 'https://openapiproext.bnf.fr/iiif/presentation/v3/ark:/12148/bd6t5129418r/manifest.json'
For more information check: https://developer.mozilla.org/en-US/docs/Web/HTTP/Status/403",2026-07-17T13:42:28.852825
francesoir,bd6t51294194,,failed,0,0,,http_manifest,known,403,manifest,"Client error '403 ' for url 'https://openapiproext.bnf.fr/iiif/presentation/v3/ark:/12148/bd6t51294194/manifest.json'
For more information check: https://developer.mozilla.org/en-US/docs/Web/HTTP/Status/403",2026-07-17T13:42:30.054021
francesoir,bd6t51294202,,failed,0,0,,http_manifest,known,403,manifest,"Client error '403 ' for url 'https://openapiproext.bnf.fr/iiif/presentation/v3/ark:/12148/bd6t51294202/manifest.json'
For more information check: https://developer.mozilla.org/en-US/docs/Web/HTTP/Status/403",2026-07-17T13:42:31.253563
francesoir,bd6t5129421f,,failed,0,0,,http_manifest,known,403,manifest,"Client error '403 ' for url 'https://openapiproext.bnf.fr/iiif/presentation/v3/ark:/12148/bd6t5129421f/manifest.json'
For more information check: https://developer.mozilla.org/en-US/docs/Web/HTTP/Status/403",2026-07-17T13:42:32.455308
francesoir,bd6t5129422t,,failed,0,0,,http_manifest,known,403,manifest,"Client error '403 ' for url 'https://openapiproext.bnf.fr/iiif/presentation/v3/ark:/12148/bd6t5129422t/manifest.json'
For more information check: https://developer.mozilla.org/en-US/docs/Web/HTTP/Status/403",2026-07-17T13:42:33.656974
francesoir,bd6t51294236,,failed,0,0,,http_manifest,known,403,manifest,"Client error '403 ' for url 'https://openapiproext.bnf.fr/iiif/presentation/v3/ark:/12148/bd6t51294236/manifest.json'
For more information check: https://developer.mozilla.org/en-US/docs/Web/HTTP/Status/403",2026-07-17T13:42:34.882672
francesoir,bd6t5129319t,,failed,0,0,,http_manifest,known,403,manifest,"Client error '403 ' for url 'https://openapiproext.bnf.fr/iiif/presentation/v3/ark:/12148/bd6t5129319t/manifest.json'
For more information check: https://developer.mozilla.org/en-US/docs/Web/HTTP/Status/403",2026-07-17T13:42:36.077117
francesoir,bd6t5129320r,,failed,0,0,,http_manifest,known,403,manifest,"Client error '403 ' for url 'https://openapiproext.bnf.fr/iiif/presentation/v3/ark:/12148/bd6t5129320r/manifest.json'
For more information check: https://developer.mozilla.org/en-US/docs/Web/HTTP/Status/403",2026-07-17T13:42:37.259639
francesoir,bd6t51293214,,failed,0,0,,http_manifest,known,403,manifest,"Client error '403 ' for url 'https://openapiproext.bnf.fr/iiif/presentation/v3/ark:/12148/bd6t51293214/manifest.json'
For more information check: https://developer.mozilla.org/en-US/docs/Web/HTTP/Status/403",2026-07-17T13:42:38.460395
francesoir,bd6t5129322h,,failed,0,0,,http_manifest,known,403,manifest,"Client error '403 ' for url 'https://openapiproext.bnf.fr/iiif/presentation/v3/ark:/12148/bd6t5129322h/manifest.json'
For more information check: https://developer.mozilla.org/en-US/docs/Web/HTTP/Status/403",2026-07-17T13:42:39.662991
francesoir,bd6t5129323w,,failed,0,0,,http_manifest,known,403,manifest,"Client error '403 ' for url 'https://openapiproext.bnf.fr/iiif/presentation/v3/ark:/12148/bd6t5129323w/manifest.json'
For more information check: https://developer.mozilla.org/en-US/docs/Web/HTTP/Status/403",2026-07-17T13:42:40.864370
francesoir,bd6t51293248,,failed,0,0,,http_manifest,known,403,manifest,"Client error '403 ' for url 'https://openapiproext.bnf.fr/iiif/presentation/v3/ark:/12148/bd6t51293248/manifest.json'
For more information check: https://developer.mozilla.org/en-US/docs/Web/HTTP/Status/403",2026-07-17T13:42:42.065929
francesoir,bd6t5129325n,,failed,0,0,,http_manifest,known,403,manifest,"Client error '403 ' for url 'https://openapiproext.bnf.fr/iiif/presentation/v3/ark:/12148/bd6t5129325n/manifest.json'
For more information check: https://developer.mozilla.org/en-US/docs/Web/HTTP/Status/403",2026-07-17T13:42:43.268441
francesoir,bd6t51293261,,failed,0,0,,http_manifest,known,403,manifest,"Client error '403 ' for url 'https://openapiproext.bnf.fr/iiif/presentation/v3/ark:/12148/bd6t51293261/manifest.json'
For more information check: https://developer.mozilla.org/en-US/docs/Web/HTTP/Status/403",2026-07-17T13:42:44.469279
francesoir,bd6t5129327d,,failed,0,0,,http_manifest,known,403,manifest,"Client error '403 ' for url 'https://openapiproext.bnf.fr/iiif/presentation/v3/ark:/12148/bd6t5129327d/manifest.json'
For more information check: https://developer.mozilla.org/en-US/docs/Web/HTTP/Status/403",2026-07-17T13:42:45.673422
francesoir,bd6t5129328s,,failed,0,0,,http_manifest,known,403,manifest,"Client error '403 ' for url 'https://openapiproext.bnf.fr/iiif/presentation/v3/ark:/12148/bd6t5129328s/manifest.json'
For more information check: https://developer.mozilla.org/en-US/docs/Web/HTTP/Status/403",2026-07-17T13:42:46.897508
francesoir,bd6t51293295,,failed,0,0,,http_manifest,known,403,manifest,"Client error '403 ' for url 'https://openapiproext.bnf.fr/iiif/presentation/v3/ark:/12148/bd6t51293295/manifest.json'
For more information check: https://developer.mozilla.org/en-US/docs/Web/HTTP/Status/403",2026-07-17T13:42:48.082132
francesoir,bd6t51293303,,failed,0,0,,http_manifest,known,403,manifest,"Client error '403 ' for url 'https://openapiproext.bnf.fr/iiif/presentation/v3/ark:/12148/bd6t51293303/manifest.json'
For more information check: https://developer.mozilla.org/en-US/docs/Web/HTTP/Status/403",2026-07-17T13:42:49.273921
francesoir,bd6t5129331g,,failed,0,0,,http_manifest,known,403,manifest,"Client error '403 ' for url 'https://openapiproext.bnf.fr/iiif/presentation/v3/ark:/12148/bd6t5129331g/manifest.json'
For more information check: https://developer.mozilla.org/en-US/docs/Web/HTTP/Status/403",2026-07-17T13:42:50.475699
francesoir,bd6t5129332v,,failed,0,0,,http_manifest,known,403,manifest,"Client error '403 ' for url 'https://openapiproext.bnf.fr/iiif/presentation/v3/ark:/12148/bd6t5129332v/manifest.json'
For more information check: https://developer.mozilla.org/en-US/docs/Web/HTTP/Status/403",2026-07-17T13:42:51.678454
francesoir,bd6t51293337,,failed,0,0,,http_manifest,known,403,manifest,"Client error '403 ' for url 'https://openapiproext.bnf.fr/iiif/presentation/v3/ark:/12148/bd6t51293337/manifest.json'
For more information check: https://developer.mozilla.org/en-US/docs/Web/HTTP/Status/403",2026-07-17T13:42:52.895359
francesoir,bd6t5129334m,,failed,0,0,,http_manifest,known,403,manifest,"Client error '403 ' for url 'https://openapiproext.bnf.fr/iiif/presentation/v3/ark:/12148/bd6t5129334m/manifest.json'
For more information check: https://developer.mozilla.org/en-US/docs/Web/HTTP/Status/403",2026-07-17T13:42:54.078677
francesoir,bd6t51293350,,failed,0,0,,http_manifest,known,403,manifest,"Client error '403 ' for url 'https://openapiproext.bnf.fr/iiif/presentation/v3/ark:/12148/bd6t51293350/manifest.json'
For more information check: https://developer.mozilla.org/en-US/docs/Web/HTTP/Status/403",2026-07-17T13:42:55.283220
francesoir,bd6t5129336c,,failed,0,0,,http_manifest,known,403,manifest,"Client error '403 ' for url 'https://openapiproext.bnf.fr/iiif/presentation/v3/ark:/12148/bd6t5129336c/manifest.json'
For more information check: https://developer.mozilla.org/en-US/docs/Web/HTTP/Status/403",2026-07-17T13:42:56.480938
francesoir,bd6t5129337r,,failed,0,0,,http_manifest,known,403,manifest,"Client error '403 ' for url 'https://openapiproext.bnf.fr/iiif/presentation/v3/ark:/12148/bd6t5129337r/manifest.json'
For more information check: https://developer.mozilla.org/en-US/docs/Web/HTTP/Status/403",2026-07-17T13:42:57.797773
francesoir,bd6t51293384,,failed,0,0,,http_manifest,known,403,manifest,"Client error '403 ' for url 'https://openapiproext.bnf.fr/iiif/presentation/v3/ark:/12148/bd6t51293384/manifest.json'
For more information check: https://developer.mozilla.org/en-US/docs/Web/HTTP/Status/403",2026-07-17T13:42:59.001951
francesoir,bd6t5129339h,,failed,0,0,,http_manifest,known,403,manifest,"Client error '403 ' for url 'https://openapiproext.bnf.fr/iiif/presentation/v3/ark:/12148/bd6t5129339h/manifest.json'
For more information check: https://developer.mozilla.org/en-US/docs/Web/HTTP/Status/403",2026-07-17T13:43:00.094366
francesoir,bd6t5129340f,,failed,0,0,,http_manifest,known,403,manifest,"Client error '403 ' for url 'https://openapiproext.bnf.fr/iiif/presentation/v3/ark:/12148/bd6t5129340f/manifest.json'
For more information check: https://developer.mozilla.org/en-US/docs/Web/HTTP/Status/403",2026-07-17T13:43:01.455568
francesoir,bd6t5129341t,,failed,0,0,,http_manifest,known,403,manifest,"Client error '403 ' for url 'https://openapiproext.bnf.fr/iiif/presentation/v3/ark:/12148/bd6t5129341t/manifest.json'
For more information check: https://developer.mozilla.org/en-US/docs/Web/HTTP/Status/403",2026-07-17T13:43:02.495930
francesoir,bd6t51293426,,failed,0,0,,http_manifest,known,403,manifest,"Client error '403 ' for url 'https://openapiproext.bnf.fr/iiif/presentation/v3/ark:/12148/bd6t51293426/manifest.json'
For more information check: https://developer.mozilla.org/en-US/docs/Web/HTTP/Status/403",2026-07-17T13:43:03.693979
francesoir,bd6t5129343k,,failed,0,0,,http_manifest,known,403,manifest,"Client error '403 ' for url 'https://openapiproext.bnf.fr/iiif/presentation/v3/ark:/12148/bd6t5129343k/manifest.json'
For more information check: https://developer.mozilla.org/en-US/docs/Web/HTTP/Status/403",2026-07-17T13:43:05.073266
francesoir,bd6t5129344z,,failed,0,0,,http_manifest,known,403,manifest,"Client error '403 ' for url 'https://openapiproext.bnf.fr/iiif/presentation/v3/ark:/12148/bd6t5129344z/manifest.json'
For more information check: https://developer.mozilla.org/en-US/docs/Web/HTTP/Status/403",2026-07-17T13:43:06.264769
francesoir,bd6t5129345b,,failed,0,0,,http_manifest,known,403,manifest,"Client error '403 ' for url 'https://openapiproext.bnf.fr/iiif/presentation/v3/ark:/12148/bd6t5129345b/manifest.json'
For more information check: https://developer.mozilla.org/en-US/docs/Web/HTTP/Status/403",2026-07-17T13:43:07.301010
francesoir,bd6t5129346q,,failed,0,0,,http_manifest,known,403,manifest,"Client error '403 ' for url 'https://openapiproext.bnf.fr/iiif/presentation/v3/ark:/12148/bd6t5129346q/manifest.json'
For more information check: https://developer.mozilla.org/en-US/docs/Web/HTTP/Status/403",2026-07-17T13:43:08.507749
francesoir,bd6t51293473,,failed,0,0,,http_manifest,known,403,manifest,"Client error '403 ' for url 'https://openapiproext.bnf.fr/iiif/presentation/v3/ark:/12148/bd6t51293473/manifest.json'
For more information check: https://developer.mozilla.org/en-US/docs/Web/HTTP/Status/403",2026-07-17T13:43:09.777616
francesoir,bd6t5129348g,,failed,0,0,,http_manifest,known,403,manifest,"Client error '403 ' for url 'https://openapiproext.bnf.fr/iiif/presentation/v3/ark:/12148/bd6t5129348g/manifest.json'
For more information check: https://developer.mozilla.org/en-US/docs/Web/HTTP/Status/403",2026-07-17T13:43:10.906348
francesoir,bd6t5129349v,,failed,0,0,,http_manifest,known,403,manifest,"Client error '403 ' for url 'https://openapiproext.bnf.fr/iiif/presentation/v3/ark:/12148/bd6t5129349v/manifest.json'
For more information check: https://developer.mozilla.org/en-US/docs/Web/HTTP/Status/403",2026-07-17T13:43:12.283648
francesoir,bd6t5129350s,,failed,0,0,,http_manifest,known,403,manifest,"Client error '403 ' for url 'https://openapiproext.bnf.fr/iiif/presentation/v3/ark:/12148/bd6t5129350s/manifest.json'
For more information check: https://developer.mozilla.org/en-US/docs/Web/HTTP/Status/403",2026-07-17T13:43:13.461898
francesoir,bd6t51293515,,failed,0,0,,http_manifest,known,403,manifest,"Client error '403 ' for url 'https://openapiproext.bnf.fr/iiif/presentation/v3/ark:/12148/bd6t51293515/manifest.json'
For more information check: https://developer.mozilla.org/en-US/docs/Web/HTTP/Status/403",2026-07-17T13:43:14.511412
francesoir,bd6t5129352j,,failed,0,0,,http_manifest,known,403,manifest,"Client error '403 ' for url 'https://openapiproext.bnf.fr/iiif/presentation/v3/ark:/12148/bd6t5129352j/manifest.json'
For more information check: https://developer.mozilla.org/en-US/docs/Web/HTTP/Status/403",2026-07-17T13:43:15.802114
francesoir,bd6t5129353x,,failed,0,0,,http_manifest,known,403,manifest,"Client error '403 ' for url 'https://openapiproext.bnf.fr/iiif/presentation/v3/ark:/12148/bd6t5129353x/manifest.json'
For more information check: https://developer.mozilla.org/en-US/docs/Web/HTTP/Status/403",2026-07-17T13:43:17.086400
francesoir,bd6t51293549,,failed,0,0,,http_manifest,known,403,manifest,"Client error '403 ' for url 'https://openapiproext.bnf.fr/iiif/presentation/v3/ark:/12148/bd6t51293549/manifest.json'
For more information check: https://developer.mozilla.org/en-US/docs/Web/HTTP/Status/403",2026-07-17T13:43:18.568081
francesoir,bd6t5129355p,,failed,0,0,,http_manifest,known,403,manifest,"Client error '403 ' for url 'https://openapiproext.bnf.fr/iiif/presentation/v3/ark:/12148/bd6t5129355p/manifest.json'
For more information check: https://developer.mozilla.org/en-US/docs/Web/HTTP/Status/403",2026-07-17T13:43:19.328287
francesoir,bd6t51293562,,failed,0,0,,http_manifest,known,403,manifest,"Client error '403 ' for url 'https://openapiproext.bnf.fr/iiif/presentation/v3/ark:/12148/bd6t51293562/manifest.json'
For more information check: https://developer.mozilla.org/en-US/docs/Web/HTTP/Status/403",2026-07-17T13:43:20.524851
francesoir,bd6t5129357f,,failed,0,0,,http_manifest,known,403,manifest,"Client error '403 ' for url 'https://openapiproext.bnf.fr/iiif/presentation/v3/ark:/12148/bd6t5129357f/manifest.json'
For more information check: https://developer.mozilla.org/en-US/docs/Web/HTTP/Status/403",2026-07-17T13:43:21.718382
francesoir,bd6t5129358t,,failed,0,0,,http_manifest,known,403,manifest,"Client error '403 ' for url 'https://openapiproext.bnf.fr/iiif/presentation/v3/ark:/12148/bd6t5129358t/manifest.json'
For more information check: https://developer.mozilla.org/en-US/docs/Web/HTTP/Status/403",2026-07-17T13:43:22.943382
francesoir,bd6t51293596,,failed,0,0,,http_manifest,known,403,manifest,"Client error '403 ' for url 'https://openapiproext.bnf.fr/iiif/presentation/v3/ark:/12148/bd6t51293596/manifest.json'
For more information check: https://developer.mozilla.org/en-US/docs/Web/HTTP/Status/403",2026-07-17T13:43:24.122560
francesoir,bd6t51293604,,failed,0,0,,http_manifest,known,403,manifest,"Client error '403 ' for url 'https://openapiproext.bnf.fr/iiif/presentation/v3/ark:/12148/bd6t51293604/manifest.json'
For more information check: https://developer.mozilla.org/en-US/docs/Web/HTTP/Status/403",2026-07-17T13:43:25.333174
francesoir,bd6t5129361h,,failed,0,0,,http_manifest,known,403,manifest,"Client error '403 ' for url 'https://openapiproext.bnf.fr/iiif/presentation/v3/ark:/12148/bd6t5129361h/manifest.json'
For more information check: https://developer.mozilla.org/en-US/docs/Web/HTTP/Status/403",2026-07-17T13:43:26.525910
francesoir,bd6t5129362w,,failed,0,0,,http_manifest,known,403,manifest,"Client error '403 ' for url 'https://openapiproext.bnf.fr/iiif/presentation/v3/ark:/12148/bd6t5129362w/manifest.json'
For more information check: https://developer.mozilla.org/en-US/docs/Web/HTTP/Status/403",2026-07-17T13:43:27.728955
francesoir,bd6t51293638,,failed,0,0,,http_manifest,known,403,manifest,"Client error '403 ' for url 'https://openapiproext.bnf.fr/iiif/presentation/v3/ark:/12148/bd6t51293638/manifest.json'
For more information check: https://developer.mozilla.org/en-US/docs/Web/HTTP/Status/403",2026-07-17T13:43:28.928619
francesoir,bd6t5129364n,,failed,0,0,,http_manifest,known,403,manifest,"Client error '403 ' for url 'https://openapiproext.bnf.fr/iiif/presentation/v3/ark:/12148/bd6t5129364n/manifest.json'
For more information check: https://developer.mozilla.org/en-US/docs/Web/HTTP/Status/403",2026-07-17T13:43:30.130699
francesoir,bd6t51293651,,failed,0,0,,http_manifest,known,403,manifest,"Client error '403 ' for url 'https://openapiproext.bnf.fr/iiif/presentation/v3/ark:/12148/bd6t51293651/manifest.json'
For more information check: https://developer.mozilla.org/en-US/docs/Web/HTTP/Status/403",2026-07-17T13:43:31.332131
francesoir,bd6t5129366d,,failed,0,0,,http_manifest,known,403,manifest,"Client error '403 ' for url 'https://openapiproext.bnf.fr/iiif/presentation/v3/ark:/12148/bd6t5129366d/manifest.json'
For more information check: https://developer.mozilla.org/en-US/docs/Web/HTTP/Status/403",2026-07-17T13:43:32.535998
francesoir,bd6t5129367s,,failed,0,0,,http_manifest,known,403,manifest,"Client error '403 ' for url 'https://openapiproext.bnf.fr/iiif/presentation/v3/ark:/12148/bd6t5129367s/manifest.json'
For more information check: https://developer.mozilla.org/en-US/docs/Web/HTTP/Status/403",2026-07-17T13:43:33.736569
francesoir,bd6t51293685,,failed,0,0,,http_manifest,known,403,manifest,"Client error '403 ' for url 'https://openapiproext.bnf.fr/iiif/presentation/v3/ark:/12148/bd6t51293685/manifest.json'
For more information check: https://developer.mozilla.org/en-US/docs/Web/HTTP/Status/403",2026-07-17T13:43:34.936386
francesoir,bd6t5129369j,,failed,0,0,,http_manifest,known,403,manifest,"Client error '403 ' for url 'https://openapiproext.bnf.fr/iiif/presentation/v3/ark:/12148/bd6t5129369j/manifest.json'
For more information check: https://developer.mozilla.org/en-US/docs/Web/HTTP/Status/403",2026-07-17T13:43:36.140667
francesoir,bd6t5129370g,,failed,0,0,,http_manifest,known,403,manifest,"Client error '403 ' for url 'https://openapiproext.bnf.fr/iiif/presentation/v3/ark:/12148/bd6t5129370g/manifest.json'
For more information check: https://developer.mozilla.org/en-US/docs/Web/HTTP/Status/403",2026-07-17T13:43:37.339943
nyherald,bd6t530457,,failed,0,0,,no_usable_pages,known,,,bd6t530457: no usable pages in manifest.,2026-07-17T13:43:37.798652
nyherald,bd6t53046j,,failed,0,0,,no_usable_pages,known,,,bd6t53046j: no usable pages in manifest.,2026-07-17T13:43:38.017536
nyherald,bd6t530485,,failed,0,0,,no_usable_pages,known,,,bd6t530485: no usable pages in manifest.,2026-07-17T13:43:38.186275
nyherald,bd6t53050z,,failed,0,0,,no_usable_pages,known,,,bd6t53050z: no usable pages in manifest.,2026-07-17T13:43:38.359585
nyherald,bd6t530518,,failed,0,0,,no_usable_pages,known,,,bd6t530518: no usable pages in manifest.,2026-07-17T13:43:38.553331
nyherald,bd6t53053w,,failed,0,0,,no_usable_pages,known,,,bd6t53053w: no usable pages in manifest.,2026-07-17T13:43:39.005930
nyherald,bd6t530546,,failed,0,0,,no_usable_pages,known,,,bd6t530546: no usable pages in manifest.,2026-07-17T13:43:39.173753
nyherald,bd6t53055h,,failed,0,0,,no_usable_pages,known,,,bd6t53055h: no usable pages in manifest.,2026-07-17T13:43:39.364545
nyherald,bd6t53056t,,failed,0,0,,no_usable_pages,known,,,bd6t53056t: no usable pages in manifest.,2026-07-17T13:43:39.586381
nyherald,bd6t530574,,failed,0,0,,no_usable_pages,known,,,bd6t530574: no usable pages in manifest.,2026-07-17T13:43:39.844532
nyherald,bd6t53058f,,failed,0,0,,no_usable_pages,known,,,bd6t53058f: no usable pages in manifest.,2026-07-17T13:43:40.056325
nyherald,bd6t53059r,,failed,0,0,,no_usable_pages,known,,,bd6t53059r: no usable pages in manifest.,2026-07-17T13:43:40.188180
nyherald,bd6t530607,,failed,0,0,,no_usable_pages,known,,,bd6t530607: no usable pages in manifest.,2026-07-17T13:43:40.373880
nyherald,bd6t53062v,,failed,0,0,,no_usable_pages,known,,,bd6t53062v: no usable pages in manifest.,2026-07-17T13:43:40.517879
nyherald,bd6t530635,,failed,0,0,,no_usable_pages,known,,,bd6t530635: no usable pages in manifest.,2026-07-17T13:43:40.702046
nyherald,bd6t53064g,,failed,0,0,,no_usable_pages,known,,,bd6t53064g: no usable pages in manifest.,2026-07-17T13:43:41.063691
nyherald,bd6t53065s,,failed,0,0,,no_usable_pages,known,,,bd6t53065s: no usable pages in manifest.,2026-07-17T13:43:41.329657
nyherald,bd6t530663,,failed,0,0,,no_usable_pages,known,,,bd6t530663: no usable pages in manifest.,2026-07-17T13:43:41.555438
nyherald,bd6t53067d,,failed,0,0,,no_usable_pages,known,,,bd6t53067d: no usable pages in manifest.,2026-07-17T13:43:41.780103
nyherald,bd6t53068q,,failed,0,0,,no_usable_pages,known,,,bd6t53068q: no usable pages in manifest.,2026-07-17T13:43:42.066050
nyherald,bd6t530691,,failed,0,0,,no_usable_pages,known,,,bd6t530691: no usable pages in manifest.,2026-07-17T13:43:42.343567
nyherald,bd6t53070h,,failed,0,0,,no_usable_pages,known,,,bd6t53070h: no usable pages in manifest.,2026-07-17T13:43:42.588997
nyherald,bd6t51767p,,failed,0,0,,no_usable_pages,known,,,bd6t51767p: no usable pages in manifest.,2026-07-17T13:43:42.773849
nyherald,bd6t517680,,failed,0,0,,no_usable_pages,known,,,bd6t517680: no usable pages in manifest.,2026-07-17T13:43:43.151851
nyherald,bd6t517713,,failed,0,0,,no_usable_pages,known,,,bd6t517713: no usable pages in manifest.,2026-07-17T13:43:43.344675
nyherald,bd6t517741,,failed,0,0,,no_usable_pages,known,,,bd6t517741: no usable pages in manifest.,2026-07-17T13:43:43.533413
nyherald,bd6t51775b,,failed,0,0,,no_usable_pages,known,,,bd6t51775b: no usable pages in manifest.,2026-07-17T13:43:43.708462
nyherald,bd6t51776n,,failed,0,0,,no_usable_pages,known,,,bd6t51776n: no usable pages in manifest.,2026-07-17T13:43:43.946904
nyherald,bd6t51777z,,failed,0,0,,no_usable_pages,known,,,bd6t51777z: no usable pages in manifest.,2026-07-17T13:43:44.352015
nyherald,bd6t517788,,failed,0,0,,no_usable_pages,known,,,bd6t517788: no usable pages in manifest.,2026-07-17T13:43:44.542530
nyherald,bd6t51779k,,failed,0,0,,no_usable_pages,known,,,bd6t51779k: no usable pages in manifest.,2026-07-17T13:43:44.742321
nyherald,bd6t51781c,,failed,0,0,,no_usable_pages,known,,,bd6t51781c: no usable pages in manifest.,2026-07-17T13:43:44.943234
nyherald,bd6t51782p,,failed,0,0,,no_usable_pages,known,,,bd6t51782p: no usable pages in manifest.,2026-07-17T13:43:45.204696
nyherald,bd6t517830,,failed,0,0,,no_usable_pages,known,,,bd6t517830: no usable pages in manifest.,2026-07-17T13:43:45.482816
nyherald,bd6t517849,,failed,0,0,,no_usable_pages,known,,,bd6t517849: no usable pages in manifest.,2026-07-17T13:43:45.703753
nyherald,bd6t51786x,,failed,0,0,,no_usable_pages,known,,,bd6t51786x: no usable pages in manifest.,2026-07-17T13:43:45.964094
nyherald,bd6t51790b,,failed,0,0,,no_usable_pages,known,,,bd6t51790b: no usable pages in manifest.,2026-07-17T13:43:46.178978
nyherald,bd6t51791n,,failed,0,0,,no_usable_pages,known,,,bd6t51791n: no usable pages in manifest.,2026-07-17T13:43:46.417567
nyherald,bd6t51962m,,failed,0,0,,no_usable_pages,known,,,bd6t51962m: no usable pages in manifest.,2026-07-17T13:43:46.662479
nyherald,bd6t51963x,,failed,0,0,,no_usable_pages,known,,,bd6t51963x: no usable pages in manifest.,2026-07-17T13:43:47.206113
nyherald,bd6t519647,,failed,0,0,,no_usable_pages,known,,,bd6t519647: no usable pages in manifest.,2026-07-17T13:43:47.903734
nyherald,bd6t51966v,,failed,0,0,,no_usable_pages,known,,,bd6t51966v: no usable pages in manifest.,2026-07-17T13:43:48.590709
nyherald,bd6t519675,,failed,0,0,,no_usable_pages,known,,,bd6t519675: no usable pages in manifest.,2026-07-17T13:43:49.180265
nyherald,bd6t51968g,,failed,0,0,,no_usable_pages,known,,,bd6t51968g: no usable pages in manifest.,2026-07-17T13:43:50.017342
nyherald,bd6t51969s,,failed,0,0,,no_usable_pages,known,,,bd6t51969s: no usable pages in manifest.,2026-07-17T13:43:50.765768
nyherald,bd6t519708,,failed,0,0,,no_usable_pages,known,,,bd6t519708: no usable pages in manifest.,2026-07-17T13:43:51.315548
nyherald,bd6t51971k,,failed,0,0,,no_usable_pages,known,,,bd6t51971k: no usable pages in manifest.,2026-07-17T13:43:51.870491
nyherald,bd6t51972w,,failed,0,0,,no_usable_pages,known,,,bd6t51972w: no usable pages in manifest.,2026-07-17T13:43:52.016011
nyherald,bd6t519736,,failed,0,0,,no_usable_pages,known,,,bd6t519736: no usable pages in manifest.,2026-07-17T13:43:52.189554
nyherald,bd6t51974h,,failed,0,0,,no_usable_pages,known,,,bd6t51974h: no usable pages in manifest.,2026-07-17T13:43:52.313296
nyherald,bd6t51975t,,failed,0,0,,no_usable_pages,known,,,bd6t51975t: no usable pages in manifest.,2026-07-17T13:43:52.476949
nyherald,bd6t519764,,failed,0,0,,no_usable_pages,known,,,bd6t519764: no usable pages in manifest.,2026-07-17T13:43:52.595323
nyherald,bd6t51977f,,failed,0,0,,no_usable_pages,known,,,bd6t51977f: no usable pages in manifest.,2026-07-17T13:43:52.746610
nyherald,bd6t51978r,,failed,0,0,,no_usable_pages,known,,,bd6t51978r: no usable pages in manifest.,2026-07-17T13:43:52.985916
nyherald,bd6t519792,,failed,0,0,,no_usable_pages,known,,,bd6t519792: no usable pages in manifest.,2026-07-17T13:43:53.209760
nyherald,bd6t51980j,,failed,0,0,,no_usable_pages,known,,,bd6t51980j: no usable pages in manifest.,2026-07-17T13:43:53.714003
nyherald,bd6t51981v,,failed,0,0,,no_usable_pages,known,,,bd6t51981v: no usable pages in manifest.,2026-07-17T13:43:54.950540
nyherald,bd6t51983g,,failed,0,0,,no_usable_pages,known,,,bd6t51983g: no usable pages in manifest.,2026-07-17T13:43:55.399190
nyherald,bd6t51984s,,failed,0,0,,no_usable_pages,known,,,bd6t51984s: no usable pages in manifest.,2026-07-17T13:43:55.560596
nyherald,bd6t519853,,failed,0,0,,no_usable_pages,known,,,bd6t519853: no usable pages in manifest.,2026-07-17T13:43:55.857902
nyherald,bd6t51986d,,failed,0,0,,no_usable_pages,known,,,bd6t51986d: no usable pages in manifest.,2026-07-17T13:43:56.106547
nyherald,bd6t51987q,,failed,0,0,,no_usable_pages,known,,,bd6t51987q: no usable pages in manifest.,2026-07-17T13:43:56.275286
nyherald,bd6t523893,,failed,0,0,,no_usable_pages,known,,,bd6t523893: no usable pages in manifest.,2026-07-17T13:43:56.433739
nyherald,bd6t52391w,,failed,0,0,,no_usable_pages,known,,,bd6t52391w: no usable pages in manifest.,2026-07-17T13:43:56.627571
nyherald,bd6t523926,,failed,0,0,,no_usable_pages,known,,,bd6t523926: no usable pages in manifest.,2026-07-17T13:43:56.966040
nyherald,bd6t52393h,,failed,0,0,,no_usable_pages,known,,,bd6t52393h: no usable pages in manifest.,2026-07-17T13:43:57.146095
nyherald,bd6t52394t,,failed,0,0,,no_usable_pages,known,,,bd6t52394t: no usable pages in manifest.,2026-07-17T13:43:57.413107
nyherald,bd6t523954,,failed,0,0,,no_usable_pages,known,,,bd6t523954: no usable pages in manifest.,2026-07-17T13:43:57.598323
nyherald,bd6t52396f,,failed,0,0,,no_usable_pages,known,,,bd6t52396f: no usable pages in manifest.,2026-07-17T13:43:57.792846
nyherald,bd6t52397r,,failed,0,0,,no_usable_pages,known,,,bd6t52397r: no usable pages in manifest.,2026-07-17T13:43:57.991816
nyherald,bd6t52400b,,failed,0,0,,no_usable_pages,known,,,bd6t52400b: no usable pages in manifest.,2026-07-17T13:43:58.138676
nyherald,bd6t52401n,,failed,0,0,,no_usable_pages,known,,,bd6t52401n: no usable pages in manifest.,2026-07-17T13:43:58.343181
nyherald,bd6t524038,,failed,0,0,,no_usable_pages,known,,,bd6t524038: no usable pages in manifest.,2026-07-17T13:43:58.615144
nyherald,bd6t52404k,,failed,0,0,,no_usable_pages,known,,,bd6t52404k: no usable pages in manifest.,2026-07-17T13:43:58.802550
nyherald,bd6t524066,,failed,0,0,,no_usable_pages,known,,,bd6t524066: no usable pages in manifest.,2026-07-17T13:43:59.372069
nyherald,bd6t52407h,,failed,0,0,,no_usable_pages,known,,,bd6t52407h: no usable pages in manifest.,2026-07-17T13:43:59.621989
nyherald,bd6t52408t,,failed,0,0,,no_usable_pages,known,,,bd6t52408t: no usable pages in manifest.,2026-07-17T13:43:59.884757
nyherald,bd6t524094,,failed,0,0,,no_usable_pages,known,,,bd6t524094: no usable pages in manifest.,2026-07-17T13:44:00.158903
nyherald,bd6t52411x,,failed,0,0,,no_usable_pages,known,,,bd6t52411x: no usable pages in manifest.,2026-07-17T13:44:00.379457
nyherald,bd6t519365r,,failed,0,0,,no_usable_pages,known,,,bd6t519365r: no usable pages in manifest.,2026-07-17T13:44:00.552777
nyherald,bd6t5193663,,failed,0,0,,no_usable_pages,known,,,bd6t5193663: no usable pages in manifest.,2026-07-17T13:44:00.748630
nyherald,bd6t519367f,,failed,0,0,,no_usable_pages,known,,,bd6t519367f: no usable pages in manifest.,2026-07-17T13:44:01.004404
nyherald,bd6t5193694,,failed,0,0,,no_usable_pages,known,,,bd6t5193694: no usable pages in manifest.,2026-07-17T13:44:01.279825
nyherald,bd6t519370b,,failed,0,0,,no_usable_pages,known,,,bd6t519370b: no usable pages in manifest.,2026-07-17T13:44:01.549413
nyherald,bd6t519371p,,failed,0,0,,no_usable_pages,known,,,bd6t519371p: no usable pages in manifest.,2026-07-17T13:44:01.803710
nyherald,bd6t5193721,,failed,0,0,,no_usable_pages,known,,,bd6t5193721: no usable pages in manifest.,2026-07-17T13:44:01.928717
nyherald,bd6t519373c,,failed,0,0,,no_usable_pages,known,,,bd6t519373c: no usable pages in manifest.,2026-07-17T13:44:02.231965
nyherald,bd6t519374q,,failed,0,0,,no_usable_pages,known,,,bd6t519374q: no usable pages in manifest.,2026-07-17T13:44:02.429508
nyherald,bd6t5193752,,failed,0,0,,no_usable_pages,known,,,bd6t5193752: no usable pages in manifest.,2026-07-17T13:44:02.625260
nyherald,bd6t519376d,,failed,0,0,,no_usable_pages,known,,,bd6t519376d: no usable pages in manifest.,2026-07-17T13:44:02.902606
nyherald,bd6t519377r,,failed,0,0,,no_usable_pages,known,,,bd6t519377r: no usable pages in manifest.,2026-07-17T13:44:03.131194
nyherald,bd6t518136c,,failed,0,0,,no_usable_pages,known,,,bd6t518136c: no usable pages in manifest.,2026-07-17T13:44:03.372834
nyherald,bd6t518137q,,failed,0,0,,no_usable_pages,known,,,bd6t518137q: no usable pages in manifest.,2026-07-17T13:44:03.849003
nyherald,bd6t5181382,,failed,0,0,,no_usable_pages,known,,,bd6t5181382: no usable pages in manifest.,2026-07-17T13:44:04.329164
nyherald,bd6t518140m,,failed,0,0,,no_usable_pages,known,,,bd6t518140m: no usable pages in manifest.,2026-07-17T13:44:04.565494
nyherald,bd6t518141z,,failed,0,0,,no_usable_pages,known,,,bd6t518141z: no usable pages in manifest.,2026-07-17T13:44:04.894471
nyherald,bd6t5181429,,failed,0,0,,no_usable_pages,known,,,bd6t5181429: no usable pages in manifest.,2026-07-17T13:44:05.123162
nyherald,bd6t518143n,,failed,0,0,,no_usable_pages,known,,,bd6t518143n: no usable pages in manifest.,2026-07-17T13:44:05.278955
nyherald,bd6t5181440,,failed,0,0,,no_usable_pages,known,,,bd6t5181440: no usable pages in manifest.,2026-07-17T13:44:05.520135
nyherald,bd6t518145b,,failed,0,0,,no_usable_pages,known,,,bd6t518145b: no usable pages in manifest.,2026-07-17T13:44:05.686087
nyherald,bd6t518146p,,failed,0,0,,no_usable_pages,known,,,bd6t518146p: no usable pages in manifest.,2026-07-17T13:44:06.006568
nyherald,bd6t5181471,,failed,0,0,,no_usable_pages,known,,,bd6t5181471: no usable pages in manifest.,2026-07-17T13:44:06.339530
nyherald,bd6t518148c,,failed,0,0,,no_usable_pages,known,,,bd6t518148c: no usable pages in manifest.,2026-07-17T13:44:06.638526
nyherald,bd6t518149q,,failed,0,0,,no_usable_pages,known,,,bd6t518149q: no usable pages in manifest.,2026-07-17T13:44:06.865519
nyherald,bd6t518150x,,failed,0,0,,no_usable_pages,known,,,bd6t518150x: no usable pages in manifest.,2026-07-17T13:44:07.152467
nyherald,bd6t5181518,,failed,0,0,,no_usable_pages,known,,,bd6t5181518: no usable pages in manifest.,2026-07-17T13:44:07.364137
nyherald,bd6t518152m,,failed,0,0,,no_usable_pages,known,,,bd6t518152m: no usable pages in manifest.,2026-07-17T13:44:07.528614
nyherald,bd6t518153z,,failed,0,0,,no_usable_pages,known,,,bd6t518153z: no usable pages in manifest.,2026-07-17T13:44:07.732000
nyherald,bd6t5181549,,failed,0,0,,no_usable_pages,known,,,bd6t5181549: no usable pages in manifest.,2026-07-17T13:44:07.949859
nyherald,bd6t518155n,,failed,0,0,,no_usable_pages,known,,,bd6t518155n: no usable pages in manifest.,2026-07-17T13:44:08.235471
nyherald,bd6t5181560,,failed,0,0,,no_usable_pages,known,,,bd6t5181560: no usable pages in manifest.,2026-07-17T13:44:08.423637
nyherald,bd6t5204939,,failed,0,0,,no_usable_pages,known,,,bd6t5204939: no usable pages in manifest.,2026-07-17T13:44:08.616933
nyherald,bd6t520494n,,failed,0,0,,no_usable_pages,known,,,bd6t520494n: no usable pages in manifest.,2026-07-17T13:44:08.755735
nyherald,bd6t520496b,,failed,0,0,,no_usable_pages,known,,,bd6t520496b: no usable pages in manifest.,2026-07-17T13:44:08.951614
nyherald,bd6t520497p,,failed,0,0,,no_usable_pages,known,,,bd6t520497p: no usable pages in manifest.,2026-07-17T13:44:09.333963
nyherald,bd6t5204981,,failed,0,0,,no_usable_pages,known,,,bd6t5204981: no usable pages in manifest.,2026-07-17T13:44:09.622567
nyherald,bd6t520499c,,failed,0,0,,no_usable_pages,known,,,bd6t520499c: no usable pages in manifest.,2026-07-17T13:44:09.968393
nyherald,bd6t520500r,,failed,0,0,,no_usable_pages,known,,,bd6t520500r: no usable pages in manifest.,2026-07-17T13:44:10.174641
nyherald,bd6t5205013,,failed,0,0,,no_usable_pages,known,,,bd6t5205013: no usable pages in manifest.,2026-07-17T13:44:10.486562
nyherald,bd6t520502f,,failed,0,0,,no_usable_pages,known,,,bd6t520502f: no usable pages in manifest.,2026-07-17T13:44:10.695896
nyherald,bd6t520503s,,failed,0,0,,no_usable_pages,known,,,bd6t520503s: no usable pages in manifest.,2026-07-17T13:44:10.889581
nyherald,bd6t5205044,,failed,0,0,,no_usable_pages,known,,,bd6t5205044: no usable pages in manifest.,2026-07-17T13:44:11.117246
nyherald,bd6t520508h,,failed,0,0,,no_usable_pages,known,,,bd6t520508h: no usable pages in manifest.,2026-07-17T13:44:11.300217
actionfrancaise1899,bpt6k4422155,,failed,0,0,,no_usable_pages,known,,,bpt6k4422155: no usable pages in manifest.,2026-07-17T13:44:11.738537
actionfrancaise1899,bpt6k4422210,,failed,0,0,,no_usable_pages,known,,,bpt6k4422210: no usable pages in manifest.,2026-07-17T13:44:11.991720
actionfrancaise1899,bpt6k442226w,,failed,0,0,,no_usable_pages,known,,,bpt6k442226w: no usable pages in manifest.,2026-07-17T13:44:12.157168
actionfrancaise1899,bpt6k4422333,,failed,0,0,,no_usable_pages,known,,,bpt6k4422333: no usable pages in manifest.,2026-07-17T13:44:12.310857
actionfrancaise1908,bpt6k760172b,,failed,0,0,,no_usable_pages,known,,,bpt6k760172b: no usable pages in manifest.,2026-07-17T13:44:12.578440
actionfrancaise1908,bpt6k760854k,,failed,0,0,,no_usable_pages,known,,,bpt6k760854k: no usable pages in manifest.,2026-07-17T13:44:12.956894
actionfrancaise1908,bpt6k760855z,,failed,0,0,,no_usable_pages,known,,,bpt6k760855z: no usable pages in manifest.,2026-07-17T13:44:13.100887
actionfrancaise1908,bpt6k761096h,,failed,0,0,,no_usable_pages,known,,,bpt6k761096h: no usable pages in manifest.,2026-07-17T13:44:13.237851
actionfrancaise1908,bpt6k761097w,,failed,0,0,,no_usable_pages,known,,,bpt6k761097w: no usable pages in manifest.,2026-07-17T13:44:13.427333
actionfrancaise1908,bpt6k768563t,,failed,0,0,,no_usable_pages,known,,,bpt6k768563t: no usable pages in manifest.,2026-07-17T13:44:13.687158
aurore1943,bpt6k3881948z,,failed,0,0,,http_manifest,known,403,manifest,"Client error '403 ' for url 'https://openapiproext.bnf.fr/iiif/presentation/v3/ark:/12148/bpt6k3881948z/manifest.json'
For more information check: https://developer.mozilla.org/en-US/docs/Web/HTTP/Status/403",2026-07-17T13:44:14.254377
aurore1943,bpt6k3960469s,,failed,0,0,,http_manifest,known,403,manifest,"Client error '403 ' for url 'https://openapiproext.bnf.fr/iiif/presentation/v3/ark:/12148/bpt6k3960469s/manifest.json'
For more information check: https://developer.mozilla.org/en-US/docs/Web/HTTP/Status/403",2026-07-17T13:44:15.347649
aurore1943,bpt6k3881949c,,failed,0,0,,http_manifest,known,403,manifest,"Client error '403 ' for url 'https://openapiproext.bnf.fr/iiif/presentation/v3/ark:/12148/bpt6k3881949c/manifest.json'
For more information check: https://developer.mozilla.org/en-US/docs/Web/HTTP/Status/403",2026-07-17T13:44:16.427572
aurore1943,bpt6k3960470f,,failed,0,0,,http_manifest,known,403,manifest,"Client error '403 ' for url 'https://openapiproext.bnf.fr/iiif/presentation/v3/ark:/12148/bpt6k3960470f/manifest.json'
For more information check: https://developer.mozilla.org/en-US/docs/Web/HTTP/Status/403",2026-07-17T13:44:17.526533
aurore1943,bpt6k38819501,,failed,0,0,,http_manifest,known,403,manifest,"Client error '403 ' for url 'https://openapiproext.bnf.fr/iiif/presentation/v3/ark:/12148/bpt6k38819501/manifest.json'
For more information check: https://developer.mozilla.org/en-US/docs/Web/HTTP/Status/403",2026-07-17T13:44:18.959899
aurore1943,bpt6k3960471v,,failed,0,0,,http_manifest,known,403,manifest,"Client error '403 ' for url 'https://openapiproext.bnf.fr/iiif/presentation/v3/ark:/12148/bpt6k3960471v/manifest.json'
For more information check: https://developer.mozilla.org/en-US/docs/Web/HTTP/Status/403",2026-07-17T13:44:19.929585
aurore1943,bpt6k3881951f,,failed,0,0,,http_manifest,known,403,manifest,"Client error '403 ' for url 'https://openapiproext.bnf.fr/iiif/presentation/v3/ark:/12148/bpt6k3881951f/manifest.json'
For more information check: https://developer.mozilla.org/en-US/docs/Web/HTTP/Status/403",2026-07-17T13:44:21.132623
aurore1943,bpt6k39604728,,failed,0,0,,http_manifest,known,403,manifest,"Client error '403 ' for url 'https://openapiproext.bnf.fr/iiif/presentation/v3/ark:/12148/bpt6k39604728/manifest.json'
For more information check: https://developer.mozilla.org/en-US/docs/Web/HTTP/Status/403",2026-07-17T13:44:22.331739
aurore1943,bpt6k3881952v,,failed,0,0,,http_manifest,known,403,manifest,"Client error '403 ' for url 'https://openapiproext.bnf.fr/iiif/presentation/v3/ark:/12148/bpt6k3881952v/manifest.json'
For more information check: https://developer.mozilla.org/en-US/docs/Web/HTTP/Status/403",2026-07-17T13:44:23.533761
aurore1943,bpt6k3960473p,,failed,0,0,,http_manifest,known,403,manifest,"Client error '403 ' for url 'https://openapiproext.bnf.fr/iiif/presentation/v3/ark:/12148/bpt6k3960473p/manifest.json'
For more information check: https://developer.mozilla.org/en-US/docs/Web/HTTP/Status/403",2026-07-17T13:44:24.735550
aurore1943,bpt6k38819538,,failed,0,0,,http_manifest,known,403,manifest,"Client error '403 ' for url 'https://openapiproext.bnf.fr/iiif/presentation/v3/ark:/12148/bpt6k38819538/manifest.json'
For more information check: https://developer.mozilla.org/en-US/docs/Web/HTTP/Status/403",2026-07-17T13:44:25.994679
aurore1943,bpt6k39604743,,failed,0,0,,http_manifest,known,403,manifest,"Client error '403 ' for url 'https://openapiproext.bnf.fr/iiif/presentation/v3/ark:/12148/bpt6k39604743/manifest.json'
For more information check: https://developer.mozilla.org/en-US/docs/Web/HTTP/Status/403",2026-07-17T13:44:27.165773
aurore1943,bpt6k3881954p,,failed,0,0,,http_manifest,known,403,manifest,"Client error '403 ' for url 'https://openapiproext.bnf.fr/iiif/presentation/v3/ark:/12148/bpt6k3881954p/manifest.json'
For more information check: https://developer.mozilla.org/en-US/docs/Web/HTTP/Status/403",2026-07-17T13:44:28.349194
aurore1943,bpt6k3960475h,,failed,0,0,,http_manifest,known,403,manifest,"Client error '403 ' for url 'https://openapiproext.bnf.fr/iiif/presentation/v3/ark:/12148/bpt6k3960475h/manifest.json'
For more information check: https://developer.mozilla.org/en-US/docs/Web/HTTP/Status/403",2026-07-17T13:44:29.543209
aurore1943,bpt6k38819553,,failed,0,0,,http_manifest,known,403,manifest,"Client error '403 ' for url 'https://openapiproext.bnf.fr/iiif/presentation/v3/ark:/12148/bpt6k38819553/manifest.json'
For more information check: https://developer.mozilla.org/en-US/docs/Web/HTTP/Status/403",2026-07-17T13:44:30.744648
aurore1943,bpt6k3960476x,,failed,0,0,,http_manifest,known,403,manifest,"Client error '403 ' for url 'https://openapiproext.bnf.fr/iiif/presentation/v3/ark:/12148/bpt6k3960476x/manifest.json'
For more information check: https://developer.mozilla.org/en-US/docs/Web/HTTP/Status/403",2026-07-17T13:44:31.946758
aurore1943,bpt6k3881956h,,failed,0,0,,http_manifest,known,403,manifest,"Client error '403 ' for url 'https://openapiproext.bnf.fr/iiif/presentation/v3/ark:/12148/bpt6k3881956h/manifest.json'
For more information check: https://developer.mozilla.org/en-US/docs/Web/HTTP/Status/403",2026-07-17T13:44:33.170151
aurore1943,bpt6k3960477b,,failed,0,0,,http_manifest,known,403,manifest,"Client error '403 ' for url 'https://openapiproext.bnf.fr/iiif/presentation/v3/ark:/12148/bpt6k3960477b/manifest.json'
For more information check: https://developer.mozilla.org/en-US/docs/Web/HTTP/Status/403",2026-07-17T13:44:34.350115
aurore1943,bpt6k3881957x,,failed,0,0,,http_manifest,known,403,manifest,"Client error '403 ' for url 'https://openapiproext.bnf.fr/iiif/presentation/v3/ark:/12148/bpt6k3881957x/manifest.json'
For more information check: https://developer.mozilla.org/en-US/docs/Web/HTTP/Status/403",2026-07-17T13:44:35.552451
aurore1943,bpt6k3960478r,,failed,0,0,,http_manifest,known,403,manifest,"Client error '403 ' for url 'https://openapiproext.bnf.fr/iiif/presentation/v3/ark:/12148/bpt6k3960478r/manifest.json'
For more information check: https://developer.mozilla.org/en-US/docs/Web/HTTP/Status/403",2026-07-17T13:44:36.754266
aurore1943,bpt6k3881958b,,failed,0,0,,http_manifest,known,403,manifest,"Client error '403 ' for url 'https://openapiproext.bnf.fr/iiif/presentation/v3/ark:/12148/bpt6k3881958b/manifest.json'
For more information check: https://developer.mozilla.org/en-US/docs/Web/HTTP/Status/403",2026-07-17T13:44:37.957414
aurore1943,bpt6k39604795,,failed,0,0,,http_manifest,known,403,manifest,"Client error '403 ' for url 'https://openapiproext.bnf.fr/iiif/presentation/v3/ark:/12148/bpt6k39604795/manifest.json'
For more information check: https://developer.mozilla.org/en-US/docs/Web/HTTP/Status/403",2026-07-17T13:44:39.155918
aurore1943,bpt6k3881959r,,failed,0,0,,http_manifest,known,403,manifest,"Client error '403 ' for url 'https://openapiproext.bnf.fr/iiif/presentation/v3/ark:/12148/bpt6k3881959r/manifest.json'
For more information check: https://developer.mozilla.org/en-US/docs/Web/HTTP/Status/403",2026-07-17T13:44:40.358612
aurore1943,bpt6k3960480t,,failed,0,0,,http_manifest,known,403,manifest,"Client error '403 ' for url 'https://openapiproext.bnf.fr/iiif/presentation/v3/ark:/12148/bpt6k3960480t/manifest.json'
For more information check: https://developer.mozilla.org/en-US/docs/Web/HTTP/Status/403",2026-07-17T13:44:41.573169
aurore1943,bpt6k3881960d,,failed,0,0,,http_manifest,known,403,manifest,"Client error '403 ' for url 'https://openapiproext.bnf.fr/iiif/presentation/v3/ark:/12148/bpt6k3881960d/manifest.json'
For more information check: https://developer.mozilla.org/en-US/docs/Web/HTTP/Status/403",2026-07-17T13:44:42.761381
aurore1943,bpt6k39604817,,failed,0,0,,http_manifest,known,403,manifest,"Client error '403 ' for url 'https://openapiproext.bnf.fr/iiif/presentation/v3/ark:/12148/bpt6k39604817/manifest.json'
For more information check: https://developer.mozilla.org/en-US/docs/Web/HTTP/Status/403",2026-07-17T13:44:43.988914
aurore1943,bpt6k3881961t,,failed,0,0,,http_manifest,known,403,manifest,"Client error '403 ' for url 'https://openapiproext.bnf.fr/iiif/presentation/v3/ark:/12148/bpt6k3881961t/manifest.json'
For more information check: https://developer.mozilla.org/en-US/docs/Web/HTTP/Status/403",2026-07-17T13:44:45.164651
aurore1943,bpt6k3960482n,,failed,0,0,,http_manifest,known,403,manifest,"Client error '403 ' for url 'https://openapiproext.bnf.fr/iiif/presentation/v3/ark:/12148/bpt6k3960482n/manifest.json'
For more information check: https://developer.mozilla.org/en-US/docs/Web/HTTP/Status/403",2026-07-17T13:44:46.364530
aurore1943,bpt6k38819627,,failed,0,0,,http_manifest,known,403,manifest,"Client error '403 ' for url 'https://openapiproext.bnf.fr/iiif/presentation/v3/ark:/12148/bpt6k38819627/manifest.json'
For more information check: https://developer.mozilla.org/en-US/docs/Web/HTTP/Status/403",2026-07-17T13:44:47.566132
aurore1943,bpt6k39604832,,failed,0,0,,http_manifest,known,403,manifest,"Client error '403 ' for url 'https://openapiproext.bnf.fr/iiif/presentation/v3/ark:/12148/bpt6k39604832/manifest.json'
For more information check: https://developer.mozilla.org/en-US/docs/Web/HTTP/Status/403",2026-07-17T13:44:48.766998
aurore1943,bpt6k3881963n,,failed,0,0,,http_manifest,known,403,manifest,"Client error '403 ' for url 'https://openapiproext.bnf.fr/iiif/presentation/v3/ark:/12148/bpt6k3881963n/manifest.json'
For more information check: https://developer.mozilla.org/en-US/docs/Web/HTTP/Status/403",2026-07-17T13:44:49.972269
aurore1943,bpt6k3960484g,,failed,0,0,,http_manifest,known,403,manifest,"Client error '403 ' for url 'https://openapiproext.bnf.fr/iiif/presentation/v3/ark:/12148/bpt6k3960484g/manifest.json'
For more information check: https://developer.mozilla.org/en-US/docs/Web/HTTP/Status/403",2026-07-17T13:44:51.169393
aurore1943,bpt6k38819642,,failed,0,0,,http_manifest,known,403,manifest,"Client error '403 ' for url 'https://openapiproext.bnf.fr/iiif/presentation/v3/ark:/12148/bpt6k38819642/manifest.json'
For more information check: https://developer.mozilla.org/en-US/docs/Web/HTTP/Status/403",2026-07-17T13:44:52.371026
aurore1943,bpt6k3960485w,,failed,0,0,,http_manifest,known,403,manifest,"Client error '403 ' for url 'https://openapiproext.bnf.fr/iiif/presentation/v3/ark:/12148/bpt6k3960485w/manifest.json'
For more information check: https://developer.mozilla.org/en-US/docs/Web/HTTP/Status/403",2026-07-17T13:44:53.574109
aurore1943,bpt6k3881965g,,failed,0,0,,http_manifest,known,403,manifest,"Client error '403 ' for url 'https://openapiproext.bnf.fr/iiif/presentation/v3/ark:/12148/bpt6k3881965g/manifest.json'
For more information check: https://developer.mozilla.org/en-US/docs/Web/HTTP/Status/403",2026-07-17T13:44:54.772728
aurore1943,bpt6k39604869,,failed,0,0,,http_manifest,known,403,manifest,"Client error '403 ' for url 'https://openapiproext.bnf.fr/iiif/presentation/v3/ark:/12148/bpt6k39604869/manifest.json'
For more information check: https://developer.mozilla.org/en-US/docs/Web/HTTP/Status/403",2026-07-17T13:44:55.988935
aurore1943,bpt6k3881966w,,failed,0,0,,http_manifest,known,403,manifest,"Client error '403 ' for url 'https://openapiproext.bnf.fr/iiif/presentation/v3/ark:/12148/bpt6k3881966w/manifest.json'
For more information check: https://developer.mozilla.org/en-US/docs/Web/HTTP/Status/403",2026-07-17T13:44:57.182637
aurore1943,bpt6k3960487q,,failed,0,0,,http_manifest,known,403,manifest,"Client error '403 ' for url 'https://openapiproext.bnf.fr/iiif/presentation/v3/ark:/12148/bpt6k3960487q/manifest.json'
For more information check: https://developer.mozilla.org/en-US/docs/Web/HTTP/Status/403",2026-07-17T13:44:58.477148
aurore1943,bpt6k38819679,,failed,0,0,,http_manifest,known,403,manifest,"Client error '403 ' for url 'https://openapiproext.bnf.fr/iiif/presentation/v3/ark:/12148/bpt6k38819679/manifest.json'
For more information check: https://developer.mozilla.org/en-US/docs/Web/HTTP/Status/403",2026-07-17T13:44:59.627848
aurore1943,bpt6k39604884,,failed,0,0,,http_manifest,known,403,manifest,"Client error '403 ' for url 'https://openapiproext.bnf.fr/iiif/presentation/v3/ark:/12148/bpt6k39604884/manifest.json'
For more information check: https://developer.mozilla.org/en-US/docs/Web/HTTP/Status/403",2026-07-17T13:45:00.830904
aurore1943,bpt6k3881968q,,failed,0,0,,http_manifest,known,403,manifest,"Client error '403 ' for url 'https://openapiproext.bnf.fr/iiif/presentation/v3/ark:/12148/bpt6k3881968q/manifest.json'
For more information check: https://developer.mozilla.org/en-US/docs/Web/HTTP/Status/403",2026-07-17T13:45:01.989904
aurore1943,bpt6k3960489j,,failed,0,0,,http_manifest,known,403,manifest,"Client error '403 ' for url 'https://openapiproext.bnf.fr/iiif/presentation/v3/ark:/12148/bpt6k3960489j/manifest.json'
For more information check: https://developer.mozilla.org/en-US/docs/Web/HTTP/Status/403",2026-07-17T13:45:03.201393
aurore1943,bpt6k38819694,,failed,0,0,,http_manifest,known,403,manifest,"Client error '403 ' for url 'https://openapiproext.bnf.fr/iiif/presentation/v3/ark:/12148/bpt6k38819694/manifest.json'
For more information check: https://developer.mozilla.org/en-US/docs/Web/HTTP/Status/403",2026-07-17T13:45:04.554925
aurore1943,bpt6k39604906,,failed,0,0,,http_manifest,known,403,manifest,"Client error '403 ' for url 'https://openapiproext.bnf.fr/iiif/presentation/v3/ark:/12148/bpt6k39604906/manifest.json'
For more information check: https://developer.mozilla.org/en-US/docs/Web/HTTP/Status/403",2026-07-17T13:45:05.622574
aurore1943,bpt6k3881970s,,failed,0,0,,http_manifest,known,403,manifest,"Client error '403 ' for url 'https://openapiproext.bnf.fr/iiif/presentation/v3/ark:/12148/bpt6k3881970s/manifest.json'
For more information check: https://developer.mozilla.org/en-US/docs/Web/HTTP/Status/403",2026-07-17T13:45:07.040397
aurore1943,bpt6k3960491m,,failed,0,0,,http_manifest,known,403,manifest,"Client error '403 ' for url 'https://openapiproext.bnf.fr/iiif/presentation/v3/ark:/12148/bpt6k3960491m/manifest.json'
For more information check: https://developer.mozilla.org/en-US/docs/Web/HTTP/Status/403",2026-07-17T13:45:08.100983
aurore1943,bpt6k38819716,,failed,0,0,,http_manifest,known,403,manifest,"Client error '403 ' for url 'https://openapiproext.bnf.fr/iiif/presentation/v3/ark:/12148/bpt6k38819716/manifest.json'
For more information check: https://developer.mozilla.org/en-US/docs/Web/HTTP/Status/403",2026-07-17T13:45:09.197750
aurore1943,bpt6k39604921,,failed,0,0,,http_manifest,known,403,manifest,"Client error '403 ' for url 'https://openapiproext.bnf.fr/iiif/presentation/v3/ark:/12148/bpt6k39604921/manifest.json'
For more information check: https://developer.mozilla.org/en-US/docs/Web/HTTP/Status/403",2026-07-17T13:45:10.628219
aurore1943,bpt6k3881972m,,failed,0,0,,http_manifest,known,403,manifest,"Client error '403 ' for url 'https://openapiproext.bnf.fr/iiif/presentation/v3/ark:/12148/bpt6k3881972m/manifest.json'
For more information check: https://developer.mozilla.org/en-US/docs/Web/HTTP/Status/403",2026-07-17T13:45:11.776247
aurore1943,bpt6k3960493f,,failed,0,0,,http_manifest,known,403,manifest,"Client error '403 ' for url 'https://openapiproext.bnf.fr/iiif/presentation/v3/ark:/12148/bpt6k3960493f/manifest.json'
For more information check: https://developer.mozilla.org/en-US/docs/Web/HTTP/Status/403",2026-07-17T13:45:12.816513
aurore1943,bpt6k38819731,,failed,0,0,,http_manifest,known,403,manifest,"Client error '403 ' for url 'https://openapiproext.bnf.fr/iiif/presentation/v3/ark:/12148/bpt6k38819731/manifest.json'
For more information check: https://developer.mozilla.org/en-US/docs/Web/HTTP/Status/403",2026-07-17T13:45:14.133899
aurore1943,bpt6k3960494v,,failed,0,0,,http_manifest,known,403,manifest,"Client error '403 ' for url 'https://openapiproext.bnf.fr/iiif/presentation/v3/ark:/12148/bpt6k3960494v/manifest.json'
For more information check: https://developer.mozilla.org/en-US/docs/Web/HTTP/Status/403",2026-07-17T13:45:15.436300
aurore1943,bpt6k3881974f,,failed,0,0,,http_manifest,known,403,manifest,"Client error '403 ' for url 'https://openapiproext.bnf.fr/iiif/presentation/v3/ark:/12148/bpt6k3881974f/manifest.json'
For more information check: https://developer.mozilla.org/en-US/docs/Web/HTTP/Status/403",2026-07-17T13:45:16.486758
aurore1943,bpt6k39604958,,failed,0,0,,http_manifest,known,403,manifest,"Client error '403 ' for url 'https://openapiproext.bnf.fr/iiif/presentation/v3/ark:/12148/bpt6k39604958/manifest.json'
For more information check: https://developer.mozilla.org/en-US/docs/Web/HTTP/Status/403",2026-07-17T13:45:17.747583
aurore1943,bpt6k3881975v,,failed,0,0,,http_manifest,known,403,manifest,"Client error '403 ' for url 'https://openapiproext.bnf.fr/iiif/presentation/v3/ark:/12148/bpt6k3881975v/manifest.json'
For more information check: https://developer.mozilla.org/en-US/docs/Web/HTTP/Status/403",2026-07-17T13:45:18.894470
aurore1943,bpt6k3960496p,,failed,0,0,,http_manifest,known,403,manifest,"Client error '403 ' for url 'https://openapiproext.bnf.fr/iiif/presentation/v3/ark:/12148/bpt6k3960496p/manifest.json'
For more information check: https://developer.mozilla.org/en-US/docs/Web/HTTP/Status/403",2026-07-17T13:45:20.016170
aurore1943,bpt6k38819768,,failed,0,0,,http_manifest,known,403,manifest,"Client error '403 ' for url 'https://openapiproext.bnf.fr/iiif/presentation/v3/ark:/12148/bpt6k38819768/manifest.json'
For more information check: https://developer.mozilla.org/en-US/docs/Web/HTTP/Status/403",2026-07-17T13:45:21.220741
aurore1943,bpt6k39604973,,failed,0,0,,http_manifest,known,403,manifest,"Client error '403 ' for url 'https://openapiproext.bnf.fr/iiif/presentation/v3/ark:/12148/bpt6k39604973/manifest.json'
For more information check: https://developer.mozilla.org/en-US/docs/Web/HTTP/Status/403",2026-07-17T13:45:22.426207
aurore1943,bpt6k3881977p,,failed,0,0,,http_manifest,known,403,manifest,"Client error '403 ' for url 'https://openapiproext.bnf.fr/iiif/presentation/v3/ark:/12148/bpt6k3881977p/manifest.json'
For more information check: https://developer.mozilla.org/en-US/docs/Web/HTTP/Status/403",2026-07-17T13:45:23.613563
aurore1943,bpt6k3960498h,,failed,0,0,,http_manifest,known,403,manifest,"Client error '403 ' for url 'https://openapiproext.bnf.fr/iiif/presentation/v3/ark:/12148/bpt6k3960498h/manifest.json'
For more information check: https://developer.mozilla.org/en-US/docs/Web/HTTP/Status/403",2026-07-17T13:45:24.820251
aurore1943,bpt6k38819783,,failed,0,0,,http_manifest,known,403,manifest,"Client error '403 ' for url 'https://openapiproext.bnf.fr/iiif/presentation/v3/ark:/12148/bpt6k38819783/manifest.json'
For more information check: https://developer.mozilla.org/en-US/docs/Web/HTTP/Status/403",2026-07-17T13:45:26.025468
aurore1943,bpt6k3960499x,,failed,0,0,,http_manifest,known,403,manifest,"Client error '403 ' for url 'https://openapiproext.bnf.fr/iiif/presentation/v3/ark:/12148/bpt6k3960499x/manifest.json'
For more information check: https://developer.mozilla.org/en-US/docs/Web/HTTP/Status/403",2026-07-17T13:45:27.235906
aurore1943,bpt6k3881979h,,failed,0,0,,http_manifest,known,403,manifest,"Client error '403 ' for url 'https://openapiproext.bnf.fr/iiif/presentation/v3/ark:/12148/bpt6k3881979h/manifest.json'
For more information check: https://developer.mozilla.org/en-US/docs/Web/HTTP/Status/403",2026-07-17T13:45:28.428227
aurore1943,bpt6k39605004,,failed,0,0,,http_manifest,known,403,manifest,"Client error '403 ' for url 'https://openapiproext.bnf.fr/iiif/presentation/v3/ark:/12148/bpt6k39605004/manifest.json'
For more information check: https://developer.mozilla.org/en-US/docs/Web/HTTP/Status/403",2026-07-17T13:45:29.628441
aurore1943,bpt6k38819805,,failed,0,0,,http_manifest,known,403,manifest,"Client error '403 ' for url 'https://openapiproext.bnf.fr/iiif/presentation/v3/ark:/12148/bpt6k38819805/manifest.json'
For more information check: https://developer.mozilla.org/en-US/docs/Web/HTTP/Status/403",2026-07-17T13:45:30.833839
aurore1943,bpt6k3960501j,,failed,0,0,,http_manifest,known,403,manifest,"Client error '403 ' for url 'https://openapiproext.bnf.fr/iiif/presentation/v3/ark:/12148/bpt6k3960501j/manifest.json'
For more information check: https://developer.mozilla.org/en-US/docs/Web/HTTP/Status/403",2026-07-17T13:45:32.027591
aurore1943,bpt6k3881981k,,failed,0,0,,http_manifest,known,403,manifest,"Client error '403 ' for url 'https://openapiproext.bnf.fr/iiif/presentation/v3/ark:/12148/bpt6k3881981k/manifest.json'
For more information check: https://developer.mozilla.org/en-US/docs/Web/HTTP/Status/403",2026-07-17T13:45:33.232514
aurore1943,bpt6k3960502z,,failed,0,0,,http_manifest,known,403,manifest,"Client error '403 ' for url 'https://openapiproext.bnf.fr/iiif/presentation/v3/ark:/12148/bpt6k3960502z/manifest.json'
For more information check: https://developer.mozilla.org/en-US/docs/Web/HTTP/Status/403",2026-07-17T13:45:34.432349
aurore1943,bpt6k38819820,,failed,0,0,,http_manifest,known,403,manifest,"Client error '403 ' for url 'https://openapiproext.bnf.fr/iiif/presentation/v3/ark:/12148/bpt6k38819820/manifest.json'
For more information check: https://developer.mozilla.org/en-US/docs/Web/HTTP/Status/403",2026-07-17T13:45:35.637614
aurore1943,bpt6k3960503c,,failed,0,0,,http_manifest,known,403,manifest,"Client error '403 ' for url 'https://openapiproext.bnf.fr/iiif/presentation/v3/ark:/12148/bpt6k3960503c/manifest.json'
For more information check: https://developer.mozilla.org/en-US/docs/Web/HTTP/Status/403",2026-07-17T13:45:36.837086
aurore1943,bpt6k3881983d,,failed,0,0,,http_manifest,known,403,manifest,"Client error '403 ' for url 'https://openapiproext.bnf.fr/iiif/presentation/v3/ark:/12148/bpt6k3881983d/manifest.json'
For more information check: https://developer.mozilla.org/en-US/docs/Web/HTTP/Status/403",2026-07-17T13:45:38.040313
aurore1943,bpt6k3960504s,,failed,0,0,,http_manifest,known,403,manifest,"Client error '403 ' for url 'https://openapiproext.bnf.fr/iiif/presentation/v3/ark:/12148/bpt6k3960504s/manifest.json'
For more information check: https://developer.mozilla.org/en-US/docs/Web/HTTP/Status/403",2026-07-17T13:45:39.243297
aurore1943,bpt6k3881984t,,failed,0,0,,http_manifest,known,403,manifest,"Client error '403 ' for url 'https://openapiproext.bnf.fr/iiif/presentation/v3/ark:/12148/bpt6k3881984t/manifest.json'
For more information check: https://developer.mozilla.org/en-US/docs/Web/HTTP/Status/403",2026-07-17T13:45:40.454596
aurore1943,bpt6k39605056,,failed,0,0,,http_manifest,known,403,manifest,"Client error '403 ' for url 'https://openapiproext.bnf.fr/iiif/presentation/v3/ark:/12148/bpt6k39605056/manifest.json'
For more information check: https://developer.mozilla.org/en-US/docs/Web/HTTP/Status/403",2026-07-17T13:45:41.645419
aurore1943,bpt6k38819857,,failed,0,0,,http_manifest,known,403,manifest,"Client error '403 ' for url 'https://openapiproext.bnf.fr/iiif/presentation/v3/ark:/12148/bpt6k38819857/manifest.json'
For more information check: https://developer.mozilla.org/en-US/docs/Web/HTTP/Status/403",2026-07-17T13:45:42.847034
aurore1943,bpt6k3960506m,,failed,0,0,,http_manifest,known,403,manifest,"Client error '403 ' for url 'https://openapiproext.bnf.fr/iiif/presentation/v3/ark:/12148/bpt6k3960506m/manifest.json'
For more information check: https://developer.mozilla.org/en-US/docs/Web/HTTP/Status/403",2026-07-17T13:45:44.049159
aurore1943,bpt6k3881986n,,failed,0,0,,http_manifest,known,403,manifest,"Client error '403 ' for url 'https://openapiproext.bnf.fr/iiif/presentation/v3/ark:/12148/bpt6k3881986n/manifest.json'
For more information check: https://developer.mozilla.org/en-US/docs/Web/HTTP/Status/403",2026-07-17T13:45:45.274320
aurore1943,bpt6k39605071,,failed,0,0,,http_manifest,known,403,manifest,"Client error '403 ' for url 'https://openapiproext.bnf.fr/iiif/presentation/v3/ark:/12148/bpt6k39605071/manifest.json'
For more information check: https://developer.mozilla.org/en-US/docs/Web/HTTP/Status/403",2026-07-17T13:45:46.449290
aurore1943,bpt6k38819872,,failed,0,0,,http_manifest,known,403,manifest,"Client error '403 ' for url 'https://openapiproext.bnf.fr/iiif/presentation/v3/ark:/12148/bpt6k38819872/manifest.json'
For more information check: https://developer.mozilla.org/en-US/docs/Web/HTTP/Status/403",2026-07-17T13:45:47.661913
aurore1943,bpt6k3960508f,,failed,0,0,,http_manifest,known,403,manifest,"Client error '403 ' for url 'https://openapiproext.bnf.fr/iiif/presentation/v3/ark:/12148/bpt6k3960508f/manifest.json'
For more information check: https://developer.mozilla.org/en-US/docs/Web/HTTP/Status/403",2026-07-17T13:45:48.862871
aurore1943,bpt6k3881988g,,failed,0,0,,http_manifest,known,403,manifest,"Client error '403 ' for url 'https://openapiproext.bnf.fr/iiif/presentation/v3/ark:/12148/bpt6k3881988g/manifest.json'
For more information check: https://developer.mozilla.org/en-US/docs/Web/HTTP/Status/403",2026-07-17T13:45:50.059608
aurore1943,bpt6k3960509v,,failed,0,0,,http_manifest,known,403,manifest,"Client error '403 ' for url 'https://openapiproext.bnf.fr/iiif/presentation/v3/ark:/12148/bpt6k3960509v/manifest.json'
For more information check: https://developer.mozilla.org/en-US/docs/Web/HTTP/Status/403",2026-07-17T13:45:51.261018
aurore1943,bpt6k3881989w,,failed,0,0,,http_manifest,known,403,manifest,"Client error '403 ' for url 'https://openapiproext.bnf.fr/iiif/presentation/v3/ark:/12148/bpt6k3881989w/manifest.json'
For more information check: https://developer.mozilla.org/en-US/docs/Web/HTTP/Status/403",2026-07-17T13:45:52.461947
aurore1943,bpt6k3960510h,,failed,0,0,,http_manifest,known,403,manifest,"Client error '403 ' for url 'https://openapiproext.bnf.fr/iiif/presentation/v3/ark:/12148/bpt6k3960510h/manifest.json'
For more information check: https://developer.mozilla.org/en-US/docs/Web/HTTP/Status/403",2026-07-17T13:45:53.665043
aurore1943,bpt6k3881990j,,failed,0,0,,http_manifest,known,403,manifest,"Client error '403 ' for url 'https://openapiproext.bnf.fr/iiif/presentation/v3/ark:/12148/bpt6k3881990j/manifest.json'
For more information check: https://developer.mozilla.org/en-US/docs/Web/HTTP/Status/403",2026-07-17T13:45:54.863498
aurore1943,bpt6k3960511x,,failed,0,0,,http_manifest,known,403,manifest,"Client error '403 ' for url 'https://openapiproext.bnf.fr/iiif/presentation/v3/ark:/12148/bpt6k3960511x/manifest.json'
For more information check: https://developer.mozilla.org/en-US/docs/Web/HTTP/Status/403",2026-07-17T13:45:56.068251
aurore1943,bpt6k3881991z,,failed,0,0,,http_manifest,known,403,manifest,"Client error '403 ' for url 'https://openapiproext.bnf.fr/iiif/presentation/v3/ark:/12148/bpt6k3881991z/manifest.json'
For more information check: https://developer.mozilla.org/en-US/docs/Web/HTTP/Status/403",2026-07-17T13:45:57.294106
aurore1943,bpt6k3960512b,,failed,0,0,,http_manifest,known,403,manifest,"Client error '403 ' for url 'https://openapiproext.bnf.fr/iiif/presentation/v3/ark:/12148/bpt6k3960512b/manifest.json'
For more information check: https://developer.mozilla.org/en-US/docs/Web/HTTP/Status/403",2026-07-17T13:45:58.474826
aurore1943,bpt6k3881992c,,failed,0,0,,http_manifest,known,403,manifest,"Client error '403 ' for url 'https://openapiproext.bnf.fr/iiif/presentation/v3/ark:/12148/bpt6k3881992c/manifest.json'
For more information check: https://developer.mozilla.org/en-US/docs/Web/HTTP/Status/403",2026-07-17T13:45:59.874934
aurore1943,bpt6k3960513r,,failed,0,0,,http_manifest,known,403,manifest,"Client error '403 ' for url 'https://openapiproext.bnf.fr/iiif/presentation/v3/ark:/12148/bpt6k3960513r/manifest.json'
For more information check: https://developer.mozilla.org/en-US/docs/Web/HTTP/Status/403",2026-07-17T13:46:01.056671
aurore1943,bpt6k3881993s,,failed,0,0,,http_manifest,known,403,manifest,"Client error '403 ' for url 'https://openapiproext.bnf.fr/iiif/presentation/v3/ark:/12148/bpt6k3881993s/manifest.json'
For more information check: https://developer.mozilla.org/en-US/docs/Web/HTTP/Status/403",2026-07-17T13:46:02.276766
aurore1943,bpt6k39605145,,failed,0,0,,http_manifest,known,403,manifest,"Client error '403 ' for url 'https://openapiproext.bnf.fr/iiif/presentation/v3/ark:/12148/bpt6k39605145/manifest.json'
For more information check: https://developer.mozilla.org/en-US/docs/Web/HTTP/Status/403",2026-07-17T13:46:03.275658
aurore1943,bpt6k38819946,,failed,0,0,,http_manifest,known,403,manifest,"Client error '403 ' for url 'https://openapiproext.bnf.fr/iiif/presentation/v3/ark:/12148/bpt6k38819946/manifest.json'
For more information check: https://developer.mozilla.org/en-US/docs/Web/HTTP/Status/403",2026-07-17T13:46:04.609128
aurore1943,bpt6k3960515k,,failed,0,0,,http_manifest,known,403,manifest,"Client error '403 ' for url 'https://openapiproext.bnf.fr/iiif/presentation/v3/ark:/12148/bpt6k3960515k/manifest.json'
For more information check: https://developer.mozilla.org/en-US/docs/Web/HTTP/Status/403",2026-07-17T13:46:05.689124
aurore1943,bpt6k3881995m,,failed,0,0,,http_manifest,known,403,manifest,"Client error '403 ' for url 'https://openapiproext.bnf.fr/iiif/presentation/v3/ark:/12148/bpt6k3881995m/manifest.json'
For more information check: https://developer.mozilla.org/en-US/docs/Web/HTTP/Status/403",2026-07-17T13:46:06.917287
aurore1943,bpt6k39605160,,failed,0,0,,http_manifest,known,403,manifest,"Client error '403 ' for url 'https://openapiproext.bnf.fr/iiif/presentation/v3/ark:/12148/bpt6k39605160/manifest.json'
For more information check: https://developer.mozilla.org/en-US/docs/Web/HTTP/Status/403",2026-07-17T13:46:08.117618
aurore1943,bpt6k38819961,,failed,0,0,,http_manifest,known,403,manifest,"Client error '403 ' for url 'https://openapiproext.bnf.fr/iiif/presentation/v3/ark:/12148/bpt6k38819961/manifest.json'
For more information check: https://developer.mozilla.org/en-US/docs/Web/HTTP/Status/403",2026-07-17T13:46:09.295776
aurore1943,bpt6k3960517d,,failed,0,0,,http_manifest,known,403,manifest,"Client error '403 ' for url 'https://openapiproext.bnf.fr/iiif/presentation/v3/ark:/12148/bpt6k3960517d/manifest.json'
For more information check: https://developer.mozilla.org/en-US/docs/Web/HTTP/Status/403",2026-07-17T13:46:10.675342
aurore1943,bpt6k3881997f,,failed,0,0,,http_manifest,known,403,manifest,"Client error '403 ' for url 'https://openapiproext.bnf.fr/iiif/presentation/v3/ark:/12148/bpt6k3881997f/manifest.json'
For more information check: https://developer.mozilla.org/en-US/docs/Web/HTTP/Status/403",2026-07-17T13:46:11.806913
aurore1943,bpt6k3960518t,,failed,0,0,,http_manifest,known,403,manifest,"Client error '403 ' for url 'https://openapiproext.bnf.fr/iiif/presentation/v3/ark:/12148/bpt6k3960518t/manifest.json'
For more information check: https://developer.mozilla.org/en-US/docs/Web/HTTP/Status/403",2026-07-17T13:46:12.917502
aurore1943,bpt6k3881998v,,failed,0,0,,http_manifest,known,403,manifest,"Client error '403 ' for url 'https://openapiproext.bnf.fr/iiif/presentation/v3/ark:/12148/bpt6k3881998v/manifest.json'
For more information check: https://developer.mozilla.org/en-US/docs/Web/HTTP/Status/403",2026-07-17T13:46:14.293988
aurore1943,bpt6k39605197,,failed,0,0,,http_manifest,known,403,manifest,"Client error '403 ' for url 'https://openapiproext.bnf.fr/iiif/presentation/v3/ark:/12148/bpt6k39605197/manifest.json'
For more information check: https://developer.mozilla.org/en-US/docs/Web/HTTP/Status/403",2026-07-17T13:46:15.496820
aurore1943,bpt6k38819998,,failed,0,0,,http_manifest,known,403,manifest,"Client error '403 ' for url 'https://openapiproext.bnf.fr/iiif/presentation/v3/ark:/12148/bpt6k38819998/manifest.json'
For more information check: https://developer.mozilla.org/en-US/docs/Web/HTTP/Status/403",2026-07-17T13:46:16.502322
aurore1943,bpt6k3960520w,,failed,0,0,,http_manifest,known,403,manifest,"Client error '403 ' for url 'https://openapiproext.bnf.fr/iiif/presentation/v3/ark:/12148/bpt6k3960520w/manifest.json'
For more information check: https://developer.mozilla.org/en-US/docs/Web/HTTP/Status/403",2026-07-17T13:46:17.700008
aurore1943,bpt6k3882000b,,failed,0,0,,http_manifest,known,403,manifest,"Client error '403 ' for url 'https://openapiproext.bnf.fr/iiif/presentation/v3/ark:/12148/bpt6k3882000b/manifest.json'
For more information check: https://developer.mozilla.org/en-US/docs/Web/HTTP/Status/403",2026-07-17T13:46:18.901345
aurore1943,bpt6k39605219,,failed,0,0,,http_manifest,known,403,manifest,"Client error '403 ' for url 'https://openapiproext.bnf.fr/iiif/presentation/v3/ark:/12148/bpt6k39605219/manifest.json'
For more information check: https://developer.mozilla.org/en-US/docs/Web/HTTP/Status/403",2026-07-17T13:46:20.108202
aurore1943,bpt6k3882001r,,failed,0,0,,http_manifest,known,403,manifest,"Client error '403 ' for url 'https://openapiproext.bnf.fr/iiif/presentation/v3/ark:/12148/bpt6k3882001r/manifest.json'
For more information check: https://developer.mozilla.org/en-US/docs/Web/HTTP/Status/403",2026-07-17T13:46:21.308008
aurore1943,bpt6k3960522q,,failed,0,0,,http_manifest,known,403,manifest,"Client error '403 ' for url 'https://openapiproext.bnf.fr/iiif/presentation/v3/ark:/12148/bpt6k3960522q/manifest.json'
For more information check: https://developer.mozilla.org/en-US/docs/Web/HTTP/Status/403",2026-07-17T13:46:22.502708
aurore1943,bpt6k38820025,,failed,0,0,,http_manifest,known,403,manifest,"Client error '403 ' for url 'https://openapiproext.bnf.fr/iiif/presentation/v3/ark:/12148/bpt6k38820025/manifest.json'
For more information check: https://developer.mozilla.org/en-US/docs/Web/HTTP/Status/403",2026-07-17T13:46:23.706934
aurore1943,bpt6k39605234,,failed,0,0,,http_manifest,known,403,manifest,"Client error '403 ' for url 'https://openapiproext.bnf.fr/iiif/presentation/v3/ark:/12148/bpt6k39605234/manifest.json'
For more information check: https://developer.mozilla.org/en-US/docs/Web/HTTP/Status/403",2026-07-17T13:46:24.915282
aurore1943,bpt6k3882003k,,failed,0,0,,http_manifest,known,403,manifest,"Client error '403 ' for url 'https://openapiproext.bnf.fr/iiif/presentation/v3/ark:/12148/bpt6k3882003k/manifest.json'
For more information check: https://developer.mozilla.org/en-US/docs/Web/HTTP/Status/403",2026-07-17T13:46:26.130579
aurore1943,bpt6k3960524j,,failed,0,0,,http_manifest,known,403,manifest,"Client error '403 ' for url 'https://openapiproext.bnf.fr/iiif/presentation/v3/ark:/12148/bpt6k3960524j/manifest.json'
For more information check: https://developer.mozilla.org/en-US/docs/Web/HTTP/Status/403",2026-07-17T13:46:27.311135
aurore1943,bpt6k38820040,,failed,0,0,,http_manifest,known,403,manifest,"Client error '403 ' for url 'https://openapiproext.bnf.fr/iiif/presentation/v3/ark:/12148/bpt6k38820040/manifest.json'
For more information check: https://developer.mozilla.org/en-US/docs/Web/HTTP/Status/403",2026-07-17T13:46:28.513152
aurore1943,bpt6k3960525z,,failed,0,0,,http_manifest,known,403,manifest,"Client error '403 ' for url 'https://openapiproext.bnf.fr/iiif/presentation/v3/ark:/12148/bpt6k3960525z/manifest.json'
For more information check: https://developer.mozilla.org/en-US/docs/Web/HTTP/Status/403",2026-07-17T13:46:29.719484
aurore1943,bpt6k3882005d,,failed,0,0,,http_manifest,known,403,manifest,"Client error '403 ' for url 'https://openapiproext.bnf.fr/iiif/presentation/v3/ark:/12148/bpt6k3882005d/manifest.json'
For more information check: https://developer.mozilla.org/en-US/docs/Web/HTTP/Status/403",2026-07-17T13:46:30.921127
aurore1943,bpt6k3960526c,,failed,0,0,,http_manifest,known,403,manifest,"Client error '403 ' for url 'https://openapiproext.bnf.fr/iiif/presentation/v3/ark:/12148/bpt6k3960526c/manifest.json'
For more information check: https://developer.mozilla.org/en-US/docs/Web/HTTP/Status/403",2026-07-17T13:46:32.119661
aurore1943,bpt6k3882006t,,failed,0,0,,http_manifest,known,403,manifest,"Client error '403 ' for url 'https://openapiproext.bnf.fr/iiif/presentation/v3/ark:/12148/bpt6k3882006t/manifest.json'
For more information check: https://developer.mozilla.org/en-US/docs/Web/HTTP/Status/403",2026-07-17T13:46:33.319716
aurore1943,bpt6k3960527s,,failed,0,0,,http_manifest,known,403,manifest,"Client error '403 ' for url 'https://openapiproext.bnf.fr/iiif/presentation/v3/ark:/12148/bpt6k3960527s/manifest.json'
For more information check: https://developer.mozilla.org/en-US/docs/Web/HTTP/Status/403",2026-07-17T13:46:34.521567
aurore1943,bpt6k38820077,,failed,0,0,,http_manifest,known,403,manifest,"Client error '403 ' for url 'https://openapiproext.bnf.fr/iiif/presentation/v3/ark:/12148/bpt6k38820077/manifest.json'
For more information check: https://developer.mozilla.org/en-US/docs/Web/HTTP/Status/403",2026-07-17T13:46:35.723827
aurore1943,bpt6k39605286,,failed,0,0,,http_manifest,known,403,manifest,"Client error '403 ' for url 'https://openapiproext.bnf.fr/iiif/presentation/v3/ark:/12148/bpt6k39605286/manifest.json'
For more information check: https://developer.mozilla.org/en-US/docs/Web/HTTP/Status/403",2026-07-17T13:46:36.930278
aurore1943,bpt6k3882008n,,failed,0,0,,http_manifest,known,403,manifest,"Client error '403 ' for url 'https://openapiproext.bnf.fr/iiif/presentation/v3/ark:/12148/bpt6k3882008n/manifest.json'
For more information check: https://developer.mozilla.org/en-US/docs/Web/HTTP/Status/403",2026-07-17T13:46:38.157216
aurore1943,bpt6k3960529m,,failed,0,0,,http_manifest,known,403,manifest,"Client error '403 ' for url 'https://openapiproext.bnf.fr/iiif/presentation/v3/ark:/12148/bpt6k3960529m/manifest.json'
For more information check: https://developer.mozilla.org/en-US/docs/Web/HTTP/Status/403",2026-07-17T13:46:39.334178
aurore1943,bpt6k38820092,,failed,0,0,,http_manifest,known,403,manifest,"Client error '403 ' for url 'https://openapiproext.bnf.fr/iiif/presentation/v3/ark:/12148/bpt6k38820092/manifest.json'
For more information check: https://developer.mozilla.org/en-US/docs/Web/HTTP/Status/403",2026-07-17T13:46:40.536231
aurore1943,bpt6k39605308,,failed,0,0,,http_manifest,known,403,manifest,"Client error '403 ' for url 'https://openapiproext.bnf.fr/iiif/presentation/v3/ark:/12148/bpt6k39605308/manifest.json'
For more information check: https://developer.mozilla.org/en-US/docs/Web/HTTP/Status/403",2026-07-17T13:46:41.739757
aurore1943,bpt6k3882010q,,failed,0,0,,http_manifest,known,403,manifest,"Client error '403 ' for url 'https://openapiproext.bnf.fr/iiif/presentation/v3/ark:/12148/bpt6k3882010q/manifest.json'
For more information check: https://developer.mozilla.org/en-US/docs/Web/HTTP/Status/403",2026-07-17T13:46:42.940314
aurore1943,bpt6k3960531p,,failed,0,0,,http_manifest,known,403,manifest,"Client error '403 ' for url 'https://openapiproext.bnf.fr/iiif/presentation/v3/ark:/12148/bpt6k3960531p/manifest.json'
For more information check: https://developer.mozilla.org/en-US/docs/Web/HTTP/Status/403",2026-07-17T13:46:44.174108
aurore1943,bpt6k38820114,,failed,0,0,,http_manifest,known,403,manifest,"Client error '403 ' for url 'https://openapiproext.bnf.fr/iiif/presentation/v3/ark:/12148/bpt6k38820114/manifest.json'
For more information check: https://developer.mozilla.org/en-US/docs/Web/HTTP/Status/403",2026-07-17T13:46:45.347049
aurore1943,bpt6k39605323,,failed,0,0,,http_manifest,known,403,manifest,"Client error '403 ' for url 'https://openapiproext.bnf.fr/iiif/presentation/v3/ark:/12148/bpt6k39605323/manifest.json'
For more information check: https://developer.mozilla.org/en-US/docs/Web/HTTP/Status/403",2026-07-17T13:46:46.538493
aurore1943,bpt6k3882012j,,failed,0,0,,http_manifest,known,403,manifest,"Client error '403 ' for url 'https://openapiproext.bnf.fr/iiif/presentation/v3/ark:/12148/bpt6k3882012j/manifest.json'
For more information check: https://developer.mozilla.org/en-US/docs/Web/HTTP/Status/403",2026-07-17T13:46:47.734033
aurore1943,bpt6k3960533h,,failed,0,0,,http_manifest,known,403,manifest,"Client error '403 ' for url 'https://openapiproext.bnf.fr/iiif/presentation/v3/ark:/12148/bpt6k3960533h/manifest.json'
For more information check: https://developer.mozilla.org/en-US/docs/Web/HTTP/Status/403",2026-07-17T13:46:48.935013
aurore1943,bpt6k3882013z,,failed,0,0,,http_manifest,known,403,manifest,"Client error '403 ' for url 'https://openapiproext.bnf.fr/iiif/presentation/v3/ark:/12148/bpt6k3882013z/manifest.json'
For more information check: https://developer.mozilla.org/en-US/docs/Web/HTTP/Status/403",2026-07-17T13:46:50.140895
aurore1943,bpt6k3960534x,,failed,0,0,,http_manifest,known,403,manifest,"Client error '403 ' for url 'https://openapiproext.bnf.fr/iiif/presentation/v3/ark:/12148/bpt6k3960534x/manifest.json'
For more information check: https://developer.mozilla.org/en-US/docs/Web/HTTP/Status/403",2026-07-17T13:46:51.344546
aurore1943,bpt6k3882014c,,failed,0,0,,http_manifest,known,403,manifest,"Client error '403 ' for url 'https://openapiproext.bnf.fr/iiif/presentation/v3/ark:/12148/bpt6k3882014c/manifest.json'
For more information check: https://developer.mozilla.org/en-US/docs/Web/HTTP/Status/403",2026-07-17T13:46:52.550882
aurore1943,bpt6k3960535b,,failed,0,0,,http_manifest,known,403,manifest,"Client error '403 ' for url 'https://openapiproext.bnf.fr/iiif/presentation/v3/ark:/12148/bpt6k3960535b/manifest.json'
For more information check: https://developer.mozilla.org/en-US/docs/Web/HTTP/Status/403",2026-07-17T13:46:53.742245
aurore1943,bpt6k3882015s,,failed,0,0,,http_manifest,known,403,manifest,"Client error '403 ' for url 'https://openapiproext.bnf.fr/iiif/presentation/v3/ark:/12148/bpt6k3882015s/manifest.json'
For more information check: https://developer.mozilla.org/en-US/docs/Web/HTTP/Status/403",2026-07-17T13:46:54.955856
aurore1943,bpt6k3960536r,,failed,0,0,,http_manifest,known,403,manifest,"Client error '403 ' for url 'https://openapiproext.bnf.fr/iiif/presentation/v3/ark:/12148/bpt6k3960536r/manifest.json'
For more information check: https://developer.mozilla.org/en-US/docs/Web/HTTP/Status/403",2026-07-17T13:46:56.178440
aurore1943,bpt6k38820166,,failed,0,0,,http_manifest,known,403,manifest,"Client error '403 ' for url 'https://openapiproext.bnf.fr/iiif/presentation/v3/ark:/12148/bpt6k38820166/manifest.json'
For more information check: https://developer.mozilla.org/en-US/docs/Web/HTTP/Status/403",2026-07-17T13:46:57.349761
aurore1943,bpt6k39605375,,failed,0,0,,http_manifest,known,403,manifest,"Client error '403 ' for url 'https://openapiproext.bnf.fr/iiif/presentation/v3/ark:/12148/bpt6k39605375/manifest.json'
For more information check: https://developer.mozilla.org/en-US/docs/Web/HTTP/Status/403",2026-07-17T13:46:58.553237
aurore1943,bpt6k3882017m,,failed,0,0,,http_manifest,known,403,manifest,"Client error '403 ' for url 'https://openapiproext.bnf.fr/iiif/presentation/v3/ark:/12148/bpt6k3882017m/manifest.json'
For more information check: https://developer.mozilla.org/en-US/docs/Web/HTTP/Status/403",2026-07-17T13:47:00.008307
aurore1943,bpt6k3960538k,,failed,0,0,,http_manifest,known,403,manifest,"Client error '403 ' for url 'https://openapiproext.bnf.fr/iiif/presentation/v3/ark:/12148/bpt6k3960538k/manifest.json'
For more information check: https://developer.mozilla.org/en-US/docs/Web/HTTP/Status/403",2026-07-17T13:47:01.238250
aurore1943,bpt6k38820181,,failed,0,0,,http_manifest,known,403,manifest,"Client error '403 ' for url 'https://openapiproext.bnf.fr/iiif/presentation/v3/ark:/12148/bpt6k38820181/manifest.json'
For more information check: https://developer.mozilla.org/en-US/docs/Web/HTTP/Status/403",2026-07-17T13:47:02.194507
aurore1943,bpt6k39605390,,failed,0,0,,http_manifest,known,403,manifest,"Client error '403 ' for url 'https://openapiproext.bnf.fr/iiif/presentation/v3/ark:/12148/bpt6k39605390/manifest.json'
For more information check: https://developer.mozilla.org/en-US/docs/Web/HTTP/Status/403",2026-07-17T13:47:03.577480
aurore1943,bpt6k3882019f,,failed,0,0,,http_manifest,known,403,manifest,"Client error '403 ' for url 'https://openapiproext.bnf.fr/iiif/presentation/v3/ark:/12148/bpt6k3882019f/manifest.json'
For more information check: https://developer.mozilla.org/en-US/docs/Web/HTTP/Status/403",2026-07-17T13:47:04.785397
aurore1943,bpt6k3960540n,,failed,0,0,,http_manifest,known,403,manifest,"Client error '403 ' for url 'https://openapiproext.bnf.fr/iiif/presentation/v3/ark:/12148/bpt6k3960540n/manifest.json'
For more information check: https://developer.mozilla.org/en-US/docs/Web/HTTP/Status/403",2026-07-17T13:47:05.940388
aurore1943,bpt6k38820203,,failed,0,0,,http_manifest,known,403,manifest,"Client error '403 ' for url 'https://openapiproext.bnf.fr/iiif/presentation/v3/ark:/12148/bpt6k38820203/manifest.json'
For more information check: https://developer.mozilla.org/en-US/docs/Web/HTTP/Status/403",2026-07-17T13:47:06.982209
aurore1943,bpt6k39605412,,failed,0,0,,http_manifest,known,403,manifest,"Client error '403 ' for url 'https://openapiproext.bnf.fr/iiif/presentation/v3/ark:/12148/bpt6k39605412/manifest.json'
For more information check: https://developer.mozilla.org/en-US/docs/Web/HTTP/Status/403",2026-07-17T13:47:08.177359
aurore1943,bpt6k3882021h,,failed,0,0,,http_manifest,known,403,manifest,"Client error '403 ' for url 'https://openapiproext.bnf.fr/iiif/presentation/v3/ark:/12148/bpt6k3882021h/manifest.json'
For more information check: https://developer.mozilla.org/en-US/docs/Web/HTTP/Status/403",2026-07-17T13:47:09.368614
aurore1943,bpt6k3960542g,,failed,0,0,,http_manifest,known,403,manifest,"Client error '403 ' for url 'https://openapiproext.bnf.fr/iiif/presentation/v3/ark:/12148/bpt6k3960542g/manifest.json'
For more information check: https://developer.mozilla.org/en-US/docs/Web/HTTP/Status/403",2026-07-17T13:47:10.569896
aurore1943,bpt6k3882022x,,failed,0,0,,http_manifest,known,403,manifest,"Client error '403 ' for url 'https://openapiproext.bnf.fr/iiif/presentation/v3/ark:/12148/bpt6k3882022x/manifest.json'
For more information check: https://developer.mozilla.org/en-US/docs/Web/HTTP/Status/403",2026-07-17T13:47:11.784245
aurore1943,bpt6k3960543w,,failed,0,0,,http_manifest,known,403,manifest,"Client error '403 ' for url 'https://openapiproext.bnf.fr/iiif/presentation/v3/ark:/12148/bpt6k3960543w/manifest.json'
For more information check: https://developer.mozilla.org/en-US/docs/Web/HTTP/Status/403",2026-07-17T13:47:12.972578
aurore1943,bpt6k3882023b,,failed,0,0,,http_manifest,known,403,manifest,"Client error '403 ' for url 'https://openapiproext.bnf.fr/iiif/presentation/v3/ark:/12148/bpt6k3882023b/manifest.json'
For more information check: https://developer.mozilla.org/en-US/docs/Web/HTTP/Status/403",2026-07-17T13:47:14.173531
aurore1943,bpt6k39605449,,failed,0,0,,http_manifest,known,403,manifest,"Client error '403 ' for url 'https://openapiproext.bnf.fr/iiif/presentation/v3/ark:/12148/bpt6k39605449/manifest.json'
For more information check: https://developer.mozilla.org/en-US/docs/Web/HTTP/Status/403",2026-07-17T13:47:15.372055
aurore1943,bpt6k3882024r,,failed,0,0,,http_manifest,known,403,manifest,"Client error '403 ' for url 'https://openapiproext.bnf.fr/iiif/presentation/v3/ark:/12148/bpt6k3882024r/manifest.json'
For more information check: https://developer.mozilla.org/en-US/docs/Web/HTTP/Status/403",2026-07-17T13:47:16.578017
aurore1943,bpt6k3960545q,,failed,0,0,,http_manifest,known,403,manifest,"Client error '403 ' for url 'https://openapiproext.bnf.fr/iiif/presentation/v3/ark:/12148/bpt6k3960545q/manifest.json'
For more information check: https://developer.mozilla.org/en-US/docs/Web/HTTP/Status/403",2026-07-17T13:47:17.790513
aurore1943,bpt6k38820255,,failed,0,0,,http_manifest,known,403,manifest,"Client error '403 ' for url 'https://openapiproext.bnf.fr/iiif/presentation/v3/ark:/12148/bpt6k38820255/manifest.json'
For more information check: https://developer.mozilla.org/en-US/docs/Web/HTTP/Status/403",2026-07-17T13:47:18.975553
aurore1943,bpt6k39605464,,failed,0,0,,http_manifest,known,403,manifest,"Client error '403 ' for url 'https://openapiproext.bnf.fr/iiif/presentation/v3/ark:/12148/bpt6k39605464/manifest.json'
For more information check: https://developer.mozilla.org/en-US/docs/Web/HTTP/Status/403",2026-07-17T13:47:20.183404
aurore1943,bpt6k3882026k,,failed,0,0,,http_manifest,known,403,manifest,"Client error '403 ' for url 'https://openapiproext.bnf.fr/iiif/presentation/v3/ark:/12148/bpt6k3882026k/manifest.json'
For more information check: https://developer.mozilla.org/en-US/docs/Web/HTTP/Status/403",2026-07-17T13:47:21.383370
aurore1943,bpt6k3960547j,,failed,0,0,,http_manifest,known,403,manifest,"Client error '403 ' for url 'https://openapiproext.bnf.fr/iiif/presentation/v3/ark:/12148/bpt6k3960547j/manifest.json'
For more information check: https://developer.mozilla.org/en-US/docs/Web/HTTP/Status/403",2026-07-17T13:47:22.583732
aurore1943,bpt6k38820270,,failed,0,0,,http_manifest,known,403,manifest,"Client error '403 ' for url 'https://openapiproext.bnf.fr/iiif/presentation/v3/ark:/12148/bpt6k38820270/manifest.json'
For more information check: https://developer.mozilla.org/en-US/docs/Web/HTTP/Status/403",2026-07-17T13:47:23.786988
aurore1943,bpt6k3960548z,,failed,0,0,,http_manifest,known,403,manifest,"Client error '403 ' for url 'https://openapiproext.bnf.fr/iiif/presentation/v3/ark:/12148/bpt6k3960548z/manifest.json'
For more information check: https://developer.mozilla.org/en-US/docs/Web/HTTP/Status/403",2026-07-17T13:47:24.991122
aurore1943,bpt6k3882028d,,failed,0,0,,http_manifest,known,403,manifest,"Client error '403 ' for url 'https://openapiproext.bnf.fr/iiif/presentation/v3/ark:/12148/bpt6k3882028d/manifest.json'
For more information check: https://developer.mozilla.org/en-US/docs/Web/HTTP/Status/403",2026-07-17T13:47:26.189573
aurore1943,bpt6k3960549c,,failed,0,0,,http_manifest,known,403,manifest,"Client error '403 ' for url 'https://openapiproext.bnf.fr/iiif/presentation/v3/ark:/12148/bpt6k3960549c/manifest.json'
For more information check: https://developer.mozilla.org/en-US/docs/Web/HTTP/Status/403",2026-07-17T13:47:27.394939
aurore1943,bpt6k3882029t,,failed,0,0,,http_manifest,known,403,manifest,"Client error '403 ' for url 'https://openapiproext.bnf.fr/iiif/presentation/v3/ark:/12148/bpt6k3882029t/manifest.json'
For more information check: https://developer.mozilla.org/en-US/docs/Web/HTTP/Status/403",2026-07-17T13:47:28.592754
aurore1943,bpt6k39605501,,failed,0,0,,http_manifest,known,403,manifest,"Client error '403 ' for url 'https://openapiproext.bnf.fr/iiif/presentation/v3/ark:/12148/bpt6k39605501/manifest.json'
For more information check: https://developer.mozilla.org/en-US/docs/Web/HTTP/Status/403",2026-07-17T13:47:29.809022
aurore1943,bpt6k3882030g,,failed,0,0,,http_manifest,known,403,manifest,"Client error '403 ' for url 'https://openapiproext.bnf.fr/iiif/presentation/v3/ark:/12148/bpt6k3882030g/manifest.json'
For more information check: https://developer.mozilla.org/en-US/docs/Web/HTTP/Status/403",2026-07-17T13:47:30.997391
aurore1943,bpt6k3960551f,,failed,0,0,,http_manifest,known,403,manifest,"Client error '403 ' for url 'https://openapiproext.bnf.fr/iiif/presentation/v3/ark:/12148/bpt6k3960551f/manifest.json'
For more information check: https://developer.mozilla.org/en-US/docs/Web/HTTP/Status/403",2026-07-17T13:47:32.194124
aurore1943,bpt6k3882031w,,failed,0,0,,http_manifest,known,403,manifest,"Client error '403 ' for url 'https://openapiproext.bnf.fr/iiif/presentation/v3/ark:/12148/bpt6k3882031w/manifest.json'
For more information check: https://developer.mozilla.org/en-US/docs/Web/HTTP/Status/403",2026-07-17T13:47:33.396807
aurore1943,bpt6k3960552v,,failed,0,0,,http_manifest,known,403,manifest,"Client error '403 ' for url 'https://openapiproext.bnf.fr/iiif/presentation/v3/ark:/12148/bpt6k3960552v/manifest.json'
For more information check: https://developer.mozilla.org/en-US/docs/Web/HTTP/Status/403",2026-07-17T13:47:34.603290
aurore1943,bpt6k38820329,,failed,0,0,,http_manifest,known,403,manifest,"Client error '403 ' for url 'https://openapiproext.bnf.fr/iiif/presentation/v3/ark:/12148/bpt6k38820329/manifest.json'
For more information check: https://developer.mozilla.org/en-US/docs/Web/HTTP/Status/403",2026-07-17T13:47:35.805070
aurore1943,bpt6k39605538,,failed,0,0,,http_manifest,known,403,manifest,"Client error '403 ' for url 'https://openapiproext.bnf.fr/iiif/presentation/v3/ark:/12148/bpt6k39605538/manifest.json'
For more information check: https://developer.mozilla.org/en-US/docs/Web/HTTP/Status/403",2026-07-17T13:47:37.003813
aurore1943,bpt6k3882033q,,failed,0,0,,http_manifest,known,403,manifest,"Client error '403 ' for url 'https://openapiproext.bnf.fr/iiif/presentation/v3/ark:/12148/bpt6k3882033q/manifest.json'
For more information check: https://developer.mozilla.org/en-US/docs/Web/HTTP/Status/403",2026-07-17T13:47:38.211530
aurore1943,bpt6k3960554p,,failed,0,0,,http_manifest,known,403,manifest,"Client error '403 ' for url 'https://openapiproext.bnf.fr/iiif/presentation/v3/ark:/12148/bpt6k3960554p/manifest.json'
For more information check: https://developer.mozilla.org/en-US/docs/Web/HTTP/Status/403",2026-07-17T13:47:39.404966
aurore1943,bpt6k38820344,,failed,0,0,,http_manifest,known,403,manifest,"Client error '403 ' for url 'https://openapiproext.bnf.fr/iiif/presentation/v3/ark:/12148/bpt6k38820344/manifest.json'
For more information check: https://developer.mozilla.org/en-US/docs/Web/HTTP/Status/403",2026-07-17T13:47:40.609318
aurore1943,bpt6k39605553,,failed,0,0,,http_manifest,known,403,manifest,"Client error '403 ' for url 'https://openapiproext.bnf.fr/iiif/presentation/v3/ark:/12148/bpt6k39605553/manifest.json'
For more information check: https://developer.mozilla.org/en-US/docs/Web/HTTP/Status/403",2026-07-17T13:47:41.826675
aurore1943,bpt6k3882035j,,failed,0,0,,http_manifest,known,403,manifest,"Client error '403 ' for url 'https://openapiproext.bnf.fr/iiif/presentation/v3/ark:/12148/bpt6k3882035j/manifest.json'
For more information check: https://developer.mozilla.org/en-US/docs/Web/HTTP/Status/403",2026-07-17T13:47:43.009598
aurore1943,bpt6k3960556h,,failed,0,0,,http_manifest,known,403,manifest,"Client error '403 ' for url 'https://openapiproext.bnf.fr/iiif/presentation/v3/ark:/12148/bpt6k3960556h/manifest.json'
For more information check: https://developer.mozilla.org/en-US/docs/Web/HTTP/Status/403",2026-07-17T13:47:44.215629
aurore1943,bpt6k3882036z,,failed,0,0,,http_manifest,known,403,manifest,"Client error '403 ' for url 'https://openapiproext.bnf.fr/iiif/presentation/v3/ark:/12148/bpt6k3882036z/manifest.json'
For more information check: https://developer.mozilla.org/en-US/docs/Web/HTTP/Status/403",2026-07-17T13:47:45.412696
aurore1943,bpt6k3960557x,,failed,0,0,,http_manifest,known,403,manifest,"Client error '403 ' for url 'https://openapiproext.bnf.fr/iiif/presentation/v3/ark:/12148/bpt6k3960557x/manifest.json'
For more information check: https://developer.mozilla.org/en-US/docs/Web/HTTP/Status/403",2026-07-17T13:47:46.618015
aurore1943,bpt6k3882037c,,failed,0,0,,http_manifest,known,403,manifest,"Client error '403 ' for url 'https://openapiproext.bnf.fr/iiif/presentation/v3/ark:/12148/bpt6k3882037c/manifest.json'
For more information check: https://developer.mozilla.org/en-US/docs/Web/HTTP/Status/403",2026-07-17T13:47:47.831228
aurore1943,bpt6k3960558b,,failed,0,0,,http_manifest,known,403,manifest,"Client error '403 ' for url 'https://openapiproext.bnf.fr/iiif/presentation/v3/ark:/12148/bpt6k3960558b/manifest.json'
For more information check: https://developer.mozilla.org/en-US/docs/Web/HTTP/Status/403",2026-07-17T13:47:49.014896
aurore1943,bpt6k3882038s,,failed,0,0,,http_manifest,known,403,manifest,"Client error '403 ' for url 'https://openapiproext.bnf.fr/iiif/presentation/v3/ark:/12148/bpt6k3882038s/manifest.json'
For more information check: https://developer.mozilla.org/en-US/docs/Web/HTTP/Status/403",2026-07-17T13:47:50.221976
aurore1943,bpt6k3960559r,,failed,0,0,,http_manifest,known,403,manifest,"Client error '403 ' for url 'https://openapiproext.bnf.fr/iiif/presentation/v3/ark:/12148/bpt6k3960559r/manifest.json'
For more information check: https://developer.mozilla.org/en-US/docs/Web/HTTP/Status/403",2026-07-17T13:47:51.420921
aurore1943,bpt6k38820396,,failed,0,0,,http_manifest,known,403,manifest,"Client error '403 ' for url 'https://openapiproext.bnf.fr/iiif/presentation/v3/ark:/12148/bpt6k38820396/manifest.json'
For more information check: https://developer.mozilla.org/en-US/docs/Web/HTTP/Status/403",2026-07-17T13:47:52.624525
aurore1943,bpt6k3960560d,,failed,0,0,,http_manifest,known,403,manifest,"Client error '403 ' for url 'https://openapiproext.bnf.fr/iiif/presentation/v3/ark:/12148/bpt6k3960560d/manifest.json'
For more information check: https://developer.mozilla.org/en-US/docs/Web/HTTP/Status/403",2026-07-17T13:47:53.825010
aurore1943,bpt6k3882040v,,failed,0,0,,http_manifest,known,403,manifest,"Client error '403 ' for url 'https://openapiproext.bnf.fr/iiif/presentation/v3/ark:/12148/bpt6k3882040v/manifest.json'
For more information check: https://developer.mozilla.org/en-US/docs/Web/HTTP/Status/403",2026-07-17T13:47:55.027650
aurore1943,bpt6k3960561t,,failed,0,0,,http_manifest,known,403,manifest,"Client error '403 ' for url 'https://openapiproext.bnf.fr/iiif/presentation/v3/ark:/12148/bpt6k3960561t/manifest.json'
For more information check: https://developer.mozilla.org/en-US/docs/Web/HTTP/Status/403",2026-07-17T13:47:56.232695
aurore1943,bpt6k38820418,,failed,0,0,,http_manifest,known,403,manifest,"Client error '403 ' for url 'https://openapiproext.bnf.fr/iiif/presentation/v3/ark:/12148/bpt6k38820418/manifest.json'
For more information check: https://developer.mozilla.org/en-US/docs/Web/HTTP/Status/403",2026-07-17T13:47:57.435596
aurore1943,bpt6k39605627,,failed,0,0,,http_manifest,known,403,manifest,"Client error '403 ' for url 'https://openapiproext.bnf.fr/iiif/presentation/v3/ark:/12148/bpt6k39605627/manifest.json'
For more information check: https://developer.mozilla.org/en-US/docs/Web/HTTP/Status/403",2026-07-17T13:47:58.633472
aurore1943,bpt6k3882042p,,failed,0,0,,http_manifest,known,403,manifest,"Client error '403 ' for url 'https://openapiproext.bnf.fr/iiif/presentation/v3/ark:/12148/bpt6k3882042p/manifest.json'
For more information check: https://developer.mozilla.org/en-US/docs/Web/HTTP/Status/403",2026-07-17T13:47:59.950499
aurore1943,bpt6k3960563n,,failed,0,0,,http_manifest,known,403,manifest,"Client error '403 ' for url 'https://openapiproext.bnf.fr/iiif/presentation/v3/ark:/12148/bpt6k3960563n/manifest.json'
For more information check: https://developer.mozilla.org/en-US/docs/Web/HTTP/Status/403",2026-07-17T13:48:01.213337
aurore1943,bpt6k38820433,,failed,0,0,,http_manifest,known,403,manifest,"Client error '403 ' for url 'https://openapiproext.bnf.fr/iiif/presentation/v3/ark:/12148/bpt6k38820433/manifest.json'
For more information check: https://developer.mozilla.org/en-US/docs/Web/HTTP/Status/403",2026-07-17T13:48:02.237963
aurore1943,bpt6k39605642,,failed,0,0,,http_manifest,known,403,manifest,"Client error '403 ' for url 'https://openapiproext.bnf.fr/iiif/presentation/v3/ark:/12148/bpt6k39605642/manifest.json'
For more information check: https://developer.mozilla.org/en-US/docs/Web/HTTP/Status/403",2026-07-17T13:48:03.441207
aurore1943,bpt6k3882044h,,failed,0,0,,http_manifest,known,403,manifest,"Client error '403 ' for url 'https://openapiproext.bnf.fr/iiif/presentation/v3/ark:/12148/bpt6k3882044h/manifest.json'
For more information check: https://developer.mozilla.org/en-US/docs/Web/HTTP/Status/403",2026-07-17T13:48:04.720277
aurore1943,bpt6k3960565g,,failed,0,0,,http_manifest,known,403,manifest,"Client error '403 ' for url 'https://openapiproext.bnf.fr/iiif/presentation/v3/ark:/12148/bpt6k3960565g/manifest.json'
For more information check: https://developer.mozilla.org/en-US/docs/Web/HTTP/Status/403",2026-07-17T13:48:06.038554
aurore1943,bpt6k3882045x,,failed,0,0,,http_manifest,known,403,manifest,"Client error '403 ' for url 'https://openapiproext.bnf.fr/iiif/presentation/v3/ark:/12148/bpt6k3882045x/manifest.json'
For more information check: https://developer.mozilla.org/en-US/docs/Web/HTTP/Status/403",2026-07-17T13:48:07.084073
aurore1943,bpt6k3960566w,,failed,0,0,,http_manifest,known,403,manifest,"Client error '403 ' for url 'https://openapiproext.bnf.fr/iiif/presentation/v3/ark:/12148/bpt6k3960566w/manifest.json'
For more information check: https://developer.mozilla.org/en-US/docs/Web/HTTP/Status/403",2026-07-17T13:48:08.245498
aurore1943,bpt6k3882046b,,failed,0,0,,http_manifest,known,403,manifest,"Client error '403 ' for url 'https://openapiproext.bnf.fr/iiif/presentation/v3/ark:/12148/bpt6k3882046b/manifest.json'
For more information check: https://developer.mozilla.org/en-US/docs/Web/HTTP/Status/403",2026-07-17T13:48:09.449127
aurore1943,bpt6k39605679,,failed,0,0,,http_manifest,known,403,manifest,"Client error '403 ' for url 'https://openapiproext.bnf.fr/iiif/presentation/v3/ark:/12148/bpt6k39605679/manifest.json'
For more information check: https://developer.mozilla.org/en-US/docs/Web/HTTP/Status/403",2026-07-17T13:48:10.648300
aurore1943,bpt6k3882047r,,failed,0,0,,http_manifest,known,403,manifest,"Client error '403 ' for url 'https://openapiproext.bnf.fr/iiif/presentation/v3/ark:/12148/bpt6k3882047r/manifest.json'
For more information check: https://developer.mozilla.org/en-US/docs/Web/HTTP/Status/403",2026-07-17T13:48:11.867258
aurore1943,bpt6k3960568q,,failed,0,0,,http_manifest,known,403,manifest,"Client error '403 ' for url 'https://openapiproext.bnf.fr/iiif/presentation/v3/ark:/12148/bpt6k3960568q/manifest.json'
For more information check: https://developer.mozilla.org/en-US/docs/Web/HTTP/Status/403",2026-07-17T13:48:13.095004
aurore1943,bpt6k38820485,,failed,0,0,,http_manifest,known,403,manifest,"Client error '403 ' for url 'https://openapiproext.bnf.fr/iiif/presentation/v3/ark:/12148/bpt6k38820485/manifest.json'
For more information check: https://developer.mozilla.org/en-US/docs/Web/HTTP/Status/403",2026-07-17T13:48:14.257320
aurore1943,bpt6k39605694,,failed,0,0,,http_manifest,known,403,manifest,"Client error '403 ' for url 'https://openapiproext.bnf.fr/iiif/presentation/v3/ark:/12148/bpt6k39605694/manifest.json'
For more information check: https://developer.mozilla.org/en-US/docs/Web/HTTP/Status/403",2026-07-17T13:48:15.458469
aurore1943,bpt6k3882049k,,failed,0,0,,http_manifest,known,403,manifest,"Client error '403 ' for url 'https://openapiproext.bnf.fr/iiif/presentation/v3/ark:/12148/bpt6k3882049k/manifest.json'
For more information check: https://developer.mozilla.org/en-US/docs/Web/HTTP/Status/403",2026-07-17T13:48:16.887570
aurore1943,bpt6k3960570s,,failed,0,0,,http_manifest,known,403,manifest,"Client error '403 ' for url 'https://openapiproext.bnf.fr/iiif/presentation/v3/ark:/12148/bpt6k3960570s/manifest.json'
For more information check: https://developer.mozilla.org/en-US/docs/Web/HTTP/Status/403",2026-07-17T13:48:17.857157
aurore1943,bpt6k38820507,,failed,0,0,,http_manifest,known,403,manifest,"Client error '403 ' for url 'https://openapiproext.bnf.fr/iiif/presentation/v3/ark:/12148/bpt6k38820507/manifest.json'
For more information check: https://developer.mozilla.org/en-US/docs/Web/HTTP/Status/403",2026-07-17T13:48:19.289681
aurore1943,bpt6k39605716,,failed,0,0,,http_manifest,known,403,manifest,"Client error '403 ' for url 'https://openapiproext.bnf.fr/iiif/presentation/v3/ark:/12148/bpt6k39605716/manifest.json'
For more information check: https://developer.mozilla.org/en-US/docs/Web/HTTP/Status/403",2026-07-17T13:48:20.260153
aurore1943,bpt6k3882051n,,failed,0,0,,http_manifest,known,403,manifest,"Client error '403 ' for url 'https://openapiproext.bnf.fr/iiif/presentation/v3/ark:/12148/bpt6k3882051n/manifest.json'
For more information check: https://developer.mozilla.org/en-US/docs/Web/HTTP/Status/403",2026-07-17T13:48:21.461295
aurore1943,bpt6k3960572m,,failed,0,0,,http_manifest,known,403,manifest,"Client error '403 ' for url 'https://openapiproext.bnf.fr/iiif/presentation/v3/ark:/12148/bpt6k3960572m/manifest.json'
For more information check: https://developer.mozilla.org/en-US/docs/Web/HTTP/Status/403",2026-07-17T13:48:22.664950
aurore1943,bpt6k38820522,,failed,0,0,,http_manifest,known,403,manifest,"Client error '403 ' for url 'https://openapiproext.bnf.fr/iiif/presentation/v3/ark:/12148/bpt6k38820522/manifest.json'
For more information check: https://developer.mozilla.org/en-US/docs/Web/HTTP/Status/403",2026-07-17T13:48:23.861019
aurore1943,bpt6k39605731,,failed,0,0,,http_manifest,known,403,manifest,"Client error '403 ' for url 'https://openapiproext.bnf.fr/iiif/presentation/v3/ark:/12148/bpt6k39605731/manifest.json'
For more information check: https://developer.mozilla.org/en-US/docs/Web/HTTP/Status/403",2026-07-17T13:48:25.062847
aurore1943,bpt6k3882053g,,failed,0,0,,http_manifest,known,403,manifest,"Client error '403 ' for url 'https://openapiproext.bnf.fr/iiif/presentation/v3/ark:/12148/bpt6k3882053g/manifest.json'
For more information check: https://developer.mozilla.org/en-US/docs/Web/HTTP/Status/403",2026-07-17T13:48:26.268536
aurore1943,bpt6k3960574f,,failed,0,0,,http_manifest,known,403,manifest,"Client error '403 ' for url 'https://openapiproext.bnf.fr/iiif/presentation/v3/ark:/12148/bpt6k3960574f/manifest.json'
For more information check: https://developer.mozilla.org/en-US/docs/Web/HTTP/Status/403",2026-07-17T13:48:27.468198
aurore1943,bpt6k3882054w,,failed,0,0,,http_manifest,known,403,manifest,"Client error '403 ' for url 'https://openapiproext.bnf.fr/iiif/presentation/v3/ark:/12148/bpt6k3882054w/manifest.json'
For more information check: https://developer.mozilla.org/en-US/docs/Web/HTTP/Status/403",2026-07-17T13:48:28.682349
aurore1943,bpt6k3960575v,,failed,0,0,,http_manifest,known,403,manifest,"Client error '403 ' for url 'https://openapiproext.bnf.fr/iiif/presentation/v3/ark:/12148/bpt6k3960575v/manifest.json'
For more information check: https://developer.mozilla.org/en-US/docs/Web/HTTP/Status/403",2026-07-17T13:48:29.868808
aurore1943,bpt6k38820559,,failed,0,0,,http_manifest,known,403,manifest,"Client error '403 ' for url 'https://openapiproext.bnf.fr/iiif/presentation/v3/ark:/12148/bpt6k38820559/manifest.json'
For more information check: https://developer.mozilla.org/en-US/docs/Web/HTTP/Status/403",2026-07-17T13:48:31.069140
aurore1943,bpt6k39605768,,failed,0,0,,http_manifest,known,403,manifest,"Client error '403 ' for url 'https://openapiproext.bnf.fr/iiif/presentation/v3/ark:/12148/bpt6k39605768/manifest.json'
For more information check: https://developer.mozilla.org/en-US/docs/Web/HTTP/Status/403",2026-07-17T13:48:32.274893
aurore1943,bpt6k3882056q,,failed,0,0,,http_manifest,known,403,manifest,"Client error '403 ' for url 'https://openapiproext.bnf.fr/iiif/presentation/v3/ark:/12148/bpt6k3882056q/manifest.json'
For more information check: https://developer.mozilla.org/en-US/docs/Web/HTTP/Status/403",2026-07-17T13:48:33.477411
aurore1943,bpt6k3960577p,,failed,0,0,,http_manifest,known,403,manifest,"Client error '403 ' for url 'https://openapiproext.bnf.fr/iiif/presentation/v3/ark:/12148/bpt6k3960577p/manifest.json'
For more information check: https://developer.mozilla.org/en-US/docs/Web/HTTP/Status/403",2026-07-17T13:48:34.676014
aurore1943,bpt6k38820574,,failed,0,0,,http_manifest,known,403,manifest,"Client error '403 ' for url 'https://openapiproext.bnf.fr/iiif/presentation/v3/ark:/12148/bpt6k38820574/manifest.json'
For more information check: https://developer.mozilla.org/en-US/docs/Web/HTTP/Status/403",2026-07-17T13:48:35.880052
aurore1943,bpt6k39605783,,failed,0,0,,http_manifest,known,403,manifest,"Client error '403 ' for url 'https://openapiproext.bnf.fr/iiif/presentation/v3/ark:/12148/bpt6k39605783/manifest.json'
For more information check: https://developer.mozilla.org/en-US/docs/Web/HTTP/Status/403",2026-07-17T13:48:37.080459
aurore1943,bpt6k3882058j,,failed,0,0,,http_manifest,known,403,manifest,"Client error '403 ' for url 'https://openapiproext.bnf.fr/iiif/presentation/v3/ark:/12148/bpt6k3882058j/manifest.json'
For more information check: https://developer.mozilla.org/en-US/docs/Web/HTTP/Status/403",2026-07-17T13:48:38.283722
aurore1943,bpt6k3960579h,,failed,0,0,,http_manifest,known,403,manifest,"Client error '403 ' for url 'https://openapiproext.bnf.fr/iiif/presentation/v3/ark:/12148/bpt6k3960579h/manifest.json'
For more information check: https://developer.mozilla.org/en-US/docs/Web/HTTP/Status/403",2026-07-17T13:48:39.486154
aurore1943,bpt6k3882059z,,failed,0,0,,http_manifest,known,403,manifest,"Client error '403 ' for url 'https://openapiproext.bnf.fr/iiif/presentation/v3/ark:/12148/bpt6k3882059z/manifest.json'
For more information check: https://developer.mozilla.org/en-US/docs/Web/HTTP/Status/403",2026-07-17T13:48:40.699572
aurore1943,bpt6k39605805,,failed,0,0,,http_manifest,known,403,manifest,"Client error '403 ' for url 'https://openapiproext.bnf.fr/iiif/presentation/v3/ark:/12148/bpt6k39605805/manifest.json'
For more information check: https://developer.mozilla.org/en-US/docs/Web/HTTP/Status/403",2026-07-17T13:48:41.887074
aurore1943,bpt6k3882060m,,failed,0,0,,http_manifest,known,403,manifest,"Client error '403 ' for url 'https://openapiproext.bnf.fr/iiif/presentation/v3/ark:/12148/bpt6k3882060m/manifest.json'
For more information check: https://developer.mozilla.org/en-US/docs/Web/HTTP/Status/403",2026-07-17T13:48:43.086102
aurore1943,bpt6k3960581k,,failed,0,0,,http_manifest,known,403,manifest,"Client error '403 ' for url 'https://openapiproext.bnf.fr/iiif/presentation/v3/ark:/12148/bpt6k3960581k/manifest.json'
For more information check: https://developer.mozilla.org/en-US/docs/Web/HTTP/Status/403",2026-07-17T13:48:44.291310
aurore1943,bpt6k38820611,,failed,0,0,,http_manifest,known,403,manifest,"Client error '403 ' for url 'https://openapiproext.bnf.fr/iiif/presentation/v3/ark:/12148/bpt6k38820611/manifest.json'
For more information check: https://developer.mozilla.org/en-US/docs/Web/HTTP/Status/403",2026-07-17T13:48:45.492348
aurore1943,bpt6k39605820,,failed,0,0,,http_manifest,known,403,manifest,"Client error '403 ' for url 'https://openapiproext.bnf.fr/iiif/presentation/v3/ark:/12148/bpt6k39605820/manifest.json'
For more information check: https://developer.mozilla.org/en-US/docs/Web/HTTP/Status/403",2026-07-17T13:48:46.707291
aurore1943,bpt6k3882062f,,failed,0,0,,http_manifest,known,403,manifest,"Client error '403 ' for url 'https://openapiproext.bnf.fr/iiif/presentation/v3/ark:/12148/bpt6k3882062f/manifest.json'
For more information check: https://developer.mozilla.org/en-US/docs/Web/HTTP/Status/403",2026-07-17T13:48:47.905017
aurore1943,bpt6k3960583d,,failed,0,0,,http_manifest,known,403,manifest,"Client error '403 ' for url 'https://openapiproext.bnf.fr/iiif/presentation/v3/ark:/12148/bpt6k3960583d/manifest.json'
For more information check: https://developer.mozilla.org/en-US/docs/Web/HTTP/Status/403",2026-07-17T13:48:49.095109
aurore1943,bpt6k3882063v,,failed,0,0,,http_manifest,known,403,manifest,"Client error '403 ' for url 'https://openapiproext.bnf.fr/iiif/presentation/v3/ark:/12148/bpt6k3882063v/manifest.json'
For more information check: https://developer.mozilla.org/en-US/docs/Web/HTTP/Status/403",2026-07-17T13:48:50.298176
aurore1943,bpt6k3960584t,,failed,0,0,,http_manifest,known,403,manifest,"Client error '403 ' for url 'https://openapiproext.bnf.fr/iiif/presentation/v3/ark:/12148/bpt6k3960584t/manifest.json'
For more information check: https://developer.mozilla.org/en-US/docs/Web/HTTP/Status/403",2026-07-17T13:48:51.498319
aurore1943,bpt6k38820648,,failed,0,0,,http_manifest,known,403,manifest,"Client error '403 ' for url 'https://openapiproext.bnf.fr/iiif/presentation/v3/ark:/12148/bpt6k38820648/manifest.json'
For more information check: https://developer.mozilla.org/en-US/docs/Web/HTTP/Status/403",2026-07-17T13:48:52.703008
aurore1943,bpt6k39605857,,failed,0,0,,http_manifest,known,403,manifest,"Client error '403 ' for url 'https://openapiproext.bnf.fr/iiif/presentation/v3/ark:/12148/bpt6k39605857/manifest.json'
For more information check: https://developer.mozilla.org/en-US/docs/Web/HTTP/Status/403",2026-07-17T13:48:53.904721
aurore1943,bpt6k3882065p,,failed,0,0,,http_manifest,known,403,manifest,"Client error '403 ' for url 'https://openapiproext.bnf.fr/iiif/presentation/v3/ark:/12148/bpt6k3882065p/manifest.json'
For more information check: https://developer.mozilla.org/en-US/docs/Web/HTTP/Status/403",2026-07-17T13:48:55.103698
aurore1943,bpt6k3960586n,,failed,0,0,,http_manifest,known,403,manifest,"Client error '403 ' for url 'https://openapiproext.bnf.fr/iiif/presentation/v3/ark:/12148/bpt6k3960586n/manifest.json'
For more information check: https://developer.mozilla.org/en-US/docs/Web/HTTP/Status/403",2026-07-17T13:48:56.306635
aurore1943,bpt6k38820663,,failed,0,0,,http_manifest,known,403,manifest,"Client error '403 ' for url 'https://openapiproext.bnf.fr/iiif/presentation/v3/ark:/12148/bpt6k38820663/manifest.json'
For more information check: https://developer.mozilla.org/en-US/docs/Web/HTTP/Status/403",2026-07-17T13:48:57.514929
aurore1943,bpt6k39605872,,failed,0,0,,http_manifest,known,403,manifest,"Client error '403 ' for url 'https://openapiproext.bnf.fr/iiif/presentation/v3/ark:/12148/bpt6k39605872/manifest.json'
For more information check: https://developer.mozilla.org/en-US/docs/Web/HTTP/Status/403",2026-07-17T13:48:58.964134
aurore1943,bpt6k3882067h,,failed,0,0,,http_manifest,known,403,manifest,"Client error '403 ' for url 'https://openapiproext.bnf.fr/iiif/presentation/v3/ark:/12148/bpt6k3882067h/manifest.json'
For more information check: https://developer.mozilla.org/en-US/docs/Web/HTTP/Status/403",2026-07-17T13:48:59.994567
aurore1943,bpt6k3960588g,,failed,0,0,,http_manifest,known,403,manifest,"Client error '403 ' for url 'https://openapiproext.bnf.fr/iiif/presentation/v3/ark:/12148/bpt6k3960588g/manifest.json'
For more information check: https://developer.mozilla.org/en-US/docs/Web/HTTP/Status/403",2026-07-17T13:49:01.122499
aurore1943,bpt6k3882068x,,failed,0,0,,http_manifest,known,403,manifest,"Client error '403 ' for url 'https://openapiproext.bnf.fr/iiif/presentation/v3/ark:/12148/bpt6k3882068x/manifest.json'
For more information check: https://developer.mozilla.org/en-US/docs/Web/HTTP/Status/403",2026-07-17T13:49:02.510606
aurore1943,bpt6k3960589w,,failed,0,0,,http_manifest,known,403,manifest,"Client error '403 ' for url 'https://openapiproext.bnf.fr/iiif/presentation/v3/ark:/12148/bpt6k3960589w/manifest.json'
For more information check: https://developer.mozilla.org/en-US/docs/Web/HTTP/Status/403",2026-07-17T13:49:03.643238
aurore1943,bpt6k3882069b,,failed,0,0,,http_manifest,known,403,manifest,"Client error '403 ' for url 'https://openapiproext.bnf.fr/iiif/presentation/v3/ark:/12148/bpt6k3882069b/manifest.json'
For more information check: https://developer.mozilla.org/en-US/docs/Web/HTTP/Status/403",2026-07-17T13:49:04.887929
aurore1943,bpt6k3960590j,,failed,0,0,,http_manifest,known,403,manifest,"Client error '403 ' for url 'https://openapiproext.bnf.fr/iiif/presentation/v3/ark:/12148/bpt6k3960590j/manifest.json'
For more information check: https://developer.mozilla.org/en-US/docs/Web/HTTP/Status/403",2026-07-17T13:49:06.074094
aurore1943,bpt6k38820700,,failed,0,0,,http_manifest,known,403,manifest,"Client error '403 ' for url 'https://openapiproext.bnf.fr/iiif/presentation/v3/ark:/12148/bpt6k38820700/manifest.json'
For more information check: https://developer.mozilla.org/en-US/docs/Web/HTTP/Status/403",2026-07-17T13:49:07.120495
aurore1943,bpt6k3960591z,,failed,0,0,,http_manifest,known,403,manifest,"Client error '403 ' for url 'https://openapiproext.bnf.fr/iiif/presentation/v3/ark:/12148/bpt6k3960591z/manifest.json'
For more information check: https://developer.mozilla.org/en-US/docs/Web/HTTP/Status/403",2026-07-17T13:49:08.323457
aurore1943,bpt6k3882071d,,failed,0,0,,http_manifest,known,403,manifest,"Client error '403 ' for url 'https://openapiproext.bnf.fr/iiif/presentation/v3/ark:/12148/bpt6k3882071d/manifest.json'
For more information check: https://developer.mozilla.org/en-US/docs/Web/HTTP/Status/403",2026-07-17T13:49:09.534604
aurore1943,bpt6k3960592c,,failed,0,0,,http_manifest,known,403,manifest,"Client error '403 ' for url 'https://openapiproext.bnf.fr/iiif/presentation/v3/ark:/12148/bpt6k3960592c/manifest.json'
For more information check: https://developer.mozilla.org/en-US/docs/Web/HTTP/Status/403",2026-07-17T13:49:10.728455
aurore1943,bpt6k3882072t,,failed,0,0,,http_manifest,known,403,manifest,"Client error '403 ' for url 'https://openapiproext.bnf.fr/iiif/presentation/v3/ark:/12148/bpt6k3882072t/manifest.json'
For more information check: https://developer.mozilla.org/en-US/docs/Web/HTTP/Status/403",2026-07-17T13:49:11.929451
aurore1943,bpt6k3960593s,,failed,0,0,,http_manifest,known,403,manifest,"Client error '403 ' for url 'https://openapiproext.bnf.fr/iiif/presentation/v3/ark:/12148/bpt6k3960593s/manifest.json'
For more information check: https://developer.mozilla.org/en-US/docs/Web/HTTP/Status/403",2026-07-17T13:49:13.143410
aurore1943,bpt6k38820737,,failed,0,0,,http_manifest,known,403,manifest,"Client error '403 ' for url 'https://openapiproext.bnf.fr/iiif/presentation/v3/ark:/12148/bpt6k38820737/manifest.json'
For more information check: https://developer.mozilla.org/en-US/docs/Web/HTTP/Status/403",2026-07-17T13:49:14.333730
aurore1943,bpt6k39605946,,failed,0,0,,http_manifest,known,403,manifest,"Client error '403 ' for url 'https://openapiproext.bnf.fr/iiif/presentation/v3/ark:/12148/bpt6k39605946/manifest.json'
For more information check: https://developer.mozilla.org/en-US/docs/Web/HTTP/Status/403",2026-07-17T13:49:15.537361
aurore1943,bpt6k3882074n,,failed,0,0,,http_manifest,known,403,manifest,"Client error '403 ' for url 'https://openapiproext.bnf.fr/iiif/presentation/v3/ark:/12148/bpt6k3882074n/manifest.json'
For more information check: https://developer.mozilla.org/en-US/docs/Web/HTTP/Status/403",2026-07-17T13:49:16.740672
aurore1943,bpt6k3960595m,,failed,0,0,,http_manifest,known,403,manifest,"Client error '403 ' for url 'https://openapiproext.bnf.fr/iiif/presentation/v3/ark:/12148/bpt6k3960595m/manifest.json'
For more information check: https://developer.mozilla.org/en-US/docs/Web/HTTP/Status/403",2026-07-17T13:49:17.961633
aurore1943,bpt6k38820752,,failed,0,0,,http_manifest,known,403,manifest,"Client error '403 ' for url 'https://openapiproext.bnf.fr/iiif/presentation/v3/ark:/12148/bpt6k38820752/manifest.json'
For more information check: https://developer.mozilla.org/en-US/docs/Web/HTTP/Status/403",2026-07-17T13:49:19.143058
aurore1943,bpt6k39605961,,failed,0,0,,http_manifest,known,403,manifest,"Client error '403 ' for url 'https://openapiproext.bnf.fr/iiif/presentation/v3/ark:/12148/bpt6k39605961/manifest.json'
For more information check: https://developer.mozilla.org/en-US/docs/Web/HTTP/Status/403",2026-07-17T13:49:20.343540
aurore1943,bpt6k3882076g,,failed,0,0,,http_manifest,known,403,manifest,"Client error '403 ' for url 'https://openapiproext.bnf.fr/iiif/presentation/v3/ark:/12148/bpt6k3882076g/manifest.json'
For more information check: https://developer.mozilla.org/en-US/docs/Web/HTTP/Status/403",2026-07-17T13:49:21.546418
aurore1943,bpt6k3960597f,,failed,0,0,,http_manifest,known,403,manifest,"Client error '403 ' for url 'https://openapiproext.bnf.fr/iiif/presentation/v3/ark:/12148/bpt6k3960597f/manifest.json'
For more information check: https://developer.mozilla.org/en-US/docs/Web/HTTP/Status/403",2026-07-17T13:49:22.745811
aurore1943,bpt6k3882077w,,failed,0,0,,http_manifest,known,403,manifest,"Client error '403 ' for url 'https://openapiproext.bnf.fr/iiif/presentation/v3/ark:/12148/bpt6k3882077w/manifest.json'
For more information check: https://developer.mozilla.org/en-US/docs/Web/HTTP/Status/403",2026-07-17T13:49:23.954447
aurore1943,bpt6k3960598v,,failed,0,0,,http_manifest,known,403,manifest,"Client error '403 ' for url 'https://openapiproext.bnf.fr/iiif/presentation/v3/ark:/12148/bpt6k3960598v/manifest.json'
For more information check: https://developer.mozilla.org/en-US/docs/Web/HTTP/Status/403",2026-07-17T13:49:25.147903
aurore1943,bpt6k38820789,,failed,0,0,,http_manifest,known,403,manifest,"Client error '403 ' for url 'https://openapiproext.bnf.fr/iiif/presentation/v3/ark:/12148/bpt6k38820789/manifest.json'
For more information check: https://developer.mozilla.org/en-US/docs/Web/HTTP/Status/403",2026-07-17T13:49:26.348699
aurore1943,bpt6k39605998,,failed,0,0,,http_manifest,known,403,manifest,"Client error '403 ' for url 'https://openapiproext.bnf.fr/iiif/presentation/v3/ark:/12148/bpt6k39605998/manifest.json'
For more information check: https://developer.mozilla.org/en-US/docs/Web/HTTP/Status/403",2026-07-17T13:49:27.549175
aurore1943,bpt6k3882079q,,failed,0,0,,http_manifest,known,403,manifest,"Client error '403 ' for url 'https://openapiproext.bnf.fr/iiif/presentation/v3/ark:/12148/bpt6k3882079q/manifest.json'
For more information check: https://developer.mozilla.org/en-US/docs/Web/HTTP/Status/403",2026-07-17T13:49:28.756694
aurore1943,bpt6k3960600g,,failed,0,0,,http_manifest,known,403,manifest,"Client error '403 ' for url 'https://openapiproext.bnf.fr/iiif/presentation/v3/ark:/12148/bpt6k3960600g/manifest.json'
For more information check: https://developer.mozilla.org/en-US/docs/Web/HTTP/Status/403",2026-07-17T13:49:29.975669
aurore1943,bpt6k3882080c,,failed,0,0,,http_manifest,known,403,manifest,"Client error '403 ' for url 'https://openapiproext.bnf.fr/iiif/presentation/v3/ark:/12148/bpt6k3882080c/manifest.json'
For more information check: https://developer.mozilla.org/en-US/docs/Web/HTTP/Status/403",2026-07-17T13:49:31.155173
aurore1943,bpt6k3960601w,,failed,0,0,,http_manifest,known,403,manifest,"Client error '403 ' for url 'https://openapiproext.bnf.fr/iiif/presentation/v3/ark:/12148/bpt6k3960601w/manifest.json'
For more information check: https://developer.mozilla.org/en-US/docs/Web/HTTP/Status/403",2026-07-17T13:49:32.358867
aurore1943,bpt6k3882081s,,failed,0,0,,http_manifest,known,403,manifest,"Client error '403 ' for url 'https://openapiproext.bnf.fr/iiif/presentation/v3/ark:/12148/bpt6k3882081s/manifest.json'
For more information check: https://developer.mozilla.org/en-US/docs/Web/HTTP/Status/403",2026-07-17T13:49:33.557902
aurore1943,bpt6k39606029,,failed,0,0,,http_manifest,known,403,manifest,"Client error '403 ' for url 'https://openapiproext.bnf.fr/iiif/presentation/v3/ark:/12148/bpt6k39606029/manifest.json'
For more information check: https://developer.mozilla.org/en-US/docs/Web/HTTP/Status/403",2026-07-17T13:49:34.764417
aurore1943,bpt6k38820826,,failed,0,0,,http_manifest,known,403,manifest,"Client error '403 ' for url 'https://openapiproext.bnf.fr/iiif/presentation/v3/ark:/12148/bpt6k38820826/manifest.json'
For more information check: https://developer.mozilla.org/en-US/docs/Web/HTTP/Status/403",2026-07-17T13:49:35.980851
aurore1943,bpt6k3960603q,,failed,0,0,,http_manifest,known,403,manifest,"Client error '403 ' for url 'https://openapiproext.bnf.fr/iiif/presentation/v3/ark:/12148/bpt6k3960603q/manifest.json'
For more information check: https://developer.mozilla.org/en-US/docs/Web/HTTP/Status/403",2026-07-17T13:49:37.162999
aurore1943,bpt6k3882083m,,failed,0,0,,http_manifest,known,403,manifest,"Client error '403 ' for url 'https://openapiproext.bnf.fr/iiif/presentation/v3/ark:/12148/bpt6k3882083m/manifest.json'
For more information check: https://developer.mozilla.org/en-US/docs/Web/HTTP/Status/403",2026-07-17T13:49:38.365374
aurore1943,bpt6k39606044,,failed,0,0,,http_manifest,known,403,manifest,"Client error '403 ' for url 'https://openapiproext.bnf.fr/iiif/presentation/v3/ark:/12148/bpt6k39606044/manifest.json'
For more information check: https://developer.mozilla.org/en-US/docs/Web/HTTP/Status/403",2026-07-17T13:49:39.566047
aurore1943,bpt6k38820841,,failed,0,0,,http_manifest,known,403,manifest,"Client error '403 ' for url 'https://openapiproext.bnf.fr/iiif/presentation/v3/ark:/12148/bpt6k38820841/manifest.json'
For more information check: https://developer.mozilla.org/en-US/docs/Web/HTTP/Status/403",2026-07-17T13:49:40.763213
aurore1943,bpt6k3960605j,,failed,0,0,,http_manifest,known,403,manifest,"Client error '403 ' for url 'https://openapiproext.bnf.fr/iiif/presentation/v3/ark:/12148/bpt6k3960605j/manifest.json'
For more information check: https://developer.mozilla.org/en-US/docs/Web/HTTP/Status/403",2026-07-17T13:49:41.973183
aurore1943,bpt6k3882085f,,failed,0,0,,http_manifest,known,403,manifest,"Client error '403 ' for url 'https://openapiproext.bnf.fr/iiif/presentation/v3/ark:/12148/bpt6k3882085f/manifest.json'
For more information check: https://developer.mozilla.org/en-US/docs/Web/HTTP/Status/403",2026-07-17T13:49:43.184096
aurore1943,bpt6k3960606z,,failed,0,0,,http_manifest,known,403,manifest,"Client error '403 ' for url 'https://openapiproext.bnf.fr/iiif/presentation/v3/ark:/12148/bpt6k3960606z/manifest.json'
For more information check: https://developer.mozilla.org/en-US/docs/Web/HTTP/Status/403",2026-07-17T13:49:44.373439
aurore1943,bpt6k3882086v,,failed,0,0,,http_manifest,known,403,manifest,"Client error '403 ' for url 'https://openapiproext.bnf.fr/iiif/presentation/v3/ark:/12148/bpt6k3882086v/manifest.json'
For more information check: https://developer.mozilla.org/en-US/docs/Web/HTTP/Status/403",2026-07-17T13:49:45.571502
aurore1943,bpt6k3960607c,,failed,0,0,,http_manifest,known,403,manifest,"Client error '403 ' for url 'https://openapiproext.bnf.fr/iiif/presentation/v3/ark:/12148/bpt6k3960607c/manifest.json'
For more information check: https://developer.mozilla.org/en-US/docs/Web/HTTP/Status/403",2026-07-17T13:49:46.774660
aurore1943,bpt6k38820878,,failed,0,0,,http_manifest,known,403,manifest,"Client error '403 ' for url 'https://openapiproext.bnf.fr/iiif/presentation/v3/ark:/12148/bpt6k38820878/manifest.json'
For more information check: https://developer.mozilla.org/en-US/docs/Web/HTTP/Status/403",2026-07-17T13:49:47.999408
aurore1943,bpt6k3960608s,,failed,0,0,,http_manifest,known,403,manifest,"Client error '403 ' for url 'https://openapiproext.bnf.fr/iiif/presentation/v3/ark:/12148/bpt6k3960608s/manifest.json'
For more information check: https://developer.mozilla.org/en-US/docs/Web/HTTP/Status/403",2026-07-17T13:49:49.175068
aurore1943,bpt6k3882088p,,failed,0,0,,http_manifest,known,403,manifest,"Client error '403 ' for url 'https://openapiproext.bnf.fr/iiif/presentation/v3/ark:/12148/bpt6k3882088p/manifest.json'
For more information check: https://developer.mozilla.org/en-US/docs/Web/HTTP/Status/403",2026-07-17T13:49:50.382554
aurore1943,bpt6k39606096,,failed,0,0,,http_manifest,known,403,manifest,"Client error '403 ' for url 'https://openapiproext.bnf.fr/iiif/presentation/v3/ark:/12148/bpt6k39606096/manifest.json'
For more information check: https://developer.mozilla.org/en-US/docs/Web/HTTP/Status/403",2026-07-17T13:49:51.579442
aurore1943,bpt6k38820893,,failed,0,0,,http_manifest,known,403,manifest,"Client error '403 ' for url 'https://openapiproext.bnf.fr/iiif/presentation/v3/ark:/12148/bpt6k38820893/manifest.json'
For more information check: https://developer.mozilla.org/en-US/docs/Web/HTTP/Status/403",2026-07-17T13:49:52.798356
aurore1943,bpt6k3960610v,,failed,0,0,,http_manifest,known,403,manifest,"Client error '403 ' for url 'https://openapiproext.bnf.fr/iiif/presentation/v3/ark:/12148/bpt6k3960610v/manifest.json'
For more information check: https://developer.mozilla.org/en-US/docs/Web/HTTP/Status/403",2026-07-17T13:49:53.985249
aurore1943,bpt6k3882090r,,failed,0,0,,http_manifest,known,403,manifest,"Client error '403 ' for url 'https://openapiproext.bnf.fr/iiif/presentation/v3/ark:/12148/bpt6k3882090r/manifest.json'
For more information check: https://developer.mozilla.org/en-US/docs/Web/HTTP/Status/403",2026-07-17T13:49:55.184517
aurore1943,bpt6k39606118,,failed,0,0,,http_manifest,known,403,manifest,"Client error '403 ' for url 'https://openapiproext.bnf.fr/iiif/presentation/v3/ark:/12148/bpt6k39606118/manifest.json'
For more information check: https://developer.mozilla.org/en-US/docs/Web/HTTP/Status/403",2026-07-17T13:49:56.387671
aurore1943,bpt6k38820915,,failed,0,0,,http_manifest,known,403,manifest,"Client error '403 ' for url 'https://openapiproext.bnf.fr/iiif/presentation/v3/ark:/12148/bpt6k38820915/manifest.json'
For more information check: https://developer.mozilla.org/en-US/docs/Web/HTTP/Status/403",2026-07-17T13:49:57.774545
aurore1943,bpt6k3960612p,,failed,0,0,,http_manifest,known,403,manifest,"Client error '403 ' for url 'https://openapiproext.bnf.fr/iiif/presentation/v3/ark:/12148/bpt6k3960612p/manifest.json'
For more information check: https://developer.mozilla.org/en-US/docs/Web/HTTP/Status/403",2026-07-17T13:49:58.792059
aurore1943,bpt6k3882092k,,failed,0,0,,http_manifest,known,403,manifest,"Client error '403 ' for url 'https://openapiproext.bnf.fr/iiif/presentation/v3/ark:/12148/bpt6k3882092k/manifest.json'
For more information check: https://developer.mozilla.org/en-US/docs/Web/HTTP/Status/403",2026-07-17T13:50:00.049316
aurore1943,bpt6k39606133,,failed,0,0,,http_manifest,known,403,manifest,"Client error '403 ' for url 'https://openapiproext.bnf.fr/iiif/presentation/v3/ark:/12148/bpt6k39606133/manifest.json'
For more information check: https://developer.mozilla.org/en-US/docs/Web/HTTP/Status/403",2026-07-17T13:50:01.341482
aurore1943,bpt6k38820930,,failed,0,0,,http_manifest,known,403,manifest,"Client error '403 ' for url 'https://openapiproext.bnf.fr/iiif/presentation/v3/ark:/12148/bpt6k38820930/manifest.json'
For more information check: https://developer.mozilla.org/en-US/docs/Web/HTTP/Status/403",2026-07-17T13:50:02.399539
aurore1943,bpt6k3960614h,,failed,0,0,,http_manifest,known,403,manifest,"Client error '403 ' for url 'https://openapiproext.bnf.fr/iiif/presentation/v3/ark:/12148/bpt6k3960614h/manifest.json'
For more information check: https://developer.mozilla.org/en-US/docs/Web/HTTP/Status/403",2026-07-17T13:50:03.783031
aurore1943,bpt6k3882094d,,failed,0,0,,http_manifest,known,403,manifest,"Client error '403 ' for url 'https://openapiproext.bnf.fr/iiif/presentation/v3/ark:/12148/bpt6k3882094d/manifest.json'
For more information check: https://developer.mozilla.org/en-US/docs/Web/HTTP/Status/403",2026-07-17T13:50:05.060902
aurore1943,bpt6k3960615x,,failed,0,0,,http_manifest,known,403,manifest,"Client error '403 ' for url 'https://openapiproext.bnf.fr/iiif/presentation/v3/ark:/12148/bpt6k3960615x/manifest.json'
For more information check: https://developer.mozilla.org/en-US/docs/Web/HTTP/Status/403",2026-07-17T13:50:06.191038
aurore1943,bpt6k3882095t,,failed,0,0,,http_manifest,known,403,manifest,"Client error '403 ' for url 'https://openapiproext.bnf.fr/iiif/presentation/v3/ark:/12148/bpt6k3882095t/manifest.json'
For more information check: https://developer.mozilla.org/en-US/docs/Web/HTTP/Status/403",2026-07-17T13:50:07.203573
aurore1943,bpt6k3960616b,,failed,0,0,,http_manifest,known,403,manifest,"Client error '403 ' for url 'https://openapiproext.bnf.fr/iiif/presentation/v3/ark:/12148/bpt6k3960616b/manifest.json'
For more information check: https://developer.mozilla.org/en-US/docs/Web/HTTP/Status/403",2026-07-17T13:50:08.402140
aurore1943,bpt6k38820967,,failed,0,0,,http_manifest,known,403,manifest,"Client error '403 ' for url 'https://openapiproext.bnf.fr/iiif/presentation/v3/ark:/12148/bpt6k38820967/manifest.json'
For more information check: https://developer.mozilla.org/en-US/docs/Web/HTTP/Status/403",2026-07-17T13:50:09.603345
aurore1943,bpt6k3960617r,,failed,0,0,,http_manifest,known,403,manifest,"Client error '403 ' for url 'https://openapiproext.bnf.fr/iiif/presentation/v3/ark:/12148/bpt6k3960617r/manifest.json'
For more information check: https://developer.mozilla.org/en-US/docs/Web/HTTP/Status/403",2026-07-17T13:50:10.829286
aurore1943,bpt6k3882097n,,failed,0,0,,http_manifest,known,403,manifest,"Client error '403 ' for url 'https://openapiproext.bnf.fr/iiif/presentation/v3/ark:/12148/bpt6k3882097n/manifest.json'
For more information check: https://developer.mozilla.org/en-US/docs/Web/HTTP/Status/403",2026-07-17T13:50:12.125441
aurore1943,bpt6k39606185,,failed,0,0,,http_manifest,known,403,manifest,"Client error '403 ' for url 'https://openapiproext.bnf.fr/iiif/presentation/v3/ark:/12148/bpt6k39606185/manifest.json'
For more information check: https://developer.mozilla.org/en-US/docs/Web/HTTP/Status/403",2026-07-17T13:50:13.213459
aurore1943,bpt6k38820982,,failed,0,0,,http_manifest,known,403,manifest,"Client error '403 ' for url 'https://openapiproext.bnf.fr/iiif/presentation/v3/ark:/12148/bpt6k38820982/manifest.json'
For more information check: https://developer.mozilla.org/en-US/docs/Web/HTTP/Status/403",2026-07-17T13:50:14.411598
aurore1943,bpt6k3960619k,,failed,0,0,,http_manifest,known,403,manifest,"Client error '403 ' for url 'https://openapiproext.bnf.fr/iiif/presentation/v3/ark:/12148/bpt6k3960619k/manifest.json'
For more information check: https://developer.mozilla.org/en-US/docs/Web/HTTP/Status/403",2026-07-17T13:50:15.609413
aurore1943,bpt6k3882099g,,failed,0,0,,http_manifest,known,403,manifest,"Client error '403 ' for url 'https://openapiproext.bnf.fr/iiif/presentation/v3/ark:/12148/bpt6k3882099g/manifest.json'
For more information check: https://developer.mozilla.org/en-US/docs/Web/HTTP/Status/403",2026-07-17T13:50:16.930183
aurore1943,bpt6k39606207,,failed,0,0,,http_manifest,known,403,manifest,"Client error '403 ' for url 'https://openapiproext.bnf.fr/iiif/presentation/v3/ark:/12148/bpt6k39606207/manifest.json'
For more information check: https://developer.mozilla.org/en-US/docs/Web/HTTP/Status/403",2026-07-17T13:50:18.270915
aurore1943,bpt6k3882100p,,failed,0,0,,http_manifest,known,403,manifest,"Client error '403 ' for url 'https://openapiproext.bnf.fr/iiif/presentation/v3/ark:/12148/bpt6k3882100p/manifest.json'
For more information check: https://developer.mozilla.org/en-US/docs/Web/HTTP/Status/403",2026-07-17T13:50:19.221450
aurore1943,bpt6k3960621n,,failed,0,0,,http_manifest,known,403,manifest,"Client error '403 ' for url 'https://openapiproext.bnf.fr/iiif/presentation/v3/ark:/12148/bpt6k3960621n/manifest.json'
For more information check: https://developer.mozilla.org/en-US/docs/Web/HTTP/Status/403",2026-07-17T13:50:20.418771
aurore1943,bpt6k38821013,,failed,0,0,,http_manifest,known,403,manifest,"Client error '403 ' for url 'https://openapiproext.bnf.fr/iiif/presentation/v3/ark:/12148/bpt6k38821013/manifest.json'
For more information check: https://developer.mozilla.org/en-US/docs/Web/HTTP/Status/403",2026-07-17T13:50:21.618691
aurore1943,bpt6k39606222,,failed,0,0,,http_manifest,known,403,manifest,"Client error '403 ' for url 'https://openapiproext.bnf.fr/iiif/presentation/v3/ark:/12148/bpt6k39606222/manifest.json'
For more information check: https://developer.mozilla.org/en-US/docs/Web/HTTP/Status/403",2026-07-17T13:50:22.818777
aurore1943,bpt6k3882102h,,failed,0,0,,http_manifest,known,403,manifest,"Client error '403 ' for url 'https://openapiproext.bnf.fr/iiif/presentation/v3/ark:/12148/bpt6k3882102h/manifest.json'
For more information check: https://developer.mozilla.org/en-US/docs/Web/HTTP/Status/403",2026-07-17T13:50:24.026817
aurore1943,bpt6k3960623g,,failed,0,0,,http_manifest,known,403,manifest,"Client error '403 ' for url 'https://openapiproext.bnf.fr/iiif/presentation/v3/ark:/12148/bpt6k3960623g/manifest.json'
For more information check: https://developer.mozilla.org/en-US/docs/Web/HTTP/Status/403",2026-07-17T13:50:25.220696
aurore1943,bpt6k3882103x,,failed,0,0,,http_manifest,known,403,manifest,"Client error '403 ' for url 'https://openapiproext.bnf.fr/iiif/presentation/v3/ark:/12148/bpt6k3882103x/manifest.json'
For more information check: https://developer.mozilla.org/en-US/docs/Web/HTTP/Status/403",2026-07-17T13:50:26.429794
aurore1943,bpt6k3960624w,,failed,0,0,,http_manifest,known,403,manifest,"Client error '403 ' for url 'https://openapiproext.bnf.fr/iiif/presentation/v3/ark:/12148/bpt6k3960624w/manifest.json'
For more information check: https://developer.mozilla.org/en-US/docs/Web/HTTP/Status/403",2026-07-17T13:50:27.629101
aurore1943,bpt6k3882104b,,failed,0,0,,http_manifest,known,403,manifest,"Client error '403 ' for url 'https://openapiproext.bnf.fr/iiif/presentation/v3/ark:/12148/bpt6k3882104b/manifest.json'
For more information check: https://developer.mozilla.org/en-US/docs/Web/HTTP/Status/403",2026-07-17T13:50:28.849444
aurore1943,bpt6k39606259,,failed,0,0,,http_manifest,known,403,manifest,"Client error '403 ' for url 'https://openapiproext.bnf.fr/iiif/presentation/v3/ark:/12148/bpt6k39606259/manifest.json'
For more information check: https://developer.mozilla.org/en-US/docs/Web/HTTP/Status/403",2026-07-17T13:50:30.029022
aurore1943,bpt6k3882105r,,failed,0,0,,http_manifest,known,403,manifest,"Client error '403 ' for url 'https://openapiproext.bnf.fr/iiif/presentation/v3/ark:/12148/bpt6k3882105r/manifest.json'
For more information check: https://developer.mozilla.org/en-US/docs/Web/HTTP/Status/403",2026-07-17T13:50:31.229187
aurore1943,bpt6k3960626q,,failed,0,0,,http_manifest,known,403,manifest,"Client error '403 ' for url 'https://openapiproext.bnf.fr/iiif/presentation/v3/ark:/12148/bpt6k3960626q/manifest.json'
For more information check: https://developer.mozilla.org/en-US/docs/Web/HTTP/Status/403",2026-07-17T13:50:32.431597
aurore1943,bpt6k38821065,,failed,0,0,,http_manifest,known,403,manifest,"Client error '403 ' for url 'https://openapiproext.bnf.fr/iiif/presentation/v3/ark:/12148/bpt6k38821065/manifest.json'
For more information check: https://developer.mozilla.org/en-US/docs/Web/HTTP/Status/403",2026-07-17T13:50:33.635493
aurore1943,bpt6k39606274,,failed,0,0,,http_manifest,known,403,manifest,"Client error '403 ' for url 'https://openapiproext.bnf.fr/iiif/presentation/v3/ark:/12148/bpt6k39606274/manifest.json'
For more information check: https://developer.mozilla.org/en-US/docs/Web/HTTP/Status/403",2026-07-17T13:50:34.847353
aurore1943,bpt6k3882107k,,failed,0,0,,http_manifest,known,403,manifest,"Client error '403 ' for url 'https://openapiproext.bnf.fr/iiif/presentation/v3/ark:/12148/bpt6k3882107k/manifest.json'
For more information check: https://developer.mozilla.org/en-US/docs/Web/HTTP/Status/403",2026-07-17T13:50:36.043593
aurore1943,bpt6k3960628j,,failed,0,0,,http_manifest,known,403,manifest,"Client error '403 ' for url 'https://openapiproext.bnf.fr/iiif/presentation/v3/ark:/12148/bpt6k3960628j/manifest.json'
For more information check: https://developer.mozilla.org/en-US/docs/Web/HTTP/Status/403",2026-07-17T13:50:37.239469
aurore1943,bpt6k38821080,,failed,0,0,,http_manifest,known,403,manifest,"Client error '403 ' for url 'https://openapiproext.bnf.fr/iiif/presentation/v3/ark:/12148/bpt6k38821080/manifest.json'
For more information check: https://developer.mozilla.org/en-US/docs/Web/HTTP/Status/403",2026-07-17T13:50:38.444469
aurore1943,bpt6k3960629z,,failed,0,0,,http_manifest,known,403,manifest,"Client error '403 ' for url 'https://openapiproext.bnf.fr/iiif/presentation/v3/ark:/12148/bpt6k3960629z/manifest.json'
For more information check: https://developer.mozilla.org/en-US/docs/Web/HTTP/Status/403",2026-07-17T13:50:39.644255
aurore1943,bpt6k3882109d,,failed,0,0,,http_manifest,known,403,manifest,"Client error '403 ' for url 'https://openapiproext.bnf.fr/iiif/presentation/v3/ark:/12148/bpt6k3882109d/manifest.json'
For more information check: https://developer.mozilla.org/en-US/docs/Web/HTTP/Status/403",2026-07-17T13:50:40.870209
aurore1943,bpt6k3960630m,,failed,0,0,,http_manifest,known,403,manifest,"Client error '403 ' for url 'https://openapiproext.bnf.fr/iiif/presentation/v3/ark:/12148/bpt6k3960630m/manifest.json'
For more information check: https://developer.mozilla.org/en-US/docs/Web/HTTP/Status/403",2026-07-17T13:50:42.053000
aurore1943,bpt6k38821102,,failed,0,0,,http_manifest,known,403,manifest,"Client error '403 ' for url 'https://openapiproext.bnf.fr/iiif/presentation/v3/ark:/12148/bpt6k38821102/manifest.json'
For more information check: https://developer.mozilla.org/en-US/docs/Web/HTTP/Status/403",2026-07-17T13:50:43.243573
aurore1943,bpt6k39606311,,failed,0,0,,http_manifest,known,403,manifest,"Client error '403 ' for url 'https://openapiproext.bnf.fr/iiif/presentation/v3/ark:/12148/bpt6k39606311/manifest.json'
For more information check: https://developer.mozilla.org/en-US/docs/Web/HTTP/Status/403",2026-07-17T13:50:44.447735
aurore1943,bpt6k3882111g,,failed,0,0,,http_manifest,known,403,manifest,"Client error '403 ' for url 'https://openapiproext.bnf.fr/iiif/presentation/v3/ark:/12148/bpt6k3882111g/manifest.json'
For more information check: https://developer.mozilla.org/en-US/docs/Web/HTTP/Status/403",2026-07-17T13:50:45.644281
aurore1943,bpt6k39562473,,failed,0,0,,http_manifest,known,403,manifest,"Client error '403 ' for url 'https://openapiproext.bnf.fr/iiif/presentation/v3/ark:/12148/bpt6k39562473/manifest.json'
For more information check: https://developer.mozilla.org/en-US/docs/Web/HTTP/Status/403",2026-07-17T13:50:46.872024
aurore1943,bpt6k3960632f,,failed,0,0,,http_manifest,known,403,manifest,"Client error '403 ' for url 'https://openapiproext.bnf.fr/iiif/presentation/v3/ark:/12148/bpt6k3960632f/manifest.json'
For more information check: https://developer.mozilla.org/en-US/docs/Web/HTTP/Status/403",2026-07-17T13:50:48.052323
aurore1943,bpt6k3882112w,,failed,0,0,,http_manifest,known,403,manifest,"Client error '403 ' for url 'https://openapiproext.bnf.fr/iiif/presentation/v3/ark:/12148/bpt6k3882112w/manifest.json'
For more information check: https://developer.mozilla.org/en-US/docs/Web/HTTP/Status/403",2026-07-17T13:50:49.253567
aurore1943,bpt6k3960633v,,failed,0,0,,http_manifest,known,403,manifest,"Client error '403 ' for url 'https://openapiproext.bnf.fr/iiif/presentation/v3/ark:/12148/bpt6k3960633v/manifest.json'
For more information check: https://developer.mozilla.org/en-US/docs/Web/HTTP/Status/403",2026-07-17T13:50:50.455838
aurore1943,bpt6k38821139,,failed,0,0,,http_manifest,known,403,manifest,"Client error '403 ' for url 'https://openapiproext.bnf.fr/iiif/presentation/v3/ark:/12148/bpt6k38821139/manifest.json'
For more information check: https://developer.mozilla.org/en-US/docs/Web/HTTP/Status/403",2026-07-17T13:50:51.655588
aurore1943,bpt6k39606348,,failed,0,0,,http_manifest,known,403,manifest,"Client error '403 ' for url 'https://openapiproext.bnf.fr/iiif/presentation/v3/ark:/12148/bpt6k39606348/manifest.json'
For more information check: https://developer.mozilla.org/en-US/docs/Web/HTTP/Status/403",2026-07-17T13:50:52.859930
aurore1943,bpt6k3882114q,,failed,0,0,,http_manifest,known,403,manifest,"Client error '403 ' for url 'https://openapiproext.bnf.fr/iiif/presentation/v3/ark:/12148/bpt6k3882114q/manifest.json'
For more information check: https://developer.mozilla.org/en-US/docs/Web/HTTP/Status/403",2026-07-17T13:50:54.060452
aurore1943,bpt6k3960635p,,failed,0,0,,http_manifest,known,403,manifest,"Client error '403 ' for url 'https://openapiproext.bnf.fr/iiif/presentation/v3/ark:/12148/bpt6k3960635p/manifest.json'
For more information check: https://developer.mozilla.org/en-US/docs/Web/HTTP/Status/403",2026-07-17T13:50:55.266068
aurore1943,bpt6k38821154,,failed,0,0,,http_manifest,known,403,manifest,"Client error '403 ' for url 'https://openapiproext.bnf.fr/iiif/presentation/v3/ark:/12148/bpt6k38821154/manifest.json'
For more information check: https://developer.mozilla.org/en-US/docs/Web/HTTP/Status/403",2026-07-17T13:50:56.465678
aurore1943,bpt6k39606363,,failed,0,0,,http_manifest,known,403,manifest,"Client error '403 ' for url 'https://openapiproext.bnf.fr/iiif/presentation/v3/ark:/12148/bpt6k39606363/manifest.json'
For more information check: https://developer.mozilla.org/en-US/docs/Web/HTTP/Status/403",2026-07-17T13:50:57.733560
aurore1943,bpt6k3882116j,,failed,0,0,,http_manifest,known,403,manifest,"Client error '403 ' for url 'https://openapiproext.bnf.fr/iiif/presentation/v3/ark:/12148/bpt6k3882116j/manifest.json'
For more information check: https://developer.mozilla.org/en-US/docs/Web/HTTP/Status/403",2026-07-17T13:50:58.894383
aurore1943,bpt6k3960637h,,failed,0,0,,http_manifest,known,403,manifest,"Client error '403 ' for url 'https://openapiproext.bnf.fr/iiif/presentation/v3/ark:/12148/bpt6k3960637h/manifest.json'
For more information check: https://developer.mozilla.org/en-US/docs/Web/HTTP/Status/403",2026-07-17T13:51:00.121126
aurore1943,bpt6k3882117z,,failed,0,0,,http_manifest,known,403,manifest,"Client error '403 ' for url 'https://openapiproext.bnf.fr/iiif/presentation/v3/ark:/12148/bpt6k3882117z/manifest.json'
For more information check: https://developer.mozilla.org/en-US/docs/Web/HTTP/Status/403",2026-07-17T13:51:01.271738
aurore1943,bpt6k3960638x,,failed,0,0,,http_manifest,known,403,manifest,"Client error '403 ' for url 'https://openapiproext.bnf.fr/iiif/presentation/v3/ark:/12148/bpt6k3960638x/manifest.json'
For more information check: https://developer.mozilla.org/en-US/docs/Web/HTTP/Status/403",2026-07-17T13:51:02.561309
aurore1943,bpt6k3882118c,,failed,0,0,,http_manifest,known,403,manifest,"Client error '403 ' for url 'https://openapiproext.bnf.fr/iiif/presentation/v3/ark:/12148/bpt6k3882118c/manifest.json'
For more information check: https://developer.mozilla.org/en-US/docs/Web/HTTP/Status/403",2026-07-17T13:51:03.870086
aurore1943,bpt6k3960639b,,failed,0,0,,http_manifest,known,403,manifest,"Client error '403 ' for url 'https://openapiproext.bnf.fr/iiif/presentation/v3/ark:/12148/bpt6k3960639b/manifest.json'
For more information check: https://developer.mozilla.org/en-US/docs/Web/HTTP/Status/403",2026-07-17T13:51:05.028349
aurore1943,bpt6k3882119s,,failed,0,0,,http_manifest,known,403,manifest,"Client error '403 ' for url 'https://openapiproext.bnf.fr/iiif/presentation/v3/ark:/12148/bpt6k3882119s/manifest.json'
For more information check: https://developer.mozilla.org/en-US/docs/Web/HTTP/Status/403",2026-07-17T13:51:06.227737
aurore1943,bpt6k39606400,,failed,0,0,,http_manifest,known,403,manifest,"Client error '403 ' for url 'https://openapiproext.bnf.fr/iiif/presentation/v3/ark:/12148/bpt6k39606400/manifest.json'
For more information check: https://developer.mozilla.org/en-US/docs/Web/HTTP/Status/403",2026-07-17T13:51:07.290689
aurore1943,bpt6k3882120f,,failed,0,0,,http_manifest,known,403,manifest,"Client error '403 ' for url 'https://openapiproext.bnf.fr/iiif/presentation/v3/ark:/12148/bpt6k3882120f/manifest.json'
For more information check: https://developer.mozilla.org/en-US/docs/Web/HTTP/Status/403",2026-07-17T13:51:08.480595
aurore1943,bpt6k3960641d,,failed,0,0,,http_manifest,known,403,manifest,"Client error '403 ' for url 'https://openapiproext.bnf.fr/iiif/presentation/v3/ark:/12148/bpt6k3960641d/manifest.json'
For more information check: https://developer.mozilla.org/en-US/docs/Web/HTTP/Status/403",2026-07-17T13:51:09.678591
aurore1943,bpt6k3882121v,,failed,0,0,,http_manifest,known,403,manifest,"Client error '403 ' for url 'https://openapiproext.bnf.fr/iiif/presentation/v3/ark:/12148/bpt6k3882121v/manifest.json'
For more information check: https://developer.mozilla.org/en-US/docs/Web/HTTP/Status/403",2026-07-17T13:51:10.990372
aurore1943,bpt6k3960642t,,failed,0,0,,http_manifest,known,403,manifest,"Client error '403 ' for url 'https://openapiproext.bnf.fr/iiif/presentation/v3/ark:/12148/bpt6k3960642t/manifest.json'
For more information check: https://developer.mozilla.org/en-US/docs/Web/HTTP/Status/403",2026-07-17T13:51:12.280587
aurore1943,bpt6k38821228,,failed,0,0,,http_manifest,known,403,manifest,"Client error '403 ' for url 'https://openapiproext.bnf.fr/iiif/presentation/v3/ark:/12148/bpt6k38821228/manifest.json'
For more information check: https://developer.mozilla.org/en-US/docs/Web/HTTP/Status/403",2026-07-17T13:51:13.288772
aurore1943,bpt6k39606437,,failed,0,0,,http_manifest,known,403,manifest,"Client error '403 ' for url 'https://openapiproext.bnf.fr/iiif/presentation/v3/ark:/12148/bpt6k39606437/manifest.json'
For more information check: https://developer.mozilla.org/en-US/docs/Web/HTTP/Status/403",2026-07-17T13:51:14.598301
aurore1943,bpt6k3882123p,,failed,0,0,,http_manifest,known,403,manifest,"Client error '403 ' for url 'https://openapiproext.bnf.fr/iiif/presentation/v3/ark:/12148/bpt6k3882123p/manifest.json'
For more information check: https://developer.mozilla.org/en-US/docs/Web/HTTP/Status/403",2026-07-17T13:51:15.690482
aurore1943,bpt6k3960644n,,failed,0,0,,http_manifest,known,403,manifest,"Client error '403 ' for url 'https://openapiproext.bnf.fr/iiif/presentation/v3/ark:/12148/bpt6k3960644n/manifest.json'
For more information check: https://developer.mozilla.org/en-US/docs/Web/HTTP/Status/403",2026-07-17T13:51:17.185185
aurore1943,bpt6k38821243,,failed,0,0,,http_manifest,known,403,manifest,"Client error '403 ' for url 'https://openapiproext.bnf.fr/iiif/presentation/v3/ark:/12148/bpt6k38821243/manifest.json'
For more information check: https://developer.mozilla.org/en-US/docs/Web/HTTP/Status/403",2026-07-17T13:51:18.220232
aurore1943,bpt6k39606452,,failed,0,0,,http_manifest,known,403,manifest,"Client error '403 ' for url 'https://openapiproext.bnf.fr/iiif/presentation/v3/ark:/12148/bpt6k39606452/manifest.json'
For more information check: https://developer.mozilla.org/en-US/docs/Web/HTTP/Status/403",2026-07-17T13:51:19.295777
aurore1943,bpt6k3882125h,,failed,0,0,,http_manifest,known,403,manifest,"Client error '403 ' for url 'https://openapiproext.bnf.fr/iiif/presentation/v3/ark:/12148/bpt6k3882125h/manifest.json'
For more information check: https://developer.mozilla.org/en-US/docs/Web/HTTP/Status/403",2026-07-17T13:51:20.497338
aurore1943,bpt6k3960646g,,failed,0,0,,http_manifest,known,403,manifest,"Client error '403 ' for url 'https://openapiproext.bnf.fr/iiif/presentation/v3/ark:/12148/bpt6k3960646g/manifest.json'
For more information check: https://developer.mozilla.org/en-US/docs/Web/HTTP/Status/403",2026-07-17T13:51:21.698744
aurore1943,bpt6k3882126x,,failed,0,0,,http_manifest,known,403,manifest,"Client error '403 ' for url 'https://openapiproext.bnf.fr/iiif/presentation/v3/ark:/12148/bpt6k3882126x/manifest.json'
For more information check: https://developer.mozilla.org/en-US/docs/Web/HTTP/Status/403",2026-07-17T13:51:22.899090
aurore1943,bpt6k3960647w,,failed,0,0,,http_manifest,known,403,manifest,"Client error '403 ' for url 'https://openapiproext.bnf.fr/iiif/presentation/v3/ark:/12148/bpt6k3960647w/manifest.json'
For more information check: https://developer.mozilla.org/en-US/docs/Web/HTTP/Status/403",2026-07-17T13:51:24.102817
aurore1943,bpt6k3882127b,,failed,0,0,,http_manifest,known,403,manifest,"Client error '403 ' for url 'https://openapiproext.bnf.fr/iiif/presentation/v3/ark:/12148/bpt6k3882127b/manifest.json'
For more information check: https://developer.mozilla.org/en-US/docs/Web/HTTP/Status/403",2026-07-17T13:51:25.304007
aurore1943,bpt6k39606489,,failed,0,0,,http_manifest,known,403,manifest,"Client error '403 ' for url 'https://openapiproext.bnf.fr/iiif/presentation/v3/ark:/12148/bpt6k39606489/manifest.json'
For more information check: https://developer.mozilla.org/en-US/docs/Web/HTTP/Status/403",2026-07-17T13:51:26.506485
aurore1943,bpt6k3882128r,,failed,0,0,,http_manifest,known,403,manifest,"Client error '403 ' for url 'https://openapiproext.bnf.fr/iiif/presentation/v3/ark:/12148/bpt6k3882128r/manifest.json'
For more information check: https://developer.mozilla.org/en-US/docs/Web/HTTP/Status/403",2026-07-17T13:51:27.706296
aurore1943,bpt6k3960649q,,failed,0,0,,http_manifest,known,403,manifest,"Client error '403 ' for url 'https://openapiproext.bnf.fr/iiif/presentation/v3/ark:/12148/bpt6k3960649q/manifest.json'
For more information check: https://developer.mozilla.org/en-US/docs/Web/HTTP/Status/403",2026-07-17T13:51:28.923951
aurore1943,bpt6k38821295,,failed,0,0,,http_manifest,known,403,manifest,"Client error '403 ' for url 'https://openapiproext.bnf.fr/iiif/presentation/v3/ark:/12148/bpt6k38821295/manifest.json'
For more information check: https://developer.mozilla.org/en-US/docs/Web/HTTP/Status/403",2026-07-17T13:51:30.110907
aurore1943,bpt6k3960650c,,failed,0,0,,http_manifest,known,403,manifest,"Client error '403 ' for url 'https://openapiproext.bnf.fr/iiif/presentation/v3/ark:/12148/bpt6k3960650c/manifest.json'
For more information check: https://developer.mozilla.org/en-US/docs/Web/HTTP/Status/403",2026-07-17T13:51:31.314446
aurore1943,bpt6k3882130t,,failed,0,0,,http_manifest,known,403,manifest,"Client error '403 ' for url 'https://openapiproext.bnf.fr/iiif/presentation/v3/ark:/12148/bpt6k3882130t/manifest.json'
For more information check: https://developer.mozilla.org/en-US/docs/Web/HTTP/Status/403",2026-07-17T13:51:32.516255
aurore1943,bpt6k3960651s,,failed,0,0,,http_manifest,known,403,manifest,"Client error '403 ' for url 'https://openapiproext.bnf.fr/iiif/presentation/v3/ark:/12148/bpt6k3960651s/manifest.json'
For more information check: https://developer.mozilla.org/en-US/docs/Web/HTTP/Status/403",2026-07-17T13:51:33.717971
aurore1943,bpt6k38821317,,failed,0,0,,http_manifest,known,403,manifest,"Client error '403 ' for url 'https://openapiproext.bnf.fr/iiif/presentation/v3/ark:/12148/bpt6k38821317/manifest.json'
For more information check: https://developer.mozilla.org/en-US/docs/Web/HTTP/Status/403",2026-07-17T13:51:34.935065
aurore1943,bpt6k39606526,,failed,0,0,,http_manifest,known,403,manifest,"Client error '403 ' for url 'https://openapiproext.bnf.fr/iiif/presentation/v3/ark:/12148/bpt6k39606526/manifest.json'
For more information check: https://developer.mozilla.org/en-US/docs/Web/HTTP/Status/403",2026-07-17T13:51:36.122057
aurore1943,bpt6k3882132n,,failed,0,0,,http_manifest,known,403,manifest,"Client error '403 ' for url 'https://openapiproext.bnf.fr/iiif/presentation/v3/ark:/12148/bpt6k3882132n/manifest.json'
For more information check: https://developer.mozilla.org/en-US/docs/Web/HTTP/Status/403",2026-07-17T13:51:37.321448
aurore1943,bpt6k3960653m,,failed,0,0,,http_manifest,known,403,manifest,"Client error '403 ' for url 'https://openapiproext.bnf.fr/iiif/presentation/v3/ark:/12148/bpt6k3960653m/manifest.json'
For more information check: https://developer.mozilla.org/en-US/docs/Web/HTTP/Status/403",2026-07-17T13:51:38.524856
aurore1943,bpt6k38821332,,failed,0,0,,http_manifest,known,403,manifest,"Client error '403 ' for url 'https://openapiproext.bnf.fr/iiif/presentation/v3/ark:/12148/bpt6k38821332/manifest.json'
For more information check: https://developer.mozilla.org/en-US/docs/Web/HTTP/Status/403",2026-07-17T13:51:39.729499
aurore1943,bpt6k39606541,,failed,0,0,,http_manifest,known,403,manifest,"Client error '403 ' for url 'https://openapiproext.bnf.fr/iiif/presentation/v3/ark:/12148/bpt6k39606541/manifest.json'
For more information check: https://developer.mozilla.org/en-US/docs/Web/HTTP/Status/403",2026-07-17T13:51:40.922975
aurore1943,bpt6k3882134g,,failed,0,0,,http_manifest,known,403,manifest,"Client error '403 ' for url 'https://openapiproext.bnf.fr/iiif/presentation/v3/ark:/12148/bpt6k3882134g/manifest.json'
For more information check: https://developer.mozilla.org/en-US/docs/Web/HTTP/Status/403",2026-07-17T13:51:42.125069
aurore1943,bpt6k3960655f,,failed,0,0,,http_manifest,known,403,manifest,"Client error '403 ' for url 'https://openapiproext.bnf.fr/iiif/presentation/v3/ark:/12148/bpt6k3960655f/manifest.json'
For more information check: https://developer.mozilla.org/en-US/docs/Web/HTTP/Status/403",2026-07-17T13:51:43.329377
aurore1943,bpt6k3882135w,,failed,0,0,,http_manifest,known,403,manifest,"Client error '403 ' for url 'https://openapiproext.bnf.fr/iiif/presentation/v3/ark:/12148/bpt6k3882135w/manifest.json'
For more information check: https://developer.mozilla.org/en-US/docs/Web/HTTP/Status/403",2026-07-17T13:51:44.528591
aurore1943,bpt6k3960656v,,failed,0,0,,http_manifest,known,403,manifest,"Client error '403 ' for url 'https://openapiproext.bnf.fr/iiif/presentation/v3/ark:/12148/bpt6k3960656v/manifest.json'
For more information check: https://developer.mozilla.org/en-US/docs/Web/HTTP/Status/403",2026-07-17T13:51:45.730173
aurore1943,bpt6k38821384,,failed,0,0,,http_manifest,known,403,manifest,"Client error '403 ' for url 'https://openapiproext.bnf.fr/iiif/presentation/v3/ark:/12148/bpt6k38821384/manifest.json'
For more information check: https://developer.mozilla.org/en-US/docs/Web/HTTP/Status/403",2026-07-17T13:51:46.959021
aurore1943,bpt6k39606593,,failed,0,0,,http_manifest,known,403,manifest,"Client error '403 ' for url 'https://openapiproext.bnf.fr/iiif/presentation/v3/ark:/12148/bpt6k39606593/manifest.json'
For more information check: https://developer.mozilla.org/en-US/docs/Web/HTTP/Status/403",2026-07-17T13:51:48.134660
aurore1943,bpt6k3882139j,,failed,0,0,,http_manifest,known,403,manifest,"Client error '403 ' for url 'https://openapiproext.bnf.fr/iiif/presentation/v3/ark:/12148/bpt6k3882139j/manifest.json'
For more information check: https://developer.mozilla.org/en-US/docs/Web/HTTP/Status/403",2026-07-17T13:51:49.335163
aurore1943,bpt6k3960660r,,failed,0,0,,http_manifest,known,403,manifest,"Client error '403 ' for url 'https://openapiproext.bnf.fr/iiif/presentation/v3/ark:/12148/bpt6k3960660r/manifest.json'
For more information check: https://developer.mozilla.org/en-US/docs/Web/HTTP/Status/403",2026-07-17T13:51:50.537646
aurore1943,bpt6k38821406,,failed,0,0,,http_manifest,known,403,manifest,"Client error '403 ' for url 'https://openapiproext.bnf.fr/iiif/presentation/v3/ark:/12148/bpt6k38821406/manifest.json'
For more information check: https://developer.mozilla.org/en-US/docs/Web/HTTP/Status/403",2026-07-17T13:51:51.748938
aurore1943,bpt6k3882141m,,failed,0,0,,http_manifest,known,403,manifest,"Client error '403 ' for url 'https://openapiproext.bnf.fr/iiif/presentation/v3/ark:/12148/bpt6k3882141m/manifest.json'
For more information check: https://developer.mozilla.org/en-US/docs/Web/HTTP/Status/403",2026-07-17T13:51:52.939209
aurore1943,bpt6k3960662k,,failed,0,0,,http_manifest,known,403,manifest,"Client error '403 ' for url 'https://openapiproext.bnf.fr/iiif/presentation/v3/ark:/12148/bpt6k3960662k/manifest.json'
For more information check: https://developer.mozilla.org/en-US/docs/Web/HTTP/Status/403",2026-07-17T13:51:54.143741
aurore1943,bpt6k38821421,,failed,0,0,,http_manifest,known,403,manifest,"Client error '403 ' for url 'https://openapiproext.bnf.fr/iiif/presentation/v3/ark:/12148/bpt6k38821421/manifest.json'
For more information check: https://developer.mozilla.org/en-US/docs/Web/HTTP/Status/403",2026-07-17T13:51:55.348189
aurore1943,bpt6k39606630,,failed,0,0,,http_manifest,known,403,manifest,"Client error '403 ' for url 'https://openapiproext.bnf.fr/iiif/presentation/v3/ark:/12148/bpt6k39606630/manifest.json'
For more information check: https://developer.mozilla.org/en-US/docs/Web/HTTP/Status/403",2026-07-17T13:51:56.548886
aurore1943,bpt6k3882143f,,failed,0,0,,http_manifest,known,403,manifest,"Client error '403 ' for url 'https://openapiproext.bnf.fr/iiif/presentation/v3/ark:/12148/bpt6k3882143f/manifest.json'
For more information check: https://developer.mozilla.org/en-US/docs/Web/HTTP/Status/403",2026-07-17T13:51:57.751501
aurore1943,bpt6k3960664d,,failed,0,0,,http_manifest,known,403,manifest,"Client error '403 ' for url 'https://openapiproext.bnf.fr/iiif/presentation/v3/ark:/12148/bpt6k3960664d/manifest.json'
For more information check: https://developer.mozilla.org/en-US/docs/Web/HTTP/Status/403",2026-07-17T13:51:59.245953
aurore1943,bpt6k3882144v,,failed,0,0,,http_manifest,known,403,manifest,"Client error '403 ' for url 'https://openapiproext.bnf.fr/iiif/presentation/v3/ark:/12148/bpt6k3882144v/manifest.json'
For more information check: https://developer.mozilla.org/en-US/docs/Web/HTTP/Status/403",2026-07-17T13:52:00.150836
aurore1943,bpt6k3960665t,,failed,0,0,,http_manifest,known,403,manifest,"Client error '403 ' for url 'https://openapiproext.bnf.fr/iiif/presentation/v3/ark:/12148/bpt6k3960665t/manifest.json'
For more information check: https://developer.mozilla.org/en-US/docs/Web/HTTP/Status/403",2026-07-17T13:52:01.439752
aurore1943,bpt6k3960667n,,failed,0,0,,http_manifest,known,403,manifest,"Client error '403 ' for url 'https://openapiproext.bnf.fr/iiif/presentation/v3/ark:/12148/bpt6k3960667n/manifest.json'
For more information check: https://developer.mozilla.org/en-US/docs/Web/HTTP/Status/403",2026-07-17T13:52:02.554685
aurore1943,bpt6k38821473,,failed,0,0,,http_manifest,known,403,manifest,"Client error '403 ' for url 'https://openapiproext.bnf.fr/iiif/presentation/v3/ark:/12148/bpt6k38821473/manifest.json'
For more information check: https://developer.mozilla.org/en-US/docs/Web/HTTP/Status/403",2026-07-17T13:52:03.947595
aurore1943,bpt6k39606682,,failed,0,0,,http_manifest,known,403,manifest,"Client error '403 ' for url 'https://openapiproext.bnf.fr/iiif/presentation/v3/ark:/12148/bpt6k39606682/manifest.json'
For more information check: https://developer.mozilla.org/en-US/docs/Web/HTTP/Status/403",2026-07-17T13:52:04.982494
aurore1943,bpt6k3882148h,,failed,0,0,,http_manifest,known,403,manifest,"Client error '403 ' for url 'https://openapiproext.bnf.fr/iiif/presentation/v3/ark:/12148/bpt6k3882148h/manifest.json'
For more information check: https://developer.mozilla.org/en-US/docs/Web/HTTP/Status/403",2026-07-17T13:52:06.238250
aurore1943,bpt6k3960669g,,failed,0,0,,http_manifest,known,403,manifest,"Client error '403 ' for url 'https://openapiproext.bnf.fr/iiif/presentation/v3/ark:/12148/bpt6k3960669g/manifest.json'
For more information check: https://developer.mozilla.org/en-US/docs/Web/HTTP/Status/403",2026-07-17T13:52:07.624650
aurore1943,bpt6k3882149x,,failed,0,0,,http_manifest,known,403,manifest,"Client error '403 ' for url 'https://openapiproext.bnf.fr/iiif/presentation/v3/ark:/12148/bpt6k3882149x/manifest.json'
For more information check: https://developer.mozilla.org/en-US/docs/Web/HTTP/Status/403",2026-07-17T13:52:08.562436
aurore1943,bpt6k39606704,,failed,0,0,,http_manifest,known,403,manifest,"Client error '403 ' for url 'https://openapiproext.bnf.fr/iiif/presentation/v3/ark:/12148/bpt6k39606704/manifest.json'
For more information check: https://developer.mozilla.org/en-US/docs/Web/HTTP/Status/403",2026-07-17T13:52:09.762959
aurore1943,bpt6k3882150k,,failed,0,0,,http_manifest,known,403,manifest,"Client error '403 ' for url 'https://openapiproext.bnf.fr/iiif/presentation/v3/ark:/12148/bpt6k3882150k/manifest.json'
For more information check: https://developer.mozilla.org/en-US/docs/Web/HTTP/Status/403",2026-07-17T13:52:10.972383
aurore1943,bpt6k3960671j,,failed,0,0,,http_manifest,known,403,manifest,"Client error '403 ' for url 'https://openapiproext.bnf.fr/iiif/presentation/v3/ark:/12148/bpt6k3960671j/manifest.json'
For more information check: https://developer.mozilla.org/en-US/docs/Web/HTTP/Status/403",2026-07-17T13:52:12.208220
aurore1943,bpt6k38821510,,failed,0,0,,http_manifest,known,403,manifest,"Client error '403 ' for url 'https://openapiproext.bnf.fr/iiif/presentation/v3/ark:/12148/bpt6k38821510/manifest.json'
For more information check: https://developer.mozilla.org/en-US/docs/Web/HTTP/Status/403",2026-07-17T13:52:13.411074
aurore1943,bpt6k3960672z,,failed,0,0,,http_manifest,known,403,manifest,"Client error '403 ' for url 'https://openapiproext.bnf.fr/iiif/presentation/v3/ark:/12148/bpt6k3960672z/manifest.json'
For more information check: https://developer.mozilla.org/en-US/docs/Web/HTTP/Status/403",2026-07-17T13:52:14.682706
aurore1943,bpt6k3882152d,,failed,0,0,,http_manifest,known,403,manifest,"Client error '403 ' for url 'https://openapiproext.bnf.fr/iiif/presentation/v3/ark:/12148/bpt6k3882152d/manifest.json'
For more information check: https://developer.mozilla.org/en-US/docs/Web/HTTP/Status/403",2026-07-17T13:52:15.769545
aurore1943,bpt6k3960673c,,failed,0,0,,http_manifest,known,403,manifest,"Client error '403 ' for url 'https://openapiproext.bnf.fr/iiif/presentation/v3/ark:/12148/bpt6k3960673c/manifest.json'
For more information check: https://developer.mozilla.org/en-US/docs/Web/HTTP/Status/403",2026-07-17T13:52:17.000863
aurore1943,bpt6k3882153t,,failed,0,0,,http_manifest,known,403,manifest,"Client error '403 ' for url 'https://openapiproext.bnf.fr/iiif/presentation/v3/ark:/12148/bpt6k3882153t/manifest.json'
For more information check: https://developer.mozilla.org/en-US/docs/Web/HTTP/Status/403",2026-07-17T13:52:18.290861
aurore1943,bpt6k3960674s,,failed,0,0,,http_manifest,known,403,manifest,"Client error '403 ' for url 'https://openapiproext.bnf.fr/iiif/presentation/v3/ark:/12148/bpt6k3960674s/manifest.json'
For more information check: https://developer.mozilla.org/en-US/docs/Web/HTTP/Status/403",2026-07-17T13:52:19.374213
aurore1943,bpt6k38821547,,failed,0,0,,http_manifest,known,403,manifest,"Client error '403 ' for url 'https://openapiproext.bnf.fr/iiif/presentation/v3/ark:/12148/bpt6k38821547/manifest.json'
For more information check: https://developer.mozilla.org/en-US/docs/Web/HTTP/Status/403",2026-07-17T13:52:20.575812
aurore1943,bpt6k39606756,,failed,0,0,,http_manifest,known,403,manifest,"Client error '403 ' for url 'https://openapiproext.bnf.fr/iiif/presentation/v3/ark:/12148/bpt6k39606756/manifest.json'
For more information check: https://developer.mozilla.org/en-US/docs/Web/HTTP/Status/403",2026-07-17T13:52:21.777272
aurore1943,bpt6k3882155n,,failed,0,0,,http_manifest,known,403,manifest,"Client error '403 ' for url 'https://openapiproext.bnf.fr/iiif/presentation/v3/ark:/12148/bpt6k3882155n/manifest.json'
For more information check: https://developer.mozilla.org/en-US/docs/Web/HTTP/Status/403",2026-07-17T13:52:22.980658
aurore1943,bpt6k3960676m,,failed,0,0,,http_manifest,known,403,manifest,"Client error '403 ' for url 'https://openapiproext.bnf.fr/iiif/presentation/v3/ark:/12148/bpt6k3960676m/manifest.json'
For more information check: https://developer.mozilla.org/en-US/docs/Web/HTTP/Status/403",2026-07-17T13:52:24.181110
aurore1943,bpt6k38821562,,failed,0,0,,http_manifest,known,403,manifest,"Client error '403 ' for url 'https://openapiproext.bnf.fr/iiif/presentation/v3/ark:/12148/bpt6k38821562/manifest.json'
For more information check: https://developer.mozilla.org/en-US/docs/Web/HTTP/Status/403",2026-07-17T13:52:25.381108
aurore1943,bpt6k39606771,,failed,0,0,,http_manifest,known,403,manifest,"Client error '403 ' for url 'https://openapiproext.bnf.fr/iiif/presentation/v3/ark:/12148/bpt6k39606771/manifest.json'
For more information check: https://developer.mozilla.org/en-US/docs/Web/HTTP/Status/403",2026-07-17T13:52:26.586282
aurore1943,bpt6k3882157g,,failed,0,0,,http_manifest,known,403,manifest,"Client error '403 ' for url 'https://openapiproext.bnf.fr/iiif/presentation/v3/ark:/12148/bpt6k3882157g/manifest.json'
For more information check: https://developer.mozilla.org/en-US/docs/Web/HTTP/Status/403",2026-07-17T13:52:27.783458
aurore1943,bpt6k3960678f,,failed,0,0,,http_manifest,known,403,manifest,"Client error '403 ' for url 'https://openapiproext.bnf.fr/iiif/presentation/v3/ark:/12148/bpt6k3960678f/manifest.json'
For more information check: https://developer.mozilla.org/en-US/docs/Web/HTTP/Status/403",2026-07-17T13:52:29.011901
aurore1943,bpt6k3882158w,,failed,0,0,,http_manifest,known,403,manifest,"Client error '403 ' for url 'https://openapiproext.bnf.fr/iiif/presentation/v3/ark:/12148/bpt6k3882158w/manifest.json'
For more information check: https://developer.mozilla.org/en-US/docs/Web/HTTP/Status/403",2026-07-17T13:52:30.188475
aurore1943,bpt6k3960679v,,failed,0,0,,http_manifest,known,403,manifest,"Client error '403 ' for url 'https://openapiproext.bnf.fr/iiif/presentation/v3/ark:/12148/bpt6k3960679v/manifest.json'
For more information check: https://developer.mozilla.org/en-US/docs/Web/HTTP/Status/403",2026-07-17T13:52:31.392279
aurore1943,bpt6k38821599,,failed,0,0,,http_manifest,known,403,manifest,"Client error '403 ' for url 'https://openapiproext.bnf.fr/iiif/presentation/v3/ark:/12148/bpt6k38821599/manifest.json'
For more information check: https://developer.mozilla.org/en-US/docs/Web/HTTP/Status/403",2026-07-17T13:52:32.592421
aurore1943,bpt6k3960680h,,failed,0,0,,http_manifest,known,403,manifest,"Client error '403 ' for url 'https://openapiproext.bnf.fr/iiif/presentation/v3/ark:/12148/bpt6k3960680h/manifest.json'
For more information check: https://developer.mozilla.org/en-US/docs/Web/HTTP/Status/403",2026-07-17T13:52:33.798104
aurore1943,bpt6k3882160z,,failed,0,0,,http_manifest,known,403,manifest,"Client error '403 ' for url 'https://openapiproext.bnf.fr/iiif/presentation/v3/ark:/12148/bpt6k3882160z/manifest.json'
For more information check: https://developer.mozilla.org/en-US/docs/Web/HTTP/Status/403",2026-07-17T13:52:35.020067
aurore1943,bpt6k3960681x,,failed,0,0,,http_manifest,known,403,manifest,"Client error '403 ' for url 'https://openapiproext.bnf.fr/iiif/presentation/v3/ark:/12148/bpt6k3960681x/manifest.json'
For more information check: https://developer.mozilla.org/en-US/docs/Web/HTTP/Status/403",2026-07-17T13:52:36.199633
aurore1943,bpt6k3882161c,,failed,0,0,,http_manifest,known,403,manifest,"Client error '403 ' for url 'https://openapiproext.bnf.fr/iiif/presentation/v3/ark:/12148/bpt6k3882161c/manifest.json'
For more information check: https://developer.mozilla.org/en-US/docs/Web/HTTP/Status/403",2026-07-17T13:52:37.401461
aurore1943,bpt6k3960682b,,failed,0,0,,http_manifest,known,403,manifest,"Client error '403 ' for url 'https://openapiproext.bnf.fr/iiif/presentation/v3/ark:/12148/bpt6k3960682b/manifest.json'
For more information check: https://developer.mozilla.org/en-US/docs/Web/HTTP/Status/403",2026-07-17T13:52:38.601724
aurore1943,bpt6k3882162s,,failed,0,0,,http_manifest,known,403,manifest,"Client error '403 ' for url 'https://openapiproext.bnf.fr/iiif/presentation/v3/ark:/12148/bpt6k3882162s/manifest.json'
For more information check: https://developer.mozilla.org/en-US/docs/Web/HTTP/Status/403",2026-07-17T13:52:39.806561
aurore1943,bpt6k3960683r,,failed,0,0,,http_manifest,known,403,manifest,"Client error '403 ' for url 'https://openapiproext.bnf.fr/iiif/presentation/v3/ark:/12148/bpt6k3960683r/manifest.json'
For more information check: https://developer.mozilla.org/en-US/docs/Web/HTTP/Status/403",2026-07-17T13:52:41.006197
aurore1943,bpt6k38821636,,failed,0,0,,http_manifest,known,403,manifest,"Client error '403 ' for url 'https://openapiproext.bnf.fr/iiif/presentation/v3/ark:/12148/bpt6k38821636/manifest.json'
For more information check: https://developer.mozilla.org/en-US/docs/Web/HTTP/Status/403",2026-07-17T13:52:42.207572
aurore1943,bpt6k39606845,,failed,0,0,,http_manifest,known,403,manifest,"Client error '403 ' for url 'https://openapiproext.bnf.fr/iiif/presentation/v3/ark:/12148/bpt6k39606845/manifest.json'
For more information check: https://developer.mozilla.org/en-US/docs/Web/HTTP/Status/403",2026-07-17T13:52:43.408159
aurore1943,bpt6k3882164m,,failed,0,0,,http_manifest,known,403,manifest,"Client error '403 ' for url 'https://openapiproext.bnf.fr/iiif/presentation/v3/ark:/12148/bpt6k3882164m/manifest.json'
For more information check: https://developer.mozilla.org/en-US/docs/Web/HTTP/Status/403",2026-07-17T13:52:44.609237
aurore1943,bpt6k3960685k,,failed,0,0,,http_manifest,known,403,manifest,"Client error '403 ' for url 'https://openapiproext.bnf.fr/iiif/presentation/v3/ark:/12148/bpt6k3960685k/manifest.json'
For more information check: https://developer.mozilla.org/en-US/docs/Web/HTTP/Status/403",2026-07-17T13:52:45.810459
aurore1943,bpt6k38821651,,failed,0,0,,http_manifest,known,403,manifest,"Client error '403 ' for url 'https://openapiproext.bnf.fr/iiif/presentation/v3/ark:/12148/bpt6k38821651/manifest.json'
For more information check: https://developer.mozilla.org/en-US/docs/Web/HTTP/Status/403",2026-07-17T13:52:47.040455
aurore1943,bpt6k39606860,,failed,0,0,,http_manifest,known,403,manifest,"Client error '403 ' for url 'https://openapiproext.bnf.fr/iiif/presentation/v3/ark:/12148/bpt6k39606860/manifest.json'
For more information check: https://developer.mozilla.org/en-US/docs/Web/HTTP/Status/403",2026-07-17T13:52:48.217298
aurore1943,bpt6k3882166f,,failed,0,0,,http_manifest,known,403,manifest,"Client error '403 ' for url 'https://openapiproext.bnf.fr/iiif/presentation/v3/ark:/12148/bpt6k3882166f/manifest.json'
For more information check: https://developer.mozilla.org/en-US/docs/Web/HTTP/Status/403",2026-07-17T13:52:49.411550
aurore1943,bpt6k3960687d,,failed,0,0,,http_manifest,known,403,manifest,"Client error '403 ' for url 'https://openapiproext.bnf.fr/iiif/presentation/v3/ark:/12148/bpt6k3960687d/manifest.json'
For more information check: https://developer.mozilla.org/en-US/docs/Web/HTTP/Status/403",2026-07-17T13:52:50.615972
aurore1943,bpt6k3882167v,,failed,0,0,,http_manifest,known,403,manifest,"Client error '403 ' for url 'https://openapiproext.bnf.fr/iiif/presentation/v3/ark:/12148/bpt6k3882167v/manifest.json'
For more information check: https://developer.mozilla.org/en-US/docs/Web/HTTP/Status/403",2026-07-17T13:52:51.819916
aurore1943,bpt6k3960688t,,failed,0,0,,http_manifest,known,403,manifest,"Client error '403 ' for url 'https://openapiproext.bnf.fr/iiif/presentation/v3/ark:/12148/bpt6k3960688t/manifest.json'
For more information check: https://developer.mozilla.org/en-US/docs/Web/HTTP/Status/403",2026-07-17T13:52:53.021702
aurore1943,bpt6k38821688,,failed,0,0,,http_manifest,known,403,manifest,"Client error '403 ' for url 'https://openapiproext.bnf.fr/iiif/presentation/v3/ark:/12148/bpt6k38821688/manifest.json'
For more information check: https://developer.mozilla.org/en-US/docs/Web/HTTP/Status/403",2026-07-17T13:52:54.222109
aurore1943,bpt6k39606897,,failed,0,0,,http_manifest,known,403,manifest,"Client error '403 ' for url 'https://openapiproext.bnf.fr/iiif/presentation/v3/ark:/12148/bpt6k39606897/manifest.json'
For more information check: https://developer.mozilla.org/en-US/docs/Web/HTTP/Status/403",2026-07-17T13:52:55.423467
aurore1943,bpt6k3882169p,,failed,0,0,,http_manifest,known,403,manifest,"Client error '403 ' for url 'https://openapiproext.bnf.fr/iiif/presentation/v3/ark:/12148/bpt6k3882169p/manifest.json'
For more information check: https://developer.mozilla.org/en-US/docs/Web/HTTP/Status/403",2026-07-17T13:52:56.620359
aurore1943,bpt6k3960690w,,failed,0,0,,http_manifest,known,403,manifest,"Client error '403 ' for url 'https://openapiproext.bnf.fr/iiif/presentation/v3/ark:/12148/bpt6k3960690w/manifest.json'
For more information check: https://developer.mozilla.org/en-US/docs/Web/HTTP/Status/403",2026-07-17T13:52:58.091963
aurore1943,bpt6k3882170b,,failed,0,0,,http_manifest,known,403,manifest,"Client error '403 ' for url 'https://openapiproext.bnf.fr/iiif/presentation/v3/ark:/12148/bpt6k3882170b/manifest.json'
For more information check: https://developer.mozilla.org/en-US/docs/Web/HTTP/Status/403",2026-07-17T13:52:59.161161
aurore1943,bpt6k39606919,,failed,0,0,,http_manifest,known,403,manifest,"Client error '403 ' for url 'https://openapiproext.bnf.fr/iiif/presentation/v3/ark:/12148/bpt6k39606919/manifest.json'
For more information check: https://developer.mozilla.org/en-US/docs/Web/HTTP/Status/403",2026-07-17T13:53:00.479918
aurore1943,bpt6k3882171r,,failed,0,0,,http_manifest,known,403,manifest,"Client error '403 ' for url 'https://openapiproext.bnf.fr/iiif/presentation/v3/ark:/12148/bpt6k3882171r/manifest.json'
For more information check: https://developer.mozilla.org/en-US/docs/Web/HTTP/Status/403",2026-07-17T13:53:01.594222
aurore1943,bpt6k3960692q,,failed,0,0,,http_manifest,known,403,manifest,"Client error '403 ' for url 'https://openapiproext.bnf.fr/iiif/presentation/v3/ark:/12148/bpt6k3960692q/manifest.json'
For more information check: https://developer.mozilla.org/en-US/docs/Web/HTTP/Status/403",2026-07-17T13:53:02.631905
aurore1943,bpt6k38821725,,failed,0,0,,http_manifest,known,403,manifest,"Client error '403 ' for url 'https://openapiproext.bnf.fr/iiif/presentation/v3/ark:/12148/bpt6k38821725/manifest.json'
For more information check: https://developer.mozilla.org/en-US/docs/Web/HTTP/Status/403",2026-07-17T13:53:04.087034
aurore1943,bpt6k39606934,,failed,0,0,,http_manifest,known,403,manifest,"Client error '403 ' for url 'https://openapiproext.bnf.fr/iiif/presentation/v3/ark:/12148/bpt6k39606934/manifest.json'
For more information check: https://developer.mozilla.org/en-US/docs/Web/HTTP/Status/403",2026-07-17T13:53:05.255947
aurore1943,bpt6k3882173k,,failed,0,0,,http_manifest,known,403,manifest,"Client error '403 ' for url 'https://openapiproext.bnf.fr/iiif/presentation/v3/ark:/12148/bpt6k3882173k/manifest.json'
For more information check: https://developer.mozilla.org/en-US/docs/Web/HTTP/Status/403",2026-07-17T13:53:06.324554
aurore1943,bpt6k3960694j,,failed,0,0,,http_manifest,known,403,manifest,"Client error '403 ' for url 'https://openapiproext.bnf.fr/iiif/presentation/v3/ark:/12148/bpt6k3960694j/manifest.json'
For more information check: https://developer.mozilla.org/en-US/docs/Web/HTTP/Status/403",2026-07-17T13:53:07.454369
aurore1943,bpt6k38821740,,failed,0,0,,http_manifest,known,403,manifest,"Client error '403 ' for url 'https://openapiproext.bnf.fr/iiif/presentation/v3/ark:/12148/bpt6k38821740/manifest.json'
For more information check: https://developer.mozilla.org/en-US/docs/Web/HTTP/Status/403",2026-07-17T13:53:08.638168
aurore1943,bpt6k3960695z,,failed,0,0,,http_manifest,known,403,manifest,"Client error '403 ' for url 'https://openapiproext.bnf.fr/iiif/presentation/v3/ark:/12148/bpt6k3960695z/manifest.json'
For more information check: https://developer.mozilla.org/en-US/docs/Web/HTTP/Status/403",2026-07-17T13:53:09.928998
aurore1943,bpt6k3882175d,,failed,0,0,,http_manifest,known,403,manifest,"Client error '403 ' for url 'https://openapiproext.bnf.fr/iiif/presentation/v3/ark:/12148/bpt6k3882175d/manifest.json'
For more information check: https://developer.mozilla.org/en-US/docs/Web/HTTP/Status/403",2026-07-17T13:53:11.042248
aurore1943,bpt6k3960696c,,failed,0,0,,http_manifest,known,403,manifest,"Client error '403 ' for url 'https://openapiproext.bnf.fr/iiif/presentation/v3/ark:/12148/bpt6k3960696c/manifest.json'
For more information check: https://developer.mozilla.org/en-US/docs/Web/HTTP/Status/403",2026-07-17T13:53:12.243588
aurore1943,bpt6k3882176t,,failed,0,0,,http_manifest,known,403,manifest,"Client error '403 ' for url 'https://openapiproext.bnf.fr/iiif/presentation/v3/ark:/12148/bpt6k3882176t/manifest.json'
For more information check: https://developer.mozilla.org/en-US/docs/Web/HTTP/Status/403",2026-07-17T13:53:13.441550
aurore1943,bpt6k3960697s,,failed,0,0,,http_manifest,known,403,manifest,"Client error '403 ' for url 'https://openapiproext.bnf.fr/iiif/presentation/v3/ark:/12148/bpt6k3960697s/manifest.json'
For more information check: https://developer.mozilla.org/en-US/docs/Web/HTTP/Status/403",2026-07-17T13:53:14.651805
aurore1943,bpt6k38821777,,failed,0,0,,http_manifest,known,403,manifest,"Client error '403 ' for url 'https://openapiproext.bnf.fr/iiif/presentation/v3/ark:/12148/bpt6k38821777/manifest.json'
For more information check: https://developer.mozilla.org/en-US/docs/Web/HTTP/Status/403",2026-07-17T13:53:15.845736
aurore1943,bpt6k39606986,,failed,0,0,,http_manifest,known,403,manifest,"Client error '403 ' for url 'https://openapiproext.bnf.fr/iiif/presentation/v3/ark:/12148/bpt6k39606986/manifest.json'
For more information check: https://developer.mozilla.org/en-US/docs/Web/HTTP/Status/403",2026-07-17T13:53:17.071755
aurore1943,bpt6k3882178n,,failed,0,0,,http_manifest,known,403,manifest,"Client error '403 ' for url 'https://openapiproext.bnf.fr/iiif/presentation/v3/ark:/12148/bpt6k3882178n/manifest.json'
For more information check: https://developer.mozilla.org/en-US/docs/Web/HTTP/Status/403",2026-07-17T13:53:18.256941
aurore1943,bpt6k3960699m,,failed,0,0,,http_manifest,known,403,manifest,"Client error '403 ' for url 'https://openapiproext.bnf.fr/iiif/presentation/v3/ark:/12148/bpt6k3960699m/manifest.json'
For more information check: https://developer.mozilla.org/en-US/docs/Web/HTTP/Status/403",2026-07-17T13:53:19.450713
aurore1943,bpt6k38821792,,failed,0,0,,http_manifest,known,403,manifest,"Client error '403 ' for url 'https://openapiproext.bnf.fr/iiif/presentation/v3/ark:/12148/bpt6k38821792/manifest.json'
For more information check: https://developer.mozilla.org/en-US/docs/Web/HTTP/Status/403",2026-07-17T13:53:20.660337
aurore1943,bpt6k3960700t,,failed,0,0,,http_manifest,known,403,manifest,"Client error '403 ' for url 'https://openapiproext.bnf.fr/iiif/presentation/v3/ark:/12148/bpt6k3960700t/manifest.json'
For more information check: https://developer.mozilla.org/en-US/docs/Web/HTTP/Status/403",2026-07-17T13:53:21.857398
aurore1943,bpt6k3882180q,,failed,0,0,,http_manifest,known,403,manifest,"Client error '403 ' for url 'https://openapiproext.bnf.fr/iiif/presentation/v3/ark:/12148/bpt6k3882180q/manifest.json'
For more information check: https://developer.mozilla.org/en-US/docs/Web/HTTP/Status/403",2026-07-17T13:53:23.053864
aurore1943,bpt6k39607017,,failed,0,0,,http_manifest,known,403,manifest,"Client error '403 ' for url 'https://openapiproext.bnf.fr/iiif/presentation/v3/ark:/12148/bpt6k39607017/manifest.json'
For more information check: https://developer.mozilla.org/en-US/docs/Web/HTTP/Status/403",2026-07-17T13:53:24.259608
aurore1943,bpt6k38821814,,failed,0,0,,http_manifest,known,403,manifest,"Client error '403 ' for url 'https://openapiproext.bnf.fr/iiif/presentation/v3/ark:/12148/bpt6k38821814/manifest.json'
For more information check: https://developer.mozilla.org/en-US/docs/Web/HTTP/Status/403",2026-07-17T13:53:25.458864
aurore1943,bpt6k3960702n,,failed,0,0,,http_manifest,known,403,manifest,"Client error '403 ' for url 'https://openapiproext.bnf.fr/iiif/presentation/v3/ark:/12148/bpt6k3960702n/manifest.json'
For more information check: https://developer.mozilla.org/en-US/docs/Web/HTTP/Status/403",2026-07-17T13:53:26.660019
aurore1943,bpt6k3882182j,,failed,0,0,,http_manifest,known,403,manifest,"Client error '403 ' for url 'https://openapiproext.bnf.fr/iiif/presentation/v3/ark:/12148/bpt6k3882182j/manifest.json'
For more information check: https://developer.mozilla.org/en-US/docs/Web/HTTP/Status/403",2026-07-17T13:53:27.865447
aurore1943,bpt6k39607032,,failed,0,0,,http_manifest,known,403,manifest,"Client error '403 ' for url 'https://openapiproext.bnf.fr/iiif/presentation/v3/ark:/12148/bpt6k39607032/manifest.json'
For more information check: https://developer.mozilla.org/en-US/docs/Web/HTTP/Status/403",2026-07-17T13:53:29.068249
aurore1943,bpt6k3882183z,,failed,0,0,,http_manifest,known,403,manifest,"Client error '403 ' for url 'https://openapiproext.bnf.fr/iiif/presentation/v3/ark:/12148/bpt6k3882183z/manifest.json'
For more information check: https://developer.mozilla.org/en-US/docs/Web/HTTP/Status/403",2026-07-17T13:53:30.269962
aurore1943,bpt6k3960704g,,failed,0,0,,http_manifest,known,403,manifest,"Client error '403 ' for url 'https://openapiproext.bnf.fr/iiif/presentation/v3/ark:/12148/bpt6k3960704g/manifest.json'
For more information check: https://developer.mozilla.org/en-US/docs/Web/HTTP/Status/403",2026-07-17T13:53:31.476740
aurore1943,bpt6k3882184c,,failed,0,0,,http_manifest,known,403,manifest,"Client error '403 ' for url 'https://openapiproext.bnf.fr/iiif/presentation/v3/ark:/12148/bpt6k3882184c/manifest.json'
For more information check: https://developer.mozilla.org/en-US/docs/Web/HTTP/Status/403",2026-07-17T13:53:32.684821
aurore1943,bpt6k3960705w,,failed,0,0,,http_manifest,known,403,manifest,"Client error '403 ' for url 'https://openapiproext.bnf.fr/iiif/presentation/v3/ark:/12148/bpt6k3960705w/manifest.json'
For more information check: https://developer.mozilla.org/en-US/docs/Web/HTTP/Status/403",2026-07-17T13:53:33.871151
aurore1943,bpt6k3882185s,,failed,0,0,,http_manifest,known,403,manifest,"Client error '403 ' for url 'https://openapiproext.bnf.fr/iiif/presentation/v3/ark:/12148/bpt6k3882185s/manifest.json'
For more information check: https://developer.mozilla.org/en-US/docs/Web/HTTP/Status/403",2026-07-17T13:53:35.079714
aurore1943,bpt6k39607069,,failed,0,0,,http_manifest,known,403,manifest,"Client error '403 ' for url 'https://openapiproext.bnf.fr/iiif/presentation/v3/ark:/12148/bpt6k39607069/manifest.json'
For more information check: https://developer.mozilla.org/en-US/docs/Web/HTTP/Status/403",2026-07-17T13:53:36.277406
aurore1943,bpt6k38821866,,failed,0,0,,http_manifest,known,403,manifest,"Client error '403 ' for url 'https://openapiproext.bnf.fr/iiif/presentation/v3/ark:/12148/bpt6k38821866/manifest.json'
For more information check: https://developer.mozilla.org/en-US/docs/Web/HTTP/Status/403",2026-07-17T13:53:37.477924
aurore1943,bpt6k3960707q,,failed,0,0,,http_manifest,known,403,manifest,"Client error '403 ' for url 'https://openapiproext.bnf.fr/iiif/presentation/v3/ark:/12148/bpt6k3960707q/manifest.json'
For more information check: https://developer.mozilla.org/en-US/docs/Web/HTTP/Status/403",2026-07-17T13:53:38.677437
aurore1943,bpt6k3882187m,,failed,0,0,,http_manifest,known,403,manifest,"Client error '403 ' for url 'https://openapiproext.bnf.fr/iiif/presentation/v3/ark:/12148/bpt6k3882187m/manifest.json'
For more information check: https://developer.mozilla.org/en-US/docs/Web/HTTP/Status/403",2026-07-17T13:53:39.881661
aurore1943,bpt6k39607084,,failed,0,0,,http_manifest,known,403,manifest,"Client error '403 ' for url 'https://openapiproext.bnf.fr/iiif/presentation/v3/ark:/12148/bpt6k39607084/manifest.json'
For more information check: https://developer.mozilla.org/en-US/docs/Web/HTTP/Status/403",2026-07-17T13:53:41.082853
aurore1943,bpt6k38821881,,failed,0,0,,http_manifest,known,403,manifest,"Client error '403 ' for url 'https://openapiproext.bnf.fr/iiif/presentation/v3/ark:/12148/bpt6k38821881/manifest.json'
For more information check: https://developer.mozilla.org/en-US/docs/Web/HTTP/Status/403",2026-07-17T13:53:42.282385
aurore1943,bpt6k3960709j,,failed,0,0,,http_manifest,known,403,manifest,"Client error '403 ' for url 'https://openapiproext.bnf.fr/iiif/presentation/v3/ark:/12148/bpt6k3960709j/manifest.json'
For more information check: https://developer.mozilla.org/en-US/docs/Web/HTTP/Status/403",2026-07-17T13:53:43.485072
aurore1943,bpt6k3882189f,,failed,0,0,,http_manifest,known,403,manifest,"Client error '403 ' for url 'https://openapiproext.bnf.fr/iiif/presentation/v3/ark:/12148/bpt6k3882189f/manifest.json'
For more information check: https://developer.mozilla.org/en-US/docs/Web/HTTP/Status/403",2026-07-17T13:53:44.702646
aurore1943,bpt6k39607106,,failed,0,0,,http_manifest,known,403,manifest,"Client error '403 ' for url 'https://openapiproext.bnf.fr/iiif/presentation/v3/ark:/12148/bpt6k39607106/manifest.json'
For more information check: https://developer.mozilla.org/en-US/docs/Web/HTTP/Status/403",2026-07-17T13:53:45.896676
aurore1943,bpt6k38821903,,failed,0,0,,http_manifest,known,403,manifest,"Client error '403 ' for url 'https://openapiproext.bnf.fr/iiif/presentation/v3/ark:/12148/bpt6k38821903/manifest.json'
For more information check: https://developer.mozilla.org/en-US/docs/Web/HTTP/Status/403",2026-07-17T13:53:47.090544
aurore1943,bpt6k3960711m,,failed,0,0,,http_manifest,known,403,manifest,"Client error '403 ' for url 'https://openapiproext.bnf.fr/iiif/presentation/v3/ark:/12148/bpt6k3960711m/manifest.json'
For more information check: https://developer.mozilla.org/en-US/docs/Web/HTTP/Status/403",2026-07-17T13:53:48.287992
aurore1943,bpt6k3882191h,,failed,0,0,,http_manifest,known,403,manifest,"Client error '403 ' for url 'https://openapiproext.bnf.fr/iiif/presentation/v3/ark:/12148/bpt6k3882191h/manifest.json'
For more information check: https://developer.mozilla.org/en-US/docs/Web/HTTP/Status/403",2026-07-17T13:53:49.494643
aurore1943,bpt6k39607121,,failed,0,0,,http_manifest,known,403,manifest,"Client error '403 ' for url 'https://openapiproext.bnf.fr/iiif/presentation/v3/ark:/12148/bpt6k39607121/manifest.json'
For more information check: https://developer.mozilla.org/en-US/docs/Web/HTTP/Status/403",2026-07-17T13:53:50.695419
aurore1943,bpt6k3882192x,,failed,0,0,,http_manifest,known,403,manifest,"Client error '403 ' for url 'https://openapiproext.bnf.fr/iiif/presentation/v3/ark:/12148/bpt6k3882192x/manifest.json'
For more information check: https://developer.mozilla.org/en-US/docs/Web/HTTP/Status/403",2026-07-17T13:53:51.901955
aurore1943,bpt6k3960713f,,failed,0,0,,http_manifest,known,403,manifest,"Client error '403 ' for url 'https://openapiproext.bnf.fr/iiif/presentation/v3/ark:/12148/bpt6k3960713f/manifest.json'
For more information check: https://developer.mozilla.org/en-US/docs/Web/HTTP/Status/403",2026-07-17T13:53:53.094583
aurore1943,bpt6k3882193b,,failed,0,0,,http_manifest,known,403,manifest,"Client error '403 ' for url 'https://openapiproext.bnf.fr/iiif/presentation/v3/ark:/12148/bpt6k3882193b/manifest.json'
For more information check: https://developer.mozilla.org/en-US/docs/Web/HTTP/Status/403",2026-07-17T13:53:54.297169
aurore1943,bpt6k3960714v,,failed,0,0,,http_manifest,known,403,manifest,"Client error '403 ' for url 'https://openapiproext.bnf.fr/iiif/presentation/v3/ark:/12148/bpt6k3960714v/manifest.json'
For more information check: https://developer.mozilla.org/en-US/docs/Web/HTTP/Status/403",2026-07-17T13:53:55.496509
aurore1943,bpt6k3882194r,,failed,0,0,,http_manifest,known,403,manifest,"Client error '403 ' for url 'https://openapiproext.bnf.fr/iiif/presentation/v3/ark:/12148/bpt6k3882194r/manifest.json'
For more information check: https://developer.mozilla.org/en-US/docs/Web/HTTP/Status/403",2026-07-17T13:53:56.737551
aurore1943,bpt6k39607158,,failed,0,0,,http_manifest,known,403,manifest,"Client error '403 ' for url 'https://openapiproext.bnf.fr/iiif/presentation/v3/ark:/12148/bpt6k39607158/manifest.json'
For more information check: https://developer.mozilla.org/en-US/docs/Web/HTTP/Status/403",2026-07-17T13:53:58.148832
aurore1943,bpt6k38821955,,failed,0,0,,http_manifest,known,403,manifest,"Client error '403 ' for url 'https://openapiproext.bnf.fr/iiif/presentation/v3/ark:/12148/bpt6k38821955/manifest.json'
For more information check: https://developer.mozilla.org/en-US/docs/Web/HTTP/Status/403",2026-07-17T13:53:59.161528
aurore1943,bpt6k3960716p,,failed,0,0,,http_manifest,known,403,manifest,"Client error '403 ' for url 'https://openapiproext.bnf.fr/iiif/presentation/v3/ark:/12148/bpt6k3960716p/manifest.json'
For more information check: https://developer.mozilla.org/en-US/docs/Web/HTTP/Status/403",2026-07-17T13:54:00.576273
aurore1943,bpt6k3882196k,,failed,0,0,,http_manifest,known,403,manifest,"Client error '403 ' for url 'https://openapiproext.bnf.fr/iiif/presentation/v3/ark:/12148/bpt6k3882196k/manifest.json'
For more information check: https://developer.mozilla.org/en-US/docs/Web/HTTP/Status/403",2026-07-17T13:54:01.536228
aurore1943,bpt6k39607173,,failed,0,0,,http_manifest,known,403,manifest,"Client error '403 ' for url 'https://openapiproext.bnf.fr/iiif/presentation/v3/ark:/12148/bpt6k39607173/manifest.json'
For more information check: https://developer.mozilla.org/en-US/docs/Web/HTTP/Status/403",2026-07-17T13:54:02.893309
aurore1943,bpt6k38821970,,failed,0,0,,http_manifest,known,403,manifest,"Client error '403 ' for url 'https://openapiproext.bnf.fr/iiif/presentation/v3/ark:/12148/bpt6k38821970/manifest.json'
For more information check: https://developer.mozilla.org/en-US/docs/Web/HTTP/Status/403",2026-07-17T13:54:03.985188
aurore1943,bpt6k3960718h,,failed,0,0,,http_manifest,known,403,manifest,"Client error '403 ' for url 'https://openapiproext.bnf.fr/iiif/presentation/v3/ark:/12148/bpt6k3960718h/manifest.json'
For more information check: https://developer.mozilla.org/en-US/docs/Web/HTTP/Status/403",2026-07-17T13:54:05.269777
aurore1943,bpt6k3882198d,,failed,0,0,,http_manifest,known,403,manifest,"Client error '403 ' for url 'https://openapiproext.bnf.fr/iiif/presentation/v3/ark:/12148/bpt6k3882198d/manifest.json'
For more information check: https://developer.mozilla.org/en-US/docs/Web/HTTP/Status/403",2026-07-17T13:54:06.500950
aurore1943,bpt6k3960719x,,failed,0,0,,http_manifest,known,403,manifest,"Client error '403 ' for url 'https://openapiproext.bnf.fr/iiif/presentation/v3/ark:/12148/bpt6k3960719x/manifest.json'
For more information check: https://developer.mozilla.org/en-US/docs/Web/HTTP/Status/403",2026-07-17T13:54:07.514495
aurore1943,bpt6k3882199t,,failed,0,0,,http_manifest,known,403,manifest,"Client error '403 ' for url 'https://openapiproext.bnf.fr/iiif/presentation/v3/ark:/12148/bpt6k3882199t/manifest.json'
For more information check: https://developer.mozilla.org/en-US/docs/Web/HTTP/Status/403",2026-07-17T13:54:08.886516
aurore1943,bpt6k3960720k,,failed,0,0,,http_manifest,known,403,manifest,"Client error '403 ' for url 'https://openapiproext.bnf.fr/iiif/presentation/v3/ark:/12148/bpt6k3960720k/manifest.json'
For more information check: https://developer.mozilla.org/en-US/docs/Web/HTTP/Status/403",2026-07-17T13:54:09.922350
aurore1943,bpt6k38822001,,failed,0,0,,http_manifest,known,403,manifest,"Client error '403 ' for url 'https://openapiproext.bnf.fr/iiif/presentation/v3/ark:/12148/bpt6k38822001/manifest.json'
For more information check: https://developer.mozilla.org/en-US/docs/Web/HTTP/Status/403",2026-07-17T13:54:11.118769
aurore1943,bpt6k39607210,,failed,0,0,,http_manifest,known,403,manifest,"Client error '403 ' for url 'https://openapiproext.bnf.fr/iiif/presentation/v3/ark:/12148/bpt6k39607210/manifest.json'
For more information check: https://developer.mozilla.org/en-US/docs/Web/HTTP/Status/403",2026-07-17T13:54:12.322608
aurore1943,bpt6k3882201f,,failed,0,0,,http_manifest,known,403,manifest,"Client error '403 ' for url 'https://openapiproext.bnf.fr/iiif/presentation/v3/ark:/12148/bpt6k3882201f/manifest.json'
For more information check: https://developer.mozilla.org/en-US/docs/Web/HTTP/Status/403",2026-07-17T13:54:13.690526
aurore1943,bpt6k3960722d,,failed,0,0,,http_manifest,known,403,manifest,"Client error '403 ' for url 'https://openapiproext.bnf.fr/iiif/presentation/v3/ark:/12148/bpt6k3960722d/manifest.json'
For more information check: https://developer.mozilla.org/en-US/docs/Web/HTTP/Status/403",2026-07-17T13:54:14.744871
aurore1943,bpt6k3882202v,,failed,0,0,,http_manifest,known,403,manifest,"Client error '403 ' for url 'https://openapiproext.bnf.fr/iiif/presentation/v3/ark:/12148/bpt6k3882202v/manifest.json'
For more information check: https://developer.mozilla.org/en-US/docs/Web/HTTP/Status/403",2026-07-17T13:54:15.924250
aurore1943,bpt6k3960723t,,failed,0,0,,http_manifest,known,403,manifest,"Client error '403 ' for url 'https://openapiproext.bnf.fr/iiif/presentation/v3/ark:/12148/bpt6k3960723t/manifest.json'
For more information check: https://developer.mozilla.org/en-US/docs/Web/HTTP/Status/403",2026-07-17T13:54:17.336647
aurore1943,bpt6k38822038,,failed,0,0,,http_manifest,known,403,manifest,"Client error '403 ' for url 'https://openapiproext.bnf.fr/iiif/presentation/v3/ark:/12148/bpt6k38822038/manifest.json'
For more information check: https://developer.mozilla.org/en-US/docs/Web/HTTP/Status/403",2026-07-17T13:54:18.379828
aurore1943,bpt6k39607247,,failed,0,0,,http_manifest,known,403,manifest,"Client error '403 ' for url 'https://openapiproext.bnf.fr/iiif/presentation/v3/ark:/12148/bpt6k39607247/manifest.json'
For more information check: https://developer.mozilla.org/en-US/docs/Web/HTTP/Status/403",2026-07-17T13:54:19.529818
aurore1943,bpt6k3882204p,,failed,0,0,,http_manifest,known,403,manifest,"Client error '403 ' for url 'https://openapiproext.bnf.fr/iiif/presentation/v3/ark:/12148/bpt6k3882204p/manifest.json'
For more information check: https://developer.mozilla.org/en-US/docs/Web/HTTP/Status/403",2026-07-17T13:54:20.731266
aurore1943,bpt6k3960725n,,failed,0,0,,http_manifest,known,403,manifest,"Client error '403 ' for url 'https://openapiproext.bnf.fr/iiif/presentation/v3/ark:/12148/bpt6k3960725n/manifest.json'
For more information check: https://developer.mozilla.org/en-US/docs/Web/HTTP/Status/403",2026-07-17T13:54:21.938732
aurore1943,bpt6k38822053,,failed,0,0,,http_manifest,known,403,manifest,"Client error '403 ' for url 'https://openapiproext.bnf.fr/iiif/presentation/v3/ark:/12148/bpt6k38822053/manifest.json'
For more information check: https://developer.mozilla.org/en-US/docs/Web/HTTP/Status/403",2026-07-17T13:54:23.140875
aurore1943,bpt6k39607262,,failed,0,0,,http_manifest,known,403,manifest,"Client error '403 ' for url 'https://openapiproext.bnf.fr/iiif/presentation/v3/ark:/12148/bpt6k39607262/manifest.json'
For more information check: https://developer.mozilla.org/en-US/docs/Web/HTTP/Status/403",2026-07-17T13:54:24.334212
aurore1943,bpt6k3882206h,,failed,0,0,,http_manifest,known,403,manifest,"Client error '403 ' for url 'https://openapiproext.bnf.fr/iiif/presentation/v3/ark:/12148/bpt6k3882206h/manifest.json'
For more information check: https://developer.mozilla.org/en-US/docs/Web/HTTP/Status/403",2026-07-17T13:54:25.538450
aurore1943,bpt6k3960727g,,failed,0,0,,http_manifest,known,403,manifest,"Client error '403 ' for url 'https://openapiproext.bnf.fr/iiif/presentation/v3/ark:/12148/bpt6k3960727g/manifest.json'
For more information check: https://developer.mozilla.org/en-US/docs/Web/HTTP/Status/403",2026-07-17T13:54:26.761558
aurore1943,bpt6k3882207x,,failed,0,0,,http_manifest,known,403,manifest,"Client error '403 ' for url 'https://openapiproext.bnf.fr/iiif/presentation/v3/ark:/12148/bpt6k3882207x/manifest.json'
For more information check: https://developer.mozilla.org/en-US/docs/Web/HTTP/Status/403",2026-07-17T13:54:27.951108
aurore1943,bpt6k3960728w,,failed,0,0,,http_manifest,known,403,manifest,"Client error '403 ' for url 'https://openapiproext.bnf.fr/iiif/presentation/v3/ark:/12148/bpt6k3960728w/manifest.json'
For more information check: https://developer.mozilla.org/en-US/docs/Web/HTTP/Status/403",2026-07-17T13:54:29.142355
aurore1943,bpt6k3882208b,,failed,0,0,,http_manifest,known,403,manifest,"Client error '403 ' for url 'https://openapiproext.bnf.fr/iiif/presentation/v3/ark:/12148/bpt6k3882208b/manifest.json'
For more information check: https://developer.mozilla.org/en-US/docs/Web/HTTP/Status/403",2026-07-17T13:54:30.342649
aurore1943,bpt6k39607299,,failed,0,0,,http_manifest,known,403,manifest,"Client error '403 ' for url 'https://openapiproext.bnf.fr/iiif/presentation/v3/ark:/12148/bpt6k39607299/manifest.json'
For more information check: https://developer.mozilla.org/en-US/docs/Web/HTTP/Status/403",2026-07-17T13:54:31.547665
aurore1943,bpt6k3882209r,,failed,0,0,,http_manifest,known,403,manifest,"Client error '403 ' for url 'https://openapiproext.bnf.fr/iiif/presentation/v3/ark:/12148/bpt6k3882209r/manifest.json'
For more information check: https://developer.mozilla.org/en-US/docs/Web/HTTP/Status/403",2026-07-17T13:54:32.745757
aurore1943,bpt6k3960730z,,failed,0,0,,http_manifest,known,403,manifest,"Client error '403 ' for url 'https://openapiproext.bnf.fr/iiif/presentation/v3/ark:/12148/bpt6k3960730z/manifest.json'
For more information check: https://developer.mozilla.org/en-US/docs/Web/HTTP/Status/403",2026-07-17T13:54:33.947212
aurore1943,bpt6k38821369,,failed,0,0,,http_manifest,known,403,manifest,"Client error '403 ' for url 'https://openapiproext.bnf.fr/iiif/presentation/v3/ark:/12148/bpt6k38821369/manifest.json'
For more information check: https://developer.mozilla.org/en-US/docs/Web/HTTP/Status/403",2026-07-17T13:54:35.150164
aurore1943,bpt6k39606578,,failed,0,0,,http_manifest,known,403,manifest,"Client error '403 ' for url 'https://openapiproext.bnf.fr/iiif/presentation/v3/ark:/12148/bpt6k39606578/manifest.json'
For more information check: https://developer.mozilla.org/en-US/docs/Web/HTTP/Status/403",2026-07-17T13:54:36.351291
aurore1943,bpt6k3882137q,,failed,0,0,,http_manifest,known,403,manifest,"Client error '403 ' for url 'https://openapiproext.bnf.fr/iiif/presentation/v3/ark:/12148/bpt6k3882137q/manifest.json'
For more information check: https://developer.mozilla.org/en-US/docs/Web/HTTP/Status/403",2026-07-17T13:54:37.575140
aurore1943,bpt6k3960658p,,failed,0,0,,http_manifest,known,403,manifest,"Client error '403 ' for url 'https://openapiproext.bnf.fr/iiif/presentation/v3/ark:/12148/bpt6k3960658p/manifest.json'
For more information check: https://developer.mozilla.org/en-US/docs/Web/HTTP/Status/403",2026-07-17T13:54:38.756094
aurore1943,bpt6k39606615,,failed,0,0,,http_manifest,known,403,manifest,"Client error '403 ' for url 'https://openapiproext.bnf.fr/iiif/presentation/v3/ark:/12148/bpt6k39606615/manifest.json'
For more information check: https://developer.mozilla.org/en-US/docs/Web/HTTP/Status/403",2026-07-17T13:54:39.956809
aurore1943,bpt6k38821458,,failed,0,0,,http_manifest,known,403,manifest,"Client error '403 ' for url 'https://openapiproext.bnf.fr/iiif/presentation/v3/ark:/12148/bpt6k38821458/manifest.json'
For more information check: https://developer.mozilla.org/en-US/docs/Web/HTTP/Status/403",2026-07-17T13:54:41.164222
aurore1943,bpt6k39606667,,failed,0,0,,http_manifest,known,403,manifest,"Client error '403 ' for url 'https://openapiproext.bnf.fr/iiif/presentation/v3/ark:/12148/bpt6k39606667/manifest.json'
For more information check: https://developer.mozilla.org/en-US/docs/Web/HTTP/Status/403",2026-07-17T13:54:42.359270
aurore1943,bpt6k3882146p,,failed,0,0,,http_manifest,known,403,manifest,"Client error '403 ' for url 'https://openapiproext.bnf.fr/iiif/presentation/v3/ark:/12148/bpt6k3882146p/manifest.json'
For more information check: https://developer.mozilla.org/en-US/docs/Web/HTTP/Status/403",2026-07-17T13:54:43.582571
aurore1943,bpt6k3882210d,,failed,0,0,,http_manifest,known,403,manifest,"Client error '403 ' for url 'https://openapiproext.bnf.fr/iiif/presentation/v3/ark:/12148/bpt6k3882210d/manifest.json'
For more information check: https://developer.mozilla.org/en-US/docs/Web/HTTP/Status/403",2026-07-17T13:54:44.775030
aurore1943,bpt6k3960731c,,failed,0,0,,http_manifest,known,403,manifest,"Client error '403 ' for url 'https://openapiproext.bnf.fr/iiif/presentation/v3/ark:/12148/bpt6k3960731c/manifest.json'
For more information check: https://developer.mozilla.org/en-US/docs/Web/HTTP/Status/403",2026-07-17T13:54:45.961515
aurore1943,bpt6k3882211t,,failed,0,0,,http_manifest,known,403,manifest,"Client error '403 ' for url 'https://openapiproext.bnf.fr/iiif/presentation/v3/ark:/12148/bpt6k3882211t/manifest.json'
For more information check: https://developer.mozilla.org/en-US/docs/Web/HTTP/Status/403",2026-07-17T13:54:47.166227
aurore1943,bpt6k3960732s,,failed,0,0,,http_manifest,known,403,manifest,"Client error '403 ' for url 'https://openapiproext.bnf.fr/iiif/presentation/v3/ark:/12148/bpt6k3960732s/manifest.json'
For more information check: https://developer.mozilla.org/en-US/docs/Web/HTTP/Status/403",2026-07-17T13:54:48.368363
aurore1943,bpt6k38822127,,failed,0,0,,http_manifest,known,403,manifest,"Client error '403 ' for url 'https://openapiproext.bnf.fr/iiif/presentation/v3/ark:/12148/bpt6k38822127/manifest.json'
For more information check: https://developer.mozilla.org/en-US/docs/Web/HTTP/Status/403",2026-07-17T13:54:49.568445
aurore1943,bpt6k39607336,,failed,0,0,,http_manifest,known,403,manifest,"Client error '403 ' for url 'https://openapiproext.bnf.fr/iiif/presentation/v3/ark:/12148/bpt6k39607336/manifest.json'
For more information check: https://developer.mozilla.org/en-US/docs/Web/HTTP/Status/403",2026-07-17T13:54:50.771863
aurore1943,bpt6k3882213n,,failed,0,0,,http_manifest,known,403,manifest,"Client error '403 ' for url 'https://openapiproext.bnf.fr/iiif/presentation/v3/ark:/12148/bpt6k3882213n/manifest.json'
For more information check: https://developer.mozilla.org/en-US/docs/Web/HTTP/Status/403",2026-07-17T13:54:51.968946
aurore1943,bpt6k3960734m,,failed,0,0,,http_manifest,known,403,manifest,"Client error '403 ' for url 'https://openapiproext.bnf.fr/iiif/presentation/v3/ark:/12148/bpt6k3960734m/manifest.json'
For more information check: https://developer.mozilla.org/en-US/docs/Web/HTTP/Status/403",2026-07-17T13:54:53.174055
aurore1943,bpt6k38822142,,failed,0,0,,http_manifest,known,403,manifest,"Client error '403 ' for url 'https://openapiproext.bnf.fr/iiif/presentation/v3/ark:/12148/bpt6k38822142/manifest.json'
For more information check: https://developer.mozilla.org/en-US/docs/Web/HTTP/Status/403",2026-07-17T13:54:54.373918
aurore1943,bpt6k39607351,,failed,0,0,,http_manifest,known,403,manifest,"Client error '403 ' for url 'https://openapiproext.bnf.fr/iiif/presentation/v3/ark:/12148/bpt6k39607351/manifest.json'
For more information check: https://developer.mozilla.org/en-US/docs/Web/HTTP/Status/403",2026-07-17T13:54:55.575409
aurore1943,bpt6k3882215g,,failed,0,0,,http_manifest,known,403,manifest,"Client error '403 ' for url 'https://openapiproext.bnf.fr/iiif/presentation/v3/ark:/12148/bpt6k3882215g/manifest.json'
For more information check: https://developer.mozilla.org/en-US/docs/Web/HTTP/Status/403",2026-07-17T13:54:56.779072
aurore1943,bpt6k3960736f,,failed,0,0,,http_manifest,known,403,manifest,"Client error '403 ' for url 'https://openapiproext.bnf.fr/iiif/presentation/v3/ark:/12148/bpt6k3960736f/manifest.json'
For more information check: https://developer.mozilla.org/en-US/docs/Web/HTTP/Status/403",2026-07-17T13:54:58.078218
aurore1943,bpt6k3882216w,,failed,0,0,,http_manifest,known,403,manifest,"Client error '403 ' for url 'https://openapiproext.bnf.fr/iiif/presentation/v3/ark:/12148/bpt6k3882216w/manifest.json'
For more information check: https://developer.mozilla.org/en-US/docs/Web/HTTP/Status/403",2026-07-17T13:54:59.272398
aurore1943,bpt6k3960737v,,failed,0,0,,http_manifest,known,403,manifest,"Client error '403 ' for url 'https://openapiproext.bnf.fr/iiif/presentation/v3/ark:/12148/bpt6k3960737v/manifest.json'
For more information check: https://developer.mozilla.org/en-US/docs/Web/HTTP/Status/403",2026-07-17T13:55:00.458147
aurore1943,bpt6k38822179,,failed,0,0,,http_manifest,known,403,manifest,"Client error '403 ' for url 'https://openapiproext.bnf.fr/iiif/presentation/v3/ark:/12148/bpt6k38822179/manifest.json'
For more information check: https://developer.mozilla.org/en-US/docs/Web/HTTP/Status/403",2026-07-17T13:55:01.583736
aurore1943,bpt6k39607388,,failed,0,0,,http_manifest,known,403,manifest,"Client error '403 ' for url 'https://openapiproext.bnf.fr/iiif/presentation/v3/ark:/12148/bpt6k39607388/manifest.json'
For more information check: https://developer.mozilla.org/en-US/docs/Web/HTTP/Status/403",2026-07-17T13:55:02.789597
aurore1943,bpt6k3882218q,,failed,0,0,,http_manifest,known,403,manifest,"Client error '403 ' for url 'https://openapiproext.bnf.fr/iiif/presentation/v3/ark:/12148/bpt6k3882218q/manifest.json'
For more information check: https://developer.mozilla.org/en-US/docs/Web/HTTP/Status/403",2026-07-17T13:55:04.165513
aurore1943,bpt6k3960739p,,failed,0,0,,http_manifest,known,403,manifest,"Client error '403 ' for url 'https://openapiproext.bnf.fr/iiif/presentation/v3/ark:/12148/bpt6k3960739p/manifest.json'
For more information check: https://developer.mozilla.org/en-US/docs/Web/HTTP/Status/403",2026-07-17T13:55:05.347179
aurore1943,bpt6k38822194,,failed,0,0,,http_manifest,known,403,manifest,"Client error '403 ' for url 'https://openapiproext.bnf.fr/iiif/presentation/v3/ark:/12148/bpt6k38822194/manifest.json'
For more information check: https://developer.mozilla.org/en-US/docs/Web/HTTP/Status/403",2026-07-17T13:55:06.640213
aurore1943,bpt6k3960740b,,failed,0,0,,http_manifest,known,403,manifest,"Client error '403 ' for url 'https://openapiproext.bnf.fr/iiif/presentation/v3/ark:/12148/bpt6k3960740b/manifest.json'
For more information check: https://developer.mozilla.org/en-US/docs/Web/HTTP/Status/403",2026-07-17T13:55:07.593721
aurore1943,bpt6k3882220s,,failed,0,0,,http_manifest,known,403,manifest,"Client error '403 ' for url 'https://openapiproext.bnf.fr/iiif/presentation/v3/ark:/12148/bpt6k3882220s/manifest.json'
For more information check: https://developer.mozilla.org/en-US/docs/Web/HTTP/Status/403",2026-07-17T13:55:08.798382
aurore1943,bpt6k3960741r,,failed,0,0,,http_manifest,known,403,manifest,"Client error '403 ' for url 'https://openapiproext.bnf.fr/iiif/presentation/v3/ark:/12148/bpt6k3960741r/manifest.json'
For more information check: https://developer.mozilla.org/en-US/docs/Web/HTTP/Status/403",2026-07-17T13:55:10.000511
aurore1943,bpt6k38822216,,failed,0,0,,http_manifest,known,403,manifest,"Client error '403 ' for url 'https://openapiproext.bnf.fr/iiif/presentation/v3/ark:/12148/bpt6k38822216/manifest.json'
For more information check: https://developer.mozilla.org/en-US/docs/Web/HTTP/Status/403",2026-07-17T13:55:11.200269
aurore1943,bpt6k39607425,,failed,0,0,,http_manifest,known,403,manifest,"Client error '403 ' for url 'https://openapiproext.bnf.fr/iiif/presentation/v3/ark:/12148/bpt6k39607425/manifest.json'
For more information check: https://developer.mozilla.org/en-US/docs/Web/HTTP/Status/403",2026-07-17T13:55:12.416857
aurore1943,bpt6k3882222m,,failed,0,0,,http_manifest,known,403,manifest,"Client error '403 ' for url 'https://openapiproext.bnf.fr/iiif/presentation/v3/ark:/12148/bpt6k3882222m/manifest.json'
For more information check: https://developer.mozilla.org/en-US/docs/Web/HTTP/Status/403",2026-07-17T13:55:13.602616
aurore1943,bpt6k3960743k,,failed,0,0,,http_manifest,known,403,manifest,"Client error '403 ' for url 'https://openapiproext.bnf.fr/iiif/presentation/v3/ark:/12148/bpt6k3960743k/manifest.json'
For more information check: https://developer.mozilla.org/en-US/docs/Web/HTTP/Status/403",2026-07-17T13:55:14.807662
aurore1943,bpt6k38822231,,failed,0,0,,http_manifest,known,403,manifest,"Client error '403 ' for url 'https://openapiproext.bnf.fr/iiif/presentation/v3/ark:/12148/bpt6k38822231/manifest.json'
For more information check: https://developer.mozilla.org/en-US/docs/Web/HTTP/Status/403",2026-07-17T13:55:16.005925
aurore1943,bpt6k39607440,,failed,0,0,,http_manifest,known,403,manifest,"Client error '403 ' for url 'https://openapiproext.bnf.fr/iiif/presentation/v3/ark:/12148/bpt6k39607440/manifest.json'
For more information check: https://developer.mozilla.org/en-US/docs/Web/HTTP/Status/403",2026-07-17T13:55:17.207918
aurore1943,bpt6k3882224f,,failed,0,0,,http_manifest,known,403,manifest,"Client error '403 ' for url 'https://openapiproext.bnf.fr/iiif/presentation/v3/ark:/12148/bpt6k3882224f/manifest.json'
For more information check: https://developer.mozilla.org/en-US/docs/Web/HTTP/Status/403",2026-07-17T13:55:18.422362
aurore1943,bpt6k3960745d,,failed,0,0,,http_manifest,known,403,manifest,"Client error '403 ' for url 'https://openapiproext.bnf.fr/iiif/presentation/v3/ark:/12148/bpt6k3960745d/manifest.json'
For more information check: https://developer.mozilla.org/en-US/docs/Web/HTTP/Status/403",2026-07-17T13:55:19.612423
aurore1943,bpt6k3882225v,,failed,0,0,,http_manifest,known,403,manifest,"Client error '403 ' for url 'https://openapiproext.bnf.fr/iiif/presentation/v3/ark:/12148/bpt6k3882225v/manifest.json'
For more information check: https://developer.mozilla.org/en-US/docs/Web/HTTP/Status/403",2026-07-17T13:55:20.815554
aurore1943,bpt6k3960746t,,failed,0,0,,http_manifest,known,403,manifest,"Client error '403 ' for url 'https://openapiproext.bnf.fr/iiif/presentation/v3/ark:/12148/bpt6k3960746t/manifest.json'
For more information check: https://developer.mozilla.org/en-US/docs/Web/HTTP/Status/403",2026-07-17T13:55:22.013219
aurore1943,bpt6k38822268,,failed,0,0,,http_manifest,known,403,manifest,"Client error '403 ' for url 'https://openapiproext.bnf.fr/iiif/presentation/v3/ark:/12148/bpt6k38822268/manifest.json'
For more information check: https://developer.mozilla.org/en-US/docs/Web/HTTP/Status/403",2026-07-17T13:55:23.225640
aurore1943,bpt6k39607477,,failed,0,0,,http_manifest,known,403,manifest,"Client error '403 ' for url 'https://openapiproext.bnf.fr/iiif/presentation/v3/ark:/12148/bpt6k39607477/manifest.json'
For more information check: https://developer.mozilla.org/en-US/docs/Web/HTTP/Status/403",2026-07-17T13:55:24.423852
aurore1943,bpt6k3882227p,,failed,0,0,,http_manifest,known,403,manifest,"Client error '403 ' for url 'https://openapiproext.bnf.fr/iiif/presentation/v3/ark:/12148/bpt6k3882227p/manifest.json'
For more information check: https://developer.mozilla.org/en-US/docs/Web/HTTP/Status/403",2026-07-17T13:55:25.619716
aurore1943,bpt6k3960748n,,failed,0,0,,http_manifest,known,403,manifest,"Client error '403 ' for url 'https://openapiproext.bnf.fr/iiif/presentation/v3/ark:/12148/bpt6k3960748n/manifest.json'
For more information check: https://developer.mozilla.org/en-US/docs/Web/HTTP/Status/403",2026-07-17T13:55:26.822356
aurore1943,bpt6k38822283,,failed,0,0,,http_manifest,known,403,manifest,"Client error '403 ' for url 'https://openapiproext.bnf.fr/iiif/presentation/v3/ark:/12148/bpt6k38822283/manifest.json'
For more information check: https://developer.mozilla.org/en-US/docs/Web/HTTP/Status/403",2026-07-17T13:55:28.035631
aurore1943,bpt6k39607492,,failed,0,0,,http_manifest,known,403,manifest,"Client error '403 ' for url 'https://openapiproext.bnf.fr/iiif/presentation/v3/ark:/12148/bpt6k39607492/manifest.json'
For more information check: https://developer.mozilla.org/en-US/docs/Web/HTTP/Status/403",2026-07-17T13:55:29.234976
aurore1943,bpt6k3882229h,,failed,0,0,,http_manifest,known,403,manifest,"Client error '403 ' for url 'https://openapiproext.bnf.fr/iiif/presentation/v3/ark:/12148/bpt6k3882229h/manifest.json'
For more information check: https://developer.mozilla.org/en-US/docs/Web/HTTP/Status/403",2026-07-17T13:55:30.452167
aurore1943,bpt6k3960750q,,failed,0,0,,http_manifest,known,403,manifest,"Client error '403 ' for url 'https://openapiproext.bnf.fr/iiif/presentation/v3/ark:/12148/bpt6k3960750q/manifest.json'
For more information check: https://developer.mozilla.org/en-US/docs/Web/HTTP/Status/403",2026-07-17T13:55:31.631304
aurore1943,bpt6k38822305,,failed,0,0,,http_manifest,known,403,manifest,"Client error '403 ' for url 'https://openapiproext.bnf.fr/iiif/presentation/v3/ark:/12148/bpt6k38822305/manifest.json'
For more information check: https://developer.mozilla.org/en-US/docs/Web/HTTP/Status/403",2026-07-17T13:55:32.831991
aurore1943,bpt6k39607514,,failed,0,0,,http_manifest,known,403,manifest,"Client error '403 ' for url 'https://openapiproext.bnf.fr/iiif/presentation/v3/ark:/12148/bpt6k39607514/manifest.json'
For more information check: https://developer.mozilla.org/en-US/docs/Web/HTTP/Status/403",2026-07-17T13:55:34.039881
aurore1943,bpt6k3882231k,,failed,0,0,,http_manifest,known,403,manifest,"Client error '403 ' for url 'https://openapiproext.bnf.fr/iiif/presentation/v3/ark:/12148/bpt6k3882231k/manifest.json'
For more information check: https://developer.mozilla.org/en-US/docs/Web/HTTP/Status/403",2026-07-17T13:55:35.237345
aurore1943,bpt6k3960752j,,failed,0,0,,http_manifest,known,403,manifest,"Client error '403 ' for url 'https://openapiproext.bnf.fr/iiif/presentation/v3/ark:/12148/bpt6k3960752j/manifest.json'
For more information check: https://developer.mozilla.org/en-US/docs/Web/HTTP/Status/403",2026-07-17T13:55:36.434818
aurore1943,bpt6k38822320,,failed,0,0,,http_manifest,known,403,manifest,"Client error '403 ' for url 'https://openapiproext.bnf.fr/iiif/presentation/v3/ark:/12148/bpt6k38822320/manifest.json'
For more information check: https://developer.mozilla.org/en-US/docs/Web/HTTP/Status/403",2026-07-17T13:55:37.636391
aurore1943,bpt6k3960753z,,failed,0,0,,http_manifest,known,403,manifest,"Client error '403 ' for url 'https://openapiproext.bnf.fr/iiif/presentation/v3/ark:/12148/bpt6k3960753z/manifest.json'
For more information check: https://developer.mozilla.org/en-US/docs/Web/HTTP/Status/403",2026-07-17T13:55:38.840506
aurore1943,bpt6k3882233d,,failed,0,0,,http_manifest,known,403,manifest,"Client error '403 ' for url 'https://openapiproext.bnf.fr/iiif/presentation/v3/ark:/12148/bpt6k3882233d/manifest.json'
For more information check: https://developer.mozilla.org/en-US/docs/Web/HTTP/Status/403",2026-07-17T13:55:40.044166
aurore1943,bpt6k3960754c,,failed,0,0,,http_manifest,known,403,manifest,"Client error '403 ' for url 'https://openapiproext.bnf.fr/iiif/presentation/v3/ark:/12148/bpt6k3960754c/manifest.json'
For more information check: https://developer.mozilla.org/en-US/docs/Web/HTTP/Status/403",2026-07-17T13:55:41.266192
aurore1943,bpt6k3882234t,,failed,0,0,,http_manifest,known,403,manifest,"Client error '403 ' for url 'https://openapiproext.bnf.fr/iiif/presentation/v3/ark:/12148/bpt6k3882234t/manifest.json'
For more information check: https://developer.mozilla.org/en-US/docs/Web/HTTP/Status/403",2026-07-17T13:55:42.444407
aurore1943,bpt6k3960755s,,failed,0,0,,http_manifest,known,403,manifest,"Client error '403 ' for url 'https://openapiproext.bnf.fr/iiif/presentation/v3/ark:/12148/bpt6k3960755s/manifest.json'
For more information check: https://developer.mozilla.org/en-US/docs/Web/HTTP/Status/403",2026-07-17T13:55:43.643331
aurore1943,bpt6k38822357,,failed,0,0,,http_manifest,known,403,manifest,"Client error '403 ' for url 'https://openapiproext.bnf.fr/iiif/presentation/v3/ark:/12148/bpt6k38822357/manifest.json'
For more information check: https://developer.mozilla.org/en-US/docs/Web/HTTP/Status/403",2026-07-17T13:55:44.851951
aurore1943,bpt6k39607566,,failed,0,0,,http_manifest,known,403,manifest,"Client error '403 ' for url 'https://openapiproext.bnf.fr/iiif/presentation/v3/ark:/12148/bpt6k39607566/manifest.json'
For more information check: https://developer.mozilla.org/en-US/docs/Web/HTTP/Status/403",2026-07-17T13:55:46.045980
aurore1943,bpt6k3882236n,,failed,0,0,,http_manifest,known,403,manifest,"Client error '403 ' for url 'https://openapiproext.bnf.fr/iiif/presentation/v3/ark:/12148/bpt6k3882236n/manifest.json'
For more information check: https://developer.mozilla.org/en-US/docs/Web/HTTP/Status/403",2026-07-17T13:55:47.278092
aurore1943,bpt6k3960757m,,failed,0,0,,http_manifest,known,403,manifest,"Client error '403 ' for url 'https://openapiproext.bnf.fr/iiif/presentation/v3/ark:/12148/bpt6k3960757m/manifest.json'
For more information check: https://developer.mozilla.org/en-US/docs/Web/HTTP/Status/403",2026-07-17T13:55:48.450344
aurore1943,bpt6k38822372,,failed,0,0,,http_manifest,known,403,manifest,"Client error '403 ' for url 'https://openapiproext.bnf.fr/iiif/presentation/v3/ark:/12148/bpt6k38822372/manifest.json'
For more information check: https://developer.mozilla.org/en-US/docs/Web/HTTP/Status/403",2026-07-17T13:55:49.649408
aurore1943,bpt6k39607581,,failed,0,0,,http_manifest,known,403,manifest,"Client error '403 ' for url 'https://openapiproext.bnf.fr/iiif/presentation/v3/ark:/12148/bpt6k39607581/manifest.json'
For more information check: https://developer.mozilla.org/en-US/docs/Web/HTTP/Status/403",2026-07-17T13:55:50.849982
aurore1943,bpt6k3882238g,,failed,0,0,,http_manifest,known,403,manifest,"Client error '403 ' for url 'https://openapiproext.bnf.fr/iiif/presentation/v3/ark:/12148/bpt6k3882238g/manifest.json'
For more information check: https://developer.mozilla.org/en-US/docs/Web/HTTP/Status/403",2026-07-17T13:55:52.049135
aurore1943,bpt6k3960759f,,failed,0,0,,http_manifest,known,403,manifest,"Client error '403 ' for url 'https://openapiproext.bnf.fr/iiif/presentation/v3/ark:/12148/bpt6k3960759f/manifest.json'
For more information check: https://developer.mozilla.org/en-US/docs/Web/HTTP/Status/403",2026-07-17T13:55:53.276726
aurore1943,bpt6k3882239w,,failed,0,0,,http_manifest,known,403,manifest,"Client error '403 ' for url 'https://openapiproext.bnf.fr/iiif/presentation/v3/ark:/12148/bpt6k3882239w/manifest.json'
For more information check: https://developer.mozilla.org/en-US/docs/Web/HTTP/Status/403",2026-07-17T13:55:54.455927
aurore1943,bpt6k39607603,,failed,0,0,,http_manifest,known,403,manifest,"Client error '403 ' for url 'https://openapiproext.bnf.fr/iiif/presentation/v3/ark:/12148/bpt6k39607603/manifest.json'
For more information check: https://developer.mozilla.org/en-US/docs/Web/HTTP/Status/403",2026-07-17T13:55:55.656679
aurore1943,bpt6k3882240j,,failed,0,0,,http_manifest,known,403,manifest,"Client error '403 ' for url 'https://openapiproext.bnf.fr/iiif/presentation/v3/ark:/12148/bpt6k3882240j/manifest.json'
For more information check: https://developer.mozilla.org/en-US/docs/Web/HTTP/Status/403",2026-07-17T13:55:56.860345
aurore1943,bpt6k3960761h,,failed,0,0,,http_manifest,known,403,manifest,"Client error '403 ' for url 'https://openapiproext.bnf.fr/iiif/presentation/v3/ark:/12148/bpt6k3960761h/manifest.json'
For more information check: https://developer.mozilla.org/en-US/docs/Web/HTTP/Status/403",2026-07-17T13:55:58.061324
aurore1943,bpt6k3882241z,,failed,0,0,,http_manifest,known,403,manifest,"Client error '403 ' for url 'https://openapiproext.bnf.fr/iiif/presentation/v3/ark:/12148/bpt6k3882241z/manifest.json'
For more information check: https://developer.mozilla.org/en-US/docs/Web/HTTP/Status/403",2026-07-17T13:55:59.304055
aurore1943,bpt6k3960762x,,failed,0,0,,http_manifest,known,403,manifest,"Client error '403 ' for url 'https://openapiproext.bnf.fr/iiif/presentation/v3/ark:/12148/bpt6k3960762x/manifest.json'
For more information check: https://developer.mozilla.org/en-US/docs/Web/HTTP/Status/403",2026-07-17T13:56:00.647939
aurore1943,bpt6k3882242c,,failed,0,0,,http_manifest,known,403,manifest,"Client error '403 ' for url 'https://openapiproext.bnf.fr/iiif/presentation/v3/ark:/12148/bpt6k3882242c/manifest.json'
For more information check: https://developer.mozilla.org/en-US/docs/Web/HTTP/Status/403",2026-07-17T13:56:01.784798
aurore1943,bpt6k3960763b,,failed,0,0,,http_manifest,known,403,manifest,"Client error '403 ' for url 'https://openapiproext.bnf.fr/iiif/presentation/v3/ark:/12148/bpt6k3960763b/manifest.json'
For more information check: https://developer.mozilla.org/en-US/docs/Web/HTTP/Status/403",2026-07-17T13:56:02.877129
aurore1943,bpt6k3882243s,,failed,0,0,,http_manifest,known,403,manifest,"Client error '403 ' for url 'https://openapiproext.bnf.fr/iiif/presentation/v3/ark:/12148/bpt6k3882243s/manifest.json'
For more information check: https://developer.mozilla.org/en-US/docs/Web/HTTP/Status/403",2026-07-17T13:56:04.405410
aurore1943,bpt6k3960764r,,failed,0,0,,http_manifest,known,403,manifest,"Client error '403 ' for url 'https://openapiproext.bnf.fr/iiif/presentation/v3/ark:/12148/bpt6k3960764r/manifest.json'
For more information check: https://developer.mozilla.org/en-US/docs/Web/HTTP/Status/403",2026-07-17T13:56:05.416828
aurore1943,bpt6k38822446,,failed,0,0,,http_manifest,known,403,manifest,"Client error '403 ' for url 'https://openapiproext.bnf.fr/iiif/presentation/v3/ark:/12148/bpt6k38822446/manifest.json'
For more information check: https://developer.mozilla.org/en-US/docs/Web/HTTP/Status/403",2026-07-17T13:56:06.643530
aurore1943,bpt6k39607655,,failed,0,0,,http_manifest,known,403,manifest,"Client error '403 ' for url 'https://openapiproext.bnf.fr/iiif/presentation/v3/ark:/12148/bpt6k39607655/manifest.json'
For more information check: https://developer.mozilla.org/en-US/docs/Web/HTTP/Status/403",2026-07-17T13:56:07.860470
aurore1943,bpt6k3882245m,,failed,0,0,,http_manifest,known,403,manifest,"Client error '403 ' for url 'https://openapiproext.bnf.fr/iiif/presentation/v3/ark:/12148/bpt6k3882245m/manifest.json'
For more information check: https://developer.mozilla.org/en-US/docs/Web/HTTP/Status/403",2026-07-17T13:56:09.021637
aurore1943,bpt6k3960766k,,failed,0,0,,http_manifest,known,403,manifest,"Client error '403 ' for url 'https://openapiproext.bnf.fr/iiif/presentation/v3/ark:/12148/bpt6k3960766k/manifest.json'
For more information check: https://developer.mozilla.org/en-US/docs/Web/HTTP/Status/403",2026-07-17T13:56:10.152666
aurore1943,bpt6k38822461,,failed,0,0,,http_manifest,known,403,manifest,"Client error '403 ' for url 'https://openapiproext.bnf.fr/iiif/presentation/v3/ark:/12148/bpt6k38822461/manifest.json'
For more information check: https://developer.mozilla.org/en-US/docs/Web/HTTP/Status/403",2026-07-17T13:56:11.276458
aurore1943,bpt6k39607670,,failed,0,0,,http_manifest,known,403,manifest,"Client error '403 ' for url 'https://openapiproext.bnf.fr/iiif/presentation/v3/ark:/12148/bpt6k39607670/manifest.json'
For more information check: https://developer.mozilla.org/en-US/docs/Web/HTTP/Status/403",2026-07-17T13:56:12.477814
aurore1943,bpt6k3882247f,,failed,0,0,,http_manifest,known,403,manifest,"Client error '403 ' for url 'https://openapiproext.bnf.fr/iiif/presentation/v3/ark:/12148/bpt6k3882247f/manifest.json'
For more information check: https://developer.mozilla.org/en-US/docs/Web/HTTP/Status/403",2026-07-17T13:56:13.973011
aurore1943,bpt6k3960768d,,failed,0,0,,http_manifest,known,403,manifest,"Client error '403 ' for url 'https://openapiproext.bnf.fr/iiif/presentation/v3/ark:/12148/bpt6k3960768d/manifest.json'
For more information check: https://developer.mozilla.org/en-US/docs/Web/HTTP/Status/403",2026-07-17T13:56:14.978831
aurore1943,bpt6k3882248v,,failed,0,0,,http_manifest,known,403,manifest,"Client error '403 ' for url 'https://openapiproext.bnf.fr/iiif/presentation/v3/ark:/12148/bpt6k3882248v/manifest.json'
For more information check: https://developer.mozilla.org/en-US/docs/Web/HTTP/Status/403",2026-07-17T13:56:16.086746
aurore1943,bpt6k3960769t,,failed,0,0,,http_manifest,known,403,manifest,"Client error '403 ' for url 'https://openapiproext.bnf.fr/iiif/presentation/v3/ark:/12148/bpt6k3960769t/manifest.json'
For more information check: https://developer.mozilla.org/en-US/docs/Web/HTTP/Status/403",2026-07-17T13:56:17.286387
aurore1943,bpt6k38822498,,failed,0,0,,http_manifest,known,403,manifest,"Client error '403 ' for url 'https://openapiproext.bnf.fr/iiif/presentation/v3/ark:/12148/bpt6k38822498/manifest.json'
For more information check: https://developer.mozilla.org/en-US/docs/Web/HTTP/Status/403",2026-07-17T13:56:18.731957
aurore1943,bpt6k3960770g,,failed,0,0,,http_manifest,known,403,manifest,"Client error '403 ' for url 'https://openapiproext.bnf.fr/iiif/presentation/v3/ark:/12148/bpt6k3960770g/manifest.json'
For more information check: https://developer.mozilla.org/en-US/docs/Web/HTTP/Status/403",2026-07-17T13:56:19.689631
aurore1943,bpt6k3882250x,,failed,0,0,,http_manifest,known,403,manifest,"Client error '403 ' for url 'https://openapiproext.bnf.fr/iiif/presentation/v3/ark:/12148/bpt6k3882250x/manifest.json'
For more information check: https://developer.mozilla.org/en-US/docs/Web/HTTP/Status/403",2026-07-17T13:56:20.887860
aurore1943,bpt6k3960771w,,failed,0,0,,http_manifest,known,403,manifest,"Client error '403 ' for url 'https://openapiproext.bnf.fr/iiif/presentation/v3/ark:/12148/bpt6k3960771w/manifest.json'
For more information check: https://developer.mozilla.org/en-US/docs/Web/HTTP/Status/403",2026-07-17T13:56:22.121195
aurore1943,bpt6k3882251b,,failed,0,0,,http_manifest,known,403,manifest,"Client error '403 ' for url 'https://openapiproext.bnf.fr/iiif/presentation/v3/ark:/12148/bpt6k3882251b/manifest.json'
For more information check: https://developer.mozilla.org/en-US/docs/Web/HTTP/Status/403",2026-07-17T13:56:23.300093
aurore1943,bpt6k39607729,,failed,0,0,,http_manifest,known,403,manifest,"Client error '403 ' for url 'https://openapiproext.bnf.fr/iiif/presentation/v3/ark:/12148/bpt6k39607729/manifest.json'
For more information check: https://developer.mozilla.org/en-US/docs/Web/HTTP/Status/403",2026-07-17T13:56:24.495535
aurore1943,bpt6k3882252r,,failed,0,0,,http_manifest,known,403,manifest,"Client error '403 ' for url 'https://openapiproext.bnf.fr/iiif/presentation/v3/ark:/12148/bpt6k3882252r/manifest.json'
For more information check: https://developer.mozilla.org/en-US/docs/Web/HTTP/Status/403",2026-07-17T13:56:25.698901
aurore1943,bpt6k3960773q,,failed,0,0,,http_manifest,known,403,manifest,"Client error '403 ' for url 'https://openapiproext.bnf.fr/iiif/presentation/v3/ark:/12148/bpt6k3960773q/manifest.json'
For more information check: https://developer.mozilla.org/en-US/docs/Web/HTTP/Status/403",2026-07-17T13:56:26.898219
aurore1943,bpt6k38822535,,failed,0,0,,http_manifest,known,403,manifest,"Client error '403 ' for url 'https://openapiproext.bnf.fr/iiif/presentation/v3/ark:/12148/bpt6k38822535/manifest.json'
For more information check: https://developer.mozilla.org/en-US/docs/Web/HTTP/Status/403",2026-07-17T13:56:28.126648
aurore1943,bpt6k3882254k,,failed,0,0,,http_manifest,known,403,manifest,"Client error '403 ' for url 'https://openapiproext.bnf.fr/iiif/presentation/v3/ark:/12148/bpt6k3882254k/manifest.json'
For more information check: https://developer.mozilla.org/en-US/docs/Web/HTTP/Status/403",2026-07-17T13:56:29.304859
aurore1943,bpt6k39607744,,failed,0,0,,http_manifest,known,403,manifest,"Client error '403 ' for url 'https://openapiproext.bnf.fr/iiif/presentation/v3/ark:/12148/bpt6k39607744/manifest.json'
For more information check: https://developer.mozilla.org/en-US/docs/Web/HTTP/Status/403",2026-07-17T13:56:30.509661
aurore1943,bpt6k3960775j,,failed,0,0,,http_manifest,known,403,manifest,"Client error '403 ' for url 'https://openapiproext.bnf.fr/iiif/presentation/v3/ark:/12148/bpt6k3960775j/manifest.json'
For more information check: https://developer.mozilla.org/en-US/docs/Web/HTTP/Status/403",2026-07-17T13:56:31.711310
aurore1943,bpt6k38822550,,failed,0,0,,http_manifest,known,403,manifest,"Client error '403 ' for url 'https://openapiproext.bnf.fr/iiif/presentation/v3/ark:/12148/bpt6k38822550/manifest.json'
For more information check: https://developer.mozilla.org/en-US/docs/Web/HTTP/Status/403",2026-07-17T13:56:32.901311
aurore1943,bpt6k3960776z,,failed,0,0,,http_manifest,known,403,manifest,"Client error '403 ' for url 'https://openapiproext.bnf.fr/iiif/presentation/v3/ark:/12148/bpt6k3960776z/manifest.json'
For more information check: https://developer.mozilla.org/en-US/docs/Web/HTTP/Status/403",2026-07-17T13:56:34.105395
aurore1943,bpt6k3882256d,,failed,0,0,,http_manifest,known,403,manifest,"Client error '403 ' for url 'https://openapiproext.bnf.fr/iiif/presentation/v3/ark:/12148/bpt6k3882256d/manifest.json'
For more information check: https://developer.mozilla.org/en-US/docs/Web/HTTP/Status/403",2026-07-17T13:56:35.307745
aurore1943,bpt6k3960777c,,failed,0,0,,http_manifest,known,403,manifest,"Client error '403 ' for url 'https://openapiproext.bnf.fr/iiif/presentation/v3/ark:/12148/bpt6k3960777c/manifest.json'
For more information check: https://developer.mozilla.org/en-US/docs/Web/HTTP/Status/403",2026-07-17T13:56:36.510773
aurore1943,bpt6k3882257t,,failed,0,0,,http_manifest,known,403,manifest,"Client error '403 ' for url 'https://openapiproext.bnf.fr/iiif/presentation/v3/ark:/12148/bpt6k3882257t/manifest.json'
For more information check: https://developer.mozilla.org/en-US/docs/Web/HTTP/Status/403",2026-07-17T13:56:37.711261
aurore1943,bpt6k3960778s,,failed,0,0,,http_manifest,known,403,manifest,"Client error '403 ' for url 'https://openapiproext.bnf.fr/iiif/presentation/v3/ark:/12148/bpt6k3960778s/manifest.json'
For more information check: https://developer.mozilla.org/en-US/docs/Web/HTTP/Status/403",2026-07-17T13:56:38.932484
aurore1943,bpt6k38822587,,failed,0,0,,http_manifest,known,403,manifest,"Client error '403 ' for url 'https://openapiproext.bnf.fr/iiif/presentation/v3/ark:/12148/bpt6k38822587/manifest.json'
For more information check: https://developer.mozilla.org/en-US/docs/Web/HTTP/Status/403",2026-07-17T13:56:40.130534
aurore1943,bpt6k39607796,,failed,0,0,,http_manifest,known,403,manifest,"Client error '403 ' for url 'https://openapiproext.bnf.fr/iiif/presentation/v3/ark:/12148/bpt6k39607796/manifest.json'
For more information check: https://developer.mozilla.org/en-US/docs/Web/HTTP/Status/403",2026-07-17T13:56:41.318842
aurore1943,bpt6k3882259n,,failed,0,0,,http_manifest,known,403,manifest,"Client error '403 ' for url 'https://openapiproext.bnf.fr/iiif/presentation/v3/ark:/12148/bpt6k3882259n/manifest.json'
For more information check: https://developer.mozilla.org/en-US/docs/Web/HTTP/Status/403",2026-07-17T13:56:42.518826
aurore1943,bpt6k3960780v,,failed,0,0,,http_manifest,known,403,manifest,"Client error '403 ' for url 'https://openapiproext.bnf.fr/iiif/presentation/v3/ark:/12148/bpt6k3960780v/manifest.json'
For more information check: https://developer.mozilla.org/en-US/docs/Web/HTTP/Status/403",2026-07-17T13:56:43.722633
aurore1943,bpt6k38822609,,failed,0,0,,http_manifest,known,403,manifest,"Client error '403 ' for url 'https://openapiproext.bnf.fr/iiif/presentation/v3/ark:/12148/bpt6k38822609/manifest.json'
For more information check: https://developer.mozilla.org/en-US/docs/Web/HTTP/Status/403",2026-07-17T13:56:44.924700
aurore1943,bpt6k39607818,,failed,0,0,,http_manifest,known,403,manifest,"Client error '403 ' for url 'https://openapiproext.bnf.fr/iiif/presentation/v3/ark:/12148/bpt6k39607818/manifest.json'
For more information check: https://developer.mozilla.org/en-US/docs/Web/HTTP/Status/403",2026-07-17T13:56:46.125756
aurore1943,bpt6k3882261q,,failed,0,0,,http_manifest,known,403,manifest,"Client error '403 ' for url 'https://openapiproext.bnf.fr/iiif/presentation/v3/ark:/12148/bpt6k3882261q/manifest.json'
For more information check: https://developer.mozilla.org/en-US/docs/Web/HTTP/Status/403",2026-07-17T13:56:47.326821
aurore1943,bpt6k3960782p,,failed,0,0,,http_manifest,known,403,manifest,"Client error '403 ' for url 'https://openapiproext.bnf.fr/iiif/presentation/v3/ark:/12148/bpt6k3960782p/manifest.json'
For more information check: https://developer.mozilla.org/en-US/docs/Web/HTTP/Status/403",2026-07-17T13:56:48.523451
aurore1943,bpt6k38822624,,failed,0,0,,http_manifest,known,403,manifest,"Client error '403 ' for url 'https://openapiproext.bnf.fr/iiif/presentation/v3/ark:/12148/bpt6k38822624/manifest.json'
For more information check: https://developer.mozilla.org/en-US/docs/Web/HTTP/Status/403",2026-07-17T13:56:49.728765
aurore1943,bpt6k39607833,,failed,0,0,,http_manifest,known,403,manifest,"Client error '403 ' for url 'https://openapiproext.bnf.fr/iiif/presentation/v3/ark:/12148/bpt6k39607833/manifest.json'
For more information check: https://developer.mozilla.org/en-US/docs/Web/HTTP/Status/403",2026-07-17T13:56:50.948260
aurore1943,bpt6k3882263j,,failed,0,0,,http_manifest,known,403,manifest,"Client error '403 ' for url 'https://openapiproext.bnf.fr/iiif/presentation/v3/ark:/12148/bpt6k3882263j/manifest.json'
For more information check: https://developer.mozilla.org/en-US/docs/Web/HTTP/Status/403",2026-07-17T13:56:52.136347
aurore1943,bpt6k3960784h,,failed,0,0,,http_manifest,known,403,manifest,"Client error '403 ' for url 'https://openapiproext.bnf.fr/iiif/presentation/v3/ark:/12148/bpt6k3960784h/manifest.json'
For more information check: https://developer.mozilla.org/en-US/docs/Web/HTTP/Status/403",2026-07-17T13:56:53.335167
aurore1943,bpt6k3882264z,,failed,0,0,,http_manifest,known,403,manifest,"Client error '403 ' for url 'https://openapiproext.bnf.fr/iiif/presentation/v3/ark:/12148/bpt6k3882264z/manifest.json'
For more information check: https://developer.mozilla.org/en-US/docs/Web/HTTP/Status/403",2026-07-17T13:56:54.549196
aurore1943,bpt6k3960785x,,failed,0,0,,http_manifest,known,403,manifest,"Client error '403 ' for url 'https://openapiproext.bnf.fr/iiif/presentation/v3/ark:/12148/bpt6k3960785x/manifest.json'
For more information check: https://developer.mozilla.org/en-US/docs/Web/HTTP/Status/403",2026-07-17T13:56:55.737339
aurore1943,bpt6k3882265c,,failed,0,0,,http_manifest,known,403,manifest,"Client error '403 ' for url 'https://openapiproext.bnf.fr/iiif/presentation/v3/ark:/12148/bpt6k3882265c/manifest.json'
For more information check: https://developer.mozilla.org/en-US/docs/Web/HTTP/Status/403",2026-07-17T13:56:56.941271
aurore1943,bpt6k3960786b,,failed,0,0,,http_manifest,known,403,manifest,"Client error '403 ' for url 'https://openapiproext.bnf.fr/iiif/presentation/v3/ark:/12148/bpt6k3960786b/manifest.json'
For more information check: https://developer.mozilla.org/en-US/docs/Web/HTTP/Status/403",2026-07-17T13:56:58.143331
aurore1943,bpt6k3882266s,,failed,0,0,,http_manifest,known,403,manifest,"Client error '403 ' for url 'https://openapiproext.bnf.fr/iiif/presentation/v3/ark:/12148/bpt6k3882266s/manifest.json'
For more information check: https://developer.mozilla.org/en-US/docs/Web/HTTP/Status/403",2026-07-17T13:56:59.585223
aurore1943,bpt6k3960787r,,failed,0,0,,http_manifest,known,403,manifest,"Client error '403 ' for url 'https://openapiproext.bnf.fr/iiif/presentation/v3/ark:/12148/bpt6k3960787r/manifest.json'
For more information check: https://developer.mozilla.org/en-US/docs/Web/HTTP/Status/403",2026-07-17T13:57:00.565832
aurore1943,bpt6k38822676,,failed,0,0,,http_manifest,known,403,manifest,"Client error '403 ' for url 'https://openapiproext.bnf.fr/iiif/presentation/v3/ark:/12148/bpt6k38822676/manifest.json'
For more information check: https://developer.mozilla.org/en-US/docs/Web/HTTP/Status/403",2026-07-17T13:57:01.753518
aurore1943,bpt6k39607885,,failed,0,0,,http_manifest,known,403,manifest,"Client error '403 ' for url 'https://openapiproext.bnf.fr/iiif/presentation/v3/ark:/12148/bpt6k39607885/manifest.json'
For more information check: https://developer.mozilla.org/en-US/docs/Web/HTTP/Status/403",2026-07-17T13:57:02.946675
aurore1943,bpt6k3882268m,,failed,0,0,,http_manifest,known,403,manifest,"Client error '403 ' for url 'https://openapiproext.bnf.fr/iiif/presentation/v3/ark:/12148/bpt6k3882268m/manifest.json'
For more information check: https://developer.mozilla.org/en-US/docs/Web/HTTP/Status/403",2026-07-17T13:57:04.158493
aurore1943,bpt6k3960789k,,failed,0,0,,http_manifest,known,403,manifest,"Client error '403 ' for url 'https://openapiproext.bnf.fr/iiif/presentation/v3/ark:/12148/bpt6k3960789k/manifest.json'
For more information check: https://developer.mozilla.org/en-US/docs/Web/HTTP/Status/403",2026-07-17T13:57:05.400367
aurore1943,bpt6k38822691,,failed,0,0,,http_manifest,known,403,manifest,"Client error '403 ' for url 'https://openapiproext.bnf.fr/iiif/presentation/v3/ark:/12148/bpt6k38822691/manifest.json'
For more information check: https://developer.mozilla.org/en-US/docs/Web/HTTP/Status/403",2026-07-17T13:57:06.556995
aurore1943,bpt6k39607907,,failed,0,0,,http_manifest,known,403,manifest,"Client error '403 ' for url 'https://openapiproext.bnf.fr/iiif/presentation/v3/ark:/12148/bpt6k39607907/manifest.json'
For more information check: https://developer.mozilla.org/en-US/docs/Web/HTTP/Status/403",2026-07-17T13:57:07.882182
aurore1943,bpt6k3882270p,,failed,0,0,,http_manifest,known,403,manifest,"Client error '403 ' for url 'https://openapiproext.bnf.fr/iiif/presentation/v3/ark:/12148/bpt6k3882270p/manifest.json'
For more information check: https://developer.mozilla.org/en-US/docs/Web/HTTP/Status/403",2026-07-17T13:57:08.967400
aurore1943,bpt6k3960791n,,failed,0,0,,http_manifest,known,403,manifest,"Client error '403 ' for url 'https://openapiproext.bnf.fr/iiif/presentation/v3/ark:/12148/bpt6k3960791n/manifest.json'
For more information check: https://developer.mozilla.org/en-US/docs/Web/HTTP/Status/403",2026-07-17T13:57:10.168375
aurore1943,bpt6k38822713,,failed,0,0,,http_manifest,known,403,manifest,"Client error '403 ' for url 'https://openapiproext.bnf.fr/iiif/presentation/v3/ark:/12148/bpt6k38822713/manifest.json'
For more information check: https://developer.mozilla.org/en-US/docs/Web/HTTP/Status/403",2026-07-17T13:57:11.472940
aurore1943,bpt6k39607922,,failed,0,0,,http_manifest,known,403,manifest,"Client error '403 ' for url 'https://openapiproext.bnf.fr/iiif/presentation/v3/ark:/12148/bpt6k39607922/manifest.json'
For more information check: https://developer.mozilla.org/en-US/docs/Web/HTTP/Status/403",2026-07-17T13:57:12.572269
aurore1943,bpt6k3882272h,,failed,0,0,,http_manifest,known,403,manifest,"Client error '403 ' for url 'https://openapiproext.bnf.fr/iiif/presentation/v3/ark:/12148/bpt6k3882272h/manifest.json'
For more information check: https://developer.mozilla.org/en-US/docs/Web/HTTP/Status/403",2026-07-17T13:57:13.878492
aurore1943,bpt6k3960793g,,failed,0,0,,http_manifest,known,403,manifest,"Client error '403 ' for url 'https://openapiproext.bnf.fr/iiif/presentation/v3/ark:/12148/bpt6k3960793g/manifest.json'
For more information check: https://developer.mozilla.org/en-US/docs/Web/HTTP/Status/403",2026-07-17T13:57:15.031926
aurore1943,bpt6k3882273x,,failed,0,0,,http_manifest,known,403,manifest,"Client error '403 ' for url 'https://openapiproext.bnf.fr/iiif/presentation/v3/ark:/12148/bpt6k3882273x/manifest.json'
For more information check: https://developer.mozilla.org/en-US/docs/Web/HTTP/Status/403",2026-07-17T13:57:16.174174
aurore1943,bpt6k3960794w,,failed,0,0,,http_manifest,known,403,manifest,"Client error '403 ' for url 'https://openapiproext.bnf.fr/iiif/presentation/v3/ark:/12148/bpt6k3960794w/manifest.json'
For more information check: https://developer.mozilla.org/en-US/docs/Web/HTTP/Status/403",2026-07-17T13:57:17.466347
aurore1943,bpt6k3882274b,,failed,0,0,,http_manifest,known,403,manifest,"Client error '403 ' for url 'https://openapiproext.bnf.fr/iiif/presentation/v3/ark:/12148/bpt6k3882274b/manifest.json'
For more information check: https://developer.mozilla.org/en-US/docs/Web/HTTP/Status/403",2026-07-17T13:57:18.787743
aurore1943,bpt6k39607959,,failed,0,0,,http_manifest,known,403,manifest,"Client error '403 ' for url 'https://openapiproext.bnf.fr/iiif/presentation/v3/ark:/12148/bpt6k39607959/manifest.json'
For more information check: https://developer.mozilla.org/en-US/docs/Web/HTTP/Status/403",2026-07-17T13:57:19.775804
aurore1943,bpt6k3882275r,,failed,0,0,,http_manifest,known,403,manifest,"Client error '403 ' for url 'https://openapiproext.bnf.fr/iiif/presentation/v3/ark:/12148/bpt6k3882275r/manifest.json'
For more information check: https://developer.mozilla.org/en-US/docs/Web/HTTP/Status/403",2026-07-17T13:57:20.970656
aurore1943,bpt6k3960796q,,failed,0,0,,http_manifest,known,403,manifest,"Client error '403 ' for url 'https://openapiproext.bnf.fr/iiif/presentation/v3/ark:/12148/bpt6k3960796q/manifest.json'
For more information check: https://developer.mozilla.org/en-US/docs/Web/HTTP/Status/403",2026-07-17T13:57:22.179166
aurore1943,bpt6k38822765,,failed,0,0,,http_manifest,known,403,manifest,"Client error '403 ' for url 'https://openapiproext.bnf.fr/iiif/presentation/v3/ark:/12148/bpt6k38822765/manifest.json'
For more information check: https://developer.mozilla.org/en-US/docs/Web/HTTP/Status/403",2026-07-17T13:57:23.372632
aurore1943,bpt6k39607974,,failed,0,0,,http_manifest,known,403,manifest,"Client error '403 ' for url 'https://openapiproext.bnf.fr/iiif/presentation/v3/ark:/12148/bpt6k39607974/manifest.json'
For more information check: https://developer.mozilla.org/en-US/docs/Web/HTTP/Status/403",2026-07-17T13:57:24.572128
aurore1943,bpt6k3882277k,,failed,0,0,,http_manifest,known,403,manifest,"Client error '403 ' for url 'https://openapiproext.bnf.fr/iiif/presentation/v3/ark:/12148/bpt6k3882277k/manifest.json'
For more information check: https://developer.mozilla.org/en-US/docs/Web/HTTP/Status/403",2026-07-17T13:57:25.771058
aurore1943,bpt6k3960798j,,failed,0,0,,http_manifest,known,403,manifest,"Client error '403 ' for url 'https://openapiproext.bnf.fr/iiif/presentation/v3/ark:/12148/bpt6k3960798j/manifest.json'
For more information check: https://developer.mozilla.org/en-US/docs/Web/HTTP/Status/403",2026-07-17T13:57:26.989992
aurore1943,bpt6k38822780,,failed,0,0,,http_manifest,known,403,manifest,"Client error '403 ' for url 'https://openapiproext.bnf.fr/iiif/presentation/v3/ark:/12148/bpt6k38822780/manifest.json'
For more information check: https://developer.mozilla.org/en-US/docs/Web/HTTP/Status/403",2026-07-17T13:57:28.176056
aurore1943,bpt6k3960799z,,failed,0,0,,http_manifest,known,403,manifest,"Client error '403 ' for url 'https://openapiproext.bnf.fr/iiif/presentation/v3/ark:/12148/bpt6k3960799z/manifest.json'
For more information check: https://developer.mozilla.org/en-US/docs/Web/HTTP/Status/403",2026-07-17T13:57:29.409108
aurore1943,bpt6k3882279d,,failed,0,0,,http_manifest,known,403,manifest,"Client error '403 ' for url 'https://openapiproext.bnf.fr/iiif/presentation/v3/ark:/12148/bpt6k3882279d/manifest.json'
For more information check: https://developer.mozilla.org/en-US/docs/Web/HTTP/Status/403",2026-07-17T13:57:30.588044
aurore1943,bpt6k39608005,,failed,0,0,,http_manifest,known,403,manifest,"Client error '403 ' for url 'https://openapiproext.bnf.fr/iiif/presentation/v3/ark:/12148/bpt6k39608005/manifest.json'
For more information check: https://developer.mozilla.org/en-US/docs/Web/HTTP/Status/403",2026-07-17T13:57:31.793036
aurore1943,bpt6k38822802,,failed,0,0,,http_manifest,known,403,manifest,"Client error '403 ' for url 'https://openapiproext.bnf.fr/iiif/presentation/v3/ark:/12148/bpt6k38822802/manifest.json'
For more information check: https://developer.mozilla.org/en-US/docs/Web/HTTP/Status/403",2026-07-17T13:57:32.988184
aurore1943,bpt6k3960801k,,failed,0,0,,http_manifest,known,403,manifest,"Client error '403 ' for url 'https://openapiproext.bnf.fr/iiif/presentation/v3/ark:/12148/bpt6k3960801k/manifest.json'
For more information check: https://developer.mozilla.org/en-US/docs/Web/HTTP/Status/403",2026-07-17T13:57:34.195691
aurore1943,bpt6k3882281g,,failed,0,0,,http_manifest,known,403,manifest,"Client error '403 ' for url 'https://openapiproext.bnf.fr/iiif/presentation/v3/ark:/12148/bpt6k3882281g/manifest.json'
For more information check: https://developer.mozilla.org/en-US/docs/Web/HTTP/Status/403",2026-07-17T13:57:35.385250
aurore1943,bpt6k39608020,,failed,0,0,,http_manifest,known,403,manifest,"Client error '403 ' for url 'https://openapiproext.bnf.fr/iiif/presentation/v3/ark:/12148/bpt6k39608020/manifest.json'
For more information check: https://developer.mozilla.org/en-US/docs/Web/HTTP/Status/403",2026-07-17T13:57:36.589081
aurore1943,bpt6k3882282w,,failed,0,0,,http_manifest,known,403,manifest,"Client error '403 ' for url 'https://openapiproext.bnf.fr/iiif/presentation/v3/ark:/12148/bpt6k3882282w/manifest.json'
For more information check: https://developer.mozilla.org/en-US/docs/Web/HTTP/Status/403",2026-07-17T13:57:37.792491
aurore1943,bpt6k3960803d,,failed,0,0,,http_manifest,known,403,manifest,"Client error '403 ' for url 'https://openapiproext.bnf.fr/iiif/presentation/v3/ark:/12148/bpt6k3960803d/manifest.json'
For more information check: https://developer.mozilla.org/en-US/docs/Web/HTTP/Status/403",2026-07-17T13:57:38.992628
aurore1943,bpt6k38822839,,failed,0,0,,http_manifest,known,403,manifest,"Client error '403 ' for url 'https://openapiproext.bnf.fr/iiif/presentation/v3/ark:/12148/bpt6k38822839/manifest.json'
For more information check: https://developer.mozilla.org/en-US/docs/Web/HTTP/Status/403",2026-07-17T13:57:40.207160
aurore1943,bpt6k3960804t,,failed,0,0,,http_manifest,known,403,manifest,"Client error '403 ' for url 'https://openapiproext.bnf.fr/iiif/presentation/v3/ark:/12148/bpt6k3960804t/manifest.json'
For more information check: https://developer.mozilla.org/en-US/docs/Web/HTTP/Status/403",2026-07-17T13:57:41.422207
aurore1943,bpt6k3882284q,,failed,0,0,,http_manifest,known,403,manifest,"Client error '403 ' for url 'https://openapiproext.bnf.fr/iiif/presentation/v3/ark:/12148/bpt6k3882284q/manifest.json'
For more information check: https://developer.mozilla.org/en-US/docs/Web/HTTP/Status/403",2026-07-17T13:57:42.594278
aurore1943,bpt6k39608057,,failed,0,0,,http_manifest,known,403,manifest,"Client error '403 ' for url 'https://openapiproext.bnf.fr/iiif/presentation/v3/ark:/12148/bpt6k39608057/manifest.json'
For more information check: https://developer.mozilla.org/en-US/docs/Web/HTTP/Status/403",2026-07-17T13:57:43.801307
aurore1943,bpt6k38822854,,failed,0,0,,http_manifest,known,403,manifest,"Client error '403 ' for url 'https://openapiproext.bnf.fr/iiif/presentation/v3/ark:/12148/bpt6k38822854/manifest.json'
For more information check: https://developer.mozilla.org/en-US/docs/Web/HTTP/Status/403",2026-07-17T13:57:45.000766
aurore1943,bpt6k3960806n,,failed,0,0,,http_manifest,known,403,manifest,"Client error '403 ' for url 'https://openapiproext.bnf.fr/iiif/presentation/v3/ark:/12148/bpt6k3960806n/manifest.json'
For more information check: https://developer.mozilla.org/en-US/docs/Web/HTTP/Status/403",2026-07-17T13:57:46.207503
aurore1943,bpt6k3882286j,,failed,0,0,,http_manifest,known,403,manifest,"Client error '403 ' for url 'https://openapiproext.bnf.fr/iiif/presentation/v3/ark:/12148/bpt6k3882286j/manifest.json'
For more information check: https://developer.mozilla.org/en-US/docs/Web/HTTP/Status/403",2026-07-17T13:57:47.426079
aurore1943,bpt6k39608072,,failed,0,0,,http_manifest,known,403,manifest,"Client error '403 ' for url 'https://openapiproext.bnf.fr/iiif/presentation/v3/ark:/12148/bpt6k39608072/manifest.json'
For more information check: https://developer.mozilla.org/en-US/docs/Web/HTTP/Status/403",2026-07-17T13:57:48.600870
aurore1943,bpt6k3882287z,,failed,0,0,,http_manifest,known,403,manifest,"Client error '403 ' for url 'https://openapiproext.bnf.fr/iiif/presentation/v3/ark:/12148/bpt6k3882287z/manifest.json'
For more information check: https://developer.mozilla.org/en-US/docs/Web/HTTP/Status/403",2026-07-17T13:57:49.803446
aurore1943,bpt6k3960808g,,failed,0,0,,http_manifest,known,403,manifest,"Client error '403 ' for url 'https://openapiproext.bnf.fr/iiif/presentation/v3/ark:/12148/bpt6k3960808g/manifest.json'
For more information check: https://developer.mozilla.org/en-US/docs/Web/HTTP/Status/403",2026-07-17T13:57:51.003666
aurore1943,bpt6k3882288c,,failed,0,0,,http_manifest,known,403,manifest,"Client error '403 ' for url 'https://openapiproext.bnf.fr/iiif/presentation/v3/ark:/12148/bpt6k3882288c/manifest.json'
For more information check: https://developer.mozilla.org/en-US/docs/Web/HTTP/Status/403",2026-07-17T13:57:52.208223
aurore1943,bpt6k3960809w,,failed,0,0,,http_manifest,known,403,manifest,"Client error '403 ' for url 'https://openapiproext.bnf.fr/iiif/presentation/v3/ark:/12148/bpt6k3960809w/manifest.json'
For more information check: https://developer.mozilla.org/en-US/docs/Web/HTTP/Status/403",2026-07-17T13:57:53.410720
aurore1943,bpt6k3882289s,,failed,0,0,,http_manifest,known,403,manifest,"Client error '403 ' for url 'https://openapiproext.bnf.fr/iiif/presentation/v3/ark:/12148/bpt6k3882289s/manifest.json'
For more information check: https://developer.mozilla.org/en-US/docs/Web/HTTP/Status/403",2026-07-17T13:57:54.613317
aurore1943,bpt6k3960810j,,failed,0,0,,http_manifest,known,403,manifest,"Client error '403 ' for url 'https://openapiproext.bnf.fr/iiif/presentation/v3/ark:/12148/bpt6k3960810j/manifest.json'
For more information check: https://developer.mozilla.org/en-US/docs/Web/HTTP/Status/403",2026-07-17T13:57:55.811257
aurore1943,bpt6k3882290f,,failed,0,0,,http_manifest,known,403,manifest,"Client error '403 ' for url 'https://openapiproext.bnf.fr/iiif/presentation/v3/ark:/12148/bpt6k3882290f/manifest.json'
For more information check: https://developer.mozilla.org/en-US/docs/Web/HTTP/Status/403",2026-07-17T13:57:57.009198
aurore1943,bpt6k3960811z,,failed,0,0,,http_manifest,known,403,manifest,"Client error '403 ' for url 'https://openapiproext.bnf.fr/iiif/presentation/v3/ark:/12148/bpt6k3960811z/manifest.json'
For more information check: https://developer.mozilla.org/en-US/docs/Web/HTTP/Status/403",2026-07-17T13:57:58.359971
aurore1943,bpt6k3882291v,,failed,0,0,,http_manifest,known,403,manifest,"Client error '403 ' for url 'https://openapiproext.bnf.fr/iiif/presentation/v3/ark:/12148/bpt6k3882291v/manifest.json'
For more information check: https://developer.mozilla.org/en-US/docs/Web/HTTP/Status/403",2026-07-17T13:57:59.631746
aurore1943,bpt6k3960812c,,failed,0,0,,http_manifest,known,403,manifest,"Client error '403 ' for url 'https://openapiproext.bnf.fr/iiif/presentation/v3/ark:/12148/bpt6k3960812c/manifest.json'
For more information check: https://developer.mozilla.org/en-US/docs/Web/HTTP/Status/403",2026-07-17T13:58:00.622457
aurore1943,bpt6k38822928,,failed,0,0,,http_manifest,known,403,manifest,"Client error '403 ' for url 'https://openapiproext.bnf.fr/iiif/presentation/v3/ark:/12148/bpt6k38822928/manifest.json'
For more information check: https://developer.mozilla.org/en-US/docs/Web/HTTP/Status/403",2026-07-17T13:58:01.823097
aurore1943,bpt6k3960813s,,failed,0,0,,http_manifest,known,403,manifest,"Client error '403 ' for url 'https://openapiproext.bnf.fr/iiif/presentation/v3/ark:/12148/bpt6k3960813s/manifest.json'
For more information check: https://developer.mozilla.org/en-US/docs/Web/HTTP/Status/403",2026-07-17T13:58:03.022845
aurore1943,bpt6k3882293p,,failed,0,0,,http_manifest,known,403,manifest,"Client error '403 ' for url 'https://openapiproext.bnf.fr/iiif/presentation/v3/ark:/12148/bpt6k3882293p/manifest.json'
For more information check: https://developer.mozilla.org/en-US/docs/Web/HTTP/Status/403",2026-07-17T13:58:04.969267
aurore1943,bpt6k39608146,,failed,0,0,,http_manifest,known,403,manifest,"Client error '403 ' for url 'https://openapiproext.bnf.fr/iiif/presentation/v3/ark:/12148/bpt6k39608146/manifest.json'
For more information check: https://developer.mozilla.org/en-US/docs/Web/HTTP/Status/403",2026-07-17T13:58:06.257305
aurore1943,bpt6k38822943,,failed,0,0,,http_manifest,known,403,manifest,"Client error '403 ' for url 'https://openapiproext.bnf.fr/iiif/presentation/v3/ark:/12148/bpt6k38822943/manifest.json'
For more information check: https://developer.mozilla.org/en-US/docs/Web/HTTP/Status/403",2026-07-17T13:58:07.285929
aurore1943,bpt6k3960815m,,failed,0,0,,http_manifest,known,403,manifest,"Client error '403 ' for url 'https://openapiproext.bnf.fr/iiif/presentation/v3/ark:/12148/bpt6k3960815m/manifest.json'
For more information check: https://developer.mozilla.org/en-US/docs/Web/HTTP/Status/403",2026-07-17T13:58:08.482493
aurore1943,bpt6k3882295h,,failed,0,0,,http_manifest,known,403,manifest,"Client error '403 ' for url 'https://openapiproext.bnf.fr/iiif/presentation/v3/ark:/12148/bpt6k3882295h/manifest.json'
For more information check: https://developer.mozilla.org/en-US/docs/Web/HTTP/Status/403",2026-07-17T13:58:09.685231
aurore1943,bpt6k39608161,,failed,0,0,,http_manifest,known,403,manifest,"Client error '403 ' for url 'https://openapiproext.bnf.fr/iiif/presentation/v3/ark:/12148/bpt6k39608161/manifest.json'
For more information check: https://developer.mozilla.org/en-US/docs/Web/HTTP/Status/403",2026-07-17T13:58:10.910875
aurore1943,bpt6k3882296x,,failed,0,0,,http_manifest,known,403,manifest,"Client error '403 ' for url 'https://openapiproext.bnf.fr/iiif/presentation/v3/ark:/12148/bpt6k3882296x/manifest.json'
For more information check: https://developer.mozilla.org/en-US/docs/Web/HTTP/Status/403",2026-07-17T13:58:12.105137
aurore1943,bpt6k3960817f,,failed,0,0,,http_manifest,known,403,manifest,"Client error '403 ' for url 'https://openapiproext.bnf.fr/iiif/presentation/v3/ark:/12148/bpt6k3960817f/manifest.json'
For more information check: https://developer.mozilla.org/en-US/docs/Web/HTTP/Status/403",2026-07-17T13:58:13.312674
aurore1943,bpt6k3882297b,,failed,0,0,,http_manifest,known,403,manifest,"Client error '403 ' for url 'https://openapiproext.bnf.fr/iiif/presentation/v3/ark:/12148/bpt6k3882297b/manifest.json'
For more information check: https://developer.mozilla.org/en-US/docs/Web/HTTP/Status/403",2026-07-17T13:58:14.498298
aurore1943,bpt6k3960818v,,failed,0,0,,http_manifest,known,403,manifest,"Client error '403 ' for url 'https://openapiproext.bnf.fr/iiif/presentation/v3/ark:/12148/bpt6k3960818v/manifest.json'
For more information check: https://developer.mozilla.org/en-US/docs/Web/HTTP/Status/403",2026-07-17T13:58:15.706135
aurore1943,bpt6k3882298r,,failed,0,0,,http_manifest,known,403,manifest,"Client error '403 ' for url 'https://openapiproext.bnf.fr/iiif/presentation/v3/ark:/12148/bpt6k3882298r/manifest.json'
For more information check: https://developer.mozilla.org/en-US/docs/Web/HTTP/Status/403",2026-07-17T13:58:17.051953
aurore1943,bpt6k39608198,,failed,0,0,,http_manifest,known,403,manifest,"Client error '403 ' for url 'https://openapiproext.bnf.fr/iiif/presentation/v3/ark:/12148/bpt6k39608198/manifest.json'
For more information check: https://developer.mozilla.org/en-US/docs/Web/HTTP/Status/403",2026-07-17T13:58:18.104337
aurore1943,bpt6k38822995,,failed,0,0,,http_manifest,known,403,manifest,"Client error '403 ' for url 'https://openapiproext.bnf.fr/iiif/presentation/v3/ark:/12148/bpt6k38822995/manifest.json'
For more information check: https://developer.mozilla.org/en-US/docs/Web/HTTP/Status/403",2026-07-17T13:58:19.307122
aurore1943,bpt6k3960820x,,failed,0,0,,http_manifest,known,403,manifest,"Client error '403 ' for url 'https://openapiproext.bnf.fr/iiif/presentation/v3/ark:/12148/bpt6k3960820x/manifest.json'
For more information check: https://developer.mozilla.org/en-US/docs/Web/HTTP/Status/403",2026-07-17T13:58:20.503908
aurore1943,bpt6k3882300c,,failed,0,0,,http_manifest,known,403,manifest,"Client error '403 ' for url 'https://openapiproext.bnf.fr/iiif/presentation/v3/ark:/12148/bpt6k3882300c/manifest.json'
For more information check: https://developer.mozilla.org/en-US/docs/Web/HTTP/Status/403",2026-07-17T13:58:21.706519
aurore1943,bpt6k3960821b,,failed,0,0,,http_manifest,known,403,manifest,"Client error '403 ' for url 'https://openapiproext.bnf.fr/iiif/presentation/v3/ark:/12148/bpt6k3960821b/manifest.json'
For more information check: https://developer.mozilla.org/en-US/docs/Web/HTTP/Status/403",2026-07-17T13:58:22.907870
aurore1943,bpt6k3882301s,,failed,0,0,,http_manifest,known,403,manifest,"Client error '403 ' for url 'https://openapiproext.bnf.fr/iiif/presentation/v3/ark:/12148/bpt6k3882301s/manifest.json'
For more information check: https://developer.mozilla.org/en-US/docs/Web/HTTP/Status/403",2026-07-17T13:58:24.108282
aurore1943,bpt6k3960822r,,failed,0,0,,http_manifest,known,403,manifest,"Client error '403 ' for url 'https://openapiproext.bnf.fr/iiif/presentation/v3/ark:/12148/bpt6k3960822r/manifest.json'
For more information check: https://developer.mozilla.org/en-US/docs/Web/HTTP/Status/403",2026-07-17T13:58:25.315325
aurore1943,bpt6k38823026,,failed,0,0,,http_manifest,known,403,manifest,"Client error '403 ' for url 'https://openapiproext.bnf.fr/iiif/presentation/v3/ark:/12148/bpt6k38823026/manifest.json'
For more information check: https://developer.mozilla.org/en-US/docs/Web/HTTP/Status/403",2026-07-17T13:58:26.512156
aurore1943,bpt6k39608235,,failed,0,0,,http_manifest,known,403,manifest,"Client error '403 ' for url 'https://openapiproext.bnf.fr/iiif/presentation/v3/ark:/12148/bpt6k39608235/manifest.json'
For more information check: https://developer.mozilla.org/en-US/docs/Web/HTTP/Status/403",2026-07-17T13:58:27.730485
aurore1943,bpt6k3882303m,,failed,0,0,,http_manifest,known,403,manifest,"Client error '403 ' for url 'https://openapiproext.bnf.fr/iiif/presentation/v3/ark:/12148/bpt6k3882303m/manifest.json'
For more information check: https://developer.mozilla.org/en-US/docs/Web/HTTP/Status/403",2026-07-17T13:58:28.940351
aurore1943,bpt6k3960824k,,failed,0,0,,http_manifest,known,403,manifest,"Client error '403 ' for url 'https://openapiproext.bnf.fr/iiif/presentation/v3/ark:/12148/bpt6k3960824k/manifest.json'
For more information check: https://developer.mozilla.org/en-US/docs/Web/HTTP/Status/403",2026-07-17T13:58:30.117822
aurore1943,bpt6k38823041,,failed,0,0,,http_manifest,known,403,manifest,"Client error '403 ' for url 'https://openapiproext.bnf.fr/iiif/presentation/v3/ark:/12148/bpt6k38823041/manifest.json'
For more information check: https://developer.mozilla.org/en-US/docs/Web/HTTP/Status/403",2026-07-17T13:58:31.318987
aurore1943,bpt6k39608250,,failed,0,0,,http_manifest,known,403,manifest,"Client error '403 ' for url 'https://openapiproext.bnf.fr/iiif/presentation/v3/ark:/12148/bpt6k39608250/manifest.json'
For more information check: https://developer.mozilla.org/en-US/docs/Web/HTTP/Status/403",2026-07-17T13:58:32.521144
aurore1943,bpt6k3882305f,,failed,0,0,,http_manifest,known,403,manifest,"Client error '403 ' for url 'https://openapiproext.bnf.fr/iiif/presentation/v3/ark:/12148/bpt6k3882305f/manifest.json'
For more information check: https://developer.mozilla.org/en-US/docs/Web/HTTP/Status/403",2026-07-17T13:58:33.720648
aurore1943,bpt6k3960826d,,failed,0,0,,http_manifest,known,403,manifest,"Client error '403 ' for url 'https://openapiproext.bnf.fr/iiif/presentation/v3/ark:/12148/bpt6k3960826d/manifest.json'
For more information check: https://developer.mozilla.org/en-US/docs/Web/HTTP/Status/403",2026-07-17T13:58:34.925402
aurore1943,bpt6k3882306v,,failed,0,0,,http_manifest,known,403,manifest,"Client error '403 ' for url 'https://openapiproext.bnf.fr/iiif/presentation/v3/ark:/12148/bpt6k3882306v/manifest.json'
For more information check: https://developer.mozilla.org/en-US/docs/Web/HTTP/Status/403",2026-07-17T13:58:36.125820
aurore1943,bpt6k3960827t,,failed,0,0,,http_manifest,known,403,manifest,"Client error '403 ' for url 'https://openapiproext.bnf.fr/iiif/presentation/v3/ark:/12148/bpt6k3960827t/manifest.json'
For more information check: https://developer.mozilla.org/en-US/docs/Web/HTTP/Status/403",2026-07-17T13:58:37.326932
aurore1943,bpt6k38823078,,failed,0,0,,http_manifest,known,403,manifest,"Client error '403 ' for url 'https://openapiproext.bnf.fr/iiif/presentation/v3/ark:/12148/bpt6k38823078/manifest.json'
For more information check: https://developer.mozilla.org/en-US/docs/Web/HTTP/Status/403",2026-07-17T13:58:38.526033
aurore1943,bpt6k39608287,,failed,0,0,,http_manifest,known,403,manifest,"Client error '403 ' for url 'https://openapiproext.bnf.fr/iiif/presentation/v3/ark:/12148/bpt6k39608287/manifest.json'
For more information check: https://developer.mozilla.org/en-US/docs/Web/HTTP/Status/403",2026-07-17T13:58:39.727161
aurore1943,bpt6k3882308p,,failed,0,0,,http_manifest,known,403,manifest,"Client error '403 ' for url 'https://openapiproext.bnf.fr/iiif/presentation/v3/ark:/12148/bpt6k3882308p/manifest.json'
For more information check: https://developer.mozilla.org/en-US/docs/Web/HTTP/Status/403",2026-07-17T13:58:40.947893
aurore1943,bpt6k3960829n,,failed,0,0,,http_manifest,known,403,manifest,"Client error '403 ' for url 'https://openapiproext.bnf.fr/iiif/presentation/v3/ark:/12148/bpt6k3960829n/manifest.json'
For more information check: https://developer.mozilla.org/en-US/docs/Web/HTTP/Status/403",2026-07-17T13:58:42.136378
aurore1943,bpt6k38823093,,failed,0,0,,http_manifest,known,403,manifest,"Client error '403 ' for url 'https://openapiproext.bnf.fr/iiif/presentation/v3/ark:/12148/bpt6k38823093/manifest.json'
For more information check: https://developer.mozilla.org/en-US/docs/Web/HTTP/Status/403",2026-07-17T13:58:43.334279
aurore1943,bpt6k39608309,,failed,0,0,,http_manifest,known,403,manifest,"Client error '403 ' for url 'https://openapiproext.bnf.fr/iiif/presentation/v3/ark:/12148/bpt6k39608309/manifest.json'
For more information check: https://developer.mozilla.org/en-US/docs/Web/HTTP/Status/403",2026-07-17T13:58:44.534213
aurore1943,bpt6k3882310r,,failed,0,0,,http_manifest,known,403,manifest,"Client error '403 ' for url 'https://openapiproext.bnf.fr/iiif/presentation/v3/ark:/12148/bpt6k3882310r/manifest.json'
For more information check: https://developer.mozilla.org/en-US/docs/Web/HTTP/Status/403",2026-07-17T13:58:45.742682
aurore1943,bpt6k3960831q,,failed,0,0,,http_manifest,known,403,manifest,"Client error '403 ' for url 'https://openapiproext.bnf.fr/iiif/presentation/v3/ark:/12148/bpt6k3960831q/manifest.json'
For more information check: https://developer.mozilla.org/en-US/docs/Web/HTTP/Status/403",2026-07-17T13:58:46.960232
aurore1943,bpt6k38823115,,failed,0,0,,http_manifest,known,403,manifest,"Client error '403 ' for url 'https://openapiproext.bnf.fr/iiif/presentation/v3/ark:/12148/bpt6k38823115/manifest.json'
For more information check: https://developer.mozilla.org/en-US/docs/Web/HTTP/Status/403",2026-07-17T13:58:48.138097
aurore1943,bpt6k39608324,,failed,0,0,,http_manifest,known,403,manifest,"Client error '403 ' for url 'https://openapiproext.bnf.fr/iiif/presentation/v3/ark:/12148/bpt6k39608324/manifest.json'
For more information check: https://developer.mozilla.org/en-US/docs/Web/HTTP/Status/403",2026-07-17T13:58:49.342121
aurore1943,bpt6k3882312k,,failed,0,0,,http_manifest,known,403,manifest,"Client error '403 ' for url 'https://openapiproext.bnf.fr/iiif/presentation/v3/ark:/12148/bpt6k3882312k/manifest.json'
For more information check: https://developer.mozilla.org/en-US/docs/Web/HTTP/Status/403",2026-07-17T13:58:50.539207
aurore1943,bpt6k3960833j,,failed,0,0,,http_manifest,known,403,manifest,"Client error '403 ' for url 'https://openapiproext.bnf.fr/iiif/presentation/v3/ark:/12148/bpt6k3960833j/manifest.json'
For more information check: https://developer.mozilla.org/en-US/docs/Web/HTTP/Status/403",2026-07-17T13:58:51.741944
aurore1943,bpt6k38823130,,failed,0,0,,http_manifest,known,403,manifest,"Client error '403 ' for url 'https://openapiproext.bnf.fr/iiif/presentation/v3/ark:/12148/bpt6k38823130/manifest.json'
For more information check: https://developer.mozilla.org/en-US/docs/Web/HTTP/Status/403",2026-07-17T13:58:52.946445
aurore1943,bpt6k3960834z,,failed,0,0,,http_manifest,known,403,manifest,"Client error '403 ' for url 'https://openapiproext.bnf.fr/iiif/presentation/v3/ark:/12148/bpt6k3960834z/manifest.json'
For more information check: https://developer.mozilla.org/en-US/docs/Web/HTTP/Status/403",2026-07-17T13:58:54.150520
aurore1943,bpt6k3882314d,,failed,0,0,,http_manifest,known,403,manifest,"Client error '403 ' for url 'https://openapiproext.bnf.fr/iiif/presentation/v3/ark:/12148/bpt6k3882314d/manifest.json'
For more information check: https://developer.mozilla.org/en-US/docs/Web/HTTP/Status/403",2026-07-17T13:58:55.345589
aurore1943,bpt6k3960835c,,failed,0,0,,http_manifest,known,403,manifest,"Client error '403 ' for url 'https://openapiproext.bnf.fr/iiif/presentation/v3/ark:/12148/bpt6k3960835c/manifest.json'
For more information check: https://developer.mozilla.org/en-US/docs/Web/HTTP/Status/403",2026-07-17T13:58:56.549336
aurore1943,bpt6k3882315t,,failed,0,0,,http_manifest,known,403,manifest,"Client error '403 ' for url 'https://openapiproext.bnf.fr/iiif/presentation/v3/ark:/12148/bpt6k3882315t/manifest.json'
For more information check: https://developer.mozilla.org/en-US/docs/Web/HTTP/Status/403",2026-07-17T13:58:57.786578
aurore1943,bpt6k3960836s,,failed,0,0,,http_manifest,known,403,manifest,"Client error '403 ' for url 'https://openapiproext.bnf.fr/iiif/presentation/v3/ark:/12148/bpt6k3960836s/manifest.json'
For more information check: https://developer.mozilla.org/en-US/docs/Web/HTTP/Status/403",2026-07-17T13:58:58.949940
aurore1943,bpt6k38823167,,failed,0,0,,http_manifest,known,403,manifest,"Client error '403 ' for url 'https://openapiproext.bnf.fr/iiif/presentation/v3/ark:/12148/bpt6k38823167/manifest.json'
For more information check: https://developer.mozilla.org/en-US/docs/Web/HTTP/Status/403",2026-07-17T13:59:00.295867
aurore1943,bpt6k39608376,,failed,0,0,,http_manifest,known,403,manifest,"Client error '403 ' for url 'https://openapiproext.bnf.fr/iiif/presentation/v3/ark:/12148/bpt6k39608376/manifest.json'
For more information check: https://developer.mozilla.org/en-US/docs/Web/HTTP/Status/403",2026-07-17T13:59:01.514628
aurore1943,bpt6k3882317n,,failed,0,0,,http_manifest,known,403,manifest,"Client error '403 ' for url 'https://openapiproext.bnf.fr/iiif/presentation/v3/ark:/12148/bpt6k3882317n/manifest.json'
For more information check: https://developer.mozilla.org/en-US/docs/Web/HTTP/Status/403",2026-07-17T13:59:02.563973
aurore1943,bpt6k3960838m,,failed,0,0,,http_manifest,known,403,manifest,"Client error '403 ' for url 'https://openapiproext.bnf.fr/iiif/presentation/v3/ark:/12148/bpt6k3960838m/manifest.json'
For more information check: https://developer.mozilla.org/en-US/docs/Web/HTTP/Status/403",2026-07-17T13:59:03.965982
aurore1943,bpt6k38823182,,failed,0,0,,http_manifest,known,403,manifest,"Client error '403 ' for url 'https://openapiproext.bnf.fr/iiif/presentation/v3/ark:/12148/bpt6k38823182/manifest.json'
For more information check: https://developer.mozilla.org/en-US/docs/Web/HTTP/Status/403",2026-07-17T13:59:05.156426
aurore1943,bpt6k39608391,,failed,0,0,,http_manifest,known,403,manifest,"Client error '403 ' for url 'https://openapiproext.bnf.fr/iiif/presentation/v3/ark:/12148/bpt6k39608391/manifest.json'
For more information check: https://developer.mozilla.org/en-US/docs/Web/HTTP/Status/403",2026-07-17T13:59:06.368737
aurore1943,bpt6k3882319g,,failed,0,0,,http_manifest,known,403,manifest,"Client error '403 ' for url 'https://openapiproext.bnf.fr/iiif/presentation/v3/ark:/12148/bpt6k3882319g/manifest.json'
For more information check: https://developer.mozilla.org/en-US/docs/Web/HTTP/Status/403",2026-07-17T13:59:07.360342
aurore1943,bpt6k3960840p,,failed,0,0,,http_manifest,known,403,manifest,"Client error '403 ' for url 'https://openapiproext.bnf.fr/iiif/presentation/v3/ark:/12148/bpt6k3960840p/manifest.json'
For more information check: https://developer.mozilla.org/en-US/docs/Web/HTTP/Status/403",2026-07-17T13:59:08.565619
aurore1943,bpt6k38823204,,failed,0,0,,http_manifest,known,403,manifest,"Client error '403 ' for url 'https://openapiproext.bnf.fr/iiif/presentation/v3/ark:/12148/bpt6k38823204/manifest.json'
For more information check: https://developer.mozilla.org/en-US/docs/Web/HTTP/Status/403",2026-07-17T13:59:09.771421
aurore1943,bpt6k39608413,,failed,0,0,,http_manifest,known,403,manifest,"Client error '403 ' for url 'https://openapiproext.bnf.fr/iiif/presentation/v3/ark:/12148/bpt6k39608413/manifest.json'
For more information check: https://developer.mozilla.org/en-US/docs/Web/HTTP/Status/403",2026-07-17T13:59:11.237243
aurore1943,bpt6k3882321j,,failed,0,0,,http_manifest,known,403,manifest,"Client error '403 ' for url 'https://openapiproext.bnf.fr/iiif/presentation/v3/ark:/12148/bpt6k3882321j/manifest.json'
For more information check: https://developer.mozilla.org/en-US/docs/Web/HTTP/Status/403",2026-07-17T13:59:12.206152
aurore1943,bpt6k3960842h,,failed,0,0,,http_manifest,known,403,manifest,"Client error '403 ' for url 'https://openapiproext.bnf.fr/iiif/presentation/v3/ark:/12148/bpt6k3960842h/manifest.json'
For more information check: https://developer.mozilla.org/en-US/docs/Web/HTTP/Status/403",2026-07-17T13:59:13.377511
aurore1943,bpt6k3882322z,,failed,0,0,,http_manifest,known,403,manifest,"Client error '403 ' for url 'https://openapiproext.bnf.fr/iiif/presentation/v3/ark:/12148/bpt6k3882322z/manifest.json'
For more information check: https://developer.mozilla.org/en-US/docs/Web/HTTP/Status/403",2026-07-17T13:59:14.573071
aurore1943,bpt6k3960843x,,failed,0,0,,http_manifest,known,403,manifest,"Client error '403 ' for url 'https://openapiproext.bnf.fr/iiif/presentation/v3/ark:/12148/bpt6k3960843x/manifest.json'
For more information check: https://developer.mozilla.org/en-US/docs/Web/HTTP/Status/403",2026-07-17T13:59:15.974334
aurore1943,bpt6k3882323c,,failed,0,0,,http_manifest,known,403,manifest,"Client error '403 ' for url 'https://openapiproext.bnf.fr/iiif/presentation/v3/ark:/12148/bpt6k3882323c/manifest.json'
For more information check: https://developer.mozilla.org/en-US/docs/Web/HTTP/Status/403",2026-07-17T13:59:16.981626
aurore1943,bpt6k3960844b,,failed,0,0,,http_manifest,known,403,manifest,"Client error '403 ' for url 'https://openapiproext.bnf.fr/iiif/presentation/v3/ark:/12148/bpt6k3960844b/manifest.json'
For more information check: https://developer.mozilla.org/en-US/docs/Web/HTTP/Status/403",2026-07-17T13:59:18.214105
aurore1943,bpt6k3882324s,,failed,0,0,,http_manifest,known,403,manifest,"Client error '403 ' for url 'https://openapiproext.bnf.fr/iiif/presentation/v3/ark:/12148/bpt6k3882324s/manifest.json'
For more information check: https://developer.mozilla.org/en-US/docs/Web/HTTP/Status/403",2026-07-17T13:59:19.507465
aurore1943,bpt6k3960845r,,failed,0,0,,http_manifest,known,403,manifest,"Client error '403 ' for url 'https://openapiproext.bnf.fr/iiif/presentation/v3/ark:/12148/bpt6k3960845r/manifest.json'
For more information check: https://developer.mozilla.org/en-US/docs/Web/HTTP/Status/403",2026-07-17T13:59:20.585617
aurore1943,bpt6k38823256,,failed,0,0,,http_manifest,known,403,manifest,"Client error '403 ' for url 'https://openapiproext.bnf.fr/iiif/presentation/v3/ark:/12148/bpt6k38823256/manifest.json'
For more information check: https://developer.mozilla.org/en-US/docs/Web/HTTP/Status/403",2026-07-17T13:59:21.785103
aurore1943,bpt6k39608465,,failed,0,0,,http_manifest,known,403,manifest,"Client error '403 ' for url 'https://openapiproext.bnf.fr/iiif/presentation/v3/ark:/12148/bpt6k39608465/manifest.json'
For more information check: https://developer.mozilla.org/en-US/docs/Web/HTTP/Status/403",2026-07-17T13:59:22.986343
aurore1943,bpt6k3882326m,,failed,0,0,,http_manifest,known,403,manifest,"Client error '403 ' for url 'https://openapiproext.bnf.fr/iiif/presentation/v3/ark:/12148/bpt6k3882326m/manifest.json'
For more information check: https://developer.mozilla.org/en-US/docs/Web/HTTP/Status/403",2026-07-17T13:59:24.194113
aurore1943,bpt6k3960847k,,failed,0,0,,http_manifest,known,403,manifest,"Client error '403 ' for url 'https://openapiproext.bnf.fr/iiif/presentation/v3/ark:/12148/bpt6k3960847k/manifest.json'
For more information check: https://developer.mozilla.org/en-US/docs/Web/HTTP/Status/403",2026-07-17T13:59:25.387548
aurore1943,bpt6k38823271,,failed,0,0,,http_manifest,known,403,manifest,"Client error '403 ' for url 'https://openapiproext.bnf.fr/iiif/presentation/v3/ark:/12148/bpt6k38823271/manifest.json'
For more information check: https://developer.mozilla.org/en-US/docs/Web/HTTP/Status/403",2026-07-17T13:59:26.588572
aurore1943,bpt6k39608480,,failed,0,0,,http_manifest,known,403,manifest,"Client error '403 ' for url 'https://openapiproext.bnf.fr/iiif/presentation/v3/ark:/12148/bpt6k39608480/manifest.json'
For more information check: https://developer.mozilla.org/en-US/docs/Web/HTTP/Status/403",2026-07-17T13:59:27.793348
aurore1943,bpt6k3882328f,,failed,0,0,,http_manifest,known,403,manifest,"Client error '403 ' for url 'https://openapiproext.bnf.fr/iiif/presentation/v3/ark:/12148/bpt6k3882328f/manifest.json'
For more information check: https://developer.mozilla.org/en-US/docs/Web/HTTP/Status/403",2026-07-17T13:59:28.991126
aurore1943,bpt6k3960849d,,failed,0,0,,http_manifest,known,403,manifest,"Client error '403 ' for url 'https://openapiproext.bnf.fr/iiif/presentation/v3/ark:/12148/bpt6k3960849d/manifest.json'
For more information check: https://developer.mozilla.org/en-US/docs/Web/HTTP/Status/403",2026-07-17T13:59:30.219726
aurore1943,bpt6k3882329v,,failed,0,0,,http_manifest,known,403,manifest,"Client error '403 ' for url 'https://openapiproext.bnf.fr/iiif/presentation/v3/ark:/12148/bpt6k3882329v/manifest.json'
For more information check: https://developer.mozilla.org/en-US/docs/Web/HTTP/Status/403",2026-07-17T13:59:31.394701
aurore1943,bpt6k39608502,,failed,0,0,,http_manifest,known,403,manifest,"Client error '403 ' for url 'https://openapiproext.bnf.fr/iiif/presentation/v3/ark:/12148/bpt6k39608502/manifest.json'
For more information check: https://developer.mozilla.org/en-US/docs/Web/HTTP/Status/403",2026-07-17T13:59:32.603547
aurore1943,bpt6k3882330h,,failed,0,0,,http_manifest,known,403,manifest,"Client error '403 ' for url 'https://openapiproext.bnf.fr/iiif/presentation/v3/ark:/12148/bpt6k3882330h/manifest.json'
For more information check: https://developer.mozilla.org/en-US/docs/Web/HTTP/Status/403",2026-07-17T13:59:33.811190
aurore1943,bpt6k3960851g,,failed,0,0,,http_manifest,known,403,manifest,"Client error '403 ' for url 'https://openapiproext.bnf.fr/iiif/presentation/v3/ark:/12148/bpt6k3960851g/manifest.json'
For more information check: https://developer.mozilla.org/en-US/docs/Web/HTTP/Status/403",2026-07-17T13:59:35.003406
aurore1943,bpt6k3882331x,,failed,0,0,,http_manifest,known,403,manifest,"Client error '403 ' for url 'https://openapiproext.bnf.fr/iiif/presentation/v3/ark:/12148/bpt6k3882331x/manifest.json'
For more information check: https://developer.mozilla.org/en-US/docs/Web/HTTP/Status/403",2026-07-17T13:59:36.200366
aurore1943,bpt6k3960852w,,failed,0,0,,http_manifest,known,403,manifest,"Client error '403 ' for url 'https://openapiproext.bnf.fr/iiif/presentation/v3/ark:/12148/bpt6k3960852w/manifest.json'
For more information check: https://developer.mozilla.org/en-US/docs/Web/HTTP/Status/403",2026-07-17T13:59:37.405258
aurore1943,bpt6k3882332b,,failed,0,0,,http_manifest,known,403,manifest,"Client error '403 ' for url 'https://openapiproext.bnf.fr/iiif/presentation/v3/ark:/12148/bpt6k3882332b/manifest.json'
For more information check: https://developer.mozilla.org/en-US/docs/Web/HTTP/Status/403",2026-07-17T13:59:38.600699
aurore1943,bpt6k39608539,,failed,0,0,,http_manifest,known,403,manifest,"Client error '403 ' for url 'https://openapiproext.bnf.fr/iiif/presentation/v3/ark:/12148/bpt6k39608539/manifest.json'
For more information check: https://developer.mozilla.org/en-US/docs/Web/HTTP/Status/403",2026-07-17T13:59:39.804680
aurore1943,bpt6k3882333r,,failed,0,0,,http_manifest,known,403,manifest,"Client error '403 ' for url 'https://openapiproext.bnf.fr/iiif/presentation/v3/ark:/12148/bpt6k3882333r/manifest.json'
For more information check: https://developer.mozilla.org/en-US/docs/Web/HTTP/Status/403",2026-07-17T13:59:41.009844
aurore1943,bpt6k3960854q,,failed,0,0,,http_manifest,known,403,manifest,"Client error '403 ' for url 'https://openapiproext.bnf.fr/iiif/presentation/v3/ark:/12148/bpt6k3960854q/manifest.json'
For more information check: https://developer.mozilla.org/en-US/docs/Web/HTTP/Status/403",2026-07-17T13:59:42.232058
aurore1943,bpt6k38823345,,failed,0,0,,http_manifest,known,403,manifest,"Client error '403 ' for url 'https://openapiproext.bnf.fr/iiif/presentation/v3/ark:/12148/bpt6k38823345/manifest.json'
For more information check: https://developer.mozilla.org/en-US/docs/Web/HTTP/Status/403",2026-07-17T13:59:43.411436
aurore1943,bpt6k39608554,,failed,0,0,,http_manifest,known,403,manifest,"Client error '403 ' for url 'https://openapiproext.bnf.fr/iiif/presentation/v3/ark:/12148/bpt6k39608554/manifest.json'
For more information check: https://developer.mozilla.org/en-US/docs/Web/HTTP/Status/403",2026-07-17T13:59:44.612646
aurore1943,bpt6k3882335k,,failed,0,0,,http_manifest,known,403,manifest,"Client error '403 ' for url 'https://openapiproext.bnf.fr/iiif/presentation/v3/ark:/12148/bpt6k3882335k/manifest.json'
For more information check: https://developer.mozilla.org/en-US/docs/Web/HTTP/Status/403",2026-07-17T13:59:45.811631
aurore1943,bpt6k3960856j,,failed,0,0,,http_manifest,known,403,manifest,"Client error '403 ' for url 'https://openapiproext.bnf.fr/iiif/presentation/v3/ark:/12148/bpt6k3960856j/manifest.json'
For more information check: https://developer.mozilla.org/en-US/docs/Web/HTTP/Status/403",2026-07-17T13:59:47.020080
aurore1943,bpt6k38823360,,failed,0,0,,http_manifest,known,403,manifest,"Client error '403 ' for url 'https://openapiproext.bnf.fr/iiif/presentation/v3/ark:/12148/bpt6k38823360/manifest.json'
For more information check: https://developer.mozilla.org/en-US/docs/Web/HTTP/Status/403",2026-07-17T13:59:48.229791
aurore1943,bpt6k3960857z,,failed,0,0,,http_manifest,known,403,manifest,"Client error '403 ' for url 'https://openapiproext.bnf.fr/iiif/presentation/v3/ark:/12148/bpt6k3960857z/manifest.json'
For more information check: https://developer.mozilla.org/en-US/docs/Web/HTTP/Status/403",2026-07-17T13:59:49.414347
aurore1943,bpt6k3882337d,,failed,0,0,,http_manifest,known,403,manifest,"Client error '403 ' for url 'https://openapiproext.bnf.fr/iiif/presentation/v3/ark:/12148/bpt6k3882337d/manifest.json'
For more information check: https://developer.mozilla.org/en-US/docs/Web/HTTP/Status/403",2026-07-17T13:59:50.615991
aurore1943,bpt6k3960858c,,failed,0,0,,http_manifest,known,403,manifest,"Client error '403 ' for url 'https://openapiproext.bnf.fr/iiif/presentation/v3/ark:/12148/bpt6k3960858c/manifest.json'
For more information check: https://developer.mozilla.org/en-US/docs/Web/HTTP/Status/403",2026-07-17T13:59:51.822371
aurore1943,bpt6k3882338t,,failed,0,0,,http_manifest,known,403,manifest,"Client error '403 ' for url 'https://openapiproext.bnf.fr/iiif/presentation/v3/ark:/12148/bpt6k3882338t/manifest.json'
For more information check: https://developer.mozilla.org/en-US/docs/Web/HTTP/Status/403",2026-07-17T13:59:53.035237
aurore1943,bpt6k3960859s,,failed,0,0,,http_manifest,known,403,manifest,"Client error '403 ' for url 'https://openapiproext.bnf.fr/iiif/presentation/v3/ark:/12148/bpt6k3960859s/manifest.json'
For more information check: https://developer.mozilla.org/en-US/docs/Web/HTTP/Status/403",2026-07-17T13:59:54.224552
aurore1943,bpt6k38823397,,failed,0,0,,http_manifest,known,403,manifest,"Client error '403 ' for url 'https://openapiproext.bnf.fr/iiif/presentation/v3/ark:/12148/bpt6k38823397/manifest.json'
For more information check: https://developer.mozilla.org/en-US/docs/Web/HTTP/Status/403",2026-07-17T13:59:55.424239
aurore1943,bpt6k3960860f,,failed,0,0,,http_manifest,known,403,manifest,"Client error '403 ' for url 'https://openapiproext.bnf.fr/iiif/presentation/v3/ark:/12148/bpt6k3960860f/manifest.json'
For more information check: https://developer.mozilla.org/en-US/docs/Web/HTTP/Status/403",2026-07-17T13:59:56.628826
aurore1943,bpt6k3882340w,,failed,0,0,,http_manifest,known,403,manifest,"Client error '403 ' for url 'https://openapiproext.bnf.fr/iiif/presentation/v3/ark:/12148/bpt6k3882340w/manifest.json'
For more information check: https://developer.mozilla.org/en-US/docs/Web/HTTP/Status/403",2026-07-17T13:59:57.896297
aurore1943,bpt6k3960861v,,failed,0,0,,http_manifest,known,403,manifest,"Client error '403 ' for url 'https://openapiproext.bnf.fr/iiif/presentation/v3/ark:/12148/bpt6k3960861v/manifest.json'
For more information check: https://developer.mozilla.org/en-US/docs/Web/HTTP/Status/403",2026-07-17T13:59:59.176599
aurore1943,bpt6k38823419,,failed,0,0,,http_manifest,known,403,manifest,"Client error '403 ' for url 'https://openapiproext.bnf.fr/iiif/presentation/v3/ark:/12148/bpt6k38823419/manifest.json'
For more information check: https://developer.mozilla.org/en-US/docs/Web/HTTP/Status/403",2026-07-17T14:00:00.394655
aurore1943,bpt6k39608628,,failed,0,0,,http_manifest,known,403,manifest,"Client error '403 ' for url 'https://openapiproext.bnf.fr/iiif/presentation/v3/ark:/12148/bpt6k39608628/manifest.json'
For more information check: https://developer.mozilla.org/en-US/docs/Web/HTTP/Status/403",2026-07-17T14:00:01.487915
aurore1943,bpt6k3882342q,,failed,0,0,,http_manifest,known,403,manifest,"Client error '403 ' for url 'https://openapiproext.bnf.fr/iiif/presentation/v3/ark:/12148/bpt6k3882342q/manifest.json'
For more information check: https://developer.mozilla.org/en-US/docs/Web/HTTP/Status/403",2026-07-17T14:00:02.635314
aurore1943,bpt6k3960863p,,failed,0,0,,http_manifest,known,403,manifest,"Client error '403 ' for url 'https://openapiproext.bnf.fr/iiif/presentation/v3/ark:/12148/bpt6k3960863p/manifest.json'
For more information check: https://developer.mozilla.org/en-US/docs/Web/HTTP/Status/403",2026-07-17T14:00:03.922617
aurore1943,bpt6k38823434,,failed,0,0,,http_manifest,known,403,manifest,"Client error '403 ' for url 'https://openapiproext.bnf.fr/iiif/presentation/v3/ark:/12148/bpt6k38823434/manifest.json'
For more information check: https://developer.mozilla.org/en-US/docs/Web/HTTP/Status/403",2026-07-17T14:00:05.191007
aurore1943,bpt6k39608643,,failed,0,0,,http_manifest,known,403,manifest,"Client error '403 ' for url 'https://openapiproext.bnf.fr/iiif/presentation/v3/ark:/12148/bpt6k39608643/manifest.json'
For more information check: https://developer.mozilla.org/en-US/docs/Web/HTTP/Status/403",2026-07-17T14:00:06.439489
aurore1943,bpt6k3882344j,,failed,0,0,,http_manifest,known,403,manifest,"Client error '403 ' for url 'https://openapiproext.bnf.fr/iiif/presentation/v3/ark:/12148/bpt6k3882344j/manifest.json'
For more information check: https://developer.mozilla.org/en-US/docs/Web/HTTP/Status/403",2026-07-17T14:00:07.449347
aurore1943,bpt6k3960865h,,failed,0,0,,http_manifest,known,403,manifest,"Client error '403 ' for url 'https://openapiproext.bnf.fr/iiif/presentation/v3/ark:/12148/bpt6k3960865h/manifest.json'
For more information check: https://developer.mozilla.org/en-US/docs/Web/HTTP/Status/403",2026-07-17T14:00:08.644672
aurore1943,bpt6k3961050m,,failed,0,0,,http_manifest,known,403,manifest,"Client error '403 ' for url 'https://openapiproext.bnf.fr/iiif/presentation/v3/ark:/12148/bpt6k3961050m/manifest.json'
For more information check: https://developer.mozilla.org/en-US/docs/Web/HTTP/Status/403",2026-07-17T14:00:09.847769
aurore1943,bpt6k3882345z,,failed,0,0,,http_manifest,known,403,manifest,"Client error '403 ' for url 'https://openapiproext.bnf.fr/iiif/presentation/v3/ark:/12148/bpt6k3882345z/manifest.json'
For more information check: https://developer.mozilla.org/en-US/docs/Web/HTTP/Status/403",2026-07-17T14:00:11.045733
aurore1943,bpt6k3960866x,,failed,0,0,,http_manifest,known,403,manifest,"Client error '403 ' for url 'https://openapiproext.bnf.fr/iiif/presentation/v3/ark:/12148/bpt6k3960866x/manifest.json'
For more information check: https://developer.mozilla.org/en-US/docs/Web/HTTP/Status/403",2026-07-17T14:00:12.549919
aurore1943,bpt6k3882346c,,failed,0,0,,http_manifest,known,403,manifest,"Client error '403 ' for url 'https://openapiproext.bnf.fr/iiif/presentation/v3/ark:/12148/bpt6k3882346c/manifest.json'
For more information check: https://developer.mozilla.org/en-US/docs/Web/HTTP/Status/403",2026-07-17T14:00:13.560187
aurore1943,bpt6k3960867b,,failed,0,0,,http_manifest,known,403,manifest,"Client error '403 ' for url 'https://openapiproext.bnf.fr/iiif/presentation/v3/ark:/12148/bpt6k3960867b/manifest.json'
For more information check: https://developer.mozilla.org/en-US/docs/Web/HTTP/Status/403",2026-07-17T14:00:14.796671
aurore1943,bpt6k3882347s,,failed,0,0,,http_manifest,known,403,manifest,"Client error '403 ' for url 'https://openapiproext.bnf.fr/iiif/presentation/v3/ark:/12148/bpt6k3882347s/manifest.json'
For more information check: https://developer.mozilla.org/en-US/docs/Web/HTTP/Status/403",2026-07-17T14:00:15.856661
aurore1943,bpt6k3882529j,,failed,0,0,,http_manifest,known,403,manifest,"Client error '403 ' for url 'https://openapiproext.bnf.fr/iiif/presentation/v3/ark:/12148/bpt6k3882529j/manifest.json'
For more information check: https://developer.mozilla.org/en-US/docs/Web/HTTP/Status/403",2026-07-17T14:00:17.103568
aurore1943,bpt6k3960868r,,failed,0,0,,http_manifest,known,403,manifest,"Client error '403 ' for url 'https://openapiproext.bnf.fr/iiif/presentation/v3/ark:/12148/bpt6k3960868r/manifest.json'
For more information check: https://developer.mozilla.org/en-US/docs/Web/HTTP/Status/403",2026-07-17T14:00:18.453621
aurore1943,bpt6k38823486,,failed,0,0,,http_manifest,known,403,manifest,"Client error '403 ' for url 'https://openapiproext.bnf.fr/iiif/presentation/v3/ark:/12148/bpt6k38823486/manifest.json'
For more information check: https://developer.mozilla.org/en-US/docs/Web/HTTP/Status/403",2026-07-17T14:00:19.479078
aurore1943,bpt6k39608695,,failed,0,0,,http_manifest,known,403,manifest,"Client error '403 ' for url 'https://openapiproext.bnf.fr/iiif/presentation/v3/ark:/12148/bpt6k39608695/manifest.json'
For more information check: https://developer.mozilla.org/en-US/docs/Web/HTTP/Status/403",2026-07-17T14:00:20.662852
aurore1943,bpt6k3961049z,,failed,0,0,,http_manifest,known,403,manifest,"Client error '403 ' for url 'https://openapiproext.bnf.fr/iiif/presentation/v3/ark:/12148/bpt6k3961049z/manifest.json'
For more information check: https://developer.mozilla.org/en-US/docs/Web/HTTP/Status/403",2026-07-17T14:00:21.977265
aurore1943,bpt6k3882349m,,failed,0,0,,http_manifest,known,403,manifest,"Client error '403 ' for url 'https://openapiproext.bnf.fr/iiif/presentation/v3/ark:/12148/bpt6k3882349m/manifest.json'
For more information check: https://developer.mozilla.org/en-US/docs/Web/HTTP/Status/403",2026-07-17T14:00:23.064806
aurore1943,bpt6k38825284,,failed,0,0,,http_manifest,known,403,manifest,"Client error '403 ' for url 'https://openapiproext.bnf.fr/iiif/presentation/v3/ark:/12148/bpt6k38825284/manifest.json'
For more information check: https://developer.mozilla.org/en-US/docs/Web/HTTP/Status/403",2026-07-17T14:00:24.266755
aurore1943,bpt6k3960870t,,failed,0,0,,http_manifest,known,403,manifest,"Client error '403 ' for url 'https://openapiproext.bnf.fr/iiif/presentation/v3/ark:/12148/bpt6k3960870t/manifest.json'
For more information check: https://developer.mozilla.org/en-US/docs/Web/HTTP/Status/403",2026-07-17T14:00:25.475965
aurore1943,bpt6k38823508,,failed,0,0,,http_manifest,known,403,manifest,"Client error '403 ' for url 'https://openapiproext.bnf.fr/iiif/presentation/v3/ark:/12148/bpt6k38823508/manifest.json'
For more information check: https://developer.mozilla.org/en-US/docs/Web/HTTP/Status/403",2026-07-17T14:00:26.672004
aurore1943,bpt6k39608717,,failed,0,0,,http_manifest,known,403,manifest,"Client error '403 ' for url 'https://openapiproext.bnf.fr/iiif/presentation/v3/ark:/12148/bpt6k39608717/manifest.json'
For more information check: https://developer.mozilla.org/en-US/docs/Web/HTTP/Status/403",2026-07-17T14:00:27.875849
aurore1943,bpt6k3961048j,,failed,0,0,,http_manifest,known,403,manifest,"Client error '403 ' for url 'https://openapiproext.bnf.fr/iiif/presentation/v3/ark:/12148/bpt6k3961048j/manifest.json'
For more information check: https://developer.mozilla.org/en-US/docs/Web/HTTP/Status/403",2026-07-17T14:00:29.075726
aurore1943,bpt6k3960872n,,failed,0,0,,http_manifest,known,403,manifest,"Client error '403 ' for url 'https://openapiproext.bnf.fr/iiif/presentation/v3/ark:/12148/bpt6k3960872n/manifest.json'
For more information check: https://developer.mozilla.org/en-US/docs/Web/HTTP/Status/403",2026-07-17T14:00:30.278920
aurore1943,bpt6k38823523,,failed,0,0,,http_manifest,known,403,manifest,"Client error '403 ' for url 'https://openapiproext.bnf.fr/iiif/presentation/v3/ark:/12148/bpt6k38823523/manifest.json'
For more information check: https://developer.mozilla.org/en-US/docs/Web/HTTP/Status/403",2026-07-17T14:00:31.477210
aurore1943,bpt6k3882527q,,failed,0,0,,http_manifest,known,403,manifest,"Client error '403 ' for url 'https://openapiproext.bnf.fr/iiif/presentation/v3/ark:/12148/bpt6k3882527q/manifest.json'
For more information check: https://developer.mozilla.org/en-US/docs/Web/HTTP/Status/403",2026-07-17T14:00:32.680111
aurore1943,bpt6k39608732,,failed,0,0,,http_manifest,known,403,manifest,"Client error '403 ' for url 'https://openapiproext.bnf.fr/iiif/presentation/v3/ark:/12148/bpt6k39608732/manifest.json'
For more information check: https://developer.mozilla.org/en-US/docs/Web/HTTP/Status/403",2026-07-17T14:00:33.880359
aurore1943,bpt6k3882353h,,failed,0,0,,http_manifest,known,403,manifest,"Client error '403 ' for url 'https://openapiproext.bnf.fr/iiif/presentation/v3/ark:/12148/bpt6k3882353h/manifest.json'
For more information check: https://developer.mozilla.org/en-US/docs/Web/HTTP/Status/403",2026-07-17T14:00:35.082729
aurore1943,bpt6k3960874g,,failed,0,0,,http_manifest,known,403,manifest,"Client error '403 ' for url 'https://openapiproext.bnf.fr/iiif/presentation/v3/ark:/12148/bpt6k3960874g/manifest.json'
For more information check: https://developer.mozilla.org/en-US/docs/Web/HTTP/Status/403",2026-07-17T14:00:36.284306
aurore1943,bpt6k39610474,,failed,0,0,,http_manifest,known,403,manifest,"Client error '403 ' for url 'https://openapiproext.bnf.fr/iiif/presentation/v3/ark:/12148/bpt6k39610474/manifest.json'
For more information check: https://developer.mozilla.org/en-US/docs/Web/HTTP/Status/403",2026-07-17T14:00:37.488848
aurore1943,bpt6k3882354x,,failed,0,0,,http_manifest,known,403,manifest,"Client error '403 ' for url 'https://openapiproext.bnf.fr/iiif/presentation/v3/ark:/12148/bpt6k3882354x/manifest.json'
For more information check: https://developer.mozilla.org/en-US/docs/Web/HTTP/Status/403",2026-07-17T14:00:38.687287
aurore1943,bpt6k38825269,,failed,0,0,,http_manifest,known,403,manifest,"Client error '403 ' for url 'https://openapiproext.bnf.fr/iiif/presentation/v3/ark:/12148/bpt6k38825269/manifest.json'
For more information check: https://developer.mozilla.org/en-US/docs/Web/HTTP/Status/403",2026-07-17T14:00:39.891427
aurore1943,bpt6k3960875w,,failed,0,0,,http_manifest,known,403,manifest,"Client error '403 ' for url 'https://openapiproext.bnf.fr/iiif/presentation/v3/ark:/12148/bpt6k3960875w/manifest.json'
For more information check: https://developer.mozilla.org/en-US/docs/Web/HTTP/Status/403",2026-07-17T14:00:41.091920
aurore1943,bpt6k3882355b,,failed,0,0,,http_manifest,known,403,manifest,"Client error '403 ' for url 'https://openapiproext.bnf.fr/iiif/presentation/v3/ark:/12148/bpt6k3882355b/manifest.json'
For more information check: https://developer.mozilla.org/en-US/docs/Web/HTTP/Status/403",2026-07-17T14:00:42.319446
aurore1943,bpt6k39608769,,failed,0,0,,http_manifest,known,403,manifest,"Client error '403 ' for url 'https://openapiproext.bnf.fr/iiif/presentation/v3/ark:/12148/bpt6k39608769/manifest.json'
For more information check: https://developer.mozilla.org/en-US/docs/Web/HTTP/Status/403",2026-07-17T14:00:43.494212
aurore1943,bpt6k3882356r,,failed,0,0,,http_manifest,known,403,manifest,"Client error '403 ' for url 'https://openapiproext.bnf.fr/iiif/presentation/v3/ark:/12148/bpt6k3882356r/manifest.json'
For more information check: https://developer.mozilla.org/en-US/docs/Web/HTTP/Status/403",2026-07-17T14:00:44.697190
aurore1943,bpt6k3961046q,,failed,0,0,,http_manifest,known,403,manifest,"Client error '403 ' for url 'https://openapiproext.bnf.fr/iiif/presentation/v3/ark:/12148/bpt6k3961046q/manifest.json'
For more information check: https://developer.mozilla.org/en-US/docs/Web/HTTP/Status/403",2026-07-17T14:00:45.902147
aurore1943,bpt6k3960877q,,failed,0,0,,http_manifest,known,403,manifest,"Client error '403 ' for url 'https://openapiproext.bnf.fr/iiif/presentation/v3/ark:/12148/bpt6k3960877q/manifest.json'
For more information check: https://developer.mozilla.org/en-US/docs/Web/HTTP/Status/403",2026-07-17T14:00:47.101974
aurore1943,bpt6k38823575,,failed,0,0,,http_manifest,known,403,manifest,"Client error '403 ' for url 'https://openapiproext.bnf.fr/iiif/presentation/v3/ark:/12148/bpt6k38823575/manifest.json'
For more information check: https://developer.mozilla.org/en-US/docs/Web/HTTP/Status/403",2026-07-17T14:00:48.333745
aurore1943,bpt6k3882525w,,failed,0,0,,http_manifest,known,403,manifest,"Client error '403 ' for url 'https://openapiproext.bnf.fr/iiif/presentation/v3/ark:/12148/bpt6k3882525w/manifest.json'
For more information check: https://developer.mozilla.org/en-US/docs/Web/HTTP/Status/403",2026-07-17T14:00:49.501834
aurore1943,bpt6k39608784,,failed,0,0,,http_manifest,known,403,manifest,"Client error '403 ' for url 'https://openapiproext.bnf.fr/iiif/presentation/v3/ark:/12148/bpt6k39608784/manifest.json'
For more information check: https://developer.mozilla.org/en-US/docs/Web/HTTP/Status/403",2026-07-17T14:00:50.719467
aurore1943,bpt6k3882358k,,failed,0,0,,http_manifest,known,403,manifest,"Client error '403 ' for url 'https://openapiproext.bnf.fr/iiif/presentation/v3/ark:/12148/bpt6k3882358k/manifest.json'
For more information check: https://developer.mozilla.org/en-US/docs/Web/HTTP/Status/403",2026-07-17T14:00:51.909601
aurore1943,bpt6k3960879j,,failed,0,0,,http_manifest,known,403,manifest,"Client error '403 ' for url 'https://openapiproext.bnf.fr/iiif/presentation/v3/ark:/12148/bpt6k3960879j/manifest.json'
For more information check: https://developer.mozilla.org/en-US/docs/Web/HTTP/Status/403",2026-07-17T14:00:53.112731
aurore1943,bpt6k38823590,,failed,0,0,,http_manifest,known,403,manifest,"Client error '403 ' for url 'https://openapiproext.bnf.fr/iiif/presentation/v3/ark:/12148/bpt6k38823590/manifest.json'
For more information check: https://developer.mozilla.org/en-US/docs/Web/HTTP/Status/403",2026-07-17T14:00:54.326293
aurore1943,bpt6k39608806,,failed,0,0,,http_manifest,known,403,manifest,"Client error '403 ' for url 'https://openapiproext.bnf.fr/iiif/presentation/v3/ark:/12148/bpt6k39608806/manifest.json'
For more information check: https://developer.mozilla.org/en-US/docs/Web/HTTP/Status/403",2026-07-17T14:00:55.515369
aurore1943,bpt6k3882360n,,failed,0,0,,http_manifest,known,403,manifest,"Client error '403 ' for url 'https://openapiproext.bnf.fr/iiif/presentation/v3/ark:/12148/bpt6k3882360n/manifest.json'
For more information check: https://developer.mozilla.org/en-US/docs/Web/HTTP/Status/403",2026-07-17T14:00:56.718768
aurore1943,bpt6k3960881m,,failed,0,0,,http_manifest,known,403,manifest,"Client error '403 ' for url 'https://openapiproext.bnf.fr/iiif/presentation/v3/ark:/12148/bpt6k3960881m/manifest.json'
For more information check: https://developer.mozilla.org/en-US/docs/Web/HTTP/Status/403",2026-07-17T14:00:58.042313
aurore1943,bpt6k38823612,,failed,0,0,,http_manifest,known,403,manifest,"Client error '403 ' for url 'https://openapiproext.bnf.fr/iiif/presentation/v3/ark:/12148/bpt6k38823612/manifest.json'
For more information check: https://developer.mozilla.org/en-US/docs/Web/HTTP/Status/403",2026-07-17T14:00:59.296292
aurore1943,bpt6k39608821,,failed,0,0,,http_manifest,known,403,manifest,"Client error '403 ' for url 'https://openapiproext.bnf.fr/iiif/presentation/v3/ark:/12148/bpt6k39608821/manifest.json'
For more information check: https://developer.mozilla.org/en-US/docs/Web/HTTP/Status/403",2026-07-17T14:01:00.420341
aurore1943,bpt6k3882362g,,failed,0,0,,http_manifest,known,403,manifest,"Client error '403 ' for url 'https://openapiproext.bnf.fr/iiif/presentation/v3/ark:/12148/bpt6k3882362g/manifest.json'
For more information check: https://developer.mozilla.org/en-US/docs/Web/HTTP/Status/403",2026-07-17T14:01:01.591375
aurore1943,bpt6k3960883f,,failed,0,0,,http_manifest,known,403,manifest,"Client error '403 ' for url 'https://openapiproext.bnf.fr/iiif/presentation/v3/ark:/12148/bpt6k3960883f/manifest.json'
For more information check: https://developer.mozilla.org/en-US/docs/Web/HTTP/Status/403",2026-07-17T14:01:02.933377
aurore1943,bpt6k3882363w,,failed,0,0,,http_manifest,known,403,manifest,"Client error '403 ' for url 'https://openapiproext.bnf.fr/iiif/presentation/v3/ark:/12148/bpt6k3882363w/manifest.json'
For more information check: https://developer.mozilla.org/en-US/docs/Web/HTTP/Status/403",2026-07-17T14:01:04.155430
aurore1943,bpt6k3960884v,,failed,0,0,,http_manifest,known,403,manifest,"Client error '403 ' for url 'https://openapiproext.bnf.fr/iiif/presentation/v3/ark:/12148/bpt6k3960884v/manifest.json'
For more information check: https://developer.mozilla.org/en-US/docs/Web/HTTP/Status/403",2026-07-17T14:01:05.218030
aurore1943,bpt6k38823649,,failed,0,0,,http_manifest,known,403,manifest,"Client error '403 ' for url 'https://openapiproext.bnf.fr/iiif/presentation/v3/ark:/12148/bpt6k38823649/manifest.json'
For more information check: https://developer.mozilla.org/en-US/docs/Web/HTTP/Status/403",2026-07-17T14:01:06.694258
aurore1943,bpt6k39608858,,failed,0,0,,http_manifest,known,403,manifest,"Client error '403 ' for url 'https://openapiproext.bnf.fr/iiif/presentation/v3/ark:/12148/bpt6k39608858/manifest.json'
For more information check: https://developer.mozilla.org/en-US/docs/Web/HTTP/Status/403",2026-07-17T14:01:07.530250
aurore1943,bpt6k3882365q,,failed,0,0,,http_manifest,known,403,manifest,"Client error '403 ' for url 'https://openapiproext.bnf.fr/iiif/presentation/v3/ark:/12148/bpt6k3882365q/manifest.json'
For more information check: https://developer.mozilla.org/en-US/docs/Web/HTTP/Status/403",2026-07-17T14:01:08.878540
aurore1943,bpt6k3960886p,,failed,0,0,,http_manifest,known,403,manifest,"Client error '403 ' for url 'https://openapiproext.bnf.fr/iiif/presentation/v3/ark:/12148/bpt6k3960886p/manifest.json'
For more information check: https://developer.mozilla.org/en-US/docs/Web/HTTP/Status/403",2026-07-17T14:01:09.930569
aurore1943,bpt6k38823664,,failed,0,0,,http_manifest,known,403,manifest,"Client error '403 ' for url 'https://openapiproext.bnf.fr/iiif/presentation/v3/ark:/12148/bpt6k38823664/manifest.json'
For more information check: https://developer.mozilla.org/en-US/docs/Web/HTTP/Status/403",2026-07-17T14:01:11.129107
aurore1943,bpt6k39608873,,failed,0,0,,http_manifest,known,403,manifest,"Client error '403 ' for url 'https://openapiproext.bnf.fr/iiif/presentation/v3/ark:/12148/bpt6k39608873/manifest.json'
For more information check: https://developer.mozilla.org/en-US/docs/Web/HTTP/Status/403",2026-07-17T14:01:12.360976
aurore1943,bpt6k3882367j,,failed,0,0,,http_manifest,known,403,manifest,"Client error '403 ' for url 'https://openapiproext.bnf.fr/iiif/presentation/v3/ark:/12148/bpt6k3882367j/manifest.json'
For more information check: https://developer.mozilla.org/en-US/docs/Web/HTTP/Status/403",2026-07-17T14:01:13.533873
aurore1943,bpt6k3960888h,,failed,0,0,,http_manifest,known,403,manifest,"Client error '403 ' for url 'https://openapiproext.bnf.fr/iiif/presentation/v3/ark:/12148/bpt6k3960888h/manifest.json'
For more information check: https://developer.mozilla.org/en-US/docs/Web/HTTP/Status/403",2026-07-17T14:01:14.739088
aurore1943,bpt6k3882368z,,failed,0,0,,http_manifest,known,403,manifest,"Client error '403 ' for url 'https://openapiproext.bnf.fr/iiif/presentation/v3/ark:/12148/bpt6k3882368z/manifest.json'
For more information check: https://developer.mozilla.org/en-US/docs/Web/HTTP/Status/403",2026-07-17T14:01:15.943058
aurore1943,bpt6k3960889x,,failed,0,0,,http_manifest,known,403,manifest,"Client error '403 ' for url 'https://openapiproext.bnf.fr/iiif/presentation/v3/ark:/12148/bpt6k3960889x/manifest.json'
For more information check: https://developer.mozilla.org/en-US/docs/Web/HTTP/Status/403",2026-07-17T14:01:17.140255
aurore1943,bpt6k3882369c,,failed,0,0,,http_manifest,known,403,manifest,"Client error '403 ' for url 'https://openapiproext.bnf.fr/iiif/presentation/v3/ark:/12148/bpt6k3882369c/manifest.json'
For more information check: https://developer.mozilla.org/en-US/docs/Web/HTTP/Status/403",2026-07-17T14:01:18.349264
aurore1943,bpt6k3960890k,,failed,0,0,,http_manifest,known,403,manifest,"Client error '403 ' for url 'https://openapiproext.bnf.fr/iiif/presentation/v3/ark:/12148/bpt6k3960890k/manifest.json'
For more information check: https://developer.mozilla.org/en-US/docs/Web/HTTP/Status/403",2026-07-17T14:01:19.542395
aurore1943,bpt6k38823701,,failed,0,0,,http_manifest,known,403,manifest,"Client error '403 ' for url 'https://openapiproext.bnf.fr/iiif/presentation/v3/ark:/12148/bpt6k38823701/manifest.json'
For more information check: https://developer.mozilla.org/en-US/docs/Web/HTTP/Status/403",2026-07-17T14:01:20.746268
aurore1943,bpt6k39608910,,failed,0,0,,http_manifest,known,403,manifest,"Client error '403 ' for url 'https://openapiproext.bnf.fr/iiif/presentation/v3/ark:/12148/bpt6k39608910/manifest.json'
For more information check: https://developer.mozilla.org/en-US/docs/Web/HTTP/Status/403",2026-07-17T14:01:21.948605
aurore1943,bpt6k3882371f,,failed,0,0,,http_manifest,known,403,manifest,"Client error '403 ' for url 'https://openapiproext.bnf.fr/iiif/presentation/v3/ark:/12148/bpt6k3882371f/manifest.json'
For more information check: https://developer.mozilla.org/en-US/docs/Web/HTTP/Status/403",2026-07-17T14:01:23.150153
aurore1943,bpt6k3960892d,,failed,0,0,,http_manifest,known,403,manifest,"Client error '403 ' for url 'https://openapiproext.bnf.fr/iiif/presentation/v3/ark:/12148/bpt6k3960892d/manifest.json'
For more information check: https://developer.mozilla.org/en-US/docs/Web/HTTP/Status/403",2026-07-17T14:01:24.379923
aurore1943,bpt6k3882372v,,failed,0,0,,http_manifest,known,403,manifest,"Client error '403 ' for url 'https://openapiproext.bnf.fr/iiif/presentation/v3/ark:/12148/bpt6k3882372v/manifest.json'
For more information check: https://developer.mozilla.org/en-US/docs/Web/HTTP/Status/403",2026-07-17T14:01:25.550554
aurore1943,bpt6k3960893t,,failed,0,0,,http_manifest,known,403,manifest,"Client error '403 ' for url 'https://openapiproext.bnf.fr/iiif/presentation/v3/ark:/12148/bpt6k3960893t/manifest.json'
For more information check: https://developer.mozilla.org/en-US/docs/Web/HTTP/Status/403",2026-07-17T14:01:26.755313
aurore1943,bpt6k38823738,,failed,0,0,,http_manifest,known,403,manifest,"Client error '403 ' for url 'https://openapiproext.bnf.fr/iiif/presentation/v3/ark:/12148/bpt6k38823738/manifest.json'
For more information check: https://developer.mozilla.org/en-US/docs/Web/HTTP/Status/403",2026-07-17T14:01:27.956974
aurore1943,bpt6k39608947,,failed,0,0,,http_manifest,known,403,manifest,"Client error '403 ' for url 'https://openapiproext.bnf.fr/iiif/presentation/v3/ark:/12148/bpt6k39608947/manifest.json'
For more information check: https://developer.mozilla.org/en-US/docs/Web/HTTP/Status/403",2026-07-17T14:01:29.158123
aurore1943,bpt6k3882374p,,failed,0,0,,http_manifest,known,403,manifest,"Client error '403 ' for url 'https://openapiproext.bnf.fr/iiif/presentation/v3/ark:/12148/bpt6k3882374p/manifest.json'
For more information check: https://developer.mozilla.org/en-US/docs/Web/HTTP/Status/403",2026-07-17T14:01:30.360886
aurore1943,bpt6k3960895n,,failed,0,0,,http_manifest,known,403,manifest,"Client error '403 ' for url 'https://openapiproext.bnf.fr/iiif/presentation/v3/ark:/12148/bpt6k3960895n/manifest.json'
For more information check: https://developer.mozilla.org/en-US/docs/Web/HTTP/Status/403",2026-07-17T14:01:31.559346
aurore1943,bpt6k38823753,,failed,0,0,,http_manifest,known,403,manifest,"Client error '403 ' for url 'https://openapiproext.bnf.fr/iiif/presentation/v3/ark:/12148/bpt6k38823753/manifest.json'
For more information check: https://developer.mozilla.org/en-US/docs/Web/HTTP/Status/403",2026-07-17T14:01:32.764304
aurore1943,bpt6k39608962,,failed,0,0,,http_manifest,known,403,manifest,"Client error '403 ' for url 'https://openapiproext.bnf.fr/iiif/presentation/v3/ark:/12148/bpt6k39608962/manifest.json'
For more information check: https://developer.mozilla.org/en-US/docs/Web/HTTP/Status/403",2026-07-17T14:01:33.962105
aurore1943,bpt6k3882376h,,failed,0,0,,http_manifest,known,403,manifest,"Client error '403 ' for url 'https://openapiproext.bnf.fr/iiif/presentation/v3/ark:/12148/bpt6k3882376h/manifest.json'
For more information check: https://developer.mozilla.org/en-US/docs/Web/HTTP/Status/403",2026-07-17T14:01:35.164943
aurore1943,bpt6k3960897g,,failed,0,0,,http_manifest,known,403,manifest,"Client error '403 ' for url 'https://openapiproext.bnf.fr/iiif/presentation/v3/ark:/12148/bpt6k3960897g/manifest.json'
For more information check: https://developer.mozilla.org/en-US/docs/Web/HTTP/Status/403",2026-07-17T14:01:36.394252
aurore1943,bpt6k3882377x,,failed,0,0,,http_manifest,known,403,manifest,"Client error '403 ' for url 'https://openapiproext.bnf.fr/iiif/presentation/v3/ark:/12148/bpt6k3882377x/manifest.json'
For more information check: https://developer.mozilla.org/en-US/docs/Web/HTTP/Status/403",2026-07-17T14:01:37.571347
aurore1943,bpt6k3960898w,,failed,0,0,,http_manifest,known,403,manifest,"Client error '403 ' for url 'https://openapiproext.bnf.fr/iiif/presentation/v3/ark:/12148/bpt6k3960898w/manifest.json'
For more information check: https://developer.mozilla.org/en-US/docs/Web/HTTP/Status/403",2026-07-17T14:01:38.771090
aurore1943,bpt6k3882378b,,failed,0,0,,http_manifest,known,403,manifest,"Client error '403 ' for url 'https://openapiproext.bnf.fr/iiif/presentation/v3/ark:/12148/bpt6k3882378b/manifest.json'
For more information check: https://developer.mozilla.org/en-US/docs/Web/HTTP/Status/403",2026-07-17T14:01:39.974262
aurore1943,bpt6k39608999,,failed,0,0,,http_manifest,known,403,manifest,"Client error '403 ' for url 'https://openapiproext.bnf.fr/iiif/presentation/v3/ark:/12148/bpt6k39608999/manifest.json'
For more information check: https://developer.mozilla.org/en-US/docs/Web/HTTP/Status/403",2026-07-17T14:01:41.171367
aurore1943,bpt6k3882379r,,failed,0,0,,http_manifest,known,403,manifest,"Client error '403 ' for url 'https://openapiproext.bnf.fr/iiif/presentation/v3/ark:/12148/bpt6k3882379r/manifest.json'
For more information check: https://developer.mozilla.org/en-US/docs/Web/HTTP/Status/403",2026-07-17T14:01:42.388197
aurore1943,bpt6k3960900h,,failed,0,0,,http_manifest,known,403,manifest,"Client error '403 ' for url 'https://openapiproext.bnf.fr/iiif/presentation/v3/ark:/12148/bpt6k3960900h/manifest.json'
For more information check: https://developer.mozilla.org/en-US/docs/Web/HTTP/Status/403",2026-07-17T14:01:43.575644
aurore1943,bpt6k3882380d,,failed,0,0,,http_manifest,known,403,manifest,"Client error '403 ' for url 'https://openapiproext.bnf.fr/iiif/presentation/v3/ark:/12148/bpt6k3882380d/manifest.json'
For more information check: https://developer.mozilla.org/en-US/docs/Web/HTTP/Status/403",2026-07-17T14:01:44.779116
aurore1943,bpt6k3960901x,,failed,0,0,,http_manifest,known,403,manifest,"Client error '403 ' for url 'https://openapiproext.bnf.fr/iiif/presentation/v3/ark:/12148/bpt6k3960901x/manifest.json'
For more information check: https://developer.mozilla.org/en-US/docs/Web/HTTP/Status/403",2026-07-17T14:01:45.977094
aurore1943,bpt6k3882381t,,failed,0,0,,http_manifest,known,403,manifest,"Client error '403 ' for url 'https://openapiproext.bnf.fr/iiif/presentation/v3/ark:/12148/bpt6k3882381t/manifest.json'
For more information check: https://developer.mozilla.org/en-US/docs/Web/HTTP/Status/403",2026-07-17T14:01:47.180892
aurore1943,bpt6k3960902b,,failed,0,0,,http_manifest,known,403,manifest,"Client error '403 ' for url 'https://openapiproext.bnf.fr/iiif/presentation/v3/ark:/12148/bpt6k3960902b/manifest.json'
For more information check: https://developer.mozilla.org/en-US/docs/Web/HTTP/Status/403",2026-07-17T14:01:48.388642
aurore1943,bpt6k38823827,,failed,0,0,,http_manifest,known,403,manifest,"Client error '403 ' for url 'https://openapiproext.bnf.fr/iiif/presentation/v3/ark:/12148/bpt6k38823827/manifest.json'
For more information check: https://developer.mozilla.org/en-US/docs/Web/HTTP/Status/403",2026-07-17T14:01:49.580593
aurore1943,bpt6k3960903r,,failed,0,0,,http_manifest,known,403,manifest,"Client error '403 ' for url 'https://openapiproext.bnf.fr/iiif/presentation/v3/ark:/12148/bpt6k3960903r/manifest.json'
For more information check: https://developer.mozilla.org/en-US/docs/Web/HTTP/Status/403",2026-07-17T14:01:50.792682
aurore1943,bpt6k3882383n,,failed,0,0,,http_manifest,known,403,manifest,"Client error '403 ' for url 'https://openapiproext.bnf.fr/iiif/presentation/v3/ark:/12148/bpt6k3882383n/manifest.json'
For more information check: https://developer.mozilla.org/en-US/docs/Web/HTTP/Status/403",2026-07-17T14:01:51.986854
aurore1943,bpt6k39609045,,failed,0,0,,http_manifest,known,403,manifest,"Client error '403 ' for url 'https://openapiproext.bnf.fr/iiif/presentation/v3/ark:/12148/bpt6k39609045/manifest.json'
For more information check: https://developer.mozilla.org/en-US/docs/Web/HTTP/Status/403",2026-07-17T14:01:53.193250
aurore1943,bpt6k38825306,,failed,0,0,,http_manifest,known,403,manifest,"Client error '403 ' for url 'https://openapiproext.bnf.fr/iiif/presentation/v3/ark:/12148/bpt6k38825306/manifest.json'
For more information check: https://developer.mozilla.org/en-US/docs/Web/HTTP/Status/403",2026-07-17T14:01:54.413618
aurore1943,bpt6k38823842,,failed,0,0,,http_manifest,known,403,manifest,"Client error '403 ' for url 'https://openapiproext.bnf.fr/iiif/presentation/v3/ark:/12148/bpt6k38823842/manifest.json'
For more information check: https://developer.mozilla.org/en-US/docs/Web/HTTP/Status/403",2026-07-17T14:01:55.598651
aurore1943,bpt6k3960905k,,failed,0,0,,http_manifest,known,403,manifest,"Client error '403 ' for url 'https://openapiproext.bnf.fr/iiif/presentation/v3/ark:/12148/bpt6k3960905k/manifest.json'
For more information check: https://developer.mozilla.org/en-US/docs/Web/HTTP/Status/403",2026-07-17T14:01:56.796885
aurore1943,bpt6k3882385g,,failed,0,0,,http_manifest,known,403,manifest,"Client error '403 ' for url 'https://openapiproext.bnf.fr/iiif/presentation/v3/ark:/12148/bpt6k3882385g/manifest.json'
For more information check: https://developer.mozilla.org/en-US/docs/Web/HTTP/Status/403",2026-07-17T14:01:58.001165
aurore1943,bpt6k39609060,,failed,0,0,,http_manifest,known,403,manifest,"Client error '403 ' for url 'https://openapiproext.bnf.fr/iiif/presentation/v3/ark:/12148/bpt6k39609060/manifest.json'
For more information check: https://developer.mozilla.org/en-US/docs/Web/HTTP/Status/403",2026-07-17T14:01:59.401054
aurore1943,bpt6k3882386w,,failed,0,0,,http_manifest,known,403,manifest,"Client error '403 ' for url 'https://openapiproext.bnf.fr/iiif/presentation/v3/ark:/12148/bpt6k3882386w/manifest.json'
For more information check: https://developer.mozilla.org/en-US/docs/Web/HTTP/Status/403",2026-07-17T14:02:00.423180
aurore1943,bpt6k3960907d,,failed,0,0,,http_manifest,known,403,manifest,"Client error '403 ' for url 'https://openapiproext.bnf.fr/iiif/presentation/v3/ark:/12148/bpt6k3960907d/manifest.json'
For more information check: https://developer.mozilla.org/en-US/docs/Web/HTTP/Status/403",2026-07-17T14:02:01.615125
aurore1943,bpt6k38823879,,failed,0,0,,http_manifest,known,403,manifest,"Client error '403 ' for url 'https://openapiproext.bnf.fr/iiif/presentation/v3/ark:/12148/bpt6k38823879/manifest.json'
For more information check: https://developer.mozilla.org/en-US/docs/Web/HTTP/Status/403",2026-07-17T14:02:03.029652
aurore1943,bpt6k3960908t,,failed,0,0,,http_manifest,known,403,manifest,"Client error '403 ' for url 'https://openapiproext.bnf.fr/iiif/presentation/v3/ark:/12148/bpt6k3960908t/manifest.json'
For more information check: https://developer.mozilla.org/en-US/docs/Web/HTTP/Status/403",2026-07-17T14:02:04.217565
aurore1943,bpt6k3882388q,,failed,0,0,,http_manifest,known,403,manifest,"Client error '403 ' for url 'https://openapiproext.bnf.fr/iiif/presentation/v3/ark:/12148/bpt6k3882388q/manifest.json'
For more information check: https://developer.mozilla.org/en-US/docs/Web/HTTP/Status/403",2026-07-17T14:02:05.277327
aurore1943,bpt6k39609097,,failed,0,0,,http_manifest,known,403,manifest,"Client error '403 ' for url 'https://openapiproext.bnf.fr/iiif/presentation/v3/ark:/12148/bpt6k39609097/manifest.json'
For more information check: https://developer.mozilla.org/en-US/docs/Web/HTTP/Status/403",2026-07-17T14:02:06.556114
aurore1943,bpt6k38823894,,failed,0,0,,http_manifest,known,403,manifest,"Client error '403 ' for url 'https://openapiproext.bnf.fr/iiif/presentation/v3/ark:/12148/bpt6k38823894/manifest.json'
For more information check: https://developer.mozilla.org/en-US/docs/Web/HTTP/Status/403",2026-07-17T14:02:07.620216
aurore1943,bpt6k3960910w,,failed,0,0,,http_manifest,known,403,manifest,"Client error '403 ' for url 'https://openapiproext.bnf.fr/iiif/presentation/v3/ark:/12148/bpt6k3960910w/manifest.json'
For more information check: https://developer.mozilla.org/en-US/docs/Web/HTTP/Status/403",2026-07-17T14:02:08.818752
aurore1943,bpt6k3882390s,,failed,0,0,,http_manifest,known,403,manifest,"Client error '403 ' for url 'https://openapiproext.bnf.fr/iiif/presentation/v3/ark:/12148/bpt6k3882390s/manifest.json'
For more information check: https://developer.mozilla.org/en-US/docs/Web/HTTP/Status/403",2026-07-17T14:02:10.013996
aurore1943,bpt6k39609119,,failed,0,0,,http_manifest,known,403,manifest,"Client error '403 ' for url 'https://openapiproext.bnf.fr/iiif/presentation/v3/ark:/12148/bpt6k39609119/manifest.json'
For more information check: https://developer.mozilla.org/en-US/docs/Web/HTTP/Status/403",2026-07-17T14:02:11.217499
aurore1943,bpt6k38823916,,failed,0,0,,http_manifest,known,403,manifest,"Client error '403 ' for url 'https://openapiproext.bnf.fr/iiif/presentation/v3/ark:/12148/bpt6k38823916/manifest.json'
For more information check: https://developer.mozilla.org/en-US/docs/Web/HTTP/Status/403",2026-07-17T14:02:12.503568
aurore1943,bpt6k3960912q,,failed,0,0,,http_manifest,known,403,manifest,"Client error '403 ' for url 'https://openapiproext.bnf.fr/iiif/presentation/v3/ark:/12148/bpt6k3960912q/manifest.json'
For more information check: https://developer.mozilla.org/en-US/docs/Web/HTTP/Status/403",2026-07-17T14:02:13.621474
aurore1943,bpt6k3882392m,,failed,0,0,,http_manifest,known,403,manifest,"Client error '403 ' for url 'https://openapiproext.bnf.fr/iiif/presentation/v3/ark:/12148/bpt6k3882392m/manifest.json'
For more information check: https://developer.mozilla.org/en-US/docs/Web/HTTP/Status/403",2026-07-17T14:02:14.940505
aurore1943,bpt6k39609134,,failed,0,0,,http_manifest,known,403,manifest,"Client error '403 ' for url 'https://openapiproext.bnf.fr/iiif/presentation/v3/ark:/12148/bpt6k39609134/manifest.json'
For more information check: https://developer.mozilla.org/en-US/docs/Web/HTTP/Status/403",2026-07-17T14:02:16.028156
aurore1943,bpt6k38823931,,failed,0,0,,http_manifest,known,403,manifest,"Client error '403 ' for url 'https://openapiproext.bnf.fr/iiif/presentation/v3/ark:/12148/bpt6k38823931/manifest.json'
For more information check: https://developer.mozilla.org/en-US/docs/Web/HTTP/Status/403",2026-07-17T14:02:17.307099
aurore1943,bpt6k3960914j,,failed,0,0,,http_manifest,known,403,manifest,"Client error '403 ' for url 'https://openapiproext.bnf.fr/iiif/presentation/v3/ark:/12148/bpt6k3960914j/manifest.json'
For more information check: https://developer.mozilla.org/en-US/docs/Web/HTTP/Status/403",2026-07-17T14:02:18.665185
aurore1943,bpt6k3882394f,,failed,0,0,,http_manifest,known,403,manifest,"Client error '403 ' for url 'https://openapiproext.bnf.fr/iiif/presentation/v3/ark:/12148/bpt6k3882394f/manifest.json'
For more information check: https://developer.mozilla.org/en-US/docs/Web/HTTP/Status/403",2026-07-17T14:02:19.631739
aurore1943,bpt6k3960915z,,failed,0,0,,http_manifest,known,403,manifest,"Client error '403 ' for url 'https://openapiproext.bnf.fr/iiif/presentation/v3/ark:/12148/bpt6k3960915z/manifest.json'
For more information check: https://developer.mozilla.org/en-US/docs/Web/HTTP/Status/403",2026-07-17T14:02:20.833086
aurore1943,bpt6k3882395v,,failed,0,0,,http_manifest,known,403,manifest,"Client error '403 ' for url 'https://openapiproext.bnf.fr/iiif/presentation/v3/ark:/12148/bpt6k3882395v/manifest.json'
For more information check: https://developer.mozilla.org/en-US/docs/Web/HTTP/Status/403",2026-07-17T14:02:22.032037
aurore1943,bpt6k3960916c,,failed,0,0,,http_manifest,known,403,manifest,"Client error '403 ' for url 'https://openapiproext.bnf.fr/iiif/presentation/v3/ark:/12148/bpt6k3960916c/manifest.json'
For more information check: https://developer.mozilla.org/en-US/docs/Web/HTTP/Status/403",2026-07-17T14:02:23.256717
aurore1943,bpt6k38823968,,failed,0,0,,http_manifest,known,403,manifest,"Client error '403 ' for url 'https://openapiproext.bnf.fr/iiif/presentation/v3/ark:/12148/bpt6k38823968/manifest.json'
For more information check: https://developer.mozilla.org/en-US/docs/Web/HTTP/Status/403",2026-07-17T14:02:24.445047
aurore1943,bpt6k3960917s,,failed,0,0,,http_manifest,known,403,manifest,"Client error '403 ' for url 'https://openapiproext.bnf.fr/iiif/presentation/v3/ark:/12148/bpt6k3960917s/manifest.json'
For more information check: https://developer.mozilla.org/en-US/docs/Web/HTTP/Status/403",2026-07-17T14:02:25.634531
aurore1943,bpt6k3882397p,,failed,0,0,,http_manifest,known,403,manifest,"Client error '403 ' for url 'https://openapiproext.bnf.fr/iiif/presentation/v3/ark:/12148/bpt6k3882397p/manifest.json'
For more information check: https://developer.mozilla.org/en-US/docs/Web/HTTP/Status/403",2026-07-17T14:02:26.838653
aurore1943,bpt6k39609186,,failed,0,0,,http_manifest,known,403,manifest,"Client error '403 ' for url 'https://openapiproext.bnf.fr/iiif/presentation/v3/ark:/12148/bpt6k39609186/manifest.json'
For more information check: https://developer.mozilla.org/en-US/docs/Web/HTTP/Status/403",2026-07-17T14:02:28.037926
aurore1943,bpt6k38823983,,failed,0,0,,http_manifest,known,403,manifest,"Client error '403 ' for url 'https://openapiproext.bnf.fr/iiif/presentation/v3/ark:/12148/bpt6k38823983/manifest.json'
For more information check: https://developer.mozilla.org/en-US/docs/Web/HTTP/Status/403",2026-07-17T14:02:29.243892
aurore1943,bpt6k3960919m,,failed,0,0,,http_manifest,known,403,manifest,"Client error '403 ' for url 'https://openapiproext.bnf.fr/iiif/presentation/v3/ark:/12148/bpt6k3960919m/manifest.json'
For more information check: https://developer.mozilla.org/en-US/docs/Web/HTTP/Status/403",2026-07-17T14:02:30.445390
aurore1943,bpt6k3882399h,,failed,0,0,,http_manifest,known,403,manifest,"Client error '403 ' for url 'https://openapiproext.bnf.fr/iiif/presentation/v3/ark:/12148/bpt6k3882399h/manifest.json'
For more information check: https://developer.mozilla.org/en-US/docs/Web/HTTP/Status/403",2026-07-17T14:02:31.642934
aurore1943,bpt6k39609208,,failed,0,0,,http_manifest,known,403,manifest,"Client error '403 ' for url 'https://openapiproext.bnf.fr/iiif/presentation/v3/ark:/12148/bpt6k39609208/manifest.json'
For more information check: https://developer.mozilla.org/en-US/docs/Web/HTTP/Status/403",2026-07-17T14:02:32.849472
aurore1943,bpt6k3882400q,,failed,0,0,,http_manifest,known,403,manifest,"Client error '403 ' for url 'https://openapiproext.bnf.fr/iiif/presentation/v3/ark:/12148/bpt6k3882400q/manifest.json'
For more information check: https://developer.mozilla.org/en-US/docs/Web/HTTP/Status/403",2026-07-17T14:02:34.045309
aurore1943,bpt6k3960921p,,failed,0,0,,http_manifest,known,403,manifest,"Client error '403 ' for url 'https://openapiproext.bnf.fr/iiif/presentation/v3/ark:/12148/bpt6k3960921p/manifest.json'
For more information check: https://developer.mozilla.org/en-US/docs/Web/HTTP/Status/403",2026-07-17T14:02:35.258064
aurore1943,bpt6k38824014,,failed,0,0,,http_manifest,known,403,manifest,"Client error '403 ' for url 'https://openapiproext.bnf.fr/iiif/presentation/v3/ark:/12148/bpt6k38824014/manifest.json'
For more information check: https://developer.mozilla.org/en-US/docs/Web/HTTP/Status/403",2026-07-17T14:02:36.452013
aurore1943,bpt6k39609223,,failed,0,0,,http_manifest,known,403,manifest,"Client error '403 ' for url 'https://openapiproext.bnf.fr/iiif/presentation/v3/ark:/12148/bpt6k39609223/manifest.json'
For more information check: https://developer.mozilla.org/en-US/docs/Web/HTTP/Status/403",2026-07-17T14:02:37.649398
aurore1943,bpt6k3882402j,,failed,0,0,,http_manifest,known,403,manifest,"Client error '403 ' for url 'https://openapiproext.bnf.fr/iiif/presentation/v3/ark:/12148/bpt6k3882402j/manifest.json'
For more information check: https://developer.mozilla.org/en-US/docs/Web/HTTP/Status/403",2026-07-17T14:02:38.850740
aurore1943,bpt6k3960923h,,failed,0,0,,http_manifest,known,403,manifest,"Client error '403 ' for url 'https://openapiproext.bnf.fr/iiif/presentation/v3/ark:/12148/bpt6k3960923h/manifest.json'
For more information check: https://developer.mozilla.org/en-US/docs/Web/HTTP/Status/403",2026-07-17T14:02:40.054943
aurore1943,bpt6k3882403z,,failed,0,0,,http_manifest,known,403,manifest,"Client error '403 ' for url 'https://openapiproext.bnf.fr/iiif/presentation/v3/ark:/12148/bpt6k3882403z/manifest.json'
For more information check: https://developer.mozilla.org/en-US/docs/Web/HTTP/Status/403",2026-07-17T14:02:41.258627
aurore1943,bpt6k3960924x,,failed,0,0,,http_manifest,known,403,manifest,"Client error '403 ' for url 'https://openapiproext.bnf.fr/iiif/presentation/v3/ark:/12148/bpt6k3960924x/manifest.json'
For more information check: https://developer.mozilla.org/en-US/docs/Web/HTTP/Status/403",2026-07-17T14:02:42.470024
aurore1943,bpt6k3882404c,,failed,0,0,,http_manifest,known,403,manifest,"Client error '403 ' for url 'https://openapiproext.bnf.fr/iiif/presentation/v3/ark:/12148/bpt6k3882404c/manifest.json'
For more information check: https://developer.mozilla.org/en-US/docs/Web/HTTP/Status/403",2026-07-17T14:02:43.659000
aurore1943,bpt6k3960925b,,failed,0,0,,http_manifest,known,403,manifest,"Client error '403 ' for url 'https://openapiproext.bnf.fr/iiif/presentation/v3/ark:/12148/bpt6k3960925b/manifest.json'
For more information check: https://developer.mozilla.org/en-US/docs/Web/HTTP/Status/403",2026-07-17T14:02:44.861387
aurore1943,bpt6k3882405s,,failed,0,0,,http_manifest,known,403,manifest,"Client error '403 ' for url 'https://openapiproext.bnf.fr/iiif/presentation/v3/ark:/12148/bpt6k3882405s/manifest.json'
For more information check: https://developer.mozilla.org/en-US/docs/Web/HTTP/Status/403",2026-07-17T14:02:46.063982
aurore1943,bpt6k3960926r,,failed,0,0,,http_manifest,known,403,manifest,"Client error '403 ' for url 'https://openapiproext.bnf.fr/iiif/presentation/v3/ark:/12148/bpt6k3960926r/manifest.json'
For more information check: https://developer.mozilla.org/en-US/docs/Web/HTTP/Status/403",2026-07-17T14:02:47.268062
aurore1943,bpt6k38824066,,failed,0,0,,http_manifest,known,403,manifest,"Client error '403 ' for url 'https://openapiproext.bnf.fr/iiif/presentation/v3/ark:/12148/bpt6k38824066/manifest.json'
For more information check: https://developer.mozilla.org/en-US/docs/Web/HTTP/Status/403",2026-07-17T14:02:48.470163
aurore1943,bpt6k39609275,,failed,0,0,,http_manifest,known,403,manifest,"Client error '403 ' for url 'https://openapiproext.bnf.fr/iiif/presentation/v3/ark:/12148/bpt6k39609275/manifest.json'
For more information check: https://developer.mozilla.org/en-US/docs/Web/HTTP/Status/403",2026-07-17T14:02:49.668071
aurore1943,bpt6k3882407m,,failed,0,0,,http_manifest,known,403,manifest,"Client error '403 ' for url 'https://openapiproext.bnf.fr/iiif/presentation/v3/ark:/12148/bpt6k3882407m/manifest.json'
For more information check: https://developer.mozilla.org/en-US/docs/Web/HTTP/Status/403",2026-07-17T14:02:50.870689
aurore1943,bpt6k3960928k,,failed,0,0,,http_manifest,known,403,manifest,"Client error '403 ' for url 'https://openapiproext.bnf.fr/iiif/presentation/v3/ark:/12148/bpt6k3960928k/manifest.json'
For more information check: https://developer.mozilla.org/en-US/docs/Web/HTTP/Status/403",2026-07-17T14:02:52.068336
aurore1943,bpt6k38824081,,failed,0,0,,http_manifest,known,403,manifest,"Client error '403 ' for url 'https://openapiproext.bnf.fr/iiif/presentation/v3/ark:/12148/bpt6k38824081/manifest.json'
For more information check: https://developer.mozilla.org/en-US/docs/Web/HTTP/Status/403",2026-07-17T14:02:53.296029
aurore1943,bpt6k39609290,,failed,0,0,,http_manifest,known,403,manifest,"Client error '403 ' for url 'https://openapiproext.bnf.fr/iiif/presentation/v3/ark:/12148/bpt6k39609290/manifest.json'
For more information check: https://developer.mozilla.org/en-US/docs/Web/HTTP/Status/403",2026-07-17T14:02:54.476180
aurore1943,bpt6k3882409f,,failed,0,0,,http_manifest,known,403,manifest,"Client error '403 ' for url 'https://openapiproext.bnf.fr/iiif/presentation/v3/ark:/12148/bpt6k3882409f/manifest.json'
For more information check: https://developer.mozilla.org/en-US/docs/Web/HTTP/Status/403",2026-07-17T14:02:55.676162
aurore1943,bpt6k3960930n,,failed,0,0,,http_manifest,known,403,manifest,"Client error '403 ' for url 'https://openapiproext.bnf.fr/iiif/presentation/v3/ark:/12148/bpt6k3960930n/manifest.json'
For more information check: https://developer.mozilla.org/en-US/docs/Web/HTTP/Status/403",2026-07-17T14:02:56.876469
aurore1943,bpt6k38824103,,failed,0,0,,http_manifest,known,403,manifest,"Client error '403 ' for url 'https://openapiproext.bnf.fr/iiif/presentation/v3/ark:/12148/bpt6k38824103/manifest.json'
For more information check: https://developer.mozilla.org/en-US/docs/Web/HTTP/Status/403",2026-07-17T14:02:58.135903
aurore1943,bpt6k39609312,,failed,0,0,,http_manifest,known,403,manifest,"Client error '403 ' for url 'https://openapiproext.bnf.fr/iiif/presentation/v3/ark:/12148/bpt6k39609312/manifest.json'
For more information check: https://developer.mozilla.org/en-US/docs/Web/HTTP/Status/403",2026-07-17T14:02:59.467235
aurore1943,bpt6k3882411h,,failed,0,0,,http_manifest,known,403,manifest,"Client error '403 ' for url 'https://openapiproext.bnf.fr/iiif/presentation/v3/ark:/12148/bpt6k3882411h/manifest.json'
For more information check: https://developer.mozilla.org/en-US/docs/Web/HTTP/Status/403",2026-07-17T14:03:00.602808
aurore1943,bpt6k3960932g,,failed,0,0,,http_manifest,known,403,manifest,"Client error '403 ' for url 'https://openapiproext.bnf.fr/iiif/presentation/v3/ark:/12148/bpt6k3960932g/manifest.json'
For more information check: https://developer.mozilla.org/en-US/docs/Web/HTTP/Status/403",2026-07-17T14:03:01.720243
aurore1943,bpt6k3882412x,,failed,0,0,,http_manifest,known,403,manifest,"Client error '403 ' for url 'https://openapiproext.bnf.fr/iiif/presentation/v3/ark:/12148/bpt6k3882412x/manifest.json'
For more information check: https://developer.mozilla.org/en-US/docs/Web/HTTP/Status/403",2026-07-17T14:03:02.896622
aurore1943,bpt6k3960933w,,failed,0,0,,http_manifest,known,403,manifest,"Client error '403 ' for url 'https://openapiproext.bnf.fr/iiif/presentation/v3/ark:/12148/bpt6k3960933w/manifest.json'
For more information check: https://developer.mozilla.org/en-US/docs/Web/HTTP/Status/403",2026-07-17T14:03:04.232572
aurore1943,bpt6k3882413b,,failed,0,0,,http_manifest,known,403,manifest,"Client error '403 ' for url 'https://openapiproext.bnf.fr/iiif/presentation/v3/ark:/12148/bpt6k3882413b/manifest.json'
For more information check: https://developer.mozilla.org/en-US/docs/Web/HTTP/Status/403",2026-07-17T14:03:05.487272
aurore1943,bpt6k39609349,,failed,0,0,,http_manifest,known,403,manifest,"Client error '403 ' for url 'https://openapiproext.bnf.fr/iiif/presentation/v3/ark:/12148/bpt6k39609349/manifest.json'
For more information check: https://developer.mozilla.org/en-US/docs/Web/HTTP/Status/403",2026-07-17T14:03:06.491112
aurore1943,bpt6k3882414r,,failed,0,0,,http_manifest,known,403,manifest,"Client error '403 ' for url 'https://openapiproext.bnf.fr/iiif/presentation/v3/ark:/12148/bpt6k3882414r/manifest.json'
For more information check: https://developer.mozilla.org/en-US/docs/Web/HTTP/Status/403",2026-07-17T14:03:07.714195
aurore1943,bpt6k3960935q,,failed,0,0,,http_manifest,known,403,manifest,"Client error '403 ' for url 'https://openapiproext.bnf.fr/iiif/presentation/v3/ark:/12148/bpt6k3960935q/manifest.json'
For more information check: https://developer.mozilla.org/en-US/docs/Web/HTTP/Status/403",2026-07-17T14:03:08.894330
aurore1943,bpt6k38824155,,failed,0,0,,http_manifest,known,403,manifest,"Client error '403 ' for url 'https://openapiproext.bnf.fr/iiif/presentation/v3/ark:/12148/bpt6k38824155/manifest.json'
For more information check: https://developer.mozilla.org/en-US/docs/Web/HTTP/Status/403",2026-07-17T14:03:10.099018
aurore1943,bpt6k39609364,,failed,0,0,,http_manifest,known,403,manifest,"Client error '403 ' for url 'https://openapiproext.bnf.fr/iiif/presentation/v3/ark:/12148/bpt6k39609364/manifest.json'
For more information check: https://developer.mozilla.org/en-US/docs/Web/HTTP/Status/403",2026-07-17T14:03:11.298507
aurore1943,bpt6k3882416k,,failed,0,0,,http_manifest,known,403,manifest,"Client error '403 ' for url 'https://openapiproext.bnf.fr/iiif/presentation/v3/ark:/12148/bpt6k3882416k/manifest.json'
For more information check: https://developer.mozilla.org/en-US/docs/Web/HTTP/Status/403",2026-07-17T14:03:12.676951
aurore1943,bpt6k3960937j,,failed,0,0,,http_manifest,known,403,manifest,"Client error '403 ' for url 'https://openapiproext.bnf.fr/iiif/presentation/v3/ark:/12148/bpt6k3960937j/manifest.json'
For more information check: https://developer.mozilla.org/en-US/docs/Web/HTTP/Status/403",2026-07-17T14:03:13.725049
aurore1943,bpt6k38824170,,failed,0,0,,http_manifest,known,403,manifest,"Client error '403 ' for url 'https://openapiproext.bnf.fr/iiif/presentation/v3/ark:/12148/bpt6k38824170/manifest.json'
For more information check: https://developer.mozilla.org/en-US/docs/Web/HTTP/Status/403",2026-07-17T14:03:14.913968
aurore1943,bpt6k3960938z,,failed,0,0,,http_manifest,known,403,manifest,"Client error '403 ' for url 'https://openapiproext.bnf.fr/iiif/presentation/v3/ark:/12148/bpt6k3960938z/manifest.json'
For more information check: https://developer.mozilla.org/en-US/docs/Web/HTTP/Status/403",2026-07-17T14:03:16.231215
aurore1943,bpt6k3882418d,,failed,0,0,,http_manifest,known,403,manifest,"Client error '403 ' for url 'https://openapiproext.bnf.fr/iiif/presentation/v3/ark:/12148/bpt6k3882418d/manifest.json'
For more information check: https://developer.mozilla.org/en-US/docs/Web/HTTP/Status/403",2026-07-17T14:03:17.554215
aurore1943,bpt6k3960939c,,failed,0,0,,http_manifest,known,403,manifest,"Client error '403 ' for url 'https://openapiproext.bnf.fr/iiif/presentation/v3/ark:/12148/bpt6k3960939c/manifest.json'
For more information check: https://developer.mozilla.org/en-US/docs/Web/HTTP/Status/403",2026-07-17T14:03:18.508978
aurore1943,bpt6k3882419t,,failed,0,0,,http_manifest,known,403,manifest,"Client error '403 ' for url 'https://openapiproext.bnf.fr/iiif/presentation/v3/ark:/12148/bpt6k3882419t/manifest.json'
For more information check: https://developer.mozilla.org/en-US/docs/Web/HTTP/Status/403",2026-07-17T14:03:19.711058
aurore1943,bpt6k39609401,,failed,0,0,,http_manifest,known,403,manifest,"Client error '403 ' for url 'https://openapiproext.bnf.fr/iiif/presentation/v3/ark:/12148/bpt6k39609401/manifest.json'
For more information check: https://developer.mozilla.org/en-US/docs/Web/HTTP/Status/403",2026-07-17T14:03:20.968459
aurore1943,bpt6k3882420g,,failed,0,0,,http_manifest,known,403,manifest,"Client error '403 ' for url 'https://openapiproext.bnf.fr/iiif/presentation/v3/ark:/12148/bpt6k3882420g/manifest.json'
For more information check: https://developer.mozilla.org/en-US/docs/Web/HTTP/Status/403",2026-07-17T14:03:22.116131
aurore1943,bpt6k3960941f,,failed,0,0,,http_manifest,known,403,manifest,"Client error '403 ' for url 'https://openapiproext.bnf.fr/iiif/presentation/v3/ark:/12148/bpt6k3960941f/manifest.json'
For more information check: https://developer.mozilla.org/en-US/docs/Web/HTTP/Status/403",2026-07-17T14:03:23.317146
aurore1943,bpt6k3882421w,,failed,0,0,,http_manifest,known,403,manifest,"Client error '403 ' for url 'https://openapiproext.bnf.fr/iiif/presentation/v3/ark:/12148/bpt6k3882421w/manifest.json'
For more information check: https://developer.mozilla.org/en-US/docs/Web/HTTP/Status/403",2026-07-17T14:03:24.520428
aurore1943,bpt6k3960942v,,failed,0,0,,http_manifest,known,403,manifest,"Client error '403 ' for url 'https://openapiproext.bnf.fr/iiif/presentation/v3/ark:/12148/bpt6k3960942v/manifest.json'
For more information check: https://developer.mozilla.org/en-US/docs/Web/HTTP/Status/403",2026-07-17T14:03:25.737375
aurore1943,bpt6k38824229,,failed,0,0,,http_manifest,known,403,manifest,"Client error '403 ' for url 'https://openapiproext.bnf.fr/iiif/presentation/v3/ark:/12148/bpt6k38824229/manifest.json'
For more information check: https://developer.mozilla.org/en-US/docs/Web/HTTP/Status/403",2026-07-17T14:03:26.921840
aurore1943,bpt6k39609438,,failed,0,0,,http_manifest,known,403,manifest,"Client error '403 ' for url 'https://openapiproext.bnf.fr/iiif/presentation/v3/ark:/12148/bpt6k39609438/manifest.json'
For more information check: https://developer.mozilla.org/en-US/docs/Web/HTTP/Status/403",2026-07-17T14:03:28.125703
aurore1943,bpt6k3882423q,,failed,0,0,,http_manifest,known,403,manifest,"Client error '403 ' for url 'https://openapiproext.bnf.fr/iiif/presentation/v3/ark:/12148/bpt6k3882423q/manifest.json'
For more information check: https://developer.mozilla.org/en-US/docs/Web/HTTP/Status/403",2026-07-17T14:03:29.327132
aurore1943,bpt6k3960944p,,failed,0,0,,http_manifest,known,403,manifest,"Client error '403 ' for url 'https://openapiproext.bnf.fr/iiif/presentation/v3/ark:/12148/bpt6k3960944p/manifest.json'
For more information check: https://developer.mozilla.org/en-US/docs/Web/HTTP/Status/403",2026-07-17T14:03:30.529222
aurore1943,bpt6k38824244,,failed,0,0,,http_manifest,known,403,manifest,"Client error '403 ' for url 'https://openapiproext.bnf.fr/iiif/presentation/v3/ark:/12148/bpt6k38824244/manifest.json'
For more information check: https://developer.mozilla.org/en-US/docs/Web/HTTP/Status/403",2026-07-17T14:03:31.731622
aurore1943,bpt6k39609453,,failed,0,0,,http_manifest,known,403,manifest,"Client error '403 ' for url 'https://openapiproext.bnf.fr/iiif/presentation/v3/ark:/12148/bpt6k39609453/manifest.json'
For more information check: https://developer.mozilla.org/en-US/docs/Web/HTTP/Status/403",2026-07-17T14:03:32.928664
aurore1943,bpt6k3882425j,,failed,0,0,,http_manifest,known,403,manifest,"Client error '403 ' for url 'https://openapiproext.bnf.fr/iiif/presentation/v3/ark:/12148/bpt6k3882425j/manifest.json'
For more information check: https://developer.mozilla.org/en-US/docs/Web/HTTP/Status/403",2026-07-17T14:03:34.135981
aurore1943,bpt6k3960946h,,failed,0,0,,http_manifest,known,403,manifest,"Client error '403 ' for url 'https://openapiproext.bnf.fr/iiif/presentation/v3/ark:/12148/bpt6k3960946h/manifest.json'
For more information check: https://developer.mozilla.org/en-US/docs/Web/HTTP/Status/403",2026-07-17T14:03:35.337306
aurore1943,bpt6k3882426z,,failed,0,0,,http_manifest,known,403,manifest,"Client error '403 ' for url 'https://openapiproext.bnf.fr/iiif/presentation/v3/ark:/12148/bpt6k3882426z/manifest.json'
For more information check: https://developer.mozilla.org/en-US/docs/Web/HTTP/Status/403",2026-07-17T14:03:36.553339
aurore1943,bpt6k3960947x,,failed,0,0,,http_manifest,known,403,manifest,"Client error '403 ' for url 'https://openapiproext.bnf.fr/iiif/presentation/v3/ark:/12148/bpt6k3960947x/manifest.json'
For more information check: https://developer.mozilla.org/en-US/docs/Web/HTTP/Status/403",2026-07-17T14:03:37.756711
aurore1943,bpt6k3882427c,,failed,0,0,,http_manifest,known,403,manifest,"Client error '403 ' for url 'https://openapiproext.bnf.fr/iiif/presentation/v3/ark:/12148/bpt6k3882427c/manifest.json'
For more information check: https://developer.mozilla.org/en-US/docs/Web/HTTP/Status/403",2026-07-17T14:03:38.934274
aurore1943,bpt6k3960948b,,failed,0,0,,http_manifest,known,403,manifest,"Client error '403 ' for url 'https://openapiproext.bnf.fr/iiif/presentation/v3/ark:/12148/bpt6k3960948b/manifest.json'
For more information check: https://developer.mozilla.org/en-US/docs/Web/HTTP/Status/403",2026-07-17T14:03:40.143516
aurore1943,bpt6k3882428s,,failed,0,0,,http_manifest,known,403,manifest,"Client error '403 ' for url 'https://openapiproext.bnf.fr/iiif/presentation/v3/ark:/12148/bpt6k3882428s/manifest.json'
For more information check: https://developer.mozilla.org/en-US/docs/Web/HTTP/Status/403",2026-07-17T14:03:41.345088
aurore1943,bpt6k3960949r,,failed,0,0,,http_manifest,known,403,manifest,"Client error '403 ' for url 'https://openapiproext.bnf.fr/iiif/presentation/v3/ark:/12148/bpt6k3960949r/manifest.json'
For more information check: https://developer.mozilla.org/en-US/docs/Web/HTTP/Status/403",2026-07-17T14:03:42.546113
aurore1943,bpt6k38824296,,failed,0,0,,http_manifest,known,403,manifest,"Client error '403 ' for url 'https://openapiproext.bnf.fr/iiif/presentation/v3/ark:/12148/bpt6k38824296/manifest.json'
For more information check: https://developer.mozilla.org/en-US/docs/Web/HTTP/Status/403",2026-07-17T14:03:43.771062
aurore1943,bpt6k3960950d,,failed,0,0,,http_manifest,known,403,manifest,"Client error '403 ' for url 'https://openapiproext.bnf.fr/iiif/presentation/v3/ark:/12148/bpt6k3960950d/manifest.json'
For more information check: https://developer.mozilla.org/en-US/docs/Web/HTTP/Status/403",2026-07-17T14:03:44.947546
aurore1943,bpt6k3882430v,,failed,0,0,,http_manifest,known,403,manifest,"Client error '403 ' for url 'https://openapiproext.bnf.fr/iiif/presentation/v3/ark:/12148/bpt6k3882430v/manifest.json'
For more information check: https://developer.mozilla.org/en-US/docs/Web/HTTP/Status/403",2026-07-17T14:03:46.155882
aurore1943,bpt6k3960951t,,failed,0,0,,http_manifest,known,403,manifest,"Client error '403 ' for url 'https://openapiproext.bnf.fr/iiif/presentation/v3/ark:/12148/bpt6k3960951t/manifest.json'
For more information check: https://developer.mozilla.org/en-US/docs/Web/HTTP/Status/403",2026-07-17T14:03:47.352185
aurore1943,bpt6k38824318,,failed,0,0,,http_manifest,known,403,manifest,"Client error '403 ' for url 'https://openapiproext.bnf.fr/iiif/presentation/v3/ark:/12148/bpt6k38824318/manifest.json'
For more information check: https://developer.mozilla.org/en-US/docs/Web/HTTP/Status/403",2026-07-17T14:03:48.555234
aurore1943,bpt6k39609527,,failed,0,0,,http_manifest,known,403,manifest,"Client error '403 ' for url 'https://openapiproext.bnf.fr/iiif/presentation/v3/ark:/12148/bpt6k39609527/manifest.json'
For more information check: https://developer.mozilla.org/en-US/docs/Web/HTTP/Status/403",2026-07-17T14:03:49.769810
aurore1943,bpt6k3882432p,,failed,0,0,,http_manifest,known,403,manifest,"Client error '403 ' for url 'https://openapiproext.bnf.fr/iiif/presentation/v3/ark:/12148/bpt6k3882432p/manifest.json'
For more information check: https://developer.mozilla.org/en-US/docs/Web/HTTP/Status/403",2026-07-17T14:03:50.956937
aurore1943,bpt6k3960953n,,failed,0,0,,http_manifest,known,403,manifest,"Client error '403 ' for url 'https://openapiproext.bnf.fr/iiif/presentation/v3/ark:/12148/bpt6k3960953n/manifest.json'
For more information check: https://developer.mozilla.org/en-US/docs/Web/HTTP/Status/403",2026-07-17T14:03:52.157099
aurore1943,bpt6k38824333,,failed,0,0,,http_manifest,known,403,manifest,"Client error '403 ' for url 'https://openapiproext.bnf.fr/iiif/presentation/v3/ark:/12148/bpt6k38824333/manifest.json'
For more information check: https://developer.mozilla.org/en-US/docs/Web/HTTP/Status/403",2026-07-17T14:03:53.358307
aurore1943,bpt6k39609542,,failed,0,0,,http_manifest,known,403,manifest,"Client error '403 ' for url 'https://openapiproext.bnf.fr/iiif/presentation/v3/ark:/12148/bpt6k39609542/manifest.json'
For more information check: https://developer.mozilla.org/en-US/docs/Web/HTTP/Status/403",2026-07-17T14:03:54.563059
aurore1943,bpt6k3882434h,,failed,0,0,,http_manifest,known,403,manifest,"Client error '403 ' for url 'https://openapiproext.bnf.fr/iiif/presentation/v3/ark:/12148/bpt6k3882434h/manifest.json'
For more information check: https://developer.mozilla.org/en-US/docs/Web/HTTP/Status/403",2026-07-17T14:03:55.793748
aurore1943,bpt6k3960955g,,failed,0,0,,http_manifest,known,403,manifest,"Client error '403 ' for url 'https://openapiproext.bnf.fr/iiif/presentation/v3/ark:/12148/bpt6k3960955g/manifest.json'
For more information check: https://developer.mozilla.org/en-US/docs/Web/HTTP/Status/403",2026-07-17T14:03:56.974065
aurore1943,bpt6k3882435x,,failed,0,0,,http_manifest,known,403,manifest,"Client error '403 ' for url 'https://openapiproext.bnf.fr/iiif/presentation/v3/ark:/12148/bpt6k3882435x/manifest.json'
For more information check: https://developer.mozilla.org/en-US/docs/Web/HTTP/Status/403",2026-07-17T14:03:58.340209
aurore1943,bpt6k3960956w,,failed,0,0,,http_manifest,known,403,manifest,"Client error '403 ' for url 'https://openapiproext.bnf.fr/iiif/presentation/v3/ark:/12148/bpt6k3960956w/manifest.json'
For more information check: https://developer.mozilla.org/en-US/docs/Web/HTTP/Status/403",2026-07-17T14:03:59.702245
aurore1943,bpt6k3882436b,,failed,0,0,,http_manifest,known,403,manifest,"Client error '403 ' for url 'https://openapiproext.bnf.fr/iiif/presentation/v3/ark:/12148/bpt6k3882436b/manifest.json'
For more information check: https://developer.mozilla.org/en-US/docs/Web/HTTP/Status/403",2026-07-17T14:04:00.782378
aurore1943,bpt6k39609579,,failed,0,0,,http_manifest,known,403,manifest,"Client error '403 ' for url 'https://openapiproext.bnf.fr/iiif/presentation/v3/ark:/12148/bpt6k39609579/manifest.json'
For more information check: https://developer.mozilla.org/en-US/docs/Web/HTTP/Status/403",2026-07-17T14:04:01.844579
aurore1943,bpt6k3882437r,,failed,0,0,,http_manifest,known,403,manifest,"Client error '403 ' for url 'https://openapiproext.bnf.fr/iiif/presentation/v3/ark:/12148/bpt6k3882437r/manifest.json'
For more information check: https://developer.mozilla.org/en-US/docs/Web/HTTP/Status/403",2026-07-17T14:04:02.979771
aurore1943,bpt6k3960958q,,failed,0,0,,http_manifest,known,403,manifest,"Client error '403 ' for url 'https://openapiproext.bnf.fr/iiif/presentation/v3/ark:/12148/bpt6k3960958q/manifest.json'
For more information check: https://developer.mozilla.org/en-US/docs/Web/HTTP/Status/403",2026-07-17T14:04:04.400962
aurore1943,bpt6k38824385,,failed,0,0,,http_manifest,known,403,manifest,"Client error '403 ' for url 'https://openapiproext.bnf.fr/iiif/presentation/v3/ark:/12148/bpt6k38824385/manifest.json'
For more information check: https://developer.mozilla.org/en-US/docs/Web/HTTP/Status/403",2026-07-17T14:04:05.572166
aurore1943,bpt6k39609594,,failed,0,0,,http_manifest,known,403,manifest,"Client error '403 ' for url 'https://openapiproext.bnf.fr/iiif/presentation/v3/ark:/12148/bpt6k39609594/manifest.json'
For more information check: https://developer.mozilla.org/en-US/docs/Web/HTTP/Status/403",2026-07-17T14:04:06.616989
aurore1943,bpt6k3882439k,,failed,0,0,,http_manifest,known,403,manifest,"Client error '403 ' for url 'https://openapiproext.bnf.fr/iiif/presentation/v3/ark:/12148/bpt6k3882439k/manifest.json'
For more information check: https://developer.mozilla.org/en-US/docs/Web/HTTP/Status/403",2026-07-17T14:04:07.782244
aurore1943,bpt6k3960960s,,failed,0,0,,http_manifest,known,403,manifest,"Client error '403 ' for url 'https://openapiproext.bnf.fr/iiif/presentation/v3/ark:/12148/bpt6k3960960s/manifest.json'
For more information check: https://developer.mozilla.org/en-US/docs/Web/HTTP/Status/403",2026-07-17T14:04:09.068918
aurore1943,bpt6k38824407,,failed,0,0,,http_manifest,known,403,manifest,"Client error '403 ' for url 'https://openapiproext.bnf.fr/iiif/presentation/v3/ark:/12148/bpt6k38824407/manifest.json'
For more information check: https://developer.mozilla.org/en-US/docs/Web/HTTP/Status/403",2026-07-17T14:04:10.422429
aurore1943,bpt6k39609616,,failed,0,0,,http_manifest,known,403,manifest,"Client error '403 ' for url 'https://openapiproext.bnf.fr/iiif/presentation/v3/ark:/12148/bpt6k39609616/manifest.json'
For more information check: https://developer.mozilla.org/en-US/docs/Web/HTTP/Status/403",2026-07-17T14:04:11.395365
aurore1943,bpt6k3882441n,,failed,0,0,,http_manifest,known,403,manifest,"Client error '403 ' for url 'https://openapiproext.bnf.fr/iiif/presentation/v3/ark:/12148/bpt6k3882441n/manifest.json'
For more information check: https://developer.mozilla.org/en-US/docs/Web/HTTP/Status/403",2026-07-17T14:04:12.583977
aurore1943,bpt6k3960962m,,failed,0,0,,http_manifest,known,403,manifest,"Client error '403 ' for url 'https://openapiproext.bnf.fr/iiif/presentation/v3/ark:/12148/bpt6k3960962m/manifest.json'
For more information check: https://developer.mozilla.org/en-US/docs/Web/HTTP/Status/403",2026-07-17T14:04:13.820016
aurore1943,bpt6k38824422,,failed,0,0,,http_manifest,known,403,manifest,"Client error '403 ' for url 'https://openapiproext.bnf.fr/iiif/presentation/v3/ark:/12148/bpt6k38824422/manifest.json'
For more information check: https://developer.mozilla.org/en-US/docs/Web/HTTP/Status/403",2026-07-17T14:04:14.985440
aurore1943,bpt6k39609631,,failed,0,0,,http_manifest,known,403,manifest,"Client error '403 ' for url 'https://openapiproext.bnf.fr/iiif/presentation/v3/ark:/12148/bpt6k39609631/manifest.json'
For more information check: https://developer.mozilla.org/en-US/docs/Web/HTTP/Status/403",2026-07-17T14:04:16.450598
aurore1943,bpt6k3882443g,,failed,0,0,,http_manifest,known,403,manifest,"Client error '403 ' for url 'https://openapiproext.bnf.fr/iiif/presentation/v3/ark:/12148/bpt6k3882443g/manifest.json'
For more information check: https://developer.mozilla.org/en-US/docs/Web/HTTP/Status/403",2026-07-17T14:04:17.609307
aurore1943,bpt6k3960964f,,failed,0,0,,http_manifest,known,403,manifest,"Client error '403 ' for url 'https://openapiproext.bnf.fr/iiif/presentation/v3/ark:/12148/bpt6k3960964f/manifest.json'
For more information check: https://developer.mozilla.org/en-US/docs/Web/HTTP/Status/403",2026-07-17T14:04:18.589737
aurore1943,bpt6k3882444w,,failed,0,0,,http_manifest,known,403,manifest,"Client error '403 ' for url 'https://openapiproext.bnf.fr/iiif/presentation/v3/ark:/12148/bpt6k3882444w/manifest.json'
For more information check: https://developer.mozilla.org/en-US/docs/Web/HTTP/Status/403",2026-07-17T14:04:19.788891
aurore1943,bpt6k3960965v,,failed,0,0,,http_manifest,known,403,manifest,"Client error '403 ' for url 'https://openapiproext.bnf.fr/iiif/presentation/v3/ark:/12148/bpt6k3960965v/manifest.json'
For more information check: https://developer.mozilla.org/en-US/docs/Web/HTTP/Status/403",2026-07-17T14:04:20.997698
aurore1943,bpt6k38824459,,failed,0,0,,http_manifest,known,403,manifest,"Client error '403 ' for url 'https://openapiproext.bnf.fr/iiif/presentation/v3/ark:/12148/bpt6k38824459/manifest.json'
For more information check: https://developer.mozilla.org/en-US/docs/Web/HTTP/Status/403",2026-07-17T14:04:22.203670
aurore1943,bpt6k39609668,,failed,0,0,,http_manifest,known,403,manifest,"Client error '403 ' for url 'https://openapiproext.bnf.fr/iiif/presentation/v3/ark:/12148/bpt6k39609668/manifest.json'
For more information check: https://developer.mozilla.org/en-US/docs/Web/HTTP/Status/403",2026-07-17T14:04:23.395545
aurore1943,bpt6k3882446q,,failed,0,0,,http_manifest,known,403,manifest,"Client error '403 ' for url 'https://openapiproext.bnf.fr/iiif/presentation/v3/ark:/12148/bpt6k3882446q/manifest.json'
For more information check: https://developer.mozilla.org/en-US/docs/Web/HTTP/Status/403",2026-07-17T14:04:24.599925
aurore1943,bpt6k3960967p,,failed,0,0,,http_manifest,known,403,manifest,"Client error '403 ' for url 'https://openapiproext.bnf.fr/iiif/presentation/v3/ark:/12148/bpt6k3960967p/manifest.json'
For more information check: https://developer.mozilla.org/en-US/docs/Web/HTTP/Status/403",2026-07-17T14:04:25.904136
aurore1943,bpt6k38824474,,failed,0,0,,http_manifest,known,403,manifest,"Client error '403 ' for url 'https://openapiproext.bnf.fr/iiif/presentation/v3/ark:/12148/bpt6k38824474/manifest.json'
For more information check: https://developer.mozilla.org/en-US/docs/Web/HTTP/Status/403",2026-07-17T14:04:26.999458
aurore1943,bpt6k39609683,,failed,0,0,,http_manifest,known,403,manifest,"Client error '403 ' for url 'https://openapiproext.bnf.fr/iiif/presentation/v3/ark:/12148/bpt6k39609683/manifest.json'
For more information check: https://developer.mozilla.org/en-US/docs/Web/HTTP/Status/403",2026-07-17T14:04:28.203993
aurore1943,bpt6k3882448j,,failed,0,0,,http_manifest,known,403,manifest,"Client error '403 ' for url 'https://openapiproext.bnf.fr/iiif/presentation/v3/ark:/12148/bpt6k3882448j/manifest.json'
For more information check: https://developer.mozilla.org/en-US/docs/Web/HTTP/Status/403",2026-07-17T14:04:29.427536
aurore1943,bpt6k3960969h,,failed,0,0,,http_manifest,known,403,manifest,"Client error '403 ' for url 'https://openapiproext.bnf.fr/iiif/presentation/v3/ark:/12148/bpt6k3960969h/manifest.json'
For more information check: https://developer.mozilla.org/en-US/docs/Web/HTTP/Status/403",2026-07-17T14:04:30.610067
aurore1943,bpt6k3882449z,,failed,0,0,,http_manifest,known,403,manifest,"Client error '403 ' for url 'https://openapiproext.bnf.fr/iiif/presentation/v3/ark:/12148/bpt6k3882449z/manifest.json'
For more information check: https://developer.mozilla.org/en-US/docs/Web/HTTP/Status/403",2026-07-17T14:04:31.810311
aurore1943,bpt6k39609705,,failed,0,0,,http_manifest,known,403,manifest,"Client error '403 ' for url 'https://openapiproext.bnf.fr/iiif/presentation/v3/ark:/12148/bpt6k39609705/manifest.json'
For more information check: https://developer.mozilla.org/en-US/docs/Web/HTTP/Status/403",2026-07-17T14:04:33.012731
aurore1943,bpt6k3882450m,,failed,0,0,,http_manifest,known,403,manifest,"Client error '403 ' for url 'https://openapiproext.bnf.fr/iiif/presentation/v3/ark:/12148/bpt6k3882450m/manifest.json'
For more information check: https://developer.mozilla.org/en-US/docs/Web/HTTP/Status/403",2026-07-17T14:04:34.214255
aurore1943,bpt6k3960971k,,failed,0,0,,http_manifest,known,403,manifest,"Client error '403 ' for url 'https://openapiproext.bnf.fr/iiif/presentation/v3/ark:/12148/bpt6k3960971k/manifest.json'
For more information check: https://developer.mozilla.org/en-US/docs/Web/HTTP/Status/403",2026-07-17T14:04:35.433562
aurore1943,bpt6k38824511,,failed,0,0,,http_manifest,known,403,manifest,"Client error '403 ' for url 'https://openapiproext.bnf.fr/iiif/presentation/v3/ark:/12148/bpt6k38824511/manifest.json'
For more information check: https://developer.mozilla.org/en-US/docs/Web/HTTP/Status/403",2026-07-17T14:04:36.617458
aurore1943,bpt6k39609720,,failed,0,0,,http_manifest,known,403,manifest,"Client error '403 ' for url 'https://openapiproext.bnf.fr/iiif/presentation/v3/ark:/12148/bpt6k39609720/manifest.json'
For more information check: https://developer.mozilla.org/en-US/docs/Web/HTTP/Status/403",2026-07-17T14:04:37.818369
aurore1943,bpt6k3882452f,,failed,0,0,,http_manifest,known,403,manifest,"Client error '403 ' for url 'https://openapiproext.bnf.fr/iiif/presentation/v3/ark:/12148/bpt6k3882452f/manifest.json'
For more information check: https://developer.mozilla.org/en-US/docs/Web/HTTP/Status/403",2026-07-17T14:04:39.019456
aurore1943,bpt6k3960973d,,failed,0,0,,http_manifest,known,403,manifest,"Client error '403 ' for url 'https://openapiproext.bnf.fr/iiif/presentation/v3/ark:/12148/bpt6k3960973d/manifest.json'
For more information check: https://developer.mozilla.org/en-US/docs/Web/HTTP/Status/403",2026-07-17T14:04:40.230189
aurore1943,bpt6k3882453v,,failed,0,0,,http_manifest,known,403,manifest,"Client error '403 ' for url 'https://openapiproext.bnf.fr/iiif/presentation/v3/ark:/12148/bpt6k3882453v/manifest.json'
For more information check: https://developer.mozilla.org/en-US/docs/Web/HTTP/Status/403",2026-07-17T14:04:41.418862
aurore1943,bpt6k3960974t,,failed,0,0,,http_manifest,known,403,manifest,"Client error '403 ' for url 'https://openapiproext.bnf.fr/iiif/presentation/v3/ark:/12148/bpt6k3960974t/manifest.json'
For more information check: https://developer.mozilla.org/en-US/docs/Web/HTTP/Status/403",2026-07-17T14:04:42.621826
aurore1943,bpt6k38824548,,failed,0,0,,http_manifest,known,403,manifest,"Client error '403 ' for url 'https://openapiproext.bnf.fr/iiif/presentation/v3/ark:/12148/bpt6k38824548/manifest.json'
For more information check: https://developer.mozilla.org/en-US/docs/Web/HTTP/Status/403",2026-07-17T14:04:43.824222
aurore1943,bpt6k39609757,,failed,0,0,,http_manifest,known,403,manifest,"Client error '403 ' for url 'https://openapiproext.bnf.fr/iiif/presentation/v3/ark:/12148/bpt6k39609757/manifest.json'
For more information check: https://developer.mozilla.org/en-US/docs/Web/HTTP/Status/403",2026-07-17T14:04:45.025536
aurore1943,bpt6k3882455p,,failed,0,0,,http_manifest,known,403,manifest,"Client error '403 ' for url 'https://openapiproext.bnf.fr/iiif/presentation/v3/ark:/12148/bpt6k3882455p/manifest.json'
For more information check: https://developer.mozilla.org/en-US/docs/Web/HTTP/Status/403",2026-07-17T14:04:46.225722
aurore1943,bpt6k3960976n,,failed,0,0,,http_manifest,known,403,manifest,"Client error '403 ' for url 'https://openapiproext.bnf.fr/iiif/presentation/v3/ark:/12148/bpt6k3960976n/manifest.json'
For more information check: https://developer.mozilla.org/en-US/docs/Web/HTTP/Status/403",2026-07-17T14:04:47.455761
aurore1943,bpt6k38824563,,failed,0,0,,http_manifest,known,403,manifest,"Client error '403 ' for url 'https://openapiproext.bnf.fr/iiif/presentation/v3/ark:/12148/bpt6k38824563/manifest.json'
For more information check: https://developer.mozilla.org/en-US/docs/Web/HTTP/Status/403",2026-07-17T14:04:48.630804
aurore1943,bpt6k39609772,,failed,0,0,,http_manifest,known,403,manifest,"Client error '403 ' for url 'https://openapiproext.bnf.fr/iiif/presentation/v3/ark:/12148/bpt6k39609772/manifest.json'
For more information check: https://developer.mozilla.org/en-US/docs/Web/HTTP/Status/403",2026-07-17T14:04:49.830918
aurore1943,bpt6k3882457h,,failed,0,0,,http_manifest,known,403,manifest,"Client error '403 ' for url 'https://openapiproext.bnf.fr/iiif/presentation/v3/ark:/12148/bpt6k3882457h/manifest.json'
For more information check: https://developer.mozilla.org/en-US/docs/Web/HTTP/Status/403",2026-07-17T14:04:51.033607
aurore1943,bpt6k3960978g,,failed,0,0,,http_manifest,known,403,manifest,"Client error '403 ' for url 'https://openapiproext.bnf.fr/iiif/presentation/v3/ark:/12148/bpt6k3960978g/manifest.json'
For more information check: https://developer.mozilla.org/en-US/docs/Web/HTTP/Status/403",2026-07-17T14:04:52.234131
aurore1943,bpt6k3882458x,,failed,0,0,,http_manifest,known,403,manifest,"Client error '403 ' for url 'https://openapiproext.bnf.fr/iiif/presentation/v3/ark:/12148/bpt6k3882458x/manifest.json'
For more information check: https://developer.mozilla.org/en-US/docs/Web/HTTP/Status/403",2026-07-17T14:04:53.439934
aurore1943,bpt6k3960979w,,failed,0,0,,http_manifest,known,403,manifest,"Client error '403 ' for url 'https://openapiproext.bnf.fr/iiif/presentation/v3/ark:/12148/bpt6k3960979w/manifest.json'
For more information check: https://developer.mozilla.org/en-US/docs/Web/HTTP/Status/403",2026-07-17T14:04:54.638338
aurore1943,bpt6k3882459b,,failed,0,0,,http_manifest,known,403,manifest,"Client error '403 ' for url 'https://openapiproext.bnf.fr/iiif/presentation/v3/ark:/12148/bpt6k3882459b/manifest.json'
For more information check: https://developer.mozilla.org/en-US/docs/Web/HTTP/Status/403",2026-07-17T14:04:55.837123
aurore1943,bpt6k3960980j,,failed,0,0,,http_manifest,known,403,manifest,"Client error '403 ' for url 'https://openapiproext.bnf.fr/iiif/presentation/v3/ark:/12148/bpt6k3960980j/manifest.json'
For more information check: https://developer.mozilla.org/en-US/docs/Web/HTTP/Status/403",2026-07-17T14:04:57.038118
aurore1943,bpt6k38824600,,failed,0,0,,http_manifest,known,403,manifest,"Client error '403 ' for url 'https://openapiproext.bnf.fr/iiif/presentation/v3/ark:/12148/bpt6k38824600/manifest.json'
For more information check: https://developer.mozilla.org/en-US/docs/Web/HTTP/Status/403",2026-07-17T14:04:58.397333
aurore1943,bpt6k3960981z,,failed,0,0,,http_manifest,known,403,manifest,"Client error '403 ' for url 'https://openapiproext.bnf.fr/iiif/presentation/v3/ark:/12148/bpt6k3960981z/manifest.json'
For more information check: https://developer.mozilla.org/en-US/docs/Web/HTTP/Status/403",2026-07-17T14:04:59.524141
aurore1943,bpt6k3882461d,,failed,0,0,,http_manifest,known,403,manifest,"Client error '403 ' for url 'https://openapiproext.bnf.fr/iiif/presentation/v3/ark:/12148/bpt6k3882461d/manifest.json'
For more information check: https://developer.mozilla.org/en-US/docs/Web/HTTP/Status/403",2026-07-17T14:05:00.761256
aurore1943,bpt6k3960982c,,failed,0,0,,http_manifest,known,403,manifest,"Client error '403 ' for url 'https://openapiproext.bnf.fr/iiif/presentation/v3/ark:/12148/bpt6k3960982c/manifest.json'
For more information check: https://developer.mozilla.org/en-US/docs/Web/HTTP/Status/403",2026-07-17T14:05:01.856421
aurore1943,bpt6k3882462t,,failed,0,0,,http_manifest,known,403,manifest,"Client error '403 ' for url 'https://openapiproext.bnf.fr/iiif/presentation/v3/ark:/12148/bpt6k3882462t/manifest.json'
For more information check: https://developer.mozilla.org/en-US/docs/Web/HTTP/Status/403",2026-07-17T14:05:03.064851
aurore1943,bpt6k3960983s,,failed,0,0,,http_manifest,known,403,manifest,"Client error '403 ' for url 'https://openapiproext.bnf.fr/iiif/presentation/v3/ark:/12148/bpt6k3960983s/manifest.json'
For more information check: https://developer.mozilla.org/en-US/docs/Web/HTTP/Status/403",2026-07-17T14:05:04.399225
aurore1943,bpt6k38824637,,failed,0,0,,http_manifest,known,403,manifest,"Client error '403 ' for url 'https://openapiproext.bnf.fr/iiif/presentation/v3/ark:/12148/bpt6k38824637/manifest.json'
For more information check: https://developer.mozilla.org/en-US/docs/Web/HTTP/Status/403",2026-07-17T14:05:05.608193
aurore1943,bpt6k39609846,,failed,0,0,,http_manifest,known,403,manifest,"Client error '403 ' for url 'https://openapiproext.bnf.fr/iiif/presentation/v3/ark:/12148/bpt6k39609846/manifest.json'
For more information check: https://developer.mozilla.org/en-US/docs/Web/HTTP/Status/403",2026-07-17T14:05:06.810538
aurore1943,bpt6k3882464n,,failed,0,0,,http_manifest,known,403,manifest,"Client error '403 ' for url 'https://openapiproext.bnf.fr/iiif/presentation/v3/ark:/12148/bpt6k3882464n/manifest.json'
For more information check: https://developer.mozilla.org/en-US/docs/Web/HTTP/Status/403",2026-07-17T14:05:07.959236
aurore1943,bpt6k3960985m,,failed,0,0,,http_manifest,known,403,manifest,"Client error '403 ' for url 'https://openapiproext.bnf.fr/iiif/presentation/v3/ark:/12148/bpt6k3960985m/manifest.json'
For more information check: https://developer.mozilla.org/en-US/docs/Web/HTTP/Status/403",2026-07-17T14:05:09.227511
aurore1943,bpt6k38824652,,failed,0,0,,http_manifest,known,403,manifest,"Client error '403 ' for url 'https://openapiproext.bnf.fr/iiif/presentation/v3/ark:/12148/bpt6k38824652/manifest.json'
For more information check: https://developer.mozilla.org/en-US/docs/Web/HTTP/Status/403",2026-07-17T14:05:10.388202
aurore1943,bpt6k39609861,,failed,0,0,,http_manifest,known,403,manifest,"Client error '403 ' for url 'https://openapiproext.bnf.fr/iiif/presentation/v3/ark:/12148/bpt6k39609861/manifest.json'
For more information check: https://developer.mozilla.org/en-US/docs/Web/HTTP/Status/403",2026-07-17T14:05:11.514272
aurore1943,bpt6k3882466g,,failed,0,0,,http_manifest,known,403,manifest,"Client error '403 ' for url 'https://openapiproext.bnf.fr/iiif/presentation/v3/ark:/12148/bpt6k3882466g/manifest.json'
For more information check: https://developer.mozilla.org/en-US/docs/Web/HTTP/Status/403",2026-07-17T14:05:12.659594
aurore1943,bpt6k3960987f,,failed,0,0,,http_manifest,known,403,manifest,"Client error '403 ' for url 'https://openapiproext.bnf.fr/iiif/presentation/v3/ark:/12148/bpt6k3960987f/manifest.json'
For more information check: https://developer.mozilla.org/en-US/docs/Web/HTTP/Status/403",2026-07-17T14:05:13.864264
aurore1943,bpt6k3882467w,,failed,0,0,,http_manifest,known,403,manifest,"Client error '403 ' for url 'https://openapiproext.bnf.fr/iiif/presentation/v3/ark:/12148/bpt6k3882467w/manifest.json'
For more information check: https://developer.mozilla.org/en-US/docs/Web/HTTP/Status/403",2026-07-17T14:05:15.171705
aurore1943,bpt6k3960988v,,failed,0,0,,http_manifest,known,403,manifest,"Client error '403 ' for url 'https://openapiproext.bnf.fr/iiif/presentation/v3/ark:/12148/bpt6k3960988v/manifest.json'
For more information check: https://developer.mozilla.org/en-US/docs/Web/HTTP/Status/403",2026-07-17T14:05:16.266472
aurore1943,bpt6k38824689,,failed,0,0,,http_manifest,known,403,manifest,"Client error '403 ' for url 'https://openapiproext.bnf.fr/iiif/presentation/v3/ark:/12148/bpt6k38824689/manifest.json'
For more information check: https://developer.mozilla.org/en-US/docs/Web/HTTP/Status/403",2026-07-17T14:05:17.467863
aurore1943,bpt6k39609898,,failed,0,0,,http_manifest,known,403,manifest,"Client error '403 ' for url 'https://openapiproext.bnf.fr/iiif/presentation/v3/ark:/12148/bpt6k39609898/manifest.json'
For more information check: https://developer.mozilla.org/en-US/docs/Web/HTTP/Status/403",2026-07-17T14:05:18.678172
aurore1943,bpt6k3882469q,,failed,0,0,,http_manifest,known,403,manifest,"Client error '403 ' for url 'https://openapiproext.bnf.fr/iiif/presentation/v3/ark:/12148/bpt6k3882469q/manifest.json'
For more information check: https://developer.mozilla.org/en-US/docs/Web/HTTP/Status/403",2026-07-17T14:05:19.875118
aurore1943,bpt6k3960990x,,failed,0,0,,http_manifest,known,403,manifest,"Client error '403 ' for url 'https://openapiproext.bnf.fr/iiif/presentation/v3/ark:/12148/bpt6k3960990x/manifest.json'
For more information check: https://developer.mozilla.org/en-US/docs/Web/HTTP/Status/403",2026-07-17T14:05:21.072547
aurore1943,bpt6k3882470c,,failed,0,0,,http_manifest,known,403,manifest,"Client error '403 ' for url 'https://openapiproext.bnf.fr/iiif/presentation/v3/ark:/12148/bpt6k3882470c/manifest.json'
For more information check: https://developer.mozilla.org/en-US/docs/Web/HTTP/Status/403",2026-07-17T14:05:22.271149
aurore1943,bpt6k3960991b,,failed,0,0,,http_manifest,known,403,manifest,"Client error '403 ' for url 'https://openapiproext.bnf.fr/iiif/presentation/v3/ark:/12148/bpt6k3960991b/manifest.json'
For more information check: https://developer.mozilla.org/en-US/docs/Web/HTTP/Status/403",2026-07-17T14:05:23.477282
aurore1943,bpt6k3882471s,,failed,0,0,,http_manifest,known,403,manifest,"Client error '403 ' for url 'https://openapiproext.bnf.fr/iiif/presentation/v3/ark:/12148/bpt6k3882471s/manifest.json'
For more information check: https://developer.mozilla.org/en-US/docs/Web/HTTP/Status/403",2026-07-17T14:05:24.675550
aurore1943,bpt6k3960992r,,failed,0,0,,http_manifest,known,403,manifest,"Client error '403 ' for url 'https://openapiproext.bnf.fr/iiif/presentation/v3/ark:/12148/bpt6k3960992r/manifest.json'
For more information check: https://developer.mozilla.org/en-US/docs/Web/HTTP/Status/403",2026-07-17T14:05:25.901407
aurore1943,bpt6k38824726,,failed,0,0,,http_manifest,known,403,manifest,"Client error '403 ' for url 'https://openapiproext.bnf.fr/iiif/presentation/v3/ark:/12148/bpt6k38824726/manifest.json'
For more information check: https://developer.mozilla.org/en-US/docs/Web/HTTP/Status/403",2026-07-17T14:05:27.077459
aurore1943,bpt6k39609935,,failed,0,0,,http_manifest,known,403,manifest,"Client error '403 ' for url 'https://openapiproext.bnf.fr/iiif/presentation/v3/ark:/12148/bpt6k39609935/manifest.json'
For more information check: https://developer.mozilla.org/en-US/docs/Web/HTTP/Status/403",2026-07-17T14:05:28.277543
aurore1943,bpt6k3882473m,,failed,0,0,,http_manifest,known,403,manifest,"Client error '403 ' for url 'https://openapiproext.bnf.fr/iiif/presentation/v3/ark:/12148/bpt6k3882473m/manifest.json'
For more information check: https://developer.mozilla.org/en-US/docs/Web/HTTP/Status/403",2026-07-17T14:05:29.491475
aurore1943,bpt6k3960994k,,failed,0,0,,http_manifest,known,403,manifest,"Client error '403 ' for url 'https://openapiproext.bnf.fr/iiif/presentation/v3/ark:/12148/bpt6k3960994k/manifest.json'
For more information check: https://developer.mozilla.org/en-US/docs/Web/HTTP/Status/403",2026-07-17T14:05:30.682479
aurore1943,bpt6k38824741,,failed,0,0,,http_manifest,known,403,manifest,"Client error '403 ' for url 'https://openapiproext.bnf.fr/iiif/presentation/v3/ark:/12148/bpt6k38824741/manifest.json'
For more information check: https://developer.mozilla.org/en-US/docs/Web/HTTP/Status/403",2026-07-17T14:05:31.886885
aurore1943,bpt6k39609950,,failed,0,0,,http_manifest,known,403,manifest,"Client error '403 ' for url 'https://openapiproext.bnf.fr/iiif/presentation/v3/ark:/12148/bpt6k39609950/manifest.json'
For more information check: https://developer.mozilla.org/en-US/docs/Web/HTTP/Status/403",2026-07-17T14:05:33.084709
aurore1943,bpt6k3882475f,,failed,0,0,,http_manifest,known,403,manifest,"Client error '403 ' for url 'https://openapiproext.bnf.fr/iiif/presentation/v3/ark:/12148/bpt6k3882475f/manifest.json'
For more information check: https://developer.mozilla.org/en-US/docs/Web/HTTP/Status/403",2026-07-17T14:05:34.294027
aurore1943,bpt6k3960996d,,failed,0,0,,http_manifest,known,403,manifest,"Client error '403 ' for url 'https://openapiproext.bnf.fr/iiif/presentation/v3/ark:/12148/bpt6k3960996d/manifest.json'
For more information check: https://developer.mozilla.org/en-US/docs/Web/HTTP/Status/403",2026-07-17T14:05:35.492920
aurore1943,bpt6k3882476v,,failed,0,0,,http_manifest,known,403,manifest,"Client error '403 ' for url 'https://openapiproext.bnf.fr/iiif/presentation/v3/ark:/12148/bpt6k3882476v/manifest.json'
For more information check: https://developer.mozilla.org/en-US/docs/Web/HTTP/Status/403",2026-07-17T14:05:36.698317
aurore1943,bpt6k3960997t,,failed,0,0,,http_manifest,known,403,manifest,"Client error '403 ' for url 'https://openapiproext.bnf.fr/iiif/presentation/v3/ark:/12148/bpt6k3960997t/manifest.json'
For more information check: https://developer.mozilla.org/en-US/docs/Web/HTTP/Status/403",2026-07-17T14:05:37.896077
aurore1943,bpt6k38824778,,failed,0,0,,http_manifest,known,403,manifest,"Client error '403 ' for url 'https://openapiproext.bnf.fr/iiif/presentation/v3/ark:/12148/bpt6k38824778/manifest.json'
For more information check: https://developer.mozilla.org/en-US/docs/Web/HTTP/Status/403",2026-07-17T14:05:39.108397
aurore1943,bpt6k39609987,,failed,0,0,,http_manifest,known,403,manifest,"Client error '403 ' for url 'https://openapiproext.bnf.fr/iiif/presentation/v3/ark:/12148/bpt6k39609987/manifest.json'
For more information check: https://developer.mozilla.org/en-US/docs/Web/HTTP/Status/403",2026-07-17T14:05:40.295476
aurore1943,bpt6k3882478p,,failed,0,0,,http_manifest,known,403,manifest,"Client error '403 ' for url 'https://openapiproext.bnf.fr/iiif/presentation/v3/ark:/12148/bpt6k3882478p/manifest.json'
For more information check: https://developer.mozilla.org/en-US/docs/Web/HTTP/Status/403",2026-07-17T14:05:41.521694
aurore1943,bpt6k3960999n,,failed,0,0,,http_manifest,known,403,manifest,"Client error '403 ' for url 'https://openapiproext.bnf.fr/iiif/presentation/v3/ark:/12148/bpt6k3960999n/manifest.json'
For more information check: https://developer.mozilla.org/en-US/docs/Web/HTTP/Status/403",2026-07-17T14:05:42.707668
aurore1943,bpt6k38824793,,failed,0,0,,http_manifest,known,403,manifest,"Client error '403 ' for url 'https://openapiproext.bnf.fr/iiif/presentation/v3/ark:/12148/bpt6k38824793/manifest.json'
For more information check: https://developer.mozilla.org/en-US/docs/Web/HTTP/Status/403",2026-07-17T14:05:43.924190
aurore1943,bpt6k3961000q,,failed,0,0,,http_manifest,known,403,manifest,"Client error '403 ' for url 'https://openapiproext.bnf.fr/iiif/presentation/v3/ark:/12148/bpt6k3961000q/manifest.json'
For more information check: https://developer.mozilla.org/en-US/docs/Web/HTTP/Status/403",2026-07-17T14:05:45.102893
aurore1943,bpt6k3882480r,,failed,0,0,,http_manifest,known,403,manifest,"Client error '403 ' for url 'https://openapiproext.bnf.fr/iiif/presentation/v3/ark:/12148/bpt6k3882480r/manifest.json'
For more information check: https://developer.mozilla.org/en-US/docs/Web/HTTP/Status/403",2026-07-17T14:05:46.307355
aurore1943,bpt6k39610014,,failed,0,0,,http_manifest,known,403,manifest,"Client error '403 ' for url 'https://openapiproext.bnf.fr/iiif/presentation/v3/ark:/12148/bpt6k39610014/manifest.json'
For more information check: https://developer.mozilla.org/en-US/docs/Web/HTTP/Status/403",2026-07-17T14:05:47.509163
aurore1943,bpt6k38824815,,failed,0,0,,http_manifest,known,403,manifest,"Client error '403 ' for url 'https://openapiproext.bnf.fr/iiif/presentation/v3/ark:/12148/bpt6k38824815/manifest.json'
For more information check: https://developer.mozilla.org/en-US/docs/Web/HTTP/Status/403",2026-07-17T14:05:48.709612
aurore1943,bpt6k3961002j,,failed,0,0,,http_manifest,known,403,manifest,"Client error '403 ' for url 'https://openapiproext.bnf.fr/iiif/presentation/v3/ark:/12148/bpt6k3961002j/manifest.json'
For more information check: https://developer.mozilla.org/en-US/docs/Web/HTTP/Status/403",2026-07-17T14:05:49.910092
aurore1943,bpt6k3882482k,,failed,0,0,,http_manifest,known,403,manifest,"Client error '403 ' for url 'https://openapiproext.bnf.fr/iiif/presentation/v3/ark:/12148/bpt6k3882482k/manifest.json'
For more information check: https://developer.mozilla.org/en-US/docs/Web/HTTP/Status/403",2026-07-17T14:05:51.114686
aurore1943,bpt6k3961003z,,failed,0,0,,http_manifest,known,403,manifest,"Client error '403 ' for url 'https://openapiproext.bnf.fr/iiif/presentation/v3/ark:/12148/bpt6k3961003z/manifest.json'
For more information check: https://developer.mozilla.org/en-US/docs/Web/HTTP/Status/403",2026-07-17T14:05:52.319413
aurore1943,bpt6k38824830,,failed,0,0,,http_manifest,known,403,manifest,"Client error '403 ' for url 'https://openapiproext.bnf.fr/iiif/presentation/v3/ark:/12148/bpt6k38824830/manifest.json'
For more information check: https://developer.mozilla.org/en-US/docs/Web/HTTP/Status/403",2026-07-17T14:05:53.600410
aurore1943,bpt6k3961004c,,failed,0,0,,http_manifest,known,403,manifest,"Client error '403 ' for url 'https://openapiproext.bnf.fr/iiif/presentation/v3/ark:/12148/bpt6k3961004c/manifest.json'
For more information check: https://developer.mozilla.org/en-US/docs/Web/HTTP/Status/403",2026-07-17T14:05:54.728338
aurore1943,bpt6k3882484d,,failed,0,0,,http_manifest,known,403,manifest,"Client error '403 ' for url 'https://openapiproext.bnf.fr/iiif/presentation/v3/ark:/12148/bpt6k3882484d/manifest.json'
For more information check: https://developer.mozilla.org/en-US/docs/Web/HTTP/Status/403",2026-07-17T14:05:55.939844
aurore1943,bpt6k3961005s,,failed,0,0,,http_manifest,known,403,manifest,"Client error '403 ' for url 'https://openapiproext.bnf.fr/iiif/presentation/v3/ark:/12148/bpt6k3961005s/manifest.json'
For more information check: https://developer.mozilla.org/en-US/docs/Web/HTTP/Status/403",2026-07-17T14:05:57.124535
aurore1943,bpt6k3882485t,,failed,0,0,,http_manifest,known,403,manifest,"Client error '403 ' for url 'https://openapiproext.bnf.fr/iiif/presentation/v3/ark:/12148/bpt6k3882485t/manifest.json'
For more information check: https://developer.mozilla.org/en-US/docs/Web/HTTP/Status/403",2026-07-17T14:05:58.574558
aurore1943,bpt6k39610066,,failed,0,0,,http_manifest,known,403,manifest,"Client error '403 ' for url 'https://openapiproext.bnf.fr/iiif/presentation/v3/ark:/12148/bpt6k39610066/manifest.json'
For more information check: https://developer.mozilla.org/en-US/docs/Web/HTTP/Status/403",2026-07-17T14:05:59.614238
aurore1943,bpt6k38824867,,failed,0,0,,http_manifest,known,403,manifest,"Client error '403 ' for url 'https://openapiproext.bnf.fr/iiif/presentation/v3/ark:/12148/bpt6k38824867/manifest.json'
For more information check: https://developer.mozilla.org/en-US/docs/Web/HTTP/Status/403",2026-07-17T14:06:00.967482
aurore1943,bpt6k3961007m,,failed,0,0,,http_manifest,known,403,manifest,"Client error '403 ' for url 'https://openapiproext.bnf.fr/iiif/presentation/v3/ark:/12148/bpt6k3961007m/manifest.json'
For more information check: https://developer.mozilla.org/en-US/docs/Web/HTTP/Status/403",2026-07-17T14:06:01.930685
aurore1943,bpt6k3882487n,,failed,0,0,,http_manifest,known,403,manifest,"Client error '403 ' for url 'https://openapiproext.bnf.fr/iiif/presentation/v3/ark:/12148/bpt6k3882487n/manifest.json'
For more information check: https://developer.mozilla.org/en-US/docs/Web/HTTP/Status/403",2026-07-17T14:06:03.137264
aurore1943,bpt6k39610081,,failed,0,0,,http_manifest,known,403,manifest,"Client error '403 ' for url 'https://openapiproext.bnf.fr/iiif/presentation/v3/ark:/12148/bpt6k39610081/manifest.json'
For more information check: https://developer.mozilla.org/en-US/docs/Web/HTTP/Status/403",2026-07-17T14:06:04.445435
aurore1943,bpt6k38824882,,failed,0,0,,http_manifest,known,403,manifest,"Client error '403 ' for url 'https://openapiproext.bnf.fr/iiif/presentation/v3/ark:/12148/bpt6k38824882/manifest.json'
For more information check: https://developer.mozilla.org/en-US/docs/Web/HTTP/Status/403",2026-07-17T14:06:05.664617
aurore1943,bpt6k3961009f,,failed,0,0,,http_manifest,known,403,manifest,"Client error '403 ' for url 'https://openapiproext.bnf.fr/iiif/presentation/v3/ark:/12148/bpt6k3961009f/manifest.json'
For more information check: https://developer.mozilla.org/en-US/docs/Web/HTTP/Status/403",2026-07-17T14:06:06.755719
aurore1943,bpt6k3882489g,,failed,0,0,,http_manifest,known,403,manifest,"Client error '403 ' for url 'https://openapiproext.bnf.fr/iiif/presentation/v3/ark:/12148/bpt6k3882489g/manifest.json'
For more information check: https://developer.mozilla.org/en-US/docs/Web/HTTP/Status/403",2026-07-17T14:06:07.965556
aurore1943,bpt6k39610103,,failed,0,0,,http_manifest,known,403,manifest,"Client error '403 ' for url 'https://openapiproext.bnf.fr/iiif/presentation/v3/ark:/12148/bpt6k39610103/manifest.json'
For more information check: https://developer.mozilla.org/en-US/docs/Web/HTTP/Status/403",2026-07-17T14:06:09.290584
aurore1943,bpt6k38824904,,failed,0,0,,http_manifest,known,403,manifest,"Client error '403 ' for url 'https://openapiproext.bnf.fr/iiif/presentation/v3/ark:/12148/bpt6k38824904/manifest.json'
For more information check: https://developer.mozilla.org/en-US/docs/Web/HTTP/Status/403",2026-07-17T14:06:10.488514
aurore1943,bpt6k3961011h,,failed,0,0,,http_manifest,known,403,manifest,"Client error '403 ' for url 'https://openapiproext.bnf.fr/iiif/presentation/v3/ark:/12148/bpt6k3961011h/manifest.json'
For more information check: https://developer.mozilla.org/en-US/docs/Web/HTTP/Status/403",2026-07-17T14:06:11.539454
aurore1943,bpt6k3882491j,,failed,0,0,,http_manifest,known,403,manifest,"Client error '403 ' for url 'https://openapiproext.bnf.fr/iiif/presentation/v3/ark:/12148/bpt6k3882491j/manifest.json'
For more information check: https://developer.mozilla.org/en-US/docs/Web/HTTP/Status/403",2026-07-17T14:06:12.839325
aurore1943,bpt6k3961012x,,failed,0,0,,http_manifest,known,403,manifest,"Client error '403 ' for url 'https://openapiproext.bnf.fr/iiif/presentation/v3/ark:/12148/bpt6k3961012x/manifest.json'
For more information check: https://developer.mozilla.org/en-US/docs/Web/HTTP/Status/403",2026-07-17T14:06:14.088250
aurore1943,bpt6k3882492z,,failed,0,0,,http_manifest,known,403,manifest,"Client error '403 ' for url 'https://openapiproext.bnf.fr/iiif/presentation/v3/ark:/12148/bpt6k3882492z/manifest.json'
For more information check: https://developer.mozilla.org/en-US/docs/Web/HTTP/Status/403",2026-07-17T14:06:15.247494
aurore1943,bpt6k3961013b,,failed,0,0,,http_manifest,known,403,manifest,"Client error '403 ' for url 'https://openapiproext.bnf.fr/iiif/presentation/v3/ark:/12148/bpt6k3961013b/manifest.json'
For more information check: https://developer.mozilla.org/en-US/docs/Web/HTTP/Status/403",2026-07-17T14:06:16.347964
aurore1943,bpt6k3882493c,,failed,0,0,,http_manifest,known,403,manifest,"Client error '403 ' for url 'https://openapiproext.bnf.fr/iiif/presentation/v3/ark:/12148/bpt6k3882493c/manifest.json'
For more information check: https://developer.mozilla.org/en-US/docs/Web/HTTP/Status/403",2026-07-17T14:06:17.546288
aurore1943,bpt6k3961014r,,failed,0,0,,http_manifest,known,403,manifest,"Client error '403 ' for url 'https://openapiproext.bnf.fr/iiif/presentation/v3/ark:/12148/bpt6k3961014r/manifest.json'
For more information check: https://developer.mozilla.org/en-US/docs/Web/HTTP/Status/403",2026-07-17T14:06:18.767657
aurore1943,bpt6k3882494s,,failed,0,0,,http_manifest,known,403,manifest,"Client error '403 ' for url 'https://openapiproext.bnf.fr/iiif/presentation/v3/ark:/12148/bpt6k3882494s/manifest.json'
For more information check: https://developer.mozilla.org/en-US/docs/Web/HTTP/Status/403",2026-07-17T14:06:19.956246
aurore1943,bpt6k39610155,,failed,0,0,,http_manifest,known,403,manifest,"Client error '403 ' for url 'https://openapiproext.bnf.fr/iiif/presentation/v3/ark:/12148/bpt6k39610155/manifest.json'
For more information check: https://developer.mozilla.org/en-US/docs/Web/HTTP/Status/403",2026-07-17T14:06:21.155889
aurore1943,bpt6k38824956,,failed,0,0,,http_manifest,known,403,manifest,"Client error '403 ' for url 'https://openapiproext.bnf.fr/iiif/presentation/v3/ark:/12148/bpt6k38824956/manifest.json'
For more information check: https://developer.mozilla.org/en-US/docs/Web/HTTP/Status/403",2026-07-17T14:06:22.358678
aurore1943,bpt6k3961016k,,failed,0,0,,http_manifest,known,403,manifest,"Client error '403 ' for url 'https://openapiproext.bnf.fr/iiif/presentation/v3/ark:/12148/bpt6k3961016k/manifest.json'
For more information check: https://developer.mozilla.org/en-US/docs/Web/HTTP/Status/403",2026-07-17T14:06:23.557455
aurore1943,bpt6k3882496m,,failed,0,0,,http_manifest,known,403,manifest,"Client error '403 ' for url 'https://openapiproext.bnf.fr/iiif/presentation/v3/ark:/12148/bpt6k3882496m/manifest.json'
For more information check: https://developer.mozilla.org/en-US/docs/Web/HTTP/Status/403",2026-07-17T14:06:24.800278
aurore1943,bpt6k39610170,,failed,0,0,,http_manifest,known,403,manifest,"Client error '403 ' for url 'https://openapiproext.bnf.fr/iiif/presentation/v3/ark:/12148/bpt6k39610170/manifest.json'
For more information check: https://developer.mozilla.org/en-US/docs/Web/HTTP/Status/403",2026-07-17T14:06:25.958773
aurore1943,bpt6k38824971,,failed,0,0,,http_manifest,known,403,manifest,"Client error '403 ' for url 'https://openapiproext.bnf.fr/iiif/presentation/v3/ark:/12148/bpt6k38824971/manifest.json'
For more information check: https://developer.mozilla.org/en-US/docs/Web/HTTP/Status/403",2026-07-17T14:06:27.157500
aurore1943,bpt6k3961018d,,failed,0,0,,http_manifest,known,403,manifest,"Client error '403 ' for url 'https://openapiproext.bnf.fr/iiif/presentation/v3/ark:/12148/bpt6k3961018d/manifest.json'
For more information check: https://developer.mozilla.org/en-US/docs/Web/HTTP/Status/403",2026-07-17T14:06:28.361625
aurore1943,bpt6k3882498f,,failed,0,0,,http_manifest,known,403,manifest,"Client error '403 ' for url 'https://openapiproext.bnf.fr/iiif/presentation/v3/ark:/12148/bpt6k3882498f/manifest.json'
For more information check: https://developer.mozilla.org/en-US/docs/Web/HTTP/Status/403",2026-07-17T14:06:29.562525
aurore1943,bpt6k3961019t,,failed,0,0,,http_manifest,known,403,manifest,"Client error '403 ' for url 'https://openapiproext.bnf.fr/iiif/presentation/v3/ark:/12148/bpt6k3961019t/manifest.json'
For more information check: https://developer.mozilla.org/en-US/docs/Web/HTTP/Status/403",2026-07-17T14:06:30.764933
aurore1943,bpt6k3882499v,,failed,0,0,,http_manifest,known,403,manifest,"Client error '403 ' for url 'https://openapiproext.bnf.fr/iiif/presentation/v3/ark:/12148/bpt6k3882499v/manifest.json'
For more information check: https://developer.mozilla.org/en-US/docs/Web/HTTP/Status/403",2026-07-17T14:06:31.968911
aurore1943,bpt6k3961020g,,failed,0,0,,http_manifest,known,403,manifest,"Client error '403 ' for url 'https://openapiproext.bnf.fr/iiif/presentation/v3/ark:/12148/bpt6k3961020g/manifest.json'
For more information check: https://developer.mozilla.org/en-US/docs/Web/HTTP/Status/403",2026-07-17T14:06:33.168183
aurore1943,bpt6k39610459,,failed,0,0,,http_manifest,known,403,manifest,"Client error '403 ' for url 'https://openapiproext.bnf.fr/iiif/presentation/v3/ark:/12148/bpt6k39610459/manifest.json'
For more information check: https://developer.mozilla.org/en-US/docs/Web/HTTP/Status/403",2026-07-17T14:06:34.374214
aurore1943,bpt6k38825002,,failed,0,0,,http_manifest,known,403,manifest,"Client error '403 ' for url 'https://openapiproext.bnf.fr/iiif/presentation/v3/ark:/12148/bpt6k38825002/manifest.json'
For more information check: https://developer.mozilla.org/en-US/docs/Web/HTTP/Status/403",2026-07-17T14:06:35.582439
aurore1943,bpt6k3882524g,,failed,0,0,,http_manifest,known,403,manifest,"Client error '403 ' for url 'https://openapiproext.bnf.fr/iiif/presentation/v3/ark:/12148/bpt6k3882524g/manifest.json'
For more information check: https://developer.mozilla.org/en-US/docs/Web/HTTP/Status/403",2026-07-17T14:06:36.801913
aurore1943,bpt6k3961021w,,failed,0,0,,http_manifest,known,403,manifest,"Client error '403 ' for url 'https://openapiproext.bnf.fr/iiif/presentation/v3/ark:/12148/bpt6k3961021w/manifest.json'
For more information check: https://developer.mozilla.org/en-US/docs/Web/HTTP/Status/403",2026-07-17T14:06:37.974270
aurore1943,bpt6k3882501g,,failed,0,0,,http_manifest,known,403,manifest,"Client error '403 ' for url 'https://openapiproext.bnf.fr/iiif/presentation/v3/ark:/12148/bpt6k3882501g/manifest.json'
For more information check: https://developer.mozilla.org/en-US/docs/Web/HTTP/Status/403",2026-07-17T14:06:39.185755
aurore1943,bpt6k39610229,,failed,0,0,,http_manifest,known,403,manifest,"Client error '403 ' for url 'https://openapiproext.bnf.fr/iiif/presentation/v3/ark:/12148/bpt6k39610229/manifest.json'
For more information check: https://developer.mozilla.org/en-US/docs/Web/HTTP/Status/403",2026-07-17T14:06:40.385004
aurore1943,bpt6k3882351p,,failed,0,0,,http_manifest,known,403,manifest,"Client error '403 ' for url 'https://openapiproext.bnf.fr/iiif/presentation/v3/ark:/12148/bpt6k3882351p/manifest.json'
For more information check: https://developer.mozilla.org/en-US/docs/Web/HTTP/Status/403",2026-07-17T14:06:41.575769
aurore1943,bpt6k3882502w,,failed,0,0,,http_manifest,known,403,manifest,"Client error '403 ' for url 'https://openapiproext.bnf.fr/iiif/presentation/v3/ark:/12148/bpt6k3882502w/manifest.json'
For more information check: https://developer.mozilla.org/en-US/docs/Web/HTTP/Status/403",2026-07-17T14:06:42.779084
aurore1943,bpt6k3961044w,,failed,0,0,,http_manifest,known,403,manifest,"Client error '403 ' for url 'https://openapiproext.bnf.fr/iiif/presentation/v3/ark:/12148/bpt6k3961044w/manifest.json'
For more information check: https://developer.mozilla.org/en-US/docs/Web/HTTP/Status/403",2026-07-17T14:06:43.981998
aurore1943,bpt6k3961023q,,failed,0,0,,http_manifest,known,403,manifest,"Client error '403 ' for url 'https://openapiproext.bnf.fr/iiif/presentation/v3/ark:/12148/bpt6k3961023q/manifest.json'
For more information check: https://developer.mozilla.org/en-US/docs/Web/HTTP/Status/403",2026-07-17T14:06:45.188679
aurore1943,bpt6k38825039,,failed,0,0,,http_manifest,known,403,manifest,"Client error '403 ' for url 'https://openapiproext.bnf.fr/iiif/presentation/v3/ark:/12148/bpt6k38825039/manifest.json'
For more information check: https://developer.mozilla.org/en-US/docs/Web/HTTP/Status/403",2026-07-17T14:06:46.384084
aurore1943,bpt6k39610244,,failed,0,0,,http_manifest,known,403,manifest,"Client error '403 ' for url 'https://openapiproext.bnf.fr/iiif/presentation/v3/ark:/12148/bpt6k39610244/manifest.json'
For more information check: https://developer.mozilla.org/en-US/docs/Web/HTTP/Status/403",2026-07-17T14:06:47.587420
aurore1943,bpt6k3882504q,,failed,0,0,,http_manifest,known,403,manifest,"Client error '403 ' for url 'https://openapiproext.bnf.fr/iiif/presentation/v3/ark:/12148/bpt6k3882504q/manifest.json'
For more information check: https://developer.mozilla.org/en-US/docs/Web/HTTP/Status/403",2026-07-17T14:06:48.789650
aurore1943,bpt6k3961025j,,failed,0,0,,http_manifest,known,403,manifest,"Client error '403 ' for url 'https://openapiproext.bnf.fr/iiif/presentation/v3/ark:/12148/bpt6k3961025j/manifest.json'
For more information check: https://developer.mozilla.org/en-US/docs/Web/HTTP/Status/403",2026-07-17T14:06:49.989771
aurore1943,bpt6k38825054,,failed,0,0,,http_manifest,known,403,manifest,"Client error '403 ' for url 'https://openapiproext.bnf.fr/iiif/presentation/v3/ark:/12148/bpt6k38825054/manifest.json'
For more information check: https://developer.mozilla.org/en-US/docs/Web/HTTP/Status/403",2026-07-17T14:06:51.189292
aurore1943,bpt6k3961026z,,failed,0,0,,http_manifest,known,403,manifest,"Client error '403 ' for url 'https://openapiproext.bnf.fr/iiif/presentation/v3/ark:/12148/bpt6k3961026z/manifest.json'
For more information check: https://developer.mozilla.org/en-US/docs/Web/HTTP/Status/403",2026-07-17T14:06:52.387861
aurore1943,bpt6k3882506j,,failed,0,0,,http_manifest,known,403,manifest,"Client error '403 ' for url 'https://openapiproext.bnf.fr/iiif/presentation/v3/ark:/12148/bpt6k3882506j/manifest.json'
For more information check: https://developer.mozilla.org/en-US/docs/Web/HTTP/Status/403",2026-07-17T14:06:53.591915
aurore1943,bpt6k38825232,,failed,0,0,,http_manifest,known,403,manifest,"Client error '403 ' for url 'https://openapiproext.bnf.fr/iiif/presentation/v3/ark:/12148/bpt6k38825232/manifest.json'
For more information check: https://developer.mozilla.org/en-US/docs/Web/HTTP/Status/403",2026-07-17T14:06:54.832528
aurore1943,bpt6k3961027c,,failed,0,0,,http_manifest,known,403,manifest,"Client error '403 ' for url 'https://openapiproext.bnf.fr/iiif/presentation/v3/ark:/12148/bpt6k3961027c/manifest.json'
For more information check: https://developer.mozilla.org/en-US/docs/Web/HTTP/Status/403",2026-07-17T14:06:55.996120
aurore1943,bpt6k3882507z,,failed,0,0,,http_manifest,known,403,manifest,"Client error '403 ' for url 'https://openapiproext.bnf.fr/iiif/presentation/v3/ark:/12148/bpt6k3882507z/manifest.json'
For more information check: https://developer.mozilla.org/en-US/docs/Web/HTTP/Status/403",2026-07-17T14:06:57.202923
aurore1943,bpt6k3961028s,,failed,0,0,,http_manifest,known,403,manifest,"Client error '403 ' for url 'https://openapiproext.bnf.fr/iiif/presentation/v3/ark:/12148/bpt6k3961028s/manifest.json'
For more information check: https://developer.mozilla.org/en-US/docs/Web/HTTP/Status/403",2026-07-17T14:06:58.402069
aurore1943,bpt6k3882508c,,failed,0,0,,http_manifest,known,403,manifest,"Client error '403 ' for url 'https://openapiproext.bnf.fr/iiif/presentation/v3/ark:/12148/bpt6k3882508c/manifest.json'
For more information check: https://developer.mozilla.org/en-US/docs/Web/HTTP/Status/403",2026-07-17T14:06:59.758889
aurore1943,bpt6k39610296,,failed,0,0,,http_manifest,known,403,manifest,"Client error '403 ' for url 'https://openapiproext.bnf.fr/iiif/presentation/v3/ark:/12148/bpt6k39610296/manifest.json'
For more information check: https://developer.mozilla.org/en-US/docs/Web/HTTP/Status/403",2026-07-17T14:07:00.952583
aurore1943,bpt6k3882509s,,failed,0,0,,http_manifest,known,403,manifest,"Client error '403 ' for url 'https://openapiproext.bnf.fr/iiif/presentation/v3/ark:/12148/bpt6k3882509s/manifest.json'
For more information check: https://developer.mozilla.org/en-US/docs/Web/HTTP/Status/403",2026-07-17T14:07:02.032984
aurore1943,bpt6k3961030v,,failed,0,0,,http_manifest,known,403,manifest,"Client error '403 ' for url 'https://openapiproext.bnf.fr/iiif/presentation/v3/ark:/12148/bpt6k3961030v/manifest.json'
For more information check: https://developer.mozilla.org/en-US/docs/Web/HTTP/Status/403",2026-07-17T14:07:03.203497
aurore1943,bpt6k3882510f,,failed,0,0,,http_manifest,known,403,manifest,"Client error '403 ' for url 'https://openapiproext.bnf.fr/iiif/presentation/v3/ark:/12148/bpt6k3882510f/manifest.json'
For more information check: https://developer.mozilla.org/en-US/docs/Web/HTTP/Status/403",2026-07-17T14:07:04.501897
aurore1943,bpt6k39610318,,failed,0,0,,http_manifest,known,403,manifest,"Client error '403 ' for url 'https://openapiproext.bnf.fr/iiif/presentation/v3/ark:/12148/bpt6k39610318/manifest.json'
For more information check: https://developer.mozilla.org/en-US/docs/Web/HTTP/Status/403",2026-07-17T14:07:05.726672
aurore1943,bpt6k3882511v,,failed,0,0,,http_manifest,known,403,manifest,"Client error '403 ' for url 'https://openapiproext.bnf.fr/iiif/presentation/v3/ark:/12148/bpt6k3882511v/manifest.json'
For more information check: https://developer.mozilla.org/en-US/docs/Web/HTTP/Status/403",2026-07-17T14:07:06.948764
aurore1943,bpt6k3961032p,,failed,0,0,,http_manifest,known,403,manifest,"Client error '403 ' for url 'https://openapiproext.bnf.fr/iiif/presentation/v3/ark:/12148/bpt6k3961032p/manifest.json'
For more information check: https://developer.mozilla.org/en-US/docs/Web/HTTP/Status/403",2026-07-17T14:07:08.028179
aurore1943,bpt6k38825128,,failed,0,0,,http_manifest,known,403,manifest,"Client error '403 ' for url 'https://openapiproext.bnf.fr/iiif/presentation/v3/ark:/12148/bpt6k38825128/manifest.json'
For more information check: https://developer.mozilla.org/en-US/docs/Web/HTTP/Status/403",2026-07-17T14:07:09.416762
aurore1943,bpt6k39610333,,failed,0,0,,http_manifest,known,403,manifest,"Client error '403 ' for url 'https://openapiproext.bnf.fr/iiif/presentation/v3/ark:/12148/bpt6k39610333/manifest.json'
For more information check: https://developer.mozilla.org/en-US/docs/Web/HTTP/Status/403",2026-07-17T14:07:10.420361
aurore1943,bpt6k3882513p,,failed,0,0,,http_manifest,known,403,manifest,"Client error '403 ' for url 'https://openapiproext.bnf.fr/iiif/presentation/v3/ark:/12148/bpt6k3882513p/manifest.json'
For more information check: https://developer.mozilla.org/en-US/docs/Web/HTTP/Status/403",2026-07-17T14:07:11.658283
aurore1943,bpt6k3961034h,,failed,0,0,,http_manifest,known,403,manifest,"Client error '403 ' for url 'https://openapiproext.bnf.fr/iiif/presentation/v3/ark:/12148/bpt6k3961034h/manifest.json'
For more information check: https://developer.mozilla.org/en-US/docs/Web/HTTP/Status/403",2026-07-17T14:07:13.158758
aurore1943,bpt6k38825143,,failed,0,0,,http_manifest,known,403,manifest,"Client error '403 ' for url 'https://openapiproext.bnf.fr/iiif/presentation/v3/ark:/12148/bpt6k38825143/manifest.json'
For more information check: https://developer.mozilla.org/en-US/docs/Web/HTTP/Status/403",2026-07-17T14:07:14.157011
aurore1943,bpt6k3961035x,,failed,0,0,,http_manifest,known,403,manifest,"Client error '403 ' for url 'https://openapiproext.bnf.fr/iiif/presentation/v3/ark:/12148/bpt6k3961035x/manifest.json'
For more information check: https://developer.mozilla.org/en-US/docs/Web/HTTP/Status/403",2026-07-17T14:07:15.323139
aurore1943,bpt6k3882515h,,failed,0,0,,http_manifest,known,403,manifest,"Client error '403 ' for url 'https://openapiproext.bnf.fr/iiif/presentation/v3/ark:/12148/bpt6k3882515h/manifest.json'
For more information check: https://developer.mozilla.org/en-US/docs/Web/HTTP/Status/403",2026-07-17T14:07:16.433182
aurore1943,bpt6k3961036b,,failed,0,0,,http_manifest,known,403,manifest,"Client error '403 ' for url 'https://openapiproext.bnf.fr/iiif/presentation/v3/ark:/12148/bpt6k3961036b/manifest.json'
For more information check: https://developer.mozilla.org/en-US/docs/Web/HTTP/Status/403",2026-07-17T14:07:17.714160
aurore1943,bpt6k3882516x,,failed,0,0,,http_manifest,known,403,manifest,"Client error '403 ' for url 'https://openapiproext.bnf.fr/iiif/presentation/v3/ark:/12148/bpt6k3882516x/manifest.json'
For more information check: https://developer.mozilla.org/en-US/docs/Web/HTTP/Status/403",2026-07-17T14:07:18.841847
aurore1943,bpt6k3961037r,,failed,0,0,,http_manifest,known,403,manifest,"Client error '403 ' for url 'https://openapiproext.bnf.fr/iiif/presentation/v3/ark:/12148/bpt6k3961037r/manifest.json'
For more information check: https://developer.mozilla.org/en-US/docs/Web/HTTP/Status/403",2026-07-17T14:07:20.029439
aurore1943,bpt6k3882517b,,failed,0,0,,http_manifest,known,403,manifest,"Client error '403 ' for url 'https://openapiproext.bnf.fr/iiif/presentation/v3/ark:/12148/bpt6k3882517b/manifest.json'
For more information check: https://developer.mozilla.org/en-US/docs/Web/HTTP/Status/403",2026-07-17T14:07:21.227929
aurore1943,bpt6k39610385,,failed,0,0,,http_manifest,known,403,manifest,"Client error '403 ' for url 'https://openapiproext.bnf.fr/iiif/presentation/v3/ark:/12148/bpt6k39610385/manifest.json'
For more information check: https://developer.mozilla.org/en-US/docs/Web/HTTP/Status/403",2026-07-17T14:07:22.430650
aurore1943,bpt6k3882518r,,failed,0,0,,http_manifest,known,403,manifest,"Client error '403 ' for url 'https://openapiproext.bnf.fr/iiif/presentation/v3/ark:/12148/bpt6k3882518r/manifest.json'
For more information check: https://developer.mozilla.org/en-US/docs/Web/HTTP/Status/403",2026-07-17T14:07:23.648573
aurore1943,bpt6k3961039k,,failed,0,0,,http_manifest,known,403,manifest,"Client error '403 ' for url 'https://openapiproext.bnf.fr/iiif/presentation/v3/ark:/12148/bpt6k3961039k/manifest.json'
For more information check: https://developer.mozilla.org/en-US/docs/Web/HTTP/Status/403",2026-07-17T14:07:24.835031
aurore1943,bpt6k38825195,,failed,0,0,,http_manifest,known,403,manifest,"Client error '403 ' for url 'https://openapiproext.bnf.fr/iiif/presentation/v3/ark:/12148/bpt6k38825195/manifest.json'
For more information check: https://developer.mozilla.org/en-US/docs/Web/HTTP/Status/403",2026-07-17T14:07:26.037525
aurore1943,bpt6k39610407,,failed,0,0,,http_manifest,known,403,manifest,"Client error '403 ' for url 'https://openapiproext.bnf.fr/iiif/presentation/v3/ark:/12148/bpt6k39610407/manifest.json'
For more information check: https://developer.mozilla.org/en-US/docs/Web/HTTP/Status/403",2026-07-17T14:07:27.262751
aurore1943,bpt6k3882520t,,failed,0,0,,http_manifest,known,403,manifest,"Client error '403 ' for url 'https://openapiproext.bnf.fr/iiif/presentation/v3/ark:/12148/bpt6k3882520t/manifest.json'
For more information check: https://developer.mozilla.org/en-US/docs/Web/HTTP/Status/403",2026-07-17T14:07:28.441854
aurore1943,bpt6k3961041n,,failed,0,0,,http_manifest,known,403,manifest,"Client error '403 ' for url 'https://openapiproext.bnf.fr/iiif/presentation/v3/ark:/12148/bpt6k3961041n/manifest.json'
For more information check: https://developer.mozilla.org/en-US/docs/Web/HTTP/Status/403",2026-07-17T14:07:29.648417
aurore1943,bpt6k38825217,,failed,0,0,,http_manifest,known,403,manifest,"Client error '403 ' for url 'https://openapiproext.bnf.fr/iiif/presentation/v3/ark:/12148/bpt6k38825217/manifest.json'
For more information check: https://developer.mozilla.org/en-US/docs/Web/HTTP/Status/403",2026-07-17T14:07:30.870842
aurore1943,bpt6k39610422,,failed,0,0,,http_manifest,known,403,manifest,"Client error '403 ' for url 'https://openapiproext.bnf.fr/iiif/presentation/v3/ark:/12148/bpt6k39610422/manifest.json'
For more information check: https://developer.mozilla.org/en-US/docs/Web/HTTP/Status/403",2026-07-17T14:07:32.042907
aurore1943,bpt6k3882522n,,failed,0,0,,http_manifest,known,403,manifest,"Client error '403 ' for url 'https://openapiproext.bnf.fr/iiif/presentation/v3/ark:/12148/bpt6k3882522n/manifest.json'
For more information check: https://developer.mozilla.org/en-US/docs/Web/HTTP/Status/403",2026-07-17T14:07:33.241429
aurore1943,bpt6k3961043g,,failed,0,0,,http_manifest,known,403,manifest,"Client error '403 ' for url 'https://openapiproext.bnf.fr/iiif/presentation/v3/ark:/12148/bpt6k3961043g/manifest.json'
For more information check: https://developer.mozilla.org/en-US/docs/Web/HTTP/Status/403",2026-07-17T14:07:34.452889
aurore1943,bpt6k39610511,,failed,0,0,,http_manifest,known,403,manifest,"Client error '403 ' for url 'https://openapiproext.bnf.fr/iiif/presentation/v3/ark:/12148/bpt6k39610511/manifest.json'
For more information check: https://developer.mozilla.org/en-US/docs/Web/HTTP/Status/403",2026-07-17T14:07:35.645127
aurore1943,bpt6k3882531m,,failed,0,0,,http_manifest,known,403,manifest,"Client error '403 ' for url 'https://openapiproext.bnf.fr/iiif/presentation/v3/ark:/12148/bpt6k3882531m/manifest.json'
For more information check: https://developer.mozilla.org/en-US/docs/Web/HTTP/Status/403",2026-07-17T14:07:36.865259
aurore1943,bpt6k3961052f,,failed,0,0,,http_manifest,known,403,manifest,"Client error '403 ' for url 'https://openapiproext.bnf.fr/iiif/presentation/v3/ark:/12148/bpt6k3961052f/manifest.json'
For more information check: https://developer.mozilla.org/en-US/docs/Web/HTTP/Status/403",2026-07-17T14:07:38.048887
aurore1943,bpt6k38825321,,failed,0,0,,http_manifest,known,403,manifest,"Client error '403 ' for url 'https://openapiproext.bnf.fr/iiif/presentation/v3/ark:/12148/bpt6k38825321/manifest.json'
For more information check: https://developer.mozilla.org/en-US/docs/Web/HTTP/Status/403",2026-07-17T14:07:39.250938
aurore1943,bpt6k3961053v,,failed,0,0,,http_manifest,known,403,manifest,"Client error '403 ' for url 'https://openapiproext.bnf.fr/iiif/presentation/v3/ark:/12148/bpt6k3961053v/manifest.json'
For more information check: https://developer.mozilla.org/en-US/docs/Web/HTTP/Status/403",2026-07-17T14:07:40.453089
aurore1943,bpt6k3882533f,,failed,0,0,,http_manifest,known,403,manifest,"Client error '403 ' for url 'https://openapiproext.bnf.fr/iiif/presentation/v3/ark:/12148/bpt6k3882533f/manifest.json'
For more information check: https://developer.mozilla.org/en-US/docs/Web/HTTP/Status/403",2026-07-17T14:07:41.651910
aurore1943,bpt6k39610548,,failed,0,0,,http_manifest,known,403,manifest,"Client error '403 ' for url 'https://openapiproext.bnf.fr/iiif/presentation/v3/ark:/12148/bpt6k39610548/manifest.json'
For more information check: https://developer.mozilla.org/en-US/docs/Web/HTTP/Status/403",2026-07-17T14:07:42.860525
aurore1943,bpt6k3882534v,,failed,0,0,,http_manifest,known,403,manifest,"Client error '403 ' for url 'https://openapiproext.bnf.fr/iiif/presentation/v3/ark:/12148/bpt6k3882534v/manifest.json'
For more information check: https://developer.mozilla.org/en-US/docs/Web/HTTP/Status/403",2026-07-17T14:07:44.173837
aurore1943,bpt6k3961055p,,failed,0,0,,http_manifest,known,403,manifest,"Client error '403 ' for url 'https://openapiproext.bnf.fr/iiif/presentation/v3/ark:/12148/bpt6k3961055p/manifest.json'
For more information check: https://developer.mozilla.org/en-US/docs/Web/HTTP/Status/403",2026-07-17T14:07:45.267170
aurore1943,bpt6k38825358,,failed,0,0,,http_manifest,known,403,manifest,"Client error '403 ' for url 'https://openapiproext.bnf.fr/iiif/presentation/v3/ark:/12148/bpt6k38825358/manifest.json'
For more information check: https://developer.mozilla.org/en-US/docs/Web/HTTP/Status/403",2026-07-17T14:07:46.471872
aurore1943,bpt6k39610563,,failed,0,0,,http_manifest,known,403,manifest,"Client error '403 ' for url 'https://openapiproext.bnf.fr/iiif/presentation/v3/ark:/12148/bpt6k39610563/manifest.json'
For more information check: https://developer.mozilla.org/en-US/docs/Web/HTTP/Status/403",2026-07-17T14:07:47.668513
aurore1943,bpt6k3882536p,,failed,0,0,,http_manifest,known,403,manifest,"Client error '403 ' for url 'https://openapiproext.bnf.fr/iiif/presentation/v3/ark:/12148/bpt6k3882536p/manifest.json'
For more information check: https://developer.mozilla.org/en-US/docs/Web/HTTP/Status/403",2026-07-17T14:07:48.880089
aurore1943,bpt6k3961057h,,failed,0,0,,http_manifest,known,403,manifest,"Client error '403 ' for url 'https://openapiproext.bnf.fr/iiif/presentation/v3/ark:/12148/bpt6k3961057h/manifest.json'
For more information check: https://developer.mozilla.org/en-US/docs/Web/HTTP/Status/403",2026-07-17T14:07:50.072221
aurore1943,bpt6k38825373,,failed,0,0,,http_manifest,known,403,manifest,"Client error '403 ' for url 'https://openapiproext.bnf.fr/iiif/presentation/v3/ark:/12148/bpt6k38825373/manifest.json'
For more information check: https://developer.mozilla.org/en-US/docs/Web/HTTP/Status/403",2026-07-17T14:07:51.289521
aurore1943,bpt6k3961058x,,failed,0,0,,http_manifest,known,403,manifest,"Client error '403 ' for url 'https://openapiproext.bnf.fr/iiif/presentation/v3/ark:/12148/bpt6k3961058x/manifest.json'
For more information check: https://developer.mozilla.org/en-US/docs/Web/HTTP/Status/403",2026-07-17T14:07:52.476946
aurore1943,bpt6k3882538h,,failed,0,0,,http_manifest,known,403,manifest,"Client error '403 ' for url 'https://openapiproext.bnf.fr/iiif/presentation/v3/ark:/12148/bpt6k3882538h/manifest.json'
For more information check: https://developer.mozilla.org/en-US/docs/Web/HTTP/Status/403",2026-07-17T14:07:53.669239
aurore1943,bpt6k3961059b,,failed,0,0,,http_manifest,known,403,manifest,"Client error '403 ' for url 'https://openapiproext.bnf.fr/iiif/presentation/v3/ark:/12148/bpt6k3961059b/manifest.json'
For more information check: https://developer.mozilla.org/en-US/docs/Web/HTTP/Status/403",2026-07-17T14:07:54.877078
aurore1943,bpt6k39613386,,failed,0,0,,http_manifest,known,403,manifest,"Client error '403 ' for url 'https://openapiproext.bnf.fr/iiif/presentation/v3/ark:/12148/bpt6k39613386/manifest.json'
For more information check: https://developer.mozilla.org/en-US/docs/Web/HTTP/Status/403",2026-07-17T14:07:56.077203
aurore1943,bpt6k3882539x,,failed,0,0,,http_manifest,known,403,manifest,"Client error '403 ' for url 'https://openapiproext.bnf.fr/iiif/presentation/v3/ark:/12148/bpt6k3882539x/manifest.json'
For more information check: https://developer.mozilla.org/en-US/docs/Web/HTTP/Status/403",2026-07-17T14:07:57.282598
aurore1943,bpt6k39610600,,failed,0,0,,http_manifest,known,403,manifest,"Client error '403 ' for url 'https://openapiproext.bnf.fr/iiif/presentation/v3/ark:/12148/bpt6k39610600/manifest.json'
For more information check: https://developer.mozilla.org/en-US/docs/Web/HTTP/Status/403",2026-07-17T14:07:58.754584
aurore1943,bpt6k3882540k,,failed,0,0,,http_manifest,known,403,manifest,"Client error '403 ' for url 'https://openapiproext.bnf.fr/iiif/presentation/v3/ark:/12148/bpt6k3882540k/manifest.json'
For more information check: https://developer.mozilla.org/en-US/docs/Web/HTTP/Status/403",2026-07-17T14:07:59.836411
aurore1943,bpt6k3961061d,,failed,0,0,,http_manifest,known,403,manifest,"Client error '403 ' for url 'https://openapiproext.bnf.fr/iiif/presentation/v3/ark:/12148/bpt6k3961061d/manifest.json'
For more information check: https://developer.mozilla.org/en-US/docs/Web/HTTP/Status/403",2026-07-17T14:08:00.950632
aurore1943,bpt6k38825410,,failed,0,0,,http_manifest,known,403,manifest,"Client error '403 ' for url 'https://openapiproext.bnf.fr/iiif/presentation/v3/ark:/12148/bpt6k38825410/manifest.json'
For more information check: https://developer.mozilla.org/en-US/docs/Web/HTTP/Status/403",2026-07-17T14:08:02.130106
aurore1943,bpt6k3961062t,,failed,0,0,,http_manifest,known,403,manifest,"Client error '403 ' for url 'https://openapiproext.bnf.fr/iiif/presentation/v3/ark:/12148/bpt6k3961062t/manifest.json'
For more information check: https://developer.mozilla.org/en-US/docs/Web/HTTP/Status/403",2026-07-17T14:08:03.287131
aurore1943,bpt6k3882542d,,failed,0,0,,http_manifest,known,403,manifest,"Client error '403 ' for url 'https://openapiproext.bnf.fr/iiif/presentation/v3/ark:/12148/bpt6k3882542d/manifest.json'
For more information check: https://developer.mozilla.org/en-US/docs/Web/HTTP/Status/403",2026-07-17T14:08:04.526383
aurore1943,bpt6k39610637,,failed,0,0,,http_manifest,known,403,manifest,"Client error '403 ' for url 'https://openapiproext.bnf.fr/iiif/presentation/v3/ark:/12148/bpt6k39610637/manifest.json'
For more information check: https://developer.mozilla.org/en-US/docs/Web/HTTP/Status/403",2026-07-17T14:08:05.800833
aurore1943,bpt6k3882543t,,failed,0,0,,http_manifest,known,403,manifest,"Client error '403 ' for url 'https://openapiproext.bnf.fr/iiif/presentation/v3/ark:/12148/bpt6k3882543t/manifest.json'
For more information check: https://developer.mozilla.org/en-US/docs/Web/HTTP/Status/403",2026-07-17T14:08:06.924404
aurore1943,bpt6k3961064n,,failed,0,0,,http_manifest,known,403,manifest,"Client error '403 ' for url 'https://openapiproext.bnf.fr/iiif/presentation/v3/ark:/12148/bpt6k3961064n/manifest.json'
For more information check: https://developer.mozilla.org/en-US/docs/Web/HTTP/Status/403",2026-07-17T14:08:08.094075
aurore1943,bpt6k38825447,,failed,0,0,,http_manifest,known,403,manifest,"Client error '403 ' for url 'https://openapiproext.bnf.fr/iiif/presentation/v3/ark:/12148/bpt6k38825447/manifest.json'
For more information check: https://developer.mozilla.org/en-US/docs/Web/HTTP/Status/403",2026-07-17T14:08:09.296404
aurore1943,bpt6k39610652,,failed,0,0,,http_manifest,known,403,manifest,"Client error '403 ' for url 'https://openapiproext.bnf.fr/iiif/presentation/v3/ark:/12148/bpt6k39610652/manifest.json'
For more information check: https://developer.mozilla.org/en-US/docs/Web/HTTP/Status/403",2026-07-17T14:08:10.500865
aurore1943,bpt6k3882545n,,failed,0,0,,http_manifest,known,403,manifest,"Client error '403 ' for url 'https://openapiproext.bnf.fr/iiif/presentation/v3/ark:/12148/bpt6k3882545n/manifest.json'
For more information check: https://developer.mozilla.org/en-US/docs/Web/HTTP/Status/403",2026-07-17T14:08:11.697691
aurore1943,bpt6k3961066g,,failed,0,0,,http_manifest,known,403,manifest,"Client error '403 ' for url 'https://openapiproext.bnf.fr/iiif/presentation/v3/ark:/12148/bpt6k3961066g/manifest.json'
For more information check: https://developer.mozilla.org/en-US/docs/Web/HTTP/Status/403",2026-07-17T14:08:12.936972
aurore1943,bpt6k38825462,,failed,0,0,,http_manifest,known,403,manifest,"Client error '403 ' for url 'https://openapiproext.bnf.fr/iiif/presentation/v3/ark:/12148/bpt6k38825462/manifest.json'
For more information check: https://developer.mozilla.org/en-US/docs/Web/HTTP/Status/403",2026-07-17T14:08:14.109381
aurore1943,bpt6k3961067w,,failed,0,0,,http_manifest,known,403,manifest,"Client error '403 ' for url 'https://openapiproext.bnf.fr/iiif/presentation/v3/ark:/12148/bpt6k3961067w/manifest.json'
For more information check: https://developer.mozilla.org/en-US/docs/Web/HTTP/Status/403",2026-07-17T14:08:15.323459
aurore1943,bpt6k3882547g,,failed,0,0,,http_manifest,known,403,manifest,"Client error '403 ' for url 'https://openapiproext.bnf.fr/iiif/presentation/v3/ark:/12148/bpt6k3882547g/manifest.json'
For more information check: https://developer.mozilla.org/en-US/docs/Web/HTTP/Status/403",2026-07-17T14:08:16.646282
aurore1943,bpt6k39610689,,failed,0,0,,http_manifest,known,403,manifest,"Client error '403 ' for url 'https://openapiproext.bnf.fr/iiif/presentation/v3/ark:/12148/bpt6k39610689/manifest.json'
For more information check: https://developer.mozilla.org/en-US/docs/Web/HTTP/Status/403",2026-07-17T14:08:17.902492
aurore1943,bpt6k3882548w,,failed,0,0,,http_manifest,known,403,manifest,"Client error '403 ' for url 'https://openapiproext.bnf.fr/iiif/presentation/v3/ark:/12148/bpt6k3882548w/manifest.json'
For more information check: https://developer.mozilla.org/en-US/docs/Web/HTTP/Status/403",2026-07-17T14:08:18.929406
aurore1943,bpt6k3961069q,,failed,0,0,,http_manifest,known,403,manifest,"Client error '403 ' for url 'https://openapiproext.bnf.fr/iiif/presentation/v3/ark:/12148/bpt6k3961069q/manifest.json'
For more information check: https://developer.mozilla.org/en-US/docs/Web/HTTP/Status/403",2026-07-17T14:08:20.111069
aurore1943,bpt6k38825499,,failed,0,0,,http_manifest,known,403,manifest,"Client error '403 ' for url 'https://openapiproext.bnf.fr/iiif/presentation/v3/ark:/12148/bpt6k38825499/manifest.json'
For more information check: https://developer.mozilla.org/en-US/docs/Web/HTTP/Status/403",2026-07-17T14:08:21.312766
aurore1943,bpt6k3961070c,,failed,0,0,,http_manifest,known,403,manifest,"Client error '403 ' for url 'https://openapiproext.bnf.fr/iiif/presentation/v3/ark:/12148/bpt6k3961070c/manifest.json'
For more information check: https://developer.mozilla.org/en-US/docs/Web/HTTP/Status/403",2026-07-17T14:08:22.512276
aurore1943,bpt6k3882550z,,failed,0,0,,http_manifest,known,403,manifest,"Client error '403 ' for url 'https://openapiproext.bnf.fr/iiif/presentation/v3/ark:/12148/bpt6k3882550z/manifest.json'
For more information check: https://developer.mozilla.org/en-US/docs/Web/HTTP/Status/403",2026-07-17T14:08:23.720217
aurore1943,bpt6k3961071s,,failed,0,0,,http_manifest,known,403,manifest,"Client error '403 ' for url 'https://openapiproext.bnf.fr/iiif/presentation/v3/ark:/12148/bpt6k3961071s/manifest.json'
For more information check: https://developer.mozilla.org/en-US/docs/Web/HTTP/Status/403",2026-07-17T14:08:24.922629
aurore1943,bpt6k3882551c,,failed,0,0,,http_manifest,known,403,manifest,"Client error '403 ' for url 'https://openapiproext.bnf.fr/iiif/presentation/v3/ark:/12148/bpt6k3882551c/manifest.json'
For more information check: https://developer.mozilla.org/en-US/docs/Web/HTTP/Status/403",2026-07-17T14:08:26.130840
aurore1943,bpt6k39610726,,failed,0,0,,http_manifest,known,403,manifest,"Client error '403 ' for url 'https://openapiproext.bnf.fr/iiif/presentation/v3/ark:/12148/bpt6k39610726/manifest.json'
For more information check: https://developer.mozilla.org/en-US/docs/Web/HTTP/Status/403",2026-07-17T14:08:27.320063
aurore1943,bpt6k3882552s,,failed,0,0,,http_manifest,known,403,manifest,"Client error '403 ' for url 'https://openapiproext.bnf.fr/iiif/presentation/v3/ark:/12148/bpt6k3882552s/manifest.json'
For more information check: https://developer.mozilla.org/en-US/docs/Web/HTTP/Status/403",2026-07-17T14:08:28.523183
aurore1943,bpt6k3961073m,,failed,0,0,,http_manifest,known,403,manifest,"Client error '403 ' for url 'https://openapiproext.bnf.fr/iiif/presentation/v3/ark:/12148/bpt6k3961073m/manifest.json'
For more information check: https://developer.mozilla.org/en-US/docs/Web/HTTP/Status/403",2026-07-17T14:08:29.733487
aurore1943,bpt6k38825536,,failed,0,0,,http_manifest,known,403,manifest,"Client error '403 ' for url 'https://openapiproext.bnf.fr/iiif/presentation/v3/ark:/12148/bpt6k38825536/manifest.json'
For more information check: https://developer.mozilla.org/en-US/docs/Web/HTTP/Status/403",2026-07-17T14:08:30.939874
aurore1943,bpt6k39610741,,failed,0,0,,http_manifest,known,403,manifest,"Client error '403 ' for url 'https://openapiproext.bnf.fr/iiif/presentation/v3/ark:/12148/bpt6k39610741/manifest.json'
For more information check: https://developer.mozilla.org/en-US/docs/Web/HTTP/Status/403",2026-07-17T14:08:32.222716
aurore1943,bpt6k3882554m,,failed,0,0,,http_manifest,known,403,manifest,"Client error '403 ' for url 'https://openapiproext.bnf.fr/iiif/presentation/v3/ark:/12148/bpt6k3882554m/manifest.json'
For more information check: https://developer.mozilla.org/en-US/docs/Web/HTTP/Status/403",2026-07-17T14:08:33.332613
aurore1943,bpt6k3961075f,,failed,0,0,,http_manifest,known,403,manifest,"Client error '403 ' for url 'https://openapiproext.bnf.fr/iiif/presentation/v3/ark:/12148/bpt6k3961075f/manifest.json'
For more information check: https://developer.mozilla.org/en-US/docs/Web/HTTP/Status/403",2026-07-17T14:08:34.541122
aurore1943,bpt6k38825551,,failed,0,0,,http_manifest,known,403,manifest,"Client error '403 ' for url 'https://openapiproext.bnf.fr/iiif/presentation/v3/ark:/12148/bpt6k38825551/manifest.json'
For more information check: https://developer.mozilla.org/en-US/docs/Web/HTTP/Status/403",2026-07-17T14:08:35.733894
aurore1943,bpt6k3961076v,,failed,0,0,,http_manifest,known,403,manifest,"Client error '403 ' for url 'https://openapiproext.bnf.fr/iiif/presentation/v3/ark:/12148/bpt6k3961076v/manifest.json'
For more information check: https://developer.mozilla.org/en-US/docs/Web/HTTP/Status/403",2026-07-17T14:08:36.956200
aurore1943,bpt6k3882556f,,failed,0,0,,http_manifest,known,403,manifest,"Client error '403 ' for url 'https://openapiproext.bnf.fr/iiif/presentation/v3/ark:/12148/bpt6k3882556f/manifest.json'
For more information check: https://developer.mozilla.org/en-US/docs/Web/HTTP/Status/403",2026-07-17T14:08:38.135961
aurore1943,bpt6k39610778,,failed,0,0,,http_manifest,known,403,manifest,"Client error '403 ' for url 'https://openapiproext.bnf.fr/iiif/presentation/v3/ark:/12148/bpt6k39610778/manifest.json'
For more information check: https://developer.mozilla.org/en-US/docs/Web/HTTP/Status/403",2026-07-17T14:08:39.338467
aurore1943,bpt6k3882557v,,failed,0,0,,http_manifest,known,403,manifest,"Client error '403 ' for url 'https://openapiproext.bnf.fr/iiif/presentation/v3/ark:/12148/bpt6k3882557v/manifest.json'
For more information check: https://developer.mozilla.org/en-US/docs/Web/HTTP/Status/403",2026-07-17T14:08:40.537307
aurore1943,bpt6k3961078p,,failed,0,0,,http_manifest,known,403,manifest,"Client error '403 ' for url 'https://openapiproext.bnf.fr/iiif/presentation/v3/ark:/12148/bpt6k3961078p/manifest.json'
For more information check: https://developer.mozilla.org/en-US/docs/Web/HTTP/Status/403",2026-07-17T14:08:41.751748
aurore1943,bpt6k38825588,,failed,0,0,,http_manifest,known,403,manifest,"Client error '403 ' for url 'https://openapiproext.bnf.fr/iiif/presentation/v3/ark:/12148/bpt6k38825588/manifest.json'
For more information check: https://developer.mozilla.org/en-US/docs/Web/HTTP/Status/403",2026-07-17T14:08:42.944984
aurore1943,bpt6k39610793,,failed,0,0,,http_manifest,known,403,manifest,"Client error '403 ' for url 'https://openapiproext.bnf.fr/iiif/presentation/v3/ark:/12148/bpt6k39610793/manifest.json'
For more information check: https://developer.mozilla.org/en-US/docs/Web/HTTP/Status/403",2026-07-17T14:08:44.149483
aurore1943,bpt6k3882559p,,failed,0,0,,http_manifest,known,403,manifest,"Client error '403 ' for url 'https://openapiproext.bnf.fr/iiif/presentation/v3/ark:/12148/bpt6k3882559p/manifest.json'
For more information check: https://developer.mozilla.org/en-US/docs/Web/HTTP/Status/403",2026-07-17T14:08:45.348102
aurore1943,bpt6k3961080r,,failed,0,0,,http_manifest,known,403,manifest,"Client error '403 ' for url 'https://openapiproext.bnf.fr/iiif/presentation/v3/ark:/12148/bpt6k3961080r/manifest.json'
For more information check: https://developer.mozilla.org/en-US/docs/Web/HTTP/Status/403",2026-07-17T14:08:46.548530
aurore1943,bpt6k3882560b,,failed,0,0,,http_manifest,known,403,manifest,"Client error '403 ' for url 'https://openapiproext.bnf.fr/iiif/presentation/v3/ark:/12148/bpt6k3882560b/manifest.json'
For more information check: https://developer.mozilla.org/en-US/docs/Web/HTTP/Status/403",2026-07-17T14:08:47.891815
aurore1943,bpt6k39610815,,failed,0,0,,http_manifest,known,403,manifest,"Client error '403 ' for url 'https://openapiproext.bnf.fr/iiif/presentation/v3/ark:/12148/bpt6k39610815/manifest.json'
For more information check: https://developer.mozilla.org/en-US/docs/Web/HTTP/Status/403",2026-07-17T14:08:48.975560
aurore1943,bpt6k3882561r,,failed,0,0,,http_manifest,known,403,manifest,"Client error '403 ' for url 'https://openapiproext.bnf.fr/iiif/presentation/v3/ark:/12148/bpt6k3882561r/manifest.json'
For more information check: https://developer.mozilla.org/en-US/docs/Web/HTTP/Status/403",2026-07-17T14:08:50.150236
aurore1943,bpt6k3961082k,,failed,0,0,,http_manifest,known,403,manifest,"Client error '403 ' for url 'https://openapiproext.bnf.fr/iiif/presentation/v3/ark:/12148/bpt6k3961082k/manifest.json'
For more information check: https://developer.mozilla.org/en-US/docs/Web/HTTP/Status/403",2026-07-17T14:08:51.357113
aurore1943,bpt6k38825625,,failed,0,0,,http_manifest,known,403,manifest,"Client error '403 ' for url 'https://openapiproext.bnf.fr/iiif/presentation/v3/ark:/12148/bpt6k38825625/manifest.json'
For more information check: https://developer.mozilla.org/en-US/docs/Web/HTTP/Status/403",2026-07-17T14:08:52.561204
aurore1943,bpt6k39610830,,failed,0,0,,http_manifest,known,403,manifest,"Client error '403 ' for url 'https://openapiproext.bnf.fr/iiif/presentation/v3/ark:/12148/bpt6k39610830/manifest.json'
For more information check: https://developer.mozilla.org/en-US/docs/Web/HTTP/Status/403",2026-07-17T14:08:53.756382
aurore1943,bpt6k3882563k,,failed,0,0,,http_manifest,known,403,manifest,"Client error '403 ' for url 'https://openapiproext.bnf.fr/iiif/presentation/v3/ark:/12148/bpt6k3882563k/manifest.json'
For more information check: https://developer.mozilla.org/en-US/docs/Web/HTTP/Status/403",2026-07-17T14:08:54.958219
aurore1943,bpt6k3961084d,,failed,0,0,,http_manifest,known,403,manifest,"Client error '403 ' for url 'https://openapiproext.bnf.fr/iiif/presentation/v3/ark:/12148/bpt6k3961084d/manifest.json'
For more information check: https://developer.mozilla.org/en-US/docs/Web/HTTP/Status/403",2026-07-17T14:08:56.174098
aurore1943,bpt6k38825640,,failed,0,0,,http_manifest,known,403,manifest,"Client error '403 ' for url 'https://openapiproext.bnf.fr/iiif/presentation/v3/ark:/12148/bpt6k38825640/manifest.json'
For more information check: https://developer.mozilla.org/en-US/docs/Web/HTTP/Status/403",2026-07-17T14:08:57.667769
aurore1943,bpt6k3961085t,,failed,0,0,,http_manifest,known,403,manifest,"Client error '403 ' for url 'https://openapiproext.bnf.fr/iiif/presentation/v3/ark:/12148/bpt6k3961085t/manifest.json'
For more information check: https://developer.mozilla.org/en-US/docs/Web/HTTP/Status/403",2026-07-17T14:08:58.744627
aurore1943,bpt6k3882565d,,failed,0,0,,http_manifest,known,403,manifest,"Client error '403 ' for url 'https://openapiproext.bnf.fr/iiif/presentation/v3/ark:/12148/bpt6k3882565d/manifest.json'
For more information check: https://developer.mozilla.org/en-US/docs/Web/HTTP/Status/403",2026-07-17T14:08:59.768283
aurore1943,bpt6k39610867,,failed,0,0,,http_manifest,known,403,manifest,"Client error '403 ' for url 'https://openapiproext.bnf.fr/iiif/presentation/v3/ark:/12148/bpt6k39610867/manifest.json'
For more information check: https://developer.mozilla.org/en-US/docs/Web/HTTP/Status/403",2026-07-17T14:09:01.226730
aurore1943,bpt6k3882566t,,failed,0,0,,http_manifest,known,403,manifest,"Client error '403 ' for url 'https://openapiproext.bnf.fr/iiif/presentation/v3/ark:/12148/bpt6k3882566t/manifest.json'
For more information check: https://developer.mozilla.org/en-US/docs/Web/HTTP/Status/403",2026-07-17T14:09:02.206308
aurore1943,bpt6k3961087n,,failed,0,0,,http_manifest,known,403,manifest,"Client error '403 ' for url 'https://openapiproext.bnf.fr/iiif/presentation/v3/ark:/12148/bpt6k3961087n/manifest.json'
For more information check: https://developer.mozilla.org/en-US/docs/Web/HTTP/Status/403",2026-07-17T14:09:03.383508
aurore1943,bpt6k38825677,,failed,0,0,,http_manifest,known,403,manifest,"Client error '403 ' for url 'https://openapiproext.bnf.fr/iiif/presentation/v3/ark:/12148/bpt6k38825677/manifest.json'
For more information check: https://developer.mozilla.org/en-US/docs/Web/HTTP/Status/403",2026-07-17T14:09:04.746632
aurore1943,bpt6k39610882,,failed,0,0,,http_manifest,known,403,manifest,"Client error '403 ' for url 'https://openapiproext.bnf.fr/iiif/presentation/v3/ark:/12148/bpt6k39610882/manifest.json'
For more information check: https://developer.mozilla.org/en-US/docs/Web/HTTP/Status/403",2026-07-17T14:09:05.775977
aurore1943,bpt6k3882568n,,failed,0,0,,http_manifest,known,403,manifest,"Client error '403 ' for url 'https://openapiproext.bnf.fr/iiif/presentation/v3/ark:/12148/bpt6k3882568n/manifest.json'
For more information check: https://developer.mozilla.org/en-US/docs/Web/HTTP/Status/403",2026-07-17T14:09:06.976923
aurore1943,bpt6k3961089g,,failed,0,0,,http_manifest,known,403,manifest,"Client error '403 ' for url 'https://openapiproext.bnf.fr/iiif/presentation/v3/ark:/12148/bpt6k3961089g/manifest.json'
For more information check: https://developer.mozilla.org/en-US/docs/Web/HTTP/Status/403",2026-07-17T14:09:08.202300
aurore1943,bpt6k3882818s,,failed,0,0,,http_manifest,known,403,manifest,"Client error '403 ' for url 'https://openapiproext.bnf.fr/iiif/presentation/v3/ark:/12148/bpt6k3882818s/manifest.json'
For more information check: https://developer.mozilla.org/en-US/docs/Web/HTTP/Status/403",2026-07-17T14:09:09.480388
aurore1943,bpt6k38825692,,failed,0,0,,http_manifest,known,403,manifest,"Client error '403 ' for url 'https://openapiproext.bnf.fr/iiif/presentation/v3/ark:/12148/bpt6k38825692/manifest.json'
For more information check: https://developer.mozilla.org/en-US/docs/Web/HTTP/Status/403",2026-07-17T14:09:10.741678
aurore1943,bpt6k39610904,,failed,0,0,,http_manifest,known,403,manifest,"Client error '403 ' for url 'https://openapiproext.bnf.fr/iiif/presentation/v3/ark:/12148/bpt6k39610904/manifest.json'
For more information check: https://developer.mozilla.org/en-US/docs/Web/HTTP/Status/403",2026-07-17T14:09:11.870349
aurore1943,bpt6k3882570q,,failed,0,0,,http_manifest,known,403,manifest,"Client error '403 ' for url 'https://openapiproext.bnf.fr/iiif/presentation/v3/ark:/12148/bpt6k3882570q/manifest.json'
For more information check: https://developer.mozilla.org/en-US/docs/Web/HTTP/Status/403",2026-07-17T14:09:13.005391
aurore1943,bpt6k3961091j,,failed,0,0,,http_manifest,known,403,manifest,"Client error '403 ' for url 'https://openapiproext.bnf.fr/iiif/presentation/v3/ark:/12148/bpt6k3961091j/manifest.json'
For more information check: https://developer.mozilla.org/en-US/docs/Web/HTTP/Status/403",2026-07-17T14:09:14.231431
aurore1943,bpt6k38825714,,failed,0,0,,http_manifest,known,403,manifest,"Client error '403 ' for url 'https://openapiproext.bnf.fr/iiif/presentation/v3/ark:/12148/bpt6k38825714/manifest.json'
For more information check: https://developer.mozilla.org/en-US/docs/Web/HTTP/Status/403",2026-07-17T14:09:15.383523
aurore1943,bpt6k3961092z,,failed,0,0,,http_manifest,known,403,manifest,"Client error '403 ' for url 'https://openapiproext.bnf.fr/iiif/presentation/v3/ark:/12148/bpt6k3961092z/manifest.json'
For more information check: https://developer.mozilla.org/en-US/docs/Web/HTTP/Status/403",2026-07-17T14:09:16.660970
aurore1943,bpt6k3882572j,,failed,0,0,,http_manifest,known,403,manifest,"Client error '403 ' for url 'https://openapiproext.bnf.fr/iiif/presentation/v3/ark:/12148/bpt6k3882572j/manifest.json'
For more information check: https://developer.mozilla.org/en-US/docs/Web/HTTP/Status/403",2026-07-17T14:09:17.828922
aurore1943,bpt6k3961093c,,failed,0,0,,http_manifest,known,403,manifest,"Client error '403 ' for url 'https://openapiproext.bnf.fr/iiif/presentation/v3/ark:/12148/bpt6k3961093c/manifest.json'
For more information check: https://developer.mozilla.org/en-US/docs/Web/HTTP/Status/403",2026-07-17T14:09:18.993368
aurore1943,bpt6k3882573z,,failed,0,0,,http_manifest,known,403,manifest,"Client error '403 ' for url 'https://openapiproext.bnf.fr/iiif/presentation/v3/ark:/12148/bpt6k3882573z/manifest.json'
For more information check: https://developer.mozilla.org/en-US/docs/Web/HTTP/Status/403",2026-07-17T14:09:20.215678
aurore1943,bpt6k3961094s,,failed,0,0,,http_manifest,known,403,manifest,"Client error '403 ' for url 'https://openapiproext.bnf.fr/iiif/presentation/v3/ark:/12148/bpt6k3961094s/manifest.json'
For more information check: https://developer.mozilla.org/en-US/docs/Web/HTTP/Status/403",2026-07-17T14:09:21.395923
aurore1943,bpt6k3882574c,,failed,0,0,,http_manifest,known,403,manifest,"Client error '403 ' for url 'https://openapiproext.bnf.fr/iiif/presentation/v3/ark:/12148/bpt6k3882574c/manifest.json'
For more information check: https://developer.mozilla.org/en-US/docs/Web/HTTP/Status/403",2026-07-17T14:09:22.594980
aurore1943,bpt6k39610956,,failed,0,0,,http_manifest,known,403,manifest,"Client error '403 ' for url 'https://openapiproext.bnf.fr/iiif/presentation/v3/ark:/12148/bpt6k39610956/manifest.json'
For more information check: https://developer.mozilla.org/en-US/docs/Web/HTTP/Status/403",2026-07-17T14:09:23.799006
aurore1943,bpt6k3882575s,,failed,0,0,,http_manifest,known,403,manifest,"Client error '403 ' for url 'https://openapiproext.bnf.fr/iiif/presentation/v3/ark:/12148/bpt6k3882575s/manifest.json'
For more information check: https://developer.mozilla.org/en-US/docs/Web/HTTP/Status/403",2026-07-17T14:09:25.000673
aurore1943,bpt6k3961096m,,failed,0,0,,http_manifest,known,403,manifest,"Client error '403 ' for url 'https://openapiproext.bnf.fr/iiif/presentation/v3/ark:/12148/bpt6k3961096m/manifest.json'
For more information check: https://developer.mozilla.org/en-US/docs/Web/HTTP/Status/403",2026-07-17T14:09:26.223094
aurore1943,bpt6k38825766,,failed,0,0,,http_manifest,known,403,manifest,"Client error '403 ' for url 'https://openapiproext.bnf.fr/iiif/presentation/v3/ark:/12148/bpt6k38825766/manifest.json'
For more information check: https://developer.mozilla.org/en-US/docs/Web/HTTP/Status/403",2026-07-17T14:09:27.399096
aurore1943,bpt6k39610971,,failed,0,0,,http_manifest,known,403,manifest,"Client error '403 ' for url 'https://openapiproext.bnf.fr/iiif/presentation/v3/ark:/12148/bpt6k39610971/manifest.json'
For more information check: https://developer.mozilla.org/en-US/docs/Web/HTTP/Status/403",2026-07-17T14:09:28.598470
aurore1943,bpt6k3882577m,,failed,0,0,,http_manifest,known,403,manifest,"Client error '403 ' for url 'https://openapiproext.bnf.fr/iiif/presentation/v3/ark:/12148/bpt6k3882577m/manifest.json'
For more information check: https://developer.mozilla.org/en-US/docs/Web/HTTP/Status/403",2026-07-17T14:09:29.807630
aurore1943,bpt6k3961098f,,failed,0,0,,http_manifest,known,403,manifest,"Client error '403 ' for url 'https://openapiproext.bnf.fr/iiif/presentation/v3/ark:/12148/bpt6k3961098f/manifest.json'
For more information check: https://developer.mozilla.org/en-US/docs/Web/HTTP/Status/403",2026-07-17T14:09:31.003169
aurore1943,bpt6k38825781,,failed,0,0,,http_manifest,known,403,manifest,"Client error '403 ' for url 'https://openapiproext.bnf.fr/iiif/presentation/v3/ark:/12148/bpt6k38825781/manifest.json'
For more information check: https://developer.mozilla.org/en-US/docs/Web/HTTP/Status/403",2026-07-17T14:09:32.205850
aurore1943,bpt6k3961099v,,failed,0,0,,http_manifest,known,403,manifest,"Client error '403 ' for url 'https://openapiproext.bnf.fr/iiif/presentation/v3/ark:/12148/bpt6k3961099v/manifest.json'
For more information check: https://developer.mozilla.org/en-US/docs/Web/HTTP/Status/403",2026-07-17T14:09:33.410147
aurore1943,bpt6k3882579f,,failed,0,0,,http_manifest,known,403,manifest,"Client error '403 ' for url 'https://openapiproext.bnf.fr/iiif/presentation/v3/ark:/12148/bpt6k3882579f/manifest.json'
For more information check: https://developer.mozilla.org/en-US/docs/Web/HTTP/Status/403",2026-07-17T14:09:34.612072
aurore1943,bpt6k39611002,,failed,0,0,,http_manifest,known,403,manifest,"Client error '403 ' for url 'https://openapiproext.bnf.fr/iiif/presentation/v3/ark:/12148/bpt6k39611002/manifest.json'
For more information check: https://developer.mozilla.org/en-US/docs/Web/HTTP/Status/403",2026-07-17T14:09:35.816125
aurore1943,bpt6k38825803,,failed,0,0,,http_manifest,known,403,manifest,"Client error '403 ' for url 'https://openapiproext.bnf.fr/iiif/presentation/v3/ark:/12148/bpt6k38825803/manifest.json'
For more information check: https://developer.mozilla.org/en-US/docs/Web/HTTP/Status/403",2026-07-17T14:09:37.038392
aurore1943,bpt6k3961101g,,failed,0,0,,http_manifest,known,403,manifest,"Client error '403 ' for url 'https://openapiproext.bnf.fr/iiif/presentation/v3/ark:/12148/bpt6k3961101g/manifest.json'
For more information check: https://developer.mozilla.org/en-US/docs/Web/HTTP/Status/403",2026-07-17T14:09:38.214289
aurore1943,bpt6k3882581h,,failed,0,0,,http_manifest,known,403,manifest,"Client error '403 ' for url 'https://openapiproext.bnf.fr/iiif/presentation/v3/ark:/12148/bpt6k3882581h/manifest.json'
For more information check: https://developer.mozilla.org/en-US/docs/Web/HTTP/Status/403",2026-07-17T14:09:39.415445
aurore1943,bpt6k3961102w,,failed,0,0,,http_manifest,known,403,manifest,"Client error '403 ' for url 'https://openapiproext.bnf.fr/iiif/presentation/v3/ark:/12148/bpt6k3961102w/manifest.json'
For more information check: https://developer.mozilla.org/en-US/docs/Web/HTTP/Status/403",2026-07-17T14:09:40.620805
aurore1943,bpt6k3882582x,,failed,0,0,,http_manifest,known,403,manifest,"Client error '403 ' for url 'https://openapiproext.bnf.fr/iiif/presentation/v3/ark:/12148/bpt6k3882582x/manifest.json'
For more information check: https://developer.mozilla.org/en-US/docs/Web/HTTP/Status/403",2026-07-17T14:09:41.818032
aurore1943,bpt6k39611039,,failed,0,0,,http_manifest,known,403,manifest,"Client error '403 ' for url 'https://openapiproext.bnf.fr/iiif/presentation/v3/ark:/12148/bpt6k39611039/manifest.json'
For more information check: https://developer.mozilla.org/en-US/docs/Web/HTTP/Status/403",2026-07-17T14:09:43.023171
aurore1943,bpt6k3882583b,,failed,0,0,,http_manifest,known,403,manifest,"Client error '403 ' for url 'https://openapiproext.bnf.fr/iiif/presentation/v3/ark:/12148/bpt6k3882583b/manifest.json'
For more information check: https://developer.mozilla.org/en-US/docs/Web/HTTP/Status/403",2026-07-17T14:09:44.228797
aurore1943,bpt6k3961104q,,failed,0,0,,http_manifest,known,403,manifest,"Client error '403 ' for url 'https://openapiproext.bnf.fr/iiif/presentation/v3/ark:/12148/bpt6k3961104q/manifest.json'
For more information check: https://developer.mozilla.org/en-US/docs/Web/HTTP/Status/403",2026-07-17T14:09:45.429243
aurore1943,bpt6k3882584r,,failed,0,0,,http_manifest,known,403,manifest,"Client error '403 ' for url 'https://openapiproext.bnf.fr/iiif/presentation/v3/ark:/12148/bpt6k3882584r/manifest.json'
For more information check: https://developer.mozilla.org/en-US/docs/Web/HTTP/Status/403",2026-07-17T14:09:46.630179
aurore1943,bpt6k39611054,,failed,0,0,,http_manifest,known,403,manifest,"Client error '403 ' for url 'https://openapiproext.bnf.fr/iiif/presentation/v3/ark:/12148/bpt6k39611054/manifest.json'
For more information check: https://developer.mozilla.org/en-US/docs/Web/HTTP/Status/403",2026-07-17T14:09:47.835759
aurore1943,bpt6k38825855,,failed,0,0,,http_manifest,known,403,manifest,"Client error '403 ' for url 'https://openapiproext.bnf.fr/iiif/presentation/v3/ark:/12148/bpt6k38825855/manifest.json'
For more information check: https://developer.mozilla.org/en-US/docs/Web/HTTP/Status/403",2026-07-17T14:09:49.057424
aurore1943,bpt6k3961106j,,failed,0,0,,http_manifest,known,403,manifest,"Client error '403 ' for url 'https://openapiproext.bnf.fr/iiif/presentation/v3/ark:/12148/bpt6k3961106j/manifest.json'
For more information check: https://developer.mozilla.org/en-US/docs/Web/HTTP/Status/403",2026-07-17T14:09:50.233627
aurore1943,bpt6k3882586k,,failed,0,0,,http_manifest,known,403,manifest,"Client error '403 ' for url 'https://openapiproext.bnf.fr/iiif/presentation/v3/ark:/12148/bpt6k3882586k/manifest.json'
For more information check: https://developer.mozilla.org/en-US/docs/Web/HTTP/Status/403",2026-07-17T14:09:51.437445
aurore1943,bpt6k3961107z,,failed,0,0,,http_manifest,known,403,manifest,"Client error '403 ' for url 'https://openapiproext.bnf.fr/iiif/presentation/v3/ark:/12148/bpt6k3961107z/manifest.json'
For more information check: https://developer.mozilla.org/en-US/docs/Web/HTTP/Status/403",2026-07-17T14:09:52.636084
aurore1943,bpt6k38825870,,failed,0,0,,http_manifest,known,403,manifest,"Client error '403 ' for url 'https://openapiproext.bnf.fr/iiif/presentation/v3/ark:/12148/bpt6k38825870/manifest.json'
For more information check: https://developer.mozilla.org/en-US/docs/Web/HTTP/Status/403",2026-07-17T14:09:53.840350
aurore1943,bpt6k3961108c,,failed,0,0,,http_manifest,known,403,manifest,"Client error '403 ' for url 'https://openapiproext.bnf.fr/iiif/presentation/v3/ark:/12148/bpt6k3961108c/manifest.json'
For more information check: https://developer.mozilla.org/en-US/docs/Web/HTTP/Status/403",2026-07-17T14:09:55.051817
aurore1943,bpt6k3882588d,,failed,0,0,,http_manifest,known,403,manifest,"Client error '403 ' for url 'https://openapiproext.bnf.fr/iiif/presentation/v3/ark:/12148/bpt6k3882588d/manifest.json'
For more information check: https://developer.mozilla.org/en-US/docs/Web/HTTP/Status/403",2026-07-17T14:09:56.242334
aurore1943,bpt6k3961109s,,failed,0,0,,http_manifest,known,403,manifest,"Client error '403 ' for url 'https://openapiproext.bnf.fr/iiif/presentation/v3/ark:/12148/bpt6k3961109s/manifest.json'
For more information check: https://developer.mozilla.org/en-US/docs/Web/HTTP/Status/403",2026-07-17T14:09:57.445202
aurore1943,bpt6k3882589t,,failed,0,0,,http_manifest,known,403,manifest,"Client error '403 ' for url 'https://openapiproext.bnf.fr/iiif/presentation/v3/ark:/12148/bpt6k3882589t/manifest.json'
For more information check: https://developer.mozilla.org/en-US/docs/Web/HTTP/Status/403",2026-07-17T14:09:58.646380
aurore1943,bpt6k3961110f,,failed,0,0,,http_manifest,known,403,manifest,"Client error '403 ' for url 'https://openapiproext.bnf.fr/iiif/presentation/v3/ark:/12148/bpt6k3961110f/manifest.json'
For more information check: https://developer.mozilla.org/en-US/docs/Web/HTTP/Status/403",2026-07-17T14:09:59.968041
aurore1943,bpt6k3882590g,,failed,0,0,,http_manifest,known,403,manifest,"Client error '403 ' for url 'https://openapiproext.bnf.fr/iiif/presentation/v3/ark:/12148/bpt6k3882590g/manifest.json'
For more information check: https://developer.mozilla.org/en-US/docs/Web/HTTP/Status/403",2026-07-17T14:10:01.224248
aurore1943,bpt6k3961111v,,failed,0,0,,http_manifest,known,403,manifest,"Client error '403 ' for url 'https://openapiproext.bnf.fr/iiif/presentation/v3/ark:/12148/bpt6k3961111v/manifest.json'
For more information check: https://developer.mozilla.org/en-US/docs/Web/HTTP/Status/403",2026-07-17T14:10:02.311580
aurore1943,bpt6k3882591w,,failed,0,0,,http_manifest,known,403,manifest,"Client error '403 ' for url 'https://openapiproext.bnf.fr/iiif/presentation/v3/ark:/12148/bpt6k3882591w/manifest.json'
For more information check: https://developer.mozilla.org/en-US/docs/Web/HTTP/Status/403",2026-07-17T14:10:03.579177
aurore1943,bpt6k39611128,,failed,0,0,,http_manifest,known,403,manifest,"Client error '403 ' for url 'https://openapiproext.bnf.fr/iiif/presentation/v3/ark:/12148/bpt6k39611128/manifest.json'
For more information check: https://developer.mozilla.org/en-US/docs/Web/HTTP/Status/403",2026-07-17T14:10:04.882152
aurore1943,bpt6k38825929,,failed,0,0,,http_manifest,known,403,manifest,"Client error '403 ' for url 'https://openapiproext.bnf.fr/iiif/presentation/v3/ark:/12148/bpt6k38825929/manifest.json'
For more information check: https://developer.mozilla.org/en-US/docs/Web/HTTP/Status/403",2026-07-17T14:10:05.874496
aurore1943,bpt6k3961113p,,failed,0,0,,http_manifest,known,403,manifest,"Client error '403 ' for url 'https://openapiproext.bnf.fr/iiif/presentation/v3/ark:/12148/bpt6k3961113p/manifest.json'
For more information check: https://developer.mozilla.org/en-US/docs/Web/HTTP/Status/403",2026-07-17T14:10:07.078259
aurore1943,bpt6k3882593q,,failed,0,0,,http_manifest,known,403,manifest,"Client error '403 ' for url 'https://openapiproext.bnf.fr/iiif/presentation/v3/ark:/12148/bpt6k3882593q/manifest.json'
For more information check: https://developer.mozilla.org/en-US/docs/Web/HTTP/Status/403",2026-07-17T14:10:08.442472
aurore1943,bpt6k39611143,,failed,0,0,,http_manifest,known,403,manifest,"Client error '403 ' for url 'https://openapiproext.bnf.fr/iiif/presentation/v3/ark:/12148/bpt6k39611143/manifest.json'
For more information check: https://developer.mozilla.org/en-US/docs/Web/HTTP/Status/403",2026-07-17T14:10:09.585697
aurore1943,bpt6k38825944,,failed,0,0,,http_manifest,known,403,manifest,"Client error '403 ' for url 'https://openapiproext.bnf.fr/iiif/presentation/v3/ark:/12148/bpt6k38825944/manifest.json'
For more information check: https://developer.mozilla.org/en-US/docs/Web/HTTP/Status/403",2026-07-17T14:10:10.662217
aurore1943,bpt6k3961115h,,failed,0,0,,http_manifest,known,403,manifest,"Client error '403 ' for url 'https://openapiproext.bnf.fr/iiif/presentation/v3/ark:/12148/bpt6k3961115h/manifest.json'
For more information check: https://developer.mozilla.org/en-US/docs/Web/HTTP/Status/403",2026-07-17T14:10:11.944167
aurore1943,bpt6k3882595j,,failed,0,0,,http_manifest,known,403,manifest,"Client error '403 ' for url 'https://openapiproext.bnf.fr/iiif/presentation/v3/ark:/12148/bpt6k3882595j/manifest.json'
For more information check: https://developer.mozilla.org/en-US/docs/Web/HTTP/Status/403",2026-07-17T14:10:13.071625
aurore1943,bpt6k3961116x,,failed,0,0,,http_manifest,known,403,manifest,"Client error '403 ' for url 'https://openapiproext.bnf.fr/iiif/presentation/v3/ark:/12148/bpt6k3961116x/manifest.json'
For more information check: https://developer.mozilla.org/en-US/docs/Web/HTTP/Status/403",2026-07-17T14:10:14.313831
aurore1943,bpt6k3882596z,,failed,0,0,,http_manifest,known,403,manifest,"Client error '403 ' for url 'https://openapiproext.bnf.fr/iiif/presentation/v3/ark:/12148/bpt6k3882596z/manifest.json'
For more information check: https://developer.mozilla.org/en-US/docs/Web/HTTP/Status/403",2026-07-17T14:10:15.716068
aurore1943,bpt6k3961117b,,failed,0,0,,http_manifest,known,403,manifest,"Client error '403 ' for url 'https://openapiproext.bnf.fr/iiif/presentation/v3/ark:/12148/bpt6k3961117b/manifest.json'
For more information check: https://developer.mozilla.org/en-US/docs/Web/HTTP/Status/403",2026-07-17T14:10:16.669026
aurore1943,bpt6k3882597c,,failed,0,0,,http_manifest,known,403,manifest,"Client error '403 ' for url 'https://openapiproext.bnf.fr/iiif/presentation/v3/ark:/12148/bpt6k3882597c/manifest.json'
For more information check: https://developer.mozilla.org/en-US/docs/Web/HTTP/Status/403",2026-07-17T14:10:17.869959
aurore1943,bpt6k3961118r,,failed,0,0,,http_manifest,known,403,manifest,"Client error '403 ' for url 'https://openapiproext.bnf.fr/iiif/presentation/v3/ark:/12148/bpt6k3961118r/manifest.json'
For more information check: https://developer.mozilla.org/en-US/docs/Web/HTTP/Status/403",2026-07-17T14:10:19.092090
aurore1943,bpt6k3882598s,,failed,0,0,,http_manifest,known,403,manifest,"Client error '403 ' for url 'https://openapiproext.bnf.fr/iiif/presentation/v3/ark:/12148/bpt6k3882598s/manifest.json'
For more information check: https://developer.mozilla.org/en-US/docs/Web/HTTP/Status/403",2026-07-17T14:10:20.297548
aurore1943,bpt6k39611195,,failed,0,0,,http_manifest,known,403,manifest,"Client error '403 ' for url 'https://openapiproext.bnf.fr/iiif/presentation/v3/ark:/12148/bpt6k39611195/manifest.json'
For more information check: https://developer.mozilla.org/en-US/docs/Web/HTTP/Status/403",2026-07-17T14:10:21.476721
aurore1943,bpt6k38825996,,failed,0,0,,http_manifest,known,403,manifest,"Client error '403 ' for url 'https://openapiproext.bnf.fr/iiif/presentation/v3/ark:/12148/bpt6k38825996/manifest.json'
For more information check: https://developer.mozilla.org/en-US/docs/Web/HTTP/Status/403",2026-07-17T14:10:22.675349
aurore1943,bpt6k3961120t,,failed,0,0,,http_manifest,known,403,manifest,"Client error '403 ' for url 'https://openapiproext.bnf.fr/iiif/presentation/v3/ark:/12148/bpt6k3961120t/manifest.json'
For more information check: https://developer.mozilla.org/en-US/docs/Web/HTTP/Status/403",2026-07-17T14:10:23.873267
aurore1943,bpt6k3882600d,,failed,0,0,,http_manifest,known,403,manifest,"Client error '403 ' for url 'https://openapiproext.bnf.fr/iiif/presentation/v3/ark:/12148/bpt6k3882600d/manifest.json'
For more information check: https://developer.mozilla.org/en-US/docs/Web/HTTP/Status/403",2026-07-17T14:10:25.076900
aurore1943,bpt6k39611217,,failed,0,0,,http_manifest,known,403,manifest,"Client error '403 ' for url 'https://openapiproext.bnf.fr/iiif/presentation/v3/ark:/12148/bpt6k39611217/manifest.json'
For more information check: https://developer.mozilla.org/en-US/docs/Web/HTTP/Status/403",2026-07-17T14:10:26.284233
aurore1943,bpt6k3882601t,,failed,0,0,,http_manifest,known,403,manifest,"Client error '403 ' for url 'https://openapiproext.bnf.fr/iiif/presentation/v3/ark:/12148/bpt6k3882601t/manifest.json'
For more information check: https://developer.mozilla.org/en-US/docs/Web/HTTP/Status/403",2026-07-17T14:10:27.478137
aurore1943,bpt6k3961122n,,failed,0,0,,http_manifest,known,403,manifest,"Client error '403 ' for url 'https://openapiproext.bnf.fr/iiif/presentation/v3/ark:/12148/bpt6k3961122n/manifest.json'
For more information check: https://developer.mozilla.org/en-US/docs/Web/HTTP/Status/403",2026-07-17T14:10:28.680840
aurore1943,bpt6k38826027,,failed,0,0,,http_manifest,known,403,manifest,"Client error '403 ' for url 'https://openapiproext.bnf.fr/iiif/presentation/v3/ark:/12148/bpt6k38826027/manifest.json'
For more information check: https://developer.mozilla.org/en-US/docs/Web/HTTP/Status/403",2026-07-17T14:10:29.895216
aurore1943,bpt6k39611232,,failed,0,0,,http_manifest,known,403,manifest,"Client error '403 ' for url 'https://openapiproext.bnf.fr/iiif/presentation/v3/ark:/12148/bpt6k39611232/manifest.json'
For more information check: https://developer.mozilla.org/en-US/docs/Web/HTTP/Status/403",2026-07-17T14:10:31.109393
aurore1943,bpt6k3882603n,,failed,0,0,,http_manifest,known,403,manifest,"Client error '403 ' for url 'https://openapiproext.bnf.fr/iiif/presentation/v3/ark:/12148/bpt6k3882603n/manifest.json'
For more information check: https://developer.mozilla.org/en-US/docs/Web/HTTP/Status/403",2026-07-17T14:10:32.284933
aurore1943,bpt6k3961124g,,failed,0,0,,http_manifest,known,403,manifest,"Client error '403 ' for url 'https://openapiproext.bnf.fr/iiif/presentation/v3/ark:/12148/bpt6k3961124g/manifest.json'
For more information check: https://developer.mozilla.org/en-US/docs/Web/HTTP/Status/403",2026-07-17T14:10:33.500882
aurore1943,bpt6k38826042,,failed,0,0,,http_manifest,known,403,manifest,"Client error '403 ' for url 'https://openapiproext.bnf.fr/iiif/presentation/v3/ark:/12148/bpt6k38826042/manifest.json'
For more information check: https://developer.mozilla.org/en-US/docs/Web/HTTP/Status/403",2026-07-17T14:10:34.697322
aurore1943,bpt6k3961125w,,failed,0,0,,http_manifest,known,403,manifest,"Client error '403 ' for url 'https://openapiproext.bnf.fr/iiif/presentation/v3/ark:/12148/bpt6k3961125w/manifest.json'
For more information check: https://developer.mozilla.org/en-US/docs/Web/HTTP/Status/403",2026-07-17T14:10:35.890281
aurore1943,bpt6k3882605g,,failed,0,0,,http_manifest,known,403,manifest,"Client error '403 ' for url 'https://openapiproext.bnf.fr/iiif/presentation/v3/ark:/12148/bpt6k3882605g/manifest.json'
For more information check: https://developer.mozilla.org/en-US/docs/Web/HTTP/Status/403",2026-07-17T14:10:37.123749
aurore1943,bpt6k39611269,,failed,0,0,,http_manifest,known,403,manifest,"Client error '403 ' for url 'https://openapiproext.bnf.fr/iiif/presentation/v3/ark:/12148/bpt6k39611269/manifest.json'
For more information check: https://developer.mozilla.org/en-US/docs/Web/HTTP/Status/403",2026-07-17T14:10:38.294844
aurore1943,bpt6k3882606w,,failed,0,0,,http_manifest,known,403,manifest,"Client error '403 ' for url 'https://openapiproext.bnf.fr/iiif/presentation/v3/ark:/12148/bpt6k3882606w/manifest.json'
For more information check: https://developer.mozilla.org/en-US/docs/Web/HTTP/Status/403",2026-07-17T14:10:39.498430
aurore1943,bpt6k3961127q,,failed,0,0,,http_manifest,known,403,manifest,"Client error '403 ' for url 'https://openapiproext.bnf.fr/iiif/presentation/v3/ark:/12148/bpt6k3961127q/manifest.json'
For more information check: https://developer.mozilla.org/en-US/docs/Web/HTTP/Status/403",2026-07-17T14:10:40.698553
aurore1943,bpt6k38826079,,failed,0,0,,http_manifest,known,403,manifest,"Client error '403 ' for url 'https://openapiproext.bnf.fr/iiif/presentation/v3/ark:/12148/bpt6k38826079/manifest.json'
For more information check: https://developer.mozilla.org/en-US/docs/Web/HTTP/Status/403",2026-07-17T14:10:41.900912
aurore1943,bpt6k39611284,,failed,0,0,,http_manifest,known,403,manifest,"Client error '403 ' for url 'https://openapiproext.bnf.fr/iiif/presentation/v3/ark:/12148/bpt6k39611284/manifest.json'
For more information check: https://developer.mozilla.org/en-US/docs/Web/HTTP/Status/403",2026-07-17T14:10:43.101896
aurore1943,bpt6k3882608q,,failed,0,0,,http_manifest,known,403,manifest,"Client error '403 ' for url 'https://openapiproext.bnf.fr/iiif/presentation/v3/ark:/12148/bpt6k3882608q/manifest.json'
For more information check: https://developer.mozilla.org/en-US/docs/Web/HTTP/Status/403",2026-07-17T14:10:44.308296
aurore1943,bpt6k3961129j,,failed,0,0,,http_manifest,known,403,manifest,"Client error '403 ' for url 'https://openapiproext.bnf.fr/iiif/presentation/v3/ark:/12148/bpt6k3961129j/manifest.json'
For more information check: https://developer.mozilla.org/en-US/docs/Web/HTTP/Status/403",2026-07-17T14:10:45.515998
aurore1943,bpt6k38826094,,failed,0,0,,http_manifest,known,403,manifest,"Client error '403 ' for url 'https://openapiproext.bnf.fr/iiif/presentation/v3/ark:/12148/bpt6k38826094/manifest.json'
For more information check: https://developer.mozilla.org/en-US/docs/Web/HTTP/Status/403",2026-07-17T14:10:46.703037
aurore1943,bpt6k39611306,,failed,0,0,,http_manifest,known,403,manifest,"Client error '403 ' for url 'https://openapiproext.bnf.fr/iiif/presentation/v3/ark:/12148/bpt6k39611306/manifest.json'
For more information check: https://developer.mozilla.org/en-US/docs/Web/HTTP/Status/403",2026-07-17T14:10:47.905852
aurore1943,bpt6k3882610s,,failed,0,0,,http_manifest,known,403,manifest,"Client error '403 ' for url 'https://openapiproext.bnf.fr/iiif/presentation/v3/ark:/12148/bpt6k3882610s/manifest.json'
For more information check: https://developer.mozilla.org/en-US/docs/Web/HTTP/Status/403",2026-07-17T14:10:49.135521
aurore1943,bpt6k3961131m,,failed,0,0,,http_manifest,known,403,manifest,"Client error '403 ' for url 'https://openapiproext.bnf.fr/iiif/presentation/v3/ark:/12148/bpt6k3961131m/manifest.json'
For more information check: https://developer.mozilla.org/en-US/docs/Web/HTTP/Status/403",2026-07-17T14:10:50.309660
aurore1943,bpt6k38826116,,failed,0,0,,http_manifest,known,403,manifest,"Client error '403 ' for url 'https://openapiproext.bnf.fr/iiif/presentation/v3/ark:/12148/bpt6k38826116/manifest.json'
For more information check: https://developer.mozilla.org/en-US/docs/Web/HTTP/Status/403",2026-07-17T14:10:51.515175
aurore1943,bpt6k39611321,,failed,0,0,,http_manifest,known,403,manifest,"Client error '403 ' for url 'https://openapiproext.bnf.fr/iiif/presentation/v3/ark:/12148/bpt6k39611321/manifest.json'
For more information check: https://developer.mozilla.org/en-US/docs/Web/HTTP/Status/403",2026-07-17T14:10:52.714018
aurore1943,bpt6k3882612m,,failed,0,0,,http_manifest,known,403,manifest,"Client error '403 ' for url 'https://openapiproext.bnf.fr/iiif/presentation/v3/ark:/12148/bpt6k3882612m/manifest.json'
For more information check: https://developer.mozilla.org/en-US/docs/Web/HTTP/Status/403",2026-07-17T14:10:53.919353
aurore1943,bpt6k3961133f,,failed,0,0,,http_manifest,known,403,manifest,"Client error '403 ' for url 'https://openapiproext.bnf.fr/iiif/presentation/v3/ark:/12148/bpt6k3961133f/manifest.json'
For more information check: https://developer.mozilla.org/en-US/docs/Web/HTTP/Status/403",2026-07-17T14:10:55.123588
aurore1943,bpt6k38826131,,failed,0,0,,http_manifest,known,403,manifest,"Client error '403 ' for url 'https://openapiproext.bnf.fr/iiif/presentation/v3/ark:/12148/bpt6k38826131/manifest.json'
For more information check: https://developer.mozilla.org/en-US/docs/Web/HTTP/Status/403",2026-07-17T14:10:56.321221
aurore1943,bpt6k3961134v,,failed,0,0,,http_manifest,known,403,manifest,"Client error '403 ' for url 'https://openapiproext.bnf.fr/iiif/presentation/v3/ark:/12148/bpt6k3961134v/manifest.json'
For more information check: https://developer.mozilla.org/en-US/docs/Web/HTTP/Status/403",2026-07-17T14:10:57.654225
aurore1943,bpt6k3882614f,,failed,0,0,,http_manifest,known,403,manifest,"Client error '403 ' for url 'https://openapiproext.bnf.fr/iiif/presentation/v3/ark:/12148/bpt6k3882614f/manifest.json'
For more information check: https://developer.mozilla.org/en-US/docs/Web/HTTP/Status/403",2026-07-17T14:10:58.926245
aurore1943,bpt6k39611358,,failed,0,0,,http_manifest,known,403,manifest,"Client error '403 ' for url 'https://openapiproext.bnf.fr/iiif/presentation/v3/ark:/12148/bpt6k39611358/manifest.json'
For more information check: https://developer.mozilla.org/en-US/docs/Web/HTTP/Status/403",2026-07-17T14:11:00.168215
aurore1943,bpt6k3882615v,,failed,0,0,,http_manifest,known,403,manifest,"Client error '403 ' for url 'https://openapiproext.bnf.fr/iiif/presentation/v3/ark:/12148/bpt6k3882615v/manifest.json'
For more information check: https://developer.mozilla.org/en-US/docs/Web/HTTP/Status/403",2026-07-17T14:11:01.233733
aurore1943,bpt6k3961136p,,failed,0,0,,http_manifest,known,403,manifest,"Client error '403 ' for url 'https://openapiproext.bnf.fr/iiif/presentation/v3/ark:/12148/bpt6k3961136p/manifest.json'
For more information check: https://developer.mozilla.org/en-US/docs/Web/HTTP/Status/403",2026-07-17T14:11:02.362405
aurore1943,bpt6k38826168,,failed,0,0,,http_manifest,known,403,manifest,"Client error '403 ' for url 'https://openapiproext.bnf.fr/iiif/presentation/v3/ark:/12148/bpt6k38826168/manifest.json'
For more information check: https://developer.mozilla.org/en-US/docs/Web/HTTP/Status/403",2026-07-17T14:11:03.803277
aurore1943,bpt6k39611373,,failed,0,0,,http_manifest,known,403,manifest,"Client error '403 ' for url 'https://openapiproext.bnf.fr/iiif/presentation/v3/ark:/12148/bpt6k39611373/manifest.json'
For more information check: https://developer.mozilla.org/en-US/docs/Web/HTTP/Status/403",2026-07-17T14:11:04.918477
aurore1943,bpt6k3882617p,,failed,0,0,,http_manifest,known,403,manifest,"Client error '403 ' for url 'https://openapiproext.bnf.fr/iiif/presentation/v3/ark:/12148/bpt6k3882617p/manifest.json'
For more information check: https://developer.mozilla.org/en-US/docs/Web/HTTP/Status/403",2026-07-17T14:11:06.120511
aurore1943,bpt6k3961138h,,failed,0,0,,http_manifest,known,403,manifest,"Client error '403 ' for url 'https://openapiproext.bnf.fr/iiif/presentation/v3/ark:/12148/bpt6k3961138h/manifest.json'
For more information check: https://developer.mozilla.org/en-US/docs/Web/HTTP/Status/403",2026-07-17T14:11:07.141288
aurore1943,bpt6k38826183,,failed,0,0,,http_manifest,known,403,manifest,"Client error '403 ' for url 'https://openapiproext.bnf.fr/iiif/presentation/v3/ark:/12148/bpt6k38826183/manifest.json'
For more information check: https://developer.mozilla.org/en-US/docs/Web/HTTP/Status/403",2026-07-17T14:11:08.346952
aurore1943,bpt6k3961139x,,failed,0,0,,http_manifest,known,403,manifest,"Client error '403 ' for url 'https://openapiproext.bnf.fr/iiif/presentation/v3/ark:/12148/bpt6k3961139x/manifest.json'
For more information check: https://developer.mozilla.org/en-US/docs/Web/HTTP/Status/403",2026-07-17T14:11:09.545837
aurore1943,bpt6k3882619h,,failed,0,0,,http_manifest,known,403,manifest,"Client error '403 ' for url 'https://openapiproext.bnf.fr/iiif/presentation/v3/ark:/12148/bpt6k3882619h/manifest.json'
For more information check: https://developer.mozilla.org/en-US/docs/Web/HTTP/Status/403",2026-07-17T14:11:10.797163
aurore1943,bpt6k3961140k,,failed,0,0,,http_manifest,known,403,manifest,"Client error '403 ' for url 'https://openapiproext.bnf.fr/iiif/presentation/v3/ark:/12148/bpt6k3961140k/manifest.json'
For more information check: https://developer.mozilla.org/en-US/docs/Web/HTTP/Status/403",2026-07-17T14:11:11.943924
aurore1943,bpt6k38826205,,failed,0,0,,http_manifest,known,403,manifest,"Client error '403 ' for url 'https://openapiproext.bnf.fr/iiif/presentation/v3/ark:/12148/bpt6k38826205/manifest.json'
For more information check: https://developer.mozilla.org/en-US/docs/Web/HTTP/Status/403",2026-07-17T14:11:13.245411
aurore1943,bpt6k39611410,,failed,0,0,,http_manifest,known,403,manifest,"Client error '403 ' for url 'https://openapiproext.bnf.fr/iiif/presentation/v3/ark:/12148/bpt6k39611410/manifest.json'
For more information check: https://developer.mozilla.org/en-US/docs/Web/HTTP/Status/403",2026-07-17T14:11:14.370530
aurore1943,bpt6k3882621k,,failed,0,0,,http_manifest,known,403,manifest,"Client error '403 ' for url 'https://openapiproext.bnf.fr/iiif/presentation/v3/ark:/12148/bpt6k3882621k/manifest.json'
For more information check: https://developer.mozilla.org/en-US/docs/Web/HTTP/Status/403",2026-07-17T14:11:15.547765
aurore1943,bpt6k3961142d,,failed,0,0,,http_manifest,known,403,manifest,"Client error '403 ' for url 'https://openapiproext.bnf.fr/iiif/presentation/v3/ark:/12148/bpt6k3961142d/manifest.json'
For more information check: https://developer.mozilla.org/en-US/docs/Web/HTTP/Status/403",2026-07-17T14:11:16.971540
aurore1943,bpt6k38826220,,failed,0,0,,http_manifest,known,403,manifest,"Client error '403 ' for url 'https://openapiproext.bnf.fr/iiif/presentation/v3/ark:/12148/bpt6k38826220/manifest.json'
For more information check: https://developer.mozilla.org/en-US/docs/Web/HTTP/Status/403",2026-07-17T14:11:18.001867
aurore1943,bpt6k3961143t,,failed,0,0,,http_manifest,known,403,manifest,"Client error '403 ' for url 'https://openapiproext.bnf.fr/iiif/presentation/v3/ark:/12148/bpt6k3961143t/manifest.json'
For more information check: https://developer.mozilla.org/en-US/docs/Web/HTTP/Status/403",2026-07-17T14:11:19.289667
aurore1943,bpt6k3882623d,,failed,0,0,,http_manifest,known,403,manifest,"Client error '403 ' for url 'https://openapiproext.bnf.fr/iiif/presentation/v3/ark:/12148/bpt6k3882623d/manifest.json'
For more information check: https://developer.mozilla.org/en-US/docs/Web/HTTP/Status/403",2026-07-17T14:11:20.359157
aurore1943,bpt6k39611447,,failed,0,0,,http_manifest,known,403,manifest,"Client error '403 ' for url 'https://openapiproext.bnf.fr/iiif/presentation/v3/ark:/12148/bpt6k39611447/manifest.json'
For more information check: https://developer.mozilla.org/en-US/docs/Web/HTTP/Status/403",2026-07-17T14:11:21.567039
aurore1943,bpt6k3882624t,,failed,0,0,,http_manifest,known,403,manifest,"Client error '403 ' for url 'https://openapiproext.bnf.fr/iiif/presentation/v3/ark:/12148/bpt6k3882624t/manifest.json'
For more information check: https://developer.mozilla.org/en-US/docs/Web/HTTP/Status/403",2026-07-17T14:11:22.768484
aurore1943,bpt6k3961145n,,failed,0,0,,http_manifest,known,403,manifest,"Client error '403 ' for url 'https://openapiproext.bnf.fr/iiif/presentation/v3/ark:/12148/bpt6k3961145n/manifest.json'
For more information check: https://developer.mozilla.org/en-US/docs/Web/HTTP/Status/403",2026-07-17T14:11:23.958215
aurore1943,bpt6k38826257,,failed,0,0,,http_manifest,known,403,manifest,"Client error '403 ' for url 'https://openapiproext.bnf.fr/iiif/presentation/v3/ark:/12148/bpt6k38826257/manifest.json'
For more information check: https://developer.mozilla.org/en-US/docs/Web/HTTP/Status/403",2026-07-17T14:11:25.163474
aurore1943,bpt6k39611462,,failed,0,0,,http_manifest,known,403,manifest,"Client error '403 ' for url 'https://openapiproext.bnf.fr/iiif/presentation/v3/ark:/12148/bpt6k39611462/manifest.json'
For more information check: https://developer.mozilla.org/en-US/docs/Web/HTTP/Status/403",2026-07-17T14:11:26.389654
aurore1943,bpt6k3882626n,,failed,0,0,,http_manifest,known,403,manifest,"Client error '403 ' for url 'https://openapiproext.bnf.fr/iiif/presentation/v3/ark:/12148/bpt6k3882626n/manifest.json'
For more information check: https://developer.mozilla.org/en-US/docs/Web/HTTP/Status/403",2026-07-17T14:11:27.570777
aurore1943,bpt6k3961147g,,failed,0,0,,http_manifest,known,403,manifest,"Client error '403 ' for url 'https://openapiproext.bnf.fr/iiif/presentation/v3/ark:/12148/bpt6k3961147g/manifest.json'
For more information check: https://developer.mozilla.org/en-US/docs/Web/HTTP/Status/403",2026-07-17T14:11:28.767926
aurore1943,bpt6k38826272,,failed,0,0,,http_manifest,known,403,manifest,"Client error '403 ' for url 'https://openapiproext.bnf.fr/iiif/presentation/v3/ark:/12148/bpt6k38826272/manifest.json'
For more information check: https://developer.mozilla.org/en-US/docs/Web/HTTP/Status/403",2026-07-17T14:11:29.971802
aurore1943,bpt6k3961148w,,failed,0,0,,http_manifest,known,403,manifest,"Client error '403 ' for url 'https://openapiproext.bnf.fr/iiif/presentation/v3/ark:/12148/bpt6k3961148w/manifest.json'
For more information check: https://developer.mozilla.org/en-US/docs/Web/HTTP/Status/403",2026-07-17T14:11:31.172947
aurore1943,bpt6k3882628g,,failed,0,0,,http_manifest,known,403,manifest,"Client error '403 ' for url 'https://openapiproext.bnf.fr/iiif/presentation/v3/ark:/12148/bpt6k3882628g/manifest.json'
For more information check: https://developer.mozilla.org/en-US/docs/Web/HTTP/Status/403",2026-07-17T14:11:32.373134
aurore1943,bpt6k39611499,,failed,0,0,,http_manifest,known,403,manifest,"Client error '403 ' for url 'https://openapiproext.bnf.fr/iiif/presentation/v3/ark:/12148/bpt6k39611499/manifest.json'
For more information check: https://developer.mozilla.org/en-US/docs/Web/HTTP/Status/403",2026-07-17T14:11:33.572276
aurore1943,bpt6k3882629w,,failed,0,0,,http_manifest,known,403,manifest,"Client error '403 ' for url 'https://openapiproext.bnf.fr/iiif/presentation/v3/ark:/12148/bpt6k3882629w/manifest.json'
For more information check: https://developer.mozilla.org/en-US/docs/Web/HTTP/Status/403",2026-07-17T14:11:34.775000
aurore1943,bpt6k3961150z,,failed,0,0,,http_manifest,known,403,manifest,"Client error '403 ' for url 'https://openapiproext.bnf.fr/iiif/presentation/v3/ark:/12148/bpt6k3961150z/manifest.json'
For more information check: https://developer.mozilla.org/en-US/docs/Web/HTTP/Status/403",2026-07-17T14:11:35.977252
aurore1943,bpt6k3882630j,,failed,0,0,,http_manifest,known,403,manifest,"Client error '403 ' for url 'https://openapiproext.bnf.fr/iiif/presentation/v3/ark:/12148/bpt6k3882630j/manifest.json'
For more information check: https://developer.mozilla.org/en-US/docs/Web/HTTP/Status/403",2026-07-17T14:11:37.180558
aurore1943,bpt6k3961151c,,failed,0,0,,http_manifest,known,403,manifest,"Client error '403 ' for url 'https://openapiproext.bnf.fr/iiif/presentation/v3/ark:/12148/bpt6k3961151c/manifest.json'
For more information check: https://developer.mozilla.org/en-US/docs/Web/HTTP/Status/403",2026-07-17T14:11:38.398385
aurore1943,bpt6k3882631z,,failed,0,0,,http_manifest,known,403,manifest,"Client error '403 ' for url 'https://openapiproext.bnf.fr/iiif/presentation/v3/ark:/12148/bpt6k3882631z/manifest.json'
For more information check: https://developer.mozilla.org/en-US/docs/Web/HTTP/Status/403",2026-07-17T14:11:39.583640
aurore1943,bpt6k3961152s,,failed,0,0,,http_manifest,known,403,manifest,"Client error '403 ' for url 'https://openapiproext.bnf.fr/iiif/presentation/v3/ark:/12148/bpt6k3961152s/manifest.json'
For more information check: https://developer.mozilla.org/en-US/docs/Web/HTTP/Status/403",2026-07-17T14:11:40.789817
aurore1943,bpt6k3882632c,,failed,0,0,,http_manifest,known,403,manifest,"Client error '403 ' for url 'https://openapiproext.bnf.fr/iiif/presentation/v3/ark:/12148/bpt6k3882632c/manifest.json'
For more information check: https://developer.mozilla.org/en-US/docs/Web/HTTP/Status/403",2026-07-17T14:11:41.982776
aurore1943,bpt6k39611536,,failed,0,0,,http_manifest,known,403,manifest,"Client error '403 ' for url 'https://openapiproext.bnf.fr/iiif/presentation/v3/ark:/12148/bpt6k39611536/manifest.json'
For more information check: https://developer.mozilla.org/en-US/docs/Web/HTTP/Status/403",2026-07-17T14:11:43.189620
aurore1943,bpt6k3882633s,,failed,0,0,,http_manifest,known,403,manifest,"Client error '403 ' for url 'https://openapiproext.bnf.fr/iiif/presentation/v3/ark:/12148/bpt6k3882633s/manifest.json'
For more information check: https://developer.mozilla.org/en-US/docs/Web/HTTP/Status/403",2026-07-17T14:11:44.420634
aurore1943,bpt6k3961154m,,failed,0,0,,http_manifest,known,403,manifest,"Client error '403 ' for url 'https://openapiproext.bnf.fr/iiif/presentation/v3/ark:/12148/bpt6k3961154m/manifest.json'
For more information check: https://developer.mozilla.org/en-US/docs/Web/HTTP/Status/403",2026-07-17T14:11:45.592952
aurore1943,bpt6k38826346,,failed,0,0,,http_manifest,known,403,manifest,"Client error '403 ' for url 'https://openapiproext.bnf.fr/iiif/presentation/v3/ark:/12148/bpt6k38826346/manifest.json'
For more information check: https://developer.mozilla.org/en-US/docs/Web/HTTP/Status/403",2026-07-17T14:11:46.793000
aurore1943,bpt6k39611551,,failed,0,0,,http_manifest,known,403,manifest,"Client error '403 ' for url 'https://openapiproext.bnf.fr/iiif/presentation/v3/ark:/12148/bpt6k39611551/manifest.json'
For more information check: https://developer.mozilla.org/en-US/docs/Web/HTTP/Status/403",2026-07-17T14:11:47.989862
aurore1943,bpt6k3882635m,,failed,0,0,,http_manifest,known,403,manifest,"Client error '403 ' for url 'https://openapiproext.bnf.fr/iiif/presentation/v3/ark:/12148/bpt6k3882635m/manifest.json'
For more information check: https://developer.mozilla.org/en-US/docs/Web/HTTP/Status/403",2026-07-17T14:11:49.194641
aurore1943,bpt6k3961156f,,failed,0,0,,http_manifest,known,403,manifest,"Client error '403 ' for url 'https://openapiproext.bnf.fr/iiif/presentation/v3/ark:/12148/bpt6k3961156f/manifest.json'
For more information check: https://developer.mozilla.org/en-US/docs/Web/HTTP/Status/403",2026-07-17T14:11:50.396320
aurore1943,bpt6k38826361,,failed,0,0,,http_manifest,known,403,manifest,"Client error '403 ' for url 'https://openapiproext.bnf.fr/iiif/presentation/v3/ark:/12148/bpt6k38826361/manifest.json'
For more information check: https://developer.mozilla.org/en-US/docs/Web/HTTP/Status/403",2026-07-17T14:11:51.594185
aurore1943,bpt6k3961157v,,failed,0,0,,http_manifest,known,403,manifest,"Client error '403 ' for url 'https://openapiproext.bnf.fr/iiif/presentation/v3/ark:/12148/bpt6k3961157v/manifest.json'
For more information check: https://developer.mozilla.org/en-US/docs/Web/HTTP/Status/403",2026-07-17T14:11:52.796952
aurore1943,bpt6k3882637f,,failed,0,0,,http_manifest,known,403,manifest,"Client error '403 ' for url 'https://openapiproext.bnf.fr/iiif/presentation/v3/ark:/12148/bpt6k3882637f/manifest.json'
For more information check: https://developer.mozilla.org/en-US/docs/Web/HTTP/Status/403",2026-07-17T14:11:54.006026
aurore1943,bpt6k39611588,,failed,0,0,,http_manifest,known,403,manifest,"Client error '403 ' for url 'https://openapiproext.bnf.fr/iiif/presentation/v3/ark:/12148/bpt6k39611588/manifest.json'
For more information check: https://developer.mozilla.org/en-US/docs/Web/HTTP/Status/403",2026-07-17T14:11:55.211713
aurore1943,bpt6k3882638v,,failed,0,0,,http_manifest,known,403,manifest,"Client error '403 ' for url 'https://openapiproext.bnf.fr/iiif/presentation/v3/ark:/12148/bpt6k3882638v/manifest.json'
For more information check: https://developer.mozilla.org/en-US/docs/Web/HTTP/Status/403",2026-07-17T14:11:56.420267
aurore1943,bpt6k3961159p,,failed,0,0,,http_manifest,known,403,manifest,"Client error '403 ' for url 'https://openapiproext.bnf.fr/iiif/presentation/v3/ark:/12148/bpt6k3961159p/manifest.json'
For more information check: https://developer.mozilla.org/en-US/docs/Web/HTTP/Status/403",2026-07-17T14:11:57.761527
aurore1943,bpt6k38826398,,failed,0,0,,http_manifest,known,403,manifest,"Client error '403 ' for url 'https://openapiproext.bnf.fr/iiif/presentation/v3/ark:/12148/bpt6k38826398/manifest.json'
For more information check: https://developer.mozilla.org/en-US/docs/Web/HTTP/Status/403",2026-07-17T14:11:58.807897
aurore1943,bpt6k3961160b,,failed,0,0,,http_manifest,known,403,manifest,"Client error '403 ' for url 'https://openapiproext.bnf.fr/iiif/presentation/v3/ark:/12148/bpt6k3961160b/manifest.json'
For more information check: https://developer.mozilla.org/en-US/docs/Web/HTTP/Status/403",2026-07-17T14:12:00.182320
aurore1943,bpt6k3882640x,,failed,0,0,,http_manifest,known,403,manifest,"Client error '403 ' for url 'https://openapiproext.bnf.fr/iiif/presentation/v3/ark:/12148/bpt6k3882640x/manifest.json'
For more information check: https://developer.mozilla.org/en-US/docs/Web/HTTP/Status/403",2026-07-17T14:12:01.229914
aurore1943,bpt6k3961161r,,failed,0,0,,http_manifest,known,403,manifest,"Client error '403 ' for url 'https://openapiproext.bnf.fr/iiif/presentation/v3/ark:/12148/bpt6k3961161r/manifest.json'
For more information check: https://developer.mozilla.org/en-US/docs/Web/HTTP/Status/403",2026-07-17T14:12:02.466647
aurore1943,bpt6k3882641b,,failed,0,0,,http_manifest,known,403,manifest,"Client error '403 ' for url 'https://openapiproext.bnf.fr/iiif/presentation/v3/ark:/12148/bpt6k3882641b/manifest.json'
For more information check: https://developer.mozilla.org/en-US/docs/Web/HTTP/Status/403",2026-07-17T14:12:03.793137
aurore1943,bpt6k39611625,,failed,0,0,,http_manifest,known,403,manifest,"Client error '403 ' for url 'https://openapiproext.bnf.fr/iiif/presentation/v3/ark:/12148/bpt6k39611625/manifest.json'
For more information check: https://developer.mozilla.org/en-US/docs/Web/HTTP/Status/403",2026-07-17T14:12:04.944326
aurore1943,bpt6k3882642r,,failed,0,0,,http_manifest,known,403,manifest,"Client error '403 ' for url 'https://openapiproext.bnf.fr/iiif/presentation/v3/ark:/12148/bpt6k3882642r/manifest.json'
For more information check: https://developer.mozilla.org/en-US/docs/Web/HTTP/Status/403",2026-07-17T14:12:06.126469
aurore1943,bpt6k3961163k,,failed,0,0,,http_manifest,known,403,manifest,"Client error '403 ' for url 'https://openapiproext.bnf.fr/iiif/presentation/v3/ark:/12148/bpt6k3961163k/manifest.json'
For more information check: https://developer.mozilla.org/en-US/docs/Web/HTTP/Status/403",2026-07-17T14:12:07.215594
aurore1943,bpt6k38826435,,failed,0,0,,http_manifest,known,403,manifest,"Client error '403 ' for url 'https://openapiproext.bnf.fr/iiif/presentation/v3/ark:/12148/bpt6k38826435/manifest.json'
For more information check: https://developer.mozilla.org/en-US/docs/Web/HTTP/Status/403",2026-07-17T14:12:08.638927
aurore1943,bpt6k39611640,,failed,0,0,,http_manifest,known,403,manifest,"Client error '403 ' for url 'https://openapiproext.bnf.fr/iiif/presentation/v3/ark:/12148/bpt6k39611640/manifest.json'
For more information check: https://developer.mozilla.org/en-US/docs/Web/HTTP/Status/403",2026-07-17T14:12:09.662311
aurore1943,bpt6k3882644k,,failed,0,0,,http_manifest,known,403,manifest,"Client error '403 ' for url 'https://openapiproext.bnf.fr/iiif/presentation/v3/ark:/12148/bpt6k3882644k/manifest.json'
For more information check: https://developer.mozilla.org/en-US/docs/Web/HTTP/Status/403",2026-07-17T14:12:10.817750
aurore1943,bpt6k3961165d,,failed,0,0,,http_manifest,known,403,manifest,"Client error '403 ' for url 'https://openapiproext.bnf.fr/iiif/presentation/v3/ark:/12148/bpt6k3961165d/manifest.json'
For more information check: https://developer.mozilla.org/en-US/docs/Web/HTTP/Status/403",2026-07-17T14:12:12.021371
aurore1943,bpt6k38826450,,failed,0,0,,http_manifest,known,403,manifest,"Client error '403 ' for url 'https://openapiproext.bnf.fr/iiif/presentation/v3/ark:/12148/bpt6k38826450/manifest.json'
For more information check: https://developer.mozilla.org/en-US/docs/Web/HTTP/Status/403",2026-07-17T14:12:13.223673
aurore1943,bpt6k3961166t,,failed,0,0,,http_manifest,known,403,manifest,"Client error '403 ' for url 'https://openapiproext.bnf.fr/iiif/presentation/v3/ark:/12148/bpt6k3961166t/manifest.json'
For more information check: https://developer.mozilla.org/en-US/docs/Web/HTTP/Status/403",2026-07-17T14:12:14.647793
aurore1943,bpt6k3882646d,,failed,0,0,,http_manifest,known,403,manifest,"Client error '403 ' for url 'https://openapiproext.bnf.fr/iiif/presentation/v3/ark:/12148/bpt6k3882646d/manifest.json'
For more information check: https://developer.mozilla.org/en-US/docs/Web/HTTP/Status/403",2026-07-17T14:12:15.716176
aurore1943,bpt6k39611677,,failed,0,0,,http_manifest,known,403,manifest,"Client error '403 ' for url 'https://openapiproext.bnf.fr/iiif/presentation/v3/ark:/12148/bpt6k39611677/manifest.json'
For more information check: https://developer.mozilla.org/en-US/docs/Web/HTTP/Status/403",2026-07-17T14:12:16.974368
aurore1943,bpt6k3882647t,,failed,0,0,,http_manifest,known,403,manifest,"Client error '403 ' for url 'https://openapiproext.bnf.fr/iiif/presentation/v3/ark:/12148/bpt6k3882647t/manifest.json'
For more information check: https://developer.mozilla.org/en-US/docs/Web/HTTP/Status/403",2026-07-17T14:12:18.031512
aurore1943,bpt6k3961168n,,failed,0,0,,http_manifest,known,403,manifest,"Client error '403 ' for url 'https://openapiproext.bnf.fr/iiif/presentation/v3/ark:/12148/bpt6k3961168n/manifest.json'
For more information check: https://developer.mozilla.org/en-US/docs/Web/HTTP/Status/403",2026-07-17T14:12:19.234411
aurore1943,bpt6k38826487,,failed,0,0,,http_manifest,known,403,manifest,"Client error '403 ' for url 'https://openapiproext.bnf.fr/iiif/presentation/v3/ark:/12148/bpt6k38826487/manifest.json'
For more information check: https://developer.mozilla.org/en-US/docs/Web/HTTP/Status/403",2026-07-17T14:12:20.434275
aurore1943,bpt6k39611692,,failed,0,0,,http_manifest,known,403,manifest,"Client error '403 ' for url 'https://openapiproext.bnf.fr/iiif/presentation/v3/ark:/12148/bpt6k39611692/manifest.json'
For more information check: https://developer.mozilla.org/en-US/docs/Web/HTTP/Status/403",2026-07-17T14:12:21.641135
aurore1943,bpt6k3882649n,,failed,0,0,,http_manifest,known,403,manifest,"Client error '403 ' for url 'https://openapiproext.bnf.fr/iiif/presentation/v3/ark:/12148/bpt6k3882649n/manifest.json'
For more information check: https://developer.mozilla.org/en-US/docs/Web/HTTP/Status/403",2026-07-17T14:12:22.837460
aurore1943,bpt6k3961170q,,failed,0,0,,http_manifest,known,403,manifest,"Client error '403 ' for url 'https://openapiproext.bnf.fr/iiif/presentation/v3/ark:/12148/bpt6k3961170q/manifest.json'
For more information check: https://developer.mozilla.org/en-US/docs/Web/HTTP/Status/403",2026-07-17T14:12:24.038526
aurore1943,bpt6k38826509,,failed,0,0,,http_manifest,known,403,manifest,"Client error '403 ' for url 'https://openapiproext.bnf.fr/iiif/presentation/v3/ark:/12148/bpt6k38826509/manifest.json'
For more information check: https://developer.mozilla.org/en-US/docs/Web/HTTP/Status/403",2026-07-17T14:12:25.237386
aurore1943,bpt6k39611714,,failed,0,0,,http_manifest,known,403,manifest,"Client error '403 ' for url 'https://openapiproext.bnf.fr/iiif/presentation/v3/ark:/12148/bpt6k39611714/manifest.json'
For more information check: https://developer.mozilla.org/en-US/docs/Web/HTTP/Status/403",2026-07-17T14:12:26.463682
aurore1943,bpt6k3882651q,,failed,0,0,,http_manifest,known,403,manifest,"Client error '403 ' for url 'https://openapiproext.bnf.fr/iiif/presentation/v3/ark:/12148/bpt6k3882651q/manifest.json'
For more information check: https://developer.mozilla.org/en-US/docs/Web/HTTP/Status/403",2026-07-17T14:12:27.644661
aurore1943,bpt6k3961172j,,failed,0,0,,http_manifest,known,403,manifest,"Client error '403 ' for url 'https://openapiproext.bnf.fr/iiif/presentation/v3/ark:/12148/bpt6k3961172j/manifest.json'
For more information check: https://developer.mozilla.org/en-US/docs/Web/HTTP/Status/403",2026-07-17T14:12:28.847499
aurore1943,bpt6k38826524,,failed,0,0,,http_manifest,known,403,manifest,"Client error '403 ' for url 'https://openapiproext.bnf.fr/iiif/presentation/v3/ark:/12148/bpt6k38826524/manifest.json'
For more information check: https://developer.mozilla.org/en-US/docs/Web/HTTP/Status/403",2026-07-17T14:12:30.047926
aurore1943,bpt6k3961173z,,failed,0,0,,http_manifest,known,403,manifest,"Client error '403 ' for url 'https://openapiproext.bnf.fr/iiif/presentation/v3/ark:/12148/bpt6k3961173z/manifest.json'
For more information check: https://developer.mozilla.org/en-US/docs/Web/HTTP/Status/403",2026-07-17T14:12:31.253277
aurore1943,bpt6k3882653j,,failed,0,0,,http_manifest,known,403,manifest,"Client error '403 ' for url 'https://openapiproext.bnf.fr/iiif/presentation/v3/ark:/12148/bpt6k3882653j/manifest.json'
For more information check: https://developer.mozilla.org/en-US/docs/Web/HTTP/Status/403",2026-07-17T14:12:32.459335
aurore1943,bpt6k3961174c,,failed,0,0,,http_manifest,known,403,manifest,"Client error '403 ' for url 'https://openapiproext.bnf.fr/iiif/presentation/v3/ark:/12148/bpt6k3961174c/manifest.json'
For more information check: https://developer.mozilla.org/en-US/docs/Web/HTTP/Status/403",2026-07-17T14:12:33.652149
aurore1943,bpt6k3882654z,,failed,0,0,,http_manifest,known,403,manifest,"Client error '403 ' for url 'https://openapiproext.bnf.fr/iiif/presentation/v3/ark:/12148/bpt6k3882654z/manifest.json'
For more information check: https://developer.mozilla.org/en-US/docs/Web/HTTP/Status/403",2026-07-17T14:12:34.850378
aurore1943,bpt6k3961175s,,failed,0,0,,http_manifest,known,403,manifest,"Client error '403 ' for url 'https://openapiproext.bnf.fr/iiif/presentation/v3/ark:/12148/bpt6k3961175s/manifest.json'
For more information check: https://developer.mozilla.org/en-US/docs/Web/HTTP/Status/403",2026-07-17T14:12:36.056002
aurore1943,bpt6k3882655c,,failed,0,0,,http_manifest,known,403,manifest,"Client error '403 ' for url 'https://openapiproext.bnf.fr/iiif/presentation/v3/ark:/12148/bpt6k3882655c/manifest.json'
For more information check: https://developer.mozilla.org/en-US/docs/Web/HTTP/Status/403",2026-07-17T14:12:37.256145
aurore1943,bpt6k39611766,,failed,0,0,,http_manifest,known,403,manifest,"Client error '403 ' for url 'https://openapiproext.bnf.fr/iiif/presentation/v3/ark:/12148/bpt6k39611766/manifest.json'
For more information check: https://developer.mozilla.org/en-US/docs/Web/HTTP/Status/403",2026-07-17T14:12:38.490803
aurore1943,bpt6k3882656s,,failed,0,0,,http_manifest,known,403,manifest,"Client error '403 ' for url 'https://openapiproext.bnf.fr/iiif/presentation/v3/ark:/12148/bpt6k3882656s/manifest.json'
For more information check: https://developer.mozilla.org/en-US/docs/Web/HTTP/Status/403",2026-07-17T14:12:39.657716
aurore1943,bpt6k3961177m,,failed,0,0,,http_manifest,known,403,manifest,"Client error '403 ' for url 'https://openapiproext.bnf.fr/iiif/presentation/v3/ark:/12148/bpt6k3961177m/manifest.json'
For more information check: https://developer.mozilla.org/en-US/docs/Web/HTTP/Status/403",2026-07-17T14:12:40.856548
aurore1943,bpt6k38826576,,failed,0,0,,http_manifest,known,403,manifest,"Client error '403 ' for url 'https://openapiproext.bnf.fr/iiif/presentation/v3/ark:/12148/bpt6k38826576/manifest.json'
For more information check: https://developer.mozilla.org/en-US/docs/Web/HTTP/Status/403",2026-07-17T14:12:42.060265
aurore1943,bpt6k39611781,,failed,0,0,,http_manifest,known,403,manifest,"Client error '403 ' for url 'https://openapiproext.bnf.fr/iiif/presentation/v3/ark:/12148/bpt6k39611781/manifest.json'
For more information check: https://developer.mozilla.org/en-US/docs/Web/HTTP/Status/403",2026-07-17T14:12:43.263963
aurore1943,bpt6k3882658m,,failed,0,0,,http_manifest,known,403,manifest,"Client error '403 ' for url 'https://openapiproext.bnf.fr/iiif/presentation/v3/ark:/12148/bpt6k3882658m/manifest.json'
For more information check: https://developer.mozilla.org/en-US/docs/Web/HTTP/Status/403",2026-07-17T14:12:44.492944
aurore1943,bpt6k3961179f,,failed,0,0,,http_manifest,known,403,manifest,"Client error '403 ' for url 'https://openapiproext.bnf.fr/iiif/presentation/v3/ark:/12148/bpt6k3961179f/manifest.json'
For more information check: https://developer.mozilla.org/en-US/docs/Web/HTTP/Status/403",2026-07-17T14:12:45.666689
aurore1943,bpt6k38826591,,failed,0,0,,http_manifest,known,403,manifest,"Client error '403 ' for url 'https://openapiproext.bnf.fr/iiif/presentation/v3/ark:/12148/bpt6k38826591/manifest.json'
For more information check: https://developer.mozilla.org/en-US/docs/Web/HTTP/Status/403",2026-07-17T14:12:46.867449
aurore1943,bpt6k39611803,,failed,0,0,,http_manifest,known,403,manifest,"Client error '403 ' for url 'https://openapiproext.bnf.fr/iiif/presentation/v3/ark:/12148/bpt6k39611803/manifest.json'
For more information check: https://developer.mozilla.org/en-US/docs/Web/HTTP/Status/403",2026-07-17T14:12:48.069304
aurore1943,bpt6k3882660p,,failed,0,0,,http_manifest,known,403,manifest,"Client error '403 ' for url 'https://openapiproext.bnf.fr/iiif/presentation/v3/ark:/12148/bpt6k3882660p/manifest.json'
For more information check: https://developer.mozilla.org/en-US/docs/Web/HTTP/Status/403",2026-07-17T14:12:49.276561
aurore1943,bpt6k3961181h,,failed,0,0,,http_manifest,known,403,manifest,"Client error '403 ' for url 'https://openapiproext.bnf.fr/iiif/presentation/v3/ark:/12148/bpt6k3961181h/manifest.json'
For more information check: https://developer.mozilla.org/en-US/docs/Web/HTTP/Status/403",2026-07-17T14:12:50.472295
aurore1943,bpt6k38826613,,failed,0,0,,http_manifest,known,403,manifest,"Client error '403 ' for url 'https://openapiproext.bnf.fr/iiif/presentation/v3/ark:/12148/bpt6k38826613/manifest.json'
For more information check: https://developer.mozilla.org/en-US/docs/Web/HTTP/Status/403",2026-07-17T14:12:51.682421
aurore1943,bpt6k3961182x,,failed,0,0,,http_manifest,known,403,manifest,"Client error '403 ' for url 'https://openapiproext.bnf.fr/iiif/presentation/v3/ark:/12148/bpt6k3961182x/manifest.json'
For more information check: https://developer.mozilla.org/en-US/docs/Web/HTTP/Status/403",2026-07-17T14:12:52.880579
aurore1943,bpt6k3882662h,,failed,0,0,,http_manifest,known,403,manifest,"Client error '403 ' for url 'https://openapiproext.bnf.fr/iiif/presentation/v3/ark:/12148/bpt6k3882662h/manifest.json'
For more information check: https://developer.mozilla.org/en-US/docs/Web/HTTP/Status/403",2026-07-17T14:12:54.084249
aurore1943,bpt6k3961183b,,failed,0,0,,http_manifest,known,403,manifest,"Client error '403 ' for url 'https://openapiproext.bnf.fr/iiif/presentation/v3/ark:/12148/bpt6k3961183b/manifest.json'
For more information check: https://developer.mozilla.org/en-US/docs/Web/HTTP/Status/403",2026-07-17T14:12:55.278256
aurore1943,bpt6k3882663x,,failed,0,0,,http_manifest,known,403,manifest,"Client error '403 ' for url 'https://openapiproext.bnf.fr/iiif/presentation/v3/ark:/12148/bpt6k3882663x/manifest.json'
For more information check: https://developer.mozilla.org/en-US/docs/Web/HTTP/Status/403",2026-07-17T14:12:56.497910
aurore1943,bpt6k3961184r,,failed,0,0,,http_manifest,known,403,manifest,"Client error '403 ' for url 'https://openapiproext.bnf.fr/iiif/presentation/v3/ark:/12148/bpt6k3961184r/manifest.json'
For more information check: https://developer.mozilla.org/en-US/docs/Web/HTTP/Status/403",2026-07-17T14:12:57.731029
aurore1943,bpt6k3882664b,,failed,0,0,,http_manifest,known,403,manifest,"Client error '403 ' for url 'https://openapiproext.bnf.fr/iiif/presentation/v3/ark:/12148/bpt6k3882664b/manifest.json'
For more information check: https://developer.mozilla.org/en-US/docs/Web/HTTP/Status/403",2026-07-17T14:12:58.952354
aurore1943,bpt6k39611855,,failed,0,0,,http_manifest,known,403,manifest,"Client error '403 ' for url 'https://openapiproext.bnf.fr/iiif/presentation/v3/ark:/12148/bpt6k39611855/manifest.json'
For more information check: https://developer.mozilla.org/en-US/docs/Web/HTTP/Status/403",2026-07-17T14:13:00.082508
aurore1943,bpt6k3882665r,,failed,0,0,,http_manifest,known,403,manifest,"Client error '403 ' for url 'https://openapiproext.bnf.fr/iiif/presentation/v3/ark:/12148/bpt6k3882665r/manifest.json'
For more information check: https://developer.mozilla.org/en-US/docs/Web/HTTP/Status/403",2026-07-17T14:13:01.534731
aurore1943,bpt6k3961186k,,failed,0,0,,http_manifest,known,403,manifest,"Client error '403 ' for url 'https://openapiproext.bnf.fr/iiif/presentation/v3/ark:/12148/bpt6k3961186k/manifest.json'
For more information check: https://developer.mozilla.org/en-US/docs/Web/HTTP/Status/403",2026-07-17T14:13:02.533066
aurore1943,bpt6k38826665,,failed,0,0,,http_manifest,known,403,manifest,"Client error '403 ' for url 'https://openapiproext.bnf.fr/iiif/presentation/v3/ark:/12148/bpt6k38826665/manifest.json'
For more information check: https://developer.mozilla.org/en-US/docs/Web/HTTP/Status/403",2026-07-17T14:13:03.689827
aurore1943,bpt6k3882815j,,failed,0,0,,http_manifest,known,403,manifest,"Client error '403 ' for url 'https://openapiproext.bnf.fr/iiif/presentation/v3/ark:/12148/bpt6k3882815j/manifest.json'
For more information check: https://developer.mozilla.org/en-US/docs/Web/HTTP/Status/403",2026-07-17T14:13:04.995065
aurore1943,bpt6k39611870,,failed,0,0,,http_manifest,known,403,manifest,"Client error '403 ' for url 'https://openapiproext.bnf.fr/iiif/presentation/v3/ark:/12148/bpt6k39611870/manifest.json'
For more information check: https://developer.mozilla.org/en-US/docs/Web/HTTP/Status/403",2026-07-17T14:13:06.313292
aurore1943,bpt6k3882667k,,failed,0,0,,http_manifest,known,403,manifest,"Client error '403 ' for url 'https://openapiproext.bnf.fr/iiif/presentation/v3/ark:/12148/bpt6k3882667k/manifest.json'
For more information check: https://developer.mozilla.org/en-US/docs/Web/HTTP/Status/403",2026-07-17T14:13:07.297304
aurore1943,bpt6k3961188d,,failed,0,0,,http_manifest,known,403,manifest,"Client error '403 ' for url 'https://openapiproext.bnf.fr/iiif/presentation/v3/ark:/12148/bpt6k3961188d/manifest.json'
For more information check: https://developer.mozilla.org/en-US/docs/Web/HTTP/Status/403",2026-07-17T14:13:08.725669
aurore1943,bpt6k38826680,,failed,0,0,,http_manifest,known,403,manifest,"Client error '403 ' for url 'https://openapiproext.bnf.fr/iiif/presentation/v3/ark:/12148/bpt6k38826680/manifest.json'
For more information check: https://developer.mozilla.org/en-US/docs/Web/HTTP/Status/403",2026-07-17T14:13:09.873689
aurore1943,bpt6k3961189t,,failed,0,0,,http_manifest,known,403,manifest,"Client error '403 ' for url 'https://openapiproext.bnf.fr/iiif/presentation/v3/ark:/12148/bpt6k3961189t/manifest.json'
For more information check: https://developer.mozilla.org/en-US/docs/Web/HTTP/Status/403",2026-07-17T14:13:10.902079
aurore1943,bpt6k3882669d,,failed,0,0,,http_manifest,known,403,manifest,"Client error '403 ' for url 'https://openapiproext.bnf.fr/iiif/presentation/v3/ark:/12148/bpt6k3882669d/manifest.json'
For more information check: https://developer.mozilla.org/en-US/docs/Web/HTTP/Status/403",2026-07-17T14:13:12.139380
aurore1943,bpt6k3961190g,,failed,0,0,,http_manifest,known,403,manifest,"Client error '403 ' for url 'https://openapiproext.bnf.fr/iiif/presentation/v3/ark:/12148/bpt6k3961190g/manifest.json'
For more information check: https://developer.mozilla.org/en-US/docs/Web/HTTP/Status/403",2026-07-17T14:13:13.304138
aurore1943,bpt6k38826702,,failed,0,0,,http_manifest,known,403,manifest,"Client error '403 ' for url 'https://openapiproext.bnf.fr/iiif/presentation/v3/ark:/12148/bpt6k38826702/manifest.json'
For more information check: https://developer.mozilla.org/en-US/docs/Web/HTTP/Status/403",2026-07-17T14:13:14.580670
aurore1943,bpt6k3961191w,,failed,0,0,,http_manifest,known,403,manifest,"Client error '403 ' for url 'https://openapiproext.bnf.fr/iiif/presentation/v3/ark:/12148/bpt6k3961191w/manifest.json'
For more information check: https://developer.mozilla.org/en-US/docs/Web/HTTP/Status/403",2026-07-17T14:13:15.708626
aurore1943,bpt6k3882671g,,failed,0,0,,http_manifest,known,403,manifest,"Client error '403 ' for url 'https://openapiproext.bnf.fr/iiif/presentation/v3/ark:/12148/bpt6k3882671g/manifest.json'
For more information check: https://developer.mozilla.org/en-US/docs/Web/HTTP/Status/403",2026-07-17T14:13:16.909554
aurore1943,bpt6k39611929,,failed,0,0,,http_manifest,known,403,manifest,"Client error '403 ' for url 'https://openapiproext.bnf.fr/iiif/presentation/v3/ark:/12148/bpt6k39611929/manifest.json'
For more information check: https://developer.mozilla.org/en-US/docs/Web/HTTP/Status/403",2026-07-17T14:13:18.115421
aurore1943,bpt6k3882672w,,failed,0,0,,http_manifest,known,403,manifest,"Client error '403 ' for url 'https://openapiproext.bnf.fr/iiif/presentation/v3/ark:/12148/bpt6k3882672w/manifest.json'
For more information check: https://developer.mozilla.org/en-US/docs/Web/HTTP/Status/403",2026-07-17T14:13:19.315398
aurore1943,bpt6k3961193q,,failed,0,0,,http_manifest,known,403,manifest,"Client error '403 ' for url 'https://openapiproext.bnf.fr/iiif/presentation/v3/ark:/12148/bpt6k3961193q/manifest.json'
For more information check: https://developer.mozilla.org/en-US/docs/Web/HTTP/Status/403",2026-07-17T14:13:20.535523
aurore1943,bpt6k38826739,,failed,0,0,,http_manifest,known,403,manifest,"Client error '403 ' for url 'https://openapiproext.bnf.fr/iiif/presentation/v3/ark:/12148/bpt6k38826739/manifest.json'
For more information check: https://developer.mozilla.org/en-US/docs/Web/HTTP/Status/403",2026-07-17T14:13:21.726714
aurore1943,bpt6k39611944,,failed,0,0,,http_manifest,known,403,manifest,"Client error '403 ' for url 'https://openapiproext.bnf.fr/iiif/presentation/v3/ark:/12148/bpt6k39611944/manifest.json'
For more information check: https://developer.mozilla.org/en-US/docs/Web/HTTP/Status/403",2026-07-17T14:13:22.921857
aurore1943,bpt6k3882674q,,failed,0,0,,http_manifest,known,403,manifest,"Client error '403 ' for url 'https://openapiproext.bnf.fr/iiif/presentation/v3/ark:/12148/bpt6k3882674q/manifest.json'
For more information check: https://developer.mozilla.org/en-US/docs/Web/HTTP/Status/403",2026-07-17T14:13:24.117865
aurore1943,bpt6k3961195j,,failed,0,0,,http_manifest,known,403,manifest,"Client error '403 ' for url 'https://openapiproext.bnf.fr/iiif/presentation/v3/ark:/12148/bpt6k3961195j/manifest.json'
For more information check: https://developer.mozilla.org/en-US/docs/Web/HTTP/Status/403",2026-07-17T14:13:25.324490
aurore1943,bpt6k38826754,,failed,0,0,,http_manifest,known,403,manifest,"Client error '403 ' for url 'https://openapiproext.bnf.fr/iiif/presentation/v3/ark:/12148/bpt6k38826754/manifest.json'
For more information check: https://developer.mozilla.org/en-US/docs/Web/HTTP/Status/403",2026-07-17T14:13:26.549088
aurore1943,bpt6k3961196z,,failed,0,0,,http_manifest,known,403,manifest,"Client error '403 ' for url 'https://openapiproext.bnf.fr/iiif/presentation/v3/ark:/12148/bpt6k3961196z/manifest.json'
For more information check: https://developer.mozilla.org/en-US/docs/Web/HTTP/Status/403",2026-07-17T14:13:27.724568
aurore1943,bpt6k3882676j,,failed,0,0,,http_manifest,known,403,manifest,"Client error '403 ' for url 'https://openapiproext.bnf.fr/iiif/presentation/v3/ark:/12148/bpt6k3882676j/manifest.json'
For more information check: https://developer.mozilla.org/en-US/docs/Web/HTTP/Status/403",2026-07-17T14:13:28.932139
aurore1943,bpt6k3961197c,,failed,0,0,,http_manifest,known,403,manifest,"Client error '403 ' for url 'https://openapiproext.bnf.fr/iiif/presentation/v3/ark:/12148/bpt6k3961197c/manifest.json'
For more information check: https://developer.mozilla.org/en-US/docs/Web/HTTP/Status/403",2026-07-17T14:13:30.138404
aurore1943,bpt6k3882677z,,failed,0,0,,http_manifest,known,403,manifest,"Client error '403 ' for url 'https://openapiproext.bnf.fr/iiif/presentation/v3/ark:/12148/bpt6k3882677z/manifest.json'
For more information check: https://developer.mozilla.org/en-US/docs/Web/HTTP/Status/403",2026-07-17T14:13:31.330073
aurore1943,bpt6k3961198s,,failed,0,0,,http_manifest,known,403,manifest,"Client error '403 ' for url 'https://openapiproext.bnf.fr/iiif/presentation/v3/ark:/12148/bpt6k3961198s/manifest.json'
For more information check: https://developer.mozilla.org/en-US/docs/Web/HTTP/Status/403",2026-07-17T14:13:32.534460
aurore1943,bpt6k3882678c,,failed,0,0,,http_manifest,known,403,manifest,"Client error '403 ' for url 'https://openapiproext.bnf.fr/iiif/presentation/v3/ark:/12148/bpt6k3882678c/manifest.json'
For more information check: https://developer.mozilla.org/en-US/docs/Web/HTTP/Status/403",2026-07-17T14:13:33.738200
aurore1943,bpt6k39611996,,failed,0,0,,http_manifest,known,403,manifest,"Client error '403 ' for url 'https://openapiproext.bnf.fr/iiif/presentation/v3/ark:/12148/bpt6k39611996/manifest.json'
For more information check: https://developer.mozilla.org/en-US/docs/Web/HTTP/Status/403",2026-07-17T14:13:34.937262
aurore1943,bpt6k3882679s,,failed,0,0,,http_manifest,known,403,manifest,"Client error '403 ' for url 'https://openapiproext.bnf.fr/iiif/presentation/v3/ark:/12148/bpt6k3882679s/manifest.json'
For more information check: https://developer.mozilla.org/en-US/docs/Web/HTTP/Status/403",2026-07-17T14:13:36.135682
aurore1943,bpt6k3961200d,,failed,0,0,,http_manifest,known,403,manifest,"Client error '403 ' for url 'https://openapiproext.bnf.fr/iiif/presentation/v3/ark:/12148/bpt6k3961200d/manifest.json'
For more information check: https://developer.mozilla.org/en-US/docs/Web/HTTP/Status/403",2026-07-17T14:13:37.340770
aurore1943,bpt6k3882680f,,failed,0,0,,http_manifest,known,403,manifest,"Client error '403 ' for url 'https://openapiproext.bnf.fr/iiif/presentation/v3/ark:/12148/bpt6k3882680f/manifest.json'
For more information check: https://developer.mozilla.org/en-US/docs/Web/HTTP/Status/403",2026-07-17T14:13:38.565124
aurore1943,bpt6k3961201t,,failed,0,0,,http_manifest,known,403,manifest,"Client error '403 ' for url 'https://openapiproext.bnf.fr/iiif/presentation/v3/ark:/12148/bpt6k3961201t/manifest.json'
For more information check: https://developer.mozilla.org/en-US/docs/Web/HTTP/Status/403",2026-07-17T14:13:39.744775
aurore1943,bpt6k3882681v,,failed,0,0,,http_manifest,known,403,manifest,"Client error '403 ' for url 'https://openapiproext.bnf.fr/iiif/presentation/v3/ark:/12148/bpt6k3882681v/manifest.json'
For more information check: https://developer.mozilla.org/en-US/docs/Web/HTTP/Status/403",2026-07-17T14:13:40.957575
aurore1943,bpt6k39612027,,failed,0,0,,http_manifest,known,403,manifest,"Client error '403 ' for url 'https://openapiproext.bnf.fr/iiif/presentation/v3/ark:/12148/bpt6k39612027/manifest.json'
For more information check: https://developer.mozilla.org/en-US/docs/Web/HTTP/Status/403",2026-07-17T14:13:42.146777
aurore1943,bpt6k38826828,,failed,0,0,,http_manifest,known,403,manifest,"Client error '403 ' for url 'https://openapiproext.bnf.fr/iiif/presentation/v3/ark:/12148/bpt6k38826828/manifest.json'
For more information check: https://developer.mozilla.org/en-US/docs/Web/HTTP/Status/403",2026-07-17T14:13:43.347956
aurore1943,bpt6k3961203n,,failed,0,0,,http_manifest,known,403,manifest,"Client error '403 ' for url 'https://openapiproext.bnf.fr/iiif/presentation/v3/ark:/12148/bpt6k3961203n/manifest.json'
For more information check: https://developer.mozilla.org/en-US/docs/Web/HTTP/Status/403",2026-07-17T14:13:44.636186
aurore1943,bpt6k3882683p,,failed,0,0,,http_manifest,known,403,manifest,"Client error '403 ' for url 'https://openapiproext.bnf.fr/iiif/presentation/v3/ark:/12148/bpt6k3882683p/manifest.json'
For more information check: https://developer.mozilla.org/en-US/docs/Web/HTTP/Status/403",2026-07-17T14:13:45.754371
aurore1943,bpt6k39612042,,failed,0,0,,http_manifest,known,403,manifest,"Client error '403 ' for url 'https://openapiproext.bnf.fr/iiif/presentation/v3/ark:/12148/bpt6k39612042/manifest.json'
For more information check: https://developer.mozilla.org/en-US/docs/Web/HTTP/Status/403",2026-07-17T14:13:46.954773
aurore1943,bpt6k38826843,,failed,0,0,,http_manifest,known,403,manifest,"Client error '403 ' for url 'https://openapiproext.bnf.fr/iiif/presentation/v3/ark:/12148/bpt6k38826843/manifest.json'
For more information check: https://developer.mozilla.org/en-US/docs/Web/HTTP/Status/403",2026-07-17T14:13:48.157178
aurore1943,bpt6k3961205g,,failed,0,0,,http_manifest,known,403,manifest,"Client error '403 ' for url 'https://openapiproext.bnf.fr/iiif/presentation/v3/ark:/12148/bpt6k3961205g/manifest.json'
For more information check: https://developer.mozilla.org/en-US/docs/Web/HTTP/Status/403",2026-07-17T14:13:49.354806
aurore1943,bpt6k3882685h,,failed,0,0,,http_manifest,known,403,manifest,"Client error '403 ' for url 'https://openapiproext.bnf.fr/iiif/presentation/v3/ark:/12148/bpt6k3882685h/manifest.json'
For more information check: https://developer.mozilla.org/en-US/docs/Web/HTTP/Status/403",2026-07-17T14:13:50.581101
aurore1943,bpt6k3961206w,,failed,0,0,,http_manifest,known,403,manifest,"Client error '403 ' for url 'https://openapiproext.bnf.fr/iiif/presentation/v3/ark:/12148/bpt6k3961206w/manifest.json'
For more information check: https://developer.mozilla.org/en-US/docs/Web/HTTP/Status/403",2026-07-17T14:13:51.757591
aurore1943,bpt6k3882686x,,failed,0,0,,http_manifest,known,403,manifest,"Client error '403 ' for url 'https://openapiproext.bnf.fr/iiif/presentation/v3/ark:/12148/bpt6k3882686x/manifest.json'
For more information check: https://developer.mozilla.org/en-US/docs/Web/HTTP/Status/403",2026-07-17T14:13:52.959478
aurore1943,bpt6k39612079,,failed,0,0,,http_manifest,known,403,manifest,"Client error '403 ' for url 'https://openapiproext.bnf.fr/iiif/presentation/v3/ark:/12148/bpt6k39612079/manifest.json'
For more information check: https://developer.mozilla.org/en-US/docs/Web/HTTP/Status/403",2026-07-17T14:13:54.161740
aurore1943,bpt6k3882687b,,failed,0,0,,http_manifest,known,403,manifest,"Client error '403 ' for url 'https://openapiproext.bnf.fr/iiif/presentation/v3/ark:/12148/bpt6k3882687b/manifest.json'
For more information check: https://developer.mozilla.org/en-US/docs/Web/HTTP/Status/403",2026-07-17T14:13:55.363694
aurore1943,bpt6k3961208q,,failed,0,0,,http_manifest,known,403,manifest,"Client error '403 ' for url 'https://openapiproext.bnf.fr/iiif/presentation/v3/ark:/12148/bpt6k3961208q/manifest.json'
For more information check: https://developer.mozilla.org/en-US/docs/Web/HTTP/Status/403",2026-07-17T14:13:56.591971
aurore1943,bpt6k3882688r,,failed,0,0,,http_manifest,known,403,manifest,"Client error '403 ' for url 'https://openapiproext.bnf.fr/iiif/presentation/v3/ark:/12148/bpt6k3882688r/manifest.json'
For more information check: https://developer.mozilla.org/en-US/docs/Web/HTTP/Status/403",2026-07-17T14:13:57.784945
aurore1943,bpt6k3882816z,,failed,0,0,,http_manifest,known,403,manifest,"Client error '403 ' for url 'https://openapiproext.bnf.fr/iiif/presentation/v3/ark:/12148/bpt6k3882816z/manifest.json'
For more information check: https://developer.mozilla.org/en-US/docs/Web/HTTP/Status/403",2026-07-17T14:13:59.077778
aurore1943,bpt6k3961335z,,failed,0,0,,http_manifest,known,403,manifest,"Client error '403 ' for url 'https://openapiproext.bnf.fr/iiif/presentation/v3/ark:/12148/bpt6k3961335z/manifest.json'
For more information check: https://developer.mozilla.org/en-US/docs/Web/HTTP/Status/403",2026-07-17T14:14:00.189311
aurore1943,bpt6k38828144,,failed,0,0,,http_manifest,known,403,manifest,"Client error '403 ' for url 'https://openapiproext.bnf.fr/iiif/presentation/v3/ark:/12148/bpt6k38828144/manifest.json'
For more information check: https://developer.mozilla.org/en-US/docs/Web/HTTP/Status/403",2026-07-17T14:14:01.509342
aurore1943,bpt6k39612094,,failed,0,0,,http_manifest,known,403,manifest,"Client error '403 ' for url 'https://openapiproext.bnf.fr/iiif/presentation/v3/ark:/12148/bpt6k39612094/manifest.json'
For more information check: https://developer.mozilla.org/en-US/docs/Web/HTTP/Status/403",2026-07-17T14:14:02.816073
aurore1943,bpt6k38826895,,failed,0,0,,http_manifest,known,403,manifest,"Client error '403 ' for url 'https://openapiproext.bnf.fr/iiif/presentation/v3/ark:/12148/bpt6k38826895/manifest.json'
For more information check: https://developer.mozilla.org/en-US/docs/Web/HTTP/Status/403",2026-07-17T14:14:03.902079
aurore1943,bpt6k3961210s,,failed,0,0,,http_manifest,known,403,manifest,"Client error '403 ' for url 'https://openapiproext.bnf.fr/iiif/presentation/v3/ark:/12148/bpt6k3961210s/manifest.json'
For more information check: https://developer.mozilla.org/en-US/docs/Web/HTTP/Status/403",2026-07-17T14:14:05.118839
aurore1943,bpt6k3882690t,,failed,0,0,,http_manifest,known,403,manifest,"Client error '403 ' for url 'https://openapiproext.bnf.fr/iiif/presentation/v3/ark:/12148/bpt6k3882690t/manifest.json'
For more information check: https://developer.mozilla.org/en-US/docs/Web/HTTP/Status/403",2026-07-17T14:14:06.285295
aurore1943,bpt6k39612116,,failed,0,0,,http_manifest,known,403,manifest,"Client error '403 ' for url 'https://openapiproext.bnf.fr/iiif/presentation/v3/ark:/12148/bpt6k39612116/manifest.json'
For more information check: https://developer.mozilla.org/en-US/docs/Web/HTTP/Status/403",2026-07-17T14:14:07.379396
aurore1943,bpt6k38826917,,failed,0,0,,http_manifest,known,403,manifest,"Client error '403 ' for url 'https://openapiproext.bnf.fr/iiif/presentation/v3/ark:/12148/bpt6k38826917/manifest.json'
For more information check: https://developer.mozilla.org/en-US/docs/Web/HTTP/Status/403",2026-07-17T14:14:08.606060
aurore1943,bpt6k3961212m,,failed,0,0,,http_manifest,known,403,manifest,"Client error '403 ' for url 'https://openapiproext.bnf.fr/iiif/presentation/v3/ark:/12148/bpt6k3961212m/manifest.json'
For more information check: https://developer.mozilla.org/en-US/docs/Web/HTTP/Status/403",2026-07-17T14:14:09.782616
aurore1943,bpt6k3882692n,,failed,0,0,,http_manifest,known,403,manifest,"Client error '403 ' for url 'https://openapiproext.bnf.fr/iiif/presentation/v3/ark:/12148/bpt6k3882692n/manifest.json'
For more information check: https://developer.mozilla.org/en-US/docs/Web/HTTP/Status/403",2026-07-17T14:14:10.984425
aurore1943,bpt6k39612131,,failed,0,0,,http_manifest,known,403,manifest,"Client error '403 ' for url 'https://openapiproext.bnf.fr/iiif/presentation/v3/ark:/12148/bpt6k39612131/manifest.json'
For more information check: https://developer.mozilla.org/en-US/docs/Web/HTTP/Status/403",2026-07-17T14:14:12.184913
aurore1943,bpt6k38826932,,failed,0,0,,http_manifest,known,403,manifest,"Client error '403 ' for url 'https://openapiproext.bnf.fr/iiif/presentation/v3/ark:/12148/bpt6k38826932/manifest.json'
For more information check: https://developer.mozilla.org/en-US/docs/Web/HTTP/Status/403",2026-07-17T14:14:13.387053
aurore1943,bpt6k3961214f,,failed,0,0,,http_manifest,known,403,manifest,"Client error '403 ' for url 'https://openapiproext.bnf.fr/iiif/presentation/v3/ark:/12148/bpt6k3961214f/manifest.json'
For more information check: https://developer.mozilla.org/en-US/docs/Web/HTTP/Status/403",2026-07-17T14:14:14.592553
aurore1943,bpt6k3882694g,,failed,0,0,,http_manifest,known,403,manifest,"Client error '403 ' for url 'https://openapiproext.bnf.fr/iiif/presentation/v3/ark:/12148/bpt6k3882694g/manifest.json'
For more information check: https://developer.mozilla.org/en-US/docs/Web/HTTP/Status/403",2026-07-17T14:14:15.787712
aurore1943,bpt6k3961215v,,failed,0,0,,http_manifest,known,403,manifest,"Client error '403 ' for url 'https://openapiproext.bnf.fr/iiif/presentation/v3/ark:/12148/bpt6k3961215v/manifest.json'
For more information check: https://developer.mozilla.org/en-US/docs/Web/HTTP/Status/403",2026-07-17T14:14:16.993163
aurore1943,bpt6k3882695w,,failed,0,0,,http_manifest,known,403,manifest,"Client error '403 ' for url 'https://openapiproext.bnf.fr/iiif/presentation/v3/ark:/12148/bpt6k3882695w/manifest.json'
For more information check: https://developer.mozilla.org/en-US/docs/Web/HTTP/Status/403",2026-07-17T14:14:18.194015
aurore1943,bpt6k39612168,,failed,0,0,,http_manifest,known,403,manifest,"Client error '403 ' for url 'https://openapiproext.bnf.fr/iiif/presentation/v3/ark:/12148/bpt6k39612168/manifest.json'
For more information check: https://developer.mozilla.org/en-US/docs/Web/HTTP/Status/403",2026-07-17T14:14:19.395913
aurore1943,bpt6k38826969,,failed,0,0,,http_manifest,known,403,manifest,"Client error '403 ' for url 'https://openapiproext.bnf.fr/iiif/presentation/v3/ark:/12148/bpt6k38826969/manifest.json'
For more information check: https://developer.mozilla.org/en-US/docs/Web/HTTP/Status/403",2026-07-17T14:14:20.623668
aurore1943,bpt6k3961217p,,failed,0,0,,http_manifest,known,403,manifest,"Client error '403 ' for url 'https://openapiproext.bnf.fr/iiif/presentation/v3/ark:/12148/bpt6k3961217p/manifest.json'
For more information check: https://developer.mozilla.org/en-US/docs/Web/HTTP/Status/403",2026-07-17T14:14:21.797487
aurore1943,bpt6k3882697q,,failed,0,0,,http_manifest,known,403,manifest,"Client error '403 ' for url 'https://openapiproext.bnf.fr/iiif/presentation/v3/ark:/12148/bpt6k3882697q/manifest.json'
For more information check: https://developer.mozilla.org/en-US/docs/Web/HTTP/Status/403",2026-07-17T14:14:22.998008
aurore1943,bpt6k39612183,,failed,0,0,,http_manifest,known,403,manifest,"Client error '403 ' for url 'https://openapiproext.bnf.fr/iiif/presentation/v3/ark:/12148/bpt6k39612183/manifest.json'
For more information check: https://developer.mozilla.org/en-US/docs/Web/HTTP/Status/403",2026-07-17T14:14:24.200386
aurore1943,bpt6k38826984,,failed,0,0,,http_manifest,known,403,manifest,"Client error '403 ' for url 'https://openapiproext.bnf.fr/iiif/presentation/v3/ark:/12148/bpt6k38826984/manifest.json'
For more information check: https://developer.mozilla.org/en-US/docs/Web/HTTP/Status/403",2026-07-17T14:14:25.400792
aurore1943,bpt6k3961219h,,failed,0,0,,http_manifest,known,403,manifest,"Client error '403 ' for url 'https://openapiproext.bnf.fr/iiif/presentation/v3/ark:/12148/bpt6k3961219h/manifest.json'
For more information check: https://developer.mozilla.org/en-US/docs/Web/HTTP/Status/403",2026-07-17T14:14:26.631552
aurore1943,bpt6k3882699j,,failed,0,0,,http_manifest,known,403,manifest,"Client error '403 ' for url 'https://openapiproext.bnf.fr/iiif/presentation/v3/ark:/12148/bpt6k3882699j/manifest.json'
For more information check: https://developer.mozilla.org/en-US/docs/Web/HTTP/Status/403",2026-07-17T14:14:27.805577
aurore1943,bpt6k39612205,,failed,0,0,,http_manifest,known,403,manifest,"Client error '403 ' for url 'https://openapiproext.bnf.fr/iiif/presentation/v3/ark:/12148/bpt6k39612205/manifest.json'
For more information check: https://developer.mozilla.org/en-US/docs/Web/HTTP/Status/403",2026-07-17T14:14:29.004584
aurore1943,bpt6k3882700r,,failed,0,0,,http_manifest,known,403,manifest,"Client error '403 ' for url 'https://openapiproext.bnf.fr/iiif/presentation/v3/ark:/12148/bpt6k3882700r/manifest.json'
For more information check: https://developer.mozilla.org/en-US/docs/Web/HTTP/Status/403",2026-07-17T14:14:30.210177
aurore1943,bpt6k3961221k,,failed,0,0,,http_manifest,known,403,manifest,"Client error '403 ' for url 'https://openapiproext.bnf.fr/iiif/presentation/v3/ark:/12148/bpt6k3961221k/manifest.json'
For more information check: https://developer.mozilla.org/en-US/docs/Web/HTTP/Status/403",2026-07-17T14:14:31.410267
aurore1943,bpt6k38827015,,failed,0,0,,http_manifest,known,403,manifest,"Client error '403 ' for url 'https://openapiproext.bnf.fr/iiif/presentation/v3/ark:/12148/bpt6k38827015/manifest.json'
For more information check: https://developer.mozilla.org/en-US/docs/Web/HTTP/Status/403",2026-07-17T14:14:32.615582
aurore1943,bpt6k39612220,,failed,0,0,,http_manifest,known,403,manifest,"Client error '403 ' for url 'https://openapiproext.bnf.fr/iiif/presentation/v3/ark:/12148/bpt6k39612220/manifest.json'
For more information check: https://developer.mozilla.org/en-US/docs/Web/HTTP/Status/403",2026-07-17T14:14:33.816705
aurore1943,bpt6k3882702k,,failed,0,0,,http_manifest,known,403,manifest,"Client error '403 ' for url 'https://openapiproext.bnf.fr/iiif/presentation/v3/ark:/12148/bpt6k3882702k/manifest.json'
For more information check: https://developer.mozilla.org/en-US/docs/Web/HTTP/Status/403",2026-07-17T14:14:35.014962
aurore1943,bpt6k3961223d,,failed,0,0,,http_manifest,known,403,manifest,"Client error '403 ' for url 'https://openapiproext.bnf.fr/iiif/presentation/v3/ark:/12148/bpt6k3961223d/manifest.json'
For more information check: https://developer.mozilla.org/en-US/docs/Web/HTTP/Status/403",2026-07-17T14:14:36.217055
aurore1943,bpt6k38827030,,failed,0,0,,http_manifest,known,403,manifest,"Client error '403 ' for url 'https://openapiproext.bnf.fr/iiif/presentation/v3/ark:/12148/bpt6k38827030/manifest.json'
For more information check: https://developer.mozilla.org/en-US/docs/Web/HTTP/Status/403",2026-07-17T14:14:37.419065
aurore1943,bpt6k3961224t,,failed,0,0,,http_manifest,known,403,manifest,"Client error '403 ' for url 'https://openapiproext.bnf.fr/iiif/presentation/v3/ark:/12148/bpt6k3961224t/manifest.json'
For more information check: https://developer.mozilla.org/en-US/docs/Web/HTTP/Status/403",2026-07-17T14:14:38.641589
aurore1943,bpt6k3882704d,,failed,0,0,,http_manifest,known,403,manifest,"Client error '403 ' for url 'https://openapiproext.bnf.fr/iiif/presentation/v3/ark:/12148/bpt6k3882704d/manifest.json'
For more information check: https://developer.mozilla.org/en-US/docs/Web/HTTP/Status/403",2026-07-17T14:14:39.821286
aurore1943,bpt6k39612257,,failed,0,0,,http_manifest,known,403,manifest,"Client error '403 ' for url 'https://openapiproext.bnf.fr/iiif/presentation/v3/ark:/12148/bpt6k39612257/manifest.json'
For more information check: https://developer.mozilla.org/en-US/docs/Web/HTTP/Status/403",2026-07-17T14:14:41.023335
aurore1943,bpt6k3882705t,,failed,0,0,,http_manifest,known,403,manifest,"Client error '403 ' for url 'https://openapiproext.bnf.fr/iiif/presentation/v3/ark:/12148/bpt6k3882705t/manifest.json'
For more information check: https://developer.mozilla.org/en-US/docs/Web/HTTP/Status/403",2026-07-17T14:14:42.224662
aurore1943,bpt6k3961226n,,failed,0,0,,http_manifest,known,403,manifest,"Client error '403 ' for url 'https://openapiproext.bnf.fr/iiif/presentation/v3/ark:/12148/bpt6k3961226n/manifest.json'
For more information check: https://developer.mozilla.org/en-US/docs/Web/HTTP/Status/403",2026-07-17T14:14:43.426003
aurore1943,bpt6k38827067,,failed,0,0,,http_manifest,known,403,manifest,"Client error '403 ' for url 'https://openapiproext.bnf.fr/iiif/presentation/v3/ark:/12148/bpt6k38827067/manifest.json'
For more information check: https://developer.mozilla.org/en-US/docs/Web/HTTP/Status/403",2026-07-17T14:14:44.627843
aurore1943,bpt6k39612272,,failed,0,0,,http_manifest,known,403,manifest,"Client error '403 ' for url 'https://openapiproext.bnf.fr/iiif/presentation/v3/ark:/12148/bpt6k39612272/manifest.json'
For more information check: https://developer.mozilla.org/en-US/docs/Web/HTTP/Status/403",2026-07-17T14:14:45.827235
aurore1943,bpt6k3882707n,,failed,0,0,,http_manifest,known,403,manifest,"Client error '403 ' for url 'https://openapiproext.bnf.fr/iiif/presentation/v3/ark:/12148/bpt6k3882707n/manifest.json'
For more information check: https://developer.mozilla.org/en-US/docs/Web/HTTP/Status/403",2026-07-17T14:14:47.030174
aurore1943,bpt6k3961228g,,failed,0,0,,http_manifest,known,403,manifest,"Client error '403 ' for url 'https://openapiproext.bnf.fr/iiif/presentation/v3/ark:/12148/bpt6k3961228g/manifest.json'
For more information check: https://developer.mozilla.org/en-US/docs/Web/HTTP/Status/403",2026-07-17T14:14:48.232311
aurore1943,bpt6k38827082,,failed,0,0,,http_manifest,known,403,manifest,"Client error '403 ' for url 'https://openapiproext.bnf.fr/iiif/presentation/v3/ark:/12148/bpt6k38827082/manifest.json'
For more information check: https://developer.mozilla.org/en-US/docs/Web/HTTP/Status/403",2026-07-17T14:14:49.435398
aurore1943,bpt6k3961229w,,failed,0,0,,http_manifest,known,403,manifest,"Client error '403 ' for url 'https://openapiproext.bnf.fr/iiif/presentation/v3/ark:/12148/bpt6k3961229w/manifest.json'
For more information check: https://developer.mozilla.org/en-US/docs/Web/HTTP/Status/403",2026-07-17T14:14:50.659858
aurore1943,bpt6k3882709g,,failed,0,0,,http_manifest,known,403,manifest,"Client error '403 ' for url 'https://openapiproext.bnf.fr/iiif/presentation/v3/ark:/12148/bpt6k3882709g/manifest.json'
For more information check: https://developer.mozilla.org/en-US/docs/Web/HTTP/Status/403",2026-07-17T14:14:51.837837
aurore1943,bpt6k3961230j,,failed,0,0,,http_manifest,known,403,manifest,"Client error '403 ' for url 'https://openapiproext.bnf.fr/iiif/presentation/v3/ark:/12148/bpt6k3961230j/manifest.json'
For more information check: https://developer.mozilla.org/en-US/docs/Web/HTTP/Status/403",2026-07-17T14:14:53.043525
aurore1943,bpt6k38827104,,failed,0,0,,http_manifest,known,403,manifest,"Client error '403 ' for url 'https://openapiproext.bnf.fr/iiif/presentation/v3/ark:/12148/bpt6k38827104/manifest.json'
For more information check: https://developer.mozilla.org/en-US/docs/Web/HTTP/Status/403",2026-07-17T14:14:54.238726
aurore1943,bpt6k3961231z,,failed,0,0,,http_manifest,known,403,manifest,"Client error '403 ' for url 'https://openapiproext.bnf.fr/iiif/presentation/v3/ark:/12148/bpt6k3961231z/manifest.json'
For more information check: https://developer.mozilla.org/en-US/docs/Web/HTTP/Status/403",2026-07-17T14:14:55.442539
aurore1943,bpt6k3882711j,,failed,0,0,,http_manifest,known,403,manifest,"Client error '403 ' for url 'https://openapiproext.bnf.fr/iiif/presentation/v3/ark:/12148/bpt6k3882711j/manifest.json'
For more information check: https://developer.mozilla.org/en-US/docs/Web/HTTP/Status/403",2026-07-17T14:14:56.698086
aurore1943,bpt6k3961232c,,failed,0,0,,http_manifest,known,403,manifest,"Client error '403 ' for url 'https://openapiproext.bnf.fr/iiif/presentation/v3/ark:/12148/bpt6k3961232c/manifest.json'
For more information check: https://developer.mozilla.org/en-US/docs/Web/HTTP/Status/403",2026-07-17T14:14:58.048579
aurore1943,bpt6k3882712z,,failed,0,0,,http_manifest,known,403,manifest,"Client error '403 ' for url 'https://openapiproext.bnf.fr/iiif/presentation/v3/ark:/12148/bpt6k3882712z/manifest.json'
For more information check: https://developer.mozilla.org/en-US/docs/Web/HTTP/Status/403",2026-07-17T14:14:59.049365
aurore1943,bpt6k3961233s,,failed,0,0,,http_manifest,known,403,manifest,"Client error '403 ' for url 'https://openapiproext.bnf.fr/iiif/presentation/v3/ark:/12148/bpt6k3961233s/manifest.json'
For more information check: https://developer.mozilla.org/en-US/docs/Web/HTTP/Status/403",2026-07-17T14:15:00.248726
aurore1943,bpt6k3882713c,,failed,0,0,,http_manifest,known,403,manifest,"Client error '403 ' for url 'https://openapiproext.bnf.fr/iiif/presentation/v3/ark:/12148/bpt6k3882713c/manifest.json'
For more information check: https://developer.mozilla.org/en-US/docs/Web/HTTP/Status/403",2026-07-17T14:15:01.454202
aurore1943,bpt6k39612346,,failed,0,0,,http_manifest,known,403,manifest,"Client error '403 ' for url 'https://openapiproext.bnf.fr/iiif/presentation/v3/ark:/12148/bpt6k39612346/manifest.json'
For more information check: https://developer.mozilla.org/en-US/docs/Web/HTTP/Status/403",2026-07-17T14:15:02.705673
aurore1943,bpt6k3882714s,,failed,0,0,,http_manifest,known,403,manifest,"Client error '403 ' for url 'https://openapiproext.bnf.fr/iiif/presentation/v3/ark:/12148/bpt6k3882714s/manifest.json'
For more information check: https://developer.mozilla.org/en-US/docs/Web/HTTP/Status/403",2026-07-17T14:15:03.927877
aurore1943,bpt6k3961235m,,failed,0,0,,http_manifest,known,403,manifest,"Client error '403 ' for url 'https://openapiproext.bnf.fr/iiif/presentation/v3/ark:/12148/bpt6k3961235m/manifest.json'
For more information check: https://developer.mozilla.org/en-US/docs/Web/HTTP/Status/403",2026-07-17T14:15:05.058366
aurore1943,bpt6k38827156,,failed,0,0,,http_manifest,known,403,manifest,"Client error '403 ' for url 'https://openapiproext.bnf.fr/iiif/presentation/v3/ark:/12148/bpt6k38827156/manifest.json'
For more information check: https://developer.mozilla.org/en-US/docs/Web/HTTP/Status/403",2026-07-17T14:15:06.289403
aurore1943,bpt6k39612361,,failed,0,0,,http_manifest,known,403,manifest,"Client error '403 ' for url 'https://openapiproext.bnf.fr/iiif/presentation/v3/ark:/12148/bpt6k39612361/manifest.json'
For more information check: https://developer.mozilla.org/en-US/docs/Web/HTTP/Status/403",2026-07-17T14:15:07.459639
aurore1943,bpt6k3882716m,,failed,0,0,,http_manifest,known,403,manifest,"Client error '403 ' for url 'https://openapiproext.bnf.fr/iiif/presentation/v3/ark:/12148/bpt6k3882716m/manifest.json'
For more information check: https://developer.mozilla.org/en-US/docs/Web/HTTP/Status/403",2026-07-17T14:15:08.684418
aurore1943,bpt6k3961237f,,failed,0,0,,http_manifest,known,403,manifest,"Client error '403 ' for url 'https://openapiproext.bnf.fr/iiif/presentation/v3/ark:/12148/bpt6k3961237f/manifest.json'
For more information check: https://developer.mozilla.org/en-US/docs/Web/HTTP/Status/403",2026-07-17T14:15:09.862608
aurore1943,bpt6k38827171,,failed,0,0,,http_manifest,known,403,manifest,"Client error '403 ' for url 'https://openapiproext.bnf.fr/iiif/presentation/v3/ark:/12148/bpt6k38827171/manifest.json'
For more information check: https://developer.mozilla.org/en-US/docs/Web/HTTP/Status/403",2026-07-17T14:15:11.106394
aurore1943,bpt6k3961238v,,failed,0,0,,http_manifest,known,403,manifest,"Client error '403 ' for url 'https://openapiproext.bnf.fr/iiif/presentation/v3/ark:/12148/bpt6k3961238v/manifest.json'
For more information check: https://developer.mozilla.org/en-US/docs/Web/HTTP/Status/403",2026-07-17T14:15:12.492302
aurore1943,bpt6k3882718f,,failed,0,0,,http_manifest,known,403,manifest,"Client error '403 ' for url 'https://openapiproext.bnf.fr/iiif/presentation/v3/ark:/12148/bpt6k3882718f/manifest.json'
For more information check: https://developer.mozilla.org/en-US/docs/Web/HTTP/Status/403",2026-07-17T14:15:13.611720
aurore1943,bpt6k39612398,,failed,0,0,,http_manifest,known,403,manifest,"Client error '403 ' for url 'https://openapiproext.bnf.fr/iiif/presentation/v3/ark:/12148/bpt6k39612398/manifest.json'
For more information check: https://developer.mozilla.org/en-US/docs/Web/HTTP/Status/403",2026-07-17T14:15:14.845624
aurore1943,bpt6k3882719v,,failed,0,0,,http_manifest,known,403,manifest,"Client error '403 ' for url 'https://openapiproext.bnf.fr/iiif/presentation/v3/ark:/12148/bpt6k3882719v/manifest.json'
For more information check: https://developer.mozilla.org/en-US/docs/Web/HTTP/Status/403",2026-07-17T14:15:15.880040
aurore1943,bpt6k3961240x,,failed,0,0,,http_manifest,known,403,manifest,"Client error '403 ' for url 'https://openapiproext.bnf.fr/iiif/presentation/v3/ark:/12148/bpt6k3961240x/manifest.json'
For more information check: https://developer.mozilla.org/en-US/docs/Web/HTTP/Status/403",2026-07-17T14:15:17.233956
aurore1943,bpt6k3882720h,,failed,0,0,,http_manifest,known,403,manifest,"Client error '403 ' for url 'https://openapiproext.bnf.fr/iiif/presentation/v3/ark:/12148/bpt6k3882720h/manifest.json'
For more information check: https://developer.mozilla.org/en-US/docs/Web/HTTP/Status/403",2026-07-17T14:15:18.383966
aurore1943,bpt6k3961241b,,failed,0,0,,http_manifest,known,403,manifest,"Client error '403 ' for url 'https://openapiproext.bnf.fr/iiif/presentation/v3/ark:/12148/bpt6k3961241b/manifest.json'
For more information check: https://developer.mozilla.org/en-US/docs/Web/HTTP/Status/403",2026-07-17T14:15:19.479773
aurore1943,bpt6k3882721x,,failed,0,0,,http_manifest,known,403,manifest,"Client error '403 ' for url 'https://openapiproext.bnf.fr/iiif/presentation/v3/ark:/12148/bpt6k3882721x/manifest.json'
For more information check: https://developer.mozilla.org/en-US/docs/Web/HTTP/Status/403",2026-07-17T14:15:20.679727
aurore1943,bpt6k3961242r,,failed,0,0,,http_manifest,known,403,manifest,"Client error '403 ' for url 'https://openapiproext.bnf.fr/iiif/presentation/v3/ark:/12148/bpt6k3961242r/manifest.json'
For more information check: https://developer.mozilla.org/en-US/docs/Web/HTTP/Status/403",2026-07-17T14:15:21.881415
aurore1943,bpt6k3882722b,,failed,0,0,,http_manifest,known,403,manifest,"Client error '403 ' for url 'https://openapiproext.bnf.fr/iiif/presentation/v3/ark:/12148/bpt6k3882722b/manifest.json'
For more information check: https://developer.mozilla.org/en-US/docs/Web/HTTP/Status/403",2026-07-17T14:15:23.147026
aurore1943,bpt6k39612435,,failed,0,0,,http_manifest,known,403,manifest,"Client error '403 ' for url 'https://openapiproext.bnf.fr/iiif/presentation/v3/ark:/12148/bpt6k39612435/manifest.json'
For more information check: https://developer.mozilla.org/en-US/docs/Web/HTTP/Status/403",2026-07-17T14:15:24.281984
aurore1943,bpt6k3882723r,,failed,0,0,,http_manifest,known,403,manifest,"Client error '403 ' for url 'https://openapiproext.bnf.fr/iiif/presentation/v3/ark:/12148/bpt6k3882723r/manifest.json'
For more information check: https://developer.mozilla.org/en-US/docs/Web/HTTP/Status/403",2026-07-17T14:15:25.491763
aurore1943,bpt6k3961244k,,failed,0,0,,http_manifest,known,403,manifest,"Client error '403 ' for url 'https://openapiproext.bnf.fr/iiif/presentation/v3/ark:/12148/bpt6k3961244k/manifest.json'
For more information check: https://developer.mozilla.org/en-US/docs/Web/HTTP/Status/403",2026-07-17T14:15:26.714550
aurore1943,bpt6k38827245,,failed,0,0,,http_manifest,known,403,manifest,"Client error '403 ' for url 'https://openapiproext.bnf.fr/iiif/presentation/v3/ark:/12148/bpt6k38827245/manifest.json'
For more information check: https://developer.mozilla.org/en-US/docs/Web/HTTP/Status/403",2026-07-17T14:15:27.904414
aurore1943,bpt6k39612450,,failed,0,0,,http_manifest,known,403,manifest,"Client error '403 ' for url 'https://openapiproext.bnf.fr/iiif/presentation/v3/ark:/12148/bpt6k39612450/manifest.json'
For more information check: https://developer.mozilla.org/en-US/docs/Web/HTTP/Status/403",2026-07-17T14:15:29.091707
aurore1943,bpt6k3882725k,,failed,0,0,,http_manifest,known,403,manifest,"Client error '403 ' for url 'https://openapiproext.bnf.fr/iiif/presentation/v3/ark:/12148/bpt6k3882725k/manifest.json'
For more information check: https://developer.mozilla.org/en-US/docs/Web/HTTP/Status/403",2026-07-17T14:15:30.290474
aurore1943,bpt6k3961246d,,failed,0,0,,http_manifest,known,403,manifest,"Client error '403 ' for url 'https://openapiproext.bnf.fr/iiif/presentation/v3/ark:/12148/bpt6k3961246d/manifest.json'
For more information check: https://developer.mozilla.org/en-US/docs/Web/HTTP/Status/403",2026-07-17T14:15:31.496715
aurore1943,bpt6k38827260,,failed,0,0,,http_manifest,known,403,manifest,"Client error '403 ' for url 'https://openapiproext.bnf.fr/iiif/presentation/v3/ark:/12148/bpt6k38827260/manifest.json'
For more information check: https://developer.mozilla.org/en-US/docs/Web/HTTP/Status/403",2026-07-17T14:15:32.698851
aurore1943,bpt6k3961247t,,failed,0,0,,http_manifest,known,403,manifest,"Client error '403 ' for url 'https://openapiproext.bnf.fr/iiif/presentation/v3/ark:/12148/bpt6k3961247t/manifest.json'
For more information check: https://developer.mozilla.org/en-US/docs/Web/HTTP/Status/403",2026-07-17T14:15:33.896641
aurore1943,bpt6k3882727d,,failed,0,0,,http_manifest,known,403,manifest,"Client error '403 ' for url 'https://openapiproext.bnf.fr/iiif/presentation/v3/ark:/12148/bpt6k3882727d/manifest.json'
For more information check: https://developer.mozilla.org/en-US/docs/Web/HTTP/Status/403",2026-07-17T14:15:35.098712
aurore1943,bpt6k39612487,,failed,0,0,,http_manifest,known,403,manifest,"Client error '403 ' for url 'https://openapiproext.bnf.fr/iiif/presentation/v3/ark:/12148/bpt6k39612487/manifest.json'
For more information check: https://developer.mozilla.org/en-US/docs/Web/HTTP/Status/403",2026-07-17T14:15:36.304416
aurore1943,bpt6k3882728t,,failed,0,0,,http_manifest,known,403,manifest,"Client error '403 ' for url 'https://openapiproext.bnf.fr/iiif/presentation/v3/ark:/12148/bpt6k3882728t/manifest.json'
For more information check: https://developer.mozilla.org/en-US/docs/Web/HTTP/Status/403",2026-07-17T14:15:37.503555
aurore1943,bpt6k3961249n,,failed,0,0,,http_manifest,known,403,manifest,"Client error '403 ' for url 'https://openapiproext.bnf.fr/iiif/presentation/v3/ark:/12148/bpt6k3961249n/manifest.json'
For more information check: https://developer.mozilla.org/en-US/docs/Web/HTTP/Status/403",2026-07-17T14:15:38.731614
aurore1943,bpt6k38827297,,failed,0,0,,http_manifest,known,403,manifest,"Client error '403 ' for url 'https://openapiproext.bnf.fr/iiif/presentation/v3/ark:/12148/bpt6k38827297/manifest.json'
For more information check: https://developer.mozilla.org/en-US/docs/Web/HTTP/Status/403",2026-07-17T14:15:39.910524
aurore1943,bpt6k39612509,,failed,0,0,,http_manifest,known,403,manifest,"Client error '403 ' for url 'https://openapiproext.bnf.fr/iiif/presentation/v3/ark:/12148/bpt6k39612509/manifest.json'
For more information check: https://developer.mozilla.org/en-US/docs/Web/HTTP/Status/403",2026-07-17T14:15:41.105224
aurore1943,bpt6k3882730w,,failed,0,0,,http_manifest,known,403,manifest,"Client error '403 ' for url 'https://openapiproext.bnf.fr/iiif/presentation/v3/ark:/12148/bpt6k3882730w/manifest.json'
For more information check: https://developer.mozilla.org/en-US/docs/Web/HTTP/Status/403",2026-07-17T14:15:42.304289
aurore1943,bpt6k3961251q,,failed,0,0,,http_manifest,known,403,manifest,"Client error '403 ' for url 'https://openapiproext.bnf.fr/iiif/presentation/v3/ark:/12148/bpt6k3961251q/manifest.json'
For more information check: https://developer.mozilla.org/en-US/docs/Web/HTTP/Status/403",2026-07-17T14:15:43.514083
aurore1943,bpt6k38827319,,failed,0,0,,http_manifest,known,403,manifest,"Client error '403 ' for url 'https://openapiproext.bnf.fr/iiif/presentation/v3/ark:/12148/bpt6k38827319/manifest.json'
For more information check: https://developer.mozilla.org/en-US/docs/Web/HTTP/Status/403",2026-07-17T14:15:44.743830
aurore1943,bpt6k39612524,,failed,0,0,,http_manifest,known,403,manifest,"Client error '403 ' for url 'https://openapiproext.bnf.fr/iiif/presentation/v3/ark:/12148/bpt6k39612524/manifest.json'
For more information check: https://developer.mozilla.org/en-US/docs/Web/HTTP/Status/403",2026-07-17T14:15:45.912271
aurore1943,bpt6k3882732q,,failed,0,0,,http_manifest,known,403,manifest,"Client error '403 ' for url 'https://openapiproext.bnf.fr/iiif/presentation/v3/ark:/12148/bpt6k3882732q/manifest.json'
For more information check: https://developer.mozilla.org/en-US/docs/Web/HTTP/Status/403",2026-07-17T14:15:47.112502
aurore1943,bpt6k3961253j,,failed,0,0,,http_manifest,known,403,manifest,"Client error '403 ' for url 'https://openapiproext.bnf.fr/iiif/presentation/v3/ark:/12148/bpt6k3961253j/manifest.json'
For more information check: https://developer.mozilla.org/en-US/docs/Web/HTTP/Status/403",2026-07-17T14:15:48.315691
aurore1943,bpt6k38827334,,failed,0,0,,http_manifest,known,403,manifest,"Client error '403 ' for url 'https://openapiproext.bnf.fr/iiif/presentation/v3/ark:/12148/bpt6k38827334/manifest.json'
For more information check: https://developer.mozilla.org/en-US/docs/Web/HTTP/Status/403",2026-07-17T14:15:49.519532
aurore1943,bpt6k3961254z,,failed,0,0,,http_manifest,known,403,manifest,"Client error '403 ' for url 'https://openapiproext.bnf.fr/iiif/presentation/v3/ark:/12148/bpt6k3961254z/manifest.json'
For more information check: https://developer.mozilla.org/en-US/docs/Web/HTTP/Status/403",2026-07-17T14:15:50.718861
aurore1943,bpt6k3882734j,,failed,0,0,,http_manifest,known,403,manifest,"Client error '403 ' for url 'https://openapiproext.bnf.fr/iiif/presentation/v3/ark:/12148/bpt6k3882734j/manifest.json'
For more information check: https://developer.mozilla.org/en-US/docs/Web/HTTP/Status/403",2026-07-17T14:15:51.917684
aurore1943,bpt6k3961255c,,failed,0,0,,http_manifest,known,403,manifest,"Client error '403 ' for url 'https://openapiproext.bnf.fr/iiif/presentation/v3/ark:/12148/bpt6k3961255c/manifest.json'
For more information check: https://developer.mozilla.org/en-US/docs/Web/HTTP/Status/403",2026-07-17T14:15:53.123911
aurore1943,bpt6k3882735z,,failed,0,0,,http_manifest,known,403,manifest,"Client error '403 ' for url 'https://openapiproext.bnf.fr/iiif/presentation/v3/ark:/12148/bpt6k3882735z/manifest.json'
For more information check: https://developer.mozilla.org/en-US/docs/Web/HTTP/Status/403",2026-07-17T14:15:54.325237
aurore1943,bpt6k3961256s,,failed,0,0,,http_manifest,known,403,manifest,"Client error '403 ' for url 'https://openapiproext.bnf.fr/iiif/presentation/v3/ark:/12148/bpt6k3961256s/manifest.json'
For more information check: https://developer.mozilla.org/en-US/docs/Web/HTTP/Status/403",2026-07-17T14:15:55.523031
aurore1943,bpt6k3882736c,,failed,0,0,,http_manifest,known,403,manifest,"Client error '403 ' for url 'https://openapiproext.bnf.fr/iiif/presentation/v3/ark:/12148/bpt6k3882736c/manifest.json'
For more information check: https://developer.mozilla.org/en-US/docs/Web/HTTP/Status/403",2026-07-17T14:15:56.749056
aurore1943,bpt6k39612576,,failed,0,0,,http_manifest,known,403,manifest,"Client error '403 ' for url 'https://openapiproext.bnf.fr/iiif/presentation/v3/ark:/12148/bpt6k39612576/manifest.json'
For more information check: https://developer.mozilla.org/en-US/docs/Web/HTTP/Status/403",2026-07-17T14:15:58.064623
aurore1943,bpt6k3882737s,,failed,0,0,,http_manifest,known,403,manifest,"Client error '403 ' for url 'https://openapiproext.bnf.fr/iiif/presentation/v3/ark:/12148/bpt6k3882737s/manifest.json'
For more information check: https://developer.mozilla.org/en-US/docs/Web/HTTP/Status/403",2026-07-17T14:15:59.350059
aurore1943,bpt6k3961258m,,failed,0,0,,http_manifest,known,403,manifest,"Client error '403 ' for url 'https://openapiproext.bnf.fr/iiif/presentation/v3/ark:/12148/bpt6k3961258m/manifest.json'
For more information check: https://developer.mozilla.org/en-US/docs/Web/HTTP/Status/403",2026-07-17T14:16:00.442871
aurore1943,bpt6k38827386,,failed,0,0,,http_manifest,known,403,manifest,"Client error '403 ' for url 'https://openapiproext.bnf.fr/iiif/presentation/v3/ark:/12148/bpt6k38827386/manifest.json'
For more information check: https://developer.mozilla.org/en-US/docs/Web/HTTP/Status/403",2026-07-17T14:16:01.675054
aurore1943,bpt6k39612591,,failed,0,0,,http_manifest,known,403,manifest,"Client error '403 ' for url 'https://openapiproext.bnf.fr/iiif/presentation/v3/ark:/12148/bpt6k39612591/manifest.json'
For more information check: https://developer.mozilla.org/en-US/docs/Web/HTTP/Status/403",2026-07-17T14:16:02.811296
aurore1943,bpt6k3882739m,,failed,0,0,,http_manifest,known,403,manifest,"Client error '403 ' for url 'https://openapiproext.bnf.fr/iiif/presentation/v3/ark:/12148/bpt6k3882739m/manifest.json'
For more information check: https://developer.mozilla.org/en-US/docs/Web/HTTP/Status/403",2026-07-17T14:16:04.171478
aurore1943,bpt6k3961260p,,failed,0,0,,http_manifest,known,403,manifest,"Client error '403 ' for url 'https://openapiproext.bnf.fr/iiif/presentation/v3/ark:/12148/bpt6k3961260p/manifest.json'
For more information check: https://developer.mozilla.org/en-US/docs/Web/HTTP/Status/403",2026-07-17T14:16:05.194061
aurore1943,bpt6k38827408,,failed,0,0,,http_manifest,known,403,manifest,"Client error '403 ' for url 'https://openapiproext.bnf.fr/iiif/presentation/v3/ark:/12148/bpt6k38827408/manifest.json'
For more information check: https://developer.mozilla.org/en-US/docs/Web/HTTP/Status/403",2026-07-17T14:16:06.444648
aurore1943,bpt6k39612613,,failed,0,0,,http_manifest,known,403,manifest,"Client error '403 ' for url 'https://openapiproext.bnf.fr/iiif/presentation/v3/ark:/12148/bpt6k39612613/manifest.json'
For more information check: https://developer.mozilla.org/en-US/docs/Web/HTTP/Status/403",2026-07-17T14:16:07.555053
aurore1943,bpt6k3882741p,,failed,0,0,,http_manifest,known,403,manifest,"Client error '403 ' for url 'https://openapiproext.bnf.fr/iiif/presentation/v3/ark:/12148/bpt6k3882741p/manifest.json'
For more information check: https://developer.mozilla.org/en-US/docs/Web/HTTP/Status/403",2026-07-17T14:16:08.743191
aurore1943,bpt6k3961262h,,failed,0,0,,http_manifest,known,403,manifest,"Client error '403 ' for url 'https://openapiproext.bnf.fr/iiif/presentation/v3/ark:/12148/bpt6k3961262h/manifest.json'
For more information check: https://developer.mozilla.org/en-US/docs/Web/HTTP/Status/403",2026-07-17T14:16:10.080359
aurore1943,bpt6k38827423,,failed,0,0,,http_manifest,known,403,manifest,"Client error '403 ' for url 'https://openapiproext.bnf.fr/iiif/presentation/v3/ark:/12148/bpt6k38827423/manifest.json'
For more information check: https://developer.mozilla.org/en-US/docs/Web/HTTP/Status/403",2026-07-17T14:16:11.143200
aurore1943,bpt6k3961263x,,failed,0,0,,http_manifest,known,403,manifest,"Client error '403 ' for url 'https://openapiproext.bnf.fr/iiif/presentation/v3/ark:/12148/bpt6k3961263x/manifest.json'
For more information check: https://developer.mozilla.org/en-US/docs/Web/HTTP/Status/403",2026-07-17T14:16:12.347611
aurore1943,bpt6k3882743h,,failed,0,0,,http_manifest,known,403,manifest,"Client error '403 ' for url 'https://openapiproext.bnf.fr/iiif/presentation/v3/ark:/12148/bpt6k3882743h/manifest.json'
For more information check: https://developer.mozilla.org/en-US/docs/Web/HTTP/Status/403",2026-07-17T14:16:13.546545
aurore1943,bpt6k3961264b,,failed,0,0,,http_manifest,known,403,manifest,"Client error '403 ' for url 'https://openapiproext.bnf.fr/iiif/presentation/v3/ark:/12148/bpt6k3961264b/manifest.json'
For more information check: https://developer.mozilla.org/en-US/docs/Web/HTTP/Status/403",2026-07-17T14:16:14.749389
aurore1943,bpt6k3882744x,,failed,0,0,,http_manifest,known,403,manifest,"Client error '403 ' for url 'https://openapiproext.bnf.fr/iiif/presentation/v3/ark:/12148/bpt6k3882744x/manifest.json'
For more information check: https://developer.mozilla.org/en-US/docs/Web/HTTP/Status/403",2026-07-17T14:16:15.957349
aurore1943,bpt6k3961337s,,failed,0,0,,http_manifest,known,403,manifest,"Client error '403 ' for url 'https://openapiproext.bnf.fr/iiif/presentation/v3/ark:/12148/bpt6k3961337s/manifest.json'
For more information check: https://developer.mozilla.org/en-US/docs/Web/HTTP/Status/403",2026-07-17T14:16:17.154387
aurore1943,bpt6k3961265r,,failed,0,0,,http_manifest,known,403,manifest,"Client error '403 ' for url 'https://openapiproext.bnf.fr/iiif/presentation/v3/ark:/12148/bpt6k3961265r/manifest.json'
For more information check: https://developer.mozilla.org/en-US/docs/Web/HTTP/Status/403",2026-07-17T14:16:18.400049
aurore1943,bpt6k3882817c,,failed,0,0,,http_manifest,known,403,manifest,"Client error '403 ' for url 'https://openapiproext.bnf.fr/iiif/presentation/v3/ark:/12148/bpt6k3882817c/manifest.json'
For more information check: https://developer.mozilla.org/en-US/docs/Web/HTTP/Status/403",2026-07-17T14:16:19.556491
aurore1943,bpt6k3882745b,,failed,0,0,,http_manifest,known,403,manifest,"Client error '403 ' for url 'https://openapiproext.bnf.fr/iiif/presentation/v3/ark:/12148/bpt6k3882745b/manifest.json'
For more information check: https://developer.mozilla.org/en-US/docs/Web/HTTP/Status/403",2026-07-17T14:16:20.755380
aurore1943,bpt6k39612665,,failed,0,0,,http_manifest,known,403,manifest,"Client error '403 ' for url 'https://openapiproext.bnf.fr/iiif/presentation/v3/ark:/12148/bpt6k39612665/manifest.json'
For more information check: https://developer.mozilla.org/en-US/docs/Web/HTTP/Status/403",2026-07-17T14:16:21.970966
aurore1943,bpt6k3882746r,,failed,0,0,,http_manifest,known,403,manifest,"Client error '403 ' for url 'https://openapiproext.bnf.fr/iiif/presentation/v3/ark:/12148/bpt6k3882746r/manifest.json'
For more information check: https://developer.mozilla.org/en-US/docs/Web/HTTP/Status/403",2026-07-17T14:16:23.167379
aurore1943,bpt6k3961267k,,failed,0,0,,http_manifest,known,403,manifest,"Client error '403 ' for url 'https://openapiproext.bnf.fr/iiif/presentation/v3/ark:/12148/bpt6k3961267k/manifest.json'
For more information check: https://developer.mozilla.org/en-US/docs/Web/HTTP/Status/403",2026-07-17T14:16:24.398218
aurore1943,bpt6k38827475,,failed,0,0,,http_manifest,known,403,manifest,"Client error '403 ' for url 'https://openapiproext.bnf.fr/iiif/presentation/v3/ark:/12148/bpt6k38827475/manifest.json'
For more information check: https://developer.mozilla.org/en-US/docs/Web/HTTP/Status/403",2026-07-17T14:16:25.564626
aurore1943,bpt6k39612680,,failed,0,0,,http_manifest,known,403,manifest,"Client error '403 ' for url 'https://openapiproext.bnf.fr/iiif/presentation/v3/ark:/12148/bpt6k39612680/manifest.json'
For more information check: https://developer.mozilla.org/en-US/docs/Web/HTTP/Status/403",2026-07-17T14:16:26.773554
aurore1943,bpt6k3882748k,,failed,0,0,,http_manifest,known,403,manifest,"Client error '403 ' for url 'https://openapiproext.bnf.fr/iiif/presentation/v3/ark:/12148/bpt6k3882748k/manifest.json'
For more information check: https://developer.mozilla.org/en-US/docs/Web/HTTP/Status/403",2026-07-17T14:16:27.966075
aurore1943,bpt6k3961269d,,failed,0,0,,http_manifest,known,403,manifest,"Client error '403 ' for url 'https://openapiproext.bnf.fr/iiif/presentation/v3/ark:/12148/bpt6k3961269d/manifest.json'
For more information check: https://developer.mozilla.org/en-US/docs/Web/HTTP/Status/403",2026-07-17T14:16:29.169255
aurore1943,bpt6k38827490,,failed,0,0,,http_manifest,known,403,manifest,"Client error '403 ' for url 'https://openapiproext.bnf.fr/iiif/presentation/v3/ark:/12148/bpt6k38827490/manifest.json'
For more information check: https://developer.mozilla.org/en-US/docs/Web/HTTP/Status/403",2026-07-17T14:16:30.371298
aurore1943,bpt6k39612702,,failed,0,0,,http_manifest,known,403,manifest,"Client error '403 ' for url 'https://openapiproext.bnf.fr/iiif/presentation/v3/ark:/12148/bpt6k39612702/manifest.json'
For more information check: https://developer.mozilla.org/en-US/docs/Web/HTTP/Status/403",2026-07-17T14:16:31.573166
aurore1943,bpt6k3882750n,,failed,0,0,,http_manifest,known,403,manifest,"Client error '403 ' for url 'https://openapiproext.bnf.fr/iiif/presentation/v3/ark:/12148/bpt6k3882750n/manifest.json'
For more information check: https://developer.mozilla.org/en-US/docs/Web/HTTP/Status/403",2026-07-17T14:16:32.771639
aurore1943,bpt6k3961271g,,failed,0,0,,http_manifest,known,403,manifest,"Client error '403 ' for url 'https://openapiproext.bnf.fr/iiif/presentation/v3/ark:/12148/bpt6k3961271g/manifest.json'
For more information check: https://developer.mozilla.org/en-US/docs/Web/HTTP/Status/403",2026-07-17T14:16:33.979596
aurore1943,bpt6k38827512,,failed,0,0,,http_manifest,known,403,manifest,"Client error '403 ' for url 'https://openapiproext.bnf.fr/iiif/presentation/v3/ark:/12148/bpt6k38827512/manifest.json'
For more information check: https://developer.mozilla.org/en-US/docs/Web/HTTP/Status/403",2026-07-17T14:16:35.189409
aurore1943,bpt6k3961272w,,failed,0,0,,http_manifest,known,403,manifest,"Client error '403 ' for url 'https://openapiproext.bnf.fr/iiif/presentation/v3/ark:/12148/bpt6k3961272w/manifest.json'
For more information check: https://developer.mozilla.org/en-US/docs/Web/HTTP/Status/403",2026-07-17T14:16:36.393253
aurore1943,bpt6k3882752g,,failed,0,0,,http_manifest,known,403,manifest,"Client error '403 ' for url 'https://openapiproext.bnf.fr/iiif/presentation/v3/ark:/12148/bpt6k3882752g/manifest.json'
For more information check: https://developer.mozilla.org/en-US/docs/Web/HTTP/Status/403",2026-07-17T14:16:37.579308
aurore1943,bpt6k39612739,,failed,0,0,,http_manifest,known,403,manifest,"Client error '403 ' for url 'https://openapiproext.bnf.fr/iiif/presentation/v3/ark:/12148/bpt6k39612739/manifest.json'
For more information check: https://developer.mozilla.org/en-US/docs/Web/HTTP/Status/403",2026-07-17T14:16:38.780498
aurore1943,bpt6k3882753w,,failed,0,0,,http_manifest,known,403,manifest,"Client error '403 ' for url 'https://openapiproext.bnf.fr/iiif/presentation/v3/ark:/12148/bpt6k3882753w/manifest.json'
For more information check: https://developer.mozilla.org/en-US/docs/Web/HTTP/Status/403",2026-07-17T14:16:39.986144
aurore1943,bpt6k3961274q,,failed,0,0,,http_manifest,known,403,manifest,"Client error '403 ' for url 'https://openapiproext.bnf.fr/iiif/presentation/v3/ark:/12148/bpt6k3961274q/manifest.json'
For more information check: https://developer.mozilla.org/en-US/docs/Web/HTTP/Status/403",2026-07-17T14:16:41.184987
aurore1943,bpt6k38827549,,failed,0,0,,http_manifest,known,403,manifest,"Client error '403 ' for url 'https://openapiproext.bnf.fr/iiif/presentation/v3/ark:/12148/bpt6k38827549/manifest.json'
For more information check: https://developer.mozilla.org/en-US/docs/Web/HTTP/Status/403",2026-07-17T14:16:42.386521
aurore1943,bpt6k39612754,,failed,0,0,,http_manifest,known,403,manifest,"Client error '403 ' for url 'https://openapiproext.bnf.fr/iiif/presentation/v3/ark:/12148/bpt6k39612754/manifest.json'
For more information check: https://developer.mozilla.org/en-US/docs/Web/HTTP/Status/403",2026-07-17T14:16:43.593551
aurore1943,bpt6k3882755q,,failed,0,0,,http_manifest,known,403,manifest,"Client error '403 ' for url 'https://openapiproext.bnf.fr/iiif/presentation/v3/ark:/12148/bpt6k3882755q/manifest.json'
For more information check: https://developer.mozilla.org/en-US/docs/Web/HTTP/Status/403",2026-07-17T14:16:44.788653
aurore1943,bpt6k3961276j,,failed,0,0,,http_manifest,known,403,manifest,"Client error '403 ' for url 'https://openapiproext.bnf.fr/iiif/presentation/v3/ark:/12148/bpt6k3961276j/manifest.json'
For more information check: https://developer.mozilla.org/en-US/docs/Web/HTTP/Status/403",2026-07-17T14:16:45.990617
aurore1943,bpt6k38827564,,failed,0,0,,http_manifest,known,403,manifest,"Client error '403 ' for url 'https://openapiproext.bnf.fr/iiif/presentation/v3/ark:/12148/bpt6k38827564/manifest.json'
For more information check: https://developer.mozilla.org/en-US/docs/Web/HTTP/Status/403",2026-07-17T14:16:47.190465
aurore1943,bpt6k3961277z,,failed,0,0,,http_manifest,known,403,manifest,"Client error '403 ' for url 'https://openapiproext.bnf.fr/iiif/presentation/v3/ark:/12148/bpt6k3961277z/manifest.json'
For more information check: https://developer.mozilla.org/en-US/docs/Web/HTTP/Status/403",2026-07-17T14:16:48.403355
aurore1943,bpt6k3882757j,,failed,0,0,,http_manifest,known,403,manifest,"Client error '403 ' for url 'https://openapiproext.bnf.fr/iiif/presentation/v3/ark:/12148/bpt6k3882757j/manifest.json'
For more information check: https://developer.mozilla.org/en-US/docs/Web/HTTP/Status/403",2026-07-17T14:16:49.593473
aurore1943,bpt6k3961278c,,failed,0,0,,http_manifest,known,403,manifest,"Client error '403 ' for url 'https://openapiproext.bnf.fr/iiif/presentation/v3/ark:/12148/bpt6k3961278c/manifest.json'
For more information check: https://developer.mozilla.org/en-US/docs/Web/HTTP/Status/403",2026-07-17T14:16:50.797514
aurore1943,bpt6k3882758z,,failed,0,0,,http_manifest,known,403,manifest,"Client error '403 ' for url 'https://openapiproext.bnf.fr/iiif/presentation/v3/ark:/12148/bpt6k3882758z/manifest.json'
For more information check: https://developer.mozilla.org/en-US/docs/Web/HTTP/Status/403",2026-07-17T14:16:51.999140
aurore1943,bpt6k3961279s,,failed,0,0,,http_manifest,known,403,manifest,"Client error '403 ' for url 'https://openapiproext.bnf.fr/iiif/presentation/v3/ark:/12148/bpt6k3961279s/manifest.json'
For more information check: https://developer.mozilla.org/en-US/docs/Web/HTTP/Status/403",2026-07-17T14:16:53.199991
aurore1943,bpt6k3882759c,,failed,0,0,,http_manifest,known,403,manifest,"Client error '403 ' for url 'https://openapiproext.bnf.fr/iiif/presentation/v3/ark:/12148/bpt6k3882759c/manifest.json'
For more information check: https://developer.mozilla.org/en-US/docs/Web/HTTP/Status/403",2026-07-17T14:16:54.428044
aurore1943,bpt6k3961280f,,failed,0,0,,http_manifest,known,403,manifest,"Client error '403 ' for url 'https://openapiproext.bnf.fr/iiif/presentation/v3/ark:/12148/bpt6k3961280f/manifest.json'
For more information check: https://developer.mozilla.org/en-US/docs/Web/HTTP/Status/403",2026-07-17T14:16:55.601583
aurore1943,bpt6k38827601,,failed,0,0,,http_manifest,known,403,manifest,"Client error '403 ' for url 'https://openapiproext.bnf.fr/iiif/presentation/v3/ark:/12148/bpt6k38827601/manifest.json'
For more information check: https://developer.mozilla.org/en-US/docs/Web/HTTP/Status/403",2026-07-17T14:16:56.809186
aurore1943,bpt6k3961281v,,failed,0,0,,http_manifest,known,403,manifest,"Client error '403 ' for url 'https://openapiproext.bnf.fr/iiif/presentation/v3/ark:/12148/bpt6k3961281v/manifest.json'
For more information check: https://developer.mozilla.org/en-US/docs/Web/HTTP/Status/403",2026-07-17T14:16:58.117429
aurore1943,bpt6k3882761f,,failed,0,0,,http_manifest,known,403,manifest,"Client error '403 ' for url 'https://openapiproext.bnf.fr/iiif/presentation/v3/ark:/12148/bpt6k3882761f/manifest.json'
For more information check: https://developer.mozilla.org/en-US/docs/Web/HTTP/Status/403",2026-07-17T14:16:59.336770
aurore1943,bpt6k39612828,,failed,0,0,,http_manifest,known,403,manifest,"Client error '403 ' for url 'https://openapiproext.bnf.fr/iiif/presentation/v3/ark:/12148/bpt6k39612828/manifest.json'
For more information check: https://developer.mozilla.org/en-US/docs/Web/HTTP/Status/403",2026-07-17T14:17:00.413588
aurore1943,bpt6k3882762v,,failed,0,0,,http_manifest,known,403,manifest,"Client error '403 ' for url 'https://openapiproext.bnf.fr/iiif/presentation/v3/ark:/12148/bpt6k3882762v/manifest.json'
For more information check: https://developer.mozilla.org/en-US/docs/Web/HTTP/Status/403",2026-07-17T14:17:01.816160
aurore1943,bpt6k3961283p,,failed,0,0,,http_manifest,known,403,manifest,"Client error '403 ' for url 'https://openapiproext.bnf.fr/iiif/presentation/v3/ark:/12148/bpt6k3961283p/manifest.json'
For more information check: https://developer.mozilla.org/en-US/docs/Web/HTTP/Status/403",2026-07-17T14:17:02.915530
aurore1943,bpt6k38827638,,failed,0,0,,http_manifest,known,403,manifest,"Client error '403 ' for url 'https://openapiproext.bnf.fr/iiif/presentation/v3/ark:/12148/bpt6k38827638/manifest.json'
For more information check: https://developer.mozilla.org/en-US/docs/Web/HTTP/Status/403",2026-07-17T14:17:04.278530
aurore1943,bpt6k39612843,,failed,0,0,,http_manifest,known,403,manifest,"Client error '403 ' for url 'https://openapiproext.bnf.fr/iiif/presentation/v3/ark:/12148/bpt6k39612843/manifest.json'
For more information check: https://developer.mozilla.org/en-US/docs/Web/HTTP/Status/403",2026-07-17T14:17:05.346972
aurore1943,bpt6k3882764p,,failed,0,0,,http_manifest,known,403,manifest,"Client error '403 ' for url 'https://openapiproext.bnf.fr/iiif/presentation/v3/ark:/12148/bpt6k3882764p/manifest.json'
For more information check: https://developer.mozilla.org/en-US/docs/Web/HTTP/Status/403",2026-07-17T14:17:06.599142
aurore1943,bpt6k3961285h,,failed,0,0,,http_manifest,known,403,manifest,"Client error '403 ' for url 'https://openapiproext.bnf.fr/iiif/presentation/v3/ark:/12148/bpt6k3961285h/manifest.json'
For more information check: https://developer.mozilla.org/en-US/docs/Web/HTTP/Status/403",2026-07-17T14:17:07.705049
aurore1943,bpt6k38827653,,failed,0,0,,http_manifest,known,403,manifest,"Client error '403 ' for url 'https://openapiproext.bnf.fr/iiif/presentation/v3/ark:/12148/bpt6k38827653/manifest.json'
For more information check: https://developer.mozilla.org/en-US/docs/Web/HTTP/Status/403",2026-07-17T14:17:08.834539
aurore1943,bpt6k3961286x,,failed,0,0,,http_manifest,known,403,manifest,"Client error '403 ' for url 'https://openapiproext.bnf.fr/iiif/presentation/v3/ark:/12148/bpt6k3961286x/manifest.json'
For more information check: https://developer.mozilla.org/en-US/docs/Web/HTTP/Status/403",2026-07-17T14:17:10.021709
aurore1943,bpt6k3882766h,,failed,0,0,,http_manifest,known,403,manifest,"Client error '403 ' for url 'https://openapiproext.bnf.fr/iiif/presentation/v3/ark:/12148/bpt6k3882766h/manifest.json'
For more information check: https://developer.mozilla.org/en-US/docs/Web/HTTP/Status/403",2026-07-17T14:17:11.223672
aurore1943,bpt6k3961287b,,failed,0,0,,http_manifest,known,403,manifest,"Client error '403 ' for url 'https://openapiproext.bnf.fr/iiif/presentation/v3/ark:/12148/bpt6k3961287b/manifest.json'
For more information check: https://developer.mozilla.org/en-US/docs/Web/HTTP/Status/403",2026-07-17T14:17:12.420094
aurore1943,bpt6k3882767x,,failed,0,0,,http_manifest,known,403,manifest,"Client error '403 ' for url 'https://openapiproext.bnf.fr/iiif/presentation/v3/ark:/12148/bpt6k3882767x/manifest.json'
For more information check: https://developer.mozilla.org/en-US/docs/Web/HTTP/Status/403",2026-07-17T14:17:13.697411
aurore1943,bpt6k3961288r,,failed,0,0,,http_manifest,known,403,manifest,"Client error '403 ' for url 'https://openapiproext.bnf.fr/iiif/presentation/v3/ark:/12148/bpt6k3961288r/manifest.json'
For more information check: https://developer.mozilla.org/en-US/docs/Web/HTTP/Status/403",2026-07-17T14:17:14.829418
aurore1943,bpt6k3882768b,,failed,0,0,,http_manifest,known,403,manifest,"Client error '403 ' for url 'https://openapiproext.bnf.fr/iiif/presentation/v3/ark:/12148/bpt6k3882768b/manifest.json'
For more information check: https://developer.mozilla.org/en-US/docs/Web/HTTP/Status/403",2026-07-17T14:17:16.035703
aurore1943,bpt6k39612895,,failed,0,0,,http_manifest,known,403,manifest,"Client error '403 ' for url 'https://openapiproext.bnf.fr/iiif/presentation/v3/ark:/12148/bpt6k39612895/manifest.json'
For more information check: https://developer.mozilla.org/en-US/docs/Web/HTTP/Status/403",2026-07-17T14:17:17.232705
aurore1943,bpt6k3882769r,,failed,0,0,,http_manifest,known,403,manifest,"Client error '403 ' for url 'https://openapiproext.bnf.fr/iiif/presentation/v3/ark:/12148/bpt6k3882769r/manifest.json'
For more information check: https://developer.mozilla.org/en-US/docs/Web/HTTP/Status/403",2026-07-17T14:17:18.434653
aurore1943,bpt6k3961290t,,failed,0,0,,http_manifest,known,403,manifest,"Client error '403 ' for url 'https://openapiproext.bnf.fr/iiif/presentation/v3/ark:/12148/bpt6k3961290t/manifest.json'
For more information check: https://developer.mozilla.org/en-US/docs/Web/HTTP/Status/403",2026-07-17T14:17:19.634982
aurore1943,bpt6k3882770d,,failed,0,0,,http_manifest,known,403,manifest,"Client error '403 ' for url 'https://openapiproext.bnf.fr/iiif/presentation/v3/ark:/12148/bpt6k3882770d/manifest.json'
For more information check: https://developer.mozilla.org/en-US/docs/Web/HTTP/Status/403",2026-07-17T14:17:20.830327
aurore1943,bpt6k39612917,,failed,0,0,,http_manifest,known,403,manifest,"Client error '403 ' for url 'https://openapiproext.bnf.fr/iiif/presentation/v3/ark:/12148/bpt6k39612917/manifest.json'
For more information check: https://developer.mozilla.org/en-US/docs/Web/HTTP/Status/403",2026-07-17T14:17:22.034258
aurore1943,bpt6k3882771t,,failed,0,0,,http_manifest,known,403,manifest,"Client error '403 ' for url 'https://openapiproext.bnf.fr/iiif/presentation/v3/ark:/12148/bpt6k3882771t/manifest.json'
For more information check: https://developer.mozilla.org/en-US/docs/Web/HTTP/Status/403",2026-07-17T14:17:23.237582
aurore1943,bpt6k3961292n,,failed,0,0,,http_manifest,known,403,manifest,"Client error '403 ' for url 'https://openapiproext.bnf.fr/iiif/presentation/v3/ark:/12148/bpt6k3961292n/manifest.json'
For more information check: https://developer.mozilla.org/en-US/docs/Web/HTTP/Status/403",2026-07-17T14:17:24.437860
aurore1943,bpt6k38827727,,failed,0,0,,http_manifest,known,403,manifest,"Client error '403 ' for url 'https://openapiproext.bnf.fr/iiif/presentation/v3/ark:/12148/bpt6k38827727/manifest.json'
For more information check: https://developer.mozilla.org/en-US/docs/Web/HTTP/Status/403",2026-07-17T14:17:25.637893
aurore1943,bpt6k39612932,,failed,0,0,,http_manifest,known,403,manifest,"Client error '403 ' for url 'https://openapiproext.bnf.fr/iiif/presentation/v3/ark:/12148/bpt6k39612932/manifest.json'
For more information check: https://developer.mozilla.org/en-US/docs/Web/HTTP/Status/403",2026-07-17T14:17:26.852501
aurore1943,bpt6k3882773n,,failed,0,0,,http_manifest,known,403,manifest,"Client error '403 ' for url 'https://openapiproext.bnf.fr/iiif/presentation/v3/ark:/12148/bpt6k3882773n/manifest.json'
For more information check: https://developer.mozilla.org/en-US/docs/Web/HTTP/Status/403",2026-07-17T14:17:28.040659
aurore1943,bpt6k3961294g,,failed,0,0,,http_manifest,known,403,manifest,"Client error '403 ' for url 'https://openapiproext.bnf.fr/iiif/presentation/v3/ark:/12148/bpt6k3961294g/manifest.json'
For more information check: https://developer.mozilla.org/en-US/docs/Web/HTTP/Status/403",2026-07-17T14:17:29.244496
aurore1943,bpt6k38827742,,failed,0,0,,http_manifest,known,403,manifest,"Client error '403 ' for url 'https://openapiproext.bnf.fr/iiif/presentation/v3/ark:/12148/bpt6k38827742/manifest.json'
For more information check: https://developer.mozilla.org/en-US/docs/Web/HTTP/Status/403",2026-07-17T14:17:30.448049
aurore1943,bpt6k3961295w,,failed,0,0,,http_manifest,known,403,manifest,"Client error '403 ' for url 'https://openapiproext.bnf.fr/iiif/presentation/v3/ark:/12148/bpt6k3961295w/manifest.json'
For more information check: https://developer.mozilla.org/en-US/docs/Web/HTTP/Status/403",2026-07-17T14:17:31.646018
aurore1943,bpt6k3882775g,,failed,0,0,,http_manifest,known,403,manifest,"Client error '403 ' for url 'https://openapiproext.bnf.fr/iiif/presentation/v3/ark:/12148/bpt6k3882775g/manifest.json'
For more information check: https://developer.mozilla.org/en-US/docs/Web/HTTP/Status/403",2026-07-17T14:17:32.851612
aurore1943,bpt6k39612969,,failed,0,0,,http_manifest,known,403,manifest,"Client error '403 ' for url 'https://openapiproext.bnf.fr/iiif/presentation/v3/ark:/12148/bpt6k39612969/manifest.json'
For more information check: https://developer.mozilla.org/en-US/docs/Web/HTTP/Status/403",2026-07-17T14:17:34.050834
aurore1943,bpt6k3882776w,,failed,0,0,,http_manifest,known,403,manifest,"Client error '403 ' for url 'https://openapiproext.bnf.fr/iiif/presentation/v3/ark:/12148/bpt6k3882776w/manifest.json'
For more information check: https://developer.mozilla.org/en-US/docs/Web/HTTP/Status/403",2026-07-17T14:17:35.256164
aurore1943,bpt6k3961297q,,failed,0,0,,http_manifest,known,403,manifest,"Client error '403 ' for url 'https://openapiproext.bnf.fr/iiif/presentation/v3/ark:/12148/bpt6k3961297q/manifest.json'
For more information check: https://developer.mozilla.org/en-US/docs/Web/HTTP/Status/403",2026-07-17T14:17:36.455766
aurore1943,bpt6k38827779,,failed,0,0,,http_manifest,known,403,manifest,"Client error '403 ' for url 'https://openapiproext.bnf.fr/iiif/presentation/v3/ark:/12148/bpt6k38827779/manifest.json'
For more information check: https://developer.mozilla.org/en-US/docs/Web/HTTP/Status/403",2026-07-17T14:17:37.658060
aurore1943,bpt6k39612984,,failed,0,0,,http_manifest,known,403,manifest,"Client error '403 ' for url 'https://openapiproext.bnf.fr/iiif/presentation/v3/ark:/12148/bpt6k39612984/manifest.json'
For more information check: https://developer.mozilla.org/en-US/docs/Web/HTTP/Status/403",2026-07-17T14:17:38.874638
aurore1943,bpt6k3882778q,,failed,0,0,,http_manifest,known,403,manifest,"Client error '403 ' for url 'https://openapiproext.bnf.fr/iiif/presentation/v3/ark:/12148/bpt6k3882778q/manifest.json'
For more information check: https://developer.mozilla.org/en-US/docs/Web/HTTP/Status/403",2026-07-17T14:17:40.060962
aurore1943,bpt6k3961299j,,failed,0,0,,http_manifest,known,403,manifest,"Client error '403 ' for url 'https://openapiproext.bnf.fr/iiif/presentation/v3/ark:/12148/bpt6k3961299j/manifest.json'
For more information check: https://developer.mozilla.org/en-US/docs/Web/HTTP/Status/403",2026-07-17T14:17:41.272562
aurore1943,bpt6k38827794,,failed,0,0,,http_manifest,known,403,manifest,"Client error '403 ' for url 'https://openapiproext.bnf.fr/iiif/presentation/v3/ark:/12148/bpt6k38827794/manifest.json'
For more information check: https://developer.mozilla.org/en-US/docs/Web/HTTP/Status/403",2026-07-17T14:17:42.462271
aurore1943,bpt6k3961300r,,failed,0,0,,http_manifest,known,403,manifest,"Client error '403 ' for url 'https://openapiproext.bnf.fr/iiif/presentation/v3/ark:/12148/bpt6k3961300r/manifest.json'
For more information check: https://developer.mozilla.org/en-US/docs/Web/HTTP/Status/403",2026-07-17T14:17:43.665037
aurore1943,bpt6k3882780s,,failed,0,0,,http_manifest,known,403,manifest,"Client error '403 ' for url 'https://openapiproext.bnf.fr/iiif/presentation/v3/ark:/12148/bpt6k3882780s/manifest.json'
For more information check: https://developer.mozilla.org/en-US/docs/Web/HTTP/Status/403",2026-07-17T14:17:44.867249
aurore1943,bpt6k39613015,,failed,0,0,,http_manifest,known,403,manifest,"Client error '403 ' for url 'https://openapiproext.bnf.fr/iiif/presentation/v3/ark:/12148/bpt6k39613015/manifest.json'
For more information check: https://developer.mozilla.org/en-US/docs/Web/HTTP/Status/403",2026-07-17T14:17:46.069953
aurore1943,bpt6k38827816,,failed,0,0,,http_manifest,known,403,manifest,"Client error '403 ' for url 'https://openapiproext.bnf.fr/iiif/presentation/v3/ark:/12148/bpt6k38827816/manifest.json'
For more information check: https://developer.mozilla.org/en-US/docs/Web/HTTP/Status/403",2026-07-17T14:17:47.277216
aurore1943,bpt6k3961302k,,failed,0,0,,http_manifest,known,403,manifest,"Client error '403 ' for url 'https://openapiproext.bnf.fr/iiif/presentation/v3/ark:/12148/bpt6k3961302k/manifest.json'
For more information check: https://developer.mozilla.org/en-US/docs/Web/HTTP/Status/403",2026-07-17T14:17:48.474075
aurore1943,bpt6k3882782m,,failed,0,0,,http_manifest,known,403,manifest,"Client error '403 ' for url 'https://openapiproext.bnf.fr/iiif/presentation/v3/ark:/12148/bpt6k3882782m/manifest.json'
For more information check: https://developer.mozilla.org/en-US/docs/Web/HTTP/Status/403",2026-07-17T14:17:49.674649
aurore1943,bpt6k39613030,,failed,0,0,,http_manifest,known,403,manifest,"Client error '403 ' for url 'https://openapiproext.bnf.fr/iiif/presentation/v3/ark:/12148/bpt6k39613030/manifest.json'
For more information check: https://developer.mozilla.org/en-US/docs/Web/HTTP/Status/403",2026-07-17T14:17:50.875798
aurore1943,bpt6k38827831,,failed,0,0,,http_manifest,known,403,manifest,"Client error '403 ' for url 'https://openapiproext.bnf.fr/iiif/presentation/v3/ark:/12148/bpt6k38827831/manifest.json'
For more information check: https://developer.mozilla.org/en-US/docs/Web/HTTP/Status/403",2026-07-17T14:17:52.075875
aurore1943,bpt6k3961304d,,failed,0,0,,http_manifest,known,403,manifest,"Client error '403 ' for url 'https://openapiproext.bnf.fr/iiif/presentation/v3/ark:/12148/bpt6k3961304d/manifest.json'
For more information check: https://developer.mozilla.org/en-US/docs/Web/HTTP/Status/403",2026-07-17T14:17:53.276953
aurore1943,bpt6k3882784f,,failed,0,0,,http_manifest,known,403,manifest,"Client error '403 ' for url 'https://openapiproext.bnf.fr/iiif/presentation/v3/ark:/12148/bpt6k3882784f/manifest.json'
For more information check: https://developer.mozilla.org/en-US/docs/Web/HTTP/Status/403",2026-07-17T14:17:54.485245
aurore1943,bpt6k3961305t,,failed,0,0,,http_manifest,known,403,manifest,"Client error '403 ' for url 'https://openapiproext.bnf.fr/iiif/presentation/v3/ark:/12148/bpt6k3961305t/manifest.json'
For more information check: https://developer.mozilla.org/en-US/docs/Web/HTTP/Status/403",2026-07-17T14:17:55.685542
aurore1943,bpt6k3882785v,,failed,0,0,,http_manifest,known,403,manifest,"Client error '403 ' for url 'https://openapiproext.bnf.fr/iiif/presentation/v3/ark:/12148/bpt6k3882785v/manifest.json'
For more information check: https://developer.mozilla.org/en-US/docs/Web/HTTP/Status/403",2026-07-17T14:17:56.897903
aurore1943,bpt6k39613067,,failed,0,0,,http_manifest,known,403,manifest,"Client error '403 ' for url 'https://openapiproext.bnf.fr/iiif/presentation/v3/ark:/12148/bpt6k39613067/manifest.json'
For more information check: https://developer.mozilla.org/en-US/docs/Web/HTTP/Status/403",2026-07-17T14:17:58.087056
aurore1943,bpt6k38827868,,failed,0,0,,http_manifest,known,403,manifest,"Client error '403 ' for url 'https://openapiproext.bnf.fr/iiif/presentation/v3/ark:/12148/bpt6k38827868/manifest.json'
For more information check: https://developer.mozilla.org/en-US/docs/Web/HTTP/Status/403",2026-07-17T14:17:59.285521
aurore1943,bpt6k3961307n,,failed,0,0,,http_manifest,known,403,manifest,"Client error '403 ' for url 'https://openapiproext.bnf.fr/iiif/presentation/v3/ark:/12148/bpt6k3961307n/manifest.json'
For more information check: https://developer.mozilla.org/en-US/docs/Web/HTTP/Status/403",2026-07-17T14:18:00.525506
aurore1943,bpt6k3882787p,,failed,0,0,,http_manifest,known,403,manifest,"Client error '403 ' for url 'https://openapiproext.bnf.fr/iiif/presentation/v3/ark:/12148/bpt6k3882787p/manifest.json'
For more information check: https://developer.mozilla.org/en-US/docs/Web/HTTP/Status/403",2026-07-17T14:18:01.698424
aurore1943,bpt6k39613082,,failed,0,0,,http_manifest,known,403,manifest,"Client error '403 ' for url 'https://openapiproext.bnf.fr/iiif/presentation/v3/ark:/12148/bpt6k39613082/manifest.json'
For more information check: https://developer.mozilla.org/en-US/docs/Web/HTTP/Status/403",2026-07-17T14:18:02.890562
aurore1943,bpt6k38827883,,failed,0,0,,http_manifest,known,403,manifest,"Client error '403 ' for url 'https://openapiproext.bnf.fr/iiif/presentation/v3/ark:/12148/bpt6k38827883/manifest.json'
For more information check: https://developer.mozilla.org/en-US/docs/Web/HTTP/Status/403",2026-07-17T14:18:04.096394
aurore1943,bpt6k3961309g,,failed,0,0,,http_manifest,known,403,manifest,"Client error '403 ' for url 'https://openapiproext.bnf.fr/iiif/presentation/v3/ark:/12148/bpt6k3961309g/manifest.json'
For more information check: https://developer.mozilla.org/en-US/docs/Web/HTTP/Status/403",2026-07-17T14:18:05.443618
aurore1943,bpt6k3882789h,,failed,0,0,,http_manifest,known,403,manifest,"Client error '403 ' for url 'https://openapiproext.bnf.fr/iiif/presentation/v3/ark:/12148/bpt6k3882789h/manifest.json'
For more information check: https://developer.mozilla.org/en-US/docs/Web/HTTP/Status/403",2026-07-17T14:18:06.641394
aurore1943,bpt6k39613104,,failed,0,0,,http_manifest,known,403,manifest,"Client error '403 ' for url 'https://openapiproext.bnf.fr/iiif/presentation/v3/ark:/12148/bpt6k39613104/manifest.json'
For more information check: https://developer.mozilla.org/en-US/docs/Web/HTTP/Status/403",2026-07-17T14:18:07.887983
aurore1943,bpt6k38827905,,failed,0,0,,http_manifest,known,403,manifest,"Client error '403 ' for url 'https://openapiproext.bnf.fr/iiif/presentation/v3/ark:/12148/bpt6k38827905/manifest.json'
For more information check: https://developer.mozilla.org/en-US/docs/Web/HTTP/Status/403",2026-07-17T14:18:09.070043
aurore1943,bpt6k3961311j,,failed,0,0,,http_manifest,known,403,manifest,"Client error '403 ' for url 'https://openapiproext.bnf.fr/iiif/presentation/v3/ark:/12148/bpt6k3961311j/manifest.json'
For more information check: https://developer.mozilla.org/en-US/docs/Web/HTTP/Status/403",2026-07-17T14:18:10.139155
aurore1943,bpt6k3882791k,,failed,0,0,,http_manifest,known,403,manifest,"Client error '403 ' for url 'https://openapiproext.bnf.fr/iiif/presentation/v3/ark:/12148/bpt6k3882791k/manifest.json'
For more information check: https://developer.mozilla.org/en-US/docs/Web/HTTP/Status/403",2026-07-17T14:18:11.436163
aurore1943,bpt6k3961312z,,failed,0,0,,http_manifest,known,403,manifest,"Client error '403 ' for url 'https://openapiproext.bnf.fr/iiif/presentation/v3/ark:/12148/bpt6k3961312z/manifest.json'
For more information check: https://developer.mozilla.org/en-US/docs/Web/HTTP/Status/403",2026-07-17T14:18:12.500302
aurore1943,bpt6k38827920,,failed,0,0,,http_manifest,known,403,manifest,"Client error '403 ' for url 'https://openapiproext.bnf.fr/iiif/presentation/v3/ark:/12148/bpt6k38827920/manifest.json'
For more information check: https://developer.mozilla.org/en-US/docs/Web/HTTP/Status/403",2026-07-17T14:18:13.891909
aurore1943,bpt6k3961313c,,failed,0,0,,http_manifest,known,403,manifest,"Client error '403 ' for url 'https://openapiproext.bnf.fr/iiif/presentation/v3/ark:/12148/bpt6k3961313c/manifest.json'
For more information check: https://developer.mozilla.org/en-US/docs/Web/HTTP/Status/403",2026-07-17T14:18:15.045686
aurore1943,bpt6k3882793d,,failed,0,0,,http_manifest,known,403,manifest,"Client error '403 ' for url 'https://openapiproext.bnf.fr/iiif/presentation/v3/ark:/12148/bpt6k3882793d/manifest.json'
For more information check: https://developer.mozilla.org/en-US/docs/Web/HTTP/Status/403",2026-07-17T14:18:16.313769
aurore1943,bpt6k3961314s,,failed,0,0,,http_manifest,known,403,manifest,"Client error '403 ' for url 'https://openapiproext.bnf.fr/iiif/presentation/v3/ark:/12148/bpt6k3961314s/manifest.json'
For more information check: https://developer.mozilla.org/en-US/docs/Web/HTTP/Status/403",2026-07-17T14:18:17.495794
aurore1943,bpt6k3882794t,,failed,0,0,,http_manifest,known,403,manifest,"Client error '403 ' for url 'https://openapiproext.bnf.fr/iiif/presentation/v3/ark:/12148/bpt6k3882794t/manifest.json'
For more information check: https://developer.mozilla.org/en-US/docs/Web/HTTP/Status/403",2026-07-17T14:18:18.683085
aurore1943,bpt6k39613156,,failed,0,0,,http_manifest,known,403,manifest,"Client error '403 ' for url 'https://openapiproext.bnf.fr/iiif/presentation/v3/ark:/12148/bpt6k39613156/manifest.json'
For more information check: https://developer.mozilla.org/en-US/docs/Web/HTTP/Status/403",2026-07-17T14:18:19.734551
aurore1943,bpt6k38827957,,failed,0,0,,http_manifest,known,403,manifest,"Client error '403 ' for url 'https://openapiproext.bnf.fr/iiif/presentation/v3/ark:/12148/bpt6k38827957/manifest.json'
For more information check: https://developer.mozilla.org/en-US/docs/Web/HTTP/Status/403",2026-07-17T14:18:20.939526
aurore1943,bpt6k3961316m,,failed,0,0,,http_manifest,known,403,manifest,"Client error '403 ' for url 'https://openapiproext.bnf.fr/iiif/presentation/v3/ark:/12148/bpt6k3961316m/manifest.json'
For more information check: https://developer.mozilla.org/en-US/docs/Web/HTTP/Status/403",2026-07-17T14:18:22.129803
aurore1943,bpt6k3882796n,,failed,0,0,,http_manifest,known,403,manifest,"Client error '403 ' for url 'https://openapiproext.bnf.fr/iiif/presentation/v3/ark:/12148/bpt6k3882796n/manifest.json'
For more information check: https://developer.mozilla.org/en-US/docs/Web/HTTP/Status/403",2026-07-17T14:18:23.329803
aurore1943,bpt6k39613171,,failed,0,0,,http_manifest,known,403,manifest,"Client error '403 ' for url 'https://openapiproext.bnf.fr/iiif/presentation/v3/ark:/12148/bpt6k39613171/manifest.json'
For more information check: https://developer.mozilla.org/en-US/docs/Web/HTTP/Status/403",2026-07-17T14:18:24.534215
aurore1943,bpt6k38827972,,failed,0,0,,http_manifest,known,403,manifest,"Client error '403 ' for url 'https://openapiproext.bnf.fr/iiif/presentation/v3/ark:/12148/bpt6k38827972/manifest.json'
For more information check: https://developer.mozilla.org/en-US/docs/Web/HTTP/Status/403",2026-07-17T14:18:25.732336
aurore1943,bpt6k3961318f,,failed,0,0,,http_manifest,known,403,manifest,"Client error '403 ' for url 'https://openapiproext.bnf.fr/iiif/presentation/v3/ark:/12148/bpt6k3961318f/manifest.json'
For more information check: https://developer.mozilla.org/en-US/docs/Web/HTTP/Status/403",2026-07-17T14:18:26.949180
aurore1943,bpt6k3882798g,,failed,0,0,,http_manifest,known,403,manifest,"Client error '403 ' for url 'https://openapiproext.bnf.fr/iiif/presentation/v3/ark:/12148/bpt6k3882798g/manifest.json'
For more information check: https://developer.mozilla.org/en-US/docs/Web/HTTP/Status/403",2026-07-17T14:18:28.144534
aurore1943,bpt6k3961319v,,failed,0,0,,http_manifest,known,403,manifest,"Client error '403 ' for url 'https://openapiproext.bnf.fr/iiif/presentation/v3/ark:/12148/bpt6k3961319v/manifest.json'
For more information check: https://developer.mozilla.org/en-US/docs/Web/HTTP/Status/403",2026-07-17T14:18:29.366339
aurore1943,bpt6k3882799w,,failed,0,0,,http_manifest,known,403,manifest,"Client error '403 ' for url 'https://openapiproext.bnf.fr/iiif/presentation/v3/ark:/12148/bpt6k3882799w/manifest.json'
For more information check: https://developer.mozilla.org/en-US/docs/Web/HTTP/Status/403",2026-07-17T14:18:30.540330
aurore1943,bpt6k3961320h,,failed,0,0,,http_manifest,known,403,manifest,"Client error '403 ' for url 'https://openapiproext.bnf.fr/iiif/presentation/v3/ark:/12148/bpt6k3961320h/manifest.json'
For more information check: https://developer.mozilla.org/en-US/docs/Web/HTTP/Status/403",2026-07-17T14:18:31.745580
aurore1943,bpt6k38828003,,failed,0,0,,http_manifest,known,403,manifest,"Client error '403 ' for url 'https://openapiproext.bnf.fr/iiif/presentation/v3/ark:/12148/bpt6k38828003/manifest.json'
For more information check: https://developer.mozilla.org/en-US/docs/Web/HTTP/Status/403",2026-07-17T14:18:32.943413
aurore1943,bpt6k3961321x,,failed,0,0,,http_manifest,known,403,manifest,"Client error '403 ' for url 'https://openapiproext.bnf.fr/iiif/presentation/v3/ark:/12148/bpt6k3961321x/manifest.json'
For more information check: https://developer.mozilla.org/en-US/docs/Web/HTTP/Status/403",2026-07-17T14:18:34.145277
aurore1943,bpt6k3882801h,,failed,0,0,,http_manifest,known,403,manifest,"Client error '403 ' for url 'https://openapiproext.bnf.fr/iiif/presentation/v3/ark:/12148/bpt6k3882801h/manifest.json'
For more information check: https://developer.mozilla.org/en-US/docs/Web/HTTP/Status/403",2026-07-17T14:18:35.346280
aurore1943,bpt6k3961322b,,failed,0,0,,http_manifest,known,403,manifest,"Client error '403 ' for url 'https://openapiproext.bnf.fr/iiif/presentation/v3/ark:/12148/bpt6k3961322b/manifest.json'
For more information check: https://developer.mozilla.org/en-US/docs/Web/HTTP/Status/403",2026-07-17T14:18:36.547237
aurore1943,bpt6k3882802x,,failed,0,0,,http_manifest,known,403,manifest,"Client error '403 ' for url 'https://openapiproext.bnf.fr/iiif/presentation/v3/ark:/12148/bpt6k3882802x/manifest.json'
For more information check: https://developer.mozilla.org/en-US/docs/Web/HTTP/Status/403",2026-07-17T14:18:37.752044
aurore1943,bpt6k3961323r,,failed,0,0,,http_manifest,known,403,manifest,"Client error '403 ' for url 'https://openapiproext.bnf.fr/iiif/presentation/v3/ark:/12148/bpt6k3961323r/manifest.json'
For more information check: https://developer.mozilla.org/en-US/docs/Web/HTTP/Status/403",2026-07-17T14:18:38.949710
aurore1943,bpt6k3882803b,,failed,0,0,,http_manifest,known,403,manifest,"Client error '403 ' for url 'https://openapiproext.bnf.fr/iiif/presentation/v3/ark:/12148/bpt6k3882803b/manifest.json'
For more information check: https://developer.mozilla.org/en-US/docs/Web/HTTP/Status/403",2026-07-17T14:18:40.154474
aurore1943,bpt6k39613245,,failed,0,0,,http_manifest,known,403,manifest,"Client error '403 ' for url 'https://openapiproext.bnf.fr/iiif/presentation/v3/ark:/12148/bpt6k39613245/manifest.json'
For more information check: https://developer.mozilla.org/en-US/docs/Web/HTTP/Status/403",2026-07-17T14:18:41.357688
aurore1943,bpt6k3882804r,,failed,0,0,,http_manifest,known,403,manifest,"Client error '403 ' for url 'https://openapiproext.bnf.fr/iiif/presentation/v3/ark:/12148/bpt6k3882804r/manifest.json'
For more information check: https://developer.mozilla.org/en-US/docs/Web/HTTP/Status/403",2026-07-17T14:18:42.559958
aurore1943,bpt6k3961325k,,failed,0,0,,http_manifest,known,403,manifest,"Client error '403 ' for url 'https://openapiproext.bnf.fr/iiif/presentation/v3/ark:/12148/bpt6k3961325k/manifest.json'
For more information check: https://developer.mozilla.org/en-US/docs/Web/HTTP/Status/403",2026-07-17T14:18:43.761049
aurore1943,bpt6k38828055,,failed,0,0,,http_manifest,known,403,manifest,"Client error '403 ' for url 'https://openapiproext.bnf.fr/iiif/presentation/v3/ark:/12148/bpt6k38828055/manifest.json'
For more information check: https://developer.mozilla.org/en-US/docs/Web/HTTP/Status/403",2026-07-17T14:18:44.960806
aurore1943,bpt6k39613260,,failed,0,0,,http_manifest,known,403,manifest,"Client error '403 ' for url 'https://openapiproext.bnf.fr/iiif/presentation/v3/ark:/12148/bpt6k39613260/manifest.json'
For more information check: https://developer.mozilla.org/en-US/docs/Web/HTTP/Status/403",2026-07-17T14:18:46.163744
aurore1943,bpt6k3882806k,,failed,0,0,,http_manifest,known,403,manifest,"Client error '403 ' for url 'https://openapiproext.bnf.fr/iiif/presentation/v3/ark:/12148/bpt6k3882806k/manifest.json'
For more information check: https://developer.mozilla.org/en-US/docs/Web/HTTP/Status/403",2026-07-17T14:18:47.366467
aurore1943,bpt6k3961327d,,failed,0,0,,http_manifest,known,403,manifest,"Client error '403 ' for url 'https://openapiproext.bnf.fr/iiif/presentation/v3/ark:/12148/bpt6k3961327d/manifest.json'
For more information check: https://developer.mozilla.org/en-US/docs/Web/HTTP/Status/403",2026-07-17T14:18:48.565919
aurore1943,bpt6k38828070,,failed,0,0,,http_manifest,known,403,manifest,"Client error '403 ' for url 'https://openapiproext.bnf.fr/iiif/presentation/v3/ark:/12148/bpt6k38828070/manifest.json'
For more information check: https://developer.mozilla.org/en-US/docs/Web/HTTP/Status/403",2026-07-17T14:18:49.767730
aurore1943,bpt6k3961328t,,failed,0,0,,http_manifest,known,403,manifest,"Client error '403 ' for url 'https://openapiproext.bnf.fr/iiif/presentation/v3/ark:/12148/bpt6k3961328t/manifest.json'
For more information check: https://developer.mozilla.org/en-US/docs/Web/HTTP/Status/403",2026-07-17T14:18:50.982382
aurore1943,bpt6k3882808d,,failed,0,0,,http_manifest,known,403,manifest,"Client error '403 ' for url 'https://openapiproext.bnf.fr/iiif/presentation/v3/ark:/12148/bpt6k3882808d/manifest.json'
For more information check: https://developer.mozilla.org/en-US/docs/Web/HTTP/Status/403",2026-07-17T14:18:52.169640
aurore1943,bpt6k39613297,,failed,0,0,,http_manifest,known,403,manifest,"Client error '403 ' for url 'https://openapiproext.bnf.fr/iiif/presentation/v3/ark:/12148/bpt6k39613297/manifest.json'
For more information check: https://developer.mozilla.org/en-US/docs/Web/HTTP/Status/403",2026-07-17T14:18:53.371443
aurore1943,bpt6k3882809t,,failed,0,0,,http_manifest,known,403,manifest,"Client error '403 ' for url 'https://openapiproext.bnf.fr/iiif/presentation/v3/ark:/12148/bpt6k3882809t/manifest.json'
For more information check: https://developer.mozilla.org/en-US/docs/Web/HTTP/Status/403",2026-07-17T14:18:54.574076
aurore1943,bpt6k3961330w,,failed,0,0,,http_manifest,known,403,manifest,"Client error '403 ' for url 'https://openapiproext.bnf.fr/iiif/presentation/v3/ark:/12148/bpt6k3961330w/manifest.json'
For more information check: https://developer.mozilla.org/en-US/docs/Web/HTTP/Status/403",2026-07-17T14:18:55.773892
aurore1943,bpt6k3882810g,,failed,0,0,,http_manifest,known,403,manifest,"Client error '403 ' for url 'https://openapiproext.bnf.fr/iiif/presentation/v3/ark:/12148/bpt6k3882810g/manifest.json'
For more information check: https://developer.mozilla.org/en-US/docs/Web/HTTP/Status/403",2026-07-17T14:18:56.994090
aurore1943,bpt6k39613319,,failed,0,0,,http_manifest,known,403,manifest,"Client error '403 ' for url 'https://openapiproext.bnf.fr/iiif/presentation/v3/ark:/12148/bpt6k39613319/manifest.json'
For more information check: https://developer.mozilla.org/en-US/docs/Web/HTTP/Status/403",2026-07-17T14:18:58.399258
aurore1943,bpt6k3882811w,,failed,0,0,,http_manifest,known,403,manifest,"Client error '403 ' for url 'https://openapiproext.bnf.fr/iiif/presentation/v3/ark:/12148/bpt6k3882811w/manifest.json'
For more information check: https://developer.mozilla.org/en-US/docs/Web/HTTP/Status/403",2026-07-17T14:18:59.427245
aurore1943,bpt6k3961332q,,failed,0,0,,http_manifest,known,403,manifest,"Client error '403 ' for url 'https://openapiproext.bnf.fr/iiif/presentation/v3/ark:/12148/bpt6k3961332q/manifest.json'
For more information check: https://developer.mozilla.org/en-US/docs/Web/HTTP/Status/403",2026-07-17T14:19:00.720365
aurore1943,bpt6k38828129,,failed,0,0,,http_manifest,known,403,manifest,"Client error '403 ' for url 'https://openapiproext.bnf.fr/iiif/presentation/v3/ark:/12148/bpt6k38828129/manifest.json'
For more information check: https://developer.mozilla.org/en-US/docs/Web/HTTP/Status/403",2026-07-17T14:19:01.840320
aurore1943,bpt6k39613334,,failed,0,0,,http_manifest,known,403,manifest,"Client error '403 ' for url 'https://openapiproext.bnf.fr/iiif/presentation/v3/ark:/12148/bpt6k39613334/manifest.json'
For more information check: https://developer.mozilla.org/en-US/docs/Web/HTTP/Status/403",2026-07-17T14:19:03.037356
aurore1943,bpt6k3882813q,,failed,0,0,,http_manifest,known,403,manifest,"Client error '403 ' for url 'https://openapiproext.bnf.fr/iiif/presentation/v3/ark:/12148/bpt6k3882813q/manifest.json'
For more information check: https://developer.mozilla.org/en-US/docs/Web/HTTP/Status/403",2026-07-17T14:19:04.210971
lauto,bpt6k4623089g,,failed,0,0,,no_usable_pages,known,,,bpt6k4623089g: no usable pages in manifest.,2026-07-17T14:19:04.486700
lauto,bpt6k46260546,,failed,0,0,,no_usable_pages,known,,,bpt6k46260546: no usable pages in manifest.,2026-07-17T14:19:04.581571
lauto,bpt6k46314512,,failed,0,0,,no_usable_pages,known,,,bpt6k46314512: no usable pages in manifest.,2026-07-17T14:19:04.756760
lauto,bpt6k4631665s,,failed,0,0,,no_usable_pages,known,,,bpt6k4631665s: no usable pages in manifest.,2026-07-17T14:19:04.910861
lauto,bpt6k4628962g,,failed,0,0,,no_usable_pages,known,,,bpt6k4628962g: no usable pages in manifest.,2026-07-17T14:19:05.087100
lauto,bpt6k46343752,,failed,0,0,,no_usable_pages,known,,,bpt6k46343752: no usable pages in manifest.,2026-07-17T14:19:05.321602
echoalger,bpt6k4154334g,,failed,0,0,,no_usable_pages,known,,,bpt6k4154334g: no usable pages in manifest.,2026-07-17T14:19:05.726158
echoalger,bpt6k4154335w,,failed,0,0,,no_usable_pages,known,,,bpt6k4154335w: no usable pages in manifest.,2026-07-17T14:19:05.890081
echoalger,bpt6k41543369,,failed,0,0,,no_usable_pages,known,,,bpt6k41543369: no usable pages in manifest.,2026-07-17T14:19:06.102530
echoalger,bpt6k4154337q,,failed,0,0,,no_usable_pages,known,,,bpt6k4154337q: no usable pages in manifest.,2026-07-17T14:19:06.271021
echoalger,bpt6k41543384,,failed,0,0,,no_usable_pages,known,,,bpt6k41543384: no usable pages in manifest.,2026-07-17T14:19:06.462531
echoalger,bpt6k4154339j,,failed,0,0,,no_usable_pages,known,,,bpt6k4154339j: no usable pages in manifest.,2026-07-17T14:19:06.753407
echoalger,bpt6k41543406,,failed,0,0,,no_usable_pages,known,,,bpt6k41543406: no usable pages in manifest.,2026-07-17T14:19:06.910724
echoalger,bpt6k4154341m,,failed,0,0,,no_usable_pages,known,,,bpt6k4154341m: no usable pages in manifest.,2026-07-17T14:19:07.058563
echoalger,bpt6k41543421,,failed,0,0,,no_usable_pages,known,,,bpt6k41543421: no usable pages in manifest.,2026-07-17T14:19:07.189880
echoalger,bpt6k4154343f,,failed,0,0,,no_usable_pages,known,,,bpt6k4154343f: no usable pages in manifest.,2026-07-17T14:19:07.347514
echoalger,bpt6k4154344v,,failed,0,0,,no_usable_pages,known,,,bpt6k4154344v: no usable pages in manifest.,2026-07-17T14:19:07.485296
echoalger,bpt6k41543458,,failed,0,0,,no_usable_pages,known,,,bpt6k41543458: no usable pages in manifest.,2026-07-17T14:19:07.608225
echoalger,bpt6k4154346p,,failed,0,0,,no_usable_pages,known,,,bpt6k4154346p: no usable pages in manifest.,2026-07-17T14:19:07.845295
echoalger,bpt6k41543473,,failed,0,0,,no_usable_pages,known,,,bpt6k41543473: no usable pages in manifest.,2026-07-17T14:19:07.955060
echoalger,bpt6k4154348h,,failed,0,0,,no_usable_pages,known,,,bpt6k4154348h: no usable pages in manifest.,2026-07-17T14:19:08.080492
echoalger,bpt6k4154349x,,failed,0,0,,no_usable_pages,known,,,bpt6k4154349x: no usable pages in manifest.,2026-07-17T14:19:08.237995
echoalger,bpt6k4154350k,,failed,0,0,,no_usable_pages,known,,,bpt6k4154350k: no usable pages in manifest.,2026-07-17T14:19:08.902107
echoalger,bpt6k41543510,,failed,0,0,,no_usable_pages,known,,,bpt6k41543510: no usable pages in manifest.,2026-07-17T14:19:09.075418
echoalger,bpt6k4154352d,,failed,0,0,,no_usable_pages,known,,,bpt6k4154352d: no usable pages in manifest.,2026-07-17T14:19:09.222420
echoalger,bpt6k4154353t,,failed,0,0,,no_usable_pages,known,,,bpt6k4154353t: no usable pages in manifest.,2026-07-17T14:19:09.371771
echoalger,bpt6k41543547,,failed,0,0,,no_usable_pages,known,,,bpt6k41543547: no usable pages in manifest.,2026-07-17T14:19:09.490189
echoalger,bpt6k4154355n,,failed,0,0,,no_usable_pages,known,,,bpt6k4154355n: no usable pages in manifest.,2026-07-17T14:19:09.619840
echoalger,bpt6k41543562,,failed,0,0,,no_usable_pages,known,,,bpt6k41543562: no usable pages in manifest.,2026-07-17T14:19:09.815895
echoalger,bpt6k4154357g,,failed,0,0,,no_usable_pages,known,,,bpt6k4154357g: no usable pages in manifest.,2026-07-17T14:19:10.061424
echoalger,bpt6k4154358w,,failed,0,0,,no_usable_pages,known,,,bpt6k4154358w: no usable pages in manifest.,2026-07-17T14:19:10.224748
echoalger,bpt6k41543599,,failed,0,0,,no_usable_pages,known,,,bpt6k41543599: no usable pages in manifest.,2026-07-17T14:19:10.336843
echoalger,bpt6k4154360z,,failed,0,0,,no_usable_pages,known,,,bpt6k4154360z: no usable pages in manifest.,2026-07-17T14:19:10.522485
echoalger,bpt6k4154361c,,failed,0,0,,no_usable_pages,known,,,bpt6k4154361c: no usable pages in manifest.,2026-07-17T14:19:10.663232
echoalger,bpt6k4154362s,,failed,0,0,,no_usable_pages,known,,,bpt6k4154362s: no usable pages in manifest.,2026-07-17T14:19:10.808628
echoalger,bpt6k41543636,,failed,0,0,,no_usable_pages,known,,,bpt6k41543636: no usable pages in manifest.,2026-07-17T14:19:11.072873
echoalger,bpt6k4154364m,,failed,0,0,,no_usable_pages,known,,,bpt6k4154364m: no usable pages in manifest.,2026-07-17T14:19:11.253842
echoalger,bpt6k41543651,,failed,0,0,,no_usable_pages,known,,,bpt6k41543651: no usable pages in manifest.,2026-07-17T14:19:11.395904
echoalger,bpt6k4154366f,,failed,0,0,,no_usable_pages,known,,,bpt6k4154366f: no usable pages in manifest.,2026-07-17T14:19:11.560846
echoalger,bpt6k4154367v,,failed,0,0,,no_usable_pages,known,,,bpt6k4154367v: no usable pages in manifest.,2026-07-17T14:19:11.737177
echoalger,bpt6k41543688,,failed,0,0,,no_usable_pages,known,,,bpt6k41543688: no usable pages in manifest.,2026-07-17T14:19:11.900091
echoalger,bpt6k4154369p,,failed,0,0,,no_usable_pages,known,,,bpt6k4154369p: no usable pages in manifest.,2026-07-17T14:19:12.185099
echoalger,bpt6k4154370b,,failed,0,0,,no_usable_pages,known,,,bpt6k4154370b: no usable pages in manifest.,2026-07-17T14:19:12.369279
echoalger,bpt6k4154371r,,failed,0,0,,no_usable_pages,known,,,bpt6k4154371r: no usable pages in manifest.,2026-07-17T14:19:12.545758
echoalger,bpt6k41543725,,failed,0,0,,no_usable_pages,known,,,bpt6k41543725: no usable pages in manifest.,2026-07-17T14:19:12.688208
echoalger,bpt6k4154373k,,failed,0,0,,no_usable_pages,known,,,bpt6k4154373k: no usable pages in manifest.,2026-07-17T14:19:12.817082
echoalger,bpt6k41543740,,failed,0,0,,no_usable_pages,known,,,bpt6k41543740: no usable pages in manifest.,2026-07-17T14:19:12.963339
echoalger,bpt6k4154375d,,failed,0,0,,no_usable_pages,known,,,bpt6k4154375d: no usable pages in manifest.,2026-07-17T14:19:13.126227
echoalger,bpt6k4154376t,,failed,0,0,,no_usable_pages,known,,,bpt6k4154376t: no usable pages in manifest.,2026-07-17T14:19:13.397340
echoalger,bpt6k41543777,,failed,0,0,,no_usable_pages,known,,,bpt6k41543777: no usable pages in manifest.,2026-07-17T14:19:13.569895
echoalger,bpt6k4154378n,,failed,0,0,,no_usable_pages,known,,,bpt6k4154378n: no usable pages in manifest.,2026-07-17T14:19:13.724643
echoalger,bpt6k41543792,,failed,0,0,,no_usable_pages,known,,,bpt6k41543792: no usable pages in manifest.,2026-07-17T14:19:13.912273
echoalger,bpt6k4154380q,,failed,0,0,,no_usable_pages,known,,,bpt6k4154380q: no usable pages in manifest.,2026-07-17T14:19:14.062109
echoalger,bpt6k41543814,,failed,0,0,,no_usable_pages,known,,,bpt6k41543814: no usable pages in manifest.,2026-07-17T14:19:14.387581
echoalger,bpt6k4154382j,,failed,0,0,,no_usable_pages,known,,,bpt6k4154382j: no usable pages in manifest.,2026-07-17T14:19:14.572963
echoalger,bpt6k4154383z,,failed,0,0,,no_usable_pages,known,,,bpt6k4154383z: no usable pages in manifest.,2026-07-17T14:19:14.756776
echoalger,bpt6k4154384c,,failed,0,0,,no_usable_pages,known,,,bpt6k4154384c: no usable pages in manifest.,2026-07-17T14:19:14.936606
echoalger,bpt6k4154385s,,failed,0,0,,no_usable_pages,known,,,bpt6k4154385s: no usable pages in manifest.,2026-07-17T14:19:15.059826
echoalger,bpt6k41543866,,failed,0,0,,no_usable_pages,known,,,bpt6k41543866: no usable pages in manifest.,2026-07-17T14:19:15.194069
echoalger,bpt6k4154387m,,failed,0,0,,no_usable_pages,known,,,bpt6k4154387m: no usable pages in manifest.,2026-07-17T14:19:15.434755
echoalger,bpt6k41543881,,failed,0,0,,no_usable_pages,known,,,bpt6k41543881: no usable pages in manifest.,2026-07-17T14:19:15.607194
echoalger,bpt6k4154389f,,failed,0,0,,no_usable_pages,known,,,bpt6k4154389f: no usable pages in manifest.,2026-07-17T14:19:15.746146
echoalger,bpt6k41543903,,failed,0,0,,no_usable_pages,known,,,bpt6k41543903: no usable pages in manifest.,2026-07-17T14:19:15.876440
echoalger,bpt6k4154391h,,failed,0,0,,no_usable_pages,known,,,bpt6k4154391h: no usable pages in manifest.,2026-07-17T14:19:16.013424
echoalger,bpt6k4154392x,,failed,0,0,,no_usable_pages,known,,,bpt6k4154392x: no usable pages in manifest.,2026-07-17T14:19:16.132809
echoalger,bpt6k4154393b,,failed,0,0,,no_usable_pages,known,,,bpt6k4154393b: no usable pages in manifest.,2026-07-17T14:19:16.337165
echoalger,bpt6k4154394r,,failed,0,0,,no_usable_pages,known,,,bpt6k4154394r: no usable pages in manifest.,2026-07-17T14:19:16.484755
echoalger,bpt6k41543955,,failed,0,0,,no_usable_pages,known,,,bpt6k41543955: no usable pages in manifest.,2026-07-17T14:19:16.584375
echoalger,bpt6k4154396k,,failed,0,0,,no_usable_pages,known,,,bpt6k4154396k: no usable pages in manifest.,2026-07-17T14:19:16.699360
echoalger,bpt6k41543970,,failed,0,0,,no_usable_pages,known,,,bpt6k41543970: no usable pages in manifest.,2026-07-17T14:19:16.812516
echoalger,bpt6k4154398d,,failed,0,0,,no_usable_pages,known,,,bpt6k4154398d: no usable pages in manifest.,2026-07-17T14:19:17.005462
echoalger,bpt6k4154399t,,failed,0,0,,no_usable_pages,known,,,bpt6k4154399t: no usable pages in manifest.,2026-07-17T14:19:17.174151
echoalger,bpt6k41544001,,failed,0,0,,no_usable_pages,known,,,bpt6k41544001: no usable pages in manifest.,2026-07-17T14:19:17.346569
echoalger,bpt6k4154401f,,failed,0,0,,no_usable_pages,known,,,bpt6k4154401f: no usable pages in manifest.,2026-07-17T14:19:17.572818
echoalger,bpt6k4154402v,,failed,0,0,,no_usable_pages,known,,,bpt6k4154402v: no usable pages in manifest.,2026-07-17T14:19:17.787337
echoalger,bpt6k41544038,,failed,0,0,,no_usable_pages,known,,,bpt6k41544038: no usable pages in manifest.,2026-07-17T14:19:17.924584
echoalger,bpt6k4154404p,,failed,0,0,,no_usable_pages,known,,,bpt6k4154404p: no usable pages in manifest.,2026-07-17T14:19:18.053685
echoalger,bpt6k41544053,,failed,0,0,,no_usable_pages,known,,,bpt6k41544053: no usable pages in manifest.,2026-07-17T14:19:18.227674
echoalger,bpt6k4154406h,,failed,0,0,,no_usable_pages,known,,,bpt6k4154406h: no usable pages in manifest.,2026-07-17T14:19:18.424433
echoalger,bpt6k4154407x,,failed,0,0,,no_usable_pages,known,,,bpt6k4154407x: no usable pages in manifest.,2026-07-17T14:19:18.688358
echoalger,bpt6k4154408b,,failed,0,0,,no_usable_pages,known,,,bpt6k4154408b: no usable pages in manifest.,2026-07-17T14:19:18.839601
echoalger,bpt6k4154409r,,failed,0,0,,no_usable_pages,known,,,bpt6k4154409r: no usable pages in manifest.,2026-07-17T14:19:18.998457
echoalger,bpt6k4154410d,,failed,0,0,,no_usable_pages,known,,,bpt6k4154410d: no usable pages in manifest.,2026-07-17T14:19:19.178614
echoalger,bpt6k4154411t,,failed,0,0,,no_usable_pages,known,,,bpt6k4154411t: no usable pages in manifest.,2026-07-17T14:19:19.328273
echoalger,bpt6k41544127,,failed,0,0,,no_usable_pages,known,,,bpt6k41544127: no usable pages in manifest.,2026-07-17T14:19:19.474327
echoalger,bpt6k4154413n,,failed,0,0,,no_usable_pages,known,,,bpt6k4154413n: no usable pages in manifest.,2026-07-17T14:19:19.742909
echoalger,bpt6k41544142,,failed,0,0,,no_usable_pages,known,,,bpt6k41544142: no usable pages in manifest.,2026-07-17T14:19:20.041334
echoalger,bpt6k4154415g,,failed,0,0,,no_usable_pages,known,,,bpt6k4154415g: no usable pages in manifest.,2026-07-17T14:19:20.274044
echoalger,bpt6k4154416w,,failed,0,0,,no_usable_pages,known,,,bpt6k4154416w: no usable pages in manifest.,2026-07-17T14:19:20.454222
echoalger,bpt6k41544179,,failed,0,0,,no_usable_pages,known,,,bpt6k41544179: no usable pages in manifest.,2026-07-17T14:19:20.644750
echoalger,bpt6k4154418q,,failed,0,0,,no_usable_pages,known,,,bpt6k4154418q: no usable pages in manifest.,2026-07-17T14:19:20.936657
echoalger,bpt6k41544194,,failed,0,0,,no_usable_pages,known,,,bpt6k41544194: no usable pages in manifest.,2026-07-17T14:19:21.054345
echoalger,bpt6k4154420s,,failed,0,0,,no_usable_pages,known,,,bpt6k4154420s: no usable pages in manifest.,2026-07-17T14:19:21.170998
echoalger,bpt6k41544216,,failed,0,0,,no_usable_pages,known,,,bpt6k41544216: no usable pages in manifest.,2026-07-17T14:19:21.310518
echoalger,bpt6k4154422m,,failed,0,0,,no_usable_pages,known,,,bpt6k4154422m: no usable pages in manifest.,2026-07-17T14:19:21.457343
echoalger,bpt6k41544231,,failed,0,0,,no_usable_pages,known,,,bpt6k41544231: no usable pages in manifest.,2026-07-17T14:19:21.563577
echoalger,bpt6k4154424f,,failed,0,0,,no_usable_pages,known,,,bpt6k4154424f: no usable pages in manifest.,2026-07-17T14:19:21.721153
echoalger,bpt6k4154425v,,failed,0,0,,no_usable_pages,known,,,bpt6k4154425v: no usable pages in manifest.,2026-07-17T14:19:21.938659
echoalger,bpt6k41544268,,failed,0,0,,no_usable_pages,known,,,bpt6k41544268: no usable pages in manifest.,2026-07-17T14:19:22.100046
echoalger,bpt6k4154427p,,failed,0,0,,no_usable_pages,known,,,bpt6k4154427p: no usable pages in manifest.,2026-07-17T14:19:22.181010
echoalger,bpt6k41544283,,failed,0,0,,no_usable_pages,known,,,bpt6k41544283: no usable pages in manifest.,2026-07-17T14:19:22.316091
echoalger,bpt6k4154429h,,failed,0,0,,no_usable_pages,known,,,bpt6k4154429h: no usable pages in manifest.,2026-07-17T14:19:22.457704
echoalger,bpt6k41544305,,failed,0,0,,no_usable_pages,known,,,bpt6k41544305: no usable pages in manifest.,2026-07-17T14:19:22.644427
echoalger,bpt6k4154431k,,failed,0,0,,no_usable_pages,known,,,bpt6k4154431k: no usable pages in manifest.,2026-07-17T14:19:22.812578
echoalger,bpt6k41544320,,failed,0,0,,no_usable_pages,known,,,bpt6k41544320: no usable pages in manifest.,2026-07-17T14:19:23.069248
echoalger,bpt6k4154433d,,failed,0,0,,no_usable_pages,known,,,bpt6k4154433d: no usable pages in manifest.,2026-07-17T14:19:23.184525
echoalger,bpt6k4152957x,,failed,0,0,,http_manifest,known,403,manifest,"Client error '403 ' for url 'https://openapiproext.bnf.fr/iiif/presentation/v3/ark:/12148/bpt6k4152957x/manifest.json'
For more information check: https://developer.mozilla.org/en-US/docs/Web/HTTP/Status/403",2026-07-17T14:19:23.401199
echoalger,bpt6k4152958b,,failed,0,0,,http_manifest,known,403,manifest,"Client error '403 ' for url 'https://openapiproext.bnf.fr/iiif/presentation/v3/ark:/12148/bpt6k4152958b/manifest.json'
For more information check: https://developer.mozilla.org/en-US/docs/Web/HTTP/Status/403",2026-07-17T14:19:24.510259
echoalger,bpt6k4152959r,,failed,0,0,,http_manifest,known,403,manifest,"Client error '403 ' for url 'https://openapiproext.bnf.fr/iiif/presentation/v3/ark:/12148/bpt6k4152959r/manifest.json'
For more information check: https://developer.mozilla.org/en-US/docs/Web/HTTP/Status/403",2026-07-17T14:19:25.710404
echoalger,bpt6k4152960d,,failed,0,0,,http_manifest,known,403,manifest,"Client error '403 ' for url 'https://openapiproext.bnf.fr/iiif/presentation/v3/ark:/12148/bpt6k4152960d/manifest.json'
For more information check: https://developer.mozilla.org/en-US/docs/Web/HTTP/Status/403",2026-07-17T14:19:26.911644
echoalger,bpt6k4152961t,,failed,0,0,,http_manifest,known,403,manifest,"Client error '403 ' for url 'https://openapiproext.bnf.fr/iiif/presentation/v3/ark:/12148/bpt6k4152961t/manifest.json'
For more information check: https://developer.mozilla.org/en-US/docs/Web/HTTP/Status/403",2026-07-17T14:19:28.114226
echoalger,bpt6k41529627,,failed,0,0,,http_manifest,known,403,manifest,"Client error '403 ' for url 'https://openapiproext.bnf.fr/iiif/presentation/v3/ark:/12148/bpt6k41529627/manifest.json'
For more information check: https://developer.mozilla.org/en-US/docs/Web/HTTP/Status/403",2026-07-17T14:19:29.332097
echoalger,bpt6k4152963n,,failed,0,0,,http_manifest,known,403,manifest,"Client error '403 ' for url 'https://openapiproext.bnf.fr/iiif/presentation/v3/ark:/12148/bpt6k4152963n/manifest.json'
For more information check: https://developer.mozilla.org/en-US/docs/Web/HTTP/Status/403",2026-07-17T14:19:30.518838
echoalger,bpt6k41529642,,failed,0,0,,http_manifest,known,403,manifest,"Client error '403 ' for url 'https://openapiproext.bnf.fr/iiif/presentation/v3/ark:/12148/bpt6k41529642/manifest.json'
For more information check: https://developer.mozilla.org/en-US/docs/Web/HTTP/Status/403",2026-07-17T14:19:31.718029
echoalger,bpt6k4152965g,,failed,0,0,,http_manifest,known,403,manifest,"Client error '403 ' for url 'https://openapiproext.bnf.fr/iiif/presentation/v3/ark:/12148/bpt6k4152965g/manifest.json'
For more information check: https://developer.mozilla.org/en-US/docs/Web/HTTP/Status/403",2026-07-17T14:19:32.921922
echoalger,bpt6k4152966w,,failed,0,0,,http_manifest,known,403,manifest,"Client error '403 ' for url 'https://openapiproext.bnf.fr/iiif/presentation/v3/ark:/12148/bpt6k4152966w/manifest.json'
For more information check: https://developer.mozilla.org/en-US/docs/Web/HTTP/Status/403",2026-07-17T14:19:34.144284
echoalger,bpt6k41529679,,failed,0,0,,http_manifest,known,403,manifest,"Client error '403 ' for url 'https://openapiproext.bnf.fr/iiif/presentation/v3/ark:/12148/bpt6k41529679/manifest.json'
For more information check: https://developer.mozilla.org/en-US/docs/Web/HTTP/Status/403",2026-07-17T14:19:35.325769
echoalger,bpt6k4152968q,,failed,0,0,,http_manifest,known,403,manifest,"Client error '403 ' for url 'https://openapiproext.bnf.fr/iiif/presentation/v3/ark:/12148/bpt6k4152968q/manifest.json'
For more information check: https://developer.mozilla.org/en-US/docs/Web/HTTP/Status/403",2026-07-17T14:19:36.530532
echoalger,bpt6k41529694,,failed,0,0,,http_manifest,known,403,manifest,"Client error '403 ' for url 'https://openapiproext.bnf.fr/iiif/presentation/v3/ark:/12148/bpt6k41529694/manifest.json'
For more information check: https://developer.mozilla.org/en-US/docs/Web/HTTP/Status/403",2026-07-17T14:19:37.732679
echoalger,bpt6k4152970s,,failed,0,0,,http_manifest,known,403,manifest,"Client error '403 ' for url 'https://openapiproext.bnf.fr/iiif/presentation/v3/ark:/12148/bpt6k4152970s/manifest.json'
For more information check: https://developer.mozilla.org/en-US/docs/Web/HTTP/Status/403",2026-07-17T14:19:38.930252
echoalger,bpt6k41529716,,failed,0,0,,http_manifest,known,403,manifest,"Client error '403 ' for url 'https://openapiproext.bnf.fr/iiif/presentation/v3/ark:/12148/bpt6k41529716/manifest.json'
For more information check: https://developer.mozilla.org/en-US/docs/Web/HTTP/Status/403",2026-07-17T14:19:40.135009
echoalger,bpt6k4152972m,,failed,0,0,,http_manifest,known,403,manifest,"Client error '403 ' for url 'https://openapiproext.bnf.fr/iiif/presentation/v3/ark:/12148/bpt6k4152972m/manifest.json'
For more information check: https://developer.mozilla.org/en-US/docs/Web/HTTP/Status/403",2026-07-17T14:19:41.353755
echoalger,bpt6k41529731,,failed,0,0,,http_manifest,known,403,manifest,"Client error '403 ' for url 'https://openapiproext.bnf.fr/iiif/presentation/v3/ark:/12148/bpt6k41529731/manifest.json'
For more information check: https://developer.mozilla.org/en-US/docs/Web/HTTP/Status/403",2026-07-17T14:19:42.533376
echoalger,bpt6k4152974f,,failed,0,0,,http_manifest,known,403,manifest,"Client error '403 ' for url 'https://openapiproext.bnf.fr/iiif/presentation/v3/ark:/12148/bpt6k4152974f/manifest.json'
For more information check: https://developer.mozilla.org/en-US/docs/Web/HTTP/Status/403",2026-07-17T14:19:43.735322
echoalger,bpt6k4152975v,,failed,0,0,,http_manifest,known,403,manifest,"Client error '403 ' for url 'https://openapiproext.bnf.fr/iiif/presentation/v3/ark:/12148/bpt6k4152975v/manifest.json'
For more information check: https://developer.mozilla.org/en-US/docs/Web/HTTP/Status/403",2026-07-17T14:19:44.935151
echoalger,bpt6k41529768,,failed,0,0,,http_manifest,known,403,manifest,"Client error '403 ' for url 'https://openapiproext.bnf.fr/iiif/presentation/v3/ark:/12148/bpt6k41529768/manifest.json'
For more information check: https://developer.mozilla.org/en-US/docs/Web/HTTP/Status/403",2026-07-17T14:19:46.142447
echoalger,bpt6k4152977p,,failed,0,0,,http_manifest,known,403,manifest,"Client error '403 ' for url 'https://openapiproext.bnf.fr/iiif/presentation/v3/ark:/12148/bpt6k4152977p/manifest.json'
For more information check: https://developer.mozilla.org/en-US/docs/Web/HTTP/Status/403",2026-07-17T14:19:47.341408
echoalger,bpt6k41529783,,failed,0,0,,http_manifest,known,403,manifest,"Client error '403 ' for url 'https://openapiproext.bnf.fr/iiif/presentation/v3/ark:/12148/bpt6k41529783/manifest.json'
For more information check: https://developer.mozilla.org/en-US/docs/Web/HTTP/Status/403",2026-07-17T14:19:48.547720
echoalger,bpt6k4152979h,,failed,0,0,,http_manifest,known,403,manifest,"Client error '403 ' for url 'https://openapiproext.bnf.fr/iiif/presentation/v3/ark:/12148/bpt6k4152979h/manifest.json'
For more information check: https://developer.mozilla.org/en-US/docs/Web/HTTP/Status/403",2026-07-17T14:19:49.747676
echoalger,bpt6k41529805,,failed,0,0,,http_manifest,known,403,manifest,"Client error '403 ' for url 'https://openapiproext.bnf.fr/iiif/presentation/v3/ark:/12148/bpt6k41529805/manifest.json'
For more information check: https://developer.mozilla.org/en-US/docs/Web/HTTP/Status/403",2026-07-17T14:19:50.947906
echoalger,bpt6k4152981k,,failed,0,0,,http_manifest,known,403,manifest,"Client error '403 ' for url 'https://openapiproext.bnf.fr/iiif/presentation/v3/ark:/12148/bpt6k4152981k/manifest.json'
For more information check: https://developer.mozilla.org/en-US/docs/Web/HTTP/Status/403",2026-07-17T14:19:52.150317
echoalger,bpt6k41529820,,failed,0,0,,http_manifest,known,403,manifest,"Client error '403 ' for url 'https://openapiproext.bnf.fr/iiif/presentation/v3/ark:/12148/bpt6k41529820/manifest.json'
For more information check: https://developer.mozilla.org/en-US/docs/Web/HTTP/Status/403",2026-07-17T14:19:53.373877
echoalger,bpt6k4152983d,,failed,0,0,,http_manifest,known,403,manifest,"Client error '403 ' for url 'https://openapiproext.bnf.fr/iiif/presentation/v3/ark:/12148/bpt6k4152983d/manifest.json'
For more information check: https://developer.mozilla.org/en-US/docs/Web/HTTP/Status/403",2026-07-17T14:19:54.553154
echoalger,bpt6k4152984t,,failed,0,0,,http_manifest,known,403,manifest,"Client error '403 ' for url 'https://openapiproext.bnf.fr/iiif/presentation/v3/ark:/12148/bpt6k4152984t/manifest.json'
For more information check: https://developer.mozilla.org/en-US/docs/Web/HTTP/Status/403",2026-07-17T14:19:55.753550
echoalger,bpt6k41529857,,failed,0,0,,http_manifest,known,403,manifest,"Client error '403 ' for url 'https://openapiproext.bnf.fr/iiif/presentation/v3/ark:/12148/bpt6k41529857/manifest.json'
For more information check: https://developer.mozilla.org/en-US/docs/Web/HTTP/Status/403",2026-07-17T14:19:56.953822
echoalger,bpt6k4152986n,,failed,0,0,,http_manifest,known,403,manifest,"Client error '403 ' for url 'https://openapiproext.bnf.fr/iiif/presentation/v3/ark:/12148/bpt6k4152986n/manifest.json'
For more information check: https://developer.mozilla.org/en-US/docs/Web/HTTP/Status/403",2026-07-17T14:19:58.159075
echoalger,bpt6k41529872,,failed,0,0,,http_manifest,known,403,manifest,"Client error '403 ' for url 'https://openapiproext.bnf.fr/iiif/presentation/v3/ark:/12148/bpt6k41529872/manifest.json'
For more information check: https://developer.mozilla.org/en-US/docs/Web/HTTP/Status/403",2026-07-17T14:19:59.605167
echoalger,bpt6k4152988g,,failed,0,0,,http_manifest,known,403,manifest,"Client error '403 ' for url 'https://openapiproext.bnf.fr/iiif/presentation/v3/ark:/12148/bpt6k4152988g/manifest.json'
For more information check: https://developer.mozilla.org/en-US/docs/Web/HTTP/Status/403",2026-07-17T14:20:00.559741
echoalger,bpt6k4152989w,,failed,0,0,,http_manifest,known,403,manifest,"Client error '403 ' for url 'https://openapiproext.bnf.fr/iiif/presentation/v3/ark:/12148/bpt6k4152989w/manifest.json'
For more information check: https://developer.mozilla.org/en-US/docs/Web/HTTP/Status/403",2026-07-17T14:20:01.762125
echoalger,bpt6k4152990j,,failed,0,0,,http_manifest,known,403,manifest,"Client error '403 ' for url 'https://openapiproext.bnf.fr/iiif/presentation/v3/ark:/12148/bpt6k4152990j/manifest.json'
For more information check: https://developer.mozilla.org/en-US/docs/Web/HTTP/Status/403",2026-07-17T14:20:02.966920
echoalger,bpt6k4152991z,,failed,0,0,,http_manifest,known,403,manifest,"Client error '403 ' for url 'https://openapiproext.bnf.fr/iiif/presentation/v3/ark:/12148/bpt6k4152991z/manifest.json'
For more information check: https://developer.mozilla.org/en-US/docs/Web/HTTP/Status/403",2026-07-17T14:20:04.469625
echoalger,bpt6k4152992c,,failed,0,0,,http_manifest,known,403,manifest,"Client error '403 ' for url 'https://openapiproext.bnf.fr/iiif/presentation/v3/ark:/12148/bpt6k4152992c/manifest.json'
For more information check: https://developer.mozilla.org/en-US/docs/Web/HTTP/Status/403",2026-07-17T14:20:05.369759
echoalger,bpt6k4152993s,,failed,0,0,,http_manifest,known,403,manifest,"Client error '403 ' for url 'https://openapiproext.bnf.fr/iiif/presentation/v3/ark:/12148/bpt6k4152993s/manifest.json'
For more information check: https://developer.mozilla.org/en-US/docs/Web/HTTP/Status/403",2026-07-17T14:20:06.664908
echoalger,bpt6k41529946,,failed,0,0,,http_manifest,known,403,manifest,"Client error '403 ' for url 'https://openapiproext.bnf.fr/iiif/presentation/v3/ark:/12148/bpt6k41529946/manifest.json'
For more information check: https://developer.mozilla.org/en-US/docs/Web/HTTP/Status/403",2026-07-17T14:20:07.768905
echoalger,bpt6k4152995m,,failed,0,0,,http_manifest,known,403,manifest,"Client error '403 ' for url 'https://openapiproext.bnf.fr/iiif/presentation/v3/ark:/12148/bpt6k4152995m/manifest.json'
For more information check: https://developer.mozilla.org/en-US/docs/Web/HTTP/Status/403",2026-07-17T14:20:09.013141
echoalger,bpt6k41529961,,failed,0,0,,http_manifest,known,403,manifest,"Client error '403 ' for url 'https://openapiproext.bnf.fr/iiif/presentation/v3/ark:/12148/bpt6k41529961/manifest.json'
For more information check: https://developer.mozilla.org/en-US/docs/Web/HTTP/Status/403",2026-07-17T14:20:10.286212
echoalger,bpt6k4152997f,,failed,0,0,,http_manifest,known,403,manifest,"Client error '403 ' for url 'https://openapiproext.bnf.fr/iiif/presentation/v3/ark:/12148/bpt6k4152997f/manifest.json'
For more information check: https://developer.mozilla.org/en-US/docs/Web/HTTP/Status/403",2026-07-17T14:20:11.397811
echoalger,bpt6k4152998v,,failed,0,0,,http_manifest,known,403,manifest,"Client error '403 ' for url 'https://openapiproext.bnf.fr/iiif/presentation/v3/ark:/12148/bpt6k4152998v/manifest.json'
For more information check: https://developer.mozilla.org/en-US/docs/Web/HTTP/Status/403",2026-07-17T14:20:12.579514
echoalger,bpt6k41529998,,failed,0,0,,http_manifest,known,403,manifest,"Client error '403 ' for url 'https://openapiproext.bnf.fr/iiif/presentation/v3/ark:/12148/bpt6k41529998/manifest.json'
For more information check: https://developer.mozilla.org/en-US/docs/Web/HTTP/Status/403",2026-07-17T14:20:13.885100
echoalger,bpt6k4153000b,,failed,0,0,,http_manifest,known,403,manifest,"Client error '403 ' for url 'https://openapiproext.bnf.fr/iiif/presentation/v3/ark:/12148/bpt6k4153000b/manifest.json'
For more information check: https://developer.mozilla.org/en-US/docs/Web/HTTP/Status/403",2026-07-17T14:20:15.148433
echoalger,bpt6k4153001r,,failed,0,0,,http_manifest,known,403,manifest,"Client error '403 ' for url 'https://openapiproext.bnf.fr/iiif/presentation/v3/ark:/12148/bpt6k4153001r/manifest.json'
For more information check: https://developer.mozilla.org/en-US/docs/Web/HTTP/Status/403",2026-07-17T14:20:16.386620
echoalger,bpt6k41530025,,failed,0,0,,http_manifest,known,403,manifest,"Client error '403 ' for url 'https://openapiproext.bnf.fr/iiif/presentation/v3/ark:/12148/bpt6k41530025/manifest.json'
For more information check: https://developer.mozilla.org/en-US/docs/Web/HTTP/Status/403",2026-07-17T14:20:17.389660
echoalger,bpt6k4153003k,,failed,0,0,,http_manifest,known,403,manifest,"Client error '403 ' for url 'https://openapiproext.bnf.fr/iiif/presentation/v3/ark:/12148/bpt6k4153003k/manifest.json'
For more information check: https://developer.mozilla.org/en-US/docs/Web/HTTP/Status/403",2026-07-17T14:20:18.585575
echoalger,bpt6k41530040,,failed,0,0,,http_manifest,known,403,manifest,"Client error '403 ' for url 'https://openapiproext.bnf.fr/iiif/presentation/v3/ark:/12148/bpt6k41530040/manifest.json'
For more information check: https://developer.mozilla.org/en-US/docs/Web/HTTP/Status/403",2026-07-17T14:20:19.789286
echoalger,bpt6k4153005d,,failed,0,0,,http_manifest,known,403,manifest,"Client error '403 ' for url 'https://openapiproext.bnf.fr/iiif/presentation/v3/ark:/12148/bpt6k4153005d/manifest.json'
For more information check: https://developer.mozilla.org/en-US/docs/Web/HTTP/Status/403",2026-07-17T14:20:20.991491
echoalger,bpt6k4153006t,,failed,0,0,,http_manifest,known,403,manifest,"Client error '403 ' for url 'https://openapiproext.bnf.fr/iiif/presentation/v3/ark:/12148/bpt6k4153006t/manifest.json'
For more information check: https://developer.mozilla.org/en-US/docs/Web/HTTP/Status/403",2026-07-17T14:20:22.219374
echoalger,bpt6k41530077,,failed,0,0,,http_manifest,known,403,manifest,"Client error '403 ' for url 'https://openapiproext.bnf.fr/iiif/presentation/v3/ark:/12148/bpt6k41530077/manifest.json'
For more information check: https://developer.mozilla.org/en-US/docs/Web/HTTP/Status/403",2026-07-17T14:20:23.398854
echoalger,bpt6k4153008n,,failed,0,0,,http_manifest,known,403,manifest,"Client error '403 ' for url 'https://openapiproext.bnf.fr/iiif/presentation/v3/ark:/12148/bpt6k4153008n/manifest.json'
For more information check: https://developer.mozilla.org/en-US/docs/Web/HTTP/Status/403",2026-07-17T14:20:24.598606
echoalger,bpt6k41530092,,failed,0,0,,http_manifest,known,403,manifest,"Client error '403 ' for url 'https://openapiproext.bnf.fr/iiif/presentation/v3/ark:/12148/bpt6k41530092/manifest.json'
For more information check: https://developer.mozilla.org/en-US/docs/Web/HTTP/Status/403",2026-07-17T14:20:25.797114
echoalger,bpt6k4153010q,,failed,0,0,,http_manifest,known,403,manifest,"Client error '403 ' for url 'https://openapiproext.bnf.fr/iiif/presentation/v3/ark:/12148/bpt6k4153010q/manifest.json'
For more information check: https://developer.mozilla.org/en-US/docs/Web/HTTP/Status/403",2026-07-17T14:20:26.998658
echoalger,bpt6k41530114,,failed,0,0,,http_manifest,known,403,manifest,"Client error '403 ' for url 'https://openapiproext.bnf.fr/iiif/presentation/v3/ark:/12148/bpt6k41530114/manifest.json'
For more information check: https://developer.mozilla.org/en-US/docs/Web/HTTP/Status/403",2026-07-17T14:20:28.221187
echoalger,bpt6k4153012j,,failed,0,0,,http_manifest,known,403,manifest,"Client error '403 ' for url 'https://openapiproext.bnf.fr/iiif/presentation/v3/ark:/12148/bpt6k4153012j/manifest.json'
For more information check: https://developer.mozilla.org/en-US/docs/Web/HTTP/Status/403",2026-07-17T14:20:29.410217
echoalger,bpt6k4153013z,,failed,0,0,,http_manifest,known,403,manifest,"Client error '403 ' for url 'https://openapiproext.bnf.fr/iiif/presentation/v3/ark:/12148/bpt6k4153013z/manifest.json'
For more information check: https://developer.mozilla.org/en-US/docs/Web/HTTP/Status/403",2026-07-17T14:20:30.605045
echoalger,bpt6k4153014c,,failed,0,0,,http_manifest,known,403,manifest,"Client error '403 ' for url 'https://openapiproext.bnf.fr/iiif/presentation/v3/ark:/12148/bpt6k4153014c/manifest.json'
For more information check: https://developer.mozilla.org/en-US/docs/Web/HTTP/Status/403",2026-07-17T14:20:31.804014
echoalger,bpt6k4153015s,,failed,0,0,,http_manifest,known,403,manifest,"Client error '403 ' for url 'https://openapiproext.bnf.fr/iiif/presentation/v3/ark:/12148/bpt6k4153015s/manifest.json'
For more information check: https://developer.mozilla.org/en-US/docs/Web/HTTP/Status/403",2026-07-17T14:20:33.006515
echoalger,bpt6k41530166,,failed,0,0,,http_manifest,known,403,manifest,"Client error '403 ' for url 'https://openapiproext.bnf.fr/iiif/presentation/v3/ark:/12148/bpt6k41530166/manifest.json'
For more information check: https://developer.mozilla.org/en-US/docs/Web/HTTP/Status/403",2026-07-17T14:20:34.213559
echoalger,bpt6k4153017m,,failed,0,0,,http_manifest,known,403,manifest,"Client error '403 ' for url 'https://openapiproext.bnf.fr/iiif/presentation/v3/ark:/12148/bpt6k4153017m/manifest.json'
For more information check: https://developer.mozilla.org/en-US/docs/Web/HTTP/Status/403",2026-07-17T14:20:35.411641
echoalger,bpt6k41530181,,failed,0,0,,http_manifest,known,403,manifest,"Client error '403 ' for url 'https://openapiproext.bnf.fr/iiif/presentation/v3/ark:/12148/bpt6k41530181/manifest.json'
For more information check: https://developer.mozilla.org/en-US/docs/Web/HTTP/Status/403",2026-07-17T14:20:36.611683
echoalger,bpt6k4153019f,,failed,0,0,,http_manifest,known,403,manifest,"Client error '403 ' for url 'https://openapiproext.bnf.fr/iiif/presentation/v3/ark:/12148/bpt6k4153019f/manifest.json'
For more information check: https://developer.mozilla.org/en-US/docs/Web/HTTP/Status/403",2026-07-17T14:20:37.813917
echoalger,bpt6k41530203,,failed,0,0,,http_manifest,known,403,manifest,"Client error '403 ' for url 'https://openapiproext.bnf.fr/iiif/presentation/v3/ark:/12148/bpt6k41530203/manifest.json'
For more information check: https://developer.mozilla.org/en-US/docs/Web/HTTP/Status/403",2026-07-17T14:20:39.013891
echoalger,bpt6k4153021h,,failed,0,0,,http_manifest,known,403,manifest,"Client error '403 ' for url 'https://openapiproext.bnf.fr/iiif/presentation/v3/ark:/12148/bpt6k4153021h/manifest.json'
For more information check: https://developer.mozilla.org/en-US/docs/Web/HTTP/Status/403",2026-07-17T14:20:40.239112
echoalger,bpt6k4153022x,,failed,0,0,,http_manifest,known,403,manifest,"Client error '403 ' for url 'https://openapiproext.bnf.fr/iiif/presentation/v3/ark:/12148/bpt6k4153022x/manifest.json'
For more information check: https://developer.mozilla.org/en-US/docs/Web/HTTP/Status/403",2026-07-17T14:20:41.417222
echoalger,bpt6k4153023b,,failed,0,0,,http_manifest,known,403,manifest,"Client error '403 ' for url 'https://openapiproext.bnf.fr/iiif/presentation/v3/ark:/12148/bpt6k4153023b/manifest.json'
For more information check: https://developer.mozilla.org/en-US/docs/Web/HTTP/Status/403",2026-07-17T14:20:42.621537
echoalger,bpt6k4153024r,,failed,0,0,,http_manifest,known,403,manifest,"Client error '403 ' for url 'https://openapiproext.bnf.fr/iiif/presentation/v3/ark:/12148/bpt6k4153024r/manifest.json'
For more information check: https://developer.mozilla.org/en-US/docs/Web/HTTP/Status/403",2026-07-17T14:20:43.825672
echoalger,bpt6k41530255,,failed,0,0,,http_manifest,known,403,manifest,"Client error '403 ' for url 'https://openapiproext.bnf.fr/iiif/presentation/v3/ark:/12148/bpt6k41530255/manifest.json'
For more information check: https://developer.mozilla.org/en-US/docs/Web/HTTP/Status/403",2026-07-17T14:20:45.023189
echoalger,bpt6k4153026k,,failed,0,0,,http_manifest,known,403,manifest,"Client error '403 ' for url 'https://openapiproext.bnf.fr/iiif/presentation/v3/ark:/12148/bpt6k4153026k/manifest.json'
For more information check: https://developer.mozilla.org/en-US/docs/Web/HTTP/Status/403",2026-07-17T14:20:46.228508
echoalger,bpt6k41530270,,failed,0,0,,http_manifest,known,403,manifest,"Client error '403 ' for url 'https://openapiproext.bnf.fr/iiif/presentation/v3/ark:/12148/bpt6k41530270/manifest.json'
For more information check: https://developer.mozilla.org/en-US/docs/Web/HTTP/Status/403",2026-07-17T14:20:47.429758
echoalger,bpt6k4153028d,,failed,0,0,,http_manifest,known,403,manifest,"Client error '403 ' for url 'https://openapiproext.bnf.fr/iiif/presentation/v3/ark:/12148/bpt6k4153028d/manifest.json'
For more information check: https://developer.mozilla.org/en-US/docs/Web/HTTP/Status/403",2026-07-17T14:20:48.629293
echoalger,bpt6k4153029t,,failed,0,0,,http_manifest,known,403,manifest,"Client error '403 ' for url 'https://openapiproext.bnf.fr/iiif/presentation/v3/ark:/12148/bpt6k4153029t/manifest.json'
For more information check: https://developer.mozilla.org/en-US/docs/Web/HTTP/Status/403",2026-07-17T14:20:49.840911
echoalger,bpt6k4153030g,,failed,0,0,,http_manifest,known,403,manifest,"Client error '403 ' for url 'https://openapiproext.bnf.fr/iiif/presentation/v3/ark:/12148/bpt6k4153030g/manifest.json'
For more information check: https://developer.mozilla.org/en-US/docs/Web/HTTP/Status/403",2026-07-17T14:20:51.033931
echoalger,bpt6k4153031w,,failed,0,0,,http_manifest,known,403,manifest,"Client error '403 ' for url 'https://openapiproext.bnf.fr/iiif/presentation/v3/ark:/12148/bpt6k4153031w/manifest.json'
For more information check: https://developer.mozilla.org/en-US/docs/Web/HTTP/Status/403",2026-07-17T14:20:52.266093
echoalger,bpt6k41530329,,failed,0,0,,http_manifest,known,403,manifest,"Client error '403 ' for url 'https://openapiproext.bnf.fr/iiif/presentation/v3/ark:/12148/bpt6k41530329/manifest.json'
For more information check: https://developer.mozilla.org/en-US/docs/Web/HTTP/Status/403",2026-07-17T14:20:53.443929
echoalger,bpt6k4153033q,,failed,0,0,,http_manifest,known,403,manifest,"Client error '403 ' for url 'https://openapiproext.bnf.fr/iiif/presentation/v3/ark:/12148/bpt6k4153033q/manifest.json'
For more information check: https://developer.mozilla.org/en-US/docs/Web/HTTP/Status/403",2026-07-17T14:20:54.640316
echoalger,bpt6k41530344,,failed,0,0,,http_manifest,known,403,manifest,"Client error '403 ' for url 'https://openapiproext.bnf.fr/iiif/presentation/v3/ark:/12148/bpt6k41530344/manifest.json'
For more information check: https://developer.mozilla.org/en-US/docs/Web/HTTP/Status/403",2026-07-17T14:20:55.847014
echoalger,bpt6k4153035j,,failed,0,0,,http_manifest,known,403,manifest,"Client error '403 ' for url 'https://openapiproext.bnf.fr/iiif/presentation/v3/ark:/12148/bpt6k4153035j/manifest.json'
For more information check: https://developer.mozilla.org/en-US/docs/Web/HTTP/Status/403",2026-07-17T14:20:57.047026
echoalger,bpt6k4153036z,,failed,0,0,,http_manifest,known,403,manifest,"Client error '403 ' for url 'https://openapiproext.bnf.fr/iiif/presentation/v3/ark:/12148/bpt6k4153036z/manifest.json'
For more information check: https://developer.mozilla.org/en-US/docs/Web/HTTP/Status/403",2026-07-17T14:20:58.465005
echoalger,bpt6k4153037c,,failed,0,0,,http_manifest,known,403,manifest,"Client error '403 ' for url 'https://openapiproext.bnf.fr/iiif/presentation/v3/ark:/12148/bpt6k4153037c/manifest.json'
For more information check: https://developer.mozilla.org/en-US/docs/Web/HTTP/Status/403",2026-07-17T14:20:59.671063
echoalger,bpt6k4153038s,,failed,0,0,,http_manifest,known,403,manifest,"Client error '403 ' for url 'https://openapiproext.bnf.fr/iiif/presentation/v3/ark:/12148/bpt6k4153038s/manifest.json'
For more information check: https://developer.mozilla.org/en-US/docs/Web/HTTP/Status/403",2026-07-17T14:21:00.648410
echoalger,bpt6k41530396,,failed,0,0,,http_manifest,known,403,manifest,"Client error '403 ' for url 'https://openapiproext.bnf.fr/iiif/presentation/v3/ark:/12148/bpt6k41530396/manifest.json'
For more information check: https://developer.mozilla.org/en-US/docs/Web/HTTP/Status/403",2026-07-17T14:21:02.088800
echoalger,bpt6k4153040v,,failed,0,0,,http_manifest,known,403,manifest,"Client error '403 ' for url 'https://openapiproext.bnf.fr/iiif/presentation/v3/ark:/12148/bpt6k4153040v/manifest.json'
For more information check: https://developer.mozilla.org/en-US/docs/Web/HTTP/Status/403",2026-07-17T14:21:03.050439
echoalger,bpt6k41530418,,failed,0,0,,http_manifest,known,403,manifest,"Client error '403 ' for url 'https://openapiproext.bnf.fr/iiif/presentation/v3/ark:/12148/bpt6k41530418/manifest.json'
For more information check: https://developer.mozilla.org/en-US/docs/Web/HTTP/Status/403",2026-07-17T14:21:04.288238
echoalger,bpt6k4153042p,,failed,0,0,,http_manifest,known,403,manifest,"Client error '403 ' for url 'https://openapiproext.bnf.fr/iiif/presentation/v3/ark:/12148/bpt6k4153042p/manifest.json'
For more information check: https://developer.mozilla.org/en-US/docs/Web/HTTP/Status/403",2026-07-17T14:21:05.705207
echoalger,bpt6k41530433,,failed,0,0,,http_manifest,known,403,manifest,"Client error '403 ' for url 'https://openapiproext.bnf.fr/iiif/presentation/v3/ark:/12148/bpt6k41530433/manifest.json'
For more information check: https://developer.mozilla.org/en-US/docs/Web/HTTP/Status/403",2026-07-17T14:21:06.662951
echoalger,bpt6k4153044h,,failed,0,0,,http_manifest,known,403,manifest,"Client error '403 ' for url 'https://openapiproext.bnf.fr/iiif/presentation/v3/ark:/12148/bpt6k4153044h/manifest.json'
For more information check: https://developer.mozilla.org/en-US/docs/Web/HTTP/Status/403",2026-07-17T14:21:07.914857
echoalger,bpt6k4153045x,,failed,0,0,,http_manifest,known,403,manifest,"Client error '403 ' for url 'https://openapiproext.bnf.fr/iiif/presentation/v3/ark:/12148/bpt6k4153045x/manifest.json'
For more information check: https://developer.mozilla.org/en-US/docs/Web/HTTP/Status/403",2026-07-17T14:21:09.234563
echoalger,bpt6k4153046b,,failed,0,0,,http_manifest,known,403,manifest,"Client error '403 ' for url 'https://openapiproext.bnf.fr/iiif/presentation/v3/ark:/12148/bpt6k4153046b/manifest.json'
For more information check: https://developer.mozilla.org/en-US/docs/Web/HTTP/Status/403",2026-07-17T14:21:10.449898
echoalger,bpt6k4153047r,,failed,0,0,,http_manifest,known,403,manifest,"Client error '403 ' for url 'https://openapiproext.bnf.fr/iiif/presentation/v3/ark:/12148/bpt6k4153047r/manifest.json'
For more information check: https://developer.mozilla.org/en-US/docs/Web/HTTP/Status/403",2026-07-17T14:21:11.464655
echoalger,bpt6k41530485,,failed,0,0,,http_manifest,known,403,manifest,"Client error '403 ' for url 'https://openapiproext.bnf.fr/iiif/presentation/v3/ark:/12148/bpt6k41530485/manifest.json'
For more information check: https://developer.mozilla.org/en-US/docs/Web/HTTP/Status/403",2026-07-17T14:21:12.668289
echoalger,bpt6k4153049k,,failed,0,0,,http_manifest,known,403,manifest,"Client error '403 ' for url 'https://openapiproext.bnf.fr/iiif/presentation/v3/ark:/12148/bpt6k4153049k/manifest.json'
For more information check: https://developer.mozilla.org/en-US/docs/Web/HTTP/Status/403",2026-07-17T14:21:14.010190
echoalger,bpt6k41530507,,failed,0,0,,http_manifest,known,403,manifest,"Client error '403 ' for url 'https://openapiproext.bnf.fr/iiif/presentation/v3/ark:/12148/bpt6k41530507/manifest.json'
For more information check: https://developer.mozilla.org/en-US/docs/Web/HTTP/Status/403",2026-07-17T14:21:15.302338
echoalger,bpt6k4153051n,,failed,0,0,,http_manifest,known,403,manifest,"Client error '403 ' for url 'https://openapiproext.bnf.fr/iiif/presentation/v3/ark:/12148/bpt6k4153051n/manifest.json'
For more information check: https://developer.mozilla.org/en-US/docs/Web/HTTP/Status/403",2026-07-17T14:21:16.272343
echoalger,bpt6k41530522,,failed,0,0,,http_manifest,known,403,manifest,"Client error '403 ' for url 'https://openapiproext.bnf.fr/iiif/presentation/v3/ark:/12148/bpt6k41530522/manifest.json'
For more information check: https://developer.mozilla.org/en-US/docs/Web/HTTP/Status/403",2026-07-17T14:21:17.472546
echoalger,bpt6k4153053g,,failed,0,0,,http_manifest,known,403,manifest,"Client error '403 ' for url 'https://openapiproext.bnf.fr/iiif/presentation/v3/ark:/12148/bpt6k4153053g/manifest.json'
For more information check: https://developer.mozilla.org/en-US/docs/Web/HTTP/Status/403",2026-07-17T14:21:18.682201
echoalger,bpt6k4153054w,,failed,0,0,,http_manifest,known,403,manifest,"Client error '403 ' for url 'https://openapiproext.bnf.fr/iiif/presentation/v3/ark:/12148/bpt6k4153054w/manifest.json'
For more information check: https://developer.mozilla.org/en-US/docs/Web/HTTP/Status/403",2026-07-17T14:21:19.875226
echoalger,bpt6k41530559,,failed,0,0,,http_manifest,known,403,manifest,"Client error '403 ' for url 'https://openapiproext.bnf.fr/iiif/presentation/v3/ark:/12148/bpt6k41530559/manifest.json'
For more information check: https://developer.mozilla.org/en-US/docs/Web/HTTP/Status/403",2026-07-17T14:21:21.115674
echoalger,bpt6k4153056q,,failed,0,0,,http_manifest,known,403,manifest,"Client error '403 ' for url 'https://openapiproext.bnf.fr/iiif/presentation/v3/ark:/12148/bpt6k4153056q/manifest.json'
For more information check: https://developer.mozilla.org/en-US/docs/Web/HTTP/Status/403",2026-07-17T14:21:22.364991
echoalger,bpt6k41530574,,failed,0,0,,http_manifest,known,403,manifest,"Client error '403 ' for url 'https://openapiproext.bnf.fr/iiif/presentation/v3/ark:/12148/bpt6k41530574/manifest.json'
For more information check: https://developer.mozilla.org/en-US/docs/Web/HTTP/Status/403",2026-07-17T14:21:23.478337
echoalger,bpt6k4153058j,,failed,0,0,,http_manifest,known,403,manifest,"Client error '403 ' for url 'https://openapiproext.bnf.fr/iiif/presentation/v3/ark:/12148/bpt6k4153058j/manifest.json'
For more information check: https://developer.mozilla.org/en-US/docs/Web/HTTP/Status/403",2026-07-17T14:21:24.678302
echoalger,bpt6k4153059z,,failed,0,0,,http_manifest,known,403,manifest,"Client error '403 ' for url 'https://openapiproext.bnf.fr/iiif/presentation/v3/ark:/12148/bpt6k4153059z/manifest.json'
For more information check: https://developer.mozilla.org/en-US/docs/Web/HTTP/Status/403",2026-07-17T14:21:25.881177
echoalger,bpt6k4157696j,,failed,0,0,,http_manifest,known,403,manifest,"Client error '403 ' for url 'https://openapiproext.bnf.fr/iiif/presentation/v3/ark:/12148/bpt6k4157696j/manifest.json'
For more information check: https://developer.mozilla.org/en-US/docs/Web/HTTP/Status/403",2026-07-17T14:21:27.106392
echoalger,bpt6k4157697z,,failed,0,0,,http_manifest,known,403,manifest,"Client error '403 ' for url 'https://openapiproext.bnf.fr/iiif/presentation/v3/ark:/12148/bpt6k4157697z/manifest.json'
For more information check: https://developer.mozilla.org/en-US/docs/Web/HTTP/Status/403",2026-07-17T14:21:28.284182
echoalger,bpt6k4157698c,,failed,0,0,,http_manifest,known,403,manifest,"Client error '403 ' for url 'https://openapiproext.bnf.fr/iiif/presentation/v3/ark:/12148/bpt6k4157698c/manifest.json'
For more information check: https://developer.mozilla.org/en-US/docs/Web/HTTP/Status/403",2026-07-17T14:21:29.483576
echoalger,bpt6k4157699s,,failed,0,0,,http_manifest,known,403,manifest,"Client error '403 ' for url 'https://openapiproext.bnf.fr/iiif/presentation/v3/ark:/12148/bpt6k4157699s/manifest.json'
For more information check: https://developer.mozilla.org/en-US/docs/Web/HTTP/Status/403",2026-07-17T14:21:30.685198
echoalger,bpt6k41577000,,failed,0,0,,http_manifest,known,403,manifest,"Client error '403 ' for url 'https://openapiproext.bnf.fr/iiif/presentation/v3/ark:/12148/bpt6k41577000/manifest.json'
For more information check: https://developer.mozilla.org/en-US/docs/Web/HTTP/Status/403",2026-07-17T14:21:31.887629
echoalger,bpt6k4157701d,,failed,0,0,,http_manifest,known,403,manifest,"Client error '403 ' for url 'https://openapiproext.bnf.fr/iiif/presentation/v3/ark:/12148/bpt6k4157701d/manifest.json'
For more information check: https://developer.mozilla.org/en-US/docs/Web/HTTP/Status/403",2026-07-17T14:21:33.084341
echoalger,bpt6k4157702t,,failed,0,0,,http_manifest,known,403,manifest,"Client error '403 ' for url 'https://openapiproext.bnf.fr/iiif/presentation/v3/ark:/12148/bpt6k4157702t/manifest.json'
For more information check: https://developer.mozilla.org/en-US/docs/Web/HTTP/Status/403",2026-07-17T14:21:34.289703
echoalger,bpt6k41577037,,failed,0,0,,http_manifest,known,403,manifest,"Client error '403 ' for url 'https://openapiproext.bnf.fr/iiif/presentation/v3/ark:/12148/bpt6k41577037/manifest.json'
For more information check: https://developer.mozilla.org/en-US/docs/Web/HTTP/Status/403",2026-07-17T14:21:35.489900
echoalger,bpt6k4157704n,,failed,0,0,,http_manifest,known,403,manifest,"Client error '403 ' for url 'https://openapiproext.bnf.fr/iiif/presentation/v3/ark:/12148/bpt6k4157704n/manifest.json'
For more information check: https://developer.mozilla.org/en-US/docs/Web/HTTP/Status/403",2026-07-17T14:21:36.692159
echoalger,bpt6k41577052,,failed,0,0,,http_manifest,known,403,manifest,"Client error '403 ' for url 'https://openapiproext.bnf.fr/iiif/presentation/v3/ark:/12148/bpt6k41577052/manifest.json'
For more information check: https://developer.mozilla.org/en-US/docs/Web/HTTP/Status/403",2026-07-17T14:21:37.895257
echoalger,bpt6k4157706g,,failed,0,0,,http_manifest,known,403,manifest,"Client error '403 ' for url 'https://openapiproext.bnf.fr/iiif/presentation/v3/ark:/12148/bpt6k4157706g/manifest.json'
For more information check: https://developer.mozilla.org/en-US/docs/Web/HTTP/Status/403",2026-07-17T14:21:39.100493
echoalger,bpt6k4157707w,,failed,0,0,,http_manifest,known,403,manifest,"Client error '403 ' for url 'https://openapiproext.bnf.fr/iiif/presentation/v3/ark:/12148/bpt6k4157707w/manifest.json'
For more information check: https://developer.mozilla.org/en-US/docs/Web/HTTP/Status/403",2026-07-17T14:21:40.303702
echoalger,bpt6k41577089,,failed,0,0,,http_manifest,known,403,manifest,"Client error '403 ' for url 'https://openapiproext.bnf.fr/iiif/presentation/v3/ark:/12148/bpt6k41577089/manifest.json'
For more information check: https://developer.mozilla.org/en-US/docs/Web/HTTP/Status/403",2026-07-17T14:21:41.500932
echoalger,bpt6k4157709q,,failed,0,0,,http_manifest,known,403,manifest,"Client error '403 ' for url 'https://openapiproext.bnf.fr/iiif/presentation/v3/ark:/12148/bpt6k4157709q/manifest.json'
For more information check: https://developer.mozilla.org/en-US/docs/Web/HTTP/Status/403",2026-07-17T14:21:42.705382
echoalger,bpt6k4157710c,,failed,0,0,,http_manifest,known,403,manifest,"Client error '403 ' for url 'https://openapiproext.bnf.fr/iiif/presentation/v3/ark:/12148/bpt6k4157710c/manifest.json'
For more information check: https://developer.mozilla.org/en-US/docs/Web/HTTP/Status/403",2026-07-17T14:21:43.904320
echoalger,bpt6k4157711s,,failed,0,0,,http_manifest,known,403,manifest,"Client error '403 ' for url 'https://openapiproext.bnf.fr/iiif/presentation/v3/ark:/12148/bpt6k4157711s/manifest.json'
For more information check: https://developer.mozilla.org/en-US/docs/Web/HTTP/Status/403",2026-07-17T14:21:45.107906
echoalger,bpt6k41577126,,failed,0,0,,http_manifest,known,403,manifest,"Client error '403 ' for url 'https://openapiproext.bnf.fr/iiif/presentation/v3/ark:/12148/bpt6k41577126/manifest.json'
For more information check: https://developer.mozilla.org/en-US/docs/Web/HTTP/Status/403",2026-07-17T14:21:46.310035
echoalger,bpt6k4157713m,,failed,0,0,,http_manifest,known,403,manifest,"Client error '403 ' for url 'https://openapiproext.bnf.fr/iiif/presentation/v3/ark:/12148/bpt6k4157713m/manifest.json'
For more information check: https://developer.mozilla.org/en-US/docs/Web/HTTP/Status/403",2026-07-17T14:21:47.512249
echoalger,bpt6k41577141,,failed,0,0,,http_manifest,known,403,manifest,"Client error '403 ' for url 'https://openapiproext.bnf.fr/iiif/presentation/v3/ark:/12148/bpt6k41577141/manifest.json'
For more information check: https://developer.mozilla.org/en-US/docs/Web/HTTP/Status/403",2026-07-17T14:21:48.713007
echoalger,bpt6k4157715f,,failed,0,0,,http_manifest,known,403,manifest,"Client error '403 ' for url 'https://openapiproext.bnf.fr/iiif/presentation/v3/ark:/12148/bpt6k4157715f/manifest.json'
For more information check: https://developer.mozilla.org/en-US/docs/Web/HTTP/Status/403",2026-07-17T14:21:49.950864
echoalger,bpt6k4157716v,,failed,0,0,,http_manifest,known,403,manifest,"Client error '403 ' for url 'https://openapiproext.bnf.fr/iiif/presentation/v3/ark:/12148/bpt6k4157716v/manifest.json'
For more information check: https://developer.mozilla.org/en-US/docs/Web/HTTP/Status/403",2026-07-17T14:21:51.149408
echoalger,bpt6k41577178,,failed,0,0,,http_manifest,known,403,manifest,"Client error '403 ' for url 'https://openapiproext.bnf.fr/iiif/presentation/v3/ark:/12148/bpt6k41577178/manifest.json'
For more information check: https://developer.mozilla.org/en-US/docs/Web/HTTP/Status/403",2026-07-17T14:21:52.318478
echoalger,bpt6k4157718p,,failed,0,0,,http_manifest,known,403,manifest,"Client error '403 ' for url 'https://openapiproext.bnf.fr/iiif/presentation/v3/ark:/12148/bpt6k4157718p/manifest.json'
For more information check: https://developer.mozilla.org/en-US/docs/Web/HTTP/Status/403",2026-07-17T14:21:53.519352
echoalger,bpt6k41577193,,failed,0,0,,http_manifest,known,403,manifest,"Client error '403 ' for url 'https://openapiproext.bnf.fr/iiif/presentation/v3/ark:/12148/bpt6k41577193/manifest.json'
For more information check: https://developer.mozilla.org/en-US/docs/Web/HTTP/Status/403",2026-07-17T14:21:54.728037
echoalger,bpt6k4157720r,,failed,0,0,,http_manifest,known,403,manifest,"Client error '403 ' for url 'https://openapiproext.bnf.fr/iiif/presentation/v3/ark:/12148/bpt6k4157720r/manifest.json'
For more information check: https://developer.mozilla.org/en-US/docs/Web/HTTP/Status/403",2026-07-17T14:21:55.923755
echoalger,bpt6k41577215,,failed,0,0,,http_manifest,known,403,manifest,"Client error '403 ' for url 'https://openapiproext.bnf.fr/iiif/presentation/v3/ark:/12148/bpt6k41577215/manifest.json'
For more information check: https://developer.mozilla.org/en-US/docs/Web/HTTP/Status/403",2026-07-17T14:21:57.151255
echoalger,bpt6k4157722k,,failed,0,0,,http_manifest,known,403,manifest,"Client error '403 ' for url 'https://openapiproext.bnf.fr/iiif/presentation/v3/ark:/12148/bpt6k4157722k/manifest.json'
For more information check: https://developer.mozilla.org/en-US/docs/Web/HTTP/Status/403",2026-07-17T14:21:58.335045
echoalger,bpt6k41577230,,failed,0,0,,http_manifest,known,403,manifest,"Client error '403 ' for url 'https://openapiproext.bnf.fr/iiif/presentation/v3/ark:/12148/bpt6k41577230/manifest.json'
For more information check: https://developer.mozilla.org/en-US/docs/Web/HTTP/Status/403",2026-07-17T14:21:59.537153
echoalger,bpt6k4157724d,,failed,0,0,,http_manifest,known,403,manifest,"Client error '403 ' for url 'https://openapiproext.bnf.fr/iiif/presentation/v3/ark:/12148/bpt6k4157724d/manifest.json'
For more information check: https://developer.mozilla.org/en-US/docs/Web/HTTP/Status/403",2026-07-17T14:22:00.733304
echoalger,bpt6k4157725t,,failed,0,0,,http_manifest,known,403,manifest,"Client error '403 ' for url 'https://openapiproext.bnf.fr/iiif/presentation/v3/ark:/12148/bpt6k4157725t/manifest.json'
For more information check: https://developer.mozilla.org/en-US/docs/Web/HTTP/Status/403",2026-07-17T14:22:01.931562
echoalger,bpt6k41577267,,failed,0,0,,http_manifest,known,403,manifest,"Client error '403 ' for url 'https://openapiproext.bnf.fr/iiif/presentation/v3/ark:/12148/bpt6k41577267/manifest.json'
For more information check: https://developer.mozilla.org/en-US/docs/Web/HTTP/Status/403",2026-07-17T14:22:03.133853
echoalger,bpt6k4157727n,,failed,0,0,,http_manifest,known,403,manifest,"Client error '403 ' for url 'https://openapiproext.bnf.fr/iiif/presentation/v3/ark:/12148/bpt6k4157727n/manifest.json'
For more information check: https://developer.mozilla.org/en-US/docs/Web/HTTP/Status/403",2026-07-17T14:22:04.501302
echoalger,bpt6k41577282,,failed,0,0,,http_manifest,known,403,manifest,"Client error '403 ' for url 'https://openapiproext.bnf.fr/iiif/presentation/v3/ark:/12148/bpt6k41577282/manifest.json'
For more information check: https://developer.mozilla.org/en-US/docs/Web/HTTP/Status/403",2026-07-17T14:22:05.537276
echoalger,bpt6k4157729g,,failed,0,0,,http_manifest,known,403,manifest,"Client error '403 ' for url 'https://openapiproext.bnf.fr/iiif/presentation/v3/ark:/12148/bpt6k4157729g/manifest.json'
For more information check: https://developer.mozilla.org/en-US/docs/Web/HTTP/Status/403",2026-07-17T14:22:06.819197
echoalger,bpt6k41577304,,failed,0,0,,http_manifest,known,403,manifest,"Client error '403 ' for url 'https://openapiproext.bnf.fr/iiif/presentation/v3/ark:/12148/bpt6k41577304/manifest.json'
For more information check: https://developer.mozilla.org/en-US/docs/Web/HTTP/Status/403",2026-07-17T14:22:08.065388
echoalger,bpt6k4157731j,,failed,0,0,,http_manifest,known,403,manifest,"Client error '403 ' for url 'https://openapiproext.bnf.fr/iiif/presentation/v3/ark:/12148/bpt6k4157731j/manifest.json'
For more information check: https://developer.mozilla.org/en-US/docs/Web/HTTP/Status/403",2026-07-17T14:22:09.153664
echoalger,bpt6k4157732z,,failed,0,0,,http_manifest,known,403,manifest,"Client error '403 ' for url 'https://openapiproext.bnf.fr/iiif/presentation/v3/ark:/12148/bpt6k4157732z/manifest.json'
For more information check: https://developer.mozilla.org/en-US/docs/Web/HTTP/Status/403",2026-07-17T14:22:10.452835
echoalger,bpt6k4157733c,,failed,0,0,,http_manifest,known,403,manifest,"Client error '403 ' for url 'https://openapiproext.bnf.fr/iiif/presentation/v3/ark:/12148/bpt6k4157733c/manifest.json'
For more information check: https://developer.mozilla.org/en-US/docs/Web/HTTP/Status/403",2026-07-17T14:22:11.645708
echoalger,bpt6k4157734s,,failed,0,0,,http_manifest,known,403,manifest,"Client error '403 ' for url 'https://openapiproext.bnf.fr/iiif/presentation/v3/ark:/12148/bpt6k4157734s/manifest.json'
For more information check: https://developer.mozilla.org/en-US/docs/Web/HTTP/Status/403",2026-07-17T14:22:12.853695
echoalger,bpt6k41577356,,failed,0,0,,http_manifest,known,403,manifest,"Client error '403 ' for url 'https://openapiproext.bnf.fr/iiif/presentation/v3/ark:/12148/bpt6k41577356/manifest.json'
For more information check: https://developer.mozilla.org/en-US/docs/Web/HTTP/Status/403",2026-07-17T14:22:14.063416
echoalger,bpt6k4157736m,,failed,0,0,,http_manifest,known,403,manifest,"Client error '403 ' for url 'https://openapiproext.bnf.fr/iiif/presentation/v3/ark:/12148/bpt6k4157736m/manifest.json'
For more information check: https://developer.mozilla.org/en-US/docs/Web/HTTP/Status/403",2026-07-17T14:22:15.299221
echoalger,bpt6k41577371,,failed,0,0,,http_manifest,known,403,manifest,"Client error '403 ' for url 'https://openapiproext.bnf.fr/iiif/presentation/v3/ark:/12148/bpt6k41577371/manifest.json'
For more information check: https://developer.mozilla.org/en-US/docs/Web/HTTP/Status/403",2026-07-17T14:22:16.357006
echoalger,bpt6k4157738f,,failed,0,0,,http_manifest,known,403,manifest,"Client error '403 ' for url 'https://openapiproext.bnf.fr/iiif/presentation/v3/ark:/12148/bpt6k4157738f/manifest.json'
For more information check: https://developer.mozilla.org/en-US/docs/Web/HTTP/Status/403",2026-07-17T14:22:17.550871
echoalger,bpt6k4157739v,,failed,0,0,,http_manifest,known,403,manifest,"Client error '403 ' for url 'https://openapiproext.bnf.fr/iiif/presentation/v3/ark:/12148/bpt6k4157739v/manifest.json'
For more information check: https://developer.mozilla.org/en-US/docs/Web/HTTP/Status/403",2026-07-17T14:22:18.749738
echoalger,bpt6k4157740h,,failed,0,0,,http_manifest,known,403,manifest,"Client error '403 ' for url 'https://openapiproext.bnf.fr/iiif/presentation/v3/ark:/12148/bpt6k4157740h/manifest.json'
For more information check: https://developer.mozilla.org/en-US/docs/Web/HTTP/Status/403",2026-07-17T14:22:19.953776
echoalger,bpt6k4157741x,,failed,0,0,,http_manifest,known,403,manifest,"Client error '403 ' for url 'https://openapiproext.bnf.fr/iiif/presentation/v3/ark:/12148/bpt6k4157741x/manifest.json'
For more information check: https://developer.mozilla.org/en-US/docs/Web/HTTP/Status/403",2026-07-17T14:22:21.175606
echoalger,bpt6k4157742b,,failed,0,0,,http_manifest,known,403,manifest,"Client error '403 ' for url 'https://openapiproext.bnf.fr/iiif/presentation/v3/ark:/12148/bpt6k4157742b/manifest.json'
For more information check: https://developer.mozilla.org/en-US/docs/Web/HTTP/Status/403",2026-07-17T14:22:22.356961
echoalger,bpt6k4157743r,,failed,0,0,,http_manifest,known,403,manifest,"Client error '403 ' for url 'https://openapiproext.bnf.fr/iiif/presentation/v3/ark:/12148/bpt6k4157743r/manifest.json'
For more information check: https://developer.mozilla.org/en-US/docs/Web/HTTP/Status/403",2026-07-17T14:22:23.559316
echoalger,bpt6k41577445,,failed,0,0,,http_manifest,known,403,manifest,"Client error '403 ' for url 'https://openapiproext.bnf.fr/iiif/presentation/v3/ark:/12148/bpt6k41577445/manifest.json'
For more information check: https://developer.mozilla.org/en-US/docs/Web/HTTP/Status/403",2026-07-17T14:22:24.761104
echoalger,bpt6k4157745k,,failed,0,0,,http_manifest,known,403,manifest,"Client error '403 ' for url 'https://openapiproext.bnf.fr/iiif/presentation/v3/ark:/12148/bpt6k4157745k/manifest.json'
For more information check: https://developer.mozilla.org/en-US/docs/Web/HTTP/Status/403",2026-07-17T14:22:25.959223
echoalger,bpt6k41577460,,failed,0,0,,http_manifest,known,403,manifest,"Client error '403 ' for url 'https://openapiproext.bnf.fr/iiif/presentation/v3/ark:/12148/bpt6k41577460/manifest.json'
For more information check: https://developer.mozilla.org/en-US/docs/Web/HTTP/Status/403",2026-07-17T14:22:27.173760
echoalger,bpt6k4157747d,,failed,0,0,,http_manifest,known,403,manifest,"Client error '403 ' for url 'https://openapiproext.bnf.fr/iiif/presentation/v3/ark:/12148/bpt6k4157747d/manifest.json'
For more information check: https://developer.mozilla.org/en-US/docs/Web/HTTP/Status/403",2026-07-17T14:22:28.364589
echoalger,bpt6k4157748t,,failed,0,0,,http_manifest,known,403,manifest,"Client error '403 ' for url 'https://openapiproext.bnf.fr/iiif/presentation/v3/ark:/12148/bpt6k4157748t/manifest.json'
For more information check: https://developer.mozilla.org/en-US/docs/Web/HTTP/Status/403",2026-07-17T14:22:29.564795
echoalger,bpt6k41577497,,failed,0,0,,http_manifest,known,403,manifest,"Client error '403 ' for url 'https://openapiproext.bnf.fr/iiif/presentation/v3/ark:/12148/bpt6k41577497/manifest.json'
For more information check: https://developer.mozilla.org/en-US/docs/Web/HTTP/Status/403",2026-07-17T14:22:30.771473
echoalger,bpt6k4157750w,,failed,0,0,,http_manifest,known,403,manifest,"Client error '403 ' for url 'https://openapiproext.bnf.fr/iiif/presentation/v3/ark:/12148/bpt6k4157750w/manifest.json'
For more information check: https://developer.mozilla.org/en-US/docs/Web/HTTP/Status/403",2026-07-17T14:22:31.966567
echoalger,bpt6k41577519,,failed,0,0,,http_manifest,known,403,manifest,"Client error '403 ' for url 'https://openapiproext.bnf.fr/iiif/presentation/v3/ark:/12148/bpt6k41577519/manifest.json'
For more information check: https://developer.mozilla.org/en-US/docs/Web/HTTP/Status/403",2026-07-17T14:22:33.173727
echoalger,bpt6k4157752q,,failed,0,0,,http_manifest,known,403,manifest,"Client error '403 ' for url 'https://openapiproext.bnf.fr/iiif/presentation/v3/ark:/12148/bpt6k4157752q/manifest.json'
For more information check: https://developer.mozilla.org/en-US/docs/Web/HTTP/Status/403",2026-07-17T14:22:34.371451
echoalger,bpt6k41577534,,failed,0,0,,http_manifest,known,403,manifest,"Client error '403 ' for url 'https://openapiproext.bnf.fr/iiif/presentation/v3/ark:/12148/bpt6k41577534/manifest.json'
For more information check: https://developer.mozilla.org/en-US/docs/Web/HTTP/Status/403",2026-07-17T14:22:35.577376
echoalger,bpt6k4157754j,,failed,0,0,,http_manifest,known,403,manifest,"Client error '403 ' for url 'https://openapiproext.bnf.fr/iiif/presentation/v3/ark:/12148/bpt6k4157754j/manifest.json'
For more information check: https://developer.mozilla.org/en-US/docs/Web/HTTP/Status/403",2026-07-17T14:22:36.772920
echoalger,bpt6k4157755z,,failed,0,0,,http_manifest,known,403,manifest,"Client error '403 ' for url 'https://openapiproext.bnf.fr/iiif/presentation/v3/ark:/12148/bpt6k4157755z/manifest.json'
For more information check: https://developer.mozilla.org/en-US/docs/Web/HTTP/Status/403",2026-07-17T14:22:38.011349
echoalger,bpt6k4157756c,,failed,0,0,,http_manifest,known,403,manifest,"Client error '403 ' for url 'https://openapiproext.bnf.fr/iiif/presentation/v3/ark:/12148/bpt6k4157756c/manifest.json'
For more information check: https://developer.mozilla.org/en-US/docs/Web/HTTP/Status/403",2026-07-17T14:22:39.177262
echoalger,bpt6k4157757s,,failed,0,0,,http_manifest,known,403,manifest,"Client error '403 ' for url 'https://openapiproext.bnf.fr/iiif/presentation/v3/ark:/12148/bpt6k4157757s/manifest.json'
For more information check: https://developer.mozilla.org/en-US/docs/Web/HTTP/Status/403",2026-07-17T14:22:40.374832
echoalger,bpt6k41577586,,failed,0,0,,http_manifest,known,403,manifest,"Client error '403 ' for url 'https://openapiproext.bnf.fr/iiif/presentation/v3/ark:/12148/bpt6k41577586/manifest.json'
For more information check: https://developer.mozilla.org/en-US/docs/Web/HTTP/Status/403",2026-07-17T14:22:41.581073
echoalger,bpt6k4157759m,,failed,0,0,,http_manifest,known,403,manifest,"Client error '403 ' for url 'https://openapiproext.bnf.fr/iiif/presentation/v3/ark:/12148/bpt6k4157759m/manifest.json'
For more information check: https://developer.mozilla.org/en-US/docs/Web/HTTP/Status/403",2026-07-17T14:22:42.786596
echoalger,bpt6k41577608,,failed,0,0,,http_manifest,known,403,manifest,"Client error '403 ' for url 'https://openapiproext.bnf.fr/iiif/presentation/v3/ark:/12148/bpt6k41577608/manifest.json'
For more information check: https://developer.mozilla.org/en-US/docs/Web/HTTP/Status/403",2026-07-17T14:22:43.986510
echoalger,bpt6k4157761p,,failed,0,0,,http_manifest,known,403,manifest,"Client error '403 ' for url 'https://openapiproext.bnf.fr/iiif/presentation/v3/ark:/12148/bpt6k4157761p/manifest.json'
For more information check: https://developer.mozilla.org/en-US/docs/Web/HTTP/Status/403",2026-07-17T14:22:45.189063
echoalger,bpt6k41577623,,failed,0,0,,http_manifest,known,403,manifest,"Client error '403 ' for url 'https://openapiproext.bnf.fr/iiif/presentation/v3/ark:/12148/bpt6k41577623/manifest.json'
For more information check: https://developer.mozilla.org/en-US/docs/Web/HTTP/Status/403",2026-07-17T14:22:46.386971
echoalger,bpt6k4157763h,,failed,0,0,,http_manifest,known,403,manifest,"Client error '403 ' for url 'https://openapiproext.bnf.fr/iiif/presentation/v3/ark:/12148/bpt6k4157763h/manifest.json'
For more information check: https://developer.mozilla.org/en-US/docs/Web/HTTP/Status/403",2026-07-17T14:22:47.590363
echoalger,bpt6k4157764x,,failed,0,0,,http_manifest,known,403,manifest,"Client error '403 ' for url 'https://openapiproext.bnf.fr/iiif/presentation/v3/ark:/12148/bpt6k4157764x/manifest.json'
For more information check: https://developer.mozilla.org/en-US/docs/Web/HTTP/Status/403",2026-07-17T14:22:48.790053
echoalger,bpt6k4157765b,,failed,0,0,,http_manifest,known,403,manifest,"Client error '403 ' for url 'https://openapiproext.bnf.fr/iiif/presentation/v3/ark:/12148/bpt6k4157765b/manifest.json'
For more information check: https://developer.mozilla.org/en-US/docs/Web/HTTP/Status/403",2026-07-17T14:22:49.995948
echoalger,bpt6k4157766r,,failed,0,0,,http_manifest,known,403,manifest,"Client error '403 ' for url 'https://openapiproext.bnf.fr/iiif/presentation/v3/ark:/12148/bpt6k4157766r/manifest.json'
For more information check: https://developer.mozilla.org/en-US/docs/Web/HTTP/Status/403",2026-07-17T14:22:51.196940
echoalger,bpt6k41577675,,failed,0,0,,http_manifest,known,403,manifest,"Client error '403 ' for url 'https://openapiproext.bnf.fr/iiif/presentation/v3/ark:/12148/bpt6k41577675/manifest.json'
For more information check: https://developer.mozilla.org/en-US/docs/Web/HTTP/Status/403",2026-07-17T14:22:52.399279
echoalger,bpt6k4157768k,,failed,0,0,,http_manifest,known,403,manifest,"Client error '403 ' for url 'https://openapiproext.bnf.fr/iiif/presentation/v3/ark:/12148/bpt6k4157768k/manifest.json'
For more information check: https://developer.mozilla.org/en-US/docs/Web/HTTP/Status/403",2026-07-17T14:22:53.598592
echoalger,bpt6k41577690,,failed,0,0,,http_manifest,known,403,manifest,"Client error '403 ' for url 'https://openapiproext.bnf.fr/iiif/presentation/v3/ark:/12148/bpt6k41577690/manifest.json'
For more information check: https://developer.mozilla.org/en-US/docs/Web/HTTP/Status/403",2026-07-17T14:22:54.801479
echoalger,bpt6k4157770n,,failed,0,0,,http_manifest,known,403,manifest,"Client error '403 ' for url 'https://openapiproext.bnf.fr/iiif/presentation/v3/ark:/12148/bpt6k4157770n/manifest.json'
For more information check: https://developer.mozilla.org/en-US/docs/Web/HTTP/Status/403",2026-07-17T14:22:56.028006
echoalger,bpt6k41577712,,failed,0,0,,http_manifest,known,403,manifest,"Client error '403 ' for url 'https://openapiproext.bnf.fr/iiif/presentation/v3/ark:/12148/bpt6k41577712/manifest.json'
For more information check: https://developer.mozilla.org/en-US/docs/Web/HTTP/Status/403",2026-07-17T14:22:57.217009
echoalger,bpt6k4157772g,,failed,0,0,,http_manifest,known,403,manifest,"Client error '403 ' for url 'https://openapiproext.bnf.fr/iiif/presentation/v3/ark:/12148/bpt6k4157772g/manifest.json'
For more information check: https://developer.mozilla.org/en-US/docs/Web/HTTP/Status/403",2026-07-17T14:22:58.532182
echoalger,bpt6k4157773w,,failed,0,0,,http_manifest,known,403,manifest,"Client error '403 ' for url 'https://openapiproext.bnf.fr/iiif/presentation/v3/ark:/12148/bpt6k4157773w/manifest.json'
For more information check: https://developer.mozilla.org/en-US/docs/Web/HTTP/Status/403",2026-07-17T14:22:59.657704
echoalger,bpt6k41577749,,failed,0,0,,http_manifest,known,403,manifest,"Client error '403 ' for url 'https://openapiproext.bnf.fr/iiif/presentation/v3/ark:/12148/bpt6k41577749/manifest.json'
For more information check: https://developer.mozilla.org/en-US/docs/Web/HTTP/Status/403",2026-07-17T14:23:00.866532
echoalger,bpt6k4157775q,,failed,0,0,,http_manifest,known,403,manifest,"Client error '403 ' for url 'https://openapiproext.bnf.fr/iiif/presentation/v3/ark:/12148/bpt6k4157775q/manifest.json'
For more information check: https://developer.mozilla.org/en-US/docs/Web/HTTP/Status/403",2026-07-17T14:23:02.015479
echoalger,bpt6k41577764,,failed,0,0,,http_manifest,known,403,manifest,"Client error '403 ' for url 'https://openapiproext.bnf.fr/iiif/presentation/v3/ark:/12148/bpt6k41577764/manifest.json'
For more information check: https://developer.mozilla.org/en-US/docs/Web/HTTP/Status/403",2026-07-17T14:23:03.259192
echoalger,bpt6k4157777j,,failed,0,0,,http_manifest,known,403,manifest,"Client error '403 ' for url 'https://openapiproext.bnf.fr/iiif/presentation/v3/ark:/12148/bpt6k4157777j/manifest.json'
For more information check: https://developer.mozilla.org/en-US/docs/Web/HTTP/Status/403",2026-07-17T14:23:04.496375
echoalger,bpt6k4157778z,,failed,0,0,,http_manifest,known,403,manifest,"Client error '403 ' for url 'https://openapiproext.bnf.fr/iiif/presentation/v3/ark:/12148/bpt6k4157778z/manifest.json'
For more information check: https://developer.mozilla.org/en-US/docs/Web/HTTP/Status/403",2026-07-17T14:23:05.778212
echoalger,bpt6k4157779c,,failed,0,0,,http_manifest,known,403,manifest,"Client error '403 ' for url 'https://openapiproext.bnf.fr/iiif/presentation/v3/ark:/12148/bpt6k4157779c/manifest.json'
For more information check: https://developer.mozilla.org/en-US/docs/Web/HTTP/Status/403",2026-07-17T14:23:07.006384
echoalger,bpt6k41577801,,failed,0,0,,http_manifest,known,403,manifest,"Client error '403 ' for url 'https://openapiproext.bnf.fr/iiif/presentation/v3/ark:/12148/bpt6k41577801/manifest.json'
For more information check: https://developer.mozilla.org/en-US/docs/Web/HTTP/Status/403",2026-07-17T14:23:08.050571
echoalger,bpt6k4157781f,,failed,0,0,,http_manifest,known,403,manifest,"Client error '403 ' for url 'https://openapiproext.bnf.fr/iiif/presentation/v3/ark:/12148/bpt6k4157781f/manifest.json'
For more information check: https://developer.mozilla.org/en-US/docs/Web/HTTP/Status/403",2026-07-17T14:23:09.346023
echoalger,bpt6k4157782v,,failed,0,0,,http_manifest,known,403,manifest,"Client error '403 ' for url 'https://openapiproext.bnf.fr/iiif/presentation/v3/ark:/12148/bpt6k4157782v/manifest.json'
For more information check: https://developer.mozilla.org/en-US/docs/Web/HTTP/Status/403",2026-07-17T14:23:10.525371
echoalger,bpt6k41577838,,failed,0,0,,http_manifest,known,403,manifest,"Client error '403 ' for url 'https://openapiproext.bnf.fr/iiif/presentation/v3/ark:/12148/bpt6k41577838/manifest.json'
For more information check: https://developer.mozilla.org/en-US/docs/Web/HTTP/Status/403",2026-07-17T14:23:11.667292
echoalger,bpt6k4157784p,,failed,0,0,,http_manifest,known,403,manifest,"Client error '403 ' for url 'https://openapiproext.bnf.fr/iiif/presentation/v3/ark:/12148/bpt6k4157784p/manifest.json'
For more information check: https://developer.mozilla.org/en-US/docs/Web/HTTP/Status/403",2026-07-17T14:23:12.826437
echoalger,bpt6k41577853,,failed,0,0,,http_manifest,known,403,manifest,"Client error '403 ' for url 'https://openapiproext.bnf.fr/iiif/presentation/v3/ark:/12148/bpt6k41577853/manifest.json'
For more information check: https://developer.mozilla.org/en-US/docs/Web/HTTP/Status/403",2026-07-17T14:23:14.262211
echoalger,bpt6k4157786h,,failed,0,0,,http_manifest,known,403,manifest,"Client error '403 ' for url 'https://openapiproext.bnf.fr/iiif/presentation/v3/ark:/12148/bpt6k4157786h/manifest.json'
For more information check: https://developer.mozilla.org/en-US/docs/Web/HTTP/Status/403",2026-07-17T14:23:15.301753
echoalger,bpt6k4157787x,,failed,0,0,,http_manifest,known,403,manifest,"Client error '403 ' for url 'https://openapiproext.bnf.fr/iiif/presentation/v3/ark:/12148/bpt6k4157787x/manifest.json'
For more information check: https://developer.mozilla.org/en-US/docs/Web/HTTP/Status/403",2026-07-17T14:23:16.435075
echoalger,bpt6k4157788b,,failed,0,0,,http_manifest,known,403,manifest,"Client error '403 ' for url 'https://openapiproext.bnf.fr/iiif/presentation/v3/ark:/12148/bpt6k4157788b/manifest.json'
For more information check: https://developer.mozilla.org/en-US/docs/Web/HTTP/Status/403",2026-07-17T14:23:17.632765
echoalger,bpt6k4157789r,,failed,0,0,,http_manifest,known,403,manifest,"Client error '403 ' for url 'https://openapiproext.bnf.fr/iiif/presentation/v3/ark:/12148/bpt6k4157789r/manifest.json'
For more information check: https://developer.mozilla.org/en-US/docs/Web/HTTP/Status/403",2026-07-17T14:23:18.837443
echoalger,bpt6k4157790d,,failed,0,0,,http_manifest,known,403,manifest,"Client error '403 ' for url 'https://openapiproext.bnf.fr/iiif/presentation/v3/ark:/12148/bpt6k4157790d/manifest.json'
For more information check: https://developer.mozilla.org/en-US/docs/Web/HTTP/Status/403",2026-07-17T14:23:20.063618
echoalger,bpt6k4157791t,,failed,0,0,,http_manifest,known,403,manifest,"Client error '403 ' for url 'https://openapiproext.bnf.fr/iiif/presentation/v3/ark:/12148/bpt6k4157791t/manifest.json'
For more information check: https://developer.mozilla.org/en-US/docs/Web/HTTP/Status/403",2026-07-17T14:23:21.273340
echoalger,bpt6k41577927,,failed,0,0,,http_manifest,known,403,manifest,"Client error '403 ' for url 'https://openapiproext.bnf.fr/iiif/presentation/v3/ark:/12148/bpt6k41577927/manifest.json'
For more information check: https://developer.mozilla.org/en-US/docs/Web/HTTP/Status/403",2026-07-17T14:23:22.441013
echoalger,bpt6k4157793n,,failed,0,0,,http_manifest,known,403,manifest,"Client error '403 ' for url 'https://openapiproext.bnf.fr/iiif/presentation/v3/ark:/12148/bpt6k4157793n/manifest.json'
For more information check: https://developer.mozilla.org/en-US/docs/Web/HTTP/Status/403",2026-07-17T14:23:23.645925
echoalger,bpt6k41577942,,failed,0,0,,http_manifest,known,403,manifest,"Client error '403 ' for url 'https://openapiproext.bnf.fr/iiif/presentation/v3/ark:/12148/bpt6k41577942/manifest.json'
For more information check: https://developer.mozilla.org/en-US/docs/Web/HTTP/Status/403",2026-07-17T14:23:24.845689
echoalger,bpt6k4157795g,,failed,0,0,,http_manifest,known,403,manifest,"Client error '403 ' for url 'https://openapiproext.bnf.fr/iiif/presentation/v3/ark:/12148/bpt6k4157795g/manifest.json'
For more information check: https://developer.mozilla.org/en-US/docs/Web/HTTP/Status/403",2026-07-17T14:23:26.049537
echoalger,bpt6k4157796w,,failed,0,0,,http_manifest,known,403,manifest,"Client error '403 ' for url 'https://openapiproext.bnf.fr/iiif/presentation/v3/ark:/12148/bpt6k4157796w/manifest.json'
For more information check: https://developer.mozilla.org/en-US/docs/Web/HTTP/Status/403",2026-07-17T14:23:27.277887
echoalger,bpt6k41577979,,failed,0,0,,http_manifest,known,403,manifest,"Client error '403 ' for url 'https://openapiproext.bnf.fr/iiif/presentation/v3/ark:/12148/bpt6k41577979/manifest.json'
For more information check: https://developer.mozilla.org/en-US/docs/Web/HTTP/Status/403",2026-07-17T14:23:28.449638
echoalger,bpt6k4157798q,,failed,0,0,,http_manifest,known,403,manifest,"Client error '403 ' for url 'https://openapiproext.bnf.fr/iiif/presentation/v3/ark:/12148/bpt6k4157798q/manifest.json'
For more information check: https://developer.mozilla.org/en-US/docs/Web/HTTP/Status/403",2026-07-17T14:23:29.653901
echoalger,bpt6k41577994,,failed,0,0,,http_manifest,known,403,manifest,"Client error '403 ' for url 'https://openapiproext.bnf.fr/iiif/presentation/v3/ark:/12148/bpt6k41577994/manifest.json'
For more information check: https://developer.mozilla.org/en-US/docs/Web/HTTP/Status/403",2026-07-17T14:23:30.857360
echoalger,bpt6k4157800b,,failed,0,0,,http_manifest,known,403,manifest,"Client error '403 ' for url 'https://openapiproext.bnf.fr/iiif/presentation/v3/ark:/12148/bpt6k4157800b/manifest.json'
For more information check: https://developer.mozilla.org/en-US/docs/Web/HTTP/Status/403",2026-07-17T14:23:32.057308
echoalger,bpt6k4157801r,,failed,0,0,,http_manifest,known,403,manifest,"Client error '403 ' for url 'https://openapiproext.bnf.fr/iiif/presentation/v3/ark:/12148/bpt6k4157801r/manifest.json'
For more information check: https://developer.mozilla.org/en-US/docs/Web/HTTP/Status/403",2026-07-17T14:23:33.262948
echoalger,bpt6k41578025,,failed,0,0,,http_manifest,known,403,manifest,"Client error '403 ' for url 'https://openapiproext.bnf.fr/iiif/presentation/v3/ark:/12148/bpt6k41578025/manifest.json'
For more information check: https://developer.mozilla.org/en-US/docs/Web/HTTP/Status/403",2026-07-17T14:23:34.469830
echoalger,bpt6k4157803k,,failed,0,0,,http_manifest,known,403,manifest,"Client error '403 ' for url 'https://openapiproext.bnf.fr/iiif/presentation/v3/ark:/12148/bpt6k4157803k/manifest.json'
For more information check: https://developer.mozilla.org/en-US/docs/Web/HTTP/Status/403",2026-07-17T14:23:35.669257
echoalger,bpt6k41578040,,failed,0,0,,http_manifest,known,403,manifest,"Client error '403 ' for url 'https://openapiproext.bnf.fr/iiif/presentation/v3/ark:/12148/bpt6k41578040/manifest.json'
For more information check: https://developer.mozilla.org/en-US/docs/Web/HTTP/Status/403",2026-07-17T14:23:36.864908
echoalger,bpt6k4157805d,,failed,0,0,,http_manifest,known,403,manifest,"Client error '403 ' for url 'https://openapiproext.bnf.fr/iiif/presentation/v3/ark:/12148/bpt6k4157805d/manifest.json'
For more information check: https://developer.mozilla.org/en-US/docs/Web/HTTP/Status/403",2026-07-17T14:23:38.070579
echoalger,bpt6k4157806t,,failed,0,0,,http_manifest,known,403,manifest,"Client error '403 ' for url 'https://openapiproext.bnf.fr/iiif/presentation/v3/ark:/12148/bpt6k4157806t/manifest.json'
For more information check: https://developer.mozilla.org/en-US/docs/Web/HTTP/Status/403",2026-07-17T14:23:39.293086
echoalger,bpt6k41578077,,failed,0,0,,http_manifest,known,403,manifest,"Client error '403 ' for url 'https://openapiproext.bnf.fr/iiif/presentation/v3/ark:/12148/bpt6k41578077/manifest.json'
For more information check: https://developer.mozilla.org/en-US/docs/Web/HTTP/Status/403",2026-07-17T14:23:40.479000
echoalger,bpt6k4157808n,,failed,0,0,,http_manifest,known,403,manifest,"Client error '403 ' for url 'https://openapiproext.bnf.fr/iiif/presentation/v3/ark:/12148/bpt6k4157808n/manifest.json'
For more information check: https://developer.mozilla.org/en-US/docs/Web/HTTP/Status/403",2026-07-17T14:23:41.672839
echoalger,bpt6k41578092,,failed,0,0,,http_manifest,known,403,manifest,"Client error '403 ' for url 'https://openapiproext.bnf.fr/iiif/presentation/v3/ark:/12148/bpt6k41578092/manifest.json'
For more information check: https://developer.mozilla.org/en-US/docs/Web/HTTP/Status/403",2026-07-17T14:23:42.870449
echoalger,bpt6k4157810q,,failed,0,0,,http_manifest,known,403,manifest,"Client error '403 ' for url 'https://openapiproext.bnf.fr/iiif/presentation/v3/ark:/12148/bpt6k4157810q/manifest.json'
For more information check: https://developer.mozilla.org/en-US/docs/Web/HTTP/Status/403",2026-07-17T14:23:44.075701
echoalger,bpt6k41578114,,failed,0,0,,http_manifest,known,403,manifest,"Client error '403 ' for url 'https://openapiproext.bnf.fr/iiif/presentation/v3/ark:/12148/bpt6k41578114/manifest.json'
For more information check: https://developer.mozilla.org/en-US/docs/Web/HTTP/Status/403",2026-07-17T14:23:45.299316
echoalger,bpt6k4157812j,,failed,0,0,,http_manifest,known,403,manifest,"Client error '403 ' for url 'https://openapiproext.bnf.fr/iiif/presentation/v3/ark:/12148/bpt6k4157812j/manifest.json'
For more information check: https://developer.mozilla.org/en-US/docs/Web/HTTP/Status/403",2026-07-17T14:23:46.477445
echoalger,bpt6k4157813z,,failed,0,0,,http_manifest,known,403,manifest,"Client error '403 ' for url 'https://openapiproext.bnf.fr/iiif/presentation/v3/ark:/12148/bpt6k4157813z/manifest.json'
For more information check: https://developer.mozilla.org/en-US/docs/Web/HTTP/Status/403",2026-07-17T14:23:47.682806
echoalger,bpt6k4157814c,,failed,0,0,,http_manifest,known,403,manifest,"Client error '403 ' for url 'https://openapiproext.bnf.fr/iiif/presentation/v3/ark:/12148/bpt6k4157814c/manifest.json'
For more information check: https://developer.mozilla.org/en-US/docs/Web/HTTP/Status/403",2026-07-17T14:23:48.894588
echoalger,bpt6k4157815s,,failed,0,0,,http_manifest,known,403,manifest,"Client error '403 ' for url 'https://openapiproext.bnf.fr/iiif/presentation/v3/ark:/12148/bpt6k4157815s/manifest.json'
For more information check: https://developer.mozilla.org/en-US/docs/Web/HTTP/Status/403",2026-07-17T14:23:50.085804
echoalger,bpt6k41578166,,failed,0,0,,http_manifest,known,403,manifest,"Client error '403 ' for url 'https://openapiproext.bnf.fr/iiif/presentation/v3/ark:/12148/bpt6k41578166/manifest.json'
For more information check: https://developer.mozilla.org/en-US/docs/Web/HTTP/Status/403",2026-07-17T14:23:51.291766
echoalger,bpt6k4157817m,,failed,0,0,,http_manifest,known,403,manifest,"Client error '403 ' for url 'https://openapiproext.bnf.fr/iiif/presentation/v3/ark:/12148/bpt6k4157817m/manifest.json'
For more information check: https://developer.mozilla.org/en-US/docs/Web/HTTP/Status/403",2026-07-17T14:23:52.488150
echoalger,bpt6k41578181,,failed,0,0,,http_manifest,known,403,manifest,"Client error '403 ' for url 'https://openapiproext.bnf.fr/iiif/presentation/v3/ark:/12148/bpt6k41578181/manifest.json'
For more information check: https://developer.mozilla.org/en-US/docs/Web/HTTP/Status/403",2026-07-17T14:23:53.689132
echoalger,bpt6k4157819f,,failed,0,0,,http_manifest,known,403,manifest,"Client error '403 ' for url 'https://openapiproext.bnf.fr/iiif/presentation/v3/ark:/12148/bpt6k4157819f/manifest.json'
For more information check: https://developer.mozilla.org/en-US/docs/Web/HTTP/Status/403",2026-07-17T14:23:54.931380
echoalger,bpt6k41578203,,failed,0,0,,http_manifest,known,403,manifest,"Client error '403 ' for url 'https://openapiproext.bnf.fr/iiif/presentation/v3/ark:/12148/bpt6k41578203/manifest.json'
For more information check: https://developer.mozilla.org/en-US/docs/Web/HTTP/Status/403",2026-07-17T14:23:56.119482
echoalger,bpt6k4157821h,,failed,0,0,,http_manifest,known,403,manifest,"Client error '403 ' for url 'https://openapiproext.bnf.fr/iiif/presentation/v3/ark:/12148/bpt6k4157821h/manifest.json'
For more information check: https://developer.mozilla.org/en-US/docs/Web/HTTP/Status/403",2026-07-17T14:23:57.292391
echoalger,bpt6k4157822x,,failed,0,0,,http_manifest,known,403,manifest,"Client error '403 ' for url 'https://openapiproext.bnf.fr/iiif/presentation/v3/ark:/12148/bpt6k4157822x/manifest.json'
For more information check: https://developer.mozilla.org/en-US/docs/Web/HTTP/Status/403",2026-07-17T14:23:58.518252
echoalger,bpt6k4157823b,,failed,0,0,,http_manifest,known,403,manifest,"Client error '403 ' for url 'https://openapiproext.bnf.fr/iiif/presentation/v3/ark:/12148/bpt6k4157823b/manifest.json'
For more information check: https://developer.mozilla.org/en-US/docs/Web/HTTP/Status/403",2026-07-17T14:23:59.802393
echoalger,bpt6k4157824r,,failed,0,0,,http_manifest,known,403,manifest,"Client error '403 ' for url 'https://openapiproext.bnf.fr/iiif/presentation/v3/ark:/12148/bpt6k4157824r/manifest.json'
For more information check: https://developer.mozilla.org/en-US/docs/Web/HTTP/Status/403",2026-07-17T14:24:00.945611
echoalger,bpt6k41578255,,failed,0,0,,http_manifest,known,403,manifest,"Client error '403 ' for url 'https://openapiproext.bnf.fr/iiif/presentation/v3/ark:/12148/bpt6k41578255/manifest.json'
For more information check: https://developer.mozilla.org/en-US/docs/Web/HTTP/Status/403",2026-07-17T14:24:02.212952
echoalger,bpt6k4157826k,,failed,0,0,,http_manifest,known,403,manifest,"Client error '403 ' for url 'https://openapiproext.bnf.fr/iiif/presentation/v3/ark:/12148/bpt6k4157826k/manifest.json'
For more information check: https://developer.mozilla.org/en-US/docs/Web/HTTP/Status/403",2026-07-17T14:24:03.495358
echoalger,bpt6k41578270,,failed,0,0,,http_manifest,known,403,manifest,"Client error '403 ' for url 'https://openapiproext.bnf.fr/iiif/presentation/v3/ark:/12148/bpt6k41578270/manifest.json'
For more information check: https://developer.mozilla.org/en-US/docs/Web/HTTP/Status/403",2026-07-17T14:24:04.734701
echoalger,bpt6k4157828d,,failed,0,0,,http_manifest,known,403,manifest,"Client error '403 ' for url 'https://openapiproext.bnf.fr/iiif/presentation/v3/ark:/12148/bpt6k4157828d/manifest.json'
For more information check: https://developer.mozilla.org/en-US/docs/Web/HTTP/Status/403",2026-07-17T14:24:05.896617
echoalger,bpt6k4157829t,,failed,0,0,,http_manifest,known,403,manifest,"Client error '403 ' for url 'https://openapiproext.bnf.fr/iiif/presentation/v3/ark:/12148/bpt6k4157829t/manifest.json'
For more information check: https://developer.mozilla.org/en-US/docs/Web/HTTP/Status/403",2026-07-17T14:24:06.931895
echoalger,bpt6k4157830g,,failed,0,0,,http_manifest,known,403,manifest,"Client error '403 ' for url 'https://openapiproext.bnf.fr/iiif/presentation/v3/ark:/12148/bpt6k4157830g/manifest.json'
For more information check: https://developer.mozilla.org/en-US/docs/Web/HTTP/Status/403",2026-07-17T14:24:08.139140
echoalger,bpt6k4157831w,,failed,0,0,,http_manifest,known,403,manifest,"Client error '403 ' for url 'https://openapiproext.bnf.fr/iiif/presentation/v3/ark:/12148/bpt6k4157831w/manifest.json'
For more information check: https://developer.mozilla.org/en-US/docs/Web/HTTP/Status/403",2026-07-17T14:24:09.327979
echoalger,bpt6k41578329,,failed,0,0,,http_manifest,known,403,manifest,"Client error '403 ' for url 'https://openapiproext.bnf.fr/iiif/presentation/v3/ark:/12148/bpt6k41578329/manifest.json'
For more information check: https://developer.mozilla.org/en-US/docs/Web/HTTP/Status/403",2026-07-17T14:24:10.569533
echoalger,bpt6k4157833q,,failed,0,0,,http_manifest,known,403,manifest,"Client error '403 ' for url 'https://openapiproext.bnf.fr/iiif/presentation/v3/ark:/12148/bpt6k4157833q/manifest.json'
For more information check: https://developer.mozilla.org/en-US/docs/Web/HTTP/Status/403",2026-07-17T14:24:11.716450
echoalger,bpt6k41578344,,failed,0,0,,http_manifest,known,403,manifest,"Client error '403 ' for url 'https://openapiproext.bnf.fr/iiif/presentation/v3/ark:/12148/bpt6k41578344/manifest.json'
For more information check: https://developer.mozilla.org/en-US/docs/Web/HTTP/Status/403",2026-07-17T14:24:12.916073
echoalger,bpt6k4157835j,,failed,0,0,,http_manifest,known,403,manifest,"Client error '403 ' for url 'https://openapiproext.bnf.fr/iiif/presentation/v3/ark:/12148/bpt6k4157835j/manifest.json'
For more information check: https://developer.mozilla.org/en-US/docs/Web/HTTP/Status/403",2026-07-17T14:24:14.350908
echoalger,bpt6k4157836z,,failed,0,0,,http_manifest,known,403,manifest,"Client error '403 ' for url 'https://openapiproext.bnf.fr/iiif/presentation/v3/ark:/12148/bpt6k4157836z/manifest.json'
For more information check: https://developer.mozilla.org/en-US/docs/Web/HTTP/Status/403",2026-07-17T14:24:15.321669
echoalger,bpt6k4157837c,,failed,0,0,,http_manifest,known,403,manifest,"Client error '403 ' for url 'https://openapiproext.bnf.fr/iiif/presentation/v3/ark:/12148/bpt6k4157837c/manifest.json'
For more information check: https://developer.mozilla.org/en-US/docs/Web/HTTP/Status/403",2026-07-17T14:24:16.673756
echoalger,bpt6k4157838s,,failed,0,0,,http_manifest,known,403,manifest,"Client error '403 ' for url 'https://openapiproext.bnf.fr/iiif/presentation/v3/ark:/12148/bpt6k4157838s/manifest.json'
For more information check: https://developer.mozilla.org/en-US/docs/Web/HTTP/Status/403",2026-07-17T14:24:17.921541
echoalger,bpt6k41578396,,failed,0,0,,http_manifest,known,403,manifest,"Client error '403 ' for url 'https://openapiproext.bnf.fr/iiif/presentation/v3/ark:/12148/bpt6k41578396/manifest.json'
For more information check: https://developer.mozilla.org/en-US/docs/Web/HTTP/Status/403",2026-07-17T14:24:18.952274
echoalger,bpt6k4157840v,,failed,0,0,,http_manifest,known,403,manifest,"Client error '403 ' for url 'https://openapiproext.bnf.fr/iiif/presentation/v3/ark:/12148/bpt6k4157840v/manifest.json'
For more information check: https://developer.mozilla.org/en-US/docs/Web/HTTP/Status/403",2026-07-17T14:24:20.136016
echoalger,bpt6k41578418,,failed,0,0,,http_manifest,known,403,manifest,"Client error '403 ' for url 'https://openapiproext.bnf.fr/iiif/presentation/v3/ark:/12148/bpt6k41578418/manifest.json'
For more information check: https://developer.mozilla.org/en-US/docs/Web/HTTP/Status/403",2026-07-17T14:24:21.346186
echoalger,bpt6k4157842p,,failed,0,0,,http_manifest,known,403,manifest,"Client error '403 ' for url 'https://openapiproext.bnf.fr/iiif/presentation/v3/ark:/12148/bpt6k4157842p/manifest.json'
For more information check: https://developer.mozilla.org/en-US/docs/Web/HTTP/Status/403",2026-07-17T14:24:22.528284
echoalger,bpt6k41578433,,failed,0,0,,http_manifest,known,403,manifest,"Client error '403 ' for url 'https://openapiproext.bnf.fr/iiif/presentation/v3/ark:/12148/bpt6k41578433/manifest.json'
For more information check: https://developer.mozilla.org/en-US/docs/Web/HTTP/Status/403",2026-07-17T14:24:23.728769
echoalger,bpt6k4157844h,,failed,0,0,,http_manifest,known,403,manifest,"Client error '403 ' for url 'https://openapiproext.bnf.fr/iiif/presentation/v3/ark:/12148/bpt6k4157844h/manifest.json'
For more information check: https://developer.mozilla.org/en-US/docs/Web/HTTP/Status/403",2026-07-17T14:24:24.934432
echoalger,bpt6k4157845x,,failed,0,0,,http_manifest,known,403,manifest,"Client error '403 ' for url 'https://openapiproext.bnf.fr/iiif/presentation/v3/ark:/12148/bpt6k4157845x/manifest.json'
For more information check: https://developer.mozilla.org/en-US/docs/Web/HTTP/Status/403",2026-07-17T14:24:26.151085
echoalger,bpt6k4157846b,,failed,0,0,,http_manifest,known,403,manifest,"Client error '403 ' for url 'https://openapiproext.bnf.fr/iiif/presentation/v3/ark:/12148/bpt6k4157846b/manifest.json'
For more information check: https://developer.mozilla.org/en-US/docs/Web/HTTP/Status/403",2026-07-17T14:24:27.338704
echoalger,bpt6k4157847r,,failed,0,0,,http_manifest,known,403,manifest,"Client error '403 ' for url 'https://openapiproext.bnf.fr/iiif/presentation/v3/ark:/12148/bpt6k4157847r/manifest.json'
For more information check: https://developer.mozilla.org/en-US/docs/Web/HTTP/Status/403",2026-07-17T14:24:28.534399
echoalger,bpt6k41578485,,failed,0,0,,http_manifest,known,403,manifest,"Client error '403 ' for url 'https://openapiproext.bnf.fr/iiif/presentation/v3/ark:/12148/bpt6k41578485/manifest.json'
For more information check: https://developer.mozilla.org/en-US/docs/Web/HTTP/Status/403",2026-07-17T14:24:29.743432
echoalger,bpt6k4157849k,,failed,0,0,,http_manifest,known,403,manifest,"Client error '403 ' for url 'https://openapiproext.bnf.fr/iiif/presentation/v3/ark:/12148/bpt6k4157849k/manifest.json'
For more information check: https://developer.mozilla.org/en-US/docs/Web/HTTP/Status/403",2026-07-17T14:24:30.945747
echoalger,bpt6k41578507,,failed,0,0,,http_manifest,known,403,manifest,"Client error '403 ' for url 'https://openapiproext.bnf.fr/iiif/presentation/v3/ark:/12148/bpt6k41578507/manifest.json'
For more information check: https://developer.mozilla.org/en-US/docs/Web/HTTP/Status/403",2026-07-17T14:24:32.142342
echoalger,bpt6k4157851n,,failed,0,0,,http_manifest,known,403,manifest,"Client error '403 ' for url 'https://openapiproext.bnf.fr/iiif/presentation/v3/ark:/12148/bpt6k4157851n/manifest.json'
For more information check: https://developer.mozilla.org/en-US/docs/Web/HTTP/Status/403",2026-07-17T14:24:33.352616
echoalger,bpt6k41578522,,failed,0,0,,http_manifest,known,403,manifest,"Client error '403 ' for url 'https://openapiproext.bnf.fr/iiif/presentation/v3/ark:/12148/bpt6k41578522/manifest.json'
For more information check: https://developer.mozilla.org/en-US/docs/Web/HTTP/Status/403",2026-07-17T14:24:34.540832
echoalger,bpt6k4157853g,,failed,0,0,,http_manifest,known,403,manifest,"Client error '403 ' for url 'https://openapiproext.bnf.fr/iiif/presentation/v3/ark:/12148/bpt6k4157853g/manifest.json'
For more information check: https://developer.mozilla.org/en-US/docs/Web/HTTP/Status/403",2026-07-17T14:24:35.749336
echoalger,bpt6k4157854w,,failed,0,0,,http_manifest,known,403,manifest,"Client error '403 ' for url 'https://openapiproext.bnf.fr/iiif/presentation/v3/ark:/12148/bpt6k4157854w/manifest.json'
For more information check: https://developer.mozilla.org/en-US/docs/Web/HTTP/Status/403",2026-07-17T14:24:36.943720
echoalger,bpt6k41578559,,failed,0,0,,http_manifest,known,403,manifest,"Client error '403 ' for url 'https://openapiproext.bnf.fr/iiif/presentation/v3/ark:/12148/bpt6k41578559/manifest.json'
For more information check: https://developer.mozilla.org/en-US/docs/Web/HTTP/Status/403",2026-07-17T14:24:38.173206
echoalger,bpt6k4157856q,,failed,0,0,,http_manifest,known,403,manifest,"Client error '403 ' for url 'https://openapiproext.bnf.fr/iiif/presentation/v3/ark:/12148/bpt6k4157856q/manifest.json'
For more information check: https://developer.mozilla.org/en-US/docs/Web/HTTP/Status/403",2026-07-17T14:24:39.346027
echoalger,bpt6k41578574,,failed,0,0,,http_manifest,known,403,manifest,"Client error '403 ' for url 'https://openapiproext.bnf.fr/iiif/presentation/v3/ark:/12148/bpt6k41578574/manifest.json'
For more information check: https://developer.mozilla.org/en-US/docs/Web/HTTP/Status/403",2026-07-17T14:24:40.547022
echoalger,bpt6k4157858j,,failed,0,0,,http_manifest,known,403,manifest,"Client error '403 ' for url 'https://openapiproext.bnf.fr/iiif/presentation/v3/ark:/12148/bpt6k4157858j/manifest.json'
For more information check: https://developer.mozilla.org/en-US/docs/Web/HTTP/Status/403",2026-07-17T14:24:41.748752
echoalger,bpt6k4157859z,,failed,0,0,,http_manifest,known,403,manifest,"Client error '403 ' for url 'https://openapiproext.bnf.fr/iiif/presentation/v3/ark:/12148/bpt6k4157859z/manifest.json'
For more information check: https://developer.mozilla.org/en-US/docs/Web/HTTP/Status/403",2026-07-17T14:24:42.954878
echoalger,bpt6k4157860m,,failed,0,0,,http_manifest,known,403,manifest,"Client error '403 ' for url 'https://openapiproext.bnf.fr/iiif/presentation/v3/ark:/12148/bpt6k4157860m/manifest.json'
For more information check: https://developer.mozilla.org/en-US/docs/Web/HTTP/Status/403",2026-07-17T14:24:44.158676
echoalger,bpt6k41578611,,failed,0,0,,http_manifest,known,403,manifest,"Client error '403 ' for url 'https://openapiproext.bnf.fr/iiif/presentation/v3/ark:/12148/bpt6k41578611/manifest.json'
For more information check: https://developer.mozilla.org/en-US/docs/Web/HTTP/Status/403",2026-07-17T14:24:45.360340
echoalger,bpt6k4157862f,,failed,0,0,,http_manifest,known,403,manifest,"Client error '403 ' for url 'https://openapiproext.bnf.fr/iiif/presentation/v3/ark:/12148/bpt6k4157862f/manifest.json'
For more information check: https://developer.mozilla.org/en-US/docs/Web/HTTP/Status/403",2026-07-17T14:24:46.556126
echoalger,bpt6k4157863v,,failed,0,0,,http_manifest,known,403,manifest,"Client error '403 ' for url 'https://openapiproext.bnf.fr/iiif/presentation/v3/ark:/12148/bpt6k4157863v/manifest.json'
For more information check: https://developer.mozilla.org/en-US/docs/Web/HTTP/Status/403",2026-07-17T14:24:47.760673
echoalger,bpt6k41578648,,failed,0,0,,http_manifest,known,403,manifest,"Client error '403 ' for url 'https://openapiproext.bnf.fr/iiif/presentation/v3/ark:/12148/bpt6k41578648/manifest.json'
For more information check: https://developer.mozilla.org/en-US/docs/Web/HTTP/Status/403",2026-07-17T14:24:48.960698
echoalger,bpt6k4157865p,,failed,0,0,,http_manifest,known,403,manifest,"Client error '403 ' for url 'https://openapiproext.bnf.fr/iiif/presentation/v3/ark:/12148/bpt6k4157865p/manifest.json'
For more information check: https://developer.mozilla.org/en-US/docs/Web/HTTP/Status/403",2026-07-17T14:24:50.193325
echoalger,bpt6k41578663,,failed,0,0,,http_manifest,known,403,manifest,"Client error '403 ' for url 'https://openapiproext.bnf.fr/iiif/presentation/v3/ark:/12148/bpt6k41578663/manifest.json'
For more information check: https://developer.mozilla.org/en-US/docs/Web/HTTP/Status/403",2026-07-17T14:24:51.363688
echoalger,bpt6k4157867h,,failed,0,0,,http_manifest,known,403,manifest,"Client error '403 ' for url 'https://openapiproext.bnf.fr/iiif/presentation/v3/ark:/12148/bpt6k4157867h/manifest.json'
For more information check: https://developer.mozilla.org/en-US/docs/Web/HTTP/Status/403",2026-07-17T14:24:52.565749
echoalger,bpt6k4157868x,,failed,0,0,,http_manifest,known,403,manifest,"Client error '403 ' for url 'https://openapiproext.bnf.fr/iiif/presentation/v3/ark:/12148/bpt6k4157868x/manifest.json'
For more information check: https://developer.mozilla.org/en-US/docs/Web/HTTP/Status/403",2026-07-17T14:24:53.766869
echoalger,bpt6k4157869b,,failed,0,0,,http_manifest,known,403,manifest,"Client error '403 ' for url 'https://openapiproext.bnf.fr/iiif/presentation/v3/ark:/12148/bpt6k4157869b/manifest.json'
For more information check: https://developer.mozilla.org/en-US/docs/Web/HTTP/Status/403",2026-07-17T14:24:54.971649
echoalger,bpt6k41578700,,failed,0,0,,http_manifest,known,403,manifest,"Client error '403 ' for url 'https://openapiproext.bnf.fr/iiif/presentation/v3/ark:/12148/bpt6k41578700/manifest.json'
For more information check: https://developer.mozilla.org/en-US/docs/Web/HTTP/Status/403",2026-07-17T14:24:56.199015
echoalger,bpt6k4157871d,,failed,0,0,,http_manifest,known,403,manifest,"Client error '403 ' for url 'https://openapiproext.bnf.fr/iiif/presentation/v3/ark:/12148/bpt6k4157871d/manifest.json'
For more information check: https://developer.mozilla.org/en-US/docs/Web/HTTP/Status/403",2026-07-17T14:24:57.472891
echoalger,bpt6k4157872t,,failed,0,0,,http_manifest,known,403,manifest,"Client error '403 ' for url 'https://openapiproext.bnf.fr/iiif/presentation/v3/ark:/12148/bpt6k4157872t/manifest.json'
For more information check: https://developer.mozilla.org/en-US/docs/Web/HTTP/Status/403",2026-07-17T14:24:58.575034
echoalger,bpt6k41578737,,failed,0,0,,http_manifest,known,403,manifest,"Client error '403 ' for url 'https://openapiproext.bnf.fr/iiif/presentation/v3/ark:/12148/bpt6k41578737/manifest.json'
For more information check: https://developer.mozilla.org/en-US/docs/Web/HTTP/Status/403",2026-07-17T14:24:59.840705
echoalger,bpt6k4157874n,,failed,0,0,,http_manifest,known,403,manifest,"Client error '403 ' for url 'https://openapiproext.bnf.fr/iiif/presentation/v3/ark:/12148/bpt6k4157874n/manifest.json'
For more information check: https://developer.mozilla.org/en-US/docs/Web/HTTP/Status/403",2026-07-17T14:25:01.297094
echoalger,bpt6k41578752,,failed,0,0,,http_manifest,known,403,manifest,"Client error '403 ' for url 'https://openapiproext.bnf.fr/iiif/presentation/v3/ark:/12148/bpt6k41578752/manifest.json'
For more information check: https://developer.mozilla.org/en-US/docs/Web/HTTP/Status/403",2026-07-17T14:25:02.182868
echoalger,bpt6k4157876g,,failed,0,0,,http_manifest,known,403,manifest,"Client error '403 ' for url 'https://openapiproext.bnf.fr/iiif/presentation/v3/ark:/12148/bpt6k4157876g/manifest.json'
For more information check: https://developer.mozilla.org/en-US/docs/Web/HTTP/Status/403",2026-07-17T14:25:03.529906
echoalger,bpt6k4157877w,,failed,0,0,,http_manifest,known,403,manifest,"Client error '403 ' for url 'https://openapiproext.bnf.fr/iiif/presentation/v3/ark:/12148/bpt6k4157877w/manifest.json'
For more information check: https://developer.mozilla.org/en-US/docs/Web/HTTP/Status/403",2026-07-17T14:25:04.844815
echoalger,bpt6k41578789,,failed,0,0,,http_manifest,known,403,manifest,"Client error '403 ' for url 'https://openapiproext.bnf.fr/iiif/presentation/v3/ark:/12148/bpt6k41578789/manifest.json'
For more information check: https://developer.mozilla.org/en-US/docs/Web/HTTP/Status/403",2026-07-17T14:25:05.912489
echoalger,bpt6k4157879q,,failed,0,0,,http_manifest,known,403,manifest,"Client error '403 ' for url 'https://openapiproext.bnf.fr/iiif/presentation/v3/ark:/12148/bpt6k4157879q/manifest.json'
For more information check: https://developer.mozilla.org/en-US/docs/Web/HTTP/Status/403",2026-07-17T14:25:07.256923
echoalger,bpt6k4157880c,,failed,0,0,,http_manifest,known,403,manifest,"Client error '403 ' for url 'https://openapiproext.bnf.fr/iiif/presentation/v3/ark:/12148/bpt6k4157880c/manifest.json'
For more information check: https://developer.mozilla.org/en-US/docs/Web/HTTP/Status/403",2026-07-17T14:25:08.187311
echoalger,bpt6k4157881s,,failed,0,0,,http_manifest,known,403,manifest,"Client error '403 ' for url 'https://openapiproext.bnf.fr/iiif/presentation/v3/ark:/12148/bpt6k4157881s/manifest.json'
For more information check: https://developer.mozilla.org/en-US/docs/Web/HTTP/Status/403",2026-07-17T14:25:09.568279
echoalger,bpt6k41578826,,failed,0,0,,http_manifest,known,403,manifest,"Client error '403 ' for url 'https://openapiproext.bnf.fr/iiif/presentation/v3/ark:/12148/bpt6k41578826/manifest.json'
For more information check: https://developer.mozilla.org/en-US/docs/Web/HTTP/Status/403",2026-07-17T14:25:10.592059
echoalger,bpt6k4157883m,,failed,0,0,,http_manifest,known,403,manifest,"Client error '403 ' for url 'https://openapiproext.bnf.fr/iiif/presentation/v3/ark:/12148/bpt6k4157883m/manifest.json'
For more information check: https://developer.mozilla.org/en-US/docs/Web/HTTP/Status/403",2026-07-17T14:25:11.786759
echoalger,bpt6k41578841,,failed,0,0,,http_manifest,known,403,manifest,"Client error '403 ' for url 'https://openapiproext.bnf.fr/iiif/presentation/v3/ark:/12148/bpt6k41578841/manifest.json'
For more information check: https://developer.mozilla.org/en-US/docs/Web/HTTP/Status/403",2026-07-17T14:25:12.993499
echoalger,bpt6k4157885f,,failed,0,0,,http_manifest,known,403,manifest,"Client error '403 ' for url 'https://openapiproext.bnf.fr/iiif/presentation/v3/ark:/12148/bpt6k4157885f/manifest.json'
For more information check: https://developer.mozilla.org/en-US/docs/Web/HTTP/Status/403",2026-07-17T14:25:14.202390
echoalger,bpt6k4157886v,,failed,0,0,,http_manifest,known,403,manifest,"Client error '403 ' for url 'https://openapiproext.bnf.fr/iiif/presentation/v3/ark:/12148/bpt6k4157886v/manifest.json'
For more information check: https://developer.mozilla.org/en-US/docs/Web/HTTP/Status/403",2026-07-17T14:25:15.396520
echoalger,bpt6k41578878,,failed,0,0,,http_manifest,known,403,manifest,"Client error '403 ' for url 'https://openapiproext.bnf.fr/iiif/presentation/v3/ark:/12148/bpt6k41578878/manifest.json'
For more information check: https://developer.mozilla.org/en-US/docs/Web/HTTP/Status/403",2026-07-17T14:25:16.597101
echoalger,bpt6k4157888p,,failed,0,0,,http_manifest,known,403,manifest,"Client error '403 ' for url 'https://openapiproext.bnf.fr/iiif/presentation/v3/ark:/12148/bpt6k4157888p/manifest.json'
For more information check: https://developer.mozilla.org/en-US/docs/Web/HTTP/Status/403",2026-07-17T14:25:17.795695
echoalger,bpt6k41578893,,failed,0,0,,http_manifest,known,403,manifest,"Client error '403 ' for url 'https://openapiproext.bnf.fr/iiif/presentation/v3/ark:/12148/bpt6k41578893/manifest.json'
For more information check: https://developer.mozilla.org/en-US/docs/Web/HTTP/Status/403",2026-07-17T14:25:19.021828
echoalger,bpt6k4157890r,,failed,0,0,,http_manifest,known,403,manifest,"Client error '403 ' for url 'https://openapiproext.bnf.fr/iiif/presentation/v3/ark:/12148/bpt6k4157890r/manifest.json'
For more information check: https://developer.mozilla.org/en-US/docs/Web/HTTP/Status/403",2026-07-17T14:25:20.206002
echoalger,bpt6k41578915,,failed,0,0,,http_manifest,known,403,manifest,"Client error '403 ' for url 'https://openapiproext.bnf.fr/iiif/presentation/v3/ark:/12148/bpt6k41578915/manifest.json'
For more information check: https://developer.mozilla.org/en-US/docs/Web/HTTP/Status/403",2026-07-17T14:25:21.420925
echoalger,bpt6k4157892k,,failed,0,0,,http_manifest,known,403,manifest,"Client error '403 ' for url 'https://openapiproext.bnf.fr/iiif/presentation/v3/ark:/12148/bpt6k4157892k/manifest.json'
For more information check: https://developer.mozilla.org/en-US/docs/Web/HTTP/Status/403",2026-07-17T14:25:22.604764
echoalger,bpt6k41578930,,failed,0,0,,http_manifest,known,403,manifest,"Client error '403 ' for url 'https://openapiproext.bnf.fr/iiif/presentation/v3/ark:/12148/bpt6k41578930/manifest.json'
For more information check: https://developer.mozilla.org/en-US/docs/Web/HTTP/Status/403",2026-07-17T14:25:23.806963
echoalger,bpt6k4157894d,,failed,0,0,,http_manifest,known,403,manifest,"Client error '403 ' for url 'https://openapiproext.bnf.fr/iiif/presentation/v3/ark:/12148/bpt6k4157894d/manifest.json'
For more information check: https://developer.mozilla.org/en-US/docs/Web/HTTP/Status/403",2026-07-17T14:25:25.009049
echoalger,bpt6k4157895t,,failed,0,0,,http_manifest,known,403,manifest,"Client error '403 ' for url 'https://openapiproext.bnf.fr/iiif/presentation/v3/ark:/12148/bpt6k4157895t/manifest.json'
For more information check: https://developer.mozilla.org/en-US/docs/Web/HTTP/Status/403",2026-07-17T14:25:26.208363
echoalger,bpt6k41578967,,failed,0,0,,http_manifest,known,403,manifest,"Client error '403 ' for url 'https://openapiproext.bnf.fr/iiif/presentation/v3/ark:/12148/bpt6k41578967/manifest.json'
For more information check: https://developer.mozilla.org/en-US/docs/Web/HTTP/Status/403",2026-07-17T14:25:27.405878
echoalger,bpt6k4157897n,,failed,0,0,,http_manifest,known,403,manifest,"Client error '403 ' for url 'https://openapiproext.bnf.fr/iiif/presentation/v3/ark:/12148/bpt6k4157897n/manifest.json'
For more information check: https://developer.mozilla.org/en-US/docs/Web/HTTP/Status/403",2026-07-17T14:25:28.642269
echoalger,bpt6k41578982,,failed,0,0,,http_manifest,known,403,manifest,"Client error '403 ' for url 'https://openapiproext.bnf.fr/iiif/presentation/v3/ark:/12148/bpt6k41578982/manifest.json'
For more information check: https://developer.mozilla.org/en-US/docs/Web/HTTP/Status/403",2026-07-17T14:25:29.813640
echoalger,bpt6k4157899g,,failed,0,0,,http_manifest,known,403,manifest,"Client error '403 ' for url 'https://openapiproext.bnf.fr/iiif/presentation/v3/ark:/12148/bpt6k4157899g/manifest.json'
For more information check: https://developer.mozilla.org/en-US/docs/Web/HTTP/Status/403",2026-07-17T14:25:31.030379
echoalger,bpt6k4157900p,,failed,0,0,,http_manifest,known,403,manifest,"Client error '403 ' for url 'https://openapiproext.bnf.fr/iiif/presentation/v3/ark:/12148/bpt6k4157900p/manifest.json'
For more information check: https://developer.mozilla.org/en-US/docs/Web/HTTP/Status/403",2026-07-17T14:25:32.215222
echoalger,bpt6k41579013,,failed,0,0,,http_manifest,known,403,manifest,"Client error '403 ' for url 'https://openapiproext.bnf.fr/iiif/presentation/v3/ark:/12148/bpt6k41579013/manifest.json'
For more information check: https://developer.mozilla.org/en-US/docs/Web/HTTP/Status/403",2026-07-17T14:25:33.437234
echoalger,bpt6k4157902h,,failed,0,0,,http_manifest,known,403,manifest,"Client error '403 ' for url 'https://openapiproext.bnf.fr/iiif/presentation/v3/ark:/12148/bpt6k4157902h/manifest.json'
For more information check: https://developer.mozilla.org/en-US/docs/Web/HTTP/Status/403",2026-07-17T14:25:34.619328
echoalger,bpt6k4157903x,,failed,0,0,,http_manifest,known,403,manifest,"Client error '403 ' for url 'https://openapiproext.bnf.fr/iiif/presentation/v3/ark:/12148/bpt6k4157903x/manifest.json'
For more information check: https://developer.mozilla.org/en-US/docs/Web/HTTP/Status/403",2026-07-17T14:25:35.824394
echoalger,bpt6k4157904b,,failed,0,0,,http_manifest,known,403,manifest,"Client error '403 ' for url 'https://openapiproext.bnf.fr/iiif/presentation/v3/ark:/12148/bpt6k4157904b/manifest.json'
For more information check: https://developer.mozilla.org/en-US/docs/Web/HTTP/Status/403",2026-07-17T14:25:37.025733
echoalger,bpt6k4157905r,,failed,0,0,,http_manifest,known,403,manifest,"Client error '403 ' for url 'https://openapiproext.bnf.fr/iiif/presentation/v3/ark:/12148/bpt6k4157905r/manifest.json'
For more information check: https://developer.mozilla.org/en-US/docs/Web/HTTP/Status/403",2026-07-17T14:25:38.223846
echoalger,bpt6k41579065,,failed,0,0,,http_manifest,known,403,manifest,"Client error '403 ' for url 'https://openapiproext.bnf.fr/iiif/presentation/v3/ark:/12148/bpt6k41579065/manifest.json'
For more information check: https://developer.mozilla.org/en-US/docs/Web/HTTP/Status/403",2026-07-17T14:25:39.528177
echoalger,bpt6k4157907k,,failed,0,0,,http_manifest,known,403,manifest,"Client error '403 ' for url 'https://openapiproext.bnf.fr/iiif/presentation/v3/ark:/12148/bpt6k4157907k/manifest.json'
For more information check: https://developer.mozilla.org/en-US/docs/Web/HTTP/Status/403",2026-07-17T14:25:40.630622
echoalger,bpt6k41579080,,failed,0,0,,http_manifest,known,403,manifest,"Client error '403 ' for url 'https://openapiproext.bnf.fr/iiif/presentation/v3/ark:/12148/bpt6k41579080/manifest.json'
For more information check: https://developer.mozilla.org/en-US/docs/Web/HTTP/Status/403",2026-07-17T14:25:41.828882
echoalger,bpt6k4157909d,,failed,0,0,,http_manifest,known,403,manifest,"Client error '403 ' for url 'https://openapiproext.bnf.fr/iiif/presentation/v3/ark:/12148/bpt6k4157909d/manifest.json'
For more information check: https://developer.mozilla.org/en-US/docs/Web/HTTP/Status/403",2026-07-17T14:25:43.073523
echoalger,bpt6k41579102,,failed,0,0,,http_manifest,known,403,manifest,"Client error '403 ' for url 'https://openapiproext.bnf.fr/iiif/presentation/v3/ark:/12148/bpt6k41579102/manifest.json'
For more information check: https://developer.mozilla.org/en-US/docs/Web/HTTP/Status/403",2026-07-17T14:25:44.231577
echoalger,bpt6k4157911g,,failed,0,0,,http_manifest,known,403,manifest,"Client error '403 ' for url 'https://openapiproext.bnf.fr/iiif/presentation/v3/ark:/12148/bpt6k4157911g/manifest.json'
For more information check: https://developer.mozilla.org/en-US/docs/Web/HTTP/Status/403",2026-07-17T14:25:45.437552
echoalger,bpt6k4157912w,,failed,0,0,,http_manifest,known,403,manifest,"Client error '403 ' for url 'https://openapiproext.bnf.fr/iiif/presentation/v3/ark:/12148/bpt6k4157912w/manifest.json'
For more information check: https://developer.mozilla.org/en-US/docs/Web/HTTP/Status/403",2026-07-17T14:25:46.634611
echoalger,bpt6k41579139,,failed,0,0,,http_manifest,known,403,manifest,"Client error '403 ' for url 'https://openapiproext.bnf.fr/iiif/presentation/v3/ark:/12148/bpt6k41579139/manifest.json'
For more information check: https://developer.mozilla.org/en-US/docs/Web/HTTP/Status/403",2026-07-17T14:25:47.844046
echoalger,bpt6k4157914q,,failed,0,0,,http_manifest,known,403,manifest,"Client error '403 ' for url 'https://openapiproext.bnf.fr/iiif/presentation/v3/ark:/12148/bpt6k4157914q/manifest.json'
For more information check: https://developer.mozilla.org/en-US/docs/Web/HTTP/Status/403",2026-07-17T14:25:49.069633
echoalger,bpt6k41579154,,failed,0,0,,http_manifest,known,403,manifest,"Client error '403 ' for url 'https://openapiproext.bnf.fr/iiif/presentation/v3/ark:/12148/bpt6k41579154/manifest.json'
For more information check: https://developer.mozilla.org/en-US/docs/Web/HTTP/Status/403",2026-07-17T14:25:50.246102
echoalger,bpt6k4157916j,,failed,0,0,,http_manifest,known,403,manifest,"Client error '403 ' for url 'https://openapiproext.bnf.fr/iiif/presentation/v3/ark:/12148/bpt6k4157916j/manifest.json'
For more information check: https://developer.mozilla.org/en-US/docs/Web/HTTP/Status/403",2026-07-17T14:25:51.447714
echoalger,bpt6k4157917z,,failed,0,0,,http_manifest,known,403,manifest,"Client error '403 ' for url 'https://openapiproext.bnf.fr/iiif/presentation/v3/ark:/12148/bpt6k4157917z/manifest.json'
For more information check: https://developer.mozilla.org/en-US/docs/Web/HTTP/Status/403",2026-07-17T14:25:52.648946
echoalger,bpt6k4157918c,,failed,0,0,,http_manifest,known,403,manifest,"Client error '403 ' for url 'https://openapiproext.bnf.fr/iiif/presentation/v3/ark:/12148/bpt6k4157918c/manifest.json'
For more information check: https://developer.mozilla.org/en-US/docs/Web/HTTP/Status/403",2026-07-17T14:25:53.847946
echoalger,bpt6k4157919s,,failed,0,0,,http_manifest,known,403,manifest,"Client error '403 ' for url 'https://openapiproext.bnf.fr/iiif/presentation/v3/ark:/12148/bpt6k4157919s/manifest.json'
For more information check: https://developer.mozilla.org/en-US/docs/Web/HTTP/Status/403",2026-07-17T14:25:55.052578
echoalger,bpt6k4157920f,,failed,0,0,,http_manifest,known,403,manifest,"Client error '403 ' for url 'https://openapiproext.bnf.fr/iiif/presentation/v3/ark:/12148/bpt6k4157920f/manifest.json'
For more information check: https://developer.mozilla.org/en-US/docs/Web/HTTP/Status/403",2026-07-17T14:25:56.254609
echoalger,bpt6k4157921v,,failed,0,0,,http_manifest,known,403,manifest,"Client error '403 ' for url 'https://openapiproext.bnf.fr/iiif/presentation/v3/ark:/12148/bpt6k4157921v/manifest.json'
For more information check: https://developer.mozilla.org/en-US/docs/Web/HTTP/Status/403",2026-07-17T14:25:57.576261
echoalger,bpt6k41579228,,failed,0,0,,http_manifest,known,403,manifest,"Client error '403 ' for url 'https://openapiproext.bnf.fr/iiif/presentation/v3/ark:/12148/bpt6k41579228/manifest.json'
For more information check: https://developer.mozilla.org/en-US/docs/Web/HTTP/Status/403",2026-07-17T14:25:58.815559
echoalger,bpt6k4157923p,,failed,0,0,,http_manifest,known,403,manifest,"Client error '403 ' for url 'https://openapiproext.bnf.fr/iiif/presentation/v3/ark:/12148/bpt6k4157923p/manifest.json'
For more information check: https://developer.mozilla.org/en-US/docs/Web/HTTP/Status/403",2026-07-17T14:25:59.946066
echoalger,bpt6k41579243,,failed,0,0,,http_manifest,known,403,manifest,"Client error '403 ' for url 'https://openapiproext.bnf.fr/iiif/presentation/v3/ark:/12148/bpt6k41579243/manifest.json'
For more information check: https://developer.mozilla.org/en-US/docs/Web/HTTP/Status/403",2026-07-17T14:26:01.245063
echoalger,bpt6k4157925h,,failed,0,0,,http_manifest,known,403,manifest,"Client error '403 ' for url 'https://openapiproext.bnf.fr/iiif/presentation/v3/ark:/12148/bpt6k4157925h/manifest.json'
For more information check: https://developer.mozilla.org/en-US/docs/Web/HTTP/Status/403",2026-07-17T14:26:02.279947
echoalger,bpt6k4157926x,,failed,0,0,,http_manifest,known,403,manifest,"Client error '403 ' for url 'https://openapiproext.bnf.fr/iiif/presentation/v3/ark:/12148/bpt6k4157926x/manifest.json'
For more information check: https://developer.mozilla.org/en-US/docs/Web/HTTP/Status/403",2026-07-17T14:26:03.460817
echoalger,bpt6k4157927b,,failed,0,0,,http_manifest,known,403,manifest,"Client error '403 ' for url 'https://openapiproext.bnf.fr/iiif/presentation/v3/ark:/12148/bpt6k4157927b/manifest.json'
For more information check: https://developer.mozilla.org/en-US/docs/Web/HTTP/Status/403",2026-07-17T14:26:04.747815
echoalger,bpt6k4157928r,,failed,0,0,,http_manifest,known,403,manifest,"Client error '403 ' for url 'https://openapiproext.bnf.fr/iiif/presentation/v3/ark:/12148/bpt6k4157928r/manifest.json'
For more information check: https://developer.mozilla.org/en-US/docs/Web/HTTP/Status/403",2026-07-17T14:26:05.988740
echoalger,bpt6k41579295,,failed,0,0,,http_manifest,known,403,manifest,"Client error '403 ' for url 'https://openapiproext.bnf.fr/iiif/presentation/v3/ark:/12148/bpt6k41579295/manifest.json'
For more information check: https://developer.mozilla.org/en-US/docs/Web/HTTP/Status/403",2026-07-17T14:26:07.370147
echoalger,bpt6k4157930t,,failed,0,0,,http_manifest,known,403,manifest,"Client error '403 ' for url 'https://openapiproext.bnf.fr/iiif/presentation/v3/ark:/12148/bpt6k4157930t/manifest.json'
For more information check: https://developer.mozilla.org/en-US/docs/Web/HTTP/Status/403",2026-07-17T14:26:08.327848
echoalger,bpt6k41579317,,failed,0,0,,http_manifest,known,403,manifest,"Client error '403 ' for url 'https://openapiproext.bnf.fr/iiif/presentation/v3/ark:/12148/bpt6k41579317/manifest.json'
For more information check: https://developer.mozilla.org/en-US/docs/Web/HTTP/Status/403",2026-07-17T14:26:09.488410
echoalger,bpt6k4157932n,,failed,0,0,,http_manifest,known,403,manifest,"Client error '403 ' for url 'https://openapiproext.bnf.fr/iiif/presentation/v3/ark:/12148/bpt6k4157932n/manifest.json'
For more information check: https://developer.mozilla.org/en-US/docs/Web/HTTP/Status/403",2026-07-17T14:26:10.680358
echoalger,bpt6k41579332,,failed,0,0,,http_manifest,known,403,manifest,"Client error '403 ' for url 'https://openapiproext.bnf.fr/iiif/presentation/v3/ark:/12148/bpt6k41579332/manifest.json'
For more information check: https://developer.mozilla.org/en-US/docs/Web/HTTP/Status/403",2026-07-17T14:26:11.871208
echoalger,bpt6k4157934g,,failed,0,0,,http_manifest,known,403,manifest,"Client error '403 ' for url 'https://openapiproext.bnf.fr/iiif/presentation/v3/ark:/12148/bpt6k4157934g/manifest.json'
For more information check: https://developer.mozilla.org/en-US/docs/Web/HTTP/Status/403",2026-07-17T14:26:13.411774
echoalger,bpt6k4157935w,,failed,0,0,,http_manifest,known,403,manifest,"Client error '403 ' for url 'https://openapiproext.bnf.fr/iiif/presentation/v3/ark:/12148/bpt6k4157935w/manifest.json'
For more information check: https://developer.mozilla.org/en-US/docs/Web/HTTP/Status/403",2026-07-17T14:26:14.299472
echoalger,bpt6k41579369,,failed,0,0,,http_manifest,known,403,manifest,"Client error '403 ' for url 'https://openapiproext.bnf.fr/iiif/presentation/v3/ark:/12148/bpt6k41579369/manifest.json'
For more information check: https://developer.mozilla.org/en-US/docs/Web/HTTP/Status/403",2026-07-17T14:26:15.568709
echoalger,bpt6k4157937q,,failed,0,0,,http_manifest,known,403,manifest,"Client error '403 ' for url 'https://openapiproext.bnf.fr/iiif/presentation/v3/ark:/12148/bpt6k4157937q/manifest.json'
For more information check: https://developer.mozilla.org/en-US/docs/Web/HTTP/Status/403",2026-07-17T14:26:16.680562
echoalger,bpt6k41579384,,failed,0,0,,http_manifest,known,403,manifest,"Client error '403 ' for url 'https://openapiproext.bnf.fr/iiif/presentation/v3/ark:/12148/bpt6k41579384/manifest.json'
For more information check: https://developer.mozilla.org/en-US/docs/Web/HTTP/Status/403",2026-07-17T14:26:17.879534
echoalger,bpt6k4157939j,,failed,0,0,,http_manifest,known,403,manifest,"Client error '403 ' for url 'https://openapiproext.bnf.fr/iiif/presentation/v3/ark:/12148/bpt6k4157939j/manifest.json'
For more information check: https://developer.mozilla.org/en-US/docs/Web/HTTP/Status/403",2026-07-17T14:26:19.095994
echoalger,bpt6k41579406,,failed,0,0,,http_manifest,known,403,manifest,"Client error '403 ' for url 'https://openapiproext.bnf.fr/iiif/presentation/v3/ark:/12148/bpt6k41579406/manifest.json'
For more information check: https://developer.mozilla.org/en-US/docs/Web/HTTP/Status/403",2026-07-17T14:26:20.289706
echoalger,bpt6k4157941m,,failed,0,0,,http_manifest,known,403,manifest,"Client error '403 ' for url 'https://openapiproext.bnf.fr/iiif/presentation/v3/ark:/12148/bpt6k4157941m/manifest.json'
For more information check: https://developer.mozilla.org/en-US/docs/Web/HTTP/Status/403",2026-07-17T14:26:21.485992
echoalger,bpt6k41579421,,failed,0,0,,http_manifest,known,403,manifest,"Client error '403 ' for url 'https://openapiproext.bnf.fr/iiif/presentation/v3/ark:/12148/bpt6k41579421/manifest.json'
For more information check: https://developer.mozilla.org/en-US/docs/Web/HTTP/Status/403",2026-07-17T14:26:22.686511
echoalger,bpt6k4157943f,,failed,0,0,,http_manifest,known,403,manifest,"Client error '403 ' for url 'https://openapiproext.bnf.fr/iiif/presentation/v3/ark:/12148/bpt6k4157943f/manifest.json'
For more information check: https://developer.mozilla.org/en-US/docs/Web/HTTP/Status/403",2026-07-17T14:26:23.887767
echoalger,bpt6k4157944v,,failed,0,0,,http_manifest,known,403,manifest,"Client error '403 ' for url 'https://openapiproext.bnf.fr/iiif/presentation/v3/ark:/12148/bpt6k4157944v/manifest.json'
For more information check: https://developer.mozilla.org/en-US/docs/Web/HTTP/Status/403",2026-07-17T14:26:25.088954
echoalger,bpt6k41579458,,failed,0,0,,http_manifest,known,403,manifest,"Client error '403 ' for url 'https://openapiproext.bnf.fr/iiif/presentation/v3/ark:/12148/bpt6k41579458/manifest.json'
For more information check: https://developer.mozilla.org/en-US/docs/Web/HTTP/Status/403",2026-07-17T14:26:26.288222
echoalger,bpt6k4157946p,,failed,0,0,,http_manifest,known,403,manifest,"Client error '403 ' for url 'https://openapiproext.bnf.fr/iiif/presentation/v3/ark:/12148/bpt6k4157946p/manifest.json'
For more information check: https://developer.mozilla.org/en-US/docs/Web/HTTP/Status/403",2026-07-17T14:26:27.492564
echoalger,bpt6k41579473,,failed,0,0,,http_manifest,known,403,manifest,"Client error '403 ' for url 'https://openapiproext.bnf.fr/iiif/presentation/v3/ark:/12148/bpt6k41579473/manifest.json'
For more information check: https://developer.mozilla.org/en-US/docs/Web/HTTP/Status/403",2026-07-17T14:26:28.693114
echoalger,bpt6k4157948h,,failed,0,0,,http_manifest,known,403,manifest,"Client error '403 ' for url 'https://openapiproext.bnf.fr/iiif/presentation/v3/ark:/12148/bpt6k4157948h/manifest.json'
For more information check: https://developer.mozilla.org/en-US/docs/Web/HTTP/Status/403",2026-07-17T14:26:29.892252
echoalger,bpt6k4157949x,,failed,0,0,,http_manifest,known,403,manifest,"Client error '403 ' for url 'https://openapiproext.bnf.fr/iiif/presentation/v3/ark:/12148/bpt6k4157949x/manifest.json'
For more information check: https://developer.mozilla.org/en-US/docs/Web/HTTP/Status/403",2026-07-17T14:26:31.125946
echoalger,bpt6k4157950k,,failed,0,0,,http_manifest,known,403,manifest,"Client error '403 ' for url 'https://openapiproext.bnf.fr/iiif/presentation/v3/ark:/12148/bpt6k4157950k/manifest.json'
For more information check: https://developer.mozilla.org/en-US/docs/Web/HTTP/Status/403",2026-07-17T14:26:32.295999
echoalger,bpt6k41579510,,failed,0,0,,http_manifest,known,403,manifest,"Client error '403 ' for url 'https://openapiproext.bnf.fr/iiif/presentation/v3/ark:/12148/bpt6k41579510/manifest.json'
For more information check: https://developer.mozilla.org/en-US/docs/Web/HTTP/Status/403",2026-07-17T14:26:33.498575
echoalger,bpt6k4157952d,,failed,0,0,,http_manifest,known,403,manifest,"Client error '403 ' for url 'https://openapiproext.bnf.fr/iiif/presentation/v3/ark:/12148/bpt6k4157952d/manifest.json'
For more information check: https://developer.mozilla.org/en-US/docs/Web/HTTP/Status/403",2026-07-17T14:26:34.700886
echoalger,bpt6k4157953t,,failed,0,0,,http_manifest,known,403,manifest,"Client error '403 ' for url 'https://openapiproext.bnf.fr/iiif/presentation/v3/ark:/12148/bpt6k4157953t/manifest.json'
For more information check: https://developer.mozilla.org/en-US/docs/Web/HTTP/Status/403",2026-07-17T14:26:35.902154
echoalger,bpt6k41579547,,failed,0,0,,http_manifest,known,403,manifest,"Client error '403 ' for url 'https://openapiproext.bnf.fr/iiif/presentation/v3/ark:/12148/bpt6k41579547/manifest.json'
For more information check: https://developer.mozilla.org/en-US/docs/Web/HTTP/Status/403",2026-07-17T14:26:37.102561
echoalger,bpt6k4157955n,,failed,0,0,,http_manifest,known,403,manifest,"Client error '403 ' for url 'https://openapiproext.bnf.fr/iiif/presentation/v3/ark:/12148/bpt6k4157955n/manifest.json'
For more information check: https://developer.mozilla.org/en-US/docs/Web/HTTP/Status/403",2026-07-17T14:26:38.302718
echoalger,bpt6k41579562,,failed,0,0,,http_manifest,known,403,manifest,"Client error '403 ' for url 'https://openapiproext.bnf.fr/iiif/presentation/v3/ark:/12148/bpt6k41579562/manifest.json'
For more information check: https://developer.mozilla.org/en-US/docs/Web/HTTP/Status/403",2026-07-17T14:26:39.502832
echoalger,bpt6k4157957g,,failed,0,0,,http_manifest,known,403,manifest,"Client error '403 ' for url 'https://openapiproext.bnf.fr/iiif/presentation/v3/ark:/12148/bpt6k4157957g/manifest.json'
For more information check: https://developer.mozilla.org/en-US/docs/Web/HTTP/Status/403",2026-07-17T14:26:40.707570
echoalger,bpt6k4157958w,,failed,0,0,,http_manifest,known,403,manifest,"Client error '403 ' for url 'https://openapiproext.bnf.fr/iiif/presentation/v3/ark:/12148/bpt6k4157958w/manifest.json'
For more information check: https://developer.mozilla.org/en-US/docs/Web/HTTP/Status/403",2026-07-17T14:26:41.930035
echoalger,bpt6k41579599,,failed,0,0,,http_manifest,known,403,manifest,"Client error '403 ' for url 'https://openapiproext.bnf.fr/iiif/presentation/v3/ark:/12148/bpt6k41579599/manifest.json'
For more information check: https://developer.mozilla.org/en-US/docs/Web/HTTP/Status/403",2026-07-17T14:26:43.114570
echoalger,bpt6k4157960z,,failed,0,0,,http_manifest,known,403,manifest,"Client error '403 ' for url 'https://openapiproext.bnf.fr/iiif/presentation/v3/ark:/12148/bpt6k4157960z/manifest.json'
For more information check: https://developer.mozilla.org/en-US/docs/Web/HTTP/Status/403",2026-07-17T14:26:44.310585
echoalger,bpt6k4157961c,,failed,0,0,,http_manifest,known,403,manifest,"Client error '403 ' for url 'https://openapiproext.bnf.fr/iiif/presentation/v3/ark:/12148/bpt6k4157961c/manifest.json'
For more information check: https://developer.mozilla.org/en-US/docs/Web/HTTP/Status/403",2026-07-17T14:26:45.512351
echoalger,bpt6k4157962s,,failed,0,0,,http_manifest,known,403,manifest,"Client error '403 ' for url 'https://openapiproext.bnf.fr/iiif/presentation/v3/ark:/12148/bpt6k4157962s/manifest.json'
For more information check: https://developer.mozilla.org/en-US/docs/Web/HTTP/Status/403",2026-07-17T14:26:46.720398
echoalger,bpt6k41579636,,failed,0,0,,http_manifest,known,403,manifest,"Client error '403 ' for url 'https://openapiproext.bnf.fr/iiif/presentation/v3/ark:/12148/bpt6k41579636/manifest.json'
For more information check: https://developer.mozilla.org/en-US/docs/Web/HTTP/Status/403",2026-07-17T14:26:47.913685
echoalger,bpt6k4157964m,,failed,0,0,,http_manifest,known,403,manifest,"Client error '403 ' for url 'https://openapiproext.bnf.fr/iiif/presentation/v3/ark:/12148/bpt6k4157964m/manifest.json'
For more information check: https://developer.mozilla.org/en-US/docs/Web/HTTP/Status/403",2026-07-17T14:26:49.114969
echoalger,bpt6k41579651,,failed,0,0,,http_manifest,known,403,manifest,"Client error '403 ' for url 'https://openapiproext.bnf.fr/iiif/presentation/v3/ark:/12148/bpt6k41579651/manifest.json'
For more information check: https://developer.mozilla.org/en-US/docs/Web/HTTP/Status/403",2026-07-17T14:26:50.320113
echoalger,bpt6k4157966f,,failed,0,0,,http_manifest,known,403,manifest,"Client error '403 ' for url 'https://openapiproext.bnf.fr/iiif/presentation/v3/ark:/12148/bpt6k4157966f/manifest.json'
For more information check: https://developer.mozilla.org/en-US/docs/Web/HTTP/Status/403",2026-07-17T14:26:51.523839
echoalger,bpt6k4157967v,,failed,0,0,,http_manifest,known,403,manifest,"Client error '403 ' for url 'https://openapiproext.bnf.fr/iiif/presentation/v3/ark:/12148/bpt6k4157967v/manifest.json'
For more information check: https://developer.mozilla.org/en-US/docs/Web/HTTP/Status/403",2026-07-17T14:26:52.726052
echoalger,bpt6k41579688,,failed,0,0,,http_manifest,known,403,manifest,"Client error '403 ' for url 'https://openapiproext.bnf.fr/iiif/presentation/v3/ark:/12148/bpt6k41579688/manifest.json'
For more information check: https://developer.mozilla.org/en-US/docs/Web/HTTP/Status/403",2026-07-17T14:26:53.949797
echoalger,bpt6k4157969p,,failed,0,0,,http_manifest,known,403,manifest,"Client error '403 ' for url 'https://openapiproext.bnf.fr/iiif/presentation/v3/ark:/12148/bpt6k4157969p/manifest.json'
For more information check: https://developer.mozilla.org/en-US/docs/Web/HTTP/Status/403",2026-07-17T14:26:55.131158
echoalger,bpt6k4157970b,,failed,0,0,,http_manifest,known,403,manifest,"Client error '403 ' for url 'https://openapiproext.bnf.fr/iiif/presentation/v3/ark:/12148/bpt6k4157970b/manifest.json'
For more information check: https://developer.mozilla.org/en-US/docs/Web/HTTP/Status/403",2026-07-17T14:26:56.328016
echoalger,bpt6k4157971r,,failed,0,0,,http_manifest,known,403,manifest,"Client error '403 ' for url 'https://openapiproext.bnf.fr/iiif/presentation/v3/ark:/12148/bpt6k4157971r/manifest.json'
For more information check: https://developer.mozilla.org/en-US/docs/Web/HTTP/Status/403",2026-07-17T14:26:57.529838
echoalger,bpt6k41579725,,failed,0,0,,http_manifest,known,403,manifest,"Client error '403 ' for url 'https://openapiproext.bnf.fr/iiif/presentation/v3/ark:/12148/bpt6k41579725/manifest.json'
For more information check: https://developer.mozilla.org/en-US/docs/Web/HTTP/Status/403",2026-07-17T14:26:58.730597
echoalger,bpt6k4157973k,,failed,0,0,,http_manifest,known,403,manifest,"Client error '403 ' for url 'https://openapiproext.bnf.fr/iiif/presentation/v3/ark:/12148/bpt6k4157973k/manifest.json'
For more information check: https://developer.mozilla.org/en-US/docs/Web/HTTP/Status/403",2026-07-17T14:26:59.955958
echoalger,bpt6k41579740,,failed,0,0,,http_manifest,known,403,manifest,"Client error '403 ' for url 'https://openapiproext.bnf.fr/iiif/presentation/v3/ark:/12148/bpt6k41579740/manifest.json'
For more information check: https://developer.mozilla.org/en-US/docs/Web/HTTP/Status/403",2026-07-17T14:27:01.133630
echoalger,bpt6k4157975d,,failed,0,0,,http_manifest,known,403,manifest,"Client error '403 ' for url 'https://openapiproext.bnf.fr/iiif/presentation/v3/ark:/12148/bpt6k4157975d/manifest.json'
For more information check: https://developer.mozilla.org/en-US/docs/Web/HTTP/Status/403",2026-07-17T14:27:02.334403
echoalger,bpt6k4157976t,,failed,0,0,,http_manifest,known,403,manifest,"Client error '403 ' for url 'https://openapiproext.bnf.fr/iiif/presentation/v3/ark:/12148/bpt6k4157976t/manifest.json'
For more information check: https://developer.mozilla.org/en-US/docs/Web/HTTP/Status/403",2026-07-17T14:27:03.539691
echoalger,bpt6k41579777,,failed,0,0,,http_manifest,known,403,manifest,"Client error '403 ' for url 'https://openapiproext.bnf.fr/iiif/presentation/v3/ark:/12148/bpt6k41579777/manifest.json'
For more information check: https://developer.mozilla.org/en-US/docs/Web/HTTP/Status/403",2026-07-17T14:27:04.736349
echoalger,bpt6k4157978n,,failed,0,0,,http_manifest,known,403,manifest,"Client error '403 ' for url 'https://openapiproext.bnf.fr/iiif/presentation/v3/ark:/12148/bpt6k4157978n/manifest.json'
For more information check: https://developer.mozilla.org/en-US/docs/Web/HTTP/Status/403",2026-07-17T14:27:05.935280
echoalger,bpt6k41579792,,failed,0,0,,http_manifest,known,403,manifest,"Client error '403 ' for url 'https://openapiproext.bnf.fr/iiif/presentation/v3/ark:/12148/bpt6k41579792/manifest.json'
For more information check: https://developer.mozilla.org/en-US/docs/Web/HTTP/Status/403",2026-07-17T14:27:07.221135
echoalger,bpt6k4157980q,,failed,0,0,,http_manifest,known,403,manifest,"Client error '403 ' for url 'https://openapiproext.bnf.fr/iiif/presentation/v3/ark:/12148/bpt6k4157980q/manifest.json'
For more information check: https://developer.mozilla.org/en-US/docs/Web/HTTP/Status/403",2026-07-17T14:27:08.343606
echoalger,bpt6k41579814,,failed,0,0,,http_manifest,known,403,manifest,"Client error '403 ' for url 'https://openapiproext.bnf.fr/iiif/presentation/v3/ark:/12148/bpt6k41579814/manifest.json'
For more information check: https://developer.mozilla.org/en-US/docs/Web/HTTP/Status/403",2026-07-17T14:27:09.701291
echoalger,bpt6k4157982j,,failed,0,0,,http_manifest,known,403,manifest,"Client error '403 ' for url 'https://openapiproext.bnf.fr/iiif/presentation/v3/ark:/12148/bpt6k4157982j/manifest.json'
For more information check: https://developer.mozilla.org/en-US/docs/Web/HTTP/Status/403",2026-07-17T14:27:10.750770
echoalger,bpt6k4157983z,,failed,0,0,,http_manifest,known,403,manifest,"Client error '403 ' for url 'https://openapiproext.bnf.fr/iiif/presentation/v3/ark:/12148/bpt6k4157983z/manifest.json'
For more information check: https://developer.mozilla.org/en-US/docs/Web/HTTP/Status/403",2026-07-17T14:27:12.113771
echoalger,bpt6k4157984c,,failed,0,0,,http_manifest,known,403,manifest,"Client error '403 ' for url 'https://openapiproext.bnf.fr/iiif/presentation/v3/ark:/12148/bpt6k4157984c/manifest.json'
For more information check: https://developer.mozilla.org/en-US/docs/Web/HTTP/Status/403",2026-07-17T14:27:13.378442
echoalger,bpt6k4157985s,,failed,0,0,,http_manifest,known,403,manifest,"Client error '403 ' for url 'https://openapiproext.bnf.fr/iiif/presentation/v3/ark:/12148/bpt6k4157985s/manifest.json'
For more information check: https://developer.mozilla.org/en-US/docs/Web/HTTP/Status/403",2026-07-17T14:27:14.539981
echoalger,bpt6k41579866,,failed,0,0,,http_manifest,known,403,manifest,"Client error '403 ' for url 'https://openapiproext.bnf.fr/iiif/presentation/v3/ark:/12148/bpt6k41579866/manifest.json'
For more information check: https://developer.mozilla.org/en-US/docs/Web/HTTP/Status/403",2026-07-17T14:27:15.567494
echoalger,bpt6k4157987m,,failed,0,0,,http_manifest,known,403,manifest,"Client error '403 ' for url 'https://openapiproext.bnf.fr/iiif/presentation/v3/ark:/12148/bpt6k4157987m/manifest.json'
For more information check: https://developer.mozilla.org/en-US/docs/Web/HTTP/Status/403",2026-07-17T14:27:16.756605
echoalger,bpt6k41579881,,failed,0,0,,http_manifest,known,403,manifest,"Client error '403 ' for url 'https://openapiproext.bnf.fr/iiif/presentation/v3/ark:/12148/bpt6k41579881/manifest.json'
For more information check: https://developer.mozilla.org/en-US/docs/Web/HTTP/Status/403",2026-07-17T14:27:17.955659
echoalger,bpt6k4157989f,,failed,0,0,,http_manifest,known,403,manifest,"Client error '403 ' for url 'https://openapiproext.bnf.fr/iiif/presentation/v3/ark:/12148/bpt6k4157989f/manifest.json'
For more information check: https://developer.mozilla.org/en-US/docs/Web/HTTP/Status/403",2026-07-17T14:27:19.290839
echoalger,bpt6k41579903,,failed,0,0,,http_manifest,known,403,manifest,"Client error '403 ' for url 'https://openapiproext.bnf.fr/iiif/presentation/v3/ark:/12148/bpt6k41579903/manifest.json'
For more information check: https://developer.mozilla.org/en-US/docs/Web/HTTP/Status/403",2026-07-17T14:27:20.355919
echoalger,bpt6k4157991h,,failed,0,0,,http_manifest,known,403,manifest,"Client error '403 ' for url 'https://openapiproext.bnf.fr/iiif/presentation/v3/ark:/12148/bpt6k4157991h/manifest.json'
For more information check: https://developer.mozilla.org/en-US/docs/Web/HTTP/Status/403",2026-07-17T14:27:21.599263
echoalger,bpt6k4157992x,,failed,0,0,,http_manifest,known,403,manifest,"Client error '403 ' for url 'https://openapiproext.bnf.fr/iiif/presentation/v3/ark:/12148/bpt6k4157992x/manifest.json'
For more information check: https://developer.mozilla.org/en-US/docs/Web/HTTP/Status/403",2026-07-17T14:27:22.754233
echoalger,bpt6k4157993b,,failed,0,0,,http_manifest,known,403,manifest,"Client error '403 ' for url 'https://openapiproext.bnf.fr/iiif/presentation/v3/ark:/12148/bpt6k4157993b/manifest.json'
For more information check: https://developer.mozilla.org/en-US/docs/Web/HTTP/Status/403",2026-07-17T14:27:23.965317
echoalger,bpt6k4157994r,,failed,0,0,,http_manifest,known,403,manifest,"Client error '403 ' for url 'https://openapiproext.bnf.fr/iiif/presentation/v3/ark:/12148/bpt6k4157994r/manifest.json'
For more information check: https://developer.mozilla.org/en-US/docs/Web/HTTP/Status/403",2026-07-17T14:27:25.160520
echoalger,bpt6k41579955,,failed,0,0,,http_manifest,known,403,manifest,"Client error '403 ' for url 'https://openapiproext.bnf.fr/iiif/presentation/v3/ark:/12148/bpt6k41579955/manifest.json'
For more information check: https://developer.mozilla.org/en-US/docs/Web/HTTP/Status/403",2026-07-17T14:27:26.362174
echoalger,bpt6k4157996k,,failed,0,0,,http_manifest,known,403,manifest,"Client error '403 ' for url 'https://openapiproext.bnf.fr/iiif/presentation/v3/ark:/12148/bpt6k4157996k/manifest.json'
For more information check: https://developer.mozilla.org/en-US/docs/Web/HTTP/Status/403",2026-07-17T14:27:27.581521
echoalger,bpt6k41579970,,failed,0,0,,http_manifest,known,403,manifest,"Client error '403 ' for url 'https://openapiproext.bnf.fr/iiif/presentation/v3/ark:/12148/bpt6k41579970/manifest.json'
For more information check: https://developer.mozilla.org/en-US/docs/Web/HTTP/Status/403",2026-07-17T14:27:28.764627
echoalger,bpt6k4157998d,,failed,0,0,,http_manifest,known,403,manifest,"Client error '403 ' for url 'https://openapiproext.bnf.fr/iiif/presentation/v3/ark:/12148/bpt6k4157998d/manifest.json'
For more information check: https://developer.mozilla.org/en-US/docs/Web/HTTP/Status/403",2026-07-17T14:27:29.967504
echoalger,bpt6k4157999t,,failed,0,0,,http_manifest,known,403,manifest,"Client error '403 ' for url 'https://openapiproext.bnf.fr/iiif/presentation/v3/ark:/12148/bpt6k4157999t/manifest.json'
For more information check: https://developer.mozilla.org/en-US/docs/Web/HTTP/Status/403",2026-07-17T14:27:31.168538
echoalger,bpt6k4158000w,,failed,0,0,,http_manifest,known,403,manifest,"Client error '403 ' for url 'https://openapiproext.bnf.fr/iiif/presentation/v3/ark:/12148/bpt6k4158000w/manifest.json'
For more information check: https://developer.mozilla.org/en-US/docs/Web/HTTP/Status/403",2026-07-17T14:27:32.368335
echoalger,bpt6k41580019,,failed,0,0,,http_manifest,known,403,manifest,"Client error '403 ' for url 'https://openapiproext.bnf.fr/iiif/presentation/v3/ark:/12148/bpt6k41580019/manifest.json'
For more information check: https://developer.mozilla.org/en-US/docs/Web/HTTP/Status/403",2026-07-17T14:27:33.571069
echoalger,bpt6k4158002q,,failed,0,0,,http_manifest,known,403,manifest,"Client error '403 ' for url 'https://openapiproext.bnf.fr/iiif/presentation/v3/ark:/12148/bpt6k4158002q/manifest.json'
For more information check: https://developer.mozilla.org/en-US/docs/Web/HTTP/Status/403",2026-07-17T14:27:34.771771
echoalger,bpt6k41580034,,failed,0,0,,http_manifest,known,403,manifest,"Client error '403 ' for url 'https://openapiproext.bnf.fr/iiif/presentation/v3/ark:/12148/bpt6k41580034/manifest.json'
For more information check: https://developer.mozilla.org/en-US/docs/Web/HTTP/Status/403",2026-07-17T14:27:35.972554
echoalger,bpt6k4158004j,,failed,0,0,,http_manifest,known,403,manifest,"Client error '403 ' for url 'https://openapiproext.bnf.fr/iiif/presentation/v3/ark:/12148/bpt6k4158004j/manifest.json'
For more information check: https://developer.mozilla.org/en-US/docs/Web/HTTP/Status/403",2026-07-17T14:27:37.177396
echoalger,bpt6k4158005z,,failed,0,0,,http_manifest,known,403,manifest,"Client error '403 ' for url 'https://openapiproext.bnf.fr/iiif/presentation/v3/ark:/12148/bpt6k4158005z/manifest.json'
For more information check: https://developer.mozilla.org/en-US/docs/Web/HTTP/Status/403",2026-07-17T14:27:38.375945
echoalger,bpt6k4158006c,,failed,0,0,,http_manifest,known,403,manifest,"Client error '403 ' for url 'https://openapiproext.bnf.fr/iiif/presentation/v3/ark:/12148/bpt6k4158006c/manifest.json'
For more information check: https://developer.mozilla.org/en-US/docs/Web/HTTP/Status/403",2026-07-17T14:27:39.605888
echoalger,bpt6k4158007s,,failed,0,0,,http_manifest,known,403,manifest,"Client error '403 ' for url 'https://openapiproext.bnf.fr/iiif/presentation/v3/ark:/12148/bpt6k4158007s/manifest.json'
For more information check: https://developer.mozilla.org/en-US/docs/Web/HTTP/Status/403",2026-07-17T14:27:40.779743
echoalger,bpt6k41580086,,failed,0,0,,http_manifest,known,403,manifest,"Client error '403 ' for url 'https://openapiproext.bnf.fr/iiif/presentation/v3/ark:/12148/bpt6k41580086/manifest.json'
For more information check: https://developer.mozilla.org/en-US/docs/Web/HTTP/Status/403",2026-07-17T14:27:41.980330
echoalger,bpt6k4158009m,,failed,0,0,,http_manifest,known,403,manifest,"Client error '403 ' for url 'https://openapiproext.bnf.fr/iiif/presentation/v3/ark:/12148/bpt6k4158009m/manifest.json'
For more information check: https://developer.mozilla.org/en-US/docs/Web/HTTP/Status/403",2026-07-17T14:27:43.181879
echoalger,bpt6k41580108,,failed,0,0,,http_manifest,known,403,manifest,"Client error '403 ' for url 'https://openapiproext.bnf.fr/iiif/presentation/v3/ark:/12148/bpt6k41580108/manifest.json'
For more information check: https://developer.mozilla.org/en-US/docs/Web/HTTP/Status/403",2026-07-17T14:27:44.382132
echoalger,bpt6k4158011p,,failed,0,0,,http_manifest,known,403,manifest,"Client error '403 ' for url 'https://openapiproext.bnf.fr/iiif/presentation/v3/ark:/12148/bpt6k4158011p/manifest.json'
For more information check: https://developer.mozilla.org/en-US/docs/Web/HTTP/Status/403",2026-07-17T14:27:45.584036
echoalger,bpt6k41580123,,failed,0,0,,http_manifest,known,403,manifest,"Client error '403 ' for url 'https://openapiproext.bnf.fr/iiif/presentation/v3/ark:/12148/bpt6k41580123/manifest.json'
For more information check: https://developer.mozilla.org/en-US/docs/Web/HTTP/Status/403",2026-07-17T14:27:46.790906
echoalger,bpt6k4158013h,,failed,0,0,,http_manifest,known,403,manifest,"Client error '403 ' for url 'https://openapiproext.bnf.fr/iiif/presentation/v3/ark:/12148/bpt6k4158013h/manifest.json'
For more information check: https://developer.mozilla.org/en-US/docs/Web/HTTP/Status/403",2026-07-17T14:27:47.989078
echoalger,bpt6k4158014x,,failed,0,0,,http_manifest,known,403,manifest,"Client error '403 ' for url 'https://openapiproext.bnf.fr/iiif/presentation/v3/ark:/12148/bpt6k4158014x/manifest.json'
For more information check: https://developer.mozilla.org/en-US/docs/Web/HTTP/Status/403",2026-07-17T14:27:49.190130
echoalger,bpt6k4158015b,,failed,0,0,,http_manifest,known,403,manifest,"Client error '403 ' for url 'https://openapiproext.bnf.fr/iiif/presentation/v3/ark:/12148/bpt6k4158015b/manifest.json'
For more information check: https://developer.mozilla.org/en-US/docs/Web/HTTP/Status/403",2026-07-17T14:27:50.392293
echoalger,bpt6k4158016r,,failed,0,0,,http_manifest,known,403,manifest,"Client error '403 ' for url 'https://openapiproext.bnf.fr/iiif/presentation/v3/ark:/12148/bpt6k4158016r/manifest.json'
For more information check: https://developer.mozilla.org/en-US/docs/Web/HTTP/Status/403",2026-07-17T14:27:51.615515
echoalger,bpt6k41580175,,failed,0,0,,http_manifest,known,403,manifest,"Client error '403 ' for url 'https://openapiproext.bnf.fr/iiif/presentation/v3/ark:/12148/bpt6k41580175/manifest.json'
For more information check: https://developer.mozilla.org/en-US/docs/Web/HTTP/Status/403",2026-07-17T14:27:52.797798
echoalger,bpt6k4158018k,,failed,0,0,,http_manifest,known,403,manifest,"Client error '403 ' for url 'https://openapiproext.bnf.fr/iiif/presentation/v3/ark:/12148/bpt6k4158018k/manifest.json'
For more information check: https://developer.mozilla.org/en-US/docs/Web/HTTP/Status/403",2026-07-17T14:27:53.993748
echoalger,bpt6k41580190,,failed,0,0,,http_manifest,known,403,manifest,"Client error '403 ' for url 'https://openapiproext.bnf.fr/iiif/presentation/v3/ark:/12148/bpt6k41580190/manifest.json'
For more information check: https://developer.mozilla.org/en-US/docs/Web/HTTP/Status/403",2026-07-17T14:27:55.200079
echoalger,bpt6k4158020n,,failed,0,0,,http_manifest,known,403,manifest,"Client error '403 ' for url 'https://openapiproext.bnf.fr/iiif/presentation/v3/ark:/12148/bpt6k4158020n/manifest.json'
For more information check: https://developer.mozilla.org/en-US/docs/Web/HTTP/Status/403",2026-07-17T14:27:56.400207
echoalger,bpt6k41580212,,failed,0,0,,http_manifest,known,403,manifest,"Client error '403 ' for url 'https://openapiproext.bnf.fr/iiif/presentation/v3/ark:/12148/bpt6k41580212/manifest.json'
For more information check: https://developer.mozilla.org/en-US/docs/Web/HTTP/Status/403",2026-07-17T14:27:57.827456
echoalger,bpt6k4158022g,,failed,0,0,,http_manifest,known,403,manifest,"Client error '403 ' for url 'https://openapiproext.bnf.fr/iiif/presentation/v3/ark:/12148/bpt6k4158022g/manifest.json'
For more information check: https://developer.mozilla.org/en-US/docs/Web/HTTP/Status/403",2026-07-17T14:27:58.802161
echoalger,bpt6k4158023w,,failed,0,0,,http_manifest,known,403,manifest,"Client error '403 ' for url 'https://openapiproext.bnf.fr/iiif/presentation/v3/ark:/12148/bpt6k4158023w/manifest.json'
For more information check: https://developer.mozilla.org/en-US/docs/Web/HTTP/Status/403",2026-07-17T14:28:00.072528
echoalger,bpt6k41580249,,failed,0,0,,http_manifest,known,403,manifest,"Client error '403 ' for url 'https://openapiproext.bnf.fr/iiif/presentation/v3/ark:/12148/bpt6k41580249/manifest.json'
For more information check: https://developer.mozilla.org/en-US/docs/Web/HTTP/Status/403",2026-07-17T14:28:01.251192
echoalger,bpt6k4158025q,,failed,0,0,,http_manifest,known,403,manifest,"Client error '403 ' for url 'https://openapiproext.bnf.fr/iiif/presentation/v3/ark:/12148/bpt6k4158025q/manifest.json'
For more information check: https://developer.mozilla.org/en-US/docs/Web/HTTP/Status/403",2026-07-17T14:28:02.571300
echoalger,bpt6k41580264,,failed,0,0,,http_manifest,known,403,manifest,"Client error '403 ' for url 'https://openapiproext.bnf.fr/iiif/presentation/v3/ark:/12148/bpt6k41580264/manifest.json'
For more information check: https://developer.mozilla.org/en-US/docs/Web/HTTP/Status/403",2026-07-17T14:28:03.749305
echoalger,bpt6k4158027j,,failed,0,0,,http_manifest,known,403,manifest,"Client error '403 ' for url 'https://openapiproext.bnf.fr/iiif/presentation/v3/ark:/12148/bpt6k4158027j/manifest.json'
For more information check: https://developer.mozilla.org/en-US/docs/Web/HTTP/Status/403",2026-07-17T14:28:04.997545
echoalger,bpt6k4158028z,,failed,0,0,,http_manifest,known,403,manifest,"Client error '403 ' for url 'https://openapiproext.bnf.fr/iiif/presentation/v3/ark:/12148/bpt6k4158028z/manifest.json'
For more information check: https://developer.mozilla.org/en-US/docs/Web/HTTP/Status/403",2026-07-17T14:28:06.112828
echoalger,bpt6k4158029c,,failed,0,0,,http_manifest,known,403,manifest,"Client error '403 ' for url 'https://openapiproext.bnf.fr/iiif/presentation/v3/ark:/12148/bpt6k4158029c/manifest.json'
For more information check: https://developer.mozilla.org/en-US/docs/Web/HTTP/Status/403",2026-07-17T14:28:07.215930
echoalger,bpt6k41580301,,failed,0,0,,http_manifest,known,403,manifest,"Client error '403 ' for url 'https://openapiproext.bnf.fr/iiif/presentation/v3/ark:/12148/bpt6k41580301/manifest.json'
For more information check: https://developer.mozilla.org/en-US/docs/Web/HTTP/Status/403",2026-07-17T14:28:08.418517
echoalger,bpt6k4158031f,,failed,0,0,,http_manifest,known,403,manifest,"Client error '403 ' for url 'https://openapiproext.bnf.fr/iiif/presentation/v3/ark:/12148/bpt6k4158031f/manifest.json'
For more information check: https://developer.mozilla.org/en-US/docs/Web/HTTP/Status/403",2026-07-17T14:28:09.862291
echoalger,bpt6k4158032v,,failed,0,0,,http_manifest,known,403,manifest,"Client error '403 ' for url 'https://openapiproext.bnf.fr/iiif/presentation/v3/ark:/12148/bpt6k4158032v/manifest.json'
For more information check: https://developer.mozilla.org/en-US/docs/Web/HTTP/Status/403",2026-07-17T14:28:10.816922
echoalger,bpt6k41580338,,failed,0,0,,http_manifest,known,403,manifest,"Client error '403 ' for url 'https://openapiproext.bnf.fr/iiif/presentation/v3/ark:/12148/bpt6k41580338/manifest.json'
For more information check: https://developer.mozilla.org/en-US/docs/Web/HTTP/Status/403",2026-07-17T14:28:12.183759
echoalger,bpt6k4158034p,,failed,0,0,,http_manifest,known,403,manifest,"Client error '403 ' for url 'https://openapiproext.bnf.fr/iiif/presentation/v3/ark:/12148/bpt6k4158034p/manifest.json'
For more information check: https://developer.mozilla.org/en-US/docs/Web/HTTP/Status/403",2026-07-17T14:28:13.368886
echoalger,bpt6k41580353,,failed,0,0,,http_manifest,known,403,manifest,"Client error '403 ' for url 'https://openapiproext.bnf.fr/iiif/presentation/v3/ark:/12148/bpt6k41580353/manifest.json'
For more information check: https://developer.mozilla.org/en-US/docs/Web/HTTP/Status/403",2026-07-17T14:28:14.428490
echoalger,bpt6k4158036h,,failed,0,0,,http_manifest,known,403,manifest,"Client error '403 ' for url 'https://openapiproext.bnf.fr/iiif/presentation/v3/ark:/12148/bpt6k4158036h/manifest.json'
For more information check: https://developer.mozilla.org/en-US/docs/Web/HTTP/Status/403",2026-07-17T14:28:15.620676
echoalger,bpt6k4158037x,,failed,0,0,,http_manifest,known,403,manifest,"Client error '403 ' for url 'https://openapiproext.bnf.fr/iiif/presentation/v3/ark:/12148/bpt6k4158037x/manifest.json'
For more information check: https://developer.mozilla.org/en-US/docs/Web/HTTP/Status/403",2026-07-17T14:28:17.128848
echoalger,bpt6k4158038b,,failed,0,0,,http_manifest,known,403,manifest,"Client error '403 ' for url 'https://openapiproext.bnf.fr/iiif/presentation/v3/ark:/12148/bpt6k4158038b/manifest.json'
For more information check: https://developer.mozilla.org/en-US/docs/Web/HTTP/Status/403",2026-07-17T14:28:18.149222
echoalger,bpt6k4158039r,,failed,0,0,,http_manifest,known,403,manifest,"Client error '403 ' for url 'https://openapiproext.bnf.fr/iiif/presentation/v3/ark:/12148/bpt6k4158039r/manifest.json'
For more information check: https://developer.mozilla.org/en-US/docs/Web/HTTP/Status/403",2026-07-17T14:28:19.402382
echoalger,bpt6k4158040d,,failed,0,0,,http_manifest,known,403,manifest,"Client error '403 ' for url 'https://openapiproext.bnf.fr/iiif/presentation/v3/ark:/12148/bpt6k4158040d/manifest.json'
For more information check: https://developer.mozilla.org/en-US/docs/Web/HTTP/Status/403",2026-07-17T14:28:20.427564
echoalger,bpt6k4158041t,,failed,0,0,,http_manifest,known,403,manifest,"Client error '403 ' for url 'https://openapiproext.bnf.fr/iiif/presentation/v3/ark:/12148/bpt6k4158041t/manifest.json'
For more information check: https://developer.mozilla.org/en-US/docs/Web/HTTP/Status/403",2026-07-17T14:28:21.644047
echoalger,bpt6k41580427,,failed,0,0,,http_manifest,known,403,manifest,"Client error '403 ' for url 'https://openapiproext.bnf.fr/iiif/presentation/v3/ark:/12148/bpt6k41580427/manifest.json'
For more information check: https://developer.mozilla.org/en-US/docs/Web/HTTP/Status/403",2026-07-17T14:28:22.832298
echoalger,bpt6k4158043n,,failed,0,0,,http_manifest,known,403,manifest,"Client error '403 ' for url 'https://openapiproext.bnf.fr/iiif/presentation/v3/ark:/12148/bpt6k4158043n/manifest.json'
For more information check: https://developer.mozilla.org/en-US/docs/Web/HTTP/Status/403",2026-07-17T14:28:24.029756
echoalger,bpt6k41580442,,failed,0,0,,http_manifest,known,403,manifest,"Client error '403 ' for url 'https://openapiproext.bnf.fr/iiif/presentation/v3/ark:/12148/bpt6k41580442/manifest.json'
For more information check: https://developer.mozilla.org/en-US/docs/Web/HTTP/Status/403",2026-07-17T14:28:25.234205
echoalger,bpt6k4158045g,,failed,0,0,,http_manifest,known,403,manifest,"Client error '403 ' for url 'https://openapiproext.bnf.fr/iiif/presentation/v3/ark:/12148/bpt6k4158045g/manifest.json'
For more information check: https://developer.mozilla.org/en-US/docs/Web/HTTP/Status/403",2026-07-17T14:28:26.434043
echoalger,bpt6k4158046w,,failed,0,0,,http_manifest,known,403,manifest,"Client error '403 ' for url 'https://openapiproext.bnf.fr/iiif/presentation/v3/ark:/12148/bpt6k4158046w/manifest.json'
For more information check: https://developer.mozilla.org/en-US/docs/Web/HTTP/Status/403",2026-07-17T14:28:27.655249
echoalger,bpt6k41580479,,failed,0,0,,http_manifest,known,403,manifest,"Client error '403 ' for url 'https://openapiproext.bnf.fr/iiif/presentation/v3/ark:/12148/bpt6k41580479/manifest.json'
For more information check: https://developer.mozilla.org/en-US/docs/Web/HTTP/Status/403",2026-07-17T14:28:28.835442
echoalger,bpt6k4158048q,,failed,0,0,,http_manifest,known,403,manifest,"Client error '403 ' for url 'https://openapiproext.bnf.fr/iiif/presentation/v3/ark:/12148/bpt6k4158048q/manifest.json'
For more information check: https://developer.mozilla.org/en-US/docs/Web/HTTP/Status/403",2026-07-17T14:28:30.036570
echoalger,bpt6k41580494,,failed,0,0,,http_manifest,known,403,manifest,"Client error '403 ' for url 'https://openapiproext.bnf.fr/iiif/presentation/v3/ark:/12148/bpt6k41580494/manifest.json'
For more information check: https://developer.mozilla.org/en-US/docs/Web/HTTP/Status/403",2026-07-17T14:28:31.238858
echoalger,bpt6k4158050s,,failed,0,0,,http_manifest,known,403,manifest,"Client error '403 ' for url 'https://openapiproext.bnf.fr/iiif/presentation/v3/ark:/12148/bpt6k4158050s/manifest.json'
For more information check: https://developer.mozilla.org/en-US/docs/Web/HTTP/Status/403",2026-07-17T14:28:32.441018
echoalger,bpt6k41580516,,failed,0,0,,http_manifest,known,403,manifest,"Client error '403 ' for url 'https://openapiproext.bnf.fr/iiif/presentation/v3/ark:/12148/bpt6k41580516/manifest.json'
For more information check: https://developer.mozilla.org/en-US/docs/Web/HTTP/Status/403",2026-07-17T14:28:33.642612
echoalger,bpt6k4158052m,,failed,0,0,,http_manifest,known,403,manifest,"Client error '403 ' for url 'https://openapiproext.bnf.fr/iiif/presentation/v3/ark:/12148/bpt6k4158052m/manifest.json'
For more information check: https://developer.mozilla.org/en-US/docs/Web/HTTP/Status/403",2026-07-17T14:28:34.843853
echoalger,bpt6k41580531,,failed,0,0,,http_manifest,known,403,manifest,"Client error '403 ' for url 'https://openapiproext.bnf.fr/iiif/presentation/v3/ark:/12148/bpt6k41580531/manifest.json'
For more information check: https://developer.mozilla.org/en-US/docs/Web/HTTP/Status/403",2026-07-17T14:28:36.043646
echoalger,bpt6k4158054f,,failed,0,0,,http_manifest,known,403,manifest,"Client error '403 ' for url 'https://openapiproext.bnf.fr/iiif/presentation/v3/ark:/12148/bpt6k4158054f/manifest.json'
For more information check: https://developer.mozilla.org/en-US/docs/Web/HTTP/Status/403",2026-07-17T14:28:37.247735
echoalger,bpt6k4158055v,,failed,0,0,,http_manifest,known,403,manifest,"Client error '403 ' for url 'https://openapiproext.bnf.fr/iiif/presentation/v3/ark:/12148/bpt6k4158055v/manifest.json'
For more information check: https://developer.mozilla.org/en-US/docs/Web/HTTP/Status/403",2026-07-17T14:28:38.446870
echoalger,bpt6k41580568,,failed,0,0,,http_manifest,known,403,manifest,"Client error '403 ' for url 'https://openapiproext.bnf.fr/iiif/presentation/v3/ark:/12148/bpt6k41580568/manifest.json'
For more information check: https://developer.mozilla.org/en-US/docs/Web/HTTP/Status/403",2026-07-17T14:28:39.671468
echoalger,bpt6k4158057p,,failed,0,0,,http_manifest,known,403,manifest,"Client error '403 ' for url 'https://openapiproext.bnf.fr/iiif/presentation/v3/ark:/12148/bpt6k4158057p/manifest.json'
For more information check: https://developer.mozilla.org/en-US/docs/Web/HTTP/Status/403",2026-07-17T14:28:40.850163
echoalger,bpt6k41580583,,failed,0,0,,http_manifest,known,403,manifest,"Client error '403 ' for url 'https://openapiproext.bnf.fr/iiif/presentation/v3/ark:/12148/bpt6k41580583/manifest.json'
For more information check: https://developer.mozilla.org/en-US/docs/Web/HTTP/Status/403",2026-07-17T14:28:42.051350
echoalger,bpt6k4158059h,,failed,0,0,,http_manifest,known,403,manifest,"Client error '403 ' for url 'https://openapiproext.bnf.fr/iiif/presentation/v3/ark:/12148/bpt6k4158059h/manifest.json'
For more information check: https://developer.mozilla.org/en-US/docs/Web/HTTP/Status/403",2026-07-17T14:28:43.252166
echoalger,bpt6k41580605,,failed,0,0,,http_manifest,known,403,manifest,"Client error '403 ' for url 'https://openapiproext.bnf.fr/iiif/presentation/v3/ark:/12148/bpt6k41580605/manifest.json'
For more information check: https://developer.mozilla.org/en-US/docs/Web/HTTP/Status/403",2026-07-17T14:28:44.458932
echoalger,bpt6k4158061k,,failed,0,0,,http_manifest,known,403,manifest,"Client error '403 ' for url 'https://openapiproext.bnf.fr/iiif/presentation/v3/ark:/12148/bpt6k4158061k/manifest.json'
For more information check: https://developer.mozilla.org/en-US/docs/Web/HTTP/Status/403",2026-07-17T14:28:45.656232
echoalger,bpt6k41580620,,failed,0,0,,http_manifest,known,403,manifest,"Client error '403 ' for url 'https://openapiproext.bnf.fr/iiif/presentation/v3/ark:/12148/bpt6k41580620/manifest.json'
For more information check: https://developer.mozilla.org/en-US/docs/Web/HTTP/Status/403",2026-07-17T14:28:46.858760
echoalger,bpt6k4158063d,,failed,0,0,,http_manifest,known,403,manifest,"Client error '403 ' for url 'https://openapiproext.bnf.fr/iiif/presentation/v3/ark:/12148/bpt6k4158063d/manifest.json'
For more information check: https://developer.mozilla.org/en-US/docs/Web/HTTP/Status/403",2026-07-17T14:28:48.058909
echoalger,bpt6k4158064t,,failed,0,0,,http_manifest,known,403,manifest,"Client error '403 ' for url 'https://openapiproext.bnf.fr/iiif/presentation/v3/ark:/12148/bpt6k4158064t/manifest.json'
For more information check: https://developer.mozilla.org/en-US/docs/Web/HTTP/Status/403",2026-07-17T14:28:49.262086
echoalger,bpt6k41580657,,failed,0,0,,http_manifest,known,403,manifest,"Client error '403 ' for url 'https://openapiproext.bnf.fr/iiif/presentation/v3/ark:/12148/bpt6k41580657/manifest.json'
For more information check: https://developer.mozilla.org/en-US/docs/Web/HTTP/Status/403",2026-07-17T14:28:50.465267
echoalger,bpt6k4158066n,,failed,0,0,,http_manifest,known,403,manifest,"Client error '403 ' for url 'https://openapiproext.bnf.fr/iiif/presentation/v3/ark:/12148/bpt6k4158066n/manifest.json'
For more information check: https://developer.mozilla.org/en-US/docs/Web/HTTP/Status/403",2026-07-17T14:28:51.695205
echoalger,bpt6k41580672,,failed,0,0,,http_manifest,known,403,manifest,"Client error '403 ' for url 'https://openapiproext.bnf.fr/iiif/presentation/v3/ark:/12148/bpt6k41580672/manifest.json'
For more information check: https://developer.mozilla.org/en-US/docs/Web/HTTP/Status/403",2026-07-17T14:28:52.869255
echoalger,bpt6k4158068g,,failed,0,0,,http_manifest,known,403,manifest,"Client error '403 ' for url 'https://openapiproext.bnf.fr/iiif/presentation/v3/ark:/12148/bpt6k4158068g/manifest.json'
For more information check: https://developer.mozilla.org/en-US/docs/Web/HTTP/Status/403",2026-07-17T14:28:54.069488
echoalger,bpt6k4158069w,,failed,0,0,,http_manifest,known,403,manifest,"Client error '403 ' for url 'https://openapiproext.bnf.fr/iiif/presentation/v3/ark:/12148/bpt6k4158069w/manifest.json'
For more information check: https://developer.mozilla.org/en-US/docs/Web/HTTP/Status/403",2026-07-17T14:28:55.273892
echoalger,bpt6k4158070j,,failed,0,0,,http_manifest,known,403,manifest,"Client error '403 ' for url 'https://openapiproext.bnf.fr/iiif/presentation/v3/ark:/12148/bpt6k4158070j/manifest.json'
For more information check: https://developer.mozilla.org/en-US/docs/Web/HTTP/Status/403",2026-07-17T14:28:56.472616
echoalger,bpt6k4158071z,,failed,0,0,,http_manifest,known,403,manifest,"Client error '403 ' for url 'https://openapiproext.bnf.fr/iiif/presentation/v3/ark:/12148/bpt6k4158071z/manifest.json'
For more information check: https://developer.mozilla.org/en-US/docs/Web/HTTP/Status/403",2026-07-17T14:28:57.705426
echoalger,bpt6k4158072c,,failed,0,0,,http_manifest,known,403,manifest,"Client error '403 ' for url 'https://openapiproext.bnf.fr/iiif/presentation/v3/ark:/12148/bpt6k4158072c/manifest.json'
For more information check: https://developer.mozilla.org/en-US/docs/Web/HTTP/Status/403",2026-07-17T14:28:58.877972
echoalger,bpt6k4158073s,,failed,0,0,,http_manifest,known,403,manifest,"Client error '403 ' for url 'https://openapiproext.bnf.fr/iiif/presentation/v3/ark:/12148/bpt6k4158073s/manifest.json'
For more information check: https://developer.mozilla.org/en-US/docs/Web/HTTP/Status/403",2026-07-17T14:29:00.120239
echoalger,bpt6k41580746,,failed,0,0,,http_manifest,known,403,manifest,"Client error '403 ' for url 'https://openapiproext.bnf.fr/iiif/presentation/v3/ark:/12148/bpt6k41580746/manifest.json'
For more information check: https://developer.mozilla.org/en-US/docs/Web/HTTP/Status/403",2026-07-17T14:29:01.502839
echoalger,bpt6k4158075m,,failed,0,0,,http_manifest,known,403,manifest,"Client error '403 ' for url 'https://openapiproext.bnf.fr/iiif/presentation/v3/ark:/12148/bpt6k4158075m/manifest.json'
For more information check: https://developer.mozilla.org/en-US/docs/Web/HTTP/Status/403",2026-07-17T14:29:02.583135
echoalger,bpt6k41580761,,failed,0,0,,http_manifest,known,403,manifest,"Client error '403 ' for url 'https://openapiproext.bnf.fr/iiif/presentation/v3/ark:/12148/bpt6k41580761/manifest.json'
For more information check: https://developer.mozilla.org/en-US/docs/Web/HTTP/Status/403",2026-07-17T14:29:03.726674
echoalger,bpt6k4158077f,,failed,0,0,,http_manifest,known,403,manifest,"Client error '403 ' for url 'https://openapiproext.bnf.fr/iiif/presentation/v3/ark:/12148/bpt6k4158077f/manifest.json'
For more information check: https://developer.mozilla.org/en-US/docs/Web/HTTP/Status/403",2026-07-17T14:29:04.923482
echoalger,bpt6k4158078v,,failed,0,0,,http_manifest,known,403,manifest,"Client error '403 ' for url 'https://openapiproext.bnf.fr/iiif/presentation/v3/ark:/12148/bpt6k4158078v/manifest.json'
For more information check: https://developer.mozilla.org/en-US/docs/Web/HTTP/Status/403",2026-07-17T14:29:06.090575
echoalger,bpt6k41580798,,failed,0,0,,http_manifest,known,403,manifest,"Client error '403 ' for url 'https://openapiproext.bnf.fr/iiif/presentation/v3/ark:/12148/bpt6k41580798/manifest.json'
For more information check: https://developer.mozilla.org/en-US/docs/Web/HTTP/Status/403",2026-07-17T14:29:07.287061
echoalger,bpt6k4158080x,,failed,0,0,,http_manifest,known,403,manifest,"Client error '403 ' for url 'https://openapiproext.bnf.fr/iiif/presentation/v3/ark:/12148/bpt6k4158080x/manifest.json'
For more information check: https://developer.mozilla.org/en-US/docs/Web/HTTP/Status/403",2026-07-17T14:29:08.491257
echoalger,bpt6k4158081b,,failed,0,0,,http_manifest,known,403,manifest,"Client error '403 ' for url 'https://openapiproext.bnf.fr/iiif/presentation/v3/ark:/12148/bpt6k4158081b/manifest.json'
For more information check: https://developer.mozilla.org/en-US/docs/Web/HTTP/Status/403",2026-07-17T14:29:09.717771
echoalger,bpt6k4158082r,,failed,0,0,,http_manifest,known,403,manifest,"Client error '403 ' for url 'https://openapiproext.bnf.fr/iiif/presentation/v3/ark:/12148/bpt6k4158082r/manifest.json'
For more information check: https://developer.mozilla.org/en-US/docs/Web/HTTP/Status/403",2026-07-17T14:29:11.121415
echoalger,bpt6k41580835,,failed,0,0,,http_manifest,known,403,manifest,"Client error '403 ' for url 'https://openapiproext.bnf.fr/iiif/presentation/v3/ark:/12148/bpt6k41580835/manifest.json'
For more information check: https://developer.mozilla.org/en-US/docs/Web/HTTP/Status/403",2026-07-17T14:29:12.115377
echoalger,bpt6k4158084k,,failed,0,0,,http_manifest,known,403,manifest,"Client error '403 ' for url 'https://openapiproext.bnf.fr/iiif/presentation/v3/ark:/12148/bpt6k4158084k/manifest.json'
For more information check: https://developer.mozilla.org/en-US/docs/Web/HTTP/Status/403",2026-07-17T14:29:13.303590
echoalger,bpt6k41580850,,failed,0,0,,http_manifest,known,403,manifest,"Client error '403 ' for url 'https://openapiproext.bnf.fr/iiif/presentation/v3/ark:/12148/bpt6k41580850/manifest.json'
For more information check: https://developer.mozilla.org/en-US/docs/Web/HTTP/Status/403",2026-07-17T14:29:14.531255
echoalger,bpt6k4158086d,,failed,0,0,,http_manifest,known,403,manifest,"Client error '403 ' for url 'https://openapiproext.bnf.fr/iiif/presentation/v3/ark:/12148/bpt6k4158086d/manifest.json'
For more information check: https://developer.mozilla.org/en-US/docs/Web/HTTP/Status/403",2026-07-17T14:29:15.823484
echoalger,bpt6k4158087t,,failed,0,0,,http_manifest,known,403,manifest,"Client error '403 ' for url 'https://openapiproext.bnf.fr/iiif/presentation/v3/ark:/12148/bpt6k4158087t/manifest.json'
For more information check: https://developer.mozilla.org/en-US/docs/Web/HTTP/Status/403",2026-07-17T14:29:17.059365
echoalger,bpt6k41580887,,failed,0,0,,http_manifest,known,403,manifest,"Client error '403 ' for url 'https://openapiproext.bnf.fr/iiif/presentation/v3/ark:/12148/bpt6k41580887/manifest.json'
For more information check: https://developer.mozilla.org/en-US/docs/Web/HTTP/Status/403",2026-07-17T14:29:18.217573
echoalger,bpt6k4158089n,,failed,0,0,,http_manifest,known,403,manifest,"Client error '403 ' for url 'https://openapiproext.bnf.fr/iiif/presentation/v3/ark:/12148/bpt6k4158089n/manifest.json'
For more information check: https://developer.mozilla.org/en-US/docs/Web/HTTP/Status/403",2026-07-17T14:29:19.306354
echoalger,bpt6k41580909,,failed,0,0,,http_manifest,known,403,manifest,"Client error '403 ' for url 'https://openapiproext.bnf.fr/iiif/presentation/v3/ark:/12148/bpt6k41580909/manifest.json'
For more information check: https://developer.mozilla.org/en-US/docs/Web/HTTP/Status/403",2026-07-17T14:29:20.506001
echoalger,bpt6k4158091q,,failed,0,0,,http_manifest,known,403,manifest,"Client error '403 ' for url 'https://openapiproext.bnf.fr/iiif/presentation/v3/ark:/12148/bpt6k4158091q/manifest.json'
For more information check: https://developer.mozilla.org/en-US/docs/Web/HTTP/Status/403",2026-07-17T14:29:21.750573
echoalger,bpt6k41580924,,failed,0,0,,http_manifest,known,403,manifest,"Client error '403 ' for url 'https://openapiproext.bnf.fr/iiif/presentation/v3/ark:/12148/bpt6k41580924/manifest.json'
For more information check: https://developer.mozilla.org/en-US/docs/Web/HTTP/Status/403",2026-07-17T14:29:22.907980
echoalger,bpt6k4158093j,,failed,0,0,,http_manifest,known,403,manifest,"Client error '403 ' for url 'https://openapiproext.bnf.fr/iiif/presentation/v3/ark:/12148/bpt6k4158093j/manifest.json'
For more information check: https://developer.mozilla.org/en-US/docs/Web/HTTP/Status/403",2026-07-17T14:29:24.112116
echoalger,bpt6k4158094z,,failed,0,0,,http_manifest,known,403,manifest,"Client error '403 ' for url 'https://openapiproext.bnf.fr/iiif/presentation/v3/ark:/12148/bpt6k4158094z/manifest.json'
For more information check: https://developer.mozilla.org/en-US/docs/Web/HTTP/Status/403",2026-07-17T14:29:25.312295
echoalger,bpt6k4158095c,,failed,0,0,,http_manifest,known,403,manifest,"Client error '403 ' for url 'https://openapiproext.bnf.fr/iiif/presentation/v3/ark:/12148/bpt6k4158095c/manifest.json'
For more information check: https://developer.mozilla.org/en-US/docs/Web/HTTP/Status/403",2026-07-17T14:29:26.515063
echoalger,bpt6k4158096s,,failed,0,0,,http_manifest,known,403,manifest,"Client error '403 ' for url 'https://openapiproext.bnf.fr/iiif/presentation/v3/ark:/12148/bpt6k4158096s/manifest.json'
For more information check: https://developer.mozilla.org/en-US/docs/Web/HTTP/Status/403",2026-07-17T14:29:27.746598
echoalger,bpt6k41580976,,failed,0,0,,http_manifest,known,403,manifest,"Client error '403 ' for url 'https://openapiproext.bnf.fr/iiif/presentation/v3/ark:/12148/bpt6k41580976/manifest.json'
For more information check: https://developer.mozilla.org/en-US/docs/Web/HTTP/Status/403",2026-07-17T14:29:28.922050
echoalger,bpt6k4158098m,,failed,0,0,,http_manifest,known,403,manifest,"Client error '403 ' for url 'https://openapiproext.bnf.fr/iiif/presentation/v3/ark:/12148/bpt6k4158098m/manifest.json'
For more information check: https://developer.mozilla.org/en-US/docs/Web/HTTP/Status/403",2026-07-17T14:29:30.125030
echoalger,bpt6k41580991,,failed,0,0,,http_manifest,known,403,manifest,"Client error '403 ' for url 'https://openapiproext.bnf.fr/iiif/presentation/v3/ark:/12148/bpt6k41580991/manifest.json'
For more information check: https://developer.mozilla.org/en-US/docs/Web/HTTP/Status/403",2026-07-17T14:29:31.324538
echoalger,bpt6k41581007,,failed,0,0,,http_manifest,known,403,manifest,"Client error '403 ' for url 'https://openapiproext.bnf.fr/iiif/presentation/v3/ark:/12148/bpt6k41581007/manifest.json'
For more information check: https://developer.mozilla.org/en-US/docs/Web/HTTP/Status/403",2026-07-17T14:29:32.526316
echoalger,bpt6k4158101n,,failed,0,0,,http_manifest,known,403,manifest,"Client error '403 ' for url 'https://openapiproext.bnf.fr/iiif/presentation/v3/ark:/12148/bpt6k4158101n/manifest.json'
For more information check: https://developer.mozilla.org/en-US/docs/Web/HTTP/Status/403",2026-07-17T14:29:33.728295
echoalger,bpt6k41581022,,failed,0,0,,http_manifest,known,403,manifest,"Client error '403 ' for url 'https://openapiproext.bnf.fr/iiif/presentation/v3/ark:/12148/bpt6k41581022/manifest.json'
For more information check: https://developer.mozilla.org/en-US/docs/Web/HTTP/Status/403",2026-07-17T14:29:34.930666
echoalger,bpt6k4158103g,,failed,0,0,,http_manifest,known,403,manifest,"Client error '403 ' for url 'https://openapiproext.bnf.fr/iiif/presentation/v3/ark:/12148/bpt6k4158103g/manifest.json'
For more information check: https://developer.mozilla.org/en-US/docs/Web/HTTP/Status/403",2026-07-17T14:29:36.132699
echoalger,bpt6k4158104w,,failed,0,0,,http_manifest,known,403,manifest,"Client error '403 ' for url 'https://openapiproext.bnf.fr/iiif/presentation/v3/ark:/12148/bpt6k4158104w/manifest.json'
For more information check: https://developer.mozilla.org/en-US/docs/Web/HTTP/Status/403",2026-07-17T14:29:37.328654
echoalger,bpt6k41581059,,failed,0,0,,http_manifest,known,403,manifest,"Client error '403 ' for url 'https://openapiproext.bnf.fr/iiif/presentation/v3/ark:/12148/bpt6k41581059/manifest.json'
For more information check: https://developer.mozilla.org/en-US/docs/Web/HTTP/Status/403",2026-07-17T14:29:38.530351
echoalger,bpt6k4158106q,,failed,0,0,,http_manifest,known,403,manifest,"Client error '403 ' for url 'https://openapiproext.bnf.fr/iiif/presentation/v3/ark:/12148/bpt6k4158106q/manifest.json'
For more information check: https://developer.mozilla.org/en-US/docs/Web/HTTP/Status/403",2026-07-17T14:29:39.731953
echoalger,bpt6k41581074,,failed,0,0,,http_manifest,known,403,manifest,"Client error '403 ' for url 'https://openapiproext.bnf.fr/iiif/presentation/v3/ark:/12148/bpt6k41581074/manifest.json'
For more information check: https://developer.mozilla.org/en-US/docs/Web/HTTP/Status/403",2026-07-17T14:29:40.935377
echoalger,bpt6k4158108j,,failed,0,0,,http_manifest,known,403,manifest,"Client error '403 ' for url 'https://openapiproext.bnf.fr/iiif/presentation/v3/ark:/12148/bpt6k4158108j/manifest.json'
For more information check: https://developer.mozilla.org/en-US/docs/Web/HTTP/Status/403",2026-07-17T14:29:42.137902
echoalger,bpt6k4158109z,,failed,0,0,,http_manifest,known,403,manifest,"Client error '403 ' for url 'https://openapiproext.bnf.fr/iiif/presentation/v3/ark:/12148/bpt6k4158109z/manifest.json'
For more information check: https://developer.mozilla.org/en-US/docs/Web/HTTP/Status/403",2026-07-17T14:29:43.336905
echoalger,bpt6k4158110m,,failed,0,0,,http_manifest,known,403,manifest,"Client error '403 ' for url 'https://openapiproext.bnf.fr/iiif/presentation/v3/ark:/12148/bpt6k4158110m/manifest.json'
For more information check: https://developer.mozilla.org/en-US/docs/Web/HTTP/Status/403",2026-07-17T14:29:44.542772
echoalger,bpt6k41581111,,failed,0,0,,http_manifest,known,403,manifest,"Client error '403 ' for url 'https://openapiproext.bnf.fr/iiif/presentation/v3/ark:/12148/bpt6k41581111/manifest.json'
For more information check: https://developer.mozilla.org/en-US/docs/Web/HTTP/Status/403",2026-07-17T14:29:45.768593
echoalger,bpt6k4158112f,,failed,0,0,,http_manifest,known,403,manifest,"Client error '403 ' for url 'https://openapiproext.bnf.fr/iiif/presentation/v3/ark:/12148/bpt6k4158112f/manifest.json'
For more information check: https://developer.mozilla.org/en-US/docs/Web/HTTP/Status/403",2026-07-17T14:29:46.943569
echoalger,bpt6k4158113v,,failed,0,0,,http_manifest,known,403,manifest,"Client error '403 ' for url 'https://openapiproext.bnf.fr/iiif/presentation/v3/ark:/12148/bpt6k4158113v/manifest.json'
For more information check: https://developer.mozilla.org/en-US/docs/Web/HTTP/Status/403",2026-07-17T14:29:48.149492
echoalger,bpt6k41581148,,failed,0,0,,http_manifest,known,403,manifest,"Client error '403 ' for url 'https://openapiproext.bnf.fr/iiif/presentation/v3/ark:/12148/bpt6k41581148/manifest.json'
For more information check: https://developer.mozilla.org/en-US/docs/Web/HTTP/Status/403",2026-07-17T14:29:49.346553
echoalger,bpt6k4158115p,,failed,0,0,,http_manifest,known,403,manifest,"Client error '403 ' for url 'https://openapiproext.bnf.fr/iiif/presentation/v3/ark:/12148/bpt6k4158115p/manifest.json'
For more information check: https://developer.mozilla.org/en-US/docs/Web/HTTP/Status/403",2026-07-17T14:29:50.549544
echoalger,bpt6k41581163,,failed,0,0,,http_manifest,known,403,manifest,"Client error '403 ' for url 'https://openapiproext.bnf.fr/iiif/presentation/v3/ark:/12148/bpt6k41581163/manifest.json'
For more information check: https://developer.mozilla.org/en-US/docs/Web/HTTP/Status/403",2026-07-17T14:29:51.746741
echoalger,bpt6k4158117h,,failed,0,0,,http_manifest,known,403,manifest,"Client error '403 ' for url 'https://openapiproext.bnf.fr/iiif/presentation/v3/ark:/12148/bpt6k4158117h/manifest.json'
For more information check: https://developer.mozilla.org/en-US/docs/Web/HTTP/Status/403",2026-07-17T14:29:52.955305
echoalger,bpt6k4158118x,,failed,0,0,,http_manifest,known,403,manifest,"Client error '403 ' for url 'https://openapiproext.bnf.fr/iiif/presentation/v3/ark:/12148/bpt6k4158118x/manifest.json'
For more information check: https://developer.mozilla.org/en-US/docs/Web/HTTP/Status/403",2026-07-17T14:29:54.155545
echoalger,bpt6k4158119b,,failed,0,0,,http_manifest,known,403,manifest,"Client error '403 ' for url 'https://openapiproext.bnf.fr/iiif/presentation/v3/ark:/12148/bpt6k4158119b/manifest.json'
For more information check: https://developer.mozilla.org/en-US/docs/Web/HTTP/Status/403",2026-07-17T14:29:55.362281
echoalger,bpt6k41581200,,failed,0,0,,http_manifest,known,403,manifest,"Client error '403 ' for url 'https://openapiproext.bnf.fr/iiif/presentation/v3/ark:/12148/bpt6k41581200/manifest.json'
For more information check: https://developer.mozilla.org/en-US/docs/Web/HTTP/Status/403",2026-07-17T14:29:56.565531
echoalger,bpt6k4158121d,,failed,0,0,,http_manifest,known,403,manifest,"Client error '403 ' for url 'https://openapiproext.bnf.fr/iiif/presentation/v3/ark:/12148/bpt6k4158121d/manifest.json'
For more information check: https://developer.mozilla.org/en-US/docs/Web/HTTP/Status/403",2026-07-17T14:29:57.795977
echoalger,bpt6k4158122t,,failed,0,0,,http_manifest,known,403,manifest,"Client error '403 ' for url 'https://openapiproext.bnf.fr/iiif/presentation/v3/ark:/12148/bpt6k4158122t/manifest.json'
For more information check: https://developer.mozilla.org/en-US/docs/Web/HTTP/Status/403",2026-07-17T14:29:58.969282
echoalger,bpt6k41581237,,failed,0,0,,http_manifest,known,403,manifest,"Client error '403 ' for url 'https://openapiproext.bnf.fr/iiif/presentation/v3/ark:/12148/bpt6k41581237/manifest.json'
For more information check: https://developer.mozilla.org/en-US/docs/Web/HTTP/Status/403",2026-07-17T14:30:00.165649
echoalger,bpt6k4158124n,,failed,0,0,,http_manifest,known,403,manifest,"Client error '403 ' for url 'https://openapiproext.bnf.fr/iiif/presentation/v3/ark:/12148/bpt6k4158124n/manifest.json'
For more information check: https://developer.mozilla.org/en-US/docs/Web/HTTP/Status/403",2026-07-17T14:30:01.424721
echoalger,bpt6k41581252,,failed,0,0,,http_manifest,known,403,manifest,"Client error '403 ' for url 'https://openapiproext.bnf.fr/iiif/presentation/v3/ark:/12148/bpt6k41581252/manifest.json'
For more information check: https://developer.mozilla.org/en-US/docs/Web/HTTP/Status/403",2026-07-17T14:30:02.570235
echoalger,bpt6k4158126g,,failed,0,0,,http_manifest,known,403,manifest,"Client error '403 ' for url 'https://openapiproext.bnf.fr/iiif/presentation/v3/ark:/12148/bpt6k4158126g/manifest.json'
For more information check: https://developer.mozilla.org/en-US/docs/Web/HTTP/Status/403",2026-07-17T14:30:03.771442
echoalger,bpt6k4158127w,,failed,0,0,,http_manifest,known,403,manifest,"Client error '403 ' for url 'https://openapiproext.bnf.fr/iiif/presentation/v3/ark:/12148/bpt6k4158127w/manifest.json'
For more information check: https://developer.mozilla.org/en-US/docs/Web/HTTP/Status/403",2026-07-17T14:30:05.267397
echoalger,bpt6k41581289,,failed,0,0,,http_manifest,known,403,manifest,"Client error '403 ' for url 'https://openapiproext.bnf.fr/iiif/presentation/v3/ark:/12148/bpt6k41581289/manifest.json'
For more information check: https://developer.mozilla.org/en-US/docs/Web/HTTP/Status/403",2026-07-17T14:30:06.246918
echoalger,bpt6k4158129q,,failed,0,0,,http_manifest,known,403,manifest,"Client error '403 ' for url 'https://openapiproext.bnf.fr/iiif/presentation/v3/ark:/12148/bpt6k4158129q/manifest.json'
For more information check: https://developer.mozilla.org/en-US/docs/Web/HTTP/Status/403",2026-07-17T14:30:07.374974
echoalger,bpt6k4158130c,,failed,0,0,,http_manifest,known,403,manifest,"Client error '403 ' for url 'https://openapiproext.bnf.fr/iiif/presentation/v3/ark:/12148/bpt6k4158130c/manifest.json'
For more information check: https://developer.mozilla.org/en-US/docs/Web/HTTP/Status/403",2026-07-17T14:30:08.579744
echoalger,bpt6k4158131s,,failed,0,0,,http_manifest,known,403,manifest,"Client error '403 ' for url 'https://openapiproext.bnf.fr/iiif/presentation/v3/ark:/12148/bpt6k4158131s/manifest.json'
For more information check: https://developer.mozilla.org/en-US/docs/Web/HTTP/Status/403",2026-07-17T14:30:09.812800
echoalger,bpt6k41581326,,failed,0,0,,http_manifest,known,403,manifest,"Client error '403 ' for url 'https://openapiproext.bnf.fr/iiif/presentation/v3/ark:/12148/bpt6k41581326/manifest.json'
For more information check: https://developer.mozilla.org/en-US/docs/Web/HTTP/Status/403",2026-07-17T14:30:11.217631
echoalger,bpt6k4158133m,,failed,0,0,,http_manifest,known,403,manifest,"Client error '403 ' for url 'https://openapiproext.bnf.fr/iiif/presentation/v3/ark:/12148/bpt6k4158133m/manifest.json'
For more information check: https://developer.mozilla.org/en-US/docs/Web/HTTP/Status/403",2026-07-17T14:30:12.211998
echoalger,bpt6k41581341,,failed,0,0,,http_manifest,known,403,manifest,"Client error '403 ' for url 'https://openapiproext.bnf.fr/iiif/presentation/v3/ark:/12148/bpt6k41581341/manifest.json'
For more information check: https://developer.mozilla.org/en-US/docs/Web/HTTP/Status/403",2026-07-17T14:30:13.638806
echoalger,bpt6k4158135f,,failed,0,0,,http_manifest,known,403,manifest,"Client error '403 ' for url 'https://openapiproext.bnf.fr/iiif/presentation/v3/ark:/12148/bpt6k4158135f/manifest.json'
For more information check: https://developer.mozilla.org/en-US/docs/Web/HTTP/Status/403",2026-07-17T14:30:14.714933
echoalger,bpt6k4158136v,,failed,0,0,,http_manifest,known,403,manifest,"Client error '403 ' for url 'https://openapiproext.bnf.fr/iiif/presentation/v3/ark:/12148/bpt6k4158136v/manifest.json'
For more information check: https://developer.mozilla.org/en-US/docs/Web/HTTP/Status/403",2026-07-17T14:30:15.995807
echoalger,bpt6k41581378,,failed,0,0,,http_manifest,known,403,manifest,"Client error '403 ' for url 'https://openapiproext.bnf.fr/iiif/presentation/v3/ark:/12148/bpt6k41581378/manifest.json'
For more information check: https://developer.mozilla.org/en-US/docs/Web/HTTP/Status/403",2026-07-17T14:30:16.999396
echoalger,bpt6k4158138p,,failed,0,0,,http_manifest,known,403,manifest,"Client error '403 ' for url 'https://openapiproext.bnf.fr/iiif/presentation/v3/ark:/12148/bpt6k4158138p/manifest.json'
For more information check: https://developer.mozilla.org/en-US/docs/Web/HTTP/Status/403",2026-07-17T14:30:18.437225
echoalger,bpt6k41581393,,failed,0,0,,http_manifest,known,403,manifest,"Client error '403 ' for url 'https://openapiproext.bnf.fr/iiif/presentation/v3/ark:/12148/bpt6k41581393/manifest.json'
For more information check: https://developer.mozilla.org/en-US/docs/Web/HTTP/Status/403",2026-07-17T14:30:19.479228
echoalger,bpt6k4158140r,,failed,0,0,,http_manifest,known,403,manifest,"Client error '403 ' for url 'https://openapiproext.bnf.fr/iiif/presentation/v3/ark:/12148/bpt6k4158140r/manifest.json'
For more information check: https://developer.mozilla.org/en-US/docs/Web/HTTP/Status/403",2026-07-17T14:30:20.599939
echoalger,bpt6k41581415,,failed,0,0,,http_manifest,known,403,manifest,"Client error '403 ' for url 'https://openapiproext.bnf.fr/iiif/presentation/v3/ark:/12148/bpt6k41581415/manifest.json'
For more information check: https://developer.mozilla.org/en-US/docs/Web/HTTP/Status/403",2026-07-17T14:30:21.797435
echoalger,bpt6k4158142k,,failed,0,0,,http_manifest,known,403,manifest,"Client error '403 ' for url 'https://openapiproext.bnf.fr/iiif/presentation/v3/ark:/12148/bpt6k4158142k/manifest.json'
For more information check: https://developer.mozilla.org/en-US/docs/Web/HTTP/Status/403",2026-07-17T14:30:23.000007
echoalger,bpt6k41581430,,failed,0,0,,http_manifest,known,403,manifest,"Client error '403 ' for url 'https://openapiproext.bnf.fr/iiif/presentation/v3/ark:/12148/bpt6k41581430/manifest.json'
For more information check: https://developer.mozilla.org/en-US/docs/Web/HTTP/Status/403",2026-07-17T14:30:24.200023
echoalger,bpt6k4158144d,,failed,0,0,,http_manifest,known,403,manifest,"Client error '403 ' for url 'https://openapiproext.bnf.fr/iiif/presentation/v3/ark:/12148/bpt6k4158144d/manifest.json'
For more information check: https://developer.mozilla.org/en-US/docs/Web/HTTP/Status/403",2026-07-17T14:30:25.404689
echoalger,bpt6k4158145t,,failed,0,0,,http_manifest,known,403,manifest,"Client error '403 ' for url 'https://openapiproext.bnf.fr/iiif/presentation/v3/ark:/12148/bpt6k4158145t/manifest.json'
For more information check: https://developer.mozilla.org/en-US/docs/Web/HTTP/Status/403",2026-07-17T14:30:26.607198
echoalger,bpt6k41581467,,failed,0,0,,http_manifest,known,403,manifest,"Client error '403 ' for url 'https://openapiproext.bnf.fr/iiif/presentation/v3/ark:/12148/bpt6k41581467/manifest.json'
For more information check: https://developer.mozilla.org/en-US/docs/Web/HTTP/Status/403",2026-07-17T14:30:27.836215
echoalger,bpt6k4158147n,,failed,0,0,,http_manifest,known,403,manifest,"Client error '403 ' for url 'https://openapiproext.bnf.fr/iiif/presentation/v3/ark:/12148/bpt6k4158147n/manifest.json'
For more information check: https://developer.mozilla.org/en-US/docs/Web/HTTP/Status/403",2026-07-17T14:30:29.014218
echoalger,bpt6k41581482,,failed,0,0,,http_manifest,known,403,manifest,"Client error '403 ' for url 'https://openapiproext.bnf.fr/iiif/presentation/v3/ark:/12148/bpt6k41581482/manifest.json'
For more information check: https://developer.mozilla.org/en-US/docs/Web/HTTP/Status/403",2026-07-17T14:30:30.215939
echoalger,bpt6k4158149g,,failed,0,0,,http_manifest,known,403,manifest,"Client error '403 ' for url 'https://openapiproext.bnf.fr/iiif/presentation/v3/ark:/12148/bpt6k4158149g/manifest.json'
For more information check: https://developer.mozilla.org/en-US/docs/Web/HTTP/Status/403",2026-07-17T14:30:31.415904
echoalger,bpt6k41581504,,failed,0,0,,http_manifest,known,403,manifest,"Client error '403 ' for url 'https://openapiproext.bnf.fr/iiif/presentation/v3/ark:/12148/bpt6k41581504/manifest.json'
For more information check: https://developer.mozilla.org/en-US/docs/Web/HTTP/Status/403",2026-07-17T14:30:32.633722
echoalger,bpt6k4158151j,,failed,0,0,,http_manifest,known,403,manifest,"Client error '403 ' for url 'https://openapiproext.bnf.fr/iiif/presentation/v3/ark:/12148/bpt6k4158151j/manifest.json'
For more information check: https://developer.mozilla.org/en-US/docs/Web/HTTP/Status/403",2026-07-17T14:30:33.815747
echoalger,bpt6k4158152z,,failed,0,0,,http_manifest,known,403,manifest,"Client error '403 ' for url 'https://openapiproext.bnf.fr/iiif/presentation/v3/ark:/12148/bpt6k4158152z/manifest.json'
For more information check: https://developer.mozilla.org/en-US/docs/Web/HTTP/Status/403",2026-07-17T14:30:35.017551
echoalger,bpt6k4158153c,,failed,0,0,,http_manifest,known,403,manifest,"Client error '403 ' for url 'https://openapiproext.bnf.fr/iiif/presentation/v3/ark:/12148/bpt6k4158153c/manifest.json'
For more information check: https://developer.mozilla.org/en-US/docs/Web/HTTP/Status/403",2026-07-17T14:30:36.222078
echoalger,bpt6k4158154s,,failed,0,0,,http_manifest,known,403,manifest,"Client error '403 ' for url 'https://openapiproext.bnf.fr/iiif/presentation/v3/ark:/12148/bpt6k4158154s/manifest.json'
For more information check: https://developer.mozilla.org/en-US/docs/Web/HTTP/Status/403",2026-07-17T14:30:37.423167
echoalger,bpt6k41581556,,failed,0,0,,http_manifest,known,403,manifest,"Client error '403 ' for url 'https://openapiproext.bnf.fr/iiif/presentation/v3/ark:/12148/bpt6k41581556/manifest.json'
For more information check: https://developer.mozilla.org/en-US/docs/Web/HTTP/Status/403",2026-07-17T14:30:38.627483
echoalger,bpt6k4158156m,,failed,0,0,,http_manifest,known,403,manifest,"Client error '403 ' for url 'https://openapiproext.bnf.fr/iiif/presentation/v3/ark:/12148/bpt6k4158156m/manifest.json'
For more information check: https://developer.mozilla.org/en-US/docs/Web/HTTP/Status/403",2026-07-17T14:30:39.847342
echoalger,bpt6k41581571,,failed,0,0,,http_manifest,known,403,manifest,"Client error '403 ' for url 'https://openapiproext.bnf.fr/iiif/presentation/v3/ark:/12148/bpt6k41581571/manifest.json'
For more information check: https://developer.mozilla.org/en-US/docs/Web/HTTP/Status/403",2026-07-17T14:30:41.026920
echoalger,bpt6k4158158f,,failed,0,0,,http_manifest,known,403,manifest,"Client error '403 ' for url 'https://openapiproext.bnf.fr/iiif/presentation/v3/ark:/12148/bpt6k4158158f/manifest.json'
For more information check: https://developer.mozilla.org/en-US/docs/Web/HTTP/Status/403",2026-07-17T14:30:42.227070
echoalger,bpt6k4158159v,,failed,0,0,,http_manifest,known,403,manifest,"Client error '403 ' for url 'https://openapiproext.bnf.fr/iiif/presentation/v3/ark:/12148/bpt6k4158159v/manifest.json'
For more information check: https://developer.mozilla.org/en-US/docs/Web/HTTP/Status/403",2026-07-17T14:30:43.430888
echoalger,bpt6k4158160h,,failed,0,0,,http_manifest,known,403,manifest,"Client error '403 ' for url 'https://openapiproext.bnf.fr/iiif/presentation/v3/ark:/12148/bpt6k4158160h/manifest.json'
For more information check: https://developer.mozilla.org/en-US/docs/Web/HTTP/Status/403",2026-07-17T14:30:44.631633
echoalger,bpt6k4158161x,,failed,0,0,,http_manifest,known,403,manifest,"Client error '403 ' for url 'https://openapiproext.bnf.fr/iiif/presentation/v3/ark:/12148/bpt6k4158161x/manifest.json'
For more information check: https://developer.mozilla.org/en-US/docs/Web/HTTP/Status/403",2026-07-17T14:30:45.867667
echoalger,bpt6k4158162b,,failed,0,0,,http_manifest,known,403,manifest,"Client error '403 ' for url 'https://openapiproext.bnf.fr/iiif/presentation/v3/ark:/12148/bpt6k4158162b/manifest.json'
For more information check: https://developer.mozilla.org/en-US/docs/Web/HTTP/Status/403",2026-07-17T14:30:47.036953
echoalger,bpt6k4158163r,,failed,0,0,,http_manifest,known,403,manifest,"Client error '403 ' for url 'https://openapiproext.bnf.fr/iiif/presentation/v3/ark:/12148/bpt6k4158163r/manifest.json'
For more information check: https://developer.mozilla.org/en-US/docs/Web/HTTP/Status/403",2026-07-17T14:30:48.240312
echoalger,bpt6k41581645,,failed,0,0,,http_manifest,known,403,manifest,"Client error '403 ' for url 'https://openapiproext.bnf.fr/iiif/presentation/v3/ark:/12148/bpt6k41581645/manifest.json'
For more information check: https://developer.mozilla.org/en-US/docs/Web/HTTP/Status/403",2026-07-17T14:30:49.438684
echoalger,bpt6k4158165k,,failed,0,0,,http_manifest,known,403,manifest,"Client error '403 ' for url 'https://openapiproext.bnf.fr/iiif/presentation/v3/ark:/12148/bpt6k4158165k/manifest.json'
For more information check: https://developer.mozilla.org/en-US/docs/Web/HTTP/Status/403",2026-07-17T14:30:50.640919
echoalger,bpt6k41581660,,failed,0,0,,http_manifest,known,403,manifest,"Client error '403 ' for url 'https://openapiproext.bnf.fr/iiif/presentation/v3/ark:/12148/bpt6k41581660/manifest.json'
For more information check: https://developer.mozilla.org/en-US/docs/Web/HTTP/Status/403",2026-07-17T14:30:51.844060
echoalger,bpt6k4158167d,,failed,0,0,,http_manifest,known,403,manifest,"Client error '403 ' for url 'https://openapiproext.bnf.fr/iiif/presentation/v3/ark:/12148/bpt6k4158167d/manifest.json'
For more information check: https://developer.mozilla.org/en-US/docs/Web/HTTP/Status/403",2026-07-17T14:30:53.052762
echoalger,bpt6k4158168t,,failed,0,0,,http_manifest,known,403,manifest,"Client error '403 ' for url 'https://openapiproext.bnf.fr/iiif/presentation/v3/ark:/12148/bpt6k4158168t/manifest.json'
For more information check: https://developer.mozilla.org/en-US/docs/Web/HTTP/Status/403",2026-07-17T14:30:54.249678
echoalger,bpt6k41581697,,failed,0,0,,http_manifest,known,403,manifest,"Client error '403 ' for url 'https://openapiproext.bnf.fr/iiif/presentation/v3/ark:/12148/bpt6k41581697/manifest.json'
For more information check: https://developer.mozilla.org/en-US/docs/Web/HTTP/Status/403",2026-07-17T14:30:55.445513
echoalger,bpt6k4158170w,,failed,0,0,,http_manifest,known,403,manifest,"Client error '403 ' for url 'https://openapiproext.bnf.fr/iiif/presentation/v3/ark:/12148/bpt6k4158170w/manifest.json'
For more information check: https://developer.mozilla.org/en-US/docs/Web/HTTP/Status/403",2026-07-17T14:30:56.651649
echoalger,bpt6k41581719,,failed,0,0,,http_manifest,known,403,manifest,"Client error '403 ' for url 'https://openapiproext.bnf.fr/iiif/presentation/v3/ark:/12148/bpt6k41581719/manifest.json'
For more information check: https://developer.mozilla.org/en-US/docs/Web/HTTP/Status/403",2026-07-17T14:30:58.090720
echoalger,bpt6k4158172q,,failed,0,0,,http_manifest,known,403,manifest,"Client error '403 ' for url 'https://openapiproext.bnf.fr/iiif/presentation/v3/ark:/12148/bpt6k4158172q/manifest.json'
For more information check: https://developer.mozilla.org/en-US/docs/Web/HTTP/Status/403",2026-07-17T14:30:59.051845
echoalger,bpt6k41581734,,failed,0,0,,http_manifest,known,403,manifest,"Client error '403 ' for url 'https://openapiproext.bnf.fr/iiif/presentation/v3/ark:/12148/bpt6k41581734/manifest.json'
For more information check: https://developer.mozilla.org/en-US/docs/Web/HTTP/Status/403",2026-07-17T14:31:00.264757
echoalger,bpt6k4158174j,,failed,0,0,,http_manifest,known,403,manifest,"Client error '403 ' for url 'https://openapiproext.bnf.fr/iiif/presentation/v3/ark:/12148/bpt6k4158174j/manifest.json'
For more information check: https://developer.mozilla.org/en-US/docs/Web/HTTP/Status/403",2026-07-17T14:31:01.651975
echoalger,bpt6k4158175z,,failed,0,0,,http_manifest,known,403,manifest,"Client error '403 ' for url 'https://openapiproext.bnf.fr/iiif/presentation/v3/ark:/12148/bpt6k4158175z/manifest.json'
For more information check: https://developer.mozilla.org/en-US/docs/Web/HTTP/Status/403",2026-07-17T14:31:02.671681
echoalger,bpt6k4158176c,,failed,0,0,,http_manifest,known,403,manifest,"Client error '403 ' for url 'https://openapiproext.bnf.fr/iiif/presentation/v3/ark:/12148/bpt6k4158176c/manifest.json'
For more information check: https://developer.mozilla.org/en-US/docs/Web/HTTP/Status/403",2026-07-17T14:31:03.954352
echoalger,bpt6k4158177s,,failed,0,0,,http_manifest,known,403,manifest,"Client error '403 ' for url 'https://openapiproext.bnf.fr/iiif/presentation/v3/ark:/12148/bpt6k4158177s/manifest.json'
For more information check: https://developer.mozilla.org/en-US/docs/Web/HTTP/Status/403",2026-07-17T14:31:05.296454
echoalger,bpt6k41581786,,failed,0,0,,http_manifest,known,403,manifest,"Client error '403 ' for url 'https://openapiproext.bnf.fr/iiif/presentation/v3/ark:/12148/bpt6k41581786/manifest.json'
For more information check: https://developer.mozilla.org/en-US/docs/Web/HTTP/Status/403",2026-07-17T14:31:06.349908
echoalger,bpt6k4158179m,,failed,0,0,,http_manifest,known,403,manifest,"Client error '403 ' for url 'https://openapiproext.bnf.fr/iiif/presentation/v3/ark:/12148/bpt6k4158179m/manifest.json'
For more information check: https://developer.mozilla.org/en-US/docs/Web/HTTP/Status/403",2026-07-17T14:31:07.611464
echoalger,bpt6k41581808,,failed,0,0,,http_manifest,known,403,manifest,"Client error '403 ' for url 'https://openapiproext.bnf.fr/iiif/presentation/v3/ark:/12148/bpt6k41581808/manifest.json'
For more information check: https://developer.mozilla.org/en-US/docs/Web/HTTP/Status/403",2026-07-17T14:31:08.764441
echoalger,bpt6k4158181p,,failed,0,0,,http_manifest,known,403,manifest,"Client error '403 ' for url 'https://openapiproext.bnf.fr/iiif/presentation/v3/ark:/12148/bpt6k4158181p/manifest.json'
For more information check: https://developer.mozilla.org/en-US/docs/Web/HTTP/Status/403",2026-07-17T14:31:09.953484
echoalger,bpt6k41581823,,failed,0,0,,http_manifest,known,403,manifest,"Client error '403 ' for url 'https://openapiproext.bnf.fr/iiif/presentation/v3/ark:/12148/bpt6k41581823/manifest.json'
For more information check: https://developer.mozilla.org/en-US/docs/Web/HTTP/Status/403",2026-07-17T14:31:11.069927
echoalger,bpt6k4158183h,,failed,0,0,,http_manifest,known,403,manifest,"Client error '403 ' for url 'https://openapiproext.bnf.fr/iiif/presentation/v3/ark:/12148/bpt6k4158183h/manifest.json'
For more information check: https://developer.mozilla.org/en-US/docs/Web/HTTP/Status/403",2026-07-17T14:31:12.272100
echoalger,bpt6k4158184x,,failed,0,0,,http_manifest,known,403,manifest,"Client error '403 ' for url 'https://openapiproext.bnf.fr/iiif/presentation/v3/ark:/12148/bpt6k4158184x/manifest.json'
For more information check: https://developer.mozilla.org/en-US/docs/Web/HTTP/Status/403",2026-07-17T14:31:13.477726
echoalger,bpt6k4158185b,,failed,0,0,,http_manifest,known,403,manifest,"Client error '403 ' for url 'https://openapiproext.bnf.fr/iiif/presentation/v3/ark:/12148/bpt6k4158185b/manifest.json'
For more information check: https://developer.mozilla.org/en-US/docs/Web/HTTP/Status/403",2026-07-17T14:31:14.888232
echoalger,bpt6k4158186r,,failed,0,0,,http_manifest,known,403,manifest,"Client error '403 ' for url 'https://openapiproext.bnf.fr/iiif/presentation/v3/ark:/12148/bpt6k4158186r/manifest.json'
For more information check: https://developer.mozilla.org/en-US/docs/Web/HTTP/Status/403",2026-07-17T14:31:15.918180
echoalger,bpt6k41581875,,failed,0,0,,http_manifest,known,403,manifest,"Client error '403 ' for url 'https://openapiproext.bnf.fr/iiif/presentation/v3/ark:/12148/bpt6k41581875/manifest.json'
For more information check: https://developer.mozilla.org/en-US/docs/Web/HTTP/Status/403",2026-07-17T14:31:17.078381
echoalger,bpt6k4158188k,,failed,0,0,,http_manifest,known,403,manifest,"Client error '403 ' for url 'https://openapiproext.bnf.fr/iiif/presentation/v3/ark:/12148/bpt6k4158188k/manifest.json'
For more information check: https://developer.mozilla.org/en-US/docs/Web/HTTP/Status/403",2026-07-17T14:31:18.281426
echoalger,bpt6k41581890,,failed,0,0,,http_manifest,known,403,manifest,"Client error '403 ' for url 'https://openapiproext.bnf.fr/iiif/presentation/v3/ark:/12148/bpt6k41581890/manifest.json'
For more information check: https://developer.mozilla.org/en-US/docs/Web/HTTP/Status/403",2026-07-17T14:31:19.482333
echoalger,bpt6k4158190n,,failed,0,0,,http_manifest,known,403,manifest,"Client error '403 ' for url 'https://openapiproext.bnf.fr/iiif/presentation/v3/ark:/12148/bpt6k4158190n/manifest.json'
For more information check: https://developer.mozilla.org/en-US/docs/Web/HTTP/Status/403",2026-07-17T14:31:20.683474
echoalger,bpt6k41581912,,failed,0,0,,http_manifest,known,403,manifest,"Client error '403 ' for url 'https://openapiproext.bnf.fr/iiif/presentation/v3/ark:/12148/bpt6k41581912/manifest.json'
For more information check: https://developer.mozilla.org/en-US/docs/Web/HTTP/Status/403",2026-07-17T14:31:21.891444
echoalger,bpt6k4158192g,,failed,0,0,,http_manifest,known,403,manifest,"Client error '403 ' for url 'https://openapiproext.bnf.fr/iiif/presentation/v3/ark:/12148/bpt6k4158192g/manifest.json'
For more information check: https://developer.mozilla.org/en-US/docs/Web/HTTP/Status/403",2026-07-17T14:31:23.084594
echoalger,bpt6k4158193w,,failed,0,0,,http_manifest,known,403,manifest,"Client error '403 ' for url 'https://openapiproext.bnf.fr/iiif/presentation/v3/ark:/12148/bpt6k4158193w/manifest.json'
For more information check: https://developer.mozilla.org/en-US/docs/Web/HTTP/Status/403",2026-07-17T14:31:24.283932
echoalger,bpt6k41581949,,failed,0,0,,http_manifest,known,403,manifest,"Client error '403 ' for url 'https://openapiproext.bnf.fr/iiif/presentation/v3/ark:/12148/bpt6k41581949/manifest.json'
For more information check: https://developer.mozilla.org/en-US/docs/Web/HTTP/Status/403",2026-07-17T14:31:25.487389
echoalger,bpt6k4158195q,,failed,0,0,,http_manifest,known,403,manifest,"Client error '403 ' for url 'https://openapiproext.bnf.fr/iiif/presentation/v3/ark:/12148/bpt6k4158195q/manifest.json'
For more information check: https://developer.mozilla.org/en-US/docs/Web/HTTP/Status/403",2026-07-17T14:31:26.685951
echoalger,bpt6k41581964,,failed,0,0,,http_manifest,known,403,manifest,"Client error '403 ' for url 'https://openapiproext.bnf.fr/iiif/presentation/v3/ark:/12148/bpt6k41581964/manifest.json'
For more information check: https://developer.mozilla.org/en-US/docs/Web/HTTP/Status/403",2026-07-17T14:31:27.915662
echoalger,bpt6k4158197j,,failed,0,0,,http_manifest,known,403,manifest,"Client error '403 ' for url 'https://openapiproext.bnf.fr/iiif/presentation/v3/ark:/12148/bpt6k4158197j/manifest.json'
For more information check: https://developer.mozilla.org/en-US/docs/Web/HTTP/Status/403",2026-07-17T14:31:29.089200
echoalger,bpt6k4158198z,,failed,0,0,,http_manifest,known,403,manifest,"Client error '403 ' for url 'https://openapiproext.bnf.fr/iiif/presentation/v3/ark:/12148/bpt6k4158198z/manifest.json'
For more information check: https://developer.mozilla.org/en-US/docs/Web/HTTP/Status/403",2026-07-17T14:31:30.295312
echoalger,bpt6k4158199c,,failed,0,0,,http_manifest,known,403,manifest,"Client error '403 ' for url 'https://openapiproext.bnf.fr/iiif/presentation/v3/ark:/12148/bpt6k4158199c/manifest.json'
For more information check: https://developer.mozilla.org/en-US/docs/Web/HTTP/Status/403",2026-07-17T14:31:31.495422
echoalger,bpt6k4158200k,,failed,0,0,,http_manifest,known,403,manifest,"Client error '403 ' for url 'https://openapiproext.bnf.fr/iiif/presentation/v3/ark:/12148/bpt6k4158200k/manifest.json'
For more information check: https://developer.mozilla.org/en-US/docs/Web/HTTP/Status/403",2026-07-17T14:31:32.696174
echoalger,bpt6k41582010,,failed,0,0,,http_manifest,known,403,manifest,"Client error '403 ' for url 'https://openapiproext.bnf.fr/iiif/presentation/v3/ark:/12148/bpt6k41582010/manifest.json'
For more information check: https://developer.mozilla.org/en-US/docs/Web/HTTP/Status/403",2026-07-17T14:31:33.899802
echoalger,bpt6k4158202d,,failed,0,0,,http_manifest,known,403,manifest,"Client error '403 ' for url 'https://openapiproext.bnf.fr/iiif/presentation/v3/ark:/12148/bpt6k4158202d/manifest.json'
For more information check: https://developer.mozilla.org/en-US/docs/Web/HTTP/Status/403",2026-07-17T14:31:35.101209
echoalger,bpt6k4158203t,,failed,0,0,,http_manifest,known,403,manifest,"Client error '403 ' for url 'https://openapiproext.bnf.fr/iiif/presentation/v3/ark:/12148/bpt6k4158203t/manifest.json'
For more information check: https://developer.mozilla.org/en-US/docs/Web/HTTP/Status/403",2026-07-17T14:31:36.303330
echoalger,bpt6k41582047,,failed,0,0,,http_manifest,known,403,manifest,"Client error '403 ' for url 'https://openapiproext.bnf.fr/iiif/presentation/v3/ark:/12148/bpt6k41582047/manifest.json'
For more information check: https://developer.mozilla.org/en-US/docs/Web/HTTP/Status/403",2026-07-17T14:31:37.503217
echoalger,bpt6k4158205n,,failed,0,0,,http_manifest,known,403,manifest,"Client error '403 ' for url 'https://openapiproext.bnf.fr/iiif/presentation/v3/ark:/12148/bpt6k4158205n/manifest.json'
For more information check: https://developer.mozilla.org/en-US/docs/Web/HTTP/Status/403",2026-07-17T14:31:38.707263
echoalger,bpt6k41582062,,failed,0,0,,http_manifest,known,403,manifest,"Client error '403 ' for url 'https://openapiproext.bnf.fr/iiif/presentation/v3/ark:/12148/bpt6k41582062/manifest.json'
For more information check: https://developer.mozilla.org/en-US/docs/Web/HTTP/Status/403",2026-07-17T14:31:39.932099
echoalger,bpt6k4158207g,,failed,0,0,,http_manifest,known,403,manifest,"Client error '403 ' for url 'https://openapiproext.bnf.fr/iiif/presentation/v3/ark:/12148/bpt6k4158207g/manifest.json'
For more information check: https://developer.mozilla.org/en-US/docs/Web/HTTP/Status/403",2026-07-17T14:31:41.110023
echoalger,bpt6k4158208w,,failed,0,0,,http_manifest,known,403,manifest,"Client error '403 ' for url 'https://openapiproext.bnf.fr/iiif/presentation/v3/ark:/12148/bpt6k4158208w/manifest.json'
For more information check: https://developer.mozilla.org/en-US/docs/Web/HTTP/Status/403",2026-07-17T14:31:42.310667
echoalger,bpt6k41582099,,failed,0,0,,http_manifest,known,403,manifest,"Client error '403 ' for url 'https://openapiproext.bnf.fr/iiif/presentation/v3/ark:/12148/bpt6k41582099/manifest.json'
For more information check: https://developer.mozilla.org/en-US/docs/Web/HTTP/Status/403",2026-07-17T14:31:43.510497
echoalger,bpt6k4158210z,,failed,0,0,,http_manifest,known,403,manifest,"Client error '403 ' for url 'https://openapiproext.bnf.fr/iiif/presentation/v3/ark:/12148/bpt6k4158210z/manifest.json'
For more information check: https://developer.mozilla.org/en-US/docs/Web/HTTP/Status/403",2026-07-17T14:31:44.714407
echoalger,bpt6k4158211c,,failed,0,0,,http_manifest,known,403,manifest,"Client error '403 ' for url 'https://openapiproext.bnf.fr/iiif/presentation/v3/ark:/12148/bpt6k4158211c/manifest.json'
For more information check: https://developer.mozilla.org/en-US/docs/Web/HTTP/Status/403",2026-07-17T14:31:45.925375
echoalger,bpt6k4158212s,,failed,0,0,,http_manifest,known,403,manifest,"Client error '403 ' for url 'https://openapiproext.bnf.fr/iiif/presentation/v3/ark:/12148/bpt6k4158212s/manifest.json'
For more information check: https://developer.mozilla.org/en-US/docs/Web/HTTP/Status/403",2026-07-17T14:31:47.121724
echoalger,bpt6k41582136,,failed,0,0,,http_manifest,known,403,manifest,"Client error '403 ' for url 'https://openapiproext.bnf.fr/iiif/presentation/v3/ark:/12148/bpt6k41582136/manifest.json'
For more information check: https://developer.mozilla.org/en-US/docs/Web/HTTP/Status/403",2026-07-17T14:31:48.329121
echoalger,bpt6k4158214m,,failed,0,0,,http_manifest,known,403,manifest,"Client error '403 ' for url 'https://openapiproext.bnf.fr/iiif/presentation/v3/ark:/12148/bpt6k4158214m/manifest.json'
For more information check: https://developer.mozilla.org/en-US/docs/Web/HTTP/Status/403",2026-07-17T14:31:49.521888
echoalger,bpt6k41582151,,failed,0,0,,http_manifest,known,403,manifest,"Client error '403 ' for url 'https://openapiproext.bnf.fr/iiif/presentation/v3/ark:/12148/bpt6k41582151/manifest.json'
For more information check: https://developer.mozilla.org/en-US/docs/Web/HTTP/Status/403",2026-07-17T14:31:50.726273
echoalger,bpt6k4158216f,,failed,0,0,,http_manifest,known,403,manifest,"Client error '403 ' for url 'https://openapiproext.bnf.fr/iiif/presentation/v3/ark:/12148/bpt6k4158216f/manifest.json'
For more information check: https://developer.mozilla.org/en-US/docs/Web/HTTP/Status/403",2026-07-17T14:31:51.926107
echoalger,bpt6k4158217v,,failed,0,0,,http_manifest,known,403,manifest,"Client error '403 ' for url 'https://openapiproext.bnf.fr/iiif/presentation/v3/ark:/12148/bpt6k4158217v/manifest.json'
For more information check: https://developer.mozilla.org/en-US/docs/Web/HTTP/Status/403",2026-07-17T14:31:53.133186
echoalger,bpt6k41582188,,failed,0,0,,http_manifest,known,403,manifest,"Client error '403 ' for url 'https://openapiproext.bnf.fr/iiif/presentation/v3/ark:/12148/bpt6k41582188/manifest.json'
For more information check: https://developer.mozilla.org/en-US/docs/Web/HTTP/Status/403",2026-07-17T14:31:54.329550
echoalger,bpt6k4158219p,,failed,0,0,,http_manifest,known,403,manifest,"Client error '403 ' for url 'https://openapiproext.bnf.fr/iiif/presentation/v3/ark:/12148/bpt6k4158219p/manifest.json'
For more information check: https://developer.mozilla.org/en-US/docs/Web/HTTP/Status/403",2026-07-17T14:31:55.535635
echoalger,bpt6k4158220b,,failed,0,0,,http_manifest,known,403,manifest,"Client error '403 ' for url 'https://openapiproext.bnf.fr/iiif/presentation/v3/ark:/12148/bpt6k4158220b/manifest.json'
For more information check: https://developer.mozilla.org/en-US/docs/Web/HTTP/Status/403",2026-07-17T14:31:56.759541
echoalger,bpt6k4158221r,,failed,0,0,,http_manifest,known,403,manifest,"Client error '403 ' for url 'https://openapiproext.bnf.fr/iiif/presentation/v3/ark:/12148/bpt6k4158221r/manifest.json'
For more information check: https://developer.mozilla.org/en-US/docs/Web/HTTP/Status/403",2026-07-17T14:31:58.010728
echoalger,bpt6k41582225,,failed,0,0,,http_manifest,known,403,manifest,"Client error '403 ' for url 'https://openapiproext.bnf.fr/iiif/presentation/v3/ark:/12148/bpt6k41582225/manifest.json'
For more information check: https://developer.mozilla.org/en-US/docs/Web/HTTP/Status/403",2026-07-17T14:31:59.277371
echoalger,bpt6k4158223k,,failed,0,0,,http_manifest,known,403,manifest,"Client error '403 ' for url 'https://openapiproext.bnf.fr/iiif/presentation/v3/ark:/12148/bpt6k4158223k/manifest.json'
For more information check: https://developer.mozilla.org/en-US/docs/Web/HTTP/Status/403",2026-07-17T14:32:00.519770
echoalger,bpt6k41582240,,failed,0,0,,http_manifest,known,403,manifest,"Client error '403 ' for url 'https://openapiproext.bnf.fr/iiif/presentation/v3/ark:/12148/bpt6k41582240/manifest.json'
For more information check: https://developer.mozilla.org/en-US/docs/Web/HTTP/Status/403",2026-07-17T14:32:01.633734
echoalger,bpt6k4158225d,,failed,0,0,,http_manifest,known,403,manifest,"Client error '403 ' for url 'https://openapiproext.bnf.fr/iiif/presentation/v3/ark:/12148/bpt6k4158225d/manifest.json'
For more information check: https://developer.mozilla.org/en-US/docs/Web/HTTP/Status/403",2026-07-17T14:32:02.740763
echoalger,bpt6k4158226t,,failed,0,0,,http_manifest,known,403,manifest,"Client error '403 ' for url 'https://openapiproext.bnf.fr/iiif/presentation/v3/ark:/12148/bpt6k4158226t/manifest.json'
For more information check: https://developer.mozilla.org/en-US/docs/Web/HTTP/Status/403",2026-07-17T14:32:04.076906
echoalger,bpt6k41582277,,failed,0,0,,http_manifest,known,403,manifest,"Client error '403 ' for url 'https://openapiproext.bnf.fr/iiif/presentation/v3/ark:/12148/bpt6k41582277/manifest.json'
For more information check: https://developer.mozilla.org/en-US/docs/Web/HTTP/Status/403",2026-07-17T14:32:05.325935
echoalger,bpt6k4158228n,,failed,0,0,,http_manifest,known,403,manifest,"Client error '403 ' for url 'https://openapiproext.bnf.fr/iiif/presentation/v3/ark:/12148/bpt6k4158228n/manifest.json'
For more information check: https://developer.mozilla.org/en-US/docs/Web/HTTP/Status/403",2026-07-17T14:32:06.537999
echoalger,bpt6k41582292,,failed,0,0,,http_manifest,known,403,manifest,"Client error '403 ' for url 'https://openapiproext.bnf.fr/iiif/presentation/v3/ark:/12148/bpt6k41582292/manifest.json'
For more information check: https://developer.mozilla.org/en-US/docs/Web/HTTP/Status/403",2026-07-17T14:32:07.548182
echoalger,bpt6k4158230q,,failed,0,0,,http_manifest,known,403,manifest,"Client error '403 ' for url 'https://openapiproext.bnf.fr/iiif/presentation/v3/ark:/12148/bpt6k4158230q/manifest.json'
For more information check: https://developer.mozilla.org/en-US/docs/Web/HTTP/Status/403",2026-07-17T14:32:08.839040
echoalger,bpt6k41582314,,failed,0,0,,http_manifest,known,403,manifest,"Client error '403 ' for url 'https://openapiproext.bnf.fr/iiif/presentation/v3/ark:/12148/bpt6k41582314/manifest.json'
For more information check: https://developer.mozilla.org/en-US/docs/Web/HTTP/Status/403",2026-07-17T14:32:09.949110
echoalger,bpt6k4158232j,,failed,0,0,,http_manifest,known,403,manifest,"Client error '403 ' for url 'https://openapiproext.bnf.fr/iiif/presentation/v3/ark:/12148/bpt6k4158232j/manifest.json'
For more information check: https://developer.mozilla.org/en-US/docs/Web/HTTP/Status/403",2026-07-17T14:32:11.191725
echoalger,bpt6k4158233z,,failed,0,0,,http_manifest,known,403,manifest,"Client error '403 ' for url 'https://openapiproext.bnf.fr/iiif/presentation/v3/ark:/12148/bpt6k4158233z/manifest.json'
For more information check: https://developer.mozilla.org/en-US/docs/Web/HTTP/Status/403",2026-07-17T14:32:12.514951
echoalger,bpt6k4158234c,,failed,0,0,,http_manifest,known,403,manifest,"Client error '403 ' for url 'https://openapiproext.bnf.fr/iiif/presentation/v3/ark:/12148/bpt6k4158234c/manifest.json'
For more information check: https://developer.mozilla.org/en-US/docs/Web/HTTP/Status/403",2026-07-17T14:32:13.550964
echoalger,bpt6k4158235s,,failed,0,0,,http_manifest,known,403,manifest,"Client error '403 ' for url 'https://openapiproext.bnf.fr/iiif/presentation/v3/ark:/12148/bpt6k4158235s/manifest.json'
For more information check: https://developer.mozilla.org/en-US/docs/Web/HTTP/Status/403",2026-07-17T14:32:14.972878
echoalger,bpt6k41582366,,failed,0,0,,http_manifest,known,403,manifest,"Client error '403 ' for url 'https://openapiproext.bnf.fr/iiif/presentation/v3/ark:/12148/bpt6k41582366/manifest.json'
For more information check: https://developer.mozilla.org/en-US/docs/Web/HTTP/Status/403",2026-07-17T14:32:15.952583
echoalger,bpt6k4158237m,,failed,0,0,,http_manifest,known,403,manifest,"Client error '403 ' for url 'https://openapiproext.bnf.fr/iiif/presentation/v3/ark:/12148/bpt6k4158237m/manifest.json'
For more information check: https://developer.mozilla.org/en-US/docs/Web/HTTP/Status/403",2026-07-17T14:32:17.272404
echoalger,bpt6k41582381,,failed,0,0,,http_manifest,known,403,manifest,"Client error '403 ' for url 'https://openapiproext.bnf.fr/iiif/presentation/v3/ark:/12148/bpt6k41582381/manifest.json'
For more information check: https://developer.mozilla.org/en-US/docs/Web/HTTP/Status/403",2026-07-17T14:32:18.362028
echoalger,bpt6k4158239f,,failed,0,0,,http_manifest,known,403,manifest,"Client error '403 ' for url 'https://openapiproext.bnf.fr/iiif/presentation/v3/ark:/12148/bpt6k4158239f/manifest.json'
For more information check: https://developer.mozilla.org/en-US/docs/Web/HTTP/Status/403",2026-07-17T14:32:19.642323
echoalger,bpt6k41582403,,failed,0,0,,http_manifest,known,403,manifest,"Client error '403 ' for url 'https://openapiproext.bnf.fr/iiif/presentation/v3/ark:/12148/bpt6k41582403/manifest.json'
For more information check: https://developer.mozilla.org/en-US/docs/Web/HTTP/Status/403",2026-07-17T14:32:20.765702
echoalger,bpt6k4158241h,,failed,0,0,,http_manifest,known,403,manifest,"Client error '403 ' for url 'https://openapiproext.bnf.fr/iiif/presentation/v3/ark:/12148/bpt6k4158241h/manifest.json'
For more information check: https://developer.mozilla.org/en-US/docs/Web/HTTP/Status/403",2026-07-17T14:32:21.967329
echoalger,bpt6k4158242x,,failed,0,0,,http_manifest,known,403,manifest,"Client error '403 ' for url 'https://openapiproext.bnf.fr/iiif/presentation/v3/ark:/12148/bpt6k4158242x/manifest.json'
For more information check: https://developer.mozilla.org/en-US/docs/Web/HTTP/Status/403",2026-07-17T14:32:23.165112
echoalger,bpt6k4158243b,,failed,0,0,,http_manifest,known,403,manifest,"Client error '403 ' for url 'https://openapiproext.bnf.fr/iiif/presentation/v3/ark:/12148/bpt6k4158243b/manifest.json'
For more information check: https://developer.mozilla.org/en-US/docs/Web/HTTP/Status/403",2026-07-17T14:32:24.377301
echoalger,bpt6k4158244r,,failed,0,0,,http_manifest,known,403,manifest,"Client error '403 ' for url 'https://openapiproext.bnf.fr/iiif/presentation/v3/ark:/12148/bpt6k4158244r/manifest.json'
For more information check: https://developer.mozilla.org/en-US/docs/Web/HTTP/Status/403",2026-07-17T14:32:25.570345
echoalger,bpt6k41582455,,failed,0,0,,http_manifest,known,403,manifest,"Client error '403 ' for url 'https://openapiproext.bnf.fr/iiif/presentation/v3/ark:/12148/bpt6k41582455/manifest.json'
For more information check: https://developer.mozilla.org/en-US/docs/Web/HTTP/Status/403",2026-07-17T14:32:26.802115
echoalger,bpt6k4158246k,,failed,0,0,,http_manifest,known,403,manifest,"Client error '403 ' for url 'https://openapiproext.bnf.fr/iiif/presentation/v3/ark:/12148/bpt6k4158246k/manifest.json'
For more information check: https://developer.mozilla.org/en-US/docs/Web/HTTP/Status/403",2026-07-17T14:32:27.973133
echoalger,bpt6k41582470,,failed,0,0,,http_manifest,known,403,manifest,"Client error '403 ' for url 'https://openapiproext.bnf.fr/iiif/presentation/v3/ark:/12148/bpt6k41582470/manifest.json'
For more information check: https://developer.mozilla.org/en-US/docs/Web/HTTP/Status/403",2026-07-17T14:32:29.178393
echoalger,bpt6k4158248d,,failed,0,0,,http_manifest,known,403,manifest,"Client error '403 ' for url 'https://openapiproext.bnf.fr/iiif/presentation/v3/ark:/12148/bpt6k4158248d/manifest.json'
For more information check: https://developer.mozilla.org/en-US/docs/Web/HTTP/Status/403",2026-07-17T14:32:30.376247
echoalger,bpt6k4158249t,,failed,0,0,,http_manifest,known,403,manifest,"Client error '403 ' for url 'https://openapiproext.bnf.fr/iiif/presentation/v3/ark:/12148/bpt6k4158249t/manifest.json'
For more information check: https://developer.mozilla.org/en-US/docs/Web/HTTP/Status/403",2026-07-17T14:32:31.579238
echoalger,bpt6k4158250g,,failed,0,0,,http_manifest,known,403,manifest,"Client error '403 ' for url 'https://openapiproext.bnf.fr/iiif/presentation/v3/ark:/12148/bpt6k4158250g/manifest.json'
For more information check: https://developer.mozilla.org/en-US/docs/Web/HTTP/Status/403",2026-07-17T14:32:32.781930
echoalger,bpt6k4158251w,,failed,0,0,,http_manifest,known,403,manifest,"Client error '403 ' for url 'https://openapiproext.bnf.fr/iiif/presentation/v3/ark:/12148/bpt6k4158251w/manifest.json'
For more information check: https://developer.mozilla.org/en-US/docs/Web/HTTP/Status/403",2026-07-17T14:32:33.980173
echoalger,bpt6k41582529,,failed,0,0,,http_manifest,known,403,manifest,"Client error '403 ' for url 'https://openapiproext.bnf.fr/iiif/presentation/v3/ark:/12148/bpt6k41582529/manifest.json'
For more information check: https://developer.mozilla.org/en-US/docs/Web/HTTP/Status/403",2026-07-17T14:32:35.182216
echoalger,bpt6k4158253q,,failed,0,0,,http_manifest,known,403,manifest,"Client error '403 ' for url 'https://openapiproext.bnf.fr/iiif/presentation/v3/ark:/12148/bpt6k4158253q/manifest.json'
For more information check: https://developer.mozilla.org/en-US/docs/Web/HTTP/Status/403",2026-07-17T14:32:36.387252
echoalger,bpt6k41582544,,failed,0,0,,http_manifest,known,403,manifest,"Client error '403 ' for url 'https://openapiproext.bnf.fr/iiif/presentation/v3/ark:/12148/bpt6k41582544/manifest.json'
For more information check: https://developer.mozilla.org/en-US/docs/Web/HTTP/Status/403",2026-07-17T14:32:37.584943
echoalger,bpt6k4158255j,,failed,0,0,,http_manifest,known,403,manifest,"Client error '403 ' for url 'https://openapiproext.bnf.fr/iiif/presentation/v3/ark:/12148/bpt6k4158255j/manifest.json'
For more information check: https://developer.mozilla.org/en-US/docs/Web/HTTP/Status/403",2026-07-17T14:32:38.807335
echoalger,bpt6k4158256z,,failed,0,0,,http_manifest,known,403,manifest,"Client error '403 ' for url 'https://openapiproext.bnf.fr/iiif/presentation/v3/ark:/12148/bpt6k4158256z/manifest.json'
For more information check: https://developer.mozilla.org/en-US/docs/Web/HTTP/Status/403",2026-07-17T14:32:39.990090
echoalger,bpt6k4158257c,,failed,0,0,,http_manifest,known,403,manifest,"Client error '403 ' for url 'https://openapiproext.bnf.fr/iiif/presentation/v3/ark:/12148/bpt6k4158257c/manifest.json'
For more information check: https://developer.mozilla.org/en-US/docs/Web/HTTP/Status/403",2026-07-17T14:32:41.198307
echoalger,bpt6k4158258s,,failed,0,0,,http_manifest,known,403,manifest,"Client error '403 ' for url 'https://openapiproext.bnf.fr/iiif/presentation/v3/ark:/12148/bpt6k4158258s/manifest.json'
For more information check: https://developer.mozilla.org/en-US/docs/Web/HTTP/Status/403",2026-07-17T14:32:42.392643
echoalger,bpt6k41582596,,failed,0,0,,http_manifest,known,403,manifest,"Client error '403 ' for url 'https://openapiproext.bnf.fr/iiif/presentation/v3/ark:/12148/bpt6k41582596/manifest.json'
For more information check: https://developer.mozilla.org/en-US/docs/Web/HTTP/Status/403",2026-07-17T14:32:43.596529
echoalger,bpt6k4158260v,,failed,0,0,,http_manifest,known,403,manifest,"Client error '403 ' for url 'https://openapiproext.bnf.fr/iiif/presentation/v3/ark:/12148/bpt6k4158260v/manifest.json'
For more information check: https://developer.mozilla.org/en-US/docs/Web/HTTP/Status/403",2026-07-17T14:32:44.824433
echoalger,bpt6k41582618,,failed,0,0,,http_manifest,known,403,manifest,"Client error '403 ' for url 'https://openapiproext.bnf.fr/iiif/presentation/v3/ark:/12148/bpt6k41582618/manifest.json'
For more information check: https://developer.mozilla.org/en-US/docs/Web/HTTP/Status/403",2026-07-17T14:32:46.004072
echoalger,bpt6k4158262p,,failed,0,0,,http_manifest,known,403,manifest,"Client error '403 ' for url 'https://openapiproext.bnf.fr/iiif/presentation/v3/ark:/12148/bpt6k4158262p/manifest.json'
For more information check: https://developer.mozilla.org/en-US/docs/Web/HTTP/Status/403",2026-07-17T14:32:47.199947
echoalger,bpt6k41582633,,failed,0,0,,http_manifest,known,403,manifest,"Client error '403 ' for url 'https://openapiproext.bnf.fr/iiif/presentation/v3/ark:/12148/bpt6k41582633/manifest.json'
For more information check: https://developer.mozilla.org/en-US/docs/Web/HTTP/Status/403",2026-07-17T14:32:48.401373
echoalger,bpt6k4158264h,,failed,0,0,,http_manifest,known,403,manifest,"Client error '403 ' for url 'https://openapiproext.bnf.fr/iiif/presentation/v3/ark:/12148/bpt6k4158264h/manifest.json'
For more information check: https://developer.mozilla.org/en-US/docs/Web/HTTP/Status/403",2026-07-17T14:32:49.608579
echoalger,bpt6k4158265x,,failed,0,0,,http_manifest,known,403,manifest,"Client error '403 ' for url 'https://openapiproext.bnf.fr/iiif/presentation/v3/ark:/12148/bpt6k4158265x/manifest.json'
For more information check: https://developer.mozilla.org/en-US/docs/Web/HTTP/Status/403",2026-07-17T14:32:50.806445
echoalger,bpt6k4158266b,,failed,0,0,,http_manifest,known,403,manifest,"Client error '403 ' for url 'https://openapiproext.bnf.fr/iiif/presentation/v3/ark:/12148/bpt6k4158266b/manifest.json'
For more information check: https://developer.mozilla.org/en-US/docs/Web/HTTP/Status/403",2026-07-17T14:32:52.009554
echoalger,bpt6k4158267r,,failed,0,0,,http_manifest,known,403,manifest,"Client error '403 ' for url 'https://openapiproext.bnf.fr/iiif/presentation/v3/ark:/12148/bpt6k4158267r/manifest.json'
For more information check: https://developer.mozilla.org/en-US/docs/Web/HTTP/Status/403",2026-07-17T14:32:53.237993
echoalger,bpt6k41582685,,failed,0,0,,http_manifest,known,403,manifest,"Client error '403 ' for url 'https://openapiproext.bnf.fr/iiif/presentation/v3/ark:/12148/bpt6k41582685/manifest.json'
For more information check: https://developer.mozilla.org/en-US/docs/Web/HTTP/Status/403",2026-07-17T14:32:54.411363
echoalger,bpt6k4158269k,,failed,0,0,,http_manifest,known,403,manifest,"Client error '403 ' for url 'https://openapiproext.bnf.fr/iiif/presentation/v3/ark:/12148/bpt6k4158269k/manifest.json'
For more information check: https://developer.mozilla.org/en-US/docs/Web/HTTP/Status/403",2026-07-17T14:32:55.608293
echoalger,bpt6k41582707,,failed,0,0,,http_manifest,known,403,manifest,"Client error '403 ' for url 'https://openapiproext.bnf.fr/iiif/presentation/v3/ark:/12148/bpt6k41582707/manifest.json'
For more information check: https://developer.mozilla.org/en-US/docs/Web/HTTP/Status/403",2026-07-17T14:32:56.833568
echoalger,bpt6k4158271n,,failed,0,0,,http_manifest,known,403,manifest,"Client error '403 ' for url 'https://openapiproext.bnf.fr/iiif/presentation/v3/ark:/12148/bpt6k4158271n/manifest.json'
For more information check: https://developer.mozilla.org/en-US/docs/Web/HTTP/Status/403",2026-07-17T14:32:58.108208
echoalger,bpt6k41582722,,failed,0,0,,http_manifest,known,403,manifest,"Client error '403 ' for url 'https://openapiproext.bnf.fr/iiif/presentation/v3/ark:/12148/bpt6k41582722/manifest.json'
For more information check: https://developer.mozilla.org/en-US/docs/Web/HTTP/Status/403",2026-07-17T14:32:59.433624
echoalger,bpt6k4158273g,,failed,0,0,,http_manifest,known,403,manifest,"Client error '403 ' for url 'https://openapiproext.bnf.fr/iiif/presentation/v3/ark:/12148/bpt6k4158273g/manifest.json'
For more information check: https://developer.mozilla.org/en-US/docs/Web/HTTP/Status/403",2026-07-17T14:33:00.555639
echoalger,bpt6k4158274w,,failed,0,0,,http_manifest,known,403,manifest,"Client error '403 ' for url 'https://openapiproext.bnf.fr/iiif/presentation/v3/ark:/12148/bpt6k4158274w/manifest.json'
For more information check: https://developer.mozilla.org/en-US/docs/Web/HTTP/Status/403",2026-07-17T14:33:01.755332
echoalger,bpt6k41582759,,failed,0,0,,http_manifest,known,403,manifest,"Client error '403 ' for url 'https://openapiproext.bnf.fr/iiif/presentation/v3/ark:/12148/bpt6k41582759/manifest.json'
For more information check: https://developer.mozilla.org/en-US/docs/Web/HTTP/Status/403",2026-07-17T14:33:02.941148
echoalger,bpt6k4158276q,,failed,0,0,,http_manifest,known,403,manifest,"Client error '403 ' for url 'https://openapiproext.bnf.fr/iiif/presentation/v3/ark:/12148/bpt6k4158276q/manifest.json'
For more information check: https://developer.mozilla.org/en-US/docs/Web/HTTP/Status/403",2026-07-17T14:33:04.288884
echoalger,bpt6k41582774,,failed,0,0,,http_manifest,known,403,manifest,"Client error '403 ' for url 'https://openapiproext.bnf.fr/iiif/presentation/v3/ark:/12148/bpt6k41582774/manifest.json'
For more information check: https://developer.mozilla.org/en-US/docs/Web/HTTP/Status/403",2026-07-17T14:33:05.625131
echoalger,bpt6k4158278j,,failed,0,0,,http_manifest,known,403,manifest,"Client error '403 ' for url 'https://openapiproext.bnf.fr/iiif/presentation/v3/ark:/12148/bpt6k4158278j/manifest.json'
For more information check: https://developer.mozilla.org/en-US/docs/Web/HTTP/Status/403",2026-07-17T14:33:06.620412
echoalger,bpt6k4158279z,,failed,0,0,,http_manifest,known,403,manifest,"Client error '403 ' for url 'https://openapiproext.bnf.fr/iiif/presentation/v3/ark:/12148/bpt6k4158279z/manifest.json'
For more information check: https://developer.mozilla.org/en-US/docs/Web/HTTP/Status/403",2026-07-17T14:33:07.638390
echoalger,bpt6k4158280m,,failed,0,0,,http_manifest,known,403,manifest,"Client error '403 ' for url 'https://openapiproext.bnf.fr/iiif/presentation/v3/ark:/12148/bpt6k4158280m/manifest.json'
For more information check: https://developer.mozilla.org/en-US/docs/Web/HTTP/Status/403",2026-07-17T14:33:08.890447
echoalger,bpt6k41582811,,failed,0,0,,http_manifest,known,403,manifest,"Client error '403 ' for url 'https://openapiproext.bnf.fr/iiif/presentation/v3/ark:/12148/bpt6k41582811/manifest.json'
For more information check: https://developer.mozilla.org/en-US/docs/Web/HTTP/Status/403",2026-07-17T14:33:10.028110
echoalger,bpt6k4158282f,,failed,0,0,,http_manifest,known,403,manifest,"Client error '403 ' for url 'https://openapiproext.bnf.fr/iiif/presentation/v3/ark:/12148/bpt6k4158282f/manifest.json'
For more information check: https://developer.mozilla.org/en-US/docs/Web/HTTP/Status/403",2026-07-17T14:33:11.235352
echoalger,bpt6k4158283v,,failed,0,0,,http_manifest,known,403,manifest,"Client error '403 ' for url 'https://openapiproext.bnf.fr/iiif/presentation/v3/ark:/12148/bpt6k4158283v/manifest.json'
For more information check: https://developer.mozilla.org/en-US/docs/Web/HTTP/Status/403",2026-07-17T14:33:12.433391
echoalger,bpt6k41582848,,failed,0,0,,http_manifest,known,403,manifest,"Client error '403 ' for url 'https://openapiproext.bnf.fr/iiif/presentation/v3/ark:/12148/bpt6k41582848/manifest.json'
For more information check: https://developer.mozilla.org/en-US/docs/Web/HTTP/Status/403",2026-07-17T14:33:13.636415
echoalger,bpt6k4158285p,,failed,0,0,,http_manifest,known,403,manifest,"Client error '403 ' for url 'https://openapiproext.bnf.fr/iiif/presentation/v3/ark:/12148/bpt6k4158285p/manifest.json'
For more information check: https://developer.mozilla.org/en-US/docs/Web/HTTP/Status/403",2026-07-17T14:33:14.858700
echoalger,bpt6k41582863,,failed,0,0,,http_manifest,known,403,manifest,"Client error '403 ' for url 'https://openapiproext.bnf.fr/iiif/presentation/v3/ark:/12148/bpt6k41582863/manifest.json'
For more information check: https://developer.mozilla.org/en-US/docs/Web/HTTP/Status/403",2026-07-17T14:33:16.037882
echoalger,bpt6k4158287h,,failed,0,0,,http_manifest,known,403,manifest,"Client error '403 ' for url 'https://openapiproext.bnf.fr/iiif/presentation/v3/ark:/12148/bpt6k4158287h/manifest.json'
For more information check: https://developer.mozilla.org/en-US/docs/Web/HTTP/Status/403",2026-07-17T14:33:17.240501
echoalger,bpt6k4158288x,,failed,0,0,,http_manifest,known,403,manifest,"Client error '403 ' for url 'https://openapiproext.bnf.fr/iiif/presentation/v3/ark:/12148/bpt6k4158288x/manifest.json'
For more information check: https://developer.mozilla.org/en-US/docs/Web/HTTP/Status/403",2026-07-17T14:33:18.440530
echoalger,bpt6k4158289b,,failed,0,0,,http_manifest,known,403,manifest,"Client error '403 ' for url 'https://openapiproext.bnf.fr/iiif/presentation/v3/ark:/12148/bpt6k4158289b/manifest.json'
For more information check: https://developer.mozilla.org/en-US/docs/Web/HTTP/Status/403",2026-07-17T14:33:19.647723
echoalger,bpt6k41582900,,failed,0,0,,http_manifest,known,403,manifest,"Client error '403 ' for url 'https://openapiproext.bnf.fr/iiif/presentation/v3/ark:/12148/bpt6k41582900/manifest.json'
For more information check: https://developer.mozilla.org/en-US/docs/Web/HTTP/Status/403",2026-07-17T14:33:20.846897
echoalger,bpt6k4158291d,,failed,0,0,,http_manifest,known,403,manifest,"Client error '403 ' for url 'https://openapiproext.bnf.fr/iiif/presentation/v3/ark:/12148/bpt6k4158291d/manifest.json'
For more information check: https://developer.mozilla.org/en-US/docs/Web/HTTP/Status/403",2026-07-17T14:33:22.111704
echoalger,bpt6k4158292t,,failed,0,0,,http_manifest,known,403,manifest,"Client error '403 ' for url 'https://openapiproext.bnf.fr/iiif/presentation/v3/ark:/12148/bpt6k4158292t/manifest.json'
For more information check: https://developer.mozilla.org/en-US/docs/Web/HTTP/Status/403",2026-07-17T14:33:23.249241
echoalger,bpt6k41582937,,failed,0,0,,http_manifest,known,403,manifest,"Client error '403 ' for url 'https://openapiproext.bnf.fr/iiif/presentation/v3/ark:/12148/bpt6k41582937/manifest.json'
For more information check: https://developer.mozilla.org/en-US/docs/Web/HTTP/Status/403",2026-07-17T14:33:24.450540
echoalger,bpt6k4158294n,,failed,0,0,,http_manifest,known,403,manifest,"Client error '403 ' for url 'https://openapiproext.bnf.fr/iiif/presentation/v3/ark:/12148/bpt6k4158294n/manifest.json'
For more information check: https://developer.mozilla.org/en-US/docs/Web/HTTP/Status/403",2026-07-17T14:33:25.652467
echoalger,bpt6k41582952,,failed,0,0,,http_manifest,known,403,manifest,"Client error '403 ' for url 'https://openapiproext.bnf.fr/iiif/presentation/v3/ark:/12148/bpt6k41582952/manifest.json'
For more information check: https://developer.mozilla.org/en-US/docs/Web/HTTP/Status/403",2026-07-17T14:33:26.857676
echoalger,bpt6k4158296g,,failed,0,0,,http_manifest,known,403,manifest,"Client error '403 ' for url 'https://openapiproext.bnf.fr/iiif/presentation/v3/ark:/12148/bpt6k4158296g/manifest.json'
For more information check: https://developer.mozilla.org/en-US/docs/Web/HTTP/Status/403",2026-07-17T14:33:28.053772
echoalger,bpt6k4158297w,,failed,0,0,,http_manifest,known,403,manifest,"Client error '403 ' for url 'https://openapiproext.bnf.fr/iiif/presentation/v3/ark:/12148/bpt6k4158297w/manifest.json'
For more information check: https://developer.mozilla.org/en-US/docs/Web/HTTP/Status/403",2026-07-17T14:33:29.258460
echoalger,bpt6k41582989,,failed,0,0,,http_manifest,known,403,manifest,"Client error '403 ' for url 'https://openapiproext.bnf.fr/iiif/presentation/v3/ark:/12148/bpt6k41582989/manifest.json'
For more information check: https://developer.mozilla.org/en-US/docs/Web/HTTP/Status/403",2026-07-17T14:33:30.459446
echoalger,bpt6k4158299q,,failed,0,0,,http_manifest,known,403,manifest,"Client error '403 ' for url 'https://openapiproext.bnf.fr/iiif/presentation/v3/ark:/12148/bpt6k4158299q/manifest.json'
For more information check: https://developer.mozilla.org/en-US/docs/Web/HTTP/Status/403",2026-07-17T14:33:31.663234
echoalger,bpt6k4158300x,,failed,0,0,,http_manifest,known,403,manifest,"Client error '403 ' for url 'https://openapiproext.bnf.fr/iiif/presentation/v3/ark:/12148/bpt6k4158300x/manifest.json'
For more information check: https://developer.mozilla.org/en-US/docs/Web/HTTP/Status/403",2026-07-17T14:33:32.865389
echoalger,bpt6k4158301b,,failed,0,0,,http_manifest,known,403,manifest,"Client error '403 ' for url 'https://openapiproext.bnf.fr/iiif/presentation/v3/ark:/12148/bpt6k4158301b/manifest.json'
For more information check: https://developer.mozilla.org/en-US/docs/Web/HTTP/Status/403",2026-07-17T14:33:34.065091
echoalger,bpt6k4158302r,,failed,0,0,,http_manifest,known,403,manifest,"Client error '403 ' for url 'https://openapiproext.bnf.fr/iiif/presentation/v3/ark:/12148/bpt6k4158302r/manifest.json'
For more information check: https://developer.mozilla.org/en-US/docs/Web/HTTP/Status/403",2026-07-17T14:33:35.271121
echoalger,bpt6k41583035,,failed,0,0,,http_manifest,known,403,manifest,"Client error '403 ' for url 'https://openapiproext.bnf.fr/iiif/presentation/v3/ark:/12148/bpt6k41583035/manifest.json'
For more information check: https://developer.mozilla.org/en-US/docs/Web/HTTP/Status/403",2026-07-17T14:33:36.475267
echoalger,bpt6k4158304k,,failed,0,0,,http_manifest,known,403,manifest,"Client error '403 ' for url 'https://openapiproext.bnf.fr/iiif/presentation/v3/ark:/12148/bpt6k4158304k/manifest.json'
For more information check: https://developer.mozilla.org/en-US/docs/Web/HTTP/Status/403",2026-07-17T14:33:37.674913
echoalger,bpt6k41583050,,failed,0,0,,http_manifest,known,403,manifest,"Client error '403 ' for url 'https://openapiproext.bnf.fr/iiif/presentation/v3/ark:/12148/bpt6k41583050/manifest.json'
For more information check: https://developer.mozilla.org/en-US/docs/Web/HTTP/Status/403",2026-07-17T14:33:38.897661
echoalger,bpt6k4158306d,,failed,0,0,,http_manifest,known,403,manifest,"Client error '403 ' for url 'https://openapiproext.bnf.fr/iiif/presentation/v3/ark:/12148/bpt6k4158306d/manifest.json'
For more information check: https://developer.mozilla.org/en-US/docs/Web/HTTP/Status/403",2026-07-17T14:33:40.070976
echoalger,bpt6k4158307t,,failed,0,0,,http_manifest,known,403,manifest,"Client error '403 ' for url 'https://openapiproext.bnf.fr/iiif/presentation/v3/ark:/12148/bpt6k4158307t/manifest.json'
For more information check: https://developer.mozilla.org/en-US/docs/Web/HTTP/Status/403",2026-07-17T14:33:41.276124
echoalger,bpt6k41583087,,failed,0,0,,http_manifest,known,403,manifest,"Client error '403 ' for url 'https://openapiproext.bnf.fr/iiif/presentation/v3/ark:/12148/bpt6k41583087/manifest.json'
For more information check: https://developer.mozilla.org/en-US/docs/Web/HTTP/Status/403",2026-07-17T14:33:42.478042
echoalger,bpt6k4158309n,,failed,0,0,,http_manifest,known,403,manifest,"Client error '403 ' for url 'https://openapiproext.bnf.fr/iiif/presentation/v3/ark:/12148/bpt6k4158309n/manifest.json'
For more information check: https://developer.mozilla.org/en-US/docs/Web/HTTP/Status/403",2026-07-17T14:33:43.675338
echoalger,bpt6k41583109,,failed,0,0,,http_manifest,known,403,manifest,"Client error '403 ' for url 'https://openapiproext.bnf.fr/iiif/presentation/v3/ark:/12148/bpt6k41583109/manifest.json'
For more information check: https://developer.mozilla.org/en-US/docs/Web/HTTP/Status/403",2026-07-17T14:33:44.879027
echoalger,bpt6k4158311q,,failed,0,0,,http_manifest,known,403,manifest,"Client error '403 ' for url 'https://openapiproext.bnf.fr/iiif/presentation/v3/ark:/12148/bpt6k4158311q/manifest.json'
For more information check: https://developer.mozilla.org/en-US/docs/Web/HTTP/Status/403",2026-07-17T14:33:46.084831
echoalger,bpt6k41583124,,failed,0,0,,http_manifest,known,403,manifest,"Client error '403 ' for url 'https://openapiproext.bnf.fr/iiif/presentation/v3/ark:/12148/bpt6k41583124/manifest.json'
For more information check: https://developer.mozilla.org/en-US/docs/Web/HTTP/Status/403",2026-07-17T14:33:47.281298
echoalger,bpt6k4158313j,,failed,0,0,,http_manifest,known,403,manifest,"Client error '403 ' for url 'https://openapiproext.bnf.fr/iiif/presentation/v3/ark:/12148/bpt6k4158313j/manifest.json'
For more information check: https://developer.mozilla.org/en-US/docs/Web/HTTP/Status/403",2026-07-17T14:33:48.487958
echoalger,bpt6k4158314z,,failed,0,0,,http_manifest,known,403,manifest,"Client error '403 ' for url 'https://openapiproext.bnf.fr/iiif/presentation/v3/ark:/12148/bpt6k4158314z/manifest.json'
For more information check: https://developer.mozilla.org/en-US/docs/Web/HTTP/Status/403",2026-07-17T14:33:49.688247
echoalger,bpt6k4158315c,,failed,0,0,,http_manifest,known,403,manifest,"Client error '403 ' for url 'https://openapiproext.bnf.fr/iiif/presentation/v3/ark:/12148/bpt6k4158315c/manifest.json'
For more information check: https://developer.mozilla.org/en-US/docs/Web/HTTP/Status/403",2026-07-17T14:33:51.028580
echoalger,bpt6k4158316s,,failed,0,0,,http_manifest,known,403,manifest,"Client error '403 ' for url 'https://openapiproext.bnf.fr/iiif/presentation/v3/ark:/12148/bpt6k4158316s/manifest.json'
For more information check: https://developer.mozilla.org/en-US/docs/Web/HTTP/Status/403",2026-07-17T14:33:52.087458
echoalger,bpt6k41583176,,failed,0,0,,http_manifest,known,403,manifest,"Client error '403 ' for url 'https://openapiproext.bnf.fr/iiif/presentation/v3/ark:/12148/bpt6k41583176/manifest.json'
For more information check: https://developer.mozilla.org/en-US/docs/Web/HTTP/Status/403",2026-07-17T14:33:53.290003
echoalger,bpt6k4158318m,,failed,0,0,,http_manifest,known,403,manifest,"Client error '403 ' for url 'https://openapiproext.bnf.fr/iiif/presentation/v3/ark:/12148/bpt6k4158318m/manifest.json'
For more information check: https://developer.mozilla.org/en-US/docs/Web/HTTP/Status/403",2026-07-17T14:33:54.493156
echoalger,bpt6k41583191,,failed,0,0,,http_manifest,known,403,manifest,"Client error '403 ' for url 'https://openapiproext.bnf.fr/iiif/presentation/v3/ark:/12148/bpt6k41583191/manifest.json'
For more information check: https://developer.mozilla.org/en-US/docs/Web/HTTP/Status/403",2026-07-17T14:33:55.696119
echoalger,bpt6k4158320p,,failed,0,0,,http_manifest,known,403,manifest,"Client error '403 ' for url 'https://openapiproext.bnf.fr/iiif/presentation/v3/ark:/12148/bpt6k4158320p/manifest.json'
For more information check: https://developer.mozilla.org/en-US/docs/Web/HTTP/Status/403",2026-07-17T14:33:56.895559
echoalger,bpt6k41583213,,failed,0,0,,http_manifest,known,403,manifest,"Client error '403 ' for url 'https://openapiproext.bnf.fr/iiif/presentation/v3/ark:/12148/bpt6k41583213/manifest.json'
For more information check: https://developer.mozilla.org/en-US/docs/Web/HTTP/Status/403",2026-07-17T14:33:58.101727
echoalger,bpt6k4158322h,,failed,0,0,,http_manifest,known,403,manifest,"Client error '403 ' for url 'https://openapiproext.bnf.fr/iiif/presentation/v3/ark:/12148/bpt6k4158322h/manifest.json'
For more information check: https://developer.mozilla.org/en-US/docs/Web/HTTP/Status/403",2026-07-17T14:33:59.444668
echoalger,bpt6k4158323x,,failed,0,0,,http_manifest,known,403,manifest,"Client error '403 ' for url 'https://openapiproext.bnf.fr/iiif/presentation/v3/ark:/12148/bpt6k4158323x/manifest.json'
For more information check: https://developer.mozilla.org/en-US/docs/Web/HTTP/Status/403",2026-07-17T14:34:00.565195
echoalger,bpt6k4158324b,,failed,0,0,,http_manifest,known,403,manifest,"Client error '403 ' for url 'https://openapiproext.bnf.fr/iiif/presentation/v3/ark:/12148/bpt6k4158324b/manifest.json'
For more information check: https://developer.mozilla.org/en-US/docs/Web/HTTP/Status/403",2026-07-17T14:34:01.708988
echoalger,bpt6k4158325r,,failed,0,0,,http_manifest,known,403,manifest,"Client error '403 ' for url 'https://openapiproext.bnf.fr/iiif/presentation/v3/ark:/12148/bpt6k4158325r/manifest.json'
For more information check: https://developer.mozilla.org/en-US/docs/Web/HTTP/Status/403",2026-07-17T14:34:02.931763
echoalger,bpt6k41583265,,failed,0,0,,http_manifest,known,403,manifest,"Client error '403 ' for url 'https://openapiproext.bnf.fr/iiif/presentation/v3/ark:/12148/bpt6k41583265/manifest.json'
For more information check: https://developer.mozilla.org/en-US/docs/Web/HTTP/Status/403",2026-07-17T14:34:04.272654
echoalger,bpt6k4158327k,,failed,0,0,,http_manifest,known,403,manifest,"Client error '403 ' for url 'https://openapiproext.bnf.fr/iiif/presentation/v3/ark:/12148/bpt6k4158327k/manifest.json'
For more information check: https://developer.mozilla.org/en-US/docs/Web/HTTP/Status/403",2026-07-17T14:34:05.514452
echoalger,bpt6k41583280,,failed,0,0,,http_manifest,known,403,manifest,"Client error '403 ' for url 'https://openapiproext.bnf.fr/iiif/presentation/v3/ark:/12148/bpt6k41583280/manifest.json'
For more information check: https://developer.mozilla.org/en-US/docs/Web/HTTP/Status/403",2026-07-17T14:34:06.544545
echoalger,bpt6k4158329d,,failed,0,0,,http_manifest,known,403,manifest,"Client error '403 ' for url 'https://openapiproext.bnf.fr/iiif/presentation/v3/ark:/12148/bpt6k4158329d/manifest.json'
For more information check: https://developer.mozilla.org/en-US/docs/Web/HTTP/Status/403",2026-07-17T14:34:07.710084
echoalger,bpt6k41583302,,failed,0,0,,http_manifest,known,403,manifest,"Client error '403 ' for url 'https://openapiproext.bnf.fr/iiif/presentation/v3/ark:/12148/bpt6k41583302/manifest.json'
For more information check: https://developer.mozilla.org/en-US/docs/Web/HTTP/Status/403",2026-07-17T14:34:08.934748
echoalger,bpt6k4158331g,,failed,0,0,,http_manifest,known,403,manifest,"Client error '403 ' for url 'https://openapiproext.bnf.fr/iiif/presentation/v3/ark:/12148/bpt6k4158331g/manifest.json'
For more information check: https://developer.mozilla.org/en-US/docs/Web/HTTP/Status/403",2026-07-17T14:34:10.325729
echoalger,bpt6k4158332w,,failed,0,0,,http_manifest,known,403,manifest,"Client error '403 ' for url 'https://openapiproext.bnf.fr/iiif/presentation/v3/ark:/12148/bpt6k4158332w/manifest.json'
For more information check: https://developer.mozilla.org/en-US/docs/Web/HTTP/Status/403",2026-07-17T14:34:11.327177
echoalger,bpt6k41583339,,failed,0,0,,http_manifest,known,403,manifest,"Client error '403 ' for url 'https://openapiproext.bnf.fr/iiif/presentation/v3/ark:/12148/bpt6k41583339/manifest.json'
For more information check: https://developer.mozilla.org/en-US/docs/Web/HTTP/Status/403",2026-07-17T14:34:12.758943
echoalger,bpt6k4158334q,,failed,0,0,,http_manifest,known,403,manifest,"Client error '403 ' for url 'https://openapiproext.bnf.fr/iiif/presentation/v3/ark:/12148/bpt6k4158334q/manifest.json'
For more information check: https://developer.mozilla.org/en-US/docs/Web/HTTP/Status/403",2026-07-17T14:34:13.880486
echoalger,bpt6k41583354,,failed,0,0,,http_manifest,known,403,manifest,"Client error '403 ' for url 'https://openapiproext.bnf.fr/iiif/presentation/v3/ark:/12148/bpt6k41583354/manifest.json'
For more information check: https://developer.mozilla.org/en-US/docs/Web/HTTP/Status/403",2026-07-17T14:34:14.929455
echoalger,bpt6k4158336j,,failed,0,0,,http_manifest,known,403,manifest,"Client error '403 ' for url 'https://openapiproext.bnf.fr/iiif/presentation/v3/ark:/12148/bpt6k4158336j/manifest.json'
For more information check: https://developer.mozilla.org/en-US/docs/Web/HTTP/Status/403",2026-07-17T14:34:16.424608
echoalger,bpt6k4158337z,,failed,0,0,,http_manifest,known,403,manifest,"Client error '403 ' for url 'https://openapiproext.bnf.fr/iiif/presentation/v3/ark:/12148/bpt6k4158337z/manifest.json'
For more information check: https://developer.mozilla.org/en-US/docs/Web/HTTP/Status/403",2026-07-17T14:34:17.374883
echoalger,bpt6k4158338c,,failed,0,0,,http_manifest,known,403,manifest,"Client error '403 ' for url 'https://openapiproext.bnf.fr/iiif/presentation/v3/ark:/12148/bpt6k4158338c/manifest.json'
For more information check: https://developer.mozilla.org/en-US/docs/Web/HTTP/Status/403",2026-07-17T14:34:18.614547
echoalger,bpt6k4158339s,,failed,0,0,,http_manifest,known,403,manifest,"Client error '403 ' for url 'https://openapiproext.bnf.fr/iiif/presentation/v3/ark:/12148/bpt6k4158339s/manifest.json'
For more information check: https://developer.mozilla.org/en-US/docs/Web/HTTP/Status/403",2026-07-17T14:34:19.735089
echoalger,bpt6k4158340f,,failed,0,0,,http_manifest,known,403,manifest,"Client error '403 ' for url 'https://openapiproext.bnf.fr/iiif/presentation/v3/ark:/12148/bpt6k4158340f/manifest.json'
For more information check: https://developer.mozilla.org/en-US/docs/Web/HTTP/Status/403",2026-07-17T14:34:20.970394
echoalger,bpt6k4158341v,,failed,0,0,,http_manifest,known,403,manifest,"Client error '403 ' for url 'https://openapiproext.bnf.fr/iiif/presentation/v3/ark:/12148/bpt6k4158341v/manifest.json'
For more information check: https://developer.mozilla.org/en-US/docs/Web/HTTP/Status/403",2026-07-17T14:34:22.134249
echoalger,bpt6k41583428,,failed,0,0,,http_manifest,known,403,manifest,"Client error '403 ' for url 'https://openapiproext.bnf.fr/iiif/presentation/v3/ark:/12148/bpt6k41583428/manifest.json'
For more information check: https://developer.mozilla.org/en-US/docs/Web/HTTP/Status/403",2026-07-17T14:34:23.331565
echoalger,bpt6k4158343p,,failed,0,0,,http_manifest,known,403,manifest,"Client error '403 ' for url 'https://openapiproext.bnf.fr/iiif/presentation/v3/ark:/12148/bpt6k4158343p/manifest.json'
For more information check: https://developer.mozilla.org/en-US/docs/Web/HTTP/Status/403",2026-07-17T14:34:24.543033
echoalger,bpt6k41583443,,failed,0,0,,http_manifest,known,403,manifest,"Client error '403 ' for url 'https://openapiproext.bnf.fr/iiif/presentation/v3/ark:/12148/bpt6k41583443/manifest.json'
For more information check: https://developer.mozilla.org/en-US/docs/Web/HTTP/Status/403",2026-07-17T14:34:25.734996
echoalger,bpt6k4158345h,,failed,0,0,,http_manifest,known,403,manifest,"Client error '403 ' for url 'https://openapiproext.bnf.fr/iiif/presentation/v3/ark:/12148/bpt6k4158345h/manifest.json'
For more information check: https://developer.mozilla.org/en-US/docs/Web/HTTP/Status/403",2026-07-17T14:34:26.939114
echoalger,bpt6k4158346x,,failed,0,0,,http_manifest,known,403,manifest,"Client error '403 ' for url 'https://openapiproext.bnf.fr/iiif/presentation/v3/ark:/12148/bpt6k4158346x/manifest.json'
For more information check: https://developer.mozilla.org/en-US/docs/Web/HTTP/Status/403",2026-07-17T14:34:28.146914
echoalger,bpt6k4158347b,,failed,0,0,,http_manifest,known,403,manifest,"Client error '403 ' for url 'https://openapiproext.bnf.fr/iiif/presentation/v3/ark:/12148/bpt6k4158347b/manifest.json'
For more information check: https://developer.mozilla.org/en-US/docs/Web/HTTP/Status/403",2026-07-17T14:34:29.343463
echoalger,bpt6k4158348r,,failed,0,0,,http_manifest,known,403,manifest,"Client error '403 ' for url 'https://openapiproext.bnf.fr/iiif/presentation/v3/ark:/12148/bpt6k4158348r/manifest.json'
For more information check: https://developer.mozilla.org/en-US/docs/Web/HTTP/Status/403",2026-07-17T14:34:30.543440
echoalger,bpt6k41583495,,failed,0,0,,http_manifest,known,403,manifest,"Client error '403 ' for url 'https://openapiproext.bnf.fr/iiif/presentation/v3/ark:/12148/bpt6k41583495/manifest.json'
For more information check: https://developer.mozilla.org/en-US/docs/Web/HTTP/Status/403",2026-07-17T14:34:31.743546
echoalger,bpt6k4158350t,,failed,0,0,,http_manifest,known,403,manifest,"Client error '403 ' for url 'https://openapiproext.bnf.fr/iiif/presentation/v3/ark:/12148/bpt6k4158350t/manifest.json'
For more information check: https://developer.mozilla.org/en-US/docs/Web/HTTP/Status/403",2026-07-17T14:34:32.971447
echoalger,bpt6k41583517,,failed,0,0,,http_manifest,known,403,manifest,"Client error '403 ' for url 'https://openapiproext.bnf.fr/iiif/presentation/v3/ark:/12148/bpt6k41583517/manifest.json'
For more information check: https://developer.mozilla.org/en-US/docs/Web/HTTP/Status/403",2026-07-17T14:34:34.590723
echoalger,bpt6k4158352n,,failed,0,0,,http_manifest,known,403,manifest,"Client error '403 ' for url 'https://openapiproext.bnf.fr/iiif/presentation/v3/ark:/12148/bpt6k4158352n/manifest.json'
For more information check: https://developer.mozilla.org/en-US/docs/Web/HTTP/Status/403",2026-07-17T14:34:35.353153
echoalger,bpt6k41583532,,failed,0,0,,http_manifest,known,403,manifest,"Client error '403 ' for url 'https://openapiproext.bnf.fr/iiif/presentation/v3/ark:/12148/bpt6k41583532/manifest.json'
For more information check: https://developer.mozilla.org/en-US/docs/Web/HTTP/Status/403",2026-07-17T14:34:36.556132
echoalger,bpt6k4158354g,,failed,0,0,,http_manifest,known,403,manifest,"Client error '403 ' for url 'https://openapiproext.bnf.fr/iiif/presentation/v3/ark:/12148/bpt6k4158354g/manifest.json'
For more information check: https://developer.mozilla.org/en-US/docs/Web/HTTP/Status/403",2026-07-17T14:34:37.761770
echoalger,bpt6k4158355w,,failed,0,0,,http_manifest,known,403,manifest,"Client error '403 ' for url 'https://openapiproext.bnf.fr/iiif/presentation/v3/ark:/12148/bpt6k4158355w/manifest.json'
For more information check: https://developer.mozilla.org/en-US/docs/Web/HTTP/Status/403",2026-07-17T14:34:38.983212
echoalger,bpt6k41583569,,failed,0,0,,http_manifest,known,403,manifest,"Client error '403 ' for url 'https://openapiproext.bnf.fr/iiif/presentation/v3/ark:/12148/bpt6k41583569/manifest.json'
For more information check: https://developer.mozilla.org/en-US/docs/Web/HTTP/Status/403",2026-07-17T14:34:40.156930
echoalger,bpt6k4158357q,,failed,0,0,,http_manifest,known,403,manifest,"Client error '403 ' for url 'https://openapiproext.bnf.fr/iiif/presentation/v3/ark:/12148/bpt6k4158357q/manifest.json'
For more information check: https://developer.mozilla.org/en-US/docs/Web/HTTP/Status/403",2026-07-17T14:34:41.360134
echoalger,bpt6k41583584,,failed,0,0,,http_manifest,known,403,manifest,"Client error '403 ' for url 'https://openapiproext.bnf.fr/iiif/presentation/v3/ark:/12148/bpt6k41583584/manifest.json'
For more information check: https://developer.mozilla.org/en-US/docs/Web/HTTP/Status/403",2026-07-17T14:34:42.563830
echoalger,bpt6k4158359j,,failed,0,0,,http_manifest,known,403,manifest,"Client error '403 ' for url 'https://openapiproext.bnf.fr/iiif/presentation/v3/ark:/12148/bpt6k4158359j/manifest.json'
For more information check: https://developer.mozilla.org/en-US/docs/Web/HTTP/Status/403",2026-07-17T14:34:43.761157
echoalger,bpt6k41583606,,failed,0,0,,http_manifest,known,403,manifest,"Client error '403 ' for url 'https://openapiproext.bnf.fr/iiif/presentation/v3/ark:/12148/bpt6k41583606/manifest.json'
For more information check: https://developer.mozilla.org/en-US/docs/Web/HTTP/Status/403",2026-07-17T14:34:44.965098
echoalger,bpt6k4158361m,,failed,0,0,,http_manifest,known,403,manifest,"Client error '403 ' for url 'https://openapiproext.bnf.fr/iiif/presentation/v3/ark:/12148/bpt6k4158361m/manifest.json'
For more information check: https://developer.mozilla.org/en-US/docs/Web/HTTP/Status/403",2026-07-17T14:34:46.166272
echoalger,bpt6k41583621,,failed,0,0,,http_manifest,known,403,manifest,"Client error '403 ' for url 'https://openapiproext.bnf.fr/iiif/presentation/v3/ark:/12148/bpt6k41583621/manifest.json'
For more information check: https://developer.mozilla.org/en-US/docs/Web/HTTP/Status/403",2026-07-17T14:34:47.366216
echoalger,bpt6k4158363f,,failed,0,0,,http_manifest,known,403,manifest,"Client error '403 ' for url 'https://openapiproext.bnf.fr/iiif/presentation/v3/ark:/12148/bpt6k4158363f/manifest.json'
For more information check: https://developer.mozilla.org/en-US/docs/Web/HTTP/Status/403",2026-07-17T14:34:48.566418
echoalger,bpt6k4158364v,,failed,0,0,,http_manifest,known,403,manifest,"Client error '403 ' for url 'https://openapiproext.bnf.fr/iiif/presentation/v3/ark:/12148/bpt6k4158364v/manifest.json'
For more information check: https://developer.mozilla.org/en-US/docs/Web/HTTP/Status/403",2026-07-17T14:34:49.772440
echoalger,bpt6k41583658,,failed,0,0,,http_manifest,known,403,manifest,"Client error '403 ' for url 'https://openapiproext.bnf.fr/iiif/presentation/v3/ark:/12148/bpt6k41583658/manifest.json'
For more information check: https://developer.mozilla.org/en-US/docs/Web/HTTP/Status/403",2026-07-17T14:34:50.994305
echoalger,bpt6k4158366p,,failed,0,0,,http_manifest,known,403,manifest,"Client error '403 ' for url 'https://openapiproext.bnf.fr/iiif/presentation/v3/ark:/12148/bpt6k4158366p/manifest.json'
For more information check: https://developer.mozilla.org/en-US/docs/Web/HTTP/Status/403",2026-07-17T14:34:52.174481
echoalger,bpt6k41583673,,failed,0,0,,http_manifest,known,403,manifest,"Client error '403 ' for url 'https://openapiproext.bnf.fr/iiif/presentation/v3/ark:/12148/bpt6k41583673/manifest.json'
For more information check: https://developer.mozilla.org/en-US/docs/Web/HTTP/Status/403",2026-07-17T14:34:53.374609
echoalger,bpt6k4158368h,,failed,0,0,,http_manifest,known,403,manifest,"Client error '403 ' for url 'https://openapiproext.bnf.fr/iiif/presentation/v3/ark:/12148/bpt6k4158368h/manifest.json'
For more information check: https://developer.mozilla.org/en-US/docs/Web/HTTP/Status/403",2026-07-17T14:34:54.580183
echoalger,bpt6k4158369x,,failed,0,0,,http_manifest,known,403,manifest,"Client error '403 ' for url 'https://openapiproext.bnf.fr/iiif/presentation/v3/ark:/12148/bpt6k4158369x/manifest.json'
For more information check: https://developer.mozilla.org/en-US/docs/Web/HTTP/Status/403",2026-07-17T14:34:55.779207
echoalger,bpt6k4158370k,,failed,0,0,,http_manifest,known,403,manifest,"Client error '403 ' for url 'https://openapiproext.bnf.fr/iiif/presentation/v3/ark:/12148/bpt6k4158370k/manifest.json'
For more information check: https://developer.mozilla.org/en-US/docs/Web/HTTP/Status/403",2026-07-17T14:34:56.981246
echoalger,bpt6k41583710,,failed,0,0,,http_manifest,known,403,manifest,"Client error '403 ' for url 'https://openapiproext.bnf.fr/iiif/presentation/v3/ark:/12148/bpt6k41583710/manifest.json'
For more information check: https://developer.mozilla.org/en-US/docs/Web/HTTP/Status/403",2026-07-17T14:34:58.181927
echoalger,bpt6k4158372d,,failed,0,0,,http_manifest,known,403,manifest,"Client error '403 ' for url 'https://openapiproext.bnf.fr/iiif/presentation/v3/ark:/12148/bpt6k4158372d/manifest.json'
For more information check: https://developer.mozilla.org/en-US/docs/Web/HTTP/Status/403",2026-07-17T14:34:59.399430
echoalger,bpt6k4158373t,,failed,0,0,,http_manifest,known,403,manifest,"Client error '403 ' for url 'https://openapiproext.bnf.fr/iiif/presentation/v3/ark:/12148/bpt6k4158373t/manifest.json'
For more information check: https://developer.mozilla.org/en-US/docs/Web/HTTP/Status/403",2026-07-17T14:35:00.583025
echoalger,bpt6k41583747,,failed,0,0,,http_manifest,known,403,manifest,"Client error '403 ' for url 'https://openapiproext.bnf.fr/iiif/presentation/v3/ark:/12148/bpt6k41583747/manifest.json'
For more information check: https://developer.mozilla.org/en-US/docs/Web/HTTP/Status/403",2026-07-17T14:35:01.791498
echoalger,bpt6k4158375n,,failed,0,0,,http_manifest,known,403,manifest,"Client error '403 ' for url 'https://openapiproext.bnf.fr/iiif/presentation/v3/ark:/12148/bpt6k4158375n/manifest.json'
For more information check: https://developer.mozilla.org/en-US/docs/Web/HTTP/Status/403",2026-07-17T14:35:03.008974
echoalger,bpt6k41583762,,failed,0,0,,http_manifest,known,403,manifest,"Client error '403 ' for url 'https://openapiproext.bnf.fr/iiif/presentation/v3/ark:/12148/bpt6k41583762/manifest.json'
For more information check: https://developer.mozilla.org/en-US/docs/Web/HTTP/Status/403",2026-07-17T14:35:04.376160
echoalger,bpt6k4158377g,,failed,0,0,,http_manifest,known,403,manifest,"Client error '403 ' for url 'https://openapiproext.bnf.fr/iiif/presentation/v3/ark:/12148/bpt6k4158377g/manifest.json'
For more information check: https://developer.mozilla.org/en-US/docs/Web/HTTP/Status/403",2026-07-17T14:35:05.437885
echoalger,bpt6k4158378w,,failed,0,0,,http_manifest,known,403,manifest,"Client error '403 ' for url 'https://openapiproext.bnf.fr/iiif/presentation/v3/ark:/12148/bpt6k4158378w/manifest.json'
For more information check: https://developer.mozilla.org/en-US/docs/Web/HTTP/Status/403",2026-07-17T14:35:06.659747
echoalger,bpt6k41583799,,failed,0,0,,http_manifest,known,403,manifest,"Client error '403 ' for url 'https://openapiproext.bnf.fr/iiif/presentation/v3/ark:/12148/bpt6k41583799/manifest.json'
For more information check: https://developer.mozilla.org/en-US/docs/Web/HTTP/Status/403",2026-07-17T14:35:07.797568
echoalger,bpt6k4158380z,,failed,0,0,,http_manifest,known,403,manifest,"Client error '403 ' for url 'https://openapiproext.bnf.fr/iiif/presentation/v3/ark:/12148/bpt6k4158380z/manifest.json'
For more information check: https://developer.mozilla.org/en-US/docs/Web/HTTP/Status/403",2026-07-17T14:35:09.122425
echoalger,bpt6k4158381c,,failed,0,0,,http_manifest,known,403,manifest,"Client error '403 ' for url 'https://openapiproext.bnf.fr/iiif/presentation/v3/ark:/12148/bpt6k4158381c/manifest.json'
For more information check: https://developer.mozilla.org/en-US/docs/Web/HTTP/Status/403",2026-07-17T14:35:10.329294
echoalger,bpt6k4158382s,,failed,0,0,,http_manifest,known,403,manifest,"Client error '403 ' for url 'https://openapiproext.bnf.fr/iiif/presentation/v3/ark:/12148/bpt6k4158382s/manifest.json'
For more information check: https://developer.mozilla.org/en-US/docs/Web/HTTP/Status/403",2026-07-17T14:35:11.538191
echoalger,bpt6k41583836,,failed,0,0,,http_manifest,known,403,manifest,"Client error '403 ' for url 'https://openapiproext.bnf.fr/iiif/presentation/v3/ark:/12148/bpt6k41583836/manifest.json'
For more information check: https://developer.mozilla.org/en-US/docs/Web/HTTP/Status/403",2026-07-17T14:35:12.738058
echoalger,bpt6k4158384m,,failed,0,0,,http_manifest,known,403,manifest,"Client error '403 ' for url 'https://openapiproext.bnf.fr/iiif/presentation/v3/ark:/12148/bpt6k4158384m/manifest.json'
For more information check: https://developer.mozilla.org/en-US/docs/Web/HTTP/Status/403",2026-07-17T14:35:13.924862
echoalger,bpt6k41583851,,failed,0,0,,http_manifest,known,403,manifest,"Client error '403 ' for url 'https://openapiproext.bnf.fr/iiif/presentation/v3/ark:/12148/bpt6k41583851/manifest.json'
For more information check: https://developer.mozilla.org/en-US/docs/Web/HTTP/Status/403",2026-07-17T14:35:15.190469
echoalger,bpt6k4158386f,,failed,0,0,,http_manifest,known,403,manifest,"Client error '403 ' for url 'https://openapiproext.bnf.fr/iiif/presentation/v3/ark:/12148/bpt6k4158386f/manifest.json'
For more information check: https://developer.mozilla.org/en-US/docs/Web/HTTP/Status/403",2026-07-17T14:35:16.279438
echoalger,bpt6k4158387v,,failed,0,0,,http_manifest,known,403,manifest,"Client error '403 ' for url 'https://openapiproext.bnf.fr/iiif/presentation/v3/ark:/12148/bpt6k4158387v/manifest.json'
For more information check: https://developer.mozilla.org/en-US/docs/Web/HTTP/Status/403",2026-07-17T14:35:17.607245
echoalger,bpt6k41583888,,failed,0,0,,http_manifest,known,403,manifest,"Client error '403 ' for url 'https://openapiproext.bnf.fr/iiif/presentation/v3/ark:/12148/bpt6k41583888/manifest.json'
For more information check: https://developer.mozilla.org/en-US/docs/Web/HTTP/Status/403",2026-07-17T14:35:18.707908
echoalger,bpt6k4158389p,,failed,0,0,,http_manifest,known,403,manifest,"Client error '403 ' for url 'https://openapiproext.bnf.fr/iiif/presentation/v3/ark:/12148/bpt6k4158389p/manifest.json'
For more information check: https://developer.mozilla.org/en-US/docs/Web/HTTP/Status/403",2026-07-17T14:35:19.814006
echoalger,bpt6k4158390b,,failed,0,0,,http_manifest,known,403,manifest,"Client error '403 ' for url 'https://openapiproext.bnf.fr/iiif/presentation/v3/ark:/12148/bpt6k4158390b/manifest.json'
For more information check: https://developer.mozilla.org/en-US/docs/Web/HTTP/Status/403",2026-07-17T14:35:21.037604
echoalger,bpt6k4158391r,,failed,0,0,,http_manifest,known,403,manifest,"Client error '403 ' for url 'https://openapiproext.bnf.fr/iiif/presentation/v3/ark:/12148/bpt6k4158391r/manifest.json'
For more information check: https://developer.mozilla.org/en-US/docs/Web/HTTP/Status/403",2026-07-17T14:35:22.252591
echoalger,bpt6k41583925,,failed,0,0,,http_manifest,known,403,manifest,"Client error '403 ' for url 'https://openapiproext.bnf.fr/iiif/presentation/v3/ark:/12148/bpt6k41583925/manifest.json'
For more information check: https://developer.mozilla.org/en-US/docs/Web/HTTP/Status/403",2026-07-17T14:35:23.417833
echoalger,bpt6k4158393k,,failed,0,0,,http_manifest,known,403,manifest,"Client error '403 ' for url 'https://openapiproext.bnf.fr/iiif/presentation/v3/ark:/12148/bpt6k4158393k/manifest.json'
For more information check: https://developer.mozilla.org/en-US/docs/Web/HTTP/Status/403",2026-07-17T14:35:24.615212
echoalger,bpt6k41583940,,failed,0,0,,http_manifest,known,403,manifest,"Client error '403 ' for url 'https://openapiproext.bnf.fr/iiif/presentation/v3/ark:/12148/bpt6k41583940/manifest.json'
For more information check: https://developer.mozilla.org/en-US/docs/Web/HTTP/Status/403",2026-07-17T14:35:25.816141
echoalger,bpt6k4158395d,,failed,0,0,,http_manifest,known,403,manifest,"Client error '403 ' for url 'https://openapiproext.bnf.fr/iiif/presentation/v3/ark:/12148/bpt6k4158395d/manifest.json'
For more information check: https://developer.mozilla.org/en-US/docs/Web/HTTP/Status/403",2026-07-17T14:35:27.016239
echoalger,bpt6k4158396t,,failed,0,0,,http_manifest,known,403,manifest,"Client error '403 ' for url 'https://openapiproext.bnf.fr/iiif/presentation/v3/ark:/12148/bpt6k4158396t/manifest.json'
For more information check: https://developer.mozilla.org/en-US/docs/Web/HTTP/Status/403",2026-07-17T14:35:28.217933
echoalger,bpt6k41583977,,failed,0,0,,http_manifest,known,403,manifest,"Client error '403 ' for url 'https://openapiproext.bnf.fr/iiif/presentation/v3/ark:/12148/bpt6k41583977/manifest.json'
For more information check: https://developer.mozilla.org/en-US/docs/Web/HTTP/Status/403",2026-07-17T14:35:29.429237
echoalger,bpt6k4158398n,,failed,0,0,,http_manifest,known,403,manifest,"Client error '403 ' for url 'https://openapiproext.bnf.fr/iiif/presentation/v3/ark:/12148/bpt6k4158398n/manifest.json'
For more information check: https://developer.mozilla.org/en-US/docs/Web/HTTP/Status/403",2026-07-17T14:35:30.622749
echoalger,bpt6k41583992,,failed,0,0,,http_manifest,known,403,manifest,"Client error '403 ' for url 'https://openapiproext.bnf.fr/iiif/presentation/v3/ark:/12148/bpt6k41583992/manifest.json'
For more information check: https://developer.mozilla.org/en-US/docs/Web/HTTP/Status/403",2026-07-17T14:35:31.832138
echoalger,bpt6k41584008,,failed,0,0,,http_manifest,known,403,manifest,"Client error '403 ' for url 'https://openapiproext.bnf.fr/iiif/presentation/v3/ark:/12148/bpt6k41584008/manifest.json'
For more information check: https://developer.mozilla.org/en-US/docs/Web/HTTP/Status/403",2026-07-17T14:35:33.029538
echoalger,bpt6k4158401p,,failed,0,0,,http_manifest,known,403,manifest,"Client error '403 ' for url 'https://openapiproext.bnf.fr/iiif/presentation/v3/ark:/12148/bpt6k4158401p/manifest.json'
For more information check: https://developer.mozilla.org/en-US/docs/Web/HTTP/Status/403",2026-07-17T14:35:34.263400
echoalger,bpt6k41584023,,failed,0,0,,http_manifest,known,403,manifest,"Client error '403 ' for url 'https://openapiproext.bnf.fr/iiif/presentation/v3/ark:/12148/bpt6k41584023/manifest.json'
For more information check: https://developer.mozilla.org/en-US/docs/Web/HTTP/Status/403",2026-07-17T14:35:35.426823
echoalger,bpt6k4158403h,,failed,0,0,,http_manifest,known,403,manifest,"Client error '403 ' for url 'https://openapiproext.bnf.fr/iiif/presentation/v3/ark:/12148/bpt6k4158403h/manifest.json'
For more information check: https://developer.mozilla.org/en-US/docs/Web/HTTP/Status/403",2026-07-17T14:35:36.628532
echoalger,bpt6k4158404x,,failed,0,0,,http_manifest,known,403,manifest,"Client error '403 ' for url 'https://openapiproext.bnf.fr/iiif/presentation/v3/ark:/12148/bpt6k4158404x/manifest.json'
For more information check: https://developer.mozilla.org/en-US/docs/Web/HTTP/Status/403",2026-07-17T14:35:37.831875
echoalger,bpt6k4158405b,,failed,0,0,,http_manifest,known,403,manifest,"Client error '403 ' for url 'https://openapiproext.bnf.fr/iiif/presentation/v3/ark:/12148/bpt6k4158405b/manifest.json'
For more information check: https://developer.mozilla.org/en-US/docs/Web/HTTP/Status/403",2026-07-17T14:35:39.034973
echoalger,bpt6k4158406r,,failed,0,0,,http_manifest,known,403,manifest,"Client error '403 ' for url 'https://openapiproext.bnf.fr/iiif/presentation/v3/ark:/12148/bpt6k4158406r/manifest.json'
For more information check: https://developer.mozilla.org/en-US/docs/Web/HTTP/Status/403",2026-07-17T14:35:40.269074
echoalger,bpt6k41584075,,failed,0,0,,http_manifest,known,403,manifest,"Client error '403 ' for url 'https://openapiproext.bnf.fr/iiif/presentation/v3/ark:/12148/bpt6k41584075/manifest.json'
For more information check: https://developer.mozilla.org/en-US/docs/Web/HTTP/Status/403",2026-07-17T14:35:41.441017
echoalger,bpt6k4158408k,,failed,0,0,,http_manifest,known,403,manifest,"Client error '403 ' for url 'https://openapiproext.bnf.fr/iiif/presentation/v3/ark:/12148/bpt6k4158408k/manifest.json'
For more information check: https://developer.mozilla.org/en-US/docs/Web/HTTP/Status/403",2026-07-17T14:35:42.640193
echoalger,bpt6k41584090,,failed,0,0,,http_manifest,known,403,manifest,"Client error '403 ' for url 'https://openapiproext.bnf.fr/iiif/presentation/v3/ark:/12148/bpt6k41584090/manifest.json'
For more information check: https://developer.mozilla.org/en-US/docs/Web/HTTP/Status/403",2026-07-17T14:35:43.843378
echoalger,bpt6k4158410n,,failed,0,0,,http_manifest,known,403,manifest,"Client error '403 ' for url 'https://openapiproext.bnf.fr/iiif/presentation/v3/ark:/12148/bpt6k4158410n/manifest.json'
For more information check: https://developer.mozilla.org/en-US/docs/Web/HTTP/Status/403",2026-07-17T14:35:45.040294
echoalger,bpt6k41584112,,failed,0,0,,http_manifest,known,403,manifest,"Client error '403 ' for url 'https://openapiproext.bnf.fr/iiif/presentation/v3/ark:/12148/bpt6k41584112/manifest.json'
For more information check: https://developer.mozilla.org/en-US/docs/Web/HTTP/Status/403",2026-07-17T14:35:46.280157
echoalger,bpt6k4158412g,,failed,0,0,,http_manifest,known,403,manifest,"Client error '403 ' for url 'https://openapiproext.bnf.fr/iiif/presentation/v3/ark:/12148/bpt6k4158412g/manifest.json'
For more information check: https://developer.mozilla.org/en-US/docs/Web/HTTP/Status/403",2026-07-17T14:35:47.442806
echoalger,bpt6k4158413w,,failed,0,0,,http_manifest,known,403,manifest,"Client error '403 ' for url 'https://openapiproext.bnf.fr/iiif/presentation/v3/ark:/12148/bpt6k4158413w/manifest.json'
For more information check: https://developer.mozilla.org/en-US/docs/Web/HTTP/Status/403",2026-07-17T14:35:48.648955
echoalger,bpt6k41584149,,failed,0,0,,http_manifest,known,403,manifest,"Client error '403 ' for url 'https://openapiproext.bnf.fr/iiif/presentation/v3/ark:/12148/bpt6k41584149/manifest.json'
For more information check: https://developer.mozilla.org/en-US/docs/Web/HTTP/Status/403",2026-07-17T14:35:49.849115
echoalger,bpt6k4158415q,,failed,0,0,,http_manifest,known,403,manifest,"Client error '403 ' for url 'https://openapiproext.bnf.fr/iiif/presentation/v3/ark:/12148/bpt6k4158415q/manifest.json'
For more information check: https://developer.mozilla.org/en-US/docs/Web/HTTP/Status/403",2026-07-17T14:35:51.046402
echoalger,bpt6k41584164,,failed,0,0,,http_manifest,known,403,manifest,"Client error '403 ' for url 'https://openapiproext.bnf.fr/iiif/presentation/v3/ark:/12148/bpt6k41584164/manifest.json'
For more information check: https://developer.mozilla.org/en-US/docs/Web/HTTP/Status/403",2026-07-17T14:35:52.247668
echoalger,bpt6k4158417j,,failed,0,0,,http_manifest,known,403,manifest,"Client error '403 ' for url 'https://openapiproext.bnf.fr/iiif/presentation/v3/ark:/12148/bpt6k4158417j/manifest.json'
For more information check: https://developer.mozilla.org/en-US/docs/Web/HTTP/Status/403",2026-07-17T14:35:53.454120
echoalger,bpt6k4158418z,,failed,0,0,,http_manifest,known,403,manifest,"Client error '403 ' for url 'https://openapiproext.bnf.fr/iiif/presentation/v3/ark:/12148/bpt6k4158418z/manifest.json'
For more information check: https://developer.mozilla.org/en-US/docs/Web/HTTP/Status/403",2026-07-17T14:35:54.656442
echoalger,bpt6k4158419c,,failed,0,0,,http_manifest,known,403,manifest,"Client error '403 ' for url 'https://openapiproext.bnf.fr/iiif/presentation/v3/ark:/12148/bpt6k4158419c/manifest.json'
For more information check: https://developer.mozilla.org/en-US/docs/Web/HTTP/Status/403",2026-07-17T14:35:55.855581
echoalger,bpt6k41584201,,failed,0,0,,http_manifest,known,403,manifest,"Client error '403 ' for url 'https://openapiproext.bnf.fr/iiif/presentation/v3/ark:/12148/bpt6k41584201/manifest.json'
For more information check: https://developer.mozilla.org/en-US/docs/Web/HTTP/Status/403",2026-07-17T14:35:57.057990
echoalger,bpt6k4158421f,,failed,0,0,,http_manifest,known,403,manifest,"Client error '403 ' for url 'https://openapiproext.bnf.fr/iiif/presentation/v3/ark:/12148/bpt6k4158421f/manifest.json'
For more information check: https://developer.mozilla.org/en-US/docs/Web/HTTP/Status/403",2026-07-17T14:35:58.441027
echoalger,bpt6k4158422v,,failed,0,0,,http_manifest,known,403,manifest,"Client error '403 ' for url 'https://openapiproext.bnf.fr/iiif/presentation/v3/ark:/12148/bpt6k4158422v/manifest.json'
For more information check: https://developer.mozilla.org/en-US/docs/Web/HTTP/Status/403",2026-07-17T14:35:59.651650
echoalger,bpt6k41584238,,failed,0,0,,http_manifest,known,403,manifest,"Client error '403 ' for url 'https://openapiproext.bnf.fr/iiif/presentation/v3/ark:/12148/bpt6k41584238/manifest.json'
For more information check: https://developer.mozilla.org/en-US/docs/Web/HTTP/Status/403",2026-07-17T14:36:00.665500
echoalger,bpt6k4158424p,,failed,0,0,,http_manifest,known,403,manifest,"Client error '403 ' for url 'https://openapiproext.bnf.fr/iiif/presentation/v3/ark:/12148/bpt6k4158424p/manifest.json'
For more information check: https://developer.mozilla.org/en-US/docs/Web/HTTP/Status/403",2026-07-17T14:36:02.152393
echoalger,bpt6k41584253,,failed,0,0,,http_manifest,known,403,manifest,"Client error '403 ' for url 'https://openapiproext.bnf.fr/iiif/presentation/v3/ark:/12148/bpt6k41584253/manifest.json'
For more information check: https://developer.mozilla.org/en-US/docs/Web/HTTP/Status/403",2026-07-17T14:36:03.061283
echoalger,bpt6k4158426h,,failed,0,0,,http_manifest,known,403,manifest,"Client error '403 ' for url 'https://openapiproext.bnf.fr/iiif/presentation/v3/ark:/12148/bpt6k4158426h/manifest.json'
For more information check: https://developer.mozilla.org/en-US/docs/Web/HTTP/Status/403",2026-07-17T14:36:04.270072
echoalger,bpt6k4158427x,,failed,0,0,,http_manifest,known,403,manifest,"Client error '403 ' for url 'https://openapiproext.bnf.fr/iiif/presentation/v3/ark:/12148/bpt6k4158427x/manifest.json'
For more information check: https://developer.mozilla.org/en-US/docs/Web/HTTP/Status/403",2026-07-17T14:36:05.536947
echoalger,bpt6k4158428b,,failed,0,0,,http_manifest,known,403,manifest,"Client error '403 ' for url 'https://openapiproext.bnf.fr/iiif/presentation/v3/ark:/12148/bpt6k4158428b/manifest.json'
For more information check: https://developer.mozilla.org/en-US/docs/Web/HTTP/Status/403",2026-07-17T14:36:06.674360
echoalger,bpt6k4158429r,,failed,0,0,,http_manifest,known,403,manifest,"Client error '403 ' for url 'https://openapiproext.bnf.fr/iiif/presentation/v3/ark:/12148/bpt6k4158429r/manifest.json'
For more information check: https://developer.mozilla.org/en-US/docs/Web/HTTP/Status/403",2026-07-17T14:36:07.864655
echoalger,bpt6k4158430d,,failed,0,0,,http_manifest,known,403,manifest,"Client error '403 ' for url 'https://openapiproext.bnf.fr/iiif/presentation/v3/ark:/12148/bpt6k4158430d/manifest.json'
For more information check: https://developer.mozilla.org/en-US/docs/Web/HTTP/Status/403",2026-07-17T14:36:09.071869
echoalger,bpt6k4158431t,,failed,0,0,,http_manifest,known,403,manifest,"Client error '403 ' for url 'https://openapiproext.bnf.fr/iiif/presentation/v3/ark:/12148/bpt6k4158431t/manifest.json'
For more information check: https://developer.mozilla.org/en-US/docs/Web/HTTP/Status/403",2026-07-17T14:36:10.401772
echoalger,bpt6k41584327,,failed,0,0,,http_manifest,known,403,manifest,"Client error '403 ' for url 'https://openapiproext.bnf.fr/iiif/presentation/v3/ark:/12148/bpt6k41584327/manifest.json'
For more information check: https://developer.mozilla.org/en-US/docs/Web/HTTP/Status/403",2026-07-17T14:36:11.470128
echoalger,bpt6k4158433n,,failed,0,0,,http_manifest,known,403,manifest,"Client error '403 ' for url 'https://openapiproext.bnf.fr/iiif/presentation/v3/ark:/12148/bpt6k4158433n/manifest.json'
For more information check: https://developer.mozilla.org/en-US/docs/Web/HTTP/Status/403",2026-07-17T14:36:12.793037
echoalger,bpt6k41584342,,failed,0,0,,http_manifest,known,403,manifest,"Client error '403 ' for url 'https://openapiproext.bnf.fr/iiif/presentation/v3/ark:/12148/bpt6k41584342/manifest.json'
For more information check: https://developer.mozilla.org/en-US/docs/Web/HTTP/Status/403",2026-07-17T14:36:13.935366
echoalger,bpt6k4158435g,,failed,0,0,,http_manifest,known,403,manifest,"Client error '403 ' for url 'https://openapiproext.bnf.fr/iiif/presentation/v3/ark:/12148/bpt6k4158435g/manifest.json'
For more information check: https://developer.mozilla.org/en-US/docs/Web/HTTP/Status/403",2026-07-17T14:36:15.074687
echoalger,bpt6k4158436w,,failed,0,0,,http_manifest,known,403,manifest,"Client error '403 ' for url 'https://openapiproext.bnf.fr/iiif/presentation/v3/ark:/12148/bpt6k4158436w/manifest.json'
For more information check: https://developer.mozilla.org/en-US/docs/Web/HTTP/Status/403",2026-07-17T14:36:16.401801
echoalger,bpt6k41584379,,failed,0,0,,http_manifest,known,403,manifest,"Client error '403 ' for url 'https://openapiproext.bnf.fr/iiif/presentation/v3/ark:/12148/bpt6k41584379/manifest.json'
For more information check: https://developer.mozilla.org/en-US/docs/Web/HTTP/Status/403",2026-07-17T14:36:17.623003
echoalger,bpt6k4158438q,,failed,0,0,,http_manifest,known,403,manifest,"Client error '403 ' for url 'https://openapiproext.bnf.fr/iiif/presentation/v3/ark:/12148/bpt6k4158438q/manifest.json'
For more information check: https://developer.mozilla.org/en-US/docs/Web/HTTP/Status/403",2026-07-17T14:36:18.896757
echoalger,bpt6k41584394,,failed,0,0,,http_manifest,known,403,manifest,"Client error '403 ' for url 'https://openapiproext.bnf.fr/iiif/presentation/v3/ark:/12148/bpt6k41584394/manifest.json'
For more information check: https://developer.mozilla.org/en-US/docs/Web/HTTP/Status/403",2026-07-17T14:36:19.880931
echoalger,bpt6k4158440s,,failed,0,0,,http_manifest,known,403,manifest,"Client error '403 ' for url 'https://openapiproext.bnf.fr/iiif/presentation/v3/ark:/12148/bpt6k4158440s/manifest.json'
For more information check: https://developer.mozilla.org/en-US/docs/Web/HTTP/Status/403",2026-07-17T14:36:21.080210
echoalger,bpt6k41584416,,failed,0,0,,http_manifest,known,403,manifest,"Client error '403 ' for url 'https://openapiproext.bnf.fr/iiif/presentation/v3/ark:/12148/bpt6k41584416/manifest.json'
For more information check: https://developer.mozilla.org/en-US/docs/Web/HTTP/Status/403",2026-07-17T14:36:22.282115
echoalger,bpt6k4158442m,,failed,0,0,,http_manifest,known,403,manifest,"Client error '403 ' for url 'https://openapiproext.bnf.fr/iiif/presentation/v3/ark:/12148/bpt6k4158442m/manifest.json'
For more information check: https://developer.mozilla.org/en-US/docs/Web/HTTP/Status/403",2026-07-17T14:36:23.483339
echoalger,bpt6k41584431,,failed,0,0,,http_manifest,known,403,manifest,"Client error '403 ' for url 'https://openapiproext.bnf.fr/iiif/presentation/v3/ark:/12148/bpt6k41584431/manifest.json'
For more information check: https://developer.mozilla.org/en-US/docs/Web/HTTP/Status/403",2026-07-17T14:36:24.709191
echoalger,bpt6k4158444f,,failed,0,0,,http_manifest,known,403,manifest,"Client error '403 ' for url 'https://openapiproext.bnf.fr/iiif/presentation/v3/ark:/12148/bpt6k4158444f/manifest.json'
For more information check: https://developer.mozilla.org/en-US/docs/Web/HTTP/Status/403",2026-07-17T14:36:25.884036
echoalger,bpt6k4158445v,,failed,0,0,,http_manifest,known,403,manifest,"Client error '403 ' for url 'https://openapiproext.bnf.fr/iiif/presentation/v3/ark:/12148/bpt6k4158445v/manifest.json'
For more information check: https://developer.mozilla.org/en-US/docs/Web/HTTP/Status/403",2026-07-17T14:36:27.087244
echoalger,bpt6k41584468,,failed,0,0,,http_manifest,known,403,manifest,"Client error '403 ' for url 'https://openapiproext.bnf.fr/iiif/presentation/v3/ark:/12148/bpt6k41584468/manifest.json'
For more information check: https://developer.mozilla.org/en-US/docs/Web/HTTP/Status/403",2026-07-17T14:36:28.291715
echoalger,bpt6k4158447p,,failed,0,0,,http_manifest,known,403,manifest,"Client error '403 ' for url 'https://openapiproext.bnf.fr/iiif/presentation/v3/ark:/12148/bpt6k4158447p/manifest.json'
For more information check: https://developer.mozilla.org/en-US/docs/Web/HTTP/Status/403",2026-07-17T14:36:29.491507
echoalger,bpt6k41584483,,failed,0,0,,http_manifest,known,403,manifest,"Client error '403 ' for url 'https://openapiproext.bnf.fr/iiif/presentation/v3/ark:/12148/bpt6k41584483/manifest.json'
For more information check: https://developer.mozilla.org/en-US/docs/Web/HTTP/Status/403",2026-07-17T14:36:30.693555
echoalger,bpt6k4158449h,,failed,0,0,,http_manifest,known,403,manifest,"Client error '403 ' for url 'https://openapiproext.bnf.fr/iiif/presentation/v3/ark:/12148/bpt6k4158449h/manifest.json'
For more information check: https://developer.mozilla.org/en-US/docs/Web/HTTP/Status/403",2026-07-17T14:36:31.889993
echoalger,bpt6k41584505,,failed,0,0,,http_manifest,known,403,manifest,"Client error '403 ' for url 'https://openapiproext.bnf.fr/iiif/presentation/v3/ark:/12148/bpt6k41584505/manifest.json'
For more information check: https://developer.mozilla.org/en-US/docs/Web/HTTP/Status/403",2026-07-17T14:36:33.093954
echoalger,bpt6k4158451k,,failed,0,0,,http_manifest,known,403,manifest,"Client error '403 ' for url 'https://openapiproext.bnf.fr/iiif/presentation/v3/ark:/12148/bpt6k4158451k/manifest.json'
For more information check: https://developer.mozilla.org/en-US/docs/Web/HTTP/Status/403",2026-07-17T14:36:34.295440
echoalger,bpt6k41584520,,failed,0,0,,http_manifest,known,403,manifest,"Client error '403 ' for url 'https://openapiproext.bnf.fr/iiif/presentation/v3/ark:/12148/bpt6k41584520/manifest.json'
For more information check: https://developer.mozilla.org/en-US/docs/Web/HTTP/Status/403",2026-07-17T14:36:35.500890
echoalger,bpt6k4158453d,,failed,0,0,,http_manifest,known,403,manifest,"Client error '403 ' for url 'https://openapiproext.bnf.fr/iiif/presentation/v3/ark:/12148/bpt6k4158453d/manifest.json'
For more information check: https://developer.mozilla.org/en-US/docs/Web/HTTP/Status/403",2026-07-17T14:36:36.727282
echoalger,bpt6k4158454t,,failed,0,0,,http_manifest,known,403,manifest,"Client error '403 ' for url 'https://openapiproext.bnf.fr/iiif/presentation/v3/ark:/12148/bpt6k4158454t/manifest.json'
For more information check: https://developer.mozilla.org/en-US/docs/Web/HTTP/Status/403",2026-07-17T14:36:37.901442
echoalger,bpt6k41584557,,failed,0,0,,http_manifest,known,403,manifest,"Client error '403 ' for url 'https://openapiproext.bnf.fr/iiif/presentation/v3/ark:/12148/bpt6k41584557/manifest.json'
For more information check: https://developer.mozilla.org/en-US/docs/Web/HTTP/Status/403",2026-07-17T14:36:39.103299
echoalger,bpt6k4158456n,,failed,0,0,,http_manifest,known,403,manifest,"Client error '403 ' for url 'https://openapiproext.bnf.fr/iiif/presentation/v3/ark:/12148/bpt6k4158456n/manifest.json'
For more information check: https://developer.mozilla.org/en-US/docs/Web/HTTP/Status/403",2026-07-17T14:36:40.303139
echoalger,bpt6k41584572,,failed,0,0,,http_manifest,known,403,manifest,"Client error '403 ' for url 'https://openapiproext.bnf.fr/iiif/presentation/v3/ark:/12148/bpt6k41584572/manifest.json'
For more information check: https://developer.mozilla.org/en-US/docs/Web/HTTP/Status/403",2026-07-17T14:36:41.505057
echoalger,bpt6k4158458g,,failed,0,0,,http_manifest,known,403,manifest,"Client error '403 ' for url 'https://openapiproext.bnf.fr/iiif/presentation/v3/ark:/12148/bpt6k4158458g/manifest.json'
For more information check: https://developer.mozilla.org/en-US/docs/Web/HTTP/Status/403",2026-07-17T14:36:42.730588
echoalger,bpt6k4158459w,,failed,0,0,,http_manifest,known,403,manifest,"Client error '403 ' for url 'https://openapiproext.bnf.fr/iiif/presentation/v3/ark:/12148/bpt6k4158459w/manifest.json'
For more information check: https://developer.mozilla.org/en-US/docs/Web/HTTP/Status/403",2026-07-17T14:36:44.029385
echoalger,bpt6k4158460j,,failed,0,0,,http_manifest,known,403,manifest,"Client error '403 ' for url 'https://openapiproext.bnf.fr/iiif/presentation/v3/ark:/12148/bpt6k4158460j/manifest.json'
For more information check: https://developer.mozilla.org/en-US/docs/Web/HTTP/Status/403",2026-07-17T14:36:45.108642
echoalger,bpt6k4158461z,,failed,0,0,,http_manifest,known,403,manifest,"Client error '403 ' for url 'https://openapiproext.bnf.fr/iiif/presentation/v3/ark:/12148/bpt6k4158461z/manifest.json'
For more information check: https://developer.mozilla.org/en-US/docs/Web/HTTP/Status/403",2026-07-17T14:36:46.322459
echoalger,bpt6k4158462c,,failed,0,0,,http_manifest,known,403,manifest,"Client error '403 ' for url 'https://openapiproext.bnf.fr/iiif/presentation/v3/ark:/12148/bpt6k4158462c/manifest.json'
For more information check: https://developer.mozilla.org/en-US/docs/Web/HTTP/Status/403",2026-07-17T14:36:47.515449
echoalger,bpt6k4158463s,,failed,0,0,,http_manifest,known,403,manifest,"Client error '403 ' for url 'https://openapiproext.bnf.fr/iiif/presentation/v3/ark:/12148/bpt6k4158463s/manifest.json'
For more information check: https://developer.mozilla.org/en-US/docs/Web/HTTP/Status/403",2026-07-17T14:36:48.712130
echoalger,bpt6k41584646,,failed,0,0,,http_manifest,known,403,manifest,"Client error '403 ' for url 'https://openapiproext.bnf.fr/iiif/presentation/v3/ark:/12148/bpt6k41584646/manifest.json'
For more information check: https://developer.mozilla.org/en-US/docs/Web/HTTP/Status/403",2026-07-17T14:36:49.916506
echoalger,bpt6k4158465m,,failed,0,0,,http_manifest,known,403,manifest,"Client error '403 ' for url 'https://openapiproext.bnf.fr/iiif/presentation/v3/ark:/12148/bpt6k4158465m/manifest.json'
For more information check: https://developer.mozilla.org/en-US/docs/Web/HTTP/Status/403",2026-07-17T14:36:51.116814
echoalger,bpt6k41584661,,failed,0,0,,http_manifest,known,403,manifest,"Client error '403 ' for url 'https://openapiproext.bnf.fr/iiif/presentation/v3/ark:/12148/bpt6k41584661/manifest.json'
For more information check: https://developer.mozilla.org/en-US/docs/Web/HTTP/Status/403",2026-07-17T14:36:52.334716
echoalger,bpt6k4158467f,,failed,0,0,,http_manifest,known,403,manifest,"Client error '403 ' for url 'https://openapiproext.bnf.fr/iiif/presentation/v3/ark:/12148/bpt6k4158467f/manifest.json'
For more information check: https://developer.mozilla.org/en-US/docs/Web/HTTP/Status/403",2026-07-17T14:36:53.522754
echoalger,bpt6k4158468v,,failed,0,0,,http_manifest,known,403,manifest,"Client error '403 ' for url 'https://openapiproext.bnf.fr/iiif/presentation/v3/ark:/12148/bpt6k4158468v/manifest.json'
For more information check: https://developer.mozilla.org/en-US/docs/Web/HTTP/Status/403",2026-07-17T14:36:54.746820
echoalger,bpt6k41584698,,failed,0,0,,http_manifest,known,403,manifest,"Client error '403 ' for url 'https://openapiproext.bnf.fr/iiif/presentation/v3/ark:/12148/bpt6k41584698/manifest.json'
For more information check: https://developer.mozilla.org/en-US/docs/Web/HTTP/Status/403",2026-07-17T14:36:55.925861
echoalger,bpt6k4158470x,,failed,0,0,,http_manifest,known,403,manifest,"Client error '403 ' for url 'https://openapiproext.bnf.fr/iiif/presentation/v3/ark:/12148/bpt6k4158470x/manifest.json'
For more information check: https://developer.mozilla.org/en-US/docs/Web/HTTP/Status/403",2026-07-17T14:36:57.121922
echoalger,bpt6k4158471b,,failed,0,0,,http_manifest,known,403,manifest,"Client error '403 ' for url 'https://openapiproext.bnf.fr/iiif/presentation/v3/ark:/12148/bpt6k4158471b/manifest.json'
For more information check: https://developer.mozilla.org/en-US/docs/Web/HTTP/Status/403",2026-07-17T14:36:58.603158
echoalger,bpt6k4158472r,,failed,0,0,,http_manifest,known,403,manifest,"Client error '403 ' for url 'https://openapiproext.bnf.fr/iiif/presentation/v3/ark:/12148/bpt6k4158472r/manifest.json'
For more information check: https://developer.mozilla.org/en-US/docs/Web/HTTP/Status/403",2026-07-17T14:36:59.665371
echoalger,bpt6k41584735,,failed,0,0,,http_manifest,known,403,manifest,"Client error '403 ' for url 'https://openapiproext.bnf.fr/iiif/presentation/v3/ark:/12148/bpt6k41584735/manifest.json'
For more information check: https://developer.mozilla.org/en-US/docs/Web/HTTP/Status/403",2026-07-17T14:37:00.917737
echoalger,bpt6k4158474k,,failed,0,0,,http_manifest,known,403,manifest,"Client error '403 ' for url 'https://openapiproext.bnf.fr/iiif/presentation/v3/ark:/12148/bpt6k4158474k/manifest.json'
For more information check: https://developer.mozilla.org/en-US/docs/Web/HTTP/Status/403",2026-07-17T14:37:01.986352
echoalger,bpt6k41584750,,failed,0,0,,http_manifest,known,403,manifest,"Client error '403 ' for url 'https://openapiproext.bnf.fr/iiif/presentation/v3/ark:/12148/bpt6k41584750/manifest.json'
For more information check: https://developer.mozilla.org/en-US/docs/Web/HTTP/Status/403",2026-07-17T14:37:03.133406
echoalger,bpt6k4158476d,,failed,0,0,,http_manifest,known,403,manifest,"Client error '403 ' for url 'https://openapiproext.bnf.fr/iiif/presentation/v3/ark:/12148/bpt6k4158476d/manifest.json'
For more information check: https://developer.mozilla.org/en-US/docs/Web/HTTP/Status/403",2026-07-17T14:37:04.354248
echoalger,bpt6k4158477t,,failed,0,0,,http_manifest,known,403,manifest,"Client error '403 ' for url 'https://openapiproext.bnf.fr/iiif/presentation/v3/ark:/12148/bpt6k4158477t/manifest.json'
For more information check: https://developer.mozilla.org/en-US/docs/Web/HTTP/Status/403",2026-07-17T14:37:05.609305
echoalger,bpt6k41584787,,failed,0,0,,http_manifest,known,403,manifest,"Client error '403 ' for url 'https://openapiproext.bnf.fr/iiif/presentation/v3/ark:/12148/bpt6k41584787/manifest.json'
For more information check: https://developer.mozilla.org/en-US/docs/Web/HTTP/Status/403",2026-07-17T14:37:06.763818
echoalger,bpt6k4158479n,,failed,0,0,,http_manifest,known,403,manifest,"Client error '403 ' for url 'https://openapiproext.bnf.fr/iiif/presentation/v3/ark:/12148/bpt6k4158479n/manifest.json'
For more information check: https://developer.mozilla.org/en-US/docs/Web/HTTP/Status/403",2026-07-17T14:37:07.938967
echoalger,bpt6k41584809,,failed,0,0,,http_manifest,known,403,manifest,"Client error '403 ' for url 'https://openapiproext.bnf.fr/iiif/presentation/v3/ark:/12148/bpt6k41584809/manifest.json'
For more information check: https://developer.mozilla.org/en-US/docs/Web/HTTP/Status/403",2026-07-17T14:37:09.148428
echoalger,bpt6k4158481q,,failed,0,0,,http_manifest,known,403,manifest,"Client error '403 ' for url 'https://openapiproext.bnf.fr/iiif/presentation/v3/ark:/12148/bpt6k4158481q/manifest.json'
For more information check: https://developer.mozilla.org/en-US/docs/Web/HTTP/Status/403",2026-07-17T14:37:10.342686
echoalger,bpt6k41584824,,failed,0,0,,http_manifest,known,403,manifest,"Client error '403 ' for url 'https://openapiproext.bnf.fr/iiif/presentation/v3/ark:/12148/bpt6k41584824/manifest.json'
For more information check: https://developer.mozilla.org/en-US/docs/Web/HTTP/Status/403",2026-07-17T14:37:11.682276
echoalger,bpt6k4158483j,,failed,0,0,,http_manifest,known,403,manifest,"Client error '403 ' for url 'https://openapiproext.bnf.fr/iiif/presentation/v3/ark:/12148/bpt6k4158483j/manifest.json'
For more information check: https://developer.mozilla.org/en-US/docs/Web/HTTP/Status/403",2026-07-17T14:37:12.771286
echoalger,bpt6k4158484z,,failed,0,0,,http_manifest,known,403,manifest,"Client error '403 ' for url 'https://openapiproext.bnf.fr/iiif/presentation/v3/ark:/12148/bpt6k4158484z/manifest.json'
For more information check: https://developer.mozilla.org/en-US/docs/Web/HTTP/Status/403",2026-07-17T14:37:14.000350
echoalger,bpt6k4158485c,,failed,0,0,,http_manifest,known,403,manifest,"Client error '403 ' for url 'https://openapiproext.bnf.fr/iiif/presentation/v3/ark:/12148/bpt6k4158485c/manifest.json'
For more information check: https://developer.mozilla.org/en-US/docs/Web/HTTP/Status/403",2026-07-17T14:37:15.149978
echoalger,bpt6k4158486s,,failed,0,0,,http_manifest,known,403,manifest,"Client error '403 ' for url 'https://openapiproext.bnf.fr/iiif/presentation/v3/ark:/12148/bpt6k4158486s/manifest.json'
For more information check: https://developer.mozilla.org/en-US/docs/Web/HTTP/Status/403",2026-07-17T14:37:16.585570
echoalger,bpt6k41584876,,failed,0,0,,http_manifest,known,403,manifest,"Client error '403 ' for url 'https://openapiproext.bnf.fr/iiif/presentation/v3/ark:/12148/bpt6k41584876/manifest.json'
For more information check: https://developer.mozilla.org/en-US/docs/Web/HTTP/Status/403",2026-07-17T14:37:17.566018
echoalger,bpt6k4158488m,,failed,0,0,,http_manifest,known,403,manifest,"Client error '403 ' for url 'https://openapiproext.bnf.fr/iiif/presentation/v3/ark:/12148/bpt6k4158488m/manifest.json'
For more information check: https://developer.mozilla.org/en-US/docs/Web/HTTP/Status/403",2026-07-17T14:37:18.988873
echoalger,bpt6k41584891,,failed,0,0,,http_manifest,known,403,manifest,"Client error '403 ' for url 'https://openapiproext.bnf.fr/iiif/presentation/v3/ark:/12148/bpt6k41584891/manifest.json'
For more information check: https://developer.mozilla.org/en-US/docs/Web/HTTP/Status/403",2026-07-17T14:37:19.963527
echoalger,bpt6k4158490p,,failed,0,0,,http_manifest,known,403,manifest,"Client error '403 ' for url 'https://openapiproext.bnf.fr/iiif/presentation/v3/ark:/12148/bpt6k4158490p/manifest.json'
For more information check: https://developer.mozilla.org/en-US/docs/Web/HTTP/Status/403",2026-07-17T14:37:21.163622
echoalger,bpt6k41584913,,failed,0,0,,http_manifest,known,403,manifest,"Client error '403 ' for url 'https://openapiproext.bnf.fr/iiif/presentation/v3/ark:/12148/bpt6k41584913/manifest.json'
For more information check: https://developer.mozilla.org/en-US/docs/Web/HTTP/Status/403",2026-07-17T14:37:22.365486
echoalger,bpt6k4158492h,,failed,0,0,,http_manifest,known,403,manifest,"Client error '403 ' for url 'https://openapiproext.bnf.fr/iiif/presentation/v3/ark:/12148/bpt6k4158492h/manifest.json'
For more information check: https://developer.mozilla.org/en-US/docs/Web/HTTP/Status/403",2026-07-17T14:37:23.571959
echoalger,bpt6k4158493x,,failed,0,0,,http_manifest,known,403,manifest,"Client error '403 ' for url 'https://openapiproext.bnf.fr/iiif/presentation/v3/ark:/12148/bpt6k4158493x/manifest.json'
For more information check: https://developer.mozilla.org/en-US/docs/Web/HTTP/Status/403",2026-07-17T14:37:24.793264
echoalger,bpt6k4158494b,,failed,0,0,,http_manifest,known,403,manifest,"Client error '403 ' for url 'https://openapiproext.bnf.fr/iiif/presentation/v3/ark:/12148/bpt6k4158494b/manifest.json'
For more information check: https://developer.mozilla.org/en-US/docs/Web/HTTP/Status/403",2026-07-17T14:37:25.967500
echoalger,bpt6k4158495r,,failed,0,0,,http_manifest,known,403,manifest,"Client error '403 ' for url 'https://openapiproext.bnf.fr/iiif/presentation/v3/ark:/12148/bpt6k4158495r/manifest.json'
For more information check: https://developer.mozilla.org/en-US/docs/Web/HTTP/Status/403",2026-07-17T14:37:27.172062
echoalger,bpt6k41584965,,failed,0,0,,http_manifest,known,403,manifest,"Client error '403 ' for url 'https://openapiproext.bnf.fr/iiif/presentation/v3/ark:/12148/bpt6k41584965/manifest.json'
For more information check: https://developer.mozilla.org/en-US/docs/Web/HTTP/Status/403",2026-07-17T14:37:28.369583
echoalger,bpt6k4158497k,,failed,0,0,,http_manifest,known,403,manifest,"Client error '403 ' for url 'https://openapiproext.bnf.fr/iiif/presentation/v3/ark:/12148/bpt6k4158497k/manifest.json'
For more information check: https://developer.mozilla.org/en-US/docs/Web/HTTP/Status/403",2026-07-17T14:37:29.575022
echoalger,bpt6k41584980,,failed,0,0,,http_manifest,known,403,manifest,"Client error '403 ' for url 'https://openapiproext.bnf.fr/iiif/presentation/v3/ark:/12148/bpt6k41584980/manifest.json'
For more information check: https://developer.mozilla.org/en-US/docs/Web/HTTP/Status/403",2026-07-17T14:37:30.781070
echoalger,bpt6k4158499d,,failed,0,0,,http_manifest,known,403,manifest,"Client error '403 ' for url 'https://openapiproext.bnf.fr/iiif/presentation/v3/ark:/12148/bpt6k4158499d/manifest.json'
For more information check: https://developer.mozilla.org/en-US/docs/Web/HTTP/Status/403",2026-07-17T14:37:31.976123
echoalger,bpt6k4158500m,,failed,0,0,,http_manifest,known,403,manifest,"Client error '403 ' for url 'https://openapiproext.bnf.fr/iiif/presentation/v3/ark:/12148/bpt6k4158500m/manifest.json'
For more information check: https://developer.mozilla.org/en-US/docs/Web/HTTP/Status/403",2026-07-17T14:37:33.176381
echoalger,bpt6k41585011,,failed,0,0,,http_manifest,known,403,manifest,"Client error '403 ' for url 'https://openapiproext.bnf.fr/iiif/presentation/v3/ark:/12148/bpt6k41585011/manifest.json'
For more information check: https://developer.mozilla.org/en-US/docs/Web/HTTP/Status/403",2026-07-17T14:37:34.380061
echoalger,bpt6k4158502f,,failed,0,0,,http_manifest,known,403,manifest,"Client error '403 ' for url 'https://openapiproext.bnf.fr/iiif/presentation/v3/ark:/12148/bpt6k4158502f/manifest.json'
For more information check: https://developer.mozilla.org/en-US/docs/Web/HTTP/Status/403",2026-07-17T14:37:35.580144
echoalger,bpt6k4158503v,,failed,0,0,,http_manifest,known,403,manifest,"Client error '403 ' for url 'https://openapiproext.bnf.fr/iiif/presentation/v3/ark:/12148/bpt6k4158503v/manifest.json'
For more information check: https://developer.mozilla.org/en-US/docs/Web/HTTP/Status/403",2026-07-17T14:37:36.804351
echoalger,bpt6k41585048,,failed,0,0,,http_manifest,known,403,manifest,"Client error '403 ' for url 'https://openapiproext.bnf.fr/iiif/presentation/v3/ark:/12148/bpt6k41585048/manifest.json'
For more information check: https://developer.mozilla.org/en-US/docs/Web/HTTP/Status/403",2026-07-17T14:37:37.990886
echoalger,bpt6k4158505p,,failed,0,0,,http_manifest,known,403,manifest,"Client error '403 ' for url 'https://openapiproext.bnf.fr/iiif/presentation/v3/ark:/12148/bpt6k4158505p/manifest.json'
For more information check: https://developer.mozilla.org/en-US/docs/Web/HTTP/Status/403",2026-07-17T14:37:39.183674
echoalger,bpt6k41585063,,failed,0,0,,http_manifest,known,403,manifest,"Client error '403 ' for url 'https://openapiproext.bnf.fr/iiif/presentation/v3/ark:/12148/bpt6k41585063/manifest.json'
For more information check: https://developer.mozilla.org/en-US/docs/Web/HTTP/Status/403",2026-07-17T14:37:40.385150
echoalger,bpt6k4158507h,,failed,0,0,,http_manifest,known,403,manifest,"Client error '403 ' for url 'https://openapiproext.bnf.fr/iiif/presentation/v3/ark:/12148/bpt6k4158507h/manifest.json'
For more information check: https://developer.mozilla.org/en-US/docs/Web/HTTP/Status/403",2026-07-17T14:37:41.588235
echoalger,bpt6k4158508x,,failed,0,0,,http_manifest,known,403,manifest,"Client error '403 ' for url 'https://openapiproext.bnf.fr/iiif/presentation/v3/ark:/12148/bpt6k4158508x/manifest.json'
For more information check: https://developer.mozilla.org/en-US/docs/Web/HTTP/Status/403",2026-07-17T14:37:42.877434
echoalger,bpt6k4158509b,,failed,0,0,,http_manifest,known,403,manifest,"Client error '403 ' for url 'https://openapiproext.bnf.fr/iiif/presentation/v3/ark:/12148/bpt6k4158509b/manifest.json'
For more information check: https://developer.mozilla.org/en-US/docs/Web/HTTP/Status/403",2026-07-17T14:37:43.990764
echoalger,bpt6k41585100,,failed,0,0,,http_manifest,known,403,manifest,"Client error '403 ' for url 'https://openapiproext.bnf.fr/iiif/presentation/v3/ark:/12148/bpt6k41585100/manifest.json'
For more information check: https://developer.mozilla.org/en-US/docs/Web/HTTP/Status/403",2026-07-17T14:37:45.190484
echoalger,bpt6k4158511d,,failed,0,0,,http_manifest,known,403,manifest,"Client error '403 ' for url 'https://openapiproext.bnf.fr/iiif/presentation/v3/ark:/12148/bpt6k4158511d/manifest.json'
For more information check: https://developer.mozilla.org/en-US/docs/Web/HTTP/Status/403",2026-07-17T14:37:46.393915
echoalger,bpt6k4158512t,,failed,0,0,,http_manifest,known,403,manifest,"Client error '403 ' for url 'https://openapiproext.bnf.fr/iiif/presentation/v3/ark:/12148/bpt6k4158512t/manifest.json'
For more information check: https://developer.mozilla.org/en-US/docs/Web/HTTP/Status/403",2026-07-17T14:37:47.593146
echoalger,bpt6k41585137,,failed,0,0,,http_manifest,known,403,manifest,"Client error '403 ' for url 'https://openapiproext.bnf.fr/iiif/presentation/v3/ark:/12148/bpt6k41585137/manifest.json'
For more information check: https://developer.mozilla.org/en-US/docs/Web/HTTP/Status/403",2026-07-17T14:37:48.803217
echoalger,bpt6k4158514n,,failed,0,0,,http_manifest,known,403,manifest,"Client error '403 ' for url 'https://openapiproext.bnf.fr/iiif/presentation/v3/ark:/12148/bpt6k4158514n/manifest.json'
For more information check: https://developer.mozilla.org/en-US/docs/Web/HTTP/Status/403",2026-07-17T14:37:49.996389
echoalger,bpt6k41585152,,failed,0,0,,http_manifest,known,403,manifest,"Client error '403 ' for url 'https://openapiproext.bnf.fr/iiif/presentation/v3/ark:/12148/bpt6k41585152/manifest.json'
For more information check: https://developer.mozilla.org/en-US/docs/Web/HTTP/Status/403",2026-07-17T14:37:51.203824
echoalger,bpt6k4158516g,,failed,0,0,,http_manifest,known,403,manifest,"Client error '403 ' for url 'https://openapiproext.bnf.fr/iiif/presentation/v3/ark:/12148/bpt6k4158516g/manifest.json'
For more information check: https://developer.mozilla.org/en-US/docs/Web/HTTP/Status/403",2026-07-17T14:37:52.402934
echoalger,bpt6k4158517w,,failed,0,0,,http_manifest,known,403,manifest,"Client error '403 ' for url 'https://openapiproext.bnf.fr/iiif/presentation/v3/ark:/12148/bpt6k4158517w/manifest.json'
For more information check: https://developer.mozilla.org/en-US/docs/Web/HTTP/Status/403",2026-07-17T14:37:53.600961
echoalger,bpt6k41585189,,failed,0,0,,http_manifest,known,403,manifest,"Client error '403 ' for url 'https://openapiproext.bnf.fr/iiif/presentation/v3/ark:/12148/bpt6k41585189/manifest.json'
For more information check: https://developer.mozilla.org/en-US/docs/Web/HTTP/Status/403",2026-07-17T14:37:54.829560
echoalger,bpt6k4158519q,,failed,0,0,,http_manifest,known,403,manifest,"Client error '403 ' for url 'https://openapiproext.bnf.fr/iiif/presentation/v3/ark:/12148/bpt6k4158519q/manifest.json'
For more information check: https://developer.mozilla.org/en-US/docs/Web/HTTP/Status/403",2026-07-17T14:37:56.008962
echoalger,bpt6k4158520c,,failed,0,0,,http_manifest,known,403,manifest,"Client error '403 ' for url 'https://openapiproext.bnf.fr/iiif/presentation/v3/ark:/12148/bpt6k4158520c/manifest.json'
For more information check: https://developer.mozilla.org/en-US/docs/Web/HTTP/Status/403",2026-07-17T14:37:57.206630
echoalger,bpt6k4158521s,,failed,0,0,,http_manifest,known,403,manifest,"Client error '403 ' for url 'https://openapiproext.bnf.fr/iiif/presentation/v3/ark:/12148/bpt6k4158521s/manifest.json'
For more information check: https://developer.mozilla.org/en-US/docs/Web/HTTP/Status/403",2026-07-17T14:37:58.478729
echoalger,bpt6k41585226,,failed,0,0,,http_manifest,known,403,manifest,"Client error '403 ' for url 'https://openapiproext.bnf.fr/iiif/presentation/v3/ark:/12148/bpt6k41585226/manifest.json'
For more information check: https://developer.mozilla.org/en-US/docs/Web/HTTP/Status/403",2026-07-17T14:37:59.832503
echoalger,bpt6k4158523m,,failed,0,0,,http_manifest,known,403,manifest,"Client error '403 ' for url 'https://openapiproext.bnf.fr/iiif/presentation/v3/ark:/12148/bpt6k4158523m/manifest.json'
For more information check: https://developer.mozilla.org/en-US/docs/Web/HTTP/Status/403",2026-07-17T14:38:00.981308
echoalger,bpt6k41585241,,failed,0,0,,http_manifest,known,403,manifest,"Client error '403 ' for url 'https://openapiproext.bnf.fr/iiif/presentation/v3/ark:/12148/bpt6k41585241/manifest.json'
For more information check: https://developer.mozilla.org/en-US/docs/Web/HTTP/Status/403",2026-07-17T14:38:02.061475
echoalger,bpt6k4158525f,,failed,0,0,,http_manifest,known,403,manifest,"Client error '403 ' for url 'https://openapiproext.bnf.fr/iiif/presentation/v3/ark:/12148/bpt6k4158525f/manifest.json'
For more information check: https://developer.mozilla.org/en-US/docs/Web/HTTP/Status/403",2026-07-17T14:38:03.219619
echoalger,bpt6k4158526v,,failed,0,0,,http_manifest,known,403,manifest,"Client error '403 ' for url 'https://openapiproext.bnf.fr/iiif/presentation/v3/ark:/12148/bpt6k4158526v/manifest.json'
For more information check: https://developer.mozilla.org/en-US/docs/Web/HTTP/Status/403",2026-07-17T14:38:04.564005
echoalger,bpt6k41585278,,failed,0,0,,http_manifest,known,403,manifest,"Client error '403 ' for url 'https://openapiproext.bnf.fr/iiif/presentation/v3/ark:/12148/bpt6k41585278/manifest.json'
For more information check: https://developer.mozilla.org/en-US/docs/Web/HTTP/Status/403",2026-07-17T14:38:05.860961
echoalger,bpt6k4158528p,,failed,0,0,,http_manifest,known,403,manifest,"Client error '403 ' for url 'https://openapiproext.bnf.fr/iiif/presentation/v3/ark:/12148/bpt6k4158528p/manifest.json'
For more information check: https://developer.mozilla.org/en-US/docs/Web/HTTP/Status/403",2026-07-17T14:38:06.816530
echoalger,bpt6k41585293,,failed,0,0,,http_manifest,known,403,manifest,"Client error '403 ' for url 'https://openapiproext.bnf.fr/iiif/presentation/v3/ark:/12148/bpt6k41585293/manifest.json'
For more information check: https://developer.mozilla.org/en-US/docs/Web/HTTP/Status/403",2026-07-17T14:38:08.022693
echoalger,bpt6k4158530r,,failed,0,0,,http_manifest,known,403,manifest,"Client error '403 ' for url 'https://openapiproext.bnf.fr/iiif/presentation/v3/ark:/12148/bpt6k4158530r/manifest.json'
For more information check: https://developer.mozilla.org/en-US/docs/Web/HTTP/Status/403",2026-07-17T14:38:09.224000
echoalger,bpt6k41585315,,failed,0,0,,http_manifest,known,403,manifest,"Client error '403 ' for url 'https://openapiproext.bnf.fr/iiif/presentation/v3/ark:/12148/bpt6k41585315/manifest.json'
For more information check: https://developer.mozilla.org/en-US/docs/Web/HTTP/Status/403",2026-07-17T14:38:10.424590
echoalger,bpt6k4158532k,,failed,0,0,,http_manifest,known,403,manifest,"Client error '403 ' for url 'https://openapiproext.bnf.fr/iiif/presentation/v3/ark:/12148/bpt6k4158532k/manifest.json'
For more information check: https://developer.mozilla.org/en-US/docs/Web/HTTP/Status/403",2026-07-17T14:38:11.700723
echoalger,bpt6k41585330,,failed,0,0,,http_manifest,known,403,manifest,"Client error '403 ' for url 'https://openapiproext.bnf.fr/iiif/presentation/v3/ark:/12148/bpt6k41585330/manifest.json'
For more information check: https://developer.mozilla.org/en-US/docs/Web/HTTP/Status/403",2026-07-17T14:38:12.881996
echoalger,bpt6k4158534d,,failed,0,0,,http_manifest,known,403,manifest,"Client error '403 ' for url 'https://openapiproext.bnf.fr/iiif/presentation/v3/ark:/12148/bpt6k4158534d/manifest.json'
For more information check: https://developer.mozilla.org/en-US/docs/Web/HTTP/Status/403",2026-07-17T14:38:14.083505
echoalger,bpt6k4158535t,,failed,0,0,,http_manifest,known,403,manifest,"Client error '403 ' for url 'https://openapiproext.bnf.fr/iiif/presentation/v3/ark:/12148/bpt6k4158535t/manifest.json'
For more information check: https://developer.mozilla.org/en-US/docs/Web/HTTP/Status/403",2026-07-17T14:38:15.226026
echoalger,bpt6k41585367,,failed,0,0,,http_manifest,known,403,manifest,"Client error '403 ' for url 'https://openapiproext.bnf.fr/iiif/presentation/v3/ark:/12148/bpt6k41585367/manifest.json'
For more information check: https://developer.mozilla.org/en-US/docs/Web/HTTP/Status/403",2026-07-17T14:38:16.429283
echoalger,bpt6k4158537n,,failed,0,0,,http_manifest,known,403,manifest,"Client error '403 ' for url 'https://openapiproext.bnf.fr/iiif/presentation/v3/ark:/12148/bpt6k4158537n/manifest.json'
For more information check: https://developer.mozilla.org/en-US/docs/Web/HTTP/Status/403",2026-07-17T14:38:17.704241
echoalger,bpt6k41585382,,failed,0,0,,http_manifest,known,403,manifest,"Client error '403 ' for url 'https://openapiproext.bnf.fr/iiif/presentation/v3/ark:/12148/bpt6k41585382/manifest.json'
For more information check: https://developer.mozilla.org/en-US/docs/Web/HTTP/Status/403",2026-07-17T14:38:18.847370
echoalger,bpt6k4158539g,,failed,0,0,,http_manifest,known,403,manifest,"Client error '403 ' for url 'https://openapiproext.bnf.fr/iiif/presentation/v3/ark:/12148/bpt6k4158539g/manifest.json'
For more information check: https://developer.mozilla.org/en-US/docs/Web/HTTP/Status/403",2026-07-17T14:38:20.033851
echoalger,bpt6k41585404,,failed,0,0,,http_manifest,known,403,manifest,"Client error '403 ' for url 'https://openapiproext.bnf.fr/iiif/presentation/v3/ark:/12148/bpt6k41585404/manifest.json'
For more information check: https://developer.mozilla.org/en-US/docs/Web/HTTP/Status/403",2026-07-17T14:38:21.236354
echoalger,bpt6k4158541j,,failed,0,0,,http_manifest,known,403,manifest,"Client error '403 ' for url 'https://openapiproext.bnf.fr/iiif/presentation/v3/ark:/12148/bpt6k4158541j/manifest.json'
For more information check: https://developer.mozilla.org/en-US/docs/Web/HTTP/Status/403",2026-07-17T14:38:22.439225
echoalger,bpt6k4158542z,,failed,0,0,,http_manifest,known,403,manifest,"Client error '403 ' for url 'https://openapiproext.bnf.fr/iiif/presentation/v3/ark:/12148/bpt6k4158542z/manifest.json'
For more information check: https://developer.mozilla.org/en-US/docs/Web/HTTP/Status/403",2026-07-17T14:38:23.640156
echoalger,bpt6k4158543c,,failed,0,0,,http_manifest,known,403,manifest,"Client error '403 ' for url 'https://openapiproext.bnf.fr/iiif/presentation/v3/ark:/12148/bpt6k4158543c/manifest.json'
For more information check: https://developer.mozilla.org/en-US/docs/Web/HTTP/Status/403",2026-07-17T14:38:24.844203
echoalger,bpt6k4158544s,,failed,0,0,,http_manifest,known,403,manifest,"Client error '403 ' for url 'https://openapiproext.bnf.fr/iiif/presentation/v3/ark:/12148/bpt6k4158544s/manifest.json'
For more information check: https://developer.mozilla.org/en-US/docs/Web/HTTP/Status/403",2026-07-17T14:38:26.049754
echoalger,bpt6k41585456,,failed,0,0,,http_manifest,known,403,manifest,"Client error '403 ' for url 'https://openapiproext.bnf.fr/iiif/presentation/v3/ark:/12148/bpt6k41585456/manifest.json'
For more information check: https://developer.mozilla.org/en-US/docs/Web/HTTP/Status/403",2026-07-17T14:38:27.245256
echoalger,bpt6k4158546m,,failed,0,0,,http_manifest,known,403,manifest,"Client error '403 ' for url 'https://openapiproext.bnf.fr/iiif/presentation/v3/ark:/12148/bpt6k4158546m/manifest.json'
For more information check: https://developer.mozilla.org/en-US/docs/Web/HTTP/Status/403",2026-07-17T14:38:28.470906
echoalger,bpt6k41585471,,failed,0,0,,http_manifest,known,403,manifest,"Client error '403 ' for url 'https://openapiproext.bnf.fr/iiif/presentation/v3/ark:/12148/bpt6k41585471/manifest.json'
For more information check: https://developer.mozilla.org/en-US/docs/Web/HTTP/Status/403",2026-07-17T14:38:29.650542
echoalger,bpt6k4158548f,,failed,0,0,,http_manifest,known,403,manifest,"Client error '403 ' for url 'https://openapiproext.bnf.fr/iiif/presentation/v3/ark:/12148/bpt6k4158548f/manifest.json'
For more information check: https://developer.mozilla.org/en-US/docs/Web/HTTP/Status/403",2026-07-17T14:38:30.853906
echoalger,bpt6k4158549v,,failed,0,0,,http_manifest,known,403,manifest,"Client error '403 ' for url 'https://openapiproext.bnf.fr/iiif/presentation/v3/ark:/12148/bpt6k4158549v/manifest.json'
For more information check: https://developer.mozilla.org/en-US/docs/Web/HTTP/Status/403",2026-07-17T14:38:32.060356
echoalger,bpt6k4158550h,,failed,0,0,,http_manifest,known,403,manifest,"Client error '403 ' for url 'https://openapiproext.bnf.fr/iiif/presentation/v3/ark:/12148/bpt6k4158550h/manifest.json'
For more information check: https://developer.mozilla.org/en-US/docs/Web/HTTP/Status/403",2026-07-17T14:38:33.253835
echoalger,bpt6k4158551x,,failed,0,0,,http_manifest,known,403,manifest,"Client error '403 ' for url 'https://openapiproext.bnf.fr/iiif/presentation/v3/ark:/12148/bpt6k4158551x/manifest.json'
For more information check: https://developer.mozilla.org/en-US/docs/Web/HTTP/Status/403",2026-07-17T14:38:34.472453
echoalger,bpt6k4158552b,,failed,0,0,,http_manifest,known,403,manifest,"Client error '403 ' for url 'https://openapiproext.bnf.fr/iiif/presentation/v3/ark:/12148/bpt6k4158552b/manifest.json'
For more information check: https://developer.mozilla.org/en-US/docs/Web/HTTP/Status/403",2026-07-17T14:38:35.658164
echoalger,bpt6k4158553r,,failed,0,0,,http_manifest,known,403,manifest,"Client error '403 ' for url 'https://openapiproext.bnf.fr/iiif/presentation/v3/ark:/12148/bpt6k4158553r/manifest.json'
For more information check: https://developer.mozilla.org/en-US/docs/Web/HTTP/Status/403",2026-07-17T14:38:36.857294
echoalger,bpt6k41585545,,failed,0,0,,http_manifest,known,403,manifest,"Client error '403 ' for url 'https://openapiproext.bnf.fr/iiif/presentation/v3/ark:/12148/bpt6k41585545/manifest.json'
For more information check: https://developer.mozilla.org/en-US/docs/Web/HTTP/Status/403",2026-07-17T14:38:38.059315
echoalger,bpt6k4158555k,,failed,0,0,,http_manifest,known,403,manifest,"Client error '403 ' for url 'https://openapiproext.bnf.fr/iiif/presentation/v3/ark:/12148/bpt6k4158555k/manifest.json'
For more information check: https://developer.mozilla.org/en-US/docs/Web/HTTP/Status/403",2026-07-17T14:38:39.261888
echoalger,bpt6k41585560,,failed,0,0,,http_manifest,known,403,manifest,"Client error '403 ' for url 'https://openapiproext.bnf.fr/iiif/presentation/v3/ark:/12148/bpt6k41585560/manifest.json'
For more information check: https://developer.mozilla.org/en-US/docs/Web/HTTP/Status/403",2026-07-17T14:38:40.462376
echoalger,bpt6k4158557d,,failed,0,0,,http_manifest,known,403,manifest,"Client error '403 ' for url 'https://openapiproext.bnf.fr/iiif/presentation/v3/ark:/12148/bpt6k4158557d/manifest.json'
For more information check: https://developer.mozilla.org/en-US/docs/Web/HTTP/Status/403",2026-07-17T14:38:41.669470
echoalger,bpt6k4158558t,,failed,0,0,,http_manifest,known,403,manifest,"Client error '403 ' for url 'https://openapiproext.bnf.fr/iiif/presentation/v3/ark:/12148/bpt6k4158558t/manifest.json'
For more information check: https://developer.mozilla.org/en-US/docs/Web/HTTP/Status/403",2026-07-17T14:38:42.871536
echoalger,bpt6k41585597,,failed,0,0,,http_manifest,known,403,manifest,"Client error '403 ' for url 'https://openapiproext.bnf.fr/iiif/presentation/v3/ark:/12148/bpt6k41585597/manifest.json'
For more information check: https://developer.mozilla.org/en-US/docs/Web/HTTP/Status/403",2026-07-17T14:38:44.068430
echoalger,bpt6k4158560w,,failed,0,0,,http_manifest,known,403,manifest,"Client error '403 ' for url 'https://openapiproext.bnf.fr/iiif/presentation/v3/ark:/12148/bpt6k4158560w/manifest.json'
For more information check: https://developer.mozilla.org/en-US/docs/Web/HTTP/Status/403",2026-07-17T14:38:45.267122
echoalger,bpt6k41585619,,failed,0,0,,http_manifest,known,403,manifest,"Client error '403 ' for url 'https://openapiproext.bnf.fr/iiif/presentation/v3/ark:/12148/bpt6k41585619/manifest.json'
For more information check: https://developer.mozilla.org/en-US/docs/Web/HTTP/Status/403",2026-07-17T14:38:46.489016
echoalger,bpt6k4158562q,,failed,0,0,,http_manifest,known,403,manifest,"Client error '403 ' for url 'https://openapiproext.bnf.fr/iiif/presentation/v3/ark:/12148/bpt6k4158562q/manifest.json'
For more information check: https://developer.mozilla.org/en-US/docs/Web/HTTP/Status/403",2026-07-17T14:38:47.687405
echoalger,bpt6k41585634,,failed,0,0,,http_manifest,known,403,manifest,"Client error '403 ' for url 'https://openapiproext.bnf.fr/iiif/presentation/v3/ark:/12148/bpt6k41585634/manifest.json'
For more information check: https://developer.mozilla.org/en-US/docs/Web/HTTP/Status/403",2026-07-17T14:38:48.870964
echoalger,bpt6k4158564j,,failed,0,0,,http_manifest,known,403,manifest,"Client error '403 ' for url 'https://openapiproext.bnf.fr/iiif/presentation/v3/ark:/12148/bpt6k4158564j/manifest.json'
For more information check: https://developer.mozilla.org/en-US/docs/Web/HTTP/Status/403",2026-07-17T14:38:50.081965
echoalger,bpt6k4158565z,,failed,0,0,,http_manifest,known,403,manifest,"Client error '403 ' for url 'https://openapiproext.bnf.fr/iiif/presentation/v3/ark:/12148/bpt6k4158565z/manifest.json'
For more information check: https://developer.mozilla.org/en-US/docs/Web/HTTP/Status/403",2026-07-17T14:38:51.272204
echoalger,bpt6k4158566c,,failed,0,0,,http_manifest,known,403,manifest,"Client error '403 ' for url 'https://openapiproext.bnf.fr/iiif/presentation/v3/ark:/12148/bpt6k4158566c/manifest.json'
For more information check: https://developer.mozilla.org/en-US/docs/Web/HTTP/Status/403",2026-07-17T14:38:52.479473
echoalger,bpt6k4158567s,,failed,0,0,,http_manifest,known,403,manifest,"Client error '403 ' for url 'https://openapiproext.bnf.fr/iiif/presentation/v3/ark:/12148/bpt6k4158567s/manifest.json'
For more information check: https://developer.mozilla.org/en-US/docs/Web/HTTP/Status/403",2026-07-17T14:38:53.680693
echoalger,bpt6k41585686,,failed,0,0,,http_manifest,known,403,manifest,"Client error '403 ' for url 'https://openapiproext.bnf.fr/iiif/presentation/v3/ark:/12148/bpt6k41585686/manifest.json'
For more information check: https://developer.mozilla.org/en-US/docs/Web/HTTP/Status/403",2026-07-17T14:38:54.883607
echoalger,bpt6k4158569m,,failed,0,0,,http_manifest,known,403,manifest,"Client error '403 ' for url 'https://openapiproext.bnf.fr/iiif/presentation/v3/ark:/12148/bpt6k4158569m/manifest.json'
For more information check: https://developer.mozilla.org/en-US/docs/Web/HTTP/Status/403",2026-07-17T14:38:56.080602
echoalger,bpt6k41585708,,failed,0,0,,http_manifest,known,403,manifest,"Client error '403 ' for url 'https://openapiproext.bnf.fr/iiif/presentation/v3/ark:/12148/bpt6k41585708/manifest.json'
For more information check: https://developer.mozilla.org/en-US/docs/Web/HTTP/Status/403",2026-07-17T14:38:57.282420
echoalger,bpt6k4158571p,,failed,0,0,,http_manifest,known,403,manifest,"Client error '403 ' for url 'https://openapiproext.bnf.fr/iiif/presentation/v3/ark:/12148/bpt6k4158571p/manifest.json'
For more information check: https://developer.mozilla.org/en-US/docs/Web/HTTP/Status/403",2026-07-17T14:38:58.577382
echoalger,bpt6k41585723,,failed,0,0,,http_manifest,known,403,manifest,"Client error '403 ' for url 'https://openapiproext.bnf.fr/iiif/presentation/v3/ark:/12148/bpt6k41585723/manifest.json'
For more information check: https://developer.mozilla.org/en-US/docs/Web/HTTP/Status/403",2026-07-17T14:38:59.684280
echoalger,bpt6k4158573h,,failed,0,0,,http_manifest,known,403,manifest,"Client error '403 ' for url 'https://openapiproext.bnf.fr/iiif/presentation/v3/ark:/12148/bpt6k4158573h/manifest.json'
For more information check: https://developer.mozilla.org/en-US/docs/Web/HTTP/Status/403",2026-07-17T14:39:00.926729
echoalger,bpt6k4158574x,,failed,0,0,,http_manifest,known,403,manifest,"Client error '403 ' for url 'https://openapiproext.bnf.fr/iiif/presentation/v3/ark:/12148/bpt6k4158574x/manifest.json'
For more information check: https://developer.mozilla.org/en-US/docs/Web/HTTP/Status/403",2026-07-17T14:39:02.217015
echoalger,bpt6k4158575b,,failed,0,0,,http_manifest,known,403,manifest,"Client error '403 ' for url 'https://openapiproext.bnf.fr/iiif/presentation/v3/ark:/12148/bpt6k4158575b/manifest.json'
For more information check: https://developer.mozilla.org/en-US/docs/Web/HTTP/Status/403",2026-07-17T14:39:03.665350
echoalger,bpt6k4158576r,,failed,0,0,,http_manifest,known,403,manifest,"Client error '403 ' for url 'https://openapiproext.bnf.fr/iiif/presentation/v3/ark:/12148/bpt6k4158576r/manifest.json'
For more information check: https://developer.mozilla.org/en-US/docs/Web/HTTP/Status/403",2026-07-17T14:39:04.492888
echoalger,bpt6k41585775,,failed,0,0,,http_manifest,known,403,manifest,"Client error '403 ' for url 'https://openapiproext.bnf.fr/iiif/presentation/v3/ark:/12148/bpt6k41585775/manifest.json'
For more information check: https://developer.mozilla.org/en-US/docs/Web/HTTP/Status/403",2026-07-17T14:39:05.778844
echoalger,bpt6k4158578k,,failed,0,0,,http_manifest,known,403,manifest,"Client error '403 ' for url 'https://openapiproext.bnf.fr/iiif/presentation/v3/ark:/12148/bpt6k4158578k/manifest.json'
For more information check: https://developer.mozilla.org/en-US/docs/Web/HTTP/Status/403",2026-07-17T14:39:07.160565
echoalger,bpt6k41585790,,failed,0,0,,http_manifest,known,403,manifest,"Client error '403 ' for url 'https://openapiproext.bnf.fr/iiif/presentation/v3/ark:/12148/bpt6k41585790/manifest.json'
For more information check: https://developer.mozilla.org/en-US/docs/Web/HTTP/Status/403",2026-07-17T14:39:08.251767
echoalger,bpt6k4158580n,,failed,0,0,,http_manifest,known,403,manifest,"Client error '403 ' for url 'https://openapiproext.bnf.fr/iiif/presentation/v3/ark:/12148/bpt6k4158580n/manifest.json'
For more information check: https://developer.mozilla.org/en-US/docs/Web/HTTP/Status/403",2026-07-17T14:39:09.680526
echoalger,bpt6k41585812,,failed,0,0,,http_manifest,known,403,manifest,"Client error '403 ' for url 'https://openapiproext.bnf.fr/iiif/presentation/v3/ark:/12148/bpt6k41585812/manifest.json'
For more information check: https://developer.mozilla.org/en-US/docs/Web/HTTP/Status/403",2026-07-17T14:39:10.517178
echoalger,bpt6k4158582g,,failed,0,0,,http_manifest,known,403,manifest,"Client error '403 ' for url 'https://openapiproext.bnf.fr/iiif/presentation/v3/ark:/12148/bpt6k4158582g/manifest.json'
For more information check: https://developer.mozilla.org/en-US/docs/Web/HTTP/Status/403",2026-07-17T14:39:11.700167
echoalger,bpt6k4158583w,,failed,0,0,,http_manifest,known,403,manifest,"Client error '403 ' for url 'https://openapiproext.bnf.fr/iiif/presentation/v3/ark:/12148/bpt6k4158583w/manifest.json'
For more information check: https://developer.mozilla.org/en-US/docs/Web/HTTP/Status/403",2026-07-17T14:39:13.073924
echoalger,bpt6k41585849,,failed,0,0,,http_manifest,known,403,manifest,"Client error '403 ' for url 'https://openapiproext.bnf.fr/iiif/presentation/v3/ark:/12148/bpt6k41585849/manifest.json'
For more information check: https://developer.mozilla.org/en-US/docs/Web/HTTP/Status/403",2026-07-17T14:39:14.208673
echoalger,bpt6k4158585q,,failed,0,0,,http_manifest,known,403,manifest,"Client error '403 ' for url 'https://openapiproext.bnf.fr/iiif/presentation/v3/ark:/12148/bpt6k4158585q/manifest.json'
For more information check: https://developer.mozilla.org/en-US/docs/Web/HTTP/Status/403",2026-07-17T14:39:15.442253
echoalger,bpt6k41585864,,failed,0,0,,http_manifest,known,403,manifest,"Client error '403 ' for url 'https://openapiproext.bnf.fr/iiif/presentation/v3/ark:/12148/bpt6k41585864/manifest.json'
For more information check: https://developer.mozilla.org/en-US/docs/Web/HTTP/Status/403",2026-07-17T14:39:16.578328
echoalger,bpt6k4158587j,,failed,0,0,,http_manifest,known,403,manifest,"Client error '403 ' for url 'https://openapiproext.bnf.fr/iiif/presentation/v3/ark:/12148/bpt6k4158587j/manifest.json'
For more information check: https://developer.mozilla.org/en-US/docs/Web/HTTP/Status/403",2026-07-17T14:39:17.898059
echoalger,bpt6k4158588z,,failed,0,0,,http_manifest,known,403,manifest,"Client error '403 ' for url 'https://openapiproext.bnf.fr/iiif/presentation/v3/ark:/12148/bpt6k4158588z/manifest.json'
For more information check: https://developer.mozilla.org/en-US/docs/Web/HTTP/Status/403",2026-07-17T14:39:18.914337
echoalger,bpt6k4158589c,,failed,0,0,,http_manifest,known,403,manifest,"Client error '403 ' for url 'https://openapiproext.bnf.fr/iiif/presentation/v3/ark:/12148/bpt6k4158589c/manifest.json'
For more information check: https://developer.mozilla.org/en-US/docs/Web/HTTP/Status/403",2026-07-17T14:39:20.115064
echoalger,bpt6k41585901,,failed,0,0,,http_manifest,known,403,manifest,"Client error '403 ' for url 'https://openapiproext.bnf.fr/iiif/presentation/v3/ark:/12148/bpt6k41585901/manifest.json'
For more information check: https://developer.mozilla.org/en-US/docs/Web/HTTP/Status/403",2026-07-17T14:39:21.318114
echoalger,bpt6k4158591f,,failed,0,0,,http_manifest,known,403,manifest,"Client error '403 ' for url 'https://openapiproext.bnf.fr/iiif/presentation/v3/ark:/12148/bpt6k4158591f/manifest.json'
For more information check: https://developer.mozilla.org/en-US/docs/Web/HTTP/Status/403",2026-07-17T14:39:22.547850
echoalger,bpt6k4158592v,,failed,0,0,,http_manifest,known,403,manifest,"Client error '403 ' for url 'https://openapiproext.bnf.fr/iiif/presentation/v3/ark:/12148/bpt6k4158592v/manifest.json'
For more information check: https://developer.mozilla.org/en-US/docs/Web/HTTP/Status/403",2026-07-17T14:39:23.712460
echoalger,bpt6k41585938,,failed,0,0,,http_manifest,known,403,manifest,"Client error '403 ' for url 'https://openapiproext.bnf.fr/iiif/presentation/v3/ark:/12148/bpt6k41585938/manifest.json'
For more information check: https://developer.mozilla.org/en-US/docs/Web/HTTP/Status/403",2026-07-17T14:39:24.917832
echoalger,bpt6k4158594p,,failed,0,0,,http_manifest,known,403,manifest,"Client error '403 ' for url 'https://openapiproext.bnf.fr/iiif/presentation/v3/ark:/12148/bpt6k4158594p/manifest.json'
For more information check: https://developer.mozilla.org/en-US/docs/Web/HTTP/Status/403",2026-07-17T14:39:26.118817
echoalger,bpt6k41585953,,failed,0,0,,http_manifest,known,403,manifest,"Client error '403 ' for url 'https://openapiproext.bnf.fr/iiif/presentation/v3/ark:/12148/bpt6k41585953/manifest.json'
For more information check: https://developer.mozilla.org/en-US/docs/Web/HTTP/Status/403",2026-07-17T14:39:27.322384
echoalger,bpt6k4158596h,,failed,0,0,,http_manifest,known,403,manifest,"Client error '403 ' for url 'https://openapiproext.bnf.fr/iiif/presentation/v3/ark:/12148/bpt6k4158596h/manifest.json'
For more information check: https://developer.mozilla.org/en-US/docs/Web/HTTP/Status/403",2026-07-17T14:39:28.535931
echoalger,bpt6k4158597x,,failed,0,0,,http_manifest,known,403,manifest,"Client error '403 ' for url 'https://openapiproext.bnf.fr/iiif/presentation/v3/ark:/12148/bpt6k4158597x/manifest.json'
For more information check: https://developer.mozilla.org/en-US/docs/Web/HTTP/Status/403",2026-07-17T14:39:30.197612
echoalger,bpt6k4158598b,,failed,0,0,,http_manifest,known,403,manifest,"Client error '403 ' for url 'https://openapiproext.bnf.fr/iiif/presentation/v3/ark:/12148/bpt6k4158598b/manifest.json'
For more information check: https://developer.mozilla.org/en-US/docs/Web/HTTP/Status/403",2026-07-17T14:39:31.390703
echoalger,bpt6k4158599r,,failed,0,0,,http_manifest,known,403,manifest,"Client error '403 ' for url 'https://openapiproext.bnf.fr/iiif/presentation/v3/ark:/12148/bpt6k4158599r/manifest.json'
For more information check: https://developer.mozilla.org/en-US/docs/Web/HTTP/Status/403",2026-07-17T14:39:32.592283
echoalger,bpt6k4158600z,,failed,0,0,,http_manifest,known,403,manifest,"Client error '403 ' for url 'https://openapiproext.bnf.fr/iiif/presentation/v3/ark:/12148/bpt6k4158600z/manifest.json'
For more information check: https://developer.mozilla.org/en-US/docs/Web/HTTP/Status/403",2026-07-17T14:39:33.794496
echoalger,bpt6k4158601c,,failed,0,0,,http_manifest,known,403,manifest,"Client error '403 ' for url 'https://openapiproext.bnf.fr/iiif/presentation/v3/ark:/12148/bpt6k4158601c/manifest.json'
For more information check: https://developer.mozilla.org/en-US/docs/Web/HTTP/Status/403",2026-07-17T14:39:35.009009
echoalger,bpt6k4158602s,,failed,0,0,,http_manifest,known,403,manifest,"Client error '403 ' for url 'https://openapiproext.bnf.fr/iiif/presentation/v3/ark:/12148/bpt6k4158602s/manifest.json'
For more information check: https://developer.mozilla.org/en-US/docs/Web/HTTP/Status/403",2026-07-17T14:39:36.196527
echoalger,bpt6k41586036,,failed,0,0,,http_manifest,known,403,manifest,"Client error '403 ' for url 'https://openapiproext.bnf.fr/iiif/presentation/v3/ark:/12148/bpt6k41586036/manifest.json'
For more information check: https://developer.mozilla.org/en-US/docs/Web/HTTP/Status/403",2026-07-17T14:39:37.403268
echoalger,bpt6k4158604m,,failed,0,0,,http_manifest,known,403,manifest,"Client error '403 ' for url 'https://openapiproext.bnf.fr/iiif/presentation/v3/ark:/12148/bpt6k4158604m/manifest.json'
For more information check: https://developer.mozilla.org/en-US/docs/Web/HTTP/Status/403",2026-07-17T14:39:38.610160
echoalger,bpt6k41586051,,failed,0,0,,http_manifest,known,403,manifest,"Client error '403 ' for url 'https://openapiproext.bnf.fr/iiif/presentation/v3/ark:/12148/bpt6k41586051/manifest.json'
For more information check: https://developer.mozilla.org/en-US/docs/Web/HTTP/Status/403",2026-07-17T14:39:39.831320
echoalger,bpt6k4158606f,,failed,0,0,,http_manifest,known,403,manifest,"Client error '403 ' for url 'https://openapiproext.bnf.fr/iiif/presentation/v3/ark:/12148/bpt6k4158606f/manifest.json'
For more information check: https://developer.mozilla.org/en-US/docs/Web/HTTP/Status/403",2026-07-17T14:39:41.005307
echoalger,bpt6k4158607v,,failed,0,0,,http_manifest,known,403,manifest,"Client error '403 ' for url 'https://openapiproext.bnf.fr/iiif/presentation/v3/ark:/12148/bpt6k4158607v/manifest.json'
For more information check: https://developer.mozilla.org/en-US/docs/Web/HTTP/Status/403",2026-07-17T14:39:42.205463
echoalger,bpt6k41586088,,failed,0,0,,http_manifest,known,403,manifest,"Client error '403 ' for url 'https://openapiproext.bnf.fr/iiif/presentation/v3/ark:/12148/bpt6k41586088/manifest.json'
For more information check: https://developer.mozilla.org/en-US/docs/Web/HTTP/Status/403",2026-07-17T14:39:43.408227
echoalger,bpt6k4158609p,,failed,0,0,,http_manifest,known,403,manifest,"Client error '403 ' for url 'https://openapiproext.bnf.fr/iiif/presentation/v3/ark:/12148/bpt6k4158609p/manifest.json'
For more information check: https://developer.mozilla.org/en-US/docs/Web/HTTP/Status/403",2026-07-17T14:39:44.607177
echoalger,bpt6k4158610b,,failed,0,0,,http_manifest,known,403,manifest,"Client error '403 ' for url 'https://openapiproext.bnf.fr/iiif/presentation/v3/ark:/12148/bpt6k4158610b/manifest.json'
For more information check: https://developer.mozilla.org/en-US/docs/Web/HTTP/Status/403",2026-07-17T14:39:45.810626
echoalger,bpt6k4158611r,,failed,0,0,,http_manifest,known,403,manifest,"Client error '403 ' for url 'https://openapiproext.bnf.fr/iiif/presentation/v3/ark:/12148/bpt6k4158611r/manifest.json'
For more information check: https://developer.mozilla.org/en-US/docs/Web/HTTP/Status/403",2026-07-17T14:39:47.012197
echoalger,bpt6k41586125,,failed,0,0,,http_manifest,known,403,manifest,"Client error '403 ' for url 'https://openapiproext.bnf.fr/iiif/presentation/v3/ark:/12148/bpt6k41586125/manifest.json'
For more information check: https://developer.mozilla.org/en-US/docs/Web/HTTP/Status/403",2026-07-17T14:39:48.214900
echoalger,bpt6k4158613k,,failed,0,0,,http_manifest,known,403,manifest,"Client error '403 ' for url 'https://openapiproext.bnf.fr/iiif/presentation/v3/ark:/12148/bpt6k4158613k/manifest.json'
For more information check: https://developer.mozilla.org/en-US/docs/Web/HTTP/Status/403",2026-07-17T14:39:49.418395
echoalger,bpt6k41586140,,failed,0,0,,http_manifest,known,403,manifest,"Client error '403 ' for url 'https://openapiproext.bnf.fr/iiif/presentation/v3/ark:/12148/bpt6k41586140/manifest.json'
For more information check: https://developer.mozilla.org/en-US/docs/Web/HTTP/Status/403",2026-07-17T14:39:50.643311
echoalger,bpt6k4158615d,,failed,0,0,,http_manifest,known,403,manifest,"Client error '403 ' for url 'https://openapiproext.bnf.fr/iiif/presentation/v3/ark:/12148/bpt6k4158615d/manifest.json'
For more information check: https://developer.mozilla.org/en-US/docs/Web/HTTP/Status/403",2026-07-17T14:39:51.823295
echoalger,bpt6k4158616t,,failed,0,0,,http_manifest,known,403,manifest,"Client error '403 ' for url 'https://openapiproext.bnf.fr/iiif/presentation/v3/ark:/12148/bpt6k4158616t/manifest.json'
For more information check: https://developer.mozilla.org/en-US/docs/Web/HTTP/Status/403",2026-07-17T14:39:53.020823
echoalger,bpt6k41586177,,failed,0,0,,http_manifest,known,403,manifest,"Client error '403 ' for url 'https://openapiproext.bnf.fr/iiif/presentation/v3/ark:/12148/bpt6k41586177/manifest.json'
For more information check: https://developer.mozilla.org/en-US/docs/Web/HTTP/Status/403",2026-07-17T14:39:54.221985
echoalger,bpt6k4158618n,,failed,0,0,,http_manifest,known,403,manifest,"Client error '403 ' for url 'https://openapiproext.bnf.fr/iiif/presentation/v3/ark:/12148/bpt6k4158618n/manifest.json'
For more information check: https://developer.mozilla.org/en-US/docs/Web/HTTP/Status/403",2026-07-17T14:39:55.429151
echoalger,bpt6k41586192,,failed,0,0,,http_manifest,known,403,manifest,"Client error '403 ' for url 'https://openapiproext.bnf.fr/iiif/presentation/v3/ark:/12148/bpt6k41586192/manifest.json'
For more information check: https://developer.mozilla.org/en-US/docs/Web/HTTP/Status/403",2026-07-17T14:39:56.647844
echoalger,bpt6k4158620q,,failed,0,0,,http_manifest,known,403,manifest,"Client error '403 ' for url 'https://openapiproext.bnf.fr/iiif/presentation/v3/ark:/12148/bpt6k4158620q/manifest.json'
For more information check: https://developer.mozilla.org/en-US/docs/Web/HTTP/Status/403",2026-07-17T14:39:57.834342
echoalger,bpt6k41586214,,failed,0,0,,http_manifest,known,403,manifest,"Client error '403 ' for url 'https://openapiproext.bnf.fr/iiif/presentation/v3/ark:/12148/bpt6k41586214/manifest.json'
For more information check: https://developer.mozilla.org/en-US/docs/Web/HTTP/Status/403",2026-07-17T14:39:59.032559
echoalger,bpt6k4158622j,,failed,0,0,,http_manifest,known,403,manifest,"Client error '403 ' for url 'https://openapiproext.bnf.fr/iiif/presentation/v3/ark:/12148/bpt6k4158622j/manifest.json'
For more information check: https://developer.mozilla.org/en-US/docs/Web/HTTP/Status/403",2026-07-17T14:40:00.265145
echoalger,bpt6k4158623z,,failed,0,0,,http_manifest,known,403,manifest,"Client error '403 ' for url 'https://openapiproext.bnf.fr/iiif/presentation/v3/ark:/12148/bpt6k4158623z/manifest.json'
For more information check: https://developer.mozilla.org/en-US/docs/Web/HTTP/Status/403",2026-07-17T14:40:01.430311
echoalger,bpt6k4158624c,,failed,0,0,,http_manifest,known,403,manifest,"Client error '403 ' for url 'https://openapiproext.bnf.fr/iiif/presentation/v3/ark:/12148/bpt6k4158624c/manifest.json'
For more information check: https://developer.mozilla.org/en-US/docs/Web/HTTP/Status/403",2026-07-17T14:40:02.637241
echoalger,bpt6k4158625s,,failed,0,0,,http_manifest,known,403,manifest,"Client error '403 ' for url 'https://openapiproext.bnf.fr/iiif/presentation/v3/ark:/12148/bpt6k4158625s/manifest.json'
For more information check: https://developer.mozilla.org/en-US/docs/Web/HTTP/Status/403",2026-07-17T14:40:03.832382
echoalger,bpt6k41586266,,failed,0,0,,http_manifest,known,403,manifest,"Client error '403 ' for url 'https://openapiproext.bnf.fr/iiif/presentation/v3/ark:/12148/bpt6k41586266/manifest.json'
For more information check: https://developer.mozilla.org/en-US/docs/Web/HTTP/Status/403",2026-07-17T14:40:05.046151
echoalger,bpt6k4158627m,,failed,0,0,,http_manifest,known,403,manifest,"Client error '403 ' for url 'https://openapiproext.bnf.fr/iiif/presentation/v3/ark:/12148/bpt6k4158627m/manifest.json'
For more information check: https://developer.mozilla.org/en-US/docs/Web/HTTP/Status/403",2026-07-17T14:40:06.340177
echoalger,bpt6k41586281,,failed,0,0,,http_manifest,known,403,manifest,"Client error '403 ' for url 'https://openapiproext.bnf.fr/iiif/presentation/v3/ark:/12148/bpt6k41586281/manifest.json'
For more information check: https://developer.mozilla.org/en-US/docs/Web/HTTP/Status/403",2026-07-17T14:40:07.437772
echoalger,bpt6k4158629f,,failed,0,0,,http_manifest,known,403,manifest,"Client error '403 ' for url 'https://openapiproext.bnf.fr/iiif/presentation/v3/ark:/12148/bpt6k4158629f/manifest.json'
For more information check: https://developer.mozilla.org/en-US/docs/Web/HTTP/Status/403",2026-07-17T14:40:08.659133
echoalger,bpt6k41586303,,failed,0,0,,http_manifest,known,403,manifest,"Client error '403 ' for url 'https://openapiproext.bnf.fr/iiif/presentation/v3/ark:/12148/bpt6k41586303/manifest.json'
For more information check: https://developer.mozilla.org/en-US/docs/Web/HTTP/Status/403",2026-07-17T14:40:09.837363
echoalger,bpt6k4158631h,,failed,0,0,,http_manifest,known,403,manifest,"Client error '403 ' for url 'https://openapiproext.bnf.fr/iiif/presentation/v3/ark:/12148/bpt6k4158631h/manifest.json'
For more information check: https://developer.mozilla.org/en-US/docs/Web/HTTP/Status/403",2026-07-17T14:40:11.191199
echoalger,bpt6k4158632x,,failed,0,0,,http_manifest,known,403,manifest,"Client error '403 ' for url 'https://openapiproext.bnf.fr/iiif/presentation/v3/ark:/12148/bpt6k4158632x/manifest.json'
For more information check: https://developer.mozilla.org/en-US/docs/Web/HTTP/Status/403",2026-07-17T14:40:12.301945
echoalger,bpt6k4158633b,,failed,0,0,,http_manifest,known,403,manifest,"Client error '403 ' for url 'https://openapiproext.bnf.fr/iiif/presentation/v3/ark:/12148/bpt6k4158633b/manifest.json'
For more information check: https://developer.mozilla.org/en-US/docs/Web/HTTP/Status/403",2026-07-17T14:40:13.447590
echoalger,bpt6k4158634r,,failed,0,0,,http_manifest,known,403,manifest,"Client error '403 ' for url 'https://openapiproext.bnf.fr/iiif/presentation/v3/ark:/12148/bpt6k4158634r/manifest.json'
For more information check: https://developer.mozilla.org/en-US/docs/Web/HTTP/Status/403",2026-07-17T14:40:14.648659
echoalger,bpt6k41586355,,failed,0,0,,http_manifest,known,403,manifest,"Client error '403 ' for url 'https://openapiproext.bnf.fr/iiif/presentation/v3/ark:/12148/bpt6k41586355/manifest.json'
For more information check: https://developer.mozilla.org/en-US/docs/Web/HTTP/Status/403",2026-07-17T14:40:15.850564
echoalger,bpt6k4158636k,,failed,0,0,,http_manifest,known,403,manifest,"Client error '403 ' for url 'https://openapiproext.bnf.fr/iiif/presentation/v3/ark:/12148/bpt6k4158636k/manifest.json'
For more information check: https://developer.mozilla.org/en-US/docs/Web/HTTP/Status/403",2026-07-17T14:40:17.161239
echoalger,bpt6k41586370,,failed,0,0,,http_manifest,known,403,manifest,"Client error '403 ' for url 'https://openapiproext.bnf.fr/iiif/presentation/v3/ark:/12148/bpt6k41586370/manifest.json'
For more information check: https://developer.mozilla.org/en-US/docs/Web/HTTP/Status/403",2026-07-17T14:40:18.461032
echoalger,bpt6k4158638d,,failed,0,0,,http_manifest,known,403,manifest,"Client error '403 ' for url 'https://openapiproext.bnf.fr/iiif/presentation/v3/ark:/12148/bpt6k4158638d/manifest.json'
For more information check: https://developer.mozilla.org/en-US/docs/Web/HTTP/Status/403",2026-07-17T14:40:19.457374
echoalger,bpt6k4158639t,,failed,0,0,,http_manifest,known,403,manifest,"Client error '403 ' for url 'https://openapiproext.bnf.fr/iiif/presentation/v3/ark:/12148/bpt6k4158639t/manifest.json'
For more information check: https://developer.mozilla.org/en-US/docs/Web/HTTP/Status/403",2026-07-17T14:40:20.679534
echoalger,bpt6k4158640g,,failed,0,0,,http_manifest,known,403,manifest,"Client error '403 ' for url 'https://openapiproext.bnf.fr/iiif/presentation/v3/ark:/12148/bpt6k4158640g/manifest.json'
For more information check: https://developer.mozilla.org/en-US/docs/Web/HTTP/Status/403",2026-07-17T14:40:21.857680
echoalger,bpt6k4158641w,,failed,0,0,,http_manifest,known,403,manifest,"Client error '403 ' for url 'https://openapiproext.bnf.fr/iiif/presentation/v3/ark:/12148/bpt6k4158641w/manifest.json'
For more information check: https://developer.mozilla.org/en-US/docs/Web/HTTP/Status/403",2026-07-17T14:40:23.059035
echoalger,bpt6k41586429,,failed,0,0,,http_manifest,known,403,manifest,"Client error '403 ' for url 'https://openapiproext.bnf.fr/iiif/presentation/v3/ark:/12148/bpt6k41586429/manifest.json'
For more information check: https://developer.mozilla.org/en-US/docs/Web/HTTP/Status/403",2026-07-17T14:40:24.260961
echoalger,bpt6k4158643q,,failed,0,0,,http_manifest,known,403,manifest,"Client error '403 ' for url 'https://openapiproext.bnf.fr/iiif/presentation/v3/ark:/12148/bpt6k4158643q/manifest.json'
For more information check: https://developer.mozilla.org/en-US/docs/Web/HTTP/Status/403",2026-07-17T14:40:25.464398
echoalger,bpt6k41586444,,failed,0,0,,http_manifest,known,403,manifest,"Client error '403 ' for url 'https://openapiproext.bnf.fr/iiif/presentation/v3/ark:/12148/bpt6k41586444/manifest.json'
For more information check: https://developer.mozilla.org/en-US/docs/Web/HTTP/Status/403",2026-07-17T14:40:26.663592
echoalger,bpt6k4158645j,,failed,0,0,,http_manifest,known,403,manifest,"Client error '403 ' for url 'https://openapiproext.bnf.fr/iiif/presentation/v3/ark:/12148/bpt6k4158645j/manifest.json'
For more information check: https://developer.mozilla.org/en-US/docs/Web/HTTP/Status/403",2026-07-17T14:40:27.876343
echoalger,bpt6k4158646z,,failed,0,0,,http_manifest,known,403,manifest,"Client error '403 ' for url 'https://openapiproext.bnf.fr/iiif/presentation/v3/ark:/12148/bpt6k4158646z/manifest.json'
For more information check: https://developer.mozilla.org/en-US/docs/Web/HTTP/Status/403",2026-07-17T14:40:29.068539
echoalger,bpt6k4158647c,,failed,0,0,,http_manifest,known,403,manifest,"Client error '403 ' for url 'https://openapiproext.bnf.fr/iiif/presentation/v3/ark:/12148/bpt6k4158647c/manifest.json'
For more information check: https://developer.mozilla.org/en-US/docs/Web/HTTP/Status/403",2026-07-17T14:40:30.268564
echoalger,bpt6k4158648s,,failed,0,0,,http_manifest,known,403,manifest,"Client error '403 ' for url 'https://openapiproext.bnf.fr/iiif/presentation/v3/ark:/12148/bpt6k4158648s/manifest.json'
For more information check: https://developer.mozilla.org/en-US/docs/Web/HTTP/Status/403",2026-07-17T14:40:31.500711
echoalger,bpt6k41586496,,failed,0,0,,http_manifest,known,403,manifest,"Client error '403 ' for url 'https://openapiproext.bnf.fr/iiif/presentation/v3/ark:/12148/bpt6k41586496/manifest.json'
For more information check: https://developer.mozilla.org/en-US/docs/Web/HTTP/Status/403",2026-07-17T14:40:32.676765
echoalger,bpt6k4158650v,,failed,0,0,,http_manifest,known,403,manifest,"Client error '403 ' for url 'https://openapiproext.bnf.fr/iiif/presentation/v3/ark:/12148/bpt6k4158650v/manifest.json'
For more information check: https://developer.mozilla.org/en-US/docs/Web/HTTP/Status/403",2026-07-17T14:40:33.877362
echoalger,bpt6k41586518,,failed,0,0,,http_manifest,known,403,manifest,"Client error '403 ' for url 'https://openapiproext.bnf.fr/iiif/presentation/v3/ark:/12148/bpt6k41586518/manifest.json'
For more information check: https://developer.mozilla.org/en-US/docs/Web/HTTP/Status/403",2026-07-17T14:40:35.078852
echoalger,bpt6k4158652p,,failed,0,0,,http_manifest,known,403,manifest,"Client error '403 ' for url 'https://openapiproext.bnf.fr/iiif/presentation/v3/ark:/12148/bpt6k4158652p/manifest.json'
For more information check: https://developer.mozilla.org/en-US/docs/Web/HTTP/Status/403",2026-07-17T14:40:36.280380
echoalger,bpt6k41586533,,failed,0,0,,http_manifest,known,403,manifest,"Client error '403 ' for url 'https://openapiproext.bnf.fr/iiif/presentation/v3/ark:/12148/bpt6k41586533/manifest.json'
For more information check: https://developer.mozilla.org/en-US/docs/Web/HTTP/Status/403",2026-07-17T14:40:37.496621
echoalger,bpt6k4158654h,,failed,0,0,,http_manifest,known,403,manifest,"Client error '403 ' for url 'https://openapiproext.bnf.fr/iiif/presentation/v3/ark:/12148/bpt6k4158654h/manifest.json'
For more information check: https://developer.mozilla.org/en-US/docs/Web/HTTP/Status/403",2026-07-17T14:40:38.682872
echoalger,bpt6k4158655x,,failed,0,0,,http_manifest,known,403,manifest,"Client error '403 ' for url 'https://openapiproext.bnf.fr/iiif/presentation/v3/ark:/12148/bpt6k4158655x/manifest.json'
For more information check: https://developer.mozilla.org/en-US/docs/Web/HTTP/Status/403",2026-07-17T14:40:39.886306
echoalger,bpt6k4158656b,,failed,0,0,,http_manifest,known,403,manifest,"Client error '403 ' for url 'https://openapiproext.bnf.fr/iiif/presentation/v3/ark:/12148/bpt6k4158656b/manifest.json'
For more information check: https://developer.mozilla.org/en-US/docs/Web/HTTP/Status/403",2026-07-17T14:40:41.088132
echoalger,bpt6k4158657r,,failed,0,0,,http_manifest,known,403,manifest,"Client error '403 ' for url 'https://openapiproext.bnf.fr/iiif/presentation/v3/ark:/12148/bpt6k4158657r/manifest.json'
For more information check: https://developer.mozilla.org/en-US/docs/Web/HTTP/Status/403",2026-07-17T14:40:42.290345
echoalger,bpt6k41586585,,failed,0,0,,http_manifest,known,403,manifest,"Client error '403 ' for url 'https://openapiproext.bnf.fr/iiif/presentation/v3/ark:/12148/bpt6k41586585/manifest.json'
For more information check: https://developer.mozilla.org/en-US/docs/Web/HTTP/Status/403",2026-07-17T14:40:43.491940
echoalger,bpt6k4158659k,,failed,0,0,,http_manifest,known,403,manifest,"Client error '403 ' for url 'https://openapiproext.bnf.fr/iiif/presentation/v3/ark:/12148/bpt6k4158659k/manifest.json'
For more information check: https://developer.mozilla.org/en-US/docs/Web/HTTP/Status/403",2026-07-17T14:40:44.688921
echoalger,bpt6k41586607,,failed,0,0,,http_manifest,known,403,manifest,"Client error '403 ' for url 'https://openapiproext.bnf.fr/iiif/presentation/v3/ark:/12148/bpt6k41586607/manifest.json'
For more information check: https://developer.mozilla.org/en-US/docs/Web/HTTP/Status/403",2026-07-17T14:40:45.893955
echoalger,bpt6k4158661n,,failed,0,0,,http_manifest,known,403,manifest,"Client error '403 ' for url 'https://openapiproext.bnf.fr/iiif/presentation/v3/ark:/12148/bpt6k4158661n/manifest.json'
For more information check: https://developer.mozilla.org/en-US/docs/Web/HTTP/Status/403",2026-07-17T14:40:47.094619
echoalger,bpt6k41586622,,failed,0,0,,http_manifest,known,403,manifest,"Client error '403 ' for url 'https://openapiproext.bnf.fr/iiif/presentation/v3/ark:/12148/bpt6k41586622/manifest.json'
For more information check: https://developer.mozilla.org/en-US/docs/Web/HTTP/Status/403",2026-07-17T14:40:48.296400
echoalger,bpt6k4158663g,,failed,0,0,,http_manifest,known,403,manifest,"Client error '403 ' for url 'https://openapiproext.bnf.fr/iiif/presentation/v3/ark:/12148/bpt6k4158663g/manifest.json'
For more information check: https://developer.mozilla.org/en-US/docs/Web/HTTP/Status/403",2026-07-17T14:40:49.514242
echoalger,bpt6k4158664w,,failed,0,0,,http_manifest,known,403,manifest,"Client error '403 ' for url 'https://openapiproext.bnf.fr/iiif/presentation/v3/ark:/12148/bpt6k4158664w/manifest.json'
For more information check: https://developer.mozilla.org/en-US/docs/Web/HTTP/Status/403",2026-07-17T14:40:50.700383
echoalger,bpt6k41586659,,failed,0,0,,http_manifest,known,403,manifest,"Client error '403 ' for url 'https://openapiproext.bnf.fr/iiif/presentation/v3/ark:/12148/bpt6k41586659/manifest.json'
For more information check: https://developer.mozilla.org/en-US/docs/Web/HTTP/Status/403",2026-07-17T14:40:51.902050
echoalger,bpt6k4158666q,,failed,0,0,,http_manifest,known,403,manifest,"Client error '403 ' for url 'https://openapiproext.bnf.fr/iiif/presentation/v3/ark:/12148/bpt6k4158666q/manifest.json'
For more information check: https://developer.mozilla.org/en-US/docs/Web/HTTP/Status/403",2026-07-17T14:40:53.101395
echoalger,bpt6k41586674,,failed,0,0,,http_manifest,known,403,manifest,"Client error '403 ' for url 'https://openapiproext.bnf.fr/iiif/presentation/v3/ark:/12148/bpt6k41586674/manifest.json'
For more information check: https://developer.mozilla.org/en-US/docs/Web/HTTP/Status/403",2026-07-17T14:40:54.303746
echoalger,bpt6k4158668j,,failed,0,0,,http_manifest,known,403,manifest,"Client error '403 ' for url 'https://openapiproext.bnf.fr/iiif/presentation/v3/ark:/12148/bpt6k4158668j/manifest.json'
For more information check: https://developer.mozilla.org/en-US/docs/Web/HTTP/Status/403",2026-07-17T14:40:55.511229
echoalger,bpt6k4158669z,,failed,0,0,,http_manifest,known,403,manifest,"Client error '403 ' for url 'https://openapiproext.bnf.fr/iiif/presentation/v3/ark:/12148/bpt6k4158669z/manifest.json'
For more information check: https://developer.mozilla.org/en-US/docs/Web/HTTP/Status/403",2026-07-17T14:40:56.709104
echoalger,bpt6k4158670m,,failed,0,0,,http_manifest,known,403,manifest,"Client error '403 ' for url 'https://openapiproext.bnf.fr/iiif/presentation/v3/ark:/12148/bpt6k4158670m/manifest.json'
For more information check: https://developer.mozilla.org/en-US/docs/Web/HTTP/Status/403",2026-07-17T14:40:58.125875
echoalger,bpt6k41586711,,failed,0,0,,http_manifest,known,403,manifest,"Client error '403 ' for url 'https://openapiproext.bnf.fr/iiif/presentation/v3/ark:/12148/bpt6k41586711/manifest.json'
For more information check: https://developer.mozilla.org/en-US/docs/Web/HTTP/Status/403",2026-07-17T14:40:59.326068
echoalger,bpt6k4158672f,,failed,0,0,,http_manifest,known,403,manifest,"Client error '403 ' for url 'https://openapiproext.bnf.fr/iiif/presentation/v3/ark:/12148/bpt6k4158672f/manifest.json'
For more information check: https://developer.mozilla.org/en-US/docs/Web/HTTP/Status/403",2026-07-17T14:41:00.454271
echoalger,bpt6k4158673v,,failed,0,0,,http_manifest,known,403,manifest,"Client error '403 ' for url 'https://openapiproext.bnf.fr/iiif/presentation/v3/ark:/12148/bpt6k4158673v/manifest.json'
For more information check: https://developer.mozilla.org/en-US/docs/Web/HTTP/Status/403",2026-07-17T14:41:01.537347
echoalger,bpt6k41586748,,failed,0,0,,http_manifest,known,403,manifest,"Client error '403 ' for url 'https://openapiproext.bnf.fr/iiif/presentation/v3/ark:/12148/bpt6k41586748/manifest.json'
For more information check: https://developer.mozilla.org/en-US/docs/Web/HTTP/Status/403",2026-07-17T14:41:02.915204
echoalger,bpt6k4158675p,,failed,0,0,,http_manifest,known,403,manifest,"Client error '403 ' for url 'https://openapiproext.bnf.fr/iiif/presentation/v3/ark:/12148/bpt6k4158675p/manifest.json'
For more information check: https://developer.mozilla.org/en-US/docs/Web/HTTP/Status/403",2026-07-17T14:41:04.031512
echoalger,bpt6k41586763,,failed,0,0,,http_manifest,known,403,manifest,"Client error '403 ' for url 'https://openapiproext.bnf.fr/iiif/presentation/v3/ark:/12148/bpt6k41586763/manifest.json'
For more information check: https://developer.mozilla.org/en-US/docs/Web/HTTP/Status/403",2026-07-17T14:41:05.403580
echoalger,bpt6k4158677h,,failed,0,0,,http_manifest,known,403,manifest,"Client error '403 ' for url 'https://openapiproext.bnf.fr/iiif/presentation/v3/ark:/12148/bpt6k4158677h/manifest.json'
For more information check: https://developer.mozilla.org/en-US/docs/Web/HTTP/Status/403",2026-07-17T14:41:06.407599
echoalger,bpt6k4158678x,,failed,0,0,,http_manifest,known,403,manifest,"Client error '403 ' for url 'https://openapiproext.bnf.fr/iiif/presentation/v3/ark:/12148/bpt6k4158678x/manifest.json'
For more information check: https://developer.mozilla.org/en-US/docs/Web/HTTP/Status/403",2026-07-17T14:41:07.754376
echoalger,bpt6k4158679b,,failed,0,0,,http_manifest,known,403,manifest,"Client error '403 ' for url 'https://openapiproext.bnf.fr/iiif/presentation/v3/ark:/12148/bpt6k4158679b/manifest.json'
For more information check: https://developer.mozilla.org/en-US/docs/Web/HTTP/Status/403",2026-07-17T14:41:08.721311
echoalger,bpt6k41586800,,failed,0,0,,http_manifest,known,403,manifest,"Client error '403 ' for url 'https://openapiproext.bnf.fr/iiif/presentation/v3/ark:/12148/bpt6k41586800/manifest.json'
For more information check: https://developer.mozilla.org/en-US/docs/Web/HTTP/Status/403",2026-07-17T14:41:09.943372
echoalger,bpt6k4158681d,,failed,0,0,,http_manifest,known,403,manifest,"Client error '403 ' for url 'https://openapiproext.bnf.fr/iiif/presentation/v3/ark:/12148/bpt6k4158681d/manifest.json'
For more information check: https://developer.mozilla.org/en-US/docs/Web/HTTP/Status/403",2026-07-17T14:41:11.317613
echoalger,bpt6k4158682t,,failed,0,0,,http_manifest,known,403,manifest,"Client error '403 ' for url 'https://openapiproext.bnf.fr/iiif/presentation/v3/ark:/12148/bpt6k4158682t/manifest.json'
For more information check: https://developer.mozilla.org/en-US/docs/Web/HTTP/Status/403",2026-07-17T14:41:12.356301
echoalger,bpt6k41586837,,failed,0,0,,http_manifest,known,403,manifest,"Client error '403 ' for url 'https://openapiproext.bnf.fr/iiif/presentation/v3/ark:/12148/bpt6k41586837/manifest.json'
For more information check: https://developer.mozilla.org/en-US/docs/Web/HTTP/Status/403",2026-07-17T14:41:13.587584
echoalger,bpt6k4158684n,,failed,0,0,,http_manifest,known,403,manifest,"Client error '403 ' for url 'https://openapiproext.bnf.fr/iiif/presentation/v3/ark:/12148/bpt6k4158684n/manifest.json'
For more information check: https://developer.mozilla.org/en-US/docs/Web/HTTP/Status/403",2026-07-17T14:41:14.857996
echoalger,bpt6k41586852,,failed,0,0,,http_manifest,known,403,manifest,"Client error '403 ' for url 'https://openapiproext.bnf.fr/iiif/presentation/v3/ark:/12148/bpt6k41586852/manifest.json'
For more information check: https://developer.mozilla.org/en-US/docs/Web/HTTP/Status/403",2026-07-17T14:41:16.224648
echoalger,bpt6k4158686g,,failed,0,0,,http_manifest,known,403,manifest,"Client error '403 ' for url 'https://openapiproext.bnf.fr/iiif/presentation/v3/ark:/12148/bpt6k4158686g/manifest.json'
For more information check: https://developer.mozilla.org/en-US/docs/Web/HTTP/Status/403",2026-07-17T14:41:17.135700
echoalger,bpt6k4158687w,,failed,0,0,,http_manifest,known,403,manifest,"Client error '403 ' for url 'https://openapiproext.bnf.fr/iiif/presentation/v3/ark:/12148/bpt6k4158687w/manifest.json'
For more information check: https://developer.mozilla.org/en-US/docs/Web/HTTP/Status/403",2026-07-17T14:41:18.374888
echoalger,bpt6k41586889,,failed,0,0,,http_manifest,known,403,manifest,"Client error '403 ' for url 'https://openapiproext.bnf.fr/iiif/presentation/v3/ark:/12148/bpt6k41586889/manifest.json'
For more information check: https://developer.mozilla.org/en-US/docs/Web/HTTP/Status/403",2026-07-17T14:41:19.955234
echoalger,bpt6k4158689q,,failed,0,0,,http_manifest,known,403,manifest,"Client error '403 ' for url 'https://openapiproext.bnf.fr/iiif/presentation/v3/ark:/12148/bpt6k4158689q/manifest.json'
For more information check: https://developer.mozilla.org/en-US/docs/Web/HTTP/Status/403",2026-07-17T14:41:20.776111
echoalger,bpt6k4158690c,,failed,0,0,,http_manifest,known,403,manifest,"Client error '403 ' for url 'https://openapiproext.bnf.fr/iiif/presentation/v3/ark:/12148/bpt6k4158690c/manifest.json'
For more information check: https://developer.mozilla.org/en-US/docs/Web/HTTP/Status/403",2026-07-17T14:41:21.935903
echoalger,bpt6k4158691s,,failed,0,0,,http_manifest,known,403,manifest,"Client error '403 ' for url 'https://openapiproext.bnf.fr/iiif/presentation/v3/ark:/12148/bpt6k4158691s/manifest.json'
For more information check: https://developer.mozilla.org/en-US/docs/Web/HTTP/Status/403",2026-07-17T14:41:23.165196
echoalger,bpt6k41586926,,failed,0,0,,http_manifest,known,403,manifest,"Client error '403 ' for url 'https://openapiproext.bnf.fr/iiif/presentation/v3/ark:/12148/bpt6k41586926/manifest.json'
For more information check: https://developer.mozilla.org/en-US/docs/Web/HTTP/Status/403",2026-07-17T14:41:24.687259
echoalger,bpt6k4158693m,,failed,0,0,,http_manifest,known,403,manifest,"Client error '403 ' for url 'https://openapiproext.bnf.fr/iiif/presentation/v3/ark:/12148/bpt6k4158693m/manifest.json'
For more information check: https://developer.mozilla.org/en-US/docs/Web/HTTP/Status/403",2026-07-17T14:41:25.554817
echoalger,bpt6k41586941,,failed,0,0,,http_manifest,known,403,manifest,"Client error '403 ' for url 'https://openapiproext.bnf.fr/iiif/presentation/v3/ark:/12148/bpt6k41586941/manifest.json'
For more information check: https://developer.mozilla.org/en-US/docs/Web/HTTP/Status/403",2026-07-17T14:41:26.752839
echoalger,bpt6k4158695f,,failed,0,0,,http_manifest,known,403,manifest,"Client error '403 ' for url 'https://openapiproext.bnf.fr/iiif/presentation/v3/ark:/12148/bpt6k4158695f/manifest.json'
For more information check: https://developer.mozilla.org/en-US/docs/Web/HTTP/Status/403",2026-07-17T14:41:27.949283
echoalger,bpt6k4158696v,,failed,0,0,,http_manifest,known,403,manifest,"Client error '403 ' for url 'https://openapiproext.bnf.fr/iiif/presentation/v3/ark:/12148/bpt6k4158696v/manifest.json'
For more information check: https://developer.mozilla.org/en-US/docs/Web/HTTP/Status/403",2026-07-17T14:41:29.164135
echoalger,bpt6k41586978,,failed,0,0,,http_manifest,known,403,manifest,"Client error '403 ' for url 'https://openapiproext.bnf.fr/iiif/presentation/v3/ark:/12148/bpt6k41586978/manifest.json'
For more information check: https://developer.mozilla.org/en-US/docs/Web/HTTP/Status/403",2026-07-17T14:41:30.357416
echoalger,bpt6k4158698p,,failed,0,0,,http_manifest,known,403,manifest,"Client error '403 ' for url 'https://openapiproext.bnf.fr/iiif/presentation/v3/ark:/12148/bpt6k4158698p/manifest.json'
For more information check: https://developer.mozilla.org/en-US/docs/Web/HTTP/Status/403",2026-07-17T14:41:31.549529
echoalger,bpt6k41586993,,failed,0,0,,http_manifest,known,403,manifest,"Client error '403 ' for url 'https://openapiproext.bnf.fr/iiif/presentation/v3/ark:/12148/bpt6k41586993/manifest.json'
For more information check: https://developer.mozilla.org/en-US/docs/Web/HTTP/Status/403",2026-07-17T14:41:32.752464
echoalger,bpt6k41587009,,failed,0,0,,http_manifest,known,403,manifest,"Client error '403 ' for url 'https://openapiproext.bnf.fr/iiif/presentation/v3/ark:/12148/bpt6k41587009/manifest.json'
For more information check: https://developer.mozilla.org/en-US/docs/Web/HTTP/Status/403",2026-07-17T14:41:33.953944
echoalger,bpt6k4158701q,,failed,0,0,,http_manifest,known,403,manifest,"Client error '403 ' for url 'https://openapiproext.bnf.fr/iiif/presentation/v3/ark:/12148/bpt6k4158701q/manifest.json'
For more information check: https://developer.mozilla.org/en-US/docs/Web/HTTP/Status/403",2026-07-17T14:41:35.162190
echoalger,bpt6k41587024,,failed,0,0,,http_manifest,known,403,manifest,"Client error '403 ' for url 'https://openapiproext.bnf.fr/iiif/presentation/v3/ark:/12148/bpt6k41587024/manifest.json'
For more information check: https://developer.mozilla.org/en-US/docs/Web/HTTP/Status/403",2026-07-17T14:41:36.358418
echoalger,bpt6k4158703j,,failed,0,0,,http_manifest,known,403,manifest,"Client error '403 ' for url 'https://openapiproext.bnf.fr/iiif/presentation/v3/ark:/12148/bpt6k4158703j/manifest.json'
For more information check: https://developer.mozilla.org/en-US/docs/Web/HTTP/Status/403",2026-07-17T14:41:37.559750
echoalger,bpt6k4158704z,,failed,0,0,,http_manifest,known,403,manifest,"Client error '403 ' for url 'https://openapiproext.bnf.fr/iiif/presentation/v3/ark:/12148/bpt6k4158704z/manifest.json'
For more information check: https://developer.mozilla.org/en-US/docs/Web/HTTP/Status/403",2026-07-17T14:41:38.761655
echoalger,bpt6k4158705c,,failed,0,0,,http_manifest,known,403,manifest,"Client error '403 ' for url 'https://openapiproext.bnf.fr/iiif/presentation/v3/ark:/12148/bpt6k4158705c/manifest.json'
For more information check: https://developer.mozilla.org/en-US/docs/Web/HTTP/Status/403",2026-07-17T14:41:39.961807
echoalger,bpt6k4158706s,,failed,0,0,,http_manifest,known,403,manifest,"Client error '403 ' for url 'https://openapiproext.bnf.fr/iiif/presentation/v3/ark:/12148/bpt6k4158706s/manifest.json'
For more information check: https://developer.mozilla.org/en-US/docs/Web/HTTP/Status/403",2026-07-17T14:41:41.184295
echoalger,bpt6k41587076,,failed,0,0,,http_manifest,known,403,manifest,"Client error '403 ' for url 'https://openapiproext.bnf.fr/iiif/presentation/v3/ark:/12148/bpt6k41587076/manifest.json'
For more information check: https://developer.mozilla.org/en-US/docs/Web/HTTP/Status/403",2026-07-17T14:41:42.366432
echoalger,bpt6k4158708m,,failed,0,0,,http_manifest,known,403,manifest,"Client error '403 ' for url 'https://openapiproext.bnf.fr/iiif/presentation/v3/ark:/12148/bpt6k4158708m/manifest.json'
For more information check: https://developer.mozilla.org/en-US/docs/Web/HTTP/Status/403",2026-07-17T14:41:43.563681
echoalger,bpt6k41587091,,failed,0,0,,http_manifest,known,403,manifest,"Client error '403 ' for url 'https://openapiproext.bnf.fr/iiif/presentation/v3/ark:/12148/bpt6k41587091/manifest.json'
For more information check: https://developer.mozilla.org/en-US/docs/Web/HTTP/Status/403",2026-07-17T14:41:44.767608
echoalger,bpt6k4158710p,,failed,0,0,,http_manifest,known,403,manifest,"Client error '403 ' for url 'https://openapiproext.bnf.fr/iiif/presentation/v3/ark:/12148/bpt6k4158710p/manifest.json'
For more information check: https://developer.mozilla.org/en-US/docs/Web/HTTP/Status/403",2026-07-17T14:41:45.967122
echoalger,bpt6k41587113,,failed,0,0,,http_manifest,known,403,manifest,"Client error '403 ' for url 'https://openapiproext.bnf.fr/iiif/presentation/v3/ark:/12148/bpt6k41587113/manifest.json'
For more information check: https://developer.mozilla.org/en-US/docs/Web/HTTP/Status/403",2026-07-17T14:41:47.186214
echoalger,bpt6k4158712h,,failed,0,0,,http_manifest,known,403,manifest,"Client error '403 ' for url 'https://openapiproext.bnf.fr/iiif/presentation/v3/ark:/12148/bpt6k4158712h/manifest.json'
For more information check: https://developer.mozilla.org/en-US/docs/Web/HTTP/Status/403",2026-07-17T14:41:48.372906
echoalger,bpt6k4158713x,,failed,0,0,,http_manifest,known,403,manifest,"Client error '403 ' for url 'https://openapiproext.bnf.fr/iiif/presentation/v3/ark:/12148/bpt6k4158713x/manifest.json'
For more information check: https://developer.mozilla.org/en-US/docs/Web/HTTP/Status/403",2026-07-17T14:41:49.574118
echoalger,bpt6k4158714b,,failed,0,0,,http_manifest,known,403,manifest,"Client error '403 ' for url 'https://openapiproext.bnf.fr/iiif/presentation/v3/ark:/12148/bpt6k4158714b/manifest.json'
For more information check: https://developer.mozilla.org/en-US/docs/Web/HTTP/Status/403",2026-07-17T14:41:50.779692
echoalger,bpt6k4158715r,,failed,0,0,,http_manifest,known,403,manifest,"Client error '403 ' for url 'https://openapiproext.bnf.fr/iiif/presentation/v3/ark:/12148/bpt6k4158715r/manifest.json'
For more information check: https://developer.mozilla.org/en-US/docs/Web/HTTP/Status/403",2026-07-17T14:41:51.977083
echoalger,bpt6k41587165,,failed,0,0,,http_manifest,known,403,manifest,"Client error '403 ' for url 'https://openapiproext.bnf.fr/iiif/presentation/v3/ark:/12148/bpt6k41587165/manifest.json'
For more information check: https://developer.mozilla.org/en-US/docs/Web/HTTP/Status/403",2026-07-17T14:41:53.180530
echoalger,bpt6k4158717k,,failed,0,0,,http_manifest,known,403,manifest,"Client error '403 ' for url 'https://openapiproext.bnf.fr/iiif/presentation/v3/ark:/12148/bpt6k4158717k/manifest.json'
For more information check: https://developer.mozilla.org/en-US/docs/Web/HTTP/Status/403",2026-07-17T14:41:54.381871
echoalger,bpt6k41587180,,failed,0,0,,http_manifest,known,403,manifest,"Client error '403 ' for url 'https://openapiproext.bnf.fr/iiif/presentation/v3/ark:/12148/bpt6k41587180/manifest.json'
For more information check: https://developer.mozilla.org/en-US/docs/Web/HTTP/Status/403",2026-07-17T14:41:55.581014
echoalger,bpt6k4158719d,,failed,0,0,,http_manifest,known,403,manifest,"Client error '403 ' for url 'https://openapiproext.bnf.fr/iiif/presentation/v3/ark:/12148/bpt6k4158719d/manifest.json'
For more information check: https://developer.mozilla.org/en-US/docs/Web/HTTP/Status/403",2026-07-17T14:41:56.784754
echoalger,bpt6k41587202,,failed,0,0,,http_manifest,known,403,manifest,"Client error '403 ' for url 'https://openapiproext.bnf.fr/iiif/presentation/v3/ark:/12148/bpt6k41587202/manifest.json'
For more information check: https://developer.mozilla.org/en-US/docs/Web/HTTP/Status/403",2026-07-17T14:41:58.226089
echoalger,bpt6k4158721g,,failed,0,0,,http_manifest,known,403,manifest,"Client error '403 ' for url 'https://openapiproext.bnf.fr/iiif/presentation/v3/ark:/12148/bpt6k4158721g/manifest.json'
For more information check: https://developer.mozilla.org/en-US/docs/Web/HTTP/Status/403",2026-07-17T14:41:59.190568
echoalger,bpt6k4158722w,,failed,0,0,,http_manifest,known,403,manifest,"Client error '403 ' for url 'https://openapiproext.bnf.fr/iiif/presentation/v3/ark:/12148/bpt6k4158722w/manifest.json'
For more information check: https://developer.mozilla.org/en-US/docs/Web/HTTP/Status/403",2026-07-17T14:42:00.404190
echoalger,bpt6k41587239,,failed,0,0,,http_manifest,known,403,manifest,"Client error '403 ' for url 'https://openapiproext.bnf.fr/iiif/presentation/v3/ark:/12148/bpt6k41587239/manifest.json'
For more information check: https://developer.mozilla.org/en-US/docs/Web/HTTP/Status/403",2026-07-17T14:42:01.731724
echoalger,bpt6k4158724q,,failed,0,0,,http_manifest,known,403,manifest,"Client error '403 ' for url 'https://openapiproext.bnf.fr/iiif/presentation/v3/ark:/12148/bpt6k4158724q/manifest.json'
For more information check: https://developer.mozilla.org/en-US/docs/Web/HTTP/Status/403",2026-07-17T14:42:02.820596
echoalger,bpt6k41587254,,failed,0,0,,http_manifest,known,403,manifest,"Client error '403 ' for url 'https://openapiproext.bnf.fr/iiif/presentation/v3/ark:/12148/bpt6k41587254/manifest.json'
For more information check: https://developer.mozilla.org/en-US/docs/Web/HTTP/Status/403",2026-07-17T14:42:04.023805
echoalger,bpt6k4158726j,,failed,0,0,,http_manifest,known,403,manifest,"Client error '403 ' for url 'https://openapiproext.bnf.fr/iiif/presentation/v3/ark:/12148/bpt6k4158726j/manifest.json'
For more information check: https://developer.mozilla.org/en-US/docs/Web/HTTP/Status/403",2026-07-17T14:42:05.358484
echoalger,bpt6k4158727z,,failed,0,0,,http_manifest,known,403,manifest,"Client error '403 ' for url 'https://openapiproext.bnf.fr/iiif/presentation/v3/ark:/12148/bpt6k4158727z/manifest.json'
For more information check: https://developer.mozilla.org/en-US/docs/Web/HTTP/Status/403",2026-07-17T14:42:06.680711
echoalger,bpt6k4158728c,,failed,0,0,,http_manifest,known,403,manifest,"Client error '403 ' for url 'https://openapiproext.bnf.fr/iiif/presentation/v3/ark:/12148/bpt6k4158728c/manifest.json'
For more information check: https://developer.mozilla.org/en-US/docs/Web/HTTP/Status/403",2026-07-17T14:42:07.605376
echoalger,bpt6k4158729s,,failed,0,0,,http_manifest,known,403,manifest,"Client error '403 ' for url 'https://openapiproext.bnf.fr/iiif/presentation/v3/ark:/12148/bpt6k4158729s/manifest.json'
For more information check: https://developer.mozilla.org/en-US/docs/Web/HTTP/Status/403",2026-07-17T14:42:08.819674
echoalger,bpt6k4158730f,,failed,0,0,,http_manifest,known,403,manifest,"Client error '403 ' for url 'https://openapiproext.bnf.fr/iiif/presentation/v3/ark:/12148/bpt6k4158730f/manifest.json'
For more information check: https://developer.mozilla.org/en-US/docs/Web/HTTP/Status/403",2026-07-17T14:42:10.266523
echoalger,bpt6k4158731v,,failed,0,0,,http_manifest,known,403,manifest,"Client error '403 ' for url 'https://openapiproext.bnf.fr/iiif/presentation/v3/ark:/12148/bpt6k4158731v/manifest.json'
For more information check: https://developer.mozilla.org/en-US/docs/Web/HTTP/Status/403",2026-07-17T14:42:11.256070
echoalger,bpt6k41587328,,failed,0,0,,http_manifest,known,403,manifest,"Client error '403 ' for url 'https://openapiproext.bnf.fr/iiif/presentation/v3/ark:/12148/bpt6k41587328/manifest.json'
For more information check: https://developer.mozilla.org/en-US/docs/Web/HTTP/Status/403",2026-07-17T14:42:12.426486
echoalger,bpt6k4158733p,,failed,0,0,,http_manifest,known,403,manifest,"Client error '403 ' for url 'https://openapiproext.bnf.fr/iiif/presentation/v3/ark:/12148/bpt6k4158733p/manifest.json'
For more information check: https://developer.mozilla.org/en-US/docs/Web/HTTP/Status/403",2026-07-17T14:42:13.626542
echoalger,bpt6k41587343,,failed,0,0,,http_manifest,known,403,manifest,"Client error '403 ' for url 'https://openapiproext.bnf.fr/iiif/presentation/v3/ark:/12148/bpt6k41587343/manifest.json'
For more information check: https://developer.mozilla.org/en-US/docs/Web/HTTP/Status/403",2026-07-17T14:42:14.843420
echoalger,bpt6k4158735h,,failed,0,0,,http_manifest,known,403,manifest,"Client error '403 ' for url 'https://openapiproext.bnf.fr/iiif/presentation/v3/ark:/12148/bpt6k4158735h/manifest.json'
For more information check: https://developer.mozilla.org/en-US/docs/Web/HTTP/Status/403",2026-07-17T14:42:16.013191
echoalger,bpt6k4158736x,,failed,0,0,,http_manifest,known,403,manifest,"Client error '403 ' for url 'https://openapiproext.bnf.fr/iiif/presentation/v3/ark:/12148/bpt6k4158736x/manifest.json'
For more information check: https://developer.mozilla.org/en-US/docs/Web/HTTP/Status/403",2026-07-17T14:42:17.222554
echoalger,bpt6k4158737b,,failed,0,0,,http_manifest,known,403,manifest,"Client error '403 ' for url 'https://openapiproext.bnf.fr/iiif/presentation/v3/ark:/12148/bpt6k4158737b/manifest.json'
For more information check: https://developer.mozilla.org/en-US/docs/Web/HTTP/Status/403",2026-07-17T14:42:18.418214
echoalger,bpt6k4158738r,,failed,0,0,,http_manifest,known,403,manifest,"Client error '403 ' for url 'https://openapiproext.bnf.fr/iiif/presentation/v3/ark:/12148/bpt6k4158738r/manifest.json'
For more information check: https://developer.mozilla.org/en-US/docs/Web/HTTP/Status/403",2026-07-17T14:42:19.623230
echoalger,bpt6k41587395,,failed,0,0,,http_manifest,known,403,manifest,"Client error '403 ' for url 'https://openapiproext.bnf.fr/iiif/presentation/v3/ark:/12148/bpt6k41587395/manifest.json'
For more information check: https://developer.mozilla.org/en-US/docs/Web/HTTP/Status/403",2026-07-17T14:42:20.827119
echoalger,bpt6k4158740t,,failed,0,0,,http_manifest,known,403,manifest,"Client error '403 ' for url 'https://openapiproext.bnf.fr/iiif/presentation/v3/ark:/12148/bpt6k4158740t/manifest.json'
For more information check: https://developer.mozilla.org/en-US/docs/Web/HTTP/Status/403",2026-07-17T14:42:22.037835
echoalger,bpt6k41587417,,failed,0,0,,http_manifest,known,403,manifest,"Client error '403 ' for url 'https://openapiproext.bnf.fr/iiif/presentation/v3/ark:/12148/bpt6k41587417/manifest.json'
For more information check: https://developer.mozilla.org/en-US/docs/Web/HTTP/Status/403",2026-07-17T14:42:23.226157
echoalger,bpt6k4158742n,,failed,0,0,,http_manifest,known,403,manifest,"Client error '403 ' for url 'https://openapiproext.bnf.fr/iiif/presentation/v3/ark:/12148/bpt6k4158742n/manifest.json'
For more information check: https://developer.mozilla.org/en-US/docs/Web/HTTP/Status/403",2026-07-17T14:42:24.423574
echoalger,bpt6k41587432,,failed,0,0,,http_manifest,known,403,manifest,"Client error '403 ' for url 'https://openapiproext.bnf.fr/iiif/presentation/v3/ark:/12148/bpt6k41587432/manifest.json'
For more information check: https://developer.mozilla.org/en-US/docs/Web/HTTP/Status/403",2026-07-17T14:42:25.623777
echoalger,bpt6k4158744g,,failed,0,0,,http_manifest,known,403,manifest,"Client error '403 ' for url 'https://openapiproext.bnf.fr/iiif/presentation/v3/ark:/12148/bpt6k4158744g/manifest.json'
For more information check: https://developer.mozilla.org/en-US/docs/Web/HTTP/Status/403",2026-07-17T14:42:26.829580
echoalger,bpt6k4158745w,,failed,0,0,,http_manifest,known,403,manifest,"Client error '403 ' for url 'https://openapiproext.bnf.fr/iiif/presentation/v3/ark:/12148/bpt6k4158745w/manifest.json'
For more information check: https://developer.mozilla.org/en-US/docs/Web/HTTP/Status/403",2026-07-17T14:42:28.044065
echoalger,bpt6k41587469,,failed,0,0,,http_manifest,known,403,manifest,"Client error '403 ' for url 'https://openapiproext.bnf.fr/iiif/presentation/v3/ark:/12148/bpt6k41587469/manifest.json'
For more information check: https://developer.mozilla.org/en-US/docs/Web/HTTP/Status/403",2026-07-17T14:42:29.229675
echoalger,bpt6k4158747q,,failed,0,0,,http_manifest,known,403,manifest,"Client error '403 ' for url 'https://openapiproext.bnf.fr/iiif/presentation/v3/ark:/12148/bpt6k4158747q/manifest.json'
For more information check: https://developer.mozilla.org/en-US/docs/Web/HTTP/Status/403",2026-07-17T14:42:30.428704
echoalger,bpt6k41587484,,failed,0,0,,http_manifest,known,403,manifest,"Client error '403 ' for url 'https://openapiproext.bnf.fr/iiif/presentation/v3/ark:/12148/bpt6k41587484/manifest.json'
For more information check: https://developer.mozilla.org/en-US/docs/Web/HTTP/Status/403",2026-07-17T14:42:31.630704
echoalger,bpt6k4158749j,,failed,0,0,,http_manifest,known,403,manifest,"Client error '403 ' for url 'https://openapiproext.bnf.fr/iiif/presentation/v3/ark:/12148/bpt6k4158749j/manifest.json'
For more information check: https://developer.mozilla.org/en-US/docs/Web/HTTP/Status/403",2026-07-17T14:42:32.830964
echoalger,bpt6k41587506,,failed,0,0,,http_manifest,known,403,manifest,"Client error '403 ' for url 'https://openapiproext.bnf.fr/iiif/presentation/v3/ark:/12148/bpt6k41587506/manifest.json'
For more information check: https://developer.mozilla.org/en-US/docs/Web/HTTP/Status/403",2026-07-17T14:42:34.038442
echoalger,bpt6k4158751m,,failed,0,0,,http_manifest,known,403,manifest,"Client error '403 ' for url 'https://openapiproext.bnf.fr/iiif/presentation/v3/ark:/12148/bpt6k4158751m/manifest.json'
For more information check: https://developer.mozilla.org/en-US/docs/Web/HTTP/Status/403",2026-07-17T14:42:35.234642
echoalger,bpt6k41587521,,failed,0,0,,http_manifest,known,403,manifest,"Client error '403 ' for url 'https://openapiproext.bnf.fr/iiif/presentation/v3/ark:/12148/bpt6k41587521/manifest.json'
For more information check: https://developer.mozilla.org/en-US/docs/Web/HTTP/Status/403",2026-07-17T14:42:36.440955
echoalger,bpt6k4158753f,,failed,0,0,,http_manifest,known,403,manifest,"Client error '403 ' for url 'https://openapiproext.bnf.fr/iiif/presentation/v3/ark:/12148/bpt6k4158753f/manifest.json'
For more information check: https://developer.mozilla.org/en-US/docs/Web/HTTP/Status/403",2026-07-17T14:42:37.637728
echoalger,bpt6k4158754v,,failed,0,0,,http_manifest,known,403,manifest,"Client error '403 ' for url 'https://openapiproext.bnf.fr/iiif/presentation/v3/ark:/12148/bpt6k4158754v/manifest.json'
For more information check: https://developer.mozilla.org/en-US/docs/Web/HTTP/Status/403",2026-07-17T14:42:38.842609
echoalger,bpt6k41587558,,failed,0,0,,http_manifest,known,403,manifest,"Client error '403 ' for url 'https://openapiproext.bnf.fr/iiif/presentation/v3/ark:/12148/bpt6k41587558/manifest.json'
For more information check: https://developer.mozilla.org/en-US/docs/Web/HTTP/Status/403",2026-07-17T14:42:40.065769
echoalger,bpt6k4158756p,,failed,0,0,,http_manifest,known,403,manifest,"Client error '403 ' for url 'https://openapiproext.bnf.fr/iiif/presentation/v3/ark:/12148/bpt6k4158756p/manifest.json'
For more information check: https://developer.mozilla.org/en-US/docs/Web/HTTP/Status/403",2026-07-17T14:42:41.251130
echoalger,bpt6k41587573,,failed,0,0,,http_manifest,known,403,manifest,"Client error '403 ' for url 'https://openapiproext.bnf.fr/iiif/presentation/v3/ark:/12148/bpt6k41587573/manifest.json'
For more information check: https://developer.mozilla.org/en-US/docs/Web/HTTP/Status/403",2026-07-17T14:42:42.449154
echoalger,bpt6k4158758h,,failed,0,0,,http_manifest,known,403,manifest,"Client error '403 ' for url 'https://openapiproext.bnf.fr/iiif/presentation/v3/ark:/12148/bpt6k4158758h/manifest.json'
For more information check: https://developer.mozilla.org/en-US/docs/Web/HTTP/Status/403",2026-07-17T14:42:43.659060
echoalger,bpt6k4158759x,,failed,0,0,,http_manifest,known,403,manifest,"Client error '403 ' for url 'https://openapiproext.bnf.fr/iiif/presentation/v3/ark:/12148/bpt6k4158759x/manifest.json'
For more information check: https://developer.mozilla.org/en-US/docs/Web/HTTP/Status/403",2026-07-17T14:42:44.849919
echoalger,bpt6k4158760k,,failed,0,0,,http_manifest,known,403,manifest,"Client error '403 ' for url 'https://openapiproext.bnf.fr/iiif/presentation/v3/ark:/12148/bpt6k4158760k/manifest.json'
For more information check: https://developer.mozilla.org/en-US/docs/Web/HTTP/Status/403",2026-07-17T14:42:46.058744
echoalger,bpt6k41587610,,failed,0,0,,http_manifest,known,403,manifest,"Client error '403 ' for url 'https://openapiproext.bnf.fr/iiif/presentation/v3/ark:/12148/bpt6k41587610/manifest.json'
For more information check: https://developer.mozilla.org/en-US/docs/Web/HTTP/Status/403",2026-07-17T14:42:47.251385
echoalger,bpt6k4158762d,,failed,0,0,,http_manifest,known,403,manifest,"Client error '403 ' for url 'https://openapiproext.bnf.fr/iiif/presentation/v3/ark:/12148/bpt6k4158762d/manifest.json'
For more information check: https://developer.mozilla.org/en-US/docs/Web/HTTP/Status/403",2026-07-17T14:42:48.453699
echoalger,bpt6k4158763t,,failed,0,0,,http_manifest,known,403,manifest,"Client error '403 ' for url 'https://openapiproext.bnf.fr/iiif/presentation/v3/ark:/12148/bpt6k4158763t/manifest.json'
For more information check: https://developer.mozilla.org/en-US/docs/Web/HTTP/Status/403",2026-07-17T14:42:49.653623
echoalger,bpt6k41587647,,failed,0,0,,http_manifest,known,403,manifest,"Client error '403 ' for url 'https://openapiproext.bnf.fr/iiif/presentation/v3/ark:/12148/bpt6k41587647/manifest.json'
For more information check: https://developer.mozilla.org/en-US/docs/Web/HTTP/Status/403",2026-07-17T14:42:50.855026
echoalger,bpt6k4158765n,,failed,0,0,,http_manifest,known,403,manifest,"Client error '403 ' for url 'https://openapiproext.bnf.fr/iiif/presentation/v3/ark:/12148/bpt6k4158765n/manifest.json'
For more information check: https://developer.mozilla.org/en-US/docs/Web/HTTP/Status/403",2026-07-17T14:42:52.071962
echoalger,bpt6k41587662,,failed,0,0,,http_manifest,known,403,manifest,"Client error '403 ' for url 'https://openapiproext.bnf.fr/iiif/presentation/v3/ark:/12148/bpt6k41587662/manifest.json'
For more information check: https://developer.mozilla.org/en-US/docs/Web/HTTP/Status/403",2026-07-17T14:42:53.270762
echoalger,bpt6k4158767g,,failed,0,0,,http_manifest,known,403,manifest,"Client error '403 ' for url 'https://openapiproext.bnf.fr/iiif/presentation/v3/ark:/12148/bpt6k4158767g/manifest.json'
For more information check: https://developer.mozilla.org/en-US/docs/Web/HTTP/Status/403",2026-07-17T14:42:54.462568
echoalger,bpt6k4158768w,,failed,0,0,,http_manifest,known,403,manifest,"Client error '403 ' for url 'https://openapiproext.bnf.fr/iiif/presentation/v3/ark:/12148/bpt6k4158768w/manifest.json'
For more information check: https://developer.mozilla.org/en-US/docs/Web/HTTP/Status/403",2026-07-17T14:42:55.663839
echoalger,bpt6k41587699,,failed,0,0,,http_manifest,known,403,manifest,"Client error '403 ' for url 'https://openapiproext.bnf.fr/iiif/presentation/v3/ark:/12148/bpt6k41587699/manifest.json'
For more information check: https://developer.mozilla.org/en-US/docs/Web/HTTP/Status/403",2026-07-17T14:42:56.870361
echoalger,bpt6k4158770z,,failed,0,0,,http_manifest,known,403,manifest,"Client error '403 ' for url 'https://openapiproext.bnf.fr/iiif/presentation/v3/ark:/12148/bpt6k4158770z/manifest.json'
For more information check: https://developer.mozilla.org/en-US/docs/Web/HTTP/Status/403",2026-07-17T14:42:58.194663
echoalger,bpt6k4158771c,,failed,0,0,,http_manifest,known,403,manifest,"Client error '403 ' for url 'https://openapiproext.bnf.fr/iiif/presentation/v3/ark:/12148/bpt6k4158771c/manifest.json'
For more information check: https://developer.mozilla.org/en-US/docs/Web/HTTP/Status/403",2026-07-17T14:42:59.446726
echoalger,bpt6k4158772s,,failed,0,0,,http_manifest,known,403,manifest,"Client error '403 ' for url 'https://openapiproext.bnf.fr/iiif/presentation/v3/ark:/12148/bpt6k4158772s/manifest.json'
For more information check: https://developer.mozilla.org/en-US/docs/Web/HTTP/Status/403",2026-07-17T14:43:00.535776
echoalger,bpt6k41587736,,failed,0,0,,http_manifest,known,403,manifest,"Client error '403 ' for url 'https://openapiproext.bnf.fr/iiif/presentation/v3/ark:/12148/bpt6k41587736/manifest.json'
For more information check: https://developer.mozilla.org/en-US/docs/Web/HTTP/Status/403",2026-07-17T14:43:01.679058
echoalger,bpt6k4158774m,,failed,0,0,,http_manifest,known,403,manifest,"Client error '403 ' for url 'https://openapiproext.bnf.fr/iiif/presentation/v3/ark:/12148/bpt6k4158774m/manifest.json'
For more information check: https://developer.mozilla.org/en-US/docs/Web/HTTP/Status/403",2026-07-17T14:43:02.997435
echoalger,bpt6k41587751,,failed,0,0,,http_manifest,known,403,manifest,"Client error '403 ' for url 'https://openapiproext.bnf.fr/iiif/presentation/v3/ark:/12148/bpt6k41587751/manifest.json'
For more information check: https://developer.mozilla.org/en-US/docs/Web/HTTP/Status/403",2026-07-17T14:43:04.117414
echoalger,bpt6k4158776f,,failed,0,0,,http_manifest,known,403,manifest,"Client error '403 ' for url 'https://openapiproext.bnf.fr/iiif/presentation/v3/ark:/12148/bpt6k4158776f/manifest.json'
For more information check: https://developer.mozilla.org/en-US/docs/Web/HTTP/Status/403",2026-07-17T14:43:05.468834
echoalger,bpt6k4158777v,,failed,0,0,,http_manifest,known,403,manifest,"Client error '403 ' for url 'https://openapiproext.bnf.fr/iiif/presentation/v3/ark:/12148/bpt6k4158777v/manifest.json'
For more information check: https://developer.mozilla.org/en-US/docs/Web/HTTP/Status/403",2026-07-17T14:43:06.781364
echoalger,bpt6k41587788,,failed,0,0,,http_manifest,known,403,manifest,"Client error '403 ' for url 'https://openapiproext.bnf.fr/iiif/presentation/v3/ark:/12148/bpt6k41587788/manifest.json'
For more information check: https://developer.mozilla.org/en-US/docs/Web/HTTP/Status/403",2026-07-17T14:43:07.682959
echoalger,bpt6k4158779p,,failed,0,0,,http_manifest,known,403,manifest,"Client error '403 ' for url 'https://openapiproext.bnf.fr/iiif/presentation/v3/ark:/12148/bpt6k4158779p/manifest.json'
For more information check: https://developer.mozilla.org/en-US/docs/Web/HTTP/Status/403",2026-07-17T14:43:09.856431
echoalger,bpt6k4158780b,,failed,0,0,,http_manifest,known,403,manifest,"Client error '403 ' for url 'https://openapiproext.bnf.fr/iiif/presentation/v3/ark:/12148/bpt6k4158780b/manifest.json'
For more information check: https://developer.mozilla.org/en-US/docs/Web/HTTP/Status/403",2026-07-17T14:43:10.175944
echoalger,bpt6k4158781r,,failed,0,0,,http_manifest,known,403,manifest,"Client error '403 ' for url 'https://openapiproext.bnf.fr/iiif/presentation/v3/ark:/12148/bpt6k4158781r/manifest.json'
For more information check: https://developer.mozilla.org/en-US/docs/Web/HTTP/Status/403",2026-07-17T14:43:11.284724
echoalger,bpt6k41587825,,failed,0,0,,http_manifest,known,403,manifest,"Client error '403 ' for url 'https://openapiproext.bnf.fr/iiif/presentation/v3/ark:/12148/bpt6k41587825/manifest.json'
For more information check: https://developer.mozilla.org/en-US/docs/Web/HTTP/Status/403",2026-07-17T14:43:12.493449
echoalger,bpt6k4158783k,,failed,0,0,,http_manifest,known,403,manifest,"Client error '403 ' for url 'https://openapiproext.bnf.fr/iiif/presentation/v3/ark:/12148/bpt6k4158783k/manifest.json'
For more information check: https://developer.mozilla.org/en-US/docs/Web/HTTP/Status/403",2026-07-17T14:43:13.886228
echoalger,bpt6k41587840,,failed,0,0,,http_manifest,known,403,manifest,"Client error '403 ' for url 'https://openapiproext.bnf.fr/iiif/presentation/v3/ark:/12148/bpt6k41587840/manifest.json'
For more information check: https://developer.mozilla.org/en-US/docs/Web/HTTP/Status/403",2026-07-17T14:43:14.888646
echoalger,bpt6k4158785d,,failed,0,0,,http_manifest,known,403,manifest,"Client error '403 ' for url 'https://openapiproext.bnf.fr/iiif/presentation/v3/ark:/12148/bpt6k4158785d/manifest.json'
For more information check: https://developer.mozilla.org/en-US/docs/Web/HTTP/Status/403",2026-07-17T14:43:16.089536
echoalger,bpt6k4158786t,,failed,0,0,,http_manifest,known,403,manifest,"Client error '403 ' for url 'https://openapiproext.bnf.fr/iiif/presentation/v3/ark:/12148/bpt6k4158786t/manifest.json'
For more information check: https://developer.mozilla.org/en-US/docs/Web/HTTP/Status/403",2026-07-17T14:43:17.298952
echoalger,bpt6k41587877,,failed,0,0,,http_manifest,known,403,manifest,"Client error '403 ' for url 'https://openapiproext.bnf.fr/iiif/presentation/v3/ark:/12148/bpt6k41587877/manifest.json'
For more information check: https://developer.mozilla.org/en-US/docs/Web/HTTP/Status/403",2026-07-17T14:43:18.497860
echoalger,bpt6k4158788n,,failed,0,0,,http_manifest,known,403,manifest,"Client error '403 ' for url 'https://openapiproext.bnf.fr/iiif/presentation/v3/ark:/12148/bpt6k4158788n/manifest.json'
For more information check: https://developer.mozilla.org/en-US/docs/Web/HTTP/Status/403",2026-07-17T14:43:19.691937
echoalger,bpt6k41587892,,failed,0,0,,http_manifest,known,403,manifest,"Client error '403 ' for url 'https://openapiproext.bnf.fr/iiif/presentation/v3/ark:/12148/bpt6k41587892/manifest.json'
For more information check: https://developer.mozilla.org/en-US/docs/Web/HTTP/Status/403",2026-07-17T14:43:20.916496
echoalger,bpt6k4158790q,,failed,0,0,,http_manifest,known,403,manifest,"Client error '403 ' for url 'https://openapiproext.bnf.fr/iiif/presentation/v3/ark:/12148/bpt6k4158790q/manifest.json'
For more information check: https://developer.mozilla.org/en-US/docs/Web/HTTP/Status/403",2026-07-17T14:43:22.093601
echoalger,bpt6k41587914,,failed,0,0,,http_manifest,known,403,manifest,"Client error '403 ' for url 'https://openapiproext.bnf.fr/iiif/presentation/v3/ark:/12148/bpt6k41587914/manifest.json'
For more information check: https://developer.mozilla.org/en-US/docs/Web/HTTP/Status/403",2026-07-17T14:43:23.339801
echoalger,bpt6k4158792j,,failed,0,0,,http_manifest,known,403,manifest,"Client error '403 ' for url 'https://openapiproext.bnf.fr/iiif/presentation/v3/ark:/12148/bpt6k4158792j/manifest.json'
For more information check: https://developer.mozilla.org/en-US/docs/Web/HTTP/Status/403",2026-07-17T14:43:24.504954
echoalger,bpt6k4158793z,,failed,0,0,,http_manifest,known,403,manifest,"Client error '403 ' for url 'https://openapiproext.bnf.fr/iiif/presentation/v3/ark:/12148/bpt6k4158793z/manifest.json'
For more information check: https://developer.mozilla.org/en-US/docs/Web/HTTP/Status/403",2026-07-17T14:43:25.705693
echoalger,bpt6k4158794c,,failed,0,0,,http_manifest,known,403,manifest,"Client error '403 ' for url 'https://openapiproext.bnf.fr/iiif/presentation/v3/ark:/12148/bpt6k4158794c/manifest.json'
For more information check: https://developer.mozilla.org/en-US/docs/Web/HTTP/Status/403",2026-07-17T14:43:26.904516
echoalger,bpt6k4158795s,,failed,0,0,,http_manifest,known,403,manifest,"Client error '403 ' for url 'https://openapiproext.bnf.fr/iiif/presentation/v3/ark:/12148/bpt6k4158795s/manifest.json'
For more information check: https://developer.mozilla.org/en-US/docs/Web/HTTP/Status/403",2026-07-17T14:43:28.105755
echoalger,bpt6k41587966,,failed,0,0,,http_manifest,known,403,manifest,"Client error '403 ' for url 'https://openapiproext.bnf.fr/iiif/presentation/v3/ark:/12148/bpt6k41587966/manifest.json'
For more information check: https://developer.mozilla.org/en-US/docs/Web/HTTP/Status/403",2026-07-17T14:43:29.333074
echoalger,bpt6k4158797m,,failed,0,0,,http_manifest,known,403,manifest,"Client error '403 ' for url 'https://openapiproext.bnf.fr/iiif/presentation/v3/ark:/12148/bpt6k4158797m/manifest.json'
For more information check: https://developer.mozilla.org/en-US/docs/Web/HTTP/Status/403",2026-07-17T14:43:30.511154
echoalger,bpt6k41587981,,failed,0,0,,http_manifest,known,403,manifest,"Client error '403 ' for url 'https://openapiproext.bnf.fr/iiif/presentation/v3/ark:/12148/bpt6k41587981/manifest.json'
For more information check: https://developer.mozilla.org/en-US/docs/Web/HTTP/Status/403",2026-07-17T14:43:31.710934
echoalger,bpt6k4158799f,,failed,0,0,,http_manifest,known,403,manifest,"Client error '403 ' for url 'https://openapiproext.bnf.fr/iiif/presentation/v3/ark:/12148/bpt6k4158799f/manifest.json'
For more information check: https://developer.mozilla.org/en-US/docs/Web/HTTP/Status/403",2026-07-17T14:43:32.913361
echoalger,bpt6k4158800n,,failed,0,0,,http_manifest,known,403,manifest,"Client error '403 ' for url 'https://openapiproext.bnf.fr/iiif/presentation/v3/ark:/12148/bpt6k4158800n/manifest.json'
For more information check: https://developer.mozilla.org/en-US/docs/Web/HTTP/Status/403",2026-07-17T14:43:34.113857
echoalger,bpt6k41588012,,failed,0,0,,http_manifest,known,403,manifest,"Client error '403 ' for url 'https://openapiproext.bnf.fr/iiif/presentation/v3/ark:/12148/bpt6k41588012/manifest.json'
For more information check: https://developer.mozilla.org/en-US/docs/Web/HTTP/Status/403",2026-07-17T14:43:35.313241
echoalger,bpt6k4158802g,,failed,0,0,,http_manifest,known,403,manifest,"Client error '403 ' for url 'https://openapiproext.bnf.fr/iiif/presentation/v3/ark:/12148/bpt6k4158802g/manifest.json'
For more information check: https://developer.mozilla.org/en-US/docs/Web/HTTP/Status/403",2026-07-17T14:43:36.517971
echoalger,bpt6k4158803w,,failed,0,0,,http_manifest,known,403,manifest,"Client error '403 ' for url 'https://openapiproext.bnf.fr/iiif/presentation/v3/ark:/12148/bpt6k4158803w/manifest.json'
For more information check: https://developer.mozilla.org/en-US/docs/Web/HTTP/Status/403",2026-07-17T14:43:37.727536
echoalger,bpt6k41588049,,failed,0,0,,http_manifest,known,403,manifest,"Client error '403 ' for url 'https://openapiproext.bnf.fr/iiif/presentation/v3/ark:/12148/bpt6k41588049/manifest.json'
For more information check: https://developer.mozilla.org/en-US/docs/Web/HTTP/Status/403",2026-07-17T14:43:38.922482
echoalger,bpt6k4158805q,,failed,0,0,,http_manifest,known,403,manifest,"Client error '403 ' for url 'https://openapiproext.bnf.fr/iiif/presentation/v3/ark:/12148/bpt6k4158805q/manifest.json'
For more information check: https://developer.mozilla.org/en-US/docs/Web/HTTP/Status/403",2026-07-17T14:43:40.121302
echoalger,bpt6k41588064,,failed,0,0,,http_manifest,known,403,manifest,"Client error '403 ' for url 'https://openapiproext.bnf.fr/iiif/presentation/v3/ark:/12148/bpt6k41588064/manifest.json'
For more information check: https://developer.mozilla.org/en-US/docs/Web/HTTP/Status/403",2026-07-17T14:43:41.346430
echoalger,bpt6k4158807j,,failed,0,0,,http_manifest,known,403,manifest,"Client error '403 ' for url 'https://openapiproext.bnf.fr/iiif/presentation/v3/ark:/12148/bpt6k4158807j/manifest.json'
For more information check: https://developer.mozilla.org/en-US/docs/Web/HTTP/Status/403",2026-07-17T14:43:42.527730
echoalger,bpt6k4158808z,,failed,0,0,,http_manifest,known,403,manifest,"Client error '403 ' for url 'https://openapiproext.bnf.fr/iiif/presentation/v3/ark:/12148/bpt6k4158808z/manifest.json'
For more information check: https://developer.mozilla.org/en-US/docs/Web/HTTP/Status/403",2026-07-17T14:43:43.724669
echoalger,bpt6k4158809c,,failed,0,0,,http_manifest,known,403,manifest,"Client error '403 ' for url 'https://openapiproext.bnf.fr/iiif/presentation/v3/ark:/12148/bpt6k4158809c/manifest.json'
For more information check: https://developer.mozilla.org/en-US/docs/Web/HTTP/Status/403",2026-07-17T14:43:44.924078
echoalger,bpt6k41588101,,failed,0,0,,http_manifest,known,403,manifest,"Client error '403 ' for url 'https://openapiproext.bnf.fr/iiif/presentation/v3/ark:/12148/bpt6k41588101/manifest.json'
For more information check: https://developer.mozilla.org/en-US/docs/Web/HTTP/Status/403",2026-07-17T14:43:46.129242
echoalger,bpt6k4158811f,,failed,0,0,,http_manifest,known,403,manifest,"Client error '403 ' for url 'https://openapiproext.bnf.fr/iiif/presentation/v3/ark:/12148/bpt6k4158811f/manifest.json'
For more information check: https://developer.mozilla.org/en-US/docs/Web/HTTP/Status/403",2026-07-17T14:43:47.330512
echoalger,bpt6k4158812v,,failed,0,0,,http_manifest,known,403,manifest,"Client error '403 ' for url 'https://openapiproext.bnf.fr/iiif/presentation/v3/ark:/12148/bpt6k4158812v/manifest.json'
For more information check: https://developer.mozilla.org/en-US/docs/Web/HTTP/Status/403",2026-07-17T14:43:48.528999
echoalger,bpt6k41588138,,failed,0,0,,http_manifest,known,403,manifest,"Client error '403 ' for url 'https://openapiproext.bnf.fr/iiif/presentation/v3/ark:/12148/bpt6k41588138/manifest.json'
For more information check: https://developer.mozilla.org/en-US/docs/Web/HTTP/Status/403",2026-07-17T14:43:49.731169
echoalger,bpt6k4158814p,,failed,0,0,,http_manifest,known,403,manifest,"Client error '403 ' for url 'https://openapiproext.bnf.fr/iiif/presentation/v3/ark:/12148/bpt6k4158814p/manifest.json'
For more information check: https://developer.mozilla.org/en-US/docs/Web/HTTP/Status/403",2026-07-17T14:43:50.933469
echoalger,bpt6k41588153,,failed,0,0,,http_manifest,known,403,manifest,"Client error '403 ' for url 'https://openapiproext.bnf.fr/iiif/presentation/v3/ark:/12148/bpt6k41588153/manifest.json'
For more information check: https://developer.mozilla.org/en-US/docs/Web/HTTP/Status/403",2026-07-17T14:43:52.137220
echoalger,bpt6k4158816h,,failed,0,0,,http_manifest,known,403,manifest,"Client error '403 ' for url 'https://openapiproext.bnf.fr/iiif/presentation/v3/ark:/12148/bpt6k4158816h/manifest.json'
For more information check: https://developer.mozilla.org/en-US/docs/Web/HTTP/Status/403",2026-07-17T14:43:53.363922
echoalger,bpt6k4158817x,,failed,0,0,,http_manifest,known,403,manifest,"Client error '403 ' for url 'https://openapiproext.bnf.fr/iiif/presentation/v3/ark:/12148/bpt6k4158817x/manifest.json'
For more information check: https://developer.mozilla.org/en-US/docs/Web/HTTP/Status/403",2026-07-17T14:43:54.541262
echoalger,bpt6k4158818b,,failed,0,0,,http_manifest,known,403,manifest,"Client error '403 ' for url 'https://openapiproext.bnf.fr/iiif/presentation/v3/ark:/12148/bpt6k4158818b/manifest.json'
For more information check: https://developer.mozilla.org/en-US/docs/Web/HTTP/Status/403",2026-07-17T14:43:55.743521
echoalger,bpt6k4158819r,,failed,0,0,,http_manifest,known,403,manifest,"Client error '403 ' for url 'https://openapiproext.bnf.fr/iiif/presentation/v3/ark:/12148/bpt6k4158819r/manifest.json'
For more information check: https://developer.mozilla.org/en-US/docs/Web/HTTP/Status/403",2026-07-17T14:43:56.940220
echoalger,bpt6k4158820d,,failed,0,0,,http_manifest,known,403,manifest,"Client error '403 ' for url 'https://openapiproext.bnf.fr/iiif/presentation/v3/ark:/12148/bpt6k4158820d/manifest.json'
For more information check: https://developer.mozilla.org/en-US/docs/Web/HTTP/Status/403",2026-07-17T14:43:58.176626
echoalger,bpt6k4158821t,,failed,0,0,,http_manifest,known,403,manifest,"Client error '403 ' for url 'https://openapiproext.bnf.fr/iiif/presentation/v3/ark:/12148/bpt6k4158821t/manifest.json'
For more information check: https://developer.mozilla.org/en-US/docs/Web/HTTP/Status/403",2026-07-17T14:43:59.614273
echoalger,bpt6k41588227,,failed,0,0,,http_manifest,known,403,manifest,"Client error '403 ' for url 'https://openapiproext.bnf.fr/iiif/presentation/v3/ark:/12148/bpt6k41588227/manifest.json'
For more information check: https://developer.mozilla.org/en-US/docs/Web/HTTP/Status/403",2026-07-17T14:44:00.564083
echoalger,bpt6k4158823n,,failed,0,0,,http_manifest,known,403,manifest,"Client error '403 ' for url 'https://openapiproext.bnf.fr/iiif/presentation/v3/ark:/12148/bpt6k4158823n/manifest.json'
For more information check: https://developer.mozilla.org/en-US/docs/Web/HTTP/Status/403",2026-07-17T14:44:01.879101
echoalger,bpt6k41588242,,failed,0,0,,http_manifest,known,403,manifest,"Client error '403 ' for url 'https://openapiproext.bnf.fr/iiif/presentation/v3/ark:/12148/bpt6k41588242/manifest.json'
For more information check: https://developer.mozilla.org/en-US/docs/Web/HTTP/Status/403",2026-07-17T14:44:02.949368
echoalger,bpt6k4158825g,,failed,0,0,,http_manifest,known,403,manifest,"Client error '403 ' for url 'https://openapiproext.bnf.fr/iiif/presentation/v3/ark:/12148/bpt6k4158825g/manifest.json'
For more information check: https://developer.mozilla.org/en-US/docs/Web/HTTP/Status/403",2026-07-17T14:44:04.305616
echoalger,bpt6k4158826w,,failed,0,0,,http_manifest,known,403,manifest,"Client error '403 ' for url 'https://openapiproext.bnf.fr/iiif/presentation/v3/ark:/12148/bpt6k4158826w/manifest.json'
For more information check: https://developer.mozilla.org/en-US/docs/Web/HTTP/Status/403",2026-07-17T14:44:05.506873
echoalger,bpt6k41588279,,failed,0,0,,http_manifest,known,403,manifest,"Client error '403 ' for url 'https://openapiproext.bnf.fr/iiif/presentation/v3/ark:/12148/bpt6k41588279/manifest.json'
For more information check: https://developer.mozilla.org/en-US/docs/Web/HTTP/Status/403",2026-07-17T14:44:06.737459
echoalger,bpt6k4158828q,,failed,0,0,,http_manifest,known,403,manifest,"Client error '403 ' for url 'https://openapiproext.bnf.fr/iiif/presentation/v3/ark:/12148/bpt6k4158828q/manifest.json'
For more information check: https://developer.mozilla.org/en-US/docs/Web/HTTP/Status/403",2026-07-17T14:44:07.754939
echoalger,bpt6k41588294,,failed,0,0,,http_manifest,known,403,manifest,"Client error '403 ' for url 'https://openapiproext.bnf.fr/iiif/presentation/v3/ark:/12148/bpt6k41588294/manifest.json'
For more information check: https://developer.mozilla.org/en-US/docs/Web/HTTP/Status/403",2026-07-17T14:44:08.959890
echoalger,bpt6k4158830s,,failed,0,0,,http_manifest,known,403,manifest,"Client error '403 ' for url 'https://openapiproext.bnf.fr/iiif/presentation/v3/ark:/12148/bpt6k4158830s/manifest.json'
For more information check: https://developer.mozilla.org/en-US/docs/Web/HTTP/Status/403",2026-07-17T14:44:10.161377
echoalger,bpt6k41588316,,failed,0,0,,http_manifest,known,403,manifest,"Client error '403 ' for url 'https://openapiproext.bnf.fr/iiif/presentation/v3/ark:/12148/bpt6k41588316/manifest.json'
For more information check: https://developer.mozilla.org/en-US/docs/Web/HTTP/Status/403",2026-07-17T14:44:11.469837
echoalger,bpt6k4158832m,,failed,0,0,,http_manifest,known,403,manifest,"Client error '403 ' for url 'https://openapiproext.bnf.fr/iiif/presentation/v3/ark:/12148/bpt6k4158832m/manifest.json'
For more information check: https://developer.mozilla.org/en-US/docs/Web/HTTP/Status/403",2026-07-17T14:44:12.678819
echoalger,bpt6k41588331,,failed,0,0,,http_manifest,known,403,manifest,"Client error '403 ' for url 'https://openapiproext.bnf.fr/iiif/presentation/v3/ark:/12148/bpt6k41588331/manifest.json'
For more information check: https://developer.mozilla.org/en-US/docs/Web/HTTP/Status/403",2026-07-17T14:44:13.762659
echoalger,bpt6k4158834f,,failed,0,0,,http_manifest,known,403,manifest,"Client error '403 ' for url 'https://openapiproext.bnf.fr/iiif/presentation/v3/ark:/12148/bpt6k4158834f/manifest.json'
For more information check: https://developer.mozilla.org/en-US/docs/Web/HTTP/Status/403",2026-07-17T14:44:15.035251
echoalger,bpt6k4158835v,,failed,0,0,,http_manifest,known,403,manifest,"Client error '403 ' for url 'https://openapiproext.bnf.fr/iiif/presentation/v3/ark:/12148/bpt6k4158835v/manifest.json'
For more information check: https://developer.mozilla.org/en-US/docs/Web/HTTP/Status/403",2026-07-17T14:44:16.163590
echoalger,bpt6k41588368,,failed,0,0,,http_manifest,known,403,manifest,"Client error '403 ' for url 'https://openapiproext.bnf.fr/iiif/presentation/v3/ark:/12148/bpt6k41588368/manifest.json'
For more information check: https://developer.mozilla.org/en-US/docs/Web/HTTP/Status/403",2026-07-17T14:44:17.530083
echoalger,bpt6k4158837p,,failed,0,0,,http_manifest,known,403,manifest,"Client error '403 ' for url 'https://openapiproext.bnf.fr/iiif/presentation/v3/ark:/12148/bpt6k4158837p/manifest.json'
For more information check: https://developer.mozilla.org/en-US/docs/Web/HTTP/Status/403",2026-07-17T14:44:18.572880
echoalger,bpt6k41588383,,failed,0,0,,http_manifest,known,403,manifest,"Client error '403 ' for url 'https://openapiproext.bnf.fr/iiif/presentation/v3/ark:/12148/bpt6k41588383/manifest.json'
For more information check: https://developer.mozilla.org/en-US/docs/Web/HTTP/Status/403",2026-07-17T14:44:19.770646
echoalger,bpt6k4158839h,,failed,0,0,,http_manifest,known,403,manifest,"Client error '403 ' for url 'https://openapiproext.bnf.fr/iiif/presentation/v3/ark:/12148/bpt6k4158839h/manifest.json'
For more information check: https://developer.mozilla.org/en-US/docs/Web/HTTP/Status/403",2026-07-17T14:44:20.975625
echoalger,bpt6k41588405,,failed,0,0,,http_manifest,known,403,manifest,"Client error '403 ' for url 'https://openapiproext.bnf.fr/iiif/presentation/v3/ark:/12148/bpt6k41588405/manifest.json'
For more information check: https://developer.mozilla.org/en-US/docs/Web/HTTP/Status/403",2026-07-17T14:44:22.175288
echoalger,bpt6k4158841k,,failed,0,0,,http_manifest,known,403,manifest,"Client error '403 ' for url 'https://openapiproext.bnf.fr/iiif/presentation/v3/ark:/12148/bpt6k4158841k/manifest.json'
For more information check: https://developer.mozilla.org/en-US/docs/Web/HTTP/Status/403",2026-07-17T14:44:23.396261
echoalger,bpt6k41588420,,failed,0,0,,http_manifest,known,403,manifest,"Client error '403 ' for url 'https://openapiproext.bnf.fr/iiif/presentation/v3/ark:/12148/bpt6k41588420/manifest.json'
For more information check: https://developer.mozilla.org/en-US/docs/Web/HTTP/Status/403",2026-07-17T14:44:24.576803
echoalger,bpt6k4158843d,,failed,0,0,,http_manifest,known,403,manifest,"Client error '403 ' for url 'https://openapiproext.bnf.fr/iiif/presentation/v3/ark:/12148/bpt6k4158843d/manifest.json'
For more information check: https://developer.mozilla.org/en-US/docs/Web/HTTP/Status/403",2026-07-17T14:44:25.790875
echoalger,bpt6k4158844t,,failed,0,0,,http_manifest,known,403,manifest,"Client error '403 ' for url 'https://openapiproext.bnf.fr/iiif/presentation/v3/ark:/12148/bpt6k4158844t/manifest.json'
For more information check: https://developer.mozilla.org/en-US/docs/Web/HTTP/Status/403",2026-07-17T14:44:26.979686
echoalger,bpt6k41588457,,failed,0,0,,http_manifest,known,403,manifest,"Client error '403 ' for url 'https://openapiproext.bnf.fr/iiif/presentation/v3/ark:/12148/bpt6k41588457/manifest.json'
For more information check: https://developer.mozilla.org/en-US/docs/Web/HTTP/Status/403",2026-07-17T14:44:28.185686
echoalger,bpt6k4158846n,,failed,0,0,,http_manifest,known,403,manifest,"Client error '403 ' for url 'https://openapiproext.bnf.fr/iiif/presentation/v3/ark:/12148/bpt6k4158846n/manifest.json'
For more information check: https://developer.mozilla.org/en-US/docs/Web/HTTP/Status/403",2026-07-17T14:44:29.401632
echoalger,bpt6k41588472,,failed,0,0,,http_manifest,known,403,manifest,"Client error '403 ' for url 'https://openapiproext.bnf.fr/iiif/presentation/v3/ark:/12148/bpt6k41588472/manifest.json'
For more information check: https://developer.mozilla.org/en-US/docs/Web/HTTP/Status/403",2026-07-17T14:44:30.585259
echoalger,bpt6k4158848g,,failed,0,0,,http_manifest,known,403,manifest,"Client error '403 ' for url 'https://openapiproext.bnf.fr/iiif/presentation/v3/ark:/12148/bpt6k4158848g/manifest.json'
For more information check: https://developer.mozilla.org/en-US/docs/Web/HTTP/Status/403",2026-07-17T14:44:31.786807
echoalger,bpt6k4158849w,,failed,0,0,,http_manifest,known,403,manifest,"Client error '403 ' for url 'https://openapiproext.bnf.fr/iiif/presentation/v3/ark:/12148/bpt6k4158849w/manifest.json'
For more information check: https://developer.mozilla.org/en-US/docs/Web/HTTP/Status/403",2026-07-17T14:44:32.987508
echoalger,bpt6k4158850j,,failed,0,0,,http_manifest,known,403,manifest,"Client error '403 ' for url 'https://openapiproext.bnf.fr/iiif/presentation/v3/ark:/12148/bpt6k4158850j/manifest.json'
For more information check: https://developer.mozilla.org/en-US/docs/Web/HTTP/Status/403",2026-07-17T14:44:34.193477
echoalger,bpt6k4158851z,,failed,0,0,,http_manifest,known,403,manifest,"Client error '403 ' for url 'https://openapiproext.bnf.fr/iiif/presentation/v3/ark:/12148/bpt6k4158851z/manifest.json'
For more information check: https://developer.mozilla.org/en-US/docs/Web/HTTP/Status/403",2026-07-17T14:44:35.395193
echoalger,bpt6k4158852c,,failed,0,0,,http_manifest,known,403,manifest,"Client error '403 ' for url 'https://openapiproext.bnf.fr/iiif/presentation/v3/ark:/12148/bpt6k4158852c/manifest.json'
For more information check: https://developer.mozilla.org/en-US/docs/Web/HTTP/Status/403",2026-07-17T14:44:36.595913
echoalger,bpt6k4158853s,,failed,0,0,,http_manifest,known,403,manifest,"Client error '403 ' for url 'https://openapiproext.bnf.fr/iiif/presentation/v3/ark:/12148/bpt6k4158853s/manifest.json'
For more information check: https://developer.mozilla.org/en-US/docs/Web/HTTP/Status/403",2026-07-17T14:44:37.796647
echoalger,bpt6k41588546,,failed,0,0,,http_manifest,known,403,manifest,"Client error '403 ' for url 'https://openapiproext.bnf.fr/iiif/presentation/v3/ark:/12148/bpt6k41588546/manifest.json'
For more information check: https://developer.mozilla.org/en-US/docs/Web/HTTP/Status/403",2026-07-17T14:44:38.997405
echoalger,bpt6k4158855m,,failed,0,0,,http_manifest,known,403,manifest,"Client error '403 ' for url 'https://openapiproext.bnf.fr/iiif/presentation/v3/ark:/12148/bpt6k4158855m/manifest.json'
For more information check: https://developer.mozilla.org/en-US/docs/Web/HTTP/Status/403",2026-07-17T14:44:40.197715
echoalger,bpt6k41588561,,failed,0,0,,http_manifest,known,403,manifest,"Client error '403 ' for url 'https://openapiproext.bnf.fr/iiif/presentation/v3/ark:/12148/bpt6k41588561/manifest.json'
For more information check: https://developer.mozilla.org/en-US/docs/Web/HTTP/Status/403",2026-07-17T14:44:41.426237
echoalger,bpt6k4158857f,,failed,0,0,,http_manifest,known,403,manifest,"Client error '403 ' for url 'https://openapiproext.bnf.fr/iiif/presentation/v3/ark:/12148/bpt6k4158857f/manifest.json'
For more information check: https://developer.mozilla.org/en-US/docs/Web/HTTP/Status/403",2026-07-17T14:44:42.606532
echoalger,bpt6k4158858v,,failed,0,0,,http_manifest,known,403,manifest,"Client error '403 ' for url 'https://openapiproext.bnf.fr/iiif/presentation/v3/ark:/12148/bpt6k4158858v/manifest.json'
For more information check: https://developer.mozilla.org/en-US/docs/Web/HTTP/Status/403",2026-07-17T14:44:43.805696
echoalger,bpt6k41588598,,failed,0,0,,http_manifest,known,403,manifest,"Client error '403 ' for url 'https://openapiproext.bnf.fr/iiif/presentation/v3/ark:/12148/bpt6k41588598/manifest.json'
For more information check: https://developer.mozilla.org/en-US/docs/Web/HTTP/Status/403",2026-07-17T14:44:45.009314
echoalger,bpt6k4158860x,,failed,0,0,,http_manifest,known,403,manifest,"Client error '403 ' for url 'https://openapiproext.bnf.fr/iiif/presentation/v3/ark:/12148/bpt6k4158860x/manifest.json'
For more information check: https://developer.mozilla.org/en-US/docs/Web/HTTP/Status/403",2026-07-17T14:44:46.211241
echoalger,bpt6k4158861b,,failed,0,0,,http_manifest,known,403,manifest,"Client error '403 ' for url 'https://openapiproext.bnf.fr/iiif/presentation/v3/ark:/12148/bpt6k4158861b/manifest.json'
For more information check: https://developer.mozilla.org/en-US/docs/Web/HTTP/Status/403",2026-07-17T14:44:47.410068
echoalger,bpt6k4158862r,,failed,0,0,,http_manifest,known,403,manifest,"Client error '403 ' for url 'https://openapiproext.bnf.fr/iiif/presentation/v3/ark:/12148/bpt6k4158862r/manifest.json'
For more information check: https://developer.mozilla.org/en-US/docs/Web/HTTP/Status/403",2026-07-17T14:44:48.609519
echoalger,bpt6k41588635,,failed,0,0,,http_manifest,known,403,manifest,"Client error '403 ' for url 'https://openapiproext.bnf.fr/iiif/presentation/v3/ark:/12148/bpt6k41588635/manifest.json'
For more information check: https://developer.mozilla.org/en-US/docs/Web/HTTP/Status/403",2026-07-17T14:44:49.808427
echoalger,bpt6k4158864k,,failed,0,0,,http_manifest,known,403,manifest,"Client error '403 ' for url 'https://openapiproext.bnf.fr/iiif/presentation/v3/ark:/12148/bpt6k4158864k/manifest.json'
For more information check: https://developer.mozilla.org/en-US/docs/Web/HTTP/Status/403",2026-07-17T14:44:51.011277
echoalger,bpt6k41588650,,failed,0,0,,http_manifest,known,403,manifest,"Client error '403 ' for url 'https://openapiproext.bnf.fr/iiif/presentation/v3/ark:/12148/bpt6k41588650/manifest.json'
For more information check: https://developer.mozilla.org/en-US/docs/Web/HTTP/Status/403",2026-07-17T14:44:52.211488
echoalger,bpt6k4158866d,,failed,0,0,,http_manifest,known,403,manifest,"Client error '403 ' for url 'https://openapiproext.bnf.fr/iiif/presentation/v3/ark:/12148/bpt6k4158866d/manifest.json'
For more information check: https://developer.mozilla.org/en-US/docs/Web/HTTP/Status/403",2026-07-17T14:44:53.440826
echoalger,bpt6k4158867t,,failed,0,0,,http_manifest,known,403,manifest,"Client error '403 ' for url 'https://openapiproext.bnf.fr/iiif/presentation/v3/ark:/12148/bpt6k4158867t/manifest.json'
For more information check: https://developer.mozilla.org/en-US/docs/Web/HTTP/Status/403",2026-07-17T14:44:54.615916
echoalger,bpt6k41588687,,failed,0,0,,http_manifest,known,403,manifest,"Client error '403 ' for url 'https://openapiproext.bnf.fr/iiif/presentation/v3/ark:/12148/bpt6k41588687/manifest.json'
For more information check: https://developer.mozilla.org/en-US/docs/Web/HTTP/Status/403",2026-07-17T14:44:55.817039
echoalger,bpt6k4158869n,,failed,0,0,,http_manifest,known,403,manifest,"Client error '403 ' for url 'https://openapiproext.bnf.fr/iiif/presentation/v3/ark:/12148/bpt6k4158869n/manifest.json'
For more information check: https://developer.mozilla.org/en-US/docs/Web/HTTP/Status/403",2026-07-17T14:44:57.023777
echoalger,bpt6k41588709,,failed,0,0,,http_manifest,known,403,manifest,"Client error '403 ' for url 'https://openapiproext.bnf.fr/iiif/presentation/v3/ark:/12148/bpt6k41588709/manifest.json'
For more information check: https://developer.mozilla.org/en-US/docs/Web/HTTP/Status/403",2026-07-17T14:44:58.340940
echoalger,bpt6k4158871q,,failed,0,0,,http_manifest,known,403,manifest,"Client error '403 ' for url 'https://openapiproext.bnf.fr/iiif/presentation/v3/ark:/12148/bpt6k4158871q/manifest.json'
For more information check: https://developer.mozilla.org/en-US/docs/Web/HTTP/Status/403",2026-07-17T14:44:59.636617
echoalger,bpt6k41588724,,failed,0,0,,http_manifest,known,403,manifest,"Client error '403 ' for url 'https://openapiproext.bnf.fr/iiif/presentation/v3/ark:/12148/bpt6k41588724/manifest.json'
For more information check: https://developer.mozilla.org/en-US/docs/Web/HTTP/Status/403",2026-07-17T14:45:00.623423
echoalger,bpt6k4158873j,,failed,0,0,,http_manifest,known,403,manifest,"Client error '403 ' for url 'https://openapiproext.bnf.fr/iiif/presentation/v3/ark:/12148/bpt6k4158873j/manifest.json'
For more information check: https://developer.mozilla.org/en-US/docs/Web/HTTP/Status/403",2026-07-17T14:45:02.133710
echoalger,bpt6k4158874z,,failed,0,0,,http_manifest,known,403,manifest,"Client error '403 ' for url 'https://openapiproext.bnf.fr/iiif/presentation/v3/ark:/12148/bpt6k4158874z/manifest.json'
For more information check: https://developer.mozilla.org/en-US/docs/Web/HTTP/Status/403",2026-07-17T14:45:03.087838
echoalger,bpt6k4158875c,,failed,0,0,,http_manifest,known,403,manifest,"Client error '403 ' for url 'https://openapiproext.bnf.fr/iiif/presentation/v3/ark:/12148/bpt6k4158875c/manifest.json'
For more information check: https://developer.mozilla.org/en-US/docs/Web/HTTP/Status/403",2026-07-17T14:45:04.314096
echoalger,bpt6k4158876s,,failed,0,0,,http_manifest,known,403,manifest,"Client error '403 ' for url 'https://openapiproext.bnf.fr/iiif/presentation/v3/ark:/12148/bpt6k4158876s/manifest.json'
For more information check: https://developer.mozilla.org/en-US/docs/Web/HTTP/Status/403",2026-07-17T14:45:05.590894
echoalger,bpt6k41588776,,failed,0,0,,http_manifest,known,403,manifest,"Client error '403 ' for url 'https://openapiproext.bnf.fr/iiif/presentation/v3/ark:/12148/bpt6k41588776/manifest.json'
For more information check: https://developer.mozilla.org/en-US/docs/Web/HTTP/Status/403",2026-07-17T14:45:06.828252
echoalger,bpt6k4158878m,,failed,0,0,,http_manifest,known,403,manifest,"Client error '403 ' for url 'https://openapiproext.bnf.fr/iiif/presentation/v3/ark:/12148/bpt6k4158878m/manifest.json'
For more information check: https://developer.mozilla.org/en-US/docs/Web/HTTP/Status/403",2026-07-17T14:45:07.834647
echoalger,bpt6k41588791,,failed,0,0,,http_manifest,known,403,manifest,"Client error '403 ' for url 'https://openapiproext.bnf.fr/iiif/presentation/v3/ark:/12148/bpt6k41588791/manifest.json'
For more information check: https://developer.mozilla.org/en-US/docs/Web/HTTP/Status/403",2026-07-17T14:45:09.034328
echoalger,bpt6k4158880p,,failed,0,0,,http_manifest,known,403,manifest,"Client error '403 ' for url 'https://openapiproext.bnf.fr/iiif/presentation/v3/ark:/12148/bpt6k4158880p/manifest.json'
For more information check: https://developer.mozilla.org/en-US/docs/Web/HTTP/Status/403",2026-07-17T14:45:10.235503
echoalger,bpt6k41588813,,failed,0,0,,http_manifest,known,403,manifest,"Client error '403 ' for url 'https://openapiproext.bnf.fr/iiif/presentation/v3/ark:/12148/bpt6k41588813/manifest.json'
For more information check: https://developer.mozilla.org/en-US/docs/Web/HTTP/Status/403",2026-07-17T14:45:11.465467
echoalger,bpt6k4158882h,,failed,0,0,,http_manifest,known,403,manifest,"Client error '403 ' for url 'https://openapiproext.bnf.fr/iiif/presentation/v3/ark:/12148/bpt6k4158882h/manifest.json'
For more information check: https://developer.mozilla.org/en-US/docs/Web/HTTP/Status/403",2026-07-17T14:45:12.638092
echoalger,bpt6k4158883x,,failed,0,0,,http_manifest,known,403,manifest,"Client error '403 ' for url 'https://openapiproext.bnf.fr/iiif/presentation/v3/ark:/12148/bpt6k4158883x/manifest.json'
For more information check: https://developer.mozilla.org/en-US/docs/Web/HTTP/Status/403",2026-07-17T14:45:13.839372
echoalger,bpt6k4158884b,,failed,0,0,,http_manifest,known,403,manifest,"Client error '403 ' for url 'https://openapiproext.bnf.fr/iiif/presentation/v3/ark:/12148/bpt6k4158884b/manifest.json'
For more information check: https://developer.mozilla.org/en-US/docs/Web/HTTP/Status/403",2026-07-17T14:45:15.044739
echoalger,bpt6k4158885r,,failed,0,0,,http_manifest,known,403,manifest,"Client error '403 ' for url 'https://openapiproext.bnf.fr/iiif/presentation/v3/ark:/12148/bpt6k4158885r/manifest.json'
For more information check: https://developer.mozilla.org/en-US/docs/Web/HTTP/Status/403",2026-07-17T14:45:16.248737
echoalger,bpt6k41588865,,failed,0,0,,http_manifest,known,403,manifest,"Client error '403 ' for url 'https://openapiproext.bnf.fr/iiif/presentation/v3/ark:/12148/bpt6k41588865/manifest.json'
For more information check: https://developer.mozilla.org/en-US/docs/Web/HTTP/Status/403",2026-07-17T14:45:17.446011
echoalger,bpt6k4158887k,,failed,0,0,,http_manifest,known,403,manifest,"Client error '403 ' for url 'https://openapiproext.bnf.fr/iiif/presentation/v3/ark:/12148/bpt6k4158887k/manifest.json'
For more information check: https://developer.mozilla.org/en-US/docs/Web/HTTP/Status/403",2026-07-17T14:45:18.646013
echoalger,bpt6k41588880,,failed,0,0,,http_manifest,known,403,manifest,"Client error '403 ' for url 'https://openapiproext.bnf.fr/iiif/presentation/v3/ark:/12148/bpt6k41588880/manifest.json'
For more information check: https://developer.mozilla.org/en-US/docs/Web/HTTP/Status/403",2026-07-17T14:45:19.849508
echoalger,bpt6k4158889d,,failed,0,0,,http_manifest,known,403,manifest,"Client error '403 ' for url 'https://openapiproext.bnf.fr/iiif/presentation/v3/ark:/12148/bpt6k4158889d/manifest.json'
For more information check: https://developer.mozilla.org/en-US/docs/Web/HTTP/Status/403",2026-07-17T14:45:21.048130
echoalger,bpt6k41588902,,failed,0,0,,http_manifest,known,403,manifest,"Client error '403 ' for url 'https://openapiproext.bnf.fr/iiif/presentation/v3/ark:/12148/bpt6k41588902/manifest.json'
For more information check: https://developer.mozilla.org/en-US/docs/Web/HTTP/Status/403",2026-07-17T14:45:22.256535
echoalger,bpt6k4158891g,,failed,0,0,,http_manifest,known,403,manifest,"Client error '403 ' for url 'https://openapiproext.bnf.fr/iiif/presentation/v3/ark:/12148/bpt6k4158891g/manifest.json'
For more information check: https://developer.mozilla.org/en-US/docs/Web/HTTP/Status/403",2026-07-17T14:45:23.505055
echoalger,bpt6k4158892w,,failed,0,0,,http_manifest,known,403,manifest,"Client error '403 ' for url 'https://openapiproext.bnf.fr/iiif/presentation/v3/ark:/12148/bpt6k4158892w/manifest.json'
For more information check: https://developer.mozilla.org/en-US/docs/Web/HTTP/Status/403",2026-07-17T14:45:24.654575
echoalger,bpt6k41588939,,failed,0,0,,http_manifest,known,403,manifest,"Client error '403 ' for url 'https://openapiproext.bnf.fr/iiif/presentation/v3/ark:/12148/bpt6k41588939/manifest.json'
For more information check: https://developer.mozilla.org/en-US/docs/Web/HTTP/Status/403",2026-07-17T14:45:25.852711
echoalger,bpt6k4158894q,,failed,0,0,,http_manifest,known,403,manifest,"Client error '403 ' for url 'https://openapiproext.bnf.fr/iiif/presentation/v3/ark:/12148/bpt6k4158894q/manifest.json'
For more information check: https://developer.mozilla.org/en-US/docs/Web/HTTP/Status/403",2026-07-17T14:45:27.060807
echoalger,bpt6k41588954,,failed,0,0,,http_manifest,known,403,manifest,"Client error '403 ' for url 'https://openapiproext.bnf.fr/iiif/presentation/v3/ark:/12148/bpt6k41588954/manifest.json'
For more information check: https://developer.mozilla.org/en-US/docs/Web/HTTP/Status/403",2026-07-17T14:45:28.262527
echoalger,bpt6k4158896j,,failed,0,0,,http_manifest,known,403,manifest,"Client error '403 ' for url 'https://openapiproext.bnf.fr/iiif/presentation/v3/ark:/12148/bpt6k4158896j/manifest.json'
For more information check: https://developer.mozilla.org/en-US/docs/Web/HTTP/Status/403",2026-07-17T14:45:29.492112
echoalger,bpt6k4158897z,,failed,0,0,,http_manifest,known,403,manifest,"Client error '403 ' for url 'https://openapiproext.bnf.fr/iiif/presentation/v3/ark:/12148/bpt6k4158897z/manifest.json'
For more information check: https://developer.mozilla.org/en-US/docs/Web/HTTP/Status/403",2026-07-17T14:45:30.661776
echoalger,bpt6k4158898c,,failed,0,0,,http_manifest,known,403,manifest,"Client error '403 ' for url 'https://openapiproext.bnf.fr/iiif/presentation/v3/ark:/12148/bpt6k4158898c/manifest.json'
For more information check: https://developer.mozilla.org/en-US/docs/Web/HTTP/Status/403",2026-07-17T14:45:31.861436
echoalger,bpt6k4158899s,,failed,0,0,,http_manifest,known,403,manifest,"Client error '403 ' for url 'https://openapiproext.bnf.fr/iiif/presentation/v3/ark:/12148/bpt6k4158899s/manifest.json'
For more information check: https://developer.mozilla.org/en-US/docs/Web/HTTP/Status/403",2026-07-17T14:45:33.062754
echoalger,bpt6k41589000,,failed,0,0,,http_manifest,known,403,manifest,"Client error '403 ' for url 'https://openapiproext.bnf.fr/iiif/presentation/v3/ark:/12148/bpt6k41589000/manifest.json'
For more information check: https://developer.mozilla.org/en-US/docs/Web/HTTP/Status/403",2026-07-17T14:45:34.370953
echoalger,bpt6k4158901d,,failed,0,0,,http_manifest,known,403,manifest,"Client error '403 ' for url 'https://openapiproext.bnf.fr/iiif/presentation/v3/ark:/12148/bpt6k4158901d/manifest.json'
For more information check: https://developer.mozilla.org/en-US/docs/Web/HTTP/Status/403",2026-07-17T14:45:35.468876
echoalger,bpt6k4158902t,,failed,0,0,,http_manifest,known,403,manifest,"Client error '403 ' for url 'https://openapiproext.bnf.fr/iiif/presentation/v3/ark:/12148/bpt6k4158902t/manifest.json'
For more information check: https://developer.mozilla.org/en-US/docs/Web/HTTP/Status/403",2026-07-17T14:45:36.665489
echoalger,bpt6k41589037,,failed,0,0,,http_manifest,known,403,manifest,"Client error '403 ' for url 'https://openapiproext.bnf.fr/iiif/presentation/v3/ark:/12148/bpt6k41589037/manifest.json'
For more information check: https://developer.mozilla.org/en-US/docs/Web/HTTP/Status/403",2026-07-17T14:45:37.872993
echoalger,bpt6k4158904n,,failed,0,0,,http_manifest,known,403,manifest,"Client error '403 ' for url 'https://openapiproext.bnf.fr/iiif/presentation/v3/ark:/12148/bpt6k4158904n/manifest.json'
For more information check: https://developer.mozilla.org/en-US/docs/Web/HTTP/Status/403",2026-07-17T14:45:39.073226
echoalger,bpt6k41589052,,failed,0,0,,http_manifest,known,403,manifest,"Client error '403 ' for url 'https://openapiproext.bnf.fr/iiif/presentation/v3/ark:/12148/bpt6k41589052/manifest.json'
For more information check: https://developer.mozilla.org/en-US/docs/Web/HTTP/Status/403",2026-07-17T14:45:40.271861
echoalger,bpt6k4158906g,,failed,0,0,,http_manifest,known,403,manifest,"Client error '403 ' for url 'https://openapiproext.bnf.fr/iiif/presentation/v3/ark:/12148/bpt6k4158906g/manifest.json'
For more information check: https://developer.mozilla.org/en-US/docs/Web/HTTP/Status/403",2026-07-17T14:45:41.504385
echoalger,bpt6k4158907w,,failed,0,0,,http_manifest,known,403,manifest,"Client error '403 ' for url 'https://openapiproext.bnf.fr/iiif/presentation/v3/ark:/12148/bpt6k4158907w/manifest.json'
For more information check: https://developer.mozilla.org/en-US/docs/Web/HTTP/Status/403",2026-07-17T14:45:42.676514
echoalger,bpt6k41589089,,failed,0,0,,http_manifest,known,403,manifest,"Client error '403 ' for url 'https://openapiproext.bnf.fr/iiif/presentation/v3/ark:/12148/bpt6k41589089/manifest.json'
For more information check: https://developer.mozilla.org/en-US/docs/Web/HTTP/Status/403",2026-07-17T14:45:43.884487
echoalger,bpt6k4158909q,,failed,0,0,,http_manifest,known,403,manifest,"Client error '403 ' for url 'https://openapiproext.bnf.fr/iiif/presentation/v3/ark:/12148/bpt6k4158909q/manifest.json'
For more information check: https://developer.mozilla.org/en-US/docs/Web/HTTP/Status/403",2026-07-17T14:45:45.084271
echoalger,bpt6k4158910c,,failed,0,0,,http_manifest,known,403,manifest,"Client error '403 ' for url 'https://openapiproext.bnf.fr/iiif/presentation/v3/ark:/12148/bpt6k4158910c/manifest.json'
For more information check: https://developer.mozilla.org/en-US/docs/Web/HTTP/Status/403",2026-07-17T14:45:46.280977
echoalger,bpt6k4158911s,,failed,0,0,,http_manifest,known,403,manifest,"Client error '403 ' for url 'https://openapiproext.bnf.fr/iiif/presentation/v3/ark:/12148/bpt6k4158911s/manifest.json'
For more information check: https://developer.mozilla.org/en-US/docs/Web/HTTP/Status/403",2026-07-17T14:45:47.509126
echoalger,bpt6k41589126,,failed,0,0,,http_manifest,known,403,manifest,"Client error '403 ' for url 'https://openapiproext.bnf.fr/iiif/presentation/v3/ark:/12148/bpt6k41589126/manifest.json'
For more information check: https://developer.mozilla.org/en-US/docs/Web/HTTP/Status/403",2026-07-17T14:45:48.685663
echoalger,bpt6k4158913m,,failed,0,0,,http_manifest,known,403,manifest,"Client error '403 ' for url 'https://openapiproext.bnf.fr/iiif/presentation/v3/ark:/12148/bpt6k4158913m/manifest.json'
For more information check: https://developer.mozilla.org/en-US/docs/Web/HTTP/Status/403",2026-07-17T14:45:49.887046
echoalger,bpt6k41589141,,failed,0,0,,http_manifest,known,403,manifest,"Client error '403 ' for url 'https://openapiproext.bnf.fr/iiif/presentation/v3/ark:/12148/bpt6k41589141/manifest.json'
For more information check: https://developer.mozilla.org/en-US/docs/Web/HTTP/Status/403",2026-07-17T14:45:51.089451
echoalger,bpt6k4158915f,,failed,0,0,,http_manifest,known,403,manifest,"Client error '403 ' for url 'https://openapiproext.bnf.fr/iiif/presentation/v3/ark:/12148/bpt6k4158915f/manifest.json'
For more information check: https://developer.mozilla.org/en-US/docs/Web/HTTP/Status/403",2026-07-17T14:45:52.290927
echoalger,bpt6k4158916v,,failed,0,0,,http_manifest,known,403,manifest,"Client error '403 ' for url 'https://openapiproext.bnf.fr/iiif/presentation/v3/ark:/12148/bpt6k4158916v/manifest.json'
For more information check: https://developer.mozilla.org/en-US/docs/Web/HTTP/Status/403",2026-07-17T14:45:53.493149
echoalger,bpt6k41589178,,failed,0,0,,http_manifest,known,403,manifest,"Client error '403 ' for url 'https://openapiproext.bnf.fr/iiif/presentation/v3/ark:/12148/bpt6k41589178/manifest.json'
For more information check: https://developer.mozilla.org/en-US/docs/Web/HTTP/Status/403",2026-07-17T14:45:54.692654
echoalger,bpt6k4158918p,,failed,0,0,,http_manifest,known,403,manifest,"Client error '403 ' for url 'https://openapiproext.bnf.fr/iiif/presentation/v3/ark:/12148/bpt6k4158918p/manifest.json'
For more information check: https://developer.mozilla.org/en-US/docs/Web/HTTP/Status/403",2026-07-17T14:45:55.894746
echoalger,bpt6k41589193,,failed,0,0,,http_manifest,known,403,manifest,"Client error '403 ' for url 'https://openapiproext.bnf.fr/iiif/presentation/v3/ark:/12148/bpt6k41589193/manifest.json'
For more information check: https://developer.mozilla.org/en-US/docs/Web/HTTP/Status/403",2026-07-17T14:45:57.095978
echoalger,bpt6k4158920r,,failed,0,0,,http_manifest,known,403,manifest,"Client error '403 ' for url 'https://openapiproext.bnf.fr/iiif/presentation/v3/ark:/12148/bpt6k4158920r/manifest.json'
For more information check: https://developer.mozilla.org/en-US/docs/Web/HTTP/Status/403",2026-07-17T14:45:58.519498
echoalger,bpt6k41589215,,failed,0,0,,http_manifest,known,403,manifest,"Client error '403 ' for url 'https://openapiproext.bnf.fr/iiif/presentation/v3/ark:/12148/bpt6k41589215/manifest.json'
For more information check: https://developer.mozilla.org/en-US/docs/Web/HTTP/Status/403",2026-07-17T14:45:59.531631
echoalger,bpt6k4158922k,,failed,0,0,,http_manifest,known,403,manifest,"Client error '403 ' for url 'https://openapiproext.bnf.fr/iiif/presentation/v3/ark:/12148/bpt6k4158922k/manifest.json'
For more information check: https://developer.mozilla.org/en-US/docs/Web/HTTP/Status/403",2026-07-17T14:46:00.708078
echoalger,bpt6k41589230,,failed,0,0,,http_manifest,known,403,manifest,"Client error '403 ' for url 'https://openapiproext.bnf.fr/iiif/presentation/v3/ark:/12148/bpt6k41589230/manifest.json'
For more information check: https://developer.mozilla.org/en-US/docs/Web/HTTP/Status/403",2026-07-17T14:46:01.899590
echoalger,bpt6k4158924d,,failed,0,0,,http_manifest,known,403,manifest,"Client error '403 ' for url 'https://openapiproext.bnf.fr/iiif/presentation/v3/ark:/12148/bpt6k4158924d/manifest.json'
For more information check: https://developer.mozilla.org/en-US/docs/Web/HTTP/Status/403",2026-07-17T14:46:03.196867
echoalger,bpt6k4158925t,,failed,0,0,,http_manifest,known,403,manifest,"Client error '403 ' for url 'https://openapiproext.bnf.fr/iiif/presentation/v3/ark:/12148/bpt6k4158925t/manifest.json'
For more information check: https://developer.mozilla.org/en-US/docs/Web/HTTP/Status/403",2026-07-17T14:46:04.586981
echoalger,bpt6k41589267,,failed,0,0,,http_manifest,known,403,manifest,"Client error '403 ' for url 'https://openapiproext.bnf.fr/iiif/presentation/v3/ark:/12148/bpt6k41589267/manifest.json'
For more information check: https://developer.mozilla.org/en-US/docs/Web/HTTP/Status/403",2026-07-17T14:46:05.804496
echoalger,bpt6k4158927n,,failed,0,0,,http_manifest,known,403,manifest,"Client error '403 ' for url 'https://openapiproext.bnf.fr/iiif/presentation/v3/ark:/12148/bpt6k4158927n/manifest.json'
For more information check: https://developer.mozilla.org/en-US/docs/Web/HTTP/Status/403",2026-07-17T14:46:06.742041
echoalger,bpt6k41589282,,failed,0,0,,http_manifest,known,403,manifest,"Client error '403 ' for url 'https://openapiproext.bnf.fr/iiif/presentation/v3/ark:/12148/bpt6k41589282/manifest.json'
For more information check: https://developer.mozilla.org/en-US/docs/Web/HTTP/Status/403",2026-07-17T14:46:07.920495
echoalger,bpt6k4158929g,,failed,0,0,,http_manifest,known,403,manifest,"Client error '403 ' for url 'https://openapiproext.bnf.fr/iiif/presentation/v3/ark:/12148/bpt6k4158929g/manifest.json'
For more information check: https://developer.mozilla.org/en-US/docs/Web/HTTP/Status/403",2026-07-17T14:46:09.158629
echoalger,bpt6k41589304,,failed,0,0,,http_manifest,known,403,manifest,"Client error '403 ' for url 'https://openapiproext.bnf.fr/iiif/presentation/v3/ark:/12148/bpt6k41589304/manifest.json'
For more information check: https://developer.mozilla.org/en-US/docs/Web/HTTP/Status/403",2026-07-17T14:46:10.386006
echoalger,bpt6k4158931j,,failed,0,0,,http_manifest,known,403,manifest,"Client error '403 ' for url 'https://openapiproext.bnf.fr/iiif/presentation/v3/ark:/12148/bpt6k4158931j/manifest.json'
For more information check: https://developer.mozilla.org/en-US/docs/Web/HTTP/Status/403",2026-07-17T14:46:11.513452
echoalger,bpt6k4158932z,,failed,0,0,,http_manifest,known,403,manifest,"Client error '403 ' for url 'https://openapiproext.bnf.fr/iiif/presentation/v3/ark:/12148/bpt6k4158932z/manifest.json'
For more information check: https://developer.mozilla.org/en-US/docs/Web/HTTP/Status/403",2026-07-17T14:46:12.863346
echoalger,bpt6k4158933c,,failed,0,0,,http_manifest,known,403,manifest,"Client error '403 ' for url 'https://openapiproext.bnf.fr/iiif/presentation/v3/ark:/12148/bpt6k4158933c/manifest.json'
For more information check: https://developer.mozilla.org/en-US/docs/Web/HTTP/Status/403",2026-07-17T14:46:13.994562
echoalger,bpt6k4158934s,,failed,0,0,,http_manifest,known,403,manifest,"Client error '403 ' for url 'https://openapiproext.bnf.fr/iiif/presentation/v3/ark:/12148/bpt6k4158934s/manifest.json'
For more information check: https://developer.mozilla.org/en-US/docs/Web/HTTP/Status/403",2026-07-17T14:46:15.119850
echoalger,bpt6k41589356,,failed,0,0,,http_manifest,known,403,manifest,"Client error '403 ' for url 'https://openapiproext.bnf.fr/iiif/presentation/v3/ark:/12148/bpt6k41589356/manifest.json'
For more information check: https://developer.mozilla.org/en-US/docs/Web/HTTP/Status/403",2026-07-17T14:46:16.422128
echoalger,bpt6k4158936m,,failed,0,0,,http_manifest,known,403,manifest,"Client error '403 ' for url 'https://openapiproext.bnf.fr/iiif/presentation/v3/ark:/12148/bpt6k4158936m/manifest.json'
For more information check: https://developer.mozilla.org/en-US/docs/Web/HTTP/Status/403",2026-07-17T14:46:17.674123
echoalger,bpt6k41589371,,failed,0,0,,http_manifest,known,403,manifest,"Client error '403 ' for url 'https://openapiproext.bnf.fr/iiif/presentation/v3/ark:/12148/bpt6k41589371/manifest.json'
For more information check: https://developer.mozilla.org/en-US/docs/Web/HTTP/Status/403",2026-07-17T14:46:18.999729
echoalger,bpt6k4158938f,,failed,0,0,,http_manifest,known,403,manifest,"Client error '403 ' for url 'https://openapiproext.bnf.fr/iiif/presentation/v3/ark:/12148/bpt6k4158938f/manifest.json'
For more information check: https://developer.mozilla.org/en-US/docs/Web/HTTP/Status/403",2026-07-17T14:46:19.928523
echoalger,bpt6k4158939v,,failed,0,0,,http_manifest,known,403,manifest,"Client error '403 ' for url 'https://openapiproext.bnf.fr/iiif/presentation/v3/ark:/12148/bpt6k4158939v/manifest.json'
For more information check: https://developer.mozilla.org/en-US/docs/Web/HTTP/Status/403",2026-07-17T14:46:21.129923
echoalger,bpt6k4158940h,,failed,0,0,,http_manifest,known,403,manifest,"Client error '403 ' for url 'https://openapiproext.bnf.fr/iiif/presentation/v3/ark:/12148/bpt6k4158940h/manifest.json'
For more information check: https://developer.mozilla.org/en-US/docs/Web/HTTP/Status/403",2026-07-17T14:46:22.329701
echoalger,bpt6k4158941x,,failed,0,0,,http_manifest,known,403,manifest,"Client error '403 ' for url 'https://openapiproext.bnf.fr/iiif/presentation/v3/ark:/12148/bpt6k4158941x/manifest.json'
For more information check: https://developer.mozilla.org/en-US/docs/Web/HTTP/Status/403",2026-07-17T14:46:23.532762
echoalger,bpt6k4158942b,,failed,0,0,,http_manifest,known,403,manifest,"Client error '403 ' for url 'https://openapiproext.bnf.fr/iiif/presentation/v3/ark:/12148/bpt6k4158942b/manifest.json'
For more information check: https://developer.mozilla.org/en-US/docs/Web/HTTP/Status/403",2026-07-17T14:46:24.733707
echoalger,bpt6k4158943r,,failed,0,0,,http_manifest,known,403,manifest,"Client error '403 ' for url 'https://openapiproext.bnf.fr/iiif/presentation/v3/ark:/12148/bpt6k4158943r/manifest.json'
For more information check: https://developer.mozilla.org/en-US/docs/Web/HTTP/Status/403",2026-07-17T14:46:25.937602
echoalger,bpt6k41589445,,failed,0,0,,http_manifest,known,403,manifest,"Client error '403 ' for url 'https://openapiproext.bnf.fr/iiif/presentation/v3/ark:/12148/bpt6k41589445/manifest.json'
For more information check: https://developer.mozilla.org/en-US/docs/Web/HTTP/Status/403",2026-07-17T14:46:27.137802
echoalger,bpt6k4158945k,,failed,0,0,,http_manifest,known,403,manifest,"Client error '403 ' for url 'https://openapiproext.bnf.fr/iiif/presentation/v3/ark:/12148/bpt6k4158945k/manifest.json'
For more information check: https://developer.mozilla.org/en-US/docs/Web/HTTP/Status/403",2026-07-17T14:46:28.384216
echoalger,bpt6k41589460,,failed,0,0,,http_manifest,known,403,manifest,"Client error '403 ' for url 'https://openapiproext.bnf.fr/iiif/presentation/v3/ark:/12148/bpt6k41589460/manifest.json'
For more information check: https://developer.mozilla.org/en-US/docs/Web/HTTP/Status/403",2026-07-17T14:46:29.540230
echoalger,bpt6k4158947d,,failed,0,0,,http_manifest,known,403,manifest,"Client error '403 ' for url 'https://openapiproext.bnf.fr/iiif/presentation/v3/ark:/12148/bpt6k4158947d/manifest.json'
For more information check: https://developer.mozilla.org/en-US/docs/Web/HTTP/Status/403",2026-07-17T14:46:30.739933
echoalger,bpt6k4158948t,,failed,0,0,,http_manifest,known,403,manifest,"Client error '403 ' for url 'https://openapiproext.bnf.fr/iiif/presentation/v3/ark:/12148/bpt6k4158948t/manifest.json'
For more information check: https://developer.mozilla.org/en-US/docs/Web/HTTP/Status/403",2026-07-17T14:46:31.967171
echoalger,bpt6k41589497,,failed,0,0,,http_manifest,known,403,manifest,"Client error '403 ' for url 'https://openapiproext.bnf.fr/iiif/presentation/v3/ark:/12148/bpt6k41589497/manifest.json'
For more information check: https://developer.mozilla.org/en-US/docs/Web/HTTP/Status/403",2026-07-17T14:46:33.146168
echoalger,bpt6k4158950w,,failed,0,0,,http_manifest,known,403,manifest,"Client error '403 ' for url 'https://openapiproext.bnf.fr/iiif/presentation/v3/ark:/12148/bpt6k4158950w/manifest.json'
For more information check: https://developer.mozilla.org/en-US/docs/Web/HTTP/Status/403",2026-07-17T14:46:34.346623
echoalger,bpt6k41589519,,failed,0,0,,http_manifest,known,403,manifest,"Client error '403 ' for url 'https://openapiproext.bnf.fr/iiif/presentation/v3/ark:/12148/bpt6k41589519/manifest.json'
For more information check: https://developer.mozilla.org/en-US/docs/Web/HTTP/Status/403",2026-07-17T14:46:35.546160
echoalger,bpt6k4158952q,,failed,0,0,,http_manifest,known,403,manifest,"Client error '403 ' for url 'https://openapiproext.bnf.fr/iiif/presentation/v3/ark:/12148/bpt6k4158952q/manifest.json'
For more information check: https://developer.mozilla.org/en-US/docs/Web/HTTP/Status/403",2026-07-17T14:46:36.741778
echoalger,bpt6k41589534,,failed,0,0,,http_manifest,known,403,manifest,"Client error '403 ' for url 'https://openapiproext.bnf.fr/iiif/presentation/v3/ark:/12148/bpt6k41589534/manifest.json'
For more information check: https://developer.mozilla.org/en-US/docs/Web/HTTP/Status/403",2026-07-17T14:46:37.964928
echoalger,bpt6k4158954j,,failed,0,0,,http_manifest,known,403,manifest,"Client error '403 ' for url 'https://openapiproext.bnf.fr/iiif/presentation/v3/ark:/12148/bpt6k4158954j/manifest.json'
For more information check: https://developer.mozilla.org/en-US/docs/Web/HTTP/Status/403",2026-07-17T14:46:39.150586
echoalger,bpt6k4158955z,,failed,0,0,,http_manifest,known,403,manifest,"Client error '403 ' for url 'https://openapiproext.bnf.fr/iiif/presentation/v3/ark:/12148/bpt6k4158955z/manifest.json'
For more information check: https://developer.mozilla.org/en-US/docs/Web/HTTP/Status/403",2026-07-17T14:46:40.350356
echoalger,bpt6k4158956c,,failed,0,0,,http_manifest,known,403,manifest,"Client error '403 ' for url 'https://openapiproext.bnf.fr/iiif/presentation/v3/ark:/12148/bpt6k4158956c/manifest.json'
For more information check: https://developer.mozilla.org/en-US/docs/Web/HTTP/Status/403",2026-07-17T14:46:41.552655
echoalger,bpt6k4158957s,,failed,0,0,,http_manifest,known,403,manifest,"Client error '403 ' for url 'https://openapiproext.bnf.fr/iiif/presentation/v3/ark:/12148/bpt6k4158957s/manifest.json'
For more information check: https://developer.mozilla.org/en-US/docs/Web/HTTP/Status/403",2026-07-17T14:46:42.757734
echoalger,bpt6k41589586,,failed,0,0,,http_manifest,known,403,manifest,"Client error '403 ' for url 'https://openapiproext.bnf.fr/iiif/presentation/v3/ark:/12148/bpt6k41589586/manifest.json'
For more information check: https://developer.mozilla.org/en-US/docs/Web/HTTP/Status/403",2026-07-17T14:46:43.958494
echoalger,bpt6k4158959m,,failed,0,0,,http_manifest,known,403,manifest,"Client error '403 ' for url 'https://openapiproext.bnf.fr/iiif/presentation/v3/ark:/12148/bpt6k4158959m/manifest.json'
For more information check: https://developer.mozilla.org/en-US/docs/Web/HTTP/Status/403",2026-07-17T14:46:45.159753
echoalger,bpt6k41589608,,failed,0,0,,http_manifest,known,403,manifest,"Client error '403 ' for url 'https://openapiproext.bnf.fr/iiif/presentation/v3/ark:/12148/bpt6k41589608/manifest.json'
For more information check: https://developer.mozilla.org/en-US/docs/Web/HTTP/Status/403",2026-07-17T14:46:46.360626
echoalger,bpt6k4158961p,,failed,0,0,,http_manifest,known,403,manifest,"Client error '403 ' for url 'https://openapiproext.bnf.fr/iiif/presentation/v3/ark:/12148/bpt6k4158961p/manifest.json'
For more information check: https://developer.mozilla.org/en-US/docs/Web/HTTP/Status/403",2026-07-17T14:46:47.563083
echoalger,bpt6k41589623,,failed,0,0,,http_manifest,known,403,manifest,"Client error '403 ' for url 'https://openapiproext.bnf.fr/iiif/presentation/v3/ark:/12148/bpt6k41589623/manifest.json'
For more information check: https://developer.mozilla.org/en-US/docs/Web/HTTP/Status/403",2026-07-17T14:46:48.764243
echoalger,bpt6k4158963h,,failed,0,0,,http_manifest,known,403,manifest,"Client error '403 ' for url 'https://openapiproext.bnf.fr/iiif/presentation/v3/ark:/12148/bpt6k4158963h/manifest.json'
For more information check: https://developer.mozilla.org/en-US/docs/Web/HTTP/Status/403",2026-07-17T14:46:49.981824
echoalger,bpt6k4158964x,,failed,0,0,,http_manifest,known,403,manifest,"Client error '403 ' for url 'https://openapiproext.bnf.fr/iiif/presentation/v3/ark:/12148/bpt6k4158964x/manifest.json'
For more information check: https://developer.mozilla.org/en-US/docs/Web/HTTP/Status/403",2026-07-17T14:46:51.167833
echoalger,bpt6k4158965b,,failed,0,0,,http_manifest,known,403,manifest,"Client error '403 ' for url 'https://openapiproext.bnf.fr/iiif/presentation/v3/ark:/12148/bpt6k4158965b/manifest.json'
For more information check: https://developer.mozilla.org/en-US/docs/Web/HTTP/Status/403",2026-07-17T14:46:52.367859
echoalger,bpt6k4158966r,,failed,0,0,,http_manifest,known,403,manifest,"Client error '403 ' for url 'https://openapiproext.bnf.fr/iiif/presentation/v3/ark:/12148/bpt6k4158966r/manifest.json'
For more information check: https://developer.mozilla.org/en-US/docs/Web/HTTP/Status/403",2026-07-17T14:46:53.570606
echoalger,bpt6k41589675,,failed,0,0,,http_manifest,known,403,manifest,"Client error '403 ' for url 'https://openapiproext.bnf.fr/iiif/presentation/v3/ark:/12148/bpt6k41589675/manifest.json'
For more information check: https://developer.mozilla.org/en-US/docs/Web/HTTP/Status/403",2026-07-17T14:46:54.772686
echoalger,bpt6k4158968k,,failed,0,0,,http_manifest,known,403,manifest,"Client error '403 ' for url 'https://openapiproext.bnf.fr/iiif/presentation/v3/ark:/12148/bpt6k4158968k/manifest.json'
For more information check: https://developer.mozilla.org/en-US/docs/Web/HTTP/Status/403",2026-07-17T14:46:55.976811
echoalger,bpt6k41589690,,failed,0,0,,http_manifest,known,403,manifest,"Client error '403 ' for url 'https://openapiproext.bnf.fr/iiif/presentation/v3/ark:/12148/bpt6k41589690/manifest.json'
For more information check: https://developer.mozilla.org/en-US/docs/Web/HTTP/Status/403",2026-07-17T14:46:57.178760
echoalger,bpt6k4158970n,,failed,0,0,,http_manifest,known,403,manifest,"Client error '403 ' for url 'https://openapiproext.bnf.fr/iiif/presentation/v3/ark:/12148/bpt6k4158970n/manifest.json'
For more information check: https://developer.mozilla.org/en-US/docs/Web/HTTP/Status/403",2026-07-17T14:46:58.376650
echoalger,bpt6k41589712,,failed,0,0,,http_manifest,known,403,manifest,"Client error '403 ' for url 'https://openapiproext.bnf.fr/iiif/presentation/v3/ark:/12148/bpt6k41589712/manifest.json'
For more information check: https://developer.mozilla.org/en-US/docs/Web/HTTP/Status/403",2026-07-17T14:46:59.732348
echoalger,bpt6k4158972g,,failed,0,0,,http_manifest,known,403,manifest,"Client error '403 ' for url 'https://openapiproext.bnf.fr/iiif/presentation/v3/ark:/12148/bpt6k4158972g/manifest.json'
For more information check: https://developer.mozilla.org/en-US/docs/Web/HTTP/Status/403",2026-07-17T14:47:00.782739
echoalger,bpt6k4158973w,,failed,0,0,,http_manifest,known,403,manifest,"Client error '403 ' for url 'https://openapiproext.bnf.fr/iiif/presentation/v3/ark:/12148/bpt6k4158973w/manifest.json'
For more information check: https://developer.mozilla.org/en-US/docs/Web/HTTP/Status/403",2026-07-17T14:47:01.995179
echoalger,bpt6k41589749,,failed,0,0,,http_manifest,known,403,manifest,"Client error '403 ' for url 'https://openapiproext.bnf.fr/iiif/presentation/v3/ark:/12148/bpt6k41589749/manifest.json'
For more information check: https://developer.mozilla.org/en-US/docs/Web/HTTP/Status/403",2026-07-17T14:47:03.323502
echoalger,bpt6k4158975q,,failed,0,0,,http_manifest,known,403,manifest,"Client error '403 ' for url 'https://openapiproext.bnf.fr/iiif/presentation/v3/ark:/12148/bpt6k4158975q/manifest.json'
For more information check: https://developer.mozilla.org/en-US/docs/Web/HTTP/Status/403",2026-07-17T14:47:04.615107
echoalger,bpt6k41589764,,failed,0,0,,http_manifest,known,403,manifest,"Client error '403 ' for url 'https://openapiproext.bnf.fr/iiif/presentation/v3/ark:/12148/bpt6k41589764/manifest.json'
For more information check: https://developer.mozilla.org/en-US/docs/Web/HTTP/Status/403",2026-07-17T14:47:05.627668
echoalger,bpt6k4158977j,,failed,0,0,,http_manifest,known,403,manifest,"Client error '403 ' for url 'https://openapiproext.bnf.fr/iiif/presentation/v3/ark:/12148/bpt6k4158977j/manifest.json'
For more information check: https://developer.mozilla.org/en-US/docs/Web/HTTP/Status/403",2026-07-17T14:47:06.889522
echoalger,bpt6k4158978z,,failed,0,0,,http_manifest,known,403,manifest,"Client error '403 ' for url 'https://openapiproext.bnf.fr/iiif/presentation/v3/ark:/12148/bpt6k4158978z/manifest.json'
For more information check: https://developer.mozilla.org/en-US/docs/Web/HTTP/Status/403",2026-07-17T14:47:08.016440
echoalger,bpt6k4158979c,,failed,0,0,,http_manifest,known,403,manifest,"Client error '403 ' for url 'https://openapiproext.bnf.fr/iiif/presentation/v3/ark:/12148/bpt6k4158979c/manifest.json'
For more information check: https://developer.mozilla.org/en-US/docs/Web/HTTP/Status/403",2026-07-17T14:47:09.193124
echoalger,bpt6k41589801,,failed,0,0,,http_manifest,known,403,manifest,"Client error '403 ' for url 'https://openapiproext.bnf.fr/iiif/presentation/v3/ark:/12148/bpt6k41589801/manifest.json'
For more information check: https://developer.mozilla.org/en-US/docs/Web/HTTP/Status/403",2026-07-17T14:47:10.395366
echoalger,bpt6k4158981f,,failed,0,0,,http_manifest,known,403,manifest,"Client error '403 ' for url 'https://openapiproext.bnf.fr/iiif/presentation/v3/ark:/12148/bpt6k4158981f/manifest.json'
For more information check: https://developer.mozilla.org/en-US/docs/Web/HTTP/Status/403",2026-07-17T14:47:11.881142
echoalger,bpt6k4158982v,,failed,0,0,,http_manifest,known,403,manifest,"Client error '403 ' for url 'https://openapiproext.bnf.fr/iiif/presentation/v3/ark:/12148/bpt6k4158982v/manifest.json'
For more information check: https://developer.mozilla.org/en-US/docs/Web/HTTP/Status/403",2026-07-17T14:47:12.798779
echoalger,bpt6k41589838,,failed,0,0,,http_manifest,known,403,manifest,"Client error '403 ' for url 'https://openapiproext.bnf.fr/iiif/presentation/v3/ark:/12148/bpt6k41589838/manifest.json'
For more information check: https://developer.mozilla.org/en-US/docs/Web/HTTP/Status/403",2026-07-17T14:47:14.132025
echoalger,bpt6k4158984p,,failed,0,0,,http_manifest,known,403,manifest,"Client error '403 ' for url 'https://openapiproext.bnf.fr/iiif/presentation/v3/ark:/12148/bpt6k4158984p/manifest.json'
For more information check: https://developer.mozilla.org/en-US/docs/Web/HTTP/Status/403",2026-07-17T14:47:15.202559
echoalger,bpt6k41589853,,failed,0,0,,http_manifest,known,403,manifest,"Client error '403 ' for url 'https://openapiproext.bnf.fr/iiif/presentation/v3/ark:/12148/bpt6k41589853/manifest.json'
For more information check: https://developer.mozilla.org/en-US/docs/Web/HTTP/Status/403",2026-07-17T14:47:16.632649
echoalger,bpt6k4158986h,,failed,0,0,,http_manifest,known,403,manifest,"Client error '403 ' for url 'https://openapiproext.bnf.fr/iiif/presentation/v3/ark:/12148/bpt6k4158986h/manifest.json'
For more information check: https://developer.mozilla.org/en-US/docs/Web/HTTP/Status/403",2026-07-17T14:47:17.600540
echoalger,bpt6k4158987x,,failed,0,0,,http_manifest,known,403,manifest,"Client error '403 ' for url 'https://openapiproext.bnf.fr/iiif/presentation/v3/ark:/12148/bpt6k4158987x/manifest.json'
For more information check: https://developer.mozilla.org/en-US/docs/Web/HTTP/Status/403",2026-07-17T14:47:18.807907
echoalger,bpt6k4158988b,,failed,0,0,,http_manifest,known,403,manifest,"Client error '403 ' for url 'https://openapiproext.bnf.fr/iiif/presentation/v3/ark:/12148/bpt6k4158988b/manifest.json'
For more information check: https://developer.mozilla.org/en-US/docs/Web/HTTP/Status/403",2026-07-17T14:47:20.039106
echoalger,bpt6k4158989r,,failed,0,0,,http_manifest,known,403,manifest,"Client error '403 ' for url 'https://openapiproext.bnf.fr/iiif/presentation/v3/ark:/12148/bpt6k4158989r/manifest.json'
For more information check: https://developer.mozilla.org/en-US/docs/Web/HTTP/Status/403",2026-07-17T14:47:21.214070
echoalger,bpt6k4158990d,,failed,0,0,,http_manifest,known,403,manifest,"Client error '403 ' for url 'https://openapiproext.bnf.fr/iiif/presentation/v3/ark:/12148/bpt6k4158990d/manifest.json'
For more information check: https://developer.mozilla.org/en-US/docs/Web/HTTP/Status/403",2026-07-17T14:47:22.410491
echoalger,bpt6k4158991t,,failed,0,0,,http_manifest,known,403,manifest,"Client error '403 ' for url 'https://openapiproext.bnf.fr/iiif/presentation/v3/ark:/12148/bpt6k4158991t/manifest.json'
For more information check: https://developer.mozilla.org/en-US/docs/Web/HTTP/Status/403",2026-07-17T14:47:23.654352
echoalger,bpt6k41589927,,failed,0,0,,http_manifest,known,403,manifest,"Client error '403 ' for url 'https://openapiproext.bnf.fr/iiif/presentation/v3/ark:/12148/bpt6k41589927/manifest.json'
For more information check: https://developer.mozilla.org/en-US/docs/Web/HTTP/Status/403",2026-07-17T14:47:24.812647
echoalger,bpt6k4158993n,,failed,0,0,,http_manifest,known,403,manifest,"Client error '403 ' for url 'https://openapiproext.bnf.fr/iiif/presentation/v3/ark:/12148/bpt6k4158993n/manifest.json'
For more information check: https://developer.mozilla.org/en-US/docs/Web/HTTP/Status/403",2026-07-17T14:47:26.016664
echoalger,bpt6k41589942,,failed,0,0,,http_manifest,known,403,manifest,"Client error '403 ' for url 'https://openapiproext.bnf.fr/iiif/presentation/v3/ark:/12148/bpt6k41589942/manifest.json'
For more information check: https://developer.mozilla.org/en-US/docs/Web/HTTP/Status/403",2026-07-17T14:47:27.219766
echoalger,bpt6k4158995g,,failed,0,0,,http_manifest,known,403,manifest,"Client error '403 ' for url 'https://openapiproext.bnf.fr/iiif/presentation/v3/ark:/12148/bpt6k4158995g/manifest.json'
For more information check: https://developer.mozilla.org/en-US/docs/Web/HTTP/Status/403",2026-07-17T14:47:28.418022
echoalger,bpt6k4158996w,,failed,0,0,,http_manifest,known,403,manifest,"Client error '403 ' for url 'https://openapiproext.bnf.fr/iiif/presentation/v3/ark:/12148/bpt6k4158996w/manifest.json'
For more information check: https://developer.mozilla.org/en-US/docs/Web/HTTP/Status/403",2026-07-17T14:47:29.650327
echoalger,bpt6k41589979,,failed,0,0,,http_manifest,known,403,manifest,"Client error '403 ' for url 'https://openapiproext.bnf.fr/iiif/presentation/v3/ark:/12148/bpt6k41589979/manifest.json'
For more information check: https://developer.mozilla.org/en-US/docs/Web/HTTP/Status/403",2026-07-17T14:47:30.821162
echoalger,bpt6k4158998q,,failed,0,0,,http_manifest,known,403,manifest,"Client error '403 ' for url 'https://openapiproext.bnf.fr/iiif/presentation/v3/ark:/12148/bpt6k4158998q/manifest.json'
For more information check: https://developer.mozilla.org/en-US/docs/Web/HTTP/Status/403",2026-07-17T14:47:32.022977
echoalger,bpt6k41589994,,failed,0,0,,http_manifest,known,403,manifest,"Client error '403 ' for url 'https://openapiproext.bnf.fr/iiif/presentation/v3/ark:/12148/bpt6k41589994/manifest.json'
For more information check: https://developer.mozilla.org/en-US/docs/Web/HTTP/Status/403",2026-07-17T14:47:33.271711
echoalger,bpt6k41590006,,failed,0,0,,http_manifest,known,403,manifest,"Client error '403 ' for url 'https://openapiproext.bnf.fr/iiif/presentation/v3/ark:/12148/bpt6k41590006/manifest.json'
For more information check: https://developer.mozilla.org/en-US/docs/Web/HTTP/Status/403",2026-07-17T14:47:34.440067
echoalger,bpt6k4159001m,,failed,0,0,,http_manifest,known,403,manifest,"Client error '403 ' for url 'https://openapiproext.bnf.fr/iiif/presentation/v3/ark:/12148/bpt6k4159001m/manifest.json'
For more information check: https://developer.mozilla.org/en-US/docs/Web/HTTP/Status/403",2026-07-17T14:47:35.627409
echoalger,bpt6k41590021,,failed,0,0,,http_manifest,known,403,manifest,"Client error '403 ' for url 'https://openapiproext.bnf.fr/iiif/presentation/v3/ark:/12148/bpt6k41590021/manifest.json'
For more information check: https://developer.mozilla.org/en-US/docs/Web/HTTP/Status/403",2026-07-17T14:47:36.832268
echoalger,bpt6k4159003f,,failed,0,0,,http_manifest,known,403,manifest,"Client error '403 ' for url 'https://openapiproext.bnf.fr/iiif/presentation/v3/ark:/12148/bpt6k4159003f/manifest.json'
For more information check: https://developer.mozilla.org/en-US/docs/Web/HTTP/Status/403",2026-07-17T14:47:38.032502
echoalger,bpt6k4159004v,,failed,0,0,,http_manifest,known,403,manifest,"Client error '403 ' for url 'https://openapiproext.bnf.fr/iiif/presentation/v3/ark:/12148/bpt6k4159004v/manifest.json'
For more information check: https://developer.mozilla.org/en-US/docs/Web/HTTP/Status/403",2026-07-17T14:47:39.235467
echoalger,bpt6k41590058,,failed,0,0,,http_manifest,known,403,manifest,"Client error '403 ' for url 'https://openapiproext.bnf.fr/iiif/presentation/v3/ark:/12148/bpt6k41590058/manifest.json'
For more information check: https://developer.mozilla.org/en-US/docs/Web/HTTP/Status/403",2026-07-17T14:47:40.440443
echoalger,bpt6k4159006p,,failed,0,0,,http_manifest,known,403,manifest,"Client error '403 ' for url 'https://openapiproext.bnf.fr/iiif/presentation/v3/ark:/12148/bpt6k4159006p/manifest.json'
For more information check: https://developer.mozilla.org/en-US/docs/Web/HTTP/Status/403",2026-07-17T14:47:41.661274
echoalger,bpt6k41590073,,failed,0,0,,http_manifest,known,403,manifest,"Client error '403 ' for url 'https://openapiproext.bnf.fr/iiif/presentation/v3/ark:/12148/bpt6k41590073/manifest.json'
For more information check: https://developer.mozilla.org/en-US/docs/Web/HTTP/Status/403",2026-07-17T14:47:42.845207
echoalger,bpt6k4159008h,,failed,0,0,,http_manifest,known,403,manifest,"Client error '403 ' for url 'https://openapiproext.bnf.fr/iiif/presentation/v3/ark:/12148/bpt6k4159008h/manifest.json'
For more information check: https://developer.mozilla.org/en-US/docs/Web/HTTP/Status/403",2026-07-17T14:47:44.042129
echoalger,bpt6k4159009x,,failed,0,0,,http_manifest,known,403,manifest,"Client error '403 ' for url 'https://openapiproext.bnf.fr/iiif/presentation/v3/ark:/12148/bpt6k4159009x/manifest.json'
For more information check: https://developer.mozilla.org/en-US/docs/Web/HTTP/Status/403",2026-07-17T14:47:45.243213
echoalger,bpt6k4159010k,,failed,0,0,,http_manifest,known,403,manifest,"Client error '403 ' for url 'https://openapiproext.bnf.fr/iiif/presentation/v3/ark:/12148/bpt6k4159010k/manifest.json'
For more information check: https://developer.mozilla.org/en-US/docs/Web/HTTP/Status/403",2026-07-17T14:47:46.447420
echoalger,bpt6k41590110,,failed,0,0,,http_manifest,known,403,manifest,"Client error '403 ' for url 'https://openapiproext.bnf.fr/iiif/presentation/v3/ark:/12148/bpt6k41590110/manifest.json'
For more information check: https://developer.mozilla.org/en-US/docs/Web/HTTP/Status/403",2026-07-17T14:47:47.651183
echoalger,bpt6k4159012d,,failed,0,0,,http_manifest,known,403,manifest,"Client error '403 ' for url 'https://openapiproext.bnf.fr/iiif/presentation/v3/ark:/12148/bpt6k4159012d/manifest.json'
For more information check: https://developer.mozilla.org/en-US/docs/Web/HTTP/Status/403",2026-07-17T14:47:48.849902
echoalger,bpt6k4159013t,,failed,0,0,,http_manifest,known,403,manifest,"Client error '403 ' for url 'https://openapiproext.bnf.fr/iiif/presentation/v3/ark:/12148/bpt6k4159013t/manifest.json'
For more information check: https://developer.mozilla.org/en-US/docs/Web/HTTP/Status/403",2026-07-17T14:47:50.048663
echoalger,bpt6k41590147,,failed,0,0,,http_manifest,known,403,manifest,"Client error '403 ' for url 'https://openapiproext.bnf.fr/iiif/presentation/v3/ark:/12148/bpt6k41590147/manifest.json'
For more information check: https://developer.mozilla.org/en-US/docs/Web/HTTP/Status/403",2026-07-17T14:47:51.268382
echoalger,bpt6k4159015n,,failed,0,0,,http_manifest,known,403,manifest,"Client error '403 ' for url 'https://openapiproext.bnf.fr/iiif/presentation/v3/ark:/12148/bpt6k4159015n/manifest.json'
For more information check: https://developer.mozilla.org/en-US/docs/Web/HTTP/Status/403",2026-07-17T14:47:52.459059
echoalger,bpt6k41590162,,failed,0,0,,http_manifest,known,403,manifest,"Client error '403 ' for url 'https://openapiproext.bnf.fr/iiif/presentation/v3/ark:/12148/bpt6k41590162/manifest.json'
For more information check: https://developer.mozilla.org/en-US/docs/Web/HTTP/Status/403",2026-07-17T14:47:53.685811
echoalger,bpt6k4159017g,,failed,0,0,,http_manifest,known,403,manifest,"Client error '403 ' for url 'https://openapiproext.bnf.fr/iiif/presentation/v3/ark:/12148/bpt6k4159017g/manifest.json'
For more information check: https://developer.mozilla.org/en-US/docs/Web/HTTP/Status/403",2026-07-17T14:47:54.857934
echoalger,bpt6k4159018w,,failed,0,0,,http_manifest,known,403,manifest,"Client error '403 ' for url 'https://openapiproext.bnf.fr/iiif/presentation/v3/ark:/12148/bpt6k4159018w/manifest.json'
For more information check: https://developer.mozilla.org/en-US/docs/Web/HTTP/Status/403",2026-07-17T14:47:56.057224
echoalger,bpt6k41590199,,failed,0,0,,http_manifest,known,403,manifest,"Client error '403 ' for url 'https://openapiproext.bnf.fr/iiif/presentation/v3/ark:/12148/bpt6k41590199/manifest.json'
For more information check: https://developer.mozilla.org/en-US/docs/Web/HTTP/Status/403",2026-07-17T14:47:57.261337
echoalger,bpt6k4159020z,,failed,0,0,,http_manifest,known,403,manifest,"Client error '403 ' for url 'https://openapiproext.bnf.fr/iiif/presentation/v3/ark:/12148/bpt6k4159020z/manifest.json'
For more information check: https://developer.mozilla.org/en-US/docs/Web/HTTP/Status/403",2026-07-17T14:47:58.466986
echoalger,bpt6k4159021c,,failed,0,0,,http_manifest,known,403,manifest,"Client error '403 ' for url 'https://openapiproext.bnf.fr/iiif/presentation/v3/ark:/12148/bpt6k4159021c/manifest.json'
For more information check: https://developer.mozilla.org/en-US/docs/Web/HTTP/Status/403",2026-07-17T14:47:59.813130
echoalger,bpt6k4159022s,,failed,0,0,,http_manifest,known,403,manifest,"Client error '403 ' for url 'https://openapiproext.bnf.fr/iiif/presentation/v3/ark:/12148/bpt6k4159022s/manifest.json'
For more information check: https://developer.mozilla.org/en-US/docs/Web/HTTP/Status/403",2026-07-17T14:48:00.864991
echoalger,bpt6k41590236,,failed,0,0,,http_manifest,known,403,manifest,"Client error '403 ' for url 'https://openapiproext.bnf.fr/iiif/presentation/v3/ark:/12148/bpt6k41590236/manifest.json'
For more information check: https://developer.mozilla.org/en-US/docs/Web/HTTP/Status/403",2026-07-17T14:48:02.281637
echoalger,bpt6k4159024m,,failed,0,0,,http_manifest,known,403,manifest,"Client error '403 ' for url 'https://openapiproext.bnf.fr/iiif/presentation/v3/ark:/12148/bpt6k4159024m/manifest.json'
For more information check: https://developer.mozilla.org/en-US/docs/Web/HTTP/Status/403",2026-07-17T14:48:03.268986
echoalger,bpt6k41590251,,failed,0,0,,http_manifest,known,403,manifest,"Client error '403 ' for url 'https://openapiproext.bnf.fr/iiif/presentation/v3/ark:/12148/bpt6k41590251/manifest.json'
For more information check: https://developer.mozilla.org/en-US/docs/Web/HTTP/Status/403",2026-07-17T14:48:04.696926
echoalger,bpt6k4159026f,,failed,0,0,,http_manifest,known,403,manifest,"Client error '403 ' for url 'https://openapiproext.bnf.fr/iiif/presentation/v3/ark:/12148/bpt6k4159026f/manifest.json'
For more information check: https://developer.mozilla.org/en-US/docs/Web/HTTP/Status/403",2026-07-17T14:48:05.677118
echoalger,bpt6k4159027v,,failed,0,0,,http_manifest,known,403,manifest,"Client error '403 ' for url 'https://openapiproext.bnf.fr/iiif/presentation/v3/ark:/12148/bpt6k4159027v/manifest.json'
For more information check: https://developer.mozilla.org/en-US/docs/Web/HTTP/Status/403",2026-07-17T14:48:06.874940
echoalger,bpt6k41590288,,failed,0,0,,http_manifest,known,403,manifest,"Client error '403 ' for url 'https://openapiproext.bnf.fr/iiif/presentation/v3/ark:/12148/bpt6k41590288/manifest.json'
For more information check: https://developer.mozilla.org/en-US/docs/Web/HTTP/Status/403",2026-07-17T14:48:08.171849
echoalger,bpt6k4159029p,,failed,0,0,,http_manifest,known,403,manifest,"Client error '403 ' for url 'https://openapiproext.bnf.fr/iiif/presentation/v3/ark:/12148/bpt6k4159029p/manifest.json'
For more information check: https://developer.mozilla.org/en-US/docs/Web/HTTP/Status/403",2026-07-17T14:48:09.296746
echoalger,bpt6k4159030b,,failed,0,0,,http_manifest,known,403,manifest,"Client error '403 ' for url 'https://openapiproext.bnf.fr/iiif/presentation/v3/ark:/12148/bpt6k4159030b/manifest.json'
For more information check: https://developer.mozilla.org/en-US/docs/Web/HTTP/Status/403",2026-07-17T14:48:10.629579
echoalger,bpt6k4159031r,,failed,0,0,,http_manifest,known,403,manifest,"Client error '403 ' for url 'https://openapiproext.bnf.fr/iiif/presentation/v3/ark:/12148/bpt6k4159031r/manifest.json'
For more information check: https://developer.mozilla.org/en-US/docs/Web/HTTP/Status/403",2026-07-17T14:48:11.711998
echoalger,bpt6k41590325,,failed,0,0,,http_manifest,known,403,manifest,"Client error '403 ' for url 'https://openapiproext.bnf.fr/iiif/presentation/v3/ark:/12148/bpt6k41590325/manifest.json'
For more information check: https://developer.mozilla.org/en-US/docs/Web/HTTP/Status/403",2026-07-17T14:48:12.980923
echoalger,bpt6k4159033k,,failed,0,0,,http_manifest,known,403,manifest,"Client error '403 ' for url 'https://openapiproext.bnf.fr/iiif/presentation/v3/ark:/12148/bpt6k4159033k/manifest.json'
For more information check: https://developer.mozilla.org/en-US/docs/Web/HTTP/Status/403",2026-07-17T14:48:14.249914
echoalger,bpt6k41590340,,failed,0,0,,http_manifest,known,403,manifest,"Client error '403 ' for url 'https://openapiproext.bnf.fr/iiif/presentation/v3/ark:/12148/bpt6k41590340/manifest.json'
For more information check: https://developer.mozilla.org/en-US/docs/Web/HTTP/Status/403",2026-07-17T14:48:15.292361
echoalger,bpt6k4159035d,,failed,0,0,,http_manifest,known,403,manifest,"Client error '403 ' for url 'https://openapiproext.bnf.fr/iiif/presentation/v3/ark:/12148/bpt6k4159035d/manifest.json'
For more information check: https://developer.mozilla.org/en-US/docs/Web/HTTP/Status/403",2026-07-17T14:48:16.651751
echoalger,bpt6k4159036t,,failed,0,0,,http_manifest,known,403,manifest,"Client error '403 ' for url 'https://openapiproext.bnf.fr/iiif/presentation/v3/ark:/12148/bpt6k4159036t/manifest.json'
For more information check: https://developer.mozilla.org/en-US/docs/Web/HTTP/Status/403",2026-07-17T14:48:17.691671
echoalger,bpt6k41590377,,failed,0,0,,http_manifest,known,403,manifest,"Client error '403 ' for url 'https://openapiproext.bnf.fr/iiif/presentation/v3/ark:/12148/bpt6k41590377/manifest.json'
For more information check: https://developer.mozilla.org/en-US/docs/Web/HTTP/Status/403",2026-07-17T14:48:18.890240
echoalger,bpt6k4159038n,,failed,0,0,,http_manifest,known,403,manifest,"Client error '403 ' for url 'https://openapiproext.bnf.fr/iiif/presentation/v3/ark:/12148/bpt6k4159038n/manifest.json'
For more information check: https://developer.mozilla.org/en-US/docs/Web/HTTP/Status/403",2026-07-17T14:48:20.092079
echoalger,bpt6k41590392,,failed,0,0,,http_manifest,known,403,manifest,"Client error '403 ' for url 'https://openapiproext.bnf.fr/iiif/presentation/v3/ark:/12148/bpt6k41590392/manifest.json'
For more information check: https://developer.mozilla.org/en-US/docs/Web/HTTP/Status/403",2026-07-17T14:48:21.293678
echoalger,bpt6k4159040q,,failed,0,0,,http_manifest,known,403,manifest,"Client error '403 ' for url 'https://openapiproext.bnf.fr/iiif/presentation/v3/ark:/12148/bpt6k4159040q/manifest.json'
For more information check: https://developer.mozilla.org/en-US/docs/Web/HTTP/Status/403",2026-07-17T14:48:22.498293
echoalger,bpt6k41590414,,failed,0,0,,http_manifest,known,403,manifest,"Client error '403 ' for url 'https://openapiproext.bnf.fr/iiif/presentation/v3/ark:/12148/bpt6k41590414/manifest.json'
For more information check: https://developer.mozilla.org/en-US/docs/Web/HTTP/Status/403",2026-07-17T14:48:23.722364
echoalger,bpt6k4159042j,,failed,0,0,,http_manifest,known,403,manifest,"Client error '403 ' for url 'https://openapiproext.bnf.fr/iiif/presentation/v3/ark:/12148/bpt6k4159042j/manifest.json'
For more information check: https://developer.mozilla.org/en-US/docs/Web/HTTP/Status/403",2026-07-17T14:48:24.899034
echoalger,bpt6k4159043z,,failed,0,0,,http_manifest,known,403,manifest,"Client error '403 ' for url 'https://openapiproext.bnf.fr/iiif/presentation/v3/ark:/12148/bpt6k4159043z/manifest.json'
For more information check: https://developer.mozilla.org/en-US/docs/Web/HTTP/Status/403",2026-07-17T14:48:26.098245
echoalger,bpt6k4159044c,,failed,0,0,,http_manifest,known,403,manifest,"Client error '403 ' for url 'https://openapiproext.bnf.fr/iiif/presentation/v3/ark:/12148/bpt6k4159044c/manifest.json'
For more information check: https://developer.mozilla.org/en-US/docs/Web/HTTP/Status/403",2026-07-17T14:48:27.302720
echoalger,bpt6k4159045s,,failed,0,0,,http_manifest,known,403,manifest,"Client error '403 ' for url 'https://openapiproext.bnf.fr/iiif/presentation/v3/ark:/12148/bpt6k4159045s/manifest.json'
For more information check: https://developer.mozilla.org/en-US/docs/Web/HTTP/Status/403",2026-07-17T14:48:28.505245
echoalger,bpt6k41590466,,failed,0,0,,http_manifest,known,403,manifest,"Client error '403 ' for url 'https://openapiproext.bnf.fr/iiif/presentation/v3/ark:/12148/bpt6k41590466/manifest.json'
For more information check: https://developer.mozilla.org/en-US/docs/Web/HTTP/Status/403",2026-07-17T14:48:29.731678
echoalger,bpt6k4159047m,,failed,0,0,,http_manifest,known,403,manifest,"Client error '403 ' for url 'https://openapiproext.bnf.fr/iiif/presentation/v3/ark:/12148/bpt6k4159047m/manifest.json'
For more information check: https://developer.mozilla.org/en-US/docs/Web/HTTP/Status/403",2026-07-17T14:48:30.907134
echoalger,bpt6k41590481,,failed,0,0,,http_manifest,known,403,manifest,"Client error '403 ' for url 'https://openapiproext.bnf.fr/iiif/presentation/v3/ark:/12148/bpt6k41590481/manifest.json'
For more information check: https://developer.mozilla.org/en-US/docs/Web/HTTP/Status/403",2026-07-17T14:48:32.115681
echoalger,bpt6k4159049f,,failed,0,0,,http_manifest,known,403,manifest,"Client error '403 ' for url 'https://openapiproext.bnf.fr/iiif/presentation/v3/ark:/12148/bpt6k4159049f/manifest.json'
For more information check: https://developer.mozilla.org/en-US/docs/Web/HTTP/Status/403",2026-07-17T14:48:33.314174
echoalger,bpt6k41590503,,failed,0,0,,http_manifest,known,403,manifest,"Client error '403 ' for url 'https://openapiproext.bnf.fr/iiif/presentation/v3/ark:/12148/bpt6k41590503/manifest.json'
For more information check: https://developer.mozilla.org/en-US/docs/Web/HTTP/Status/403",2026-07-17T14:48:34.516668
echoalger,bpt6k4159051h,,failed,0,0,,http_manifest,known,403,manifest,"Client error '403 ' for url 'https://openapiproext.bnf.fr/iiif/presentation/v3/ark:/12148/bpt6k4159051h/manifest.json'
For more information check: https://developer.mozilla.org/en-US/docs/Web/HTTP/Status/403",2026-07-17T14:48:35.717154
echoalger,bpt6k4159052x,,failed,0,0,,http_manifest,known,403,manifest,"Client error '403 ' for url 'https://openapiproext.bnf.fr/iiif/presentation/v3/ark:/12148/bpt6k4159052x/manifest.json'
For more information check: https://developer.mozilla.org/en-US/docs/Web/HTTP/Status/403",2026-07-17T14:48:36.915149
echoalger,bpt6k4159053b,,failed,0,0,,http_manifest,known,403,manifest,"Client error '403 ' for url 'https://openapiproext.bnf.fr/iiif/presentation/v3/ark:/12148/bpt6k4159053b/manifest.json'
For more information check: https://developer.mozilla.org/en-US/docs/Web/HTTP/Status/403",2026-07-17T14:48:38.114160
echoalger,bpt6k4159054r,,failed,0,0,,http_manifest,known,403,manifest,"Client error '403 ' for url 'https://openapiproext.bnf.fr/iiif/presentation/v3/ark:/12148/bpt6k4159054r/manifest.json'
For more information check: https://developer.mozilla.org/en-US/docs/Web/HTTP/Status/403",2026-07-17T14:48:39.314884
echoalger,bpt6k41590555,,failed,0,0,,http_manifest,known,403,manifest,"Client error '403 ' for url 'https://openapiproext.bnf.fr/iiif/presentation/v3/ark:/12148/bpt6k41590555/manifest.json'
For more information check: https://developer.mozilla.org/en-US/docs/Web/HTTP/Status/403",2026-07-17T14:48:40.518368
echoalger,bpt6k4159056k,,failed,0,0,,http_manifest,known,403,manifest,"Client error '403 ' for url 'https://openapiproext.bnf.fr/iiif/presentation/v3/ark:/12148/bpt6k4159056k/manifest.json'
For more information check: https://developer.mozilla.org/en-US/docs/Web/HTTP/Status/403",2026-07-17T14:48:41.743324
echoalger,bpt6k41590570,,failed,0,0,,http_manifest,known,403,manifest,"Client error '403 ' for url 'https://openapiproext.bnf.fr/iiif/presentation/v3/ark:/12148/bpt6k41590570/manifest.json'
For more information check: https://developer.mozilla.org/en-US/docs/Web/HTTP/Status/403",2026-07-17T14:48:42.916657
echoalger,bpt6k4159058d,,failed,0,0,,http_manifest,known,403,manifest,"Client error '403 ' for url 'https://openapiproext.bnf.fr/iiif/presentation/v3/ark:/12148/bpt6k4159058d/manifest.json'
For more information check: https://developer.mozilla.org/en-US/docs/Web/HTTP/Status/403",2026-07-17T14:48:44.121582
echoalger,bpt6k4159059t,,failed,0,0,,http_manifest,known,403,manifest,"Client error '403 ' for url 'https://openapiproext.bnf.fr/iiif/presentation/v3/ark:/12148/bpt6k4159059t/manifest.json'
For more information check: https://developer.mozilla.org/en-US/docs/Web/HTTP/Status/403",2026-07-17T14:48:45.334352
echoalger,bpt6k4159060g,,failed,0,0,,http_manifest,known,403,manifest,"Client error '403 ' for url 'https://openapiproext.bnf.fr/iiif/presentation/v3/ark:/12148/bpt6k4159060g/manifest.json'
For more information check: https://developer.mozilla.org/en-US/docs/Web/HTTP/Status/403",2026-07-17T14:48:46.531363
echoalger,bpt6k4159061w,,failed,0,0,,http_manifest,known,403,manifest,"Client error '403 ' for url 'https://openapiproext.bnf.fr/iiif/presentation/v3/ark:/12148/bpt6k4159061w/manifest.json'
For more information check: https://developer.mozilla.org/en-US/docs/Web/HTTP/Status/403",2026-07-17T14:48:47.726525
echoalger,bpt6k41590629,,failed,0,0,,http_manifest,known,403,manifest,"Client error '403 ' for url 'https://openapiproext.bnf.fr/iiif/presentation/v3/ark:/12148/bpt6k41590629/manifest.json'
For more information check: https://developer.mozilla.org/en-US/docs/Web/HTTP/Status/403",2026-07-17T14:48:48.928387
echoalger,bpt6k4159063q,,failed,0,0,,http_manifest,known,403,manifest,"Client error '403 ' for url 'https://openapiproext.bnf.fr/iiif/presentation/v3/ark:/12148/bpt6k4159063q/manifest.json'
For more information check: https://developer.mozilla.org/en-US/docs/Web/HTTP/Status/403",2026-07-17T14:48:50.131681
echoalger,bpt6k41590644,,failed,0,0,,http_manifest,known,403,manifest,"Client error '403 ' for url 'https://openapiproext.bnf.fr/iiif/presentation/v3/ark:/12148/bpt6k41590644/manifest.json'
For more information check: https://developer.mozilla.org/en-US/docs/Web/HTTP/Status/403",2026-07-17T14:48:51.332951
echoalger,bpt6k4159065j,,failed,0,0,,http_manifest,known,403,manifest,"Client error '403 ' for url 'https://openapiproext.bnf.fr/iiif/presentation/v3/ark:/12148/bpt6k4159065j/manifest.json'
For more information check: https://developer.mozilla.org/en-US/docs/Web/HTTP/Status/403",2026-07-17T14:48:52.533810
echoalger,bpt6k4159066z,,failed,0,0,,http_manifest,known,403,manifest,"Client error '403 ' for url 'https://openapiproext.bnf.fr/iiif/presentation/v3/ark:/12148/bpt6k4159066z/manifest.json'
For more information check: https://developer.mozilla.org/en-US/docs/Web/HTTP/Status/403",2026-07-17T14:48:53.767514
echoalger,bpt6k4159067c,,failed,0,0,,http_manifest,known,403,manifest,"Client error '403 ' for url 'https://openapiproext.bnf.fr/iiif/presentation/v3/ark:/12148/bpt6k4159067c/manifest.json'
For more information check: https://developer.mozilla.org/en-US/docs/Web/HTTP/Status/403",2026-07-17T14:48:54.932485
echoalger,bpt6k4159068s,,failed,0,0,,http_manifest,known,403,manifest,"Client error '403 ' for url 'https://openapiproext.bnf.fr/iiif/presentation/v3/ark:/12148/bpt6k4159068s/manifest.json'
For more information check: https://developer.mozilla.org/en-US/docs/Web/HTTP/Status/403",2026-07-17T14:48:56.138886
echoalger,bpt6k41590696,,failed,0,0,,http_manifest,known,403,manifest,"Client error '403 ' for url 'https://openapiproext.bnf.fr/iiif/presentation/v3/ark:/12148/bpt6k41590696/manifest.json'
For more information check: https://developer.mozilla.org/en-US/docs/Web/HTTP/Status/403",2026-07-17T14:48:57.338930
echoalger,bpt6k4159070v,,failed,0,0,,http_manifest,known,403,manifest,"Client error '403 ' for url 'https://openapiproext.bnf.fr/iiif/presentation/v3/ark:/12148/bpt6k4159070v/manifest.json'
For more information check: https://developer.mozilla.org/en-US/docs/Web/HTTP/Status/403",2026-07-17T14:48:58.668536
echoalger,bpt6k41590718,,failed,0,0,,http_manifest,known,403,manifest,"Client error '403 ' for url 'https://openapiproext.bnf.fr/iiif/presentation/v3/ark:/12148/bpt6k41590718/manifest.json'
For more information check: https://developer.mozilla.org/en-US/docs/Web/HTTP/Status/403",2026-07-17T14:48:59.792500
echoalger,bpt6k4159072p,,failed,0,0,,http_manifest,known,403,manifest,"Client error '403 ' for url 'https://openapiproext.bnf.fr/iiif/presentation/v3/ark:/12148/bpt6k4159072p/manifest.json'
For more information check: https://developer.mozilla.org/en-US/docs/Web/HTTP/Status/403",2026-07-17T14:49:01.006460
echoalger,bpt6k41590733,,failed,0,0,,http_manifest,known,403,manifest,"Client error '403 ' for url 'https://openapiproext.bnf.fr/iiif/presentation/v3/ark:/12148/bpt6k41590733/manifest.json'
For more information check: https://developer.mozilla.org/en-US/docs/Web/HTTP/Status/403",2026-07-17T14:49:02.147549
echoalger,bpt6k4159074h,,failed,0,0,,http_manifest,known,403,manifest,"Client error '403 ' for url 'https://openapiproext.bnf.fr/iiif/presentation/v3/ark:/12148/bpt6k4159074h/manifest.json'
For more information check: https://developer.mozilla.org/en-US/docs/Web/HTTP/Status/403",2026-07-17T14:49:03.351448
echoalger,bpt6k4159075x,,failed,0,0,,http_manifest,known,403,manifest,"Client error '403 ' for url 'https://openapiproext.bnf.fr/iiif/presentation/v3/ark:/12148/bpt6k4159075x/manifest.json'
For more information check: https://developer.mozilla.org/en-US/docs/Web/HTTP/Status/403",2026-07-17T14:49:04.588016
echoalger,bpt6k4159076b,,failed,0,0,,http_manifest,known,403,manifest,"Client error '403 ' for url 'https://openapiproext.bnf.fr/iiif/presentation/v3/ark:/12148/bpt6k4159076b/manifest.json'
For more information check: https://developer.mozilla.org/en-US/docs/Web/HTTP/Status/403",2026-07-17T14:49:05.814436
echoalger,bpt6k4159077r,,failed,0,0,,http_manifest,known,403,manifest,"Client error '403 ' for url 'https://openapiproext.bnf.fr/iiif/presentation/v3/ark:/12148/bpt6k4159077r/manifest.json'
For more information check: https://developer.mozilla.org/en-US/docs/Web/HTTP/Status/403",2026-07-17T14:49:06.952842
echoalger,bpt6k41590785,,failed,0,0,,http_manifest,known,403,manifest,"Client error '403 ' for url 'https://openapiproext.bnf.fr/iiif/presentation/v3/ark:/12148/bpt6k41590785/manifest.json'
For more information check: https://developer.mozilla.org/en-US/docs/Web/HTTP/Status/403",2026-07-17T14:49:08.154728
echoalger,bpt6k4159079k,,failed,0,0,,http_manifest,known,403,manifest,"Client error '403 ' for url 'https://openapiproext.bnf.fr/iiif/presentation/v3/ark:/12148/bpt6k4159079k/manifest.json'
For more information check: https://developer.mozilla.org/en-US/docs/Web/HTTP/Status/403",2026-07-17T14:49:09.360138
echoalger,bpt6k41590807,,failed,0,0,,http_manifest,known,403,manifest,"Client error '403 ' for url 'https://openapiproext.bnf.fr/iiif/presentation/v3/ark:/12148/bpt6k41590807/manifest.json'
For more information check: https://developer.mozilla.org/en-US/docs/Web/HTTP/Status/403",2026-07-17T14:49:10.877245
echoalger,bpt6k4159081n,,failed,0,0,,http_manifest,known,403,manifest,"Client error '403 ' for url 'https://openapiproext.bnf.fr/iiif/presentation/v3/ark:/12148/bpt6k4159081n/manifest.json'
For more information check: https://developer.mozilla.org/en-US/docs/Web/HTTP/Status/403",2026-07-17T14:49:11.885206
echoalger,bpt6k41590822,,failed,0,0,,http_manifest,known,403,manifest,"Client error '403 ' for url 'https://openapiproext.bnf.fr/iiif/presentation/v3/ark:/12148/bpt6k41590822/manifest.json'
For more information check: https://developer.mozilla.org/en-US/docs/Web/HTTP/Status/403",2026-07-17T14:49:12.983094
echoalger,bpt6k4159083g,,failed,0,0,,http_manifest,known,403,manifest,"Client error '403 ' for url 'https://openapiproext.bnf.fr/iiif/presentation/v3/ark:/12148/bpt6k4159083g/manifest.json'
For more information check: https://developer.mozilla.org/en-US/docs/Web/HTTP/Status/403",2026-07-17T14:49:14.279845
echoalger,bpt6k4159084w,,failed,0,0,,http_manifest,known,403,manifest,"Client error '403 ' for url 'https://openapiproext.bnf.fr/iiif/presentation/v3/ark:/12148/bpt6k4159084w/manifest.json'
For more information check: https://developer.mozilla.org/en-US/docs/Web/HTTP/Status/403",2026-07-17T14:49:15.364282
echoalger,bpt6k41590859,,failed,0,0,,http_manifest,known,403,manifest,"Client error '403 ' for url 'https://openapiproext.bnf.fr/iiif/presentation/v3/ark:/12148/bpt6k41590859/manifest.json'
For more information check: https://developer.mozilla.org/en-US/docs/Web/HTTP/Status/403",2026-07-17T14:49:16.593018
echoalger,bpt6k4159086q,,failed,0,0,,http_manifest,known,403,manifest,"Client error '403 ' for url 'https://openapiproext.bnf.fr/iiif/presentation/v3/ark:/12148/bpt6k4159086q/manifest.json'
For more information check: https://developer.mozilla.org/en-US/docs/Web/HTTP/Status/403",2026-07-17T14:49:17.814837
echoalger,bpt6k41590874,,failed,0,0,,http_manifest,known,403,manifest,"Client error '403 ' for url 'https://openapiproext.bnf.fr/iiif/presentation/v3/ark:/12148/bpt6k41590874/manifest.json'
For more information check: https://developer.mozilla.org/en-US/docs/Web/HTTP/Status/403",2026-07-17T14:49:19.100417
echoalger,bpt6k4159088j,,failed,0,0,,http_manifest,known,403,manifest,"Client error '403 ' for url 'https://openapiproext.bnf.fr/iiif/presentation/v3/ark:/12148/bpt6k4159088j/manifest.json'
For more information check: https://developer.mozilla.org/en-US/docs/Web/HTTP/Status/403",2026-07-17T14:49:20.171012
echoalger,bpt6k4159089z,,failed,0,0,,http_manifest,known,403,manifest,"Client error '403 ' for url 'https://openapiproext.bnf.fr/iiif/presentation/v3/ark:/12148/bpt6k4159089z/manifest.json'
For more information check: https://developer.mozilla.org/en-US/docs/Web/HTTP/Status/403",2026-07-17T14:49:21.373242
echoalger,bpt6k4159090m,,failed,0,0,,http_manifest,known,403,manifest,"Client error '403 ' for url 'https://openapiproext.bnf.fr/iiif/presentation/v3/ark:/12148/bpt6k4159090m/manifest.json'
For more information check: https://developer.mozilla.org/en-US/docs/Web/HTTP/Status/403",2026-07-17T14:49:22.594612
echoalger,bpt6k41590911,,failed,0,0,,http_manifest,known,403,manifest,"Client error '403 ' for url 'https://openapiproext.bnf.fr/iiif/presentation/v3/ark:/12148/bpt6k41590911/manifest.json'
For more information check: https://developer.mozilla.org/en-US/docs/Web/HTTP/Status/403",2026-07-17T14:49:23.826749
echoalger,bpt6k4159092f,,failed,0,0,,http_manifest,known,403,manifest,"Client error '403 ' for url 'https://openapiproext.bnf.fr/iiif/presentation/v3/ark:/12148/bpt6k4159092f/manifest.json'
For more information check: https://developer.mozilla.org/en-US/docs/Web/HTTP/Status/403",2026-07-17T14:49:24.978989
echoalger,bpt6k4159093v,,failed,0,0,,http_manifest,known,403,manifest,"Client error '403 ' for url 'https://openapiproext.bnf.fr/iiif/presentation/v3/ark:/12148/bpt6k4159093v/manifest.json'
For more information check: https://developer.mozilla.org/en-US/docs/Web/HTTP/Status/403",2026-07-17T14:49:26.186747
echoalger,bpt6k41590948,,failed,0,0,,http_manifest,known,403,manifest,"Client error '403 ' for url 'https://openapiproext.bnf.fr/iiif/presentation/v3/ark:/12148/bpt6k41590948/manifest.json'
For more information check: https://developer.mozilla.org/en-US/docs/Web/HTTP/Status/403",2026-07-17T14:49:27.416262
echoalger,bpt6k4159095p,,failed,0,0,,http_manifest,known,403,manifest,"Client error '403 ' for url 'https://openapiproext.bnf.fr/iiif/presentation/v3/ark:/12148/bpt6k4159095p/manifest.json'
For more information check: https://developer.mozilla.org/en-US/docs/Web/HTTP/Status/403",2026-07-17T14:49:28.578331
echoalger,bpt6k41590963,,failed,0,0,,http_manifest,known,403,manifest,"Client error '403 ' for url 'https://openapiproext.bnf.fr/iiif/presentation/v3/ark:/12148/bpt6k41590963/manifest.json'
For more information check: https://developer.mozilla.org/en-US/docs/Web/HTTP/Status/403",2026-07-17T14:49:29.788665
echoalger,bpt6k4159097h,,failed,0,0,,http_manifest,known,403,manifest,"Client error '403 ' for url 'https://openapiproext.bnf.fr/iiif/presentation/v3/ark:/12148/bpt6k4159097h/manifest.json'
For more information check: https://developer.mozilla.org/en-US/docs/Web/HTTP/Status/403",2026-07-17T14:49:30.981709
echoalger,bpt6k4159098x,,failed,0,0,,http_manifest,known,403,manifest,"Client error '403 ' for url 'https://openapiproext.bnf.fr/iiif/presentation/v3/ark:/12148/bpt6k4159098x/manifest.json'
For more information check: https://developer.mozilla.org/en-US/docs/Web/HTTP/Status/403",2026-07-17T14:49:32.186472
echoalger,bpt6k4159099b,,failed,0,0,,http_manifest,known,403,manifest,"Client error '403 ' for url 'https://openapiproext.bnf.fr/iiif/presentation/v3/ark:/12148/bpt6k4159099b/manifest.json'
For more information check: https://developer.mozilla.org/en-US/docs/Web/HTTP/Status/403",2026-07-17T14:49:33.388721
echoalger,bpt6k4159100j,,failed,0,0,,http_manifest,known,403,manifest,"Client error '403 ' for url 'https://openapiproext.bnf.fr/iiif/presentation/v3/ark:/12148/bpt6k4159100j/manifest.json'
For more information check: https://developer.mozilla.org/en-US/docs/Web/HTTP/Status/403",2026-07-17T14:49:34.585621
echoalger,bpt6k4159101z,,failed,0,0,,http_manifest,known,403,manifest,"Client error '403 ' for url 'https://openapiproext.bnf.fr/iiif/presentation/v3/ark:/12148/bpt6k4159101z/manifest.json'
For more information check: https://developer.mozilla.org/en-US/docs/Web/HTTP/Status/403",2026-07-17T14:49:35.817442
echoalger,bpt6k4159102c,,failed,0,0,,http_manifest,known,403,manifest,"Client error '403 ' for url 'https://openapiproext.bnf.fr/iiif/presentation/v3/ark:/12148/bpt6k4159102c/manifest.json'
For more information check: https://developer.mozilla.org/en-US/docs/Web/HTTP/Status/403",2026-07-17T14:49:36.988000
echoalger,bpt6k4159103s,,failed,0,0,,http_manifest,known,403,manifest,"Client error '403 ' for url 'https://openapiproext.bnf.fr/iiif/presentation/v3/ark:/12148/bpt6k4159103s/manifest.json'
For more information check: https://developer.mozilla.org/en-US/docs/Web/HTTP/Status/403",2026-07-17T14:49:38.189721
echoalger,bpt6k41591046,,failed,0,0,,http_manifest,known,403,manifest,"Client error '403 ' for url 'https://openapiproext.bnf.fr/iiif/presentation/v3/ark:/12148/bpt6k41591046/manifest.json'
For more information check: https://developer.mozilla.org/en-US/docs/Web/HTTP/Status/403",2026-07-17T14:49:39.391847
echoalger,bpt6k4159105m,,failed,0,0,,http_manifest,known,403,manifest,"Client error '403 ' for url 'https://openapiproext.bnf.fr/iiif/presentation/v3/ark:/12148/bpt6k4159105m/manifest.json'
For more information check: https://developer.mozilla.org/en-US/docs/Web/HTTP/Status/403",2026-07-17T14:49:40.598460
echoalger,bpt6k41591061,,failed,0,0,,http_manifest,known,403,manifest,"Client error '403 ' for url 'https://openapiproext.bnf.fr/iiif/presentation/v3/ark:/12148/bpt6k41591061/manifest.json'
For more information check: https://developer.mozilla.org/en-US/docs/Web/HTTP/Status/403",2026-07-17T14:49:41.796288
echoalger,bpt6k4159107f,,failed,0,0,,http_manifest,known,403,manifest,"Client error '403 ' for url 'https://openapiproext.bnf.fr/iiif/presentation/v3/ark:/12148/bpt6k4159107f/manifest.json'
For more information check: https://developer.mozilla.org/en-US/docs/Web/HTTP/Status/403",2026-07-17T14:49:42.998275
echoalger,bpt6k4159108v,,failed,0,0,,http_manifest,known,403,manifest,"Client error '403 ' for url 'https://openapiproext.bnf.fr/iiif/presentation/v3/ark:/12148/bpt6k4159108v/manifest.json'
For more information check: https://developer.mozilla.org/en-US/docs/Web/HTTP/Status/403",2026-07-17T14:49:44.199934
echoalger,bpt6k41591098,,failed,0,0,,http_manifest,known,403,manifest,"Client error '403 ' for url 'https://openapiproext.bnf.fr/iiif/presentation/v3/ark:/12148/bpt6k41591098/manifest.json'
For more information check: https://developer.mozilla.org/en-US/docs/Web/HTTP/Status/403",2026-07-17T14:49:45.397419
echoalger,bpt6k4159110x,,failed,0,0,,http_manifest,known,403,manifest,"Client error '403 ' for url 'https://openapiproext.bnf.fr/iiif/presentation/v3/ark:/12148/bpt6k4159110x/manifest.json'
For more information check: https://developer.mozilla.org/en-US/docs/Web/HTTP/Status/403",2026-07-17T14:49:46.606378
echoalger,bpt6k4159111b,,failed,0,0,,http_manifest,known,403,manifest,"Client error '403 ' for url 'https://openapiproext.bnf.fr/iiif/presentation/v3/ark:/12148/bpt6k4159111b/manifest.json'
For more information check: https://developer.mozilla.org/en-US/docs/Web/HTTP/Status/403",2026-07-17T14:49:47.827131
echoalger,bpt6k4159112r,,failed,0,0,,http_manifest,known,403,manifest,"Client error '403 ' for url 'https://openapiproext.bnf.fr/iiif/presentation/v3/ark:/12148/bpt6k4159112r/manifest.json'
For more information check: https://developer.mozilla.org/en-US/docs/Web/HTTP/Status/403",2026-07-17T14:49:49.003418
echoalger,bpt6k41591135,,failed,0,0,,http_manifest,known,403,manifest,"Client error '403 ' for url 'https://openapiproext.bnf.fr/iiif/presentation/v3/ark:/12148/bpt6k41591135/manifest.json'
For more information check: https://developer.mozilla.org/en-US/docs/Web/HTTP/Status/403",2026-07-17T14:49:50.208140
echoalger,bpt6k4159114k,,failed,0,0,,http_manifest,known,403,manifest,"Client error '403 ' for url 'https://openapiproext.bnf.fr/iiif/presentation/v3/ark:/12148/bpt6k4159114k/manifest.json'
For more information check: https://developer.mozilla.org/en-US/docs/Web/HTTP/Status/403",2026-07-17T14:49:51.416534
echoalger,bpt6k41591150,,failed,0,0,,http_manifest,known,403,manifest,"Client error '403 ' for url 'https://openapiproext.bnf.fr/iiif/presentation/v3/ark:/12148/bpt6k41591150/manifest.json'
For more information check: https://developer.mozilla.org/en-US/docs/Web/HTTP/Status/403",2026-07-17T14:49:52.611745
echoalger,bpt6k4159116d,,failed,0,0,,http_manifest,known,403,manifest,"Client error '403 ' for url 'https://openapiproext.bnf.fr/iiif/presentation/v3/ark:/12148/bpt6k4159116d/manifest.json'
For more information check: https://developer.mozilla.org/en-US/docs/Web/HTTP/Status/403",2026-07-17T14:49:53.837729
echoalger,bpt6k4159117t,,failed,0,0,,http_manifest,known,403,manifest,"Client error '403 ' for url 'https://openapiproext.bnf.fr/iiif/presentation/v3/ark:/12148/bpt6k4159117t/manifest.json'
For more information check: https://developer.mozilla.org/en-US/docs/Web/HTTP/Status/403",2026-07-17T14:49:55.012233
echoalger,bpt6k41591187,,failed,0,0,,http_manifest,known,403,manifest,"Client error '403 ' for url 'https://openapiproext.bnf.fr/iiif/presentation/v3/ark:/12148/bpt6k41591187/manifest.json'
For more information check: https://developer.mozilla.org/en-US/docs/Web/HTTP/Status/403",2026-07-17T14:49:56.216902
echoalger,bpt6k4159119n,,failed,0,0,,http_manifest,known,403,manifest,"Client error '403 ' for url 'https://openapiproext.bnf.fr/iiif/presentation/v3/ark:/12148/bpt6k4159119n/manifest.json'
For more information check: https://developer.mozilla.org/en-US/docs/Web/HTTP/Status/403",2026-07-17T14:49:57.613209
echoalger,bpt6k41591209,,failed,0,0,,http_manifest,known,403,manifest,"Client error '403 ' for url 'https://openapiproext.bnf.fr/iiif/presentation/v3/ark:/12148/bpt6k41591209/manifest.json'
For more information check: https://developer.mozilla.org/en-US/docs/Web/HTTP/Status/403",2026-07-17T14:49:58.701748
echoalger,bpt6k4159121q,,failed,0,0,,http_manifest,known,403,manifest,"Client error '403 ' for url 'https://openapiproext.bnf.fr/iiif/presentation/v3/ark:/12148/bpt6k4159121q/manifest.json'
For more information check: https://developer.mozilla.org/en-US/docs/Web/HTTP/Status/403",2026-07-17T14:49:59.833720
echoalger,bpt6k41591224,,failed,0,0,,http_manifest,known,403,manifest,"Client error '403 ' for url 'https://openapiproext.bnf.fr/iiif/presentation/v3/ark:/12148/bpt6k41591224/manifest.json'
For more information check: https://developer.mozilla.org/en-US/docs/Web/HTTP/Status/403",2026-07-17T14:50:01.359847
echoalger,bpt6k4159123j,,failed,0,0,,http_manifest,known,403,manifest,"Client error '403 ' for url 'https://openapiproext.bnf.fr/iiif/presentation/v3/ark:/12148/bpt6k4159123j/manifest.json'
For more information check: https://developer.mozilla.org/en-US/docs/Web/HTTP/Status/403",2026-07-17T14:50:02.385697
echoalger,bpt6k4159124z,,failed,0,0,,http_manifest,known,403,manifest,"Client error '403 ' for url 'https://openapiproext.bnf.fr/iiif/presentation/v3/ark:/12148/bpt6k4159124z/manifest.json'
For more information check: https://developer.mozilla.org/en-US/docs/Web/HTTP/Status/403",2026-07-17T14:50:03.433284
echoalger,bpt6k4159125c,,failed,0,0,,http_manifest,known,403,manifest,"Client error '403 ' for url 'https://openapiproext.bnf.fr/iiif/presentation/v3/ark:/12148/bpt6k4159125c/manifest.json'
For more information check: https://developer.mozilla.org/en-US/docs/Web/HTTP/Status/403",2026-07-17T14:50:04.754416
echoalger,bpt6k4159126s,,failed,0,0,,http_manifest,known,403,manifest,"Client error '403 ' for url 'https://openapiproext.bnf.fr/iiif/presentation/v3/ark:/12148/bpt6k4159126s/manifest.json'
For more information check: https://developer.mozilla.org/en-US/docs/Web/HTTP/Status/403",2026-07-17T14:50:06.071107
echoalger,bpt6k41591276,,failed,0,0,,http_manifest,known,403,manifest,"Client error '403 ' for url 'https://openapiproext.bnf.fr/iiif/presentation/v3/ark:/12148/bpt6k41591276/manifest.json'
For more information check: https://developer.mozilla.org/en-US/docs/Web/HTTP/Status/403",2026-07-17T14:50:07.043213
echoalger,bpt6k4159128m,,failed,0,0,,http_manifest,known,403,manifest,"Client error '403 ' for url 'https://openapiproext.bnf.fr/iiif/presentation/v3/ark:/12148/bpt6k4159128m/manifest.json'
For more information check: https://developer.mozilla.org/en-US/docs/Web/HTTP/Status/403",2026-07-17T14:50:08.385428
echoalger,bpt6k41591291,,failed,0,0,,http_manifest,known,403,manifest,"Client error '403 ' for url 'https://openapiproext.bnf.fr/iiif/presentation/v3/ark:/12148/bpt6k41591291/manifest.json'
For more information check: https://developer.mozilla.org/en-US/docs/Web/HTTP/Status/403",2026-07-17T14:50:09.495539
echoalger,bpt6k4159130p,,failed,0,0,,http_manifest,known,403,manifest,"Client error '403 ' for url 'https://openapiproext.bnf.fr/iiif/presentation/v3/ark:/12148/bpt6k4159130p/manifest.json'
For more information check: https://developer.mozilla.org/en-US/docs/Web/HTTP/Status/403",2026-07-17T14:50:10.887545
echoalger,bpt6k41591313,,failed,0,0,,http_manifest,known,403,manifest,"Client error '403 ' for url 'https://openapiproext.bnf.fr/iiif/presentation/v3/ark:/12148/bpt6k41591313/manifest.json'
For more information check: https://developer.mozilla.org/en-US/docs/Web/HTTP/Status/403",2026-07-17T14:50:11.848278
echoalger,bpt6k4159132h,,failed,0,0,,http_manifest,known,403,manifest,"Client error '403 ' for url 'https://openapiproext.bnf.fr/iiif/presentation/v3/ark:/12148/bpt6k4159132h/manifest.json'
For more information check: https://developer.mozilla.org/en-US/docs/Web/HTTP/Status/403",2026-07-17T14:50:13.039030
echoalger,bpt6k4159133x,,failed,0,0,,http_manifest,known,403,manifest,"Client error '403 ' for url 'https://openapiproext.bnf.fr/iiif/presentation/v3/ark:/12148/bpt6k4159133x/manifest.json'
For more information check: https://developer.mozilla.org/en-US/docs/Web/HTTP/Status/403",2026-07-17T14:50:14.274850
echoalger,bpt6k4159134b,,failed,0,0,,http_manifest,known,403,manifest,"Client error '403 ' for url 'https://openapiproext.bnf.fr/iiif/presentation/v3/ark:/12148/bpt6k4159134b/manifest.json'
For more information check: https://developer.mozilla.org/en-US/docs/Web/HTTP/Status/403",2026-07-17T14:50:15.541325
echoalger,bpt6k4159135r,,failed,0,0,,http_manifest,known,403,manifest,"Client error '403 ' for url 'https://openapiproext.bnf.fr/iiif/presentation/v3/ark:/12148/bpt6k4159135r/manifest.json'
For more information check: https://developer.mozilla.org/en-US/docs/Web/HTTP/Status/403",2026-07-17T14:50:16.645471
echoalger,bpt6k41591365,,failed,0,0,,http_manifest,known,403,manifest,"Client error '403 ' for url 'https://openapiproext.bnf.fr/iiif/presentation/v3/ark:/12148/bpt6k41591365/manifest.json'
For more information check: https://developer.mozilla.org/en-US/docs/Web/HTTP/Status/403",2026-07-17T14:50:17.870749
echoalger,bpt6k4159137k,,failed,0,0,,http_manifest,known,403,manifest,"Client error '403 ' for url 'https://openapiproext.bnf.fr/iiif/presentation/v3/ark:/12148/bpt6k4159137k/manifest.json'
For more information check: https://developer.mozilla.org/en-US/docs/Web/HTTP/Status/403",2026-07-17T14:50:19.056118
echoalger,bpt6k41591380,,failed,0,0,,http_manifest,known,403,manifest,"Client error '403 ' for url 'https://openapiproext.bnf.fr/iiif/presentation/v3/ark:/12148/bpt6k41591380/manifest.json'
For more information check: https://developer.mozilla.org/en-US/docs/Web/HTTP/Status/403",2026-07-17T14:50:20.253533
echoalger,bpt6k4159139d,,failed,0,0,,http_manifest,known,403,manifest,"Client error '403 ' for url 'https://openapiproext.bnf.fr/iiif/presentation/v3/ark:/12148/bpt6k4159139d/manifest.json'
For more information check: https://developer.mozilla.org/en-US/docs/Web/HTTP/Status/403",2026-07-17T14:50:21.454268
echoalger,bpt6k41591402,,failed,0,0,,http_manifest,known,403,manifest,"Client error '403 ' for url 'https://openapiproext.bnf.fr/iiif/presentation/v3/ark:/12148/bpt6k41591402/manifest.json'
For more information check: https://developer.mozilla.org/en-US/docs/Web/HTTP/Status/403",2026-07-17T14:50:22.651183
echoalger,bpt6k4159141g,,failed,0,0,,http_manifest,known,403,manifest,"Client error '403 ' for url 'https://openapiproext.bnf.fr/iiif/presentation/v3/ark:/12148/bpt6k4159141g/manifest.json'
For more information check: https://developer.mozilla.org/en-US/docs/Web/HTTP/Status/403",2026-07-17T14:50:23.879534
echoalger,bpt6k4159142w,,failed,0,0,,http_manifest,known,403,manifest,"Client error '403 ' for url 'https://openapiproext.bnf.fr/iiif/presentation/v3/ark:/12148/bpt6k4159142w/manifest.json'
For more information check: https://developer.mozilla.org/en-US/docs/Web/HTTP/Status/403",2026-07-17T14:50:25.059051
echoalger,bpt6k41591439,,failed,0,0,,http_manifest,known,403,manifest,"Client error '403 ' for url 'https://openapiproext.bnf.fr/iiif/presentation/v3/ark:/12148/bpt6k41591439/manifest.json'
For more information check: https://developer.mozilla.org/en-US/docs/Web/HTTP/Status/403",2026-07-17T14:50:26.287949
echoalger,bpt6k4159144q,,failed,0,0,,http_manifest,known,403,manifest,"Client error '403 ' for url 'https://openapiproext.bnf.fr/iiif/presentation/v3/ark:/12148/bpt6k4159144q/manifest.json'
For more information check: https://developer.mozilla.org/en-US/docs/Web/HTTP/Status/403",2026-07-17T14:50:27.459847
echoalger,bpt6k41591454,,failed,0,0,,http_manifest,known,403,manifest,"Client error '403 ' for url 'https://openapiproext.bnf.fr/iiif/presentation/v3/ark:/12148/bpt6k41591454/manifest.json'
For more information check: https://developer.mozilla.org/en-US/docs/Web/HTTP/Status/403",2026-07-17T14:50:28.659996
echoalger,bpt6k4159146j,,failed,0,0,,http_manifest,known,403,manifest,"Client error '403 ' for url 'https://openapiproext.bnf.fr/iiif/presentation/v3/ark:/12148/bpt6k4159146j/manifest.json'
For more information check: https://developer.mozilla.org/en-US/docs/Web/HTTP/Status/403",2026-07-17T14:50:29.866505
echoalger,bpt6k4159147z,,failed,0,0,,http_manifest,known,403,manifest,"Client error '403 ' for url 'https://openapiproext.bnf.fr/iiif/presentation/v3/ark:/12148/bpt6k4159147z/manifest.json'
For more information check: https://developer.mozilla.org/en-US/docs/Web/HTTP/Status/403",2026-07-17T14:50:31.066519
echoalger,bpt6k4159148c,,failed,0,0,,http_manifest,known,403,manifest,"Client error '403 ' for url 'https://openapiproext.bnf.fr/iiif/presentation/v3/ark:/12148/bpt6k4159148c/manifest.json'
For more information check: https://developer.mozilla.org/en-US/docs/Web/HTTP/Status/403",2026-07-17T14:50:32.269362
echoalger,bpt6k4159149s,,failed,0,0,,http_manifest,known,403,manifest,"Client error '403 ' for url 'https://openapiproext.bnf.fr/iiif/presentation/v3/ark:/12148/bpt6k4159149s/manifest.json'
For more information check: https://developer.mozilla.org/en-US/docs/Web/HTTP/Status/403",2026-07-17T14:50:33.470699
echoalger,bpt6k4159150f,,failed,0,0,,http_manifest,known,403,manifest,"Client error '403 ' for url 'https://openapiproext.bnf.fr/iiif/presentation/v3/ark:/12148/bpt6k4159150f/manifest.json'
For more information check: https://developer.mozilla.org/en-US/docs/Web/HTTP/Status/403",2026-07-17T14:50:34.684489
echoalger,bpt6k4159151v,,failed,0,0,,http_manifest,known,403,manifest,"Client error '403 ' for url 'https://openapiproext.bnf.fr/iiif/presentation/v3/ark:/12148/bpt6k4159151v/manifest.json'
For more information check: https://developer.mozilla.org/en-US/docs/Web/HTTP/Status/403",2026-07-17T14:50:35.899362
echoalger,bpt6k41591528,,failed,0,0,,http_manifest,known,403,manifest,"Client error '403 ' for url 'https://openapiproext.bnf.fr/iiif/presentation/v3/ark:/12148/bpt6k41591528/manifest.json'
For more information check: https://developer.mozilla.org/en-US/docs/Web/HTTP/Status/403",2026-07-17T14:50:37.070779
echoalger,bpt6k4159153p,,failed,0,0,,http_manifest,known,403,manifest,"Client error '403 ' for url 'https://openapiproext.bnf.fr/iiif/presentation/v3/ark:/12148/bpt6k4159153p/manifest.json'
For more information check: https://developer.mozilla.org/en-US/docs/Web/HTTP/Status/403",2026-07-17T14:50:38.281631
echoalger,bpt6k41591543,,failed,0,0,,http_manifest,known,403,manifest,"Client error '403 ' for url 'https://openapiproext.bnf.fr/iiif/presentation/v3/ark:/12148/bpt6k41591543/manifest.json'
For more information check: https://developer.mozilla.org/en-US/docs/Web/HTTP/Status/403",2026-07-17T14:50:39.477266
echoalger,bpt6k4159155h,,failed,0,0,,http_manifest,known,403,manifest,"Client error '403 ' for url 'https://openapiproext.bnf.fr/iiif/presentation/v3/ark:/12148/bpt6k4159155h/manifest.json'
For more information check: https://developer.mozilla.org/en-US/docs/Web/HTTP/Status/403",2026-07-17T14:50:40.713668
echoalger,bpt6k4159156x,,failed,0,0,,http_manifest,known,403,manifest,"Client error '403 ' for url 'https://openapiproext.bnf.fr/iiif/presentation/v3/ark:/12148/bpt6k4159156x/manifest.json'
For more information check: https://developer.mozilla.org/en-US/docs/Web/HTTP/Status/403",2026-07-17T14:50:41.883554
echoalger,bpt6k4159157b,,failed,0,0,,http_manifest,known,403,manifest,"Client error '403 ' for url 'https://openapiproext.bnf.fr/iiif/presentation/v3/ark:/12148/bpt6k4159157b/manifest.json'
For more information check: https://developer.mozilla.org/en-US/docs/Web/HTTP/Status/403",2026-07-17T14:50:43.083468
echoalger,bpt6k4159158r,,failed,0,0,,http_manifest,known,403,manifest,"Client error '403 ' for url 'https://openapiproext.bnf.fr/iiif/presentation/v3/ark:/12148/bpt6k4159158r/manifest.json'
For more information check: https://developer.mozilla.org/en-US/docs/Web/HTTP/Status/403",2026-07-17T14:50:44.288827
echoalger,bpt6k41591595,,failed,0,0,,http_manifest,known,403,manifest,"Client error '403 ' for url 'https://openapiproext.bnf.fr/iiif/presentation/v3/ark:/12148/bpt6k41591595/manifest.json'
For more information check: https://developer.mozilla.org/en-US/docs/Web/HTTP/Status/403",2026-07-17T14:50:45.487693
echoalger,bpt6k4159160t,,failed,0,0,,http_manifest,known,403,manifest,"Client error '403 ' for url 'https://openapiproext.bnf.fr/iiif/presentation/v3/ark:/12148/bpt6k4159160t/manifest.json'
For more information check: https://developer.mozilla.org/en-US/docs/Web/HTTP/Status/403",2026-07-17T14:50:46.687601
echoalger,bpt6k41591617,,failed,0,0,,http_manifest,known,403,manifest,"Client error '403 ' for url 'https://openapiproext.bnf.fr/iiif/presentation/v3/ark:/12148/bpt6k41591617/manifest.json'
For more information check: https://developer.mozilla.org/en-US/docs/Web/HTTP/Status/403",2026-07-17T14:50:47.917372
echoalger,bpt6k4159162n,,failed,0,0,,http_manifest,known,403,manifest,"Client error '403 ' for url 'https://openapiproext.bnf.fr/iiif/presentation/v3/ark:/12148/bpt6k4159162n/manifest.json'
For more information check: https://developer.mozilla.org/en-US/docs/Web/HTTP/Status/403",2026-07-17T14:50:49.091842
echoalger,bpt6k41591632,,failed,0,0,,http_manifest,known,403,manifest,"Client error '403 ' for url 'https://openapiproext.bnf.fr/iiif/presentation/v3/ark:/12148/bpt6k41591632/manifest.json'
For more information check: https://developer.mozilla.org/en-US/docs/Web/HTTP/Status/403",2026-07-17T14:50:50.295441
echoalger,bpt6k4159164g,,failed,0,0,,http_manifest,known,403,manifest,"Client error '403 ' for url 'https://openapiproext.bnf.fr/iiif/presentation/v3/ark:/12148/bpt6k4159164g/manifest.json'
For more information check: https://developer.mozilla.org/en-US/docs/Web/HTTP/Status/403",2026-07-17T14:50:51.497725
echoalger,bpt6k4159165w,,failed,0,0,,http_manifest,known,403,manifest,"Client error '403 ' for url 'https://openapiproext.bnf.fr/iiif/presentation/v3/ark:/12148/bpt6k4159165w/manifest.json'
For more information check: https://developer.mozilla.org/en-US/docs/Web/HTTP/Status/403",2026-07-17T14:50:52.699534
echoalger,bpt6k41591669,,failed,0,0,,http_manifest,known,403,manifest,"Client error '403 ' for url 'https://openapiproext.bnf.fr/iiif/presentation/v3/ark:/12148/bpt6k41591669/manifest.json'
For more information check: https://developer.mozilla.org/en-US/docs/Web/HTTP/Status/403",2026-07-17T14:50:53.915069
echoalger,bpt6k4159167q,,failed,0,0,,http_manifest,known,403,manifest,"Client error '403 ' for url 'https://openapiproext.bnf.fr/iiif/presentation/v3/ark:/12148/bpt6k4159167q/manifest.json'
For more information check: https://developer.mozilla.org/en-US/docs/Web/HTTP/Status/403",2026-07-17T14:50:55.103988
echoalger,bpt6k41591684,,failed,0,0,,http_manifest,known,403,manifest,"Client error '403 ' for url 'https://openapiproext.bnf.fr/iiif/presentation/v3/ark:/12148/bpt6k41591684/manifest.json'
For more information check: https://developer.mozilla.org/en-US/docs/Web/HTTP/Status/403",2026-07-17T14:50:56.303340
echoalger,bpt6k4159169j,,failed,0,0,,http_manifest,known,403,manifest,"Client error '403 ' for url 'https://openapiproext.bnf.fr/iiif/presentation/v3/ark:/12148/bpt6k4159169j/manifest.json'
For more information check: https://developer.mozilla.org/en-US/docs/Web/HTTP/Status/403",2026-07-17T14:50:57.735749
echoalger,bpt6k41591706,,failed,0,0,,http_manifest,known,403,manifest,"Client error '403 ' for url 'https://openapiproext.bnf.fr/iiif/presentation/v3/ark:/12148/bpt6k41591706/manifest.json'
For more information check: https://developer.mozilla.org/en-US/docs/Web/HTTP/Status/403",2026-07-17T14:50:58.748612
echoalger,bpt6k4159171m,,failed,0,0,,http_manifest,known,403,manifest,"Client error '403 ' for url 'https://openapiproext.bnf.fr/iiif/presentation/v3/ark:/12148/bpt6k4159171m/manifest.json'
For more information check: https://developer.mozilla.org/en-US/docs/Web/HTTP/Status/403",2026-07-17T14:51:00.003667
echoalger,bpt6k41591721,,failed,0,0,,http_manifest,known,403,manifest,"Client error '403 ' for url 'https://openapiproext.bnf.fr/iiif/presentation/v3/ark:/12148/bpt6k41591721/manifest.json'
For more information check: https://developer.mozilla.org/en-US/docs/Web/HTTP/Status/403",2026-07-17T14:51:01.311049
echoalger,bpt6k4159173f,,failed,0,0,,http_manifest,known,403,manifest,"Client error '403 ' for url 'https://openapiproext.bnf.fr/iiif/presentation/v3/ark:/12148/bpt6k4159173f/manifest.json'
For more information check: https://developer.mozilla.org/en-US/docs/Web/HTTP/Status/403",2026-07-17T14:51:02.438050
echoalger,bpt6k4159174v,,failed,0,0,,http_manifest,known,403,manifest,"Client error '403 ' for url 'https://openapiproext.bnf.fr/iiif/presentation/v3/ark:/12148/bpt6k4159174v/manifest.json'
For more information check: https://developer.mozilla.org/en-US/docs/Web/HTTP/Status/403",2026-07-17T14:51:03.515094
echoalger,bpt6k41591758,,failed,0,0,,http_manifest,known,403,manifest,"Client error '403 ' for url 'https://openapiproext.bnf.fr/iiif/presentation/v3/ark:/12148/bpt6k41591758/manifest.json'
For more information check: https://developer.mozilla.org/en-US/docs/Web/HTTP/Status/403",2026-07-17T14:51:04.849946
echoalger,bpt6k4159176p,,failed,0,0,,http_manifest,known,403,manifest,"Client error '403 ' for url 'https://openapiproext.bnf.fr/iiif/presentation/v3/ark:/12148/bpt6k4159176p/manifest.json'
For more information check: https://developer.mozilla.org/en-US/docs/Web/HTTP/Status/403",2026-07-17T14:51:06.005700
echoalger,bpt6k41591773,,failed,0,0,,http_manifest,known,403,manifest,"Client error '403 ' for url 'https://openapiproext.bnf.fr/iiif/presentation/v3/ark:/12148/bpt6k41591773/manifest.json'
For more information check: https://developer.mozilla.org/en-US/docs/Web/HTTP/Status/403",2026-07-17T14:51:07.140164
echoalger,bpt6k4159178h,,failed,0,0,,http_manifest,known,403,manifest,"Client error '403 ' for url 'https://openapiproext.bnf.fr/iiif/presentation/v3/ark:/12148/bpt6k4159178h/manifest.json'
For more information check: https://developer.mozilla.org/en-US/docs/Web/HTTP/Status/403",2026-07-17T14:51:08.319847
echoalger,bpt6k4159179x,,failed,0,0,,http_manifest,known,403,manifest,"Client error '403 ' for url 'https://openapiproext.bnf.fr/iiif/presentation/v3/ark:/12148/bpt6k4159179x/manifest.json'
For more information check: https://developer.mozilla.org/en-US/docs/Web/HTTP/Status/403",2026-07-17T14:51:09.524436
echoalger,bpt6k4159180k,,failed,0,0,,http_manifest,known,403,manifest,"Client error '403 ' for url 'https://openapiproext.bnf.fr/iiif/presentation/v3/ark:/12148/bpt6k4159180k/manifest.json'
For more information check: https://developer.mozilla.org/en-US/docs/Web/HTTP/Status/403",2026-07-17T14:51:10.725305
echoalger,bpt6k41591810,,failed,0,0,,http_manifest,known,403,manifest,"Client error '403 ' for url 'https://openapiproext.bnf.fr/iiif/presentation/v3/ark:/12148/bpt6k41591810/manifest.json'
For more information check: https://developer.mozilla.org/en-US/docs/Web/HTTP/Status/403",2026-07-17T14:51:11.933455
echoalger,bpt6k4159182d,,failed,0,0,,http_manifest,known,403,manifest,"Client error '403 ' for url 'https://openapiproext.bnf.fr/iiif/presentation/v3/ark:/12148/bpt6k4159182d/manifest.json'
For more information check: https://developer.mozilla.org/en-US/docs/Web/HTTP/Status/403",2026-07-17T14:51:13.126478
echoalger,bpt6k4159183t,,failed,0,0,,http_manifest,known,403,manifest,"Client error '403 ' for url 'https://openapiproext.bnf.fr/iiif/presentation/v3/ark:/12148/bpt6k4159183t/manifest.json'
For more information check: https://developer.mozilla.org/en-US/docs/Web/HTTP/Status/403",2026-07-17T14:51:14.327143
echoalger,bpt6k41591847,,failed,0,0,,http_manifest,known,403,manifest,"Client error '403 ' for url 'https://openapiproext.bnf.fr/iiif/presentation/v3/ark:/12148/bpt6k41591847/manifest.json'
For more information check: https://developer.mozilla.org/en-US/docs/Web/HTTP/Status/403",2026-07-17T14:51:15.534317
echoalger,bpt6k4159185n,,failed,0,0,,http_manifest,known,403,manifest,"Client error '403 ' for url 'https://openapiproext.bnf.fr/iiif/presentation/v3/ark:/12148/bpt6k4159185n/manifest.json'
For more information check: https://developer.mozilla.org/en-US/docs/Web/HTTP/Status/403",2026-07-17T14:51:16.731837
echoalger,bpt6k41591862,,failed,0,0,,http_manifest,known,403,manifest,"Client error '403 ' for url 'https://openapiproext.bnf.fr/iiif/presentation/v3/ark:/12148/bpt6k41591862/manifest.json'
For more information check: https://developer.mozilla.org/en-US/docs/Web/HTTP/Status/403",2026-07-17T14:51:17.940671
echoalger,bpt6k4159187g,,failed,0,0,,http_manifest,known,403,manifest,"Client error '403 ' for url 'https://openapiproext.bnf.fr/iiif/presentation/v3/ark:/12148/bpt6k4159187g/manifest.json'
For more information check: https://developer.mozilla.org/en-US/docs/Web/HTTP/Status/403",2026-07-17T14:51:19.132427
echoalger,bpt6k4159188w,,failed,0,0,,http_manifest,known,403,manifest,"Client error '403 ' for url 'https://openapiproext.bnf.fr/iiif/presentation/v3/ark:/12148/bpt6k4159188w/manifest.json'
For more information check: https://developer.mozilla.org/en-US/docs/Web/HTTP/Status/403",2026-07-17T14:51:20.333915
echoalger,bpt6k41591899,,failed,0,0,,http_manifest,known,403,manifest,"Client error '403 ' for url 'https://openapiproext.bnf.fr/iiif/presentation/v3/ark:/12148/bpt6k41591899/manifest.json'
For more information check: https://developer.mozilla.org/en-US/docs/Web/HTTP/Status/403",2026-07-17T14:51:21.533107
echoalger,bpt6k4159190z,,failed,0,0,,http_manifest,known,403,manifest,"Client error '403 ' for url 'https://openapiproext.bnf.fr/iiif/presentation/v3/ark:/12148/bpt6k4159190z/manifest.json'
For more information check: https://developer.mozilla.org/en-US/docs/Web/HTTP/Status/403",2026-07-17T14:51:22.734916
echoalger,bpt6k4159191c,,failed,0,0,,http_manifest,known,403,manifest,"Client error '403 ' for url 'https://openapiproext.bnf.fr/iiif/presentation/v3/ark:/12148/bpt6k4159191c/manifest.json'
For more information check: https://developer.mozilla.org/en-US/docs/Web/HTTP/Status/403",2026-07-17T14:51:23.947438
echoalger,bpt6k4159192s,,failed,0,0,,http_manifest,known,403,manifest,"Client error '403 ' for url 'https://openapiproext.bnf.fr/iiif/presentation/v3/ark:/12148/bpt6k4159192s/manifest.json'
For more information check: https://developer.mozilla.org/en-US/docs/Web/HTTP/Status/403",2026-07-17T14:51:25.138022
echoalger,bpt6k41591936,,failed,0,0,,http_manifest,known,403,manifest,"Client error '403 ' for url 'https://openapiproext.bnf.fr/iiif/presentation/v3/ark:/12148/bpt6k41591936/manifest.json'
For more information check: https://developer.mozilla.org/en-US/docs/Web/HTTP/Status/403",2026-07-17T14:51:26.338839
echoalger,bpt6k4159194m,,failed,0,0,,http_manifest,known,403,manifest,"Client error '403 ' for url 'https://openapiproext.bnf.fr/iiif/presentation/v3/ark:/12148/bpt6k4159194m/manifest.json'
For more information check: https://developer.mozilla.org/en-US/docs/Web/HTTP/Status/403",2026-07-17T14:51:27.542968
echoalger,bpt6k41591951,,failed,0,0,,http_manifest,known,403,manifest,"Client error '403 ' for url 'https://openapiproext.bnf.fr/iiif/presentation/v3/ark:/12148/bpt6k41591951/manifest.json'
For more information check: https://developer.mozilla.org/en-US/docs/Web/HTTP/Status/403",2026-07-17T14:51:28.741745
echoalger,bpt6k4159196f,,failed,0,0,,http_manifest,known,403,manifest,"Client error '403 ' for url 'https://openapiproext.bnf.fr/iiif/presentation/v3/ark:/12148/bpt6k4159196f/manifest.json'
For more information check: https://developer.mozilla.org/en-US/docs/Web/HTTP/Status/403",2026-07-17T14:51:29.969147
echoalger,bpt6k4159197v,,failed,0,0,,http_manifest,known,403,manifest,"Client error '403 ' for url 'https://openapiproext.bnf.fr/iiif/presentation/v3/ark:/12148/bpt6k4159197v/manifest.json'
For more information check: https://developer.mozilla.org/en-US/docs/Web/HTTP/Status/403",2026-07-17T14:51:31.150292
echoalger,bpt6k41591988,,failed,0,0,,http_manifest,known,403,manifest,"Client error '403 ' for url 'https://openapiproext.bnf.fr/iiif/presentation/v3/ark:/12148/bpt6k41591988/manifest.json'
For more information check: https://developer.mozilla.org/en-US/docs/Web/HTTP/Status/403",2026-07-17T14:51:32.349698
echoalger,bpt6k4159199p,,failed,0,0,,http_manifest,known,403,manifest,"Client error '403 ' for url 'https://openapiproext.bnf.fr/iiif/presentation/v3/ark:/12148/bpt6k4159199p/manifest.json'
For more information check: https://developer.mozilla.org/en-US/docs/Web/HTTP/Status/403",2026-07-17T14:51:33.592889
echoalger,bpt6k4159200w,,failed,0,0,,http_manifest,known,403,manifest,"Client error '403 ' for url 'https://openapiproext.bnf.fr/iiif/presentation/v3/ark:/12148/bpt6k4159200w/manifest.json'
For more information check: https://developer.mozilla.org/en-US/docs/Web/HTTP/Status/403",2026-07-17T14:51:34.753344
echoalger,bpt6k41592019,,failed,0,0,,http_manifest,known,403,manifest,"Client error '403 ' for url 'https://openapiproext.bnf.fr/iiif/presentation/v3/ark:/12148/bpt6k41592019/manifest.json'
For more information check: https://developer.mozilla.org/en-US/docs/Web/HTTP/Status/403",2026-07-17T14:51:35.956104
echoalger,bpt6k4159202q,,failed,0,0,,http_manifest,known,403,manifest,"Client error '403 ' for url 'https://openapiproext.bnf.fr/iiif/presentation/v3/ark:/12148/bpt6k4159202q/manifest.json'
For more information check: https://developer.mozilla.org/en-US/docs/Web/HTTP/Status/403",2026-07-17T14:51:37.159830
echoalger,bpt6k41592034,,failed,0,0,,http_manifest,known,403,manifest,"Client error '403 ' for url 'https://openapiproext.bnf.fr/iiif/presentation/v3/ark:/12148/bpt6k41592034/manifest.json'
For more information check: https://developer.mozilla.org/en-US/docs/Web/HTTP/Status/403",2026-07-17T14:51:38.359579
echoalger,bpt6k4159204j,,failed,0,0,,http_manifest,known,403,manifest,"Client error '403 ' for url 'https://openapiproext.bnf.fr/iiif/presentation/v3/ark:/12148/bpt6k4159204j/manifest.json'
For more information check: https://developer.mozilla.org/en-US/docs/Web/HTTP/Status/403",2026-07-17T14:51:39.563937
echoalger,bpt6k4159205z,,failed,0,0,,http_manifest,known,403,manifest,"Client error '403 ' for url 'https://openapiproext.bnf.fr/iiif/presentation/v3/ark:/12148/bpt6k4159205z/manifest.json'
For more information check: https://developer.mozilla.org/en-US/docs/Web/HTTP/Status/403",2026-07-17T14:51:40.761879
echoalger,bpt6k4159206c,,failed,0,0,,http_manifest,known,403,manifest,"Client error '403 ' for url 'https://openapiproext.bnf.fr/iiif/presentation/v3/ark:/12148/bpt6k4159206c/manifest.json'
For more information check: https://developer.mozilla.org/en-US/docs/Web/HTTP/Status/403",2026-07-17T14:51:41.962944
echoalger,bpt6k4159207s,,failed,0,0,,http_manifest,known,403,manifest,"Client error '403 ' for url 'https://openapiproext.bnf.fr/iiif/presentation/v3/ark:/12148/bpt6k4159207s/manifest.json'
For more information check: https://developer.mozilla.org/en-US/docs/Web/HTTP/Status/403",2026-07-17T14:51:43.198091
echoalger,bpt6k41592086,,failed,0,0,,http_manifest,known,403,manifest,"Client error '403 ' for url 'https://openapiproext.bnf.fr/iiif/presentation/v3/ark:/12148/bpt6k41592086/manifest.json'
For more information check: https://developer.mozilla.org/en-US/docs/Web/HTTP/Status/403",2026-07-17T14:51:44.365580
echoalger,bpt6k4159209m,,failed,0,0,,http_manifest,known,403,manifest,"Client error '403 ' for url 'https://openapiproext.bnf.fr/iiif/presentation/v3/ark:/12148/bpt6k4159209m/manifest.json'
For more information check: https://developer.mozilla.org/en-US/docs/Web/HTTP/Status/403",2026-07-17T14:51:45.595196
echoalger,bpt6k41592108,,failed,0,0,,http_manifest,known,403,manifest,"Client error '403 ' for url 'https://openapiproext.bnf.fr/iiif/presentation/v3/ark:/12148/bpt6k41592108/manifest.json'
For more information check: https://developer.mozilla.org/en-US/docs/Web/HTTP/Status/403",2026-07-17T14:51:46.770184
echoalger,bpt6k4159211p,,failed,0,0,,http_manifest,known,403,manifest,"Client error '403 ' for url 'https://openapiproext.bnf.fr/iiif/presentation/v3/ark:/12148/bpt6k4159211p/manifest.json'
For more information check: https://developer.mozilla.org/en-US/docs/Web/HTTP/Status/403",2026-07-17T14:51:47.970718
echoalger,bpt6k41592123,,failed,0,0,,http_manifest,known,403,manifest,"Client error '403 ' for url 'https://openapiproext.bnf.fr/iiif/presentation/v3/ark:/12148/bpt6k41592123/manifest.json'
For more information check: https://developer.mozilla.org/en-US/docs/Web/HTTP/Status/403",2026-07-17T14:51:49.180578
echoalger,bpt6k4159213h,,failed,0,0,,http_manifest,known,403,manifest,"Client error '403 ' for url 'https://openapiproext.bnf.fr/iiif/presentation/v3/ark:/12148/bpt6k4159213h/manifest.json'
For more information check: https://developer.mozilla.org/en-US/docs/Web/HTTP/Status/403",2026-07-17T14:51:50.374834
echoalger,bpt6k4159214x,,failed,0,0,,http_manifest,known,403,manifest,"Client error '403 ' for url 'https://openapiproext.bnf.fr/iiif/presentation/v3/ark:/12148/bpt6k4159214x/manifest.json'
For more information check: https://developer.mozilla.org/en-US/docs/Web/HTTP/Status/403",2026-07-17T14:51:51.579885
echoalger,bpt6k4159215b,,failed,0,0,,http_manifest,known,403,manifest,"Client error '403 ' for url 'https://openapiproext.bnf.fr/iiif/presentation/v3/ark:/12148/bpt6k4159215b/manifest.json'
For more information check: https://developer.mozilla.org/en-US/docs/Web/HTTP/Status/403",2026-07-17T14:51:52.782270
echoalger,bpt6k4159216r,,failed,0,0,,http_manifest,known,403,manifest,"Client error '403 ' for url 'https://openapiproext.bnf.fr/iiif/presentation/v3/ark:/12148/bpt6k4159216r/manifest.json'
For more information check: https://developer.mozilla.org/en-US/docs/Web/HTTP/Status/403",2026-07-17T14:51:53.979871
echoalger,bpt6k41592175,,failed,0,0,,http_manifest,known,403,manifest,"Client error '403 ' for url 'https://openapiproext.bnf.fr/iiif/presentation/v3/ark:/12148/bpt6k41592175/manifest.json'
For more information check: https://developer.mozilla.org/en-US/docs/Web/HTTP/Status/403",2026-07-17T14:51:55.180608
echoalger,bpt6k4159218k,,failed,0,0,,http_manifest,known,403,manifest,"Client error '403 ' for url 'https://openapiproext.bnf.fr/iiif/presentation/v3/ark:/12148/bpt6k4159218k/manifest.json'
For more information check: https://developer.mozilla.org/en-US/docs/Web/HTTP/Status/403",2026-07-17T14:51:56.385330
echoalger,bpt6k41592190,,failed,0,0,,http_manifest,known,403,manifest,"Client error '403 ' for url 'https://openapiproext.bnf.fr/iiif/presentation/v3/ark:/12148/bpt6k41592190/manifest.json'
For more information check: https://developer.mozilla.org/en-US/docs/Web/HTTP/Status/403",2026-07-17T14:51:57.614467
echoalger,bpt6k4159220n,,failed,0,0,,http_manifest,known,403,manifest,"Client error '403 ' for url 'https://openapiproext.bnf.fr/iiif/presentation/v3/ark:/12148/bpt6k4159220n/manifest.json'
For more information check: https://developer.mozilla.org/en-US/docs/Web/HTTP/Status/403",2026-07-17T14:51:58.790858
echoalger,bpt6k41592212,,failed,0,0,,http_manifest,known,403,manifest,"Client error '403 ' for url 'https://openapiproext.bnf.fr/iiif/presentation/v3/ark:/12148/bpt6k41592212/manifest.json'
For more information check: https://developer.mozilla.org/en-US/docs/Web/HTTP/Status/403",2026-07-17T14:51:59.999663
echoalger,bpt6k4159222g,,failed,0,0,,http_manifest,known,403,manifest,"Client error '403 ' for url 'https://openapiproext.bnf.fr/iiif/presentation/v3/ark:/12148/bpt6k4159222g/manifest.json'
For more information check: https://developer.mozilla.org/en-US/docs/Web/HTTP/Status/403",2026-07-17T14:52:01.266903
echoalger,bpt6k4159223w,,failed,0,0,,http_manifest,known,403,manifest,"Client error '403 ' for url 'https://openapiproext.bnf.fr/iiif/presentation/v3/ark:/12148/bpt6k4159223w/manifest.json'
For more information check: https://developer.mozilla.org/en-US/docs/Web/HTTP/Status/403",2026-07-17T14:52:02.493826
echoalger,bpt6k41592249,,failed,0,0,,http_manifest,known,403,manifest,"Client error '403 ' for url 'https://openapiproext.bnf.fr/iiif/presentation/v3/ark:/12148/bpt6k41592249/manifest.json'
For more information check: https://developer.mozilla.org/en-US/docs/Web/HTTP/Status/403",2026-07-17T14:52:03.792283
echoalger,bpt6k4159225q,,failed,0,0,,http_manifest,known,403,manifest,"Client error '403 ' for url 'https://openapiproext.bnf.fr/iiif/presentation/v3/ark:/12148/bpt6k4159225q/manifest.json'
For more information check: https://developer.mozilla.org/en-US/docs/Web/HTTP/Status/403",2026-07-17T14:52:04.795390
echoalger,bpt6k41592264,,failed,0,0,,http_manifest,known,403,manifest,"Client error '403 ' for url 'https://openapiproext.bnf.fr/iiif/presentation/v3/ark:/12148/bpt6k41592264/manifest.json'
For more information check: https://developer.mozilla.org/en-US/docs/Web/HTTP/Status/403",2026-07-17T14:52:06.178830
echoalger,bpt6k4159227j,,failed,0,0,,http_manifest,known,403,manifest,"Client error '403 ' for url 'https://openapiproext.bnf.fr/iiif/presentation/v3/ark:/12148/bpt6k4159227j/manifest.json'
For more information check: https://developer.mozilla.org/en-US/docs/Web/HTTP/Status/403",2026-07-17T14:52:07.200322
echoalger,bpt6k4159228z,,failed,0,0,,http_manifest,known,403,manifest,"Client error '403 ' for url 'https://openapiproext.bnf.fr/iiif/presentation/v3/ark:/12148/bpt6k4159228z/manifest.json'
For more information check: https://developer.mozilla.org/en-US/docs/Web/HTTP/Status/403",2026-07-17T14:52:08.401601
echoalger,bpt6k4159229c,,failed,0,0,,http_manifest,known,403,manifest,"Client error '403 ' for url 'https://openapiproext.bnf.fr/iiif/presentation/v3/ark:/12148/bpt6k4159229c/manifest.json'
For more information check: https://developer.mozilla.org/en-US/docs/Web/HTTP/Status/403",2026-07-17T14:52:09.603928
echoalger,bpt6k41592301,,failed,0,0,,http_manifest,known,403,manifest,"Client error '403 ' for url 'https://openapiproext.bnf.fr/iiif/presentation/v3/ark:/12148/bpt6k41592301/manifest.json'
For more information check: https://developer.mozilla.org/en-US/docs/Web/HTTP/Status/403",2026-07-17T14:52:10.826581
echoalger,bpt6k4159231f,,failed,0,0,,http_manifest,known,403,manifest,"Client error '403 ' for url 'https://openapiproext.bnf.fr/iiif/presentation/v3/ark:/12148/bpt6k4159231f/manifest.json'
For more information check: https://developer.mozilla.org/en-US/docs/Web/HTTP/Status/403",2026-07-17T14:52:12.128604
echoalger,bpt6k4159232v,,failed,0,0,,http_manifest,known,403,manifest,"Client error '403 ' for url 'https://openapiproext.bnf.fr/iiif/presentation/v3/ark:/12148/bpt6k4159232v/manifest.json'
For more information check: https://developer.mozilla.org/en-US/docs/Web/HTTP/Status/403",2026-07-17T14:52:13.213226
echoalger,bpt6k41592338,,failed,0,0,,http_manifest,known,403,manifest,"Client error '403 ' for url 'https://openapiproext.bnf.fr/iiif/presentation/v3/ark:/12148/bpt6k41592338/manifest.json'
For more information check: https://developer.mozilla.org/en-US/docs/Web/HTTP/Status/403",2026-07-17T14:52:14.417959
echoalger,bpt6k4159234p,,failed,0,0,,http_manifest,known,403,manifest,"Client error '403 ' for url 'https://openapiproext.bnf.fr/iiif/presentation/v3/ark:/12148/bpt6k4159234p/manifest.json'
For more information check: https://developer.mozilla.org/en-US/docs/Web/HTTP/Status/403",2026-07-17T14:52:15.627162
echoalger,bpt6k41592353,,failed,0,0,,http_manifest,known,403,manifest,"Client error '403 ' for url 'https://openapiproext.bnf.fr/iiif/presentation/v3/ark:/12148/bpt6k41592353/manifest.json'
For more information check: https://developer.mozilla.org/en-US/docs/Web/HTTP/Status/403",2026-07-17T14:52:16.820836
echoalger,bpt6k4159236h,,failed,0,0,,http_manifest,known,403,manifest,"Client error '403 ' for url 'https://openapiproext.bnf.fr/iiif/presentation/v3/ark:/12148/bpt6k4159236h/manifest.json'
For more information check: https://developer.mozilla.org/en-US/docs/Web/HTTP/Status/403",2026-07-17T14:52:18.159356
echoalger,bpt6k4159237x,,failed,0,0,,http_manifest,known,403,manifest,"Client error '403 ' for url 'https://openapiproext.bnf.fr/iiif/presentation/v3/ark:/12148/bpt6k4159237x/manifest.json'
For more information check: https://developer.mozilla.org/en-US/docs/Web/HTTP/Status/403",2026-07-17T14:52:19.375901
echoalger,bpt6k4159238b,,failed,0,0,,http_manifest,known,403,manifest,"Client error '403 ' for url 'https://openapiproext.bnf.fr/iiif/presentation/v3/ark:/12148/bpt6k4159238b/manifest.json'
For more information check: https://developer.mozilla.org/en-US/docs/Web/HTTP/Status/403",2026-07-17T14:52:20.418660
echoalger,bpt6k4159239r,,failed,0,0,,http_manifest,known,403,manifest,"Client error '403 ' for url 'https://openapiproext.bnf.fr/iiif/presentation/v3/ark:/12148/bpt6k4159239r/manifest.json'
For more information check: https://developer.mozilla.org/en-US/docs/Web/HTTP/Status/403",2026-07-17T14:52:21.618197
echoalger,bpt6k4159240d,,failed,0,0,,http_manifest,known,403,manifest,"Client error '403 ' for url 'https://openapiproext.bnf.fr/iiif/presentation/v3/ark:/12148/bpt6k4159240d/manifest.json'
For more information check: https://developer.mozilla.org/en-US/docs/Web/HTTP/Status/403",2026-07-17T14:52:22.820573
echoalger,bpt6k4159241t,,failed,0,0,,http_manifest,known,403,manifest,"Client error '403 ' for url 'https://openapiproext.bnf.fr/iiif/presentation/v3/ark:/12148/bpt6k4159241t/manifest.json'
For more information check: https://developer.mozilla.org/en-US/docs/Web/HTTP/Status/403",2026-07-17T14:52:24.021310
echoalger,bpt6k41592427,,failed,0,0,,http_manifest,known,403,manifest,"Client error '403 ' for url 'https://openapiproext.bnf.fr/iiif/presentation/v3/ark:/12148/bpt6k41592427/manifest.json'
For more information check: https://developer.mozilla.org/en-US/docs/Web/HTTP/Status/403",2026-07-17T14:52:25.230054
echoalger,bpt6k4159243n,,failed,0,0,,http_manifest,known,403,manifest,"Client error '403 ' for url 'https://openapiproext.bnf.fr/iiif/presentation/v3/ark:/12148/bpt6k4159243n/manifest.json'
For more information check: https://developer.mozilla.org/en-US/docs/Web/HTTP/Status/403",2026-07-17T14:52:26.423544
echoalger,bpt6k41592442,,failed,0,0,,http_manifest,known,403,manifest,"Client error '403 ' for url 'https://openapiproext.bnf.fr/iiif/presentation/v3/ark:/12148/bpt6k41592442/manifest.json'
For more information check: https://developer.mozilla.org/en-US/docs/Web/HTTP/Status/403",2026-07-17T14:52:27.648274
echoalger,bpt6k4159245g,,failed,0,0,,http_manifest,known,403,manifest,"Client error '403 ' for url 'https://openapiproext.bnf.fr/iiif/presentation/v3/ark:/12148/bpt6k4159245g/manifest.json'
For more information check: https://developer.mozilla.org/en-US/docs/Web/HTTP/Status/403",2026-07-17T14:52:28.826419
echoalger,bpt6k4159246w,,failed,0,0,,http_manifest,known,403,manifest,"Client error '403 ' for url 'https://openapiproext.bnf.fr/iiif/presentation/v3/ark:/12148/bpt6k4159246w/manifest.json'
For more information check: https://developer.mozilla.org/en-US/docs/Web/HTTP/Status/403",2026-07-17T14:52:30.027505
echoalger,bpt6k41592479,,failed,0,0,,http_manifest,known,403,manifest,"Client error '403 ' for url 'https://openapiproext.bnf.fr/iiif/presentation/v3/ark:/12148/bpt6k41592479/manifest.json'
For more information check: https://developer.mozilla.org/en-US/docs/Web/HTTP/Status/403",2026-07-17T14:52:31.235296
echoalger,bpt6k4159248q,,failed,0,0,,http_manifest,known,403,manifest,"Client error '403 ' for url 'https://openapiproext.bnf.fr/iiif/presentation/v3/ark:/12148/bpt6k4159248q/manifest.json'
For more information check: https://developer.mozilla.org/en-US/docs/Web/HTTP/Status/403",2026-07-17T14:52:32.434545
echoalger,bpt6k41592494,,failed,0,0,,http_manifest,known,403,manifest,"Client error '403 ' for url 'https://openapiproext.bnf.fr/iiif/presentation/v3/ark:/12148/bpt6k41592494/manifest.json'
For more information check: https://developer.mozilla.org/en-US/docs/Web/HTTP/Status/403",2026-07-17T14:52:33.657614
echoalger,bpt6k4159250s,,failed,0,0,,http_manifest,known,403,manifest,"Client error '403 ' for url 'https://openapiproext.bnf.fr/iiif/presentation/v3/ark:/12148/bpt6k4159250s/manifest.json'
For more information check: https://developer.mozilla.org/en-US/docs/Web/HTTP/Status/403",2026-07-17T14:52:34.833692
echoalger,bpt6k41592516,,failed,0,0,,http_manifest,known,403,manifest,"Client error '403 ' for url 'https://openapiproext.bnf.fr/iiif/presentation/v3/ark:/12148/bpt6k41592516/manifest.json'
For more information check: https://developer.mozilla.org/en-US/docs/Web/HTTP/Status/403",2026-07-17T14:52:36.036514
echoalger,bpt6k4159252m,,failed,0,0,,http_manifest,known,403,manifest,"Client error '403 ' for url 'https://openapiproext.bnf.fr/iiif/presentation/v3/ark:/12148/bpt6k4159252m/manifest.json'
For more information check: https://developer.mozilla.org/en-US/docs/Web/HTTP/Status/403",2026-07-17T14:52:37.240011
echoalger,bpt6k41592531,,failed,0,0,,http_manifest,known,403,manifest,"Client error '403 ' for url 'https://openapiproext.bnf.fr/iiif/presentation/v3/ark:/12148/bpt6k41592531/manifest.json'
For more information check: https://developer.mozilla.org/en-US/docs/Web/HTTP/Status/403",2026-07-17T14:52:38.443446
echoalger,bpt6k4159254f,,failed,0,0,,http_manifest,known,403,manifest,"Client error '403 ' for url 'https://openapiproext.bnf.fr/iiif/presentation/v3/ark:/12148/bpt6k4159254f/manifest.json'
For more information check: https://developer.mozilla.org/en-US/docs/Web/HTTP/Status/403",2026-07-17T14:52:39.643803
echoran,bd6t512282983,,failed,0,0,,no_usable_pages,known,,,bd6t512282983: no usable pages in manifest.,2026-07-17T14:52:39.941706
echoran,bd6t51226989x,,failed,0,0,,no_usable_pages,known,,,bd6t51226989x: no usable pages in manifest.,2026-07-17T14:52:40.559901
echoran,bd6t512260128,,failed,0,0,,no_usable_pages,known,,,bd6t512260128: no usable pages in manifest.,2026-07-17T14:52:41.072760
echoran,bd6t51226446f,,failed,0,0,,no_usable_pages,known,,,bd6t51226446f: no usable pages in manifest.,2026-07-17T14:52:41.250504
echoran,bd6t51226447v,,failed,0,0,,no_usable_pages,known,,,bd6t51226447v: no usable pages in manifest.,2026-07-17T14:52:41.375158
echoran,bd6t512264488,,failed,0,0,,no_usable_pages,known,,,bd6t512264488: no usable pages in manifest.,2026-07-17T14:52:41.482883
echoran,bd6t51226450b,,failed,0,0,,no_usable_pages,known,,,bd6t51226450b: no usable pages in manifest.,2026-07-17T14:52:41.614888
echoran,bd6t512312400,,failed,0,0,,no_usable_pages,known,,,bd6t512312400: no usable pages in manifest.,2026-07-17T14:52:41.733456
echoran,bd6t512312437,,failed,0,0,,no_usable_pages,known,,,bd6t512312437: no usable pages in manifest.,2026-07-17T14:52:41.916038
echoran,bd6t51231244n,,failed,0,0,,no_usable_pages,known,,,bd6t51231244n: no usable pages in manifest.,2026-07-17T14:52:42.128005
echoran,bd6t51231247w,,failed,0,0,,no_usable_pages,known,,,bd6t51231247w: no usable pages in manifest.,2026-07-17T14:52:42.239076
echoran,bd6t512312489,,failed,0,0,,no_usable_pages,known,,,bd6t512312489: no usable pages in manifest.,2026-07-17T14:52:42.312377
echoran,bd6t51231249q,,failed,0,0,,no_usable_pages,known,,,bd6t51231249q: no usable pages in manifest.,2026-07-17T14:52:42.454360
echoran,bd6t51231250c,,failed,0,0,,no_usable_pages,known,,,bd6t51231250c: no usable pages in manifest.,2026-07-17T14:52:42.605954
echoran,bd6t512312526,,failed,0,0,,no_usable_pages,known,,,bd6t512312526: no usable pages in manifest.,2026-07-17T14:52:42.748975
echoran,bd6t512312541,,failed,0,0,,no_usable_pages,known,,,bd6t512312541: no usable pages in manifest.,2026-07-17T14:52:42.893523
echoran,bd6t51231255f,,failed,0,0,,no_usable_pages,known,,,bd6t51231255f: no usable pages in manifest.,2026-07-17T14:52:43.076561
echoran,bd6t512312578,,failed,0,0,,no_usable_pages,known,,,bd6t512312578: no usable pages in manifest.,2026-07-17T14:52:43.389507
echoran,bd6t51229016v,,failed,0,0,,no_usable_pages,known,,,bd6t51229016v: no usable pages in manifest.,2026-07-17T14:52:43.545517
echoran,bd6t512290193,,failed,0,0,,no_usable_pages,known,,,bd6t512290193: no usable pages in manifest.,2026-07-17T14:52:43.714698
echoran,bd6t51229020r,,failed,0,0,,no_usable_pages,known,,,bd6t51229020r: no usable pages in manifest.,2026-07-17T14:52:43.808620
echoran,bd6t512290215,,failed,0,0,,no_usable_pages,known,,,bd6t512290215: no usable pages in manifest.,2026-07-17T14:52:43.960177
echoran,bd6t51229022k,,failed,0,0,,no_usable_pages,known,,,bd6t51229022k: no usable pages in manifest.,2026-07-17T14:52:44.100461
echoran,bd6t512290230,,failed,0,0,,no_usable_pages,known,,,bd6t512290230: no usable pages in manifest.,2026-07-17T14:52:44.318213
echoran,bd6t51229024d,,failed,0,0,,no_usable_pages,known,,,bd6t51229024d: no usable pages in manifest.,2026-07-17T14:52:44.433855
echoran,bd6t51229025t,,failed,0,0,,no_usable_pages,known,,,bd6t51229025t: no usable pages in manifest.,2026-07-17T14:52:44.569211
echoran,bd6t512290267,,failed,0,0,,no_usable_pages,known,,,bd6t512290267: no usable pages in manifest.,2026-07-17T14:52:44.733137
echoran,bd6t51229027n,,failed,0,0,,no_usable_pages,known,,,bd6t51229027n: no usable pages in manifest.,2026-07-17T14:52:44.889489
echoran,bd6t512290282,,failed,0,0,,no_usable_pages,known,,,bd6t512290282: no usable pages in manifest.,2026-07-17T14:52:45.075854
echoran,bd6t51229029g,,failed,0,0,,no_usable_pages,known,,,bd6t51229029g: no usable pages in manifest.,2026-07-17T14:52:45.333344
echoran,bd6t51229031j,,failed,0,0,,no_usable_pages,known,,,bd6t51229031j: no usable pages in manifest.,2026-07-17T14:52:45.489562
echoran,bd6t51229032z,,failed,0,0,,no_usable_pages,known,,,bd6t51229032z: no usable pages in manifest.,2026-07-17T14:52:45.626438
echoran,bd6t51229033c,,failed,0,0,,no_usable_pages,known,,,bd6t51229033c: no usable pages in manifest.,2026-07-17T14:52:45.737116
echoran,bd6t51229034s,,failed,0,0,,no_usable_pages,known,,,bd6t51229034s: no usable pages in manifest.,2026-07-17T14:52:45.909827
echoran,bd6t512290356,,failed,0,0,,no_usable_pages,known,,,bd6t512290356: no usable pages in manifest.,2026-07-17T14:52:46.042448
echoran,bd6t51229036m,,failed,0,0,,no_usable_pages,known,,,bd6t51229036m: no usable pages in manifest.,2026-07-17T14:52:46.163906
echoran,bd6t51229039v,,failed,0,0,,no_usable_pages,known,,,bd6t51229039v: no usable pages in manifest.,2026-07-17T14:52:46.424917
echoran,bd6t51229040h,,failed,0,0,,no_usable_pages,known,,,bd6t51229040h: no usable pages in manifest.,2026-07-17T14:52:46.714324
echoran,bd6t51230314j,,failed,0,0,,no_usable_pages,known,,,bd6t51230314j: no usable pages in manifest.,2026-07-17T14:52:46.899713
echoran,bd6t51230315z,,failed,0,0,,no_usable_pages,known,,,bd6t51230315z: no usable pages in manifest.,2026-07-17T14:52:47.114295
echoran,bd6t51229951d,,failed,0,0,,no_usable_pages,known,,,bd6t51229951d: no usable pages in manifest.,2026-07-17T14:52:47.261208
echoran,bd6t51229952t,,failed,0,0,,no_usable_pages,known,,,bd6t51229952t: no usable pages in manifest.,2026-07-17T14:52:47.490366
echoran,bd6t512299552,,failed,0,0,,no_usable_pages,known,,,bd6t512299552: no usable pages in manifest.,2026-07-17T14:52:47.664639
echoran,bd6t51229957w,,failed,0,0,,no_usable_pages,known,,,bd6t51229957w: no usable pages in manifest.,2026-07-17T14:52:47.820586
echoran,bd6t512299589,,failed,0,0,,no_usable_pages,known,,,bd6t512299589: no usable pages in manifest.,2026-07-17T14:52:47.964083
echoran,bd6t51229959q,,failed,0,0,,no_usable_pages,known,,,bd6t51229959q: no usable pages in manifest.,2026-07-17T14:52:48.103507
echoran,bd6t51229960c,,failed,0,0,,no_usable_pages,known,,,bd6t51229960c: no usable pages in manifest.,2026-07-17T14:52:48.242845
echoran,bd6t51229961s,,failed,0,0,,no_usable_pages,known,,,bd6t51229961s: no usable pages in manifest.,2026-07-17T14:52:48.399600
echoran,bd6t512299626,,failed,0,0,,no_usable_pages,known,,,bd6t512299626: no usable pages in manifest.,2026-07-17T14:52:48.616051
echoran,bd6t51229963m,,failed,0,0,,no_usable_pages,known,,,bd6t51229963m: no usable pages in manifest.,2026-07-17T14:52:48.796764
echoran,bd6t512299641,,failed,0,0,,no_usable_pages,known,,,bd6t512299641: no usable pages in manifest.,2026-07-17T14:52:48.928101
echoran,bd6t51229965f,,failed,0,0,,no_usable_pages,known,,,bd6t51229965f: no usable pages in manifest.,2026-07-17T14:52:49.047925
echoran,bd6t512299678,,failed,0,0,,no_usable_pages,known,,,bd6t512299678: no usable pages in manifest.,2026-07-17T14:52:49.215911
echoran,bd6t51229968p,,failed,0,0,,no_usable_pages,known,,,bd6t51229968p: no usable pages in manifest.,2026-07-17T14:52:49.349825
echoran,bd6t512299693,,failed,0,0,,no_usable_pages,known,,,bd6t512299693: no usable pages in manifest.,2026-07-17T14:52:49.473488
echoran,bd6t51229970r,,failed,0,0,,no_usable_pages,known,,,bd6t51229970r: no usable pages in manifest.,2026-07-17T14:52:49.719512
echoran,bd6t512299715,,failed,0,0,,no_usable_pages,known,,,bd6t512299715: no usable pages in manifest.,2026-07-17T14:52:49.895135
echoran,bd6t512299730,,failed,0,0,,no_usable_pages,known,,,bd6t512299730: no usable pages in manifest.,2026-07-17T14:52:50.032451
echoran,bd6t51229974d,,failed,0,0,,no_usable_pages,known,,,bd6t51229974d: no usable pages in manifest.,2026-07-17T14:52:50.176222
echoran,bd6t51229975t,,failed,0,0,,no_usable_pages,known,,,bd6t51229975t: no usable pages in manifest.,2026-07-17T14:52:50.335386
echoran,bd6t512309047,,failed,0,0,,no_usable_pages,known,,,bd6t512309047: no usable pages in manifest.,2026-07-17T14:52:50.467340
echoran,bd6t51230905n,,failed,0,0,,no_usable_pages,known,,,bd6t51230905n: no usable pages in manifest.,2026-07-17T14:52:50.782613
echoran,bd6t512309062,,failed,0,0,,no_usable_pages,known,,,bd6t512309062: no usable pages in manifest.,2026-07-17T14:52:50.917471
echoran,bd6t51230907g,,failed,0,0,,no_usable_pages,known,,,bd6t51230907g: no usable pages in manifest.,2026-07-17T14:52:51.202777
echoran,bd6t51230908w,,failed,0,0,,no_usable_pages,known,,,bd6t51230908w: no usable pages in manifest.,2026-07-17T14:52:51.369604
echoran,bd6t512309099,,failed,0,0,,no_usable_pages,known,,,bd6t512309099: no usable pages in manifest.,2026-07-17T14:52:51.492431
echoran,bd6t51230910z,,failed,0,0,,no_usable_pages,known,,,bd6t51230910z: no usable pages in manifest.,2026-07-17T14:52:51.652244
echoran,bd6t51230911c,,failed,0,0,,no_usable_pages,known,,,bd6t51230911c: no usable pages in manifest.,2026-07-17T14:52:51.817221
echoran,bd6t51230912s,,failed,0,0,,no_usable_pages,known,,,bd6t51230912s: no usable pages in manifest.,2026-07-17T14:52:51.946031
echoran,bd6t512309136,,failed,0,0,,no_usable_pages,known,,,bd6t512309136: no usable pages in manifest.,2026-07-17T14:52:52.068206
echoran,bd6t51230914m,,failed,0,0,,no_usable_pages,known,,,bd6t51230914m: no usable pages in manifest.,2026-07-17T14:52:52.192275
echoran,bd6t51230916f,,failed,0,0,,no_usable_pages,known,,,bd6t51230916f: no usable pages in manifest.,2026-07-17T14:52:52.333215
echoran,bd6t51230917v,,failed,0,0,,no_usable_pages,known,,,bd6t51230917v: no usable pages in manifest.,2026-07-17T14:52:52.464498
echoran,bd6t51230919p,,failed,0,0,,no_usable_pages,known,,,bd6t51230919p: no usable pages in manifest.,2026-07-17T14:52:52.629223
echoran,bd6t51230921r,,failed,0,0,,no_usable_pages,known,,,bd6t51230921r: no usable pages in manifest.,2026-07-17T14:52:52.744509
echoran,bpt6k67105353,,failed,0,0,,no_usable_pages,known,,,bpt6k67105353: no usable pages in manifest.,2026-07-17T14:52:53.002438
echoran,bpt6k6710536h,,failed,0,0,,no_usable_pages,known,,,bpt6k6710536h: no usable pages in manifest.,2026-07-17T14:52:53.137415
echoran,bd6t51228402w,,failed,0,0,,no_usable_pages,known,,,bd6t51228402w: no usable pages in manifest.,2026-07-17T14:52:53.380271
echoran,bpt6k6710537x,,failed,0,0,,no_usable_pages,known,,,bpt6k6710537x: no usable pages in manifest.,2026-07-17T14:52:53.525922
echoran,bd6t512284039,,failed,0,0,,no_usable_pages,known,,,bd6t512284039: no usable pages in manifest.,2026-07-17T14:52:53.700649
echoran,bpt6k6710538b,,failed,0,0,,no_usable_pages,known,,,bpt6k6710538b: no usable pages in manifest.,2026-07-17T14:52:54.000425
echoran,bd6t512284054,,failed,0,0,,no_usable_pages,known,,,bd6t512284054: no usable pages in manifest.,2026-07-17T14:52:54.154863
echoran,bd6t51228406j,,failed,0,0,,no_usable_pages,known,,,bd6t51228406j: no usable pages in manifest.,2026-07-17T14:52:54.291534
echoran,bpt6k6710540d,,failed,0,0,,no_usable_pages,known,,,bpt6k6710540d: no usable pages in manifest.,2026-07-17T14:52:54.454866
echoran,bpt6k6710541t,,failed,0,0,,no_usable_pages,known,,,bpt6k6710541t: no usable pages in manifest.,2026-07-17T14:52:54.568947
echoran,bd6t51228407z,,failed,0,0,,no_usable_pages,known,,,bd6t51228407z: no usable pages in manifest.,2026-07-17T14:52:54.722669
echoran,bd6t51228408c,,failed,0,0,,no_usable_pages,known,,,bd6t51228408c: no usable pages in manifest.,2026-07-17T14:52:54.847744
echoran,bpt6k67105427,,failed,0,0,,no_usable_pages,known,,,bpt6k67105427: no usable pages in manifest.,2026-07-17T14:52:55.062159
echoran,bpt6k6710543n,,failed,0,0,,no_usable_pages,known,,,bpt6k6710543n: no usable pages in manifest.,2026-07-17T14:52:55.218500
echoran,bd6t51228409s,,failed,0,0,,no_usable_pages,known,,,bd6t51228409s: no usable pages in manifest.,2026-07-17T14:52:55.356235
echoran,bd6t51228410f,,failed,0,0,,no_usable_pages,known,,,bd6t51228410f: no usable pages in manifest.,2026-07-17T14:52:55.532874
echoran,bpt6k67105442,,failed,0,0,,no_usable_pages,known,,,bpt6k67105442: no usable pages in manifest.,2026-07-17T14:52:55.697513
echoran,bpt6k6710545g,,failed,0,0,,no_usable_pages,known,,,bpt6k6710545g: no usable pages in manifest.,2026-07-17T14:52:55.929739
echoran,bd6t51228411v,,failed,0,0,,no_usable_pages,known,,,bd6t51228411v: no usable pages in manifest.,2026-07-17T14:52:56.195079
echoran,bd6t512284128,,failed,0,0,,no_usable_pages,known,,,bd6t512284128: no usable pages in manifest.,2026-07-17T14:52:56.312502
echoran,bpt6k6710546w,,failed,0,0,,no_usable_pages,known,,,bpt6k6710546w: no usable pages in manifest.,2026-07-17T14:52:56.422332
echoran,bd6t51228413p,,failed,0,0,,no_usable_pages,known,,,bd6t51228413p: no usable pages in manifest.,2026-07-17T14:52:56.517604
echoran,bpt6k67105479,,failed,0,0,,no_usable_pages,known,,,bpt6k67105479: no usable pages in manifest.,2026-07-17T14:52:56.675914
echoran,bd6t512284143,,failed,0,0,,no_usable_pages,known,,,bd6t512284143: no usable pages in manifest.,2026-07-17T14:52:56.813419
echoran,bpt6k6710548q,,failed,0,0,,no_usable_pages,known,,,bpt6k6710548q: no usable pages in manifest.,2026-07-17T14:52:56.922578
echoran,bd6t51228415h,,failed,0,0,,no_usable_pages,known,,,bd6t51228415h: no usable pages in manifest.,2026-07-17T14:52:57.073208
echoran,bpt6k67105494,,failed,0,0,,no_usable_pages,known,,,bpt6k67105494: no usable pages in manifest.,2026-07-17T14:52:57.326263
echoran,bd6t51228416x,,failed,0,0,,no_usable_pages,known,,,bd6t51228416x: no usable pages in manifest.,2026-07-17T14:52:57.463493
echoran,bpt6k6710550s,,failed,0,0,,no_usable_pages,known,,,bpt6k6710550s: no usable pages in manifest.,2026-07-17T14:52:57.593235
echoran,bd6t51228417b,,failed,0,0,,no_usable_pages,known,,,bd6t51228417b: no usable pages in manifest.,2026-07-17T14:52:57.711353
echoran,bpt6k67105516,,failed,0,0,,no_usable_pages,known,,,bpt6k67105516: no usable pages in manifest.,2026-07-17T14:52:57.852512
echoran,bpt6k6710552m,,failed,0,0,,no_usable_pages,known,,,bpt6k6710552m: no usable pages in manifest.,2026-07-17T14:52:57.999665
echoran,bd6t51228418r,,failed,0,0,,no_usable_pages,known,,,bd6t51228418r: no usable pages in manifest.,2026-07-17T14:52:58.264269
echoran,bd6t512284195,,failed,0,0,,no_usable_pages,known,,,bd6t512284195: no usable pages in manifest.,2026-07-17T14:52:58.421531
echoran,bpt6k67105531,,failed,0,0,,no_usable_pages,known,,,bpt6k67105531: no usable pages in manifest.,2026-07-17T14:52:58.544330
echoran,bd6t51228420t,,failed,0,0,,no_usable_pages,known,,,bd6t51228420t: no usable pages in manifest.,2026-07-17T14:52:58.737448
echoran,bpt6k6710554f,,failed,0,0,,no_usable_pages,known,,,bpt6k6710554f: no usable pages in manifest.,2026-07-17T14:52:58.866875
echoran,bd6t512284217,,failed,0,0,,no_usable_pages,known,,,bd6t512284217: no usable pages in manifest.,2026-07-17T14:52:59.026814
echoran,bpt6k6710555v,,failed,0,0,,no_usable_pages,known,,,bpt6k6710555v: no usable pages in manifest.,2026-07-17T14:52:59.206608
echoran,bpt6k67105568,,failed,0,0,,no_usable_pages,known,,,bpt6k67105568: no usable pages in manifest.,2026-07-17T14:52:59.431928
echoran,bd6t51228422n,,failed,0,0,,no_usable_pages,known,,,bd6t51228422n: no usable pages in manifest.,2026-07-17T14:52:59.539229
echoran,bpt6k6710557p,,failed,0,0,,no_usable_pages,known,,,bpt6k6710557p: no usable pages in manifest.,2026-07-17T14:52:59.695916
echoran,bd6t512284232,,failed,0,0,,no_usable_pages,known,,,bd6t512284232: no usable pages in manifest.,2026-07-17T14:52:59.857779
echoran,bd6t51228424g,,failed,0,0,,no_usable_pages,known,,,bd6t51228424g: no usable pages in manifest.,2026-07-17T14:53:00.002131
echoran,bpt6k67105583,,failed,0,0,,no_usable_pages,known,,,bpt6k67105583: no usable pages in manifest.,2026-07-17T14:53:00.159745
echoran,bd6t51228588r,,failed,0,0,,no_usable_pages,known,,,bd6t51228588r: no usable pages in manifest.,2026-07-17T14:53:00.411748
echoran,bd6t512286549,,failed,0,0,,no_usable_pages,known,,,bd6t512286549: no usable pages in manifest.,2026-07-17T14:53:00.548982
echoran,bd6t51228655q,,failed,0,0,,no_usable_pages,known,,,bd6t51228655q: no usable pages in manifest.,2026-07-17T14:53:00.665432
echoran,bpt6k6710910n,,failed,0,0,,no_usable_pages,known,,,bpt6k6710910n: no usable pages in manifest.,2026-07-17T14:53:00.806175
echoran,bpt6k67109112,,failed,0,0,,no_usable_pages,known,,,bpt6k67109112: no usable pages in manifest.,2026-07-17T14:53:01.003592
echoran,bd6t512286564,,failed,0,0,,no_usable_pages,known,,,bd6t512286564: no usable pages in manifest.,2026-07-17T14:53:01.232956
echoran,bpt6k6710912g,,failed,0,0,,no_usable_pages,known,,,bpt6k6710912g: no usable pages in manifest.,2026-07-17T14:53:01.456768
echoran,bd6t51228658z,,failed,0,0,,no_usable_pages,known,,,bd6t51228658z: no usable pages in manifest.,2026-07-17T14:53:01.558740
echoran,bpt6k6710913w,,failed,0,0,,no_usable_pages,known,,,bpt6k6710913w: no usable pages in manifest.,2026-07-17T14:53:01.750311
echoran,bpt6k67109149,,failed,0,0,,no_usable_pages,known,,,bpt6k67109149: no usable pages in manifest.,2026-07-17T14:53:01.889183
echoran,bd6t51228659c,,failed,0,0,,no_usable_pages,known,,,bd6t51228659c: no usable pages in manifest.,2026-07-17T14:53:02.028115
echoran,bpt6k6710915q,,failed,0,0,,no_usable_pages,known,,,bpt6k6710915q: no usable pages in manifest.,2026-07-17T14:53:02.167969
echoran,bd6t512286601,,failed,0,0,,no_usable_pages,known,,,bd6t512286601: no usable pages in manifest.,2026-07-17T14:53:02.319821
echoran,bd6t51228661f,,failed,0,0,,no_usable_pages,known,,,bd6t51228661f: no usable pages in manifest.,2026-07-17T14:53:02.575877
echoran,bpt6k67109164,,failed,0,0,,no_usable_pages,known,,,bpt6k67109164: no usable pages in manifest.,2026-07-17T14:53:02.744460
echoran,bd6t51228662v,,failed,0,0,,no_usable_pages,known,,,bd6t51228662v: no usable pages in manifest.,2026-07-17T14:53:02.913632
echoran,bpt6k6710917j,,failed,0,0,,no_usable_pages,known,,,bpt6k6710917j: no usable pages in manifest.,2026-07-17T14:53:03.045209
echoran,bd6t512286638,,failed,0,0,,no_usable_pages,known,,,bd6t512286638: no usable pages in manifest.,2026-07-17T14:53:03.175227
echoran,bpt6k6710918z,,failed,0,0,,no_usable_pages,known,,,bpt6k6710918z: no usable pages in manifest.,2026-07-17T14:53:03.354127
echoran,bd6t51228664p,,failed,0,0,,no_usable_pages,known,,,bd6t51228664p: no usable pages in manifest.,2026-07-17T14:53:03.596988
echoran,bpt6k6710919c,,failed,0,0,,no_usable_pages,known,,,bpt6k6710919c: no usable pages in manifest.,2026-07-17T14:53:03.762195
echoran,bpt6k67112717,,failed,0,0,,no_usable_pages,known,,,bpt6k67112717: no usable pages in manifest.,2026-07-17T14:53:03.923548
echoran,bd6t521544471,,failed,0,0,,no_usable_pages,known,,,bd6t521544471: no usable pages in manifest.,2026-07-17T14:53:04.026396
echoran,bpt6k6711272n,,failed,0,0,,no_usable_pages,known,,,bpt6k6711272n: no usable pages in manifest.,2026-07-17T14:53:04.172015
echoran,bd6t52154448f,,failed,0,0,,no_usable_pages,known,,,bd6t52154448f: no usable pages in manifest.,2026-07-17T14:53:04.316209
echoran,bpt6k6711274g,,failed,0,0,,no_usable_pages,known,,,bpt6k6711274g: no usable pages in manifest.,2026-07-17T14:53:04.477027
echoran,bd6t52154450h,,failed,0,0,,no_usable_pages,known,,,bd6t52154450h: no usable pages in manifest.,2026-07-17T14:53:04.779770
echoran,bpt6k6711275w,,failed,0,0,,no_usable_pages,known,,,bpt6k6711275w: no usable pages in manifest.,2026-07-17T14:53:04.915545
echoran,bd6t52154451x,,failed,0,0,,no_usable_pages,known,,,bd6t52154451x: no usable pages in manifest.,2026-07-17T14:53:05.072169
echoran,bpt6k67112769,,failed,0,0,,no_usable_pages,known,,,bpt6k67112769: no usable pages in manifest.,2026-07-17T14:53:05.202214
echoran,bd6t52154452b,,failed,0,0,,no_usable_pages,known,,,bd6t52154452b: no usable pages in manifest.,2026-07-17T14:53:05.362115
echoran,bpt6k6711277q,,failed,0,0,,no_usable_pages,known,,,bpt6k6711277q: no usable pages in manifest.,2026-07-17T14:53:05.553192
echoran,bpt6k67112784,,failed,0,0,,no_usable_pages,known,,,bpt6k67112784: no usable pages in manifest.,2026-07-17T14:53:05.773850
echoran,bd6t521544545,,failed,0,0,,no_usable_pages,known,,,bd6t521544545: no usable pages in manifest.,2026-07-17T14:53:05.911682
echoran,bpt6k6711279j,,failed,0,0,,no_usable_pages,known,,,bpt6k6711279j: no usable pages in manifest.,2026-07-17T14:53:06.042163
echoran,bd6t52154455k,,failed,0,0,,no_usable_pages,known,,,bd6t52154455k: no usable pages in manifest.,2026-07-17T14:53:06.157384
echoran,bpt6k67112806,,failed,0,0,,no_usable_pages,known,,,bpt6k67112806: no usable pages in manifest.,2026-07-17T14:53:06.325862
echoran,bpt6k6711281m,,failed,0,0,,no_usable_pages,known,,,bpt6k6711281m: no usable pages in manifest.,2026-07-17T14:53:06.507307
echoran,bpt6k6711434n,,failed,0,0,,no_usable_pages,known,,,bpt6k6711434n: no usable pages in manifest.,2026-07-17T14:53:06.660197
echoran,bpt6k6711446v,,failed,0,0,,no_usable_pages,known,,,bpt6k6711446v: no usable pages in manifest.,2026-07-17T14:53:06.932968
echoran,bpt6k67115236,,failed,0,0,,no_usable_pages,known,,,bpt6k67115236: no usable pages in manifest.,2026-07-17T14:53:07.082741
echoran,bpt6k67115288,,failed,0,0,,no_usable_pages,known,,,bpt6k67115288: no usable pages in manifest.,2026-07-17T14:53:07.202445
echoran,bpt6k6711553b,,failed,0,0,,no_usable_pages,known,,,bpt6k6711553b: no usable pages in manifest.,2026-07-17T14:53:07.339398
echoran,bpt6k67116224,,failed,0,0,,no_usable_pages,known,,,bpt6k67116224: no usable pages in manifest.,2026-07-17T14:53:07.516472
echoran,bpt6k67116313,,failed,0,0,,no_usable_pages,known,,,bpt6k67116313: no usable pages in manifest.,2026-07-17T14:53:07.745325
echoran,bpt6k67116380,,failed,0,0,,no_usable_pages,known,,,bpt6k67116380: no usable pages in manifest.,2026-07-17T14:53:07.997244
echoran,bpt6k6711644q,,failed,0,0,,no_usable_pages,known,,,bpt6k6711644q: no usable pages in manifest.,2026-07-17T14:53:08.126456
echoran,bpt6k67116543,,failed,0,0,,no_usable_pages,known,,,bpt6k67116543: no usable pages in manifest.,2026-07-17T14:53:08.269151
echoran,bpt6k6711696f,,failed,0,0,,no_usable_pages,known,,,bpt6k6711696f: no usable pages in manifest.,2026-07-17T14:53:08.393265
echoran,bpt6k6711715b,,failed,0,0,,no_usable_pages,known,,,bpt6k6711715b: no usable pages in manifest.,2026-07-17T14:53:08.555513
echoran,bpt6k6711739r,,failed,0,0,,no_usable_pages,known,,,bpt6k6711739r: no usable pages in manifest.,2026-07-17T14:53:08.712345
echoran,bpt6k6711847n,,failed,0,0,,no_usable_pages,known,,,bpt6k6711847n: no usable pages in manifest.,2026-07-17T14:53:08.899841
echoran,bpt6k67118504,,failed,0,0,,no_usable_pages,known,,,bpt6k67118504: no usable pages in manifest.,2026-07-17T14:53:09.347603
echoran,bpt6k6711874j,,failed,0,0,,no_usable_pages,known,,,bpt6k6711874j: no usable pages in manifest.,2026-07-17T14:53:09.525276
echoran,bpt6k67118875,,failed,0,0,,no_usable_pages,known,,,bpt6k67118875: no usable pages in manifest.,2026-07-17T14:53:09.674823
echoran,bpt6k6711890n,,failed,0,0,,no_usable_pages,known,,,bpt6k6711890n: no usable pages in manifest.,2026-07-17T14:53:09.808361
echoran,bpt6k6716465r,,failed,0,0,,no_usable_pages,known,,,bpt6k6716465r: no usable pages in manifest.,2026-07-17T14:53:09.950534
echoran,bpt6k67164680,,failed,0,0,,no_usable_pages,known,,,bpt6k67164680: no usable pages in manifest.,2026-07-17T14:53:10.106471
echoran,bpt6k67164702,,failed,0,0,,no_usable_pages,known,,,bpt6k67164702: no usable pages in manifest.,2026-07-17T14:53:10.274327
echoran,bpt6k67164739,,failed,0,0,,no_usable_pages,known,,,bpt6k67164739: no usable pages in manifest.,2026-07-17T14:53:10.389031
echoran,bpt6k6716474q,,failed,0,0,,no_usable_pages,known,,,bpt6k6716474q: no usable pages in manifest.,2026-07-17T14:53:10.549071
echoran,bpt6k6716480f,,failed,0,0,,no_usable_pages,known,,,bpt6k6716480f: no usable pages in manifest.,2026-07-17T14:53:10.730417
echoran,bpt6k67164843,,failed,0,0,,no_usable_pages,known,,,bpt6k67164843: no usable pages in manifest.,2026-07-17T14:53:10.870830
echoran,bpt6k67164917,,failed,0,0,,no_usable_pages,known,,,bpt6k67164917: no usable pages in manifest.,2026-07-17T14:53:11.001295
echoran,bpt6k67165030,,failed,0,0,,no_usable_pages,known,,,bpt6k67165030: no usable pages in manifest.,2026-07-17T14:53:11.163919
echoran,bpt6k6716504d,,failed,0,0,,no_usable_pages,known,,,bpt6k6716504d: no usable pages in manifest.,2026-07-17T14:53:11.388113
echoran,bpt6k6716521x,,failed,0,0,,no_usable_pages,known,,,bpt6k6716521x: no usable pages in manifest.,2026-07-17T14:53:11.570923
echoran,bpt6k6716522b,,failed,0,0,,no_usable_pages,known,,,bpt6k6716522b: no usable pages in manifest.,2026-07-17T14:53:11.802332
echoran,bpt6k67165260,,failed,0,0,,no_usable_pages,known,,,bpt6k67165260: no usable pages in manifest.,2026-07-17T14:53:11.958213
echoran,bpt6k6716528t,,failed,0,0,,no_usable_pages,known,,,bpt6k6716528t: no usable pages in manifest.,2026-07-17T14:53:12.149820
echoran,bpt6k6716534j,,failed,0,0,,no_usable_pages,known,,,bpt6k6716534j: no usable pages in manifest.,2026-07-17T14:53:12.391302
echoran,bpt6k6716535z,,failed,0,0,,no_usable_pages,known,,,bpt6k6716535z: no usable pages in manifest.,2026-07-17T14:53:12.537823
echoran,bpt6k6716541p,,failed,0,0,,no_usable_pages,known,,,bpt6k6716541p: no usable pages in manifest.,2026-07-17T14:53:12.645531
echoran,bpt6k6716544x,,failed,0,0,,no_usable_pages,known,,,bpt6k6716544x: no usable pages in manifest.,2026-07-17T14:53:12.804404
echoran,bpt6k6716548k,,failed,0,0,,no_usable_pages,known,,,bpt6k6716548k: no usable pages in manifest.,2026-07-17T14:53:12.949500
echoran,bpt6k67165490,,failed,0,0,,no_usable_pages,known,,,bpt6k67165490: no usable pages in manifest.,2026-07-17T14:53:13.109078
echoran,bpt6k6716553w,,failed,0,0,,no_usable_pages,known,,,bpt6k6716553w: no usable pages in manifest.,2026-07-17T14:53:13.272214
echoran,bpt6k6716558z,,failed,0,0,,no_usable_pages,known,,,bpt6k6716558z: no usable pages in manifest.,2026-07-17T14:53:13.587945
echoran,bpt6k6716559c,,failed,0,0,,no_usable_pages,known,,,bpt6k6716559c: no usable pages in manifest.,2026-07-17T14:53:13.751565
echoran,bpt6k67165638,,failed,0,0,,no_usable_pages,known,,,bpt6k67165638: no usable pages in manifest.,2026-07-17T14:53:13.921985
echoran,bpt6k6716564p,,failed,0,0,,no_usable_pages,known,,,bpt6k6716564p: no usable pages in manifest.,2026-07-17T14:53:14.058824
echoran,bpt6k6716570d,,failed,0,0,,no_usable_pages,known,,,bpt6k6716570d: no usable pages in manifest.,2026-07-17T14:53:14.192261
echoran,bpt6k6716573n,,failed,0,0,,no_usable_pages,known,,,bpt6k6716573n: no usable pages in manifest.,2026-07-17T14:53:14.347892
echoran,bpt6k6716575g,,failed,0,0,,no_usable_pages,known,,,bpt6k6716575g: no usable pages in manifest.,2026-07-17T14:53:14.553159
echoran,bpt6k67165779,,failed,0,0,,no_usable_pages,known,,,bpt6k67165779: no usable pages in manifest.,2026-07-17T14:53:14.741497
echoran,bpt6k6716582m,,failed,0,0,,no_usable_pages,known,,,bpt6k6716582m: no usable pages in manifest.,2026-07-17T14:53:14.845169
echoran,bpt6k67165905,,failed,0,0,,no_usable_pages,known,,,bpt6k67165905: no usable pages in manifest.,2026-07-17T14:53:14.984924
echoran,bpt6k6716594t,,failed,0,0,,no_usable_pages,known,,,bpt6k6716594t: no usable pages in manifest.,2026-07-17T14:53:15.165889
echoran,bpt6k67165957,,failed,0,0,,no_usable_pages,known,,,bpt6k67165957: no usable pages in manifest.,2026-07-17T14:53:15.309048
echoran,bpt6k6716636q,,failed,0,0,,no_usable_pages,known,,,bpt6k6716636q: no usable pages in manifest.,2026-07-17T14:53:15.430173
echoran,bpt6k67166374,,failed,0,0,,no_usable_pages,known,,,bpt6k67166374: no usable pages in manifest.,2026-07-17T14:53:15.680990
echoran,bpt6k6716640m,,failed,0,0,,no_usable_pages,known,,,bpt6k6716640m: no usable pages in manifest.,2026-07-17T14:53:15.847187
echoran,bpt6k6716642f,,failed,0,0,,no_usable_pages,known,,,bpt6k6716642f: no usable pages in manifest.,2026-07-17T14:53:15.978016
echoran,bpt6k67166537,,failed,0,0,,no_usable_pages,known,,,bpt6k67166537: no usable pages in manifest.,2026-07-17T14:53:16.096991
echoran,bpt6k67166589,,failed,0,0,,no_usable_pages,known,,,bpt6k67166589: no usable pages in manifest.,2026-07-17T14:53:16.248155
echoran,bpt6k67166715,,failed,0,0,,no_usable_pages,known,,,bpt6k67166715: no usable pages in manifest.,2026-07-17T14:53:16.383544
echoran,bpt6k6716674d,,failed,0,0,,no_usable_pages,known,,,bpt6k6716674d: no usable pages in manifest.,2026-07-17T14:53:16.528196
echoran,bpt6k6716675t,,failed,0,0,,no_usable_pages,known,,,bpt6k6716675t: no usable pages in manifest.,2026-07-17T14:53:16.778086
echoran,bpt6k67166767,,failed,0,0,,no_usable_pages,known,,,bpt6k67166767: no usable pages in manifest.,2026-07-17T14:53:16.926467
echoran,bpt6k67166804,,failed,0,0,,no_usable_pages,known,,,bpt6k67166804: no usable pages in manifest.,2026-07-17T14:53:17.074234
echoran,bpt6k6716691x,,failed,0,0,,no_usable_pages,known,,,bpt6k6716691x: no usable pages in manifest.,2026-07-17T14:53:17.216312
echoran,bpt6k6716703p,,failed,0,0,,no_usable_pages,known,,,bpt6k6716703p: no usable pages in manifest.,2026-07-17T14:53:17.353847
echoran,bpt6k67167206,,failed,0,0,,no_usable_pages,known,,,bpt6k67167206: no usable pages in manifest.,2026-07-17T14:53:17.522563
echoran,bpt6k6716742s,,failed,0,0,,no_usable_pages,known,,,bpt6k6716742s: no usable pages in manifest.,2026-07-17T14:53:17.843648
echoran,bpt6k6716744m,,failed,0,0,,no_usable_pages,known,,,bpt6k6716744m: no usable pages in manifest.,2026-07-17T14:53:17.987926
echoran,bpt6k6716750b,,failed,0,0,,no_usable_pages,known,,,bpt6k6716750b: no usable pages in manifest.,2026-07-17T14:53:18.155381
echoran,bpt6k67167525,,failed,0,0,,no_usable_pages,known,,,bpt6k67167525: no usable pages in manifest.,2026-07-17T14:53:18.296467
echoran,bpt6k6716753k,,failed,0,0,,no_usable_pages,known,,,bpt6k6716753k: no usable pages in manifest.,2026-07-17T14:53:18.488779
echoran,bpt6k6716755d,,failed,0,0,,no_usable_pages,known,,,bpt6k6716755d: no usable pages in manifest.,2026-07-17T14:53:18.612214
echoran,bpt6k67167592,,failed,0,0,,no_usable_pages,known,,,bpt6k67167592: no usable pages in manifest.,2026-07-17T14:53:18.850059
echoran,bpt6k6716760q,,failed,0,0,,no_usable_pages,known,,,bpt6k6716760q: no usable pages in manifest.,2026-07-17T14:53:18.986380
echoran,bpt6k67167614,,failed,0,0,,no_usable_pages,known,,,bpt6k67167614: no usable pages in manifest.,2026-07-17T14:53:19.138193
echoran,bpt6k6716762j,,failed,0,0,,no_usable_pages,known,,,bpt6k6716762j: no usable pages in manifest.,2026-07-17T14:53:19.283656
echoran,bpt6k6716763z,,failed,0,0,,no_usable_pages,known,,,bpt6k6716763z: no usable pages in manifest.,2026-07-17T14:53:19.415936
echoran,bpt6k6716764c,,failed,0,0,,no_usable_pages,known,,,bpt6k6716764c: no usable pages in manifest.,2026-07-17T14:53:19.598490
echoran,bpt6k67167703,,failed,0,0,,no_usable_pages,known,,,bpt6k67167703: no usable pages in manifest.,2026-07-17T14:53:19.828024
echoran,bpt6k6716776k,,failed,0,0,,no_usable_pages,known,,,bpt6k6716776k: no usable pages in manifest.,2026-07-17T14:53:20.002020
echoran,bpt6k67167770,,failed,0,0,,no_usable_pages,known,,,bpt6k67167770: no usable pages in manifest.,2026-07-17T14:53:20.129349
echoran,bpt6k6716778d,,failed,0,0,,no_usable_pages,known,,,bpt6k6716778d: no usable pages in manifest.,2026-07-17T14:53:20.244434
echoran,bpt6k6716779t,,failed,0,0,,no_usable_pages,known,,,bpt6k6716779t: no usable pages in manifest.,2026-07-17T14:53:20.418135
echoran,bpt6k6716781w,,failed,0,0,,no_usable_pages,known,,,bpt6k6716781w: no usable pages in manifest.,2026-07-17T14:53:20.534288
echoran,bpt6k67167844,,failed,0,0,,no_usable_pages,known,,,bpt6k67167844: no usable pages in manifest.,2026-07-17T14:53:20.674513
echoran,bpt6k6716787c,,failed,0,0,,no_usable_pages,known,,,bpt6k6716787c: no usable pages in manifest.,2026-07-17T14:53:20.868958
echoran,bpt6k67167896,,failed,0,0,,no_usable_pages,known,,,bpt6k67167896: no usable pages in manifest.,2026-07-17T14:53:21.074360
echoran,bpt6k67167918,,failed,0,0,,no_usable_pages,known,,,bpt6k67167918: no usable pages in manifest.,2026-07-17T14:53:21.281909
echoran,bpt6k6716792p,,failed,0,0,,no_usable_pages,known,,,bpt6k6716792p: no usable pages in manifest.,2026-07-17T14:53:21.402977
echoran,bpt6k6716794h,,failed,0,0,,no_usable_pages,known,,,bpt6k6716794h: no usable pages in manifest.,2026-07-17T14:53:21.561916
echoran,bpt6k6716795x,,failed,0,0,,no_usable_pages,known,,,bpt6k6716795x: no usable pages in manifest.,2026-07-17T14:53:21.696744
echoran,bpt6k67167985,,failed,0,0,,no_usable_pages,known,,,bpt6k67167985: no usable pages in manifest.,2026-07-17T14:53:21.784599
echoran,bpt6k67168068,,failed,0,0,,no_usable_pages,known,,,bpt6k67168068: no usable pages in manifest.,2026-07-17T14:53:21.987996
echoran,bpt6k6716807p,,failed,0,0,,no_usable_pages,known,,,bpt6k6716807p: no usable pages in manifest.,2026-07-17T14:53:22.181546
echoran,bpt6k67168105,,failed,0,0,,no_usable_pages,known,,,bpt6k67168105: no usable pages in manifest.,2026-07-17T14:53:22.312241
echoran,bpt6k6716821z,,failed,0,0,,no_usable_pages,known,,,bpt6k6716821z: no usable pages in manifest.,2026-07-17T14:53:22.448634
echoran,bpt6k67168261,,failed,0,0,,no_usable_pages,known,,,bpt6k67168261: no usable pages in manifest.,2026-07-17T14:53:22.594896
echoran,bpt6k6716830x,,failed,0,0,,no_usable_pages,known,,,bpt6k6716830x: no usable pages in manifest.,2026-07-17T14:53:22.796130
echoran,bpt6k6716831b,,failed,0,0,,no_usable_pages,known,,,bpt6k6716831b: no usable pages in manifest.,2026-07-17T14:53:22.946771
echoran,bpt6k67168335,,failed,0,0,,no_usable_pages,known,,,bpt6k67168335: no usable pages in manifest.,2026-07-17T14:53:23.181364
echoran,bpt6k6716854b,,failed,0,0,,no_usable_pages,known,,,bpt6k6716854b: no usable pages in manifest.,2026-07-17T14:53:23.278324
echoran,bpt6k6716861g,,failed,0,0,,no_usable_pages,known,,,bpt6k6716861g: no usable pages in manifest.,2026-07-17T14:53:23.418298
echoran,bpt6k6716864q,,failed,0,0,,no_usable_pages,known,,,bpt6k6716864q: no usable pages in manifest.,2026-07-17T14:53:23.555374
echoran,bpt6k6716867z,,failed,0,0,,no_usable_pages,known,,,bpt6k6716867z: no usable pages in manifest.,2026-07-17T14:53:23.681077
echoran,bpt6k6716877b,,failed,0,0,,no_usable_pages,known,,,bpt6k6716877b: no usable pages in manifest.,2026-07-17T14:53:23.806962
echoran,bpt6k67168817,,failed,0,0,,no_usable_pages,known,,,bpt6k67168817: no usable pages in manifest.,2026-07-17T14:53:23.926983
echoran,bpt6k6716885w,,failed,0,0,,no_usable_pages,known,,,bpt6k6716885w: no usable pages in manifest.,2026-07-17T14:53:24.085724
echoran,bpt6k67169004,,failed,0,0,,no_usable_pages,known,,,bpt6k67169004: no usable pages in manifest.,2026-07-17T14:53:24.257348
echoran,bpt6k67169145,,failed,0,0,,no_usable_pages,known,,,bpt6k67169145: no usable pages in manifest.,2026-07-17T14:53:24.413020
echoran,bpt6k6716917d,,failed,0,0,,no_usable_pages,known,,,bpt6k6716917d: no usable pages in manifest.,2026-07-17T14:53:24.530466
echoran,bpt6k6716922q,,failed,0,0,,no_usable_pages,known,,,bpt6k6716922q: no usable pages in manifest.,2026-07-17T14:53:24.719772
echoran,bpt6k6716931p,,failed,0,0,,no_usable_pages,known,,,bpt6k6716931p: no usable pages in manifest.,2026-07-17T14:53:24.932516
echoran,bpt6k67169449,,failed,0,0,,no_usable_pages,known,,,bpt6k67169449: no usable pages in manifest.,2026-07-17T14:53:25.516081
echoran,bpt6k6716948z,,failed,0,0,,no_usable_pages,known,,,bpt6k6716948z: no usable pages in manifest.,2026-07-17T14:53:25.715102
echoran,bpt6k6716957x,,failed,0,0,,no_usable_pages,known,,,bpt6k6716957x: no usable pages in manifest.,2026-07-17T14:53:25.857417
echoran,bpt6k67169642,,failed,0,0,,no_usable_pages,known,,,bpt6k67169642: no usable pages in manifest.,2026-07-17T14:53:26.015600
echoran,bpt6k67169716,,failed,0,0,,no_usable_pages,known,,,bpt6k67169716: no usable pages in manifest.,2026-07-17T14:53:26.158771
echoran,bpt6k6716975v,,failed,0,0,,no_usable_pages,known,,,bpt6k6716975v: no usable pages in manifest.,2026-07-17T14:53:26.335399
echoran,bpt6k67169783,,failed,0,0,,no_usable_pages,known,,,bpt6k67169783: no usable pages in manifest.,2026-07-17T14:53:26.686403
echoran,bpt6k6716981k,,failed,0,0,,no_usable_pages,known,,,bpt6k6716981k: no usable pages in manifest.,2026-07-17T14:53:26.900193
echoran,bpt6k6716983d,,failed,0,0,,no_usable_pages,known,,,bpt6k6716983d: no usable pages in manifest.,2026-07-17T14:53:27.105076
echoran,bpt6k6716984t,,failed,0,0,,no_usable_pages,known,,,bpt6k6716984t: no usable pages in manifest.,2026-07-17T14:53:27.230405
echoran,bpt6k67169857,,failed,0,0,,no_usable_pages,known,,,bpt6k67169857: no usable pages in manifest.,2026-07-17T14:53:27.369210
echoran,bpt6k6716988g,,failed,0,0,,no_usable_pages,known,,,bpt6k6716988g: no usable pages in manifest.,2026-07-17T14:53:27.530768
echoran,bpt6k6716991z,,failed,0,0,,no_usable_pages,known,,,bpt6k6716991z: no usable pages in manifest.,2026-07-17T14:53:27.788236
echoran,bpt6k6716992c,,failed,0,0,,no_usable_pages,known,,,bpt6k6716992c: no usable pages in manifest.,2026-07-17T14:53:27.957933
echoran,bpt6k6716997f,,failed,0,0,,no_usable_pages,known,,,bpt6k6716997f: no usable pages in manifest.,2026-07-17T14:53:28.116757
echoran,bpt6k6717000b,,failed,0,0,,no_usable_pages,known,,,bpt6k6717000b: no usable pages in manifest.,2026-07-17T14:53:28.245097
echoran,bpt6k6717003k,,failed,0,0,,no_usable_pages,known,,,bpt6k6717003k: no usable pages in manifest.,2026-07-17T14:53:28.393298
echoran,bpt6k6717014c,,failed,0,0,,no_usable_pages,known,,,bpt6k6717014c: no usable pages in manifest.,2026-07-17T14:53:28.483903
echoran,bpt6k6717024r,,failed,0,0,,no_usable_pages,known,,,bpt6k6717024r: no usable pages in manifest.,2026-07-17T14:53:28.773525
echoran,bpt6k6717035j,,failed,0,0,,no_usable_pages,known,,,bpt6k6717035j: no usable pages in manifest.,2026-07-17T14:53:28.932709
echoran,bpt6k6717042p,,failed,0,0,,no_usable_pages,known,,,bpt6k6717042p: no usable pages in manifest.,2026-07-17T14:53:29.083661
echoran,bpt6k6717046b,,failed,0,0,,no_usable_pages,known,,,bpt6k6717046b: no usable pages in manifest.,2026-07-17T14:53:29.235226
echoran,bpt6k67170485,,failed,0,0,,no_usable_pages,known,,,bpt6k67170485: no usable pages in manifest.,2026-07-17T14:53:29.344334
echoran,bpt6k6717054w,,failed,0,0,,no_usable_pages,known,,,bpt6k6717054w: no usable pages in manifest.,2026-07-17T14:53:29.474267
echoran,bpt6k67170700,,failed,0,0,,no_usable_pages,known,,,bpt6k67170700: no usable pages in manifest.,2026-07-17T14:53:29.587559
echoran,bpt6k6717076g,,failed,0,0,,no_usable_pages,known,,,bpt6k6717076g: no usable pages in manifest.,2026-07-17T14:53:29.845486
echoran,bpt6k6717081s,,failed,0,0,,no_usable_pages,known,,,bpt6k6717081s: no usable pages in manifest.,2026-07-17T14:53:29.974037
echoran,bpt6k6717083m,,failed,0,0,,no_usable_pages,known,,,bpt6k6717083m: no usable pages in manifest.,2026-07-17T14:53:30.098311
echoran,bpt6k6717119s,,failed,0,0,,no_usable_pages,known,,,bpt6k6717119s: no usable pages in manifest.,2026-07-17T14:53:30.209100
echoran,bpt6k6717121v,,failed,0,0,,no_usable_pages,known,,,bpt6k6717121v: no usable pages in manifest.,2026-07-17T14:53:30.329558
echoran,bpt6k67171332,,failed,0,0,,no_usable_pages,known,,,bpt6k67171332: no usable pages in manifest.,2026-07-17T14:53:30.434835
echoran,bpt6k6717135w,,failed,0,0,,no_usable_pages,known,,,bpt6k6717135w: no usable pages in manifest.,2026-07-17T14:53:30.545961
echoran,bpt6k67171369,,failed,0,0,,no_usable_pages,known,,,bpt6k67171369: no usable pages in manifest.,2026-07-17T14:53:30.690453
echoran,bpt6k6717137q,,failed,0,0,,no_usable_pages,known,,,bpt6k6717137q: no usable pages in manifest.,2026-07-17T14:53:30.846912
echoran,bpt6k67171384,,failed,0,0,,no_usable_pages,known,,,bpt6k67171384: no usable pages in manifest.,2026-07-17T14:53:30.970891
echoran,bpt6k6717139j,,failed,0,0,,no_usable_pages,known,,,bpt6k6717139j: no usable pages in manifest.,2026-07-17T14:53:31.132884
echoran,bpt6k67171406,,failed,0,0,,no_usable_pages,known,,,bpt6k67171406: no usable pages in manifest.,2026-07-17T14:53:31.309279
echoran,bpt6k6717141m,,failed,0,0,,no_usable_pages,known,,,bpt6k6717141m: no usable pages in manifest.,2026-07-17T14:53:31.454391
echoran,bpt6k67171421,,failed,0,0,,no_usable_pages,known,,,bpt6k67171421: no usable pages in manifest.,2026-07-17T14:53:31.648466
echoran,bpt6k67171458,,failed,0,0,,no_usable_pages,known,,,bpt6k67171458: no usable pages in manifest.,2026-07-17T14:53:31.816255
echoran,bpt6k6717146p,,failed,0,0,,no_usable_pages,known,,,bpt6k6717146p: no usable pages in manifest.,2026-07-17T14:53:31.960663
echoran,bpt6k67171473,,failed,0,0,,no_usable_pages,known,,,bpt6k67171473: no usable pages in manifest.,2026-07-17T14:53:32.072412
echoran,bpt6k6717148h,,failed,0,0,,no_usable_pages,known,,,bpt6k6717148h: no usable pages in manifest.,2026-07-17T14:53:32.232101
echoran,bpt6k6717152d,,failed,0,0,,no_usable_pages,known,,,bpt6k6717152d: no usable pages in manifest.,2026-07-17T14:53:32.382349
echoran,bpt6k6717153t,,failed,0,0,,no_usable_pages,known,,,bpt6k6717153t: no usable pages in manifest.,2026-07-17T14:53:32.519534
echoran,bpt6k67171547,,failed,0,0,,no_usable_pages,known,,,bpt6k67171547: no usable pages in manifest.,2026-07-17T14:53:32.651323
echoran,bpt6k6717158w,,failed,0,0,,no_usable_pages,known,,,bpt6k6717158w: no usable pages in manifest.,2026-07-17T14:53:32.759662
echoran,bpt6k6717161c,,failed,0,0,,no_usable_pages,known,,,bpt6k6717161c: no usable pages in manifest.,2026-07-17T14:53:33.146884
echoran,bpt6k67171688,,failed,0,0,,no_usable_pages,known,,,bpt6k67171688: no usable pages in manifest.,2026-07-17T14:53:33.290692
echoran,bpt6k6717169p,,failed,0,0,,no_usable_pages,known,,,bpt6k6717169p: no usable pages in manifest.,2026-07-17T14:53:33.443620
echoran,bpt6k6717173k,,failed,0,0,,no_usable_pages,known,,,bpt6k6717173k: no usable pages in manifest.,2026-07-17T14:53:33.562544
echoran,bpt6k67171792,,failed,0,0,,no_usable_pages,known,,,bpt6k67171792: no usable pages in manifest.,2026-07-17T14:53:33.769002
echoran,bpt6k67171866,,failed,0,0,,no_usable_pages,known,,,bpt6k67171866: no usable pages in manifest.,2026-07-17T14:53:33.999219
echoran,bpt6k6717187m,,failed,0,0,,no_usable_pages,known,,,bpt6k6717187m: no usable pages in manifest.,2026-07-17T14:53:34.224269
echoran,bpt6k6717189f,,failed,0,0,,no_usable_pages,known,,,bpt6k6717189f: no usable pages in manifest.,2026-07-17T14:53:34.394676
echoran,bpt6k6717191h,,failed,0,0,,no_usable_pages,known,,,bpt6k6717191h: no usable pages in manifest.,2026-07-17T14:53:34.516165
echoran,bpt6k67171970,,failed,0,0,,no_usable_pages,known,,,bpt6k67171970: no usable pages in manifest.,2026-07-17T14:53:34.721525
echoran,bpt6k6717201f,,failed,0,0,,no_usable_pages,known,,,bpt6k6717201f: no usable pages in manifest.,2026-07-17T14:53:34.821134
echoran,bpt6k6717202v,,failed,0,0,,no_usable_pages,known,,,bpt6k6717202v: no usable pages in manifest.,2026-07-17T14:53:35.042747
echoran,bpt6k6717204p,,failed,0,0,,no_usable_pages,known,,,bpt6k6717204p: no usable pages in manifest.,2026-07-17T14:53:35.236642
echoran,bpt6k67172053,,failed,0,0,,no_usable_pages,known,,,bpt6k67172053: no usable pages in manifest.,2026-07-17T14:53:35.362677
echoran,bpt6k6717206h,,failed,0,0,,no_usable_pages,known,,,bpt6k6717206h: no usable pages in manifest.,2026-07-17T14:53:35.493672
echoran,bpt6k6717207x,,failed,0,0,,no_usable_pages,known,,,bpt6k6717207x: no usable pages in manifest.,2026-07-17T14:53:35.637153
echoran,bpt6k6717208b,,failed,0,0,,no_usable_pages,known,,,bpt6k6717208b: no usable pages in manifest.,2026-07-17T14:53:35.750885
echoran,bpt6k6717209r,,failed,0,0,,no_usable_pages,known,,,bpt6k6717209r: no usable pages in manifest.,2026-07-17T14:53:36.173655
echoran,bpt6k6717210d,,failed,0,0,,no_usable_pages,known,,,bpt6k6717210d: no usable pages in manifest.,2026-07-17T14:53:36.478832
echoran,bpt6k6717211t,,failed,0,0,,no_usable_pages,known,,,bpt6k6717211t: no usable pages in manifest.,2026-07-17T14:53:36.682324
echoran,bpt6k67172127,,failed,0,0,,no_usable_pages,known,,,bpt6k67172127: no usable pages in manifest.,2026-07-17T14:53:36.813145
echoran,bpt6k6717213n,,failed,0,0,,no_usable_pages,known,,,bpt6k6717213n: no usable pages in manifest.,2026-07-17T14:53:36.957822
echoran,bpt6k67172142,,failed,0,0,,no_usable_pages,known,,,bpt6k67172142: no usable pages in manifest.,2026-07-17T14:53:37.084091
echoran,bpt6k6717215g,,failed,0,0,,no_usable_pages,known,,,bpt6k6717215g: no usable pages in manifest.,2026-07-17T14:53:37.174450
echoran,bpt6k6717216w,,failed,0,0,,no_usable_pages,known,,,bpt6k6717216w: no usable pages in manifest.,2026-07-17T14:53:37.279718
echoran,bpt6k67172179,,failed,0,0,,no_usable_pages,known,,,bpt6k67172179: no usable pages in manifest.,2026-07-17T14:53:37.542289
echoran,bpt6k6717218q,,failed,0,0,,no_usable_pages,known,,,bpt6k6717218q: no usable pages in manifest.,2026-07-17T14:53:37.719062
echoran,bpt6k67172194,,failed,0,0,,no_usable_pages,known,,,bpt6k67172194: no usable pages in manifest.,2026-07-17T14:53:37.874549
echoran,bpt6k6717220s,,failed,0,0,,no_usable_pages,known,,,bpt6k6717220s: no usable pages in manifest.,2026-07-17T14:53:38.018514
echoran,bpt6k67172216,,failed,0,0,,no_usable_pages,known,,,bpt6k67172216: no usable pages in manifest.,2026-07-17T14:53:38.133857
echoran,bpt6k6717222m,,failed,0,0,,no_usable_pages,known,,,bpt6k6717222m: no usable pages in manifest.,2026-07-17T14:53:38.270594
echoran,bpt6k67172231,,failed,0,0,,no_usable_pages,known,,,bpt6k67172231: no usable pages in manifest.,2026-07-17T14:53:38.397499
echoran,bpt6k6717224f,,failed,0,0,,no_usable_pages,known,,,bpt6k6717224f: no usable pages in manifest.,2026-07-17T14:53:38.812248
echoran,bpt6k67172268,,failed,0,0,,no_usable_pages,known,,,bpt6k67172268: no usable pages in manifest.,2026-07-17T14:53:39.030499
echoran,bpt6k6717229h,,failed,0,0,,no_usable_pages,known,,,bpt6k6717229h: no usable pages in manifest.,2026-07-17T14:53:39.184289
echoran,bpt6k67172305,,failed,0,0,,no_usable_pages,known,,,bpt6k67172305: no usable pages in manifest.,2026-07-17T14:53:39.336068
echoran,bpt6k6717231k,,failed,0,0,,no_usable_pages,known,,,bpt6k6717231k: no usable pages in manifest.,2026-07-17T14:53:39.470203
echoran,bpt6k67172320,,failed,0,0,,no_usable_pages,known,,,bpt6k67172320: no usable pages in manifest.,2026-07-17T14:53:39.731015
echoran,bpt6k67172357,,failed,0,0,,no_usable_pages,known,,,bpt6k67172357: no usable pages in manifest.,2026-07-17T14:53:39.848304
echoran,bpt6k6717236n,,failed,0,0,,no_usable_pages,known,,,bpt6k6717236n: no usable pages in manifest.,2026-07-17T14:53:40.069763
echoran,bpt6k6717238g,,failed,0,0,,no_usable_pages,known,,,bpt6k6717238g: no usable pages in manifest.,2026-07-17T14:53:40.206742
echoran,bpt6k6717242c,,failed,0,0,,no_usable_pages,known,,,bpt6k6717242c: no usable pages in manifest.,2026-07-17T14:53:40.368543
echoran,bpt6k6717243s,,failed,0,0,,no_usable_pages,known,,,bpt6k6717243s: no usable pages in manifest.,2026-07-17T14:53:40.566254
echoran,bpt6k67172446,,failed,0,0,,no_usable_pages,known,,,bpt6k67172446: no usable pages in manifest.,2026-07-17T14:53:40.818981
echoran,bpt6k6717245m,,failed,0,0,,no_usable_pages,known,,,bpt6k6717245m: no usable pages in manifest.,2026-07-17T14:53:40.937012
echoran,bpt6k6717247f,,failed,0,0,,no_usable_pages,known,,,bpt6k6717247f: no usable pages in manifest.,2026-07-17T14:53:41.165943
echoran,bpt6k6717248v,,failed,0,0,,no_usable_pages,known,,,bpt6k6717248v: no usable pages in manifest.,2026-07-17T14:53:41.328735
echoran,bpt6k67172498,,failed,0,0,,no_usable_pages,known,,,bpt6k67172498: no usable pages in manifest.,2026-07-17T14:53:41.420875
echoran,bpt6k6717250x,,failed,0,0,,no_usable_pages,known,,,bpt6k6717250x: no usable pages in manifest.,2026-07-17T14:53:41.512227
echoran,bpt6k6717251b,,failed,0,0,,no_usable_pages,known,,,bpt6k6717251b: no usable pages in manifest.,2026-07-17T14:53:41.697608
echoran,bpt6k67172535,,failed,0,0,,no_usable_pages,known,,,bpt6k67172535: no usable pages in manifest.,2026-07-17T14:53:41.981149
echoran,bpt6k67172550,,failed,0,0,,no_usable_pages,known,,,bpt6k67172550: no usable pages in manifest.,2026-07-17T14:53:42.132130
echoran,bpt6k6717256d,,failed,0,0,,no_usable_pages,known,,,bpt6k6717256d: no usable pages in manifest.,2026-07-17T14:53:42.258880
echoran,bpt6k6717257t,,failed,0,0,,no_usable_pages,known,,,bpt6k6717257t: no usable pages in manifest.,2026-07-17T14:53:42.385245
echoran,bpt6k6717263j,,failed,0,0,,no_usable_pages,known,,,bpt6k6717263j: no usable pages in manifest.,2026-07-17T14:53:42.498420
echoran,bpt6k6717264z,,failed,0,0,,no_usable_pages,known,,,bpt6k6717264z: no usable pages in manifest.,2026-07-17T14:53:42.628807
echoran,bpt6k6717265c,,failed,0,0,,no_usable_pages,known,,,bpt6k6717265c: no usable pages in manifest.,2026-07-17T14:53:42.783321
echoran,bpt6k6717266s,,failed,0,0,,no_usable_pages,known,,,bpt6k6717266s: no usable pages in manifest.,2026-07-17T14:53:43.102009
echoran,bpt6k6717270p,,failed,0,0,,no_usable_pages,known,,,bpt6k6717270p: no usable pages in manifest.,2026-07-17T14:53:43.234208
echoran,bpt6k6717273x,,failed,0,0,,no_usable_pages,known,,,bpt6k6717273x: no usable pages in manifest.,2026-07-17T14:53:43.376484
echoran,bpt6k67172765,,failed,0,0,,no_usable_pages,known,,,bpt6k67172765: no usable pages in manifest.,2026-07-17T14:53:43.525804
echoran,bpt6k67172780,,failed,0,0,,no_usable_pages,known,,,bpt6k67172780: no usable pages in manifest.,2026-07-17T14:53:43.661727
echoran,bpt6k6717279d,,failed,0,0,,no_usable_pages,known,,,bpt6k6717279d: no usable pages in manifest.,2026-07-17T14:53:43.769265
echoran,bpt6k6717282w,,failed,0,0,,no_usable_pages,known,,,bpt6k6717282w: no usable pages in manifest.,2026-07-17T14:53:44.007403
echoran,bpt6k6717284q,,failed,0,0,,no_usable_pages,known,,,bpt6k6717284q: no usable pages in manifest.,2026-07-17T14:53:44.127702
echoran,bpt6k6717286j,,failed,0,0,,no_usable_pages,known,,,bpt6k6717286j: no usable pages in manifest.,2026-07-17T14:53:44.248155
echoran,bpt6k6717287z,,failed,0,0,,no_usable_pages,known,,,bpt6k6717287z: no usable pages in manifest.,2026-07-17T14:53:44.379261
echoran,bpt6k6717291v,,failed,0,0,,no_usable_pages,known,,,bpt6k6717291v: no usable pages in manifest.,2026-07-17T14:53:44.527309
echoran,bpt6k6717293p,,failed,0,0,,no_usable_pages,known,,,bpt6k6717293p: no usable pages in manifest.,2026-07-17T14:53:44.636082
echoran,bpt6k6717295h,,failed,0,0,,no_usable_pages,known,,,bpt6k6717295h: no usable pages in manifest.,2026-07-17T14:53:44.754663
echoran,bpt6k6717296x,,failed,0,0,,no_usable_pages,known,,,bpt6k6717296x: no usable pages in manifest.,2026-07-17T14:53:44.859690
echoran,bpt6k6717297b,,failed,0,0,,no_usable_pages,known,,,bpt6k6717297b: no usable pages in manifest.,2026-07-17T14:53:45.141677
echoran,bpt6k6717298r,,failed,0,0,,no_usable_pages,known,,,bpt6k6717298r: no usable pages in manifest.,2026-07-17T14:53:45.320278
echoran,bpt6k6717300c,,failed,0,0,,no_usable_pages,known,,,bpt6k6717300c: no usable pages in manifest.,2026-07-17T14:53:45.484230
echoran,bpt6k6717301s,,failed,0,0,,no_usable_pages,known,,,bpt6k6717301s: no usable pages in manifest.,2026-07-17T14:53:45.619042
echoran,bpt6k67173026,,failed,0,0,,no_usable_pages,known,,,bpt6k67173026: no usable pages in manifest.,2026-07-17T14:53:45.747400
echoran,bpt6k6717303m,,failed,0,0,,no_usable_pages,known,,,bpt6k6717303m: no usable pages in manifest.,2026-07-17T14:53:45.863013
echoran,bpt6k67173041,,failed,0,0,,no_usable_pages,known,,,bpt6k67173041: no usable pages in manifest.,2026-07-17T14:53:46.036068
echoran,bpt6k6717305f,,failed,0,0,,no_usable_pages,known,,,bpt6k6717305f: no usable pages in manifest.,2026-07-17T14:53:46.287169
echoran,bpt6k6717306v,,failed,0,0,,no_usable_pages,known,,,bpt6k6717306v: no usable pages in manifest.,2026-07-17T14:53:46.394941
echoran,bpt6k67173078,,failed,0,0,,no_usable_pages,known,,,bpt6k67173078: no usable pages in manifest.,2026-07-17T14:53:46.515261
echoran,bpt6k6717308p,,failed,0,0,,no_usable_pages,known,,,bpt6k6717308p: no usable pages in manifest.,2026-07-17T14:53:46.801256
echoran,bpt6k6717310r,,failed,0,0,,no_usable_pages,known,,,bpt6k6717310r: no usable pages in manifest.,2026-07-17T14:53:46.972121
echoran,bpt6k6717312k,,failed,0,0,,no_usable_pages,known,,,bpt6k6717312k: no usable pages in manifest.,2026-07-17T14:53:47.188195
echoran,bpt6k67173130,,failed,0,0,,no_usable_pages,known,,,bpt6k67173130: no usable pages in manifest.,2026-07-17T14:53:47.426718
echoran,bpt6k6717314d,,failed,0,0,,no_usable_pages,known,,,bpt6k6717314d: no usable pages in manifest.,2026-07-17T14:53:47.548284
echoran,bpt6k67173167,,failed,0,0,,no_usable_pages,known,,,bpt6k67173167: no usable pages in manifest.,2026-07-17T14:53:47.703494
echoran,bpt6k6717317n,,failed,0,0,,no_usable_pages,known,,,bpt6k6717317n: no usable pages in manifest.,2026-07-17T14:53:47.846092
echoran,bpt6k67173182,,failed,0,0,,no_usable_pages,known,,,bpt6k67173182: no usable pages in manifest.,2026-07-17T14:53:48.026187
echoran,bpt6k6717319g,,failed,0,0,,no_usable_pages,known,,,bpt6k6717319g: no usable pages in manifest.,2026-07-17T14:53:48.155705
echoran,bpt6k67173204,,failed,0,0,,no_usable_pages,known,,,bpt6k67173204: no usable pages in manifest.,2026-07-17T14:53:48.284341
echoran,bpt6k6717321j,,failed,0,0,,no_usable_pages,known,,,bpt6k6717321j: no usable pages in manifest.,2026-07-17T14:53:48.514318
echoran,bpt6k6717322z,,failed,0,0,,no_usable_pages,known,,,bpt6k6717322z: no usable pages in manifest.,2026-07-17T14:53:48.642930
echoran,bpt6k6717323c,,failed,0,0,,no_usable_pages,known,,,bpt6k6717323c: no usable pages in manifest.,2026-07-17T14:53:48.811605
echoran,bpt6k67173271,,failed,0,0,,no_usable_pages,known,,,bpt6k67173271: no usable pages in manifest.,2026-07-17T14:53:48.965296
echoran,bpt6k6717329v,,failed,0,0,,no_usable_pages,known,,,bpt6k6717329v: no usable pages in manifest.,2026-07-17T14:53:49.153960
echoran,bpt6k6717330h,,failed,0,0,,no_usable_pages,known,,,bpt6k6717330h: no usable pages in manifest.,2026-07-17T14:53:49.369531
echoran,bpt6k6717331x,,failed,0,0,,no_usable_pages,known,,,bpt6k6717331x: no usable pages in manifest.,2026-07-17T14:53:49.546967
echoran,bpt6k6717332b,,failed,0,0,,no_usable_pages,known,,,bpt6k6717332b: no usable pages in manifest.,2026-07-17T14:53:49.746929
echoran,bpt6k6717333r,,failed,0,0,,no_usable_pages,known,,,bpt6k6717333r: no usable pages in manifest.,2026-07-17T14:53:49.853010
echoran,bpt6k67173345,,failed,0,0,,no_usable_pages,known,,,bpt6k67173345: no usable pages in manifest.,2026-07-17T14:53:50.037897
echoran,bpt6k6717335k,,failed,0,0,,no_usable_pages,known,,,bpt6k6717335k: no usable pages in manifest.,2026-07-17T14:53:50.192298
echoran,bpt6k6717337d,,failed,0,0,,no_usable_pages,known,,,bpt6k6717337d: no usable pages in manifest.,2026-07-17T14:53:50.319942
echoran,bpt6k6717338t,,failed,0,0,,no_usable_pages,known,,,bpt6k6717338t: no usable pages in manifest.,2026-07-17T14:53:50.449970
echoran,bpt6k6717340w,,failed,0,0,,no_usable_pages,known,,,bpt6k6717340w: no usable pages in manifest.,2026-07-17T14:53:50.673700
echoran,bpt6k6717342q,,failed,0,0,,no_usable_pages,known,,,bpt6k6717342q: no usable pages in manifest.,2026-07-17T14:53:50.816250
echoran,bpt6k6717344j,,failed,0,0,,no_usable_pages,known,,,bpt6k6717344j: no usable pages in manifest.,2026-07-17T14:53:50.955470
echoran,bpt6k6717345z,,failed,0,0,,no_usable_pages,known,,,bpt6k6717345z: no usable pages in manifest.,2026-07-17T14:53:51.097164
echoran,bpt6k6717346c,,failed,0,0,,no_usable_pages,known,,,bpt6k6717346c: no usable pages in manifest.,2026-07-17T14:53:51.214716
echoran,bpt6k6717347s,,failed,0,0,,no_usable_pages,known,,,bpt6k6717347s: no usable pages in manifest.,2026-07-17T14:53:51.399297
echoran,bpt6k67173486,,failed,0,0,,no_usable_pages,known,,,bpt6k67173486: no usable pages in manifest.,2026-07-17T14:53:51.515444
echoran,bpt6k67173508,,failed,0,0,,no_usable_pages,known,,,bpt6k67173508: no usable pages in manifest.,2026-07-17T14:53:51.802842
echoran,bpt6k6717351p,,failed,0,0,,no_usable_pages,known,,,bpt6k6717351p: no usable pages in manifest.,2026-07-17T14:53:51.985725
echoran,bpt6k6717353h,,failed,0,0,,no_usable_pages,known,,,bpt6k6717353h: no usable pages in manifest.,2026-07-17T14:53:52.113594
echoran,bpt6k6717354x,,failed,0,0,,no_usable_pages,known,,,bpt6k6717354x: no usable pages in manifest.,2026-07-17T14:53:52.239310
echoran,bpt6k6717355b,,failed,0,0,,no_usable_pages,known,,,bpt6k6717355b: no usable pages in manifest.,2026-07-17T14:53:52.342500
echoran,bpt6k67173575,,failed,0,0,,no_usable_pages,known,,,bpt6k67173575: no usable pages in manifest.,2026-07-17T14:53:52.457839
echoran,bpt6k6717360n,,failed,0,0,,no_usable_pages,known,,,bpt6k6717360n: no usable pages in manifest.,2026-07-17T14:53:52.591593
echoran,bpt6k67173612,,failed,0,0,,no_usable_pages,known,,,bpt6k67173612: no usable pages in manifest.,2026-07-17T14:53:52.828999
echoran,bpt6k6717363w,,failed,0,0,,no_usable_pages,known,,,bpt6k6717363w: no usable pages in manifest.,2026-07-17T14:53:52.927749
echoran,bpt6k67173649,,failed,0,0,,no_usable_pages,known,,,bpt6k67173649: no usable pages in manifest.,2026-07-17T14:53:53.025557
echoran,bpt6k67173664,,failed,0,0,,no_usable_pages,known,,,bpt6k67173664: no usable pages in manifest.,2026-07-17T14:53:53.162356
echoran,bpt6k6717368z,,failed,0,0,,no_usable_pages,known,,,bpt6k6717368z: no usable pages in manifest.,2026-07-17T14:53:53.377163
echoran,bpt6k6717369c,,failed,0,0,,no_usable_pages,known,,,bpt6k6717369c: no usable pages in manifest.,2026-07-17T14:53:53.520490
echoran,bpt6k67173701,,failed,0,0,,no_usable_pages,known,,,bpt6k67173701: no usable pages in manifest.,2026-07-17T14:53:53.652519
echoran,bpt6k6717371f,,failed,0,0,,no_usable_pages,known,,,bpt6k6717371f: no usable pages in manifest.,2026-07-17T14:53:53.899747
echoran,bpt6k6717372v,,failed,0,0,,no_usable_pages,known,,,bpt6k6717372v: no usable pages in manifest.,2026-07-17T14:53:54.004234
echoran,bpt6k6717377x,,failed,0,0,,no_usable_pages,known,,,bpt6k6717377x: no usable pages in manifest.,2026-07-17T14:53:54.143504
echoran,bpt6k6717381t,,failed,0,0,,no_usable_pages,known,,,bpt6k6717381t: no usable pages in manifest.,2026-07-17T14:53:54.266652
echoran,bpt6k67173842,,failed,0,0,,no_usable_pages,known,,,bpt6k67173842: no usable pages in manifest.,2026-07-17T14:53:54.703297
echoran,bpt6k6717385g,,failed,0,0,,no_usable_pages,known,,,bpt6k6717385g: no usable pages in manifest.,2026-07-17T14:53:54.916704
echoran,bpt6k67173894,,failed,0,0,,no_usable_pages,known,,,bpt6k67173894: no usable pages in manifest.,2026-07-17T14:53:55.065182
echoran,bpt6k6717392m,,failed,0,0,,no_usable_pages,known,,,bpt6k6717392m: no usable pages in manifest.,2026-07-17T14:53:55.208545
echoran,bpt6k6717395v,,failed,0,0,,no_usable_pages,known,,,bpt6k6717395v: no usable pages in manifest.,2026-07-17T14:53:55.360380
echoran,bpt6k67173968,,failed,0,0,,no_usable_pages,known,,,bpt6k67173968: no usable pages in manifest.,2026-07-17T14:53:55.554713
echoran,bpt6k67173983,,failed,0,0,,no_usable_pages,known,,,bpt6k67173983: no usable pages in manifest.,2026-07-17T14:53:55.705525
echoran,bpt6k6717399h,,failed,0,0,,no_usable_pages,known,,,bpt6k6717399h: no usable pages in manifest.,2026-07-17T14:53:55.884593
echoran,bpt6k67174014,,failed,0,0,,no_usable_pages,known,,,bpt6k67174014: no usable pages in manifest.,2026-07-17T14:53:56.140827
echoran,bpt6k6717404c,,failed,0,0,,no_usable_pages,known,,,bpt6k6717404c: no usable pages in manifest.,2026-07-17T14:53:56.254844
echoran,bpt6k6717405s,,failed,0,0,,no_usable_pages,known,,,bpt6k6717405s: no usable pages in manifest.,2026-07-17T14:53:56.364888
echoran,bpt6k67174066,,failed,0,0,,no_usable_pages,known,,,bpt6k67174066: no usable pages in manifest.,2026-07-17T14:53:56.527363
echoran,bpt6k6717407m,,failed,0,0,,no_usable_pages,known,,,bpt6k6717407m: no usable pages in manifest.,2026-07-17T14:53:56.634349
echoran,bpt6k67174103,,failed,0,0,,no_usable_pages,known,,,bpt6k67174103: no usable pages in manifest.,2026-07-17T14:53:56.796175
echoran,bpt6k6717411h,,failed,0,0,,no_usable_pages,known,,,bpt6k6717411h: no usable pages in manifest.,2026-07-17T14:53:56.973479
echoran,bpt6k6717412x,,failed,0,0,,no_usable_pages,known,,,bpt6k6717412x: no usable pages in manifest.,2026-07-17T14:53:57.163370
echoran,bpt6k6717413b,,failed,0,0,,no_usable_pages,known,,,bpt6k6717413b: no usable pages in manifest.,2026-07-17T14:53:57.251722
echoran,bpt6k6717418d,,failed,0,0,,no_usable_pages,known,,,bpt6k6717418d: no usable pages in manifest.,2026-07-17T14:53:57.435957
echoran,bpt6k6717419t,,failed,0,0,,no_usable_pages,known,,,bpt6k6717419t: no usable pages in manifest.,2026-07-17T14:53:57.668706
echoran,bpt6k6717420g,,failed,0,0,,no_usable_pages,known,,,bpt6k6717420g: no usable pages in manifest.,2026-07-17T14:53:57.814556
echoran,bpt6k67174229,,failed,0,0,,no_usable_pages,known,,,bpt6k67174229: no usable pages in manifest.,2026-07-17T14:53:57.979269
echoran,bpt6k6717423q,,failed,0,0,,no_usable_pages,known,,,bpt6k6717423q: no usable pages in manifest.,2026-07-17T14:53:58.167471
echoran,bpt6k6717426z,,failed,0,0,,no_usable_pages,known,,,bpt6k6717426z: no usable pages in manifest.,2026-07-17T14:53:58.305612
echoran,bpt6k6717427c,,failed,0,0,,no_usable_pages,known,,,bpt6k6717427c: no usable pages in manifest.,2026-07-17T14:53:58.441451
echoran,bpt6k67174296,,failed,0,0,,no_usable_pages,known,,,bpt6k67174296: no usable pages in manifest.,2026-07-17T14:53:58.592255
echoran,bpt6k67174318,,failed,0,0,,no_usable_pages,known,,,bpt6k67174318: no usable pages in manifest.,2026-07-17T14:53:58.771620
echoran,bpt6k6717432p,,failed,0,0,,no_usable_pages,known,,,bpt6k6717432p: no usable pages in manifest.,2026-07-17T14:53:58.961654
echoran,bpt6k67174333,,failed,0,0,,no_usable_pages,known,,,bpt6k67174333: no usable pages in manifest.,2026-07-17T14:53:59.105262
echoran,bpt6k6717434h,,failed,0,0,,no_usable_pages,known,,,bpt6k6717434h: no usable pages in manifest.,2026-07-17T14:53:59.364434
echoran,bpt6k6717436b,,failed,0,0,,no_usable_pages,known,,,bpt6k6717436b: no usable pages in manifest.,2026-07-17T14:53:59.517275
echoran,bpt6k6717437r,,failed,0,0,,no_usable_pages,known,,,bpt6k6717437r: no usable pages in manifest.,2026-07-17T14:53:59.642442
echoran,bpt6k6717439k,,failed,0,0,,no_usable_pages,known,,,bpt6k6717439k: no usable pages in manifest.,2026-07-17T14:53:59.777665
echoran,bpt6k67174407,,failed,0,0,,no_usable_pages,known,,,bpt6k67174407: no usable pages in manifest.,2026-07-17T14:53:59.899134
echoran,bpt6k6717441n,,failed,0,0,,no_usable_pages,known,,,bpt6k6717441n: no usable pages in manifest.,2026-07-17T14:54:00.049399
echoran,bpt6k6717444w,,failed,0,0,,no_usable_pages,known,,,bpt6k6717444w: no usable pages in manifest.,2026-07-17T14:54:00.261208
echoran,bpt6k67174459,,failed,0,0,,no_usable_pages,known,,,bpt6k67174459: no usable pages in manifest.,2026-07-17T14:54:00.427682
echoran,bpt6k6717446q,,failed,0,0,,no_usable_pages,known,,,bpt6k6717446q: no usable pages in manifest.,2026-07-17T14:54:00.570252
echoran,bpt6k67174474,,failed,0,0,,no_usable_pages,known,,,bpt6k67174474: no usable pages in manifest.,2026-07-17T14:54:00.741136
echoran,bpt6k67174511,,failed,0,0,,no_usable_pages,known,,,bpt6k67174511: no usable pages in manifest.,2026-07-17T14:54:00.853533
echoran,bpt6k6717452f,,failed,0,0,,no_usable_pages,known,,,bpt6k6717452f: no usable pages in manifest.,2026-07-17T14:54:00.994731
echoran,bpt6k67174548,,failed,0,0,,no_usable_pages,known,,,bpt6k67174548: no usable pages in manifest.,2026-07-17T14:54:01.139682
echoran,bpt6k6717487n,,failed,0,0,,no_usable_pages,known,,,bpt6k6717487n: no usable pages in manifest.,2026-07-17T14:54:01.307135
echoran,bpt6k6717459b,,failed,0,0,,no_usable_pages,known,,,bpt6k6717459b: no usable pages in manifest.,2026-07-17T14:54:01.480999
echoran,bpt6k67174600,,failed,0,0,,no_usable_pages,known,,,bpt6k67174600: no usable pages in manifest.,2026-07-17T14:54:01.693610
echoran,bpt6k67174637,,failed,0,0,,no_usable_pages,known,,,bpt6k67174637: no usable pages in manifest.,2026-07-17T14:54:01.906198
echoran,bpt6k6717464n,,failed,0,0,,no_usable_pages,known,,,bpt6k6717464n: no usable pages in manifest.,2026-07-17T14:54:02.019237
echoran,bpt6k6717466g,,failed,0,0,,no_usable_pages,known,,,bpt6k6717466g: no usable pages in manifest.,2026-07-17T14:54:02.182947
echoran,bpt6k6717467w,,failed,0,0,,no_usable_pages,known,,,bpt6k6717467w: no usable pages in manifest.,2026-07-17T14:54:02.358692
echoran,bpt6k6717470c,,failed,0,0,,no_usable_pages,known,,,bpt6k6717470c: no usable pages in manifest.,2026-07-17T14:54:02.564184
echoran,bpt6k6717471s,,failed,0,0,,no_usable_pages,known,,,bpt6k6717471s: no usable pages in manifest.,2026-07-17T14:54:02.718518
echoran,bpt6k6717473m,,failed,0,0,,no_usable_pages,known,,,bpt6k6717473m: no usable pages in manifest.,2026-07-17T14:54:02.877138
echoran,bpt6k67174741,,failed,0,0,,no_usable_pages,known,,,bpt6k67174741: no usable pages in manifest.,2026-07-17T14:54:02.992983
echoran,bpt6k6717475f,,failed,0,0,,no_usable_pages,known,,,bpt6k6717475f: no usable pages in manifest.,2026-07-17T14:54:03.104514
echoran,bpt6k6717476v,,failed,0,0,,no_usable_pages,known,,,bpt6k6717476v: no usable pages in manifest.,2026-07-17T14:54:03.220236
echoran,bpt6k67174778,,failed,0,0,,no_usable_pages,known,,,bpt6k67174778: no usable pages in manifest.,2026-07-17T14:54:03.406179
echoran,bpt6k6717478p,,failed,0,0,,no_usable_pages,known,,,bpt6k6717478p: no usable pages in manifest.,2026-07-17T14:54:03.561947
echoran,bpt6k67174793,,failed,0,0,,no_usable_pages,known,,,bpt6k67174793: no usable pages in manifest.,2026-07-17T14:54:03.724126
echoran,bpt6k6717480r,,failed,0,0,,no_usable_pages,known,,,bpt6k6717480r: no usable pages in manifest.,2026-07-17T14:54:03.886638
echoran,bpt6k67174815,,failed,0,0,,no_usable_pages,known,,,bpt6k67174815: no usable pages in manifest.,2026-07-17T14:54:04.023950
echoran,bpt6k6717482k,,failed,0,0,,no_usable_pages,known,,,bpt6k6717482k: no usable pages in manifest.,2026-07-17T14:54:04.145289
echoran,bpt6k6717484d,,failed,0,0,,no_usable_pages,known,,,bpt6k6717484d: no usable pages in manifest.,2026-07-17T14:54:04.279229
echoran,bpt6k6717485t,,failed,0,0,,no_usable_pages,known,,,bpt6k6717485t: no usable pages in manifest.,2026-07-17T14:54:04.476873
echoran,bpt6k67174867,,failed,0,0,,no_usable_pages,known,,,bpt6k67174867: no usable pages in manifest.,2026-07-17T14:54:04.747547
echoran,bpt6k67174882,,failed,0,0,,no_usable_pages,known,,,bpt6k67174882: no usable pages in manifest.,2026-07-17T14:54:04.897408
echoran,bpt6k6717489g,,failed,0,0,,no_usable_pages,known,,,bpt6k6717489g: no usable pages in manifest.,2026-07-17T14:54:05.031941
echoran,bpt6k67174904,,failed,0,0,,no_usable_pages,known,,,bpt6k67174904: no usable pages in manifest.,2026-07-17T14:54:05.169110
echoran,bpt6k6717491j,,failed,0,0,,no_usable_pages,known,,,bpt6k6717491j: no usable pages in manifest.,2026-07-17T14:54:05.336275
echoran,bpt6k6717492z,,failed,0,0,,no_usable_pages,known,,,bpt6k6717492z: no usable pages in manifest.,2026-07-17T14:54:05.500624
echoran,bpt6k6717493c,,failed,0,0,,no_usable_pages,known,,,bpt6k6717493c: no usable pages in manifest.,2026-07-17T14:54:05.691467
echoran,bpt6k6717494s,,failed,0,0,,no_usable_pages,known,,,bpt6k6717494s: no usable pages in manifest.,2026-07-17T14:54:05.862408
echoran,bpt6k67174956,,failed,0,0,,no_usable_pages,known,,,bpt6k67174956: no usable pages in manifest.,2026-07-17T14:54:06.016732
echoran,bpt6k6717496m,,failed,0,0,,no_usable_pages,known,,,bpt6k6717496m: no usable pages in manifest.,2026-07-17T14:54:06.141758
echoran,bpt6k6717498f,,failed,0,0,,no_usable_pages,known,,,bpt6k6717498f: no usable pages in manifest.,2026-07-17T14:54:06.240913
echoran,bpt6k6717499v,,failed,0,0,,no_usable_pages,known,,,bpt6k6717499v: no usable pages in manifest.,2026-07-17T14:54:06.382056
echoran,bpt6k67175002,,failed,0,0,,no_usable_pages,known,,,bpt6k67175002: no usable pages in manifest.,2026-07-17T14:54:06.537646
echoran,bpt6k6717501g,,failed,0,0,,no_usable_pages,known,,,bpt6k6717501g: no usable pages in manifest.,2026-07-17T14:54:06.669618
echoran,bpt6k6717502w,,failed,0,0,,no_usable_pages,known,,,bpt6k6717502w: no usable pages in manifest.,2026-07-17T14:54:06.885277
echoran,bpt6k67175039,,failed,0,0,,no_usable_pages,known,,,bpt6k67175039: no usable pages in manifest.,2026-07-17T14:54:06.985424
echoran,bpt6k6717504q,,failed,0,0,,no_usable_pages,known,,,bpt6k6717504q: no usable pages in manifest.,2026-07-17T14:54:07.113165
echoran,bpt6k67175054,,failed,0,0,,no_usable_pages,known,,,bpt6k67175054: no usable pages in manifest.,2026-07-17T14:54:07.211329
echoran,bpt6k6717506j,,failed,0,0,,no_usable_pages,known,,,bpt6k6717506j: no usable pages in manifest.,2026-07-17T14:54:07.324349
echoran,bpt6k6717507z,,failed,0,0,,no_usable_pages,known,,,bpt6k6717507z: no usable pages in manifest.,2026-07-17T14:54:07.430664
echoran,bpt6k6717508c,,failed,0,0,,no_usable_pages,known,,,bpt6k6717508c: no usable pages in manifest.,2026-07-17T14:54:07.590139
echoran,bpt6k6717509s,,failed,0,0,,no_usable_pages,known,,,bpt6k6717509s: no usable pages in manifest.,2026-07-17T14:54:07.772695
echoran,bpt6k6717510f,,failed,0,0,,no_usable_pages,known,,,bpt6k6717510f: no usable pages in manifest.,2026-07-17T14:54:07.961985
echoran,bpt6k6717511v,,failed,0,0,,no_usable_pages,known,,,bpt6k6717511v: no usable pages in manifest.,2026-07-17T14:54:08.107471
echoran,bpt6k67175128,,failed,0,0,,no_usable_pages,known,,,bpt6k67175128: no usable pages in manifest.,2026-07-17T14:54:08.285194
echoran,bpt6k6717513p,,failed,0,0,,no_usable_pages,known,,,bpt6k6717513p: no usable pages in manifest.,2026-07-17T14:54:08.440553
echoran,bpt6k6717515h,,failed,0,0,,no_usable_pages,known,,,bpt6k6717515h: no usable pages in manifest.,2026-07-17T14:54:08.582152
echoran,bpt6k6717516x,,failed,0,0,,no_usable_pages,known,,,bpt6k6717516x: no usable pages in manifest.,2026-07-17T14:54:08.718293
echoran,bpt6k6717517b,,failed,0,0,,no_usable_pages,known,,,bpt6k6717517b: no usable pages in manifest.,2026-07-17T14:54:08.855396
echoran,bpt6k6717518r,,failed,0,0,,no_usable_pages,known,,,bpt6k6717518r: no usable pages in manifest.,2026-07-17T14:54:09.036756
echoran,bpt6k67175195,,failed,0,0,,no_usable_pages,known,,,bpt6k67175195: no usable pages in manifest.,2026-07-17T14:54:09.152908
echoran,bpt6k6717520t,,failed,0,0,,no_usable_pages,known,,,bpt6k6717520t: no usable pages in manifest.,2026-07-17T14:54:09.288322
echoran,bpt6k67175217,,failed,0,0,,no_usable_pages,known,,,bpt6k67175217: no usable pages in manifest.,2026-07-17T14:54:09.414363
echoran,bpt6k6717522n,,failed,0,0,,no_usable_pages,known,,,bpt6k6717522n: no usable pages in manifest.,2026-07-17T14:54:09.564398
echoran,bpt6k67175232,,failed,0,0,,no_usable_pages,known,,,bpt6k67175232: no usable pages in manifest.,2026-07-17T14:54:09.793179
echoran,bpt6k6717524g,,failed,0,0,,no_usable_pages,known,,,bpt6k6717524g: no usable pages in manifest.,2026-07-17T14:54:09.953344
echoran,bpt6k6717525w,,failed,0,0,,no_usable_pages,known,,,bpt6k6717525w: no usable pages in manifest.,2026-07-17T14:54:10.088465
echoran,bpt6k67175269,,failed,0,0,,no_usable_pages,known,,,bpt6k67175269: no usable pages in manifest.,2026-07-17T14:54:10.214995
echoran,bpt6k6717527q,,failed,0,0,,no_usable_pages,known,,,bpt6k6717527q: no usable pages in manifest.,2026-07-17T14:54:10.366114
echoran,bpt6k67175284,,failed,0,0,,no_usable_pages,known,,,bpt6k67175284: no usable pages in manifest.,2026-07-17T14:54:10.555622
echoran,bpt6k6717529j,,failed,0,0,,no_usable_pages,known,,,bpt6k6717529j: no usable pages in manifest.,2026-07-17T14:54:10.750851
echoran,bpt6k67175306,,failed,0,0,,no_usable_pages,known,,,bpt6k67175306: no usable pages in manifest.,2026-07-17T14:54:10.871263
echoran,bpt6k6717531m,,failed,0,0,,no_usable_pages,known,,,bpt6k6717531m: no usable pages in manifest.,2026-07-17T14:54:11.036062
echoran,bpt6k67175321,,failed,0,0,,no_usable_pages,known,,,bpt6k67175321: no usable pages in manifest.,2026-07-17T14:54:11.271454
echoran,bpt6k6717533f,,failed,0,0,,no_usable_pages,known,,,bpt6k6717533f: no usable pages in manifest.,2026-07-17T14:54:11.381099
echoran,bpt6k6717534v,,failed,0,0,,no_usable_pages,known,,,bpt6k6717534v: no usable pages in manifest.,2026-07-17T14:54:11.499264
echoran,bpt6k67175358,,failed,0,0,,no_usable_pages,known,,,bpt6k67175358: no usable pages in manifest.,2026-07-17T14:54:11.604046
echoran,bpt6k6717536p,,failed,0,0,,no_usable_pages,known,,,bpt6k6717536p: no usable pages in manifest.,2026-07-17T14:54:11.754905
echoran,bpt6k6717539x,,failed,0,0,,no_usable_pages,known,,,bpt6k6717539x: no usable pages in manifest.,2026-07-17T14:54:11.940388
echoran,bpt6k6717540k,,failed,0,0,,no_usable_pages,known,,,bpt6k6717540k: no usable pages in manifest.,2026-07-17T14:54:12.089674
echoran,bpt6k67175410,,failed,0,0,,no_usable_pages,known,,,bpt6k67175410: no usable pages in manifest.,2026-07-17T14:54:12.306276
echoran,bpt6k6717542d,,failed,0,0,,no_usable_pages,known,,,bpt6k6717542d: no usable pages in manifest.,2026-07-17T14:54:12.453834
echoran,bpt6k6717543t,,failed,0,0,,no_usable_pages,known,,,bpt6k6717543t: no usable pages in manifest.,2026-07-17T14:54:12.688965
echoran,bpt6k67175447,,failed,0,0,,no_usable_pages,known,,,bpt6k67175447: no usable pages in manifest.,2026-07-17T14:54:12.765598
echoran,bpt6k6717545n,,failed,0,0,,no_usable_pages,known,,,bpt6k6717545n: no usable pages in manifest.,2026-07-17T14:54:12.903149
echoran,bpt6k6717547g,,failed,0,0,,no_usable_pages,known,,,bpt6k6717547g: no usable pages in manifest.,2026-07-17T14:54:13.003348
echoran,bpt6k6717548w,,failed,0,0,,no_usable_pages,known,,,bpt6k6717548w: no usable pages in manifest.,2026-07-17T14:54:13.158851
echoran,bpt6k67175499,,failed,0,0,,no_usable_pages,known,,,bpt6k67175499: no usable pages in manifest.,2026-07-17T14:54:13.378628
echoran,bpt6k6717550z,,failed,0,0,,no_usable_pages,known,,,bpt6k6717550z: no usable pages in manifest.,2026-07-17T14:54:13.538146
echoran,bpt6k6717551c,,failed,0,0,,no_usable_pages,known,,,bpt6k6717551c: no usable pages in manifest.,2026-07-17T14:54:13.836905
echoran,bpt6k67175536,,failed,0,0,,no_usable_pages,known,,,bpt6k67175536: no usable pages in manifest.,2026-07-17T14:54:14.022202
echoran,bpt6k67175551,,failed,0,0,,no_usable_pages,known,,,bpt6k67175551: no usable pages in manifest.,2026-07-17T14:54:14.149444
echoran,bpt6k6717556f,,failed,0,0,,no_usable_pages,known,,,bpt6k6717556f: no usable pages in manifest.,2026-07-17T14:54:14.273726
echoran,bpt6k6717557v,,failed,0,0,,no_usable_pages,known,,,bpt6k6717557v: no usable pages in manifest.,2026-07-17T14:54:14.473741
echoran,bpt6k67175588,,failed,0,0,,no_usable_pages,known,,,bpt6k67175588: no usable pages in manifest.,2026-07-17T14:54:14.619777
echoran,bpt6k6717559p,,failed,0,0,,no_usable_pages,known,,,bpt6k6717559p: no usable pages in manifest.,2026-07-17T14:54:14.742677
echoran,bpt6k6717560b,,failed,0,0,,no_usable_pages,known,,,bpt6k6717560b: no usable pages in manifest.,2026-07-17T14:54:14.863395
echoran,bpt6k6717561r,,failed,0,0,,no_usable_pages,known,,,bpt6k6717561r: no usable pages in manifest.,2026-07-17T14:54:15.026239
echoran,bpt6k67175625,,failed,0,0,,no_usable_pages,known,,,bpt6k67175625: no usable pages in manifest.,2026-07-17T14:54:15.167391
echoran,bpt6k67175640,,failed,0,0,,no_usable_pages,known,,,bpt6k67175640: no usable pages in manifest.,2026-07-17T14:54:15.301934
echoran,bpt6k6717565d,,failed,0,0,,no_usable_pages,known,,,bpt6k6717565d: no usable pages in manifest.,2026-07-17T14:54:15.673542
echoran,bpt6k6717566t,,failed,0,0,,no_usable_pages,known,,,bpt6k6717566t: no usable pages in manifest.,2026-07-17T14:54:15.822665
echoran,bpt6k67175677,,failed,0,0,,no_usable_pages,known,,,bpt6k67175677: no usable pages in manifest.,2026-07-17T14:54:15.951236
echoran,bpt6k6717568n,,failed,0,0,,no_usable_pages,known,,,bpt6k6717568n: no usable pages in manifest.,2026-07-17T14:54:16.106469
echoran,bpt6k67175692,,failed,0,0,,no_usable_pages,known,,,bpt6k67175692: no usable pages in manifest.,2026-07-17T14:54:16.207542
echoran,bpt6k6717570q,,failed,0,0,,no_usable_pages,known,,,bpt6k6717570q: no usable pages in manifest.,2026-07-17T14:54:16.321580
echoran,bpt6k67175714,,failed,0,0,,no_usable_pages,known,,,bpt6k67175714: no usable pages in manifest.,2026-07-17T14:54:16.417378
echoran,bpt6k6717572j,,failed,0,0,,no_usable_pages,known,,,bpt6k6717572j: no usable pages in manifest.,2026-07-17T14:54:16.610649
echoran,bpt6k6717573z,,failed,0,0,,no_usable_pages,known,,,bpt6k6717573z: no usable pages in manifest.,2026-07-17T14:54:16.729926
echoran,bpt6k6717574c,,failed,0,0,,no_usable_pages,known,,,bpt6k6717574c: no usable pages in manifest.,2026-07-17T14:54:16.818765
echoran,bpt6k6717575s,,failed,0,0,,no_usable_pages,known,,,bpt6k6717575s: no usable pages in manifest.,2026-07-17T14:54:17.077284
echoran,bpt6k67175766,,failed,0,0,,no_usable_pages,known,,,bpt6k67175766: no usable pages in manifest.,2026-07-17T14:54:17.224558
echoran,bpt6k6717577m,,failed,0,0,,no_usable_pages,known,,,bpt6k6717577m: no usable pages in manifest.,2026-07-17T14:54:17.337056
echoran,bpt6k67175781,,failed,0,0,,no_usable_pages,known,,,bpt6k67175781: no usable pages in manifest.,2026-07-17T14:54:17.469827
echoran,bpt6k6717579f,,failed,0,0,,no_usable_pages,known,,,bpt6k6717579f: no usable pages in manifest.,2026-07-17T14:54:17.693149
echoran,bpt6k67175803,,failed,0,0,,no_usable_pages,known,,,bpt6k67175803: no usable pages in manifest.,2026-07-17T14:54:17.828802
echoran,bpt6k6717581h,,failed,0,0,,no_usable_pages,known,,,bpt6k6717581h: no usable pages in manifest.,2026-07-17T14:54:17.963465
echoran,bpt6k6717582x,,failed,0,0,,no_usable_pages,known,,,bpt6k6717582x: no usable pages in manifest.,2026-07-17T14:54:18.076044
echoran,bpt6k6717583b,,failed,0,0,,no_usable_pages,known,,,bpt6k6717583b: no usable pages in manifest.,2026-07-17T14:54:18.238427
echoran,bpt6k6717584r,,failed,0,0,,no_usable_pages,known,,,bpt6k6717584r: no usable pages in manifest.,2026-07-17T14:54:18.393773
echoran,bpt6k67175855,,failed,0,0,,no_usable_pages,known,,,bpt6k67175855: no usable pages in manifest.,2026-07-17T14:54:18.524890
echoran,bpt6k6717586k,,failed,0,0,,no_usable_pages,known,,,bpt6k6717586k: no usable pages in manifest.,2026-07-17T14:54:18.739932
echoran,bpt6k67175870,,failed,0,0,,no_usable_pages,known,,,bpt6k67175870: no usable pages in manifest.,2026-07-17T14:54:18.859249
echoran,bpt6k6717588d,,failed,0,0,,no_usable_pages,known,,,bpt6k6717588d: no usable pages in manifest.,2026-07-17T14:54:18.972986
echoran,bpt6k6717589t,,failed,0,0,,no_usable_pages,known,,,bpt6k6717589t: no usable pages in manifest.,2026-07-17T14:54:19.120375
echoran,bpt6k6717590g,,failed,0,0,,no_usable_pages,known,,,bpt6k6717590g: no usable pages in manifest.,2026-07-17T14:54:19.240039
echoran,bpt6k6717591w,,failed,0,0,,no_usable_pages,known,,,bpt6k6717591w: no usable pages in manifest.,2026-07-17T14:54:19.343724
echoran,bpt6k6717593q,,failed,0,0,,no_usable_pages,known,,,bpt6k6717593q: no usable pages in manifest.,2026-07-17T14:54:19.476561
echoran,bpt6k67175944,,failed,0,0,,no_usable_pages,known,,,bpt6k67175944: no usable pages in manifest.,2026-07-17T14:54:19.673315
echoran,bpt6k6717595j,,failed,0,0,,no_usable_pages,known,,,bpt6k6717595j: no usable pages in manifest.,2026-07-17T14:54:19.842627
echoran,bpt6k6717596z,,failed,0,0,,no_usable_pages,known,,,bpt6k6717596z: no usable pages in manifest.,2026-07-17T14:54:19.979771
echoran,bpt6k6717597c,,failed,0,0,,no_usable_pages,known,,,bpt6k6717597c: no usable pages in manifest.,2026-07-17T14:54:20.112291
echoran,bpt6k6717598s,,failed,0,0,,no_usable_pages,known,,,bpt6k6717598s: no usable pages in manifest.,2026-07-17T14:54:20.289531
echoran,bpt6k67175996,,failed,0,0,,no_usable_pages,known,,,bpt6k67175996: no usable pages in manifest.,2026-07-17T14:54:20.464232
echoran,bpt6k6717600d,,failed,0,0,,no_usable_pages,known,,,bpt6k6717600d: no usable pages in manifest.,2026-07-17T14:54:20.593428
echoran,bpt6k6717601t,,failed,0,0,,no_usable_pages,known,,,bpt6k6717601t: no usable pages in manifest.,2026-07-17T14:54:20.765541
echoran,bpt6k67176027,,failed,0,0,,no_usable_pages,known,,,bpt6k67176027: no usable pages in manifest.,2026-07-17T14:54:20.958561
echoran,bpt6k6717603n,,failed,0,0,,no_usable_pages,known,,,bpt6k6717603n: no usable pages in manifest.,2026-07-17T14:54:21.071748
echoran,bpt6k67176042,,failed,0,0,,no_usable_pages,known,,,bpt6k67176042: no usable pages in manifest.,2026-07-17T14:54:21.227743
echoran,bpt6k6717605g,,failed,0,0,,no_usable_pages,known,,,bpt6k6717605g: no usable pages in manifest.,2026-07-17T14:54:21.362552
echoran,bpt6k6717606w,,failed,0,0,,no_usable_pages,known,,,bpt6k6717606w: no usable pages in manifest.,2026-07-17T14:54:21.503779
echoran,bpt6k6717608q,,failed,0,0,,no_usable_pages,known,,,bpt6k6717608q: no usable pages in manifest.,2026-07-17T14:54:21.648413
echoran,bpt6k67176094,,failed,0,0,,no_usable_pages,known,,,bpt6k67176094: no usable pages in manifest.,2026-07-17T14:54:21.782100
echoran,bpt6k6717610s,,failed,0,0,,no_usable_pages,known,,,bpt6k6717610s: no usable pages in manifest.,2026-07-17T14:54:21.988120
echoran,bpt6k67176116,,failed,0,0,,no_usable_pages,known,,,bpt6k67176116: no usable pages in manifest.,2026-07-17T14:54:22.141490
echoran,bpt6k6717612m,,failed,0,0,,no_usable_pages,known,,,bpt6k6717612m: no usable pages in manifest.,2026-07-17T14:54:22.251567
echoran,bpt6k67176131,,failed,0,0,,no_usable_pages,known,,,bpt6k67176131: no usable pages in manifest.,2026-07-17T14:54:22.437178
echoran,bpt6k6717614f,,failed,0,0,,no_usable_pages,known,,,bpt6k6717614f: no usable pages in manifest.,2026-07-17T14:54:22.594878
echoran,bpt6k6717615v,,failed,0,0,,no_usable_pages,known,,,bpt6k6717615v: no usable pages in manifest.,2026-07-17T14:54:22.737809
echoran,bpt6k67176168,,failed,0,0,,no_usable_pages,known,,,bpt6k67176168: no usable pages in manifest.,2026-07-17T14:54:22.853620
echoran,bpt6k6717617p,,failed,0,0,,no_usable_pages,known,,,bpt6k6717617p: no usable pages in manifest.,2026-07-17T14:54:22.982506
echoran,bpt6k67176183,,failed,0,0,,no_usable_pages,known,,,bpt6k67176183: no usable pages in manifest.,2026-07-17T14:54:23.120915
echoran,bpt6k6717619h,,failed,0,0,,no_usable_pages,known,,,bpt6k6717619h: no usable pages in manifest.,2026-07-17T14:54:23.244700
echoran,bpt6k67176205,,failed,0,0,,no_usable_pages,known,,,bpt6k67176205: no usable pages in manifest.,2026-07-17T14:54:23.343440
echoran,bpt6k6717621k,,failed,0,0,,no_usable_pages,known,,,bpt6k6717621k: no usable pages in manifest.,2026-07-17T14:54:23.467348
echoran,bpt6k67176220,,failed,0,0,,no_usable_pages,known,,,bpt6k67176220: no usable pages in manifest.,2026-07-17T14:54:23.703050
echoran,bpt6k6717624t,,failed,0,0,,no_usable_pages,known,,,bpt6k6717624t: no usable pages in manifest.,2026-07-17T14:54:23.860163
echoran,bpt6k6717626n,,failed,0,0,,no_usable_pages,known,,,bpt6k6717626n: no usable pages in manifest.,2026-07-17T14:54:24.025320
echoran,bpt6k67176272,,failed,0,0,,no_usable_pages,known,,,bpt6k67176272: no usable pages in manifest.,2026-07-17T14:54:24.241746
echoran,bpt6k6717629w,,failed,0,0,,no_usable_pages,known,,,bpt6k6717629w: no usable pages in manifest.,2026-07-17T14:54:24.372467
echoran,bpt6k6717632c,,failed,0,0,,no_usable_pages,known,,,bpt6k6717632c: no usable pages in manifest.,2026-07-17T14:54:24.487385
echoran,bpt6k6717633s,,failed,0,0,,no_usable_pages,known,,,bpt6k6717633s: no usable pages in manifest.,2026-07-17T14:54:24.655081
echoran,bpt6k67176346,,failed,0,0,,no_usable_pages,known,,,bpt6k67176346: no usable pages in manifest.,2026-07-17T14:54:24.819944
echoran,bpt6k6717635m,,failed,0,0,,no_usable_pages,known,,,bpt6k6717635m: no usable pages in manifest.,2026-07-17T14:54:24.928975
echoran,bpt6k67176361,,failed,0,0,,no_usable_pages,known,,,bpt6k67176361: no usable pages in manifest.,2026-07-17T14:54:25.073768
echoran,bpt6k6717637f,,failed,0,0,,no_usable_pages,known,,,bpt6k6717637f: no usable pages in manifest.,2026-07-17T14:54:25.382486
echoran,bpt6k6717638v,,failed,0,0,,no_usable_pages,known,,,bpt6k6717638v: no usable pages in manifest.,2026-07-17T14:54:25.532769
echoran,bpt6k67176398,,failed,0,0,,no_usable_pages,known,,,bpt6k67176398: no usable pages in manifest.,2026-07-17T14:54:25.749858
echoran,bpt6k6717642r,,failed,0,0,,no_usable_pages,known,,,bpt6k6717642r: no usable pages in manifest.,2026-07-17T14:54:25.901697
echoran,bpt6k6717651q,,failed,0,0,,no_usable_pages,known,,,bpt6k6717651q: no usable pages in manifest.,2026-07-17T14:54:26.098764
echoran,bpt6k6717653j,,failed,0,0,,no_usable_pages,known,,,bpt6k6717653j: no usable pages in manifest.,2026-07-17T14:54:26.272937
echoran,bpt6k6717654z,,failed,0,0,,no_usable_pages,known,,,bpt6k6717654z: no usable pages in manifest.,2026-07-17T14:54:26.439681
echoran,bpt6k6717655c,,failed,0,0,,no_usable_pages,known,,,bpt6k6717655c: no usable pages in manifest.,2026-07-17T14:54:26.623890
echoran,bpt6k6717656s,,failed,0,0,,no_usable_pages,known,,,bpt6k6717656s: no usable pages in manifest.,2026-07-17T14:54:26.835199
echoran,bpt6k67176576,,failed,0,0,,no_usable_pages,known,,,bpt6k67176576: no usable pages in manifest.,2026-07-17T14:54:27.019488
echoran,bpt6k6717662h,,failed,0,0,,no_usable_pages,known,,,bpt6k6717662h: no usable pages in manifest.,2026-07-17T14:54:27.145152
echoran,bpt6k6717664b,,failed,0,0,,no_usable_pages,known,,,bpt6k6717664b: no usable pages in manifest.,2026-07-17T14:54:27.379132
echoran,bpt6k6717667k,,failed,0,0,,no_usable_pages,known,,,bpt6k6717667k: no usable pages in manifest.,2026-07-17T14:54:27.480705
echoran,bpt6k67176680,,failed,0,0,,no_usable_pages,known,,,bpt6k67176680: no usable pages in manifest.,2026-07-17T14:54:27.631604
echoran,bpt6k67176702,,failed,0,0,,no_usable_pages,known,,,bpt6k67176702: no usable pages in manifest.,2026-07-17T14:54:27.731434
echoran,bpt6k6717671g,,failed,0,0,,no_usable_pages,known,,,bpt6k6717671g: no usable pages in manifest.,2026-07-17T14:54:27.913312
echoran,bpt6k6717672w,,failed,0,0,,no_usable_pages,known,,,bpt6k6717672w: no usable pages in manifest.,2026-07-17T14:54:28.121869
echoran,bpt6k67176739,,failed,0,0,,no_usable_pages,known,,,bpt6k67176739: no usable pages in manifest.,2026-07-17T14:54:28.237126
echoran,bpt6k67176754,,failed,0,0,,no_usable_pages,known,,,bpt6k67176754: no usable pages in manifest.,2026-07-17T14:54:28.384742
echoran,bpt6k6717678c,,failed,0,0,,no_usable_pages,known,,,bpt6k6717678c: no usable pages in manifest.,2026-07-17T14:54:28.503902
echoran,bpt6k6717679s,,failed,0,0,,no_usable_pages,known,,,bpt6k6717679s: no usable pages in manifest.,2026-07-17T14:54:28.633297
echoran,bpt6k6717680f,,failed,0,0,,no_usable_pages,known,,,bpt6k6717680f: no usable pages in manifest.,2026-07-17T14:54:28.796962
echoran,bpt6k6717683p,,failed,0,0,,no_usable_pages,known,,,bpt6k6717683p: no usable pages in manifest.,2026-07-17T14:54:28.943193
echoran,bpt6k67176843,,failed,0,0,,no_usable_pages,known,,,bpt6k67176843: no usable pages in manifest.,2026-07-17T14:54:29.083348
echoran,bpt6k6717686x,,failed,0,0,,no_usable_pages,known,,,bpt6k6717686x: no usable pages in manifest.,2026-07-17T14:54:29.211646
echoran,bpt6k6717688r,,failed,0,0,,no_usable_pages,known,,,bpt6k6717688r: no usable pages in manifest.,2026-07-17T14:54:29.326268
echoran,bpt6k67176895,,failed,0,0,,no_usable_pages,known,,,bpt6k67176895: no usable pages in manifest.,2026-07-17T14:54:29.487965
echoran,bpt6k6717690t,,failed,0,0,,no_usable_pages,known,,,bpt6k6717690t: no usable pages in manifest.,2026-07-17T14:54:29.617003
echoran,bpt6k67176917,,failed,0,0,,no_usable_pages,known,,,bpt6k67176917: no usable pages in manifest.,2026-07-17T14:54:29.784685
echoran,bpt6k6717692n,,failed,0,0,,no_usable_pages,known,,,bpt6k6717692n: no usable pages in manifest.,2026-07-17T14:54:30.017102
echoran,bpt6k67176932,,failed,0,0,,no_usable_pages,known,,,bpt6k67176932: no usable pages in manifest.,2026-07-17T14:54:30.139562
echoran,bpt6k6717694g,,failed,0,0,,no_usable_pages,known,,,bpt6k6717694g: no usable pages in manifest.,2026-07-17T14:54:30.234095
echoran,bpt6k6717695w,,failed,0,0,,no_usable_pages,known,,,bpt6k6717695w: no usable pages in manifest.,2026-07-17T14:54:30.349160
echoran,bpt6k67176969,,failed,0,0,,no_usable_pages,known,,,bpt6k67176969: no usable pages in manifest.,2026-07-17T14:54:30.536331
echoran,bpt6k6717697q,,failed,0,0,,no_usable_pages,known,,,bpt6k6717697q: no usable pages in manifest.,2026-07-17T14:54:30.682044
echoran,bpt6k67176984,,failed,0,0,,no_usable_pages,known,,,bpt6k67176984: no usable pages in manifest.,2026-07-17T14:54:30.819607
echoran,bpt6k6717700r,,failed,0,0,,no_usable_pages,known,,,bpt6k6717700r: no usable pages in manifest.,2026-07-17T14:54:30.968087
echoran,bpt6k67177015,,failed,0,0,,no_usable_pages,known,,,bpt6k67177015: no usable pages in manifest.,2026-07-17T14:54:31.143580
echoran,bpt6k6717702k,,failed,0,0,,no_usable_pages,known,,,bpt6k6717702k: no usable pages in manifest.,2026-07-17T14:54:31.319435
echoran,bpt6k67177030,,failed,0,0,,no_usable_pages,known,,,bpt6k67177030: no usable pages in manifest.,2026-07-17T14:54:31.455672
echoran,bpt6k6717704d,,failed,0,0,,no_usable_pages,known,,,bpt6k6717704d: no usable pages in manifest.,2026-07-17T14:54:31.626889
echoran,bpt6k6717705t,,failed,0,0,,no_usable_pages,known,,,bpt6k6717705t: no usable pages in manifest.,2026-07-17T14:54:31.768367
echoran,bpt6k67177067,,failed,0,0,,no_usable_pages,known,,,bpt6k67177067: no usable pages in manifest.,2026-07-17T14:54:31.897886
echoran,bpt6k67177082,,failed,0,0,,no_usable_pages,known,,,bpt6k67177082: no usable pages in manifest.,2026-07-17T14:54:32.014583
echoran,bpt6k6717709g,,failed,0,0,,no_usable_pages,known,,,bpt6k6717709g: no usable pages in manifest.,2026-07-17T14:54:32.233497
echoran,bpt6k67177104,,failed,0,0,,no_usable_pages,known,,,bpt6k67177104: no usable pages in manifest.,2026-07-17T14:54:32.375161
echoran,bpt6k6717711j,,failed,0,0,,no_usable_pages,known,,,bpt6k6717711j: no usable pages in manifest.,2026-07-17T14:54:32.549938
echoran,bpt6k6717712z,,failed,0,0,,no_usable_pages,known,,,bpt6k6717712z: no usable pages in manifest.,2026-07-17T14:54:32.789288
echoran,bpt6k6717713c,,failed,0,0,,no_usable_pages,known,,,bpt6k6717713c: no usable pages in manifest.,2026-07-17T14:54:32.958732
echoran,bpt6k6717716m,,failed,0,0,,no_usable_pages,known,,,bpt6k6717716m: no usable pages in manifest.,2026-07-17T14:54:33.129347
echoran,bpt6k67177171,,failed,0,0,,no_usable_pages,known,,,bpt6k67177171: no usable pages in manifest.,2026-07-17T14:54:33.310723
echoran,bpt6k6717718f,,failed,0,0,,no_usable_pages,known,,,bpt6k6717718f: no usable pages in manifest.,2026-07-17T14:54:33.437861
echoran,bpt6k6717720h,,failed,0,0,,no_usable_pages,known,,,bpt6k6717720h: no usable pages in manifest.,2026-07-17T14:54:33.580602
echoran,bpt6k6734446b,,failed,0,0,,no_usable_pages,known,,,bpt6k6734446b: no usable pages in manifest.,2026-07-17T14:54:33.811242
echoran,bpt6k6734512w,,failed,0,0,,no_usable_pages,known,,,bpt6k6734512w: no usable pages in manifest.,2026-07-17T14:54:33.981948
echoran,bd6t521694169,,failed,0,0,,no_usable_pages,known,,,bd6t521694169: no usable pages in manifest.,2026-07-17T14:54:34.133130
echoran,bpt6k6734666s,,failed,0,0,,no_usable_pages,known,,,bpt6k6734666s: no usable pages in manifest.,2026-07-17T14:54:34.267405
echoran,bpt6k67351723,,failed,0,0,,no_usable_pages,known,,,bpt6k67351723: no usable pages in manifest.,2026-07-17T14:54:34.466283
echoran,bpt6k6736206r,,failed,0,0,,no_usable_pages,known,,,bpt6k6736206r: no usable pages in manifest.,2026-07-17T14:54:34.652834
echoran,bpt6k67360529,,failed,0,0,,no_usable_pages,known,,,bpt6k67360529: no usable pages in manifest.,2026-07-17T14:54:34.883466
echoran,bpt6k6735986w,,failed,0,0,,no_usable_pages,known,,,bpt6k6735986w: no usable pages in manifest.,2026-07-17T14:54:35.004719
echoran,bpt6k67484478,,failed,0,0,,no_usable_pages,known,,,bpt6k67484478: no usable pages in manifest.,2026-07-17T14:54:35.129354
echoran,bpt6k6748448p,,failed,0,0,,no_usable_pages,known,,,bpt6k6748448p: no usable pages in manifest.,2026-07-17T14:54:35.284535
echoran,bpt6k67484493,,failed,0,0,,no_usable_pages,known,,,bpt6k67484493: no usable pages in manifest.,2026-07-17T14:54:35.422094
echoran,bpt6k6748450r,,failed,0,0,,no_usable_pages,known,,,bpt6k6748450r: no usable pages in manifest.,2026-07-17T14:54:35.542299
echoran,bpt6k67484515,,failed,0,0,,no_usable_pages,known,,,bpt6k67484515: no usable pages in manifest.,2026-07-17T14:54:35.735176
echoran,bpt6k6748452k,,failed,0,0,,no_usable_pages,known,,,bpt6k6748452k: no usable pages in manifest.,2026-07-17T14:54:35.912121
echoran,bpt6k67484530,,failed,0,0,,no_usable_pages,known,,,bpt6k67484530: no usable pages in manifest.,2026-07-17T14:54:36.052235
echoran,bpt6k6748454d,,failed,0,0,,no_usable_pages,known,,,bpt6k6748454d: no usable pages in manifest.,2026-07-17T14:54:36.155676
echoran,bpt6k6748455t,,failed,0,0,,no_usable_pages,known,,,bpt6k6748455t: no usable pages in manifest.,2026-07-17T14:54:36.298608
echoran,bpt6k67484567,,failed,0,0,,no_usable_pages,known,,,bpt6k67484567: no usable pages in manifest.,2026-07-17T14:54:36.414244
echoran,bpt6k6748457n,,failed,0,0,,no_usable_pages,known,,,bpt6k6748457n: no usable pages in manifest.,2026-07-17T14:54:36.593467
echoran,bpt6k67484582,,failed,0,0,,no_usable_pages,known,,,bpt6k67484582: no usable pages in manifest.,2026-07-17T14:54:36.754537
echoran,bpt6k6748459g,,failed,0,0,,no_usable_pages,known,,,bpt6k6748459g: no usable pages in manifest.,2026-07-17T14:54:36.846745
echoran,bpt6k67484604,,failed,0,0,,no_usable_pages,known,,,bpt6k67484604: no usable pages in manifest.,2026-07-17T14:54:37.050500
echoran,bpt6k6748461j,,failed,0,0,,no_usable_pages,known,,,bpt6k6748461j: no usable pages in manifest.,2026-07-17T14:54:37.175466
echoran,bpt6k6748462z,,failed,0,0,,no_usable_pages,known,,,bpt6k6748462z: no usable pages in manifest.,2026-07-17T14:54:37.295322
echoran,bpt6k6748463c,,failed,0,0,,no_usable_pages,known,,,bpt6k6748463c: no usable pages in manifest.,2026-07-17T14:54:37.408297
echoran,bpt6k6748464s,,failed,0,0,,no_usable_pages,known,,,bpt6k6748464s: no usable pages in manifest.,2026-07-17T14:54:37.584746
echoran,bpt6k67484656,,failed,0,0,,no_usable_pages,known,,,bpt6k67484656: no usable pages in manifest.,2026-07-17T14:54:37.785582
echoran,bpt6k6748466m,,failed,0,0,,no_usable_pages,known,,,bpt6k6748466m: no usable pages in manifest.,2026-07-17T14:54:37.878819
echoran,bpt6k67484671,,failed,0,0,,no_usable_pages,known,,,bpt6k67484671: no usable pages in manifest.,2026-07-17T14:54:38.036078
echoran,bpt6k6748468f,,failed,0,0,,no_usable_pages,known,,,bpt6k6748468f: no usable pages in manifest.,2026-07-17T14:54:38.140652
echoran,bpt6k6748469v,,failed,0,0,,no_usable_pages,known,,,bpt6k6748469v: no usable pages in manifest.,2026-07-17T14:54:38.230116
echoran,bpt6k6748470h,,failed,0,0,,no_usable_pages,known,,,bpt6k6748470h: no usable pages in manifest.,2026-07-17T14:54:38.305640
echoran,bpt6k6748471x,,failed,0,0,,no_usable_pages,known,,,bpt6k6748471x: no usable pages in manifest.,2026-07-17T14:54:38.453764
echoran,bpt6k6748472b,,failed,0,0,,no_usable_pages,known,,,bpt6k6748472b: no usable pages in manifest.,2026-07-17T14:54:38.572475
echoran,bpt6k6748473r,,failed,0,0,,no_usable_pages,known,,,bpt6k6748473r: no usable pages in manifest.,2026-07-17T14:54:38.801885
echoran,bpt6k67484745,,failed,0,0,,no_usable_pages,known,,,bpt6k67484745: no usable pages in manifest.,2026-07-17T14:54:38.931348
echoran,bpt6k6748475k,,failed,0,0,,no_usable_pages,known,,,bpt6k6748475k: no usable pages in manifest.,2026-07-17T14:54:39.222141
echoran,bpt6k67484760,,failed,0,0,,no_usable_pages,known,,,bpt6k67484760: no usable pages in manifest.,2026-07-17T14:54:39.337289
echoran,bpt6k6748477d,,failed,0,0,,no_usable_pages,known,,,bpt6k6748477d: no usable pages in manifest.,2026-07-17T14:54:39.504738
echoran,bpt6k6748478t,,failed,0,0,,no_usable_pages,known,,,bpt6k6748478t: no usable pages in manifest.,2026-07-17T14:54:39.597124
echoran,bpt6k67484797,,failed,0,0,,no_usable_pages,known,,,bpt6k67484797: no usable pages in manifest.,2026-07-17T14:54:39.700582
echoran,bpt6k6748480w,,failed,0,0,,no_usable_pages,known,,,bpt6k6748480w: no usable pages in manifest.,2026-07-17T14:54:39.859981
echoran,bpt6k67484819,,failed,0,0,,no_usable_pages,known,,,bpt6k67484819: no usable pages in manifest.,2026-07-17T14:54:39.964125
echoran,bpt6k6748482q,,failed,0,0,,no_usable_pages,known,,,bpt6k6748482q: no usable pages in manifest.,2026-07-17T14:54:40.076320
echoran,bpt6k67484834,,failed,0,0,,no_usable_pages,known,,,bpt6k67484834: no usable pages in manifest.,2026-07-17T14:54:40.278155
echoran,bpt6k6748484j,,failed,0,0,,no_usable_pages,known,,,bpt6k6748484j: no usable pages in manifest.,2026-07-17T14:54:40.390521
echoran,bpt6k6748485z,,failed,0,0,,no_usable_pages,known,,,bpt6k6748485z: no usable pages in manifest.,2026-07-17T14:54:40.488098
echoran,bpt6k6748486c,,failed,0,0,,no_usable_pages,known,,,bpt6k6748486c: no usable pages in manifest.,2026-07-17T14:54:40.652116
echoran,bpt6k6748487s,,failed,0,0,,no_usable_pages,known,,,bpt6k6748487s: no usable pages in manifest.,2026-07-17T14:54:40.796487
echoran,bpt6k67484886,,failed,0,0,,no_usable_pages,known,,,bpt6k67484886: no usable pages in manifest.,2026-07-17T14:54:40.960727
echoran,bpt6k6748489m,,failed,0,0,,no_usable_pages,known,,,bpt6k6748489m: no usable pages in manifest.,2026-07-17T14:54:41.109894
echoran,bpt6k67484908,,failed,0,0,,no_usable_pages,known,,,bpt6k67484908: no usable pages in manifest.,2026-07-17T14:54:41.345120
echoran,bpt6k6748491p,,failed,0,0,,no_usable_pages,known,,,bpt6k6748491p: no usable pages in manifest.,2026-07-17T14:54:41.491714
echoran,bpt6k67484923,,failed,0,0,,no_usable_pages,known,,,bpt6k67484923: no usable pages in manifest.,2026-07-17T14:54:41.609574
echoran,bpt6k6748493h,,failed,0,0,,no_usable_pages,known,,,bpt6k6748493h: no usable pages in manifest.,2026-07-17T14:54:41.751473
echoran,bpt6k6748494x,,failed,0,0,,no_usable_pages,known,,,bpt6k6748494x: no usable pages in manifest.,2026-07-17T14:54:41.905093
echoran,bpt6k6748495b,,failed,0,0,,no_usable_pages,known,,,bpt6k6748495b: no usable pages in manifest.,2026-07-17T14:54:42.058621
echoran,bpt6k6748496r,,failed,0,0,,no_usable_pages,known,,,bpt6k6748496r: no usable pages in manifest.,2026-07-17T14:54:42.183201
echoran,bpt6k67484975,,failed,0,0,,no_usable_pages,known,,,bpt6k67484975: no usable pages in manifest.,2026-07-17T14:54:42.311331
echoran,bpt6k6748498k,,failed,0,0,,no_usable_pages,known,,,bpt6k6748498k: no usable pages in manifest.,2026-07-17T14:54:42.449545
echoran,bpt6k67484990,,failed,0,0,,no_usable_pages,known,,,bpt6k67484990: no usable pages in manifest.,2026-07-17T14:54:42.565698
echoran,bpt6k67485006,,failed,0,0,,no_usable_pages,known,,,bpt6k67485006: no usable pages in manifest.,2026-07-17T14:54:42.712924
echoran,bpt6k6748501m,,failed,0,0,,no_usable_pages,known,,,bpt6k6748501m: no usable pages in manifest.,2026-07-17T14:54:42.799865
echoran,bpt6k67485021,,failed,0,0,,no_usable_pages,known,,,bpt6k67485021: no usable pages in manifest.,2026-07-17T14:54:42.914194
echoran,bpt6k6748503f,,failed,0,0,,no_usable_pages,known,,,bpt6k6748503f: no usable pages in manifest.,2026-07-17T14:54:43.083044
echoran,bpt6k6748504v,,failed,0,0,,no_usable_pages,known,,,bpt6k6748504v: no usable pages in manifest.,2026-07-17T14:54:43.187941
echoran,bpt6k67485058,,failed,0,0,,no_usable_pages,known,,,bpt6k67485058: no usable pages in manifest.,2026-07-17T14:54:43.390436
echoran,bpt6k6748506p,,failed,0,0,,no_usable_pages,known,,,bpt6k6748506p: no usable pages in manifest.,2026-07-17T14:54:43.565007
echoran,bpt6k67485073,,failed,0,0,,no_usable_pages,known,,,bpt6k67485073: no usable pages in manifest.,2026-07-17T14:54:43.850534
echoran,bpt6k6748508h,,failed,0,0,,no_usable_pages,known,,,bpt6k6748508h: no usable pages in manifest.,2026-07-17T14:54:44.016847
echoran,bpt6k6748509x,,failed,0,0,,no_usable_pages,known,,,bpt6k6748509x: no usable pages in manifest.,2026-07-17T14:54:44.174244
echoran,bpt6k6748510k,,failed,0,0,,no_usable_pages,known,,,bpt6k6748510k: no usable pages in manifest.,2026-07-17T14:54:44.348111
echoran,bpt6k67485110,,failed,0,0,,no_usable_pages,known,,,bpt6k67485110: no usable pages in manifest.,2026-07-17T14:54:44.558611
echoran,bpt6k6748512d,,failed,0,0,,no_usable_pages,known,,,bpt6k6748512d: no usable pages in manifest.,2026-07-17T14:54:44.703378
echoran,bpt6k6748513t,,failed,0,0,,no_usable_pages,known,,,bpt6k6748513t: no usable pages in manifest.,2026-07-17T14:54:44.823683
echoran,bpt6k67485147,,failed,0,0,,no_usable_pages,known,,,bpt6k67485147: no usable pages in manifest.,2026-07-17T14:54:44.935889
echoran,bpt6k6748515n,,failed,0,0,,no_usable_pages,known,,,bpt6k6748515n: no usable pages in manifest.,2026-07-17T14:54:45.042583
echoran,bpt6k67485162,,failed,0,0,,no_usable_pages,known,,,bpt6k67485162: no usable pages in manifest.,2026-07-17T14:54:45.224047
echoran,bpt6k6748517g,,failed,0,0,,no_usable_pages,known,,,bpt6k6748517g: no usable pages in manifest.,2026-07-17T14:54:45.364599
echoran,bpt6k6748518w,,failed,0,0,,no_usable_pages,known,,,bpt6k6748518w: no usable pages in manifest.,2026-07-17T14:54:45.553083
echoran,bpt6k67485199,,failed,0,0,,no_usable_pages,known,,,bpt6k67485199: no usable pages in manifest.,2026-07-17T14:54:45.671315
echoran,bpt6k6748520z,,failed,0,0,,no_usable_pages,known,,,bpt6k6748520z: no usable pages in manifest.,2026-07-17T14:54:45.794380
echoran,bpt6k6748521c,,failed,0,0,,no_usable_pages,known,,,bpt6k6748521c: no usable pages in manifest.,2026-07-17T14:54:45.947489
echoran,bpt6k6748522s,,failed,0,0,,no_usable_pages,known,,,bpt6k6748522s: no usable pages in manifest.,2026-07-17T14:54:46.103202
echoran,bpt6k67485236,,failed,0,0,,no_usable_pages,known,,,bpt6k67485236: no usable pages in manifest.,2026-07-17T14:54:46.333344
echoran,bpt6k6748524m,,failed,0,0,,no_usable_pages,known,,,bpt6k6748524m: no usable pages in manifest.,2026-07-17T14:54:46.508034
echoran,bpt6k67485251,,failed,0,0,,no_usable_pages,known,,,bpt6k67485251: no usable pages in manifest.,2026-07-17T14:54:46.793206
echoran,bpt6k6748526f,,failed,0,0,,no_usable_pages,known,,,bpt6k6748526f: no usable pages in manifest.,2026-07-17T14:54:46.982730
echoran,bpt6k6748527v,,failed,0,0,,no_usable_pages,known,,,bpt6k6748527v: no usable pages in manifest.,2026-07-17T14:54:47.093173
echoran,bpt6k67485288,,failed,0,0,,no_usable_pages,known,,,bpt6k67485288: no usable pages in manifest.,2026-07-17T14:54:47.228008
echoran,bpt6k6748529p,,failed,0,0,,no_usable_pages,known,,,bpt6k6748529p: no usable pages in manifest.,2026-07-17T14:54:47.357206
echoran,bpt6k6748530b,,failed,0,0,,no_usable_pages,known,,,bpt6k6748530b: no usable pages in manifest.,2026-07-17T14:54:47.452173
echoran,bpt6k6748531r,,failed,0,0,,no_usable_pages,known,,,bpt6k6748531r: no usable pages in manifest.,2026-07-17T14:54:47.578937
echoran,bpt6k67485325,,failed,0,0,,no_usable_pages,known,,,bpt6k67485325: no usable pages in manifest.,2026-07-17T14:54:47.747097
echoran,bpt6k6748533k,,failed,0,0,,no_usable_pages,known,,,bpt6k6748533k: no usable pages in manifest.,2026-07-17T14:54:47.848238
echoran,bpt6k67485340,,failed,0,0,,no_usable_pages,known,,,bpt6k67485340: no usable pages in manifest.,2026-07-17T14:54:47.997114
echoran,bpt6k6748535d,,failed,0,0,,no_usable_pages,known,,,bpt6k6748535d: no usable pages in manifest.,2026-07-17T14:54:48.100432
echoran,bpt6k6748536t,,failed,0,0,,no_usable_pages,known,,,bpt6k6748536t: no usable pages in manifest.,2026-07-17T14:54:48.210707
echoran,bpt6k67485377,,failed,0,0,,no_usable_pages,known,,,bpt6k67485377: no usable pages in manifest.,2026-07-17T14:54:48.346321
echoran,bpt6k6748538n,,failed,0,0,,no_usable_pages,known,,,bpt6k6748538n: no usable pages in manifest.,2026-07-17T14:54:48.554223
echoran,bpt6k67485392,,failed,0,0,,no_usable_pages,known,,,bpt6k67485392: no usable pages in manifest.,2026-07-17T14:54:48.672051
echoran,bpt6k6748540q,,failed,0,0,,no_usable_pages,known,,,bpt6k6748540q: no usable pages in manifest.,2026-07-17T14:54:48.818037
echoran,bpt6k67485414,,failed,0,0,,no_usable_pages,known,,,bpt6k67485414: no usable pages in manifest.,2026-07-17T14:54:48.935518
echoran,bpt6k6748542j,,failed,0,0,,no_usable_pages,known,,,bpt6k6748542j: no usable pages in manifest.,2026-07-17T14:54:49.060167
echoran,bpt6k6748543z,,failed,0,0,,no_usable_pages,known,,,bpt6k6748543z: no usable pages in manifest.,2026-07-17T14:54:49.206187
echoran,bpt6k6748544c,,failed,0,0,,no_usable_pages,known,,,bpt6k6748544c: no usable pages in manifest.,2026-07-17T14:54:49.330731
echoran,bpt6k6748545s,,failed,0,0,,no_usable_pages,known,,,bpt6k6748545s: no usable pages in manifest.,2026-07-17T14:54:49.441129
echoran,bpt6k67485466,,failed,0,0,,no_usable_pages,known,,,bpt6k67485466: no usable pages in manifest.,2026-07-17T14:54:49.561612
echoran,bpt6k6748547m,,failed,0,0,,no_usable_pages,known,,,bpt6k6748547m: no usable pages in manifest.,2026-07-17T14:54:49.735454
echoran,bpt6k67485481,,failed,0,0,,no_usable_pages,known,,,bpt6k67485481: no usable pages in manifest.,2026-07-17T14:54:49.944062
echoran,bpt6k6748549f,,failed,0,0,,no_usable_pages,known,,,bpt6k6748549f: no usable pages in manifest.,2026-07-17T14:54:50.064395
echoran,bpt6k67485503,,failed,0,0,,no_usable_pages,known,,,bpt6k67485503: no usable pages in manifest.,2026-07-17T14:54:50.181398
echoran,bpt6k6748551h,,failed,0,0,,no_usable_pages,known,,,bpt6k6748551h: no usable pages in manifest.,2026-07-17T14:54:50.313419
echoran,bpt6k6748552x,,failed,0,0,,no_usable_pages,known,,,bpt6k6748552x: no usable pages in manifest.,2026-07-17T14:54:50.457448
echoran,bpt6k6748553b,,failed,0,0,,no_usable_pages,known,,,bpt6k6748553b: no usable pages in manifest.,2026-07-17T14:54:50.646247
echoran,bpt6k6748554r,,failed,0,0,,no_usable_pages,known,,,bpt6k6748554r: no usable pages in manifest.,2026-07-17T14:54:50.811631
echoran,bpt6k67485555,,failed,0,0,,no_usable_pages,known,,,bpt6k67485555: no usable pages in manifest.,2026-07-17T14:54:50.956617
echoran,bpt6k6748556k,,failed,0,0,,no_usable_pages,known,,,bpt6k6748556k: no usable pages in manifest.,2026-07-17T14:54:51.120260
echoran,bpt6k67485570,,failed,0,0,,no_usable_pages,known,,,bpt6k67485570: no usable pages in manifest.,2026-07-17T14:54:51.235898
echoran,bpt6k6748558d,,failed,0,0,,no_usable_pages,known,,,bpt6k6748558d: no usable pages in manifest.,2026-07-17T14:54:51.390265
echoran,bpt6k6748559t,,failed,0,0,,no_usable_pages,known,,,bpt6k6748559t: no usable pages in manifest.,2026-07-17T14:54:51.572119
echoran,bpt6k6748560g,,failed,0,0,,no_usable_pages,known,,,bpt6k6748560g: no usable pages in manifest.,2026-07-17T14:54:51.772057
echoran,bpt6k6748561w,,failed,0,0,,no_usable_pages,known,,,bpt6k6748561w: no usable pages in manifest.,2026-07-17T14:54:51.911929
echoran,bpt6k67485629,,failed,0,0,,no_usable_pages,known,,,bpt6k67485629: no usable pages in manifest.,2026-07-17T14:54:52.071093
echoran,bpt6k6748563q,,failed,0,0,,no_usable_pages,known,,,bpt6k6748563q: no usable pages in manifest.,2026-07-17T14:54:52.194612
echoran,bpt6k67485644,,failed,0,0,,no_usable_pages,known,,,bpt6k67485644: no usable pages in manifest.,2026-07-17T14:54:52.326953
echoran,bpt6k6748565j,,failed,0,0,,no_usable_pages,known,,,bpt6k6748565j: no usable pages in manifest.,2026-07-17T14:54:52.441079
echoran,bpt6k6748566z,,failed,0,0,,no_usable_pages,known,,,bpt6k6748566z: no usable pages in manifest.,2026-07-17T14:54:52.572168
echoran,bpt6k6748567c,,failed,0,0,,no_usable_pages,known,,,bpt6k6748567c: no usable pages in manifest.,2026-07-17T14:54:52.704586
echoran,bpt6k6748568s,,failed,0,0,,no_usable_pages,known,,,bpt6k6748568s: no usable pages in manifest.,2026-07-17T14:54:52.902167
echoran,bpt6k67485696,,failed,0,0,,no_usable_pages,known,,,bpt6k67485696: no usable pages in manifest.,2026-07-17T14:54:53.043309
echoran,bpt6k6748570v,,failed,0,0,,no_usable_pages,known,,,bpt6k6748570v: no usable pages in manifest.,2026-07-17T14:54:53.215969
echoran,bpt6k67485718,,failed,0,0,,no_usable_pages,known,,,bpt6k67485718: no usable pages in manifest.,2026-07-17T14:54:53.355137
echoran,bpt6k6748572p,,failed,0,0,,no_usable_pages,known,,,bpt6k6748572p: no usable pages in manifest.,2026-07-17T14:54:53.561425
echoran,bpt6k67485733,,failed,0,0,,no_usable_pages,known,,,bpt6k67485733: no usable pages in manifest.,2026-07-17T14:54:53.746573
echoran,bpt6k6748574h,,failed,0,0,,no_usable_pages,known,,,bpt6k6748574h: no usable pages in manifest.,2026-07-17T14:54:53.972930
echoran,bpt6k6748575x,,failed,0,0,,no_usable_pages,known,,,bpt6k6748575x: no usable pages in manifest.,2026-07-17T14:54:54.128513
echoran,bpt6k6748576b,,failed,0,0,,no_usable_pages,known,,,bpt6k6748576b: no usable pages in manifest.,2026-07-17T14:54:54.342257
echoran,bpt6k6748577r,,failed,0,0,,no_usable_pages,known,,,bpt6k6748577r: no usable pages in manifest.,2026-07-17T14:54:54.468322
echoran,bpt6k67485785,,failed,0,0,,no_usable_pages,known,,,bpt6k67485785: no usable pages in manifest.,2026-07-17T14:54:54.579202
echoran,bpt6k6748579k,,failed,0,0,,no_usable_pages,known,,,bpt6k6748579k: no usable pages in manifest.,2026-07-17T14:54:54.757589
echoran,bpt6k67485807,,failed,0,0,,no_usable_pages,known,,,bpt6k67485807: no usable pages in manifest.,2026-07-17T14:54:54.876119
echoran,bpt6k6748581n,,failed,0,0,,no_usable_pages,known,,,bpt6k6748581n: no usable pages in manifest.,2026-07-17T14:54:55.045333
echoran,bpt6k67485822,,failed,0,0,,no_usable_pages,known,,,bpt6k67485822: no usable pages in manifest.,2026-07-17T14:54:55.170011
echoran,bpt6k6748583g,,failed,0,0,,no_usable_pages,known,,,bpt6k6748583g: no usable pages in manifest.,2026-07-17T14:54:55.432454
echoran,bpt6k6748584w,,failed,0,0,,no_usable_pages,known,,,bpt6k6748584w: no usable pages in manifest.,2026-07-17T14:54:55.563760
echoran,bpt6k67485859,,failed,0,0,,no_usable_pages,known,,,bpt6k67485859: no usable pages in manifest.,2026-07-17T14:54:55.718141
echoran,bpt6k6748586q,,failed,0,0,,no_usable_pages,known,,,bpt6k6748586q: no usable pages in manifest.,2026-07-17T14:54:55.820580
echoran,bpt6k67485874,,failed,0,0,,no_usable_pages,known,,,bpt6k67485874: no usable pages in manifest.,2026-07-17T14:54:55.933083
echoran,bpt6k6748588j,,failed,0,0,,no_usable_pages,known,,,bpt6k6748588j: no usable pages in manifest.,2026-07-17T14:54:56.072926
echoran,bpt6k6748589z,,failed,0,0,,no_usable_pages,known,,,bpt6k6748589z: no usable pages in manifest.,2026-07-17T14:54:56.189088
echoran,bpt6k6748590m,,failed,0,0,,no_usable_pages,known,,,bpt6k6748590m: no usable pages in manifest.,2026-07-17T14:54:56.393080
echoran,bpt6k67485911,,failed,0,0,,no_usable_pages,known,,,bpt6k67485911: no usable pages in manifest.,2026-07-17T14:54:56.507992
echoran,bpt6k6748592f,,failed,0,0,,no_usable_pages,known,,,bpt6k6748592f: no usable pages in manifest.,2026-07-17T14:54:56.650935
echoran,bpt6k6748593v,,failed,0,0,,no_usable_pages,known,,,bpt6k6748593v: no usable pages in manifest.,2026-07-17T14:54:56.807727
echoran,bpt6k67485948,,failed,0,0,,no_usable_pages,known,,,bpt6k67485948: no usable pages in manifest.,2026-07-17T14:54:56.943356
echoran,bpt6k6748595p,,failed,0,0,,no_usable_pages,known,,,bpt6k6748595p: no usable pages in manifest.,2026-07-17T14:54:57.074167
echoran,bpt6k67485963,,failed,0,0,,no_usable_pages,known,,,bpt6k67485963: no usable pages in manifest.,2026-07-17T14:54:57.238397
echoran,bpt6k6748597h,,failed,0,0,,no_usable_pages,known,,,bpt6k6748597h: no usable pages in manifest.,2026-07-17T14:54:57.344462
echoran,bpt6k6748598x,,failed,0,0,,no_usable_pages,known,,,bpt6k6748598x: no usable pages in manifest.,2026-07-17T14:54:57.520270
echoran,bpt6k6748599b,,failed,0,0,,no_usable_pages,known,,,bpt6k6748599b: no usable pages in manifest.,2026-07-17T14:54:57.688272
echoran,bpt6k6748600j,,failed,0,0,,no_usable_pages,known,,,bpt6k6748600j: no usable pages in manifest.,2026-07-17T14:54:57.808373
echoran,bpt6k6748601z,,failed,0,0,,no_usable_pages,known,,,bpt6k6748601z: no usable pages in manifest.,2026-07-17T14:54:57.922275
echoran,bpt6k6748602c,,failed,0,0,,no_usable_pages,known,,,bpt6k6748602c: no usable pages in manifest.,2026-07-17T14:54:58.029654
echoran,bpt6k6748603s,,failed,0,0,,no_usable_pages,known,,,bpt6k6748603s: no usable pages in manifest.,2026-07-17T14:54:58.167536
echoran,bpt6k67486046,,failed,0,0,,no_usable_pages,known,,,bpt6k67486046: no usable pages in manifest.,2026-07-17T14:54:58.300575
echoran,bpt6k6748605m,,failed,0,0,,no_usable_pages,known,,,bpt6k6748605m: no usable pages in manifest.,2026-07-17T14:54:58.415606
echoran,bpt6k67486061,,failed,0,0,,no_usable_pages,known,,,bpt6k67486061: no usable pages in manifest.,2026-07-17T14:54:58.644707
echoran,bpt6k6748607f,,failed,0,0,,no_usable_pages,known,,,bpt6k6748607f: no usable pages in manifest.,2026-07-17T14:54:58.781730
echoran,bpt6k6748608v,,failed,0,0,,no_usable_pages,known,,,bpt6k6748608v: no usable pages in manifest.,2026-07-17T14:54:58.961164
echoran,bpt6k67486098,,failed,0,0,,no_usable_pages,known,,,bpt6k67486098: no usable pages in manifest.,2026-07-17T14:54:59.114974
echoran,bpt6k6748610x,,failed,0,0,,no_usable_pages,known,,,bpt6k6748610x: no usable pages in manifest.,2026-07-17T14:54:59.292295
echoran,bpt6k6748611b,,failed,0,0,,no_usable_pages,known,,,bpt6k6748611b: no usable pages in manifest.,2026-07-17T14:54:59.417252
echoran,bpt6k6748612r,,failed,0,0,,no_usable_pages,known,,,bpt6k6748612r: no usable pages in manifest.,2026-07-17T14:54:59.496043
echoran,bpt6k67486135,,failed,0,0,,no_usable_pages,known,,,bpt6k67486135: no usable pages in manifest.,2026-07-17T14:54:59.671764
echoran,bpt6k6748614k,,failed,0,0,,no_usable_pages,known,,,bpt6k6748614k: no usable pages in manifest.,2026-07-17T14:54:59.815014
echoran,bpt6k67486150,,failed,0,0,,no_usable_pages,known,,,bpt6k67486150: no usable pages in manifest.,2026-07-17T14:54:59.960955
echoran,bpt6k6748616d,,failed,0,0,,no_usable_pages,known,,,bpt6k6748616d: no usable pages in manifest.,2026-07-17T14:55:00.142064
echoran,bpt6k6748617t,,failed,0,0,,no_usable_pages,known,,,bpt6k6748617t: no usable pages in manifest.,2026-07-17T14:55:00.363232
echoran,bpt6k67486187,,failed,0,0,,no_usable_pages,known,,,bpt6k67486187: no usable pages in manifest.,2026-07-17T14:55:00.550128
echoran,bpt6k6748619n,,failed,0,0,,no_usable_pages,known,,,bpt6k6748619n: no usable pages in manifest.,2026-07-17T14:55:00.738449
echoran,bpt6k67486209,,failed,0,0,,no_usable_pages,known,,,bpt6k67486209: no usable pages in manifest.,2026-07-17T14:55:00.858038
echoran,bpt6k6748621q,,failed,0,0,,no_usable_pages,known,,,bpt6k6748621q: no usable pages in manifest.,2026-07-17T14:55:01.023852
echoran,bpt6k67486224,,failed,0,0,,no_usable_pages,known,,,bpt6k67486224: no usable pages in manifest.,2026-07-17T14:55:01.165101
echoran,bpt6k6748623j,,failed,0,0,,no_usable_pages,known,,,bpt6k6748623j: no usable pages in manifest.,2026-07-17T14:55:01.329953
echoran,bpt6k6748624z,,failed,0,0,,no_usable_pages,known,,,bpt6k6748624z: no usable pages in manifest.,2026-07-17T14:55:01.651225
echoran,bpt6k6748625c,,failed,0,0,,no_usable_pages,known,,,bpt6k6748625c: no usable pages in manifest.,2026-07-17T14:55:01.886534
echoran,bpt6k6748626s,,failed,0,0,,no_usable_pages,known,,,bpt6k6748626s: no usable pages in manifest.,2026-07-17T14:55:02.013119
echoran,bpt6k67486276,,failed,0,0,,no_usable_pages,known,,,bpt6k67486276: no usable pages in manifest.,2026-07-17T14:55:02.130914
echoran,bpt6k6748628m,,failed,0,0,,no_usable_pages,known,,,bpt6k6748628m: no usable pages in manifest.,2026-07-17T14:55:02.262581
echoran,bpt6k67486291,,failed,0,0,,no_usable_pages,known,,,bpt6k67486291: no usable pages in manifest.,2026-07-17T14:55:02.353437
echoran,bpt6k6748630p,,failed,0,0,,no_usable_pages,known,,,bpt6k6748630p: no usable pages in manifest.,2026-07-17T14:55:02.457702
echoran,bpt6k67486313,,failed,0,0,,no_usable_pages,known,,,bpt6k67486313: no usable pages in manifest.,2026-07-17T14:55:02.619652
echoran,bpt6k6748632h,,failed,0,0,,no_usable_pages,known,,,bpt6k6748632h: no usable pages in manifest.,2026-07-17T14:55:02.751762
echoran,bpt6k6748633x,,failed,0,0,,no_usable_pages,known,,,bpt6k6748633x: no usable pages in manifest.,2026-07-17T14:55:02.957350
echoran,bpt6k6748634b,,failed,0,0,,no_usable_pages,known,,,bpt6k6748634b: no usable pages in manifest.,2026-07-17T14:55:03.128319
echoran,bpt6k6748635r,,failed,0,0,,no_usable_pages,known,,,bpt6k6748635r: no usable pages in manifest.,2026-07-17T14:55:03.262583
echoran,bpt6k67486365,,failed,0,0,,no_usable_pages,known,,,bpt6k67486365: no usable pages in manifest.,2026-07-17T14:55:03.448656
echoran,bpt6k6748637k,,failed,0,0,,no_usable_pages,known,,,bpt6k6748637k: no usable pages in manifest.,2026-07-17T14:55:03.555457
echoran,bpt6k67486380,,failed,0,0,,no_usable_pages,known,,,bpt6k67486380: no usable pages in manifest.,2026-07-17T14:55:03.735133
echoran,bpt6k6748639d,,failed,0,0,,no_usable_pages,known,,,bpt6k6748639d: no usable pages in manifest.,2026-07-17T14:55:03.835036
echoran,bpt6k67486402,,failed,0,0,,no_usable_pages,known,,,bpt6k67486402: no usable pages in manifest.,2026-07-17T14:55:04.053494
echoran,bpt6k6748641g,,failed,0,0,,no_usable_pages,known,,,bpt6k6748641g: no usable pages in manifest.,2026-07-17T14:55:04.193419
echoran,bpt6k6748642w,,failed,0,0,,no_usable_pages,known,,,bpt6k6748642w: no usable pages in manifest.,2026-07-17T14:55:04.325972
echoran,bpt6k67486439,,failed,0,0,,no_usable_pages,known,,,bpt6k67486439: no usable pages in manifest.,2026-07-17T14:55:04.425821
echoran,bpt6k6748644q,,failed,0,0,,no_usable_pages,known,,,bpt6k6748644q: no usable pages in manifest.,2026-07-17T14:55:04.555203
echoran,bpt6k67486454,,failed,0,0,,no_usable_pages,known,,,bpt6k67486454: no usable pages in manifest.,2026-07-17T14:55:04.752131
echoran,bpt6k6748646j,,failed,0,0,,no_usable_pages,known,,,bpt6k6748646j: no usable pages in manifest.,2026-07-17T14:55:04.897951
echoran,bpt6k6748647z,,failed,0,0,,no_usable_pages,known,,,bpt6k6748647z: no usable pages in manifest.,2026-07-17T14:55:05.056534
echoran,bpt6k6748648c,,failed,0,0,,no_usable_pages,known,,,bpt6k6748648c: no usable pages in manifest.,2026-07-17T14:55:05.182058
echoran,bpt6k6748649s,,failed,0,0,,no_usable_pages,known,,,bpt6k6748649s: no usable pages in manifest.,2026-07-17T14:55:05.324365
echoran,bpt6k6748650f,,failed,0,0,,no_usable_pages,known,,,bpt6k6748650f: no usable pages in manifest.,2026-07-17T14:55:05.422966
echoran,bpt6k6748651v,,failed,0,0,,no_usable_pages,known,,,bpt6k6748651v: no usable pages in manifest.,2026-07-17T14:55:05.549962
echoran,bpt6k67486528,,failed,0,0,,no_usable_pages,known,,,bpt6k67486528: no usable pages in manifest.,2026-07-17T14:55:05.713606
echoran,bpt6k6748653p,,failed,0,0,,no_usable_pages,known,,,bpt6k6748653p: no usable pages in manifest.,2026-07-17T14:55:05.873753
echoran,bpt6k67486543,,failed,0,0,,no_usable_pages,known,,,bpt6k67486543: no usable pages in manifest.,2026-07-17T14:55:06.003811
echoran,bpt6k6748655h,,failed,0,0,,no_usable_pages,known,,,bpt6k6748655h: no usable pages in manifest.,2026-07-17T14:55:06.161112
echoran,bpt6k6748656x,,failed,0,0,,no_usable_pages,known,,,bpt6k6748656x: no usable pages in manifest.,2026-07-17T14:55:06.258227
echoran,bpt6k6748657b,,failed,0,0,,no_usable_pages,known,,,bpt6k6748657b: no usable pages in manifest.,2026-07-17T14:55:06.350822
echoran,bpt6k6748658r,,failed,0,0,,no_usable_pages,known,,,bpt6k6748658r: no usable pages in manifest.,2026-07-17T14:55:06.427533
echoran,bpt6k67486595,,failed,0,0,,no_usable_pages,known,,,bpt6k67486595: no usable pages in manifest.,2026-07-17T14:55:06.509725
echoran,bpt6k6748660t,,failed,0,0,,no_usable_pages,known,,,bpt6k6748660t: no usable pages in manifest.,2026-07-17T14:55:06.645874
echoran,bpt6k67486617,,failed,0,0,,no_usable_pages,known,,,bpt6k67486617: no usable pages in manifest.,2026-07-17T14:55:06.767183
echoran,bpt6k6748662n,,failed,0,0,,no_usable_pages,known,,,bpt6k6748662n: no usable pages in manifest.,2026-07-17T14:55:06.941394
echoran,bpt6k67486632,,failed,0,0,,no_usable_pages,known,,,bpt6k67486632: no usable pages in manifest.,2026-07-17T14:55:07.051244
echoran,bpt6k6748664g,,failed,0,0,,no_usable_pages,known,,,bpt6k6748664g: no usable pages in manifest.,2026-07-17T14:55:07.198821
echoran,bpt6k6748665w,,failed,0,0,,no_usable_pages,known,,,bpt6k6748665w: no usable pages in manifest.,2026-07-17T14:55:07.332416
echoran,bpt6k67486669,,failed,0,0,,no_usable_pages,known,,,bpt6k67486669: no usable pages in manifest.,2026-07-17T14:55:07.424549
echoran,bpt6k6748667q,,failed,0,0,,no_usable_pages,known,,,bpt6k6748667q: no usable pages in manifest.,2026-07-17T14:55:07.549148
echoran,bpt6k67486684,,failed,0,0,,no_usable_pages,known,,,bpt6k67486684: no usable pages in manifest.,2026-07-17T14:55:07.667720
echoran,bpt6k6748669j,,failed,0,0,,no_usable_pages,known,,,bpt6k6748669j: no usable pages in manifest.,2026-07-17T14:55:07.790744
echoran,bpt6k67486706,,failed,0,0,,no_usable_pages,known,,,bpt6k67486706: no usable pages in manifest.,2026-07-17T14:55:07.967256
echoran,bpt6k6748671m,,failed,0,0,,no_usable_pages,known,,,bpt6k6748671m: no usable pages in manifest.,2026-07-17T14:55:08.111579
echoran,bpt6k67486721,,failed,0,0,,no_usable_pages,known,,,bpt6k67486721: no usable pages in manifest.,2026-07-17T14:55:08.311332
echoran,bpt6k6748673f,,failed,0,0,,no_usable_pages,known,,,bpt6k6748673f: no usable pages in manifest.,2026-07-17T14:55:08.412728
echoran,bpt6k6748674v,,failed,0,0,,no_usable_pages,known,,,bpt6k6748674v: no usable pages in manifest.,2026-07-17T14:55:08.530265
echoran,bpt6k67486758,,failed,0,0,,no_usable_pages,known,,,bpt6k67486758: no usable pages in manifest.,2026-07-17T14:55:08.643275
echoran,bpt6k6748676p,,failed,0,0,,no_usable_pages,known,,,bpt6k6748676p: no usable pages in manifest.,2026-07-17T14:55:08.767742
echoran,bpt6k67486773,,failed,0,0,,no_usable_pages,known,,,bpt6k67486773: no usable pages in manifest.,2026-07-17T14:55:08.906878
echoran,bpt6k6748678h,,failed,0,0,,no_usable_pages,known,,,bpt6k6748678h: no usable pages in manifest.,2026-07-17T14:55:09.076978
echoran,bpt6k6748679x,,failed,0,0,,no_usable_pages,known,,,bpt6k6748679x: no usable pages in manifest.,2026-07-17T14:55:09.303258
echoran,bpt6k6748680k,,failed,0,0,,no_usable_pages,known,,,bpt6k6748680k: no usable pages in manifest.,2026-07-17T14:55:09.468843
echoran,bpt6k67486810,,failed,0,0,,no_usable_pages,known,,,bpt6k67486810: no usable pages in manifest.,2026-07-17T14:55:09.625734
echoran,bpt6k6748682d,,failed,0,0,,no_usable_pages,known,,,bpt6k6748682d: no usable pages in manifest.,2026-07-17T14:55:09.751100
echoran,bpt6k6748683t,,failed,0,0,,no_usable_pages,known,,,bpt6k6748683t: no usable pages in manifest.,2026-07-17T14:55:09.863104
echoran,bpt6k67486847,,failed,0,0,,no_usable_pages,known,,,bpt6k67486847: no usable pages in manifest.,2026-07-17T14:55:09.982710
echoran,bpt6k6748685n,,failed,0,0,,no_usable_pages,known,,,bpt6k6748685n: no usable pages in manifest.,2026-07-17T14:55:10.106341
echoran,bpt6k67486862,,failed,0,0,,no_usable_pages,known,,,bpt6k67486862: no usable pages in manifest.,2026-07-17T14:55:10.213988
echoran,bpt6k6748687g,,failed,0,0,,no_usable_pages,known,,,bpt6k6748687g: no usable pages in manifest.,2026-07-17T14:55:10.393705
echoran,bpt6k6748688w,,failed,0,0,,no_usable_pages,known,,,bpt6k6748688w: no usable pages in manifest.,2026-07-17T14:55:10.564977
echoran,bpt6k67486899,,failed,0,0,,no_usable_pages,known,,,bpt6k67486899: no usable pages in manifest.,2026-07-17T14:55:10.741040
echoran,bpt6k6748690z,,failed,0,0,,no_usable_pages,known,,,bpt6k6748690z: no usable pages in manifest.,2026-07-17T14:55:10.876200
echoran,bpt6k6748691c,,failed,0,0,,no_usable_pages,known,,,bpt6k6748691c: no usable pages in manifest.,2026-07-17T14:55:11.045476
echoran,bpt6k6748692s,,failed,0,0,,no_usable_pages,known,,,bpt6k6748692s: no usable pages in manifest.,2026-07-17T14:55:11.227170
echoran,bpt6k67486936,,failed,0,0,,no_usable_pages,known,,,bpt6k67486936: no usable pages in manifest.,2026-07-17T14:55:11.400224
echoran,bpt6k6748694m,,failed,0,0,,no_usable_pages,known,,,bpt6k6748694m: no usable pages in manifest.,2026-07-17T14:55:11.510678
echoran,bpt6k67486951,,failed,0,0,,no_usable_pages,known,,,bpt6k67486951: no usable pages in manifest.,2026-07-17T14:55:11.715624
echoran,bpt6k6748696f,,failed,0,0,,no_usable_pages,known,,,bpt6k6748696f: no usable pages in manifest.,2026-07-17T14:55:11.841886
echoran,bpt6k6748697v,,failed,0,0,,no_usable_pages,known,,,bpt6k6748697v: no usable pages in manifest.,2026-07-17T14:55:12.009569
echoran,bpt6k67486988,,failed,0,0,,no_usable_pages,known,,,bpt6k67486988: no usable pages in manifest.,2026-07-17T14:55:12.190867
echoran,bpt6k6748699p,,failed,0,0,,no_usable_pages,known,,,bpt6k6748699p: no usable pages in manifest.,2026-07-17T14:55:12.390252
echoran,bpt6k6748700w,,failed,0,0,,no_usable_pages,known,,,bpt6k6748700w: no usable pages in manifest.,2026-07-17T14:55:12.555218
echoran,bpt6k67487019,,failed,0,0,,no_usable_pages,known,,,bpt6k67487019: no usable pages in manifest.,2026-07-17T14:55:12.705953
echoran,bpt6k6748702q,,failed,0,0,,no_usable_pages,known,,,bpt6k6748702q: no usable pages in manifest.,2026-07-17T14:55:12.856634
echoran,bpt6k67487034,,failed,0,0,,no_usable_pages,known,,,bpt6k67487034: no usable pages in manifest.,2026-07-17T14:55:12.966484
echoran,bpt6k6748704j,,failed,0,0,,no_usable_pages,known,,,bpt6k6748704j: no usable pages in manifest.,2026-07-17T14:55:13.078856
echoran,bpt6k6748705z,,failed,0,0,,no_usable_pages,known,,,bpt6k6748705z: no usable pages in manifest.,2026-07-17T14:55:13.185635
echoran,bpt6k6748706c,,failed,0,0,,no_usable_pages,known,,,bpt6k6748706c: no usable pages in manifest.,2026-07-17T14:55:13.327020
echoran,bpt6k6748707s,,failed,0,0,,no_usable_pages,known,,,bpt6k6748707s: no usable pages in manifest.,2026-07-17T14:55:13.515972
echoran,bpt6k67487086,,failed,0,0,,no_usable_pages,known,,,bpt6k67487086: no usable pages in manifest.,2026-07-17T14:55:13.778232
echoran,bpt6k6748709m,,failed,0,0,,no_usable_pages,known,,,bpt6k6748709m: no usable pages in manifest.,2026-07-17T14:55:13.895337
echoran,bpt6k67487108,,failed,0,0,,no_usable_pages,known,,,bpt6k67487108: no usable pages in manifest.,2026-07-17T14:55:14.102323
echoran,bpt6k6748711p,,failed,0,0,,no_usable_pages,known,,,bpt6k6748711p: no usable pages in manifest.,2026-07-17T14:55:14.221878
echoran,bpt6k67487123,,failed,0,0,,no_usable_pages,known,,,bpt6k67487123: no usable pages in manifest.,2026-07-17T14:55:14.339836
echoran,bpt6k6748713h,,failed,0,0,,no_usable_pages,known,,,bpt6k6748713h: no usable pages in manifest.,2026-07-17T14:55:14.650264
echoran,bpt6k6748714x,,failed,0,0,,no_usable_pages,known,,,bpt6k6748714x: no usable pages in manifest.,2026-07-17T14:55:14.944177
echoran,bpt6k6748715b,,failed,0,0,,no_usable_pages,known,,,bpt6k6748715b: no usable pages in manifest.,2026-07-17T14:55:15.077021
echoran,bpt6k6748716r,,failed,0,0,,no_usable_pages,known,,,bpt6k6748716r: no usable pages in manifest.,2026-07-17T14:55:15.219375
echoran,bpt6k67487175,,failed,0,0,,no_usable_pages,known,,,bpt6k67487175: no usable pages in manifest.,2026-07-17T14:55:15.359815
echoran,bpt6k6748718k,,failed,0,0,,no_usable_pages,known,,,bpt6k6748718k: no usable pages in manifest.,2026-07-17T14:55:15.478562
echoran,bpt6k67487190,,failed,0,0,,no_usable_pages,known,,,bpt6k67487190: no usable pages in manifest.,2026-07-17T14:55:15.667955
echoran,bpt6k6748720n,,failed,0,0,,no_usable_pages,known,,,bpt6k6748720n: no usable pages in manifest.,2026-07-17T14:55:15.819438
echoran,bpt6k67487212,,failed,0,0,,no_usable_pages,known,,,bpt6k67487212: no usable pages in manifest.,2026-07-17T14:55:16.029298
echoran,bpt6k6748722g,,failed,0,0,,no_usable_pages,known,,,bpt6k6748722g: no usable pages in manifest.,2026-07-17T14:55:16.189025
echoran,bpt6k6748723w,,failed,0,0,,no_usable_pages,known,,,bpt6k6748723w: no usable pages in manifest.,2026-07-17T14:55:16.309140
echoran,bpt6k67487249,,failed,0,0,,no_usable_pages,known,,,bpt6k67487249: no usable pages in manifest.,2026-07-17T14:55:16.459088
echoran,bpt6k6748725q,,failed,0,0,,no_usable_pages,known,,,bpt6k6748725q: no usable pages in manifest.,2026-07-17T14:55:16.683207
echoran,bpt6k67487264,,failed,0,0,,no_usable_pages,known,,,bpt6k67487264: no usable pages in manifest.,2026-07-17T14:55:17.261169
echoran,bpt6k6748727j,,failed,0,0,,no_usable_pages,known,,,bpt6k6748727j: no usable pages in manifest.,2026-07-17T14:55:17.376609
echoran,bpt6k6748728z,,failed,0,0,,no_usable_pages,known,,,bpt6k6748728z: no usable pages in manifest.,2026-07-17T14:55:17.502222
echoran,bpt6k6748729c,,failed,0,0,,no_usable_pages,known,,,bpt6k6748729c: no usable pages in manifest.,2026-07-17T14:55:17.648597
echoran,bpt6k67487301,,failed,0,0,,no_usable_pages,known,,,bpt6k67487301: no usable pages in manifest.,2026-07-17T14:55:17.759966
echoran,bpt6k6748731f,,failed,0,0,,no_usable_pages,known,,,bpt6k6748731f: no usable pages in manifest.,2026-07-17T14:55:17.912128
echoran,bpt6k6748732v,,failed,0,0,,no_usable_pages,known,,,bpt6k6748732v: no usable pages in manifest.,2026-07-17T14:55:18.061999
echoran,bpt6k67487338,,failed,0,0,,no_usable_pages,known,,,bpt6k67487338: no usable pages in manifest.,2026-07-17T14:55:18.208806
echoran,bpt6k6748734p,,failed,0,0,,no_usable_pages,known,,,bpt6k6748734p: no usable pages in manifest.,2026-07-17T14:55:18.711984
echoran,bpt6k67487353,,failed,0,0,,no_usable_pages,known,,,bpt6k67487353: no usable pages in manifest.,2026-07-17T14:55:18.874051
echoran,bpt6k6748736h,,failed,0,0,,no_usable_pages,known,,,bpt6k6748736h: no usable pages in manifest.,2026-07-17T14:55:18.999952
echoran,bpt6k6748737x,,failed,0,0,,no_usable_pages,known,,,bpt6k6748737x: no usable pages in manifest.,2026-07-17T14:55:19.138757
echoran,bpt6k6748738b,,failed,0,0,,no_usable_pages,known,,,bpt6k6748738b: no usable pages in manifest.,2026-07-17T14:55:19.255240
echoran,bpt6k6748739r,,failed,0,0,,no_usable_pages,known,,,bpt6k6748739r: no usable pages in manifest.,2026-07-17T14:55:19.360316
echoran,bpt6k6748740d,,failed,0,0,,no_usable_pages,known,,,bpt6k6748740d: no usable pages in manifest.,2026-07-17T14:55:19.535580
echoran,bpt6k6748741t,,failed,0,0,,no_usable_pages,known,,,bpt6k6748741t: no usable pages in manifest.,2026-07-17T14:55:19.671608
echoran,bpt6k67487427,,failed,0,0,,no_usable_pages,known,,,bpt6k67487427: no usable pages in manifest.,2026-07-17T14:55:19.790056
echoran,bpt6k6748743n,,failed,0,0,,no_usable_pages,known,,,bpt6k6748743n: no usable pages in manifest.,2026-07-17T14:55:19.921725
echoran,bpt6k67487442,,failed,0,0,,no_usable_pages,known,,,bpt6k67487442: no usable pages in manifest.,2026-07-17T14:55:20.044609
echoran,bpt6k6748745g,,failed,0,0,,no_usable_pages,known,,,bpt6k6748745g: no usable pages in manifest.,2026-07-17T14:55:20.205488
echoran,bpt6k6748746w,,failed,0,0,,no_usable_pages,known,,,bpt6k6748746w: no usable pages in manifest.,2026-07-17T14:55:20.405001
echoran,bpt6k67487479,,failed,0,0,,no_usable_pages,known,,,bpt6k67487479: no usable pages in manifest.,2026-07-17T14:55:20.546243
echoran,bpt6k67488200,,failed,0,0,,no_usable_pages,known,,,bpt6k67488200: no usable pages in manifest.,2026-07-17T14:55:20.765010
echoran,bpt6k6748748q,,failed,0,0,,no_usable_pages,known,,,bpt6k6748748q: no usable pages in manifest.,2026-07-17T14:55:20.879675
echoran,bpt6k67487494,,failed,0,0,,no_usable_pages,known,,,bpt6k67487494: no usable pages in manifest.,2026-07-17T14:55:20.983901
echoran,bpt6k6748750s,,failed,0,0,,no_usable_pages,known,,,bpt6k6748750s: no usable pages in manifest.,2026-07-17T14:55:21.092040
echoran,bpt6k67487516,,failed,0,0,,no_usable_pages,known,,,bpt6k67487516: no usable pages in manifest.,2026-07-17T14:55:21.234070
echoran,bpt6k6748752m,,failed,0,0,,no_usable_pages,known,,,bpt6k6748752m: no usable pages in manifest.,2026-07-17T14:55:21.361095
echoran,bpt6k67487531,,failed,0,0,,no_usable_pages,known,,,bpt6k67487531: no usable pages in manifest.,2026-07-17T14:55:21.478096
echoran,bpt6k6748754f,,failed,0,0,,no_usable_pages,known,,,bpt6k6748754f: no usable pages in manifest.,2026-07-17T14:55:21.618443
echoran,bpt6k6748755v,,failed,0,0,,no_usable_pages,known,,,bpt6k6748755v: no usable pages in manifest.,2026-07-17T14:55:21.855081
echoran,bpt6k67487568,,failed,0,0,,no_usable_pages,known,,,bpt6k67487568: no usable pages in manifest.,2026-07-17T14:55:22.325566
echoran,bpt6k6748757p,,failed,0,0,,no_usable_pages,known,,,bpt6k6748757p: no usable pages in manifest.,2026-07-17T14:55:22.549136
echoran,bpt6k67487583,,failed,0,0,,no_usable_pages,known,,,bpt6k67487583: no usable pages in manifest.,2026-07-17T14:55:22.850483
echoran,bpt6k6748759h,,failed,0,0,,no_usable_pages,known,,,bpt6k6748759h: no usable pages in manifest.,2026-07-17T14:55:23.051349
echoran,bpt6k67487605,,failed,0,0,,no_usable_pages,known,,,bpt6k67487605: no usable pages in manifest.,2026-07-17T14:55:23.339710
echoran,bpt6k6748761k,,failed,0,0,,no_usable_pages,known,,,bpt6k6748761k: no usable pages in manifest.,2026-07-17T14:55:23.558261
echoran,bpt6k67487620,,failed,0,0,,no_usable_pages,known,,,bpt6k67487620: no usable pages in manifest.,2026-07-17T14:55:23.775655
echoran,bpt6k6748763d,,failed,0,0,,no_usable_pages,known,,,bpt6k6748763d: no usable pages in manifest.,2026-07-17T14:55:23.926925
echoran,bpt6k6748764t,,failed,0,0,,no_usable_pages,known,,,bpt6k6748764t: no usable pages in manifest.,2026-07-17T14:55:24.077303
echoran,bpt6k67487657,,failed,0,0,,no_usable_pages,known,,,bpt6k67487657: no usable pages in manifest.,2026-07-17T14:55:24.209623
echoran,bpt6k6748766n,,failed,0,0,,no_usable_pages,known,,,bpt6k6748766n: no usable pages in manifest.,2026-07-17T14:55:24.325884
echoran,bpt6k67487672,,failed,0,0,,no_usable_pages,known,,,bpt6k67487672: no usable pages in manifest.,2026-07-17T14:55:24.445131
echoran,bpt6k6748768g,,failed,0,0,,no_usable_pages,known,,,bpt6k6748768g: no usable pages in manifest.,2026-07-17T14:55:24.618328
echoran,bpt6k6748769w,,failed,0,0,,no_usable_pages,known,,,bpt6k6748769w: no usable pages in manifest.,2026-07-17T14:55:24.787091
echoran,bpt6k6748770j,,failed,0,0,,no_usable_pages,known,,,bpt6k6748770j: no usable pages in manifest.,2026-07-17T14:55:24.999156
echoran,bpt6k6748771z,,failed,0,0,,no_usable_pages,known,,,bpt6k6748771z: no usable pages in manifest.,2026-07-17T14:55:25.158610
echoran,bpt6k6748772c,,failed,0,0,,no_usable_pages,known,,,bpt6k6748772c: no usable pages in manifest.,2026-07-17T14:55:25.366763
echoran,bpt6k6748773s,,failed,0,0,,no_usable_pages,known,,,bpt6k6748773s: no usable pages in manifest.,2026-07-17T14:55:25.562337
echoran,bpt6k67487746,,failed,0,0,,no_usable_pages,known,,,bpt6k67487746: no usable pages in manifest.,2026-07-17T14:55:26.259332
echoran,bpt6k6748775m,,failed,0,0,,no_usable_pages,known,,,bpt6k6748775m: no usable pages in manifest.,2026-07-17T14:55:26.417479
echoran,bpt6k67487761,,failed,0,0,,no_usable_pages,known,,,bpt6k67487761: no usable pages in manifest.,2026-07-17T14:55:26.540478
echoran,bpt6k6748777f,,failed,0,0,,no_usable_pages,known,,,bpt6k6748777f: no usable pages in manifest.,2026-07-17T14:55:26.691499
echoran,bpt6k6748778v,,failed,0,0,,no_usable_pages,known,,,bpt6k6748778v: no usable pages in manifest.,2026-07-17T14:55:26.869524
echoran,bpt6k67487798,,failed,0,0,,no_usable_pages,known,,,bpt6k67487798: no usable pages in manifest.,2026-07-17T14:55:26.989148
echoran,bpt6k6748780x,,failed,0,0,,no_usable_pages,known,,,bpt6k6748780x: no usable pages in manifest.,2026-07-17T14:55:27.182279
echoran,bpt6k6748781b,,failed,0,0,,no_usable_pages,known,,,bpt6k6748781b: no usable pages in manifest.,2026-07-17T14:55:27.320357
echoran,bpt6k6748782r,,failed,0,0,,no_usable_pages,known,,,bpt6k6748782r: no usable pages in manifest.,2026-07-17T14:55:27.453092
echoran,bpt6k67487835,,failed,0,0,,no_usable_pages,known,,,bpt6k67487835: no usable pages in manifest.,2026-07-17T14:55:27.706331
echoran,bpt6k6748784k,,failed,0,0,,no_usable_pages,known,,,bpt6k6748784k: no usable pages in manifest.,2026-07-17T14:55:27.988658
echoran,bpt6k67487850,,failed,0,0,,no_usable_pages,known,,,bpt6k67487850: no usable pages in manifest.,2026-07-17T14:55:28.213697
echoran,bpt6k6748786d,,failed,0,0,,no_usable_pages,known,,,bpt6k6748786d: no usable pages in manifest.,2026-07-17T14:55:28.350956
echoran,bpt6k6748787t,,failed,0,0,,no_usable_pages,known,,,bpt6k6748787t: no usable pages in manifest.,2026-07-17T14:55:28.438807
echoran,bpt6k67487887,,failed,0,0,,no_usable_pages,known,,,bpt6k67487887: no usable pages in manifest.,2026-07-17T14:55:28.570298
echoran,bpt6k6748789n,,failed,0,0,,no_usable_pages,known,,,bpt6k6748789n: no usable pages in manifest.,2026-07-17T14:55:28.749511
echoran,bpt6k67487909,,failed,0,0,,no_usable_pages,known,,,bpt6k67487909: no usable pages in manifest.,2026-07-17T14:55:28.883088
echoran,bpt6k6748791q,,failed,0,0,,no_usable_pages,known,,,bpt6k6748791q: no usable pages in manifest.,2026-07-17T14:55:29.003267
echoran,bpt6k67487924,,failed,0,0,,no_usable_pages,known,,,bpt6k67487924: no usable pages in manifest.,2026-07-17T14:55:29.202492
echoran,bpt6k6748793j,,failed,0,0,,no_usable_pages,known,,,bpt6k6748793j: no usable pages in manifest.,2026-07-17T14:55:29.472259
echoran,bpt6k6748794z,,failed,0,0,,no_usable_pages,known,,,bpt6k6748794z: no usable pages in manifest.,2026-07-17T14:55:29.655034
echoran,bpt6k6748795c,,failed,0,0,,no_usable_pages,known,,,bpt6k6748795c: no usable pages in manifest.,2026-07-17T14:55:29.887921
echoran,bpt6k6748796s,,failed,0,0,,no_usable_pages,known,,,bpt6k6748796s: no usable pages in manifest.,2026-07-17T14:55:30.156264
echoran,bpt6k67487976,,failed,0,0,,no_usable_pages,known,,,bpt6k67487976: no usable pages in manifest.,2026-07-17T14:55:30.500678
echoran,bpt6k6748798m,,failed,0,0,,no_usable_pages,known,,,bpt6k6748798m: no usable pages in manifest.,2026-07-17T14:55:30.591309
echoran,bpt6k67487991,,failed,0,0,,no_usable_pages,known,,,bpt6k67487991: no usable pages in manifest.,2026-07-17T14:55:30.727719
echoran,bpt6k67488007,,failed,0,0,,no_usable_pages,known,,,bpt6k67488007: no usable pages in manifest.,2026-07-17T14:55:30.862080
echoran,bpt6k6748801n,,failed,0,0,,no_usable_pages,known,,,bpt6k6748801n: no usable pages in manifest.,2026-07-17T14:55:31.024471
echoran,bpt6k67488022,,failed,0,0,,no_usable_pages,known,,,bpt6k67488022: no usable pages in manifest.,2026-07-17T14:55:31.186433
echoran,bpt6k6748803g,,failed,0,0,,no_usable_pages,known,,,bpt6k6748803g: no usable pages in manifest.,2026-07-17T14:55:31.288692
echoran,bpt6k6748804w,,failed,0,0,,no_usable_pages,known,,,bpt6k6748804w: no usable pages in manifest.,2026-07-17T14:55:31.475583
echoran,bpt6k67488059,,failed,0,0,,no_usable_pages,known,,,bpt6k67488059: no usable pages in manifest.,2026-07-17T14:55:31.652589
echoran,bpt6k6748806q,,failed,0,0,,no_usable_pages,known,,,bpt6k6748806q: no usable pages in manifest.,2026-07-17T14:55:31.807191
echoran,bpt6k67488074,,failed,0,0,,no_usable_pages,known,,,bpt6k67488074: no usable pages in manifest.,2026-07-17T14:55:31.994367
echoran,bpt6k6748808j,,failed,0,0,,no_usable_pages,known,,,bpt6k6748808j: no usable pages in manifest.,2026-07-17T14:55:32.117849
echoran,bpt6k6748809z,,failed,0,0,,no_usable_pages,known,,,bpt6k6748809z: no usable pages in manifest.,2026-07-17T14:55:32.244652
echoran,bpt6k6748810m,,failed,0,0,,no_usable_pages,known,,,bpt6k6748810m: no usable pages in manifest.,2026-07-17T14:55:32.360334
echoran,bpt6k67488111,,failed,0,0,,no_usable_pages,known,,,bpt6k67488111: no usable pages in manifest.,2026-07-17T14:55:32.537068
echoran,bpt6k6748812f,,failed,0,0,,no_usable_pages,known,,,bpt6k6748812f: no usable pages in manifest.,2026-07-17T14:55:32.778388
echoran,bpt6k6748813v,,failed,0,0,,no_usable_pages,known,,,bpt6k6748813v: no usable pages in manifest.,2026-07-17T14:55:32.926125
echoran,bpt6k67488148,,failed,0,0,,no_usable_pages,known,,,bpt6k67488148: no usable pages in manifest.,2026-07-17T14:55:33.054690
echoran,bpt6k6748815p,,failed,0,0,,no_usable_pages,known,,,bpt6k6748815p: no usable pages in manifest.,2026-07-17T14:55:33.151159
echoran,bpt6k67488163,,failed,0,0,,no_usable_pages,known,,,bpt6k67488163: no usable pages in manifest.,2026-07-17T14:55:33.741355
echoran,bpt6k6748817h,,failed,0,0,,no_usable_pages,known,,,bpt6k6748817h: no usable pages in manifest.,2026-07-17T14:55:34.105330
echoran,bpt6k6748818x,,failed,0,0,,no_usable_pages,known,,,bpt6k6748818x: no usable pages in manifest.,2026-07-17T14:55:34.246072
echoran,bpt6k6748819b,,failed,0,0,,no_usable_pages,known,,,bpt6k6748819b: no usable pages in manifest.,2026-07-17T14:55:34.424450
echoran,bpt6k6748821d,,failed,0,0,,no_usable_pages,known,,,bpt6k6748821d: no usable pages in manifest.,2026-07-17T14:55:34.616719
echoran,bpt6k6748822t,,failed,0,0,,no_usable_pages,known,,,bpt6k6748822t: no usable pages in manifest.,2026-07-17T14:55:34.750453
echoran,bpt6k67488237,,failed,0,0,,no_usable_pages,known,,,bpt6k67488237: no usable pages in manifest.,2026-07-17T14:55:34.873069
echoran,bpt6k6748824n,,failed,0,0,,no_usable_pages,known,,,bpt6k6748824n: no usable pages in manifest.,2026-07-17T14:55:35.068313
echoran,bpt6k67488252,,failed,0,0,,no_usable_pages,known,,,bpt6k67488252: no usable pages in manifest.,2026-07-17T14:55:35.198199
echoran,bpt6k6748826g,,failed,0,0,,no_usable_pages,known,,,bpt6k6748826g: no usable pages in manifest.,2026-07-17T14:55:35.424473
echoran,bpt6k6748827w,,failed,0,0,,no_usable_pages,known,,,bpt6k6748827w: no usable pages in manifest.,2026-07-17T14:55:35.753743
echoran,bpt6k67488289,,failed,0,0,,no_usable_pages,known,,,bpt6k67488289: no usable pages in manifest.,2026-07-17T14:55:35.871989
echoran,bpt6k6748829q,,failed,0,0,,no_usable_pages,known,,,bpt6k6748829q: no usable pages in manifest.,2026-07-17T14:55:36.046979
echoran,bpt6k6748830c,,failed,0,0,,no_usable_pages,known,,,bpt6k6748830c: no usable pages in manifest.,2026-07-17T14:55:36.276938
echoran,bpt6k6748831s,,failed,0,0,,no_usable_pages,known,,,bpt6k6748831s: no usable pages in manifest.,2026-07-17T14:55:36.382089
echoran,bpt6k67488326,,failed,0,0,,no_usable_pages,known,,,bpt6k67488326: no usable pages in manifest.,2026-07-17T14:55:36.514591
echoran,bpt6k6748833m,,failed,0,0,,no_usable_pages,known,,,bpt6k6748833m: no usable pages in manifest.,2026-07-17T14:55:36.655247
echoran,bpt6k67488341,,failed,0,0,,no_usable_pages,known,,,bpt6k67488341: no usable pages in manifest.,2026-07-17T14:55:36.756413
echoran,bpt6k6748835f,,failed,0,0,,no_usable_pages,known,,,bpt6k6748835f: no usable pages in manifest.,2026-07-17T14:55:36.842285
echoran,bpt6k6748836v,,failed,0,0,,no_usable_pages,known,,,bpt6k6748836v: no usable pages in manifest.,2026-07-17T14:55:37.013885
echoran,bpt6k67488378,,failed,0,0,,no_usable_pages,known,,,bpt6k67488378: no usable pages in manifest.,2026-07-17T14:55:37.548050
echoran,bpt6k6748838p,,failed,0,0,,no_usable_pages,known,,,bpt6k6748838p: no usable pages in manifest.,2026-07-17T14:55:37.720547
echoran,bpt6k67488393,,failed,0,0,,no_usable_pages,known,,,bpt6k67488393: no usable pages in manifest.,2026-07-17T14:55:37.841292
echoran,bpt6k6748840r,,failed,0,0,,no_usable_pages,known,,,bpt6k6748840r: no usable pages in manifest.,2026-07-17T14:55:37.979956
echoran,bpt6k67488415,,failed,0,0,,no_usable_pages,known,,,bpt6k67488415: no usable pages in manifest.,2026-07-17T14:55:38.113276
echoran,bpt6k6748842k,,failed,0,0,,no_usable_pages,known,,,bpt6k6748842k: no usable pages in manifest.,2026-07-17T14:55:38.328727
echoran,bpt6k67488430,,failed,0,0,,no_usable_pages,known,,,bpt6k67488430: no usable pages in manifest.,2026-07-17T14:55:38.577122
echoran,bpt6k6748844d,,failed,0,0,,no_usable_pages,known,,,bpt6k6748844d: no usable pages in manifest.,2026-07-17T14:55:38.765049
echoran,bpt6k6748845t,,failed,0,0,,no_usable_pages,known,,,bpt6k6748845t: no usable pages in manifest.,2026-07-17T14:55:38.934437
echoran,bpt6k67488467,,failed,0,0,,no_usable_pages,known,,,bpt6k67488467: no usable pages in manifest.,2026-07-17T14:55:39.114858
echoran,bpt6k6748847n,,failed,0,0,,no_usable_pages,known,,,bpt6k6748847n: no usable pages in manifest.,2026-07-17T14:55:39.290288
echoran,bpt6k67488482,,failed,0,0,,no_usable_pages,known,,,bpt6k67488482: no usable pages in manifest.,2026-07-17T14:55:39.437720
echoran,bpt6k6748849g,,failed,0,0,,no_usable_pages,known,,,bpt6k6748849g: no usable pages in manifest.,2026-07-17T14:55:39.596305
echoran,bpt6k67488504,,failed,0,0,,no_usable_pages,known,,,bpt6k67488504: no usable pages in manifest.,2026-07-17T14:55:39.762874
echoran,bpt6k6748851j,,failed,0,0,,no_usable_pages,known,,,bpt6k6748851j: no usable pages in manifest.,2026-07-17T14:55:39.938192
echoran,bpt6k6748852z,,failed,0,0,,no_usable_pages,known,,,bpt6k6748852z: no usable pages in manifest.,2026-07-17T14:55:40.059714
echoran,bpt6k6748853c,,failed,0,0,,no_usable_pages,known,,,bpt6k6748853c: no usable pages in manifest.,2026-07-17T14:55:40.174317
echoran,bpt6k6748854s,,failed,0,0,,no_usable_pages,known,,,bpt6k6748854s: no usable pages in manifest.,2026-07-17T14:55:40.383379
echoran,bpt6k67488556,,failed,0,0,,no_usable_pages,known,,,bpt6k67488556: no usable pages in manifest.,2026-07-17T14:55:40.512939
echoran,bpt6k6748856m,,failed,0,0,,no_usable_pages,known,,,bpt6k6748856m: no usable pages in manifest.,2026-07-17T14:55:40.859960
echoran,bpt6k67488571,,failed,0,0,,no_usable_pages,known,,,bpt6k67488571: no usable pages in manifest.,2026-07-17T14:55:41.170600
echoran,bpt6k6748858f,,failed,0,0,,no_usable_pages,known,,,bpt6k6748858f: no usable pages in manifest.,2026-07-17T14:55:41.286475
echoran,bpt6k6748859v,,failed,0,0,,no_usable_pages,known,,,bpt6k6748859v: no usable pages in manifest.,2026-07-17T14:55:41.456202
echoran,bpt6k6748860h,,failed,0,0,,no_usable_pages,known,,,bpt6k6748860h: no usable pages in manifest.,2026-07-17T14:55:41.903332
echoran,bpt6k6748861x,,failed,0,0,,no_usable_pages,known,,,bpt6k6748861x: no usable pages in manifest.,2026-07-17T14:55:42.253608
echoran,bpt6k6748862b,,failed,0,0,,no_usable_pages,known,,,bpt6k6748862b: no usable pages in manifest.,2026-07-17T14:55:42.364402
echoran,bpt6k6748863r,,failed,0,0,,no_usable_pages,known,,,bpt6k6748863r: no usable pages in manifest.,2026-07-17T14:55:42.539381
echoran,bpt6k67488645,,failed,0,0,,no_usable_pages,known,,,bpt6k67488645: no usable pages in manifest.,2026-07-17T14:55:42.662231
echoran,bpt6k6748865k,,failed,0,0,,no_usable_pages,known,,,bpt6k6748865k: no usable pages in manifest.,2026-07-17T14:55:42.768076
echoran,bpt6k67488660,,failed,0,0,,no_usable_pages,known,,,bpt6k67488660: no usable pages in manifest.,2026-07-17T14:55:42.905756
echoran,bpt6k6748867d,,failed,0,0,,no_usable_pages,known,,,bpt6k6748867d: no usable pages in manifest.,2026-07-17T14:55:43.070291
echoran,bpt6k6748868t,,failed,0,0,,no_usable_pages,known,,,bpt6k6748868t: no usable pages in manifest.,2026-07-17T14:55:43.345450
echoran,bpt6k67488697,,failed,0,0,,no_usable_pages,known,,,bpt6k67488697: no usable pages in manifest.,2026-07-17T14:55:43.629089
echoran,bpt6k6748870w,,failed,0,0,,no_usable_pages,known,,,bpt6k6748870w: no usable pages in manifest.,2026-07-17T14:55:43.774678
echoran,bpt6k67488719,,failed,0,0,,no_usable_pages,known,,,bpt6k67488719: no usable pages in manifest.,2026-07-17T14:55:43.918475
echoran,bpt6k6748872q,,failed,0,0,,no_usable_pages,known,,,bpt6k6748872q: no usable pages in manifest.,2026-07-17T14:55:44.027698
echoran,bpt6k67488734,,failed,0,0,,no_usable_pages,known,,,bpt6k67488734: no usable pages in manifest.,2026-07-17T14:55:44.164731
echoran,bpt6k6748874j,,failed,0,0,,no_usable_pages,known,,,bpt6k6748874j: no usable pages in manifest.,2026-07-17T14:55:44.347516
echoran,bpt6k6748875z,,failed,0,0,,no_usable_pages,known,,,bpt6k6748875z: no usable pages in manifest.,2026-07-17T14:55:44.491302
echoran,bpt6k6748876c,,failed,0,0,,no_usable_pages,known,,,bpt6k6748876c: no usable pages in manifest.,2026-07-17T14:55:44.671370
echoran,bpt6k6748877s,,failed,0,0,,no_usable_pages,known,,,bpt6k6748877s: no usable pages in manifest.,2026-07-17T14:55:44.780249
echoran,bpt6k67488786,,failed,0,0,,no_usable_pages,known,,,bpt6k67488786: no usable pages in manifest.,2026-07-17T14:55:44.897957
echoran,bpt6k6748879m,,failed,0,0,,no_usable_pages,known,,,bpt6k6748879m: no usable pages in manifest.,2026-07-17T14:55:45.117005
echoran,bpt6k67488808,,failed,0,0,,no_usable_pages,known,,,bpt6k67488808: no usable pages in manifest.,2026-07-17T14:55:45.392720
echoran,bpt6k6748881p,,failed,0,0,,no_usable_pages,known,,,bpt6k6748881p: no usable pages in manifest.,2026-07-17T14:55:45.719232
echoran,bpt6k67488823,,failed,0,0,,no_usable_pages,known,,,bpt6k67488823: no usable pages in manifest.,2026-07-17T14:55:45.882526
echoran,bpt6k6748883h,,failed,0,0,,no_usable_pages,known,,,bpt6k6748883h: no usable pages in manifest.,2026-07-17T14:55:46.048865
echoran,bpt6k6748884x,,failed,0,0,,no_usable_pages,known,,,bpt6k6748884x: no usable pages in manifest.,2026-07-17T14:55:46.226658
echoran,bpt6k6748885b,,failed,0,0,,no_usable_pages,known,,,bpt6k6748885b: no usable pages in manifest.,2026-07-17T14:55:46.404050
echoran,bpt6k6748886r,,failed,0,0,,no_usable_pages,known,,,bpt6k6748886r: no usable pages in manifest.,2026-07-17T14:55:46.660093
echoran,bpt6k67488875,,failed,0,0,,no_usable_pages,known,,,bpt6k67488875: no usable pages in manifest.,2026-07-17T14:55:46.861948
echoran,bpt6k6748888k,,failed,0,0,,no_usable_pages,known,,,bpt6k6748888k: no usable pages in manifest.,2026-07-17T14:55:47.002812
echoran,bpt6k67488890,,failed,0,0,,no_usable_pages,known,,,bpt6k67488890: no usable pages in manifest.,2026-07-17T14:55:47.141161
echoran,bpt6k6748890n,,failed,0,0,,no_usable_pages,known,,,bpt6k6748890n: no usable pages in manifest.,2026-07-17T14:55:47.286005
echoran,bpt6k67488912,,failed,0,0,,no_usable_pages,known,,,bpt6k67488912: no usable pages in manifest.,2026-07-17T14:55:47.412484
echoran,bpt6k6748892g,,failed,0,0,,no_usable_pages,known,,,bpt6k6748892g: no usable pages in manifest.,2026-07-17T14:55:47.568467
echoran,bpt6k6748893w,,failed,0,0,,no_usable_pages,known,,,bpt6k6748893w: no usable pages in manifest.,2026-07-17T14:55:47.854502
echoran,bpt6k67488949,,failed,0,0,,no_usable_pages,known,,,bpt6k67488949: no usable pages in manifest.,2026-07-17T14:55:48.283203
echoran,bpt6k6748895q,,failed,0,0,,no_usable_pages,known,,,bpt6k6748895q: no usable pages in manifest.,2026-07-17T14:55:48.414558
echoran,bpt6k67488964,,failed,0,0,,no_usable_pages,known,,,bpt6k67488964: no usable pages in manifest.,2026-07-17T14:55:48.545945
echoran,bpt6k6748897j,,failed,0,0,,no_usable_pages,known,,,bpt6k6748897j: no usable pages in manifest.,2026-07-17T14:55:48.684951
echoran,bpt6k6748898z,,failed,0,0,,no_usable_pages,known,,,bpt6k6748898z: no usable pages in manifest.,2026-07-17T14:55:48.853941
echoran,bpt6k6748899c,,failed,0,0,,no_usable_pages,known,,,bpt6k6748899c: no usable pages in manifest.,2026-07-17T14:55:49.236873
echoran,bpt6k6748900k,,failed,0,0,,no_usable_pages,known,,,bpt6k6748900k: no usable pages in manifest.,2026-07-17T14:55:49.507404
echoran,bpt6k67489010,,failed,0,0,,no_usable_pages,known,,,bpt6k67489010: no usable pages in manifest.,2026-07-17T14:55:49.643204
echoran,bpt6k6748902d,,failed,0,0,,no_usable_pages,known,,,bpt6k6748902d: no usable pages in manifest.,2026-07-17T14:55:49.763128
echoran,bpt6k6748903t,,failed,0,0,,no_usable_pages,known,,,bpt6k6748903t: no usable pages in manifest.,2026-07-17T14:55:49.983413
echoran,bpt6k67489047,,failed,0,0,,no_usable_pages,known,,,bpt6k67489047: no usable pages in manifest.,2026-07-17T14:55:50.155867
echoran,bpt6k6748905n,,failed,0,0,,no_usable_pages,known,,,bpt6k6748905n: no usable pages in manifest.,2026-07-17T14:55:50.262532
echoran,bpt6k67489062,,failed,0,0,,no_usable_pages,known,,,bpt6k67489062: no usable pages in manifest.,2026-07-17T14:55:50.410193
echoran,bpt6k6748907g,,failed,0,0,,no_usable_pages,known,,,bpt6k6748907g: no usable pages in manifest.,2026-07-17T14:55:50.624512
echoran,bpt6k6748908w,,failed,0,0,,no_usable_pages,known,,,bpt6k6748908w: no usable pages in manifest.,2026-07-17T14:55:50.724514
echoran,bpt6k67489099,,failed,0,0,,no_usable_pages,known,,,bpt6k67489099: no usable pages in manifest.,2026-07-17T14:55:50.851649
echoran,bpt6k6748910z,,failed,0,0,,no_usable_pages,known,,,bpt6k6748910z: no usable pages in manifest.,2026-07-17T14:55:51.047350
echoran,bpt6k6748911c,,failed,0,0,,no_usable_pages,known,,,bpt6k6748911c: no usable pages in manifest.,2026-07-17T14:55:51.226877
echoran,bpt6k6748912s,,failed,0,0,,no_usable_pages,known,,,bpt6k6748912s: no usable pages in manifest.,2026-07-17T14:55:51.354995
echoran,bpt6k67489136,,failed,0,0,,no_usable_pages,known,,,bpt6k67489136: no usable pages in manifest.,2026-07-17T14:55:51.510770
echoran,bpt6k6748914m,,failed,0,0,,no_usable_pages,known,,,bpt6k6748914m: no usable pages in manifest.,2026-07-17T14:55:51.723328
echoran,bpt6k67489151,,failed,0,0,,no_usable_pages,known,,,bpt6k67489151: no usable pages in manifest.,2026-07-17T14:55:51.894743
echoran,bpt6k6748916f,,failed,0,0,,no_usable_pages,known,,,bpt6k6748916f: no usable pages in manifest.,2026-07-17T14:55:52.088435
echoran,bpt6k6748917v,,failed,0,0,,no_usable_pages,known,,,bpt6k6748917v: no usable pages in manifest.,2026-07-17T14:55:52.238442
echoran,bpt6k67489188,,failed,0,0,,no_usable_pages,known,,,bpt6k67489188: no usable pages in manifest.,2026-07-17T14:55:52.376301
echoran,bpt6k6748919p,,failed,0,0,,no_usable_pages,known,,,bpt6k6748919p: no usable pages in manifest.,2026-07-17T14:55:52.500604
echoran,bpt6k6748920b,,failed,0,0,,no_usable_pages,known,,,bpt6k6748920b: no usable pages in manifest.,2026-07-17T14:55:52.637235
echoran,bpt6k6748921r,,failed,0,0,,no_usable_pages,known,,,bpt6k6748921r: no usable pages in manifest.,2026-07-17T14:55:52.925492
echoran,bpt6k67489225,,failed,0,0,,no_usable_pages,known,,,bpt6k67489225: no usable pages in manifest.,2026-07-17T14:55:53.198635
echoran,bpt6k6748923k,,failed,0,0,,no_usable_pages,known,,,bpt6k6748923k: no usable pages in manifest.,2026-07-17T14:55:53.397468
echoran,bpt6k67489240,,failed,0,0,,no_usable_pages,known,,,bpt6k67489240: no usable pages in manifest.,2026-07-17T14:55:53.544046
echoran,bpt6k6748925d,,failed,0,0,,no_usable_pages,known,,,bpt6k6748925d: no usable pages in manifest.,2026-07-17T14:55:53.705681
echoran,bpt6k6748926t,,failed,0,0,,no_usable_pages,known,,,bpt6k6748926t: no usable pages in manifest.,2026-07-17T14:55:53.874296
echoran,bpt6k67489277,,failed,0,0,,no_usable_pages,known,,,bpt6k67489277: no usable pages in manifest.,2026-07-17T14:55:54.147258
echoran,bpt6k6748928n,,failed,0,0,,no_usable_pages,known,,,bpt6k6748928n: no usable pages in manifest.,2026-07-17T14:55:54.420035
echoran,bpt6k67489292,,failed,0,0,,no_usable_pages,known,,,bpt6k67489292: no usable pages in manifest.,2026-07-17T14:55:54.582019
echoran,bpt6k6748930q,,failed,0,0,,no_usable_pages,known,,,bpt6k6748930q: no usable pages in manifest.,2026-07-17T14:55:54.727015
echoran,bpt6k67489314,,failed,0,0,,no_usable_pages,known,,,bpt6k67489314: no usable pages in manifest.,2026-07-17T14:55:54.914134
echoran,bpt6k6748932j,,failed,0,0,,no_usable_pages,known,,,bpt6k6748932j: no usable pages in manifest.,2026-07-17T14:55:55.030548
echoran,bpt6k6748933z,,failed,0,0,,no_usable_pages,known,,,bpt6k6748933z: no usable pages in manifest.,2026-07-17T14:55:55.156314
echoran,bpt6k6748934c,,failed,0,0,,no_usable_pages,known,,,bpt6k6748934c: no usable pages in manifest.,2026-07-17T14:55:55.271450
echoran,bpt6k6748935s,,failed,0,0,,no_usable_pages,known,,,bpt6k6748935s: no usable pages in manifest.,2026-07-17T14:55:55.479902
echoran,bpt6k67489366,,failed,0,0,,no_usable_pages,known,,,bpt6k67489366: no usable pages in manifest.,2026-07-17T14:55:55.597666
echoran,bpt6k6748937m,,failed,0,0,,no_usable_pages,known,,,bpt6k6748937m: no usable pages in manifest.,2026-07-17T14:55:55.717809
echoran,bpt6k67489381,,failed,0,0,,no_usable_pages,known,,,bpt6k67489381: no usable pages in manifest.,2026-07-17T14:55:55.875925
echoran,bpt6k6748939f,,failed,0,0,,no_usable_pages,known,,,bpt6k6748939f: no usable pages in manifest.,2026-07-17T14:55:56.044552
echoran,bpt6k67489403,,failed,0,0,,no_usable_pages,known,,,bpt6k67489403: no usable pages in manifest.,2026-07-17T14:55:56.198654
echoran,bpt6k6748941h,,failed,0,0,,no_usable_pages,known,,,bpt6k6748941h: no usable pages in manifest.,2026-07-17T14:55:56.343014
echoran,bpt6k6748942x,,failed,0,0,,no_usable_pages,known,,,bpt6k6748942x: no usable pages in manifest.,2026-07-17T14:55:56.570476
echoran,bpt6k6748943b,,failed,0,0,,no_usable_pages,known,,,bpt6k6748943b: no usable pages in manifest.,2026-07-17T14:55:56.786354
echoran,bpt6k6748944r,,failed,0,0,,no_usable_pages,known,,,bpt6k6748944r: no usable pages in manifest.,2026-07-17T14:55:56.929756
echoran,bpt6k67489455,,failed,0,0,,no_usable_pages,known,,,bpt6k67489455: no usable pages in manifest.,2026-07-17T14:55:57.163332
echoran,bpt6k6748946k,,failed,0,0,,no_usable_pages,known,,,bpt6k6748946k: no usable pages in manifest.,2026-07-17T14:55:57.628599
echoran,bpt6k67489470,,failed,0,0,,no_usable_pages,known,,,bpt6k67489470: no usable pages in manifest.,2026-07-17T14:55:57.914681
echoran,bpt6k6748948d,,failed,0,0,,no_usable_pages,known,,,bpt6k6748948d: no usable pages in manifest.,2026-07-17T14:55:58.077238
echoran,bpt6k6748949t,,failed,0,0,,no_usable_pages,known,,,bpt6k6748949t: no usable pages in manifest.,2026-07-17T14:55:58.233588
echoran,bpt6k6748950g,,failed,0,0,,no_usable_pages,known,,,bpt6k6748950g: no usable pages in manifest.,2026-07-17T14:55:58.371305
echoran,bpt6k6748951w,,failed,0,0,,no_usable_pages,known,,,bpt6k6748951w: no usable pages in manifest.,2026-07-17T14:55:58.516763
echoran,bpt6k67489529,,failed,0,0,,no_usable_pages,known,,,bpt6k67489529: no usable pages in manifest.,2026-07-17T14:55:58.665836
echoran,bpt6k6748953q,,failed,0,0,,no_usable_pages,known,,,bpt6k6748953q: no usable pages in manifest.,2026-07-17T14:55:58.908101
echoran,bpt6k67489544,,failed,0,0,,no_usable_pages,known,,,bpt6k67489544: no usable pages in manifest.,2026-07-17T14:55:59.073621
echoran,bpt6k6748955j,,failed,0,0,,no_usable_pages,known,,,bpt6k6748955j: no usable pages in manifest.,2026-07-17T14:55:59.238053
echoran,bpt6k6748956z,,failed,0,0,,no_usable_pages,known,,,bpt6k6748956z: no usable pages in manifest.,2026-07-17T14:55:59.394195
echoran,bpt6k6748957c,,failed,0,0,,no_usable_pages,known,,,bpt6k6748957c: no usable pages in manifest.,2026-07-17T14:55:59.527653
echoran,bpt6k6748958s,,failed,0,0,,no_usable_pages,known,,,bpt6k6748958s: no usable pages in manifest.,2026-07-17T14:55:59.706431
echoran,bpt6k67489596,,failed,0,0,,no_usable_pages,known,,,bpt6k67489596: no usable pages in manifest.,2026-07-17T14:55:59.858018
echoran,bpt6k6748960v,,failed,0,0,,no_usable_pages,known,,,bpt6k6748960v: no usable pages in manifest.,2026-07-17T14:56:00.271510
echoran,bpt6k67489618,,failed,0,0,,no_usable_pages,known,,,bpt6k67489618: no usable pages in manifest.,2026-07-17T14:56:00.474675
echoran,bpt6k6748962p,,failed,0,0,,no_usable_pages,known,,,bpt6k6748962p: no usable pages in manifest.,2026-07-17T14:56:00.681193
echoran,bpt6k67489633,,failed,0,0,,no_usable_pages,known,,,bpt6k67489633: no usable pages in manifest.,2026-07-17T14:56:00.835915
echoran,bpt6k6748964h,,failed,0,0,,no_usable_pages,known,,,bpt6k6748964h: no usable pages in manifest.,2026-07-17T14:56:01.001553
echoran,bpt6k6748965x,,failed,0,0,,no_usable_pages,known,,,bpt6k6748965x: no usable pages in manifest.,2026-07-17T14:56:01.822469
echoran,bpt6k6748966b,,failed,0,0,,no_usable_pages,known,,,bpt6k6748966b: no usable pages in manifest.,2026-07-17T14:56:01.942209
echoran,bpt6k6748967r,,failed,0,0,,no_usable_pages,known,,,bpt6k6748967r: no usable pages in manifest.,2026-07-17T14:56:02.130627
echoran,bpt6k67489685,,failed,0,0,,no_usable_pages,known,,,bpt6k67489685: no usable pages in manifest.,2026-07-17T14:56:02.296109
echoran,bpt6k6748969k,,failed,0,0,,no_usable_pages,known,,,bpt6k6748969k: no usable pages in manifest.,2026-07-17T14:56:02.471985
echoran,bpt6k67489707,,failed,0,0,,no_usable_pages,known,,,bpt6k67489707: no usable pages in manifest.,2026-07-17T14:56:02.642941
echoran,bpt6k6748971n,,failed,0,0,,no_usable_pages,known,,,bpt6k6748971n: no usable pages in manifest.,2026-07-17T14:56:02.800149
echoran,bpt6k67489722,,failed,0,0,,no_usable_pages,known,,,bpt6k67489722: no usable pages in manifest.,2026-07-17T14:56:03.011458
echoran,bpt6k6748973g,,failed,0,0,,no_usable_pages,known,,,bpt6k6748973g: no usable pages in manifest.,2026-07-17T14:56:03.166996
echoran,bpt6k6748974w,,failed,0,0,,no_usable_pages,known,,,bpt6k6748974w: no usable pages in manifest.,2026-07-17T14:56:03.330096
echoran,bpt6k67489759,,failed,0,0,,no_usable_pages,known,,,bpt6k67489759: no usable pages in manifest.,2026-07-17T14:56:03.676982
echoran,bpt6k6748976q,,failed,0,0,,no_usable_pages,known,,,bpt6k6748976q: no usable pages in manifest.,2026-07-17T14:56:03.898427
echoran,bpt6k67489774,,failed,0,0,,no_usable_pages,known,,,bpt6k67489774: no usable pages in manifest.,2026-07-17T14:56:04.120117
echoran,bpt6k6748978j,,failed,0,0,,no_usable_pages,known,,,bpt6k6748978j: no usable pages in manifest.,2026-07-17T14:56:04.270010
echoran,bpt6k6748979z,,failed,0,0,,no_usable_pages,known,,,bpt6k6748979z: no usable pages in manifest.,2026-07-17T14:56:04.450126
echoran,bpt6k6748980m,,failed,0,0,,no_usable_pages,known,,,bpt6k6748980m: no usable pages in manifest.,2026-07-17T14:56:04.714777
echoran,bpt6k67489811,,failed,0,0,,no_usable_pages,known,,,bpt6k67489811: no usable pages in manifest.,2026-07-17T14:56:04.966335
echoran,bpt6k6748982f,,failed,0,0,,no_usable_pages,known,,,bpt6k6748982f: no usable pages in manifest.,2026-07-17T14:56:05.493719
echoran,bpt6k6748983v,,failed,0,0,,no_usable_pages,known,,,bpt6k6748983v: no usable pages in manifest.,2026-07-17T14:56:05.711948
echoran,bpt6k67489848,,failed,0,0,,no_usable_pages,known,,,bpt6k67489848: no usable pages in manifest.,2026-07-17T14:56:05.880260
echoran,bpt6k6748985p,,failed,0,0,,no_usable_pages,known,,,bpt6k6748985p: no usable pages in manifest.,2026-07-17T14:56:06.037455
echoran,bpt6k67489863,,failed,0,0,,no_usable_pages,known,,,bpt6k67489863: no usable pages in manifest.,2026-07-17T14:56:06.224960
echoran,bpt6k6748987h,,failed,0,0,,no_usable_pages,known,,,bpt6k6748987h: no usable pages in manifest.,2026-07-17T14:56:06.369859
echoran,bpt6k6748988x,,failed,0,0,,no_usable_pages,known,,,bpt6k6748988x: no usable pages in manifest.,2026-07-17T14:56:06.555983
echoran,bpt6k6748989b,,failed,0,0,,no_usable_pages,known,,,bpt6k6748989b: no usable pages in manifest.,2026-07-17T14:56:06.777710
echoran,bpt6k67489900,,failed,0,0,,no_usable_pages,known,,,bpt6k67489900: no usable pages in manifest.,2026-07-17T14:56:06.927019
echoran,bpt6k6748991d,,failed,0,0,,no_usable_pages,known,,,bpt6k6748991d: no usable pages in manifest.,2026-07-17T14:56:07.141531
echoran,bpt6k6748992t,,failed,0,0,,no_usable_pages,known,,,bpt6k6748992t: no usable pages in manifest.,2026-07-17T14:56:07.498932
echoran,bpt6k67489937,,failed,0,0,,no_usable_pages,known,,,bpt6k67489937: no usable pages in manifest.,2026-07-17T14:56:07.708889
echoran,bpt6k6748994n,,failed,0,0,,no_usable_pages,known,,,bpt6k6748994n: no usable pages in manifest.,2026-07-17T14:56:07.924164
echoran,bpt6k67489952,,failed,0,0,,no_usable_pages,known,,,bpt6k67489952: no usable pages in manifest.,2026-07-17T14:56:08.081318
echoran,bpt6k6748996g,,failed,0,0,,no_usable_pages,known,,,bpt6k6748996g: no usable pages in manifest.,2026-07-17T14:56:08.273339
echoran,bpt6k6748997w,,failed,0,0,,no_usable_pages,known,,,bpt6k6748997w: no usable pages in manifest.,2026-07-17T14:56:08.444002
echoran,bpt6k67489989,,failed,0,0,,no_usable_pages,known,,,bpt6k67489989: no usable pages in manifest.,2026-07-17T14:56:08.614577
echoran,bpt6k6748999q,,failed,0,0,,no_usable_pages,known,,,bpt6k6748999q: no usable pages in manifest.,2026-07-17T14:56:09.025394
echoran,bpt6k6749000s,,failed,0,0,,no_usable_pages,known,,,bpt6k6749000s: no usable pages in manifest.,2026-07-17T14:56:09.174855
echoran,bpt6k67490016,,failed,0,0,,no_usable_pages,known,,,bpt6k67490016: no usable pages in manifest.,2026-07-17T14:56:09.308265
echoran,bpt6k6749002m,,failed,0,0,,no_usable_pages,known,,,bpt6k6749002m: no usable pages in manifest.,2026-07-17T14:56:09.474621
echoran,bpt6k67490031,,failed,0,0,,no_usable_pages,known,,,bpt6k67490031: no usable pages in manifest.,2026-07-17T14:56:09.637467
echoran,bpt6k6749004f,,failed,0,0,,no_usable_pages,known,,,bpt6k6749004f: no usable pages in manifest.,2026-07-17T14:56:09.804714
echoran,bpt6k6749005v,,failed,0,0,,no_usable_pages,known,,,bpt6k6749005v: no usable pages in manifest.,2026-07-17T14:56:09.969731
echoran,bpt6k67490068,,failed,0,0,,no_usable_pages,known,,,bpt6k67490068: no usable pages in manifest.,2026-07-17T14:56:10.194163
echoran,bpt6k6749007p,,failed,0,0,,no_usable_pages,known,,,bpt6k6749007p: no usable pages in manifest.,2026-07-17T14:56:10.332718
echoran,bpt6k67490083,,failed,0,0,,no_usable_pages,known,,,bpt6k67490083: no usable pages in manifest.,2026-07-17T14:56:10.462291
echoran,bpt6k6749009h,,failed,0,0,,no_usable_pages,known,,,bpt6k6749009h: no usable pages in manifest.,2026-07-17T14:56:10.571924
echoran,bpt6k67490105,,failed,0,0,,no_usable_pages,known,,,bpt6k67490105: no usable pages in manifest.,2026-07-17T14:56:10.704149
echoran,bpt6k6749011k,,failed,0,0,,no_usable_pages,known,,,bpt6k6749011k: no usable pages in manifest.,2026-07-17T14:56:10.905347
echoran,bpt6k67490120,,failed,0,0,,no_usable_pages,known,,,bpt6k67490120: no usable pages in manifest.,2026-07-17T14:56:11.077439
echoran,bpt6k6749013d,,failed,0,0,,no_usable_pages,known,,,bpt6k6749013d: no usable pages in manifest.,2026-07-17T14:56:11.250753
echoran,bpt6k6749043j,,failed,0,0,,no_usable_pages,known,,,bpt6k6749043j: no usable pages in manifest.,2026-07-17T14:56:11.397407
echoran,bpt6k6749014t,,failed,0,0,,no_usable_pages,known,,,bpt6k6749014t: no usable pages in manifest.,2026-07-17T14:56:11.560725
echoran,bpt6k67490157,,failed,0,0,,no_usable_pages,known,,,bpt6k67490157: no usable pages in manifest.,2026-07-17T14:56:11.699400
echoran,bpt6k6749016n,,failed,0,0,,no_usable_pages,known,,,bpt6k6749016n: no usable pages in manifest.,2026-07-17T14:56:11.853285
echoran,bpt6k67490172,,failed,0,0,,no_usable_pages,known,,,bpt6k67490172: no usable pages in manifest.,2026-07-17T14:56:12.060423
echoran,bpt6k6749018g,,failed,0,0,,no_usable_pages,known,,,bpt6k6749018g: no usable pages in manifest.,2026-07-17T14:56:12.231871
echoran,bpt6k6749019w,,failed,0,0,,no_usable_pages,known,,,bpt6k6749019w: no usable pages in manifest.,2026-07-17T14:56:12.381363
echoran,bpt6k6749020j,,failed,0,0,,no_usable_pages,known,,,bpt6k6749020j: no usable pages in manifest.,2026-07-17T14:56:12.522178
echoran,bpt6k6749021z,,failed,0,0,,no_usable_pages,known,,,bpt6k6749021z: no usable pages in manifest.,2026-07-17T14:56:13.045352
echoran,bpt6k6749022c,,failed,0,0,,no_usable_pages,known,,,bpt6k6749022c: no usable pages in manifest.,2026-07-17T14:56:13.371660
echoran,bpt6k6749023s,,failed,0,0,,no_usable_pages,known,,,bpt6k6749023s: no usable pages in manifest.,2026-07-17T14:56:13.549744
echoran,bpt6k67490246,,failed,0,0,,no_usable_pages,known,,,bpt6k67490246: no usable pages in manifest.,2026-07-17T14:56:13.941774
echoran,bpt6k6749025m,,failed,0,0,,no_usable_pages,known,,,bpt6k6749025m: no usable pages in manifest.,2026-07-17T14:56:14.129771
echoran,bpt6k67490261,,failed,0,0,,no_usable_pages,known,,,bpt6k67490261: no usable pages in manifest.,2026-07-17T14:56:14.377616
echoran,bpt6k6749027f,,failed,0,0,,no_usable_pages,known,,,bpt6k6749027f: no usable pages in manifest.,2026-07-17T14:56:14.555988
echoran,bpt6k6749028v,,failed,0,0,,no_usable_pages,known,,,bpt6k6749028v: no usable pages in manifest.,2026-07-17T14:56:14.712581
echoran,bpt6k67490298,,failed,0,0,,no_usable_pages,known,,,bpt6k67490298: no usable pages in manifest.,2026-07-17T14:56:14.839271
echoran,bpt6k6749030x,,failed,0,0,,no_usable_pages,known,,,bpt6k6749030x: no usable pages in manifest.,2026-07-17T14:56:15.025432
echoran,bpt6k6749031b,,failed,0,0,,no_usable_pages,known,,,bpt6k6749031b: no usable pages in manifest.,2026-07-17T14:56:15.182035
echoran,bpt6k6749032r,,failed,0,0,,no_usable_pages,known,,,bpt6k6749032r: no usable pages in manifest.,2026-07-17T14:56:15.349260
echoran,bpt6k67490335,,failed,0,0,,no_usable_pages,known,,,bpt6k67490335: no usable pages in manifest.,2026-07-17T14:56:15.532433
echoran,bpt6k6749034k,,failed,0,0,,no_usable_pages,known,,,bpt6k6749034k: no usable pages in manifest.,2026-07-17T14:56:15.684743
echoran,bpt6k67490350,,failed,0,0,,no_usable_pages,known,,,bpt6k67490350: no usable pages in manifest.,2026-07-17T14:56:15.810133
echoran,bpt6k6749036d,,failed,0,0,,no_usable_pages,known,,,bpt6k6749036d: no usable pages in manifest.,2026-07-17T14:56:16.051917
echoran,bpt6k6749037t,,failed,0,0,,no_usable_pages,known,,,bpt6k6749037t: no usable pages in manifest.,2026-07-17T14:56:16.196196
echoran,bpt6k67490387,,failed,0,0,,no_usable_pages,known,,,bpt6k67490387: no usable pages in manifest.,2026-07-17T14:56:16.355006
echoran,bpt6k6749039n,,failed,0,0,,no_usable_pages,known,,,bpt6k6749039n: no usable pages in manifest.,2026-07-17T14:56:16.586227
echoran,bpt6k67490409,,failed,0,0,,no_usable_pages,known,,,bpt6k67490409: no usable pages in manifest.,2026-07-17T14:56:16.911718
echoran,bpt6k6749041q,,failed,0,0,,no_usable_pages,known,,,bpt6k6749041q: no usable pages in manifest.,2026-07-17T14:56:17.166710
echoran,bpt6k67490424,,failed,0,0,,no_usable_pages,known,,,bpt6k67490424: no usable pages in manifest.,2026-07-17T14:56:17.284286
echoran,bpt6k6749044z,,failed,0,0,,no_usable_pages,known,,,bpt6k6749044z: no usable pages in manifest.,2026-07-17T14:56:17.394212
echoran,bpt6k6749045c,,failed,0,0,,no_usable_pages,known,,,bpt6k6749045c: no usable pages in manifest.,2026-07-17T14:56:17.617719
echoran,bpt6k6749046s,,failed,0,0,,no_usable_pages,known,,,bpt6k6749046s: no usable pages in manifest.,2026-07-17T14:56:17.721558
echoran,bpt6k67490476,,failed,0,0,,no_usable_pages,known,,,bpt6k67490476: no usable pages in manifest.,2026-07-17T14:56:17.823671
echoran,bpt6k6749048m,,failed,0,0,,no_usable_pages,known,,,bpt6k6749048m: no usable pages in manifest.,2026-07-17T14:56:17.971395
echoran,bpt6k67490491,,failed,0,0,,no_usable_pages,known,,,bpt6k67490491: no usable pages in manifest.,2026-07-17T14:56:18.144152
echoran,bpt6k6749050p,,failed,0,0,,no_usable_pages,known,,,bpt6k6749050p: no usable pages in manifest.,2026-07-17T14:56:18.309825
echoran,bpt6k67490513,,failed,0,0,,no_usable_pages,known,,,bpt6k67490513: no usable pages in manifest.,2026-07-17T14:56:18.433863
echoran,bpt6k6749052h,,failed,0,0,,no_usable_pages,known,,,bpt6k6749052h: no usable pages in manifest.,2026-07-17T14:56:18.789098
echoran,bpt6k6749053x,,failed,0,0,,no_usable_pages,known,,,bpt6k6749053x: no usable pages in manifest.,2026-07-17T14:56:18.904013
echoran,bpt6k6749054b,,failed,0,0,,no_usable_pages,known,,,bpt6k6749054b: no usable pages in manifest.,2026-07-17T14:56:19.031820
echoran,bpt6k6749055r,,failed,0,0,,no_usable_pages,known,,,bpt6k6749055r: no usable pages in manifest.,2026-07-17T14:56:19.194917
echoran,bpt6k67490565,,failed,0,0,,no_usable_pages,known,,,bpt6k67490565: no usable pages in manifest.,2026-07-17T14:56:19.375174
echoran,bpt6k6749057k,,failed,0,0,,no_usable_pages,known,,,bpt6k6749057k: no usable pages in manifest.,2026-07-17T14:56:19.521265
echoran,bpt6k67490580,,failed,0,0,,no_usable_pages,known,,,bpt6k67490580: no usable pages in manifest.,2026-07-17T14:56:20.282399
echoran,bpt6k6749059d,,failed,0,0,,no_usable_pages,known,,,bpt6k6749059d: no usable pages in manifest.,2026-07-17T14:56:20.473399
echoran,bpt6k67490602,,failed,0,0,,no_usable_pages,known,,,bpt6k67490602: no usable pages in manifest.,2026-07-17T14:56:20.806211
echoran,bpt6k6749061g,,failed,0,0,,no_usable_pages,known,,,bpt6k6749061g: no usable pages in manifest.,2026-07-17T14:56:20.947898
echoran,bpt6k6749062w,,failed,0,0,,no_usable_pages,known,,,bpt6k6749062w: no usable pages in manifest.,2026-07-17T14:56:21.086692
echoran,bpt6k67490639,,failed,0,0,,no_usable_pages,known,,,bpt6k67490639: no usable pages in manifest.,2026-07-17T14:56:21.248899
echoran,bpt6k6749064q,,failed,0,0,,no_usable_pages,known,,,bpt6k6749064q: no usable pages in manifest.,2026-07-17T14:56:21.388817
echoran,bpt6k67490654,,failed,0,0,,no_usable_pages,known,,,bpt6k67490654: no usable pages in manifest.,2026-07-17T14:56:21.509377
echoran,bpt6k6749066j,,failed,0,0,,no_usable_pages,known,,,bpt6k6749066j: no usable pages in manifest.,2026-07-17T14:56:21.603817
echoran,bpt6k6749067z,,failed,0,0,,no_usable_pages,known,,,bpt6k6749067z: no usable pages in manifest.,2026-07-17T14:56:21.752172
echoran,bpt6k6749068c,,failed,0,0,,no_usable_pages,known,,,bpt6k6749068c: no usable pages in manifest.,2026-07-17T14:56:21.922688
echoran,bpt6k6749069s,,failed,0,0,,no_usable_pages,known,,,bpt6k6749069s: no usable pages in manifest.,2026-07-17T14:56:22.071408
echoran,bpt6k6749070f,,failed,0,0,,no_usable_pages,known,,,bpt6k6749070f: no usable pages in manifest.,2026-07-17T14:56:22.221956
echoran,bpt6k6749071v,,failed,0,0,,no_usable_pages,known,,,bpt6k6749071v: no usable pages in manifest.,2026-07-17T14:56:22.341332
echoran,bpt6k67490728,,failed,0,0,,no_usable_pages,known,,,bpt6k67490728: no usable pages in manifest.,2026-07-17T14:56:22.483387
echoran,bpt6k6749073p,,failed,0,0,,no_usable_pages,known,,,bpt6k6749073p: no usable pages in manifest.,2026-07-17T14:56:22.664801
echoran,bpt6k67490743,,failed,0,0,,no_usable_pages,known,,,bpt6k67490743: no usable pages in manifest.,2026-07-17T14:56:22.802005
echoran,bpt6k6749075h,,failed,0,0,,no_usable_pages,known,,,bpt6k6749075h: no usable pages in manifest.,2026-07-17T14:56:22.957395
echoran,bpt6k6749076x,,failed,0,0,,no_usable_pages,known,,,bpt6k6749076x: no usable pages in manifest.,2026-07-17T14:56:23.181901
echoran,bpt6k6749077b,,failed,0,0,,no_usable_pages,known,,,bpt6k6749077b: no usable pages in manifest.,2026-07-17T14:56:23.360379
echoran,bpt6k6749078r,,failed,0,0,,no_usable_pages,known,,,bpt6k6749078r: no usable pages in manifest.,2026-07-17T14:56:23.520619
echoran,bpt6k67490795,,failed,0,0,,no_usable_pages,known,,,bpt6k67490795: no usable pages in manifest.,2026-07-17T14:56:23.662940
echoran,bpt6k6749080t,,failed,0,0,,no_usable_pages,known,,,bpt6k6749080t: no usable pages in manifest.,2026-07-17T14:56:23.768126
echoran,bpt6k67490817,,failed,0,0,,no_usable_pages,known,,,bpt6k67490817: no usable pages in manifest.,2026-07-17T14:56:23.951911
echoran,bpt6k6749082n,,failed,0,0,,no_usable_pages,known,,,bpt6k6749082n: no usable pages in manifest.,2026-07-17T14:56:24.332085
echoran,bpt6k67490832,,failed,0,0,,no_usable_pages,known,,,bpt6k67490832: no usable pages in manifest.,2026-07-17T14:56:24.488048
echoran,bpt6k6749084g,,failed,0,0,,no_usable_pages,known,,,bpt6k6749084g: no usable pages in manifest.,2026-07-17T14:56:25.023438
echoran,bpt6k6749085w,,failed,0,0,,no_usable_pages,known,,,bpt6k6749085w: no usable pages in manifest.,2026-07-17T14:56:25.386855
echoran,bpt6k67490869,,failed,0,0,,no_usable_pages,known,,,bpt6k67490869: no usable pages in manifest.,2026-07-17T14:56:25.613071
echoran,bpt6k6749087q,,failed,0,0,,no_usable_pages,known,,,bpt6k6749087q: no usable pages in manifest.,2026-07-17T14:56:25.855370
echoran,bpt6k67490884,,failed,0,0,,no_usable_pages,known,,,bpt6k67490884: no usable pages in manifest.,2026-07-17T14:56:26.293465
echoran,bpt6k6749089j,,failed,0,0,,no_usable_pages,known,,,bpt6k6749089j: no usable pages in manifest.,2026-07-17T14:56:26.583560
echoran,bpt6k67490906,,failed,0,0,,no_usable_pages,known,,,bpt6k67490906: no usable pages in manifest.,2026-07-17T14:56:26.752340
echoran,bpt6k6749091m,,failed,0,0,,no_usable_pages,known,,,bpt6k6749091m: no usable pages in manifest.,2026-07-17T14:56:26.923490
echoran,bpt6k67490921,,failed,0,0,,no_usable_pages,known,,,bpt6k67490921: no usable pages in manifest.,2026-07-17T14:56:27.059551
echoran,bpt6k6749093f,,failed,0,0,,no_usable_pages,known,,,bpt6k6749093f: no usable pages in manifest.,2026-07-17T14:56:27.230111
echoran,bpt6k6749094v,,failed,0,0,,no_usable_pages,known,,,bpt6k6749094v: no usable pages in manifest.,2026-07-17T14:56:27.462737
echoran,bpt6k67490958,,failed,0,0,,no_usable_pages,known,,,bpt6k67490958: no usable pages in manifest.,2026-07-17T14:56:27.798561
echoran,bpt6k6749096p,,failed,0,0,,no_usable_pages,known,,,bpt6k6749096p: no usable pages in manifest.,2026-07-17T14:56:27.991967
echoran,bpt6k67490973,,failed,0,0,,no_usable_pages,known,,,bpt6k67490973: no usable pages in manifest.,2026-07-17T14:56:28.161347
echoran,bpt6k6749098h,,failed,0,0,,no_usable_pages,known,,,bpt6k6749098h: no usable pages in manifest.,2026-07-17T14:56:28.307634
echoran,bpt6k6749099x,,failed,0,0,,no_usable_pages,known,,,bpt6k6749099x: no usable pages in manifest.,2026-07-17T14:56:28.422668
echoran,bpt6k67491004,,failed,0,0,,no_usable_pages,known,,,bpt6k67491004: no usable pages in manifest.,2026-07-17T14:56:28.544377
echoran,bpt6k6749101j,,failed,0,0,,no_usable_pages,known,,,bpt6k6749101j: no usable pages in manifest.,2026-07-17T14:56:29.268634
echoran,bpt6k6749102z,,failed,0,0,,no_usable_pages,known,,,bpt6k6749102z: no usable pages in manifest.,2026-07-17T14:56:29.379687
echoran,bpt6k6749103c,,failed,0,0,,no_usable_pages,known,,,bpt6k6749103c: no usable pages in manifest.,2026-07-17T14:56:29.507316
echoran,bpt6k6749104s,,failed,0,0,,no_usable_pages,known,,,bpt6k6749104s: no usable pages in manifest.,2026-07-17T14:56:29.622568
echoran,bpt6k67491056,,failed,0,0,,no_usable_pages,known,,,bpt6k67491056: no usable pages in manifest.,2026-07-17T14:56:29.860364
echoran,bpt6k6749106m,,failed,0,0,,no_usable_pages,known,,,bpt6k6749106m: no usable pages in manifest.,2026-07-17T14:56:30.008131
echoran,bpt6k67491071,,failed,0,0,,no_usable_pages,known,,,bpt6k67491071: no usable pages in manifest.,2026-07-17T14:56:30.122973
echoran,bpt6k6749108f,,failed,0,0,,no_usable_pages,known,,,bpt6k6749108f: no usable pages in manifest.,2026-07-17T14:56:30.274260
echoran,bpt6k6749109v,,failed,0,0,,no_usable_pages,known,,,bpt6k6749109v: no usable pages in manifest.,2026-07-17T14:56:30.405310
echoran,bpt6k6749110h,,failed,0,0,,no_usable_pages,known,,,bpt6k6749110h: no usable pages in manifest.,2026-07-17T14:56:30.519495
echoran,bpt6k6749111x,,failed,0,0,,no_usable_pages,known,,,bpt6k6749111x: no usable pages in manifest.,2026-07-17T14:56:30.620261
echoran,bpt6k6749112b,,failed,0,0,,no_usable_pages,known,,,bpt6k6749112b: no usable pages in manifest.,2026-07-17T14:56:30.841404
echoran,bpt6k6749113r,,failed,0,0,,no_usable_pages,known,,,bpt6k6749113r: no usable pages in manifest.,2026-07-17T14:56:31.024738
echoran,bpt6k67491145,,failed,0,0,,no_usable_pages,known,,,bpt6k67491145: no usable pages in manifest.,2026-07-17T14:56:31.143053
echoran,bpt6k6749115k,,failed,0,0,,no_usable_pages,known,,,bpt6k6749115k: no usable pages in manifest.,2026-07-17T14:56:31.328710
echoran,bpt6k67491160,,failed,0,0,,no_usable_pages,known,,,bpt6k67491160: no usable pages in manifest.,2026-07-17T14:56:31.476040
echoran,bpt6k6749117d,,failed,0,0,,no_usable_pages,known,,,bpt6k6749117d: no usable pages in manifest.,2026-07-17T14:56:31.622434
echoran,bpt6k6749118t,,failed,0,0,,no_usable_pages,known,,,bpt6k6749118t: no usable pages in manifest.,2026-07-17T14:56:31.808193
echoran,bpt6k67491197,,failed,0,0,,no_usable_pages,known,,,bpt6k67491197: no usable pages in manifest.,2026-07-17T14:56:32.034161
echoran,bpt6k6749120w,,failed,0,0,,no_usable_pages,known,,,bpt6k6749120w: no usable pages in manifest.,2026-07-17T14:56:32.257093
echoran,bpt6k67491219,,failed,0,0,,no_usable_pages,known,,,bpt6k67491219: no usable pages in manifest.,2026-07-17T14:56:32.721023
echoran,bpt6k6749122q,,failed,0,0,,no_usable_pages,known,,,bpt6k6749122q: no usable pages in manifest.,2026-07-17T14:56:33.058530
echoran,bpt6k67491234,,failed,0,0,,no_usable_pages,known,,,bpt6k67491234: no usable pages in manifest.,2026-07-17T14:56:33.254931
echoran,bpt6k6749124j,,failed,0,0,,no_usable_pages,known,,,bpt6k6749124j: no usable pages in manifest.,2026-07-17T14:56:33.470086
echoran,bpt6k6749125z,,failed,0,0,,no_usable_pages,known,,,bpt6k6749125z: no usable pages in manifest.,2026-07-17T14:56:33.642897
echoran,bpt6k6749126c,,failed,0,0,,no_usable_pages,known,,,bpt6k6749126c: no usable pages in manifest.,2026-07-17T14:56:33.796026
echoran,bpt6k6749127s,,failed,0,0,,no_usable_pages,known,,,bpt6k6749127s: no usable pages in manifest.,2026-07-17T14:56:33.997085
echoran,bpt6k67491286,,failed,0,0,,no_usable_pages,known,,,bpt6k67491286: no usable pages in manifest.,2026-07-17T14:56:34.117951
echoran,bpt6k6749129m,,failed,0,0,,no_usable_pages,known,,,bpt6k6749129m: no usable pages in manifest.,2026-07-17T14:56:34.332964
echoran,bpt6k67491308,,failed,0,0,,no_usable_pages,known,,,bpt6k67491308: no usable pages in manifest.,2026-07-17T14:56:34.492349
echoran,bpt6k6749131p,,failed,0,0,,no_usable_pages,known,,,bpt6k6749131p: no usable pages in manifest.,2026-07-17T14:56:34.641118
echoran,bpt6k67491323,,failed,0,0,,no_usable_pages,known,,,bpt6k67491323: no usable pages in manifest.,2026-07-17T14:56:34.772120
echoran,bpt6k6749133h,,failed,0,0,,no_usable_pages,known,,,bpt6k6749133h: no usable pages in manifest.,2026-07-17T14:56:34.885093
echoran,bpt6k6749134x,,failed,0,0,,no_usable_pages,known,,,bpt6k6749134x: no usable pages in manifest.,2026-07-17T14:56:35.010182
echoran,bpt6k6749135b,,failed,0,0,,no_usable_pages,known,,,bpt6k6749135b: no usable pages in manifest.,2026-07-17T14:56:35.153671
echoran,bpt6k6749136r,,failed,0,0,,no_usable_pages,known,,,bpt6k6749136r: no usable pages in manifest.,2026-07-17T14:56:35.290619
echoran,bpt6k67491375,,failed,0,0,,no_usable_pages,known,,,bpt6k67491375: no usable pages in manifest.,2026-07-17T14:56:35.465154
echoran,bpt6k6749138k,,failed,0,0,,no_usable_pages,known,,,bpt6k6749138k: no usable pages in manifest.,2026-07-17T14:56:35.630391
echoran,bpt6k67491390,,failed,0,0,,no_usable_pages,known,,,bpt6k67491390: no usable pages in manifest.,2026-07-17T14:56:35.801393
echoran,bpt6k6749140n,,failed,0,0,,no_usable_pages,known,,,bpt6k6749140n: no usable pages in manifest.,2026-07-17T14:56:35.964945
echoran,bpt6k67491412,,failed,0,0,,no_usable_pages,known,,,bpt6k67491412: no usable pages in manifest.,2026-07-17T14:56:36.142627
echoran,bpt6k6749142g,,failed,0,0,,no_usable_pages,known,,,bpt6k6749142g: no usable pages in manifest.,2026-07-17T14:56:36.310402
echoran,bpt6k6749143w,,failed,0,0,,no_usable_pages,known,,,bpt6k6749143w: no usable pages in manifest.,2026-07-17T14:56:37.030596
echoran,bpt6k67491449,,failed,0,0,,no_usable_pages,known,,,bpt6k67491449: no usable pages in manifest.,2026-07-17T14:56:37.183074
echoran,bpt6k6749145q,,failed,0,0,,no_usable_pages,known,,,bpt6k6749145q: no usable pages in manifest.,2026-07-17T14:56:37.308722
echoran,bpt6k67491464,,failed,0,0,,no_usable_pages,known,,,bpt6k67491464: no usable pages in manifest.,2026-07-17T14:56:37.454999
echoran,bpt6k6749147j,,failed,0,0,,no_usable_pages,known,,,bpt6k6749147j: no usable pages in manifest.,2026-07-17T14:56:37.595215
echoran,bpt6k6749148z,,failed,0,0,,no_usable_pages,known,,,bpt6k6749148z: no usable pages in manifest.,2026-07-17T14:56:37.731834
echoran,bpt6k6749149c,,failed,0,0,,no_usable_pages,known,,,bpt6k6749149c: no usable pages in manifest.,2026-07-17T14:56:37.904068
echoran,bpt6k67491501,,failed,0,0,,no_usable_pages,known,,,bpt6k67491501: no usable pages in manifest.,2026-07-17T14:56:38.118263
echoran,bpt6k6749151f,,failed,0,0,,no_usable_pages,known,,,bpt6k6749151f: no usable pages in manifest.,2026-07-17T14:56:38.290058
echoran,bpt6k6749152v,,failed,0,0,,no_usable_pages,known,,,bpt6k6749152v: no usable pages in manifest.,2026-07-17T14:56:38.454158
echoran,bpt6k67491538,,failed,0,0,,no_usable_pages,known,,,bpt6k67491538: no usable pages in manifest.,2026-07-17T14:56:38.887703
echoran,bpt6k6749154p,,failed,0,0,,no_usable_pages,known,,,bpt6k6749154p: no usable pages in manifest.,2026-07-17T14:56:39.189692
echoran,bpt6k67491553,,failed,0,0,,no_usable_pages,known,,,bpt6k67491553: no usable pages in manifest.,2026-07-17T14:56:39.318951
echoran,bpt6k6749156h,,failed,0,0,,no_usable_pages,known,,,bpt6k6749156h: no usable pages in manifest.,2026-07-17T14:56:39.440642
echoran,bpt6k6749157x,,failed,0,0,,no_usable_pages,known,,,bpt6k6749157x: no usable pages in manifest.,2026-07-17T14:56:39.613975
echoran,bpt6k6749158b,,failed,0,0,,no_usable_pages,known,,,bpt6k6749158b: no usable pages in manifest.,2026-07-17T14:56:39.817412
echoran,bpt6k6749159r,,failed,0,0,,no_usable_pages,known,,,bpt6k6749159r: no usable pages in manifest.,2026-07-17T14:56:39.939448
echoran,bpt6k6749160d,,failed,0,0,,no_usable_pages,known,,,bpt6k6749160d: no usable pages in manifest.,2026-07-17T14:56:40.092558
echoran,bpt6k6749161t,,failed,0,0,,no_usable_pages,known,,,bpt6k6749161t: no usable pages in manifest.,2026-07-17T14:56:40.588325
echoran,bpt6k67491627,,failed,0,0,,no_usable_pages,known,,,bpt6k67491627: no usable pages in manifest.,2026-07-17T14:56:40.823462
echoran,bpt6k6749163n,,failed,0,0,,no_usable_pages,known,,,bpt6k6749163n: no usable pages in manifest.,2026-07-17T14:56:40.978463
echoran,bpt6k67491642,,failed,0,0,,no_usable_pages,known,,,bpt6k67491642: no usable pages in manifest.,2026-07-17T14:56:41.119644
echoran,bpt6k6749165g,,failed,0,0,,no_usable_pages,known,,,bpt6k6749165g: no usable pages in manifest.,2026-07-17T14:56:41.313562
echoran,bpt6k6749166w,,failed,0,0,,no_usable_pages,known,,,bpt6k6749166w: no usable pages in manifest.,2026-07-17T14:56:41.467605
echoran,bpt6k67491679,,failed,0,0,,no_usable_pages,known,,,bpt6k67491679: no usable pages in manifest.,2026-07-17T14:56:41.583902
echoran,bpt6k6749168q,,failed,0,0,,no_usable_pages,known,,,bpt6k6749168q: no usable pages in manifest.,2026-07-17T14:56:41.758390
echoran,bpt6k67491694,,failed,0,0,,no_usable_pages,known,,,bpt6k67491694: no usable pages in manifest.,2026-07-17T14:56:41.899025
echoran,bpt6k6749170s,,failed,0,0,,no_usable_pages,known,,,bpt6k6749170s: no usable pages in manifest.,2026-07-17T14:56:42.057543
echoran,bpt6k67491716,,failed,0,0,,no_usable_pages,known,,,bpt6k67491716: no usable pages in manifest.,2026-07-17T14:56:42.201217
echoran,bpt6k6749172m,,failed,0,0,,no_usable_pages,known,,,bpt6k6749172m: no usable pages in manifest.,2026-07-17T14:56:42.379240
echoran,bpt6k67491731,,failed,0,0,,no_usable_pages,known,,,bpt6k67491731: no usable pages in manifest.,2026-07-17T14:56:42.516513
echoran,bpt6k6749174f,,failed,0,0,,no_usable_pages,known,,,bpt6k6749174f: no usable pages in manifest.,2026-07-17T14:56:42.686502
echoran,bpt6k6749175v,,failed,0,0,,no_usable_pages,known,,,bpt6k6749175v: no usable pages in manifest.,2026-07-17T14:56:42.822332
echoran,bpt6k67491768,,failed,0,0,,no_usable_pages,known,,,bpt6k67491768: no usable pages in manifest.,2026-07-17T14:56:42.994170
echoran,bpt6k6749177p,,failed,0,0,,no_usable_pages,known,,,bpt6k6749177p: no usable pages in manifest.,2026-07-17T14:56:43.125674
echoran,bpt6k67491783,,failed,0,0,,no_usable_pages,known,,,bpt6k67491783: no usable pages in manifest.,2026-07-17T14:56:43.279505
echoran,bpt6k6749179h,,failed,0,0,,no_usable_pages,known,,,bpt6k6749179h: no usable pages in manifest.,2026-07-17T14:56:43.531014
echoran,bpt6k67491805,,failed,0,0,,no_usable_pages,known,,,bpt6k67491805: no usable pages in manifest.,2026-07-17T14:56:43.700641
echoran,bpt6k6749181k,,failed,0,0,,no_usable_pages,known,,,bpt6k6749181k: no usable pages in manifest.,2026-07-17T14:56:43.853687
echoran,bpt6k67491820,,failed,0,0,,no_usable_pages,known,,,bpt6k67491820: no usable pages in manifest.,2026-07-17T14:56:44.143015
echoran,bpt6k6749183d,,failed,0,0,,no_usable_pages,known,,,bpt6k6749183d: no usable pages in manifest.,2026-07-17T14:56:44.546617
echoran,bpt6k6749184t,,failed,0,0,,no_usable_pages,known,,,bpt6k6749184t: no usable pages in manifest.,2026-07-17T14:56:44.765548
echoran,bpt6k67491857,,failed,0,0,,no_usable_pages,known,,,bpt6k67491857: no usable pages in manifest.,2026-07-17T14:56:44.943732
echoran,bpt6k6749186n,,failed,0,0,,no_usable_pages,known,,,bpt6k6749186n: no usable pages in manifest.,2026-07-17T14:56:45.474394
echoran,bpt6k67491872,,failed,0,0,,no_usable_pages,known,,,bpt6k67491872: no usable pages in manifest.,2026-07-17T14:56:45.658140
echoran,bpt6k6749188g,,failed,0,0,,no_usable_pages,known,,,bpt6k6749188g: no usable pages in manifest.,2026-07-17T14:56:45.825762
echoran,bpt6k6749189w,,failed,0,0,,no_usable_pages,known,,,bpt6k6749189w: no usable pages in manifest.,2026-07-17T14:56:45.989941
echoran,bpt6k6749190j,,failed,0,0,,no_usable_pages,known,,,bpt6k6749190j: no usable pages in manifest.,2026-07-17T14:56:46.273574
echoran,bpt6k6749191z,,failed,0,0,,no_usable_pages,known,,,bpt6k6749191z: no usable pages in manifest.,2026-07-17T14:56:46.426419
echoran,bpt6k6749192c,,failed,0,0,,no_usable_pages,known,,,bpt6k6749192c: no usable pages in manifest.,2026-07-17T14:56:46.638284
echoran,bpt6k6749193s,,failed,0,0,,no_usable_pages,known,,,bpt6k6749193s: no usable pages in manifest.,2026-07-17T14:56:46.881480
echoran,bpt6k67491946,,failed,0,0,,no_usable_pages,known,,,bpt6k67491946: no usable pages in manifest.,2026-07-17T14:56:47.355749
echoran,bpt6k6749195m,,failed,0,0,,no_usable_pages,known,,,bpt6k6749195m: no usable pages in manifest.,2026-07-17T14:56:47.631392
echoran,bpt6k67491961,,failed,0,0,,no_usable_pages,known,,,bpt6k67491961: no usable pages in manifest.,2026-07-17T14:56:47.872662
echoran,bpt6k6749197f,,failed,0,0,,no_usable_pages,known,,,bpt6k6749197f: no usable pages in manifest.,2026-07-17T14:56:48.140519
echoran,bpt6k6749198v,,failed,0,0,,no_usable_pages,known,,,bpt6k6749198v: no usable pages in manifest.,2026-07-17T14:56:48.463613
echoran,bpt6k67491998,,failed,0,0,,no_usable_pages,known,,,bpt6k67491998: no usable pages in manifest.,2026-07-17T14:56:48.783922
echoran,bpt6k6749200g,,failed,0,0,,no_usable_pages,known,,,bpt6k6749200g: no usable pages in manifest.,2026-07-17T14:56:48.899896
echoran,bpt6k6749201w,,failed,0,0,,no_usable_pages,known,,,bpt6k6749201w: no usable pages in manifest.,2026-07-17T14:56:49.204212
echoran,bpt6k67492029,,failed,0,0,,no_usable_pages,known,,,bpt6k67492029: no usable pages in manifest.,2026-07-17T14:56:49.338629
echoran,bpt6k6749203q,,failed,0,0,,no_usable_pages,known,,,bpt6k6749203q: no usable pages in manifest.,2026-07-17T14:56:49.527042
echoran,bpt6k67492044,,failed,0,0,,no_usable_pages,known,,,bpt6k67492044: no usable pages in manifest.,2026-07-17T14:56:49.722210
echoran,bpt6k6749205j,,failed,0,0,,no_usable_pages,known,,,bpt6k6749205j: no usable pages in manifest.,2026-07-17T14:56:50.100723
echoran,bpt6k6749206z,,failed,0,0,,no_usable_pages,known,,,bpt6k6749206z: no usable pages in manifest.,2026-07-17T14:56:50.839211
echoran,bpt6k6749207c,,failed,0,0,,no_usable_pages,known,,,bpt6k6749207c: no usable pages in manifest.,2026-07-17T14:56:51.356877
echoran,bpt6k6749208s,,failed,0,0,,no_usable_pages,known,,,bpt6k6749208s: no usable pages in manifest.,2026-07-17T14:56:51.836844
echoran,bpt6k67492096,,failed,0,0,,no_usable_pages,known,,,bpt6k67492096: no usable pages in manifest.,2026-07-17T14:56:52.485049
echoran,bpt6k6749210v,,failed,0,0,,no_usable_pages,known,,,bpt6k6749210v: no usable pages in manifest.,2026-07-17T14:56:53.267232
echoran,bpt6k67492118,,failed,0,0,,no_usable_pages,known,,,bpt6k67492118: no usable pages in manifest.,2026-07-17T14:56:53.865199
echoran,bpt6k6749212p,,failed,0,0,,no_usable_pages,known,,,bpt6k6749212p: no usable pages in manifest.,2026-07-17T14:56:54.518642
echoran,bpt6k67492133,,failed,0,0,,no_usable_pages,known,,,bpt6k67492133: no usable pages in manifest.,2026-07-17T14:56:55.015486
echoran,bpt6k6749214h,,failed,0,0,,no_usable_pages,known,,,bpt6k6749214h: no usable pages in manifest.,2026-07-17T14:56:55.444570
echoran,bpt6k6749215x,,failed,0,0,,no_usable_pages,known,,,bpt6k6749215x: no usable pages in manifest.,2026-07-17T14:56:56.072353
echoran,bpt6k6749216b,,failed,0,0,,no_usable_pages,known,,,bpt6k6749216b: no usable pages in manifest.,2026-07-17T14:56:56.739596
echoran,bpt6k6749217r,,failed,0,0,,no_usable_pages,known,,,bpt6k6749217r: no usable pages in manifest.,2026-07-17T14:56:57.393828
echoran,bpt6k67492185,,failed,0,0,,no_usable_pages,known,,,bpt6k67492185: no usable pages in manifest.,2026-07-17T14:56:57.944791
echoran,bpt6k6749219k,,failed,0,0,,no_usable_pages,known,,,bpt6k6749219k: no usable pages in manifest.,2026-07-17T14:56:59.071482
echoran,bpt6k67492207,,failed,0,0,,no_usable_pages,known,,,bpt6k67492207: no usable pages in manifest.,2026-07-17T14:56:59.367251
echoran,bpt6k6749221n,,failed,0,0,,no_usable_pages,known,,,bpt6k6749221n: no usable pages in manifest.,2026-07-17T14:56:59.915589
echoran,bpt6k67492222,,failed,0,0,,no_usable_pages,known,,,bpt6k67492222: no usable pages in manifest.,2026-07-17T14:57:00.281027
echoran,bpt6k6749223g,,failed,0,0,,no_usable_pages,known,,,bpt6k6749223g: no usable pages in manifest.,2026-07-17T14:57:00.636382
echoran,bpt6k6749224w,,failed,0,0,,no_usable_pages,known,,,bpt6k6749224w: no usable pages in manifest.,2026-07-17T14:57:01.080064
echoran,bpt6k67492259,,failed,0,0,,no_usable_pages,known,,,bpt6k67492259: no usable pages in manifest.,2026-07-17T14:57:01.456609
echoran,bpt6k6749226q,,failed,0,0,,no_usable_pages,known,,,bpt6k6749226q: no usable pages in manifest.,2026-07-17T14:57:02.015100
echoran,bpt6k67492274,,failed,0,0,,no_usable_pages,known,,,bpt6k67492274: no usable pages in manifest.,2026-07-17T14:57:02.542336
echoran,bpt6k6749228j,,failed,0,0,,no_usable_pages,known,,,bpt6k6749228j: no usable pages in manifest.,2026-07-17T14:57:03.132802
echoran,bpt6k6749229z,,failed,0,0,,no_usable_pages,known,,,bpt6k6749229z: no usable pages in manifest.,2026-07-17T14:57:03.926562
echoran,bpt6k6749230m,,failed,0,0,,no_usable_pages,known,,,bpt6k6749230m: no usable pages in manifest.,2026-07-17T14:57:04.432890
echoran,bpt6k67492311,,failed,0,0,,no_usable_pages,known,,,bpt6k67492311: no usable pages in manifest.,2026-07-17T14:57:05.136285
echoran,bpt6k6749232f,,failed,0,0,,no_usable_pages,known,,,bpt6k6749232f: no usable pages in manifest.,2026-07-17T14:57:05.606922
echoran,bpt6k6749233v,,failed,0,0,,no_usable_pages,known,,,bpt6k6749233v: no usable pages in manifest.,2026-07-17T14:57:06.075301
echoran,bpt6k67492348,,failed,0,0,,no_usable_pages,known,,,bpt6k67492348: no usable pages in manifest.,2026-07-17T14:57:06.895979
echoran,bpt6k6749235p,,failed,0,0,,no_usable_pages,known,,,bpt6k6749235p: no usable pages in manifest.,2026-07-17T14:57:07.242220
echoran,bpt6k67492363,,failed,0,0,,no_usable_pages,known,,,bpt6k67492363: no usable pages in manifest.,2026-07-17T14:57:07.611671
echoran,bpt6k6749237h,,failed,0,0,,no_usable_pages,known,,,bpt6k6749237h: no usable pages in manifest.,2026-07-17T14:57:08.434447
echoran,bpt6k6749238x,,failed,0,0,,no_usable_pages,known,,,bpt6k6749238x: no usable pages in manifest.,2026-07-17T14:57:08.777288
echoran,bpt6k6749239b,,failed,0,0,,no_usable_pages,known,,,bpt6k6749239b: no usable pages in manifest.,2026-07-17T14:57:09.517956
echoran,bpt6k67492400,,failed,0,0,,no_usable_pages,known,,,bpt6k67492400: no usable pages in manifest.,2026-07-17T14:57:09.850888
echoran,bpt6k6749241d,,failed,0,0,,no_usable_pages,known,,,bpt6k6749241d: no usable pages in manifest.,2026-07-17T14:57:10.579433
echoran,bpt6k6749242t,,failed,0,0,,no_usable_pages,known,,,bpt6k6749242t: no usable pages in manifest.,2026-07-17T14:57:11.214957
echoran,bpt6k67492437,,failed,0,0,,no_usable_pages,known,,,bpt6k67492437: no usable pages in manifest.,2026-07-17T14:57:11.878910
echoran,bpt6k6749244n,,failed,0,0,,no_usable_pages,known,,,bpt6k6749244n: no usable pages in manifest.,2026-07-17T14:57:12.192294
echoran,bpt6k67492452,,failed,0,0,,no_usable_pages,known,,,bpt6k67492452: no usable pages in manifest.,2026-07-17T14:57:12.673479
echoran,bpt6k6749246g,,failed,0,0,,no_usable_pages,known,,,bpt6k6749246g: no usable pages in manifest.,2026-07-17T14:57:13.481675
echoran,bpt6k6749247w,,failed,0,0,,no_usable_pages,known,,,bpt6k6749247w: no usable pages in manifest.,2026-07-17T14:57:13.823297
echoran,bpt6k67492489,,failed,0,0,,no_usable_pages,known,,,bpt6k67492489: no usable pages in manifest.,2026-07-17T14:57:14.779584
echoran,bpt6k6749249q,,failed,0,0,,no_usable_pages,known,,,bpt6k6749249q: no usable pages in manifest.,2026-07-17T14:57:15.222352
echoran,bpt6k6749250c,,failed,0,0,,no_usable_pages,known,,,bpt6k6749250c: no usable pages in manifest.,2026-07-17T14:57:15.976438
echoran,bpt6k6749251s,,failed,0,0,,no_usable_pages,known,,,bpt6k6749251s: no usable pages in manifest.,2026-07-17T14:57:17.265966
echoran,bpt6k67492526,,failed,0,0,,no_usable_pages,known,,,bpt6k67492526: no usable pages in manifest.,2026-07-17T14:57:17.885143
echoran,bpt6k6749253m,,failed,0,0,,no_usable_pages,known,,,bpt6k6749253m: no usable pages in manifest.,2026-07-17T14:57:18.651362
echoran,bpt6k6749255f,,failed,0,0,,no_usable_pages,known,,,bpt6k6749255f: no usable pages in manifest.,2026-07-17T14:57:19.010726
echoran,bpt6k6749256v,,failed,0,0,,no_usable_pages,known,,,bpt6k6749256v: no usable pages in manifest.,2026-07-17T14:57:19.649439
echoran,bpt6k67492578,,failed,0,0,,no_usable_pages,known,,,bpt6k67492578: no usable pages in manifest.,2026-07-17T14:57:20.308482
echoran,bpt6k6749258p,,failed,0,0,,no_usable_pages,known,,,bpt6k6749258p: no usable pages in manifest.,2026-07-17T14:57:20.829016
echoran,bpt6k67492593,,failed,0,0,,no_usable_pages,known,,,bpt6k67492593: no usable pages in manifest.,2026-07-17T14:57:21.134330
echoran,bpt6k6749260r,,failed,0,0,,no_usable_pages,known,,,bpt6k6749260r: no usable pages in manifest.,2026-07-17T14:57:21.668674
echoran,bpt6k67492615,,failed,0,0,,no_usable_pages,known,,,bpt6k67492615: no usable pages in manifest.,2026-07-17T14:57:22.397253
echoran,bpt6k6749262k,,failed,0,0,,no_usable_pages,known,,,bpt6k6749262k: no usable pages in manifest.,2026-07-17T14:57:23.035266
echoran,bpt6k67492630,,failed,0,0,,no_usable_pages,known,,,bpt6k67492630: no usable pages in manifest.,2026-07-17T14:57:23.630672
echoran,bpt6k6749264d,,failed,0,0,,no_usable_pages,known,,,bpt6k6749264d: no usable pages in manifest.,2026-07-17T14:57:25.015008
echoran,bpt6k6749265t,,failed,0,0,,no_usable_pages,known,,,bpt6k6749265t: no usable pages in manifest.,2026-07-17T14:57:25.309466
echoran,bpt6k67492667,,failed,0,0,,no_usable_pages,known,,,bpt6k67492667: no usable pages in manifest.,2026-07-17T14:57:26.040699
echoran,bpt6k6749267n,,failed,0,0,,no_usable_pages,known,,,bpt6k6749267n: no usable pages in manifest.,2026-07-17T14:57:27.071487
echoran,bpt6k67492682,,failed,0,0,,no_usable_pages,known,,,bpt6k67492682: no usable pages in manifest.,2026-07-17T14:57:28.281133
echoran,bpt6k6749269g,,failed,0,0,,no_usable_pages,known,,,bpt6k6749269g: no usable pages in manifest.,2026-07-17T14:57:28.860192
echoran,bpt6k67492704,,failed,0,0,,no_usable_pages,known,,,bpt6k67492704: no usable pages in manifest.,2026-07-17T14:57:29.157271
echoran,bpt6k6749271j,,failed,0,0,,no_usable_pages,known,,,bpt6k6749271j: no usable pages in manifest.,2026-07-17T14:57:29.565086
echoran,bpt6k6749273c,,failed,0,0,,no_usable_pages,known,,,bpt6k6749273c: no usable pages in manifest.,2026-07-17T14:57:29.860756
echoran,bpt6k6749274s,,failed,0,0,,no_usable_pages,known,,,bpt6k6749274s: no usable pages in manifest.,2026-07-17T14:57:30.802360
echoran,bpt6k67492756,,failed,0,0,,no_usable_pages,known,,,bpt6k67492756: no usable pages in manifest.,2026-07-17T14:57:30.993626
echoran,bpt6k6749276m,,failed,0,0,,no_usable_pages,known,,,bpt6k6749276m: no usable pages in manifest.,2026-07-17T14:57:31.647912
echoran,bpt6k67492771,,failed,0,0,,no_usable_pages,known,,,bpt6k67492771: no usable pages in manifest.,2026-07-17T14:57:32.633980
echoran,bpt6k6749278f,,failed,0,0,,no_usable_pages,known,,,bpt6k6749278f: no usable pages in manifest.,2026-07-17T14:57:33.542262
echoran,bpt6k6749279v,,failed,0,0,,no_usable_pages,known,,,bpt6k6749279v: no usable pages in manifest.,2026-07-17T14:57:33.839624
echoran,bpt6k6749280h,,failed,0,0,,no_usable_pages,known,,,bpt6k6749280h: no usable pages in manifest.,2026-07-17T14:57:34.417470
echoran,bpt6k6749281x,,failed,0,0,,no_usable_pages,known,,,bpt6k6749281x: no usable pages in manifest.,2026-07-17T14:57:35.012770
echoran,bpt6k6749282b,,failed,0,0,,no_usable_pages,known,,,bpt6k6749282b: no usable pages in manifest.,2026-07-17T14:57:35.395575
echoran,bpt6k6749283r,,failed,0,0,,no_usable_pages,known,,,bpt6k6749283r: no usable pages in manifest.,2026-07-17T14:57:36.147343
echoran,bpt6k67492845,,failed,0,0,,no_usable_pages,known,,,bpt6k67492845: no usable pages in manifest.,2026-07-17T14:57:36.382525
echoran,bpt6k6749285k,,failed,0,0,,no_usable_pages,known,,,bpt6k6749285k: no usable pages in manifest.,2026-07-17T14:57:36.718248
echoran,bpt6k67492860,,failed,0,0,,no_usable_pages,known,,,bpt6k67492860: no usable pages in manifest.,2026-07-17T14:57:37.161873
echoran,bpt6k6749287d,,failed,0,0,,no_usable_pages,known,,,bpt6k6749287d: no usable pages in manifest.,2026-07-17T14:57:37.528268
echoran,bpt6k6749288t,,failed,0,0,,no_usable_pages,known,,,bpt6k6749288t: no usable pages in manifest.,2026-07-17T14:57:37.865157
echoran,bpt6k67492897,,failed,0,0,,no_usable_pages,known,,,bpt6k67492897: no usable pages in manifest.,2026-07-17T14:57:38.722526
echoran,bpt6k6749290w,,failed,0,0,,no_usable_pages,known,,,bpt6k6749290w: no usable pages in manifest.,2026-07-17T14:57:39.133548
echoran,bpt6k67492919,,failed,0,0,,no_usable_pages,known,,,bpt6k67492919: no usable pages in manifest.,2026-07-17T14:57:39.533040
echoran,bpt6k6749292q,,failed,0,0,,no_usable_pages,known,,,bpt6k6749292q: no usable pages in manifest.,2026-07-17T14:57:39.882433
echoran,bpt6k67492934,,failed,0,0,,no_usable_pages,known,,,bpt6k67492934: no usable pages in manifest.,2026-07-17T14:57:40.330820
echoran,bpt6k6749294j,,failed,0,0,,no_usable_pages,known,,,bpt6k6749294j: no usable pages in manifest.,2026-07-17T14:57:40.778030
echoran,bpt6k6749295z,,failed,0,0,,no_usable_pages,known,,,bpt6k6749295z: no usable pages in manifest.,2026-07-17T14:57:41.089067
echoran,bpt6k6749296c,,failed,0,0,,no_usable_pages,known,,,bpt6k6749296c: no usable pages in manifest.,2026-07-17T14:57:41.442394
echoran,bpt6k6749297s,,failed,0,0,,no_usable_pages,known,,,bpt6k6749297s: no usable pages in manifest.,2026-07-17T14:57:42.036320
echoran,bpt6k67492986,,failed,0,0,,no_usable_pages,known,,,bpt6k67492986: no usable pages in manifest.,2026-07-17T14:57:42.389633
echoran,bpt6k6749299m,,failed,0,0,,no_usable_pages,known,,,bpt6k6749299m: no usable pages in manifest.,2026-07-17T14:57:43.054881
echoran,bpt6k6749300t,,failed,0,0,,no_usable_pages,known,,,bpt6k6749300t: no usable pages in manifest.,2026-07-17T14:57:43.274077
echoran,bpt6k67493017,,failed,0,0,,no_usable_pages,known,,,bpt6k67493017: no usable pages in manifest.,2026-07-17T14:57:43.493601
echoran,bpt6k6749302n,,failed,0,0,,no_usable_pages,known,,,bpt6k6749302n: no usable pages in manifest.,2026-07-17T14:57:44.187332
echoran,bpt6k67493032,,failed,0,0,,no_usable_pages,known,,,bpt6k67493032: no usable pages in manifest.,2026-07-17T14:57:44.543980
echoran,bpt6k6749304g,,failed,0,0,,no_usable_pages,known,,,bpt6k6749304g: no usable pages in manifest.,2026-07-17T14:57:45.052488
echoran,bpt6k6749305w,,failed,0,0,,no_usable_pages,known,,,bpt6k6749305w: no usable pages in manifest.,2026-07-17T14:57:45.490545
echoran,bpt6k67493069,,failed,0,0,,no_usable_pages,known,,,bpt6k67493069: no usable pages in manifest.,2026-07-17T14:57:45.806737
echoran,bpt6k6749307q,,failed,0,0,,no_usable_pages,known,,,bpt6k6749307q: no usable pages in manifest.,2026-07-17T14:57:46.273302
echoran,bpt6k67493084,,failed,0,0,,no_usable_pages,known,,,bpt6k67493084: no usable pages in manifest.,2026-07-17T14:57:46.850097
echoran,bpt6k6749309j,,failed,0,0,,no_usable_pages,known,,,bpt6k6749309j: no usable pages in manifest.,2026-07-17T14:57:47.371057
echoran,bpt6k67493106,,failed,0,0,,no_usable_pages,known,,,bpt6k67493106: no usable pages in manifest.,2026-07-17T14:57:47.900097
echoran,bpt6k6749311m,,failed,0,0,,no_usable_pages,known,,,bpt6k6749311m: no usable pages in manifest.,2026-07-17T14:57:48.239529
echoran,bpt6k67493121,,failed,0,0,,no_usable_pages,known,,,bpt6k67493121: no usable pages in manifest.,2026-07-17T14:57:48.773680
echoran,bpt6k6749313f,,failed,0,0,,no_usable_pages,known,,,bpt6k6749313f: no usable pages in manifest.,2026-07-17T14:57:49.081185
echoran,bpt6k6749314v,,failed,0,0,,no_usable_pages,known,,,bpt6k6749314v: no usable pages in manifest.,2026-07-17T14:57:49.385629
echoran,bpt6k67493158,,failed,0,0,,no_usable_pages,known,,,bpt6k67493158: no usable pages in manifest.,2026-07-17T14:57:50.071650
echoran,bpt6k6749316p,,failed,0,0,,no_usable_pages,known,,,bpt6k6749316p: no usable pages in manifest.,2026-07-17T14:57:50.370454
echoran,bpt6k67493173,,failed,0,0,,no_usable_pages,known,,,bpt6k67493173: no usable pages in manifest.,2026-07-17T14:57:50.860613
echoran,bpt6k6749318h,,failed,0,0,,no_usable_pages,known,,,bpt6k6749318h: no usable pages in manifest.,2026-07-17T14:57:51.318365
echoran,bpt6k6749319x,,failed,0,0,,no_usable_pages,known,,,bpt6k6749319x: no usable pages in manifest.,2026-07-17T14:57:51.759752
echoran,bpt6k6749320k,,failed,0,0,,no_usable_pages,known,,,bpt6k6749320k: no usable pages in manifest.,2026-07-17T14:57:52.219415
echoran,bpt6k67493210,,failed,0,0,,no_usable_pages,known,,,bpt6k67493210: no usable pages in manifest.,2026-07-17T14:57:52.699589
echoran,bpt6k6749322d,,failed,0,0,,no_usable_pages,known,,,bpt6k6749322d: no usable pages in manifest.,2026-07-17T14:57:53.085929
echoran,bpt6k6749323t,,failed,0,0,,no_usable_pages,known,,,bpt6k6749323t: no usable pages in manifest.,2026-07-17T14:57:53.490754
echoran,bpt6k67493247,,failed,0,0,,no_usable_pages,known,,,bpt6k67493247: no usable pages in manifest.,2026-07-17T14:57:53.933934
echoran,bpt6k6749325n,,failed,0,0,,no_usable_pages,known,,,bpt6k6749325n: no usable pages in manifest.,2026-07-17T14:57:54.216343
echoran,bpt6k67493262,,failed,0,0,,no_usable_pages,known,,,bpt6k67493262: no usable pages in manifest.,2026-07-17T14:57:54.726076
echoran,bpt6k6749327g,,failed,0,0,,no_usable_pages,known,,,bpt6k6749327g: no usable pages in manifest.,2026-07-17T14:57:55.230348
echoran,bpt6k6749328w,,failed,0,0,,no_usable_pages,known,,,bpt6k6749328w: no usable pages in manifest.,2026-07-17T14:57:55.479695
echoran,bpt6k67493299,,failed,0,0,,no_usable_pages,known,,,bpt6k67493299: no usable pages in manifest.,2026-07-17T14:57:56.187271
echoran,bpt6k6749330z,,failed,0,0,,no_usable_pages,known,,,bpt6k6749330z: no usable pages in manifest.,2026-07-17T14:57:57.004932
echoran,bpt6k6749331c,,failed,0,0,,no_usable_pages,known,,,bpt6k6749331c: no usable pages in manifest.,2026-07-17T14:57:57.242226
echoran,bpt6k6749332s,,failed,0,0,,no_usable_pages,known,,,bpt6k6749332s: no usable pages in manifest.,2026-07-17T14:57:57.510750
echoran,bpt6k67493336,,failed,0,0,,no_usable_pages,known,,,bpt6k67493336: no usable pages in manifest.,2026-07-17T14:57:58.515613
echoran,bpt6k6749334m,,failed,0,0,,no_usable_pages,known,,,bpt6k6749334m: no usable pages in manifest.,2026-07-17T14:57:58.914010
echoran,bpt6k67493351,,failed,0,0,,no_usable_pages,known,,,bpt6k67493351: no usable pages in manifest.,2026-07-17T14:57:59.639853
echoran,bpt6k6749336f,,failed,0,0,,no_usable_pages,known,,,bpt6k6749336f: no usable pages in manifest.,2026-07-17T14:58:00.631765
echoran,bpt6k6749337v,,failed,0,0,,no_usable_pages,known,,,bpt6k6749337v: no usable pages in manifest.,2026-07-17T14:58:01.273563
echoran,bpt6k67493388,,failed,0,0,,no_usable_pages,known,,,bpt6k67493388: no usable pages in manifest.,2026-07-17T14:58:01.978658
echoran,bpt6k6749339p,,failed,0,0,,no_usable_pages,known,,,bpt6k6749339p: no usable pages in manifest.,2026-07-17T14:58:02.684101
echoran,bpt6k6749340b,,failed,0,0,,no_usable_pages,known,,,bpt6k6749340b: no usable pages in manifest.,2026-07-17T14:58:03.101252
echoran,bpt6k6749341r,,failed,0,0,,no_usable_pages,known,,,bpt6k6749341r: no usable pages in manifest.,2026-07-17T14:58:03.469593
echoran,bpt6k67493425,,failed,0,0,,no_usable_pages,known,,,bpt6k67493425: no usable pages in manifest.,2026-07-17T14:58:03.810242
echoran,bpt6k6749343k,,failed,0,0,,no_usable_pages,known,,,bpt6k6749343k: no usable pages in manifest.,2026-07-17T14:58:04.191533
echoran,bpt6k67493440,,failed,0,0,,no_usable_pages,known,,,bpt6k67493440: no usable pages in manifest.,2026-07-17T14:58:04.461663
echoran,bpt6k6749345d,,failed,0,0,,no_usable_pages,known,,,bpt6k6749345d: no usable pages in manifest.,2026-07-17T14:58:05.013706
echoran,bpt6k6749346t,,failed,0,0,,no_usable_pages,known,,,bpt6k6749346t: no usable pages in manifest.,2026-07-17T14:58:05.483247
echoran,bpt6k67493477,,failed,0,0,,no_usable_pages,known,,,bpt6k67493477: no usable pages in manifest.,2026-07-17T14:58:05.793428
echoran,bpt6k6749348n,,failed,0,0,,no_usable_pages,known,,,bpt6k6749348n: no usable pages in manifest.,2026-07-17T14:58:06.183579
echoran,bpt6k67493492,,failed,0,0,,no_usable_pages,known,,,bpt6k67493492: no usable pages in manifest.,2026-07-17T14:58:06.592066
echoran,bpt6k67493514,,failed,0,0,,no_usable_pages,known,,,bpt6k67493514: no usable pages in manifest.,2026-07-17T14:58:07.030391
echoran,bpt6k6749350q,,failed,0,0,,no_usable_pages,known,,,bpt6k6749350q: no usable pages in manifest.,2026-07-17T14:58:07.354237
echoran,bpt6k6749352j,,failed,0,0,,no_usable_pages,known,,,bpt6k6749352j: no usable pages in manifest.,2026-07-17T14:58:07.878267
echoran,bpt6k6749353z,,failed,0,0,,no_usable_pages,known,,,bpt6k6749353z: no usable pages in manifest.,2026-07-17T14:58:08.598171
echoran,bpt6k6749354c,,failed,0,0,,no_usable_pages,known,,,bpt6k6749354c: no usable pages in manifest.,2026-07-17T14:58:09.171495
echoran,bpt6k6749355s,,failed,0,0,,no_usable_pages,known,,,bpt6k6749355s: no usable pages in manifest.,2026-07-17T14:58:09.821839
echoran,bpt6k6749401k,,failed,0,0,,no_usable_pages,known,,,bpt6k6749401k: no usable pages in manifest.,2026-07-17T14:58:10.385412
echoran,bpt6k67493566,,failed,0,0,,no_usable_pages,known,,,bpt6k67493566: no usable pages in manifest.,2026-07-17T14:58:10.672465
echoran,bpt6k6749357m,,failed,0,0,,no_usable_pages,known,,,bpt6k6749357m: no usable pages in manifest.,2026-07-17T14:58:10.974234
echoran,bpt6k67493581,,failed,0,0,,no_usable_pages,known,,,bpt6k67493581: no usable pages in manifest.,2026-07-17T14:58:11.456337
echoran,bpt6k6749359f,,failed,0,0,,no_usable_pages,known,,,bpt6k6749359f: no usable pages in manifest.,2026-07-17T14:58:11.820024
echoran,bpt6k67493603,,failed,0,0,,no_usable_pages,known,,,bpt6k67493603: no usable pages in manifest.,2026-07-17T14:58:12.159081
echoran,bpt6k6749361h,,failed,0,0,,no_usable_pages,known,,,bpt6k6749361h: no usable pages in manifest.,2026-07-17T14:58:12.754869
echoran,bpt6k6749362x,,failed,0,0,,no_usable_pages,known,,,bpt6k6749362x: no usable pages in manifest.,2026-07-17T14:58:13.078946
echoran,bpt6k6749363b,,failed,0,0,,no_usable_pages,known,,,bpt6k6749363b: no usable pages in manifest.,2026-07-17T14:58:13.635728
echoran,bpt6k6749364r,,failed,0,0,,no_usable_pages,known,,,bpt6k6749364r: no usable pages in manifest.,2026-07-17T14:58:14.368327
echoran,bpt6k67493655,,failed,0,0,,no_usable_pages,known,,,bpt6k67493655: no usable pages in manifest.,2026-07-17T14:58:14.689751
echoran,bpt6k6749366k,,failed,0,0,,no_usable_pages,known,,,bpt6k6749366k: no usable pages in manifest.,2026-07-17T14:58:14.910845
echoran,bpt6k67493670,,failed,0,0,,no_usable_pages,known,,,bpt6k67493670: no usable pages in manifest.,2026-07-17T14:58:15.517841
echoran,bpt6k6749368d,,failed,0,0,,no_usable_pages,known,,,bpt6k6749368d: no usable pages in manifest.,2026-07-17T14:58:15.866090
echoran,bpt6k6749369t,,failed,0,0,,no_usable_pages,known,,,bpt6k6749369t: no usable pages in manifest.,2026-07-17T14:58:16.134538
echoran,bpt6k6749370g,,failed,0,0,,no_usable_pages,known,,,bpt6k6749370g: no usable pages in manifest.,2026-07-17T14:58:16.785985
echoran,bpt6k6749371w,,failed,0,0,,no_usable_pages,known,,,bpt6k6749371w: no usable pages in manifest.,2026-07-17T14:58:17.126020
echoran,bpt6k67493729,,failed,0,0,,no_usable_pages,known,,,bpt6k67493729: no usable pages in manifest.,2026-07-17T14:58:17.359775
echoran,bpt6k6749373q,,failed,0,0,,no_usable_pages,known,,,bpt6k6749373q: no usable pages in manifest.,2026-07-17T14:58:17.896151
echoran,bpt6k67493744,,failed,0,0,,no_usable_pages,known,,,bpt6k67493744: no usable pages in manifest.,2026-07-17T14:58:18.269126
echoran,bpt6k6749375j,,failed,0,0,,no_usable_pages,known,,,bpt6k6749375j: no usable pages in manifest.,2026-07-17T14:58:18.642997
echoran,bpt6k6749376z,,failed,0,0,,no_usable_pages,known,,,bpt6k6749376z: no usable pages in manifest.,2026-07-17T14:58:19.165369
echoran,bpt6k6749377c,,failed,0,0,,no_usable_pages,known,,,bpt6k6749377c: no usable pages in manifest.,2026-07-17T14:58:19.395328
echoran,bpt6k6749378s,,failed,0,0,,no_usable_pages,known,,,bpt6k6749378s: no usable pages in manifest.,2026-07-17T14:58:19.750571
echoran,bpt6k67493796,,failed,0,0,,no_usable_pages,known,,,bpt6k67493796: no usable pages in manifest.,2026-07-17T14:58:20.199252
echoran,bpt6k6749380v,,failed,0,0,,no_usable_pages,known,,,bpt6k6749380v: no usable pages in manifest.,2026-07-17T14:58:20.585948
echoran,bpt6k67493818,,failed,0,0,,no_usable_pages,known,,,bpt6k67493818: no usable pages in manifest.,2026-07-17T14:58:20.892220
echoran,bpt6k6749382p,,failed,0,0,,no_usable_pages,known,,,bpt6k6749382p: no usable pages in manifest.,2026-07-17T14:58:21.216472
echoran,bpt6k67493833,,failed,0,0,,no_usable_pages,known,,,bpt6k67493833: no usable pages in manifest.,2026-07-17T14:58:21.626429
echoran,bpt6k6749384h,,failed,0,0,,no_usable_pages,known,,,bpt6k6749384h: no usable pages in manifest.,2026-07-17T14:58:21.906737
echoran,bpt6k6749385x,,failed,0,0,,no_usable_pages,known,,,bpt6k6749385x: no usable pages in manifest.,2026-07-17T14:58:22.477072
echoran,bpt6k6749386b,,failed,0,0,,no_usable_pages,known,,,bpt6k6749386b: no usable pages in manifest.,2026-07-17T14:58:23.030529
echoran,bpt6k6749387r,,failed,0,0,,no_usable_pages,known,,,bpt6k6749387r: no usable pages in manifest.,2026-07-17T14:58:23.332676
echoran,bpt6k67493885,,failed,0,0,,no_usable_pages,known,,,bpt6k67493885: no usable pages in manifest.,2026-07-17T14:58:23.861459
echoran,bpt6k6749389k,,failed,0,0,,no_usable_pages,known,,,bpt6k6749389k: no usable pages in manifest.,2026-07-17T14:58:24.132832
echoran,bpt6k67493907,,failed,0,0,,no_usable_pages,known,,,bpt6k67493907: no usable pages in manifest.,2026-07-17T14:58:24.549000
echoran,bpt6k6749391n,,failed,0,0,,no_usable_pages,known,,,bpt6k6749391n: no usable pages in manifest.,2026-07-17T14:58:25.156857
echoran,bpt6k67493922,,failed,0,0,,no_usable_pages,known,,,bpt6k67493922: no usable pages in manifest.,2026-07-17T14:58:25.634689
echoran,bpt6k6749393g,,failed,0,0,,no_usable_pages,known,,,bpt6k6749393g: no usable pages in manifest.,2026-07-17T14:58:26.076990
echoran,bpt6k6749394w,,failed,0,0,,no_usable_pages,known,,,bpt6k6749394w: no usable pages in manifest.,2026-07-17T14:58:26.369259
echoran,bpt6k67493959,,failed,0,0,,no_usable_pages,known,,,bpt6k67493959: no usable pages in manifest.,2026-07-17T14:58:26.652091
echoran,bpt6k6749396q,,failed,0,0,,no_usable_pages,known,,,bpt6k6749396q: no usable pages in manifest.,2026-07-17T14:58:27.636444
echoran,bpt6k67493974,,failed,0,0,,no_usable_pages,known,,,bpt6k67493974: no usable pages in manifest.,2026-07-17T14:58:28.176235
echoran,bpt6k6749412c,,failed,0,0,,no_usable_pages,known,,,bpt6k6749412c: no usable pages in manifest.,2026-07-17T14:58:28.741363
echoran,bpt6k6749398j,,failed,0,0,,no_usable_pages,known,,,bpt6k6749398j: no usable pages in manifest.,2026-07-17T14:58:28.966041
echoran,bpt6k6749399z,,failed,0,0,,no_usable_pages,known,,,bpt6k6749399z: no usable pages in manifest.,2026-07-17T14:58:29.195913
echoran,bpt6k67494005,,failed,0,0,,no_usable_pages,known,,,bpt6k67494005: no usable pages in manifest.,2026-07-17T14:58:29.891300
echoran,bpt6k67494020,,failed,0,0,,no_usable_pages,known,,,bpt6k67494020: no usable pages in manifest.,2026-07-17T14:58:30.172150
echoran,bpt6k6749403d,,failed,0,0,,no_usable_pages,known,,,bpt6k6749403d: no usable pages in manifest.,2026-07-17T14:58:30.395536
echoran,bpt6k6749404t,,failed,0,0,,no_usable_pages,known,,,bpt6k6749404t: no usable pages in manifest.,2026-07-17T14:58:30.866877
echoran,bpt6k67494057,,failed,0,0,,no_usable_pages,known,,,bpt6k67494057: no usable pages in manifest.,2026-07-17T14:58:31.252192
echoran,bpt6k6749406n,,failed,0,0,,no_usable_pages,known,,,bpt6k6749406n: no usable pages in manifest.,2026-07-17T14:58:31.540260
echoran,bpt6k67494072,,failed,0,0,,no_usable_pages,known,,,bpt6k67494072: no usable pages in manifest.,2026-07-17T14:58:32.223812
echoran,bpt6k6749408g,,failed,0,0,,no_usable_pages,known,,,bpt6k6749408g: no usable pages in manifest.,2026-07-17T14:58:32.501395
echoran,bpt6k6749409w,,failed,0,0,,no_usable_pages,known,,,bpt6k6749409w: no usable pages in manifest.,2026-07-17T14:58:32.794305
echoran,bpt6k6749410j,,failed,0,0,,no_usable_pages,known,,,bpt6k6749410j: no usable pages in manifest.,2026-07-17T14:58:33.126591
echoran,bpt6k6749411z,,failed,0,0,,no_usable_pages,known,,,bpt6k6749411z: no usable pages in manifest.,2026-07-17T14:58:33.484050
echoran,bpt6k6749413s,,failed,0,0,,no_usable_pages,known,,,bpt6k6749413s: no usable pages in manifest.,2026-07-17T14:58:33.913326
echoran,bpt6k67494146,,failed,0,0,,no_usable_pages,known,,,bpt6k67494146: no usable pages in manifest.,2026-07-17T14:58:34.261603
echoran,bpt6k6749415m,,failed,0,0,,no_usable_pages,known,,,bpt6k6749415m: no usable pages in manifest.,2026-07-17T14:58:34.658163
echoran,bpt6k67494161,,failed,0,0,,no_usable_pages,known,,,bpt6k67494161: no usable pages in manifest.,2026-07-17T14:58:35.025803
echoran,bpt6k6749417f,,failed,0,0,,no_usable_pages,known,,,bpt6k6749417f: no usable pages in manifest.,2026-07-17T14:58:35.349753
echoran,bpt6k6749418v,,failed,0,0,,no_usable_pages,known,,,bpt6k6749418v: no usable pages in manifest.,2026-07-17T14:58:35.935717
echoran,bpt6k67494198,,failed,0,0,,no_usable_pages,known,,,bpt6k67494198: no usable pages in manifest.,2026-07-17T14:58:36.182398
echoran,bpt6k6749420x,,failed,0,0,,no_usable_pages,known,,,bpt6k6749420x: no usable pages in manifest.,2026-07-17T14:58:36.785226
echoran,bpt6k6749421b,,failed,0,0,,no_usable_pages,known,,,bpt6k6749421b: no usable pages in manifest.,2026-07-17T14:58:37.108955
echoran,bpt6k6749422r,,failed,0,0,,no_usable_pages,known,,,bpt6k6749422r: no usable pages in manifest.,2026-07-17T14:58:37.568740
echoran,bpt6k67494235,,failed,0,0,,no_usable_pages,known,,,bpt6k67494235: no usable pages in manifest.,2026-07-17T14:58:37.940605
echoran,bpt6k6749424k,,failed,0,0,,no_usable_pages,known,,,bpt6k6749424k: no usable pages in manifest.,2026-07-17T14:58:38.426803
echoran,bpt6k67494250,,failed,0,0,,no_usable_pages,known,,,bpt6k67494250: no usable pages in manifest.,2026-07-17T14:58:38.800069
echoran,bpt6k6749426d,,failed,0,0,,no_usable_pages,known,,,bpt6k6749426d: no usable pages in manifest.,2026-07-17T14:58:39.162284
echoran,bpt6k6749427t,,failed,0,0,,no_usable_pages,known,,,bpt6k6749427t: no usable pages in manifest.,2026-07-17T14:58:39.560119
echoran,bpt6k67494287,,failed,0,0,,no_usable_pages,known,,,bpt6k67494287: no usable pages in manifest.,2026-07-17T14:58:39.822922
echoran,bpt6k6749429n,,failed,0,0,,no_usable_pages,known,,,bpt6k6749429n: no usable pages in manifest.,2026-07-17T14:58:40.143034
echoran,bpt6k67494309,,failed,0,0,,no_usable_pages,known,,,bpt6k67494309: no usable pages in manifest.,2026-07-17T14:58:40.403476
echoran,bpt6k6749431q,,failed,0,0,,no_usable_pages,known,,,bpt6k6749431q: no usable pages in manifest.,2026-07-17T14:58:40.973835
echoran,bpt6k67494324,,failed,0,0,,no_usable_pages,known,,,bpt6k67494324: no usable pages in manifest.,2026-07-17T14:58:41.429291
echoran,bpt6k6749433j,,failed,0,0,,no_usable_pages,known,,,bpt6k6749433j: no usable pages in manifest.,2026-07-17T14:58:41.770594
echoran,bpt6k6749434z,,failed,0,0,,no_usable_pages,known,,,bpt6k6749434z: no usable pages in manifest.,2026-07-17T14:58:42.097559
echoran,bpt6k6749435c,,failed,0,0,,no_usable_pages,known,,,bpt6k6749435c: no usable pages in manifest.,2026-07-17T14:58:42.505242
echoran,bpt6k6749436s,,failed,0,0,,no_usable_pages,known,,,bpt6k6749436s: no usable pages in manifest.,2026-07-17T14:58:42.869269
echoran,bpt6k67494376,,failed,0,0,,no_usable_pages,known,,,bpt6k67494376: no usable pages in manifest.,2026-07-17T14:58:43.297823
echoran,bpt6k6749438m,,failed,0,0,,no_usable_pages,known,,,bpt6k6749438m: no usable pages in manifest.,2026-07-17T14:58:43.727978
echoran,bpt6k67494391,,failed,0,0,,no_usable_pages,known,,,bpt6k67494391: no usable pages in manifest.,2026-07-17T14:58:44.184392
echoran,bpt6k6749440p,,failed,0,0,,no_usable_pages,known,,,bpt6k6749440p: no usable pages in manifest.,2026-07-17T14:58:44.648000
echoran,bpt6k67494413,,failed,0,0,,no_usable_pages,known,,,bpt6k67494413: no usable pages in manifest.,2026-07-17T14:58:44.987340
echoran,bpt6k6749442h,,failed,0,0,,no_usable_pages,known,,,bpt6k6749442h: no usable pages in manifest.,2026-07-17T14:58:45.539289
echoran,bpt6k6749443x,,failed,0,0,,no_usable_pages,known,,,bpt6k6749443x: no usable pages in manifest.,2026-07-17T14:58:45.804089
echoran,bpt6k6749444b,,failed,0,0,,no_usable_pages,known,,,bpt6k6749444b: no usable pages in manifest.,2026-07-17T14:58:46.201812
echoran,bpt6k6749445r,,failed,0,0,,no_usable_pages,known,,,bpt6k6749445r: no usable pages in manifest.,2026-07-17T14:58:46.737927
echoran,bpt6k67494465,,failed,0,0,,no_usable_pages,known,,,bpt6k67494465: no usable pages in manifest.,2026-07-17T14:58:47.122566
echoran,bpt6k6749447k,,failed,0,0,,no_usable_pages,known,,,bpt6k6749447k: no usable pages in manifest.,2026-07-17T14:58:47.490476
echoran,bpt6k67494480,,failed,0,0,,no_usable_pages,known,,,bpt6k67494480: no usable pages in manifest.,2026-07-17T14:58:48.037937
echoran,bpt6k6749449d,,failed,0,0,,no_usable_pages,known,,,bpt6k6749449d: no usable pages in manifest.,2026-07-17T14:58:48.344015
echoran,bpt6k67494502,,failed,0,0,,no_usable_pages,known,,,bpt6k67494502: no usable pages in manifest.,2026-07-17T14:58:48.723199
echoran,bpt6k6749451g,,failed,0,0,,no_usable_pages,known,,,bpt6k6749451g: no usable pages in manifest.,2026-07-17T14:58:49.212860
echoran,bpt6k6749452w,,failed,0,0,,no_usable_pages,known,,,bpt6k6749452w: no usable pages in manifest.,2026-07-17T14:58:49.492442
echoran,bpt6k67494539,,failed,0,0,,no_usable_pages,known,,,bpt6k67494539: no usable pages in manifest.,2026-07-17T14:58:49.909759
echoran,bpt6k6749454q,,failed,0,0,,no_usable_pages,known,,,bpt6k6749454q: no usable pages in manifest.,2026-07-17T14:58:50.336034
echoran,bpt6k67494554,,failed,0,0,,no_usable_pages,known,,,bpt6k67494554: no usable pages in manifest.,2026-07-17T14:58:50.571648
echoran,bpt6k6749456j,,failed,0,0,,no_usable_pages,known,,,bpt6k6749456j: no usable pages in manifest.,2026-07-17T14:58:50.787650
echoran,bpt6k6749457z,,failed,0,0,,no_usable_pages,known,,,bpt6k6749457z: no usable pages in manifest.,2026-07-17T14:58:51.074334
echoran,bpt6k6749458c,,failed,0,0,,no_usable_pages,known,,,bpt6k6749458c: no usable pages in manifest.,2026-07-17T14:58:51.541637
echoran,bpt6k6749459s,,failed,0,0,,no_usable_pages,known,,,bpt6k6749459s: no usable pages in manifest.,2026-07-17T14:58:51.904230
echoran,bpt6k6749460f,,failed,0,0,,no_usable_pages,known,,,bpt6k6749460f: no usable pages in manifest.,2026-07-17T14:58:52.435581
echoran,bpt6k6749461v,,failed,0,0,,no_usable_pages,known,,,bpt6k6749461v: no usable pages in manifest.,2026-07-17T14:58:52.886498
echoran,bpt6k67494628,,failed,0,0,,no_usable_pages,known,,,bpt6k67494628: no usable pages in manifest.,2026-07-17T14:58:53.235947
echoran,bpt6k6749463p,,failed,0,0,,no_usable_pages,known,,,bpt6k6749463p: no usable pages in manifest.,2026-07-17T14:58:53.571190
echoran,bpt6k67494643,,failed,0,0,,no_usable_pages,known,,,bpt6k67494643: no usable pages in manifest.,2026-07-17T14:58:54.095279
echoran,bpt6k6749465h,,failed,0,0,,no_usable_pages,known,,,bpt6k6749465h: no usable pages in manifest.,2026-07-17T14:58:54.302914
echoran,bpt6k6749466x,,failed,0,0,,no_usable_pages,known,,,bpt6k6749466x: no usable pages in manifest.,2026-07-17T14:58:54.532917
echoran,bpt6k6749467b,,failed,0,0,,no_usable_pages,known,,,bpt6k6749467b: no usable pages in manifest.,2026-07-17T14:58:55.142333
echoran,bpt6k6749468r,,failed,0,0,,no_usable_pages,known,,,bpt6k6749468r: no usable pages in manifest.,2026-07-17T14:58:55.528567
echoran,bpt6k67494695,,failed,0,0,,no_usable_pages,known,,,bpt6k67494695: no usable pages in manifest.,2026-07-17T14:58:55.950145
echoran,bpt6k6749470t,,failed,0,0,,no_usable_pages,known,,,bpt6k6749470t: no usable pages in manifest.,2026-07-17T14:58:56.602770
echoran,bpt6k67494717,,failed,0,0,,no_usable_pages,known,,,bpt6k67494717: no usable pages in manifest.,2026-07-17T14:58:57.062567
echoran,bpt6k6749472n,,failed,0,0,,no_usable_pages,known,,,bpt6k6749472n: no usable pages in manifest.,2026-07-17T14:58:57.385920
echoran,bpt6k67494732,,failed,0,0,,no_usable_pages,known,,,bpt6k67494732: no usable pages in manifest.,2026-07-17T14:58:57.820245
echoran,bpt6k6749474g,,failed,0,0,,no_usable_pages,known,,,bpt6k6749474g: no usable pages in manifest.,2026-07-17T14:58:58.127437
echoran,bpt6k6749475w,,failed,0,0,,no_usable_pages,known,,,bpt6k6749475w: no usable pages in manifest.,2026-07-17T14:58:58.423108
echoran,bpt6k67494769,,failed,0,0,,no_usable_pages,known,,,bpt6k67494769: no usable pages in manifest.,2026-07-17T14:58:58.893204
echoran,bpt6k6749477q,,failed,0,0,,no_usable_pages,known,,,bpt6k6749477q: no usable pages in manifest.,2026-07-17T14:58:59.235382
echoran,bpt6k67494784,,failed,0,0,,no_usable_pages,known,,,bpt6k67494784: no usable pages in manifest.,2026-07-17T14:58:59.551274
echoran,bpt6k6749479j,,failed,0,0,,no_usable_pages,known,,,bpt6k6749479j: no usable pages in manifest.,2026-07-17T14:59:00.040738
echoran,bpt6k67494806,,failed,0,0,,no_usable_pages,known,,,bpt6k67494806: no usable pages in manifest.,2026-07-17T14:59:00.363363
echoran,bpt6k6749481m,,failed,0,0,,no_usable_pages,known,,,bpt6k6749481m: no usable pages in manifest.,2026-07-17T14:59:00.636096
echoran,bpt6k67494821,,failed,0,0,,no_usable_pages,known,,,bpt6k67494821: no usable pages in manifest.,2026-07-17T14:59:01.057903
echoran,bpt6k6749483f,,failed,0,0,,no_usable_pages,known,,,bpt6k6749483f: no usable pages in manifest.,2026-07-17T14:59:01.399677
echoran,bpt6k6749484v,,failed,0,0,,no_usable_pages,known,,,bpt6k6749484v: no usable pages in manifest.,2026-07-17T14:59:01.748706
echoran,bpt6k67494858,,failed,0,0,,no_usable_pages,known,,,bpt6k67494858: no usable pages in manifest.,2026-07-17T14:59:02.165119
echoran,bpt6k6749486p,,failed,0,0,,no_usable_pages,known,,,bpt6k6749486p: no usable pages in manifest.,2026-07-17T14:59:02.912844
echoran,bpt6k67494873,,failed,0,0,,no_usable_pages,known,,,bpt6k67494873: no usable pages in manifest.,2026-07-17T14:59:03.257944
echoran,bpt6k6749488h,,failed,0,0,,no_usable_pages,known,,,bpt6k6749488h: no usable pages in manifest.,2026-07-17T14:59:03.682900
echoran,bpt6k6749489x,,failed,0,0,,no_usable_pages,known,,,bpt6k6749489x: no usable pages in manifest.,2026-07-17T14:59:03.974328
echoran,bpt6k6749490k,,failed,0,0,,no_usable_pages,known,,,bpt6k6749490k: no usable pages in manifest.,2026-07-17T14:59:04.569414
echoran,bpt6k67494910,,failed,0,0,,no_usable_pages,known,,,bpt6k67494910: no usable pages in manifest.,2026-07-17T14:59:04.918298
echoran,bpt6k6749492d,,failed,0,0,,no_usable_pages,known,,,bpt6k6749492d: no usable pages in manifest.,2026-07-17T14:59:05.429374
echoran,bpt6k6749493t,,failed,0,0,,no_usable_pages,known,,,bpt6k6749493t: no usable pages in manifest.,2026-07-17T14:59:05.774699
echoran,bpt6k67494947,,failed,0,0,,no_usable_pages,known,,,bpt6k67494947: no usable pages in manifest.,2026-07-17T14:59:06.549643
echoran,bpt6k6749495n,,failed,0,0,,no_usable_pages,known,,,bpt6k6749495n: no usable pages in manifest.,2026-07-17T14:59:07.075533
echoran,bpt6k67494962,,failed,0,0,,no_usable_pages,known,,,bpt6k67494962: no usable pages in manifest.,2026-07-17T14:59:07.543634
echoran,bpt6k6749497g,,failed,0,0,,no_usable_pages,known,,,bpt6k6749497g: no usable pages in manifest.,2026-07-17T14:59:07.774123
echoran,bpt6k6749498w,,failed,0,0,,no_usable_pages,known,,,bpt6k6749498w: no usable pages in manifest.,2026-07-17T14:59:08.026290
echoran,bpt6k67494999,,failed,0,0,,no_usable_pages,known,,,bpt6k67494999: no usable pages in manifest.,2026-07-17T14:59:08.316203
echoran,bpt6k6749500h,,failed,0,0,,no_usable_pages,known,,,bpt6k6749500h: no usable pages in manifest.,2026-07-17T14:59:08.788386
echoran,bpt6k6749501x,,failed,0,0,,no_usable_pages,known,,,bpt6k6749501x: no usable pages in manifest.,2026-07-17T14:59:09.019228
echoran,bpt6k6749502b,,failed,0,0,,no_usable_pages,known,,,bpt6k6749502b: no usable pages in manifest.,2026-07-17T14:59:09.504698
echoran,bpt6k6749503r,,failed,0,0,,no_usable_pages,known,,,bpt6k6749503r: no usable pages in manifest.,2026-07-17T14:59:09.952188
echoran,bpt6k67495045,,failed,0,0,,no_usable_pages,known,,,bpt6k67495045: no usable pages in manifest.,2026-07-17T14:59:10.296971
echoran,bpt6k6749505k,,failed,0,0,,no_usable_pages,known,,,bpt6k6749505k: no usable pages in manifest.,2026-07-17T14:59:10.595980
echoran,bpt6k67495060,,failed,0,0,,no_usable_pages,known,,,bpt6k67495060: no usable pages in manifest.,2026-07-17T14:59:10.979318
echoran,bpt6k6749507d,,failed,0,0,,no_usable_pages,known,,,bpt6k6749507d: no usable pages in manifest.,2026-07-17T14:59:11.329562
echoran,bpt6k6749508t,,failed,0,0,,no_usable_pages,known,,,bpt6k6749508t: no usable pages in manifest.,2026-07-17T14:59:11.618891
echoran,bpt6k67495097,,failed,0,0,,no_usable_pages,known,,,bpt6k67495097: no usable pages in manifest.,2026-07-17T14:59:12.003158
echoran,bpt6k6749510w,,failed,0,0,,no_usable_pages,known,,,bpt6k6749510w: no usable pages in manifest.,2026-07-17T14:59:12.367691
echoran,bpt6k67495119,,failed,0,0,,no_usable_pages,known,,,bpt6k67495119: no usable pages in manifest.,2026-07-17T14:59:12.582482
echoran,bpt6k6749512q,,failed,0,0,,no_usable_pages,known,,,bpt6k6749512q: no usable pages in manifest.,2026-07-17T14:59:12.903694
echoran,bpt6k67495134,,failed,0,0,,no_usable_pages,known,,,bpt6k67495134: no usable pages in manifest.,2026-07-17T14:59:13.527381
echoran,bpt6k6749514j,,failed,0,0,,no_usable_pages,known,,,bpt6k6749514j: no usable pages in manifest.,2026-07-17T14:59:13.759661
echoran,bpt6k6749515z,,failed,0,0,,no_usable_pages,known,,,bpt6k6749515z: no usable pages in manifest.,2026-07-17T14:59:14.048100
echoran,bpt6k6749516c,,failed,0,0,,no_usable_pages,known,,,bpt6k6749516c: no usable pages in manifest.,2026-07-17T14:59:14.523975
echoran,bpt6k6749517s,,failed,0,0,,no_usable_pages,known,,,bpt6k6749517s: no usable pages in manifest.,2026-07-17T14:59:14.937567
echoran,bpt6k67495186,,failed,0,0,,no_usable_pages,known,,,bpt6k67495186: no usable pages in manifest.,2026-07-17T14:59:15.239012
echoran,bpt6k6749519m,,failed,0,0,,no_usable_pages,known,,,bpt6k6749519m: no usable pages in manifest.,2026-07-17T14:59:15.749214
echoran,bpt6k67495208,,failed,0,0,,no_usable_pages,known,,,bpt6k67495208: no usable pages in manifest.,2026-07-17T14:59:15.984141
echoran,bpt6k6749521p,,failed,0,0,,no_usable_pages,known,,,bpt6k6749521p: no usable pages in manifest.,2026-07-17T14:59:16.219194
echoran,bpt6k67495223,,failed,0,0,,no_usable_pages,known,,,bpt6k67495223: no usable pages in manifest.,2026-07-17T14:59:16.694725
echoran,bpt6k6749523h,,failed,0,0,,no_usable_pages,known,,,bpt6k6749523h: no usable pages in manifest.,2026-07-17T14:59:17.706913
echoran,bpt6k6749524x,,failed,0,0,,no_usable_pages,known,,,bpt6k6749524x: no usable pages in manifest.,2026-07-17T14:59:17.910601
echoran,bpt6k6749525b,,failed,0,0,,no_usable_pages,known,,,bpt6k6749525b: no usable pages in manifest.,2026-07-17T14:59:18.222197
echoran,bpt6k6749526r,,failed,0,0,,no_usable_pages,known,,,bpt6k6749526r: no usable pages in manifest.,2026-07-17T14:59:18.758692
echoran,bpt6k67495275,,failed,0,0,,no_usable_pages,known,,,bpt6k67495275: no usable pages in manifest.,2026-07-17T14:59:18.945278
echoran,bpt6k6749528k,,failed,0,0,,no_usable_pages,known,,,bpt6k6749528k: no usable pages in manifest.,2026-07-17T14:59:19.391634
echoran,bpt6k67495290,,failed,0,0,,no_usable_pages,known,,,bpt6k67495290: no usable pages in manifest.,2026-07-17T14:59:19.909662
echoran,bpt6k6749530n,,failed,0,0,,no_usable_pages,known,,,bpt6k6749530n: no usable pages in manifest.,2026-07-17T14:59:20.164474
echoran,bpt6k67495312,,failed,0,0,,no_usable_pages,known,,,bpt6k67495312: no usable pages in manifest.,2026-07-17T14:59:20.396656
echoran,bpt6k6749532g,,failed,0,0,,no_usable_pages,known,,,bpt6k6749532g: no usable pages in manifest.,2026-07-17T14:59:20.878035
echoran,bpt6k6749533w,,failed,0,0,,no_usable_pages,known,,,bpt6k6749533w: no usable pages in manifest.,2026-07-17T14:59:21.100331
echoran,bpt6k67495349,,failed,0,0,,no_usable_pages,known,,,bpt6k67495349: no usable pages in manifest.,2026-07-17T14:59:21.403522
echoran,bpt6k6749535q,,failed,0,0,,no_usable_pages,known,,,bpt6k6749535q: no usable pages in manifest.,2026-07-17T14:59:21.876917
echoran,bpt6k67495364,,failed,0,0,,no_usable_pages,known,,,bpt6k67495364: no usable pages in manifest.,2026-07-17T14:59:22.260916
echoran,bpt6k6749537j,,failed,0,0,,no_usable_pages,known,,,bpt6k6749537j: no usable pages in manifest.,2026-07-17T14:59:22.591291
echoran,bpt6k6749538z,,failed,0,0,,no_usable_pages,known,,,bpt6k6749538z: no usable pages in manifest.,2026-07-17T14:59:22.942319
echoran,bpt6k6749539c,,failed,0,0,,no_usable_pages,known,,,bpt6k6749539c: no usable pages in manifest.,2026-07-17T14:59:23.251255
echoran,bpt6k67495401,,failed,0,0,,no_usable_pages,known,,,bpt6k67495401: no usable pages in manifest.,2026-07-17T14:59:23.632172
echoran,bpt6k6749541f,,failed,0,0,,no_usable_pages,known,,,bpt6k6749541f: no usable pages in manifest.,2026-07-17T14:59:23.894717
echoran,bpt6k6749542v,,failed,0,0,,no_usable_pages,known,,,bpt6k6749542v: no usable pages in manifest.,2026-07-17T14:59:24.363127
echoran,bpt6k67495438,,failed,0,0,,no_usable_pages,known,,,bpt6k67495438: no usable pages in manifest.,2026-07-17T14:59:24.736303
echoran,bpt6k6749544p,,failed,0,0,,no_usable_pages,known,,,bpt6k6749544p: no usable pages in manifest.,2026-07-17T14:59:24.997156
echoran,bpt6k67495453,,failed,0,0,,no_usable_pages,known,,,bpt6k67495453: no usable pages in manifest.,2026-07-17T14:59:25.628967
echoran,bpt6k6749546h,,failed,0,0,,no_usable_pages,known,,,bpt6k6749546h: no usable pages in manifest.,2026-07-17T14:59:25.881684
echoran,bpt6k6749547x,,failed,0,0,,no_usable_pages,known,,,bpt6k6749547x: no usable pages in manifest.,2026-07-17T14:59:26.172635
echoran,bpt6k6749548b,,failed,0,0,,no_usable_pages,known,,,bpt6k6749548b: no usable pages in manifest.,2026-07-17T14:59:26.528694
echoran,bpt6k6749549r,,failed,0,0,,no_usable_pages,known,,,bpt6k6749549r: no usable pages in manifest.,2026-07-17T14:59:27.261980
echoran,bpt6k6749550d,,failed,0,0,,no_usable_pages,known,,,bpt6k6749550d: no usable pages in manifest.,2026-07-17T14:59:27.750224
echoran,bpt6k6749551t,,failed,0,0,,no_usable_pages,known,,,bpt6k6749551t: no usable pages in manifest.,2026-07-17T14:59:28.341247
echoran,bpt6k67495527,,failed,0,0,,no_usable_pages,known,,,bpt6k67495527: no usable pages in manifest.,2026-07-17T14:59:28.668031
echoran,bpt6k6749553n,,failed,0,0,,no_usable_pages,known,,,bpt6k6749553n: no usable pages in manifest.,2026-07-17T14:59:28.982099
echoran,bpt6k67495542,,failed,0,0,,no_usable_pages,known,,,bpt6k67495542: no usable pages in manifest.,2026-07-17T14:59:29.335567
echoran,bpt6k6749555g,,failed,0,0,,no_usable_pages,known,,,bpt6k6749555g: no usable pages in manifest.,2026-07-17T14:59:29.654332
echoran,bpt6k6749556w,,failed,0,0,,no_usable_pages,known,,,bpt6k6749556w: no usable pages in manifest.,2026-07-17T14:59:30.283207
echoran,bpt6k67495579,,failed,0,0,,no_usable_pages,known,,,bpt6k67495579: no usable pages in manifest.,2026-07-17T14:59:30.862826
echoran,bpt6k6749558q,,failed,0,0,,no_usable_pages,known,,,bpt6k6749558q: no usable pages in manifest.,2026-07-17T14:59:31.115250
echoran,bpt6k67495594,,failed,0,0,,no_usable_pages,known,,,bpt6k67495594: no usable pages in manifest.,2026-07-17T14:59:31.403723
echoran,bpt6k6749560s,,failed,0,0,,no_usable_pages,known,,,bpt6k6749560s: no usable pages in manifest.,2026-07-17T14:59:31.851746
echoran,bpt6k67495616,,failed,0,0,,no_usable_pages,known,,,bpt6k67495616: no usable pages in manifest.,2026-07-17T14:59:32.581744
echoran,bpt6k6749562m,,failed,0,0,,no_usable_pages,known,,,bpt6k6749562m: no usable pages in manifest.,2026-07-17T14:59:33.070732
echoran,bpt6k67495631,,failed,0,0,,no_usable_pages,known,,,bpt6k67495631: no usable pages in manifest.,2026-07-17T14:59:33.239614
echoran,bpt6k6749564f,,failed,0,0,,no_usable_pages,known,,,bpt6k6749564f: no usable pages in manifest.,2026-07-17T14:59:33.805114
echoran,bpt6k6749565v,,failed,0,0,,no_usable_pages,known,,,bpt6k6749565v: no usable pages in manifest.,2026-07-17T14:59:34.339450
echoran,bpt6k67495668,,failed,0,0,,no_usable_pages,known,,,bpt6k67495668: no usable pages in manifest.,2026-07-17T14:59:34.659368
echoran,bpt6k6749567p,,failed,0,0,,no_usable_pages,known,,,bpt6k6749567p: no usable pages in manifest.,2026-07-17T14:59:34.999207
echoran,bpt6k67495683,,failed,0,0,,no_usable_pages,known,,,bpt6k67495683: no usable pages in manifest.,2026-07-17T14:59:35.532403
echoran,bpt6k6749569h,,failed,0,0,,no_usable_pages,known,,,bpt6k6749569h: no usable pages in manifest.,2026-07-17T14:59:36.158155
echoran,bpt6k67495705,,failed,0,0,,no_usable_pages,known,,,bpt6k67495705: no usable pages in manifest.,2026-07-17T14:59:36.683525
echoran,bpt6k6749571k,,failed,0,0,,no_usable_pages,known,,,bpt6k6749571k: no usable pages in manifest.,2026-07-17T14:59:36.910896
echoran,bpt6k67495720,,failed,0,0,,no_usable_pages,known,,,bpt6k67495720: no usable pages in manifest.,2026-07-17T14:59:37.246572
echoran,bpt6k6749573d,,failed,0,0,,no_usable_pages,known,,,bpt6k6749573d: no usable pages in manifest.,2026-07-17T14:59:37.568139
echoran,bpt6k6749574t,,failed,0,0,,no_usable_pages,known,,,bpt6k6749574t: no usable pages in manifest.,2026-07-17T14:59:38.067474
echoran,bpt6k67495757,,failed,0,0,,no_usable_pages,known,,,bpt6k67495757: no usable pages in manifest.,2026-07-17T14:59:38.406869
echoran,bpt6k6749576n,,failed,0,0,,no_usable_pages,known,,,bpt6k6749576n: no usable pages in manifest.,2026-07-17T14:59:39.025810
echoran,bpt6k67495772,,failed,0,0,,no_usable_pages,known,,,bpt6k67495772: no usable pages in manifest.,2026-07-17T14:59:39.236370
echoran,bpt6k6749578g,,failed,0,0,,no_usable_pages,known,,,bpt6k6749578g: no usable pages in manifest.,2026-07-17T14:59:39.665234
echoran,bpt6k6749579w,,failed,0,0,,no_usable_pages,known,,,bpt6k6749579w: no usable pages in manifest.,2026-07-17T14:59:40.170359
echoran,bpt6k6749580j,,failed,0,0,,no_usable_pages,known,,,bpt6k6749580j: no usable pages in manifest.,2026-07-17T14:59:40.557453
echoran,bpt6k6749581z,,failed,0,0,,no_usable_pages,known,,,bpt6k6749581z: no usable pages in manifest.,2026-07-17T14:59:40.904461
echoran,bpt6k6749582c,,failed,0,0,,no_usable_pages,known,,,bpt6k6749582c: no usable pages in manifest.,2026-07-17T14:59:41.440963
echoran,bpt6k6749583s,,failed,0,0,,no_usable_pages,known,,,bpt6k6749583s: no usable pages in manifest.,2026-07-17T14:59:41.784840
echoran,bpt6k67495846,,failed,0,0,,no_usable_pages,known,,,bpt6k67495846: no usable pages in manifest.,2026-07-17T14:59:42.095521
echoran,bpt6k6749585m,,failed,0,0,,no_usable_pages,known,,,bpt6k6749585m: no usable pages in manifest.,2026-07-17T14:59:42.897008
echoran,bpt6k67495861,,failed,0,0,,no_usable_pages,known,,,bpt6k67495861: no usable pages in manifest.,2026-07-17T14:59:43.454756
echoran,bpt6k6749587f,,failed,0,0,,no_usable_pages,known,,,bpt6k6749587f: no usable pages in manifest.,2026-07-17T14:59:43.960242
echoran,bpt6k6749588v,,failed,0,0,,no_usable_pages,known,,,bpt6k6749588v: no usable pages in manifest.,2026-07-17T14:59:44.320710
echoran,bpt6k67495898,,failed,0,0,,no_usable_pages,known,,,bpt6k67495898: no usable pages in manifest.,2026-07-17T14:59:44.564850
echoran,bpt6k6749590x,,failed,0,0,,no_usable_pages,known,,,bpt6k6749590x: no usable pages in manifest.,2026-07-17T14:59:45.086141
echoran,bpt6k6749591b,,failed,0,0,,no_usable_pages,known,,,bpt6k6749591b: no usable pages in manifest.,2026-07-17T14:59:45.530341
echoran,bpt6k6749592r,,failed,0,0,,no_usable_pages,known,,,bpt6k6749592r: no usable pages in manifest.,2026-07-17T14:59:46.323095
echoran,bpt6k67495935,,failed,0,0,,no_usable_pages,known,,,bpt6k67495935: no usable pages in manifest.,2026-07-17T14:59:47.014633
echoran,bpt6k6749594k,,failed,0,0,,no_usable_pages,known,,,bpt6k6749594k: no usable pages in manifest.,2026-07-17T14:59:47.406914
echoran,bpt6k67495950,,failed,0,0,,no_usable_pages,known,,,bpt6k67495950: no usable pages in manifest.,2026-07-17T14:59:47.707233
echoran,bpt6k6749596d,,failed,0,0,,no_usable_pages,known,,,bpt6k6749596d: no usable pages in manifest.,2026-07-17T14:59:48.167817
echoran,bpt6k6749597t,,failed,0,0,,no_usable_pages,known,,,bpt6k6749597t: no usable pages in manifest.,2026-07-17T14:59:48.721961
echoran,bpt6k67495987,,failed,0,0,,no_usable_pages,known,,,bpt6k67495987: no usable pages in manifest.,2026-07-17T14:59:48.978757
echoran,bpt6k6749599n,,failed,0,0,,no_usable_pages,known,,,bpt6k6749599n: no usable pages in manifest.,2026-07-17T14:59:49.304482
echoran,bpt6k6749600v,,failed,0,0,,no_usable_pages,known,,,bpt6k6749600v: no usable pages in manifest.,2026-07-17T14:59:49.676929
echoran,bpt6k67496018,,failed,0,0,,no_usable_pages,known,,,bpt6k67496018: no usable pages in manifest.,2026-07-17T14:59:50.263274
echoran,bpt6k6749602p,,failed,0,0,,no_usable_pages,known,,,bpt6k6749602p: no usable pages in manifest.,2026-07-17T14:59:50.617937
echoran,bpt6k67496033,,failed,0,0,,no_usable_pages,known,,,bpt6k67496033: no usable pages in manifest.,2026-07-17T14:59:51.331955
echoran,bpt6k6749604h,,failed,0,0,,no_usable_pages,known,,,bpt6k6749604h: no usable pages in manifest.,2026-07-17T14:59:51.659417
echoran,bpt6k6749605x,,failed,0,0,,no_usable_pages,known,,,bpt6k6749605x: no usable pages in manifest.,2026-07-17T14:59:51.948201
echoran,bpt6k6749606b,,failed,0,0,,no_usable_pages,known,,,bpt6k6749606b: no usable pages in manifest.,2026-07-17T14:59:52.522978
echoran,bpt6k6749607r,,failed,0,0,,no_usable_pages,known,,,bpt6k6749607r: no usable pages in manifest.,2026-07-17T14:59:52.909597
echoran,bpt6k67496085,,failed,0,0,,no_usable_pages,known,,,bpt6k67496085: no usable pages in manifest.,2026-07-17T14:59:53.234156
echoran,bpt6k6749609k,,failed,0,0,,no_usable_pages,known,,,bpt6k6749609k: no usable pages in manifest.,2026-07-17T14:59:53.494408
echoran,bpt6k67496107,,failed,0,0,,no_usable_pages,known,,,bpt6k67496107: no usable pages in manifest.,2026-07-17T14:59:53.921973
echoran,bpt6k6749616q,,failed,0,0,,no_usable_pages,known,,,bpt6k6749616q: no usable pages in manifest.,2026-07-17T14:59:54.244357
echoran,bpt6k6749611n,,failed,0,0,,no_usable_pages,known,,,bpt6k6749611n: no usable pages in manifest.,2026-07-17T14:59:54.455109
echoran,bpt6k67496122,,failed,0,0,,no_usable_pages,known,,,bpt6k67496122: no usable pages in manifest.,2026-07-17T14:59:54.692416
echoran,bpt6k6749613g,,failed,0,0,,no_usable_pages,known,,,bpt6k6749613g: no usable pages in manifest.,2026-07-17T14:59:55.161444
echoran,bpt6k6749614w,,failed,0,0,,no_usable_pages,known,,,bpt6k6749614w: no usable pages in manifest.,2026-07-17T14:59:55.464121
echoran,bpt6k67496159,,failed,0,0,,no_usable_pages,known,,,bpt6k67496159: no usable pages in manifest.,2026-07-17T14:59:56.010909
echoran,bpt6k67496174,,failed,0,0,,no_usable_pages,known,,,bpt6k67496174: no usable pages in manifest.,2026-07-17T14:59:56.471289
echoran,bpt6k6749618j,,failed,0,0,,no_usable_pages,known,,,bpt6k6749618j: no usable pages in manifest.,2026-07-17T14:59:56.737272
echoran,bpt6k6749619z,,failed,0,0,,no_usable_pages,known,,,bpt6k6749619z: no usable pages in manifest.,2026-07-17T14:59:57.218851
echoran,bpt6k6749620m,,failed,0,0,,no_usable_pages,known,,,bpt6k6749620m: no usable pages in manifest.,2026-07-17T14:59:57.864476
echoran,bpt6k67496211,,failed,0,0,,no_usable_pages,known,,,bpt6k67496211: no usable pages in manifest.,2026-07-17T14:59:58.210830
echoran,bpt6k6749622f,,failed,0,0,,no_usable_pages,known,,,bpt6k6749622f: no usable pages in manifest.,2026-07-17T14:59:58.488414
echoran,bpt6k6749623v,,failed,0,0,,no_usable_pages,known,,,bpt6k6749623v: no usable pages in manifest.,2026-07-17T14:59:59.011628
echoran,bpt6k67496248,,failed,0,0,,no_usable_pages,known,,,bpt6k67496248: no usable pages in manifest.,2026-07-17T14:59:59.309621
echoran,bpt6k6749625p,,failed,0,0,,no_usable_pages,known,,,bpt6k6749625p: no usable pages in manifest.,2026-07-17T14:59:59.593621
echoran,bpt6k67496263,,failed,0,0,,no_usable_pages,known,,,bpt6k67496263: no usable pages in manifest.,2026-07-17T15:00:00.119141
echoran,bpt6k6749627h,,failed,0,0,,no_usable_pages,known,,,bpt6k6749627h: no usable pages in manifest.,2026-07-17T15:00:00.425030
echoran,bpt6k6749628x,,failed,0,0,,no_usable_pages,known,,,bpt6k6749628x: no usable pages in manifest.,2026-07-17T15:00:00.689511
echoran,bpt6k6749629b,,failed,0,0,,no_usable_pages,known,,,bpt6k6749629b: no usable pages in manifest.,2026-07-17T15:00:01.224226
echoran,bpt6k67496300,,failed,0,0,,no_usable_pages,known,,,bpt6k67496300: no usable pages in manifest.,2026-07-17T15:00:01.531261
echoran,bpt6k6749631d,,failed,0,0,,no_usable_pages,known,,,bpt6k6749631d: no usable pages in manifest.,2026-07-17T15:00:01.952281
echoran,bpt6k6749632t,,failed,0,0,,no_usable_pages,known,,,bpt6k6749632t: no usable pages in manifest.,2026-07-17T15:00:02.651998
echoran,bpt6k67496337,,failed,0,0,,no_usable_pages,known,,,bpt6k67496337: no usable pages in manifest.,2026-07-17T15:00:02.957063
echoran,bpt6k6749634n,,failed,0,0,,no_usable_pages,known,,,bpt6k6749634n: no usable pages in manifest.,2026-07-17T15:00:03.235873
echoran,bpt6k67496352,,failed,0,0,,no_usable_pages,known,,,bpt6k67496352: no usable pages in manifest.,2026-07-17T15:00:03.696893
echoran,bpt6k6749636g,,failed,0,0,,no_usable_pages,known,,,bpt6k6749636g: no usable pages in manifest.,2026-07-17T15:00:04.067649
echoran,bpt6k6749637w,,failed,0,0,,no_usable_pages,known,,,bpt6k6749637w: no usable pages in manifest.,2026-07-17T15:00:04.430445
echoran,bpt6k67496389,,failed,0,0,,no_usable_pages,known,,,bpt6k67496389: no usable pages in manifest.,2026-07-17T15:00:04.924421
echoran,bpt6k6749639q,,failed,0,0,,no_usable_pages,known,,,bpt6k6749639q: no usable pages in manifest.,2026-07-17T15:00:05.279352
echoran,bpt6k6749640c,,failed,0,0,,no_usable_pages,known,,,bpt6k6749640c: no usable pages in manifest.,2026-07-17T15:00:05.626831
echoran,bpt6k6749641s,,failed,0,0,,no_usable_pages,known,,,bpt6k6749641s: no usable pages in manifest.,2026-07-17T15:00:06.053503
echoran,bpt6k67496426,,failed,0,0,,no_usable_pages,known,,,bpt6k67496426: no usable pages in manifest.,2026-07-17T15:00:06.297067
echoran,bpt6k6749643m,,failed,0,0,,no_usable_pages,known,,,bpt6k6749643m: no usable pages in manifest.,2026-07-17T15:00:06.778963
echoran,bpt6k67496441,,failed,0,0,,no_usable_pages,known,,,bpt6k67496441: no usable pages in manifest.,2026-07-17T15:00:07.438778
echoran,bpt6k6749645f,,failed,0,0,,no_usable_pages,known,,,bpt6k6749645f: no usable pages in manifest.,2026-07-17T15:00:09.079241
echoran,bpt6k6749646v,,failed,0,0,,no_usable_pages,known,,,bpt6k6749646v: no usable pages in manifest.,2026-07-17T15:00:09.416115
echoran,bpt6k67496478,,failed,0,0,,no_usable_pages,known,,,bpt6k67496478: no usable pages in manifest.,2026-07-17T15:00:09.887919
echoran,bpt6k6749648p,,failed,0,0,,no_usable_pages,known,,,bpt6k6749648p: no usable pages in manifest.,2026-07-17T15:00:10.429146
echoran,bpt6k67496493,,failed,0,0,,no_usable_pages,known,,,bpt6k67496493: no usable pages in manifest.,2026-07-17T15:00:11.103374
echoran,bpt6k6749650r,,failed,0,0,,no_usable_pages,known,,,bpt6k6749650r: no usable pages in manifest.,2026-07-17T15:00:11.640917
echoran,bpt6k67496515,,failed,0,0,,no_usable_pages,known,,,bpt6k67496515: no usable pages in manifest.,2026-07-17T15:00:12.588694
echoran,bpt6k6749652k,,failed,0,0,,no_usable_pages,known,,,bpt6k6749652k: no usable pages in manifest.,2026-07-17T15:00:13.201278
echoran,bpt6k67496530,,failed,0,0,,no_usable_pages,known,,,bpt6k67496530: no usable pages in manifest.,2026-07-17T15:00:13.729710
echoran,bpt6k6749654d,,failed,0,0,,no_usable_pages,known,,,bpt6k6749654d: no usable pages in manifest.,2026-07-17T15:00:14.385371
echoran,bpt6k6749655t,,failed,0,0,,no_usable_pages,known,,,bpt6k6749655t: no usable pages in manifest.,2026-07-17T15:00:14.688157
echoran,bpt6k67496567,,failed,0,0,,no_usable_pages,known,,,bpt6k67496567: no usable pages in manifest.,2026-07-17T15:00:15.045845
echoran,bpt6k6749657n,,failed,0,0,,no_usable_pages,known,,,bpt6k6749657n: no usable pages in manifest.,2026-07-17T15:00:15.550422
echoran,bpt6k67496582,,failed,0,0,,no_usable_pages,known,,,bpt6k67496582: no usable pages in manifest.,2026-07-17T15:00:15.903532
echoran,bpt6k6749659g,,failed,0,0,,no_usable_pages,known,,,bpt6k6749659g: no usable pages in manifest.,2026-07-17T15:00:16.199919
echoran,bpt6k67496604,,failed,0,0,,no_usable_pages,known,,,bpt6k67496604: no usable pages in manifest.,2026-07-17T15:00:16.908116
echoran,bpt6k67496656,,failed,0,0,,no_usable_pages,known,,,bpt6k67496656: no usable pages in manifest.,2026-07-17T15:00:17.554359
echoran,bpt6k6749661j,,failed,0,0,,no_usable_pages,known,,,bpt6k6749661j: no usable pages in manifest.,2026-07-17T15:00:18.046158
echoran,bpt6k6749662z,,failed,0,0,,no_usable_pages,known,,,bpt6k6749662z: no usable pages in manifest.,2026-07-17T15:00:18.321449
echoran,bpt6k6749663c,,failed,0,0,,no_usable_pages,known,,,bpt6k6749663c: no usable pages in manifest.,2026-07-17T15:00:18.672458
echoran,bpt6k6749664s,,failed,0,0,,no_usable_pages,known,,,bpt6k6749664s: no usable pages in manifest.,2026-07-17T15:00:19.242498
echoran,bpt6k6749666m,,failed,0,0,,no_usable_pages,known,,,bpt6k6749666m: no usable pages in manifest.,2026-07-17T15:00:19.581181
echoran,bpt6k67496671,,failed,0,0,,no_usable_pages,known,,,bpt6k67496671: no usable pages in manifest.,2026-07-17T15:00:20.378693
echoran,bpt6k6749668f,,failed,0,0,,no_usable_pages,known,,,bpt6k6749668f: no usable pages in manifest.,2026-07-17T15:00:20.670028
echoran,bpt6k6749669v,,failed,0,0,,no_usable_pages,known,,,bpt6k6749669v: no usable pages in manifest.,2026-07-17T15:00:20.946678
echoran,bpt6k6749670h,,failed,0,0,,no_usable_pages,known,,,bpt6k6749670h: no usable pages in manifest.,2026-07-17T15:00:21.432885
echoran,bpt6k6749671x,,failed,0,0,,no_usable_pages,known,,,bpt6k6749671x: no usable pages in manifest.,2026-07-17T15:00:21.836126
echoran,bpt6k6749672b,,failed,0,0,,no_usable_pages,known,,,bpt6k6749672b: no usable pages in manifest.,2026-07-17T15:00:22.318894
echoran,bpt6k6749673r,,failed,0,0,,no_usable_pages,known,,,bpt6k6749673r: no usable pages in manifest.,2026-07-17T15:00:22.829625
echoran,bpt6k67496745,,failed,0,0,,no_usable_pages,known,,,bpt6k67496745: no usable pages in manifest.,2026-07-17T15:00:23.229431
echoran,bpt6k6749675k,,failed,0,0,,no_usable_pages,known,,,bpt6k6749675k: no usable pages in manifest.,2026-07-17T15:00:23.556584
echoran,bpt6k67496760,,failed,0,0,,no_usable_pages,known,,,bpt6k67496760: no usable pages in manifest.,2026-07-17T15:00:24.088647
echoran,bpt6k6749677d,,failed,0,0,,no_usable_pages,known,,,bpt6k6749677d: no usable pages in manifest.,2026-07-17T15:00:24.320470
echoran,bpt6k6749678t,,failed,0,0,,no_usable_pages,known,,,bpt6k6749678t: no usable pages in manifest.,2026-07-17T15:00:24.538738
echoran,bpt6k67496797,,failed,0,0,,no_usable_pages,known,,,bpt6k67496797: no usable pages in manifest.,2026-07-17T15:00:24.896569
echoran,bpt6k6749680w,,failed,0,0,,no_usable_pages,known,,,bpt6k6749680w: no usable pages in manifest.,2026-07-17T15:00:25.470907
echoran,bpt6k67496819,,failed,0,0,,no_usable_pages,known,,,bpt6k67496819: no usable pages in manifest.,2026-07-17T15:00:25.725245
echoran,bpt6k6749682q,,failed,0,0,,no_usable_pages,known,,,bpt6k6749682q: no usable pages in manifest.,2026-07-17T15:00:26.025086
echoran,bpt6k67496834,,failed,0,0,,no_usable_pages,known,,,bpt6k67496834: no usable pages in manifest.,2026-07-17T15:00:26.592878
echoran,bpt6k6749684j,,failed,0,0,,no_usable_pages,known,,,bpt6k6749684j: no usable pages in manifest.,2026-07-17T15:00:27.053892
echoran,bpt6k6749685z,,failed,0,0,,no_usable_pages,known,,,bpt6k6749685z: no usable pages in manifest.,2026-07-17T15:00:28.256865
echoran,bpt6k6749686c,,failed,0,0,,no_usable_pages,known,,,bpt6k6749686c: no usable pages in manifest.,2026-07-17T15:00:28.692177
echoran,bpt6k6749687s,,failed,0,0,,no_usable_pages,known,,,bpt6k6749687s: no usable pages in manifest.,2026-07-17T15:00:29.296888
echoran,bpt6k67496886,,failed,0,0,,no_usable_pages,known,,,bpt6k67496886: no usable pages in manifest.,2026-07-17T15:00:29.587998
echoran,bpt6k6749689m,,failed,0,0,,no_usable_pages,known,,,bpt6k6749689m: no usable pages in manifest.,2026-07-17T15:00:29.811461
echoran,bpt6k67496908,,failed,0,0,,no_usable_pages,known,,,bpt6k67496908: no usable pages in manifest.,2026-07-17T15:00:30.402169
echoran,bpt6k6749691p,,failed,0,0,,no_usable_pages,known,,,bpt6k6749691p: no usable pages in manifest.,2026-07-17T15:00:30.664161
echoran,bpt6k67496923,,failed,0,0,,no_usable_pages,known,,,bpt6k67496923: no usable pages in manifest.,2026-07-17T15:00:31.042501
echoran,bpt6k6749693h,,failed,0,0,,no_usable_pages,known,,,bpt6k6749693h: no usable pages in manifest.,2026-07-17T15:00:31.604724
echoran,bpt6k6749694x,,failed,0,0,,no_usable_pages,known,,,bpt6k6749694x: no usable pages in manifest.,2026-07-17T15:00:31.898508
echoran,bpt6k6749695b,,failed,0,0,,no_usable_pages,known,,,bpt6k6749695b: no usable pages in manifest.,2026-07-17T15:00:32.295114
echoran,bpt6k6749696r,,failed,0,0,,no_usable_pages,known,,,bpt6k6749696r: no usable pages in manifest.,2026-07-17T15:00:32.867318
echoran,bpt6k67496975,,failed,0,0,,no_usable_pages,known,,,bpt6k67496975: no usable pages in manifest.,2026-07-17T15:00:33.136112
echoran,bpt6k6749698k,,failed,0,0,,no_usable_pages,known,,,bpt6k6749698k: no usable pages in manifest.,2026-07-17T15:00:33.426152
echoran,bpt6k67496990,,failed,0,0,,no_usable_pages,known,,,bpt6k67496990: no usable pages in manifest.,2026-07-17T15:00:34.060350
echoran,bpt6k67497006,,failed,0,0,,no_usable_pages,known,,,bpt6k67497006: no usable pages in manifest.,2026-07-17T15:00:34.385445
echoran,bpt6k6749701m,,failed,0,0,,no_usable_pages,known,,,bpt6k6749701m: no usable pages in manifest.,2026-07-17T15:00:34.772235
echoran,bpt6k67497021,,failed,0,0,,no_usable_pages,known,,,bpt6k67497021: no usable pages in manifest.,2026-07-17T15:00:35.242886
echoran,bpt6k6749703f,,failed,0,0,,no_usable_pages,known,,,bpt6k6749703f: no usable pages in manifest.,2026-07-17T15:00:35.556561
echoran,bpt6k6749704v,,failed,0,0,,no_usable_pages,known,,,bpt6k6749704v: no usable pages in manifest.,2026-07-17T15:00:35.926119
echoran,bpt6k67497058,,failed,0,0,,no_usable_pages,known,,,bpt6k67497058: no usable pages in manifest.,2026-07-17T15:00:36.548805
echoran,bpt6k6749706p,,failed,0,0,,no_usable_pages,known,,,bpt6k6749706p: no usable pages in manifest.,2026-07-17T15:00:36.914366
echoran,bpt6k67497073,,failed,0,0,,no_usable_pages,known,,,bpt6k67497073: no usable pages in manifest.,2026-07-17T15:00:37.400228
echoran,bpt6k6749708h,,failed,0,0,,no_usable_pages,known,,,bpt6k6749708h: no usable pages in manifest.,2026-07-17T15:00:37.899661
echoran,bpt6k6749709x,,failed,0,0,,no_usable_pages,known,,,bpt6k6749709x: no usable pages in manifest.,2026-07-17T15:00:38.200135
echoran,bpt6k6749710k,,failed,0,0,,no_usable_pages,known,,,bpt6k6749710k: no usable pages in manifest.,2026-07-17T15:00:38.660027
echoran,bpt6k67497110,,failed,0,0,,no_usable_pages,known,,,bpt6k67497110: no usable pages in manifest.,2026-07-17T15:00:39.203752
echoran,bpt6k6749712d,,failed,0,0,,no_usable_pages,known,,,bpt6k6749712d: no usable pages in manifest.,2026-07-17T15:00:39.563119
echoran,bpt6k6749713t,,failed,0,0,,no_usable_pages,known,,,bpt6k6749713t: no usable pages in manifest.,2026-07-17T15:00:39.821455
echoran,bpt6k67497147,,failed,0,0,,no_usable_pages,known,,,bpt6k67497147: no usable pages in manifest.,2026-07-17T15:00:40.335597
echoran,bpt6k67497162,,failed,0,0,,no_usable_pages,known,,,bpt6k67497162: no usable pages in manifest.,2026-07-17T15:00:40.579095
echoran,bpt6k6749717g,,failed,0,0,,no_usable_pages,known,,,bpt6k6749717g: no usable pages in manifest.,2026-07-17T15:00:40.990282
echoran,bpt6k6749718w,,failed,0,0,,no_usable_pages,known,,,bpt6k6749718w: no usable pages in manifest.,2026-07-17T15:00:41.341617
echoran,bpt6k67015109,,failed,0,0,,no_usable_pages,known,,,bpt6k67015109: no usable pages in manifest.,2026-07-17T15:00:41.760324
echoran,bpt6k6701511q,,failed,0,0,,no_usable_pages,known,,,bpt6k6701511q: no usable pages in manifest.,2026-07-17T15:00:42.199973
echoran,bpt6k67015124,,failed,0,0,,no_usable_pages,known,,,bpt6k67015124: no usable pages in manifest.,2026-07-17T15:00:42.537686
echoran,bpt6k6701513j,,failed,0,0,,no_usable_pages,known,,,bpt6k6701513j: no usable pages in manifest.,2026-07-17T15:00:43.069737
echoran,bpt6k6701514z,,failed,0,0,,no_usable_pages,known,,,bpt6k6701514z: no usable pages in manifest.,2026-07-17T15:00:43.432587
echoran,bpt6k6701515c,,failed,0,0,,no_usable_pages,known,,,bpt6k6701515c: no usable pages in manifest.,2026-07-17T15:00:43.887477
echoran,bpt6k6701516s,,failed,0,0,,no_usable_pages,known,,,bpt6k6701516s: no usable pages in manifest.,2026-07-17T15:00:44.291132
echoran,bpt6k67015176,,failed,0,0,,no_usable_pages,known,,,bpt6k67015176: no usable pages in manifest.,2026-07-17T15:00:44.800221
echoran,bpt6k6701518m,,failed,0,0,,no_usable_pages,known,,,bpt6k6701518m: no usable pages in manifest.,2026-07-17T15:00:45.350480
echoran,bpt6k67015191,,failed,0,0,,no_usable_pages,known,,,bpt6k67015191: no usable pages in manifest.,2026-07-17T15:00:45.672190
echoran,bpt6k6701520p,,failed,0,0,,no_usable_pages,known,,,bpt6k6701520p: no usable pages in manifest.,2026-07-17T15:00:46.050163
echoran,bpt6k67015213,,failed,0,0,,no_usable_pages,known,,,bpt6k67015213: no usable pages in manifest.,2026-07-17T15:00:46.528023
echoran,bpt6k6701522h,,failed,0,0,,no_usable_pages,known,,,bpt6k6701522h: no usable pages in manifest.,2026-07-17T15:00:47.174354
echoran,bpt6k6701523x,,failed,0,0,,no_usable_pages,known,,,bpt6k6701523x: no usable pages in manifest.,2026-07-17T15:00:47.716559
echoran,bpt6k6701524b,,failed,0,0,,no_usable_pages,known,,,bpt6k6701524b: no usable pages in manifest.,2026-07-17T15:00:48.058257
echoran,bpt6k6701525r,,failed,0,0,,no_usable_pages,known,,,bpt6k6701525r: no usable pages in manifest.,2026-07-17T15:00:48.360874
echoran,bpt6k67015265,,failed,0,0,,no_usable_pages,known,,,bpt6k67015265: no usable pages in manifest.,2026-07-17T15:00:48.817324
echoran,bpt6k6701527k,,failed,0,0,,no_usable_pages,known,,,bpt6k6701527k: no usable pages in manifest.,2026-07-17T15:00:49.184608
echoran,bpt6k67015280,,failed,0,0,,no_usable_pages,known,,,bpt6k67015280: no usable pages in manifest.,2026-07-17T15:00:49.467640
echoran,bpt6k6701529d,,failed,0,0,,no_usable_pages,known,,,bpt6k6701529d: no usable pages in manifest.,2026-07-17T15:00:49.948212
echoran,bpt6k67015302,,failed,0,0,,no_usable_pages,known,,,bpt6k67015302: no usable pages in manifest.,2026-07-17T15:00:50.314258
echoran,bpt6k6701531g,,failed,0,0,,no_usable_pages,known,,,bpt6k6701531g: no usable pages in manifest.,2026-07-17T15:00:50.541082
echoran,bpt6k6701532w,,failed,0,0,,no_usable_pages,known,,,bpt6k6701532w: no usable pages in manifest.,2026-07-17T15:00:51.163385
echoran,bpt6k67015339,,failed,0,0,,no_usable_pages,known,,,bpt6k67015339: no usable pages in manifest.,2026-07-17T15:00:51.537455
echoran,bpt6k6701534q,,failed,0,0,,no_usable_pages,known,,,bpt6k6701534q: no usable pages in manifest.,2026-07-17T15:00:51.850567
echoran,bpt6k67015354,,failed,0,0,,no_usable_pages,known,,,bpt6k67015354: no usable pages in manifest.,2026-07-17T15:00:52.274658
echoran,bpt6k6701536j,,failed,0,0,,no_usable_pages,known,,,bpt6k6701536j: no usable pages in manifest.,2026-07-17T15:00:52.702462
echoran,bpt6k6701537z,,failed,0,0,,no_usable_pages,known,,,bpt6k6701537z: no usable pages in manifest.,2026-07-17T15:00:52.955989
echoran,bpt6k6701538c,,failed,0,0,,no_usable_pages,known,,,bpt6k6701538c: no usable pages in manifest.,2026-07-17T15:00:53.501912
echoran,bpt6k6701539s,,failed,0,0,,no_usable_pages,known,,,bpt6k6701539s: no usable pages in manifest.,2026-07-17T15:00:53.834751
echoran,bpt6k6701540f,,failed,0,0,,no_usable_pages,known,,,bpt6k6701540f: no usable pages in manifest.,2026-07-17T15:00:54.107510
echoran,bpt6k6701541v,,failed,0,0,,no_usable_pages,known,,,bpt6k6701541v: no usable pages in manifest.,2026-07-17T15:00:54.264110
echoran,bpt6k67015428,,failed,0,0,,no_usable_pages,known,,,bpt6k67015428: no usable pages in manifest.,2026-07-17T15:00:54.866725
echoran,bpt6k6701543p,,failed,0,0,,no_usable_pages,known,,,bpt6k6701543p: no usable pages in manifest.,2026-07-17T15:00:55.281567
echoran,bpt6k67015443,,failed,0,0,,no_usable_pages,known,,,bpt6k67015443: no usable pages in manifest.,2026-07-17T15:00:55.750731
echoran,bpt6k6701545h,,failed,0,0,,no_usable_pages,known,,,bpt6k6701545h: no usable pages in manifest.,2026-07-17T15:00:56.117196
echoran,bpt6k6701546x,,failed,0,0,,no_usable_pages,known,,,bpt6k6701546x: no usable pages in manifest.,2026-07-17T15:00:56.411813
echoran,bpt6k6701547b,,failed,0,0,,no_usable_pages,known,,,bpt6k6701547b: no usable pages in manifest.,2026-07-17T15:00:56.746598
echoran,bpt6k6701548r,,failed,0,0,,no_usable_pages,known,,,bpt6k6701548r: no usable pages in manifest.,2026-07-17T15:00:57.219996
echoran,bpt6k67015495,,failed,0,0,,no_usable_pages,known,,,bpt6k67015495: no usable pages in manifest.,2026-07-17T15:00:57.557391
echoran,bpt6k6701550t,,failed,0,0,,no_usable_pages,known,,,bpt6k6701550t: no usable pages in manifest.,2026-07-17T15:00:57.981843
echoran,bpt6k67015517,,failed,0,0,,no_usable_pages,known,,,bpt6k67015517: no usable pages in manifest.,2026-07-17T15:00:58.433296
echoran,bpt6k6701552n,,failed,0,0,,no_usable_pages,known,,,bpt6k6701552n: no usable pages in manifest.,2026-07-17T15:00:58.884454
echoran,bpt6k67015532,,failed,0,0,,no_usable_pages,known,,,bpt6k67015532: no usable pages in manifest.,2026-07-17T15:00:59.153628
echoran,bpt6k6701554g,,failed,0,0,,no_usable_pages,known,,,bpt6k6701554g: no usable pages in manifest.,2026-07-17T15:00:59.537502
echoran,bpt6k6701555w,,failed,0,0,,no_usable_pages,known,,,bpt6k6701555w: no usable pages in manifest.,2026-07-17T15:01:00.018660
echoran,bpt6k67015569,,failed,0,0,,no_usable_pages,known,,,bpt6k67015569: no usable pages in manifest.,2026-07-17T15:01:00.257500
echoran,bpt6k6701557q,,failed,0,0,,no_usable_pages,known,,,bpt6k6701557q: no usable pages in manifest.,2026-07-17T15:01:00.630135
echoran,bpt6k67015584,,failed,0,0,,no_usable_pages,known,,,bpt6k67015584: no usable pages in manifest.,2026-07-17T15:01:00.945576
echoran,bpt6k6701559j,,failed,0,0,,no_usable_pages,known,,,bpt6k6701559j: no usable pages in manifest.,2026-07-17T15:01:01.192405
echoran,bpt6k67015606,,failed,0,0,,no_usable_pages,known,,,bpt6k67015606: no usable pages in manifest.,2026-07-17T15:01:01.360757
echoran,bpt6k6701561m,,failed,0,0,,no_usable_pages,known,,,bpt6k6701561m: no usable pages in manifest.,2026-07-17T15:01:01.947001
echoran,bpt6k67015621,,failed,0,0,,no_usable_pages,known,,,bpt6k67015621: no usable pages in manifest.,2026-07-17T15:01:02.289271
echoran,bpt6k6701563f,,failed,0,0,,no_usable_pages,known,,,bpt6k6701563f: no usable pages in manifest.,2026-07-17T15:01:02.649062
echoran,bpt6k6701564v,,failed,0,0,,no_usable_pages,known,,,bpt6k6701564v: no usable pages in manifest.,2026-07-17T15:01:03.047314
echoran,bpt6k67015658,,failed,0,0,,no_usable_pages,known,,,bpt6k67015658: no usable pages in manifest.,2026-07-17T15:01:03.356155
echoran,bpt6k6701566p,,failed,0,0,,no_usable_pages,known,,,bpt6k6701566p: no usable pages in manifest.,2026-07-17T15:01:03.740228
echoran,bpt6k6749715n,,failed,0,0,,no_usable_pages,known,,,bpt6k6749715n: no usable pages in manifest.,2026-07-17T15:01:04.127893
echoran,bpt6k67015673,,failed,0,0,,no_usable_pages,known,,,bpt6k67015673: no usable pages in manifest.,2026-07-17T15:01:04.414307
echoran,bpt6k6701568h,,failed,0,0,,no_usable_pages,known,,,bpt6k6701568h: no usable pages in manifest.,2026-07-17T15:01:04.858297
echoran,bpt6k6701569x,,failed,0,0,,no_usable_pages,known,,,bpt6k6701569x: no usable pages in manifest.,2026-07-17T15:01:05.281124
echoran,bpt6k6701570k,,failed,0,0,,no_usable_pages,known,,,bpt6k6701570k: no usable pages in manifest.,2026-07-17T15:01:05.727641
echoran,bpt6k67015710,,failed,0,0,,no_usable_pages,known,,,bpt6k67015710: no usable pages in manifest.,2026-07-17T15:01:06.084672
echoran,bpt6k6701572d,,failed,0,0,,no_usable_pages,known,,,bpt6k6701572d: no usable pages in manifest.,2026-07-17T15:01:06.858867
echoran,bpt6k6701573t,,failed,0,0,,no_usable_pages,known,,,bpt6k6701573t: no usable pages in manifest.,2026-07-17T15:01:07.231616
echoran,bpt6k67015747,,failed,0,0,,no_usable_pages,known,,,bpt6k67015747: no usable pages in manifest.,2026-07-17T15:01:08.049821
echoran,bpt6k6701575n,,failed,0,0,,no_usable_pages,known,,,bpt6k6701575n: no usable pages in manifest.,2026-07-17T15:01:08.471039
echoran,bpt6k67015762,,failed,0,0,,no_usable_pages,known,,,bpt6k67015762: no usable pages in manifest.,2026-07-17T15:01:09.164808
echoran,bpt6k6701577g,,failed,0,0,,no_usable_pages,known,,,bpt6k6701577g: no usable pages in manifest.,2026-07-17T15:01:09.598567
echoran,bpt6k6701578w,,failed,0,0,,no_usable_pages,known,,,bpt6k6701578w: no usable pages in manifest.,2026-07-17T15:01:09.960921
echoran,bpt6k67015799,,failed,0,0,,no_usable_pages,known,,,bpt6k67015799: no usable pages in manifest.,2026-07-17T15:01:10.537649
echoran,bpt6k6701580z,,failed,0,0,,no_usable_pages,known,,,bpt6k6701580z: no usable pages in manifest.,2026-07-17T15:01:10.953911
echoran,bpt6k6701581c,,failed,0,0,,no_usable_pages,known,,,bpt6k6701581c: no usable pages in manifest.,2026-07-17T15:01:11.492386
echoran,bpt6k6701582s,,failed,0,0,,no_usable_pages,known,,,bpt6k6701582s: no usable pages in manifest.,2026-07-17T15:01:11.874731
echoran,bpt6k67015836,,failed,0,0,,no_usable_pages,known,,,bpt6k67015836: no usable pages in manifest.,2026-07-17T15:01:12.121542
echoran,bpt6k6701584m,,failed,0,0,,no_usable_pages,known,,,bpt6k6701584m: no usable pages in manifest.,2026-07-17T15:01:12.575310
echoran,bpt6k67015851,,failed,0,0,,no_usable_pages,known,,,bpt6k67015851: no usable pages in manifest.,2026-07-17T15:01:12.965954
echoran,bpt6k6701586f,,failed,0,0,,no_usable_pages,known,,,bpt6k6701586f: no usable pages in manifest.,2026-07-17T15:01:13.372968
echoran,bpt6k6701587v,,failed,0,0,,no_usable_pages,known,,,bpt6k6701587v: no usable pages in manifest.,2026-07-17T15:01:13.988302
echoran,bpt6k67015888,,failed,0,0,,no_usable_pages,known,,,bpt6k67015888: no usable pages in manifest.,2026-07-17T15:01:14.423675
echoran,bpt6k6701589p,,failed,0,0,,no_usable_pages,known,,,bpt6k6701589p: no usable pages in manifest.,2026-07-17T15:01:15.087349
echoran,bpt6k6701590b,,failed,0,0,,no_usable_pages,known,,,bpt6k6701590b: no usable pages in manifest.,2026-07-17T15:01:15.727532
echoran,bpt6k6701591r,,failed,0,0,,no_usable_pages,known,,,bpt6k6701591r: no usable pages in manifest.,2026-07-17T15:01:16.543519
echoran,bpt6k67015925,,failed,0,0,,no_usable_pages,known,,,bpt6k67015925: no usable pages in manifest.,2026-07-17T15:01:17.262111
echoran,bpt6k6701593k,,failed,0,0,,no_usable_pages,known,,,bpt6k6701593k: no usable pages in manifest.,2026-07-17T15:01:17.889851
echoran,bpt6k67015940,,failed,0,0,,no_usable_pages,known,,,bpt6k67015940: no usable pages in manifest.,2026-07-17T15:01:18.514900
echoran,bpt6k6701595d,,failed,0,0,,no_usable_pages,known,,,bpt6k6701595d: no usable pages in manifest.,2026-07-17T15:01:19.178291
echoran,bpt6k6701596t,,failed,0,0,,no_usable_pages,known,,,bpt6k6701596t: no usable pages in manifest.,2026-07-17T15:01:19.679107
echoran,bpt6k67015977,,failed,0,0,,no_usable_pages,known,,,bpt6k67015977: no usable pages in manifest.,2026-07-17T15:01:20.434474
echoran,bpt6k6701598n,,failed,0,0,,no_usable_pages,known,,,bpt6k6701598n: no usable pages in manifest.,2026-07-17T15:01:20.772887
echoran,bpt6k67015992,,failed,0,0,,no_usable_pages,known,,,bpt6k67015992: no usable pages in manifest.,2026-07-17T15:01:21.469678
echoran,bpt6k67016008,,failed,0,0,,no_usable_pages,known,,,bpt6k67016008: no usable pages in manifest.,2026-07-17T15:01:21.766510
echoran,bpt6k6701601p,,failed,0,0,,no_usable_pages,known,,,bpt6k6701601p: no usable pages in manifest.,2026-07-17T15:01:22.196659
echoran,bpt6k67016023,,failed,0,0,,no_usable_pages,known,,,bpt6k67016023: no usable pages in manifest.,2026-07-17T15:01:22.719897
echoran,bpt6k6701603h,,failed,0,0,,no_usable_pages,known,,,bpt6k6701603h: no usable pages in manifest.,2026-07-17T15:01:23.107962
echoran,bpt6k6701604x,,failed,0,0,,no_usable_pages,known,,,bpt6k6701604x: no usable pages in manifest.,2026-07-17T15:01:23.623838
echoran,bpt6k6701605b,,failed,0,0,,no_usable_pages,known,,,bpt6k6701605b: no usable pages in manifest.,2026-07-17T15:01:24.229673
echoran,bpt6k6701606r,,failed,0,0,,no_usable_pages,known,,,bpt6k6701606r: no usable pages in manifest.,2026-07-17T15:01:24.639511
echoran,bpt6k67016075,,failed,0,0,,no_usable_pages,known,,,bpt6k67016075: no usable pages in manifest.,2026-07-17T15:01:24.843552
echoran,bpt6k6701608k,,failed,0,0,,no_usable_pages,known,,,bpt6k6701608k: no usable pages in manifest.,2026-07-17T15:01:25.435601
echoran,bpt6k67016090,,failed,0,0,,no_usable_pages,known,,,bpt6k67016090: no usable pages in manifest.,2026-07-17T15:01:25.963692
echoran,bpt6k6701610n,,failed,0,0,,no_usable_pages,known,,,bpt6k6701610n: no usable pages in manifest.,2026-07-17T15:01:26.803665
echoran,bpt6k67016112,,failed,0,0,,no_usable_pages,known,,,bpt6k67016112: no usable pages in manifest.,2026-07-17T15:01:27.179607
echoran,bpt6k6701612g,,failed,0,0,,no_usable_pages,known,,,bpt6k6701612g: no usable pages in manifest.,2026-07-17T15:01:28.301829
echoran,bpt6k6701613w,,failed,0,0,,no_usable_pages,known,,,bpt6k6701613w: no usable pages in manifest.,2026-07-17T15:01:29.423637
echoran,bpt6k6701615q,,failed,0,0,,no_usable_pages,known,,,bpt6k6701615q: no usable pages in manifest.,2026-07-17T15:01:29.884702
echoran,bpt6k67016164,,failed,0,0,,no_usable_pages,known,,,bpt6k67016164: no usable pages in manifest.,2026-07-17T15:01:30.522511
echoran,bpt6k6701617j,,failed,0,0,,no_usable_pages,known,,,bpt6k6701617j: no usable pages in manifest.,2026-07-17T15:01:30.966371
echoran,bpt6k6701618z,,failed,0,0,,no_usable_pages,known,,,bpt6k6701618z: no usable pages in manifest.,2026-07-17T15:01:31.475995
echoran,bpt6k6701619c,,failed,0,0,,no_usable_pages,known,,,bpt6k6701619c: no usable pages in manifest.,2026-07-17T15:01:31.891302
echoran,bpt6k67016201,,failed,0,0,,no_usable_pages,known,,,bpt6k67016201: no usable pages in manifest.,2026-07-17T15:01:32.378495
echoran,bpt6k6701621f,,failed,0,0,,no_usable_pages,known,,,bpt6k6701621f: no usable pages in manifest.,2026-07-17T15:01:33.120103
echoran,bpt6k6701622v,,failed,0,0,,no_usable_pages,known,,,bpt6k6701622v: no usable pages in manifest.,2026-07-17T15:01:33.497902
echoran,bpt6k67016238,,failed,0,0,,no_usable_pages,known,,,bpt6k67016238: no usable pages in manifest.,2026-07-17T15:01:34.326036
echoran,bpt6k6701624p,,failed,0,0,,no_usable_pages,known,,,bpt6k6701624p: no usable pages in manifest.,2026-07-17T15:01:34.922596
echoran,bpt6k67016253,,failed,0,0,,no_usable_pages,known,,,bpt6k67016253: no usable pages in manifest.,2026-07-17T15:01:35.652392
echoran,bpt6k6701626h,,failed,0,0,,no_usable_pages,known,,,bpt6k6701626h: no usable pages in manifest.,2026-07-17T15:01:36.194832
echoran,bpt6k6701627x,,failed,0,0,,no_usable_pages,known,,,bpt6k6701627x: no usable pages in manifest.,2026-07-17T15:01:37.041666
echoran,bpt6k6701628b,,failed,0,0,,no_usable_pages,known,,,bpt6k6701628b: no usable pages in manifest.,2026-07-17T15:01:37.592114
echoran,bpt6k6701629r,,failed,0,0,,no_usable_pages,known,,,bpt6k6701629r: no usable pages in manifest.,2026-07-17T15:01:38.331626
echoran,bpt6k6701630d,,failed,0,0,,no_usable_pages,known,,,bpt6k6701630d: no usable pages in manifest.,2026-07-17T15:01:38.771328
echoran,bpt6k6701631t,,failed,0,0,,no_usable_pages,known,,,bpt6k6701631t: no usable pages in manifest.,2026-07-17T15:01:39.967573
echoran,bpt6k67016327,,failed,0,0,,no_usable_pages,known,,,bpt6k67016327: no usable pages in manifest.,2026-07-17T15:01:40.551276
echoran,bpt6k6701633n,,failed,0,0,,no_usable_pages,known,,,bpt6k6701633n: no usable pages in manifest.,2026-07-17T15:01:41.137454
echoran,bpt6k67016342,,failed,0,0,,no_usable_pages,known,,,bpt6k67016342: no usable pages in manifest.,2026-07-17T15:01:41.587757
echoran,bpt6k6701635g,,failed,0,0,,no_usable_pages,known,,,bpt6k6701635g: no usable pages in manifest.,2026-07-17T15:01:42.309921
echoran,bpt6k6701636w,,failed,0,0,,no_usable_pages,known,,,bpt6k6701636w: no usable pages in manifest.,2026-07-17T15:01:43.183472
echoran,bpt6k67016379,,failed,0,0,,no_usable_pages,known,,,bpt6k67016379: no usable pages in manifest.,2026-07-17T15:01:43.894343
echoran,bpt6k6701638q,,failed,0,0,,no_usable_pages,known,,,bpt6k6701638q: no usable pages in manifest.,2026-07-17T15:01:44.288371
echoran,bpt6k67016416,,failed,0,0,,no_usable_pages,known,,,bpt6k67016416: no usable pages in manifest.,2026-07-17T15:01:44.978152
echoran,bpt6k67016431,,failed,0,0,,no_usable_pages,known,,,bpt6k67016431: no usable pages in manifest.,2026-07-17T15:01:45.451168
echoran,bpt6k6701644f,,failed,0,0,,no_usable_pages,known,,,bpt6k6701644f: no usable pages in manifest.,2026-07-17T15:01:45.859723
echoran,bpt6k6701645v,,failed,0,0,,no_usable_pages,known,,,bpt6k6701645v: no usable pages in manifest.,2026-07-17T15:01:46.253875
echoran,bpt6k67016468,,failed,0,0,,no_usable_pages,known,,,bpt6k67016468: no usable pages in manifest.,2026-07-17T15:01:46.708973
echoran,bpt6k6701647p,,failed,0,0,,no_usable_pages,known,,,bpt6k6701647p: no usable pages in manifest.,2026-07-17T15:01:47.244182
echoran,bpt6k67016483,,failed,0,0,,no_usable_pages,known,,,bpt6k67016483: no usable pages in manifest.,2026-07-17T15:01:47.790750
echoran,bpt6k67016505,,failed,0,0,,no_usable_pages,known,,,bpt6k67016505: no usable pages in manifest.,2026-07-17T15:01:48.295042
echoran,bpt6k6701651k,,failed,0,0,,no_usable_pages,known,,,bpt6k6701651k: no usable pages in manifest.,2026-07-17T15:01:48.654195
echoran,bpt6k6701653d,,failed,0,0,,no_usable_pages,known,,,bpt6k6701653d: no usable pages in manifest.,2026-07-17T15:01:49.830265
echoran,bpt6k6701654t,,failed,0,0,,no_usable_pages,known,,,bpt6k6701654t: no usable pages in manifest.,2026-07-17T15:01:50.284094
echoran,bpt6k67016557,,failed,0,0,,no_usable_pages,known,,,bpt6k67016557: no usable pages in manifest.,2026-07-17T15:01:50.898712
echoran,bpt6k6701656n,,failed,0,0,,no_usable_pages,known,,,bpt6k6701656n: no usable pages in manifest.,2026-07-17T15:01:51.519467
echoran,bpt6k67016572,,failed,0,0,,no_usable_pages,known,,,bpt6k67016572: no usable pages in manifest.,2026-07-17T15:01:51.842606
echoran,bpt6k6701658g,,failed,0,0,,no_usable_pages,known,,,bpt6k6701658g: no usable pages in manifest.,2026-07-17T15:01:52.320721
echoran,bpt6k6701659w,,failed,0,0,,no_usable_pages,known,,,bpt6k6701659w: no usable pages in manifest.,2026-07-17T15:01:52.750907
echoran,bpt6k6701660j,,failed,0,0,,no_usable_pages,known,,,bpt6k6701660j: no usable pages in manifest.,2026-07-17T15:01:53.322654
echoran,bpt6k6701661z,,failed,0,0,,no_usable_pages,known,,,bpt6k6701661z: no usable pages in manifest.,2026-07-17T15:01:54.157849
echoran,bpt6k6701662c,,failed,0,0,,no_usable_pages,known,,,bpt6k6701662c: no usable pages in manifest.,2026-07-17T15:01:54.605879
echoran,bpt6k6701663s,,failed,0,0,,no_usable_pages,known,,,bpt6k6701663s: no usable pages in manifest.,2026-07-17T15:01:55.324507
echoran,bpt6k67016661,,failed,0,0,,no_usable_pages,known,,,bpt6k67016661: no usable pages in manifest.,2026-07-17T15:01:55.785352
echoran,bpt6k6701667f,,failed,0,0,,no_usable_pages,known,,,bpt6k6701667f: no usable pages in manifest.,2026-07-17T15:01:56.448305
echoran,bpt6k6701668v,,failed,0,0,,no_usable_pages,known,,,bpt6k6701668v: no usable pages in manifest.,2026-07-17T15:01:56.792167
echoran,bpt6k67016698,,failed,0,0,,no_usable_pages,known,,,bpt6k67016698: no usable pages in manifest.,2026-07-17T15:01:56.985644
echoran,bpt6k6701670x,,failed,0,0,,no_usable_pages,known,,,bpt6k6701670x: no usable pages in manifest.,2026-07-17T15:01:57.737733
echoran,bpt6k6701671b,,failed,0,0,,no_usable_pages,known,,,bpt6k6701671b: no usable pages in manifest.,2026-07-17T15:01:58.185434
echoran,bpt6k6701672r,,failed,0,0,,no_usable_pages,known,,,bpt6k6701672r: no usable pages in manifest.,2026-07-17T15:01:58.673255
echoran,bpt6k67016735,,failed,0,0,,no_usable_pages,known,,,bpt6k67016735: no usable pages in manifest.,2026-07-17T15:01:59.290110
echoran,bpt6k6701674k,,failed,0,0,,no_usable_pages,known,,,bpt6k6701674k: no usable pages in manifest.,2026-07-17T15:01:59.841984
echoran,bpt6k67016750,,failed,0,0,,no_usable_pages,known,,,bpt6k67016750: no usable pages in manifest.,2026-07-17T15:02:00.405598
echoran,bpt6k6701676d,,failed,0,0,,no_usable_pages,known,,,bpt6k6701676d: no usable pages in manifest.,2026-07-17T15:02:00.803953
echoran,bpt6k6701677t,,failed,0,0,,no_usable_pages,known,,,bpt6k6701677t: no usable pages in manifest.,2026-07-17T15:02:02.088192
echoran,bpt6k6701679n,,failed,0,0,,no_usable_pages,known,,,bpt6k6701679n: no usable pages in manifest.,2026-07-17T15:02:02.660167
echoran,bpt6k67016809,,failed,0,0,,no_usable_pages,known,,,bpt6k67016809: no usable pages in manifest.,2026-07-17T15:02:03.821386
echoran,bpt6k6701681q,,failed,0,0,,no_usable_pages,known,,,bpt6k6701681q: no usable pages in manifest.,2026-07-17T15:02:04.249897
echoran,bpt6k67016824,,failed,0,0,,no_usable_pages,known,,,bpt6k67016824: no usable pages in manifest.,2026-07-17T15:02:04.535338
echoran,bpt6k6701683j,,failed,0,0,,no_usable_pages,known,,,bpt6k6701683j: no usable pages in manifest.,2026-07-17T15:02:04.902561
echoran,bpt6k6701684z,,failed,0,0,,no_usable_pages,known,,,bpt6k6701684z: no usable pages in manifest.,2026-07-17T15:02:05.668424
echoran,bpt6k6701685c,,failed,0,0,,no_usable_pages,known,,,bpt6k6701685c: no usable pages in manifest.,2026-07-17T15:02:06.062283
echoran,bpt6k6701686s,,failed,0,0,,no_usable_pages,known,,,bpt6k6701686s: no usable pages in manifest.,2026-07-17T15:02:06.766461
echoran,bpt6k67016876,,failed,0,0,,no_usable_pages,known,,,bpt6k67016876: no usable pages in manifest.,2026-07-17T15:02:07.141372
echoran,bpt6k6701688m,,failed,0,0,,no_usable_pages,known,,,bpt6k6701688m: no usable pages in manifest.,2026-07-17T15:02:07.739854
echoran,bpt6k67016891,,failed,0,0,,no_usable_pages,known,,,bpt6k67016891: no usable pages in manifest.,2026-07-17T15:02:08.349967
echoran,bpt6k6701690p,,failed,0,0,,no_usable_pages,known,,,bpt6k6701690p: no usable pages in manifest.,2026-07-17T15:02:08.729033
echoran,bpt6k67016913,,failed,0,0,,no_usable_pages,known,,,bpt6k67016913: no usable pages in manifest.,2026-07-17T15:02:09.497760
echoran,bpt6k6701692h,,failed,0,0,,no_usable_pages,known,,,bpt6k6701692h: no usable pages in manifest.,2026-07-17T15:02:10.030067
echoran,bpt6k6701693x,,failed,0,0,,no_usable_pages,known,,,bpt6k6701693x: no usable pages in manifest.,2026-07-17T15:02:10.673231
echoran,bpt6k6701694b,,failed,0,0,,no_usable_pages,known,,,bpt6k6701694b: no usable pages in manifest.,2026-07-17T15:02:11.306473
echoran,bpt6k6701695r,,failed,0,0,,no_usable_pages,known,,,bpt6k6701695r: no usable pages in manifest.,2026-07-17T15:02:11.695084
echoran,bpt6k6701697k,,failed,0,0,,no_usable_pages,known,,,bpt6k6701697k: no usable pages in manifest.,2026-07-17T15:02:12.238873
echoran,bpt6k67016980,,failed,0,0,,no_usable_pages,known,,,bpt6k67016980: no usable pages in manifest.,2026-07-17T15:02:12.427089
echoran,bpt6k6701699d,,failed,0,0,,no_usable_pages,known,,,bpt6k6701699d: no usable pages in manifest.,2026-07-17T15:02:13.060100
echoran,bpt6k6701700m,,failed,0,0,,no_usable_pages,known,,,bpt6k6701700m: no usable pages in manifest.,2026-07-17T15:02:13.576451
echoran,bpt6k67017011,,failed,0,0,,no_usable_pages,known,,,bpt6k67017011: no usable pages in manifest.,2026-07-17T15:02:14.079466
echoran,bpt6k6701702f,,failed,0,0,,no_usable_pages,known,,,bpt6k6701702f: no usable pages in manifest.,2026-07-17T15:02:14.612047
echoran,bpt6k6701703v,,failed,0,0,,no_usable_pages,known,,,bpt6k6701703v: no usable pages in manifest.,2026-07-17T15:02:15.011655
echoran,bpt6k67017048,,failed,0,0,,no_usable_pages,known,,,bpt6k67017048: no usable pages in manifest.,2026-07-17T15:02:15.812674
echoran,bpt6k6701705p,,failed,0,0,,no_usable_pages,known,,,bpt6k6701705p: no usable pages in manifest.,2026-07-17T15:02:16.161278
echoran,bpt6k67017063,,failed,0,0,,no_usable_pages,known,,,bpt6k67017063: no usable pages in manifest.,2026-07-17T15:02:16.851846
echoran,bpt6k6701707h,,failed,0,0,,no_usable_pages,known,,,bpt6k6701707h: no usable pages in manifest.,2026-07-17T15:02:17.406330
echoran,bpt6k6701708x,,failed,0,0,,no_usable_pages,known,,,bpt6k6701708x: no usable pages in manifest.,2026-07-17T15:02:17.987625
echoran,bpt6k6701709b,,failed,0,0,,no_usable_pages,known,,,bpt6k6701709b: no usable pages in manifest.,2026-07-17T15:02:18.287344
echoran,bpt6k6701711d,,failed,0,0,,no_usable_pages,known,,,bpt6k6701711d: no usable pages in manifest.,2026-07-17T15:02:19.467735
echoran,bpt6k6701712t,,failed,0,0,,no_usable_pages,known,,,bpt6k6701712t: no usable pages in manifest.,2026-07-17T15:02:20.192293
echoran,bpt6k67017137,,failed,0,0,,no_usable_pages,known,,,bpt6k67017137: no usable pages in manifest.,2026-07-17T15:02:20.993760
echoran,bpt6k6701714n,,failed,0,0,,no_usable_pages,known,,,bpt6k6701714n: no usable pages in manifest.,2026-07-17T15:02:21.580338
echoran,bpt6k67017152,,failed,0,0,,no_usable_pages,known,,,bpt6k67017152: no usable pages in manifest.,2026-07-17T15:02:22.628055
echoran,bpt6k6701716g,,failed,0,0,,no_usable_pages,known,,,bpt6k6701716g: no usable pages in manifest.,2026-07-17T15:02:23.129200
echoran,bpt6k6701717w,,failed,0,0,,no_usable_pages,known,,,bpt6k6701717w: no usable pages in manifest.,2026-07-17T15:02:23.509420
echoran,bpt6k6701719q,,failed,0,0,,no_usable_pages,known,,,bpt6k6701719q: no usable pages in manifest.,2026-07-17T15:02:23.931122
echoran,bpt6k6701720c,,failed,0,0,,no_usable_pages,known,,,bpt6k6701720c: no usable pages in manifest.,2026-07-17T15:02:24.424038
echoran,bpt6k6701721s,,failed,0,0,,no_usable_pages,known,,,bpt6k6701721s: no usable pages in manifest.,2026-07-17T15:02:25.265586
echoran,bpt6k67017226,,failed,0,0,,no_usable_pages,known,,,bpt6k67017226: no usable pages in manifest.,2026-07-17T15:02:26.075589
echoran,bpt6k6701723m,,failed,0,0,,no_usable_pages,known,,,bpt6k6701723m: no usable pages in manifest.,2026-07-17T15:02:26.728115
echoran,bpt6k67017241,,failed,0,0,,no_usable_pages,known,,,bpt6k67017241: no usable pages in manifest.,2026-07-17T15:02:27.796119
echoran,bpt6k6701725f,,failed,0,0,,no_usable_pages,known,,,bpt6k6701725f: no usable pages in manifest.,2026-07-17T15:02:28.526348
echoran,bpt6k6701726v,,failed,0,0,,no_usable_pages,known,,,bpt6k6701726v: no usable pages in manifest.,2026-07-17T15:02:29.709844
echoran,bpt6k67017278,,failed,0,0,,no_usable_pages,known,,,bpt6k67017278: no usable pages in manifest.,2026-07-17T15:02:30.598804
echoran,bpt6k6701728p,,failed,0,0,,no_usable_pages,known,,,bpt6k6701728p: no usable pages in manifest.,2026-07-17T15:02:30.996474
echoran,bpt6k67017293,,failed,0,0,,no_usable_pages,known,,,bpt6k67017293: no usable pages in manifest.,2026-07-17T15:02:31.494187
echoran,bpt6k6701730r,,failed,0,0,,no_usable_pages,known,,,bpt6k6701730r: no usable pages in manifest.,2026-07-17T15:02:32.231626
echoran,bpt6k67017315,,failed,0,0,,no_usable_pages,known,,,bpt6k67017315: no usable pages in manifest.,2026-07-17T15:02:32.948742
echoran,bpt6k67017330,,failed,0,0,,no_usable_pages,known,,,bpt6k67017330: no usable pages in manifest.,2026-07-17T15:02:33.735517
echoran,bpt6k6701734d,,failed,0,0,,no_usable_pages,known,,,bpt6k6701734d: no usable pages in manifest.,2026-07-17T15:02:34.133955
echoran,bpt6k6701735t,,failed,0,0,,no_usable_pages,known,,,bpt6k6701735t: no usable pages in manifest.,2026-07-17T15:02:34.678560
echoran,bpt6k67017367,,failed,0,0,,no_usable_pages,known,,,bpt6k67017367: no usable pages in manifest.,2026-07-17T15:02:35.295866
echoran,bpt6k6701737n,,failed,0,0,,no_usable_pages,known,,,bpt6k6701737n: no usable pages in manifest.,2026-07-17T15:02:35.913617
echoran,bpt6k67017382,,failed,0,0,,no_usable_pages,known,,,bpt6k67017382: no usable pages in manifest.,2026-07-17T15:02:36.189668
echoran,bpt6k6701739g,,failed,0,0,,no_usable_pages,known,,,bpt6k6701739g: no usable pages in manifest.,2026-07-17T15:02:37.010563
echoran,bpt6k67017404,,failed,0,0,,no_usable_pages,known,,,bpt6k67017404: no usable pages in manifest.,2026-07-17T15:02:37.338303
echoran,bpt6k6701741j,,failed,0,0,,no_usable_pages,known,,,bpt6k6701741j: no usable pages in manifest.,2026-07-17T15:02:37.727124
echoran,bpt6k6701742z,,failed,0,0,,no_usable_pages,known,,,bpt6k6701742z: no usable pages in manifest.,2026-07-17T15:02:38.737220
echoran,bpt6k6701743c,,failed,0,0,,no_usable_pages,known,,,bpt6k6701743c: no usable pages in manifest.,2026-07-17T15:02:39.449299
echoran,bpt6k6701744s,,failed,0,0,,no_usable_pages,known,,,bpt6k6701744s: no usable pages in manifest.,2026-07-17T15:02:39.812107
echoran,bpt6k67017456,,failed,0,0,,no_usable_pages,known,,,bpt6k67017456: no usable pages in manifest.,2026-07-17T15:02:40.293253
echoran,bpt6k67017471,,failed,0,0,,no_usable_pages,known,,,bpt6k67017471: no usable pages in manifest.,2026-07-17T15:02:41.094814
echoran,bpt6k6701748f,,failed,0,0,,no_usable_pages,known,,,bpt6k6701748f: no usable pages in manifest.,2026-07-17T15:02:41.856596
echoran,bpt6k6701749v,,failed,0,0,,no_usable_pages,known,,,bpt6k6701749v: no usable pages in manifest.,2026-07-17T15:02:42.700170
echoran,bpt6k6701750h,,failed,0,0,,no_usable_pages,known,,,bpt6k6701750h: no usable pages in manifest.,2026-07-17T15:02:42.937553
echoran,bpt6k6701751x,,failed,0,0,,no_usable_pages,known,,,bpt6k6701751x: no usable pages in manifest.,2026-07-17T15:02:43.327281
echoran,bpt6k6701783w,,failed,0,0,,no_usable_pages,known,,,bpt6k6701783w: no usable pages in manifest.,2026-07-17T15:02:43.693202
echoran,bpt6k67017545,,failed,0,0,,no_usable_pages,known,,,bpt6k67017545: no usable pages in manifest.,2026-07-17T15:02:44.493352
echoran,bpt6k6701780n,,failed,0,0,,no_usable_pages,known,,,bpt6k6701780n: no usable pages in manifest.,2026-07-17T15:02:45.019927
echoran,bpt6k6701755k,,failed,0,0,,no_usable_pages,known,,,bpt6k6701755k: no usable pages in manifest.,2026-07-17T15:02:45.738221
echoran,bpt6k67017560,,failed,0,0,,no_usable_pages,known,,,bpt6k67017560: no usable pages in manifest.,2026-07-17T15:02:46.072957
echoran,bpt6k6701757d,,failed,0,0,,no_usable_pages,known,,,bpt6k6701757d: no usable pages in manifest.,2026-07-17T15:02:46.803827
echoran,bpt6k6701758t,,failed,0,0,,no_usable_pages,known,,,bpt6k6701758t: no usable pages in manifest.,2026-07-17T15:02:47.204549
echoran,bpt6k67017597,,failed,0,0,,no_usable_pages,known,,,bpt6k67017597: no usable pages in manifest.,2026-07-17T15:02:47.585527
echoran,bpt6k6701760w,,failed,0,0,,no_usable_pages,known,,,bpt6k6701760w: no usable pages in manifest.,2026-07-17T15:02:48.186849
echoran,bpt6k67017619,,failed,0,0,,no_usable_pages,known,,,bpt6k67017619: no usable pages in manifest.,2026-07-17T15:02:48.568701
echoran,bpt6k6701762q,,failed,0,0,,no_usable_pages,known,,,bpt6k6701762q: no usable pages in manifest.,2026-07-17T15:02:48.860830
echoran,bpt6k6701732k,,failed,0,0,,no_usable_pages,known,,,bpt6k6701732k: no usable pages in manifest.,2026-07-17T15:02:49.565391
echoran,bpt6k67017634,,failed,0,0,,no_usable_pages,known,,,bpt6k67017634: no usable pages in manifest.,2026-07-17T15:02:49.880048
echoran,bpt6k6701764j,,failed,0,0,,no_usable_pages,known,,,bpt6k6701764j: no usable pages in manifest.,2026-07-17T15:02:50.377751
echoran,bpt6k6701765z,,failed,0,0,,no_usable_pages,known,,,bpt6k6701765z: no usable pages in manifest.,2026-07-17T15:02:51.014718
echoran,bpt6k6701766c,,failed,0,0,,no_usable_pages,known,,,bpt6k6701766c: no usable pages in manifest.,2026-07-17T15:02:51.527469
echoran,bpt6k67017686,,failed,0,0,,no_usable_pages,known,,,bpt6k67017686: no usable pages in manifest.,2026-07-17T15:02:51.991959
echoran,bpt6k6701769m,,failed,0,0,,no_usable_pages,known,,,bpt6k6701769m: no usable pages in manifest.,2026-07-17T15:02:52.655734
echoran,bpt6k67017708,,failed,0,0,,no_usable_pages,known,,,bpt6k67017708: no usable pages in manifest.,2026-07-17T15:02:53.080228
echoran,bpt6k6701771p,,failed,0,0,,no_usable_pages,known,,,bpt6k6701771p: no usable pages in manifest.,2026-07-17T15:02:53.595251
echoran,bpt6k67017723,,failed,0,0,,no_usable_pages,known,,,bpt6k67017723: no usable pages in manifest.,2026-07-17T15:02:53.793840
echoran,bpt6k6701773h,,failed,0,0,,no_usable_pages,known,,,bpt6k6701773h: no usable pages in manifest.,2026-07-17T15:02:54.203005
echoran,bpt6k6701774x,,failed,0,0,,no_usable_pages,known,,,bpt6k6701774x: no usable pages in manifest.,2026-07-17T15:02:54.507135
echoran,bpt6k6701775b,,failed,0,0,,no_usable_pages,known,,,bpt6k6701775b: no usable pages in manifest.,2026-07-17T15:02:54.751117
echoran,bpt6k6701776r,,failed,0,0,,no_usable_pages,known,,,bpt6k6701776r: no usable pages in manifest.,2026-07-17T15:02:55.285401
echoran,bpt6k6701746m,,failed,0,0,,no_usable_pages,known,,,bpt6k6701746m: no usable pages in manifest.,2026-07-17T15:02:56.093339
echoran,bpt6k67017775,,failed,0,0,,no_usable_pages,known,,,bpt6k67017775: no usable pages in manifest.,2026-07-17T15:02:56.644907
echoran,bpt6k6701778k,,failed,0,0,,no_usable_pages,known,,,bpt6k6701778k: no usable pages in manifest.,2026-07-17T15:02:57.310087
echoran,bpt6k67017790,,failed,0,0,,no_usable_pages,known,,,bpt6k67017790: no usable pages in manifest.,2026-07-17T15:02:57.902874
echoran,bpt6k67017812,,failed,0,0,,no_usable_pages,known,,,bpt6k67017812: no usable pages in manifest.,2026-07-17T15:02:58.705559
echoran,bpt6k6701752b,,failed,0,0,,no_usable_pages,known,,,bpt6k6701752b: no usable pages in manifest.,2026-07-17T15:02:58.963401
echoran,bpt6k6701782g,,failed,0,0,,no_usable_pages,known,,,bpt6k6701782g: no usable pages in manifest.,2026-07-17T15:02:59.275189
echoran,bpt6k6701753r,,failed,0,0,,no_usable_pages,known,,,bpt6k6701753r: no usable pages in manifest.,2026-07-17T15:02:59.750135
echoran,bpt6k67017849,,failed,0,0,,no_usable_pages,known,,,bpt6k67017849: no usable pages in manifest.,2026-07-17T15:03:00.049814
echoran,bpt6k6701785q,,failed,0,0,,no_usable_pages,known,,,bpt6k6701785q: no usable pages in manifest.,2026-07-17T15:03:00.299572
echoran,bpt6k6701787j,,failed,0,0,,no_usable_pages,known,,,bpt6k6701787j: no usable pages in manifest.,2026-07-17T15:03:00.658668
echoran,bpt6k6701788z,,failed,0,0,,no_usable_pages,known,,,bpt6k6701788z: no usable pages in manifest.,2026-07-17T15:03:01.322600
echoran,bpt6k6701789c,,failed,0,0,,no_usable_pages,known,,,bpt6k6701789c: no usable pages in manifest.,2026-07-17T15:03:01.736846
echoran,bpt6k67017901,,failed,0,0,,no_usable_pages,known,,,bpt6k67017901: no usable pages in manifest.,2026-07-17T15:03:02.329073
echoran,bpt6k6701791f,,failed,0,0,,no_usable_pages,known,,,bpt6k6701791f: no usable pages in manifest.,2026-07-17T15:03:02.613711
echoran,bpt6k6701792v,,failed,0,0,,no_usable_pages,known,,,bpt6k6701792v: no usable pages in manifest.,2026-07-17T15:03:02.869662
echoran,bpt6k67017938,,failed,0,0,,no_usable_pages,known,,,bpt6k67017938: no usable pages in manifest.,2026-07-17T15:03:03.427994
echoran,bpt6k6701794p,,failed,0,0,,no_usable_pages,known,,,bpt6k6701794p: no usable pages in manifest.,2026-07-17T15:03:03.781407
echoran,bpt6k67017953,,failed,0,0,,no_usable_pages,known,,,bpt6k67017953: no usable pages in manifest.,2026-07-17T15:03:04.074655
echoran,bpt6k6701796h,,failed,0,0,,no_usable_pages,known,,,bpt6k6701796h: no usable pages in manifest.,2026-07-17T15:03:04.719338
echoran,bpt6k6701797x,,failed,0,0,,no_usable_pages,known,,,bpt6k6701797x: no usable pages in manifest.,2026-07-17T15:03:05.169728
echoran,bpt6k6701798b,,failed,0,0,,no_usable_pages,known,,,bpt6k6701798b: no usable pages in manifest.,2026-07-17T15:03:05.702554
echoran,bpt6k6701799r,,failed,0,0,,no_usable_pages,known,,,bpt6k6701799r: no usable pages in manifest.,2026-07-17T15:03:06.066629
echoran,bpt6k6701800z,,failed,0,0,,no_usable_pages,known,,,bpt6k6701800z: no usable pages in manifest.,2026-07-17T15:03:06.365888
echoran,bpt6k6701801c,,failed,0,0,,no_usable_pages,known,,,bpt6k6701801c: no usable pages in manifest.,2026-07-17T15:03:06.730382
echoran,bpt6k6701802s,,failed,0,0,,no_usable_pages,known,,,bpt6k6701802s: no usable pages in manifest.,2026-07-17T15:03:06.955956
echoran,bpt6k67018036,,failed,0,0,,no_usable_pages,known,,,bpt6k67018036: no usable pages in manifest.,2026-07-17T15:03:07.183934
echoran,bpt6k6701804m,,failed,0,0,,no_usable_pages,known,,,bpt6k6701804m: no usable pages in manifest.,2026-07-17T15:03:07.394815
echoran,bpt6k67018051,,failed,0,0,,no_usable_pages,known,,,bpt6k67018051: no usable pages in manifest.,2026-07-17T15:03:07.773739
echoran,bpt6k6701806f,,failed,0,0,,no_usable_pages,known,,,bpt6k6701806f: no usable pages in manifest.,2026-07-17T15:03:08.351070
echoran,bpt6k6701807v,,failed,0,0,,no_usable_pages,known,,,bpt6k6701807v: no usable pages in manifest.,2026-07-17T15:03:08.654988
echoran,bpt6k67018088,,failed,0,0,,no_usable_pages,known,,,bpt6k67018088: no usable pages in manifest.,2026-07-17T15:03:09.017470
echoran,bpt6k6701809p,,failed,0,0,,no_usable_pages,known,,,bpt6k6701809p: no usable pages in manifest.,2026-07-17T15:03:09.689198
echoran,bpt6k6701810b,,failed,0,0,,no_usable_pages,known,,,bpt6k6701810b: no usable pages in manifest.,2026-07-17T15:03:10.082372
echoran,bpt6k6701811r,,failed,0,0,,no_usable_pages,known,,,bpt6k6701811r: no usable pages in manifest.,2026-07-17T15:03:10.770501
echoran,bpt6k67018125,,failed,0,0,,no_usable_pages,known,,,bpt6k67018125: no usable pages in manifest.,2026-07-17T15:03:11.067989
echoran,bpt6k6701813k,,failed,0,0,,no_usable_pages,known,,,bpt6k6701813k: no usable pages in manifest.,2026-07-17T15:03:11.306676
echoran,bpt6k67018140,,failed,0,0,,no_usable_pages,known,,,bpt6k67018140: no usable pages in manifest.,2026-07-17T15:03:11.914754
echoran,bpt6k6701836k,,failed,0,0,,no_usable_pages,known,,,bpt6k6701836k: no usable pages in manifest.,2026-07-17T15:03:12.277718
echoran,bpt6k6701816t,,failed,0,0,,no_usable_pages,known,,,bpt6k6701816t: no usable pages in manifest.,2026-07-17T15:03:13.032605
echoran,bpt6k6701818n,,failed,0,0,,no_usable_pages,known,,,bpt6k6701818n: no usable pages in manifest.,2026-07-17T15:03:13.610944
echoran,bpt6k67018192,,failed,0,0,,no_usable_pages,known,,,bpt6k67018192: no usable pages in manifest.,2026-07-17T15:03:14.227466
echoran,bpt6k6701820q,,failed,0,0,,no_usable_pages,known,,,bpt6k6701820q: no usable pages in manifest.,2026-07-17T15:03:14.496527
echoran,bpt6k67018214,,failed,0,0,,no_usable_pages,known,,,bpt6k67018214: no usable pages in manifest.,2026-07-17T15:03:14.817110
echoran,bpt6k6701822j,,failed,0,0,,no_usable_pages,known,,,bpt6k6701822j: no usable pages in manifest.,2026-07-17T15:03:15.593961
echoran,bpt6k6701823z,,failed,0,0,,no_usable_pages,known,,,bpt6k6701823z: no usable pages in manifest.,2026-07-17T15:03:15.857084
echoran,bpt6k6701824c,,failed,0,0,,no_usable_pages,known,,,bpt6k6701824c: no usable pages in manifest.,2026-07-17T15:03:16.301222
echoran,bpt6k6701825s,,failed,0,0,,no_usable_pages,known,,,bpt6k6701825s: no usable pages in manifest.,2026-07-17T15:03:16.976573
echoran,bpt6k67018266,,failed,0,0,,no_usable_pages,known,,,bpt6k67018266: no usable pages in manifest.,2026-07-17T15:03:17.281613
echoran,bpt6k6701827m,,failed,0,0,,no_usable_pages,known,,,bpt6k6701827m: no usable pages in manifest.,2026-07-17T15:03:17.879318
echoran,bpt6k67018281,,failed,0,0,,no_usable_pages,known,,,bpt6k67018281: no usable pages in manifest.,2026-07-17T15:03:18.282803
echoran,bpt6k6701829f,,failed,0,0,,no_usable_pages,known,,,bpt6k6701829f: no usable pages in manifest.,2026-07-17T15:03:18.823387
echoran,bpt6k67018303,,failed,0,0,,no_usable_pages,known,,,bpt6k67018303: no usable pages in manifest.,2026-07-17T15:03:20.430599
echoran,bpt6k6701831h,,failed,0,0,,no_usable_pages,known,,,bpt6k6701831h: no usable pages in manifest.,2026-07-17T15:03:20.883431
echoran,bpt6k6701832x,,failed,0,0,,no_usable_pages,known,,,bpt6k6701832x: no usable pages in manifest.,2026-07-17T15:03:21.260011
echoran,bpt6k6701834r,,failed,0,0,,no_usable_pages,known,,,bpt6k6701834r: no usable pages in manifest.,2026-07-17T15:03:21.889470
echoran,bpt6k67018355,,failed,0,0,,no_usable_pages,known,,,bpt6k67018355: no usable pages in manifest.,2026-07-17T15:03:22.229665
echoran,bpt6k67018370,,failed,0,0,,no_usable_pages,known,,,bpt6k67018370: no usable pages in manifest.,2026-07-17T15:03:22.898226
echoran,bpt6k6701838d,,failed,0,0,,no_usable_pages,known,,,bpt6k6701838d: no usable pages in manifest.,2026-07-17T15:03:23.145047
echoran,bpt6k6701839t,,failed,0,0,,no_usable_pages,known,,,bpt6k6701839t: no usable pages in manifest.,2026-07-17T15:03:23.435254
echoran,bpt6k6701840g,,failed,0,0,,no_usable_pages,known,,,bpt6k6701840g: no usable pages in manifest.,2026-07-17T15:03:24.026300
echoran,bpt6k6701841w,,failed,0,0,,no_usable_pages,known,,,bpt6k6701841w: no usable pages in manifest.,2026-07-17T15:03:24.439354
echoran,bpt6k67018429,,failed,0,0,,no_usable_pages,known,,,bpt6k67018429: no usable pages in manifest.,2026-07-17T15:03:24.835006
echoran,bpt6k6701873v,,failed,0,0,,no_usable_pages,known,,,bpt6k6701873v: no usable pages in manifest.,2026-07-17T15:03:25.408700
echoran,bpt6k67018444,,failed,0,0,,no_usable_pages,known,,,bpt6k67018444: no usable pages in manifest.,2026-07-17T15:03:25.586584
echoran,bpt6k6701845j,,failed,0,0,,no_usable_pages,known,,,bpt6k6701845j: no usable pages in manifest.,2026-07-17T15:03:25.990466
echoran,bpt6k6701848s,,failed,0,0,,no_usable_pages,known,,,bpt6k6701848s: no usable pages in manifest.,2026-07-17T15:03:26.787306
echoran,bpt6k67018496,,failed,0,0,,no_usable_pages,known,,,bpt6k67018496: no usable pages in manifest.,2026-07-17T15:03:26.992572
echoran,bpt6k6701850v,,failed,0,0,,no_usable_pages,known,,,bpt6k6701850v: no usable pages in manifest.,2026-07-17T15:03:27.698089
echoran,bpt6k67018518,,failed,0,0,,no_usable_pages,known,,,bpt6k67018518: no usable pages in manifest.,2026-07-17T15:03:29.848259
echoran,bpt6k6701852p,,failed,0,0,,no_usable_pages,known,,,bpt6k6701852p: no usable pages in manifest.,2026-07-17T15:03:30.855357
echoran,bpt6k67018533,,failed,0,0,,no_usable_pages,known,,,bpt6k67018533: no usable pages in manifest.,2026-07-17T15:03:31.786480
echoran,bpt6k6701854h,,failed,0,0,,no_usable_pages,known,,,bpt6k6701854h: no usable pages in manifest.,2026-07-17T15:03:31.923344
echoran,bpt6k6701855x,,failed,0,0,,no_usable_pages,known,,,bpt6k6701855x: no usable pages in manifest.,2026-07-17T15:03:33.229904
echoran,bpt6k6701856b,,failed,0,0,,no_usable_pages,known,,,bpt6k6701856b: no usable pages in manifest.,2026-07-17T15:03:33.711708
echoran,bpt6k6701857r,,failed,0,0,,no_usable_pages,known,,,bpt6k6701857r: no usable pages in manifest.,2026-07-17T15:03:34.337990
echoran,bpt6k67018585,,failed,0,0,,no_usable_pages,known,,,bpt6k67018585: no usable pages in manifest.,2026-07-17T15:03:34.988333
echoran,bpt6k6701859k,,failed,0,0,,no_usable_pages,known,,,bpt6k6701859k: no usable pages in manifest.,2026-07-17T15:03:35.367407
echoran,bpt6k67018607,,failed,0,0,,no_usable_pages,known,,,bpt6k67018607: no usable pages in manifest.,2026-07-17T15:03:35.725629
echoran,bpt6k6701861n,,failed,0,0,,no_usable_pages,known,,,bpt6k6701861n: no usable pages in manifest.,2026-07-17T15:03:36.559279
echoran,bpt6k67018622,,failed,0,0,,no_usable_pages,known,,,bpt6k67018622: no usable pages in manifest.,2026-07-17T15:03:36.886007
echoran,bpt6k6701863g,,failed,0,0,,no_usable_pages,known,,,bpt6k6701863g: no usable pages in manifest.,2026-07-17T15:03:37.705499
echoran,bpt6k6701864w,,failed,0,0,,no_usable_pages,known,,,bpt6k6701864w: no usable pages in manifest.,2026-07-17T15:03:38.044942
echoran,bpt6k67018659,,failed,0,0,,no_usable_pages,known,,,bpt6k67018659: no usable pages in manifest.,2026-07-17T15:03:38.731297
echoran,bpt6k6701866q,,failed,0,0,,no_usable_pages,known,,,bpt6k6701866q: no usable pages in manifest.,2026-07-17T15:03:39.022897
echoran,bpt6k67018674,,failed,0,0,,no_usable_pages,known,,,bpt6k67018674: no usable pages in manifest.,2026-07-17T15:03:39.337373
echoran,bpt6k6701868j,,failed,0,0,,no_usable_pages,known,,,bpt6k6701868j: no usable pages in manifest.,2026-07-17T15:03:40.173283
echoran,bpt6k6701869z,,failed,0,0,,no_usable_pages,known,,,bpt6k6701869z: no usable pages in manifest.,2026-07-17T15:03:40.537231
echoran,bpt6k6701870m,,failed,0,0,,no_usable_pages,known,,,bpt6k6701870m: no usable pages in manifest.,2026-07-17T15:03:40.757670
echoran,bpt6k67018711,,failed,0,0,,no_usable_pages,known,,,bpt6k67018711: no usable pages in manifest.,2026-07-17T15:03:41.395807
echoran,bpt6k6701872f,,failed,0,0,,no_usable_pages,known,,,bpt6k6701872f: no usable pages in manifest.,2026-07-17T15:03:41.885767
echoran,bpt6k67018748,,failed,0,0,,no_usable_pages,known,,,bpt6k67018748: no usable pages in manifest.,2026-07-17T15:03:42.521352
echoran,bpt6k6701875p,,failed,0,0,,no_usable_pages,known,,,bpt6k6701875p: no usable pages in manifest.,2026-07-17T15:03:42.852571
echoran,bpt6k67018763,,failed,0,0,,no_usable_pages,known,,,bpt6k67018763: no usable pages in manifest.,2026-07-17T15:03:43.136543
echoran,bpt6k6701877h,,failed,0,0,,no_usable_pages,known,,,bpt6k6701877h: no usable pages in manifest.,2026-07-17T15:03:43.684872
echoran,bpt6k6701879b,,failed,0,0,,no_usable_pages,known,,,bpt6k6701879b: no usable pages in manifest.,2026-07-17T15:03:43.990339
echoran,bpt6k67018800,,failed,0,0,,no_usable_pages,known,,,bpt6k67018800: no usable pages in manifest.,2026-07-17T15:03:44.241306
echoran,bpt6k6701881d,,failed,0,0,,no_usable_pages,known,,,bpt6k6701881d: no usable pages in manifest.,2026-07-17T15:03:44.832243
echoran,bpt6k6701882t,,failed,0,0,,no_usable_pages,known,,,bpt6k6701882t: no usable pages in manifest.,2026-07-17T15:03:45.201534
echoran,bpt6k67018837,,failed,0,0,,no_usable_pages,known,,,bpt6k67018837: no usable pages in manifest.,2026-07-17T15:03:45.460508
echoran,bpt6k67018852,,failed,0,0,,no_usable_pages,known,,,bpt6k67018852: no usable pages in manifest.,2026-07-17T15:03:45.757106
echoran,bpt6k6701886g,,failed,0,0,,no_usable_pages,known,,,bpt6k6701886g: no usable pages in manifest.,2026-07-17T15:03:46.522323
echoran,bpt6k6701887w,,failed,0,0,,no_usable_pages,known,,,bpt6k6701887w: no usable pages in manifest.,2026-07-17T15:03:47.234842
echoran,bpt6k67018889,,failed,0,0,,no_usable_pages,known,,,bpt6k67018889: no usable pages in manifest.,2026-07-17T15:03:47.694705
echoran,bpt6k6701889q,,failed,0,0,,no_usable_pages,known,,,bpt6k6701889q: no usable pages in manifest.,2026-07-17T15:03:48.335243
echoran,bpt6k6701890c,,failed,0,0,,no_usable_pages,known,,,bpt6k6701890c: no usable pages in manifest.,2026-07-17T15:03:48.492619
echoran,bpt6k6701891s,,failed,0,0,,no_usable_pages,known,,,bpt6k6701891s: no usable pages in manifest.,2026-07-17T15:03:48.911517
echoran,bpt6k67018926,,failed,0,0,,no_usable_pages,known,,,bpt6k67018926: no usable pages in manifest.,2026-07-17T15:03:49.435113
echoran,bpt6k6701893m,,failed,0,0,,no_usable_pages,known,,,bpt6k6701893m: no usable pages in manifest.,2026-07-17T15:03:49.956152
echoran,bpt6k6701895f,,failed,0,0,,no_usable_pages,known,,,bpt6k6701895f: no usable pages in manifest.,2026-07-17T15:03:51.031335
echoran,bpt6k6701896v,,failed,0,0,,no_usable_pages,known,,,bpt6k6701896v: no usable pages in manifest.,2026-07-17T15:03:51.754908
echoran,bpt6k67018978,,failed,0,0,,no_usable_pages,known,,,bpt6k67018978: no usable pages in manifest.,2026-07-17T15:03:52.165286
echoran,bpt6k6701898p,,failed,0,0,,no_usable_pages,known,,,bpt6k6701898p: no usable pages in manifest.,2026-07-17T15:03:52.905289
echoran,bpt6k67018993,,failed,0,0,,no_usable_pages,known,,,bpt6k67018993: no usable pages in manifest.,2026-07-17T15:03:53.184686
echoran,bpt6k67019009,,failed,0,0,,no_usable_pages,known,,,bpt6k67019009: no usable pages in manifest.,2026-07-17T15:03:53.513622
echoran,bpt6k6701901q,,failed,0,0,,no_usable_pages,known,,,bpt6k6701901q: no usable pages in manifest.,2026-07-17T15:03:53.935718
echoran,bpt6k67019024,,failed,0,0,,no_usable_pages,known,,,bpt6k67019024: no usable pages in manifest.,2026-07-17T15:03:54.360836
echoran,bpt6k6701903j,,failed,0,0,,no_usable_pages,known,,,bpt6k6701903j: no usable pages in manifest.,2026-07-17T15:03:54.583270
echoran,bpt6k6701904z,,failed,0,0,,no_usable_pages,known,,,bpt6k6701904z: no usable pages in manifest.,2026-07-17T15:03:55.263428
echoran,bpt6k6701905c,,failed,0,0,,no_usable_pages,known,,,bpt6k6701905c: no usable pages in manifest.,2026-07-17T15:03:55.610288
echoran,bpt6k6701906s,,failed,0,0,,no_usable_pages,known,,,bpt6k6701906s: no usable pages in manifest.,2026-07-17T15:03:55.995063
echoran,bpt6k67019076,,failed,0,0,,no_usable_pages,known,,,bpt6k67019076: no usable pages in manifest.,2026-07-17T15:03:56.484450
echoran,bpt6k6701908m,,failed,0,0,,no_usable_pages,known,,,bpt6k6701908m: no usable pages in manifest.,2026-07-17T15:03:57.057388
echoran,bpt6k67019091,,failed,0,0,,no_usable_pages,known,,,bpt6k67019091: no usable pages in manifest.,2026-07-17T15:03:57.670731
echoran,bpt6k6701910p,,failed,0,0,,no_usable_pages,known,,,bpt6k6701910p: no usable pages in manifest.,2026-07-17T15:03:58.276752
echoran,bpt6k67019113,,failed,0,0,,no_usable_pages,known,,,bpt6k67019113: no usable pages in manifest.,2026-07-17T15:03:58.927514
echoran,bpt6k6701912h,,failed,0,0,,no_usable_pages,known,,,bpt6k6701912h: no usable pages in manifest.,2026-07-17T15:03:59.291371
echoran,bpt6k6701913x,,failed,0,0,,no_usable_pages,known,,,bpt6k6701913x: no usable pages in manifest.,2026-07-17T15:03:59.764357
echoran,bpt6k6701914b,,failed,0,0,,no_usable_pages,known,,,bpt6k6701914b: no usable pages in manifest.,2026-07-17T15:04:00.174570
echoran,bpt6k6701915r,,failed,0,0,,no_usable_pages,known,,,bpt6k6701915r: no usable pages in manifest.,2026-07-17T15:04:00.498009
echoran,bpt6k67019165,,failed,0,0,,no_usable_pages,known,,,bpt6k67019165: no usable pages in manifest.,2026-07-17T15:04:00.880107
echoran,bpt6k6701917k,,failed,0,0,,no_usable_pages,known,,,bpt6k6701917k: no usable pages in manifest.,2026-07-17T15:04:01.307287
echoran,bpt6k67019180,,failed,0,0,,no_usable_pages,known,,,bpt6k67019180: no usable pages in manifest.,2026-07-17T15:04:01.702696
echoran,bpt6k6701919d,,failed,0,0,,no_usable_pages,known,,,bpt6k6701919d: no usable pages in manifest.,2026-07-17T15:04:02.818104
echoran,bpt6k67019202,,failed,0,0,,no_usable_pages,known,,,bpt6k67019202: no usable pages in manifest.,2026-07-17T15:04:03.563861
echoran,bpt6k6701921g,,failed,0,0,,no_usable_pages,known,,,bpt6k6701921g: no usable pages in manifest.,2026-07-17T15:04:03.836175
echoran,bpt6k6701922w,,failed,0,0,,no_usable_pages,known,,,bpt6k6701922w: no usable pages in manifest.,2026-07-17T15:04:04.485433
echoran,bpt6k67019239,,failed,0,0,,no_usable_pages,known,,,bpt6k67019239: no usable pages in manifest.,2026-07-17T15:04:04.892305
echoran,bpt6k6701924q,,failed,0,0,,no_usable_pages,known,,,bpt6k6701924q: no usable pages in manifest.,2026-07-17T15:04:05.302833
echoran,bpt6k67019254,,failed,0,0,,no_usable_pages,known,,,bpt6k67019254: no usable pages in manifest.,2026-07-17T15:04:06.477058
echoran,bpt6k6701926j,,failed,0,0,,no_usable_pages,known,,,bpt6k6701926j: no usable pages in manifest.,2026-07-17T15:04:06.862681
echoran,bpt6k6701927z,,failed,0,0,,no_usable_pages,known,,,bpt6k6701927z: no usable pages in manifest.,2026-07-17T15:04:07.438931
echoran,bpt6k6701928c,,failed,0,0,,no_usable_pages,known,,,bpt6k6701928c: no usable pages in manifest.,2026-07-17T15:04:07.683887
echoran,bpt6k6701929s,,failed,0,0,,no_usable_pages,known,,,bpt6k6701929s: no usable pages in manifest.,2026-07-17T15:04:07.914670
echoran,bpt6k6701931v,,failed,0,0,,no_usable_pages,known,,,bpt6k6701931v: no usable pages in manifest.,2026-07-17T15:04:08.360035
echoran,bpt6k67019328,,failed,0,0,,no_usable_pages,known,,,bpt6k67019328: no usable pages in manifest.,2026-07-17T15:04:08.718696
echoran,bpt6k6701933p,,failed,0,0,,no_usable_pages,known,,,bpt6k6701933p: no usable pages in manifest.,2026-07-17T15:04:08.968019
echoran,bpt6k67019343,,failed,0,0,,no_usable_pages,known,,,bpt6k67019343: no usable pages in manifest.,2026-07-17T15:04:09.450031
echoran,bpt6k6701935h,,failed,0,0,,no_usable_pages,known,,,bpt6k6701935h: no usable pages in manifest.,2026-07-17T15:04:09.963004
echoran,bpt6k6701936x,,failed,0,0,,no_usable_pages,known,,,bpt6k6701936x: no usable pages in manifest.,2026-07-17T15:04:10.330150
echoran,bpt6k6701937b,,failed,0,0,,no_usable_pages,known,,,bpt6k6701937b: no usable pages in manifest.,2026-07-17T15:04:10.805479
echoran,bpt6k6701938r,,failed,0,0,,no_usable_pages,known,,,bpt6k6701938r: no usable pages in manifest.,2026-07-17T15:04:11.020559
echoran,bpt6k67019395,,failed,0,0,,no_usable_pages,known,,,bpt6k67019395: no usable pages in manifest.,2026-07-17T15:04:11.515760
echoran,bpt6k6701940t,,failed,0,0,,no_usable_pages,known,,,bpt6k6701940t: no usable pages in manifest.,2026-07-17T15:04:12.070372
echoran,bpt6k67019417,,failed,0,0,,no_usable_pages,known,,,bpt6k67019417: no usable pages in manifest.,2026-07-17T15:04:12.482441
echoran,bpt6k6701942n,,failed,0,0,,no_usable_pages,known,,,bpt6k6701942n: no usable pages in manifest.,2026-07-17T15:04:12.977729
echoran,bpt6k6701944g,,failed,0,0,,no_usable_pages,known,,,bpt6k6701944g: no usable pages in manifest.,2026-07-17T15:04:13.529630
echoran,bpt6k6701945w,,failed,0,0,,no_usable_pages,known,,,bpt6k6701945w: no usable pages in manifest.,2026-07-17T15:04:13.884085
echoran,bpt6k67019469,,failed,0,0,,no_usable_pages,known,,,bpt6k67019469: no usable pages in manifest.,2026-07-17T15:04:14.313647
echoran,bpt6k6701947q,,failed,0,0,,no_usable_pages,known,,,bpt6k6701947q: no usable pages in manifest.,2026-07-17T15:04:14.807145
echoran,bpt6k67019484,,failed,0,0,,no_usable_pages,known,,,bpt6k67019484: no usable pages in manifest.,2026-07-17T15:04:15.189594
echoran,bpt6k6701949j,,failed,0,0,,no_usable_pages,known,,,bpt6k6701949j: no usable pages in manifest.,2026-07-17T15:04:15.493431
echoran,bpt6k67019506,,failed,0,0,,no_usable_pages,known,,,bpt6k67019506: no usable pages in manifest.,2026-07-17T15:04:15.954230
echoran,bpt6k67019521,,failed,0,0,,no_usable_pages,known,,,bpt6k67019521: no usable pages in manifest.,2026-07-17T15:04:16.322154
echoran,bpt6k6701953f,,failed,0,0,,no_usable_pages,known,,,bpt6k6701953f: no usable pages in manifest.,2026-07-17T15:04:16.627751
echoran,bpt6k6701954v,,failed,0,0,,no_usable_pages,known,,,bpt6k6701954v: no usable pages in manifest.,2026-07-17T15:04:16.953635
echoran,bpt6k67019558,,failed,0,0,,no_usable_pages,known,,,bpt6k67019558: no usable pages in manifest.,2026-07-17T15:04:17.309138
echoran,bpt6k6701956p,,failed,0,0,,no_usable_pages,known,,,bpt6k6701956p: no usable pages in manifest.,2026-07-17T15:04:17.637282
echoran,bpt6k67019573,,failed,0,0,,no_usable_pages,known,,,bpt6k67019573: no usable pages in manifest.,2026-07-17T15:04:18.033499
echoran,bpt6k6701958h,,failed,0,0,,no_usable_pages,known,,,bpt6k6701958h: no usable pages in manifest.,2026-07-17T15:04:18.734072
echoran,bpt6k6701959x,,failed,0,0,,no_usable_pages,known,,,bpt6k6701959x: no usable pages in manifest.,2026-07-17T15:04:19.120033
echoran,bpt6k6701960k,,failed,0,0,,no_usable_pages,known,,,bpt6k6701960k: no usable pages in manifest.,2026-07-17T15:04:19.572423
echoran,bpt6k67019610,,failed,0,0,,no_usable_pages,known,,,bpt6k67019610: no usable pages in manifest.,2026-07-17T15:04:20.044670
echoran,bpt6k6701962d,,failed,0,0,,no_usable_pages,known,,,bpt6k6701962d: no usable pages in manifest.,2026-07-17T15:04:20.366745
echoran,bpt6k6701963t,,failed,0,0,,no_usable_pages,known,,,bpt6k6701963t: no usable pages in manifest.,2026-07-17T15:04:20.529193
echoran,bpt6k67019647,,failed,0,0,,no_usable_pages,known,,,bpt6k67019647: no usable pages in manifest.,2026-07-17T15:04:20.934502
echoran,bpt6k6701965n,,failed,0,0,,no_usable_pages,known,,,bpt6k6701965n: no usable pages in manifest.,2026-07-17T15:04:21.721993
echoran,bpt6k67019662,,failed,0,0,,no_usable_pages,known,,,bpt6k67019662: no usable pages in manifest.,2026-07-17T15:04:22.103364
echoran,bpt6k6701967g,,failed,0,0,,no_usable_pages,known,,,bpt6k6701967g: no usable pages in manifest.,2026-07-17T15:04:22.543169
echoran,bpt6k6701968w,,failed,0,0,,no_usable_pages,known,,,bpt6k6701968w: no usable pages in manifest.,2026-07-17T15:04:23.029255
echoran,bpt6k67019699,,failed,0,0,,no_usable_pages,known,,,bpt6k67019699: no usable pages in manifest.,2026-07-17T15:04:23.333582
echoran,bpt6k6701970z,,failed,0,0,,no_usable_pages,known,,,bpt6k6701970z: no usable pages in manifest.,2026-07-17T15:04:23.708016
echoran,bpt6k6701971c,,failed,0,0,,no_usable_pages,known,,,bpt6k6701971c: no usable pages in manifest.,2026-07-17T15:04:24.257802
echoran,bpt6k6702003r,,failed,0,0,,no_usable_pages,known,,,bpt6k6702003r: no usable pages in manifest.,2026-07-17T15:04:24.771637
echoran,bpt6k6701972s,,failed,0,0,,no_usable_pages,known,,,bpt6k6701972s: no usable pages in manifest.,2026-07-17T15:04:25.318244
echoran,bpt6k67019736,,failed,0,0,,no_usable_pages,known,,,bpt6k67019736: no usable pages in manifest.,2026-07-17T15:04:25.653916
echoran,bpt6k6701974m,,failed,0,0,,no_usable_pages,known,,,bpt6k6701974m: no usable pages in manifest.,2026-07-17T15:04:26.182632
echoran,bpt6k67019751,,failed,0,0,,no_usable_pages,known,,,bpt6k67019751: no usable pages in manifest.,2026-07-17T15:04:26.976968
echoran,bpt6k6701976f,,failed,0,0,,no_usable_pages,known,,,bpt6k6701976f: no usable pages in manifest.,2026-07-17T15:04:27.367953
echoran,bpt6k6701977v,,failed,0,0,,no_usable_pages,known,,,bpt6k6701977v: no usable pages in manifest.,2026-07-17T15:04:27.940719
echoran,bpt6k67019788,,failed,0,0,,no_usable_pages,known,,,bpt6k67019788: no usable pages in manifest.,2026-07-17T15:04:28.484514
echoran,bpt6k6701979p,,failed,0,0,,no_usable_pages,known,,,bpt6k6701979p: no usable pages in manifest.,2026-07-17T15:04:29.293519
echoran,bpt6k6701980b,,failed,0,0,,no_usable_pages,known,,,bpt6k6701980b: no usable pages in manifest.,2026-07-17T15:04:30.121545
echoran,bpt6k6701981r,,failed,0,0,,no_usable_pages,known,,,bpt6k6701981r: no usable pages in manifest.,2026-07-17T15:04:30.549159
echoran,bpt6k67019825,,failed,0,0,,no_usable_pages,known,,,bpt6k67019825: no usable pages in manifest.,2026-07-17T15:04:31.066560
echoran,bpt6k6701983k,,failed,0,0,,no_usable_pages,known,,,bpt6k6701983k: no usable pages in manifest.,2026-07-17T15:04:31.557980
echoran,bpt6k67019840,,failed,0,0,,no_usable_pages,known,,,bpt6k67019840: no usable pages in manifest.,2026-07-17T15:04:31.979464
echoran,bpt6k6701985d,,failed,0,0,,no_usable_pages,known,,,bpt6k6701985d: no usable pages in manifest.,2026-07-17T15:04:32.354186
echoran,bpt6k6701986t,,failed,0,0,,no_usable_pages,known,,,bpt6k6701986t: no usable pages in manifest.,2026-07-17T15:04:32.801427
echoran,bpt6k67019877,,failed,0,0,,no_usable_pages,known,,,bpt6k67019877: no usable pages in manifest.,2026-07-17T15:04:33.192636
echoran,bpt6k6701988n,,failed,0,0,,no_usable_pages,known,,,bpt6k6701988n: no usable pages in manifest.,2026-07-17T15:04:33.564621
echoran,bpt6k67019892,,failed,0,0,,no_usable_pages,known,,,bpt6k67019892: no usable pages in manifest.,2026-07-17T15:04:34.304534
echoran,bpt6k6701990q,,failed,0,0,,no_usable_pages,known,,,bpt6k6701990q: no usable pages in manifest.,2026-07-17T15:04:34.905152
echoran,bpt6k67019914,,failed,0,0,,no_usable_pages,known,,,bpt6k67019914: no usable pages in manifest.,2026-07-17T15:04:35.264205
echoran,bpt6k6701992j,,failed,0,0,,no_usable_pages,known,,,bpt6k6701992j: no usable pages in manifest.,2026-07-17T15:04:35.459103
echoran,bpt6k6701993z,,failed,0,0,,no_usable_pages,known,,,bpt6k6701993z: no usable pages in manifest.,2026-07-17T15:04:35.968139
echoran,bpt6k6701994c,,failed,0,0,,no_usable_pages,known,,,bpt6k6701994c: no usable pages in manifest.,2026-07-17T15:04:36.449345
echoran,bpt6k6701995s,,failed,0,0,,no_usable_pages,known,,,bpt6k6701995s: no usable pages in manifest.,2026-07-17T15:04:37.103107
echoran,bpt6k67019966,,failed,0,0,,no_usable_pages,known,,,bpt6k67019966: no usable pages in manifest.,2026-07-17T15:04:37.453123
echoran,bpt6k6701997m,,failed,0,0,,no_usable_pages,known,,,bpt6k6701997m: no usable pages in manifest.,2026-07-17T15:04:37.810601
echoran,bpt6k67019981,,failed,0,0,,no_usable_pages,known,,,bpt6k67019981: no usable pages in manifest.,2026-07-17T15:04:38.076737
echoran,bpt6k6701999f,,failed,0,0,,no_usable_pages,known,,,bpt6k6701999f: no usable pages in manifest.,2026-07-17T15:04:38.272561
echoran,bpt6k6702000h,,failed,0,0,,no_usable_pages,known,,,bpt6k6702000h: no usable pages in manifest.,2026-07-17T15:04:39.301960
echoran,bpt6k6702001x,,failed,0,0,,no_usable_pages,known,,,bpt6k6702001x: no usable pages in manifest.,2026-07-17T15:04:39.516863
echoran,bpt6k6702002b,,failed,0,0,,no_usable_pages,known,,,bpt6k6702002b: no usable pages in manifest.,2026-07-17T15:04:40.070835
echoran,bpt6k67020045,,failed,0,0,,no_usable_pages,known,,,bpt6k67020045: no usable pages in manifest.,2026-07-17T15:04:40.800120
echoran,bpt6k6702005k,,failed,0,0,,no_usable_pages,known,,,bpt6k6702005k: no usable pages in manifest.,2026-07-17T15:04:41.051711
echoran,bpt6k67020060,,failed,0,0,,no_usable_pages,known,,,bpt6k67020060: no usable pages in manifest.,2026-07-17T15:04:41.312458
echoran,bpt6k6702007d,,failed,0,0,,no_usable_pages,known,,,bpt6k6702007d: no usable pages in manifest.,2026-07-17T15:04:41.605542
echoran,bpt6k6702008t,,failed,0,0,,no_usable_pages,known,,,bpt6k6702008t: no usable pages in manifest.,2026-07-17T15:04:42.291537
echoran,bpt6k67020097,,failed,0,0,,no_usable_pages,known,,,bpt6k67020097: no usable pages in manifest.,2026-07-17T15:04:42.516590
echoran,bpt6k6702010w,,failed,0,0,,no_usable_pages,known,,,bpt6k6702010w: no usable pages in manifest.,2026-07-17T15:04:42.704267
echoran,bpt6k67020119,,failed,0,0,,no_usable_pages,known,,,bpt6k67020119: no usable pages in manifest.,2026-07-17T15:04:43.559741
echoran,bpt6k6702012q,,failed,0,0,,no_usable_pages,known,,,bpt6k6702012q: no usable pages in manifest.,2026-07-17T15:04:43.781911
echoran,bpt6k67020134,,failed,0,0,,no_usable_pages,known,,,bpt6k67020134: no usable pages in manifest.,2026-07-17T15:04:44.065194
echoran,bpt6k6702014j,,failed,0,0,,no_usable_pages,known,,,bpt6k6702014j: no usable pages in manifest.,2026-07-17T15:04:44.701218
echoran,bpt6k6702015z,,failed,0,0,,no_usable_pages,known,,,bpt6k6702015z: no usable pages in manifest.,2026-07-17T15:04:45.025257
echoran,bpt6k6702016c,,failed,0,0,,no_usable_pages,known,,,bpt6k6702016c: no usable pages in manifest.,2026-07-17T15:04:45.549764
echoran,bpt6k6702017s,,failed,0,0,,no_usable_pages,known,,,bpt6k6702017s: no usable pages in manifest.,2026-07-17T15:04:45.905521
echoran,bpt6k67020186,,failed,0,0,,no_usable_pages,known,,,bpt6k67020186: no usable pages in manifest.,2026-07-17T15:04:46.187836
echoran,bpt6k6702019m,,failed,0,0,,no_usable_pages,known,,,bpt6k6702019m: no usable pages in manifest.,2026-07-17T15:04:46.788207
echoran,bpt6k67020208,,failed,0,0,,no_usable_pages,known,,,bpt6k67020208: no usable pages in manifest.,2026-07-17T15:04:47.216401
echoran,bpt6k6702021p,,failed,0,0,,no_usable_pages,known,,,bpt6k6702021p: no usable pages in manifest.,2026-07-17T15:04:47.638958
echoran,bpt6k67020223,,failed,0,0,,no_usable_pages,known,,,bpt6k67020223: no usable pages in manifest.,2026-07-17T15:04:48.310308
echoran,bpt6k67020542,,failed,0,0,,no_usable_pages,known,,,bpt6k67020542: no usable pages in manifest.,2026-07-17T15:04:48.586059
echoran,bpt6k6702023h,,failed,0,0,,no_usable_pages,known,,,bpt6k6702023h: no usable pages in manifest.,2026-07-17T15:04:48.943317
echoran,bpt6k6702024x,,failed,0,0,,no_usable_pages,known,,,bpt6k6702024x: no usable pages in manifest.,2026-07-17T15:04:49.404892
echoran,bpt6k6702025b,,failed,0,0,,no_usable_pages,known,,,bpt6k6702025b: no usable pages in manifest.,2026-07-17T15:04:49.578446
echoran,bpt6k6702026r,,failed,0,0,,no_usable_pages,known,,,bpt6k6702026r: no usable pages in manifest.,2026-07-17T15:04:49.941037
echoran,bpt6k67020275,,failed,0,0,,no_usable_pages,known,,,bpt6k67020275: no usable pages in manifest.,2026-07-17T15:04:50.489372
echoran,bpt6k6702028k,,failed,0,0,,no_usable_pages,known,,,bpt6k6702028k: no usable pages in manifest.,2026-07-17T15:04:50.838612
echoran,bpt6k67020290,,failed,0,0,,no_usable_pages,known,,,bpt6k67020290: no usable pages in manifest.,2026-07-17T15:04:51.180631
echoran,bpt6k6702030n,,failed,0,0,,no_usable_pages,known,,,bpt6k6702030n: no usable pages in manifest.,2026-07-17T15:04:51.792351
echoran,bpt6k67020312,,failed,0,0,,no_usable_pages,known,,,bpt6k67020312: no usable pages in manifest.,2026-07-17T15:04:52.412643
echoran,bpt6k6702032g,,failed,0,0,,no_usable_pages,known,,,bpt6k6702032g: no usable pages in manifest.,2026-07-17T15:04:52.910887
echoran,bpt6k6702033w,,failed,0,0,,no_usable_pages,known,,,bpt6k6702033w: no usable pages in manifest.,2026-07-17T15:04:53.144356
echoran,bpt6k67020349,,failed,0,0,,no_usable_pages,known,,,bpt6k67020349: no usable pages in manifest.,2026-07-17T15:04:53.619082
echoran,bpt6k6702035q,,failed,0,0,,no_usable_pages,known,,,bpt6k6702035q: no usable pages in manifest.,2026-07-17T15:04:53.978356
echoran,bpt6k67020364,,failed,0,0,,no_usable_pages,known,,,bpt6k67020364: no usable pages in manifest.,2026-07-17T15:04:54.206318
echoran,bpt6k6702037j,,failed,0,0,,no_usable_pages,known,,,bpt6k6702037j: no usable pages in manifest.,2026-07-17T15:04:54.723668
echoran,bpt6k6702038z,,failed,0,0,,no_usable_pages,known,,,bpt6k6702038z: no usable pages in manifest.,2026-07-17T15:04:55.327251
echoran,bpt6k6702039c,,failed,0,0,,no_usable_pages,known,,,bpt6k6702039c: no usable pages in manifest.,2026-07-17T15:04:55.653086
echoran,bpt6k67020401,,failed,0,0,,no_usable_pages,known,,,bpt6k67020401: no usable pages in manifest.,2026-07-17T15:04:56.300486
echoran,bpt6k6702041f,,failed,0,0,,no_usable_pages,known,,,bpt6k6702041f: no usable pages in manifest.,2026-07-17T15:04:56.694244
echoran,bpt6k6702042v,,failed,0,0,,no_usable_pages,known,,,bpt6k6702042v: no usable pages in manifest.,2026-07-17T15:04:57.019819
echoran,bpt6k67020438,,failed,0,0,,no_usable_pages,known,,,bpt6k67020438: no usable pages in manifest.,2026-07-17T15:04:57.289451
echoran,bpt6k6702044p,,failed,0,0,,no_usable_pages,known,,,bpt6k6702044p: no usable pages in manifest.,2026-07-17T15:04:57.928175
echoran,bpt6k67020453,,failed,0,0,,no_usable_pages,known,,,bpt6k67020453: no usable pages in manifest.,2026-07-17T15:04:58.292626
echoran,bpt6k6702046h,,failed,0,0,,no_usable_pages,known,,,bpt6k6702046h: no usable pages in manifest.,2026-07-17T15:04:58.745981
echoran,bpt6k6702047x,,failed,0,0,,no_usable_pages,known,,,bpt6k6702047x: no usable pages in manifest.,2026-07-17T15:04:59.085766
echoran,bpt6k6702048b,,failed,0,0,,no_usable_pages,known,,,bpt6k6702048b: no usable pages in manifest.,2026-07-17T15:04:59.424624
echoran,bpt6k6702049r,,failed,0,0,,no_usable_pages,known,,,bpt6k6702049r: no usable pages in manifest.,2026-07-17T15:04:59.788737
echoran,bpt6k6702050d,,failed,0,0,,no_usable_pages,known,,,bpt6k6702050d: no usable pages in manifest.,2026-07-17T15:05:00.305932
echoran,bpt6k6702051t,,failed,0,0,,no_usable_pages,known,,,bpt6k6702051t: no usable pages in manifest.,2026-07-17T15:05:00.642145
echoran,bpt6k67020527,,failed,0,0,,no_usable_pages,known,,,bpt6k67020527: no usable pages in manifest.,2026-07-17T15:05:01.335433
echoran,bpt6k6702053n,,failed,0,0,,no_usable_pages,known,,,bpt6k6702053n: no usable pages in manifest.,2026-07-17T15:05:01.866018
echoran,bpt6k6702055g,,failed,0,0,,no_usable_pages,known,,,bpt6k6702055g: no usable pages in manifest.,2026-07-17T15:05:02.298506
echoran,bpt6k6702056w,,failed,0,0,,no_usable_pages,known,,,bpt6k6702056w: no usable pages in manifest.,2026-07-17T15:05:02.779211
echoran,bpt6k67020579,,failed,0,0,,no_usable_pages,known,,,bpt6k67020579: no usable pages in manifest.,2026-07-17T15:05:03.199385
echoran,bpt6k67492541,,failed,0,0,,no_usable_pages,known,,,bpt6k67492541: no usable pages in manifest.,2026-07-17T15:05:03.388832
echoran,bpt6k6702058q,,failed,0,0,,no_usable_pages,known,,,bpt6k6702058q: no usable pages in manifest.,2026-07-17T15:05:03.823473
echoran,bpt6k67020594,,failed,0,0,,no_usable_pages,known,,,bpt6k67020594: no usable pages in manifest.,2026-07-17T15:05:04.146019
echoran,bpt6k6702060s,,failed,0,0,,no_usable_pages,known,,,bpt6k6702060s: no usable pages in manifest.,2026-07-17T15:05:04.388285
echoran,bpt6k67020616,,failed,0,0,,no_usable_pages,known,,,bpt6k67020616: no usable pages in manifest.,2026-07-17T15:05:04.648351
echoran,bpt6k6702062m,,failed,0,0,,no_usable_pages,known,,,bpt6k6702062m: no usable pages in manifest.,2026-07-17T15:05:04.870978
echoran,bpt6k67020631,,failed,0,0,,no_usable_pages,known,,,bpt6k67020631: no usable pages in manifest.,2026-07-17T15:05:05.501547
echoran,bpt6k6702064f,,failed,0,0,,no_usable_pages,known,,,bpt6k6702064f: no usable pages in manifest.,2026-07-17T15:05:05.886034
echoran,bpt6k6702065v,,failed,0,0,,no_usable_pages,known,,,bpt6k6702065v: no usable pages in manifest.,2026-07-17T15:05:06.209747
echoran,bpt6k67020668,,failed,0,0,,no_usable_pages,known,,,bpt6k67020668: no usable pages in manifest.,2026-07-17T15:05:06.567991
echoran,bpt6k6702067p,,failed,0,0,,no_usable_pages,known,,,bpt6k6702067p: no usable pages in manifest.,2026-07-17T15:05:07.082617
echoran,bpt6k67020683,,failed,0,0,,no_usable_pages,known,,,bpt6k67020683: no usable pages in manifest.,2026-07-17T15:05:07.291930
echoran,bpt6k6702069h,,failed,0,0,,no_usable_pages,known,,,bpt6k6702069h: no usable pages in manifest.,2026-07-17T15:05:07.695151
echoran,bpt6k67020705,,failed,0,0,,no_usable_pages,known,,,bpt6k67020705: no usable pages in manifest.,2026-07-17T15:05:07.986061
echoran,bpt6k6702071k,,failed,0,0,,no_usable_pages,known,,,bpt6k6702071k: no usable pages in manifest.,2026-07-17T15:05:08.451188
echoran,bpt6k67020720,,failed,0,0,,no_usable_pages,known,,,bpt6k67020720: no usable pages in manifest.,2026-07-17T15:05:08.991240
echoran,bpt6k6702073d,,failed,0,0,,no_usable_pages,known,,,bpt6k6702073d: no usable pages in manifest.,2026-07-17T15:05:09.480912
echoran,bpt6k6702074t,,failed,0,0,,no_usable_pages,known,,,bpt6k6702074t: no usable pages in manifest.,2026-07-17T15:05:09.841956
echoran,bpt6k67020757,,failed,0,0,,no_usable_pages,known,,,bpt6k67020757: no usable pages in manifest.,2026-07-17T15:05:10.307755
echoran,bpt6k6702076n,,failed,0,0,,no_usable_pages,known,,,bpt6k6702076n: no usable pages in manifest.,2026-07-17T15:05:10.868611
echoran,bpt6k67020772,,failed,0,0,,no_usable_pages,known,,,bpt6k67020772: no usable pages in manifest.,2026-07-17T15:05:11.427980
echoran,bpt6k6702078g,,failed,0,0,,no_usable_pages,known,,,bpt6k6702078g: no usable pages in manifest.,2026-07-17T15:05:12.135024
echoran,bpt6k6702079w,,failed,0,0,,no_usable_pages,known,,,bpt6k6702079w: no usable pages in manifest.,2026-07-17T15:05:13.875921
echoran,bpt6k6702080j,,failed,0,0,,no_usable_pages,known,,,bpt6k6702080j: no usable pages in manifest.,2026-07-17T15:05:14.147465
echoran,bpt6k6702081z,,failed,0,0,,no_usable_pages,known,,,bpt6k6702081z: no usable pages in manifest.,2026-07-17T15:05:14.769817
echoran,bpt6k6702082c,,failed,0,0,,no_usable_pages,known,,,bpt6k6702082c: no usable pages in manifest.,2026-07-17T15:05:15.348344
echoran,bpt6k6702083s,,failed,0,0,,no_usable_pages,known,,,bpt6k6702083s: no usable pages in manifest.,2026-07-17T15:05:15.733688
echoran,bpt6k67020846,,failed,0,0,,no_usable_pages,known,,,bpt6k67020846: no usable pages in manifest.,2026-07-17T15:05:16.442703
echoran,bpt6k6702085m,,failed,0,0,,no_usable_pages,known,,,bpt6k6702085m: no usable pages in manifest.,2026-07-17T15:05:16.717715
echoran,bpt6k67020861,,failed,0,0,,no_usable_pages,known,,,bpt6k67020861: no usable pages in manifest.,2026-07-17T15:05:16.925216
echoran,bpt6k6702087f,,failed,0,0,,no_usable_pages,known,,,bpt6k6702087f: no usable pages in manifest.,2026-07-17T15:05:17.689973
echoran,bpt6k6702088v,,failed,0,0,,no_usable_pages,known,,,bpt6k6702088v: no usable pages in manifest.,2026-07-17T15:05:17.935977
echoran,bpt6k67020898,,failed,0,0,,no_usable_pages,known,,,bpt6k67020898: no usable pages in manifest.,2026-07-17T15:05:18.328615
echoran,bpt6k6702090x,,failed,0,0,,no_usable_pages,known,,,bpt6k6702090x: no usable pages in manifest.,2026-07-17T15:05:18.869915
echoran,bpt6k6702091b,,failed,0,0,,no_usable_pages,known,,,bpt6k6702091b: no usable pages in manifest.,2026-07-17T15:05:19.036017
echoran,bpt6k6702092r,,failed,0,0,,no_usable_pages,known,,,bpt6k6702092r: no usable pages in manifest.,2026-07-17T15:05:19.220019
echoran,bpt6k67020935,,failed,0,0,,no_usable_pages,known,,,bpt6k67020935: no usable pages in manifest.,2026-07-17T15:05:19.487845
echoran,bpt6k6702094k,,failed,0,0,,no_usable_pages,known,,,bpt6k6702094k: no usable pages in manifest.,2026-07-17T15:05:19.927531
echoran,bpt6k67020950,,failed,0,0,,no_usable_pages,known,,,bpt6k67020950: no usable pages in manifest.,2026-07-17T15:05:20.207181
echoran,bpt6k6702096d,,failed,0,0,,no_usable_pages,known,,,bpt6k6702096d: no usable pages in manifest.,2026-07-17T15:05:20.573507
echoran,bpt6k6702097t,,failed,0,0,,no_usable_pages,known,,,bpt6k6702097t: no usable pages in manifest.,2026-07-17T15:05:21.054066
echoran,bpt6k67020987,,failed,0,0,,no_usable_pages,known,,,bpt6k67020987: no usable pages in manifest.,2026-07-17T15:05:21.299736
echoran,bpt6k6702099n,,failed,0,0,,no_usable_pages,known,,,bpt6k6702099n: no usable pages in manifest.,2026-07-17T15:05:21.519678
echoran,bpt6k6702100v,,failed,0,0,,no_usable_pages,known,,,bpt6k6702100v: no usable pages in manifest.,2026-07-17T15:05:22.055846
echoran,bpt6k67021018,,failed,0,0,,no_usable_pages,known,,,bpt6k67021018: no usable pages in manifest.,2026-07-17T15:05:22.505044
echoran,bpt6k6702102p,,failed,0,0,,no_usable_pages,known,,,bpt6k6702102p: no usable pages in manifest.,2026-07-17T15:05:22.821376
echoran,bpt6k67021033,,failed,0,0,,no_usable_pages,known,,,bpt6k67021033: no usable pages in manifest.,2026-07-17T15:05:23.393729
echoran,bpt6k6702104h,,failed,0,0,,no_usable_pages,known,,,bpt6k6702104h: no usable pages in manifest.,2026-07-17T15:05:23.921285
echoran,bpt6k6702105x,,failed,0,0,,no_usable_pages,known,,,bpt6k6702105x: no usable pages in manifest.,2026-07-17T15:05:24.118376
echoran,bpt6k6702106b,,failed,0,0,,no_usable_pages,known,,,bpt6k6702106b: no usable pages in manifest.,2026-07-17T15:05:24.393438
echoran,bpt6k6702107r,,failed,0,0,,no_usable_pages,known,,,bpt6k6702107r: no usable pages in manifest.,2026-07-17T15:05:24.756585
echoran,bpt6k67021085,,failed,0,0,,no_usable_pages,known,,,bpt6k67021085: no usable pages in manifest.,2026-07-17T15:05:25.475727
echoran,bpt6k6702109k,,failed,0,0,,no_usable_pages,known,,,bpt6k6702109k: no usable pages in manifest.,2026-07-17T15:05:25.837101
echoran,bpt6k67021107,,failed,0,0,,no_usable_pages,known,,,bpt6k67021107: no usable pages in manifest.,2026-07-17T15:05:26.359199
echoran,bpt6k6702111n,,failed,0,0,,no_usable_pages,known,,,bpt6k6702111n: no usable pages in manifest.,2026-07-17T15:05:26.737481
echoran,bpt6k67021122,,failed,0,0,,no_usable_pages,known,,,bpt6k67021122: no usable pages in manifest.,2026-07-17T15:05:27.157899
echoran,bpt6k6702113g,,failed,0,0,,no_usable_pages,known,,,bpt6k6702113g: no usable pages in manifest.,2026-07-17T15:05:27.672440
echoran,bpt6k6702114w,,failed,0,0,,no_usable_pages,known,,,bpt6k6702114w: no usable pages in manifest.,2026-07-17T15:05:27.969063
echoran,bpt6k67021159,,failed,0,0,,no_usable_pages,known,,,bpt6k67021159: no usable pages in manifest.,2026-07-17T15:05:28.952491
echoran,bpt6k6702116q,,failed,0,0,,no_usable_pages,known,,,bpt6k6702116q: no usable pages in manifest.,2026-07-17T15:05:29.179904
echoran,bpt6k67021174,,failed,0,0,,no_usable_pages,known,,,bpt6k67021174: no usable pages in manifest.,2026-07-17T15:05:29.473911
echoran,bpt6k6702118j,,failed,0,0,,no_usable_pages,known,,,bpt6k6702118j: no usable pages in manifest.,2026-07-17T15:05:30.113123
echoran,bpt6k6702119z,,failed,0,0,,no_usable_pages,known,,,bpt6k6702119z: no usable pages in manifest.,2026-07-17T15:05:30.455521
echoran,bpt6k6702120m,,failed,0,0,,no_usable_pages,known,,,bpt6k6702120m: no usable pages in manifest.,2026-07-17T15:05:30.651453
echoran,bpt6k67021211,,failed,0,0,,no_usable_pages,known,,,bpt6k67021211: no usable pages in manifest.,2026-07-17T15:05:31.557518
echoran,bpt6k6702122f,,failed,0,0,,no_usable_pages,known,,,bpt6k6702122f: no usable pages in manifest.,2026-07-17T15:05:31.809555
echoran,bpt6k6702123v,,failed,0,0,,no_usable_pages,known,,,bpt6k6702123v: no usable pages in manifest.,2026-07-17T15:05:32.234558
echoran,bpt6k67021248,,failed,0,0,,no_usable_pages,known,,,bpt6k67021248: no usable pages in manifest.,2026-07-17T15:05:32.719588
echoran,bpt6k6702125p,,failed,0,0,,no_usable_pages,known,,,bpt6k6702125p: no usable pages in manifest.,2026-07-17T15:05:33.074143
echoran,bpt6k67021263,,failed,0,0,,no_usable_pages,known,,,bpt6k67021263: no usable pages in manifest.,2026-07-17T15:05:33.407405
echoran,bpt6k6702127h,,failed,0,0,,no_usable_pages,known,,,bpt6k6702127h: no usable pages in manifest.,2026-07-17T15:05:33.962105
echoran,bpt6k6702128x,,failed,0,0,,no_usable_pages,known,,,bpt6k6702128x: no usable pages in manifest.,2026-07-17T15:05:34.231664
echoran,bpt6k6702129b,,failed,0,0,,no_usable_pages,known,,,bpt6k6702129b: no usable pages in manifest.,2026-07-17T15:05:34.742587
echoran,bpt6k67021300,,failed,0,0,,no_usable_pages,known,,,bpt6k67021300: no usable pages in manifest.,2026-07-17T15:05:35.018257
echoran,bpt6k6702131d,,failed,0,0,,no_usable_pages,known,,,bpt6k6702131d: no usable pages in manifest.,2026-07-17T15:05:35.324663
echoran,bpt6k6702132t,,failed,0,0,,no_usable_pages,known,,,bpt6k6702132t: no usable pages in manifest.,2026-07-17T15:05:35.649751
echoran,bpt6k67021337,,failed,0,0,,no_usable_pages,known,,,bpt6k67021337: no usable pages in manifest.,2026-07-17T15:05:36.166965
echoran,bpt6k6702134n,,failed,0,0,,no_usable_pages,known,,,bpt6k6702134n: no usable pages in manifest.,2026-07-17T15:05:36.487834
echoran,bpt6k67021352,,failed,0,0,,no_usable_pages,known,,,bpt6k67021352: no usable pages in manifest.,2026-07-17T15:05:37.203501
echoran,bpt6k6702136g,,failed,0,0,,no_usable_pages,known,,,bpt6k6702136g: no usable pages in manifest.,2026-07-17T15:05:37.512191
echoran,bpt6k6702137w,,failed,0,0,,no_usable_pages,known,,,bpt6k6702137w: no usable pages in manifest.,2026-07-17T15:05:37.742667
echoran,bpt6k67021389,,failed,0,0,,no_usable_pages,known,,,bpt6k67021389: no usable pages in manifest.,2026-07-17T15:05:38.138769
echoran,bpt6k6702139q,,failed,0,0,,no_usable_pages,known,,,bpt6k6702139q: no usable pages in manifest.,2026-07-17T15:05:38.459895
echoran,bpt6k6702140c,,failed,0,0,,no_usable_pages,known,,,bpt6k6702140c: no usable pages in manifest.,2026-07-17T15:05:38.995690
echoran,bpt6k6702141s,,failed,0,0,,no_usable_pages,known,,,bpt6k6702141s: no usable pages in manifest.,2026-07-17T15:05:39.332085
echoran,bpt6k67021426,,failed,0,0,,no_usable_pages,known,,,bpt6k67021426: no usable pages in manifest.,2026-07-17T15:05:39.759239
echoran,bpt6k6702143m,,failed,0,0,,no_usable_pages,known,,,bpt6k6702143m: no usable pages in manifest.,2026-07-17T15:05:40.088399
echoran,bpt6k67021441,,failed,0,0,,no_usable_pages,known,,,bpt6k67021441: no usable pages in manifest.,2026-07-17T15:05:40.379109
echoran,bpt6k6702145f,,failed,0,0,,no_usable_pages,known,,,bpt6k6702145f: no usable pages in manifest.,2026-07-17T15:05:40.836198
echoran,bpt6k6702146v,,failed,0,0,,no_usable_pages,known,,,bpt6k6702146v: no usable pages in manifest.,2026-07-17T15:05:41.335739
echoran,bpt6k67021478,,failed,0,0,,no_usable_pages,known,,,bpt6k67021478: no usable pages in manifest.,2026-07-17T15:05:41.530014
echoran,bpt6k6702148p,,failed,0,0,,no_usable_pages,known,,,bpt6k6702148p: no usable pages in manifest.,2026-07-17T15:05:42.196848
echoran,bpt6k67021493,,failed,0,0,,no_usable_pages,known,,,bpt6k67021493: no usable pages in manifest.,2026-07-17T15:05:42.799909
echoran,bpt6k6702150r,,failed,0,0,,no_usable_pages,known,,,bpt6k6702150r: no usable pages in manifest.,2026-07-17T15:05:43.244813
echoran,bpt6k67021515,,failed,0,0,,no_usable_pages,known,,,bpt6k67021515: no usable pages in manifest.,2026-07-17T15:05:43.623058
echoran,bpt6k6702152k,,failed,0,0,,no_usable_pages,known,,,bpt6k6702152k: no usable pages in manifest.,2026-07-17T15:05:43.983039
echoran,bpt6k67021530,,failed,0,0,,no_usable_pages,known,,,bpt6k67021530: no usable pages in manifest.,2026-07-17T15:05:44.696192
echoran,bpt6k6702154d,,failed,0,0,,no_usable_pages,known,,,bpt6k6702154d: no usable pages in manifest.,2026-07-17T15:05:44.985852
echoran,bpt6k6702155t,,failed,0,0,,no_usable_pages,known,,,bpt6k6702155t: no usable pages in manifest.,2026-07-17T15:05:45.534333
echoran,bpt6k67021567,,failed,0,0,,no_usable_pages,known,,,bpt6k67021567: no usable pages in manifest.,2026-07-17T15:05:45.932488
echoran,bpt6k6702157n,,failed,0,0,,no_usable_pages,known,,,bpt6k6702157n: no usable pages in manifest.,2026-07-17T15:05:46.187675
echoran,bpt6k67021582,,failed,0,0,,no_usable_pages,known,,,bpt6k67021582: no usable pages in manifest.,2026-07-17T15:05:46.411805
echoran,bpt6k6702159g,,failed,0,0,,no_usable_pages,known,,,bpt6k6702159g: no usable pages in manifest.,2026-07-17T15:05:47.338758
echoran,bpt6k67021604,,failed,0,0,,no_usable_pages,known,,,bpt6k67021604: no usable pages in manifest.,2026-07-17T15:05:47.750359
echoran,bpt6k6702161j,,failed,0,0,,no_usable_pages,known,,,bpt6k6702161j: no usable pages in manifest.,2026-07-17T15:05:48.189329
echoran,bpt6k6702162z,,failed,0,0,,no_usable_pages,known,,,bpt6k6702162z: no usable pages in manifest.,2026-07-17T15:05:48.410350
echoran,bpt6k6702163c,,failed,0,0,,no_usable_pages,known,,,bpt6k6702163c: no usable pages in manifest.,2026-07-17T15:05:49.086308
echoran,bpt6k6702164s,,failed,0,0,,no_usable_pages,known,,,bpt6k6702164s: no usable pages in manifest.,2026-07-17T15:05:49.807081
echoran,bpt6k67021656,,failed,0,0,,no_usable_pages,known,,,bpt6k67021656: no usable pages in manifest.,2026-07-17T15:05:50.013023
echoran,bpt6k6702166m,,failed,0,0,,no_usable_pages,known,,,bpt6k6702166m: no usable pages in manifest.,2026-07-17T15:05:50.248704
echoran,bpt6k67021671,,failed,0,0,,no_usable_pages,known,,,bpt6k67021671: no usable pages in manifest.,2026-07-17T15:05:50.870075
echoran,bpt6k6702168f,,failed,0,0,,no_usable_pages,known,,,bpt6k6702168f: no usable pages in manifest.,2026-07-17T15:05:51.119765
echoran,bpt6k6702169v,,failed,0,0,,no_usable_pages,known,,,bpt6k6702169v: no usable pages in manifest.,2026-07-17T15:05:51.321438
echoran,bpt6k6702170h,,failed,0,0,,no_usable_pages,known,,,bpt6k6702170h: no usable pages in manifest.,2026-07-17T15:05:52.204338
echoran,bpt6k6702172b,,failed,0,0,,no_usable_pages,known,,,bpt6k6702172b: no usable pages in manifest.,2026-07-17T15:05:52.531592
echoran,bpt6k6702173r,,failed,0,0,,no_usable_pages,known,,,bpt6k6702173r: no usable pages in manifest.,2026-07-17T15:05:52.761889
echoran,bpt6k67021745,,failed,0,0,,no_usable_pages,known,,,bpt6k67021745: no usable pages in manifest.,2026-07-17T15:05:53.257662
echoran,bpt6k6702175k,,failed,0,0,,no_usable_pages,known,,,bpt6k6702175k: no usable pages in manifest.,2026-07-17T15:05:53.485990
echoran,bpt6k67021760,,failed,0,0,,no_usable_pages,known,,,bpt6k67021760: no usable pages in manifest.,2026-07-17T15:05:53.738171
echoran,bpt6k6702178t,,failed,0,0,,no_usable_pages,known,,,bpt6k6702178t: no usable pages in manifest.,2026-07-17T15:05:53.942521
echoran,bpt6k67021819,,failed,0,0,,no_usable_pages,known,,,bpt6k67021819: no usable pages in manifest.,2026-07-17T15:05:54.494326
echoran,bpt6k6702182q,,failed,0,0,,no_usable_pages,known,,,bpt6k6702182q: no usable pages in manifest.,2026-07-17T15:05:54.942039
echoran,bpt6k67021834,,failed,0,0,,no_usable_pages,known,,,bpt6k67021834: no usable pages in manifest.,2026-07-17T15:05:55.111871
echoran,bpt6k6702184j,,failed,0,0,,no_usable_pages,known,,,bpt6k6702184j: no usable pages in manifest.,2026-07-17T15:05:55.552195
echoran,bpt6k6702186c,,failed,0,0,,no_usable_pages,known,,,bpt6k6702186c: no usable pages in manifest.,2026-07-17T15:05:55.879595
echoran,bpt6k67021886,,failed,0,0,,no_usable_pages,known,,,bpt6k67021886: no usable pages in manifest.,2026-07-17T15:05:56.120465
echoran,bpt6k6702189m,,failed,0,0,,no_usable_pages,known,,,bpt6k6702189m: no usable pages in manifest.,2026-07-17T15:05:56.238677
echoran,bpt6k67021908,,failed,0,0,,no_usable_pages,known,,,bpt6k67021908: no usable pages in manifest.,2026-07-17T15:05:56.950509
echoran,bpt6k6702191p,,failed,0,0,,no_usable_pages,known,,,bpt6k6702191p: no usable pages in manifest.,2026-07-17T15:05:57.069103
echoran,bpt6k67021923,,failed,0,0,,no_usable_pages,known,,,bpt6k67021923: no usable pages in manifest.,2026-07-17T15:05:57.578424
echoran,bpt6k6702193h,,failed,0,0,,no_usable_pages,known,,,bpt6k6702193h: no usable pages in manifest.,2026-07-17T15:05:58.234452
echoran,bpt6k6702194x,,failed,0,0,,no_usable_pages,known,,,bpt6k6702194x: no usable pages in manifest.,2026-07-17T15:05:58.782576
echoran,bpt6k6702195b,,failed,0,0,,no_usable_pages,known,,,bpt6k6702195b: no usable pages in manifest.,2026-07-17T15:05:59.287857
echoran,bpt6k6702196r,,failed,0,0,,no_usable_pages,known,,,bpt6k6702196r: no usable pages in manifest.,2026-07-17T15:05:59.681889
echoran,bpt6k67021975,,failed,0,0,,no_usable_pages,known,,,bpt6k67021975: no usable pages in manifest.,2026-07-17T15:06:00.220605
echoran,bpt6k6702198k,,failed,0,0,,no_usable_pages,known,,,bpt6k6702198k: no usable pages in manifest.,2026-07-17T15:06:00.844176
echoran,bpt6k67021990,,failed,0,0,,no_usable_pages,known,,,bpt6k67021990: no usable pages in manifest.,2026-07-17T15:06:01.075373
echoran,bpt6k67022006,,failed,0,0,,no_usable_pages,known,,,bpt6k67022006: no usable pages in manifest.,2026-07-17T15:06:01.416039
echoran,bpt6k6702201m,,failed,0,0,,no_usable_pages,known,,,bpt6k6702201m: no usable pages in manifest.,2026-07-17T15:06:01.698776
echoran,bpt6k67022021,,failed,0,0,,no_usable_pages,known,,,bpt6k67022021: no usable pages in manifest.,2026-07-17T15:06:02.059803
echoran,bpt6k6702203f,,failed,0,0,,no_usable_pages,known,,,bpt6k6702203f: no usable pages in manifest.,2026-07-17T15:06:02.206006
echoran,bpt6k6702204v,,failed,0,0,,no_usable_pages,known,,,bpt6k6702204v: no usable pages in manifest.,2026-07-17T15:06:03.144067
echoran,bpt6k67022058,,failed,0,0,,no_usable_pages,known,,,bpt6k67022058: no usable pages in manifest.,2026-07-17T15:06:03.328321
echoran,bpt6k6702206p,,failed,0,0,,no_usable_pages,known,,,bpt6k6702206p: no usable pages in manifest.,2026-07-17T15:06:04.116570
echoran,bpt6k67022073,,failed,0,0,,no_usable_pages,known,,,bpt6k67022073: no usable pages in manifest.,2026-07-17T15:06:04.349273
echoran,bpt6k6702208h,,failed,0,0,,no_usable_pages,known,,,bpt6k6702208h: no usable pages in manifest.,2026-07-17T15:06:04.595684
echoran,bpt6k6702209x,,failed,0,0,,no_usable_pages,known,,,bpt6k6702209x: no usable pages in manifest.,2026-07-17T15:06:05.147707
echoran,bpt6k6702210k,,failed,0,0,,no_usable_pages,known,,,bpt6k6702210k: no usable pages in manifest.,2026-07-17T15:06:05.520895
echoran,bpt6k67022110,,failed,0,0,,no_usable_pages,known,,,bpt6k67022110: no usable pages in manifest.,2026-07-17T15:06:05.945910
echoran,bpt6k6702212d,,failed,0,0,,no_usable_pages,known,,,bpt6k6702212d: no usable pages in manifest.,2026-07-17T15:06:06.489691
echoran,bpt6k6702213t,,failed,0,0,,no_usable_pages,known,,,bpt6k6702213t: no usable pages in manifest.,2026-07-17T15:06:06.784791
echoran,bpt6k67022147,,failed,0,0,,no_usable_pages,known,,,bpt6k67022147: no usable pages in manifest.,2026-07-17T15:06:07.018973
echoran,bpt6k6702215n,,failed,0,0,,no_usable_pages,known,,,bpt6k6702215n: no usable pages in manifest.,2026-07-17T15:06:07.480281
echoran,bpt6k67022162,,failed,0,0,,no_usable_pages,known,,,bpt6k67022162: no usable pages in manifest.,2026-07-17T15:06:07.869136
echoran,bpt6k6702217g,,failed,0,0,,no_usable_pages,known,,,bpt6k6702217g: no usable pages in manifest.,2026-07-17T15:06:08.150361
echoran,bpt6k6702218w,,failed,0,0,,no_usable_pages,known,,,bpt6k6702218w: no usable pages in manifest.,2026-07-17T15:06:08.601867
echoran,bpt6k67022199,,failed,0,0,,no_usable_pages,known,,,bpt6k67022199: no usable pages in manifest.,2026-07-17T15:06:09.194912
echoran,bpt6k6702220z,,failed,0,0,,no_usable_pages,known,,,bpt6k6702220z: no usable pages in manifest.,2026-07-17T15:06:09.429308
echoran,bpt6k6702221c,,failed,0,0,,no_usable_pages,known,,,bpt6k6702221c: no usable pages in manifest.,2026-07-17T15:06:09.902631
echoran,bpt6k67022236,,failed,0,0,,no_usable_pages,known,,,bpt6k67022236: no usable pages in manifest.,2026-07-17T15:06:10.383087
echoran,bpt6k6702224m,,failed,0,0,,no_usable_pages,known,,,bpt6k6702224m: no usable pages in manifest.,2026-07-17T15:06:10.643927
echoran,bpt6k67022251,,failed,0,0,,no_usable_pages,known,,,bpt6k67022251: no usable pages in manifest.,2026-07-17T15:06:11.101037
echoran,bpt6k6702230b,,failed,0,0,,no_usable_pages,known,,,bpt6k6702230b: no usable pages in manifest.,2026-07-17T15:06:11.476499
echoran,bpt6k6702231r,,failed,0,0,,no_usable_pages,known,,,bpt6k6702231r: no usable pages in manifest.,2026-07-17T15:06:11.756665
echoran,bpt6k67022325,,failed,0,0,,no_usable_pages,known,,,bpt6k67022325: no usable pages in manifest.,2026-07-17T15:06:12.071404
echoran,bpt6k6702233k,,failed,0,0,,no_usable_pages,known,,,bpt6k6702233k: no usable pages in manifest.,2026-07-17T15:06:12.501130
echoran,bpt6k67022340,,failed,0,0,,no_usable_pages,known,,,bpt6k67022340: no usable pages in manifest.,2026-07-17T15:06:12.841504
echoran,bpt6k6702235d,,failed,0,0,,no_usable_pages,known,,,bpt6k6702235d: no usable pages in manifest.,2026-07-17T15:06:13.399496
echoran,bpt6k6702236t,,failed,0,0,,no_usable_pages,known,,,bpt6k6702236t: no usable pages in manifest.,2026-07-17T15:06:13.729113
echoran,bpt6k67022377,,failed,0,0,,no_usable_pages,known,,,bpt6k67022377: no usable pages in manifest.,2026-07-17T15:06:13.947715
echoran,bpt6k6702238n,,failed,0,0,,no_usable_pages,known,,,bpt6k6702238n: no usable pages in manifest.,2026-07-17T15:06:14.285941
echoran,bpt6k67022392,,failed,0,0,,no_usable_pages,known,,,bpt6k67022392: no usable pages in manifest.,2026-07-17T15:06:14.784332
echoran,bpt6k6702240q,,failed,0,0,,no_usable_pages,known,,,bpt6k6702240q: no usable pages in manifest.,2026-07-17T15:06:15.242146
echoran,bpt6k67022414,,failed,0,0,,no_usable_pages,known,,,bpt6k67022414: no usable pages in manifest.,2026-07-17T15:06:15.417735
echoran,bpt6k6702242j,,failed,0,0,,no_usable_pages,known,,,bpt6k6702242j: no usable pages in manifest.,2026-07-17T15:06:16.079562
echoran,bpt6k6702243z,,failed,0,0,,no_usable_pages,known,,,bpt6k6702243z: no usable pages in manifest.,2026-07-17T15:06:16.420746
echoran,bpt6k6702244c,,failed,0,0,,no_usable_pages,known,,,bpt6k6702244c: no usable pages in manifest.,2026-07-17T15:06:16.892067
echoran,bpt6k6702245s,,failed,0,0,,no_usable_pages,known,,,bpt6k6702245s: no usable pages in manifest.,2026-07-17T15:06:17.176224
echoran,bpt6k67022466,,failed,0,0,,no_usable_pages,known,,,bpt6k67022466: no usable pages in manifest.,2026-07-17T15:06:17.570553
echoran,bpt6k6702247m,,failed,0,0,,no_usable_pages,known,,,bpt6k6702247m: no usable pages in manifest.,2026-07-17T15:06:17.836560
echoran,bpt6k67022481,,failed,0,0,,no_usable_pages,known,,,bpt6k67022481: no usable pages in manifest.,2026-07-17T15:06:18.281326
echoran,bpt6k6702249f,,failed,0,0,,no_usable_pages,known,,,bpt6k6702249f: no usable pages in manifest.,2026-07-17T15:06:18.821570
echoran,bpt6k67022503,,failed,0,0,,no_usable_pages,known,,,bpt6k67022503: no usable pages in manifest.,2026-07-17T15:06:19.196870
echoran,bpt6k6702251h,,failed,0,0,,no_usable_pages,known,,,bpt6k6702251h: no usable pages in manifest.,2026-07-17T15:06:19.784151
echoran,bpt6k6702252x,,failed,0,0,,no_usable_pages,known,,,bpt6k6702252x: no usable pages in manifest.,2026-07-17T15:06:20.110276
echoran,bpt6k6702253b,,failed,0,0,,no_usable_pages,known,,,bpt6k6702253b: no usable pages in manifest.,2026-07-17T15:06:20.342096
echoran,bpt6k6702254r,,failed,0,0,,no_usable_pages,known,,,bpt6k6702254r: no usable pages in manifest.,2026-07-17T15:06:21.255863
echoran,bpt6k67022555,,failed,0,0,,no_usable_pages,known,,,bpt6k67022555: no usable pages in manifest.,2026-07-17T15:06:21.434334
echoran,bpt6k6702226f,,failed,0,0,,no_usable_pages,known,,,bpt6k6702226f: no usable pages in manifest.,2026-07-17T15:06:21.627980
echoran,bpt6k6702256k,,failed,0,0,,no_usable_pages,known,,,bpt6k6702256k: no usable pages in manifest.,2026-07-17T15:06:22.399388
echoran,bpt6k67022570,,failed,0,0,,no_usable_pages,known,,,bpt6k67022570: no usable pages in manifest.,2026-07-17T15:06:22.891570
echoran,bpt6k6702258d,,failed,0,0,,no_usable_pages,known,,,bpt6k6702258d: no usable pages in manifest.,2026-07-17T15:06:23.174497
echoran,bpt6k6702229p,,failed,0,0,,no_usable_pages,known,,,bpt6k6702229p: no usable pages in manifest.,2026-07-17T15:06:23.589963
echoran,bpt6k6702259t,,failed,0,0,,no_usable_pages,known,,,bpt6k6702259t: no usable pages in manifest.,2026-07-17T15:06:23.806725
echoran,bpt6k6702260g,,failed,0,0,,no_usable_pages,known,,,bpt6k6702260g: no usable pages in manifest.,2026-07-17T15:06:24.167594
echoran,bpt6k6702261w,,failed,0,0,,no_usable_pages,known,,,bpt6k6702261w: no usable pages in manifest.,2026-07-17T15:06:24.497270
echoran,bpt6k67022629,,failed,0,0,,no_usable_pages,known,,,bpt6k67022629: no usable pages in manifest.,2026-07-17T15:06:24.942395
echoran,bpt6k6702263q,,failed,0,0,,no_usable_pages,known,,,bpt6k6702263q: no usable pages in manifest.,2026-07-17T15:06:25.333676
echoran,bpt6k67022644,,failed,0,0,,no_usable_pages,known,,,bpt6k67022644: no usable pages in manifest.,2026-07-17T15:06:25.756830
echoran,bpt6k6702265j,,failed,0,0,,no_usable_pages,known,,,bpt6k6702265j: no usable pages in manifest.,2026-07-17T15:06:26.311881
echoran,bpt6k6702266z,,failed,0,0,,no_usable_pages,known,,,bpt6k6702266z: no usable pages in manifest.,2026-07-17T15:06:26.619719
echoran,bpt6k6702267c,,failed,0,0,,no_usable_pages,known,,,bpt6k6702267c: no usable pages in manifest.,2026-07-17T15:06:27.183114
echoran,bpt6k6702268s,,failed,0,0,,no_usable_pages,known,,,bpt6k6702268s: no usable pages in manifest.,2026-07-17T15:06:27.557503
echoran,bpt6k67022696,,failed,0,0,,no_usable_pages,known,,,bpt6k67022696: no usable pages in manifest.,2026-07-17T15:06:28.033061
echoran,bpt6k6702270v,,failed,0,0,,no_usable_pages,known,,,bpt6k6702270v: no usable pages in manifest.,2026-07-17T15:06:28.712072
echoran,bpt6k67022718,,failed,0,0,,no_usable_pages,known,,,bpt6k67022718: no usable pages in manifest.,2026-07-17T15:06:29.256864
echoran,bpt6k6702272p,,failed,0,0,,no_usable_pages,known,,,bpt6k6702272p: no usable pages in manifest.,2026-07-17T15:06:30.017509
echoran,bpt6k67022733,,failed,0,0,,no_usable_pages,known,,,bpt6k67022733: no usable pages in manifest.,2026-07-17T15:06:30.337547
echoran,bpt6k6702274h,,failed,0,0,,no_usable_pages,known,,,bpt6k6702274h: no usable pages in manifest.,2026-07-17T15:06:30.696005
echoran,bpt6k6702275x,,failed,0,0,,no_usable_pages,known,,,bpt6k6702275x: no usable pages in manifest.,2026-07-17T15:06:31.359158
echoran,bpt6k6702276b,,failed,0,0,,no_usable_pages,known,,,bpt6k6702276b: no usable pages in manifest.,2026-07-17T15:06:31.872285
echoran,bpt6k6702277r,,failed,0,0,,no_usable_pages,known,,,bpt6k6702277r: no usable pages in manifest.,2026-07-17T15:06:32.353898
echoran,bpt6k67022785,,failed,0,0,,no_usable_pages,known,,,bpt6k67022785: no usable pages in manifest.,2026-07-17T15:06:33.024446
echoran,bpt6k6702279k,,failed,0,0,,no_usable_pages,known,,,bpt6k6702279k: no usable pages in manifest.,2026-07-17T15:06:33.342879
echoran,bpt6k67022807,,failed,0,0,,no_usable_pages,known,,,bpt6k67022807: no usable pages in manifest.,2026-07-17T15:06:33.585436
echoran,bpt6k6702281n,,failed,0,0,,no_usable_pages,known,,,bpt6k6702281n: no usable pages in manifest.,2026-07-17T15:06:33.885450
echoran,bpt6k67022822,,failed,0,0,,no_usable_pages,known,,,bpt6k67022822: no usable pages in manifest.,2026-07-17T15:06:34.724408
echoran,bpt6k6702283g,,failed,0,0,,no_usable_pages,known,,,bpt6k6702283g: no usable pages in manifest.,2026-07-17T15:06:34.908408
echoran,bpt6k6702284w,,failed,0,0,,no_usable_pages,known,,,bpt6k6702284w: no usable pages in manifest.,2026-07-17T15:06:35.238643
echoran,bpt6k67022859,,failed,0,0,,no_usable_pages,known,,,bpt6k67022859: no usable pages in manifest.,2026-07-17T15:06:35.605293
echoran,bpt6k67022874,,failed,0,0,,no_usable_pages,known,,,bpt6k67022874: no usable pages in manifest.,2026-07-17T15:06:36.368832
echoran,bpt6k6702288j,,failed,0,0,,no_usable_pages,known,,,bpt6k6702288j: no usable pages in manifest.,2026-07-17T15:06:36.707160
echoran,bpt6k6702289z,,failed,0,0,,no_usable_pages,known,,,bpt6k6702289z: no usable pages in manifest.,2026-07-17T15:06:37.081555
echoran,bpt6k6702290m,,failed,0,0,,no_usable_pages,known,,,bpt6k6702290m: no usable pages in manifest.,2026-07-17T15:06:37.469806
echoran,bpt6k67022911,,failed,0,0,,no_usable_pages,known,,,bpt6k67022911: no usable pages in manifest.,2026-07-17T15:06:37.821428
echoran,bpt6k6702292f,,failed,0,0,,no_usable_pages,known,,,bpt6k6702292f: no usable pages in manifest.,2026-07-17T15:06:38.070384
echoran,bpt6k6702293v,,failed,0,0,,no_usable_pages,known,,,bpt6k6702293v: no usable pages in manifest.,2026-07-17T15:06:38.258301
echoran,bpt6k67022948,,failed,0,0,,no_usable_pages,known,,,bpt6k67022948: no usable pages in manifest.,2026-07-17T15:06:39.143555
echoran,bpt6k6702295p,,failed,0,0,,no_usable_pages,known,,,bpt6k6702295p: no usable pages in manifest.,2026-07-17T15:06:39.402069
echoran,bpt6k67022963,,failed,0,0,,no_usable_pages,known,,,bpt6k67022963: no usable pages in manifest.,2026-07-17T15:06:39.928688
echoran,bpt6k6702297h,,failed,0,0,,no_usable_pages,known,,,bpt6k6702297h: no usable pages in manifest.,2026-07-17T15:06:40.814771
echoran,bpt6k6702299b,,failed,0,0,,no_usable_pages,known,,,bpt6k6702299b: no usable pages in manifest.,2026-07-17T15:06:41.130761
echoran,bpt6k6702300j,,failed,0,0,,no_usable_pages,known,,,bpt6k6702300j: no usable pages in manifest.,2026-07-17T15:06:41.524290
echoran,bpt6k6702301z,,failed,0,0,,no_usable_pages,known,,,bpt6k6702301z: no usable pages in manifest.,2026-07-17T15:06:41.786619
echoran,bpt6k6702302c,,failed,0,0,,no_usable_pages,known,,,bpt6k6702302c: no usable pages in manifest.,2026-07-17T15:06:42.439585
echoran,bpt6k6702303s,,failed,0,0,,no_usable_pages,known,,,bpt6k6702303s: no usable pages in manifest.,2026-07-17T15:06:42.962984
echoran,bpt6k6702305m,,failed,0,0,,no_usable_pages,known,,,bpt6k6702305m: no usable pages in manifest.,2026-07-17T15:06:43.676509
echoran,bpt6k67023061,,failed,0,0,,no_usable_pages,known,,,bpt6k67023061: no usable pages in manifest.,2026-07-17T15:06:44.186002
echoran,bpt6k6702307f,,failed,0,0,,no_usable_pages,known,,,bpt6k6702307f: no usable pages in manifest.,2026-07-17T15:06:44.501697
echoran,bpt6k6702308v,,failed,0,0,,no_usable_pages,known,,,bpt6k6702308v: no usable pages in manifest.,2026-07-17T15:06:44.912969
echoran,bpt6k67023098,,failed,0,0,,no_usable_pages,known,,,bpt6k67023098: no usable pages in manifest.,2026-07-17T15:06:45.744320
echoran,bpt6k6702310x,,failed,0,0,,no_usable_pages,known,,,bpt6k6702310x: no usable pages in manifest.,2026-07-17T15:06:46.126533
echoran,bpt6k6702311b,,failed,0,0,,no_usable_pages,known,,,bpt6k6702311b: no usable pages in manifest.,2026-07-17T15:06:46.509584
echoran,bpt6k6702312r,,failed,0,0,,no_usable_pages,known,,,bpt6k6702312r: no usable pages in manifest.,2026-07-17T15:06:46.719746
echoran,bpt6k67023135,,failed,0,0,,no_usable_pages,known,,,bpt6k67023135: no usable pages in manifest.,2026-07-17T15:06:46.964180
echoran,bpt6k6702314k,,failed,0,0,,no_usable_pages,known,,,bpt6k6702314k: no usable pages in manifest.,2026-07-17T15:06:47.636767
echoran,bpt6k67023150,,failed,0,0,,no_usable_pages,known,,,bpt6k67023150: no usable pages in manifest.,2026-07-17T15:06:48.023618
echoran,bpt6k6702316d,,failed,0,0,,no_usable_pages,known,,,bpt6k6702316d: no usable pages in manifest.,2026-07-17T15:06:48.648254
echoran,bpt6k6702317t,,failed,0,0,,no_usable_pages,known,,,bpt6k6702317t: no usable pages in manifest.,2026-07-17T15:06:49.198227
echoran,bpt6k67023187,,failed,0,0,,no_usable_pages,known,,,bpt6k67023187: no usable pages in manifest.,2026-07-17T15:06:49.547720
echoran,bpt6k6702319n,,failed,0,0,,no_usable_pages,known,,,bpt6k6702319n: no usable pages in manifest.,2026-07-17T15:06:50.056597
echoran,bpt6k67023209,,failed,0,0,,no_usable_pages,known,,,bpt6k67023209: no usable pages in manifest.,2026-07-17T15:06:50.425467
echoran,bpt6k6702321q,,failed,0,0,,no_usable_pages,known,,,bpt6k6702321q: no usable pages in manifest.,2026-07-17T15:06:50.668830
echoran,bpt6k67023224,,failed,0,0,,no_usable_pages,known,,,bpt6k67023224: no usable pages in manifest.,2026-07-17T15:06:51.365049
echoran,bpt6k6702323j,,failed,0,0,,no_usable_pages,known,,,bpt6k6702323j: no usable pages in manifest.,2026-07-17T15:06:51.897812
echoran,bpt6k6702324z,,failed,0,0,,no_usable_pages,known,,,bpt6k6702324z: no usable pages in manifest.,2026-07-17T15:06:52.430649
echoran,bpt6k6702325c,,failed,0,0,,no_usable_pages,known,,,bpt6k6702325c: no usable pages in manifest.,2026-07-17T15:06:52.829496
echoran,bpt6k6702326s,,failed,0,0,,no_usable_pages,known,,,bpt6k6702326s: no usable pages in manifest.,2026-07-17T15:06:53.195281
echoran,bpt6k67023276,,failed,0,0,,no_usable_pages,known,,,bpt6k67023276: no usable pages in manifest.,2026-07-17T15:06:53.811002
echoran,bpt6k67023291,,failed,0,0,,no_usable_pages,known,,,bpt6k67023291: no usable pages in manifest.,2026-07-17T15:06:54.069921
echoran,bpt6k6702330p,,failed,0,0,,no_usable_pages,known,,,bpt6k6702330p: no usable pages in manifest.,2026-07-17T15:06:54.403453
echoran,bpt6k67023313,,failed,0,0,,no_usable_pages,known,,,bpt6k67023313: no usable pages in manifest.,2026-07-17T15:06:55.223949
echoran,bpt6k6702332h,,failed,0,0,,no_usable_pages,known,,,bpt6k6702332h: no usable pages in manifest.,2026-07-17T15:06:55.480867
echoran,bpt6k6702335r,,failed,0,0,,no_usable_pages,known,,,bpt6k6702335r: no usable pages in manifest.,2026-07-17T15:06:55.703428
echoran,bpt6k67023365,,failed,0,0,,no_usable_pages,known,,,bpt6k67023365: no usable pages in manifest.,2026-07-17T15:06:56.880547
echoran,bpt6k6702337k,,failed,0,0,,no_usable_pages,known,,,bpt6k6702337k: no usable pages in manifest.,2026-07-17T15:06:57.148468
echoran,bpt6k67023380,,failed,0,0,,no_usable_pages,known,,,bpt6k67023380: no usable pages in manifest.,2026-07-17T15:06:57.499935
echoran,bpt6k6702339d,,failed,0,0,,no_usable_pages,known,,,bpt6k6702339d: no usable pages in manifest.,2026-07-17T15:06:57.721827
echoran,bpt6k6702341g,,failed,0,0,,no_usable_pages,known,,,bpt6k6702341g: no usable pages in manifest.,2026-07-17T15:06:58.240200
echoran,bpt6k6702342w,,failed,0,0,,no_usable_pages,known,,,bpt6k6702342w: no usable pages in manifest.,2026-07-17T15:06:58.858342
echoran,bpt6k67023439,,failed,0,0,,no_usable_pages,known,,,bpt6k67023439: no usable pages in manifest.,2026-07-17T15:06:59.261594
echoran,bpt6k6702344q,,failed,0,0,,no_usable_pages,known,,,bpt6k6702344q: no usable pages in manifest.,2026-07-17T15:07:00.080780
echoran,bpt6k67023454,,failed,0,0,,no_usable_pages,known,,,bpt6k67023454: no usable pages in manifest.,2026-07-17T15:07:00.987261
echoran,bpt6k6702346j,,failed,0,0,,no_usable_pages,known,,,bpt6k6702346j: no usable pages in manifest.,2026-07-17T15:07:01.235575
echoran,bpt6k6702347z,,failed,0,0,,no_usable_pages,known,,,bpt6k6702347z: no usable pages in manifest.,2026-07-17T15:07:01.894089
echoran,bpt6k6702348c,,failed,0,0,,no_usable_pages,known,,,bpt6k6702348c: no usable pages in manifest.,2026-07-17T15:07:02.263883
echoran,bpt6k6702350f,,failed,0,0,,no_usable_pages,known,,,bpt6k6702350f: no usable pages in manifest.,2026-07-17T15:07:02.749261
echoran,bpt6k6702351v,,failed,0,0,,no_usable_pages,known,,,bpt6k6702351v: no usable pages in manifest.,2026-07-17T15:07:03.037273
echoran,bpt6k67023528,,failed,0,0,,no_usable_pages,known,,,bpt6k67023528: no usable pages in manifest.,2026-07-17T15:07:03.435170
echoran,bpt6k6702353p,,failed,0,0,,no_usable_pages,known,,,bpt6k6702353p: no usable pages in manifest.,2026-07-17T15:07:04.058276
echoran,bpt6k67023543,,failed,0,0,,no_usable_pages,known,,,bpt6k67023543: no usable pages in manifest.,2026-07-17T15:07:04.636567
echoran,bpt6k6702355h,,failed,0,0,,no_usable_pages,known,,,bpt6k6702355h: no usable pages in manifest.,2026-07-17T15:07:04.864122
echoran,bpt6k6702356x,,failed,0,0,,no_usable_pages,known,,,bpt6k6702356x: no usable pages in manifest.,2026-07-17T15:07:05.131433
echoran,bpt6k6702357b,,failed,0,0,,no_usable_pages,known,,,bpt6k6702357b: no usable pages in manifest.,2026-07-17T15:07:05.479303
echoran,bpt6k6702358r,,failed,0,0,,no_usable_pages,known,,,bpt6k6702358r: no usable pages in manifest.,2026-07-17T15:07:06.020242
echoran,bpt6k67023595,,failed,0,0,,no_usable_pages,known,,,bpt6k67023595: no usable pages in manifest.,2026-07-17T15:07:06.324208
echoran,bpt6k6702360t,,failed,0,0,,no_usable_pages,known,,,bpt6k6702360t: no usable pages in manifest.,2026-07-17T15:07:06.723544
echoran,bpt6k67023617,,failed,0,0,,no_usable_pages,known,,,bpt6k67023617: no usable pages in manifest.,2026-07-17T15:07:07.180663
echoran,bpt6k6702362n,,failed,0,0,,no_usable_pages,known,,,bpt6k6702362n: no usable pages in manifest.,2026-07-17T15:07:07.531190
echoran,bpt6k67023632,,failed,0,0,,no_usable_pages,known,,,bpt6k67023632: no usable pages in manifest.,2026-07-17T15:07:08.012979
echoran,bpt6k6702364g,,failed,0,0,,no_usable_pages,known,,,bpt6k6702364g: no usable pages in manifest.,2026-07-17T15:07:08.936393
echoran,bpt6k6702365w,,failed,0,0,,no_usable_pages,known,,,bpt6k6702365w: no usable pages in manifest.,2026-07-17T15:07:09.338617
echoran,bpt6k67023669,,failed,0,0,,no_usable_pages,known,,,bpt6k67023669: no usable pages in manifest.,2026-07-17T15:07:09.722062
echoran,bpt6k6702367q,,failed,0,0,,no_usable_pages,known,,,bpt6k6702367q: no usable pages in manifest.,2026-07-17T15:07:10.015973
echoran,bpt6k67023684,,failed,0,0,,no_usable_pages,known,,,bpt6k67023684: no usable pages in manifest.,2026-07-17T15:07:10.327166
echoran,bpt6k6702369j,,failed,0,0,,no_usable_pages,known,,,bpt6k6702369j: no usable pages in manifest.,2026-07-17T15:07:10.626136
echoran,bpt6k67023706,,failed,0,0,,no_usable_pages,known,,,bpt6k67023706: no usable pages in manifest.,2026-07-17T15:07:10.988566
echoran,bpt6k6702371m,,failed,0,0,,no_usable_pages,known,,,bpt6k6702371m: no usable pages in manifest.,2026-07-17T15:07:11.501243
echoran,bpt6k67023721,,failed,0,0,,no_usable_pages,known,,,bpt6k67023721: no usable pages in manifest.,2026-07-17T15:07:12.060365
echoran,bpt6k6702373f,,failed,0,0,,no_usable_pages,known,,,bpt6k6702373f: no usable pages in manifest.,2026-07-17T15:07:12.390349
echoran,bpt6k6702374v,,failed,0,0,,no_usable_pages,known,,,bpt6k6702374v: no usable pages in manifest.,2026-07-17T15:07:13.032599
echoran,bpt6k67023758,,failed,0,0,,no_usable_pages,known,,,bpt6k67023758: no usable pages in manifest.,2026-07-17T15:07:13.449152
echoran,bpt6k6702376p,,failed,0,0,,no_usable_pages,known,,,bpt6k6702376p: no usable pages in manifest.,2026-07-17T15:07:13.816309
echoran,bpt6k67023773,,failed,0,0,,no_usable_pages,known,,,bpt6k67023773: no usable pages in manifest.,2026-07-17T15:07:14.277992
echoran,bpt6k6702378h,,failed,0,0,,no_usable_pages,known,,,bpt6k6702378h: no usable pages in manifest.,2026-07-17T15:07:14.776927
echoran,bpt6k6702379x,,failed,0,0,,no_usable_pages,known,,,bpt6k6702379x: no usable pages in manifest.,2026-07-17T15:07:14.976016
echoran,bpt6k6702380k,,failed,0,0,,no_usable_pages,known,,,bpt6k6702380k: no usable pages in manifest.,2026-07-17T15:07:15.500020
echoran,bpt6k67023810,,failed,0,0,,no_usable_pages,known,,,bpt6k67023810: no usable pages in manifest.,2026-07-17T15:07:15.692359
echoran,bpt6k6702382d,,failed,0,0,,no_usable_pages,known,,,bpt6k6702382d: no usable pages in manifest.,2026-07-17T15:07:16.155376
echoran,bpt6k6702383t,,failed,0,0,,no_usable_pages,known,,,bpt6k6702383t: no usable pages in manifest.,2026-07-17T15:07:16.792095
echoran,bpt6k67023847,,failed,0,0,,no_usable_pages,known,,,bpt6k67023847: no usable pages in manifest.,2026-07-17T15:07:17.317983
echoran,bpt6k6702385n,,failed,0,0,,no_usable_pages,known,,,bpt6k6702385n: no usable pages in manifest.,2026-07-17T15:07:17.753099
echoran,bpt6k67023862,,failed,0,0,,no_usable_pages,known,,,bpt6k67023862: no usable pages in manifest.,2026-07-17T15:07:18.443978
echoran,bpt6k6702387g,,failed,0,0,,no_usable_pages,known,,,bpt6k6702387g: no usable pages in manifest.,2026-07-17T15:07:18.837065
echoran,bpt6k6702388w,,failed,0,0,,no_usable_pages,known,,,bpt6k6702388w: no usable pages in manifest.,2026-07-17T15:07:19.231351
echoran,bpt6k67023899,,failed,0,0,,no_usable_pages,known,,,bpt6k67023899: no usable pages in manifest.,2026-07-17T15:07:19.480645
echoran,bpt6k6702390z,,failed,0,0,,no_usable_pages,known,,,bpt6k6702390z: no usable pages in manifest.,2026-07-17T15:07:20.002771
echoran,bpt6k6702391c,,failed,0,0,,no_usable_pages,known,,,bpt6k6702391c: no usable pages in manifest.,2026-07-17T15:07:20.299746
echoran,bpt6k6702392s,,failed,0,0,,no_usable_pages,known,,,bpt6k6702392s: no usable pages in manifest.,2026-07-17T15:07:20.591746
echoran,bpt6k67023936,,failed,0,0,,no_usable_pages,known,,,bpt6k67023936: no usable pages in manifest.,2026-07-17T15:07:21.269263
echoran,bpt6k6702394m,,failed,0,0,,no_usable_pages,known,,,bpt6k6702394m: no usable pages in manifest.,2026-07-17T15:07:21.754568
echoran,bpt6k6702397v,,failed,0,0,,no_usable_pages,known,,,bpt6k6702397v: no usable pages in manifest.,2026-07-17T15:07:22.092018
echoran,bpt6k6702396f,,failed,0,0,,no_usable_pages,known,,,bpt6k6702396f: no usable pages in manifest.,2026-07-17T15:07:22.541689
echoran,bpt6k67023988,,failed,0,0,,no_usable_pages,known,,,bpt6k67023988: no usable pages in manifest.,2026-07-17T15:07:23.254418
echoran,bpt6k6702399p,,failed,0,0,,no_usable_pages,known,,,bpt6k6702399p: no usable pages in manifest.,2026-07-17T15:07:23.904833
echoran,bpt6k6702400w,,failed,0,0,,no_usable_pages,known,,,bpt6k6702400w: no usable pages in manifest.,2026-07-17T15:07:24.230715
echoran,bpt6k67024019,,failed,0,0,,no_usable_pages,known,,,bpt6k67024019: no usable pages in manifest.,2026-07-17T15:07:24.831755
echoran,bpt6k6702402q,,failed,0,0,,no_usable_pages,known,,,bpt6k6702402q: no usable pages in manifest.,2026-07-17T15:07:25.079413
echoran,bpt6k67024034,,failed,0,0,,no_usable_pages,known,,,bpt6k67024034: no usable pages in manifest.,2026-07-17T15:07:25.522456
echoran,bpt6k6702404j,,failed,0,0,,no_usable_pages,known,,,bpt6k6702404j: no usable pages in manifest.,2026-07-17T15:07:26.031492
echoran,bpt6k6702405z,,failed,0,0,,no_usable_pages,known,,,bpt6k6702405z: no usable pages in manifest.,2026-07-17T15:07:26.329739
echoran,bpt6k6702406c,,failed,0,0,,no_usable_pages,known,,,bpt6k6702406c: no usable pages in manifest.,2026-07-17T15:07:26.794191
echoran,bpt6k6702407s,,failed,0,0,,no_usable_pages,known,,,bpt6k6702407s: no usable pages in manifest.,2026-07-17T15:07:27.528878
echoran,bpt6k67024086,,failed,0,0,,no_usable_pages,known,,,bpt6k67024086: no usable pages in manifest.,2026-07-17T15:07:27.717470
echoran,bpt6k6702409m,,failed,0,0,,no_usable_pages,known,,,bpt6k6702409m: no usable pages in manifest.,2026-07-17T15:07:28.196332
echoran,bpt6k67024108,,failed,0,0,,no_usable_pages,known,,,bpt6k67024108: no usable pages in manifest.,2026-07-17T15:07:28.889221
echoran,bpt6k6702411p,,failed,0,0,,no_usable_pages,known,,,bpt6k6702411p: no usable pages in manifest.,2026-07-17T15:07:29.637695
echoran,bpt6k67024123,,failed,0,0,,no_usable_pages,known,,,bpt6k67024123: no usable pages in manifest.,2026-07-17T15:07:29.870026
echoran,bpt6k6702413h,,failed,0,0,,no_usable_pages,known,,,bpt6k6702413h: no usable pages in manifest.,2026-07-17T15:07:30.563829
echoran,bpt6k6702414x,,failed,0,0,,no_usable_pages,known,,,bpt6k6702414x: no usable pages in manifest.,2026-07-17T15:07:31.416886
echoran,bpt6k6702415b,,failed,0,0,,no_usable_pages,known,,,bpt6k6702415b: no usable pages in manifest.,2026-07-17T15:07:31.645203
echoran,bpt6k6702416r,,failed,0,0,,no_usable_pages,known,,,bpt6k6702416r: no usable pages in manifest.,2026-07-17T15:07:31.984455
echoran,bpt6k67024175,,failed,0,0,,no_usable_pages,known,,,bpt6k67024175: no usable pages in manifest.,2026-07-17T15:07:32.392928
echoran,bpt6k6702418k,,failed,0,0,,no_usable_pages,known,,,bpt6k6702418k: no usable pages in manifest.,2026-07-17T15:07:32.749153
echoran,bpt6k67024190,,failed,0,0,,no_usable_pages,known,,,bpt6k67024190: no usable pages in manifest.,2026-07-17T15:07:33.324328
echoran,bpt6k6702420n,,failed,0,0,,no_usable_pages,known,,,bpt6k6702420n: no usable pages in manifest.,2026-07-17T15:07:34.076065
echoran,bpt6k67024212,,failed,0,0,,no_usable_pages,known,,,bpt6k67024212: no usable pages in manifest.,2026-07-17T15:07:34.537115
echoran,bpt6k6702422g,,failed,0,0,,no_usable_pages,known,,,bpt6k6702422g: no usable pages in manifest.,2026-07-17T15:07:34.960390
echoran,bpt6k6702423w,,failed,0,0,,no_usable_pages,known,,,bpt6k6702423w: no usable pages in manifest.,2026-07-17T15:07:35.362334
echoran,bpt6k67024249,,failed,0,0,,no_usable_pages,known,,,bpt6k67024249: no usable pages in manifest.,2026-07-17T15:07:35.686426
echoran,bpt6k6702425q,,failed,0,0,,no_usable_pages,known,,,bpt6k6702425q: no usable pages in manifest.,2026-07-17T15:07:36.092317
echoran,bpt6k67024264,,failed,0,0,,no_usable_pages,known,,,bpt6k67024264: no usable pages in manifest.,2026-07-17T15:07:36.295817
echoran,bpt6k6702427j,,failed,0,0,,no_usable_pages,known,,,bpt6k6702427j: no usable pages in manifest.,2026-07-17T15:07:36.733141
echoran,bpt6k6702428z,,failed,0,0,,no_usable_pages,known,,,bpt6k6702428z: no usable pages in manifest.,2026-07-17T15:07:37.207224
echoran,bpt6k6702429c,,failed,0,0,,no_usable_pages,known,,,bpt6k6702429c: no usable pages in manifest.,2026-07-17T15:07:37.530150
echoran,bpt6k67024301,,failed,0,0,,no_usable_pages,known,,,bpt6k67024301: no usable pages in manifest.,2026-07-17T15:07:37.864489
echoran,bpt6k6702431f,,failed,0,0,,no_usable_pages,known,,,bpt6k6702431f: no usable pages in manifest.,2026-07-17T15:07:38.029227
echoran,bpt6k6702432v,,failed,0,0,,no_usable_pages,known,,,bpt6k6702432v: no usable pages in manifest.,2026-07-17T15:07:38.262587
echoran,bpt6k67024338,,failed,0,0,,no_usable_pages,known,,,bpt6k67024338: no usable pages in manifest.,2026-07-17T15:07:38.997383
echoran,bpt6k6702434p,,failed,0,0,,no_usable_pages,known,,,bpt6k6702434p: no usable pages in manifest.,2026-07-17T15:07:39.225640
echoran,bpt6k67024353,,failed,0,0,,no_usable_pages,known,,,bpt6k67024353: no usable pages in manifest.,2026-07-17T15:07:39.860709
echoran,bpt6k6702436h,,failed,0,0,,no_usable_pages,known,,,bpt6k6702436h: no usable pages in manifest.,2026-07-17T15:07:40.332850
echoran,bpt6k6702437x,,failed,0,0,,no_usable_pages,known,,,bpt6k6702437x: no usable pages in manifest.,2026-07-17T15:07:40.771220
echoran,bpt6k6702438b,,failed,0,0,,no_usable_pages,known,,,bpt6k6702438b: no usable pages in manifest.,2026-07-17T15:07:41.184883
echoran,bpt6k6702439r,,failed,0,0,,no_usable_pages,known,,,bpt6k6702439r: no usable pages in manifest.,2026-07-17T15:07:41.703367
echoran,bpt6k6702440d,,failed,0,0,,no_usable_pages,known,,,bpt6k6702440d: no usable pages in manifest.,2026-07-17T15:07:41.853489
echoran,bpt6k6702441t,,failed,0,0,,no_usable_pages,known,,,bpt6k6702441t: no usable pages in manifest.,2026-07-17T15:07:42.046320
echoran,bpt6k67024427,,failed,0,0,,no_usable_pages,known,,,bpt6k67024427: no usable pages in manifest.,2026-07-17T15:07:42.268552
echoran,bpt6k6702443n,,failed,0,0,,no_usable_pages,known,,,bpt6k6702443n: no usable pages in manifest.,2026-07-17T15:07:43.354557
echoran,bpt6k6702472c,,failed,0,0,,no_usable_pages,known,,,bpt6k6702472c: no usable pages in manifest.,2026-07-17T15:07:43.570755
echoran,bpt6k67024442,,failed,0,0,,no_usable_pages,known,,,bpt6k67024442: no usable pages in manifest.,2026-07-17T15:07:43.872889
echoran,bpt6k6702445g,,failed,0,0,,no_usable_pages,known,,,bpt6k6702445g: no usable pages in manifest.,2026-07-17T15:07:44.246841
echoran,bpt6k6702446w,,failed,0,0,,no_usable_pages,known,,,bpt6k6702446w: no usable pages in manifest.,2026-07-17T15:07:44.662904
echoran,bpt6k67024479,,failed,0,0,,no_usable_pages,known,,,bpt6k67024479: no usable pages in manifest.,2026-07-17T15:07:45.057232
echoran,bpt6k6702448q,,failed,0,0,,no_usable_pages,known,,,bpt6k6702448q: no usable pages in manifest.,2026-07-17T15:07:45.556602
echoran,bpt6k67024494,,failed,0,0,,no_usable_pages,known,,,bpt6k67024494: no usable pages in manifest.,2026-07-17T15:07:45.926205
echoran,bpt6k6702450s,,failed,0,0,,no_usable_pages,known,,,bpt6k6702450s: no usable pages in manifest.,2026-07-17T15:07:46.248895
echoran,bpt6k67024516,,failed,0,0,,no_usable_pages,known,,,bpt6k67024516: no usable pages in manifest.,2026-07-17T15:07:46.659199
echoran,bpt6k6702452m,,failed,0,0,,no_usable_pages,known,,,bpt6k6702452m: no usable pages in manifest.,2026-07-17T15:07:47.019511
echoran,bpt6k67024531,,failed,0,0,,no_usable_pages,known,,,bpt6k67024531: no usable pages in manifest.,2026-07-17T15:07:47.341496
echoran,bpt6k6702454f,,failed,0,0,,no_usable_pages,known,,,bpt6k6702454f: no usable pages in manifest.,2026-07-17T15:07:47.587190
echoran,bpt6k6702455v,,failed,0,0,,no_usable_pages,known,,,bpt6k6702455v: no usable pages in manifest.,2026-07-17T15:07:48.049648
echoran,bpt6k67024568,,failed,0,0,,no_usable_pages,known,,,bpt6k67024568: no usable pages in manifest.,2026-07-17T15:07:48.331500
echoran,bpt6k6702457p,,failed,0,0,,no_usable_pages,known,,,bpt6k6702457p: no usable pages in manifest.,2026-07-17T15:07:48.617148
echoran,bpt6k67024583,,failed,0,0,,no_usable_pages,known,,,bpt6k67024583: no usable pages in manifest.,2026-07-17T15:07:48.945777
echoran,bpt6k6702459h,,failed,0,0,,no_usable_pages,known,,,bpt6k6702459h: no usable pages in manifest.,2026-07-17T15:07:49.623167
echoran,bpt6k67024605,,failed,0,0,,no_usable_pages,known,,,bpt6k67024605: no usable pages in manifest.,2026-07-17T15:07:49.976657
echoran,bpt6k6702461k,,failed,0,0,,no_usable_pages,known,,,bpt6k6702461k: no usable pages in manifest.,2026-07-17T15:07:50.508205
echoran,bpt6k67024620,,failed,0,0,,no_usable_pages,known,,,bpt6k67024620: no usable pages in manifest.,2026-07-17T15:07:50.813626
echoran,bpt6k6702463d,,failed,0,0,,no_usable_pages,known,,,bpt6k6702463d: no usable pages in manifest.,2026-07-17T15:07:51.185515
echoran,bpt6k6702464t,,failed,0,0,,no_usable_pages,known,,,bpt6k6702464t: no usable pages in manifest.,2026-07-17T15:07:51.711288
echoran,bpt6k67024657,,failed,0,0,,no_usable_pages,known,,,bpt6k67024657: no usable pages in manifest.,2026-07-17T15:07:52.056533
echoran,bpt6k6702466n,,failed,0,0,,no_usable_pages,known,,,bpt6k6702466n: no usable pages in manifest.,2026-07-17T15:07:52.357953
echoran,bpt6k67024672,,failed,0,0,,no_usable_pages,known,,,bpt6k67024672: no usable pages in manifest.,2026-07-17T15:07:52.699107
echoran,bpt6k6702468g,,failed,0,0,,no_usable_pages,known,,,bpt6k6702468g: no usable pages in manifest.,2026-07-17T15:07:52.976602
echoran,bpt6k6702469w,,failed,0,0,,no_usable_pages,known,,,bpt6k6702469w: no usable pages in manifest.,2026-07-17T15:07:53.339550
echoran,bpt6k6702470j,,failed,0,0,,no_usable_pages,known,,,bpt6k6702470j: no usable pages in manifest.,2026-07-17T15:07:53.811011
echoran,bpt6k6702473s,,failed,0,0,,no_usable_pages,known,,,bpt6k6702473s: no usable pages in manifest.,2026-07-17T15:07:54.096148
echoran,bpt6k67024746,,failed,0,0,,no_usable_pages,known,,,bpt6k67024746: no usable pages in manifest.,2026-07-17T15:07:54.623015
echoran,bpt6k6702475m,,failed,0,0,,no_usable_pages,known,,,bpt6k6702475m: no usable pages in manifest.,2026-07-17T15:07:55.015603
echoran,bpt6k67024761,,failed,0,0,,no_usable_pages,known,,,bpt6k67024761: no usable pages in manifest.,2026-07-17T15:07:55.225580
echoran,bpt6k6702477f,,failed,0,0,,no_usable_pages,known,,,bpt6k6702477f: no usable pages in manifest.,2026-07-17T15:07:55.605544
echoran,bpt6k6702478v,,failed,0,0,,no_usable_pages,known,,,bpt6k6702478v: no usable pages in manifest.,2026-07-17T15:07:56.155965
echoran,bpt6k67024798,,failed,0,0,,no_usable_pages,known,,,bpt6k67024798: no usable pages in manifest.,2026-07-17T15:07:56.761248
echoran,bpt6k6702480x,,failed,0,0,,no_usable_pages,known,,,bpt6k6702480x: no usable pages in manifest.,2026-07-17T15:07:57.249874
echoran,bpt6k6702481b,,failed,0,0,,no_usable_pages,known,,,bpt6k6702481b: no usable pages in manifest.,2026-07-17T15:07:57.658092
echoran,bpt6k6702482r,,failed,0,0,,no_usable_pages,known,,,bpt6k6702482r: no usable pages in manifest.,2026-07-17T15:07:57.947320
echoran,bpt6k67024835,,failed,0,0,,no_usable_pages,known,,,bpt6k67024835: no usable pages in manifest.,2026-07-17T15:07:58.429914
echoran,bpt6k6702484k,,failed,0,0,,no_usable_pages,known,,,bpt6k6702484k: no usable pages in manifest.,2026-07-17T15:07:58.756926
echoran,bpt6k67024850,,failed,0,0,,no_usable_pages,known,,,bpt6k67024850: no usable pages in manifest.,2026-07-17T15:07:59.086588
echoran,bpt6k6702486d,,failed,0,0,,no_usable_pages,known,,,bpt6k6702486d: no usable pages in manifest.,2026-07-17T15:07:59.568421
echoran,bpt6k6702487t,,failed,0,0,,no_usable_pages,known,,,bpt6k6702487t: no usable pages in manifest.,2026-07-17T15:07:59.836476
echoran,bpt6k67024887,,failed,0,0,,no_usable_pages,known,,,bpt6k67024887: no usable pages in manifest.,2026-07-17T15:08:00.039847
echoran,bpt6k6702489n,,failed,0,0,,no_usable_pages,known,,,bpt6k6702489n: no usable pages in manifest.,2026-07-17T15:08:00.300394
echoran,bpt6k67024909,,failed,0,0,,no_usable_pages,known,,,bpt6k67024909: no usable pages in manifest.,2026-07-17T15:08:00.843922
echoran,bpt6k6702491q,,failed,0,0,,no_usable_pages,known,,,bpt6k6702491q: no usable pages in manifest.,2026-07-17T15:08:01.181621
echoran,bpt6k67024924,,failed,0,0,,no_usable_pages,known,,,bpt6k67024924: no usable pages in manifest.,2026-07-17T15:08:01.591830
echoran,bpt6k6702495c,,failed,0,0,,no_usable_pages,known,,,bpt6k6702495c: no usable pages in manifest.,2026-07-17T15:08:02.163546
echoran,bpt6k6702498m,,failed,0,0,,no_usable_pages,known,,,bpt6k6702498m: no usable pages in manifest.,2026-07-17T15:08:02.530270
echoran,bpt6k67024991,,failed,0,0,,no_usable_pages,known,,,bpt6k67024991: no usable pages in manifest.,2026-07-17T15:08:02.796765
echoran,bpt6k67025059,,failed,0,0,,no_usable_pages,known,,,bpt6k67025059: no usable pages in manifest.,2026-07-17T15:08:03.249420
echoran,bpt6k6702506q,,failed,0,0,,no_usable_pages,known,,,bpt6k6702506q: no usable pages in manifest.,2026-07-17T15:08:03.461856
echoran,bpt6k6702508j,,failed,0,0,,no_usable_pages,known,,,bpt6k6702508j: no usable pages in manifest.,2026-07-17T15:08:03.751880
echoran,bpt6k6702509z,,failed,0,0,,no_usable_pages,known,,,bpt6k6702509z: no usable pages in manifest.,2026-07-17T15:08:04.111282
echoran,bpt6k6702510m,,failed,0,0,,no_usable_pages,known,,,bpt6k6702510m: no usable pages in manifest.,2026-07-17T15:08:05.320633
echoran,bpt6k6702512f,,failed,0,0,,no_usable_pages,known,,,bpt6k6702512f: no usable pages in manifest.,2026-07-17T15:08:05.870579
echoran,bpt6k6702518x,,failed,0,0,,no_usable_pages,known,,,bpt6k6702518x: no usable pages in manifest.,2026-07-17T15:08:06.260121
echoran,bpt6k67025252,,failed,0,0,,no_usable_pages,known,,,bpt6k67025252: no usable pages in manifest.,2026-07-17T15:08:06.532064
echoran,bpt6k6702527w,,failed,0,0,,no_usable_pages,known,,,bpt6k6702527w: no usable pages in manifest.,2026-07-17T15:08:07.227939
echoran,bpt6k6702530c,,failed,0,0,,no_usable_pages,known,,,bpt6k6702530c: no usable pages in manifest.,2026-07-17T15:08:07.546890
echoran,bpt6k6702531s,,failed,0,0,,no_usable_pages,known,,,bpt6k6702531s: no usable pages in manifest.,2026-07-17T15:08:07.884473
echoran,bpt6k67025326,,failed,0,0,,no_usable_pages,known,,,bpt6k67025326: no usable pages in manifest.,2026-07-17T15:08:08.191121
echoran,bpt6k67025341,,failed,0,0,,no_usable_pages,known,,,bpt6k67025341: no usable pages in manifest.,2026-07-17T15:08:08.467777
echoran,bpt6k67025378,,failed,0,0,,no_usable_pages,known,,,bpt6k67025378: no usable pages in manifest.,2026-07-17T15:08:09.143155
echoran,bpt6k6702538p,,failed,0,0,,no_usable_pages,known,,,bpt6k6702538p: no usable pages in manifest.,2026-07-17T15:08:09.715136
echoran,bpt6k67025415,,failed,0,0,,no_usable_pages,known,,,bpt6k67025415: no usable pages in manifest.,2026-07-17T15:08:10.183557
echoran,bpt6k6702547n,,failed,0,0,,no_usable_pages,known,,,bpt6k6702547n: no usable pages in manifest.,2026-07-17T15:08:10.433513
echoran,bpt6k67025482,,failed,0,0,,no_usable_pages,known,,,bpt6k67025482: no usable pages in manifest.,2026-07-17T15:08:10.994375
echoran,bpt6k67025504,,failed,0,0,,no_usable_pages,known,,,bpt6k67025504: no usable pages in manifest.,2026-07-17T15:08:11.329536
echoran,bpt6k6702554s,,failed,0,0,,no_usable_pages,known,,,bpt6k6702554s: no usable pages in manifest.,2026-07-17T15:08:11.616164
echoran,bpt6k67025556,,failed,0,0,,no_usable_pages,known,,,bpt6k67025556: no usable pages in manifest.,2026-07-17T15:08:12.077338
echoran,bpt6k6702558f,,failed,0,0,,no_usable_pages,known,,,bpt6k6702558f: no usable pages in manifest.,2026-07-17T15:08:12.302600
echoran,bpt6k6702562b,,failed,0,0,,no_usable_pages,known,,,bpt6k6702562b: no usable pages in manifest.,2026-07-17T15:08:12.577940
echoran,bpt6k6702565k,,failed,0,0,,no_usable_pages,known,,,bpt6k6702565k: no usable pages in manifest.,2026-07-17T15:08:13.190867
echoran,bpt6k67025697,,failed,0,0,,no_usable_pages,known,,,bpt6k67025697: no usable pages in manifest.,2026-07-17T15:08:13.477697
echoran,bpt6k6702574j,,failed,0,0,,no_usable_pages,known,,,bpt6k6702574j: no usable pages in manifest.,2026-07-17T15:08:13.751581
echoran,bpt6k6702575z,,failed,0,0,,no_usable_pages,known,,,bpt6k6702575z: no usable pages in manifest.,2026-07-17T15:08:14.029961
echoran,bpt6k67025823,,failed,0,0,,no_usable_pages,known,,,bpt6k67025823: no usable pages in manifest.,2026-07-17T15:08:14.793597
echoran,bpt6k6717723r,,failed,0,0,,no_usable_pages,known,,,bpt6k6717723r: no usable pages in manifest.,2026-07-17T15:08:15.066936
echoran,bpt6k67177260,,failed,0,0,,no_usable_pages,known,,,bpt6k67177260: no usable pages in manifest.,2026-07-17T15:08:15.396969
echoran,bpt6k67177297,,failed,0,0,,no_usable_pages,known,,,bpt6k67177297: no usable pages in manifest.,2026-07-17T15:08:15.926471
echoran,bpt6k67177423,,failed,0,0,,no_usable_pages,known,,,bpt6k67177423: no usable pages in manifest.,2026-07-17T15:08:16.444549
echoran,bpt6k6717743h,,failed,0,0,,no_usable_pages,known,,,bpt6k6717743h: no usable pages in manifest.,2026-07-17T15:08:16.950725
echoran,bpt6k6717745b,,failed,0,0,,no_usable_pages,known,,,bpt6k6717745b: no usable pages in manifest.,2026-07-17T15:08:17.189924
echoran,bpt6k67177475,,failed,0,0,,no_usable_pages,known,,,bpt6k67177475: no usable pages in manifest.,2026-07-17T15:08:17.522742
echoran,bpt6k6717748k,,failed,0,0,,no_usable_pages,known,,,bpt6k6717748k: no usable pages in manifest.,2026-07-17T15:08:18.048602
echoran,bpt6k67177490,,failed,0,0,,no_usable_pages,known,,,bpt6k67177490: no usable pages in manifest.,2026-07-17T15:08:18.409679
echoran,bpt6k6717750n,,failed,0,0,,no_usable_pages,known,,,bpt6k6717750n: no usable pages in manifest.,2026-07-17T15:08:18.713926
echoran,bpt6k6717752g,,failed,0,0,,no_usable_pages,known,,,bpt6k6717752g: no usable pages in manifest.,2026-07-17T15:08:19.445593
echoran,bpt6k6717753w,,failed,0,0,,no_usable_pages,known,,,bpt6k6717753w: no usable pages in manifest.,2026-07-17T15:08:19.741310
echoran,bpt6k6717759c,,failed,0,0,,no_usable_pages,known,,,bpt6k6717759c: no usable pages in manifest.,2026-07-17T15:08:19.951341
echoran,bpt6k67177601,,failed,0,0,,no_usable_pages,known,,,bpt6k67177601: no usable pages in manifest.,2026-07-17T15:08:20.542941
echoran,bpt6k67177638,,failed,0,0,,no_usable_pages,known,,,bpt6k67177638: no usable pages in manifest.,2026-07-17T15:08:21.037348
echoran,bpt6k6717764p,,failed,0,0,,no_usable_pages,known,,,bpt6k6717764p: no usable pages in manifest.,2026-07-17T15:08:21.745760
echoran,bpt6k67177653,,failed,0,0,,no_usable_pages,known,,,bpt6k67177653: no usable pages in manifest.,2026-07-17T15:08:22.595469
echoran,bpt6k6717766h,,failed,0,0,,no_usable_pages,known,,,bpt6k6717766h: no usable pages in manifest.,2026-07-17T15:08:22.978273
echoran,bpt6k6717775g,,failed,0,0,,no_usable_pages,known,,,bpt6k6717775g: no usable pages in manifest.,2026-07-17T15:08:23.301440
echoran,bpt6k67177779,,failed,0,0,,no_usable_pages,known,,,bpt6k67177779: no usable pages in manifest.,2026-07-17T15:08:24.065907
echoran,bpt6k6717778q,,failed,0,0,,no_usable_pages,known,,,bpt6k6717778q: no usable pages in manifest.,2026-07-17T15:08:24.256883
echoran,bpt6k67177816,,failed,0,0,,no_usable_pages,known,,,bpt6k67177816: no usable pages in manifest.,2026-07-17T15:08:24.851946
echoran,bpt6k6717782m,,failed,0,0,,no_usable_pages,known,,,bpt6k6717782m: no usable pages in manifest.,2026-07-17T15:08:25.295219
echoran,bpt6k67177831,,failed,0,0,,no_usable_pages,known,,,bpt6k67177831: no usable pages in manifest.,2026-07-17T15:08:25.530917
echoran,bpt6k6717785v,,failed,0,0,,no_usable_pages,known,,,bpt6k6717785v: no usable pages in manifest.,2026-07-17T15:08:26.250217
echoran,bpt6k6717787p,,failed,0,0,,no_usable_pages,known,,,bpt6k6717787p: no usable pages in manifest.,2026-07-17T15:08:26.787478
echoran,bpt6k6717796n,,failed,0,0,,no_usable_pages,known,,,bpt6k6717796n: no usable pages in manifest.,2026-07-17T15:08:27.054653
echoran,bpt6k6717806k,,failed,0,0,,no_usable_pages,known,,,bpt6k6717806k: no usable pages in manifest.,2026-07-17T15:08:27.808805
echoran,bpt6k67178144,,failed,0,0,,no_usable_pages,known,,,bpt6k67178144: no usable pages in manifest.,2026-07-17T15:08:28.457084
echoran,bpt6k6717815j,,failed,0,0,,no_usable_pages,known,,,bpt6k6717815j: no usable pages in manifest.,2026-07-17T15:08:29.055051
echoran,bpt6k67178218,,failed,0,0,,no_usable_pages,known,,,bpt6k67178218: no usable pages in manifest.,2026-07-17T15:08:29.403604
echoran,bpt6k6717824h,,failed,0,0,,no_usable_pages,known,,,bpt6k6717824h: no usable pages in manifest.,2026-07-17T15:08:29.787093
echoran,bpt6k67178285,,failed,0,0,,no_usable_pages,known,,,bpt6k67178285: no usable pages in manifest.,2026-07-17T15:08:30.507693
echoran,bpt6k67178307,,failed,0,0,,no_usable_pages,known,,,bpt6k67178307: no usable pages in manifest.,2026-07-17T15:08:31.001158
echoran,bpt6k6717834w,,failed,0,0,,no_usable_pages,known,,,bpt6k6717834w: no usable pages in manifest.,2026-07-17T15:08:31.507763
echoran,bpt6k67178374,,failed,0,0,,no_usable_pages,known,,,bpt6k67178374: no usable pages in manifest.,2026-07-17T15:08:31.843974
echoran,bpt6k6717840m,,failed,0,0,,no_usable_pages,known,,,bpt6k6717840m: no usable pages in manifest.,2026-07-17T15:08:32.135561
echoran,bpt6k6717842f,,failed,0,0,,no_usable_pages,known,,,bpt6k6717842f: no usable pages in manifest.,2026-07-17T15:08:32.919833
echoran,bpt6k6717843v,,failed,0,0,,no_usable_pages,known,,,bpt6k6717843v: no usable pages in manifest.,2026-07-17T15:08:33.166866
echoran,bpt6k67178463,,failed,0,0,,no_usable_pages,known,,,bpt6k67178463: no usable pages in manifest.,2026-07-17T15:08:33.430429
echoran,bpt6k6717849b,,failed,0,0,,no_usable_pages,known,,,bpt6k6717849b: no usable pages in manifest.,2026-07-17T15:08:34.188584
echoran,bpt6k67178500,,failed,0,0,,no_usable_pages,known,,,bpt6k67178500: no usable pages in manifest.,2026-07-17T15:08:34.389421
echoran,bpt6k6717851d,,failed,0,0,,no_usable_pages,known,,,bpt6k6717851d: no usable pages in manifest.,2026-07-17T15:08:34.725960
echoran,bpt6k6717852t,,failed,0,0,,no_usable_pages,known,,,bpt6k6717852t: no usable pages in manifest.,2026-07-17T15:08:35.440708
echoran,bpt6k67178537,,failed,0,0,,no_usable_pages,known,,,bpt6k67178537: no usable pages in manifest.,2026-07-17T15:08:35.743892
echoran,bpt6k6717854n,,failed,0,0,,no_usable_pages,known,,,bpt6k6717854n: no usable pages in manifest.,2026-07-17T15:08:36.175358
echoran,bpt6k6717857w,,failed,0,0,,no_usable_pages,known,,,bpt6k6717857w: no usable pages in manifest.,2026-07-17T15:08:36.667891
echoran,bpt6k6717859q,,failed,0,0,,no_usable_pages,known,,,bpt6k6717859q: no usable pages in manifest.,2026-07-17T15:08:37.031496
echoran,bpt6k67178641,,failed,0,0,,no_usable_pages,known,,,bpt6k67178641: no usable pages in manifest.,2026-07-17T15:08:37.373304
echoran,bpt6k6717865f,,failed,0,0,,no_usable_pages,known,,,bpt6k6717865f: no usable pages in manifest.,2026-07-17T15:08:37.974017
echoran,bpt6k67178693,,failed,0,0,,no_usable_pages,known,,,bpt6k67178693: no usable pages in manifest.,2026-07-17T15:08:38.209560
echoran,bpt6k67178715,,failed,0,0,,no_usable_pages,known,,,bpt6k67178715: no usable pages in manifest.,2026-07-17T15:08:38.969809
echoran,bpt6k6717872k,,failed,0,0,,no_usable_pages,known,,,bpt6k6717872k: no usable pages in manifest.,2026-07-17T15:08:39.508281
echoran,bpt6k67178730,,failed,0,0,,no_usable_pages,known,,,bpt6k67178730: no usable pages in manifest.,2026-07-17T15:08:39.741643
echoran,bpt6k6717874d,,failed,0,0,,no_usable_pages,known,,,bpt6k6717874d: no usable pages in manifest.,2026-07-17T15:08:40.064923
echoran,bpt6k6717882z,,failed,0,0,,no_usable_pages,known,,,bpt6k6717882z: no usable pages in manifest.,2026-07-17T15:08:40.256573
echoran,bpt6k6717884s,,failed,0,0,,no_usable_pages,known,,,bpt6k6717884s: no usable pages in manifest.,2026-07-17T15:08:40.561665
echoran,bpt6k6717886m,,failed,0,0,,no_usable_pages,known,,,bpt6k6717886m: no usable pages in manifest.,2026-07-17T15:08:40.964656
echoran,bpt6k67178871,,failed,0,0,,no_usable_pages,known,,,bpt6k67178871: no usable pages in manifest.,2026-07-17T15:08:41.418921
echoran,bpt6k6717889v,,failed,0,0,,no_usable_pages,known,,,bpt6k6717889v: no usable pages in manifest.,2026-07-17T15:08:41.863493
echoran,bpt6k6717891x,,failed,0,0,,no_usable_pages,known,,,bpt6k6717891x: no usable pages in manifest.,2026-07-17T15:08:42.193338
echoran,bpt6k67178960,,failed,0,0,,no_usable_pages,known,,,bpt6k67178960: no usable pages in manifest.,2026-07-17T15:08:42.958315
echoran,bpt6k6717898t,,failed,0,0,,no_usable_pages,known,,,bpt6k6717898t: no usable pages in manifest.,2026-07-17T15:08:43.284385
echoran,bpt6k67179095,,failed,0,0,,no_usable_pages,known,,,bpt6k67179095: no usable pages in manifest.,2026-07-17T15:08:43.564657
echoran,bpt6k6717910t,,failed,0,0,,no_usable_pages,known,,,bpt6k6717910t: no usable pages in manifest.,2026-07-17T15:08:44.241306
echoran,bpt6k67179132,,failed,0,0,,no_usable_pages,known,,,bpt6k67179132: no usable pages in manifest.,2026-07-17T15:08:44.710541
echoran,bpt6k6717924v,,failed,0,0,,no_usable_pages,known,,,bpt6k6717924v: no usable pages in manifest.,2026-07-17T15:08:45.556906
echoran,bpt6k67179258,,failed,0,0,,no_usable_pages,known,,,bpt6k67179258: no usable pages in manifest.,2026-07-17T15:08:45.894478
echoran,bpt6k6717929x,,failed,0,0,,no_usable_pages,known,,,bpt6k6717929x: no usable pages in manifest.,2026-07-17T15:08:46.220831
echoran,bpt6k6717932d,,failed,0,0,,no_usable_pages,known,,,bpt6k6717932d: no usable pages in manifest.,2026-07-17T15:08:46.911752
echoran,bpt6k6717937g,,failed,0,0,,no_usable_pages,known,,,bpt6k6717937g: no usable pages in manifest.,2026-07-17T15:08:47.448104
echoran,bpt6k6717938w,,failed,0,0,,no_usable_pages,known,,,bpt6k6717938w: no usable pages in manifest.,2026-07-17T15:08:47.771060
echoran,bpt6k6717941c,,failed,0,0,,no_usable_pages,known,,,bpt6k6717941c: no usable pages in manifest.,2026-07-17T15:08:48.343400
echoran,bpt6k67179451,,failed,0,0,,no_usable_pages,known,,,bpt6k67179451: no usable pages in manifest.,2026-07-17T15:08:48.880604
echoran,bpt6k6717947v,,failed,0,0,,no_usable_pages,known,,,bpt6k6717947v: no usable pages in manifest.,2026-07-17T15:08:49.501435
echoran,bpt6k6717950b,,failed,0,0,,no_usable_pages,known,,,bpt6k6717950b: no usable pages in manifest.,2026-07-17T15:08:50.033727
echoran,bpt6k6717962j,,failed,0,0,,no_usable_pages,known,,,bpt6k6717962j: no usable pages in manifest.,2026-07-17T15:08:50.777512
echoran,bpt6k6717964c,,failed,0,0,,no_usable_pages,known,,,bpt6k6717964c: no usable pages in manifest.,2026-07-17T15:08:51.076979
echoran,bpt6k6717965s,,failed,0,0,,no_usable_pages,known,,,bpt6k6717965s: no usable pages in manifest.,2026-07-17T15:08:51.351552
echoran,bpt6k67179666,,failed,0,0,,no_usable_pages,known,,,bpt6k67179666: no usable pages in manifest.,2026-07-17T15:08:51.750889
echoran,bpt6k67179681,,failed,0,0,,no_usable_pages,known,,,bpt6k67179681: no usable pages in manifest.,2026-07-17T15:08:52.098241
echoran,bpt6k6717971h,,failed,0,0,,no_usable_pages,known,,,bpt6k6717971h: no usable pages in manifest.,2026-07-17T15:08:52.490674
echoran,bpt6k6717972x,,failed,0,0,,no_usable_pages,known,,,bpt6k6717972x: no usable pages in manifest.,2026-07-17T15:08:53.247194
echoran,bpt6k6717974r,,failed,0,0,,no_usable_pages,known,,,bpt6k6717974r: no usable pages in manifest.,2026-07-17T15:08:53.536978
echoran,bpt6k67179770,,failed,0,0,,no_usable_pages,known,,,bpt6k67179770: no usable pages in manifest.,2026-07-17T15:08:54.184142
echoran,bpt6k6717978d,,failed,0,0,,no_usable_pages,known,,,bpt6k6717978d: no usable pages in manifest.,2026-07-17T15:08:54.682621
echoran,bpt6k6717985j,,failed,0,0,,no_usable_pages,known,,,bpt6k6717985j: no usable pages in manifest.,2026-07-17T15:08:55.338434
echoran,bpt6k6717987c,,failed,0,0,,no_usable_pages,known,,,bpt6k6717987c: no usable pages in manifest.,2026-07-17T15:08:55.482077
echoran,bpt6k6717988s,,failed,0,0,,no_usable_pages,known,,,bpt6k6717988s: no usable pages in manifest.,2026-07-17T15:08:55.853835
echoran,bpt6k6717990v,,failed,0,0,,no_usable_pages,known,,,bpt6k6717990v: no usable pages in manifest.,2026-07-17T15:08:56.701294
echoran,bpt6k67179918,,failed,0,0,,no_usable_pages,known,,,bpt6k67179918: no usable pages in manifest.,2026-07-17T15:08:56.986449
echoran,bpt6k6717995x,,failed,0,0,,no_usable_pages,known,,,bpt6k6717995x: no usable pages in manifest.,2026-07-17T15:08:57.427533
echoran,bpt6k6717996b,,failed,0,0,,no_usable_pages,known,,,bpt6k6717996b: no usable pages in manifest.,2026-07-17T15:08:57.774044
echoran,bpt6k6717997r,,failed,0,0,,no_usable_pages,known,,,bpt6k6717997r: no usable pages in manifest.,2026-07-17T15:08:58.057153
echoran,bpt6k6717999k,,failed,0,0,,no_usable_pages,known,,,bpt6k6717999k: no usable pages in manifest.,2026-07-17T15:08:58.330222
echoran,bpt6k6718000n,,failed,0,0,,no_usable_pages,known,,,bpt6k6718000n: no usable pages in manifest.,2026-07-17T15:08:58.736344
echoran,bpt6k67180012,,failed,0,0,,no_usable_pages,known,,,bpt6k67180012: no usable pages in manifest.,2026-07-17T15:08:59.013877
echoran,bpt6k6718002g,,failed,0,0,,no_usable_pages,known,,,bpt6k6718002g: no usable pages in manifest.,2026-07-17T15:08:59.432365
echoran,bpt6k67180049,,failed,0,0,,no_usable_pages,known,,,bpt6k67180049: no usable pages in manifest.,2026-07-17T15:09:00.025563
echoran,bpt6k6718005q,,failed,0,0,,no_usable_pages,known,,,bpt6k6718005q: no usable pages in manifest.,2026-07-17T15:09:00.391375
echoran,bpt6k67180064,,failed,0,0,,no_usable_pages,known,,,bpt6k67180064: no usable pages in manifest.,2026-07-17T15:09:00.722100
echoran,bpt6k6718008z,,failed,0,0,,no_usable_pages,known,,,bpt6k6718008z: no usable pages in manifest.,2026-07-17T15:09:01.450495
echoran,bpt6k6718009c,,failed,0,0,,no_usable_pages,known,,,bpt6k6718009c: no usable pages in manifest.,2026-07-17T15:09:01.692229
echoran,bpt6k67180101,,failed,0,0,,no_usable_pages,known,,,bpt6k67180101: no usable pages in manifest.,2026-07-17T15:09:01.906211
echoran,bpt6k6718011f,,failed,0,0,,no_usable_pages,known,,,bpt6k6718011f: no usable pages in manifest.,2026-07-17T15:09:02.288498
echoran,bpt6k6718012v,,failed,0,0,,no_usable_pages,known,,,bpt6k6718012v: no usable pages in manifest.,2026-07-17T15:09:02.614895
echoran,bpt6k6718016h,,failed,0,0,,no_usable_pages,known,,,bpt6k6718016h: no usable pages in manifest.,2026-07-17T15:09:02.936184
echoran,bpt6k6718018b,,failed,0,0,,no_usable_pages,known,,,bpt6k6718018b: no usable pages in manifest.,2026-07-17T15:09:03.479898
echoran,bpt6k6718019r,,failed,0,0,,no_usable_pages,known,,,bpt6k6718019r: no usable pages in manifest.,2026-07-17T15:09:03.895207
echoran,bpt6k6718020d,,failed,0,0,,no_usable_pages,known,,,bpt6k6718020d: no usable pages in manifest.,2026-07-17T15:09:04.141479
echoran,bpt6k6718021t,,failed,0,0,,no_usable_pages,known,,,bpt6k6718021t: no usable pages in manifest.,2026-07-17T15:09:04.741457
echoran,bpt6k67180227,,failed,0,0,,no_usable_pages,known,,,bpt6k67180227: no usable pages in manifest.,2026-07-17T15:09:05.251701
echoran,bpt6k67180242,,failed,0,0,,no_usable_pages,known,,,bpt6k67180242: no usable pages in manifest.,2026-07-17T15:09:05.508065
echoran,bpt6k6718025g,,failed,0,0,,no_usable_pages,known,,,bpt6k6718025g: no usable pages in manifest.,2026-07-17T15:09:05.877589
echoran,bpt6k6718026w,,failed,0,0,,no_usable_pages,known,,,bpt6k6718026w: no usable pages in manifest.,2026-07-17T15:09:06.207542
echoran,bpt6k67180279,,failed,0,0,,no_usable_pages,known,,,bpt6k67180279: no usable pages in manifest.,2026-07-17T15:09:06.592123
echoran,bpt6k67180294,,failed,0,0,,no_usable_pages,known,,,bpt6k67180294: no usable pages in manifest.,2026-07-17T15:09:07.130748
echoran,bpt6k67180316,,failed,0,0,,no_usable_pages,known,,,bpt6k67180316: no usable pages in manifest.,2026-07-17T15:09:07.804755
echoran,bpt6k67180331,,failed,0,0,,no_usable_pages,known,,,bpt6k67180331: no usable pages in manifest.,2026-07-17T15:09:08.115849
echoran,bpt6k6718034f,,failed,0,0,,no_usable_pages,known,,,bpt6k6718034f: no usable pages in manifest.,2026-07-17T15:09:08.464812
echoran,bpt6k6718035v,,failed,0,0,,no_usable_pages,known,,,bpt6k6718035v: no usable pages in manifest.,2026-07-17T15:09:08.686921
echoran,bpt6k67180368,,failed,0,0,,no_usable_pages,known,,,bpt6k67180368: no usable pages in manifest.,2026-07-17T15:09:08.970731
echoran,bpt6k67180383,,failed,0,0,,no_usable_pages,known,,,bpt6k67180383: no usable pages in manifest.,2026-07-17T15:09:09.673602
echoran,bpt6k67180405,,failed,0,0,,no_usable_pages,known,,,bpt6k67180405: no usable pages in manifest.,2026-07-17T15:09:10.006255
echoran,bpt6k6718041k,,failed,0,0,,no_usable_pages,known,,,bpt6k6718041k: no usable pages in manifest.,2026-07-17T15:09:10.194896
echoran,bpt6k67180420,,failed,0,0,,no_usable_pages,known,,,bpt6k67180420: no usable pages in manifest.,2026-07-17T15:09:10.696536
echoran,bpt6k6718043d,,failed,0,0,,no_usable_pages,known,,,bpt6k6718043d: no usable pages in manifest.,2026-07-17T15:09:11.096513
echoran,bpt6k6718044t,,failed,0,0,,no_usable_pages,known,,,bpt6k6718044t: no usable pages in manifest.,2026-07-17T15:09:11.557766
echoran,bpt6k67180457,,failed,0,0,,no_usable_pages,known,,,bpt6k67180457: no usable pages in manifest.,2026-07-17T15:09:12.186363
echoran,bpt6k6718046n,,failed,0,0,,no_usable_pages,known,,,bpt6k6718046n: no usable pages in manifest.,2026-07-17T15:09:12.463759
echoran,bpt6k6718048g,,failed,0,0,,no_usable_pages,known,,,bpt6k6718048g: no usable pages in manifest.,2026-07-17T15:09:13.319089
echoran,bpt6k6718051z,,failed,0,0,,no_usable_pages,known,,,bpt6k6718051z: no usable pages in manifest.,2026-07-17T15:09:13.591551
echoran,bpt6k6718053s,,failed,0,0,,no_usable_pages,known,,,bpt6k6718053s: no usable pages in manifest.,2026-07-17T15:09:13.887719
echoran,bpt6k67180546,,failed,0,0,,no_usable_pages,known,,,bpt6k67180546: no usable pages in manifest.,2026-07-17T15:09:14.489542
echoran,bpt6k6718055m,,failed,0,0,,no_usable_pages,known,,,bpt6k6718055m: no usable pages in manifest.,2026-07-17T15:09:14.871078
echoran,bpt6k67180561,,failed,0,0,,no_usable_pages,known,,,bpt6k67180561: no usable pages in manifest.,2026-07-17T15:09:15.415097
echoran,bpt6k6718060x,,failed,0,0,,no_usable_pages,known,,,bpt6k6718060x: no usable pages in manifest.,2026-07-17T15:09:15.792990
echoran,bpt6k6718061b,,failed,0,0,,no_usable_pages,known,,,bpt6k6718061b: no usable pages in manifest.,2026-07-17T15:09:16.058625
echoran,bpt6k6718062r,,failed,0,0,,no_usable_pages,known,,,bpt6k6718062r: no usable pages in manifest.,2026-07-17T15:09:16.648679
echoran,bpt6k67180635,,failed,0,0,,no_usable_pages,known,,,bpt6k67180635: no usable pages in manifest.,2026-07-17T15:09:17.131324
echoran,bpt6k6718064k,,failed,0,0,,no_usable_pages,known,,,bpt6k6718064k: no usable pages in manifest.,2026-07-17T15:09:17.732999
echoran,bpt6k6718066d,,failed,0,0,,no_usable_pages,known,,,bpt6k6718066d: no usable pages in manifest.,2026-07-17T15:09:18.099808
echoran,bpt6k6718067t,,failed,0,0,,no_usable_pages,known,,,bpt6k6718067t: no usable pages in manifest.,2026-07-17T15:09:18.381028
echoran,bpt6k67180687,,failed,0,0,,no_usable_pages,known,,,bpt6k67180687: no usable pages in manifest.,2026-07-17T15:09:18.960405
echoran,bpt6k6718069n,,failed,0,0,,no_usable_pages,known,,,bpt6k6718069n: no usable pages in manifest.,2026-07-17T15:09:19.366668
echoran,bpt6k67180709,,failed,0,0,,no_usable_pages,known,,,bpt6k67180709: no usable pages in manifest.,2026-07-17T15:09:19.661465
echoran,bpt6k6718071q,,failed,0,0,,no_usable_pages,known,,,bpt6k6718071q: no usable pages in manifest.,2026-07-17T15:09:20.243058
echoran,bpt6k67180724,,failed,0,0,,no_usable_pages,known,,,bpt6k67180724: no usable pages in manifest.,2026-07-17T15:09:20.703531
echoran,bpt6k6718073j,,failed,0,0,,no_usable_pages,known,,,bpt6k6718073j: no usable pages in manifest.,2026-07-17T15:09:21.223766
echoran,bpt6k67180776,,failed,0,0,,no_usable_pages,known,,,bpt6k67180776: no usable pages in manifest.,2026-07-17T15:09:21.710577
echoran,bpt6k6718080p,,failed,0,0,,no_usable_pages,known,,,bpt6k6718080p: no usable pages in manifest.,2026-07-17T15:09:22.198102
echoran,bpt6k67180813,,failed,0,0,,no_usable_pages,known,,,bpt6k67180813: no usable pages in manifest.,2026-07-17T15:09:23.048257
echoran,bpt6k6718082h,,failed,0,0,,no_usable_pages,known,,,bpt6k6718082h: no usable pages in manifest.,2026-07-17T15:09:23.383470
echoran,bpt6k6718083x,,failed,0,0,,no_usable_pages,known,,,bpt6k6718083x: no usable pages in manifest.,2026-07-17T15:09:23.868709
echoran,bpt6k6718084b,,failed,0,0,,no_usable_pages,known,,,bpt6k6718084b: no usable pages in manifest.,2026-07-17T15:09:24.281642
echoran,bpt6k6718085r,,failed,0,0,,no_usable_pages,known,,,bpt6k6718085r: no usable pages in manifest.,2026-07-17T15:09:24.600652
echoran,bpt6k67180865,,failed,0,0,,no_usable_pages,known,,,bpt6k67180865: no usable pages in manifest.,2026-07-17T15:09:25.155894
echoran,bpt6k6718091g,,failed,0,0,,no_usable_pages,known,,,bpt6k6718091g: no usable pages in manifest.,2026-07-17T15:09:25.699845
echoran,bpt6k6718094q,,failed,0,0,,no_usable_pages,known,,,bpt6k6718094q: no usable pages in manifest.,2026-07-17T15:09:26.334633
echoran,bpt6k6718096j,,failed,0,0,,no_usable_pages,known,,,bpt6k6718096j: no usable pages in manifest.,2026-07-17T15:09:26.811643
echoran,bpt6k6718097z,,failed,0,0,,no_usable_pages,known,,,bpt6k6718097z: no usable pages in manifest.,2026-07-17T15:09:27.708913
echoran,bpt6k6718104n,,failed,0,0,,no_usable_pages,known,,,bpt6k6718104n: no usable pages in manifest.,2026-07-17T15:09:28.648475
echoran,bpt6k67181052,,failed,0,0,,no_usable_pages,known,,,bpt6k67181052: no usable pages in manifest.,2026-07-17T15:09:29.349896
echoran,bpt6k6718106g,,failed,0,0,,no_usable_pages,known,,,bpt6k6718106g: no usable pages in manifest.,2026-07-17T15:09:30.023301
echoran,bpt6k6718110c,,failed,0,0,,no_usable_pages,known,,,bpt6k6718110c: no usable pages in manifest.,2026-07-17T15:09:30.951247
echoran,bpt6k67181141,,failed,0,0,,no_usable_pages,known,,,bpt6k67181141: no usable pages in manifest.,2026-07-17T15:09:31.566859
echoran,bpt6k6718115f,,failed,0,0,,no_usable_pages,known,,,bpt6k6718115f: no usable pages in manifest.,2026-07-17T15:09:31.881251
echoran,bpt6k6718118p,,failed,0,0,,no_usable_pages,known,,,bpt6k6718118p: no usable pages in manifest.,2026-07-17T15:09:32.201379
echoran,bpt6k67181193,,failed,0,0,,no_usable_pages,known,,,bpt6k67181193: no usable pages in manifest.,2026-07-17T15:09:32.963619
echoran,bpt6k6718120r,,failed,0,0,,no_usable_pages,known,,,bpt6k6718120r: no usable pages in manifest.,2026-07-17T15:09:33.249047
echoran,bpt6k67181215,,failed,0,0,,no_usable_pages,known,,,bpt6k67181215: no usable pages in manifest.,2026-07-17T15:09:33.553351
echoran,bpt6k67181230,,failed,0,0,,no_usable_pages,known,,,bpt6k67181230: no usable pages in manifest.,2026-07-17T15:09:34.156113
echoran,bpt6k6718127n,,failed,0,0,,no_usable_pages,known,,,bpt6k6718127n: no usable pages in manifest.,2026-07-17T15:09:34.436193
echoran,bpt6k67181282,,failed,0,0,,no_usable_pages,known,,,bpt6k67181282: no usable pages in manifest.,2026-07-17T15:09:34.713344
echoran,bpt6k6718134s,,failed,0,0,,no_usable_pages,known,,,bpt6k6718134s: no usable pages in manifest.,2026-07-17T15:09:35.509751
echoran,bpt6k6718138f,,failed,0,0,,no_usable_pages,known,,,bpt6k6718138f: no usable pages in manifest.,2026-07-17T15:09:35.835670
echoran,bpt6k6718143r,,failed,0,0,,no_usable_pages,known,,,bpt6k6718143r: no usable pages in manifest.,2026-07-17T15:09:36.402573
echoran,bpt6k6718145k,,failed,0,0,,no_usable_pages,known,,,bpt6k6718145k: no usable pages in manifest.,2026-07-17T15:09:37.054640
echoran,bpt6k6718148t,,failed,0,0,,no_usable_pages,known,,,bpt6k6718148t: no usable pages in manifest.,2026-07-17T15:09:37.850482
echoran,bpt6k67181519,,failed,0,0,,no_usable_pages,known,,,bpt6k67181519: no usable pages in manifest.,2026-07-17T15:09:38.495368
echoran,bpt6k6718152q,,failed,0,0,,no_usable_pages,known,,,bpt6k6718152q: no usable pages in manifest.,2026-07-17T15:09:39.302274
echoran,bpt6k6718154j,,failed,0,0,,no_usable_pages,known,,,bpt6k6718154j: no usable pages in manifest.,2026-07-17T15:09:39.636376
echoran,bpt6k6718155z,,failed,0,0,,no_usable_pages,known,,,bpt6k6718155z: no usable pages in manifest.,2026-07-17T15:09:40.191445
echoran,bpt6k6718157s,,failed,0,0,,no_usable_pages,known,,,bpt6k6718157s: no usable pages in manifest.,2026-07-17T15:09:40.559881
echoran,bpt6k6718159m,,failed,0,0,,no_usable_pages,known,,,bpt6k6718159m: no usable pages in manifest.,2026-07-17T15:09:41.053510
echoran,bpt6k6718161p,,failed,0,0,,no_usable_pages,known,,,bpt6k6718161p: no usable pages in manifest.,2026-07-17T15:09:41.671743
echoran,bpt6k67181623,,failed,0,0,,no_usable_pages,known,,,bpt6k67181623: no usable pages in manifest.,2026-07-17T15:09:42.119200
echoran,bpt6k6718164x,,failed,0,0,,no_usable_pages,known,,,bpt6k6718164x: no usable pages in manifest.,2026-07-17T15:09:42.807970
echoran,bpt6k6718165b,,failed,0,0,,no_usable_pages,known,,,bpt6k6718165b: no usable pages in manifest.,2026-07-17T15:09:43.582628
echoran,bpt6k67181675,,failed,0,0,,no_usable_pages,known,,,bpt6k67181675: no usable pages in manifest.,2026-07-17T15:09:44.132562
echoran,bpt6k67181690,,failed,0,0,,no_usable_pages,known,,,bpt6k67181690: no usable pages in manifest.,2026-07-17T15:09:44.785617
echoran,bpt6k6718170n,,failed,0,0,,no_usable_pages,known,,,bpt6k6718170n: no usable pages in manifest.,2026-07-17T15:09:45.323982
echoran,bpt6k6718173w,,failed,0,0,,no_usable_pages,known,,,bpt6k6718173w: no usable pages in manifest.,2026-07-17T15:09:45.658416
echoran,bpt6k67181749,,failed,0,0,,no_usable_pages,known,,,bpt6k67181749: no usable pages in manifest.,2026-07-17T15:09:46.276301
echoran,bpt6k6718175q,,failed,0,0,,no_usable_pages,known,,,bpt6k6718175q: no usable pages in manifest.,2026-07-17T15:09:46.747144
echoran,bpt6k67181764,,failed,0,0,,no_usable_pages,known,,,bpt6k67181764: no usable pages in manifest.,2026-07-17T15:09:47.522455
echoran,bpt6k6718177j,,failed,0,0,,no_usable_pages,known,,,bpt6k6718177j: no usable pages in manifest.,2026-07-17T15:09:47.939940
echoran,bpt6k6718178z,,failed,0,0,,no_usable_pages,known,,,bpt6k6718178z: no usable pages in manifest.,2026-07-17T15:09:48.697547
echoran,bpt6k67181801,,failed,0,0,,no_usable_pages,known,,,bpt6k67181801: no usable pages in manifest.,2026-07-17T15:09:48.901039
echoran,bpt6k6718181f,,failed,0,0,,no_usable_pages,known,,,bpt6k6718181f: no usable pages in manifest.,2026-07-17T15:09:49.187271
echoran,bpt6k67181853,,failed,0,0,,no_usable_pages,known,,,bpt6k67181853: no usable pages in manifest.,2026-07-17T15:09:49.557484
echoran,bpt6k6718186h,,failed,0,0,,no_usable_pages,known,,,bpt6k6718186h: no usable pages in manifest.,2026-07-17T15:09:50.051341
echoran,bpt6k6718188b,,failed,0,0,,no_usable_pages,known,,,bpt6k6718188b: no usable pages in manifest.,2026-07-17T15:09:50.320060
echoran,bpt6k6718189r,,failed,0,0,,no_usable_pages,known,,,bpt6k6718189r: no usable pages in manifest.,2026-07-17T15:09:50.767080
echoran,bpt6k6718190d,,failed,0,0,,no_usable_pages,known,,,bpt6k6718190d: no usable pages in manifest.,2026-07-17T15:09:51.216092
echoran,bpt6k6718196w,,failed,0,0,,no_usable_pages,known,,,bpt6k6718196w: no usable pages in manifest.,2026-07-17T15:09:51.561121
echoran,bpt6k6718203k,,failed,0,0,,no_usable_pages,known,,,bpt6k6718203k: no usable pages in manifest.,2026-07-17T15:09:51.907474
echoran,bpt6k6718205d,,failed,0,0,,no_usable_pages,known,,,bpt6k6718205d: no usable pages in manifest.,2026-07-17T15:09:52.279514
echoran,bpt6k6718206t,,failed,0,0,,no_usable_pages,known,,,bpt6k6718206t: no usable pages in manifest.,2026-07-17T15:09:52.507184
echoran,bpt6k67182077,,failed,0,0,,no_usable_pages,known,,,bpt6k67182077: no usable pages in manifest.,2026-07-17T15:09:52.901489
echoran,bpt6k67182092,,failed,0,0,,no_usable_pages,known,,,bpt6k67182092: no usable pages in manifest.,2026-07-17T15:09:53.118866
echoran,bpt6k6718215s,,failed,0,0,,no_usable_pages,known,,,bpt6k6718215s: no usable pages in manifest.,2026-07-17T15:09:53.716219
echoran,bpt6k67182166,,failed,0,0,,no_usable_pages,known,,,bpt6k67182166: no usable pages in manifest.,2026-07-17T15:09:54.081757
echoran,bpt6k67182203,,failed,0,0,,no_usable_pages,known,,,bpt6k67182203: no usable pages in manifest.,2026-07-17T15:09:54.356322
echoran,bpt6k6718223b,,failed,0,0,,no_usable_pages,known,,,bpt6k6718223b: no usable pages in manifest.,2026-07-17T15:09:54.778852
echoran,bpt6k6718224r,,failed,0,0,,no_usable_pages,known,,,bpt6k6718224r: no usable pages in manifest.,2026-07-17T15:09:55.288599
echoran,bpt6k67182255,,failed,0,0,,no_usable_pages,known,,,bpt6k67182255: no usable pages in manifest.,2026-07-17T15:09:55.782690
echoran,bpt6k6718228d,,failed,0,0,,no_usable_pages,known,,,bpt6k6718228d: no usable pages in manifest.,2026-07-17T15:09:56.208206
echoran,bpt6k6718229t,,failed,0,0,,no_usable_pages,known,,,bpt6k6718229t: no usable pages in manifest.,2026-07-17T15:09:56.730734
echoran,bpt6k6718231w,,failed,0,0,,no_usable_pages,known,,,bpt6k6718231w: no usable pages in manifest.,2026-07-17T15:09:57.322764
echoran,bpt6k67182329,,failed,0,0,,no_usable_pages,known,,,bpt6k67182329: no usable pages in manifest.,2026-07-17T15:09:57.840244
echoran,bpt6k6718233q,,failed,0,0,,no_usable_pages,known,,,bpt6k6718233q: no usable pages in manifest.,2026-07-17T15:09:58.387262
echoran,bpt6k67182344,,failed,0,0,,no_usable_pages,known,,,bpt6k67182344: no usable pages in manifest.,2026-07-17T15:09:58.839005
echoran,bpt6k6718235j,,failed,0,0,,no_usable_pages,known,,,bpt6k6718235j: no usable pages in manifest.,2026-07-17T15:09:59.126879
echoran,bpt6k6718236z,,failed,0,0,,no_usable_pages,known,,,bpt6k6718236z: no usable pages in manifest.,2026-07-17T15:09:59.473064
echoran,bpt6k6718237c,,failed,0,0,,no_usable_pages,known,,,bpt6k6718237c: no usable pages in manifest.,2026-07-17T15:10:00.035385
echoran,bpt6k6718238s,,failed,0,0,,no_usable_pages,known,,,bpt6k6718238s: no usable pages in manifest.,2026-07-17T15:10:00.686214
echoran,bpt6k67182396,,failed,0,0,,no_usable_pages,known,,,bpt6k67182396: no usable pages in manifest.,2026-07-17T15:10:01.103214
echoran,bpt6k6718240v,,failed,0,0,,no_usable_pages,known,,,bpt6k6718240v: no usable pages in manifest.,2026-07-17T15:10:01.523181
echoran,bpt6k67182418,,failed,0,0,,no_usable_pages,known,,,bpt6k67182418: no usable pages in manifest.,2026-07-17T15:10:02.085662
echoran,bpt6k6718242p,,failed,0,0,,no_usable_pages,known,,,bpt6k6718242p: no usable pages in manifest.,2026-07-17T15:10:02.593020
echoran,bpt6k67182433,,failed,0,0,,no_usable_pages,known,,,bpt6k67182433: no usable pages in manifest.,2026-07-17T15:10:03.161492
echoran,bpt6k6718244h,,failed,0,0,,no_usable_pages,known,,,bpt6k6718244h: no usable pages in manifest.,2026-07-17T15:10:03.495094
echoran,bpt6k6718245x,,failed,0,0,,no_usable_pages,known,,,bpt6k6718245x: no usable pages in manifest.,2026-07-17T15:10:04.132438
echoran,bpt6k6718247r,,failed,0,0,,no_usable_pages,known,,,bpt6k6718247r: no usable pages in manifest.,2026-07-17T15:10:04.803188
echoran,bpt6k67182485,,failed,0,0,,no_usable_pages,known,,,bpt6k67182485: no usable pages in manifest.,2026-07-17T15:10:05.285814
echoran,bpt6k6718249k,,failed,0,0,,no_usable_pages,known,,,bpt6k6718249k: no usable pages in manifest.,2026-07-17T15:10:06.149679
echoran,bpt6k67182507,,failed,0,0,,no_usable_pages,known,,,bpt6k67182507: no usable pages in manifest.,2026-07-17T15:10:06.578057
echoran,bpt6k6718251n,,failed,0,0,,no_usable_pages,known,,,bpt6k6718251n: no usable pages in manifest.,2026-07-17T15:10:06.928676
echoran,bpt6k67182522,,failed,0,0,,no_usable_pages,known,,,bpt6k67182522: no usable pages in manifest.,2026-07-17T15:10:07.669689
echoran,bpt6k6718253g,,failed,0,0,,no_usable_pages,known,,,bpt6k6718253g: no usable pages in manifest.,2026-07-17T15:10:08.440672
echoran,bpt6k6718254w,,failed,0,0,,no_usable_pages,known,,,bpt6k6718254w: no usable pages in manifest.,2026-07-17T15:10:09.039810
echoran,bpt6k67182559,,failed,0,0,,no_usable_pages,known,,,bpt6k67182559: no usable pages in manifest.,2026-07-17T15:10:09.345241
echoran,bpt6k6718256q,,failed,0,0,,no_usable_pages,known,,,bpt6k6718256q: no usable pages in manifest.,2026-07-17T15:10:09.727606
echoran,bpt6k67182574,,failed,0,0,,no_usable_pages,known,,,bpt6k67182574: no usable pages in manifest.,2026-07-17T15:10:10.950474
echoran,bpt6k6718258j,,failed,0,0,,no_usable_pages,known,,,bpt6k6718258j: no usable pages in manifest.,2026-07-17T15:10:11.912890
echoran,bpt6k6718259z,,failed,0,0,,no_usable_pages,known,,,bpt6k6718259z: no usable pages in manifest.,2026-07-17T15:10:12.323272
echoran,bpt6k67182611,,failed,0,0,,no_usable_pages,known,,,bpt6k67182611: no usable pages in manifest.,2026-07-17T15:10:12.624670
echoran,bpt6k6718262f,,failed,0,0,,no_usable_pages,known,,,bpt6k6718262f: no usable pages in manifest.,2026-07-17T15:10:13.223619
echoran,bpt6k6718263v,,failed,0,0,,no_usable_pages,known,,,bpt6k6718263v: no usable pages in manifest.,2026-07-17T15:10:13.678274
echoran,bpt6k67182648,,failed,0,0,,no_usable_pages,known,,,bpt6k67182648: no usable pages in manifest.,2026-07-17T15:10:14.017997
echoran,bpt6k6718265p,,failed,0,0,,no_usable_pages,known,,,bpt6k6718265p: no usable pages in manifest.,2026-07-17T15:10:14.799188
echoran,bpt6k67182663,,failed,0,0,,no_usable_pages,known,,,bpt6k67182663: no usable pages in manifest.,2026-07-17T15:10:15.152932
echoran,bpt6k6718267h,,failed,0,0,,no_usable_pages,known,,,bpt6k6718267h: no usable pages in manifest.,2026-07-17T15:10:15.644893
echoran,bpt6k6718268x,,failed,0,0,,no_usable_pages,known,,,bpt6k6718268x: no usable pages in manifest.,2026-07-17T15:10:15.985900
echoran,bpt6k6718269b,,failed,0,0,,no_usable_pages,known,,,bpt6k6718269b: no usable pages in manifest.,2026-07-17T15:10:16.473602
echoran,bpt6k67182700,,failed,0,0,,no_usable_pages,known,,,bpt6k67182700: no usable pages in manifest.,2026-07-17T15:10:17.024624
echoran,bpt6k6718271d,,failed,0,0,,no_usable_pages,known,,,bpt6k6718271d: no usable pages in manifest.,2026-07-17T15:10:17.357283
echoran,bpt6k6718272t,,failed,0,0,,no_usable_pages,known,,,bpt6k6718272t: no usable pages in manifest.,2026-07-17T15:10:17.556147
echoran,bpt6k67182737,,failed,0,0,,no_usable_pages,known,,,bpt6k67182737: no usable pages in manifest.,2026-07-17T15:10:17.785629
echoran,bpt6k6718274n,,failed,0,0,,no_usable_pages,known,,,bpt6k6718274n: no usable pages in manifest.,2026-07-17T15:10:18.738543
echoran,bpt6k67182752,,failed,0,0,,no_usable_pages,known,,,bpt6k67182752: no usable pages in manifest.,2026-07-17T15:10:19.013438
echoran,bpt6k6718276g,,failed,0,0,,no_usable_pages,known,,,bpt6k6718276g: no usable pages in manifest.,2026-07-17T15:10:19.502702
echoran,bpt6k6718277w,,failed,0,0,,no_usable_pages,known,,,bpt6k6718277w: no usable pages in manifest.,2026-07-17T15:10:19.856767
echoran,bpt6k67182789,,failed,0,0,,no_usable_pages,known,,,bpt6k67182789: no usable pages in manifest.,2026-07-17T15:10:20.240245
echoran,bpt6k6718279q,,failed,0,0,,no_usable_pages,known,,,bpt6k6718279q: no usable pages in manifest.,2026-07-17T15:10:21.068154
echoran,bpt6k6718280c,,failed,0,0,,no_usable_pages,known,,,bpt6k6718280c: no usable pages in manifest.,2026-07-17T15:10:21.529582
echoran,bpt6k6718281s,,failed,0,0,,no_usable_pages,known,,,bpt6k6718281s: no usable pages in manifest.,2026-07-17T15:10:22.309249
echoran,bpt6k67182826,,failed,0,0,,no_usable_pages,known,,,bpt6k67182826: no usable pages in manifest.,2026-07-17T15:10:22.658884
echoran,bpt6k6718283m,,failed,0,0,,no_usable_pages,known,,,bpt6k6718283m: no usable pages in manifest.,2026-07-17T15:10:23.082256
echoran,bpt6k67182841,,failed,0,0,,no_usable_pages,known,,,bpt6k67182841: no usable pages in manifest.,2026-07-17T15:10:23.776035
echoran,bpt6k6718285f,,failed,0,0,,no_usable_pages,known,,,bpt6k6718285f: no usable pages in manifest.,2026-07-17T15:10:23.996204
echoran,bpt6k6718286v,,failed,0,0,,no_usable_pages,known,,,bpt6k6718286v: no usable pages in manifest.,2026-07-17T15:10:24.333126
echoran,bpt6k67182878,,failed,0,0,,no_usable_pages,known,,,bpt6k67182878: no usable pages in manifest.,2026-07-17T15:10:24.980819
echoran,bpt6k6718288p,,failed,0,0,,no_usable_pages,known,,,bpt6k6718288p: no usable pages in manifest.,2026-07-17T15:10:25.248601
echoran,bpt6k67182893,,failed,0,0,,no_usable_pages,known,,,bpt6k67182893: no usable pages in manifest.,2026-07-17T15:10:25.577074
echoran,bpt6k6718290r,,failed,0,0,,no_usable_pages,known,,,bpt6k6718290r: no usable pages in manifest.,2026-07-17T15:10:26.069412
echoran,bpt6k67182915,,failed,0,0,,no_usable_pages,known,,,bpt6k67182915: no usable pages in manifest.,2026-07-17T15:10:26.328953
echoran,bpt6k6718292k,,failed,0,0,,no_usable_pages,known,,,bpt6k6718292k: no usable pages in manifest.,2026-07-17T15:10:27.061515
echoran,bpt6k67182930,,failed,0,0,,no_usable_pages,known,,,bpt6k67182930: no usable pages in manifest.,2026-07-17T15:10:27.471740
echoran,bpt6k6718294d,,failed,0,0,,no_usable_pages,known,,,bpt6k6718294d: no usable pages in manifest.,2026-07-17T15:10:28.037934
echoran,bpt6k6718295t,,failed,0,0,,no_usable_pages,known,,,bpt6k6718295t: no usable pages in manifest.,2026-07-17T15:10:28.808972
echoran,bpt6k67182967,,failed,0,0,,no_usable_pages,known,,,bpt6k67182967: no usable pages in manifest.,2026-07-17T15:10:29.077377
echoran,bpt6k6718297n,,failed,0,0,,no_usable_pages,known,,,bpt6k6718297n: no usable pages in manifest.,2026-07-17T15:10:29.480074
echoran,bpt6k67182982,,failed,0,0,,no_usable_pages,known,,,bpt6k67182982: no usable pages in manifest.,2026-07-17T15:10:29.966290
echoran,bpt6k6718299g,,failed,0,0,,no_usable_pages,known,,,bpt6k6718299g: no usable pages in manifest.,2026-07-17T15:10:30.406080
echoran,bpt6k6718300p,,failed,0,0,,no_usable_pages,known,,,bpt6k6718300p: no usable pages in manifest.,2026-07-17T15:10:31.079204
echoran,bpt6k67183013,,failed,0,0,,no_usable_pages,known,,,bpt6k67183013: no usable pages in manifest.,2026-07-17T15:10:31.611704
echoran,bpt6k6718302h,,failed,0,0,,no_usable_pages,known,,,bpt6k6718302h: no usable pages in manifest.,2026-07-17T15:10:31.951758
echoran,bpt6k6718303x,,failed,0,0,,no_usable_pages,known,,,bpt6k6718303x: no usable pages in manifest.,2026-07-17T15:10:32.304023
echoran,bpt6k6718304b,,failed,0,0,,no_usable_pages,known,,,bpt6k6718304b: no usable pages in manifest.,2026-07-17T15:10:32.717902
echoran,bpt6k6718305r,,failed,0,0,,no_usable_pages,known,,,bpt6k6718305r: no usable pages in manifest.,2026-07-17T15:10:33.517608
echoran,bpt6k67183065,,failed,0,0,,no_usable_pages,known,,,bpt6k67183065: no usable pages in manifest.,2026-07-17T15:10:33.950960
echoran,bpt6k6718307k,,failed,0,0,,no_usable_pages,known,,,bpt6k6718307k: no usable pages in manifest.,2026-07-17T15:10:34.607325
echoran,bpt6k67183080,,failed,0,0,,no_usable_pages,known,,,bpt6k67183080: no usable pages in manifest.,2026-07-17T15:10:34.809360
echoran,bpt6k6718309d,,failed,0,0,,no_usable_pages,known,,,bpt6k6718309d: no usable pages in manifest.,2026-07-17T15:10:35.052112
echoran,bpt6k67183102,,failed,0,0,,no_usable_pages,known,,,bpt6k67183102: no usable pages in manifest.,2026-07-17T15:10:35.371070
echoran,bpt6k6718311g,,failed,0,0,,no_usable_pages,known,,,bpt6k6718311g: no usable pages in manifest.,2026-07-17T15:10:36.205537
echoran,bpt6k6718312w,,failed,0,0,,no_usable_pages,known,,,bpt6k6718312w: no usable pages in manifest.,2026-07-17T15:10:36.561269
echoran,bpt6k67183139,,failed,0,0,,no_usable_pages,known,,,bpt6k67183139: no usable pages in manifest.,2026-07-17T15:10:37.303364
echoran,bpt6k6718314q,,failed,0,0,,no_usable_pages,known,,,bpt6k6718314q: no usable pages in manifest.,2026-07-17T15:10:37.578699
echoran,bpt6k67183154,,failed,0,0,,no_usable_pages,known,,,bpt6k67183154: no usable pages in manifest.,2026-07-17T15:10:37.846669
echoran,bpt6k6718316j,,failed,0,0,,no_usable_pages,known,,,bpt6k6718316j: no usable pages in manifest.,2026-07-17T15:10:38.731344
echoran,bpt6k6718317z,,failed,0,0,,no_usable_pages,known,,,bpt6k6718317z: no usable pages in manifest.,2026-07-17T15:10:39.048239
echoran,bpt6k6718318c,,failed,0,0,,no_usable_pages,known,,,bpt6k6718318c: no usable pages in manifest.,2026-07-17T15:10:39.955568
echoran,bpt6k6718319s,,failed,0,0,,no_usable_pages,known,,,bpt6k6718319s: no usable pages in manifest.,2026-07-17T15:10:40.247006
echoran,bpt6k6718320f,,failed,0,0,,no_usable_pages,known,,,bpt6k6718320f: no usable pages in manifest.,2026-07-17T15:10:40.743257
echoran,bpt6k6718321v,,failed,0,0,,no_usable_pages,known,,,bpt6k6718321v: no usable pages in manifest.,2026-07-17T15:10:41.068268
echoran,bpt6k67183228,,failed,0,0,,no_usable_pages,known,,,bpt6k67183228: no usable pages in manifest.,2026-07-17T15:10:41.351536
echoran,bpt6k6718323p,,failed,0,0,,no_usable_pages,known,,,bpt6k6718323p: no usable pages in manifest.,2026-07-17T15:10:41.861481
echoran,bpt6k67183243,,failed,0,0,,no_usable_pages,known,,,bpt6k67183243: no usable pages in manifest.,2026-07-17T15:10:42.092765
echoran,bpt6k6718325h,,failed,0,0,,no_usable_pages,known,,,bpt6k6718325h: no usable pages in manifest.,2026-07-17T15:10:42.681741
echoran,bpt6k6718326x,,failed,0,0,,no_usable_pages,known,,,bpt6k6718326x: no usable pages in manifest.,2026-07-17T15:10:43.390767
echoran,bpt6k6718327b,,failed,0,0,,no_usable_pages,known,,,bpt6k6718327b: no usable pages in manifest.,2026-07-17T15:10:43.653454
echoran,bpt6k6718328r,,failed,0,0,,no_usable_pages,known,,,bpt6k6718328r: no usable pages in manifest.,2026-07-17T15:10:44.250658
echoran,bpt6k67183295,,failed,0,0,,no_usable_pages,known,,,bpt6k67183295: no usable pages in manifest.,2026-07-17T15:10:44.777742
echoran,bpt6k6718330t,,failed,0,0,,no_usable_pages,known,,,bpt6k6718330t: no usable pages in manifest.,2026-07-17T15:10:45.057237
echoran,bpt6k67183317,,failed,0,0,,no_usable_pages,known,,,bpt6k67183317: no usable pages in manifest.,2026-07-17T15:10:45.345871
echoran,bpt6k6718332n,,failed,0,0,,no_usable_pages,known,,,bpt6k6718332n: no usable pages in manifest.,2026-07-17T15:10:46.125502
echoran,bpt6k67183332,,failed,0,0,,no_usable_pages,known,,,bpt6k67183332: no usable pages in manifest.,2026-07-17T15:10:46.415438
echoran,bpt6k6718334g,,failed,0,0,,no_usable_pages,known,,,bpt6k6718334g: no usable pages in manifest.,2026-07-17T15:10:46.806503
echoran,bpt6k6718335w,,failed,0,0,,no_usable_pages,known,,,bpt6k6718335w: no usable pages in manifest.,2026-07-17T15:10:47.187355
echoran,bpt6k67183369,,failed,0,0,,no_usable_pages,known,,,bpt6k67183369: no usable pages in manifest.,2026-07-17T15:10:47.399009
echoran,bpt6k6718337q,,failed,0,0,,no_usable_pages,known,,,bpt6k6718337q: no usable pages in manifest.,2026-07-17T15:10:48.065074
echoran,bpt6k67183384,,failed,0,0,,no_usable_pages,known,,,bpt6k67183384: no usable pages in manifest.,2026-07-17T15:10:48.708612
echoran,bpt6k6718339j,,failed,0,0,,no_usable_pages,known,,,bpt6k6718339j: no usable pages in manifest.,2026-07-17T15:10:49.267148
echoran,bpt6k67183406,,failed,0,0,,no_usable_pages,known,,,bpt6k67183406: no usable pages in manifest.,2026-07-17T15:10:49.635151
echoran,bpt6k6718341m,,failed,0,0,,no_usable_pages,known,,,bpt6k6718341m: no usable pages in manifest.,2026-07-17T15:10:49.938604
echoran,bpt6k67183421,,failed,0,0,,no_usable_pages,known,,,bpt6k67183421: no usable pages in manifest.,2026-07-17T15:10:50.482876
echoran,bpt6k6718343f,,failed,0,0,,no_usable_pages,known,,,bpt6k6718343f: no usable pages in manifest.,2026-07-17T15:10:50.834106
echoran,bpt6k6718344v,,failed,0,0,,no_usable_pages,known,,,bpt6k6718344v: no usable pages in manifest.,2026-07-17T15:10:51.085634
echoran,bpt6k67183458,,failed,0,0,,no_usable_pages,known,,,bpt6k67183458: no usable pages in manifest.,2026-07-17T15:10:51.500486
echoran,bpt6k6718346p,,failed,0,0,,no_usable_pages,known,,,bpt6k6718346p: no usable pages in manifest.,2026-07-17T15:10:51.883535
echoran,bpt6k67183473,,failed,0,0,,no_usable_pages,known,,,bpt6k67183473: no usable pages in manifest.,2026-07-17T15:10:52.285853
echoran,bpt6k6718348h,,failed,0,0,,no_usable_pages,known,,,bpt6k6718348h: no usable pages in manifest.,2026-07-17T15:10:52.602473
echoran,bpt6k6718349x,,failed,0,0,,no_usable_pages,known,,,bpt6k6718349x: no usable pages in manifest.,2026-07-17T15:10:53.023278
echoran,bpt6k6718350k,,failed,0,0,,no_usable_pages,known,,,bpt6k6718350k: no usable pages in manifest.,2026-07-17T15:10:53.370715
echoran,bpt6k67183510,,failed,0,0,,no_usable_pages,known,,,bpt6k67183510: no usable pages in manifest.,2026-07-17T15:10:53.744981
echoran,bpt6k6718352d,,failed,0,0,,no_usable_pages,known,,,bpt6k6718352d: no usable pages in manifest.,2026-07-17T15:10:54.288313
echoran,bpt6k6718353t,,failed,0,0,,no_usable_pages,known,,,bpt6k6718353t: no usable pages in manifest.,2026-07-17T15:10:54.673378
echoran,bpt6k67183547,,failed,0,0,,no_usable_pages,known,,,bpt6k67183547: no usable pages in manifest.,2026-07-17T15:10:55.081442
echoran,bpt6k6718355n,,failed,0,0,,no_usable_pages,known,,,bpt6k6718355n: no usable pages in manifest.,2026-07-17T15:10:55.644452
echoran,bpt6k67183562,,failed,0,0,,no_usable_pages,known,,,bpt6k67183562: no usable pages in manifest.,2026-07-17T15:10:55.927912
echoran,bpt6k6718357g,,failed,0,0,,no_usable_pages,known,,,bpt6k6718357g: no usable pages in manifest.,2026-07-17T15:10:56.306497
echoran,bpt6k6718358w,,failed,0,0,,no_usable_pages,known,,,bpt6k6718358w: no usable pages in manifest.,2026-07-17T15:10:56.565882
echoran,bpt6k67183599,,failed,0,0,,no_usable_pages,known,,,bpt6k67183599: no usable pages in manifest.,2026-07-17T15:10:56.942575
echoran,bpt6k6718360z,,failed,0,0,,no_usable_pages,known,,,bpt6k6718360z: no usable pages in manifest.,2026-07-17T15:10:57.228892
echoran,bpt6k6718361c,,failed,0,0,,no_usable_pages,known,,,bpt6k6718361c: no usable pages in manifest.,2026-07-17T15:10:57.609030
echoran,bpt6k6718362s,,failed,0,0,,no_usable_pages,known,,,bpt6k6718362s: no usable pages in manifest.,2026-07-17T15:10:58.187299
echoran,bpt6k67183636,,failed,0,0,,no_usable_pages,known,,,bpt6k67183636: no usable pages in manifest.,2026-07-17T15:10:58.736031
echoran,bpt6k6718364m,,failed,0,0,,no_usable_pages,known,,,bpt6k6718364m: no usable pages in manifest.,2026-07-17T15:10:59.061155
echoran,bpt6k67183651,,failed,0,0,,no_usable_pages,known,,,bpt6k67183651: no usable pages in manifest.,2026-07-17T15:10:59.651448
echoran,bpt6k6718366f,,failed,0,0,,no_usable_pages,known,,,bpt6k6718366f: no usable pages in manifest.,2026-07-17T15:10:59.972454
echoran,bpt6k6718367v,,failed,0,0,,no_usable_pages,known,,,bpt6k6718367v: no usable pages in manifest.,2026-07-17T15:11:00.303931
echoran,bpt6k67183688,,failed,0,0,,no_usable_pages,known,,,bpt6k67183688: no usable pages in manifest.,2026-07-17T15:11:00.646698
echoran,bpt6k6718369p,,failed,0,0,,no_usable_pages,known,,,bpt6k6718369p: no usable pages in manifest.,2026-07-17T15:11:01.213936
echoran,bpt6k6718370b,,failed,0,0,,no_usable_pages,known,,,bpt6k6718370b: no usable pages in manifest.,2026-07-17T15:11:01.587071
echoran,bpt6k6718371r,,failed,0,0,,no_usable_pages,known,,,bpt6k6718371r: no usable pages in manifest.,2026-07-17T15:11:01.984761
echoran,bpt6k67183725,,failed,0,0,,no_usable_pages,known,,,bpt6k67183725: no usable pages in manifest.,2026-07-17T15:11:02.457929
echoran,bpt6k6718373k,,failed,0,0,,no_usable_pages,known,,,bpt6k6718373k: no usable pages in manifest.,2026-07-17T15:11:02.793111
echoran,bpt6k67183740,,failed,0,0,,no_usable_pages,known,,,bpt6k67183740: no usable pages in manifest.,2026-07-17T15:11:03.030878
echoran,bpt6k6718375d,,failed,0,0,,no_usable_pages,known,,,bpt6k6718375d: no usable pages in manifest.,2026-07-17T15:11:03.264052
echoran,bpt6k6718376t,,failed,0,0,,no_usable_pages,known,,,bpt6k6718376t: no usable pages in manifest.,2026-07-17T15:11:04.071518
echoran,bpt6k67183777,,failed,0,0,,no_usable_pages,known,,,bpt6k67183777: no usable pages in manifest.,2026-07-17T15:11:04.311463
echoran,bpt6k6718378n,,failed,0,0,,no_usable_pages,known,,,bpt6k6718378n: no usable pages in manifest.,2026-07-17T15:11:04.601854
echoran,bpt6k67183792,,failed,0,0,,no_usable_pages,known,,,bpt6k67183792: no usable pages in manifest.,2026-07-17T15:11:05.595164
echoran,bpt6k6718380q,,failed,0,0,,no_usable_pages,known,,,bpt6k6718380q: no usable pages in manifest.,2026-07-17T15:11:06.198139
echoran,bpt6k67183814,,failed,0,0,,no_usable_pages,known,,,bpt6k67183814: no usable pages in manifest.,2026-07-17T15:11:06.437352
echoran,bpt6k6718382j,,failed,0,0,,no_usable_pages,known,,,bpt6k6718382j: no usable pages in manifest.,2026-07-17T15:11:06.661233
echoran,bpt6k6718383z,,failed,0,0,,no_usable_pages,known,,,bpt6k6718383z: no usable pages in manifest.,2026-07-17T15:11:06.999362
echoran,bpt6k6718384c,,failed,0,0,,no_usable_pages,known,,,bpt6k6718384c: no usable pages in manifest.,2026-07-17T15:11:07.494294
echoran,bpt6k6718385s,,failed,0,0,,no_usable_pages,known,,,bpt6k6718385s: no usable pages in manifest.,2026-07-17T15:11:07.882359
echoran,bpt6k67183866,,failed,0,0,,no_usable_pages,known,,,bpt6k67183866: no usable pages in manifest.,2026-07-17T15:11:08.296102
echoran,bpt6k6718387m,,failed,0,0,,no_usable_pages,known,,,bpt6k6718387m: no usable pages in manifest.,2026-07-17T15:11:09.054629
echoran,bpt6k67183881,,failed,0,0,,no_usable_pages,known,,,bpt6k67183881: no usable pages in manifest.,2026-07-17T15:11:09.378401
echoran,bpt6k6718389f,,failed,0,0,,no_usable_pages,known,,,bpt6k6718389f: no usable pages in manifest.,2026-07-17T15:11:09.644296
echoran,bpt6k67183903,,failed,0,0,,no_usable_pages,known,,,bpt6k67183903: no usable pages in manifest.,2026-07-17T15:11:10.216717
echoran,bpt6k6718391h,,failed,0,0,,no_usable_pages,known,,,bpt6k6718391h: no usable pages in manifest.,2026-07-17T15:11:10.492829
echoran,bpt6k6718392x,,failed,0,0,,no_usable_pages,known,,,bpt6k6718392x: no usable pages in manifest.,2026-07-17T15:11:10.879352
echoran,bpt6k6718393b,,failed,0,0,,no_usable_pages,known,,,bpt6k6718393b: no usable pages in manifest.,2026-07-17T15:11:11.433936
echoran,bpt6k6718394r,,failed,0,0,,no_usable_pages,known,,,bpt6k6718394r: no usable pages in manifest.,2026-07-17T15:11:11.715572
echoran,bpt6k67183955,,failed,0,0,,no_usable_pages,known,,,bpt6k67183955: no usable pages in manifest.,2026-07-17T15:11:12.055760
echoran,bpt6k6718396k,,failed,0,0,,no_usable_pages,known,,,bpt6k6718396k: no usable pages in manifest.,2026-07-17T15:11:12.503773
echoran,bpt6k67183970,,failed,0,0,,no_usable_pages,known,,,bpt6k67183970: no usable pages in manifest.,2026-07-17T15:11:12.834521
echoran,bpt6k6718398d,,failed,0,0,,no_usable_pages,known,,,bpt6k6718398d: no usable pages in manifest.,2026-07-17T15:11:13.178280
echoran,bpt6k6718399t,,failed,0,0,,no_usable_pages,known,,,bpt6k6718399t: no usable pages in manifest.,2026-07-17T15:11:13.607585
echoran,bpt6k67184001,,failed,0,0,,no_usable_pages,known,,,bpt6k67184001: no usable pages in manifest.,2026-07-17T15:11:13.827942
echoran,bpt6k6718401f,,failed,0,0,,no_usable_pages,known,,,bpt6k6718401f: no usable pages in manifest.,2026-07-17T15:11:14.195350
echoran,bpt6k6718402v,,failed,0,0,,no_usable_pages,known,,,bpt6k6718402v: no usable pages in manifest.,2026-07-17T15:11:14.796149
echoran,bpt6k67184038,,failed,0,0,,no_usable_pages,known,,,bpt6k67184038: no usable pages in manifest.,2026-07-17T15:11:15.223167
echoran,bpt6k6718404p,,failed,0,0,,no_usable_pages,known,,,bpt6k6718404p: no usable pages in manifest.,2026-07-17T15:11:15.519779
echoran,bpt6k67184053,,failed,0,0,,no_usable_pages,known,,,bpt6k67184053: no usable pages in manifest.,2026-07-17T15:11:16.263583
echoran,bpt6k6718406h,,failed,0,0,,no_usable_pages,known,,,bpt6k6718406h: no usable pages in manifest.,2026-07-17T15:11:16.584929
echoran,bpt6k6718407x,,failed,0,0,,no_usable_pages,known,,,bpt6k6718407x: no usable pages in manifest.,2026-07-17T15:11:16.906194
echoran,bpt6k6718408b,,failed,0,0,,no_usable_pages,known,,,bpt6k6718408b: no usable pages in manifest.,2026-07-17T15:11:17.682751
echoran,bpt6k6718409r,,failed,0,0,,no_usable_pages,known,,,bpt6k6718409r: no usable pages in manifest.,2026-07-17T15:11:17.960436
echoran,bpt6k6718410d,,failed,0,0,,no_usable_pages,known,,,bpt6k6718410d: no usable pages in manifest.,2026-07-17T15:11:18.292661
echoran,bpt6k6718411t,,failed,0,0,,no_usable_pages,known,,,bpt6k6718411t: no usable pages in manifest.,2026-07-17T15:11:18.689298
echoran,bpt6k67184127,,failed,0,0,,no_usable_pages,known,,,bpt6k67184127: no usable pages in manifest.,2026-07-17T15:11:19.486069
echoran,bpt6k6718413n,,failed,0,0,,no_usable_pages,known,,,bpt6k6718413n: no usable pages in manifest.,2026-07-17T15:11:19.693457
echoran,bpt6k67184142,,failed,0,0,,no_usable_pages,known,,,bpt6k67184142: no usable pages in manifest.,2026-07-17T15:11:20.542289
echoran,bpt6k6718415g,,failed,0,0,,no_usable_pages,known,,,bpt6k6718415g: no usable pages in manifest.,2026-07-17T15:11:21.017365
echoran,bpt6k6718416w,,failed,0,0,,no_usable_pages,known,,,bpt6k6718416w: no usable pages in manifest.,2026-07-17T15:11:21.393742
echoran,bpt6k67184179,,failed,0,0,,no_usable_pages,known,,,bpt6k67184179: no usable pages in manifest.,2026-07-17T15:11:21.709748
echoran,bpt6k6718418q,,failed,0,0,,no_usable_pages,known,,,bpt6k6718418q: no usable pages in manifest.,2026-07-17T15:11:22.383758
echoran,bpt6k67184194,,failed,0,0,,no_usable_pages,known,,,bpt6k67184194: no usable pages in manifest.,2026-07-17T15:11:22.749373
echoran,bpt6k6718420s,,failed,0,0,,no_usable_pages,known,,,bpt6k6718420s: no usable pages in manifest.,2026-07-17T15:11:23.072924
echoran,bpt6k67184216,,failed,0,0,,no_usable_pages,known,,,bpt6k67184216: no usable pages in manifest.,2026-07-17T15:11:23.641636
echoran,bpt6k6718422m,,failed,0,0,,no_usable_pages,known,,,bpt6k6718422m: no usable pages in manifest.,2026-07-17T15:11:23.898760
echoran,bpt6k67184231,,failed,0,0,,no_usable_pages,known,,,bpt6k67184231: no usable pages in manifest.,2026-07-17T15:11:24.172087
echoran,bpt6k6718424f,,failed,0,0,,no_usable_pages,known,,,bpt6k6718424f: no usable pages in manifest.,2026-07-17T15:11:24.620982
echoran,bpt6k6718427p,,failed,0,0,,no_usable_pages,known,,,bpt6k6718427p: no usable pages in manifest.,2026-07-17T15:11:24.958323
echoran,bpt6k67184283,,failed,0,0,,no_usable_pages,known,,,bpt6k67184283: no usable pages in manifest.,2026-07-17T15:11:25.236108
echoran,bpt6k6718429h,,failed,0,0,,no_usable_pages,known,,,bpt6k6718429h: no usable pages in manifest.,2026-07-17T15:11:25.695113
echoran,bpt6k67184305,,failed,0,0,,no_usable_pages,known,,,bpt6k67184305: no usable pages in manifest.,2026-07-17T15:11:26.066994
echoran,bpt6k6718431k,,failed,0,0,,no_usable_pages,known,,,bpt6k6718431k: no usable pages in manifest.,2026-07-17T15:11:26.378744
echoran,bpt6k67184320,,failed,0,0,,no_usable_pages,known,,,bpt6k67184320: no usable pages in manifest.,2026-07-17T15:11:26.833501
echoran,bpt6k6718434t,,failed,0,0,,no_usable_pages,known,,,bpt6k6718434t: no usable pages in manifest.,2026-07-17T15:11:27.106900
echoran,bpt6k67184357,,failed,0,0,,no_usable_pages,known,,,bpt6k67184357: no usable pages in manifest.,2026-07-17T15:11:27.347825
echoran,bpt6k67184372,,failed,0,0,,no_usable_pages,known,,,bpt6k67184372: no usable pages in manifest.,2026-07-17T15:11:27.607708
echoran,bpt6k6718439w,,failed,0,0,,no_usable_pages,known,,,bpt6k6718439w: no usable pages in manifest.,2026-07-17T15:11:28.175905
echoran,bpt6k6718441z,,failed,0,0,,no_usable_pages,known,,,bpt6k6718441z: no usable pages in manifest.,2026-07-17T15:11:28.829688
echoran,bpt6k6718442c,,failed,0,0,,no_usable_pages,known,,,bpt6k6718442c: no usable pages in manifest.,2026-07-17T15:11:29.445361
echoran,bpt6k6718443s,,failed,0,0,,no_usable_pages,known,,,bpt6k6718443s: no usable pages in manifest.,2026-07-17T15:11:29.846633
echoran,bpt6k67184446,,failed,0,0,,no_usable_pages,known,,,bpt6k67184446: no usable pages in manifest.,2026-07-17T15:11:30.254830
echoran,bpt6k67184461,,failed,0,0,,no_usable_pages,known,,,bpt6k67184461: no usable pages in manifest.,2026-07-17T15:11:30.920712
echoran,bpt6k6718447f,,failed,0,0,,no_usable_pages,known,,,bpt6k6718447f: no usable pages in manifest.,2026-07-17T15:11:31.231223
echoran,bpt6k6718448v,,failed,0,0,,no_usable_pages,known,,,bpt6k6718448v: no usable pages in manifest.,2026-07-17T15:11:31.850194
echoran,bpt6k6718457t,,failed,0,0,,no_usable_pages,known,,,bpt6k6718457t: no usable pages in manifest.,2026-07-17T15:11:32.297358
echoran,bpt6k67184587,,failed,0,0,,no_usable_pages,known,,,bpt6k67184587: no usable pages in manifest.,2026-07-17T15:11:32.699531
echoran,bpt6k6718459n,,failed,0,0,,no_usable_pages,known,,,bpt6k6718459n: no usable pages in manifest.,2026-07-17T15:11:33.080306
echoran,bpt6k6718464z,,failed,0,0,,no_usable_pages,known,,,bpt6k6718464z: no usable pages in manifest.,2026-07-17T15:11:33.552780
echoran,bpt6k6718466s,,failed,0,0,,no_usable_pages,known,,,bpt6k6718466s: no usable pages in manifest.,2026-07-17T15:11:33.971111
echoran,bpt6k6718472h,,failed,0,0,,no_usable_pages,known,,,bpt6k6718472h: no usable pages in manifest.,2026-07-17T15:11:34.256261
echoran,bpt6k6718474b,,failed,0,0,,no_usable_pages,known,,,bpt6k6718474b: no usable pages in manifest.,2026-07-17T15:11:34.791126
echoran,bpt6k6718479d,,failed,0,0,,no_usable_pages,known,,,bpt6k6718479d: no usable pages in manifest.,2026-07-17T15:11:35.318378
echoran,bpt6k67184802,,failed,0,0,,no_usable_pages,known,,,bpt6k67184802: no usable pages in manifest.,2026-07-17T15:11:35.591547
echoran,bpt6k6718481g,,failed,0,0,,no_usable_pages,known,,,bpt6k6718481g: no usable pages in manifest.,2026-07-17T15:11:36.042304
echoran,bpt6k6718482w,,failed,0,0,,no_usable_pages,known,,,bpt6k6718482w: no usable pages in manifest.,2026-07-17T15:11:36.509305
echoran,bpt6k6718484q,,failed,0,0,,no_usable_pages,known,,,bpt6k6718484q: no usable pages in manifest.,2026-07-17T15:11:36.783226
echoran,bpt6k67184854,,failed,0,0,,no_usable_pages,known,,,bpt6k67184854: no usable pages in manifest.,2026-07-17T15:11:37.286091
echoran,bpt6k6718486j,,failed,0,0,,no_usable_pages,known,,,bpt6k6718486j: no usable pages in manifest.,2026-07-17T15:11:37.865580
echoran,bpt6k6718487z,,failed,0,0,,no_usable_pages,known,,,bpt6k6718487z: no usable pages in manifest.,2026-07-17T15:11:38.710371
echoran,bpt6k6718488c,,failed,0,0,,no_usable_pages,known,,,bpt6k6718488c: no usable pages in manifest.,2026-07-17T15:11:39.096341
echoran,bpt6k6718489s,,failed,0,0,,no_usable_pages,known,,,bpt6k6718489s: no usable pages in manifest.,2026-07-17T15:11:39.427918
echoran,bpt6k6718490f,,failed,0,0,,no_usable_pages,known,,,bpt6k6718490f: no usable pages in manifest.,2026-07-17T15:11:39.992937
echoran,bpt6k6718498r,,failed,0,0,,no_usable_pages,known,,,bpt6k6718498r: no usable pages in manifest.,2026-07-17T15:11:40.398931
echoran,bpt6k6718500c,,failed,0,0,,no_usable_pages,known,,,bpt6k6718500c: no usable pages in manifest.,2026-07-17T15:11:40.686455
echoran,bpt6k6718501s,,failed,0,0,,no_usable_pages,known,,,bpt6k6718501s: no usable pages in manifest.,2026-07-17T15:11:41.148921
echoran,bpt6k67185041,,failed,0,0,,no_usable_pages,known,,,bpt6k67185041: no usable pages in manifest.,2026-07-17T15:11:41.444927
echoran,bpt6k6718505f,,failed,0,0,,no_usable_pages,known,,,bpt6k6718505f: no usable pages in manifest.,2026-07-17T15:11:41.742675
echoran,bpt6k6718506v,,failed,0,0,,no_usable_pages,known,,,bpt6k6718506v: no usable pages in manifest.,2026-07-17T15:11:42.294384
echoran,bpt6k67185130,,failed,0,0,,no_usable_pages,known,,,bpt6k67185130: no usable pages in manifest.,2026-07-17T15:11:42.583903
echoran,bpt6k6718517n,,failed,0,0,,no_usable_pages,known,,,bpt6k6718517n: no usable pages in manifest.,2026-07-17T15:11:43.126830
echoran,bpt6k6718519g,,failed,0,0,,no_usable_pages,known,,,bpt6k6718519g: no usable pages in manifest.,2026-07-17T15:11:43.883445
echoran,bpt6k6718523c,,failed,0,0,,no_usable_pages,known,,,bpt6k6718523c: no usable pages in manifest.,2026-07-17T15:11:44.251166
echoran,bpt6k67185271,,failed,0,0,,no_usable_pages,known,,,bpt6k67185271: no usable pages in manifest.,2026-07-17T15:11:44.785435
echoran,bpt6k6718531x,,failed,0,0,,no_usable_pages,known,,,bpt6k6718531x: no usable pages in manifest.,2026-07-17T15:11:45.201369
echoran,bpt6k67337870,,failed,0,0,,no_usable_pages,known,,,bpt6k67337870: no usable pages in manifest.,2026-07-17T15:11:45.887993
echoran,bd6t51340292x,,failed,0,0,,no_usable_pages,known,,,bd6t51340292x: no usable pages in manifest.,2026-07-17T15:11:46.598095
echoran,bpt6k67579595,,failed,0,0,,no_usable_pages,known,,,bpt6k67579595: no usable pages in manifest.,2026-07-17T15:11:47.242708
echoran,bpt6k67579706,,failed,0,0,,no_usable_pages,known,,,bpt6k67579706: no usable pages in manifest.,2026-07-17T15:11:47.515069
echoran,bpt6k6758168p,,failed,0,0,,no_usable_pages,known,,,bpt6k6758168p: no usable pages in manifest.,2026-07-17T15:11:47.808608
echoran,bpt6k67584323,,failed,0,0,,no_usable_pages,known,,,bpt6k67584323: no usable pages in manifest.,2026-07-17T15:11:48.193586
echoran,bpt6k67716481,,failed,0,0,,no_usable_pages,known,,,bpt6k67716481: no usable pages in manifest.,2026-07-17T15:11:48.574164
echoran,bpt6k6771649f,,failed,0,0,,no_usable_pages,known,,,bpt6k6771649f: no usable pages in manifest.,2026-07-17T15:11:49.089082
echoran,bpt6k67716503,,failed,0,0,,no_usable_pages,known,,,bpt6k67716503: no usable pages in manifest.,2026-07-17T15:11:49.685987
echoran,bpt6k6771651h,,failed,0,0,,no_usable_pages,known,,,bpt6k6771651h: no usable pages in manifest.,2026-07-17T15:11:50.125704
echoran,bpt6k6771652x,,failed,0,0,,no_usable_pages,known,,,bpt6k6771652x: no usable pages in manifest.,2026-07-17T15:11:50.593514
echoran,bpt6k6771653b,,failed,0,0,,no_usable_pages,known,,,bpt6k6771653b: no usable pages in manifest.,2026-07-17T15:11:51.187055
echoran,bpt6k6771654r,,failed,0,0,,no_usable_pages,known,,,bpt6k6771654r: no usable pages in manifest.,2026-07-17T15:11:51.477239
echoran,bpt6k67716555,,failed,0,0,,no_usable_pages,known,,,bpt6k67716555: no usable pages in manifest.,2026-07-17T15:11:52.126153
echoran,bpt6k6771656k,,failed,0,0,,no_usable_pages,known,,,bpt6k6771656k: no usable pages in manifest.,2026-07-17T15:11:52.591146
echoran,bpt6k67716570,,failed,0,0,,no_usable_pages,known,,,bpt6k67716570: no usable pages in manifest.,2026-07-17T15:11:53.421634
echoran,bpt6k6771658d,,failed,0,0,,no_usable_pages,known,,,bpt6k6771658d: no usable pages in manifest.,2026-07-17T15:11:54.028035
echoran,bpt6k6771659t,,failed,0,0,,no_usable_pages,known,,,bpt6k6771659t: no usable pages in manifest.,2026-07-17T15:11:54.472373
echoran,bpt6k6771660g,,failed,0,0,,no_usable_pages,known,,,bpt6k6771660g: no usable pages in manifest.,2026-07-17T15:11:54.832064
echoran,bpt6k6771661w,,failed,0,0,,no_usable_pages,known,,,bpt6k6771661w: no usable pages in manifest.,2026-07-17T15:11:55.672624
echoran,bpt6k67716629,,failed,0,0,,no_usable_pages,known,,,bpt6k67716629: no usable pages in manifest.,2026-07-17T15:11:56.051367
echoran,bpt6k6771663q,,failed,0,0,,no_usable_pages,known,,,bpt6k6771663q: no usable pages in manifest.,2026-07-17T15:11:56.353210
echoran,bpt6k67716644,,failed,0,0,,no_usable_pages,known,,,bpt6k67716644: no usable pages in manifest.,2026-07-17T15:11:57.113176
echoran,bpt6k6771665j,,failed,0,0,,no_usable_pages,known,,,bpt6k6771665j: no usable pages in manifest.,2026-07-17T15:11:57.526940
echoran,bpt6k6771666z,,failed,0,0,,no_usable_pages,known,,,bpt6k6771666z: no usable pages in manifest.,2026-07-17T15:11:58.243810
echoran,bpt6k6771667c,,failed,0,0,,no_usable_pages,known,,,bpt6k6771667c: no usable pages in manifest.,2026-07-17T15:11:58.583666
echoran,bpt6k6771668s,,failed,0,0,,no_usable_pages,known,,,bpt6k6771668s: no usable pages in manifest.,2026-07-17T15:11:58.957467
echoran,bpt6k67716696,,failed,0,0,,no_usable_pages,known,,,bpt6k67716696: no usable pages in manifest.,2026-07-17T15:11:59.576286
echoran,bpt6k6771670v,,failed,0,0,,no_usable_pages,known,,,bpt6k6771670v: no usable pages in manifest.,2026-07-17T15:11:59.815356
echoran,bpt6k67716718,,failed,0,0,,no_usable_pages,known,,,bpt6k67716718: no usable pages in manifest.,2026-07-17T15:12:00.137242
echoran,bpt6k6771672p,,failed,0,0,,no_usable_pages,known,,,bpt6k6771672p: no usable pages in manifest.,2026-07-17T15:12:00.668588
echoran,bpt6k67716733,,failed,0,0,,no_usable_pages,known,,,bpt6k67716733: no usable pages in manifest.,2026-07-17T15:12:00.886721
echoran,bpt6k6771674h,,failed,0,0,,no_usable_pages,known,,,bpt6k6771674h: no usable pages in manifest.,2026-07-17T15:12:01.265005
echoran,bpt6k6771675x,,failed,0,0,,no_usable_pages,known,,,bpt6k6771675x: no usable pages in manifest.,2026-07-17T15:12:01.827160
echoran,bpt6k6771676b,,failed,0,0,,no_usable_pages,known,,,bpt6k6771676b: no usable pages in manifest.,2026-07-17T15:12:02.140887
echoran,bpt6k6771677r,,failed,0,0,,no_usable_pages,known,,,bpt6k6771677r: no usable pages in manifest.,2026-07-17T15:12:02.856462
echoran,bpt6k67716785,,failed,0,0,,no_usable_pages,known,,,bpt6k67716785: no usable pages in manifest.,2026-07-17T15:12:03.347180
echoran,bpt6k6771679k,,failed,0,0,,no_usable_pages,known,,,bpt6k6771679k: no usable pages in manifest.,2026-07-17T15:12:03.667991
echoran,bpt6k67716807,,failed,0,0,,no_usable_pages,known,,,bpt6k67716807: no usable pages in manifest.,2026-07-17T15:12:04.114934
echoran,bpt6k6771681n,,failed,0,0,,no_usable_pages,known,,,bpt6k6771681n: no usable pages in manifest.,2026-07-17T15:12:04.797257
echoran,bpt6k67716822,,failed,0,0,,no_usable_pages,known,,,bpt6k67716822: no usable pages in manifest.,2026-07-17T15:12:05.284011
echoran,bpt6k6771683g,,failed,0,0,,no_usable_pages,known,,,bpt6k6771683g: no usable pages in manifest.,2026-07-17T15:12:05.606580
echoran,bpt6k6771684w,,failed,0,0,,no_usable_pages,known,,,bpt6k6771684w: no usable pages in manifest.,2026-07-17T15:12:05.950130
echoran,bpt6k67716859,,failed,0,0,,no_usable_pages,known,,,bpt6k67716859: no usable pages in manifest.,2026-07-17T15:12:06.322086
echoran,bpt6k6771686q,,failed,0,0,,no_usable_pages,known,,,bpt6k6771686q: no usable pages in manifest.,2026-07-17T15:12:06.712856
echoran,bpt6k67716874,,failed,0,0,,no_usable_pages,known,,,bpt6k67716874: no usable pages in manifest.,2026-07-17T15:12:07.167375
echoran,bpt6k6771688j,,failed,0,0,,no_usable_pages,known,,,bpt6k6771688j: no usable pages in manifest.,2026-07-17T15:12:07.611088
echoran,bpt6k6771689z,,failed,0,0,,no_usable_pages,known,,,bpt6k6771689z: no usable pages in manifest.,2026-07-17T15:12:07.888598
echoran,bpt6k6771690m,,failed,0,0,,no_usable_pages,known,,,bpt6k6771690m: no usable pages in manifest.,2026-07-17T15:12:08.296925
echoran,bpt6k67716911,,failed,0,0,,no_usable_pages,known,,,bpt6k67716911: no usable pages in manifest.,2026-07-17T15:12:08.877816
echoran,bpt6k6771692f,,failed,0,0,,no_usable_pages,known,,,bpt6k6771692f: no usable pages in manifest.,2026-07-17T15:12:09.117366
echoran,bpt6k6771693v,,failed,0,0,,no_usable_pages,known,,,bpt6k6771693v: no usable pages in manifest.,2026-07-17T15:12:09.498096
echoran,bpt6k67716948,,failed,0,0,,no_usable_pages,known,,,bpt6k67716948: no usable pages in manifest.,2026-07-17T15:12:10.075260
echoran,bpt6k6771695p,,failed,0,0,,no_usable_pages,known,,,bpt6k6771695p: no usable pages in manifest.,2026-07-17T15:12:10.485386
echoran,bpt6k67716963,,failed,0,0,,no_usable_pages,known,,,bpt6k67716963: no usable pages in manifest.,2026-07-17T15:12:10.816480
echoran,bpt6k6771697h,,failed,0,0,,no_usable_pages,known,,,bpt6k6771697h: no usable pages in manifest.,2026-07-17T15:12:11.213849
echoran,bpt6k6771698x,,failed,0,0,,no_usable_pages,known,,,bpt6k6771698x: no usable pages in manifest.,2026-07-17T15:12:11.604328
echoran,bpt6k6771699b,,failed,0,0,,no_usable_pages,known,,,bpt6k6771699b: no usable pages in manifest.,2026-07-17T15:12:12.138805
echoran,bpt6k6771700j,,failed,0,0,,no_usable_pages,known,,,bpt6k6771700j: no usable pages in manifest.,2026-07-17T15:12:12.536250
echoran,bpt6k6771701z,,failed,0,0,,no_usable_pages,known,,,bpt6k6771701z: no usable pages in manifest.,2026-07-17T15:12:12.936002
echoran,bpt6k6771702c,,failed,0,0,,no_usable_pages,known,,,bpt6k6771702c: no usable pages in manifest.,2026-07-17T15:12:13.145500
echoran,bpt6k6771703s,,failed,0,0,,no_usable_pages,known,,,bpt6k6771703s: no usable pages in manifest.,2026-07-17T15:12:13.777604
echoran,bpt6k67717046,,failed,0,0,,no_usable_pages,known,,,bpt6k67717046: no usable pages in manifest.,2026-07-17T15:12:14.192963
echoran,bpt6k6771705m,,failed,0,0,,no_usable_pages,known,,,bpt6k6771705m: no usable pages in manifest.,2026-07-17T15:12:14.516058
echoran,bpt6k67717061,,failed,0,0,,no_usable_pages,known,,,bpt6k67717061: no usable pages in manifest.,2026-07-17T15:12:15.031124
echoran,bpt6k6771707f,,failed,0,0,,no_usable_pages,known,,,bpt6k6771707f: no usable pages in manifest.,2026-07-17T15:12:15.650206
echoran,bpt6k6771708v,,failed,0,0,,no_usable_pages,known,,,bpt6k6771708v: no usable pages in manifest.,2026-07-17T15:12:16.101435
echoran,bpt6k67717098,,failed,0,0,,no_usable_pages,known,,,bpt6k67717098: no usable pages in manifest.,2026-07-17T15:12:16.335393
echoran,bpt6k6771710x,,failed,0,0,,no_usable_pages,known,,,bpt6k6771710x: no usable pages in manifest.,2026-07-17T15:12:16.724874
echoran,bpt6k6771711b,,failed,0,0,,no_usable_pages,known,,,bpt6k6771711b: no usable pages in manifest.,2026-07-17T15:12:17.099461
echoran,bpt6k6771712r,,failed,0,0,,no_usable_pages,known,,,bpt6k6771712r: no usable pages in manifest.,2026-07-17T15:12:17.453981
echoran,bpt6k67717135,,failed,0,0,,no_usable_pages,known,,,bpt6k67717135: no usable pages in manifest.,2026-07-17T15:12:17.892294
echoran,bpt6k6771714k,,failed,0,0,,no_usable_pages,known,,,bpt6k6771714k: no usable pages in manifest.,2026-07-17T15:12:18.615533
echoran,bpt6k67717150,,failed,0,0,,no_usable_pages,known,,,bpt6k67717150: no usable pages in manifest.,2026-07-17T15:12:19.049897
echoran,bpt6k6771716d,,failed,0,0,,no_usable_pages,known,,,bpt6k6771716d: no usable pages in manifest.,2026-07-17T15:12:19.823396
echoran,bpt6k6771717t,,failed,0,0,,no_usable_pages,known,,,bpt6k6771717t: no usable pages in manifest.,2026-07-17T15:12:20.289646
echoran,bpt6k67717187,,failed,0,0,,no_usable_pages,known,,,bpt6k67717187: no usable pages in manifest.,2026-07-17T15:12:20.841483
echoran,bpt6k6771719n,,failed,0,0,,no_usable_pages,known,,,bpt6k6771719n: no usable pages in manifest.,2026-07-17T15:12:21.344962
echoran,bpt6k67717209,,failed,0,0,,no_usable_pages,known,,,bpt6k67717209: no usable pages in manifest.,2026-07-17T15:12:21.664245
echoran,bpt6k6771721q,,failed,0,0,,no_usable_pages,known,,,bpt6k6771721q: no usable pages in manifest.,2026-07-17T15:12:22.014593
echoran,bpt6k67717224,,failed,0,0,,no_usable_pages,known,,,bpt6k67717224: no usable pages in manifest.,2026-07-17T15:12:22.443976
echoran,bpt6k6771723j,,failed,0,0,,no_usable_pages,known,,,bpt6k6771723j: no usable pages in manifest.,2026-07-17T15:12:22.990504
echoran,bpt6k6771724z,,failed,0,0,,no_usable_pages,known,,,bpt6k6771724z: no usable pages in manifest.,2026-07-17T15:12:23.299099
echoran,bpt6k6771725c,,failed,0,0,,no_usable_pages,known,,,bpt6k6771725c: no usable pages in manifest.,2026-07-17T15:12:23.642820
echoran,bpt6k6771726s,,failed,0,0,,no_usable_pages,known,,,bpt6k6771726s: no usable pages in manifest.,2026-07-17T15:12:24.326743
echoran,bpt6k67717276,,failed,0,0,,no_usable_pages,known,,,bpt6k67717276: no usable pages in manifest.,2026-07-17T15:12:24.536403
echoran,bpt6k6771728m,,failed,0,0,,no_usable_pages,known,,,bpt6k6771728m: no usable pages in manifest.,2026-07-17T15:12:24.775174
echoran,bpt6k67717291,,failed,0,0,,no_usable_pages,known,,,bpt6k67717291: no usable pages in manifest.,2026-07-17T15:12:25.496118
echoran,bpt6k6771730p,,failed,0,0,,no_usable_pages,known,,,bpt6k6771730p: no usable pages in manifest.,2026-07-17T15:12:25.810582
echoran,bpt6k67717313,,failed,0,0,,no_usable_pages,known,,,bpt6k67717313: no usable pages in manifest.,2026-07-17T15:12:26.437779
echoran,bpt6k6771732h,,failed,0,0,,no_usable_pages,known,,,bpt6k6771732h: no usable pages in manifest.,2026-07-17T15:12:26.898351
echoran,bpt6k6771733x,,failed,0,0,,no_usable_pages,known,,,bpt6k6771733x: no usable pages in manifest.,2026-07-17T15:12:27.292772
echoran,bpt6k6771734b,,failed,0,0,,no_usable_pages,known,,,bpt6k6771734b: no usable pages in manifest.,2026-07-17T15:12:27.830099
echoran,bpt6k6771735r,,failed,0,0,,no_usable_pages,known,,,bpt6k6771735r: no usable pages in manifest.,2026-07-17T15:12:28.068306
echoran,bpt6k67717365,,failed,0,0,,no_usable_pages,known,,,bpt6k67717365: no usable pages in manifest.,2026-07-17T15:12:28.370606
echoran,bpt6k6771737k,,failed,0,0,,no_usable_pages,known,,,bpt6k6771737k: no usable pages in manifest.,2026-07-17T15:12:29.244129
echoran,bpt6k67717380,,failed,0,0,,no_usable_pages,known,,,bpt6k67717380: no usable pages in manifest.,2026-07-17T15:12:29.752701
echoran,bpt6k6771739d,,failed,0,0,,no_usable_pages,known,,,bpt6k6771739d: no usable pages in manifest.,2026-07-17T15:12:30.458724
echoran,bpt6k67717402,,failed,0,0,,no_usable_pages,known,,,bpt6k67717402: no usable pages in manifest.,2026-07-17T15:12:30.853457
echoran,bpt6k6771741g,,failed,0,0,,no_usable_pages,known,,,bpt6k6771741g: no usable pages in manifest.,2026-07-17T15:12:31.369164
echoran,bpt6k6771742w,,failed,0,0,,no_usable_pages,known,,,bpt6k6771742w: no usable pages in manifest.,2026-07-17T15:12:31.629623
echoran,bpt6k67717439,,failed,0,0,,no_usable_pages,known,,,bpt6k67717439: no usable pages in manifest.,2026-07-17T15:12:31.897303
echoran,bpt6k6771744q,,failed,0,0,,no_usable_pages,known,,,bpt6k6771744q: no usable pages in manifest.,2026-07-17T15:12:32.523052
echoran,bpt6k67717454,,failed,0,0,,no_usable_pages,known,,,bpt6k67717454: no usable pages in manifest.,2026-07-17T15:12:32.969155
echoran,bpt6k6771746j,,failed,0,0,,no_usable_pages,known,,,bpt6k6771746j: no usable pages in manifest.,2026-07-17T15:12:33.290307
echoran,bpt6k6771747z,,failed,0,0,,no_usable_pages,known,,,bpt6k6771747z: no usable pages in manifest.,2026-07-17T15:12:33.785347
echoran,bpt6k6771748c,,failed,0,0,,no_usable_pages,known,,,bpt6k6771748c: no usable pages in manifest.,2026-07-17T15:12:34.223262
echoran,bpt6k6771749s,,failed,0,0,,no_usable_pages,known,,,bpt6k6771749s: no usable pages in manifest.,2026-07-17T15:12:34.512374
echoran,bpt6k6771750f,,failed,0,0,,no_usable_pages,known,,,bpt6k6771750f: no usable pages in manifest.,2026-07-17T15:12:34.929728
echoran,bpt6k6771751v,,failed,0,0,,no_usable_pages,known,,,bpt6k6771751v: no usable pages in manifest.,2026-07-17T15:12:35.328509
echoran,bpt6k67717528,,failed,0,0,,no_usable_pages,known,,,bpt6k67717528: no usable pages in manifest.,2026-07-17T15:12:35.670737
echoran,bpt6k6771753p,,failed,0,0,,no_usable_pages,known,,,bpt6k6771753p: no usable pages in manifest.,2026-07-17T15:12:36.271129
echoran,bpt6k67717543,,failed,0,0,,no_usable_pages,known,,,bpt6k67717543: no usable pages in manifest.,2026-07-17T15:12:36.800926
echoran,bpt6k6771755h,,failed,0,0,,no_usable_pages,known,,,bpt6k6771755h: no usable pages in manifest.,2026-07-17T15:12:37.253156
echoran,bpt6k6771756x,,failed,0,0,,no_usable_pages,known,,,bpt6k6771756x: no usable pages in manifest.,2026-07-17T15:12:37.594858
echoran,bpt6k6771757b,,failed,0,0,,no_usable_pages,known,,,bpt6k6771757b: no usable pages in manifest.,2026-07-17T15:12:37.912725
echoran,bpt6k6771758r,,failed,0,0,,no_usable_pages,known,,,bpt6k6771758r: no usable pages in manifest.,2026-07-17T15:12:38.439114
echoran,bpt6k67717595,,failed,0,0,,no_usable_pages,known,,,bpt6k67717595: no usable pages in manifest.,2026-07-17T15:12:38.753605
echoran,bpt6k6771760t,,failed,0,0,,no_usable_pages,known,,,bpt6k6771760t: no usable pages in manifest.,2026-07-17T15:12:39.102488
echoran,bpt6k67717617,,failed,0,0,,no_usable_pages,known,,,bpt6k67717617: no usable pages in manifest.,2026-07-17T15:12:39.520895
echoran,bpt6k6771762n,,failed,0,0,,no_usable_pages,known,,,bpt6k6771762n: no usable pages in manifest.,2026-07-17T15:12:39.940444
echoran,bpt6k67717632,,failed,0,0,,no_usable_pages,known,,,bpt6k67717632: no usable pages in manifest.,2026-07-17T15:12:40.418079
echoran,bpt6k6771764g,,failed,0,0,,no_usable_pages,known,,,bpt6k6771764g: no usable pages in manifest.,2026-07-17T15:12:41.007982
echoran,bpt6k6771765w,,failed,0,0,,no_usable_pages,known,,,bpt6k6771765w: no usable pages in manifest.,2026-07-17T15:12:41.742864
echoran,bpt6k67717669,,failed,0,0,,no_usable_pages,known,,,bpt6k67717669: no usable pages in manifest.,2026-07-17T15:12:42.316823
echoran,bpt6k6771767q,,failed,0,0,,no_usable_pages,known,,,bpt6k6771767q: no usable pages in manifest.,2026-07-17T15:12:43.000206
echoran,bpt6k67717684,,failed,0,0,,no_usable_pages,known,,,bpt6k67717684: no usable pages in manifest.,2026-07-17T15:12:43.625056
echoran,bpt6k6771769j,,failed,0,0,,no_usable_pages,known,,,bpt6k6771769j: no usable pages in manifest.,2026-07-17T15:12:44.338940
echoran,bpt6k67717706,,failed,0,0,,no_usable_pages,known,,,bpt6k67717706: no usable pages in manifest.,2026-07-17T15:12:44.813051
echoran,bpt6k6771771m,,failed,0,0,,no_usable_pages,known,,,bpt6k6771771m: no usable pages in manifest.,2026-07-17T15:12:45.167982
echoran,bpt6k67717721,,failed,0,0,,no_usable_pages,known,,,bpt6k67717721: no usable pages in manifest.,2026-07-17T15:12:45.818070
echoran,bpt6k6771773f,,failed,0,0,,no_usable_pages,known,,,bpt6k6771773f: no usable pages in manifest.,2026-07-17T15:12:46.279600
echoran,bpt6k6771774v,,failed,0,0,,no_usable_pages,known,,,bpt6k6771774v: no usable pages in manifest.,2026-07-17T15:12:47.005594
echoran,bpt6k67717758,,failed,0,0,,no_usable_pages,known,,,bpt6k67717758: no usable pages in manifest.,2026-07-17T15:12:47.249003
echoran,bpt6k6771776p,,failed,0,0,,no_usable_pages,known,,,bpt6k6771776p: no usable pages in manifest.,2026-07-17T15:12:47.801809
echoran,bpt6k67717773,,failed,0,0,,no_usable_pages,known,,,bpt6k67717773: no usable pages in manifest.,2026-07-17T15:12:48.452134
echoran,bpt6k6771778h,,failed,0,0,,no_usable_pages,known,,,bpt6k6771778h: no usable pages in manifest.,2026-07-17T15:12:48.949046
echoran,bpt6k6771779x,,failed,0,0,,no_usable_pages,known,,,bpt6k6771779x: no usable pages in manifest.,2026-07-17T15:12:49.730601
echoran,bpt6k6771780k,,failed,0,0,,no_usable_pages,known,,,bpt6k6771780k: no usable pages in manifest.,2026-07-17T15:12:50.047564
echoran,bpt6k67717810,,failed,0,0,,no_usable_pages,known,,,bpt6k67717810: no usable pages in manifest.,2026-07-17T15:12:50.634519
echoran,bpt6k6771782d,,failed,0,0,,no_usable_pages,known,,,bpt6k6771782d: no usable pages in manifest.,2026-07-17T15:12:50.954170
echoran,bpt6k6771783t,,failed,0,0,,no_usable_pages,known,,,bpt6k6771783t: no usable pages in manifest.,2026-07-17T15:12:51.201283
echoran,bpt6k67717847,,failed,0,0,,no_usable_pages,known,,,bpt6k67717847: no usable pages in manifest.,2026-07-17T15:12:51.725097
echoran,bpt6k6771785n,,failed,0,0,,no_usable_pages,known,,,bpt6k6771785n: no usable pages in manifest.,2026-07-17T15:12:52.233430
echoran,bpt6k67717862,,failed,0,0,,no_usable_pages,known,,,bpt6k67717862: no usable pages in manifest.,2026-07-17T15:12:52.580214
echoran,bpt6k6771787g,,failed,0,0,,no_usable_pages,known,,,bpt6k6771787g: no usable pages in manifest.,2026-07-17T15:12:52.859021
echoran,bpt6k6771788w,,failed,0,0,,no_usable_pages,known,,,bpt6k6771788w: no usable pages in manifest.,2026-07-17T15:12:53.396090
echoran,bpt6k67717899,,failed,0,0,,no_usable_pages,known,,,bpt6k67717899: no usable pages in manifest.,2026-07-17T15:12:54.027646
echoran,bpt6k6771790z,,failed,0,0,,no_usable_pages,known,,,bpt6k6771790z: no usable pages in manifest.,2026-07-17T15:12:54.598745
echoran,bpt6k6771791c,,failed,0,0,,no_usable_pages,known,,,bpt6k6771791c: no usable pages in manifest.,2026-07-17T15:12:55.300586
echoran,bpt6k6771792s,,failed,0,0,,no_usable_pages,known,,,bpt6k6771792s: no usable pages in manifest.,2026-07-17T15:12:55.897438
echoran,bpt6k67717936,,failed,0,0,,no_usable_pages,known,,,bpt6k67717936: no usable pages in manifest.,2026-07-17T15:12:56.450868
echoran,bpt6k6771794m,,failed,0,0,,no_usable_pages,known,,,bpt6k6771794m: no usable pages in manifest.,2026-07-17T15:12:57.263294
echoran,bpt6k67717951,,failed,0,0,,no_usable_pages,known,,,bpt6k67717951: no usable pages in manifest.,2026-07-17T15:12:57.878418
echoran,bpt6k6771796f,,failed,0,0,,no_usable_pages,known,,,bpt6k6771796f: no usable pages in manifest.,2026-07-17T15:12:58.327195
echoran,bpt6k6771797v,,failed,0,0,,no_usable_pages,known,,,bpt6k6771797v: no usable pages in manifest.,2026-07-17T15:12:59.105706
echoran,bpt6k67717988,,failed,0,0,,no_usable_pages,known,,,bpt6k67717988: no usable pages in manifest.,2026-07-17T15:12:59.596545
echoran,bpt6k6771799p,,failed,0,0,,no_usable_pages,known,,,bpt6k6771799p: no usable pages in manifest.,2026-07-17T15:13:00.207288
echoran,bpt6k6771800w,,failed,0,0,,no_usable_pages,known,,,bpt6k6771800w: no usable pages in manifest.,2026-07-17T15:13:00.821847
echoran,bpt6k67718019,,failed,0,0,,no_usable_pages,known,,,bpt6k67718019: no usable pages in manifest.,2026-07-17T15:13:01.123706
echoran,bpt6k6771802q,,failed,0,0,,no_usable_pages,known,,,bpt6k6771802q: no usable pages in manifest.,2026-07-17T15:13:01.451865
echoran,bpt6k67718034,,failed,0,0,,no_usable_pages,known,,,bpt6k67718034: no usable pages in manifest.,2026-07-17T15:13:02.100538
echoran,bpt6k6771804j,,failed,0,0,,no_usable_pages,known,,,bpt6k6771804j: no usable pages in manifest.,2026-07-17T15:13:02.391704
echoran,bpt6k6771805z,,failed,0,0,,no_usable_pages,known,,,bpt6k6771805z: no usable pages in manifest.,2026-07-17T15:13:02.784623
echoran,bpt6k6771806c,,failed,0,0,,no_usable_pages,known,,,bpt6k6771806c: no usable pages in manifest.,2026-07-17T15:13:03.641335
echoran,bpt6k6771807s,,failed,0,0,,no_usable_pages,known,,,bpt6k6771807s: no usable pages in manifest.,2026-07-17T15:13:03.933578
echoran,bpt6k67718086,,failed,0,0,,no_usable_pages,known,,,bpt6k67718086: no usable pages in manifest.,2026-07-17T15:13:04.559898
echoran,bpt6k6771809m,,failed,0,0,,no_usable_pages,known,,,bpt6k6771809m: no usable pages in manifest.,2026-07-17T15:13:04.855859
echoran,bpt6k67718108,,failed,0,0,,no_usable_pages,known,,,bpt6k67718108: no usable pages in manifest.,2026-07-17T15:13:05.376960
echoran,bpt6k6771811p,,failed,0,0,,no_usable_pages,known,,,bpt6k6771811p: no usable pages in manifest.,2026-07-17T15:13:05.922110
echoran,bpt6k67718123,,failed,0,0,,no_usable_pages,known,,,bpt6k67718123: no usable pages in manifest.,2026-07-17T15:13:06.459304
echoran,bpt6k6771813h,,failed,0,0,,no_usable_pages,known,,,bpt6k6771813h: no usable pages in manifest.,2026-07-17T15:13:06.956925
echoran,bpt6k6771814x,,failed,0,0,,no_usable_pages,known,,,bpt6k6771814x: no usable pages in manifest.,2026-07-17T15:13:07.149928
echoran,bpt6k6771815b,,failed,0,0,,no_usable_pages,known,,,bpt6k6771815b: no usable pages in manifest.,2026-07-17T15:13:07.527800
echoran,bpt6k6771816r,,failed,0,0,,no_usable_pages,known,,,bpt6k6771816r: no usable pages in manifest.,2026-07-17T15:13:08.188353
echoran,bpt6k67718175,,failed,0,0,,no_usable_pages,known,,,bpt6k67718175: no usable pages in manifest.,2026-07-17T15:13:08.508560
echoran,bpt6k6771818k,,failed,0,0,,no_usable_pages,known,,,bpt6k6771818k: no usable pages in manifest.,2026-07-17T15:13:09.030285
echoran,bpt6k67718190,,failed,0,0,,no_usable_pages,known,,,bpt6k67718190: no usable pages in manifest.,2026-07-17T15:13:09.864534
echoran,bpt6k6771820n,,failed,0,0,,no_usable_pages,known,,,bpt6k6771820n: no usable pages in manifest.,2026-07-17T15:13:10.277887
echoran,bpt6k67718212,,failed,0,0,,no_usable_pages,known,,,bpt6k67718212: no usable pages in manifest.,2026-07-17T15:13:10.689355
echoran,bpt6k6771822g,,failed,0,0,,no_usable_pages,known,,,bpt6k6771822g: no usable pages in manifest.,2026-07-17T15:13:11.003246
echoran,bpt6k6771823w,,failed,0,0,,no_usable_pages,known,,,bpt6k6771823w: no usable pages in manifest.,2026-07-17T15:13:11.502138
echoran,bpt6k67718249,,failed,0,0,,no_usable_pages,known,,,bpt6k67718249: no usable pages in manifest.,2026-07-17T15:13:12.160492
echoran,bpt6k6771825q,,failed,0,0,,no_usable_pages,known,,,bpt6k6771825q: no usable pages in manifest.,2026-07-17T15:13:12.549165
echoran,bpt6k67718264,,failed,0,0,,no_usable_pages,known,,,bpt6k67718264: no usable pages in manifest.,2026-07-17T15:13:13.294397
echoran,bpt6k6771827j,,failed,0,0,,no_usable_pages,known,,,bpt6k6771827j: no usable pages in manifest.,2026-07-17T15:13:13.882289
echoran,bpt6k6771828z,,failed,0,0,,no_usable_pages,known,,,bpt6k6771828z: no usable pages in manifest.,2026-07-17T15:13:14.092103
echoran,bpt6k6771829c,,failed,0,0,,no_usable_pages,known,,,bpt6k6771829c: no usable pages in manifest.,2026-07-17T15:13:14.509287
echoran,bpt6k67718301,,failed,0,0,,no_usable_pages,known,,,bpt6k67718301: no usable pages in manifest.,2026-07-17T15:13:15.118891
echoran,bpt6k6771831f,,failed,0,0,,no_usable_pages,known,,,bpt6k6771831f: no usable pages in manifest.,2026-07-17T15:13:15.481494
echoran,bpt6k6771832v,,failed,0,0,,no_usable_pages,known,,,bpt6k6771832v: no usable pages in manifest.,2026-07-17T15:13:16.352739
echoran,bpt6k67718338,,failed,0,0,,no_usable_pages,known,,,bpt6k67718338: no usable pages in manifest.,2026-07-17T15:13:16.751618
echoran,bpt6k6771834p,,failed,0,0,,no_usable_pages,known,,,bpt6k6771834p: no usable pages in manifest.,2026-07-17T15:13:17.190425
echoran,bpt6k67718353,,failed,0,0,,no_usable_pages,known,,,bpt6k67718353: no usable pages in manifest.,2026-07-17T15:13:17.530463
echoran,bpt6k6771836h,,failed,0,0,,no_usable_pages,known,,,bpt6k6771836h: no usable pages in manifest.,2026-07-17T15:13:17.789438
echoran,bpt6k6771837x,,failed,0,0,,no_usable_pages,known,,,bpt6k6771837x: no usable pages in manifest.,2026-07-17T15:13:18.515024
echoran,bpt6k6771838b,,failed,0,0,,no_usable_pages,known,,,bpt6k6771838b: no usable pages in manifest.,2026-07-17T15:13:19.176628
echoran,bpt6k6771839r,,failed,0,0,,no_usable_pages,known,,,bpt6k6771839r: no usable pages in manifest.,2026-07-17T15:13:19.827977
echoran,bpt6k6771840d,,failed,0,0,,no_usable_pages,known,,,bpt6k6771840d: no usable pages in manifest.,2026-07-17T15:13:20.410360
echoran,bpt6k6771841t,,failed,0,0,,no_usable_pages,known,,,bpt6k6771841t: no usable pages in manifest.,2026-07-17T15:13:20.704223
echoran,bpt6k67718427,,failed,0,0,,no_usable_pages,known,,,bpt6k67718427: no usable pages in manifest.,2026-07-17T15:13:20.971661
echoran,bpt6k6771843n,,failed,0,0,,no_usable_pages,known,,,bpt6k6771843n: no usable pages in manifest.,2026-07-17T15:13:21.550495
echoran,bpt6k67718442,,failed,0,0,,no_usable_pages,known,,,bpt6k67718442: no usable pages in manifest.,2026-07-17T15:13:22.173101
echoran,bpt6k6771845g,,failed,0,0,,no_usable_pages,known,,,bpt6k6771845g: no usable pages in manifest.,2026-07-17T15:13:22.490318
echoran,bpt6k6771846w,,failed,0,0,,no_usable_pages,known,,,bpt6k6771846w: no usable pages in manifest.,2026-07-17T15:13:22.818231
echoran,bpt6k67718479,,failed,0,0,,no_usable_pages,known,,,bpt6k67718479: no usable pages in manifest.,2026-07-17T15:13:23.232485
echoran,bpt6k6771848q,,failed,0,0,,no_usable_pages,known,,,bpt6k6771848q: no usable pages in manifest.,2026-07-17T15:13:23.756146
echoran,bpt6k67718494,,failed,0,0,,no_usable_pages,known,,,bpt6k67718494: no usable pages in manifest.,2026-07-17T15:13:24.142534
echoran,bpt6k6771850s,,failed,0,0,,no_usable_pages,known,,,bpt6k6771850s: no usable pages in manifest.,2026-07-17T15:13:24.585728
echoran,bpt6k67718516,,failed,0,0,,no_usable_pages,known,,,bpt6k67718516: no usable pages in manifest.,2026-07-17T15:13:25.126187
echoran,bpt6k6771852m,,failed,0,0,,no_usable_pages,known,,,bpt6k6771852m: no usable pages in manifest.,2026-07-17T15:13:25.636608
echoran,bpt6k67718531,,failed,0,0,,no_usable_pages,known,,,bpt6k67718531: no usable pages in manifest.,2026-07-17T15:13:25.964519
echoran,bpt6k6771854f,,failed,0,0,,no_usable_pages,known,,,bpt6k6771854f: no usable pages in manifest.,2026-07-17T15:13:26.378459
echoran,bpt6k6771855v,,failed,0,0,,no_usable_pages,known,,,bpt6k6771855v: no usable pages in manifest.,2026-07-17T15:13:26.970074
echoran,bpt6k67718568,,failed,0,0,,no_usable_pages,known,,,bpt6k67718568: no usable pages in manifest.,2026-07-17T15:13:27.902382
echoran,bpt6k6771857p,,failed,0,0,,no_usable_pages,known,,,bpt6k6771857p: no usable pages in manifest.,2026-07-17T15:13:28.358074
echoran,bpt6k67718583,,failed,0,0,,no_usable_pages,known,,,bpt6k67718583: no usable pages in manifest.,2026-07-17T15:13:28.752128
echoran,bpt6k6771859h,,failed,0,0,,no_usable_pages,known,,,bpt6k6771859h: no usable pages in manifest.,2026-07-17T15:13:29.302801
echoran,bpt6k67718605,,failed,0,0,,no_usable_pages,known,,,bpt6k67718605: no usable pages in manifest.,2026-07-17T15:13:30.193171
echoran,bpt6k6771861k,,failed,0,0,,no_usable_pages,known,,,bpt6k6771861k: no usable pages in manifest.,2026-07-17T15:13:30.514384
echoran,bpt6k67718620,,failed,0,0,,no_usable_pages,known,,,bpt6k67718620: no usable pages in manifest.,2026-07-17T15:13:31.469440
echoran,bpt6k6771863d,,failed,0,0,,no_usable_pages,known,,,bpt6k6771863d: no usable pages in manifest.,2026-07-17T15:13:32.101175
echoran,bpt6k6771864t,,failed,0,0,,no_usable_pages,known,,,bpt6k6771864t: no usable pages in manifest.,2026-07-17T15:13:32.660830
echoran,bpt6k67718657,,failed,0,0,,no_usable_pages,known,,,bpt6k67718657: no usable pages in manifest.,2026-07-17T15:13:33.262472
echoran,bpt6k6771866n,,failed,0,0,,no_usable_pages,known,,,bpt6k6771866n: no usable pages in manifest.,2026-07-17T15:13:33.806858
echoran,bpt6k67718672,,failed,0,0,,no_usable_pages,known,,,bpt6k67718672: no usable pages in manifest.,2026-07-17T15:13:34.223265
echoran,bpt6k6771868g,,failed,0,0,,no_usable_pages,known,,,bpt6k6771868g: no usable pages in manifest.,2026-07-17T15:13:34.633863
echoran,bpt6k6771869w,,failed,0,0,,no_usable_pages,known,,,bpt6k6771869w: no usable pages in manifest.,2026-07-17T15:13:34.935349
echoran,bpt6k6771870j,,failed,0,0,,no_usable_pages,known,,,bpt6k6771870j: no usable pages in manifest.,2026-07-17T15:13:35.329669
echoran,bpt6k6771871z,,failed,0,0,,no_usable_pages,known,,,bpt6k6771871z: no usable pages in manifest.,2026-07-17T15:13:35.619102
echoran,bpt6k6771872c,,failed,0,0,,no_usable_pages,known,,,bpt6k6771872c: no usable pages in manifest.,2026-07-17T15:13:35.952736
echoran,bpt6k6771873s,,failed,0,0,,no_usable_pages,known,,,bpt6k6771873s: no usable pages in manifest.,2026-07-17T15:13:36.484625
echoran,bpt6k67718746,,failed,0,0,,no_usable_pages,known,,,bpt6k67718746: no usable pages in manifest.,2026-07-17T15:13:36.840278
echoran,bpt6k6771875m,,failed,0,0,,no_usable_pages,known,,,bpt6k6771875m: no usable pages in manifest.,2026-07-17T15:13:37.449887
echoran,bpt6k67718761,,failed,0,0,,no_usable_pages,known,,,bpt6k67718761: no usable pages in manifest.,2026-07-17T15:13:38.121458
echoran,bpt6k6771877f,,failed,0,0,,no_usable_pages,known,,,bpt6k6771877f: no usable pages in manifest.,2026-07-17T15:13:38.769988
echoran,bpt6k6771878v,,failed,0,0,,no_usable_pages,known,,,bpt6k6771878v: no usable pages in manifest.,2026-07-17T15:13:39.187606
echoran,bpt6k67718798,,failed,0,0,,no_usable_pages,known,,,bpt6k67718798: no usable pages in manifest.,2026-07-17T15:13:39.614585
echoran,bpt6k6771880x,,failed,0,0,,no_usable_pages,known,,,bpt6k6771880x: no usable pages in manifest.,2026-07-17T15:13:40.040122
echoran,bpt6k6771881b,,failed,0,0,,no_usable_pages,known,,,bpt6k6771881b: no usable pages in manifest.,2026-07-17T15:13:40.832878
echoran,bpt6k6771882r,,failed,0,0,,no_usable_pages,known,,,bpt6k6771882r: no usable pages in manifest.,2026-07-17T15:13:41.378823
echoran,bpt6k67718835,,failed,0,0,,no_usable_pages,known,,,bpt6k67718835: no usable pages in manifest.,2026-07-17T15:13:41.863940
echoran,bpt6k6771884k,,failed,0,0,,no_usable_pages,known,,,bpt6k6771884k: no usable pages in manifest.,2026-07-17T15:13:42.223300
echoran,bpt6k67718850,,failed,0,0,,no_usable_pages,known,,,bpt6k67718850: no usable pages in manifest.,2026-07-17T15:13:42.811686
echoran,bpt6k6771886d,,failed,0,0,,no_usable_pages,known,,,bpt6k6771886d: no usable pages in manifest.,2026-07-17T15:13:43.532364
echoran,bpt6k6771887t,,failed,0,0,,no_usable_pages,known,,,bpt6k6771887t: no usable pages in manifest.,2026-07-17T15:13:43.873914
echoran,bpt6k67718887,,failed,0,0,,no_usable_pages,known,,,bpt6k67718887: no usable pages in manifest.,2026-07-17T15:13:44.572010
echoran,bpt6k6771889n,,failed,0,0,,no_usable_pages,known,,,bpt6k6771889n: no usable pages in manifest.,2026-07-17T15:13:45.325636
echoran,bpt6k67718909,,failed,0,0,,no_usable_pages,known,,,bpt6k67718909: no usable pages in manifest.,2026-07-17T15:13:46.018754
echoran,bpt6k6771891q,,failed,0,0,,no_usable_pages,known,,,bpt6k6771891q: no usable pages in manifest.,2026-07-17T15:13:46.524095
echoran,bpt6k67718924,,failed,0,0,,no_usable_pages,known,,,bpt6k67718924: no usable pages in manifest.,2026-07-17T15:13:47.322432
echoran,bpt6k6771893j,,failed,0,0,,no_usable_pages,known,,,bpt6k6771893j: no usable pages in manifest.,2026-07-17T15:13:47.814427
echoran,bpt6k6771894z,,failed,0,0,,no_usable_pages,known,,,bpt6k6771894z: no usable pages in manifest.,2026-07-17T15:13:48.427175
echoran,bpt6k6771895c,,failed,0,0,,no_usable_pages,known,,,bpt6k6771895c: no usable pages in manifest.,2026-07-17T15:13:48.818723
echoran,bpt6k6771896s,,failed,0,0,,no_usable_pages,known,,,bpt6k6771896s: no usable pages in manifest.,2026-07-17T15:13:49.160439
echoran,bpt6k67718976,,failed,0,0,,no_usable_pages,known,,,bpt6k67718976: no usable pages in manifest.,2026-07-17T15:13:49.976374
echoran,bpt6k6771898m,,failed,0,0,,no_usable_pages,known,,,bpt6k6771898m: no usable pages in manifest.,2026-07-17T15:13:50.631462
echoran,bpt6k67718991,,failed,0,0,,no_usable_pages,known,,,bpt6k67718991: no usable pages in manifest.,2026-07-17T15:13:51.518077
echoran,bpt6k67719007,,failed,0,0,,no_usable_pages,known,,,bpt6k67719007: no usable pages in manifest.,2026-07-17T15:13:51.810766
echoran,bpt6k6771901n,,failed,0,0,,no_usable_pages,known,,,bpt6k6771901n: no usable pages in manifest.,2026-07-17T15:13:52.307064
echoran,bpt6k67719022,,failed,0,0,,no_usable_pages,known,,,bpt6k67719022: no usable pages in manifest.,2026-07-17T15:13:53.007156
echoran,bpt6k6771903g,,failed,0,0,,no_usable_pages,known,,,bpt6k6771903g: no usable pages in manifest.,2026-07-17T15:13:53.427849
echoran,bpt6k6771904w,,failed,0,0,,no_usable_pages,known,,,bpt6k6771904w: no usable pages in manifest.,2026-07-17T15:13:53.944358
echoran,bpt6k67719059,,failed,0,0,,no_usable_pages,known,,,bpt6k67719059: no usable pages in manifest.,2026-07-17T15:13:54.551709
echoran,bpt6k6771906q,,failed,0,0,,no_usable_pages,known,,,bpt6k6771906q: no usable pages in manifest.,2026-07-17T15:13:54.884892
echoran,bpt6k67719074,,failed,0,0,,no_usable_pages,known,,,bpt6k67719074: no usable pages in manifest.,2026-07-17T15:13:55.352093
echoran,bpt6k6771908j,,failed,0,0,,no_usable_pages,known,,,bpt6k6771908j: no usable pages in manifest.,2026-07-17T15:13:55.885937
echoran,bpt6k6771909z,,failed,0,0,,no_usable_pages,known,,,bpt6k6771909z: no usable pages in manifest.,2026-07-17T15:13:56.238053
echoran,bpt6k6771910m,,failed,0,0,,no_usable_pages,known,,,bpt6k6771910m: no usable pages in manifest.,2026-07-17T15:13:56.854629
echoran,bpt6k67719111,,failed,0,0,,no_usable_pages,known,,,bpt6k67719111: no usable pages in manifest.,2026-07-17T15:13:57.200053
echoran,bpt6k6771912f,,failed,0,0,,no_usable_pages,known,,,bpt6k6771912f: no usable pages in manifest.,2026-07-17T15:13:57.922459
echoran,bpt6k6771913v,,failed,0,0,,no_usable_pages,known,,,bpt6k6771913v: no usable pages in manifest.,2026-07-17T15:13:58.404259
echoran,bpt6k67719148,,failed,0,0,,no_usable_pages,known,,,bpt6k67719148: no usable pages in manifest.,2026-07-17T15:13:58.717297
echoran,bpt6k6771915p,,failed,0,0,,no_usable_pages,known,,,bpt6k6771915p: no usable pages in manifest.,2026-07-17T15:13:59.230366
echoran,bpt6k67719163,,failed,0,0,,no_usable_pages,known,,,bpt6k67719163: no usable pages in manifest.,2026-07-17T15:13:59.674136
echoran,bpt6k6771917h,,failed,0,0,,no_usable_pages,known,,,bpt6k6771917h: no usable pages in manifest.,2026-07-17T15:13:59.993243
echoran,bpt6k6771918x,,failed,0,0,,no_usable_pages,known,,,bpt6k6771918x: no usable pages in manifest.,2026-07-17T15:14:00.659293
echoran,bpt6k6771919b,,failed,0,0,,no_usable_pages,known,,,bpt6k6771919b: no usable pages in manifest.,2026-07-17T15:14:00.953849
echoran,bpt6k67719200,,failed,0,0,,no_usable_pages,known,,,bpt6k67719200: no usable pages in manifest.,2026-07-17T15:14:01.228665
echoran,bpt6k6771921d,,failed,0,0,,no_usable_pages,known,,,bpt6k6771921d: no usable pages in manifest.,2026-07-17T15:14:01.625358
echoran,bpt6k6771922t,,failed,0,0,,no_usable_pages,known,,,bpt6k6771922t: no usable pages in manifest.,2026-07-17T15:14:02.127810
echoran,bpt6k67719237,,failed,0,0,,no_usable_pages,known,,,bpt6k67719237: no usable pages in manifest.,2026-07-17T15:14:02.424304
echoran,bpt6k6771924n,,failed,0,0,,no_usable_pages,known,,,bpt6k6771924n: no usable pages in manifest.,2026-07-17T15:14:03.112852
echoran,bpt6k67719252,,failed,0,0,,no_usable_pages,known,,,bpt6k67719252: no usable pages in manifest.,2026-07-17T15:14:03.414673
echoran,bpt6k6771926g,,failed,0,0,,no_usable_pages,known,,,bpt6k6771926g: no usable pages in manifest.,2026-07-17T15:14:03.795938
echoran,bpt6k6771927w,,failed,0,0,,no_usable_pages,known,,,bpt6k6771927w: no usable pages in manifest.,2026-07-17T15:14:04.453256
echoran,bpt6k67719289,,failed,0,0,,no_usable_pages,known,,,bpt6k67719289: no usable pages in manifest.,2026-07-17T15:14:04.762025
echoran,bpt6k6771929q,,failed,0,0,,no_usable_pages,known,,,bpt6k6771929q: no usable pages in manifest.,2026-07-17T15:14:05.172585
echoran,bpt6k6771930c,,failed,0,0,,no_usable_pages,known,,,bpt6k6771930c: no usable pages in manifest.,2026-07-17T15:14:05.655847
echoran,bpt6k6771931s,,failed,0,0,,no_usable_pages,known,,,bpt6k6771931s: no usable pages in manifest.,2026-07-17T15:14:05.920286
echoran,bpt6k67719326,,failed,0,0,,no_usable_pages,known,,,bpt6k67719326: no usable pages in manifest.,2026-07-17T15:14:06.191272
echoran,bpt6k6771933m,,failed,0,0,,no_usable_pages,known,,,bpt6k6771933m: no usable pages in manifest.,2026-07-17T15:14:06.896541
echoran,bpt6k67719341,,failed,0,0,,no_usable_pages,known,,,bpt6k67719341: no usable pages in manifest.,2026-07-17T15:14:07.271509
echoran,bpt6k6771935f,,failed,0,0,,no_usable_pages,known,,,bpt6k6771935f: no usable pages in manifest.,2026-07-17T15:14:07.771347
echoran,bpt6k6771936v,,failed,0,0,,no_usable_pages,known,,,bpt6k6771936v: no usable pages in manifest.,2026-07-17T15:14:08.322517
echoran,bpt6k67719378,,failed,0,0,,no_usable_pages,known,,,bpt6k67719378: no usable pages in manifest.,2026-07-17T15:14:09.582449
echoran,bpt6k6771938p,,failed,0,0,,no_usable_pages,known,,,bpt6k6771938p: no usable pages in manifest.,2026-07-17T15:14:09.874051
echoran,bpt6k67719393,,failed,0,0,,no_usable_pages,known,,,bpt6k67719393: no usable pages in manifest.,2026-07-17T15:14:10.283304
echoran,bpt6k6771940r,,failed,0,0,,no_usable_pages,known,,,bpt6k6771940r: no usable pages in manifest.,2026-07-17T15:14:10.807018
echoran,bpt6k67719415,,failed,0,0,,no_usable_pages,known,,,bpt6k67719415: no usable pages in manifest.,2026-07-17T15:14:11.168699
echoran,bpt6k6771942k,,failed,0,0,,no_usable_pages,known,,,bpt6k6771942k: no usable pages in manifest.,2026-07-17T15:14:11.432639
echoran,bpt6k67719430,,failed,0,0,,no_usable_pages,known,,,bpt6k67719430: no usable pages in manifest.,2026-07-17T15:14:11.970735
echoran,bpt6k6771944d,,failed,0,0,,no_usable_pages,known,,,bpt6k6771944d: no usable pages in manifest.,2026-07-17T15:14:12.182293
echoran,bpt6k6771945t,,failed,0,0,,no_usable_pages,known,,,bpt6k6771945t: no usable pages in manifest.,2026-07-17T15:14:12.584708
echoran,bpt6k6771947n,,failed,0,0,,no_usable_pages,known,,,bpt6k6771947n: no usable pages in manifest.,2026-07-17T15:14:13.059682
echoran,bpt6k67719482,,failed,0,0,,no_usable_pages,known,,,bpt6k67719482: no usable pages in manifest.,2026-07-17T15:14:13.291095
echoran,bpt6k6771949g,,failed,0,0,,no_usable_pages,known,,,bpt6k6771949g: no usable pages in manifest.,2026-07-17T15:14:13.624617
echoran,bpt6k67719504,,failed,0,0,,no_usable_pages,known,,,bpt6k67719504: no usable pages in manifest.,2026-07-17T15:14:14.256542
echoran,bpt6k6771951j,,failed,0,0,,no_usable_pages,known,,,bpt6k6771951j: no usable pages in manifest.,2026-07-17T15:14:14.494419
echoran,bpt6k6771952z,,failed,0,0,,no_usable_pages,known,,,bpt6k6771952z: no usable pages in manifest.,2026-07-17T15:14:14.682911
echoran,bpt6k6771953c,,failed,0,0,,no_usable_pages,known,,,bpt6k6771953c: no usable pages in manifest.,2026-07-17T15:14:15.169747
echoran,bpt6k6771954s,,failed,0,0,,no_usable_pages,known,,,bpt6k6771954s: no usable pages in manifest.,2026-07-17T15:14:15.724610
echoran,bpt6k67719556,,failed,0,0,,no_usable_pages,known,,,bpt6k67719556: no usable pages in manifest.,2026-07-17T15:14:15.981077
echoran,bpt6k6771956m,,failed,0,0,,no_usable_pages,known,,,bpt6k6771956m: no usable pages in manifest.,2026-07-17T15:14:16.380002
echoran,bpt6k67719571,,failed,0,0,,no_usable_pages,known,,,bpt6k67719571: no usable pages in manifest.,2026-07-17T15:14:16.760930
echoran,bpt6k6771958f,,failed,0,0,,no_usable_pages,known,,,bpt6k6771958f: no usable pages in manifest.,2026-07-17T15:14:17.196828
echoran,bpt6k6771959v,,failed,0,0,,no_usable_pages,known,,,bpt6k6771959v: no usable pages in manifest.,2026-07-17T15:14:17.645178
echoran,bpt6k6771960h,,failed,0,0,,no_usable_pages,known,,,bpt6k6771960h: no usable pages in manifest.,2026-07-17T15:14:17.895209
echoran,bpt6k6771961x,,failed,0,0,,no_usable_pages,known,,,bpt6k6771961x: no usable pages in manifest.,2026-07-17T15:14:18.289765
echoran,bpt6k6771962b,,failed,0,0,,no_usable_pages,known,,,bpt6k6771962b: no usable pages in manifest.,2026-07-17T15:14:18.854998
echoran,bpt6k6771963r,,failed,0,0,,no_usable_pages,known,,,bpt6k6771963r: no usable pages in manifest.,2026-07-17T15:14:19.173464
echoran,bpt6k67719645,,failed,0,0,,no_usable_pages,known,,,bpt6k67719645: no usable pages in manifest.,2026-07-17T15:14:19.725540
echoran,bpt6k6771965k,,failed,0,0,,no_usable_pages,known,,,bpt6k6771965k: no usable pages in manifest.,2026-07-17T15:14:20.205153
echoran,bpt6k67719660,,failed,0,0,,no_usable_pages,known,,,bpt6k67719660: no usable pages in manifest.,2026-07-17T15:14:20.677857
echoran,bpt6k6771967d,,failed,0,0,,no_usable_pages,known,,,bpt6k6771967d: no usable pages in manifest.,2026-07-17T15:14:20.972536
echoran,bpt6k6771968t,,failed,0,0,,no_usable_pages,known,,,bpt6k6771968t: no usable pages in manifest.,2026-07-17T15:14:21.825113
echoran,bpt6k67719697,,failed,0,0,,no_usable_pages,known,,,bpt6k67719697: no usable pages in manifest.,2026-07-17T15:14:22.208284
echoran,bpt6k6771970w,,failed,0,0,,no_usable_pages,known,,,bpt6k6771970w: no usable pages in manifest.,2026-07-17T15:14:22.766008
echoran,bpt6k67719719,,failed,0,0,,no_usable_pages,known,,,bpt6k67719719: no usable pages in manifest.,2026-07-17T15:14:23.250579
echoran,bpt6k6771972q,,failed,0,0,,no_usable_pages,known,,,bpt6k6771972q: no usable pages in manifest.,2026-07-17T15:14:23.915082
echoran,bpt6k67719734,,failed,0,0,,no_usable_pages,known,,,bpt6k67719734: no usable pages in manifest.,2026-07-17T15:14:24.485529
echoran,bpt6k6771974j,,failed,0,0,,no_usable_pages,known,,,bpt6k6771974j: no usable pages in manifest.,2026-07-17T15:14:24.973707
echoran,bpt6k6771975z,,failed,0,0,,no_usable_pages,known,,,bpt6k6771975z: no usable pages in manifest.,2026-07-17T15:14:25.272391
echoran,bpt6k6771976c,,failed,0,0,,no_usable_pages,known,,,bpt6k6771976c: no usable pages in manifest.,2026-07-17T15:14:25.490150
echoran,bpt6k6771977s,,failed,0,0,,no_usable_pages,known,,,bpt6k6771977s: no usable pages in manifest.,2026-07-17T15:14:26.007981
echoran,bpt6k67719786,,failed,0,0,,no_usable_pages,known,,,bpt6k67719786: no usable pages in manifest.,2026-07-17T15:14:26.354257
echoran,bpt6k6771979m,,failed,0,0,,no_usable_pages,known,,,bpt6k6771979m: no usable pages in manifest.,2026-07-17T15:14:26.721825
echoran,bpt6k67719808,,failed,0,0,,no_usable_pages,known,,,bpt6k67719808: no usable pages in manifest.,2026-07-17T15:14:27.241156
echoran,bpt6k6771981p,,failed,0,0,,no_usable_pages,known,,,bpt6k6771981p: no usable pages in manifest.,2026-07-17T15:14:27.795743
echoran,bpt6k67719823,,failed,0,0,,no_usable_pages,known,,,bpt6k67719823: no usable pages in manifest.,2026-07-17T15:14:28.539861
echoran,bpt6k6771983h,,failed,0,0,,no_usable_pages,known,,,bpt6k6771983h: no usable pages in manifest.,2026-07-17T15:14:29.083232
echoran,bpt6k6771984x,,failed,0,0,,no_usable_pages,known,,,bpt6k6771984x: no usable pages in manifest.,2026-07-17T15:14:29.790465
echoran,bpt6k6771985b,,failed,0,0,,no_usable_pages,known,,,bpt6k6771985b: no usable pages in manifest.,2026-07-17T15:14:30.331340
echoran,bpt6k6771986r,,failed,0,0,,no_usable_pages,known,,,bpt6k6771986r: no usable pages in manifest.,2026-07-17T15:14:31.021227
echoran,bpt6k67719875,,failed,0,0,,no_usable_pages,known,,,bpt6k67719875: no usable pages in manifest.,2026-07-17T15:14:31.699014
echoran,bpt6k6771988k,,failed,0,0,,no_usable_pages,known,,,bpt6k6771988k: no usable pages in manifest.,2026-07-17T15:14:32.194706
echoran,bpt6k67719890,,failed,0,0,,no_usable_pages,known,,,bpt6k67719890: no usable pages in manifest.,2026-07-17T15:14:32.711526
echoran,bpt6k6771990n,,failed,0,0,,no_usable_pages,known,,,bpt6k6771990n: no usable pages in manifest.,2026-07-17T15:14:33.116833
echoran,bpt6k67719912,,failed,0,0,,no_usable_pages,known,,,bpt6k67719912: no usable pages in manifest.,2026-07-17T15:14:33.994906
echoran,bpt6k6771992g,,failed,0,0,,no_usable_pages,known,,,bpt6k6771992g: no usable pages in manifest.,2026-07-17T15:14:34.413648
echoran,bpt6k6771993w,,failed,0,0,,no_usable_pages,known,,,bpt6k6771993w: no usable pages in manifest.,2026-07-17T15:14:34.676089
echoran,bpt6k67719949,,failed,0,0,,no_usable_pages,known,,,bpt6k67719949: no usable pages in manifest.,2026-07-17T15:14:35.063484
echoran,bpt6k6771995q,,failed,0,0,,no_usable_pages,known,,,bpt6k6771995q: no usable pages in manifest.,2026-07-17T15:14:35.551935
echoran,bpt6k67719964,,failed,0,0,,no_usable_pages,known,,,bpt6k67719964: no usable pages in manifest.,2026-07-17T15:14:35.997288
echoran,bpt6k6771997j,,failed,0,0,,no_usable_pages,known,,,bpt6k6771997j: no usable pages in manifest.,2026-07-17T15:14:37.008607
echoran,bpt6k6771998z,,failed,0,0,,no_usable_pages,known,,,bpt6k6771998z: no usable pages in manifest.,2026-07-17T15:14:37.454750
echoran,bpt6k6771999c,,failed,0,0,,no_usable_pages,known,,,bpt6k6771999c: no usable pages in manifest.,2026-07-17T15:14:38.011028
echoran,bpt6k6772000f,,failed,0,0,,no_usable_pages,known,,,bpt6k6772000f: no usable pages in manifest.,2026-07-17T15:14:38.358324
echoran,bpt6k6772001v,,failed,0,0,,no_usable_pages,known,,,bpt6k6772001v: no usable pages in manifest.,2026-07-17T15:14:38.956278
echoran,bpt6k67720028,,failed,0,0,,no_usable_pages,known,,,bpt6k67720028: no usable pages in manifest.,2026-07-17T15:14:39.164440
echoran,bpt6k6772003p,,failed,0,0,,no_usable_pages,known,,,bpt6k6772003p: no usable pages in manifest.,2026-07-17T15:14:39.529617
echoran,bpt6k67720043,,failed,0,0,,no_usable_pages,known,,,bpt6k67720043: no usable pages in manifest.,2026-07-17T15:14:39.998618
echoran,bpt6k6772005h,,failed,0,0,,no_usable_pages,known,,,bpt6k6772005h: no usable pages in manifest.,2026-07-17T15:14:40.250946
echoran,bpt6k6772006x,,failed,0,0,,no_usable_pages,known,,,bpt6k6772006x: no usable pages in manifest.,2026-07-17T15:14:40.573908
echoran,bpt6k6772007b,,failed,0,0,,no_usable_pages,known,,,bpt6k6772007b: no usable pages in manifest.,2026-07-17T15:14:41.028830
echoran,bpt6k6772008r,,failed,0,0,,no_usable_pages,known,,,bpt6k6772008r: no usable pages in manifest.,2026-07-17T15:14:41.226223
echoran,bpt6k67720095,,failed,0,0,,no_usable_pages,known,,,bpt6k67720095: no usable pages in manifest.,2026-07-17T15:14:41.805375
echoran,bpt6k6772010t,,failed,0,0,,no_usable_pages,known,,,bpt6k6772010t: no usable pages in manifest.,2026-07-17T15:14:42.533764
echoran,bpt6k67720117,,failed,0,0,,no_usable_pages,known,,,bpt6k67720117: no usable pages in manifest.,2026-07-17T15:14:43.131865
echoran,bpt6k6772012n,,failed,0,0,,no_usable_pages,known,,,bpt6k6772012n: no usable pages in manifest.,2026-07-17T15:14:43.818376
echoran,bpt6k67720132,,failed,0,0,,no_usable_pages,known,,,bpt6k67720132: no usable pages in manifest.,2026-07-17T15:14:44.334275
echoran,bpt6k6772014g,,failed,0,0,,no_usable_pages,known,,,bpt6k6772014g: no usable pages in manifest.,2026-07-17T15:14:44.956558
echoran,bpt6k6772015w,,failed,0,0,,no_usable_pages,known,,,bpt6k6772015w: no usable pages in manifest.,2026-07-17T15:14:45.541437
echoran,bpt6k67720169,,failed,0,0,,no_usable_pages,known,,,bpt6k67720169: no usable pages in manifest.,2026-07-17T15:14:46.171667
echoran,bpt6k6772017q,,failed,0,0,,no_usable_pages,known,,,bpt6k6772017q: no usable pages in manifest.,2026-07-17T15:14:46.519524
echoran,bpt6k67720184,,failed,0,0,,no_usable_pages,known,,,bpt6k67720184: no usable pages in manifest.,2026-07-17T15:14:47.109630
echoran,bpt6k6772019j,,failed,0,0,,no_usable_pages,known,,,bpt6k6772019j: no usable pages in manifest.,2026-07-17T15:14:47.332089
echoran,bpt6k67720206,,failed,0,0,,no_usable_pages,known,,,bpt6k67720206: no usable pages in manifest.,2026-07-17T15:14:47.578909
echoran,bpt6k6772021m,,failed,0,0,,no_usable_pages,known,,,bpt6k6772021m: no usable pages in manifest.,2026-07-17T15:14:48.142037
echoran,bpt6k67720221,,failed,0,0,,no_usable_pages,known,,,bpt6k67720221: no usable pages in manifest.,2026-07-17T15:14:48.585276
echoran,bpt6k6772023f,,failed,0,0,,no_usable_pages,known,,,bpt6k6772023f: no usable pages in manifest.,2026-07-17T15:14:49.003133
echoran,bpt6k6772024v,,failed,0,0,,no_usable_pages,known,,,bpt6k6772024v: no usable pages in manifest.,2026-07-17T15:14:50.037433
echoran,bpt6k67720258,,failed,0,0,,no_usable_pages,known,,,bpt6k67720258: no usable pages in manifest.,2026-07-17T15:14:50.427579
echoran,bpt6k6772026p,,failed,0,0,,no_usable_pages,known,,,bpt6k6772026p: no usable pages in manifest.,2026-07-17T15:14:51.065534
echoran,bpt6k67720273,,failed,0,0,,no_usable_pages,known,,,bpt6k67720273: no usable pages in manifest.,2026-07-17T15:14:51.493283
echoran,bpt6k6772028h,,failed,0,0,,no_usable_pages,known,,,bpt6k6772028h: no usable pages in manifest.,2026-07-17T15:14:52.383658
echoran,bpt6k6772029x,,failed,0,0,,no_usable_pages,known,,,bpt6k6772029x: no usable pages in manifest.,2026-07-17T15:14:52.835778
echoran,bpt6k6772030k,,failed,0,0,,no_usable_pages,known,,,bpt6k6772030k: no usable pages in manifest.,2026-07-17T15:14:53.406368
echoran,bpt6k67720310,,failed,0,0,,no_usable_pages,known,,,bpt6k67720310: no usable pages in manifest.,2026-07-17T15:14:53.663261
echoran,bpt6k6772032d,,failed,0,0,,no_usable_pages,known,,,bpt6k6772032d: no usable pages in manifest.,2026-07-17T15:14:54.050024
echoran,bpt6k6772033t,,failed,0,0,,no_usable_pages,known,,,bpt6k6772033t: no usable pages in manifest.,2026-07-17T15:14:54.768872
echoran,bpt6k67720347,,failed,0,0,,no_usable_pages,known,,,bpt6k67720347: no usable pages in manifest.,2026-07-17T15:14:55.044255
echoran,bpt6k6772035n,,failed,0,0,,no_usable_pages,known,,,bpt6k6772035n: no usable pages in manifest.,2026-07-17T15:14:55.351148
echoran,bpt6k67720362,,failed,0,0,,no_usable_pages,known,,,bpt6k67720362: no usable pages in manifest.,2026-07-17T15:14:55.804161
echoran,bpt6k6772037g,,failed,0,0,,no_usable_pages,known,,,bpt6k6772037g: no usable pages in manifest.,2026-07-17T15:14:56.493404
echoran,bpt6k6772038w,,failed,0,0,,no_usable_pages,known,,,bpt6k6772038w: no usable pages in manifest.,2026-07-17T15:14:57.210026
echoran,bpt6k67720399,,failed,0,0,,no_usable_pages,known,,,bpt6k67720399: no usable pages in manifest.,2026-07-17T15:14:57.797447
echoran,bpt6k6772040z,,failed,0,0,,no_usable_pages,known,,,bpt6k6772040z: no usable pages in manifest.,2026-07-17T15:14:58.402574
echoran,bpt6k6772041c,,failed,0,0,,no_usable_pages,known,,,bpt6k6772041c: no usable pages in manifest.,2026-07-17T15:14:58.845090
echoran,bpt6k6772042s,,failed,0,0,,no_usable_pages,known,,,bpt6k6772042s: no usable pages in manifest.,2026-07-17T15:14:59.301490
echoran,bpt6k67720436,,failed,0,0,,no_usable_pages,known,,,bpt6k67720436: no usable pages in manifest.,2026-07-17T15:14:59.490757
echoran,bpt6k6772044m,,failed,0,0,,no_usable_pages,known,,,bpt6k6772044m: no usable pages in manifest.,2026-07-17T15:14:59.794472
echoran,bpt6k67720451,,failed,0,0,,no_usable_pages,known,,,bpt6k67720451: no usable pages in manifest.,2026-07-17T15:15:00.660245
echoran,bpt6k6772046f,,failed,0,0,,no_usable_pages,known,,,bpt6k6772046f: no usable pages in manifest.,2026-07-17T15:15:01.055204
echoran,bpt6k6772047v,,failed,0,0,,no_usable_pages,known,,,bpt6k6772047v: no usable pages in manifest.,2026-07-17T15:15:01.783130
echoran,bpt6k67720488,,failed,0,0,,no_usable_pages,known,,,bpt6k67720488: no usable pages in manifest.,2026-07-17T15:15:02.233494
echoran,bpt6k6772049p,,failed,0,0,,no_usable_pages,known,,,bpt6k6772049p: no usable pages in manifest.,2026-07-17T15:15:02.555750
echoran,bpt6k6772050b,,failed,0,0,,no_usable_pages,known,,,bpt6k6772050b: no usable pages in manifest.,2026-07-17T15:15:02.996974
echoran,bpt6k6772051r,,failed,0,0,,no_usable_pages,known,,,bpt6k6772051r: no usable pages in manifest.,2026-07-17T15:15:03.361511
echoran,bpt6k67720525,,failed,0,0,,no_usable_pages,known,,,bpt6k67720525: no usable pages in manifest.,2026-07-17T15:15:03.759953
echoran,bpt6k6772053k,,failed,0,0,,no_usable_pages,known,,,bpt6k6772053k: no usable pages in manifest.,2026-07-17T15:15:04.331885
echoran,bpt6k67720540,,failed,0,0,,no_usable_pages,known,,,bpt6k67720540: no usable pages in manifest.,2026-07-17T15:15:04.587299
echoran,bpt6k6772055d,,failed,0,0,,no_usable_pages,known,,,bpt6k6772055d: no usable pages in manifest.,2026-07-17T15:15:05.009836
echoran,bpt6k6772056t,,failed,0,0,,no_usable_pages,known,,,bpt6k6772056t: no usable pages in manifest.,2026-07-17T15:15:05.511845
echoran,bpt6k67720577,,failed,0,0,,no_usable_pages,known,,,bpt6k67720577: no usable pages in manifest.,2026-07-17T15:15:05.782294
echoran,bpt6k6772058n,,failed,0,0,,no_usable_pages,known,,,bpt6k6772058n: no usable pages in manifest.,2026-07-17T15:15:06.058156
echoran,bpt6k67720592,,failed,0,0,,no_usable_pages,known,,,bpt6k67720592: no usable pages in manifest.,2026-07-17T15:15:06.555318
echoran,bpt6k6772060q,,failed,0,0,,no_usable_pages,known,,,bpt6k6772060q: no usable pages in manifest.,2026-07-17T15:15:07.043033
echoran,bpt6k67720614,,failed,0,0,,no_usable_pages,known,,,bpt6k67720614: no usable pages in manifest.,2026-07-17T15:15:07.462941
echoran,bpt6k6772062j,,failed,0,0,,no_usable_pages,known,,,bpt6k6772062j: no usable pages in manifest.,2026-07-17T15:15:08.122765
echoran,bpt6k6772063z,,failed,0,0,,no_usable_pages,known,,,bpt6k6772063z: no usable pages in manifest.,2026-07-17T15:15:08.519338
echoran,bpt6k6772064c,,failed,0,0,,no_usable_pages,known,,,bpt6k6772064c: no usable pages in manifest.,2026-07-17T15:15:08.897947
echoran,bpt6k6772065s,,failed,0,0,,no_usable_pages,known,,,bpt6k6772065s: no usable pages in manifest.,2026-07-17T15:15:09.491346
echoran,bpt6k67720666,,failed,0,0,,no_usable_pages,known,,,bpt6k67720666: no usable pages in manifest.,2026-07-17T15:15:09.859564
echoran,bpt6k6772067m,,failed,0,0,,no_usable_pages,known,,,bpt6k6772067m: no usable pages in manifest.,2026-07-17T15:15:10.532441
echoran,bpt6k67720681,,failed,0,0,,no_usable_pages,known,,,bpt6k67720681: no usable pages in manifest.,2026-07-17T15:15:11.047127
echoran,bpt6k6772069f,,failed,0,0,,no_usable_pages,known,,,bpt6k6772069f: no usable pages in manifest.,2026-07-17T15:15:11.861215
echoran,bpt6k67720703,,failed,0,0,,no_usable_pages,known,,,bpt6k67720703: no usable pages in manifest.,2026-07-17T15:15:12.213079
echoran,bpt6k6772071h,,failed,0,0,,no_usable_pages,known,,,bpt6k6772071h: no usable pages in manifest.,2026-07-17T15:15:13.183872
echoran,bpt6k6772072x,,failed,0,0,,no_usable_pages,known,,,bpt6k6772072x: no usable pages in manifest.,2026-07-17T15:15:13.672189
echoran,bpt6k6772073b,,failed,0,0,,no_usable_pages,known,,,bpt6k6772073b: no usable pages in manifest.,2026-07-17T15:15:14.718678
echoran,bpt6k6772074r,,failed,0,0,,no_usable_pages,known,,,bpt6k6772074r: no usable pages in manifest.,2026-07-17T15:15:15.260015
echoran,bpt6k67720755,,failed,0,0,,no_usable_pages,known,,,bpt6k67720755: no usable pages in manifest.,2026-07-17T15:15:15.851034
echoran,bpt6k6772076k,,failed,0,0,,no_usable_pages,known,,,bpt6k6772076k: no usable pages in manifest.,2026-07-17T15:15:16.432259
echoran,bpt6k67720770,,failed,0,0,,no_usable_pages,known,,,bpt6k67720770: no usable pages in manifest.,2026-07-17T15:15:16.834364
echoran,bpt6k6772078d,,failed,0,0,,no_usable_pages,known,,,bpt6k6772078d: no usable pages in manifest.,2026-07-17T15:15:17.110166
echoran,bpt6k6772079t,,failed,0,0,,no_usable_pages,known,,,bpt6k6772079t: no usable pages in manifest.,2026-07-17T15:15:17.380997
echoran,bpt6k6772080g,,failed,0,0,,no_usable_pages,known,,,bpt6k6772080g: no usable pages in manifest.,2026-07-17T15:15:18.171819
echoran,bpt6k6772081w,,failed,0,0,,no_usable_pages,known,,,bpt6k6772081w: no usable pages in manifest.,2026-07-17T15:15:18.499468
echoran,bpt6k67720829,,failed,0,0,,no_usable_pages,known,,,bpt6k67720829: no usable pages in manifest.,2026-07-17T15:15:18.913914
echoran,bpt6k6772083q,,failed,0,0,,no_usable_pages,known,,,bpt6k6772083q: no usable pages in manifest.,2026-07-17T15:15:19.447825
echoran,bpt6k67720844,,failed,0,0,,no_usable_pages,known,,,bpt6k67720844: no usable pages in manifest.,2026-07-17T15:15:19.810202
echoran,bpt6k6772085j,,failed,0,0,,no_usable_pages,known,,,bpt6k6772085j: no usable pages in manifest.,2026-07-17T15:15:20.568945
echoran,bpt6k6772086z,,failed,0,0,,no_usable_pages,known,,,bpt6k6772086z: no usable pages in manifest.,2026-07-17T15:15:21.443923
echoran,bpt6k6772087c,,failed,0,0,,no_usable_pages,known,,,bpt6k6772087c: no usable pages in manifest.,2026-07-17T15:15:22.006881
echoran,bpt6k6772088s,,failed,0,0,,no_usable_pages,known,,,bpt6k6772088s: no usable pages in manifest.,2026-07-17T15:15:22.735202
echoran,bpt6k67720896,,failed,0,0,,no_usable_pages,known,,,bpt6k67720896: no usable pages in manifest.,2026-07-17T15:15:23.131600
echoran,bpt6k6772090v,,failed,0,0,,no_usable_pages,known,,,bpt6k6772090v: no usable pages in manifest.,2026-07-17T15:15:23.577497
echoran,bpt6k67720918,,failed,0,0,,no_usable_pages,known,,,bpt6k67720918: no usable pages in manifest.,2026-07-17T15:15:23.966513
echoran,bpt6k6772092p,,failed,0,0,,no_usable_pages,known,,,bpt6k6772092p: no usable pages in manifest.,2026-07-17T15:15:24.227365
echoran,bpt6k67720933,,failed,0,0,,no_usable_pages,known,,,bpt6k67720933: no usable pages in manifest.,2026-07-17T15:15:24.738481
echoran,bpt6k6772094h,,failed,0,0,,no_usable_pages,known,,,bpt6k6772094h: no usable pages in manifest.,2026-07-17T15:15:25.170260
echoran,bpt6k6772095x,,failed,0,0,,no_usable_pages,known,,,bpt6k6772095x: no usable pages in manifest.,2026-07-17T15:15:25.838631
echoran,bpt6k6772096b,,failed,0,0,,no_usable_pages,known,,,bpt6k6772096b: no usable pages in manifest.,2026-07-17T15:15:26.287600
echoran,bpt6k6772097r,,failed,0,0,,no_usable_pages,known,,,bpt6k6772097r: no usable pages in manifest.,2026-07-17T15:15:26.453285
echoran,bpt6k67720985,,failed,0,0,,no_usable_pages,known,,,bpt6k67720985: no usable pages in manifest.,2026-07-17T15:15:26.873126
echoran,bpt6k6772099k,,failed,0,0,,no_usable_pages,known,,,bpt6k6772099k: no usable pages in manifest.,2026-07-17T15:15:27.376446
echoran,bpt6k6772100s,,failed,0,0,,no_usable_pages,known,,,bpt6k6772100s: no usable pages in manifest.,2026-07-17T15:15:27.832940
echoran,bpt6k67721016,,failed,0,0,,no_usable_pages,known,,,bpt6k67721016: no usable pages in manifest.,2026-07-17T15:15:28.277053
echoran,bpt6k6772102m,,failed,0,0,,no_usable_pages,known,,,bpt6k6772102m: no usable pages in manifest.,2026-07-17T15:15:28.884425
echoran,bpt6k67721031,,failed,0,0,,no_usable_pages,known,,,bpt6k67721031: no usable pages in manifest.,2026-07-17T15:15:29.637268
echoran,bpt6k6772104f,,failed,0,0,,no_usable_pages,known,,,bpt6k6772104f: no usable pages in manifest.,2026-07-17T15:15:30.298664
echoran,bpt6k6772105v,,failed,0,0,,no_usable_pages,known,,,bpt6k6772105v: no usable pages in manifest.,2026-07-17T15:15:30.645322
echoran,bpt6k67721068,,failed,0,0,,no_usable_pages,known,,,bpt6k67721068: no usable pages in manifest.,2026-07-17T15:15:31.187524
echoran,bpt6k6772107p,,failed,0,0,,no_usable_pages,known,,,bpt6k6772107p: no usable pages in manifest.,2026-07-17T15:15:31.846609
echoran,bpt6k67721083,,failed,0,0,,no_usable_pages,known,,,bpt6k67721083: no usable pages in manifest.,2026-07-17T15:15:32.228972
echoran,bpt6k6772109h,,failed,0,0,,no_usable_pages,known,,,bpt6k6772109h: no usable pages in manifest.,2026-07-17T15:15:32.716913
echoran,bpt6k67721105,,failed,0,0,,no_usable_pages,known,,,bpt6k67721105: no usable pages in manifest.,2026-07-17T15:15:32.979223
echoran,bpt6k6772111k,,failed,0,0,,no_usable_pages,known,,,bpt6k6772111k: no usable pages in manifest.,2026-07-17T15:15:33.500343
echoran,bpt6k67721120,,failed,0,0,,no_usable_pages,known,,,bpt6k67721120: no usable pages in manifest.,2026-07-17T15:15:34.143014
echoran,bpt6k6772113d,,failed,0,0,,no_usable_pages,known,,,bpt6k6772113d: no usable pages in manifest.,2026-07-17T15:15:34.560039
echoran,bpt6k6772114t,,failed,0,0,,no_usable_pages,known,,,bpt6k6772114t: no usable pages in manifest.,2026-07-17T15:15:35.290969
echoran,bpt6k67721157,,failed,0,0,,no_usable_pages,known,,,bpt6k67721157: no usable pages in manifest.,2026-07-17T15:15:35.820052
echoran,bpt6k6772116n,,failed,0,0,,no_usable_pages,known,,,bpt6k6772116n: no usable pages in manifest.,2026-07-17T15:15:36.253243
echoran,bpt6k67721172,,failed,0,0,,no_usable_pages,known,,,bpt6k67721172: no usable pages in manifest.,2026-07-17T15:15:36.734577
echoran,bpt6k6772118g,,failed,0,0,,no_usable_pages,known,,,bpt6k6772118g: no usable pages in manifest.,2026-07-17T15:15:37.367630
echoran,bpt6k6772119w,,failed,0,0,,no_usable_pages,known,,,bpt6k6772119w: no usable pages in manifest.,2026-07-17T15:15:37.691183
echoran,bpt6k6772120j,,failed,0,0,,no_usable_pages,known,,,bpt6k6772120j: no usable pages in manifest.,2026-07-17T15:15:38.117940
echoran,bpt6k6772121z,,failed,0,0,,no_usable_pages,known,,,bpt6k6772121z: no usable pages in manifest.,2026-07-17T15:15:38.525156
echoran,bpt6k6772122c,,failed,0,0,,no_usable_pages,known,,,bpt6k6772122c: no usable pages in manifest.,2026-07-17T15:15:38.732662
echoran,bpt6k6772123s,,failed,0,0,,no_usable_pages,known,,,bpt6k6772123s: no usable pages in manifest.,2026-07-17T15:15:39.107874
echoran,bpt6k67721246,,failed,0,0,,no_usable_pages,known,,,bpt6k67721246: no usable pages in manifest.,2026-07-17T15:15:39.406014
echoran,bpt6k6772125m,,failed,0,0,,no_usable_pages,known,,,bpt6k6772125m: no usable pages in manifest.,2026-07-17T15:15:39.841383
echoran,bpt6k67721261,,failed,0,0,,no_usable_pages,known,,,bpt6k67721261: no usable pages in manifest.,2026-07-17T15:15:40.368923
echoran,bpt6k6772127f,,failed,0,0,,no_usable_pages,known,,,bpt6k6772127f: no usable pages in manifest.,2026-07-17T15:15:41.057583
echoran,bpt6k6772128v,,failed,0,0,,no_usable_pages,known,,,bpt6k6772128v: no usable pages in manifest.,2026-07-17T15:15:41.759017
echoran,bpt6k67721298,,failed,0,0,,no_usable_pages,known,,,bpt6k67721298: no usable pages in manifest.,2026-07-17T15:15:42.481246
echoran,bpt6k6772130x,,failed,0,0,,no_usable_pages,known,,,bpt6k6772130x: no usable pages in manifest.,2026-07-17T15:15:43.059150
echoran,bpt6k6772131b,,failed,0,0,,no_usable_pages,known,,,bpt6k6772131b: no usable pages in manifest.,2026-07-17T15:15:43.486825
echoran,bpt6k6772132r,,failed,0,0,,no_usable_pages,known,,,bpt6k6772132r: no usable pages in manifest.,2026-07-17T15:15:43.823622
echoran,bpt6k67721335,,failed,0,0,,no_usable_pages,known,,,bpt6k67721335: no usable pages in manifest.,2026-07-17T15:15:44.255663
echoran,bpt6k6772134k,,failed,0,0,,no_usable_pages,known,,,bpt6k6772134k: no usable pages in manifest.,2026-07-17T15:15:44.942203
echoran,bpt6k67721350,,failed,0,0,,no_usable_pages,known,,,bpt6k67721350: no usable pages in manifest.,2026-07-17T15:15:45.618025
echoran,bpt6k6772136d,,failed,0,0,,no_usable_pages,known,,,bpt6k6772136d: no usable pages in manifest.,2026-07-17T15:15:46.429777
echoran,bpt6k6772137t,,failed,0,0,,no_usable_pages,known,,,bpt6k6772137t: no usable pages in manifest.,2026-07-17T15:15:46.903283
echoran,bpt6k67721387,,failed,0,0,,no_usable_pages,known,,,bpt6k67721387: no usable pages in manifest.,2026-07-17T15:15:47.308599
echoran,bpt6k6772139n,,failed,0,0,,no_usable_pages,known,,,bpt6k6772139n: no usable pages in manifest.,2026-07-17T15:15:47.820049
echoran,bpt6k67721409,,failed,0,0,,no_usable_pages,known,,,bpt6k67721409: no usable pages in manifest.,2026-07-17T15:15:48.198629
echoran,bpt6k6772141q,,failed,0,0,,no_usable_pages,known,,,bpt6k6772141q: no usable pages in manifest.,2026-07-17T15:15:48.840153
echoran,bpt6k67721424,,failed,0,0,,no_usable_pages,known,,,bpt6k67721424: no usable pages in manifest.,2026-07-17T15:15:49.347973
echoran,bpt6k6772143j,,failed,0,0,,no_usable_pages,known,,,bpt6k6772143j: no usable pages in manifest.,2026-07-17T15:15:49.958581
echoran,bpt6k6772144z,,failed,0,0,,no_usable_pages,known,,,bpt6k6772144z: no usable pages in manifest.,2026-07-17T15:15:50.289199
echoran,bpt6k6772145c,,failed,0,0,,no_usable_pages,known,,,bpt6k6772145c: no usable pages in manifest.,2026-07-17T15:15:50.523611
echoran,bpt6k6772146s,,failed,0,0,,no_usable_pages,known,,,bpt6k6772146s: no usable pages in manifest.,2026-07-17T15:15:50.802670
echoran,bpt6k67721476,,failed,0,0,,no_usable_pages,known,,,bpt6k67721476: no usable pages in manifest.,2026-07-17T15:15:51.247522
echoran,bpt6k6772148m,,failed,0,0,,no_usable_pages,known,,,bpt6k6772148m: no usable pages in manifest.,2026-07-17T15:15:51.561952
echoran,bpt6k67721491,,failed,0,0,,no_usable_pages,known,,,bpt6k67721491: no usable pages in manifest.,2026-07-17T15:15:52.120192
echoran,bpt6k6772150p,,failed,0,0,,no_usable_pages,known,,,bpt6k6772150p: no usable pages in manifest.,2026-07-17T15:15:52.591429
echoran,bpt6k67721513,,failed,0,0,,no_usable_pages,known,,,bpt6k67721513: no usable pages in manifest.,2026-07-17T15:15:53.026574
echoran,bpt6k6772152h,,failed,0,0,,no_usable_pages,known,,,bpt6k6772152h: no usable pages in manifest.,2026-07-17T15:15:53.458106
echoran,bpt6k6772153x,,failed,0,0,,no_usable_pages,known,,,bpt6k6772153x: no usable pages in manifest.,2026-07-17T15:15:53.973841
echoran,bpt6k6772154b,,failed,0,0,,no_usable_pages,known,,,bpt6k6772154b: no usable pages in manifest.,2026-07-17T15:15:54.270121
echoran,bpt6k6772155r,,failed,0,0,,no_usable_pages,known,,,bpt6k6772155r: no usable pages in manifest.,2026-07-17T15:15:54.712494
echoran,bpt6k67721565,,failed,0,0,,no_usable_pages,known,,,bpt6k67721565: no usable pages in manifest.,2026-07-17T15:15:55.169897
echoran,bpt6k6772157k,,failed,0,0,,no_usable_pages,known,,,bpt6k6772157k: no usable pages in manifest.,2026-07-17T15:15:55.595300
echoran,bpt6k67721580,,failed,0,0,,no_usable_pages,known,,,bpt6k67721580: no usable pages in manifest.,2026-07-17T15:15:56.137521
echoran,bpt6k6772159d,,failed,0,0,,no_usable_pages,known,,,bpt6k6772159d: no usable pages in manifest.,2026-07-17T15:15:56.394969
echoran,bpt6k67721602,,failed,0,0,,no_usable_pages,known,,,bpt6k67721602: no usable pages in manifest.,2026-07-17T15:15:56.951875
echoran,bpt6k6772161g,,failed,0,0,,no_usable_pages,known,,,bpt6k6772161g: no usable pages in manifest.,2026-07-17T15:15:57.671509
echoran,bpt6k6772162w,,failed,0,0,,no_usable_pages,known,,,bpt6k6772162w: no usable pages in manifest.,2026-07-17T15:15:58.044797
echoran,bpt6k67721639,,failed,0,0,,no_usable_pages,known,,,bpt6k67721639: no usable pages in manifest.,2026-07-17T15:15:58.695560
echoran,bpt6k6772164q,,failed,0,0,,no_usable_pages,known,,,bpt6k6772164q: no usable pages in manifest.,2026-07-17T15:15:59.102737
echoran,bpt6k67721654,,failed,0,0,,no_usable_pages,known,,,bpt6k67721654: no usable pages in manifest.,2026-07-17T15:15:59.495134
echoran,bpt6k6772166j,,failed,0,0,,no_usable_pages,known,,,bpt6k6772166j: no usable pages in manifest.,2026-07-17T15:16:00.128698
echoran,bpt6k6772167z,,failed,0,0,,no_usable_pages,known,,,bpt6k6772167z: no usable pages in manifest.,2026-07-17T15:16:00.484085
echoran,bpt6k6772168c,,failed,0,0,,no_usable_pages,known,,,bpt6k6772168c: no usable pages in manifest.,2026-07-17T15:16:00.764238
echoran,bpt6k6772169s,,failed,0,0,,no_usable_pages,known,,,bpt6k6772169s: no usable pages in manifest.,2026-07-17T15:16:01.429219
echoran,bpt6k6772170f,,failed,0,0,,no_usable_pages,known,,,bpt6k6772170f: no usable pages in manifest.,2026-07-17T15:16:01.722369
echoran,bpt6k6772171v,,failed,0,0,,no_usable_pages,known,,,bpt6k6772171v: no usable pages in manifest.,2026-07-17T15:16:01.967660
echoran,bpt6k67721728,,failed,0,0,,no_usable_pages,known,,,bpt6k67721728: no usable pages in manifest.,2026-07-17T15:16:02.671416
echoran,bpt6k6772173p,,failed,0,0,,no_usable_pages,known,,,bpt6k6772173p: no usable pages in manifest.,2026-07-17T15:16:03.034491
echoran,bpt6k67721743,,failed,0,0,,no_usable_pages,known,,,bpt6k67721743: no usable pages in manifest.,2026-07-17T15:16:03.429677
echoran,bpt6k6772175h,,failed,0,0,,no_usable_pages,known,,,bpt6k6772175h: no usable pages in manifest.,2026-07-17T15:16:03.840987
echoran,bpt6k6772176x,,failed,0,0,,no_usable_pages,known,,,bpt6k6772176x: no usable pages in manifest.,2026-07-17T15:16:04.200525
echoran,bpt6k6772177b,,failed,0,0,,no_usable_pages,known,,,bpt6k6772177b: no usable pages in manifest.,2026-07-17T15:16:04.607722
echoran,bpt6k6772178r,,failed,0,0,,no_usable_pages,known,,,bpt6k6772178r: no usable pages in manifest.,2026-07-17T15:16:05.033013
echoran,bpt6k67721795,,failed,0,0,,no_usable_pages,known,,,bpt6k67721795: no usable pages in manifest.,2026-07-17T15:16:05.494913
echoran,bpt6k6772180t,,failed,0,0,,no_usable_pages,known,,,bpt6k6772180t: no usable pages in manifest.,2026-07-17T15:16:05.840427
echoran,bpt6k67721817,,failed,0,0,,no_usable_pages,known,,,bpt6k67721817: no usable pages in manifest.,2026-07-17T15:16:06.289323
echoran,bpt6k6772182n,,failed,0,0,,no_usable_pages,known,,,bpt6k6772182n: no usable pages in manifest.,2026-07-17T15:16:06.609581
echoran,bpt6k67721832,,failed,0,0,,no_usable_pages,known,,,bpt6k67721832: no usable pages in manifest.,2026-07-17T15:16:07.054908
echoran,bpt6k6772184g,,failed,0,0,,no_usable_pages,known,,,bpt6k6772184g: no usable pages in manifest.,2026-07-17T15:16:07.544266
echoran,bpt6k6772185w,,failed,0,0,,no_usable_pages,known,,,bpt6k6772185w: no usable pages in manifest.,2026-07-17T15:16:08.034983
echoran,bpt6k67721869,,failed,0,0,,no_usable_pages,known,,,bpt6k67721869: no usable pages in manifest.,2026-07-17T15:16:08.520316
echoran,bpt6k6772187q,,failed,0,0,,no_usable_pages,known,,,bpt6k6772187q: no usable pages in manifest.,2026-07-17T15:16:08.809879
echoran,bpt6k67721884,,failed,0,0,,no_usable_pages,known,,,bpt6k67721884: no usable pages in manifest.,2026-07-17T15:16:09.130346
echoran,bpt6k6772189j,,failed,0,0,,no_usable_pages,known,,,bpt6k6772189j: no usable pages in manifest.,2026-07-17T15:16:09.610017
echoran,bpt6k67721906,,failed,0,0,,no_usable_pages,known,,,bpt6k67721906: no usable pages in manifest.,2026-07-17T15:16:10.074529
echoran,bpt6k6772191m,,failed,0,0,,no_usable_pages,known,,,bpt6k6772191m: no usable pages in manifest.,2026-07-17T15:16:10.416690
echoran,bpt6k67721921,,failed,0,0,,no_usable_pages,known,,,bpt6k67721921: no usable pages in manifest.,2026-07-17T15:16:10.935748
echoran,bpt6k6772193f,,failed,0,0,,no_usable_pages,known,,,bpt6k6772193f: no usable pages in manifest.,2026-07-17T15:16:11.553404
echoran,bpt6k6772194v,,failed,0,0,,no_usable_pages,known,,,bpt6k6772194v: no usable pages in manifest.,2026-07-17T15:16:12.504086
echoran,bpt6k67721958,,failed,0,0,,no_usable_pages,known,,,bpt6k67721958: no usable pages in manifest.,2026-07-17T15:16:13.241933
echoran,bpt6k6772196p,,failed,0,0,,no_usable_pages,known,,,bpt6k6772196p: no usable pages in manifest.,2026-07-17T15:16:13.805952
echoran,bpt6k67721973,,failed,0,0,,no_usable_pages,known,,,bpt6k67721973: no usable pages in manifest.,2026-07-17T15:16:14.561661
echoran,bpt6k6772198h,,failed,0,0,,no_usable_pages,known,,,bpt6k6772198h: no usable pages in manifest.,2026-07-17T15:16:15.063630
echoran,bpt6k6772199x,,failed,0,0,,no_usable_pages,known,,,bpt6k6772199x: no usable pages in manifest.,2026-07-17T15:16:15.538216
echoran,bpt6k67722004,,failed,0,0,,no_usable_pages,known,,,bpt6k67722004: no usable pages in manifest.,2026-07-17T15:16:16.531483
echoran,bpt6k6772201j,,failed,0,0,,no_usable_pages,known,,,bpt6k6772201j: no usable pages in manifest.,2026-07-17T15:16:16.750683
echoran,bpt6k6772202z,,failed,0,0,,no_usable_pages,known,,,bpt6k6772202z: no usable pages in manifest.,2026-07-17T15:16:16.874479
echoran,bpt6k6772203c,,failed,0,0,,no_usable_pages,known,,,bpt6k6772203c: no usable pages in manifest.,2026-07-17T15:16:17.219163
echoran,bpt6k6772204s,,failed,0,0,,no_usable_pages,known,,,bpt6k6772204s: no usable pages in manifest.,2026-07-17T15:16:17.909510
echoran,bpt6k67722056,,failed,0,0,,no_usable_pages,known,,,bpt6k67722056: no usable pages in manifest.,2026-07-17T15:16:18.165388
echoran,bpt6k6758546g,,failed,0,0,,no_usable_pages,known,,,bpt6k6758546g: no usable pages in manifest.,2026-07-17T15:16:18.659538
echoran,bpt6k6772206m,,failed,0,0,,no_usable_pages,known,,,bpt6k6772206m: no usable pages in manifest.,2026-07-17T15:16:19.248989
echoran,bpt6k67722071,,failed,0,0,,no_usable_pages,known,,,bpt6k67722071: no usable pages in manifest.,2026-07-17T15:16:19.592333
echoran,bpt6k6772208f,,failed,0,0,,no_usable_pages,known,,,bpt6k6772208f: no usable pages in manifest.,2026-07-17T15:16:19.844845
echoran,bpt6k6772210h,,failed,0,0,,no_usable_pages,known,,,bpt6k6772210h: no usable pages in manifest.,2026-07-17T15:16:20.548137
echoran,bpt6k6772211x,,failed,0,0,,no_usable_pages,known,,,bpt6k6772211x: no usable pages in manifest.,2026-07-17T15:16:20.893426
echoran,bpt6k6772212b,,failed,0,0,,no_usable_pages,known,,,bpt6k6772212b: no usable pages in manifest.,2026-07-17T15:16:21.075892
echoran,bpt6k6772213r,,failed,0,0,,no_usable_pages,known,,,bpt6k6772213r: no usable pages in manifest.,2026-07-17T15:16:21.624459
echoran,bpt6k67722145,,failed,0,0,,no_usable_pages,known,,,bpt6k67722145: no usable pages in manifest.,2026-07-17T15:16:21.895049
echoran,bpt6k6772215k,,failed,0,0,,no_usable_pages,known,,,bpt6k6772215k: no usable pages in manifest.,2026-07-17T15:16:22.169884
echoran,bpt6k67722160,,failed,0,0,,no_usable_pages,known,,,bpt6k67722160: no usable pages in manifest.,2026-07-17T15:16:22.730213
echoran,bpt6k6772217d,,failed,0,0,,no_usable_pages,known,,,bpt6k6772217d: no usable pages in manifest.,2026-07-17T15:16:22.975768
echoran,bpt6k6772218t,,failed,0,0,,no_usable_pages,known,,,bpt6k6772218t: no usable pages in manifest.,2026-07-17T15:16:23.256165
echoran,bpt6k67722197,,failed,0,0,,no_usable_pages,known,,,bpt6k67722197: no usable pages in manifest.,2026-07-17T15:16:23.685055
echoran,bpt6k6772220w,,failed,0,0,,no_usable_pages,known,,,bpt6k6772220w: no usable pages in manifest.,2026-07-17T15:16:24.112779
echoran,bpt6k67722219,,failed,0,0,,no_usable_pages,known,,,bpt6k67722219: no usable pages in manifest.,2026-07-17T15:16:24.416125
echoran,bpt6k6772222q,,failed,0,0,,no_usable_pages,known,,,bpt6k6772222q: no usable pages in manifest.,2026-07-17T15:16:25.009651
echoran,bpt6k67722234,,failed,0,0,,no_usable_pages,known,,,bpt6k67722234: no usable pages in manifest.,2026-07-17T15:16:25.495129
echoran,bpt6k6772224j,,failed,0,0,,no_usable_pages,known,,,bpt6k6772224j: no usable pages in manifest.,2026-07-17T15:16:25.808453
echoran,bpt6k6772225z,,failed,0,0,,no_usable_pages,known,,,bpt6k6772225z: no usable pages in manifest.,2026-07-17T15:16:26.246966
echoran,bpt6k6772226c,,failed,0,0,,no_usable_pages,known,,,bpt6k6772226c: no usable pages in manifest.,2026-07-17T15:16:26.740084
echoran,bpt6k6772227s,,failed,0,0,,no_usable_pages,known,,,bpt6k6772227s: no usable pages in manifest.,2026-07-17T15:16:27.075489
echoran,bpt6k67722286,,failed,0,0,,no_usable_pages,known,,,bpt6k67722286: no usable pages in manifest.,2026-07-17T15:16:27.548452
echoran,bpt6k6772229m,,failed,0,0,,no_usable_pages,known,,,bpt6k6772229m: no usable pages in manifest.,2026-07-17T15:16:27.966437
echoran,bpt6k67722308,,failed,0,0,,no_usable_pages,known,,,bpt6k67722308: no usable pages in manifest.,2026-07-17T15:16:28.723067
echoran,bpt6k6772231p,,failed,0,0,,no_usable_pages,known,,,bpt6k6772231p: no usable pages in manifest.,2026-07-17T15:16:29.177966
echoran,bpt6k67722323,,failed,0,0,,no_usable_pages,known,,,bpt6k67722323: no usable pages in manifest.,2026-07-17T15:16:29.560034
echoran,bpt6k6772233h,,failed,0,0,,no_usable_pages,known,,,bpt6k6772233h: no usable pages in manifest.,2026-07-17T15:16:30.334344
echoran,bpt6k6772234x,,failed,0,0,,no_usable_pages,known,,,bpt6k6772234x: no usable pages in manifest.,2026-07-17T15:16:30.640344
echoran,bpt6k6772235b,,failed,0,0,,no_usable_pages,known,,,bpt6k6772235b: no usable pages in manifest.,2026-07-17T15:16:30.915547
echoran,bpt6k6772236r,,failed,0,0,,no_usable_pages,known,,,bpt6k6772236r: no usable pages in manifest.,2026-07-17T15:16:31.887895
echoran,bpt6k67722375,,failed,0,0,,no_usable_pages,known,,,bpt6k67722375: no usable pages in manifest.,2026-07-17T15:16:32.382172
echoran,bpt6k6772238k,,failed,0,0,,no_usable_pages,known,,,bpt6k6772238k: no usable pages in manifest.,2026-07-17T15:16:32.872935
echoran,bpt6k67722390,,failed,0,0,,no_usable_pages,known,,,bpt6k67722390: no usable pages in manifest.,2026-07-17T15:16:33.184804
echoran,bpt6k6772240n,,failed,0,0,,no_usable_pages,known,,,bpt6k6772240n: no usable pages in manifest.,2026-07-17T15:16:33.634700
echoran,bpt6k67722412,,failed,0,0,,no_usable_pages,known,,,bpt6k67722412: no usable pages in manifest.,2026-07-17T15:16:34.126585
echoran,bpt6k6772242g,,failed,0,0,,no_usable_pages,known,,,bpt6k6772242g: no usable pages in manifest.,2026-07-17T15:16:34.437318
echoran,bpt6k6772243w,,failed,0,0,,no_usable_pages,known,,,bpt6k6772243w: no usable pages in manifest.,2026-07-17T15:16:35.326296
echoran,bpt6k67722449,,failed,0,0,,no_usable_pages,known,,,bpt6k67722449: no usable pages in manifest.,2026-07-17T15:16:35.618296
echoran,bpt6k6772245q,,failed,0,0,,no_usable_pages,known,,,bpt6k6772245q: no usable pages in manifest.,2026-07-17T15:16:35.884510
echoran,bpt6k67722464,,failed,0,0,,no_usable_pages,known,,,bpt6k67722464: no usable pages in manifest.,2026-07-17T15:16:36.851954
echoran,bpt6k6772247j,,failed,0,0,,no_usable_pages,known,,,bpt6k6772247j: no usable pages in manifest.,2026-07-17T15:16:37.411764
echoran,bpt6k6772248z,,failed,0,0,,no_usable_pages,known,,,bpt6k6772248z: no usable pages in manifest.,2026-07-17T15:16:38.005613
echoran,bpt6k6772249c,,failed,0,0,,no_usable_pages,known,,,bpt6k6772249c: no usable pages in manifest.,2026-07-17T15:16:38.714552
echoran,bpt6k67722501,,failed,0,0,,no_usable_pages,known,,,bpt6k67722501: no usable pages in manifest.,2026-07-17T15:16:39.314266
echoran,bpt6k6772251f,,failed,0,0,,no_usable_pages,known,,,bpt6k6772251f: no usable pages in manifest.,2026-07-17T15:16:39.657247
echoran,bpt6k6772252v,,failed,0,0,,no_usable_pages,known,,,bpt6k6772252v: no usable pages in manifest.,2026-07-17T15:16:39.944434
echoran,bpt6k67722538,,failed,0,0,,no_usable_pages,known,,,bpt6k67722538: no usable pages in manifest.,2026-07-17T15:16:40.487378
echoran,bpt6k6772254p,,failed,0,0,,no_usable_pages,known,,,bpt6k6772254p: no usable pages in manifest.,2026-07-17T15:16:40.747283
echoran,bpt6k67722553,,failed,0,0,,no_usable_pages,known,,,bpt6k67722553: no usable pages in manifest.,2026-07-17T15:16:41.082625
echoran,bpt6k6772256h,,failed,0,0,,no_usable_pages,known,,,bpt6k6772256h: no usable pages in manifest.,2026-07-17T15:16:41.719349
echoran,bpt6k6772257x,,failed,0,0,,no_usable_pages,known,,,bpt6k6772257x: no usable pages in manifest.,2026-07-17T15:16:41.973708
echoran,bpt6k6772258b,,failed,0,0,,no_usable_pages,known,,,bpt6k6772258b: no usable pages in manifest.,2026-07-17T15:16:42.289706
echoran,bpt6k6772259r,,failed,0,0,,no_usable_pages,known,,,bpt6k6772259r: no usable pages in manifest.,2026-07-17T15:16:42.916664
echoran,bpt6k6772260d,,failed,0,0,,no_usable_pages,known,,,bpt6k6772260d: no usable pages in manifest.,2026-07-17T15:16:43.431488
echoran,bpt6k6772261t,,failed,0,0,,no_usable_pages,known,,,bpt6k6772261t: no usable pages in manifest.,2026-07-17T15:16:44.293416
echoran,bpt6k67722627,,failed,0,0,,no_usable_pages,known,,,bpt6k67722627: no usable pages in manifest.,2026-07-17T15:16:44.646517
echoran,bpt6k6772263n,,failed,0,0,,no_usable_pages,known,,,bpt6k6772263n: no usable pages in manifest.,2026-07-17T15:16:45.324333
echoran,bpt6k67722642,,failed,0,0,,no_usable_pages,known,,,bpt6k67722642: no usable pages in manifest.,2026-07-17T15:16:45.619085
echoran,bpt6k6772265g,,failed,0,0,,no_usable_pages,known,,,bpt6k6772265g: no usable pages in manifest.,2026-07-17T15:16:45.814438
echoran,bpt6k6772266w,,failed,0,0,,no_usable_pages,known,,,bpt6k6772266w: no usable pages in manifest.,2026-07-17T15:16:46.359693
echoran,bpt6k67722679,,failed,0,0,,no_usable_pages,known,,,bpt6k67722679: no usable pages in manifest.,2026-07-17T15:16:46.760441
echoran,bpt6k6772268q,,failed,0,0,,no_usable_pages,known,,,bpt6k6772268q: no usable pages in manifest.,2026-07-17T15:16:47.062089
echoran,bpt6k67722694,,failed,0,0,,no_usable_pages,known,,,bpt6k67722694: no usable pages in manifest.,2026-07-17T15:16:47.474172
echoran,bpt6k6772270s,,failed,0,0,,no_usable_pages,known,,,bpt6k6772270s: no usable pages in manifest.,2026-07-17T15:16:47.867684
echoran,bpt6k67722716,,failed,0,0,,no_usable_pages,known,,,bpt6k67722716: no usable pages in manifest.,2026-07-17T15:16:48.180717
echoran,bpt6k6772272m,,failed,0,0,,no_usable_pages,known,,,bpt6k6772272m: no usable pages in manifest.,2026-07-17T15:16:48.801464
echoran,bpt6k67722731,,failed,0,0,,no_usable_pages,known,,,bpt6k67722731: no usable pages in manifest.,2026-07-17T15:16:49.123457
echoran,bpt6k6772274f,,failed,0,0,,no_usable_pages,known,,,bpt6k6772274f: no usable pages in manifest.,2026-07-17T15:16:49.498575
echoran,bpt6k6772275v,,failed,0,0,,no_usable_pages,known,,,bpt6k6772275v: no usable pages in manifest.,2026-07-17T15:16:50.209120
echoran,bpt6k67722768,,failed,0,0,,no_usable_pages,known,,,bpt6k67722768: no usable pages in manifest.,2026-07-17T15:16:50.363003
echoran,bpt6k6772277p,,failed,0,0,,no_usable_pages,known,,,bpt6k6772277p: no usable pages in manifest.,2026-07-17T15:16:50.871554
echoran,bpt6k67722783,,failed,0,0,,no_usable_pages,known,,,bpt6k67722783: no usable pages in manifest.,2026-07-17T15:16:51.264522
echoran,bpt6k6772279h,,failed,0,0,,no_usable_pages,known,,,bpt6k6772279h: no usable pages in manifest.,2026-07-17T15:16:51.613646
echoran,bpt6k67722805,,failed,0,0,,no_usable_pages,known,,,bpt6k67722805: no usable pages in manifest.,2026-07-17T15:16:52.070503
echoran,bpt6k6772281k,,failed,0,0,,no_usable_pages,known,,,bpt6k6772281k: no usable pages in manifest.,2026-07-17T15:16:52.645714
echoran,bpt6k67722820,,failed,0,0,,no_usable_pages,known,,,bpt6k67722820: no usable pages in manifest.,2026-07-17T15:16:52.928509
echoran,bpt6k6772283d,,failed,0,0,,no_usable_pages,known,,,bpt6k6772283d: no usable pages in manifest.,2026-07-17T15:16:53.151325
echoran,bpt6k6772284t,,failed,0,0,,no_usable_pages,known,,,bpt6k6772284t: no usable pages in manifest.,2026-07-17T15:16:53.410640
echoran,bpt6k67722857,,failed,0,0,,no_usable_pages,known,,,bpt6k67722857: no usable pages in manifest.,2026-07-17T15:16:53.870632
echoran,bpt6k6772286n,,failed,0,0,,no_usable_pages,known,,,bpt6k6772286n: no usable pages in manifest.,2026-07-17T15:16:54.331842
echoran,bpt6k67722872,,failed,0,0,,no_usable_pages,known,,,bpt6k67722872: no usable pages in manifest.,2026-07-17T15:16:55.077925
echoran,bpt6k6772288g,,failed,0,0,,no_usable_pages,known,,,bpt6k6772288g: no usable pages in manifest.,2026-07-17T15:16:55.369277
echoran,bpt6k6772289w,,failed,0,0,,no_usable_pages,known,,,bpt6k6772289w: no usable pages in manifest.,2026-07-17T15:16:56.154102
echoran,bpt6k6772290j,,failed,0,0,,no_usable_pages,known,,,bpt6k6772290j: no usable pages in manifest.,2026-07-17T15:16:56.515469
echoran,bpt6k6772291z,,failed,0,0,,no_usable_pages,known,,,bpt6k6772291z: no usable pages in manifest.,2026-07-17T15:16:56.732803
echoran,bpt6k6772292c,,failed,0,0,,no_usable_pages,known,,,bpt6k6772292c: no usable pages in manifest.,2026-07-17T15:16:57.328194
echoran,bpt6k6772293s,,failed,0,0,,no_usable_pages,known,,,bpt6k6772293s: no usable pages in manifest.,2026-07-17T15:16:57.667503
echoran,bpt6k67722946,,failed,0,0,,no_usable_pages,known,,,bpt6k67722946: no usable pages in manifest.,2026-07-17T15:16:57.859521
echoran,bpt6k6772295m,,failed,0,0,,no_usable_pages,known,,,bpt6k6772295m: no usable pages in manifest.,2026-07-17T15:16:58.488772
echoran,bpt6k67722961,,failed,0,0,,no_usable_pages,known,,,bpt6k67722961: no usable pages in manifest.,2026-07-17T15:16:58.755003
echoran,bpt6k6772297f,,failed,0,0,,no_usable_pages,known,,,bpt6k6772297f: no usable pages in manifest.,2026-07-17T15:16:59.115019
echoran,bpt6k6772298v,,failed,0,0,,no_usable_pages,known,,,bpt6k6772298v: no usable pages in manifest.,2026-07-17T15:16:59.637874
echoran,bpt6k67722998,,failed,0,0,,no_usable_pages,known,,,bpt6k67722998: no usable pages in manifest.,2026-07-17T15:16:59.898094
echoran,bpt6k6772300g,,failed,0,0,,no_usable_pages,known,,,bpt6k6772300g: no usable pages in manifest.,2026-07-17T15:17:00.228596
echoran,bpt6k6772301w,,failed,0,0,,no_usable_pages,known,,,bpt6k6772301w: no usable pages in manifest.,2026-07-17T15:17:00.721128
echoran,bpt6k67723029,,failed,0,0,,no_usable_pages,known,,,bpt6k67723029: no usable pages in manifest.,2026-07-17T15:17:00.944403
echoran,bpt6k6772303q,,failed,0,0,,no_usable_pages,known,,,bpt6k6772303q: no usable pages in manifest.,2026-07-17T15:17:01.399277
echoran,bpt6k67723044,,failed,0,0,,no_usable_pages,known,,,bpt6k67723044: no usable pages in manifest.,2026-07-17T15:17:01.953478
echoran,bpt6k6772305j,,failed,0,0,,no_usable_pages,known,,,bpt6k6772305j: no usable pages in manifest.,2026-07-17T15:17:02.445009
echoran,bpt6k6772306z,,failed,0,0,,no_usable_pages,known,,,bpt6k6772306z: no usable pages in manifest.,2026-07-17T15:17:02.889701
echoran,bpt6k6772307c,,failed,0,0,,no_usable_pages,known,,,bpt6k6772307c: no usable pages in manifest.,2026-07-17T15:17:03.217023
echoran,bpt6k6772308s,,failed,0,0,,no_usable_pages,known,,,bpt6k6772308s: no usable pages in manifest.,2026-07-17T15:17:03.422216
echoran,bpt6k67723096,,failed,0,0,,no_usable_pages,known,,,bpt6k67723096: no usable pages in manifest.,2026-07-17T15:17:03.642719
echoran,bpt6k6772310v,,failed,0,0,,no_usable_pages,known,,,bpt6k6772310v: no usable pages in manifest.,2026-07-17T15:17:04.390339
echoran,bd6t513419094,,failed,0,0,,no_usable_pages,known,,,bd6t513419094: no usable pages in manifest.,2026-07-17T15:17:04.650431
echoran,bpt6k67723118,,failed,0,0,,no_usable_pages,known,,,bpt6k67723118: no usable pages in manifest.,2026-07-17T15:17:04.993696
echoran,bpt6k6772312p,,failed,0,0,,no_usable_pages,known,,,bpt6k6772312p: no usable pages in manifest.,2026-07-17T15:17:05.605902
echoran,bpt6k67723133,,failed,0,0,,no_usable_pages,known,,,bpt6k67723133: no usable pages in manifest.,2026-07-17T15:17:06.222557
echoran,bpt6k6772314h,,failed,0,0,,no_usable_pages,known,,,bpt6k6772314h: no usable pages in manifest.,2026-07-17T15:17:06.899900
echoran,bpt6k6772315x,,failed,0,0,,no_usable_pages,known,,,bpt6k6772315x: no usable pages in manifest.,2026-07-17T15:17:07.223096
echoran,bpt6k6772316b,,failed,0,0,,no_usable_pages,known,,,bpt6k6772316b: no usable pages in manifest.,2026-07-17T15:17:07.581711
echoran,bpt6k6772317r,,failed,0,0,,no_usable_pages,known,,,bpt6k6772317r: no usable pages in manifest.,2026-07-17T15:17:08.154429
echoran,bpt6k67723185,,failed,0,0,,no_usable_pages,known,,,bpt6k67723185: no usable pages in manifest.,2026-07-17T15:17:08.425327
echoran,bpt6k6772319k,,failed,0,0,,no_usable_pages,known,,,bpt6k6772319k: no usable pages in manifest.,2026-07-17T15:17:08.705466
echoran,bpt6k67723207,,failed,0,0,,no_usable_pages,known,,,bpt6k67723207: no usable pages in manifest.,2026-07-17T15:17:09.193245
echoran,bpt6k6772321n,,failed,0,0,,no_usable_pages,known,,,bpt6k6772321n: no usable pages in manifest.,2026-07-17T15:17:09.553157
echoran,bpt6k67723222,,failed,0,0,,no_usable_pages,known,,,bpt6k67723222: no usable pages in manifest.,2026-07-17T15:17:09.849126
echoran,bpt6k6772323g,,failed,0,0,,no_usable_pages,known,,,bpt6k6772323g: no usable pages in manifest.,2026-07-17T15:17:10.504076
echoran,bpt6k6772324w,,failed,0,0,,no_usable_pages,known,,,bpt6k6772324w: no usable pages in manifest.,2026-07-17T15:17:10.705848
echoran,bpt6k67723259,,failed,0,0,,no_usable_pages,known,,,bpt6k67723259: no usable pages in manifest.,2026-07-17T15:17:11.271103
echoran,bpt6k6772326q,,failed,0,0,,no_usable_pages,known,,,bpt6k6772326q: no usable pages in manifest.,2026-07-17T15:17:11.923626
echoran,bpt6k67723274,,failed,0,0,,no_usable_pages,known,,,bpt6k67723274: no usable pages in manifest.,2026-07-17T15:17:12.604089
echoran,bpt6k6772328j,,failed,0,0,,no_usable_pages,known,,,bpt6k6772328j: no usable pages in manifest.,2026-07-17T15:17:13.152834
echoran,bpt6k6772329z,,failed,0,0,,no_usable_pages,known,,,bpt6k6772329z: no usable pages in manifest.,2026-07-17T15:17:13.545291
echoran,bpt6k6772330m,,failed,0,0,,no_usable_pages,known,,,bpt6k6772330m: no usable pages in manifest.,2026-07-17T15:17:13.819755
echoran,bpt6k67723311,,failed,0,0,,no_usable_pages,known,,,bpt6k67723311: no usable pages in manifest.,2026-07-17T15:17:14.500344
echoran,bpt6k6772332f,,failed,0,0,,no_usable_pages,known,,,bpt6k6772332f: no usable pages in manifest.,2026-07-17T15:17:14.791393
echoran,bpt6k6772333v,,failed,0,0,,no_usable_pages,known,,,bpt6k6772333v: no usable pages in manifest.,2026-07-17T15:17:15.029403
echoran,bpt6k67723348,,failed,0,0,,no_usable_pages,known,,,bpt6k67723348: no usable pages in manifest.,2026-07-17T15:17:15.386710
echoran,bpt6k6772335p,,failed,0,0,,no_usable_pages,known,,,bpt6k6772335p: no usable pages in manifest.,2026-07-17T15:17:15.632614
echoran,bpt6k67723363,,failed,0,0,,no_usable_pages,known,,,bpt6k67723363: no usable pages in manifest.,2026-07-17T15:17:16.409959
echoran,bpt6k6772337h,,failed,0,0,,no_usable_pages,known,,,bpt6k6772337h: no usable pages in manifest.,2026-07-17T15:17:16.798401
echoran,bpt6k6772338x,,failed,0,0,,no_usable_pages,known,,,bpt6k6772338x: no usable pages in manifest.,2026-07-17T15:17:17.556311
echoran,bpt6k6772339b,,failed,0,0,,no_usable_pages,known,,,bpt6k6772339b: no usable pages in manifest.,2026-07-17T15:17:18.109358
echoran,bpt6k67723400,,failed,0,0,,no_usable_pages,known,,,bpt6k67723400: no usable pages in manifest.,2026-07-17T15:17:18.641912
echoran,bpt6k6772341d,,failed,0,0,,no_usable_pages,known,,,bpt6k6772341d: no usable pages in manifest.,2026-07-17T15:17:19.394051
echoran,bpt6k6772342t,,failed,0,0,,no_usable_pages,known,,,bpt6k6772342t: no usable pages in manifest.,2026-07-17T15:17:19.902155
echoran,bpt6k67723437,,failed,0,0,,no_usable_pages,known,,,bpt6k67723437: no usable pages in manifest.,2026-07-17T15:17:20.427563
echoran,bpt6k6772344n,,failed,0,0,,no_usable_pages,known,,,bpt6k6772344n: no usable pages in manifest.,2026-07-17T15:17:20.721739
echoran,bpt6k67723452,,failed,0,0,,no_usable_pages,known,,,bpt6k67723452: no usable pages in manifest.,2026-07-17T15:17:21.312214
echoran,bpt6k6772346g,,failed,0,0,,no_usable_pages,known,,,bpt6k6772346g: no usable pages in manifest.,2026-07-17T15:17:21.620261
echoran,bpt6k6772347w,,failed,0,0,,no_usable_pages,known,,,bpt6k6772347w: no usable pages in manifest.,2026-07-17T15:17:21.907080
echoran,bpt6k67723489,,failed,0,0,,no_usable_pages,known,,,bpt6k67723489: no usable pages in manifest.,2026-07-17T15:17:22.492596
echoran,bpt6k6772349q,,failed,0,0,,no_usable_pages,known,,,bpt6k6772349q: no usable pages in manifest.,2026-07-17T15:17:22.903740
echoran,bpt6k6772350c,,failed,0,0,,no_usable_pages,known,,,bpt6k6772350c: no usable pages in manifest.,2026-07-17T15:17:23.236579
echoran,bpt6k6772351s,,failed,0,0,,no_usable_pages,known,,,bpt6k6772351s: no usable pages in manifest.,2026-07-17T15:17:23.931599
echoran,bpt6k67723526,,failed,0,0,,no_usable_pages,known,,,bpt6k67723526: no usable pages in manifest.,2026-07-17T15:17:24.291149
echoran,bpt6k6772353m,,failed,0,0,,no_usable_pages,known,,,bpt6k6772353m: no usable pages in manifest.,2026-07-17T15:17:24.639893
echoran,bpt6k67723541,,failed,0,0,,no_usable_pages,known,,,bpt6k67723541: no usable pages in manifest.,2026-07-17T15:17:25.150741
echoran,bpt6k6772355f,,failed,0,0,,no_usable_pages,known,,,bpt6k6772355f: no usable pages in manifest.,2026-07-17T15:17:25.432623
echoran,bpt6k6772356v,,failed,0,0,,no_usable_pages,known,,,bpt6k6772356v: no usable pages in manifest.,2026-07-17T15:17:25.680574
echoran,bpt6k67723578,,failed,0,0,,no_usable_pages,known,,,bpt6k67723578: no usable pages in manifest.,2026-07-17T15:17:26.384179
echoran,bpt6k6772358p,,failed,0,0,,no_usable_pages,known,,,bpt6k6772358p: no usable pages in manifest.,2026-07-17T15:17:26.912041
echoran,bpt6k67723593,,failed,0,0,,no_usable_pages,known,,,bpt6k67723593: no usable pages in manifest.,2026-07-17T15:17:27.515373
echoran,bpt6k6772360r,,failed,0,0,,no_usable_pages,known,,,bpt6k6772360r: no usable pages in manifest.,2026-07-17T15:17:27.870327
echoran,bpt6k67723615,,failed,0,0,,no_usable_pages,known,,,bpt6k67723615: no usable pages in manifest.,2026-07-17T15:17:28.167503
echoran,bpt6k6772362k,,failed,0,0,,no_usable_pages,known,,,bpt6k6772362k: no usable pages in manifest.,2026-07-17T15:17:28.464112
echoran,bpt6k67723630,,failed,0,0,,no_usable_pages,known,,,bpt6k67723630: no usable pages in manifest.,2026-07-17T15:17:28.716123
echoran,bpt6k6772364d,,failed,0,0,,no_usable_pages,known,,,bpt6k6772364d: no usable pages in manifest.,2026-07-17T15:17:29.397038
echoran,bpt6k6772365t,,failed,0,0,,no_usable_pages,known,,,bpt6k6772365t: no usable pages in manifest.,2026-07-17T15:17:29.962598
echoran,bpt6k67723667,,failed,0,0,,no_usable_pages,known,,,bpt6k67723667: no usable pages in manifest.,2026-07-17T15:17:30.370924
echoran,bpt6k6772396c,,failed,0,0,,no_usable_pages,known,,,bpt6k6772396c: no usable pages in manifest.,2026-07-17T15:17:30.964984
echoran,bpt6k6772367n,,failed,0,0,,no_usable_pages,known,,,bpt6k6772367n: no usable pages in manifest.,2026-07-17T15:17:31.550177
echoran,bpt6k67723682,,failed,0,0,,no_usable_pages,known,,,bpt6k67723682: no usable pages in manifest.,2026-07-17T15:17:31.812166
echoran,bpt6k6772369g,,failed,0,0,,no_usable_pages,known,,,bpt6k6772369g: no usable pages in manifest.,2026-07-17T15:17:32.362350
echoran,bpt6k67723704,,failed,0,0,,no_usable_pages,known,,,bpt6k67723704: no usable pages in manifest.,2026-07-17T15:17:32.874941
echoran,bpt6k6772371j,,failed,0,0,,no_usable_pages,known,,,bpt6k6772371j: no usable pages in manifest.,2026-07-17T15:17:33.215704
echoran,bpt6k6772372z,,failed,0,0,,no_usable_pages,known,,,bpt6k6772372z: no usable pages in manifest.,2026-07-17T15:17:33.495096
echoran,bpt6k6772373c,,failed,0,0,,no_usable_pages,known,,,bpt6k6772373c: no usable pages in manifest.,2026-07-17T15:17:34.102332
echoran,bpt6k6772374s,,failed,0,0,,no_usable_pages,known,,,bpt6k6772374s: no usable pages in manifest.,2026-07-17T15:17:34.531067
echoran,bpt6k67723756,,failed,0,0,,no_usable_pages,known,,,bpt6k67723756: no usable pages in manifest.,2026-07-17T15:17:34.770887
echoran,bpt6k6772376m,,failed,0,0,,no_usable_pages,known,,,bpt6k6772376m: no usable pages in manifest.,2026-07-17T15:17:35.198466
echoran,bpt6k67723771,,failed,0,0,,no_usable_pages,known,,,bpt6k67723771: no usable pages in manifest.,2026-07-17T15:17:35.636249
echoran,bpt6k6772378f,,failed,0,0,,no_usable_pages,known,,,bpt6k6772378f: no usable pages in manifest.,2026-07-17T15:17:35.989080
echoran,bpt6k6772379v,,failed,0,0,,no_usable_pages,known,,,bpt6k6772379v: no usable pages in manifest.,2026-07-17T15:17:36.552369
echoran,bpt6k6772380h,,failed,0,0,,no_usable_pages,known,,,bpt6k6772380h: no usable pages in manifest.,2026-07-17T15:17:36.808101
echoran,bpt6k6772381x,,failed,0,0,,no_usable_pages,known,,,bpt6k6772381x: no usable pages in manifest.,2026-07-17T15:17:37.222631
echoran,bpt6k6772382b,,failed,0,0,,no_usable_pages,known,,,bpt6k6772382b: no usable pages in manifest.,2026-07-17T15:17:38.130497
echoran,bpt6k6772383r,,failed,0,0,,no_usable_pages,known,,,bpt6k6772383r: no usable pages in manifest.,2026-07-17T15:17:38.454175
echoran,bpt6k67723845,,failed,0,0,,no_usable_pages,known,,,bpt6k67723845: no usable pages in manifest.,2026-07-17T15:17:38.850228
echoran,bpt6k6772385k,,failed,0,0,,no_usable_pages,known,,,bpt6k6772385k: no usable pages in manifest.,2026-07-17T15:17:39.129259
echoran,bpt6k67723860,,failed,0,0,,no_usable_pages,known,,,bpt6k67723860: no usable pages in manifest.,2026-07-17T15:17:39.521941
echoran,bpt6k6772387d,,failed,0,0,,no_usable_pages,known,,,bpt6k6772387d: no usable pages in manifest.,2026-07-17T15:17:39.705807
echoran,bpt6k6772388t,,failed,0,0,,no_usable_pages,known,,,bpt6k6772388t: no usable pages in manifest.,2026-07-17T15:17:40.243965
echoran,bpt6k67723897,,failed,0,0,,no_usable_pages,known,,,bpt6k67723897: no usable pages in manifest.,2026-07-17T15:17:40.682594
echoran,bpt6k6772390w,,failed,0,0,,no_usable_pages,known,,,bpt6k6772390w: no usable pages in manifest.,2026-07-17T15:17:41.207349
echoran,bpt6k67723919,,failed,0,0,,no_usable_pages,known,,,bpt6k67723919: no usable pages in manifest.,2026-07-17T15:17:41.634038
echoran,bpt6k6772392q,,failed,0,0,,no_usable_pages,known,,,bpt6k6772392q: no usable pages in manifest.,2026-07-17T15:17:42.080873
echoran,bpt6k67723934,,failed,0,0,,no_usable_pages,known,,,bpt6k67723934: no usable pages in manifest.,2026-07-17T15:17:42.629050
echoran,bpt6k6772394j,,failed,0,0,,no_usable_pages,known,,,bpt6k6772394j: no usable pages in manifest.,2026-07-17T15:17:43.161152
echoran,bpt6k6772395z,,failed,0,0,,no_usable_pages,known,,,bpt6k6772395z: no usable pages in manifest.,2026-07-17T15:17:43.634482
echoran,bpt6k6772397s,,failed,0,0,,no_usable_pages,known,,,bpt6k6772397s: no usable pages in manifest.,2026-07-17T15:17:44.040512
echoran,bpt6k67723986,,failed,0,0,,no_usable_pages,known,,,bpt6k67723986: no usable pages in manifest.,2026-07-17T15:17:44.310001
echoran,bpt6k6772399m,,failed,0,0,,no_usable_pages,known,,,bpt6k6772399m: no usable pages in manifest.,2026-07-17T15:17:44.782064
echoran,bpt6k6772400t,,failed,0,0,,no_usable_pages,known,,,bpt6k6772400t: no usable pages in manifest.,2026-07-17T15:17:45.093752
echoran,bpt6k67724017,,failed,0,0,,no_usable_pages,known,,,bpt6k67724017: no usable pages in manifest.,2026-07-17T15:17:45.598047
echoran,bpt6k6772402n,,failed,0,0,,no_usable_pages,known,,,bpt6k6772402n: no usable pages in manifest.,2026-07-17T15:17:46.113406
echoran,bpt6k67724032,,failed,0,0,,no_usable_pages,known,,,bpt6k67724032: no usable pages in manifest.,2026-07-17T15:17:46.662553
echoran,bpt6k6772404g,,failed,0,0,,no_usable_pages,known,,,bpt6k6772404g: no usable pages in manifest.,2026-07-17T15:17:47.151657
echoran,bpt6k6772405w,,failed,0,0,,no_usable_pages,known,,,bpt6k6772405w: no usable pages in manifest.,2026-07-17T15:17:47.422970
echoran,bpt6k67724069,,failed,0,0,,no_usable_pages,known,,,bpt6k67724069: no usable pages in manifest.,2026-07-17T15:17:47.990665
echoran,bpt6k6772407q,,failed,0,0,,no_usable_pages,known,,,bpt6k6772407q: no usable pages in manifest.,2026-07-17T15:17:48.682499
echoran,bpt6k67724084,,failed,0,0,,no_usable_pages,known,,,bpt6k67724084: no usable pages in manifest.,2026-07-17T15:17:48.986201
echoran,bpt6k6772409j,,failed,0,0,,no_usable_pages,known,,,bpt6k6772409j: no usable pages in manifest.,2026-07-17T15:17:49.264340
echoran,bpt6k67724106,,failed,0,0,,no_usable_pages,known,,,bpt6k67724106: no usable pages in manifest.,2026-07-17T15:17:49.992092
echoran,bpt6k6772411m,,failed,0,0,,no_usable_pages,known,,,bpt6k6772411m: no usable pages in manifest.,2026-07-17T15:17:50.276316
echoran,bpt6k67724121,,failed,0,0,,no_usable_pages,known,,,bpt6k67724121: no usable pages in manifest.,2026-07-17T15:17:50.894009
echoran,bpt6k6772413f,,failed,0,0,,no_usable_pages,known,,,bpt6k6772413f: no usable pages in manifest.,2026-07-17T15:17:51.265353
echoran,bpt6k6772414v,,failed,0,0,,no_usable_pages,known,,,bpt6k6772414v: no usable pages in manifest.,2026-07-17T15:17:51.685801
echoran,bpt6k67724158,,failed,0,0,,no_usable_pages,known,,,bpt6k67724158: no usable pages in manifest.,2026-07-17T15:17:52.294500
echoran,bpt6k6772416p,,failed,0,0,,no_usable_pages,known,,,bpt6k6772416p: no usable pages in manifest.,2026-07-17T15:17:52.674965
echoran,bpt6k67724173,,failed,0,0,,no_usable_pages,known,,,bpt6k67724173: no usable pages in manifest.,2026-07-17T15:17:53.172006
echoran,bpt6k6772418h,,failed,0,0,,no_usable_pages,known,,,bpt6k6772418h: no usable pages in manifest.,2026-07-17T15:17:53.713569
echoran,bpt6k6772419x,,failed,0,0,,no_usable_pages,known,,,bpt6k6772419x: no usable pages in manifest.,2026-07-17T15:17:54.342670
echoran,bpt6k6772420k,,failed,0,0,,no_usable_pages,known,,,bpt6k6772420k: no usable pages in manifest.,2026-07-17T15:17:54.803268
echoran,bpt6k67724210,,failed,0,0,,no_usable_pages,known,,,bpt6k67724210: no usable pages in manifest.,2026-07-17T15:17:55.189653
echoran,bpt6k6772422d,,failed,0,0,,no_usable_pages,known,,,bpt6k6772422d: no usable pages in manifest.,2026-07-17T15:17:55.784963
echoran,bpt6k6772423t,,failed,0,0,,no_usable_pages,known,,,bpt6k6772423t: no usable pages in manifest.,2026-07-17T15:17:56.180719
echoran,bpt6k67724247,,failed,0,0,,no_usable_pages,known,,,bpt6k67724247: no usable pages in manifest.,2026-07-17T15:17:56.650758
echoran,bpt6k6772425n,,failed,0,0,,no_usable_pages,known,,,bpt6k6772425n: no usable pages in manifest.,2026-07-17T15:17:56.858247
echoran,bpt6k67724262,,failed,0,0,,no_usable_pages,known,,,bpt6k67724262: no usable pages in manifest.,2026-07-17T15:17:57.132288
echoran,bpt6k6772427g,,failed,0,0,,no_usable_pages,known,,,bpt6k6772427g: no usable pages in manifest.,2026-07-17T15:17:57.320117
echoran,bpt6k6772428w,,failed,0,0,,no_usable_pages,known,,,bpt6k6772428w: no usable pages in manifest.,2026-07-17T15:17:57.620979
echoran,bpt6k67724299,,failed,0,0,,no_usable_pages,known,,,bpt6k67724299: no usable pages in manifest.,2026-07-17T15:17:57.958059
echoran,bpt6k6772430z,,failed,0,0,,no_usable_pages,known,,,bpt6k6772430z: no usable pages in manifest.,2026-07-17T15:17:58.278910
echoran,bpt6k6772431c,,failed,0,0,,no_usable_pages,known,,,bpt6k6772431c: no usable pages in manifest.,2026-07-17T15:17:58.499139
echoran,bpt6k6772432s,,failed,0,0,,no_usable_pages,known,,,bpt6k6772432s: no usable pages in manifest.,2026-07-17T15:17:58.885042
echoran,bpt6k67724336,,failed,0,0,,no_usable_pages,known,,,bpt6k67724336: no usable pages in manifest.,2026-07-17T15:17:59.325892
echoran,bpt6k6772434m,,failed,0,0,,no_usable_pages,known,,,bpt6k6772434m: no usable pages in manifest.,2026-07-17T15:17:59.497071
echoran,bpt6k67724351,,failed,0,0,,no_usable_pages,known,,,bpt6k67724351: no usable pages in manifest.,2026-07-17T15:17:59.796865
echoran,bpt6k6772436f,,failed,0,0,,no_usable_pages,known,,,bpt6k6772436f: no usable pages in manifest.,2026-07-17T15:18:00.026826
echoran,bpt6k6772437v,,failed,0,0,,no_usable_pages,known,,,bpt6k6772437v: no usable pages in manifest.,2026-07-17T15:18:00.251149
echoran,bpt6k67724388,,failed,0,0,,no_usable_pages,known,,,bpt6k67724388: no usable pages in manifest.,2026-07-17T15:18:00.436248
echoran,bpt6k6772439p,,failed,0,0,,no_usable_pages,known,,,bpt6k6772439p: no usable pages in manifest.,2026-07-17T15:18:00.586748
echoran,bpt6k6772440b,,failed,0,0,,no_usable_pages,known,,,bpt6k6772440b: no usable pages in manifest.,2026-07-17T15:18:00.834761
echoran,bpt6k6772441r,,failed,0,0,,no_usable_pages,known,,,bpt6k6772441r: no usable pages in manifest.,2026-07-17T15:18:01.007663
echoran,bpt6k67724425,,failed,0,0,,no_usable_pages,known,,,bpt6k67724425: no usable pages in manifest.,2026-07-17T15:18:01.603733
echoran,bpt6k6772443k,,failed,0,0,,no_usable_pages,known,,,bpt6k6772443k: no usable pages in manifest.,2026-07-17T15:18:01.749562
echoran,bpt6k67724440,,failed,0,0,,no_usable_pages,known,,,bpt6k67724440: no usable pages in manifest.,2026-07-17T15:18:01.932131
echoran,bpt6k6772445d,,failed,0,0,,no_usable_pages,known,,,bpt6k6772445d: no usable pages in manifest.,2026-07-17T15:18:02.037847
echoran,bpt6k6772446t,,failed,0,0,,no_usable_pages,known,,,bpt6k6772446t: no usable pages in manifest.,2026-07-17T15:18:02.154300
echoran,bpt6k67724477,,failed,0,0,,no_usable_pages,known,,,bpt6k67724477: no usable pages in manifest.,2026-07-17T15:18:02.275899
echoran,bpt6k6772448n,,failed,0,0,,no_usable_pages,known,,,bpt6k6772448n: no usable pages in manifest.,2026-07-17T15:18:02.486626
echoran,bpt6k67724492,,failed,0,0,,no_usable_pages,known,,,bpt6k67724492: no usable pages in manifest.,2026-07-17T15:18:02.631108
echoran,bpt6k6772450q,,failed,0,0,,no_usable_pages,known,,,bpt6k6772450q: no usable pages in manifest.,2026-07-17T15:18:02.817240
echoran,bpt6k67724514,,failed,0,0,,no_usable_pages,known,,,bpt6k67724514: no usable pages in manifest.,2026-07-17T15:18:03.296196
echoran,bpt6k6772452j,,failed,0,0,,no_usable_pages,known,,,bpt6k6772452j: no usable pages in manifest.,2026-07-17T15:18:03.555433
echoran,bpt6k6772453z,,failed,0,0,,no_usable_pages,known,,,bpt6k6772453z: no usable pages in manifest.,2026-07-17T15:18:03.656015
echoran,bpt6k6772454c,,failed,0,0,,no_usable_pages,known,,,bpt6k6772454c: no usable pages in manifest.,2026-07-17T15:18:03.777936
echoran,bpt6k6772455s,,failed,0,0,,no_usable_pages,known,,,bpt6k6772455s: no usable pages in manifest.,2026-07-17T15:18:03.895121
echoran,bpt6k67724566,,failed,0,0,,no_usable_pages,known,,,bpt6k67724566: no usable pages in manifest.,2026-07-17T15:18:03.987773
echoran,bpt6k6772457m,,failed,0,0,,no_usable_pages,known,,,bpt6k6772457m: no usable pages in manifest.,2026-07-17T15:18:04.082706
echoran,bpt6k67724581,,failed,0,0,,no_usable_pages,known,,,bpt6k67724581: no usable pages in manifest.,2026-07-17T15:18:04.207141
echoran,bpt6k6772459f,,failed,0,0,,no_usable_pages,known,,,bpt6k6772459f: no usable pages in manifest.,2026-07-17T15:18:04.325776
echoran,bpt6k67724603,,failed,0,0,,no_usable_pages,known,,,bpt6k67724603: no usable pages in manifest.,2026-07-17T15:18:04.439949
echoran,bpt6k6772461h,,failed,0,0,,no_usable_pages,known,,,bpt6k6772461h: no usable pages in manifest.,2026-07-17T15:18:04.628179
echoran,bpt6k6772462x,,failed,0,0,,no_usable_pages,known,,,bpt6k6772462x: no usable pages in manifest.,2026-07-17T15:18:04.798403
echoran,bpt6k6772463b,,failed,0,0,,no_usable_pages,known,,,bpt6k6772463b: no usable pages in manifest.,2026-07-17T15:18:04.928411
echoran,bpt6k6772464r,,failed,0,0,,no_usable_pages,known,,,bpt6k6772464r: no usable pages in manifest.,2026-07-17T15:18:05.089566
echoran,bpt6k67724655,,failed,0,0,,no_usable_pages,known,,,bpt6k67724655: no usable pages in manifest.,2026-07-17T15:18:05.247497
echoran,bpt6k6772466k,,failed,0,0,,no_usable_pages,known,,,bpt6k6772466k: no usable pages in manifest.,2026-07-17T15:18:05.628572
echoran,bpt6k67724670,,failed,0,0,,no_usable_pages,known,,,bpt6k67724670: no usable pages in manifest.,2026-07-17T15:18:05.908228
echoran,bpt6k6772468d,,failed,0,0,,no_usable_pages,known,,,bpt6k6772468d: no usable pages in manifest.,2026-07-17T15:18:06.024072
echoran,bpt6k6758445q,,failed,0,0,,no_usable_pages,known,,,bpt6k6758445q: no usable pages in manifest.,2026-07-17T15:18:06.169732
echoran,bpt6k67584464,,failed,0,0,,no_usable_pages,known,,,bpt6k67584464: no usable pages in manifest.,2026-07-17T15:18:06.313001
echoran,bpt6k6758447j,,failed,0,0,,no_usable_pages,known,,,bpt6k6758447j: no usable pages in manifest.,2026-07-17T15:18:06.411141
echoran,bpt6k6758448z,,failed,0,0,,no_usable_pages,known,,,bpt6k6758448z: no usable pages in manifest.,2026-07-17T15:18:06.533240
echoran,bpt6k6758449c,,failed,0,0,,no_usable_pages,known,,,bpt6k6758449c: no usable pages in manifest.,2026-07-17T15:18:06.652428
echoran,bpt6k67584501,,failed,0,0,,no_usable_pages,known,,,bpt6k67584501: no usable pages in manifest.,2026-07-17T15:18:06.786422
echoran,bpt6k6758451f,,failed,0,0,,no_usable_pages,known,,,bpt6k6758451f: no usable pages in manifest.,2026-07-17T15:18:06.991461
echoran,bpt6k6758452v,,failed,0,0,,no_usable_pages,known,,,bpt6k6758452v: no usable pages in manifest.,2026-07-17T15:18:07.149501
echoran,bpt6k67584538,,failed,0,0,,no_usable_pages,known,,,bpt6k67584538: no usable pages in manifest.,2026-07-17T15:18:07.271670
echoran,bpt6k6758454p,,failed,0,0,,no_usable_pages,known,,,bpt6k6758454p: no usable pages in manifest.,2026-07-17T15:18:07.444336
echoran,bpt6k67584553,,failed,0,0,,no_usable_pages,known,,,bpt6k67584553: no usable pages in manifest.,2026-07-17T15:18:07.603025
echoran,bpt6k6758456h,,failed,0,0,,no_usable_pages,known,,,bpt6k6758456h: no usable pages in manifest.,2026-07-17T15:18:07.738458
echoran,bpt6k6758457x,,failed,0,0,,no_usable_pages,known,,,bpt6k6758457x: no usable pages in manifest.,2026-07-17T15:18:07.875581
echoran,bpt6k6758458b,,failed,0,0,,no_usable_pages,known,,,bpt6k6758458b: no usable pages in manifest.,2026-07-17T15:18:08.101262
echoran,bpt6k6758459r,,failed,0,0,,no_usable_pages,known,,,bpt6k6758459r: no usable pages in manifest.,2026-07-17T15:18:08.445577
echoran,bpt6k6758460d,,failed,0,0,,no_usable_pages,known,,,bpt6k6758460d: no usable pages in manifest.,2026-07-17T15:18:08.903674
echoran,bpt6k6758461t,,failed,0,0,,no_usable_pages,known,,,bpt6k6758461t: no usable pages in manifest.,2026-07-17T15:18:09.121333
echoran,bpt6k67584627,,failed,0,0,,no_usable_pages,known,,,bpt6k67584627: no usable pages in manifest.,2026-07-17T15:18:09.262309
echoran,bpt6k6758463n,,failed,0,0,,no_usable_pages,known,,,bpt6k6758463n: no usable pages in manifest.,2026-07-17T15:18:09.631139
echoran,bpt6k67584642,,failed,0,0,,no_usable_pages,known,,,bpt6k67584642: no usable pages in manifest.,2026-07-17T15:18:10.052108
echoran,bpt6k6758465g,,failed,0,0,,no_usable_pages,known,,,bpt6k6758465g: no usable pages in manifest.,2026-07-17T15:18:10.253434
echoran,bpt6k6758466w,,failed,0,0,,no_usable_pages,known,,,bpt6k6758466w: no usable pages in manifest.,2026-07-17T15:18:10.392574
echoran,bpt6k67584679,,failed,0,0,,no_usable_pages,known,,,bpt6k67584679: no usable pages in manifest.,2026-07-17T15:18:10.497992
echoran,bpt6k6758468q,,failed,0,0,,no_usable_pages,known,,,bpt6k6758468q: no usable pages in manifest.,2026-07-17T15:18:10.581877
echoran,bpt6k67584694,,failed,0,0,,no_usable_pages,known,,,bpt6k67584694: no usable pages in manifest.,2026-07-17T15:18:10.690704
echoran,bpt6k6758470s,,failed,0,0,,no_usable_pages,known,,,bpt6k6758470s: no usable pages in manifest.,2026-07-17T15:18:10.969747
echoran,bpt6k67584716,,failed,0,0,,no_usable_pages,known,,,bpt6k67584716: no usable pages in manifest.,2026-07-17T15:18:11.120531
echoran,bpt6k6758472m,,failed,0,0,,no_usable_pages,known,,,bpt6k6758472m: no usable pages in manifest.,2026-07-17T15:18:11.336286
echoran,bpt6k67584731,,failed,0,0,,no_usable_pages,known,,,bpt6k67584731: no usable pages in manifest.,2026-07-17T15:18:12.044401
echoran,bpt6k6758474f,,failed,0,0,,no_usable_pages,known,,,bpt6k6758474f: no usable pages in manifest.,2026-07-17T15:18:12.238544
echoran,bpt6k6758475v,,failed,0,0,,no_usable_pages,known,,,bpt6k6758475v: no usable pages in manifest.,2026-07-17T15:18:12.397018
echoran,bpt6k67584768,,failed,0,0,,no_usable_pages,known,,,bpt6k67584768: no usable pages in manifest.,2026-07-17T15:18:12.538624
echoran,bpt6k6758477p,,failed,0,0,,no_usable_pages,known,,,bpt6k6758477p: no usable pages in manifest.,2026-07-17T15:18:12.671583
echoran,bpt6k67584783,,failed,0,0,,no_usable_pages,known,,,bpt6k67584783: no usable pages in manifest.,2026-07-17T15:18:12.749505
echoran,bpt6k6758479h,,failed,0,0,,no_usable_pages,known,,,bpt6k6758479h: no usable pages in manifest.,2026-07-17T15:18:12.886142
echoran,bpt6k6758481k,,failed,0,0,,no_usable_pages,known,,,bpt6k6758481k: no usable pages in manifest.,2026-07-17T15:18:12.990926
echoran,bpt6k6758483d,,failed,0,0,,no_usable_pages,known,,,bpt6k6758483d: no usable pages in manifest.,2026-07-17T15:18:13.181450
echoran,bpt6k6758484t,,failed,0,0,,no_usable_pages,known,,,bpt6k6758484t: no usable pages in manifest.,2026-07-17T15:18:13.285822
echoran,bpt6k67584857,,failed,0,0,,no_usable_pages,known,,,bpt6k67584857: no usable pages in manifest.,2026-07-17T15:18:13.469504
echoran,bpt6k6758486n,,failed,0,0,,no_usable_pages,known,,,bpt6k6758486n: no usable pages in manifest.,2026-07-17T15:18:13.629860
echoran,bpt6k67584872,,failed,0,0,,no_usable_pages,known,,,bpt6k67584872: no usable pages in manifest.,2026-07-17T15:18:13.747030
echoran,bpt6k6758488g,,failed,0,0,,no_usable_pages,known,,,bpt6k6758488g: no usable pages in manifest.,2026-07-17T15:18:13.876893
echoran,bpt6k6758489w,,failed,0,0,,no_usable_pages,known,,,bpt6k6758489w: no usable pages in manifest.,2026-07-17T15:18:14.026374
echoran,bpt6k6758490j,,failed,0,0,,no_usable_pages,known,,,bpt6k6758490j: no usable pages in manifest.,2026-07-17T15:18:14.378382
echoran,bpt6k6758491z,,failed,0,0,,no_usable_pages,known,,,bpt6k6758491z: no usable pages in manifest.,2026-07-17T15:18:14.680388
echoran,bpt6k6758492c,,failed,0,0,,no_usable_pages,known,,,bpt6k6758492c: no usable pages in manifest.,2026-07-17T15:18:14.852372
echoran,bpt6k6758493s,,failed,0,0,,no_usable_pages,known,,,bpt6k6758493s: no usable pages in manifest.,2026-07-17T15:18:14.965094
echoran,bpt6k67584946,,failed,0,0,,no_usable_pages,known,,,bpt6k67584946: no usable pages in manifest.,2026-07-17T15:18:15.100448
echoran,bpt6k6758495m,,failed,0,0,,no_usable_pages,known,,,bpt6k6758495m: no usable pages in manifest.,2026-07-17T15:18:15.245468
echoran,bpt6k67584961,,failed,0,0,,no_usable_pages,known,,,bpt6k67584961: no usable pages in manifest.,2026-07-17T15:18:15.456860
echoran,bpt6k6758497f,,failed,0,0,,no_usable_pages,known,,,bpt6k6758497f: no usable pages in manifest.,2026-07-17T15:18:15.670291
echoran,bpt6k6758498v,,failed,0,0,,no_usable_pages,known,,,bpt6k6758498v: no usable pages in manifest.,2026-07-17T15:18:15.806286
echoran,bpt6k67584998,,failed,0,0,,no_usable_pages,known,,,bpt6k67584998: no usable pages in manifest.,2026-07-17T15:18:15.936352
echoran,bpt6k6758500g,,failed,0,0,,no_usable_pages,known,,,bpt6k6758500g: no usable pages in manifest.,2026-07-17T15:18:16.087775
echoran,bpt6k6758501w,,failed,0,0,,no_usable_pages,known,,,bpt6k6758501w: no usable pages in manifest.,2026-07-17T15:18:16.201305
echoran,bpt6k67585029,,failed,0,0,,no_usable_pages,known,,,bpt6k67585029: no usable pages in manifest.,2026-07-17T15:18:16.318914
echoran,bpt6k6758503q,,failed,0,0,,no_usable_pages,known,,,bpt6k6758503q: no usable pages in manifest.,2026-07-17T15:18:16.467143
echoran,bpt6k67585044,,failed,0,0,,no_usable_pages,known,,,bpt6k67585044: no usable pages in manifest.,2026-07-17T15:18:16.667747
echoran,bpt6k6758505j,,failed,0,0,,no_usable_pages,known,,,bpt6k6758505j: no usable pages in manifest.,2026-07-17T15:18:16.767408
echoran,bpt6k6758506z,,failed,0,0,,no_usable_pages,known,,,bpt6k6758506z: no usable pages in manifest.,2026-07-17T15:18:16.890352
echoran,bpt6k6758507c,,failed,0,0,,no_usable_pages,known,,,bpt6k6758507c: no usable pages in manifest.,2026-07-17T15:18:16.981299
echoran,bpt6k6758508s,,failed,0,0,,no_usable_pages,known,,,bpt6k6758508s: no usable pages in manifest.,2026-07-17T15:18:17.109879
echoran,bpt6k67585096,,failed,0,0,,no_usable_pages,known,,,bpt6k67585096: no usable pages in manifest.,2026-07-17T15:18:17.231454
echoran,bpt6k6758510v,,failed,0,0,,no_usable_pages,known,,,bpt6k6758510v: no usable pages in manifest.,2026-07-17T15:18:17.717364
echoran,bpt6k67585118,,failed,0,0,,no_usable_pages,known,,,bpt6k67585118: no usable pages in manifest.,2026-07-17T15:18:17.834317
echoran,bpt6k6758512p,,failed,0,0,,no_usable_pages,known,,,bpt6k6758512p: no usable pages in manifest.,2026-07-17T15:18:17.949940
echoran,bpt6k67585133,,failed,0,0,,no_usable_pages,known,,,bpt6k67585133: no usable pages in manifest.,2026-07-17T15:18:18.077766
echoran,bpt6k6758514h,,failed,0,0,,no_usable_pages,known,,,bpt6k6758514h: no usable pages in manifest.,2026-07-17T15:18:18.214354
echoran,bpt6k6758515x,,failed,0,0,,no_usable_pages,known,,,bpt6k6758515x: no usable pages in manifest.,2026-07-17T15:18:18.347277
echoran,bpt6k6758516b,,failed,0,0,,no_usable_pages,known,,,bpt6k6758516b: no usable pages in manifest.,2026-07-17T15:18:18.501285
echoran,bpt6k6758517r,,failed,0,0,,no_usable_pages,known,,,bpt6k6758517r: no usable pages in manifest.,2026-07-17T15:18:18.642273
echoran,bpt6k67585185,,failed,0,0,,no_usable_pages,known,,,bpt6k67585185: no usable pages in manifest.,2026-07-17T15:18:19.203279
echoran,bpt6k6758519k,,failed,0,0,,no_usable_pages,known,,,bpt6k6758519k: no usable pages in manifest.,2026-07-17T15:18:19.352318
echoran,bpt6k67585207,,failed,0,0,,no_usable_pages,known,,,bpt6k67585207: no usable pages in manifest.,2026-07-17T15:18:19.469267
echoran,bpt6k6758521n,,failed,0,0,,no_usable_pages,known,,,bpt6k6758521n: no usable pages in manifest.,2026-07-17T15:18:19.565262
echoran,bpt6k67585222,,failed,0,0,,no_usable_pages,known,,,bpt6k67585222: no usable pages in manifest.,2026-07-17T15:18:19.736911
echoran,bpt6k6758523g,,failed,0,0,,no_usable_pages,known,,,bpt6k6758523g: no usable pages in manifest.,2026-07-17T15:18:20.093278
echoran,bpt6k6758524w,,failed,0,0,,no_usable_pages,known,,,bpt6k6758524w: no usable pages in manifest.,2026-07-17T15:18:20.417279
echoran,bpt6k67585259,,failed,0,0,,no_usable_pages,known,,,bpt6k67585259: no usable pages in manifest.,2026-07-17T15:18:20.526320
echoran,bpt6k6758526q,,failed,0,0,,no_usable_pages,known,,,bpt6k6758526q: no usable pages in manifest.,2026-07-17T15:18:20.720098
echoran,bpt6k67585274,,failed,0,0,,no_usable_pages,known,,,bpt6k67585274: no usable pages in manifest.,2026-07-17T15:18:20.859273
echoran,bpt6k6758528j,,failed,0,0,,no_usable_pages,known,,,bpt6k6758528j: no usable pages in manifest.,2026-07-17T15:18:21.049273
echoran,bpt6k6758529z,,failed,0,0,,no_usable_pages,known,,,bpt6k6758529z: no usable pages in manifest.,2026-07-17T15:18:21.269274
echoran,bpt6k67585311,,failed,0,0,,no_usable_pages,known,,,bpt6k67585311: no usable pages in manifest.,2026-07-17T15:18:21.365309
echoran,bpt6k6758532f,,failed,0,0,,no_usable_pages,known,,,bpt6k6758532f: no usable pages in manifest.,2026-07-17T15:18:21.503745
echoran,bpt6k6758533v,,failed,0,0,,no_usable_pages,known,,,bpt6k6758533v: no usable pages in manifest.,2026-07-17T15:18:21.646349
echoran,bpt6k67585348,,failed,0,0,,no_usable_pages,known,,,bpt6k67585348: no usable pages in manifest.,2026-07-17T15:18:21.813789
echoran,bpt6k6758535p,,failed,0,0,,no_usable_pages,known,,,bpt6k6758535p: no usable pages in manifest.,2026-07-17T15:18:21.953613
echoran,bpt6k67585363,,failed,0,0,,no_usable_pages,known,,,bpt6k67585363: no usable pages in manifest.,2026-07-17T15:18:22.179623
echoran,bpt6k6758625n,,failed,0,0,,no_usable_pages,known,,,bpt6k6758625n: no usable pages in manifest.,2026-07-17T15:18:22.348407
echoran,bpt6k6758537h,,failed,0,0,,no_usable_pages,known,,,bpt6k6758537h: no usable pages in manifest.,2026-07-17T15:18:22.491047
echoran,bpt6k67586262,,failed,0,0,,no_usable_pages,known,,,bpt6k67586262: no usable pages in manifest.,2026-07-17T15:18:22.573853
echoran,bpt6k6758538x,,failed,0,0,,no_usable_pages,known,,,bpt6k6758538x: no usable pages in manifest.,2026-07-17T15:18:22.712821
echoran,bpt6k6758539b,,failed,0,0,,no_usable_pages,known,,,bpt6k6758539b: no usable pages in manifest.,2026-07-17T15:18:22.800592
echoran,bpt6k6758628w,,failed,0,0,,no_usable_pages,known,,,bpt6k6758628w: no usable pages in manifest.,2026-07-17T15:18:22.918621
echoran,bpt6k67585400,,failed,0,0,,no_usable_pages,known,,,bpt6k67585400: no usable pages in manifest.,2026-07-17T15:18:23.092626
echoran,bpt6k67586299,,failed,0,0,,no_usable_pages,known,,,bpt6k67586299: no usable pages in manifest.,2026-07-17T15:18:23.382289
echoran,bpt6k6758541d,,failed,0,0,,no_usable_pages,known,,,bpt6k6758541d: no usable pages in manifest.,2026-07-17T15:18:23.675283
echoran,bpt6k6758630z,,failed,0,0,,no_usable_pages,known,,,bpt6k6758630z: no usable pages in manifest.,2026-07-17T15:18:24.008248
echoran,bpt6k6758542t,,failed,0,0,,no_usable_pages,known,,,bpt6k6758542t: no usable pages in manifest.,2026-07-17T15:18:24.169883
echoran,bpt6k67585437,,failed,0,0,,no_usable_pages,known,,,bpt6k67585437: no usable pages in manifest.,2026-07-17T15:18:24.361805
echoran,bpt6k6758632s,,failed,0,0,,no_usable_pages,known,,,bpt6k6758632s: no usable pages in manifest.,2026-07-17T15:18:24.560907
echoran,bpt6k6758544n,,failed,0,0,,no_usable_pages,known,,,bpt6k6758544n: no usable pages in manifest.,2026-07-17T15:18:24.704158
echoran,bpt6k67586336,,failed,0,0,,no_usable_pages,known,,,bpt6k67586336: no usable pages in manifest.,2026-07-17T15:18:24.836939
echoran,bpt6k67585452,,failed,0,0,,no_usable_pages,known,,,bpt6k67585452: no usable pages in manifest.,2026-07-17T15:18:24.967895
echoran,bpt6k6758547w,,failed,0,0,,no_usable_pages,known,,,bpt6k6758547w: no usable pages in manifest.,2026-07-17T15:18:25.083157
echoran,bpt6k67586351,,failed,0,0,,no_usable_pages,known,,,bpt6k67586351: no usable pages in manifest.,2026-07-17T15:18:25.250205
echoran,bpt6k67585489,,failed,0,0,,no_usable_pages,known,,,bpt6k67585489: no usable pages in manifest.,2026-07-17T15:18:25.412928
echoran,bpt6k6758636f,,failed,0,0,,no_usable_pages,known,,,bpt6k6758636f: no usable pages in manifest.,2026-07-17T15:18:25.553334
echoran,bpt6k6758637v,,failed,0,0,,no_usable_pages,known,,,bpt6k6758637v: no usable pages in manifest.,2026-07-17T15:18:25.862698
echoran,bpt6k6758549q,,failed,0,0,,no_usable_pages,known,,,bpt6k6758549q: no usable pages in manifest.,2026-07-17T15:18:26.192288
echoran,bpt6k6758550c,,failed,0,0,,no_usable_pages,known,,,bpt6k6758550c: no usable pages in manifest.,2026-07-17T15:18:26.375279
echoran,bpt6k6758639p,,failed,0,0,,no_usable_pages,known,,,bpt6k6758639p: no usable pages in manifest.,2026-07-17T15:18:26.552706
echoran,bpt6k6758551s,,failed,0,0,,no_usable_pages,known,,,bpt6k6758551s: no usable pages in manifest.,2026-07-17T15:18:26.780245
echoran,bpt6k6758640b,,failed,0,0,,no_usable_pages,known,,,bpt6k6758640b: no usable pages in manifest.,2026-07-17T15:18:26.890251
echoran,bpt6k67585526,,failed,0,0,,no_usable_pages,known,,,bpt6k67585526: no usable pages in manifest.,2026-07-17T15:18:27.034671
echoran,bpt6k6758641r,,failed,0,0,,no_usable_pages,known,,,bpt6k6758641r: no usable pages in manifest.,2026-07-17T15:18:27.168744
echoran,bpt6k6758553m,,failed,0,0,,no_usable_pages,known,,,bpt6k6758553m: no usable pages in manifest.,2026-07-17T15:18:27.263320
echoran,bpt6k67586425,,failed,0,0,,no_usable_pages,known,,,bpt6k67586425: no usable pages in manifest.,2026-07-17T15:18:27.427645
echoran,bpt6k67585541,,failed,0,0,,no_usable_pages,known,,,bpt6k67585541: no usable pages in manifest.,2026-07-17T15:18:27.612855
echoran,bpt6k6758643k,,failed,0,0,,no_usable_pages,known,,,bpt6k6758643k: no usable pages in manifest.,2026-07-17T15:18:27.817778
echoran,bpt6k6758555f,,failed,0,0,,no_usable_pages,known,,,bpt6k6758555f: no usable pages in manifest.,2026-07-17T15:18:27.949057
echoran,bpt6k67586440,,failed,0,0,,no_usable_pages,known,,,bpt6k67586440: no usable pages in manifest.,2026-07-17T15:18:28.293858
echoran,bpt6k6758556v,,failed,0,0,,no_usable_pages,known,,,bpt6k6758556v: no usable pages in manifest.,2026-07-17T15:18:28.553954
echoran,bpt6k67585578,,failed,0,0,,no_usable_pages,known,,,bpt6k67585578: no usable pages in manifest.,2026-07-17T15:18:28.764855
echoran,bpt6k6758645d,,failed,0,0,,no_usable_pages,known,,,bpt6k6758645d: no usable pages in manifest.,2026-07-17T15:18:28.986047
echoran,bpt6k6758646t,,failed,0,0,,no_usable_pages,known,,,bpt6k6758646t: no usable pages in manifest.,2026-07-17T15:18:29.311494
echoran,bpt6k6758558p,,failed,0,0,,no_usable_pages,known,,,bpt6k6758558p: no usable pages in manifest.,2026-07-17T15:18:29.468060
echoran,bpt6k67585593,,failed,0,0,,no_usable_pages,known,,,bpt6k67585593: no usable pages in manifest.,2026-07-17T15:18:29.676592
echoran,bpt6k6758648n,,failed,0,0,,no_usable_pages,known,,,bpt6k6758648n: no usable pages in manifest.,2026-07-17T15:18:29.863008
echoran,bpt6k6758560r,,failed,0,0,,no_usable_pages,known,,,bpt6k6758560r: no usable pages in manifest.,2026-07-17T15:18:30.113080
echoran,bpt6k67585615,,failed,0,0,,no_usable_pages,known,,,bpt6k67585615: no usable pages in manifest.,2026-07-17T15:18:30.269744
echoran,bpt6k6758562k,,failed,0,0,,no_usable_pages,known,,,bpt6k6758562k: no usable pages in manifest.,2026-07-17T15:18:30.405953
echoran,bpt6k67586514,,failed,0,0,,no_usable_pages,known,,,bpt6k67586514: no usable pages in manifest.,2026-07-17T15:18:30.554326
echoran,bpt6k67585630,,failed,0,0,,no_usable_pages,known,,,bpt6k67585630: no usable pages in manifest.,2026-07-17T15:18:30.705519
echoran,bpt6k6758652j,,failed,0,0,,no_usable_pages,known,,,bpt6k6758652j: no usable pages in manifest.,2026-07-17T15:18:31.353585
echoran,bpt6k6758564d,,failed,0,0,,no_usable_pages,known,,,bpt6k6758564d: no usable pages in manifest.,2026-07-17T15:18:31.506410
echoran,bpt6k6758565t,,failed,0,0,,no_usable_pages,known,,,bpt6k6758565t: no usable pages in manifest.,2026-07-17T15:18:31.633162
echoran,bpt6k6758653z,,failed,0,0,,no_usable_pages,known,,,bpt6k6758653z: no usable pages in manifest.,2026-07-17T15:18:31.747602
echoran,bpt6k67585667,,failed,0,0,,no_usable_pages,known,,,bpt6k67585667: no usable pages in manifest.,2026-07-17T15:18:32.017634
echoran,bpt6k6758654c,,failed,0,0,,no_usable_pages,known,,,bpt6k6758654c: no usable pages in manifest.,2026-07-17T15:18:32.328218
echoran,bpt6k6758567n,,failed,0,0,,no_usable_pages,known,,,bpt6k6758567n: no usable pages in manifest.,2026-07-17T15:18:32.617930
echoran,bpt6k6758655s,,failed,0,0,,no_usable_pages,known,,,bpt6k6758655s: no usable pages in manifest.,2026-07-17T15:18:32.974647
echoran,bpt6k67585682,,failed,0,0,,no_usable_pages,known,,,bpt6k67585682: no usable pages in manifest.,2026-07-17T15:18:33.082655
echoran,bpt6k67586566,,failed,0,0,,no_usable_pages,known,,,bpt6k67586566: no usable pages in manifest.,2026-07-17T15:18:33.308097
echoran,bpt6k6758569g,,failed,0,0,,no_usable_pages,known,,,bpt6k6758569g: no usable pages in manifest.,2026-07-17T15:18:33.592894
echoran,bpt6k67585704,,failed,0,0,,no_usable_pages,known,,,bpt6k67585704: no usable pages in manifest.,2026-07-17T15:18:33.921191
echoran,bpt6k67586581,,failed,0,0,,no_usable_pages,known,,,bpt6k67586581: no usable pages in manifest.,2026-07-17T15:18:34.073688
echoran,bpt6k6758659f,,failed,0,0,,no_usable_pages,known,,,bpt6k6758659f: no usable pages in manifest.,2026-07-17T15:18:34.209023
echoran,bpt6k6758571j,,failed,0,0,,no_usable_pages,known,,,bpt6k6758571j: no usable pages in manifest.,2026-07-17T15:18:34.415616
echoran,bpt6k6758572z,,failed,0,0,,no_usable_pages,known,,,bpt6k6758572z: no usable pages in manifest.,2026-07-17T15:18:34.667747
echoran,bpt6k67586603,,failed,0,0,,no_usable_pages,known,,,bpt6k67586603: no usable pages in manifest.,2026-07-17T15:18:34.883388
echoran,bpt6k6758573c,,failed,0,0,,no_usable_pages,known,,,bpt6k6758573c: no usable pages in manifest.,2026-07-17T15:18:35.051127
echoran,bpt6k6758661h,,failed,0,0,,no_usable_pages,known,,,bpt6k6758661h: no usable pages in manifest.,2026-07-17T15:18:35.354068
echoran,bpt6k6758662x,,failed,0,0,,no_usable_pages,known,,,bpt6k6758662x: no usable pages in manifest.,2026-07-17T15:18:35.657522
echoran,bpt6k6758574s,,failed,0,0,,no_usable_pages,known,,,bpt6k6758574s: no usable pages in manifest.,2026-07-17T15:18:35.877859
echoran,bpt6k6758663b,,failed,0,0,,no_usable_pages,known,,,bpt6k6758663b: no usable pages in manifest.,2026-07-17T15:18:36.044451
echoran,bpt6k67585756,,failed,0,0,,no_usable_pages,known,,,bpt6k67585756: no usable pages in manifest.,2026-07-17T15:18:36.542954
echoran,bpt6k6758576m,,failed,0,0,,no_usable_pages,known,,,bpt6k6758576m: no usable pages in manifest.,2026-07-17T15:18:37.095439
echoran,bpt6k6758664r,,failed,0,0,,no_usable_pages,known,,,bpt6k6758664r: no usable pages in manifest.,2026-07-17T15:18:37.233178
echoran,bpt6k67585771,,failed,0,0,,no_usable_pages,known,,,bpt6k67585771: no usable pages in manifest.,2026-07-17T15:18:37.367445
echoran,bpt6k67586655,,failed,0,0,,no_usable_pages,known,,,bpt6k67586655: no usable pages in manifest.,2026-07-17T15:18:37.478599
echoran,bpt6k6758666k,,failed,0,0,,no_usable_pages,known,,,bpt6k6758666k: no usable pages in manifest.,2026-07-17T15:18:37.595285
echoran,bpt6k6758578f,,failed,0,0,,no_usable_pages,known,,,bpt6k6758578f: no usable pages in manifest.,2026-07-17T15:18:37.719693
echoran,bpt6k6758579v,,failed,0,0,,no_usable_pages,known,,,bpt6k6758579v: no usable pages in manifest.,2026-07-17T15:18:37.937904
echoran,bpt6k67586670,,failed,0,0,,no_usable_pages,known,,,bpt6k67586670: no usable pages in manifest.,2026-07-17T15:18:38.099066
echoran,bpt6k6758580h,,failed,0,0,,no_usable_pages,known,,,bpt6k6758580h: no usable pages in manifest.,2026-07-17T15:18:38.238879
echoran,bpt6k6758581x,,failed,0,0,,no_usable_pages,known,,,bpt6k6758581x: no usable pages in manifest.,2026-07-17T15:18:38.449743
echoran,bpt6k6758582b,,failed,0,0,,no_usable_pages,known,,,bpt6k6758582b: no usable pages in manifest.,2026-07-17T15:18:38.605284
echoran,bpt6k6758671w,,failed,0,0,,no_usable_pages,known,,,bpt6k6758671w: no usable pages in manifest.,2026-07-17T15:18:38.747079
echoran,bpt6k67586729,,failed,0,0,,no_usable_pages,known,,,bpt6k67586729: no usable pages in manifest.,2026-07-17T15:18:38.954345
echoran,bpt6k67585845,,failed,0,0,,no_usable_pages,known,,,bpt6k67585845: no usable pages in manifest.,2026-07-17T15:18:39.059939
echoran,bpt6k6758585k,,failed,0,0,,no_usable_pages,known,,,bpt6k6758585k: no usable pages in manifest.,2026-07-17T15:18:39.181740
echoran,bpt6k67585860,,failed,0,0,,no_usable_pages,known,,,bpt6k67585860: no usable pages in manifest.,2026-07-17T15:18:39.324941
echoran,bpt6k6758675j,,failed,0,0,,no_usable_pages,known,,,bpt6k6758675j: no usable pages in manifest.,2026-07-17T15:18:39.455609
echoran,bpt6k6758587d,,failed,0,0,,no_usable_pages,known,,,bpt6k6758587d: no usable pages in manifest.,2026-07-17T15:18:39.618701
echoran,bpt6k6758588t,,failed,0,0,,no_usable_pages,known,,,bpt6k6758588t: no usable pages in manifest.,2026-07-17T15:18:39.777370
echoran,bpt6k67585897,,failed,0,0,,no_usable_pages,known,,,bpt6k67585897: no usable pages in manifest.,2026-07-17T15:18:40.099655
echoran,bpt6k6758677c,,failed,0,0,,no_usable_pages,known,,,bpt6k6758677c: no usable pages in manifest.,2026-07-17T15:18:40.487455
echoran,bpt6k6758678s,,failed,0,0,,no_usable_pages,known,,,bpt6k6758678s: no usable pages in manifest.,2026-07-17T15:18:40.738033
echoran,bpt6k6758590w,,failed,0,0,,no_usable_pages,known,,,bpt6k6758590w: no usable pages in manifest.,2026-07-17T15:18:40.982299
echoran,bpt6k67585919,,failed,0,0,,no_usable_pages,known,,,bpt6k67585919: no usable pages in manifest.,2026-07-17T15:18:41.503969
echoran,bpt6k67586796,,failed,0,0,,no_usable_pages,known,,,bpt6k67586796: no usable pages in manifest.,2026-07-17T15:18:41.612907
echoran,bpt6k6758680v,,failed,0,0,,no_usable_pages,known,,,bpt6k6758680v: no usable pages in manifest.,2026-07-17T15:18:41.785309
echoran,bpt6k6758592q,,failed,0,0,,no_usable_pages,known,,,bpt6k6758592q: no usable pages in manifest.,2026-07-17T15:18:41.920208
echoran,bpt6k67585934,,failed,0,0,,no_usable_pages,known,,,bpt6k67585934: no usable pages in manifest.,2026-07-17T15:18:42.019882
echoran,bpt6k6758682p,,failed,0,0,,no_usable_pages,known,,,bpt6k6758682p: no usable pages in manifest.,2026-07-17T15:18:42.200273
echoran,bpt6k6758594j,,failed,0,0,,no_usable_pages,known,,,bpt6k6758594j: no usable pages in manifest.,2026-07-17T15:18:42.404372
echoran,bpt6k6758595z,,failed,0,0,,no_usable_pages,known,,,bpt6k6758595z: no usable pages in manifest.,2026-07-17T15:18:42.554362
echoran,bpt6k67586833,,failed,0,0,,no_usable_pages,known,,,bpt6k67586833: no usable pages in manifest.,2026-07-17T15:18:42.711255
echoran,bpt6k6758596c,,failed,0,0,,no_usable_pages,known,,,bpt6k6758596c: no usable pages in manifest.,2026-07-17T15:18:42.881108
echoran,bpt6k6758597s,,failed,0,0,,no_usable_pages,known,,,bpt6k6758597s: no usable pages in manifest.,2026-07-17T15:18:42.976754
echoran,bpt6k67585986,,failed,0,0,,no_usable_pages,known,,,bpt6k67585986: no usable pages in manifest.,2026-07-17T15:18:43.147599
echoran,bpt6k6758686b,,failed,0,0,,no_usable_pages,known,,,bpt6k6758686b: no usable pages in manifest.,2026-07-17T15:18:43.317762
echoran,bpt6k6758599m,,failed,0,0,,no_usable_pages,known,,,bpt6k6758599m: no usable pages in manifest.,2026-07-17T15:18:43.509125
echoran,bpt6k6758687r,,failed,0,0,,no_usable_pages,known,,,bpt6k6758687r: no usable pages in manifest.,2026-07-17T15:18:43.740093
echoran,bpt6k67586885,,failed,0,0,,no_usable_pages,known,,,bpt6k67586885: no usable pages in manifest.,2026-07-17T15:18:43.889631
echoran,bpt6k6758600t,,failed,0,0,,no_usable_pages,known,,,bpt6k6758600t: no usable pages in manifest.,2026-07-17T15:18:44.056944
echoran,bpt6k6758689k,,failed,0,0,,no_usable_pages,known,,,bpt6k6758689k: no usable pages in manifest.,2026-07-17T15:18:44.224401
echoran,bpt6k67586017,,failed,0,0,,no_usable_pages,known,,,bpt6k67586017: no usable pages in manifest.,2026-07-17T15:18:44.418919
echoran,bpt6k67586907,,failed,0,0,,no_usable_pages,known,,,bpt6k67586907: no usable pages in manifest.,2026-07-17T15:18:45.109000
echoran,bpt6k6758602n,,failed,0,0,,no_usable_pages,known,,,bpt6k6758602n: no usable pages in manifest.,2026-07-17T15:18:45.249513
echoran,bpt6k6758691n,,failed,0,0,,no_usable_pages,known,,,bpt6k6758691n: no usable pages in manifest.,2026-07-17T15:18:45.437158
echoran,bpt6k67586032,,failed,0,0,,no_usable_pages,known,,,bpt6k67586032: no usable pages in manifest.,2026-07-17T15:18:45.679690
echoran,bpt6k67586922,,failed,0,0,,no_usable_pages,known,,,bpt6k67586922: no usable pages in manifest.,2026-07-17T15:18:46.051054
echoran,bpt6k6758604g,,failed,0,0,,no_usable_pages,known,,,bpt6k6758604g: no usable pages in manifest.,2026-07-17T15:18:46.189625
echoran,bpt6k6758693g,,failed,0,0,,no_usable_pages,known,,,bpt6k6758693g: no usable pages in manifest.,2026-07-17T15:18:46.325454
echoran,bpt6k6758605w,,failed,0,0,,no_usable_pages,known,,,bpt6k6758605w: no usable pages in manifest.,2026-07-17T15:18:46.498101
echoran,bpt6k67586069,,failed,0,0,,no_usable_pages,known,,,bpt6k67586069: no usable pages in manifest.,2026-07-17T15:18:46.687561
echoran,bpt6k6758694w,,failed,0,0,,no_usable_pages,known,,,bpt6k6758694w: no usable pages in manifest.,2026-07-17T15:18:46.923725
echoran,bpt6k67586959,,failed,0,0,,no_usable_pages,known,,,bpt6k67586959: no usable pages in manifest.,2026-07-17T15:18:47.085586
echoran,bpt6k6758607q,,failed,0,0,,no_usable_pages,known,,,bpt6k6758607q: no usable pages in manifest.,2026-07-17T15:18:47.207440
echoran,bpt6k6758696q,,failed,0,0,,no_usable_pages,known,,,bpt6k6758696q: no usable pages in manifest.,2026-07-17T15:18:47.360490
echoran,bpt6k67586084,,failed,0,0,,no_usable_pages,known,,,bpt6k67586084: no usable pages in manifest.,2026-07-17T15:18:47.561344
echoran,bpt6k6758609j,,failed,0,0,,no_usable_pages,known,,,bpt6k6758609j: no usable pages in manifest.,2026-07-17T15:18:47.662357
echoran,bpt6k6758698j,,failed,0,0,,no_usable_pages,known,,,bpt6k6758698j: no usable pages in manifest.,2026-07-17T15:18:47.792338
echoran,bpt6k67586106,,failed,0,0,,no_usable_pages,known,,,bpt6k67586106: no usable pages in manifest.,2026-07-17T15:18:47.958749
echoran,bpt6k6758611m,,failed,0,0,,no_usable_pages,known,,,bpt6k6758611m: no usable pages in manifest.,2026-07-17T15:18:48.084028
echoran,bpt6k6758699z,,failed,0,0,,no_usable_pages,known,,,bpt6k6758699z: no usable pages in manifest.,2026-07-17T15:18:48.209618
echoran,bpt6k67586121,,failed,0,0,,no_usable_pages,known,,,bpt6k67586121: no usable pages in manifest.,2026-07-17T15:18:48.342916
echoran,bpt6k67587005,,failed,0,0,,no_usable_pages,known,,,bpt6k67587005: no usable pages in manifest.,2026-07-17T15:18:48.461624
echoran,bpt6k6758613f,,failed,0,0,,no_usable_pages,known,,,bpt6k6758613f: no usable pages in manifest.,2026-07-17T15:18:48.799313
echoran,bpt6k6758701k,,failed,0,0,,no_usable_pages,known,,,bpt6k6758701k: no usable pages in manifest.,2026-07-17T15:18:49.246433
echoran,bpt6k6758614v,,failed,0,0,,no_usable_pages,known,,,bpt6k6758614v: no usable pages in manifest.,2026-07-17T15:18:49.415205
echoran,bpt6k67587020,,failed,0,0,,no_usable_pages,known,,,bpt6k67587020: no usable pages in manifest.,2026-07-17T15:18:49.509044
echoran,bpt6k67586158,,failed,0,0,,no_usable_pages,known,,,bpt6k67586158: no usable pages in manifest.,2026-07-17T15:18:49.623354
echoran,bpt6k6758703d,,failed,0,0,,no_usable_pages,known,,,bpt6k6758703d: no usable pages in manifest.,2026-07-17T15:18:49.768478
echoran,bpt6k6758616p,,failed,0,0,,no_usable_pages,known,,,bpt6k6758616p: no usable pages in manifest.,2026-07-17T15:18:49.895338
echoran,bpt6k6758704t,,failed,0,0,,no_usable_pages,known,,,bpt6k6758704t: no usable pages in manifest.,2026-07-17T15:18:50.037484
echoran,bpt6k67586173,,failed,0,0,,no_usable_pages,known,,,bpt6k67586173: no usable pages in manifest.,2026-07-17T15:18:50.237267
echoran,bpt6k67587057,,failed,0,0,,no_usable_pages,known,,,bpt6k67587057: no usable pages in manifest.,2026-07-17T15:18:50.332845
echoran,bpt6k6758706n,,failed,0,0,,no_usable_pages,known,,,bpt6k6758706n: no usable pages in manifest.,2026-07-17T15:18:50.483226
echoran,bpt6k6758618h,,failed,0,0,,no_usable_pages,known,,,bpt6k6758618h: no usable pages in manifest.,2026-07-17T15:18:50.759255
echoran,bpt6k6758619x,,failed,0,0,,no_usable_pages,known,,,bpt6k6758619x: no usable pages in manifest.,2026-07-17T15:18:51.002318
echoran,bpt6k6758708g,,failed,0,0,,no_usable_pages,known,,,bpt6k6758708g: no usable pages in manifest.,2026-07-17T15:18:51.150278
echoran,bpt6k6758620k,,failed,0,0,,no_usable_pages,known,,,bpt6k6758620k: no usable pages in manifest.,2026-07-17T15:18:51.278136
echoran,bpt6k6758709w,,failed,0,0,,no_usable_pages,known,,,bpt6k6758709w: no usable pages in manifest.,2026-07-17T15:18:51.462136
echoran,bpt6k67586210,,failed,0,0,,no_usable_pages,known,,,bpt6k67586210: no usable pages in manifest.,2026-07-17T15:18:51.583987
echoran,bpt6k6758710j,,failed,0,0,,no_usable_pages,known,,,bpt6k6758710j: no usable pages in manifest.,2026-07-17T15:18:51.697878
echoran,bpt6k6758622d,,failed,0,0,,no_usable_pages,known,,,bpt6k6758622d: no usable pages in manifest.,2026-07-17T15:18:51.819866
echoran,bpt6k6758711z,,failed,0,0,,no_usable_pages,known,,,bpt6k6758711z: no usable pages in manifest.,2026-07-17T15:18:51.911340
echoran,bpt6k6758623t,,failed,0,0,,no_usable_pages,known,,,bpt6k6758623t: no usable pages in manifest.,2026-07-17T15:18:52.089145
echoran,bpt6k6758712c,,failed,0,0,,no_usable_pages,known,,,bpt6k6758712c: no usable pages in manifest.,2026-07-17T15:18:52.273572
echoran,bpt6k67586247,,failed,0,0,,no_usable_pages,known,,,bpt6k67586247: no usable pages in manifest.,2026-07-17T15:18:52.446430
echoran,bpt6k67587146,,failed,0,0,,no_usable_pages,known,,,bpt6k67587146: no usable pages in manifest.,2026-07-17T15:18:52.562863
echoran,bpt6k6758715m,,failed,0,0,,no_usable_pages,known,,,bpt6k6758715m: no usable pages in manifest.,2026-07-17T15:18:52.702109
echoran,bpt6k67587161,,failed,0,0,,no_usable_pages,known,,,bpt6k67587161: no usable pages in manifest.,2026-07-17T15:18:52.867206
echoran,bpt6k67587198,,failed,0,0,,no_usable_pages,known,,,bpt6k67587198: no usable pages in manifest.,2026-07-17T15:18:53.306683
echoran,bpt6k6758720x,,failed,0,0,,no_usable_pages,known,,,bpt6k6758720x: no usable pages in manifest.,2026-07-17T15:18:53.637957
echoran,bpt6k6758721b,,failed,0,0,,no_usable_pages,known,,,bpt6k6758721b: no usable pages in manifest.,2026-07-17T15:18:53.748535
echoran,bpt6k6758722r,,failed,0,0,,no_usable_pages,known,,,bpt6k6758722r: no usable pages in manifest.,2026-07-17T15:18:53.952000
echoran,bpt6k6758726d,,failed,0,0,,no_usable_pages,known,,,bpt6k6758726d: no usable pages in manifest.,2026-07-17T15:18:54.182592
echoran,bpt6k6758727t,,failed,0,0,,no_usable_pages,known,,,bpt6k6758727t: no usable pages in manifest.,2026-07-17T15:18:54.313456
echoran,bpt6k67587287,,failed,0,0,,no_usable_pages,known,,,bpt6k67587287: no usable pages in manifest.,2026-07-17T15:18:54.452668
echoran,bpt6k6758729n,,failed,0,0,,no_usable_pages,known,,,bpt6k6758729n: no usable pages in manifest.,2026-07-17T15:18:54.696652
echoran,bpt6k67587309,,failed,0,0,,no_usable_pages,known,,,bpt6k67587309: no usable pages in manifest.,2026-07-17T15:18:54.867503
echoran,bpt6k6758733j,,failed,0,0,,no_usable_pages,known,,,bpt6k6758733j: no usable pages in manifest.,2026-07-17T15:18:55.026572
echoran,bpt6k6758734z,,failed,0,0,,no_usable_pages,known,,,bpt6k6758734z: no usable pages in manifest.,2026-07-17T15:18:55.173484
echoran,bpt6k6758735c,,failed,0,0,,no_usable_pages,known,,,bpt6k6758735c: no usable pages in manifest.,2026-07-17T15:18:55.473049
echoran,bpt6k6758736s,,failed,0,0,,no_usable_pages,known,,,bpt6k6758736s: no usable pages in manifest.,2026-07-17T15:18:55.943050
echoran,bpt6k67587376,,failed,0,0,,no_usable_pages,known,,,bpt6k67587376: no usable pages in manifest.,2026-07-17T15:18:56.105946
echoran,bpt6k6758738m,,failed,0,0,,no_usable_pages,known,,,bpt6k6758738m: no usable pages in manifest.,2026-07-17T15:18:56.297351
echoran,bpt6k6758740p,,failed,0,0,,no_usable_pages,known,,,bpt6k6758740p: no usable pages in manifest.,2026-07-17T15:18:56.506856
echoran,bpt6k67587413,,failed,0,0,,no_usable_pages,known,,,bpt6k67587413: no usable pages in manifest.,2026-07-17T15:18:56.716834
echoran,bpt6k6758742h,,failed,0,0,,no_usable_pages,known,,,bpt6k6758742h: no usable pages in manifest.,2026-07-17T15:18:56.873370
echoran,bpt6k6758743x,,failed,0,0,,no_usable_pages,known,,,bpt6k6758743x: no usable pages in manifest.,2026-07-17T15:18:57.084089
echoran,bpt6k6758744b,,failed,0,0,,no_usable_pages,known,,,bpt6k6758744b: no usable pages in manifest.,2026-07-17T15:18:57.251192
echoran,bpt6k6758745r,,failed,0,0,,no_usable_pages,known,,,bpt6k6758745r: no usable pages in manifest.,2026-07-17T15:18:57.592939
echoran,bpt6k67587465,,failed,0,0,,no_usable_pages,known,,,bpt6k67587465: no usable pages in manifest.,2026-07-17T15:18:57.858902
echoran,bpt6k6758747k,,failed,0,0,,no_usable_pages,known,,,bpt6k6758747k: no usable pages in manifest.,2026-07-17T15:18:58.093706
echoran,bpt6k67587480,,failed,0,0,,no_usable_pages,known,,,bpt6k67587480: no usable pages in manifest.,2026-07-17T15:18:58.242984
echoran,bpt6k6758749d,,failed,0,0,,no_usable_pages,known,,,bpt6k6758749d: no usable pages in manifest.,2026-07-17T15:18:58.349554
echoran,bpt6k67587502,,failed,0,0,,no_usable_pages,known,,,bpt6k67587502: no usable pages in manifest.,2026-07-17T15:18:58.515067
echoran,bpt6k6758751g,,failed,0,0,,no_usable_pages,known,,,bpt6k6758751g: no usable pages in manifest.,2026-07-17T15:18:58.692540
echoran,bpt6k6758752w,,failed,0,0,,no_usable_pages,known,,,bpt6k6758752w: no usable pages in manifest.,2026-07-17T15:18:58.857173
echoran,bpt6k67587554,,failed,0,0,,no_usable_pages,known,,,bpt6k67587554: no usable pages in manifest.,2026-07-17T15:18:59.050157
echoran,bpt6k6758757z,,failed,0,0,,no_usable_pages,known,,,bpt6k6758757z: no usable pages in manifest.,2026-07-17T15:18:59.267568
echoran,bpt6k6758758c,,failed,0,0,,no_usable_pages,known,,,bpt6k6758758c: no usable pages in manifest.,2026-07-17T15:18:59.478601
echoran,bpt6k6758759s,,failed,0,0,,no_usable_pages,known,,,bpt6k6758759s: no usable pages in manifest.,2026-07-17T15:18:59.600149
echoran,bpt6k6758760f,,failed,0,0,,no_usable_pages,known,,,bpt6k6758760f: no usable pages in manifest.,2026-07-17T15:18:59.762468
echoran,bpt6k6758763p,,failed,0,0,,no_usable_pages,known,,,bpt6k6758763p: no usable pages in manifest.,2026-07-17T15:18:59.917364
echoran,bpt6k67587643,,failed,0,0,,no_usable_pages,known,,,bpt6k67587643: no usable pages in manifest.,2026-07-17T15:19:00.060845
echoran,bpt6k6758765h,,failed,0,0,,no_usable_pages,known,,,bpt6k6758765h: no usable pages in manifest.,2026-07-17T15:19:00.313231
echoran,bpt6k6758766x,,failed,0,0,,no_usable_pages,known,,,bpt6k6758766x: no usable pages in manifest.,2026-07-17T15:19:00.486907
echoran,bpt6k6758767b,,failed,0,0,,no_usable_pages,known,,,bpt6k6758767b: no usable pages in manifest.,2026-07-17T15:19:00.650195
echoran,bpt6k6758768r,,failed,0,0,,no_usable_pages,known,,,bpt6k6758768r: no usable pages in manifest.,2026-07-17T15:19:00.793254
echoran,bpt6k67587695,,failed,0,0,,no_usable_pages,known,,,bpt6k67587695: no usable pages in manifest.,2026-07-17T15:19:00.964207
echoran,bpt6k6758770t,,failed,0,0,,no_usable_pages,known,,,bpt6k6758770t: no usable pages in manifest.,2026-07-17T15:19:01.105707
echoran,bpt6k67587717,,failed,0,0,,no_usable_pages,known,,,bpt6k67587717: no usable pages in manifest.,2026-07-17T15:19:01.287987
echoran,bpt6k6758772n,,failed,0,0,,no_usable_pages,known,,,bpt6k6758772n: no usable pages in manifest.,2026-07-17T15:19:01.762547
echoran,bpt6k6758774g,,failed,0,0,,no_usable_pages,known,,,bpt6k6758774g: no usable pages in manifest.,2026-07-17T15:19:02.107901
echoran,bpt6k6758775w,,failed,0,0,,no_usable_pages,known,,,bpt6k6758775w: no usable pages in manifest.,2026-07-17T15:19:02.293064
echoran,bpt6k67587769,,failed,0,0,,no_usable_pages,known,,,bpt6k67587769: no usable pages in manifest.,2026-07-17T15:19:02.405880
echoran,bpt6k6758777q,,failed,0,0,,no_usable_pages,known,,,bpt6k6758777q: no usable pages in manifest.,2026-07-17T15:19:02.628012
echoran,bpt6k67587784,,failed,0,0,,no_usable_pages,known,,,bpt6k67587784: no usable pages in manifest.,2026-07-17T15:19:02.802827
echoran,bpt6k6758779j,,failed,0,0,,no_usable_pages,known,,,bpt6k6758779j: no usable pages in manifest.,2026-07-17T15:19:02.948045
echoran,bpt6k67587806,,failed,0,0,,no_usable_pages,known,,,bpt6k67587806: no usable pages in manifest.,2026-07-17T15:19:03.095283
echoran,bpt6k67587821,,failed,0,0,,no_usable_pages,known,,,bpt6k67587821: no usable pages in manifest.,2026-07-17T15:19:03.353537
echoran,bpt6k6758783f,,failed,0,0,,no_usable_pages,known,,,bpt6k6758783f: no usable pages in manifest.,2026-07-17T15:19:03.557003
echoran,bpt6k6758784v,,failed,0,0,,no_usable_pages,known,,,bpt6k6758784v: no usable pages in manifest.,2026-07-17T15:19:03.893126
echoran,bpt6k67587858,,failed,0,0,,no_usable_pages,known,,,bpt6k67587858: no usable pages in manifest.,2026-07-17T15:19:04.085490
echoran,bpt6k6758786p,,failed,0,0,,no_usable_pages,known,,,bpt6k6758786p: no usable pages in manifest.,2026-07-17T15:19:05.289100
echoran,bpt6k67587873,,failed,0,0,,no_usable_pages,known,,,bpt6k67587873: no usable pages in manifest.,2026-07-17T15:19:05.408938
echoran,bpt6k6758788h,,failed,0,0,,no_usable_pages,known,,,bpt6k6758788h: no usable pages in manifest.,2026-07-17T15:19:05.507960
echoran,bpt6k6758789x,,failed,0,0,,no_usable_pages,known,,,bpt6k6758789x: no usable pages in manifest.,2026-07-17T15:19:05.651382
echoran,bpt6k6758790k,,failed,0,0,,no_usable_pages,known,,,bpt6k6758790k: no usable pages in manifest.,2026-07-17T15:19:05.839183
echoran,bpt6k67587910,,failed,0,0,,no_usable_pages,known,,,bpt6k67587910: no usable pages in manifest.,2026-07-17T15:19:06.072424
echoran,bpt6k6758792d,,failed,0,0,,no_usable_pages,known,,,bpt6k6758792d: no usable pages in manifest.,2026-07-17T15:19:06.288216
echoran,bpt6k6758793t,,failed,0,0,,no_usable_pages,known,,,bpt6k6758793t: no usable pages in manifest.,2026-07-17T15:19:06.570336
echoran,bpt6k67587947,,failed,0,0,,no_usable_pages,known,,,bpt6k67587947: no usable pages in manifest.,2026-07-17T15:19:07.068190
echoran,bpt6k6758795n,,failed,0,0,,no_usable_pages,known,,,bpt6k6758795n: no usable pages in manifest.,2026-07-17T15:19:07.409541
echoran,bpt6k67587962,,failed,0,0,,no_usable_pages,known,,,bpt6k67587962: no usable pages in manifest.,2026-07-17T15:19:07.799015
echoran,bpt6k6758797g,,failed,0,0,,no_usable_pages,known,,,bpt6k6758797g: no usable pages in manifest.,2026-07-17T15:19:07.922148
echoran,bpt6k6758798w,,failed,0,0,,no_usable_pages,known,,,bpt6k6758798w: no usable pages in manifest.,2026-07-17T15:19:08.111705
echoran,bpt6k67587999,,failed,0,0,,no_usable_pages,known,,,bpt6k67587999: no usable pages in manifest.,2026-07-17T15:19:08.299865
echoran,bpt6k6758800h,,failed,0,0,,no_usable_pages,known,,,bpt6k6758800h: no usable pages in manifest.,2026-07-17T15:19:08.397258
echoran,bpt6k6758801x,,failed,0,0,,no_usable_pages,known,,,bpt6k6758801x: no usable pages in manifest.,2026-07-17T15:19:08.533098
echoran,bpt6k6758802b,,failed,0,0,,no_usable_pages,known,,,bpt6k6758802b: no usable pages in manifest.,2026-07-17T15:19:08.707259
echoran,bpt6k6758803r,,failed,0,0,,no_usable_pages,known,,,bpt6k6758803r: no usable pages in manifest.,2026-07-17T15:19:08.872209
echoran,bpt6k67588045,,failed,0,0,,no_usable_pages,known,,,bpt6k67588045: no usable pages in manifest.,2026-07-17T15:19:08.993416
echoran,bpt6k6758805k,,failed,0,0,,no_usable_pages,known,,,bpt6k6758805k: no usable pages in manifest.,2026-07-17T15:19:09.103079
echoran,bpt6k67588060,,failed,0,0,,no_usable_pages,known,,,bpt6k67588060: no usable pages in manifest.,2026-07-17T15:19:09.248130
echoran,bpt6k6758807d,,failed,0,0,,no_usable_pages,known,,,bpt6k6758807d: no usable pages in manifest.,2026-07-17T15:19:09.422253
echoran,bpt6k6758808t,,failed,0,0,,no_usable_pages,known,,,bpt6k6758808t: no usable pages in manifest.,2026-07-17T15:19:09.514125
echoran,bpt6k67588097,,failed,0,0,,no_usable_pages,known,,,bpt6k67588097: no usable pages in manifest.,2026-07-17T15:19:09.635812
echoran,bpt6k6758810w,,failed,0,0,,no_usable_pages,known,,,bpt6k6758810w: no usable pages in manifest.,2026-07-17T15:19:10.448139
echoran,bpt6k67588119,,failed,0,0,,no_usable_pages,known,,,bpt6k67588119: no usable pages in manifest.,2026-07-17T15:19:10.692279
echoran,bpt6k6758812q,,failed,0,0,,no_usable_pages,known,,,bpt6k6758812q: no usable pages in manifest.,2026-07-17T15:19:10.808175
echoran,bpt6k67588134,,failed,0,0,,no_usable_pages,known,,,bpt6k67588134: no usable pages in manifest.,2026-07-17T15:19:10.895601
echoran,bpt6k6758814j,,failed,0,0,,no_usable_pages,known,,,bpt6k6758814j: no usable pages in manifest.,2026-07-17T15:19:11.045067
echoran,bpt6k6758815z,,failed,0,0,,no_usable_pages,known,,,bpt6k6758815z: no usable pages in manifest.,2026-07-17T15:19:11.276189
echoran,bpt6k6758817s,,failed,0,0,,no_usable_pages,known,,,bpt6k6758817s: no usable pages in manifest.,2026-07-17T15:19:11.414210
echoran,bpt6k67588186,,failed,0,0,,no_usable_pages,known,,,bpt6k67588186: no usable pages in manifest.,2026-07-17T15:19:11.548457
echoran,bpt6k6758819m,,failed,0,0,,no_usable_pages,known,,,bpt6k6758819m: no usable pages in manifest.,2026-07-17T15:19:11.694877
echoran,bpt6k67588208,,failed,0,0,,no_usable_pages,known,,,bpt6k67588208: no usable pages in manifest.,2026-07-17T15:19:11.811488
echoran,bpt6k6758821p,,failed,0,0,,no_usable_pages,known,,,bpt6k6758821p: no usable pages in manifest.,2026-07-17T15:19:11.958930
echoran,bpt6k67588223,,failed,0,0,,no_usable_pages,known,,,bpt6k67588223: no usable pages in manifest.,2026-07-17T15:19:12.118832
echoran,bpt6k6758825b,,failed,0,0,,no_usable_pages,known,,,bpt6k6758825b: no usable pages in manifest.,2026-07-17T15:19:12.768155
echoran,bpt6k6758826r,,failed,0,0,,no_usable_pages,known,,,bpt6k6758826r: no usable pages in manifest.,2026-07-17T15:19:12.890380
echoran,bpt6k67588275,,failed,0,0,,no_usable_pages,known,,,bpt6k67588275: no usable pages in manifest.,2026-07-17T15:19:13.023706
echoran,bpt6k6758828k,,failed,0,0,,no_usable_pages,known,,,bpt6k6758828k: no usable pages in manifest.,2026-07-17T15:19:13.237185
echoran,bpt6k67588290,,failed,0,0,,no_usable_pages,known,,,bpt6k67588290: no usable pages in manifest.,2026-07-17T15:19:13.504776
echoran,bpt6k6758830n,,failed,0,0,,no_usable_pages,known,,,bpt6k6758830n: no usable pages in manifest.,2026-07-17T15:19:13.732753
echoran,bpt6k67588312,,failed,0,0,,no_usable_pages,known,,,bpt6k67588312: no usable pages in manifest.,2026-07-17T15:19:13.866220
echoran,bpt6k6758832g,,failed,0,0,,no_usable_pages,known,,,bpt6k6758832g: no usable pages in manifest.,2026-07-17T15:19:13.996821
echoran,bpt6k6758833w,,failed,0,0,,no_usable_pages,known,,,bpt6k6758833w: no usable pages in manifest.,2026-07-17T15:19:14.516254
echoran,bpt6k67588349,,failed,0,0,,no_usable_pages,known,,,bpt6k67588349: no usable pages in manifest.,2026-07-17T15:19:15.070775
echoran,bpt6k6758835q,,failed,0,0,,no_usable_pages,known,,,bpt6k6758835q: no usable pages in manifest.,2026-07-17T15:19:15.273286
echoran,bpt6k67588364,,failed,0,0,,no_usable_pages,known,,,bpt6k67588364: no usable pages in manifest.,2026-07-17T15:19:15.454707
echoran,bpt6k6758838z,,failed,0,0,,no_usable_pages,known,,,bpt6k6758838z: no usable pages in manifest.,2026-07-17T15:19:15.618522
echoran,bpt6k6758839c,,failed,0,0,,no_usable_pages,known,,,bpt6k6758839c: no usable pages in manifest.,2026-07-17T15:19:15.762355
echoran,bpt6k67588401,,failed,0,0,,no_usable_pages,known,,,bpt6k67588401: no usable pages in manifest.,2026-07-17T15:19:15.961281
echoran,bpt6k6758841f,,failed,0,0,,no_usable_pages,known,,,bpt6k6758841f: no usable pages in manifest.,2026-07-17T15:19:16.155551
echoran,bpt6k6758842v,,failed,0,0,,no_usable_pages,known,,,bpt6k6758842v: no usable pages in manifest.,2026-07-17T15:19:16.319055
echoran,bpt6k67588438,,failed,0,0,,no_usable_pages,known,,,bpt6k67588438: no usable pages in manifest.,2026-07-17T15:19:16.466779
echoran,bpt6k6758844p,,failed,0,0,,no_usable_pages,known,,,bpt6k6758844p: no usable pages in manifest.,2026-07-17T15:19:16.626219
echoran,bpt6k67588453,,failed,0,0,,no_usable_pages,known,,,bpt6k67588453: no usable pages in manifest.,2026-07-17T15:19:16.827524
echoran,bpt6k6758846h,,failed,0,0,,no_usable_pages,known,,,bpt6k6758846h: no usable pages in manifest.,2026-07-17T15:19:16.996806
echoran,bpt6k6758847x,,failed,0,0,,no_usable_pages,known,,,bpt6k6758847x: no usable pages in manifest.,2026-07-17T15:19:17.200093
echoran,bpt6k6758848b,,failed,0,0,,no_usable_pages,known,,,bpt6k6758848b: no usable pages in manifest.,2026-07-17T15:19:17.304449
echoran,bpt6k6758849r,,failed,0,0,,no_usable_pages,known,,,bpt6k6758849r: no usable pages in manifest.,2026-07-17T15:19:17.462505
echoran,bpt6k6758850d,,failed,0,0,,no_usable_pages,known,,,bpt6k6758850d: no usable pages in manifest.,2026-07-17T15:19:17.616686
echoran,bpt6k6758851t,,failed,0,0,,no_usable_pages,known,,,bpt6k6758851t: no usable pages in manifest.,2026-07-17T15:19:17.722349
echoran,bpt6k67588527,,failed,0,0,,no_usable_pages,known,,,bpt6k67588527: no usable pages in manifest.,2026-07-17T15:19:18.124741
echoran,bpt6k6758853n,,failed,0,0,,no_usable_pages,known,,,bpt6k6758853n: no usable pages in manifest.,2026-07-17T15:19:18.491588
echoran,bpt6k67588542,,failed,0,0,,no_usable_pages,known,,,bpt6k67588542: no usable pages in manifest.,2026-07-17T15:19:18.691395
echoran,bpt6k6758855g,,failed,0,0,,no_usable_pages,known,,,bpt6k6758855g: no usable pages in manifest.,2026-07-17T15:19:18.962210
echoran,bpt6k6758856w,,failed,0,0,,no_usable_pages,known,,,bpt6k6758856w: no usable pages in manifest.,2026-07-17T15:19:19.254250
echoran,bpt6k67588579,,failed,0,0,,no_usable_pages,known,,,bpt6k67588579: no usable pages in manifest.,2026-07-17T15:19:19.491633
echoran,bpt6k6758858q,,failed,0,0,,no_usable_pages,known,,,bpt6k6758858q: no usable pages in manifest.,2026-07-17T15:19:19.605408
echoran,bpt6k67588594,,failed,0,0,,no_usable_pages,known,,,bpt6k67588594: no usable pages in manifest.,2026-07-17T15:19:19.766501
echoran,bpt6k6758860s,,failed,0,0,,no_usable_pages,known,,,bpt6k6758860s: no usable pages in manifest.,2026-07-17T15:19:19.949013
echoran,bpt6k67588616,,failed,0,0,,no_usable_pages,known,,,bpt6k67588616: no usable pages in manifest.,2026-07-17T15:19:20.091549
echoran,bpt6k6758862m,,failed,0,0,,no_usable_pages,known,,,bpt6k6758862m: no usable pages in manifest.,2026-07-17T15:19:20.260955
echoran,bpt6k67588631,,failed,0,0,,no_usable_pages,known,,,bpt6k67588631: no usable pages in manifest.,2026-07-17T15:19:20.568757
echoran,bpt6k6758864f,,failed,0,0,,no_usable_pages,known,,,bpt6k6758864f: no usable pages in manifest.,2026-07-17T15:19:20.674275
echoran,bpt6k6758865v,,failed,0,0,,no_usable_pages,known,,,bpt6k6758865v: no usable pages in manifest.,2026-07-17T15:19:20.789722
echoran,bpt6k67588668,,failed,0,0,,no_usable_pages,known,,,bpt6k67588668: no usable pages in manifest.,2026-07-17T15:19:20.893548
echoran,bpt6k6758867p,,failed,0,0,,no_usable_pages,known,,,bpt6k6758867p: no usable pages in manifest.,2026-07-17T15:19:20.992017
echoran,bpt6k67588683,,failed,0,0,,no_usable_pages,known,,,bpt6k67588683: no usable pages in manifest.,2026-07-17T15:19:21.095525
echoran,bpt6k6758869h,,failed,0,0,,no_usable_pages,known,,,bpt6k6758869h: no usable pages in manifest.,2026-07-17T15:19:21.238003
echoran,bpt6k67588705,,failed,0,0,,no_usable_pages,known,,,bpt6k67588705: no usable pages in manifest.,2026-07-17T15:19:21.381259
echoran,bpt6k6758871k,,failed,0,0,,no_usable_pages,known,,,bpt6k6758871k: no usable pages in manifest.,2026-07-17T15:19:21.520976
echoran,bpt6k67588720,,failed,0,0,,no_usable_pages,known,,,bpt6k67588720: no usable pages in manifest.,2026-07-17T15:19:21.692218
echoran,bpt6k6758873d,,failed,0,0,,no_usable_pages,known,,,bpt6k6758873d: no usable pages in manifest.,2026-07-17T15:19:21.778764
echoran,bpt6k6758874t,,failed,0,0,,no_usable_pages,known,,,bpt6k6758874t: no usable pages in manifest.,2026-07-17T15:19:21.944502
echoran,bpt6k67588757,,failed,0,0,,no_usable_pages,known,,,bpt6k67588757: no usable pages in manifest.,2026-07-17T15:19:22.087605
echoran,bpt6k6758876n,,failed,0,0,,no_usable_pages,known,,,bpt6k6758876n: no usable pages in manifest.,2026-07-17T15:19:22.242463
echoran,bpt6k67588772,,failed,0,0,,no_usable_pages,known,,,bpt6k67588772: no usable pages in manifest.,2026-07-17T15:19:22.371635
echoran,bpt6k6758878g,,failed,0,0,,no_usable_pages,known,,,bpt6k6758878g: no usable pages in manifest.,2026-07-17T15:19:22.494056
echoran,bpt6k6758879w,,failed,0,0,,no_usable_pages,known,,,bpt6k6758879w: no usable pages in manifest.,2026-07-17T15:19:23.252179
echoran,bpt6k6758880j,,failed,0,0,,no_usable_pages,known,,,bpt6k6758880j: no usable pages in manifest.,2026-07-17T15:19:23.425583
echoran,bpt6k6758881z,,failed,0,0,,no_usable_pages,known,,,bpt6k6758881z: no usable pages in manifest.,2026-07-17T15:19:23.581953
echoran,bpt6k6758882c,,failed,0,0,,no_usable_pages,known,,,bpt6k6758882c: no usable pages in manifest.,2026-07-17T15:19:23.926470
echoran,bpt6k6758883s,,failed,0,0,,no_usable_pages,known,,,bpt6k6758883s: no usable pages in manifest.,2026-07-17T15:19:24.281893
echoran,bpt6k67588846,,failed,0,0,,no_usable_pages,known,,,bpt6k67588846: no usable pages in manifest.,2026-07-17T15:19:24.434244
echoran,bpt6k6758885m,,failed,0,0,,no_usable_pages,known,,,bpt6k6758885m: no usable pages in manifest.,2026-07-17T15:19:24.583112
echoran,bpt6k67588861,,failed,0,0,,no_usable_pages,known,,,bpt6k67588861: no usable pages in manifest.,2026-07-17T15:19:24.786513
echoran,bpt6k6758887f,,failed,0,0,,no_usable_pages,known,,,bpt6k6758887f: no usable pages in manifest.,2026-07-17T15:19:24.896445
echoran,bpt6k6758888v,,failed,0,0,,no_usable_pages,known,,,bpt6k6758888v: no usable pages in manifest.,2026-07-17T15:19:25.076124
echoran,bpt6k67588898,,failed,0,0,,no_usable_pages,known,,,bpt6k67588898: no usable pages in manifest.,2026-07-17T15:19:25.329499
echoran,bpt6k6758890x,,failed,0,0,,no_usable_pages,known,,,bpt6k6758890x: no usable pages in manifest.,2026-07-17T15:19:25.485576
echoran,bpt6k6758891b,,failed,0,0,,no_usable_pages,known,,,bpt6k6758891b: no usable pages in manifest.,2026-07-17T15:19:25.689346
echoran,bpt6k6758892r,,failed,0,0,,no_usable_pages,known,,,bpt6k6758892r: no usable pages in manifest.,2026-07-17T15:19:25.903103
echoran,bpt6k67588935,,failed,0,0,,no_usable_pages,known,,,bpt6k67588935: no usable pages in manifest.,2026-07-17T15:19:26.030889
echoran,bpt6k6758894k,,failed,0,0,,no_usable_pages,known,,,bpt6k6758894k: no usable pages in manifest.,2026-07-17T15:19:26.162398
echoran,bpt6k67588950,,failed,0,0,,no_usable_pages,known,,,bpt6k67588950: no usable pages in manifest.,2026-07-17T15:19:26.409352
echoran,bpt6k6758896d,,failed,0,0,,no_usable_pages,known,,,bpt6k6758896d: no usable pages in manifest.,2026-07-17T15:19:26.560431
echoran,bpt6k6758897t,,failed,0,0,,no_usable_pages,known,,,bpt6k6758897t: no usable pages in manifest.,2026-07-17T15:19:26.728696
echoran,bpt6k67588987,,failed,0,0,,no_usable_pages,known,,,bpt6k67588987: no usable pages in manifest.,2026-07-17T15:19:26.876872
echoran,bpt6k6758899n,,failed,0,0,,no_usable_pages,known,,,bpt6k6758899n: no usable pages in manifest.,2026-07-17T15:19:27.075583
echoran,bpt6k6758900v,,failed,0,0,,no_usable_pages,known,,,bpt6k6758900v: no usable pages in manifest.,2026-07-17T15:19:27.515563
echoran,bpt6k67589018,,failed,0,0,,no_usable_pages,known,,,bpt6k67589018: no usable pages in manifest.,2026-07-17T15:19:27.737733
echoran,bpt6k6758902p,,failed,0,0,,no_usable_pages,known,,,bpt6k6758902p: no usable pages in manifest.,2026-07-17T15:19:27.872986
echoran,bpt6k67589033,,failed,0,0,,no_usable_pages,known,,,bpt6k67589033: no usable pages in manifest.,2026-07-17T15:19:28.070865
echoran,bpt6k6758904h,,failed,0,0,,no_usable_pages,known,,,bpt6k6758904h: no usable pages in manifest.,2026-07-17T15:19:28.228022
echoran,bpt6k6758905x,,failed,0,0,,no_usable_pages,known,,,bpt6k6758905x: no usable pages in manifest.,2026-07-17T15:19:28.358588
echoran,bpt6k6758906b,,failed,0,0,,no_usable_pages,known,,,bpt6k6758906b: no usable pages in manifest.,2026-07-17T15:19:28.454291
echoran,bpt6k6758907r,,failed,0,0,,no_usable_pages,known,,,bpt6k6758907r: no usable pages in manifest.,2026-07-17T15:19:28.565856
echoran,bpt6k67589085,,failed,0,0,,no_usable_pages,known,,,bpt6k67589085: no usable pages in manifest.,2026-07-17T15:19:28.837999
echoran,bpt6k6758909k,,failed,0,0,,no_usable_pages,known,,,bpt6k6758909k: no usable pages in manifest.,2026-07-17T15:19:29.031768
echoran,bpt6k67589107,,failed,0,0,,no_usable_pages,known,,,bpt6k67589107: no usable pages in manifest.,2026-07-17T15:19:29.253906
echoran,bpt6k6758911n,,failed,0,0,,no_usable_pages,known,,,bpt6k6758911n: no usable pages in manifest.,2026-07-17T15:19:29.834001
echoran,bpt6k67589122,,failed,0,0,,no_usable_pages,known,,,bpt6k67589122: no usable pages in manifest.,2026-07-17T15:19:30.371877
echoran,bpt6k6758913g,,failed,0,0,,no_usable_pages,known,,,bpt6k6758913g: no usable pages in manifest.,2026-07-17T15:19:30.548650
echoran,bpt6k6758914w,,failed,0,0,,no_usable_pages,known,,,bpt6k6758914w: no usable pages in manifest.,2026-07-17T15:19:30.675003
echoran,bpt6k67589159,,failed,0,0,,no_usable_pages,known,,,bpt6k67589159: no usable pages in manifest.,2026-07-17T15:19:30.781674
echoran,bpt6k6758916q,,failed,0,0,,no_usable_pages,known,,,bpt6k6758916q: no usable pages in manifest.,2026-07-17T15:19:30.915478
echoran,bpt6k67589174,,failed,0,0,,no_usable_pages,known,,,bpt6k67589174: no usable pages in manifest.,2026-07-17T15:19:31.539618
echoran,bpt6k6758918j,,failed,0,0,,no_usable_pages,known,,,bpt6k6758918j: no usable pages in manifest.,2026-07-17T15:19:32.081452
echoran,bpt6k6758919z,,failed,0,0,,no_usable_pages,known,,,bpt6k6758919z: no usable pages in manifest.,2026-07-17T15:19:32.373339
echoran,bpt6k6758920m,,failed,0,0,,no_usable_pages,known,,,bpt6k6758920m: no usable pages in manifest.,2026-07-17T15:19:32.549667
echoran,bpt6k67589211,,failed,0,0,,no_usable_pages,known,,,bpt6k67589211: no usable pages in manifest.,2026-07-17T15:19:32.689713
echoran,bpt6k6758922f,,failed,0,0,,no_usable_pages,known,,,bpt6k6758922f: no usable pages in manifest.,2026-07-17T15:19:32.934977
echoran,bpt6k6758923v,,failed,0,0,,no_usable_pages,known,,,bpt6k6758923v: no usable pages in manifest.,2026-07-17T15:19:33.033969
echoran,bpt6k67589248,,failed,0,0,,no_usable_pages,known,,,bpt6k67589248: no usable pages in manifest.,2026-07-17T15:19:33.168927
echoran,bpt6k6758925p,,failed,0,0,,no_usable_pages,known,,,bpt6k6758925p: no usable pages in manifest.,2026-07-17T15:19:33.361824
echoran,bpt6k67589263,,failed,0,0,,no_usable_pages,known,,,bpt6k67589263: no usable pages in manifest.,2026-07-17T15:19:33.510847
echoran,bpt6k6758927h,,failed,0,0,,no_usable_pages,known,,,bpt6k6758927h: no usable pages in manifest.,2026-07-17T15:19:33.713835
echoran,bpt6k6758928x,,failed,0,0,,no_usable_pages,known,,,bpt6k6758928x: no usable pages in manifest.,2026-07-17T15:19:33.933889
echoran,bpt6k6758929b,,failed,0,0,,no_usable_pages,known,,,bpt6k6758929b: no usable pages in manifest.,2026-07-17T15:19:34.156295
echoran,bpt6k67589300,,failed,0,0,,no_usable_pages,known,,,bpt6k67589300: no usable pages in manifest.,2026-07-17T15:19:34.308806
echoran,bpt6k6758931d,,failed,0,0,,no_usable_pages,known,,,bpt6k6758931d: no usable pages in manifest.,2026-07-17T15:19:34.515399
echoran,bpt6k6758932t,,failed,0,0,,no_usable_pages,known,,,bpt6k6758932t: no usable pages in manifest.,2026-07-17T15:19:34.644646
echoran,bpt6k67589337,,failed,0,0,,no_usable_pages,known,,,bpt6k67589337: no usable pages in manifest.,2026-07-17T15:19:34.789427
echoran,bpt6k6758934n,,failed,0,0,,no_usable_pages,known,,,bpt6k6758934n: no usable pages in manifest.,2026-07-17T15:19:34.949079
echoran,bpt6k67589352,,failed,0,0,,no_usable_pages,known,,,bpt6k67589352: no usable pages in manifest.,2026-07-17T15:19:35.105035
echoran,bpt6k6758936g,,failed,0,0,,no_usable_pages,known,,,bpt6k6758936g: no usable pages in manifest.,2026-07-17T15:19:35.644250
echoran,bpt6k6758937w,,failed,0,0,,no_usable_pages,known,,,bpt6k6758937w: no usable pages in manifest.,2026-07-17T15:19:36.118490
echoran,bpt6k67589389,,failed,0,0,,no_usable_pages,known,,,bpt6k67589389: no usable pages in manifest.,2026-07-17T15:19:36.407618
echoran,bpt6k6758939q,,failed,0,0,,no_usable_pages,known,,,bpt6k6758939q: no usable pages in manifest.,2026-07-17T15:19:36.539900
echoran,bpt6k6758940c,,failed,0,0,,no_usable_pages,known,,,bpt6k6758940c: no usable pages in manifest.,2026-07-17T15:19:36.644997
echoran,bpt6k6758941s,,failed,0,0,,no_usable_pages,known,,,bpt6k6758941s: no usable pages in manifest.,2026-07-17T15:19:37.064158
echoran,bpt6k67589426,,failed,0,0,,no_usable_pages,known,,,bpt6k67589426: no usable pages in manifest.,2026-07-17T15:19:37.280317
echoran,bpt6k6758943m,,failed,0,0,,no_usable_pages,known,,,bpt6k6758943m: no usable pages in manifest.,2026-07-17T15:19:37.460358
echoran,bpt6k67589441,,failed,0,0,,no_usable_pages,known,,,bpt6k67589441: no usable pages in manifest.,2026-07-17T15:19:37.589265
echoran,bpt6k6758945f,,failed,0,0,,no_usable_pages,known,,,bpt6k6758945f: no usable pages in manifest.,2026-07-17T15:19:37.719116
echoran,bpt6k6758946v,,failed,0,0,,no_usable_pages,known,,,bpt6k6758946v: no usable pages in manifest.,2026-07-17T15:19:37.850219
echoran,bpt6k67589478,,failed,0,0,,no_usable_pages,known,,,bpt6k67589478: no usable pages in manifest.,2026-07-17T15:19:37.991482
echoran,bpt6k6758948p,,failed,0,0,,no_usable_pages,known,,,bpt6k6758948p: no usable pages in manifest.,2026-07-17T15:19:38.105976
echoran,bpt6k67589493,,failed,0,0,,no_usable_pages,known,,,bpt6k67589493: no usable pages in manifest.,2026-07-17T15:19:38.416642
echoran,bpt6k6758950r,,failed,0,0,,no_usable_pages,known,,,bpt6k6758950r: no usable pages in manifest.,2026-07-17T15:19:38.594972
echoran,bpt6k67589515,,failed,0,0,,no_usable_pages,known,,,bpt6k67589515: no usable pages in manifest.,2026-07-17T15:19:38.781188
echoran,bpt6k6758952k,,failed,0,0,,no_usable_pages,known,,,bpt6k6758952k: no usable pages in manifest.,2026-07-17T15:19:38.908221
echoran,bpt6k67589530,,failed,0,0,,no_usable_pages,known,,,bpt6k67589530: no usable pages in manifest.,2026-07-17T15:19:39.022221
echoran,bpt6k6758954d,,failed,0,0,,no_usable_pages,known,,,bpt6k6758954d: no usable pages in manifest.,2026-07-17T15:19:39.147634
echoran,bpt6k6758955t,,failed,0,0,,no_usable_pages,known,,,bpt6k6758955t: no usable pages in manifest.,2026-07-17T15:19:39.362651
echoran,bpt6k67589567,,failed,0,0,,no_usable_pages,known,,,bpt6k67589567: no usable pages in manifest.,2026-07-17T15:19:39.507514
echoran,bpt6k6758957n,,failed,0,0,,no_usable_pages,known,,,bpt6k6758957n: no usable pages in manifest.,2026-07-17T15:19:39.709222
echoran,bpt6k67589582,,failed,0,0,,no_usable_pages,known,,,bpt6k67589582: no usable pages in manifest.,2026-07-17T15:19:39.869191
echoran,bpt6k6758959g,,failed,0,0,,no_usable_pages,known,,,bpt6k6758959g: no usable pages in manifest.,2026-07-17T15:19:40.094978
echoran,bpt6k67589604,,failed,0,0,,no_usable_pages,known,,,bpt6k67589604: no usable pages in manifest.,2026-07-17T15:19:40.406893
echoran,bpt6k6758961j,,failed,0,0,,no_usable_pages,known,,,bpt6k6758961j: no usable pages in manifest.,2026-07-17T15:19:40.839634
echoran,bpt6k6758962z,,failed,0,0,,no_usable_pages,known,,,bpt6k6758962z: no usable pages in manifest.,2026-07-17T15:19:40.975552
echoran,bpt6k6758963c,,failed,0,0,,no_usable_pages,known,,,bpt6k6758963c: no usable pages in manifest.,2026-07-17T15:19:41.101006
echoran,bpt6k6758964s,,failed,0,0,,no_usable_pages,known,,,bpt6k6758964s: no usable pages in manifest.,2026-07-17T15:19:41.244474
echoran,bpt6k67589656,,failed,0,0,,no_usable_pages,known,,,bpt6k67589656: no usable pages in manifest.,2026-07-17T15:19:41.507759
echoran,bpt6k6758966m,,failed,0,0,,no_usable_pages,known,,,bpt6k6758966m: no usable pages in manifest.,2026-07-17T15:19:42.059077
echoran,bpt6k67589671,,failed,0,0,,no_usable_pages,known,,,bpt6k67589671: no usable pages in manifest.,2026-07-17T15:19:42.349840
echoran,bpt6k6758968f,,failed,0,0,,no_usable_pages,known,,,bpt6k6758968f: no usable pages in manifest.,2026-07-17T15:19:42.490882
echoran,bpt6k6758969v,,failed,0,0,,no_usable_pages,known,,,bpt6k6758969v: no usable pages in manifest.,2026-07-17T15:19:42.735619
echoran,bpt6k6758970h,,failed,0,0,,no_usable_pages,known,,,bpt6k6758970h: no usable pages in manifest.,2026-07-17T15:19:42.981515
echoran,bpt6k6758971x,,failed,0,0,,no_usable_pages,known,,,bpt6k6758971x: no usable pages in manifest.,2026-07-17T15:19:43.191995
echoran,bpt6k6758972b,,failed,0,0,,no_usable_pages,known,,,bpt6k6758972b: no usable pages in manifest.,2026-07-17T15:19:43.388107
echoran,bpt6k6758973r,,failed,0,0,,no_usable_pages,known,,,bpt6k6758973r: no usable pages in manifest.,2026-07-17T15:19:43.596741
echoran,bpt6k67589745,,failed,0,0,,no_usable_pages,known,,,bpt6k67589745: no usable pages in manifest.,2026-07-17T15:19:43.757424
echoran,bpt6k6758975k,,failed,0,0,,no_usable_pages,known,,,bpt6k6758975k: no usable pages in manifest.,2026-07-17T15:19:43.999642
echoran,bpt6k67589760,,failed,0,0,,no_usable_pages,known,,,bpt6k67589760: no usable pages in manifest.,2026-07-17T15:19:44.141584
echoran,bpt6k6758977d,,failed,0,0,,no_usable_pages,known,,,bpt6k6758977d: no usable pages in manifest.,2026-07-17T15:19:44.327882
echoran,bpt6k6758978t,,failed,0,0,,no_usable_pages,known,,,bpt6k6758978t: no usable pages in manifest.,2026-07-17T15:19:44.671372
echoran,bpt6k67589797,,failed,0,0,,no_usable_pages,known,,,bpt6k67589797: no usable pages in manifest.,2026-07-17T15:19:44.887669
echoran,bpt6k6758980w,,failed,0,0,,no_usable_pages,known,,,bpt6k6758980w: no usable pages in manifest.,2026-07-17T15:19:45.130904
echoran,bpt6k67589819,,failed,0,0,,no_usable_pages,known,,,bpt6k67589819: no usable pages in manifest.,2026-07-17T15:19:45.313477
echoran,bpt6k6758982q,,failed,0,0,,no_usable_pages,known,,,bpt6k6758982q: no usable pages in manifest.,2026-07-17T15:19:45.442040
echoran,bpt6k67589834,,failed,0,0,,no_usable_pages,known,,,bpt6k67589834: no usable pages in manifest.,2026-07-17T15:19:45.633597
echoran,bpt6k6758984j,,failed,0,0,,no_usable_pages,known,,,bpt6k6758984j: no usable pages in manifest.,2026-07-17T15:19:45.781028
echoran,bpt6k6758985z,,failed,0,0,,no_usable_pages,known,,,bpt6k6758985z: no usable pages in manifest.,2026-07-17T15:19:45.894455
echoran,bpt6k6758986c,,failed,0,0,,no_usable_pages,known,,,bpt6k6758986c: no usable pages in manifest.,2026-07-17T15:19:46.114538
echoran,bpt6k6758987s,,failed,0,0,,no_usable_pages,known,,,bpt6k6758987s: no usable pages in manifest.,2026-07-17T15:19:46.279855
echoran,bpt6k67589886,,failed,0,0,,no_usable_pages,known,,,bpt6k67589886: no usable pages in manifest.,2026-07-17T15:19:46.422747
echoran,bpt6k6758989m,,failed,0,0,,no_usable_pages,known,,,bpt6k6758989m: no usable pages in manifest.,2026-07-17T15:19:46.592748
echoran,bpt6k67589908,,failed,0,0,,no_usable_pages,known,,,bpt6k67589908: no usable pages in manifest.,2026-07-17T15:19:47.011535
echoran,bpt6k6758991p,,failed,0,0,,no_usable_pages,known,,,bpt6k6758991p: no usable pages in manifest.,2026-07-17T15:19:47.375136
echoran,bpt6k67589923,,failed,0,0,,no_usable_pages,known,,,bpt6k67589923: no usable pages in manifest.,2026-07-17T15:19:47.505202
echoran,bpt6k6758993h,,failed,0,0,,no_usable_pages,known,,,bpt6k6758993h: no usable pages in manifest.,2026-07-17T15:19:47.659364
echoran,bpt6k6758994x,,failed,0,0,,no_usable_pages,known,,,bpt6k6758994x: no usable pages in manifest.,2026-07-17T15:19:47.832747
echoran,bpt6k6758995b,,failed,0,0,,no_usable_pages,known,,,bpt6k6758995b: no usable pages in manifest.,2026-07-17T15:19:47.995904
echoran,bpt6k6758996r,,failed,0,0,,no_usable_pages,known,,,bpt6k6758996r: no usable pages in manifest.,2026-07-17T15:19:48.230136
echoran,bpt6k67589975,,failed,0,0,,no_usable_pages,known,,,bpt6k67589975: no usable pages in manifest.,2026-07-17T15:19:48.685390
echoran,bpt6k6758998k,,failed,0,0,,no_usable_pages,known,,,bpt6k6758998k: no usable pages in manifest.,2026-07-17T15:19:48.961135
echoran,bpt6k67589990,,failed,0,0,,no_usable_pages,known,,,bpt6k67589990: no usable pages in manifest.,2026-07-17T15:19:49.095150
echoran,bpt6k67590002,,failed,0,0,,no_usable_pages,known,,,bpt6k67590002: no usable pages in manifest.,2026-07-17T15:19:49.200856
echoran,bpt6k6759001g,,failed,0,0,,no_usable_pages,known,,,bpt6k6759001g: no usable pages in manifest.,2026-07-17T15:19:49.371827
echoran,bpt6k6759002w,,failed,0,0,,no_usable_pages,known,,,bpt6k6759002w: no usable pages in manifest.,2026-07-17T15:19:49.563776
echoran,bpt6k67590039,,failed,0,0,,no_usable_pages,known,,,bpt6k67590039: no usable pages in manifest.,2026-07-17T15:19:49.695972
echoran,bpt6k6759004q,,failed,0,0,,no_usable_pages,known,,,bpt6k6759004q: no usable pages in manifest.,2026-07-17T15:19:49.936166
echoran,bpt6k67590054,,failed,0,0,,no_usable_pages,known,,,bpt6k67590054: no usable pages in manifest.,2026-07-17T15:19:50.096806
echoran,bpt6k6759006j,,failed,0,0,,no_usable_pages,known,,,bpt6k6759006j: no usable pages in manifest.,2026-07-17T15:19:50.186723
echoran,bpt6k6759007z,,failed,0,0,,no_usable_pages,known,,,bpt6k6759007z: no usable pages in manifest.,2026-07-17T15:19:50.320476
echoran,bpt6k6759008c,,failed,0,0,,no_usable_pages,known,,,bpt6k6759008c: no usable pages in manifest.,2026-07-17T15:19:50.468647
echoran,bpt6k6759009s,,failed,0,0,,no_usable_pages,known,,,bpt6k6759009s: no usable pages in manifest.,2026-07-17T15:19:50.654067
echoran,bpt6k6759010f,,failed,0,0,,no_usable_pages,known,,,bpt6k6759010f: no usable pages in manifest.,2026-07-17T15:19:50.762424
echoran,bpt6k6759011v,,failed,0,0,,no_usable_pages,known,,,bpt6k6759011v: no usable pages in manifest.,2026-07-17T15:19:50.874470
echoran,bpt6k67590128,,failed,0,0,,no_usable_pages,known,,,bpt6k67590128: no usable pages in manifest.,2026-07-17T15:19:51.002449
echoran,bpt6k6759013p,,failed,0,0,,no_usable_pages,known,,,bpt6k6759013p: no usable pages in manifest.,2026-07-17T15:19:51.149064
echoran,bpt6k67590143,,failed,0,0,,no_usable_pages,known,,,bpt6k67590143: no usable pages in manifest.,2026-07-17T15:19:51.272495
echoran,bpt6k6759015h,,failed,0,0,,no_usable_pages,known,,,bpt6k6759015h: no usable pages in manifest.,2026-07-17T15:19:51.416305
echoran,bpt6k6759016x,,failed,0,0,,no_usable_pages,known,,,bpt6k6759016x: no usable pages in manifest.,2026-07-17T15:19:51.517468
echoran,bpt6k6759017b,,failed,0,0,,no_usable_pages,known,,,bpt6k6759017b: no usable pages in manifest.,2026-07-17T15:19:51.669437
echoran,bpt6k6759018r,,failed,0,0,,no_usable_pages,known,,,bpt6k6759018r: no usable pages in manifest.,2026-07-17T15:19:51.802464
echoran,bpt6k67590195,,failed,0,0,,no_usable_pages,known,,,bpt6k67590195: no usable pages in manifest.,2026-07-17T15:19:51.944043
echoran,bpt6k6759020t,,failed,0,0,,no_usable_pages,known,,,bpt6k6759020t: no usable pages in manifest.,2026-07-17T15:19:52.084984
echoran,bpt6k67590217,,failed,0,0,,no_usable_pages,known,,,bpt6k67590217: no usable pages in manifest.,2026-07-17T15:19:52.712593
echoran,bpt6k6759022n,,failed,0,0,,no_usable_pages,known,,,bpt6k6759022n: no usable pages in manifest.,2026-07-17T15:19:53.010707
echoran,bpt6k67590232,,failed,0,0,,no_usable_pages,known,,,bpt6k67590232: no usable pages in manifest.,2026-07-17T15:19:53.243225
echoran,bpt6k6759024g,,failed,0,0,,no_usable_pages,known,,,bpt6k6759024g: no usable pages in manifest.,2026-07-17T15:19:53.414415
echoran,bpt6k6759025w,,failed,0,0,,no_usable_pages,known,,,bpt6k6759025w: no usable pages in manifest.,2026-07-17T15:19:53.653094
echoran,bpt6k67590269,,failed,0,0,,no_usable_pages,known,,,bpt6k67590269: no usable pages in manifest.,2026-07-17T15:19:53.801435
echoran,bpt6k6759027q,,failed,0,0,,no_usable_pages,known,,,bpt6k6759027q: no usable pages in manifest.,2026-07-17T15:19:53.966235
echoran,bpt6k67590284,,failed,0,0,,no_usable_pages,known,,,bpt6k67590284: no usable pages in manifest.,2026-07-17T15:19:54.123110
echoran,bpt6k6759029j,,failed,0,0,,no_usable_pages,known,,,bpt6k6759029j: no usable pages in manifest.,2026-07-17T15:19:54.289186
echoran,bpt6k67590306,,failed,0,0,,no_usable_pages,known,,,bpt6k67590306: no usable pages in manifest.,2026-07-17T15:19:54.464916
echoran,bpt6k6759031m,,failed,0,0,,no_usable_pages,known,,,bpt6k6759031m: no usable pages in manifest.,2026-07-17T15:19:54.672712
echoran,bpt6k67590321,,failed,0,0,,no_usable_pages,known,,,bpt6k67590321: no usable pages in manifest.,2026-07-17T15:19:54.810114
echoran,bpt6k6759033f,,failed,0,0,,no_usable_pages,known,,,bpt6k6759033f: no usable pages in manifest.,2026-07-17T15:19:55.047344
echoran,bpt6k6759034v,,failed,0,0,,no_usable_pages,known,,,bpt6k6759034v: no usable pages in manifest.,2026-07-17T15:19:55.192963
echoran,bpt6k67590358,,failed,0,0,,no_usable_pages,known,,,bpt6k67590358: no usable pages in manifest.,2026-07-17T15:19:55.347150
echoran,bpt6k6759036p,,failed,0,0,,no_usable_pages,known,,,bpt6k6759036p: no usable pages in manifest.,2026-07-17T15:19:55.557758
echoran,bpt6k67590373,,failed,0,0,,no_usable_pages,known,,,bpt6k67590373: no usable pages in manifest.,2026-07-17T15:19:55.774650
echoran,bpt6k6759038h,,failed,0,0,,no_usable_pages,known,,,bpt6k6759038h: no usable pages in manifest.,2026-07-17T15:19:55.929664
echoran,bpt6k6759039x,,failed,0,0,,no_usable_pages,known,,,bpt6k6759039x: no usable pages in manifest.,2026-07-17T15:19:56.089827
echoran,bpt6k6759040k,,failed,0,0,,no_usable_pages,known,,,bpt6k6759040k: no usable pages in manifest.,2026-07-17T15:19:56.280694
echoran,bpt6k67590410,,failed,0,0,,no_usable_pages,known,,,bpt6k67590410: no usable pages in manifest.,2026-07-17T15:19:56.773316
echoran,bpt6k6759042d,,failed,0,0,,no_usable_pages,known,,,bpt6k6759042d: no usable pages in manifest.,2026-07-17T15:19:57.251914
echoran,bpt6k6759043t,,failed,0,0,,no_usable_pages,known,,,bpt6k6759043t: no usable pages in manifest.,2026-07-17T15:19:57.393424
echoran,bpt6k67590447,,failed,0,0,,no_usable_pages,known,,,bpt6k67590447: no usable pages in manifest.,2026-07-17T15:19:57.559635
echoran,bpt6k6759045n,,failed,0,0,,no_usable_pages,known,,,bpt6k6759045n: no usable pages in manifest.,2026-07-17T15:19:57.754554
echoran,bpt6k67590462,,failed,0,0,,no_usable_pages,known,,,bpt6k67590462: no usable pages in manifest.,2026-07-17T15:19:58.431056
echoran,bpt6k6759047g,,failed,0,0,,no_usable_pages,known,,,bpt6k6759047g: no usable pages in manifest.,2026-07-17T15:19:58.532415
echoran,bpt6k6759048w,,failed,0,0,,no_usable_pages,known,,,bpt6k6759048w: no usable pages in manifest.,2026-07-17T15:19:58.674717
echoran,bpt6k67590499,,failed,0,0,,no_usable_pages,known,,,bpt6k67590499: no usable pages in manifest.,2026-07-17T15:19:58.786748
echoran,bpt6k6759050z,,failed,0,0,,no_usable_pages,known,,,bpt6k6759050z: no usable pages in manifest.,2026-07-17T15:19:58.942442
echoran,bpt6k6759051c,,failed,0,0,,no_usable_pages,known,,,bpt6k6759051c: no usable pages in manifest.,2026-07-17T15:19:59.079758
echoran,bpt6k6759052s,,failed,0,0,,no_usable_pages,known,,,bpt6k6759052s: no usable pages in manifest.,2026-07-17T15:19:59.229895
echoran,bpt6k67590536,,failed,0,0,,no_usable_pages,known,,,bpt6k67590536: no usable pages in manifest.,2026-07-17T15:19:59.371989
echoran,bpt6k6759054m,,failed,0,0,,no_usable_pages,known,,,bpt6k6759054m: no usable pages in manifest.,2026-07-17T15:19:59.575266
echoran,bpt6k67590551,,failed,0,0,,no_usable_pages,known,,,bpt6k67590551: no usable pages in manifest.,2026-07-17T15:19:59.714369
echoran,bpt6k6759056f,,failed,0,0,,no_usable_pages,known,,,bpt6k6759056f: no usable pages in manifest.,2026-07-17T15:19:59.877193
echoran,bpt6k6759057v,,failed,0,0,,no_usable_pages,known,,,bpt6k6759057v: no usable pages in manifest.,2026-07-17T15:20:00.010999
echoran,bpt6k67590588,,failed,0,0,,no_usable_pages,known,,,bpt6k67590588: no usable pages in manifest.,2026-07-17T15:20:00.174470
echoran,bpt6k6759059p,,failed,0,0,,no_usable_pages,known,,,bpt6k6759059p: no usable pages in manifest.,2026-07-17T15:20:00.305608
echoran,bpt6k6759060b,,failed,0,0,,no_usable_pages,known,,,bpt6k6759060b: no usable pages in manifest.,2026-07-17T15:20:00.435695
echoran,bpt6k6759061r,,failed,0,0,,no_usable_pages,known,,,bpt6k6759061r: no usable pages in manifest.,2026-07-17T15:20:00.693215
echoran,bpt6k67590625,,failed,0,0,,no_usable_pages,known,,,bpt6k67590625: no usable pages in manifest.,2026-07-17T15:20:00.969361
echoran,bpt6k6759063k,,failed,0,0,,no_usable_pages,known,,,bpt6k6759063k: no usable pages in manifest.,2026-07-17T15:20:01.205912
echoran,bpt6k67590640,,failed,0,0,,no_usable_pages,known,,,bpt6k67590640: no usable pages in manifest.,2026-07-17T15:20:01.351057
echoran,bpt6k6759065d,,failed,0,0,,no_usable_pages,known,,,bpt6k6759065d: no usable pages in manifest.,2026-07-17T15:20:01.569853
echoran,bpt6k6759066t,,failed,0,0,,no_usable_pages,known,,,bpt6k6759066t: no usable pages in manifest.,2026-07-17T15:20:01.751961
echoran,bpt6k67590677,,failed,0,0,,no_usable_pages,known,,,bpt6k67590677: no usable pages in manifest.,2026-07-17T15:20:01.872402
echoran,bpt6k6759068n,,failed,0,0,,no_usable_pages,known,,,bpt6k6759068n: no usable pages in manifest.,2026-07-17T15:20:02.044631
echoran,bpt6k67590692,,failed,0,0,,no_usable_pages,known,,,bpt6k67590692: no usable pages in manifest.,2026-07-17T15:20:02.130400
echoran,bpt6k6759070q,,failed,0,0,,no_usable_pages,known,,,bpt6k6759070q: no usable pages in manifest.,2026-07-17T15:20:02.267313
echoran,bpt6k67590714,,failed,0,0,,no_usable_pages,known,,,bpt6k67590714: no usable pages in manifest.,2026-07-17T15:20:02.378124
echoran,bpt6k6759072j,,failed,0,0,,no_usable_pages,known,,,bpt6k6759072j: no usable pages in manifest.,2026-07-17T15:20:02.753403
echoran,bpt6k6759073z,,failed,0,0,,no_usable_pages,known,,,bpt6k6759073z: no usable pages in manifest.,2026-07-17T15:20:02.928303
echoran,bpt6k6759074c,,failed,0,0,,no_usable_pages,known,,,bpt6k6759074c: no usable pages in manifest.,2026-07-17T15:20:03.256155
echoran,bpt6k6759075s,,failed,0,0,,no_usable_pages,known,,,bpt6k6759075s: no usable pages in manifest.,2026-07-17T15:20:03.550463
echoran,bpt6k67590766,,failed,0,0,,no_usable_pages,known,,,bpt6k67590766: no usable pages in manifest.,2026-07-17T15:20:03.692516
echoran,bpt6k6759077m,,failed,0,0,,no_usable_pages,known,,,bpt6k6759077m: no usable pages in manifest.,2026-07-17T15:20:03.812004
echoran,bpt6k67590781,,failed,0,0,,no_usable_pages,known,,,bpt6k67590781: no usable pages in manifest.,2026-07-17T15:20:03.988734
echoran,bpt6k6759079f,,failed,0,0,,no_usable_pages,known,,,bpt6k6759079f: no usable pages in manifest.,2026-07-17T15:20:04.132971
echoran,bpt6k67590803,,failed,0,0,,no_usable_pages,known,,,bpt6k67590803: no usable pages in manifest.,2026-07-17T15:20:04.260701
echoran,bpt6k6759081h,,failed,0,0,,no_usable_pages,known,,,bpt6k6759081h: no usable pages in manifest.,2026-07-17T15:20:04.396248
echoran,bpt6k6759082x,,failed,0,0,,no_usable_pages,known,,,bpt6k6759082x: no usable pages in manifest.,2026-07-17T15:20:04.568719
echoran,bpt6k6759083b,,failed,0,0,,no_usable_pages,known,,,bpt6k6759083b: no usable pages in manifest.,2026-07-17T15:20:04.741412
echoran,bpt6k6759084r,,failed,0,0,,no_usable_pages,known,,,bpt6k6759084r: no usable pages in manifest.,2026-07-17T15:20:04.923191
echoran,bpt6k67590855,,failed,0,0,,no_usable_pages,known,,,bpt6k67590855: no usable pages in manifest.,2026-07-17T15:20:05.482323
echoran,bpt6k6759086k,,failed,0,0,,no_usable_pages,known,,,bpt6k6759086k: no usable pages in manifest.,2026-07-17T15:20:05.633134
echoran,bpt6k67590870,,failed,0,0,,no_usable_pages,known,,,bpt6k67590870: no usable pages in manifest.,2026-07-17T15:20:05.818321
echoran,bpt6k6759088d,,failed,0,0,,no_usable_pages,known,,,bpt6k6759088d: no usable pages in manifest.,2026-07-17T15:20:05.941016
echoran,bpt6k6759089t,,failed,0,0,,no_usable_pages,known,,,bpt6k6759089t: no usable pages in manifest.,2026-07-17T15:20:06.122970
echoran,bpt6k6759090g,,failed,0,0,,no_usable_pages,known,,,bpt6k6759090g: no usable pages in manifest.,2026-07-17T15:20:06.273482
echoran,bpt6k6759091w,,failed,0,0,,no_usable_pages,known,,,bpt6k6759091w: no usable pages in manifest.,2026-07-17T15:20:06.434891
echoran,bpt6k67590929,,failed,0,0,,no_usable_pages,known,,,bpt6k67590929: no usable pages in manifest.,2026-07-17T15:20:06.555887
echoran,bpt6k6759093q,,failed,0,0,,no_usable_pages,known,,,bpt6k6759093q: no usable pages in manifest.,2026-07-17T15:20:06.687307
echoran,bpt6k67590944,,failed,0,0,,no_usable_pages,known,,,bpt6k67590944: no usable pages in manifest.,2026-07-17T15:20:06.784881
echoran,bpt6k6759095j,,failed,0,0,,no_usable_pages,known,,,bpt6k6759095j: no usable pages in manifest.,2026-07-17T15:20:06.973530
echoran,bpt6k6759096z,,failed,0,0,,no_usable_pages,known,,,bpt6k6759096z: no usable pages in manifest.,2026-07-17T15:20:07.143943
echoran,bpt6k6759097c,,failed,0,0,,no_usable_pages,known,,,bpt6k6759097c: no usable pages in manifest.,2026-07-17T15:20:07.371006
echoran,bpt6k6759098s,,failed,0,0,,no_usable_pages,known,,,bpt6k6759098s: no usable pages in manifest.,2026-07-17T15:20:07.576567
echoran,bpt6k67590996,,failed,0,0,,no_usable_pages,known,,,bpt6k67590996: no usable pages in manifest.,2026-07-17T15:20:07.736110
echoran,bpt6k6759100d,,failed,0,0,,no_usable_pages,known,,,bpt6k6759100d: no usable pages in manifest.,2026-07-17T15:20:08.280217
echoran,bpt6k6759101t,,failed,0,0,,no_usable_pages,known,,,bpt6k6759101t: no usable pages in manifest.,2026-07-17T15:20:09.253294
echoran,bpt6k67591027,,failed,0,0,,no_usable_pages,known,,,bpt6k67591027: no usable pages in manifest.,2026-07-17T15:20:09.513336
echoran,bpt6k6759103n,,failed,0,0,,no_usable_pages,known,,,bpt6k6759103n: no usable pages in manifest.,2026-07-17T15:20:09.680685
echoran,bpt6k67591042,,failed,0,0,,no_usable_pages,known,,,bpt6k67591042: no usable pages in manifest.,2026-07-17T15:20:09.830347
echoran,bpt6k6759105g,,failed,0,0,,no_usable_pages,known,,,bpt6k6759105g: no usable pages in manifest.,2026-07-17T15:20:09.976647
echoran,bpt6k6759106w,,failed,0,0,,no_usable_pages,known,,,bpt6k6759106w: no usable pages in manifest.,2026-07-17T15:20:10.142768
echoran,bpt6k67591079,,failed,0,0,,no_usable_pages,known,,,bpt6k67591079: no usable pages in manifest.,2026-07-17T15:20:10.279298
echoran,bpt6k6759108q,,failed,0,0,,no_usable_pages,known,,,bpt6k6759108q: no usable pages in manifest.,2026-07-17T15:20:10.937696
echoran,bpt6k67591094,,failed,0,0,,no_usable_pages,known,,,bpt6k67591094: no usable pages in manifest.,2026-07-17T15:20:11.085228
echoran,bpt6k6759110s,,failed,0,0,,no_usable_pages,known,,,bpt6k6759110s: no usable pages in manifest.,2026-07-17T15:20:11.270334
echoran,bpt6k67591116,,failed,0,0,,no_usable_pages,known,,,bpt6k67591116: no usable pages in manifest.,2026-07-17T15:20:11.465878
echoran,bpt6k6759112m,,failed,0,0,,no_usable_pages,known,,,bpt6k6759112m: no usable pages in manifest.,2026-07-17T15:20:11.599276
echoran,bpt6k67591131,,failed,0,0,,no_usable_pages,known,,,bpt6k67591131: no usable pages in manifest.,2026-07-17T15:20:11.755925
echoran,bpt6k6759114f,,failed,0,0,,no_usable_pages,known,,,bpt6k6759114f: no usable pages in manifest.,2026-07-17T15:20:11.911699
echoran,bpt6k6759115v,,failed,0,0,,no_usable_pages,known,,,bpt6k6759115v: no usable pages in manifest.,2026-07-17T15:20:12.174508
echoran,bpt6k67591168,,failed,0,0,,no_usable_pages,known,,,bpt6k67591168: no usable pages in manifest.,2026-07-17T15:20:12.314023
echoran,bpt6k6759117p,,failed,0,0,,no_usable_pages,known,,,bpt6k6759117p: no usable pages in manifest.,2026-07-17T15:20:12.451226
echoran,bpt6k67591183,,failed,0,0,,no_usable_pages,known,,,bpt6k67591183: no usable pages in manifest.,2026-07-17T15:20:12.595052
echoran,bpt6k6759119h,,failed,0,0,,no_usable_pages,known,,,bpt6k6759119h: no usable pages in manifest.,2026-07-17T15:20:12.758687
echoran,bpt6k67591205,,failed,0,0,,no_usable_pages,known,,,bpt6k67591205: no usable pages in manifest.,2026-07-17T15:20:12.974352
echoran,bpt6k6759121k,,failed,0,0,,no_usable_pages,known,,,bpt6k6759121k: no usable pages in manifest.,2026-07-17T15:20:13.220211
echoran,bpt6k67591220,,failed,0,0,,no_usable_pages,known,,,bpt6k67591220: no usable pages in manifest.,2026-07-17T15:20:13.341418
echoran,bpt6k6759123d,,failed,0,0,,no_usable_pages,known,,,bpt6k6759123d: no usable pages in manifest.,2026-07-17T15:20:13.576698
echoran,bpt6k6759124t,,failed,0,0,,no_usable_pages,known,,,bpt6k6759124t: no usable pages in manifest.,2026-07-17T15:20:13.704393
echoran,bpt6k67591257,,failed,0,0,,no_usable_pages,known,,,bpt6k67591257: no usable pages in manifest.,2026-07-17T15:20:13.949268
echoran,bpt6k6759126n,,failed,0,0,,no_usable_pages,known,,,bpt6k6759126n: no usable pages in manifest.,2026-07-17T15:20:14.333711
echoran,bpt6k67591272,,failed,0,0,,no_usable_pages,known,,,bpt6k67591272: no usable pages in manifest.,2026-07-17T15:20:14.545043
echoran,bpt6k6759128g,,failed,0,0,,no_usable_pages,known,,,bpt6k6759128g: no usable pages in manifest.,2026-07-17T15:20:14.707766
echoran,bpt6k6759129w,,failed,0,0,,no_usable_pages,known,,,bpt6k6759129w: no usable pages in manifest.,2026-07-17T15:20:15.111838
echoran,bpt6k6759130j,,failed,0,0,,no_usable_pages,known,,,bpt6k6759130j: no usable pages in manifest.,2026-07-17T15:20:15.608994
echoran,bpt6k6759131z,,failed,0,0,,no_usable_pages,known,,,bpt6k6759131z: no usable pages in manifest.,2026-07-17T15:20:15.778650
echoran,bpt6k6759132c,,failed,0,0,,no_usable_pages,known,,,bpt6k6759132c: no usable pages in manifest.,2026-07-17T15:20:15.944663
echoran,bpt6k6759133s,,failed,0,0,,no_usable_pages,known,,,bpt6k6759133s: no usable pages in manifest.,2026-07-17T15:20:16.157666
echoran,bpt6k67591346,,failed,0,0,,no_usable_pages,known,,,bpt6k67591346: no usable pages in manifest.,2026-07-17T15:20:16.293843
echoran,bpt6k6759135m,,failed,0,0,,no_usable_pages,known,,,bpt6k6759135m: no usable pages in manifest.,2026-07-17T15:20:16.541022
echoran,bpt6k67591361,,failed,0,0,,no_usable_pages,known,,,bpt6k67591361: no usable pages in manifest.,2026-07-17T15:20:16.680816
echoran,bpt6k6759137f,,failed,0,0,,no_usable_pages,known,,,bpt6k6759137f: no usable pages in manifest.,2026-07-17T15:20:16.887359
echoran,bpt6k6759138v,,failed,0,0,,no_usable_pages,known,,,bpt6k6759138v: no usable pages in manifest.,2026-07-17T15:20:17.032498
echoran,bpt6k67591398,,failed,0,0,,no_usable_pages,known,,,bpt6k67591398: no usable pages in manifest.,2026-07-17T15:20:17.133903
echoran,bpt6k6759140x,,failed,0,0,,no_usable_pages,known,,,bpt6k6759140x: no usable pages in manifest.,2026-07-17T15:20:17.262860
echoran,bpt6k6759141b,,failed,0,0,,no_usable_pages,known,,,bpt6k6759141b: no usable pages in manifest.,2026-07-17T15:20:17.450446
echoran,bpt6k6759142r,,failed,0,0,,no_usable_pages,known,,,bpt6k6759142r: no usable pages in manifest.,2026-07-17T15:20:17.603407
echoran,bpt6k67591435,,failed,0,0,,no_usable_pages,known,,,bpt6k67591435: no usable pages in manifest.,2026-07-17T15:20:17.749442
echoran,bpt6k6759144k,,failed,0,0,,no_usable_pages,known,,,bpt6k6759144k: no usable pages in manifest.,2026-07-17T15:20:17.911190
echoran,bpt6k67591450,,failed,0,0,,no_usable_pages,known,,,bpt6k67591450: no usable pages in manifest.,2026-07-17T15:20:18.028909
echoran,bpt6k6759146d,,failed,0,0,,no_usable_pages,known,,,bpt6k6759146d: no usable pages in manifest.,2026-07-17T15:20:18.182001
echoran,bpt6k6759147t,,failed,0,0,,no_usable_pages,known,,,bpt6k6759147t: no usable pages in manifest.,2026-07-17T15:20:18.462282
echoran,bpt6k67591487,,failed,0,0,,no_usable_pages,known,,,bpt6k67591487: no usable pages in manifest.,2026-07-17T15:20:18.910321
echoran,bpt6k6759149n,,failed,0,0,,no_usable_pages,known,,,bpt6k6759149n: no usable pages in manifest.,2026-07-17T15:20:19.036396
echoran,bpt6k67591509,,failed,0,0,,no_usable_pages,known,,,bpt6k67591509: no usable pages in manifest.,2026-07-17T15:20:19.188251
echoran,bpt6k6759151q,,failed,0,0,,no_usable_pages,known,,,bpt6k6759151q: no usable pages in manifest.,2026-07-17T15:20:19.313989
echoran,bpt6k67591524,,failed,0,0,,no_usable_pages,known,,,bpt6k67591524: no usable pages in manifest.,2026-07-17T15:20:19.777876
echoran,bpt6k6759153j,,failed,0,0,,no_usable_pages,known,,,bpt6k6759153j: no usable pages in manifest.,2026-07-17T15:20:20.097030
echoran,bpt6k6759154z,,failed,0,0,,no_usable_pages,known,,,bpt6k6759154z: no usable pages in manifest.,2026-07-17T15:20:20.224049
echoran,bpt6k6759155c,,failed,0,0,,no_usable_pages,known,,,bpt6k6759155c: no usable pages in manifest.,2026-07-17T15:20:20.367897
echoran,bpt6k6759156s,,failed,0,0,,no_usable_pages,known,,,bpt6k6759156s: no usable pages in manifest.,2026-07-17T15:20:20.588226
echoran,bpt6k67591576,,failed,0,0,,no_usable_pages,known,,,bpt6k67591576: no usable pages in manifest.,2026-07-17T15:20:21.213800
echoran,bpt6k6759158m,,failed,0,0,,no_usable_pages,known,,,bpt6k6759158m: no usable pages in manifest.,2026-07-17T15:20:21.373632
echoran,bpt6k67591591,,failed,0,0,,no_usable_pages,known,,,bpt6k67591591: no usable pages in manifest.,2026-07-17T15:20:21.499124
echoran,bpt6k6759160p,,failed,0,0,,no_usable_pages,known,,,bpt6k6759160p: no usable pages in manifest.,2026-07-17T15:20:21.657600
echoran,bpt6k67591613,,failed,0,0,,no_usable_pages,known,,,bpt6k67591613: no usable pages in manifest.,2026-07-17T15:20:21.768395
echoran,bpt6k6759162h,,failed,0,0,,no_usable_pages,known,,,bpt6k6759162h: no usable pages in manifest.,2026-07-17T15:20:21.877119
echoran,bpt6k6759163x,,failed,0,0,,no_usable_pages,known,,,bpt6k6759163x: no usable pages in manifest.,2026-07-17T15:20:22.013944
echoran,bpt6k6759164b,,failed,0,0,,no_usable_pages,known,,,bpt6k6759164b: no usable pages in manifest.,2026-07-17T15:20:22.360508
echoran,bpt6k6759165r,,failed,0,0,,no_usable_pages,known,,,bpt6k6759165r: no usable pages in manifest.,2026-07-17T15:20:22.542574
echoran,bpt6k67591665,,failed,0,0,,no_usable_pages,known,,,bpt6k67591665: no usable pages in manifest.,2026-07-17T15:20:22.648320
echoran,bpt6k6759167k,,failed,0,0,,no_usable_pages,known,,,bpt6k6759167k: no usable pages in manifest.,2026-07-17T15:20:22.820265
echoran,bpt6k67591680,,failed,0,0,,no_usable_pages,known,,,bpt6k67591680: no usable pages in manifest.,2026-07-17T15:20:23.179459
echoran,bpt6k6759169d,,failed,0,0,,no_usable_pages,known,,,bpt6k6759169d: no usable pages in manifest.,2026-07-17T15:20:23.497155
echoran,bpt6k67591702,,failed,0,0,,no_usable_pages,known,,,bpt6k67591702: no usable pages in manifest.,2026-07-17T15:20:23.585246
echoran,bpt6k6759171g,,failed,0,0,,no_usable_pages,known,,,bpt6k6759171g: no usable pages in manifest.,2026-07-17T15:20:23.716470
echoran,bpt6k6759172w,,failed,0,0,,no_usable_pages,known,,,bpt6k6759172w: no usable pages in manifest.,2026-07-17T15:20:23.817594
echoran,bpt6k67591739,,failed,0,0,,no_usable_pages,known,,,bpt6k67591739: no usable pages in manifest.,2026-07-17T15:20:23.964601
echoran,bpt6k6759174q,,failed,0,0,,no_usable_pages,known,,,bpt6k6759174q: no usable pages in manifest.,2026-07-17T15:20:24.085582
echoran,bpt6k67591754,,failed,0,0,,no_usable_pages,known,,,bpt6k67591754: no usable pages in manifest.,2026-07-17T15:20:24.277352
echoran,bpt6k6759176j,,failed,0,0,,no_usable_pages,known,,,bpt6k6759176j: no usable pages in manifest.,2026-07-17T15:20:24.598101
echoran,bpt6k6759177z,,failed,0,0,,no_usable_pages,known,,,bpt6k6759177z: no usable pages in manifest.,2026-07-17T15:20:24.818583
echoran,bpt6k6759178c,,failed,0,0,,no_usable_pages,known,,,bpt6k6759178c: no usable pages in manifest.,2026-07-17T15:20:24.982745
echoran,bpt6k6759179s,,failed,0,0,,no_usable_pages,known,,,bpt6k6759179s: no usable pages in manifest.,2026-07-17T15:20:25.157147
echoran,bpt6k6759180f,,failed,0,0,,no_usable_pages,known,,,bpt6k6759180f: no usable pages in manifest.,2026-07-17T15:20:25.295378
echoran,bpt6k6759181v,,failed,0,0,,no_usable_pages,known,,,bpt6k6759181v: no usable pages in manifest.,2026-07-17T15:20:25.795401
echoran,bpt6k67591828,,failed,0,0,,no_usable_pages,known,,,bpt6k67591828: no usable pages in manifest.,2026-07-17T15:20:26.202122
echoran,bpt6k6759183p,,failed,0,0,,no_usable_pages,known,,,bpt6k6759183p: no usable pages in manifest.,2026-07-17T15:20:26.334540
echoran,bpt6k67591843,,failed,0,0,,no_usable_pages,known,,,bpt6k67591843: no usable pages in manifest.,2026-07-17T15:20:26.516947
echoran,bpt6k6759185h,,failed,0,0,,no_usable_pages,known,,,bpt6k6759185h: no usable pages in manifest.,2026-07-17T15:20:27.077888
echoran,bpt6k6759186x,,failed,0,0,,no_usable_pages,known,,,bpt6k6759186x: no usable pages in manifest.,2026-07-17T15:20:27.722603
echoran,bpt6k6759187b,,failed,0,0,,no_usable_pages,known,,,bpt6k6759187b: no usable pages in manifest.,2026-07-17T15:20:27.985408
echoran,bpt6k6759188r,,failed,0,0,,no_usable_pages,known,,,bpt6k6759188r: no usable pages in manifest.,2026-07-17T15:20:28.439059
echoran,bpt6k67591895,,failed,0,0,,no_usable_pages,known,,,bpt6k67591895: no usable pages in manifest.,2026-07-17T15:20:28.605832
echoran,bpt6k6759190t,,failed,0,0,,no_usable_pages,known,,,bpt6k6759190t: no usable pages in manifest.,2026-07-17T15:20:28.745414
echoran,bpt6k67591917,,failed,0,0,,no_usable_pages,known,,,bpt6k67591917: no usable pages in manifest.,2026-07-17T15:20:29.019282
echoran,bpt6k6759192n,,failed,0,0,,no_usable_pages,known,,,bpt6k6759192n: no usable pages in manifest.,2026-07-17T15:20:29.255266
echoran,bpt6k67591932,,failed,0,0,,no_usable_pages,known,,,bpt6k67591932: no usable pages in manifest.,2026-07-17T15:20:29.418002
echoran,bpt6k6759194g,,failed,0,0,,no_usable_pages,known,,,bpt6k6759194g: no usable pages in manifest.,2026-07-17T15:20:29.666289
echoran,bpt6k6759195w,,failed,0,0,,no_usable_pages,known,,,bpt6k6759195w: no usable pages in manifest.,2026-07-17T15:20:29.881846
echoran,bpt6k67591969,,failed,0,0,,no_usable_pages,known,,,bpt6k67591969: no usable pages in manifest.,2026-07-17T15:20:30.103258
echoran,bpt6k6759197q,,failed,0,0,,no_usable_pages,known,,,bpt6k6759197q: no usable pages in manifest.,2026-07-17T15:20:30.190897
echoran,bpt6k67591984,,failed,0,0,,no_usable_pages,known,,,bpt6k67591984: no usable pages in manifest.,2026-07-17T15:20:30.347772
echoran,bpt6k6759199j,,failed,0,0,,no_usable_pages,known,,,bpt6k6759199j: no usable pages in manifest.,2026-07-17T15:20:30.492359
echoran,bpt6k6759200r,,failed,0,0,,no_usable_pages,known,,,bpt6k6759200r: no usable pages in manifest.,2026-07-17T15:20:30.628024
echoran,bpt6k67592015,,failed,0,0,,no_usable_pages,known,,,bpt6k67592015: no usable pages in manifest.,2026-07-17T15:20:30.773628
echoran,bpt6k6759202k,,failed,0,0,,no_usable_pages,known,,,bpt6k6759202k: no usable pages in manifest.,2026-07-17T15:20:31.007349
echoran,bpt6k67592030,,failed,0,0,,no_usable_pages,known,,,bpt6k67592030: no usable pages in manifest.,2026-07-17T15:20:31.360647
echoran,bpt6k6759204d,,failed,0,0,,no_usable_pages,known,,,bpt6k6759204d: no usable pages in manifest.,2026-07-17T15:20:31.500957
echoran,bpt6k6759205t,,failed,0,0,,no_usable_pages,known,,,bpt6k6759205t: no usable pages in manifest.,2026-07-17T15:20:31.680560
echoran,bpt6k67592067,,failed,0,0,,no_usable_pages,known,,,bpt6k67592067: no usable pages in manifest.,2026-07-17T15:20:32.145740
echoran,bpt6k6759207n,,failed,0,0,,no_usable_pages,known,,,bpt6k6759207n: no usable pages in manifest.,2026-07-17T15:20:32.804251
echoran,bpt6k67592082,,failed,0,0,,no_usable_pages,known,,,bpt6k67592082: no usable pages in manifest.,2026-07-17T15:20:32.928237
echoran,bpt6k6759209g,,failed,0,0,,no_usable_pages,known,,,bpt6k6759209g: no usable pages in manifest.,2026-07-17T15:20:33.053265
echoran,bpt6k67592104,,failed,0,0,,no_usable_pages,known,,,bpt6k67592104: no usable pages in manifest.,2026-07-17T15:20:33.203061
echoran,bpt6k6759211j,,failed,0,0,,no_usable_pages,known,,,bpt6k6759211j: no usable pages in manifest.,2026-07-17T15:20:33.329913
echoran,bpt6k6759212z,,failed,0,0,,no_usable_pages,known,,,bpt6k6759212z: no usable pages in manifest.,2026-07-17T15:20:33.479772
echoran,bpt6k6759213c,,failed,0,0,,no_usable_pages,known,,,bpt6k6759213c: no usable pages in manifest.,2026-07-17T15:20:33.683849
echoran,bpt6k6759214s,,failed,0,0,,no_usable_pages,known,,,bpt6k6759214s: no usable pages in manifest.,2026-07-17T15:20:33.904036
echoran,bpt6k67592156,,failed,0,0,,no_usable_pages,known,,,bpt6k67592156: no usable pages in manifest.,2026-07-17T15:20:34.064181
echoran,bpt6k6759216m,,failed,0,0,,no_usable_pages,known,,,bpt6k6759216m: no usable pages in manifest.,2026-07-17T15:20:34.222707
echoran,bpt6k67592171,,failed,0,0,,no_usable_pages,known,,,bpt6k67592171: no usable pages in manifest.,2026-07-17T15:20:34.379230
echoran,bpt6k6759218f,,failed,0,0,,no_usable_pages,known,,,bpt6k6759218f: no usable pages in manifest.,2026-07-17T15:20:34.585500
echoran,bpt6k6759219v,,failed,0,0,,no_usable_pages,known,,,bpt6k6759219v: no usable pages in manifest.,2026-07-17T15:20:34.810293
echoran,bpt6k6759220h,,failed,0,0,,no_usable_pages,known,,,bpt6k6759220h: no usable pages in manifest.,2026-07-17T15:20:35.021796
echoran,bpt6k6759221x,,failed,0,0,,no_usable_pages,known,,,bpt6k6759221x: no usable pages in manifest.,2026-07-17T15:20:35.183940
echoran,bpt6k6759222b,,failed,0,0,,no_usable_pages,known,,,bpt6k6759222b: no usable pages in manifest.,2026-07-17T15:20:35.331164
echoran,bpt6k6759223r,,failed,0,0,,no_usable_pages,known,,,bpt6k6759223r: no usable pages in manifest.,2026-07-17T15:20:35.483466
echoran,bpt6k67592245,,failed,0,0,,no_usable_pages,known,,,bpt6k67592245: no usable pages in manifest.,2026-07-17T15:20:35.652612
echoran,bpt6k6759225k,,failed,0,0,,no_usable_pages,known,,,bpt6k6759225k: no usable pages in manifest.,2026-07-17T15:20:35.773654
echoran,bpt6k67592260,,failed,0,0,,no_usable_pages,known,,,bpt6k67592260: no usable pages in manifest.,2026-07-17T15:20:36.002971
echoran,bpt6k6759227d,,failed,0,0,,no_usable_pages,known,,,bpt6k6759227d: no usable pages in manifest.,2026-07-17T15:20:36.145463
echoran,bpt6k6759228t,,failed,0,0,,no_usable_pages,known,,,bpt6k6759228t: no usable pages in manifest.,2026-07-17T15:20:36.350751
echoran,bpt6k67592297,,failed,0,0,,no_usable_pages,known,,,bpt6k67592297: no usable pages in manifest.,2026-07-17T15:20:36.656395
echoran,bpt6k6759230w,,failed,0,0,,no_usable_pages,known,,,bpt6k6759230w: no usable pages in manifest.,2026-07-17T15:20:37.090642
echoran,bpt6k67592319,,failed,0,0,,no_usable_pages,known,,,bpt6k67592319: no usable pages in manifest.,2026-07-17T15:20:37.245184
echoran,bpt6k6759232q,,failed,0,0,,no_usable_pages,known,,,bpt6k6759232q: no usable pages in manifest.,2026-07-17T15:20:37.420266
echoran,bpt6k67592334,,failed,0,0,,no_usable_pages,known,,,bpt6k67592334: no usable pages in manifest.,2026-07-17T15:20:37.771122
echoran,bpt6k6759234j,,failed,0,0,,no_usable_pages,known,,,bpt6k6759234j: no usable pages in manifest.,2026-07-17T15:20:38.398113
echoran,bpt6k6759235z,,failed,0,0,,no_usable_pages,known,,,bpt6k6759235z: no usable pages in manifest.,2026-07-17T15:20:38.523519
echoran,bpt6k6759236c,,failed,0,0,,no_usable_pages,known,,,bpt6k6759236c: no usable pages in manifest.,2026-07-17T15:20:38.689530
echoran,bpt6k6759237s,,failed,0,0,,no_usable_pages,known,,,bpt6k6759237s: no usable pages in manifest.,2026-07-17T15:20:38.800614
echoran,bpt6k67592386,,failed,0,0,,no_usable_pages,known,,,bpt6k67592386: no usable pages in manifest.,2026-07-17T15:20:38.949030
echoran,bpt6k6759239m,,failed,0,0,,no_usable_pages,known,,,bpt6k6759239m: no usable pages in manifest.,2026-07-17T15:20:39.113420
echoran,bpt6k67592408,,failed,0,0,,no_usable_pages,known,,,bpt6k67592408: no usable pages in manifest.,2026-07-17T15:20:39.306012
echoran,bpt6k6759241p,,failed,0,0,,no_usable_pages,known,,,bpt6k6759241p: no usable pages in manifest.,2026-07-17T15:20:39.493745
echoran,bpt6k67592423,,failed,0,0,,no_usable_pages,known,,,bpt6k67592423: no usable pages in manifest.,2026-07-17T15:20:39.636834
echoran,bpt6k6759243h,,failed,0,0,,no_usable_pages,known,,,bpt6k6759243h: no usable pages in manifest.,2026-07-17T15:20:39.782771
echoran,bpt6k6759244x,,failed,0,0,,no_usable_pages,known,,,bpt6k6759244x: no usable pages in manifest.,2026-07-17T15:20:39.902228
echoran,bpt6k6759245b,,failed,0,0,,no_usable_pages,known,,,bpt6k6759245b: no usable pages in manifest.,2026-07-17T15:20:40.073622
echoran,bpt6k6759246r,,failed,0,0,,no_usable_pages,known,,,bpt6k6759246r: no usable pages in manifest.,2026-07-17T15:20:40.224532
echoran,bpt6k67592475,,failed,0,0,,no_usable_pages,known,,,bpt6k67592475: no usable pages in manifest.,2026-07-17T15:20:40.417873
echoran,bpt6k6759248k,,failed,0,0,,no_usable_pages,known,,,bpt6k6759248k: no usable pages in manifest.,2026-07-17T15:20:40.584972
echoran,bpt6k67592490,,failed,0,0,,no_usable_pages,known,,,bpt6k67592490: no usable pages in manifest.,2026-07-17T15:20:40.725716
echoran,bpt6k6759250n,,failed,0,0,,no_usable_pages,known,,,bpt6k6759250n: no usable pages in manifest.,2026-07-17T15:20:41.019944
echoran,bpt6k67592512,,failed,0,0,,no_usable_pages,known,,,bpt6k67592512: no usable pages in manifest.,2026-07-17T15:20:41.279603
echoran,bpt6k6759252g,,failed,0,0,,no_usable_pages,known,,,bpt6k6759252g: no usable pages in manifest.,2026-07-17T15:20:41.446754
echoran,bpt6k6759253w,,failed,0,0,,no_usable_pages,known,,,bpt6k6759253w: no usable pages in manifest.,2026-07-17T15:20:41.666430
echoran,bpt6k67592549,,failed,0,0,,no_usable_pages,known,,,bpt6k67592549: no usable pages in manifest.,2026-07-17T15:20:41.785765
echoran,bpt6k6759255q,,failed,0,0,,no_usable_pages,known,,,bpt6k6759255q: no usable pages in manifest.,2026-07-17T15:20:41.929878
echoran,bpt6k67592564,,failed,0,0,,no_usable_pages,known,,,bpt6k67592564: no usable pages in manifest.,2026-07-17T15:20:42.059076
echoran,bpt6k6759257j,,failed,0,0,,no_usable_pages,known,,,bpt6k6759257j: no usable pages in manifest.,2026-07-17T15:20:42.263332
echoran,bpt6k6759258z,,failed,0,0,,no_usable_pages,known,,,bpt6k6759258z: no usable pages in manifest.,2026-07-17T15:20:42.484600
echoran,bpt6k6759259c,,failed,0,0,,no_usable_pages,known,,,bpt6k6759259c: no usable pages in manifest.,2026-07-17T15:20:42.751844
echoran,bpt6k67592601,,failed,0,0,,no_usable_pages,known,,,bpt6k67592601: no usable pages in manifest.,2026-07-17T15:20:42.986613
echoran,bpt6k6759261f,,failed,0,0,,no_usable_pages,known,,,bpt6k6759261f: no usable pages in manifest.,2026-07-17T15:20:43.244063
echoran,bpt6k6759262v,,failed,0,0,,no_usable_pages,known,,,bpt6k6759262v: no usable pages in manifest.,2026-07-17T15:20:43.654645
echoran,bpt6k67592638,,failed,0,0,,no_usable_pages,known,,,bpt6k67592638: no usable pages in manifest.,2026-07-17T15:20:43.848891
echoran,bpt6k6759264p,,failed,0,0,,no_usable_pages,known,,,bpt6k6759264p: no usable pages in manifest.,2026-07-17T15:20:43.985539
echoran,bpt6k67592653,,failed,0,0,,no_usable_pages,known,,,bpt6k67592653: no usable pages in manifest.,2026-07-17T15:20:44.103212
echoran,bpt6k6759266h,,failed,0,0,,no_usable_pages,known,,,bpt6k6759266h: no usable pages in manifest.,2026-07-17T15:20:44.314056
echoran,bpt6k6759267x,,failed,0,0,,no_usable_pages,known,,,bpt6k6759267x: no usable pages in manifest.,2026-07-17T15:20:44.517239
echoran,bpt6k6759268b,,failed,0,0,,no_usable_pages,known,,,bpt6k6759268b: no usable pages in manifest.,2026-07-17T15:20:44.752199
echoran,bpt6k6759269r,,failed,0,0,,no_usable_pages,known,,,bpt6k6759269r: no usable pages in manifest.,2026-07-17T15:20:45.486766
echoran,bpt6k6759270d,,failed,0,0,,no_usable_pages,known,,,bpt6k6759270d: no usable pages in manifest.,2026-07-17T15:20:45.699754
echoran,bpt6k6759271t,,failed,0,0,,no_usable_pages,known,,,bpt6k6759271t: no usable pages in manifest.,2026-07-17T15:20:45.871227
echoran,bpt6k67592727,,failed,0,0,,no_usable_pages,known,,,bpt6k67592727: no usable pages in manifest.,2026-07-17T15:20:46.067510
echoran,bpt6k6759273n,,failed,0,0,,no_usable_pages,known,,,bpt6k6759273n: no usable pages in manifest.,2026-07-17T15:20:46.217130
echoran,bpt6k67592742,,failed,0,0,,no_usable_pages,known,,,bpt6k67592742: no usable pages in manifest.,2026-07-17T15:20:46.349304
echoran,bpt6k6759275g,,failed,0,0,,no_usable_pages,known,,,bpt6k6759275g: no usable pages in manifest.,2026-07-17T15:20:46.479827
echoran,bpt6k6759276w,,failed,0,0,,no_usable_pages,known,,,bpt6k6759276w: no usable pages in manifest.,2026-07-17T15:20:46.630986
echoran,bpt6k67592779,,failed,0,0,,no_usable_pages,known,,,bpt6k67592779: no usable pages in manifest.,2026-07-17T15:20:46.764586
echoran,bpt6k6759278q,,failed,0,0,,no_usable_pages,known,,,bpt6k6759278q: no usable pages in manifest.,2026-07-17T15:20:47.018477
echoran,bpt6k67592794,,failed,0,0,,no_usable_pages,known,,,bpt6k67592794: no usable pages in manifest.,2026-07-17T15:20:47.190129
echoran,bpt6k6759280s,,failed,0,0,,no_usable_pages,known,,,bpt6k6759280s: no usable pages in manifest.,2026-07-17T15:20:47.366957
echoran,bpt6k67592816,,failed,0,0,,no_usable_pages,known,,,bpt6k67592816: no usable pages in manifest.,2026-07-17T15:20:47.492230
echoran,bpt6k6759282m,,failed,0,0,,no_usable_pages,known,,,bpt6k6759282m: no usable pages in manifest.,2026-07-17T15:20:47.638959
echoran,bpt6k67592831,,failed,0,0,,no_usable_pages,known,,,bpt6k67592831: no usable pages in manifest.,2026-07-17T15:20:47.806999
echoran,bpt6k6759284f,,failed,0,0,,no_usable_pages,known,,,bpt6k6759284f: no usable pages in manifest.,2026-07-17T15:20:48.018010
echoran,bpt6k6759285v,,failed,0,0,,no_usable_pages,known,,,bpt6k6759285v: no usable pages in manifest.,2026-07-17T15:20:48.170428
echoran,bpt6k67592868,,failed,0,0,,no_usable_pages,known,,,bpt6k67592868: no usable pages in manifest.,2026-07-17T15:20:48.416897
echoran,bpt6k6759287p,,failed,0,0,,no_usable_pages,known,,,bpt6k6759287p: no usable pages in manifest.,2026-07-17T15:20:48.584577
echoran,bpt6k67592883,,failed,0,0,,no_usable_pages,known,,,bpt6k67592883: no usable pages in manifest.,2026-07-17T15:20:48.720227
echoran,bpt6k6759289h,,failed,0,0,,no_usable_pages,known,,,bpt6k6759289h: no usable pages in manifest.,2026-07-17T15:20:48.930964
echoran,bpt6k67592905,,failed,0,0,,no_usable_pages,known,,,bpt6k67592905: no usable pages in manifest.,2026-07-17T15:20:49.541678
echoran,bpt6k6759291k,,failed,0,0,,no_usable_pages,known,,,bpt6k6759291k: no usable pages in manifest.,2026-07-17T15:20:50.110666
echoran,bpt6k67592920,,failed,0,0,,no_usable_pages,known,,,bpt6k67592920: no usable pages in manifest.,2026-07-17T15:20:50.307931
echoran,bpt6k6759293d,,failed,0,0,,no_usable_pages,known,,,bpt6k6759293d: no usable pages in manifest.,2026-07-17T15:20:50.503839
echoran,bpt6k6759294t,,failed,0,0,,no_usable_pages,known,,,bpt6k6759294t: no usable pages in manifest.,2026-07-17T15:20:50.641254
echoran,bpt6k67592957,,failed,0,0,,no_usable_pages,known,,,bpt6k67592957: no usable pages in manifest.,2026-07-17T15:20:50.802683
echoran,bpt6k6759296n,,failed,0,0,,no_usable_pages,known,,,bpt6k6759296n: no usable pages in manifest.,2026-07-17T15:20:51.090823
echoran,bpt6k67592972,,failed,0,0,,no_usable_pages,known,,,bpt6k67592972: no usable pages in manifest.,2026-07-17T15:20:51.370326
echoran,bpt6k6759298g,,failed,0,0,,no_usable_pages,known,,,bpt6k6759298g: no usable pages in manifest.,2026-07-17T15:20:51.582407
echoran,bpt6k6759299w,,failed,0,0,,no_usable_pages,known,,,bpt6k6759299w: no usable pages in manifest.,2026-07-17T15:20:51.752078
echoran,bpt6k67593003,,failed,0,0,,no_usable_pages,known,,,bpt6k67593003: no usable pages in manifest.,2026-07-17T15:20:51.875207
echoran,bpt6k6759301h,,failed,0,0,,no_usable_pages,known,,,bpt6k6759301h: no usable pages in manifest.,2026-07-17T15:20:52.045697
echoran,bpt6k6759302x,,failed,0,0,,no_usable_pages,known,,,bpt6k6759302x: no usable pages in manifest.,2026-07-17T15:20:52.190150
echoran,bpt6k6759303b,,failed,0,0,,no_usable_pages,known,,,bpt6k6759303b: no usable pages in manifest.,2026-07-17T15:20:52.328459
echoran,bpt6k6759304r,,failed,0,0,,no_usable_pages,known,,,bpt6k6759304r: no usable pages in manifest.,2026-07-17T15:20:52.528756
echoran,bpt6k67593055,,failed,0,0,,no_usable_pages,known,,,bpt6k67593055: no usable pages in manifest.,2026-07-17T15:20:52.777584
echoran,bpt6k6759306k,,failed,0,0,,no_usable_pages,known,,,bpt6k6759306k: no usable pages in manifest.,2026-07-17T15:20:52.890695
echoran,bpt6k67593070,,failed,0,0,,no_usable_pages,known,,,bpt6k67593070: no usable pages in manifest.,2026-07-17T15:20:53.010299
echoran,bpt6k6759308d,,failed,0,0,,no_usable_pages,known,,,bpt6k6759308d: no usable pages in manifest.,2026-07-17T15:20:53.151900
echoran,bpt6k6759309t,,failed,0,0,,no_usable_pages,known,,,bpt6k6759309t: no usable pages in manifest.,2026-07-17T15:20:53.334755
echoran,bpt6k6759310g,,failed,0,0,,no_usable_pages,known,,,bpt6k6759310g: no usable pages in manifest.,2026-07-17T15:20:53.537236
echoran,bpt6k6759311w,,failed,0,0,,no_usable_pages,known,,,bpt6k6759311w: no usable pages in manifest.,2026-07-17T15:20:54.473445
echoran,bpt6k67593129,,failed,0,0,,no_usable_pages,known,,,bpt6k67593129: no usable pages in manifest.,2026-07-17T15:20:54.926083
echoran,bpt6k6759313q,,failed,0,0,,no_usable_pages,known,,,bpt6k6759313q: no usable pages in manifest.,2026-07-17T15:20:55.271612
echoran,bpt6k67593144,,failed,0,0,,no_usable_pages,known,,,bpt6k67593144: no usable pages in manifest.,2026-07-17T15:20:55.411687
echoran,bpt6k6759315j,,failed,0,0,,no_usable_pages,known,,,bpt6k6759315j: no usable pages in manifest.,2026-07-17T15:20:55.556518
echoran,bpt6k6759316z,,failed,0,0,,no_usable_pages,known,,,bpt6k6759316z: no usable pages in manifest.,2026-07-17T15:20:55.719408
echoran,bpt6k6759317c,,failed,0,0,,no_usable_pages,known,,,bpt6k6759317c: no usable pages in manifest.,2026-07-17T15:20:55.841571
echoran,bpt6k6759318s,,failed,0,0,,no_usable_pages,known,,,bpt6k6759318s: no usable pages in manifest.,2026-07-17T15:20:55.983900
echoran,bpt6k67593196,,failed,0,0,,no_usable_pages,known,,,bpt6k67593196: no usable pages in manifest.,2026-07-17T15:20:56.194197
echoran,bpt6k6759320v,,failed,0,0,,no_usable_pages,known,,,bpt6k6759320v: no usable pages in manifest.,2026-07-17T15:20:56.644265
echoran,bpt6k67593218,,failed,0,0,,no_usable_pages,known,,,bpt6k67593218: no usable pages in manifest.,2026-07-17T15:20:56.832429
echoran,bpt6k6759322p,,failed,0,0,,no_usable_pages,known,,,bpt6k6759322p: no usable pages in manifest.,2026-07-17T15:20:56.962519
echoran,bpt6k67593233,,failed,0,0,,no_usable_pages,known,,,bpt6k67593233: no usable pages in manifest.,2026-07-17T15:20:57.102133
echoran,bpt6k6759324h,,failed,0,0,,no_usable_pages,known,,,bpt6k6759324h: no usable pages in manifest.,2026-07-17T15:20:57.317630
echoran,bpt6k6759325x,,failed,0,0,,no_usable_pages,known,,,bpt6k6759325x: no usable pages in manifest.,2026-07-17T15:20:57.509103
echoran,bpt6k6759326b,,failed,0,0,,no_usable_pages,known,,,bpt6k6759326b: no usable pages in manifest.,2026-07-17T15:20:57.653375
echoran,bpt6k6759327r,,failed,0,0,,no_usable_pages,known,,,bpt6k6759327r: no usable pages in manifest.,2026-07-17T15:20:57.831611
echoran,bpt6k67593285,,failed,0,0,,no_usable_pages,known,,,bpt6k67593285: no usable pages in manifest.,2026-07-17T15:20:58.026069
echoran,bpt6k6759329k,,failed,0,0,,no_usable_pages,known,,,bpt6k6759329k: no usable pages in manifest.,2026-07-17T15:20:58.212235
echoran,bpt6k67593307,,failed,0,0,,no_usable_pages,known,,,bpt6k67593307: no usable pages in manifest.,2026-07-17T15:20:58.450056
echoran,bpt6k6759331n,,failed,0,0,,no_usable_pages,known,,,bpt6k6759331n: no usable pages in manifest.,2026-07-17T15:20:58.772010
echoran,bpt6k67593322,,failed,0,0,,no_usable_pages,known,,,bpt6k67593322: no usable pages in manifest.,2026-07-17T15:20:59.080771
echoran,bpt6k6759333g,,failed,0,0,,no_usable_pages,known,,,bpt6k6759333g: no usable pages in manifest.,2026-07-17T15:20:59.277525
echoran,bpt6k6759334w,,failed,0,0,,no_usable_pages,known,,,bpt6k6759334w: no usable pages in manifest.,2026-07-17T15:20:59.466993
echoran,bpt6k67593359,,failed,0,0,,no_usable_pages,known,,,bpt6k67593359: no usable pages in manifest.,2026-07-17T15:20:59.658592
echoran,bpt6k6759336q,,failed,0,0,,no_usable_pages,known,,,bpt6k6759336q: no usable pages in manifest.,2026-07-17T15:20:59.830094
echoran,bpt6k67593374,,failed,0,0,,no_usable_pages,known,,,bpt6k67593374: no usable pages in manifest.,2026-07-17T15:21:00.323309
echoran,bpt6k6759338j,,failed,0,0,,no_usable_pages,known,,,bpt6k6759338j: no usable pages in manifest.,2026-07-17T15:21:00.520083
echoran,bpt6k6759339z,,failed,0,0,,no_usable_pages,known,,,bpt6k6759339z: no usable pages in manifest.,2026-07-17T15:21:00.676106
echoran,bpt6k6759340m,,failed,0,0,,no_usable_pages,known,,,bpt6k6759340m: no usable pages in manifest.,2026-07-17T15:21:00.841325
echoran,bpt6k67593411,,failed,0,0,,no_usable_pages,known,,,bpt6k67593411: no usable pages in manifest.,2026-07-17T15:21:00.933651
echoran,bpt6k6759342f,,failed,0,0,,no_usable_pages,known,,,bpt6k6759342f: no usable pages in manifest.,2026-07-17T15:21:01.094199
echoran,bpt6k6759343v,,failed,0,0,,no_usable_pages,known,,,bpt6k6759343v: no usable pages in manifest.,2026-07-17T15:21:01.213536
echoran,bpt6k67593448,,failed,0,0,,no_usable_pages,known,,,bpt6k67593448: no usable pages in manifest.,2026-07-17T15:21:01.313055
echoran,bpt6k6759345p,,failed,0,0,,no_usable_pages,known,,,bpt6k6759345p: no usable pages in manifest.,2026-07-17T15:21:01.435684
echoran,bpt6k67593463,,failed,0,0,,no_usable_pages,known,,,bpt6k67593463: no usable pages in manifest.,2026-07-17T15:21:01.655912
echoran,bpt6k6759347h,,failed,0,0,,no_usable_pages,known,,,bpt6k6759347h: no usable pages in manifest.,2026-07-17T15:21:01.797110
echoran,bpt6k6759348x,,failed,0,0,,no_usable_pages,known,,,bpt6k6759348x: no usable pages in manifest.,2026-07-17T15:21:02.039586
echoran,bpt6k6759349b,,failed,0,0,,no_usable_pages,known,,,bpt6k6759349b: no usable pages in manifest.,2026-07-17T15:21:02.212318
echoran,bpt6k67593500,,failed,0,0,,no_usable_pages,known,,,bpt6k67593500: no usable pages in manifest.,2026-07-17T15:21:02.335127
echoran,bpt6k6759351d,,failed,0,0,,no_usable_pages,known,,,bpt6k6759351d: no usable pages in manifest.,2026-07-17T15:21:02.475353
echoran,bpt6k6759352t,,failed,0,0,,no_usable_pages,known,,,bpt6k6759352t: no usable pages in manifest.,2026-07-17T15:21:02.605914
echoran,bpt6k67593537,,failed,0,0,,no_usable_pages,known,,,bpt6k67593537: no usable pages in manifest.,2026-07-17T15:21:02.764203
echoran,bpt6k6759354n,,failed,0,0,,no_usable_pages,known,,,bpt6k6759354n: no usable pages in manifest.,2026-07-17T15:21:02.894111
echoran,bpt6k67593552,,failed,0,0,,no_usable_pages,known,,,bpt6k67593552: no usable pages in manifest.,2026-07-17T15:21:03.091585
echoran,bpt6k6759356g,,failed,0,0,,no_usable_pages,known,,,bpt6k6759356g: no usable pages in manifest.,2026-07-17T15:21:03.554073
echoran,bpt6k6759357w,,failed,0,0,,no_usable_pages,known,,,bpt6k6759357w: no usable pages in manifest.,2026-07-17T15:21:03.804868
echoran,bpt6k67593589,,failed,0,0,,no_usable_pages,known,,,bpt6k67593589: no usable pages in manifest.,2026-07-17T15:21:03.929448
echoran,bpt6k6759359q,,failed,0,0,,no_usable_pages,known,,,bpt6k6759359q: no usable pages in manifest.,2026-07-17T15:21:04.111335
echoran,bpt6k6759360c,,failed,0,0,,no_usable_pages,known,,,bpt6k6759360c: no usable pages in manifest.,2026-07-17T15:21:04.304212
echoran,bpt6k6759361s,,failed,0,0,,no_usable_pages,known,,,bpt6k6759361s: no usable pages in manifest.,2026-07-17T15:21:04.451049
echoran,bpt6k67593626,,failed,0,0,,no_usable_pages,known,,,bpt6k67593626: no usable pages in manifest.,2026-07-17T15:21:04.676287
echoran,bpt6k6759363m,,failed,0,0,,no_usable_pages,known,,,bpt6k6759363m: no usable pages in manifest.,2026-07-17T15:21:04.896023
echoran,bpt6k67593641,,failed,0,0,,no_usable_pages,known,,,bpt6k67593641: no usable pages in manifest.,2026-07-17T15:21:05.409298
echoran,bpt6k6759365f,,failed,0,0,,no_usable_pages,known,,,bpt6k6759365f: no usable pages in manifest.,2026-07-17T15:21:05.573883
echoran,bpt6k6759366v,,failed,0,0,,no_usable_pages,known,,,bpt6k6759366v: no usable pages in manifest.,2026-07-17T15:21:05.738643
echoran,bpt6k67593678,,failed,0,0,,no_usable_pages,known,,,bpt6k67593678: no usable pages in manifest.,2026-07-17T15:21:05.919752
echoran,bpt6k6759368p,,failed,0,0,,no_usable_pages,known,,,bpt6k6759368p: no usable pages in manifest.,2026-07-17T15:21:06.057121
echoran,bpt6k67593693,,failed,0,0,,no_usable_pages,known,,,bpt6k67593693: no usable pages in manifest.,2026-07-17T15:21:06.176607
echoran,bpt6k6759370r,,failed,0,0,,no_usable_pages,known,,,bpt6k6759370r: no usable pages in manifest.,2026-07-17T15:21:06.337280
echoran,bpt6k67593715,,failed,0,0,,no_usable_pages,known,,,bpt6k67593715: no usable pages in manifest.,2026-07-17T15:21:06.467207
echoran,bpt6k6759372k,,failed,0,0,,no_usable_pages,known,,,bpt6k6759372k: no usable pages in manifest.,2026-07-17T15:21:06.695278
echoran,bpt6k67593730,,failed,0,0,,no_usable_pages,known,,,bpt6k67593730: no usable pages in manifest.,2026-07-17T15:21:06.855728
echoran,bpt6k6759374d,,failed,0,0,,no_usable_pages,known,,,bpt6k6759374d: no usable pages in manifest.,2026-07-17T15:21:07.035008
echoran,bpt6k6759375t,,failed,0,0,,no_usable_pages,known,,,bpt6k6759375t: no usable pages in manifest.,2026-07-17T15:21:07.182449
echoran,bpt6k67593767,,failed,0,0,,no_usable_pages,known,,,bpt6k67593767: no usable pages in manifest.,2026-07-17T15:21:07.462975
echoran,bpt6k6759377n,,failed,0,0,,no_usable_pages,known,,,bpt6k6759377n: no usable pages in manifest.,2026-07-17T15:21:08.070741
echoran,bpt6k67593782,,failed,0,0,,no_usable_pages,known,,,bpt6k67593782: no usable pages in manifest.,2026-07-17T15:21:08.244280
echoran,bpt6k6759379g,,failed,0,0,,no_usable_pages,known,,,bpt6k6759379g: no usable pages in manifest.,2026-07-17T15:21:08.420852
echoran,bpt6k67593804,,failed,0,0,,no_usable_pages,known,,,bpt6k67593804: no usable pages in manifest.,2026-07-17T15:21:08.574082
echoran,bpt6k6759381j,,failed,0,0,,no_usable_pages,known,,,bpt6k6759381j: no usable pages in manifest.,2026-07-17T15:21:08.729302
echoran,bpt6k6759382z,,failed,0,0,,no_usable_pages,known,,,bpt6k6759382z: no usable pages in manifest.,2026-07-17T15:21:08.916549
echoran,bpt6k6759383c,,failed,0,0,,no_usable_pages,known,,,bpt6k6759383c: no usable pages in manifest.,2026-07-17T15:21:09.042093
echoran,bpt6k6759384s,,failed,0,0,,no_usable_pages,known,,,bpt6k6759384s: no usable pages in manifest.,2026-07-17T15:21:09.229723
echoran,bpt6k67593856,,failed,0,0,,no_usable_pages,known,,,bpt6k67593856: no usable pages in manifest.,2026-07-17T15:21:09.885213
echoran,bpt6k6759386m,,failed,0,0,,no_usable_pages,known,,,bpt6k6759386m: no usable pages in manifest.,2026-07-17T15:21:10.076990
echoran,bpt6k67593871,,failed,0,0,,no_usable_pages,known,,,bpt6k67593871: no usable pages in manifest.,2026-07-17T15:21:10.377278
echoran,bpt6k6759388f,,failed,0,0,,no_usable_pages,known,,,bpt6k6759388f: no usable pages in manifest.,2026-07-17T15:21:10.836930
echoran,bpt6k6759389v,,failed,0,0,,no_usable_pages,known,,,bpt6k6759389v: no usable pages in manifest.,2026-07-17T15:21:11.113131
echoran,bpt6k6759390h,,failed,0,0,,no_usable_pages,known,,,bpt6k6759390h: no usable pages in manifest.,2026-07-17T15:21:11.230449
echoran,bpt6k6759391x,,failed,0,0,,no_usable_pages,known,,,bpt6k6759391x: no usable pages in manifest.,2026-07-17T15:21:11.394316
echoran,bpt6k6759392b,,failed,0,0,,no_usable_pages,known,,,bpt6k6759392b: no usable pages in manifest.,2026-07-17T15:21:11.579299
echoran,bpt6k6759393r,,failed,0,0,,no_usable_pages,known,,,bpt6k6759393r: no usable pages in manifest.,2026-07-17T15:21:11.798148
echoran,bpt6k67593945,,failed,0,0,,no_usable_pages,known,,,bpt6k67593945: no usable pages in manifest.,2026-07-17T15:21:11.975336
echoran,bpt6k6759395k,,failed,0,0,,no_usable_pages,known,,,bpt6k6759395k: no usable pages in manifest.,2026-07-17T15:21:12.366666
echoran,bpt6k67593960,,failed,0,0,,no_usable_pages,known,,,bpt6k67593960: no usable pages in manifest.,2026-07-17T15:21:12.555244
echoran,bpt6k6759397d,,failed,0,0,,no_usable_pages,known,,,bpt6k6759397d: no usable pages in manifest.,2026-07-17T15:21:12.777396
echoran,bpt6k6759398t,,failed,0,0,,no_usable_pages,known,,,bpt6k6759398t: no usable pages in manifest.,2026-07-17T15:21:12.944266
echoran,bpt6k67593997,,failed,0,0,,no_usable_pages,known,,,bpt6k67593997: no usable pages in manifest.,2026-07-17T15:21:13.154623
echoran,bpt6k6759400f,,failed,0,0,,no_usable_pages,known,,,bpt6k6759400f: no usable pages in manifest.,2026-07-17T15:21:13.468616
echoran,bpt6k6759401v,,failed,0,0,,no_usable_pages,known,,,bpt6k6759401v: no usable pages in manifest.,2026-07-17T15:21:13.628176
echoran,bpt6k67594028,,failed,0,0,,no_usable_pages,known,,,bpt6k67594028: no usable pages in manifest.,2026-07-17T15:21:13.825086
echoran,bpt6k6759403p,,failed,0,0,,no_usable_pages,known,,,bpt6k6759403p: no usable pages in manifest.,2026-07-17T15:21:13.967894
echoran,bpt6k67594043,,failed,0,0,,no_usable_pages,known,,,bpt6k67594043: no usable pages in manifest.,2026-07-17T15:21:14.234232
echoran,bpt6k6759405h,,failed,0,0,,no_usable_pages,known,,,bpt6k6759405h: no usable pages in manifest.,2026-07-17T15:21:14.557457
echoran,bpt6k6759406x,,failed,0,0,,no_usable_pages,known,,,bpt6k6759406x: no usable pages in manifest.,2026-07-17T15:21:14.732655
echoran,bpt6k6759407b,,failed,0,0,,no_usable_pages,known,,,bpt6k6759407b: no usable pages in manifest.,2026-07-17T15:21:14.944388
echoran,bpt6k6759408r,,failed,0,0,,no_usable_pages,known,,,bpt6k6759408r: no usable pages in manifest.,2026-07-17T15:21:15.077861
echoran,bpt6k67594095,,failed,0,0,,no_usable_pages,known,,,bpt6k67594095: no usable pages in manifest.,2026-07-17T15:21:15.192689
echoran,bpt6k6759410t,,failed,0,0,,no_usable_pages,known,,,bpt6k6759410t: no usable pages in manifest.,2026-07-17T15:21:15.301088
echoran,bpt6k67594117,,failed,0,0,,no_usable_pages,known,,,bpt6k67594117: no usable pages in manifest.,2026-07-17T15:21:15.521552
echoran,bpt6k6759412n,,failed,0,0,,no_usable_pages,known,,,bpt6k6759412n: no usable pages in manifest.,2026-07-17T15:21:15.748344
echoran,bpt6k67594132,,failed,0,0,,no_usable_pages,known,,,bpt6k67594132: no usable pages in manifest.,2026-07-17T15:21:16.037212
echoran,bpt6k6759414g,,failed,0,0,,no_usable_pages,known,,,bpt6k6759414g: no usable pages in manifest.,2026-07-17T15:21:16.767224
echoran,bpt6k6759415w,,failed,0,0,,no_usable_pages,known,,,bpt6k6759415w: no usable pages in manifest.,2026-07-17T15:21:17.096294
echoran,bpt6k67594169,,failed,0,0,,no_usable_pages,known,,,bpt6k67594169: no usable pages in manifest.,2026-07-17T15:21:17.246001
echoran,bpt6k6759417q,,failed,0,0,,no_usable_pages,known,,,bpt6k6759417q: no usable pages in manifest.,2026-07-17T15:21:17.420285
echoran,bpt6k67594184,,failed,0,0,,no_usable_pages,known,,,bpt6k67594184: no usable pages in manifest.,2026-07-17T15:21:17.608031
echoran,bpt6k6759419j,,failed,0,0,,no_usable_pages,known,,,bpt6k6759419j: no usable pages in manifest.,2026-07-17T15:21:17.779578
echoran,bpt6k67594206,,failed,0,0,,no_usable_pages,known,,,bpt6k67594206: no usable pages in manifest.,2026-07-17T15:21:17.970444
echoran,bpt6k6759421m,,failed,0,0,,no_usable_pages,known,,,bpt6k6759421m: no usable pages in manifest.,2026-07-17T15:21:18.179721
echoran,bpt6k67594221,,failed,0,0,,no_usable_pages,known,,,bpt6k67594221: no usable pages in manifest.,2026-07-17T15:21:18.316511
echoran,bpt6k6759423f,,failed,0,0,,no_usable_pages,known,,,bpt6k6759423f: no usable pages in manifest.,2026-07-17T15:21:18.505457
echoran,bpt6k6759424v,,failed,0,0,,no_usable_pages,known,,,bpt6k6759424v: no usable pages in manifest.,2026-07-17T15:21:18.732339
echoran,bpt6k67594258,,failed,0,0,,no_usable_pages,known,,,bpt6k67594258: no usable pages in manifest.,2026-07-17T15:21:18.849105
echoran,bpt6k6759426p,,failed,0,0,,no_usable_pages,known,,,bpt6k6759426p: no usable pages in manifest.,2026-07-17T15:21:18.995514
echoran,bpt6k67594273,,failed,0,0,,no_usable_pages,known,,,bpt6k67594273: no usable pages in manifest.,2026-07-17T15:21:19.266079
echoran,bpt6k6759428h,,failed,0,0,,no_usable_pages,known,,,bpt6k6759428h: no usable pages in manifest.,2026-07-17T15:21:19.417854
echoran,bpt6k6759429x,,failed,0,0,,no_usable_pages,known,,,bpt6k6759429x: no usable pages in manifest.,2026-07-17T15:21:19.674262
echoran,bpt6k6759430k,,failed,0,0,,no_usable_pages,known,,,bpt6k6759430k: no usable pages in manifest.,2026-07-17T15:21:19.797080
echoran,bpt6k67594310,,failed,0,0,,no_usable_pages,known,,,bpt6k67594310: no usable pages in manifest.,2026-07-17T15:21:19.958098
echoran,bpt6k6759432d,,failed,0,0,,no_usable_pages,known,,,bpt6k6759432d: no usable pages in manifest.,2026-07-17T15:21:20.081267
echoran,bpt6k6759433t,,failed,0,0,,no_usable_pages,known,,,bpt6k6759433t: no usable pages in manifest.,2026-07-17T15:21:20.276021
echoran,bpt6k67594347,,failed,0,0,,no_usable_pages,known,,,bpt6k67594347: no usable pages in manifest.,2026-07-17T15:21:20.430758
echoran,bpt6k6759435n,,failed,0,0,,no_usable_pages,known,,,bpt6k6759435n: no usable pages in manifest.,2026-07-17T15:21:20.693274
echoran,bpt6k67594362,,failed,0,0,,no_usable_pages,known,,,bpt6k67594362: no usable pages in manifest.,2026-07-17T15:21:21.094303
echoran,bpt6k6759437g,,failed,0,0,,no_usable_pages,known,,,bpt6k6759437g: no usable pages in manifest.,2026-07-17T15:21:21.468607
echoran,bpt6k6759438w,,failed,0,0,,no_usable_pages,known,,,bpt6k6759438w: no usable pages in manifest.,2026-07-17T15:21:21.634476
echoran,bpt6k67594399,,failed,0,0,,no_usable_pages,known,,,bpt6k67594399: no usable pages in manifest.,2026-07-17T15:21:21.907629
echoran,bpt6k6759440z,,failed,0,0,,no_usable_pages,known,,,bpt6k6759440z: no usable pages in manifest.,2026-07-17T15:21:22.276679
echoran,bpt6k6759441c,,failed,0,0,,no_usable_pages,known,,,bpt6k6759441c: no usable pages in manifest.,2026-07-17T15:21:22.851232
echoran,bpt6k6759442s,,failed,0,0,,no_usable_pages,known,,,bpt6k6759442s: no usable pages in manifest.,2026-07-17T15:21:23.009436
echoran,bpt6k67594436,,failed,0,0,,no_usable_pages,known,,,bpt6k67594436: no usable pages in manifest.,2026-07-17T15:21:23.136599
echoran,bpt6k6759444m,,failed,0,0,,no_usable_pages,known,,,bpt6k6759444m: no usable pages in manifest.,2026-07-17T15:21:23.245939
echoran,bpt6k67594451,,failed,0,0,,no_usable_pages,known,,,bpt6k67594451: no usable pages in manifest.,2026-07-17T15:21:23.394637
echoran,bpt6k6759446f,,failed,0,0,,no_usable_pages,known,,,bpt6k6759446f: no usable pages in manifest.,2026-07-17T15:21:23.524129
echoran,bpt6k6759447v,,failed,0,0,,no_usable_pages,known,,,bpt6k6759447v: no usable pages in manifest.,2026-07-17T15:21:23.699585
echoran,bpt6k67594488,,failed,0,0,,no_usable_pages,known,,,bpt6k67594488: no usable pages in manifest.,2026-07-17T15:21:24.014702
echoran,bpt6k6759449p,,failed,0,0,,no_usable_pages,known,,,bpt6k6759449p: no usable pages in manifest.,2026-07-17T15:21:24.239602
echoran,bpt6k6759450b,,failed,0,0,,no_usable_pages,known,,,bpt6k6759450b: no usable pages in manifest.,2026-07-17T15:21:24.473372
echoran,bpt6k6759451r,,failed,0,0,,no_usable_pages,known,,,bpt6k6759451r: no usable pages in manifest.,2026-07-17T15:21:24.593734
echoran,bpt6k67594525,,failed,0,0,,no_usable_pages,known,,,bpt6k67594525: no usable pages in manifest.,2026-07-17T15:21:24.758862
echoran,bpt6k6759453k,,failed,0,0,,no_usable_pages,known,,,bpt6k6759453k: no usable pages in manifest.,2026-07-17T15:21:25.068145
echoran,bpt6k67594540,,failed,0,0,,no_usable_pages,known,,,bpt6k67594540: no usable pages in manifest.,2026-07-17T15:21:25.549399
echoran,bpt6k6759455d,,failed,0,0,,no_usable_pages,known,,,bpt6k6759455d: no usable pages in manifest.,2026-07-17T15:21:25.673113
echoran,bpt6k6759456t,,failed,0,0,,no_usable_pages,known,,,bpt6k6759456t: no usable pages in manifest.,2026-07-17T15:21:25.814826
echoran,bpt6k67594577,,failed,0,0,,no_usable_pages,known,,,bpt6k67594577: no usable pages in manifest.,2026-07-17T15:21:26.067993
echoran,bpt6k6759458n,,failed,0,0,,no_usable_pages,known,,,bpt6k6759458n: no usable pages in manifest.,2026-07-17T15:21:26.299985
echoran,bpt6k67594592,,failed,0,0,,no_usable_pages,known,,,bpt6k67594592: no usable pages in manifest.,2026-07-17T15:21:26.513446
echoran,bpt6k6759460q,,failed,0,0,,no_usable_pages,known,,,bpt6k6759460q: no usable pages in manifest.,2026-07-17T15:21:26.686905
echoran,bpt6k67594614,,failed,0,0,,no_usable_pages,known,,,bpt6k67594614: no usable pages in manifest.,2026-07-17T15:21:26.828597
echoran,bpt6k6759462j,,failed,0,0,,no_usable_pages,known,,,bpt6k6759462j: no usable pages in manifest.,2026-07-17T15:21:27.010597
echoran,bpt6k6759463z,,failed,0,0,,no_usable_pages,known,,,bpt6k6759463z: no usable pages in manifest.,2026-07-17T15:21:27.178037
echoran,bpt6k6759464c,,failed,0,0,,no_usable_pages,known,,,bpt6k6759464c: no usable pages in manifest.,2026-07-17T15:21:27.329419
echoran,bpt6k6759465s,,failed,0,0,,no_usable_pages,known,,,bpt6k6759465s: no usable pages in manifest.,2026-07-17T15:21:27.438419
echoran,bpt6k67594666,,failed,0,0,,no_usable_pages,known,,,bpt6k67594666: no usable pages in manifest.,2026-07-17T15:21:27.646209
echoran,bpt6k6759467m,,failed,0,0,,no_usable_pages,known,,,bpt6k6759467m: no usable pages in manifest.,2026-07-17T15:21:28.142073
echoran,bpt6k67594681,,failed,0,0,,no_usable_pages,known,,,bpt6k67594681: no usable pages in manifest.,2026-07-17T15:21:28.393469
echoran,bpt6k6759469f,,failed,0,0,,no_usable_pages,known,,,bpt6k6759469f: no usable pages in manifest.,2026-07-17T15:21:28.555048
echoran,bpt6k67594703,,failed,0,0,,no_usable_pages,known,,,bpt6k67594703: no usable pages in manifest.,2026-07-17T15:21:28.690435
echoran,bpt6k6759471h,,failed,0,0,,no_usable_pages,known,,,bpt6k6759471h: no usable pages in manifest.,2026-07-17T15:21:28.957765
echoran,bpt6k6759472x,,failed,0,0,,no_usable_pages,known,,,bpt6k6759472x: no usable pages in manifest.,2026-07-17T15:21:29.100382
echoran,bpt6k6759473b,,failed,0,0,,no_usable_pages,known,,,bpt6k6759473b: no usable pages in manifest.,2026-07-17T15:21:29.936852
echoran,bpt6k6759474r,,failed,0,0,,no_usable_pages,known,,,bpt6k6759474r: no usable pages in manifest.,2026-07-17T15:21:30.331230
echoran,bpt6k67594755,,failed,0,0,,no_usable_pages,known,,,bpt6k67594755: no usable pages in manifest.,2026-07-17T15:21:30.607072
echoran,bpt6k6759476k,,failed,0,0,,no_usable_pages,known,,,bpt6k6759476k: no usable pages in manifest.,2026-07-17T15:21:30.856909
echoran,bpt6k67594770,,failed,0,0,,no_usable_pages,known,,,bpt6k67594770: no usable pages in manifest.,2026-07-17T15:21:31.143897
echoran,bpt6k6759478d,,failed,0,0,,no_usable_pages,known,,,bpt6k6759478d: no usable pages in manifest.,2026-07-17T15:21:31.326528
echoran,bpt6k6759479t,,failed,0,0,,no_usable_pages,known,,,bpt6k6759479t: no usable pages in manifest.,2026-07-17T15:21:31.552661
echoran,bpt6k6759480g,,failed,0,0,,no_usable_pages,known,,,bpt6k6759480g: no usable pages in manifest.,2026-07-17T15:21:31.803566
echoran,bpt6k6759481w,,failed,0,0,,no_usable_pages,known,,,bpt6k6759481w: no usable pages in manifest.,2026-07-17T15:21:32.097720
echoran,bpt6k67594829,,failed,0,0,,no_usable_pages,known,,,bpt6k67594829: no usable pages in manifest.,2026-07-17T15:21:32.233129
echoran,bpt6k6759483q,,failed,0,0,,no_usable_pages,known,,,bpt6k6759483q: no usable pages in manifest.,2026-07-17T15:21:32.396132
echoran,bpt6k67594844,,failed,0,0,,no_usable_pages,known,,,bpt6k67594844: no usable pages in manifest.,2026-07-17T15:21:32.604643
echoran,bpt6k6759485j,,failed,0,0,,no_usable_pages,known,,,bpt6k6759485j: no usable pages in manifest.,2026-07-17T15:21:32.764576
echoran,bpt6k6759486z,,failed,0,0,,no_usable_pages,known,,,bpt6k6759486z: no usable pages in manifest.,2026-07-17T15:21:32.894390
echoran,bpt6k6759487c,,failed,0,0,,no_usable_pages,known,,,bpt6k6759487c: no usable pages in manifest.,2026-07-17T15:21:33.061453
echoran,bpt6k6759488s,,failed,0,0,,no_usable_pages,known,,,bpt6k6759488s: no usable pages in manifest.,2026-07-17T15:21:33.220851
echoran,bpt6k67594896,,failed,0,0,,no_usable_pages,known,,,bpt6k67594896: no usable pages in manifest.,2026-07-17T15:21:33.434617
echoran,bpt6k6759490v,,failed,0,0,,no_usable_pages,known,,,bpt6k6759490v: no usable pages in manifest.,2026-07-17T15:21:33.651694
echoran,bpt6k67594918,,failed,0,0,,no_usable_pages,known,,,bpt6k67594918: no usable pages in manifest.,2026-07-17T15:21:34.525531
echoran,bpt6k6759492p,,failed,0,0,,no_usable_pages,known,,,bpt6k6759492p: no usable pages in manifest.,2026-07-17T15:21:34.887811
echoran,bpt6k67594933,,failed,0,0,,no_usable_pages,known,,,bpt6k67594933: no usable pages in manifest.,2026-07-17T15:21:35.350427
echoran,bpt6k6759494h,,failed,0,0,,no_usable_pages,known,,,bpt6k6759494h: no usable pages in manifest.,2026-07-17T15:21:35.478399
echoran,bpt6k6759495x,,failed,0,0,,no_usable_pages,known,,,bpt6k6759495x: no usable pages in manifest.,2026-07-17T15:21:35.630161
echoran,bpt6k6759496b,,failed,0,0,,no_usable_pages,known,,,bpt6k6759496b: no usable pages in manifest.,2026-07-17T15:21:35.770698
echoran,bpt6k6759497r,,failed,0,0,,no_usable_pages,known,,,bpt6k6759497r: no usable pages in manifest.,2026-07-17T15:21:35.915648
echoran,bpt6k67594985,,failed,0,0,,no_usable_pages,known,,,bpt6k67594985: no usable pages in manifest.,2026-07-17T15:21:36.052107
echoran,bpt6k6759499k,,failed,0,0,,no_usable_pages,known,,,bpt6k6759499k: no usable pages in manifest.,2026-07-17T15:21:36.195518
echoran,bpt6k6759500s,,failed,0,0,,no_usable_pages,known,,,bpt6k6759500s: no usable pages in manifest.,2026-07-17T15:21:36.411934
echoran,bpt6k67595016,,failed,0,0,,no_usable_pages,known,,,bpt6k67595016: no usable pages in manifest.,2026-07-17T15:21:36.600070
echoran,bpt6k6759502m,,failed,0,0,,no_usable_pages,known,,,bpt6k6759502m: no usable pages in manifest.,2026-07-17T15:21:36.757543
echoran,bpt6k67595031,,failed,0,0,,no_usable_pages,known,,,bpt6k67595031: no usable pages in manifest.,2026-07-17T15:21:36.962364
echoran,bpt6k6759504f,,failed,0,0,,no_usable_pages,known,,,bpt6k6759504f: no usable pages in manifest.,2026-07-17T15:21:37.100014
echoran,bpt6k6759505v,,failed,0,0,,no_usable_pages,known,,,bpt6k6759505v: no usable pages in manifest.,2026-07-17T15:21:37.264001
echoran,bpt6k67595068,,failed,0,0,,no_usable_pages,known,,,bpt6k67595068: no usable pages in manifest.,2026-07-17T15:21:37.472198
echoran,bpt6k6759507p,,failed,0,0,,no_usable_pages,known,,,bpt6k6759507p: no usable pages in manifest.,2026-07-17T15:21:37.587228
echoran,bpt6k67595083,,failed,0,0,,no_usable_pages,known,,,bpt6k67595083: no usable pages in manifest.,2026-07-17T15:21:37.773213
echoran,bpt6k6759509h,,failed,0,0,,no_usable_pages,known,,,bpt6k6759509h: no usable pages in manifest.,2026-07-17T15:21:37.903965
echoran,bpt6k67595105,,failed,0,0,,no_usable_pages,known,,,bpt6k67595105: no usable pages in manifest.,2026-07-17T15:21:38.144011
echoran,bpt6k6759511k,,failed,0,0,,no_usable_pages,known,,,bpt6k6759511k: no usable pages in manifest.,2026-07-17T15:21:38.351216
echoran,bpt6k67595120,,failed,0,0,,no_usable_pages,known,,,bpt6k67595120: no usable pages in manifest.,2026-07-17T15:21:38.740353
echoran,bpt6k6759513d,,failed,0,0,,no_usable_pages,known,,,bpt6k6759513d: no usable pages in manifest.,2026-07-17T15:21:39.163204
echoran,bpt6k6759514t,,failed,0,0,,no_usable_pages,known,,,bpt6k6759514t: no usable pages in manifest.,2026-07-17T15:21:39.300199
echoran,bpt6k67595157,,failed,0,0,,no_usable_pages,known,,,bpt6k67595157: no usable pages in manifest.,2026-07-17T15:21:39.622080
echoran,bpt6k6759516n,,failed,0,0,,no_usable_pages,known,,,bpt6k6759516n: no usable pages in manifest.,2026-07-17T15:21:40.160434
echoran,bpt6k67595172,,failed,0,0,,no_usable_pages,known,,,bpt6k67595172: no usable pages in manifest.,2026-07-17T15:21:40.403761
echoran,bpt6k6759518g,,failed,0,0,,no_usable_pages,known,,,bpt6k6759518g: no usable pages in manifest.,2026-07-17T15:21:40.717939
echoran,bpt6k6759519w,,failed,0,0,,no_usable_pages,known,,,bpt6k6759519w: no usable pages in manifest.,2026-07-17T15:21:40.838852
echoran,bpt6k6759520j,,failed,0,0,,no_usable_pages,known,,,bpt6k6759520j: no usable pages in manifest.,2026-07-17T15:21:41.043243
echoran,bpt6k6759521z,,failed,0,0,,no_usable_pages,known,,,bpt6k6759521z: no usable pages in manifest.,2026-07-17T15:21:41.189335
echoran,bpt6k6759522c,,failed,0,0,,no_usable_pages,known,,,bpt6k6759522c: no usable pages in manifest.,2026-07-17T15:21:41.294605
echoran,bpt6k6759523s,,failed,0,0,,no_usable_pages,known,,,bpt6k6759523s: no usable pages in manifest.,2026-07-17T15:21:41.413917
echoran,bpt6k67595246,,failed,0,0,,no_usable_pages,known,,,bpt6k67595246: no usable pages in manifest.,2026-07-17T15:21:41.547333
echoran,bpt6k6759525m,,failed,0,0,,no_usable_pages,known,,,bpt6k6759525m: no usable pages in manifest.,2026-07-17T15:21:41.715998
echoran,bpt6k67595261,,failed,0,0,,no_usable_pages,known,,,bpt6k67595261: no usable pages in manifest.,2026-07-17T15:21:41.872734
echoran,bpt6k6759527f,,failed,0,0,,no_usable_pages,known,,,bpt6k6759527f: no usable pages in manifest.,2026-07-17T15:21:42.087693
echoran,bpt6k6759528v,,failed,0,0,,no_usable_pages,known,,,bpt6k6759528v: no usable pages in manifest.,2026-07-17T15:21:42.230154
echoran,bpt6k67595298,,failed,0,0,,no_usable_pages,known,,,bpt6k67595298: no usable pages in manifest.,2026-07-17T15:21:42.371307
echoran,bpt6k6759530x,,failed,0,0,,no_usable_pages,known,,,bpt6k6759530x: no usable pages in manifest.,2026-07-17T15:21:42.487597
echoran,bpt6k6759531b,,failed,0,0,,no_usable_pages,known,,,bpt6k6759531b: no usable pages in manifest.,2026-07-17T15:21:42.579838
echoran,bpt6k6759532r,,failed,0,0,,no_usable_pages,known,,,bpt6k6759532r: no usable pages in manifest.,2026-07-17T15:21:42.737164
echoran,bpt6k67595335,,failed,0,0,,no_usable_pages,known,,,bpt6k67595335: no usable pages in manifest.,2026-07-17T15:21:42.931450
echoran,bpt6k6759534k,,failed,0,0,,no_usable_pages,known,,,bpt6k6759534k: no usable pages in manifest.,2026-07-17T15:21:43.058581
echoran,bpt6k67595350,,failed,0,0,,no_usable_pages,known,,,bpt6k67595350: no usable pages in manifest.,2026-07-17T15:21:43.226235
echoran,bpt6k6759536d,,failed,0,0,,no_usable_pages,known,,,bpt6k6759536d: no usable pages in manifest.,2026-07-17T15:21:43.393468
echoran,bpt6k6759537t,,failed,0,0,,no_usable_pages,known,,,bpt6k6759537t: no usable pages in manifest.,2026-07-17T15:21:43.652209
echoran,bpt6k67595387,,failed,0,0,,no_usable_pages,known,,,bpt6k67595387: no usable pages in manifest.,2026-07-17T15:21:44.079612
echoran,bpt6k6759539n,,failed,0,0,,no_usable_pages,known,,,bpt6k6759539n: no usable pages in manifest.,2026-07-17T15:21:44.223849
echoran,bpt6k67595409,,failed,0,0,,no_usable_pages,known,,,bpt6k67595409: no usable pages in manifest.,2026-07-17T15:21:44.392653
echoran,bpt6k6759541q,,failed,0,0,,no_usable_pages,known,,,bpt6k6759541q: no usable pages in manifest.,2026-07-17T15:21:44.559700
echoran,bpt6k67595424,,failed,0,0,,no_usable_pages,known,,,bpt6k67595424: no usable pages in manifest.,2026-07-17T15:21:44.734292
echoran,bpt6k6759543j,,failed,0,0,,no_usable_pages,known,,,bpt6k6759543j: no usable pages in manifest.,2026-07-17T15:21:45.038460
echoran,bpt6k6759544z,,failed,0,0,,no_usable_pages,known,,,bpt6k6759544z: no usable pages in manifest.,2026-07-17T15:21:45.614884
echoran,bpt6k6759545c,,failed,0,0,,no_usable_pages,known,,,bpt6k6759545c: no usable pages in manifest.,2026-07-17T15:21:45.747865
echoran,bpt6k6759546s,,failed,0,0,,no_usable_pages,known,,,bpt6k6759546s: no usable pages in manifest.,2026-07-17T15:21:45.941591
echoran,bpt6k67595476,,failed,0,0,,no_usable_pages,known,,,bpt6k67595476: no usable pages in manifest.,2026-07-17T15:21:46.111194
echoran,bpt6k6759548m,,failed,0,0,,no_usable_pages,known,,,bpt6k6759548m: no usable pages in manifest.,2026-07-17T15:21:46.247778
echoran,bpt6k67595491,,failed,0,0,,no_usable_pages,known,,,bpt6k67595491: no usable pages in manifest.,2026-07-17T15:21:46.395485
echoran,bpt6k6759550p,,failed,0,0,,no_usable_pages,known,,,bpt6k6759550p: no usable pages in manifest.,2026-07-17T15:21:46.521076
echoran,bpt6k67595513,,failed,0,0,,no_usable_pages,known,,,bpt6k67595513: no usable pages in manifest.,2026-07-17T15:21:46.702130
echoran,bpt6k6759552h,,failed,0,0,,no_usable_pages,known,,,bpt6k6759552h: no usable pages in manifest.,2026-07-17T15:21:46.824376
echoran,bpt6k6759553x,,failed,0,0,,no_usable_pages,known,,,bpt6k6759553x: no usable pages in manifest.,2026-07-17T15:21:46.974500
echoran,bpt6k6759554b,,failed,0,0,,no_usable_pages,known,,,bpt6k6759554b: no usable pages in manifest.,2026-07-17T15:21:47.112757
echoran,bpt6k6759555r,,failed,0,0,,no_usable_pages,known,,,bpt6k6759555r: no usable pages in manifest.,2026-07-17T15:21:47.219663
echoran,bpt6k67595565,,failed,0,0,,no_usable_pages,known,,,bpt6k67595565: no usable pages in manifest.,2026-07-17T15:21:47.322398
echoran,bpt6k6759557k,,failed,0,0,,no_usable_pages,known,,,bpt6k6759557k: no usable pages in manifest.,2026-07-17T15:21:47.495444
echoran,bpt6k67595580,,failed,0,0,,no_usable_pages,known,,,bpt6k67595580: no usable pages in manifest.,2026-07-17T15:21:47.626151
echoran,bpt6k6759559d,,failed,0,0,,no_usable_pages,known,,,bpt6k6759559d: no usable pages in manifest.,2026-07-17T15:21:47.785838
echoran,bpt6k67595602,,failed,0,0,,no_usable_pages,known,,,bpt6k67595602: no usable pages in manifest.,2026-07-17T15:21:48.114472
echoran,bpt6k6759561g,,failed,0,0,,no_usable_pages,known,,,bpt6k6759561g: no usable pages in manifest.,2026-07-17T15:21:48.316938
echoran,bpt6k6759562w,,failed,0,0,,no_usable_pages,known,,,bpt6k6759562w: no usable pages in manifest.,2026-07-17T15:21:48.493987
echoran,bpt6k67595639,,failed,0,0,,no_usable_pages,known,,,bpt6k67595639: no usable pages in manifest.,2026-07-17T15:21:48.630664
echoran,bpt6k6759564q,,failed,0,0,,no_usable_pages,known,,,bpt6k6759564q: no usable pages in manifest.,2026-07-17T15:21:48.804685
echoran,bpt6k67595654,,failed,0,0,,no_usable_pages,known,,,bpt6k67595654: no usable pages in manifest.,2026-07-17T15:21:48.926390
echoran,bpt6k6759566j,,failed,0,0,,no_usable_pages,known,,,bpt6k6759566j: no usable pages in manifest.,2026-07-17T15:21:49.068240
echoran,bpt6k6759567z,,failed,0,0,,no_usable_pages,known,,,bpt6k6759567z: no usable pages in manifest.,2026-07-17T15:21:49.196570
echoran,bpt6k6759568c,,failed,0,0,,no_usable_pages,known,,,bpt6k6759568c: no usable pages in manifest.,2026-07-17T15:21:49.422412
echoran,bpt6k6759569s,,failed,0,0,,no_usable_pages,known,,,bpt6k6759569s: no usable pages in manifest.,2026-07-17T15:21:49.653297
echoran,bpt6k6759570f,,failed,0,0,,no_usable_pages,known,,,bpt6k6759570f: no usable pages in manifest.,2026-07-17T15:21:49.840508
echoran,bpt6k6759571v,,failed,0,0,,no_usable_pages,known,,,bpt6k6759571v: no usable pages in manifest.,2026-07-17T15:21:50.018020
echoran,bpt6k67595728,,failed,0,0,,no_usable_pages,known,,,bpt6k67595728: no usable pages in manifest.,2026-07-17T15:21:50.120198
echoran,bpt6k6759573p,,failed,0,0,,no_usable_pages,known,,,bpt6k6759573p: no usable pages in manifest.,2026-07-17T15:21:50.969305
echoran,bpt6k67595743,,failed,0,0,,no_usable_pages,known,,,bpt6k67595743: no usable pages in manifest.,2026-07-17T15:21:51.082196
echoran,bpt6k6759575h,,failed,0,0,,no_usable_pages,known,,,bpt6k6759575h: no usable pages in manifest.,2026-07-17T15:21:51.224304
echoran,bpt6k6759576x,,failed,0,0,,no_usable_pages,known,,,bpt6k6759576x: no usable pages in manifest.,2026-07-17T15:21:51.330201
echoran,bpt6k6759577b,,failed,0,0,,no_usable_pages,known,,,bpt6k6759577b: no usable pages in manifest.,2026-07-17T15:21:51.486900
echoran,bpt6k6759578r,,failed,0,0,,no_usable_pages,known,,,bpt6k6759578r: no usable pages in manifest.,2026-07-17T15:21:51.660619
echoran,bpt6k67595795,,failed,0,0,,no_usable_pages,known,,,bpt6k67595795: no usable pages in manifest.,2026-07-17T15:21:52.258215
echoran,bpt6k6759580t,,failed,0,0,,no_usable_pages,known,,,bpt6k6759580t: no usable pages in manifest.,2026-07-17T15:21:52.418010
echoran,bpt6k67595817,,failed,0,0,,no_usable_pages,known,,,bpt6k67595817: no usable pages in manifest.,2026-07-17T15:21:52.541446
echoran,bpt6k6759582n,,failed,0,0,,no_usable_pages,known,,,bpt6k6759582n: no usable pages in manifest.,2026-07-17T15:21:52.679584
echoran,bpt6k67595832,,failed,0,0,,no_usable_pages,known,,,bpt6k67595832: no usable pages in manifest.,2026-07-17T15:21:52.996844
echoran,bpt6k6759584g,,failed,0,0,,no_usable_pages,known,,,bpt6k6759584g: no usable pages in manifest.,2026-07-17T15:21:53.174855
echoran,bpt6k6759585w,,failed,0,0,,no_usable_pages,known,,,bpt6k6759585w: no usable pages in manifest.,2026-07-17T15:21:53.322344
echoran,bpt6k67595869,,failed,0,0,,no_usable_pages,known,,,bpt6k67595869: no usable pages in manifest.,2026-07-17T15:21:53.471754
echoran,bpt6k6759587q,,failed,0,0,,no_usable_pages,known,,,bpt6k6759587q: no usable pages in manifest.,2026-07-17T15:21:53.582989
echoran,bpt6k67595884,,failed,0,0,,no_usable_pages,known,,,bpt6k67595884: no usable pages in manifest.,2026-07-17T15:21:53.731032
echoran,bpt6k6759589j,,failed,0,0,,no_usable_pages,known,,,bpt6k6759589j: no usable pages in manifest.,2026-07-17T15:21:53.935680
echoran,bpt6k67595906,,failed,0,0,,no_usable_pages,known,,,bpt6k67595906: no usable pages in manifest.,2026-07-17T15:21:54.165160
echoran,bpt6k6759591m,,failed,0,0,,no_usable_pages,known,,,bpt6k6759591m: no usable pages in manifest.,2026-07-17T15:21:54.301242
echoran,bpt6k67595921,,failed,0,0,,no_usable_pages,known,,,bpt6k67595921: no usable pages in manifest.,2026-07-17T15:21:54.400639
echoran,bpt6k6759593f,,failed,0,0,,no_usable_pages,known,,,bpt6k6759593f: no usable pages in manifest.,2026-07-17T15:21:54.572013
echoran,bpt6k6759594v,,failed,0,0,,no_usable_pages,known,,,bpt6k6759594v: no usable pages in manifest.,2026-07-17T15:21:54.688709
echoran,bpt6k67595958,,failed,0,0,,no_usable_pages,known,,,bpt6k67595958: no usable pages in manifest.,2026-07-17T15:21:54.798006
echoran,bpt6k6759596p,,failed,0,0,,no_usable_pages,known,,,bpt6k6759596p: no usable pages in manifest.,2026-07-17T15:21:54.981824
echoran,bpt6k67595973,,failed,0,0,,no_usable_pages,known,,,bpt6k67595973: no usable pages in manifest.,2026-07-17T15:21:55.188561
echoran,bpt6k6759598h,,failed,0,0,,no_usable_pages,known,,,bpt6k6759598h: no usable pages in manifest.,2026-07-17T15:21:55.298991
echoran,bpt6k6759599x,,failed,0,0,,no_usable_pages,known,,,bpt6k6759599x: no usable pages in manifest.,2026-07-17T15:21:55.428599
echoran,bpt6k67596004,,failed,0,0,,no_usable_pages,known,,,bpt6k67596004: no usable pages in manifest.,2026-07-17T15:21:55.598056
echoran,bpt6k6759601j,,failed,0,0,,no_usable_pages,known,,,bpt6k6759601j: no usable pages in manifest.,2026-07-17T15:21:55.830867
echoran,bpt6k6759602z,,failed,0,0,,no_usable_pages,known,,,bpt6k6759602z: no usable pages in manifest.,2026-07-17T15:21:56.253760
echoran,bpt6k6759603c,,failed,0,0,,no_usable_pages,known,,,bpt6k6759603c: no usable pages in manifest.,2026-07-17T15:21:56.676145
echoran,bpt6k6759604s,,failed,0,0,,no_usable_pages,known,,,bpt6k6759604s: no usable pages in manifest.,2026-07-17T15:21:56.806838
echoran,bpt6k67596056,,failed,0,0,,no_usable_pages,known,,,bpt6k67596056: no usable pages in manifest.,2026-07-17T15:21:56.923718
echoran,bpt6k6759606m,,failed,0,0,,no_usable_pages,known,,,bpt6k6759606m: no usable pages in manifest.,2026-07-17T15:21:57.063985
echoran,bpt6k67596071,,failed,0,0,,no_usable_pages,known,,,bpt6k67596071: no usable pages in manifest.,2026-07-17T15:21:57.204032
echoran,bpt6k6759608f,,failed,0,0,,no_usable_pages,known,,,bpt6k6759608f: no usable pages in manifest.,2026-07-17T15:21:57.387703
echoran,bpt6k6759609v,,failed,0,0,,no_usable_pages,known,,,bpt6k6759609v: no usable pages in manifest.,2026-07-17T15:21:57.520859
echoran,bpt6k6759610h,,failed,0,0,,no_usable_pages,known,,,bpt6k6759610h: no usable pages in manifest.,2026-07-17T15:21:57.675204
echoran,bpt6k6759611x,,failed,0,0,,no_usable_pages,known,,,bpt6k6759611x: no usable pages in manifest.,2026-07-17T15:21:57.817053
echoran,bpt6k6759612b,,failed,0,0,,no_usable_pages,known,,,bpt6k6759612b: no usable pages in manifest.,2026-07-17T15:21:57.922745
echoran,bpt6k6759613r,,failed,0,0,,no_usable_pages,known,,,bpt6k6759613r: no usable pages in manifest.,2026-07-17T15:21:58.033070
echoran,bpt6k67596145,,failed,0,0,,no_usable_pages,known,,,bpt6k67596145: no usable pages in manifest.,2026-07-17T15:21:58.127718
echoran,bpt6k6759615k,,failed,0,0,,no_usable_pages,known,,,bpt6k6759615k: no usable pages in manifest.,2026-07-17T15:21:58.355936
echoran,bpt6k67596160,,failed,0,0,,no_usable_pages,known,,,bpt6k67596160: no usable pages in manifest.,2026-07-17T15:21:58.463098
echoran,bpt6k6759617d,,failed,0,0,,no_usable_pages,known,,,bpt6k6759617d: no usable pages in manifest.,2026-07-17T15:21:58.599293
echoran,bpt6k6759618t,,failed,0,0,,no_usable_pages,known,,,bpt6k6759618t: no usable pages in manifest.,2026-07-17T15:21:58.778143
echoran,bpt6k67596197,,failed,0,0,,no_usable_pages,known,,,bpt6k67596197: no usable pages in manifest.,2026-07-17T15:21:58.882565
echoran,bpt6k6759620w,,failed,0,0,,no_usable_pages,known,,,bpt6k6759620w: no usable pages in manifest.,2026-07-17T15:21:58.988890
echoran,bpt6k67596219,,failed,0,0,,no_usable_pages,known,,,bpt6k67596219: no usable pages in manifest.,2026-07-17T15:21:59.101649
echoran,bpt6k6759622q,,failed,0,0,,no_usable_pages,known,,,bpt6k6759622q: no usable pages in manifest.,2026-07-17T15:21:59.199998
echoran,bpt6k67596234,,failed,0,0,,no_usable_pages,known,,,bpt6k67596234: no usable pages in manifest.,2026-07-17T15:21:59.371903
echoran,bpt6k6759624j,,failed,0,0,,no_usable_pages,known,,,bpt6k6759624j: no usable pages in manifest.,2026-07-17T15:21:59.471404
echoran,bpt6k6759625z,,failed,0,0,,no_usable_pages,known,,,bpt6k6759625z: no usable pages in manifest.,2026-07-17T15:21:59.640607
echoran,bpt6k6759626c,,failed,0,0,,no_usable_pages,known,,,bpt6k6759626c: no usable pages in manifest.,2026-07-17T15:21:59.782146
echoran,bpt6k6759627s,,failed,0,0,,no_usable_pages,known,,,bpt6k6759627s: no usable pages in manifest.,2026-07-17T15:21:59.895438
echoran,bpt6k67596286,,failed,0,0,,no_usable_pages,known,,,bpt6k67596286: no usable pages in manifest.,2026-07-17T15:22:00.271932
echoran,bpt6k6759629m,,failed,0,0,,no_usable_pages,known,,,bpt6k6759629m: no usable pages in manifest.,2026-07-17T15:22:00.503655
echoran,bpt6k67596308,,failed,0,0,,no_usable_pages,known,,,bpt6k67596308: no usable pages in manifest.,2026-07-17T15:22:00.653809
echoran,bpt6k6759631p,,failed,0,0,,no_usable_pages,known,,,bpt6k6759631p: no usable pages in manifest.,2026-07-17T15:22:00.834910
echoran,bpt6k67596323,,failed,0,0,,no_usable_pages,known,,,bpt6k67596323: no usable pages in manifest.,2026-07-17T15:22:01.065910
echoran,bpt6k6759633h,,failed,0,0,,no_usable_pages,known,,,bpt6k6759633h: no usable pages in manifest.,2026-07-17T15:22:01.270323
echoran,bpt6k6759634x,,failed,0,0,,no_usable_pages,known,,,bpt6k6759634x: no usable pages in manifest.,2026-07-17T15:22:01.445650
echoran,bpt6k6759635b,,failed,0,0,,no_usable_pages,known,,,bpt6k6759635b: no usable pages in manifest.,2026-07-17T15:22:01.705882
echoran,bpt6k6759636r,,failed,0,0,,no_usable_pages,known,,,bpt6k6759636r: no usable pages in manifest.,2026-07-17T15:22:01.918576
echoran,bpt6k67596375,,failed,0,0,,no_usable_pages,known,,,bpt6k67596375: no usable pages in manifest.,2026-07-17T15:22:02.062153
echoran,bpt6k6759638k,,failed,0,0,,no_usable_pages,known,,,bpt6k6759638k: no usable pages in manifest.,2026-07-17T15:22:02.168175
echoran,bpt6k67596390,,failed,0,0,,no_usable_pages,known,,,bpt6k67596390: no usable pages in manifest.,2026-07-17T15:22:02.284516
echoran,bpt6k6759640n,,failed,0,0,,no_usable_pages,known,,,bpt6k6759640n: no usable pages in manifest.,2026-07-17T15:22:02.406535
echoran,bpt6k67596412,,failed,0,0,,no_usable_pages,known,,,bpt6k67596412: no usable pages in manifest.,2026-07-17T15:22:02.552036
echoran,bpt6k6759642g,,failed,0,0,,no_usable_pages,known,,,bpt6k6759642g: no usable pages in manifest.,2026-07-17T15:22:02.729726
echoran,bpt6k6759643w,,failed,0,0,,no_usable_pages,known,,,bpt6k6759643w: no usable pages in manifest.,2026-07-17T15:22:02.883550
echoran,bpt6k67596449,,failed,0,0,,no_usable_pages,known,,,bpt6k67596449: no usable pages in manifest.,2026-07-17T15:22:03.091634
echoran,bpt6k6759645q,,failed,0,0,,no_usable_pages,known,,,bpt6k6759645q: no usable pages in manifest.,2026-07-17T15:22:03.208088
echoran,bpt6k67596464,,failed,0,0,,no_usable_pages,known,,,bpt6k67596464: no usable pages in manifest.,2026-07-17T15:22:03.369561
echoran,bpt6k6759647j,,failed,0,0,,no_usable_pages,known,,,bpt6k6759647j: no usable pages in manifest.,2026-07-17T15:22:03.508737
echoran,bpt6k6759648z,,failed,0,0,,no_usable_pages,known,,,bpt6k6759648z: no usable pages in manifest.,2026-07-17T15:22:03.738359
echoran,bpt6k6759649c,,failed,0,0,,no_usable_pages,known,,,bpt6k6759649c: no usable pages in manifest.,2026-07-17T15:22:04.034346
echoran,bpt6k67596501,,failed,0,0,,no_usable_pages,known,,,bpt6k67596501: no usable pages in manifest.,2026-07-17T15:22:04.520597
echoran,bpt6k6759651f,,failed,0,0,,no_usable_pages,known,,,bpt6k6759651f: no usable pages in manifest.,2026-07-17T15:22:04.699444
echoran,bpt6k6759652v,,failed,0,0,,no_usable_pages,known,,,bpt6k6759652v: no usable pages in manifest.,2026-07-17T15:22:04.875292
echoran,bpt6k67596538,,failed,0,0,,no_usable_pages,known,,,bpt6k67596538: no usable pages in manifest.,2026-07-17T15:22:05.063296
echoran,bpt6k6759654p,,failed,0,0,,no_usable_pages,known,,,bpt6k6759654p: no usable pages in manifest.,2026-07-17T15:22:05.194726
echoran,bpt6k67596553,,failed,0,0,,no_usable_pages,known,,,bpt6k67596553: no usable pages in manifest.,2026-07-17T15:22:05.669952
echoran,bpt6k6759656h,,failed,0,0,,no_usable_pages,known,,,bpt6k6759656h: no usable pages in manifest.,2026-07-17T15:22:05.964698
echoran,bpt6k6759657x,,failed,0,0,,no_usable_pages,known,,,bpt6k6759657x: no usable pages in manifest.,2026-07-17T15:22:06.174779
echoran,bpt6k6759658b,,failed,0,0,,no_usable_pages,known,,,bpt6k6759658b: no usable pages in manifest.,2026-07-17T15:22:06.482981
echoran,bpt6k6759659r,,failed,0,0,,no_usable_pages,known,,,bpt6k6759659r: no usable pages in manifest.,2026-07-17T15:22:06.623607
echoran,bpt6k6759660d,,failed,0,0,,no_usable_pages,known,,,bpt6k6759660d: no usable pages in manifest.,2026-07-17T15:22:06.909885
echoran,bpt6k6759661t,,failed,0,0,,no_usable_pages,known,,,bpt6k6759661t: no usable pages in manifest.,2026-07-17T15:22:07.093175
echoran,bpt6k67596627,,failed,0,0,,no_usable_pages,known,,,bpt6k67596627: no usable pages in manifest.,2026-07-17T15:22:07.277017
echoran,bpt6k6759663n,,failed,0,0,,no_usable_pages,known,,,bpt6k6759663n: no usable pages in manifest.,2026-07-17T15:22:07.451841
echoran,bpt6k67596642,,failed,0,0,,no_usable_pages,known,,,bpt6k67596642: no usable pages in manifest.,2026-07-17T15:22:07.630751
echoran,bpt6k6759665g,,failed,0,0,,no_usable_pages,known,,,bpt6k6759665g: no usable pages in manifest.,2026-07-17T15:22:07.794467
echoran,bpt6k6759666w,,failed,0,0,,no_usable_pages,known,,,bpt6k6759666w: no usable pages in manifest.,2026-07-17T15:22:07.924143
echoran,bpt6k67596679,,failed,0,0,,no_usable_pages,known,,,bpt6k67596679: no usable pages in manifest.,2026-07-17T15:22:08.160504
echoran,bpt6k6759668q,,failed,0,0,,no_usable_pages,known,,,bpt6k6759668q: no usable pages in manifest.,2026-07-17T15:22:08.470534
echoran,bpt6k67596694,,failed,0,0,,no_usable_pages,known,,,bpt6k67596694: no usable pages in manifest.,2026-07-17T15:22:08.717903
echoran,bpt6k6759670s,,failed,0,0,,no_usable_pages,known,,,bpt6k6759670s: no usable pages in manifest.,2026-07-17T15:22:08.889243
echoran,bpt6k67596716,,failed,0,0,,no_usable_pages,known,,,bpt6k67596716: no usable pages in manifest.,2026-07-17T15:22:08.995184
echoran,bpt6k6759672m,,failed,0,0,,no_usable_pages,known,,,bpt6k6759672m: no usable pages in manifest.,2026-07-17T15:22:09.131771
echoran,bpt6k67596731,,failed,0,0,,no_usable_pages,known,,,bpt6k67596731: no usable pages in manifest.,2026-07-17T15:22:09.274599
echoran,bpt6k6759674f,,failed,0,0,,no_usable_pages,known,,,bpt6k6759674f: no usable pages in manifest.,2026-07-17T15:22:09.405032
echoran,bpt6k6759675v,,failed,0,0,,no_usable_pages,known,,,bpt6k6759675v: no usable pages in manifest.,2026-07-17T15:22:09.502361
echoran,bpt6k67596768,,failed,0,0,,no_usable_pages,known,,,bpt6k67596768: no usable pages in manifest.,2026-07-17T15:22:09.696280
echoran,bpt6k6759677p,,failed,0,0,,no_usable_pages,known,,,bpt6k6759677p: no usable pages in manifest.,2026-07-17T15:22:09.845401
echoran,bpt6k67596783,,failed,0,0,,no_usable_pages,known,,,bpt6k67596783: no usable pages in manifest.,2026-07-17T15:22:10.010348
echoran,bpt6k6759679h,,failed,0,0,,no_usable_pages,known,,,bpt6k6759679h: no usable pages in manifest.,2026-07-17T15:22:10.209012
echoran,bpt6k67596805,,failed,0,0,,no_usable_pages,known,,,bpt6k67596805: no usable pages in manifest.,2026-07-17T15:22:10.385670
echoran,bpt6k6759681k,,failed,0,0,,no_usable_pages,known,,,bpt6k6759681k: no usable pages in manifest.,2026-07-17T15:22:10.557727
echoran,bpt6k67596820,,failed,0,0,,no_usable_pages,known,,,bpt6k67596820: no usable pages in manifest.,2026-07-17T15:22:10.702742
echoran,bpt6k6759683d,,failed,0,0,,no_usable_pages,known,,,bpt6k6759683d: no usable pages in manifest.,2026-07-17T15:22:10.885835
echoran,bpt6k6759684t,,failed,0,0,,no_usable_pages,known,,,bpt6k6759684t: no usable pages in manifest.,2026-07-17T15:22:11.031101
echoran,bpt6k67596857,,failed,0,0,,no_usable_pages,known,,,bpt6k67596857: no usable pages in manifest.,2026-07-17T15:22:11.156517
echoran,bpt6k6759686n,,failed,0,0,,no_usable_pages,known,,,bpt6k6759686n: no usable pages in manifest.,2026-07-17T15:22:11.348034
echoran,bpt6k67596872,,failed,0,0,,no_usable_pages,known,,,bpt6k67596872: no usable pages in manifest.,2026-07-17T15:22:11.453127
echoran,bpt6k6759688g,,failed,0,0,,no_usable_pages,known,,,bpt6k6759688g: no usable pages in manifest.,2026-07-17T15:22:11.639291
echoran,bpt6k6759689w,,failed,0,0,,no_usable_pages,known,,,bpt6k6759689w: no usable pages in manifest.,2026-07-17T15:22:11.854839
echoran,bpt6k6759690j,,failed,0,0,,no_usable_pages,known,,,bpt6k6759690j: no usable pages in manifest.,2026-07-17T15:22:12.169278
echoran,bpt6k6759691z,,failed,0,0,,no_usable_pages,known,,,bpt6k6759691z: no usable pages in manifest.,2026-07-17T15:22:12.619161
echoran,bpt6k6759692c,,failed,0,0,,no_usable_pages,known,,,bpt6k6759692c: no usable pages in manifest.,2026-07-17T15:22:12.814941
echoran,bpt6k6759693s,,failed,0,0,,no_usable_pages,known,,,bpt6k6759693s: no usable pages in manifest.,2026-07-17T15:22:12.984368
echoran,bpt6k67596946,,failed,0,0,,no_usable_pages,known,,,bpt6k67596946: no usable pages in manifest.,2026-07-17T15:22:13.133589
echoran,bpt6k6759695m,,failed,0,0,,no_usable_pages,known,,,bpt6k6759695m: no usable pages in manifest.,2026-07-17T15:22:13.270251
echoran,bpt6k67596961,,failed,0,0,,no_usable_pages,known,,,bpt6k67596961: no usable pages in manifest.,2026-07-17T15:22:13.421211
echoran,bpt6k6759697f,,failed,0,0,,no_usable_pages,known,,,bpt6k6759697f: no usable pages in manifest.,2026-07-17T15:22:13.634482
echoran,bpt6k6759698v,,failed,0,0,,no_usable_pages,known,,,bpt6k6759698v: no usable pages in manifest.,2026-07-17T15:22:13.830427
echoran,bpt6k67596998,,failed,0,0,,no_usable_pages,known,,,bpt6k67596998: no usable pages in manifest.,2026-07-17T15:22:14.112316
echoran,bpt6k6759700g,,failed,0,0,,no_usable_pages,known,,,bpt6k6759700g: no usable pages in manifest.,2026-07-17T15:22:14.309125
echoran,bpt6k6759701w,,failed,0,0,,no_usable_pages,known,,,bpt6k6759701w: no usable pages in manifest.,2026-07-17T15:22:14.629762
echoran,bpt6k67597029,,failed,0,0,,no_usable_pages,known,,,bpt6k67597029: no usable pages in manifest.,2026-07-17T15:22:14.883261
echoran,bpt6k6759703q,,failed,0,0,,no_usable_pages,known,,,bpt6k6759703q: no usable pages in manifest.,2026-07-17T15:22:15.079256
echoran,bpt6k67597044,,failed,0,0,,no_usable_pages,known,,,bpt6k67597044: no usable pages in manifest.,2026-07-17T15:22:15.237434
echoran,bpt6k6759705j,,failed,0,0,,no_usable_pages,known,,,bpt6k6759705j: no usable pages in manifest.,2026-07-17T15:22:15.399611
echoran,bpt6k6759706z,,failed,0,0,,no_usable_pages,known,,,bpt6k6759706z: no usable pages in manifest.,2026-07-17T15:22:15.562130
echoran,bpt6k6759707c,,failed,0,0,,no_usable_pages,known,,,bpt6k6759707c: no usable pages in manifest.,2026-07-17T15:22:15.762218
echoran,bpt6k6759708s,,failed,0,0,,no_usable_pages,known,,,bpt6k6759708s: no usable pages in manifest.,2026-07-17T15:22:16.007419
echoran,bpt6k67597096,,failed,0,0,,no_usable_pages,known,,,bpt6k67597096: no usable pages in manifest.,2026-07-17T15:22:16.476409
echoran,bpt6k6759710v,,failed,0,0,,no_usable_pages,known,,,bpt6k6759710v: no usable pages in manifest.,2026-07-17T15:22:16.738221
echoran,bpt6k67597118,,failed,0,0,,no_usable_pages,known,,,bpt6k67597118: no usable pages in manifest.,2026-07-17T15:22:16.873537
echoran,bpt6k6759712p,,failed,0,0,,no_usable_pages,known,,,bpt6k6759712p: no usable pages in manifest.,2026-07-17T15:22:17.131687
echoran,bpt6k67597133,,failed,0,0,,no_usable_pages,known,,,bpt6k67597133: no usable pages in manifest.,2026-07-17T15:22:17.616485
echoran,bpt6k6759714h,,failed,0,0,,no_usable_pages,known,,,bpt6k6759714h: no usable pages in manifest.,2026-07-17T15:22:17.762891
echoran,bpt6k6759715x,,failed,0,0,,no_usable_pages,known,,,bpt6k6759715x: no usable pages in manifest.,2026-07-17T15:22:17.915925
echoran,bpt6k6759716b,,failed,0,0,,no_usable_pages,known,,,bpt6k6759716b: no usable pages in manifest.,2026-07-17T15:22:18.076314
echoran,bpt6k6759717r,,failed,0,0,,no_usable_pages,known,,,bpt6k6759717r: no usable pages in manifest.,2026-07-17T15:22:18.202302
echoran,bpt6k67597185,,failed,0,0,,no_usable_pages,known,,,bpt6k67597185: no usable pages in manifest.,2026-07-17T15:22:18.351820
echoran,bpt6k6759719k,,failed,0,0,,no_usable_pages,known,,,bpt6k6759719k: no usable pages in manifest.,2026-07-17T15:22:18.623120
echoran,bpt6k67597207,,failed,0,0,,no_usable_pages,known,,,bpt6k67597207: no usable pages in manifest.,2026-07-17T15:22:18.809692
echoran,bpt6k6759721n,,failed,0,0,,no_usable_pages,known,,,bpt6k6759721n: no usable pages in manifest.,2026-07-17T15:22:18.960634
echoran,bpt6k67597222,,failed,0,0,,no_usable_pages,known,,,bpt6k67597222: no usable pages in manifest.,2026-07-17T15:22:19.165760
echoran,bpt6k6759723g,,failed,0,0,,no_usable_pages,known,,,bpt6k6759723g: no usable pages in manifest.,2026-07-17T15:22:19.290769
echoran,bpt6k6759724w,,failed,0,0,,no_usable_pages,known,,,bpt6k6759724w: no usable pages in manifest.,2026-07-17T15:22:19.471135
echoran,bpt6k67597259,,failed,0,0,,no_usable_pages,known,,,bpt6k67597259: no usable pages in manifest.,2026-07-17T15:22:19.636375
echoran,bpt6k6759726q,,failed,0,0,,no_usable_pages,known,,,bpt6k6759726q: no usable pages in manifest.,2026-07-17T15:22:19.768601
echoran,bpt6k67597274,,failed,0,0,,no_usable_pages,known,,,bpt6k67597274: no usable pages in manifest.,2026-07-17T15:22:19.886619
echoran,bpt6k6759728j,,failed,0,0,,no_usable_pages,known,,,bpt6k6759728j: no usable pages in manifest.,2026-07-17T15:22:20.058378
echoran,bpt6k6759729z,,failed,0,0,,no_usable_pages,known,,,bpt6k6759729z: no usable pages in manifest.,2026-07-17T15:22:20.288526
echoran,bpt6k6759730m,,failed,0,0,,no_usable_pages,known,,,bpt6k6759730m: no usable pages in manifest.,2026-07-17T15:22:20.395856
echoran,bpt6k67597311,,failed,0,0,,no_usable_pages,known,,,bpt6k67597311: no usable pages in manifest.,2026-07-17T15:22:20.748834
echoran,bpt6k6759732f,,failed,0,0,,no_usable_pages,known,,,bpt6k6759732f: no usable pages in manifest.,2026-07-17T15:22:21.096441
echoran,bpt6k6759733v,,failed,0,0,,no_usable_pages,known,,,bpt6k6759733v: no usable pages in manifest.,2026-07-17T15:22:21.353419
echoran,bpt6k67597348,,failed,0,0,,no_usable_pages,known,,,bpt6k67597348: no usable pages in manifest.,2026-07-17T15:22:21.469583
echoran,bpt6k6759735p,,failed,0,0,,no_usable_pages,known,,,bpt6k6759735p: no usable pages in manifest.,2026-07-17T15:22:21.682151
echoran,bpt6k67597363,,failed,0,0,,no_usable_pages,known,,,bpt6k67597363: no usable pages in manifest.,2026-07-17T15:22:21.786457
echoran,bpt6k6759737h,,failed,0,0,,no_usable_pages,known,,,bpt6k6759737h: no usable pages in manifest.,2026-07-17T15:22:21.924445
echoran,bpt6k6759738x,,failed,0,0,,no_usable_pages,known,,,bpt6k6759738x: no usable pages in manifest.,2026-07-17T15:22:22.144613
echoran,bpt6k6759739b,,failed,0,0,,no_usable_pages,known,,,bpt6k6759739b: no usable pages in manifest.,2026-07-17T15:22:22.787911
echoran,bpt6k67597400,,failed,0,0,,no_usable_pages,known,,,bpt6k67597400: no usable pages in manifest.,2026-07-17T15:22:22.930668
echoran,bpt6k6759741d,,failed,0,0,,no_usable_pages,known,,,bpt6k6759741d: no usable pages in manifest.,2026-07-17T15:22:23.064323
echoran,bpt6k6759742t,,failed,0,0,,no_usable_pages,known,,,bpt6k6759742t: no usable pages in manifest.,2026-07-17T15:22:23.182952
echoran,bpt6k67597437,,failed,0,0,,no_usable_pages,known,,,bpt6k67597437: no usable pages in manifest.,2026-07-17T15:22:23.315145
echoran,bpt6k6759744n,,failed,0,0,,no_usable_pages,known,,,bpt6k6759744n: no usable pages in manifest.,2026-07-17T15:22:23.481698
echoran,bpt6k67597452,,failed,0,0,,no_usable_pages,known,,,bpt6k67597452: no usable pages in manifest.,2026-07-17T15:22:23.620701
echoran,bpt6k6759746g,,failed,0,0,,no_usable_pages,known,,,bpt6k6759746g: no usable pages in manifest.,2026-07-17T15:22:23.870342
echoran,bpt6k6759747w,,failed,0,0,,no_usable_pages,known,,,bpt6k6759747w: no usable pages in manifest.,2026-07-17T15:22:24.009463
echoran,bpt6k67597489,,failed,0,0,,no_usable_pages,known,,,bpt6k67597489: no usable pages in manifest.,2026-07-17T15:22:24.173962
echoran,bpt6k6759749q,,failed,0,0,,no_usable_pages,known,,,bpt6k6759749q: no usable pages in manifest.,2026-07-17T15:22:24.310930
echoran,bpt6k6759750c,,failed,0,0,,no_usable_pages,known,,,bpt6k6759750c: no usable pages in manifest.,2026-07-17T15:22:24.535450
echoran,bpt6k6759751s,,failed,0,0,,no_usable_pages,known,,,bpt6k6759751s: no usable pages in manifest.,2026-07-17T15:22:24.714130
echoran,bpt6k67597526,,failed,0,0,,no_usable_pages,known,,,bpt6k67597526: no usable pages in manifest.,2026-07-17T15:22:25.085772
echoran,bpt6k6759753m,,failed,0,0,,no_usable_pages,known,,,bpt6k6759753m: no usable pages in manifest.,2026-07-17T15:22:25.489755
echoran,bpt6k67597541,,failed,0,0,,no_usable_pages,known,,,bpt6k67597541: no usable pages in manifest.,2026-07-17T15:22:25.701987
echoran,bpt6k6759755f,,failed,0,0,,no_usable_pages,known,,,bpt6k6759755f: no usable pages in manifest.,2026-07-17T15:22:25.871249
echoran,bpt6k6759756v,,failed,0,0,,no_usable_pages,known,,,bpt6k6759756v: no usable pages in manifest.,2026-07-17T15:22:26.064340
echoran,bpt6k67597578,,failed,0,0,,no_usable_pages,known,,,bpt6k67597578: no usable pages in manifest.,2026-07-17T15:22:26.184049
echoran,bpt6k6759758p,,failed,0,0,,no_usable_pages,known,,,bpt6k6759758p: no usable pages in manifest.,2026-07-17T15:22:26.339573
echoran,bpt6k67597593,,failed,0,0,,no_usable_pages,known,,,bpt6k67597593: no usable pages in manifest.,2026-07-17T15:22:26.534410
echoran,bpt6k6759760r,,failed,0,0,,no_usable_pages,known,,,bpt6k6759760r: no usable pages in manifest.,2026-07-17T15:22:26.719246
echoran,bpt6k67597615,,failed,0,0,,no_usable_pages,known,,,bpt6k67597615: no usable pages in manifest.,2026-07-17T15:22:26.887440
echoran,bpt6k6759762k,,failed,0,0,,no_usable_pages,known,,,bpt6k6759762k: no usable pages in manifest.,2026-07-17T15:22:27.129336
echoran,bpt6k67597630,,failed,0,0,,no_usable_pages,known,,,bpt6k67597630: no usable pages in manifest.,2026-07-17T15:22:27.334044
echoran,bpt6k6759764d,,failed,0,0,,no_usable_pages,known,,,bpt6k6759764d: no usable pages in manifest.,2026-07-17T15:22:27.577594
echoran,bpt6k6759765t,,failed,0,0,,no_usable_pages,known,,,bpt6k6759765t: no usable pages in manifest.,2026-07-17T15:22:27.847531
echoran,bpt6k67597667,,failed,0,0,,no_usable_pages,known,,,bpt6k67597667: no usable pages in manifest.,2026-07-17T15:22:28.016525
echoran,bpt6k6759767n,,failed,0,0,,no_usable_pages,known,,,bpt6k6759767n: no usable pages in manifest.,2026-07-17T15:22:28.267498
echoran,bpt6k67597682,,failed,0,0,,no_usable_pages,known,,,bpt6k67597682: no usable pages in manifest.,2026-07-17T15:22:28.435865
echoran,bpt6k6759769g,,failed,0,0,,no_usable_pages,known,,,bpt6k6759769g: no usable pages in manifest.,2026-07-17T15:22:28.619029
echoran,bpt6k67597704,,failed,0,0,,no_usable_pages,known,,,bpt6k67597704: no usable pages in manifest.,2026-07-17T15:22:28.769099
echoran,bpt6k6759771j,,failed,0,0,,no_usable_pages,known,,,bpt6k6759771j: no usable pages in manifest.,2026-07-17T15:22:29.029086
echoran,bpt6k6759772z,,failed,0,0,,no_usable_pages,known,,,bpt6k6759772z: no usable pages in manifest.,2026-07-17T15:22:29.387014
echoran,bpt6k6759773c,,failed,0,0,,no_usable_pages,known,,,bpt6k6759773c: no usable pages in manifest.,2026-07-17T15:22:29.769907
echoran,bpt6k6759774s,,failed,0,0,,no_usable_pages,known,,,bpt6k6759774s: no usable pages in manifest.,2026-07-17T15:22:30.035981
echoran,bpt6k67597756,,failed,0,0,,no_usable_pages,known,,,bpt6k67597756: no usable pages in manifest.,2026-07-17T15:22:30.487402
echoran,bpt6k6759776m,,failed,0,0,,no_usable_pages,known,,,bpt6k6759776m: no usable pages in manifest.,2026-07-17T15:22:30.713505
echoran,bpt6k67597771,,failed,0,0,,no_usable_pages,known,,,bpt6k67597771: no usable pages in manifest.,2026-07-17T15:22:30.909437
echoran,bpt6k6759778f,,failed,0,0,,no_usable_pages,known,,,bpt6k6759778f: no usable pages in manifest.,2026-07-17T15:22:31.057190
echoran,bpt6k6759779v,,failed,0,0,,no_usable_pages,known,,,bpt6k6759779v: no usable pages in manifest.,2026-07-17T15:22:31.205835
echoran,bpt6k6759780h,,failed,0,0,,no_usable_pages,known,,,bpt6k6759780h: no usable pages in manifest.,2026-07-17T15:22:31.452433
echoran,bpt6k6759781x,,failed,0,0,,no_usable_pages,known,,,bpt6k6759781x: no usable pages in manifest.,2026-07-17T15:22:31.682104
echoran,bpt6k6759782b,,failed,0,0,,no_usable_pages,known,,,bpt6k6759782b: no usable pages in manifest.,2026-07-17T15:22:31.883843
echoran,bpt6k6759783r,,failed,0,0,,no_usable_pages,known,,,bpt6k6759783r: no usable pages in manifest.,2026-07-17T15:22:32.060262
echoran,bpt6k67597845,,failed,0,0,,no_usable_pages,known,,,bpt6k67597845: no usable pages in manifest.,2026-07-17T15:22:32.241719
echoran,bpt6k6759785k,,failed,0,0,,no_usable_pages,known,,,bpt6k6759785k: no usable pages in manifest.,2026-07-17T15:22:32.438597
echoran,bpt6k67597860,,failed,0,0,,no_usable_pages,known,,,bpt6k67597860: no usable pages in manifest.,2026-07-17T15:22:32.727147
echoran,bpt6k6759787d,,failed,0,0,,no_usable_pages,known,,,bpt6k6759787d: no usable pages in manifest.,2026-07-17T15:22:32.977216
echoran,bpt6k6759788t,,failed,0,0,,no_usable_pages,known,,,bpt6k6759788t: no usable pages in manifest.,2026-07-17T15:22:33.129734
echoran,bpt6k67597897,,failed,0,0,,no_usable_pages,known,,,bpt6k67597897: no usable pages in manifest.,2026-07-17T15:22:33.357154
echoran,bpt6k6759790w,,failed,0,0,,no_usable_pages,known,,,bpt6k6759790w: no usable pages in manifest.,2026-07-17T15:22:34.032134
echoran,bpt6k67597919,,failed,0,0,,no_usable_pages,known,,,bpt6k67597919: no usable pages in manifest.,2026-07-17T15:22:34.359427
echoran,bpt6k6759792q,,failed,0,0,,no_usable_pages,known,,,bpt6k6759792q: no usable pages in manifest.,2026-07-17T15:22:34.490935
echoran,bpt6k67597934,,failed,0,0,,no_usable_pages,known,,,bpt6k67597934: no usable pages in manifest.,2026-07-17T15:22:34.720323
echoran,bpt6k6759794j,,failed,0,0,,no_usable_pages,known,,,bpt6k6759794j: no usable pages in manifest.,2026-07-17T15:22:34.888362
echoran,bpt6k6759795z,,failed,0,0,,no_usable_pages,known,,,bpt6k6759795z: no usable pages in manifest.,2026-07-17T15:22:35.089164
echoran,bpt6k6759796c,,failed,0,0,,no_usable_pages,known,,,bpt6k6759796c: no usable pages in manifest.,2026-07-17T15:22:35.290712
echoran,bpt6k6759797s,,failed,0,0,,no_usable_pages,known,,,bpt6k6759797s: no usable pages in manifest.,2026-07-17T15:22:35.390773
echoran,bpt6k67597986,,failed,0,0,,no_usable_pages,known,,,bpt6k67597986: no usable pages in manifest.,2026-07-17T15:22:35.569813
echoran,bpt6k6759799m,,failed,0,0,,no_usable_pages,known,,,bpt6k6759799m: no usable pages in manifest.,2026-07-17T15:22:35.768102
echoran,bpt6k6759800t,,failed,0,0,,no_usable_pages,known,,,bpt6k6759800t: no usable pages in manifest.,2026-07-17T15:22:35.937215
echoran,bpt6k67598017,,failed,0,0,,no_usable_pages,known,,,bpt6k67598017: no usable pages in manifest.,2026-07-17T15:22:36.131416
echoran,bpt6k6759802n,,failed,0,0,,no_usable_pages,known,,,bpt6k6759802n: no usable pages in manifest.,2026-07-17T15:22:36.265901
echoran,bpt6k67598032,,failed,0,0,,no_usable_pages,known,,,bpt6k67598032: no usable pages in manifest.,2026-07-17T15:22:36.444456
echoran,bpt6k6759804g,,failed,0,0,,no_usable_pages,known,,,bpt6k6759804g: no usable pages in manifest.,2026-07-17T15:22:36.571226
echoran,bpt6k6759805w,,failed,0,0,,no_usable_pages,known,,,bpt6k6759805w: no usable pages in manifest.,2026-07-17T15:22:36.772439
echoran,bpt6k67598069,,failed,0,0,,no_usable_pages,known,,,bpt6k67598069: no usable pages in manifest.,2026-07-17T15:22:37.063908
echoran,bpt6k6759807q,,failed,0,0,,no_usable_pages,known,,,bpt6k6759807q: no usable pages in manifest.,2026-07-17T15:22:37.331694
echoran,bpt6k67598084,,failed,0,0,,no_usable_pages,known,,,bpt6k67598084: no usable pages in manifest.,2026-07-17T15:22:37.464114
echoran,bpt6k6759809j,,failed,0,0,,no_usable_pages,known,,,bpt6k6759809j: no usable pages in manifest.,2026-07-17T15:22:37.611352
echoran,bpt6k67598106,,failed,0,0,,no_usable_pages,known,,,bpt6k67598106: no usable pages in manifest.,2026-07-17T15:22:37.864605
echoran,bpt6k6759811m,,failed,0,0,,no_usable_pages,known,,,bpt6k6759811m: no usable pages in manifest.,2026-07-17T15:22:38.376800
echoran,bpt6k67598121,,failed,0,0,,no_usable_pages,known,,,bpt6k67598121: no usable pages in manifest.,2026-07-17T15:22:38.597040
echoran,bpt6k6759813f,,failed,0,0,,no_usable_pages,known,,,bpt6k6759813f: no usable pages in manifest.,2026-07-17T15:22:38.778728
echoran,bpt6k6759814v,,failed,0,0,,no_usable_pages,known,,,bpt6k6759814v: no usable pages in manifest.,2026-07-17T15:22:38.951538
echoran,bpt6k67598158,,failed,0,0,,no_usable_pages,known,,,bpt6k67598158: no usable pages in manifest.,2026-07-17T15:22:39.159695
echoran,bpt6k6759816p,,failed,0,0,,no_usable_pages,known,,,bpt6k6759816p: no usable pages in manifest.,2026-07-17T15:22:39.369038
echoran,bpt6k67598173,,failed,0,0,,no_usable_pages,known,,,bpt6k67598173: no usable pages in manifest.,2026-07-17T15:22:39.601381
echoran,bpt6k6759818h,,failed,0,0,,no_usable_pages,known,,,bpt6k6759818h: no usable pages in manifest.,2026-07-17T15:22:39.728547
echoran,bpt6k6759819x,,failed,0,0,,no_usable_pages,known,,,bpt6k6759819x: no usable pages in manifest.,2026-07-17T15:22:39.874511
echoran,bpt6k6759820k,,failed,0,0,,no_usable_pages,known,,,bpt6k6759820k: no usable pages in manifest.,2026-07-17T15:22:39.987904
echoran,bpt6k67598210,,failed,0,0,,no_usable_pages,known,,,bpt6k67598210: no usable pages in manifest.,2026-07-17T15:22:40.163943
echoran,bpt6k6759822d,,failed,0,0,,no_usable_pages,known,,,bpt6k6759822d: no usable pages in manifest.,2026-07-17T15:22:40.395134
echoran,bpt6k6759823t,,failed,0,0,,no_usable_pages,known,,,bpt6k6759823t: no usable pages in manifest.,2026-07-17T15:22:40.729906
echoran,bpt6k67598247,,failed,0,0,,no_usable_pages,known,,,bpt6k67598247: no usable pages in manifest.,2026-07-17T15:22:40.903450
echoran,bpt6k6759825n,,failed,0,0,,no_usable_pages,known,,,bpt6k6759825n: no usable pages in manifest.,2026-07-17T15:22:41.068546
echoran,bpt6k67598262,,failed,0,0,,no_usable_pages,known,,,bpt6k67598262: no usable pages in manifest.,2026-07-17T15:22:41.223667
echoran,bpt6k6759827g,,failed,0,0,,no_usable_pages,known,,,bpt6k6759827g: no usable pages in manifest.,2026-07-17T15:22:41.511954
echoran,bpt6k6759828w,,failed,0,0,,no_usable_pages,known,,,bpt6k6759828w: no usable pages in manifest.,2026-07-17T15:22:41.684327
echoran,bpt6k67598299,,failed,0,0,,no_usable_pages,known,,,bpt6k67598299: no usable pages in manifest.,2026-07-17T15:22:41.860493
echoran,bpt6k6759830z,,failed,0,0,,no_usable_pages,known,,,bpt6k6759830z: no usable pages in manifest.,2026-07-17T15:22:42.093241
echoran,bpt6k6759831c,,failed,0,0,,no_usable_pages,known,,,bpt6k6759831c: no usable pages in manifest.,2026-07-17T15:22:42.294262
echoran,bpt6k6759832s,,failed,0,0,,no_usable_pages,known,,,bpt6k6759832s: no usable pages in manifest.,2026-07-17T15:22:42.490027
echoran,bpt6k67598336,,failed,0,0,,no_usable_pages,known,,,bpt6k67598336: no usable pages in manifest.,2026-07-17T15:22:42.645346
echoran,bpt6k6759834m,,failed,0,0,,no_usable_pages,known,,,bpt6k6759834m: no usable pages in manifest.,2026-07-17T15:22:42.803445
echoran,bpt6k67598351,,failed,0,0,,no_usable_pages,known,,,bpt6k67598351: no usable pages in manifest.,2026-07-17T15:22:42.945305
echoran,bpt6k6759836f,,failed,0,0,,no_usable_pages,known,,,bpt6k6759836f: no usable pages in manifest.,2026-07-17T15:22:43.197002
echoran,bpt6k6759837v,,failed,0,0,,no_usable_pages,known,,,bpt6k6759837v: no usable pages in manifest.,2026-07-17T15:22:43.357197
echoran,bpt6k67598388,,failed,0,0,,no_usable_pages,known,,,bpt6k67598388: no usable pages in manifest.,2026-07-17T15:22:43.501262
echoran,bpt6k6759839p,,failed,0,0,,no_usable_pages,known,,,bpt6k6759839p: no usable pages in manifest.,2026-07-17T15:22:43.788706
echoran,bpt6k6759840b,,failed,0,0,,no_usable_pages,known,,,bpt6k6759840b: no usable pages in manifest.,2026-07-17T15:22:44.057641
echoran,bpt6k6759841r,,failed,0,0,,no_usable_pages,known,,,bpt6k6759841r: no usable pages in manifest.,2026-07-17T15:22:44.196258
echoran,bpt6k67598425,,failed,0,0,,no_usable_pages,known,,,bpt6k67598425: no usable pages in manifest.,2026-07-17T15:22:44.354342
echoran,bpt6k6759843k,,failed,0,0,,no_usable_pages,known,,,bpt6k6759843k: no usable pages in manifest.,2026-07-17T15:22:44.625272
echoran,bpt6k67598440,,failed,0,0,,no_usable_pages,known,,,bpt6k67598440: no usable pages in manifest.,2026-07-17T15:22:44.789658
echoran,bpt6k6759845d,,failed,0,0,,no_usable_pages,known,,,bpt6k6759845d: no usable pages in manifest.,2026-07-17T15:22:44.951630
echoran,bpt6k6759846t,,failed,0,0,,no_usable_pages,known,,,bpt6k6759846t: no usable pages in manifest.,2026-07-17T15:22:45.227568
echoran,bpt6k67598477,,failed,0,0,,no_usable_pages,known,,,bpt6k67598477: no usable pages in manifest.,2026-07-17T15:22:45.375647
echoran,bpt6k6759848n,,failed,0,0,,no_usable_pages,known,,,bpt6k6759848n: no usable pages in manifest.,2026-07-17T15:22:45.517092
echoran,bpt6k67598492,,failed,0,0,,no_usable_pages,known,,,bpt6k67598492: no usable pages in manifest.,2026-07-17T15:22:45.701636
echoran,bpt6k6759850q,,failed,0,0,,no_usable_pages,known,,,bpt6k6759850q: no usable pages in manifest.,2026-07-17T15:22:45.820436
echoran,bpt6k67598514,,failed,0,0,,no_usable_pages,known,,,bpt6k67598514: no usable pages in manifest.,2026-07-17T15:22:45.992483
echoran,bpt6k6759852j,,failed,0,0,,no_usable_pages,known,,,bpt6k6759852j: no usable pages in manifest.,2026-07-17T15:22:46.187341
echoran,bpt6k6759853z,,failed,0,0,,no_usable_pages,known,,,bpt6k6759853z: no usable pages in manifest.,2026-07-17T15:22:46.327321
echoran,bpt6k6759854c,,failed,0,0,,no_usable_pages,known,,,bpt6k6759854c: no usable pages in manifest.,2026-07-17T15:22:46.496547
echoran,bpt6k6759855s,,failed,0,0,,no_usable_pages,known,,,bpt6k6759855s: no usable pages in manifest.,2026-07-17T15:22:46.749679
echoran,bpt6k67598566,,failed,0,0,,no_usable_pages,known,,,bpt6k67598566: no usable pages in manifest.,2026-07-17T15:22:46.901247
echoran,bpt6k6759857m,,failed,0,0,,no_usable_pages,known,,,bpt6k6759857m: no usable pages in manifest.,2026-07-17T15:22:47.125772
echoran,bpt6k67598581,,failed,0,0,,no_usable_pages,known,,,bpt6k67598581: no usable pages in manifest.,2026-07-17T15:22:47.348213
echoran,bpt6k6759859f,,failed,0,0,,no_usable_pages,known,,,bpt6k6759859f: no usable pages in manifest.,2026-07-17T15:22:47.464512
echoran,bpt6k67598603,,failed,0,0,,no_usable_pages,known,,,bpt6k67598603: no usable pages in manifest.,2026-07-17T15:22:47.651321
echoran,bpt6k6759861h,,failed,0,0,,no_usable_pages,known,,,bpt6k6759861h: no usable pages in manifest.,2026-07-17T15:22:47.835755
echoran,bpt6k6759862x,,failed,0,0,,no_usable_pages,known,,,bpt6k6759862x: no usable pages in manifest.,2026-07-17T15:22:47.967212
echoran,bpt6k6759863b,,failed,0,0,,no_usable_pages,known,,,bpt6k6759863b: no usable pages in manifest.,2026-07-17T15:22:48.065424
echoran,bpt6k6759864r,,failed,0,0,,no_usable_pages,known,,,bpt6k6759864r: no usable pages in manifest.,2026-07-17T15:22:48.184740
echoran,bpt6k67598655,,failed,0,0,,no_usable_pages,known,,,bpt6k67598655: no usable pages in manifest.,2026-07-17T15:22:48.329368
echoran,bpt6k6759866k,,failed,0,0,,no_usable_pages,known,,,bpt6k6759866k: no usable pages in manifest.,2026-07-17T15:22:48.436110
echoran,bpt6k67598670,,failed,0,0,,no_usable_pages,known,,,bpt6k67598670: no usable pages in manifest.,2026-07-17T15:22:48.542554
echoran,bpt6k6759868d,,failed,0,0,,no_usable_pages,known,,,bpt6k6759868d: no usable pages in manifest.,2026-07-17T15:22:48.625477
echoran,bpt6k6759869t,,failed,0,0,,no_usable_pages,known,,,bpt6k6759869t: no usable pages in manifest.,2026-07-17T15:22:48.733191
echoran,bpt6k6759870g,,failed,0,0,,no_usable_pages,known,,,bpt6k6759870g: no usable pages in manifest.,2026-07-17T15:22:48.944238
echoran,bpt6k6759871w,,failed,0,0,,no_usable_pages,known,,,bpt6k6759871w: no usable pages in manifest.,2026-07-17T15:22:49.077956
echoran,bpt6k67598729,,failed,0,0,,no_usable_pages,known,,,bpt6k67598729: no usable pages in manifest.,2026-07-17T15:22:49.301469
echoran,bpt6k6759873q,,failed,0,0,,no_usable_pages,known,,,bpt6k6759873q: no usable pages in manifest.,2026-07-17T15:22:49.451709
echoran,bpt6k67598744,,failed,0,0,,no_usable_pages,known,,,bpt6k67598744: no usable pages in manifest.,2026-07-17T15:22:49.623736
echoran,bpt6k6759875j,,failed,0,0,,no_usable_pages,known,,,bpt6k6759875j: no usable pages in manifest.,2026-07-17T15:22:49.742778
echoran,bpt6k6759876z,,failed,0,0,,no_usable_pages,known,,,bpt6k6759876z: no usable pages in manifest.,2026-07-17T15:22:49.878631
echoran,bpt6k6759877c,,failed,0,0,,no_usable_pages,known,,,bpt6k6759877c: no usable pages in manifest.,2026-07-17T15:22:50.078216
echoran,bpt6k6759878s,,failed,0,0,,no_usable_pages,known,,,bpt6k6759878s: no usable pages in manifest.,2026-07-17T15:22:50.223923
echoran,bpt6k67598796,,failed,0,0,,no_usable_pages,known,,,bpt6k67598796: no usable pages in manifest.,2026-07-17T15:22:50.352127
echoran,bpt6k6759880v,,failed,0,0,,no_usable_pages,known,,,bpt6k6759880v: no usable pages in manifest.,2026-07-17T15:22:50.479913
echoran,bpt6k67598818,,failed,0,0,,no_usable_pages,known,,,bpt6k67598818: no usable pages in manifest.,2026-07-17T15:22:50.600633
echoran,bpt6k6759882p,,failed,0,0,,no_usable_pages,known,,,bpt6k6759882p: no usable pages in manifest.,2026-07-17T15:22:50.727659
echoran,bpt6k67598833,,failed,0,0,,no_usable_pages,known,,,bpt6k67598833: no usable pages in manifest.,2026-07-17T15:22:50.831242
echoran,bpt6k6759884h,,failed,0,0,,no_usable_pages,known,,,bpt6k6759884h: no usable pages in manifest.,2026-07-17T15:22:50.936180
echoran,bpt6k6759885x,,failed,0,0,,no_usable_pages,known,,,bpt6k6759885x: no usable pages in manifest.,2026-07-17T15:22:51.134388
echoran,bpt6k6759886b,,failed,0,0,,no_usable_pages,known,,,bpt6k6759886b: no usable pages in manifest.,2026-07-17T15:22:51.242438
echoran,bpt6k6759887r,,failed,0,0,,no_usable_pages,known,,,bpt6k6759887r: no usable pages in manifest.,2026-07-17T15:22:51.369144
echoran,bpt6k67598885,,failed,0,0,,no_usable_pages,known,,,bpt6k67598885: no usable pages in manifest.,2026-07-17T15:22:51.542067
echoran,bpt6k6759889k,,failed,0,0,,no_usable_pages,known,,,bpt6k6759889k: no usable pages in manifest.,2026-07-17T15:22:51.698718
echoran,bpt6k67598907,,failed,0,0,,no_usable_pages,known,,,bpt6k67598907: no usable pages in manifest.,2026-07-17T15:22:51.899602
echoran,bpt6k6759891n,,failed,0,0,,no_usable_pages,known,,,bpt6k6759891n: no usable pages in manifest.,2026-07-17T15:22:52.056606
echoran,bpt6k67598922,,failed,0,0,,no_usable_pages,known,,,bpt6k67598922: no usable pages in manifest.,2026-07-17T15:22:52.253479
echoran,bpt6k6759893g,,failed,0,0,,no_usable_pages,known,,,bpt6k6759893g: no usable pages in manifest.,2026-07-17T15:22:52.385693
echoran,bpt6k6759894w,,failed,0,0,,no_usable_pages,known,,,bpt6k6759894w: no usable pages in manifest.,2026-07-17T15:22:52.552735
echoran,bpt6k67598959,,failed,0,0,,no_usable_pages,known,,,bpt6k67598959: no usable pages in manifest.,2026-07-17T15:22:52.748862
echoran,bpt6k6759896q,,failed,0,0,,no_usable_pages,known,,,bpt6k6759896q: no usable pages in manifest.,2026-07-17T15:22:52.911879
echoran,bpt6k67598974,,failed,0,0,,no_usable_pages,known,,,bpt6k67598974: no usable pages in manifest.,2026-07-17T15:22:53.033690
echoran,bpt6k6759898j,,failed,0,0,,no_usable_pages,known,,,bpt6k6759898j: no usable pages in manifest.,2026-07-17T15:22:53.142958
echoran,bpt6k6759899z,,failed,0,0,,no_usable_pages,known,,,bpt6k6759899z: no usable pages in manifest.,2026-07-17T15:22:53.368274
echoran,bpt6k67599005,,failed,0,0,,no_usable_pages,known,,,bpt6k67599005: no usable pages in manifest.,2026-07-17T15:22:53.511207
echoran,bpt6k6759901k,,failed,0,0,,no_usable_pages,known,,,bpt6k6759901k: no usable pages in manifest.,2026-07-17T15:22:53.605184
echoran,bpt6k67599020,,failed,0,0,,no_usable_pages,known,,,bpt6k67599020: no usable pages in manifest.,2026-07-17T15:22:53.791249
echoran,bpt6k6759903d,,failed,0,0,,no_usable_pages,known,,,bpt6k6759903d: no usable pages in manifest.,2026-07-17T15:22:53.929209
echoran,bpt6k6759904t,,failed,0,0,,no_usable_pages,known,,,bpt6k6759904t: no usable pages in manifest.,2026-07-17T15:22:54.052726
echoran,bpt6k67599057,,failed,0,0,,no_usable_pages,known,,,bpt6k67599057: no usable pages in manifest.,2026-07-17T15:22:54.200490
echoran,bpt6k6759906n,,failed,0,0,,no_usable_pages,known,,,bpt6k6759906n: no usable pages in manifest.,2026-07-17T15:22:54.431267
echoran,bpt6k67599072,,failed,0,0,,no_usable_pages,known,,,bpt6k67599072: no usable pages in manifest.,2026-07-17T15:22:54.572124
echoran,bpt6k6759908g,,failed,0,0,,no_usable_pages,known,,,bpt6k6759908g: no usable pages in manifest.,2026-07-17T15:22:54.702183
echoran,bpt6k6759909w,,failed,0,0,,no_usable_pages,known,,,bpt6k6759909w: no usable pages in manifest.,2026-07-17T15:22:54.902641
echoran,bpt6k6759910j,,failed,0,0,,no_usable_pages,known,,,bpt6k6759910j: no usable pages in manifest.,2026-07-17T15:22:55.067489
echoran,bpt6k6759911z,,failed,0,0,,no_usable_pages,known,,,bpt6k6759911z: no usable pages in manifest.,2026-07-17T15:22:55.234941
echoran,bpt6k6759912c,,failed,0,0,,no_usable_pages,known,,,bpt6k6759912c: no usable pages in manifest.,2026-07-17T15:22:55.431850
echoran,bpt6k6759913s,,failed,0,0,,no_usable_pages,known,,,bpt6k6759913s: no usable pages in manifest.,2026-07-17T15:22:55.543412
echoran,bpt6k67599146,,failed,0,0,,no_usable_pages,known,,,bpt6k67599146: no usable pages in manifest.,2026-07-17T15:22:55.674559
echoran,bpt6k6759915m,,failed,0,0,,no_usable_pages,known,,,bpt6k6759915m: no usable pages in manifest.,2026-07-17T15:22:55.891752
echoran,bpt6k67599161,,failed,0,0,,no_usable_pages,known,,,bpt6k67599161: no usable pages in manifest.,2026-07-17T15:22:56.075021
echoran,bpt6k6759917f,,failed,0,0,,no_usable_pages,known,,,bpt6k6759917f: no usable pages in manifest.,2026-07-17T15:22:56.186261
echoran,bpt6k6759918v,,failed,0,0,,no_usable_pages,known,,,bpt6k6759918v: no usable pages in manifest.,2026-07-17T15:22:56.329516
echoran,bpt6k67599198,,failed,0,0,,no_usable_pages,known,,,bpt6k67599198: no usable pages in manifest.,2026-07-17T15:22:56.545056
echoran,bpt6k6759920x,,failed,0,0,,no_usable_pages,known,,,bpt6k6759920x: no usable pages in manifest.,2026-07-17T15:22:56.690929
echoran,bpt6k6759921b,,failed,0,0,,no_usable_pages,known,,,bpt6k6759921b: no usable pages in manifest.,2026-07-17T15:22:56.766719
echoran,bpt6k6759922r,,failed,0,0,,no_usable_pages,known,,,bpt6k6759922r: no usable pages in manifest.,2026-07-17T15:22:56.880525
echoran,bpt6k67599235,,failed,0,0,,no_usable_pages,known,,,bpt6k67599235: no usable pages in manifest.,2026-07-17T15:22:57.044642
echoran,bpt6k6759924k,,failed,0,0,,no_usable_pages,known,,,bpt6k6759924k: no usable pages in manifest.,2026-07-17T15:22:57.163992
echoran,bpt6k67599250,,failed,0,0,,no_usable_pages,known,,,bpt6k67599250: no usable pages in manifest.,2026-07-17T15:22:57.299638
echoran,bpt6k6759926d,,failed,0,0,,no_usable_pages,known,,,bpt6k6759926d: no usable pages in manifest.,2026-07-17T15:22:57.400983
echoran,bpt6k6759927t,,failed,0,0,,no_usable_pages,known,,,bpt6k6759927t: no usable pages in manifest.,2026-07-17T15:22:57.568778
echoran,bpt6k67599287,,failed,0,0,,no_usable_pages,known,,,bpt6k67599287: no usable pages in manifest.,2026-07-17T15:22:57.714888
echoran,bpt6k6759929n,,failed,0,0,,no_usable_pages,known,,,bpt6k6759929n: no usable pages in manifest.,2026-07-17T15:22:57.938702
echoran,bpt6k67599309,,failed,0,0,,no_usable_pages,known,,,bpt6k67599309: no usable pages in manifest.,2026-07-17T15:22:58.120812
echoran,bpt6k6759931q,,failed,0,0,,no_usable_pages,known,,,bpt6k6759931q: no usable pages in manifest.,2026-07-17T15:22:58.282107
echoran,bpt6k67599324,,failed,0,0,,no_usable_pages,known,,,bpt6k67599324: no usable pages in manifest.,2026-07-17T15:22:58.445762
echoran,bpt6k6759933j,,failed,0,0,,no_usable_pages,known,,,bpt6k6759933j: no usable pages in manifest.,2026-07-17T15:22:58.676260
echoran,bpt6k6759934z,,failed,0,0,,no_usable_pages,known,,,bpt6k6759934z: no usable pages in manifest.,2026-07-17T15:22:58.792682
echoran,bpt6k6759935c,,failed,0,0,,no_usable_pages,known,,,bpt6k6759935c: no usable pages in manifest.,2026-07-17T15:22:58.959484
echoran,bpt6k6759936s,,failed,0,0,,no_usable_pages,known,,,bpt6k6759936s: no usable pages in manifest.,2026-07-17T15:22:59.233634
echoran,bpt6k67599376,,failed,0,0,,no_usable_pages,known,,,bpt6k67599376: no usable pages in manifest.,2026-07-17T15:22:59.396367
echoran,bpt6k6759938m,,failed,0,0,,no_usable_pages,known,,,bpt6k6759938m: no usable pages in manifest.,2026-07-17T15:22:59.576758
echoran,bpt6k67599391,,failed,0,0,,no_usable_pages,known,,,bpt6k67599391: no usable pages in manifest.,2026-07-17T15:22:59.778882
echoran,bpt6k6759940p,,failed,0,0,,no_usable_pages,known,,,bpt6k6759940p: no usable pages in manifest.,2026-07-17T15:22:59.948893
echoran,bpt6k67599413,,failed,0,0,,no_usable_pages,known,,,bpt6k67599413: no usable pages in manifest.,2026-07-17T15:23:00.193229
echoran,bpt6k6759942h,,failed,0,0,,no_usable_pages,known,,,bpt6k6759942h: no usable pages in manifest.,2026-07-17T15:23:00.358508
echoran,bpt6k6759943x,,failed,0,0,,no_usable_pages,known,,,bpt6k6759943x: no usable pages in manifest.,2026-07-17T15:23:00.528087
echoran,bpt6k6759944b,,failed,0,0,,no_usable_pages,known,,,bpt6k6759944b: no usable pages in manifest.,2026-07-17T15:23:00.739704
echoran,bpt6k6759945r,,failed,0,0,,no_usable_pages,known,,,bpt6k6759945r: no usable pages in manifest.,2026-07-17T15:23:00.895705
echoran,bpt6k67599465,,failed,0,0,,no_usable_pages,known,,,bpt6k67599465: no usable pages in manifest.,2026-07-17T15:23:01.031525
echoran,bpt6k6759947k,,failed,0,0,,no_usable_pages,known,,,bpt6k6759947k: no usable pages in manifest.,2026-07-17T15:23:01.168433
echoran,bpt6k67599480,,failed,0,0,,no_usable_pages,known,,,bpt6k67599480: no usable pages in manifest.,2026-07-17T15:23:01.308879
echoran,bpt6k6759949d,,failed,0,0,,no_usable_pages,known,,,bpt6k6759949d: no usable pages in manifest.,2026-07-17T15:23:01.443614
echoran,bpt6k67599502,,failed,0,0,,no_usable_pages,known,,,bpt6k67599502: no usable pages in manifest.,2026-07-17T15:23:01.575398
echoran,bpt6k6759951g,,failed,0,0,,no_usable_pages,known,,,bpt6k6759951g: no usable pages in manifest.,2026-07-17T15:23:01.720342
echoran,bpt6k6759952w,,failed,0,0,,no_usable_pages,known,,,bpt6k6759952w: no usable pages in manifest.,2026-07-17T15:23:01.845988
echoran,bpt6k67599539,,failed,0,0,,no_usable_pages,known,,,bpt6k67599539: no usable pages in manifest.,2026-07-17T15:23:02.002282
echoran,bpt6k6759954q,,failed,0,0,,no_usable_pages,known,,,bpt6k6759954q: no usable pages in manifest.,2026-07-17T15:23:02.094597
echoran,bpt6k67599554,,failed,0,0,,no_usable_pages,known,,,bpt6k67599554: no usable pages in manifest.,2026-07-17T15:23:02.284632
echoran,bpt6k6759956j,,failed,0,0,,no_usable_pages,known,,,bpt6k6759956j: no usable pages in manifest.,2026-07-17T15:23:02.415643
echoran,bpt6k6759957z,,failed,0,0,,no_usable_pages,known,,,bpt6k6759957z: no usable pages in manifest.,2026-07-17T15:23:02.598733
echoran,bpt6k6759958c,,failed,0,0,,no_usable_pages,known,,,bpt6k6759958c: no usable pages in manifest.,2026-07-17T15:23:02.765938
echoran,bpt6k6759959s,,failed,0,0,,no_usable_pages,known,,,bpt6k6759959s: no usable pages in manifest.,2026-07-17T15:23:02.958164
echoran,bpt6k6759960f,,failed,0,0,,no_usable_pages,known,,,bpt6k6759960f: no usable pages in manifest.,2026-07-17T15:23:03.084263
echoran,bpt6k6759961v,,failed,0,0,,no_usable_pages,known,,,bpt6k6759961v: no usable pages in manifest.,2026-07-17T15:23:03.204891
echoran,bpt6k67599628,,failed,0,0,,no_usable_pages,known,,,bpt6k67599628: no usable pages in manifest.,2026-07-17T15:23:03.402829
echoran,bpt6k6759963p,,failed,0,0,,no_usable_pages,known,,,bpt6k6759963p: no usable pages in manifest.,2026-07-17T15:23:03.498171
echoran,bpt6k67599643,,failed,0,0,,no_usable_pages,known,,,bpt6k67599643: no usable pages in manifest.,2026-07-17T15:23:03.631775
echoran,bpt6k6759965h,,failed,0,0,,no_usable_pages,known,,,bpt6k6759965h: no usable pages in manifest.,2026-07-17T15:23:03.787221
echoran,bpt6k6759966x,,failed,0,0,,no_usable_pages,known,,,bpt6k6759966x: no usable pages in manifest.,2026-07-17T15:23:03.997652
echoran,bpt6k6759967b,,failed,0,0,,no_usable_pages,known,,,bpt6k6759967b: no usable pages in manifest.,2026-07-17T15:23:04.137283
echoran,bpt6k6759968r,,failed,0,0,,no_usable_pages,known,,,bpt6k6759968r: no usable pages in manifest.,2026-07-17T15:23:04.265423
echoran,bpt6k67599695,,failed,0,0,,no_usable_pages,known,,,bpt6k67599695: no usable pages in manifest.,2026-07-17T15:23:04.459600
echoran,bpt6k6759970t,,failed,0,0,,no_usable_pages,known,,,bpt6k6759970t: no usable pages in manifest.,2026-07-17T15:23:04.576998
echoran,bpt6k67599717,,failed,0,0,,no_usable_pages,known,,,bpt6k67599717: no usable pages in manifest.,2026-07-17T15:23:04.658914
echoran,bpt6k6759972n,,failed,0,0,,no_usable_pages,known,,,bpt6k6759972n: no usable pages in manifest.,2026-07-17T15:23:04.774867
echoran,bpt6k67599732,,failed,0,0,,no_usable_pages,known,,,bpt6k67599732: no usable pages in manifest.,2026-07-17T15:23:04.934756
echoran,bpt6k6759974g,,failed,0,0,,no_usable_pages,known,,,bpt6k6759974g: no usable pages in manifest.,2026-07-17T15:23:05.102367
echoran,bpt6k6759975w,,failed,0,0,,no_usable_pages,known,,,bpt6k6759975w: no usable pages in manifest.,2026-07-17T15:23:05.205952
echoran,bpt6k67599769,,failed,0,0,,no_usable_pages,known,,,bpt6k67599769: no usable pages in manifest.,2026-07-17T15:23:05.372222
echoran,bpt6k6759977q,,failed,0,0,,no_usable_pages,known,,,bpt6k6759977q: no usable pages in manifest.,2026-07-17T15:23:05.525465
echoran,bpt6k67599784,,failed,0,0,,no_usable_pages,known,,,bpt6k67599784: no usable pages in manifest.,2026-07-17T15:23:05.645517
echoran,bpt6k6759979j,,failed,0,0,,no_usable_pages,known,,,bpt6k6759979j: no usable pages in manifest.,2026-07-17T15:23:05.763982
echoran,bpt6k67599806,,failed,0,0,,no_usable_pages,known,,,bpt6k67599806: no usable pages in manifest.,2026-07-17T15:23:05.913629
echoran,bpt6k6759981m,,failed,0,0,,no_usable_pages,known,,,bpt6k6759981m: no usable pages in manifest.,2026-07-17T15:23:06.078374
echoran,bpt6k67599821,,failed,0,0,,no_usable_pages,known,,,bpt6k67599821: no usable pages in manifest.,2026-07-17T15:23:06.317733
echoran,bpt6k6759983f,,failed,0,0,,no_usable_pages,known,,,bpt6k6759983f: no usable pages in manifest.,2026-07-17T15:23:06.463884
echoran,bpt6k6759984v,,failed,0,0,,no_usable_pages,known,,,bpt6k6759984v: no usable pages in manifest.,2026-07-17T15:23:06.596047
echoran,bpt6k67599858,,failed,0,0,,no_usable_pages,known,,,bpt6k67599858: no usable pages in manifest.,2026-07-17T15:23:06.739972
echoran,bpt6k6759986p,,failed,0,0,,no_usable_pages,known,,,bpt6k6759986p: no usable pages in manifest.,2026-07-17T15:23:06.906634
echoran,bpt6k67599873,,failed,0,0,,no_usable_pages,known,,,bpt6k67599873: no usable pages in manifest.,2026-07-17T15:23:07.056652
echoran,bpt6k6759988h,,failed,0,0,,no_usable_pages,known,,,bpt6k6759988h: no usable pages in manifest.,2026-07-17T15:23:07.197872
echoran,bpt6k6759989x,,failed,0,0,,no_usable_pages,known,,,bpt6k6759989x: no usable pages in manifest.,2026-07-17T15:23:07.472261
echoran,bpt6k6759990k,,failed,0,0,,no_usable_pages,known,,,bpt6k6759990k: no usable pages in manifest.,2026-07-17T15:23:07.685089
echoran,bpt6k67599910,,failed,0,0,,no_usable_pages,known,,,bpt6k67599910: no usable pages in manifest.,2026-07-17T15:23:07.839164
echoran,bpt6k6759992d,,failed,0,0,,no_usable_pages,known,,,bpt6k6759992d: no usable pages in manifest.,2026-07-17T15:23:08.005083
echoran,bpt6k6759993t,,failed,0,0,,no_usable_pages,known,,,bpt6k6759993t: no usable pages in manifest.,2026-07-17T15:23:08.138558
echoran,bpt6k67599947,,failed,0,0,,no_usable_pages,known,,,bpt6k67599947: no usable pages in manifest.,2026-07-17T15:23:08.299523
echoran,bpt6k6759995n,,failed,0,0,,no_usable_pages,known,,,bpt6k6759995n: no usable pages in manifest.,2026-07-17T15:23:08.510171
echoran,bpt6k67599962,,failed,0,0,,no_usable_pages,known,,,bpt6k67599962: no usable pages in manifest.,2026-07-17T15:23:08.647774
echoran,bpt6k6759997g,,failed,0,0,,no_usable_pages,known,,,bpt6k6759997g: no usable pages in manifest.,2026-07-17T15:23:08.803697
echoran,bpt6k6759998w,,failed,0,0,,no_usable_pages,known,,,bpt6k6759998w: no usable pages in manifest.,2026-07-17T15:23:08.940356
echoran,bpt6k67599999,,failed,0,0,,no_usable_pages,known,,,bpt6k67599999: no usable pages in manifest.,2026-07-17T15:23:09.057606
echoran,bpt6k6760000j,,failed,0,0,,no_usable_pages,known,,,bpt6k6760000j: no usable pages in manifest.,2026-07-17T15:23:09.271227
echoran,bpt6k6760001z,,failed,0,0,,no_usable_pages,known,,,bpt6k6760001z: no usable pages in manifest.,2026-07-17T15:23:09.402708
echoran,bpt6k6760002c,,failed,0,0,,no_usable_pages,known,,,bpt6k6760002c: no usable pages in manifest.,2026-07-17T15:23:09.606836
echoran,bpt6k6760003s,,failed,0,0,,no_usable_pages,known,,,bpt6k6760003s: no usable pages in manifest.,2026-07-17T15:23:09.742731
echoran,bpt6k67600046,,failed,0,0,,no_usable_pages,known,,,bpt6k67600046: no usable pages in manifest.,2026-07-17T15:23:09.898066
echoran,bpt6k6760005m,,failed,0,0,,no_usable_pages,known,,,bpt6k6760005m: no usable pages in manifest.,2026-07-17T15:23:10.091826
echoran,bpt6k67600061,,failed,0,0,,no_usable_pages,known,,,bpt6k67600061: no usable pages in manifest.,2026-07-17T15:23:10.258200
echoran,bpt6k6760007f,,failed,0,0,,no_usable_pages,known,,,bpt6k6760007f: no usable pages in manifest.,2026-07-17T15:23:10.400235
echoran,bpt6k6760008v,,failed,0,0,,no_usable_pages,known,,,bpt6k6760008v: no usable pages in manifest.,2026-07-17T15:23:10.610545
echoran,bpt6k67600098,,failed,0,0,,no_usable_pages,known,,,bpt6k67600098: no usable pages in manifest.,2026-07-17T15:23:10.731727
echoran,bpt6k6760010x,,failed,0,0,,no_usable_pages,known,,,bpt6k6760010x: no usable pages in manifest.,2026-07-17T15:23:10.908579
echoran,bpt6k6760011b,,failed,0,0,,no_usable_pages,known,,,bpt6k6760011b: no usable pages in manifest.,2026-07-17T15:23:11.057196
echoran,bpt6k6760012r,,failed,0,0,,no_usable_pages,known,,,bpt6k6760012r: no usable pages in manifest.,2026-07-17T15:23:11.204415
echoran,bpt6k67600135,,failed,0,0,,no_usable_pages,known,,,bpt6k67600135: no usable pages in manifest.,2026-07-17T15:23:11.302180
echoran,bpt6k6760014k,,failed,0,0,,no_usable_pages,known,,,bpt6k6760014k: no usable pages in manifest.,2026-07-17T15:23:11.460688
echoran,bpt6k67600150,,failed,0,0,,no_usable_pages,known,,,bpt6k67600150: no usable pages in manifest.,2026-07-17T15:23:11.668510
echoran,bpt6k6760016d,,failed,0,0,,no_usable_pages,known,,,bpt6k6760016d: no usable pages in manifest.,2026-07-17T15:23:11.789560
echoran,bpt6k6760017t,,failed,0,0,,no_usable_pages,known,,,bpt6k6760017t: no usable pages in manifest.,2026-07-17T15:23:11.956028
echoran,bpt6k67600187,,failed,0,0,,no_usable_pages,known,,,bpt6k67600187: no usable pages in manifest.,2026-07-17T15:23:12.149488
echoran,bpt6k6760019n,,failed,0,0,,no_usable_pages,known,,,bpt6k6760019n: no usable pages in manifest.,2026-07-17T15:23:12.290266
echoran,bpt6k67600209,,failed,0,0,,no_usable_pages,known,,,bpt6k67600209: no usable pages in manifest.,2026-07-17T15:23:12.430298
echoran,bpt6k6760021q,,failed,0,0,,no_usable_pages,known,,,bpt6k6760021q: no usable pages in manifest.,2026-07-17T15:23:12.585063
echoran,bpt6k67600224,,failed,0,0,,no_usable_pages,known,,,bpt6k67600224: no usable pages in manifest.,2026-07-17T15:23:12.781669
echoran,bpt6k6760023j,,failed,0,0,,no_usable_pages,known,,,bpt6k6760023j: no usable pages in manifest.,2026-07-17T15:23:12.930687
echoran,bpt6k6760024z,,failed,0,0,,no_usable_pages,known,,,bpt6k6760024z: no usable pages in manifest.,2026-07-17T15:23:13.070651
echoran,bpt6k6760025c,,failed,0,0,,no_usable_pages,known,,,bpt6k6760025c: no usable pages in manifest.,2026-07-17T15:23:13.270597
echoran,bpt6k6760026s,,failed,0,0,,no_usable_pages,known,,,bpt6k6760026s: no usable pages in manifest.,2026-07-17T15:23:13.448823
echoran,bpt6k67600276,,failed,0,0,,no_usable_pages,known,,,bpt6k67600276: no usable pages in manifest.,2026-07-17T15:23:13.569235
echoran,bpt6k6760028m,,failed,0,0,,no_usable_pages,known,,,bpt6k6760028m: no usable pages in manifest.,2026-07-17T15:23:13.683776
echoran,bpt6k67600291,,failed,0,0,,no_usable_pages,known,,,bpt6k67600291: no usable pages in manifest.,2026-07-17T15:23:13.875415
echoran,bpt6k6760030p,,failed,0,0,,no_usable_pages,known,,,bpt6k6760030p: no usable pages in manifest.,2026-07-17T15:23:13.985278
echoran,bpt6k67600313,,failed,0,0,,no_usable_pages,known,,,bpt6k67600313: no usable pages in manifest.,2026-07-17T15:23:14.127339
echoran,bpt6k6760032h,,failed,0,0,,no_usable_pages,known,,,bpt6k6760032h: no usable pages in manifest.,2026-07-17T15:23:14.303862
echoran,bpt6k6760033x,,failed,0,0,,no_usable_pages,known,,,bpt6k6760033x: no usable pages in manifest.,2026-07-17T15:23:14.429751
echoran,bpt6k6760034b,,failed,0,0,,no_usable_pages,known,,,bpt6k6760034b: no usable pages in manifest.,2026-07-17T15:23:14.662050
echoran,bpt6k6760035r,,failed,0,0,,no_usable_pages,known,,,bpt6k6760035r: no usable pages in manifest.,2026-07-17T15:23:14.949245
echoran,bpt6k67600365,,failed,0,0,,no_usable_pages,known,,,bpt6k67600365: no usable pages in manifest.,2026-07-17T15:23:15.077382
echoran,bpt6k6760037k,,failed,0,0,,no_usable_pages,known,,,bpt6k6760037k: no usable pages in manifest.,2026-07-17T15:23:15.301969
echoran,bpt6k67600380,,failed,0,0,,no_usable_pages,known,,,bpt6k67600380: no usable pages in manifest.,2026-07-17T15:23:15.503823
echoran,bpt6k6760039d,,failed,0,0,,no_usable_pages,known,,,bpt6k6760039d: no usable pages in manifest.,2026-07-17T15:23:15.662401
echoran,bpt6k67600402,,failed,0,0,,no_usable_pages,known,,,bpt6k67600402: no usable pages in manifest.,2026-07-17T15:23:15.804979
echoran,bpt6k6760041g,,failed,0,0,,no_usable_pages,known,,,bpt6k6760041g: no usable pages in manifest.,2026-07-17T15:23:15.961678
echoran,bpt6k6760042w,,failed,0,0,,no_usable_pages,known,,,bpt6k6760042w: no usable pages in manifest.,2026-07-17T15:23:16.155341
echoran,bpt6k67600439,,failed,0,0,,no_usable_pages,known,,,bpt6k67600439: no usable pages in manifest.,2026-07-17T15:23:16.281297
echoran,bpt6k6760044q,,failed,0,0,,no_usable_pages,known,,,bpt6k6760044q: no usable pages in manifest.,2026-07-17T15:23:16.445601
echoran,bpt6k67600454,,failed,0,0,,no_usable_pages,known,,,bpt6k67600454: no usable pages in manifest.,2026-07-17T15:23:16.667404
echoran,bpt6k6760046j,,failed,0,0,,no_usable_pages,known,,,bpt6k6760046j: no usable pages in manifest.,2026-07-17T15:23:16.815798
echoran,bpt6k6760047z,,failed,0,0,,no_usable_pages,known,,,bpt6k6760047z: no usable pages in manifest.,2026-07-17T15:23:17.057251
echoran,bpt6k6760048c,,failed,0,0,,no_usable_pages,known,,,bpt6k6760048c: no usable pages in manifest.,2026-07-17T15:23:17.245883
echoran,bpt6k6760049s,,failed,0,0,,no_usable_pages,known,,,bpt6k6760049s: no usable pages in manifest.,2026-07-17T15:23:17.368812
echoran,bpt6k6760050f,,failed,0,0,,no_usable_pages,known,,,bpt6k6760050f: no usable pages in manifest.,2026-07-17T15:23:17.485273
echoran,bpt6k6760051v,,failed,0,0,,no_usable_pages,known,,,bpt6k6760051v: no usable pages in manifest.,2026-07-17T15:23:17.674004
echoran,bpt6k67600528,,failed,0,0,,no_usable_pages,known,,,bpt6k67600528: no usable pages in manifest.,2026-07-17T15:23:17.793609
echoran,bpt6k6760053p,,failed,0,0,,no_usable_pages,known,,,bpt6k6760053p: no usable pages in manifest.,2026-07-17T15:23:17.910400
echoran,bpt6k67600543,,failed,0,0,,no_usable_pages,known,,,bpt6k67600543: no usable pages in manifest.,2026-07-17T15:23:18.106580
echoran,bpt6k6760055h,,failed,0,0,,no_usable_pages,known,,,bpt6k6760055h: no usable pages in manifest.,2026-07-17T15:23:18.219575
echoran,bpt6k6760056x,,failed,0,0,,no_usable_pages,known,,,bpt6k6760056x: no usable pages in manifest.,2026-07-17T15:23:18.367912
echoran,bpt6k6760057b,,failed,0,0,,no_usable_pages,known,,,bpt6k6760057b: no usable pages in manifest.,2026-07-17T15:23:18.522810
echoran,bpt6k6760058r,,failed,0,0,,no_usable_pages,known,,,bpt6k6760058r: no usable pages in manifest.,2026-07-17T15:23:18.651124
echoran,bpt6k67600595,,failed,0,0,,no_usable_pages,known,,,bpt6k67600595: no usable pages in manifest.,2026-07-17T15:23:18.849974
echoran,bpt6k6760060t,,failed,0,0,,no_usable_pages,known,,,bpt6k6760060t: no usable pages in manifest.,2026-07-17T15:23:18.977678
echoran,bpt6k67600617,,failed,0,0,,no_usable_pages,known,,,bpt6k67600617: no usable pages in manifest.,2026-07-17T15:23:19.182134
echoran,bpt6k6760062n,,failed,0,0,,no_usable_pages,known,,,bpt6k6760062n: no usable pages in manifest.,2026-07-17T15:23:19.308224
echoran,bpt6k67600632,,failed,0,0,,no_usable_pages,known,,,bpt6k67600632: no usable pages in manifest.,2026-07-17T15:23:19.458846
echoran,bpt6k6760064g,,failed,0,0,,no_usable_pages,known,,,bpt6k6760064g: no usable pages in manifest.,2026-07-17T15:23:19.563181
echoran,bpt6k6760065w,,failed,0,0,,no_usable_pages,known,,,bpt6k6760065w: no usable pages in manifest.,2026-07-17T15:23:19.737419
echoran,bpt6k67600669,,failed,0,0,,no_usable_pages,known,,,bpt6k67600669: no usable pages in manifest.,2026-07-17T15:23:19.906676
echoran,bpt6k6760067q,,failed,0,0,,no_usable_pages,known,,,bpt6k6760067q: no usable pages in manifest.,2026-07-17T15:23:20.036100
echoran,bpt6k67600684,,failed,0,0,,no_usable_pages,known,,,bpt6k67600684: no usable pages in manifest.,2026-07-17T15:23:20.220848
echoran,bpt6k6760069j,,failed,0,0,,no_usable_pages,known,,,bpt6k6760069j: no usable pages in manifest.,2026-07-17T15:23:20.377022
echoran,bpt6k67600706,,failed,0,0,,no_usable_pages,known,,,bpt6k67600706: no usable pages in manifest.,2026-07-17T15:23:20.475811
echoran,bpt6k6760071m,,failed,0,0,,no_usable_pages,known,,,bpt6k6760071m: no usable pages in manifest.,2026-07-17T15:23:20.595205
echoran,bpt6k67600721,,failed,0,0,,no_usable_pages,known,,,bpt6k67600721: no usable pages in manifest.,2026-07-17T15:23:20.736907
echoran,bpt6k6760073f,,failed,0,0,,no_usable_pages,known,,,bpt6k6760073f: no usable pages in manifest.,2026-07-17T15:23:20.880605
echoran,bpt6k6760074v,,failed,0,0,,no_usable_pages,known,,,bpt6k6760074v: no usable pages in manifest.,2026-07-17T15:23:21.006120
echoran,bpt6k67600758,,failed,0,0,,no_usable_pages,known,,,bpt6k67600758: no usable pages in manifest.,2026-07-17T15:23:21.177265
echoran,bpt6k6760076p,,failed,0,0,,no_usable_pages,known,,,bpt6k6760076p: no usable pages in manifest.,2026-07-17T15:23:21.342203
echoran,bpt6k67600773,,failed,0,0,,no_usable_pages,known,,,bpt6k67600773: no usable pages in manifest.,2026-07-17T15:23:21.494732
echoran,bpt6k6760078h,,failed,0,0,,no_usable_pages,known,,,bpt6k6760078h: no usable pages in manifest.,2026-07-17T15:23:21.636363
echoran,bpt6k6760079x,,failed,0,0,,no_usable_pages,known,,,bpt6k6760079x: no usable pages in manifest.,2026-07-17T15:23:21.772287
echoran,bpt6k6760080k,,failed,0,0,,no_usable_pages,known,,,bpt6k6760080k: no usable pages in manifest.,2026-07-17T15:23:21.989507
echoran,bpt6k67600810,,failed,0,0,,no_usable_pages,known,,,bpt6k67600810: no usable pages in manifest.,2026-07-17T15:23:22.155963
echoran,bpt6k6760082d,,failed,0,0,,no_usable_pages,known,,,bpt6k6760082d: no usable pages in manifest.,2026-07-17T15:23:22.365128
echoran,bpt6k6760083t,,failed,0,0,,no_usable_pages,known,,,bpt6k6760083t: no usable pages in manifest.,2026-07-17T15:23:22.461547
echoran,bpt6k67600847,,failed,0,0,,no_usable_pages,known,,,bpt6k67600847: no usable pages in manifest.,2026-07-17T15:23:22.603546
echoran,bpt6k6760085n,,failed,0,0,,no_usable_pages,known,,,bpt6k6760085n: no usable pages in manifest.,2026-07-17T15:23:22.717870
echoran,bpt6k67600862,,failed,0,0,,no_usable_pages,known,,,bpt6k67600862: no usable pages in manifest.,2026-07-17T15:23:22.857304
echoran,bpt6k6760087g,,failed,0,0,,no_usable_pages,known,,,bpt6k6760087g: no usable pages in manifest.,2026-07-17T15:23:22.998673
echoran,bpt6k6760088w,,failed,0,0,,no_usable_pages,known,,,bpt6k6760088w: no usable pages in manifest.,2026-07-17T15:23:23.167599
echoran,bpt6k67600899,,failed,0,0,,no_usable_pages,known,,,bpt6k67600899: no usable pages in manifest.,2026-07-17T15:23:23.299119
echoran,bpt6k6760090z,,failed,0,0,,no_usable_pages,known,,,bpt6k6760090z: no usable pages in manifest.,2026-07-17T15:23:23.563955
echoran,bpt6k6760091c,,failed,0,0,,no_usable_pages,known,,,bpt6k6760091c: no usable pages in manifest.,2026-07-17T15:23:23.693031
echoran,bpt6k6760092s,,failed,0,0,,no_usable_pages,known,,,bpt6k6760092s: no usable pages in manifest.,2026-07-17T15:23:23.821242
echoran,bpt6k67600936,,failed,0,0,,no_usable_pages,known,,,bpt6k67600936: no usable pages in manifest.,2026-07-17T15:23:23.958432
echoran,bpt6k6760094m,,failed,0,0,,no_usable_pages,known,,,bpt6k6760094m: no usable pages in manifest.,2026-07-17T15:23:24.139196
echoran,bpt6k67600951,,failed,0,0,,no_usable_pages,known,,,bpt6k67600951: no usable pages in manifest.,2026-07-17T15:23:24.289312
echoran,bpt6k6760096f,,failed,0,0,,no_usable_pages,known,,,bpt6k6760096f: no usable pages in manifest.,2026-07-17T15:23:24.414426
echoran,bpt6k6760097v,,failed,0,0,,no_usable_pages,known,,,bpt6k6760097v: no usable pages in manifest.,2026-07-17T15:23:24.600413
echoran,bpt6k67600988,,failed,0,0,,no_usable_pages,known,,,bpt6k67600988: no usable pages in manifest.,2026-07-17T15:23:24.752639
echoran,bpt6k6760099p,,failed,0,0,,no_usable_pages,known,,,bpt6k6760099p: no usable pages in manifest.,2026-07-17T15:23:24.882943
echoran,bpt6k6760100w,,failed,0,0,,no_usable_pages,known,,,bpt6k6760100w: no usable pages in manifest.,2026-07-17T15:23:25.030467
echoran,bpt6k67601019,,failed,0,0,,no_usable_pages,known,,,bpt6k67601019: no usable pages in manifest.,2026-07-17T15:23:25.208126
echoran,bpt6k6760102q,,failed,0,0,,no_usable_pages,known,,,bpt6k6760102q: no usable pages in manifest.,2026-07-17T15:23:25.371060
echoran,bpt6k67601034,,failed,0,0,,no_usable_pages,known,,,bpt6k67601034: no usable pages in manifest.,2026-07-17T15:23:25.529325
echoran,bpt6k6760104j,,failed,0,0,,no_usable_pages,known,,,bpt6k6760104j: no usable pages in manifest.,2026-07-17T15:23:25.785939
echoran,bpt6k6760105z,,failed,0,0,,no_usable_pages,known,,,bpt6k6760105z: no usable pages in manifest.,2026-07-17T15:23:25.933411
echoran,bpt6k6760106c,,failed,0,0,,no_usable_pages,known,,,bpt6k6760106c: no usable pages in manifest.,2026-07-17T15:23:26.073048
echoran,bpt6k6760107s,,failed,0,0,,no_usable_pages,known,,,bpt6k6760107s: no usable pages in manifest.,2026-07-17T15:23:26.274801
echoran,bpt6k67601086,,failed,0,0,,no_usable_pages,known,,,bpt6k67601086: no usable pages in manifest.,2026-07-17T15:23:26.439730
echoran,bpt6k6760109m,,failed,0,0,,no_usable_pages,known,,,bpt6k6760109m: no usable pages in manifest.,2026-07-17T15:23:26.735050
echoran,bpt6k67601108,,failed,0,0,,no_usable_pages,known,,,bpt6k67601108: no usable pages in manifest.,2026-07-17T15:23:27.059199
echoran,bpt6k6760111p,,failed,0,0,,no_usable_pages,known,,,bpt6k6760111p: no usable pages in manifest.,2026-07-17T15:23:27.213901
echoran,bpt6k67601123,,failed,0,0,,no_usable_pages,known,,,bpt6k67601123: no usable pages in manifest.,2026-07-17T15:23:27.405719
echoran,bpt6k6760113h,,failed,0,0,,no_usable_pages,known,,,bpt6k6760113h: no usable pages in manifest.,2026-07-17T15:23:27.604939
echoran,bpt6k6760114x,,failed,0,0,,no_usable_pages,known,,,bpt6k6760114x: no usable pages in manifest.,2026-07-17T15:23:27.780808
echoran,bpt6k6760115b,,failed,0,0,,no_usable_pages,known,,,bpt6k6760115b: no usable pages in manifest.,2026-07-17T15:23:27.992082
echoran,bpt6k6760116r,,failed,0,0,,no_usable_pages,known,,,bpt6k6760116r: no usable pages in manifest.,2026-07-17T15:23:28.134537
echoran,bpt6k67601175,,failed,0,0,,no_usable_pages,known,,,bpt6k67601175: no usable pages in manifest.,2026-07-17T15:23:28.274685
echoran,bpt6k6760118k,,failed,0,0,,no_usable_pages,known,,,bpt6k6760118k: no usable pages in manifest.,2026-07-17T15:23:28.455429
echoran,bpt6k67601190,,failed,0,0,,no_usable_pages,known,,,bpt6k67601190: no usable pages in manifest.,2026-07-17T15:23:28.602018
echoran,bpt6k6760120n,,failed,0,0,,no_usable_pages,known,,,bpt6k6760120n: no usable pages in manifest.,2026-07-17T15:23:28.759379
echoran,bpt6k67601212,,failed,0,0,,no_usable_pages,known,,,bpt6k67601212: no usable pages in manifest.,2026-07-17T15:23:29.030361
echoran,bpt6k6760122g,,failed,0,0,,no_usable_pages,known,,,bpt6k6760122g: no usable pages in manifest.,2026-07-17T15:23:29.276946
echoran,bpt6k6760123w,,failed,0,0,,no_usable_pages,known,,,bpt6k6760123w: no usable pages in manifest.,2026-07-17T15:23:29.479751
echoran,bpt6k67601249,,failed,0,0,,no_usable_pages,known,,,bpt6k67601249: no usable pages in manifest.,2026-07-17T15:23:29.612946
echoran,bpt6k6760125q,,failed,0,0,,no_usable_pages,known,,,bpt6k6760125q: no usable pages in manifest.,2026-07-17T15:23:29.732373
echoran,bpt6k67601264,,failed,0,0,,no_usable_pages,known,,,bpt6k67601264: no usable pages in manifest.,2026-07-17T15:23:29.875561
echoran,bpt6k6760127j,,failed,0,0,,no_usable_pages,known,,,bpt6k6760127j: no usable pages in manifest.,2026-07-17T15:23:30.060820
echoran,bpt6k6760128z,,failed,0,0,,no_usable_pages,known,,,bpt6k6760128z: no usable pages in manifest.,2026-07-17T15:23:30.379211
echoran,bpt6k6760129c,,failed,0,0,,no_usable_pages,known,,,bpt6k6760129c: no usable pages in manifest.,2026-07-17T15:23:30.635063
echoran,bpt6k67601301,,failed,0,0,,no_usable_pages,known,,,bpt6k67601301: no usable pages in manifest.,2026-07-17T15:23:30.866244
echoran,bpt6k6760131f,,failed,0,0,,no_usable_pages,known,,,bpt6k6760131f: no usable pages in manifest.,2026-07-17T15:23:31.130528
echoran,bpt6k6760132v,,failed,0,0,,no_usable_pages,known,,,bpt6k6760132v: no usable pages in manifest.,2026-07-17T15:23:31.338814
echoran,bpt6k67601338,,failed,0,0,,no_usable_pages,known,,,bpt6k67601338: no usable pages in manifest.,2026-07-17T15:23:31.535077
echoran,bpt6k6760134p,,failed,0,0,,no_usable_pages,known,,,bpt6k6760134p: no usable pages in manifest.,2026-07-17T15:23:31.885543
echoran,bpt6k67601353,,failed,0,0,,no_usable_pages,known,,,bpt6k67601353: no usable pages in manifest.,2026-07-17T15:23:32.048275
echoran,bpt6k6760136h,,failed,0,0,,no_usable_pages,known,,,bpt6k6760136h: no usable pages in manifest.,2026-07-17T15:23:32.237623
echoran,bpt6k6760137x,,failed,0,0,,no_usable_pages,known,,,bpt6k6760137x: no usable pages in manifest.,2026-07-17T15:23:32.469245
echoran,bpt6k6760138b,,failed,0,0,,no_usable_pages,known,,,bpt6k6760138b: no usable pages in manifest.,2026-07-17T15:23:32.591130
echoran,bpt6k6760139r,,failed,0,0,,no_usable_pages,known,,,bpt6k6760139r: no usable pages in manifest.,2026-07-17T15:23:32.754885
echoran,bpt6k6760140d,,failed,0,0,,no_usable_pages,known,,,bpt6k6760140d: no usable pages in manifest.,2026-07-17T15:23:32.891119
echoran,bpt6k6760141t,,failed,0,0,,no_usable_pages,known,,,bpt6k6760141t: no usable pages in manifest.,2026-07-17T15:23:33.004514
echoran,bpt6k67601427,,failed,0,0,,no_usable_pages,known,,,bpt6k67601427: no usable pages in manifest.,2026-07-17T15:23:33.113313
echoran,bpt6k6760143n,,failed,0,0,,no_usable_pages,known,,,bpt6k6760143n: no usable pages in manifest.,2026-07-17T15:23:33.246284
echoran,bpt6k67601442,,failed,0,0,,no_usable_pages,known,,,bpt6k67601442: no usable pages in manifest.,2026-07-17T15:23:33.448832
echoran,bpt6k6760145g,,failed,0,0,,no_usable_pages,known,,,bpt6k6760145g: no usable pages in manifest.,2026-07-17T15:23:33.583699
echoran,bpt6k6760146w,,failed,0,0,,no_usable_pages,known,,,bpt6k6760146w: no usable pages in manifest.,2026-07-17T15:23:33.807901
echoran,bpt6k67601479,,failed,0,0,,no_usable_pages,known,,,bpt6k67601479: no usable pages in manifest.,2026-07-17T15:23:33.978919
echoran,bpt6k6760148q,,failed,0,0,,no_usable_pages,known,,,bpt6k6760148q: no usable pages in manifest.,2026-07-17T15:23:34.103359
echoran,bpt6k67601494,,failed,0,0,,no_usable_pages,known,,,bpt6k67601494: no usable pages in manifest.,2026-07-17T15:23:34.208491
echoran,bpt6k6760150s,,failed,0,0,,no_usable_pages,known,,,bpt6k6760150s: no usable pages in manifest.,2026-07-17T15:23:34.370505
echoran,bpt6k67601516,,failed,0,0,,no_usable_pages,known,,,bpt6k67601516: no usable pages in manifest.,2026-07-17T15:23:34.568904
echoran,bpt6k6760152m,,failed,0,0,,no_usable_pages,known,,,bpt6k6760152m: no usable pages in manifest.,2026-07-17T15:23:34.754579
echoran,bpt6k67601531,,failed,0,0,,no_usable_pages,known,,,bpt6k67601531: no usable pages in manifest.,2026-07-17T15:23:34.936004
echoran,bpt6k6760154f,,failed,0,0,,no_usable_pages,known,,,bpt6k6760154f: no usable pages in manifest.,2026-07-17T15:23:35.033745
echoran,bpt6k6760155v,,failed,0,0,,no_usable_pages,known,,,bpt6k6760155v: no usable pages in manifest.,2026-07-17T15:23:35.196697
echoran,bpt6k67601568,,failed,0,0,,no_usable_pages,known,,,bpt6k67601568: no usable pages in manifest.,2026-07-17T15:23:35.353583
echoran,bpt6k6760157p,,failed,0,0,,no_usable_pages,known,,,bpt6k6760157p: no usable pages in manifest.,2026-07-17T15:23:35.582312
echoran,bpt6k67601583,,failed,0,0,,no_usable_pages,known,,,bpt6k67601583: no usable pages in manifest.,2026-07-17T15:23:35.715067
echoran,bpt6k6760159h,,failed,0,0,,no_usable_pages,known,,,bpt6k6760159h: no usable pages in manifest.,2026-07-17T15:23:35.916173
echoran,bpt6k67601605,,failed,0,0,,no_usable_pages,known,,,bpt6k67601605: no usable pages in manifest.,2026-07-17T15:23:36.015669
echoran,bpt6k6760161k,,failed,0,0,,no_usable_pages,known,,,bpt6k6760161k: no usable pages in manifest.,2026-07-17T15:23:36.161754
echoran,bpt6k67601620,,failed,0,0,,no_usable_pages,known,,,bpt6k67601620: no usable pages in manifest.,2026-07-17T15:23:36.289409
echoran,bpt6k6760163d,,failed,0,0,,no_usable_pages,known,,,bpt6k6760163d: no usable pages in manifest.,2026-07-17T15:23:36.504157
echoran,bpt6k6760164t,,failed,0,0,,no_usable_pages,known,,,bpt6k6760164t: no usable pages in manifest.,2026-07-17T15:23:36.830612
echoran,bpt6k67601657,,failed,0,0,,no_usable_pages,known,,,bpt6k67601657: no usable pages in manifest.,2026-07-17T15:23:37.059806
echoran,bpt6k6760166n,,failed,0,0,,no_usable_pages,known,,,bpt6k6760166n: no usable pages in manifest.,2026-07-17T15:23:37.217478
echoran,bpt6k67601672,,failed,0,0,,no_usable_pages,known,,,bpt6k67601672: no usable pages in manifest.,2026-07-17T15:23:37.362940
echoran,bpt6k6760168g,,failed,0,0,,no_usable_pages,known,,,bpt6k6760168g: no usable pages in manifest.,2026-07-17T15:23:37.466200
echoran,bpt6k6760169w,,failed,0,0,,no_usable_pages,known,,,bpt6k6760169w: no usable pages in manifest.,2026-07-17T15:23:37.622817
echoran,bpt6k6760170j,,failed,0,0,,no_usable_pages,known,,,bpt6k6760170j: no usable pages in manifest.,2026-07-17T15:23:37.852486
echoran,bpt6k6760171z,,failed,0,0,,no_usable_pages,known,,,bpt6k6760171z: no usable pages in manifest.,2026-07-17T15:23:38.009541
echoran,bpt6k6760172c,,failed,0,0,,no_usable_pages,known,,,bpt6k6760172c: no usable pages in manifest.,2026-07-17T15:23:38.213818
echoran,bpt6k6760173s,,failed,0,0,,no_usable_pages,known,,,bpt6k6760173s: no usable pages in manifest.,2026-07-17T15:23:38.359733
echoran,bpt6k67601746,,failed,0,0,,no_usable_pages,known,,,bpt6k67601746: no usable pages in manifest.,2026-07-17T15:23:38.505338
echoran,bpt6k6760175m,,failed,0,0,,no_usable_pages,known,,,bpt6k6760175m: no usable pages in manifest.,2026-07-17T15:23:38.646866
echoran,bpt6k67601761,,failed,0,0,,no_usable_pages,known,,,bpt6k67601761: no usable pages in manifest.,2026-07-17T15:23:38.875898
echoran,bpt6k6760177f,,failed,0,0,,no_usable_pages,known,,,bpt6k6760177f: no usable pages in manifest.,2026-07-17T15:23:39.028401
echoran,bpt6k6760178v,,failed,0,0,,no_usable_pages,known,,,bpt6k6760178v: no usable pages in manifest.,2026-07-17T15:23:39.216491
echoran,bpt6k67601798,,failed,0,0,,no_usable_pages,known,,,bpt6k67601798: no usable pages in manifest.,2026-07-17T15:23:39.370219
echoran,bpt6k6760180x,,failed,0,0,,no_usable_pages,known,,,bpt6k6760180x: no usable pages in manifest.,2026-07-17T15:23:39.555258
echoran,bpt6k6760181b,,failed,0,0,,no_usable_pages,known,,,bpt6k6760181b: no usable pages in manifest.,2026-07-17T15:23:39.709527
echoran,bpt6k6760182r,,failed,0,0,,no_usable_pages,known,,,bpt6k6760182r: no usable pages in manifest.,2026-07-17T15:23:39.890957
echoran,bpt6k67601835,,failed,0,0,,no_usable_pages,known,,,bpt6k67601835: no usable pages in manifest.,2026-07-17T15:23:40.013535
echoran,bpt6k6760184k,,failed,0,0,,no_usable_pages,known,,,bpt6k6760184k: no usable pages in manifest.,2026-07-17T15:23:40.166056
echoran,bpt6k67601850,,failed,0,0,,no_usable_pages,known,,,bpt6k67601850: no usable pages in manifest.,2026-07-17T15:23:40.329809
echoran,bpt6k6760186d,,failed,0,0,,no_usable_pages,known,,,bpt6k6760186d: no usable pages in manifest.,2026-07-17T15:23:40.476172
echoran,bpt6k6760187t,,failed,0,0,,no_usable_pages,known,,,bpt6k6760187t: no usable pages in manifest.,2026-07-17T15:23:40.650008
echoran,bpt6k67601887,,failed,0,0,,no_usable_pages,known,,,bpt6k67601887: no usable pages in manifest.,2026-07-17T15:23:40.816267
echoran,bpt6k6760189n,,failed,0,0,,no_usable_pages,known,,,bpt6k6760189n: no usable pages in manifest.,2026-07-17T15:23:41.056808
echoran,bpt6k67601909,,failed,0,0,,no_usable_pages,known,,,bpt6k67601909: no usable pages in manifest.,2026-07-17T15:23:41.249058
echoran,bpt6k6760191q,,failed,0,0,,no_usable_pages,known,,,bpt6k6760191q: no usable pages in manifest.,2026-07-17T15:23:41.394175
echoran,bpt6k67601924,,failed,0,0,,no_usable_pages,known,,,bpt6k67601924: no usable pages in manifest.,2026-07-17T15:23:41.530982
echoran,bpt6k6760193j,,failed,0,0,,no_usable_pages,known,,,bpt6k6760193j: no usable pages in manifest.,2026-07-17T15:23:41.736297
echoran,bpt6k6760194z,,failed,0,0,,no_usable_pages,known,,,bpt6k6760194z: no usable pages in manifest.,2026-07-17T15:23:41.870220
echoran,bpt6k6760195c,,failed,0,0,,no_usable_pages,known,,,bpt6k6760195c: no usable pages in manifest.,2026-07-17T15:23:42.253043
echoran,bpt6k6760196s,,failed,0,0,,no_usable_pages,known,,,bpt6k6760196s: no usable pages in manifest.,2026-07-17T15:23:42.485704
echoran,bpt6k67601976,,failed,0,0,,no_usable_pages,known,,,bpt6k67601976: no usable pages in manifest.,2026-07-17T15:23:42.651128
echoran,bpt6k6760198m,,failed,0,0,,no_usable_pages,known,,,bpt6k6760198m: no usable pages in manifest.,2026-07-17T15:23:42.789697
echoran,bpt6k67601991,,failed,0,0,,no_usable_pages,known,,,bpt6k67601991: no usable pages in manifest.,2026-07-17T15:23:42.976487
echoran,bpt6k67602007,,failed,0,0,,no_usable_pages,known,,,bpt6k67602007: no usable pages in manifest.,2026-07-17T15:23:43.187573
echoran,bpt6k6760201n,,failed,0,0,,no_usable_pages,known,,,bpt6k6760201n: no usable pages in manifest.,2026-07-17T15:23:43.371280
echoran,bpt6k67602022,,failed,0,0,,no_usable_pages,known,,,bpt6k67602022: no usable pages in manifest.,2026-07-17T15:23:43.549449
echoran,bpt6k6760203g,,failed,0,0,,no_usable_pages,known,,,bpt6k6760203g: no usable pages in manifest.,2026-07-17T15:23:43.699382
echoran,bpt6k6760204w,,failed,0,0,,no_usable_pages,known,,,bpt6k6760204w: no usable pages in manifest.,2026-07-17T15:23:43.820442
echoran,bpt6k67602059,,failed,0,0,,no_usable_pages,known,,,bpt6k67602059: no usable pages in manifest.,2026-07-17T15:23:43.961399
echoran,bpt6k6760206q,,failed,0,0,,no_usable_pages,known,,,bpt6k6760206q: no usable pages in manifest.,2026-07-17T15:23:44.185410
echoran,bpt6k67602074,,failed,0,0,,no_usable_pages,known,,,bpt6k67602074: no usable pages in manifest.,2026-07-17T15:23:44.331870
echoran,bpt6k6760208j,,failed,0,0,,no_usable_pages,known,,,bpt6k6760208j: no usable pages in manifest.,2026-07-17T15:23:44.482558
echoran,bpt6k6760209z,,failed,0,0,,no_usable_pages,known,,,bpt6k6760209z: no usable pages in manifest.,2026-07-17T15:23:44.654586
echoran,bpt6k6760210m,,failed,0,0,,no_usable_pages,known,,,bpt6k6760210m: no usable pages in manifest.,2026-07-17T15:23:44.804041
echoran,bpt6k67602111,,failed,0,0,,no_usable_pages,known,,,bpt6k67602111: no usable pages in manifest.,2026-07-17T15:23:44.960771
echoran,bpt6k6760212f,,failed,0,0,,no_usable_pages,known,,,bpt6k6760212f: no usable pages in manifest.,2026-07-17T15:23:45.224840
echoran,bpt6k6760213v,,failed,0,0,,no_usable_pages,known,,,bpt6k6760213v: no usable pages in manifest.,2026-07-17T15:23:45.428711
echoran,bpt6k67602148,,failed,0,0,,no_usable_pages,known,,,bpt6k67602148: no usable pages in manifest.,2026-07-17T15:23:45.596383
echoran,bpt6k6760215p,,failed,0,0,,no_usable_pages,known,,,bpt6k6760215p: no usable pages in manifest.,2026-07-17T15:23:45.770584
echoran,bpt6k67602163,,failed,0,0,,no_usable_pages,known,,,bpt6k67602163: no usable pages in manifest.,2026-07-17T15:23:45.923023
echoran,bpt6k6760217h,,failed,0,0,,no_usable_pages,known,,,bpt6k6760217h: no usable pages in manifest.,2026-07-17T15:23:46.117776
echoran,bpt6k6760218x,,failed,0,0,,no_usable_pages,known,,,bpt6k6760218x: no usable pages in manifest.,2026-07-17T15:23:46.294708
echoran,bpt6k6760219b,,failed,0,0,,no_usable_pages,known,,,bpt6k6760219b: no usable pages in manifest.,2026-07-17T15:23:46.513776
echoran,bpt6k67602200,,failed,0,0,,no_usable_pages,known,,,bpt6k67602200: no usable pages in manifest.,2026-07-17T15:23:46.620206
echoran,bpt6k6760221d,,failed,0,0,,no_usable_pages,known,,,bpt6k6760221d: no usable pages in manifest.,2026-07-17T15:23:46.829125
echoran,bpt6k6760222t,,failed,0,0,,no_usable_pages,known,,,bpt6k6760222t: no usable pages in manifest.,2026-07-17T15:23:47.006508
echoran,bpt6k67602237,,failed,0,0,,no_usable_pages,known,,,bpt6k67602237: no usable pages in manifest.,2026-07-17T15:23:47.172838
echoran,bpt6k6760224n,,failed,0,0,,no_usable_pages,known,,,bpt6k6760224n: no usable pages in manifest.,2026-07-17T15:23:47.317397
echoran,bpt6k67602252,,failed,0,0,,no_usable_pages,known,,,bpt6k67602252: no usable pages in manifest.,2026-07-17T15:23:47.453048
echoran,bpt6k6760226g,,failed,0,0,,no_usable_pages,known,,,bpt6k6760226g: no usable pages in manifest.,2026-07-17T15:23:47.645282
echoran,bpt6k6760227w,,failed,0,0,,no_usable_pages,known,,,bpt6k6760227w: no usable pages in manifest.,2026-07-17T15:23:47.777689
echoran,bpt6k67602289,,failed,0,0,,no_usable_pages,known,,,bpt6k67602289: no usable pages in manifest.,2026-07-17T15:23:47.932866
echoran,bpt6k6760229q,,failed,0,0,,no_usable_pages,known,,,bpt6k6760229q: no usable pages in manifest.,2026-07-17T15:23:48.077024
echoran,bpt6k6760230c,,failed,0,0,,no_usable_pages,known,,,bpt6k6760230c: no usable pages in manifest.,2026-07-17T15:23:48.200248
echoran,bpt6k6760231s,,failed,0,0,,no_usable_pages,known,,,bpt6k6760231s: no usable pages in manifest.,2026-07-17T15:23:48.325636
echoran,bpt6k67602326,,failed,0,0,,no_usable_pages,known,,,bpt6k67602326: no usable pages in manifest.,2026-07-17T15:23:48.475029
echoran,bpt6k6760233m,,failed,0,0,,no_usable_pages,known,,,bpt6k6760233m: no usable pages in manifest.,2026-07-17T15:23:48.594379
echoran,bpt6k67602341,,failed,0,0,,no_usable_pages,known,,,bpt6k67602341: no usable pages in manifest.,2026-07-17T15:23:48.770661
echoran,bpt6k6760235f,,failed,0,0,,no_usable_pages,known,,,bpt6k6760235f: no usable pages in manifest.,2026-07-17T15:23:48.957355
echoran,bpt6k6760236v,,failed,0,0,,no_usable_pages,known,,,bpt6k6760236v: no usable pages in manifest.,2026-07-17T15:23:49.095137
echoran,bpt6k67602378,,failed,0,0,,no_usable_pages,known,,,bpt6k67602378: no usable pages in manifest.,2026-07-17T15:23:49.225689
echoran,bpt6k67362750,,failed,0,0,,no_usable_pages,known,,,bpt6k67362750: no usable pages in manifest.,2026-07-17T15:23:49.386384
echoran,bpt6k6736328p,,failed,0,0,,no_usable_pages,known,,,bpt6k6736328p: no usable pages in manifest.,2026-07-17T15:23:49.496261
echoran,bpt6k67363315,,failed,0,0,,no_usable_pages,known,,,bpt6k67363315: no usable pages in manifest.,2026-07-17T15:23:49.621210
echoran,bpt6k67363456,,failed,0,0,,no_usable_pages,known,,,bpt6k67363456: no usable pages in manifest.,2026-07-17T15:23:49.838862
echoran,bpt6k6736348f,,failed,0,0,,no_usable_pages,known,,,bpt6k6736348f: no usable pages in manifest.,2026-07-17T15:23:50.057628
echoran,bpt6k6736349v,,failed,0,0,,no_usable_pages,known,,,bpt6k6736349v: no usable pages in manifest.,2026-07-17T15:23:50.181745
echoran,bpt6k6736350h,,failed,0,0,,no_usable_pages,known,,,bpt6k6736350h: no usable pages in manifest.,2026-07-17T15:23:50.297017
echoran,bpt6k6736351x,,failed,0,0,,no_usable_pages,known,,,bpt6k6736351x: no usable pages in manifest.,2026-07-17T15:23:50.426328
echoran,bpt6k6736352b,,failed,0,0,,no_usable_pages,known,,,bpt6k6736352b: no usable pages in manifest.,2026-07-17T15:23:50.597195
echoran,bpt6k6736353r,,failed,0,0,,no_usable_pages,known,,,bpt6k6736353r: no usable pages in manifest.,2026-07-17T15:23:50.770423
echoran,bpt6k67363545,,failed,0,0,,no_usable_pages,known,,,bpt6k67363545: no usable pages in manifest.,2026-07-17T15:23:50.944504
echoran,bpt6k6736355k,,failed,0,0,,no_usable_pages,known,,,bpt6k6736355k: no usable pages in manifest.,2026-07-17T15:23:51.112510
echoran,bpt6k67363560,,failed,0,0,,no_usable_pages,known,,,bpt6k67363560: no usable pages in manifest.,2026-07-17T15:23:51.275155
echoran,bpt6k6736357d,,failed,0,0,,no_usable_pages,known,,,bpt6k6736357d: no usable pages in manifest.,2026-07-17T15:23:51.506247
echoran,bpt6k67363686,,failed,0,0,,no_usable_pages,known,,,bpt6k67363686: no usable pages in manifest.,2026-07-17T15:23:52.040700
echoran,bpt6k67363723,,failed,0,0,,no_usable_pages,known,,,bpt6k67363723: no usable pages in manifest.,2026-07-17T15:23:52.253618
echoran,bpt6k67364140,,failed,0,0,,no_usable_pages,known,,,bpt6k67364140: no usable pages in manifest.,2026-07-17T15:23:52.403644
echoran,bpt6k6736432x,,failed,0,0,,no_usable_pages,known,,,bpt6k6736432x: no usable pages in manifest.,2026-07-17T15:23:52.576858
echoran,bpt6k67364355,,failed,0,0,,no_usable_pages,known,,,bpt6k67364355: no usable pages in manifest.,2026-07-17T15:23:52.740975
echoran,bpt6k67364370,,failed,0,0,,no_usable_pages,known,,,bpt6k67364370: no usable pages in manifest.,2026-07-17T15:23:52.869739
echoran,bpt6k67364748,,failed,0,0,,no_usable_pages,known,,,bpt6k67364748: no usable pages in manifest.,2026-07-17T15:23:53.018888
echoran,bpt6k67364800,,failed,0,0,,no_usable_pages,known,,,bpt6k67364800: no usable pages in manifest.,2026-07-17T15:23:53.135651
echoran,bpt6k6736481d,,failed,0,0,,no_usable_pages,known,,,bpt6k6736481d: no usable pages in manifest.,2026-07-17T15:23:53.336579
echoran,bpt6k6736536x,,failed,0,0,,no_usable_pages,known,,,bpt6k6736536x: no usable pages in manifest.,2026-07-17T15:23:53.456342
echoran,bpt6k6736538r,,failed,0,0,,no_usable_pages,known,,,bpt6k6736538r: no usable pages in manifest.,2026-07-17T15:23:53.553936
echoran,bpt6k67365395,,failed,0,0,,no_usable_pages,known,,,bpt6k67365395: no usable pages in manifest.,2026-07-17T15:23:53.673725
echoran,bpt6k6736553f,,failed,0,0,,no_usable_pages,known,,,bpt6k6736553f: no usable pages in manifest.,2026-07-17T15:23:53.814622
echoran,bpt6k6736554v,,failed,0,0,,no_usable_pages,known,,,bpt6k6736554v: no usable pages in manifest.,2026-07-17T15:23:53.964014
echoran,bpt6k67365558,,failed,0,0,,no_usable_pages,known,,,bpt6k67365558: no usable pages in manifest.,2026-07-17T15:23:54.060891
echoran,bpt6k6736568w,,failed,0,0,,no_usable_pages,known,,,bpt6k6736568w: no usable pages in manifest.,2026-07-17T15:23:54.162016
echoran,bpt6k6736630s,,failed,0,0,,no_usable_pages,known,,,bpt6k6736630s: no usable pages in manifest.,2026-07-17T15:23:54.344248
echoran,bpt6k6736635v,,failed,0,0,,no_usable_pages,known,,,bpt6k6736635v: no usable pages in manifest.,2026-07-17T15:23:54.453157
echoran,bpt6k67366368,,failed,0,0,,no_usable_pages,known,,,bpt6k67366368: no usable pages in manifest.,2026-07-17T15:23:54.588640
echoran,bpt6k67366420,,failed,0,0,,no_usable_pages,known,,,bpt6k67366420: no usable pages in manifest.,2026-07-17T15:23:54.738053
echoran,bpt6k6736643d,,failed,0,0,,no_usable_pages,known,,,bpt6k6736643d: no usable pages in manifest.,2026-07-17T15:23:54.839351
echoran,bpt6k6736644t,,failed,0,0,,no_usable_pages,known,,,bpt6k6736644t: no usable pages in manifest.,2026-07-17T15:23:54.964971
echoran,bpt6k6736655m,,failed,0,0,,no_usable_pages,known,,,bpt6k6736655m: no usable pages in manifest.,2026-07-17T15:23:55.111713
echoran,bpt6k6736662r,,failed,0,0,,no_usable_pages,known,,,bpt6k6736662r: no usable pages in manifest.,2026-07-17T15:23:55.279594
echoran,bpt6k6736666d,,failed,0,0,,no_usable_pages,known,,,bpt6k6736666d: no usable pages in manifest.,2026-07-17T15:23:55.506232
echoran,bpt6k67367371,,failed,0,0,,no_usable_pages,known,,,bpt6k67367371: no usable pages in manifest.,2026-07-17T15:23:55.643706
echoran,bpt6k6736740h,,failed,0,0,,no_usable_pages,known,,,bpt6k6736740h: no usable pages in manifest.,2026-07-17T15:23:55.763439
echoran,bpt6k6736795g,,failed,0,0,,no_usable_pages,known,,,bpt6k6736795g: no usable pages in manifest.,2026-07-17T15:23:55.945671
echoran,bpt6k6736796w,,failed,0,0,,no_usable_pages,known,,,bpt6k6736796w: no usable pages in manifest.,2026-07-17T15:23:56.120569
echoran,bpt6k67367979,,failed,0,0,,no_usable_pages,known,,,bpt6k67367979: no usable pages in manifest.,2026-07-17T15:23:56.240813
echoran,bpt6k6736798q,,failed,0,0,,no_usable_pages,known,,,bpt6k6736798q: no usable pages in manifest.,2026-07-17T15:23:56.525719
echoran,bpt6k67367994,,failed,0,0,,no_usable_pages,known,,,bpt6k67367994: no usable pages in manifest.,2026-07-17T15:23:56.673042
echoran,bpt6k6736800b,,failed,0,0,,no_usable_pages,known,,,bpt6k6736800b: no usable pages in manifest.,2026-07-17T15:23:56.808583
echoran,bpt6k6736801r,,failed,0,0,,no_usable_pages,known,,,bpt6k6736801r: no usable pages in manifest.,2026-07-17T15:23:56.942505
echoran,bpt6k67368025,,failed,0,0,,no_usable_pages,known,,,bpt6k67368025: no usable pages in manifest.,2026-07-17T15:23:57.071717
echoran,bpt6k6736803k,,failed,0,0,,no_usable_pages,known,,,bpt6k6736803k: no usable pages in manifest.,2026-07-17T15:23:57.184015
echoran,bpt6k67368040,,failed,0,0,,no_usable_pages,known,,,bpt6k67368040: no usable pages in manifest.,2026-07-17T15:23:57.294763
echoran,bpt6k6736867h,,failed,0,0,,no_usable_pages,known,,,bpt6k6736867h: no usable pages in manifest.,2026-07-17T15:23:57.438033
echoran,bpt6k67368893,,failed,0,0,,no_usable_pages,known,,,bpt6k67368893: no usable pages in manifest.,2026-07-17T15:23:57.689918
echoran,bpt6k67369369,,failed,0,0,,no_usable_pages,known,,,bpt6k67369369: no usable pages in manifest.,2026-07-17T15:23:57.862524
echoran,bpt6k6736937q,,failed,0,0,,no_usable_pages,known,,,bpt6k6736937q: no usable pages in manifest.,2026-07-17T15:23:57.990648
echoran,bpt6k6736939j,,failed,0,0,,no_usable_pages,known,,,bpt6k6736939j: no usable pages in manifest.,2026-07-17T15:23:58.125690
echoran,bpt6k67369406,,failed,0,0,,no_usable_pages,known,,,bpt6k67369406: no usable pages in manifest.,2026-07-17T15:23:58.271234
echoran,bpt6k6736941m,,failed,0,0,,no_usable_pages,known,,,bpt6k6736941m: no usable pages in manifest.,2026-07-17T15:23:58.401391
echoran,bpt6k6737015b,,failed,0,0,,no_usable_pages,known,,,bpt6k6737015b: no usable pages in manifest.,2026-07-17T15:23:58.528007
echoran,bpt6k6737016r,,failed,0,0,,no_usable_pages,known,,,bpt6k6737016r: no usable pages in manifest.,2026-07-17T15:23:58.817602
echoran,bpt6k67370301,,failed,0,0,,no_usable_pages,known,,,bpt6k67370301: no usable pages in manifest.,2026-07-17T15:23:59.012145
echoran,bpt6k6737161x,,failed,0,0,,no_usable_pages,known,,,bpt6k6737161x: no usable pages in manifest.,2026-07-17T15:23:59.132545
echoran,bpt6k6737162b,,failed,0,0,,no_usable_pages,known,,,bpt6k6737162b: no usable pages in manifest.,2026-07-17T15:23:59.269047
echoran,bpt6k6737165k,,failed,0,0,,no_usable_pages,known,,,bpt6k6737165k: no usable pages in manifest.,2026-07-17T15:23:59.397286
echoran,bpt6k67371660,,failed,0,0,,no_usable_pages,known,,,bpt6k67371660: no usable pages in manifest.,2026-07-17T15:23:59.576978
echoran,bpt6k6737192g,,failed,0,0,,no_usable_pages,known,,,bpt6k6737192g: no usable pages in manifest.,2026-07-17T15:23:59.858437
echoran,bpt6k6747676c,,failed,0,0,,no_usable_pages,known,,,bpt6k6747676c: no usable pages in manifest.,2026-07-17T15:23:59.948429
echoran,bpt6k67476786,,failed,0,0,,no_usable_pages,known,,,bpt6k67476786: no usable pages in manifest.,2026-07-17T15:24:00.099706
echoran,bpt6k6747702d,,failed,0,0,,no_usable_pages,known,,,bpt6k6747702d: no usable pages in manifest.,2026-07-17T15:24:00.207295
echoran,bpt6k6747703t,,failed,0,0,,no_usable_pages,known,,,bpt6k6747703t: no usable pages in manifest.,2026-07-17T15:24:00.349927
echoran,bpt6k6747712s,,failed,0,0,,no_usable_pages,known,,,bpt6k6747712s: no usable pages in manifest.,2026-07-17T15:24:00.480987
echoran,bpt6k6747721r,,failed,0,0,,no_usable_pages,known,,,bpt6k6747721r: no usable pages in manifest.,2026-07-17T15:24:00.638685
echoran,bpt6k67477240,,failed,0,0,,no_usable_pages,known,,,bpt6k67477240: no usable pages in manifest.,2026-07-17T15:24:01.201660
echoran,bpt6k6747766b,,failed,0,0,,no_usable_pages,known,,,bpt6k6747766b: no usable pages in manifest.,2026-07-17T15:24:01.322612
echoran,bpt6k6747767r,,failed,0,0,,no_usable_pages,known,,,bpt6k6747767r: no usable pages in manifest.,2026-07-17T15:24:01.467143
echoran,bpt6k6747778j,,failed,0,0,,no_usable_pages,known,,,bpt6k6747778j: no usable pages in manifest.,2026-07-17T15:24:01.619182
echoran,bpt6k6747780m,,failed,0,0,,no_usable_pages,known,,,bpt6k6747780m: no usable pages in manifest.,2026-07-17T15:24:01.842152
echoran,bpt6k67477811,,failed,0,0,,no_usable_pages,known,,,bpt6k67477811: no usable pages in manifest.,2026-07-17T15:24:02.034736
echoran,bpt6k6747787h,,failed,0,0,,no_usable_pages,known,,,bpt6k6747787h: no usable pages in manifest.,2026-07-17T15:24:02.128667
echoran,bpt6k6747801b,,failed,0,0,,no_usable_pages,known,,,bpt6k6747801b: no usable pages in manifest.,2026-07-17T15:24:02.341838
echoran,bpt6k6747838c,,failed,0,0,,no_usable_pages,known,,,bpt6k6747838c: no usable pages in manifest.,2026-07-17T15:24:02.481774
echoran,bpt6k6747846x,,failed,0,0,,no_usable_pages,known,,,bpt6k6747846x: no usable pages in manifest.,2026-07-17T15:24:02.639443
echoran,bpt6k6747870k,,failed,0,0,,no_usable_pages,known,,,bpt6k6747870k: no usable pages in manifest.,2026-07-17T15:24:02.792672
echoran,bpt6k6747873t,,failed,0,0,,no_usable_pages,known,,,bpt6k6747873t: no usable pages in manifest.,2026-07-17T15:24:02.973757
echoran,bpt6k6747878w,,failed,0,0,,no_usable_pages,known,,,bpt6k6747878w: no usable pages in manifest.,2026-07-17T15:24:03.112901
echoran,bpt6k67478799,,failed,0,0,,no_usable_pages,known,,,bpt6k67478799: no usable pages in manifest.,2026-07-17T15:24:03.296604
echoran,bpt6k6747880z,,failed,0,0,,no_usable_pages,known,,,bpt6k6747880z: no usable pages in manifest.,2026-07-17T15:24:03.452223
echoran,bpt6k6747881c,,failed,0,0,,no_usable_pages,known,,,bpt6k6747881c: no usable pages in manifest.,2026-07-17T15:24:03.676248
echoran,bpt6k6747884m,,failed,0,0,,no_usable_pages,known,,,bpt6k6747884m: no usable pages in manifest.,2026-07-17T15:24:03.871035
echoran,bpt6k6747891r,,failed,0,0,,no_usable_pages,known,,,bpt6k6747891r: no usable pages in manifest.,2026-07-17T15:24:04.079314
echoran,bpt6k6747904x,,failed,0,0,,no_usable_pages,known,,,bpt6k6747904x: no usable pages in manifest.,2026-07-17T15:24:04.287116
echoran,bpt6k6747918z,,failed,0,0,,no_usable_pages,known,,,bpt6k6747918z: no usable pages in manifest.,2026-07-17T15:24:04.464525
echoran,bpt6k6747927x,,failed,0,0,,no_usable_pages,known,,,bpt6k6747927x: no usable pages in manifest.,2026-07-17T15:24:04.626827
echoran,bpt6k6747972r,,failed,0,0,,no_usable_pages,known,,,bpt6k6747972r: no usable pages in manifest.,2026-07-17T15:24:04.753029
echoran,bpt6k6747994b,,failed,0,0,,no_usable_pages,known,,,bpt6k6747994b: no usable pages in manifest.,2026-07-17T15:24:04.867216
echoran,bpt6k6748001w,,failed,0,0,,no_usable_pages,known,,,bpt6k6748001w: no usable pages in manifest.,2026-07-17T15:24:05.000511
echoran,bpt6k6748017r,,failed,0,0,,no_usable_pages,known,,,bpt6k6748017r: no usable pages in manifest.,2026-07-17T15:24:05.241054
echoran,bpt6k67480207,,failed,0,0,,no_usable_pages,known,,,bpt6k67480207: no usable pages in manifest.,2026-07-17T15:24:05.409170
echoran,bpt6k6748026q,,failed,0,0,,no_usable_pages,known,,,bpt6k6748026q: no usable pages in manifest.,2026-07-17T15:24:05.558762
echoran,bpt6k67480630,,failed,0,0,,no_usable_pages,known,,,bpt6k67480630: no usable pages in manifest.,2026-07-17T15:24:05.724653
echoran,bpt6k6748073c,,failed,0,0,,no_usable_pages,known,,,bpt6k6748073c: no usable pages in manifest.,2026-07-17T15:24:05.885340
echoran,bpt6k6748079v,,failed,0,0,,no_usable_pages,known,,,bpt6k6748079v: no usable pages in manifest.,2026-07-17T15:24:06.037931
echoran,bpt6k67480897,,failed,0,0,,no_usable_pages,known,,,bpt6k67480897: no usable pages in manifest.,2026-07-17T15:24:06.310195
echoran,bpt6k6748096c,,failed,0,0,,no_usable_pages,known,,,bpt6k6748096c: no usable pages in manifest.,2026-07-17T15:24:06.457238
echoran,bpt6k67481106,,failed,0,0,,no_usable_pages,known,,,bpt6k67481106: no usable pages in manifest.,2026-07-17T15:24:06.660475
echoran,bpt6k6748134m,,failed,0,0,,no_usable_pages,known,,,bpt6k6748134m: no usable pages in manifest.,2026-07-17T15:24:06.796232
echoran,bpt6k6748153z,,failed,0,0,,no_usable_pages,known,,,bpt6k6748153z: no usable pages in manifest.,2026-07-17T15:24:06.937127
echoran,bpt6k6748162x,,failed,0,0,,no_usable_pages,known,,,bpt6k6748162x: no usable pages in manifest.,2026-07-17T15:24:07.151208
echoran,bpt6k6748189k,,failed,0,0,,no_usable_pages,known,,,bpt6k6748189k: no usable pages in manifest.,2026-07-17T15:24:07.346233
echoran,bpt6k6748196q,,failed,0,0,,no_usable_pages,known,,,bpt6k6748196q: no usable pages in manifest.,2026-07-17T15:24:07.551338
echoran,bpt6k67482072,,failed,0,0,,no_usable_pages,known,,,bpt6k67482072: no usable pages in manifest.,2026-07-17T15:24:07.793191
echoran,bpt6k67482161,,failed,0,0,,no_usable_pages,known,,,bpt6k67482161: no usable pages in manifest.,2026-07-17T15:24:07.959086
echoran,bpt6k6748217f,,failed,0,0,,no_usable_pages,known,,,bpt6k6748217f: no usable pages in manifest.,2026-07-17T15:24:08.099916
echoran,bpt6k6748218v,,failed,0,0,,no_usable_pages,known,,,bpt6k6748218v: no usable pages in manifest.,2026-07-17T15:24:08.290490
echoran,bpt6k67482250,,failed,0,0,,no_usable_pages,known,,,bpt6k67482250: no usable pages in manifest.,2026-07-17T15:24:08.502372
echoran,bpt6k6748234z,,failed,0,0,,no_usable_pages,known,,,bpt6k6748234z: no usable pages in manifest.,2026-07-17T15:24:08.690152
echoran,bpt6k67482391,,failed,0,0,,no_usable_pages,known,,,bpt6k67482391: no usable pages in manifest.,2026-07-17T15:24:08.905653
echoran,bpt6k6748243x,,failed,0,0,,no_usable_pages,known,,,bpt6k6748243x: no usable pages in manifest.,2026-07-17T15:24:09.048123
echoran,bpt6k6748252w,,failed,0,0,,no_usable_pages,known,,,bpt6k6748252w: no usable pages in manifest.,2026-07-17T15:24:09.221409
echoran,bpt6k67482873,,failed,0,0,,no_usable_pages,known,,,bpt6k67482873: no usable pages in manifest.,2026-07-17T15:24:09.326857
echoran,bpt6k6748288h,,failed,0,0,,no_usable_pages,known,,,bpt6k6748288h: no usable pages in manifest.,2026-07-17T15:24:09.501893
echoran,bpt6k6748289x,,failed,0,0,,no_usable_pages,known,,,bpt6k6748289x: no usable pages in manifest.,2026-07-17T15:24:09.701055
echoran,bpt6k67482910,,failed,0,0,,no_usable_pages,known,,,bpt6k67482910: no usable pages in manifest.,2026-07-17T15:24:09.959472
echoran,bpt6k6748292d,,failed,0,0,,no_usable_pages,known,,,bpt6k6748292d: no usable pages in manifest.,2026-07-17T15:24:10.127111
echoran,bpt6k6748293t,,failed,0,0,,no_usable_pages,known,,,bpt6k6748293t: no usable pages in manifest.,2026-07-17T15:24:10.335855
echoran,bpt6k67483060,,failed,0,0,,no_usable_pages,known,,,bpt6k67483060: no usable pages in manifest.,2026-07-17T15:24:10.556903
echoran,bpt6k67483186,,failed,0,0,,no_usable_pages,known,,,bpt6k67483186: no usable pages in manifest.,2026-07-17T15:24:10.675569
echoran,bpt6k6748333w,,failed,0,0,,no_usable_pages,known,,,bpt6k6748333w: no usable pages in manifest.,2026-07-17T15:24:10.810437
echoran,bpt6k6748342v,,failed,0,0,,no_usable_pages,known,,,bpt6k6748342v: no usable pages in manifest.,2026-07-17T15:24:11.015280
echoran,bpt6k6748351t,,failed,0,0,,no_usable_pages,known,,,bpt6k6748351t: no usable pages in manifest.,2026-07-17T15:24:11.160642
echoran,bpt6k6748376n,,failed,0,0,,no_usable_pages,known,,,bpt6k6748376n: no usable pages in manifest.,2026-07-17T15:24:11.322611
echoran,bpt6k6748378g,,failed,0,0,,no_usable_pages,known,,,bpt6k6748378g: no usable pages in manifest.,2026-07-17T15:24:11.484488
echoran,bpt6k6748392r,,failed,0,0,,no_usable_pages,known,,,bpt6k6748392r: no usable pages in manifest.,2026-07-17T15:24:11.675526
echoran,bpt6k6748396d,,failed,0,0,,no_usable_pages,known,,,bpt6k6748396d: no usable pages in manifest.,2026-07-17T15:24:11.835132
echoran,bpt6k67484018,,failed,0,0,,no_usable_pages,known,,,bpt6k67484018: no usable pages in manifest.,2026-07-17T15:24:12.000874
echoran,bpt6k6748405x,,failed,0,0,,no_usable_pages,known,,,bpt6k6748405x: no usable pages in manifest.,2026-07-17T15:24:12.183333
echoran,bpt6k6748423v,,failed,0,0,,no_usable_pages,known,,,bpt6k6748423v: no usable pages in manifest.,2026-07-17T15:24:12.303970
echoran,bpt6k6748428x,,failed,0,0,,no_usable_pages,known,,,bpt6k6748428x: no usable pages in manifest.,2026-07-17T15:24:12.438682
echoran,bpt6k6748432t,,failed,0,0,,no_usable_pages,known,,,bpt6k6748432t: no usable pages in manifest.,2026-07-17T15:24:12.632374
echoran,bpt6k6738921g,,failed,0,0,,no_usable_pages,known,,,bpt6k6738921g: no usable pages in manifest.,2026-07-17T15:24:12.752548
echoran,bpt6k6738954v,,failed,0,0,,no_usable_pages,known,,,bpt6k6738954v: no usable pages in manifest.,2026-07-17T15:24:12.881688
echoran,bpt6k67389573,,failed,0,0,,no_usable_pages,known,,,bpt6k67389573: no usable pages in manifest.,2026-07-17T15:24:13.009288
echoran,bpt6k67389610,,failed,0,0,,no_usable_pages,known,,,bpt6k67389610: no usable pages in manifest.,2026-07-17T15:24:13.197375
echoran,bpt6k6738963t,,failed,0,0,,no_usable_pages,known,,,bpt6k6738963t: no usable pages in manifest.,2026-07-17T15:24:13.379015
echoran,bpt6k67389662,,failed,0,0,,no_usable_pages,known,,,bpt6k67389662: no usable pages in manifest.,2026-07-17T15:24:13.524204
echoran,bpt6k6738967g,,failed,0,0,,no_usable_pages,known,,,bpt6k6738967g: no usable pages in manifest.,2026-07-17T15:24:13.698723
echoran,bpt6k67389699,,failed,0,0,,no_usable_pages,known,,,bpt6k67389699: no usable pages in manifest.,2026-07-17T15:24:13.842894
echoran,bpt6k6739002b,,failed,0,0,,no_usable_pages,known,,,bpt6k6739002b: no usable pages in manifest.,2026-07-17T15:24:13.997825
echoran,bpt6k67390275,,failed,0,0,,http_manifest,known,403,manifest,"Client error '403 ' for url 'https://openapiproext.bnf.fr/iiif/presentation/v3/ark:/12148/bpt6k67390275/manifest.json'
For more information check: https://developer.mozilla.org/en-US/docs/Web/HTTP/Status/403",2026-07-17T15:24:14.475911
echoran,bpt6k6739028k,,failed,0,0,,http_manifest,known,403,manifest,"Client error '403 ' for url 'https://openapiproext.bnf.fr/iiif/presentation/v3/ark:/12148/bpt6k6739028k/manifest.json'
For more information check: https://developer.mozilla.org/en-US/docs/Web/HTTP/Status/403",2026-07-17T15:24:15.494773
echoran,bpt6k67390290,,failed,0,0,,http_manifest,known,403,manifest,"Client error '403 ' for url 'https://openapiproext.bnf.fr/iiif/presentation/v3/ark:/12148/bpt6k67390290/manifest.json'
For more information check: https://developer.mozilla.org/en-US/docs/Web/HTTP/Status/403",2026-07-17T15:24:16.790505
echoran,bpt6k6739030n,,failed,0,0,,http_manifest,known,403,manifest,"Client error '403 ' for url 'https://openapiproext.bnf.fr/iiif/presentation/v3/ark:/12148/bpt6k6739030n/manifest.json'
For more information check: https://developer.mozilla.org/en-US/docs/Web/HTTP/Status/403",2026-07-17T15:24:17.831117
echoran,bpt6k67390312,,failed,0,0,,http_manifest,known,403,manifest,"Client error '403 ' for url 'https://openapiproext.bnf.fr/iiif/presentation/v3/ark:/12148/bpt6k67390312/manifest.json'
For more information check: https://developer.mozilla.org/en-US/docs/Web/HTTP/Status/403",2026-07-17T15:24:19.085365
echoran,bpt6k6739032g,,failed,0,0,,http_manifest,known,403,manifest,"Client error '403 ' for url 'https://openapiproext.bnf.fr/iiif/presentation/v3/ark:/12148/bpt6k6739032g/manifest.json'
For more information check: https://developer.mozilla.org/en-US/docs/Web/HTTP/Status/403",2026-07-17T15:24:20.254088
echoran,bpt6k6739033w,,failed,0,0,,http_manifest,known,403,manifest,"Client error '403 ' for url 'https://openapiproext.bnf.fr/iiif/presentation/v3/ark:/12148/bpt6k6739033w/manifest.json'
For more information check: https://developer.mozilla.org/en-US/docs/Web/HTTP/Status/403",2026-07-17T15:24:21.431015
echoran,bpt6k67390349,,failed,0,0,,http_manifest,known,403,manifest,"Client error '403 ' for url 'https://openapiproext.bnf.fr/iiif/presentation/v3/ark:/12148/bpt6k67390349/manifest.json'
For more information check: https://developer.mozilla.org/en-US/docs/Web/HTTP/Status/403",2026-07-17T15:24:22.630585
echoran,bpt6k6739035q,,failed,0,0,,http_manifest,known,403,manifest,"Client error '403 ' for url 'https://openapiproext.bnf.fr/iiif/presentation/v3/ark:/12148/bpt6k6739035q/manifest.json'
For more information check: https://developer.mozilla.org/en-US/docs/Web/HTTP/Status/403",2026-07-17T15:24:23.832978
echoran,bpt6k67390364,,failed,0,0,,http_manifest,known,403,manifest,"Client error '403 ' for url 'https://openapiproext.bnf.fr/iiif/presentation/v3/ark:/12148/bpt6k67390364/manifest.json'
For more information check: https://developer.mozilla.org/en-US/docs/Web/HTTP/Status/403",2026-07-17T15:24:25.034384
echoran,bpt6k6739037j,,failed,0,0,,http_manifest,known,403,manifest,"Client error '403 ' for url 'https://openapiproext.bnf.fr/iiif/presentation/v3/ark:/12148/bpt6k6739037j/manifest.json'
For more information check: https://developer.mozilla.org/en-US/docs/Web/HTTP/Status/403",2026-07-17T15:24:26.251368
echoran,bpt6k6739038z,,failed,0,0,,http_manifest,known,403,manifest,"Client error '403 ' for url 'https://openapiproext.bnf.fr/iiif/presentation/v3/ark:/12148/bpt6k6739038z/manifest.json'
For more information check: https://developer.mozilla.org/en-US/docs/Web/HTTP/Status/403",2026-07-17T15:24:27.439566
echoran,bpt6k6739039c,,failed,0,0,,http_manifest,known,403,manifest,"Client error '403 ' for url 'https://openapiproext.bnf.fr/iiif/presentation/v3/ark:/12148/bpt6k6739039c/manifest.json'
For more information check: https://developer.mozilla.org/en-US/docs/Web/HTTP/Status/403",2026-07-17T15:24:28.639511
echoran,bpt6k67390401,,failed,0,0,,http_manifest,known,403,manifest,"Client error '403 ' for url 'https://openapiproext.bnf.fr/iiif/presentation/v3/ark:/12148/bpt6k67390401/manifest.json'
For more information check: https://developer.mozilla.org/en-US/docs/Web/HTTP/Status/403",2026-07-17T15:24:29.845762
echoran,bpt6k6739041f,,failed,0,0,,http_manifest,known,403,manifest,"Client error '403 ' for url 'https://openapiproext.bnf.fr/iiif/presentation/v3/ark:/12148/bpt6k6739041f/manifest.json'
For more information check: https://developer.mozilla.org/en-US/docs/Web/HTTP/Status/403",2026-07-17T15:24:31.041943
echoran,bpt6k6739042v,,failed,0,0,,http_manifest,known,403,manifest,"Client error '403 ' for url 'https://openapiproext.bnf.fr/iiif/presentation/v3/ark:/12148/bpt6k6739042v/manifest.json'
For more information check: https://developer.mozilla.org/en-US/docs/Web/HTTP/Status/403",2026-07-17T15:24:32.247422
echoran,bpt6k67390438,,failed,0,0,,http_manifest,known,403,manifest,"Client error '403 ' for url 'https://openapiproext.bnf.fr/iiif/presentation/v3/ark:/12148/bpt6k67390438/manifest.json'
For more information check: https://developer.mozilla.org/en-US/docs/Web/HTTP/Status/403",2026-07-17T15:24:33.447563
echoran,bpt6k6739044p,,failed,0,0,,http_manifest,known,403,manifest,"Client error '403 ' for url 'https://openapiproext.bnf.fr/iiif/presentation/v3/ark:/12148/bpt6k6739044p/manifest.json'
For more information check: https://developer.mozilla.org/en-US/docs/Web/HTTP/Status/403",2026-07-17T15:24:34.647437
echoran,bpt6k67390453,,failed,0,0,,http_manifest,known,403,manifest,"Client error '403 ' for url 'https://openapiproext.bnf.fr/iiif/presentation/v3/ark:/12148/bpt6k67390453/manifest.json'
For more information check: https://developer.mozilla.org/en-US/docs/Web/HTTP/Status/403",2026-07-17T15:24:35.855225
echoran,bpt6k6739046h,,failed,0,0,,http_manifest,known,403,manifest,"Client error '403 ' for url 'https://openapiproext.bnf.fr/iiif/presentation/v3/ark:/12148/bpt6k6739046h/manifest.json'
For more information check: https://developer.mozilla.org/en-US/docs/Web/HTTP/Status/403",2026-07-17T15:24:37.060370
echoran,bpt6k6739047x,,failed,0,0,,http_manifest,known,403,manifest,"Client error '403 ' for url 'https://openapiproext.bnf.fr/iiif/presentation/v3/ark:/12148/bpt6k6739047x/manifest.json'
For more information check: https://developer.mozilla.org/en-US/docs/Web/HTTP/Status/403",2026-07-17T15:24:38.286655
echoran,bpt6k6739048b,,failed,0,0,,http_manifest,known,403,manifest,"Client error '403 ' for url 'https://openapiproext.bnf.fr/iiif/presentation/v3/ark:/12148/bpt6k6739048b/manifest.json'
For more information check: https://developer.mozilla.org/en-US/docs/Web/HTTP/Status/403",2026-07-17T15:24:39.457100
echoran,bpt6k6739049r,,failed,0,0,,http_manifest,known,403,manifest,"Client error '403 ' for url 'https://openapiproext.bnf.fr/iiif/presentation/v3/ark:/12148/bpt6k6739049r/manifest.json'
For more information check: https://developer.mozilla.org/en-US/docs/Web/HTTP/Status/403",2026-07-17T15:24:40.660858
echoran,bpt6k6739050d,,failed,0,0,,http_manifest,known,403,manifest,"Client error '403 ' for url 'https://openapiproext.bnf.fr/iiif/presentation/v3/ark:/12148/bpt6k6739050d/manifest.json'
For more information check: https://developer.mozilla.org/en-US/docs/Web/HTTP/Status/403",2026-07-17T15:24:41.867612
echoran,bpt6k6739051t,,failed,0,0,,http_manifest,known,403,manifest,"Client error '403 ' for url 'https://openapiproext.bnf.fr/iiif/presentation/v3/ark:/12148/bpt6k6739051t/manifest.json'
For more information check: https://developer.mozilla.org/en-US/docs/Web/HTTP/Status/403",2026-07-17T15:24:43.062780
echoran,bpt6k67390527,,failed,0,0,,http_manifest,known,403,manifest,"Client error '403 ' for url 'https://openapiproext.bnf.fr/iiif/presentation/v3/ark:/12148/bpt6k67390527/manifest.json'
For more information check: https://developer.mozilla.org/en-US/docs/Web/HTTP/Status/403",2026-07-17T15:24:44.265348
echoran,bpt6k6739053n,,failed,0,0,,http_manifest,known,403,manifest,"Client error '403 ' for url 'https://openapiproext.bnf.fr/iiif/presentation/v3/ark:/12148/bpt6k6739053n/manifest.json'
For more information check: https://developer.mozilla.org/en-US/docs/Web/HTTP/Status/403",2026-07-17T15:24:45.466950
echoran,bpt6k67390542,,failed,0,0,,http_manifest,known,403,manifest,"Client error '403 ' for url 'https://openapiproext.bnf.fr/iiif/presentation/v3/ark:/12148/bpt6k67390542/manifest.json'
For more information check: https://developer.mozilla.org/en-US/docs/Web/HTTP/Status/403",2026-07-17T15:24:46.666350
echoran,bpt6k6739055g,,failed,0,0,,http_manifest,known,403,manifest,"Client error '403 ' for url 'https://openapiproext.bnf.fr/iiif/presentation/v3/ark:/12148/bpt6k6739055g/manifest.json'
For more information check: https://developer.mozilla.org/en-US/docs/Web/HTTP/Status/403",2026-07-17T15:24:47.866853
echoran,bpt6k6739056w,,failed,0,0,,http_manifest,known,403,manifest,"Client error '403 ' for url 'https://openapiproext.bnf.fr/iiif/presentation/v3/ark:/12148/bpt6k6739056w/manifest.json'
For more information check: https://developer.mozilla.org/en-US/docs/Web/HTTP/Status/403",2026-07-17T15:24:49.070778
echoran,bpt6k67390579,,failed,0,0,,http_manifest,known,403,manifest,"Client error '403 ' for url 'https://openapiproext.bnf.fr/iiif/presentation/v3/ark:/12148/bpt6k67390579/manifest.json'
For more information check: https://developer.mozilla.org/en-US/docs/Web/HTTP/Status/403",2026-07-17T15:24:50.298456
echoran,bpt6k6739058q,,failed,0,0,,http_manifest,known,403,manifest,"Client error '403 ' for url 'https://openapiproext.bnf.fr/iiif/presentation/v3/ark:/12148/bpt6k6739058q/manifest.json'
For more information check: https://developer.mozilla.org/en-US/docs/Web/HTTP/Status/403",2026-07-17T15:24:51.473116
echoran,bpt6k67390594,,failed,0,0,,http_manifest,known,403,manifest,"Client error '403 ' for url 'https://openapiproext.bnf.fr/iiif/presentation/v3/ark:/12148/bpt6k67390594/manifest.json'
For more information check: https://developer.mozilla.org/en-US/docs/Web/HTTP/Status/403",2026-07-17T15:24:52.674566
echoran,bpt6k6739060s,,failed,0,0,,http_manifest,known,403,manifest,"Client error '403 ' for url 'https://openapiproext.bnf.fr/iiif/presentation/v3/ark:/12148/bpt6k6739060s/manifest.json'
For more information check: https://developer.mozilla.org/en-US/docs/Web/HTTP/Status/403",2026-07-17T15:24:53.877273
echoran,bpt6k67390616,,failed,0,0,,http_manifest,known,403,manifest,"Client error '403 ' for url 'https://openapiproext.bnf.fr/iiif/presentation/v3/ark:/12148/bpt6k67390616/manifest.json'
For more information check: https://developer.mozilla.org/en-US/docs/Web/HTTP/Status/403",2026-07-17T15:24:55.079426
echoran,bpt6k6739062m,,failed,0,0,,http_manifest,known,403,manifest,"Client error '403 ' for url 'https://openapiproext.bnf.fr/iiif/presentation/v3/ark:/12148/bpt6k6739062m/manifest.json'
For more information check: https://developer.mozilla.org/en-US/docs/Web/HTTP/Status/403",2026-07-17T15:24:56.282362
echoran,bpt6k67390631,,failed,0,0,,http_manifest,known,403,manifest,"Client error '403 ' for url 'https://openapiproext.bnf.fr/iiif/presentation/v3/ark:/12148/bpt6k67390631/manifest.json'
For more information check: https://developer.mozilla.org/en-US/docs/Web/HTTP/Status/403",2026-07-17T15:24:57.481379
echoran,bpt6k6739064f,,failed,0,0,,http_manifest,known,403,manifest,"Client error '403 ' for url 'https://openapiproext.bnf.fr/iiif/presentation/v3/ark:/12148/bpt6k6739064f/manifest.json'
For more information check: https://developer.mozilla.org/en-US/docs/Web/HTTP/Status/403",2026-07-17T15:24:58.846934
echoran,bpt6k6739065v,,failed,0,0,,http_manifest,known,403,manifest,"Client error '403 ' for url 'https://openapiproext.bnf.fr/iiif/presentation/v3/ark:/12148/bpt6k6739065v/manifest.json'
For more information check: https://developer.mozilla.org/en-US/docs/Web/HTTP/Status/403",2026-07-17T15:24:59.970902
echoran,bpt6k67390668,,failed,0,0,,http_manifest,known,403,manifest,"Client error '403 ' for url 'https://openapiproext.bnf.fr/iiif/presentation/v3/ark:/12148/bpt6k67390668/manifest.json'
For more information check: https://developer.mozilla.org/en-US/docs/Web/HTTP/Status/403",2026-07-17T15:25:01.090531
echoran,bpt6k6739067p,,failed,0,0,,http_manifest,known,403,manifest,"Client error '403 ' for url 'https://openapiproext.bnf.fr/iiif/presentation/v3/ark:/12148/bpt6k6739067p/manifest.json'
For more information check: https://developer.mozilla.org/en-US/docs/Web/HTTP/Status/403",2026-07-17T15:25:02.289155
echoran,bpt6k67390683,,failed,0,0,,http_manifest,known,403,manifest,"Client error '403 ' for url 'https://openapiproext.bnf.fr/iiif/presentation/v3/ark:/12148/bpt6k67390683/manifest.json'
For more information check: https://developer.mozilla.org/en-US/docs/Web/HTTP/Status/403",2026-07-17T15:25:03.490838
echoran,bpt6k6739069h,,failed,0,0,,http_manifest,known,403,manifest,"Client error '403 ' for url 'https://openapiproext.bnf.fr/iiif/presentation/v3/ark:/12148/bpt6k6739069h/manifest.json'
For more information check: https://developer.mozilla.org/en-US/docs/Web/HTTP/Status/403",2026-07-17T15:25:04.694380
echoran,bpt6k67390705,,failed,0,0,,http_manifest,known,403,manifest,"Client error '403 ' for url 'https://openapiproext.bnf.fr/iiif/presentation/v3/ark:/12148/bpt6k67390705/manifest.json'
For more information check: https://developer.mozilla.org/en-US/docs/Web/HTTP/Status/403",2026-07-17T15:25:06.102589
echoran,bpt6k6739071k,,failed,0,0,,http_manifest,known,403,manifest,"Client error '403 ' for url 'https://openapiproext.bnf.fr/iiif/presentation/v3/ark:/12148/bpt6k6739071k/manifest.json'
For more information check: https://developer.mozilla.org/en-US/docs/Web/HTTP/Status/403",2026-07-17T15:25:07.097034
echoran,bpt6k67390720,,failed,0,0,,http_manifest,known,403,manifest,"Client error '403 ' for url 'https://openapiproext.bnf.fr/iiif/presentation/v3/ark:/12148/bpt6k67390720/manifest.json'
For more information check: https://developer.mozilla.org/en-US/docs/Web/HTTP/Status/403",2026-07-17T15:25:08.297056
echoran,bpt6k6739073d,,failed,0,0,,http_manifest,known,403,manifest,"Client error '403 ' for url 'https://openapiproext.bnf.fr/iiif/presentation/v3/ark:/12148/bpt6k6739073d/manifest.json'
For more information check: https://developer.mozilla.org/en-US/docs/Web/HTTP/Status/403",2026-07-17T15:25:09.499652
echoran,bpt6k6739074t,,failed,0,0,,http_manifest,known,403,manifest,"Client error '403 ' for url 'https://openapiproext.bnf.fr/iiif/presentation/v3/ark:/12148/bpt6k6739074t/manifest.json'
For more information check: https://developer.mozilla.org/en-US/docs/Web/HTTP/Status/403",2026-07-17T15:25:10.882167
echoran,bpt6k67390757,,failed,0,0,,http_manifest,known,403,manifest,"Client error '403 ' for url 'https://openapiproext.bnf.fr/iiif/presentation/v3/ark:/12148/bpt6k67390757/manifest.json'
For more information check: https://developer.mozilla.org/en-US/docs/Web/HTTP/Status/403",2026-07-17T15:25:11.903208
echoran,bpt6k6739076n,,failed,0,0,,http_manifest,known,403,manifest,"Client error '403 ' for url 'https://openapiproext.bnf.fr/iiif/presentation/v3/ark:/12148/bpt6k6739076n/manifest.json'
For more information check: https://developer.mozilla.org/en-US/docs/Web/HTTP/Status/403",2026-07-17T15:25:13.280460
echoran,bpt6k67390772,,failed,0,0,,http_manifest,known,403,manifest,"Client error '403 ' for url 'https://openapiproext.bnf.fr/iiif/presentation/v3/ark:/12148/bpt6k67390772/manifest.json'
For more information check: https://developer.mozilla.org/en-US/docs/Web/HTTP/Status/403",2026-07-17T15:25:14.310390
echoran,bpt6k6739078g,,failed,0,0,,http_manifest,known,403,manifest,"Client error '403 ' for url 'https://openapiproext.bnf.fr/iiif/presentation/v3/ark:/12148/bpt6k6739078g/manifest.json'
For more information check: https://developer.mozilla.org/en-US/docs/Web/HTTP/Status/403",2026-07-17T15:25:15.654258
echoran,bpt6k6739079w,,failed,0,0,,http_manifest,known,403,manifest,"Client error '403 ' for url 'https://openapiproext.bnf.fr/iiif/presentation/v3/ark:/12148/bpt6k6739079w/manifest.json'
For more information check: https://developer.mozilla.org/en-US/docs/Web/HTTP/Status/403",2026-07-17T15:25:16.769631
echoran,bpt6k6739080j,,failed,0,0,,http_manifest,known,403,manifest,"Client error '403 ' for url 'https://openapiproext.bnf.fr/iiif/presentation/v3/ark:/12148/bpt6k6739080j/manifest.json'
For more information check: https://developer.mozilla.org/en-US/docs/Web/HTTP/Status/403",2026-07-17T15:25:18.018624
echoran,bpt6k6739081z,,failed,0,0,,http_manifest,known,403,manifest,"Client error '403 ' for url 'https://openapiproext.bnf.fr/iiif/presentation/v3/ark:/12148/bpt6k6739081z/manifest.json'
For more information check: https://developer.mozilla.org/en-US/docs/Web/HTTP/Status/403",2026-07-17T15:25:19.302147
echoran,bpt6k6739082c,,failed,0,0,,http_manifest,known,403,manifest,"Client error '403 ' for url 'https://openapiproext.bnf.fr/iiif/presentation/v3/ark:/12148/bpt6k6739082c/manifest.json'
For more information check: https://developer.mozilla.org/en-US/docs/Web/HTTP/Status/403",2026-07-17T15:25:20.312845
echoran,bpt6k6739083s,,failed,0,0,,http_manifest,known,403,manifest,"Client error '403 ' for url 'https://openapiproext.bnf.fr/iiif/presentation/v3/ark:/12148/bpt6k6739083s/manifest.json'
For more information check: https://developer.mozilla.org/en-US/docs/Web/HTTP/Status/403",2026-07-17T15:25:21.516974
echoran,bpt6k67390846,,failed,0,0,,http_manifest,known,403,manifest,"Client error '403 ' for url 'https://openapiproext.bnf.fr/iiif/presentation/v3/ark:/12148/bpt6k67390846/manifest.json'
For more information check: https://developer.mozilla.org/en-US/docs/Web/HTTP/Status/403",2026-07-17T15:25:22.849035
echoran,bpt6k6739085m,,failed,0,0,,http_manifest,known,403,manifest,"Client error '403 ' for url 'https://openapiproext.bnf.fr/iiif/presentation/v3/ark:/12148/bpt6k6739085m/manifest.json'
For more information check: https://developer.mozilla.org/en-US/docs/Web/HTTP/Status/403",2026-07-17T15:25:23.919274
echoran,bpt6k67390861,,failed,0,0,,http_manifest,known,403,manifest,"Client error '403 ' for url 'https://openapiproext.bnf.fr/iiif/presentation/v3/ark:/12148/bpt6k67390861/manifest.json'
For more information check: https://developer.mozilla.org/en-US/docs/Web/HTTP/Status/403",2026-07-17T15:25:25.115902
echoran,bpt6k6739087f,,failed,0,0,,http_manifest,known,403,manifest,"Client error '403 ' for url 'https://openapiproext.bnf.fr/iiif/presentation/v3/ark:/12148/bpt6k6739087f/manifest.json'
For more information check: https://developer.mozilla.org/en-US/docs/Web/HTTP/Status/403",2026-07-17T15:25:26.328311
echoran,bpt6k6739088v,,failed,0,0,,http_manifest,known,403,manifest,"Client error '403 ' for url 'https://openapiproext.bnf.fr/iiif/presentation/v3/ark:/12148/bpt6k6739088v/manifest.json'
For more information check: https://developer.mozilla.org/en-US/docs/Web/HTTP/Status/403",2026-07-17T15:25:27.522742
echoran,bpt6k67390898,,failed,0,0,,http_manifest,known,403,manifest,"Client error '403 ' for url 'https://openapiproext.bnf.fr/iiif/presentation/v3/ark:/12148/bpt6k67390898/manifest.json'
For more information check: https://developer.mozilla.org/en-US/docs/Web/HTTP/Status/403",2026-07-17T15:25:28.739465
echoran,bpt6k6739090x,,failed,0,0,,http_manifest,known,403,manifest,"Client error '403 ' for url 'https://openapiproext.bnf.fr/iiif/presentation/v3/ark:/12148/bpt6k6739090x/manifest.json'
For more information check: https://developer.mozilla.org/en-US/docs/Web/HTTP/Status/403",2026-07-17T15:25:29.923154
echoran,bpt6k6739091b,,failed,0,0,,http_manifest,known,403,manifest,"Client error '403 ' for url 'https://openapiproext.bnf.fr/iiif/presentation/v3/ark:/12148/bpt6k6739091b/manifest.json'
For more information check: https://developer.mozilla.org/en-US/docs/Web/HTTP/Status/403",2026-07-17T15:25:31.126149
echoran,bpt6k6739092r,,failed,0,0,,http_manifest,known,403,manifest,"Client error '403 ' for url 'https://openapiproext.bnf.fr/iiif/presentation/v3/ark:/12148/bpt6k6739092r/manifest.json'
For more information check: https://developer.mozilla.org/en-US/docs/Web/HTTP/Status/403",2026-07-17T15:25:32.328135
echoran,bpt6k67390935,,failed,0,0,,http_manifest,known,403,manifest,"Client error '403 ' for url 'https://openapiproext.bnf.fr/iiif/presentation/v3/ark:/12148/bpt6k67390935/manifest.json'
For more information check: https://developer.mozilla.org/en-US/docs/Web/HTTP/Status/403",2026-07-17T15:25:33.529367
echoran,bpt6k6739094k,,failed,0,0,,http_manifest,known,403,manifest,"Client error '403 ' for url 'https://openapiproext.bnf.fr/iiif/presentation/v3/ark:/12148/bpt6k6739094k/manifest.json'
For more information check: https://developer.mozilla.org/en-US/docs/Web/HTTP/Status/403",2026-07-17T15:25:34.726679
echoran,bpt6k67390950,,failed,0,0,,http_manifest,known,403,manifest,"Client error '403 ' for url 'https://openapiproext.bnf.fr/iiif/presentation/v3/ark:/12148/bpt6k67390950/manifest.json'
For more information check: https://developer.mozilla.org/en-US/docs/Web/HTTP/Status/403",2026-07-17T15:25:35.929230
echoran,bpt6k6739096d,,failed,0,0,,http_manifest,known,403,manifest,"Client error '403 ' for url 'https://openapiproext.bnf.fr/iiif/presentation/v3/ark:/12148/bpt6k6739096d/manifest.json'
For more information check: https://developer.mozilla.org/en-US/docs/Web/HTTP/Status/403",2026-07-17T15:25:37.133679
echoran,bpt6k6739097t,,failed,0,0,,http_manifest,known,403,manifest,"Client error '403 ' for url 'https://openapiproext.bnf.fr/iiif/presentation/v3/ark:/12148/bpt6k6739097t/manifest.json'
For more information check: https://developer.mozilla.org/en-US/docs/Web/HTTP/Status/403",2026-07-17T15:25:38.378734
echoran,bpt6k67390987,,failed,0,0,,http_manifest,known,403,manifest,"Client error '403 ' for url 'https://openapiproext.bnf.fr/iiif/presentation/v3/ark:/12148/bpt6k67390987/manifest.json'
For more information check: https://developer.mozilla.org/en-US/docs/Web/HTTP/Status/403",2026-07-17T15:25:39.560614
echoran,bpt6k6739099n,,failed,0,0,,http_manifest,known,403,manifest,"Client error '403 ' for url 'https://openapiproext.bnf.fr/iiif/presentation/v3/ark:/12148/bpt6k6739099n/manifest.json'
For more information check: https://developer.mozilla.org/en-US/docs/Web/HTTP/Status/403",2026-07-17T15:25:40.739547
echoran,bpt6k6739100v,,failed,0,0,,http_manifest,known,403,manifest,"Client error '403 ' for url 'https://openapiproext.bnf.fr/iiif/presentation/v3/ark:/12148/bpt6k6739100v/manifest.json'
For more information check: https://developer.mozilla.org/en-US/docs/Web/HTTP/Status/403",2026-07-17T15:25:41.952162
echoran,bpt6k67391018,,failed,0,0,,http_manifest,known,403,manifest,"Client error '403 ' for url 'https://openapiproext.bnf.fr/iiif/presentation/v3/ark:/12148/bpt6k67391018/manifest.json'
For more information check: https://developer.mozilla.org/en-US/docs/Web/HTTP/Status/403",2026-07-17T15:25:43.140645
echoran,bpt6k6739102p,,failed,0,0,,http_manifest,known,403,manifest,"Client error '403 ' for url 'https://openapiproext.bnf.fr/iiif/presentation/v3/ark:/12148/bpt6k6739102p/manifest.json'
For more information check: https://developer.mozilla.org/en-US/docs/Web/HTTP/Status/403",2026-07-17T15:25:44.344415
echoran,bpt6k67391033,,failed,0,0,,http_manifest,known,403,manifest,"Client error '403 ' for url 'https://openapiproext.bnf.fr/iiif/presentation/v3/ark:/12148/bpt6k67391033/manifest.json'
For more information check: https://developer.mozilla.org/en-US/docs/Web/HTTP/Status/403",2026-07-17T15:25:45.556661
echoran,bpt6k6739104h,,failed,0,0,,http_manifest,known,403,manifest,"Client error '403 ' for url 'https://openapiproext.bnf.fr/iiif/presentation/v3/ark:/12148/bpt6k6739104h/manifest.json'
For more information check: https://developer.mozilla.org/en-US/docs/Web/HTTP/Status/403",2026-07-17T15:25:46.742193
echoran,bpt6k6739105x,,failed,0,0,,http_manifest,known,403,manifest,"Client error '403 ' for url 'https://openapiproext.bnf.fr/iiif/presentation/v3/ark:/12148/bpt6k6739105x/manifest.json'
For more information check: https://developer.mozilla.org/en-US/docs/Web/HTTP/Status/403",2026-07-17T15:25:47.946542
echoran,bpt6k6739106b,,failed,0,0,,http_manifest,known,403,manifest,"Client error '403 ' for url 'https://openapiproext.bnf.fr/iiif/presentation/v3/ark:/12148/bpt6k6739106b/manifest.json'
For more information check: https://developer.mozilla.org/en-US/docs/Web/HTTP/Status/403",2026-07-17T15:25:49.150381
echoran,bpt6k6739107r,,failed,0,0,,http_manifest,known,403,manifest,"Client error '403 ' for url 'https://openapiproext.bnf.fr/iiif/presentation/v3/ark:/12148/bpt6k6739107r/manifest.json'
For more information check: https://developer.mozilla.org/en-US/docs/Web/HTTP/Status/403",2026-07-17T15:25:50.357341
echoran,bpt6k67391085,,failed,0,0,,http_manifest,known,403,manifest,"Client error '403 ' for url 'https://openapiproext.bnf.fr/iiif/presentation/v3/ark:/12148/bpt6k67391085/manifest.json'
For more information check: https://developer.mozilla.org/en-US/docs/Web/HTTP/Status/403",2026-07-17T15:25:51.550461
echoran,bpt6k6739109k,,failed,0,0,,http_manifest,known,403,manifest,"Client error '403 ' for url 'https://openapiproext.bnf.fr/iiif/presentation/v3/ark:/12148/bpt6k6739109k/manifest.json'
For more information check: https://developer.mozilla.org/en-US/docs/Web/HTTP/Status/403",2026-07-17T15:25:52.760640
echoran,bpt6k67391107,,failed,0,0,,http_manifest,known,403,manifest,"Client error '403 ' for url 'https://openapiproext.bnf.fr/iiif/presentation/v3/ark:/12148/bpt6k67391107/manifest.json'
For more information check: https://developer.mozilla.org/en-US/docs/Web/HTTP/Status/403",2026-07-17T15:25:53.952598
echoran,bpt6k6739111n,,failed,0,0,,http_manifest,known,403,manifest,"Client error '403 ' for url 'https://openapiproext.bnf.fr/iiif/presentation/v3/ark:/12148/bpt6k6739111n/manifest.json'
For more information check: https://developer.mozilla.org/en-US/docs/Web/HTTP/Status/403",2026-07-17T15:25:55.152599
echoran,bpt6k67391122,,failed,0,0,,http_manifest,known,403,manifest,"Client error '403 ' for url 'https://openapiproext.bnf.fr/iiif/presentation/v3/ark:/12148/bpt6k67391122/manifest.json'
For more information check: https://developer.mozilla.org/en-US/docs/Web/HTTP/Status/403",2026-07-17T15:25:56.362814
echoran,bpt6k6739113g,,failed,0,0,,http_manifest,known,403,manifest,"Client error '403 ' for url 'https://openapiproext.bnf.fr/iiif/presentation/v3/ark:/12148/bpt6k6739113g/manifest.json'
For more information check: https://developer.mozilla.org/en-US/docs/Web/HTTP/Status/403",2026-07-17T15:25:57.588865
echoran,bpt6k6739114w,,failed,0,0,,http_manifest,known,403,manifest,"Client error '403 ' for url 'https://openapiproext.bnf.fr/iiif/presentation/v3/ark:/12148/bpt6k6739114w/manifest.json'
For more information check: https://developer.mozilla.org/en-US/docs/Web/HTTP/Status/403",2026-07-17T15:25:59.035749
echoran,bpt6k67391159,,failed,0,0,,http_manifest,known,403,manifest,"Client error '403 ' for url 'https://openapiproext.bnf.fr/iiif/presentation/v3/ark:/12148/bpt6k67391159/manifest.json'
For more information check: https://developer.mozilla.org/en-US/docs/Web/HTTP/Status/403",2026-07-17T15:25:59.957423
echoran,bpt6k6739116q,,failed,0,0,,http_manifest,known,403,manifest,"Client error '403 ' for url 'https://openapiproext.bnf.fr/iiif/presentation/v3/ark:/12148/bpt6k6739116q/manifest.json'
For more information check: https://developer.mozilla.org/en-US/docs/Web/HTTP/Status/403",2026-07-17T15:26:01.304884
echoran,bpt6k67391174,,failed,0,0,,http_manifest,known,403,manifest,"Client error '403 ' for url 'https://openapiproext.bnf.fr/iiif/presentation/v3/ark:/12148/bpt6k67391174/manifest.json'
For more information check: https://developer.mozilla.org/en-US/docs/Web/HTTP/Status/403",2026-07-17T15:26:02.454890
echoran,bpt6k6739118j,,failed,0,0,,http_manifest,known,403,manifest,"Client error '403 ' for url 'https://openapiproext.bnf.fr/iiif/presentation/v3/ark:/12148/bpt6k6739118j/manifest.json'
For more information check: https://developer.mozilla.org/en-US/docs/Web/HTTP/Status/403",2026-07-17T15:26:03.570363
echoran,bpt6k6739119z,,failed,0,0,,http_manifest,known,403,manifest,"Client error '403 ' for url 'https://openapiproext.bnf.fr/iiif/presentation/v3/ark:/12148/bpt6k6739119z/manifest.json'
For more information check: https://developer.mozilla.org/en-US/docs/Web/HTTP/Status/403",2026-07-17T15:26:04.855556
echoran,bpt6k6739120m,,failed,0,0,,http_manifest,known,403,manifest,"Client error '403 ' for url 'https://openapiproext.bnf.fr/iiif/presentation/v3/ark:/12148/bpt6k6739120m/manifest.json'
For more information check: https://developer.mozilla.org/en-US/docs/Web/HTTP/Status/403",2026-07-17T15:26:06.174921
echoran,bpt6k67391211,,failed,0,0,,http_manifest,known,403,manifest,"Client error '403 ' for url 'https://openapiproext.bnf.fr/iiif/presentation/v3/ark:/12148/bpt6k67391211/manifest.json'
For more information check: https://developer.mozilla.org/en-US/docs/Web/HTTP/Status/403",2026-07-17T15:26:07.172481
echoran,bpt6k6739122f,,failed,0,0,,http_manifest,known,403,manifest,"Client error '403 ' for url 'https://openapiproext.bnf.fr/iiif/presentation/v3/ark:/12148/bpt6k6739122f/manifest.json'
For more information check: https://developer.mozilla.org/en-US/docs/Web/HTTP/Status/403",2026-07-17T15:26:08.386923
echoran,bpt6k6739123v,,failed,0,0,,http_manifest,known,403,manifest,"Client error '403 ' for url 'https://openapiproext.bnf.fr/iiif/presentation/v3/ark:/12148/bpt6k6739123v/manifest.json'
For more information check: https://developer.mozilla.org/en-US/docs/Web/HTTP/Status/403",2026-07-17T15:26:09.584031
echoran,bpt6k67391248,,failed,0,0,,http_manifest,known,403,manifest,"Client error '403 ' for url 'https://openapiproext.bnf.fr/iiif/presentation/v3/ark:/12148/bpt6k67391248/manifest.json'
For more information check: https://developer.mozilla.org/en-US/docs/Web/HTTP/Status/403",2026-07-17T15:26:10.885170
echoran,bpt6k6739125p,,failed,0,0,,http_manifest,known,403,manifest,"Client error '403 ' for url 'https://openapiproext.bnf.fr/iiif/presentation/v3/ark:/12148/bpt6k6739125p/manifest.json'
For more information check: https://developer.mozilla.org/en-US/docs/Web/HTTP/Status/403",2026-07-17T15:26:11.982855
echoran,bpt6k67391263,,failed,0,0,,http_manifest,known,403,manifest,"Client error '403 ' for url 'https://openapiproext.bnf.fr/iiif/presentation/v3/ark:/12148/bpt6k67391263/manifest.json'
For more information check: https://developer.mozilla.org/en-US/docs/Web/HTTP/Status/403",2026-07-17T15:26:13.339025
echoran,bpt6k6739127h,,failed,0,0,,http_manifest,known,403,manifest,"Client error '403 ' for url 'https://openapiproext.bnf.fr/iiif/presentation/v3/ark:/12148/bpt6k6739127h/manifest.json'
For more information check: https://developer.mozilla.org/en-US/docs/Web/HTTP/Status/403",2026-07-17T15:26:14.397437
echoran,bpt6k6739128x,,failed,0,0,,http_manifest,known,403,manifest,"Client error '403 ' for url 'https://openapiproext.bnf.fr/iiif/presentation/v3/ark:/12148/bpt6k6739128x/manifest.json'
For more information check: https://developer.mozilla.org/en-US/docs/Web/HTTP/Status/403",2026-07-17T15:26:15.581759
echoran,bpt6k6739129b,,failed,0,0,,http_manifest,known,403,manifest,"Client error '403 ' for url 'https://openapiproext.bnf.fr/iiif/presentation/v3/ark:/12148/bpt6k6739129b/manifest.json'
For more information check: https://developer.mozilla.org/en-US/docs/Web/HTTP/Status/403",2026-07-17T15:26:16.787262
echoran,bpt6k67391300,,failed,0,0,,http_manifest,known,403,manifest,"Client error '403 ' for url 'https://openapiproext.bnf.fr/iiif/presentation/v3/ark:/12148/bpt6k67391300/manifest.json'
For more information check: https://developer.mozilla.org/en-US/docs/Web/HTTP/Status/403",2026-07-17T15:26:17.986685
echoran,bpt6k6739131d,,failed,0,0,,http_manifest,known,403,manifest,"Client error '403 ' for url 'https://openapiproext.bnf.fr/iiif/presentation/v3/ark:/12148/bpt6k6739131d/manifest.json'
For more information check: https://developer.mozilla.org/en-US/docs/Web/HTTP/Status/403",2026-07-17T15:26:19.195365
echoran,bpt6k6739132t,,failed,0,0,,http_manifest,known,403,manifest,"Client error '403 ' for url 'https://openapiproext.bnf.fr/iiif/presentation/v3/ark:/12148/bpt6k6739132t/manifest.json'
For more information check: https://developer.mozilla.org/en-US/docs/Web/HTTP/Status/403",2026-07-17T15:26:20.405906
echoran,bpt6k67391337,,failed,0,0,,http_manifest,known,403,manifest,"Client error '403 ' for url 'https://openapiproext.bnf.fr/iiif/presentation/v3/ark:/12148/bpt6k67391337/manifest.json'
For more information check: https://developer.mozilla.org/en-US/docs/Web/HTTP/Status/403",2026-07-17T15:26:21.592635
echoran,bpt6k6739134n,,failed,0,0,,http_manifest,known,403,manifest,"Client error '403 ' for url 'https://openapiproext.bnf.fr/iiif/presentation/v3/ark:/12148/bpt6k6739134n/manifest.json'
For more information check: https://developer.mozilla.org/en-US/docs/Web/HTTP/Status/403",2026-07-17T15:26:22.792467
echoran,bpt6k67391352,,failed,0,0,,http_manifest,known,403,manifest,"Client error '403 ' for url 'https://openapiproext.bnf.fr/iiif/presentation/v3/ark:/12148/bpt6k67391352/manifest.json'
For more information check: https://developer.mozilla.org/en-US/docs/Web/HTTP/Status/403",2026-07-17T15:26:23.992015
echoran,bpt6k6739136g,,failed,0,0,,http_manifest,known,403,manifest,"Client error '403 ' for url 'https://openapiproext.bnf.fr/iiif/presentation/v3/ark:/12148/bpt6k6739136g/manifest.json'
For more information check: https://developer.mozilla.org/en-US/docs/Web/HTTP/Status/403",2026-07-17T15:26:25.196047
echoran,bpt6k6739137w,,failed,0,0,,http_manifest,known,403,manifest,"Client error '403 ' for url 'https://openapiproext.bnf.fr/iiif/presentation/v3/ark:/12148/bpt6k6739137w/manifest.json'
For more information check: https://developer.mozilla.org/en-US/docs/Web/HTTP/Status/403",2026-07-17T15:26:26.396227
echoran,bpt6k67391389,,failed,0,0,,http_manifest,known,403,manifest,"Client error '403 ' for url 'https://openapiproext.bnf.fr/iiif/presentation/v3/ark:/12148/bpt6k67391389/manifest.json'
For more information check: https://developer.mozilla.org/en-US/docs/Web/HTTP/Status/403",2026-07-17T15:26:27.595836
echoran,bpt6k6739139q,,failed,0,0,,http_manifest,known,403,manifest,"Client error '403 ' for url 'https://openapiproext.bnf.fr/iiif/presentation/v3/ark:/12148/bpt6k6739139q/manifest.json'
For more information check: https://developer.mozilla.org/en-US/docs/Web/HTTP/Status/403",2026-07-17T15:26:28.798777
echoran,bpt6k6739140c,,failed,0,0,,http_manifest,known,403,manifest,"Client error '403 ' for url 'https://openapiproext.bnf.fr/iiif/presentation/v3/ark:/12148/bpt6k6739140c/manifest.json'
For more information check: https://developer.mozilla.org/en-US/docs/Web/HTTP/Status/403",2026-07-17T15:26:29.996244
echoran,bpt6k6739141s,,failed,0,0,,http_manifest,known,403,manifest,"Client error '403 ' for url 'https://openapiproext.bnf.fr/iiif/presentation/v3/ark:/12148/bpt6k6739141s/manifest.json'
For more information check: https://developer.mozilla.org/en-US/docs/Web/HTTP/Status/403",2026-07-17T15:26:31.204433
echoran,bpt6k67391426,,failed,0,0,,http_manifest,known,403,manifest,"Client error '403 ' for url 'https://openapiproext.bnf.fr/iiif/presentation/v3/ark:/12148/bpt6k67391426/manifest.json'
For more information check: https://developer.mozilla.org/en-US/docs/Web/HTTP/Status/403",2026-07-17T15:26:32.422499
echoran,bpt6k6739143m,,failed,0,0,,http_manifest,known,403,manifest,"Client error '403 ' for url 'https://openapiproext.bnf.fr/iiif/presentation/v3/ark:/12148/bpt6k6739143m/manifest.json'
For more information check: https://developer.mozilla.org/en-US/docs/Web/HTTP/Status/403",2026-07-17T15:26:33.613940
echoran,bpt6k67391441,,failed,0,0,,http_manifest,known,403,manifest,"Client error '403 ' for url 'https://openapiproext.bnf.fr/iiif/presentation/v3/ark:/12148/bpt6k67391441/manifest.json'
For more information check: https://developer.mozilla.org/en-US/docs/Web/HTTP/Status/403",2026-07-17T15:26:34.809424
echoran,bpt6k6739145f,,failed,0,0,,http_manifest,known,403,manifest,"Client error '403 ' for url 'https://openapiproext.bnf.fr/iiif/presentation/v3/ark:/12148/bpt6k6739145f/manifest.json'
For more information check: https://developer.mozilla.org/en-US/docs/Web/HTTP/Status/403",2026-07-17T15:26:36.009749
echoran,bpt6k6739146v,,failed,0,0,,http_manifest,known,403,manifest,"Client error '403 ' for url 'https://openapiproext.bnf.fr/iiif/presentation/v3/ark:/12148/bpt6k6739146v/manifest.json'
For more information check: https://developer.mozilla.org/en-US/docs/Web/HTTP/Status/403",2026-07-17T15:26:37.210346
echoran,bpt6k67391478,,failed,0,0,,http_manifest,known,403,manifest,"Client error '403 ' for url 'https://openapiproext.bnf.fr/iiif/presentation/v3/ark:/12148/bpt6k67391478/manifest.json'
For more information check: https://developer.mozilla.org/en-US/docs/Web/HTTP/Status/403",2026-07-17T15:26:38.428253
echoran,bpt6k6739148p,,failed,0,0,,http_manifest,known,403,manifest,"Client error '403 ' for url 'https://openapiproext.bnf.fr/iiif/presentation/v3/ark:/12148/bpt6k6739148p/manifest.json'
For more information check: https://developer.mozilla.org/en-US/docs/Web/HTTP/Status/403",2026-07-17T15:26:39.608997
echoran,bpt6k67391493,,failed,0,0,,http_manifest,known,403,manifest,"Client error '403 ' for url 'https://openapiproext.bnf.fr/iiif/presentation/v3/ark:/12148/bpt6k67391493/manifest.json'
For more information check: https://developer.mozilla.org/en-US/docs/Web/HTTP/Status/403",2026-07-17T15:26:40.813416
echoran,bpt6k6739150r,,failed,0,0,,http_manifest,known,403,manifest,"Client error '403 ' for url 'https://openapiproext.bnf.fr/iiif/presentation/v3/ark:/12148/bpt6k6739150r/manifest.json'
For more information check: https://developer.mozilla.org/en-US/docs/Web/HTTP/Status/403",2026-07-17T15:26:42.015467
echoran,bpt6k67391515,,failed,0,0,,http_manifest,known,403,manifest,"Client error '403 ' for url 'https://openapiproext.bnf.fr/iiif/presentation/v3/ark:/12148/bpt6k67391515/manifest.json'
For more information check: https://developer.mozilla.org/en-US/docs/Web/HTTP/Status/403",2026-07-17T15:26:43.218286
echoran,bpt6k6739152k,,failed,0,0,,http_manifest,known,403,manifest,"Client error '403 ' for url 'https://openapiproext.bnf.fr/iiif/presentation/v3/ark:/12148/bpt6k6739152k/manifest.json'
For more information check: https://developer.mozilla.org/en-US/docs/Web/HTTP/Status/403",2026-07-17T15:26:44.417317
echoran,bpt6k67391530,,failed,0,0,,http_manifest,known,403,manifest,"Client error '403 ' for url 'https://openapiproext.bnf.fr/iiif/presentation/v3/ark:/12148/bpt6k67391530/manifest.json'
For more information check: https://developer.mozilla.org/en-US/docs/Web/HTTP/Status/403",2026-07-17T15:26:45.615214
echoran,bpt6k6739154d,,failed,0,0,,http_manifest,known,403,manifest,"Client error '403 ' for url 'https://openapiproext.bnf.fr/iiif/presentation/v3/ark:/12148/bpt6k6739154d/manifest.json'
For more information check: https://developer.mozilla.org/en-US/docs/Web/HTTP/Status/403",2026-07-17T15:26:46.818462
echoran,bpt6k6739155t,,failed,0,0,,http_manifest,known,403,manifest,"Client error '403 ' for url 'https://openapiproext.bnf.fr/iiif/presentation/v3/ark:/12148/bpt6k6739155t/manifest.json'
For more information check: https://developer.mozilla.org/en-US/docs/Web/HTTP/Status/403",2026-07-17T15:26:48.021131
echoran,bpt6k67391567,,failed,0,0,,http_manifest,known,403,manifest,"Client error '403 ' for url 'https://openapiproext.bnf.fr/iiif/presentation/v3/ark:/12148/bpt6k67391567/manifest.json'
For more information check: https://developer.mozilla.org/en-US/docs/Web/HTTP/Status/403",2026-07-17T15:26:49.223263
echoran,bpt6k6739157n,,failed,0,0,,http_manifest,known,403,manifest,"Client error '403 ' for url 'https://openapiproext.bnf.fr/iiif/presentation/v3/ark:/12148/bpt6k6739157n/manifest.json'
For more information check: https://developer.mozilla.org/en-US/docs/Web/HTTP/Status/403",2026-07-17T15:26:50.436644
echoran,bpt6k67391582,,failed,0,0,,http_manifest,known,403,manifest,"Client error '403 ' for url 'https://openapiproext.bnf.fr/iiif/presentation/v3/ark:/12148/bpt6k67391582/manifest.json'
For more information check: https://developer.mozilla.org/en-US/docs/Web/HTTP/Status/403",2026-07-17T15:26:51.626723
echoran,bpt6k6739159g,,failed,0,0,,http_manifest,known,403,manifest,"Client error '403 ' for url 'https://openapiproext.bnf.fr/iiif/presentation/v3/ark:/12148/bpt6k6739159g/manifest.json'
For more information check: https://developer.mozilla.org/en-US/docs/Web/HTTP/Status/403",2026-07-17T15:26:52.825703
echoran,bpt6k67391604,,failed,0,0,,http_manifest,known,403,manifest,"Client error '403 ' for url 'https://openapiproext.bnf.fr/iiif/presentation/v3/ark:/12148/bpt6k67391604/manifest.json'
For more information check: https://developer.mozilla.org/en-US/docs/Web/HTTP/Status/403",2026-07-17T15:26:54.102948
echoran,bpt6k6739161j,,failed,0,0,,http_manifest,known,403,manifest,"Client error '403 ' for url 'https://openapiproext.bnf.fr/iiif/presentation/v3/ark:/12148/bpt6k6739161j/manifest.json'
For more information check: https://developer.mozilla.org/en-US/docs/Web/HTTP/Status/403",2026-07-17T15:26:55.228262
echoran,bpt6k6739162z,,failed,0,0,,http_manifest,known,403,manifest,"Client error '403 ' for url 'https://openapiproext.bnf.fr/iiif/presentation/v3/ark:/12148/bpt6k6739162z/manifest.json'
For more information check: https://developer.mozilla.org/en-US/docs/Web/HTTP/Status/403",2026-07-17T15:26:56.430199
echoran,bpt6k6739163c,,failed,0,0,,http_manifest,known,403,manifest,"Client error '403 ' for url 'https://openapiproext.bnf.fr/iiif/presentation/v3/ark:/12148/bpt6k6739163c/manifest.json'
For more information check: https://developer.mozilla.org/en-US/docs/Web/HTTP/Status/403",2026-07-17T15:26:57.879965
echoran,bpt6k6739164s,,failed,0,0,,http_manifest,known,403,manifest,"Client error '403 ' for url 'https://openapiproext.bnf.fr/iiif/presentation/v3/ark:/12148/bpt6k6739164s/manifest.json'
For more information check: https://developer.mozilla.org/en-US/docs/Web/HTTP/Status/403",2026-07-17T15:26:58.841034
echoran,bpt6k67391656,,failed,0,0,,http_manifest,known,403,manifest,"Client error '403 ' for url 'https://openapiproext.bnf.fr/iiif/presentation/v3/ark:/12148/bpt6k67391656/manifest.json'
For more information check: https://developer.mozilla.org/en-US/docs/Web/HTTP/Status/403",2026-07-17T15:27:00.097625
echoran,bpt6k6739166m,,failed,0,0,,http_manifest,known,403,manifest,"Client error '403 ' for url 'https://openapiproext.bnf.fr/iiif/presentation/v3/ark:/12148/bpt6k6739166m/manifest.json'
For more information check: https://developer.mozilla.org/en-US/docs/Web/HTTP/Status/403",2026-07-17T15:27:01.241005
echoran,bpt6k67391671,,failed,0,0,,http_manifest,known,403,manifest,"Client error '403 ' for url 'https://openapiproext.bnf.fr/iiif/presentation/v3/ark:/12148/bpt6k67391671/manifest.json'
For more information check: https://developer.mozilla.org/en-US/docs/Web/HTTP/Status/403",2026-07-17T15:27:02.452700
echoran,bpt6k6739168f,,failed,0,0,,http_manifest,known,403,manifest,"Client error '403 ' for url 'https://openapiproext.bnf.fr/iiif/presentation/v3/ark:/12148/bpt6k6739168f/manifest.json'
For more information check: https://developer.mozilla.org/en-US/docs/Web/HTTP/Status/403",2026-07-17T15:27:03.729661
echoran,bpt6k6739169v,,failed,0,0,,http_manifest,known,403,manifest,"Client error '403 ' for url 'https://openapiproext.bnf.fr/iiif/presentation/v3/ark:/12148/bpt6k6739169v/manifest.json'
For more information check: https://developer.mozilla.org/en-US/docs/Web/HTTP/Status/403",2026-07-17T15:27:04.940016
echoran,bpt6k6739170h,,failed,0,0,,http_manifest,known,403,manifest,"Client error '403 ' for url 'https://openapiproext.bnf.fr/iiif/presentation/v3/ark:/12148/bpt6k6739170h/manifest.json'
For more information check: https://developer.mozilla.org/en-US/docs/Web/HTTP/Status/403",2026-07-17T15:27:06.137471
echoran,bpt6k6739171x,,failed,0,0,,http_manifest,known,403,manifest,"Client error '403 ' for url 'https://openapiproext.bnf.fr/iiif/presentation/v3/ark:/12148/bpt6k6739171x/manifest.json'
For more information check: https://developer.mozilla.org/en-US/docs/Web/HTTP/Status/403",2026-07-17T15:27:07.423255
echoran,bpt6k6739172b,,failed,0,0,,http_manifest,known,403,manifest,"Client error '403 ' for url 'https://openapiproext.bnf.fr/iiif/presentation/v3/ark:/12148/bpt6k6739172b/manifest.json'
For more information check: https://developer.mozilla.org/en-US/docs/Web/HTTP/Status/403",2026-07-17T15:27:08.542331
echoran,bpt6k6739173r,,failed,0,0,,http_manifest,known,403,manifest,"Client error '403 ' for url 'https://openapiproext.bnf.fr/iiif/presentation/v3/ark:/12148/bpt6k6739173r/manifest.json'
For more information check: https://developer.mozilla.org/en-US/docs/Web/HTTP/Status/403",2026-07-17T15:27:09.650041
echoran,bpt6k67391745,,failed,0,0,,http_manifest,known,403,manifest,"Client error '403 ' for url 'https://openapiproext.bnf.fr/iiif/presentation/v3/ark:/12148/bpt6k67391745/manifest.json'
For more information check: https://developer.mozilla.org/en-US/docs/Web/HTTP/Status/403",2026-07-17T15:27:11.069315
echoran,bpt6k6739175k,,failed,0,0,,http_manifest,known,403,manifest,"Client error '403 ' for url 'https://openapiproext.bnf.fr/iiif/presentation/v3/ark:/12148/bpt6k6739175k/manifest.json'
For more information check: https://developer.mozilla.org/en-US/docs/Web/HTTP/Status/403",2026-07-17T15:27:12.056029
echoran,bpt6k67391760,,failed,0,0,,http_manifest,known,403,manifest,"Client error '403 ' for url 'https://openapiproext.bnf.fr/iiif/presentation/v3/ark:/12148/bpt6k67391760/manifest.json'
For more information check: https://developer.mozilla.org/en-US/docs/Web/HTTP/Status/403",2026-07-17T15:27:13.505953
echoran,bpt6k6739177d,,failed,0,0,,http_manifest,known,403,manifest,"Client error '403 ' for url 'https://openapiproext.bnf.fr/iiif/presentation/v3/ark:/12148/bpt6k6739177d/manifest.json'
For more information check: https://developer.mozilla.org/en-US/docs/Web/HTTP/Status/403",2026-07-17T15:27:14.585756
echoran,bpt6k6739178t,,failed,0,0,,http_manifest,known,403,manifest,"Client error '403 ' for url 'https://openapiproext.bnf.fr/iiif/presentation/v3/ark:/12148/bpt6k6739178t/manifest.json'
For more information check: https://developer.mozilla.org/en-US/docs/Web/HTTP/Status/403",2026-07-17T15:27:15.824956
echoran,bpt6k67391797,,failed,0,0,,http_manifest,known,403,manifest,"Client error '403 ' for url 'https://openapiproext.bnf.fr/iiif/presentation/v3/ark:/12148/bpt6k67391797/manifest.json'
For more information check: https://developer.mozilla.org/en-US/docs/Web/HTTP/Status/403",2026-07-17T15:27:16.863676
echoran,bpt6k6739180w,,failed,0,0,,http_manifest,known,403,manifest,"Client error '403 ' for url 'https://openapiproext.bnf.fr/iiif/presentation/v3/ark:/12148/bpt6k6739180w/manifest.json'
For more information check: https://developer.mozilla.org/en-US/docs/Web/HTTP/Status/403",2026-07-17T15:27:18.064756
echoran,bpt6k67391819,,failed,0,0,,http_manifest,known,403,manifest,"Client error '403 ' for url 'https://openapiproext.bnf.fr/iiif/presentation/v3/ark:/12148/bpt6k67391819/manifest.json'
For more information check: https://developer.mozilla.org/en-US/docs/Web/HTTP/Status/403",2026-07-17T15:27:19.265003
echoran,bpt6k6739182q,,failed,0,0,,http_manifest,known,403,manifest,"Client error '403 ' for url 'https://openapiproext.bnf.fr/iiif/presentation/v3/ark:/12148/bpt6k6739182q/manifest.json'
For more information check: https://developer.mozilla.org/en-US/docs/Web/HTTP/Status/403",2026-07-17T15:27:20.480029
echoran,bpt6k67391834,,failed,0,0,,http_manifest,known,403,manifest,"Client error '403 ' for url 'https://openapiproext.bnf.fr/iiif/presentation/v3/ark:/12148/bpt6k67391834/manifest.json'
For more information check: https://developer.mozilla.org/en-US/docs/Web/HTTP/Status/403",2026-07-17T15:27:21.668139
echoran,bpt6k6739184j,,failed,0,0,,http_manifest,known,403,manifest,"Client error '403 ' for url 'https://openapiproext.bnf.fr/iiif/presentation/v3/ark:/12148/bpt6k6739184j/manifest.json'
For more information check: https://developer.mozilla.org/en-US/docs/Web/HTTP/Status/403",2026-07-17T15:27:22.868698
echoran,bpt6k6739185z,,failed,0,0,,http_manifest,known,403,manifest,"Client error '403 ' for url 'https://openapiproext.bnf.fr/iiif/presentation/v3/ark:/12148/bpt6k6739185z/manifest.json'
For more information check: https://developer.mozilla.org/en-US/docs/Web/HTTP/Status/403",2026-07-17T15:27:24.070995
echoran,bpt6k6739186c,,failed,0,0,,http_manifest,known,403,manifest,"Client error '403 ' for url 'https://openapiproext.bnf.fr/iiif/presentation/v3/ark:/12148/bpt6k6739186c/manifest.json'
For more information check: https://developer.mozilla.org/en-US/docs/Web/HTTP/Status/403",2026-07-17T15:27:25.273909
echoran,bpt6k6739187s,,failed,0,0,,http_manifest,known,403,manifest,"Client error '403 ' for url 'https://openapiproext.bnf.fr/iiif/presentation/v3/ark:/12148/bpt6k6739187s/manifest.json'
For more information check: https://developer.mozilla.org/en-US/docs/Web/HTTP/Status/403",2026-07-17T15:27:26.473586
echoran,bpt6k67391886,,failed,0,0,,http_manifest,known,403,manifest,"Client error '403 ' for url 'https://openapiproext.bnf.fr/iiif/presentation/v3/ark:/12148/bpt6k67391886/manifest.json'
For more information check: https://developer.mozilla.org/en-US/docs/Web/HTTP/Status/403",2026-07-17T15:27:27.697329
echoran,bpt6k6739189m,,failed,0,0,,http_manifest,known,403,manifest,"Client error '403 ' for url 'https://openapiproext.bnf.fr/iiif/presentation/v3/ark:/12148/bpt6k6739189m/manifest.json'
For more information check: https://developer.mozilla.org/en-US/docs/Web/HTTP/Status/403",2026-07-17T15:27:28.877122
echoran,bpt6k67391908,,failed,0,0,,http_manifest,known,403,manifest,"Client error '403 ' for url 'https://openapiproext.bnf.fr/iiif/presentation/v3/ark:/12148/bpt6k67391908/manifest.json'
For more information check: https://developer.mozilla.org/en-US/docs/Web/HTTP/Status/403",2026-07-17T15:27:30.078555
echoran,bpt6k6739191p,,failed,0,0,,http_manifest,known,403,manifest,"Client error '403 ' for url 'https://openapiproext.bnf.fr/iiif/presentation/v3/ark:/12148/bpt6k6739191p/manifest.json'
For more information check: https://developer.mozilla.org/en-US/docs/Web/HTTP/Status/403",2026-07-17T15:27:31.281677
echoran,bpt6k67391923,,failed,0,0,,http_manifest,known,403,manifest,"Client error '403 ' for url 'https://openapiproext.bnf.fr/iiif/presentation/v3/ark:/12148/bpt6k67391923/manifest.json'
For more information check: https://developer.mozilla.org/en-US/docs/Web/HTTP/Status/403",2026-07-17T15:27:32.495943
echoran,bpt6k6739193h,,failed,0,0,,http_manifest,known,403,manifest,"Client error '403 ' for url 'https://openapiproext.bnf.fr/iiif/presentation/v3/ark:/12148/bpt6k6739193h/manifest.json'
For more information check: https://developer.mozilla.org/en-US/docs/Web/HTTP/Status/403",2026-07-17T15:27:33.683065
echoran,bpt6k6739194x,,failed,0,0,,http_manifest,known,403,manifest,"Client error '403 ' for url 'https://openapiproext.bnf.fr/iiif/presentation/v3/ark:/12148/bpt6k6739194x/manifest.json'
For more information check: https://developer.mozilla.org/en-US/docs/Web/HTTP/Status/403",2026-07-17T15:27:34.885779
echoran,bpt6k6739195b,,failed,0,0,,http_manifest,known,403,manifest,"Client error '403 ' for url 'https://openapiproext.bnf.fr/iiif/presentation/v3/ark:/12148/bpt6k6739195b/manifest.json'
For more information check: https://developer.mozilla.org/en-US/docs/Web/HTTP/Status/403",2026-07-17T15:27:36.088521
echoran,bpt6k6739196r,,failed,0,0,,http_manifest,known,403,manifest,"Client error '403 ' for url 'https://openapiproext.bnf.fr/iiif/presentation/v3/ark:/12148/bpt6k6739196r/manifest.json'
For more information check: https://developer.mozilla.org/en-US/docs/Web/HTTP/Status/403",2026-07-17T15:27:37.290191
echoran,bpt6k67391975,,failed,0,0,,http_manifest,known,403,manifest,"Client error '403 ' for url 'https://openapiproext.bnf.fr/iiif/presentation/v3/ark:/12148/bpt6k67391975/manifest.json'
For more information check: https://developer.mozilla.org/en-US/docs/Web/HTTP/Status/403",2026-07-17T15:27:38.505867
echoran,bpt6k6739198k,,failed,0,0,,http_manifest,known,403,manifest,"Client error '403 ' for url 'https://openapiproext.bnf.fr/iiif/presentation/v3/ark:/12148/bpt6k6739198k/manifest.json'
For more information check: https://developer.mozilla.org/en-US/docs/Web/HTTP/Status/403",2026-07-17T15:27:39.699182
echoran,bpt6k67391990,,failed,0,0,,http_manifest,known,403,manifest,"Client error '403 ' for url 'https://openapiproext.bnf.fr/iiif/presentation/v3/ark:/12148/bpt6k67391990/manifest.json'
For more information check: https://developer.mozilla.org/en-US/docs/Web/HTTP/Status/403",2026-07-17T15:27:40.895425
echoran,bpt6k67392006,,failed,0,0,,http_manifest,known,403,manifest,"Client error '403 ' for url 'https://openapiproext.bnf.fr/iiif/presentation/v3/ark:/12148/bpt6k67392006/manifest.json'
For more information check: https://developer.mozilla.org/en-US/docs/Web/HTTP/Status/403",2026-07-17T15:27:42.094063
echoran,bpt6k6739201m,,failed,0,0,,http_manifest,known,403,manifest,"Client error '403 ' for url 'https://openapiproext.bnf.fr/iiif/presentation/v3/ark:/12148/bpt6k6739201m/manifest.json'
For more information check: https://developer.mozilla.org/en-US/docs/Web/HTTP/Status/403",2026-07-17T15:27:43.297449
echoran,bpt6k67392021,,failed,0,0,,http_manifest,known,403,manifest,"Client error '403 ' for url 'https://openapiproext.bnf.fr/iiif/presentation/v3/ark:/12148/bpt6k67392021/manifest.json'
For more information check: https://developer.mozilla.org/en-US/docs/Web/HTTP/Status/403",2026-07-17T15:27:44.497959
echoran,bpt6k6739203f,,failed,0,0,,http_manifest,known,403,manifest,"Client error '403 ' for url 'https://openapiproext.bnf.fr/iiif/presentation/v3/ark:/12148/bpt6k6739203f/manifest.json'
For more information check: https://developer.mozilla.org/en-US/docs/Web/HTTP/Status/403",2026-07-17T15:27:45.712176
echoran,bpt6k6739204v,,failed,0,0,,http_manifest,known,403,manifest,"Client error '403 ' for url 'https://openapiproext.bnf.fr/iiif/presentation/v3/ark:/12148/bpt6k6739204v/manifest.json'
For more information check: https://developer.mozilla.org/en-US/docs/Web/HTTP/Status/403",2026-07-17T15:27:46.902026
echoran,bpt6k67392058,,failed,0,0,,http_manifest,known,403,manifest,"Client error '403 ' for url 'https://openapiproext.bnf.fr/iiif/presentation/v3/ark:/12148/bpt6k67392058/manifest.json'
For more information check: https://developer.mozilla.org/en-US/docs/Web/HTTP/Status/403",2026-07-17T15:27:48.100187
echoran,bpt6k6739206p,,failed,0,0,,http_manifest,known,403,manifest,"Client error '403 ' for url 'https://openapiproext.bnf.fr/iiif/presentation/v3/ark:/12148/bpt6k6739206p/manifest.json'
For more information check: https://developer.mozilla.org/en-US/docs/Web/HTTP/Status/403",2026-07-17T15:27:49.304990
echoran,bpt6k67392073,,failed,0,0,,http_manifest,known,403,manifest,"Client error '403 ' for url 'https://openapiproext.bnf.fr/iiif/presentation/v3/ark:/12148/bpt6k67392073/manifest.json'
For more information check: https://developer.mozilla.org/en-US/docs/Web/HTTP/Status/403",2026-07-17T15:27:50.516614
echoran,bpt6k6739208h,,failed,0,0,,http_manifest,known,403,manifest,"Client error '403 ' for url 'https://openapiproext.bnf.fr/iiif/presentation/v3/ark:/12148/bpt6k6739208h/manifest.json'
For more information check: https://developer.mozilla.org/en-US/docs/Web/HTTP/Status/403",2026-07-17T15:27:51.708135
echoran,bpt6k6739209x,,failed,0,0,,http_manifest,known,403,manifest,"Client error '403 ' for url 'https://openapiproext.bnf.fr/iiif/presentation/v3/ark:/12148/bpt6k6739209x/manifest.json'
For more information check: https://developer.mozilla.org/en-US/docs/Web/HTTP/Status/403",2026-07-17T15:27:52.905960
echoran,bpt6k6739210k,,failed,0,0,,http_manifest,known,403,manifest,"Client error '403 ' for url 'https://openapiproext.bnf.fr/iiif/presentation/v3/ark:/12148/bpt6k6739210k/manifest.json'
For more information check: https://developer.mozilla.org/en-US/docs/Web/HTTP/Status/403",2026-07-17T15:27:54.106855
echoran,bpt6k67392110,,failed,0,0,,http_manifest,known,403,manifest,"Client error '403 ' for url 'https://openapiproext.bnf.fr/iiif/presentation/v3/ark:/12148/bpt6k67392110/manifest.json'
For more information check: https://developer.mozilla.org/en-US/docs/Web/HTTP/Status/403",2026-07-17T15:27:55.310417
echoran,bpt6k6739212d,,failed,0,0,,http_manifest,known,403,manifest,"Client error '403 ' for url 'https://openapiproext.bnf.fr/iiif/presentation/v3/ark:/12148/bpt6k6739212d/manifest.json'
For more information check: https://developer.mozilla.org/en-US/docs/Web/HTTP/Status/403",2026-07-17T15:27:56.513113
echoran,bpt6k6739213t,,failed,0,0,,http_manifest,known,403,manifest,"Client error '403 ' for url 'https://openapiproext.bnf.fr/iiif/presentation/v3/ark:/12148/bpt6k6739213t/manifest.json'
For more information check: https://developer.mozilla.org/en-US/docs/Web/HTTP/Status/403",2026-07-17T15:27:57.922382
echoran,bpt6k67392147,,failed,0,0,,http_manifest,known,403,manifest,"Client error '403 ' for url 'https://openapiproext.bnf.fr/iiif/presentation/v3/ark:/12148/bpt6k67392147/manifest.json'
For more information check: https://developer.mozilla.org/en-US/docs/Web/HTTP/Status/403",2026-07-17T15:27:58.913981
echoran,bpt6k6739215n,,failed,0,0,,http_manifest,known,403,manifest,"Client error '403 ' for url 'https://openapiproext.bnf.fr/iiif/presentation/v3/ark:/12148/bpt6k6739215n/manifest.json'
For more information check: https://developer.mozilla.org/en-US/docs/Web/HTTP/Status/403",2026-07-17T15:28:00.210057
echoran,bpt6k67392162,,failed,0,0,,http_manifest,known,403,manifest,"Client error '403 ' for url 'https://openapiproext.bnf.fr/iiif/presentation/v3/ark:/12148/bpt6k67392162/manifest.json'
For more information check: https://developer.mozilla.org/en-US/docs/Web/HTTP/Status/403",2026-07-17T15:28:01.530906
echoran,bpt6k6739217g,,failed,0,0,,http_manifest,known,403,manifest,"Client error '403 ' for url 'https://openapiproext.bnf.fr/iiif/presentation/v3/ark:/12148/bpt6k6739217g/manifest.json'
For more information check: https://developer.mozilla.org/en-US/docs/Web/HTTP/Status/403",2026-07-17T15:28:02.518304
echoran,bpt6k6739218w,,failed,0,0,,http_manifest,known,403,manifest,"Client error '403 ' for url 'https://openapiproext.bnf.fr/iiif/presentation/v3/ark:/12148/bpt6k6739218w/manifest.json'
For more information check: https://developer.mozilla.org/en-US/docs/Web/HTTP/Status/403",2026-07-17T15:28:03.718274
echoran,bpt6k67392199,,failed,0,0,,http_manifest,known,403,manifest,"Client error '403 ' for url 'https://openapiproext.bnf.fr/iiif/presentation/v3/ark:/12148/bpt6k67392199/manifest.json'
For more information check: https://developer.mozilla.org/en-US/docs/Web/HTTP/Status/403",2026-07-17T15:28:04.925504
echoran,bpt6k6739220z,,failed,0,0,,http_manifest,known,403,manifest,"Client error '403 ' for url 'https://openapiproext.bnf.fr/iiif/presentation/v3/ark:/12148/bpt6k6739220z/manifest.json'
For more information check: https://developer.mozilla.org/en-US/docs/Web/HTTP/Status/403",2026-07-17T15:28:06.130874
echoran,bpt6k6739221c,,failed,0,0,,http_manifest,known,403,manifest,"Client error '403 ' for url 'https://openapiproext.bnf.fr/iiif/presentation/v3/ark:/12148/bpt6k6739221c/manifest.json'
For more information check: https://developer.mozilla.org/en-US/docs/Web/HTTP/Status/403",2026-07-17T15:28:07.392678
echoran,bpt6k6739222s,,failed,0,0,,http_manifest,known,403,manifest,"Client error '403 ' for url 'https://openapiproext.bnf.fr/iiif/presentation/v3/ark:/12148/bpt6k6739222s/manifest.json'
For more information check: https://developer.mozilla.org/en-US/docs/Web/HTTP/Status/403",2026-07-17T15:28:08.527344
echoran,bpt6k67392236,,failed,0,0,,http_manifest,known,403,manifest,"Client error '403 ' for url 'https://openapiproext.bnf.fr/iiif/presentation/v3/ark:/12148/bpt6k67392236/manifest.json'
For more information check: https://developer.mozilla.org/en-US/docs/Web/HTTP/Status/403",2026-07-17T15:28:09.727922
echoran,bpt6k6739224m,,failed,0,0,,http_manifest,known,403,manifest,"Client error '403 ' for url 'https://openapiproext.bnf.fr/iiif/presentation/v3/ark:/12148/bpt6k6739224m/manifest.json'
For more information check: https://developer.mozilla.org/en-US/docs/Web/HTTP/Status/403",2026-07-17T15:28:11.076017
echoran,bpt6k67392251,,failed,0,0,,http_manifest,known,403,manifest,"Client error '403 ' for url 'https://openapiproext.bnf.fr/iiif/presentation/v3/ark:/12148/bpt6k67392251/manifest.json'
For more information check: https://developer.mozilla.org/en-US/docs/Web/HTTP/Status/403",2026-07-17T15:28:12.247367
echoran,bpt6k6739226f,,failed,0,0,,http_manifest,known,403,manifest,"Client error '403 ' for url 'https://openapiproext.bnf.fr/iiif/presentation/v3/ark:/12148/bpt6k6739226f/manifest.json'
For more information check: https://developer.mozilla.org/en-US/docs/Web/HTTP/Status/403",2026-07-17T15:28:13.617764
echoran,bpt6k6739227v,,failed,0,0,,http_manifest,known,403,manifest,"Client error '403 ' for url 'https://openapiproext.bnf.fr/iiif/presentation/v3/ark:/12148/bpt6k6739227v/manifest.json'
For more information check: https://developer.mozilla.org/en-US/docs/Web/HTTP/Status/403",2026-07-17T15:28:14.872536
echoran,bpt6k67392288,,failed,0,0,,http_manifest,known,403,manifest,"Client error '403 ' for url 'https://openapiproext.bnf.fr/iiif/presentation/v3/ark:/12148/bpt6k67392288/manifest.json'
For more information check: https://developer.mozilla.org/en-US/docs/Web/HTTP/Status/403",2026-07-17T15:28:15.736435
echoran,bpt6k6739229p,,failed,0,0,,http_manifest,known,403,manifest,"Client error '403 ' for url 'https://openapiproext.bnf.fr/iiif/presentation/v3/ark:/12148/bpt6k6739229p/manifest.json'
For more information check: https://developer.mozilla.org/en-US/docs/Web/HTTP/Status/403",2026-07-17T15:28:16.968389
echoran,bpt6k6739230b,,failed,0,0,,http_manifest,known,403,manifest,"Client error '403 ' for url 'https://openapiproext.bnf.fr/iiif/presentation/v3/ark:/12148/bpt6k6739230b/manifest.json'
For more information check: https://developer.mozilla.org/en-US/docs/Web/HTTP/Status/403",2026-07-17T15:28:18.186013
echoran,bpt6k6739231r,,failed,0,0,,http_manifest,known,403,manifest,"Client error '403 ' for url 'https://openapiproext.bnf.fr/iiif/presentation/v3/ark:/12148/bpt6k6739231r/manifest.json'
For more information check: https://developer.mozilla.org/en-US/docs/Web/HTTP/Status/403",2026-07-17T15:28:19.343600
echoran,bpt6k67392325,,failed,0,0,,http_manifest,known,403,manifest,"Client error '403 ' for url 'https://openapiproext.bnf.fr/iiif/presentation/v3/ark:/12148/bpt6k67392325/manifest.json'
For more information check: https://developer.mozilla.org/en-US/docs/Web/HTTP/Status/403",2026-07-17T15:28:20.549247
echoran,bpt6k6739233k,,failed,0,0,,http_manifest,known,403,manifest,"Client error '403 ' for url 'https://openapiproext.bnf.fr/iiif/presentation/v3/ark:/12148/bpt6k6739233k/manifest.json'
For more information check: https://developer.mozilla.org/en-US/docs/Web/HTTP/Status/403",2026-07-17T15:28:21.743960
echoran,bpt6k67392340,,failed,0,0,,http_manifest,known,403,manifest,"Client error '403 ' for url 'https://openapiproext.bnf.fr/iiif/presentation/v3/ark:/12148/bpt6k67392340/manifest.json'
For more information check: https://developer.mozilla.org/en-US/docs/Web/HTTP/Status/403",2026-07-17T15:28:22.948221
echoran,bpt6k6739235d,,failed,0,0,,http_manifest,known,403,manifest,"Client error '403 ' for url 'https://openapiproext.bnf.fr/iiif/presentation/v3/ark:/12148/bpt6k6739235d/manifest.json'
For more information check: https://developer.mozilla.org/en-US/docs/Web/HTTP/Status/403",2026-07-17T15:28:24.151375
echoran,bpt6k6739236t,,failed,0,0,,http_manifest,known,403,manifest,"Client error '403 ' for url 'https://openapiproext.bnf.fr/iiif/presentation/v3/ark:/12148/bpt6k6739236t/manifest.json'
For more information check: https://developer.mozilla.org/en-US/docs/Web/HTTP/Status/403",2026-07-17T15:28:25.345021
echoran,bpt6k67392377,,failed,0,0,,http_manifest,known,403,manifest,"Client error '403 ' for url 'https://openapiproext.bnf.fr/iiif/presentation/v3/ark:/12148/bpt6k67392377/manifest.json'
For more information check: https://developer.mozilla.org/en-US/docs/Web/HTTP/Status/403",2026-07-17T15:28:26.549248
echoran,bpt6k6739238n,,failed,0,0,,http_manifest,known,403,manifest,"Client error '403 ' for url 'https://openapiproext.bnf.fr/iiif/presentation/v3/ark:/12148/bpt6k6739238n/manifest.json'
For more information check: https://developer.mozilla.org/en-US/docs/Web/HTTP/Status/403",2026-07-17T15:28:27.754459
echoran,bpt6k67392392,,failed,0,0,,http_manifest,known,403,manifest,"Client error '403 ' for url 'https://openapiproext.bnf.fr/iiif/presentation/v3/ark:/12148/bpt6k67392392/manifest.json'
For more information check: https://developer.mozilla.org/en-US/docs/Web/HTTP/Status/403",2026-07-17T15:28:28.979569
echoran,bpt6k6739240q,,failed,0,0,,http_manifest,known,403,manifest,"Client error '403 ' for url 'https://openapiproext.bnf.fr/iiif/presentation/v3/ark:/12148/bpt6k6739240q/manifest.json'
For more information check: https://developer.mozilla.org/en-US/docs/Web/HTTP/Status/403",2026-07-17T15:28:30.153953
echoran,bpt6k67392414,,failed,0,0,,http_manifest,known,403,manifest,"Client error '403 ' for url 'https://openapiproext.bnf.fr/iiif/presentation/v3/ark:/12148/bpt6k67392414/manifest.json'
For more information check: https://developer.mozilla.org/en-US/docs/Web/HTTP/Status/403",2026-07-17T15:28:31.356732
echoran,bpt6k6739242j,,failed,0,0,,http_manifest,known,403,manifest,"Client error '403 ' for url 'https://openapiproext.bnf.fr/iiif/presentation/v3/ark:/12148/bpt6k6739242j/manifest.json'
For more information check: https://developer.mozilla.org/en-US/docs/Web/HTTP/Status/403",2026-07-17T15:28:32.560567
echoran,bpt6k6739243z,,failed,0,0,,http_manifest,known,403,manifest,"Client error '403 ' for url 'https://openapiproext.bnf.fr/iiif/presentation/v3/ark:/12148/bpt6k6739243z/manifest.json'
For more information check: https://developer.mozilla.org/en-US/docs/Web/HTTP/Status/403",2026-07-17T15:28:33.772525
echoran,bpt6k6739244c,,failed,0,0,,http_manifest,known,403,manifest,"Client error '403 ' for url 'https://openapiproext.bnf.fr/iiif/presentation/v3/ark:/12148/bpt6k6739244c/manifest.json'
For more information check: https://developer.mozilla.org/en-US/docs/Web/HTTP/Status/403",2026-07-17T15:28:34.996186
echoran,bpt6k6739245s,,failed,0,0,,http_manifest,known,403,manifest,"Client error '403 ' for url 'https://openapiproext.bnf.fr/iiif/presentation/v3/ark:/12148/bpt6k6739245s/manifest.json'
For more information check: https://developer.mozilla.org/en-US/docs/Web/HTTP/Status/403",2026-07-17T15:28:36.173909
echoran,bpt6k67392466,,failed,0,0,,http_manifest,known,403,manifest,"Client error '403 ' for url 'https://openapiproext.bnf.fr/iiif/presentation/v3/ark:/12148/bpt6k67392466/manifest.json'
For more information check: https://developer.mozilla.org/en-US/docs/Web/HTTP/Status/403",2026-07-17T15:28:37.368421
echoran,bpt6k6739247m,,failed,0,0,,http_manifest,known,403,manifest,"Client error '403 ' for url 'https://openapiproext.bnf.fr/iiif/presentation/v3/ark:/12148/bpt6k6739247m/manifest.json'
For more information check: https://developer.mozilla.org/en-US/docs/Web/HTTP/Status/403",2026-07-17T15:28:38.571833
echoran,bpt6k67392481,,failed,0,0,,http_manifest,known,403,manifest,"Client error '403 ' for url 'https://openapiproext.bnf.fr/iiif/presentation/v3/ark:/12148/bpt6k67392481/manifest.json'
For more information check: https://developer.mozilla.org/en-US/docs/Web/HTTP/Status/403",2026-07-17T15:28:39.773512
echoran,bpt6k6739249f,,failed,0,0,,http_manifest,known,403,manifest,"Client error '403 ' for url 'https://openapiproext.bnf.fr/iiif/presentation/v3/ark:/12148/bpt6k6739249f/manifest.json'
For more information check: https://developer.mozilla.org/en-US/docs/Web/HTTP/Status/403",2026-07-17T15:28:40.977993
echoran,bpt6k67392503,,failed,0,0,,http_manifest,known,403,manifest,"Client error '403 ' for url 'https://openapiproext.bnf.fr/iiif/presentation/v3/ark:/12148/bpt6k67392503/manifest.json'
For more information check: https://developer.mozilla.org/en-US/docs/Web/HTTP/Status/403",2026-07-17T15:28:42.175144
echoran,bpt6k6739251h,,failed,0,0,,http_manifest,known,403,manifest,"Client error '403 ' for url 'https://openapiproext.bnf.fr/iiif/presentation/v3/ark:/12148/bpt6k6739251h/manifest.json'
For more information check: https://developer.mozilla.org/en-US/docs/Web/HTTP/Status/403",2026-07-17T15:28:43.375031
echoran,bpt6k6739252x,,failed,0,0,,http_manifest,known,403,manifest,"Client error '403 ' for url 'https://openapiproext.bnf.fr/iiif/presentation/v3/ark:/12148/bpt6k6739252x/manifest.json'
For more information check: https://developer.mozilla.org/en-US/docs/Web/HTTP/Status/403",2026-07-17T15:28:44.585826
echoran,bpt6k6739253b,,failed,0,0,,http_manifest,known,403,manifest,"Client error '403 ' for url 'https://openapiproext.bnf.fr/iiif/presentation/v3/ark:/12148/bpt6k6739253b/manifest.json'
For more information check: https://developer.mozilla.org/en-US/docs/Web/HTTP/Status/403",2026-07-17T15:28:45.778639
echoran,bpt6k6739254r,,failed,0,0,,http_manifest,known,403,manifest,"Client error '403 ' for url 'https://openapiproext.bnf.fr/iiif/presentation/v3/ark:/12148/bpt6k6739254r/manifest.json'
For more information check: https://developer.mozilla.org/en-US/docs/Web/HTTP/Status/403",2026-07-17T15:28:47.002643
echoran,bpt6k67392555,,failed,0,0,,http_manifest,known,403,manifest,"Client error '403 ' for url 'https://openapiproext.bnf.fr/iiif/presentation/v3/ark:/12148/bpt6k67392555/manifest.json'
For more information check: https://developer.mozilla.org/en-US/docs/Web/HTTP/Status/403",2026-07-17T15:28:48.178521
echoran,bpt6k6739256k,,failed,0,0,,http_manifest,known,403,manifest,"Client error '403 ' for url 'https://openapiproext.bnf.fr/iiif/presentation/v3/ark:/12148/bpt6k6739256k/manifest.json'
For more information check: https://developer.mozilla.org/en-US/docs/Web/HTTP/Status/403",2026-07-17T15:28:49.379957
echoran,bpt6k67392570,,failed,0,0,,http_manifest,known,403,manifest,"Client error '403 ' for url 'https://openapiproext.bnf.fr/iiif/presentation/v3/ark:/12148/bpt6k67392570/manifest.json'
For more information check: https://developer.mozilla.org/en-US/docs/Web/HTTP/Status/403",2026-07-17T15:28:50.595960
echoran,bpt6k6739258d,,failed,0,0,,http_manifest,known,403,manifest,"Client error '403 ' for url 'https://openapiproext.bnf.fr/iiif/presentation/v3/ark:/12148/bpt6k6739258d/manifest.json'
For more information check: https://developer.mozilla.org/en-US/docs/Web/HTTP/Status/403",2026-07-17T15:28:51.794701
echoran,bpt6k6739259t,,failed,0,0,,http_manifest,known,403,manifest,"Client error '403 ' for url 'https://openapiproext.bnf.fr/iiif/presentation/v3/ark:/12148/bpt6k6739259t/manifest.json'
For more information check: https://developer.mozilla.org/en-US/docs/Web/HTTP/Status/403",2026-07-17T15:28:52.985864
echoran,bpt6k6739260g,,failed,0,0,,http_manifest,known,403,manifest,"Client error '403 ' for url 'https://openapiproext.bnf.fr/iiif/presentation/v3/ark:/12148/bpt6k6739260g/manifest.json'
For more information check: https://developer.mozilla.org/en-US/docs/Web/HTTP/Status/403",2026-07-17T15:28:54.192324
echoran,bpt6k6739261w,,failed,0,0,,http_manifest,known,403,manifest,"Client error '403 ' for url 'https://openapiproext.bnf.fr/iiif/presentation/v3/ark:/12148/bpt6k6739261w/manifest.json'
For more information check: https://developer.mozilla.org/en-US/docs/Web/HTTP/Status/403",2026-07-17T15:28:55.393914
echoran,bpt6k67392629,,failed,0,0,,http_manifest,known,403,manifest,"Client error '403 ' for url 'https://openapiproext.bnf.fr/iiif/presentation/v3/ark:/12148/bpt6k67392629/manifest.json'
For more information check: https://developer.mozilla.org/en-US/docs/Web/HTTP/Status/403",2026-07-17T15:28:56.592115
echoran,bpt6k6739263q,,failed,0,0,,http_manifest,known,403,manifest,"Client error '403 ' for url 'https://openapiproext.bnf.fr/iiif/presentation/v3/ark:/12148/bpt6k6739263q/manifest.json'
For more information check: https://developer.mozilla.org/en-US/docs/Web/HTTP/Status/403",2026-07-17T15:28:57.855363
echoran,bpt6k67392644,,failed,0,0,,http_manifest,known,403,manifest,"Client error '403 ' for url 'https://openapiproext.bnf.fr/iiif/presentation/v3/ark:/12148/bpt6k67392644/manifest.json'
For more information check: https://developer.mozilla.org/en-US/docs/Web/HTTP/Status/403",2026-07-17T15:28:59.223250
echoran,bpt6k6739265j,,failed,0,0,,http_manifest,known,403,manifest,"Client error '403 ' for url 'https://openapiproext.bnf.fr/iiif/presentation/v3/ark:/12148/bpt6k6739265j/manifest.json'
For more information check: https://developer.mozilla.org/en-US/docs/Web/HTTP/Status/403",2026-07-17T15:29:00.204673
echoran,bpt6k6739266z,,failed,0,0,,http_manifest,known,403,manifest,"Client error '403 ' for url 'https://openapiproext.bnf.fr/iiif/presentation/v3/ark:/12148/bpt6k6739266z/manifest.json'
For more information check: https://developer.mozilla.org/en-US/docs/Web/HTTP/Status/403",2026-07-17T15:29:01.665996
echoran,bpt6k6739267c,,failed,0,0,,http_manifest,known,403,manifest,"Client error '403 ' for url 'https://openapiproext.bnf.fr/iiif/presentation/v3/ark:/12148/bpt6k6739267c/manifest.json'
For more information check: https://developer.mozilla.org/en-US/docs/Web/HTTP/Status/403",2026-07-17T15:29:02.602574
echoran,bpt6k6739268s,,failed,0,0,,http_manifest,known,403,manifest,"Client error '403 ' for url 'https://openapiproext.bnf.fr/iiif/presentation/v3/ark:/12148/bpt6k6739268s/manifest.json'
For more information check: https://developer.mozilla.org/en-US/docs/Web/HTTP/Status/403",2026-07-17T15:29:03.833758
echoran,bpt6k67392696,,failed,0,0,,http_manifest,known,403,manifest,"Client error '403 ' for url 'https://openapiproext.bnf.fr/iiif/presentation/v3/ark:/12148/bpt6k67392696/manifest.json'
For more information check: https://developer.mozilla.org/en-US/docs/Web/HTTP/Status/403",2026-07-17T15:29:05.073182
echoran,bpt6k6739270v,,failed,0,0,,http_manifest,known,403,manifest,"Client error '403 ' for url 'https://openapiproext.bnf.fr/iiif/presentation/v3/ark:/12148/bpt6k6739270v/manifest.json'
For more information check: https://developer.mozilla.org/en-US/docs/Web/HTTP/Status/403",2026-07-17T15:29:06.256399
echoran,bpt6k67392718,,failed,0,0,,http_manifest,known,403,manifest,"Client error '403 ' for url 'https://openapiproext.bnf.fr/iiif/presentation/v3/ark:/12148/bpt6k67392718/manifest.json'
For more information check: https://developer.mozilla.org/en-US/docs/Web/HTTP/Status/403",2026-07-17T15:29:07.420103
echoran,bpt6k6739272p,,failed,0,0,,http_manifest,known,403,manifest,"Client error '403 ' for url 'https://openapiproext.bnf.fr/iiif/presentation/v3/ark:/12148/bpt6k6739272p/manifest.json'
For more information check: https://developer.mozilla.org/en-US/docs/Web/HTTP/Status/403",2026-07-17T15:29:08.616995
echoran,bpt6k67392733,,failed,0,0,,http_manifest,known,403,manifest,"Client error '403 ' for url 'https://openapiproext.bnf.fr/iiif/presentation/v3/ark:/12148/bpt6k67392733/manifest.json'
For more information check: https://developer.mozilla.org/en-US/docs/Web/HTTP/Status/403",2026-07-17T15:29:09.821958
echoran,bpt6k6739274h,,failed,0,0,,http_manifest,known,403,manifest,"Client error '403 ' for url 'https://openapiproext.bnf.fr/iiif/presentation/v3/ark:/12148/bpt6k6739274h/manifest.json'
For more information check: https://developer.mozilla.org/en-US/docs/Web/HTTP/Status/403",2026-07-17T15:29:11.170829
echoran,bpt6k6739275x,,failed,0,0,,http_manifest,known,403,manifest,"Client error '403 ' for url 'https://openapiproext.bnf.fr/iiif/presentation/v3/ark:/12148/bpt6k6739275x/manifest.json'
For more information check: https://developer.mozilla.org/en-US/docs/Web/HTTP/Status/403",2026-07-17T15:29:12.328531
echoran,bpt6k6739276b,,failed,0,0,,http_manifest,known,403,manifest,"Client error '403 ' for url 'https://openapiproext.bnf.fr/iiif/presentation/v3/ark:/12148/bpt6k6739276b/manifest.json'
For more information check: https://developer.mozilla.org/en-US/docs/Web/HTTP/Status/403",2026-07-17T15:29:13.583125
echoran,bpt6k6739277r,,failed,0,0,,http_manifest,known,403,manifest,"Client error '403 ' for url 'https://openapiproext.bnf.fr/iiif/presentation/v3/ark:/12148/bpt6k6739277r/manifest.json'
For more information check: https://developer.mozilla.org/en-US/docs/Web/HTTP/Status/403",2026-07-17T15:29:14.627465
echoran,bpt6k67392785,,failed,0,0,,http_manifest,known,403,manifest,"Client error '403 ' for url 'https://openapiproext.bnf.fr/iiif/presentation/v3/ark:/12148/bpt6k67392785/manifest.json'
For more information check: https://developer.mozilla.org/en-US/docs/Web/HTTP/Status/403",2026-07-17T15:29:16.012983
echoran,bpt6k6739279k,,failed,0,0,,http_manifest,known,403,manifest,"Client error '403 ' for url 'https://openapiproext.bnf.fr/iiif/presentation/v3/ark:/12148/bpt6k6739279k/manifest.json'
For more information check: https://developer.mozilla.org/en-US/docs/Web/HTTP/Status/403",2026-07-17T15:29:17.243900
echoran,bpt6k67392807,,failed,0,0,,http_manifest,known,403,manifest,"Client error '403 ' for url 'https://openapiproext.bnf.fr/iiif/presentation/v3/ark:/12148/bpt6k67392807/manifest.json'
For more information check: https://developer.mozilla.org/en-US/docs/Web/HTTP/Status/403",2026-07-17T15:29:18.421507
echoran,bpt6k6739281n,,failed,0,0,,http_manifest,known,403,manifest,"Client error '403 ' for url 'https://openapiproext.bnf.fr/iiif/presentation/v3/ark:/12148/bpt6k6739281n/manifest.json'
For more information check: https://developer.mozilla.org/en-US/docs/Web/HTTP/Status/403",2026-07-17T15:29:19.437437
echoran,bpt6k67392822,,failed,0,0,,http_manifest,known,403,manifest,"Client error '403 ' for url 'https://openapiproext.bnf.fr/iiif/presentation/v3/ark:/12148/bpt6k67392822/manifest.json'
For more information check: https://developer.mozilla.org/en-US/docs/Web/HTTP/Status/403",2026-07-17T15:29:20.627641
echoran,bpt6k6739283g,,failed,0,0,,http_manifest,known,403,manifest,"Client error '403 ' for url 'https://openapiproext.bnf.fr/iiif/presentation/v3/ark:/12148/bpt6k6739283g/manifest.json'
For more information check: https://developer.mozilla.org/en-US/docs/Web/HTTP/Status/403",2026-07-17T15:29:21.826976
echoran,bpt6k6739284w,,failed,0,0,,http_manifest,known,403,manifest,"Client error '403 ' for url 'https://openapiproext.bnf.fr/iiif/presentation/v3/ark:/12148/bpt6k6739284w/manifest.json'
For more information check: https://developer.mozilla.org/en-US/docs/Web/HTTP/Status/403",2026-07-17T15:29:23.058602
echoran,bpt6k67392859,,failed,0,0,,http_manifest,known,403,manifest,"Client error '403 ' for url 'https://openapiproext.bnf.fr/iiif/presentation/v3/ark:/12148/bpt6k67392859/manifest.json'
For more information check: https://developer.mozilla.org/en-US/docs/Web/HTTP/Status/403",2026-07-17T15:29:24.242049
echoran,bpt6k6739286q,,failed,0,0,,http_manifest,known,403,manifest,"Client error '403 ' for url 'https://openapiproext.bnf.fr/iiif/presentation/v3/ark:/12148/bpt6k6739286q/manifest.json'
For more information check: https://developer.mozilla.org/en-US/docs/Web/HTTP/Status/403",2026-07-17T15:29:25.440265
echoran,bpt6k67392874,,failed,0,0,,http_manifest,known,403,manifest,"Client error '403 ' for url 'https://openapiproext.bnf.fr/iiif/presentation/v3/ark:/12148/bpt6k67392874/manifest.json'
For more information check: https://developer.mozilla.org/en-US/docs/Web/HTTP/Status/403",2026-07-17T15:29:26.633861
echoran,bpt6k6739288j,,failed,0,0,,http_manifest,known,403,manifest,"Client error '403 ' for url 'https://openapiproext.bnf.fr/iiif/presentation/v3/ark:/12148/bpt6k6739288j/manifest.json'
For more information check: https://developer.mozilla.org/en-US/docs/Web/HTTP/Status/403",2026-07-17T15:29:27.838445
echoran,bpt6k6739289z,,failed,0,0,,http_manifest,known,403,manifest,"Client error '403 ' for url 'https://openapiproext.bnf.fr/iiif/presentation/v3/ark:/12148/bpt6k6739289z/manifest.json'
For more information check: https://developer.mozilla.org/en-US/docs/Web/HTTP/Status/403",2026-07-17T15:29:29.063214
echoran,bpt6k6739290m,,failed,0,0,,http_manifest,known,403,manifest,"Client error '403 ' for url 'https://openapiproext.bnf.fr/iiif/presentation/v3/ark:/12148/bpt6k6739290m/manifest.json'
For more information check: https://developer.mozilla.org/en-US/docs/Web/HTTP/Status/403",2026-07-17T15:29:30.236919
echoran,bpt6k67392911,,failed,0,0,,http_manifest,known,403,manifest,"Client error '403 ' for url 'https://openapiproext.bnf.fr/iiif/presentation/v3/ark:/12148/bpt6k67392911/manifest.json'
For more information check: https://developer.mozilla.org/en-US/docs/Web/HTTP/Status/403",2026-07-17T15:29:31.446409
echoran,bpt6k6739292f,,failed,0,0,,http_manifest,known,403,manifest,"Client error '403 ' for url 'https://openapiproext.bnf.fr/iiif/presentation/v3/ark:/12148/bpt6k6739292f/manifest.json'
For more information check: https://developer.mozilla.org/en-US/docs/Web/HTTP/Status/403",2026-07-17T15:29:32.643739
echoran,bpt6k6739293v,,failed,0,0,,http_manifest,known,403,manifest,"Client error '403 ' for url 'https://openapiproext.bnf.fr/iiif/presentation/v3/ark:/12148/bpt6k6739293v/manifest.json'
For more information check: https://developer.mozilla.org/en-US/docs/Web/HTTP/Status/403",2026-07-17T15:29:33.853811
echoran,bpt6k67392948,,failed,0,0,,http_manifest,known,403,manifest,"Client error '403 ' for url 'https://openapiproext.bnf.fr/iiif/presentation/v3/ark:/12148/bpt6k67392948/manifest.json'
For more information check: https://developer.mozilla.org/en-US/docs/Web/HTTP/Status/403",2026-07-17T15:29:35.071177
echoran,bpt6k6739295p,,failed,0,0,,http_manifest,known,403,manifest,"Client error '403 ' for url 'https://openapiproext.bnf.fr/iiif/presentation/v3/ark:/12148/bpt6k6739295p/manifest.json'
For more information check: https://developer.mozilla.org/en-US/docs/Web/HTTP/Status/403",2026-07-17T15:29:36.256511
echoran,bpt6k67392963,,failed,0,0,,http_manifest,known,403,manifest,"Client error '403 ' for url 'https://openapiproext.bnf.fr/iiif/presentation/v3/ark:/12148/bpt6k67392963/manifest.json'
For more information check: https://developer.mozilla.org/en-US/docs/Web/HTTP/Status/403",2026-07-17T15:29:37.448505
echoran,bpt6k6739297h,,failed,0,0,,http_manifest,known,403,manifest,"Client error '403 ' for url 'https://openapiproext.bnf.fr/iiif/presentation/v3/ark:/12148/bpt6k6739297h/manifest.json'
For more information check: https://developer.mozilla.org/en-US/docs/Web/HTTP/Status/403",2026-07-17T15:29:38.647989
echoran,bpt6k6739298x,,failed,0,0,,http_manifest,known,403,manifest,"Client error '403 ' for url 'https://openapiproext.bnf.fr/iiif/presentation/v3/ark:/12148/bpt6k6739298x/manifest.json'
For more information check: https://developer.mozilla.org/en-US/docs/Web/HTTP/Status/403",2026-07-17T15:29:39.846535
echoran,bpt6k6739299b,,failed,0,0,,http_manifest,known,403,manifest,"Client error '403 ' for url 'https://openapiproext.bnf.fr/iiif/presentation/v3/ark:/12148/bpt6k6739299b/manifest.json'
For more information check: https://developer.mozilla.org/en-US/docs/Web/HTTP/Status/403",2026-07-17T15:29:41.048388
echoran,bpt6k6739300j,,failed,0,0,,http_manifest,known,403,manifest,"Client error '403 ' for url 'https://openapiproext.bnf.fr/iiif/presentation/v3/ark:/12148/bpt6k6739300j/manifest.json'
For more information check: https://developer.mozilla.org/en-US/docs/Web/HTTP/Status/403",2026-07-17T15:29:42.251828
echoran,bpt6k6739301z,,failed,0,0,,http_manifest,known,403,manifest,"Client error '403 ' for url 'https://openapiproext.bnf.fr/iiif/presentation/v3/ark:/12148/bpt6k6739301z/manifest.json'
For more information check: https://developer.mozilla.org/en-US/docs/Web/HTTP/Status/403",2026-07-17T15:29:43.454917
echoran,bpt6k6739302c,,failed,0,0,,http_manifest,known,403,manifest,"Client error '403 ' for url 'https://openapiproext.bnf.fr/iiif/presentation/v3/ark:/12148/bpt6k6739302c/manifest.json'
For more information check: https://developer.mozilla.org/en-US/docs/Web/HTTP/Status/403",2026-07-17T15:29:44.655264
echoran,bpt6k6739303s,,failed,0,0,,http_manifest,known,403,manifest,"Client error '403 ' for url 'https://openapiproext.bnf.fr/iiif/presentation/v3/ark:/12148/bpt6k6739303s/manifest.json'
For more information check: https://developer.mozilla.org/en-US/docs/Web/HTTP/Status/403",2026-07-17T15:29:45.860363
echoran,bpt6k67393046,,failed,0,0,,http_manifest,known,403,manifest,"Client error '403 ' for url 'https://openapiproext.bnf.fr/iiif/presentation/v3/ark:/12148/bpt6k67393046/manifest.json'
For more information check: https://developer.mozilla.org/en-US/docs/Web/HTTP/Status/403",2026-07-17T15:29:47.087382
echoran,bpt6k6739305m,,failed,0,0,,http_manifest,known,403,manifest,"Client error '403 ' for url 'https://openapiproext.bnf.fr/iiif/presentation/v3/ark:/12148/bpt6k6739305m/manifest.json'
For more information check: https://developer.mozilla.org/en-US/docs/Web/HTTP/Status/403",2026-07-17T15:29:48.291178
echoran,bpt6k67393061,,failed,0,0,,http_manifest,known,403,manifest,"Client error '403 ' for url 'https://openapiproext.bnf.fr/iiif/presentation/v3/ark:/12148/bpt6k67393061/manifest.json'
For more information check: https://developer.mozilla.org/en-US/docs/Web/HTTP/Status/403",2026-07-17T15:29:49.459597
echoran,bpt6k6739307f,,failed,0,0,,http_manifest,known,403,manifest,"Client error '403 ' for url 'https://openapiproext.bnf.fr/iiif/presentation/v3/ark:/12148/bpt6k6739307f/manifest.json'
For more information check: https://developer.mozilla.org/en-US/docs/Web/HTTP/Status/403",2026-07-17T15:29:51.578802
echoran,bpt6k6739308v,,failed,0,0,,http_manifest,known,403,manifest,"Client error '403 ' for url 'https://openapiproext.bnf.fr/iiif/presentation/v3/ark:/12148/bpt6k6739308v/manifest.json'
For more information check: https://developer.mozilla.org/en-US/docs/Web/HTTP/Status/403",2026-07-17T15:29:52.783362
echoran,bpt6k67393098,,failed,0,0,,http_manifest,known,403,manifest,"Client error '403 ' for url 'https://openapiproext.bnf.fr/iiif/presentation/v3/ark:/12148/bpt6k67393098/manifest.json'
For more information check: https://developer.mozilla.org/en-US/docs/Web/HTTP/Status/403",2026-07-17T15:29:53.987431
echoran,bpt6k6739310x,,failed,0,0,,http_manifest,known,403,manifest,"Client error '403 ' for url 'https://openapiproext.bnf.fr/iiif/presentation/v3/ark:/12148/bpt6k6739310x/manifest.json'
For more information check: https://developer.mozilla.org/en-US/docs/Web/HTTP/Status/403",2026-07-17T15:29:55.187488
echoran,bpt6k6739311b,,failed,0,0,,http_manifest,known,403,manifest,"Client error '403 ' for url 'https://openapiproext.bnf.fr/iiif/presentation/v3/ark:/12148/bpt6k6739311b/manifest.json'
For more information check: https://developer.mozilla.org/en-US/docs/Web/HTTP/Status/403",2026-07-17T15:29:56.387108
echoran,bpt6k6739312r,,failed,0,0,,http_manifest,known,403,manifest,"Client error '403 ' for url 'https://openapiproext.bnf.fr/iiif/presentation/v3/ark:/12148/bpt6k6739312r/manifest.json'
For more information check: https://developer.mozilla.org/en-US/docs/Web/HTTP/Status/403",2026-07-17T15:29:57.682430
echoran,bpt6k67393135,,failed,0,0,,http_manifest,known,403,manifest,"Client error '403 ' for url 'https://openapiproext.bnf.fr/iiif/presentation/v3/ark:/12148/bpt6k67393135/manifest.json'
For more information check: https://developer.mozilla.org/en-US/docs/Web/HTTP/Status/403",2026-07-17T15:29:58.822370
echoran,bpt6k6739314k,,failed,0,0,,http_manifest,known,403,manifest,"Client error '403 ' for url 'https://openapiproext.bnf.fr/iiif/presentation/v3/ark:/12148/bpt6k6739314k/manifest.json'
For more information check: https://developer.mozilla.org/en-US/docs/Web/HTTP/Status/403",2026-07-17T15:30:00.169743
echoran,bpt6k67393150,,failed,0,0,,http_manifest,known,403,manifest,"Client error '403 ' for url 'https://openapiproext.bnf.fr/iiif/presentation/v3/ark:/12148/bpt6k67393150/manifest.json'
For more information check: https://developer.mozilla.org/en-US/docs/Web/HTTP/Status/403",2026-07-17T15:30:01.320632
echoran,bpt6k6739316d,,failed,0,0,,http_manifest,known,403,manifest,"Client error '403 ' for url 'https://openapiproext.bnf.fr/iiif/presentation/v3/ark:/12148/bpt6k6739316d/manifest.json'
For more information check: https://developer.mozilla.org/en-US/docs/Web/HTTP/Status/403",2026-07-17T15:30:02.398336
echoran,bpt6k6739317t,,failed,0,0,,http_manifest,known,403,manifest,"Client error '403 ' for url 'https://openapiproext.bnf.fr/iiif/presentation/v3/ark:/12148/bpt6k6739317t/manifest.json'
For more information check: https://developer.mozilla.org/en-US/docs/Web/HTTP/Status/403",2026-07-17T15:30:03.656556
echoran,bpt6k67393187,,failed,0,0,,http_manifest,known,403,manifest,"Client error '403 ' for url 'https://openapiproext.bnf.fr/iiif/presentation/v3/ark:/12148/bpt6k67393187/manifest.json'
For more information check: https://developer.mozilla.org/en-US/docs/Web/HTTP/Status/403",2026-07-17T15:30:04.891034
echoran,bpt6k6739319n,,failed,0,0,,http_manifest,known,403,manifest,"Client error '403 ' for url 'https://openapiproext.bnf.fr/iiif/presentation/v3/ark:/12148/bpt6k6739319n/manifest.json'
For more information check: https://developer.mozilla.org/en-US/docs/Web/HTTP/Status/403",2026-07-17T15:30:06.267440
echoran,bpt6k67393209,,failed,0,0,,http_manifest,known,403,manifest,"Client error '403 ' for url 'https://openapiproext.bnf.fr/iiif/presentation/v3/ark:/12148/bpt6k67393209/manifest.json'
For more information check: https://developer.mozilla.org/en-US/docs/Web/HTTP/Status/403",2026-07-17T15:30:07.301970
echoran,bpt6k6739321q,,failed,0,0,,http_manifest,known,403,manifest,"Client error '403 ' for url 'https://openapiproext.bnf.fr/iiif/presentation/v3/ark:/12148/bpt6k6739321q/manifest.json'
For more information check: https://developer.mozilla.org/en-US/docs/Web/HTTP/Status/403",2026-07-17T15:30:08.574900
echoran,bpt6k67393224,,failed,0,0,,http_manifest,known,403,manifest,"Client error '403 ' for url 'https://openapiproext.bnf.fr/iiif/presentation/v3/ark:/12148/bpt6k67393224/manifest.json'
For more information check: https://developer.mozilla.org/en-US/docs/Web/HTTP/Status/403",2026-07-17T15:30:09.700940
echoran,bpt6k6739323j,,failed,0,0,,http_manifest,known,403,manifest,"Client error '403 ' for url 'https://openapiproext.bnf.fr/iiif/presentation/v3/ark:/12148/bpt6k6739323j/manifest.json'
For more information check: https://developer.mozilla.org/en-US/docs/Web/HTTP/Status/403",2026-07-17T15:30:10.971999
echoran,bpt6k6739324z,,failed,0,0,,http_manifest,known,403,manifest,"Client error '403 ' for url 'https://openapiproext.bnf.fr/iiif/presentation/v3/ark:/12148/bpt6k6739324z/manifest.json'
For more information check: https://developer.mozilla.org/en-US/docs/Web/HTTP/Status/403",2026-07-17T15:30:12.104839
echoran,bpt6k6739325c,,failed,0,0,,http_manifest,known,403,manifest,"Client error '403 ' for url 'https://openapiproext.bnf.fr/iiif/presentation/v3/ark:/12148/bpt6k6739325c/manifest.json'
For more information check: https://developer.mozilla.org/en-US/docs/Web/HTTP/Status/403",2026-07-17T15:30:13.386852
echoran,bpt6k6739326s,,failed,0,0,,http_manifest,known,403,manifest,"Client error '403 ' for url 'https://openapiproext.bnf.fr/iiif/presentation/v3/ark:/12148/bpt6k6739326s/manifest.json'
For more information check: https://developer.mozilla.org/en-US/docs/Web/HTTP/Status/403",2026-07-17T15:30:14.718110
echoran,bpt6k67393276,,failed,0,0,,http_manifest,known,403,manifest,"Client error '403 ' for url 'https://openapiproext.bnf.fr/iiif/presentation/v3/ark:/12148/bpt6k67393276/manifest.json'
For more information check: https://developer.mozilla.org/en-US/docs/Web/HTTP/Status/403",2026-07-17T15:30:15.734437
echoran,bpt6k6739328m,,failed,0,0,,http_manifest,known,403,manifest,"Client error '403 ' for url 'https://openapiproext.bnf.fr/iiif/presentation/v3/ark:/12148/bpt6k6739328m/manifest.json'
For more information check: https://developer.mozilla.org/en-US/docs/Web/HTTP/Status/403",2026-07-17T15:30:16.906674
echoran,bpt6k67393291,,failed,0,0,,http_manifest,known,403,manifest,"Client error '403 ' for url 'https://openapiproext.bnf.fr/iiif/presentation/v3/ark:/12148/bpt6k67393291/manifest.json'
For more information check: https://developer.mozilla.org/en-US/docs/Web/HTTP/Status/403",2026-07-17T15:30:18.110584
echoran,bpt6k6739330p,,failed,0,0,,http_manifest,known,403,manifest,"Client error '403 ' for url 'https://openapiproext.bnf.fr/iiif/presentation/v3/ark:/12148/bpt6k6739330p/manifest.json'
For more information check: https://developer.mozilla.org/en-US/docs/Web/HTTP/Status/403",2026-07-17T15:30:19.312636
echoran,bpt6k67393313,,failed,0,0,,http_manifest,known,403,manifest,"Client error '403 ' for url 'https://openapiproext.bnf.fr/iiif/presentation/v3/ark:/12148/bpt6k67393313/manifest.json'
For more information check: https://developer.mozilla.org/en-US/docs/Web/HTTP/Status/403",2026-07-17T15:30:20.513673
echoran,bpt6k6739332h,,failed,0,0,,http_manifest,known,403,manifest,"Client error '403 ' for url 'https://openapiproext.bnf.fr/iiif/presentation/v3/ark:/12148/bpt6k6739332h/manifest.json'
For more information check: https://developer.mozilla.org/en-US/docs/Web/HTTP/Status/403",2026-07-17T15:30:21.728362
echoran,bpt6k6739333x,,failed,0,0,,http_manifest,known,403,manifest,"Client error '403 ' for url 'https://openapiproext.bnf.fr/iiif/presentation/v3/ark:/12148/bpt6k6739333x/manifest.json'
For more information check: https://developer.mozilla.org/en-US/docs/Web/HTTP/Status/403",2026-07-17T15:30:22.914530
echoran,bpt6k6739334b,,failed,0,0,,http_manifest,known,403,manifest,"Client error '403 ' for url 'https://openapiproext.bnf.fr/iiif/presentation/v3/ark:/12148/bpt6k6739334b/manifest.json'
For more information check: https://developer.mozilla.org/en-US/docs/Web/HTTP/Status/403",2026-07-17T15:30:24.117749
echoran,bpt6k6739335r,,failed,0,0,,http_manifest,known,403,manifest,"Client error '403 ' for url 'https://openapiproext.bnf.fr/iiif/presentation/v3/ark:/12148/bpt6k6739335r/manifest.json'
For more information check: https://developer.mozilla.org/en-US/docs/Web/HTTP/Status/403",2026-07-17T15:30:25.322715
echoran,bpt6k67393365,,failed,0,0,,http_manifest,known,403,manifest,"Client error '403 ' for url 'https://openapiproext.bnf.fr/iiif/presentation/v3/ark:/12148/bpt6k67393365/manifest.json'
For more information check: https://developer.mozilla.org/en-US/docs/Web/HTTP/Status/403",2026-07-17T15:30:26.523226
echoran,bpt6k6739337k,,failed,0,0,,http_manifest,known,403,manifest,"Client error '403 ' for url 'https://openapiproext.bnf.fr/iiif/presentation/v3/ark:/12148/bpt6k6739337k/manifest.json'
For more information check: https://developer.mozilla.org/en-US/docs/Web/HTTP/Status/403",2026-07-17T15:30:27.736304
humanite,bpt6k2508774,,failed,0,0,,no_usable_pages,known,,,bpt6k2508774: no usable pages in manifest.,2026-07-17T15:30:28.584352
humanite,bpt6k2510187,,failed,0,0,,no_usable_pages,known,,,bpt6k2510187: no usable pages in manifest.,2026-07-17T15:30:28.712566
humanite,bpt6k252559t,,failed,0,0,,no_usable_pages,known,,,bpt6k252559t: no usable pages in manifest.,2026-07-17T15:30:28.833817
humanite,bpt6k252568s,,failed,0,0,,no_usable_pages,known,,,bpt6k252568s: no usable pages in manifest.,2026-07-17T15:30:28.984671
humanite,bpt6k2525750,,failed,0,0,,no_usable_pages,known,,,bpt6k2525750: no usable pages in manifest.,2026-07-17T15:30:29.123698
humanite,bpt6k252661f,,failed,0,0,,no_usable_pages,known,,,bpt6k252661f: no usable pages in manifest.,2026-07-17T15:30:29.256211
humanite,bd6t5617262,,failed,0,0,,http_manifest,known,403,manifest,"Client error '403 ' for url 'https://openapiproext.bnf.fr/iiif/presentation/v3/ark:/12148/bd6t5617262/manifest.json'
For more information check: https://developer.mozilla.org/en-US/docs/Web/HTTP/Status/403",2026-07-17T15:30:29.407525
humanite,bd6t561727d,,failed,0,0,,http_manifest,known,403,manifest,"Client error '403 ' for url 'https://openapiproext.bnf.fr/iiif/presentation/v3/ark:/12148/bd6t561727d/manifest.json'
For more information check: https://developer.mozilla.org/en-US/docs/Web/HTTP/Status/403",2026-07-17T15:30:30.612420
humanite,bd6t561728r,,failed,0,0,,http_manifest,known,403,manifest,"Client error '403 ' for url 'https://openapiproext.bnf.fr/iiif/presentation/v3/ark:/12148/bd6t561728r/manifest.json'
For more information check: https://developer.mozilla.org/en-US/docs/Web/HTTP/Status/403",2026-07-17T15:30:31.811657
humanite,bd6t5617293,,failed,0,0,,http_manifest,known,403,manifest,"Client error '403 ' for url 'https://openapiproext.bnf.fr/iiif/presentation/v3/ark:/12148/bd6t5617293/manifest.json'
For more information check: https://developer.mozilla.org/en-US/docs/Web/HTTP/Status/403",2026-07-17T15:30:33.010680
humanite,bd6t5617309,,failed,0,0,,http_manifest,known,403,manifest,"Client error '403 ' for url 'https://openapiproext.bnf.fr/iiif/presentation/v3/ark:/12148/bd6t5617309/manifest.json'
For more information check: https://developer.mozilla.org/en-US/docs/Web/HTTP/Status/403",2026-07-17T15:30:34.214001
humanite,bd6t561731n,,failed,0,0,,http_manifest,known,403,manifest,"Client error '403 ' for url 'https://openapiproext.bnf.fr/iiif/presentation/v3/ark:/12148/bd6t561731n/manifest.json'
For more information check: https://developer.mozilla.org/en-US/docs/Web/HTTP/Status/403",2026-07-17T15:30:35.412442
humanite,bd6t5617320,,failed,0,0,,http_manifest,known,403,manifest,"Client error '403 ' for url 'https://openapiproext.bnf.fr/iiif/presentation/v3/ark:/12148/bd6t5617320/manifest.json'
For more information check: https://developer.mozilla.org/en-US/docs/Web/HTTP/Status/403",2026-07-17T15:30:36.618187
humanite,bd6t561733b,,failed,0,0,,http_manifest,known,403,manifest,"Client error '403 ' for url 'https://openapiproext.bnf.fr/iiif/presentation/v3/ark:/12148/bd6t561733b/manifest.json'
For more information check: https://developer.mozilla.org/en-US/docs/Web/HTTP/Status/403",2026-07-17T15:30:37.817812
humanite,bd6t561734p,,failed,0,0,,http_manifest,known,403,manifest,"Client error '403 ' for url 'https://openapiproext.bnf.fr/iiif/presentation/v3/ark:/12148/bd6t561734p/manifest.json'
For more information check: https://developer.mozilla.org/en-US/docs/Web/HTTP/Status/403",2026-07-17T15:30:39.034137
humanite,bd6t5617351,,failed,0,0,,http_manifest,known,403,manifest,"Client error '403 ' for url 'https://openapiproext.bnf.fr/iiif/presentation/v3/ark:/12148/bd6t5617351/manifest.json'
For more information check: https://developer.mozilla.org/en-US/docs/Web/HTTP/Status/403",2026-07-17T15:30:40.224199
humanite,bd6t561736c,,failed,0,0,,http_manifest,known,403,manifest,"Client error '403 ' for url 'https://openapiproext.bnf.fr/iiif/presentation/v3/ark:/12148/bd6t561736c/manifest.json'
For more information check: https://developer.mozilla.org/en-US/docs/Web/HTTP/Status/403",2026-07-17T15:30:41.424000
humanite,bd6t561737q,,failed,0,0,,http_manifest,known,403,manifest,"Client error '403 ' for url 'https://openapiproext.bnf.fr/iiif/presentation/v3/ark:/12148/bd6t561737q/manifest.json'
For more information check: https://developer.mozilla.org/en-US/docs/Web/HTTP/Status/403",2026-07-17T15:30:42.625328
humanite,bd6t5617382,,failed,0,0,,http_manifest,known,403,manifest,"Client error '403 ' for url 'https://openapiproext.bnf.fr/iiif/presentation/v3/ark:/12148/bd6t5617382/manifest.json'
For more information check: https://developer.mozilla.org/en-US/docs/Web/HTTP/Status/403",2026-07-17T15:30:43.826548
humanite,bd6t561739d,,failed,0,0,,http_manifest,known,403,manifest,"Client error '403 ' for url 'https://openapiproext.bnf.fr/iiif/presentation/v3/ark:/12148/bd6t561739d/manifest.json'
For more information check: https://developer.mozilla.org/en-US/docs/Web/HTTP/Status/403",2026-07-17T15:30:45.046220
humanite,bd6t561740m,,failed,0,0,,http_manifest,known,403,manifest,"Client error '403 ' for url 'https://openapiproext.bnf.fr/iiif/presentation/v3/ark:/12148/bd6t561740m/manifest.json'
For more information check: https://developer.mozilla.org/en-US/docs/Web/HTTP/Status/403",2026-07-17T15:30:46.247407
humanite,bd6t561741z,,failed,0,0,,http_manifest,known,403,manifest,"Client error '403 ' for url 'https://openapiproext.bnf.fr/iiif/presentation/v3/ark:/12148/bd6t561741z/manifest.json'
For more information check: https://developer.mozilla.org/en-US/docs/Web/HTTP/Status/403",2026-07-17T15:30:47.430163
humanite,bd6t5617429,,failed,0,0,,http_manifest,known,403,manifest,"Client error '403 ' for url 'https://openapiproext.bnf.fr/iiif/presentation/v3/ark:/12148/bd6t5617429/manifest.json'
For more information check: https://developer.mozilla.org/en-US/docs/Web/HTTP/Status/403",2026-07-17T15:30:48.630558
humanite,bd6t561743n,,failed,0,0,,http_manifest,known,403,manifest,"Client error '403 ' for url 'https://openapiproext.bnf.fr/iiif/presentation/v3/ark:/12148/bd6t561743n/manifest.json'
For more information check: https://developer.mozilla.org/en-US/docs/Web/HTTP/Status/403",2026-07-17T15:30:49.832984
humanite,bd6t5617440,,failed,0,0,,http_manifest,known,403,manifest,"Client error '403 ' for url 'https://openapiproext.bnf.fr/iiif/presentation/v3/ark:/12148/bd6t5617440/manifest.json'
For more information check: https://developer.mozilla.org/en-US/docs/Web/HTTP/Status/403",2026-07-17T15:30:51.051691
humanite,bd6t561745b,,failed,0,0,,http_manifest,known,403,manifest,"Client error '403 ' for url 'https://openapiproext.bnf.fr/iiif/presentation/v3/ark:/12148/bd6t561745b/manifest.json'
For more information check: https://developer.mozilla.org/en-US/docs/Web/HTTP/Status/403",2026-07-17T15:30:52.237192
humanite,bd6t561746p,,failed,0,0,,http_manifest,known,403,manifest,"Client error '403 ' for url 'https://openapiproext.bnf.fr/iiif/presentation/v3/ark:/12148/bd6t561746p/manifest.json'
For more information check: https://developer.mozilla.org/en-US/docs/Web/HTTP/Status/403",2026-07-17T15:30:53.443308
humanite,bd6t5617471,,failed,0,0,,http_manifest,known,403,manifest,"Client error '403 ' for url 'https://openapiproext.bnf.fr/iiif/presentation/v3/ark:/12148/bd6t5617471/manifest.json'
For more information check: https://developer.mozilla.org/en-US/docs/Web/HTTP/Status/403",2026-07-17T15:30:54.639624
humanite,bd6t561748c,,failed,0,0,,http_manifest,known,403,manifest,"Client error '403 ' for url 'https://openapiproext.bnf.fr/iiif/presentation/v3/ark:/12148/bd6t561748c/manifest.json'
For more information check: https://developer.mozilla.org/en-US/docs/Web/HTTP/Status/403",2026-07-17T15:30:55.839459
humanite,bd6t561749q,,failed,0,0,,http_manifest,known,403,manifest,"Client error '403 ' for url 'https://openapiproext.bnf.fr/iiif/presentation/v3/ark:/12148/bd6t561749q/manifest.json'
For more information check: https://developer.mozilla.org/en-US/docs/Web/HTTP/Status/403",2026-07-17T15:30:57.061411
humanite,bd6t561750x,,failed,0,0,,http_manifest,known,403,manifest,"Client error '403 ' for url 'https://openapiproext.bnf.fr/iiif/presentation/v3/ark:/12148/bd6t561750x/manifest.json'
For more information check: https://developer.mozilla.org/en-US/docs/Web/HTTP/Status/403",2026-07-17T15:30:58.251023
humanite,bd6t5617518,,failed,0,0,,http_manifest,known,403,manifest,"Client error '403 ' for url 'https://openapiproext.bnf.fr/iiif/presentation/v3/ark:/12148/bd6t5617518/manifest.json'
For more information check: https://developer.mozilla.org/en-US/docs/Web/HTTP/Status/403",2026-07-17T15:30:59.471501
humanite,bd6t561752m,,failed,0,0,,http_manifest,known,403,manifest,"Client error '403 ' for url 'https://openapiproext.bnf.fr/iiif/presentation/v3/ark:/12148/bd6t561752m/manifest.json'
For more information check: https://developer.mozilla.org/en-US/docs/Web/HTTP/Status/403",2026-07-17T15:31:00.650412
humanite,bd6t561753z,,failed,0,0,,http_manifest,known,403,manifest,"Client error '403 ' for url 'https://openapiproext.bnf.fr/iiif/presentation/v3/ark:/12148/bd6t561753z/manifest.json'
For more information check: https://developer.mozilla.org/en-US/docs/Web/HTTP/Status/403",2026-07-17T15:31:01.857306
humanite,bd6t5617549,,failed,0,0,,http_manifest,known,403,manifest,"Client error '403 ' for url 'https://openapiproext.bnf.fr/iiif/presentation/v3/ark:/12148/bd6t5617549/manifest.json'
For more information check: https://developer.mozilla.org/en-US/docs/Web/HTTP/Status/403",2026-07-17T15:31:03.204587
humanite,bd6t561755n,,failed,0,0,,http_manifest,known,403,manifest,"Client error '403 ' for url 'https://openapiproext.bnf.fr/iiif/presentation/v3/ark:/12148/bd6t561755n/manifest.json'
For more information check: https://developer.mozilla.org/en-US/docs/Web/HTTP/Status/403",2026-07-17T15:31:04.376222
humanite,bd6t5617560,,failed,0,0,,http_manifest,known,403,manifest,"Client error '403 ' for url 'https://openapiproext.bnf.fr/iiif/presentation/v3/ark:/12148/bd6t5617560/manifest.json'
For more information check: https://developer.mozilla.org/en-US/docs/Web/HTTP/Status/403",2026-07-17T15:31:05.636858
humanite,bd6t561757b,,failed,0,0,,http_manifest,known,403,manifest,"Client error '403 ' for url 'https://openapiproext.bnf.fr/iiif/presentation/v3/ark:/12148/bd6t561757b/manifest.json'
For more information check: https://developer.mozilla.org/en-US/docs/Web/HTTP/Status/403",2026-07-17T15:31:06.792285
humanite,bd6t561758p,,failed,0,0,,http_manifest,known,403,manifest,"Client error '403 ' for url 'https://openapiproext.bnf.fr/iiif/presentation/v3/ark:/12148/bd6t561758p/manifest.json'
For more information check: https://developer.mozilla.org/en-US/docs/Web/HTTP/Status/403",2026-07-17T15:31:07.856309
humanite,bd6t5617591,,failed,0,0,,http_manifest,known,403,manifest,"Client error '403 ' for url 'https://openapiproext.bnf.fr/iiif/presentation/v3/ark:/12148/bd6t5617591/manifest.json'
For more information check: https://developer.mozilla.org/en-US/docs/Web/HTTP/Status/403",2026-07-17T15:31:09.119613
humanite,bd6t5617607,,failed,0,0,,http_manifest,known,403,manifest,"Client error '403 ' for url 'https://openapiproext.bnf.fr/iiif/presentation/v3/ark:/12148/bd6t5617607/manifest.json'
For more information check: https://developer.mozilla.org/en-US/docs/Web/HTTP/Status/403",2026-07-17T15:31:10.476248
humanite,bd6t561761k,,failed,0,0,,http_manifest,known,403,manifest,"Client error '403 ' for url 'https://openapiproext.bnf.fr/iiif/presentation/v3/ark:/12148/bd6t561761k/manifest.json'
For more information check: https://developer.mozilla.org/en-US/docs/Web/HTTP/Status/403",2026-07-17T15:31:11.460935
humanite,bd6t561762x,,failed,0,0,,http_manifest,known,403,manifest,"Client error '403 ' for url 'https://openapiproext.bnf.fr/iiif/presentation/v3/ark:/12148/bd6t561762x/manifest.json'
For more information check: https://developer.mozilla.org/en-US/docs/Web/HTTP/Status/403",2026-07-17T15:31:12.672803
humanite,bd6t5617638,,failed,0,0,,http_manifest,known,403,manifest,"Client error '403 ' for url 'https://openapiproext.bnf.fr/iiif/presentation/v3/ark:/12148/bd6t5617638/manifest.json'
For more information check: https://developer.mozilla.org/en-US/docs/Web/HTTP/Status/403",2026-07-17T15:31:13.999706
humanite,bd6t561764m,,failed,0,0,,http_manifest,known,403,manifest,"Client error '403 ' for url 'https://openapiproext.bnf.fr/iiif/presentation/v3/ark:/12148/bd6t561764m/manifest.json'
For more information check: https://developer.mozilla.org/en-US/docs/Web/HTTP/Status/403",2026-07-17T15:31:15.172302
humanite,bd6t561765z,,failed,0,0,,http_manifest,known,403,manifest,"Client error '403 ' for url 'https://openapiproext.bnf.fr/iiif/presentation/v3/ark:/12148/bd6t561765z/manifest.json'
For more information check: https://developer.mozilla.org/en-US/docs/Web/HTTP/Status/403",2026-07-17T15:31:16.443351
humanite,bd6t5617669,,failed,0,0,,http_manifest,known,403,manifest,"Client error '403 ' for url 'https://openapiproext.bnf.fr/iiif/presentation/v3/ark:/12148/bd6t5617669/manifest.json'
For more information check: https://developer.mozilla.org/en-US/docs/Web/HTTP/Status/403",2026-07-17T15:31:17.483633
humanite,bd6t561767n,,failed,0,0,,http_manifest,known,403,manifest,"Client error '403 ' for url 'https://openapiproext.bnf.fr/iiif/presentation/v3/ark:/12148/bd6t561767n/manifest.json'
For more information check: https://developer.mozilla.org/en-US/docs/Web/HTTP/Status/403",2026-07-17T15:31:18.970610
humanite,bd6t5617680,,failed,0,0,,http_manifest,known,403,manifest,"Client error '403 ' for url 'https://openapiproext.bnf.fr/iiif/presentation/v3/ark:/12148/bd6t5617680/manifest.json'
For more information check: https://developer.mozilla.org/en-US/docs/Web/HTTP/Status/403",2026-07-17T15:31:19.873170
humanite,bd6t561769b,,failed,0,0,,http_manifest,known,403,manifest,"Client error '403 ' for url 'https://openapiproext.bnf.fr/iiif/presentation/v3/ark:/12148/bd6t561769b/manifest.json'
For more information check: https://developer.mozilla.org/en-US/docs/Web/HTTP/Status/403",2026-07-17T15:31:21.084856
humanite,bd6t561770j,,failed,0,0,,http_manifest,known,403,manifest,"Client error '403 ' for url 'https://openapiproext.bnf.fr/iiif/presentation/v3/ark:/12148/bd6t561770j/manifest.json'
For more information check: https://developer.mozilla.org/en-US/docs/Web/HTTP/Status/403",2026-07-17T15:31:22.271988
humanite,bd6t561771w,,failed,0,0,,http_manifest,known,403,manifest,"Client error '403 ' for url 'https://openapiproext.bnf.fr/iiif/presentation/v3/ark:/12148/bd6t561771w/manifest.json'
For more information check: https://developer.mozilla.org/en-US/docs/Web/HTTP/Status/403",2026-07-17T15:31:23.475497
humanite,bd6t5617727,,failed,0,0,,http_manifest,known,403,manifest,"Client error '403 ' for url 'https://openapiproext.bnf.fr/iiif/presentation/v3/ark:/12148/bd6t5617727/manifest.json'
For more information check: https://developer.mozilla.org/en-US/docs/Web/HTTP/Status/403",2026-07-17T15:31:24.684857
humanite,bd6t561773k,,failed,0,0,,http_manifest,known,403,manifest,"Client error '403 ' for url 'https://openapiproext.bnf.fr/iiif/presentation/v3/ark:/12148/bd6t561773k/manifest.json'
For more information check: https://developer.mozilla.org/en-US/docs/Web/HTTP/Status/403",2026-07-17T15:31:25.878808
humanite,bd6t561774x,,failed,0,0,,http_manifest,known,403,manifest,"Client error '403 ' for url 'https://openapiproext.bnf.fr/iiif/presentation/v3/ark:/12148/bd6t561774x/manifest.json'
For more information check: https://developer.mozilla.org/en-US/docs/Web/HTTP/Status/403",2026-07-17T15:31:27.093486
humanite,bd6t5617758,,failed,0,0,,http_manifest,known,403,manifest,"Client error '403 ' for url 'https://openapiproext.bnf.fr/iiif/presentation/v3/ark:/12148/bd6t5617758/manifest.json'
For more information check: https://developer.mozilla.org/en-US/docs/Web/HTTP/Status/403",2026-07-17T15:31:28.285240
humanite,bd6t561776m,,failed,0,0,,http_manifest,known,403,manifest,"Client error '403 ' for url 'https://openapiproext.bnf.fr/iiif/presentation/v3/ark:/12148/bd6t561776m/manifest.json'
For more information check: https://developer.mozilla.org/en-US/docs/Web/HTTP/Status/403",2026-07-17T15:31:29.485331
humanite,bd6t561674n,,failed,0,0,,http_manifest,known,403,manifest,"Client error '403 ' for url 'https://openapiproext.bnf.fr/iiif/presentation/v3/ark:/12148/bd6t561674n/manifest.json'
For more information check: https://developer.mozilla.org/en-US/docs/Web/HTTP/Status/403",2026-07-17T15:31:30.691275
humanite,bd6t5616750,,failed,0,0,,http_manifest,known,403,manifest,"Client error '403 ' for url 'https://openapiproext.bnf.fr/iiif/presentation/v3/ark:/12148/bd6t5616750/manifest.json'
For more information check: https://developer.mozilla.org/en-US/docs/Web/HTTP/Status/403",2026-07-17T15:31:31.888044
humanite,bd6t561676b,,failed,0,0,,http_manifest,known,403,manifest,"Client error '403 ' for url 'https://openapiproext.bnf.fr/iiif/presentation/v3/ark:/12148/bd6t561676b/manifest.json'
For more information check: https://developer.mozilla.org/en-US/docs/Web/HTTP/Status/403",2026-07-17T15:31:33.089320
humanite,bd6t561677p,,failed,0,0,,http_manifest,known,403,manifest,"Client error '403 ' for url 'https://openapiproext.bnf.fr/iiif/presentation/v3/ark:/12148/bd6t561677p/manifest.json'
For more information check: https://developer.mozilla.org/en-US/docs/Web/HTTP/Status/403",2026-07-17T15:31:34.294717
humanite,bd6t5616781,,failed,0,0,,http_manifest,known,403,manifest,"Client error '403 ' for url 'https://openapiproext.bnf.fr/iiif/presentation/v3/ark:/12148/bd6t5616781/manifest.json'
For more information check: https://developer.mozilla.org/en-US/docs/Web/HTTP/Status/403",2026-07-17T15:31:35.499471
humanite,bd6t561679c,,failed,0,0,,http_manifest,known,403,manifest,"Client error '403 ' for url 'https://openapiproext.bnf.fr/iiif/presentation/v3/ark:/12148/bd6t561679c/manifest.json'
For more information check: https://developer.mozilla.org/en-US/docs/Web/HTTP/Status/403",2026-07-17T15:31:36.702896
humanite,bd6t561680k,,failed,0,0,,http_manifest,known,403,manifest,"Client error '403 ' for url 'https://openapiproext.bnf.fr/iiif/presentation/v3/ark:/12148/bd6t561680k/manifest.json'
For more information check: https://developer.mozilla.org/en-US/docs/Web/HTTP/Status/403",2026-07-17T15:31:37.896818
humanite,bd6t561681x,,failed,0,0,,http_manifest,known,403,manifest,"Client error '403 ' for url 'https://openapiproext.bnf.fr/iiif/presentation/v3/ark:/12148/bd6t561681x/manifest.json'
For more information check: https://developer.mozilla.org/en-US/docs/Web/HTTP/Status/403",2026-07-17T15:31:39.112486
humanite,bd6t5616828,,failed,0,0,,http_manifest,known,403,manifest,"Client error '403 ' for url 'https://openapiproext.bnf.fr/iiif/presentation/v3/ark:/12148/bd6t5616828/manifest.json'
For more information check: https://developer.mozilla.org/en-US/docs/Web/HTTP/Status/403",2026-07-17T15:31:40.300729
humanite,bd6t561683m,,failed,0,0,,http_manifest,known,403,manifest,"Client error '403 ' for url 'https://openapiproext.bnf.fr/iiif/presentation/v3/ark:/12148/bd6t561683m/manifest.json'
For more information check: https://developer.mozilla.org/en-US/docs/Web/HTTP/Status/403",2026-07-17T15:31:41.500429
humanite,bd6t561684z,,failed,0,0,,http_manifest,known,403,manifest,"Client error '403 ' for url 'https://openapiproext.bnf.fr/iiif/presentation/v3/ark:/12148/bd6t561684z/manifest.json'
For more information check: https://developer.mozilla.org/en-US/docs/Web/HTTP/Status/403",2026-07-17T15:31:42.701480
humanite,bd6t5616859,,failed,0,0,,http_manifest,known,403,manifest,"Client error '403 ' for url 'https://openapiproext.bnf.fr/iiif/presentation/v3/ark:/12148/bd6t5616859/manifest.json'
For more information check: https://developer.mozilla.org/en-US/docs/Web/HTTP/Status/403",2026-07-17T15:31:43.903100
humanite,bd6t561686n,,failed,0,0,,http_manifest,known,403,manifest,"Client error '403 ' for url 'https://openapiproext.bnf.fr/iiif/presentation/v3/ark:/12148/bd6t561686n/manifest.json'
For more information check: https://developer.mozilla.org/en-US/docs/Web/HTTP/Status/403",2026-07-17T15:31:45.111656
humanite,bd6t5616870,,failed,0,0,,http_manifest,known,403,manifest,"Client error '403 ' for url 'https://openapiproext.bnf.fr/iiif/presentation/v3/ark:/12148/bd6t5616870/manifest.json'
For more information check: https://developer.mozilla.org/en-US/docs/Web/HTTP/Status/403",2026-07-17T15:31:46.305862
humanite,bd6t561688b,,failed,0,0,,http_manifest,known,403,manifest,"Client error '403 ' for url 'https://openapiproext.bnf.fr/iiif/presentation/v3/ark:/12148/bd6t561688b/manifest.json'
For more information check: https://developer.mozilla.org/en-US/docs/Web/HTTP/Status/403",2026-07-17T15:31:47.508843
humanite,bd6t561689p,,failed,0,0,,http_manifest,known,403,manifest,"Client error '403 ' for url 'https://openapiproext.bnf.fr/iiif/presentation/v3/ark:/12148/bd6t561689p/manifest.json'
For more information check: https://developer.mozilla.org/en-US/docs/Web/HTTP/Status/403",2026-07-17T15:31:48.708336
humanite,bd6t561690w,,failed,0,0,,http_manifest,known,403,manifest,"Client error '403 ' for url 'https://openapiproext.bnf.fr/iiif/presentation/v3/ark:/12148/bd6t561690w/manifest.json'
For more information check: https://developer.mozilla.org/en-US/docs/Web/HTTP/Status/403",2026-07-17T15:31:49.915875
humanite,bd6t5616917,,failed,0,0,,http_manifest,known,403,manifest,"Client error '403 ' for url 'https://openapiproext.bnf.fr/iiif/presentation/v3/ark:/12148/bd6t5616917/manifest.json'
For more information check: https://developer.mozilla.org/en-US/docs/Web/HTTP/Status/403",2026-07-17T15:31:51.126978
humanite,bd6t561692k,,failed,0,0,,http_manifest,known,403,manifest,"Client error '403 ' for url 'https://openapiproext.bnf.fr/iiif/presentation/v3/ark:/12148/bd6t561692k/manifest.json'
For more information check: https://developer.mozilla.org/en-US/docs/Web/HTTP/Status/403",2026-07-17T15:31:52.317103
humanite,bd6t561693x,,failed,0,0,,http_manifest,known,403,manifest,"Client error '403 ' for url 'https://openapiproext.bnf.fr/iiif/presentation/v3/ark:/12148/bd6t561693x/manifest.json'
For more information check: https://developer.mozilla.org/en-US/docs/Web/HTTP/Status/403",2026-07-17T15:31:53.516390
humanite,bd6t5616948,,failed,0,0,,http_manifest,known,403,manifest,"Client error '403 ' for url 'https://openapiproext.bnf.fr/iiif/presentation/v3/ark:/12148/bd6t5616948/manifest.json'
For more information check: https://developer.mozilla.org/en-US/docs/Web/HTTP/Status/403",2026-07-17T15:31:54.717765
humanite,bd6t561695m,,failed,0,0,,http_manifest,known,403,manifest,"Client error '403 ' for url 'https://openapiproext.bnf.fr/iiif/presentation/v3/ark:/12148/bd6t561695m/manifest.json'
For more information check: https://developer.mozilla.org/en-US/docs/Web/HTTP/Status/403",2026-07-17T15:31:55.922654
humanite,bd6t561696z,,failed,0,0,,http_manifest,known,403,manifest,"Client error '403 ' for url 'https://openapiproext.bnf.fr/iiif/presentation/v3/ark:/12148/bd6t561696z/manifest.json'
For more information check: https://developer.mozilla.org/en-US/docs/Web/HTTP/Status/403",2026-07-17T15:31:57.136747
humanite,bd6t5616979,,failed,0,0,,http_manifest,known,403,manifest,"Client error '403 ' for url 'https://openapiproext.bnf.fr/iiif/presentation/v3/ark:/12148/bd6t5616979/manifest.json'
For more information check: https://developer.mozilla.org/en-US/docs/Web/HTTP/Status/403",2026-07-17T15:31:58.584973
humanite,bd6t561698n,,failed,0,0,,http_manifest,known,403,manifest,"Client error '403 ' for url 'https://openapiproext.bnf.fr/iiif/presentation/v3/ark:/12148/bd6t561698n/manifest.json'
For more information check: https://developer.mozilla.org/en-US/docs/Web/HTTP/Status/403",2026-07-17T15:31:59.632220
humanite,bd6t5616990,,failed,0,0,,http_manifest,known,403,manifest,"Client error '403 ' for url 'https://openapiproext.bnf.fr/iiif/presentation/v3/ark:/12148/bd6t5616990/manifest.json'
For more information check: https://developer.mozilla.org/en-US/docs/Web/HTTP/Status/403",2026-07-17T15:32:00.729969
humanite,bd6t561700c,,failed,0,0,,http_manifest,known,403,manifest,"Client error '403 ' for url 'https://openapiproext.bnf.fr/iiif/presentation/v3/ark:/12148/bd6t561700c/manifest.json'
For more information check: https://developer.mozilla.org/en-US/docs/Web/HTTP/Status/403",2026-07-17T15:32:02.001879
humanite,bd6t561701q,,failed,0,0,,http_manifest,known,403,manifest,"Client error '403 ' for url 'https://openapiproext.bnf.fr/iiif/presentation/v3/ark:/12148/bd6t561701q/manifest.json'
For more information check: https://developer.mozilla.org/en-US/docs/Web/HTTP/Status/403",2026-07-17T15:32:03.129808
humanite,bd6t5617022,,failed,0,0,,http_manifest,known,403,manifest,"Client error '403 ' for url 'https://openapiproext.bnf.fr/iiif/presentation/v3/ark:/12148/bd6t5617022/manifest.json'
For more information check: https://developer.mozilla.org/en-US/docs/Web/HTTP/Status/403",2026-07-17T15:32:04.487861
humanite,bd6t561703d,,failed,0,0,,http_manifest,known,403,manifest,"Client error '403 ' for url 'https://openapiproext.bnf.fr/iiif/presentation/v3/ark:/12148/bd6t561703d/manifest.json'
For more information check: https://developer.mozilla.org/en-US/docs/Web/HTTP/Status/403",2026-07-17T15:32:05.781274
humanite,bd6t561704r,,failed,0,0,,http_manifest,known,403,manifest,"Client error '403 ' for url 'https://openapiproext.bnf.fr/iiif/presentation/v3/ark:/12148/bd6t561704r/manifest.json'
For more information check: https://developer.mozilla.org/en-US/docs/Web/HTTP/Status/403",2026-07-17T15:32:06.886471
humanite,bd6t5617053,,failed,0,0,,http_manifest,known,403,manifest,"Client error '403 ' for url 'https://openapiproext.bnf.fr/iiif/presentation/v3/ark:/12148/bd6t5617053/manifest.json'
For more information check: https://developer.mozilla.org/en-US/docs/Web/HTTP/Status/403",2026-07-17T15:32:07.937003
humanite,bd6t561706f,,failed,0,0,,http_manifest,known,403,manifest,"Client error '403 ' for url 'https://openapiproext.bnf.fr/iiif/presentation/v3/ark:/12148/bd6t561706f/manifest.json'
For more information check: https://developer.mozilla.org/en-US/docs/Web/HTTP/Status/403",2026-07-17T15:32:09.155328
humanite,bd6t561707s,,failed,0,0,,http_manifest,known,403,manifest,"Client error '403 ' for url 'https://openapiproext.bnf.fr/iiif/presentation/v3/ark:/12148/bd6t561707s/manifest.json'
For more information check: https://developer.mozilla.org/en-US/docs/Web/HTTP/Status/403",2026-07-17T15:32:10.340129
humanite,bd6t5617084,,failed,0,0,,http_manifest,known,403,manifest,"Client error '403 ' for url 'https://openapiproext.bnf.fr/iiif/presentation/v3/ark:/12148/bd6t5617084/manifest.json'
For more information check: https://developer.mozilla.org/en-US/docs/Web/HTTP/Status/403",2026-07-17T15:32:11.538479
humanite,bd6t561709g,,failed,0,0,,http_manifest,known,403,manifest,"Client error '403 ' for url 'https://openapiproext.bnf.fr/iiif/presentation/v3/ark:/12148/bd6t561709g/manifest.json'
For more information check: https://developer.mozilla.org/en-US/docs/Web/HTTP/Status/403",2026-07-17T15:32:12.749051
humanite,bd6t561710p,,failed,0,0,,http_manifest,known,403,manifest,"Client error '403 ' for url 'https://openapiproext.bnf.fr/iiif/presentation/v3/ark:/12148/bd6t561710p/manifest.json'
For more information check: https://developer.mozilla.org/en-US/docs/Web/HTTP/Status/403",2026-07-17T15:32:13.942383
humanite,bd6t5617111,,failed,0,0,,http_manifest,known,403,manifest,"Client error '403 ' for url 'https://openapiproext.bnf.fr/iiif/presentation/v3/ark:/12148/bd6t5617111/manifest.json'
For more information check: https://developer.mozilla.org/en-US/docs/Web/HTTP/Status/403",2026-07-17T15:32:15.275247
humanite,bd6t561712c,,failed,0,0,,http_manifest,known,403,manifest,"Client error '403 ' for url 'https://openapiproext.bnf.fr/iiif/presentation/v3/ark:/12148/bd6t561712c/manifest.json'
For more information check: https://developer.mozilla.org/en-US/docs/Web/HTTP/Status/403",2026-07-17T15:32:16.586818
humanite,bd6t561713q,,failed,0,0,,http_manifest,known,403,manifest,"Client error '403 ' for url 'https://openapiproext.bnf.fr/iiif/presentation/v3/ark:/12148/bd6t561713q/manifest.json'
For more information check: https://developer.mozilla.org/en-US/docs/Web/HTTP/Status/403",2026-07-17T15:32:17.763152
humanite,bd6t5617142,,failed,0,0,,http_manifest,known,403,manifest,"Client error '403 ' for url 'https://openapiproext.bnf.fr/iiif/presentation/v3/ark:/12148/bd6t5617142/manifest.json'
For more information check: https://developer.mozilla.org/en-US/docs/Web/HTTP/Status/403",2026-07-17T15:32:18.892752
humanite,bd6t561715d,,failed,0,0,,http_manifest,known,403,manifest,"Client error '403 ' for url 'https://openapiproext.bnf.fr/iiif/presentation/v3/ark:/12148/bd6t561715d/manifest.json'
For more information check: https://developer.mozilla.org/en-US/docs/Web/HTTP/Status/403",2026-07-17T15:32:19.956575
humanite,bd6t561716r,,failed,0,0,,http_manifest,known,403,manifest,"Client error '403 ' for url 'https://openapiproext.bnf.fr/iiif/presentation/v3/ark:/12148/bd6t561716r/manifest.json'
For more information check: https://developer.mozilla.org/en-US/docs/Web/HTTP/Status/403",2026-07-17T15:32:21.161944
humanite,bd6t5617173,,failed,0,0,,http_manifest,known,403,manifest,"Client error '403 ' for url 'https://openapiproext.bnf.fr/iiif/presentation/v3/ark:/12148/bd6t5617173/manifest.json'
For more information check: https://developer.mozilla.org/en-US/docs/Web/HTTP/Status/403",2026-07-17T15:32:22.359539
humanite,bd6t561718f,,failed,0,0,,http_manifest,known,403,manifest,"Client error '403 ' for url 'https://openapiproext.bnf.fr/iiif/presentation/v3/ark:/12148/bd6t561718f/manifest.json'
For more information check: https://developer.mozilla.org/en-US/docs/Web/HTTP/Status/403",2026-07-17T15:32:23.563462
humanite,bd6t561719s,,failed,0,0,,http_manifest,known,403,manifest,"Client error '403 ' for url 'https://openapiproext.bnf.fr/iiif/presentation/v3/ark:/12148/bd6t561719s/manifest.json'
For more information check: https://developer.mozilla.org/en-US/docs/Web/HTTP/Status/403",2026-07-17T15:32:24.760553
humanite,bd6t5617200,,failed,0,0,,http_manifest,known,403,manifest,"Client error '403 ' for url 'https://openapiproext.bnf.fr/iiif/presentation/v3/ark:/12148/bd6t5617200/manifest.json'
For more information check: https://developer.mozilla.org/en-US/docs/Web/HTTP/Status/403",2026-07-17T15:32:25.960622
humanite,bd6t561721b,,failed,0,0,,http_manifest,known,403,manifest,"Client error '403 ' for url 'https://openapiproext.bnf.fr/iiif/presentation/v3/ark:/12148/bd6t561721b/manifest.json'
For more information check: https://developer.mozilla.org/en-US/docs/Web/HTTP/Status/403",2026-07-17T15:32:27.162602
humanite,bd6t561722p,,failed,0,0,,http_manifest,known,403,manifest,"Client error '403 ' for url 'https://openapiproext.bnf.fr/iiif/presentation/v3/ark:/12148/bd6t561722p/manifest.json'
For more information check: https://developer.mozilla.org/en-US/docs/Web/HTTP/Status/403",2026-07-17T15:32:28.385030
humanite,bd6t5617231,,failed,0,0,,http_manifest,known,403,manifest,"Client error '403 ' for url 'https://openapiproext.bnf.fr/iiif/presentation/v3/ark:/12148/bd6t5617231/manifest.json'
For more information check: https://developer.mozilla.org/en-US/docs/Web/HTTP/Status/403",2026-07-17T15:32:29.569155
humanite,bd6t561724c,,failed,0,0,,http_manifest,known,403,manifest,"Client error '403 ' for url 'https://openapiproext.bnf.fr/iiif/presentation/v3/ark:/12148/bd6t561724c/manifest.json'
For more information check: https://developer.mozilla.org/en-US/docs/Web/HTTP/Status/403",2026-07-17T15:32:30.764964
humanite,bd6t561725q,,failed,0,0,,http_manifest,known,403,manifest,"Client error '403 ' for url 'https://openapiproext.bnf.fr/iiif/presentation/v3/ark:/12148/bd6t561725q/manifest.json'
For more information check: https://developer.mozilla.org/en-US/docs/Web/HTTP/Status/403",2026-07-17T15:32:31.976999
humanite,bd6t561882t,,failed,0,0,,http_manifest,known,403,manifest,"Client error '403 ' for url 'https://openapiproext.bnf.fr/iiif/presentation/v3/ark:/12148/bd6t561882t/manifest.json'
For more information check: https://developer.mozilla.org/en-US/docs/Web/HTTP/Status/403",2026-07-17T15:32:33.191611
humanite,bd6t5618835,,failed,0,0,,http_manifest,known,403,manifest,"Client error '403 ' for url 'https://openapiproext.bnf.fr/iiif/presentation/v3/ark:/12148/bd6t5618835/manifest.json'
For more information check: https://developer.mozilla.org/en-US/docs/Web/HTTP/Status/403",2026-07-17T15:32:34.379932
humanite,bd6t561884h,,failed,0,0,,http_manifest,known,403,manifest,"Client error '403 ' for url 'https://openapiproext.bnf.fr/iiif/presentation/v3/ark:/12148/bd6t561884h/manifest.json'
For more information check: https://developer.mozilla.org/en-US/docs/Web/HTTP/Status/403",2026-07-17T15:32:35.574141
humanite,bd6t561885v,,failed,0,0,,http_manifest,known,403,manifest,"Client error '403 ' for url 'https://openapiproext.bnf.fr/iiif/presentation/v3/ark:/12148/bd6t561885v/manifest.json'
For more information check: https://developer.mozilla.org/en-US/docs/Web/HTTP/Status/403",2026-07-17T15:32:36.776233
humanite,bd6t5618866,,failed,0,0,,http_manifest,known,403,manifest,"Client error '403 ' for url 'https://openapiproext.bnf.fr/iiif/presentation/v3/ark:/12148/bd6t5618866/manifest.json'
For more information check: https://developer.mozilla.org/en-US/docs/Web/HTTP/Status/403",2026-07-17T15:32:37.979861
humanite,bd6t561887j,,failed,0,0,,http_manifest,known,403,manifest,"Client error '403 ' for url 'https://openapiproext.bnf.fr/iiif/presentation/v3/ark:/12148/bd6t561887j/manifest.json'
For more information check: https://developer.mozilla.org/en-US/docs/Web/HTTP/Status/403",2026-07-17T15:32:39.176352
humanite,bd6t561888w,,failed,0,0,,http_manifest,known,403,manifest,"Client error '403 ' for url 'https://openapiproext.bnf.fr/iiif/presentation/v3/ark:/12148/bd6t561888w/manifest.json'
For more information check: https://developer.mozilla.org/en-US/docs/Web/HTTP/Status/403",2026-07-17T15:32:40.405302
humanite,bd6t5618897,,failed,0,0,,http_manifest,known,403,manifest,"Client error '403 ' for url 'https://openapiproext.bnf.fr/iiif/presentation/v3/ark:/12148/bd6t5618897/manifest.json'
For more information check: https://developer.mozilla.org/en-US/docs/Web/HTTP/Status/403",2026-07-17T15:32:41.582923
humanite,bd6t561890f,,failed,0,0,,http_manifest,known,403,manifest,"Client error '403 ' for url 'https://openapiproext.bnf.fr/iiif/presentation/v3/ark:/12148/bd6t561890f/manifest.json'
For more information check: https://developer.mozilla.org/en-US/docs/Web/HTTP/Status/403",2026-07-17T15:32:42.786910
humanite,bd6t5618924,,failed,0,0,,http_manifest,known,403,manifest,"Client error '403 ' for url 'https://openapiproext.bnf.fr/iiif/presentation/v3/ark:/12148/bd6t5618924/manifest.json'
For more information check: https://developer.mozilla.org/en-US/docs/Web/HTTP/Status/403",2026-07-17T15:32:43.980165
humanite,bd6t561891s,,failed,0,0,,http_manifest,known,403,manifest,"Client error '403 ' for url 'https://openapiproext.bnf.fr/iiif/presentation/v3/ark:/12148/bd6t561891s/manifest.json'
For more information check: https://developer.mozilla.org/en-US/docs/Web/HTTP/Status/403",2026-07-17T15:32:45.191653
humanite,bd6t561893g,,failed,0,0,,http_manifest,known,403,manifest,"Client error '403 ' for url 'https://openapiproext.bnf.fr/iiif/presentation/v3/ark:/12148/bd6t561893g/manifest.json'
For more information check: https://developer.mozilla.org/en-US/docs/Web/HTTP/Status/403",2026-07-17T15:32:46.414505
humanite,bd6t561894t,,failed,0,0,,http_manifest,known,403,manifest,"Client error '403 ' for url 'https://openapiproext.bnf.fr/iiif/presentation/v3/ark:/12148/bd6t561894t/manifest.json'
For more information check: https://developer.mozilla.org/en-US/docs/Web/HTTP/Status/403",2026-07-17T15:32:47.591823
humanite,bd6t5618955,,failed,0,0,,http_manifest,known,403,manifest,"Client error '403 ' for url 'https://openapiproext.bnf.fr/iiif/presentation/v3/ark:/12148/bd6t5618955/manifest.json'
For more information check: https://developer.mozilla.org/en-US/docs/Web/HTTP/Status/403",2026-07-17T15:32:48.793145
humanite,bd6t561896h,,failed,0,0,,http_manifest,known,403,manifest,"Client error '403 ' for url 'https://openapiproext.bnf.fr/iiif/presentation/v3/ark:/12148/bd6t561896h/manifest.json'
For more information check: https://developer.mozilla.org/en-US/docs/Web/HTTP/Status/403",2026-07-17T15:32:49.995168
humanite,bd6t561897v,,failed,0,0,,http_manifest,known,403,manifest,"Client error '403 ' for url 'https://openapiproext.bnf.fr/iiif/presentation/v3/ark:/12148/bd6t561897v/manifest.json'
For more information check: https://developer.mozilla.org/en-US/docs/Web/HTTP/Status/403",2026-07-17T15:32:51.194563
humanite,bd6t5618986,,failed,0,0,,http_manifest,known,403,manifest,"Client error '403 ' for url 'https://openapiproext.bnf.fr/iiif/presentation/v3/ark:/12148/bd6t5618986/manifest.json'
For more information check: https://developer.mozilla.org/en-US/docs/Web/HTTP/Status/403",2026-07-17T15:32:52.401776
humanite,bd6t561899j,,failed,0,0,,http_manifest,known,403,manifest,"Client error '403 ' for url 'https://openapiproext.bnf.fr/iiif/presentation/v3/ark:/12148/bd6t561899j/manifest.json'
For more information check: https://developer.mozilla.org/en-US/docs/Web/HTTP/Status/403",2026-07-17T15:32:53.605477
humanite,bd6t561900x,,failed,0,0,,http_manifest,known,403,manifest,"Client error '403 ' for url 'https://openapiproext.bnf.fr/iiif/presentation/v3/ark:/12148/bd6t561900x/manifest.json'
For more information check: https://developer.mozilla.org/en-US/docs/Web/HTTP/Status/403",2026-07-17T15:32:54.809582
humanite,bd6t5619018,,failed,0,0,,http_manifest,known,403,manifest,"Client error '403 ' for url 'https://openapiproext.bnf.fr/iiif/presentation/v3/ark:/12148/bd6t5619018/manifest.json'
For more information check: https://developer.mozilla.org/en-US/docs/Web/HTTP/Status/403",2026-07-17T15:32:56.011907
humanite,bd6t561902m,,failed,0,0,,http_manifest,known,403,manifest,"Client error '403 ' for url 'https://openapiproext.bnf.fr/iiif/presentation/v3/ark:/12148/bd6t561902m/manifest.json'
For more information check: https://developer.mozilla.org/en-US/docs/Web/HTTP/Status/403",2026-07-17T15:32:57.207920
humanite,bd6t561903z,,failed,0,0,,http_manifest,known,403,manifest,"Client error '403 ' for url 'https://openapiproext.bnf.fr/iiif/presentation/v3/ark:/12148/bd6t561903z/manifest.json'
For more information check: https://developer.mozilla.org/en-US/docs/Web/HTTP/Status/403",2026-07-17T15:32:58.439507
humanite,bd6t5619049,,failed,0,0,,http_manifest,known,403,manifest,"Client error '403 ' for url 'https://openapiproext.bnf.fr/iiif/presentation/v3/ark:/12148/bd6t5619049/manifest.json'
For more information check: https://developer.mozilla.org/en-US/docs/Web/HTTP/Status/403",2026-07-17T15:32:59.633448
humanite,bd6t561905n,,failed,0,0,,http_manifest,known,403,manifest,"Client error '403 ' for url 'https://openapiproext.bnf.fr/iiif/presentation/v3/ark:/12148/bd6t561905n/manifest.json'
For more information check: https://developer.mozilla.org/en-US/docs/Web/HTTP/Status/403",2026-07-17T15:33:00.850756
humanite,bd6t5619060,,failed,0,0,,http_manifest,known,403,manifest,"Client error '403 ' for url 'https://openapiproext.bnf.fr/iiif/presentation/v3/ark:/12148/bd6t5619060/manifest.json'
For more information check: https://developer.mozilla.org/en-US/docs/Web/HTTP/Status/403",2026-07-17T15:33:02.094232
humanite,bd6t561907b,,failed,0,0,,http_manifest,known,403,manifest,"Client error '403 ' for url 'https://openapiproext.bnf.fr/iiif/presentation/v3/ark:/12148/bd6t561907b/manifest.json'
For more information check: https://developer.mozilla.org/en-US/docs/Web/HTTP/Status/403",2026-07-17T15:33:03.226966
humanite,bd6t561908p,,failed,0,0,,http_manifest,known,403,manifest,"Client error '403 ' for url 'https://openapiproext.bnf.fr/iiif/presentation/v3/ark:/12148/bd6t561908p/manifest.json'
For more information check: https://developer.mozilla.org/en-US/docs/Web/HTTP/Status/403",2026-07-17T15:33:04.590672
humanite,bd6t5619091,,failed,0,0,,http_manifest,known,403,manifest,"Client error '403 ' for url 'https://openapiproext.bnf.fr/iiif/presentation/v3/ark:/12148/bd6t5619091/manifest.json'
For more information check: https://developer.mozilla.org/en-US/docs/Web/HTTP/Status/403",2026-07-17T15:33:05.707649
humanite,bd6t5619107,,failed,0,0,,http_manifest,known,403,manifest,"Client error '403 ' for url 'https://openapiproext.bnf.fr/iiif/presentation/v3/ark:/12148/bd6t5619107/manifest.json'
For more information check: https://developer.mozilla.org/en-US/docs/Web/HTTP/Status/403",2026-07-17T15:33:06.957716
humanite,bd6t561911k,,failed,0,0,,http_manifest,known,403,manifest,"Client error '403 ' for url 'https://openapiproext.bnf.fr/iiif/presentation/v3/ark:/12148/bd6t561911k/manifest.json'
For more information check: https://developer.mozilla.org/en-US/docs/Web/HTTP/Status/403",2026-07-17T15:33:08.020334
humanite,bd6t5619138,,failed,0,0,,http_manifest,known,403,manifest,"Client error '403 ' for url 'https://openapiproext.bnf.fr/iiif/presentation/v3/ark:/12148/bd6t5619138/manifest.json'
For more information check: https://developer.mozilla.org/en-US/docs/Web/HTTP/Status/403",2026-07-17T15:33:09.216176
humanite,bd6t561912x,,failed,0,0,,http_manifest,known,403,manifest,"Client error '403 ' for url 'https://openapiproext.bnf.fr/iiif/presentation/v3/ark:/12148/bd6t561912x/manifest.json'
For more information check: https://developer.mozilla.org/en-US/docs/Web/HTTP/Status/403",2026-07-17T15:33:10.678026
humanite,bd6t561914m,,failed,0,0,,http_manifest,known,403,manifest,"Client error '403 ' for url 'https://openapiproext.bnf.fr/iiif/presentation/v3/ark:/12148/bd6t561914m/manifest.json'
For more information check: https://developer.mozilla.org/en-US/docs/Web/HTTP/Status/403",2026-07-17T15:33:11.614650
humanite,bd6t561915z,,failed,0,0,,http_manifest,known,403,manifest,"Client error '403 ' for url 'https://openapiproext.bnf.fr/iiif/presentation/v3/ark:/12148/bd6t561915z/manifest.json'
For more information check: https://developer.mozilla.org/en-US/docs/Web/HTTP/Status/403",2026-07-17T15:33:12.815974
humanite,bd6t5619169,,failed,0,0,,http_manifest,known,403,manifest,"Client error '403 ' for url 'https://openapiproext.bnf.fr/iiif/presentation/v3/ark:/12148/bd6t5619169/manifest.json'
For more information check: https://developer.mozilla.org/en-US/docs/Web/HTTP/Status/403",2026-07-17T15:33:14.020307
humanite,bd6t561917n,,failed,0,0,,http_manifest,known,403,manifest,"Client error '403 ' for url 'https://openapiproext.bnf.fr/iiif/presentation/v3/ark:/12148/bd6t561917n/manifest.json'
For more information check: https://developer.mozilla.org/en-US/docs/Web/HTTP/Status/403",2026-07-17T15:33:15.380131
humanite,bd6t5619180,,failed,0,0,,http_manifest,known,403,manifest,"Client error '403 ' for url 'https://openapiproext.bnf.fr/iiif/presentation/v3/ark:/12148/bd6t5619180/manifest.json'
For more information check: https://developer.mozilla.org/en-US/docs/Web/HTTP/Status/403",2026-07-17T15:33:16.451673
humanite,bd6t561919b,,failed,0,0,,http_manifest,known,403,manifest,"Client error '403 ' for url 'https://openapiproext.bnf.fr/iiif/presentation/v3/ark:/12148/bd6t561919b/manifest.json'
For more information check: https://developer.mozilla.org/en-US/docs/Web/HTTP/Status/403",2026-07-17T15:33:17.623374
humanite,bd6t561920j,,failed,0,0,,http_manifest,known,403,manifest,"Client error '403 ' for url 'https://openapiproext.bnf.fr/iiif/presentation/v3/ark:/12148/bd6t561920j/manifest.json'
For more information check: https://developer.mozilla.org/en-US/docs/Web/HTTP/Status/403",2026-07-17T15:33:18.855214
humanite,bd6t561921w,,failed,0,0,,http_manifest,known,403,manifest,"Client error '403 ' for url 'https://openapiproext.bnf.fr/iiif/presentation/v3/ark:/12148/bd6t561921w/manifest.json'
For more information check: https://developer.mozilla.org/en-US/docs/Web/HTTP/Status/403",2026-07-17T15:33:20.026423
humanite,bd6t5619227,,failed,0,0,,http_manifest,known,403,manifest,"Client error '403 ' for url 'https://openapiproext.bnf.fr/iiif/presentation/v3/ark:/12148/bd6t5619227/manifest.json'
For more information check: https://developer.mozilla.org/en-US/docs/Web/HTTP/Status/403",2026-07-17T15:33:21.253941
humanite,bd6t561923k,,failed,0,0,,http_manifest,known,403,manifest,"Client error '403 ' for url 'https://openapiproext.bnf.fr/iiif/presentation/v3/ark:/12148/bd6t561923k/manifest.json'
For more information check: https://developer.mozilla.org/en-US/docs/Web/HTTP/Status/403",2026-07-17T15:33:22.428679
humanite,bd6t561924x,,failed,0,0,,http_manifest,known,403,manifest,"Client error '403 ' for url 'https://openapiproext.bnf.fr/iiif/presentation/v3/ark:/12148/bd6t561924x/manifest.json'
For more information check: https://developer.mozilla.org/en-US/docs/Web/HTTP/Status/403",2026-07-17T15:33:23.628381
humanite,bd6t5619258,,failed,0,0,,http_manifest,known,403,manifest,"Client error '403 ' for url 'https://openapiproext.bnf.fr/iiif/presentation/v3/ark:/12148/bd6t5619258/manifest.json'
For more information check: https://developer.mozilla.org/en-US/docs/Web/HTTP/Status/403",2026-07-17T15:33:24.833765
humanite,bd6t561926m,,failed,0,0,,http_manifest,known,403,manifest,"Client error '403 ' for url 'https://openapiproext.bnf.fr/iiif/presentation/v3/ark:/12148/bd6t561926m/manifest.json'
For more information check: https://developer.mozilla.org/en-US/docs/Web/HTTP/Status/403",2026-07-17T15:33:26.033351
humanite,bd6t561927z,,failed,0,0,,http_manifest,known,403,manifest,"Client error '403 ' for url 'https://openapiproext.bnf.fr/iiif/presentation/v3/ark:/12148/bd6t561927z/manifest.json'
For more information check: https://developer.mozilla.org/en-US/docs/Web/HTTP/Status/403",2026-07-17T15:33:27.238979
humanite,bd6t5619289,,failed,0,0,,http_manifest,known,403,manifest,"Client error '403 ' for url 'https://openapiproext.bnf.fr/iiif/presentation/v3/ark:/12148/bd6t5619289/manifest.json'
For more information check: https://developer.mozilla.org/en-US/docs/Web/HTTP/Status/403",2026-07-17T15:33:28.457748
humanite,bd6t561929n,,failed,0,0,,http_manifest,known,403,manifest,"Client error '403 ' for url 'https://openapiproext.bnf.fr/iiif/presentation/v3/ark:/12148/bd6t561929n/manifest.json'
For more information check: https://developer.mozilla.org/en-US/docs/Web/HTTP/Status/403",2026-07-17T15:33:29.640847
humanite,bd6t561930v,,failed,0,0,,http_manifest,known,403,manifest,"Client error '403 ' for url 'https://openapiproext.bnf.fr/iiif/presentation/v3/ark:/12148/bd6t561930v/manifest.json'
For more information check: https://developer.mozilla.org/en-US/docs/Web/HTTP/Status/403",2026-07-17T15:33:30.846423
humanite,bd6t5619316,,failed,0,0,,http_manifest,known,403,manifest,"Client error '403 ' for url 'https://openapiproext.bnf.fr/iiif/presentation/v3/ark:/12148/bd6t5619316/manifest.json'
For more information check: https://developer.mozilla.org/en-US/docs/Web/HTTP/Status/403",2026-07-17T15:33:32.042548
humanite,bd6t561932j,,failed,0,0,,http_manifest,known,403,manifest,"Client error '403 ' for url 'https://openapiproext.bnf.fr/iiif/presentation/v3/ark:/12148/bd6t561932j/manifest.json'
For more information check: https://developer.mozilla.org/en-US/docs/Web/HTTP/Status/403",2026-07-17T15:33:33.243318
humanite,bd6t5619347,,failed,0,0,,http_manifest,known,403,manifest,"Client error '403 ' for url 'https://openapiproext.bnf.fr/iiif/presentation/v3/ark:/12148/bd6t5619347/manifest.json'
For more information check: https://developer.mozilla.org/en-US/docs/Web/HTTP/Status/403",2026-07-17T15:33:34.443698
humanite,bd6t561933w,,failed,0,0,,http_manifest,known,403,manifest,"Client error '403 ' for url 'https://openapiproext.bnf.fr/iiif/presentation/v3/ark:/12148/bd6t561933w/manifest.json'
For more information check: https://developer.mozilla.org/en-US/docs/Web/HTTP/Status/403",2026-07-17T15:33:35.642444
humanite,bd6t561935k,,failed,0,0,,http_manifest,known,403,manifest,"Client error '403 ' for url 'https://openapiproext.bnf.fr/iiif/presentation/v3/ark:/12148/bd6t561935k/manifest.json'
For more information check: https://developer.mozilla.org/en-US/docs/Web/HTTP/Status/403",2026-07-17T15:33:36.847963
humanite,bd6t561936x,,failed,0,0,,http_manifest,known,403,manifest,"Client error '403 ' for url 'https://openapiproext.bnf.fr/iiif/presentation/v3/ark:/12148/bd6t561936x/manifest.json'
For more information check: https://developer.mozilla.org/en-US/docs/Web/HTTP/Status/403",2026-07-17T15:33:38.048686
humanite,bd6t5619378,,failed,0,0,,http_manifest,known,403,manifest,"Client error '403 ' for url 'https://openapiproext.bnf.fr/iiif/presentation/v3/ark:/12148/bd6t5619378/manifest.json'
For more information check: https://developer.mozilla.org/en-US/docs/Web/HTTP/Status/403",2026-07-17T15:33:39.247640
humanite,bd6t561938m,,failed,0,0,,http_manifest,known,403,manifest,"Client error '403 ' for url 'https://openapiproext.bnf.fr/iiif/presentation/v3/ark:/12148/bd6t561938m/manifest.json'
For more information check: https://developer.mozilla.org/en-US/docs/Web/HTTP/Status/403",2026-07-17T15:33:40.462840
humanite,bd6t561939z,,failed,0,0,,http_manifest,known,403,manifest,"Client error '403 ' for url 'https://openapiproext.bnf.fr/iiif/presentation/v3/ark:/12148/bd6t561939z/manifest.json'
For more information check: https://developer.mozilla.org/en-US/docs/Web/HTTP/Status/403",2026-07-17T15:33:41.649920
humanite,bd6t5619405,,failed,0,0,,http_manifest,known,403,manifest,"Client error '403 ' for url 'https://openapiproext.bnf.fr/iiif/presentation/v3/ark:/12148/bd6t5619405/manifest.json'
For more information check: https://developer.mozilla.org/en-US/docs/Web/HTTP/Status/403",2026-07-17T15:33:42.854925
humanite,bd6t561941h,,failed,0,0,,http_manifest,known,403,manifest,"Client error '403 ' for url 'https://openapiproext.bnf.fr/iiif/presentation/v3/ark:/12148/bd6t561941h/manifest.json'
For more information check: https://developer.mozilla.org/en-US/docs/Web/HTTP/Status/403",2026-07-17T15:33:44.063833
humanite,bd6t561942v,,failed,0,0,,http_manifest,known,403,manifest,"Client error '403 ' for url 'https://openapiproext.bnf.fr/iiif/presentation/v3/ark:/12148/bd6t561942v/manifest.json'
For more information check: https://developer.mozilla.org/en-US/docs/Web/HTTP/Status/403",2026-07-17T15:33:45.255373
humanite,bd6t5619436,,failed,0,0,,http_manifest,known,403,manifest,"Client error '403 ' for url 'https://openapiproext.bnf.fr/iiif/presentation/v3/ark:/12148/bd6t5619436/manifest.json'
For more information check: https://developer.mozilla.org/en-US/docs/Web/HTTP/Status/403",2026-07-17T15:33:46.490586
humanite,bd6t561944j,,failed,0,0,,http_manifest,known,403,manifest,"Client error '403 ' for url 'https://openapiproext.bnf.fr/iiif/presentation/v3/ark:/12148/bd6t561944j/manifest.json'
For more information check: https://developer.mozilla.org/en-US/docs/Web/HTTP/Status/403",2026-07-17T15:33:47.660095
humanite,bd6t561945w,,failed,0,0,,http_manifest,known,403,manifest,"Client error '403 ' for url 'https://openapiproext.bnf.fr/iiif/presentation/v3/ark:/12148/bd6t561945w/manifest.json'
For more information check: https://developer.mozilla.org/en-US/docs/Web/HTTP/Status/403",2026-07-17T15:33:48.859090
humanite,bd6t5619467,,failed,0,0,,http_manifest,known,403,manifest,"Client error '403 ' for url 'https://openapiproext.bnf.fr/iiif/presentation/v3/ark:/12148/bd6t5619467/manifest.json'
For more information check: https://developer.mozilla.org/en-US/docs/Web/HTTP/Status/403",2026-07-17T15:33:50.058132
humanite,bd6t561947k,,failed,0,0,,http_manifest,known,403,manifest,"Client error '403 ' for url 'https://openapiproext.bnf.fr/iiif/presentation/v3/ark:/12148/bd6t561947k/manifest.json'
For more information check: https://developer.mozilla.org/en-US/docs/Web/HTTP/Status/403",2026-07-17T15:33:51.264952
humanite,bd6t561948x,,failed,0,0,,http_manifest,known,403,manifest,"Client error '403 ' for url 'https://openapiproext.bnf.fr/iiif/presentation/v3/ark:/12148/bd6t561948x/manifest.json'
For more information check: https://developer.mozilla.org/en-US/docs/Web/HTTP/Status/403",2026-07-17T15:33:52.463486
humanite,bd6t5619498,,failed,0,0,,http_manifest,known,403,manifest,"Client error '403 ' for url 'https://openapiproext.bnf.fr/iiif/presentation/v3/ark:/12148/bd6t5619498/manifest.json'
For more information check: https://developer.mozilla.org/en-US/docs/Web/HTTP/Status/403",2026-07-17T15:33:53.661766
humanite,bd6t561950g,,failed,0,0,,http_manifest,known,403,manifest,"Client error '403 ' for url 'https://openapiproext.bnf.fr/iiif/presentation/v3/ark:/12148/bd6t561950g/manifest.json'
For more information check: https://developer.mozilla.org/en-US/docs/Web/HTTP/Status/403",2026-07-17T15:33:54.868301
humanite,bd6t561951t,,failed,0,0,,http_manifest,known,403,manifest,"Client error '403 ' for url 'https://openapiproext.bnf.fr/iiif/presentation/v3/ark:/12148/bd6t561951t/manifest.json'
For more information check: https://developer.mozilla.org/en-US/docs/Web/HTTP/Status/403",2026-07-17T15:33:56.069415
humanite,bd6t5619525,,failed,0,0,,http_manifest,known,403,manifest,"Client error '403 ' for url 'https://openapiproext.bnf.fr/iiif/presentation/v3/ark:/12148/bd6t5619525/manifest.json'
For more information check: https://developer.mozilla.org/en-US/docs/Web/HTTP/Status/403",2026-07-17T15:33:57.281991
humanite,bd6t561953h,,failed,0,0,,http_manifest,known,403,manifest,"Client error '403 ' for url 'https://openapiproext.bnf.fr/iiif/presentation/v3/ark:/12148/bd6t561953h/manifest.json'
For more information check: https://developer.mozilla.org/en-US/docs/Web/HTTP/Status/403",2026-07-17T15:33:58.535179
humanite,bd6t561954v,,failed,0,0,,http_manifest,known,403,manifest,"Client error '403 ' for url 'https://openapiproext.bnf.fr/iiif/presentation/v3/ark:/12148/bd6t561954v/manifest.json'
For more information check: https://developer.mozilla.org/en-US/docs/Web/HTTP/Status/403",2026-07-17T15:33:59.733225
humanite,bd6t5619556,,failed,0,0,,http_manifest,known,403,manifest,"Client error '403 ' for url 'https://openapiproext.bnf.fr/iiif/presentation/v3/ark:/12148/bd6t5619556/manifest.json'
For more information check: https://developer.mozilla.org/en-US/docs/Web/HTTP/Status/403",2026-07-17T15:34:01.053446
humanite,bd6t561956j,,failed,0,0,,http_manifest,known,403,manifest,"Client error '403 ' for url 'https://openapiproext.bnf.fr/iiif/presentation/v3/ark:/12148/bd6t561956j/manifest.json'
For more information check: https://developer.mozilla.org/en-US/docs/Web/HTTP/Status/403",2026-07-17T15:34:02.092332
humanite,bd6t561957w,,failed,0,0,,http_manifest,known,403,manifest,"Client error '403 ' for url 'https://openapiproext.bnf.fr/iiif/presentation/v3/ark:/12148/bd6t561957w/manifest.json'
For more information check: https://developer.mozilla.org/en-US/docs/Web/HTTP/Status/403",2026-07-17T15:34:03.281318
humanite,bd6t5619587,,failed,0,0,,http_manifest,known,403,manifest,"Client error '403 ' for url 'https://openapiproext.bnf.fr/iiif/presentation/v3/ark:/12148/bd6t5619587/manifest.json'
For more information check: https://developer.mozilla.org/en-US/docs/Web/HTTP/Status/403",2026-07-17T15:34:04.581617
humanite,bd6t561959k,,failed,0,0,,http_manifest,known,403,manifest,"Client error '403 ' for url 'https://openapiproext.bnf.fr/iiif/presentation/v3/ark:/12148/bd6t561959k/manifest.json'
For more information check: https://developer.mozilla.org/en-US/docs/Web/HTTP/Status/403",2026-07-17T15:34:05.924856
humanite,bd6t561960s,,failed,0,0,,http_manifest,known,403,manifest,"Client error '403 ' for url 'https://openapiproext.bnf.fr/iiif/presentation/v3/ark:/12148/bd6t561960s/manifest.json'
For more information check: https://developer.mozilla.org/en-US/docs/Web/HTTP/Status/403",2026-07-17T15:34:06.908723
humanite,bd6t5619614,,failed,0,0,,http_manifest,known,403,manifest,"Client error '403 ' for url 'https://openapiproext.bnf.fr/iiif/presentation/v3/ark:/12148/bd6t5619614/manifest.json'
For more information check: https://developer.mozilla.org/en-US/docs/Web/HTTP/Status/403",2026-07-17T15:34:08.092616
humanite,bd6t561962g,,failed,0,0,,http_manifest,known,403,manifest,"Client error '403 ' for url 'https://openapiproext.bnf.fr/iiif/presentation/v3/ark:/12148/bd6t561962g/manifest.json'
For more information check: https://developer.mozilla.org/en-US/docs/Web/HTTP/Status/403",2026-07-17T15:34:09.282913
humanite,bd6t561963t,,failed,0,0,,http_manifest,known,403,manifest,"Client error '403 ' for url 'https://openapiproext.bnf.fr/iiif/presentation/v3/ark:/12148/bd6t561963t/manifest.json'
For more information check: https://developer.mozilla.org/en-US/docs/Web/HTTP/Status/403",2026-07-17T15:34:10.680998
humanite,bd6t5619645,,failed,0,0,,http_manifest,known,403,manifest,"Client error '403 ' for url 'https://openapiproext.bnf.fr/iiif/presentation/v3/ark:/12148/bd6t5619645/manifest.json'
For more information check: https://developer.mozilla.org/en-US/docs/Web/HTTP/Status/403",2026-07-17T15:34:11.700643
humanite,bd6t561965h,,failed,0,0,,http_manifest,known,403,manifest,"Client error '403 ' for url 'https://openapiproext.bnf.fr/iiif/presentation/v3/ark:/12148/bd6t561965h/manifest.json'
For more information check: https://developer.mozilla.org/en-US/docs/Web/HTTP/Status/403",2026-07-17T15:34:12.892585
humanite,bd6t561966v,,failed,0,0,,http_manifest,known,403,manifest,"Client error '403 ' for url 'https://openapiproext.bnf.fr/iiif/presentation/v3/ark:/12148/bd6t561966v/manifest.json'
For more information check: https://developer.mozilla.org/en-US/docs/Web/HTTP/Status/403",2026-07-17T15:34:14.092641
humanite,bd6t5619676,,failed,0,0,,http_manifest,known,403,manifest,"Client error '403 ' for url 'https://openapiproext.bnf.fr/iiif/presentation/v3/ark:/12148/bd6t5619676/manifest.json'
For more information check: https://developer.mozilla.org/en-US/docs/Web/HTTP/Status/403",2026-07-17T15:34:15.334578
humanite,bd6t561968j,,failed,0,0,,http_manifest,known,403,manifest,"Client error '403 ' for url 'https://openapiproext.bnf.fr/iiif/presentation/v3/ark:/12148/bd6t561968j/manifest.json'
For more information check: https://developer.mozilla.org/en-US/docs/Web/HTTP/Status/403",2026-07-17T15:34:16.548041
humanite,bd6t561969w,,failed,0,0,,http_manifest,known,403,manifest,"Client error '403 ' for url 'https://openapiproext.bnf.fr/iiif/presentation/v3/ark:/12148/bd6t561969w/manifest.json'
For more information check: https://developer.mozilla.org/en-US/docs/Web/HTTP/Status/403",2026-07-17T15:34:17.707471
humanite,bd6t5619703,,failed,0,0,,http_manifest,known,403,manifest,"Client error '403 ' for url 'https://openapiproext.bnf.fr/iiif/presentation/v3/ark:/12148/bd6t5619703/manifest.json'
For more information check: https://developer.mozilla.org/en-US/docs/Web/HTTP/Status/403",2026-07-17T15:34:18.904948
humanite,bd6t561971f,,failed,0,0,,http_manifest,known,403,manifest,"Client error '403 ' for url 'https://openapiproext.bnf.fr/iiif/presentation/v3/ark:/12148/bd6t561971f/manifest.json'
For more information check: https://developer.mozilla.org/en-US/docs/Web/HTTP/Status/403",2026-07-17T15:34:20.100056
humanite,bd6t561972s,,failed,0,0,,http_manifest,known,403,manifest,"Client error '403 ' for url 'https://openapiproext.bnf.fr/iiif/presentation/v3/ark:/12148/bd6t561972s/manifest.json'
For more information check: https://developer.mozilla.org/en-US/docs/Web/HTTP/Status/403",2026-07-17T15:34:21.308882
humanite,bd6t5619734,,failed,0,0,,http_manifest,known,403,manifest,"Client error '403 ' for url 'https://openapiproext.bnf.fr/iiif/presentation/v3/ark:/12148/bd6t5619734/manifest.json'
For more information check: https://developer.mozilla.org/en-US/docs/Web/HTTP/Status/403",2026-07-17T15:34:22.509670
humanite,bd6t561974g,,failed,0,0,,http_manifest,known,403,manifest,"Client error '403 ' for url 'https://openapiproext.bnf.fr/iiif/presentation/v3/ark:/12148/bd6t561974g/manifest.json'
For more information check: https://developer.mozilla.org/en-US/docs/Web/HTTP/Status/403",2026-07-17T15:34:23.709223
humanite,bd6t5619765,,failed,0,0,,http_manifest,known,403,manifest,"Client error '403 ' for url 'https://openapiproext.bnf.fr/iiif/presentation/v3/ark:/12148/bd6t5619765/manifest.json'
For more information check: https://developer.mozilla.org/en-US/docs/Web/HTTP/Status/403",2026-07-17T15:34:24.911509
humanite,bd6t561975t,,failed,0,0,,http_manifest,known,403,manifest,"Client error '403 ' for url 'https://openapiproext.bnf.fr/iiif/presentation/v3/ark:/12148/bd6t561975t/manifest.json'
For more information check: https://developer.mozilla.org/en-US/docs/Web/HTTP/Status/403",2026-07-17T15:34:26.107983
humanite,bd6t561977h,,failed,0,0,,http_manifest,known,403,manifest,"Client error '403 ' for url 'https://openapiproext.bnf.fr/iiif/presentation/v3/ark:/12148/bd6t561977h/manifest.json'
For more information check: https://developer.mozilla.org/en-US/docs/Web/HTTP/Status/403",2026-07-17T15:34:27.312838
humanite,bd6t561978v,,failed,0,0,,http_manifest,known,403,manifest,"Client error '403 ' for url 'https://openapiproext.bnf.fr/iiif/presentation/v3/ark:/12148/bd6t561978v/manifest.json'
For more information check: https://developer.mozilla.org/en-US/docs/Web/HTTP/Status/403",2026-07-17T15:34:28.539444
humanite,bd6t5619796,,failed,0,0,,http_manifest,known,403,manifest,"Client error '403 ' for url 'https://openapiproext.bnf.fr/iiif/presentation/v3/ark:/12148/bd6t5619796/manifest.json'
For more information check: https://developer.mozilla.org/en-US/docs/Web/HTTP/Status/403",2026-07-17T15:34:29.717690
humanite,bd6t561980d,,failed,0,0,,http_manifest,known,403,manifest,"Client error '403 ' for url 'https://openapiproext.bnf.fr/iiif/presentation/v3/ark:/12148/bd6t561980d/manifest.json'
For more information check: https://developer.mozilla.org/en-US/docs/Web/HTTP/Status/403",2026-07-17T15:34:30.916628
humanite,bd6t561981r,,failed,0,0,,http_manifest,known,403,manifest,"Client error '403 ' for url 'https://openapiproext.bnf.fr/iiif/presentation/v3/ark:/12148/bd6t561981r/manifest.json'
For more information check: https://developer.mozilla.org/en-US/docs/Web/HTTP/Status/403",2026-07-17T15:34:32.118228
humanite,bd6t561983f,,failed,0,0,,http_manifest,known,403,manifest,"Client error '403 ' for url 'https://openapiproext.bnf.fr/iiif/presentation/v3/ark:/12148/bd6t561983f/manifest.json'
For more information check: https://developer.mozilla.org/en-US/docs/Web/HTTP/Status/403",2026-07-17T15:34:33.321917
humanite,bd6t5619823,,failed,0,0,,http_manifest,known,403,manifest,"Client error '403 ' for url 'https://openapiproext.bnf.fr/iiif/presentation/v3/ark:/12148/bd6t5619823/manifest.json'
For more information check: https://developer.mozilla.org/en-US/docs/Web/HTTP/Status/403",2026-07-17T15:34:34.545411
humanite,bd6t561984s,,failed,0,0,,http_manifest,known,403,manifest,"Client error '403 ' for url 'https://openapiproext.bnf.fr/iiif/presentation/v3/ark:/12148/bd6t561984s/manifest.json'
For more information check: https://developer.mozilla.org/en-US/docs/Web/HTTP/Status/403",2026-07-17T15:34:35.722683
humanite,bd6t5619854,,failed,0,0,,http_manifest,known,403,manifest,"Client error '403 ' for url 'https://openapiproext.bnf.fr/iiif/presentation/v3/ark:/12148/bd6t5619854/manifest.json'
For more information check: https://developer.mozilla.org/en-US/docs/Web/HTTP/Status/403",2026-07-17T15:34:36.925999
humanite,bd6t561986g,,failed,0,0,,http_manifest,known,403,manifest,"Client error '403 ' for url 'https://openapiproext.bnf.fr/iiif/presentation/v3/ark:/12148/bd6t561986g/manifest.json'
For more information check: https://developer.mozilla.org/en-US/docs/Web/HTTP/Status/403",2026-07-17T15:34:38.132227
humanite,bd6t561987t,,failed,0,0,,http_manifest,known,403,manifest,"Client error '403 ' for url 'https://openapiproext.bnf.fr/iiif/presentation/v3/ark:/12148/bd6t561987t/manifest.json'
For more information check: https://developer.mozilla.org/en-US/docs/Web/HTTP/Status/403",2026-07-17T15:34:39.328402
humanite,bd6t561989h,,failed,0,0,,http_manifest,known,403,manifest,"Client error '403 ' for url 'https://openapiproext.bnf.fr/iiif/presentation/v3/ark:/12148/bd6t561989h/manifest.json'
For more information check: https://developer.mozilla.org/en-US/docs/Web/HTTP/Status/403",2026-07-17T15:34:40.527053
humanite,bd6t5619885,,failed,0,0,,http_manifest,known,403,manifest,"Client error '403 ' for url 'https://openapiproext.bnf.fr/iiif/presentation/v3/ark:/12148/bd6t5619885/manifest.json'
For more information check: https://developer.mozilla.org/en-US/docs/Web/HTTP/Status/403",2026-07-17T15:34:41.732164
humanite,bd6t561990q,,failed,0,0,,http_manifest,known,403,manifest,"Client error '403 ' for url 'https://openapiproext.bnf.fr/iiif/presentation/v3/ark:/12148/bd6t561990q/manifest.json'
For more information check: https://developer.mozilla.org/en-US/docs/Web/HTTP/Status/403",2026-07-17T15:34:42.938807
humanite,bd6t5619912,,failed,0,0,,http_manifest,known,403,manifest,"Client error '403 ' for url 'https://openapiproext.bnf.fr/iiif/presentation/v3/ark:/12148/bd6t5619912/manifest.json'
For more information check: https://developer.mozilla.org/en-US/docs/Web/HTTP/Status/403",2026-07-17T15:34:44.130185
humanite,bd6t561992d,,failed,0,0,,http_manifest,known,403,manifest,"Client error '403 ' for url 'https://openapiproext.bnf.fr/iiif/presentation/v3/ark:/12148/bd6t561992d/manifest.json'
For more information check: https://developer.mozilla.org/en-US/docs/Web/HTTP/Status/403",2026-07-17T15:34:45.334821
humanite,bd6t561993r,,failed,0,0,,http_manifest,known,403,manifest,"Client error '403 ' for url 'https://openapiproext.bnf.fr/iiif/presentation/v3/ark:/12148/bd6t561993r/manifest.json'
For more information check: https://developer.mozilla.org/en-US/docs/Web/HTTP/Status/403",2026-07-17T15:34:46.559388
humanite,bd6t5619943,,failed,0,0,,http_manifest,known,403,manifest,"Client error '403 ' for url 'https://openapiproext.bnf.fr/iiif/presentation/v3/ark:/12148/bd6t5619943/manifest.json'
For more information check: https://developer.mozilla.org/en-US/docs/Web/HTTP/Status/403",2026-07-17T15:34:47.736734
humanite,bd6t561996s,,failed,0,0,,http_manifest,known,403,manifest,"Client error '403 ' for url 'https://openapiproext.bnf.fr/iiif/presentation/v3/ark:/12148/bd6t561996s/manifest.json'
For more information check: https://developer.mozilla.org/en-US/docs/Web/HTTP/Status/403",2026-07-17T15:34:48.941992
humanite,bd6t561995f,,failed,0,0,,http_manifest,known,403,manifest,"Client error '403 ' for url 'https://openapiproext.bnf.fr/iiif/presentation/v3/ark:/12148/bd6t561995f/manifest.json'
For more information check: https://developer.mozilla.org/en-US/docs/Web/HTTP/Status/403",2026-07-17T15:34:50.143812
humanite,bd6t5619974,,failed,0,0,,http_manifest,known,403,manifest,"Client error '403 ' for url 'https://openapiproext.bnf.fr/iiif/presentation/v3/ark:/12148/bd6t5619974/manifest.json'
For more information check: https://developer.mozilla.org/en-US/docs/Web/HTTP/Status/403",2026-07-17T15:34:51.343589
humanite,bd6t561998g,,failed,0,0,,http_manifest,known,403,manifest,"Client error '403 ' for url 'https://openapiproext.bnf.fr/iiif/presentation/v3/ark:/12148/bd6t561998g/manifest.json'
For more information check: https://developer.mozilla.org/en-US/docs/Web/HTTP/Status/403",2026-07-17T15:34:52.547495
humanite,bd6t561999t,,failed,0,0,,http_manifest,known,403,manifest,"Client error '403 ' for url 'https://openapiproext.bnf.fr/iiif/presentation/v3/ark:/12148/bd6t561999t/manifest.json'
For more information check: https://developer.mozilla.org/en-US/docs/Web/HTTP/Status/403",2026-07-17T15:34:53.747105
humanite,bd6t562000p,,failed,0,0,,http_manifest,known,403,manifest,"Client error '403 ' for url 'https://openapiproext.bnf.fr/iiif/presentation/v3/ark:/12148/bd6t562000p/manifest.json'
For more information check: https://developer.mozilla.org/en-US/docs/Web/HTTP/Status/403",2026-07-17T15:34:54.950803
humanite,bd6t5620011,,failed,0,0,,http_manifest,known,403,manifest,"Client error '403 ' for url 'https://openapiproext.bnf.fr/iiif/presentation/v3/ark:/12148/bd6t5620011/manifest.json'
For more information check: https://developer.mozilla.org/en-US/docs/Web/HTTP/Status/403",2026-07-17T15:34:56.150849
humanite,bd6t562002c,,failed,0,0,,http_manifest,known,403,manifest,"Client error '403 ' for url 'https://openapiproext.bnf.fr/iiif/presentation/v3/ark:/12148/bd6t562002c/manifest.json'
For more information check: https://developer.mozilla.org/en-US/docs/Web/HTTP/Status/403",2026-07-17T15:34:57.361987
humanite,bd6t562003q,,failed,0,0,,http_manifest,known,403,manifest,"Client error '403 ' for url 'https://openapiproext.bnf.fr/iiif/presentation/v3/ark:/12148/bd6t562003q/manifest.json'
For more information check: https://developer.mozilla.org/en-US/docs/Web/HTTP/Status/403",2026-07-17T15:34:58.554481
humanite,bd6t562637p,,failed,0,0,,http_manifest,known,403,manifest,"Client error '403 ' for url 'https://openapiproext.bnf.fr/iiif/presentation/v3/ark:/12148/bd6t562637p/manifest.json'
For more information check: https://developer.mozilla.org/en-US/docs/Web/HTTP/Status/403",2026-07-17T15:34:59.856835
humanite,bd6t5626381,,failed,0,0,,http_manifest,known,403,manifest,"Client error '403 ' for url 'https://openapiproext.bnf.fr/iiif/presentation/v3/ark:/12148/bd6t5626381/manifest.json'
For more information check: https://developer.mozilla.org/en-US/docs/Web/HTTP/Status/403",2026-07-17T15:35:00.959982
humanite,bd6t562639c,,failed,0,0,,http_manifest,known,403,manifest,"Client error '403 ' for url 'https://openapiproext.bnf.fr/iiif/presentation/v3/ark:/12148/bd6t562639c/manifest.json'
For more information check: https://developer.mozilla.org/en-US/docs/Web/HTTP/Status/403",2026-07-17T15:35:02.160218
humanite,bd6t562640k,,failed,0,0,,http_manifest,known,403,manifest,"Client error '403 ' for url 'https://openapiproext.bnf.fr/iiif/presentation/v3/ark:/12148/bd6t562640k/manifest.json'
For more information check: https://developer.mozilla.org/en-US/docs/Web/HTTP/Status/403",2026-07-17T15:35:03.358010
humanite,bd6t562641x,,failed,0,0,,http_manifest,known,403,manifest,"Client error '403 ' for url 'https://openapiproext.bnf.fr/iiif/presentation/v3/ark:/12148/bd6t562641x/manifest.json'
For more information check: https://developer.mozilla.org/en-US/docs/Web/HTTP/Status/403",2026-07-17T15:35:04.596238
humanite,bd6t562643m,,failed,0,0,,http_manifest,known,403,manifest,"Client error '403 ' for url 'https://openapiproext.bnf.fr/iiif/presentation/v3/ark:/12148/bd6t562643m/manifest.json'
For more information check: https://developer.mozilla.org/en-US/docs/Web/HTTP/Status/403",2026-07-17T15:35:05.790295
humanite,bd6t5626428,,failed,0,0,,http_manifest,known,403,manifest,"Client error '403 ' for url 'https://openapiproext.bnf.fr/iiif/presentation/v3/ark:/12148/bd6t5626428/manifest.json'
For more information check: https://developer.mozilla.org/en-US/docs/Web/HTTP/Status/403",2026-07-17T15:35:07.039703
humanite,bd6t562644z,,failed,0,0,,http_manifest,known,403,manifest,"Client error '403 ' for url 'https://openapiproext.bnf.fr/iiif/presentation/v3/ark:/12148/bd6t562644z/manifest.json'
For more information check: https://developer.mozilla.org/en-US/docs/Web/HTTP/Status/403",2026-07-17T15:35:08.165504
humanite,bd6t5626459,,failed,0,0,,http_manifest,known,403,manifest,"Client error '403 ' for url 'https://openapiproext.bnf.fr/iiif/presentation/v3/ark:/12148/bd6t5626459/manifest.json'
For more information check: https://developer.mozilla.org/en-US/docs/Web/HTTP/Status/403",2026-07-17T15:35:09.372777
humanite,bd6t562646n,,failed,0,0,,http_manifest,known,403,manifest,"Client error '403 ' for url 'https://openapiproext.bnf.fr/iiif/presentation/v3/ark:/12148/bd6t562646n/manifest.json'
For more information check: https://developer.mozilla.org/en-US/docs/Web/HTTP/Status/403",2026-07-17T15:35:10.838055
humanite,bd6t5626470,,failed,0,0,,http_manifest,known,403,manifest,"Client error '403 ' for url 'https://openapiproext.bnf.fr/iiif/presentation/v3/ark:/12148/bd6t5626470/manifest.json'
For more information check: https://developer.mozilla.org/en-US/docs/Web/HTTP/Status/403",2026-07-17T15:35:11.826300
humanite,bd6t562648b,,failed,0,0,,http_manifest,known,403,manifest,"Client error '403 ' for url 'https://openapiproext.bnf.fr/iiif/presentation/v3/ark:/12148/bd6t562648b/manifest.json'
For more information check: https://developer.mozilla.org/en-US/docs/Web/HTTP/Status/403",2026-07-17T15:35:13.178332
humanite,bd6t562650w,,failed,0,0,,http_manifest,known,403,manifest,"Client error '403 ' for url 'https://openapiproext.bnf.fr/iiif/presentation/v3/ark:/12148/bd6t562650w/manifest.json'
For more information check: https://developer.mozilla.org/en-US/docs/Web/HTTP/Status/403",2026-07-17T15:35:14.391889
humanite,bd6t562649p,,failed,0,0,,http_manifest,known,403,manifest,"Client error '403 ' for url 'https://openapiproext.bnf.fr/iiif/presentation/v3/ark:/12148/bd6t562649p/manifest.json'
For more information check: https://developer.mozilla.org/en-US/docs/Web/HTTP/Status/403",2026-07-17T15:35:15.377822
humanite,bd6t5626517,,failed,0,0,,http_manifest,known,403,manifest,"Client error '403 ' for url 'https://openapiproext.bnf.fr/iiif/presentation/v3/ark:/12148/bd6t5626517/manifest.json'
For more information check: https://developer.mozilla.org/en-US/docs/Web/HTTP/Status/403",2026-07-17T15:35:16.581918
humanite,bd6t562652k,,failed,0,0,,http_manifest,known,403,manifest,"Client error '403 ' for url 'https://openapiproext.bnf.fr/iiif/presentation/v3/ark:/12148/bd6t562652k/manifest.json'
For more information check: https://developer.mozilla.org/en-US/docs/Web/HTTP/Status/403",2026-07-17T15:35:17.833855
humanite,bd6t562653x,,failed,0,0,,http_manifest,known,403,manifest,"Client error '403 ' for url 'https://openapiproext.bnf.fr/iiif/presentation/v3/ark:/12148/bd6t562653x/manifest.json'
For more information check: https://developer.mozilla.org/en-US/docs/Web/HTTP/Status/403",2026-07-17T15:35:19.124294
humanite,bd6t5626548,,failed,0,0,,http_manifest,known,403,manifest,"Client error '403 ' for url 'https://openapiproext.bnf.fr/iiif/presentation/v3/ark:/12148/bd6t5626548/manifest.json'
For more information check: https://developer.mozilla.org/en-US/docs/Web/HTTP/Status/403",2026-07-17T15:35:20.180131
humanite,bd6t562655m,,failed,0,0,,http_manifest,known,403,manifest,"Client error '403 ' for url 'https://openapiproext.bnf.fr/iiif/presentation/v3/ark:/12148/bd6t562655m/manifest.json'
For more information check: https://developer.mozilla.org/en-US/docs/Web/HTTP/Status/403",2026-07-17T15:35:21.385458
humanite,bd6t5626579,,failed,0,0,,http_manifest,known,403,manifest,"Client error '403 ' for url 'https://openapiproext.bnf.fr/iiif/presentation/v3/ark:/12148/bd6t5626579/manifest.json'
For more information check: https://developer.mozilla.org/en-US/docs/Web/HTTP/Status/403",2026-07-17T15:35:22.579746
humanite,bd6t562656z,,failed,0,0,,http_manifest,known,403,manifest,"Client error '403 ' for url 'https://openapiproext.bnf.fr/iiif/presentation/v3/ark:/12148/bd6t562656z/manifest.json'
For more information check: https://developer.mozilla.org/en-US/docs/Web/HTTP/Status/403",2026-07-17T15:35:23.784904
humanite,bd6t562658n,,failed,0,0,,http_manifest,known,403,manifest,"Client error '403 ' for url 'https://openapiproext.bnf.fr/iiif/presentation/v3/ark:/12148/bd6t562658n/manifest.json'
For more information check: https://developer.mozilla.org/en-US/docs/Web/HTTP/Status/403",2026-07-17T15:35:24.987880
humanite,bd6t5626590,,failed,0,0,,http_manifest,known,403,manifest,"Client error '403 ' for url 'https://openapiproext.bnf.fr/iiif/presentation/v3/ark:/12148/bd6t5626590/manifest.json'
For more information check: https://developer.mozilla.org/en-US/docs/Web/HTTP/Status/403",2026-07-17T15:35:26.192217
humanite,bd6t562661j,,failed,0,0,,http_manifest,known,403,manifest,"Client error '403 ' for url 'https://openapiproext.bnf.fr/iiif/presentation/v3/ark:/12148/bd6t562661j/manifest.json'
For more information check: https://developer.mozilla.org/en-US/docs/Web/HTTP/Status/403",2026-07-17T15:35:27.389493
humanite,bd6t5626606,,failed,0,0,,http_manifest,known,403,manifest,"Client error '403 ' for url 'https://openapiproext.bnf.fr/iiif/presentation/v3/ark:/12148/bd6t5626606/manifest.json'
For more information check: https://developer.mozilla.org/en-US/docs/Web/HTTP/Status/403",2026-07-17T15:35:28.592035
humanite,bd6t562662w,,failed,0,0,,http_manifest,known,403,manifest,"Client error '403 ' for url 'https://openapiproext.bnf.fr/iiif/presentation/v3/ark:/12148/bd6t562662w/manifest.json'
For more information check: https://developer.mozilla.org/en-US/docs/Web/HTTP/Status/403",2026-07-17T15:35:29.788905
humanite,bd6t5626637,,failed,0,0,,http_manifest,known,403,manifest,"Client error '403 ' for url 'https://openapiproext.bnf.fr/iiif/presentation/v3/ark:/12148/bd6t5626637/manifest.json'
For more information check: https://developer.mozilla.org/en-US/docs/Web/HTTP/Status/403",2026-07-17T15:35:30.993986
humanite,bd6t562664k,,failed,0,0,,http_manifest,known,403,manifest,"Client error '403 ' for url 'https://openapiproext.bnf.fr/iiif/presentation/v3/ark:/12148/bd6t562664k/manifest.json'
For more information check: https://developer.mozilla.org/en-US/docs/Web/HTTP/Status/403",2026-07-17T15:35:32.195342
humanite,bd6t562665x,,failed,0,0,,http_manifest,known,403,manifest,"Client error '403 ' for url 'https://openapiproext.bnf.fr/iiif/presentation/v3/ark:/12148/bd6t562665x/manifest.json'
For more information check: https://developer.mozilla.org/en-US/docs/Web/HTTP/Status/403",2026-07-17T15:35:33.395244
humanite,bd6t5626668,,failed,0,0,,http_manifest,known,403,manifest,"Client error '403 ' for url 'https://openapiproext.bnf.fr/iiif/presentation/v3/ark:/12148/bd6t5626668/manifest.json'
For more information check: https://developer.mozilla.org/en-US/docs/Web/HTTP/Status/403",2026-07-17T15:35:34.595957
humanite,bd6t562667m,,failed,0,0,,http_manifest,known,403,manifest,"Client error '403 ' for url 'https://openapiproext.bnf.fr/iiif/presentation/v3/ark:/12148/bd6t562667m/manifest.json'
For more information check: https://developer.mozilla.org/en-US/docs/Web/HTTP/Status/403",2026-07-17T15:35:35.798247
humanite,bd6t562668z,,failed,0,0,,http_manifest,known,403,manifest,"Client error '403 ' for url 'https://openapiproext.bnf.fr/iiif/presentation/v3/ark:/12148/bd6t562668z/manifest.json'
For more information check: https://developer.mozilla.org/en-US/docs/Web/HTTP/Status/403",2026-07-17T15:35:36.998247
humanite,bd6t5626699,,failed,0,0,,http_manifest,known,403,manifest,"Client error '403 ' for url 'https://openapiproext.bnf.fr/iiif/presentation/v3/ark:/12148/bd6t5626699/manifest.json'
For more information check: https://developer.mozilla.org/en-US/docs/Web/HTTP/Status/403",2026-07-17T15:35:38.199951
humanite,bd6t562670h,,failed,0,0,,http_manifest,known,403,manifest,"Client error '403 ' for url 'https://openapiproext.bnf.fr/iiif/presentation/v3/ark:/12148/bd6t562670h/manifest.json'
For more information check: https://developer.mozilla.org/en-US/docs/Web/HTTP/Status/403",2026-07-17T15:35:39.399849
humanite,bd6t562671v,,failed,0,0,,http_manifest,known,403,manifest,"Client error '403 ' for url 'https://openapiproext.bnf.fr/iiif/presentation/v3/ark:/12148/bd6t562671v/manifest.json'
For more information check: https://developer.mozilla.org/en-US/docs/Web/HTTP/Status/403",2026-07-17T15:35:40.605548
humanite,bd6t5626726,,failed,0,0,,http_manifest,known,403,manifest,"Client error '403 ' for url 'https://openapiproext.bnf.fr/iiif/presentation/v3/ark:/12148/bd6t5626726/manifest.json'
For more information check: https://developer.mozilla.org/en-US/docs/Web/HTTP/Status/403",2026-07-17T15:35:41.802849
humanite,bd6t562673j,,failed,0,0,,http_manifest,known,403,manifest,"Client error '403 ' for url 'https://openapiproext.bnf.fr/iiif/presentation/v3/ark:/12148/bd6t562673j/manifest.json'
For more information check: https://developer.mozilla.org/en-US/docs/Web/HTTP/Status/403",2026-07-17T15:35:43.008086
humanite,bd6t562674w,,failed,0,0,,http_manifest,known,403,manifest,"Client error '403 ' for url 'https://openapiproext.bnf.fr/iiif/presentation/v3/ark:/12148/bd6t562674w/manifest.json'
For more information check: https://developer.mozilla.org/en-US/docs/Web/HTTP/Status/403",2026-07-17T15:35:44.208529
humanite,bd6t5626757,,failed,0,0,,http_manifest,known,403,manifest,"Client error '403 ' for url 'https://openapiproext.bnf.fr/iiif/presentation/v3/ark:/12148/bd6t5626757/manifest.json'
For more information check: https://developer.mozilla.org/en-US/docs/Web/HTTP/Status/403",2026-07-17T15:35:45.410272
humanite,bd6t562676k,,failed,0,0,,http_manifest,known,403,manifest,"Client error '403 ' for url 'https://openapiproext.bnf.fr/iiif/presentation/v3/ark:/12148/bd6t562676k/manifest.json'
For more information check: https://developer.mozilla.org/en-US/docs/Web/HTTP/Status/403",2026-07-17T15:35:46.609121
humanite,bd6t562677x,,failed,0,0,,http_manifest,known,403,manifest,"Client error '403 ' for url 'https://openapiproext.bnf.fr/iiif/presentation/v3/ark:/12148/bd6t562677x/manifest.json'
For more information check: https://developer.mozilla.org/en-US/docs/Web/HTTP/Status/403",2026-07-17T15:35:47.814849
humanite,bd6t562679m,,failed,0,0,,http_manifest,known,403,manifest,"Client error '403 ' for url 'https://openapiproext.bnf.fr/iiif/presentation/v3/ark:/12148/bd6t562679m/manifest.json'
For more information check: https://developer.mozilla.org/en-US/docs/Web/HTTP/Status/403",2026-07-17T15:35:49.014897
humanite,bd6t5626788,,failed,0,0,,http_manifest,known,403,manifest,"Client error '403 ' for url 'https://openapiproext.bnf.fr/iiif/presentation/v3/ark:/12148/bd6t5626788/manifest.json'
For more information check: https://developer.mozilla.org/en-US/docs/Web/HTTP/Status/403",2026-07-17T15:35:50.236768
humanite,bd6t562680t,,failed,0,0,,http_manifest,known,403,manifest,"Client error '403 ' for url 'https://openapiproext.bnf.fr/iiif/presentation/v3/ark:/12148/bd6t562680t/manifest.json'
For more information check: https://developer.mozilla.org/en-US/docs/Web/HTTP/Status/403",2026-07-17T15:35:51.416819
humanite,bd6t5626815,,failed,0,0,,http_manifest,known,403,manifest,"Client error '403 ' for url 'https://openapiproext.bnf.fr/iiif/presentation/v3/ark:/12148/bd6t5626815/manifest.json'
For more information check: https://developer.mozilla.org/en-US/docs/Web/HTTP/Status/403",2026-07-17T15:35:52.615922
humanite,bd6t562682h,,failed,0,0,,http_manifest,known,403,manifest,"Client error '403 ' for url 'https://openapiproext.bnf.fr/iiif/presentation/v3/ark:/12148/bd6t562682h/manifest.json'
For more information check: https://developer.mozilla.org/en-US/docs/Web/HTTP/Status/403",2026-07-17T15:35:53.819894
humanite,bd6t562683v,,failed,0,0,,http_manifest,known,403,manifest,"Client error '403 ' for url 'https://openapiproext.bnf.fr/iiif/presentation/v3/ark:/12148/bd6t562683v/manifest.json'
For more information check: https://developer.mozilla.org/en-US/docs/Web/HTTP/Status/403",2026-07-17T15:35:55.022535
humanite,bd6t5626846,,failed,0,0,,http_manifest,known,403,manifest,"Client error '403 ' for url 'https://openapiproext.bnf.fr/iiif/presentation/v3/ark:/12148/bd6t5626846/manifest.json'
For more information check: https://developer.mozilla.org/en-US/docs/Web/HTTP/Status/403",2026-07-17T15:35:56.221476
humanite,bd6t562685j,,failed,0,0,,http_manifest,known,403,manifest,"Client error '403 ' for url 'https://openapiproext.bnf.fr/iiif/presentation/v3/ark:/12148/bd6t562685j/manifest.json'
For more information check: https://developer.mozilla.org/en-US/docs/Web/HTTP/Status/403",2026-07-17T15:35:57.425763
humanite,bd6t562686w,,failed,0,0,,http_manifest,known,403,manifest,"Client error '403 ' for url 'https://openapiproext.bnf.fr/iiif/presentation/v3/ark:/12148/bd6t562686w/manifest.json'
For more information check: https://developer.mozilla.org/en-US/docs/Web/HTTP/Status/403",2026-07-17T15:35:58.714580
humanite,bd6t5626877,,failed,0,0,,http_manifest,known,403,manifest,"Client error '403 ' for url 'https://openapiproext.bnf.fr/iiif/presentation/v3/ark:/12148/bd6t5626877/manifest.json'
For more information check: https://developer.mozilla.org/en-US/docs/Web/HTTP/Status/403",2026-07-17T15:35:59.957990
humanite,bd6t562688k,,failed,0,0,,http_manifest,known,403,manifest,"Client error '403 ' for url 'https://openapiproext.bnf.fr/iiif/presentation/v3/ark:/12148/bd6t562688k/manifest.json'
For more information check: https://developer.mozilla.org/en-US/docs/Web/HTTP/Status/403",2026-07-17T15:36:01.135937
humanite,bd6t562689x,,failed,0,0,,http_manifest,known,403,manifest,"Client error '403 ' for url 'https://openapiproext.bnf.fr/iiif/presentation/v3/ark:/12148/bd6t562689x/manifest.json'
For more information check: https://developer.mozilla.org/en-US/docs/Web/HTTP/Status/403",2026-07-17T15:36:02.231573
humanite,bd6t5626904,,failed,0,0,,http_manifest,known,403,manifest,"Client error '403 ' for url 'https://openapiproext.bnf.fr/iiif/presentation/v3/ark:/12148/bd6t5626904/manifest.json'
For more information check: https://developer.mozilla.org/en-US/docs/Web/HTTP/Status/403",2026-07-17T15:36:03.636483
humanite,bd6t562691g,,failed,0,0,,http_manifest,known,403,manifest,"Client error '403 ' for url 'https://openapiproext.bnf.fr/iiif/presentation/v3/ark:/12148/bd6t562691g/manifest.json'
For more information check: https://developer.mozilla.org/en-US/docs/Web/HTTP/Status/403",2026-07-17T15:36:04.759730
humanite,bd6t5626935,,failed,0,0,,http_manifest,known,403,manifest,"Client error '403 ' for url 'https://openapiproext.bnf.fr/iiif/presentation/v3/ark:/12148/bd6t5626935/manifest.json'
For more information check: https://developer.mozilla.org/en-US/docs/Web/HTTP/Status/403",2026-07-17T15:36:06.005692
humanite,bd6t562692t,,failed,0,0,,http_manifest,known,403,manifest,"Client error '403 ' for url 'https://openapiproext.bnf.fr/iiif/presentation/v3/ark:/12148/bd6t562692t/manifest.json'
For more information check: https://developer.mozilla.org/en-US/docs/Web/HTTP/Status/403",2026-07-17T15:36:07.043448
humanite,bd6t562694h,,failed,0,0,,http_manifest,known,403,manifest,"Client error '403 ' for url 'https://openapiproext.bnf.fr/iiif/presentation/v3/ark:/12148/bd6t562694h/manifest.json'
For more information check: https://developer.mozilla.org/en-US/docs/Web/HTTP/Status/403",2026-07-17T15:36:08.267616
humanite,bd6t562695v,,failed,0,0,,http_manifest,known,403,manifest,"Client error '403 ' for url 'https://openapiproext.bnf.fr/iiif/presentation/v3/ark:/12148/bd6t562695v/manifest.json'
For more information check: https://developer.mozilla.org/en-US/docs/Web/HTTP/Status/403",2026-07-17T15:36:09.444990
humanite,bd6t5626966,,failed,0,0,,http_manifest,known,403,manifest,"Client error '403 ' for url 'https://openapiproext.bnf.fr/iiif/presentation/v3/ark:/12148/bd6t5626966/manifest.json'
For more information check: https://developer.mozilla.org/en-US/docs/Web/HTTP/Status/403",2026-07-17T15:36:10.646780
humanite,bd6t562697j,,failed,0,0,,http_manifest,known,403,manifest,"Client error '403 ' for url 'https://openapiproext.bnf.fr/iiif/presentation/v3/ark:/12148/bd6t562697j/manifest.json'
For more information check: https://developer.mozilla.org/en-US/docs/Web/HTTP/Status/403",2026-07-17T15:36:11.845392
humanite,bd6t562698w,,failed,0,0,,http_manifest,known,403,manifest,"Client error '403 ' for url 'https://openapiproext.bnf.fr/iiif/presentation/v3/ark:/12148/bd6t562698w/manifest.json'
For more information check: https://developer.mozilla.org/en-US/docs/Web/HTTP/Status/403",2026-07-17T15:36:13.052909
humanite,bd6t5626997,,failed,0,0,,http_manifest,known,403,manifest,"Client error '403 ' for url 'https://openapiproext.bnf.fr/iiif/presentation/v3/ark:/12148/bd6t5626997/manifest.json'
For more information check: https://developer.mozilla.org/en-US/docs/Web/HTTP/Status/403",2026-07-17T15:36:14.251402
humanite,bd6t562700m,,failed,0,0,,http_manifest,known,403,manifest,"Client error '403 ' for url 'https://openapiproext.bnf.fr/iiif/presentation/v3/ark:/12148/bd6t562700m/manifest.json'
For more information check: https://developer.mozilla.org/en-US/docs/Web/HTTP/Status/403",2026-07-17T15:36:15.458661
humanite,bd6t562701z,,failed,0,0,,http_manifest,known,403,manifest,"Client error '403 ' for url 'https://openapiproext.bnf.fr/iiif/presentation/v3/ark:/12148/bd6t562701z/manifest.json'
For more information check: https://developer.mozilla.org/en-US/docs/Web/HTTP/Status/403",2026-07-17T15:36:16.675277
humanite,bd6t5627029,,failed,0,0,,http_manifest,known,403,manifest,"Client error '403 ' for url 'https://openapiproext.bnf.fr/iiif/presentation/v3/ark:/12148/bd6t5627029/manifest.json'
For more information check: https://developer.mozilla.org/en-US/docs/Web/HTTP/Status/403",2026-07-17T15:36:17.852044
humanite,bd6t562703n,,failed,0,0,,http_manifest,known,403,manifest,"Client error '403 ' for url 'https://openapiproext.bnf.fr/iiif/presentation/v3/ark:/12148/bd6t562703n/manifest.json'
For more information check: https://developer.mozilla.org/en-US/docs/Web/HTTP/Status/403",2026-07-17T15:36:19.055040
humanite,bd6t5627040,,failed,0,0,,http_manifest,known,403,manifest,"Client error '403 ' for url 'https://openapiproext.bnf.fr/iiif/presentation/v3/ark:/12148/bd6t5627040/manifest.json'
For more information check: https://developer.mozilla.org/en-US/docs/Web/HTTP/Status/403",2026-07-17T15:36:20.255915
humanite,bd6t562705b,,failed,0,0,,http_manifest,known,403,manifest,"Client error '403 ' for url 'https://openapiproext.bnf.fr/iiif/presentation/v3/ark:/12148/bd6t562705b/manifest.json'
For more information check: https://developer.mozilla.org/en-US/docs/Web/HTTP/Status/403",2026-07-17T15:36:21.457933
humanite,bd6t562706p,,failed,0,0,,http_manifest,known,403,manifest,"Client error '403 ' for url 'https://openapiproext.bnf.fr/iiif/presentation/v3/ark:/12148/bd6t562706p/manifest.json'
For more information check: https://developer.mozilla.org/en-US/docs/Web/HTTP/Status/403",2026-07-17T15:36:22.672151
humanite,bd6t5627071,,failed,0,0,,http_manifest,known,403,manifest,"Client error '403 ' for url 'https://openapiproext.bnf.fr/iiif/presentation/v3/ark:/12148/bd6t5627071/manifest.json'
For more information check: https://developer.mozilla.org/en-US/docs/Web/HTTP/Status/403",2026-07-17T15:36:23.861315
humanite,bd6t562708c,,failed,0,0,,http_manifest,known,403,manifest,"Client error '403 ' for url 'https://openapiproext.bnf.fr/iiif/presentation/v3/ark:/12148/bd6t562708c/manifest.json'
For more information check: https://developer.mozilla.org/en-US/docs/Web/HTTP/Status/403",2026-07-17T15:36:25.060485
humanite,bd6t562709q,,failed,0,0,,http_manifest,known,403,manifest,"Client error '403 ' for url 'https://openapiproext.bnf.fr/iiif/presentation/v3/ark:/12148/bd6t562709q/manifest.json'
For more information check: https://developer.mozilla.org/en-US/docs/Web/HTTP/Status/403",2026-07-17T15:36:26.264264
humanite,bd6t562710x,,failed,0,0,,http_manifest,known,403,manifest,"Client error '403 ' for url 'https://openapiproext.bnf.fr/iiif/presentation/v3/ark:/12148/bd6t562710x/manifest.json'
For more information check: https://developer.mozilla.org/en-US/docs/Web/HTTP/Status/403",2026-07-17T15:36:27.463507
humanite,bd6t562712m,,failed,0,0,,http_manifest,known,403,manifest,"Client error '403 ' for url 'https://openapiproext.bnf.fr/iiif/presentation/v3/ark:/12148/bd6t562712m/manifest.json'
For more information check: https://developer.mozilla.org/en-US/docs/Web/HTTP/Status/403",2026-07-17T15:36:28.680963
humanite,bd6t5627118,,failed,0,0,,http_manifest,known,403,manifest,"Client error '403 ' for url 'https://openapiproext.bnf.fr/iiif/presentation/v3/ark:/12148/bd6t5627118/manifest.json'
For more information check: https://developer.mozilla.org/en-US/docs/Web/HTTP/Status/403",2026-07-17T15:36:29.866501
humanite,bd6t562713z,,failed,0,0,,http_manifest,known,403,manifest,"Client error '403 ' for url 'https://openapiproext.bnf.fr/iiif/presentation/v3/ark:/12148/bd6t562713z/manifest.json'
For more information check: https://developer.mozilla.org/en-US/docs/Web/HTTP/Status/403",2026-07-17T15:36:31.076001
humanite,bd6t5627149,,failed,0,0,,http_manifest,known,403,manifest,"Client error '403 ' for url 'https://openapiproext.bnf.fr/iiif/presentation/v3/ark:/12148/bd6t5627149/manifest.json'
For more information check: https://developer.mozilla.org/en-US/docs/Web/HTTP/Status/403",2026-07-17T15:36:32.270567
humanite,bd6t562715n,,failed,0,0,,http_manifest,known,403,manifest,"Client error '403 ' for url 'https://openapiproext.bnf.fr/iiif/presentation/v3/ark:/12148/bd6t562715n/manifest.json'
For more information check: https://developer.mozilla.org/en-US/docs/Web/HTTP/Status/403",2026-07-17T15:36:33.474352
humanite,bd6t5627160,,failed,0,0,,http_manifest,known,403,manifest,"Client error '403 ' for url 'https://openapiproext.bnf.fr/iiif/presentation/v3/ark:/12148/bd6t5627160/manifest.json'
For more information check: https://developer.mozilla.org/en-US/docs/Web/HTTP/Status/403",2026-07-17T15:36:34.677849
humanite,bd6t562717b,,failed,0,0,,http_manifest,known,403,manifest,"Client error '403 ' for url 'https://openapiproext.bnf.fr/iiif/presentation/v3/ark:/12148/bd6t562717b/manifest.json'
For more information check: https://developer.mozilla.org/en-US/docs/Web/HTTP/Status/403",2026-07-17T15:36:35.878408
humanite,bd6t562718p,,failed,0,0,,http_manifest,known,403,manifest,"Client error '403 ' for url 'https://openapiproext.bnf.fr/iiif/presentation/v3/ark:/12148/bd6t562718p/manifest.json'
For more information check: https://developer.mozilla.org/en-US/docs/Web/HTTP/Status/403",2026-07-17T15:36:37.078679
humanite,bd6t5627191,,failed,0,0,,http_manifest,known,403,manifest,"Client error '403 ' for url 'https://openapiproext.bnf.fr/iiif/presentation/v3/ark:/12148/bd6t5627191/manifest.json'
For more information check: https://developer.mozilla.org/en-US/docs/Web/HTTP/Status/403",2026-07-17T15:36:38.285365
humanite,bd6t5627207,,failed,0,0,,http_manifest,known,403,manifest,"Client error '403 ' for url 'https://openapiproext.bnf.fr/iiif/presentation/v3/ark:/12148/bd6t5627207/manifest.json'
For more information check: https://developer.mozilla.org/en-US/docs/Web/HTTP/Status/403",2026-07-17T15:36:39.483013
humanite,bd6t562721k,,failed,0,0,,http_manifest,known,403,manifest,"Client error '403 ' for url 'https://openapiproext.bnf.fr/iiif/presentation/v3/ark:/12148/bd6t562721k/manifest.json'
For more information check: https://developer.mozilla.org/en-US/docs/Web/HTTP/Status/403",2026-07-17T15:36:40.698073
humanite,bd6t562722x,,failed,0,0,,http_manifest,known,403,manifest,"Client error '403 ' for url 'https://openapiproext.bnf.fr/iiif/presentation/v3/ark:/12148/bd6t562722x/manifest.json'
For more information check: https://developer.mozilla.org/en-US/docs/Web/HTTP/Status/403",2026-07-17T15:36:41.884051
humanite,bd6t5627238,,failed,0,0,,http_manifest,known,403,manifest,"Client error '403 ' for url 'https://openapiproext.bnf.fr/iiif/presentation/v3/ark:/12148/bd6t5627238/manifest.json'
For more information check: https://developer.mozilla.org/en-US/docs/Web/HTTP/Status/403",2026-07-17T15:36:43.090383
humanite,bd6t562724m,,failed,0,0,,http_manifest,known,403,manifest,"Client error '403 ' for url 'https://openapiproext.bnf.fr/iiif/presentation/v3/ark:/12148/bd6t562724m/manifest.json'
For more information check: https://developer.mozilla.org/en-US/docs/Web/HTTP/Status/403",2026-07-17T15:36:44.289983
humanite,bd6t5627269,,failed,0,0,,http_manifest,known,403,manifest,"Client error '403 ' for url 'https://openapiproext.bnf.fr/iiif/presentation/v3/ark:/12148/bd6t5627269/manifest.json'
For more information check: https://developer.mozilla.org/en-US/docs/Web/HTTP/Status/403",2026-07-17T15:36:45.490992
humanite,bd6t562725z,,failed,0,0,,http_manifest,known,403,manifest,"Client error '403 ' for url 'https://openapiproext.bnf.fr/iiif/presentation/v3/ark:/12148/bd6t562725z/manifest.json'
For more information check: https://developer.mozilla.org/en-US/docs/Web/HTTP/Status/403",2026-07-17T15:36:46.690984
humanite,bd6t562727n,,failed,0,0,,http_manifest,known,403,manifest,"Client error '403 ' for url 'https://openapiproext.bnf.fr/iiif/presentation/v3/ark:/12148/bd6t562727n/manifest.json'
For more information check: https://developer.mozilla.org/en-US/docs/Web/HTTP/Status/403",2026-07-17T15:36:47.893717
humanite,bd6t5627280,,failed,0,0,,http_manifest,known,403,manifest,"Client error '403 ' for url 'https://openapiproext.bnf.fr/iiif/presentation/v3/ark:/12148/bd6t5627280/manifest.json'
For more information check: https://developer.mozilla.org/en-US/docs/Web/HTTP/Status/403",2026-07-17T15:36:49.096765
humanite,bd6t562729b,,failed,0,0,,http_manifest,known,403,manifest,"Client error '403 ' for url 'https://openapiproext.bnf.fr/iiif/presentation/v3/ark:/12148/bd6t562729b/manifest.json'
For more information check: https://developer.mozilla.org/en-US/docs/Web/HTTP/Status/403",2026-07-17T15:36:50.298847
humanite,bd6t562730j,,failed,0,0,,http_manifest,known,403,manifest,"Client error '403 ' for url 'https://openapiproext.bnf.fr/iiif/presentation/v3/ark:/12148/bd6t562730j/manifest.json'
For more information check: https://developer.mozilla.org/en-US/docs/Web/HTTP/Status/403",2026-07-17T15:36:51.500928
humanite,bd6t562731w,,failed,0,0,,http_manifest,known,403,manifest,"Client error '403 ' for url 'https://openapiproext.bnf.fr/iiif/presentation/v3/ark:/12148/bd6t562731w/manifest.json'
For more information check: https://developer.mozilla.org/en-US/docs/Web/HTTP/Status/403",2026-07-17T15:36:52.795929
humanite,bd6t562733k,,failed,0,0,,http_manifest,known,403,manifest,"Client error '403 ' for url 'https://openapiproext.bnf.fr/iiif/presentation/v3/ark:/12148/bd6t562733k/manifest.json'
For more information check: https://developer.mozilla.org/en-US/docs/Web/HTTP/Status/403",2026-07-17T15:36:53.902274
humanite,bd6t5627327,,failed,0,0,,http_manifest,known,403,manifest,"Client error '403 ' for url 'https://openapiproext.bnf.fr/iiif/presentation/v3/ark:/12148/bd6t5627327/manifest.json'
For more information check: https://developer.mozilla.org/en-US/docs/Web/HTTP/Status/403",2026-07-17T15:36:55.103507
humanite,bd6t562734x,,failed,0,0,,http_manifest,known,403,manifest,"Client error '403 ' for url 'https://openapiproext.bnf.fr/iiif/presentation/v3/ark:/12148/bd6t562734x/manifest.json'
For more information check: https://developer.mozilla.org/en-US/docs/Web/HTTP/Status/403",2026-07-17T15:36:56.301102
humanite,bd6t5627358,,failed,0,0,,http_manifest,known,403,manifest,"Client error '403 ' for url 'https://openapiproext.bnf.fr/iiif/presentation/v3/ark:/12148/bd6t5627358/manifest.json'
For more information check: https://developer.mozilla.org/en-US/docs/Web/HTTP/Status/403",2026-07-17T15:36:57.515222
humanite,bd6t562736m,,failed,0,0,,http_manifest,known,403,manifest,"Client error '403 ' for url 'https://openapiproext.bnf.fr/iiif/presentation/v3/ark:/12148/bd6t562736m/manifest.json'
For more information check: https://developer.mozilla.org/en-US/docs/Web/HTTP/Status/403",2026-07-17T15:36:58.727631
humanite,bd6t562737z,,failed,0,0,,http_manifest,known,403,manifest,"Client error '403 ' for url 'https://openapiproext.bnf.fr/iiif/presentation/v3/ark:/12148/bd6t562737z/manifest.json'
For more information check: https://developer.mozilla.org/en-US/docs/Web/HTTP/Status/403",2026-07-17T15:37:00.034932
humanite,bd6t5627389,,failed,0,0,,http_manifest,known,403,manifest,"Client error '403 ' for url 'https://openapiproext.bnf.fr/iiif/presentation/v3/ark:/12148/bd6t5627389/manifest.json'
For more information check: https://developer.mozilla.org/en-US/docs/Web/HTTP/Status/403",2026-07-17T15:37:01.255800
humanite,bd6t562739n,,failed,0,0,,http_manifest,known,403,manifest,"Client error '403 ' for url 'https://openapiproext.bnf.fr/iiif/presentation/v3/ark:/12148/bd6t562739n/manifest.json'
For more information check: https://developer.mozilla.org/en-US/docs/Web/HTTP/Status/403",2026-07-17T15:37:02.437529
humanite,bd6t562740v,,failed,0,0,,http_manifest,known,403,manifest,"Client error '403 ' for url 'https://openapiproext.bnf.fr/iiif/presentation/v3/ark:/12148/bd6t562740v/manifest.json'
For more information check: https://developer.mozilla.org/en-US/docs/Web/HTTP/Status/403",2026-07-17T15:37:03.623564
humanite,bd6t5627416,,failed,0,0,,http_manifest,known,403,manifest,"Client error '403 ' for url 'https://openapiproext.bnf.fr/iiif/presentation/v3/ark:/12148/bd6t5627416/manifest.json'
For more information check: https://developer.mozilla.org/en-US/docs/Web/HTTP/Status/403",2026-07-17T15:37:04.858623
humanite,bd6t562742j,,failed,0,0,,http_manifest,known,403,manifest,"Client error '403 ' for url 'https://openapiproext.bnf.fr/iiif/presentation/v3/ark:/12148/bd6t562742j/manifest.json'
For more information check: https://developer.mozilla.org/en-US/docs/Web/HTTP/Status/403",2026-07-17T15:37:05.926403
humanite,bd6t562743w,,failed,0,0,,http_manifest,known,403,manifest,"Client error '403 ' for url 'https://openapiproext.bnf.fr/iiif/presentation/v3/ark:/12148/bd6t562743w/manifest.json'
For more information check: https://developer.mozilla.org/en-US/docs/Web/HTTP/Status/403",2026-07-17T15:37:07.150970
humanite,bd6t5627447,,failed,0,0,,http_manifest,known,403,manifest,"Client error '403 ' for url 'https://openapiproext.bnf.fr/iiif/presentation/v3/ark:/12148/bd6t5627447/manifest.json'
For more information check: https://developer.mozilla.org/en-US/docs/Web/HTTP/Status/403",2026-07-17T15:37:08.402479
humanite,bd6t562745k,,failed,0,0,,http_manifest,known,403,manifest,"Client error '403 ' for url 'https://openapiproext.bnf.fr/iiif/presentation/v3/ark:/12148/bd6t562745k/manifest.json'
For more information check: https://developer.mozilla.org/en-US/docs/Web/HTTP/Status/403",2026-07-17T15:37:09.879357
humanite,bd6t562746x,,failed,0,0,,http_manifest,known,403,manifest,"Client error '403 ' for url 'https://openapiproext.bnf.fr/iiif/presentation/v3/ark:/12148/bd6t562746x/manifest.json'
For more information check: https://developer.mozilla.org/en-US/docs/Web/HTTP/Status/403",2026-07-17T15:37:10.853678
humanite,bd6t5627478,,failed,0,0,,http_manifest,known,403,manifest,"Client error '403 ' for url 'https://openapiproext.bnf.fr/iiif/presentation/v3/ark:/12148/bd6t5627478/manifest.json'
For more information check: https://developer.mozilla.org/en-US/docs/Web/HTTP/Status/403",2026-07-17T15:37:11.925894
humanite,bd6t562748m,,failed,0,0,,http_manifest,known,403,manifest,"Client error '403 ' for url 'https://openapiproext.bnf.fr/iiif/presentation/v3/ark:/12148/bd6t562748m/manifest.json'
For more information check: https://developer.mozilla.org/en-US/docs/Web/HTTP/Status/403",2026-07-17T15:37:13.282468
humanite,bd6t562749z,,failed,0,0,,http_manifest,known,403,manifest,"Client error '403 ' for url 'https://openapiproext.bnf.fr/iiif/presentation/v3/ark:/12148/bd6t562749z/manifest.json'
For more information check: https://developer.mozilla.org/en-US/docs/Web/HTTP/Status/403",2026-07-17T15:37:14.500670
humanite,bd6t5627505,,failed,0,0,,http_manifest,known,403,manifest,"Client error '403 ' for url 'https://openapiproext.bnf.fr/iiif/presentation/v3/ark:/12148/bd6t5627505/manifest.json'
For more information check: https://developer.mozilla.org/en-US/docs/Web/HTTP/Status/403",2026-07-17T15:37:15.713573
humanite,bd6t562751h,,failed,0,0,,http_manifest,known,403,manifest,"Client error '403 ' for url 'https://openapiproext.bnf.fr/iiif/presentation/v3/ark:/12148/bd6t562751h/manifest.json'
For more information check: https://developer.mozilla.org/en-US/docs/Web/HTTP/Status/403",2026-07-17T15:37:16.737239
humanite,bd6t562752v,,failed,0,0,,http_manifest,known,403,manifest,"Client error '403 ' for url 'https://openapiproext.bnf.fr/iiif/presentation/v3/ark:/12148/bd6t562752v/manifest.json'
For more information check: https://developer.mozilla.org/en-US/docs/Web/HTTP/Status/403",2026-07-17T15:37:17.931091
humanite,bd6t562754j,,failed,0,0,,http_manifest,known,403,manifest,"Client error '403 ' for url 'https://openapiproext.bnf.fr/iiif/presentation/v3/ark:/12148/bd6t562754j/manifest.json'
For more information check: https://developer.mozilla.org/en-US/docs/Web/HTTP/Status/403",2026-07-17T15:37:19.131453
humanite,bd6t5627536,,failed,0,0,,http_manifest,known,403,manifest,"Client error '403 ' for url 'https://openapiproext.bnf.fr/iiif/presentation/v3/ark:/12148/bd6t5627536/manifest.json'
For more information check: https://developer.mozilla.org/en-US/docs/Web/HTTP/Status/403",2026-07-17T15:37:20.333679
humanite,bd6t562755w,,failed,0,0,,http_manifest,known,403,manifest,"Client error '403 ' for url 'https://openapiproext.bnf.fr/iiif/presentation/v3/ark:/12148/bd6t562755w/manifest.json'
For more information check: https://developer.mozilla.org/en-US/docs/Web/HTTP/Status/403",2026-07-17T15:37:21.553152
humanite,bd6t5627567,,failed,0,0,,http_manifest,known,403,manifest,"Client error '403 ' for url 'https://openapiproext.bnf.fr/iiif/presentation/v3/ark:/12148/bd6t5627567/manifest.json'
For more information check: https://developer.mozilla.org/en-US/docs/Web/HTTP/Status/403",2026-07-17T15:37:22.737504
humanite,bd6t5628346,,failed,0,0,,http_manifest,known,403,manifest,"Client error '403 ' for url 'https://openapiproext.bnf.fr/iiif/presentation/v3/ark:/12148/bd6t5628346/manifest.json'
For more information check: https://developer.mozilla.org/en-US/docs/Web/HTTP/Status/403",2026-07-17T15:37:23.937775
humanite,bd6t562835j,,failed,0,0,,http_manifest,known,403,manifest,"Client error '403 ' for url 'https://openapiproext.bnf.fr/iiif/presentation/v3/ark:/12148/bd6t562835j/manifest.json'
For more information check: https://developer.mozilla.org/en-US/docs/Web/HTTP/Status/403",2026-07-17T15:37:25.137319
humanite,bd6t562836w,,failed,0,0,,http_manifest,known,403,manifest,"Client error '403 ' for url 'https://openapiproext.bnf.fr/iiif/presentation/v3/ark:/12148/bd6t562836w/manifest.json'
For more information check: https://developer.mozilla.org/en-US/docs/Web/HTTP/Status/403",2026-07-17T15:37:26.343719
humanite,bd6t5628377,,failed,0,0,,http_manifest,known,403,manifest,"Client error '403 ' for url 'https://openapiproext.bnf.fr/iiif/presentation/v3/ark:/12148/bd6t5628377/manifest.json'
For more information check: https://developer.mozilla.org/en-US/docs/Web/HTTP/Status/403",2026-07-17T15:37:27.552762
humanite,bd6t562838k,,failed,0,0,,http_manifest,known,403,manifest,"Client error '403 ' for url 'https://openapiproext.bnf.fr/iiif/presentation/v3/ark:/12148/bd6t562838k/manifest.json'
For more information check: https://developer.mozilla.org/en-US/docs/Web/HTTP/Status/403",2026-07-17T15:37:28.743680
humanite,bd6t562839x,,failed,0,0,,http_manifest,known,403,manifest,"Client error '403 ' for url 'https://openapiproext.bnf.fr/iiif/presentation/v3/ark:/12148/bd6t562839x/manifest.json'
For more information check: https://developer.mozilla.org/en-US/docs/Web/HTTP/Status/403",2026-07-17T15:37:29.943172
humanite,bd6t5628404,,failed,0,0,,http_manifest,known,403,manifest,"Client error '403 ' for url 'https://openapiproext.bnf.fr/iiif/presentation/v3/ark:/12148/bd6t5628404/manifest.json'
For more information check: https://developer.mozilla.org/en-US/docs/Web/HTTP/Status/403",2026-07-17T15:37:31.147544
humanite,bd6t562841g,,failed,0,0,,http_manifest,known,403,manifest,"Client error '403 ' for url 'https://openapiproext.bnf.fr/iiif/presentation/v3/ark:/12148/bd6t562841g/manifest.json'
For more information check: https://developer.mozilla.org/en-US/docs/Web/HTTP/Status/403",2026-07-17T15:37:32.348355
humanite,bd6t562842t,,failed,0,0,,http_manifest,known,403,manifest,"Client error '403 ' for url 'https://openapiproext.bnf.fr/iiif/presentation/v3/ark:/12148/bd6t562842t/manifest.json'
For more information check: https://developer.mozilla.org/en-US/docs/Web/HTTP/Status/403",2026-07-17T15:37:33.546732
humanite,bd6t5628435,,failed,0,0,,http_manifest,known,403,manifest,"Client error '403 ' for url 'https://openapiproext.bnf.fr/iiif/presentation/v3/ark:/12148/bd6t5628435/manifest.json'
For more information check: https://developer.mozilla.org/en-US/docs/Web/HTTP/Status/403",2026-07-17T15:37:34.750337
humanite,bd6t562844h,,failed,0,0,,http_manifest,known,403,manifest,"Client error '403 ' for url 'https://openapiproext.bnf.fr/iiif/presentation/v3/ark:/12148/bd6t562844h/manifest.json'
For more information check: https://developer.mozilla.org/en-US/docs/Web/HTTP/Status/403",2026-07-17T15:37:35.950219
humanite,bd6t562845v,,failed,0,0,,http_manifest,known,403,manifest,"Client error '403 ' for url 'https://openapiproext.bnf.fr/iiif/presentation/v3/ark:/12148/bd6t562845v/manifest.json'
For more information check: https://developer.mozilla.org/en-US/docs/Web/HTTP/Status/403",2026-07-17T15:37:37.152385
humanite,bd6t5628466,,failed,0,0,,http_manifest,known,403,manifest,"Client error '403 ' for url 'https://openapiproext.bnf.fr/iiif/presentation/v3/ark:/12148/bd6t5628466/manifest.json'
For more information check: https://developer.mozilla.org/en-US/docs/Web/HTTP/Status/403",2026-07-17T15:37:38.356023
humanite,bd6t562847j,,failed,0,0,,http_manifest,known,403,manifest,"Client error '403 ' for url 'https://openapiproext.bnf.fr/iiif/presentation/v3/ark:/12148/bd6t562847j/manifest.json'
For more information check: https://developer.mozilla.org/en-US/docs/Web/HTTP/Status/403",2026-07-17T15:37:39.579138
humanite,bd6t562848w,,failed,0,0,,http_manifest,known,403,manifest,"Client error '403 ' for url 'https://openapiproext.bnf.fr/iiif/presentation/v3/ark:/12148/bd6t562848w/manifest.json'
For more information check: https://developer.mozilla.org/en-US/docs/Web/HTTP/Status/403",2026-07-17T15:37:40.758656
humanite,bd6t5628497,,failed,0,0,,http_manifest,known,403,manifest,"Client error '403 ' for url 'https://openapiproext.bnf.fr/iiif/presentation/v3/ark:/12148/bd6t5628497/manifest.json'
For more information check: https://developer.mozilla.org/en-US/docs/Web/HTTP/Status/403",2026-07-17T15:37:41.966041
humanite,bd6t562850f,,failed,0,0,,http_manifest,known,403,manifest,"Client error '403 ' for url 'https://openapiproext.bnf.fr/iiif/presentation/v3/ark:/12148/bd6t562850f/manifest.json'
For more information check: https://developer.mozilla.org/en-US/docs/Web/HTTP/Status/403",2026-07-17T15:37:43.163192
humanite,bd6t562851s,,failed,0,0,,http_manifest,known,403,manifest,"Client error '403 ' for url 'https://openapiproext.bnf.fr/iiif/presentation/v3/ark:/12148/bd6t562851s/manifest.json'
For more information check: https://developer.mozilla.org/en-US/docs/Web/HTTP/Status/403",2026-07-17T15:37:44.374450
humanite,bd6t5628524,,failed,0,0,,http_manifest,known,403,manifest,"Client error '403 ' for url 'https://openapiproext.bnf.fr/iiif/presentation/v3/ark:/12148/bd6t5628524/manifest.json'
For more information check: https://developer.mozilla.org/en-US/docs/Web/HTTP/Status/403",2026-07-17T15:37:45.568574
humanite,bd6t562853g,,failed,0,0,,http_manifest,known,403,manifest,"Client error '403 ' for url 'https://openapiproext.bnf.fr/iiif/presentation/v3/ark:/12148/bd6t562853g/manifest.json'
For more information check: https://developer.mozilla.org/en-US/docs/Web/HTTP/Status/403",2026-07-17T15:37:46.769770
humanite,bd6t562854t,,failed,0,0,,http_manifest,known,403,manifest,"Client error '403 ' for url 'https://openapiproext.bnf.fr/iiif/presentation/v3/ark:/12148/bd6t562854t/manifest.json'
For more information check: https://developer.mozilla.org/en-US/docs/Web/HTTP/Status/403",2026-07-17T15:37:47.972170
humanite,bd6t5628555,,failed,0,0,,http_manifest,known,403,manifest,"Client error '403 ' for url 'https://openapiproext.bnf.fr/iiif/presentation/v3/ark:/12148/bd6t5628555/manifest.json'
For more information check: https://developer.mozilla.org/en-US/docs/Web/HTTP/Status/403",2026-07-17T15:37:49.173100
humanite,bd6t562856h,,failed,0,0,,http_manifest,known,403,manifest,"Client error '403 ' for url 'https://openapiproext.bnf.fr/iiif/presentation/v3/ark:/12148/bd6t562856h/manifest.json'
For more information check: https://developer.mozilla.org/en-US/docs/Web/HTTP/Status/403",2026-07-17T15:37:50.374134
humanite,bd6t562857v,,failed,0,0,,http_manifest,known,403,manifest,"Client error '403 ' for url 'https://openapiproext.bnf.fr/iiif/presentation/v3/ark:/12148/bd6t562857v/manifest.json'
For more information check: https://developer.mozilla.org/en-US/docs/Web/HTTP/Status/403",2026-07-17T15:37:51.574327
humanite,bd6t5628586,,failed,0,0,,http_manifest,known,403,manifest,"Client error '403 ' for url 'https://openapiproext.bnf.fr/iiif/presentation/v3/ark:/12148/bd6t5628586/manifest.json'
For more information check: https://developer.mozilla.org/en-US/docs/Web/HTTP/Status/403",2026-07-17T15:37:52.776630
humanite,bd6t562859j,,failed,0,0,,http_manifest,known,403,manifest,"Client error '403 ' for url 'https://openapiproext.bnf.fr/iiif/presentation/v3/ark:/12148/bd6t562859j/manifest.json'
For more information check: https://developer.mozilla.org/en-US/docs/Web/HTTP/Status/403",2026-07-17T15:37:53.979983
humanite,bd6t562860r,,failed,0,0,,http_manifest,known,403,manifest,"Client error '403 ' for url 'https://openapiproext.bnf.fr/iiif/presentation/v3/ark:/12148/bd6t562860r/manifest.json'
For more information check: https://developer.mozilla.org/en-US/docs/Web/HTTP/Status/403",2026-07-17T15:37:55.179177
humanite,bd6t5628613,,failed,0,0,,http_manifest,known,403,manifest,"Client error '403 ' for url 'https://openapiproext.bnf.fr/iiif/presentation/v3/ark:/12148/bd6t5628613/manifest.json'
For more information check: https://developer.mozilla.org/en-US/docs/Web/HTTP/Status/403",2026-07-17T15:37:56.381532
humanite,bd6t562862f,,failed,0,0,,http_manifest,known,403,manifest,"Client error '403 ' for url 'https://openapiproext.bnf.fr/iiif/presentation/v3/ark:/12148/bd6t562862f/manifest.json'
For more information check: https://developer.mozilla.org/en-US/docs/Web/HTTP/Status/403",2026-07-17T15:37:57.611313
humanite,bd6t562863s,,failed,0,0,,http_manifest,known,403,manifest,"Client error '403 ' for url 'https://openapiproext.bnf.fr/iiif/presentation/v3/ark:/12148/bd6t562863s/manifest.json'
For more information check: https://developer.mozilla.org/en-US/docs/Web/HTTP/Status/403",2026-07-17T15:37:58.784917
humanite,bd6t5628644,,failed,0,0,,http_manifest,known,403,manifest,"Client error '403 ' for url 'https://openapiproext.bnf.fr/iiif/presentation/v3/ark:/12148/bd6t5628644/manifest.json'
For more information check: https://developer.mozilla.org/en-US/docs/Web/HTTP/Status/403",2026-07-17T15:38:00.066875
humanite,bd6t562865g,,failed,0,0,,http_manifest,known,403,manifest,"Client error '403 ' for url 'https://openapiproext.bnf.fr/iiif/presentation/v3/ark:/12148/bd6t562865g/manifest.json'
For more information check: https://developer.mozilla.org/en-US/docs/Web/HTTP/Status/403",2026-07-17T15:38:01.300616
humanite,bd6t562866t,,failed,0,0,,http_manifest,known,403,manifest,"Client error '403 ' for url 'https://openapiproext.bnf.fr/iiif/presentation/v3/ark:/12148/bd6t562866t/manifest.json'
For more information check: https://developer.mozilla.org/en-US/docs/Web/HTTP/Status/403",2026-07-17T15:38:02.388943
humanite,bd6t5628675,,failed,0,0,,http_manifest,known,403,manifest,"Client error '403 ' for url 'https://openapiproext.bnf.fr/iiif/presentation/v3/ark:/12148/bd6t5628675/manifest.json'
For more information check: https://developer.mozilla.org/en-US/docs/Web/HTTP/Status/403",2026-07-17T15:38:03.747399
humanite,bd6t562868h,,failed,0,0,,http_manifest,known,403,manifest,"Client error '403 ' for url 'https://openapiproext.bnf.fr/iiif/presentation/v3/ark:/12148/bd6t562868h/manifest.json'
For more information check: https://developer.mozilla.org/en-US/docs/Web/HTTP/Status/403",2026-07-17T15:38:05.075102
humanite,bd6t562869v,,failed,0,0,,http_manifest,known,403,manifest,"Client error '403 ' for url 'https://openapiproext.bnf.fr/iiif/presentation/v3/ark:/12148/bd6t562869v/manifest.json'
For more information check: https://developer.mozilla.org/en-US/docs/Web/HTTP/Status/403",2026-07-17T15:38:06.032947
humanite,bd6t5628702,,failed,0,0,,http_manifest,known,403,manifest,"Client error '403 ' for url 'https://openapiproext.bnf.fr/iiif/presentation/v3/ark:/12148/bd6t5628702/manifest.json'
For more information check: https://developer.mozilla.org/en-US/docs/Web/HTTP/Status/403",2026-07-17T15:38:07.429935
humanite,bd6t562871d,,failed,0,0,,http_manifest,known,403,manifest,"Client error '403 ' for url 'https://openapiproext.bnf.fr/iiif/presentation/v3/ark:/12148/bd6t562871d/manifest.json'
For more information check: https://developer.mozilla.org/en-US/docs/Web/HTTP/Status/403",2026-07-17T15:38:08.396764
humanite,bd6t562872r,,failed,0,0,,http_manifest,known,403,manifest,"Client error '403 ' for url 'https://openapiproext.bnf.fr/iiif/presentation/v3/ark:/12148/bd6t562872r/manifest.json'
For more information check: https://developer.mozilla.org/en-US/docs/Web/HTTP/Status/403",2026-07-17T15:38:09.639678
humanite,bd6t5628733,,failed,0,0,,http_manifest,known,403,manifest,"Client error '403 ' for url 'https://openapiproext.bnf.fr/iiif/presentation/v3/ark:/12148/bd6t5628733/manifest.json'
For more information check: https://developer.mozilla.org/en-US/docs/Web/HTTP/Status/403",2026-07-17T15:38:10.885448
humanite,bd6t562874f,,failed,0,0,,http_manifest,known,403,manifest,"Client error '403 ' for url 'https://openapiproext.bnf.fr/iiif/presentation/v3/ark:/12148/bd6t562874f/manifest.json'
For more information check: https://developer.mozilla.org/en-US/docs/Web/HTTP/Status/403",2026-07-17T15:38:12.162642
humanite,bd6t562875s,,failed,0,0,,http_manifest,known,403,manifest,"Client error '403 ' for url 'https://openapiproext.bnf.fr/iiif/presentation/v3/ark:/12148/bd6t562875s/manifest.json'
For more information check: https://developer.mozilla.org/en-US/docs/Web/HTTP/Status/403",2026-07-17T15:38:13.373926
humanite,bd6t5628764,,failed,0,0,,http_manifest,known,403,manifest,"Client error '403 ' for url 'https://openapiproext.bnf.fr/iiif/presentation/v3/ark:/12148/bd6t5628764/manifest.json'
For more information check: https://developer.mozilla.org/en-US/docs/Web/HTTP/Status/403",2026-07-17T15:38:14.735344
humanite,bd6t562877g,,failed,0,0,,http_manifest,known,403,manifest,"Client error '403 ' for url 'https://openapiproext.bnf.fr/iiif/presentation/v3/ark:/12148/bd6t562877g/manifest.json'
For more information check: https://developer.mozilla.org/en-US/docs/Web/HTTP/Status/403",2026-07-17T15:38:15.742163
humanite,bd6t562878t,,failed,0,0,,http_manifest,known,403,manifest,"Client error '403 ' for url 'https://openapiproext.bnf.fr/iiif/presentation/v3/ark:/12148/bd6t562878t/manifest.json'
For more information check: https://developer.mozilla.org/en-US/docs/Web/HTTP/Status/403",2026-07-17T15:38:17.016266
humanite,bd6t5628795,,failed,0,0,,http_manifest,known,403,manifest,"Client error '403 ' for url 'https://openapiproext.bnf.fr/iiif/presentation/v3/ark:/12148/bd6t5628795/manifest.json'
For more information check: https://developer.mozilla.org/en-US/docs/Web/HTTP/Status/403",2026-07-17T15:38:18.065962
humanite,bd6t562880c,,failed,0,0,,http_manifest,known,403,manifest,"Client error '403 ' for url 'https://openapiproext.bnf.fr/iiif/presentation/v3/ark:/12148/bd6t562880c/manifest.json'
For more information check: https://developer.mozilla.org/en-US/docs/Web/HTTP/Status/403",2026-07-17T15:38:19.223523
humanite,bd6t562881q,,failed,0,0,,http_manifest,known,403,manifest,"Client error '403 ' for url 'https://openapiproext.bnf.fr/iiif/presentation/v3/ark:/12148/bd6t562881q/manifest.json'
For more information check: https://developer.mozilla.org/en-US/docs/Web/HTTP/Status/403",2026-07-17T15:38:20.482946
humanite,bd6t5628822,,failed,0,0,,http_manifest,known,403,manifest,"Client error '403 ' for url 'https://openapiproext.bnf.fr/iiif/presentation/v3/ark:/12148/bd6t5628822/manifest.json'
For more information check: https://developer.mozilla.org/en-US/docs/Web/HTTP/Status/403",2026-07-17T15:38:21.635222
humanite,bd6t562883d,,failed,0,0,,http_manifest,known,403,manifest,"Client error '403 ' for url 'https://openapiproext.bnf.fr/iiif/presentation/v3/ark:/12148/bd6t562883d/manifest.json'
For more information check: https://developer.mozilla.org/en-US/docs/Web/HTTP/Status/403",2026-07-17T15:38:22.820243
humanite,bd6t562884r,,failed,0,0,,http_manifest,known,403,manifest,"Client error '403 ' for url 'https://openapiproext.bnf.fr/iiif/presentation/v3/ark:/12148/bd6t562884r/manifest.json'
For more information check: https://developer.mozilla.org/en-US/docs/Web/HTTP/Status/403",2026-07-17T15:38:24.024405
humanite,bd6t5628853,,failed,0,0,,http_manifest,known,403,manifest,"Client error '403 ' for url 'https://openapiproext.bnf.fr/iiif/presentation/v3/ark:/12148/bd6t5628853/manifest.json'
For more information check: https://developer.mozilla.org/en-US/docs/Web/HTTP/Status/403",2026-07-17T15:38:25.219426
humanite,bd6t562886f,,failed,0,0,,http_manifest,known,403,manifest,"Client error '403 ' for url 'https://openapiproext.bnf.fr/iiif/presentation/v3/ark:/12148/bd6t562886f/manifest.json'
For more information check: https://developer.mozilla.org/en-US/docs/Web/HTTP/Status/403",2026-07-17T15:38:26.429681
humanite,bd6t562887s,,failed,0,0,,http_manifest,known,403,manifest,"Client error '403 ' for url 'https://openapiproext.bnf.fr/iiif/presentation/v3/ark:/12148/bd6t562887s/manifest.json'
For more information check: https://developer.mozilla.org/en-US/docs/Web/HTTP/Status/403",2026-07-17T15:38:27.621105
humanite,bd6t5628884,,failed,0,0,,http_manifest,known,403,manifest,"Client error '403 ' for url 'https://openapiproext.bnf.fr/iiif/presentation/v3/ark:/12148/bd6t5628884/manifest.json'
For more information check: https://developer.mozilla.org/en-US/docs/Web/HTTP/Status/403",2026-07-17T15:38:28.847474
humanite,bd6t562889g,,failed,0,0,,http_manifest,known,403,manifest,"Client error '403 ' for url 'https://openapiproext.bnf.fr/iiif/presentation/v3/ark:/12148/bd6t562889g/manifest.json'
For more information check: https://developer.mozilla.org/en-US/docs/Web/HTTP/Status/403",2026-07-17T15:38:30.027479
humanite,bd6t562890p,,failed,0,0,,http_manifest,known,403,manifest,"Client error '403 ' for url 'https://openapiproext.bnf.fr/iiif/presentation/v3/ark:/12148/bd6t562890p/manifest.json'
For more information check: https://developer.mozilla.org/en-US/docs/Web/HTTP/Status/403",2026-07-17T15:38:31.226600
humanite,bd6t5628911,,failed,0,0,,http_manifest,known,403,manifest,"Client error '403 ' for url 'https://openapiproext.bnf.fr/iiif/presentation/v3/ark:/12148/bd6t5628911/manifest.json'
For more information check: https://developer.mozilla.org/en-US/docs/Web/HTTP/Status/403",2026-07-17T15:38:32.434266
humanite,bd6t562892c,,failed,0,0,,http_manifest,known,403,manifest,"Client error '403 ' for url 'https://openapiproext.bnf.fr/iiif/presentation/v3/ark:/12148/bd6t562892c/manifest.json'
For more information check: https://developer.mozilla.org/en-US/docs/Web/HTTP/Status/403",2026-07-17T15:38:33.630834
humanite,bd6t562893q,,failed,0,0,,http_manifest,known,403,manifest,"Client error '403 ' for url 'https://openapiproext.bnf.fr/iiif/presentation/v3/ark:/12148/bd6t562893q/manifest.json'
For more information check: https://developer.mozilla.org/en-US/docs/Web/HTTP/Status/403",2026-07-17T15:38:34.838510
humanite,bd6t5628942,,failed,0,0,,http_manifest,known,403,manifest,"Client error '403 ' for url 'https://openapiproext.bnf.fr/iiif/presentation/v3/ark:/12148/bd6t5628942/manifest.json'
For more information check: https://developer.mozilla.org/en-US/docs/Web/HTTP/Status/403",2026-07-17T15:38:36.034183
humanite,bd6t562895d,,failed,0,0,,http_manifest,known,403,manifest,"Client error '403 ' for url 'https://openapiproext.bnf.fr/iiif/presentation/v3/ark:/12148/bd6t562895d/manifest.json'
For more information check: https://developer.mozilla.org/en-US/docs/Web/HTTP/Status/403",2026-07-17T15:38:37.234148
humanite,bd6t562896r,,failed,0,0,,http_manifest,known,403,manifest,"Client error '403 ' for url 'https://openapiproext.bnf.fr/iiif/presentation/v3/ark:/12148/bd6t562896r/manifest.json'
For more information check: https://developer.mozilla.org/en-US/docs/Web/HTTP/Status/403",2026-07-17T15:38:38.439267
humanite,bd6t5628973,,failed,0,0,,http_manifest,known,403,manifest,"Client error '403 ' for url 'https://openapiproext.bnf.fr/iiif/presentation/v3/ark:/12148/bd6t5628973/manifest.json'
For more information check: https://developer.mozilla.org/en-US/docs/Web/HTTP/Status/403",2026-07-17T15:38:39.646888
humanite,bd6t562898f,,failed,0,0,,http_manifest,known,403,manifest,"Client error '403 ' for url 'https://openapiproext.bnf.fr/iiif/presentation/v3/ark:/12148/bd6t562898f/manifest.json'
For more information check: https://developer.mozilla.org/en-US/docs/Web/HTTP/Status/403",2026-07-17T15:38:40.862058
humanite,bd6t562899s,,failed,0,0,,http_manifest,known,403,manifest,"Client error '403 ' for url 'https://openapiproext.bnf.fr/iiif/presentation/v3/ark:/12148/bd6t562899s/manifest.json'
For more information check: https://developer.mozilla.org/en-US/docs/Web/HTTP/Status/403",2026-07-17T15:38:42.045414
humanite,bd6t5629005,,failed,0,0,,http_manifest,known,403,manifest,"Client error '403 ' for url 'https://openapiproext.bnf.fr/iiif/presentation/v3/ark:/12148/bd6t5629005/manifest.json'
For more information check: https://developer.mozilla.org/en-US/docs/Web/HTTP/Status/403",2026-07-17T15:38:43.255051
humanite,bd6t562901h,,failed,0,0,,http_manifest,known,403,manifest,"Client error '403 ' for url 'https://openapiproext.bnf.fr/iiif/presentation/v3/ark:/12148/bd6t562901h/manifest.json'
For more information check: https://developer.mozilla.org/en-US/docs/Web/HTTP/Status/403",2026-07-17T15:38:44.450104
humanite,bd6t562902v,,failed,0,0,,http_manifest,known,403,manifest,"Client error '403 ' for url 'https://openapiproext.bnf.fr/iiif/presentation/v3/ark:/12148/bd6t562902v/manifest.json'
For more information check: https://developer.mozilla.org/en-US/docs/Web/HTTP/Status/403",2026-07-17T15:38:45.645933
humanite,bd6t5629036,,failed,0,0,,http_manifest,known,403,manifest,"Client error '403 ' for url 'https://openapiproext.bnf.fr/iiif/presentation/v3/ark:/12148/bd6t5629036/manifest.json'
For more information check: https://developer.mozilla.org/en-US/docs/Web/HTTP/Status/403",2026-07-17T15:38:46.876049
humanite,bd6t562904j,,failed,0,0,,http_manifest,known,403,manifest,"Client error '403 ' for url 'https://openapiproext.bnf.fr/iiif/presentation/v3/ark:/12148/bd6t562904j/manifest.json'
For more information check: https://developer.mozilla.org/en-US/docs/Web/HTTP/Status/403",2026-07-17T15:38:48.054055
humanite,bd6t562905w,,failed,0,0,,http_manifest,known,403,manifest,"Client error '403 ' for url 'https://openapiproext.bnf.fr/iiif/presentation/v3/ark:/12148/bd6t562905w/manifest.json'
For more information check: https://developer.mozilla.org/en-US/docs/Web/HTTP/Status/403",2026-07-17T15:38:49.253437
humanite,bd6t5629067,,failed,0,0,,http_manifest,known,403,manifest,"Client error '403 ' for url 'https://openapiproext.bnf.fr/iiif/presentation/v3/ark:/12148/bd6t5629067/manifest.json'
For more information check: https://developer.mozilla.org/en-US/docs/Web/HTTP/Status/403",2026-07-17T15:38:50.456029
humanite,bd6t562907k,,failed,0,0,,http_manifest,known,403,manifest,"Client error '403 ' for url 'https://openapiproext.bnf.fr/iiif/presentation/v3/ark:/12148/bd6t562907k/manifest.json'
For more information check: https://developer.mozilla.org/en-US/docs/Web/HTTP/Status/403",2026-07-17T15:38:51.657948
humanite,bd6t562908x,,failed,0,0,,http_manifest,known,403,manifest,"Client error '403 ' for url 'https://openapiproext.bnf.fr/iiif/presentation/v3/ark:/12148/bd6t562908x/manifest.json'
For more information check: https://developer.mozilla.org/en-US/docs/Web/HTTP/Status/403",2026-07-17T15:38:52.862959
humanite,bd6t5629098,,failed,0,0,,http_manifest,known,403,manifest,"Client error '403 ' for url 'https://openapiproext.bnf.fr/iiif/presentation/v3/ark:/12148/bd6t5629098/manifest.json'
For more information check: https://developer.mozilla.org/en-US/docs/Web/HTTP/Status/403",2026-07-17T15:38:54.066337
humanite,bd6t562910g,,failed,0,0,,http_manifest,known,403,manifest,"Client error '403 ' for url 'https://openapiproext.bnf.fr/iiif/presentation/v3/ark:/12148/bd6t562910g/manifest.json'
For more information check: https://developer.mozilla.org/en-US/docs/Web/HTTP/Status/403",2026-07-17T15:38:55.257977
humanite,bd6t562757k,,failed,0,0,,http_manifest,known,403,manifest,"Client error '403 ' for url 'https://openapiproext.bnf.fr/iiif/presentation/v3/ark:/12148/bd6t562757k/manifest.json'
For more information check: https://developer.mozilla.org/en-US/docs/Web/HTTP/Status/403",2026-07-17T15:38:56.461805
humanite,bd6t562758x,,failed,0,0,,http_manifest,known,403,manifest,"Client error '403 ' for url 'https://openapiproext.bnf.fr/iiif/presentation/v3/ark:/12148/bd6t562758x/manifest.json'
For more information check: https://developer.mozilla.org/en-US/docs/Web/HTTP/Status/403",2026-07-17T15:38:57.716899
humanite,bd6t5627598,,failed,0,0,,http_manifest,known,403,manifest,"Client error '403 ' for url 'https://openapiproext.bnf.fr/iiif/presentation/v3/ark:/12148/bd6t5627598/manifest.json'
For more information check: https://developer.mozilla.org/en-US/docs/Web/HTTP/Status/403",2026-07-17T15:38:59.078323
humanite,bd6t562760g,,failed,0,0,,http_manifest,known,403,manifest,"Client error '403 ' for url 'https://openapiproext.bnf.fr/iiif/presentation/v3/ark:/12148/bd6t562760g/manifest.json'
For more information check: https://developer.mozilla.org/en-US/docs/Web/HTTP/Status/403",2026-07-17T15:39:00.357310
humanite,bd6t562761t,,failed,0,0,,http_manifest,known,403,manifest,"Client error '403 ' for url 'https://openapiproext.bnf.fr/iiif/presentation/v3/ark:/12148/bd6t562761t/manifest.json'
For more information check: https://developer.mozilla.org/en-US/docs/Web/HTTP/Status/403",2026-07-17T15:39:01.497197
humanite,bd6t5627625,,failed,0,0,,http_manifest,known,403,manifest,"Client error '403 ' for url 'https://openapiproext.bnf.fr/iiif/presentation/v3/ark:/12148/bd6t5627625/manifest.json'
For more information check: https://developer.mozilla.org/en-US/docs/Web/HTTP/Status/403",2026-07-17T15:39:02.469503
humanite,bd6t562763h,,failed,0,0,,http_manifest,known,403,manifest,"Client error '403 ' for url 'https://openapiproext.bnf.fr/iiif/presentation/v3/ark:/12148/bd6t562763h/manifest.json'
For more information check: https://developer.mozilla.org/en-US/docs/Web/HTTP/Status/403",2026-07-17T15:39:03.818407
humanite,bd6t562764v,,failed,0,0,,http_manifest,known,403,manifest,"Client error '403 ' for url 'https://openapiproext.bnf.fr/iiif/presentation/v3/ark:/12148/bd6t562764v/manifest.json'
For more information check: https://developer.mozilla.org/en-US/docs/Web/HTTP/Status/403",2026-07-17T15:39:05.058966
humanite,bd6t5627656,,failed,0,0,,http_manifest,known,403,manifest,"Client error '403 ' for url 'https://openapiproext.bnf.fr/iiif/presentation/v3/ark:/12148/bd6t5627656/manifest.json'
For more information check: https://developer.mozilla.org/en-US/docs/Web/HTTP/Status/403",2026-07-17T15:39:06.319374
humanite,bd6t562766j,,failed,0,0,,http_manifest,known,403,manifest,"Client error '403 ' for url 'https://openapiproext.bnf.fr/iiif/presentation/v3/ark:/12148/bd6t562766j/manifest.json'
For more information check: https://developer.mozilla.org/en-US/docs/Web/HTTP/Status/403",2026-07-17T15:39:07.288348
humanite,bd6t562767w,,failed,0,0,,http_manifest,known,403,manifest,"Client error '403 ' for url 'https://openapiproext.bnf.fr/iiif/presentation/v3/ark:/12148/bd6t562767w/manifest.json'
For more information check: https://developer.mozilla.org/en-US/docs/Web/HTTP/Status/403",2026-07-17T15:39:08.591481
humanite,bd6t5627687,,failed,0,0,,http_manifest,known,403,manifest,"Client error '403 ' for url 'https://openapiproext.bnf.fr/iiif/presentation/v3/ark:/12148/bd6t5627687/manifest.json'
For more information check: https://developer.mozilla.org/en-US/docs/Web/HTTP/Status/403",2026-07-17T15:39:09.688208
humanite,bd6t562769k,,failed,0,0,,http_manifest,known,403,manifest,"Client error '403 ' for url 'https://openapiproext.bnf.fr/iiif/presentation/v3/ark:/12148/bd6t562769k/manifest.json'
For more information check: https://developer.mozilla.org/en-US/docs/Web/HTTP/Status/403",2026-07-17T15:39:11.033191
humanite,bd6t562770s,,failed,0,0,,http_manifest,known,403,manifest,"Client error '403 ' for url 'https://openapiproext.bnf.fr/iiif/presentation/v3/ark:/12148/bd6t562770s/manifest.json'
For more information check: https://developer.mozilla.org/en-US/docs/Web/HTTP/Status/403",2026-07-17T15:39:12.081565
humanite,bd6t5627714,,failed,0,0,,http_manifest,known,403,manifest,"Client error '403 ' for url 'https://openapiproext.bnf.fr/iiif/presentation/v3/ark:/12148/bd6t5627714/manifest.json'
For more information check: https://developer.mozilla.org/en-US/docs/Web/HTTP/Status/403",2026-07-17T15:39:13.441147
humanite,bd6t562772g,,failed,0,0,,http_manifest,known,403,manifest,"Client error '403 ' for url 'https://openapiproext.bnf.fr/iiif/presentation/v3/ark:/12148/bd6t562772g/manifest.json'
For more information check: https://developer.mozilla.org/en-US/docs/Web/HTTP/Status/403",2026-07-17T15:39:14.636920
humanite,bd6t562773t,,failed,0,0,,http_manifest,known,403,manifest,"Client error '403 ' for url 'https://openapiproext.bnf.fr/iiif/presentation/v3/ark:/12148/bd6t562773t/manifest.json'
For more information check: https://developer.mozilla.org/en-US/docs/Web/HTTP/Status/403",2026-07-17T15:39:15.694055
humanite,bd6t5627745,,failed,0,0,,http_manifest,known,403,manifest,"Client error '403 ' for url 'https://openapiproext.bnf.fr/iiif/presentation/v3/ark:/12148/bd6t5627745/manifest.json'
For more information check: https://developer.mozilla.org/en-US/docs/Web/HTTP/Status/403",2026-07-17T15:39:16.916682
humanite,bd6t562775h,,failed,0,0,,http_manifest,known,403,manifest,"Client error '403 ' for url 'https://openapiproext.bnf.fr/iiif/presentation/v3/ark:/12148/bd6t562775h/manifest.json'
For more information check: https://developer.mozilla.org/en-US/docs/Web/HTTP/Status/403",2026-07-17T15:39:18.090208
humanite,bd6t562776v,,failed,0,0,,http_manifest,known,403,manifest,"Client error '403 ' for url 'https://openapiproext.bnf.fr/iiif/presentation/v3/ark:/12148/bd6t562776v/manifest.json'
For more information check: https://developer.mozilla.org/en-US/docs/Web/HTTP/Status/403",2026-07-17T15:39:19.317706
humanite,bd6t5627776,,failed,0,0,,http_manifest,known,403,manifest,"Client error '403 ' for url 'https://openapiproext.bnf.fr/iiif/presentation/v3/ark:/12148/bd6t5627776/manifest.json'
For more information check: https://developer.mozilla.org/en-US/docs/Web/HTTP/Status/403",2026-07-17T15:39:20.499343
humanite,bd6t562778j,,failed,0,0,,http_manifest,known,403,manifest,"Client error '403 ' for url 'https://openapiproext.bnf.fr/iiif/presentation/v3/ark:/12148/bd6t562778j/manifest.json'
For more information check: https://developer.mozilla.org/en-US/docs/Web/HTTP/Status/403",2026-07-17T15:39:21.697299
humanite,bd6t562779w,,failed,0,0,,http_manifest,known,403,manifest,"Client error '403 ' for url 'https://openapiproext.bnf.fr/iiif/presentation/v3/ark:/12148/bd6t562779w/manifest.json'
For more information check: https://developer.mozilla.org/en-US/docs/Web/HTTP/Status/403",2026-07-17T15:39:22.896439
humanite,bd6t5627803,,failed,0,0,,http_manifest,known,403,manifest,"Client error '403 ' for url 'https://openapiproext.bnf.fr/iiif/presentation/v3/ark:/12148/bd6t5627803/manifest.json'
For more information check: https://developer.mozilla.org/en-US/docs/Web/HTTP/Status/403",2026-07-17T15:39:24.096355
humanite,bd6t562781f,,failed,0,0,,http_manifest,known,403,manifest,"Client error '403 ' for url 'https://openapiproext.bnf.fr/iiif/presentation/v3/ark:/12148/bd6t562781f/manifest.json'
For more information check: https://developer.mozilla.org/en-US/docs/Web/HTTP/Status/403",2026-07-17T15:39:25.298915
humanite,bd6t562782s,,failed,0,0,,http_manifest,known,403,manifest,"Client error '403 ' for url 'https://openapiproext.bnf.fr/iiif/presentation/v3/ark:/12148/bd6t562782s/manifest.json'
For more information check: https://developer.mozilla.org/en-US/docs/Web/HTTP/Status/403",2026-07-17T15:39:26.500053
humanite,bd6t5627834,,failed,0,0,,http_manifest,known,403,manifest,"Client error '403 ' for url 'https://openapiproext.bnf.fr/iiif/presentation/v3/ark:/12148/bd6t5627834/manifest.json'
For more information check: https://developer.mozilla.org/en-US/docs/Web/HTTP/Status/403",2026-07-17T15:39:27.708800
humanite,bd6t562784g,,failed,0,0,,http_manifest,known,403,manifest,"Client error '403 ' for url 'https://openapiproext.bnf.fr/iiif/presentation/v3/ark:/12148/bd6t562784g/manifest.json'
For more information check: https://developer.mozilla.org/en-US/docs/Web/HTTP/Status/403",2026-07-17T15:39:28.927552
humanite,bd6t562785t,,failed,0,0,,http_manifest,known,403,manifest,"Client error '403 ' for url 'https://openapiproext.bnf.fr/iiif/presentation/v3/ark:/12148/bd6t562785t/manifest.json'
For more information check: https://developer.mozilla.org/en-US/docs/Web/HTTP/Status/403",2026-07-17T15:39:30.105008
humanite,bd6t5627865,,failed,0,0,,http_manifest,known,403,manifest,"Client error '403 ' for url 'https://openapiproext.bnf.fr/iiif/presentation/v3/ark:/12148/bd6t5627865/manifest.json'
For more information check: https://developer.mozilla.org/en-US/docs/Web/HTTP/Status/403",2026-07-17T15:39:31.307330
humanite,bd6t562787h,,failed,0,0,,http_manifest,known,403,manifest,"Client error '403 ' for url 'https://openapiproext.bnf.fr/iiif/presentation/v3/ark:/12148/bd6t562787h/manifest.json'
For more information check: https://developer.mozilla.org/en-US/docs/Web/HTTP/Status/403",2026-07-17T15:39:32.510203
humanite,bd6t562788v,,failed,0,0,,http_manifest,known,403,manifest,"Client error '403 ' for url 'https://openapiproext.bnf.fr/iiif/presentation/v3/ark:/12148/bd6t562788v/manifest.json'
For more information check: https://developer.mozilla.org/en-US/docs/Web/HTTP/Status/403",2026-07-17T15:39:33.714180
humanite,bd6t5627896,,failed,0,0,,http_manifest,known,403,manifest,"Client error '403 ' for url 'https://openapiproext.bnf.fr/iiif/presentation/v3/ark:/12148/bd6t5627896/manifest.json'
For more information check: https://developer.mozilla.org/en-US/docs/Web/HTTP/Status/403",2026-07-17T15:39:34.909520
humanite,bd6t562790d,,failed,0,0,,http_manifest,known,403,manifest,"Client error '403 ' for url 'https://openapiproext.bnf.fr/iiif/presentation/v3/ark:/12148/bd6t562790d/manifest.json'
For more information check: https://developer.mozilla.org/en-US/docs/Web/HTTP/Status/403",2026-07-17T15:39:36.118345
humanite,bd6t562791r,,failed,0,0,,http_manifest,known,403,manifest,"Client error '403 ' for url 'https://openapiproext.bnf.fr/iiif/presentation/v3/ark:/12148/bd6t562791r/manifest.json'
For more information check: https://developer.mozilla.org/en-US/docs/Web/HTTP/Status/403",2026-07-17T15:39:37.312712
humanite,bd6t5627923,,failed,0,0,,http_manifest,known,403,manifest,"Client error '403 ' for url 'https://openapiproext.bnf.fr/iiif/presentation/v3/ark:/12148/bd6t5627923/manifest.json'
For more information check: https://developer.mozilla.org/en-US/docs/Web/HTTP/Status/403",2026-07-17T15:39:38.510339
humanite,bd6t562793f,,failed,0,0,,http_manifest,known,403,manifest,"Client error '403 ' for url 'https://openapiproext.bnf.fr/iiif/presentation/v3/ark:/12148/bd6t562793f/manifest.json'
For more information check: https://developer.mozilla.org/en-US/docs/Web/HTTP/Status/403",2026-07-17T15:39:39.714950
humanite,bd6t562794s,,failed,0,0,,http_manifest,known,403,manifest,"Client error '403 ' for url 'https://openapiproext.bnf.fr/iiif/presentation/v3/ark:/12148/bd6t562794s/manifest.json'
For more information check: https://developer.mozilla.org/en-US/docs/Web/HTTP/Status/403",2026-07-17T15:39:40.938471
humanite,bd6t5627954,,failed,0,0,,http_manifest,known,403,manifest,"Client error '403 ' for url 'https://openapiproext.bnf.fr/iiif/presentation/v3/ark:/12148/bd6t5627954/manifest.json'
For more information check: https://developer.mozilla.org/en-US/docs/Web/HTTP/Status/403",2026-07-17T15:39:42.117941
humanite,bd6t562796g,,failed,0,0,,http_manifest,known,403,manifest,"Client error '403 ' for url 'https://openapiproext.bnf.fr/iiif/presentation/v3/ark:/12148/bd6t562796g/manifest.json'
For more information check: https://developer.mozilla.org/en-US/docs/Web/HTTP/Status/403",2026-07-17T15:39:43.326164
humanite,bd6t562797t,,failed,0,0,,http_manifest,known,403,manifest,"Client error '403 ' for url 'https://openapiproext.bnf.fr/iiif/presentation/v3/ark:/12148/bd6t562797t/manifest.json'
For more information check: https://developer.mozilla.org/en-US/docs/Web/HTTP/Status/403",2026-07-17T15:39:44.515023
humanite,bd6t5627985,,failed,0,0,,http_manifest,known,403,manifest,"Client error '403 ' for url 'https://openapiproext.bnf.fr/iiif/presentation/v3/ark:/12148/bd6t5627985/manifest.json'
For more information check: https://developer.mozilla.org/en-US/docs/Web/HTTP/Status/403",2026-07-17T15:39:45.723220
humanite,bd6t562799h,,failed,0,0,,http_manifest,known,403,manifest,"Client error '403 ' for url 'https://openapiproext.bnf.fr/iiif/presentation/v3/ark:/12148/bd6t562799h/manifest.json'
For more information check: https://developer.mozilla.org/en-US/docs/Web/HTTP/Status/403",2026-07-17T15:39:46.942242
humanite,bd6t562800w,,failed,0,0,,http_manifest,known,403,manifest,"Client error '403 ' for url 'https://openapiproext.bnf.fr/iiif/presentation/v3/ark:/12148/bd6t562800w/manifest.json'
For more information check: https://developer.mozilla.org/en-US/docs/Web/HTTP/Status/403",2026-07-17T15:39:48.119449
humanite,bd6t5628017,,failed,0,0,,http_manifest,known,403,manifest,"Client error '403 ' for url 'https://openapiproext.bnf.fr/iiif/presentation/v3/ark:/12148/bd6t5628017/manifest.json'
For more information check: https://developer.mozilla.org/en-US/docs/Web/HTTP/Status/403",2026-07-17T15:39:49.321069
humanite,bd6t562802k,,failed,0,0,,http_manifest,known,403,manifest,"Client error '403 ' for url 'https://openapiproext.bnf.fr/iiif/presentation/v3/ark:/12148/bd6t562802k/manifest.json'
For more information check: https://developer.mozilla.org/en-US/docs/Web/HTTP/Status/403",2026-07-17T15:39:50.519331
humanite,bd6t562803x,,failed,0,0,,http_manifest,known,403,manifest,"Client error '403 ' for url 'https://openapiproext.bnf.fr/iiif/presentation/v3/ark:/12148/bd6t562803x/manifest.json'
For more information check: https://developer.mozilla.org/en-US/docs/Web/HTTP/Status/403",2026-07-17T15:39:51.730974
humanite,bd6t5628048,,failed,0,0,,http_manifest,known,403,manifest,"Client error '403 ' for url 'https://openapiproext.bnf.fr/iiif/presentation/v3/ark:/12148/bd6t5628048/manifest.json'
For more information check: https://developer.mozilla.org/en-US/docs/Web/HTTP/Status/403",2026-07-17T15:39:52.929347
humanite,bd6t562805m,,failed,0,0,,http_manifest,known,403,manifest,"Client error '403 ' for url 'https://openapiproext.bnf.fr/iiif/presentation/v3/ark:/12148/bd6t562805m/manifest.json'
For more information check: https://developer.mozilla.org/en-US/docs/Web/HTTP/Status/403",2026-07-17T15:39:54.130249
humanite,bd6t562806z,,failed,0,0,,http_manifest,known,403,manifest,"Client error '403 ' for url 'https://openapiproext.bnf.fr/iiif/presentation/v3/ark:/12148/bd6t562806z/manifest.json'
For more information check: https://developer.mozilla.org/en-US/docs/Web/HTTP/Status/403",2026-07-17T15:39:55.333371
humanite,bd6t5628079,,failed,0,0,,http_manifest,known,403,manifest,"Client error '403 ' for url 'https://openapiproext.bnf.fr/iiif/presentation/v3/ark:/12148/bd6t5628079/manifest.json'
For more information check: https://developer.mozilla.org/en-US/docs/Web/HTTP/Status/403",2026-07-17T15:39:56.531958
humanite,bd6t562808n,,failed,0,0,,http_manifest,known,403,manifest,"Client error '403 ' for url 'https://openapiproext.bnf.fr/iiif/presentation/v3/ark:/12148/bd6t562808n/manifest.json'
For more information check: https://developer.mozilla.org/en-US/docs/Web/HTTP/Status/403",2026-07-17T15:39:57.887021
humanite,bd6t5628090,,failed,0,0,,http_manifest,known,403,manifest,"Client error '403 ' for url 'https://openapiproext.bnf.fr/iiif/presentation/v3/ark:/12148/bd6t5628090/manifest.json'
For more information check: https://developer.mozilla.org/en-US/docs/Web/HTTP/Status/403",2026-07-17T15:39:58.968135
humanite,bd6t5628106,,failed,0,0,,http_manifest,known,403,manifest,"Client error '403 ' for url 'https://openapiproext.bnf.fr/iiif/presentation/v3/ark:/12148/bd6t5628106/manifest.json'
For more information check: https://developer.mozilla.org/en-US/docs/Web/HTTP/Status/403",2026-07-17T15:40:00.408007
humanite,bd6t562811j,,failed,0,0,,http_manifest,known,403,manifest,"Client error '403 ' for url 'https://openapiproext.bnf.fr/iiif/presentation/v3/ark:/12148/bd6t562811j/manifest.json'
For more information check: https://developer.mozilla.org/en-US/docs/Web/HTTP/Status/403",2026-07-17T15:40:01.569372
humanite,bd6t562812w,,failed,0,0,,http_manifest,known,403,manifest,"Client error '403 ' for url 'https://openapiproext.bnf.fr/iiif/presentation/v3/ark:/12148/bd6t562812w/manifest.json'
For more information check: https://developer.mozilla.org/en-US/docs/Web/HTTP/Status/403",2026-07-17T15:40:02.584474
humanite,bd6t5628137,,failed,0,0,,http_manifest,known,403,manifest,"Client error '403 ' for url 'https://openapiproext.bnf.fr/iiif/presentation/v3/ark:/12148/bd6t5628137/manifest.json'
For more information check: https://developer.mozilla.org/en-US/docs/Web/HTTP/Status/403",2026-07-17T15:40:03.744373
humanite,bd6t562814k,,failed,0,0,,http_manifest,known,403,manifest,"Client error '403 ' for url 'https://openapiproext.bnf.fr/iiif/presentation/v3/ark:/12148/bd6t562814k/manifest.json'
For more information check: https://developer.mozilla.org/en-US/docs/Web/HTTP/Status/403",2026-07-17T15:40:05.096243
humanite,bd6t562815x,,failed,0,0,,http_manifest,known,403,manifest,"Client error '403 ' for url 'https://openapiproext.bnf.fr/iiif/presentation/v3/ark:/12148/bd6t562815x/manifest.json'
For more information check: https://developer.mozilla.org/en-US/docs/Web/HTTP/Status/403",2026-07-17T15:40:06.312376
humanite,bd6t5628168,,failed,0,0,,http_manifest,known,403,manifest,"Client error '403 ' for url 'https://openapiproext.bnf.fr/iiif/presentation/v3/ark:/12148/bd6t5628168/manifest.json'
For more information check: https://developer.mozilla.org/en-US/docs/Web/HTTP/Status/403",2026-07-17T15:40:07.357647
humanite,bd6t562817m,,failed,0,0,,http_manifest,known,403,manifest,"Client error '403 ' for url 'https://openapiproext.bnf.fr/iiif/presentation/v3/ark:/12148/bd6t562817m/manifest.json'
For more information check: https://developer.mozilla.org/en-US/docs/Web/HTTP/Status/403",2026-07-17T15:40:08.550474
humanite,bd6t562818z,,failed,0,0,,http_manifest,known,403,manifest,"Client error '403 ' for url 'https://openapiproext.bnf.fr/iiif/presentation/v3/ark:/12148/bd6t562818z/manifest.json'
For more information check: https://developer.mozilla.org/en-US/docs/Web/HTTP/Status/403",2026-07-17T15:40:09.768930
humanite,bd6t5628199,,failed,0,0,,http_manifest,known,403,manifest,"Client error '403 ' for url 'https://openapiproext.bnf.fr/iiif/presentation/v3/ark:/12148/bd6t5628199/manifest.json'
For more information check: https://developer.mozilla.org/en-US/docs/Web/HTTP/Status/403",2026-07-17T15:40:10.979853
humanite,bd6t562820h,,failed,0,0,,http_manifest,known,403,manifest,"Client error '403 ' for url 'https://openapiproext.bnf.fr/iiif/presentation/v3/ark:/12148/bd6t562820h/manifest.json'
For more information check: https://developer.mozilla.org/en-US/docs/Web/HTTP/Status/403",2026-07-17T15:40:12.193148
humanite,bd6t562821v,,failed,0,0,,http_manifest,known,403,manifest,"Client error '403 ' for url 'https://openapiproext.bnf.fr/iiif/presentation/v3/ark:/12148/bd6t562821v/manifest.json'
For more information check: https://developer.mozilla.org/en-US/docs/Web/HTTP/Status/403",2026-07-17T15:40:13.362960
humanite,bd6t5628226,,failed,0,0,,http_manifest,known,403,manifest,"Client error '403 ' for url 'https://openapiproext.bnf.fr/iiif/presentation/v3/ark:/12148/bd6t5628226/manifest.json'
For more information check: https://developer.mozilla.org/en-US/docs/Web/HTTP/Status/403",2026-07-17T15:40:14.757865
humanite,bd6t562823j,,failed,0,0,,http_manifest,known,403,manifest,"Client error '403 ' for url 'https://openapiproext.bnf.fr/iiif/presentation/v3/ark:/12148/bd6t562823j/manifest.json'
For more information check: https://developer.mozilla.org/en-US/docs/Web/HTTP/Status/403",2026-07-17T15:40:15.768152
humanite,bd6t562824w,,failed,0,0,,http_manifest,known,403,manifest,"Client error '403 ' for url 'https://openapiproext.bnf.fr/iiif/presentation/v3/ark:/12148/bd6t562824w/manifest.json'
For more information check: https://developer.mozilla.org/en-US/docs/Web/HTTP/Status/403",2026-07-17T15:40:17.202462
humanite,bd6t5628257,,failed,0,0,,http_manifest,known,403,manifest,"Client error '403 ' for url 'https://openapiproext.bnf.fr/iiif/presentation/v3/ark:/12148/bd6t5628257/manifest.json'
For more information check: https://developer.mozilla.org/en-US/docs/Web/HTTP/Status/403",2026-07-17T15:40:18.391099
humanite,bd6t562826k,,failed,0,0,,http_manifest,known,403,manifest,"Client error '403 ' for url 'https://openapiproext.bnf.fr/iiif/presentation/v3/ark:/12148/bd6t562826k/manifest.json'
For more information check: https://developer.mozilla.org/en-US/docs/Web/HTTP/Status/403",2026-07-17T15:40:19.403328
humanite,bd6t562827x,,failed,0,0,,http_manifest,known,403,manifest,"Client error '403 ' for url 'https://openapiproext.bnf.fr/iiif/presentation/v3/ark:/12148/bd6t562827x/manifest.json'
For more information check: https://developer.mozilla.org/en-US/docs/Web/HTTP/Status/403",2026-07-17T15:40:20.565748
humanite,bd6t5628288,,failed,0,0,,http_manifest,known,403,manifest,"Client error '403 ' for url 'https://openapiproext.bnf.fr/iiif/presentation/v3/ark:/12148/bd6t5628288/manifest.json'
For more information check: https://developer.mozilla.org/en-US/docs/Web/HTTP/Status/403",2026-07-17T15:40:21.766044
humanite,bd6t562829m,,failed,0,0,,http_manifest,known,403,manifest,"Client error '403 ' for url 'https://openapiproext.bnf.fr/iiif/presentation/v3/ark:/12148/bd6t562829m/manifest.json'
For more information check: https://developer.mozilla.org/en-US/docs/Web/HTTP/Status/403",2026-07-17T15:40:23.002721
humanite,bd6t562830t,,failed,0,0,,http_manifest,known,403,manifest,"Client error '403 ' for url 'https://openapiproext.bnf.fr/iiif/presentation/v3/ark:/12148/bd6t562830t/manifest.json'
For more information check: https://developer.mozilla.org/en-US/docs/Web/HTTP/Status/403",2026-07-17T15:40:24.172996
humanite,bd6t5628315,,failed,0,0,,http_manifest,known,403,manifest,"Client error '403 ' for url 'https://openapiproext.bnf.fr/iiif/presentation/v3/ark:/12148/bd6t5628315/manifest.json'
For more information check: https://developer.mozilla.org/en-US/docs/Web/HTTP/Status/403",2026-07-17T15:40:25.376202
humanite,bd6t562832h,,failed,0,0,,http_manifest,known,403,manifest,"Client error '403 ' for url 'https://openapiproext.bnf.fr/iiif/presentation/v3/ark:/12148/bd6t562832h/manifest.json'
For more information check: https://developer.mozilla.org/en-US/docs/Web/HTTP/Status/403",2026-07-17T15:40:26.573248
humanite,bd6t562833v,,failed,0,0,,http_manifest,known,403,manifest,"Client error '403 ' for url 'https://openapiproext.bnf.fr/iiif/presentation/v3/ark:/12148/bd6t562833v/manifest.json'
For more information check: https://developer.mozilla.org/en-US/docs/Web/HTTP/Status/403",2026-07-17T15:40:27.782338
humanite,bd6t562911t,,failed,0,0,,http_manifest,known,403,manifest,"Client error '403 ' for url 'https://openapiproext.bnf.fr/iiif/presentation/v3/ark:/12148/bd6t562911t/manifest.json'
For more information check: https://developer.mozilla.org/en-US/docs/Web/HTTP/Status/403",2026-07-17T15:40:29.009586
humanite,bd6t5629125,,failed,0,0,,http_manifest,known,403,manifest,"Client error '403 ' for url 'https://openapiproext.bnf.fr/iiif/presentation/v3/ark:/12148/bd6t5629125/manifest.json'
For more information check: https://developer.mozilla.org/en-US/docs/Web/HTTP/Status/403",2026-07-17T15:40:30.182278
humanite,bd6t562913h,,failed,0,0,,http_manifest,known,403,manifest,"Client error '403 ' for url 'https://openapiproext.bnf.fr/iiif/presentation/v3/ark:/12148/bd6t562913h/manifest.json'
For more information check: https://developer.mozilla.org/en-US/docs/Web/HTTP/Status/403",2026-07-17T15:40:31.381886
humanite,bd6t562914v,,failed,0,0,,http_manifest,known,403,manifest,"Client error '403 ' for url 'https://openapiproext.bnf.fr/iiif/presentation/v3/ark:/12148/bd6t562914v/manifest.json'
For more information check: https://developer.mozilla.org/en-US/docs/Web/HTTP/Status/403",2026-07-17T15:40:32.587094
humanite,bd6t5629156,,failed,0,0,,http_manifest,known,403,manifest,"Client error '403 ' for url 'https://openapiproext.bnf.fr/iiif/presentation/v3/ark:/12148/bd6t5629156/manifest.json'
For more information check: https://developer.mozilla.org/en-US/docs/Web/HTTP/Status/403",2026-07-17T15:40:33.790171
humanite,bd6t562916j,,failed,0,0,,http_manifest,known,403,manifest,"Client error '403 ' for url 'https://openapiproext.bnf.fr/iiif/presentation/v3/ark:/12148/bd6t562916j/manifest.json'
For more information check: https://developer.mozilla.org/en-US/docs/Web/HTTP/Status/403",2026-07-17T15:40:34.991163
humanite,bd6t562917w,,failed,0,0,,http_manifest,known,403,manifest,"Client error '403 ' for url 'https://openapiproext.bnf.fr/iiif/presentation/v3/ark:/12148/bd6t562917w/manifest.json'
For more information check: https://developer.mozilla.org/en-US/docs/Web/HTTP/Status/403",2026-07-17T15:40:36.191051
humanite,bd6t5629187,,failed,0,0,,http_manifest,known,403,manifest,"Client error '403 ' for url 'https://openapiproext.bnf.fr/iiif/presentation/v3/ark:/12148/bd6t5629187/manifest.json'
For more information check: https://developer.mozilla.org/en-US/docs/Web/HTTP/Status/403",2026-07-17T15:40:37.394229
humanite,bd6t562919k,,failed,0,0,,http_manifest,known,403,manifest,"Client error '403 ' for url 'https://openapiproext.bnf.fr/iiif/presentation/v3/ark:/12148/bd6t562919k/manifest.json'
For more information check: https://developer.mozilla.org/en-US/docs/Web/HTTP/Status/403",2026-07-17T15:40:38.597881
humanite,bd6t562920s,,failed,0,0,,http_manifest,known,403,manifest,"Client error '403 ' for url 'https://openapiproext.bnf.fr/iiif/presentation/v3/ark:/12148/bd6t562920s/manifest.json'
For more information check: https://developer.mozilla.org/en-US/docs/Web/HTTP/Status/403",2026-07-17T15:40:39.795686
humanite,bd6t5629214,,failed,0,0,,http_manifest,known,403,manifest,"Client error '403 ' for url 'https://openapiproext.bnf.fr/iiif/presentation/v3/ark:/12148/bd6t5629214/manifest.json'
For more information check: https://developer.mozilla.org/en-US/docs/Web/HTTP/Status/403",2026-07-17T15:40:40.996284
humanite,bd6t562922g,,failed,0,0,,http_manifest,known,403,manifest,"Client error '403 ' for url 'https://openapiproext.bnf.fr/iiif/presentation/v3/ark:/12148/bd6t562922g/manifest.json'
For more information check: https://developer.mozilla.org/en-US/docs/Web/HTTP/Status/403",2026-07-17T15:40:42.197248
humanite,bd6t562923t,,failed,0,0,,http_manifest,known,403,manifest,"Client error '403 ' for url 'https://openapiproext.bnf.fr/iiif/presentation/v3/ark:/12148/bd6t562923t/manifest.json'
For more information check: https://developer.mozilla.org/en-US/docs/Web/HTTP/Status/403",2026-07-17T15:40:43.398061
humanite,bd6t5629245,,failed,0,0,,http_manifest,known,403,manifest,"Client error '403 ' for url 'https://openapiproext.bnf.fr/iiif/presentation/v3/ark:/12148/bd6t5629245/manifest.json'
For more information check: https://developer.mozilla.org/en-US/docs/Web/HTTP/Status/403",2026-07-17T15:40:44.612938
humanite,bd6t562925h,,failed,0,0,,http_manifest,known,403,manifest,"Client error '403 ' for url 'https://openapiproext.bnf.fr/iiif/presentation/v3/ark:/12148/bd6t562925h/manifest.json'
For more information check: https://developer.mozilla.org/en-US/docs/Web/HTTP/Status/403",2026-07-17T15:40:45.806565
humanite,bd6t562926v,,failed,0,0,,http_manifest,known,403,manifest,"Client error '403 ' for url 'https://openapiproext.bnf.fr/iiif/presentation/v3/ark:/12148/bd6t562926v/manifest.json'
For more information check: https://developer.mozilla.org/en-US/docs/Web/HTTP/Status/403",2026-07-17T15:40:47.001321
humanite,bd6t5629276,,failed,0,0,,http_manifest,known,403,manifest,"Client error '403 ' for url 'https://openapiproext.bnf.fr/iiif/presentation/v3/ark:/12148/bd6t5629276/manifest.json'
For more information check: https://developer.mozilla.org/en-US/docs/Web/HTTP/Status/403",2026-07-17T15:40:48.204321
humanite,bd6t562928j,,failed,0,0,,http_manifest,known,403,manifest,"Client error '403 ' for url 'https://openapiproext.bnf.fr/iiif/presentation/v3/ark:/12148/bd6t562928j/manifest.json'
For more information check: https://developer.mozilla.org/en-US/docs/Web/HTTP/Status/403",2026-07-17T15:40:49.410507
humanite,bd6t562929w,,failed,0,0,,http_manifest,known,403,manifest,"Client error '403 ' for url 'https://openapiproext.bnf.fr/iiif/presentation/v3/ark:/12148/bd6t562929w/manifest.json'
For more information check: https://developer.mozilla.org/en-US/docs/Web/HTTP/Status/403",2026-07-17T15:40:50.607402
humanite,bd6t5629303,,failed,0,0,,http_manifest,known,403,manifest,"Client error '403 ' for url 'https://openapiproext.bnf.fr/iiif/presentation/v3/ark:/12148/bd6t5629303/manifest.json'
For more information check: https://developer.mozilla.org/en-US/docs/Web/HTTP/Status/403",2026-07-17T15:40:51.827479
humanite,bd6t562931f,,failed,0,0,,http_manifest,known,403,manifest,"Client error '403 ' for url 'https://openapiproext.bnf.fr/iiif/presentation/v3/ark:/12148/bd6t562931f/manifest.json'
For more information check: https://developer.mozilla.org/en-US/docs/Web/HTTP/Status/403",2026-07-17T15:40:53.011985
humanite,bd6t562932s,,failed,0,0,,http_manifest,known,403,manifest,"Client error '403 ' for url 'https://openapiproext.bnf.fr/iiif/presentation/v3/ark:/12148/bd6t562932s/manifest.json'
For more information check: https://developer.mozilla.org/en-US/docs/Web/HTTP/Status/403",2026-07-17T15:40:54.209187
humanite,bd6t5629334,,failed,0,0,,http_manifest,known,403,manifest,"Client error '403 ' for url 'https://openapiproext.bnf.fr/iiif/presentation/v3/ark:/12148/bd6t5629334/manifest.json'
For more information check: https://developer.mozilla.org/en-US/docs/Web/HTTP/Status/403",2026-07-17T15:40:55.420005
humanite,bd6t562934g,,failed,0,0,,http_manifest,known,403,manifest,"Client error '403 ' for url 'https://openapiproext.bnf.fr/iiif/presentation/v3/ark:/12148/bd6t562934g/manifest.json'
For more information check: https://developer.mozilla.org/en-US/docs/Web/HTTP/Status/403",2026-07-17T15:40:56.617096
humanite,bd6t562935t,,failed,0,0,,http_manifest,known,403,manifest,"Client error '403 ' for url 'https://openapiproext.bnf.fr/iiif/presentation/v3/ark:/12148/bd6t562935t/manifest.json'
For more information check: https://developer.mozilla.org/en-US/docs/Web/HTTP/Status/403",2026-07-17T15:40:58.082274
humanite,bd6t5629365,,failed,0,0,,http_manifest,known,403,manifest,"Client error '403 ' for url 'https://openapiproext.bnf.fr/iiif/presentation/v3/ark:/12148/bd6t5629365/manifest.json'
For more information check: https://developer.mozilla.org/en-US/docs/Web/HTTP/Status/403",2026-07-17T15:40:59.016620
humanite,bd6t562937h,,failed,0,0,,http_manifest,known,403,manifest,"Client error '403 ' for url 'https://openapiproext.bnf.fr/iiif/presentation/v3/ark:/12148/bd6t562937h/manifest.json'
For more information check: https://developer.mozilla.org/en-US/docs/Web/HTTP/Status/403",2026-07-17T15:41:00.224896
humanite,bd6t562938v,,failed,0,0,,http_manifest,known,403,manifest,"Client error '403 ' for url 'https://openapiproext.bnf.fr/iiif/presentation/v3/ark:/12148/bd6t562938v/manifest.json'
For more information check: https://developer.mozilla.org/en-US/docs/Web/HTTP/Status/403",2026-07-17T15:41:01.481779
humanite,bd6t5629396,,failed,0,0,,http_manifest,known,403,manifest,"Client error '403 ' for url 'https://openapiproext.bnf.fr/iiif/presentation/v3/ark:/12148/bd6t5629396/manifest.json'
For more information check: https://developer.mozilla.org/en-US/docs/Web/HTTP/Status/403",2026-07-17T15:41:02.648457
humanite,bd6t562940d,,failed,0,0,,http_manifest,known,403,manifest,"Client error '403 ' for url 'https://openapiproext.bnf.fr/iiif/presentation/v3/ark:/12148/bd6t562940d/manifest.json'
For more information check: https://developer.mozilla.org/en-US/docs/Web/HTTP/Status/403",2026-07-17T15:41:03.882454
humanite,bd6t562941r,,failed,0,0,,http_manifest,known,403,manifest,"Client error '403 ' for url 'https://openapiproext.bnf.fr/iiif/presentation/v3/ark:/12148/bd6t562941r/manifest.json'
For more information check: https://developer.mozilla.org/en-US/docs/Web/HTTP/Status/403",2026-07-17T15:41:05.214112
humanite,bd6t5629423,,failed,0,0,,http_manifest,known,403,manifest,"Client error '403 ' for url 'https://openapiproext.bnf.fr/iiif/presentation/v3/ark:/12148/bd6t5629423/manifest.json'
For more information check: https://developer.mozilla.org/en-US/docs/Web/HTTP/Status/403",2026-07-17T15:41:06.439968
humanite,bd6t562943f,,failed,0,0,,http_manifest,known,403,manifest,"Client error '403 ' for url 'https://openapiproext.bnf.fr/iiif/presentation/v3/ark:/12148/bd6t562943f/manifest.json'
For more information check: https://developer.mozilla.org/en-US/docs/Web/HTTP/Status/403",2026-07-17T15:41:07.425341
humanite,bd6t562944s,,failed,0,0,,http_manifest,known,403,manifest,"Client error '403 ' for url 'https://openapiproext.bnf.fr/iiif/presentation/v3/ark:/12148/bd6t562944s/manifest.json'
For more information check: https://developer.mozilla.org/en-US/docs/Web/HTTP/Status/403",2026-07-17T15:41:08.636340
humanite,bd6t5629454,,failed,0,0,,http_manifest,known,403,manifest,"Client error '403 ' for url 'https://openapiproext.bnf.fr/iiif/presentation/v3/ark:/12148/bd6t5629454/manifest.json'
For more information check: https://developer.mozilla.org/en-US/docs/Web/HTTP/Status/403",2026-07-17T15:41:09.828122
humanite,bd6t562946g,,failed,0,0,,http_manifest,known,403,manifest,"Client error '403 ' for url 'https://openapiproext.bnf.fr/iiif/presentation/v3/ark:/12148/bd6t562946g/manifest.json'
For more information check: https://developer.mozilla.org/en-US/docs/Web/HTTP/Status/403",2026-07-17T15:41:11.028024
humanite,bd6t562947t,,failed,0,0,,http_manifest,known,403,manifest,"Client error '403 ' for url 'https://openapiproext.bnf.fr/iiif/presentation/v3/ark:/12148/bd6t562947t/manifest.json'
For more information check: https://developer.mozilla.org/en-US/docs/Web/HTTP/Status/403",2026-07-17T15:41:12.233660
humanite,bd6t5629485,,failed,0,0,,http_manifest,known,403,manifest,"Client error '403 ' for url 'https://openapiproext.bnf.fr/iiif/presentation/v3/ark:/12148/bd6t5629485/manifest.json'
For more information check: https://developer.mozilla.org/en-US/docs/Web/HTTP/Status/403",2026-07-17T15:41:13.589070
humanite,bd6t562949h,,failed,0,0,,http_manifest,known,403,manifest,"Client error '403 ' for url 'https://openapiproext.bnf.fr/iiif/presentation/v3/ark:/12148/bd6t562949h/manifest.json'
For more information check: https://developer.mozilla.org/en-US/docs/Web/HTTP/Status/403",2026-07-17T15:41:14.742466
humanite,bd6t562950q,,failed,0,0,,http_manifest,known,403,manifest,"Client error '403 ' for url 'https://openapiproext.bnf.fr/iiif/presentation/v3/ark:/12148/bd6t562950q/manifest.json'
For more information check: https://developer.mozilla.org/en-US/docs/Web/HTTP/Status/403",2026-07-17T15:41:15.846130
humanite,bd6t5629512,,failed,0,0,,http_manifest,known,403,manifest,"Client error '403 ' for url 'https://openapiproext.bnf.fr/iiif/presentation/v3/ark:/12148/bd6t5629512/manifest.json'
For more information check: https://developer.mozilla.org/en-US/docs/Web/HTTP/Status/403",2026-07-17T15:41:17.040080
humanite,bd6t562952d,,failed,0,0,,http_manifest,known,403,manifest,"Client error '403 ' for url 'https://openapiproext.bnf.fr/iiif/presentation/v3/ark:/12148/bd6t562952d/manifest.json'
For more information check: https://developer.mozilla.org/en-US/docs/Web/HTTP/Status/403",2026-07-17T15:41:18.278838
humanite,bd6t562953r,,failed,0,0,,http_manifest,known,403,manifest,"Client error '403 ' for url 'https://openapiproext.bnf.fr/iiif/presentation/v3/ark:/12148/bd6t562953r/manifest.json'
For more information check: https://developer.mozilla.org/en-US/docs/Web/HTTP/Status/403",2026-07-17T15:41:19.444679
humanite,bd6t5629543,,failed,0,0,,http_manifest,known,403,manifest,"Client error '403 ' for url 'https://openapiproext.bnf.fr/iiif/presentation/v3/ark:/12148/bd6t5629543/manifest.json'
For more information check: https://developer.mozilla.org/en-US/docs/Web/HTTP/Status/403",2026-07-17T15:41:20.668106
humanite,bd6t562955f,,failed,0,0,,http_manifest,known,403,manifest,"Client error '403 ' for url 'https://openapiproext.bnf.fr/iiif/presentation/v3/ark:/12148/bd6t562955f/manifest.json'
For more information check: https://developer.mozilla.org/en-US/docs/Web/HTTP/Status/403",2026-07-17T15:41:21.844700
humanite,bd6t562956s,,failed,0,0,,http_manifest,known,403,manifest,"Client error '403 ' for url 'https://openapiproext.bnf.fr/iiif/presentation/v3/ark:/12148/bd6t562956s/manifest.json'
For more information check: https://developer.mozilla.org/en-US/docs/Web/HTTP/Status/403",2026-07-17T15:41:23.061701
humanite,bd6t5629574,,failed,0,0,,http_manifest,known,403,manifest,"Client error '403 ' for url 'https://openapiproext.bnf.fr/iiif/presentation/v3/ark:/12148/bd6t5629574/manifest.json'
For more information check: https://developer.mozilla.org/en-US/docs/Web/HTTP/Status/403",2026-07-17T15:41:24.246990
humanite,bd6t562958g,,failed,0,0,,http_manifest,known,403,manifest,"Client error '403 ' for url 'https://openapiproext.bnf.fr/iiif/presentation/v3/ark:/12148/bd6t562958g/manifest.json'
For more information check: https://developer.mozilla.org/en-US/docs/Web/HTTP/Status/403",2026-07-17T15:41:25.449128
humanite,bd6t562959t,,failed,0,0,,http_manifest,known,403,manifest,"Client error '403 ' for url 'https://openapiproext.bnf.fr/iiif/presentation/v3/ark:/12148/bd6t562959t/manifest.json'
For more information check: https://developer.mozilla.org/en-US/docs/Web/HTTP/Status/403",2026-07-17T15:41:26.656896
humanite,bd6t5629601,,failed,0,0,,http_manifest,known,403,manifest,"Client error '403 ' for url 'https://openapiproext.bnf.fr/iiif/presentation/v3/ark:/12148/bd6t5629601/manifest.json'
For more information check: https://developer.mozilla.org/en-US/docs/Web/HTTP/Status/403",2026-07-17T15:41:27.854630
humanite,bd6t562961c,,failed,0,0,,http_manifest,known,403,manifest,"Client error '403 ' for url 'https://openapiproext.bnf.fr/iiif/presentation/v3/ark:/12148/bd6t562961c/manifest.json'
For more information check: https://developer.mozilla.org/en-US/docs/Web/HTTP/Status/403",2026-07-17T15:41:29.057018
humanite,bd6t562962q,,failed,0,0,,http_manifest,known,403,manifest,"Client error '403 ' for url 'https://openapiproext.bnf.fr/iiif/presentation/v3/ark:/12148/bd6t562962q/manifest.json'
For more information check: https://developer.mozilla.org/en-US/docs/Web/HTTP/Status/403",2026-07-17T15:41:30.254105
humanite,bd6t5629632,,failed,0,0,,http_manifest,known,403,manifest,"Client error '403 ' for url 'https://openapiproext.bnf.fr/iiif/presentation/v3/ark:/12148/bd6t5629632/manifest.json'
For more information check: https://developer.mozilla.org/en-US/docs/Web/HTTP/Status/403",2026-07-17T15:41:31.456705
humanite,bd6t562964d,,failed,0,0,,http_manifest,known,403,manifest,"Client error '403 ' for url 'https://openapiproext.bnf.fr/iiif/presentation/v3/ark:/12148/bd6t562964d/manifest.json'
For more information check: https://developer.mozilla.org/en-US/docs/Web/HTTP/Status/403",2026-07-17T15:41:32.688337
humanite,bd6t562965r,,failed,0,0,,http_manifest,known,403,manifest,"Client error '403 ' for url 'https://openapiproext.bnf.fr/iiif/presentation/v3/ark:/12148/bd6t562965r/manifest.json'
For more information check: https://developer.mozilla.org/en-US/docs/Web/HTTP/Status/403",2026-07-17T15:41:33.868945
humanite,bd6t5629663,,failed,0,0,,http_manifest,known,403,manifest,"Client error '403 ' for url 'https://openapiproext.bnf.fr/iiif/presentation/v3/ark:/12148/bd6t5629663/manifest.json'
For more information check: https://developer.mozilla.org/en-US/docs/Web/HTTP/Status/403",2026-07-17T15:41:35.061987
humanite,bd6t562967f,,failed,0,0,,http_manifest,known,403,manifest,"Client error '403 ' for url 'https://openapiproext.bnf.fr/iiif/presentation/v3/ark:/12148/bd6t562967f/manifest.json'
For more information check: https://developer.mozilla.org/en-US/docs/Web/HTTP/Status/403",2026-07-17T15:41:36.263393
humanite,bd6t562968s,,failed,0,0,,http_manifest,known,403,manifest,"Client error '403 ' for url 'https://openapiproext.bnf.fr/iiif/presentation/v3/ark:/12148/bd6t562968s/manifest.json'
For more information check: https://developer.mozilla.org/en-US/docs/Web/HTTP/Status/403",2026-07-17T15:41:37.463389
humanite,bd6t5629694,,failed,0,0,,http_manifest,known,403,manifest,"Client error '403 ' for url 'https://openapiproext.bnf.fr/iiif/presentation/v3/ark:/12148/bd6t5629694/manifest.json'
For more information check: https://developer.mozilla.org/en-US/docs/Web/HTTP/Status/403",2026-07-17T15:41:38.665862
humanite,bd6t562970b,,failed,0,0,,http_manifest,known,403,manifest,"Client error '403 ' for url 'https://openapiproext.bnf.fr/iiif/presentation/v3/ark:/12148/bd6t562970b/manifest.json'
For more information check: https://developer.mozilla.org/en-US/docs/Web/HTTP/Status/403",2026-07-17T15:41:39.869647
humanite,bd6t562971p,,failed,0,0,,http_manifest,known,403,manifest,"Client error '403 ' for url 'https://openapiproext.bnf.fr/iiif/presentation/v3/ark:/12148/bd6t562971p/manifest.json'
For more information check: https://developer.mozilla.org/en-US/docs/Web/HTTP/Status/403",2026-07-17T15:41:41.072532
humanite,bd6t5629721,,failed,0,0,,http_manifest,known,403,manifest,"Client error '403 ' for url 'https://openapiproext.bnf.fr/iiif/presentation/v3/ark:/12148/bd6t5629721/manifest.json'
For more information check: https://developer.mozilla.org/en-US/docs/Web/HTTP/Status/403",2026-07-17T15:41:42.272931
humanite,bd6t562973c,,failed,0,0,,http_manifest,known,403,manifest,"Client error '403 ' for url 'https://openapiproext.bnf.fr/iiif/presentation/v3/ark:/12148/bd6t562973c/manifest.json'
For more information check: https://developer.mozilla.org/en-US/docs/Web/HTTP/Status/403",2026-07-17T15:41:43.469126
humanite,bd6t562974q,,failed,0,0,,http_manifest,known,403,manifest,"Client error '403 ' for url 'https://openapiproext.bnf.fr/iiif/presentation/v3/ark:/12148/bd6t562974q/manifest.json'
For more information check: https://developer.mozilla.org/en-US/docs/Web/HTTP/Status/403",2026-07-17T15:41:44.694845
humanite,bd6t5629752,,failed,0,0,,http_manifest,known,403,manifest,"Client error '403 ' for url 'https://openapiproext.bnf.fr/iiif/presentation/v3/ark:/12148/bd6t5629752/manifest.json'
For more information check: https://developer.mozilla.org/en-US/docs/Web/HTTP/Status/403",2026-07-17T15:41:45.871916
humanite,bd6t562976d,,failed,0,0,,http_manifest,known,403,manifest,"Client error '403 ' for url 'https://openapiproext.bnf.fr/iiif/presentation/v3/ark:/12148/bd6t562976d/manifest.json'
For more information check: https://developer.mozilla.org/en-US/docs/Web/HTTP/Status/403",2026-07-17T15:41:47.073353
humanite,bd6t562977r,,failed,0,0,,http_manifest,known,403,manifest,"Client error '403 ' for url 'https://openapiproext.bnf.fr/iiif/presentation/v3/ark:/12148/bd6t562977r/manifest.json'
For more information check: https://developer.mozilla.org/en-US/docs/Web/HTTP/Status/403",2026-07-17T15:41:48.278418
humanite,bd6t5629783,,failed,0,0,,http_manifest,known,403,manifest,"Client error '403 ' for url 'https://openapiproext.bnf.fr/iiif/presentation/v3/ark:/12148/bd6t5629783/manifest.json'
For more information check: https://developer.mozilla.org/en-US/docs/Web/HTTP/Status/403",2026-07-17T15:41:49.479328
humanite,bd6t562979f,,failed,0,0,,http_manifest,known,403,manifest,"Client error '403 ' for url 'https://openapiproext.bnf.fr/iiif/presentation/v3/ark:/12148/bd6t562979f/manifest.json'
For more information check: https://developer.mozilla.org/en-US/docs/Web/HTTP/Status/403",2026-07-17T15:41:50.692977
humanite,bd6t562980n,,failed,0,0,,http_manifest,known,403,manifest,"Client error '403 ' for url 'https://openapiproext.bnf.fr/iiif/presentation/v3/ark:/12148/bd6t562980n/manifest.json'
For more information check: https://developer.mozilla.org/en-US/docs/Web/HTTP/Status/403",2026-07-17T15:41:51.882739
humanite,bd6t5629810,,failed,0,0,,http_manifest,known,403,manifest,"Client error '403 ' for url 'https://openapiproext.bnf.fr/iiif/presentation/v3/ark:/12148/bd6t5629810/manifest.json'
For more information check: https://developer.mozilla.org/en-US/docs/Web/HTTP/Status/403",2026-07-17T15:41:53.083727
humanite,bd6t562982b,,failed,0,0,,http_manifest,known,403,manifest,"Client error '403 ' for url 'https://openapiproext.bnf.fr/iiif/presentation/v3/ark:/12148/bd6t562982b/manifest.json'
For more information check: https://developer.mozilla.org/en-US/docs/Web/HTTP/Status/403",2026-07-17T15:41:54.282491
humanite,bd6t562983p,,failed,0,0,,http_manifest,known,403,manifest,"Client error '403 ' for url 'https://openapiproext.bnf.fr/iiif/presentation/v3/ark:/12148/bd6t562983p/manifest.json'
For more information check: https://developer.mozilla.org/en-US/docs/Web/HTTP/Status/403",2026-07-17T15:41:55.484143
humanite,bd6t5629841,,failed,0,0,,http_manifest,known,403,manifest,"Client error '403 ' for url 'https://openapiproext.bnf.fr/iiif/presentation/v3/ark:/12148/bd6t5629841/manifest.json'
For more information check: https://developer.mozilla.org/en-US/docs/Web/HTTP/Status/403",2026-07-17T15:41:56.688216
humanite,bd6t562985c,,failed,0,0,,http_manifest,known,403,manifest,"Client error '403 ' for url 'https://openapiproext.bnf.fr/iiif/presentation/v3/ark:/12148/bd6t562985c/manifest.json'
For more information check: https://developer.mozilla.org/en-US/docs/Web/HTTP/Status/403",2026-07-17T15:41:58.118007
humanite,bd6t562986q,,failed,0,0,,http_manifest,known,403,manifest,"Client error '403 ' for url 'https://openapiproext.bnf.fr/iiif/presentation/v3/ark:/12148/bd6t562986q/manifest.json'
For more information check: https://developer.mozilla.org/en-US/docs/Web/HTTP/Status/403",2026-07-17T15:41:59.245471
humanite,bd6t5629872,,failed,0,0,,http_manifest,known,403,manifest,"Client error '403 ' for url 'https://openapiproext.bnf.fr/iiif/presentation/v3/ark:/12148/bd6t5629872/manifest.json'
For more information check: https://developer.mozilla.org/en-US/docs/Web/HTTP/Status/403",2026-07-17T15:42:00.291026
humanite,bd6t562988d,,failed,0,0,,http_manifest,known,403,manifest,"Client error '403 ' for url 'https://openapiproext.bnf.fr/iiif/presentation/v3/ark:/12148/bd6t562988d/manifest.json'
For more information check: https://developer.mozilla.org/en-US/docs/Web/HTTP/Status/403",2026-07-17T15:42:01.737536
humanite,bd6t562989r,,failed,0,0,,http_manifest,known,403,manifest,"Client error '403 ' for url 'https://openapiproext.bnf.fr/iiif/presentation/v3/ark:/12148/bd6t562989r/manifest.json'
For more information check: https://developer.mozilla.org/en-US/docs/Web/HTTP/Status/403",2026-07-17T15:42:02.699745
humanite,bd6t562990z,,failed,0,0,,http_manifest,known,403,manifest,"Client error '403 ' for url 'https://openapiproext.bnf.fr/iiif/presentation/v3/ark:/12148/bd6t562990z/manifest.json'
For more information check: https://developer.mozilla.org/en-US/docs/Web/HTTP/Status/403",2026-07-17T15:42:04.140464
humanite,bd6t5629919,,failed,0,0,,http_manifest,known,403,manifest,"Client error '403 ' for url 'https://openapiproext.bnf.fr/iiif/presentation/v3/ark:/12148/bd6t5629919/manifest.json'
For more information check: https://developer.mozilla.org/en-US/docs/Web/HTTP/Status/403",2026-07-17T15:42:05.354391
humanite,bd6t562992n,,failed,0,0,,http_manifest,known,403,manifest,"Client error '403 ' for url 'https://openapiproext.bnf.fr/iiif/presentation/v3/ark:/12148/bd6t562992n/manifest.json'
For more information check: https://developer.mozilla.org/en-US/docs/Web/HTTP/Status/403",2026-07-17T15:42:06.431912
humanite,bd6t5629930,,failed,0,0,,http_manifest,known,403,manifest,"Client error '403 ' for url 'https://openapiproext.bnf.fr/iiif/presentation/v3/ark:/12148/bd6t5629930/manifest.json'
For more information check: https://developer.mozilla.org/en-US/docs/Web/HTTP/Status/403",2026-07-17T15:42:07.499338
humanite,bd6t562994b,,failed,0,0,,http_manifest,known,403,manifest,"Client error '403 ' for url 'https://openapiproext.bnf.fr/iiif/presentation/v3/ark:/12148/bd6t562994b/manifest.json'
For more information check: https://developer.mozilla.org/en-US/docs/Web/HTTP/Status/403",2026-07-17T15:42:08.699968
humanite,bd6t562995p,,failed,0,0,,http_manifest,known,403,manifest,"Client error '403 ' for url 'https://openapiproext.bnf.fr/iiif/presentation/v3/ark:/12148/bd6t562995p/manifest.json'
For more information check: https://developer.mozilla.org/en-US/docs/Web/HTTP/Status/403",2026-07-17T15:42:09.901259
humanite,bd6t5629961,,failed,0,0,,http_manifest,known,403,manifest,"Client error '403 ' for url 'https://openapiproext.bnf.fr/iiif/presentation/v3/ark:/12148/bd6t5629961/manifest.json'
For more information check: https://developer.mozilla.org/en-US/docs/Web/HTTP/Status/403",2026-07-17T15:42:11.099268
humanite,bd6t562997c,,failed,0,0,,http_manifest,known,403,manifest,"Client error '403 ' for url 'https://openapiproext.bnf.fr/iiif/presentation/v3/ark:/12148/bd6t562997c/manifest.json'
For more information check: https://developer.mozilla.org/en-US/docs/Web/HTTP/Status/403",2026-07-17T15:42:12.310332
humanite,bd6t562998q,,failed,0,0,,http_manifest,known,403,manifest,"Client error '403 ' for url 'https://openapiproext.bnf.fr/iiif/presentation/v3/ark:/12148/bd6t562998q/manifest.json'
For more information check: https://developer.mozilla.org/en-US/docs/Web/HTTP/Status/403",2026-07-17T15:42:13.537030
humanite,bd6t5629992,,failed,0,0,,http_manifest,known,403,manifest,"Client error '403 ' for url 'https://openapiproext.bnf.fr/iiif/presentation/v3/ark:/12148/bd6t5629992/manifest.json'
For more information check: https://developer.mozilla.org/en-US/docs/Web/HTTP/Status/403",2026-07-17T15:42:14.708349
humanite,bd6t563000x,,failed,0,0,,http_manifest,known,403,manifest,"Client error '403 ' for url 'https://openapiproext.bnf.fr/iiif/presentation/v3/ark:/12148/bd6t563000x/manifest.json'
For more information check: https://developer.mozilla.org/en-US/docs/Web/HTTP/Status/403",2026-07-17T15:42:15.965383
humanite,bd6t5630018,,failed,0,0,,http_manifest,known,403,manifest,"Client error '403 ' for url 'https://openapiproext.bnf.fr/iiif/presentation/v3/ark:/12148/bd6t5630018/manifest.json'
For more information check: https://developer.mozilla.org/en-US/docs/Web/HTTP/Status/403",2026-07-17T15:42:17.133434
humanite,bd6t563002m,,failed,0,0,,http_manifest,known,403,manifest,"Client error '403 ' for url 'https://openapiproext.bnf.fr/iiif/presentation/v3/ark:/12148/bd6t563002m/manifest.json'
For more information check: https://developer.mozilla.org/en-US/docs/Web/HTTP/Status/403",2026-07-17T15:42:18.447408
humanite,bd6t563003z,,failed,0,0,,http_manifest,known,403,manifest,"Client error '403 ' for url 'https://openapiproext.bnf.fr/iiif/presentation/v3/ark:/12148/bd6t563003z/manifest.json'
For more information check: https://developer.mozilla.org/en-US/docs/Web/HTTP/Status/403",2026-07-17T15:42:19.515625
humanite,bd6t5630049,,failed,0,0,,http_manifest,known,403,manifest,"Client error '403 ' for url 'https://openapiproext.bnf.fr/iiif/presentation/v3/ark:/12148/bd6t5630049/manifest.json'
For more information check: https://developer.mozilla.org/en-US/docs/Web/HTTP/Status/403",2026-07-17T15:42:20.717000
humanite,bd6t563005n,,failed,0,0,,http_manifest,known,403,manifest,"Client error '403 ' for url 'https://openapiproext.bnf.fr/iiif/presentation/v3/ark:/12148/bd6t563005n/manifest.json'
For more information check: https://developer.mozilla.org/en-US/docs/Web/HTTP/Status/403",2026-07-17T15:42:21.917472
humanite,bd6t5630060,,failed,0,0,,http_manifest,known,403,manifest,"Client error '403 ' for url 'https://openapiproext.bnf.fr/iiif/presentation/v3/ark:/12148/bd6t5630060/manifest.json'
For more information check: https://developer.mozilla.org/en-US/docs/Web/HTTP/Status/403",2026-07-17T15:42:23.115864
humanite,bd6t563007b,,failed,0,0,,http_manifest,known,403,manifest,"Client error '403 ' for url 'https://openapiproext.bnf.fr/iiif/presentation/v3/ark:/12148/bd6t563007b/manifest.json'
For more information check: https://developer.mozilla.org/en-US/docs/Web/HTTP/Status/403",2026-07-17T15:42:24.316748
humanite,bd6t563008p,,failed,0,0,,http_manifest,known,403,manifest,"Client error '403 ' for url 'https://openapiproext.bnf.fr/iiif/presentation/v3/ark:/12148/bd6t563008p/manifest.json'
For more information check: https://developer.mozilla.org/en-US/docs/Web/HTTP/Status/403",2026-07-17T15:42:25.520817
humanite,bd6t5630091,,failed,0,0,,http_manifest,known,403,manifest,"Client error '403 ' for url 'https://openapiproext.bnf.fr/iiif/presentation/v3/ark:/12148/bd6t5630091/manifest.json'
For more information check: https://developer.mozilla.org/en-US/docs/Web/HTTP/Status/403",2026-07-17T15:42:26.719498
humanite,bd6t5630107,,failed,0,0,,http_manifest,known,403,manifest,"Client error '403 ' for url 'https://openapiproext.bnf.fr/iiif/presentation/v3/ark:/12148/bd6t5630107/manifest.json'
For more information check: https://developer.mozilla.org/en-US/docs/Web/HTTP/Status/403",2026-07-17T15:42:27.919399
humanite,bd6t563011k,,failed,0,0,,http_manifest,known,403,manifest,"Client error '403 ' for url 'https://openapiproext.bnf.fr/iiif/presentation/v3/ark:/12148/bd6t563011k/manifest.json'
For more information check: https://developer.mozilla.org/en-US/docs/Web/HTTP/Status/403",2026-07-17T15:42:29.138166
humanite,bd6t563012x,,failed,0,0,,http_manifest,known,403,manifest,"Client error '403 ' for url 'https://openapiproext.bnf.fr/iiif/presentation/v3/ark:/12148/bd6t563012x/manifest.json'
For more information check: https://developer.mozilla.org/en-US/docs/Web/HTTP/Status/403",2026-07-17T15:42:30.324618
humanite,bd6t5630138,,failed,0,0,,http_manifest,known,403,manifest,"Client error '403 ' for url 'https://openapiproext.bnf.fr/iiif/presentation/v3/ark:/12148/bd6t5630138/manifest.json'
For more information check: https://developer.mozilla.org/en-US/docs/Web/HTTP/Status/403",2026-07-17T15:42:31.528221
humanite,bd6t563014m,,failed,0,0,,http_manifest,known,403,manifest,"Client error '403 ' for url 'https://openapiproext.bnf.fr/iiif/presentation/v3/ark:/12148/bd6t563014m/manifest.json'
For more information check: https://developer.mozilla.org/en-US/docs/Web/HTTP/Status/403",2026-07-17T15:42:32.727432
humanite,bd6t563015z,,failed,0,0,,http_manifest,known,403,manifest,"Client error '403 ' for url 'https://openapiproext.bnf.fr/iiif/presentation/v3/ark:/12148/bd6t563015z/manifest.json'
For more information check: https://developer.mozilla.org/en-US/docs/Web/HTTP/Status/403",2026-07-17T15:42:33.933853
humanite,bd6t5630169,,failed,0,0,,http_manifest,known,403,manifest,"Client error '403 ' for url 'https://openapiproext.bnf.fr/iiif/presentation/v3/ark:/12148/bd6t5630169/manifest.json'
For more information check: https://developer.mozilla.org/en-US/docs/Web/HTTP/Status/403",2026-07-17T15:42:35.130643
humanite,bd6t563017n,,failed,0,0,,http_manifest,known,403,manifest,"Client error '403 ' for url 'https://openapiproext.bnf.fr/iiif/presentation/v3/ark:/12148/bd6t563017n/manifest.json'
For more information check: https://developer.mozilla.org/en-US/docs/Web/HTTP/Status/403",2026-07-17T15:42:36.334474
humanite,bd6t5630180,,failed,0,0,,http_manifest,known,403,manifest,"Client error '403 ' for url 'https://openapiproext.bnf.fr/iiif/presentation/v3/ark:/12148/bd6t5630180/manifest.json'
For more information check: https://developer.mozilla.org/en-US/docs/Web/HTTP/Status/403",2026-07-17T15:42:37.538065
humanite,bd6t563019b,,failed,0,0,,http_manifest,known,403,manifest,"Client error '403 ' for url 'https://openapiproext.bnf.fr/iiif/presentation/v3/ark:/12148/bd6t563019b/manifest.json'
For more information check: https://developer.mozilla.org/en-US/docs/Web/HTTP/Status/403",2026-07-17T15:42:38.740305
humanite,bd6t563020j,,failed,0,0,,http_manifest,known,403,manifest,"Client error '403 ' for url 'https://openapiproext.bnf.fr/iiif/presentation/v3/ark:/12148/bd6t563020j/manifest.json'
For more information check: https://developer.mozilla.org/en-US/docs/Web/HTTP/Status/403",2026-07-17T15:42:39.938735
humanite,bd6t563021w,,failed,0,0,,http_manifest,known,403,manifest,"Client error '403 ' for url 'https://openapiproext.bnf.fr/iiif/presentation/v3/ark:/12148/bd6t563021w/manifest.json'
For more information check: https://developer.mozilla.org/en-US/docs/Web/HTTP/Status/403",2026-07-17T15:42:41.139092
humanite,bd6t5630227,,failed,0,0,,http_manifest,known,403,manifest,"Client error '403 ' for url 'https://openapiproext.bnf.fr/iiif/presentation/v3/ark:/12148/bd6t5630227/manifest.json'
For more information check: https://developer.mozilla.org/en-US/docs/Web/HTTP/Status/403",2026-07-17T15:42:42.340653
humanite,bd6t563023k,,failed,0,0,,http_manifest,known,403,manifest,"Client error '403 ' for url 'https://openapiproext.bnf.fr/iiif/presentation/v3/ark:/12148/bd6t563023k/manifest.json'
For more information check: https://developer.mozilla.org/en-US/docs/Web/HTTP/Status/403",2026-07-17T15:42:43.544621
humanite,bd6t563024x,,failed,0,0,,http_manifest,known,403,manifest,"Client error '403 ' for url 'https://openapiproext.bnf.fr/iiif/presentation/v3/ark:/12148/bd6t563024x/manifest.json'
For more information check: https://developer.mozilla.org/en-US/docs/Web/HTTP/Status/403",2026-07-17T15:42:44.746203
humanite,bd6t5630258,,failed,0,0,,http_manifest,known,403,manifest,"Client error '403 ' for url 'https://openapiproext.bnf.fr/iiif/presentation/v3/ark:/12148/bd6t5630258/manifest.json'
For more information check: https://developer.mozilla.org/en-US/docs/Web/HTTP/Status/403",2026-07-17T15:42:45.944579
humanite,bd6t563026m,,failed,0,0,,http_manifest,known,403,manifest,"Client error '403 ' for url 'https://openapiproext.bnf.fr/iiif/presentation/v3/ark:/12148/bd6t563026m/manifest.json'
For more information check: https://developer.mozilla.org/en-US/docs/Web/HTTP/Status/403",2026-07-17T15:42:47.161035
humanite,bd6t563027z,,failed,0,0,,http_manifest,known,403,manifest,"Client error '403 ' for url 'https://openapiproext.bnf.fr/iiif/presentation/v3/ark:/12148/bd6t563027z/manifest.json'
For more information check: https://developer.mozilla.org/en-US/docs/Web/HTTP/Status/403",2026-07-17T15:42:48.350131
humanite,bd6t5630289,,failed,0,0,,http_manifest,known,403,manifest,"Client error '403 ' for url 'https://openapiproext.bnf.fr/iiif/presentation/v3/ark:/12148/bd6t5630289/manifest.json'
For more information check: https://developer.mozilla.org/en-US/docs/Web/HTTP/Status/403",2026-07-17T15:42:49.549013
humanite,bd6t563029n,,failed,0,0,,http_manifest,known,403,manifest,"Client error '403 ' for url 'https://openapiproext.bnf.fr/iiif/presentation/v3/ark:/12148/bd6t563029n/manifest.json'
For more information check: https://developer.mozilla.org/en-US/docs/Web/HTTP/Status/403",2026-07-17T15:42:50.750887
humanite,bd6t563030v,,failed,0,0,,http_manifest,known,403,manifest,"Client error '403 ' for url 'https://openapiproext.bnf.fr/iiif/presentation/v3/ark:/12148/bd6t563030v/manifest.json'
For more information check: https://developer.mozilla.org/en-US/docs/Web/HTTP/Status/403",2026-07-17T15:42:51.949000
humanite,bd6t5630316,,failed,0,0,,http_manifest,known,403,manifest,"Client error '403 ' for url 'https://openapiproext.bnf.fr/iiif/presentation/v3/ark:/12148/bd6t5630316/manifest.json'
For more information check: https://developer.mozilla.org/en-US/docs/Web/HTTP/Status/403",2026-07-17T15:42:53.151166
humanite,bd6t563032j,,failed,0,0,,http_manifest,known,403,manifest,"Client error '403 ' for url 'https://openapiproext.bnf.fr/iiif/presentation/v3/ark:/12148/bd6t563032j/manifest.json'
For more information check: https://developer.mozilla.org/en-US/docs/Web/HTTP/Status/403",2026-07-17T15:42:54.352453
humanite,bd6t563033w,,failed,0,0,,http_manifest,known,403,manifest,"Client error '403 ' for url 'https://openapiproext.bnf.fr/iiif/presentation/v3/ark:/12148/bd6t563033w/manifest.json'
For more information check: https://developer.mozilla.org/en-US/docs/Web/HTTP/Status/403",2026-07-17T15:42:55.558671
humanite,bd6t5630347,,failed,0,0,,http_manifest,known,403,manifest,"Client error '403 ' for url 'https://openapiproext.bnf.fr/iiif/presentation/v3/ark:/12148/bd6t5630347/manifest.json'
For more information check: https://developer.mozilla.org/en-US/docs/Web/HTTP/Status/403",2026-07-17T15:42:56.754627
humanite,bd6t563035k,,failed,0,0,,http_manifest,known,403,manifest,"Client error '403 ' for url 'https://openapiproext.bnf.fr/iiif/presentation/v3/ark:/12148/bd6t563035k/manifest.json'
For more information check: https://developer.mozilla.org/en-US/docs/Web/HTTP/Status/403",2026-07-17T15:42:58.085638
humanite,bd6t563036x,,failed,0,0,,http_manifest,known,403,manifest,"Client error '403 ' for url 'https://openapiproext.bnf.fr/iiif/presentation/v3/ark:/12148/bd6t563036x/manifest.json'
For more information check: https://developer.mozilla.org/en-US/docs/Web/HTTP/Status/403",2026-07-17T15:42:59.287878
humanite,bd6t5630378,,failed,0,0,,http_manifest,known,403,manifest,"Client error '403 ' for url 'https://openapiproext.bnf.fr/iiif/presentation/v3/ark:/12148/bd6t5630378/manifest.json'
For more information check: https://developer.mozilla.org/en-US/docs/Web/HTTP/Status/403",2026-07-17T15:43:00.447112
humanite,bd6t563038m,,failed,0,0,,http_manifest,known,403,manifest,"Client error '403 ' for url 'https://openapiproext.bnf.fr/iiif/presentation/v3/ark:/12148/bd6t563038m/manifest.json'
For more information check: https://developer.mozilla.org/en-US/docs/Web/HTTP/Status/403",2026-07-17T15:43:01.565207
humanite,bd6t563039z,,failed,0,0,,http_manifest,known,403,manifest,"Client error '403 ' for url 'https://openapiproext.bnf.fr/iiif/presentation/v3/ark:/12148/bd6t563039z/manifest.json'
For more information check: https://developer.mozilla.org/en-US/docs/Web/HTTP/Status/403",2026-07-17T15:43:02.766288
humanite,bd6t5630405,,failed,0,0,,http_manifest,known,403,manifest,"Client error '403 ' for url 'https://openapiproext.bnf.fr/iiif/presentation/v3/ark:/12148/bd6t5630405/manifest.json'
For more information check: https://developer.mozilla.org/en-US/docs/Web/HTTP/Status/403",2026-07-17T15:43:04.101036
humanite,bd6t563041h,,failed,0,0,,http_manifest,known,403,manifest,"Client error '403 ' for url 'https://openapiproext.bnf.fr/iiif/presentation/v3/ark:/12148/bd6t563041h/manifest.json'
For more information check: https://developer.mozilla.org/en-US/docs/Web/HTTP/Status/403",2026-07-17T15:43:05.349560
humanite,bd6t563042v,,failed,0,0,,http_manifest,known,403,manifest,"Client error '403 ' for url 'https://openapiproext.bnf.fr/iiif/presentation/v3/ark:/12148/bd6t563042v/manifest.json'
For more information check: https://developer.mozilla.org/en-US/docs/Web/HTTP/Status/403",2026-07-17T15:43:06.594206
humanite,bd6t5630436,,failed,0,0,,http_manifest,known,403,manifest,"Client error '403 ' for url 'https://openapiproext.bnf.fr/iiif/presentation/v3/ark:/12148/bd6t5630436/manifest.json'
For more information check: https://developer.mozilla.org/en-US/docs/Web/HTTP/Status/403",2026-07-17T15:43:07.571503
humanite,bd6t563044j,,failed,0,0,,http_manifest,known,403,manifest,"Client error '403 ' for url 'https://openapiproext.bnf.fr/iiif/presentation/v3/ark:/12148/bd6t563044j/manifest.json'
For more information check: https://developer.mozilla.org/en-US/docs/Web/HTTP/Status/403",2026-07-17T15:43:08.775527
humanite,bd6t563045w,,failed,0,0,,http_manifest,known,403,manifest,"Client error '403 ' for url 'https://openapiproext.bnf.fr/iiif/presentation/v3/ark:/12148/bd6t563045w/manifest.json'
For more information check: https://developer.mozilla.org/en-US/docs/Web/HTTP/Status/403",2026-07-17T15:43:09.977981
humanite,bd6t5630467,,failed,0,0,,http_manifest,known,403,manifest,"Client error '403 ' for url 'https://openapiproext.bnf.fr/iiif/presentation/v3/ark:/12148/bd6t5630467/manifest.json'
For more information check: https://developer.mozilla.org/en-US/docs/Web/HTTP/Status/403",2026-07-17T15:43:11.244487
humanite,bd6t563047k,,failed,0,0,,http_manifest,known,403,manifest,"Client error '403 ' for url 'https://openapiproext.bnf.fr/iiif/presentation/v3/ark:/12148/bd6t563047k/manifest.json'
For more information check: https://developer.mozilla.org/en-US/docs/Web/HTTP/Status/403",2026-07-17T15:43:12.550197
humanite,bd6t563048x,,failed,0,0,,http_manifest,known,403,manifest,"Client error '403 ' for url 'https://openapiproext.bnf.fr/iiif/presentation/v3/ark:/12148/bd6t563048x/manifest.json'
For more information check: https://developer.mozilla.org/en-US/docs/Web/HTTP/Status/403",2026-07-17T15:43:13.579348
humanite,bd6t5630498,,failed,0,0,,http_manifest,known,403,manifest,"Client error '403 ' for url 'https://openapiproext.bnf.fr/iiif/presentation/v3/ark:/12148/bd6t5630498/manifest.json'
For more information check: https://developer.mozilla.org/en-US/docs/Web/HTTP/Status/403",2026-07-17T15:43:14.955617
humanite,bd6t563050g,,failed,0,0,,http_manifest,known,403,manifest,"Client error '403 ' for url 'https://openapiproext.bnf.fr/iiif/presentation/v3/ark:/12148/bd6t563050g/manifest.json'
For more information check: https://developer.mozilla.org/en-US/docs/Web/HTTP/Status/403",2026-07-17T15:43:15.985828
humanite,bd6t563051t,,failed,0,0,,http_manifest,known,403,manifest,"Client error '403 ' for url 'https://openapiproext.bnf.fr/iiif/presentation/v3/ark:/12148/bd6t563051t/manifest.json'
For more information check: https://developer.mozilla.org/en-US/docs/Web/HTTP/Status/403",2026-07-17T15:43:17.324896
humanite,bd6t5630525,,failed,0,0,,http_manifest,known,403,manifest,"Client error '403 ' for url 'https://openapiproext.bnf.fr/iiif/presentation/v3/ark:/12148/bd6t5630525/manifest.json'
For more information check: https://developer.mozilla.org/en-US/docs/Web/HTTP/Status/403",2026-07-17T15:43:18.383705
humanite,bd6t563053h,,failed,0,0,,http_manifest,known,403,manifest,"Client error '403 ' for url 'https://openapiproext.bnf.fr/iiif/presentation/v3/ark:/12148/bd6t563053h/manifest.json'
For more information check: https://developer.mozilla.org/en-US/docs/Web/HTTP/Status/403",2026-07-17T15:43:19.655594
humanite,bd6t563054v,,failed,0,0,,http_manifest,known,403,manifest,"Client error '403 ' for url 'https://openapiproext.bnf.fr/iiif/presentation/v3/ark:/12148/bd6t563054v/manifest.json'
For more information check: https://developer.mozilla.org/en-US/docs/Web/HTTP/Status/403",2026-07-17T15:43:20.791767
humanite,bd6t5630556,,failed,0,0,,http_manifest,known,403,manifest,"Client error '403 ' for url 'https://openapiproext.bnf.fr/iiif/presentation/v3/ark:/12148/bd6t5630556/manifest.json'
For more information check: https://developer.mozilla.org/en-US/docs/Web/HTTP/Status/403",2026-07-17T15:43:21.992506
humanite,bd6t563056j,,failed,0,0,,http_manifest,known,403,manifest,"Client error '403 ' for url 'https://openapiproext.bnf.fr/iiif/presentation/v3/ark:/12148/bd6t563056j/manifest.json'
For more information check: https://developer.mozilla.org/en-US/docs/Web/HTTP/Status/403",2026-07-17T15:43:23.191192
humanite,bd6t563057w,,failed,0,0,,http_manifest,known,403,manifest,"Client error '403 ' for url 'https://openapiproext.bnf.fr/iiif/presentation/v3/ark:/12148/bd6t563057w/manifest.json'
For more information check: https://developer.mozilla.org/en-US/docs/Web/HTTP/Status/403",2026-07-17T15:43:24.393936
humanite,bd6t5630587,,failed,0,0,,http_manifest,known,403,manifest,"Client error '403 ' for url 'https://openapiproext.bnf.fr/iiif/presentation/v3/ark:/12148/bd6t5630587/manifest.json'
For more information check: https://developer.mozilla.org/en-US/docs/Web/HTTP/Status/403",2026-07-17T15:43:25.589951
humanite,bd6t563059k,,failed,0,0,,http_manifest,known,403,manifest,"Client error '403 ' for url 'https://openapiproext.bnf.fr/iiif/presentation/v3/ark:/12148/bd6t563059k/manifest.json'
For more information check: https://developer.mozilla.org/en-US/docs/Web/HTTP/Status/403",2026-07-17T15:43:26.791617
humanite,bd6t563060s,,failed,0,0,,http_manifest,known,403,manifest,"Client error '403 ' for url 'https://openapiproext.bnf.fr/iiif/presentation/v3/ark:/12148/bd6t563060s/manifest.json'
For more information check: https://developer.mozilla.org/en-US/docs/Web/HTTP/Status/403",2026-07-17T15:43:28.000480
humanite,bd6t5630614,,failed,0,0,,http_manifest,known,403,manifest,"Client error '403 ' for url 'https://openapiproext.bnf.fr/iiif/presentation/v3/ark:/12148/bd6t5630614/manifest.json'
For more information check: https://developer.mozilla.org/en-US/docs/Web/HTTP/Status/403",2026-07-17T15:43:29.215668
humanite,bd6t563062g,,failed,0,0,,http_manifest,known,403,manifest,"Client error '403 ' for url 'https://openapiproext.bnf.fr/iiif/presentation/v3/ark:/12148/bd6t563062g/manifest.json'
For more information check: https://developer.mozilla.org/en-US/docs/Web/HTTP/Status/403",2026-07-17T15:43:30.402468
humanite,bd6t563063t,,failed,0,0,,http_manifest,known,403,manifest,"Client error '403 ' for url 'https://openapiproext.bnf.fr/iiif/presentation/v3/ark:/12148/bd6t563063t/manifest.json'
For more information check: https://developer.mozilla.org/en-US/docs/Web/HTTP/Status/403",2026-07-17T15:43:31.601287
humanite,bd6t5630645,,failed,0,0,,http_manifest,known,403,manifest,"Client error '403 ' for url 'https://openapiproext.bnf.fr/iiif/presentation/v3/ark:/12148/bd6t5630645/manifest.json'
For more information check: https://developer.mozilla.org/en-US/docs/Web/HTTP/Status/403",2026-07-17T15:43:32.799467
humanite,bd6t563065h,,failed,0,0,,http_manifest,known,403,manifest,"Client error '403 ' for url 'https://openapiproext.bnf.fr/iiif/presentation/v3/ark:/12148/bd6t563065h/manifest.json'
For more information check: https://developer.mozilla.org/en-US/docs/Web/HTTP/Status/403",2026-07-17T15:43:34.002554
humanite,bd6t563066v,,failed,0,0,,http_manifest,known,403,manifest,"Client error '403 ' for url 'https://openapiproext.bnf.fr/iiif/presentation/v3/ark:/12148/bd6t563066v/manifest.json'
For more information check: https://developer.mozilla.org/en-US/docs/Web/HTTP/Status/403",2026-07-17T15:43:35.205855
humanite,bd6t5630676,,failed,0,0,,http_manifest,known,403,manifest,"Client error '403 ' for url 'https://openapiproext.bnf.fr/iiif/presentation/v3/ark:/12148/bd6t5630676/manifest.json'
For more information check: https://developer.mozilla.org/en-US/docs/Web/HTTP/Status/403",2026-07-17T15:43:36.406268
humanite,bd6t5632532,,failed,0,0,,http_manifest,known,403,manifest,"Client error '403 ' for url 'https://openapiproext.bnf.fr/iiif/presentation/v3/ark:/12148/bd6t5632532/manifest.json'
For more information check: https://developer.mozilla.org/en-US/docs/Web/HTTP/Status/403",2026-07-17T15:43:37.608269
humanite,bd6t563254d,,failed,0,0,,http_manifest,known,403,manifest,"Client error '403 ' for url 'https://openapiproext.bnf.fr/iiif/presentation/v3/ark:/12148/bd6t563254d/manifest.json'
For more information check: https://developer.mozilla.org/en-US/docs/Web/HTTP/Status/403",2026-07-17T15:43:38.811726
humanite,bd6t563255r,,failed,0,0,,http_manifest,known,403,manifest,"Client error '403 ' for url 'https://openapiproext.bnf.fr/iiif/presentation/v3/ark:/12148/bd6t563255r/manifest.json'
For more information check: https://developer.mozilla.org/en-US/docs/Web/HTTP/Status/403",2026-07-17T15:43:40.008502
humanite,bd6t5632563,,failed,0,0,,http_manifest,known,403,manifest,"Client error '403 ' for url 'https://openapiproext.bnf.fr/iiif/presentation/v3/ark:/12148/bd6t5632563/manifest.json'
For more information check: https://developer.mozilla.org/en-US/docs/Web/HTTP/Status/403",2026-07-17T15:43:41.229420
humanite,bd6t563257f,,failed,0,0,,http_manifest,known,403,manifest,"Client error '403 ' for url 'https://openapiproext.bnf.fr/iiif/presentation/v3/ark:/12148/bd6t563257f/manifest.json'
For more information check: https://developer.mozilla.org/en-US/docs/Web/HTTP/Status/403",2026-07-17T15:43:42.414961
humanite,bd6t563258s,,failed,0,0,,http_manifest,known,403,manifest,"Client error '403 ' for url 'https://openapiproext.bnf.fr/iiif/presentation/v3/ark:/12148/bd6t563258s/manifest.json'
For more information check: https://developer.mozilla.org/en-US/docs/Web/HTTP/Status/403",2026-07-17T15:43:43.615047
humanite,bd6t5632594,,failed,0,0,,http_manifest,known,403,manifest,"Client error '403 ' for url 'https://openapiproext.bnf.fr/iiif/presentation/v3/ark:/12148/bd6t5632594/manifest.json'
For more information check: https://developer.mozilla.org/en-US/docs/Web/HTTP/Status/403",2026-07-17T15:43:44.817132
humanite,bd6t563260b,,failed,0,0,,http_manifest,known,403,manifest,"Client error '403 ' for url 'https://openapiproext.bnf.fr/iiif/presentation/v3/ark:/12148/bd6t563260b/manifest.json'
For more information check: https://developer.mozilla.org/en-US/docs/Web/HTTP/Status/403",2026-07-17T15:43:46.019521
humanite,bd6t563261p,,failed,0,0,,http_manifest,known,403,manifest,"Client error '403 ' for url 'https://openapiproext.bnf.fr/iiif/presentation/v3/ark:/12148/bd6t563261p/manifest.json'
For more information check: https://developer.mozilla.org/en-US/docs/Web/HTTP/Status/403",2026-07-17T15:43:47.233191
humanite,bd6t5632621,,failed,0,0,,http_manifest,known,403,manifest,"Client error '403 ' for url 'https://openapiproext.bnf.fr/iiif/presentation/v3/ark:/12148/bd6t5632621/manifest.json'
For more information check: https://developer.mozilla.org/en-US/docs/Web/HTTP/Status/403",2026-07-17T15:43:48.423676
humanite,bd6t563263c,,failed,0,0,,http_manifest,known,403,manifest,"Client error '403 ' for url 'https://openapiproext.bnf.fr/iiif/presentation/v3/ark:/12148/bd6t563263c/manifest.json'
For more information check: https://developer.mozilla.org/en-US/docs/Web/HTTP/Status/403",2026-07-17T15:43:49.625108
humanite,bd6t563264q,,failed,0,0,,http_manifest,known,403,manifest,"Client error '403 ' for url 'https://openapiproext.bnf.fr/iiif/presentation/v3/ark:/12148/bd6t563264q/manifest.json'
For more information check: https://developer.mozilla.org/en-US/docs/Web/HTTP/Status/403",2026-07-17T15:43:50.823128
humanite,bd6t5632652,,failed,0,0,,http_manifest,known,403,manifest,"Client error '403 ' for url 'https://openapiproext.bnf.fr/iiif/presentation/v3/ark:/12148/bd6t5632652/manifest.json'
For more information check: https://developer.mozilla.org/en-US/docs/Web/HTTP/Status/403",2026-07-17T15:43:52.027762
humanite,bd6t563266d,,failed,0,0,,http_manifest,known,403,manifest,"Client error '403 ' for url 'https://openapiproext.bnf.fr/iiif/presentation/v3/ark:/12148/bd6t563266d/manifest.json'
For more information check: https://developer.mozilla.org/en-US/docs/Web/HTTP/Status/403",2026-07-17T15:43:53.227777
humanite,bd6t563267r,,failed,0,0,,http_manifest,known,403,manifest,"Client error '403 ' for url 'https://openapiproext.bnf.fr/iiif/presentation/v3/ark:/12148/bd6t563267r/manifest.json'
For more information check: https://developer.mozilla.org/en-US/docs/Web/HTTP/Status/403",2026-07-17T15:43:54.428124
humanite,bd6t5632683,,failed,0,0,,http_manifest,known,403,manifest,"Client error '403 ' for url 'https://openapiproext.bnf.fr/iiif/presentation/v3/ark:/12148/bd6t5632683/manifest.json'
For more information check: https://developer.mozilla.org/en-US/docs/Web/HTTP/Status/403",2026-07-17T15:43:55.630345
humanite,bd6t563269f,,failed,0,0,,http_manifest,known,403,manifest,"Client error '403 ' for url 'https://openapiproext.bnf.fr/iiif/presentation/v3/ark:/12148/bd6t563269f/manifest.json'
For more information check: https://developer.mozilla.org/en-US/docs/Web/HTTP/Status/403",2026-07-17T15:43:56.828675
humanite,bd6t563270n,,failed,0,0,,http_manifest,known,403,manifest,"Client error '403 ' for url 'https://openapiproext.bnf.fr/iiif/presentation/v3/ark:/12148/bd6t563270n/manifest.json'
For more information check: https://developer.mozilla.org/en-US/docs/Web/HTTP/Status/403",2026-07-17T15:43:58.029927
humanite,bd6t5632710,,failed,0,0,,http_manifest,known,403,manifest,"Client error '403 ' for url 'https://openapiproext.bnf.fr/iiif/presentation/v3/ark:/12148/bd6t5632710/manifest.json'
For more information check: https://developer.mozilla.org/en-US/docs/Web/HTTP/Status/403",2026-07-17T15:43:59.393467
humanite,bd6t563272b,,failed,0,0,,http_manifest,known,403,manifest,"Client error '403 ' for url 'https://openapiproext.bnf.fr/iiif/presentation/v3/ark:/12148/bd6t563272b/manifest.json'
For more information check: https://developer.mozilla.org/en-US/docs/Web/HTTP/Status/403",2026-07-17T15:44:00.434528
humanite,bd6t563273p,,failed,0,0,,http_manifest,known,403,manifest,"Client error '403 ' for url 'https://openapiproext.bnf.fr/iiif/presentation/v3/ark:/12148/bd6t563273p/manifest.json'
For more information check: https://developer.mozilla.org/en-US/docs/Web/HTTP/Status/403",2026-07-17T15:44:01.736395
humanite,bd6t5632741,,failed,0,0,,http_manifest,known,403,manifest,"Client error '403 ' for url 'https://openapiproext.bnf.fr/iiif/presentation/v3/ark:/12148/bd6t5632741/manifest.json'
For more information check: https://developer.mozilla.org/en-US/docs/Web/HTTP/Status/403",2026-07-17T15:44:02.838883
humanite,bd6t563275c,,failed,0,0,,http_manifest,known,403,manifest,"Client error '403 ' for url 'https://openapiproext.bnf.fr/iiif/presentation/v3/ark:/12148/bd6t563275c/manifest.json'
For more information check: https://developer.mozilla.org/en-US/docs/Web/HTTP/Status/403",2026-07-17T15:44:04.070153
humanite,bd6t563276q,,failed,0,0,,http_manifest,known,403,manifest,"Client error '403 ' for url 'https://openapiproext.bnf.fr/iiif/presentation/v3/ark:/12148/bd6t563276q/manifest.json'
For more information check: https://developer.mozilla.org/en-US/docs/Web/HTTP/Status/403",2026-07-17T15:44:05.402237
humanite,bd6t5632772,,failed,0,0,,http_manifest,known,403,manifest,"Client error '403 ' for url 'https://openapiproext.bnf.fr/iiif/presentation/v3/ark:/12148/bd6t5632772/manifest.json'
For more information check: https://developer.mozilla.org/en-US/docs/Web/HTTP/Status/403",2026-07-17T15:44:06.465473
humanite,bd6t563278d,,failed,0,0,,http_manifest,known,403,manifest,"Client error '403 ' for url 'https://openapiproext.bnf.fr/iiif/presentation/v3/ark:/12148/bd6t563278d/manifest.json'
For more information check: https://developer.mozilla.org/en-US/docs/Web/HTTP/Status/403",2026-07-17T15:44:07.643927
humanite,bd6t563279r,,failed,0,0,,http_manifest,known,403,manifest,"Client error '403 ' for url 'https://openapiproext.bnf.fr/iiif/presentation/v3/ark:/12148/bd6t563279r/manifest.json'
For more information check: https://developer.mozilla.org/en-US/docs/Web/HTTP/Status/403",2026-07-17T15:44:09.021111
humanite,bd6t563280z,,failed,0,0,,http_manifest,known,403,manifest,"Client error '403 ' for url 'https://openapiproext.bnf.fr/iiif/presentation/v3/ark:/12148/bd6t563280z/manifest.json'
For more information check: https://developer.mozilla.org/en-US/docs/Web/HTTP/Status/403",2026-07-17T15:44:10.096134
humanite,bd6t5632819,,failed,0,0,,http_manifest,known,403,manifest,"Client error '403 ' for url 'https://openapiproext.bnf.fr/iiif/presentation/v3/ark:/12148/bd6t5632819/manifest.json'
For more information check: https://developer.mozilla.org/en-US/docs/Web/HTTP/Status/403",2026-07-17T15:44:11.257646
humanite,bd6t563282n,,failed,0,0,,http_manifest,known,403,manifest,"Client error '403 ' for url 'https://openapiproext.bnf.fr/iiif/presentation/v3/ark:/12148/bd6t563282n/manifest.json'
For more information check: https://developer.mozilla.org/en-US/docs/Web/HTTP/Status/403",2026-07-17T15:44:12.471083
humanite,bd6t5632830,,failed,0,0,,http_manifest,known,403,manifest,"Client error '403 ' for url 'https://openapiproext.bnf.fr/iiif/presentation/v3/ark:/12148/bd6t5632830/manifest.json'
For more information check: https://developer.mozilla.org/en-US/docs/Web/HTTP/Status/403",2026-07-17T15:44:13.782831
humanite,bd6t563284b,,failed,0,0,,http_manifest,known,403,manifest,"Client error '403 ' for url 'https://openapiproext.bnf.fr/iiif/presentation/v3/ark:/12148/bd6t563284b/manifest.json'
For more information check: https://developer.mozilla.org/en-US/docs/Web/HTTP/Status/403",2026-07-17T15:44:15.057078
humanite,bd6t563285p,,failed,0,0,,http_manifest,known,403,manifest,"Client error '403 ' for url 'https://openapiproext.bnf.fr/iiif/presentation/v3/ark:/12148/bd6t563285p/manifest.json'
For more information check: https://developer.mozilla.org/en-US/docs/Web/HTTP/Status/403",2026-07-17T15:44:16.062857
humanite,bd6t5632861,,failed,0,0,,http_manifest,known,403,manifest,"Client error '403 ' for url 'https://openapiproext.bnf.fr/iiif/presentation/v3/ark:/12148/bd6t5632861/manifest.json'
For more information check: https://developer.mozilla.org/en-US/docs/Web/HTTP/Status/403",2026-07-17T15:44:17.433632
humanite,bd6t563287c,,failed,0,0,,http_manifest,known,403,manifest,"Client error '403 ' for url 'https://openapiproext.bnf.fr/iiif/presentation/v3/ark:/12148/bd6t563287c/manifest.json'
For more information check: https://developer.mozilla.org/en-US/docs/Web/HTTP/Status/403",2026-07-17T15:44:18.470949
humanite,bd6t563288q,,failed,0,0,,http_manifest,known,403,manifest,"Client error '403 ' for url 'https://openapiproext.bnf.fr/iiif/presentation/v3/ark:/12148/bd6t563288q/manifest.json'
For more information check: https://developer.mozilla.org/en-US/docs/Web/HTTP/Status/403",2026-07-17T15:44:19.661852
humanite,bd6t5632892,,failed,0,0,,http_manifest,known,403,manifest,"Client error '403 ' for url 'https://openapiproext.bnf.fr/iiif/presentation/v3/ark:/12148/bd6t5632892/manifest.json'
For more information check: https://developer.mozilla.org/en-US/docs/Web/HTTP/Status/403",2026-07-17T15:44:20.864172
humanite,bd6t5632908,,failed,0,0,,http_manifest,known,403,manifest,"Client error '403 ' for url 'https://openapiproext.bnf.fr/iiif/presentation/v3/ark:/12148/bd6t5632908/manifest.json'
For more information check: https://developer.mozilla.org/en-US/docs/Web/HTTP/Status/403",2026-07-17T15:44:22.066023
humanite,bd6t563291m,,failed,0,0,,http_manifest,known,403,manifest,"Client error '403 ' for url 'https://openapiproext.bnf.fr/iiif/presentation/v3/ark:/12148/bd6t563291m/manifest.json'
For more information check: https://developer.mozilla.org/en-US/docs/Web/HTTP/Status/403",2026-07-17T15:44:23.263839
humanite,bd6t563292z,,failed,0,0,,http_manifest,known,403,manifest,"Client error '403 ' for url 'https://openapiproext.bnf.fr/iiif/presentation/v3/ark:/12148/bd6t563292z/manifest.json'
For more information check: https://developer.mozilla.org/en-US/docs/Web/HTTP/Status/403",2026-07-17T15:44:24.464306
humanite,bd6t5632939,,failed,0,0,,http_manifest,known,403,manifest,"Client error '403 ' for url 'https://openapiproext.bnf.fr/iiif/presentation/v3/ark:/12148/bd6t5632939/manifest.json'
For more information check: https://developer.mozilla.org/en-US/docs/Web/HTTP/Status/403",2026-07-17T15:44:25.667706
humanite,bd6t563294n,,failed,0,0,,http_manifest,known,403,manifest,"Client error '403 ' for url 'https://openapiproext.bnf.fr/iiif/presentation/v3/ark:/12148/bd6t563294n/manifest.json'
For more information check: https://developer.mozilla.org/en-US/docs/Web/HTTP/Status/403",2026-07-17T15:44:26.869007
humanite,bd6t5632950,,failed,0,0,,http_manifest,known,403,manifest,"Client error '403 ' for url 'https://openapiproext.bnf.fr/iiif/presentation/v3/ark:/12148/bd6t5632950/manifest.json'
For more information check: https://developer.mozilla.org/en-US/docs/Web/HTTP/Status/403",2026-07-17T15:44:28.071859
humanite,bd6t563296b,,failed,0,0,,http_manifest,known,403,manifest,"Client error '403 ' for url 'https://openapiproext.bnf.fr/iiif/presentation/v3/ark:/12148/bd6t563296b/manifest.json'
For more information check: https://developer.mozilla.org/en-US/docs/Web/HTTP/Status/403",2026-07-17T15:44:29.295587
humanite,bd6t563297p,,failed,0,0,,http_manifest,known,403,manifest,"Client error '403 ' for url 'https://openapiproext.bnf.fr/iiif/presentation/v3/ark:/12148/bd6t563297p/manifest.json'
For more information check: https://developer.mozilla.org/en-US/docs/Web/HTTP/Status/403",2026-07-17T15:44:30.474618
humanite,bd6t5632981,,failed,0,0,,http_manifest,known,403,manifest,"Client error '403 ' for url 'https://openapiproext.bnf.fr/iiif/presentation/v3/ark:/12148/bd6t5632981/manifest.json'
For more information check: https://developer.mozilla.org/en-US/docs/Web/HTTP/Status/403",2026-07-17T15:44:31.680748
humanite,bd6t563299c,,failed,0,0,,http_manifest,known,403,manifest,"Client error '403 ' for url 'https://openapiproext.bnf.fr/iiif/presentation/v3/ark:/12148/bd6t563299c/manifest.json'
For more information check: https://developer.mozilla.org/en-US/docs/Web/HTTP/Status/403",2026-07-17T15:44:32.881740
humanite,bd6t563300r,,failed,0,0,,http_manifest,known,403,manifest,"Client error '403 ' for url 'https://openapiproext.bnf.fr/iiif/presentation/v3/ark:/12148/bd6t563300r/manifest.json'
For more information check: https://developer.mozilla.org/en-US/docs/Web/HTTP/Status/403",2026-07-17T15:44:34.089456
humanite,bd6t5633013,,failed,0,0,,http_manifest,known,403,manifest,"Client error '403 ' for url 'https://openapiproext.bnf.fr/iiif/presentation/v3/ark:/12148/bd6t5633013/manifest.json'
For more information check: https://developer.mozilla.org/en-US/docs/Web/HTTP/Status/403",2026-07-17T15:44:35.304050
humanite,bd6t563302f,,failed,0,0,,http_manifest,known,403,manifest,"Client error '403 ' for url 'https://openapiproext.bnf.fr/iiif/presentation/v3/ark:/12148/bd6t563302f/manifest.json'
For more information check: https://developer.mozilla.org/en-US/docs/Web/HTTP/Status/403",2026-07-17T15:44:36.478315
humanite,bd6t563303s,,failed,0,0,,http_manifest,known,403,manifest,"Client error '403 ' for url 'https://openapiproext.bnf.fr/iiif/presentation/v3/ark:/12148/bd6t563303s/manifest.json'
For more information check: https://developer.mozilla.org/en-US/docs/Web/HTTP/Status/403",2026-07-17T15:44:37.684638
humanite,bd6t5633044,,failed,0,0,,http_manifest,known,403,manifest,"Client error '403 ' for url 'https://openapiproext.bnf.fr/iiif/presentation/v3/ark:/12148/bd6t5633044/manifest.json'
For more information check: https://developer.mozilla.org/en-US/docs/Web/HTTP/Status/403",2026-07-17T15:44:38.889378
humanite,bd6t563305g,,failed,0,0,,http_manifest,known,403,manifest,"Client error '403 ' for url 'https://openapiproext.bnf.fr/iiif/presentation/v3/ark:/12148/bd6t563305g/manifest.json'
For more information check: https://developer.mozilla.org/en-US/docs/Web/HTTP/Status/403",2026-07-17T15:44:40.085705
humanite,bd6t563306t,,failed,0,0,,http_manifest,known,403,manifest,"Client error '403 ' for url 'https://openapiproext.bnf.fr/iiif/presentation/v3/ark:/12148/bd6t563306t/manifest.json'
For more information check: https://developer.mozilla.org/en-US/docs/Web/HTTP/Status/403",2026-07-17T15:44:41.297848
humanite,bd6t5633075,,failed,0,0,,http_manifest,known,403,manifest,"Client error '403 ' for url 'https://openapiproext.bnf.fr/iiif/presentation/v3/ark:/12148/bd6t5633075/manifest.json'
For more information check: https://developer.mozilla.org/en-US/docs/Web/HTTP/Status/403",2026-07-17T15:44:42.484849
humanite,bd6t563308h,,failed,0,0,,http_manifest,known,403,manifest,"Client error '403 ' for url 'https://openapiproext.bnf.fr/iiif/presentation/v3/ark:/12148/bd6t563308h/manifest.json'
For more information check: https://developer.mozilla.org/en-US/docs/Web/HTTP/Status/403",2026-07-17T15:44:43.682110
humanite,bd6t563309v,,failed,0,0,,http_manifest,known,403,manifest,"Client error '403 ' for url 'https://openapiproext.bnf.fr/iiif/presentation/v3/ark:/12148/bd6t563309v/manifest.json'
For more information check: https://developer.mozilla.org/en-US/docs/Web/HTTP/Status/403",2026-07-17T15:44:44.892840
humanite,bd6t5633102,,failed,0,0,,http_manifest,known,403,manifest,"Client error '403 ' for url 'https://openapiproext.bnf.fr/iiif/presentation/v3/ark:/12148/bd6t5633102/manifest.json'
For more information check: https://developer.mozilla.org/en-US/docs/Web/HTTP/Status/403",2026-07-17T15:44:46.089469
humanite,bd6t563311d,,failed,0,0,,http_manifest,known,403,manifest,"Client error '403 ' for url 'https://openapiproext.bnf.fr/iiif/presentation/v3/ark:/12148/bd6t563311d/manifest.json'
For more information check: https://developer.mozilla.org/en-US/docs/Web/HTTP/Status/403",2026-07-17T15:44:47.319670
humanite,bd6t563312r,,failed,0,0,,http_manifest,known,403,manifest,"Client error '403 ' for url 'https://openapiproext.bnf.fr/iiif/presentation/v3/ark:/12148/bd6t563312r/manifest.json'
For more information check: https://developer.mozilla.org/en-US/docs/Web/HTTP/Status/403",2026-07-17T15:44:48.500615
humanite,bd6t5633133,,failed,0,0,,http_manifest,known,403,manifest,"Client error '403 ' for url 'https://openapiproext.bnf.fr/iiif/presentation/v3/ark:/12148/bd6t5633133/manifest.json'
For more information check: https://developer.mozilla.org/en-US/docs/Web/HTTP/Status/403",2026-07-17T15:44:49.694866
humanite,bd6t563314f,,failed,0,0,,http_manifest,known,403,manifest,"Client error '403 ' for url 'https://openapiproext.bnf.fr/iiif/presentation/v3/ark:/12148/bd6t563314f/manifest.json'
For more information check: https://developer.mozilla.org/en-US/docs/Web/HTTP/Status/403",2026-07-17T15:44:50.897216
humanite,bd6t563315s,,failed,0,0,,http_manifest,known,403,manifest,"Client error '403 ' for url 'https://openapiproext.bnf.fr/iiif/presentation/v3/ark:/12148/bd6t563315s/manifest.json'
For more information check: https://developer.mozilla.org/en-US/docs/Web/HTTP/Status/403",2026-07-17T15:44:52.098917
humanite,bd6t5633164,,failed,0,0,,http_manifest,known,403,manifest,"Client error '403 ' for url 'https://openapiproext.bnf.fr/iiif/presentation/v3/ark:/12148/bd6t5633164/manifest.json'
For more information check: https://developer.mozilla.org/en-US/docs/Web/HTTP/Status/403",2026-07-17T15:44:53.298288
humanite,bd6t563317g,,failed,0,0,,http_manifest,known,403,manifest,"Client error '403 ' for url 'https://openapiproext.bnf.fr/iiif/presentation/v3/ark:/12148/bd6t563317g/manifest.json'
For more information check: https://developer.mozilla.org/en-US/docs/Web/HTTP/Status/403",2026-07-17T15:44:54.501148
humanite,bd6t563318t,,failed,0,0,,http_manifest,known,403,manifest,"Client error '403 ' for url 'https://openapiproext.bnf.fr/iiif/presentation/v3/ark:/12148/bd6t563318t/manifest.json'
For more information check: https://developer.mozilla.org/en-US/docs/Web/HTTP/Status/403",2026-07-17T15:44:55.707358
humanite,bd6t5633195,,failed,0,0,,http_manifest,known,403,manifest,"Client error '403 ' for url 'https://openapiproext.bnf.fr/iiif/presentation/v3/ark:/12148/bd6t5633195/manifest.json'
For more information check: https://developer.mozilla.org/en-US/docs/Web/HTTP/Status/403",2026-07-17T15:44:56.904347
humanite,bd6t563320c,,failed,0,0,,http_manifest,known,403,manifest,"Client error '403 ' for url 'https://openapiproext.bnf.fr/iiif/presentation/v3/ark:/12148/bd6t563320c/manifest.json'
For more information check: https://developer.mozilla.org/en-US/docs/Web/HTTP/Status/403",2026-07-17T15:44:58.121632
humanite,bd6t563321q,,failed,0,0,,http_manifest,known,403,manifest,"Client error '403 ' for url 'https://openapiproext.bnf.fr/iiif/presentation/v3/ark:/12148/bd6t563321q/manifest.json'
For more information check: https://developer.mozilla.org/en-US/docs/Web/HTTP/Status/403",2026-07-17T15:44:59.503677
humanite,bd6t5633222,,failed,0,0,,http_manifest,known,403,manifest,"Client error '403 ' for url 'https://openapiproext.bnf.fr/iiif/presentation/v3/ark:/12148/bd6t5633222/manifest.json'
For more information check: https://developer.mozilla.org/en-US/docs/Web/HTTP/Status/403",2026-07-17T15:45:00.506231
humanite,bd6t563323d,,failed,0,0,,http_manifest,known,403,manifest,"Client error '403 ' for url 'https://openapiproext.bnf.fr/iiif/presentation/v3/ark:/12148/bd6t563323d/manifest.json'
For more information check: https://developer.mozilla.org/en-US/docs/Web/HTTP/Status/403",2026-07-17T15:45:01.724543
humanite,bd6t563324r,,failed,0,0,,http_manifest,known,403,manifest,"Client error '403 ' for url 'https://openapiproext.bnf.fr/iiif/presentation/v3/ark:/12148/bd6t563324r/manifest.json'
For more information check: https://developer.mozilla.org/en-US/docs/Web/HTTP/Status/403",2026-07-17T15:45:02.919220
humanite,bd6t5633253,,failed,0,0,,http_manifest,known,403,manifest,"Client error '403 ' for url 'https://openapiproext.bnf.fr/iiif/presentation/v3/ark:/12148/bd6t5633253/manifest.json'
For more information check: https://developer.mozilla.org/en-US/docs/Web/HTTP/Status/403",2026-07-17T15:45:04.252588
humanite,bd6t563326f,,failed,0,0,,http_manifest,known,403,manifest,"Client error '403 ' for url 'https://openapiproext.bnf.fr/iiif/presentation/v3/ark:/12148/bd6t563326f/manifest.json'
For more information check: https://developer.mozilla.org/en-US/docs/Web/HTTP/Status/403",2026-07-17T15:45:05.321732
humanite,bd6t563327s,,failed,0,0,,http_manifest,known,403,manifest,"Client error '403 ' for url 'https://openapiproext.bnf.fr/iiif/presentation/v3/ark:/12148/bd6t563327s/manifest.json'
For more information check: https://developer.mozilla.org/en-US/docs/Web/HTTP/Status/403",2026-07-17T15:45:06.534071
humanite,bd6t5633284,,failed,0,0,,http_manifest,known,403,manifest,"Client error '403 ' for url 'https://openapiproext.bnf.fr/iiif/presentation/v3/ark:/12148/bd6t5633284/manifest.json'
For more information check: https://developer.mozilla.org/en-US/docs/Web/HTTP/Status/403",2026-07-17T15:45:07.732575
humanite,bd6t563329g,,failed,0,0,,http_manifest,known,403,manifest,"Client error '403 ' for url 'https://openapiproext.bnf.fr/iiif/presentation/v3/ark:/12148/bd6t563329g/manifest.json'
For more information check: https://developer.mozilla.org/en-US/docs/Web/HTTP/Status/403",2026-07-17T15:45:08.999320
humanite,bd6t563068j,,failed,0,0,,http_manifest,known,403,manifest,"Client error '403 ' for url 'https://openapiproext.bnf.fr/iiif/presentation/v3/ark:/12148/bd6t563068j/manifest.json'
For more information check: https://developer.mozilla.org/en-US/docs/Web/HTTP/Status/403",2026-07-17T15:45:10.169365
humanite,bd6t563069w,,failed,0,0,,http_manifest,known,403,manifest,"Client error '403 ' for url 'https://openapiproext.bnf.fr/iiif/presentation/v3/ark:/12148/bd6t563069w/manifest.json'
For more information check: https://developer.mozilla.org/en-US/docs/Web/HTTP/Status/403",2026-07-17T15:45:11.516590
humanite,bd6t5630703,,failed,0,0,,http_manifest,known,403,manifest,"Client error '403 ' for url 'https://openapiproext.bnf.fr/iiif/presentation/v3/ark:/12148/bd6t5630703/manifest.json'
For more information check: https://developer.mozilla.org/en-US/docs/Web/HTTP/Status/403",2026-07-17T15:45:12.738166
humanite,bd6t563071f,,failed,0,0,,http_manifest,known,403,manifest,"Client error '403 ' for url 'https://openapiproext.bnf.fr/iiif/presentation/v3/ark:/12148/bd6t563071f/manifest.json'
For more information check: https://developer.mozilla.org/en-US/docs/Web/HTTP/Status/403",2026-07-17T15:45:13.758731
humanite,bd6t563072s,,failed,0,0,,http_manifest,known,403,manifest,"Client error '403 ' for url 'https://openapiproext.bnf.fr/iiif/presentation/v3/ark:/12148/bd6t563072s/manifest.json'
For more information check: https://developer.mozilla.org/en-US/docs/Web/HTTP/Status/403",2026-07-17T15:45:14.936944
humanite,bd6t5630734,,failed,0,0,,http_manifest,known,403,manifest,"Client error '403 ' for url 'https://openapiproext.bnf.fr/iiif/presentation/v3/ark:/12148/bd6t5630734/manifest.json'
For more information check: https://developer.mozilla.org/en-US/docs/Web/HTTP/Status/403",2026-07-17T15:45:16.173334
humanite,bd6t563074g,,failed,0,0,,http_manifest,known,403,manifest,"Client error '403 ' for url 'https://openapiproext.bnf.fr/iiif/presentation/v3/ark:/12148/bd6t563074g/manifest.json'
For more information check: https://developer.mozilla.org/en-US/docs/Web/HTTP/Status/403",2026-07-17T15:45:17.441659
humanite,bd6t563075t,,failed,0,0,,http_manifest,known,403,manifest,"Client error '403 ' for url 'https://openapiproext.bnf.fr/iiif/presentation/v3/ark:/12148/bd6t563075t/manifest.json'
For more information check: https://developer.mozilla.org/en-US/docs/Web/HTTP/Status/403",2026-07-17T15:45:18.557067
humanite,bd6t5630765,,failed,0,0,,http_manifest,known,403,manifest,"Client error '403 ' for url 'https://openapiproext.bnf.fr/iiif/presentation/v3/ark:/12148/bd6t5630765/manifest.json'
For more information check: https://developer.mozilla.org/en-US/docs/Web/HTTP/Status/403",2026-07-17T15:45:19.741494
humanite,bd6t563077h,,failed,0,0,,http_manifest,known,403,manifest,"Client error '403 ' for url 'https://openapiproext.bnf.fr/iiif/presentation/v3/ark:/12148/bd6t563077h/manifest.json'
For more information check: https://developer.mozilla.org/en-US/docs/Web/HTTP/Status/403",2026-07-17T15:45:20.940136
humanite,bd6t563078v,,failed,0,0,,http_manifest,known,403,manifest,"Client error '403 ' for url 'https://openapiproext.bnf.fr/iiif/presentation/v3/ark:/12148/bd6t563078v/manifest.json'
For more information check: https://developer.mozilla.org/en-US/docs/Web/HTTP/Status/403",2026-07-17T15:45:22.150552
humanite,bd6t5630796,,failed,0,0,,http_manifest,known,403,manifest,"Client error '403 ' for url 'https://openapiproext.bnf.fr/iiif/presentation/v3/ark:/12148/bd6t5630796/manifest.json'
For more information check: https://developer.mozilla.org/en-US/docs/Web/HTTP/Status/403",2026-07-17T15:45:23.341664
humanite,bd6t563080d,,failed,0,0,,http_manifest,known,403,manifest,"Client error '403 ' for url 'https://openapiproext.bnf.fr/iiif/presentation/v3/ark:/12148/bd6t563080d/manifest.json'
For more information check: https://developer.mozilla.org/en-US/docs/Web/HTTP/Status/403",2026-07-17T15:45:24.556358
humanite,bd6t563081r,,failed,0,0,,http_manifest,known,403,manifest,"Client error '403 ' for url 'https://openapiproext.bnf.fr/iiif/presentation/v3/ark:/12148/bd6t563081r/manifest.json'
For more information check: https://developer.mozilla.org/en-US/docs/Web/HTTP/Status/403",2026-07-17T15:45:25.742692
humanite,bd6t5630823,,failed,0,0,,http_manifest,known,403,manifest,"Client error '403 ' for url 'https://openapiproext.bnf.fr/iiif/presentation/v3/ark:/12148/bd6t5630823/manifest.json'
For more information check: https://developer.mozilla.org/en-US/docs/Web/HTTP/Status/403",2026-07-17T15:45:26.947286
humanite,bd6t563083f,,failed,0,0,,http_manifest,known,403,manifest,"Client error '403 ' for url 'https://openapiproext.bnf.fr/iiif/presentation/v3/ark:/12148/bd6t563083f/manifest.json'
For more information check: https://developer.mozilla.org/en-US/docs/Web/HTTP/Status/403",2026-07-17T15:45:28.172012
humanite,bd6t563084s,,failed,0,0,,http_manifest,known,403,manifest,"Client error '403 ' for url 'https://openapiproext.bnf.fr/iiif/presentation/v3/ark:/12148/bd6t563084s/manifest.json'
For more information check: https://developer.mozilla.org/en-US/docs/Web/HTTP/Status/403",2026-07-17T15:45:29.348118
humanite,bd6t5630854,,failed,0,0,,http_manifest,known,403,manifest,"Client error '403 ' for url 'https://openapiproext.bnf.fr/iiif/presentation/v3/ark:/12148/bd6t5630854/manifest.json'
For more information check: https://developer.mozilla.org/en-US/docs/Web/HTTP/Status/403",2026-07-17T15:45:30.551300
humanite,bd6t563086g,,failed,0,0,,http_manifest,known,403,manifest,"Client error '403 ' for url 'https://openapiproext.bnf.fr/iiif/presentation/v3/ark:/12148/bd6t563086g/manifest.json'
For more information check: https://developer.mozilla.org/en-US/docs/Web/HTTP/Status/403",2026-07-17T15:45:31.754142
humanite,bd6t563087t,,failed,0,0,,http_manifest,known,403,manifest,"Client error '403 ' for url 'https://openapiproext.bnf.fr/iiif/presentation/v3/ark:/12148/bd6t563087t/manifest.json'
For more information check: https://developer.mozilla.org/en-US/docs/Web/HTTP/Status/403",2026-07-17T15:45:32.956813
humanite,bd6t5630885,,failed,0,0,,http_manifest,known,403,manifest,"Client error '403 ' for url 'https://openapiproext.bnf.fr/iiif/presentation/v3/ark:/12148/bd6t5630885/manifest.json'
For more information check: https://developer.mozilla.org/en-US/docs/Web/HTTP/Status/403",2026-07-17T15:45:34.152828
humanite,bd6t563089h,,failed,0,0,,http_manifest,known,403,manifest,"Client error '403 ' for url 'https://openapiproext.bnf.fr/iiif/presentation/v3/ark:/12148/bd6t563089h/manifest.json'
For more information check: https://developer.mozilla.org/en-US/docs/Web/HTTP/Status/403",2026-07-17T15:45:35.358142
humanite,bd6t563090q,,failed,0,0,,http_manifest,known,403,manifest,"Client error '403 ' for url 'https://openapiproext.bnf.fr/iiif/presentation/v3/ark:/12148/bd6t563090q/manifest.json'
For more information check: https://developer.mozilla.org/en-US/docs/Web/HTTP/Status/403",2026-07-17T15:45:36.565677
humanite,bd6t5630912,,failed,0,0,,http_manifest,known,403,manifest,"Client error '403 ' for url 'https://openapiproext.bnf.fr/iiif/presentation/v3/ark:/12148/bd6t5630912/manifest.json'
For more information check: https://developer.mozilla.org/en-US/docs/Web/HTTP/Status/403",2026-07-17T15:45:37.758401
humanite,bd6t563092d,,failed,0,0,,http_manifest,known,403,manifest,"Client error '403 ' for url 'https://openapiproext.bnf.fr/iiif/presentation/v3/ark:/12148/bd6t563092d/manifest.json'
For more information check: https://developer.mozilla.org/en-US/docs/Web/HTTP/Status/403",2026-07-17T15:45:38.970927
humanite,bd6t563093r,,failed,0,0,,http_manifest,known,403,manifest,"Client error '403 ' for url 'https://openapiproext.bnf.fr/iiif/presentation/v3/ark:/12148/bd6t563093r/manifest.json'
For more information check: https://developer.mozilla.org/en-US/docs/Web/HTTP/Status/403",2026-07-17T15:45:40.185516
humanite,bd6t5630943,,failed,0,0,,http_manifest,known,403,manifest,"Client error '403 ' for url 'https://openapiproext.bnf.fr/iiif/presentation/v3/ark:/12148/bd6t5630943/manifest.json'
For more information check: https://developer.mozilla.org/en-US/docs/Web/HTTP/Status/403",2026-07-17T15:45:41.373201
humanite,bd6t563095f,,failed,0,0,,http_manifest,known,403,manifest,"Client error '403 ' for url 'https://openapiproext.bnf.fr/iiif/presentation/v3/ark:/12148/bd6t563095f/manifest.json'
For more information check: https://developer.mozilla.org/en-US/docs/Web/HTTP/Status/403",2026-07-17T15:45:42.566740
humanite,bd6t563096s,,failed,0,0,,http_manifest,known,403,manifest,"Client error '403 ' for url 'https://openapiproext.bnf.fr/iiif/presentation/v3/ark:/12148/bd6t563096s/manifest.json'
For more information check: https://developer.mozilla.org/en-US/docs/Web/HTTP/Status/403",2026-07-17T15:45:43.766476
humanite,bd6t5630974,,failed,0,0,,http_manifest,known,403,manifest,"Client error '403 ' for url 'https://openapiproext.bnf.fr/iiif/presentation/v3/ark:/12148/bd6t5630974/manifest.json'
For more information check: https://developer.mozilla.org/en-US/docs/Web/HTTP/Status/403",2026-07-17T15:45:44.980071
humanite,bd6t563098g,,failed,0,0,,http_manifest,known,403,manifest,"Client error '403 ' for url 'https://openapiproext.bnf.fr/iiif/presentation/v3/ark:/12148/bd6t563098g/manifest.json'
For more information check: https://developer.mozilla.org/en-US/docs/Web/HTTP/Status/403",2026-07-17T15:45:46.198864
humanite,bd6t563099t,,failed,0,0,,http_manifest,known,403,manifest,"Client error '403 ' for url 'https://openapiproext.bnf.fr/iiif/presentation/v3/ark:/12148/bd6t563099t/manifest.json'
For more information check: https://developer.mozilla.org/en-US/docs/Web/HTTP/Status/403",2026-07-17T15:45:47.376289
humanite,bd6t5631006,,failed,0,0,,http_manifest,known,403,manifest,"Client error '403 ' for url 'https://openapiproext.bnf.fr/iiif/presentation/v3/ark:/12148/bd6t5631006/manifest.json'
For more information check: https://developer.mozilla.org/en-US/docs/Web/HTTP/Status/403",2026-07-17T15:45:48.575696
humanite,bd6t563101j,,failed,0,0,,http_manifest,known,403,manifest,"Client error '403 ' for url 'https://openapiproext.bnf.fr/iiif/presentation/v3/ark:/12148/bd6t563101j/manifest.json'
For more information check: https://developer.mozilla.org/en-US/docs/Web/HTTP/Status/403",2026-07-17T15:45:49.776476
humanite,bd6t563102w,,failed,0,0,,http_manifest,known,403,manifest,"Client error '403 ' for url 'https://openapiproext.bnf.fr/iiif/presentation/v3/ark:/12148/bd6t563102w/manifest.json'
For more information check: https://developer.mozilla.org/en-US/docs/Web/HTTP/Status/403",2026-07-17T15:45:51.002081
humanite,bd6t5631037,,failed,0,0,,http_manifest,known,403,manifest,"Client error '403 ' for url 'https://openapiproext.bnf.fr/iiif/presentation/v3/ark:/12148/bd6t5631037/manifest.json'
For more information check: https://developer.mozilla.org/en-US/docs/Web/HTTP/Status/403",2026-07-17T15:45:52.177972
humanite,bd6t563104k,,failed,0,0,,http_manifest,known,403,manifest,"Client error '403 ' for url 'https://openapiproext.bnf.fr/iiif/presentation/v3/ark:/12148/bd6t563104k/manifest.json'
For more information check: https://developer.mozilla.org/en-US/docs/Web/HTTP/Status/403",2026-07-17T15:45:53.380207
humanite,bd6t563105x,,failed,0,0,,http_manifest,known,403,manifest,"Client error '403 ' for url 'https://openapiproext.bnf.fr/iiif/presentation/v3/ark:/12148/bd6t563105x/manifest.json'
For more information check: https://developer.mozilla.org/en-US/docs/Web/HTTP/Status/403",2026-07-17T15:45:54.581133
humanite,bd6t5631068,,failed,0,0,,http_manifest,known,403,manifest,"Client error '403 ' for url 'https://openapiproext.bnf.fr/iiif/presentation/v3/ark:/12148/bd6t5631068/manifest.json'
For more information check: https://developer.mozilla.org/en-US/docs/Web/HTTP/Status/403",2026-07-17T15:45:55.784114
humanite,bd6t563107m,,failed,0,0,,http_manifest,known,403,manifest,"Client error '403 ' for url 'https://openapiproext.bnf.fr/iiif/presentation/v3/ark:/12148/bd6t563107m/manifest.json'
For more information check: https://developer.mozilla.org/en-US/docs/Web/HTTP/Status/403",2026-07-17T15:45:56.992878
humanite,bd6t563108z,,failed,0,0,,http_manifest,known,403,manifest,"Client error '403 ' for url 'https://openapiproext.bnf.fr/iiif/presentation/v3/ark:/12148/bd6t563108z/manifest.json'
For more information check: https://developer.mozilla.org/en-US/docs/Web/HTTP/Status/403",2026-07-17T15:45:58.389188
humanite,bd6t5631099,,failed,0,0,,http_manifest,known,403,manifest,"Client error '403 ' for url 'https://openapiproext.bnf.fr/iiif/presentation/v3/ark:/12148/bd6t5631099/manifest.json'
For more information check: https://developer.mozilla.org/en-US/docs/Web/HTTP/Status/403",2026-07-17T15:45:59.551664
humanite,bd6t563110h,,failed,0,0,,http_manifest,known,403,manifest,"Client error '403 ' for url 'https://openapiproext.bnf.fr/iiif/presentation/v3/ark:/12148/bd6t563110h/manifest.json'
For more information check: https://developer.mozilla.org/en-US/docs/Web/HTTP/Status/403",2026-07-17T15:46:00.661625
humanite,bd6t563111v,,failed,0,0,,http_manifest,known,403,manifest,"Client error '403 ' for url 'https://openapiproext.bnf.fr/iiif/presentation/v3/ark:/12148/bd6t563111v/manifest.json'
For more information check: https://developer.mozilla.org/en-US/docs/Web/HTTP/Status/403",2026-07-17T15:46:01.983182
humanite,bd6t5631126,,failed,0,0,,http_manifest,known,403,manifest,"Client error '403 ' for url 'https://openapiproext.bnf.fr/iiif/presentation/v3/ark:/12148/bd6t5631126/manifest.json'
For more information check: https://developer.mozilla.org/en-US/docs/Web/HTTP/Status/403",2026-07-17T15:46:02.996726
humanite,bd6t563113j,,failed,0,0,,http_manifest,known,403,manifest,"Client error '403 ' for url 'https://openapiproext.bnf.fr/iiif/presentation/v3/ark:/12148/bd6t563113j/manifest.json'
For more information check: https://developer.mozilla.org/en-US/docs/Web/HTTP/Status/403",2026-07-17T15:46:04.327335
humanite,bd6t563114w,,failed,0,0,,http_manifest,known,403,manifest,"Client error '403 ' for url 'https://openapiproext.bnf.fr/iiif/presentation/v3/ark:/12148/bd6t563114w/manifest.json'
For more information check: https://developer.mozilla.org/en-US/docs/Web/HTTP/Status/403",2026-07-17T15:46:05.546321
humanite,bd6t5631157,,failed,0,0,,http_manifest,known,403,manifest,"Client error '403 ' for url 'https://openapiproext.bnf.fr/iiif/presentation/v3/ark:/12148/bd6t5631157/manifest.json'
For more information check: https://developer.mozilla.org/en-US/docs/Web/HTTP/Status/403",2026-07-17T15:46:06.698192
humanite,bd6t563116k,,failed,0,0,,http_manifest,known,403,manifest,"Client error '403 ' for url 'https://openapiproext.bnf.fr/iiif/presentation/v3/ark:/12148/bd6t563116k/manifest.json'
For more information check: https://developer.mozilla.org/en-US/docs/Web/HTTP/Status/403",2026-07-17T15:46:07.802625
humanite,bd6t563117x,,failed,0,0,,http_manifest,known,403,manifest,"Client error '403 ' for url 'https://openapiproext.bnf.fr/iiif/presentation/v3/ark:/12148/bd6t563117x/manifest.json'
For more information check: https://developer.mozilla.org/en-US/docs/Web/HTTP/Status/403",2026-07-17T15:46:09.004481
humanite,bd6t5631188,,failed,0,0,,http_manifest,known,403,manifest,"Client error '403 ' for url 'https://openapiproext.bnf.fr/iiif/presentation/v3/ark:/12148/bd6t5631188/manifest.json'
For more information check: https://developer.mozilla.org/en-US/docs/Web/HTTP/Status/403",2026-07-17T15:46:10.271689
humanite,bd6t563119m,,failed,0,0,,http_manifest,known,403,manifest,"Client error '403 ' for url 'https://openapiproext.bnf.fr/iiif/presentation/v3/ark:/12148/bd6t563119m/manifest.json'
For more information check: https://developer.mozilla.org/en-US/docs/Web/HTTP/Status/403",2026-07-17T15:46:11.405816
humanite,bd6t563120t,,failed,0,0,,http_manifest,known,403,manifest,"Client error '403 ' for url 'https://openapiproext.bnf.fr/iiif/presentation/v3/ark:/12148/bd6t563120t/manifest.json'
For more information check: https://developer.mozilla.org/en-US/docs/Web/HTTP/Status/403",2026-07-17T15:46:12.854026
humanite,bd6t5631215,,failed,0,0,,http_manifest,known,403,manifest,"Client error '403 ' for url 'https://openapiproext.bnf.fr/iiif/presentation/v3/ark:/12148/bd6t5631215/manifest.json'
For more information check: https://developer.mozilla.org/en-US/docs/Web/HTTP/Status/403",2026-07-17T15:46:13.852471
humanite,bd6t563122h,,failed,0,0,,http_manifest,known,403,manifest,"Client error '403 ' for url 'https://openapiproext.bnf.fr/iiif/presentation/v3/ark:/12148/bd6t563122h/manifest.json'
For more information check: https://developer.mozilla.org/en-US/docs/Web/HTTP/Status/403",2026-07-17T15:46:15.013122
humanite,bd6t563123v,,failed,0,0,,http_manifest,known,403,manifest,"Client error '403 ' for url 'https://openapiproext.bnf.fr/iiif/presentation/v3/ark:/12148/bd6t563123v/manifest.json'
For more information check: https://developer.mozilla.org/en-US/docs/Web/HTTP/Status/403",2026-07-17T15:46:16.372541
humanite,bd6t5631246,,failed,0,0,,http_manifest,known,403,manifest,"Client error '403 ' for url 'https://openapiproext.bnf.fr/iiif/presentation/v3/ark:/12148/bd6t5631246/manifest.json'
For more information check: https://developer.mozilla.org/en-US/docs/Web/HTTP/Status/403",2026-07-17T15:46:17.647667
humanite,bd6t563125j,,failed,0,0,,http_manifest,known,403,manifest,"Client error '403 ' for url 'https://openapiproext.bnf.fr/iiif/presentation/v3/ark:/12148/bd6t563125j/manifest.json'
For more information check: https://developer.mozilla.org/en-US/docs/Web/HTTP/Status/403",2026-07-17T15:46:18.681447
humanite,bd6t563126w,,failed,0,0,,http_manifest,known,403,manifest,"Client error '403 ' for url 'https://openapiproext.bnf.fr/iiif/presentation/v3/ark:/12148/bd6t563126w/manifest.json'
For more information check: https://developer.mozilla.org/en-US/docs/Web/HTTP/Status/403",2026-07-17T15:46:19.820267
humanite,bd6t5631277,,failed,0,0,,http_manifest,known,403,manifest,"Client error '403 ' for url 'https://openapiproext.bnf.fr/iiif/presentation/v3/ark:/12148/bd6t5631277/manifest.json'
For more information check: https://developer.mozilla.org/en-US/docs/Web/HTTP/Status/403",2026-07-17T15:46:21.024247
humanite,bd6t563128k,,failed,0,0,,http_manifest,known,403,manifest,"Client error '403 ' for url 'https://openapiproext.bnf.fr/iiif/presentation/v3/ark:/12148/bd6t563128k/manifest.json'
For more information check: https://developer.mozilla.org/en-US/docs/Web/HTTP/Status/403",2026-07-17T15:46:22.227757
humanite,bd6t563129x,,failed,0,0,,http_manifest,known,403,manifest,"Client error '403 ' for url 'https://openapiproext.bnf.fr/iiif/presentation/v3/ark:/12148/bd6t563129x/manifest.json'
For more information check: https://developer.mozilla.org/en-US/docs/Web/HTTP/Status/403",2026-07-17T15:46:23.426655
humanite,bd6t5631304,,failed,0,0,,http_manifest,known,403,manifest,"Client error '403 ' for url 'https://openapiproext.bnf.fr/iiif/presentation/v3/ark:/12148/bd6t5631304/manifest.json'
For more information check: https://developer.mozilla.org/en-US/docs/Web/HTTP/Status/403",2026-07-17T15:46:24.628248
humanite,bd6t563131g,,failed,0,0,,http_manifest,known,403,manifest,"Client error '403 ' for url 'https://openapiproext.bnf.fr/iiif/presentation/v3/ark:/12148/bd6t563131g/manifest.json'
For more information check: https://developer.mozilla.org/en-US/docs/Web/HTTP/Status/403",2026-07-17T15:46:25.828194
humanite,bd6t563132t,,failed,0,0,,http_manifest,known,403,manifest,"Client error '403 ' for url 'https://openapiproext.bnf.fr/iiif/presentation/v3/ark:/12148/bd6t563132t/manifest.json'
For more information check: https://developer.mozilla.org/en-US/docs/Web/HTTP/Status/403",2026-07-17T15:46:27.033735
humanite,bd6t5631335,,failed,0,0,,http_manifest,known,403,manifest,"Client error '403 ' for url 'https://openapiproext.bnf.fr/iiif/presentation/v3/ark:/12148/bd6t5631335/manifest.json'
For more information check: https://developer.mozilla.org/en-US/docs/Web/HTTP/Status/403",2026-07-17T15:46:28.252342
humanite,bd6t563134h,,failed,0,0,,http_manifest,known,403,manifest,"Client error '403 ' for url 'https://openapiproext.bnf.fr/iiif/presentation/v3/ark:/12148/bd6t563134h/manifest.json'
For more information check: https://developer.mozilla.org/en-US/docs/Web/HTTP/Status/403",2026-07-17T15:46:29.433096
humanite,bd6t563135v,,failed,0,0,,http_manifest,known,403,manifest,"Client error '403 ' for url 'https://openapiproext.bnf.fr/iiif/presentation/v3/ark:/12148/bd6t563135v/manifest.json'
For more information check: https://developer.mozilla.org/en-US/docs/Web/HTTP/Status/403",2026-07-17T15:46:30.633717
humanite,bd6t5631366,,failed,0,0,,http_manifest,known,403,manifest,"Client error '403 ' for url 'https://openapiproext.bnf.fr/iiif/presentation/v3/ark:/12148/bd6t5631366/manifest.json'
For more information check: https://developer.mozilla.org/en-US/docs/Web/HTTP/Status/403",2026-07-17T15:46:31.839036
humanite,bd6t563137j,,failed,0,0,,http_manifest,known,403,manifest,"Client error '403 ' for url 'https://openapiproext.bnf.fr/iiif/presentation/v3/ark:/12148/bd6t563137j/manifest.json'
For more information check: https://developer.mozilla.org/en-US/docs/Web/HTTP/Status/403",2026-07-17T15:46:33.045314
humanite,bd6t563138w,,failed,0,0,,http_manifest,known,403,manifest,"Client error '403 ' for url 'https://openapiproext.bnf.fr/iiif/presentation/v3/ark:/12148/bd6t563138w/manifest.json'
For more information check: https://developer.mozilla.org/en-US/docs/Web/HTTP/Status/403",2026-07-17T15:46:34.248007
humanite,bd6t5631397,,failed,0,0,,http_manifest,known,403,manifest,"Client error '403 ' for url 'https://openapiproext.bnf.fr/iiif/presentation/v3/ark:/12148/bd6t5631397/manifest.json'
For more information check: https://developer.mozilla.org/en-US/docs/Web/HTTP/Status/403",2026-07-17T15:46:35.439013
humanite,bd6t563140f,,failed,0,0,,http_manifest,known,403,manifest,"Client error '403 ' for url 'https://openapiproext.bnf.fr/iiif/presentation/v3/ark:/12148/bd6t563140f/manifest.json'
For more information check: https://developer.mozilla.org/en-US/docs/Web/HTTP/Status/403",2026-07-17T15:46:36.679278
humanite,bd6t563141s,,failed,0,0,,http_manifest,known,403,manifest,"Client error '403 ' for url 'https://openapiproext.bnf.fr/iiif/presentation/v3/ark:/12148/bd6t563141s/manifest.json'
For more information check: https://developer.mozilla.org/en-US/docs/Web/HTTP/Status/403",2026-07-17T15:46:37.852305
humanite,bd6t5631424,,failed,0,0,,http_manifest,known,403,manifest,"Client error '403 ' for url 'https://openapiproext.bnf.fr/iiif/presentation/v3/ark:/12148/bd6t5631424/manifest.json'
For more information check: https://developer.mozilla.org/en-US/docs/Web/HTTP/Status/403",2026-07-17T15:46:39.043740
humanite,bd6t563143g,,failed,0,0,,http_manifest,known,403,manifest,"Client error '403 ' for url 'https://openapiproext.bnf.fr/iiif/presentation/v3/ark:/12148/bd6t563143g/manifest.json'
For more information check: https://developer.mozilla.org/en-US/docs/Web/HTTP/Status/403",2026-07-17T15:46:40.268496
humanite,bd6t563144t,,failed,0,0,,http_manifest,known,403,manifest,"Client error '403 ' for url 'https://openapiproext.bnf.fr/iiif/presentation/v3/ark:/12148/bd6t563144t/manifest.json'
For more information check: https://developer.mozilla.org/en-US/docs/Web/HTTP/Status/403",2026-07-17T15:46:41.455204
humanite,bd6t5631455,,failed,0,0,,http_manifest,known,403,manifest,"Client error '403 ' for url 'https://openapiproext.bnf.fr/iiif/presentation/v3/ark:/12148/bd6t5631455/manifest.json'
For more information check: https://developer.mozilla.org/en-US/docs/Web/HTTP/Status/403",2026-07-17T15:46:42.654695
humanite,bd6t560991t,,failed,0,0,,http_manifest,known,403,manifest,"Client error '403 ' for url 'https://openapiproext.bnf.fr/iiif/presentation/v3/ark:/12148/bd6t560991t/manifest.json'
For more information check: https://developer.mozilla.org/en-US/docs/Web/HTTP/Status/403",2026-07-17T15:46:43.851949
humanite,bd6t5609925,,failed,0,0,,http_manifest,known,403,manifest,"Client error '403 ' for url 'https://openapiproext.bnf.fr/iiif/presentation/v3/ark:/12148/bd6t5609925/manifest.json'
For more information check: https://developer.mozilla.org/en-US/docs/Web/HTTP/Status/403",2026-07-17T15:46:45.052721
humanite,bd6t560993h,,failed,0,0,,http_manifest,known,403,manifest,"Client error '403 ' for url 'https://openapiproext.bnf.fr/iiif/presentation/v3/ark:/12148/bd6t560993h/manifest.json'
For more information check: https://developer.mozilla.org/en-US/docs/Web/HTTP/Status/403",2026-07-17T15:46:46.286516
humanite,bd6t560994v,,failed,0,0,,http_manifest,known,403,manifest,"Client error '403 ' for url 'https://openapiproext.bnf.fr/iiif/presentation/v3/ark:/12148/bd6t560994v/manifest.json'
For more information check: https://developer.mozilla.org/en-US/docs/Web/HTTP/Status/403",2026-07-17T15:46:47.455652
humanite,bd6t5609956,,failed,0,0,,http_manifest,known,403,manifest,"Client error '403 ' for url 'https://openapiproext.bnf.fr/iiif/presentation/v3/ark:/12148/bd6t5609956/manifest.json'
For more information check: https://developer.mozilla.org/en-US/docs/Web/HTTP/Status/403",2026-07-17T15:46:48.666430
humanite,bd6t560996j,,failed,0,0,,http_manifest,known,403,manifest,"Client error '403 ' for url 'https://openapiproext.bnf.fr/iiif/presentation/v3/ark:/12148/bd6t560996j/manifest.json'
For more information check: https://developer.mozilla.org/en-US/docs/Web/HTTP/Status/403",2026-07-17T15:46:49.890347
humanite,bd6t560997w,,failed,0,0,,http_manifest,known,403,manifest,"Client error '403 ' for url 'https://openapiproext.bnf.fr/iiif/presentation/v3/ark:/12148/bd6t560997w/manifest.json'
For more information check: https://developer.mozilla.org/en-US/docs/Web/HTTP/Status/403",2026-07-17T15:46:51.059821
humanite,bd6t5609987,,failed,0,0,,http_manifest,known,403,manifest,"Client error '403 ' for url 'https://openapiproext.bnf.fr/iiif/presentation/v3/ark:/12148/bd6t5609987/manifest.json'
For more information check: https://developer.mozilla.org/en-US/docs/Web/HTTP/Status/403",2026-07-17T15:46:52.263368
humanite,bd6t560999k,,failed,0,0,,http_manifest,known,403,manifest,"Client error '403 ' for url 'https://openapiproext.bnf.fr/iiif/presentation/v3/ark:/12148/bd6t560999k/manifest.json'
For more information check: https://developer.mozilla.org/en-US/docs/Web/HTTP/Status/403",2026-07-17T15:46:53.461282
humanite,bd6t561000f,,failed,0,0,,http_manifest,known,403,manifest,"Client error '403 ' for url 'https://openapiproext.bnf.fr/iiif/presentation/v3/ark:/12148/bd6t561000f/manifest.json'
For more information check: https://developer.mozilla.org/en-US/docs/Web/HTTP/Status/403",2026-07-17T15:46:54.663183
humanite,bd6t561001s,,failed,0,0,,http_manifest,known,403,manifest,"Client error '403 ' for url 'https://openapiproext.bnf.fr/iiif/presentation/v3/ark:/12148/bd6t561001s/manifest.json'
For more information check: https://developer.mozilla.org/en-US/docs/Web/HTTP/Status/403",2026-07-17T15:46:55.867403
humanite,bd6t5610024,,failed,0,0,,http_manifest,known,403,manifest,"Client error '403 ' for url 'https://openapiproext.bnf.fr/iiif/presentation/v3/ark:/12148/bd6t5610024/manifest.json'
For more information check: https://developer.mozilla.org/en-US/docs/Web/HTTP/Status/403",2026-07-17T15:46:57.108880
humanite,bd6t561003g,,failed,0,0,,http_manifest,known,403,manifest,"Client error '403 ' for url 'https://openapiproext.bnf.fr/iiif/presentation/v3/ark:/12148/bd6t561003g/manifest.json'
For more information check: https://developer.mozilla.org/en-US/docs/Web/HTTP/Status/403",2026-07-17T15:46:58.270854
humanite,bd6t561004t,,failed,0,0,,http_manifest,known,403,manifest,"Client error '403 ' for url 'https://openapiproext.bnf.fr/iiif/presentation/v3/ark:/12148/bd6t561004t/manifest.json'
For more information check: https://developer.mozilla.org/en-US/docs/Web/HTTP/Status/403",2026-07-17T15:46:59.627094
humanite,bd6t5610055,,failed,0,0,,http_manifest,known,403,manifest,"Client error '403 ' for url 'https://openapiproext.bnf.fr/iiif/presentation/v3/ark:/12148/bd6t5610055/manifest.json'
For more information check: https://developer.mozilla.org/en-US/docs/Web/HTTP/Status/403",2026-07-17T15:47:00.672928
humanite,bd6t561006h,,failed,0,0,,http_manifest,known,403,manifest,"Client error '403 ' for url 'https://openapiproext.bnf.fr/iiif/presentation/v3/ark:/12148/bd6t561006h/manifest.json'
For more information check: https://developer.mozilla.org/en-US/docs/Web/HTTP/Status/403",2026-07-17T15:47:01.878139
humanite,bd6t561007v,,failed,0,0,,http_manifest,known,403,manifest,"Client error '403 ' for url 'https://openapiproext.bnf.fr/iiif/presentation/v3/ark:/12148/bd6t561007v/manifest.json'
For more information check: https://developer.mozilla.org/en-US/docs/Web/HTTP/Status/403",2026-07-17T15:47:03.072961
humanite,bd6t5610086,,failed,0,0,,http_manifest,known,403,manifest,"Client error '403 ' for url 'https://openapiproext.bnf.fr/iiif/presentation/v3/ark:/12148/bd6t5610086/manifest.json'
For more information check: https://developer.mozilla.org/en-US/docs/Web/HTTP/Status/403",2026-07-17T15:47:04.334902
humanite,bd6t561009j,,failed,0,0,,http_manifest,known,403,manifest,"Client error '403 ' for url 'https://openapiproext.bnf.fr/iiif/presentation/v3/ark:/12148/bd6t561009j/manifest.json'
For more information check: https://developer.mozilla.org/en-US/docs/Web/HTTP/Status/403",2026-07-17T15:47:05.501366
humanite,bd6t561010r,,failed,0,0,,http_manifest,known,403,manifest,"Client error '403 ' for url 'https://openapiproext.bnf.fr/iiif/presentation/v3/ark:/12148/bd6t561010r/manifest.json'
For more information check: https://developer.mozilla.org/en-US/docs/Web/HTTP/Status/403",2026-07-17T15:47:06.684544
humanite,bd6t5610113,,failed,0,0,,http_manifest,known,403,manifest,"Client error '403 ' for url 'https://openapiproext.bnf.fr/iiif/presentation/v3/ark:/12148/bd6t5610113/manifest.json'
For more information check: https://developer.mozilla.org/en-US/docs/Web/HTTP/Status/403",2026-07-17T15:47:07.886849
humanite,bd6t561012f,,failed,0,0,,http_manifest,known,403,manifest,"Client error '403 ' for url 'https://openapiproext.bnf.fr/iiif/presentation/v3/ark:/12148/bd6t561012f/manifest.json'
For more information check: https://developer.mozilla.org/en-US/docs/Web/HTTP/Status/403",2026-07-17T15:47:09.080460
humanite,bd6t561013s,,failed,0,0,,http_manifest,known,403,manifest,"Client error '403 ' for url 'https://openapiproext.bnf.fr/iiif/presentation/v3/ark:/12148/bd6t561013s/manifest.json'
For more information check: https://developer.mozilla.org/en-US/docs/Web/HTTP/Status/403",2026-07-17T15:47:10.396392
humanite,bd6t5610144,,failed,0,0,,http_manifest,known,403,manifest,"Client error '403 ' for url 'https://openapiproext.bnf.fr/iiif/presentation/v3/ark:/12148/bd6t5610144/manifest.json'
For more information check: https://developer.mozilla.org/en-US/docs/Web/HTTP/Status/403",2026-07-17T15:47:11.497555
humanite,bd6t561015g,,failed,0,0,,http_manifest,known,403,manifest,"Client error '403 ' for url 'https://openapiproext.bnf.fr/iiif/presentation/v3/ark:/12148/bd6t561015g/manifest.json'
For more information check: https://developer.mozilla.org/en-US/docs/Web/HTTP/Status/403",2026-07-17T15:47:12.921375
humanite,bd6t561016t,,failed,0,0,,http_manifest,known,403,manifest,"Client error '403 ' for url 'https://openapiproext.bnf.fr/iiif/presentation/v3/ark:/12148/bd6t561016t/manifest.json'
For more information check: https://developer.mozilla.org/en-US/docs/Web/HTTP/Status/403",2026-07-17T15:47:13.932939
humanite,bd6t5610175,,failed,0,0,,http_manifest,known,403,manifest,"Client error '403 ' for url 'https://openapiproext.bnf.fr/iiif/presentation/v3/ark:/12148/bd6t5610175/manifest.json'
For more information check: https://developer.mozilla.org/en-US/docs/Web/HTTP/Status/403",2026-07-17T15:47:15.088816
humanite,bd6t561018h,,failed,0,0,,http_manifest,known,403,manifest,"Client error '403 ' for url 'https://openapiproext.bnf.fr/iiif/presentation/v3/ark:/12148/bd6t561018h/manifest.json'
For more information check: https://developer.mozilla.org/en-US/docs/Web/HTTP/Status/403",2026-07-17T15:47:16.374551
humanite,bd6t561019v,,failed,0,0,,http_manifest,known,403,manifest,"Client error '403 ' for url 'https://openapiproext.bnf.fr/iiif/presentation/v3/ark:/12148/bd6t561019v/manifest.json'
For more information check: https://developer.mozilla.org/en-US/docs/Web/HTTP/Status/403",2026-07-17T15:47:17.546299
humanite,bd6t5610202,,failed,0,0,,http_manifest,known,403,manifest,"Client error '403 ' for url 'https://openapiproext.bnf.fr/iiif/presentation/v3/ark:/12148/bd6t5610202/manifest.json'
For more information check: https://developer.mozilla.org/en-US/docs/Web/HTTP/Status/403",2026-07-17T15:47:18.791102
humanite,bd6t561021d,,failed,0,0,,http_manifest,known,403,manifest,"Client error '403 ' for url 'https://openapiproext.bnf.fr/iiif/presentation/v3/ark:/12148/bd6t561021d/manifest.json'
For more information check: https://developer.mozilla.org/en-US/docs/Web/HTTP/Status/403",2026-07-17T15:47:19.898696
humanite,bd6t561022r,,failed,0,0,,http_manifest,known,403,manifest,"Client error '403 ' for url 'https://openapiproext.bnf.fr/iiif/presentation/v3/ark:/12148/bd6t561022r/manifest.json'
For more information check: https://developer.mozilla.org/en-US/docs/Web/HTTP/Status/403",2026-07-17T15:47:21.093279
humanite,bd6t5610233,,failed,0,0,,http_manifest,known,403,manifest,"Client error '403 ' for url 'https://openapiproext.bnf.fr/iiif/presentation/v3/ark:/12148/bd6t5610233/manifest.json'
For more information check: https://developer.mozilla.org/en-US/docs/Web/HTTP/Status/403",2026-07-17T15:47:22.335381
humanite,bd6t561024f,,failed,0,0,,http_manifest,known,403,manifest,"Client error '403 ' for url 'https://openapiproext.bnf.fr/iiif/presentation/v3/ark:/12148/bd6t561024f/manifest.json'
For more information check: https://developer.mozilla.org/en-US/docs/Web/HTTP/Status/403",2026-07-17T15:47:23.503738
humanite,bd6t561025s,,failed,0,0,,http_manifest,known,403,manifest,"Client error '403 ' for url 'https://openapiproext.bnf.fr/iiif/presentation/v3/ark:/12148/bd6t561025s/manifest.json'
For more information check: https://developer.mozilla.org/en-US/docs/Web/HTTP/Status/403",2026-07-17T15:47:24.698150
humanite,bd6t5610264,,failed,0,0,,http_manifest,known,403,manifest,"Client error '403 ' for url 'https://openapiproext.bnf.fr/iiif/presentation/v3/ark:/12148/bd6t5610264/manifest.json'
For more information check: https://developer.mozilla.org/en-US/docs/Web/HTTP/Status/403",2026-07-17T15:47:25.906892
humanite,bd6t561027g,,failed,0,0,,http_manifest,known,403,manifest,"Client error '403 ' for url 'https://openapiproext.bnf.fr/iiif/presentation/v3/ark:/12148/bd6t561027g/manifest.json'
For more information check: https://developer.mozilla.org/en-US/docs/Web/HTTP/Status/403",2026-07-17T15:47:27.100383
humanite,bd6t561028t,,failed,0,0,,http_manifest,known,403,manifest,"Client error '403 ' for url 'https://openapiproext.bnf.fr/iiif/presentation/v3/ark:/12148/bd6t561028t/manifest.json'
For more information check: https://developer.mozilla.org/en-US/docs/Web/HTTP/Status/403",2026-07-17T15:47:28.301555
humanite,bd6t5610295,,failed,0,0,,http_manifest,known,403,manifest,"Client error '403 ' for url 'https://openapiproext.bnf.fr/iiif/presentation/v3/ark:/12148/bd6t5610295/manifest.json'
For more information check: https://developer.mozilla.org/en-US/docs/Web/HTTP/Status/403",2026-07-17T15:47:29.505836
humanite,bd6t561030c,,failed,0,0,,http_manifest,known,403,manifest,"Client error '403 ' for url 'https://openapiproext.bnf.fr/iiif/presentation/v3/ark:/12148/bd6t561030c/manifest.json'
For more information check: https://developer.mozilla.org/en-US/docs/Web/HTTP/Status/403",2026-07-17T15:47:30.730982
humanite,bd6t561031q,,failed,0,0,,http_manifest,known,403,manifest,"Client error '403 ' for url 'https://openapiproext.bnf.fr/iiif/presentation/v3/ark:/12148/bd6t561031q/manifest.json'
For more information check: https://developer.mozilla.org/en-US/docs/Web/HTTP/Status/403",2026-07-17T15:47:31.905844
humanite,bd6t5610322,,failed,0,0,,http_manifest,known,403,manifest,"Client error '403 ' for url 'https://openapiproext.bnf.fr/iiif/presentation/v3/ark:/12148/bd6t5610322/manifest.json'
For more information check: https://developer.mozilla.org/en-US/docs/Web/HTTP/Status/403",2026-07-17T15:47:33.103472
humanite,bd6t561033d,,failed,0,0,,http_manifest,known,403,manifest,"Client error '403 ' for url 'https://openapiproext.bnf.fr/iiif/presentation/v3/ark:/12148/bd6t561033d/manifest.json'
For more information check: https://developer.mozilla.org/en-US/docs/Web/HTTP/Status/403",2026-07-17T15:47:34.309297
humanite,bd6t561034r,,failed,0,0,,http_manifest,known,403,manifest,"Client error '403 ' for url 'https://openapiproext.bnf.fr/iiif/presentation/v3/ark:/12148/bd6t561034r/manifest.json'
For more information check: https://developer.mozilla.org/en-US/docs/Web/HTTP/Status/403",2026-07-17T15:47:35.510896
humanite,bd6t5610353,,failed,0,0,,http_manifest,known,403,manifest,"Client error '403 ' for url 'https://openapiproext.bnf.fr/iiif/presentation/v3/ark:/12148/bd6t5610353/manifest.json'
For more information check: https://developer.mozilla.org/en-US/docs/Web/HTTP/Status/403",2026-07-17T15:47:36.740398
humanite,bd6t561036f,,failed,0,0,,http_manifest,known,403,manifest,"Client error '403 ' for url 'https://openapiproext.bnf.fr/iiif/presentation/v3/ark:/12148/bd6t561036f/manifest.json'
For more information check: https://developer.mozilla.org/en-US/docs/Web/HTTP/Status/403",2026-07-17T15:47:37.914324
humanite,bd6t561037s,,failed,0,0,,http_manifest,known,403,manifest,"Client error '403 ' for url 'https://openapiproext.bnf.fr/iiif/presentation/v3/ark:/12148/bd6t561037s/manifest.json'
For more information check: https://developer.mozilla.org/en-US/docs/Web/HTTP/Status/403",2026-07-17T15:47:39.113822
humanite,bd6t5610384,,failed,0,0,,http_manifest,known,403,manifest,"Client error '403 ' for url 'https://openapiproext.bnf.fr/iiif/presentation/v3/ark:/12148/bd6t5610384/manifest.json'
For more information check: https://developer.mozilla.org/en-US/docs/Web/HTTP/Status/403",2026-07-17T15:47:40.314956
humanite,bd6t561039g,,failed,0,0,,http_manifest,known,403,manifest,"Client error '403 ' for url 'https://openapiproext.bnf.fr/iiif/presentation/v3/ark:/12148/bd6t561039g/manifest.json'
For more information check: https://developer.mozilla.org/en-US/docs/Web/HTTP/Status/403",2026-07-17T15:47:41.516960
humanite,bd6t561040p,,failed,0,0,,http_manifest,known,403,manifest,"Client error '403 ' for url 'https://openapiproext.bnf.fr/iiif/presentation/v3/ark:/12148/bd6t561040p/manifest.json'
For more information check: https://developer.mozilla.org/en-US/docs/Web/HTTP/Status/403",2026-07-17T15:47:42.725420
humanite,bd6t5610411,,failed,0,0,,http_manifest,known,403,manifest,"Client error '403 ' for url 'https://openapiproext.bnf.fr/iiif/presentation/v3/ark:/12148/bd6t5610411/manifest.json'
For more information check: https://developer.mozilla.org/en-US/docs/Web/HTTP/Status/403",2026-07-17T15:47:43.931585
humanite,bd6t561042c,,failed,0,0,,http_manifest,known,403,manifest,"Client error '403 ' for url 'https://openapiproext.bnf.fr/iiif/presentation/v3/ark:/12148/bd6t561042c/manifest.json'
For more information check: https://developer.mozilla.org/en-US/docs/Web/HTTP/Status/403",2026-07-17T15:47:45.127022
humanite,bd6t561043q,,failed,0,0,,http_manifest,known,403,manifest,"Client error '403 ' for url 'https://openapiproext.bnf.fr/iiif/presentation/v3/ark:/12148/bd6t561043q/manifest.json'
For more information check: https://developer.mozilla.org/en-US/docs/Web/HTTP/Status/403",2026-07-17T15:47:46.327619
humanite,bd6t5610442,,failed,0,0,,http_manifest,known,403,manifest,"Client error '403 ' for url 'https://openapiproext.bnf.fr/iiif/presentation/v3/ark:/12148/bd6t5610442/manifest.json'
For more information check: https://developer.mozilla.org/en-US/docs/Web/HTTP/Status/403",2026-07-17T15:47:47.529355
humanite,bd6t561045d,,failed,0,0,,http_manifest,known,403,manifest,"Client error '403 ' for url 'https://openapiproext.bnf.fr/iiif/presentation/v3/ark:/12148/bd6t561045d/manifest.json'
For more information check: https://developer.mozilla.org/en-US/docs/Web/HTTP/Status/403",2026-07-17T15:47:48.765964
humanite,bd6t561046r,,failed,0,0,,http_manifest,known,403,manifest,"Client error '403 ' for url 'https://openapiproext.bnf.fr/iiif/presentation/v3/ark:/12148/bd6t561046r/manifest.json'
For more information check: https://developer.mozilla.org/en-US/docs/Web/HTTP/Status/403",2026-07-17T15:47:49.935851
humanite,bd6t5610473,,failed,0,0,,http_manifest,known,403,manifest,"Client error '403 ' for url 'https://openapiproext.bnf.fr/iiif/presentation/v3/ark:/12148/bd6t5610473/manifest.json'
For more information check: https://developer.mozilla.org/en-US/docs/Web/HTTP/Status/403",2026-07-17T15:47:51.141603
humanite,bd6t561048f,,failed,0,0,,http_manifest,known,403,manifest,"Client error '403 ' for url 'https://openapiproext.bnf.fr/iiif/presentation/v3/ark:/12148/bd6t561048f/manifest.json'
For more information check: https://developer.mozilla.org/en-US/docs/Web/HTTP/Status/403",2026-07-17T15:47:52.347730
humanite,bd6t561049s,,failed,0,0,,http_manifest,known,403,manifest,"Client error '403 ' for url 'https://openapiproext.bnf.fr/iiif/presentation/v3/ark:/12148/bd6t561049s/manifest.json'
For more information check: https://developer.mozilla.org/en-US/docs/Web/HTTP/Status/403",2026-07-17T15:47:53.539399
humanite,bd6t5610500,,failed,0,0,,http_manifest,known,403,manifest,"Client error '403 ' for url 'https://openapiproext.bnf.fr/iiif/presentation/v3/ark:/12148/bd6t5610500/manifest.json'
For more information check: https://developer.mozilla.org/en-US/docs/Web/HTTP/Status/403",2026-07-17T15:47:54.742929
humanite,bd6t561051b,,failed,0,0,,http_manifest,known,403,manifest,"Client error '403 ' for url 'https://openapiproext.bnf.fr/iiif/presentation/v3/ark:/12148/bd6t561051b/manifest.json'
For more information check: https://developer.mozilla.org/en-US/docs/Web/HTTP/Status/403",2026-07-17T15:47:55.938663
humanite,bd6t561052p,,failed,0,0,,http_manifest,known,403,manifest,"Client error '403 ' for url 'https://openapiproext.bnf.fr/iiif/presentation/v3/ark:/12148/bd6t561052p/manifest.json'
For more information check: https://developer.mozilla.org/en-US/docs/Web/HTTP/Status/403",2026-07-17T15:47:57.150320
humanite,bd6t5610531,,failed,0,0,,http_manifest,known,403,manifest,"Client error '403 ' for url 'https://openapiproext.bnf.fr/iiif/presentation/v3/ark:/12148/bd6t5610531/manifest.json'
For more information check: https://developer.mozilla.org/en-US/docs/Web/HTTP/Status/403",2026-07-17T15:47:58.445706
humanite,bd6t561054c,,failed,0,0,,http_manifest,known,403,manifest,"Client error '403 ' for url 'https://openapiproext.bnf.fr/iiif/presentation/v3/ark:/12148/bd6t561054c/manifest.json'
For more information check: https://developer.mozilla.org/en-US/docs/Web/HTTP/Status/403",2026-07-17T15:47:59.672639
humanite,bd6t561055q,,failed,0,0,,http_manifest,known,403,manifest,"Client error '403 ' for url 'https://openapiproext.bnf.fr/iiif/presentation/v3/ark:/12148/bd6t561055q/manifest.json'
For more information check: https://developer.mozilla.org/en-US/docs/Web/HTTP/Status/403",2026-07-17T15:48:00.987296
humanite,bd6t5610562,,failed,0,0,,http_manifest,known,403,manifest,"Client error '403 ' for url 'https://openapiproext.bnf.fr/iiif/presentation/v3/ark:/12148/bd6t5610562/manifest.json'
For more information check: https://developer.mozilla.org/en-US/docs/Web/HTTP/Status/403",2026-07-17T15:48:02.130501
humanite,bd6t561057d,,failed,0,0,,http_manifest,known,403,manifest,"Client error '403 ' for url 'https://openapiproext.bnf.fr/iiif/presentation/v3/ark:/12148/bd6t561057d/manifest.json'
For more information check: https://developer.mozilla.org/en-US/docs/Web/HTTP/Status/403",2026-07-17T15:48:03.150920
humanite,bd6t561058r,,failed,0,0,,http_manifest,known,403,manifest,"Client error '403 ' for url 'https://openapiproext.bnf.fr/iiif/presentation/v3/ark:/12148/bd6t561058r/manifest.json'
For more information check: https://developer.mozilla.org/en-US/docs/Web/HTTP/Status/403",2026-07-17T15:48:04.521875
humanite,bd6t5610593,,failed,0,0,,http_manifest,known,403,manifest,"Client error '403 ' for url 'https://openapiproext.bnf.fr/iiif/presentation/v3/ark:/12148/bd6t5610593/manifest.json'
For more information check: https://developer.mozilla.org/en-US/docs/Web/HTTP/Status/403",2026-07-17T15:48:05.838945
humanite,bd6t5610609,,failed,0,0,,http_manifest,known,403,manifest,"Client error '403 ' for url 'https://openapiproext.bnf.fr/iiif/presentation/v3/ark:/12148/bd6t5610609/manifest.json'
For more information check: https://developer.mozilla.org/en-US/docs/Web/HTTP/Status/403",2026-07-17T15:48:06.786565
humanite,bd6t561061n,,failed,0,0,,http_manifest,known,403,manifest,"Client error '403 ' for url 'https://openapiproext.bnf.fr/iiif/presentation/v3/ark:/12148/bd6t561061n/manifest.json'
For more information check: https://developer.mozilla.org/en-US/docs/Web/HTTP/Status/403",2026-07-17T15:48:08.191732
humanite,bd6t5610620,,failed,0,0,,http_manifest,known,403,manifest,"Client error '403 ' for url 'https://openapiproext.bnf.fr/iiif/presentation/v3/ark:/12148/bd6t5610620/manifest.json'
For more information check: https://developer.mozilla.org/en-US/docs/Web/HTTP/Status/403",2026-07-17T15:48:09.322262
humanite,bd6t561063b,,failed,0,0,,http_manifest,known,403,manifest,"Client error '403 ' for url 'https://openapiproext.bnf.fr/iiif/presentation/v3/ark:/12148/bd6t561063b/manifest.json'
For more information check: https://developer.mozilla.org/en-US/docs/Web/HTTP/Status/403",2026-07-17T15:48:10.361239
humanite,bd6t561064p,,failed,0,0,,http_manifest,known,403,manifest,"Client error '403 ' for url 'https://openapiproext.bnf.fr/iiif/presentation/v3/ark:/12148/bd6t561064p/manifest.json'
For more information check: https://developer.mozilla.org/en-US/docs/Web/HTTP/Status/403",2026-07-17T15:48:11.579140
humanite,bd6t5610651,,failed,0,0,,http_manifest,known,403,manifest,"Client error '403 ' for url 'https://openapiproext.bnf.fr/iiif/presentation/v3/ark:/12148/bd6t5610651/manifest.json'
For more information check: https://developer.mozilla.org/en-US/docs/Web/HTTP/Status/403",2026-07-17T15:48:12.767766
humanite,bd6t561066c,,failed,0,0,,http_manifest,known,403,manifest,"Client error '403 ' for url 'https://openapiproext.bnf.fr/iiif/presentation/v3/ark:/12148/bd6t561066c/manifest.json'
For more information check: https://developer.mozilla.org/en-US/docs/Web/HTTP/Status/403",2026-07-17T15:48:14.023298
humanite,bd6t561067q,,failed,0,0,,http_manifest,known,403,manifest,"Client error '403 ' for url 'https://openapiproext.bnf.fr/iiif/presentation/v3/ark:/12148/bd6t561067q/manifest.json'
For more information check: https://developer.mozilla.org/en-US/docs/Web/HTTP/Status/403",2026-07-17T15:48:15.323303
humanite,bd6t5610682,,failed,0,0,,http_manifest,known,403,manifest,"Client error '403 ' for url 'https://openapiproext.bnf.fr/iiif/presentation/v3/ark:/12148/bd6t5610682/manifest.json'
For more information check: https://developer.mozilla.org/en-US/docs/Web/HTTP/Status/403",2026-07-17T15:48:16.430716
humanite,bd6t561069d,,failed,0,0,,http_manifest,known,403,manifest,"Client error '403 ' for url 'https://openapiproext.bnf.fr/iiif/presentation/v3/ark:/12148/bd6t561069d/manifest.json'
For more information check: https://developer.mozilla.org/en-US/docs/Web/HTTP/Status/403",2026-07-17T15:48:17.618414
humanite,bd6t561070m,,failed,0,0,,http_manifest,known,403,manifest,"Client error '403 ' for url 'https://openapiproext.bnf.fr/iiif/presentation/v3/ark:/12148/bd6t561070m/manifest.json'
For more information check: https://developer.mozilla.org/en-US/docs/Web/HTTP/Status/403",2026-07-17T15:48:18.934198
humanite,bd6t561071z,,failed,0,0,,http_manifest,known,403,manifest,"Client error '403 ' for url 'https://openapiproext.bnf.fr/iiif/presentation/v3/ark:/12148/bd6t561071z/manifest.json'
For more information check: https://developer.mozilla.org/en-US/docs/Web/HTTP/Status/403",2026-07-17T15:48:19.984346
humanite,bd6t5610729,,failed,0,0,,http_manifest,known,403,manifest,"Client error '403 ' for url 'https://openapiproext.bnf.fr/iiif/presentation/v3/ark:/12148/bd6t5610729/manifest.json'
For more information check: https://developer.mozilla.org/en-US/docs/Web/HTTP/Status/403",2026-07-17T15:48:21.176872
humanite,bd6t561073n,,failed,0,0,,http_manifest,known,403,manifest,"Client error '403 ' for url 'https://openapiproext.bnf.fr/iiif/presentation/v3/ark:/12148/bd6t561073n/manifest.json'
For more information check: https://developer.mozilla.org/en-US/docs/Web/HTTP/Status/403",2026-07-17T15:48:22.377451
humanite,bd6t5610740,,failed,0,0,,http_manifest,known,403,manifest,"Client error '403 ' for url 'https://openapiproext.bnf.fr/iiif/presentation/v3/ark:/12148/bd6t5610740/manifest.json'
For more information check: https://developer.mozilla.org/en-US/docs/Web/HTTP/Status/403",2026-07-17T15:48:23.603738
humanite,bd6t561075b,,failed,0,0,,http_manifest,known,403,manifest,"Client error '403 ' for url 'https://openapiproext.bnf.fr/iiif/presentation/v3/ark:/12148/bd6t561075b/manifest.json'
For more information check: https://developer.mozilla.org/en-US/docs/Web/HTTP/Status/403",2026-07-17T15:48:24.781353
humanite,bd6t561076p,,failed,0,0,,http_manifest,known,403,manifest,"Client error '403 ' for url 'https://openapiproext.bnf.fr/iiif/presentation/v3/ark:/12148/bd6t561076p/manifest.json'
For more information check: https://developer.mozilla.org/en-US/docs/Web/HTTP/Status/403",2026-07-17T15:48:25.979751
humanite,bd6t5610771,,failed,0,0,,http_manifest,known,403,manifest,"Client error '403 ' for url 'https://openapiproext.bnf.fr/iiif/presentation/v3/ark:/12148/bd6t5610771/manifest.json'
For more information check: https://developer.mozilla.org/en-US/docs/Web/HTTP/Status/403",2026-07-17T15:48:27.180273
humanite,bd6t561078c,,failed,0,0,,http_manifest,known,403,manifest,"Client error '403 ' for url 'https://openapiproext.bnf.fr/iiif/presentation/v3/ark:/12148/bd6t561078c/manifest.json'
For more information check: https://developer.mozilla.org/en-US/docs/Web/HTTP/Status/403",2026-07-17T15:48:28.384750
humanite,bd6t561079q,,failed,0,0,,http_manifest,known,403,manifest,"Client error '403 ' for url 'https://openapiproext.bnf.fr/iiif/presentation/v3/ark:/12148/bd6t561079q/manifest.json'
For more information check: https://developer.mozilla.org/en-US/docs/Web/HTTP/Status/403",2026-07-17T15:48:29.585126
humanite,bd6t561080x,,failed,0,0,,http_manifest,known,403,manifest,"Client error '403 ' for url 'https://openapiproext.bnf.fr/iiif/presentation/v3/ark:/12148/bd6t561080x/manifest.json'
For more information check: https://developer.mozilla.org/en-US/docs/Web/HTTP/Status/403",2026-07-17T15:48:30.784850
humanite,bd6t5610818,,failed,0,0,,http_manifest,known,403,manifest,"Client error '403 ' for url 'https://openapiproext.bnf.fr/iiif/presentation/v3/ark:/12148/bd6t5610818/manifest.json'
For more information check: https://developer.mozilla.org/en-US/docs/Web/HTTP/Status/403",2026-07-17T15:48:31.984843
humanite,bd6t561082m,,failed,0,0,,http_manifest,known,403,manifest,"Client error '403 ' for url 'https://openapiproext.bnf.fr/iiif/presentation/v3/ark:/12148/bd6t561082m/manifest.json'
For more information check: https://developer.mozilla.org/en-US/docs/Web/HTTP/Status/403",2026-07-17T15:48:33.190207
humanite,bd6t561083z,,failed,0,0,,http_manifest,known,403,manifest,"Client error '403 ' for url 'https://openapiproext.bnf.fr/iiif/presentation/v3/ark:/12148/bd6t561083z/manifest.json'
For more information check: https://developer.mozilla.org/en-US/docs/Web/HTTP/Status/403",2026-07-17T15:48:34.391585
humanite,bd6t5610849,,failed,0,0,,http_manifest,known,403,manifest,"Client error '403 ' for url 'https://openapiproext.bnf.fr/iiif/presentation/v3/ark:/12148/bd6t5610849/manifest.json'
For more information check: https://developer.mozilla.org/en-US/docs/Web/HTTP/Status/403",2026-07-17T15:48:35.620227
humanite,bd6t561085n,,failed,0,0,,http_manifest,known,403,manifest,"Client error '403 ' for url 'https://openapiproext.bnf.fr/iiif/presentation/v3/ark:/12148/bd6t561085n/manifest.json'
For more information check: https://developer.mozilla.org/en-US/docs/Web/HTTP/Status/403",2026-07-17T15:48:36.800672
humanite,bd6t5610860,,failed,0,0,,http_manifest,known,403,manifest,"Client error '403 ' for url 'https://openapiproext.bnf.fr/iiif/presentation/v3/ark:/12148/bd6t5610860/manifest.json'
For more information check: https://developer.mozilla.org/en-US/docs/Web/HTTP/Status/403",2026-07-17T15:48:37.991763
humanite,bd6t561087b,,failed,0,0,,http_manifest,known,403,manifest,"Client error '403 ' for url 'https://openapiproext.bnf.fr/iiif/presentation/v3/ark:/12148/bd6t561087b/manifest.json'
For more information check: https://developer.mozilla.org/en-US/docs/Web/HTTP/Status/403",2026-07-17T15:48:39.201038
humanite,bd6t561088p,,failed,0,0,,http_manifest,known,403,manifest,"Client error '403 ' for url 'https://openapiproext.bnf.fr/iiif/presentation/v3/ark:/12148/bd6t561088p/manifest.json'
For more information check: https://developer.mozilla.org/en-US/docs/Web/HTTP/Status/403",2026-07-17T15:48:40.398436
humanite,bd6t5610891,,failed,0,0,,http_manifest,known,403,manifest,"Client error '403 ' for url 'https://openapiproext.bnf.fr/iiif/presentation/v3/ark:/12148/bd6t5610891/manifest.json'
For more information check: https://developer.mozilla.org/en-US/docs/Web/HTTP/Status/403",2026-07-17T15:48:41.599916
humanite,bd6t5610907,,failed,0,0,,http_manifest,known,403,manifest,"Client error '403 ' for url 'https://openapiproext.bnf.fr/iiif/presentation/v3/ark:/12148/bd6t5610907/manifest.json'
For more information check: https://developer.mozilla.org/en-US/docs/Web/HTTP/Status/403",2026-07-17T15:48:42.808195
humanite,bd6t561091k,,failed,0,0,,http_manifest,known,403,manifest,"Client error '403 ' for url 'https://openapiproext.bnf.fr/iiif/presentation/v3/ark:/12148/bd6t561091k/manifest.json'
For more information check: https://developer.mozilla.org/en-US/docs/Web/HTTP/Status/403",2026-07-17T15:48:44.004966
humanite,bd6t561092x,,failed,0,0,,http_manifest,known,403,manifest,"Client error '403 ' for url 'https://openapiproext.bnf.fr/iiif/presentation/v3/ark:/12148/bd6t561092x/manifest.json'
For more information check: https://developer.mozilla.org/en-US/docs/Web/HTTP/Status/403",2026-07-17T15:48:45.204126
humanite,bd6t5610938,,failed,0,0,,http_manifest,known,403,manifest,"Client error '403 ' for url 'https://openapiproext.bnf.fr/iiif/presentation/v3/ark:/12148/bd6t5610938/manifest.json'
For more information check: https://developer.mozilla.org/en-US/docs/Web/HTTP/Status/403",2026-07-17T15:48:46.408017
humanite,bd6t561094m,,failed,0,0,,http_manifest,known,403,manifest,"Client error '403 ' for url 'https://openapiproext.bnf.fr/iiif/presentation/v3/ark:/12148/bd6t561094m/manifest.json'
For more information check: https://developer.mozilla.org/en-US/docs/Web/HTTP/Status/403",2026-07-17T15:48:47.607213
humanite,bd6t561095z,,failed,0,0,,http_manifest,known,403,manifest,"Client error '403 ' for url 'https://openapiproext.bnf.fr/iiif/presentation/v3/ark:/12148/bd6t561095z/manifest.json'
For more information check: https://developer.mozilla.org/en-US/docs/Web/HTTP/Status/403",2026-07-17T15:48:48.807422
humanite,bd6t5610969,,failed,0,0,,http_manifest,known,403,manifest,"Client error '403 ' for url 'https://openapiproext.bnf.fr/iiif/presentation/v3/ark:/12148/bd6t5610969/manifest.json'
For more information check: https://developer.mozilla.org/en-US/docs/Web/HTTP/Status/403",2026-07-17T15:48:50.010374
humanite,bd6t561097n,,failed,0,0,,http_manifest,known,403,manifest,"Client error '403 ' for url 'https://openapiproext.bnf.fr/iiif/presentation/v3/ark:/12148/bd6t561097n/manifest.json'
For more information check: https://developer.mozilla.org/en-US/docs/Web/HTTP/Status/403",2026-07-17T15:48:51.212892
humanite,bd6t5610980,,failed,0,0,,http_manifest,known,403,manifest,"Client error '403 ' for url 'https://openapiproext.bnf.fr/iiif/presentation/v3/ark:/12148/bd6t5610980/manifest.json'
For more information check: https://developer.mozilla.org/en-US/docs/Web/HTTP/Status/403",2026-07-17T15:48:52.417227
humanite,bd6t561099b,,failed,0,0,,http_manifest,known,403,manifest,"Client error '403 ' for url 'https://openapiproext.bnf.fr/iiif/presentation/v3/ark:/12148/bd6t561099b/manifest.json'
For more information check: https://developer.mozilla.org/en-US/docs/Web/HTTP/Status/403",2026-07-17T15:48:53.640360
humanite,bd6t561100q,,failed,0,0,,http_manifest,known,403,manifest,"Client error '403 ' for url 'https://openapiproext.bnf.fr/iiif/presentation/v3/ark:/12148/bd6t561100q/manifest.json'
For more information check: https://developer.mozilla.org/en-US/docs/Web/HTTP/Status/403",2026-07-17T15:48:54.818437
humanite,bd6t5611012,,failed,0,0,,http_manifest,known,403,manifest,"Client error '403 ' for url 'https://openapiproext.bnf.fr/iiif/presentation/v3/ark:/12148/bd6t5611012/manifest.json'
For more information check: https://developer.mozilla.org/en-US/docs/Web/HTTP/Status/403",2026-07-17T15:48:56.023637
humanite,bd6t561102d,,failed,0,0,,http_manifest,known,403,manifest,"Client error '403 ' for url 'https://openapiproext.bnf.fr/iiif/presentation/v3/ark:/12148/bd6t561102d/manifest.json'
For more information check: https://developer.mozilla.org/en-US/docs/Web/HTTP/Status/403",2026-07-17T15:48:57.252549
humanite,bd6t561103r,,failed,0,0,,http_manifest,known,403,manifest,"Client error '403 ' for url 'https://openapiproext.bnf.fr/iiif/presentation/v3/ark:/12148/bd6t561103r/manifest.json'
For more information check: https://developer.mozilla.org/en-US/docs/Web/HTTP/Status/403",2026-07-17T15:48:58.422242
humanite,bd6t5611043,,failed,0,0,,http_manifest,known,403,manifest,"Client error '403 ' for url 'https://openapiproext.bnf.fr/iiif/presentation/v3/ark:/12148/bd6t5611043/manifest.json'
For more information check: https://developer.mozilla.org/en-US/docs/Web/HTTP/Status/403",2026-07-17T15:48:59.804731
humanite,bd6t561105f,,failed,0,0,,http_manifest,known,403,manifest,"Client error '403 ' for url 'https://openapiproext.bnf.fr/iiif/presentation/v3/ark:/12148/bd6t561105f/manifest.json'
For more information check: https://developer.mozilla.org/en-US/docs/Web/HTTP/Status/403",2026-07-17T15:49:00.822966
humanite,bd6t561106s,,failed,0,0,,http_manifest,known,403,manifest,"Client error '403 ' for url 'https://openapiproext.bnf.fr/iiif/presentation/v3/ark:/12148/bd6t561106s/manifest.json'
For more information check: https://developer.mozilla.org/en-US/docs/Web/HTTP/Status/403",2026-07-17T15:49:02.200117
humanite,bd6t5611074,,failed,0,0,,http_manifest,known,403,manifest,"Client error '403 ' for url 'https://openapiproext.bnf.fr/iiif/presentation/v3/ark:/12148/bd6t5611074/manifest.json'
For more information check: https://developer.mozilla.org/en-US/docs/Web/HTTP/Status/403",2026-07-17T15:49:03.226264
humanite,bd6t561108g,,failed,0,0,,http_manifest,known,403,manifest,"Client error '403 ' for url 'https://openapiproext.bnf.fr/iiif/presentation/v3/ark:/12148/bd6t561108g/manifest.json'
For more information check: https://developer.mozilla.org/en-US/docs/Web/HTTP/Status/403",2026-07-17T15:49:04.625330
humanite,bd6t561109t,,failed,0,0,,http_manifest,known,403,manifest,"Client error '403 ' for url 'https://openapiproext.bnf.fr/iiif/presentation/v3/ark:/12148/bd6t561109t/manifest.json'
For more information check: https://developer.mozilla.org/en-US/docs/Web/HTTP/Status/403",2026-07-17T15:49:05.877549
humanite,bd6t5611101,,failed,0,0,,http_manifest,known,403,manifest,"Client error '403 ' for url 'https://openapiproext.bnf.fr/iiif/presentation/v3/ark:/12148/bd6t5611101/manifest.json'
For more information check: https://developer.mozilla.org/en-US/docs/Web/HTTP/Status/403",2026-07-17T15:49:07.036488
humanite,bd6t561111c,,failed,0,0,,http_manifest,known,403,manifest,"Client error '403 ' for url 'https://openapiproext.bnf.fr/iiif/presentation/v3/ark:/12148/bd6t561111c/manifest.json'
For more information check: https://developer.mozilla.org/en-US/docs/Web/HTTP/Status/403",2026-07-17T15:49:08.034012
humanite,bd6t561112q,,failed,0,0,,http_manifest,known,403,manifest,"Client error '403 ' for url 'https://openapiproext.bnf.fr/iiif/presentation/v3/ark:/12148/bd6t561112q/manifest.json'
For more information check: https://developer.mozilla.org/en-US/docs/Web/HTTP/Status/403",2026-07-17T15:49:09.236444
humanite,bd6t5611132,,failed,0,0,,http_manifest,known,403,manifest,"Client error '403 ' for url 'https://openapiproext.bnf.fr/iiif/presentation/v3/ark:/12148/bd6t5611132/manifest.json'
For more information check: https://developer.mozilla.org/en-US/docs/Web/HTTP/Status/403",2026-07-17T15:49:10.442493
humanite,bd6t561114d,,failed,0,0,,http_manifest,known,403,manifest,"Client error '403 ' for url 'https://openapiproext.bnf.fr/iiif/presentation/v3/ark:/12148/bd6t561114d/manifest.json'
For more information check: https://developer.mozilla.org/en-US/docs/Web/HTTP/Status/403",2026-07-17T15:49:11.641831
humanite,bd6t561115r,,failed,0,0,,http_manifest,known,403,manifest,"Client error '403 ' for url 'https://openapiproext.bnf.fr/iiif/presentation/v3/ark:/12148/bd6t561115r/manifest.json'
For more information check: https://developer.mozilla.org/en-US/docs/Web/HTTP/Status/403",2026-07-17T15:49:13.018449
humanite,bd6t5611163,,failed,0,0,,http_manifest,known,403,manifest,"Client error '403 ' for url 'https://openapiproext.bnf.fr/iiif/presentation/v3/ark:/12148/bd6t5611163/manifest.json'
For more information check: https://developer.mozilla.org/en-US/docs/Web/HTTP/Status/403",2026-07-17T15:49:14.113733
humanite,bd6t561117f,,failed,0,0,,http_manifest,known,403,manifest,"Client error '403 ' for url 'https://openapiproext.bnf.fr/iiif/presentation/v3/ark:/12148/bd6t561117f/manifest.json'
For more information check: https://developer.mozilla.org/en-US/docs/Web/HTTP/Status/403",2026-07-17T15:49:15.242229
humanite,bd6t561118s,,failed,0,0,,http_manifest,known,403,manifest,"Client error '403 ' for url 'https://openapiproext.bnf.fr/iiif/presentation/v3/ark:/12148/bd6t561118s/manifest.json'
For more information check: https://developer.mozilla.org/en-US/docs/Web/HTTP/Status/403",2026-07-17T15:49:16.540966
humanite,bd6t5611194,,failed,0,0,,http_manifest,known,403,manifest,"Client error '403 ' for url 'https://openapiproext.bnf.fr/iiif/presentation/v3/ark:/12148/bd6t5611194/manifest.json'
For more information check: https://developer.mozilla.org/en-US/docs/Web/HTTP/Status/403",2026-07-17T15:49:17.834631
humanite,bd6t561120b,,failed,0,0,,http_manifest,known,403,manifest,"Client error '403 ' for url 'https://openapiproext.bnf.fr/iiif/presentation/v3/ark:/12148/bd6t561120b/manifest.json'
For more information check: https://developer.mozilla.org/en-US/docs/Web/HTTP/Status/403",2026-07-17T15:49:19.120028
humanite,bd6t561121p,,failed,0,0,,http_manifest,known,403,manifest,"Client error '403 ' for url 'https://openapiproext.bnf.fr/iiif/presentation/v3/ark:/12148/bd6t561121p/manifest.json'
For more information check: https://developer.mozilla.org/en-US/docs/Web/HTTP/Status/403",2026-07-17T15:49:20.048825
humanite,bd6t5611221,,failed,0,0,,http_manifest,known,403,manifest,"Client error '403 ' for url 'https://openapiproext.bnf.fr/iiif/presentation/v3/ark:/12148/bd6t5611221/manifest.json'
For more information check: https://developer.mozilla.org/en-US/docs/Web/HTTP/Status/403",2026-07-17T15:49:21.359694
humanite,bd6t561123c,,failed,0,0,,http_manifest,known,403,manifest,"Client error '403 ' for url 'https://openapiproext.bnf.fr/iiif/presentation/v3/ark:/12148/bd6t561123c/manifest.json'
For more information check: https://developer.mozilla.org/en-US/docs/Web/HTTP/Status/403",2026-07-17T15:49:22.450392
humanite,bd6t561124q,,failed,0,0,,http_manifest,known,403,manifest,"Client error '403 ' for url 'https://openapiproext.bnf.fr/iiif/presentation/v3/ark:/12148/bd6t561124q/manifest.json'
For more information check: https://developer.mozilla.org/en-US/docs/Web/HTTP/Status/403",2026-07-17T15:49:23.666010
humanite,bd6t5611252,,failed,0,0,,http_manifest,known,403,manifest,"Client error '403 ' for url 'https://openapiproext.bnf.fr/iiif/presentation/v3/ark:/12148/bd6t5611252/manifest.json'
For more information check: https://developer.mozilla.org/en-US/docs/Web/HTTP/Status/403",2026-07-17T15:49:24.855540
humanite,bd6t561126d,,failed,0,0,,http_manifest,known,403,manifest,"Client error '403 ' for url 'https://openapiproext.bnf.fr/iiif/presentation/v3/ark:/12148/bd6t561126d/manifest.json'
For more information check: https://developer.mozilla.org/en-US/docs/Web/HTTP/Status/403",2026-07-17T15:49:26.059943
humanite,bd6t561127r,,failed,0,0,,http_manifest,known,403,manifest,"Client error '403 ' for url 'https://openapiproext.bnf.fr/iiif/presentation/v3/ark:/12148/bd6t561127r/manifest.json'
For more information check: https://developer.mozilla.org/en-US/docs/Web/HTTP/Status/403",2026-07-17T15:49:27.254854
humanite,bd6t5611283,,failed,0,0,,http_manifest,known,403,manifest,"Client error '403 ' for url 'https://openapiproext.bnf.fr/iiif/presentation/v3/ark:/12148/bd6t5611283/manifest.json'
For more information check: https://developer.mozilla.org/en-US/docs/Web/HTTP/Status/403",2026-07-17T15:49:28.482280
humanite,bd6t561129f,,failed,0,0,,http_manifest,known,403,manifest,"Client error '403 ' for url 'https://openapiproext.bnf.fr/iiif/presentation/v3/ark:/12148/bd6t561129f/manifest.json'
For more information check: https://developer.mozilla.org/en-US/docs/Web/HTTP/Status/403",2026-07-17T15:49:29.661042
humanite,bd6t561130n,,failed,0,0,,http_manifest,known,403,manifest,"Client error '403 ' for url 'https://openapiproext.bnf.fr/iiif/presentation/v3/ark:/12148/bd6t561130n/manifest.json'
For more information check: https://developer.mozilla.org/en-US/docs/Web/HTTP/Status/403",2026-07-17T15:49:30.863981
humanite,bd6t5611310,,failed,0,0,,http_manifest,known,403,manifest,"Client error '403 ' for url 'https://openapiproext.bnf.fr/iiif/presentation/v3/ark:/12148/bd6t5611310/manifest.json'
For more information check: https://developer.mozilla.org/en-US/docs/Web/HTTP/Status/403",2026-07-17T15:49:32.066244
humanite,bd6t561132b,,failed,0,0,,http_manifest,known,403,manifest,"Client error '403 ' for url 'https://openapiproext.bnf.fr/iiif/presentation/v3/ark:/12148/bd6t561132b/manifest.json'
For more information check: https://developer.mozilla.org/en-US/docs/Web/HTTP/Status/403",2026-07-17T15:49:33.267647
humanite,bd6t561133p,,failed,0,0,,http_manifest,known,403,manifest,"Client error '403 ' for url 'https://openapiproext.bnf.fr/iiif/presentation/v3/ark:/12148/bd6t561133p/manifest.json'
For more information check: https://developer.mozilla.org/en-US/docs/Web/HTTP/Status/403",2026-07-17T15:49:34.470360
humanite,bd6t5611341,,failed,0,0,,http_manifest,known,403,manifest,"Client error '403 ' for url 'https://openapiproext.bnf.fr/iiif/presentation/v3/ark:/12148/bd6t5611341/manifest.json'
For more information check: https://developer.mozilla.org/en-US/docs/Web/HTTP/Status/403",2026-07-17T15:49:35.696995
humanite,bd6t561135c,,failed,0,0,,http_manifest,known,403,manifest,"Client error '403 ' for url 'https://openapiproext.bnf.fr/iiif/presentation/v3/ark:/12148/bd6t561135c/manifest.json'
For more information check: https://developer.mozilla.org/en-US/docs/Web/HTTP/Status/403",2026-07-17T15:49:36.872468
humanite,bd6t561136q,,failed,0,0,,http_manifest,known,403,manifest,"Client error '403 ' for url 'https://openapiproext.bnf.fr/iiif/presentation/v3/ark:/12148/bd6t561136q/manifest.json'
For more information check: https://developer.mozilla.org/en-US/docs/Web/HTTP/Status/403",2026-07-17T15:49:38.074279
humanite,bd6t5611372,,failed,0,0,,http_manifest,known,403,manifest,"Client error '403 ' for url 'https://openapiproext.bnf.fr/iiif/presentation/v3/ark:/12148/bd6t5611372/manifest.json'
For more information check: https://developer.mozilla.org/en-US/docs/Web/HTTP/Status/403",2026-07-17T15:49:39.279525
humanite,bd6t561138d,,failed,0,0,,http_manifest,known,403,manifest,"Client error '403 ' for url 'https://openapiproext.bnf.fr/iiif/presentation/v3/ark:/12148/bd6t561138d/manifest.json'
For more information check: https://developer.mozilla.org/en-US/docs/Web/HTTP/Status/403",2026-07-17T15:49:40.476166
humanite,bd6t561139r,,failed,0,0,,http_manifest,known,403,manifest,"Client error '403 ' for url 'https://openapiproext.bnf.fr/iiif/presentation/v3/ark:/12148/bd6t561139r/manifest.json'
For more information check: https://developer.mozilla.org/en-US/docs/Web/HTTP/Status/403",2026-07-17T15:49:41.676203
humanite,bd6t561140z,,failed,0,0,,http_manifest,known,403,manifest,"Client error '403 ' for url 'https://openapiproext.bnf.fr/iiif/presentation/v3/ark:/12148/bd6t561140z/manifest.json'
For more information check: https://developer.mozilla.org/en-US/docs/Web/HTTP/Status/403",2026-07-17T15:49:42.879717
humanite,bd6t5611419,,failed,0,0,,http_manifest,known,403,manifest,"Client error '403 ' for url 'https://openapiproext.bnf.fr/iiif/presentation/v3/ark:/12148/bd6t5611419/manifest.json'
For more information check: https://developer.mozilla.org/en-US/docs/Web/HTTP/Status/403",2026-07-17T15:49:44.081976
humanite,bd6t561142n,,failed,0,0,,http_manifest,known,403,manifest,"Client error '403 ' for url 'https://openapiproext.bnf.fr/iiif/presentation/v3/ark:/12148/bd6t561142n/manifest.json'
For more information check: https://developer.mozilla.org/en-US/docs/Web/HTTP/Status/403",2026-07-17T15:49:45.283824
humanite,bd6t5611430,,failed,0,0,,http_manifest,known,403,manifest,"Client error '403 ' for url 'https://openapiproext.bnf.fr/iiif/presentation/v3/ark:/12148/bd6t5611430/manifest.json'
For more information check: https://developer.mozilla.org/en-US/docs/Web/HTTP/Status/403",2026-07-17T15:49:46.487661
humanite,bd6t561144b,,failed,0,0,,http_manifest,known,403,manifest,"Client error '403 ' for url 'https://openapiproext.bnf.fr/iiif/presentation/v3/ark:/12148/bd6t561144b/manifest.json'
For more information check: https://developer.mozilla.org/en-US/docs/Web/HTTP/Status/403",2026-07-17T15:49:47.686695
humanite,bd6t561145p,,failed,0,0,,http_manifest,known,403,manifest,"Client error '403 ' for url 'https://openapiproext.bnf.fr/iiif/presentation/v3/ark:/12148/bd6t561145p/manifest.json'
For more information check: https://developer.mozilla.org/en-US/docs/Web/HTTP/Status/403",2026-07-17T15:49:48.885933
humanite,bd6t5611461,,failed,0,0,,http_manifest,known,403,manifest,"Client error '403 ' for url 'https://openapiproext.bnf.fr/iiif/presentation/v3/ark:/12148/bd6t5611461/manifest.json'
For more information check: https://developer.mozilla.org/en-US/docs/Web/HTTP/Status/403",2026-07-17T15:49:50.087695
humanite,bd6t561147c,,failed,0,0,,http_manifest,known,403,manifest,"Client error '403 ' for url 'https://openapiproext.bnf.fr/iiif/presentation/v3/ark:/12148/bd6t561147c/manifest.json'
For more information check: https://developer.mozilla.org/en-US/docs/Web/HTTP/Status/403",2026-07-17T15:49:51.291464
humanite,bd6t561148q,,failed,0,0,,http_manifest,known,403,manifest,"Client error '403 ' for url 'https://openapiproext.bnf.fr/iiif/presentation/v3/ark:/12148/bd6t561148q/manifest.json'
For more information check: https://developer.mozilla.org/en-US/docs/Web/HTTP/Status/403",2026-07-17T15:49:52.490877
humanite,bd6t5611492,,failed,0,0,,http_manifest,known,403,manifest,"Client error '403 ' for url 'https://openapiproext.bnf.fr/iiif/presentation/v3/ark:/12148/bd6t5611492/manifest.json'
For more information check: https://developer.mozilla.org/en-US/docs/Web/HTTP/Status/403",2026-07-17T15:49:53.718681
humanite,bd6t5611508,,failed,0,0,,http_manifest,known,403,manifest,"Client error '403 ' for url 'https://openapiproext.bnf.fr/iiif/presentation/v3/ark:/12148/bd6t5611508/manifest.json'
For more information check: https://developer.mozilla.org/en-US/docs/Web/HTTP/Status/403",2026-07-17T15:49:54.895500
humanite,bd6t561151m,,failed,0,0,,http_manifest,known,403,manifest,"Client error '403 ' for url 'https://openapiproext.bnf.fr/iiif/presentation/v3/ark:/12148/bd6t561151m/manifest.json'
For more information check: https://developer.mozilla.org/en-US/docs/Web/HTTP/Status/403",2026-07-17T15:49:56.095923
humanite,bd6t561152z,,failed,0,0,,http_manifest,known,403,manifest,"Client error '403 ' for url 'https://openapiproext.bnf.fr/iiif/presentation/v3/ark:/12148/bd6t561152z/manifest.json'
For more information check: https://developer.mozilla.org/en-US/docs/Web/HTTP/Status/403",2026-07-17T15:49:57.299351
humanite,bd6t5611539,,failed,0,0,,http_manifest,known,403,manifest,"Client error '403 ' for url 'https://openapiproext.bnf.fr/iiif/presentation/v3/ark:/12148/bd6t5611539/manifest.json'
For more information check: https://developer.mozilla.org/en-US/docs/Web/HTTP/Status/403",2026-07-17T15:49:58.498093
humanite,bd6t561154n,,failed,0,0,,http_manifest,known,403,manifest,"Client error '403 ' for url 'https://openapiproext.bnf.fr/iiif/presentation/v3/ark:/12148/bd6t561154n/manifest.json'
For more information check: https://developer.mozilla.org/en-US/docs/Web/HTTP/Status/403",2026-07-17T15:49:59.721294
humanite,bd6t5611550,,failed,0,0,,http_manifest,known,403,manifest,"Client error '403 ' for url 'https://openapiproext.bnf.fr/iiif/presentation/v3/ark:/12148/bd6t5611550/manifest.json'
For more information check: https://developer.mozilla.org/en-US/docs/Web/HTTP/Status/403",2026-07-17T15:50:00.902651
humanite,bd6t561156b,,failed,0,0,,http_manifest,known,403,manifest,"Client error '403 ' for url 'https://openapiproext.bnf.fr/iiif/presentation/v3/ark:/12148/bd6t561156b/manifest.json'
For more information check: https://developer.mozilla.org/en-US/docs/Web/HTTP/Status/403",2026-07-17T15:50:02.183611
humanite,bd6t561157p,,failed,0,0,,http_manifest,known,403,manifest,"Client error '403 ' for url 'https://openapiproext.bnf.fr/iiif/presentation/v3/ark:/12148/bd6t561157p/manifest.json'
For more information check: https://developer.mozilla.org/en-US/docs/Web/HTTP/Status/403",2026-07-17T15:50:03.304441
humanite,bd6t5611581,,failed,0,0,,http_manifest,known,403,manifest,"Client error '403 ' for url 'https://openapiproext.bnf.fr/iiif/presentation/v3/ark:/12148/bd6t5611581/manifest.json'
For more information check: https://developer.mozilla.org/en-US/docs/Web/HTTP/Status/403",2026-07-17T15:50:04.505598
humanite,bd6t561159c,,failed,0,0,,http_manifest,known,403,manifest,"Client error '403 ' for url 'https://openapiproext.bnf.fr/iiif/presentation/v3/ark:/12148/bd6t561159c/manifest.json'
For more information check: https://developer.mozilla.org/en-US/docs/Web/HTTP/Status/403",2026-07-17T15:50:05.732287
humanite,bd6t561160k,,failed,0,0,,http_manifest,known,403,manifest,"Client error '403 ' for url 'https://openapiproext.bnf.fr/iiif/presentation/v3/ark:/12148/bd6t561160k/manifest.json'
For more information check: https://developer.mozilla.org/en-US/docs/Web/HTTP/Status/403",2026-07-17T15:50:07.111278
humanite,bd6t561161x,,failed,0,0,,http_manifest,known,403,manifest,"Client error '403 ' for url 'https://openapiproext.bnf.fr/iiif/presentation/v3/ark:/12148/bd6t561161x/manifest.json'
For more information check: https://developer.mozilla.org/en-US/docs/Web/HTTP/Status/403",2026-07-17T15:50:08.113944
humanite,bd6t5611628,,failed,0,0,,http_manifest,known,403,manifest,"Client error '403 ' for url 'https://openapiproext.bnf.fr/iiif/presentation/v3/ark:/12148/bd6t5611628/manifest.json'
For more information check: https://developer.mozilla.org/en-US/docs/Web/HTTP/Status/403",2026-07-17T15:50:09.470742
humanite,bd6t561163m,,failed,0,0,,http_manifest,known,403,manifest,"Client error '403 ' for url 'https://openapiproext.bnf.fr/iiif/presentation/v3/ark:/12148/bd6t561163m/manifest.json'
For more information check: https://developer.mozilla.org/en-US/docs/Web/HTTP/Status/403",2026-07-17T15:50:10.634008
humanite,bd6t561164z,,failed,0,0,,http_manifest,known,403,manifest,"Client error '403 ' for url 'https://openapiproext.bnf.fr/iiif/presentation/v3/ark:/12148/bd6t561164z/manifest.json'
For more information check: https://developer.mozilla.org/en-US/docs/Web/HTTP/Status/403",2026-07-17T15:50:11.734148
humanite,bd6t5611659,,failed,0,0,,http_manifest,known,403,manifest,"Client error '403 ' for url 'https://openapiproext.bnf.fr/iiif/presentation/v3/ark:/12148/bd6t5611659/manifest.json'
For more information check: https://developer.mozilla.org/en-US/docs/Web/HTTP/Status/403",2026-07-17T15:50:12.947082
humanite,bd6t561166n,,failed,0,0,,http_manifest,known,403,manifest,"Client error '403 ' for url 'https://openapiproext.bnf.fr/iiif/presentation/v3/ark:/12148/bd6t561166n/manifest.json'
For more information check: https://developer.mozilla.org/en-US/docs/Web/HTTP/Status/403",2026-07-17T15:50:14.119681
humanite,bd6t5611670,,failed,0,0,,http_manifest,known,403,manifest,"Client error '403 ' for url 'https://openapiproext.bnf.fr/iiif/presentation/v3/ark:/12148/bd6t5611670/manifest.json'
For more information check: https://developer.mozilla.org/en-US/docs/Web/HTTP/Status/403",2026-07-17T15:50:15.564299
humanite,bd6t561168b,,failed,0,0,,http_manifest,known,403,manifest,"Client error '403 ' for url 'https://openapiproext.bnf.fr/iiif/presentation/v3/ark:/12148/bd6t561168b/manifest.json'
For more information check: https://developer.mozilla.org/en-US/docs/Web/HTTP/Status/403",2026-07-17T15:50:16.729256
humanite,bd6t561169p,,failed,0,0,,http_manifest,known,403,manifest,"Client error '403 ' for url 'https://openapiproext.bnf.fr/iiif/presentation/v3/ark:/12148/bd6t561169p/manifest.json'
For more information check: https://developer.mozilla.org/en-US/docs/Web/HTTP/Status/403",2026-07-17T15:50:17.794898
humanite,bd6t561170w,,failed,0,0,,http_manifest,known,403,manifest,"Client error '403 ' for url 'https://openapiproext.bnf.fr/iiif/presentation/v3/ark:/12148/bd6t561170w/manifest.json'
For more information check: https://developer.mozilla.org/en-US/docs/Web/HTTP/Status/403",2026-07-17T15:50:18.925607
humanite,bd6t5611717,,failed,0,0,,http_manifest,known,403,manifest,"Client error '403 ' for url 'https://openapiproext.bnf.fr/iiif/presentation/v3/ark:/12148/bd6t5611717/manifest.json'
For more information check: https://developer.mozilla.org/en-US/docs/Web/HTTP/Status/403",2026-07-17T15:50:20.250284
humanite,bd6t561172k,,failed,0,0,,http_manifest,known,403,manifest,"Client error '403 ' for url 'https://openapiproext.bnf.fr/iiif/presentation/v3/ark:/12148/bd6t561172k/manifest.json'
For more information check: https://developer.mozilla.org/en-US/docs/Web/HTTP/Status/403",2026-07-17T15:50:21.323983
humanite,bd6t561173x,,failed,0,0,,http_manifest,known,403,manifest,"Client error '403 ' for url 'https://openapiproext.bnf.fr/iiif/presentation/v3/ark:/12148/bd6t561173x/manifest.json'
For more information check: https://developer.mozilla.org/en-US/docs/Web/HTTP/Status/403",2026-07-17T15:50:22.526651
humanite,bd6t5611748,,failed,0,0,,http_manifest,known,403,manifest,"Client error '403 ' for url 'https://openapiproext.bnf.fr/iiif/presentation/v3/ark:/12148/bd6t5611748/manifest.json'
For more information check: https://developer.mozilla.org/en-US/docs/Web/HTTP/Status/403",2026-07-17T15:50:23.725237
humanite,bd6t561175m,,failed,0,0,,http_manifest,known,403,manifest,"Client error '403 ' for url 'https://openapiproext.bnf.fr/iiif/presentation/v3/ark:/12148/bd6t561175m/manifest.json'
For more information check: https://developer.mozilla.org/en-US/docs/Web/HTTP/Status/403",2026-07-17T15:50:24.927365
humanite,bd6t561176z,,failed,0,0,,http_manifest,known,403,manifest,"Client error '403 ' for url 'https://openapiproext.bnf.fr/iiif/presentation/v3/ark:/12148/bd6t561176z/manifest.json'
For more information check: https://developer.mozilla.org/en-US/docs/Web/HTTP/Status/403",2026-07-17T15:50:26.129194
humanite,bd6t5611779,,failed,0,0,,http_manifest,known,403,manifest,"Client error '403 ' for url 'https://openapiproext.bnf.fr/iiif/presentation/v3/ark:/12148/bd6t5611779/manifest.json'
For more information check: https://developer.mozilla.org/en-US/docs/Web/HTTP/Status/403",2026-07-17T15:50:27.330390
humanite,bd6t561178n,,failed,0,0,,http_manifest,known,403,manifest,"Client error '403 ' for url 'https://openapiproext.bnf.fr/iiif/presentation/v3/ark:/12148/bd6t561178n/manifest.json'
For more information check: https://developer.mozilla.org/en-US/docs/Web/HTTP/Status/403",2026-07-17T15:50:28.531942
humanite,bd6t5611790,,failed,0,0,,http_manifest,known,403,manifest,"Client error '403 ' for url 'https://openapiproext.bnf.fr/iiif/presentation/v3/ark:/12148/bd6t5611790/manifest.json'
For more information check: https://developer.mozilla.org/en-US/docs/Web/HTTP/Status/403",2026-07-17T15:50:29.761643
humanite,bd6t5611806,,failed,0,0,,http_manifest,known,403,manifest,"Client error '403 ' for url 'https://openapiproext.bnf.fr/iiif/presentation/v3/ark:/12148/bd6t5611806/manifest.json'
For more information check: https://developer.mozilla.org/en-US/docs/Web/HTTP/Status/403",2026-07-17T15:50:30.938492
humanite,bd6t561181j,,failed,0,0,,http_manifest,known,403,manifest,"Client error '403 ' for url 'https://openapiproext.bnf.fr/iiif/presentation/v3/ark:/12148/bd6t561181j/manifest.json'
For more information check: https://developer.mozilla.org/en-US/docs/Web/HTTP/Status/403",2026-07-17T15:50:32.141630
humanite,bd6t561182w,,failed,0,0,,http_manifest,known,403,manifest,"Client error '403 ' for url 'https://openapiproext.bnf.fr/iiif/presentation/v3/ark:/12148/bd6t561182w/manifest.json'
For more information check: https://developer.mozilla.org/en-US/docs/Web/HTTP/Status/403",2026-07-17T15:50:33.342910
humanite,bd6t5611837,,failed,0,0,,http_manifest,known,403,manifest,"Client error '403 ' for url 'https://openapiproext.bnf.fr/iiif/presentation/v3/ark:/12148/bd6t5611837/manifest.json'
For more information check: https://developer.mozilla.org/en-US/docs/Web/HTTP/Status/403",2026-07-17T15:50:34.540416
humanite,bd6t561184k,,failed,0,0,,http_manifest,known,403,manifest,"Client error '403 ' for url 'https://openapiproext.bnf.fr/iiif/presentation/v3/ark:/12148/bd6t561184k/manifest.json'
For more information check: https://developer.mozilla.org/en-US/docs/Web/HTTP/Status/403",2026-07-17T15:50:35.772320
humanite,bd6t561185x,,failed,0,0,,http_manifest,known,403,manifest,"Client error '403 ' for url 'https://openapiproext.bnf.fr/iiif/presentation/v3/ark:/12148/bd6t561185x/manifest.json'
For more information check: https://developer.mozilla.org/en-US/docs/Web/HTTP/Status/403",2026-07-17T15:50:36.944008
humanite,bd6t5611868,,failed,0,0,,http_manifest,known,403,manifest,"Client error '403 ' for url 'https://openapiproext.bnf.fr/iiif/presentation/v3/ark:/12148/bd6t5611868/manifest.json'
For more information check: https://developer.mozilla.org/en-US/docs/Web/HTTP/Status/403",2026-07-17T15:50:38.145465
humanite,bd6t561187m,,failed,0,0,,http_manifest,known,403,manifest,"Client error '403 ' for url 'https://openapiproext.bnf.fr/iiif/presentation/v3/ark:/12148/bd6t561187m/manifest.json'
For more information check: https://developer.mozilla.org/en-US/docs/Web/HTTP/Status/403",2026-07-17T15:50:39.345008
humanite,bd6t561188z,,failed,0,0,,http_manifest,known,403,manifest,"Client error '403 ' for url 'https://openapiproext.bnf.fr/iiif/presentation/v3/ark:/12148/bd6t561188z/manifest.json'
For more information check: https://developer.mozilla.org/en-US/docs/Web/HTTP/Status/403",2026-07-17T15:50:40.550928
humanite,bd6t5611899,,failed,0,0,,http_manifest,known,403,manifest,"Client error '403 ' for url 'https://openapiproext.bnf.fr/iiif/presentation/v3/ark:/12148/bd6t5611899/manifest.json'
For more information check: https://developer.mozilla.org/en-US/docs/Web/HTTP/Status/403",2026-07-17T15:50:41.752113
humanite,bd6t561190h,,failed,0,0,,http_manifest,known,403,manifest,"Client error '403 ' for url 'https://openapiproext.bnf.fr/iiif/presentation/v3/ark:/12148/bd6t561190h/manifest.json'
For more information check: https://developer.mozilla.org/en-US/docs/Web/HTTP/Status/403",2026-07-17T15:50:42.953079
humanite,bd6t561191v,,failed,0,0,,http_manifest,known,403,manifest,"Client error '403 ' for url 'https://openapiproext.bnf.fr/iiif/presentation/v3/ark:/12148/bd6t561191v/manifest.json'
For more information check: https://developer.mozilla.org/en-US/docs/Web/HTTP/Status/403",2026-07-17T15:50:44.159196
humanite,bd6t5611926,,failed,0,0,,http_manifest,known,403,manifest,"Client error '403 ' for url 'https://openapiproext.bnf.fr/iiif/presentation/v3/ark:/12148/bd6t5611926/manifest.json'
For more information check: https://developer.mozilla.org/en-US/docs/Web/HTTP/Status/403",2026-07-17T15:50:45.357121
humanite,bd6t561193j,,failed,0,0,,http_manifest,known,403,manifest,"Client error '403 ' for url 'https://openapiproext.bnf.fr/iiif/presentation/v3/ark:/12148/bd6t561193j/manifest.json'
For more information check: https://developer.mozilla.org/en-US/docs/Web/HTTP/Status/403",2026-07-17T15:50:46.556053
humanite,bd6t561194w,,failed,0,0,,http_manifest,known,403,manifest,"Client error '403 ' for url 'https://openapiproext.bnf.fr/iiif/presentation/v3/ark:/12148/bd6t561194w/manifest.json'
For more information check: https://developer.mozilla.org/en-US/docs/Web/HTTP/Status/403",2026-07-17T15:50:47.777521
humanite,bd6t5611957,,failed,0,0,,http_manifest,known,403,manifest,"Client error '403 ' for url 'https://openapiproext.bnf.fr/iiif/presentation/v3/ark:/12148/bd6t5611957/manifest.json'
For more information check: https://developer.mozilla.org/en-US/docs/Web/HTTP/Status/403",2026-07-17T15:50:48.959842
humanite,bd6t561196k,,failed,0,0,,http_manifest,known,403,manifest,"Client error '403 ' for url 'https://openapiproext.bnf.fr/iiif/presentation/v3/ark:/12148/bd6t561196k/manifest.json'
For more information check: https://developer.mozilla.org/en-US/docs/Web/HTTP/Status/403",2026-07-17T15:50:50.164753
humanite,bd6t561197x,,failed,0,0,,http_manifest,known,403,manifest,"Client error '403 ' for url 'https://openapiproext.bnf.fr/iiif/presentation/v3/ark:/12148/bd6t561197x/manifest.json'
For more information check: https://developer.mozilla.org/en-US/docs/Web/HTTP/Status/403",2026-07-17T15:50:51.362535
humanite,bd6t5611988,,failed,0,0,,http_manifest,known,403,manifest,"Client error '403 ' for url 'https://openapiproext.bnf.fr/iiif/presentation/v3/ark:/12148/bd6t5611988/manifest.json'
For more information check: https://developer.mozilla.org/en-US/docs/Web/HTTP/Status/403",2026-07-17T15:50:52.564812
humanite,bd6t561199m,,failed,0,0,,http_manifest,known,403,manifest,"Client error '403 ' for url 'https://openapiproext.bnf.fr/iiif/presentation/v3/ark:/12148/bd6t561199m/manifest.json'
For more information check: https://developer.mozilla.org/en-US/docs/Web/HTTP/Status/403",2026-07-17T15:50:53.764147
humanite,bd6t5612000,,failed,0,0,,http_manifest,known,403,manifest,"Client error '403 ' for url 'https://openapiproext.bnf.fr/iiif/presentation/v3/ark:/12148/bd6t5612000/manifest.json'
For more information check: https://developer.mozilla.org/en-US/docs/Web/HTTP/Status/403",2026-07-17T15:50:54.965491
humanite,bd6t561201b,,failed,0,0,,http_manifest,known,403,manifest,"Client error '403 ' for url 'https://openapiproext.bnf.fr/iiif/presentation/v3/ark:/12148/bd6t561201b/manifest.json'
For more information check: https://developer.mozilla.org/en-US/docs/Web/HTTP/Status/403",2026-07-17T15:50:56.165110
humanite,bd6t561202p,,failed,0,0,,http_manifest,known,403,manifest,"Client error '403 ' for url 'https://openapiproext.bnf.fr/iiif/presentation/v3/ark:/12148/bd6t561202p/manifest.json'
For more information check: https://developer.mozilla.org/en-US/docs/Web/HTTP/Status/403",2026-07-17T15:50:57.369928
humanite,bd6t5612031,,failed,0,0,,http_manifest,known,403,manifest,"Client error '403 ' for url 'https://openapiproext.bnf.fr/iiif/presentation/v3/ark:/12148/bd6t5612031/manifest.json'
For more information check: https://developer.mozilla.org/en-US/docs/Web/HTTP/Status/403",2026-07-17T15:50:58.715925
humanite,bd6t561204c,,failed,0,0,,http_manifest,known,403,manifest,"Client error '403 ' for url 'https://openapiproext.bnf.fr/iiif/presentation/v3/ark:/12148/bd6t561204c/manifest.json'
For more information check: https://developer.mozilla.org/en-US/docs/Web/HTTP/Status/403",2026-07-17T15:50:59.931155
humanite,bd6t561205q,,failed,0,0,,http_manifest,known,403,manifest,"Client error '403 ' for url 'https://openapiproext.bnf.fr/iiif/presentation/v3/ark:/12148/bd6t561205q/manifest.json'
For more information check: https://developer.mozilla.org/en-US/docs/Web/HTTP/Status/403",2026-07-17T15:51:01.220629
humanite,bd6t5612062,,failed,0,0,,http_manifest,known,403,manifest,"Client error '403 ' for url 'https://openapiproext.bnf.fr/iiif/presentation/v3/ark:/12148/bd6t5612062/manifest.json'
For more information check: https://developer.mozilla.org/en-US/docs/Web/HTTP/Status/403",2026-07-17T15:51:02.333512
humanite,bd6t561207d,,failed,0,0,,http_manifest,known,403,manifest,"Client error '403 ' for url 'https://openapiproext.bnf.fr/iiif/presentation/v3/ark:/12148/bd6t561207d/manifest.json'
For more information check: https://developer.mozilla.org/en-US/docs/Web/HTTP/Status/403",2026-07-17T15:51:03.379940
humanite,bd6t561208r,,failed,0,0,,http_manifest,known,403,manifest,"Client error '403 ' for url 'https://openapiproext.bnf.fr/iiif/presentation/v3/ark:/12148/bd6t561208r/manifest.json'
For more information check: https://developer.mozilla.org/en-US/docs/Web/HTTP/Status/403",2026-07-17T15:51:04.773456
humanite,bd6t5612093,,failed,0,0,,http_manifest,known,403,manifest,"Client error '403 ' for url 'https://openapiproext.bnf.fr/iiif/presentation/v3/ark:/12148/bd6t5612093/manifest.json'
For more information check: https://developer.mozilla.org/en-US/docs/Web/HTTP/Status/403",2026-07-17T15:51:06.088626
humanite,bd6t5612109,,failed,0,0,,http_manifest,known,403,manifest,"Client error '403 ' for url 'https://openapiproext.bnf.fr/iiif/presentation/v3/ark:/12148/bd6t5612109/manifest.json'
For more information check: https://developer.mozilla.org/en-US/docs/Web/HTTP/Status/403",2026-07-17T15:51:07.043533
humanite,bd6t561211n,,failed,0,0,,http_manifest,known,403,manifest,"Client error '403 ' for url 'https://openapiproext.bnf.fr/iiif/presentation/v3/ark:/12148/bd6t561211n/manifest.json'
For more information check: https://developer.mozilla.org/en-US/docs/Web/HTTP/Status/403",2026-07-17T15:51:08.183735
humanite,bd6t5612120,,failed,0,0,,http_manifest,known,403,manifest,"Client error '403 ' for url 'https://openapiproext.bnf.fr/iiif/presentation/v3/ark:/12148/bd6t5612120/manifest.json'
For more information check: https://developer.mozilla.org/en-US/docs/Web/HTTP/Status/403",2026-07-17T15:51:09.380710
humanite,bd6t561213b,,failed,0,0,,http_manifest,known,403,manifest,"Client error '403 ' for url 'https://openapiproext.bnf.fr/iiif/presentation/v3/ark:/12148/bd6t561213b/manifest.json'
For more information check: https://developer.mozilla.org/en-US/docs/Web/HTTP/Status/403",2026-07-17T15:51:10.581906
humanite,bd6t561214p,,failed,0,0,,http_manifest,known,403,manifest,"Client error '403 ' for url 'https://openapiproext.bnf.fr/iiif/presentation/v3/ark:/12148/bd6t561214p/manifest.json'
For more information check: https://developer.mozilla.org/en-US/docs/Web/HTTP/Status/403",2026-07-17T15:51:11.789852
humanite,bd6t5612151,,failed,0,0,,http_manifest,known,403,manifest,"Client error '403 ' for url 'https://openapiproext.bnf.fr/iiif/presentation/v3/ark:/12148/bd6t5612151/manifest.json'
For more information check: https://developer.mozilla.org/en-US/docs/Web/HTTP/Status/403",2026-07-17T15:51:12.986366
humanite,bd6t561216c,,failed,0,0,,http_manifest,known,403,manifest,"Client error '403 ' for url 'https://openapiproext.bnf.fr/iiif/presentation/v3/ark:/12148/bd6t561216c/manifest.json'
For more information check: https://developer.mozilla.org/en-US/docs/Web/HTTP/Status/403",2026-07-17T15:51:14.190988
humanite,bd6t561217q,,failed,0,0,,http_manifest,known,403,manifest,"Client error '403 ' for url 'https://openapiproext.bnf.fr/iiif/presentation/v3/ark:/12148/bd6t561217q/manifest.json'
For more information check: https://developer.mozilla.org/en-US/docs/Web/HTTP/Status/403",2026-07-17T15:51:15.391556
humanite,bd6t5612182,,failed,0,0,,http_manifest,known,403,manifest,"Client error '403 ' for url 'https://openapiproext.bnf.fr/iiif/presentation/v3/ark:/12148/bd6t5612182/manifest.json'
For more information check: https://developer.mozilla.org/en-US/docs/Web/HTTP/Status/403",2026-07-17T15:51:16.596942
humanite,bd6t561219d,,failed,0,0,,http_manifest,known,403,manifest,"Client error '403 ' for url 'https://openapiproext.bnf.fr/iiif/presentation/v3/ark:/12148/bd6t561219d/manifest.json'
For more information check: https://developer.mozilla.org/en-US/docs/Web/HTTP/Status/403",2026-07-17T15:51:17.819627
humanite,bd6t561220m,,failed,0,0,,http_manifest,known,403,manifest,"Client error '403 ' for url 'https://openapiproext.bnf.fr/iiif/presentation/v3/ark:/12148/bd6t561220m/manifest.json'
For more information check: https://developer.mozilla.org/en-US/docs/Web/HTTP/Status/403",2026-07-17T15:51:18.990970
humanite,bd6t561221z,,failed,0,0,,http_manifest,known,403,manifest,"Client error '403 ' for url 'https://openapiproext.bnf.fr/iiif/presentation/v3/ark:/12148/bd6t561221z/manifest.json'
For more information check: https://developer.mozilla.org/en-US/docs/Web/HTTP/Status/403",2026-07-17T15:51:20.191644
humanite,bd6t5612229,,failed,0,0,,http_manifest,known,403,manifest,"Client error '403 ' for url 'https://openapiproext.bnf.fr/iiif/presentation/v3/ark:/12148/bd6t5612229/manifest.json'
For more information check: https://developer.mozilla.org/en-US/docs/Web/HTTP/Status/403",2026-07-17T15:51:21.397165
humanite,bd6t561223n,,failed,0,0,,http_manifest,known,403,manifest,"Client error '403 ' for url 'https://openapiproext.bnf.fr/iiif/presentation/v3/ark:/12148/bd6t561223n/manifest.json'
For more information check: https://developer.mozilla.org/en-US/docs/Web/HTTP/Status/403",2026-07-17T15:51:22.599753
humanite,bd6t5612240,,failed,0,0,,http_manifest,known,403,manifest,"Client error '403 ' for url 'https://openapiproext.bnf.fr/iiif/presentation/v3/ark:/12148/bd6t5612240/manifest.json'
For more information check: https://developer.mozilla.org/en-US/docs/Web/HTTP/Status/403",2026-07-17T15:51:23.800771
humanite,bd6t561225b,,failed,0,0,,http_manifest,known,403,manifest,"Client error '403 ' for url 'https://openapiproext.bnf.fr/iiif/presentation/v3/ark:/12148/bd6t561225b/manifest.json'
For more information check: https://developer.mozilla.org/en-US/docs/Web/HTTP/Status/403",2026-07-17T15:51:24.997154
humanite,bd6t561226p,,failed,0,0,,http_manifest,known,403,manifest,"Client error '403 ' for url 'https://openapiproext.bnf.fr/iiif/presentation/v3/ark:/12148/bd6t561226p/manifest.json'
For more information check: https://developer.mozilla.org/en-US/docs/Web/HTTP/Status/403",2026-07-17T15:51:26.202637
humanite,bd6t5612271,,failed,0,0,,http_manifest,known,403,manifest,"Client error '403 ' for url 'https://openapiproext.bnf.fr/iiif/presentation/v3/ark:/12148/bd6t5612271/manifest.json'
For more information check: https://developer.mozilla.org/en-US/docs/Web/HTTP/Status/403",2026-07-17T15:51:27.405419
humanite,bd6t561228c,,failed,0,0,,http_manifest,known,403,manifest,"Client error '403 ' for url 'https://openapiproext.bnf.fr/iiif/presentation/v3/ark:/12148/bd6t561228c/manifest.json'
For more information check: https://developer.mozilla.org/en-US/docs/Web/HTTP/Status/403",2026-07-17T15:51:28.605651
humanite,bd6t561229q,,failed,0,0,,http_manifest,known,403,manifest,"Client error '403 ' for url 'https://openapiproext.bnf.fr/iiif/presentation/v3/ark:/12148/bd6t561229q/manifest.json'
For more information check: https://developer.mozilla.org/en-US/docs/Web/HTTP/Status/403",2026-07-17T15:51:29.843525
humanite,bd6t561230x,,failed,0,0,,http_manifest,known,403,manifest,"Client error '403 ' for url 'https://openapiproext.bnf.fr/iiif/presentation/v3/ark:/12148/bd6t561230x/manifest.json'
For more information check: https://developer.mozilla.org/en-US/docs/Web/HTTP/Status/403",2026-07-17T15:51:31.010466
humanite,bd6t5612318,,failed,0,0,,http_manifest,known,403,manifest,"Client error '403 ' for url 'https://openapiproext.bnf.fr/iiif/presentation/v3/ark:/12148/bd6t5612318/manifest.json'
For more information check: https://developer.mozilla.org/en-US/docs/Web/HTTP/Status/403",2026-07-17T15:51:32.206421
humanite,bd6t561232m,,failed,0,0,,http_manifest,known,403,manifest,"Client error '403 ' for url 'https://openapiproext.bnf.fr/iiif/presentation/v3/ark:/12148/bd6t561232m/manifest.json'
For more information check: https://developer.mozilla.org/en-US/docs/Web/HTTP/Status/403",2026-07-17T15:51:33.415192
humanite,bd6t561233z,,failed,0,0,,http_manifest,known,403,manifest,"Client error '403 ' for url 'https://openapiproext.bnf.fr/iiif/presentation/v3/ark:/12148/bd6t561233z/manifest.json'
For more information check: https://developer.mozilla.org/en-US/docs/Web/HTTP/Status/403",2026-07-17T15:51:34.617537
humanite,bd6t5612349,,failed,0,0,,http_manifest,known,403,manifest,"Client error '403 ' for url 'https://openapiproext.bnf.fr/iiif/presentation/v3/ark:/12148/bd6t5612349/manifest.json'
For more information check: https://developer.mozilla.org/en-US/docs/Web/HTTP/Status/403",2026-07-17T15:51:35.842933
humanite,bd6t561235n,,failed,0,0,,http_manifest,known,403,manifest,"Client error '403 ' for url 'https://openapiproext.bnf.fr/iiif/presentation/v3/ark:/12148/bd6t561235n/manifest.json'
For more information check: https://developer.mozilla.org/en-US/docs/Web/HTTP/Status/403",2026-07-17T15:51:37.013472
humanite,bd6t5612360,,failed,0,0,,http_manifest,known,403,manifest,"Client error '403 ' for url 'https://openapiproext.bnf.fr/iiif/presentation/v3/ark:/12148/bd6t5612360/manifest.json'
For more information check: https://developer.mozilla.org/en-US/docs/Web/HTTP/Status/403",2026-07-17T15:51:38.220115
humanite,bd6t561237b,,failed,0,0,,http_manifest,known,403,manifest,"Client error '403 ' for url 'https://openapiproext.bnf.fr/iiif/presentation/v3/ark:/12148/bd6t561237b/manifest.json'
For more information check: https://developer.mozilla.org/en-US/docs/Web/HTTP/Status/403",2026-07-17T15:51:39.424056
humanite,bd6t561238p,,failed,0,0,,http_manifest,known,403,manifest,"Client error '403 ' for url 'https://openapiproext.bnf.fr/iiif/presentation/v3/ark:/12148/bd6t561238p/manifest.json'
For more information check: https://developer.mozilla.org/en-US/docs/Web/HTTP/Status/403",2026-07-17T15:51:40.622590
humanite,bd6t5612391,,failed,0,0,,http_manifest,known,403,manifest,"Client error '403 ' for url 'https://openapiproext.bnf.fr/iiif/presentation/v3/ark:/12148/bd6t5612391/manifest.json'
For more information check: https://developer.mozilla.org/en-US/docs/Web/HTTP/Status/403",2026-07-17T15:51:41.825847
humanite,bd6t5612407,,failed,0,0,,http_manifest,known,403,manifest,"Client error '403 ' for url 'https://openapiproext.bnf.fr/iiif/presentation/v3/ark:/12148/bd6t5612407/manifest.json'
For more information check: https://developer.mozilla.org/en-US/docs/Web/HTTP/Status/403",2026-07-17T15:51:43.030323
humanite,bd6t561241k,,failed,0,0,,http_manifest,known,403,manifest,"Client error '403 ' for url 'https://openapiproext.bnf.fr/iiif/presentation/v3/ark:/12148/bd6t561241k/manifest.json'
For more information check: https://developer.mozilla.org/en-US/docs/Web/HTTP/Status/403",2026-07-17T15:51:44.228826
humanite,bd6t561242x,,failed,0,0,,http_manifest,known,403,manifest,"Client error '403 ' for url 'https://openapiproext.bnf.fr/iiif/presentation/v3/ark:/12148/bd6t561242x/manifest.json'
For more information check: https://developer.mozilla.org/en-US/docs/Web/HTTP/Status/403",2026-07-17T15:51:45.430702
humanite,bd6t5612438,,failed,0,0,,http_manifest,known,403,manifest,"Client error '403 ' for url 'https://openapiproext.bnf.fr/iiif/presentation/v3/ark:/12148/bd6t5612438/manifest.json'
For more information check: https://developer.mozilla.org/en-US/docs/Web/HTTP/Status/403",2026-07-17T15:51:46.630276
humanite,bd6t561244m,,failed,0,0,,http_manifest,known,403,manifest,"Client error '403 ' for url 'https://openapiproext.bnf.fr/iiif/presentation/v3/ark:/12148/bd6t561244m/manifest.json'
For more information check: https://developer.mozilla.org/en-US/docs/Web/HTTP/Status/403",2026-07-17T15:51:47.867842
humanite,bd6t561245z,,failed,0,0,,http_manifest,known,403,manifest,"Client error '403 ' for url 'https://openapiproext.bnf.fr/iiif/presentation/v3/ark:/12148/bd6t561245z/manifest.json'
For more information check: https://developer.mozilla.org/en-US/docs/Web/HTTP/Status/403",2026-07-17T15:51:49.034427
humanite,bd6t5612469,,failed,0,0,,http_manifest,known,403,manifest,"Client error '403 ' for url 'https://openapiproext.bnf.fr/iiif/presentation/v3/ark:/12148/bd6t5612469/manifest.json'
For more information check: https://developer.mozilla.org/en-US/docs/Web/HTTP/Status/403",2026-07-17T15:51:50.238733
humanite,bd6t561247n,,failed,0,0,,http_manifest,known,403,manifest,"Client error '403 ' for url 'https://openapiproext.bnf.fr/iiif/presentation/v3/ark:/12148/bd6t561247n/manifest.json'
For more information check: https://developer.mozilla.org/en-US/docs/Web/HTTP/Status/403",2026-07-17T15:51:51.440669
humanite,bd6t5612480,,failed,0,0,,http_manifest,known,403,manifest,"Client error '403 ' for url 'https://openapiproext.bnf.fr/iiif/presentation/v3/ark:/12148/bd6t5612480/manifest.json'
For more information check: https://developer.mozilla.org/en-US/docs/Web/HTTP/Status/403",2026-07-17T15:51:52.640606
humanite,bd6t561249b,,failed,0,0,,http_manifest,known,403,manifest,"Client error '403 ' for url 'https://openapiproext.bnf.fr/iiif/presentation/v3/ark:/12148/bd6t561249b/manifest.json'
For more information check: https://developer.mozilla.org/en-US/docs/Web/HTTP/Status/403",2026-07-17T15:51:53.843708
humanite,bd6t561250j,,failed,0,0,,http_manifest,known,403,manifest,"Client error '403 ' for url 'https://openapiproext.bnf.fr/iiif/presentation/v3/ark:/12148/bd6t561250j/manifest.json'
For more information check: https://developer.mozilla.org/en-US/docs/Web/HTTP/Status/403",2026-07-17T15:51:55.045906
humanite,bd6t561251w,,failed,0,0,,http_manifest,known,403,manifest,"Client error '403 ' for url 'https://openapiproext.bnf.fr/iiif/presentation/v3/ark:/12148/bd6t561251w/manifest.json'
For more information check: https://developer.mozilla.org/en-US/docs/Web/HTTP/Status/403",2026-07-17T15:51:56.245357
humanite,bd6t5612527,,failed,0,0,,http_manifest,known,403,manifest,"Client error '403 ' for url 'https://openapiproext.bnf.fr/iiif/presentation/v3/ark:/12148/bd6t5612527/manifest.json'
For more information check: https://developer.mozilla.org/en-US/docs/Web/HTTP/Status/403",2026-07-17T15:51:57.445224
humanite,bd6t561253k,,failed,0,0,,http_manifest,known,403,manifest,"Client error '403 ' for url 'https://openapiproext.bnf.fr/iiif/presentation/v3/ark:/12148/bd6t561253k/manifest.json'
For more information check: https://developer.mozilla.org/en-US/docs/Web/HTTP/Status/403",2026-07-17T15:51:58.781257
humanite,bd6t561254x,,failed,0,0,,http_manifest,known,403,manifest,"Client error '403 ' for url 'https://openapiproext.bnf.fr/iiif/presentation/v3/ark:/12148/bd6t561254x/manifest.json'
For more information check: https://developer.mozilla.org/en-US/docs/Web/HTTP/Status/403",2026-07-17T15:52:00.097445
humanite,bd6t5612558,,failed,0,0,,http_manifest,known,403,manifest,"Client error '403 ' for url 'https://openapiproext.bnf.fr/iiif/presentation/v3/ark:/12148/bd6t5612558/manifest.json'
For more information check: https://developer.mozilla.org/en-US/docs/Web/HTTP/Status/403",2026-07-17T15:52:01.122129
humanite,bd6t561256m,,failed,0,0,,http_manifest,known,403,manifest,"Client error '403 ' for url 'https://openapiproext.bnf.fr/iiif/presentation/v3/ark:/12148/bd6t561256m/manifest.json'
For more information check: https://developer.mozilla.org/en-US/docs/Web/HTTP/Status/403",2026-07-17T15:52:02.474280
humanite,bd6t561257z,,failed,0,0,,http_manifest,known,403,manifest,"Client error '403 ' for url 'https://openapiproext.bnf.fr/iiif/presentation/v3/ark:/12148/bd6t561257z/manifest.json'
For more information check: https://developer.mozilla.org/en-US/docs/Web/HTTP/Status/403",2026-07-17T15:52:03.525720
humanite,bd6t5612589,,failed,0,0,,http_manifest,known,403,manifest,"Client error '403 ' for url 'https://openapiproext.bnf.fr/iiif/presentation/v3/ark:/12148/bd6t5612589/manifest.json'
For more information check: https://developer.mozilla.org/en-US/docs/Web/HTTP/Status/403",2026-07-17T15:52:04.993868
humanite,bd6t561259n,,failed,0,0,,http_manifest,known,403,manifest,"Client error '403 ' for url 'https://openapiproext.bnf.fr/iiif/presentation/v3/ark:/12148/bd6t561259n/manifest.json'
For more information check: https://developer.mozilla.org/en-US/docs/Web/HTTP/Status/403",2026-07-17T15:52:06.119449
humanite,bd6t561260v,,failed,0,0,,http_manifest,known,403,manifest,"Client error '403 ' for url 'https://openapiproext.bnf.fr/iiif/presentation/v3/ark:/12148/bd6t561260v/manifest.json'
For more information check: https://developer.mozilla.org/en-US/docs/Web/HTTP/Status/403",2026-07-17T15:52:07.095859
humanite,bd6t5612616,,failed,0,0,,http_manifest,known,403,manifest,"Client error '403 ' for url 'https://openapiproext.bnf.fr/iiif/presentation/v3/ark:/12148/bd6t5612616/manifest.json'
For more information check: https://developer.mozilla.org/en-US/docs/Web/HTTP/Status/403",2026-07-17T15:52:08.261567
humanite,bd6t561262j,,failed,0,0,,http_manifest,known,403,manifest,"Client error '403 ' for url 'https://openapiproext.bnf.fr/iiif/presentation/v3/ark:/12148/bd6t561262j/manifest.json'
For more information check: https://developer.mozilla.org/en-US/docs/Web/HTTP/Status/403",2026-07-17T15:52:09.461479
humanite,bd6t561263w,,failed,0,0,,http_manifest,known,403,manifest,"Client error '403 ' for url 'https://openapiproext.bnf.fr/iiif/presentation/v3/ark:/12148/bd6t561263w/manifest.json'
For more information check: https://developer.mozilla.org/en-US/docs/Web/HTTP/Status/403",2026-07-17T15:52:10.667509
humanite,bd6t5612647,,failed,0,0,,http_manifest,known,403,manifest,"Client error '403 ' for url 'https://openapiproext.bnf.fr/iiif/presentation/v3/ark:/12148/bd6t5612647/manifest.json'
For more information check: https://developer.mozilla.org/en-US/docs/Web/HTTP/Status/403",2026-07-17T15:52:11.867612
humanite,bd6t561265k,,failed,0,0,,http_manifest,known,403,manifest,"Client error '403 ' for url 'https://openapiproext.bnf.fr/iiif/presentation/v3/ark:/12148/bd6t561265k/manifest.json'
For more information check: https://developer.mozilla.org/en-US/docs/Web/HTTP/Status/403",2026-07-17T15:52:13.067685
humanite,bd6t561266x,,failed,0,0,,http_manifest,known,403,manifest,"Client error '403 ' for url 'https://openapiproext.bnf.fr/iiif/presentation/v3/ark:/12148/bd6t561266x/manifest.json'
For more information check: https://developer.mozilla.org/en-US/docs/Web/HTTP/Status/403",2026-07-17T15:52:14.270816
humanite,bd6t5612678,,failed,0,0,,http_manifest,known,403,manifest,"Client error '403 ' for url 'https://openapiproext.bnf.fr/iiif/presentation/v3/ark:/12148/bd6t5612678/manifest.json'
For more information check: https://developer.mozilla.org/en-US/docs/Web/HTTP/Status/403",2026-07-17T15:52:15.470879
humanite,bd6t561268m,,failed,0,0,,http_manifest,known,403,manifest,"Client error '403 ' for url 'https://openapiproext.bnf.fr/iiif/presentation/v3/ark:/12148/bd6t561268m/manifest.json'
For more information check: https://developer.mozilla.org/en-US/docs/Web/HTTP/Status/403",2026-07-17T15:52:16.678350
humanite,bd6t561269z,,failed,0,0,,http_manifest,known,403,manifest,"Client error '403 ' for url 'https://openapiproext.bnf.fr/iiif/presentation/v3/ark:/12148/bd6t561269z/manifest.json'
For more information check: https://developer.mozilla.org/en-US/docs/Web/HTTP/Status/403",2026-07-17T15:52:17.906205
humanite,bd6t5612705,,failed,0,0,,http_manifest,known,403,manifest,"Client error '403 ' for url 'https://openapiproext.bnf.fr/iiif/presentation/v3/ark:/12148/bd6t5612705/manifest.json'
For more information check: https://developer.mozilla.org/en-US/docs/Web/HTTP/Status/403",2026-07-17T15:52:19.074619
humanite,bd6t561271h,,failed,0,0,,http_manifest,known,403,manifest,"Client error '403 ' for url 'https://openapiproext.bnf.fr/iiif/presentation/v3/ark:/12148/bd6t561271h/manifest.json'
For more information check: https://developer.mozilla.org/en-US/docs/Web/HTTP/Status/403",2026-07-17T15:52:20.276747
humanite,bd6t561272v,,failed,0,0,,http_manifest,known,403,manifest,"Client error '403 ' for url 'https://openapiproext.bnf.fr/iiif/presentation/v3/ark:/12148/bd6t561272v/manifest.json'
For more information check: https://developer.mozilla.org/en-US/docs/Web/HTTP/Status/403",2026-07-17T15:52:21.477587
humanite,bd6t5612736,,failed,0,0,,http_manifest,known,403,manifest,"Client error '403 ' for url 'https://openapiproext.bnf.fr/iiif/presentation/v3/ark:/12148/bd6t5612736/manifest.json'
For more information check: https://developer.mozilla.org/en-US/docs/Web/HTTP/Status/403",2026-07-17T15:52:22.683333
humanite,bd6t561274j,,failed,0,0,,http_manifest,known,403,manifest,"Client error '403 ' for url 'https://openapiproext.bnf.fr/iiif/presentation/v3/ark:/12148/bd6t561274j/manifest.json'
For more information check: https://developer.mozilla.org/en-US/docs/Web/HTTP/Status/403",2026-07-17T15:52:23.905463
humanite,bd6t561275w,,failed,0,0,,http_manifest,known,403,manifest,"Client error '403 ' for url 'https://openapiproext.bnf.fr/iiif/presentation/v3/ark:/12148/bd6t561275w/manifest.json'
For more information check: https://developer.mozilla.org/en-US/docs/Web/HTTP/Status/403",2026-07-17T15:52:25.085293
humanite,bd6t5612767,,failed,0,0,,http_manifest,known,403,manifest,"Client error '403 ' for url 'https://openapiproext.bnf.fr/iiif/presentation/v3/ark:/12148/bd6t5612767/manifest.json'
For more information check: https://developer.mozilla.org/en-US/docs/Web/HTTP/Status/403",2026-07-17T15:52:26.281590
humanite,bd6t561277k,,failed,0,0,,http_manifest,known,403,manifest,"Client error '403 ' for url 'https://openapiproext.bnf.fr/iiif/presentation/v3/ark:/12148/bd6t561277k/manifest.json'
For more information check: https://developer.mozilla.org/en-US/docs/Web/HTTP/Status/403",2026-07-17T15:52:27.487967
humanite,bd6t561278x,,failed,0,0,,http_manifest,known,403,manifest,"Client error '403 ' for url 'https://openapiproext.bnf.fr/iiif/presentation/v3/ark:/12148/bd6t561278x/manifest.json'
For more information check: https://developer.mozilla.org/en-US/docs/Web/HTTP/Status/403",2026-07-17T15:52:28.687070
humanite,bd6t5612798,,failed,0,0,,http_manifest,known,403,manifest,"Client error '403 ' for url 'https://openapiproext.bnf.fr/iiif/presentation/v3/ark:/12148/bd6t5612798/manifest.json'
For more information check: https://developer.mozilla.org/en-US/docs/Web/HTTP/Status/403",2026-07-17T15:52:29.891227
humanite,bd6t561280g,,failed,0,0,,http_manifest,known,403,manifest,"Client error '403 ' for url 'https://openapiproext.bnf.fr/iiif/presentation/v3/ark:/12148/bd6t561280g/manifest.json'
For more information check: https://developer.mozilla.org/en-US/docs/Web/HTTP/Status/403",2026-07-17T15:52:31.088433
humanite,bd6t561281t,,failed,0,0,,http_manifest,known,403,manifest,"Client error '403 ' for url 'https://openapiproext.bnf.fr/iiif/presentation/v3/ark:/12148/bd6t561281t/manifest.json'
For more information check: https://developer.mozilla.org/en-US/docs/Web/HTTP/Status/403",2026-07-17T15:52:32.288706
humanite,bd6t5612825,,failed,0,0,,http_manifest,known,403,manifest,"Client error '403 ' for url 'https://openapiproext.bnf.fr/iiif/presentation/v3/ark:/12148/bd6t5612825/manifest.json'
For more information check: https://developer.mozilla.org/en-US/docs/Web/HTTP/Status/403",2026-07-17T15:52:33.494695
humanite,bd6t561283h,,failed,0,0,,http_manifest,known,403,manifest,"Client error '403 ' for url 'https://openapiproext.bnf.fr/iiif/presentation/v3/ark:/12148/bd6t561283h/manifest.json'
For more information check: https://developer.mozilla.org/en-US/docs/Web/HTTP/Status/403",2026-07-17T15:52:34.693105
humanite,bd6t561284v,,failed,0,0,,http_manifest,known,403,manifest,"Client error '403 ' for url 'https://openapiproext.bnf.fr/iiif/presentation/v3/ark:/12148/bd6t561284v/manifest.json'
For more information check: https://developer.mozilla.org/en-US/docs/Web/HTTP/Status/403",2026-07-17T15:52:35.900023
humanite,bd6t5612856,,failed,0,0,,http_manifest,known,403,manifest,"Client error '403 ' for url 'https://openapiproext.bnf.fr/iiif/presentation/v3/ark:/12148/bd6t5612856/manifest.json'
For more information check: https://developer.mozilla.org/en-US/docs/Web/HTTP/Status/403",2026-07-17T15:52:37.099273
humanite,bd6t561286j,,failed,0,0,,http_manifest,known,403,manifest,"Client error '403 ' for url 'https://openapiproext.bnf.fr/iiif/presentation/v3/ark:/12148/bd6t561286j/manifest.json'
For more information check: https://developer.mozilla.org/en-US/docs/Web/HTTP/Status/403",2026-07-17T15:52:38.298333
humanite,bd6t561287w,,failed,0,0,,http_manifest,known,403,manifest,"Client error '403 ' for url 'https://openapiproext.bnf.fr/iiif/presentation/v3/ark:/12148/bd6t561287w/manifest.json'
For more information check: https://developer.mozilla.org/en-US/docs/Web/HTTP/Status/403",2026-07-17T15:52:39.501559
humanite,bd6t5612887,,failed,0,0,,http_manifest,known,403,manifest,"Client error '403 ' for url 'https://openapiproext.bnf.fr/iiif/presentation/v3/ark:/12148/bd6t5612887/manifest.json'
For more information check: https://developer.mozilla.org/en-US/docs/Web/HTTP/Status/403",2026-07-17T15:52:40.702298
humanite,bd6t561289k,,failed,0,0,,http_manifest,known,403,manifest,"Client error '403 ' for url 'https://openapiproext.bnf.fr/iiif/presentation/v3/ark:/12148/bd6t561289k/manifest.json'
For more information check: https://developer.mozilla.org/en-US/docs/Web/HTTP/Status/403",2026-07-17T15:52:41.904051
humanite,bd6t561290s,,failed,0,0,,http_manifest,known,403,manifest,"Client error '403 ' for url 'https://openapiproext.bnf.fr/iiif/presentation/v3/ark:/12148/bd6t561290s/manifest.json'
For more information check: https://developer.mozilla.org/en-US/docs/Web/HTTP/Status/403",2026-07-17T15:52:43.104202
humanite,bd6t5612914,,failed,0,0,,http_manifest,known,403,manifest,"Client error '403 ' for url 'https://openapiproext.bnf.fr/iiif/presentation/v3/ark:/12148/bd6t5612914/manifest.json'
For more information check: https://developer.mozilla.org/en-US/docs/Web/HTTP/Status/403",2026-07-17T15:52:44.301037
humanite,bd6t561292g,,failed,0,0,,http_manifest,known,403,manifest,"Client error '403 ' for url 'https://openapiproext.bnf.fr/iiif/presentation/v3/ark:/12148/bd6t561292g/manifest.json'
For more information check: https://developer.mozilla.org/en-US/docs/Web/HTTP/Status/403",2026-07-17T15:52:45.776587
humanite,bd6t561293t,,failed,0,0,,http_manifest,known,403,manifest,"Client error '403 ' for url 'https://openapiproext.bnf.fr/iiif/presentation/v3/ark:/12148/bd6t561293t/manifest.json'
For more information check: https://developer.mozilla.org/en-US/docs/Web/HTTP/Status/403",2026-07-17T15:52:46.706653
humanite,bd6t5612945,,failed,0,0,,http_manifest,known,403,manifest,"Client error '403 ' for url 'https://openapiproext.bnf.fr/iiif/presentation/v3/ark:/12148/bd6t5612945/manifest.json'
For more information check: https://developer.mozilla.org/en-US/docs/Web/HTTP/Status/403",2026-07-17T15:52:47.914562
humanite,bd6t561295h,,failed,0,0,,http_manifest,known,403,manifest,"Client error '403 ' for url 'https://openapiproext.bnf.fr/iiif/presentation/v3/ark:/12148/bd6t561295h/manifest.json'
For more information check: https://developer.mozilla.org/en-US/docs/Web/HTTP/Status/403",2026-07-17T15:52:49.111250
humanite,bd6t561296v,,failed,0,0,,http_manifest,known,403,manifest,"Client error '403 ' for url 'https://openapiproext.bnf.fr/iiif/presentation/v3/ark:/12148/bd6t561296v/manifest.json'
For more information check: https://developer.mozilla.org/en-US/docs/Web/HTTP/Status/403",2026-07-17T15:52:50.312762
humanite,bd6t5612976,,failed,0,0,,http_manifest,known,403,manifest,"Client error '403 ' for url 'https://openapiproext.bnf.fr/iiif/presentation/v3/ark:/12148/bd6t5612976/manifest.json'
For more information check: https://developer.mozilla.org/en-US/docs/Web/HTTP/Status/403",2026-07-17T15:52:51.520420
humanite,bd6t561299w,,failed,0,0,,http_manifest,known,403,manifest,"Client error '403 ' for url 'https://openapiproext.bnf.fr/iiif/presentation/v3/ark:/12148/bd6t561299w/manifest.json'
For more information check: https://developer.mozilla.org/en-US/docs/Web/HTTP/Status/403",2026-07-17T15:52:52.716662
humanite,bd6t561298j,,failed,0,0,,http_manifest,known,403,manifest,"Client error '403 ' for url 'https://openapiproext.bnf.fr/iiif/presentation/v3/ark:/12148/bd6t561298j/manifest.json'
For more information check: https://developer.mozilla.org/en-US/docs/Web/HTTP/Status/403",2026-07-17T15:52:54.013706
humanite,bd6t5613008,,failed,0,0,,http_manifest,known,403,manifest,"Client error '403 ' for url 'https://openapiproext.bnf.fr/iiif/presentation/v3/ark:/12148/bd6t5613008/manifest.json'
For more information check: https://developer.mozilla.org/en-US/docs/Web/HTTP/Status/403",2026-07-17T15:52:55.122517
humanite,bd6t561301m,,failed,0,0,,http_manifest,known,403,manifest,"Client error '403 ' for url 'https://openapiproext.bnf.fr/iiif/presentation/v3/ark:/12148/bd6t561301m/manifest.json'
For more information check: https://developer.mozilla.org/en-US/docs/Web/HTTP/Status/403",2026-07-17T15:52:56.324311
humanite,bd6t5613039,,failed,0,0,,http_manifest,known,403,manifest,"Client error '403 ' for url 'https://openapiproext.bnf.fr/iiif/presentation/v3/ark:/12148/bd6t5613039/manifest.json'
For more information check: https://developer.mozilla.org/en-US/docs/Web/HTTP/Status/403",2026-07-17T15:52:57.550407
humanite,bd6t561302z,,failed,0,0,,http_manifest,known,403,manifest,"Client error '403 ' for url 'https://openapiproext.bnf.fr/iiif/presentation/v3/ark:/12148/bd6t561302z/manifest.json'
For more information check: https://developer.mozilla.org/en-US/docs/Web/HTTP/Status/403",2026-07-17T15:52:58.745604
humanite,bd6t561304n,,failed,0,0,,http_manifest,known,403,manifest,"Client error '403 ' for url 'https://openapiproext.bnf.fr/iiif/presentation/v3/ark:/12148/bd6t561304n/manifest.json'
For more information check: https://developer.mozilla.org/en-US/docs/Web/HTTP/Status/403",2026-07-17T15:52:59.935541
humanite,bd6t5613050,,failed,0,0,,http_manifest,known,403,manifest,"Client error '403 ' for url 'https://openapiproext.bnf.fr/iiif/presentation/v3/ark:/12148/bd6t5613050/manifest.json'
For more information check: https://developer.mozilla.org/en-US/docs/Web/HTTP/Status/403",2026-07-17T15:53:01.137349
humanite,bd6t561306b,,failed,0,0,,http_manifest,known,403,manifest,"Client error '403 ' for url 'https://openapiproext.bnf.fr/iiif/presentation/v3/ark:/12148/bd6t561306b/manifest.json'
For more information check: https://developer.mozilla.org/en-US/docs/Web/HTTP/Status/403",2026-07-17T15:53:02.490352
humanite,bd6t561307p,,failed,0,0,,http_manifest,known,403,manifest,"Client error '403 ' for url 'https://openapiproext.bnf.fr/iiif/presentation/v3/ark:/12148/bd6t561307p/manifest.json'
For more information check: https://developer.mozilla.org/en-US/docs/Web/HTTP/Status/403",2026-07-17T15:53:03.531255
humanite,bd6t5613081,,failed,0,0,,http_manifest,known,403,manifest,"Client error '403 ' for url 'https://openapiproext.bnf.fr/iiif/presentation/v3/ark:/12148/bd6t5613081/manifest.json'
For more information check: https://developer.mozilla.org/en-US/docs/Web/HTTP/Status/403",2026-07-17T15:53:05.025497
humanite,bd6t561309c,,failed,0,0,,http_manifest,known,403,manifest,"Client error '403 ' for url 'https://openapiproext.bnf.fr/iiif/presentation/v3/ark:/12148/bd6t561309c/manifest.json'
For more information check: https://developer.mozilla.org/en-US/docs/Web/HTTP/Status/403",2026-07-17T15:53:06.029946
humanite,bd6t561310k,,failed,0,0,,http_manifest,known,403,manifest,"Client error '403 ' for url 'https://openapiproext.bnf.fr/iiif/presentation/v3/ark:/12148/bd6t561310k/manifest.json'
For more information check: https://developer.mozilla.org/en-US/docs/Web/HTTP/Status/403",2026-07-17T15:53:07.282648
humanite,bd6t561311x,,failed,0,0,,http_manifest,known,403,manifest,"Client error '403 ' for url 'https://openapiproext.bnf.fr/iiif/presentation/v3/ark:/12148/bd6t561311x/manifest.json'
For more information check: https://developer.mozilla.org/en-US/docs/Web/HTTP/Status/403",2026-07-17T15:53:08.377977
humanite,bd6t5613128,,failed,0,0,,http_manifest,known,403,manifest,"Client error '403 ' for url 'https://openapiproext.bnf.fr/iiif/presentation/v3/ark:/12148/bd6t5613128/manifest.json'
For more information check: https://developer.mozilla.org/en-US/docs/Web/HTTP/Status/403",2026-07-17T15:53:09.682286
humanite,bd6t561313m,,failed,0,0,,http_manifest,known,403,manifest,"Client error '403 ' for url 'https://openapiproext.bnf.fr/iiif/presentation/v3/ark:/12148/bd6t561313m/manifest.json'
For more information check: https://developer.mozilla.org/en-US/docs/Web/HTTP/Status/403",2026-07-17T15:53:10.774079
humanite,bd6t561314z,,failed,0,0,,http_manifest,known,403,manifest,"Client error '403 ' for url 'https://openapiproext.bnf.fr/iiif/presentation/v3/ark:/12148/bd6t561314z/manifest.json'
For more information check: https://developer.mozilla.org/en-US/docs/Web/HTTP/Status/403",2026-07-17T15:53:11.943902
humanite,bd6t5613159,,failed,0,0,,http_manifest,known,403,manifest,"Client error '403 ' for url 'https://openapiproext.bnf.fr/iiif/presentation/v3/ark:/12148/bd6t5613159/manifest.json'
For more information check: https://developer.mozilla.org/en-US/docs/Web/HTTP/Status/403",2026-07-17T15:53:13.339357
humanite,bd6t561316n,,failed,0,0,,http_manifest,known,403,manifest,"Client error '403 ' for url 'https://openapiproext.bnf.fr/iiif/presentation/v3/ark:/12148/bd6t561316n/manifest.json'
For more information check: https://developer.mozilla.org/en-US/docs/Web/HTTP/Status/403",2026-07-17T15:53:14.525619
humanite,bd6t5613170,,failed,0,0,,http_manifest,known,403,manifest,"Client error '403 ' for url 'https://openapiproext.bnf.fr/iiif/presentation/v3/ark:/12148/bd6t5613170/manifest.json'
For more information check: https://developer.mozilla.org/en-US/docs/Web/HTTP/Status/403",2026-07-17T15:53:15.657412
humanite,bd6t561318b,,failed,0,0,,http_manifest,known,403,manifest,"Client error '403 ' for url 'https://openapiproext.bnf.fr/iiif/presentation/v3/ark:/12148/bd6t561318b/manifest.json'
For more information check: https://developer.mozilla.org/en-US/docs/Web/HTTP/Status/403",2026-07-17T15:53:16.841466
humanite,bd6t561319p,,failed,0,0,,http_manifest,known,403,manifest,"Client error '403 ' for url 'https://openapiproext.bnf.fr/iiif/presentation/v3/ark:/12148/bd6t561319p/manifest.json'
For more information check: https://developer.mozilla.org/en-US/docs/Web/HTTP/Status/403",2026-07-17T15:53:17.945175
humanite,bd6t561320w,,failed,0,0,,http_manifest,known,403,manifest,"Client error '403 ' for url 'https://openapiproext.bnf.fr/iiif/presentation/v3/ark:/12148/bd6t561320w/manifest.json'
For more information check: https://developer.mozilla.org/en-US/docs/Web/HTTP/Status/403",2026-07-17T15:53:19.149411
humanite,bd6t5613217,,failed,0,0,,http_manifest,known,403,manifest,"Client error '403 ' for url 'https://openapiproext.bnf.fr/iiif/presentation/v3/ark:/12148/bd6t5613217/manifest.json'
For more information check: https://developer.mozilla.org/en-US/docs/Web/HTTP/Status/403",2026-07-17T15:53:20.354189
humanite,bd6t561322k,,failed,0,0,,http_manifest,known,403,manifest,"Client error '403 ' for url 'https://openapiproext.bnf.fr/iiif/presentation/v3/ark:/12148/bd6t561322k/manifest.json'
For more information check: https://developer.mozilla.org/en-US/docs/Web/HTTP/Status/403",2026-07-17T15:53:21.551469
humanite,bd6t561323x,,failed,0,0,,http_manifest,known,403,manifest,"Client error '403 ' for url 'https://openapiproext.bnf.fr/iiif/presentation/v3/ark:/12148/bd6t561323x/manifest.json'
For more information check: https://developer.mozilla.org/en-US/docs/Web/HTTP/Status/403",2026-07-17T15:53:22.762462
humanite,bd6t5613248,,failed,0,0,,http_manifest,known,403,manifest,"Client error '403 ' for url 'https://openapiproext.bnf.fr/iiif/presentation/v3/ark:/12148/bd6t5613248/manifest.json'
For more information check: https://developer.mozilla.org/en-US/docs/Web/HTTP/Status/403",2026-07-17T15:53:23.956063
humanite,bd6t561325m,,failed,0,0,,http_manifest,known,403,manifest,"Client error '403 ' for url 'https://openapiproext.bnf.fr/iiif/presentation/v3/ark:/12148/bd6t561325m/manifest.json'
For more information check: https://developer.mozilla.org/en-US/docs/Web/HTTP/Status/403",2026-07-17T15:53:25.159432
humanite,bd6t561326z,,failed,0,0,,http_manifest,known,403,manifest,"Client error '403 ' for url 'https://openapiproext.bnf.fr/iiif/presentation/v3/ark:/12148/bd6t561326z/manifest.json'
For more information check: https://developer.mozilla.org/en-US/docs/Web/HTTP/Status/403",2026-07-17T15:53:26.383301
humanite,bd6t5613279,,failed,0,0,,http_manifest,known,403,manifest,"Client error '403 ' for url 'https://openapiproext.bnf.fr/iiif/presentation/v3/ark:/12148/bd6t5613279/manifest.json'
For more information check: https://developer.mozilla.org/en-US/docs/Web/HTTP/Status/403",2026-07-17T15:53:27.561222
humanite,bd6t561328n,,failed,0,0,,http_manifest,known,403,manifest,"Client error '403 ' for url 'https://openapiproext.bnf.fr/iiif/presentation/v3/ark:/12148/bd6t561328n/manifest.json'
For more information check: https://developer.mozilla.org/en-US/docs/Web/HTTP/Status/403",2026-07-17T15:53:28.761882
humanite,bd6t5613290,,failed,0,0,,http_manifest,known,403,manifest,"Client error '403 ' for url 'https://openapiproext.bnf.fr/iiif/presentation/v3/ark:/12148/bd6t5613290/manifest.json'
For more information check: https://developer.mozilla.org/en-US/docs/Web/HTTP/Status/403",2026-07-17T15:53:29.962434
humanite,bd6t5613306,,failed,0,0,,http_manifest,known,403,manifest,"Client error '403 ' for url 'https://openapiproext.bnf.fr/iiif/presentation/v3/ark:/12148/bd6t5613306/manifest.json'
For more information check: https://developer.mozilla.org/en-US/docs/Web/HTTP/Status/403",2026-07-17T15:53:31.164722
humanite,bd6t561331j,,failed,0,0,,http_manifest,known,403,manifest,"Client error '403 ' for url 'https://openapiproext.bnf.fr/iiif/presentation/v3/ark:/12148/bd6t561331j/manifest.json'
For more information check: https://developer.mozilla.org/en-US/docs/Web/HTTP/Status/403",2026-07-17T15:53:32.365152
humanite,bd6t561332w,,failed,0,0,,http_manifest,known,403,manifest,"Client error '403 ' for url 'https://openapiproext.bnf.fr/iiif/presentation/v3/ark:/12148/bd6t561332w/manifest.json'
For more information check: https://developer.mozilla.org/en-US/docs/Web/HTTP/Status/403",2026-07-17T15:53:33.566764
humanite,bd6t5613337,,failed,0,0,,http_manifest,known,403,manifest,"Client error '403 ' for url 'https://openapiproext.bnf.fr/iiif/presentation/v3/ark:/12148/bd6t5613337/manifest.json'
For more information check: https://developer.mozilla.org/en-US/docs/Web/HTTP/Status/403",2026-07-17T15:53:34.768702
humanite,bd6t561334k,,failed,0,0,,http_manifest,known,403,manifest,"Client error '403 ' for url 'https://openapiproext.bnf.fr/iiif/presentation/v3/ark:/12148/bd6t561334k/manifest.json'
For more information check: https://developer.mozilla.org/en-US/docs/Web/HTTP/Status/403",2026-07-17T15:53:35.972497
humanite,bd6t561335x,,failed,0,0,,http_manifest,known,403,manifest,"Client error '403 ' for url 'https://openapiproext.bnf.fr/iiif/presentation/v3/ark:/12148/bd6t561335x/manifest.json'
For more information check: https://developer.mozilla.org/en-US/docs/Web/HTTP/Status/403",2026-07-17T15:53:37.172239
humanite,bd6t5613368,,failed,0,0,,http_manifest,known,403,manifest,"Client error '403 ' for url 'https://openapiproext.bnf.fr/iiif/presentation/v3/ark:/12148/bd6t5613368/manifest.json'
For more information check: https://developer.mozilla.org/en-US/docs/Web/HTTP/Status/403",2026-07-17T15:53:38.373367
humanite,bd6t561337m,,failed,0,0,,http_manifest,known,403,manifest,"Client error '403 ' for url 'https://openapiproext.bnf.fr/iiif/presentation/v3/ark:/12148/bd6t561337m/manifest.json'
For more information check: https://developer.mozilla.org/en-US/docs/Web/HTTP/Status/403",2026-07-17T15:53:39.570654
humanite,bd6t561338z,,failed,0,0,,http_manifest,known,403,manifest,"Client error '403 ' for url 'https://openapiproext.bnf.fr/iiif/presentation/v3/ark:/12148/bd6t561338z/manifest.json'
For more information check: https://developer.mozilla.org/en-US/docs/Web/HTTP/Status/403",2026-07-17T15:53:40.774918
humanite,bd6t5613399,,failed,0,0,,http_manifest,known,403,manifest,"Client error '403 ' for url 'https://openapiproext.bnf.fr/iiif/presentation/v3/ark:/12148/bd6t5613399/manifest.json'
For more information check: https://developer.mozilla.org/en-US/docs/Web/HTTP/Status/403",2026-07-17T15:53:41.974014
humanite,bd6t561340h,,failed,0,0,,http_manifest,known,403,manifest,"Client error '403 ' for url 'https://openapiproext.bnf.fr/iiif/presentation/v3/ark:/12148/bd6t561340h/manifest.json'
For more information check: https://developer.mozilla.org/en-US/docs/Web/HTTP/Status/403",2026-07-17T15:53:43.179124
humanite,bd6t561341v,,failed,0,0,,http_manifest,known,403,manifest,"Client error '403 ' for url 'https://openapiproext.bnf.fr/iiif/presentation/v3/ark:/12148/bd6t561341v/manifest.json'
For more information check: https://developer.mozilla.org/en-US/docs/Web/HTTP/Status/403",2026-07-17T15:53:44.408579
humanite,bd6t5613426,,failed,0,0,,http_manifest,known,403,manifest,"Client error '403 ' for url 'https://openapiproext.bnf.fr/iiif/presentation/v3/ark:/12148/bd6t5613426/manifest.json'
For more information check: https://developer.mozilla.org/en-US/docs/Web/HTTP/Status/403",2026-07-17T15:53:45.580821
humanite,bd6t561343j,,failed,0,0,,http_manifest,known,403,manifest,"Client error '403 ' for url 'https://openapiproext.bnf.fr/iiif/presentation/v3/ark:/12148/bd6t561343j/manifest.json'
For more information check: https://developer.mozilla.org/en-US/docs/Web/HTTP/Status/403",2026-07-17T15:53:46.779687
humanite,bd6t561344w,,failed,0,0,,http_manifest,known,403,manifest,"Client error '403 ' for url 'https://openapiproext.bnf.fr/iiif/presentation/v3/ark:/12148/bd6t561344w/manifest.json'
For more information check: https://developer.mozilla.org/en-US/docs/Web/HTTP/Status/403",2026-07-17T15:53:47.984591
humanite,bd6t5613457,,failed,0,0,,http_manifest,known,403,manifest,"Client error '403 ' for url 'https://openapiproext.bnf.fr/iiif/presentation/v3/ark:/12148/bd6t5613457/manifest.json'
For more information check: https://developer.mozilla.org/en-US/docs/Web/HTTP/Status/403",2026-07-17T15:53:49.187121
humanite,bd6t561346k,,failed,0,0,,http_manifest,known,403,manifest,"Client error '403 ' for url 'https://openapiproext.bnf.fr/iiif/presentation/v3/ark:/12148/bd6t561346k/manifest.json'
For more information check: https://developer.mozilla.org/en-US/docs/Web/HTTP/Status/403",2026-07-17T15:53:50.389396
humanite,bd6t561347x,,failed,0,0,,http_manifest,known,403,manifest,"Client error '403 ' for url 'https://openapiproext.bnf.fr/iiif/presentation/v3/ark:/12148/bd6t561347x/manifest.json'
For more information check: https://developer.mozilla.org/en-US/docs/Web/HTTP/Status/403",2026-07-17T15:53:51.590348
humanite,bd6t5613488,,failed,0,0,,http_manifest,known,403,manifest,"Client error '403 ' for url 'https://openapiproext.bnf.fr/iiif/presentation/v3/ark:/12148/bd6t5613488/manifest.json'
For more information check: https://developer.mozilla.org/en-US/docs/Web/HTTP/Status/403",2026-07-17T15:53:52.792850
humanite,bd6t561349m,,failed,0,0,,http_manifest,known,403,manifest,"Client error '403 ' for url 'https://openapiproext.bnf.fr/iiif/presentation/v3/ark:/12148/bd6t561349m/manifest.json'
For more information check: https://developer.mozilla.org/en-US/docs/Web/HTTP/Status/403",2026-07-17T15:53:53.987732
humanite,bd6t561350t,,failed,0,0,,http_manifest,known,403,manifest,"Client error '403 ' for url 'https://openapiproext.bnf.fr/iiif/presentation/v3/ark:/12148/bd6t561350t/manifest.json'
For more information check: https://developer.mozilla.org/en-US/docs/Web/HTTP/Status/403",2026-07-17T15:53:55.195654
humanite,bd6t5613515,,failed,0,0,,http_manifest,known,403,manifest,"Client error '403 ' for url 'https://openapiproext.bnf.fr/iiif/presentation/v3/ark:/12148/bd6t5613515/manifest.json'
For more information check: https://developer.mozilla.org/en-US/docs/Web/HTTP/Status/403",2026-07-17T15:53:56.410132
humanite,bd6t561352h,,failed,0,0,,http_manifest,known,403,manifest,"Client error '403 ' for url 'https://openapiproext.bnf.fr/iiif/presentation/v3/ark:/12148/bd6t561352h/manifest.json'
For more information check: https://developer.mozilla.org/en-US/docs/Web/HTTP/Status/403",2026-07-17T15:53:57.597148
humanite,bd6t561353v,,failed,0,0,,http_manifest,known,403,manifest,"Client error '403 ' for url 'https://openapiproext.bnf.fr/iiif/presentation/v3/ark:/12148/bd6t561353v/manifest.json'
For more information check: https://developer.mozilla.org/en-US/docs/Web/HTTP/Status/403",2026-07-17T15:53:59.056027
humanite,bd6t5613546,,failed,0,0,,http_manifest,known,403,manifest,"Client error '403 ' for url 'https://openapiproext.bnf.fr/iiif/presentation/v3/ark:/12148/bd6t5613546/manifest.json'
For more information check: https://developer.mozilla.org/en-US/docs/Web/HTTP/Status/403",2026-07-17T15:54:00.141811
humanite,bd6t561355j,,failed,0,0,,http_manifest,known,403,manifest,"Client error '403 ' for url 'https://openapiproext.bnf.fr/iiif/presentation/v3/ark:/12148/bd6t561355j/manifest.json'
For more information check: https://developer.mozilla.org/en-US/docs/Web/HTTP/Status/403",2026-07-17T15:54:01.358538
humanite,bd6t561356w,,failed,0,0,,http_manifest,known,403,manifest,"Client error '403 ' for url 'https://openapiproext.bnf.fr/iiif/presentation/v3/ark:/12148/bd6t561356w/manifest.json'
For more information check: https://developer.mozilla.org/en-US/docs/Web/HTTP/Status/403",2026-07-17T15:54:02.437150
humanite,bd6t5613577,,failed,0,0,,http_manifest,known,403,manifest,"Client error '403 ' for url 'https://openapiproext.bnf.fr/iiif/presentation/v3/ark:/12148/bd6t5613577/manifest.json'
For more information check: https://developer.mozilla.org/en-US/docs/Web/HTTP/Status/403",2026-07-17T15:54:03.765062
humanite,bd6t561358k,,failed,0,0,,http_manifest,known,403,manifest,"Client error '403 ' for url 'https://openapiproext.bnf.fr/iiif/presentation/v3/ark:/12148/bd6t561358k/manifest.json'
For more information check: https://developer.mozilla.org/en-US/docs/Web/HTTP/Status/403",2026-07-17T15:54:05.042651
humanite,bd6t561359x,,failed,0,0,,http_manifest,known,403,manifest,"Client error '403 ' for url 'https://openapiproext.bnf.fr/iiif/presentation/v3/ark:/12148/bd6t561359x/manifest.json'
For more information check: https://developer.mozilla.org/en-US/docs/Web/HTTP/Status/403",2026-07-17T15:54:06.056602
humanite,bd6t5613604,,failed,0,0,,http_manifest,known,403,manifest,"Client error '403 ' for url 'https://openapiproext.bnf.fr/iiif/presentation/v3/ark:/12148/bd6t5613604/manifest.json'
For more information check: https://developer.mozilla.org/en-US/docs/Web/HTTP/Status/403",2026-07-17T15:54:07.227483
humanite,bd6t561361g,,failed,0,0,,http_manifest,known,403,manifest,"Client error '403 ' for url 'https://openapiproext.bnf.fr/iiif/presentation/v3/ark:/12148/bd6t561361g/manifest.json'
For more information check: https://developer.mozilla.org/en-US/docs/Web/HTTP/Status/403",2026-07-17T15:54:08.404988
humanite,bd6t561362t,,failed,0,0,,http_manifest,known,403,manifest,"Client error '403 ' for url 'https://openapiproext.bnf.fr/iiif/presentation/v3/ark:/12148/bd6t561362t/manifest.json'
For more information check: https://developer.mozilla.org/en-US/docs/Web/HTTP/Status/403",2026-07-17T15:54:09.611629
humanite,bd6t5613635,,failed,0,0,,http_manifest,known,403,manifest,"Client error '403 ' for url 'https://openapiproext.bnf.fr/iiif/presentation/v3/ark:/12148/bd6t5613635/manifest.json'
For more information check: https://developer.mozilla.org/en-US/docs/Web/HTTP/Status/403",2026-07-17T15:54:10.883739
humanite,bd6t561364h,,failed,0,0,,http_manifest,known,403,manifest,"Client error '403 ' for url 'https://openapiproext.bnf.fr/iiif/presentation/v3/ark:/12148/bd6t561364h/manifest.json'
For more information check: https://developer.mozilla.org/en-US/docs/Web/HTTP/Status/403",2026-07-17T15:54:12.011829
humanite,bd6t561365v,,failed,0,0,,http_manifest,known,403,manifest,"Client error '403 ' for url 'https://openapiproext.bnf.fr/iiif/presentation/v3/ark:/12148/bd6t561365v/manifest.json'
For more information check: https://developer.mozilla.org/en-US/docs/Web/HTTP/Status/403",2026-07-17T15:54:13.411818
humanite,bd6t5613666,,failed,0,0,,http_manifest,known,403,manifest,"Client error '403 ' for url 'https://openapiproext.bnf.fr/iiif/presentation/v3/ark:/12148/bd6t5613666/manifest.json'
For more information check: https://developer.mozilla.org/en-US/docs/Web/HTTP/Status/403",2026-07-17T15:54:14.421880
humanite,bd6t561367j,,failed,0,0,,http_manifest,known,403,manifest,"Client error '403 ' for url 'https://openapiproext.bnf.fr/iiif/presentation/v3/ark:/12148/bd6t561367j/manifest.json'
For more information check: https://developer.mozilla.org/en-US/docs/Web/HTTP/Status/403",2026-07-17T15:54:15.639033
humanite,bd6t561368w,,failed,0,0,,http_manifest,known,403,manifest,"Client error '403 ' for url 'https://openapiproext.bnf.fr/iiif/presentation/v3/ark:/12148/bd6t561368w/manifest.json'
For more information check: https://developer.mozilla.org/en-US/docs/Web/HTTP/Status/403",2026-07-17T15:54:16.830109
humanite,bd6t5613697,,failed,0,0,,http_manifest,known,403,manifest,"Client error '403 ' for url 'https://openapiproext.bnf.fr/iiif/presentation/v3/ark:/12148/bd6t5613697/manifest.json'
For more information check: https://developer.mozilla.org/en-US/docs/Web/HTTP/Status/403",2026-07-17T15:54:18.050259
humanite,bd6t561370f,,failed,0,0,,http_manifest,known,403,manifest,"Client error '403 ' for url 'https://openapiproext.bnf.fr/iiif/presentation/v3/ark:/12148/bd6t561370f/manifest.json'
For more information check: https://developer.mozilla.org/en-US/docs/Web/HTTP/Status/403",2026-07-17T15:54:19.240883
humanite,bd6t561371s,,failed,0,0,,http_manifest,known,403,manifest,"Client error '403 ' for url 'https://openapiproext.bnf.fr/iiif/presentation/v3/ark:/12148/bd6t561371s/manifest.json'
For more information check: https://developer.mozilla.org/en-US/docs/Web/HTTP/Status/403",2026-07-17T15:54:20.427919
humanite,bd6t5613724,,failed,0,0,,http_manifest,known,403,manifest,"Client error '403 ' for url 'https://openapiproext.bnf.fr/iiif/presentation/v3/ark:/12148/bd6t5613724/manifest.json'
For more information check: https://developer.mozilla.org/en-US/docs/Web/HTTP/Status/403",2026-07-17T15:54:21.624184
humanite,bd6t561373g,,failed,0,0,,http_manifest,known,403,manifest,"Client error '403 ' for url 'https://openapiproext.bnf.fr/iiif/presentation/v3/ark:/12148/bd6t561373g/manifest.json'
For more information check: https://developer.mozilla.org/en-US/docs/Web/HTTP/Status/403",2026-07-17T15:54:22.827279
humanite,bd6t561374t,,failed,0,0,,http_manifest,known,403,manifest,"Client error '403 ' for url 'https://openapiproext.bnf.fr/iiif/presentation/v3/ark:/12148/bd6t561374t/manifest.json'
For more information check: https://developer.mozilla.org/en-US/docs/Web/HTTP/Status/403",2026-07-17T15:54:24.030265
humanite,bd6t5613755,,failed,0,0,,http_manifest,known,403,manifest,"Client error '403 ' for url 'https://openapiproext.bnf.fr/iiif/presentation/v3/ark:/12148/bd6t5613755/manifest.json'
For more information check: https://developer.mozilla.org/en-US/docs/Web/HTTP/Status/403",2026-07-17T15:54:25.231081
humanite,bd6t561376h,,failed,0,0,,http_manifest,known,403,manifest,"Client error '403 ' for url 'https://openapiproext.bnf.fr/iiif/presentation/v3/ark:/12148/bd6t561376h/manifest.json'
For more information check: https://developer.mozilla.org/en-US/docs/Web/HTTP/Status/403",2026-07-17T15:54:26.429730
humanite,bd6t561377v,,failed,0,0,,http_manifest,known,403,manifest,"Client error '403 ' for url 'https://openapiproext.bnf.fr/iiif/presentation/v3/ark:/12148/bd6t561377v/manifest.json'
For more information check: https://developer.mozilla.org/en-US/docs/Web/HTTP/Status/403",2026-07-17T15:54:27.635379
humanite,bd6t5613786,,failed,0,0,,http_manifest,known,403,manifest,"Client error '403 ' for url 'https://openapiproext.bnf.fr/iiif/presentation/v3/ark:/12148/bd6t5613786/manifest.json'
For more information check: https://developer.mozilla.org/en-US/docs/Web/HTTP/Status/403",2026-07-17T15:54:28.868539
humanite,bd6t561379j,,failed,0,0,,http_manifest,known,403,manifest,"Client error '403 ' for url 'https://openapiproext.bnf.fr/iiif/presentation/v3/ark:/12148/bd6t561379j/manifest.json'
For more information check: https://developer.mozilla.org/en-US/docs/Web/HTTP/Status/403",2026-07-17T15:54:30.035549
humanite,bd6t561380r,,failed,0,0,,http_manifest,known,403,manifest,"Client error '403 ' for url 'https://openapiproext.bnf.fr/iiif/presentation/v3/ark:/12148/bd6t561380r/manifest.json'
For more information check: https://developer.mozilla.org/en-US/docs/Web/HTTP/Status/403",2026-07-17T15:54:31.236272
humanite,bd6t5613813,,failed,0,0,,http_manifest,known,403,manifest,"Client error '403 ' for url 'https://openapiproext.bnf.fr/iiif/presentation/v3/ark:/12148/bd6t5613813/manifest.json'
For more information check: https://developer.mozilla.org/en-US/docs/Web/HTTP/Status/403",2026-07-17T15:54:32.436565
humanite,bd6t561382f,,failed,0,0,,http_manifest,known,403,manifest,"Client error '403 ' for url 'https://openapiproext.bnf.fr/iiif/presentation/v3/ark:/12148/bd6t561382f/manifest.json'
For more information check: https://developer.mozilla.org/en-US/docs/Web/HTTP/Status/403",2026-07-17T15:54:33.639380
humanite,bd6t560911b,,failed,0,0,,http_manifest,known,403,manifest,"Client error '403 ' for url 'https://openapiproext.bnf.fr/iiif/presentation/v3/ark:/12148/bd6t560911b/manifest.json'
For more information check: https://developer.mozilla.org/en-US/docs/Web/HTTP/Status/403",2026-07-17T15:54:34.851563
humanite,bd6t560912p,,failed,0,0,,http_manifest,known,403,manifest,"Client error '403 ' for url 'https://openapiproext.bnf.fr/iiif/presentation/v3/ark:/12148/bd6t560912p/manifest.json'
For more information check: https://developer.mozilla.org/en-US/docs/Web/HTTP/Status/403",2026-07-17T15:54:36.041740
humanite,bd6t5609131,,failed,0,0,,http_manifest,known,403,manifest,"Client error '403 ' for url 'https://openapiproext.bnf.fr/iiif/presentation/v3/ark:/12148/bd6t5609131/manifest.json'
For more information check: https://developer.mozilla.org/en-US/docs/Web/HTTP/Status/403",2026-07-17T15:54:37.241686
humanite,bd6t560914c,,failed,0,0,,http_manifest,known,403,manifest,"Client error '403 ' for url 'https://openapiproext.bnf.fr/iiif/presentation/v3/ark:/12148/bd6t560914c/manifest.json'
For more information check: https://developer.mozilla.org/en-US/docs/Web/HTTP/Status/403",2026-07-17T15:54:38.445173
humanite,bd6t560915q,,failed,0,0,,http_manifest,known,403,manifest,"Client error '403 ' for url 'https://openapiproext.bnf.fr/iiif/presentation/v3/ark:/12148/bd6t560915q/manifest.json'
For more information check: https://developer.mozilla.org/en-US/docs/Web/HTTP/Status/403",2026-07-17T15:54:39.645444
humanite,bd6t5609162,,failed,0,0,,http_manifest,known,403,manifest,"Client error '403 ' for url 'https://openapiproext.bnf.fr/iiif/presentation/v3/ark:/12148/bd6t5609162/manifest.json'
For more information check: https://developer.mozilla.org/en-US/docs/Web/HTTP/Status/403",2026-07-17T15:54:40.847140
humanite,bd6t560917d,,failed,0,0,,http_manifest,known,403,manifest,"Client error '403 ' for url 'https://openapiproext.bnf.fr/iiif/presentation/v3/ark:/12148/bd6t560917d/manifest.json'
For more information check: https://developer.mozilla.org/en-US/docs/Web/HTTP/Status/403",2026-07-17T15:54:42.052824
humanite,bd6t560918r,,failed,0,0,,http_manifest,known,403,manifest,"Client error '403 ' for url 'https://openapiproext.bnf.fr/iiif/presentation/v3/ark:/12148/bd6t560918r/manifest.json'
For more information check: https://developer.mozilla.org/en-US/docs/Web/HTTP/Status/403",2026-07-17T15:54:43.249392
humanite,bd6t5609193,,failed,0,0,,http_manifest,known,403,manifest,"Client error '403 ' for url 'https://openapiproext.bnf.fr/iiif/presentation/v3/ark:/12148/bd6t5609193/manifest.json'
For more information check: https://developer.mozilla.org/en-US/docs/Web/HTTP/Status/403",2026-07-17T15:54:44.455912
humanite,bd6t5609209,,failed,0,0,,http_manifest,known,403,manifest,"Client error '403 ' for url 'https://openapiproext.bnf.fr/iiif/presentation/v3/ark:/12148/bd6t5609209/manifest.json'
For more information check: https://developer.mozilla.org/en-US/docs/Web/HTTP/Status/403",2026-07-17T15:54:45.650405
humanite,bd6t560921n,,failed,0,0,,http_manifest,known,403,manifest,"Client error '403 ' for url 'https://openapiproext.bnf.fr/iiif/presentation/v3/ark:/12148/bd6t560921n/manifest.json'
For more information check: https://developer.mozilla.org/en-US/docs/Web/HTTP/Status/403",2026-07-17T15:54:46.864403
humanite,bd6t5609220,,failed,0,0,,http_manifest,known,403,manifest,"Client error '403 ' for url 'https://openapiproext.bnf.fr/iiif/presentation/v3/ark:/12148/bd6t5609220/manifest.json'
For more information check: https://developer.mozilla.org/en-US/docs/Web/HTTP/Status/403",2026-07-17T15:54:48.056268
humanite,bd6t560923b,,failed,0,0,,http_manifest,known,403,manifest,"Client error '403 ' for url 'https://openapiproext.bnf.fr/iiif/presentation/v3/ark:/12148/bd6t560923b/manifest.json'
For more information check: https://developer.mozilla.org/en-US/docs/Web/HTTP/Status/403",2026-07-17T15:54:49.260980
humanite,bd6t560924p,,failed,0,0,,http_manifest,known,403,manifest,"Client error '403 ' for url 'https://openapiproext.bnf.fr/iiif/presentation/v3/ark:/12148/bd6t560924p/manifest.json'
For more information check: https://developer.mozilla.org/en-US/docs/Web/HTTP/Status/403",2026-07-17T15:54:50.466492
humanite,bd6t5609251,,failed,0,0,,http_manifest,known,403,manifest,"Client error '403 ' for url 'https://openapiproext.bnf.fr/iiif/presentation/v3/ark:/12148/bd6t5609251/manifest.json'
For more information check: https://developer.mozilla.org/en-US/docs/Web/HTTP/Status/403",2026-07-17T15:54:51.661159
humanite,bd6t560926c,,failed,0,0,,http_manifest,known,403,manifest,"Client error '403 ' for url 'https://openapiproext.bnf.fr/iiif/presentation/v3/ark:/12148/bd6t560926c/manifest.json'
For more information check: https://developer.mozilla.org/en-US/docs/Web/HTTP/Status/403",2026-07-17T15:54:52.861480
humanite,bd6t560927q,,failed,0,0,,http_manifest,known,403,manifest,"Client error '403 ' for url 'https://openapiproext.bnf.fr/iiif/presentation/v3/ark:/12148/bd6t560927q/manifest.json'
For more information check: https://developer.mozilla.org/en-US/docs/Web/HTTP/Status/403",2026-07-17T15:54:54.058615
humanite,bd6t5609282,,failed,0,0,,http_manifest,known,403,manifest,"Client error '403 ' for url 'https://openapiproext.bnf.fr/iiif/presentation/v3/ark:/12148/bd6t5609282/manifest.json'
For more information check: https://developer.mozilla.org/en-US/docs/Web/HTTP/Status/403",2026-07-17T15:54:55.257256
humanite,bd6t560929d,,failed,0,0,,http_manifest,known,403,manifest,"Client error '403 ' for url 'https://openapiproext.bnf.fr/iiif/presentation/v3/ark:/12148/bd6t560929d/manifest.json'
For more information check: https://developer.mozilla.org/en-US/docs/Web/HTTP/Status/403",2026-07-17T15:54:56.462916
humanite,bd6t560930m,,failed,0,0,,http_manifest,known,403,manifest,"Client error '403 ' for url 'https://openapiproext.bnf.fr/iiif/presentation/v3/ark:/12148/bd6t560930m/manifest.json'
For more information check: https://developer.mozilla.org/en-US/docs/Web/HTTP/Status/403",2026-07-17T15:54:57.669272
humanite,bd6t560931z,,failed,0,0,,http_manifest,known,403,manifest,"Client error '403 ' for url 'https://openapiproext.bnf.fr/iiif/presentation/v3/ark:/12148/bd6t560931z/manifest.json'
For more information check: https://developer.mozilla.org/en-US/docs/Web/HTTP/Status/403",2026-07-17T15:54:58.867372
humanite,bd6t5609329,,failed,0,0,,http_manifest,known,403,manifest,"Client error '403 ' for url 'https://openapiproext.bnf.fr/iiif/presentation/v3/ark:/12148/bd6t5609329/manifest.json'
For more information check: https://developer.mozilla.org/en-US/docs/Web/HTTP/Status/403",2026-07-17T15:55:00.172305
humanite,bd6t560933n,,failed,0,0,,http_manifest,known,403,manifest,"Client error '403 ' for url 'https://openapiproext.bnf.fr/iiif/presentation/v3/ark:/12148/bd6t560933n/manifest.json'
For more information check: https://developer.mozilla.org/en-US/docs/Web/HTTP/Status/403",2026-07-17T15:55:01.475150
humanite,bd6t5609340,,failed,0,0,,http_manifest,known,403,manifest,"Client error '403 ' for url 'https://openapiproext.bnf.fr/iiif/presentation/v3/ark:/12148/bd6t5609340/manifest.json'
For more information check: https://developer.mozilla.org/en-US/docs/Web/HTTP/Status/403",2026-07-17T15:55:02.470217
humanite,bd6t560935b,,failed,0,0,,http_manifest,known,403,manifest,"Client error '403 ' for url 'https://openapiproext.bnf.fr/iiif/presentation/v3/ark:/12148/bd6t560935b/manifest.json'
For more information check: https://developer.mozilla.org/en-US/docs/Web/HTTP/Status/403",2026-07-17T15:55:03.863149
humanite,bd6t560936p,,failed,0,0,,http_manifest,known,403,manifest,"Client error '403 ' for url 'https://openapiproext.bnf.fr/iiif/presentation/v3/ark:/12148/bd6t560936p/manifest.json'
For more information check: https://developer.mozilla.org/en-US/docs/Web/HTTP/Status/403",2026-07-17T15:55:05.118759
humanite,bd6t5609371,,failed,0,0,,http_manifest,known,403,manifest,"Client error '403 ' for url 'https://openapiproext.bnf.fr/iiif/presentation/v3/ark:/12148/bd6t5609371/manifest.json'
For more information check: https://developer.mozilla.org/en-US/docs/Web/HTTP/Status/403",2026-07-17T15:55:06.223384
humanite,bd6t560938c,,failed,0,0,,http_manifest,known,403,manifest,"Client error '403 ' for url 'https://openapiproext.bnf.fr/iiif/presentation/v3/ark:/12148/bd6t560938c/manifest.json'
For more information check: https://developer.mozilla.org/en-US/docs/Web/HTTP/Status/403",2026-07-17T15:55:07.292829
humanite,bd6t560939q,,failed,0,0,,http_manifest,known,403,manifest,"Client error '403 ' for url 'https://openapiproext.bnf.fr/iiif/presentation/v3/ark:/12148/bd6t560939q/manifest.json'
For more information check: https://developer.mozilla.org/en-US/docs/Web/HTTP/Status/403",2026-07-17T15:55:08.493559
humanite,bd6t560940x,,failed,0,0,,http_manifest,known,403,manifest,"Client error '403 ' for url 'https://openapiproext.bnf.fr/iiif/presentation/v3/ark:/12148/bd6t560940x/manifest.json'
For more information check: https://developer.mozilla.org/en-US/docs/Web/HTTP/Status/403",2026-07-17T15:55:09.680126
humanite,bd6t5609418,,failed,0,0,,http_manifest,known,403,manifest,"Client error '403 ' for url 'https://openapiproext.bnf.fr/iiif/presentation/v3/ark:/12148/bd6t5609418/manifest.json'
For more information check: https://developer.mozilla.org/en-US/docs/Web/HTTP/Status/403",2026-07-17T15:55:11.014208
humanite,bd6t560942m,,failed,0,0,,http_manifest,known,403,manifest,"Client error '403 ' for url 'https://openapiproext.bnf.fr/iiif/presentation/v3/ark:/12148/bd6t560942m/manifest.json'
For more information check: https://developer.mozilla.org/en-US/docs/Web/HTTP/Status/403",2026-07-17T15:55:12.310912
humanite,bd6t560943z,,failed,0,0,,http_manifest,known,403,manifest,"Client error '403 ' for url 'https://openapiproext.bnf.fr/iiif/presentation/v3/ark:/12148/bd6t560943z/manifest.json'
For more information check: https://developer.mozilla.org/en-US/docs/Web/HTTP/Status/403",2026-07-17T15:55:13.293721
humanite,bd6t5609449,,failed,0,0,,http_manifest,known,403,manifest,"Client error '403 ' for url 'https://openapiproext.bnf.fr/iiif/presentation/v3/ark:/12148/bd6t5609449/manifest.json'
For more information check: https://developer.mozilla.org/en-US/docs/Web/HTTP/Status/403",2026-07-17T15:55:14.503562
humanite,bd6t560945n,,failed,0,0,,http_manifest,known,403,manifest,"Client error '403 ' for url 'https://openapiproext.bnf.fr/iiif/presentation/v3/ark:/12148/bd6t560945n/manifest.json'
For more information check: https://developer.mozilla.org/en-US/docs/Web/HTTP/Status/403",2026-07-17T15:55:15.685981
humanite,bd6t5609460,,failed,0,0,,http_manifest,known,403,manifest,"Client error '403 ' for url 'https://openapiproext.bnf.fr/iiif/presentation/v3/ark:/12148/bd6t5609460/manifest.json'
For more information check: https://developer.mozilla.org/en-US/docs/Web/HTTP/Status/403",2026-07-17T15:55:16.893721
humanite,bd6t560947b,,failed,0,0,,http_manifest,known,403,manifest,"Client error '403 ' for url 'https://openapiproext.bnf.fr/iiif/presentation/v3/ark:/12148/bd6t560947b/manifest.json'
For more information check: https://developer.mozilla.org/en-US/docs/Web/HTTP/Status/403",2026-07-17T15:55:18.191220
humanite,bd6t560948p,,failed,0,0,,http_manifest,known,403,manifest,"Client error '403 ' for url 'https://openapiproext.bnf.fr/iiif/presentation/v3/ark:/12148/bd6t560948p/manifest.json'
For more information check: https://developer.mozilla.org/en-US/docs/Web/HTTP/Status/403",2026-07-17T15:55:19.294009
humanite,bd6t5609491,,failed,0,0,,http_manifest,known,403,manifest,"Client error '403 ' for url 'https://openapiproext.bnf.fr/iiif/presentation/v3/ark:/12148/bd6t5609491/manifest.json'
For more information check: https://developer.mozilla.org/en-US/docs/Web/HTTP/Status/403",2026-07-17T15:55:20.523848
humanite,bd6t5609507,,failed,0,0,,http_manifest,known,403,manifest,"Client error '403 ' for url 'https://openapiproext.bnf.fr/iiif/presentation/v3/ark:/12148/bd6t5609507/manifest.json'
For more information check: https://developer.mozilla.org/en-US/docs/Web/HTTP/Status/403",2026-07-17T15:55:21.819997
humanite,bd6t560951k,,failed,0,0,,http_manifest,known,403,manifest,"Client error '403 ' for url 'https://openapiproext.bnf.fr/iiif/presentation/v3/ark:/12148/bd6t560951k/manifest.json'
For more information check: https://developer.mozilla.org/en-US/docs/Web/HTTP/Status/403",2026-07-17T15:55:22.910999
humanite,bd6t560952x,,failed,0,0,,http_manifest,known,403,manifest,"Client error '403 ' for url 'https://openapiproext.bnf.fr/iiif/presentation/v3/ark:/12148/bd6t560952x/manifest.json'
For more information check: https://developer.mozilla.org/en-US/docs/Web/HTTP/Status/403",2026-07-17T15:55:24.104622
humanite,bd6t5609538,,failed,0,0,,http_manifest,known,403,manifest,"Client error '403 ' for url 'https://openapiproext.bnf.fr/iiif/presentation/v3/ark:/12148/bd6t5609538/manifest.json'
For more information check: https://developer.mozilla.org/en-US/docs/Web/HTTP/Status/403",2026-07-17T15:55:25.302330
humanite,bd6t560954m,,failed,0,0,,http_manifest,known,403,manifest,"Client error '403 ' for url 'https://openapiproext.bnf.fr/iiif/presentation/v3/ark:/12148/bd6t560954m/manifest.json'
For more information check: https://developer.mozilla.org/en-US/docs/Web/HTTP/Status/403",2026-07-17T15:55:26.502809
humanite,bd6t560955z,,failed,0,0,,http_manifest,known,403,manifest,"Client error '403 ' for url 'https://openapiproext.bnf.fr/iiif/presentation/v3/ark:/12148/bd6t560955z/manifest.json'
For more information check: https://developer.mozilla.org/en-US/docs/Web/HTTP/Status/403",2026-07-17T15:55:27.704776
humanite,bd6t5609569,,failed,0,0,,http_manifest,known,403,manifest,"Client error '403 ' for url 'https://openapiproext.bnf.fr/iiif/presentation/v3/ark:/12148/bd6t5609569/manifest.json'
For more information check: https://developer.mozilla.org/en-US/docs/Web/HTTP/Status/403",2026-07-17T15:55:28.906100
humanite,bd6t560957n,,failed,0,0,,http_manifest,known,403,manifest,"Client error '403 ' for url 'https://openapiproext.bnf.fr/iiif/presentation/v3/ark:/12148/bd6t560957n/manifest.json'
For more information check: https://developer.mozilla.org/en-US/docs/Web/HTTP/Status/403",2026-07-17T15:55:30.112436
humanite,bd6t5609580,,failed,0,0,,http_manifest,known,403,manifest,"Client error '403 ' for url 'https://openapiproext.bnf.fr/iiif/presentation/v3/ark:/12148/bd6t5609580/manifest.json'
For more information check: https://developer.mozilla.org/en-US/docs/Web/HTTP/Status/403",2026-07-17T15:55:31.308430
humanite,bd6t560959b,,failed,0,0,,http_manifest,known,403,manifest,"Client error '403 ' for url 'https://openapiproext.bnf.fr/iiif/presentation/v3/ark:/12148/bd6t560959b/manifest.json'
For more information check: https://developer.mozilla.org/en-US/docs/Web/HTTP/Status/403",2026-07-17T15:55:32.514398
humanite,bd6t560960j,,failed,0,0,,http_manifest,known,403,manifest,"Client error '403 ' for url 'https://openapiproext.bnf.fr/iiif/presentation/v3/ark:/12148/bd6t560960j/manifest.json'
For more information check: https://developer.mozilla.org/en-US/docs/Web/HTTP/Status/403",2026-07-17T15:55:33.713582
humanite,bd6t560961w,,failed,0,0,,http_manifest,known,403,manifest,"Client error '403 ' for url 'https://openapiproext.bnf.fr/iiif/presentation/v3/ark:/12148/bd6t560961w/manifest.json'
For more information check: https://developer.mozilla.org/en-US/docs/Web/HTTP/Status/403",2026-07-17T15:55:34.914093
humanite,bd6t5609627,,failed,0,0,,http_manifest,known,403,manifest,"Client error '403 ' for url 'https://openapiproext.bnf.fr/iiif/presentation/v3/ark:/12148/bd6t5609627/manifest.json'
For more information check: https://developer.mozilla.org/en-US/docs/Web/HTTP/Status/403",2026-07-17T15:55:36.116373
humanite,bd6t560963k,,failed,0,0,,http_manifest,known,403,manifest,"Client error '403 ' for url 'https://openapiproext.bnf.fr/iiif/presentation/v3/ark:/12148/bd6t560963k/manifest.json'
For more information check: https://developer.mozilla.org/en-US/docs/Web/HTTP/Status/403",2026-07-17T15:55:37.362899
humanite,bd6t560964x,,failed,0,0,,http_manifest,known,403,manifest,"Client error '403 ' for url 'https://openapiproext.bnf.fr/iiif/presentation/v3/ark:/12148/bd6t560964x/manifest.json'
For more information check: https://developer.mozilla.org/en-US/docs/Web/HTTP/Status/403",2026-07-17T15:55:38.520140
humanite,bd6t5609658,,failed,0,0,,http_manifest,known,403,manifest,"Client error '403 ' for url 'https://openapiproext.bnf.fr/iiif/presentation/v3/ark:/12148/bd6t5609658/manifest.json'
For more information check: https://developer.mozilla.org/en-US/docs/Web/HTTP/Status/403",2026-07-17T15:55:39.728515
humanite,bd6t560966m,,failed,0,0,,http_manifest,known,403,manifest,"Client error '403 ' for url 'https://openapiproext.bnf.fr/iiif/presentation/v3/ark:/12148/bd6t560966m/manifest.json'
For more information check: https://developer.mozilla.org/en-US/docs/Web/HTTP/Status/403",2026-07-17T15:55:40.921094
humanite,bd6t560967z,,failed,0,0,,http_manifest,known,403,manifest,"Client error '403 ' for url 'https://openapiproext.bnf.fr/iiif/presentation/v3/ark:/12148/bd6t560967z/manifest.json'
For more information check: https://developer.mozilla.org/en-US/docs/Web/HTTP/Status/403",2026-07-17T15:55:42.124313
humanite,bd6t5609689,,failed,0,0,,http_manifest,known,403,manifest,"Client error '403 ' for url 'https://openapiproext.bnf.fr/iiif/presentation/v3/ark:/12148/bd6t5609689/manifest.json'
For more information check: https://developer.mozilla.org/en-US/docs/Web/HTTP/Status/403",2026-07-17T15:55:43.326468
humanite,bd6t560969n,,failed,0,0,,http_manifest,known,403,manifest,"Client error '403 ' for url 'https://openapiproext.bnf.fr/iiif/presentation/v3/ark:/12148/bd6t560969n/manifest.json'
For more information check: https://developer.mozilla.org/en-US/docs/Web/HTTP/Status/403",2026-07-17T15:55:44.536379
humanite,bd6t560970v,,failed,0,0,,http_manifest,known,403,manifest,"Client error '403 ' for url 'https://openapiproext.bnf.fr/iiif/presentation/v3/ark:/12148/bd6t560970v/manifest.json'
For more information check: https://developer.mozilla.org/en-US/docs/Web/HTTP/Status/403",2026-07-17T15:55:45.728225
humanite,bd6t5609716,,failed,0,0,,http_manifest,known,403,manifest,"Client error '403 ' for url 'https://openapiproext.bnf.fr/iiif/presentation/v3/ark:/12148/bd6t5609716/manifest.json'
For more information check: https://developer.mozilla.org/en-US/docs/Web/HTTP/Status/403",2026-07-17T15:55:46.931573
humanite,bd6t560972j,,failed,0,0,,http_manifest,known,403,manifest,"Client error '403 ' for url 'https://openapiproext.bnf.fr/iiif/presentation/v3/ark:/12148/bd6t560972j/manifest.json'
For more information check: https://developer.mozilla.org/en-US/docs/Web/HTTP/Status/403",2026-07-17T15:55:48.129588
humanite,bd6t560973w,,failed,0,0,,http_manifest,known,403,manifest,"Client error '403 ' for url 'https://openapiproext.bnf.fr/iiif/presentation/v3/ark:/12148/bd6t560973w/manifest.json'
For more information check: https://developer.mozilla.org/en-US/docs/Web/HTTP/Status/403",2026-07-17T15:55:49.351835
humanite,bd6t5609747,,failed,0,0,,http_manifest,known,403,manifest,"Client error '403 ' for url 'https://openapiproext.bnf.fr/iiif/presentation/v3/ark:/12148/bd6t5609747/manifest.json'
For more information check: https://developer.mozilla.org/en-US/docs/Web/HTTP/Status/403",2026-07-17T15:55:50.531769
humanite,bd6t560975k,,failed,0,0,,http_manifest,known,403,manifest,"Client error '403 ' for url 'https://openapiproext.bnf.fr/iiif/presentation/v3/ark:/12148/bd6t560975k/manifest.json'
For more information check: https://developer.mozilla.org/en-US/docs/Web/HTTP/Status/403",2026-07-17T15:55:51.733506
humanite,bd6t560976x,,failed,0,0,,http_manifest,known,403,manifest,"Client error '403 ' for url 'https://openapiproext.bnf.fr/iiif/presentation/v3/ark:/12148/bd6t560976x/manifest.json'
For more information check: https://developer.mozilla.org/en-US/docs/Web/HTTP/Status/403",2026-07-17T15:55:52.935473
humanite,bd6t5609778,,failed,0,0,,http_manifest,known,403,manifest,"Client error '403 ' for url 'https://openapiproext.bnf.fr/iiif/presentation/v3/ark:/12148/bd6t5609778/manifest.json'
For more information check: https://developer.mozilla.org/en-US/docs/Web/HTTP/Status/403",2026-07-17T15:55:54.136829
humanite,bd6t560978m,,failed,0,0,,http_manifest,known,403,manifest,"Client error '403 ' for url 'https://openapiproext.bnf.fr/iiif/presentation/v3/ark:/12148/bd6t560978m/manifest.json'
For more information check: https://developer.mozilla.org/en-US/docs/Web/HTTP/Status/403",2026-07-17T15:55:55.340042
humanite,bd6t560979z,,failed,0,0,,http_manifest,known,403,manifest,"Client error '403 ' for url 'https://openapiproext.bnf.fr/iiif/presentation/v3/ark:/12148/bd6t560979z/manifest.json'
For more information check: https://developer.mozilla.org/en-US/docs/Web/HTTP/Status/403",2026-07-17T15:55:56.539164
humanite,bd6t5609805,,failed,0,0,,http_manifest,known,403,manifest,"Client error '403 ' for url 'https://openapiproext.bnf.fr/iiif/presentation/v3/ark:/12148/bd6t5609805/manifest.json'
For more information check: https://developer.mozilla.org/en-US/docs/Web/HTTP/Status/403",2026-07-17T15:55:57.740693
humanite,bd6t560981h,,failed,0,0,,http_manifest,known,403,manifest,"Client error '403 ' for url 'https://openapiproext.bnf.fr/iiif/presentation/v3/ark:/12148/bd6t560981h/manifest.json'
For more information check: https://developer.mozilla.org/en-US/docs/Web/HTTP/Status/403",2026-07-17T15:55:59.114722
humanite,bd6t560982v,,failed,0,0,,http_manifest,known,403,manifest,"Client error '403 ' for url 'https://openapiproext.bnf.fr/iiif/presentation/v3/ark:/12148/bd6t560982v/manifest.json'
For more information check: https://developer.mozilla.org/en-US/docs/Web/HTTP/Status/403",2026-07-17T15:56:00.144303
humanite,bd6t5609836,,failed,0,0,,http_manifest,known,403,manifest,"Client error '403 ' for url 'https://openapiproext.bnf.fr/iiif/presentation/v3/ark:/12148/bd6t5609836/manifest.json'
For more information check: https://developer.mozilla.org/en-US/docs/Web/HTTP/Status/403",2026-07-17T15:56:01.535734
humanite,bd6t560984j,,failed,0,0,,http_manifest,known,403,manifest,"Client error '403 ' for url 'https://openapiproext.bnf.fr/iiif/presentation/v3/ark:/12148/bd6t560984j/manifest.json'
For more information check: https://developer.mozilla.org/en-US/docs/Web/HTTP/Status/403",2026-07-17T15:56:02.587495
humanite,bd6t560985w,,failed,0,0,,http_manifest,known,403,manifest,"Client error '403 ' for url 'https://openapiproext.bnf.fr/iiif/presentation/v3/ark:/12148/bd6t560985w/manifest.json'
For more information check: https://developer.mozilla.org/en-US/docs/Web/HTTP/Status/403",2026-07-17T15:56:03.747530
humanite,bd6t5609867,,failed,0,0,,http_manifest,known,403,manifest,"Client error '403 ' for url 'https://openapiproext.bnf.fr/iiif/presentation/v3/ark:/12148/bd6t5609867/manifest.json'
For more information check: https://developer.mozilla.org/en-US/docs/Web/HTTP/Status/403",2026-07-17T15:56:05.178491
humanite,bd6t560987k,,failed,0,0,,http_manifest,known,403,manifest,"Client error '403 ' for url 'https://openapiproext.bnf.fr/iiif/presentation/v3/ark:/12148/bd6t560987k/manifest.json'
For more information check: https://developer.mozilla.org/en-US/docs/Web/HTTP/Status/403",2026-07-17T15:56:06.244050
humanite,bd6t560988x,,failed,0,0,,http_manifest,known,403,manifest,"Client error '403 ' for url 'https://openapiproext.bnf.fr/iiif/presentation/v3/ark:/12148/bd6t560988x/manifest.json'
For more information check: https://developer.mozilla.org/en-US/docs/Web/HTTP/Status/403",2026-07-17T15:56:07.358243
humanite,bd6t5609898,,failed,0,0,,http_manifest,known,403,manifest,"Client error '403 ' for url 'https://openapiproext.bnf.fr/iiif/presentation/v3/ark:/12148/bd6t5609898/manifest.json'
For more information check: https://developer.mozilla.org/en-US/docs/Web/HTTP/Status/403",2026-07-17T15:56:08.566710
humanite,bd6t560990g,,failed,0,0,,http_manifest,known,403,manifest,"Client error '403 ' for url 'https://openapiproext.bnf.fr/iiif/presentation/v3/ark:/12148/bd6t560990g/manifest.json'
For more information check: https://developer.mozilla.org/en-US/docs/Web/HTTP/Status/403",2026-07-17T15:56:09.788748
humanite,bd6t560833c,,failed,0,0,,http_manifest,known,403,manifest,"Client error '403 ' for url 'https://openapiproext.bnf.fr/iiif/presentation/v3/ark:/12148/bd6t560833c/manifest.json'
For more information check: https://developer.mozilla.org/en-US/docs/Web/HTTP/Status/403",2026-07-17T15:56:11.058435
humanite,bd6t560834q,,failed,0,0,,http_manifest,known,403,manifest,"Client error '403 ' for url 'https://openapiproext.bnf.fr/iiif/presentation/v3/ark:/12148/bd6t560834q/manifest.json'
For more information check: https://developer.mozilla.org/en-US/docs/Web/HTTP/Status/403",2026-07-17T15:56:12.187548
humanite,bd6t5608352,,failed,0,0,,http_manifest,known,403,manifest,"Client error '403 ' for url 'https://openapiproext.bnf.fr/iiif/presentation/v3/ark:/12148/bd6t5608352/manifest.json'
For more information check: https://developer.mozilla.org/en-US/docs/Web/HTTP/Status/403",2026-07-17T15:56:13.417098
humanite,bd6t560836d,,failed,0,0,,http_manifest,known,403,manifest,"Client error '403 ' for url 'https://openapiproext.bnf.fr/iiif/presentation/v3/ark:/12148/bd6t560836d/manifest.json'
For more information check: https://developer.mozilla.org/en-US/docs/Web/HTTP/Status/403",2026-07-17T15:56:14.682012
humanite,bd6t560837r,,failed,0,0,,http_manifest,known,403,manifest,"Client error '403 ' for url 'https://openapiproext.bnf.fr/iiif/presentation/v3/ark:/12148/bd6t560837r/manifest.json'
For more information check: https://developer.mozilla.org/en-US/docs/Web/HTTP/Status/403",2026-07-17T15:56:15.764751
humanite,bd6t5608383,,failed,0,0,,http_manifest,known,403,manifest,"Client error '403 ' for url 'https://openapiproext.bnf.fr/iiif/presentation/v3/ark:/12148/bd6t5608383/manifest.json'
For more information check: https://developer.mozilla.org/en-US/docs/Web/HTTP/Status/403",2026-07-17T15:56:16.963660
humanite,bd6t560839f,,failed,0,0,,http_manifest,known,403,manifest,"Client error '403 ' for url 'https://openapiproext.bnf.fr/iiif/presentation/v3/ark:/12148/bd6t560839f/manifest.json'
For more information check: https://developer.mozilla.org/en-US/docs/Web/HTTP/Status/403",2026-07-17T15:56:18.205904
humanite,bd6t560840n,,failed,0,0,,http_manifest,known,403,manifest,"Client error '403 ' for url 'https://openapiproext.bnf.fr/iiif/presentation/v3/ark:/12148/bd6t560840n/manifest.json'
For more information check: https://developer.mozilla.org/en-US/docs/Web/HTTP/Status/403",2026-07-17T15:56:19.365487
humanite,bd6t5608410,,failed,0,0,,http_manifest,known,403,manifest,"Client error '403 ' for url 'https://openapiproext.bnf.fr/iiif/presentation/v3/ark:/12148/bd6t5608410/manifest.json'
For more information check: https://developer.mozilla.org/en-US/docs/Web/HTTP/Status/403",2026-07-17T15:56:20.569194
humanite,bd6t560842b,,failed,0,0,,http_manifest,known,403,manifest,"Client error '403 ' for url 'https://openapiproext.bnf.fr/iiif/presentation/v3/ark:/12148/bd6t560842b/manifest.json'
For more information check: https://developer.mozilla.org/en-US/docs/Web/HTTP/Status/403",2026-07-17T15:56:21.768768
humanite,bd6t560843p,,failed,0,0,,http_manifest,known,403,manifest,"Client error '403 ' for url 'https://openapiproext.bnf.fr/iiif/presentation/v3/ark:/12148/bd6t560843p/manifest.json'
For more information check: https://developer.mozilla.org/en-US/docs/Web/HTTP/Status/403",2026-07-17T15:56:22.970702
humanite,bd6t5608441,,failed,0,0,,http_manifest,known,403,manifest,"Client error '403 ' for url 'https://openapiproext.bnf.fr/iiif/presentation/v3/ark:/12148/bd6t5608441/manifest.json'
For more information check: https://developer.mozilla.org/en-US/docs/Web/HTTP/Status/403",2026-07-17T15:56:24.194765
humanite,bd6t560845c,,failed,0,0,,http_manifest,known,403,manifest,"Client error '403 ' for url 'https://openapiproext.bnf.fr/iiif/presentation/v3/ark:/12148/bd6t560845c/manifest.json'
For more information check: https://developer.mozilla.org/en-US/docs/Web/HTTP/Status/403",2026-07-17T15:56:25.372471
humanite,bd6t560846q,,failed,0,0,,http_manifest,known,403,manifest,"Client error '403 ' for url 'https://openapiproext.bnf.fr/iiif/presentation/v3/ark:/12148/bd6t560846q/manifest.json'
For more information check: https://developer.mozilla.org/en-US/docs/Web/HTTP/Status/403",2026-07-17T15:56:26.581449
humanite,bd6t5608472,,failed,0,0,,http_manifest,known,403,manifest,"Client error '403 ' for url 'https://openapiproext.bnf.fr/iiif/presentation/v3/ark:/12148/bd6t5608472/manifest.json'
For more information check: https://developer.mozilla.org/en-US/docs/Web/HTTP/Status/403",2026-07-17T15:56:27.777674
humanite,bd6t560848d,,failed,0,0,,http_manifest,known,403,manifest,"Client error '403 ' for url 'https://openapiproext.bnf.fr/iiif/presentation/v3/ark:/12148/bd6t560848d/manifest.json'
For more information check: https://developer.mozilla.org/en-US/docs/Web/HTTP/Status/403",2026-07-17T15:56:28.978718
humanite,bd6t560849r,,failed,0,0,,http_manifest,known,403,manifest,"Client error '403 ' for url 'https://openapiproext.bnf.fr/iiif/presentation/v3/ark:/12148/bd6t560849r/manifest.json'
For more information check: https://developer.mozilla.org/en-US/docs/Web/HTTP/Status/403",2026-07-17T15:56:30.181732
humanite,bd6t560850z,,failed,0,0,,http_manifest,known,403,manifest,"Client error '403 ' for url 'https://openapiproext.bnf.fr/iiif/presentation/v3/ark:/12148/bd6t560850z/manifest.json'
For more information check: https://developer.mozilla.org/en-US/docs/Web/HTTP/Status/403",2026-07-17T15:56:31.383083
humanite,bd6t5608519,,failed,0,0,,http_manifest,known,403,manifest,"Client error '403 ' for url 'https://openapiproext.bnf.fr/iiif/presentation/v3/ark:/12148/bd6t5608519/manifest.json'
For more information check: https://developer.mozilla.org/en-US/docs/Web/HTTP/Status/403",2026-07-17T15:56:32.584474
humanite,bd6t560852n,,failed,0,0,,http_manifest,known,403,manifest,"Client error '403 ' for url 'https://openapiproext.bnf.fr/iiif/presentation/v3/ark:/12148/bd6t560852n/manifest.json'
For more information check: https://developer.mozilla.org/en-US/docs/Web/HTTP/Status/403",2026-07-17T15:56:33.784327
humanite,bd6t5608530,,failed,0,0,,http_manifest,known,403,manifest,"Client error '403 ' for url 'https://openapiproext.bnf.fr/iiif/presentation/v3/ark:/12148/bd6t5608530/manifest.json'
For more information check: https://developer.mozilla.org/en-US/docs/Web/HTTP/Status/403",2026-07-17T15:56:34.986026
humanite,bd6t560854b,,failed,0,0,,http_manifest,known,403,manifest,"Client error '403 ' for url 'https://openapiproext.bnf.fr/iiif/presentation/v3/ark:/12148/bd6t560854b/manifest.json'
For more information check: https://developer.mozilla.org/en-US/docs/Web/HTTP/Status/403",2026-07-17T15:56:36.218837
humanite,bd6t560855p,,failed,0,0,,http_manifest,known,403,manifest,"Client error '403 ' for url 'https://openapiproext.bnf.fr/iiif/presentation/v3/ark:/12148/bd6t560855p/manifest.json'
For more information check: https://developer.mozilla.org/en-US/docs/Web/HTTP/Status/403",2026-07-17T15:56:37.392433
humanite,bd6t5608561,,failed,0,0,,http_manifest,known,403,manifest,"Client error '403 ' for url 'https://openapiproext.bnf.fr/iiif/presentation/v3/ark:/12148/bd6t5608561/manifest.json'
For more information check: https://developer.mozilla.org/en-US/docs/Web/HTTP/Status/403",2026-07-17T15:56:38.592951
humanite,bd6t560857c,,failed,0,0,,http_manifest,known,403,manifest,"Client error '403 ' for url 'https://openapiproext.bnf.fr/iiif/presentation/v3/ark:/12148/bd6t560857c/manifest.json'
For more information check: https://developer.mozilla.org/en-US/docs/Web/HTTP/Status/403",2026-07-17T15:56:39.794954
humanite,bd6t560858q,,failed,0,0,,http_manifest,known,403,manifest,"Client error '403 ' for url 'https://openapiproext.bnf.fr/iiif/presentation/v3/ark:/12148/bd6t560858q/manifest.json'
For more information check: https://developer.mozilla.org/en-US/docs/Web/HTTP/Status/403",2026-07-17T15:56:40.993469
humanite,bd6t5608592,,failed,0,0,,http_manifest,known,403,manifest,"Client error '403 ' for url 'https://openapiproext.bnf.fr/iiif/presentation/v3/ark:/12148/bd6t5608592/manifest.json'
For more information check: https://developer.mozilla.org/en-US/docs/Web/HTTP/Status/403",2026-07-17T15:56:42.195838
humanite,bd6t5608608,,failed,0,0,,http_manifest,known,403,manifest,"Client error '403 ' for url 'https://openapiproext.bnf.fr/iiif/presentation/v3/ark:/12148/bd6t5608608/manifest.json'
For more information check: https://developer.mozilla.org/en-US/docs/Web/HTTP/Status/403",2026-07-17T15:56:43.396838
humanite,bd6t560861m,,failed,0,0,,http_manifest,known,403,manifest,"Client error '403 ' for url 'https://openapiproext.bnf.fr/iiif/presentation/v3/ark:/12148/bd6t560861m/manifest.json'
For more information check: https://developer.mozilla.org/en-US/docs/Web/HTTP/Status/403",2026-07-17T15:56:44.603027
humanite,bd6t560862z,,failed,0,0,,http_manifest,known,403,manifest,"Client error '403 ' for url 'https://openapiproext.bnf.fr/iiif/presentation/v3/ark:/12148/bd6t560862z/manifest.json'
For more information check: https://developer.mozilla.org/en-US/docs/Web/HTTP/Status/403",2026-07-17T15:56:45.796823
humanite,bd6t5608639,,failed,0,0,,http_manifest,known,403,manifest,"Client error '403 ' for url 'https://openapiproext.bnf.fr/iiif/presentation/v3/ark:/12148/bd6t5608639/manifest.json'
For more information check: https://developer.mozilla.org/en-US/docs/Web/HTTP/Status/403",2026-07-17T15:56:47.004319
humanite,bd6t560864n,,failed,0,0,,http_manifest,known,403,manifest,"Client error '403 ' for url 'https://openapiproext.bnf.fr/iiif/presentation/v3/ark:/12148/bd6t560864n/manifest.json'
For more information check: https://developer.mozilla.org/en-US/docs/Web/HTTP/Status/403",2026-07-17T15:56:48.229414
humanite,bd6t5608650,,failed,0,0,,http_manifest,known,403,manifest,"Client error '403 ' for url 'https://openapiproext.bnf.fr/iiif/presentation/v3/ark:/12148/bd6t5608650/manifest.json'
For more information check: https://developer.mozilla.org/en-US/docs/Web/HTTP/Status/403",2026-07-17T15:56:49.405744
humanite,bd6t560866b,,failed,0,0,,http_manifest,known,403,manifest,"Client error '403 ' for url 'https://openapiproext.bnf.fr/iiif/presentation/v3/ark:/12148/bd6t560866b/manifest.json'
For more information check: https://developer.mozilla.org/en-US/docs/Web/HTTP/Status/403",2026-07-17T15:56:50.605636
humanite,bd6t560867p,,failed,0,0,,http_manifest,known,403,manifest,"Client error '403 ' for url 'https://openapiproext.bnf.fr/iiif/presentation/v3/ark:/12148/bd6t560867p/manifest.json'
For more information check: https://developer.mozilla.org/en-US/docs/Web/HTTP/Status/403",2026-07-17T15:56:51.804284
humanite,bd6t5608681,,failed,0,0,,http_manifest,known,403,manifest,"Client error '403 ' for url 'https://openapiproext.bnf.fr/iiif/presentation/v3/ark:/12148/bd6t5608681/manifest.json'
For more information check: https://developer.mozilla.org/en-US/docs/Web/HTTP/Status/403",2026-07-17T15:56:53.008495
humanite,bd6t560869c,,failed,0,0,,http_manifest,known,403,manifest,"Client error '403 ' for url 'https://openapiproext.bnf.fr/iiif/presentation/v3/ark:/12148/bd6t560869c/manifest.json'
For more information check: https://developer.mozilla.org/en-US/docs/Web/HTTP/Status/403",2026-07-17T15:56:54.231739
humanite,bd6t560870k,,failed,0,0,,http_manifest,known,403,manifest,"Client error '403 ' for url 'https://openapiproext.bnf.fr/iiif/presentation/v3/ark:/12148/bd6t560870k/manifest.json'
For more information check: https://developer.mozilla.org/en-US/docs/Web/HTTP/Status/403",2026-07-17T15:56:55.411849
humanite,bd6t560871x,,failed,0,0,,http_manifest,known,403,manifest,"Client error '403 ' for url 'https://openapiproext.bnf.fr/iiif/presentation/v3/ark:/12148/bd6t560871x/manifest.json'
For more information check: https://developer.mozilla.org/en-US/docs/Web/HTTP/Status/403",2026-07-17T15:56:56.612976
humanite,bd6t5608728,,failed,0,0,,http_manifest,known,403,manifest,"Client error '403 ' for url 'https://openapiproext.bnf.fr/iiif/presentation/v3/ark:/12148/bd6t5608728/manifest.json'
For more information check: https://developer.mozilla.org/en-US/docs/Web/HTTP/Status/403",2026-07-17T15:56:57.815253
humanite,bd6t560873m,,failed,0,0,,http_manifest,known,403,manifest,"Client error '403 ' for url 'https://openapiproext.bnf.fr/iiif/presentation/v3/ark:/12148/bd6t560873m/manifest.json'
For more information check: https://developer.mozilla.org/en-US/docs/Web/HTTP/Status/403",2026-07-17T15:56:59.098114
humanite,bd6t560874z,,failed,0,0,,http_manifest,known,403,manifest,"Client error '403 ' for url 'https://openapiproext.bnf.fr/iiif/presentation/v3/ark:/12148/bd6t560874z/manifest.json'
For more information check: https://developer.mozilla.org/en-US/docs/Web/HTTP/Status/403",2026-07-17T15:57:00.219602
humanite,bd6t5608759,,failed,0,0,,http_manifest,known,403,manifest,"Client error '403 ' for url 'https://openapiproext.bnf.fr/iiif/presentation/v3/ark:/12148/bd6t5608759/manifest.json'
For more information check: https://developer.mozilla.org/en-US/docs/Web/HTTP/Status/403",2026-07-17T15:57:01.414018
humanite,bd6t560876n,,failed,0,0,,http_manifest,known,403,manifest,"Client error '403 ' for url 'https://openapiproext.bnf.fr/iiif/presentation/v3/ark:/12148/bd6t560876n/manifest.json'
For more information check: https://developer.mozilla.org/en-US/docs/Web/HTTP/Status/403",2026-07-17T15:57:02.625011
humanite,bd6t5608770,,failed,0,0,,http_manifest,known,403,manifest,"Client error '403 ' for url 'https://openapiproext.bnf.fr/iiif/presentation/v3/ark:/12148/bd6t5608770/manifest.json'
For more information check: https://developer.mozilla.org/en-US/docs/Web/HTTP/Status/403",2026-07-17T15:57:03.968410
humanite,bd6t560878b,,failed,0,0,,http_manifest,known,403,manifest,"Client error '403 ' for url 'https://openapiproext.bnf.fr/iiif/presentation/v3/ark:/12148/bd6t560878b/manifest.json'
For more information check: https://developer.mozilla.org/en-US/docs/Web/HTTP/Status/403",2026-07-17T15:57:05.171060
humanite,bd6t560879p,,failed,0,0,,http_manifest,known,403,manifest,"Client error '403 ' for url 'https://openapiproext.bnf.fr/iiif/presentation/v3/ark:/12148/bd6t560879p/manifest.json'
For more information check: https://developer.mozilla.org/en-US/docs/Web/HTTP/Status/403",2026-07-17T15:57:06.252573
humanite,bd6t560880w,,failed,0,0,,http_manifest,known,403,manifest,"Client error '403 ' for url 'https://openapiproext.bnf.fr/iiif/presentation/v3/ark:/12148/bd6t560880w/manifest.json'
For more information check: https://developer.mozilla.org/en-US/docs/Web/HTTP/Status/403",2026-07-17T15:57:07.431212
humanite,bd6t5608817,,failed,0,0,,http_manifest,known,403,manifest,"Client error '403 ' for url 'https://openapiproext.bnf.fr/iiif/presentation/v3/ark:/12148/bd6t5608817/manifest.json'
For more information check: https://developer.mozilla.org/en-US/docs/Web/HTTP/Status/403",2026-07-17T15:57:08.684300
humanite,bd6t560882k,,failed,0,0,,http_manifest,known,403,manifest,"Client error '403 ' for url 'https://openapiproext.bnf.fr/iiif/presentation/v3/ark:/12148/bd6t560882k/manifest.json'
For more information check: https://developer.mozilla.org/en-US/docs/Web/HTTP/Status/403",2026-07-17T15:57:09.834346
humanite,bd6t560883x,,failed,0,0,,http_manifest,known,403,manifest,"Client error '403 ' for url 'https://openapiproext.bnf.fr/iiif/presentation/v3/ark:/12148/bd6t560883x/manifest.json'
For more information check: https://developer.mozilla.org/en-US/docs/Web/HTTP/Status/403",2026-07-17T15:57:11.171846
humanite,bd6t5608848,,failed,0,0,,http_manifest,known,403,manifest,"Client error '403 ' for url 'https://openapiproext.bnf.fr/iiif/presentation/v3/ark:/12148/bd6t5608848/manifest.json'
For more information check: https://developer.mozilla.org/en-US/docs/Web/HTTP/Status/403",2026-07-17T15:57:12.235699
humanite,bd6t560885m,,failed,0,0,,http_manifest,known,403,manifest,"Client error '403 ' for url 'https://openapiproext.bnf.fr/iiif/presentation/v3/ark:/12148/bd6t560885m/manifest.json'
For more information check: https://developer.mozilla.org/en-US/docs/Web/HTTP/Status/403",2026-07-17T15:57:13.639540
humanite,bd6t560886z,,failed,0,0,,http_manifest,known,403,manifest,"Client error '403 ' for url 'https://openapiproext.bnf.fr/iiif/presentation/v3/ark:/12148/bd6t560886z/manifest.json'
For more information check: https://developer.mozilla.org/en-US/docs/Web/HTTP/Status/403",2026-07-17T15:57:14.761469
humanite,bd6t5608879,,failed,0,0,,http_manifest,known,403,manifest,"Client error '403 ' for url 'https://openapiproext.bnf.fr/iiif/presentation/v3/ark:/12148/bd6t5608879/manifest.json'
For more information check: https://developer.mozilla.org/en-US/docs/Web/HTTP/Status/403",2026-07-17T15:57:15.850918
humanite,bd6t560888n,,failed,0,0,,http_manifest,known,403,manifest,"Client error '403 ' for url 'https://openapiproext.bnf.fr/iiif/presentation/v3/ark:/12148/bd6t560888n/manifest.json'
For more information check: https://developer.mozilla.org/en-US/docs/Web/HTTP/Status/403",2026-07-17T15:57:17.214577
humanite,bd6t5608890,,failed,0,0,,http_manifest,known,403,manifest,"Client error '403 ' for url 'https://openapiproext.bnf.fr/iiif/presentation/v3/ark:/12148/bd6t5608890/manifest.json'
For more information check: https://developer.mozilla.org/en-US/docs/Web/HTTP/Status/403",2026-07-17T15:57:18.299541
humanite,bd6t5608906,,failed,0,0,,http_manifest,known,403,manifest,"Client error '403 ' for url 'https://openapiproext.bnf.fr/iiif/presentation/v3/ark:/12148/bd6t5608906/manifest.json'
For more information check: https://developer.mozilla.org/en-US/docs/Web/HTTP/Status/403",2026-07-17T15:57:19.640176
humanite,bd6t560891j,,failed,0,0,,http_manifest,known,403,manifest,"Client error '403 ' for url 'https://openapiproext.bnf.fr/iiif/presentation/v3/ark:/12148/bd6t560891j/manifest.json'
For more information check: https://developer.mozilla.org/en-US/docs/Web/HTTP/Status/403",2026-07-17T15:57:20.644095
humanite,bd6t560892w,,failed,0,0,,http_manifest,known,403,manifest,"Client error '403 ' for url 'https://openapiproext.bnf.fr/iiif/presentation/v3/ark:/12148/bd6t560892w/manifest.json'
For more information check: https://developer.mozilla.org/en-US/docs/Web/HTTP/Status/403",2026-07-17T15:57:21.848028
humanite,bd6t5608937,,failed,0,0,,http_manifest,known,403,manifest,"Client error '403 ' for url 'https://openapiproext.bnf.fr/iiif/presentation/v3/ark:/12148/bd6t5608937/manifest.json'
For more information check: https://developer.mozilla.org/en-US/docs/Web/HTTP/Status/403",2026-07-17T15:57:23.048255
humanite,bd6t560894k,,failed,0,0,,http_manifest,known,403,manifest,"Client error '403 ' for url 'https://openapiproext.bnf.fr/iiif/presentation/v3/ark:/12148/bd6t560894k/manifest.json'
For more information check: https://developer.mozilla.org/en-US/docs/Web/HTTP/Status/403",2026-07-17T15:57:24.268427
humanite,bd6t560895x,,failed,0,0,,http_manifest,known,403,manifest,"Client error '403 ' for url 'https://openapiproext.bnf.fr/iiif/presentation/v3/ark:/12148/bd6t560895x/manifest.json'
For more information check: https://developer.mozilla.org/en-US/docs/Web/HTTP/Status/403",2026-07-17T15:57:25.443527
humanite,bd6t5608968,,failed,0,0,,http_manifest,known,403,manifest,"Client error '403 ' for url 'https://openapiproext.bnf.fr/iiif/presentation/v3/ark:/12148/bd6t5608968/manifest.json'
For more information check: https://developer.mozilla.org/en-US/docs/Web/HTTP/Status/403",2026-07-17T15:57:26.648589
humanite,bd6t560897m,,failed,0,0,,http_manifest,known,403,manifest,"Client error '403 ' for url 'https://openapiproext.bnf.fr/iiif/presentation/v3/ark:/12148/bd6t560897m/manifest.json'
For more information check: https://developer.mozilla.org/en-US/docs/Web/HTTP/Status/403",2026-07-17T15:57:27.851966
humanite,bd6t560898z,,failed,0,0,,http_manifest,known,403,manifest,"Client error '403 ' for url 'https://openapiproext.bnf.fr/iiif/presentation/v3/ark:/12148/bd6t560898z/manifest.json'
For more information check: https://developer.mozilla.org/en-US/docs/Web/HTTP/Status/403",2026-07-17T15:57:29.050009
humanite,bd6t5608999,,failed,0,0,,http_manifest,known,403,manifest,"Client error '403 ' for url 'https://openapiproext.bnf.fr/iiif/presentation/v3/ark:/12148/bd6t5608999/manifest.json'
For more information check: https://developer.mozilla.org/en-US/docs/Web/HTTP/Status/403",2026-07-17T15:57:30.255413
humanite,bd6t560900p,,failed,0,0,,http_manifest,known,403,manifest,"Client error '403 ' for url 'https://openapiproext.bnf.fr/iiif/presentation/v3/ark:/12148/bd6t560900p/manifest.json'
For more information check: https://developer.mozilla.org/en-US/docs/Web/HTTP/Status/403",2026-07-17T15:57:31.453808
humanite,bd6t5609011,,failed,0,0,,http_manifest,known,403,manifest,"Client error '403 ' for url 'https://openapiproext.bnf.fr/iiif/presentation/v3/ark:/12148/bd6t5609011/manifest.json'
For more information check: https://developer.mozilla.org/en-US/docs/Web/HTTP/Status/403",2026-07-17T15:57:32.653508
humanite,bd6t560902c,,failed,0,0,,http_manifest,known,403,manifest,"Client error '403 ' for url 'https://openapiproext.bnf.fr/iiif/presentation/v3/ark:/12148/bd6t560902c/manifest.json'
For more information check: https://developer.mozilla.org/en-US/docs/Web/HTTP/Status/403",2026-07-17T15:57:33.856953
humanite,bd6t560903q,,failed,0,0,,http_manifest,known,403,manifest,"Client error '403 ' for url 'https://openapiproext.bnf.fr/iiif/presentation/v3/ark:/12148/bd6t560903q/manifest.json'
For more information check: https://developer.mozilla.org/en-US/docs/Web/HTTP/Status/403",2026-07-17T15:57:35.059376
humanite,bd6t5609042,,failed,0,0,,http_manifest,known,403,manifest,"Client error '403 ' for url 'https://openapiproext.bnf.fr/iiif/presentation/v3/ark:/12148/bd6t5609042/manifest.json'
For more information check: https://developer.mozilla.org/en-US/docs/Web/HTTP/Status/403",2026-07-17T15:57:36.288987
humanite,bd6t560905d,,failed,0,0,,http_manifest,known,403,manifest,"Client error '403 ' for url 'https://openapiproext.bnf.fr/iiif/presentation/v3/ark:/12148/bd6t560905d/manifest.json'
For more information check: https://developer.mozilla.org/en-US/docs/Web/HTTP/Status/403",2026-07-17T15:57:37.461547
humanite,bd6t560906r,,failed,0,0,,http_manifest,known,403,manifest,"Client error '403 ' for url 'https://openapiproext.bnf.fr/iiif/presentation/v3/ark:/12148/bd6t560906r/manifest.json'
For more information check: https://developer.mozilla.org/en-US/docs/Web/HTTP/Status/403",2026-07-17T15:57:38.661186
humanite,bd6t5609073,,failed,0,0,,http_manifest,known,403,manifest,"Client error '403 ' for url 'https://openapiproext.bnf.fr/iiif/presentation/v3/ark:/12148/bd6t5609073/manifest.json'
For more information check: https://developer.mozilla.org/en-US/docs/Web/HTTP/Status/403",2026-07-17T15:57:39.865420
humanite,bd6t560908f,,failed,0,0,,http_manifest,known,403,manifest,"Client error '403 ' for url 'https://openapiproext.bnf.fr/iiif/presentation/v3/ark:/12148/bd6t560908f/manifest.json'
For more information check: https://developer.mozilla.org/en-US/docs/Web/HTTP/Status/403",2026-07-17T15:57:41.066273
humanite,bd6t560909s,,failed,0,0,,http_manifest,known,403,manifest,"Client error '403 ' for url 'https://openapiproext.bnf.fr/iiif/presentation/v3/ark:/12148/bd6t560909s/manifest.json'
For more information check: https://developer.mozilla.org/en-US/docs/Web/HTTP/Status/403",2026-07-17T15:57:42.267385
humanite,bd6t5609100,,failed,0,0,,http_manifest,known,403,manifest,"Client error '403 ' for url 'https://openapiproext.bnf.fr/iiif/presentation/v3/ark:/12148/bd6t5609100/manifest.json'
For more information check: https://developer.mozilla.org/en-US/docs/Web/HTTP/Status/403",2026-07-17T15:57:43.470587
humanite,bd6t560755d,,failed,0,0,,http_manifest,known,403,manifest,"Client error '403 ' for url 'https://openapiproext.bnf.fr/iiif/presentation/v3/ark:/12148/bd6t560755d/manifest.json'
For more information check: https://developer.mozilla.org/en-US/docs/Web/HTTP/Status/403",2026-07-17T15:57:44.668078
humanite,bd6t560756r,,failed,0,0,,http_manifest,known,403,manifest,"Client error '403 ' for url 'https://openapiproext.bnf.fr/iiif/presentation/v3/ark:/12148/bd6t560756r/manifest.json'
For more information check: https://developer.mozilla.org/en-US/docs/Web/HTTP/Status/403",2026-07-17T15:57:45.868705
humanite,bd6t5607573,,failed,0,0,,http_manifest,known,403,manifest,"Client error '403 ' for url 'https://openapiproext.bnf.fr/iiif/presentation/v3/ark:/12148/bd6t5607573/manifest.json'
For more information check: https://developer.mozilla.org/en-US/docs/Web/HTTP/Status/403",2026-07-17T15:57:47.072049
humanite,bd6t560758f,,failed,0,0,,http_manifest,known,403,manifest,"Client error '403 ' for url 'https://openapiproext.bnf.fr/iiif/presentation/v3/ark:/12148/bd6t560758f/manifest.json'
For more information check: https://developer.mozilla.org/en-US/docs/Web/HTTP/Status/403",2026-07-17T15:57:48.295809
humanite,bd6t560759s,,failed,0,0,,http_manifest,known,403,manifest,"Client error '403 ' for url 'https://openapiproext.bnf.fr/iiif/presentation/v3/ark:/12148/bd6t560759s/manifest.json'
For more information check: https://developer.mozilla.org/en-US/docs/Web/HTTP/Status/403",2026-07-17T15:57:49.470238
humanite,bd6t5607600,,failed,0,0,,http_manifest,known,403,manifest,"Client error '403 ' for url 'https://openapiproext.bnf.fr/iiif/presentation/v3/ark:/12148/bd6t5607600/manifest.json'
For more information check: https://developer.mozilla.org/en-US/docs/Web/HTTP/Status/403",2026-07-17T15:57:50.674878
humanite,bd6t560761b,,failed,0,0,,http_manifest,known,403,manifest,"Client error '403 ' for url 'https://openapiproext.bnf.fr/iiif/presentation/v3/ark:/12148/bd6t560761b/manifest.json'
For more information check: https://developer.mozilla.org/en-US/docs/Web/HTTP/Status/403",2026-07-17T15:57:51.872081
humanite,bd6t560762p,,failed,0,0,,http_manifest,known,403,manifest,"Client error '403 ' for url 'https://openapiproext.bnf.fr/iiif/presentation/v3/ark:/12148/bd6t560762p/manifest.json'
For more information check: https://developer.mozilla.org/en-US/docs/Web/HTTP/Status/403",2026-07-17T15:57:53.078455
humanite,bd6t5607631,,failed,0,0,,http_manifest,known,403,manifest,"Client error '403 ' for url 'https://openapiproext.bnf.fr/iiif/presentation/v3/ark:/12148/bd6t5607631/manifest.json'
For more information check: https://developer.mozilla.org/en-US/docs/Web/HTTP/Status/403",2026-07-17T15:57:54.303589
humanite,bd6t560764c,,failed,0,0,,http_manifest,known,403,manifest,"Client error '403 ' for url 'https://openapiproext.bnf.fr/iiif/presentation/v3/ark:/12148/bd6t560764c/manifest.json'
For more information check: https://developer.mozilla.org/en-US/docs/Web/HTTP/Status/403",2026-07-17T15:57:55.484985
humanite,bd6t560765q,,failed,0,0,,http_manifest,known,403,manifest,"Client error '403 ' for url 'https://openapiproext.bnf.fr/iiif/presentation/v3/ark:/12148/bd6t560765q/manifest.json'
For more information check: https://developer.mozilla.org/en-US/docs/Web/HTTP/Status/403",2026-07-17T15:57:56.683023
humanite,bd6t5607662,,failed,0,0,,http_manifest,known,403,manifest,"Client error '403 ' for url 'https://openapiproext.bnf.fr/iiif/presentation/v3/ark:/12148/bd6t5607662/manifest.json'
For more information check: https://developer.mozilla.org/en-US/docs/Web/HTTP/Status/403",2026-07-17T15:57:57.884493
humanite,bd6t560767d,,failed,0,0,,http_manifest,known,403,manifest,"Client error '403 ' for url 'https://openapiproext.bnf.fr/iiif/presentation/v3/ark:/12148/bd6t560767d/manifest.json'
For more information check: https://developer.mozilla.org/en-US/docs/Web/HTTP/Status/403",2026-07-17T15:57:59.141104
humanite,bd6t560768r,,failed,0,0,,http_manifest,known,403,manifest,"Client error '403 ' for url 'https://openapiproext.bnf.fr/iiif/presentation/v3/ark:/12148/bd6t560768r/manifest.json'
For more information check: https://developer.mozilla.org/en-US/docs/Web/HTTP/Status/403",2026-07-17T15:58:00.410348
humanite,bd6t5607693,,failed,0,0,,http_manifest,known,403,manifest,"Client error '403 ' for url 'https://openapiproext.bnf.fr/iiif/presentation/v3/ark:/12148/bd6t5607693/manifest.json'
For more information check: https://developer.mozilla.org/en-US/docs/Web/HTTP/Status/403",2026-07-17T15:58:01.506919
humanite,bd6t5607709,,failed,0,0,,http_manifest,known,403,manifest,"Client error '403 ' for url 'https://openapiproext.bnf.fr/iiif/presentation/v3/ark:/12148/bd6t5607709/manifest.json'
For more information check: https://developer.mozilla.org/en-US/docs/Web/HTTP/Status/403",2026-07-17T15:58:02.698951
humanite,bd6t560771n,,failed,0,0,,http_manifest,known,403,manifest,"Client error '403 ' for url 'https://openapiproext.bnf.fr/iiif/presentation/v3/ark:/12148/bd6t560771n/manifest.json'
For more information check: https://developer.mozilla.org/en-US/docs/Web/HTTP/Status/403",2026-07-17T15:58:04.008851
humanite,bd6t5607720,,failed,0,0,,http_manifest,known,403,manifest,"Client error '403 ' for url 'https://openapiproext.bnf.fr/iiif/presentation/v3/ark:/12148/bd6t5607720/manifest.json'
For more information check: https://developer.mozilla.org/en-US/docs/Web/HTTP/Status/403",2026-07-17T15:58:05.103989
humanite,bd6t560773b,,failed,0,0,,http_manifest,known,403,manifest,"Client error '403 ' for url 'https://openapiproext.bnf.fr/iiif/presentation/v3/ark:/12148/bd6t560773b/manifest.json'
For more information check: https://developer.mozilla.org/en-US/docs/Web/HTTP/Status/403",2026-07-17T15:58:06.440277
humanite,bd6t560774p,,failed,0,0,,http_manifest,known,403,manifest,"Client error '403 ' for url 'https://openapiproext.bnf.fr/iiif/presentation/v3/ark:/12148/bd6t560774p/manifest.json'
For more information check: https://developer.mozilla.org/en-US/docs/Web/HTTP/Status/403",2026-07-17T15:58:07.499177
humanite,bd6t5607751,,failed,0,0,,http_manifest,known,403,manifest,"Client error '403 ' for url 'https://openapiproext.bnf.fr/iiif/presentation/v3/ark:/12148/bd6t5607751/manifest.json'
For more information check: https://developer.mozilla.org/en-US/docs/Web/HTTP/Status/403",2026-07-17T15:58:08.698326
humanite,bd6t560776c,,failed,0,0,,http_manifest,known,403,manifest,"Client error '403 ' for url 'https://openapiproext.bnf.fr/iiif/presentation/v3/ark:/12148/bd6t560776c/manifest.json'
For more information check: https://developer.mozilla.org/en-US/docs/Web/HTTP/Status/403",2026-07-17T15:58:09.899004
humanite,bd6t560777q,,failed,0,0,,http_manifest,known,403,manifest,"Client error '403 ' for url 'https://openapiproext.bnf.fr/iiif/presentation/v3/ark:/12148/bd6t560777q/manifest.json'
For more information check: https://developer.mozilla.org/en-US/docs/Web/HTTP/Status/403",2026-07-17T15:58:11.275432
humanite,bd6t5607782,,failed,0,0,,http_manifest,known,403,manifest,"Client error '403 ' for url 'https://openapiproext.bnf.fr/iiif/presentation/v3/ark:/12148/bd6t5607782/manifest.json'
For more information check: https://developer.mozilla.org/en-US/docs/Web/HTTP/Status/403",2026-07-17T15:58:12.399006
humanite,bd6t560779d,,failed,0,0,,http_manifest,known,403,manifest,"Client error '403 ' for url 'https://openapiproext.bnf.fr/iiif/presentation/v3/ark:/12148/bd6t560779d/manifest.json'
For more information check: https://developer.mozilla.org/en-US/docs/Web/HTTP/Status/403",2026-07-17T15:58:13.515635
humanite,bd6t560780m,,failed,0,0,,http_manifest,known,403,manifest,"Client error '403 ' for url 'https://openapiproext.bnf.fr/iiif/presentation/v3/ark:/12148/bd6t560780m/manifest.json'
For more information check: https://developer.mozilla.org/en-US/docs/Web/HTTP/Status/403",2026-07-17T15:58:14.718246
humanite,bd6t560781z,,failed,0,0,,http_manifest,known,403,manifest,"Client error '403 ' for url 'https://openapiproext.bnf.fr/iiif/presentation/v3/ark:/12148/bd6t560781z/manifest.json'
For more information check: https://developer.mozilla.org/en-US/docs/Web/HTTP/Status/403",2026-07-17T15:58:15.907802
humanite,bd6t5607829,,failed,0,0,,http_manifest,known,403,manifest,"Client error '403 ' for url 'https://openapiproext.bnf.fr/iiif/presentation/v3/ark:/12148/bd6t5607829/manifest.json'
For more information check: https://developer.mozilla.org/en-US/docs/Web/HTTP/Status/403",2026-07-17T15:58:17.237106
humanite,bd6t560783n,,failed,0,0,,http_manifest,known,403,manifest,"Client error '403 ' for url 'https://openapiproext.bnf.fr/iiif/presentation/v3/ark:/12148/bd6t560783n/manifest.json'
For more information check: https://developer.mozilla.org/en-US/docs/Web/HTTP/Status/403",2026-07-17T15:58:18.419444
humanite,bd6t5607840,,failed,0,0,,http_manifest,known,403,manifest,"Client error '403 ' for url 'https://openapiproext.bnf.fr/iiif/presentation/v3/ark:/12148/bd6t5607840/manifest.json'
For more information check: https://developer.mozilla.org/en-US/docs/Web/HTTP/Status/403",2026-07-17T15:58:19.540119
humanite,bd6t560785b,,failed,0,0,,http_manifest,known,403,manifest,"Client error '403 ' for url 'https://openapiproext.bnf.fr/iiif/presentation/v3/ark:/12148/bd6t560785b/manifest.json'
For more information check: https://developer.mozilla.org/en-US/docs/Web/HTTP/Status/403",2026-07-17T15:58:20.713751
humanite,bd6t560786p,,failed,0,0,,http_manifest,known,403,manifest,"Client error '403 ' for url 'https://openapiproext.bnf.fr/iiif/presentation/v3/ark:/12148/bd6t560786p/manifest.json'
For more information check: https://developer.mozilla.org/en-US/docs/Web/HTTP/Status/403",2026-07-17T15:58:21.917407
humanite,bd6t5607871,,failed,0,0,,http_manifest,known,403,manifest,"Client error '403 ' for url 'https://openapiproext.bnf.fr/iiif/presentation/v3/ark:/12148/bd6t5607871/manifest.json'
For more information check: https://developer.mozilla.org/en-US/docs/Web/HTTP/Status/403",2026-07-17T15:58:23.113711
humanite,bd6t560788c,,failed,0,0,,http_manifest,known,403,manifest,"Client error '403 ' for url 'https://openapiproext.bnf.fr/iiif/presentation/v3/ark:/12148/bd6t560788c/manifest.json'
For more information check: https://developer.mozilla.org/en-US/docs/Web/HTTP/Status/403",2026-07-17T15:58:24.318448
humanite,bd6t560789q,,failed,0,0,,http_manifest,known,403,manifest,"Client error '403 ' for url 'https://openapiproext.bnf.fr/iiif/presentation/v3/ark:/12148/bd6t560789q/manifest.json'
For more information check: https://developer.mozilla.org/en-US/docs/Web/HTTP/Status/403",2026-07-17T15:58:25.519389
humanite,bd6t560790x,,failed,0,0,,http_manifest,known,403,manifest,"Client error '403 ' for url 'https://openapiproext.bnf.fr/iiif/presentation/v3/ark:/12148/bd6t560790x/manifest.json'
For more information check: https://developer.mozilla.org/en-US/docs/Web/HTTP/Status/403",2026-07-17T15:58:26.718880
humanite,bd6t5607918,,failed,0,0,,http_manifest,known,403,manifest,"Client error '403 ' for url 'https://openapiproext.bnf.fr/iiif/presentation/v3/ark:/12148/bd6t5607918/manifest.json'
For more information check: https://developer.mozilla.org/en-US/docs/Web/HTTP/Status/403",2026-07-17T15:58:27.923202
humanite,bd6t560792m,,failed,0,0,,http_manifest,known,403,manifest,"Client error '403 ' for url 'https://openapiproext.bnf.fr/iiif/presentation/v3/ark:/12148/bd6t560792m/manifest.json'
For more information check: https://developer.mozilla.org/en-US/docs/Web/HTTP/Status/403",2026-07-17T15:58:29.121283
humanite,bd6t560793z,,failed,0,0,,http_manifest,known,403,manifest,"Client error '403 ' for url 'https://openapiproext.bnf.fr/iiif/presentation/v3/ark:/12148/bd6t560793z/manifest.json'
For more information check: https://developer.mozilla.org/en-US/docs/Web/HTTP/Status/403",2026-07-17T15:58:30.356895
humanite,bd6t5607949,,failed,0,0,,http_manifest,known,403,manifest,"Client error '403 ' for url 'https://openapiproext.bnf.fr/iiif/presentation/v3/ark:/12148/bd6t5607949/manifest.json'
For more information check: https://developer.mozilla.org/en-US/docs/Web/HTTP/Status/403",2026-07-17T15:58:31.525292
humanite,bd6t560795n,,failed,0,0,,http_manifest,known,403,manifest,"Client error '403 ' for url 'https://openapiproext.bnf.fr/iiif/presentation/v3/ark:/12148/bd6t560795n/manifest.json'
For more information check: https://developer.mozilla.org/en-US/docs/Web/HTTP/Status/403",2026-07-17T15:58:32.726115
humanite,bd6t5607960,,failed,0,0,,http_manifest,known,403,manifest,"Client error '403 ' for url 'https://openapiproext.bnf.fr/iiif/presentation/v3/ark:/12148/bd6t5607960/manifest.json'
For more information check: https://developer.mozilla.org/en-US/docs/Web/HTTP/Status/403",2026-07-17T15:58:33.933841
humanite,bd6t560797b,,failed,0,0,,http_manifest,known,403,manifest,"Client error '403 ' for url 'https://openapiproext.bnf.fr/iiif/presentation/v3/ark:/12148/bd6t560797b/manifest.json'
For more information check: https://developer.mozilla.org/en-US/docs/Web/HTTP/Status/403",2026-07-17T15:58:35.128986
humanite,bd6t560798p,,failed,0,0,,http_manifest,known,403,manifest,"Client error '403 ' for url 'https://openapiproext.bnf.fr/iiif/presentation/v3/ark:/12148/bd6t560798p/manifest.json'
For more information check: https://developer.mozilla.org/en-US/docs/Web/HTTP/Status/403",2026-07-17T15:58:36.356774
humanite,bd6t5607991,,failed,0,0,,http_manifest,known,403,manifest,"Client error '403 ' for url 'https://openapiproext.bnf.fr/iiif/presentation/v3/ark:/12148/bd6t5607991/manifest.json'
For more information check: https://developer.mozilla.org/en-US/docs/Web/HTTP/Status/403",2026-07-17T15:58:37.531898
humanite,bd6t560800d,,failed,0,0,,http_manifest,known,403,manifest,"Client error '403 ' for url 'https://openapiproext.bnf.fr/iiif/presentation/v3/ark:/12148/bd6t560800d/manifest.json'
For more information check: https://developer.mozilla.org/en-US/docs/Web/HTTP/Status/403",2026-07-17T15:58:38.733515
humanite,bd6t560801r,,failed,0,0,,http_manifest,known,403,manifest,"Client error '403 ' for url 'https://openapiproext.bnf.fr/iiif/presentation/v3/ark:/12148/bd6t560801r/manifest.json'
For more information check: https://developer.mozilla.org/en-US/docs/Web/HTTP/Status/403",2026-07-17T15:58:39.933849
humanite,bd6t5608023,,failed,0,0,,http_manifest,known,403,manifest,"Client error '403 ' for url 'https://openapiproext.bnf.fr/iiif/presentation/v3/ark:/12148/bd6t5608023/manifest.json'
For more information check: https://developer.mozilla.org/en-US/docs/Web/HTTP/Status/403",2026-07-17T15:58:41.135581
humanite,bd6t560803f,,failed,0,0,,http_manifest,known,403,manifest,"Client error '403 ' for url 'https://openapiproext.bnf.fr/iiif/presentation/v3/ark:/12148/bd6t560803f/manifest.json'
For more information check: https://developer.mozilla.org/en-US/docs/Web/HTTP/Status/403",2026-07-17T15:58:42.335889
humanite,bd6t560804s,,failed,0,0,,http_manifest,known,403,manifest,"Client error '403 ' for url 'https://openapiproext.bnf.fr/iiif/presentation/v3/ark:/12148/bd6t560804s/manifest.json'
For more information check: https://developer.mozilla.org/en-US/docs/Web/HTTP/Status/403",2026-07-17T15:58:43.538948
humanite,bd6t5608054,,failed,0,0,,http_manifest,known,403,manifest,"Client error '403 ' for url 'https://openapiproext.bnf.fr/iiif/presentation/v3/ark:/12148/bd6t5608054/manifest.json'
For more information check: https://developer.mozilla.org/en-US/docs/Web/HTTP/Status/403",2026-07-17T15:58:44.738378
humanite,bd6t560806g,,failed,0,0,,http_manifest,known,403,manifest,"Client error '403 ' for url 'https://openapiproext.bnf.fr/iiif/presentation/v3/ark:/12148/bd6t560806g/manifest.json'
For more information check: https://developer.mozilla.org/en-US/docs/Web/HTTP/Status/403",2026-07-17T15:58:45.936973
humanite,bd6t560807t,,failed,0,0,,http_manifest,known,403,manifest,"Client error '403 ' for url 'https://openapiproext.bnf.fr/iiif/presentation/v3/ark:/12148/bd6t560807t/manifest.json'
For more information check: https://developer.mozilla.org/en-US/docs/Web/HTTP/Status/403",2026-07-17T15:58:47.143242
humanite,bd6t5608085,,failed,0,0,,http_manifest,known,403,manifest,"Client error '403 ' for url 'https://openapiproext.bnf.fr/iiif/presentation/v3/ark:/12148/bd6t5608085/manifest.json'
For more information check: https://developer.mozilla.org/en-US/docs/Web/HTTP/Status/403",2026-07-17T15:58:48.371922
humanite,bd6t560809h,,failed,0,0,,http_manifest,known,403,manifest,"Client error '403 ' for url 'https://openapiproext.bnf.fr/iiif/presentation/v3/ark:/12148/bd6t560809h/manifest.json'
For more information check: https://developer.mozilla.org/en-US/docs/Web/HTTP/Status/403",2026-07-17T15:58:49.545767
humanite,bd6t560810q,,failed,0,0,,http_manifest,known,403,manifest,"Client error '403 ' for url 'https://openapiproext.bnf.fr/iiif/presentation/v3/ark:/12148/bd6t560810q/manifest.json'
For more information check: https://developer.mozilla.org/en-US/docs/Web/HTTP/Status/403",2026-07-17T15:58:50.747178
humanite,bd6t5608112,,failed,0,0,,http_manifest,known,403,manifest,"Client error '403 ' for url 'https://openapiproext.bnf.fr/iiif/presentation/v3/ark:/12148/bd6t5608112/manifest.json'
For more information check: https://developer.mozilla.org/en-US/docs/Web/HTTP/Status/403",2026-07-17T15:58:51.949703
humanite,bd6t560812d,,failed,0,0,,http_manifest,known,403,manifest,"Client error '403 ' for url 'https://openapiproext.bnf.fr/iiif/presentation/v3/ark:/12148/bd6t560812d/manifest.json'
For more information check: https://developer.mozilla.org/en-US/docs/Web/HTTP/Status/403",2026-07-17T15:58:53.151251
humanite,bd6t560813r,,failed,0,0,,http_manifest,known,403,manifest,"Client error '403 ' for url 'https://openapiproext.bnf.fr/iiif/presentation/v3/ark:/12148/bd6t560813r/manifest.json'
For more information check: https://developer.mozilla.org/en-US/docs/Web/HTTP/Status/403",2026-07-17T15:58:54.351712
humanite,bd6t5608143,,failed,0,0,,http_manifest,known,403,manifest,"Client error '403 ' for url 'https://openapiproext.bnf.fr/iiif/presentation/v3/ark:/12148/bd6t5608143/manifest.json'
For more information check: https://developer.mozilla.org/en-US/docs/Web/HTTP/Status/403",2026-07-17T15:58:55.550118
humanite,bd6t560815f,,failed,0,0,,http_manifest,known,403,manifest,"Client error '403 ' for url 'https://openapiproext.bnf.fr/iiif/presentation/v3/ark:/12148/bd6t560815f/manifest.json'
For more information check: https://developer.mozilla.org/en-US/docs/Web/HTTP/Status/403",2026-07-17T15:58:56.755287
humanite,bd6t560816s,,failed,0,0,,http_manifest,known,403,manifest,"Client error '403 ' for url 'https://openapiproext.bnf.fr/iiif/presentation/v3/ark:/12148/bd6t560816s/manifest.json'
For more information check: https://developer.mozilla.org/en-US/docs/Web/HTTP/Status/403",2026-07-17T15:58:58.216925
humanite,bd6t5608174,,failed,0,0,,http_manifest,known,403,manifest,"Client error '403 ' for url 'https://openapiproext.bnf.fr/iiif/presentation/v3/ark:/12148/bd6t5608174/manifest.json'
For more information check: https://developer.mozilla.org/en-US/docs/Web/HTTP/Status/403",2026-07-17T15:58:59.171161
humanite,bd6t560818g,,failed,0,0,,http_manifest,known,403,manifest,"Client error '403 ' for url 'https://openapiproext.bnf.fr/iiif/presentation/v3/ark:/12148/bd6t560818g/manifest.json'
For more information check: https://developer.mozilla.org/en-US/docs/Web/HTTP/Status/403",2026-07-17T15:59:00.388861
humanite,bd6t560819t,,failed,0,0,,http_manifest,known,403,manifest,"Client error '403 ' for url 'https://openapiproext.bnf.fr/iiif/presentation/v3/ark:/12148/bd6t560819t/manifest.json'
For more information check: https://developer.mozilla.org/en-US/docs/Web/HTTP/Status/403",2026-07-17T15:59:01.831031
humanite,bd6t5608201,,failed,0,0,,http_manifest,known,403,manifest,"Client error '403 ' for url 'https://openapiproext.bnf.fr/iiif/presentation/v3/ark:/12148/bd6t5608201/manifest.json'
For more information check: https://developer.mozilla.org/en-US/docs/Web/HTTP/Status/403",2026-07-17T15:59:02.767111
humanite,bd6t560821c,,failed,0,0,,http_manifest,known,403,manifest,"Client error '403 ' for url 'https://openapiproext.bnf.fr/iiif/presentation/v3/ark:/12148/bd6t560821c/manifest.json'
For more information check: https://developer.mozilla.org/en-US/docs/Web/HTTP/Status/403",2026-07-17T15:59:03.971998
humanite,bd6t560822q,,failed,0,0,,http_manifest,known,403,manifest,"Client error '403 ' for url 'https://openapiproext.bnf.fr/iiif/presentation/v3/ark:/12148/bd6t560822q/manifest.json'
For more information check: https://developer.mozilla.org/en-US/docs/Web/HTTP/Status/403",2026-07-17T15:59:05.231155
humanite,bd6t5608232,,failed,0,0,,http_manifest,known,403,manifest,"Client error '403 ' for url 'https://openapiproext.bnf.fr/iiif/presentation/v3/ark:/12148/bd6t5608232/manifest.json'
For more information check: https://developer.mozilla.org/en-US/docs/Web/HTTP/Status/403",2026-07-17T15:59:06.422205
humanite,bd6t560824d,,failed,0,0,,http_manifest,known,403,manifest,"Client error '403 ' for url 'https://openapiproext.bnf.fr/iiif/presentation/v3/ark:/12148/bd6t560824d/manifest.json'
For more information check: https://developer.mozilla.org/en-US/docs/Web/HTTP/Status/403",2026-07-17T15:59:07.580608
humanite,bd6t560825r,,failed,0,0,,http_manifest,known,403,manifest,"Client error '403 ' for url 'https://openapiproext.bnf.fr/iiif/presentation/v3/ark:/12148/bd6t560825r/manifest.json'
For more information check: https://developer.mozilla.org/en-US/docs/Web/HTTP/Status/403",2026-07-17T15:59:08.783687
humanite,bd6t5608263,,failed,0,0,,http_manifest,known,403,manifest,"Client error '403 ' for url 'https://openapiproext.bnf.fr/iiif/presentation/v3/ark:/12148/bd6t5608263/manifest.json'
For more information check: https://developer.mozilla.org/en-US/docs/Web/HTTP/Status/403",2026-07-17T15:59:09.975224
humanite,bd6t560827f,,failed,0,0,,http_manifest,known,403,manifest,"Client error '403 ' for url 'https://openapiproext.bnf.fr/iiif/presentation/v3/ark:/12148/bd6t560827f/manifest.json'
For more information check: https://developer.mozilla.org/en-US/docs/Web/HTTP/Status/403",2026-07-17T15:59:11.428836
humanite,bd6t560828s,,failed,0,0,,http_manifest,known,403,manifest,"Client error '403 ' for url 'https://openapiproext.bnf.fr/iiif/presentation/v3/ark:/12148/bd6t560828s/manifest.json'
For more information check: https://developer.mozilla.org/en-US/docs/Web/HTTP/Status/403",2026-07-17T15:59:12.428257
humanite,bd6t5608294,,failed,0,0,,http_manifest,known,403,manifest,"Client error '403 ' for url 'https://openapiproext.bnf.fr/iiif/presentation/v3/ark:/12148/bd6t5608294/manifest.json'
For more information check: https://developer.mozilla.org/en-US/docs/Web/HTTP/Status/403",2026-07-17T15:59:13.753984
humanite,bd6t560830b,,failed,0,0,,http_manifest,known,403,manifest,"Client error '403 ' for url 'https://openapiproext.bnf.fr/iiif/presentation/v3/ark:/12148/bd6t560830b/manifest.json'
For more information check: https://developer.mozilla.org/en-US/docs/Web/HTTP/Status/403",2026-07-17T15:59:14.920109
humanite,bd6t560831p,,failed,0,0,,http_manifest,known,403,manifest,"Client error '403 ' for url 'https://openapiproext.bnf.fr/iiif/presentation/v3/ark:/12148/bd6t560831p/manifest.json'
For more information check: https://developer.mozilla.org/en-US/docs/Web/HTTP/Status/403",2026-07-17T15:59:16.225501
humanite,bd6t5608321,,failed,0,0,,http_manifest,known,403,manifest,"Client error '403 ' for url 'https://openapiproext.bnf.fr/iiif/presentation/v3/ark:/12148/bd6t5608321/manifest.json'
For more information check: https://developer.mozilla.org/en-US/docs/Web/HTTP/Status/403",2026-07-17T15:59:17.417060
humanite,bd6t560184b,,failed,0,0,,http_manifest,known,403,manifest,"Client error '403 ' for url 'https://openapiproext.bnf.fr/iiif/presentation/v3/ark:/12148/bd6t560184b/manifest.json'
For more information check: https://developer.mozilla.org/en-US/docs/Web/HTTP/Status/403",2026-07-17T15:59:18.615247
humanite,bd6t560185p,,failed,0,0,,http_manifest,known,403,manifest,"Client error '403 ' for url 'https://openapiproext.bnf.fr/iiif/presentation/v3/ark:/12148/bd6t560185p/manifest.json'
For more information check: https://developer.mozilla.org/en-US/docs/Web/HTTP/Status/403",2026-07-17T15:59:19.851816
humanite,bd6t5601861,,failed,0,0,,http_manifest,known,403,manifest,"Client error '403 ' for url 'https://openapiproext.bnf.fr/iiif/presentation/v3/ark:/12148/bd6t5601861/manifest.json'
For more information check: https://developer.mozilla.org/en-US/docs/Web/HTTP/Status/403",2026-07-17T15:59:20.796558
humanite,bd6t560187c,,failed,0,0,,http_manifest,known,403,manifest,"Client error '403 ' for url 'https://openapiproext.bnf.fr/iiif/presentation/v3/ark:/12148/bd6t560187c/manifest.json'
For more information check: https://developer.mozilla.org/en-US/docs/Web/HTTP/Status/403",2026-07-17T15:59:21.990355
humanite,bd6t560188q,,failed,0,0,,http_manifest,known,403,manifest,"Client error '403 ' for url 'https://openapiproext.bnf.fr/iiif/presentation/v3/ark:/12148/bd6t560188q/manifest.json'
For more information check: https://developer.mozilla.org/en-US/docs/Web/HTTP/Status/403",2026-07-17T15:59:23.193042
humanite,bd6t5601892,,failed,0,0,,http_manifest,known,403,manifest,"Client error '403 ' for url 'https://openapiproext.bnf.fr/iiif/presentation/v3/ark:/12148/bd6t5601892/manifest.json'
For more information check: https://developer.mozilla.org/en-US/docs/Web/HTTP/Status/403",2026-07-17T15:59:24.393431
humanite,bd6t5601908,,failed,0,0,,http_manifest,known,403,manifest,"Client error '403 ' for url 'https://openapiproext.bnf.fr/iiif/presentation/v3/ark:/12148/bd6t5601908/manifest.json'
For more information check: https://developer.mozilla.org/en-US/docs/Web/HTTP/Status/403",2026-07-17T15:59:25.603421
humanite,bd6t560191m,,failed,0,0,,http_manifest,known,403,manifest,"Client error '403 ' for url 'https://openapiproext.bnf.fr/iiif/presentation/v3/ark:/12148/bd6t560191m/manifest.json'
For more information check: https://developer.mozilla.org/en-US/docs/Web/HTTP/Status/403",2026-07-17T15:59:26.802445
humanite,bd6t560192z,,failed,0,0,,http_manifest,known,403,manifest,"Client error '403 ' for url 'https://openapiproext.bnf.fr/iiif/presentation/v3/ark:/12148/bd6t560192z/manifest.json'
For more information check: https://developer.mozilla.org/en-US/docs/Web/HTTP/Status/403",2026-07-17T15:59:28.028484
humanite,bd6t5601939,,failed,0,0,,http_manifest,known,403,manifest,"Client error '403 ' for url 'https://openapiproext.bnf.fr/iiif/presentation/v3/ark:/12148/bd6t5601939/manifest.json'
For more information check: https://developer.mozilla.org/en-US/docs/Web/HTTP/Status/403",2026-07-17T15:59:29.203077
humanite,bd6t560194n,,failed,0,0,,http_manifest,known,403,manifest,"Client error '403 ' for url 'https://openapiproext.bnf.fr/iiif/presentation/v3/ark:/12148/bd6t560194n/manifest.json'
For more information check: https://developer.mozilla.org/en-US/docs/Web/HTTP/Status/403",2026-07-17T15:59:30.400829
humanite,bd6t5601950,,failed,0,0,,http_manifest,known,403,manifest,"Client error '403 ' for url 'https://openapiproext.bnf.fr/iiif/presentation/v3/ark:/12148/bd6t5601950/manifest.json'
For more information check: https://developer.mozilla.org/en-US/docs/Web/HTTP/Status/403",2026-07-17T15:59:31.605481
humanite,bd6t560196b,,failed,0,0,,http_manifest,known,403,manifest,"Client error '403 ' for url 'https://openapiproext.bnf.fr/iiif/presentation/v3/ark:/12148/bd6t560196b/manifest.json'
For more information check: https://developer.mozilla.org/en-US/docs/Web/HTTP/Status/403",2026-07-17T15:59:32.807034
humanite,bd6t560197p,,failed,0,0,,http_manifest,known,403,manifest,"Client error '403 ' for url 'https://openapiproext.bnf.fr/iiif/presentation/v3/ark:/12148/bd6t560197p/manifest.json'
For more information check: https://developer.mozilla.org/en-US/docs/Web/HTTP/Status/403",2026-07-17T15:59:34.015910
humanite,bd6t5601981,,failed,0,0,,http_manifest,known,403,manifest,"Client error '403 ' for url 'https://openapiproext.bnf.fr/iiif/presentation/v3/ark:/12148/bd6t5601981/manifest.json'
For more information check: https://developer.mozilla.org/en-US/docs/Web/HTTP/Status/403",2026-07-17T15:59:35.208638
humanite,bd6t560199c,,failed,0,0,,http_manifest,known,403,manifest,"Client error '403 ' for url 'https://openapiproext.bnf.fr/iiif/presentation/v3/ark:/12148/bd6t560199c/manifest.json'
For more information check: https://developer.mozilla.org/en-US/docs/Web/HTTP/Status/403",2026-07-17T15:59:36.411502
humanite,bd6t560200r,,failed,0,0,,http_manifest,known,403,manifest,"Client error '403 ' for url 'https://openapiproext.bnf.fr/iiif/presentation/v3/ark:/12148/bd6t560200r/manifest.json'
For more information check: https://developer.mozilla.org/en-US/docs/Web/HTTP/Status/403",2026-07-17T15:59:37.613678
humanite,bd6t5602013,,failed,0,0,,http_manifest,known,403,manifest,"Client error '403 ' for url 'https://openapiproext.bnf.fr/iiif/presentation/v3/ark:/12148/bd6t5602013/manifest.json'
For more information check: https://developer.mozilla.org/en-US/docs/Web/HTTP/Status/403",2026-07-17T15:59:38.815034
humanite,bd6t560202f,,failed,0,0,,http_manifest,known,403,manifest,"Client error '403 ' for url 'https://openapiproext.bnf.fr/iiif/presentation/v3/ark:/12148/bd6t560202f/manifest.json'
For more information check: https://developer.mozilla.org/en-US/docs/Web/HTTP/Status/403",2026-07-17T15:59:40.040067
humanite,bd6t560203s,,failed,0,0,,http_manifest,known,403,manifest,"Client error '403 ' for url 'https://openapiproext.bnf.fr/iiif/presentation/v3/ark:/12148/bd6t560203s/manifest.json'
For more information check: https://developer.mozilla.org/en-US/docs/Web/HTTP/Status/403",2026-07-17T15:59:41.215515
humanite,bd6t5602044,,failed,0,0,,http_manifest,known,403,manifest,"Client error '403 ' for url 'https://openapiproext.bnf.fr/iiif/presentation/v3/ark:/12148/bd6t5602044/manifest.json'
For more information check: https://developer.mozilla.org/en-US/docs/Web/HTTP/Status/403",2026-07-17T15:59:42.415901
humanite,bd6t560205g,,failed,0,0,,http_manifest,known,403,manifest,"Client error '403 ' for url 'https://openapiproext.bnf.fr/iiif/presentation/v3/ark:/12148/bd6t560205g/manifest.json'
For more information check: https://developer.mozilla.org/en-US/docs/Web/HTTP/Status/403",2026-07-17T15:59:43.616692
humanite,bd6t560206t,,failed,0,0,,http_manifest,known,403,manifest,"Client error '403 ' for url 'https://openapiproext.bnf.fr/iiif/presentation/v3/ark:/12148/bd6t560206t/manifest.json'
For more information check: https://developer.mozilla.org/en-US/docs/Web/HTTP/Status/403",2026-07-17T15:59:44.819064
humanite,bd6t5602075,,failed,0,0,,http_manifest,known,403,manifest,"Client error '403 ' for url 'https://openapiproext.bnf.fr/iiif/presentation/v3/ark:/12148/bd6t5602075/manifest.json'
For more information check: https://developer.mozilla.org/en-US/docs/Web/HTTP/Status/403",2026-07-17T15:59:46.016326
humanite,bd6t560208h,,failed,0,0,,http_manifest,known,403,manifest,"Client error '403 ' for url 'https://openapiproext.bnf.fr/iiif/presentation/v3/ark:/12148/bd6t560208h/manifest.json'
For more information check: https://developer.mozilla.org/en-US/docs/Web/HTTP/Status/403",2026-07-17T15:59:47.223697
humanite,bd6t560209v,,failed,0,0,,http_manifest,known,403,manifest,"Client error '403 ' for url 'https://openapiproext.bnf.fr/iiif/presentation/v3/ark:/12148/bd6t560209v/manifest.json'
For more information check: https://developer.mozilla.org/en-US/docs/Web/HTTP/Status/403",2026-07-17T15:59:48.423863
humanite,bd6t5602102,,failed,0,0,,http_manifest,known,403,manifest,"Client error '403 ' for url 'https://openapiproext.bnf.fr/iiif/presentation/v3/ark:/12148/bd6t5602102/manifest.json'
For more information check: https://developer.mozilla.org/en-US/docs/Web/HTTP/Status/403",2026-07-17T15:59:49.623580
humanite,bd6t560211d,,failed,0,0,,http_manifest,known,403,manifest,"Client error '403 ' for url 'https://openapiproext.bnf.fr/iiif/presentation/v3/ark:/12148/bd6t560211d/manifest.json'
For more information check: https://developer.mozilla.org/en-US/docs/Web/HTTP/Status/403",2026-07-17T15:59:50.825393
humanite,bd6t560212r,,failed,0,0,,http_manifest,known,403,manifest,"Client error '403 ' for url 'https://openapiproext.bnf.fr/iiif/presentation/v3/ark:/12148/bd6t560212r/manifest.json'
For more information check: https://developer.mozilla.org/en-US/docs/Web/HTTP/Status/403",2026-07-17T15:59:52.028697
humanite,bd6t5602133,,failed,0,0,,http_manifest,known,403,manifest,"Client error '403 ' for url 'https://openapiproext.bnf.fr/iiif/presentation/v3/ark:/12148/bd6t5602133/manifest.json'
For more information check: https://developer.mozilla.org/en-US/docs/Web/HTTP/Status/403",2026-07-17T15:59:53.228819
humanite,bd6t560214f,,failed,0,0,,http_manifest,known,403,manifest,"Client error '403 ' for url 'https://openapiproext.bnf.fr/iiif/presentation/v3/ark:/12148/bd6t560214f/manifest.json'
For more information check: https://developer.mozilla.org/en-US/docs/Web/HTTP/Status/403",2026-07-17T15:59:54.436576
humanite,bd6t560215s,,failed,0,0,,http_manifest,known,403,manifest,"Client error '403 ' for url 'https://openapiproext.bnf.fr/iiif/presentation/v3/ark:/12148/bd6t560215s/manifest.json'
For more information check: https://developer.mozilla.org/en-US/docs/Web/HTTP/Status/403",2026-07-17T15:59:55.633368
humanite,bd6t5602164,,failed,0,0,,http_manifest,known,403,manifest,"Client error '403 ' for url 'https://openapiproext.bnf.fr/iiif/presentation/v3/ark:/12148/bd6t5602164/manifest.json'
For more information check: https://developer.mozilla.org/en-US/docs/Web/HTTP/Status/403",2026-07-17T15:59:56.834043
humanite,bd6t560217g,,failed,0,0,,http_manifest,known,403,manifest,"Client error '403 ' for url 'https://openapiproext.bnf.fr/iiif/presentation/v3/ark:/12148/bd6t560217g/manifest.json'
For more information check: https://developer.mozilla.org/en-US/docs/Web/HTTP/Status/403",2026-07-17T15:59:58.042922
humanite,bd6t560218t,,failed,0,0,,http_manifest,known,403,manifest,"Client error '403 ' for url 'https://openapiproext.bnf.fr/iiif/presentation/v3/ark:/12148/bd6t560218t/manifest.json'
For more information check: https://developer.mozilla.org/en-US/docs/Web/HTTP/Status/403",2026-07-17T15:59:59.270629
humanite,bd6t5602195,,failed,0,0,,http_manifest,known,403,manifest,"Client error '403 ' for url 'https://openapiproext.bnf.fr/iiif/presentation/v3/ark:/12148/bd6t5602195/manifest.json'
For more information check: https://developer.mozilla.org/en-US/docs/Web/HTTP/Status/403",2026-07-17T16:00:00.442326
humanite,bd6t560220c,,failed,0,0,,http_manifest,known,403,manifest,"Client error '403 ' for url 'https://openapiproext.bnf.fr/iiif/presentation/v3/ark:/12148/bd6t560220c/manifest.json'
For more information check: https://developer.mozilla.org/en-US/docs/Web/HTTP/Status/403",2026-07-17T16:00:01.716893
humanite,bd6t560221q,,failed,0,0,,http_manifest,known,403,manifest,"Client error '403 ' for url 'https://openapiproext.bnf.fr/iiif/presentation/v3/ark:/12148/bd6t560221q/manifest.json'
For more information check: https://developer.mozilla.org/en-US/docs/Web/HTTP/Status/403",2026-07-17T16:00:02.845037
humanite,bd6t5602222,,failed,0,0,,http_manifest,known,403,manifest,"Client error '403 ' for url 'https://openapiproext.bnf.fr/iiif/presentation/v3/ark:/12148/bd6t5602222/manifest.json'
For more information check: https://developer.mozilla.org/en-US/docs/Web/HTTP/Status/403",2026-07-17T16:00:04.308125
humanite,bd6t560223d,,failed,0,0,,http_manifest,known,403,manifest,"Client error '403 ' for url 'https://openapiproext.bnf.fr/iiif/presentation/v3/ark:/12148/bd6t560223d/manifest.json'
For more information check: https://developer.mozilla.org/en-US/docs/Web/HTTP/Status/403",2026-07-17T16:00:05.339935
humanite,bd6t560224r,,failed,0,0,,http_manifest,known,403,manifest,"Client error '403 ' for url 'https://openapiproext.bnf.fr/iiif/presentation/v3/ark:/12148/bd6t560224r/manifest.json'
For more information check: https://developer.mozilla.org/en-US/docs/Web/HTTP/Status/403",2026-07-17T16:00:06.708769
humanite,bd6t5602253,,failed,0,0,,http_manifest,known,403,manifest,"Client error '403 ' for url 'https://openapiproext.bnf.fr/iiif/presentation/v3/ark:/12148/bd6t5602253/manifest.json'
For more information check: https://developer.mozilla.org/en-US/docs/Web/HTTP/Status/403",2026-07-17T16:00:07.680616
humanite,bd6t560226f,,failed,0,0,,http_manifest,known,403,manifest,"Client error '403 ' for url 'https://openapiproext.bnf.fr/iiif/presentation/v3/ark:/12148/bd6t560226f/manifest.json'
For more information check: https://developer.mozilla.org/en-US/docs/Web/HTTP/Status/403",2026-07-17T16:00:08.850883
humanite,bd6t560227s,,failed,0,0,,http_manifest,known,403,manifest,"Client error '403 ' for url 'https://openapiproext.bnf.fr/iiif/presentation/v3/ark:/12148/bd6t560227s/manifest.json'
For more information check: https://developer.mozilla.org/en-US/docs/Web/HTTP/Status/403",2026-07-17T16:00:10.055872
humanite,bd6t5602284,,failed,0,0,,http_manifest,known,403,manifest,"Client error '403 ' for url 'https://openapiproext.bnf.fr/iiif/presentation/v3/ark:/12148/bd6t5602284/manifest.json'
For more information check: https://developer.mozilla.org/en-US/docs/Web/HTTP/Status/403",2026-07-17T16:00:11.468011
humanite,bd6t560229g,,failed,0,0,,http_manifest,known,403,manifest,"Client error '403 ' for url 'https://openapiproext.bnf.fr/iiif/presentation/v3/ark:/12148/bd6t560229g/manifest.json'
For more information check: https://developer.mozilla.org/en-US/docs/Web/HTTP/Status/403",2026-07-17T16:00:12.673427
humanite,bd6t560230p,,failed,0,0,,http_manifest,known,403,manifest,"Client error '403 ' for url 'https://openapiproext.bnf.fr/iiif/presentation/v3/ark:/12148/bd6t560230p/manifest.json'
For more information check: https://developer.mozilla.org/en-US/docs/Web/HTTP/Status/403",2026-07-17T16:00:13.877040
humanite,bd6t5602311,,failed,0,0,,http_manifest,known,403,manifest,"Client error '403 ' for url 'https://openapiproext.bnf.fr/iiif/presentation/v3/ark:/12148/bd6t5602311/manifest.json'
For more information check: https://developer.mozilla.org/en-US/docs/Web/HTTP/Status/403",2026-07-17T16:00:15.075438
humanite,bd6t560232c,,failed,0,0,,http_manifest,known,403,manifest,"Client error '403 ' for url 'https://openapiproext.bnf.fr/iiif/presentation/v3/ark:/12148/bd6t560232c/manifest.json'
For more information check: https://developer.mozilla.org/en-US/docs/Web/HTTP/Status/403",2026-07-17T16:00:16.276772
humanite,bd6t560233q,,failed,0,0,,http_manifest,known,403,manifest,"Client error '403 ' for url 'https://openapiproext.bnf.fr/iiif/presentation/v3/ark:/12148/bd6t560233q/manifest.json'
For more information check: https://developer.mozilla.org/en-US/docs/Web/HTTP/Status/403",2026-07-17T16:00:17.482986
humanite,bd6t5602342,,failed,0,0,,http_manifest,known,403,manifest,"Client error '403 ' for url 'https://openapiproext.bnf.fr/iiif/presentation/v3/ark:/12148/bd6t5602342/manifest.json'
For more information check: https://developer.mozilla.org/en-US/docs/Web/HTTP/Status/403",2026-07-17T16:00:18.690556
humanite,bd6t560235d,,failed,0,0,,http_manifest,known,403,manifest,"Client error '403 ' for url 'https://openapiproext.bnf.fr/iiif/presentation/v3/ark:/12148/bd6t560235d/manifest.json'
For more information check: https://developer.mozilla.org/en-US/docs/Web/HTTP/Status/403",2026-07-17T16:00:19.916777
humanite,bd6t560236r,,failed,0,0,,http_manifest,known,403,manifest,"Client error '403 ' for url 'https://openapiproext.bnf.fr/iiif/presentation/v3/ark:/12148/bd6t560236r/manifest.json'
For more information check: https://developer.mozilla.org/en-US/docs/Web/HTTP/Status/403",2026-07-17T16:00:21.079472
humanite,bd6t5602373,,failed,0,0,,http_manifest,known,403,manifest,"Client error '403 ' for url 'https://openapiproext.bnf.fr/iiif/presentation/v3/ark:/12148/bd6t5602373/manifest.json'
For more information check: https://developer.mozilla.org/en-US/docs/Web/HTTP/Status/403",2026-07-17T16:00:22.293706
humanite,bd6t560238f,,failed,0,0,,http_manifest,known,403,manifest,"Client error '403 ' for url 'https://openapiproext.bnf.fr/iiif/presentation/v3/ark:/12148/bd6t560238f/manifest.json'
For more information check: https://developer.mozilla.org/en-US/docs/Web/HTTP/Status/403",2026-07-17T16:00:23.481311
humanite,bd6t560239s,,failed,0,0,,http_manifest,known,403,manifest,"Client error '403 ' for url 'https://openapiproext.bnf.fr/iiif/presentation/v3/ark:/12148/bd6t560239s/manifest.json'
For more information check: https://developer.mozilla.org/en-US/docs/Web/HTTP/Status/403",2026-07-17T16:00:24.684268
humanite,bd6t5602400,,failed,0,0,,http_manifest,known,403,manifest,"Client error '403 ' for url 'https://openapiproext.bnf.fr/iiif/presentation/v3/ark:/12148/bd6t5602400/manifest.json'
For more information check: https://developer.mozilla.org/en-US/docs/Web/HTTP/Status/403",2026-07-17T16:00:25.886489
humanite,bd6t560241b,,failed,0,0,,http_manifest,known,403,manifest,"Client error '403 ' for url 'https://openapiproext.bnf.fr/iiif/presentation/v3/ark:/12148/bd6t560241b/manifest.json'
For more information check: https://developer.mozilla.org/en-US/docs/Web/HTTP/Status/403",2026-07-17T16:00:27.089758
humanite,bd6t560242p,,failed,0,0,,http_manifest,known,403,manifest,"Client error '403 ' for url 'https://openapiproext.bnf.fr/iiif/presentation/v3/ark:/12148/bd6t560242p/manifest.json'
For more information check: https://developer.mozilla.org/en-US/docs/Web/HTTP/Status/403",2026-07-17T16:00:28.289829
humanite,bd6t5602431,,failed,0,0,,http_manifest,known,403,manifest,"Client error '403 ' for url 'https://openapiproext.bnf.fr/iiif/presentation/v3/ark:/12148/bd6t5602431/manifest.json'
For more information check: https://developer.mozilla.org/en-US/docs/Web/HTTP/Status/403",2026-07-17T16:00:29.490250
humanite,bd6t560244c,,failed,0,0,,http_manifest,known,403,manifest,"Client error '403 ' for url 'https://openapiproext.bnf.fr/iiif/presentation/v3/ark:/12148/bd6t560244c/manifest.json'
For more information check: https://developer.mozilla.org/en-US/docs/Web/HTTP/Status/403",2026-07-17T16:00:30.692773
humanite,bd6t560245q,,failed,0,0,,http_manifest,known,403,manifest,"Client error '403 ' for url 'https://openapiproext.bnf.fr/iiif/presentation/v3/ark:/12148/bd6t560245q/manifest.json'
For more information check: https://developer.mozilla.org/en-US/docs/Web/HTTP/Status/403",2026-07-17T16:00:31.893122
humanite,bd6t5602462,,failed,0,0,,http_manifest,known,403,manifest,"Client error '403 ' for url 'https://openapiproext.bnf.fr/iiif/presentation/v3/ark:/12148/bd6t5602462/manifest.json'
For more information check: https://developer.mozilla.org/en-US/docs/Web/HTTP/Status/403",2026-07-17T16:00:33.092079
humanite,bd6t560247d,,failed,0,0,,http_manifest,known,403,manifest,"Client error '403 ' for url 'https://openapiproext.bnf.fr/iiif/presentation/v3/ark:/12148/bd6t560247d/manifest.json'
For more information check: https://developer.mozilla.org/en-US/docs/Web/HTTP/Status/403",2026-07-17T16:00:34.292919
humanite,bd6t560248r,,failed,0,0,,http_manifest,known,403,manifest,"Client error '403 ' for url 'https://openapiproext.bnf.fr/iiif/presentation/v3/ark:/12148/bd6t560248r/manifest.json'
For more information check: https://developer.mozilla.org/en-US/docs/Web/HTTP/Status/403",2026-07-17T16:00:35.498342
humanite,bd6t5602493,,failed,0,0,,http_manifest,known,403,manifest,"Client error '403 ' for url 'https://openapiproext.bnf.fr/iiif/presentation/v3/ark:/12148/bd6t5602493/manifest.json'
For more information check: https://developer.mozilla.org/en-US/docs/Web/HTTP/Status/403",2026-07-17T16:00:36.697923
humanite,bd6t5602509,,failed,0,0,,http_manifest,known,403,manifest,"Client error '403 ' for url 'https://openapiproext.bnf.fr/iiif/presentation/v3/ark:/12148/bd6t5602509/manifest.json'
For more information check: https://developer.mozilla.org/en-US/docs/Web/HTTP/Status/403",2026-07-17T16:00:37.899992
humanite,bd6t560251n,,failed,0,0,,http_manifest,known,403,manifest,"Client error '403 ' for url 'https://openapiproext.bnf.fr/iiif/presentation/v3/ark:/12148/bd6t560251n/manifest.json'
For more information check: https://developer.mozilla.org/en-US/docs/Web/HTTP/Status/403",2026-07-17T16:00:39.112000
humanite,bd6t5602520,,failed,0,0,,http_manifest,known,403,manifest,"Client error '403 ' for url 'https://openapiproext.bnf.fr/iiif/presentation/v3/ark:/12148/bd6t5602520/manifest.json'
For more information check: https://developer.mozilla.org/en-US/docs/Web/HTTP/Status/403",2026-07-17T16:00:40.302538
humanite,bd6t560253b,,failed,0,0,,http_manifest,known,403,manifest,"Client error '403 ' for url 'https://openapiproext.bnf.fr/iiif/presentation/v3/ark:/12148/bd6t560253b/manifest.json'
For more information check: https://developer.mozilla.org/en-US/docs/Web/HTTP/Status/403",2026-07-17T16:00:41.509899
humanite,bd6t560254p,,failed,0,0,,http_manifest,known,403,manifest,"Client error '403 ' for url 'https://openapiproext.bnf.fr/iiif/presentation/v3/ark:/12148/bd6t560254p/manifest.json'
For more information check: https://developer.mozilla.org/en-US/docs/Web/HTTP/Status/403",2026-07-17T16:00:42.709395
humanite,bd6t5602551,,failed,0,0,,http_manifest,known,403,manifest,"Client error '403 ' for url 'https://openapiproext.bnf.fr/iiif/presentation/v3/ark:/12148/bd6t5602551/manifest.json'
For more information check: https://developer.mozilla.org/en-US/docs/Web/HTTP/Status/403",2026-07-17T16:00:43.908814
humanite,bd6t560256c,,failed,0,0,,http_manifest,known,403,manifest,"Client error '403 ' for url 'https://openapiproext.bnf.fr/iiif/presentation/v3/ark:/12148/bd6t560256c/manifest.json'
For more information check: https://developer.mozilla.org/en-US/docs/Web/HTTP/Status/403",2026-07-17T16:00:45.109630
humanite,bd6t560257q,,failed,0,0,,http_manifest,known,403,manifest,"Client error '403 ' for url 'https://openapiproext.bnf.fr/iiif/presentation/v3/ark:/12148/bd6t560257q/manifest.json'
For more information check: https://developer.mozilla.org/en-US/docs/Web/HTTP/Status/403",2026-07-17T16:00:46.313222
humanite,bd6t5602582,,failed,0,0,,http_manifest,known,403,manifest,"Client error '403 ' for url 'https://openapiproext.bnf.fr/iiif/presentation/v3/ark:/12148/bd6t5602582/manifest.json'
For more information check: https://developer.mozilla.org/en-US/docs/Web/HTTP/Status/403",2026-07-17T16:00:47.512712
humanite,bd6t560259d,,failed,0,0,,http_manifest,known,403,manifest,"Client error '403 ' for url 'https://openapiproext.bnf.fr/iiif/presentation/v3/ark:/12148/bd6t560259d/manifest.json'
For more information check: https://developer.mozilla.org/en-US/docs/Web/HTTP/Status/403",2026-07-17T16:00:48.713974
humanite,bd6t560260m,,failed,0,0,,http_manifest,known,403,manifest,"Client error '403 ' for url 'https://openapiproext.bnf.fr/iiif/presentation/v3/ark:/12148/bd6t560260m/manifest.json'
For more information check: https://developer.mozilla.org/en-US/docs/Web/HTTP/Status/403",2026-07-17T16:00:49.914272
humanite,bd6t560261z,,failed,0,0,,http_manifest,known,403,manifest,"Client error '403 ' for url 'https://openapiproext.bnf.fr/iiif/presentation/v3/ark:/12148/bd6t560261z/manifest.json'
For more information check: https://developer.mozilla.org/en-US/docs/Web/HTTP/Status/403",2026-07-17T16:00:51.131635
humanite,bd6t5602629,,failed,0,0,,http_manifest,known,403,manifest,"Client error '403 ' for url 'https://openapiproext.bnf.fr/iiif/presentation/v3/ark:/12148/bd6t5602629/manifest.json'
For more information check: https://developer.mozilla.org/en-US/docs/Web/HTTP/Status/403",2026-07-17T16:00:52.320202
humanite,bd6t557069n,,failed,0,0,,http_manifest,known,403,manifest,"Client error '403 ' for url 'https://openapiproext.bnf.fr/iiif/presentation/v3/ark:/12148/bd6t557069n/manifest.json'
For more information check: https://developer.mozilla.org/en-US/docs/Web/HTTP/Status/403",2026-07-17T16:00:53.518501
humanite,bd6t557070v,,failed,0,0,,http_manifest,known,403,manifest,"Client error '403 ' for url 'https://openapiproext.bnf.fr/iiif/presentation/v3/ark:/12148/bd6t557070v/manifest.json'
For more information check: https://developer.mozilla.org/en-US/docs/Web/HTTP/Status/403",2026-07-17T16:00:54.723164
humanite,bd6t5570716,,failed,0,0,,http_manifest,known,403,manifest,"Client error '403 ' for url 'https://openapiproext.bnf.fr/iiif/presentation/v3/ark:/12148/bd6t5570716/manifest.json'
For more information check: https://developer.mozilla.org/en-US/docs/Web/HTTP/Status/403",2026-07-17T16:00:55.924035
humanite,bd6t557072j,,failed,0,0,,http_manifest,known,403,manifest,"Client error '403 ' for url 'https://openapiproext.bnf.fr/iiif/presentation/v3/ark:/12148/bd6t557072j/manifest.json'
For more information check: https://developer.mozilla.org/en-US/docs/Web/HTTP/Status/403",2026-07-17T16:00:57.140668
humanite,bd6t557073w,,failed,0,0,,http_manifest,known,403,manifest,"Client error '403 ' for url 'https://openapiproext.bnf.fr/iiif/presentation/v3/ark:/12148/bd6t557073w/manifest.json'
For more information check: https://developer.mozilla.org/en-US/docs/Web/HTTP/Status/403",2026-07-17T16:00:58.459411
humanite,bd6t5570747,,failed,0,0,,http_manifest,known,403,manifest,"Client error '403 ' for url 'https://openapiproext.bnf.fr/iiif/presentation/v3/ark:/12148/bd6t5570747/manifest.json'
For more information check: https://developer.mozilla.org/en-US/docs/Web/HTTP/Status/403",2026-07-17T16:00:59.535322
humanite,bd6t557075k,,failed,0,0,,http_manifest,known,403,manifest,"Client error '403 ' for url 'https://openapiproext.bnf.fr/iiif/presentation/v3/ark:/12148/bd6t557075k/manifest.json'
For more information check: https://developer.mozilla.org/en-US/docs/Web/HTTP/Status/403",2026-07-17T16:01:00.851650
humanite,bd6t557076x,,failed,0,0,,http_manifest,known,403,manifest,"Client error '403 ' for url 'https://openapiproext.bnf.fr/iiif/presentation/v3/ark:/12148/bd6t557076x/manifest.json'
For more information check: https://developer.mozilla.org/en-US/docs/Web/HTTP/Status/403",2026-07-17T16:01:01.937378
humanite,bd6t5570778,,failed,0,0,,http_manifest,known,403,manifest,"Client error '403 ' for url 'https://openapiproext.bnf.fr/iiif/presentation/v3/ark:/12148/bd6t5570778/manifest.json'
For more information check: https://developer.mozilla.org/en-US/docs/Web/HTTP/Status/403",2026-07-17T16:01:03.136453
humanite,bd6t557078m,,failed,0,0,,http_manifest,known,403,manifest,"Client error '403 ' for url 'https://openapiproext.bnf.fr/iiif/presentation/v3/ark:/12148/bd6t557078m/manifest.json'
For more information check: https://developer.mozilla.org/en-US/docs/Web/HTTP/Status/403",2026-07-17T16:01:04.382227
humanite,bd6t557079z,,failed,0,0,,http_manifest,known,403,manifest,"Client error '403 ' for url 'https://openapiproext.bnf.fr/iiif/presentation/v3/ark:/12148/bd6t557079z/manifest.json'
For more information check: https://developer.mozilla.org/en-US/docs/Web/HTTP/Status/403",2026-07-17T16:01:05.781340
humanite,bd6t5570805,,failed,0,0,,http_manifest,known,403,manifest,"Client error '403 ' for url 'https://openapiproext.bnf.fr/iiif/presentation/v3/ark:/12148/bd6t5570805/manifest.json'
For more information check: https://developer.mozilla.org/en-US/docs/Web/HTTP/Status/403",2026-07-17T16:01:06.746934
humanite,bd6t557081h,,failed,0,0,,http_manifest,known,403,manifest,"Client error '403 ' for url 'https://openapiproext.bnf.fr/iiif/presentation/v3/ark:/12148/bd6t557081h/manifest.json'
For more information check: https://developer.mozilla.org/en-US/docs/Web/HTTP/Status/403",2026-07-17T16:01:07.948928
humanite,bd6t557082v,,failed,0,0,,http_manifest,known,403,manifest,"Client error '403 ' for url 'https://openapiproext.bnf.fr/iiif/presentation/v3/ark:/12148/bd6t557082v/manifest.json'
For more information check: https://developer.mozilla.org/en-US/docs/Web/HTTP/Status/403",2026-07-17T16:01:09.163364
humanite,bd6t5570836,,failed,0,0,,http_manifest,known,403,manifest,"Client error '403 ' for url 'https://openapiproext.bnf.fr/iiif/presentation/v3/ark:/12148/bd6t5570836/manifest.json'
For more information check: https://developer.mozilla.org/en-US/docs/Web/HTTP/Status/403",2026-07-17T16:01:10.459230
humanite,bd6t557084j,,failed,0,0,,http_manifest,known,403,manifest,"Client error '403 ' for url 'https://openapiproext.bnf.fr/iiif/presentation/v3/ark:/12148/bd6t557084j/manifest.json'
For more information check: https://developer.mozilla.org/en-US/docs/Web/HTTP/Status/403",2026-07-17T16:01:11.551225
humanite,bd6t557085w,,failed,0,0,,http_manifest,known,403,manifest,"Client error '403 ' for url 'https://openapiproext.bnf.fr/iiif/presentation/v3/ark:/12148/bd6t557085w/manifest.json'
For more information check: https://developer.mozilla.org/en-US/docs/Web/HTTP/Status/403",2026-07-17T16:01:12.857507
humanite,bd6t5570867,,failed,0,0,,http_manifest,known,403,manifest,"Client error '403 ' for url 'https://openapiproext.bnf.fr/iiif/presentation/v3/ark:/12148/bd6t5570867/manifest.json'
For more information check: https://developer.mozilla.org/en-US/docs/Web/HTTP/Status/403",2026-07-17T16:01:13.952182
humanite,bd6t557087k,,failed,0,0,,http_manifest,known,403,manifest,"Client error '403 ' for url 'https://openapiproext.bnf.fr/iiif/presentation/v3/ark:/12148/bd6t557087k/manifest.json'
For more information check: https://developer.mozilla.org/en-US/docs/Web/HTTP/Status/403",2026-07-17T16:01:15.285621
humanite,bd6t557088x,,failed,0,0,,http_manifest,known,403,manifest,"Client error '403 ' for url 'https://openapiproext.bnf.fr/iiif/presentation/v3/ark:/12148/bd6t557088x/manifest.json'
For more information check: https://developer.mozilla.org/en-US/docs/Web/HTTP/Status/403",2026-07-17T16:01:16.358558
humanite,bd6t5570898,,failed,0,0,,http_manifest,known,403,manifest,"Client error '403 ' for url 'https://openapiproext.bnf.fr/iiif/presentation/v3/ark:/12148/bd6t5570898/manifest.json'
For more information check: https://developer.mozilla.org/en-US/docs/Web/HTTP/Status/403",2026-07-17T16:01:17.721659
humanite,bd6t557090g,,failed,0,0,,http_manifest,known,403,manifest,"Client error '403 ' for url 'https://openapiproext.bnf.fr/iiif/presentation/v3/ark:/12148/bd6t557090g/manifest.json'
For more information check: https://developer.mozilla.org/en-US/docs/Web/HTTP/Status/403",2026-07-17T16:01:18.765618
humanite,bd6t557091t,,failed,0,0,,http_manifest,known,403,manifest,"Client error '403 ' for url 'https://openapiproext.bnf.fr/iiif/presentation/v3/ark:/12148/bd6t557091t/manifest.json'
For more information check: https://developer.mozilla.org/en-US/docs/Web/HTTP/Status/403",2026-07-17T16:01:20.131824
humanite,bd6t5570925,,failed,0,0,,http_manifest,known,403,manifest,"Client error '403 ' for url 'https://openapiproext.bnf.fr/iiif/presentation/v3/ark:/12148/bd6t5570925/manifest.json'
For more information check: https://developer.mozilla.org/en-US/docs/Web/HTTP/Status/403",2026-07-17T16:01:21.172831
humanite,bd6t557093h,,failed,0,0,,http_manifest,known,403,manifest,"Client error '403 ' for url 'https://openapiproext.bnf.fr/iiif/presentation/v3/ark:/12148/bd6t557093h/manifest.json'
For more information check: https://developer.mozilla.org/en-US/docs/Web/HTTP/Status/403",2026-07-17T16:01:22.364274
humanite,bd6t557094v,,failed,0,0,,http_manifest,known,403,manifest,"Client error '403 ' for url 'https://openapiproext.bnf.fr/iiif/presentation/v3/ark:/12148/bd6t557094v/manifest.json'
For more information check: https://developer.mozilla.org/en-US/docs/Web/HTTP/Status/403",2026-07-17T16:01:23.570850
humanite,bd6t5570956,,failed,0,0,,http_manifest,known,403,manifest,"Client error '403 ' for url 'https://openapiproext.bnf.fr/iiif/presentation/v3/ark:/12148/bd6t5570956/manifest.json'
For more information check: https://developer.mozilla.org/en-US/docs/Web/HTTP/Status/403",2026-07-17T16:01:24.764875
humanite,bd6t557096j,,failed,0,0,,http_manifest,known,403,manifest,"Client error '403 ' for url 'https://openapiproext.bnf.fr/iiif/presentation/v3/ark:/12148/bd6t557096j/manifest.json'
For more information check: https://developer.mozilla.org/en-US/docs/Web/HTTP/Status/403",2026-07-17T16:01:25.966584
humanite,bd6t557097w,,failed,0,0,,http_manifest,known,403,manifest,"Client error '403 ' for url 'https://openapiproext.bnf.fr/iiif/presentation/v3/ark:/12148/bd6t557097w/manifest.json'
For more information check: https://developer.mozilla.org/en-US/docs/Web/HTTP/Status/403",2026-07-17T16:01:27.180312
humanite,bd6t5570987,,failed,0,0,,http_manifest,known,403,manifest,"Client error '403 ' for url 'https://openapiproext.bnf.fr/iiif/presentation/v3/ark:/12148/bd6t5570987/manifest.json'
For more information check: https://developer.mozilla.org/en-US/docs/Web/HTTP/Status/403",2026-07-17T16:01:28.369945
humanite,bd6t557099k,,failed,0,0,,http_manifest,known,403,manifest,"Client error '403 ' for url 'https://openapiproext.bnf.fr/iiif/presentation/v3/ark:/12148/bd6t557099k/manifest.json'
For more information check: https://developer.mozilla.org/en-US/docs/Web/HTTP/Status/403",2026-07-17T16:01:29.570672
humanite,bd6t557100z,,failed,0,0,,http_manifest,known,403,manifest,"Client error '403 ' for url 'https://openapiproext.bnf.fr/iiif/presentation/v3/ark:/12148/bd6t557100z/manifest.json'
For more information check: https://developer.mozilla.org/en-US/docs/Web/HTTP/Status/403",2026-07-17T16:01:30.770641
humanite,bd6t5571019,,failed,0,0,,http_manifest,known,403,manifest,"Client error '403 ' for url 'https://openapiproext.bnf.fr/iiif/presentation/v3/ark:/12148/bd6t5571019/manifest.json'
For more information check: https://developer.mozilla.org/en-US/docs/Web/HTTP/Status/403",2026-07-17T16:01:31.972774
humanite,bd6t557102n,,failed,0,0,,http_manifest,known,403,manifest,"Client error '403 ' for url 'https://openapiproext.bnf.fr/iiif/presentation/v3/ark:/12148/bd6t557102n/manifest.json'
For more information check: https://developer.mozilla.org/en-US/docs/Web/HTTP/Status/403",2026-07-17T16:01:33.296456
humanite,bd6t5571030,,failed,0,0,,http_manifest,known,403,manifest,"Client error '403 ' for url 'https://openapiproext.bnf.fr/iiif/presentation/v3/ark:/12148/bd6t5571030/manifest.json'
For more information check: https://developer.mozilla.org/en-US/docs/Web/HTTP/Status/403",2026-07-17T16:01:34.380715
humanite,bd6t557104b,,failed,0,0,,http_manifest,known,403,manifest,"Client error '403 ' for url 'https://openapiproext.bnf.fr/iiif/presentation/v3/ark:/12148/bd6t557104b/manifest.json'
For more information check: https://developer.mozilla.org/en-US/docs/Web/HTTP/Status/403",2026-07-17T16:01:35.573952
humanite,bd6t557105p,,failed,0,0,,http_manifest,known,403,manifest,"Client error '403 ' for url 'https://openapiproext.bnf.fr/iiif/presentation/v3/ark:/12148/bd6t557105p/manifest.json'
For more information check: https://developer.mozilla.org/en-US/docs/Web/HTTP/Status/403",2026-07-17T16:01:36.777295
humanite,bd6t5571061,,failed,0,0,,http_manifest,known,403,manifest,"Client error '403 ' for url 'https://openapiproext.bnf.fr/iiif/presentation/v3/ark:/12148/bd6t5571061/manifest.json'
For more information check: https://developer.mozilla.org/en-US/docs/Web/HTTP/Status/403",2026-07-17T16:01:37.979492
humanite,bd6t557107c,,failed,0,0,,http_manifest,known,403,manifest,"Client error '403 ' for url 'https://openapiproext.bnf.fr/iiif/presentation/v3/ark:/12148/bd6t557107c/manifest.json'
For more information check: https://developer.mozilla.org/en-US/docs/Web/HTTP/Status/403",2026-07-17T16:01:39.196118
humanite,bd6t557108q,,failed,0,0,,http_manifest,known,403,manifest,"Client error '403 ' for url 'https://openapiproext.bnf.fr/iiif/presentation/v3/ark:/12148/bd6t557108q/manifest.json'
For more information check: https://developer.mozilla.org/en-US/docs/Web/HTTP/Status/403",2026-07-17T16:01:40.383652
humanite,bd6t5571092,,failed,0,0,,http_manifest,known,403,manifest,"Client error '403 ' for url 'https://openapiproext.bnf.fr/iiif/presentation/v3/ark:/12148/bd6t5571092/manifest.json'
For more information check: https://developer.mozilla.org/en-US/docs/Web/HTTP/Status/403",2026-07-17T16:01:41.584383
humanite,bd6t5571108,,failed,0,0,,http_manifest,known,403,manifest,"Client error '403 ' for url 'https://openapiproext.bnf.fr/iiif/presentation/v3/ark:/12148/bd6t5571108/manifest.json'
For more information check: https://developer.mozilla.org/en-US/docs/Web/HTTP/Status/403",2026-07-17T16:01:42.792969
humanite,bd6t557111m,,failed,0,0,,http_manifest,known,403,manifest,"Client error '403 ' for url 'https://openapiproext.bnf.fr/iiif/presentation/v3/ark:/12148/bd6t557111m/manifest.json'
For more information check: https://developer.mozilla.org/en-US/docs/Web/HTTP/Status/403",2026-07-17T16:01:43.986154
humanite,bd6t557112z,,failed,0,0,,http_manifest,known,403,manifest,"Client error '403 ' for url 'https://openapiproext.bnf.fr/iiif/presentation/v3/ark:/12148/bd6t557112z/manifest.json'
For more information check: https://developer.mozilla.org/en-US/docs/Web/HTTP/Status/403",2026-07-17T16:01:45.191893
humanite,bd6t5571139,,failed,0,0,,http_manifest,known,403,manifest,"Client error '403 ' for url 'https://openapiproext.bnf.fr/iiif/presentation/v3/ark:/12148/bd6t5571139/manifest.json'
For more information check: https://developer.mozilla.org/en-US/docs/Web/HTTP/Status/403",2026-07-17T16:01:46.392053
humanite,bd6t557114n,,failed,0,0,,http_manifest,known,403,manifest,"Client error '403 ' for url 'https://openapiproext.bnf.fr/iiif/presentation/v3/ark:/12148/bd6t557114n/manifest.json'
For more information check: https://developer.mozilla.org/en-US/docs/Web/HTTP/Status/403",2026-07-17T16:01:47.592907
humanite,bd6t5571150,,failed,0,0,,http_manifest,known,403,manifest,"Client error '403 ' for url 'https://openapiproext.bnf.fr/iiif/presentation/v3/ark:/12148/bd6t5571150/manifest.json'
For more information check: https://developer.mozilla.org/en-US/docs/Web/HTTP/Status/403",2026-07-17T16:01:48.798559
humanite,bd6t557116b,,failed,0,0,,http_manifest,known,403,manifest,"Client error '403 ' for url 'https://openapiproext.bnf.fr/iiif/presentation/v3/ark:/12148/bd6t557116b/manifest.json'
For more information check: https://developer.mozilla.org/en-US/docs/Web/HTTP/Status/403",2026-07-17T16:01:50.003554
humanite,bd6t557117p,,failed,0,0,,http_manifest,known,403,manifest,"Client error '403 ' for url 'https://openapiproext.bnf.fr/iiif/presentation/v3/ark:/12148/bd6t557117p/manifest.json'
For more information check: https://developer.mozilla.org/en-US/docs/Web/HTTP/Status/403",2026-07-17T16:01:51.201977
humanite,bd6t5571181,,failed,0,0,,http_manifest,known,403,manifest,"Client error '403 ' for url 'https://openapiproext.bnf.fr/iiif/presentation/v3/ark:/12148/bd6t5571181/manifest.json'
For more information check: https://developer.mozilla.org/en-US/docs/Web/HTTP/Status/403",2026-07-17T16:01:52.398640
humanite,bd6t557119c,,failed,0,0,,http_manifest,known,403,manifest,"Client error '403 ' for url 'https://openapiproext.bnf.fr/iiif/presentation/v3/ark:/12148/bd6t557119c/manifest.json'
For more information check: https://developer.mozilla.org/en-US/docs/Web/HTTP/Status/403",2026-07-17T16:01:53.599769
humanite,bd6t557120k,,failed,0,0,,http_manifest,known,403,manifest,"Client error '403 ' for url 'https://openapiproext.bnf.fr/iiif/presentation/v3/ark:/12148/bd6t557120k/manifest.json'
For more information check: https://developer.mozilla.org/en-US/docs/Web/HTTP/Status/403",2026-07-17T16:01:54.803980
humanite,bd6t557121x,,failed,0,0,,http_manifest,known,403,manifest,"Client error '403 ' for url 'https://openapiproext.bnf.fr/iiif/presentation/v3/ark:/12148/bd6t557121x/manifest.json'
For more information check: https://developer.mozilla.org/en-US/docs/Web/HTTP/Status/403",2026-07-17T16:01:56.007283
humanite,bd6t5571228,,failed,0,0,,http_manifest,known,403,manifest,"Client error '403 ' for url 'https://openapiproext.bnf.fr/iiif/presentation/v3/ark:/12148/bd6t5571228/manifest.json'
For more information check: https://developer.mozilla.org/en-US/docs/Web/HTTP/Status/403",2026-07-17T16:01:57.221967
humanite,bd6t557123m,,failed,0,0,,http_manifest,known,403,manifest,"Client error '403 ' for url 'https://openapiproext.bnf.fr/iiif/presentation/v3/ark:/12148/bd6t557123m/manifest.json'
For more information check: https://developer.mozilla.org/en-US/docs/Web/HTTP/Status/403",2026-07-17T16:01:58.544961
humanite,bd6t557124z,,failed,0,0,,http_manifest,known,403,manifest,"Client error '403 ' for url 'https://openapiproext.bnf.fr/iiif/presentation/v3/ark:/12148/bd6t557124z/manifest.json'
For more information check: https://developer.mozilla.org/en-US/docs/Web/HTTP/Status/403",2026-07-17T16:01:59.814212
humanite,bd6t5571259,,failed,0,0,,http_manifest,known,403,manifest,"Client error '403 ' for url 'https://openapiproext.bnf.fr/iiif/presentation/v3/ark:/12148/bd6t5571259/manifest.json'
For more information check: https://developer.mozilla.org/en-US/docs/Web/HTTP/Status/403",2026-07-17T16:02:00.820953
humanite,bd6t557126n,,failed,0,0,,http_manifest,known,403,manifest,"Client error '403 ' for url 'https://openapiproext.bnf.fr/iiif/presentation/v3/ark:/12148/bd6t557126n/manifest.json'
For more information check: https://developer.mozilla.org/en-US/docs/Web/HTTP/Status/403",2026-07-17T16:02:02.284564
humanite,bd6t5571270,,failed,0,0,,http_manifest,known,403,manifest,"Client error '403 ' for url 'https://openapiproext.bnf.fr/iiif/presentation/v3/ark:/12148/bd6t5571270/manifest.json'
For more information check: https://developer.mozilla.org/en-US/docs/Web/HTTP/Status/403",2026-07-17T16:02:03.227736
humanite,bd6t557128b,,failed,0,0,,http_manifest,known,403,manifest,"Client error '403 ' for url 'https://openapiproext.bnf.fr/iiif/presentation/v3/ark:/12148/bd6t557128b/manifest.json'
For more information check: https://developer.mozilla.org/en-US/docs/Web/HTTP/Status/403",2026-07-17T16:02:04.574697
humanite,bd6t557129p,,failed,0,0,,http_manifest,known,403,manifest,"Client error '403 ' for url 'https://openapiproext.bnf.fr/iiif/presentation/v3/ark:/12148/bd6t557129p/manifest.json'
For more information check: https://developer.mozilla.org/en-US/docs/Web/HTTP/Status/403",2026-07-17T16:02:05.820759
humanite,bd6t557130w,,failed,0,0,,http_manifest,known,403,manifest,"Client error '403 ' for url 'https://openapiproext.bnf.fr/iiif/presentation/v3/ark:/12148/bd6t557130w/manifest.json'
For more information check: https://developer.mozilla.org/en-US/docs/Web/HTTP/Status/403",2026-07-17T16:02:06.908333
humanite,bd6t5571317,,failed,0,0,,http_manifest,known,403,manifest,"Client error '403 ' for url 'https://openapiproext.bnf.fr/iiif/presentation/v3/ark:/12148/bd6t5571317/manifest.json'
For more information check: https://developer.mozilla.org/en-US/docs/Web/HTTP/Status/403",2026-07-17T16:02:08.205123
humanite,bd6t557132k,,failed,0,0,,http_manifest,known,403,manifest,"Client error '403 ' for url 'https://openapiproext.bnf.fr/iiif/presentation/v3/ark:/12148/bd6t557132k/manifest.json'
For more information check: https://developer.mozilla.org/en-US/docs/Web/HTTP/Status/403",2026-07-17T16:02:09.384692
humanite,bd6t557133x,,failed,0,0,,http_manifest,known,403,manifest,"Client error '403 ' for url 'https://openapiproext.bnf.fr/iiif/presentation/v3/ark:/12148/bd6t557133x/manifest.json'
For more information check: https://developer.mozilla.org/en-US/docs/Web/HTTP/Status/403",2026-07-17T16:02:10.428513
humanite,bd6t5571348,,failed,0,0,,http_manifest,known,403,manifest,"Client error '403 ' for url 'https://openapiproext.bnf.fr/iiif/presentation/v3/ark:/12148/bd6t5571348/manifest.json'
For more information check: https://developer.mozilla.org/en-US/docs/Web/HTTP/Status/403",2026-07-17T16:02:11.788217
humanite,bd6t557135m,,failed,0,0,,http_manifest,known,403,manifest,"Client error '403 ' for url 'https://openapiproext.bnf.fr/iiif/presentation/v3/ark:/12148/bd6t557135m/manifest.json'
For more information check: https://developer.mozilla.org/en-US/docs/Web/HTTP/Status/403",2026-07-17T16:02:12.830592
humanite,bd6t557136z,,failed,0,0,,http_manifest,known,403,manifest,"Client error '403 ' for url 'https://openapiproext.bnf.fr/iiif/presentation/v3/ark:/12148/bd6t557136z/manifest.json'
For more information check: https://developer.mozilla.org/en-US/docs/Web/HTTP/Status/403",2026-07-17T16:02:14.261330
humanite,bd6t5571379,,failed,0,0,,http_manifest,known,403,manifest,"Client error '403 ' for url 'https://openapiproext.bnf.fr/iiif/presentation/v3/ark:/12148/bd6t5571379/manifest.json'
For more information check: https://developer.mozilla.org/en-US/docs/Web/HTTP/Status/403",2026-07-17T16:02:15.259185
humanite,bd6t557138n,,failed,0,0,,http_manifest,known,403,manifest,"Client error '403 ' for url 'https://openapiproext.bnf.fr/iiif/presentation/v3/ark:/12148/bd6t557138n/manifest.json'
For more information check: https://developer.mozilla.org/en-US/docs/Web/HTTP/Status/403",2026-07-17T16:02:16.623700
humanite,bd6t5571390,,failed,0,0,,http_manifest,known,403,manifest,"Client error '403 ' for url 'https://openapiproext.bnf.fr/iiif/presentation/v3/ark:/12148/bd6t5571390/manifest.json'
For more information check: https://developer.mozilla.org/en-US/docs/Web/HTTP/Status/403",2026-07-17T16:02:17.642625
humanite,bd6t5571406,,failed,0,0,,http_manifest,known,403,manifest,"Client error '403 ' for url 'https://openapiproext.bnf.fr/iiif/presentation/v3/ark:/12148/bd6t5571406/manifest.json'
For more information check: https://developer.mozilla.org/en-US/docs/Web/HTTP/Status/403",2026-07-17T16:02:18.856064
humanite,bd6t557142w,,failed,0,0,,http_manifest,known,403,manifest,"Client error '403 ' for url 'https://openapiproext.bnf.fr/iiif/presentation/v3/ark:/12148/bd6t557142w/manifest.json'
For more information check: https://developer.mozilla.org/en-US/docs/Web/HTTP/Status/403",2026-07-17T16:02:20.066115
humanite,bd6t557141j,,failed,0,0,,http_manifest,known,403,manifest,"Client error '403 ' for url 'https://openapiproext.bnf.fr/iiif/presentation/v3/ark:/12148/bd6t557141j/manifest.json'
For more information check: https://developer.mozilla.org/en-US/docs/Web/HTTP/Status/403",2026-07-17T16:02:21.244054
humanite,bd6t5571437,,failed,0,0,,http_manifest,known,403,manifest,"Client error '403 ' for url 'https://openapiproext.bnf.fr/iiif/presentation/v3/ark:/12148/bd6t5571437/manifest.json'
For more information check: https://developer.mozilla.org/en-US/docs/Web/HTTP/Status/403",2026-07-17T16:02:22.552978
humanite,bd6t557144k,,failed,0,0,,http_manifest,known,403,manifest,"Client error '403 ' for url 'https://openapiproext.bnf.fr/iiif/presentation/v3/ark:/12148/bd6t557144k/manifest.json'
For more information check: https://developer.mozilla.org/en-US/docs/Web/HTTP/Status/403",2026-07-17T16:02:23.654300
humanite,bd6t557145x,,failed,0,0,,http_manifest,known,403,manifest,"Client error '403 ' for url 'https://openapiproext.bnf.fr/iiif/presentation/v3/ark:/12148/bd6t557145x/manifest.json'
For more information check: https://developer.mozilla.org/en-US/docs/Web/HTTP/Status/403",2026-07-17T16:02:24.849718
humanite,bd6t5571468,,failed,0,0,,http_manifest,known,403,manifest,"Client error '403 ' for url 'https://openapiproext.bnf.fr/iiif/presentation/v3/ark:/12148/bd6t5571468/manifest.json'
For more information check: https://developer.mozilla.org/en-US/docs/Web/HTTP/Status/403",2026-07-17T16:02:26.059501
humanite,bd6t557147m,,failed,0,0,,http_manifest,known,403,manifest,"Client error '403 ' for url 'https://openapiproext.bnf.fr/iiif/presentation/v3/ark:/12148/bd6t557147m/manifest.json'
For more information check: https://developer.mozilla.org/en-US/docs/Web/HTTP/Status/403",2026-07-17T16:02:27.248587
humanite,bd6t557148z,,failed,0,0,,http_manifest,known,403,manifest,"Client error '403 ' for url 'https://openapiproext.bnf.fr/iiif/presentation/v3/ark:/12148/bd6t557148z/manifest.json'
For more information check: https://developer.mozilla.org/en-US/docs/Web/HTTP/Status/403",2026-07-17T16:02:28.468324
humanite,bd6t570316m,,failed,0,0,,http_manifest,known,403,manifest,"Client error '403 ' for url 'https://openapiproext.bnf.fr/iiif/presentation/v3/ark:/12148/bd6t570316m/manifest.json'
For more information check: https://developer.mozilla.org/en-US/docs/Web/HTTP/Status/403",2026-07-17T16:02:29.653448
humanite,bd6t570317z,,failed,0,0,,http_manifest,known,403,manifest,"Client error '403 ' for url 'https://openapiproext.bnf.fr/iiif/presentation/v3/ark:/12148/bd6t570317z/manifest.json'
For more information check: https://developer.mozilla.org/en-US/docs/Web/HTTP/Status/403",2026-07-17T16:02:30.858516
humanite,bd6t5703189,,failed,0,0,,http_manifest,known,403,manifest,"Client error '403 ' for url 'https://openapiproext.bnf.fr/iiif/presentation/v3/ark:/12148/bd6t5703189/manifest.json'
For more information check: https://developer.mozilla.org/en-US/docs/Web/HTTP/Status/403",2026-07-17T16:02:32.066718
humanite,bd6t570319n,,failed,0,0,,http_manifest,known,403,manifest,"Client error '403 ' for url 'https://openapiproext.bnf.fr/iiif/presentation/v3/ark:/12148/bd6t570319n/manifest.json'
For more information check: https://developer.mozilla.org/en-US/docs/Web/HTTP/Status/403",2026-07-17T16:02:33.261464
humanite,bd6t570320v,,failed,0,0,,http_manifest,known,403,manifest,"Client error '403 ' for url 'https://openapiproext.bnf.fr/iiif/presentation/v3/ark:/12148/bd6t570320v/manifest.json'
For more information check: https://developer.mozilla.org/en-US/docs/Web/HTTP/Status/403",2026-07-17T16:02:34.468261
humanite,bd6t5703216,,failed,0,0,,http_manifest,known,403,manifest,"Client error '403 ' for url 'https://openapiproext.bnf.fr/iiif/presentation/v3/ark:/12148/bd6t5703216/manifest.json'
For more information check: https://developer.mozilla.org/en-US/docs/Web/HTTP/Status/403",2026-07-17T16:02:35.666844
humanite,bd6t570322j,,failed,0,0,,http_manifest,known,403,manifest,"Client error '403 ' for url 'https://openapiproext.bnf.fr/iiif/presentation/v3/ark:/12148/bd6t570322j/manifest.json'
For more information check: https://developer.mozilla.org/en-US/docs/Web/HTTP/Status/403",2026-07-17T16:02:36.866595
humanite,bd6t570323w,,failed,0,0,,http_manifest,known,403,manifest,"Client error '403 ' for url 'https://openapiproext.bnf.fr/iiif/presentation/v3/ark:/12148/bd6t570323w/manifest.json'
For more information check: https://developer.mozilla.org/en-US/docs/Web/HTTP/Status/403",2026-07-17T16:02:38.061837
humanite,bd6t5703247,,failed,0,0,,http_manifest,known,403,manifest,"Client error '403 ' for url 'https://openapiproext.bnf.fr/iiif/presentation/v3/ark:/12148/bd6t5703247/manifest.json'
For more information check: https://developer.mozilla.org/en-US/docs/Web/HTTP/Status/403",2026-07-17T16:02:39.262157
humanite,bd6t570325k,,failed,0,0,,http_manifest,known,403,manifest,"Client error '403 ' for url 'https://openapiproext.bnf.fr/iiif/presentation/v3/ark:/12148/bd6t570325k/manifest.json'
For more information check: https://developer.mozilla.org/en-US/docs/Web/HTTP/Status/403",2026-07-17T16:02:40.464213
humanite,bd6t570326x,,failed,0,0,,http_manifest,known,403,manifest,"Client error '403 ' for url 'https://openapiproext.bnf.fr/iiif/presentation/v3/ark:/12148/bd6t570326x/manifest.json'
For more information check: https://developer.mozilla.org/en-US/docs/Web/HTTP/Status/403",2026-07-17T16:02:41.668691
humanite,bd6t5703278,,failed,0,0,,http_manifest,known,403,manifest,"Client error '403 ' for url 'https://openapiproext.bnf.fr/iiif/presentation/v3/ark:/12148/bd6t5703278/manifest.json'
For more information check: https://developer.mozilla.org/en-US/docs/Web/HTTP/Status/403",2026-07-17T16:02:42.896083
humanite,bd6t570328m,,failed,0,0,,http_manifest,known,403,manifest,"Client error '403 ' for url 'https://openapiproext.bnf.fr/iiif/presentation/v3/ark:/12148/bd6t570328m/manifest.json'
For more information check: https://developer.mozilla.org/en-US/docs/Web/HTTP/Status/403",2026-07-17T16:02:44.068891
humanite,bd6t570329z,,failed,0,0,,http_manifest,known,403,manifest,"Client error '403 ' for url 'https://openapiproext.bnf.fr/iiif/presentation/v3/ark:/12148/bd6t570329z/manifest.json'
For more information check: https://developer.mozilla.org/en-US/docs/Web/HTTP/Status/403",2026-07-17T16:02:45.276571
humanite,bd6t5703305,,failed,0,0,,http_manifest,known,403,manifest,"Client error '403 ' for url 'https://openapiproext.bnf.fr/iiif/presentation/v3/ark:/12148/bd6t5703305/manifest.json'
For more information check: https://developer.mozilla.org/en-US/docs/Web/HTTP/Status/403",2026-07-17T16:02:46.476884
humanite,bd6t570331h,,failed,0,0,,http_manifest,known,403,manifest,"Client error '403 ' for url 'https://openapiproext.bnf.fr/iiif/presentation/v3/ark:/12148/bd6t570331h/manifest.json'
For more information check: https://developer.mozilla.org/en-US/docs/Web/HTTP/Status/403",2026-07-17T16:02:47.675720
humanite,bd6t570332v,,failed,0,0,,http_manifest,known,403,manifest,"Client error '403 ' for url 'https://openapiproext.bnf.fr/iiif/presentation/v3/ark:/12148/bd6t570332v/manifest.json'
For more information check: https://developer.mozilla.org/en-US/docs/Web/HTTP/Status/403",2026-07-17T16:02:48.877691
humanite,bd6t5703336,,failed,0,0,,http_manifest,known,403,manifest,"Client error '403 ' for url 'https://openapiproext.bnf.fr/iiif/presentation/v3/ark:/12148/bd6t5703336/manifest.json'
For more information check: https://developer.mozilla.org/en-US/docs/Web/HTTP/Status/403",2026-07-17T16:02:50.077799
humanite,bd6t570334j,,failed,0,0,,http_manifest,known,403,manifest,"Client error '403 ' for url 'https://openapiproext.bnf.fr/iiif/presentation/v3/ark:/12148/bd6t570334j/manifest.json'
For more information check: https://developer.mozilla.org/en-US/docs/Web/HTTP/Status/403",2026-07-17T16:02:51.276037
humanite,bd6t570335w,,failed,0,0,,http_manifest,known,403,manifest,"Client error '403 ' for url 'https://openapiproext.bnf.fr/iiif/presentation/v3/ark:/12148/bd6t570335w/manifest.json'
For more information check: https://developer.mozilla.org/en-US/docs/Web/HTTP/Status/403",2026-07-17T16:02:52.489719
humanite,bd6t5703367,,failed,0,0,,http_manifest,known,403,manifest,"Client error '403 ' for url 'https://openapiproext.bnf.fr/iiif/presentation/v3/ark:/12148/bd6t5703367/manifest.json'
For more information check: https://developer.mozilla.org/en-US/docs/Web/HTTP/Status/403",2026-07-17T16:02:53.681742
humanite,bd6t570337k,,failed,0,0,,http_manifest,known,403,manifest,"Client error '403 ' for url 'https://openapiproext.bnf.fr/iiif/presentation/v3/ark:/12148/bd6t570337k/manifest.json'
For more information check: https://developer.mozilla.org/en-US/docs/Web/HTTP/Status/403",2026-07-17T16:02:54.916479
humanite,bd6t570338x,,failed,0,0,,http_manifest,known,403,manifest,"Client error '403 ' for url 'https://openapiproext.bnf.fr/iiif/presentation/v3/ark:/12148/bd6t570338x/manifest.json'
For more information check: https://developer.mozilla.org/en-US/docs/Web/HTTP/Status/403",2026-07-17T16:02:56.085513
humanite,bd6t5703398,,failed,0,0,,http_manifest,known,403,manifest,"Client error '403 ' for url 'https://openapiproext.bnf.fr/iiif/presentation/v3/ark:/12148/bd6t5703398/manifest.json'
For more information check: https://developer.mozilla.org/en-US/docs/Web/HTTP/Status/403",2026-07-17T16:02:57.282170
humanite,bd6t570340g,,failed,0,0,,http_manifest,known,403,manifest,"Client error '403 ' for url 'https://openapiproext.bnf.fr/iiif/presentation/v3/ark:/12148/bd6t570340g/manifest.json'
For more information check: https://developer.mozilla.org/en-US/docs/Web/HTTP/Status/403",2026-07-17T16:02:58.490736
humanite,bd6t570341t,,failed,0,0,,http_manifest,known,403,manifest,"Client error '403 ' for url 'https://openapiproext.bnf.fr/iiif/presentation/v3/ark:/12148/bd6t570341t/manifest.json'
For more information check: https://developer.mozilla.org/en-US/docs/Web/HTTP/Status/403",2026-07-17T16:02:59.687365
humanite,bd6t5703425,,failed,0,0,,http_manifest,known,403,manifest,"Client error '403 ' for url 'https://openapiproext.bnf.fr/iiif/presentation/v3/ark:/12148/bd6t5703425/manifest.json'
For more information check: https://developer.mozilla.org/en-US/docs/Web/HTTP/Status/403",2026-07-17T16:03:00.915653
humanite,bd6t570343h,,failed,0,0,,http_manifest,known,403,manifest,"Client error '403 ' for url 'https://openapiproext.bnf.fr/iiif/presentation/v3/ark:/12148/bd6t570343h/manifest.json'
For more information check: https://developer.mozilla.org/en-US/docs/Web/HTTP/Status/403",2026-07-17T16:03:02.105218
humanite,bd6t570344v,,failed,0,0,,http_manifest,known,403,manifest,"Client error '403 ' for url 'https://openapiproext.bnf.fr/iiif/presentation/v3/ark:/12148/bd6t570344v/manifest.json'
For more information check: https://developer.mozilla.org/en-US/docs/Web/HTTP/Status/403",2026-07-17T16:03:03.301020
humanite,bd6t5703456,,failed,0,0,,http_manifest,known,403,manifest,"Client error '403 ' for url 'https://openapiproext.bnf.fr/iiif/presentation/v3/ark:/12148/bd6t5703456/manifest.json'
For more information check: https://developer.mozilla.org/en-US/docs/Web/HTTP/Status/403",2026-07-17T16:03:04.498422
humanite,bd6t570346j,,failed,0,0,,http_manifest,known,403,manifest,"Client error '403 ' for url 'https://openapiproext.bnf.fr/iiif/presentation/v3/ark:/12148/bd6t570346j/manifest.json'
For more information check: https://developer.mozilla.org/en-US/docs/Web/HTTP/Status/403",2026-07-17T16:03:05.695575
humanite,bd6t570347w,,failed,0,0,,http_manifest,known,403,manifest,"Client error '403 ' for url 'https://openapiproext.bnf.fr/iiif/presentation/v3/ark:/12148/bd6t570347w/manifest.json'
For more information check: https://developer.mozilla.org/en-US/docs/Web/HTTP/Status/403",2026-07-17T16:03:07.008995
humanite,bd6t5703487,,failed,0,0,,http_manifest,known,403,manifest,"Client error '403 ' for url 'https://openapiproext.bnf.fr/iiif/presentation/v3/ark:/12148/bd6t5703487/manifest.json'
For more information check: https://developer.mozilla.org/en-US/docs/Web/HTTP/Status/403",2026-07-17T16:03:08.116053
humanite,bd6t570349k,,failed,0,0,,http_manifest,known,403,manifest,"Client error '403 ' for url 'https://openapiproext.bnf.fr/iiif/presentation/v3/ark:/12148/bd6t570349k/manifest.json'
For more information check: https://developer.mozilla.org/en-US/docs/Web/HTTP/Status/403",2026-07-17T16:03:09.452628
humanite,bd6t570350s,,failed,0,0,,http_manifest,known,403,manifest,"Client error '403 ' for url 'https://openapiproext.bnf.fr/iiif/presentation/v3/ark:/12148/bd6t570350s/manifest.json'
For more information check: https://developer.mozilla.org/en-US/docs/Web/HTTP/Status/403",2026-07-17T16:03:10.868028
humanite,bd6t5703514,,failed,0,0,,http_manifest,known,403,manifest,"Client error '403 ' for url 'https://openapiproext.bnf.fr/iiif/presentation/v3/ark:/12148/bd6t5703514/manifest.json'
For more information check: https://developer.mozilla.org/en-US/docs/Web/HTTP/Status/403",2026-07-17T16:03:11.832807
humanite,bd6t570352g,,failed,0,0,,http_manifest,known,403,manifest,"Client error '403 ' for url 'https://openapiproext.bnf.fr/iiif/presentation/v3/ark:/12148/bd6t570352g/manifest.json'
For more information check: https://developer.mozilla.org/en-US/docs/Web/HTTP/Status/403",2026-07-17T16:03:13.024992
humanite,bd6t570353t,,failed,0,0,,http_manifest,known,403,manifest,"Client error '403 ' for url 'https://openapiproext.bnf.fr/iiif/presentation/v3/ark:/12148/bd6t570353t/manifest.json'
For more information check: https://developer.mozilla.org/en-US/docs/Web/HTTP/Status/403",2026-07-17T16:03:14.190488
humanite,bd6t5703545,,failed,0,0,,http_manifest,known,403,manifest,"Client error '403 ' for url 'https://openapiproext.bnf.fr/iiif/presentation/v3/ark:/12148/bd6t5703545/manifest.json'
For more information check: https://developer.mozilla.org/en-US/docs/Web/HTTP/Status/403",2026-07-17T16:03:15.756893
humanite,bd6t570355h,,failed,0,0,,http_manifest,known,403,manifest,"Client error '403 ' for url 'https://openapiproext.bnf.fr/iiif/presentation/v3/ark:/12148/bd6t570355h/manifest.json'
For more information check: https://developer.mozilla.org/en-US/docs/Web/HTTP/Status/403",2026-07-17T16:03:16.515498
humanite,bd6t570356v,,failed,0,0,,http_manifest,known,403,manifest,"Client error '403 ' for url 'https://openapiproext.bnf.fr/iiif/presentation/v3/ark:/12148/bd6t570356v/manifest.json'
For more information check: https://developer.mozilla.org/en-US/docs/Web/HTTP/Status/403",2026-07-17T16:03:17.870684
humanite,bd6t5703576,,failed,0,0,,http_manifest,known,403,manifest,"Client error '403 ' for url 'https://openapiproext.bnf.fr/iiif/presentation/v3/ark:/12148/bd6t5703576/manifest.json'
For more information check: https://developer.mozilla.org/en-US/docs/Web/HTTP/Status/403",2026-07-17T16:03:18.954410
humanite,bd6t570358j,,failed,0,0,,http_manifest,known,403,manifest,"Client error '403 ' for url 'https://openapiproext.bnf.fr/iiif/presentation/v3/ark:/12148/bd6t570358j/manifest.json'
For more information check: https://developer.mozilla.org/en-US/docs/Web/HTTP/Status/403",2026-07-17T16:03:20.131294
humanite,bd6t570359w,,failed,0,0,,http_manifest,known,403,manifest,"Client error '403 ' for url 'https://openapiproext.bnf.fr/iiif/presentation/v3/ark:/12148/bd6t570359w/manifest.json'
For more information check: https://developer.mozilla.org/en-US/docs/Web/HTTP/Status/403",2026-07-17T16:03:21.315873
humanite,bd6t5703603,,failed,0,0,,http_manifest,known,403,manifest,"Client error '403 ' for url 'https://openapiproext.bnf.fr/iiif/presentation/v3/ark:/12148/bd6t5703603/manifest.json'
For more information check: https://developer.mozilla.org/en-US/docs/Web/HTTP/Status/403",2026-07-17T16:03:22.917181
humanite,bd6t570361f,,failed,0,0,,http_manifest,known,403,manifest,"Client error '403 ' for url 'https://openapiproext.bnf.fr/iiif/presentation/v3/ark:/12148/bd6t570361f/manifest.json'
For more information check: https://developer.mozilla.org/en-US/docs/Web/HTTP/Status/403",2026-07-17T16:03:23.718211
humanite,bd6t570362s,,failed,0,0,,http_manifest,known,403,manifest,"Client error '403 ' for url 'https://openapiproext.bnf.fr/iiif/presentation/v3/ark:/12148/bd6t570362s/manifest.json'
For more information check: https://developer.mozilla.org/en-US/docs/Web/HTTP/Status/403",2026-07-17T16:03:24.919113
humanite,bd6t5703634,,failed,0,0,,http_manifest,known,403,manifest,"Client error '403 ' for url 'https://openapiproext.bnf.fr/iiif/presentation/v3/ark:/12148/bd6t5703634/manifest.json'
For more information check: https://developer.mozilla.org/en-US/docs/Web/HTTP/Status/403",2026-07-17T16:03:26.131372
humanite,bd6t570364g,,failed,0,0,,http_manifest,known,403,manifest,"Client error '403 ' for url 'https://openapiproext.bnf.fr/iiif/presentation/v3/ark:/12148/bd6t570364g/manifest.json'
For more information check: https://developer.mozilla.org/en-US/docs/Web/HTTP/Status/403",2026-07-17T16:03:27.321511
humanite,bd6t570365t,,failed,0,0,,http_manifest,known,403,manifest,"Client error '403 ' for url 'https://openapiproext.bnf.fr/iiif/presentation/v3/ark:/12148/bd6t570365t/manifest.json'
For more information check: https://developer.mozilla.org/en-US/docs/Web/HTTP/Status/403",2026-07-17T16:03:28.524044
humanite,bd6t5703665,,failed,0,0,,http_manifest,known,403,manifest,"Client error '403 ' for url 'https://openapiproext.bnf.fr/iiif/presentation/v3/ark:/12148/bd6t5703665/manifest.json'
For more information check: https://developer.mozilla.org/en-US/docs/Web/HTTP/Status/403",2026-07-17T16:03:29.904926
humanite,bd6t570367h,,failed,0,0,,http_manifest,known,403,manifest,"Client error '403 ' for url 'https://openapiproext.bnf.fr/iiif/presentation/v3/ark:/12148/bd6t570367h/manifest.json'
For more information check: https://developer.mozilla.org/en-US/docs/Web/HTTP/Status/403",2026-07-17T16:03:30.931533
humanite,bd6t570368v,,failed,0,0,,http_manifest,known,403,manifest,"Client error '403 ' for url 'https://openapiproext.bnf.fr/iiif/presentation/v3/ark:/12148/bd6t570368v/manifest.json'
For more information check: https://developer.mozilla.org/en-US/docs/Web/HTTP/Status/403",2026-07-17T16:03:32.132069
humanite,bd6t5703696,,failed,0,0,,http_manifest,known,403,manifest,"Client error '403 ' for url 'https://openapiproext.bnf.fr/iiif/presentation/v3/ark:/12148/bd6t5703696/manifest.json'
For more information check: https://developer.mozilla.org/en-US/docs/Web/HTTP/Status/403",2026-07-17T16:03:33.340465
humanite,bd6t570370d,,failed,0,0,,http_manifest,known,403,manifest,"Client error '403 ' for url 'https://openapiproext.bnf.fr/iiif/presentation/v3/ark:/12148/bd6t570370d/manifest.json'
For more information check: https://developer.mozilla.org/en-US/docs/Web/HTTP/Status/403",2026-07-17T16:03:34.537750
humanite,bd6t570371r,,failed,0,0,,http_manifest,known,403,manifest,"Client error '403 ' for url 'https://openapiproext.bnf.fr/iiif/presentation/v3/ark:/12148/bd6t570371r/manifest.json'
For more information check: https://developer.mozilla.org/en-US/docs/Web/HTTP/Status/403",2026-07-17T16:03:35.729641
humanite,bd6t5703723,,failed,0,0,,http_manifest,known,403,manifest,"Client error '403 ' for url 'https://openapiproext.bnf.fr/iiif/presentation/v3/ark:/12148/bd6t5703723/manifest.json'
For more information check: https://developer.mozilla.org/en-US/docs/Web/HTTP/Status/403",2026-07-17T16:03:36.947036
humanite,bd6t570373f,,failed,0,0,,http_manifest,known,403,manifest,"Client error '403 ' for url 'https://openapiproext.bnf.fr/iiif/presentation/v3/ark:/12148/bd6t570373f/manifest.json'
For more information check: https://developer.mozilla.org/en-US/docs/Web/HTTP/Status/403",2026-07-17T16:03:38.136041
humanite,bd6t570374s,,failed,0,0,,http_manifest,known,403,manifest,"Client error '403 ' for url 'https://openapiproext.bnf.fr/iiif/presentation/v3/ark:/12148/bd6t570374s/manifest.json'
For more information check: https://developer.mozilla.org/en-US/docs/Web/HTTP/Status/403",2026-07-17T16:03:39.341260
humanite,bd6t5703754,,failed,0,0,,http_manifest,known,403,manifest,"Client error '403 ' for url 'https://openapiproext.bnf.fr/iiif/presentation/v3/ark:/12148/bd6t5703754/manifest.json'
For more information check: https://developer.mozilla.org/en-US/docs/Web/HTTP/Status/403",2026-07-17T16:03:40.571440
humanite,bd6t570376g,,failed,0,0,,http_manifest,known,403,manifest,"Client error '403 ' for url 'https://openapiproext.bnf.fr/iiif/presentation/v3/ark:/12148/bd6t570376g/manifest.json'
For more information check: https://developer.mozilla.org/en-US/docs/Web/HTTP/Status/403",2026-07-17T16:03:41.744883
humanite,bd6t570377t,,failed,0,0,,http_manifest,known,403,manifest,"Client error '403 ' for url 'https://openapiproext.bnf.fr/iiif/presentation/v3/ark:/12148/bd6t570377t/manifest.json'
For more information check: https://developer.mozilla.org/en-US/docs/Web/HTTP/Status/403",2026-07-17T16:03:42.950020
humanite,bd6t5703785,,failed,0,0,,http_manifest,known,403,manifest,"Client error '403 ' for url 'https://openapiproext.bnf.fr/iiif/presentation/v3/ark:/12148/bd6t5703785/manifest.json'
For more information check: https://developer.mozilla.org/en-US/docs/Web/HTTP/Status/403",2026-07-17T16:03:44.146255
humanite,bd6t570379h,,failed,0,0,,http_manifest,known,403,manifest,"Client error '403 ' for url 'https://openapiproext.bnf.fr/iiif/presentation/v3/ark:/12148/bd6t570379h/manifest.json'
For more information check: https://developer.mozilla.org/en-US/docs/Web/HTTP/Status/403",2026-07-17T16:03:45.346258
humanite,bd6t570380q,,failed,0,0,,http_manifest,known,403,manifest,"Client error '403 ' for url 'https://openapiproext.bnf.fr/iiif/presentation/v3/ark:/12148/bd6t570380q/manifest.json'
For more information check: https://developer.mozilla.org/en-US/docs/Web/HTTP/Status/403",2026-07-17T16:03:46.552101
humanite,bd6t5703812,,failed,0,0,,http_manifest,known,403,manifest,"Client error '403 ' for url 'https://openapiproext.bnf.fr/iiif/presentation/v3/ark:/12148/bd6t5703812/manifest.json'
For more information check: https://developer.mozilla.org/en-US/docs/Web/HTTP/Status/403",2026-07-17T16:03:47.749049
humanite,bd6t570382d,,failed,0,0,,http_manifest,known,403,manifest,"Client error '403 ' for url 'https://openapiproext.bnf.fr/iiif/presentation/v3/ark:/12148/bd6t570382d/manifest.json'
For more information check: https://developer.mozilla.org/en-US/docs/Web/HTTP/Status/403",2026-07-17T16:03:48.974664
humanite,bd6t570383r,,failed,0,0,,http_manifest,known,403,manifest,"Client error '403 ' for url 'https://openapiproext.bnf.fr/iiif/presentation/v3/ark:/12148/bd6t570383r/manifest.json'
For more information check: https://developer.mozilla.org/en-US/docs/Web/HTTP/Status/403",2026-07-17T16:03:50.150659
humanite,bd6t5703843,,failed,0,0,,http_manifest,known,403,manifest,"Client error '403 ' for url 'https://openapiproext.bnf.fr/iiif/presentation/v3/ark:/12148/bd6t5703843/manifest.json'
For more information check: https://developer.mozilla.org/en-US/docs/Web/HTTP/Status/403",2026-07-17T16:03:51.355609
humanite,bd6t570385f,,failed,0,0,,http_manifest,known,403,manifest,"Client error '403 ' for url 'https://openapiproext.bnf.fr/iiif/presentation/v3/ark:/12148/bd6t570385f/manifest.json'
For more information check: https://developer.mozilla.org/en-US/docs/Web/HTTP/Status/403",2026-07-17T16:03:52.576037
humanite,bd6t570386s,,failed,0,0,,http_manifest,known,403,manifest,"Client error '403 ' for url 'https://openapiproext.bnf.fr/iiif/presentation/v3/ark:/12148/bd6t570386s/manifest.json'
For more information check: https://developer.mozilla.org/en-US/docs/Web/HTTP/Status/403",2026-07-17T16:03:53.777343
humanite,bd6t5703874,,failed,0,0,,http_manifest,known,403,manifest,"Client error '403 ' for url 'https://openapiproext.bnf.fr/iiif/presentation/v3/ark:/12148/bd6t5703874/manifest.json'
For more information check: https://developer.mozilla.org/en-US/docs/Web/HTTP/Status/403",2026-07-17T16:03:54.970422
humanite,bd6t570388g,,failed,0,0,,http_manifest,known,403,manifest,"Client error '403 ' for url 'https://openapiproext.bnf.fr/iiif/presentation/v3/ark:/12148/bd6t570388g/manifest.json'
For more information check: https://developer.mozilla.org/en-US/docs/Web/HTTP/Status/403",2026-07-17T16:03:56.158705
humanite,bd6t570389t,,failed,0,0,,http_manifest,known,403,manifest,"Client error '403 ' for url 'https://openapiproext.bnf.fr/iiif/presentation/v3/ark:/12148/bd6t570389t/manifest.json'
For more information check: https://developer.mozilla.org/en-US/docs/Web/HTTP/Status/403",2026-07-17T16:03:57.371878
humanite,bd6t5703901,,failed,0,0,,http_manifest,known,403,manifest,"Client error '403 ' for url 'https://openapiproext.bnf.fr/iiif/presentation/v3/ark:/12148/bd6t5703901/manifest.json'
For more information check: https://developer.mozilla.org/en-US/docs/Web/HTTP/Status/403",2026-07-17T16:03:58.639082
humanite,bd6t570391c,,failed,0,0,,http_manifest,known,403,manifest,"Client error '403 ' for url 'https://openapiproext.bnf.fr/iiif/presentation/v3/ark:/12148/bd6t570391c/manifest.json'
For more information check: https://developer.mozilla.org/en-US/docs/Web/HTTP/Status/403",2026-07-17T16:03:59.993381
humanite,bd6t570392q,,failed,0,0,,http_manifest,known,403,manifest,"Client error '403 ' for url 'https://openapiproext.bnf.fr/iiif/presentation/v3/ark:/12148/bd6t570392q/manifest.json'
For more information check: https://developer.mozilla.org/en-US/docs/Web/HTTP/Status/403",2026-07-17T16:04:01.200479
humanite,bd6t5703932,,failed,0,0,,http_manifest,known,403,manifest,"Client error '403 ' for url 'https://openapiproext.bnf.fr/iiif/presentation/v3/ark:/12148/bd6t5703932/manifest.json'
For more information check: https://developer.mozilla.org/en-US/docs/Web/HTTP/Status/403",2026-07-17T16:04:02.174041
humanite,bd6t570394d,,failed,0,0,,http_manifest,known,403,manifest,"Client error '403 ' for url 'https://openapiproext.bnf.fr/iiif/presentation/v3/ark:/12148/bd6t570394d/manifest.json'
For more information check: https://developer.mozilla.org/en-US/docs/Web/HTTP/Status/403",2026-07-17T16:04:03.454550
humanite,bd6t5731639,,failed,0,0,,http_manifest,known,403,manifest,"Client error '403 ' for url 'https://openapiproext.bnf.fr/iiif/presentation/v3/ark:/12148/bd6t5731639/manifest.json'
For more information check: https://developer.mozilla.org/en-US/docs/Web/HTTP/Status/403",2026-07-17T16:04:04.816888
humanite,bd6t573164n,,failed,0,0,,http_manifest,known,403,manifest,"Client error '403 ' for url 'https://openapiproext.bnf.fr/iiif/presentation/v3/ark:/12148/bd6t573164n/manifest.json'
For more information check: https://developer.mozilla.org/en-US/docs/Web/HTTP/Status/403",2026-07-17T16:04:05.923494
humanite,bd6t5731650,,failed,0,0,,http_manifest,known,403,manifest,"Client error '403 ' for url 'https://openapiproext.bnf.fr/iiif/presentation/v3/ark:/12148/bd6t5731650/manifest.json'
For more information check: https://developer.mozilla.org/en-US/docs/Web/HTTP/Status/403",2026-07-17T16:04:07.227357
humanite,bd6t573166b,,failed,0,0,,http_manifest,known,403,manifest,"Client error '403 ' for url 'https://openapiproext.bnf.fr/iiif/presentation/v3/ark:/12148/bd6t573166b/manifest.json'
For more information check: https://developer.mozilla.org/en-US/docs/Web/HTTP/Status/403",2026-07-17T16:04:08.244687
humanite,bd6t573167p,,failed,0,0,,http_manifest,known,403,manifest,"Client error '403 ' for url 'https://openapiproext.bnf.fr/iiif/presentation/v3/ark:/12148/bd6t573167p/manifest.json'
For more information check: https://developer.mozilla.org/en-US/docs/Web/HTTP/Status/403",2026-07-17T16:04:09.375822
humanite,bd6t5731681,,failed,0,0,,http_manifest,known,403,manifest,"Client error '403 ' for url 'https://openapiproext.bnf.fr/iiif/presentation/v3/ark:/12148/bd6t5731681/manifest.json'
For more information check: https://developer.mozilla.org/en-US/docs/Web/HTTP/Status/403",2026-07-17T16:04:10.596263
humanite,bd6t573169c,,failed,0,0,,http_manifest,known,403,manifest,"Client error '403 ' for url 'https://openapiproext.bnf.fr/iiif/presentation/v3/ark:/12148/bd6t573169c/manifest.json'
For more information check: https://developer.mozilla.org/en-US/docs/Web/HTTP/Status/403",2026-07-17T16:04:11.777888
humanite,bd6t573170k,,failed,0,0,,http_manifest,known,403,manifest,"Client error '403 ' for url 'https://openapiproext.bnf.fr/iiif/presentation/v3/ark:/12148/bd6t573170k/manifest.json'
For more information check: https://developer.mozilla.org/en-US/docs/Web/HTTP/Status/403",2026-07-17T16:04:12.979520
humanite,bd6t573171x,,failed,0,0,,http_manifest,known,403,manifest,"Client error '403 ' for url 'https://openapiproext.bnf.fr/iiif/presentation/v3/ark:/12148/bd6t573171x/manifest.json'
For more information check: https://developer.mozilla.org/en-US/docs/Web/HTTP/Status/403",2026-07-17T16:04:14.241482
humanite,bd6t5731728,,failed,0,0,,http_manifest,known,403,manifest,"Client error '403 ' for url 'https://openapiproext.bnf.fr/iiif/presentation/v3/ark:/12148/bd6t5731728/manifest.json'
For more information check: https://developer.mozilla.org/en-US/docs/Web/HTTP/Status/403",2026-07-17T16:04:15.409719
humanite,bd6t573173m,,failed,0,0,,http_manifest,known,403,manifest,"Client error '403 ' for url 'https://openapiproext.bnf.fr/iiif/presentation/v3/ark:/12148/bd6t573173m/manifest.json'
For more information check: https://developer.mozilla.org/en-US/docs/Web/HTTP/Status/403",2026-07-17T16:04:16.608434
humanite,bd6t5731759,,failed,0,0,,http_manifest,known,403,manifest,"Client error '403 ' for url 'https://openapiproext.bnf.fr/iiif/presentation/v3/ark:/12148/bd6t5731759/manifest.json'
For more information check: https://developer.mozilla.org/en-US/docs/Web/HTTP/Status/403",2026-07-17T16:04:17.821810
humanite,bd6t573174z,,failed,0,0,,http_manifest,known,403,manifest,"Client error '403 ' for url 'https://openapiproext.bnf.fr/iiif/presentation/v3/ark:/12148/bd6t573174z/manifest.json'
For more information check: https://developer.mozilla.org/en-US/docs/Web/HTTP/Status/403",2026-07-17T16:04:19.031076
humanite,bd6t573176n,,failed,0,0,,http_manifest,known,403,manifest,"Client error '403 ' for url 'https://openapiproext.bnf.fr/iiif/presentation/v3/ark:/12148/bd6t573176n/manifest.json'
For more information check: https://developer.mozilla.org/en-US/docs/Web/HTTP/Status/403",2026-07-17T16:04:20.189805
humanite,bd6t5731770,,failed,0,0,,http_manifest,known,403,manifest,"Client error '403 ' for url 'https://openapiproext.bnf.fr/iiif/presentation/v3/ark:/12148/bd6t5731770/manifest.json'
For more information check: https://developer.mozilla.org/en-US/docs/Web/HTTP/Status/403",2026-07-17T16:04:21.392128
humanite,bd6t573178b,,failed,0,0,,http_manifest,known,403,manifest,"Client error '403 ' for url 'https://openapiproext.bnf.fr/iiif/presentation/v3/ark:/12148/bd6t573178b/manifest.json'
For more information check: https://developer.mozilla.org/en-US/docs/Web/HTTP/Status/403",2026-07-17T16:04:22.592713
humanite,bd6t573179p,,failed,0,0,,http_manifest,known,403,manifest,"Client error '403 ' for url 'https://openapiproext.bnf.fr/iiif/presentation/v3/ark:/12148/bd6t573179p/manifest.json'
For more information check: https://developer.mozilla.org/en-US/docs/Web/HTTP/Status/403",2026-07-17T16:04:23.793464
humanite,bd6t573180w,,failed,0,0,,http_manifest,known,403,manifest,"Client error '403 ' for url 'https://openapiproext.bnf.fr/iiif/presentation/v3/ark:/12148/bd6t573180w/manifest.json'
For more information check: https://developer.mozilla.org/en-US/docs/Web/HTTP/Status/403",2026-07-17T16:04:25.024419
humanite,bd6t5731817,,failed,0,0,,http_manifest,known,403,manifest,"Client error '403 ' for url 'https://openapiproext.bnf.fr/iiif/presentation/v3/ark:/12148/bd6t5731817/manifest.json'
For more information check: https://developer.mozilla.org/en-US/docs/Web/HTTP/Status/403",2026-07-17T16:04:26.196695
humanite,bd6t573182k,,failed,0,0,,http_manifest,known,403,manifest,"Client error '403 ' for url 'https://openapiproext.bnf.fr/iiif/presentation/v3/ark:/12148/bd6t573182k/manifest.json'
For more information check: https://developer.mozilla.org/en-US/docs/Web/HTTP/Status/403",2026-07-17T16:04:27.398268
humanite,bd6t573183x,,failed,0,0,,http_manifest,known,403,manifest,"Client error '403 ' for url 'https://openapiproext.bnf.fr/iiif/presentation/v3/ark:/12148/bd6t573183x/manifest.json'
For more information check: https://developer.mozilla.org/en-US/docs/Web/HTTP/Status/403",2026-07-17T16:04:28.596862
humanite,bd6t5731848,,failed,0,0,,http_manifest,known,403,manifest,"Client error '403 ' for url 'https://openapiproext.bnf.fr/iiif/presentation/v3/ark:/12148/bd6t5731848/manifest.json'
For more information check: https://developer.mozilla.org/en-US/docs/Web/HTTP/Status/403",2026-07-17T16:04:29.799663
humanite,bd6t573185m,,failed,0,0,,http_manifest,known,403,manifest,"Client error '403 ' for url 'https://openapiproext.bnf.fr/iiif/presentation/v3/ark:/12148/bd6t573185m/manifest.json'
For more information check: https://developer.mozilla.org/en-US/docs/Web/HTTP/Status/403",2026-07-17T16:04:31.001658
humanite,bd6t5731879,,failed,0,0,,http_manifest,known,403,manifest,"Client error '403 ' for url 'https://openapiproext.bnf.fr/iiif/presentation/v3/ark:/12148/bd6t5731879/manifest.json'
For more information check: https://developer.mozilla.org/en-US/docs/Web/HTTP/Status/403",2026-07-17T16:04:32.204326
humanite,bd6t573186z,,failed,0,0,,http_manifest,known,403,manifest,"Client error '403 ' for url 'https://openapiproext.bnf.fr/iiif/presentation/v3/ark:/12148/bd6t573186z/manifest.json'
For more information check: https://developer.mozilla.org/en-US/docs/Web/HTTP/Status/403",2026-07-17T16:04:33.406374
humanite,bd6t5731890,,failed,0,0,,http_manifest,known,403,manifest,"Client error '403 ' for url 'https://openapiproext.bnf.fr/iiif/presentation/v3/ark:/12148/bd6t5731890/manifest.json'
For more information check: https://developer.mozilla.org/en-US/docs/Web/HTTP/Status/403",2026-07-17T16:04:34.604697
humanite,bd6t573188n,,failed,0,0,,http_manifest,known,403,manifest,"Client error '403 ' for url 'https://openapiproext.bnf.fr/iiif/presentation/v3/ark:/12148/bd6t573188n/manifest.json'
For more information check: https://developer.mozilla.org/en-US/docs/Web/HTTP/Status/403",2026-07-17T16:04:35.809889
humanite,bd6t5731906,,failed,0,0,,http_manifest,known,403,manifest,"Client error '403 ' for url 'https://openapiproext.bnf.fr/iiif/presentation/v3/ark:/12148/bd6t5731906/manifest.json'
For more information check: https://developer.mozilla.org/en-US/docs/Web/HTTP/Status/403",2026-07-17T16:04:37.030089
humanite,bd6t573191j,,failed,0,0,,http_manifest,known,403,manifest,"Client error '403 ' for url 'https://openapiproext.bnf.fr/iiif/presentation/v3/ark:/12148/bd6t573191j/manifest.json'
For more information check: https://developer.mozilla.org/en-US/docs/Web/HTTP/Status/403",2026-07-17T16:04:38.211018
humanite,bd6t573192w,,failed,0,0,,http_manifest,known,403,manifest,"Client error '403 ' for url 'https://openapiproext.bnf.fr/iiif/presentation/v3/ark:/12148/bd6t573192w/manifest.json'
For more information check: https://developer.mozilla.org/en-US/docs/Web/HTTP/Status/403",2026-07-17T16:04:39.414231
humanite,bd6t5731937,,failed,0,0,,http_manifest,known,403,manifest,"Client error '403 ' for url 'https://openapiproext.bnf.fr/iiif/presentation/v3/ark:/12148/bd6t5731937/manifest.json'
For more information check: https://developer.mozilla.org/en-US/docs/Web/HTTP/Status/403",2026-07-17T16:04:40.614425
humanite,bd6t573194k,,failed,0,0,,http_manifest,known,403,manifest,"Client error '403 ' for url 'https://openapiproext.bnf.fr/iiif/presentation/v3/ark:/12148/bd6t573194k/manifest.json'
For more information check: https://developer.mozilla.org/en-US/docs/Web/HTTP/Status/403",2026-07-17T16:04:41.812836
humanite,bd6t573195x,,failed,0,0,,http_manifest,known,403,manifest,"Client error '403 ' for url 'https://openapiproext.bnf.fr/iiif/presentation/v3/ark:/12148/bd6t573195x/manifest.json'
For more information check: https://developer.mozilla.org/en-US/docs/Web/HTTP/Status/403",2026-07-17T16:04:43.015971
humanite,bd6t5731968,,failed,0,0,,http_manifest,known,403,manifest,"Client error '403 ' for url 'https://openapiproext.bnf.fr/iiif/presentation/v3/ark:/12148/bd6t5731968/manifest.json'
For more information check: https://developer.mozilla.org/en-US/docs/Web/HTTP/Status/403",2026-07-17T16:04:44.221849
humanite,bd6t573197m,,failed,0,0,,http_manifest,known,403,manifest,"Client error '403 ' for url 'https://openapiproext.bnf.fr/iiif/presentation/v3/ark:/12148/bd6t573197m/manifest.json'
For more information check: https://developer.mozilla.org/en-US/docs/Web/HTTP/Status/403",2026-07-17T16:04:45.423138
humanite,bd6t573198z,,failed,0,0,,http_manifest,known,403,manifest,"Client error '403 ' for url 'https://openapiproext.bnf.fr/iiif/presentation/v3/ark:/12148/bd6t573198z/manifest.json'
For more information check: https://developer.mozilla.org/en-US/docs/Web/HTTP/Status/403",2026-07-17T16:04:46.624856
humanite,bd6t5731999,,failed,0,0,,http_manifest,known,403,manifest,"Client error '403 ' for url 'https://openapiproext.bnf.fr/iiif/presentation/v3/ark:/12148/bd6t5731999/manifest.json'
For more information check: https://developer.mozilla.org/en-US/docs/Web/HTTP/Status/403",2026-07-17T16:04:47.825277
humanite,bd6t573200p,,failed,0,0,,http_manifest,known,403,manifest,"Client error '403 ' for url 'https://openapiproext.bnf.fr/iiif/presentation/v3/ark:/12148/bd6t573200p/manifest.json'
For more information check: https://developer.mozilla.org/en-US/docs/Web/HTTP/Status/403",2026-07-17T16:04:49.047310
humanite,bd6t5732011,,failed,0,0,,http_manifest,known,403,manifest,"Client error '403 ' for url 'https://openapiproext.bnf.fr/iiif/presentation/v3/ark:/12148/bd6t5732011/manifest.json'
For more information check: https://developer.mozilla.org/en-US/docs/Web/HTTP/Status/403",2026-07-17T16:04:50.228024
humanite,bd6t573202c,,failed,0,0,,http_manifest,known,403,manifest,"Client error '403 ' for url 'https://openapiproext.bnf.fr/iiif/presentation/v3/ark:/12148/bd6t573202c/manifest.json'
For more information check: https://developer.mozilla.org/en-US/docs/Web/HTTP/Status/403",2026-07-17T16:04:51.430099
humanite,bd6t573203q,,failed,0,0,,http_manifest,known,403,manifest,"Client error '403 ' for url 'https://openapiproext.bnf.fr/iiif/presentation/v3/ark:/12148/bd6t573203q/manifest.json'
For more information check: https://developer.mozilla.org/en-US/docs/Web/HTTP/Status/403",2026-07-17T16:04:52.631249
humanite,bd6t5732042,,failed,0,0,,http_manifest,known,403,manifest,"Client error '403 ' for url 'https://openapiproext.bnf.fr/iiif/presentation/v3/ark:/12148/bd6t5732042/manifest.json'
For more information check: https://developer.mozilla.org/en-US/docs/Web/HTTP/Status/403",2026-07-17T16:04:53.834631
humanite,bd6t573205d,,failed,0,0,,http_manifest,known,403,manifest,"Client error '403 ' for url 'https://openapiproext.bnf.fr/iiif/presentation/v3/ark:/12148/bd6t573205d/manifest.json'
For more information check: https://developer.mozilla.org/en-US/docs/Web/HTTP/Status/403",2026-07-17T16:04:55.031281
humanite,bd6t573206r,,failed,0,0,,http_manifest,known,403,manifest,"Client error '403 ' for url 'https://openapiproext.bnf.fr/iiif/presentation/v3/ark:/12148/bd6t573206r/manifest.json'
For more information check: https://developer.mozilla.org/en-US/docs/Web/HTTP/Status/403",2026-07-17T16:04:56.231463
humanite,bd6t5732073,,failed,0,0,,http_manifest,known,403,manifest,"Client error '403 ' for url 'https://openapiproext.bnf.fr/iiif/presentation/v3/ark:/12148/bd6t5732073/manifest.json'
For more information check: https://developer.mozilla.org/en-US/docs/Web/HTTP/Status/403",2026-07-17T16:04:57.439056
humanite,bd6t573208f,,failed,0,0,,http_manifest,known,403,manifest,"Client error '403 ' for url 'https://openapiproext.bnf.fr/iiif/presentation/v3/ark:/12148/bd6t573208f/manifest.json'
For more information check: https://developer.mozilla.org/en-US/docs/Web/HTTP/Status/403",2026-07-17T16:04:58.638148
humanite,bd6t573209s,,failed,0,0,,http_manifest,known,403,manifest,"Client error '403 ' for url 'https://openapiproext.bnf.fr/iiif/presentation/v3/ark:/12148/bd6t573209s/manifest.json'
For more information check: https://developer.mozilla.org/en-US/docs/Web/HTTP/Status/403",2026-07-17T16:04:59.920060
humanite,bd6t5732100,,failed,0,0,,http_manifest,known,403,manifest,"Client error '403 ' for url 'https://openapiproext.bnf.fr/iiif/presentation/v3/ark:/12148/bd6t5732100/manifest.json'
For more information check: https://developer.mozilla.org/en-US/docs/Web/HTTP/Status/403",2026-07-17T16:05:01.042552
humanite,bd6t573211b,,failed,0,0,,http_manifest,known,403,manifest,"Client error '403 ' for url 'https://openapiproext.bnf.fr/iiif/presentation/v3/ark:/12148/bd6t573211b/manifest.json'
For more information check: https://developer.mozilla.org/en-US/docs/Web/HTTP/Status/403",2026-07-17T16:05:02.414579
humanite,bd6t573212p,,failed,0,0,,http_manifest,known,403,manifest,"Client error '403 ' for url 'https://openapiproext.bnf.fr/iiif/presentation/v3/ark:/12148/bd6t573212p/manifest.json'
For more information check: https://developer.mozilla.org/en-US/docs/Web/HTTP/Status/403",2026-07-17T16:05:03.445518
humanite,bd6t5732131,,failed,0,0,,http_manifest,known,403,manifest,"Client error '403 ' for url 'https://openapiproext.bnf.fr/iiif/presentation/v3/ark:/12148/bd6t5732131/manifest.json'
For more information check: https://developer.mozilla.org/en-US/docs/Web/HTTP/Status/403",2026-07-17T16:05:04.837065
humanite,bd6t573214c,,failed,0,0,,http_manifest,known,403,manifest,"Client error '403 ' for url 'https://openapiproext.bnf.fr/iiif/presentation/v3/ark:/12148/bd6t573214c/manifest.json'
For more information check: https://developer.mozilla.org/en-US/docs/Web/HTTP/Status/403",2026-07-17T16:05:06.049829
humanite,bd6t573215q,,failed,0,0,,http_manifest,known,403,manifest,"Client error '403 ' for url 'https://openapiproext.bnf.fr/iiif/presentation/v3/ark:/12148/bd6t573215q/manifest.json'
For more information check: https://developer.mozilla.org/en-US/docs/Web/HTTP/Status/403",2026-07-17T16:05:07.331819
humanite,bd6t5732162,,failed,0,0,,http_manifest,known,403,manifest,"Client error '403 ' for url 'https://openapiproext.bnf.fr/iiif/presentation/v3/ark:/12148/bd6t5732162/manifest.json'
For more information check: https://developer.mozilla.org/en-US/docs/Web/HTTP/Status/403",2026-07-17T16:05:08.381013
humanite,bd6t573217d,,failed,0,0,,http_manifest,known,403,manifest,"Client error '403 ' for url 'https://openapiproext.bnf.fr/iiif/presentation/v3/ark:/12148/bd6t573217d/manifest.json'
For more information check: https://developer.mozilla.org/en-US/docs/Web/HTTP/Status/403",2026-07-17T16:05:09.495932
humanite,bd6t573218r,,failed,0,0,,http_manifest,known,403,manifest,"Client error '403 ' for url 'https://openapiproext.bnf.fr/iiif/presentation/v3/ark:/12148/bd6t573218r/manifest.json'
For more information check: https://developer.mozilla.org/en-US/docs/Web/HTTP/Status/403",2026-07-17T16:05:10.860721
humanite,bd6t5732193,,failed,0,0,,http_manifest,known,403,manifest,"Client error '403 ' for url 'https://openapiproext.bnf.fr/iiif/presentation/v3/ark:/12148/bd6t5732193/manifest.json'
For more information check: https://developer.mozilla.org/en-US/docs/Web/HTTP/Status/403",2026-07-17T16:05:11.863823
humanite,bd6t5732209,,failed,0,0,,http_manifest,known,403,manifest,"Client error '403 ' for url 'https://openapiproext.bnf.fr/iiif/presentation/v3/ark:/12148/bd6t5732209/manifest.json'
For more information check: https://developer.mozilla.org/en-US/docs/Web/HTTP/Status/403",2026-07-17T16:05:13.090332
humanite,bd6t573221n,,failed,0,0,,http_manifest,known,403,manifest,"Client error '403 ' for url 'https://openapiproext.bnf.fr/iiif/presentation/v3/ark:/12148/bd6t573221n/manifest.json'
For more information check: https://developer.mozilla.org/en-US/docs/Web/HTTP/Status/403",2026-07-17T16:05:14.262684
humanite,bd6t5732220,,failed,0,0,,http_manifest,known,403,manifest,"Client error '403 ' for url 'https://openapiproext.bnf.fr/iiif/presentation/v3/ark:/12148/bd6t5732220/manifest.json'
For more information check: https://developer.mozilla.org/en-US/docs/Web/HTTP/Status/403",2026-07-17T16:05:15.469266
humanite,bd6t573223b,,failed,0,0,,http_manifest,known,403,manifest,"Client error '403 ' for url 'https://openapiproext.bnf.fr/iiif/presentation/v3/ark:/12148/bd6t573223b/manifest.json'
For more information check: https://developer.mozilla.org/en-US/docs/Web/HTTP/Status/403",2026-07-17T16:05:16.757878
humanite,bd6t573224p,,failed,0,0,,http_manifest,known,403,manifest,"Client error '403 ' for url 'https://openapiproext.bnf.fr/iiif/presentation/v3/ark:/12148/bd6t573224p/manifest.json'
For more information check: https://developer.mozilla.org/en-US/docs/Web/HTTP/Status/403",2026-07-17T16:05:18.091044
humanite,bd6t5732251,,failed,0,0,,http_manifest,known,403,manifest,"Client error '403 ' for url 'https://openapiproext.bnf.fr/iiif/presentation/v3/ark:/12148/bd6t5732251/manifest.json'
For more information check: https://developer.mozilla.org/en-US/docs/Web/HTTP/Status/403",2026-07-17T16:05:19.132217
humanite,bd6t573226c,,failed,0,0,,http_manifest,known,403,manifest,"Client error '403 ' for url 'https://openapiproext.bnf.fr/iiif/presentation/v3/ark:/12148/bd6t573226c/manifest.json'
For more information check: https://developer.mozilla.org/en-US/docs/Web/HTTP/Status/403",2026-07-17T16:05:20.277272
humanite,bd6t573227q,,failed,0,0,,http_manifest,known,403,manifest,"Client error '403 ' for url 'https://openapiproext.bnf.fr/iiif/presentation/v3/ark:/12148/bd6t573227q/manifest.json'
For more information check: https://developer.mozilla.org/en-US/docs/Web/HTTP/Status/403",2026-07-17T16:05:21.475241
humanite,bd6t5732282,,failed,0,0,,http_manifest,known,403,manifest,"Client error '403 ' for url 'https://openapiproext.bnf.fr/iiif/presentation/v3/ark:/12148/bd6t5732282/manifest.json'
For more information check: https://developer.mozilla.org/en-US/docs/Web/HTTP/Status/403",2026-07-17T16:05:22.674977
humanite,bd6t573229d,,failed,0,0,,http_manifest,known,403,manifest,"Client error '403 ' for url 'https://openapiproext.bnf.fr/iiif/presentation/v3/ark:/12148/bd6t573229d/manifest.json'
For more information check: https://developer.mozilla.org/en-US/docs/Web/HTTP/Status/403",2026-07-17T16:05:23.903829
humanite,bd6t573230m,,failed,0,0,,http_manifest,known,403,manifest,"Client error '403 ' for url 'https://openapiproext.bnf.fr/iiif/presentation/v3/ark:/12148/bd6t573230m/manifest.json'
For more information check: https://developer.mozilla.org/en-US/docs/Web/HTTP/Status/403",2026-07-17T16:05:25.081253
humanite,bd6t573231z,,failed,0,0,,http_manifest,known,403,manifest,"Client error '403 ' for url 'https://openapiproext.bnf.fr/iiif/presentation/v3/ark:/12148/bd6t573231z/manifest.json'
For more information check: https://developer.mozilla.org/en-US/docs/Web/HTTP/Status/403",2026-07-17T16:05:26.282506
humanite,bd6t5732329,,failed,0,0,,http_manifest,known,403,manifest,"Client error '403 ' for url 'https://openapiproext.bnf.fr/iiif/presentation/v3/ark:/12148/bd6t5732329/manifest.json'
For more information check: https://developer.mozilla.org/en-US/docs/Web/HTTP/Status/403",2026-07-17T16:05:27.481838
humanite,bd6t573233n,,failed,0,0,,http_manifest,known,403,manifest,"Client error '403 ' for url 'https://openapiproext.bnf.fr/iiif/presentation/v3/ark:/12148/bd6t573233n/manifest.json'
For more information check: https://developer.mozilla.org/en-US/docs/Web/HTTP/Status/403",2026-07-17T16:05:28.680330
humanite,bd6t5732340,,failed,0,0,,http_manifest,known,403,manifest,"Client error '403 ' for url 'https://openapiproext.bnf.fr/iiif/presentation/v3/ark:/12148/bd6t5732340/manifest.json'
For more information check: https://developer.mozilla.org/en-US/docs/Web/HTTP/Status/403",2026-07-17T16:05:29.883045
humanite,bd6t573235b,,failed,0,0,,http_manifest,known,403,manifest,"Client error '403 ' for url 'https://openapiproext.bnf.fr/iiif/presentation/v3/ark:/12148/bd6t573235b/manifest.json'
For more information check: https://developer.mozilla.org/en-US/docs/Web/HTTP/Status/403",2026-07-17T16:05:31.086014
humanite,bd6t573236p,,failed,0,0,,http_manifest,known,403,manifest,"Client error '403 ' for url 'https://openapiproext.bnf.fr/iiif/presentation/v3/ark:/12148/bd6t573236p/manifest.json'
For more information check: https://developer.mozilla.org/en-US/docs/Web/HTTP/Status/403",2026-07-17T16:05:32.285499
humanite,bd6t5732371,,failed,0,0,,http_manifest,known,403,manifest,"Client error '403 ' for url 'https://openapiproext.bnf.fr/iiif/presentation/v3/ark:/12148/bd6t5732371/manifest.json'
For more information check: https://developer.mozilla.org/en-US/docs/Web/HTTP/Status/403",2026-07-17T16:05:33.486504
humanite,bd6t573238c,,failed,0,0,,http_manifest,known,403,manifest,"Client error '403 ' for url 'https://openapiproext.bnf.fr/iiif/presentation/v3/ark:/12148/bd6t573238c/manifest.json'
For more information check: https://developer.mozilla.org/en-US/docs/Web/HTTP/Status/403",2026-07-17T16:05:34.686135
humanite,bd6t573239q,,failed,0,0,,http_manifest,known,403,manifest,"Client error '403 ' for url 'https://openapiproext.bnf.fr/iiif/presentation/v3/ark:/12148/bd6t573239q/manifest.json'
For more information check: https://developer.mozilla.org/en-US/docs/Web/HTTP/Status/403",2026-07-17T16:05:35.915664
humanite,bd6t573240x,,failed,0,0,,http_manifest,known,403,manifest,"Client error '403 ' for url 'https://openapiproext.bnf.fr/iiif/presentation/v3/ark:/12148/bd6t573240x/manifest.json'
For more information check: https://developer.mozilla.org/en-US/docs/Web/HTTP/Status/403",2026-07-17T16:05:37.087853
humanite,bd6t5732418,,failed,0,0,,http_manifest,known,403,manifest,"Client error '403 ' for url 'https://openapiproext.bnf.fr/iiif/presentation/v3/ark:/12148/bd6t5732418/manifest.json'
For more information check: https://developer.mozilla.org/en-US/docs/Web/HTTP/Status/403",2026-07-17T16:05:38.293512
humanite,bd6t573242m,,failed,0,0,,http_manifest,known,403,manifest,"Client error '403 ' for url 'https://openapiproext.bnf.fr/iiif/presentation/v3/ark:/12148/bd6t573242m/manifest.json'
For more information check: https://developer.mozilla.org/en-US/docs/Web/HTTP/Status/403",2026-07-17T16:05:39.492018
humanite,bd6t573243z,,failed,0,0,,http_manifest,known,403,manifest,"Client error '403 ' for url 'https://openapiproext.bnf.fr/iiif/presentation/v3/ark:/12148/bd6t573243z/manifest.json'
For more information check: https://developer.mozilla.org/en-US/docs/Web/HTTP/Status/403",2026-07-17T16:05:40.694430
humanite,bd6t570655b,,failed,0,0,,http_manifest,known,403,manifest,"Client error '403 ' for url 'https://openapiproext.bnf.fr/iiif/presentation/v3/ark:/12148/bd6t570655b/manifest.json'
For more information check: https://developer.mozilla.org/en-US/docs/Web/HTTP/Status/403",2026-07-17T16:05:41.900472
humanite,bd6t570656p,,failed,0,0,,http_manifest,known,403,manifest,"Client error '403 ' for url 'https://openapiproext.bnf.fr/iiif/presentation/v3/ark:/12148/bd6t570656p/manifest.json'
For more information check: https://developer.mozilla.org/en-US/docs/Web/HTTP/Status/403",2026-07-17T16:05:43.100762
humanite,bd6t5706571,,failed,0,0,,http_manifest,known,403,manifest,"Client error '403 ' for url 'https://openapiproext.bnf.fr/iiif/presentation/v3/ark:/12148/bd6t5706571/manifest.json'
For more information check: https://developer.mozilla.org/en-US/docs/Web/HTTP/Status/403",2026-07-17T16:05:44.299592
humanite,bd6t570658c,,failed,0,0,,http_manifest,known,403,manifest,"Client error '403 ' for url 'https://openapiproext.bnf.fr/iiif/presentation/v3/ark:/12148/bd6t570658c/manifest.json'
For more information check: https://developer.mozilla.org/en-US/docs/Web/HTTP/Status/403",2026-07-17T16:05:45.507133
humanite,bd6t570659q,,failed,0,0,,http_manifest,known,403,manifest,"Client error '403 ' for url 'https://openapiproext.bnf.fr/iiif/presentation/v3/ark:/12148/bd6t570659q/manifest.json'
For more information check: https://developer.mozilla.org/en-US/docs/Web/HTTP/Status/403",2026-07-17T16:05:46.709428
humanite,bd6t570660x,,failed,0,0,,http_manifest,known,403,manifest,"Client error '403 ' for url 'https://openapiproext.bnf.fr/iiif/presentation/v3/ark:/12148/bd6t570660x/manifest.json'
For more information check: https://developer.mozilla.org/en-US/docs/Web/HTTP/Status/403",2026-07-17T16:05:47.934994
humanite,bd6t5706618,,failed,0,0,,http_manifest,known,403,manifest,"Client error '403 ' for url 'https://openapiproext.bnf.fr/iiif/presentation/v3/ark:/12148/bd6t5706618/manifest.json'
For more information check: https://developer.mozilla.org/en-US/docs/Web/HTTP/Status/403",2026-07-17T16:05:49.113404
humanite,bd6t570662m,,failed,0,0,,http_manifest,known,403,manifest,"Client error '403 ' for url 'https://openapiproext.bnf.fr/iiif/presentation/v3/ark:/12148/bd6t570662m/manifest.json'
For more information check: https://developer.mozilla.org/en-US/docs/Web/HTTP/Status/403",2026-07-17T16:05:50.314239
humanite,bd6t570663z,,failed,0,0,,http_manifest,known,403,manifest,"Client error '403 ' for url 'https://openapiproext.bnf.fr/iiif/presentation/v3/ark:/12148/bd6t570663z/manifest.json'
For more information check: https://developer.mozilla.org/en-US/docs/Web/HTTP/Status/403",2026-07-17T16:05:51.511126
humanite,bd6t5706649,,failed,0,0,,http_manifest,known,403,manifest,"Client error '403 ' for url 'https://openapiproext.bnf.fr/iiif/presentation/v3/ark:/12148/bd6t5706649/manifest.json'
For more information check: https://developer.mozilla.org/en-US/docs/Web/HTTP/Status/403",2026-07-17T16:05:52.714992
humanite,bd6t570665n,,failed,0,0,,http_manifest,known,403,manifest,"Client error '403 ' for url 'https://openapiproext.bnf.fr/iiif/presentation/v3/ark:/12148/bd6t570665n/manifest.json'
For more information check: https://developer.mozilla.org/en-US/docs/Web/HTTP/Status/403",2026-07-17T16:05:53.947060
humanite,bd6t5706660,,failed,0,0,,http_manifest,known,403,manifest,"Client error '403 ' for url 'https://openapiproext.bnf.fr/iiif/presentation/v3/ark:/12148/bd6t5706660/manifest.json'
For more information check: https://developer.mozilla.org/en-US/docs/Web/HTTP/Status/403",2026-07-17T16:05:55.124168
humanite,bd6t570667b,,failed,0,0,,http_manifest,known,403,manifest,"Client error '403 ' for url 'https://openapiproext.bnf.fr/iiif/presentation/v3/ark:/12148/bd6t570667b/manifest.json'
For more information check: https://developer.mozilla.org/en-US/docs/Web/HTTP/Status/403",2026-07-17T16:05:56.317104
humanite,bd6t570668p,,failed,0,0,,http_manifest,known,403,manifest,"Client error '403 ' for url 'https://openapiproext.bnf.fr/iiif/presentation/v3/ark:/12148/bd6t570668p/manifest.json'
For more information check: https://developer.mozilla.org/en-US/docs/Web/HTTP/Status/403",2026-07-17T16:05:57.519709
humanite,bd6t5706691,,failed,0,0,,http_manifest,known,403,manifest,"Client error '403 ' for url 'https://openapiproext.bnf.fr/iiif/presentation/v3/ark:/12148/bd6t5706691/manifest.json'
For more information check: https://developer.mozilla.org/en-US/docs/Web/HTTP/Status/403",2026-07-17T16:05:58.953478
humanite,bd6t5706707,,failed,0,0,,http_manifest,known,403,manifest,"Client error '403 ' for url 'https://openapiproext.bnf.fr/iiif/presentation/v3/ark:/12148/bd6t5706707/manifest.json'
For more information check: https://developer.mozilla.org/en-US/docs/Web/HTTP/Status/403",2026-07-17T16:05:59.929674
humanite,bd6t570671k,,failed,0,0,,http_manifest,known,403,manifest,"Client error '403 ' for url 'https://openapiproext.bnf.fr/iiif/presentation/v3/ark:/12148/bd6t570671k/manifest.json'
For more information check: https://developer.mozilla.org/en-US/docs/Web/HTTP/Status/403",2026-07-17T16:06:01.327266
humanite,bd6t570672x,,failed,0,0,,http_manifest,known,403,manifest,"Client error '403 ' for url 'https://openapiproext.bnf.fr/iiif/presentation/v3/ark:/12148/bd6t570672x/manifest.json'
For more information check: https://developer.mozilla.org/en-US/docs/Web/HTTP/Status/403",2026-07-17T16:06:02.358029
humanite,bd6t5706738,,failed,0,0,,http_manifest,known,403,manifest,"Client error '403 ' for url 'https://openapiproext.bnf.fr/iiif/presentation/v3/ark:/12148/bd6t5706738/manifest.json'
For more information check: https://developer.mozilla.org/en-US/docs/Web/HTTP/Status/403",2026-07-17T16:06:03.702359
humanite,bd6t570674m,,failed,0,0,,http_manifest,known,403,manifest,"Client error '403 ' for url 'https://openapiproext.bnf.fr/iiif/presentation/v3/ark:/12148/bd6t570674m/manifest.json'
For more information check: https://developer.mozilla.org/en-US/docs/Web/HTTP/Status/403",2026-07-17T16:06:04.906846
humanite,bd6t570675z,,failed,0,0,,http_manifest,known,403,manifest,"Client error '403 ' for url 'https://openapiproext.bnf.fr/iiif/presentation/v3/ark:/12148/bd6t570675z/manifest.json'
For more information check: https://developer.mozilla.org/en-US/docs/Web/HTTP/Status/403",2026-07-17T16:06:06.048207
humanite,bd6t5706769,,failed,0,0,,http_manifest,known,403,manifest,"Client error '403 ' for url 'https://openapiproext.bnf.fr/iiif/presentation/v3/ark:/12148/bd6t5706769/manifest.json'
For more information check: https://developer.mozilla.org/en-US/docs/Web/HTTP/Status/403",2026-07-17T16:06:07.133651
humanite,bd6t570677n,,failed,0,0,,http_manifest,known,403,manifest,"Client error '403 ' for url 'https://openapiproext.bnf.fr/iiif/presentation/v3/ark:/12148/bd6t570677n/manifest.json'
For more information check: https://developer.mozilla.org/en-US/docs/Web/HTTP/Status/403",2026-07-17T16:06:08.334618
humanite,bd6t5706780,,failed,0,0,,http_manifest,known,403,manifest,"Client error '403 ' for url 'https://openapiproext.bnf.fr/iiif/presentation/v3/ark:/12148/bd6t5706780/manifest.json'
For more information check: https://developer.mozilla.org/en-US/docs/Web/HTTP/Status/403",2026-07-17T16:06:09.535542
humanite,bd6t570679b,,failed,0,0,,http_manifest,known,403,manifest,"Client error '403 ' for url 'https://openapiproext.bnf.fr/iiif/presentation/v3/ark:/12148/bd6t570679b/manifest.json'
For more information check: https://developer.mozilla.org/en-US/docs/Web/HTTP/Status/403",2026-07-17T16:06:10.745921
humanite,bd6t570680j,,failed,0,0,,http_manifest,known,403,manifest,"Client error '403 ' for url 'https://openapiproext.bnf.fr/iiif/presentation/v3/ark:/12148/bd6t570680j/manifest.json'
For more information check: https://developer.mozilla.org/en-US/docs/Web/HTTP/Status/403",2026-07-17T16:06:12.035022
humanite,bd6t570681w,,failed,0,0,,http_manifest,known,403,manifest,"Client error '403 ' for url 'https://openapiproext.bnf.fr/iiif/presentation/v3/ark:/12148/bd6t570681w/manifest.json'
For more information check: https://developer.mozilla.org/en-US/docs/Web/HTTP/Status/403",2026-07-17T16:06:13.142231
humanite,bd6t5706827,,failed,0,0,,http_manifest,known,403,manifest,"Client error '403 ' for url 'https://openapiproext.bnf.fr/iiif/presentation/v3/ark:/12148/bd6t5706827/manifest.json'
For more information check: https://developer.mozilla.org/en-US/docs/Web/HTTP/Status/403",2026-07-17T16:06:14.575469
humanite,bd6t570683k,,failed,0,0,,http_manifest,known,403,manifest,"Client error '403 ' for url 'https://openapiproext.bnf.fr/iiif/presentation/v3/ark:/12148/bd6t570683k/manifest.json'
For more information check: https://developer.mozilla.org/en-US/docs/Web/HTTP/Status/403",2026-07-17T16:06:15.543959
humanite,bd6t570684x,,failed,0,0,,http_manifest,known,403,manifest,"Client error '403 ' for url 'https://openapiproext.bnf.fr/iiif/presentation/v3/ark:/12148/bd6t570684x/manifest.json'
For more information check: https://developer.mozilla.org/en-US/docs/Web/HTTP/Status/403",2026-07-17T16:06:16.821341
humanite,bd6t5706858,,failed,0,0,,http_manifest,known,403,manifest,"Client error '403 ' for url 'https://openapiproext.bnf.fr/iiif/presentation/v3/ark:/12148/bd6t5706858/manifest.json'
For more information check: https://developer.mozilla.org/en-US/docs/Web/HTTP/Status/403",2026-07-17T16:06:18.088537
humanite,bd6t570686m,,failed,0,0,,http_manifest,known,403,manifest,"Client error '403 ' for url 'https://openapiproext.bnf.fr/iiif/presentation/v3/ark:/12148/bd6t570686m/manifest.json'
For more information check: https://developer.mozilla.org/en-US/docs/Web/HTTP/Status/403",2026-07-17T16:06:19.190195
humanite,bd6t570687z,,failed,0,0,,http_manifest,known,403,manifest,"Client error '403 ' for url 'https://openapiproext.bnf.fr/iiif/presentation/v3/ark:/12148/bd6t570687z/manifest.json'
For more information check: https://developer.mozilla.org/en-US/docs/Web/HTTP/Status/403",2026-07-17T16:06:20.350473
humanite,bd6t5706889,,failed,0,0,,http_manifest,known,403,manifest,"Client error '403 ' for url 'https://openapiproext.bnf.fr/iiif/presentation/v3/ark:/12148/bd6t5706889/manifest.json'
For more information check: https://developer.mozilla.org/en-US/docs/Web/HTTP/Status/403",2026-07-17T16:06:21.553159
humanite,bd6t570689n,,failed,0,0,,http_manifest,known,403,manifest,"Client error '403 ' for url 'https://openapiproext.bnf.fr/iiif/presentation/v3/ark:/12148/bd6t570689n/manifest.json'
For more information check: https://developer.mozilla.org/en-US/docs/Web/HTTP/Status/403",2026-07-17T16:06:22.754909
humanite,bd6t570690v,,failed,0,0,,http_manifest,known,403,manifest,"Client error '403 ' for url 'https://openapiproext.bnf.fr/iiif/presentation/v3/ark:/12148/bd6t570690v/manifest.json'
For more information check: https://developer.mozilla.org/en-US/docs/Web/HTTP/Status/403",2026-07-17T16:06:23.950863
humanite,bd6t5706916,,failed,0,0,,http_manifest,known,403,manifest,"Client error '403 ' for url 'https://openapiproext.bnf.fr/iiif/presentation/v3/ark:/12148/bd6t5706916/manifest.json'
For more information check: https://developer.mozilla.org/en-US/docs/Web/HTTP/Status/403",2026-07-17T16:06:25.185153
humanite,bd6t570692j,,failed,0,0,,http_manifest,known,403,manifest,"Client error '403 ' for url 'https://openapiproext.bnf.fr/iiif/presentation/v3/ark:/12148/bd6t570692j/manifest.json'
For more information check: https://developer.mozilla.org/en-US/docs/Web/HTTP/Status/403",2026-07-17T16:06:26.355553
humanite,bd6t570693w,,failed,0,0,,http_manifest,known,403,manifest,"Client error '403 ' for url 'https://openapiproext.bnf.fr/iiif/presentation/v3/ark:/12148/bd6t570693w/manifest.json'
For more information check: https://developer.mozilla.org/en-US/docs/Web/HTTP/Status/403",2026-07-17T16:06:27.562690
humanite,bd6t5706947,,failed,0,0,,http_manifest,known,403,manifest,"Client error '403 ' for url 'https://openapiproext.bnf.fr/iiif/presentation/v3/ark:/12148/bd6t5706947/manifest.json'
For more information check: https://developer.mozilla.org/en-US/docs/Web/HTTP/Status/403",2026-07-17T16:06:28.756242
humanite,bd6t570695k,,failed,0,0,,http_manifest,known,403,manifest,"Client error '403 ' for url 'https://openapiproext.bnf.fr/iiif/presentation/v3/ark:/12148/bd6t570695k/manifest.json'
For more information check: https://developer.mozilla.org/en-US/docs/Web/HTTP/Status/403",2026-07-17T16:06:29.959463
humanite,bd6t570696x,,failed,0,0,,http_manifest,known,403,manifest,"Client error '403 ' for url 'https://openapiproext.bnf.fr/iiif/presentation/v3/ark:/12148/bd6t570696x/manifest.json'
For more information check: https://developer.mozilla.org/en-US/docs/Web/HTTP/Status/403",2026-07-17T16:06:31.193872
humanite,bd6t5706978,,failed,0,0,,http_manifest,known,403,manifest,"Client error '403 ' for url 'https://openapiproext.bnf.fr/iiif/presentation/v3/ark:/12148/bd6t5706978/manifest.json'
For more information check: https://developer.mozilla.org/en-US/docs/Web/HTTP/Status/403",2026-07-17T16:06:32.466308
humanite,bd6t570698m,,failed,0,0,,http_manifest,known,403,manifest,"Client error '403 ' for url 'https://openapiproext.bnf.fr/iiif/presentation/v3/ark:/12148/bd6t570698m/manifest.json'
For more information check: https://developer.mozilla.org/en-US/docs/Web/HTTP/Status/403",2026-07-17T16:06:33.570953
humanite,bd6t570699z,,failed,0,0,,http_manifest,known,403,manifest,"Client error '403 ' for url 'https://openapiproext.bnf.fr/iiif/presentation/v3/ark:/12148/bd6t570699z/manifest.json'
For more information check: https://developer.mozilla.org/en-US/docs/Web/HTTP/Status/403",2026-07-17T16:06:34.765166
humanite,bd6t570700b,,failed,0,0,,http_manifest,known,403,manifest,"Client error '403 ' for url 'https://openapiproext.bnf.fr/iiif/presentation/v3/ark:/12148/bd6t570700b/manifest.json'
For more information check: https://developer.mozilla.org/en-US/docs/Web/HTTP/Status/403",2026-07-17T16:06:35.976333
humanite,bd6t570701p,,failed,0,0,,http_manifest,known,403,manifest,"Client error '403 ' for url 'https://openapiproext.bnf.fr/iiif/presentation/v3/ark:/12148/bd6t570701p/manifest.json'
For more information check: https://developer.mozilla.org/en-US/docs/Web/HTTP/Status/403",2026-07-17T16:06:37.195063
humanite,bd6t5707021,,failed,0,0,,http_manifest,known,403,manifest,"Client error '403 ' for url 'https://openapiproext.bnf.fr/iiif/presentation/v3/ark:/12148/bd6t5707021/manifest.json'
For more information check: https://developer.mozilla.org/en-US/docs/Web/HTTP/Status/403",2026-07-17T16:06:38.368869
humanite,bd6t570703c,,failed,0,0,,http_manifest,known,403,manifest,"Client error '403 ' for url 'https://openapiproext.bnf.fr/iiif/presentation/v3/ark:/12148/bd6t570703c/manifest.json'
For more information check: https://developer.mozilla.org/en-US/docs/Web/HTTP/Status/403",2026-07-17T16:06:39.571146
humanite,bd6t570704q,,failed,0,0,,http_manifest,known,403,manifest,"Client error '403 ' for url 'https://openapiproext.bnf.fr/iiif/presentation/v3/ark:/12148/bd6t570704q/manifest.json'
For more information check: https://developer.mozilla.org/en-US/docs/Web/HTTP/Status/403",2026-07-17T16:06:40.785888
humanite,bd6t5707052,,failed,0,0,,http_manifest,known,403,manifest,"Client error '403 ' for url 'https://openapiproext.bnf.fr/iiif/presentation/v3/ark:/12148/bd6t5707052/manifest.json'
For more information check: https://developer.mozilla.org/en-US/docs/Web/HTTP/Status/403",2026-07-17T16:06:41.975062
humanite,bd6t570706d,,failed,0,0,,http_manifest,known,403,manifest,"Client error '403 ' for url 'https://openapiproext.bnf.fr/iiif/presentation/v3/ark:/12148/bd6t570706d/manifest.json'
For more information check: https://developer.mozilla.org/en-US/docs/Web/HTTP/Status/403",2026-07-17T16:06:43.177968
humanite,bd6t570707r,,failed,0,0,,http_manifest,known,403,manifest,"Client error '403 ' for url 'https://openapiproext.bnf.fr/iiif/presentation/v3/ark:/12148/bd6t570707r/manifest.json'
For more information check: https://developer.mozilla.org/en-US/docs/Web/HTTP/Status/403",2026-07-17T16:06:44.379750
humanite,bd6t5707083,,failed,0,0,,http_manifest,known,403,manifest,"Client error '403 ' for url 'https://openapiproext.bnf.fr/iiif/presentation/v3/ark:/12148/bd6t5707083/manifest.json'
For more information check: https://developer.mozilla.org/en-US/docs/Web/HTTP/Status/403",2026-07-17T16:06:45.578457
humanite,bd6t570709f,,failed,0,0,,http_manifest,known,403,manifest,"Client error '403 ' for url 'https://openapiproext.bnf.fr/iiif/presentation/v3/ark:/12148/bd6t570709f/manifest.json'
For more information check: https://developer.mozilla.org/en-US/docs/Web/HTTP/Status/403",2026-07-17T16:06:46.823088
humanite,bd6t570710n,,failed,0,0,,http_manifest,known,403,manifest,"Client error '403 ' for url 'https://openapiproext.bnf.fr/iiif/presentation/v3/ark:/12148/bd6t570710n/manifest.json'
For more information check: https://developer.mozilla.org/en-US/docs/Web/HTTP/Status/403",2026-07-17T16:06:47.986485
humanite,bd6t5707110,,failed,0,0,,http_manifest,known,403,manifest,"Client error '403 ' for url 'https://openapiproext.bnf.fr/iiif/presentation/v3/ark:/12148/bd6t5707110/manifest.json'
For more information check: https://developer.mozilla.org/en-US/docs/Web/HTTP/Status/403",2026-07-17T16:06:49.209519
humanite,bd6t570712b,,failed,0,0,,http_manifest,known,403,manifest,"Client error '403 ' for url 'https://openapiproext.bnf.fr/iiif/presentation/v3/ark:/12148/bd6t570712b/manifest.json'
For more information check: https://developer.mozilla.org/en-US/docs/Web/HTTP/Status/403",2026-07-17T16:06:50.384368
humanite,bd6t570713p,,failed,0,0,,http_manifest,known,403,manifest,"Client error '403 ' for url 'https://openapiproext.bnf.fr/iiif/presentation/v3/ark:/12148/bd6t570713p/manifest.json'
For more information check: https://developer.mozilla.org/en-US/docs/Web/HTTP/Status/403",2026-07-17T16:06:51.588161
humanite,bd6t5707141,,failed,0,0,,http_manifest,known,403,manifest,"Client error '403 ' for url 'https://openapiproext.bnf.fr/iiif/presentation/v3/ark:/12148/bd6t5707141/manifest.json'
For more information check: https://developer.mozilla.org/en-US/docs/Web/HTTP/Status/403",2026-07-17T16:06:52.791827
humanite,bd6t570715c,,failed,0,0,,http_manifest,known,403,manifest,"Client error '403 ' for url 'https://openapiproext.bnf.fr/iiif/presentation/v3/ark:/12148/bd6t570715c/manifest.json'
For more information check: https://developer.mozilla.org/en-US/docs/Web/HTTP/Status/403",2026-07-17T16:06:53.994032
humanite,bd6t570716q,,failed,0,0,,http_manifest,known,403,manifest,"Client error '403 ' for url 'https://openapiproext.bnf.fr/iiif/presentation/v3/ark:/12148/bd6t570716q/manifest.json'
For more information check: https://developer.mozilla.org/en-US/docs/Web/HTTP/Status/403",2026-07-17T16:06:55.218124
humanite,bd6t5707172,,failed,0,0,,http_manifest,known,403,manifest,"Client error '403 ' for url 'https://openapiproext.bnf.fr/iiif/presentation/v3/ark:/12148/bd6t5707172/manifest.json'
For more information check: https://developer.mozilla.org/en-US/docs/Web/HTTP/Status/403",2026-07-17T16:06:56.403285
humanite,bd6t570718d,,failed,0,0,,http_manifest,known,403,manifest,"Client error '403 ' for url 'https://openapiproext.bnf.fr/iiif/presentation/v3/ark:/12148/bd6t570718d/manifest.json'
For more information check: https://developer.mozilla.org/en-US/docs/Web/HTTP/Status/403",2026-07-17T16:06:57.857492
humanite,bd6t570719r,,failed,0,0,,http_manifest,known,403,manifest,"Client error '403 ' for url 'https://openapiproext.bnf.fr/iiif/presentation/v3/ark:/12148/bd6t570719r/manifest.json'
For more information check: https://developer.mozilla.org/en-US/docs/Web/HTTP/Status/403",2026-07-17T16:06:58.807977
humanite,bd6t570720z,,failed,0,0,,http_manifest,known,403,manifest,"Client error '403 ' for url 'https://openapiproext.bnf.fr/iiif/presentation/v3/ark:/12148/bd6t570720z/manifest.json'
For more information check: https://developer.mozilla.org/en-US/docs/Web/HTTP/Status/403",2026-07-17T16:07:00.030552
humanite,bd6t5707219,,failed,0,0,,http_manifest,known,403,manifest,"Client error '403 ' for url 'https://openapiproext.bnf.fr/iiif/presentation/v3/ark:/12148/bd6t5707219/manifest.json'
For more information check: https://developer.mozilla.org/en-US/docs/Web/HTTP/Status/403",2026-07-17T16:07:01.205313
humanite,bd6t570722n,,failed,0,0,,http_manifest,known,403,manifest,"Client error '403 ' for url 'https://openapiproext.bnf.fr/iiif/presentation/v3/ark:/12148/bd6t570722n/manifest.json'
For more information check: https://developer.mozilla.org/en-US/docs/Web/HTTP/Status/403",2026-07-17T16:07:02.456862
humanite,bd6t5707230,,failed,0,0,,http_manifest,known,403,manifest,"Client error '403 ' for url 'https://openapiproext.bnf.fr/iiif/presentation/v3/ark:/12148/bd6t5707230/manifest.json'
For more information check: https://developer.mozilla.org/en-US/docs/Web/HTTP/Status/403",2026-07-17T16:07:03.703745
humanite,bd6t570724b,,failed,0,0,,http_manifest,known,403,manifest,"Client error '403 ' for url 'https://openapiproext.bnf.fr/iiif/presentation/v3/ark:/12148/bd6t570724b/manifest.json'
For more information check: https://developer.mozilla.org/en-US/docs/Web/HTTP/Status/403",2026-07-17T16:07:04.987863
humanite,bd6t570725p,,failed,0,0,,http_manifest,known,403,manifest,"Client error '403 ' for url 'https://openapiproext.bnf.fr/iiif/presentation/v3/ark:/12148/bd6t570725p/manifest.json'
For more information check: https://developer.mozilla.org/en-US/docs/Web/HTTP/Status/403",2026-07-17T16:07:06.354005
humanite,bd6t5707261,,failed,0,0,,http_manifest,known,403,manifest,"Client error '403 ' for url 'https://openapiproext.bnf.fr/iiif/presentation/v3/ark:/12148/bd6t5707261/manifest.json'
For more information check: https://developer.mozilla.org/en-US/docs/Web/HTTP/Status/403",2026-07-17T16:07:07.392390
humanite,bd6t570727c,,failed,0,0,,http_manifest,known,403,manifest,"Client error '403 ' for url 'https://openapiproext.bnf.fr/iiif/presentation/v3/ark:/12148/bd6t570727c/manifest.json'
For more information check: https://developer.mozilla.org/en-US/docs/Web/HTTP/Status/403",2026-07-17T16:07:08.515749
humanite,bd6t570728q,,failed,0,0,,http_manifest,known,403,manifest,"Client error '403 ' for url 'https://openapiproext.bnf.fr/iiif/presentation/v3/ark:/12148/bd6t570728q/manifest.json'
For more information check: https://developer.mozilla.org/en-US/docs/Web/HTTP/Status/403",2026-07-17T16:07:09.622232
humanite,bd6t5707292,,failed,0,0,,http_manifest,known,403,manifest,"Client error '403 ' for url 'https://openapiproext.bnf.fr/iiif/presentation/v3/ark:/12148/bd6t5707292/manifest.json'
For more information check: https://developer.mozilla.org/en-US/docs/Web/HTTP/Status/403",2026-07-17T16:07:10.822132
humanite,bd6t5707308,,failed,0,0,,http_manifest,known,403,manifest,"Client error '403 ' for url 'https://openapiproext.bnf.fr/iiif/presentation/v3/ark:/12148/bd6t5707308/manifest.json'
For more information check: https://developer.mozilla.org/en-US/docs/Web/HTTP/Status/403",2026-07-17T16:07:12.015100
humanite,bd6t570731m,,failed,0,0,,http_manifest,known,403,manifest,"Client error '403 ' for url 'https://openapiproext.bnf.fr/iiif/presentation/v3/ark:/12148/bd6t570731m/manifest.json'
For more information check: https://developer.mozilla.org/en-US/docs/Web/HTTP/Status/403",2026-07-17T16:07:13.408113
humanite,bd6t570732z,,failed,0,0,,http_manifest,known,403,manifest,"Client error '403 ' for url 'https://openapiproext.bnf.fr/iiif/presentation/v3/ark:/12148/bd6t570732z/manifest.json'
For more information check: https://developer.mozilla.org/en-US/docs/Web/HTTP/Status/403",2026-07-17T16:07:14.439324
humanite,bd6t5707339,,failed,0,0,,http_manifest,known,403,manifest,"Client error '403 ' for url 'https://openapiproext.bnf.fr/iiif/presentation/v3/ark:/12148/bd6t5707339/manifest.json'
For more information check: https://developer.mozilla.org/en-US/docs/Web/HTTP/Status/403",2026-07-17T16:07:15.641911
humanite,bd6t570734n,,failed,0,0,,http_manifest,known,403,manifest,"Client error '403 ' for url 'https://openapiproext.bnf.fr/iiif/presentation/v3/ark:/12148/bd6t570734n/manifest.json'
For more information check: https://developer.mozilla.org/en-US/docs/Web/HTTP/Status/403",2026-07-17T16:07:16.836948
humanite,bd6t5729591,,failed,0,0,,http_manifest,known,403,manifest,"Client error '403 ' for url 'https://openapiproext.bnf.fr/iiif/presentation/v3/ark:/12148/bd6t5729591/manifest.json'
For more information check: https://developer.mozilla.org/en-US/docs/Web/HTTP/Status/403",2026-07-17T16:07:18.315867
humanite,bd6t5729607,,failed,0,0,,http_manifest,known,403,manifest,"Client error '403 ' for url 'https://openapiproext.bnf.fr/iiif/presentation/v3/ark:/12148/bd6t5729607/manifest.json'
For more information check: https://developer.mozilla.org/en-US/docs/Web/HTTP/Status/403",2026-07-17T16:07:19.235271
humanite,bd6t572961k,,failed,0,0,,http_manifest,known,403,manifest,"Client error '403 ' for url 'https://openapiproext.bnf.fr/iiif/presentation/v3/ark:/12148/bd6t572961k/manifest.json'
For more information check: https://developer.mozilla.org/en-US/docs/Web/HTTP/Status/403",2026-07-17T16:07:20.431422
humanite,bd6t572962x,,failed,0,0,,http_manifest,known,403,manifest,"Client error '403 ' for url 'https://openapiproext.bnf.fr/iiif/presentation/v3/ark:/12148/bd6t572962x/manifest.json'
For more information check: https://developer.mozilla.org/en-US/docs/Web/HTTP/Status/403",2026-07-17T16:07:21.631581
humanite,bd6t5729638,,failed,0,0,,http_manifest,known,403,manifest,"Client error '403 ' for url 'https://openapiproext.bnf.fr/iiif/presentation/v3/ark:/12148/bd6t5729638/manifest.json'
For more information check: https://developer.mozilla.org/en-US/docs/Web/HTTP/Status/403",2026-07-17T16:07:22.832335
humanite,bd6t572964m,,failed,0,0,,http_manifest,known,403,manifest,"Client error '403 ' for url 'https://openapiproext.bnf.fr/iiif/presentation/v3/ark:/12148/bd6t572964m/manifest.json'
For more information check: https://developer.mozilla.org/en-US/docs/Web/HTTP/Status/403",2026-07-17T16:07:24.033899
humanite,bd6t572965z,,failed,0,0,,http_manifest,known,403,manifest,"Client error '403 ' for url 'https://openapiproext.bnf.fr/iiif/presentation/v3/ark:/12148/bd6t572965z/manifest.json'
For more information check: https://developer.mozilla.org/en-US/docs/Web/HTTP/Status/403",2026-07-17T16:07:25.251391
humanite,bd6t5729669,,failed,0,0,,http_manifest,known,403,manifest,"Client error '403 ' for url 'https://openapiproext.bnf.fr/iiif/presentation/v3/ark:/12148/bd6t5729669/manifest.json'
For more information check: https://developer.mozilla.org/en-US/docs/Web/HTTP/Status/403",2026-07-17T16:07:26.436148
humanite,bd6t572967n,,failed,0,0,,http_manifest,known,403,manifest,"Client error '403 ' for url 'https://openapiproext.bnf.fr/iiif/presentation/v3/ark:/12148/bd6t572967n/manifest.json'
For more information check: https://developer.mozilla.org/en-US/docs/Web/HTTP/Status/403",2026-07-17T16:07:27.642892
humanite,bd6t5729680,,failed,0,0,,http_manifest,known,403,manifest,"Client error '403 ' for url 'https://openapiproext.bnf.fr/iiif/presentation/v3/ark:/12148/bd6t5729680/manifest.json'
For more information check: https://developer.mozilla.org/en-US/docs/Web/HTTP/Status/403",2026-07-17T16:07:28.842006
humanite,bd6t572969b,,failed,0,0,,http_manifest,known,403,manifest,"Client error '403 ' for url 'https://openapiproext.bnf.fr/iiif/presentation/v3/ark:/12148/bd6t572969b/manifest.json'
For more information check: https://developer.mozilla.org/en-US/docs/Web/HTTP/Status/403",2026-07-17T16:07:30.061712
humanite,bd6t572970j,,failed,0,0,,http_manifest,known,403,manifest,"Client error '403 ' for url 'https://openapiproext.bnf.fr/iiif/presentation/v3/ark:/12148/bd6t572970j/manifest.json'
For more information check: https://developer.mozilla.org/en-US/docs/Web/HTTP/Status/403",2026-07-17T16:07:31.241281
humanite,bd6t572971w,,failed,0,0,,http_manifest,known,403,manifest,"Client error '403 ' for url 'https://openapiproext.bnf.fr/iiif/presentation/v3/ark:/12148/bd6t572971w/manifest.json'
For more information check: https://developer.mozilla.org/en-US/docs/Web/HTTP/Status/403",2026-07-17T16:07:32.454478
humanite,bd6t5729727,,failed,0,0,,http_manifest,known,403,manifest,"Client error '403 ' for url 'https://openapiproext.bnf.fr/iiif/presentation/v3/ark:/12148/bd6t5729727/manifest.json'
For more information check: https://developer.mozilla.org/en-US/docs/Web/HTTP/Status/403",2026-07-17T16:07:33.644619
humanite,bd6t572973k,,failed,0,0,,http_manifest,known,403,manifest,"Client error '403 ' for url 'https://openapiproext.bnf.fr/iiif/presentation/v3/ark:/12148/bd6t572973k/manifest.json'
For more information check: https://developer.mozilla.org/en-US/docs/Web/HTTP/Status/403",2026-07-17T16:07:34.848890
humanite,bd6t572974x,,failed,0,0,,http_manifest,known,403,manifest,"Client error '403 ' for url 'https://openapiproext.bnf.fr/iiif/presentation/v3/ark:/12148/bd6t572974x/manifest.json'
For more information check: https://developer.mozilla.org/en-US/docs/Web/HTTP/Status/403",2026-07-17T16:07:36.084706
humanite,bd6t5729758,,failed,0,0,,http_manifest,known,403,manifest,"Client error '403 ' for url 'https://openapiproext.bnf.fr/iiif/presentation/v3/ark:/12148/bd6t5729758/manifest.json'
For more information check: https://developer.mozilla.org/en-US/docs/Web/HTTP/Status/403",2026-07-17T16:07:37.252507
humanite,bd6t572976m,,failed,0,0,,http_manifest,known,403,manifest,"Client error '403 ' for url 'https://openapiproext.bnf.fr/iiif/presentation/v3/ark:/12148/bd6t572976m/manifest.json'
For more information check: https://developer.mozilla.org/en-US/docs/Web/HTTP/Status/403",2026-07-17T16:07:38.449466
humanite,bd6t572977z,,failed,0,0,,http_manifest,known,403,manifest,"Client error '403 ' for url 'https://openapiproext.bnf.fr/iiif/presentation/v3/ark:/12148/bd6t572977z/manifest.json'
For more information check: https://developer.mozilla.org/en-US/docs/Web/HTTP/Status/403",2026-07-17T16:07:39.649245
humanite,bd6t5729789,,failed,0,0,,http_manifest,known,403,manifest,"Client error '403 ' for url 'https://openapiproext.bnf.fr/iiif/presentation/v3/ark:/12148/bd6t5729789/manifest.json'
For more information check: https://developer.mozilla.org/en-US/docs/Web/HTTP/Status/403",2026-07-17T16:07:40.853176
humanite,bd6t572979n,,failed,0,0,,http_manifest,known,403,manifest,"Client error '403 ' for url 'https://openapiproext.bnf.fr/iiif/presentation/v3/ark:/12148/bd6t572979n/manifest.json'
For more information check: https://developer.mozilla.org/en-US/docs/Web/HTTP/Status/403",2026-07-17T16:07:42.060234
humanite,bd6t572980v,,failed,0,0,,http_manifest,known,403,manifest,"Client error '403 ' for url 'https://openapiproext.bnf.fr/iiif/presentation/v3/ark:/12148/bd6t572980v/manifest.json'
For more information check: https://developer.mozilla.org/en-US/docs/Web/HTTP/Status/403",2026-07-17T16:07:43.252208
humanite,bd6t5729816,,failed,0,0,,http_manifest,known,403,manifest,"Client error '403 ' for url 'https://openapiproext.bnf.fr/iiif/presentation/v3/ark:/12148/bd6t5729816/manifest.json'
For more information check: https://developer.mozilla.org/en-US/docs/Web/HTTP/Status/403",2026-07-17T16:07:44.460421
humanite,bd6t572982j,,failed,0,0,,http_manifest,known,403,manifest,"Client error '403 ' for url 'https://openapiproext.bnf.fr/iiif/presentation/v3/ark:/12148/bd6t572982j/manifest.json'
For more information check: https://developer.mozilla.org/en-US/docs/Web/HTTP/Status/403",2026-07-17T16:07:45.662921
humanite,bd6t572983w,,failed,0,0,,http_manifest,known,403,manifest,"Client error '403 ' for url 'https://openapiproext.bnf.fr/iiif/presentation/v3/ark:/12148/bd6t572983w/manifest.json'
For more information check: https://developer.mozilla.org/en-US/docs/Web/HTTP/Status/403",2026-07-17T16:07:46.866573
humanite,bd6t5729847,,failed,0,0,,http_manifest,known,403,manifest,"Client error '403 ' for url 'https://openapiproext.bnf.fr/iiif/presentation/v3/ark:/12148/bd6t5729847/manifest.json'
For more information check: https://developer.mozilla.org/en-US/docs/Web/HTTP/Status/403",2026-07-17T16:07:48.087761
humanite,bd6t572985k,,failed,0,0,,http_manifest,known,403,manifest,"Client error '403 ' for url 'https://openapiproext.bnf.fr/iiif/presentation/v3/ark:/12148/bd6t572985k/manifest.json'
For more information check: https://developer.mozilla.org/en-US/docs/Web/HTTP/Status/403",2026-07-17T16:07:49.260779
humanite,bd6t572986x,,failed,0,0,,http_manifest,known,403,manifest,"Client error '403 ' for url 'https://openapiproext.bnf.fr/iiif/presentation/v3/ark:/12148/bd6t572986x/manifest.json'
For more information check: https://developer.mozilla.org/en-US/docs/Web/HTTP/Status/403",2026-07-17T16:07:50.471135
humanite,bd6t5729878,,failed,0,0,,http_manifest,known,403,manifest,"Client error '403 ' for url 'https://openapiproext.bnf.fr/iiif/presentation/v3/ark:/12148/bd6t5729878/manifest.json'
For more information check: https://developer.mozilla.org/en-US/docs/Web/HTTP/Status/403",2026-07-17T16:07:51.873214
humanite,bd6t572988m,,failed,0,0,,http_manifest,known,403,manifest,"Client error '403 ' for url 'https://openapiproext.bnf.fr/iiif/presentation/v3/ark:/12148/bd6t572988m/manifest.json'
For more information check: https://developer.mozilla.org/en-US/docs/Web/HTTP/Status/403",2026-07-17T16:07:52.868217
humanite,bd6t572989z,,failed,0,0,,http_manifest,known,403,manifest,"Client error '403 ' for url 'https://openapiproext.bnf.fr/iiif/presentation/v3/ark:/12148/bd6t572989z/manifest.json'
For more information check: https://developer.mozilla.org/en-US/docs/Web/HTTP/Status/403",2026-07-17T16:07:54.070112
humanite,bd6t5729905,,failed,0,0,,http_manifest,known,403,manifest,"Client error '403 ' for url 'https://openapiproext.bnf.fr/iiif/presentation/v3/ark:/12148/bd6t5729905/manifest.json'
For more information check: https://developer.mozilla.org/en-US/docs/Web/HTTP/Status/403",2026-07-17T16:07:55.274190
humanite,bd6t572991h,,failed,0,0,,http_manifest,known,403,manifest,"Client error '403 ' for url 'https://openapiproext.bnf.fr/iiif/presentation/v3/ark:/12148/bd6t572991h/manifest.json'
For more information check: https://developer.mozilla.org/en-US/docs/Web/HTTP/Status/403",2026-07-17T16:07:56.473573
humanite,bd6t572992v,,failed,0,0,,http_manifest,known,403,manifest,"Client error '403 ' for url 'https://openapiproext.bnf.fr/iiif/presentation/v3/ark:/12148/bd6t572992v/manifest.json'
For more information check: https://developer.mozilla.org/en-US/docs/Web/HTTP/Status/403",2026-07-17T16:07:57.845420
humanite,bd6t5729936,,failed,0,0,,http_manifest,known,403,manifest,"Client error '403 ' for url 'https://openapiproext.bnf.fr/iiif/presentation/v3/ark:/12148/bd6t5729936/manifest.json'
For more information check: https://developer.mozilla.org/en-US/docs/Web/HTTP/Status/403",2026-07-17T16:07:59.042569
humanite,bd6t572994j,,failed,0,0,,http_manifest,known,403,manifest,"Client error '403 ' for url 'https://openapiproext.bnf.fr/iiif/presentation/v3/ark:/12148/bd6t572994j/manifest.json'
For more information check: https://developer.mozilla.org/en-US/docs/Web/HTTP/Status/403",2026-07-17T16:08:00.216763
humanite,bd6t572995w,,failed,0,0,,http_manifest,known,403,manifest,"Client error '403 ' for url 'https://openapiproext.bnf.fr/iiif/presentation/v3/ark:/12148/bd6t572995w/manifest.json'
For more information check: https://developer.mozilla.org/en-US/docs/Web/HTTP/Status/403",2026-07-17T16:08:01.508268
humanite,bd6t5729967,,failed,0,0,,http_manifest,known,403,manifest,"Client error '403 ' for url 'https://openapiproext.bnf.fr/iiif/presentation/v3/ark:/12148/bd6t5729967/manifest.json'
For more information check: https://developer.mozilla.org/en-US/docs/Web/HTTP/Status/403",2026-07-17T16:08:02.494159
humanite,bd6t572997k,,failed,0,0,,http_manifest,known,403,manifest,"Client error '403 ' for url 'https://openapiproext.bnf.fr/iiif/presentation/v3/ark:/12148/bd6t572997k/manifest.json'
For more information check: https://developer.mozilla.org/en-US/docs/Web/HTTP/Status/403",2026-07-17T16:08:03.828383
humanite,bd6t572998x,,failed,0,0,,http_manifest,known,403,manifest,"Client error '403 ' for url 'https://openapiproext.bnf.fr/iiif/presentation/v3/ark:/12148/bd6t572998x/manifest.json'
For more information check: https://developer.mozilla.org/en-US/docs/Web/HTTP/Status/403",2026-07-17T16:08:05.068230
humanite,bd6t5729998,,failed,0,0,,http_manifest,known,403,manifest,"Client error '403 ' for url 'https://openapiproext.bnf.fr/iiif/presentation/v3/ark:/12148/bd6t5729998/manifest.json'
For more information check: https://developer.mozilla.org/en-US/docs/Web/HTTP/Status/403",2026-07-17T16:08:06.219163
humanite,bd6t5730004,,failed,0,0,,http_manifest,known,403,manifest,"Client error '403 ' for url 'https://openapiproext.bnf.fr/iiif/presentation/v3/ark:/12148/bd6t5730004/manifest.json'
For more information check: https://developer.mozilla.org/en-US/docs/Web/HTTP/Status/403",2026-07-17T16:08:07.291504
humanite,bd6t573001g,,failed,0,0,,http_manifest,known,403,manifest,"Client error '403 ' for url 'https://openapiproext.bnf.fr/iiif/presentation/v3/ark:/12148/bd6t573001g/manifest.json'
For more information check: https://developer.mozilla.org/en-US/docs/Web/HTTP/Status/403",2026-07-17T16:08:08.490727
humanite,bd6t573002t,,failed,0,0,,http_manifest,known,403,manifest,"Client error '403 ' for url 'https://openapiproext.bnf.fr/iiif/presentation/v3/ark:/12148/bd6t573002t/manifest.json'
For more information check: https://developer.mozilla.org/en-US/docs/Web/HTTP/Status/403",2026-07-17T16:08:09.692268
humanite,bd6t5730035,,failed,0,0,,http_manifest,known,403,manifest,"Client error '403 ' for url 'https://openapiproext.bnf.fr/iiif/presentation/v3/ark:/12148/bd6t5730035/manifest.json'
For more information check: https://developer.mozilla.org/en-US/docs/Web/HTTP/Status/403",2026-07-17T16:08:10.900367
humanite,bd6t573004h,,failed,0,0,,http_manifest,known,403,manifest,"Client error '403 ' for url 'https://openapiproext.bnf.fr/iiif/presentation/v3/ark:/12148/bd6t573004h/manifest.json'
For more information check: https://developer.mozilla.org/en-US/docs/Web/HTTP/Status/403",2026-07-17T16:08:12.093073
humanite,bd6t573005v,,failed,0,0,,http_manifest,known,403,manifest,"Client error '403 ' for url 'https://openapiproext.bnf.fr/iiif/presentation/v3/ark:/12148/bd6t573005v/manifest.json'
For more information check: https://developer.mozilla.org/en-US/docs/Web/HTTP/Status/403",2026-07-17T16:08:13.298813
humanite,bd6t5730066,,failed,0,0,,http_manifest,known,403,manifest,"Client error '403 ' for url 'https://openapiproext.bnf.fr/iiif/presentation/v3/ark:/12148/bd6t5730066/manifest.json'
For more information check: https://developer.mozilla.org/en-US/docs/Web/HTTP/Status/403",2026-07-17T16:08:14.495661
humanite,bd6t573007j,,failed,0,0,,http_manifest,known,403,manifest,"Client error '403 ' for url 'https://openapiproext.bnf.fr/iiif/presentation/v3/ark:/12148/bd6t573007j/manifest.json'
For more information check: https://developer.mozilla.org/en-US/docs/Web/HTTP/Status/403",2026-07-17T16:08:15.700285
humanite,bd6t573008w,,failed,0,0,,http_manifest,known,403,manifest,"Client error '403 ' for url 'https://openapiproext.bnf.fr/iiif/presentation/v3/ark:/12148/bd6t573008w/manifest.json'
For more information check: https://developer.mozilla.org/en-US/docs/Web/HTTP/Status/403",2026-07-17T16:08:16.909736
humanite,bd6t5730097,,failed,0,0,,http_manifest,known,403,manifest,"Client error '403 ' for url 'https://openapiproext.bnf.fr/iiif/presentation/v3/ark:/12148/bd6t5730097/manifest.json'
For more information check: https://developer.mozilla.org/en-US/docs/Web/HTTP/Status/403",2026-07-17T16:08:18.130840
humanite,bd6t573010f,,failed,0,0,,http_manifest,known,403,manifest,"Client error '403 ' for url 'https://openapiproext.bnf.fr/iiif/presentation/v3/ark:/12148/bd6t573010f/manifest.json'
For more information check: https://developer.mozilla.org/en-US/docs/Web/HTTP/Status/403",2026-07-17T16:08:19.320980
humanite,bd6t573011s,,failed,0,0,,http_manifest,known,403,manifest,"Client error '403 ' for url 'https://openapiproext.bnf.fr/iiif/presentation/v3/ark:/12148/bd6t573011s/manifest.json'
For more information check: https://developer.mozilla.org/en-US/docs/Web/HTTP/Status/403",2026-07-17T16:08:20.511227
humanite,bd6t5730124,,failed,0,0,,http_manifest,known,403,manifest,"Client error '403 ' for url 'https://openapiproext.bnf.fr/iiif/presentation/v3/ark:/12148/bd6t5730124/manifest.json'
For more information check: https://developer.mozilla.org/en-US/docs/Web/HTTP/Status/403",2026-07-17T16:08:21.716842
humanite,bd6t573013g,,failed,0,0,,http_manifest,known,403,manifest,"Client error '403 ' for url 'https://openapiproext.bnf.fr/iiif/presentation/v3/ark:/12148/bd6t573013g/manifest.json'
For more information check: https://developer.mozilla.org/en-US/docs/Web/HTTP/Status/403",2026-07-17T16:08:22.925325
humanite,bd6t573014t,,failed,0,0,,http_manifest,known,403,manifest,"Client error '403 ' for url 'https://openapiproext.bnf.fr/iiif/presentation/v3/ark:/12148/bd6t573014t/manifest.json'
For more information check: https://developer.mozilla.org/en-US/docs/Web/HTTP/Status/403",2026-07-17T16:08:24.112975
humanite,bd6t5730155,,failed,0,0,,http_manifest,known,403,manifest,"Client error '403 ' for url 'https://openapiproext.bnf.fr/iiif/presentation/v3/ark:/12148/bd6t5730155/manifest.json'
For more information check: https://developer.mozilla.org/en-US/docs/Web/HTTP/Status/403",2026-07-17T16:08:25.311613
humanite,bd6t573016h,,failed,0,0,,http_manifest,known,403,manifest,"Client error '403 ' for url 'https://openapiproext.bnf.fr/iiif/presentation/v3/ark:/12148/bd6t573016h/manifest.json'
For more information check: https://developer.mozilla.org/en-US/docs/Web/HTTP/Status/403",2026-07-17T16:08:26.737418
humanite,bd6t573017v,,failed,0,0,,http_manifest,known,403,manifest,"Client error '403 ' for url 'https://openapiproext.bnf.fr/iiif/presentation/v3/ark:/12148/bd6t573017v/manifest.json'
For more information check: https://developer.mozilla.org/en-US/docs/Web/HTTP/Status/403",2026-07-17T16:08:27.722076
humanite,bd6t5730186,,failed,0,0,,http_manifest,known,403,manifest,"Client error '403 ' for url 'https://openapiproext.bnf.fr/iiif/presentation/v3/ark:/12148/bd6t5730186/manifest.json'
For more information check: https://developer.mozilla.org/en-US/docs/Web/HTTP/Status/403",2026-07-17T16:08:28.926919
humanite,bd6t573019j,,failed,0,0,,http_manifest,known,403,manifest,"Client error '403 ' for url 'https://openapiproext.bnf.fr/iiif/presentation/v3/ark:/12148/bd6t573019j/manifest.json'
For more information check: https://developer.mozilla.org/en-US/docs/Web/HTTP/Status/403",2026-07-17T16:08:30.121743
humanite,bd6t573020r,,failed,0,0,,http_manifest,known,403,manifest,"Client error '403 ' for url 'https://openapiproext.bnf.fr/iiif/presentation/v3/ark:/12148/bd6t573020r/manifest.json'
For more information check: https://developer.mozilla.org/en-US/docs/Web/HTTP/Status/403",2026-07-17T16:08:31.323302
humanite,bd6t5730213,,failed,0,0,,http_manifest,known,403,manifest,"Client error '403 ' for url 'https://openapiproext.bnf.fr/iiif/presentation/v3/ark:/12148/bd6t5730213/manifest.json'
For more information check: https://developer.mozilla.org/en-US/docs/Web/HTTP/Status/403",2026-07-17T16:08:32.523002
humanite,bd6t573022f,,failed,0,0,,http_manifest,known,403,manifest,"Client error '403 ' for url 'https://openapiproext.bnf.fr/iiif/presentation/v3/ark:/12148/bd6t573022f/manifest.json'
For more information check: https://developer.mozilla.org/en-US/docs/Web/HTTP/Status/403",2026-07-17T16:08:33.718505
humanite,bd6t573023s,,failed,0,0,,http_manifest,known,403,manifest,"Client error '403 ' for url 'https://openapiproext.bnf.fr/iiif/presentation/v3/ark:/12148/bd6t573023s/manifest.json'
For more information check: https://developer.mozilla.org/en-US/docs/Web/HTTP/Status/403",2026-07-17T16:08:34.929337
humanite,bd6t5730244,,failed,0,0,,http_manifest,known,403,manifest,"Client error '403 ' for url 'https://openapiproext.bnf.fr/iiif/presentation/v3/ark:/12148/bd6t5730244/manifest.json'
For more information check: https://developer.mozilla.org/en-US/docs/Web/HTTP/Status/403",2026-07-17T16:08:36.120941
humanite,bd6t573025g,,failed,0,0,,http_manifest,known,403,manifest,"Client error '403 ' for url 'https://openapiproext.bnf.fr/iiif/presentation/v3/ark:/12148/bd6t573025g/manifest.json'
For more information check: https://developer.mozilla.org/en-US/docs/Web/HTTP/Status/403",2026-07-17T16:08:37.326570
humanite,bd6t573026t,,failed,0,0,,http_manifest,known,403,manifest,"Client error '403 ' for url 'https://openapiproext.bnf.fr/iiif/presentation/v3/ark:/12148/bd6t573026t/manifest.json'
For more information check: https://developer.mozilla.org/en-US/docs/Web/HTTP/Status/403",2026-07-17T16:08:38.539118
humanite,bd6t5730275,,failed,0,0,,http_manifest,known,403,manifest,"Client error '403 ' for url 'https://openapiproext.bnf.fr/iiif/presentation/v3/ark:/12148/bd6t5730275/manifest.json'
For more information check: https://developer.mozilla.org/en-US/docs/Web/HTTP/Status/403",2026-07-17T16:08:39.729460
humanite,bd6t573028h,,failed,0,0,,http_manifest,known,403,manifest,"Client error '403 ' for url 'https://openapiproext.bnf.fr/iiif/presentation/v3/ark:/12148/bd6t573028h/manifest.json'
For more information check: https://developer.mozilla.org/en-US/docs/Web/HTTP/Status/403",2026-07-17T16:08:40.956853
humanite,bd6t573029v,,failed,0,0,,http_manifest,known,403,manifest,"Client error '403 ' for url 'https://openapiproext.bnf.fr/iiif/presentation/v3/ark:/12148/bd6t573029v/manifest.json'
For more information check: https://developer.mozilla.org/en-US/docs/Web/HTTP/Status/403",2026-07-17T16:08:42.172859
humanite,bd6t5730302,,failed,0,0,,http_manifest,known,403,manifest,"Client error '403 ' for url 'https://openapiproext.bnf.fr/iiif/presentation/v3/ark:/12148/bd6t5730302/manifest.json'
For more information check: https://developer.mozilla.org/en-US/docs/Web/HTTP/Status/403",2026-07-17T16:08:43.347685
humanite,bd6t573031d,,failed,0,0,,http_manifest,known,403,manifest,"Client error '403 ' for url 'https://openapiproext.bnf.fr/iiif/presentation/v3/ark:/12148/bd6t573031d/manifest.json'
For more information check: https://developer.mozilla.org/en-US/docs/Web/HTTP/Status/403",2026-07-17T16:08:44.543582
humanite,bd6t573032r,,failed,0,0,,http_manifest,known,403,manifest,"Client error '403 ' for url 'https://openapiproext.bnf.fr/iiif/presentation/v3/ark:/12148/bd6t573032r/manifest.json'
For more information check: https://developer.mozilla.org/en-US/docs/Web/HTTP/Status/403",2026-07-17T16:08:45.741553
humanite,bd6t5730333,,failed,0,0,,http_manifest,known,403,manifest,"Client error '403 ' for url 'https://openapiproext.bnf.fr/iiif/presentation/v3/ark:/12148/bd6t5730333/manifest.json'
For more information check: https://developer.mozilla.org/en-US/docs/Web/HTTP/Status/403",2026-07-17T16:08:46.942581
humanite,bd6t573034f,,failed,0,0,,http_manifest,known,403,manifest,"Client error '403 ' for url 'https://openapiproext.bnf.fr/iiif/presentation/v3/ark:/12148/bd6t573034f/manifest.json'
For more information check: https://developer.mozilla.org/en-US/docs/Web/HTTP/Status/403",2026-07-17T16:08:48.153685
humanite,bd6t573035s,,failed,0,0,,http_manifest,known,403,manifest,"Client error '403 ' for url 'https://openapiproext.bnf.fr/iiif/presentation/v3/ark:/12148/bd6t573035s/manifest.json'
For more information check: https://developer.mozilla.org/en-US/docs/Web/HTTP/Status/403",2026-07-17T16:08:49.346485
humanite,bd6t5730364,,failed,0,0,,http_manifest,known,403,manifest,"Client error '403 ' for url 'https://openapiproext.bnf.fr/iiif/presentation/v3/ark:/12148/bd6t5730364/manifest.json'
For more information check: https://developer.mozilla.org/en-US/docs/Web/HTTP/Status/403",2026-07-17T16:08:50.544118
humanite,bd6t5707350,,failed,0,0,,http_manifest,known,403,manifest,"Client error '403 ' for url 'https://openapiproext.bnf.fr/iiif/presentation/v3/ark:/12148/bd6t5707350/manifest.json'
For more information check: https://developer.mozilla.org/en-US/docs/Web/HTTP/Status/403",2026-07-17T16:08:51.748734
humanite,bd6t570736b,,failed,0,0,,http_manifest,known,403,manifest,"Client error '403 ' for url 'https://openapiproext.bnf.fr/iiif/presentation/v3/ark:/12148/bd6t570736b/manifest.json'
For more information check: https://developer.mozilla.org/en-US/docs/Web/HTTP/Status/403",2026-07-17T16:08:52.973058
humanite,bd6t570737p,,failed,0,0,,http_manifest,known,403,manifest,"Client error '403 ' for url 'https://openapiproext.bnf.fr/iiif/presentation/v3/ark:/12148/bd6t570737p/manifest.json'
For more information check: https://developer.mozilla.org/en-US/docs/Web/HTTP/Status/403",2026-07-17T16:08:54.157199
humanite,bd6t5707381,,failed,0,0,,http_manifest,known,403,manifest,"Client error '403 ' for url 'https://openapiproext.bnf.fr/iiif/presentation/v3/ark:/12148/bd6t5707381/manifest.json'
For more information check: https://developer.mozilla.org/en-US/docs/Web/HTTP/Status/403",2026-07-17T16:08:55.369554
humanite,bd6t570739c,,failed,0,0,,http_manifest,known,403,manifest,"Client error '403 ' for url 'https://openapiproext.bnf.fr/iiif/presentation/v3/ark:/12148/bd6t570739c/manifest.json'
For more information check: https://developer.mozilla.org/en-US/docs/Web/HTTP/Status/403",2026-07-17T16:08:56.551514
humanite,bd6t570740k,,failed,0,0,,http_manifest,known,403,manifest,"Client error '403 ' for url 'https://openapiproext.bnf.fr/iiif/presentation/v3/ark:/12148/bd6t570740k/manifest.json'
For more information check: https://developer.mozilla.org/en-US/docs/Web/HTTP/Status/403",2026-07-17T16:08:57.849955
humanite,bd6t570741x,,failed,0,0,,http_manifest,known,403,manifest,"Client error '403 ' for url 'https://openapiproext.bnf.fr/iiif/presentation/v3/ark:/12148/bd6t570741x/manifest.json'
For more information check: https://developer.mozilla.org/en-US/docs/Web/HTTP/Status/403",2026-07-17T16:08:58.965118
humanite,bd6t5707428,,failed,0,0,,http_manifest,known,403,manifest,"Client error '403 ' for url 'https://openapiproext.bnf.fr/iiif/presentation/v3/ark:/12148/bd6t5707428/manifest.json'
For more information check: https://developer.mozilla.org/en-US/docs/Web/HTTP/Status/403",2026-07-17T16:09:00.174417
humanite,bd6t570743m,,failed,0,0,,http_manifest,known,403,manifest,"Client error '403 ' for url 'https://openapiproext.bnf.fr/iiif/presentation/v3/ark:/12148/bd6t570743m/manifest.json'
For more information check: https://developer.mozilla.org/en-US/docs/Web/HTTP/Status/403",2026-07-17T16:09:01.455236
humanite,bd6t570744z,,failed,0,0,,http_manifest,known,403,manifest,"Client error '403 ' for url 'https://openapiproext.bnf.fr/iiif/presentation/v3/ark:/12148/bd6t570744z/manifest.json'
For more information check: https://developer.mozilla.org/en-US/docs/Web/HTTP/Status/403",2026-07-17T16:09:02.603819
humanite,bd6t5707459,,failed,0,0,,http_manifest,known,403,manifest,"Client error '403 ' for url 'https://openapiproext.bnf.fr/iiif/presentation/v3/ark:/12148/bd6t5707459/manifest.json'
For more information check: https://developer.mozilla.org/en-US/docs/Web/HTTP/Status/403",2026-07-17T16:09:03.775817
humanite,bd6t570746n,,failed,0,0,,http_manifest,known,403,manifest,"Client error '403 ' for url 'https://openapiproext.bnf.fr/iiif/presentation/v3/ark:/12148/bd6t570746n/manifest.json'
For more information check: https://developer.mozilla.org/en-US/docs/Web/HTTP/Status/403",2026-07-17T16:09:05.230111
humanite,bd6t5707470,,failed,0,0,,http_manifest,known,403,manifest,"Client error '403 ' for url 'https://openapiproext.bnf.fr/iiif/presentation/v3/ark:/12148/bd6t5707470/manifest.json'
For more information check: https://developer.mozilla.org/en-US/docs/Web/HTTP/Status/403",2026-07-17T16:09:06.261042
humanite,bd6t570748b,,failed,0,0,,http_manifest,known,403,manifest,"Client error '403 ' for url 'https://openapiproext.bnf.fr/iiif/presentation/v3/ark:/12148/bd6t570748b/manifest.json'
For more information check: https://developer.mozilla.org/en-US/docs/Web/HTTP/Status/403",2026-07-17T16:09:07.394911
humanite,bd6t570749p,,failed,0,0,,http_manifest,known,403,manifest,"Client error '403 ' for url 'https://openapiproext.bnf.fr/iiif/presentation/v3/ark:/12148/bd6t570749p/manifest.json'
For more information check: https://developer.mozilla.org/en-US/docs/Web/HTTP/Status/403",2026-07-17T16:09:08.771567
humanite,bd6t570750w,,failed,0,0,,http_manifest,known,403,manifest,"Client error '403 ' for url 'https://openapiproext.bnf.fr/iiif/presentation/v3/ark:/12148/bd6t570750w/manifest.json'
For more information check: https://developer.mozilla.org/en-US/docs/Web/HTTP/Status/403",2026-07-17T16:09:09.775088
humanite,bd6t5707517,,failed,0,0,,http_manifest,known,403,manifest,"Client error '403 ' for url 'https://openapiproext.bnf.fr/iiif/presentation/v3/ark:/12148/bd6t5707517/manifest.json'
For more information check: https://developer.mozilla.org/en-US/docs/Web/HTTP/Status/403",2026-07-17T16:09:10.996312
humanite,bd6t570752k,,failed,0,0,,http_manifest,known,403,manifest,"Client error '403 ' for url 'https://openapiproext.bnf.fr/iiif/presentation/v3/ark:/12148/bd6t570752k/manifest.json'
For more information check: https://developer.mozilla.org/en-US/docs/Web/HTTP/Status/403",2026-07-17T16:09:12.423042
humanite,bd6t570753x,,failed,0,0,,http_manifest,known,403,manifest,"Client error '403 ' for url 'https://openapiproext.bnf.fr/iiif/presentation/v3/ark:/12148/bd6t570753x/manifest.json'
For more information check: https://developer.mozilla.org/en-US/docs/Web/HTTP/Status/403",2026-07-17T16:09:13.375139
humanite,bd6t5707548,,failed,0,0,,http_manifest,known,403,manifest,"Client error '403 ' for url 'https://openapiproext.bnf.fr/iiif/presentation/v3/ark:/12148/bd6t5707548/manifest.json'
For more information check: https://developer.mozilla.org/en-US/docs/Web/HTTP/Status/403",2026-07-17T16:09:14.576685
humanite,bd6t570755m,,failed,0,0,,http_manifest,known,403,manifest,"Client error '403 ' for url 'https://openapiproext.bnf.fr/iiif/presentation/v3/ark:/12148/bd6t570755m/manifest.json'
For more information check: https://developer.mozilla.org/en-US/docs/Web/HTTP/Status/403",2026-07-17T16:09:15.898615
humanite,bd6t570756z,,failed,0,0,,http_manifest,known,403,manifest,"Client error '403 ' for url 'https://openapiproext.bnf.fr/iiif/presentation/v3/ark:/12148/bd6t570756z/manifest.json'
For more information check: https://developer.mozilla.org/en-US/docs/Web/HTTP/Status/403",2026-07-17T16:09:16.996186
humanite,bd6t5707579,,failed,0,0,,http_manifest,known,403,manifest,"Client error '403 ' for url 'https://openapiproext.bnf.fr/iiif/presentation/v3/ark:/12148/bd6t5707579/manifest.json'
For more information check: https://developer.mozilla.org/en-US/docs/Web/HTTP/Status/403",2026-07-17T16:09:18.186442
humanite,bd6t570758n,,failed,0,0,,http_manifest,known,403,manifest,"Client error '403 ' for url 'https://openapiproext.bnf.fr/iiif/presentation/v3/ark:/12148/bd6t570758n/manifest.json'
For more information check: https://developer.mozilla.org/en-US/docs/Web/HTTP/Status/403",2026-07-17T16:09:19.385257
humanite,bd6t5707590,,failed,0,0,,http_manifest,known,403,manifest,"Client error '403 ' for url 'https://openapiproext.bnf.fr/iiif/presentation/v3/ark:/12148/bd6t5707590/manifest.json'
For more information check: https://developer.mozilla.org/en-US/docs/Web/HTTP/Status/403",2026-07-17T16:09:20.586029
humanite,bd6t5707606,,failed,0,0,,http_manifest,known,403,manifest,"Client error '403 ' for url 'https://openapiproext.bnf.fr/iiif/presentation/v3/ark:/12148/bd6t5707606/manifest.json'
For more information check: https://developer.mozilla.org/en-US/docs/Web/HTTP/Status/403",2026-07-17T16:09:21.806260
humanite,bd6t570761j,,failed,0,0,,http_manifest,known,403,manifest,"Client error '403 ' for url 'https://openapiproext.bnf.fr/iiif/presentation/v3/ark:/12148/bd6t570761j/manifest.json'
For more information check: https://developer.mozilla.org/en-US/docs/Web/HTTP/Status/403",2026-07-17T16:09:22.991852
humanite,bd6t570762w,,failed,0,0,,http_manifest,known,403,manifest,"Client error '403 ' for url 'https://openapiproext.bnf.fr/iiif/presentation/v3/ark:/12148/bd6t570762w/manifest.json'
For more information check: https://developer.mozilla.org/en-US/docs/Web/HTTP/Status/403",2026-07-17T16:09:24.188858
humanite,bd6t5707637,,failed,0,0,,http_manifest,known,403,manifest,"Client error '403 ' for url 'https://openapiproext.bnf.fr/iiif/presentation/v3/ark:/12148/bd6t5707637/manifest.json'
For more information check: https://developer.mozilla.org/en-US/docs/Web/HTTP/Status/403",2026-07-17T16:09:25.404396
humanite,bd6t570764k,,failed,0,0,,http_manifest,known,403,manifest,"Client error '403 ' for url 'https://openapiproext.bnf.fr/iiif/presentation/v3/ark:/12148/bd6t570764k/manifest.json'
For more information check: https://developer.mozilla.org/en-US/docs/Web/HTTP/Status/403",2026-07-17T16:09:26.598952
humanite,bd6t570765x,,failed,0,0,,http_manifest,known,403,manifest,"Client error '403 ' for url 'https://openapiproext.bnf.fr/iiif/presentation/v3/ark:/12148/bd6t570765x/manifest.json'
For more information check: https://developer.mozilla.org/en-US/docs/Web/HTTP/Status/403",2026-07-17T16:09:27.795899
humanite,bd6t5707668,,failed,0,0,,http_manifest,known,403,manifest,"Client error '403 ' for url 'https://openapiproext.bnf.fr/iiif/presentation/v3/ark:/12148/bd6t5707668/manifest.json'
For more information check: https://developer.mozilla.org/en-US/docs/Web/HTTP/Status/403",2026-07-17T16:09:28.996108
humanite,bd6t570767m,,failed,0,0,,http_manifest,known,403,manifest,"Client error '403 ' for url 'https://openapiproext.bnf.fr/iiif/presentation/v3/ark:/12148/bd6t570767m/manifest.json'
For more information check: https://developer.mozilla.org/en-US/docs/Web/HTTP/Status/403",2026-07-17T16:09:30.203534
humanite,bd6t570768z,,failed,0,0,,http_manifest,known,403,manifest,"Client error '403 ' for url 'https://openapiproext.bnf.fr/iiif/presentation/v3/ark:/12148/bd6t570768z/manifest.json'
For more information check: https://developer.mozilla.org/en-US/docs/Web/HTTP/Status/403",2026-07-17T16:09:31.402654
humanite,bd6t570770h,,failed,0,0,,http_manifest,known,403,manifest,"Client error '403 ' for url 'https://openapiproext.bnf.fr/iiif/presentation/v3/ark:/12148/bd6t570770h/manifest.json'
For more information check: https://developer.mozilla.org/en-US/docs/Web/HTTP/Status/403",2026-07-17T16:09:32.605007
humanite,bd6t5707699,,failed,0,0,,http_manifest,known,403,manifest,"Client error '403 ' for url 'https://openapiproext.bnf.fr/iiif/presentation/v3/ark:/12148/bd6t5707699/manifest.json'
For more information check: https://developer.mozilla.org/en-US/docs/Web/HTTP/Status/403",2026-07-17T16:09:33.812336
humanite,bd6t570771v,,failed,0,0,,http_manifest,known,403,manifest,"Client error '403 ' for url 'https://openapiproext.bnf.fr/iiif/presentation/v3/ark:/12148/bd6t570771v/manifest.json'
For more information check: https://developer.mozilla.org/en-US/docs/Web/HTTP/Status/403",2026-07-17T16:09:35.005693
humanite,bd6t5707726,,failed,0,0,,http_manifest,known,403,manifest,"Client error '403 ' for url 'https://openapiproext.bnf.fr/iiif/presentation/v3/ark:/12148/bd6t5707726/manifest.json'
For more information check: https://developer.mozilla.org/en-US/docs/Web/HTTP/Status/403",2026-07-17T16:09:36.205098
humanite,bd6t570773j,,failed,0,0,,http_manifest,known,403,manifest,"Client error '403 ' for url 'https://openapiproext.bnf.fr/iiif/presentation/v3/ark:/12148/bd6t570773j/manifest.json'
For more information check: https://developer.mozilla.org/en-US/docs/Web/HTTP/Status/403",2026-07-17T16:09:37.410643
humanite,bd6t570774w,,failed,0,0,,http_manifest,known,403,manifest,"Client error '403 ' for url 'https://openapiproext.bnf.fr/iiif/presentation/v3/ark:/12148/bd6t570774w/manifest.json'
For more information check: https://developer.mozilla.org/en-US/docs/Web/HTTP/Status/403",2026-07-17T16:09:38.614633
humanite,bd6t5707757,,failed,0,0,,http_manifest,known,403,manifest,"Client error '403 ' for url 'https://openapiproext.bnf.fr/iiif/presentation/v3/ark:/12148/bd6t5707757/manifest.json'
For more information check: https://developer.mozilla.org/en-US/docs/Web/HTTP/Status/403",2026-07-17T16:09:39.842160
humanite,bd6t570776k,,failed,0,0,,http_manifest,known,403,manifest,"Client error '403 ' for url 'https://openapiproext.bnf.fr/iiif/presentation/v3/ark:/12148/bd6t570776k/manifest.json'
For more information check: https://developer.mozilla.org/en-US/docs/Web/HTTP/Status/403",2026-07-17T16:09:41.026285
humanite,bd6t570777x,,failed,0,0,,http_manifest,known,403,manifest,"Client error '403 ' for url 'https://openapiproext.bnf.fr/iiif/presentation/v3/ark:/12148/bd6t570777x/manifest.json'
For more information check: https://developer.mozilla.org/en-US/docs/Web/HTTP/Status/403",2026-07-17T16:09:42.219978
humanite,bd6t5707788,,failed,0,0,,http_manifest,known,403,manifest,"Client error '403 ' for url 'https://openapiproext.bnf.fr/iiif/presentation/v3/ark:/12148/bd6t5707788/manifest.json'
For more information check: https://developer.mozilla.org/en-US/docs/Web/HTTP/Status/403",2026-07-17T16:09:43.417185
humanite,bd6t570779m,,failed,0,0,,http_manifest,known,403,manifest,"Client error '403 ' for url 'https://openapiproext.bnf.fr/iiif/presentation/v3/ark:/12148/bd6t570779m/manifest.json'
For more information check: https://developer.mozilla.org/en-US/docs/Web/HTTP/Status/403",2026-07-17T16:09:44.620687
humanite,bd6t570780t,,failed,0,0,,http_manifest,known,403,manifest,"Client error '403 ' for url 'https://openapiproext.bnf.fr/iiif/presentation/v3/ark:/12148/bd6t570780t/manifest.json'
For more information check: https://developer.mozilla.org/en-US/docs/Web/HTTP/Status/403",2026-07-17T16:09:45.822211
humanite,bd6t5707815,,failed,0,0,,http_manifest,known,403,manifest,"Client error '403 ' for url 'https://openapiproext.bnf.fr/iiif/presentation/v3/ark:/12148/bd6t5707815/manifest.json'
For more information check: https://developer.mozilla.org/en-US/docs/Web/HTTP/Status/403",2026-07-17T16:09:47.022201
humanite,bd6t570782h,,failed,0,0,,http_manifest,known,403,manifest,"Client error '403 ' for url 'https://openapiproext.bnf.fr/iiif/presentation/v3/ark:/12148/bd6t570782h/manifest.json'
For more information check: https://developer.mozilla.org/en-US/docs/Web/HTTP/Status/403",2026-07-17T16:09:48.230488
humanite,bd6t570783v,,failed,0,0,,http_manifest,known,403,manifest,"Client error '403 ' for url 'https://openapiproext.bnf.fr/iiif/presentation/v3/ark:/12148/bd6t570783v/manifest.json'
For more information check: https://developer.mozilla.org/en-US/docs/Web/HTTP/Status/403",2026-07-17T16:09:49.426071
humanite,bd6t5707846,,failed,0,0,,http_manifest,known,403,manifest,"Client error '403 ' for url 'https://openapiproext.bnf.fr/iiif/presentation/v3/ark:/12148/bd6t5707846/manifest.json'
For more information check: https://developer.mozilla.org/en-US/docs/Web/HTTP/Status/403",2026-07-17T16:09:50.630803
humanite,bd6t570785j,,failed,0,0,,http_manifest,known,403,manifest,"Client error '403 ' for url 'https://openapiproext.bnf.fr/iiif/presentation/v3/ark:/12148/bd6t570785j/manifest.json'
For more information check: https://developer.mozilla.org/en-US/docs/Web/HTTP/Status/403",2026-07-17T16:09:51.851777
humanite,bd6t570786w,,failed,0,0,,http_manifest,known,403,manifest,"Client error '403 ' for url 'https://openapiproext.bnf.fr/iiif/presentation/v3/ark:/12148/bd6t570786w/manifest.json'
For more information check: https://developer.mozilla.org/en-US/docs/Web/HTTP/Status/403",2026-07-17T16:09:53.028616
humanite,bd6t5707877,,failed,0,0,,http_manifest,known,403,manifest,"Client error '403 ' for url 'https://openapiproext.bnf.fr/iiif/presentation/v3/ark:/12148/bd6t5707877/manifest.json'
For more information check: https://developer.mozilla.org/en-US/docs/Web/HTTP/Status/403",2026-07-17T16:09:54.230718
humanite,bd6t570788k,,failed,0,0,,http_manifest,known,403,manifest,"Client error '403 ' for url 'https://openapiproext.bnf.fr/iiif/presentation/v3/ark:/12148/bd6t570788k/manifest.json'
For more information check: https://developer.mozilla.org/en-US/docs/Web/HTTP/Status/403",2026-07-17T16:09:55.430329
humanite,bd6t570789x,,failed,0,0,,http_manifest,known,403,manifest,"Client error '403 ' for url 'https://openapiproext.bnf.fr/iiif/presentation/v3/ark:/12148/bd6t570789x/manifest.json'
For more information check: https://developer.mozilla.org/en-US/docs/Web/HTTP/Status/403",2026-07-17T16:09:56.639380
humanite,bd6t5707904,,failed,0,0,,http_manifest,known,403,manifest,"Client error '403 ' for url 'https://openapiproext.bnf.fr/iiif/presentation/v3/ark:/12148/bd6t5707904/manifest.json'
For more information check: https://developer.mozilla.org/en-US/docs/Web/HTTP/Status/403",2026-07-17T16:09:58.063878
humanite,bd6t570791g,,failed,0,0,,http_manifest,known,403,manifest,"Client error '403 ' for url 'https://openapiproext.bnf.fr/iiif/presentation/v3/ark:/12148/bd6t570791g/manifest.json'
For more information check: https://developer.mozilla.org/en-US/docs/Web/HTTP/Status/403",2026-07-17T16:09:59.198090
humanite,bd6t570792t,,failed,0,0,,http_manifest,known,403,manifest,"Client error '403 ' for url 'https://openapiproext.bnf.fr/iiif/presentation/v3/ark:/12148/bd6t570792t/manifest.json'
For more information check: https://developer.mozilla.org/en-US/docs/Web/HTTP/Status/403",2026-07-17T16:10:00.273254
humanite,bd6t5707935,,failed,0,0,,http_manifest,known,403,manifest,"Client error '403 ' for url 'https://openapiproext.bnf.fr/iiif/presentation/v3/ark:/12148/bd6t5707935/manifest.json'
For more information check: https://developer.mozilla.org/en-US/docs/Web/HTTP/Status/403",2026-07-17T16:10:01.438824
humanite,bd6t570794h,,failed,0,0,,http_manifest,known,403,manifest,"Client error '403 ' for url 'https://openapiproext.bnf.fr/iiif/presentation/v3/ark:/12148/bd6t570794h/manifest.json'
For more information check: https://developer.mozilla.org/en-US/docs/Web/HTTP/Status/403",2026-07-17T16:10:02.639076
humanite,bd6t570795v,,failed,0,0,,http_manifest,known,403,manifest,"Client error '403 ' for url 'https://openapiproext.bnf.fr/iiif/presentation/v3/ark:/12148/bd6t570795v/manifest.json'
For more information check: https://developer.mozilla.org/en-US/docs/Web/HTTP/Status/403",2026-07-17T16:10:04.127216
humanite,bd6t5707966,,failed,0,0,,http_manifest,known,403,manifest,"Client error '403 ' for url 'https://openapiproext.bnf.fr/iiif/presentation/v3/ark:/12148/bd6t5707966/manifest.json'
For more information check: https://developer.mozilla.org/en-US/docs/Web/HTTP/Status/403",2026-07-17T16:10:05.289764
humanite,bd6t570797j,,failed,0,0,,http_manifest,known,403,manifest,"Client error '403 ' for url 'https://openapiproext.bnf.fr/iiif/presentation/v3/ark:/12148/bd6t570797j/manifest.json'
For more information check: https://developer.mozilla.org/en-US/docs/Web/HTTP/Status/403",2026-07-17T16:10:06.257715
humanite,bd6t570798w,,failed,0,0,,http_manifest,known,403,manifest,"Client error '403 ' for url 'https://openapiproext.bnf.fr/iiif/presentation/v3/ark:/12148/bd6t570798w/manifest.json'
For more information check: https://developer.mozilla.org/en-US/docs/Web/HTTP/Status/403",2026-07-17T16:10:07.452260
humanite,bd6t5707997,,failed,0,0,,http_manifest,known,403,manifest,"Client error '403 ' for url 'https://openapiproext.bnf.fr/iiif/presentation/v3/ark:/12148/bd6t5707997/manifest.json'
For more information check: https://developer.mozilla.org/en-US/docs/Web/HTTP/Status/403",2026-07-17T16:10:08.646969
humanite,bd6t570800m,,failed,0,0,,http_manifest,known,403,manifest,"Client error '403 ' for url 'https://openapiproext.bnf.fr/iiif/presentation/v3/ark:/12148/bd6t570800m/manifest.json'
For more information check: https://developer.mozilla.org/en-US/docs/Web/HTTP/Status/403",2026-07-17T16:10:09.877814
humanite,bd6t570801z,,failed,0,0,,http_manifest,known,403,manifest,"Client error '403 ' for url 'https://openapiproext.bnf.fr/iiif/presentation/v3/ark:/12148/bd6t570801z/manifest.json'
For more information check: https://developer.mozilla.org/en-US/docs/Web/HTTP/Status/403",2026-07-17T16:10:11.053245
humanite,bd6t5708029,,failed,0,0,,http_manifest,known,403,manifest,"Client error '403 ' for url 'https://openapiproext.bnf.fr/iiif/presentation/v3/ark:/12148/bd6t5708029/manifest.json'
For more information check: https://developer.mozilla.org/en-US/docs/Web/HTTP/Status/403",2026-07-17T16:10:12.433681
humanite,bd6t570803n,,failed,0,0,,http_manifest,known,403,manifest,"Client error '403 ' for url 'https://openapiproext.bnf.fr/iiif/presentation/v3/ark:/12148/bd6t570803n/manifest.json'
For more information check: https://developer.mozilla.org/en-US/docs/Web/HTTP/Status/403",2026-07-17T16:10:13.449051
humanite,bd6t5708040,,failed,0,0,,http_manifest,known,403,manifest,"Client error '403 ' for url 'https://openapiproext.bnf.fr/iiif/presentation/v3/ark:/12148/bd6t5708040/manifest.json'
For more information check: https://developer.mozilla.org/en-US/docs/Web/HTTP/Status/403",2026-07-17T16:10:14.865527
humanite,bd6t570805b,,failed,0,0,,http_manifest,known,403,manifest,"Client error '403 ' for url 'https://openapiproext.bnf.fr/iiif/presentation/v3/ark:/12148/bd6t570805b/manifest.json'
For more information check: https://developer.mozilla.org/en-US/docs/Web/HTTP/Status/403",2026-07-17T16:10:15.853094
humanite,bd6t570806p,,failed,0,0,,http_manifest,known,403,manifest,"Client error '403 ' for url 'https://openapiproext.bnf.fr/iiif/presentation/v3/ark:/12148/bd6t570806p/manifest.json'
For more information check: https://developer.mozilla.org/en-US/docs/Web/HTTP/Status/403",2026-07-17T16:10:17.260119
humanite,bd6t5708071,,failed,0,0,,http_manifest,known,403,manifest,"Client error '403 ' for url 'https://openapiproext.bnf.fr/iiif/presentation/v3/ark:/12148/bd6t5708071/manifest.json'
For more information check: https://developer.mozilla.org/en-US/docs/Web/HTTP/Status/403",2026-07-17T16:10:18.271663
humanite,bd6t570808c,,failed,0,0,,http_manifest,known,403,manifest,"Client error '403 ' for url 'https://openapiproext.bnf.fr/iiif/presentation/v3/ark:/12148/bd6t570808c/manifest.json'
For more information check: https://developer.mozilla.org/en-US/docs/Web/HTTP/Status/403",2026-07-17T16:10:19.513351
humanite,bd6t570809q,,failed,0,0,,http_manifest,known,403,manifest,"Client error '403 ' for url 'https://openapiproext.bnf.fr/iiif/presentation/v3/ark:/12148/bd6t570809q/manifest.json'
For more information check: https://developer.mozilla.org/en-US/docs/Web/HTTP/Status/403",2026-07-17T16:10:20.681002
humanite,bd6t570810x,,failed,0,0,,http_manifest,known,403,manifest,"Client error '403 ' for url 'https://openapiproext.bnf.fr/iiif/presentation/v3/ark:/12148/bd6t570810x/manifest.json'
For more information check: https://developer.mozilla.org/en-US/docs/Web/HTTP/Status/403",2026-07-17T16:10:21.870416
humanite,bd6t5708118,,failed,0,0,,http_manifest,known,403,manifest,"Client error '403 ' for url 'https://openapiproext.bnf.fr/iiif/presentation/v3/ark:/12148/bd6t5708118/manifest.json'
For more information check: https://developer.mozilla.org/en-US/docs/Web/HTTP/Status/403",2026-07-17T16:10:23.059959
humanite,bd6t570812m,,failed,0,0,,http_manifest,known,403,manifest,"Client error '403 ' for url 'https://openapiproext.bnf.fr/iiif/presentation/v3/ark:/12148/bd6t570812m/manifest.json'
For more information check: https://developer.mozilla.org/en-US/docs/Web/HTTP/Status/403",2026-07-17T16:10:24.271750
humanite,bd6t556992d,,failed,0,0,,http_manifest,known,403,manifest,"Client error '403 ' for url 'https://openapiproext.bnf.fr/iiif/presentation/v3/ark:/12148/bd6t556992d/manifest.json'
For more information check: https://developer.mozilla.org/en-US/docs/Web/HTTP/Status/403",2026-07-17T16:10:25.469469
humanite,bd6t556993r,,failed,0,0,,http_manifest,known,403,manifest,"Client error '403 ' for url 'https://openapiproext.bnf.fr/iiif/presentation/v3/ark:/12148/bd6t556993r/manifest.json'
For more information check: https://developer.mozilla.org/en-US/docs/Web/HTTP/Status/403",2026-07-17T16:10:26.693210
humanite,bd6t5569943,,failed,0,0,,http_manifest,known,403,manifest,"Client error '403 ' for url 'https://openapiproext.bnf.fr/iiif/presentation/v3/ark:/12148/bd6t5569943/manifest.json'
For more information check: https://developer.mozilla.org/en-US/docs/Web/HTTP/Status/403",2026-07-17T16:10:27.872179
humanite,bd6t556995f,,failed,0,0,,http_manifest,known,403,manifest,"Client error '403 ' for url 'https://openapiproext.bnf.fr/iiif/presentation/v3/ark:/12148/bd6t556995f/manifest.json'
For more information check: https://developer.mozilla.org/en-US/docs/Web/HTTP/Status/403",2026-07-17T16:10:29.074016
humanite,bd6t556996s,,failed,0,0,,http_manifest,known,403,manifest,"Client error '403 ' for url 'https://openapiproext.bnf.fr/iiif/presentation/v3/ark:/12148/bd6t556996s/manifest.json'
For more information check: https://developer.mozilla.org/en-US/docs/Web/HTTP/Status/403",2026-07-17T16:10:30.272368
humanite,bd6t5569974,,failed,0,0,,http_manifest,known,403,manifest,"Client error '403 ' for url 'https://openapiproext.bnf.fr/iiif/presentation/v3/ark:/12148/bd6t5569974/manifest.json'
For more information check: https://developer.mozilla.org/en-US/docs/Web/HTTP/Status/403",2026-07-17T16:10:31.477492
humanite,bd6t556998g,,failed,0,0,,http_manifest,known,403,manifest,"Client error '403 ' for url 'https://openapiproext.bnf.fr/iiif/presentation/v3/ark:/12148/bd6t556998g/manifest.json'
For more information check: https://developer.mozilla.org/en-US/docs/Web/HTTP/Status/403",2026-07-17T16:10:32.677079
humanite,bd6t556999t,,failed,0,0,,http_manifest,known,403,manifest,"Client error '403 ' for url 'https://openapiproext.bnf.fr/iiif/presentation/v3/ark:/12148/bd6t556999t/manifest.json'
For more information check: https://developer.mozilla.org/en-US/docs/Web/HTTP/Status/403",2026-07-17T16:10:33.882255
humanite,bd6t557000p,,failed,0,0,,http_manifest,known,403,manifest,"Client error '403 ' for url 'https://openapiproext.bnf.fr/iiif/presentation/v3/ark:/12148/bd6t557000p/manifest.json'
For more information check: https://developer.mozilla.org/en-US/docs/Web/HTTP/Status/403",2026-07-17T16:10:35.077774
humanite,bd6t5570011,,failed,0,0,,http_manifest,known,403,manifest,"Client error '403 ' for url 'https://openapiproext.bnf.fr/iiif/presentation/v3/ark:/12148/bd6t5570011/manifest.json'
For more information check: https://developer.mozilla.org/en-US/docs/Web/HTTP/Status/403",2026-07-17T16:10:36.283928
humanite,bd6t557002c,,failed,0,0,,http_manifest,known,403,manifest,"Client error '403 ' for url 'https://openapiproext.bnf.fr/iiif/presentation/v3/ark:/12148/bd6t557002c/manifest.json'
For more information check: https://developer.mozilla.org/en-US/docs/Web/HTTP/Status/403",2026-07-17T16:10:37.483851
humanite,bd6t557003q,,failed,0,0,,http_manifest,known,403,manifest,"Client error '403 ' for url 'https://openapiproext.bnf.fr/iiif/presentation/v3/ark:/12148/bd6t557003q/manifest.json'
For more information check: https://developer.mozilla.org/en-US/docs/Web/HTTP/Status/403",2026-07-17T16:10:38.687744
humanite,bd6t5570042,,failed,0,0,,http_manifest,known,403,manifest,"Client error '403 ' for url 'https://openapiproext.bnf.fr/iiif/presentation/v3/ark:/12148/bd6t5570042/manifest.json'
For more information check: https://developer.mozilla.org/en-US/docs/Web/HTTP/Status/403",2026-07-17T16:10:39.887021
humanite,bd6t557005d,,failed,0,0,,http_manifest,known,403,manifest,"Client error '403 ' for url 'https://openapiproext.bnf.fr/iiif/presentation/v3/ark:/12148/bd6t557005d/manifest.json'
For more information check: https://developer.mozilla.org/en-US/docs/Web/HTTP/Status/403",2026-07-17T16:10:41.091199
humanite,bd6t557006r,,failed,0,0,,http_manifest,known,403,manifest,"Client error '403 ' for url 'https://openapiproext.bnf.fr/iiif/presentation/v3/ark:/12148/bd6t557006r/manifest.json'
For more information check: https://developer.mozilla.org/en-US/docs/Web/HTTP/Status/403",2026-07-17T16:10:42.290924
humanite,bd6t5570073,,failed,0,0,,http_manifest,known,403,manifest,"Client error '403 ' for url 'https://openapiproext.bnf.fr/iiif/presentation/v3/ark:/12148/bd6t5570073/manifest.json'
For more information check: https://developer.mozilla.org/en-US/docs/Web/HTTP/Status/403",2026-07-17T16:10:43.493692
humanite,bd6t557008f,,failed,0,0,,http_manifest,known,403,manifest,"Client error '403 ' for url 'https://openapiproext.bnf.fr/iiif/presentation/v3/ark:/12148/bd6t557008f/manifest.json'
For more information check: https://developer.mozilla.org/en-US/docs/Web/HTTP/Status/403",2026-07-17T16:10:44.690663
humanite,bd6t557009s,,failed,0,0,,http_manifest,known,403,manifest,"Client error '403 ' for url 'https://openapiproext.bnf.fr/iiif/presentation/v3/ark:/12148/bd6t557009s/manifest.json'
For more information check: https://developer.mozilla.org/en-US/docs/Web/HTTP/Status/403",2026-07-17T16:10:45.901303
humanite,bd6t5570100,,failed,0,0,,http_manifest,known,403,manifest,"Client error '403 ' for url 'https://openapiproext.bnf.fr/iiif/presentation/v3/ark:/12148/bd6t5570100/manifest.json'
For more information check: https://developer.mozilla.org/en-US/docs/Web/HTTP/Status/403",2026-07-17T16:10:47.102499
humanite,bd6t557011b,,failed,0,0,,http_manifest,known,403,manifest,"Client error '403 ' for url 'https://openapiproext.bnf.fr/iiif/presentation/v3/ark:/12148/bd6t557011b/manifest.json'
For more information check: https://developer.mozilla.org/en-US/docs/Web/HTTP/Status/403",2026-07-17T16:10:48.298018
humanite,bd6t557012p,,failed,0,0,,http_manifest,known,403,manifest,"Client error '403 ' for url 'https://openapiproext.bnf.fr/iiif/presentation/v3/ark:/12148/bd6t557012p/manifest.json'
For more information check: https://developer.mozilla.org/en-US/docs/Web/HTTP/Status/403",2026-07-17T16:10:49.496974
humanite,bd6t5570131,,failed,0,0,,http_manifest,known,403,manifest,"Client error '403 ' for url 'https://openapiproext.bnf.fr/iiif/presentation/v3/ark:/12148/bd6t5570131/manifest.json'
For more information check: https://developer.mozilla.org/en-US/docs/Web/HTTP/Status/403",2026-07-17T16:10:50.726253
humanite,bd6t557014c,,failed,0,0,,http_manifest,known,403,manifest,"Client error '403 ' for url 'https://openapiproext.bnf.fr/iiif/presentation/v3/ark:/12148/bd6t557014c/manifest.json'
For more information check: https://developer.mozilla.org/en-US/docs/Web/HTTP/Status/403",2026-07-17T16:10:51.937102
humanite,bd6t557015q,,failed,0,0,,http_manifest,known,403,manifest,"Client error '403 ' for url 'https://openapiproext.bnf.fr/iiif/presentation/v3/ark:/12148/bd6t557015q/manifest.json'
For more information check: https://developer.mozilla.org/en-US/docs/Web/HTTP/Status/403",2026-07-17T16:10:53.102875
humanite,bd6t5570162,,failed,0,0,,http_manifest,known,403,manifest,"Client error '403 ' for url 'https://openapiproext.bnf.fr/iiif/presentation/v3/ark:/12148/bd6t5570162/manifest.json'
For more information check: https://developer.mozilla.org/en-US/docs/Web/HTTP/Status/403",2026-07-17T16:10:54.307565
humanite,bd6t557017d,,failed,0,0,,http_manifest,known,403,manifest,"Client error '403 ' for url 'https://openapiproext.bnf.fr/iiif/presentation/v3/ark:/12148/bd6t557017d/manifest.json'
For more information check: https://developer.mozilla.org/en-US/docs/Web/HTTP/Status/403",2026-07-17T16:10:55.507386
humanite,bd6t557018r,,failed,0,0,,http_manifest,known,403,manifest,"Client error '403 ' for url 'https://openapiproext.bnf.fr/iiif/presentation/v3/ark:/12148/bd6t557018r/manifest.json'
For more information check: https://developer.mozilla.org/en-US/docs/Web/HTTP/Status/403",2026-07-17T16:10:56.723646
humanite,bd6t5570193,,failed,0,0,,http_manifest,known,403,manifest,"Client error '403 ' for url 'https://openapiproext.bnf.fr/iiif/presentation/v3/ark:/12148/bd6t5570193/manifest.json'
For more information check: https://developer.mozilla.org/en-US/docs/Web/HTTP/Status/403",2026-07-17T16:10:57.909915
humanite,bd6t5570209,,failed,0,0,,http_manifest,known,403,manifest,"Client error '403 ' for url 'https://openapiproext.bnf.fr/iiif/presentation/v3/ark:/12148/bd6t5570209/manifest.json'
For more information check: https://developer.mozilla.org/en-US/docs/Web/HTTP/Status/403",2026-07-17T16:10:59.230932
humanite,bd6t557021n,,failed,0,0,,http_manifest,known,403,manifest,"Client error '403 ' for url 'https://openapiproext.bnf.fr/iiif/presentation/v3/ark:/12148/bd6t557021n/manifest.json'
For more information check: https://developer.mozilla.org/en-US/docs/Web/HTTP/Status/403",2026-07-17T16:11:00.323446
humanite,bd6t5570220,,failed,0,0,,http_manifest,known,403,manifest,"Client error '403 ' for url 'https://openapiproext.bnf.fr/iiif/presentation/v3/ark:/12148/bd6t5570220/manifest.json'
For more information check: https://developer.mozilla.org/en-US/docs/Web/HTTP/Status/403",2026-07-17T16:11:01.743510
humanite,bd6t557023b,,failed,0,0,,http_manifest,known,403,manifest,"Client error '403 ' for url 'https://openapiproext.bnf.fr/iiif/presentation/v3/ark:/12148/bd6t557023b/manifest.json'
For more information check: https://developer.mozilla.org/en-US/docs/Web/HTTP/Status/403",2026-07-17T16:11:02.725498
humanite,bd6t557024p,,failed,0,0,,http_manifest,known,403,manifest,"Client error '403 ' for url 'https://openapiproext.bnf.fr/iiif/presentation/v3/ark:/12148/bd6t557024p/manifest.json'
For more information check: https://developer.mozilla.org/en-US/docs/Web/HTTP/Status/403",2026-07-17T16:11:03.921714
humanite,bd6t5570251,,failed,0,0,,http_manifest,known,403,manifest,"Client error '403 ' for url 'https://openapiproext.bnf.fr/iiif/presentation/v3/ark:/12148/bd6t5570251/manifest.json'
For more information check: https://developer.mozilla.org/en-US/docs/Web/HTTP/Status/403",2026-07-17T16:11:05.138824
humanite,bd6t557026c,,failed,0,0,,http_manifest,known,403,manifest,"Client error '403 ' for url 'https://openapiproext.bnf.fr/iiif/presentation/v3/ark:/12148/bd6t557026c/manifest.json'
For more information check: https://developer.mozilla.org/en-US/docs/Web/HTTP/Status/403",2026-07-17T16:11:06.341195
humanite,bd6t557027q,,failed,0,0,,http_manifest,known,403,manifest,"Client error '403 ' for url 'https://openapiproext.bnf.fr/iiif/presentation/v3/ark:/12148/bd6t557027q/manifest.json'
For more information check: https://developer.mozilla.org/en-US/docs/Web/HTTP/Status/403",2026-07-17T16:11:07.540226
humanite,bd6t5570282,,failed,0,0,,http_manifest,known,403,manifest,"Client error '403 ' for url 'https://openapiproext.bnf.fr/iiif/presentation/v3/ark:/12148/bd6t5570282/manifest.json'
For more information check: https://developer.mozilla.org/en-US/docs/Web/HTTP/Status/403",2026-07-17T16:11:08.731813
humanite,bd6t557029d,,failed,0,0,,http_manifest,known,403,manifest,"Client error '403 ' for url 'https://openapiproext.bnf.fr/iiif/presentation/v3/ark:/12148/bd6t557029d/manifest.json'
For more information check: https://developer.mozilla.org/en-US/docs/Web/HTTP/Status/403",2026-07-17T16:11:09.925034
humanite,bd6t557030m,,failed,0,0,,http_manifest,known,403,manifest,"Client error '403 ' for url 'https://openapiproext.bnf.fr/iiif/presentation/v3/ark:/12148/bd6t557030m/manifest.json'
For more information check: https://developer.mozilla.org/en-US/docs/Web/HTTP/Status/403",2026-07-17T16:11:11.321554
humanite,bd6t557031z,,failed,0,0,,http_manifest,known,403,manifest,"Client error '403 ' for url 'https://openapiproext.bnf.fr/iiif/presentation/v3/ark:/12148/bd6t557031z/manifest.json'
For more information check: https://developer.mozilla.org/en-US/docs/Web/HTTP/Status/403",2026-07-17T16:11:12.387567
humanite,bd6t5570329,,failed,0,0,,http_manifest,known,403,manifest,"Client error '403 ' for url 'https://openapiproext.bnf.fr/iiif/presentation/v3/ark:/12148/bd6t5570329/manifest.json'
For more information check: https://developer.mozilla.org/en-US/docs/Web/HTTP/Status/403",2026-07-17T16:11:13.599234
humanite,bd6t557033n,,failed,0,0,,http_manifest,known,403,manifest,"Client error '403 ' for url 'https://openapiproext.bnf.fr/iiif/presentation/v3/ark:/12148/bd6t557033n/manifest.json'
For more information check: https://developer.mozilla.org/en-US/docs/Web/HTTP/Status/403",2026-07-17T16:11:14.951963
humanite,bd6t5570340,,failed,0,0,,http_manifest,known,403,manifest,"Client error '403 ' for url 'https://openapiproext.bnf.fr/iiif/presentation/v3/ark:/12148/bd6t5570340/manifest.json'
For more information check: https://developer.mozilla.org/en-US/docs/Web/HTTP/Status/403",2026-07-17T16:11:16.008700
humanite,bd6t557035b,,failed,0,0,,http_manifest,known,403,manifest,"Client error '403 ' for url 'https://openapiproext.bnf.fr/iiif/presentation/v3/ark:/12148/bd6t557035b/manifest.json'
For more information check: https://developer.mozilla.org/en-US/docs/Web/HTTP/Status/403",2026-07-17T16:11:17.226987
humanite,bd6t557036p,,failed,0,0,,http_manifest,known,403,manifest,"Client error '403 ' for url 'https://openapiproext.bnf.fr/iiif/presentation/v3/ark:/12148/bd6t557036p/manifest.json'
For more information check: https://developer.mozilla.org/en-US/docs/Web/HTTP/Status/403",2026-07-17T16:11:18.428286
humanite,bd6t5570371,,failed,0,0,,http_manifest,known,403,manifest,"Client error '403 ' for url 'https://openapiproext.bnf.fr/iiif/presentation/v3/ark:/12148/bd6t5570371/manifest.json'
For more information check: https://developer.mozilla.org/en-US/docs/Web/HTTP/Status/403",2026-07-17T16:11:19.752247
humanite,bd6t557038c,,failed,0,0,,http_manifest,known,403,manifest,"Client error '403 ' for url 'https://openapiproext.bnf.fr/iiif/presentation/v3/ark:/12148/bd6t557038c/manifest.json'
For more information check: https://developer.mozilla.org/en-US/docs/Web/HTTP/Status/403",2026-07-17T16:11:20.745953
humanite,bd6t557039q,,failed,0,0,,http_manifest,known,403,manifest,"Client error '403 ' for url 'https://openapiproext.bnf.fr/iiif/presentation/v3/ark:/12148/bd6t557039q/manifest.json'
For more information check: https://developer.mozilla.org/en-US/docs/Web/HTTP/Status/403",2026-07-17T16:11:21.962971
humanite,bd6t557040x,,failed,0,0,,http_manifest,known,403,manifest,"Client error '403 ' for url 'https://openapiproext.bnf.fr/iiif/presentation/v3/ark:/12148/bd6t557040x/manifest.json'
For more information check: https://developer.mozilla.org/en-US/docs/Web/HTTP/Status/403",2026-07-17T16:11:23.143268
humanite,bd6t5570418,,failed,0,0,,http_manifest,known,403,manifest,"Client error '403 ' for url 'https://openapiproext.bnf.fr/iiif/presentation/v3/ark:/12148/bd6t5570418/manifest.json'
For more information check: https://developer.mozilla.org/en-US/docs/Web/HTTP/Status/403",2026-07-17T16:11:24.349553
humanite,bd6t557042m,,failed,0,0,,http_manifest,known,403,manifest,"Client error '403 ' for url 'https://openapiproext.bnf.fr/iiif/presentation/v3/ark:/12148/bd6t557042m/manifest.json'
For more information check: https://developer.mozilla.org/en-US/docs/Web/HTTP/Status/403",2026-07-17T16:11:25.550114
humanite,bd6t557043z,,failed,0,0,,http_manifest,known,403,manifest,"Client error '403 ' for url 'https://openapiproext.bnf.fr/iiif/presentation/v3/ark:/12148/bd6t557043z/manifest.json'
For more information check: https://developer.mozilla.org/en-US/docs/Web/HTTP/Status/403",2026-07-17T16:11:26.745896
humanite,bd6t5570449,,failed,0,0,,http_manifest,known,403,manifest,"Client error '403 ' for url 'https://openapiproext.bnf.fr/iiif/presentation/v3/ark:/12148/bd6t5570449/manifest.json'
For more information check: https://developer.mozilla.org/en-US/docs/Web/HTTP/Status/403",2026-07-17T16:11:27.949170
humanite,bd6t557045n,,failed,0,0,,http_manifest,known,403,manifest,"Client error '403 ' for url 'https://openapiproext.bnf.fr/iiif/presentation/v3/ark:/12148/bd6t557045n/manifest.json'
For more information check: https://developer.mozilla.org/en-US/docs/Web/HTTP/Status/403",2026-07-17T16:11:29.151000
humanite,bd6t5570460,,failed,0,0,,http_manifest,known,403,manifest,"Client error '403 ' for url 'https://openapiproext.bnf.fr/iiif/presentation/v3/ark:/12148/bd6t5570460/manifest.json'
For more information check: https://developer.mozilla.org/en-US/docs/Web/HTTP/Status/403",2026-07-17T16:11:30.378073
humanite,bd6t557047b,,failed,0,0,,http_manifest,known,403,manifest,"Client error '403 ' for url 'https://openapiproext.bnf.fr/iiif/presentation/v3/ark:/12148/bd6t557047b/manifest.json'
For more information check: https://developer.mozilla.org/en-US/docs/Web/HTTP/Status/403",2026-07-17T16:11:31.558391
humanite,bd6t557048p,,failed,0,0,,http_manifest,known,403,manifest,"Client error '403 ' for url 'https://openapiproext.bnf.fr/iiif/presentation/v3/ark:/12148/bd6t557048p/manifest.json'
For more information check: https://developer.mozilla.org/en-US/docs/Web/HTTP/Status/403",2026-07-17T16:11:32.764317
humanite,bd6t5570491,,failed,0,0,,http_manifest,known,403,manifest,"Client error '403 ' for url 'https://openapiproext.bnf.fr/iiif/presentation/v3/ark:/12148/bd6t5570491/manifest.json'
For more information check: https://developer.mozilla.org/en-US/docs/Web/HTTP/Status/403",2026-07-17T16:11:33.956352
humanite,bd6t5570507,,failed,0,0,,http_manifest,known,403,manifest,"Client error '403 ' for url 'https://openapiproext.bnf.fr/iiif/presentation/v3/ark:/12148/bd6t5570507/manifest.json'
For more information check: https://developer.mozilla.org/en-US/docs/Web/HTTP/Status/403",2026-07-17T16:11:35.161315
humanite,bd6t557051k,,failed,0,0,,http_manifest,known,403,manifest,"Client error '403 ' for url 'https://openapiproext.bnf.fr/iiif/presentation/v3/ark:/12148/bd6t557051k/manifest.json'
For more information check: https://developer.mozilla.org/en-US/docs/Web/HTTP/Status/403",2026-07-17T16:11:36.358579
humanite,bd6t557052x,,failed,0,0,,http_manifest,known,403,manifest,"Client error '403 ' for url 'https://openapiproext.bnf.fr/iiif/presentation/v3/ark:/12148/bd6t557052x/manifest.json'
For more information check: https://developer.mozilla.org/en-US/docs/Web/HTTP/Status/403",2026-07-17T16:11:37.567065
humanite,bd6t5570538,,failed,0,0,,http_manifest,known,403,manifest,"Client error '403 ' for url 'https://openapiproext.bnf.fr/iiif/presentation/v3/ark:/12148/bd6t5570538/manifest.json'
For more information check: https://developer.mozilla.org/en-US/docs/Web/HTTP/Status/403",2026-07-17T16:11:38.758305
humanite,bd6t557054m,,failed,0,0,,http_manifest,known,403,manifest,"Client error '403 ' for url 'https://openapiproext.bnf.fr/iiif/presentation/v3/ark:/12148/bd6t557054m/manifest.json'
For more information check: https://developer.mozilla.org/en-US/docs/Web/HTTP/Status/403",2026-07-17T16:11:39.958203
humanite,bd6t557055z,,failed,0,0,,http_manifest,known,403,manifest,"Client error '403 ' for url 'https://openapiproext.bnf.fr/iiif/presentation/v3/ark:/12148/bd6t557055z/manifest.json'
For more information check: https://developer.mozilla.org/en-US/docs/Web/HTTP/Status/403",2026-07-17T16:11:41.186711
humanite,bd6t5570569,,failed,0,0,,http_manifest,known,403,manifest,"Client error '403 ' for url 'https://openapiproext.bnf.fr/iiif/presentation/v3/ark:/12148/bd6t5570569/manifest.json'
For more information check: https://developer.mozilla.org/en-US/docs/Web/HTTP/Status/403",2026-07-17T16:11:42.382876
humanite,bd6t557057n,,failed,0,0,,http_manifest,known,403,manifest,"Client error '403 ' for url 'https://openapiproext.bnf.fr/iiif/presentation/v3/ark:/12148/bd6t557057n/manifest.json'
For more information check: https://developer.mozilla.org/en-US/docs/Web/HTTP/Status/403",2026-07-17T16:11:43.564450
humanite,bd6t5570580,,failed,0,0,,http_manifest,known,403,manifest,"Client error '403 ' for url 'https://openapiproext.bnf.fr/iiif/presentation/v3/ark:/12148/bd6t5570580/manifest.json'
For more information check: https://developer.mozilla.org/en-US/docs/Web/HTTP/Status/403",2026-07-17T16:11:44.770130
humanite,bd6t557059b,,failed,0,0,,http_manifest,known,403,manifest,"Client error '403 ' for url 'https://openapiproext.bnf.fr/iiif/presentation/v3/ark:/12148/bd6t557059b/manifest.json'
For more information check: https://developer.mozilla.org/en-US/docs/Web/HTTP/Status/403",2026-07-17T16:11:45.980497
humanite,bd6t557060j,,failed,0,0,,http_manifest,known,403,manifest,"Client error '403 ' for url 'https://openapiproext.bnf.fr/iiif/presentation/v3/ark:/12148/bd6t557060j/manifest.json'
For more information check: https://developer.mozilla.org/en-US/docs/Web/HTTP/Status/403",2026-07-17T16:11:47.197341
humanite,bd6t557061w,,failed,0,0,,http_manifest,known,403,manifest,"Client error '403 ' for url 'https://openapiproext.bnf.fr/iiif/presentation/v3/ark:/12148/bd6t557061w/manifest.json'
For more information check: https://developer.mozilla.org/en-US/docs/Web/HTTP/Status/403",2026-07-17T16:11:48.372307
humanite,bd6t5570627,,failed,0,0,,http_manifest,known,403,manifest,"Client error '403 ' for url 'https://openapiproext.bnf.fr/iiif/presentation/v3/ark:/12148/bd6t5570627/manifest.json'
For more information check: https://developer.mozilla.org/en-US/docs/Web/HTTP/Status/403",2026-07-17T16:11:49.581949
humanite,bd6t557063k,,failed,0,0,,http_manifest,known,403,manifest,"Client error '403 ' for url 'https://openapiproext.bnf.fr/iiif/presentation/v3/ark:/12148/bd6t557063k/manifest.json'
For more information check: https://developer.mozilla.org/en-US/docs/Web/HTTP/Status/403",2026-07-17T16:11:50.774482
humanite,bd6t557064x,,failed,0,0,,http_manifest,known,403,manifest,"Client error '403 ' for url 'https://openapiproext.bnf.fr/iiif/presentation/v3/ark:/12148/bd6t557064x/manifest.json'
For more information check: https://developer.mozilla.org/en-US/docs/Web/HTTP/Status/403",2026-07-17T16:11:51.983166
humanite,bd6t5570658,,failed,0,0,,http_manifest,known,403,manifest,"Client error '403 ' for url 'https://openapiproext.bnf.fr/iiif/presentation/v3/ark:/12148/bd6t5570658/manifest.json'
For more information check: https://developer.mozilla.org/en-US/docs/Web/HTTP/Status/403",2026-07-17T16:11:53.177439
humanite,bd6t557066m,,failed,0,0,,http_manifest,known,403,manifest,"Client error '403 ' for url 'https://openapiproext.bnf.fr/iiif/presentation/v3/ark:/12148/bd6t557066m/manifest.json'
For more information check: https://developer.mozilla.org/en-US/docs/Web/HTTP/Status/403",2026-07-17T16:11:54.382740
humanite,bd6t557067z,,failed,0,0,,http_manifest,known,403,manifest,"Client error '403 ' for url 'https://openapiproext.bnf.fr/iiif/presentation/v3/ark:/12148/bd6t557067z/manifest.json'
For more information check: https://developer.mozilla.org/en-US/docs/Web/HTTP/Status/403",2026-07-17T16:11:55.582706
humanite,bd6t5570689,,failed,0,0,,http_manifest,known,403,manifest,"Client error '403 ' for url 'https://openapiproext.bnf.fr/iiif/presentation/v3/ark:/12148/bd6t5570689/manifest.json'
For more information check: https://developer.mozilla.org/en-US/docs/Web/HTTP/Status/403",2026-07-17T16:11:56.785948
humanite,bd6t555767d,,failed,0,0,,http_manifest,known,403,manifest,"Client error '403 ' for url 'https://openapiproext.bnf.fr/iiif/presentation/v3/ark:/12148/bd6t555767d/manifest.json'
For more information check: https://developer.mozilla.org/en-US/docs/Web/HTTP/Status/403",2026-07-17T16:11:58.062516
humanite,bd6t5557693,,failed,0,0,,http_manifest,known,403,manifest,"Client error '403 ' for url 'https://openapiproext.bnf.fr/iiif/presentation/v3/ark:/12148/bd6t5557693/manifest.json'
For more information check: https://developer.mozilla.org/en-US/docs/Web/HTTP/Status/403",2026-07-17T16:11:59.199655
humanite,bd6t555768r,,failed,0,0,,http_manifest,known,403,manifest,"Client error '403 ' for url 'https://openapiproext.bnf.fr/iiif/presentation/v3/ark:/12148/bd6t555768r/manifest.json'
For more information check: https://developer.mozilla.org/en-US/docs/Web/HTTP/Status/403",2026-07-17T16:12:00.521721
humanite,bd6t5557709,,failed,0,0,,http_manifest,known,403,manifest,"Client error '403 ' for url 'https://openapiproext.bnf.fr/iiif/presentation/v3/ark:/12148/bd6t5557709/manifest.json'
For more information check: https://developer.mozilla.org/en-US/docs/Web/HTTP/Status/403",2026-07-17T16:12:01.793346
humanite,bd6t555771n,,failed,0,0,,http_manifest,known,403,manifest,"Client error '403 ' for url 'https://openapiproext.bnf.fr/iiif/presentation/v3/ark:/12148/bd6t555771n/manifest.json'
For more information check: https://developer.mozilla.org/en-US/docs/Web/HTTP/Status/403",2026-07-17T16:12:02.799713
humanite,bd6t5557720,,failed,0,0,,http_manifest,known,403,manifest,"Client error '403 ' for url 'https://openapiproext.bnf.fr/iiif/presentation/v3/ark:/12148/bd6t5557720/manifest.json'
For more information check: https://developer.mozilla.org/en-US/docs/Web/HTTP/Status/403",2026-07-17T16:12:04.090351
humanite,bd6t555773b,,failed,0,0,,http_manifest,known,403,manifest,"Client error '403 ' for url 'https://openapiproext.bnf.fr/iiif/presentation/v3/ark:/12148/bd6t555773b/manifest.json'
For more information check: https://developer.mozilla.org/en-US/docs/Web/HTTP/Status/403",2026-07-17T16:12:05.220455
humanite,bd6t555774p,,failed,0,0,,http_manifest,known,403,manifest,"Client error '403 ' for url 'https://openapiproext.bnf.fr/iiif/presentation/v3/ark:/12148/bd6t555774p/manifest.json'
For more information check: https://developer.mozilla.org/en-US/docs/Web/HTTP/Status/403",2026-07-17T16:12:06.534264
humanite,bd6t5557751,,failed,0,0,,http_manifest,known,403,manifest,"Client error '403 ' for url 'https://openapiproext.bnf.fr/iiif/presentation/v3/ark:/12148/bd6t5557751/manifest.json'
For more information check: https://developer.mozilla.org/en-US/docs/Web/HTTP/Status/403",2026-07-17T16:12:07.701728
humanite,bd6t555776c,,failed,0,0,,http_manifest,known,403,manifest,"Client error '403 ' for url 'https://openapiproext.bnf.fr/iiif/presentation/v3/ark:/12148/bd6t555776c/manifest.json'
For more information check: https://developer.mozilla.org/en-US/docs/Web/HTTP/Status/403",2026-07-17T16:12:08.822892
humanite,bd6t555777q,,failed,0,0,,http_manifest,known,403,manifest,"Client error '403 ' for url 'https://openapiproext.bnf.fr/iiif/presentation/v3/ark:/12148/bd6t555777q/manifest.json'
For more information check: https://developer.mozilla.org/en-US/docs/Web/HTTP/Status/403",2026-07-17T16:12:10.054800
humanite,bd6t5557782,,failed,0,0,,http_manifest,known,403,manifest,"Client error '403 ' for url 'https://openapiproext.bnf.fr/iiif/presentation/v3/ark:/12148/bd6t5557782/manifest.json'
For more information check: https://developer.mozilla.org/en-US/docs/Web/HTTP/Status/403",2026-07-17T16:12:11.207973
humanite,bd6t555779d,,failed,0,0,,http_manifest,known,403,manifest,"Client error '403 ' for url 'https://openapiproext.bnf.fr/iiif/presentation/v3/ark:/12148/bd6t555779d/manifest.json'
For more information check: https://developer.mozilla.org/en-US/docs/Web/HTTP/Status/403",2026-07-17T16:12:12.780670
humanite,bd6t555780m,,failed,0,0,,http_manifest,known,403,manifest,"Client error '403 ' for url 'https://openapiproext.bnf.fr/iiif/presentation/v3/ark:/12148/bd6t555780m/manifest.json'
For more information check: https://developer.mozilla.org/en-US/docs/Web/HTTP/Status/403",2026-07-17T16:12:13.816892
humanite,bd6t555781z,,failed,0,0,,http_manifest,known,403,manifest,"Client error '403 ' for url 'https://openapiproext.bnf.fr/iiif/presentation/v3/ark:/12148/bd6t555781z/manifest.json'
For more information check: https://developer.mozilla.org/en-US/docs/Web/HTTP/Status/403",2026-07-17T16:12:14.822775
humanite,bd6t5557829,,failed,0,0,,http_manifest,known,403,manifest,"Client error '403 ' for url 'https://openapiproext.bnf.fr/iiif/presentation/v3/ark:/12148/bd6t5557829/manifest.json'
For more information check: https://developer.mozilla.org/en-US/docs/Web/HTTP/Status/403",2026-07-17T16:12:16.018369
humanite,bd6t555783n,,failed,0,0,,http_manifest,known,403,manifest,"Client error '403 ' for url 'https://openapiproext.bnf.fr/iiif/presentation/v3/ark:/12148/bd6t555783n/manifest.json'
For more information check: https://developer.mozilla.org/en-US/docs/Web/HTTP/Status/403",2026-07-17T16:12:17.209141
humanite,bd6t5557840,,failed,0,0,,http_manifest,known,403,manifest,"Client error '403 ' for url 'https://openapiproext.bnf.fr/iiif/presentation/v3/ark:/12148/bd6t5557840/manifest.json'
For more information check: https://developer.mozilla.org/en-US/docs/Web/HTTP/Status/403",2026-07-17T16:12:18.414933
humanite,bd6t555785b,,failed,0,0,,http_manifest,known,403,manifest,"Client error '403 ' for url 'https://openapiproext.bnf.fr/iiif/presentation/v3/ark:/12148/bd6t555785b/manifest.json'
For more information check: https://developer.mozilla.org/en-US/docs/Web/HTTP/Status/403",2026-07-17T16:12:19.643861
humanite,bd6t555786p,,failed,0,0,,http_manifest,known,403,manifest,"Client error '403 ' for url 'https://openapiproext.bnf.fr/iiif/presentation/v3/ark:/12148/bd6t555786p/manifest.json'
For more information check: https://developer.mozilla.org/en-US/docs/Web/HTTP/Status/403",2026-07-17T16:12:20.811216
humanite,bd6t5557871,,failed,0,0,,http_manifest,known,403,manifest,"Client error '403 ' for url 'https://openapiproext.bnf.fr/iiif/presentation/v3/ark:/12148/bd6t5557871/manifest.json'
For more information check: https://developer.mozilla.org/en-US/docs/Web/HTTP/Status/403",2026-07-17T16:12:22.014066
humanite,bd6t555788c,,failed,0,0,,http_manifest,known,403,manifest,"Client error '403 ' for url 'https://openapiproext.bnf.fr/iiif/presentation/v3/ark:/12148/bd6t555788c/manifest.json'
For more information check: https://developer.mozilla.org/en-US/docs/Web/HTTP/Status/403",2026-07-17T16:12:23.226768
humanite,bd6t555789q,,failed,0,0,,http_manifest,known,403,manifest,"Client error '403 ' for url 'https://openapiproext.bnf.fr/iiif/presentation/v3/ark:/12148/bd6t555789q/manifest.json'
For more information check: https://developer.mozilla.org/en-US/docs/Web/HTTP/Status/403",2026-07-17T16:12:24.417997
humanite,bd6t555790x,,failed,0,0,,http_manifest,known,403,manifest,"Client error '403 ' for url 'https://openapiproext.bnf.fr/iiif/presentation/v3/ark:/12148/bd6t555790x/manifest.json'
For more information check: https://developer.mozilla.org/en-US/docs/Web/HTTP/Status/403",2026-07-17T16:12:25.647840
humanite,bd6t5557918,,failed,0,0,,http_manifest,known,403,manifest,"Client error '403 ' for url 'https://openapiproext.bnf.fr/iiif/presentation/v3/ark:/12148/bd6t5557918/manifest.json'
For more information check: https://developer.mozilla.org/en-US/docs/Web/HTTP/Status/403",2026-07-17T16:12:26.828034
humanite,bd6t555792m,,failed,0,0,,http_manifest,known,403,manifest,"Client error '403 ' for url 'https://openapiproext.bnf.fr/iiif/presentation/v3/ark:/12148/bd6t555792m/manifest.json'
For more information check: https://developer.mozilla.org/en-US/docs/Web/HTTP/Status/403",2026-07-17T16:12:28.028211
humanite,bd6t555793z,,failed,0,0,,http_manifest,known,403,manifest,"Client error '403 ' for url 'https://openapiproext.bnf.fr/iiif/presentation/v3/ark:/12148/bd6t555793z/manifest.json'
For more information check: https://developer.mozilla.org/en-US/docs/Web/HTTP/Status/403",2026-07-17T16:12:29.234378
humanite,bd6t5557949,,failed,0,0,,http_manifest,known,403,manifest,"Client error '403 ' for url 'https://openapiproext.bnf.fr/iiif/presentation/v3/ark:/12148/bd6t5557949/manifest.json'
For more information check: https://developer.mozilla.org/en-US/docs/Web/HTTP/Status/403",2026-07-17T16:12:30.421534
humanite,bd6t555795n,,failed,0,0,,http_manifest,known,403,manifest,"Client error '403 ' for url 'https://openapiproext.bnf.fr/iiif/presentation/v3/ark:/12148/bd6t555795n/manifest.json'
For more information check: https://developer.mozilla.org/en-US/docs/Web/HTTP/Status/403",2026-07-17T16:12:31.622919
humanite,bd6t5557960,,failed,0,0,,http_manifest,known,403,manifest,"Client error '403 ' for url 'https://openapiproext.bnf.fr/iiif/presentation/v3/ark:/12148/bd6t5557960/manifest.json'
For more information check: https://developer.mozilla.org/en-US/docs/Web/HTTP/Status/403",2026-07-17T16:12:32.824743
humanite,bd6t555797b,,failed,0,0,,http_manifest,known,403,manifest,"Client error '403 ' for url 'https://openapiproext.bnf.fr/iiif/presentation/v3/ark:/12148/bd6t555797b/manifest.json'
For more information check: https://developer.mozilla.org/en-US/docs/Web/HTTP/Status/403",2026-07-17T16:12:34.036971
humanite,bd6t555798p,,failed,0,0,,http_manifest,known,403,manifest,"Client error '403 ' for url 'https://openapiproext.bnf.fr/iiif/presentation/v3/ark:/12148/bd6t555798p/manifest.json'
For more information check: https://developer.mozilla.org/en-US/docs/Web/HTTP/Status/403",2026-07-17T16:12:35.227069
humanite,bd6t5557991,,failed,0,0,,http_manifest,known,403,manifest,"Client error '403 ' for url 'https://openapiproext.bnf.fr/iiif/presentation/v3/ark:/12148/bd6t5557991/manifest.json'
For more information check: https://developer.mozilla.org/en-US/docs/Web/HTTP/Status/403",2026-07-17T16:12:36.430101
humanite,bd6t555800d,,failed,0,0,,http_manifest,known,403,manifest,"Client error '403 ' for url 'https://openapiproext.bnf.fr/iiif/presentation/v3/ark:/12148/bd6t555800d/manifest.json'
For more information check: https://developer.mozilla.org/en-US/docs/Web/HTTP/Status/403",2026-07-17T16:12:37.656274
humanite,bd6t555801r,,failed,0,0,,http_manifest,known,403,manifest,"Client error '403 ' for url 'https://openapiproext.bnf.fr/iiif/presentation/v3/ark:/12148/bd6t555801r/manifest.json'
For more information check: https://developer.mozilla.org/en-US/docs/Web/HTTP/Status/403",2026-07-17T16:12:38.836497
humanite,bd6t5558023,,failed,0,0,,http_manifest,known,403,manifest,"Client error '403 ' for url 'https://openapiproext.bnf.fr/iiif/presentation/v3/ark:/12148/bd6t5558023/manifest.json'
For more information check: https://developer.mozilla.org/en-US/docs/Web/HTTP/Status/403",2026-07-17T16:12:40.034945
humanite,bd6t555803f,,failed,0,0,,http_manifest,known,403,manifest,"Client error '403 ' for url 'https://openapiproext.bnf.fr/iiif/presentation/v3/ark:/12148/bd6t555803f/manifest.json'
For more information check: https://developer.mozilla.org/en-US/docs/Web/HTTP/Status/403",2026-07-17T16:12:41.240048
humanite,bd6t555804s,,failed,0,0,,http_manifest,known,403,manifest,"Client error '403 ' for url 'https://openapiproext.bnf.fr/iiif/presentation/v3/ark:/12148/bd6t555804s/manifest.json'
For more information check: https://developer.mozilla.org/en-US/docs/Web/HTTP/Status/403",2026-07-17T16:12:42.440567
humanite,bd6t5558054,,failed,0,0,,http_manifest,known,403,manifest,"Client error '403 ' for url 'https://openapiproext.bnf.fr/iiif/presentation/v3/ark:/12148/bd6t5558054/manifest.json'
For more information check: https://developer.mozilla.org/en-US/docs/Web/HTTP/Status/403",2026-07-17T16:12:43.642195
humanite,bd6t555806g,,failed,0,0,,http_manifest,known,403,manifest,"Client error '403 ' for url 'https://openapiproext.bnf.fr/iiif/presentation/v3/ark:/12148/bd6t555806g/manifest.json'
For more information check: https://developer.mozilla.org/en-US/docs/Web/HTTP/Status/403",2026-07-17T16:12:44.840922
humanite,bd6t555807t,,failed,0,0,,http_manifest,known,403,manifest,"Client error '403 ' for url 'https://openapiproext.bnf.fr/iiif/presentation/v3/ark:/12148/bd6t555807t/manifest.json'
For more information check: https://developer.mozilla.org/en-US/docs/Web/HTTP/Status/403",2026-07-17T16:12:46.051387
humanite,bd6t5558085,,failed,0,0,,http_manifest,known,403,manifest,"Client error '403 ' for url 'https://openapiproext.bnf.fr/iiif/presentation/v3/ark:/12148/bd6t5558085/manifest.json'
For more information check: https://developer.mozilla.org/en-US/docs/Web/HTTP/Status/403",2026-07-17T16:12:47.249242
humanite,bd6t555809h,,failed,0,0,,http_manifest,known,403,manifest,"Client error '403 ' for url 'https://openapiproext.bnf.fr/iiif/presentation/v3/ark:/12148/bd6t555809h/manifest.json'
For more information check: https://developer.mozilla.org/en-US/docs/Web/HTTP/Status/403",2026-07-17T16:12:48.456173
humanite,bd6t555810q,,failed,0,0,,http_manifest,known,403,manifest,"Client error '403 ' for url 'https://openapiproext.bnf.fr/iiif/presentation/v3/ark:/12148/bd6t555810q/manifest.json'
For more information check: https://developer.mozilla.org/en-US/docs/Web/HTTP/Status/403",2026-07-17T16:12:49.674774
humanite,bd6t5558112,,failed,0,0,,http_manifest,known,403,manifest,"Client error '403 ' for url 'https://openapiproext.bnf.fr/iiif/presentation/v3/ark:/12148/bd6t5558112/manifest.json'
For more information check: https://developer.mozilla.org/en-US/docs/Web/HTTP/Status/403",2026-07-17T16:12:50.858734
humanite,bd6t555812d,,failed,0,0,,http_manifest,known,403,manifest,"Client error '403 ' for url 'https://openapiproext.bnf.fr/iiif/presentation/v3/ark:/12148/bd6t555812d/manifest.json'
For more information check: https://developer.mozilla.org/en-US/docs/Web/HTTP/Status/403",2026-07-17T16:12:52.059154
humanite,bd6t555813r,,failed,0,0,,http_manifest,known,403,manifest,"Client error '403 ' for url 'https://openapiproext.bnf.fr/iiif/presentation/v3/ark:/12148/bd6t555813r/manifest.json'
For more information check: https://developer.mozilla.org/en-US/docs/Web/HTTP/Status/403",2026-07-17T16:12:53.264822
humanite,bd6t5558143,,failed,0,0,,http_manifest,known,403,manifest,"Client error '403 ' for url 'https://openapiproext.bnf.fr/iiif/presentation/v3/ark:/12148/bd6t5558143/manifest.json'
For more information check: https://developer.mozilla.org/en-US/docs/Web/HTTP/Status/403",2026-07-17T16:12:54.463563
humanite,bd6t555815f,,failed,0,0,,http_manifest,known,403,manifest,"Client error '403 ' for url 'https://openapiproext.bnf.fr/iiif/presentation/v3/ark:/12148/bd6t555815f/manifest.json'
For more information check: https://developer.mozilla.org/en-US/docs/Web/HTTP/Status/403",2026-07-17T16:12:55.693278
humanite,bd6t555816s,,failed,0,0,,http_manifest,known,403,manifest,"Client error '403 ' for url 'https://openapiproext.bnf.fr/iiif/presentation/v3/ark:/12148/bd6t555816s/manifest.json'
For more information check: https://developer.mozilla.org/en-US/docs/Web/HTTP/Status/403",2026-07-17T16:12:56.858284
humanite,bd6t5558174,,failed,0,0,,http_manifest,known,403,manifest,"Client error '403 ' for url 'https://openapiproext.bnf.fr/iiif/presentation/v3/ark:/12148/bd6t5558174/manifest.json'
For more information check: https://developer.mozilla.org/en-US/docs/Web/HTTP/Status/403",2026-07-17T16:12:58.240610
humanite,bd6t555818g,,failed,0,0,,http_manifest,known,403,manifest,"Client error '403 ' for url 'https://openapiproext.bnf.fr/iiif/presentation/v3/ark:/12148/bd6t555818g/manifest.json'
For more information check: https://developer.mozilla.org/en-US/docs/Web/HTTP/Status/403",2026-07-17T16:12:59.269884
humanite,bd6t555819t,,failed,0,0,,http_manifest,known,403,manifest,"Client error '403 ' for url 'https://openapiproext.bnf.fr/iiif/presentation/v3/ark:/12148/bd6t555819t/manifest.json'
For more information check: https://developer.mozilla.org/en-US/docs/Web/HTTP/Status/403",2026-07-17T16:13:00.479467
humanite,bd6t5558201,,failed,0,0,,http_manifest,known,403,manifest,"Client error '403 ' for url 'https://openapiproext.bnf.fr/iiif/presentation/v3/ark:/12148/bd6t5558201/manifest.json'
For more information check: https://developer.mozilla.org/en-US/docs/Web/HTTP/Status/403",2026-07-17T16:13:01.905715
humanite,bd6t555821c,,failed,0,0,,http_manifest,known,403,manifest,"Client error '403 ' for url 'https://openapiproext.bnf.fr/iiif/presentation/v3/ark:/12148/bd6t555821c/manifest.json'
For more information check: https://developer.mozilla.org/en-US/docs/Web/HTTP/Status/403",2026-07-17T16:13:02.865041
humanite,bd6t555822q,,failed,0,0,,http_manifest,known,403,manifest,"Client error '403 ' for url 'https://openapiproext.bnf.fr/iiif/presentation/v3/ark:/12148/bd6t555822q/manifest.json'
For more information check: https://developer.mozilla.org/en-US/docs/Web/HTTP/Status/403",2026-07-17T16:13:04.304665
humanite,bd6t5558232,,failed,0,0,,http_manifest,known,403,manifest,"Client error '403 ' for url 'https://openapiproext.bnf.fr/iiif/presentation/v3/ark:/12148/bd6t5558232/manifest.json'
For more information check: https://developer.mozilla.org/en-US/docs/Web/HTTP/Status/403",2026-07-17T16:13:05.300016
humanite,bd6t555824d,,failed,0,0,,http_manifest,known,403,manifest,"Client error '403 ' for url 'https://openapiproext.bnf.fr/iiif/presentation/v3/ark:/12148/bd6t555824d/manifest.json'
For more information check: https://developer.mozilla.org/en-US/docs/Web/HTTP/Status/403",2026-07-17T16:13:06.827114
humanite,bd6t5558263,,failed,0,0,,http_manifest,known,403,manifest,"Client error '403 ' for url 'https://openapiproext.bnf.fr/iiif/presentation/v3/ark:/12148/bd6t5558263/manifest.json'
For more information check: https://developer.mozilla.org/en-US/docs/Web/HTTP/Status/403",2026-07-17T16:13:07.684368
humanite,bd6t555825r,,failed,0,0,,http_manifest,known,403,manifest,"Client error '403 ' for url 'https://openapiproext.bnf.fr/iiif/presentation/v3/ark:/12148/bd6t555825r/manifest.json'
For more information check: https://developer.mozilla.org/en-US/docs/Web/HTTP/Status/403",2026-07-17T16:13:08.877250
humanite,bd6t555827f,,failed,0,0,,http_manifest,known,403,manifest,"Client error '403 ' for url 'https://openapiproext.bnf.fr/iiif/presentation/v3/ark:/12148/bd6t555827f/manifest.json'
For more information check: https://developer.mozilla.org/en-US/docs/Web/HTTP/Status/403",2026-07-17T16:13:10.317404
humanite,bd6t555828s,,failed,0,0,,http_manifest,known,403,manifest,"Client error '403 ' for url 'https://openapiproext.bnf.fr/iiif/presentation/v3/ark:/12148/bd6t555828s/manifest.json'
For more information check: https://developer.mozilla.org/en-US/docs/Web/HTTP/Status/403",2026-07-17T16:13:11.279452
humanite,bd6t5558294,,failed,0,0,,http_manifest,known,403,manifest,"Client error '403 ' for url 'https://openapiproext.bnf.fr/iiif/presentation/v3/ark:/12148/bd6t5558294/manifest.json'
For more information check: https://developer.mozilla.org/en-US/docs/Web/HTTP/Status/403",2026-07-17T16:13:12.489733
humanite,bd6t555830b,,failed,0,0,,http_manifest,known,403,manifest,"Client error '403 ' for url 'https://openapiproext.bnf.fr/iiif/presentation/v3/ark:/12148/bd6t555830b/manifest.json'
For more information check: https://developer.mozilla.org/en-US/docs/Web/HTTP/Status/403",2026-07-17T16:13:13.692507
humanite,bd6t555831p,,failed,0,0,,http_manifest,known,403,manifest,"Client error '403 ' for url 'https://openapiproext.bnf.fr/iiif/presentation/v3/ark:/12148/bd6t555831p/manifest.json'
For more information check: https://developer.mozilla.org/en-US/docs/Web/HTTP/Status/403",2026-07-17T16:13:14.912832
humanite,bd6t5558321,,failed,0,0,,http_manifest,known,403,manifest,"Client error '403 ' for url 'https://openapiproext.bnf.fr/iiif/presentation/v3/ark:/12148/bd6t5558321/manifest.json'
For more information check: https://developer.mozilla.org/en-US/docs/Web/HTTP/Status/403",2026-07-17T16:13:16.091483
humanite,bd6t555833c,,failed,0,0,,http_manifest,known,403,manifest,"Client error '403 ' for url 'https://openapiproext.bnf.fr/iiif/presentation/v3/ark:/12148/bd6t555833c/manifest.json'
For more information check: https://developer.mozilla.org/en-US/docs/Web/HTTP/Status/403",2026-07-17T16:13:17.530135
humanite,bd6t555834q,,failed,0,0,,http_manifest,known,403,manifest,"Client error '403 ' for url 'https://openapiproext.bnf.fr/iiif/presentation/v3/ark:/12148/bd6t555834q/manifest.json'
For more information check: https://developer.mozilla.org/en-US/docs/Web/HTTP/Status/403",2026-07-17T16:13:18.526075
humanite,bd6t5558352,,failed,0,0,,http_manifest,known,403,manifest,"Client error '403 ' for url 'https://openapiproext.bnf.fr/iiif/presentation/v3/ark:/12148/bd6t5558352/manifest.json'
For more information check: https://developer.mozilla.org/en-US/docs/Web/HTTP/Status/403",2026-07-17T16:13:19.726873
humanite,bd6t555836d,,failed,0,0,,http_manifest,known,403,manifest,"Client error '403 ' for url 'https://openapiproext.bnf.fr/iiif/presentation/v3/ark:/12148/bd6t555836d/manifest.json'
For more information check: https://developer.mozilla.org/en-US/docs/Web/HTTP/Status/403",2026-07-17T16:13:20.897032
humanite,bd6t555837r,,failed,0,0,,http_manifest,known,403,manifest,"Client error '403 ' for url 'https://openapiproext.bnf.fr/iiif/presentation/v3/ark:/12148/bd6t555837r/manifest.json'
For more information check: https://developer.mozilla.org/en-US/docs/Web/HTTP/Status/403",2026-07-17T16:13:22.330640
humanite,bd6t5558383,,failed,0,0,,http_manifest,known,403,manifest,"Client error '403 ' for url 'https://openapiproext.bnf.fr/iiif/presentation/v3/ark:/12148/bd6t5558383/manifest.json'
For more information check: https://developer.mozilla.org/en-US/docs/Web/HTTP/Status/403",2026-07-17T16:13:23.300575
humanite,bd6t555839f,,failed,0,0,,http_manifest,known,403,manifest,"Client error '403 ' for url 'https://openapiproext.bnf.fr/iiif/presentation/v3/ark:/12148/bd6t555839f/manifest.json'
For more information check: https://developer.mozilla.org/en-US/docs/Web/HTTP/Status/403",2026-07-17T16:13:24.504813
humanite,bd6t555840n,,failed,0,0,,http_manifest,known,403,manifest,"Client error '403 ' for url 'https://openapiproext.bnf.fr/iiif/presentation/v3/ark:/12148/bd6t555840n/manifest.json'
For more information check: https://developer.mozilla.org/en-US/docs/Web/HTTP/Status/403",2026-07-17T16:13:25.734308
humanite,bd6t5558410,,failed,0,0,,http_manifest,known,403,manifest,"Client error '403 ' for url 'https://openapiproext.bnf.fr/iiif/presentation/v3/ark:/12148/bd6t5558410/manifest.json'
For more information check: https://developer.mozilla.org/en-US/docs/Web/HTTP/Status/403",2026-07-17T16:13:26.906046
humanite,bd6t555842b,,failed,0,0,,http_manifest,known,403,manifest,"Client error '403 ' for url 'https://openapiproext.bnf.fr/iiif/presentation/v3/ark:/12148/bd6t555842b/manifest.json'
For more information check: https://developer.mozilla.org/en-US/docs/Web/HTTP/Status/403",2026-07-17T16:13:28.101970
humanite,bd6t555843p,,failed,0,0,,http_manifest,known,403,manifest,"Client error '403 ' for url 'https://openapiproext.bnf.fr/iiif/presentation/v3/ark:/12148/bd6t555843p/manifest.json'
For more information check: https://developer.mozilla.org/en-US/docs/Web/HTTP/Status/403",2026-07-17T16:13:29.305294
humanite,bd6t5558441,,failed,0,0,,http_manifest,known,403,manifest,"Client error '403 ' for url 'https://openapiproext.bnf.fr/iiif/presentation/v3/ark:/12148/bd6t5558441/manifest.json'
For more information check: https://developer.mozilla.org/en-US/docs/Web/HTTP/Status/403",2026-07-17T16:13:30.504733
humanite,bd6t555845c,,failed,0,0,,http_manifest,known,403,manifest,"Client error '403 ' for url 'https://openapiproext.bnf.fr/iiif/presentation/v3/ark:/12148/bd6t555845c/manifest.json'
For more information check: https://developer.mozilla.org/en-US/docs/Web/HTTP/Status/403",2026-07-17T16:13:31.707905
humanite,bd6t555846q,,failed,0,0,,http_manifest,known,403,manifest,"Client error '403 ' for url 'https://openapiproext.bnf.fr/iiif/presentation/v3/ark:/12148/bd6t555846q/manifest.json'
For more information check: https://developer.mozilla.org/en-US/docs/Web/HTTP/Status/403",2026-07-17T16:13:32.910360
humanite,bd6t5558472,,failed,0,0,,http_manifest,known,403,manifest,"Client error '403 ' for url 'https://openapiproext.bnf.fr/iiif/presentation/v3/ark:/12148/bd6t5558472/manifest.json'
For more information check: https://developer.mozilla.org/en-US/docs/Web/HTTP/Status/403",2026-07-17T16:13:34.122942
humanite,bd6t5567231,,failed,0,0,,http_manifest,known,403,manifest,"Client error '403 ' for url 'https://openapiproext.bnf.fr/iiif/presentation/v3/ark:/12148/bd6t5567231/manifest.json'
For more information check: https://developer.mozilla.org/en-US/docs/Web/HTTP/Status/403",2026-07-17T16:13:35.311464
humanite,bd6t556724c,,failed,0,0,,http_manifest,known,403,manifest,"Client error '403 ' for url 'https://openapiproext.bnf.fr/iiif/presentation/v3/ark:/12148/bd6t556724c/manifest.json'
For more information check: https://developer.mozilla.org/en-US/docs/Web/HTTP/Status/403",2026-07-17T16:13:36.511160
humanite,bd6t5567262,,failed,0,0,,http_manifest,known,403,manifest,"Client error '403 ' for url 'https://openapiproext.bnf.fr/iiif/presentation/v3/ark:/12148/bd6t5567262/manifest.json'
For more information check: https://developer.mozilla.org/en-US/docs/Web/HTTP/Status/403",2026-07-17T16:13:37.736501
humanite,bd6t556725q,,failed,0,0,,http_manifest,known,403,manifest,"Client error '403 ' for url 'https://openapiproext.bnf.fr/iiif/presentation/v3/ark:/12148/bd6t556725q/manifest.json'
For more information check: https://developer.mozilla.org/en-US/docs/Web/HTTP/Status/403",2026-07-17T16:13:38.916866
humanite,bd6t556727d,,failed,0,0,,http_manifest,known,403,manifest,"Client error '403 ' for url 'https://openapiproext.bnf.fr/iiif/presentation/v3/ark:/12148/bd6t556727d/manifest.json'
For more information check: https://developer.mozilla.org/en-US/docs/Web/HTTP/Status/403",2026-07-17T16:13:40.115814
humanite,bd6t556728r,,failed,0,0,,http_manifest,known,403,manifest,"Client error '403 ' for url 'https://openapiproext.bnf.fr/iiif/presentation/v3/ark:/12148/bd6t556728r/manifest.json'
For more information check: https://developer.mozilla.org/en-US/docs/Web/HTTP/Status/403",2026-07-17T16:13:41.314193
humanite,bd6t5567309,,failed,0,0,,http_manifest,known,403,manifest,"Client error '403 ' for url 'https://openapiproext.bnf.fr/iiif/presentation/v3/ark:/12148/bd6t5567309/manifest.json'
For more information check: https://developer.mozilla.org/en-US/docs/Web/HTTP/Status/403",2026-07-17T16:13:42.516517
humanite,bd6t5567293,,failed,0,0,,http_manifest,known,403,manifest,"Client error '403 ' for url 'https://openapiproext.bnf.fr/iiif/presentation/v3/ark:/12148/bd6t5567293/manifest.json'
For more information check: https://developer.mozilla.org/en-US/docs/Web/HTTP/Status/403",2026-07-17T16:13:43.722264
humanite,bd6t556731n,,failed,0,0,,http_manifest,known,403,manifest,"Client error '403 ' for url 'https://openapiproext.bnf.fr/iiif/presentation/v3/ark:/12148/bd6t556731n/manifest.json'
For more information check: https://developer.mozilla.org/en-US/docs/Web/HTTP/Status/403",2026-07-17T16:13:44.925815
humanite,bd6t5567320,,failed,0,0,,http_manifest,known,403,manifest,"Client error '403 ' for url 'https://openapiproext.bnf.fr/iiif/presentation/v3/ark:/12148/bd6t5567320/manifest.json'
For more information check: https://developer.mozilla.org/en-US/docs/Web/HTTP/Status/403",2026-07-17T16:13:46.125419
humanite,bd6t556733b,,failed,0,0,,http_manifest,known,403,manifest,"Client error '403 ' for url 'https://openapiproext.bnf.fr/iiif/presentation/v3/ark:/12148/bd6t556733b/manifest.json'
For more information check: https://developer.mozilla.org/en-US/docs/Web/HTTP/Status/403",2026-07-17T16:13:47.325458
humanite,bd6t556734p,,failed,0,0,,http_manifest,known,403,manifest,"Client error '403 ' for url 'https://openapiproext.bnf.fr/iiif/presentation/v3/ark:/12148/bd6t556734p/manifest.json'
For more information check: https://developer.mozilla.org/en-US/docs/Web/HTTP/Status/403",2026-07-17T16:13:48.534648
humanite,bd6t5567351,,failed,0,0,,http_manifest,known,403,manifest,"Client error '403 ' for url 'https://openapiproext.bnf.fr/iiif/presentation/v3/ark:/12148/bd6t5567351/manifest.json'
For more information check: https://developer.mozilla.org/en-US/docs/Web/HTTP/Status/403",2026-07-17T16:13:49.736562
humanite,bd6t556736c,,failed,0,0,,http_manifest,known,403,manifest,"Client error '403 ' for url 'https://openapiproext.bnf.fr/iiif/presentation/v3/ark:/12148/bd6t556736c/manifest.json'
For more information check: https://developer.mozilla.org/en-US/docs/Web/HTTP/Status/403",2026-07-17T16:13:50.951341
humanite,bd6t556737q,,failed,0,0,,http_manifest,known,403,manifest,"Client error '403 ' for url 'https://openapiproext.bnf.fr/iiif/presentation/v3/ark:/12148/bd6t556737q/manifest.json'
For more information check: https://developer.mozilla.org/en-US/docs/Web/HTTP/Status/403",2026-07-17T16:13:52.149827
humanite,bd6t5567382,,failed,0,0,,http_manifest,known,403,manifest,"Client error '403 ' for url 'https://openapiproext.bnf.fr/iiif/presentation/v3/ark:/12148/bd6t5567382/manifest.json'
For more information check: https://developer.mozilla.org/en-US/docs/Web/HTTP/Status/403",2026-07-17T16:13:53.335807
humanite,bd6t556740m,,failed,0,0,,http_manifest,known,403,manifest,"Client error '403 ' for url 'https://openapiproext.bnf.fr/iiif/presentation/v3/ark:/12148/bd6t556740m/manifest.json'
For more information check: https://developer.mozilla.org/en-US/docs/Web/HTTP/Status/403",2026-07-17T16:13:54.540864
humanite,bd6t556739d,,failed,0,0,,http_manifest,known,403,manifest,"Client error '403 ' for url 'https://openapiproext.bnf.fr/iiif/presentation/v3/ark:/12148/bd6t556739d/manifest.json'
For more information check: https://developer.mozilla.org/en-US/docs/Web/HTTP/Status/403",2026-07-17T16:13:55.763689
humanite,bd6t556741z,,failed,0,0,,http_manifest,known,403,manifest,"Client error '403 ' for url 'https://openapiproext.bnf.fr/iiif/presentation/v3/ark:/12148/bd6t556741z/manifest.json'
For more information check: https://developer.mozilla.org/en-US/docs/Web/HTTP/Status/403",2026-07-17T16:13:56.942085
humanite,bd6t5567429,,failed,0,0,,http_manifest,known,403,manifest,"Client error '403 ' for url 'https://openapiproext.bnf.fr/iiif/presentation/v3/ark:/12148/bd6t5567429/manifest.json'
For more information check: https://developer.mozilla.org/en-US/docs/Web/HTTP/Status/403",2026-07-17T16:13:58.276757
humanite,bd6t556743n,,failed,0,0,,http_manifest,known,403,manifest,"Client error '403 ' for url 'https://openapiproext.bnf.fr/iiif/presentation/v3/ark:/12148/bd6t556743n/manifest.json'
For more information check: https://developer.mozilla.org/en-US/docs/Web/HTTP/Status/403",2026-07-17T16:13:59.521846
humanite,bd6t5567440,,failed,0,0,,http_manifest,known,403,manifest,"Client error '403 ' for url 'https://openapiproext.bnf.fr/iiif/presentation/v3/ark:/12148/bd6t5567440/manifest.json'
For more information check: https://developer.mozilla.org/en-US/docs/Web/HTTP/Status/403",2026-07-17T16:14:00.788419
humanite,bd6t556745b,,failed,0,0,,http_manifest,known,403,manifest,"Client error '403 ' for url 'https://openapiproext.bnf.fr/iiif/presentation/v3/ark:/12148/bd6t556745b/manifest.json'
For more information check: https://developer.mozilla.org/en-US/docs/Web/HTTP/Status/403",2026-07-17T16:14:01.831563
humanite,bd6t556746p,,failed,0,0,,http_manifest,known,403,manifest,"Client error '403 ' for url 'https://openapiproext.bnf.fr/iiif/presentation/v3/ark:/12148/bd6t556746p/manifest.json'
For more information check: https://developer.mozilla.org/en-US/docs/Web/HTTP/Status/403",2026-07-17T16:14:02.949218
humanite,bd6t5567471,,failed,0,0,,http_manifest,known,403,manifest,"Client error '403 ' for url 'https://openapiproext.bnf.fr/iiif/presentation/v3/ark:/12148/bd6t5567471/manifest.json'
For more information check: https://developer.mozilla.org/en-US/docs/Web/HTTP/Status/403",2026-07-17T16:14:04.373235
humanite,bd6t556748c,,failed,0,0,,http_manifest,known,403,manifest,"Client error '403 ' for url 'https://openapiproext.bnf.fr/iiif/presentation/v3/ark:/12148/bd6t556748c/manifest.json'
For more information check: https://developer.mozilla.org/en-US/docs/Web/HTTP/Status/403",2026-07-17T16:14:05.558777
humanite,bd6t556749q,,failed,0,0,,http_manifest,known,403,manifest,"Client error '403 ' for url 'https://openapiproext.bnf.fr/iiif/presentation/v3/ark:/12148/bd6t556749q/manifest.json'
For more information check: https://developer.mozilla.org/en-US/docs/Web/HTTP/Status/403",2026-07-17T16:14:06.849139
humanite,bd6t556750x,,failed,0,0,,http_manifest,known,403,manifest,"Client error '403 ' for url 'https://openapiproext.bnf.fr/iiif/presentation/v3/ark:/12148/bd6t556750x/manifest.json'
For more information check: https://developer.mozilla.org/en-US/docs/Web/HTTP/Status/403",2026-07-17T16:14:08.010245
humanite,bd6t5567518,,failed,0,0,,http_manifest,known,403,manifest,"Client error '403 ' for url 'https://openapiproext.bnf.fr/iiif/presentation/v3/ark:/12148/bd6t5567518/manifest.json'
For more information check: https://developer.mozilla.org/en-US/docs/Web/HTTP/Status/403",2026-07-17T16:14:08.956169
humanite,bd6t556753z,,failed,0,0,,http_manifest,known,403,manifest,"Client error '403 ' for url 'https://openapiproext.bnf.fr/iiif/presentation/v3/ark:/12148/bd6t556753z/manifest.json'
For more information check: https://developer.mozilla.org/en-US/docs/Web/HTTP/Status/403",2026-07-17T16:14:10.320382
humanite,bd6t556752m,,failed,0,0,,http_manifest,known,403,manifest,"Client error '403 ' for url 'https://openapiproext.bnf.fr/iiif/presentation/v3/ark:/12148/bd6t556752m/manifest.json'
For more information check: https://developer.mozilla.org/en-US/docs/Web/HTTP/Status/403",2026-07-17T16:14:11.368275
humanite,bd6t5567549,,failed,0,0,,http_manifest,known,403,manifest,"Client error '403 ' for url 'https://openapiproext.bnf.fr/iiif/presentation/v3/ark:/12148/bd6t5567549/manifest.json'
For more information check: https://developer.mozilla.org/en-US/docs/Web/HTTP/Status/403",2026-07-17T16:14:12.563201
humanite,bd6t556755n,,failed,0,0,,http_manifest,known,403,manifest,"Client error '403 ' for url 'https://openapiproext.bnf.fr/iiif/presentation/v3/ark:/12148/bd6t556755n/manifest.json'
For more information check: https://developer.mozilla.org/en-US/docs/Web/HTTP/Status/403",2026-07-17T16:14:13.981995
humanite,bd6t5567560,,failed,0,0,,http_manifest,known,403,manifest,"Client error '403 ' for url 'https://openapiproext.bnf.fr/iiif/presentation/v3/ark:/12148/bd6t5567560/manifest.json'
For more information check: https://developer.mozilla.org/en-US/docs/Web/HTTP/Status/403",2026-07-17T16:14:14.974366
humanite,bd6t556757b,,failed,0,0,,http_manifest,known,403,manifest,"Client error '403 ' for url 'https://openapiproext.bnf.fr/iiif/presentation/v3/ark:/12148/bd6t556757b/manifest.json'
For more information check: https://developer.mozilla.org/en-US/docs/Web/HTTP/Status/403",2026-07-17T16:14:16.165120
humanite,bd6t556758p,,failed,0,0,,http_manifest,known,403,manifest,"Client error '403 ' for url 'https://openapiproext.bnf.fr/iiif/presentation/v3/ark:/12148/bd6t556758p/manifest.json'
For more information check: https://developer.mozilla.org/en-US/docs/Web/HTTP/Status/403",2026-07-17T16:14:17.372004
humanite,bd6t5567591,,failed,0,0,,http_manifest,known,403,manifest,"Client error '403 ' for url 'https://openapiproext.bnf.fr/iiif/presentation/v3/ark:/12148/bd6t5567591/manifest.json'
For more information check: https://developer.mozilla.org/en-US/docs/Web/HTTP/Status/403",2026-07-17T16:14:18.692080
humanite,bd6t5567607,,failed,0,0,,http_manifest,known,403,manifest,"Client error '403 ' for url 'https://openapiproext.bnf.fr/iiif/presentation/v3/ark:/12148/bd6t5567607/manifest.json'
For more information check: https://developer.mozilla.org/en-US/docs/Web/HTTP/Status/403",2026-07-17T16:14:19.798219
humanite,bd6t556761k,,failed,0,0,,http_manifest,known,403,manifest,"Client error '403 ' for url 'https://openapiproext.bnf.fr/iiif/presentation/v3/ark:/12148/bd6t556761k/manifest.json'
For more information check: https://developer.mozilla.org/en-US/docs/Web/HTTP/Status/403",2026-07-17T16:14:21.062298
humanite,bd6t556762x,,failed,0,0,,http_manifest,known,403,manifest,"Client error '403 ' for url 'https://openapiproext.bnf.fr/iiif/presentation/v3/ark:/12148/bd6t556762x/manifest.json'
For more information check: https://developer.mozilla.org/en-US/docs/Web/HTTP/Status/403",2026-07-17T16:14:22.170491
humanite,bd6t5567638,,failed,0,0,,http_manifest,known,403,manifest,"Client error '403 ' for url 'https://openapiproext.bnf.fr/iiif/presentation/v3/ark:/12148/bd6t5567638/manifest.json'
For more information check: https://developer.mozilla.org/en-US/docs/Web/HTTP/Status/403",2026-07-17T16:14:23.373508
humanite,bd6t556764m,,failed,0,0,,http_manifest,known,403,manifest,"Client error '403 ' for url 'https://openapiproext.bnf.fr/iiif/presentation/v3/ark:/12148/bd6t556764m/manifest.json'
For more information check: https://developer.mozilla.org/en-US/docs/Web/HTTP/Status/403",2026-07-17T16:14:24.600671
humanite,bd6t556765z,,failed,0,0,,http_manifest,known,403,manifest,"Client error '403 ' for url 'https://openapiproext.bnf.fr/iiif/presentation/v3/ark:/12148/bd6t556765z/manifest.json'
For more information check: https://developer.mozilla.org/en-US/docs/Web/HTTP/Status/403",2026-07-17T16:14:25.771339
humanite,bd6t5567669,,failed,0,0,,http_manifest,known,403,manifest,"Client error '403 ' for url 'https://openapiproext.bnf.fr/iiif/presentation/v3/ark:/12148/bd6t5567669/manifest.json'
For more information check: https://developer.mozilla.org/en-US/docs/Web/HTTP/Status/403",2026-07-17T16:14:26.976551
humanite,bd6t556767n,,failed,0,0,,http_manifest,known,403,manifest,"Client error '403 ' for url 'https://openapiproext.bnf.fr/iiif/presentation/v3/ark:/12148/bd6t556767n/manifest.json'
For more information check: https://developer.mozilla.org/en-US/docs/Web/HTTP/Status/403",2026-07-17T16:14:28.177914
humanite,bd6t5567680,,failed,0,0,,http_manifest,known,403,manifest,"Client error '403 ' for url 'https://openapiproext.bnf.fr/iiif/presentation/v3/ark:/12148/bd6t5567680/manifest.json'
For more information check: https://developer.mozilla.org/en-US/docs/Web/HTTP/Status/403",2026-07-17T16:14:29.382750
humanite,bd6t556769b,,failed,0,0,,http_manifest,known,403,manifest,"Client error '403 ' for url 'https://openapiproext.bnf.fr/iiif/presentation/v3/ark:/12148/bd6t556769b/manifest.json'
For more information check: https://developer.mozilla.org/en-US/docs/Web/HTTP/Status/403",2026-07-17T16:14:30.583189
humanite,bd6t556770j,,failed,0,0,,http_manifest,known,403,manifest,"Client error '403 ' for url 'https://openapiproext.bnf.fr/iiif/presentation/v3/ark:/12148/bd6t556770j/manifest.json'
For more information check: https://developer.mozilla.org/en-US/docs/Web/HTTP/Status/403",2026-07-17T16:14:31.785213
humanite,bd6t556771w,,failed,0,0,,http_manifest,known,403,manifest,"Client error '403 ' for url 'https://openapiproext.bnf.fr/iiif/presentation/v3/ark:/12148/bd6t556771w/manifest.json'
For more information check: https://developer.mozilla.org/en-US/docs/Web/HTTP/Status/403",2026-07-17T16:14:32.987775
humanite,bd6t5567727,,failed,0,0,,http_manifest,known,403,manifest,"Client error '403 ' for url 'https://openapiproext.bnf.fr/iiif/presentation/v3/ark:/12148/bd6t5567727/manifest.json'
For more information check: https://developer.mozilla.org/en-US/docs/Web/HTTP/Status/403",2026-07-17T16:14:34.190265
humanite,bd6t556773k,,failed,0,0,,http_manifest,known,403,manifest,"Client error '403 ' for url 'https://openapiproext.bnf.fr/iiif/presentation/v3/ark:/12148/bd6t556773k/manifest.json'
For more information check: https://developer.mozilla.org/en-US/docs/Web/HTTP/Status/403",2026-07-17T16:14:35.390471
humanite,bd6t556774x,,failed,0,0,,http_manifest,known,403,manifest,"Client error '403 ' for url 'https://openapiproext.bnf.fr/iiif/presentation/v3/ark:/12148/bd6t556774x/manifest.json'
For more information check: https://developer.mozilla.org/en-US/docs/Web/HTTP/Status/403",2026-07-17T16:14:36.592992
humanite,bd6t5567758,,failed,0,0,,http_manifest,known,403,manifest,"Client error '403 ' for url 'https://openapiproext.bnf.fr/iiif/presentation/v3/ark:/12148/bd6t5567758/manifest.json'
For more information check: https://developer.mozilla.org/en-US/docs/Web/HTTP/Status/403",2026-07-17T16:14:37.794943
humanite,bd6t556776m,,failed,0,0,,http_manifest,known,403,manifest,"Client error '403 ' for url 'https://openapiproext.bnf.fr/iiif/presentation/v3/ark:/12148/bd6t556776m/manifest.json'
For more information check: https://developer.mozilla.org/en-US/docs/Web/HTTP/Status/403",2026-07-17T16:14:38.998282
humanite,bd6t556777z,,failed,0,0,,http_manifest,known,403,manifest,"Client error '403 ' for url 'https://openapiproext.bnf.fr/iiif/presentation/v3/ark:/12148/bd6t556777z/manifest.json'
For more information check: https://developer.mozilla.org/en-US/docs/Web/HTTP/Status/403",2026-07-17T16:14:40.199374
humanite,bd6t5567789,,failed,0,0,,http_manifest,known,403,manifest,"Client error '403 ' for url 'https://openapiproext.bnf.fr/iiif/presentation/v3/ark:/12148/bd6t5567789/manifest.json'
For more information check: https://developer.mozilla.org/en-US/docs/Web/HTTP/Status/403",2026-07-17T16:14:41.396693
humanite,bd6t556779n,,failed,0,0,,http_manifest,known,403,manifest,"Client error '403 ' for url 'https://openapiproext.bnf.fr/iiif/presentation/v3/ark:/12148/bd6t556779n/manifest.json'
For more information check: https://developer.mozilla.org/en-US/docs/Web/HTTP/Status/403",2026-07-17T16:14:42.603859
humanite,bd6t556780v,,failed,0,0,,http_manifest,known,403,manifest,"Client error '403 ' for url 'https://openapiproext.bnf.fr/iiif/presentation/v3/ark:/12148/bd6t556780v/manifest.json'
For more information check: https://developer.mozilla.org/en-US/docs/Web/HTTP/Status/403",2026-07-17T16:14:43.799043
humanite,bd6t5567816,,failed,0,0,,http_manifest,known,403,manifest,"Client error '403 ' for url 'https://openapiproext.bnf.fr/iiif/presentation/v3/ark:/12148/bd6t5567816/manifest.json'
For more information check: https://developer.mozilla.org/en-US/docs/Web/HTTP/Status/403",2026-07-17T16:14:45.001917
humanite,bd6t556782j,,failed,0,0,,http_manifest,known,403,manifest,"Client error '403 ' for url 'https://openapiproext.bnf.fr/iiif/presentation/v3/ark:/12148/bd6t556782j/manifest.json'
For more information check: https://developer.mozilla.org/en-US/docs/Web/HTTP/Status/403",2026-07-17T16:14:46.202106
humanite,bd6t556783w,,failed,0,0,,http_manifest,known,403,manifest,"Client error '403 ' for url 'https://openapiproext.bnf.fr/iiif/presentation/v3/ark:/12148/bd6t556783w/manifest.json'
For more information check: https://developer.mozilla.org/en-US/docs/Web/HTTP/Status/403",2026-07-17T16:14:47.407444
humanite,bd6t5567847,,failed,0,0,,http_manifest,known,403,manifest,"Client error '403 ' for url 'https://openapiproext.bnf.fr/iiif/presentation/v3/ark:/12148/bd6t5567847/manifest.json'
For more information check: https://developer.mozilla.org/en-US/docs/Web/HTTP/Status/403",2026-07-17T16:14:48.610851
humanite,bd6t556785k,,failed,0,0,,http_manifest,known,403,manifest,"Client error '403 ' for url 'https://openapiproext.bnf.fr/iiif/presentation/v3/ark:/12148/bd6t556785k/manifest.json'
For more information check: https://developer.mozilla.org/en-US/docs/Web/HTTP/Status/403",2026-07-17T16:14:49.817806
humanite,bd6t556786x,,failed,0,0,,http_manifest,known,403,manifest,"Client error '403 ' for url 'https://openapiproext.bnf.fr/iiif/presentation/v3/ark:/12148/bd6t556786x/manifest.json'
For more information check: https://developer.mozilla.org/en-US/docs/Web/HTTP/Status/403",2026-07-17T16:14:51.006769
humanite,bd6t5567878,,failed,0,0,,http_manifest,known,403,manifest,"Client error '403 ' for url 'https://openapiproext.bnf.fr/iiif/presentation/v3/ark:/12148/bd6t5567878/manifest.json'
For more information check: https://developer.mozilla.org/en-US/docs/Web/HTTP/Status/403",2026-07-17T16:14:52.214325
humanite,bd6t556788m,,failed,0,0,,http_manifest,known,403,manifest,"Client error '403 ' for url 'https://openapiproext.bnf.fr/iiif/presentation/v3/ark:/12148/bd6t556788m/manifest.json'
For more information check: https://developer.mozilla.org/en-US/docs/Web/HTTP/Status/403",2026-07-17T16:14:53.414719
humanite,bd6t556789z,,failed,0,0,,http_manifest,known,403,manifest,"Client error '403 ' for url 'https://openapiproext.bnf.fr/iiif/presentation/v3/ark:/12148/bd6t556789z/manifest.json'
For more information check: https://developer.mozilla.org/en-US/docs/Web/HTTP/Status/403",2026-07-17T16:14:54.638449
humanite,bd6t5567905,,failed,0,0,,http_manifest,known,403,manifest,"Client error '403 ' for url 'https://openapiproext.bnf.fr/iiif/presentation/v3/ark:/12148/bd6t5567905/manifest.json'
For more information check: https://developer.mozilla.org/en-US/docs/Web/HTTP/Status/403",2026-07-17T16:14:55.814586
humanite,bd6t556791h,,failed,0,0,,http_manifest,known,403,manifest,"Client error '403 ' for url 'https://openapiproext.bnf.fr/iiif/presentation/v3/ark:/12148/bd6t556791h/manifest.json'
For more information check: https://developer.mozilla.org/en-US/docs/Web/HTTP/Status/403",2026-07-17T16:14:57.018155
humanite,bd6t556792v,,failed,0,0,,http_manifest,known,403,manifest,"Client error '403 ' for url 'https://openapiproext.bnf.fr/iiif/presentation/v3/ark:/12148/bd6t556792v/manifest.json'
For more information check: https://developer.mozilla.org/en-US/docs/Web/HTTP/Status/403",2026-07-17T16:14:58.407296
humanite,bd6t5567936,,failed,0,0,,http_manifest,known,403,manifest,"Client error '403 ' for url 'https://openapiproext.bnf.fr/iiif/presentation/v3/ark:/12148/bd6t5567936/manifest.json'
For more information check: https://developer.mozilla.org/en-US/docs/Web/HTTP/Status/403",2026-07-17T16:14:59.559700
humanite,bd6t556794j,,failed,0,0,,http_manifest,known,403,manifest,"Client error '403 ' for url 'https://openapiproext.bnf.fr/iiif/presentation/v3/ark:/12148/bd6t556794j/manifest.json'
For more information check: https://developer.mozilla.org/en-US/docs/Web/HTTP/Status/403",2026-07-17T16:15:00.624887
humanite,bd6t556795w,,failed,0,0,,http_manifest,known,403,manifest,"Client error '403 ' for url 'https://openapiproext.bnf.fr/iiif/presentation/v3/ark:/12148/bd6t556795w/manifest.json'
For more information check: https://developer.mozilla.org/en-US/docs/Web/HTTP/Status/403",2026-07-17T16:15:01.947718
humanite,bd6t5567967,,failed,0,0,,http_manifest,known,403,manifest,"Client error '403 ' for url 'https://openapiproext.bnf.fr/iiif/presentation/v3/ark:/12148/bd6t5567967/manifest.json'
For more information check: https://developer.mozilla.org/en-US/docs/Web/HTTP/Status/403",2026-07-17T16:15:03.029454
humanite,bd6t556797k,,failed,0,0,,http_manifest,known,403,manifest,"Client error '403 ' for url 'https://openapiproext.bnf.fr/iiif/presentation/v3/ark:/12148/bd6t556797k/manifest.json'
For more information check: https://developer.mozilla.org/en-US/docs/Web/HTTP/Status/403",2026-07-17T16:15:04.303990
humanite,bd6t556798x,,failed,0,0,,http_manifest,known,403,manifest,"Client error '403 ' for url 'https://openapiproext.bnf.fr/iiif/presentation/v3/ark:/12148/bd6t556798x/manifest.json'
For more information check: https://developer.mozilla.org/en-US/docs/Web/HTTP/Status/403",2026-07-17T16:15:05.501465
humanite,bd6t5567998,,failed,0,0,,http_manifest,known,403,manifest,"Client error '403 ' for url 'https://openapiproext.bnf.fr/iiif/presentation/v3/ark:/12148/bd6t5567998/manifest.json'
For more information check: https://developer.mozilla.org/en-US/docs/Web/HTTP/Status/403",2026-07-17T16:15:06.801352
humanite,bd6t556800n,,failed,0,0,,http_manifest,known,403,manifest,"Client error '403 ' for url 'https://openapiproext.bnf.fr/iiif/presentation/v3/ark:/12148/bd6t556800n/manifest.json'
For more information check: https://developer.mozilla.org/en-US/docs/Web/HTTP/Status/403",2026-07-17T16:15:07.836433
humanite,bd6t5568010,,failed,0,0,,http_manifest,known,403,manifest,"Client error '403 ' for url 'https://openapiproext.bnf.fr/iiif/presentation/v3/ark:/12148/bd6t5568010/manifest.json'
For more information check: https://developer.mozilla.org/en-US/docs/Web/HTTP/Status/403",2026-07-17T16:15:09.036832
humanite,bd6t556802b,,failed,0,0,,http_manifest,known,403,manifest,"Client error '403 ' for url 'https://openapiproext.bnf.fr/iiif/presentation/v3/ark:/12148/bd6t556802b/manifest.json'
For more information check: https://developer.mozilla.org/en-US/docs/Web/HTTP/Status/403",2026-07-17T16:15:10.235195
humanite,bd6t556803p,,failed,0,0,,http_manifest,known,403,manifest,"Client error '403 ' for url 'https://openapiproext.bnf.fr/iiif/presentation/v3/ark:/12148/bd6t556803p/manifest.json'
For more information check: https://developer.mozilla.org/en-US/docs/Web/HTTP/Status/403",2026-07-17T16:15:11.441977
humanite,bd6t5568041,,failed,0,0,,http_manifest,known,403,manifest,"Client error '403 ' for url 'https://openapiproext.bnf.fr/iiif/presentation/v3/ark:/12148/bd6t5568041/manifest.json'
For more information check: https://developer.mozilla.org/en-US/docs/Web/HTTP/Status/403",2026-07-17T16:15:12.648953
humanite,bd6t556805c,,failed,0,0,,http_manifest,known,403,manifest,"Client error '403 ' for url 'https://openapiproext.bnf.fr/iiif/presentation/v3/ark:/12148/bd6t556805c/manifest.json'
For more information check: https://developer.mozilla.org/en-US/docs/Web/HTTP/Status/403",2026-07-17T16:15:13.840206
humanite,bd6t556806q,,failed,0,0,,http_manifest,known,403,manifest,"Client error '403 ' for url 'https://openapiproext.bnf.fr/iiif/presentation/v3/ark:/12148/bd6t556806q/manifest.json'
For more information check: https://developer.mozilla.org/en-US/docs/Web/HTTP/Status/403",2026-07-17T16:15:15.052564
humanite,bd6t5568072,,failed,0,0,,http_manifest,known,403,manifest,"Client error '403 ' for url 'https://openapiproext.bnf.fr/iiif/presentation/v3/ark:/12148/bd6t5568072/manifest.json'
For more information check: https://developer.mozilla.org/en-US/docs/Web/HTTP/Status/403",2026-07-17T16:15:16.241841
humanite,bd6t556808d,,failed,0,0,,http_manifest,known,403,manifest,"Client error '403 ' for url 'https://openapiproext.bnf.fr/iiif/presentation/v3/ark:/12148/bd6t556808d/manifest.json'
For more information check: https://developer.mozilla.org/en-US/docs/Web/HTTP/Status/403",2026-07-17T16:15:17.493218
humanite,bd6t556809r,,failed,0,0,,http_manifest,known,403,manifest,"Client error '403 ' for url 'https://openapiproext.bnf.fr/iiif/presentation/v3/ark:/12148/bd6t556809r/manifest.json'
For more information check: https://developer.mozilla.org/en-US/docs/Web/HTTP/Status/403",2026-07-17T16:15:18.666019
humanite,bd6t5565464,,failed,0,0,,http_manifest,known,403,manifest,"Client error '403 ' for url 'https://openapiproext.bnf.fr/iiif/presentation/v3/ark:/12148/bd6t5565464/manifest.json'
For more information check: https://developer.mozilla.org/en-US/docs/Web/HTTP/Status/403",2026-07-17T16:15:19.853760
humanite,bd6t556547g,,failed,0,0,,http_manifest,known,403,manifest,"Client error '403 ' for url 'https://openapiproext.bnf.fr/iiif/presentation/v3/ark:/12148/bd6t556547g/manifest.json'
For more information check: https://developer.mozilla.org/en-US/docs/Web/HTTP/Status/403",2026-07-17T16:15:21.048177
humanite,bd6t556548t,,failed,0,0,,http_manifest,known,403,manifest,"Client error '403 ' for url 'https://openapiproext.bnf.fr/iiif/presentation/v3/ark:/12148/bd6t556548t/manifest.json'
For more information check: https://developer.mozilla.org/en-US/docs/Web/HTTP/Status/403",2026-07-17T16:15:22.260673
humanite,bd6t556550c,,failed,0,0,,http_manifest,known,403,manifest,"Client error '403 ' for url 'https://openapiproext.bnf.fr/iiif/presentation/v3/ark:/12148/bd6t556550c/manifest.json'
For more information check: https://developer.mozilla.org/en-US/docs/Web/HTTP/Status/403",2026-07-17T16:15:23.480482
humanite,bd6t5565495,,failed,0,0,,http_manifest,known,403,manifest,"Client error '403 ' for url 'https://openapiproext.bnf.fr/iiif/presentation/v3/ark:/12148/bd6t5565495/manifest.json'
For more information check: https://developer.mozilla.org/en-US/docs/Web/HTTP/Status/403",2026-07-17T16:15:24.651475
humanite,bd6t556551q,,failed,0,0,,http_manifest,known,403,manifest,"Client error '403 ' for url 'https://openapiproext.bnf.fr/iiif/presentation/v3/ark:/12148/bd6t556551q/manifest.json'
For more information check: https://developer.mozilla.org/en-US/docs/Web/HTTP/Status/403",2026-07-17T16:15:25.852972
humanite,bd6t5565522,,failed,0,0,,http_manifest,known,403,manifest,"Client error '403 ' for url 'https://openapiproext.bnf.fr/iiif/presentation/v3/ark:/12148/bd6t5565522/manifest.json'
For more information check: https://developer.mozilla.org/en-US/docs/Web/HTTP/Status/403",2026-07-17T16:15:27.057424
humanite,bd6t556553d,,failed,0,0,,http_manifest,known,403,manifest,"Client error '403 ' for url 'https://openapiproext.bnf.fr/iiif/presentation/v3/ark:/12148/bd6t556553d/manifest.json'
For more information check: https://developer.mozilla.org/en-US/docs/Web/HTTP/Status/403",2026-07-17T16:15:28.254396
humanite,bd6t556554r,,failed,0,0,,http_manifest,known,403,manifest,"Client error '403 ' for url 'https://openapiproext.bnf.fr/iiif/presentation/v3/ark:/12148/bd6t556554r/manifest.json'
For more information check: https://developer.mozilla.org/en-US/docs/Web/HTTP/Status/403",2026-07-17T16:15:29.458913
humanite,bd6t556556f,,failed,0,0,,http_manifest,known,403,manifest,"Client error '403 ' for url 'https://openapiproext.bnf.fr/iiif/presentation/v3/ark:/12148/bd6t556556f/manifest.json'
For more information check: https://developer.mozilla.org/en-US/docs/Web/HTTP/Status/403",2026-07-17T16:15:30.662513
humanite,bd6t5565553,,failed,0,0,,http_manifest,known,403,manifest,"Client error '403 ' for url 'https://openapiproext.bnf.fr/iiif/presentation/v3/ark:/12148/bd6t5565553/manifest.json'
For more information check: https://developer.mozilla.org/en-US/docs/Web/HTTP/Status/403",2026-07-17T16:15:31.862079
humanite,bd6t556557s,,failed,0,0,,http_manifest,known,403,manifest,"Client error '403 ' for url 'https://openapiproext.bnf.fr/iiif/presentation/v3/ark:/12148/bd6t556557s/manifest.json'
For more information check: https://developer.mozilla.org/en-US/docs/Web/HTTP/Status/403",2026-07-17T16:15:33.064728
humanite,bd6t5565584,,failed,0,0,,http_manifest,known,403,manifest,"Client error '403 ' for url 'https://openapiproext.bnf.fr/iiif/presentation/v3/ark:/12148/bd6t5565584/manifest.json'
For more information check: https://developer.mozilla.org/en-US/docs/Web/HTTP/Status/403",2026-07-17T16:15:34.263481
humanite,bd6t556559g,,failed,0,0,,http_manifest,known,403,manifest,"Client error '403 ' for url 'https://openapiproext.bnf.fr/iiif/presentation/v3/ark:/12148/bd6t556559g/manifest.json'
For more information check: https://developer.mozilla.org/en-US/docs/Web/HTTP/Status/403",2026-07-17T16:15:35.484400
humanite,bd6t556560p,,failed,0,0,,http_manifest,known,403,manifest,"Client error '403 ' for url 'https://openapiproext.bnf.fr/iiif/presentation/v3/ark:/12148/bd6t556560p/manifest.json'
For more information check: https://developer.mozilla.org/en-US/docs/Web/HTTP/Status/403",2026-07-17T16:15:36.666023
humanite,bd6t5565611,,failed,0,0,,http_manifest,known,403,manifest,"Client error '403 ' for url 'https://openapiproext.bnf.fr/iiif/presentation/v3/ark:/12148/bd6t5565611/manifest.json'
For more information check: https://developer.mozilla.org/en-US/docs/Web/HTTP/Status/403",2026-07-17T16:15:37.865754
humanite,bd6t556562c,,failed,0,0,,http_manifest,known,403,manifest,"Client error '403 ' for url 'https://openapiproext.bnf.fr/iiif/presentation/v3/ark:/12148/bd6t556562c/manifest.json'
For more information check: https://developer.mozilla.org/en-US/docs/Web/HTTP/Status/403",2026-07-17T16:15:39.068567
humanite,bd6t556563q,,failed,0,0,,http_manifest,known,403,manifest,"Client error '403 ' for url 'https://openapiproext.bnf.fr/iiif/presentation/v3/ark:/12148/bd6t556563q/manifest.json'
For more information check: https://developer.mozilla.org/en-US/docs/Web/HTTP/Status/403",2026-07-17T16:15:40.272393
humanite,bd6t5565642,,failed,0,0,,http_manifest,known,403,manifest,"Client error '403 ' for url 'https://openapiproext.bnf.fr/iiif/presentation/v3/ark:/12148/bd6t5565642/manifest.json'
For more information check: https://developer.mozilla.org/en-US/docs/Web/HTTP/Status/403",2026-07-17T16:15:41.473727
humanite,bd6t556565d,,failed,0,0,,http_manifest,known,403,manifest,"Client error '403 ' for url 'https://openapiproext.bnf.fr/iiif/presentation/v3/ark:/12148/bd6t556565d/manifest.json'
For more information check: https://developer.mozilla.org/en-US/docs/Web/HTTP/Status/403",2026-07-17T16:15:42.674097
humanite,bd6t556566r,,failed,0,0,,http_manifest,known,403,manifest,"Client error '403 ' for url 'https://openapiproext.bnf.fr/iiif/presentation/v3/ark:/12148/bd6t556566r/manifest.json'
For more information check: https://developer.mozilla.org/en-US/docs/Web/HTTP/Status/403",2026-07-17T16:15:43.878418
humanite,bd6t5565673,,failed,0,0,,http_manifest,known,403,manifest,"Client error '403 ' for url 'https://openapiproext.bnf.fr/iiif/presentation/v3/ark:/12148/bd6t5565673/manifest.json'
For more information check: https://developer.mozilla.org/en-US/docs/Web/HTTP/Status/403",2026-07-17T16:15:45.075008
humanite,bd6t556568f,,failed,0,0,,http_manifest,known,403,manifest,"Client error '403 ' for url 'https://openapiproext.bnf.fr/iiif/presentation/v3/ark:/12148/bd6t556568f/manifest.json'
For more information check: https://developer.mozilla.org/en-US/docs/Web/HTTP/Status/403",2026-07-17T16:15:46.279154
humanite,bd6t556569s,,failed,0,0,,http_manifest,known,403,manifest,"Client error '403 ' for url 'https://openapiproext.bnf.fr/iiif/presentation/v3/ark:/12148/bd6t556569s/manifest.json'
For more information check: https://developer.mozilla.org/en-US/docs/Web/HTTP/Status/403",2026-07-17T16:15:47.524537
humanite,bd6t5565700,,failed,0,0,,http_manifest,known,403,manifest,"Client error '403 ' for url 'https://openapiproext.bnf.fr/iiif/presentation/v3/ark:/12148/bd6t5565700/manifest.json'
For more information check: https://developer.mozilla.org/en-US/docs/Web/HTTP/Status/403",2026-07-17T16:15:48.678420
humanite,bd6t556571b,,failed,0,0,,http_manifest,known,403,manifest,"Client error '403 ' for url 'https://openapiproext.bnf.fr/iiif/presentation/v3/ark:/12148/bd6t556571b/manifest.json'
For more information check: https://developer.mozilla.org/en-US/docs/Web/HTTP/Status/403",2026-07-17T16:15:49.881002
humanite,bd6t556572p,,failed,0,0,,http_manifest,known,403,manifest,"Client error '403 ' for url 'https://openapiproext.bnf.fr/iiif/presentation/v3/ark:/12148/bd6t556572p/manifest.json'
For more information check: https://developer.mozilla.org/en-US/docs/Web/HTTP/Status/403",2026-07-17T16:15:51.084622
humanite,bd6t5565731,,failed,0,0,,http_manifest,known,403,manifest,"Client error '403 ' for url 'https://openapiproext.bnf.fr/iiif/presentation/v3/ark:/12148/bd6t5565731/manifest.json'
For more information check: https://developer.mozilla.org/en-US/docs/Web/HTTP/Status/403",2026-07-17T16:15:52.281623
humanite,bd6t556574c,,failed,0,0,,http_manifest,known,403,manifest,"Client error '403 ' for url 'https://openapiproext.bnf.fr/iiif/presentation/v3/ark:/12148/bd6t556574c/manifest.json'
For more information check: https://developer.mozilla.org/en-US/docs/Web/HTTP/Status/403",2026-07-17T16:15:53.506289
humanite,bd6t556575q,,failed,0,0,,http_manifest,known,403,manifest,"Client error '403 ' for url 'https://openapiproext.bnf.fr/iiif/presentation/v3/ark:/12148/bd6t556575q/manifest.json'
For more information check: https://developer.mozilla.org/en-US/docs/Web/HTTP/Status/403",2026-07-17T16:15:54.690762
humanite,bd6t5565762,,failed,0,0,,http_manifest,known,403,manifest,"Client error '403 ' for url 'https://openapiproext.bnf.fr/iiif/presentation/v3/ark:/12148/bd6t5565762/manifest.json'
For more information check: https://developer.mozilla.org/en-US/docs/Web/HTTP/Status/403",2026-07-17T16:15:55.889815
humanite,bd6t556577d,,failed,0,0,,http_manifest,known,403,manifest,"Client error '403 ' for url 'https://openapiproext.bnf.fr/iiif/presentation/v3/ark:/12148/bd6t556577d/manifest.json'
For more information check: https://developer.mozilla.org/en-US/docs/Web/HTTP/Status/403",2026-07-17T16:15:57.091301
humanite,bd6t556578r,,failed,0,0,,http_manifest,known,403,manifest,"Client error '403 ' for url 'https://openapiproext.bnf.fr/iiif/presentation/v3/ark:/12148/bd6t556578r/manifest.json'
For more information check: https://developer.mozilla.org/en-US/docs/Web/HTTP/Status/403",2026-07-17T16:15:58.292316
humanite,bd6t5565793,,failed,0,0,,http_manifest,known,403,manifest,"Client error '403 ' for url 'https://openapiproext.bnf.fr/iiif/presentation/v3/ark:/12148/bd6t5565793/manifest.json'
For more information check: https://developer.mozilla.org/en-US/docs/Web/HTTP/Status/403",2026-07-17T16:15:59.503995
humanite,bd6t5565809,,failed,0,0,,http_manifest,known,403,manifest,"Client error '403 ' for url 'https://openapiproext.bnf.fr/iiif/presentation/v3/ark:/12148/bd6t5565809/manifest.json'
For more information check: https://developer.mozilla.org/en-US/docs/Web/HTTP/Status/403",2026-07-17T16:16:00.898667
humanite,bd6t556581n,,failed,0,0,,http_manifest,known,403,manifest,"Client error '403 ' for url 'https://openapiproext.bnf.fr/iiif/presentation/v3/ark:/12148/bd6t556581n/manifest.json'
For more information check: https://developer.mozilla.org/en-US/docs/Web/HTTP/Status/403",2026-07-17T16:16:01.944659
humanite,bd6t5565820,,failed,0,0,,http_manifest,known,403,manifest,"Client error '403 ' for url 'https://openapiproext.bnf.fr/iiif/presentation/v3/ark:/12148/bd6t5565820/manifest.json'
For more information check: https://developer.mozilla.org/en-US/docs/Web/HTTP/Status/403",2026-07-17T16:16:03.100445
humanite,bd6t556583b,,failed,0,0,,http_manifest,known,403,manifest,"Client error '403 ' for url 'https://openapiproext.bnf.fr/iiif/presentation/v3/ark:/12148/bd6t556583b/manifest.json'
For more information check: https://developer.mozilla.org/en-US/docs/Web/HTTP/Status/403",2026-07-17T16:16:04.489289
humanite,bd6t556584p,,failed,0,0,,http_manifest,known,403,manifest,"Client error '403 ' for url 'https://openapiproext.bnf.fr/iiif/presentation/v3/ark:/12148/bd6t556584p/manifest.json'
For more information check: https://developer.mozilla.org/en-US/docs/Web/HTTP/Status/403",2026-07-17T16:16:05.639204
humanite,bd6t5565851,,failed,0,0,,http_manifest,known,403,manifest,"Client error '403 ' for url 'https://openapiproext.bnf.fr/iiif/presentation/v3/ark:/12148/bd6t5565851/manifest.json'
For more information check: https://developer.mozilla.org/en-US/docs/Web/HTTP/Status/403",2026-07-17T16:16:06.848361
humanite,bd6t556586c,,failed,0,0,,http_manifest,known,403,manifest,"Client error '403 ' for url 'https://openapiproext.bnf.fr/iiif/presentation/v3/ark:/12148/bd6t556586c/manifest.json'
For more information check: https://developer.mozilla.org/en-US/docs/Web/HTTP/Status/403",2026-07-17T16:16:07.973978
humanite,bd6t556587q,,failed,0,0,,http_manifest,known,403,manifest,"Client error '403 ' for url 'https://openapiproext.bnf.fr/iiif/presentation/v3/ark:/12148/bd6t556587q/manifest.json'
For more information check: https://developer.mozilla.org/en-US/docs/Web/HTTP/Status/403",2026-07-17T16:16:09.309690
humanite,bd6t5565882,,failed,0,0,,http_manifest,known,403,manifest,"Client error '403 ' for url 'https://openapiproext.bnf.fr/iiif/presentation/v3/ark:/12148/bd6t5565882/manifest.json'
For more information check: https://developer.mozilla.org/en-US/docs/Web/HTTP/Status/403",2026-07-17T16:16:10.477183
humanite,bd6t556589d,,failed,0,0,,http_manifest,known,403,manifest,"Client error '403 ' for url 'https://openapiproext.bnf.fr/iiif/presentation/v3/ark:/12148/bd6t556589d/manifest.json'
For more information check: https://developer.mozilla.org/en-US/docs/Web/HTTP/Status/403",2026-07-17T16:16:11.657167
humanite,bd6t556590m,,failed,0,0,,http_manifest,known,403,manifest,"Client error '403 ' for url 'https://openapiproext.bnf.fr/iiif/presentation/v3/ark:/12148/bd6t556590m/manifest.json'
For more information check: https://developer.mozilla.org/en-US/docs/Web/HTTP/Status/403",2026-07-17T16:16:12.716204
humanite,bd6t556591z,,failed,0,0,,http_manifest,known,403,manifest,"Client error '403 ' for url 'https://openapiproext.bnf.fr/iiif/presentation/v3/ark:/12148/bd6t556591z/manifest.json'
For more information check: https://developer.mozilla.org/en-US/docs/Web/HTTP/Status/403",2026-07-17T16:16:13.921232
humanite,bd6t5565929,,failed,0,0,,http_manifest,known,403,manifest,"Client error '403 ' for url 'https://openapiproext.bnf.fr/iiif/presentation/v3/ark:/12148/bd6t5565929/manifest.json'
For more information check: https://developer.mozilla.org/en-US/docs/Web/HTTP/Status/403",2026-07-17T16:16:15.118300
humanite,bd6t556593n,,failed,0,0,,http_manifest,known,403,manifest,"Client error '403 ' for url 'https://openapiproext.bnf.fr/iiif/presentation/v3/ark:/12148/bd6t556593n/manifest.json'
For more information check: https://developer.mozilla.org/en-US/docs/Web/HTTP/Status/403",2026-07-17T16:16:16.402164
humanite,bd6t5565940,,failed,0,0,,http_manifest,known,403,manifest,"Client error '403 ' for url 'https://openapiproext.bnf.fr/iiif/presentation/v3/ark:/12148/bd6t5565940/manifest.json'
For more information check: https://developer.mozilla.org/en-US/docs/Web/HTTP/Status/403",2026-07-17T16:16:17.644827
humanite,bd6t556595b,,failed,0,0,,http_manifest,known,403,manifest,"Client error '403 ' for url 'https://openapiproext.bnf.fr/iiif/presentation/v3/ark:/12148/bd6t556595b/manifest.json'
For more information check: https://developer.mozilla.org/en-US/docs/Web/HTTP/Status/403",2026-07-17T16:16:18.896623
humanite,bd6t556596p,,failed,0,0,,http_manifest,known,403,manifest,"Client error '403 ' for url 'https://openapiproext.bnf.fr/iiif/presentation/v3/ark:/12148/bd6t556596p/manifest.json'
For more information check: https://developer.mozilla.org/en-US/docs/Web/HTTP/Status/403",2026-07-17T16:16:19.954149
humanite,bd6t5565971,,failed,0,0,,http_manifest,known,403,manifest,"Client error '403 ' for url 'https://openapiproext.bnf.fr/iiif/presentation/v3/ark:/12148/bd6t5565971/manifest.json'
For more information check: https://developer.mozilla.org/en-US/docs/Web/HTTP/Status/403",2026-07-17T16:16:21.124577
humanite,bd6t556598c,,failed,0,0,,http_manifest,known,403,manifest,"Client error '403 ' for url 'https://openapiproext.bnf.fr/iiif/presentation/v3/ark:/12148/bd6t556598c/manifest.json'
For more information check: https://developer.mozilla.org/en-US/docs/Web/HTTP/Status/403",2026-07-17T16:16:22.324069
humanite,bd6t556599q,,failed,0,0,,http_manifest,known,403,manifest,"Client error '403 ' for url 'https://openapiproext.bnf.fr/iiif/presentation/v3/ark:/12148/bd6t556599q/manifest.json'
For more information check: https://developer.mozilla.org/en-US/docs/Web/HTTP/Status/403",2026-07-17T16:16:23.528025
humanite,bd6t5566003,,failed,0,0,,http_manifest,known,403,manifest,"Client error '403 ' for url 'https://openapiproext.bnf.fr/iiif/presentation/v3/ark:/12148/bd6t5566003/manifest.json'
For more information check: https://developer.mozilla.org/en-US/docs/Web/HTTP/Status/403",2026-07-17T16:16:24.728000
humanite,bd6t556601f,,failed,0,0,,http_manifest,known,403,manifest,"Client error '403 ' for url 'https://openapiproext.bnf.fr/iiif/presentation/v3/ark:/12148/bd6t556601f/manifest.json'
For more information check: https://developer.mozilla.org/en-US/docs/Web/HTTP/Status/403",2026-07-17T16:16:25.952600
humanite,bd6t556602s,,failed,0,0,,http_manifest,known,403,manifest,"Client error '403 ' for url 'https://openapiproext.bnf.fr/iiif/presentation/v3/ark:/12148/bd6t556602s/manifest.json'
For more information check: https://developer.mozilla.org/en-US/docs/Web/HTTP/Status/403",2026-07-17T16:16:27.133996
humanite,bd6t5566034,,failed,0,0,,http_manifest,known,403,manifest,"Client error '403 ' for url 'https://openapiproext.bnf.fr/iiif/presentation/v3/ark:/12148/bd6t5566034/manifest.json'
For more information check: https://developer.mozilla.org/en-US/docs/Web/HTTP/Status/403",2026-07-17T16:16:28.333873
humanite,bd6t556604g,,failed,0,0,,http_manifest,known,403,manifest,"Client error '403 ' for url 'https://openapiproext.bnf.fr/iiif/presentation/v3/ark:/12148/bd6t556604g/manifest.json'
For more information check: https://developer.mozilla.org/en-US/docs/Web/HTTP/Status/403",2026-07-17T16:16:29.541937
humanite,bd6t556605t,,failed,0,0,,http_manifest,known,403,manifest,"Client error '403 ' for url 'https://openapiproext.bnf.fr/iiif/presentation/v3/ark:/12148/bd6t556605t/manifest.json'
For more information check: https://developer.mozilla.org/en-US/docs/Web/HTTP/Status/403",2026-07-17T16:16:30.734029
humanite,bd6t5566065,,failed,0,0,,http_manifest,known,403,manifest,"Client error '403 ' for url 'https://openapiproext.bnf.fr/iiif/presentation/v3/ark:/12148/bd6t5566065/manifest.json'
For more information check: https://developer.mozilla.org/en-US/docs/Web/HTTP/Status/403",2026-07-17T16:16:31.935600
humanite,bd6t556607h,,failed,0,0,,http_manifest,known,403,manifest,"Client error '403 ' for url 'https://openapiproext.bnf.fr/iiif/presentation/v3/ark:/12148/bd6t556607h/manifest.json'
For more information check: https://developer.mozilla.org/en-US/docs/Web/HTTP/Status/403",2026-07-17T16:16:33.140354
humanite,bd6t556608v,,failed,0,0,,http_manifest,known,403,manifest,"Client error '403 ' for url 'https://openapiproext.bnf.fr/iiif/presentation/v3/ark:/12148/bd6t556608v/manifest.json'
For more information check: https://developer.mozilla.org/en-US/docs/Web/HTTP/Status/403",2026-07-17T16:16:34.341721
humanite,bd6t556610d,,failed,0,0,,http_manifest,known,403,manifest,"Client error '403 ' for url 'https://openapiproext.bnf.fr/iiif/presentation/v3/ark:/12148/bd6t556610d/manifest.json'
For more information check: https://developer.mozilla.org/en-US/docs/Web/HTTP/Status/403",2026-07-17T16:16:35.545458
humanite,bd6t5566096,,failed,0,0,,http_manifest,known,403,manifest,"Client error '403 ' for url 'https://openapiproext.bnf.fr/iiif/presentation/v3/ark:/12148/bd6t5566096/manifest.json'
For more information check: https://developer.mozilla.org/en-US/docs/Web/HTTP/Status/403",2026-07-17T16:16:36.742992
humanite,bd6t556611r,,failed,0,0,,http_manifest,known,403,manifest,"Client error '403 ' for url 'https://openapiproext.bnf.fr/iiif/presentation/v3/ark:/12148/bd6t556611r/manifest.json'
For more information check: https://developer.mozilla.org/en-US/docs/Web/HTTP/Status/403",2026-07-17T16:16:37.968234
humanite,bd6t5566123,,failed,0,0,,http_manifest,known,403,manifest,"Client error '403 ' for url 'https://openapiproext.bnf.fr/iiif/presentation/v3/ark:/12148/bd6t5566123/manifest.json'
For more information check: https://developer.mozilla.org/en-US/docs/Web/HTTP/Status/403",2026-07-17T16:16:39.149397
humanite,bd6t556613f,,failed,0,0,,http_manifest,known,403,manifest,"Client error '403 ' for url 'https://openapiproext.bnf.fr/iiif/presentation/v3/ark:/12148/bd6t556613f/manifest.json'
For more information check: https://developer.mozilla.org/en-US/docs/Web/HTTP/Status/403",2026-07-17T16:16:40.345919
humanite,bd6t556614s,,failed,0,0,,http_manifest,known,403,manifest,"Client error '403 ' for url 'https://openapiproext.bnf.fr/iiif/presentation/v3/ark:/12148/bd6t556614s/manifest.json'
For more information check: https://developer.mozilla.org/en-US/docs/Web/HTTP/Status/403",2026-07-17T16:16:41.552543
humanite,bd6t5566154,,failed,0,0,,http_manifest,known,403,manifest,"Client error '403 ' for url 'https://openapiproext.bnf.fr/iiif/presentation/v3/ark:/12148/bd6t5566154/manifest.json'
For more information check: https://developer.mozilla.org/en-US/docs/Web/HTTP/Status/403",2026-07-17T16:16:42.750662
humanite,bd6t556616g,,failed,0,0,,http_manifest,known,403,manifest,"Client error '403 ' for url 'https://openapiproext.bnf.fr/iiif/presentation/v3/ark:/12148/bd6t556616g/manifest.json'
For more information check: https://developer.mozilla.org/en-US/docs/Web/HTTP/Status/403",2026-07-17T16:16:43.957414
humanite,bd6t556617t,,failed,0,0,,http_manifest,known,403,manifest,"Client error '403 ' for url 'https://openapiproext.bnf.fr/iiif/presentation/v3/ark:/12148/bd6t556617t/manifest.json'
For more information check: https://developer.mozilla.org/en-US/docs/Web/HTTP/Status/403",2026-07-17T16:16:45.153735
humanite,bd6t5566185,,failed,0,0,,http_manifest,known,403,manifest,"Client error '403 ' for url 'https://openapiproext.bnf.fr/iiif/presentation/v3/ark:/12148/bd6t5566185/manifest.json'
For more information check: https://developer.mozilla.org/en-US/docs/Web/HTTP/Status/403",2026-07-17T16:16:46.359394
humanite,bd6t556619h,,failed,0,0,,http_manifest,known,403,manifest,"Client error '403 ' for url 'https://openapiproext.bnf.fr/iiif/presentation/v3/ark:/12148/bd6t556619h/manifest.json'
For more information check: https://developer.mozilla.org/en-US/docs/Web/HTTP/Status/403",2026-07-17T16:16:47.557928
humanite,bd6t556620q,,failed,0,0,,http_manifest,known,403,manifest,"Client error '403 ' for url 'https://openapiproext.bnf.fr/iiif/presentation/v3/ark:/12148/bd6t556620q/manifest.json'
For more information check: https://developer.mozilla.org/en-US/docs/Web/HTTP/Status/403",2026-07-17T16:16:48.758982
humanite,bd6t5566212,,failed,0,0,,http_manifest,known,403,manifest,"Client error '403 ' for url 'https://openapiproext.bnf.fr/iiif/presentation/v3/ark:/12148/bd6t5566212/manifest.json'
For more information check: https://developer.mozilla.org/en-US/docs/Web/HTTP/Status/403",2026-07-17T16:16:49.986875
humanite,bd6t556622d,,failed,0,0,,http_manifest,known,403,manifest,"Client error '403 ' for url 'https://openapiproext.bnf.fr/iiif/presentation/v3/ark:/12148/bd6t556622d/manifest.json'
For more information check: https://developer.mozilla.org/en-US/docs/Web/HTTP/Status/403",2026-07-17T16:16:51.162901
humanite,bd6t556623r,,failed,0,0,,http_manifest,known,403,manifest,"Client error '403 ' for url 'https://openapiproext.bnf.fr/iiif/presentation/v3/ark:/12148/bd6t556623r/manifest.json'
For more information check: https://developer.mozilla.org/en-US/docs/Web/HTTP/Status/403",2026-07-17T16:16:52.368695
humanite,bd6t5566243,,failed,0,0,,http_manifest,known,403,manifest,"Client error '403 ' for url 'https://openapiproext.bnf.fr/iiif/presentation/v3/ark:/12148/bd6t5566243/manifest.json'
For more information check: https://developer.mozilla.org/en-US/docs/Web/HTTP/Status/403",2026-07-17T16:16:53.567366
humanite,bd6t556625f,,failed,0,0,,http_manifest,known,403,manifest,"Client error '403 ' for url 'https://openapiproext.bnf.fr/iiif/presentation/v3/ark:/12148/bd6t556625f/manifest.json'
For more information check: https://developer.mozilla.org/en-US/docs/Web/HTTP/Status/403",2026-07-17T16:16:54.768609
humanite,bd6t556626s,,failed,0,0,,http_manifest,known,403,manifest,"Client error '403 ' for url 'https://openapiproext.bnf.fr/iiif/presentation/v3/ark:/12148/bd6t556626s/manifest.json'
For more information check: https://developer.mozilla.org/en-US/docs/Web/HTTP/Status/403",2026-07-17T16:16:55.990314
humanite,bd6t5566274,,failed,0,0,,http_manifest,known,403,manifest,"Client error '403 ' for url 'https://openapiproext.bnf.fr/iiif/presentation/v3/ark:/12148/bd6t5566274/manifest.json'
For more information check: https://developer.mozilla.org/en-US/docs/Web/HTTP/Status/403",2026-07-17T16:16:57.169430
humanite,bd6t556628g,,failed,0,0,,http_manifest,known,403,manifest,"Client error '403 ' for url 'https://openapiproext.bnf.fr/iiif/presentation/v3/ark:/12148/bd6t556628g/manifest.json'
For more information check: https://developer.mozilla.org/en-US/docs/Web/HTTP/Status/403",2026-07-17T16:16:58.376430
humanite,bd6t5566301,,failed,0,0,,http_manifest,known,403,manifest,"Client error '403 ' for url 'https://openapiproext.bnf.fr/iiif/presentation/v3/ark:/12148/bd6t5566301/manifest.json'
For more information check: https://developer.mozilla.org/en-US/docs/Web/HTTP/Status/403",2026-07-17T16:16:59.749878
humanite,bd6t556629t,,failed,0,0,,http_manifest,known,403,manifest,"Client error '403 ' for url 'https://openapiproext.bnf.fr/iiif/presentation/v3/ark:/12148/bd6t556629t/manifest.json'
For more information check: https://developer.mozilla.org/en-US/docs/Web/HTTP/Status/403",2026-07-17T16:17:00.780945
humanite,bd6t556631c,,failed,0,0,,http_manifest,known,403,manifest,"Client error '403 ' for url 'https://openapiproext.bnf.fr/iiif/presentation/v3/ark:/12148/bd6t556631c/manifest.json'
For more information check: https://developer.mozilla.org/en-US/docs/Web/HTTP/Status/403",2026-07-17T16:17:02.113299
humanite,bd6t5552551,,failed,0,0,,http_manifest,known,403,manifest,"Client error '403 ' for url 'https://openapiproext.bnf.fr/iiif/presentation/v3/ark:/12148/bd6t5552551/manifest.json'
For more information check: https://developer.mozilla.org/en-US/docs/Web/HTTP/Status/403",2026-07-17T16:17:03.180025
humanite,bd6t555254p,,failed,0,0,,http_manifest,known,403,manifest,"Client error '403 ' for url 'https://openapiproext.bnf.fr/iiif/presentation/v3/ark:/12148/bd6t555254p/manifest.json'
For more information check: https://developer.mozilla.org/en-US/docs/Web/HTTP/Status/403",2026-07-17T16:17:04.621600
humanite,bd6t555256c,,failed,0,0,,http_manifest,known,403,manifest,"Client error '403 ' for url 'https://openapiproext.bnf.fr/iiif/presentation/v3/ark:/12148/bd6t555256c/manifest.json'
For more information check: https://developer.mozilla.org/en-US/docs/Web/HTTP/Status/403",2026-07-17T16:17:05.782266
humanite,bd6t555257q,,failed,0,0,,http_manifest,known,403,manifest,"Client error '403 ' for url 'https://openapiproext.bnf.fr/iiif/presentation/v3/ark:/12148/bd6t555257q/manifest.json'
For more information check: https://developer.mozilla.org/en-US/docs/Web/HTTP/Status/403",2026-07-17T16:17:07.035822
humanite,bd6t5552582,,failed,0,0,,http_manifest,known,403,manifest,"Client error '403 ' for url 'https://openapiproext.bnf.fr/iiif/presentation/v3/ark:/12148/bd6t5552582/manifest.json'
For more information check: https://developer.mozilla.org/en-US/docs/Web/HTTP/Status/403",2026-07-17T16:17:08.008423
humanite,bd6t555259d,,failed,0,0,,http_manifest,known,403,manifest,"Client error '403 ' for url 'https://openapiproext.bnf.fr/iiif/presentation/v3/ark:/12148/bd6t555259d/manifest.json'
For more information check: https://developer.mozilla.org/en-US/docs/Web/HTTP/Status/403",2026-07-17T16:17:09.191263
humanite,bd6t555260m,,failed,0,0,,http_manifest,known,403,manifest,"Client error '403 ' for url 'https://openapiproext.bnf.fr/iiif/presentation/v3/ark:/12148/bd6t555260m/manifest.json'
For more information check: https://developer.mozilla.org/en-US/docs/Web/HTTP/Status/403",2026-07-17T16:17:10.399947
humanite,bd6t555261z,,failed,0,0,,http_manifest,known,403,manifest,"Client error '403 ' for url 'https://openapiproext.bnf.fr/iiif/presentation/v3/ark:/12148/bd6t555261z/manifest.json'
For more information check: https://developer.mozilla.org/en-US/docs/Web/HTTP/Status/403",2026-07-17T16:17:11.835268
humanite,bd6t5552629,,failed,0,0,,http_manifest,known,403,manifest,"Client error '403 ' for url 'https://openapiproext.bnf.fr/iiif/presentation/v3/ark:/12148/bd6t5552629/manifest.json'
For more information check: https://developer.mozilla.org/en-US/docs/Web/HTTP/Status/403",2026-07-17T16:17:12.857483
humanite,bd6t555263n,,failed,0,0,,http_manifest,known,403,manifest,"Client error '403 ' for url 'https://openapiproext.bnf.fr/iiif/presentation/v3/ark:/12148/bd6t555263n/manifest.json'
For more information check: https://developer.mozilla.org/en-US/docs/Web/HTTP/Status/403",2026-07-17T16:17:13.991159
humanite,bd6t5552640,,failed,0,0,,http_manifest,known,403,manifest,"Client error '403 ' for url 'https://openapiproext.bnf.fr/iiif/presentation/v3/ark:/12148/bd6t5552640/manifest.json'
For more information check: https://developer.mozilla.org/en-US/docs/Web/HTTP/Status/403",2026-07-17T16:17:15.215232
humanite,bd6t555265b,,failed,0,0,,http_manifest,known,403,manifest,"Client error '403 ' for url 'https://openapiproext.bnf.fr/iiif/presentation/v3/ark:/12148/bd6t555265b/manifest.json'
For more information check: https://developer.mozilla.org/en-US/docs/Web/HTTP/Status/403",2026-07-17T16:17:16.398454
humanite,bd6t555266p,,failed,0,0,,http_manifest,known,403,manifest,"Client error '403 ' for url 'https://openapiproext.bnf.fr/iiif/presentation/v3/ark:/12148/bd6t555266p/manifest.json'
For more information check: https://developer.mozilla.org/en-US/docs/Web/HTTP/Status/403",2026-07-17T16:17:17.604052
humanite,bd6t5552671,,failed,0,0,,http_manifest,known,403,manifest,"Client error '403 ' for url 'https://openapiproext.bnf.fr/iiif/presentation/v3/ark:/12148/bd6t5552671/manifest.json'
For more information check: https://developer.mozilla.org/en-US/docs/Web/HTTP/Status/403",2026-07-17T16:17:18.926778
humanite,bd6t555268c,,failed,0,0,,http_manifest,known,403,manifest,"Client error '403 ' for url 'https://openapiproext.bnf.fr/iiif/presentation/v3/ark:/12148/bd6t555268c/manifest.json'
For more information check: https://developer.mozilla.org/en-US/docs/Web/HTTP/Status/403",2026-07-17T16:17:20.037551
humanite,bd6t555269q,,failed,0,0,,http_manifest,known,403,manifest,"Client error '403 ' for url 'https://openapiproext.bnf.fr/iiif/presentation/v3/ark:/12148/bd6t555269q/manifest.json'
For more information check: https://developer.mozilla.org/en-US/docs/Web/HTTP/Status/403",2026-07-17T16:17:21.201943
humanite,bd6t555270x,,failed,0,0,,http_manifest,known,403,manifest,"Client error '403 ' for url 'https://openapiproext.bnf.fr/iiif/presentation/v3/ark:/12148/bd6t555270x/manifest.json'
For more information check: https://developer.mozilla.org/en-US/docs/Web/HTTP/Status/403",2026-07-17T16:17:22.410216
humanite,bd6t5552718,,failed,0,0,,http_manifest,known,403,manifest,"Client error '403 ' for url 'https://openapiproext.bnf.fr/iiif/presentation/v3/ark:/12148/bd6t5552718/manifest.json'
For more information check: https://developer.mozilla.org/en-US/docs/Web/HTTP/Status/403",2026-07-17T16:17:23.602289
humanite,bd6t555272m,,failed,0,0,,http_manifest,known,403,manifest,"Client error '403 ' for url 'https://openapiproext.bnf.fr/iiif/presentation/v3/ark:/12148/bd6t555272m/manifest.json'
For more information check: https://developer.mozilla.org/en-US/docs/Web/HTTP/Status/403",2026-07-17T16:17:24.805967
humanite,bd6t555273z,,failed,0,0,,http_manifest,known,403,manifest,"Client error '403 ' for url 'https://openapiproext.bnf.fr/iiif/presentation/v3/ark:/12148/bd6t555273z/manifest.json'
For more information check: https://developer.mozilla.org/en-US/docs/Web/HTTP/Status/403",2026-07-17T16:17:26.027591
humanite,bd6t5552749,,failed,0,0,,http_manifest,known,403,manifest,"Client error '403 ' for url 'https://openapiproext.bnf.fr/iiif/presentation/v3/ark:/12148/bd6t5552749/manifest.json'
For more information check: https://developer.mozilla.org/en-US/docs/Web/HTTP/Status/403",2026-07-17T16:17:27.210027
humanite,bd6t555275n,,failed,0,0,,http_manifest,known,403,manifest,"Client error '403 ' for url 'https://openapiproext.bnf.fr/iiif/presentation/v3/ark:/12148/bd6t555275n/manifest.json'
For more information check: https://developer.mozilla.org/en-US/docs/Web/HTTP/Status/403",2026-07-17T16:17:28.412352
humanite,bd6t5552760,,failed,0,0,,http_manifest,known,403,manifest,"Client error '403 ' for url 'https://openapiproext.bnf.fr/iiif/presentation/v3/ark:/12148/bd6t5552760/manifest.json'
For more information check: https://developer.mozilla.org/en-US/docs/Web/HTTP/Status/403",2026-07-17T16:17:29.614290
humanite,bd6t555277b,,failed,0,0,,http_manifest,known,403,manifest,"Client error '403 ' for url 'https://openapiproext.bnf.fr/iiif/presentation/v3/ark:/12148/bd6t555277b/manifest.json'
For more information check: https://developer.mozilla.org/en-US/docs/Web/HTTP/Status/403",2026-07-17T16:17:30.820933
humanite,bd6t555278p,,failed,0,0,,http_manifest,known,403,manifest,"Client error '403 ' for url 'https://openapiproext.bnf.fr/iiif/presentation/v3/ark:/12148/bd6t555278p/manifest.json'
For more information check: https://developer.mozilla.org/en-US/docs/Web/HTTP/Status/403",2026-07-17T16:17:32.022428
humanite,bd6t5552791,,failed,0,0,,http_manifest,known,403,manifest,"Client error '403 ' for url 'https://openapiproext.bnf.fr/iiif/presentation/v3/ark:/12148/bd6t5552791/manifest.json'
For more information check: https://developer.mozilla.org/en-US/docs/Web/HTTP/Status/403",2026-07-17T16:17:33.220868
humanite,bd6t5552807,,failed,0,0,,http_manifest,known,403,manifest,"Client error '403 ' for url 'https://openapiproext.bnf.fr/iiif/presentation/v3/ark:/12148/bd6t5552807/manifest.json'
For more information check: https://developer.mozilla.org/en-US/docs/Web/HTTP/Status/403",2026-07-17T16:17:34.417855
humanite,bd6t555281k,,failed,0,0,,http_manifest,known,403,manifest,"Client error '403 ' for url 'https://openapiproext.bnf.fr/iiif/presentation/v3/ark:/12148/bd6t555281k/manifest.json'
For more information check: https://developer.mozilla.org/en-US/docs/Web/HTTP/Status/403",2026-07-17T16:17:35.626095
humanite,bd6t5552838,,failed,0,0,,http_manifest,known,403,manifest,"Client error '403 ' for url 'https://openapiproext.bnf.fr/iiif/presentation/v3/ark:/12148/bd6t5552838/manifest.json'
For more information check: https://developer.mozilla.org/en-US/docs/Web/HTTP/Status/403",2026-07-17T16:17:36.850115
humanite,bd6t555282x,,failed,0,0,,http_manifest,known,403,manifest,"Client error '403 ' for url 'https://openapiproext.bnf.fr/iiif/presentation/v3/ark:/12148/bd6t555282x/manifest.json'
For more information check: https://developer.mozilla.org/en-US/docs/Web/HTTP/Status/403",2026-07-17T16:17:38.045574
humanite,bd6t555284m,,failed,0,0,,http_manifest,known,403,manifest,"Client error '403 ' for url 'https://openapiproext.bnf.fr/iiif/presentation/v3/ark:/12148/bd6t555284m/manifest.json'
For more information check: https://developer.mozilla.org/en-US/docs/Web/HTTP/Status/403",2026-07-17T16:17:39.223168
humanite,bd6t555285z,,failed,0,0,,http_manifest,known,403,manifest,"Client error '403 ' for url 'https://openapiproext.bnf.fr/iiif/presentation/v3/ark:/12148/bd6t555285z/manifest.json'
For more information check: https://developer.mozilla.org/en-US/docs/Web/HTTP/Status/403",2026-07-17T16:17:40.430695
humanite,bd6t5552869,,failed,0,0,,http_manifest,known,403,manifest,"Client error '403 ' for url 'https://openapiproext.bnf.fr/iiif/presentation/v3/ark:/12148/bd6t5552869/manifest.json'
For more information check: https://developer.mozilla.org/en-US/docs/Web/HTTP/Status/403",2026-07-17T16:17:41.628076
humanite,bd6t555287n,,failed,0,0,,http_manifest,known,403,manifest,"Client error '403 ' for url 'https://openapiproext.bnf.fr/iiif/presentation/v3/ark:/12148/bd6t555287n/manifest.json'
For more information check: https://developer.mozilla.org/en-US/docs/Web/HTTP/Status/403",2026-07-17T16:17:42.830699
humanite,bd6t5552880,,failed,0,0,,http_manifest,known,403,manifest,"Client error '403 ' for url 'https://openapiproext.bnf.fr/iiif/presentation/v3/ark:/12148/bd6t5552880/manifest.json'
For more information check: https://developer.mozilla.org/en-US/docs/Web/HTTP/Status/403",2026-07-17T16:17:44.037430
humanite,bd6t555289b,,failed,0,0,,http_manifest,known,403,manifest,"Client error '403 ' for url 'https://openapiproext.bnf.fr/iiif/presentation/v3/ark:/12148/bd6t555289b/manifest.json'
For more information check: https://developer.mozilla.org/en-US/docs/Web/HTTP/Status/403",2026-07-17T16:17:45.235932
humanite,bd6t555290j,,failed,0,0,,http_manifest,known,403,manifest,"Client error '403 ' for url 'https://openapiproext.bnf.fr/iiif/presentation/v3/ark:/12148/bd6t555290j/manifest.json'
For more information check: https://developer.mozilla.org/en-US/docs/Web/HTTP/Status/403",2026-07-17T16:17:46.437325
humanite,bd6t555291w,,failed,0,0,,http_manifest,known,403,manifest,"Client error '403 ' for url 'https://openapiproext.bnf.fr/iiif/presentation/v3/ark:/12148/bd6t555291w/manifest.json'
For more information check: https://developer.mozilla.org/en-US/docs/Web/HTTP/Status/403",2026-07-17T16:17:47.637163
humanite,bd6t5552927,,failed,0,0,,http_manifest,known,403,manifest,"Client error '403 ' for url 'https://openapiproext.bnf.fr/iiif/presentation/v3/ark:/12148/bd6t5552927/manifest.json'
For more information check: https://developer.mozilla.org/en-US/docs/Web/HTTP/Status/403",2026-07-17T16:17:48.840470
humanite,bd6t555293k,,failed,0,0,,http_manifest,known,403,manifest,"Client error '403 ' for url 'https://openapiproext.bnf.fr/iiif/presentation/v3/ark:/12148/bd6t555293k/manifest.json'
For more information check: https://developer.mozilla.org/en-US/docs/Web/HTTP/Status/403",2026-07-17T16:17:50.071944
humanite,bd6t555294x,,failed,0,0,,http_manifest,known,403,manifest,"Client error '403 ' for url 'https://openapiproext.bnf.fr/iiif/presentation/v3/ark:/12148/bd6t555294x/manifest.json'
For more information check: https://developer.mozilla.org/en-US/docs/Web/HTTP/Status/403",2026-07-17T16:17:51.239747
humanite,bd6t5552958,,failed,0,0,,http_manifest,known,403,manifest,"Client error '403 ' for url 'https://openapiproext.bnf.fr/iiif/presentation/v3/ark:/12148/bd6t5552958/manifest.json'
For more information check: https://developer.mozilla.org/en-US/docs/Web/HTTP/Status/403",2026-07-17T16:17:52.443223
humanite,bd6t555296m,,failed,0,0,,http_manifest,known,403,manifest,"Client error '403 ' for url 'https://openapiproext.bnf.fr/iiif/presentation/v3/ark:/12148/bd6t555296m/manifest.json'
For more information check: https://developer.mozilla.org/en-US/docs/Web/HTTP/Status/403",2026-07-17T16:17:53.646737
humanite,bd6t555297z,,failed,0,0,,http_manifest,known,403,manifest,"Client error '403 ' for url 'https://openapiproext.bnf.fr/iiif/presentation/v3/ark:/12148/bd6t555297z/manifest.json'
For more information check: https://developer.mozilla.org/en-US/docs/Web/HTTP/Status/403",2026-07-17T16:17:54.841922
humanite,bd6t555299n,,failed,0,0,,http_manifest,known,403,manifest,"Client error '403 ' for url 'https://openapiproext.bnf.fr/iiif/presentation/v3/ark:/12148/bd6t555299n/manifest.json'
For more information check: https://developer.mozilla.org/en-US/docs/Web/HTTP/Status/403",2026-07-17T16:17:56.063688
humanite,bd6t5552989,,failed,0,0,,http_manifest,known,403,manifest,"Client error '403 ' for url 'https://openapiproext.bnf.fr/iiif/presentation/v3/ark:/12148/bd6t5552989/manifest.json'
For more information check: https://developer.mozilla.org/en-US/docs/Web/HTTP/Status/403",2026-07-17T16:17:57.249914
humanite,bd6t5553001,,failed,0,0,,http_manifest,known,403,manifest,"Client error '403 ' for url 'https://openapiproext.bnf.fr/iiif/presentation/v3/ark:/12148/bd6t5553001/manifest.json'
For more information check: https://developer.mozilla.org/en-US/docs/Web/HTTP/Status/403",2026-07-17T16:17:58.579474
humanite,bd6t555301c,,failed,0,0,,http_manifest,known,403,manifest,"Client error '403 ' for url 'https://openapiproext.bnf.fr/iiif/presentation/v3/ark:/12148/bd6t555301c/manifest.json'
For more information check: https://developer.mozilla.org/en-US/docs/Web/HTTP/Status/403",2026-07-17T16:17:59.865311
humanite,bd6t555302q,,failed,0,0,,http_manifest,known,403,manifest,"Client error '403 ' for url 'https://openapiproext.bnf.fr/iiif/presentation/v3/ark:/12148/bd6t555302q/manifest.json'
For more information check: https://developer.mozilla.org/en-US/docs/Web/HTTP/Status/403",2026-07-17T16:18:00.850613
humanite,bd6t5553032,,failed,0,0,,http_manifest,known,403,manifest,"Client error '403 ' for url 'https://openapiproext.bnf.fr/iiif/presentation/v3/ark:/12148/bd6t5553032/manifest.json'
For more information check: https://developer.mozilla.org/en-US/docs/Web/HTTP/Status/403",2026-07-17T16:18:02.173301
humanite,bd6t555304d,,failed,0,0,,http_manifest,known,403,manifest,"Client error '403 ' for url 'https://openapiproext.bnf.fr/iiif/presentation/v3/ark:/12148/bd6t555304d/manifest.json'
For more information check: https://developer.mozilla.org/en-US/docs/Web/HTTP/Status/403",2026-07-17T16:18:03.498061
humanite,bd6t555305r,,failed,0,0,,http_manifest,known,403,manifest,"Client error '403 ' for url 'https://openapiproext.bnf.fr/iiif/presentation/v3/ark:/12148/bd6t555305r/manifest.json'
For more information check: https://developer.mozilla.org/en-US/docs/Web/HTTP/Status/403",2026-07-17T16:18:04.638805
humanite,bd6t5553063,,failed,0,0,,http_manifest,known,403,manifest,"Client error '403 ' for url 'https://openapiproext.bnf.fr/iiif/presentation/v3/ark:/12148/bd6t5553063/manifest.json'
For more information check: https://developer.mozilla.org/en-US/docs/Web/HTTP/Status/403",2026-07-17T16:18:05.835698
humanite,bd6t555307f,,failed,0,0,,http_manifest,known,403,manifest,"Client error '403 ' for url 'https://openapiproext.bnf.fr/iiif/presentation/v3/ark:/12148/bd6t555307f/manifest.json'
For more information check: https://developer.mozilla.org/en-US/docs/Web/HTTP/Status/403",2026-07-17T16:18:07.050872
humanite,bd6t555308s,,failed,0,0,,http_manifest,known,403,manifest,"Client error '403 ' for url 'https://openapiproext.bnf.fr/iiif/presentation/v3/ark:/12148/bd6t555308s/manifest.json'
For more information check: https://developer.mozilla.org/en-US/docs/Web/HTTP/Status/403",2026-07-17T16:18:08.086638
humanite,bd6t5553094,,failed,0,0,,http_manifest,known,403,manifest,"Client error '403 ' for url 'https://openapiproext.bnf.fr/iiif/presentation/v3/ark:/12148/bd6t5553094/manifest.json'
For more information check: https://developer.mozilla.org/en-US/docs/Web/HTTP/Status/403",2026-07-17T16:18:09.267295
humanite,bd6t555310b,,failed,0,0,,http_manifest,known,403,manifest,"Client error '403 ' for url 'https://openapiproext.bnf.fr/iiif/presentation/v3/ark:/12148/bd6t555310b/manifest.json'
For more information check: https://developer.mozilla.org/en-US/docs/Web/HTTP/Status/403",2026-07-17T16:18:10.467742
humanite,bd6t555311p,,failed,0,0,,http_manifest,known,403,manifest,"Client error '403 ' for url 'https://openapiproext.bnf.fr/iiif/presentation/v3/ark:/12148/bd6t555311p/manifest.json'
For more information check: https://developer.mozilla.org/en-US/docs/Web/HTTP/Status/403",2026-07-17T16:18:11.668706
humanite,bd6t5553121,,failed,0,0,,http_manifest,known,403,manifest,"Client error '403 ' for url 'https://openapiproext.bnf.fr/iiif/presentation/v3/ark:/12148/bd6t5553121/manifest.json'
For more information check: https://developer.mozilla.org/en-US/docs/Web/HTTP/Status/403",2026-07-17T16:18:12.876062
humanite,bd6t555313c,,failed,0,0,,http_manifest,known,403,manifest,"Client error '403 ' for url 'https://openapiproext.bnf.fr/iiif/presentation/v3/ark:/12148/bd6t555313c/manifest.json'
For more information check: https://developer.mozilla.org/en-US/docs/Web/HTTP/Status/403",2026-07-17T16:18:14.070970
humanite,bd6t555314q,,failed,0,0,,http_manifest,known,403,manifest,"Client error '403 ' for url 'https://openapiproext.bnf.fr/iiif/presentation/v3/ark:/12148/bd6t555314q/manifest.json'
For more information check: https://developer.mozilla.org/en-US/docs/Web/HTTP/Status/403",2026-07-17T16:18:15.275056
humanite,bd6t5553152,,failed,0,0,,http_manifest,known,403,manifest,"Client error '403 ' for url 'https://openapiproext.bnf.fr/iiif/presentation/v3/ark:/12148/bd6t5553152/manifest.json'
For more information check: https://developer.mozilla.org/en-US/docs/Web/HTTP/Status/403",2026-07-17T16:18:16.477854
humanite,bd6t555317r,,failed,0,0,,http_manifest,known,403,manifest,"Client error '403 ' for url 'https://openapiproext.bnf.fr/iiif/presentation/v3/ark:/12148/bd6t555317r/manifest.json'
For more information check: https://developer.mozilla.org/en-US/docs/Web/HTTP/Status/403",2026-07-17T16:18:17.686874
humanite,bd6t555316d,,failed,0,0,,http_manifest,known,403,manifest,"Client error '403 ' for url 'https://openapiproext.bnf.fr/iiif/presentation/v3/ark:/12148/bd6t555316d/manifest.json'
For more information check: https://developer.mozilla.org/en-US/docs/Web/HTTP/Status/403",2026-07-17T16:18:18.883796
humanite,bd6t5553183,,failed,0,0,,http_manifest,known,403,manifest,"Client error '403 ' for url 'https://openapiproext.bnf.fr/iiif/presentation/v3/ark:/12148/bd6t5553183/manifest.json'
For more information check: https://developer.mozilla.org/en-US/docs/Web/HTTP/Status/403",2026-07-17T16:18:20.113945
humanite,bd6t555319f,,failed,0,0,,http_manifest,known,403,manifest,"Client error '403 ' for url 'https://openapiproext.bnf.fr/iiif/presentation/v3/ark:/12148/bd6t555319f/manifest.json'
For more information check: https://developer.mozilla.org/en-US/docs/Web/HTTP/Status/403",2026-07-17T16:18:21.284558
humanite,bd6t555320n,,failed,0,0,,http_manifest,known,403,manifest,"Client error '403 ' for url 'https://openapiproext.bnf.fr/iiif/presentation/v3/ark:/12148/bd6t555320n/manifest.json'
For more information check: https://developer.mozilla.org/en-US/docs/Web/HTTP/Status/403",2026-07-17T16:18:22.486493
humanite,bd6t5553210,,failed,0,0,,http_manifest,known,403,manifest,"Client error '403 ' for url 'https://openapiproext.bnf.fr/iiif/presentation/v3/ark:/12148/bd6t5553210/manifest.json'
For more information check: https://developer.mozilla.org/en-US/docs/Web/HTTP/Status/403",2026-07-17T16:18:23.682439
humanite,bd6t555322b,,failed,0,0,,http_manifest,known,403,manifest,"Client error '403 ' for url 'https://openapiproext.bnf.fr/iiif/presentation/v3/ark:/12148/bd6t555322b/manifest.json'
For more information check: https://developer.mozilla.org/en-US/docs/Web/HTTP/Status/403",2026-07-17T16:18:24.886823
humanite,bd6t5553241,,failed,0,0,,http_manifest,known,403,manifest,"Client error '403 ' for url 'https://openapiproext.bnf.fr/iiif/presentation/v3/ark:/12148/bd6t5553241/manifest.json'
For more information check: https://developer.mozilla.org/en-US/docs/Web/HTTP/Status/403",2026-07-17T16:18:26.100848
humanite,bd6t555323p,,failed,0,0,,http_manifest,known,403,manifest,"Client error '403 ' for url 'https://openapiproext.bnf.fr/iiif/presentation/v3/ark:/12148/bd6t555323p/manifest.json'
For more information check: https://developer.mozilla.org/en-US/docs/Web/HTTP/Status/403",2026-07-17T16:18:27.287945
humanite,bd6t555325c,,failed,0,0,,http_manifest,known,403,manifest,"Client error '403 ' for url 'https://openapiproext.bnf.fr/iiif/presentation/v3/ark:/12148/bd6t555325c/manifest.json'
For more information check: https://developer.mozilla.org/en-US/docs/Web/HTTP/Status/403",2026-07-17T16:18:28.498262
humanite,bd6t555326q,,failed,0,0,,http_manifest,known,403,manifest,"Client error '403 ' for url 'https://openapiproext.bnf.fr/iiif/presentation/v3/ark:/12148/bd6t555326q/manifest.json'
For more information check: https://developer.mozilla.org/en-US/docs/Web/HTTP/Status/403",2026-07-17T16:18:29.685362
humanite,bd6t5553272,,failed,0,0,,http_manifest,known,403,manifest,"Client error '403 ' for url 'https://openapiproext.bnf.fr/iiif/presentation/v3/ark:/12148/bd6t5553272/manifest.json'
For more information check: https://developer.mozilla.org/en-US/docs/Web/HTTP/Status/403",2026-07-17T16:18:30.894739
humanite,bd6t555328d,,failed,0,0,,http_manifest,known,403,manifest,"Client error '403 ' for url 'https://openapiproext.bnf.fr/iiif/presentation/v3/ark:/12148/bd6t555328d/manifest.json'
For more information check: https://developer.mozilla.org/en-US/docs/Web/HTTP/Status/403",2026-07-17T16:18:32.096555
humanite,bd6t555329r,,failed,0,0,,http_manifest,known,403,manifest,"Client error '403 ' for url 'https://openapiproext.bnf.fr/iiif/presentation/v3/ark:/12148/bd6t555329r/manifest.json'
For more information check: https://developer.mozilla.org/en-US/docs/Web/HTTP/Status/403",2026-07-17T16:18:33.314918
humanite,bd6t555330z,,failed,0,0,,http_manifest,known,403,manifest,"Client error '403 ' for url 'https://openapiproext.bnf.fr/iiif/presentation/v3/ark:/12148/bd6t555330z/manifest.json'
For more information check: https://developer.mozilla.org/en-US/docs/Web/HTTP/Status/403",2026-07-17T16:18:34.497592
humanite,bd6t5553319,,failed,0,0,,http_manifest,known,403,manifest,"Client error '403 ' for url 'https://openapiproext.bnf.fr/iiif/presentation/v3/ark:/12148/bd6t5553319/manifest.json'
For more information check: https://developer.mozilla.org/en-US/docs/Web/HTTP/Status/403",2026-07-17T16:18:35.727288
humanite,bd6t555332n,,failed,0,0,,http_manifest,known,403,manifest,"Client error '403 ' for url 'https://openapiproext.bnf.fr/iiif/presentation/v3/ark:/12148/bd6t555332n/manifest.json'
For more information check: https://developer.mozilla.org/en-US/docs/Web/HTTP/Status/403",2026-07-17T16:18:36.907254
humanite,bd6t5553330,,failed,0,0,,http_manifest,known,403,manifest,"Client error '403 ' for url 'https://openapiproext.bnf.fr/iiif/presentation/v3/ark:/12148/bd6t5553330/manifest.json'
For more information check: https://developer.mozilla.org/en-US/docs/Web/HTTP/Status/403",2026-07-17T16:18:38.131637
humanite,bd6t555334b,,failed,0,0,,http_manifest,known,403,manifest,"Client error '403 ' for url 'https://openapiproext.bnf.fr/iiif/presentation/v3/ark:/12148/bd6t555334b/manifest.json'
For more information check: https://developer.mozilla.org/en-US/docs/Web/HTTP/Status/403",2026-07-17T16:18:39.313580
humanite,bd6t555335p,,failed,0,0,,http_manifest,known,403,manifest,"Client error '403 ' for url 'https://openapiproext.bnf.fr/iiif/presentation/v3/ark:/12148/bd6t555335p/manifest.json'
For more information check: https://developer.mozilla.org/en-US/docs/Web/HTTP/Status/403",2026-07-17T16:18:40.513582
humanite,bd6t5553361,,failed,0,0,,http_manifest,known,403,manifest,"Client error '403 ' for url 'https://openapiproext.bnf.fr/iiif/presentation/v3/ark:/12148/bd6t5553361/manifest.json'
For more information check: https://developer.mozilla.org/en-US/docs/Web/HTTP/Status/403",2026-07-17T16:18:41.715962
humanite,bd6t555337c,,failed,0,0,,http_manifest,known,403,manifest,"Client error '403 ' for url 'https://openapiproext.bnf.fr/iiif/presentation/v3/ark:/12148/bd6t555337c/manifest.json'
For more information check: https://developer.mozilla.org/en-US/docs/Web/HTTP/Status/403",2026-07-17T16:18:42.921256
humanite,bd6t555338q,,failed,0,0,,http_manifest,known,403,manifest,"Client error '403 ' for url 'https://openapiproext.bnf.fr/iiif/presentation/v3/ark:/12148/bd6t555338q/manifest.json'
For more information check: https://developer.mozilla.org/en-US/docs/Web/HTTP/Status/403",2026-07-17T16:18:44.118844
humanite,bd6t5553392,,failed,0,0,,http_manifest,known,403,manifest,"Client error '403 ' for url 'https://openapiproext.bnf.fr/iiif/presentation/v3/ark:/12148/bd6t5553392/manifest.json'
For more information check: https://developer.mozilla.org/en-US/docs/Web/HTTP/Status/403",2026-07-17T16:18:45.570261
humanite,bd6t5551741,,failed,0,0,,http_manifest,known,403,manifest,"Client error '403 ' for url 'https://openapiproext.bnf.fr/iiif/presentation/v3/ark:/12148/bd6t5551741/manifest.json'
For more information check: https://developer.mozilla.org/en-US/docs/Web/HTTP/Status/403",2026-07-17T16:18:46.514129
humanite,bd6t555175c,,failed,0,0,,http_manifest,known,403,manifest,"Client error '403 ' for url 'https://openapiproext.bnf.fr/iiif/presentation/v3/ark:/12148/bd6t555175c/manifest.json'
For more information check: https://developer.mozilla.org/en-US/docs/Web/HTTP/Status/403",2026-07-17T16:18:47.712415
humanite,bd6t555176q,,failed,0,0,,http_manifest,known,403,manifest,"Client error '403 ' for url 'https://openapiproext.bnf.fr/iiif/presentation/v3/ark:/12148/bd6t555176q/manifest.json'
For more information check: https://developer.mozilla.org/en-US/docs/Web/HTTP/Status/403",2026-07-17T16:18:48.915830
humanite,bd6t5551772,,failed,0,0,,http_manifest,known,403,manifest,"Client error '403 ' for url 'https://openapiproext.bnf.fr/iiif/presentation/v3/ark:/12148/bd6t5551772/manifest.json'
For more information check: https://developer.mozilla.org/en-US/docs/Web/HTTP/Status/403",2026-07-17T16:18:50.145450
humanite,bd6t555178d,,failed,0,0,,http_manifest,known,403,manifest,"Client error '403 ' for url 'https://openapiproext.bnf.fr/iiif/presentation/v3/ark:/12148/bd6t555178d/manifest.json'
For more information check: https://developer.mozilla.org/en-US/docs/Web/HTTP/Status/403",2026-07-17T16:18:51.321676
humanite,bd6t555179r,,failed,0,0,,http_manifest,known,403,manifest,"Client error '403 ' for url 'https://openapiproext.bnf.fr/iiif/presentation/v3/ark:/12148/bd6t555179r/manifest.json'
For more information check: https://developer.mozilla.org/en-US/docs/Web/HTTP/Status/403",2026-07-17T16:18:52.527002
humanite,bd6t555180z,,failed,0,0,,http_manifest,known,403,manifest,"Client error '403 ' for url 'https://openapiproext.bnf.fr/iiif/presentation/v3/ark:/12148/bd6t555180z/manifest.json'
For more information check: https://developer.mozilla.org/en-US/docs/Web/HTTP/Status/403",2026-07-17T16:18:53.726022
humanite,bd6t5551819,,failed,0,0,,http_manifest,known,403,manifest,"Client error '403 ' for url 'https://openapiproext.bnf.fr/iiif/presentation/v3/ark:/12148/bd6t5551819/manifest.json'
For more information check: https://developer.mozilla.org/en-US/docs/Web/HTTP/Status/403",2026-07-17T16:18:54.930491
humanite,bd6t555182n,,failed,0,0,,http_manifest,known,403,manifest,"Client error '403 ' for url 'https://openapiproext.bnf.fr/iiif/presentation/v3/ark:/12148/bd6t555182n/manifest.json'
For more information check: https://developer.mozilla.org/en-US/docs/Web/HTTP/Status/403",2026-07-17T16:18:56.153488
humanite,bd6t5551830,,failed,0,0,,http_manifest,known,403,manifest,"Client error '403 ' for url 'https://openapiproext.bnf.fr/iiif/presentation/v3/ark:/12148/bd6t5551830/manifest.json'
For more information check: https://developer.mozilla.org/en-US/docs/Web/HTTP/Status/403",2026-07-17T16:18:57.327240
humanite,bd6t555184b,,failed,0,0,,http_manifest,known,403,manifest,"Client error '403 ' for url 'https://openapiproext.bnf.fr/iiif/presentation/v3/ark:/12148/bd6t555184b/manifest.json'
For more information check: https://developer.mozilla.org/en-US/docs/Web/HTTP/Status/403",2026-07-17T16:18:58.540531
humanite,bd6t555185p,,failed,0,0,,http_manifest,known,403,manifest,"Client error '403 ' for url 'https://openapiproext.bnf.fr/iiif/presentation/v3/ark:/12148/bd6t555185p/manifest.json'
For more information check: https://developer.mozilla.org/en-US/docs/Web/HTTP/Status/403",2026-07-17T16:18:59.730707
humanite,bd6t5551861,,failed,0,0,,http_manifest,known,403,manifest,"Client error '403 ' for url 'https://openapiproext.bnf.fr/iiif/presentation/v3/ark:/12148/bd6t5551861/manifest.json'
For more information check: https://developer.mozilla.org/en-US/docs/Web/HTTP/Status/403",2026-07-17T16:19:00.942667
humanite,bd6t555187c,,failed,0,0,,http_manifest,known,403,manifest,"Client error '403 ' for url 'https://openapiproext.bnf.fr/iiif/presentation/v3/ark:/12148/bd6t555187c/manifest.json'
For more information check: https://developer.mozilla.org/en-US/docs/Web/HTTP/Status/403",2026-07-17T16:19:02.207161
humanite,bd6t555188q,,failed,0,0,,http_manifest,known,403,manifest,"Client error '403 ' for url 'https://openapiproext.bnf.fr/iiif/presentation/v3/ark:/12148/bd6t555188q/manifest.json'
For more information check: https://developer.mozilla.org/en-US/docs/Web/HTTP/Status/403",2026-07-17T16:19:03.337735
humanite,bd6t5551892,,failed,0,0,,http_manifest,known,403,manifest,"Client error '403 ' for url 'https://openapiproext.bnf.fr/iiif/presentation/v3/ark:/12148/bd6t5551892/manifest.json'
For more information check: https://developer.mozilla.org/en-US/docs/Web/HTTP/Status/403",2026-07-17T16:19:04.755556
humanite,bd6t5551908,,failed,0,0,,http_manifest,known,403,manifest,"Client error '403 ' for url 'https://openapiproext.bnf.fr/iiif/presentation/v3/ark:/12148/bd6t5551908/manifest.json'
For more information check: https://developer.mozilla.org/en-US/docs/Web/HTTP/Status/403",2026-07-17T16:19:05.873999
humanite,bd6t555191m,,failed,0,0,,http_manifest,known,403,manifest,"Client error '403 ' for url 'https://openapiproext.bnf.fr/iiif/presentation/v3/ark:/12148/bd6t555191m/manifest.json'
For more information check: https://developer.mozilla.org/en-US/docs/Web/HTTP/Status/403",2026-07-17T16:19:07.081383
humanite,bd6t555192z,,failed,0,0,,http_manifest,known,403,manifest,"Client error '403 ' for url 'https://openapiproext.bnf.fr/iiif/presentation/v3/ark:/12148/bd6t555192z/manifest.json'
For more information check: https://developer.mozilla.org/en-US/docs/Web/HTTP/Status/403",2026-07-17T16:19:08.173525
humanite,bd6t5551939,,failed,0,0,,http_manifest,known,403,manifest,"Client error '403 ' for url 'https://openapiproext.bnf.fr/iiif/presentation/v3/ark:/12148/bd6t5551939/manifest.json'
For more information check: https://developer.mozilla.org/en-US/docs/Web/HTTP/Status/403",2026-07-17T16:19:09.388980
humanite,bd6t555194n,,failed,0,0,,http_manifest,known,403,manifest,"Client error '403 ' for url 'https://openapiproext.bnf.fr/iiif/presentation/v3/ark:/12148/bd6t555194n/manifest.json'
For more information check: https://developer.mozilla.org/en-US/docs/Web/HTTP/Status/403",2026-07-17T16:19:10.700206
humanite,bd6t5551950,,failed,0,0,,http_manifest,known,403,manifest,"Client error '403 ' for url 'https://openapiproext.bnf.fr/iiif/presentation/v3/ark:/12148/bd6t5551950/manifest.json'
For more information check: https://developer.mozilla.org/en-US/docs/Web/HTTP/Status/403",2026-07-17T16:19:11.797698
humanite,bd6t555197p,,failed,0,0,,http_manifest,known,403,manifest,"Client error '403 ' for url 'https://openapiproext.bnf.fr/iiif/presentation/v3/ark:/12148/bd6t555197p/manifest.json'
For more information check: https://developer.mozilla.org/en-US/docs/Web/HTTP/Status/403",2026-07-17T16:19:13.179157
humanite,bd6t555196b,,failed,0,0,,http_manifest,known,403,manifest,"Client error '403 ' for url 'https://openapiproext.bnf.fr/iiif/presentation/v3/ark:/12148/bd6t555196b/manifest.json'
For more information check: https://developer.mozilla.org/en-US/docs/Web/HTTP/Status/403",2026-07-17T16:19:14.434347
humanite,bd6t5551981,,failed,0,0,,http_manifest,known,403,manifest,"Client error '403 ' for url 'https://openapiproext.bnf.fr/iiif/presentation/v3/ark:/12148/bd6t5551981/manifest.json'
For more information check: https://developer.mozilla.org/en-US/docs/Web/HTTP/Status/403",2026-07-17T16:19:15.416306
humanite,bd6t555199c,,failed,0,0,,http_manifest,known,403,manifest,"Client error '403 ' for url 'https://openapiproext.bnf.fr/iiif/presentation/v3/ark:/12148/bd6t555199c/manifest.json'
For more information check: https://developer.mozilla.org/en-US/docs/Web/HTTP/Status/403",2026-07-17T16:19:16.557917
humanite,bd6t555200r,,failed,0,0,,http_manifest,known,403,manifest,"Client error '403 ' for url 'https://openapiproext.bnf.fr/iiif/presentation/v3/ark:/12148/bd6t555200r/manifest.json'
For more information check: https://developer.mozilla.org/en-US/docs/Web/HTTP/Status/403",2026-07-17T16:19:17.841149
humanite,bd6t5552013,,failed,0,0,,http_manifest,known,403,manifest,"Client error '403 ' for url 'https://openapiproext.bnf.fr/iiif/presentation/v3/ark:/12148/bd6t5552013/manifest.json'
For more information check: https://developer.mozilla.org/en-US/docs/Web/HTTP/Status/403",2026-07-17T16:19:19.229617
humanite,bd6t555202f,,failed,0,0,,http_manifest,known,403,manifest,"Client error '403 ' for url 'https://openapiproext.bnf.fr/iiif/presentation/v3/ark:/12148/bd6t555202f/manifest.json'
For more information check: https://developer.mozilla.org/en-US/docs/Web/HTTP/Status/403",2026-07-17T16:19:20.158036
humanite,bd6t555203s,,failed,0,0,,http_manifest,known,403,manifest,"Client error '403 ' for url 'https://openapiproext.bnf.fr/iiif/presentation/v3/ark:/12148/bd6t555203s/manifest.json'
For more information check: https://developer.mozilla.org/en-US/docs/Web/HTTP/Status/403",2026-07-17T16:19:21.354895
humanite,bd6t5552044,,failed,0,0,,http_manifest,known,403,manifest,"Client error '403 ' for url 'https://openapiproext.bnf.fr/iiif/presentation/v3/ark:/12148/bd6t5552044/manifest.json'
For more information check: https://developer.mozilla.org/en-US/docs/Web/HTTP/Status/403",2026-07-17T16:19:22.558870
humanite,bd6t555205g,,failed,0,0,,http_manifest,known,403,manifest,"Client error '403 ' for url 'https://openapiproext.bnf.fr/iiif/presentation/v3/ark:/12148/bd6t555205g/manifest.json'
For more information check: https://developer.mozilla.org/en-US/docs/Web/HTTP/Status/403",2026-07-17T16:19:23.761531
humanite,bd6t555206t,,failed,0,0,,http_manifest,known,403,manifest,"Client error '403 ' for url 'https://openapiproext.bnf.fr/iiif/presentation/v3/ark:/12148/bd6t555206t/manifest.json'
For more information check: https://developer.mozilla.org/en-US/docs/Web/HTTP/Status/403",2026-07-17T16:19:24.964803
humanite,bd6t5552075,,failed,0,0,,http_manifest,known,403,manifest,"Client error '403 ' for url 'https://openapiproext.bnf.fr/iiif/presentation/v3/ark:/12148/bd6t5552075/manifest.json'
For more information check: https://developer.mozilla.org/en-US/docs/Web/HTTP/Status/403",2026-07-17T16:19:26.167986
humanite,bd6t555208h,,failed,0,0,,http_manifest,known,403,manifest,"Client error '403 ' for url 'https://openapiproext.bnf.fr/iiif/presentation/v3/ark:/12148/bd6t555208h/manifest.json'
For more information check: https://developer.mozilla.org/en-US/docs/Web/HTTP/Status/403",2026-07-17T16:19:27.366815
humanite,bd6t555209v,,failed,0,0,,http_manifest,known,403,manifest,"Client error '403 ' for url 'https://openapiproext.bnf.fr/iiif/presentation/v3/ark:/12148/bd6t555209v/manifest.json'
For more information check: https://developer.mozilla.org/en-US/docs/Web/HTTP/Status/403",2026-07-17T16:19:28.573111
humanite,bd6t5552102,,failed,0,0,,http_manifest,known,403,manifest,"Client error '403 ' for url 'https://openapiproext.bnf.fr/iiif/presentation/v3/ark:/12148/bd6t5552102/manifest.json'
For more information check: https://developer.mozilla.org/en-US/docs/Web/HTTP/Status/403",2026-07-17T16:19:29.769740
humanite,bd6t555211d,,failed,0,0,,http_manifest,known,403,manifest,"Client error '403 ' for url 'https://openapiproext.bnf.fr/iiif/presentation/v3/ark:/12148/bd6t555211d/manifest.json'
For more information check: https://developer.mozilla.org/en-US/docs/Web/HTTP/Status/403",2026-07-17T16:19:31.004386
humanite,bd6t555212r,,failed,0,0,,http_manifest,known,403,manifest,"Client error '403 ' for url 'https://openapiproext.bnf.fr/iiif/presentation/v3/ark:/12148/bd6t555212r/manifest.json'
For more information check: https://developer.mozilla.org/en-US/docs/Web/HTTP/Status/403",2026-07-17T16:19:32.179184
humanite,bd6t5552133,,failed,0,0,,http_manifest,known,403,manifest,"Client error '403 ' for url 'https://openapiproext.bnf.fr/iiif/presentation/v3/ark:/12148/bd6t5552133/manifest.json'
For more information check: https://developer.mozilla.org/en-US/docs/Web/HTTP/Status/403",2026-07-17T16:19:33.373662
humanite,bd6t555214f,,failed,0,0,,http_manifest,known,403,manifest,"Client error '403 ' for url 'https://openapiproext.bnf.fr/iiif/presentation/v3/ark:/12148/bd6t555214f/manifest.json'
For more information check: https://developer.mozilla.org/en-US/docs/Web/HTTP/Status/403",2026-07-17T16:19:34.572014
humanite,bd6t555215s,,failed,0,0,,http_manifest,known,403,manifest,"Client error '403 ' for url 'https://openapiproext.bnf.fr/iiif/presentation/v3/ark:/12148/bd6t555215s/manifest.json'
For more information check: https://developer.mozilla.org/en-US/docs/Web/HTTP/Status/403",2026-07-17T16:19:35.776151
humanite,bd6t5552164,,failed,0,0,,http_manifest,known,403,manifest,"Client error '403 ' for url 'https://openapiproext.bnf.fr/iiif/presentation/v3/ark:/12148/bd6t5552164/manifest.json'
For more information check: https://developer.mozilla.org/en-US/docs/Web/HTTP/Status/403",2026-07-17T16:19:37.002098
humanite,bd6t555217g,,failed,0,0,,http_manifest,known,403,manifest,"Client error '403 ' for url 'https://openapiproext.bnf.fr/iiif/presentation/v3/ark:/12148/bd6t555217g/manifest.json'
For more information check: https://developer.mozilla.org/en-US/docs/Web/HTTP/Status/403",2026-07-17T16:19:38.174279
humanite,bd6t555218t,,failed,0,0,,http_manifest,known,403,manifest,"Client error '403 ' for url 'https://openapiproext.bnf.fr/iiif/presentation/v3/ark:/12148/bd6t555218t/manifest.json'
For more information check: https://developer.mozilla.org/en-US/docs/Web/HTTP/Status/403",2026-07-17T16:19:39.382367
humanite,bd6t5552195,,failed,0,0,,http_manifest,known,403,manifest,"Client error '403 ' for url 'https://openapiproext.bnf.fr/iiif/presentation/v3/ark:/12148/bd6t5552195/manifest.json'
For more information check: https://developer.mozilla.org/en-US/docs/Web/HTTP/Status/403",2026-07-17T16:19:40.589822
humanite,bd6t555220c,,failed,0,0,,http_manifest,known,403,manifest,"Client error '403 ' for url 'https://openapiproext.bnf.fr/iiif/presentation/v3/ark:/12148/bd6t555220c/manifest.json'
For more information check: https://developer.mozilla.org/en-US/docs/Web/HTTP/Status/403",2026-07-17T16:19:41.788560
humanite,bd6t555221q,,failed,0,0,,http_manifest,known,403,manifest,"Client error '403 ' for url 'https://openapiproext.bnf.fr/iiif/presentation/v3/ark:/12148/bd6t555221q/manifest.json'
For more information check: https://developer.mozilla.org/en-US/docs/Web/HTTP/Status/403",2026-07-17T16:19:42.983044
humanite,bd6t5552222,,failed,0,0,,http_manifest,known,403,manifest,"Client error '403 ' for url 'https://openapiproext.bnf.fr/iiif/presentation/v3/ark:/12148/bd6t5552222/manifest.json'
For more information check: https://developer.mozilla.org/en-US/docs/Web/HTTP/Status/403",2026-07-17T16:19:44.189460
humanite,bd6t555223d,,failed,0,0,,http_manifest,known,403,manifest,"Client error '403 ' for url 'https://openapiproext.bnf.fr/iiif/presentation/v3/ark:/12148/bd6t555223d/manifest.json'
For more information check: https://developer.mozilla.org/en-US/docs/Web/HTTP/Status/403",2026-07-17T16:19:45.387842
humanite,bd6t555224r,,failed,0,0,,http_manifest,known,403,manifest,"Client error '403 ' for url 'https://openapiproext.bnf.fr/iiif/presentation/v3/ark:/12148/bd6t555224r/manifest.json'
For more information check: https://developer.mozilla.org/en-US/docs/Web/HTTP/Status/403",2026-07-17T16:19:46.591540
humanite,bd6t5552253,,failed,0,0,,http_manifest,known,403,manifest,"Client error '403 ' for url 'https://openapiproext.bnf.fr/iiif/presentation/v3/ark:/12148/bd6t5552253/manifest.json'
For more information check: https://developer.mozilla.org/en-US/docs/Web/HTTP/Status/403",2026-07-17T16:19:47.790107
humanite,bd6t555226f,,failed,0,0,,http_manifest,known,403,manifest,"Client error '403 ' for url 'https://openapiproext.bnf.fr/iiif/presentation/v3/ark:/12148/bd6t555226f/manifest.json'
For more information check: https://developer.mozilla.org/en-US/docs/Web/HTTP/Status/403",2026-07-17T16:19:49.011401
humanite,bd6t555227s,,failed,0,0,,http_manifest,known,403,manifest,"Client error '403 ' for url 'https://openapiproext.bnf.fr/iiif/presentation/v3/ark:/12148/bd6t555227s/manifest.json'
For more information check: https://developer.mozilla.org/en-US/docs/Web/HTTP/Status/403",2026-07-17T16:19:50.197717
humanite,bd6t5552284,,failed,0,0,,http_manifest,known,403,manifest,"Client error '403 ' for url 'https://openapiproext.bnf.fr/iiif/presentation/v3/ark:/12148/bd6t5552284/manifest.json'
For more information check: https://developer.mozilla.org/en-US/docs/Web/HTTP/Status/403",2026-07-17T16:19:51.391753
humanite,bd6t555229g,,failed,0,0,,http_manifest,known,403,manifest,"Client error '403 ' for url 'https://openapiproext.bnf.fr/iiif/presentation/v3/ark:/12148/bd6t555229g/manifest.json'
For more information check: https://developer.mozilla.org/en-US/docs/Web/HTTP/Status/403",2026-07-17T16:19:52.596862
humanite,bd6t555230p,,failed,0,0,,http_manifest,known,403,manifest,"Client error '403 ' for url 'https://openapiproext.bnf.fr/iiif/presentation/v3/ark:/12148/bd6t555230p/manifest.json'
For more information check: https://developer.mozilla.org/en-US/docs/Web/HTTP/Status/403",2026-07-17T16:19:53.799891
humanite,bd6t5552311,,failed,0,0,,http_manifest,known,403,manifest,"Client error '403 ' for url 'https://openapiproext.bnf.fr/iiif/presentation/v3/ark:/12148/bd6t5552311/manifest.json'
For more information check: https://developer.mozilla.org/en-US/docs/Web/HTTP/Status/403",2026-07-17T16:19:55.008427
humanite,bd6t555232c,,failed,0,0,,http_manifest,known,403,manifest,"Client error '403 ' for url 'https://openapiproext.bnf.fr/iiif/presentation/v3/ark:/12148/bd6t555232c/manifest.json'
For more information check: https://developer.mozilla.org/en-US/docs/Web/HTTP/Status/403",2026-07-17T16:19:56.203194
humanite,bd6t555233q,,failed,0,0,,http_manifest,known,403,manifest,"Client error '403 ' for url 'https://openapiproext.bnf.fr/iiif/presentation/v3/ark:/12148/bd6t555233q/manifest.json'
For more information check: https://developer.mozilla.org/en-US/docs/Web/HTTP/Status/403",2026-07-17T16:19:57.576927
humanite,bd6t5552342,,failed,0,0,,http_manifest,known,403,manifest,"Client error '403 ' for url 'https://openapiproext.bnf.fr/iiif/presentation/v3/ark:/12148/bd6t5552342/manifest.json'
For more information check: https://developer.mozilla.org/en-US/docs/Web/HTTP/Status/403",2026-07-17T16:19:58.700837
humanite,bd6t555235d,,failed,0,0,,http_manifest,known,403,manifest,"Client error '403 ' for url 'https://openapiproext.bnf.fr/iiif/presentation/v3/ark:/12148/bd6t555235d/manifest.json'
For more information check: https://developer.mozilla.org/en-US/docs/Web/HTTP/Status/403",2026-07-17T16:19:59.831535
humanite,bd6t555236r,,failed,0,0,,http_manifest,known,403,manifest,"Client error '403 ' for url 'https://openapiproext.bnf.fr/iiif/presentation/v3/ark:/12148/bd6t555236r/manifest.json'
For more information check: https://developer.mozilla.org/en-US/docs/Web/HTTP/Status/403",2026-07-17T16:20:01.424837
humanite,bd6t5552373,,failed,0,0,,http_manifest,known,403,manifest,"Client error '403 ' for url 'https://openapiproext.bnf.fr/iiif/presentation/v3/ark:/12148/bd6t5552373/manifest.json'
For more information check: https://developer.mozilla.org/en-US/docs/Web/HTTP/Status/403",2026-07-17T16:20:02.213413
humanite,bd6t555238f,,failed,0,0,,http_manifest,known,403,manifest,"Client error '403 ' for url 'https://openapiproext.bnf.fr/iiif/presentation/v3/ark:/12148/bd6t555238f/manifest.json'
For more information check: https://developer.mozilla.org/en-US/docs/Web/HTTP/Status/403",2026-07-17T16:20:03.414285
humanite,bd6t555239s,,failed,0,0,,http_manifest,known,403,manifest,"Client error '403 ' for url 'https://openapiproext.bnf.fr/iiif/presentation/v3/ark:/12148/bd6t555239s/manifest.json'
For more information check: https://developer.mozilla.org/en-US/docs/Web/HTTP/Status/403",2026-07-17T16:20:04.847288
humanite,bd6t5552400,,failed,0,0,,http_manifest,known,403,manifest,"Client error '403 ' for url 'https://openapiproext.bnf.fr/iiif/presentation/v3/ark:/12148/bd6t5552400/manifest.json'
For more information check: https://developer.mozilla.org/en-US/docs/Web/HTTP/Status/403",2026-07-17T16:20:05.837467
humanite,bd6t555241b,,failed,0,0,,http_manifest,known,403,manifest,"Client error '403 ' for url 'https://openapiproext.bnf.fr/iiif/presentation/v3/ark:/12148/bd6t555241b/manifest.json'
For more information check: https://developer.mozilla.org/en-US/docs/Web/HTTP/Status/403",2026-07-17T16:20:07.050450
humanite,bd6t555242p,,failed,0,0,,http_manifest,known,403,manifest,"Client error '403 ' for url 'https://openapiproext.bnf.fr/iiif/presentation/v3/ark:/12148/bd6t555242p/manifest.json'
For more information check: https://developer.mozilla.org/en-US/docs/Web/HTTP/Status/403",2026-07-17T16:20:08.223269
humanite,bd6t5552431,,failed,0,0,,http_manifest,known,403,manifest,"Client error '403 ' for url 'https://openapiproext.bnf.fr/iiif/presentation/v3/ark:/12148/bd6t5552431/manifest.json'
For more information check: https://developer.mozilla.org/en-US/docs/Web/HTTP/Status/403",2026-07-17T16:20:09.420353
humanite,bd6t555244c,,failed,0,0,,http_manifest,known,403,manifest,"Client error '403 ' for url 'https://openapiproext.bnf.fr/iiif/presentation/v3/ark:/12148/bd6t555244c/manifest.json'
For more information check: https://developer.mozilla.org/en-US/docs/Web/HTTP/Status/403",2026-07-17T16:20:10.630888
humanite,bd6t555245q,,failed,0,0,,http_manifest,known,403,manifest,"Client error '403 ' for url 'https://openapiproext.bnf.fr/iiif/presentation/v3/ark:/12148/bd6t555245q/manifest.json'
For more information check: https://developer.mozilla.org/en-US/docs/Web/HTTP/Status/403",2026-07-17T16:20:11.821345
humanite,bd6t5552462,,failed,0,0,,http_manifest,known,403,manifest,"Client error '403 ' for url 'https://openapiproext.bnf.fr/iiif/presentation/v3/ark:/12148/bd6t5552462/manifest.json'
For more information check: https://developer.mozilla.org/en-US/docs/Web/HTTP/Status/403",2026-07-17T16:20:13.029233
humanite,bd6t555247d,,failed,0,0,,http_manifest,known,403,manifest,"Client error '403 ' for url 'https://openapiproext.bnf.fr/iiif/presentation/v3/ark:/12148/bd6t555247d/manifest.json'
For more information check: https://developer.mozilla.org/en-US/docs/Web/HTTP/Status/403",2026-07-17T16:20:14.232662
humanite,bd6t555248r,,failed,0,0,,http_manifest,known,403,manifest,"Client error '403 ' for url 'https://openapiproext.bnf.fr/iiif/presentation/v3/ark:/12148/bd6t555248r/manifest.json'
For more information check: https://developer.mozilla.org/en-US/docs/Web/HTTP/Status/403",2026-07-17T16:20:15.427709
humanite,bd6t5552493,,failed,0,0,,http_manifest,known,403,manifest,"Client error '403 ' for url 'https://openapiproext.bnf.fr/iiif/presentation/v3/ark:/12148/bd6t5552493/manifest.json'
For more information check: https://developer.mozilla.org/en-US/docs/Web/HTTP/Status/403",2026-07-17T16:20:16.830431
humanite,bd6t5552509,,failed,0,0,,http_manifest,known,403,manifest,"Client error '403 ' for url 'https://openapiproext.bnf.fr/iiif/presentation/v3/ark:/12148/bd6t5552509/manifest.json'
For more information check: https://developer.mozilla.org/en-US/docs/Web/HTTP/Status/403",2026-07-17T16:20:17.828070
humanite,bd6t555251n,,failed,0,0,,http_manifest,known,403,manifest,"Client error '403 ' for url 'https://openapiproext.bnf.fr/iiif/presentation/v3/ark:/12148/bd6t555251n/manifest.json'
For more information check: https://developer.mozilla.org/en-US/docs/Web/HTTP/Status/403",2026-07-17T16:20:19.048655
humanite,bd6t5552520,,failed,0,0,,http_manifest,known,403,manifest,"Client error '403 ' for url 'https://openapiproext.bnf.fr/iiif/presentation/v3/ark:/12148/bd6t5552520/manifest.json'
For more information check: https://developer.mozilla.org/en-US/docs/Web/HTTP/Status/403",2026-07-17T16:20:20.323511
humanite,bd6t555253b,,failed,0,0,,http_manifest,known,403,manifest,"Client error '403 ' for url 'https://openapiproext.bnf.fr/iiif/presentation/v3/ark:/12148/bd6t555253b/manifest.json'
For more information check: https://developer.mozilla.org/en-US/docs/Web/HTTP/Status/403",2026-07-17T16:20:21.433061
humanite,bd6t570813z,,failed,0,0,,http_manifest,known,403,manifest,"Client error '403 ' for url 'https://openapiproext.bnf.fr/iiif/presentation/v3/ark:/12148/bd6t570813z/manifest.json'
For more information check: https://developer.mozilla.org/en-US/docs/Web/HTTP/Status/403",2026-07-17T16:20:22.637126
humanite,bd6t5708149,,failed,0,0,,http_manifest,known,403,manifest,"Client error '403 ' for url 'https://openapiproext.bnf.fr/iiif/presentation/v3/ark:/12148/bd6t5708149/manifest.json'
For more information check: https://developer.mozilla.org/en-US/docs/Web/HTTP/Status/403",2026-07-17T16:20:23.841531
humanite,bd6t570815n,,failed,0,0,,http_manifest,known,403,manifest,"Client error '403 ' for url 'https://openapiproext.bnf.fr/iiif/presentation/v3/ark:/12148/bd6t570815n/manifest.json'
For more information check: https://developer.mozilla.org/en-US/docs/Web/HTTP/Status/403",2026-07-17T16:20:25.036330
humanite,bd6t5708160,,failed,0,0,,http_manifest,known,403,manifest,"Client error '403 ' for url 'https://openapiproext.bnf.fr/iiif/presentation/v3/ark:/12148/bd6t5708160/manifest.json'
For more information check: https://developer.mozilla.org/en-US/docs/Web/HTTP/Status/403",2026-07-17T16:20:26.240145
humanite,bd6t570817b,,failed,0,0,,http_manifest,known,403,manifest,"Client error '403 ' for url 'https://openapiproext.bnf.fr/iiif/presentation/v3/ark:/12148/bd6t570817b/manifest.json'
For more information check: https://developer.mozilla.org/en-US/docs/Web/HTTP/Status/403",2026-07-17T16:20:27.438375
humanite,bd6t570818p,,failed,0,0,,http_manifest,known,403,manifest,"Client error '403 ' for url 'https://openapiproext.bnf.fr/iiif/presentation/v3/ark:/12148/bd6t570818p/manifest.json'
For more information check: https://developer.mozilla.org/en-US/docs/Web/HTTP/Status/403",2026-07-17T16:20:28.660454
humanite,bd6t5708191,,failed,0,0,,http_manifest,known,403,manifest,"Client error '403 ' for url 'https://openapiproext.bnf.fr/iiif/presentation/v3/ark:/12148/bd6t5708191/manifest.json'
For more information check: https://developer.mozilla.org/en-US/docs/Web/HTTP/Status/403",2026-07-17T16:20:29.842137
humanite,bd6t5708207,,failed,0,0,,http_manifest,known,403,manifest,"Client error '403 ' for url 'https://openapiproext.bnf.fr/iiif/presentation/v3/ark:/12148/bd6t5708207/manifest.json'
For more information check: https://developer.mozilla.org/en-US/docs/Web/HTTP/Status/403",2026-07-17T16:20:31.054849
humanite,bd6t570821k,,failed,0,0,,http_manifest,known,403,manifest,"Client error '403 ' for url 'https://openapiproext.bnf.fr/iiif/presentation/v3/ark:/12148/bd6t570821k/manifest.json'
For more information check: https://developer.mozilla.org/en-US/docs/Web/HTTP/Status/403",2026-07-17T16:20:32.245302
humanite,bd6t570822x,,failed,0,0,,http_manifest,known,403,manifest,"Client error '403 ' for url 'https://openapiproext.bnf.fr/iiif/presentation/v3/ark:/12148/bd6t570822x/manifest.json'
For more information check: https://developer.mozilla.org/en-US/docs/Web/HTTP/Status/403",2026-07-17T16:20:33.448779
humanite,bd6t5708238,,failed,0,0,,http_manifest,known,403,manifest,"Client error '403 ' for url 'https://openapiproext.bnf.fr/iiif/presentation/v3/ark:/12148/bd6t5708238/manifest.json'
For more information check: https://developer.mozilla.org/en-US/docs/Web/HTTP/Status/403",2026-07-17T16:20:34.652163
humanite,bd6t570824m,,failed,0,0,,http_manifest,known,403,manifest,"Client error '403 ' for url 'https://openapiproext.bnf.fr/iiif/presentation/v3/ark:/12148/bd6t570824m/manifest.json'
For more information check: https://developer.mozilla.org/en-US/docs/Web/HTTP/Status/403",2026-07-17T16:20:35.854992
humanite,bd6t570825z,,failed,0,0,,http_manifest,known,403,manifest,"Client error '403 ' for url 'https://openapiproext.bnf.fr/iiif/presentation/v3/ark:/12148/bd6t570825z/manifest.json'
For more information check: https://developer.mozilla.org/en-US/docs/Web/HTTP/Status/403",2026-07-17T16:20:37.057321
humanite,bd6t5708269,,failed,0,0,,http_manifest,known,403,manifest,"Client error '403 ' for url 'https://openapiproext.bnf.fr/iiif/presentation/v3/ark:/12148/bd6t5708269/manifest.json'
For more information check: https://developer.mozilla.org/en-US/docs/Web/HTTP/Status/403",2026-07-17T16:20:38.251056
humanite,bd6t570827n,,failed,0,0,,http_manifest,known,403,manifest,"Client error '403 ' for url 'https://openapiproext.bnf.fr/iiif/presentation/v3/ark:/12148/bd6t570827n/manifest.json'
For more information check: https://developer.mozilla.org/en-US/docs/Web/HTTP/Status/403",2026-07-17T16:20:39.462727
humanite,bd6t5708280,,failed,0,0,,http_manifest,known,403,manifest,"Client error '403 ' for url 'https://openapiproext.bnf.fr/iiif/presentation/v3/ark:/12148/bd6t5708280/manifest.json'
For more information check: https://developer.mozilla.org/en-US/docs/Web/HTTP/Status/403",2026-07-17T16:20:40.655870
humanite,bd6t570829b,,failed,0,0,,http_manifest,known,403,manifest,"Client error '403 ' for url 'https://openapiproext.bnf.fr/iiif/presentation/v3/ark:/12148/bd6t570829b/manifest.json'
For more information check: https://developer.mozilla.org/en-US/docs/Web/HTTP/Status/403",2026-07-17T16:20:41.855535
humanite,bd6t570830j,,failed,0,0,,http_manifest,known,403,manifest,"Client error '403 ' for url 'https://openapiproext.bnf.fr/iiif/presentation/v3/ark:/12148/bd6t570830j/manifest.json'
For more information check: https://developer.mozilla.org/en-US/docs/Web/HTTP/Status/403",2026-07-17T16:20:43.059974
humanite,bd6t570831w,,failed,0,0,,http_manifest,known,403,manifest,"Client error '403 ' for url 'https://openapiproext.bnf.fr/iiif/presentation/v3/ark:/12148/bd6t570831w/manifest.json'
For more information check: https://developer.mozilla.org/en-US/docs/Web/HTTP/Status/403",2026-07-17T16:20:44.261905
humanite,bd6t5708327,,failed,0,0,,http_manifest,known,403,manifest,"Client error '403 ' for url 'https://openapiproext.bnf.fr/iiif/presentation/v3/ark:/12148/bd6t5708327/manifest.json'
For more information check: https://developer.mozilla.org/en-US/docs/Web/HTTP/Status/403",2026-07-17T16:20:45.463807
humanite,bd6t570833k,,failed,0,0,,http_manifest,known,403,manifest,"Client error '403 ' for url 'https://openapiproext.bnf.fr/iiif/presentation/v3/ark:/12148/bd6t570833k/manifest.json'
For more information check: https://developer.mozilla.org/en-US/docs/Web/HTTP/Status/403",2026-07-17T16:20:46.674535
humanite,bd6t570834x,,failed,0,0,,http_manifest,known,403,manifest,"Client error '403 ' for url 'https://openapiproext.bnf.fr/iiif/presentation/v3/ark:/12148/bd6t570834x/manifest.json'
For more information check: https://developer.mozilla.org/en-US/docs/Web/HTTP/Status/403",2026-07-17T16:20:47.868330
humanite,bd6t5708358,,failed,0,0,,http_manifest,known,403,manifest,"Client error '403 ' for url 'https://openapiproext.bnf.fr/iiif/presentation/v3/ark:/12148/bd6t5708358/manifest.json'
For more information check: https://developer.mozilla.org/en-US/docs/Web/HTTP/Status/403",2026-07-17T16:20:49.070047
humanite,bd6t570836m,,failed,0,0,,http_manifest,known,403,manifest,"Client error '403 ' for url 'https://openapiproext.bnf.fr/iiif/presentation/v3/ark:/12148/bd6t570836m/manifest.json'
For more information check: https://developer.mozilla.org/en-US/docs/Web/HTTP/Status/403",2026-07-17T16:20:50.269996
humanite,bd6t570837z,,failed,0,0,,http_manifest,known,403,manifest,"Client error '403 ' for url 'https://openapiproext.bnf.fr/iiif/presentation/v3/ark:/12148/bd6t570837z/manifest.json'
For more information check: https://developer.mozilla.org/en-US/docs/Web/HTTP/Status/403",2026-07-17T16:20:51.469998
humanite,bd6t5708389,,failed,0,0,,http_manifest,known,403,manifest,"Client error '403 ' for url 'https://openapiproext.bnf.fr/iiif/presentation/v3/ark:/12148/bd6t5708389/manifest.json'
For more information check: https://developer.mozilla.org/en-US/docs/Web/HTTP/Status/403",2026-07-17T16:20:52.673842
humanite,bd6t570839n,,failed,0,0,,http_manifest,known,403,manifest,"Client error '403 ' for url 'https://openapiproext.bnf.fr/iiif/presentation/v3/ark:/12148/bd6t570839n/manifest.json'
For more information check: https://developer.mozilla.org/en-US/docs/Web/HTTP/Status/403",2026-07-17T16:20:53.875921
humanite,bd6t570840v,,failed,0,0,,http_manifest,known,403,manifest,"Client error '403 ' for url 'https://openapiproext.bnf.fr/iiif/presentation/v3/ark:/12148/bd6t570840v/manifest.json'
For more information check: https://developer.mozilla.org/en-US/docs/Web/HTTP/Status/403",2026-07-17T16:20:55.111155
humanite,bd6t5708416,,failed,0,0,,http_manifest,known,403,manifest,"Client error '403 ' for url 'https://openapiproext.bnf.fr/iiif/presentation/v3/ark:/12148/bd6t5708416/manifest.json'
For more information check: https://developer.mozilla.org/en-US/docs/Web/HTTP/Status/403",2026-07-17T16:20:56.277382
humanite,bd6t570842j,,failed,0,0,,http_manifest,known,403,manifest,"Client error '403 ' for url 'https://openapiproext.bnf.fr/iiif/presentation/v3/ark:/12148/bd6t570842j/manifest.json'
For more information check: https://developer.mozilla.org/en-US/docs/Web/HTTP/Status/403",2026-07-17T16:20:57.483821
humanite,bd6t570843w,,failed,0,0,,http_manifest,known,403,manifest,"Client error '403 ' for url 'https://openapiproext.bnf.fr/iiif/presentation/v3/ark:/12148/bd6t570843w/manifest.json'
For more information check: https://developer.mozilla.org/en-US/docs/Web/HTTP/Status/403",2026-07-17T16:20:58.686353
humanite,bd6t5708447,,failed,0,0,,http_manifest,known,403,manifest,"Client error '403 ' for url 'https://openapiproext.bnf.fr/iiif/presentation/v3/ark:/12148/bd6t5708447/manifest.json'
For more information check: https://developer.mozilla.org/en-US/docs/Web/HTTP/Status/403",2026-07-17T16:20:59.985015
humanite,bd6t570845k,,failed,0,0,,http_manifest,known,403,manifest,"Client error '403 ' for url 'https://openapiproext.bnf.fr/iiif/presentation/v3/ark:/12148/bd6t570845k/manifest.json'
For more information check: https://developer.mozilla.org/en-US/docs/Web/HTTP/Status/403",2026-07-17T16:21:01.079636
humanite,bd6t570846x,,failed,0,0,,http_manifest,known,403,manifest,"Client error '403 ' for url 'https://openapiproext.bnf.fr/iiif/presentation/v3/ark:/12148/bd6t570846x/manifest.json'
For more information check: https://developer.mozilla.org/en-US/docs/Web/HTTP/Status/403",2026-07-17T16:21:02.285726
humanite,bd6t5708478,,failed,0,0,,http_manifest,known,403,manifest,"Client error '403 ' for url 'https://openapiproext.bnf.fr/iiif/presentation/v3/ark:/12148/bd6t5708478/manifest.json'
For more information check: https://developer.mozilla.org/en-US/docs/Web/HTTP/Status/403",2026-07-17T16:21:03.488566
humanite,bd6t570848m,,failed,0,0,,http_manifest,known,403,manifest,"Client error '403 ' for url 'https://openapiproext.bnf.fr/iiif/presentation/v3/ark:/12148/bd6t570848m/manifest.json'
For more information check: https://developer.mozilla.org/en-US/docs/Web/HTTP/Status/403",2026-07-17T16:21:04.968617
humanite,bd6t570849z,,failed,0,0,,http_manifest,known,403,manifest,"Client error '403 ' for url 'https://openapiproext.bnf.fr/iiif/presentation/v3/ark:/12148/bd6t570849z/manifest.json'
For more information check: https://developer.mozilla.org/en-US/docs/Web/HTTP/Status/403",2026-07-17T16:21:05.925565
humanite,bd6t5708505,,failed,0,0,,http_manifest,known,403,manifest,"Client error '403 ' for url 'https://openapiproext.bnf.fr/iiif/presentation/v3/ark:/12148/bd6t5708505/manifest.json'
For more information check: https://developer.mozilla.org/en-US/docs/Web/HTTP/Status/403",2026-07-17T16:21:07.298818
humanite,bd6t570851h,,failed,0,0,,http_manifest,known,403,manifest,"Client error '403 ' for url 'https://openapiproext.bnf.fr/iiif/presentation/v3/ark:/12148/bd6t570851h/manifest.json'
For more information check: https://developer.mozilla.org/en-US/docs/Web/HTTP/Status/403",2026-07-17T16:21:08.302555
humanite,bd6t570852v,,failed,0,0,,http_manifest,known,403,manifest,"Client error '403 ' for url 'https://openapiproext.bnf.fr/iiif/presentation/v3/ark:/12148/bd6t570852v/manifest.json'
For more information check: https://developer.mozilla.org/en-US/docs/Web/HTTP/Status/403",2026-07-17T16:21:09.622438
humanite,bd6t5708536,,failed,0,0,,http_manifest,known,403,manifest,"Client error '403 ' for url 'https://openapiproext.bnf.fr/iiif/presentation/v3/ark:/12148/bd6t5708536/manifest.json'
For more information check: https://developer.mozilla.org/en-US/docs/Web/HTTP/Status/403",2026-07-17T16:21:10.759465
humanite,bd6t570854j,,failed,0,0,,http_manifest,known,403,manifest,"Client error '403 ' for url 'https://openapiproext.bnf.fr/iiif/presentation/v3/ark:/12148/bd6t570854j/manifest.json'
For more information check: https://developer.mozilla.org/en-US/docs/Web/HTTP/Status/403",2026-07-17T16:21:12.037278
humanite,bd6t570855w,,failed,0,0,,http_manifest,known,403,manifest,"Client error '403 ' for url 'https://openapiproext.bnf.fr/iiif/presentation/v3/ark:/12148/bd6t570855w/manifest.json'
For more information check: https://developer.mozilla.org/en-US/docs/Web/HTTP/Status/403",2026-07-17T16:21:13.116613
humanite,bd6t5708567,,failed,0,0,,http_manifest,known,403,manifest,"Client error '403 ' for url 'https://openapiproext.bnf.fr/iiif/presentation/v3/ark:/12148/bd6t5708567/manifest.json'
For more information check: https://developer.mozilla.org/en-US/docs/Web/HTTP/Status/403",2026-07-17T16:21:14.396249
humanite,bd6t570857k,,failed,0,0,,http_manifest,known,403,manifest,"Client error '403 ' for url 'https://openapiproext.bnf.fr/iiif/presentation/v3/ark:/12148/bd6t570857k/manifest.json'
For more information check: https://developer.mozilla.org/en-US/docs/Web/HTTP/Status/403",2026-07-17T16:21:15.501840
humanite,bd6t570858x,,failed,0,0,,http_manifest,known,403,manifest,"Client error '403 ' for url 'https://openapiproext.bnf.fr/iiif/presentation/v3/ark:/12148/bd6t570858x/manifest.json'
For more information check: https://developer.mozilla.org/en-US/docs/Web/HTTP/Status/403",2026-07-17T16:21:16.858956
humanite,bd6t5708598,,failed,0,0,,http_manifest,known,403,manifest,"Client error '403 ' for url 'https://openapiproext.bnf.fr/iiif/presentation/v3/ark:/12148/bd6t5708598/manifest.json'
For more information check: https://developer.mozilla.org/en-US/docs/Web/HTTP/Status/403",2026-07-17T16:21:18.100334
humanite,bd6t570860g,,failed,0,0,,http_manifest,known,403,manifest,"Client error '403 ' for url 'https://openapiproext.bnf.fr/iiif/presentation/v3/ark:/12148/bd6t570860g/manifest.json'
For more information check: https://developer.mozilla.org/en-US/docs/Web/HTTP/Status/403",2026-07-17T16:21:19.131273
humanite,bd6t570861t,,failed,0,0,,http_manifest,known,403,manifest,"Client error '403 ' for url 'https://openapiproext.bnf.fr/iiif/presentation/v3/ark:/12148/bd6t570861t/manifest.json'
For more information check: https://developer.mozilla.org/en-US/docs/Web/HTTP/Status/403",2026-07-17T16:21:20.316907
humanite,bd6t5708625,,failed,0,0,,http_manifest,known,403,manifest,"Client error '403 ' for url 'https://openapiproext.bnf.fr/iiif/presentation/v3/ark:/12148/bd6t5708625/manifest.json'
For more information check: https://developer.mozilla.org/en-US/docs/Web/HTTP/Status/403",2026-07-17T16:21:21.514042
humanite,bd6t570863h,,failed,0,0,,http_manifest,known,403,manifest,"Client error '403 ' for url 'https://openapiproext.bnf.fr/iiif/presentation/v3/ark:/12148/bd6t570863h/manifest.json'
For more information check: https://developer.mozilla.org/en-US/docs/Web/HTTP/Status/403",2026-07-17T16:21:22.752050
humanite,bd6t570864v,,failed,0,0,,http_manifest,known,403,manifest,"Client error '403 ' for url 'https://openapiproext.bnf.fr/iiif/presentation/v3/ark:/12148/bd6t570864v/manifest.json'
For more information check: https://developer.mozilla.org/en-US/docs/Web/HTTP/Status/403",2026-07-17T16:21:23.918883
humanite,bd6t5708656,,failed,0,0,,http_manifest,known,403,manifest,"Client error '403 ' for url 'https://openapiproext.bnf.fr/iiif/presentation/v3/ark:/12148/bd6t5708656/manifest.json'
For more information check: https://developer.mozilla.org/en-US/docs/Web/HTTP/Status/403",2026-07-17T16:21:25.114551
humanite,bd6t570866j,,failed,0,0,,http_manifest,known,403,manifest,"Client error '403 ' for url 'https://openapiproext.bnf.fr/iiif/presentation/v3/ark:/12148/bd6t570866j/manifest.json'
For more information check: https://developer.mozilla.org/en-US/docs/Web/HTTP/Status/403",2026-07-17T16:21:26.320915
humanite,bd6t570867w,,failed,0,0,,http_manifest,known,403,manifest,"Client error '403 ' for url 'https://openapiproext.bnf.fr/iiif/presentation/v3/ark:/12148/bd6t570867w/manifest.json'
For more information check: https://developer.mozilla.org/en-US/docs/Web/HTTP/Status/403",2026-07-17T16:21:27.517910
humanite,bd6t5708687,,failed,0,0,,http_manifest,known,403,manifest,"Client error '403 ' for url 'https://openapiproext.bnf.fr/iiif/presentation/v3/ark:/12148/bd6t5708687/manifest.json'
For more information check: https://developer.mozilla.org/en-US/docs/Web/HTTP/Status/403",2026-07-17T16:21:28.718575
humanite,bd6t570869k,,failed,0,0,,http_manifest,known,403,manifest,"Client error '403 ' for url 'https://openapiproext.bnf.fr/iiif/presentation/v3/ark:/12148/bd6t570869k/manifest.json'
For more information check: https://developer.mozilla.org/en-US/docs/Web/HTTP/Status/403",2026-07-17T16:21:29.918059
humanite,bd6t570870s,,failed,0,0,,http_manifest,known,403,manifest,"Client error '403 ' for url 'https://openapiproext.bnf.fr/iiif/presentation/v3/ark:/12148/bd6t570870s/manifest.json'
For more information check: https://developer.mozilla.org/en-US/docs/Web/HTTP/Status/403",2026-07-17T16:21:31.118465
humanite,bd6t5708714,,failed,0,0,,http_manifest,known,403,manifest,"Client error '403 ' for url 'https://openapiproext.bnf.fr/iiif/presentation/v3/ark:/12148/bd6t5708714/manifest.json'
For more information check: https://developer.mozilla.org/en-US/docs/Web/HTTP/Status/403",2026-07-17T16:21:32.327890
humanite,bd6t570872g,,failed,0,0,,http_manifest,known,403,manifest,"Client error '403 ' for url 'https://openapiproext.bnf.fr/iiif/presentation/v3/ark:/12148/bd6t570872g/manifest.json'
For more information check: https://developer.mozilla.org/en-US/docs/Web/HTTP/Status/403",2026-07-17T16:21:33.523635
humanite,bd6t570873t,,failed,0,0,,http_manifest,known,403,manifest,"Client error '403 ' for url 'https://openapiproext.bnf.fr/iiif/presentation/v3/ark:/12148/bd6t570873t/manifest.json'
For more information check: https://developer.mozilla.org/en-US/docs/Web/HTTP/Status/403",2026-07-17T16:21:34.755057
humanite,bd6t5708745,,failed,0,0,,http_manifest,known,403,manifest,"Client error '403 ' for url 'https://openapiproext.bnf.fr/iiif/presentation/v3/ark:/12148/bd6t5708745/manifest.json'
For more information check: https://developer.mozilla.org/en-US/docs/Web/HTTP/Status/403",2026-07-17T16:21:35.929338
humanite,bd6t570875h,,failed,0,0,,http_manifest,known,403,manifest,"Client error '403 ' for url 'https://openapiproext.bnf.fr/iiif/presentation/v3/ark:/12148/bd6t570875h/manifest.json'
For more information check: https://developer.mozilla.org/en-US/docs/Web/HTTP/Status/403",2026-07-17T16:21:37.129565
humanite,bd6t570876v,,failed,0,0,,http_manifest,known,403,manifest,"Client error '403 ' for url 'https://openapiproext.bnf.fr/iiif/presentation/v3/ark:/12148/bd6t570876v/manifest.json'
For more information check: https://developer.mozilla.org/en-US/docs/Web/HTTP/Status/403",2026-07-17T16:21:38.329908
humanite,bd6t5708776,,failed,0,0,,http_manifest,known,403,manifest,"Client error '403 ' for url 'https://openapiproext.bnf.fr/iiif/presentation/v3/ark:/12148/bd6t5708776/manifest.json'
For more information check: https://developer.mozilla.org/en-US/docs/Web/HTTP/Status/403",2026-07-17T16:21:39.533912
humanite,bd6t570878j,,failed,0,0,,http_manifest,known,403,manifest,"Client error '403 ' for url 'https://openapiproext.bnf.fr/iiif/presentation/v3/ark:/12148/bd6t570878j/manifest.json'
For more information check: https://developer.mozilla.org/en-US/docs/Web/HTTP/Status/403",2026-07-17T16:21:40.750779
humanite,bd6t570879w,,failed,0,0,,http_manifest,known,403,manifest,"Client error '403 ' for url 'https://openapiproext.bnf.fr/iiif/presentation/v3/ark:/12148/bd6t570879w/manifest.json'
For more information check: https://developer.mozilla.org/en-US/docs/Web/HTTP/Status/403",2026-07-17T16:21:41.937391
humanite,bd6t5708803,,failed,0,0,,http_manifest,known,403,manifest,"Client error '403 ' for url 'https://openapiproext.bnf.fr/iiif/presentation/v3/ark:/12148/bd6t5708803/manifest.json'
For more information check: https://developer.mozilla.org/en-US/docs/Web/HTTP/Status/403",2026-07-17T16:21:43.140887
humanite,bd6t570881f,,failed,0,0,,http_manifest,known,403,manifest,"Client error '403 ' for url 'https://openapiproext.bnf.fr/iiif/presentation/v3/ark:/12148/bd6t570881f/manifest.json'
For more information check: https://developer.mozilla.org/en-US/docs/Web/HTTP/Status/403",2026-07-17T16:21:44.335924
humanite,bd6t570882s,,failed,0,0,,http_manifest,known,403,manifest,"Client error '403 ' for url 'https://openapiproext.bnf.fr/iiif/presentation/v3/ark:/12148/bd6t570882s/manifest.json'
For more information check: https://developer.mozilla.org/en-US/docs/Web/HTTP/Status/403",2026-07-17T16:21:45.540845
humanite,bd6t5708834,,failed,0,0,,http_manifest,known,403,manifest,"Client error '403 ' for url 'https://openapiproext.bnf.fr/iiif/presentation/v3/ark:/12148/bd6t5708834/manifest.json'
For more information check: https://developer.mozilla.org/en-US/docs/Web/HTTP/Status/403",2026-07-17T16:21:46.737392
humanite,bd6t570884g,,failed,0,0,,http_manifest,known,403,manifest,"Client error '403 ' for url 'https://openapiproext.bnf.fr/iiif/presentation/v3/ark:/12148/bd6t570884g/manifest.json'
For more information check: https://developer.mozilla.org/en-US/docs/Web/HTTP/Status/403",2026-07-17T16:21:47.940562
humanite,bd6t570885t,,failed,0,0,,http_manifest,known,403,manifest,"Client error '403 ' for url 'https://openapiproext.bnf.fr/iiif/presentation/v3/ark:/12148/bd6t570885t/manifest.json'
For more information check: https://developer.mozilla.org/en-US/docs/Web/HTTP/Status/403",2026-07-17T16:21:49.150725
humanite,bd6t5708865,,failed,0,0,,http_manifest,known,403,manifest,"Client error '403 ' for url 'https://openapiproext.bnf.fr/iiif/presentation/v3/ark:/12148/bd6t5708865/manifest.json'
For more information check: https://developer.mozilla.org/en-US/docs/Web/HTTP/Status/403",2026-07-17T16:21:50.343736
humanite,bd6t570887h,,failed,0,0,,http_manifest,known,403,manifest,"Client error '403 ' for url 'https://openapiproext.bnf.fr/iiif/presentation/v3/ark:/12148/bd6t570887h/manifest.json'
For more information check: https://developer.mozilla.org/en-US/docs/Web/HTTP/Status/403",2026-07-17T16:21:51.545445
humanite,bd6t570888v,,failed,0,0,,http_manifest,known,403,manifest,"Client error '403 ' for url 'https://openapiproext.bnf.fr/iiif/presentation/v3/ark:/12148/bd6t570888v/manifest.json'
For more information check: https://developer.mozilla.org/en-US/docs/Web/HTTP/Status/403",2026-07-17T16:21:52.771506
humanite,bd6t5708896,,failed,0,0,,http_manifest,known,403,manifest,"Client error '403 ' for url 'https://openapiproext.bnf.fr/iiif/presentation/v3/ark:/12148/bd6t5708896/manifest.json'
For more information check: https://developer.mozilla.org/en-US/docs/Web/HTTP/Status/403",2026-07-17T16:21:53.945672
humanite,bd6t570890d,,failed,0,0,,http_manifest,known,403,manifest,"Client error '403 ' for url 'https://openapiproext.bnf.fr/iiif/presentation/v3/ark:/12148/bd6t570890d/manifest.json'
For more information check: https://developer.mozilla.org/en-US/docs/Web/HTTP/Status/403",2026-07-17T16:21:55.155820
humanite,bd6t570891r,,failed,0,0,,http_manifest,known,403,manifest,"Client error '403 ' for url 'https://openapiproext.bnf.fr/iiif/presentation/v3/ark:/12148/bd6t570891r/manifest.json'
For more information check: https://developer.mozilla.org/en-US/docs/Web/HTTP/Status/403",2026-07-17T16:21:56.352078
humanite,bd6t555498v,,failed,0,0,,http_manifest,known,403,manifest,"Client error '403 ' for url 'https://openapiproext.bnf.fr/iiif/presentation/v3/ark:/12148/bd6t555498v/manifest.json'
For more information check: https://developer.mozilla.org/en-US/docs/Web/HTTP/Status/403",2026-07-17T16:21:57.737739
humanite,bd6t555500k,,failed,0,0,,http_manifest,known,403,manifest,"Client error '403 ' for url 'https://openapiproext.bnf.fr/iiif/presentation/v3/ark:/12148/bd6t555500k/manifest.json'
For more information check: https://developer.mozilla.org/en-US/docs/Web/HTTP/Status/403",2026-07-17T16:21:58.753404
humanite,bd6t5554996,,failed,0,0,,http_manifest,known,403,manifest,"Client error '403 ' for url 'https://openapiproext.bnf.fr/iiif/presentation/v3/ark:/12148/bd6t5554996/manifest.json'
For more information check: https://developer.mozilla.org/en-US/docs/Web/HTTP/Status/403",2026-07-17T16:22:00.149932
humanite,bd6t555501x,,failed,0,0,,http_manifest,known,403,manifest,"Client error '403 ' for url 'https://openapiproext.bnf.fr/iiif/presentation/v3/ark:/12148/bd6t555501x/manifest.json'
For more information check: https://developer.mozilla.org/en-US/docs/Web/HTTP/Status/403",2026-07-17T16:22:01.218252
humanite,bd6t5555028,,failed,0,0,,http_manifest,known,403,manifest,"Client error '403 ' for url 'https://openapiproext.bnf.fr/iiif/presentation/v3/ark:/12148/bd6t5555028/manifest.json'
For more information check: https://developer.mozilla.org/en-US/docs/Web/HTTP/Status/403",2026-07-17T16:22:02.434640
humanite,bd6t555503m,,failed,0,0,,http_manifest,known,403,manifest,"Client error '403 ' for url 'https://openapiproext.bnf.fr/iiif/presentation/v3/ark:/12148/bd6t555503m/manifest.json'
For more information check: https://developer.mozilla.org/en-US/docs/Web/HTTP/Status/403",2026-07-17T16:22:03.707718
humanite,bd6t555504z,,failed,0,0,,http_manifest,known,403,manifest,"Client error '403 ' for url 'https://openapiproext.bnf.fr/iiif/presentation/v3/ark:/12148/bd6t555504z/manifest.json'
For more information check: https://developer.mozilla.org/en-US/docs/Web/HTTP/Status/403",2026-07-17T16:22:04.912019
humanite,bd6t555506n,,failed,0,0,,http_manifest,known,403,manifest,"Client error '403 ' for url 'https://openapiproext.bnf.fr/iiif/presentation/v3/ark:/12148/bd6t555506n/manifest.json'
For more information check: https://developer.mozilla.org/en-US/docs/Web/HTTP/Status/403",2026-07-17T16:22:06.220801
humanite,bd6t5555059,,failed,0,0,,http_manifest,known,403,manifest,"Client error '403 ' for url 'https://openapiproext.bnf.fr/iiif/presentation/v3/ark:/12148/bd6t5555059/manifest.json'
For more information check: https://developer.mozilla.org/en-US/docs/Web/HTTP/Status/403",2026-07-17T16:22:07.360880
humanite,bd6t5555070,,failed,0,0,,http_manifest,known,403,manifest,"Client error '403 ' for url 'https://openapiproext.bnf.fr/iiif/presentation/v3/ark:/12148/bd6t5555070/manifest.json'
For more information check: https://developer.mozilla.org/en-US/docs/Web/HTTP/Status/403",2026-07-17T16:22:08.367579
humanite,bd6t555508b,,failed,0,0,,http_manifest,known,403,manifest,"Client error '403 ' for url 'https://openapiproext.bnf.fr/iiif/presentation/v3/ark:/12148/bd6t555508b/manifest.json'
For more information check: https://developer.mozilla.org/en-US/docs/Web/HTTP/Status/403",2026-07-17T16:22:09.694806
humanite,bd6t555509p,,failed,0,0,,http_manifest,known,403,manifest,"Client error '403 ' for url 'https://openapiproext.bnf.fr/iiif/presentation/v3/ark:/12148/bd6t555509p/manifest.json'
For more information check: https://developer.mozilla.org/en-US/docs/Web/HTTP/Status/403",2026-07-17T16:22:10.876483
humanite,bd6t555510w,,failed,0,0,,http_manifest,known,403,manifest,"Client error '403 ' for url 'https://openapiproext.bnf.fr/iiif/presentation/v3/ark:/12148/bd6t555510w/manifest.json'
For more information check: https://developer.mozilla.org/en-US/docs/Web/HTTP/Status/403",2026-07-17T16:22:11.966201
humanite,bd6t5555117,,failed,0,0,,http_manifest,known,403,manifest,"Client error '403 ' for url 'https://openapiproext.bnf.fr/iiif/presentation/v3/ark:/12148/bd6t5555117/manifest.json'
For more information check: https://developer.mozilla.org/en-US/docs/Web/HTTP/Status/403",2026-07-17T16:22:13.173888
humanite,bd6t555512k,,failed,0,0,,http_manifest,known,403,manifest,"Client error '403 ' for url 'https://openapiproext.bnf.fr/iiif/presentation/v3/ark:/12148/bd6t555512k/manifest.json'
For more information check: https://developer.mozilla.org/en-US/docs/Web/HTTP/Status/403",2026-07-17T16:22:14.372086
humanite,bd6t555513x,,failed,0,0,,http_manifest,known,403,manifest,"Client error '403 ' for url 'https://openapiproext.bnf.fr/iiif/presentation/v3/ark:/12148/bd6t555513x/manifest.json'
For more information check: https://developer.mozilla.org/en-US/docs/Web/HTTP/Status/403",2026-07-17T16:22:15.571490
humanite,bd6t555515m,,failed,0,0,,http_manifest,known,403,manifest,"Client error '403 ' for url 'https://openapiproext.bnf.fr/iiif/presentation/v3/ark:/12148/bd6t555515m/manifest.json'
For more information check: https://developer.mozilla.org/en-US/docs/Web/HTTP/Status/403",2026-07-17T16:22:16.773441
humanite,bd6t5555148,,failed,0,0,,http_manifest,known,403,manifest,"Client error '403 ' for url 'https://openapiproext.bnf.fr/iiif/presentation/v3/ark:/12148/bd6t5555148/manifest.json'
For more information check: https://developer.mozilla.org/en-US/docs/Web/HTTP/Status/403",2026-07-17T16:22:17.977968
humanite,bd6t555516z,,failed,0,0,,http_manifest,known,403,manifest,"Client error '403 ' for url 'https://openapiproext.bnf.fr/iiif/presentation/v3/ark:/12148/bd6t555516z/manifest.json'
For more information check: https://developer.mozilla.org/en-US/docs/Web/HTTP/Status/403",2026-07-17T16:22:19.183399
humanite,bd6t5555179,,failed,0,0,,http_manifest,known,403,manifest,"Client error '403 ' for url 'https://openapiproext.bnf.fr/iiif/presentation/v3/ark:/12148/bd6t5555179/manifest.json'
For more information check: https://developer.mozilla.org/en-US/docs/Web/HTTP/Status/403",2026-07-17T16:22:20.382450
humanite,bd6t555518n,,failed,0,0,,http_manifest,known,403,manifest,"Client error '403 ' for url 'https://openapiproext.bnf.fr/iiif/presentation/v3/ark:/12148/bd6t555518n/manifest.json'
For more information check: https://developer.mozilla.org/en-US/docs/Web/HTTP/Status/403",2026-07-17T16:22:21.617168
humanite,bd6t5555190,,failed,0,0,,http_manifest,known,403,manifest,"Client error '403 ' for url 'https://openapiproext.bnf.fr/iiif/presentation/v3/ark:/12148/bd6t5555190/manifest.json'
For more information check: https://developer.mozilla.org/en-US/docs/Web/HTTP/Status/403",2026-07-17T16:22:22.785967
humanite,bd6t5555206,,failed,0,0,,http_manifest,known,403,manifest,"Client error '403 ' for url 'https://openapiproext.bnf.fr/iiif/presentation/v3/ark:/12148/bd6t5555206/manifest.json'
For more information check: https://developer.mozilla.org/en-US/docs/Web/HTTP/Status/403",2026-07-17T16:22:23.992507
humanite,bd6t555521j,,failed,0,0,,http_manifest,known,403,manifest,"Client error '403 ' for url 'https://openapiproext.bnf.fr/iiif/presentation/v3/ark:/12148/bd6t555521j/manifest.json'
For more information check: https://developer.mozilla.org/en-US/docs/Web/HTTP/Status/403",2026-07-17T16:22:25.191760
humanite,bd6t555522w,,failed,0,0,,http_manifest,known,403,manifest,"Client error '403 ' for url 'https://openapiproext.bnf.fr/iiif/presentation/v3/ark:/12148/bd6t555522w/manifest.json'
For more information check: https://developer.mozilla.org/en-US/docs/Web/HTTP/Status/403",2026-07-17T16:22:26.394369
humanite,bd6t5555237,,failed,0,0,,http_manifest,known,403,manifest,"Client error '403 ' for url 'https://openapiproext.bnf.fr/iiif/presentation/v3/ark:/12148/bd6t5555237/manifest.json'
For more information check: https://developer.mozilla.org/en-US/docs/Web/HTTP/Status/403",2026-07-17T16:22:27.594378
humanite,bd6t555524k,,failed,0,0,,http_manifest,known,403,manifest,"Client error '403 ' for url 'https://openapiproext.bnf.fr/iiif/presentation/v3/ark:/12148/bd6t555524k/manifest.json'
For more information check: https://developer.mozilla.org/en-US/docs/Web/HTTP/Status/403",2026-07-17T16:22:28.790543
humanite,bd6t555525x,,failed,0,0,,http_manifest,known,403,manifest,"Client error '403 ' for url 'https://openapiproext.bnf.fr/iiif/presentation/v3/ark:/12148/bd6t555525x/manifest.json'
For more information check: https://developer.mozilla.org/en-US/docs/Web/HTTP/Status/403",2026-07-17T16:22:29.996178
humanite,bd6t5555268,,failed,0,0,,http_manifest,known,403,manifest,"Client error '403 ' for url 'https://openapiproext.bnf.fr/iiif/presentation/v3/ark:/12148/bd6t5555268/manifest.json'
For more information check: https://developer.mozilla.org/en-US/docs/Web/HTTP/Status/403",2026-07-17T16:22:31.197424
humanite,bd6t555527m,,failed,0,0,,http_manifest,known,403,manifest,"Client error '403 ' for url 'https://openapiproext.bnf.fr/iiif/presentation/v3/ark:/12148/bd6t555527m/manifest.json'
For more information check: https://developer.mozilla.org/en-US/docs/Web/HTTP/Status/403",2026-07-17T16:22:32.415105
humanite,bd6t555528z,,failed,0,0,,http_manifest,known,403,manifest,"Client error '403 ' for url 'https://openapiproext.bnf.fr/iiif/presentation/v3/ark:/12148/bd6t555528z/manifest.json'
For more information check: https://developer.mozilla.org/en-US/docs/Web/HTTP/Status/403",2026-07-17T16:22:33.608151
humanite,bd6t5555299,,failed,0,0,,http_manifest,known,403,manifest,"Client error '403 ' for url 'https://openapiproext.bnf.fr/iiif/presentation/v3/ark:/12148/bd6t5555299/manifest.json'
For more information check: https://developer.mozilla.org/en-US/docs/Web/HTTP/Status/403",2026-07-17T16:22:34.813987
humanite,bd6t555530h,,failed,0,0,,http_manifest,known,403,manifest,"Client error '403 ' for url 'https://openapiproext.bnf.fr/iiif/presentation/v3/ark:/12148/bd6t555530h/manifest.json'
For more information check: https://developer.mozilla.org/en-US/docs/Web/HTTP/Status/403",2026-07-17T16:22:36.002206
humanite,bd6t555531v,,failed,0,0,,http_manifest,known,403,manifest,"Client error '403 ' for url 'https://openapiproext.bnf.fr/iiif/presentation/v3/ark:/12148/bd6t555531v/manifest.json'
For more information check: https://developer.mozilla.org/en-US/docs/Web/HTTP/Status/403",2026-07-17T16:22:37.212953
humanite,bd6t5555326,,failed,0,0,,http_manifest,known,403,manifest,"Client error '403 ' for url 'https://openapiproext.bnf.fr/iiif/presentation/v3/ark:/12148/bd6t5555326/manifest.json'
For more information check: https://developer.mozilla.org/en-US/docs/Web/HTTP/Status/403",2026-07-17T16:22:38.402234
humanite,bd6t555533j,,failed,0,0,,http_manifest,known,403,manifest,"Client error '403 ' for url 'https://openapiproext.bnf.fr/iiif/presentation/v3/ark:/12148/bd6t555533j/manifest.json'
For more information check: https://developer.mozilla.org/en-US/docs/Web/HTTP/Status/403",2026-07-17T16:22:39.608365
humanite,bd6t555534w,,failed,0,0,,http_manifest,known,403,manifest,"Client error '403 ' for url 'https://openapiproext.bnf.fr/iiif/presentation/v3/ark:/12148/bd6t555534w/manifest.json'
For more information check: https://developer.mozilla.org/en-US/docs/Web/HTTP/Status/403",2026-07-17T16:22:40.806331
humanite,bd6t555536k,,failed,0,0,,http_manifest,known,403,manifest,"Client error '403 ' for url 'https://openapiproext.bnf.fr/iiif/presentation/v3/ark:/12148/bd6t555536k/manifest.json'
For more information check: https://developer.mozilla.org/en-US/docs/Web/HTTP/Status/403",2026-07-17T16:22:42.004009
humanite,bd6t5555357,,failed,0,0,,http_manifest,known,403,manifest,"Client error '403 ' for url 'https://openapiproext.bnf.fr/iiif/presentation/v3/ark:/12148/bd6t5555357/manifest.json'
For more information check: https://developer.mozilla.org/en-US/docs/Web/HTTP/Status/403",2026-07-17T16:22:43.214214
humanite,bd6t555537x,,failed,0,0,,http_manifest,known,403,manifest,"Client error '403 ' for url 'https://openapiproext.bnf.fr/iiif/presentation/v3/ark:/12148/bd6t555537x/manifest.json'
For more information check: https://developer.mozilla.org/en-US/docs/Web/HTTP/Status/403",2026-07-17T16:22:44.408900
humanite,bd6t5555388,,failed,0,0,,http_manifest,known,403,manifest,"Client error '403 ' for url 'https://openapiproext.bnf.fr/iiif/presentation/v3/ark:/12148/bd6t5555388/manifest.json'
For more information check: https://developer.mozilla.org/en-US/docs/Web/HTTP/Status/403",2026-07-17T16:22:45.614654
humanite,bd6t555539m,,failed,0,0,,http_manifest,known,403,manifest,"Client error '403 ' for url 'https://openapiproext.bnf.fr/iiif/presentation/v3/ark:/12148/bd6t555539m/manifest.json'
For more information check: https://developer.mozilla.org/en-US/docs/Web/HTTP/Status/403",2026-07-17T16:22:46.811226
humanite,bd6t555540t,,failed,0,0,,http_manifest,known,403,manifest,"Client error '403 ' for url 'https://openapiproext.bnf.fr/iiif/presentation/v3/ark:/12148/bd6t555540t/manifest.json'
For more information check: https://developer.mozilla.org/en-US/docs/Web/HTTP/Status/403",2026-07-17T16:22:48.016639
humanite,bd6t555542h,,failed,0,0,,http_manifest,known,403,manifest,"Client error '403 ' for url 'https://openapiproext.bnf.fr/iiif/presentation/v3/ark:/12148/bd6t555542h/manifest.json'
For more information check: https://developer.mozilla.org/en-US/docs/Web/HTTP/Status/403",2026-07-17T16:22:49.217594
humanite,bd6t5555415,,failed,0,0,,http_manifest,known,403,manifest,"Client error '403 ' for url 'https://openapiproext.bnf.fr/iiif/presentation/v3/ark:/12148/bd6t5555415/manifest.json'
For more information check: https://developer.mozilla.org/en-US/docs/Web/HTTP/Status/403",2026-07-17T16:22:50.442810
humanite,bd6t555543v,,failed,0,0,,http_manifest,known,403,manifest,"Client error '403 ' for url 'https://openapiproext.bnf.fr/iiif/presentation/v3/ark:/12148/bd6t555543v/manifest.json'
For more information check: https://developer.mozilla.org/en-US/docs/Web/HTTP/Status/403",2026-07-17T16:22:51.617882
humanite,bd6t5555446,,failed,0,0,,http_manifest,known,403,manifest,"Client error '403 ' for url 'https://openapiproext.bnf.fr/iiif/presentation/v3/ark:/12148/bd6t5555446/manifest.json'
For more information check: https://developer.mozilla.org/en-US/docs/Web/HTTP/Status/403",2026-07-17T16:22:52.824356
humanite,bd6t555545j,,failed,0,0,,http_manifest,known,403,manifest,"Client error '403 ' for url 'https://openapiproext.bnf.fr/iiif/presentation/v3/ark:/12148/bd6t555545j/manifest.json'
For more information check: https://developer.mozilla.org/en-US/docs/Web/HTTP/Status/403",2026-07-17T16:22:54.037406
humanite,bd6t5555477,,failed,0,0,,http_manifest,known,403,manifest,"Client error '403 ' for url 'https://openapiproext.bnf.fr/iiif/presentation/v3/ark:/12148/bd6t5555477/manifest.json'
For more information check: https://developer.mozilla.org/en-US/docs/Web/HTTP/Status/403",2026-07-17T16:22:55.227003
humanite,bd6t555546w,,failed,0,0,,http_manifest,known,403,manifest,"Client error '403 ' for url 'https://openapiproext.bnf.fr/iiif/presentation/v3/ark:/12148/bd6t555546w/manifest.json'
For more information check: https://developer.mozilla.org/en-US/docs/Web/HTTP/Status/403",2026-07-17T16:22:56.436720
humanite,bd6t555548k,,failed,0,0,,http_manifest,known,403,manifest,"Client error '403 ' for url 'https://openapiproext.bnf.fr/iiif/presentation/v3/ark:/12148/bd6t555548k/manifest.json'
For more information check: https://developer.mozilla.org/en-US/docs/Web/HTTP/Status/403",2026-07-17T16:22:57.813317
humanite,bd6t555549x,,failed,0,0,,http_manifest,known,403,manifest,"Client error '403 ' for url 'https://openapiproext.bnf.fr/iiif/presentation/v3/ark:/12148/bd6t555549x/manifest.json'
For more information check: https://developer.mozilla.org/en-US/docs/Web/HTTP/Status/403",2026-07-17T16:22:59.140595
humanite,bd6t5555504,,failed,0,0,,http_manifest,known,403,manifest,"Client error '403 ' for url 'https://openapiproext.bnf.fr/iiif/presentation/v3/ark:/12148/bd6t5555504/manifest.json'
For more information check: https://developer.mozilla.org/en-US/docs/Web/HTTP/Status/403",2026-07-17T16:23:00.117860
humanite,bd6t555551g,,failed,0,0,,http_manifest,known,403,manifest,"Client error '403 ' for url 'https://openapiproext.bnf.fr/iiif/presentation/v3/ark:/12148/bd6t555551g/manifest.json'
For more information check: https://developer.mozilla.org/en-US/docs/Web/HTTP/Status/403",2026-07-17T16:23:01.345129
humanite,bd6t5555535,,failed,0,0,,http_manifest,known,403,manifest,"Client error '403 ' for url 'https://openapiproext.bnf.fr/iiif/presentation/v3/ark:/12148/bd6t5555535/manifest.json'
For more information check: https://developer.mozilla.org/en-US/docs/Web/HTTP/Status/403",2026-07-17T16:23:02.464514
humanite,bd6t555552t,,failed,0,0,,http_manifest,known,403,manifest,"Client error '403 ' for url 'https://openapiproext.bnf.fr/iiif/presentation/v3/ark:/12148/bd6t555552t/manifest.json'
For more information check: https://developer.mozilla.org/en-US/docs/Web/HTTP/Status/403",2026-07-17T16:23:03.829638
humanite,bd6t555554h,,failed,0,0,,http_manifest,known,403,manifest,"Client error '403 ' for url 'https://openapiproext.bnf.fr/iiif/presentation/v3/ark:/12148/bd6t555554h/manifest.json'
For more information check: https://developer.mozilla.org/en-US/docs/Web/HTTP/Status/403",2026-07-17T16:23:05.083774
humanite,bd6t555555v,,failed,0,0,,http_manifest,known,403,manifest,"Client error '403 ' for url 'https://openapiproext.bnf.fr/iiif/presentation/v3/ark:/12148/bd6t555555v/manifest.json'
For more information check: https://developer.mozilla.org/en-US/docs/Web/HTTP/Status/403",2026-07-17T16:23:06.338746
humanite,bd6t5555566,,failed,0,0,,http_manifest,known,403,manifest,"Client error '403 ' for url 'https://openapiproext.bnf.fr/iiif/presentation/v3/ark:/12148/bd6t5555566/manifest.json'
For more information check: https://developer.mozilla.org/en-US/docs/Web/HTTP/Status/403",2026-07-17T16:23:07.297396
humanite,bd6t555557j,,failed,0,0,,http_manifest,known,403,manifest,"Client error '403 ' for url 'https://openapiproext.bnf.fr/iiif/presentation/v3/ark:/12148/bd6t555557j/manifest.json'
For more information check: https://developer.mozilla.org/en-US/docs/Web/HTTP/Status/403",2026-07-17T16:23:08.453485
humanite,bd6t555558w,,failed,0,0,,http_manifest,known,403,manifest,"Client error '403 ' for url 'https://openapiproext.bnf.fr/iiif/presentation/v3/ark:/12148/bd6t555558w/manifest.json'
For more information check: https://developer.mozilla.org/en-US/docs/Web/HTTP/Status/403",2026-07-17T16:23:09.657519
humanite,bd6t5555597,,failed,0,0,,http_manifest,known,403,manifest,"Client error '403 ' for url 'https://openapiproext.bnf.fr/iiif/presentation/v3/ark:/12148/bd6t5555597/manifest.json'
For more information check: https://developer.mozilla.org/en-US/docs/Web/HTTP/Status/403",2026-07-17T16:23:10.989905
humanite,bd6t555560f,,failed,0,0,,http_manifest,known,403,manifest,"Client error '403 ' for url 'https://openapiproext.bnf.fr/iiif/presentation/v3/ark:/12148/bd6t555560f/manifest.json'
For more information check: https://developer.mozilla.org/en-US/docs/Web/HTTP/Status/403",2026-07-17T16:23:12.049293
humanite,bd6t555561s,,failed,0,0,,http_manifest,known,403,manifest,"Client error '403 ' for url 'https://openapiproext.bnf.fr/iiif/presentation/v3/ark:/12148/bd6t555561s/manifest.json'
For more information check: https://developer.mozilla.org/en-US/docs/Web/HTTP/Status/403",2026-07-17T16:23:13.253971
humanite,bd6t5555624,,failed,0,0,,http_manifest,known,403,manifest,"Client error '403 ' for url 'https://openapiproext.bnf.fr/iiif/presentation/v3/ark:/12148/bd6t5555624/manifest.json'
For more information check: https://developer.mozilla.org/en-US/docs/Web/HTTP/Status/403",2026-07-17T16:23:14.476080
humanite,bd6t555563g,,failed,0,0,,http_manifest,known,403,manifest,"Client error '403 ' for url 'https://openapiproext.bnf.fr/iiif/presentation/v3/ark:/12148/bd6t555563g/manifest.json'
For more information check: https://developer.mozilla.org/en-US/docs/Web/HTTP/Status/403",2026-07-17T16:23:15.665358
humanite,bd6t555564t,,failed,0,0,,http_manifest,known,403,manifest,"Client error '403 ' for url 'https://openapiproext.bnf.fr/iiif/presentation/v3/ark:/12148/bd6t555564t/manifest.json'
For more information check: https://developer.mozilla.org/en-US/docs/Web/HTTP/Status/403",2026-07-17T16:23:16.854394
humanite,bd6t5555655,,failed,0,0,,http_manifest,known,403,manifest,"Client error '403 ' for url 'https://openapiproext.bnf.fr/iiif/presentation/v3/ark:/12148/bd6t5555655/manifest.json'
For more information check: https://developer.mozilla.org/en-US/docs/Web/HTTP/Status/403",2026-07-17T16:23:18.352504
humanite,bd6t555566h,,failed,0,0,,http_manifest,known,403,manifest,"Client error '403 ' for url 'https://openapiproext.bnf.fr/iiif/presentation/v3/ark:/12148/bd6t555566h/manifest.json'
For more information check: https://developer.mozilla.org/en-US/docs/Web/HTTP/Status/403",2026-07-17T16:23:19.299930
humanite,bd6t555567v,,failed,0,0,,http_manifest,known,403,manifest,"Client error '403 ' for url 'https://openapiproext.bnf.fr/iiif/presentation/v3/ark:/12148/bd6t555567v/manifest.json'
For more information check: https://developer.mozilla.org/en-US/docs/Web/HTTP/Status/403",2026-07-17T16:23:20.475363
humanite,bd6t5555686,,failed,0,0,,http_manifest,known,403,manifest,"Client error '403 ' for url 'https://openapiproext.bnf.fr/iiif/presentation/v3/ark:/12148/bd6t5555686/manifest.json'
For more information check: https://developer.mozilla.org/en-US/docs/Web/HTTP/Status/403",2026-07-17T16:23:21.663190
humanite,bd6t555569j,,failed,0,0,,http_manifest,known,403,manifest,"Client error '403 ' for url 'https://openapiproext.bnf.fr/iiif/presentation/v3/ark:/12148/bd6t555569j/manifest.json'
For more information check: https://developer.mozilla.org/en-US/docs/Web/HTTP/Status/403",2026-07-17T16:23:22.883870
humanite,bd6t555570r,,failed,0,0,,http_manifest,known,403,manifest,"Client error '403 ' for url 'https://openapiproext.bnf.fr/iiif/presentation/v3/ark:/12148/bd6t555570r/manifest.json'
For more information check: https://developer.mozilla.org/en-US/docs/Web/HTTP/Status/403",2026-07-17T16:23:24.066577
humanite,bd6t5555713,,failed,0,0,,http_manifest,known,403,manifest,"Client error '403 ' for url 'https://openapiproext.bnf.fr/iiif/presentation/v3/ark:/12148/bd6t5555713/manifest.json'
For more information check: https://developer.mozilla.org/en-US/docs/Web/HTTP/Status/403",2026-07-17T16:23:25.267315
humanite,bd6t555572f,,failed,0,0,,http_manifest,known,403,manifest,"Client error '403 ' for url 'https://openapiproext.bnf.fr/iiif/presentation/v3/ark:/12148/bd6t555572f/manifest.json'
For more information check: https://developer.mozilla.org/en-US/docs/Web/HTTP/Status/403",2026-07-17T16:23:26.466218
humanite,bd6t555573s,,failed,0,0,,http_manifest,known,403,manifest,"Client error '403 ' for url 'https://openapiproext.bnf.fr/iiif/presentation/v3/ark:/12148/bd6t555573s/manifest.json'
For more information check: https://developer.mozilla.org/en-US/docs/Web/HTTP/Status/403",2026-07-17T16:23:27.694706
humanite,bd6t5555744,,failed,0,0,,http_manifest,known,403,manifest,"Client error '403 ' for url 'https://openapiproext.bnf.fr/iiif/presentation/v3/ark:/12148/bd6t5555744/manifest.json'
For more information check: https://developer.mozilla.org/en-US/docs/Web/HTTP/Status/403",2026-07-17T16:23:28.880553
humanite,bd6t555575g,,failed,0,0,,http_manifest,known,403,manifest,"Client error '403 ' for url 'https://openapiproext.bnf.fr/iiif/presentation/v3/ark:/12148/bd6t555575g/manifest.json'
For more information check: https://developer.mozilla.org/en-US/docs/Web/HTTP/Status/403",2026-07-17T16:23:30.078377
humanite,bd6t555576t,,failed,0,0,,http_manifest,known,403,manifest,"Client error '403 ' for url 'https://openapiproext.bnf.fr/iiif/presentation/v3/ark:/12148/bd6t555576t/manifest.json'
For more information check: https://developer.mozilla.org/en-US/docs/Web/HTTP/Status/403",2026-07-17T16:23:31.279593
humanite,bd6t555578h,,failed,0,0,,http_manifest,known,403,manifest,"Client error '403 ' for url 'https://openapiproext.bnf.fr/iiif/presentation/v3/ark:/12148/bd6t555578h/manifest.json'
For more information check: https://developer.mozilla.org/en-US/docs/Web/HTTP/Status/403",2026-07-17T16:23:32.476858
humanite,bd6t5555775,,failed,0,0,,http_manifest,known,403,manifest,"Client error '403 ' for url 'https://openapiproext.bnf.fr/iiif/presentation/v3/ark:/12148/bd6t5555775/manifest.json'
For more information check: https://developer.mozilla.org/en-US/docs/Web/HTTP/Status/403",2026-07-17T16:23:33.676810
humanite,bd6t555579v,,failed,0,0,,http_manifest,known,403,manifest,"Client error '403 ' for url 'https://openapiproext.bnf.fr/iiif/presentation/v3/ark:/12148/bd6t555579v/manifest.json'
For more information check: https://developer.mozilla.org/en-US/docs/Web/HTTP/Status/403",2026-07-17T16:23:34.879009
humanite,bd6t5555802,,failed,0,0,,http_manifest,known,403,manifest,"Client error '403 ' for url 'https://openapiproext.bnf.fr/iiif/presentation/v3/ark:/12148/bd6t5555802/manifest.json'
For more information check: https://developer.mozilla.org/en-US/docs/Web/HTTP/Status/403",2026-07-17T16:23:36.082864
humanite,bd6t555582r,,failed,0,0,,http_manifest,known,403,manifest,"Client error '403 ' for url 'https://openapiproext.bnf.fr/iiif/presentation/v3/ark:/12148/bd6t555582r/manifest.json'
For more information check: https://developer.mozilla.org/en-US/docs/Web/HTTP/Status/403",2026-07-17T16:23:37.279605
humanite,bd6t555581d,,failed,0,0,,http_manifest,known,403,manifest,"Client error '403 ' for url 'https://openapiproext.bnf.fr/iiif/presentation/v3/ark:/12148/bd6t555581d/manifest.json'
For more information check: https://developer.mozilla.org/en-US/docs/Web/HTTP/Status/403",2026-07-17T16:23:38.485577
humanite,bd6t5555833,,failed,0,0,,http_manifest,known,403,manifest,"Client error '403 ' for url 'https://openapiproext.bnf.fr/iiif/presentation/v3/ark:/12148/bd6t5555833/manifest.json'
For more information check: https://developer.mozilla.org/en-US/docs/Web/HTTP/Status/403",2026-07-17T16:23:39.687583
humanite,bd6t555584f,,failed,0,0,,http_manifest,known,403,manifest,"Client error '403 ' for url 'https://openapiproext.bnf.fr/iiif/presentation/v3/ark:/12148/bd6t555584f/manifest.json'
For more information check: https://developer.mozilla.org/en-US/docs/Web/HTTP/Status/403",2026-07-17T16:23:40.891117
humanite,bd6t555585s,,failed,0,0,,http_manifest,known,403,manifest,"Client error '403 ' for url 'https://openapiproext.bnf.fr/iiif/presentation/v3/ark:/12148/bd6t555585s/manifest.json'
For more information check: https://developer.mozilla.org/en-US/docs/Web/HTTP/Status/403",2026-07-17T16:23:42.087159
humanite,bd6t5554218,,failed,0,0,,http_manifest,known,403,manifest,"Client error '403 ' for url 'https://openapiproext.bnf.fr/iiif/presentation/v3/ark:/12148/bd6t5554218/manifest.json'
For more information check: https://developer.mozilla.org/en-US/docs/Web/HTTP/Status/403",2026-07-17T16:23:43.291443
humanite,bd6t555422m,,failed,0,0,,http_manifest,known,403,manifest,"Client error '403 ' for url 'https://openapiproext.bnf.fr/iiif/presentation/v3/ark:/12148/bd6t555422m/manifest.json'
For more information check: https://developer.mozilla.org/en-US/docs/Web/HTTP/Status/403",2026-07-17T16:23:44.491881
humanite,bd6t555423z,,failed,0,0,,http_manifest,known,403,manifest,"Client error '403 ' for url 'https://openapiproext.bnf.fr/iiif/presentation/v3/ark:/12148/bd6t555423z/manifest.json'
For more information check: https://developer.mozilla.org/en-US/docs/Web/HTTP/Status/403",2026-07-17T16:23:45.692686
humanite,bd6t5554249,,failed,0,0,,http_manifest,known,403,manifest,"Client error '403 ' for url 'https://openapiproext.bnf.fr/iiif/presentation/v3/ark:/12148/bd6t5554249/manifest.json'
For more information check: https://developer.mozilla.org/en-US/docs/Web/HTTP/Status/403",2026-07-17T16:23:46.899158
humanite,bd6t555425n,,failed,0,0,,http_manifest,known,403,manifest,"Client error '403 ' for url 'https://openapiproext.bnf.fr/iiif/presentation/v3/ark:/12148/bd6t555425n/manifest.json'
For more information check: https://developer.mozilla.org/en-US/docs/Web/HTTP/Status/403",2026-07-17T16:23:48.095697
humanite,bd6t5554260,,failed,0,0,,http_manifest,known,403,manifest,"Client error '403 ' for url 'https://openapiproext.bnf.fr/iiif/presentation/v3/ark:/12148/bd6t5554260/manifest.json'
For more information check: https://developer.mozilla.org/en-US/docs/Web/HTTP/Status/403",2026-07-17T16:23:49.302730
humanite,bd6t555427b,,failed,0,0,,http_manifest,known,403,manifest,"Client error '403 ' for url 'https://openapiproext.bnf.fr/iiif/presentation/v3/ark:/12148/bd6t555427b/manifest.json'
For more information check: https://developer.mozilla.org/en-US/docs/Web/HTTP/Status/403",2026-07-17T16:23:50.521958
humanite,bd6t555428p,,failed,0,0,,http_manifest,known,403,manifest,"Client error '403 ' for url 'https://openapiproext.bnf.fr/iiif/presentation/v3/ark:/12148/bd6t555428p/manifest.json'
For more information check: https://developer.mozilla.org/en-US/docs/Web/HTTP/Status/403",2026-07-17T16:23:51.702704
humanite,bd6t5554291,,failed,0,0,,http_manifest,known,403,manifest,"Client error '403 ' for url 'https://openapiproext.bnf.fr/iiif/presentation/v3/ark:/12148/bd6t5554291/manifest.json'
For more information check: https://developer.mozilla.org/en-US/docs/Web/HTTP/Status/403",2026-07-17T16:23:52.905847
humanite,bd6t5554307,,failed,0,0,,http_manifest,known,403,manifest,"Client error '403 ' for url 'https://openapiproext.bnf.fr/iiif/presentation/v3/ark:/12148/bd6t5554307/manifest.json'
For more information check: https://developer.mozilla.org/en-US/docs/Web/HTTP/Status/403",2026-07-17T16:23:54.102046
humanite,bd6t555431k,,failed,0,0,,http_manifest,known,403,manifest,"Client error '403 ' for url 'https://openapiproext.bnf.fr/iiif/presentation/v3/ark:/12148/bd6t555431k/manifest.json'
For more information check: https://developer.mozilla.org/en-US/docs/Web/HTTP/Status/403",2026-07-17T16:23:55.307505
humanite,bd6t555432x,,failed,0,0,,http_manifest,known,403,manifest,"Client error '403 ' for url 'https://openapiproext.bnf.fr/iiif/presentation/v3/ark:/12148/bd6t555432x/manifest.json'
For more information check: https://developer.mozilla.org/en-US/docs/Web/HTTP/Status/403",2026-07-17T16:23:56.512964
humanite,bd6t5554338,,failed,0,0,,http_manifest,known,403,manifest,"Client error '403 ' for url 'https://openapiproext.bnf.fr/iiif/presentation/v3/ark:/12148/bd6t5554338/manifest.json'
For more information check: https://developer.mozilla.org/en-US/docs/Web/HTTP/Status/403",2026-07-17T16:23:57.824506
humanite,bd6t555434m,,failed,0,0,,http_manifest,known,403,manifest,"Client error '403 ' for url 'https://openapiproext.bnf.fr/iiif/presentation/v3/ark:/12148/bd6t555434m/manifest.json'
For more information check: https://developer.mozilla.org/en-US/docs/Web/HTTP/Status/403",2026-07-17T16:23:58.912747
humanite,bd6t555435z,,failed,0,0,,http_manifest,known,403,manifest,"Client error '403 ' for url 'https://openapiproext.bnf.fr/iiif/presentation/v3/ark:/12148/bd6t555435z/manifest.json'
For more information check: https://developer.mozilla.org/en-US/docs/Web/HTTP/Status/403",2026-07-17T16:24:00.347054
humanite,bd6t5554369,,failed,0,0,,http_manifest,known,403,manifest,"Client error '403 ' for url 'https://openapiproext.bnf.fr/iiif/presentation/v3/ark:/12148/bd6t5554369/manifest.json'
For more information check: https://developer.mozilla.org/en-US/docs/Web/HTTP/Status/403",2026-07-17T16:24:01.489730
humanite,bd6t555437n,,failed,0,0,,http_manifest,known,403,manifest,"Client error '403 ' for url 'https://openapiproext.bnf.fr/iiif/presentation/v3/ark:/12148/bd6t555437n/manifest.json'
For more information check: https://developer.mozilla.org/en-US/docs/Web/HTTP/Status/403",2026-07-17T16:24:02.553076
humanite,bd6t5554380,,failed,0,0,,http_manifest,known,403,manifest,"Client error '403 ' for url 'https://openapiproext.bnf.fr/iiif/presentation/v3/ark:/12148/bd6t5554380/manifest.json'
For more information check: https://developer.mozilla.org/en-US/docs/Web/HTTP/Status/403",2026-07-17T16:24:03.883870
humanite,bd6t555439b,,failed,0,0,,http_manifest,known,403,manifest,"Client error '403 ' for url 'https://openapiproext.bnf.fr/iiif/presentation/v3/ark:/12148/bd6t555439b/manifest.json'
For more information check: https://developer.mozilla.org/en-US/docs/Web/HTTP/Status/403",2026-07-17T16:24:05.070355
humanite,bd6t555440j,,failed,0,0,,http_manifest,known,403,manifest,"Client error '403 ' for url 'https://openapiproext.bnf.fr/iiif/presentation/v3/ark:/12148/bd6t555440j/manifest.json'
For more information check: https://developer.mozilla.org/en-US/docs/Web/HTTP/Status/403",2026-07-17T16:24:06.413264
humanite,bd6t555441w,,failed,0,0,,http_manifest,known,403,manifest,"Client error '403 ' for url 'https://openapiproext.bnf.fr/iiif/presentation/v3/ark:/12148/bd6t555441w/manifest.json'
For more information check: https://developer.mozilla.org/en-US/docs/Web/HTTP/Status/403",2026-07-17T16:24:07.327095
humanite,bd6t5554427,,failed,0,0,,http_manifest,known,403,manifest,"Client error '403 ' for url 'https://openapiproext.bnf.fr/iiif/presentation/v3/ark:/12148/bd6t5554427/manifest.json'
For more information check: https://developer.mozilla.org/en-US/docs/Web/HTTP/Status/403",2026-07-17T16:24:08.522192
humanite,bd6t555443k,,failed,0,0,,http_manifest,known,403,manifest,"Client error '403 ' for url 'https://openapiproext.bnf.fr/iiif/presentation/v3/ark:/12148/bd6t555443k/manifest.json'
For more information check: https://developer.mozilla.org/en-US/docs/Web/HTTP/Status/403",2026-07-17T16:24:09.729855
humanite,bd6t555444x,,failed,0,0,,http_manifest,known,403,manifest,"Client error '403 ' for url 'https://openapiproext.bnf.fr/iiif/presentation/v3/ark:/12148/bd6t555444x/manifest.json'
For more information check: https://developer.mozilla.org/en-US/docs/Web/HTTP/Status/403",2026-07-17T16:24:10.929403
humanite,bd6t5554458,,failed,0,0,,http_manifest,known,403,manifest,"Client error '403 ' for url 'https://openapiproext.bnf.fr/iiif/presentation/v3/ark:/12148/bd6t5554458/manifest.json'
For more information check: https://developer.mozilla.org/en-US/docs/Web/HTTP/Status/403",2026-07-17T16:24:12.135820
humanite,bd6t555446m,,failed,0,0,,http_manifest,known,403,manifest,"Client error '403 ' for url 'https://openapiproext.bnf.fr/iiif/presentation/v3/ark:/12148/bd6t555446m/manifest.json'
For more information check: https://developer.mozilla.org/en-US/docs/Web/HTTP/Status/403",2026-07-17T16:24:13.327276
humanite,bd6t555447z,,failed,0,0,,http_manifest,known,403,manifest,"Client error '403 ' for url 'https://openapiproext.bnf.fr/iiif/presentation/v3/ark:/12148/bd6t555447z/manifest.json'
For more information check: https://developer.mozilla.org/en-US/docs/Web/HTTP/Status/403",2026-07-17T16:24:14.528349
humanite,bd6t5554489,,failed,0,0,,http_manifest,known,403,manifest,"Client error '403 ' for url 'https://openapiproext.bnf.fr/iiif/presentation/v3/ark:/12148/bd6t5554489/manifest.json'
For more information check: https://developer.mozilla.org/en-US/docs/Web/HTTP/Status/403",2026-07-17T16:24:15.732038
humanite,bd6t555449n,,failed,0,0,,http_manifest,known,403,manifest,"Client error '403 ' for url 'https://openapiproext.bnf.fr/iiif/presentation/v3/ark:/12148/bd6t555449n/manifest.json'
For more information check: https://developer.mozilla.org/en-US/docs/Web/HTTP/Status/403",2026-07-17T16:24:16.934913
humanite,bd6t555450v,,failed,0,0,,http_manifest,known,403,manifest,"Client error '403 ' for url 'https://openapiproext.bnf.fr/iiif/presentation/v3/ark:/12148/bd6t555450v/manifest.json'
For more information check: https://developer.mozilla.org/en-US/docs/Web/HTTP/Status/403",2026-07-17T16:24:18.142325
humanite,bd6t5554516,,failed,0,0,,http_manifest,known,403,manifest,"Client error '403 ' for url 'https://openapiproext.bnf.fr/iiif/presentation/v3/ark:/12148/bd6t5554516/manifest.json'
For more information check: https://developer.mozilla.org/en-US/docs/Web/HTTP/Status/403",2026-07-17T16:24:19.337272
humanite,bd6t555452j,,failed,0,0,,http_manifest,known,403,manifest,"Client error '403 ' for url 'https://openapiproext.bnf.fr/iiif/presentation/v3/ark:/12148/bd6t555452j/manifest.json'
For more information check: https://developer.mozilla.org/en-US/docs/Web/HTTP/Status/403",2026-07-17T16:24:20.557875
humanite,bd6t555453w,,failed,0,0,,http_manifest,known,403,manifest,"Client error '403 ' for url 'https://openapiproext.bnf.fr/iiif/presentation/v3/ark:/12148/bd6t555453w/manifest.json'
For more information check: https://developer.mozilla.org/en-US/docs/Web/HTTP/Status/403",2026-07-17T16:24:21.763019
humanite,bd6t5554547,,failed,0,0,,http_manifest,known,403,manifest,"Client error '403 ' for url 'https://openapiproext.bnf.fr/iiif/presentation/v3/ark:/12148/bd6t5554547/manifest.json'
For more information check: https://developer.mozilla.org/en-US/docs/Web/HTTP/Status/403",2026-07-17T16:24:22.945114
humanite,bd6t555455k,,failed,0,0,,http_manifest,known,403,manifest,"Client error '403 ' for url 'https://openapiproext.bnf.fr/iiif/presentation/v3/ark:/12148/bd6t555455k/manifest.json'
For more information check: https://developer.mozilla.org/en-US/docs/Web/HTTP/Status/403",2026-07-17T16:24:24.151678
humanite,bd6t555456x,,failed,0,0,,http_manifest,known,403,manifest,"Client error '403 ' for url 'https://openapiproext.bnf.fr/iiif/presentation/v3/ark:/12148/bd6t555456x/manifest.json'
For more information check: https://developer.mozilla.org/en-US/docs/Web/HTTP/Status/403",2026-07-17T16:24:25.339999
humanite,bd6t5554578,,failed,0,0,,http_manifest,known,403,manifest,"Client error '403 ' for url 'https://openapiproext.bnf.fr/iiif/presentation/v3/ark:/12148/bd6t5554578/manifest.json'
For more information check: https://developer.mozilla.org/en-US/docs/Web/HTTP/Status/403",2026-07-17T16:24:26.542476
humanite,bd6t555458m,,failed,0,0,,http_manifest,known,403,manifest,"Client error '403 ' for url 'https://openapiproext.bnf.fr/iiif/presentation/v3/ark:/12148/bd6t555458m/manifest.json'
For more information check: https://developer.mozilla.org/en-US/docs/Web/HTTP/Status/403",2026-07-17T16:24:27.777135
humanite,bd6t555459z,,failed,0,0,,http_manifest,known,403,manifest,"Client error '403 ' for url 'https://openapiproext.bnf.fr/iiif/presentation/v3/ark:/12148/bd6t555459z/manifest.json'
For more information check: https://developer.mozilla.org/en-US/docs/Web/HTTP/Status/403",2026-07-17T16:24:28.947680
humanite,bd6t5554605,,failed,0,0,,http_manifest,known,403,manifest,"Client error '403 ' for url 'https://openapiproext.bnf.fr/iiif/presentation/v3/ark:/12148/bd6t5554605/manifest.json'
For more information check: https://developer.mozilla.org/en-US/docs/Web/HTTP/Status/403",2026-07-17T16:24:30.150777
humanite,bd6t555461h,,failed,0,0,,http_manifest,known,403,manifest,"Client error '403 ' for url 'https://openapiproext.bnf.fr/iiif/presentation/v3/ark:/12148/bd6t555461h/manifest.json'
For more information check: https://developer.mozilla.org/en-US/docs/Web/HTTP/Status/403",2026-07-17T16:24:31.353527
humanite,bd6t555462v,,failed,0,0,,http_manifest,known,403,manifest,"Client error '403 ' for url 'https://openapiproext.bnf.fr/iiif/presentation/v3/ark:/12148/bd6t555462v/manifest.json'
For more information check: https://developer.mozilla.org/en-US/docs/Web/HTTP/Status/403",2026-07-17T16:24:32.550492
humanite,bd6t5554636,,failed,0,0,,http_manifest,known,403,manifest,"Client error '403 ' for url 'https://openapiproext.bnf.fr/iiif/presentation/v3/ark:/12148/bd6t5554636/manifest.json'
For more information check: https://developer.mozilla.org/en-US/docs/Web/HTTP/Status/403",2026-07-17T16:24:33.752715
humanite,bd6t555464j,,failed,0,0,,http_manifest,known,403,manifest,"Client error '403 ' for url 'https://openapiproext.bnf.fr/iiif/presentation/v3/ark:/12148/bd6t555464j/manifest.json'
For more information check: https://developer.mozilla.org/en-US/docs/Web/HTTP/Status/403",2026-07-17T16:24:34.952854
humanite,bd6t555465w,,failed,0,0,,http_manifest,known,403,manifest,"Client error '403 ' for url 'https://openapiproext.bnf.fr/iiif/presentation/v3/ark:/12148/bd6t555465w/manifest.json'
For more information check: https://developer.mozilla.org/en-US/docs/Web/HTTP/Status/403",2026-07-17T16:24:36.152246
humanite,bd6t5554667,,failed,0,0,,http_manifest,known,403,manifest,"Client error '403 ' for url 'https://openapiproext.bnf.fr/iiif/presentation/v3/ark:/12148/bd6t5554667/manifest.json'
For more information check: https://developer.mozilla.org/en-US/docs/Web/HTTP/Status/403",2026-07-17T16:24:37.356692
humanite,bd6t555467k,,failed,0,0,,http_manifest,known,403,manifest,"Client error '403 ' for url 'https://openapiproext.bnf.fr/iiif/presentation/v3/ark:/12148/bd6t555467k/manifest.json'
For more information check: https://developer.mozilla.org/en-US/docs/Web/HTTP/Status/403",2026-07-17T16:24:38.558539
humanite,bd6t555468x,,failed,0,0,,http_manifest,known,403,manifest,"Client error '403 ' for url 'https://openapiproext.bnf.fr/iiif/presentation/v3/ark:/12148/bd6t555468x/manifest.json'
For more information check: https://developer.mozilla.org/en-US/docs/Web/HTTP/Status/403",2026-07-17T16:24:39.767591
humanite,bd6t5554698,,failed,0,0,,http_manifest,known,403,manifest,"Client error '403 ' for url 'https://openapiproext.bnf.fr/iiif/presentation/v3/ark:/12148/bd6t5554698/manifest.json'
For more information check: https://developer.mozilla.org/en-US/docs/Web/HTTP/Status/403",2026-07-17T16:24:40.962366
humanite,bd6t555470g,,failed,0,0,,http_manifest,known,403,manifest,"Client error '403 ' for url 'https://openapiproext.bnf.fr/iiif/presentation/v3/ark:/12148/bd6t555470g/manifest.json'
For more information check: https://developer.mozilla.org/en-US/docs/Web/HTTP/Status/403",2026-07-17T16:24:42.163018
humanite,bd6t555471t,,failed,0,0,,http_manifest,known,403,manifest,"Client error '403 ' for url 'https://openapiproext.bnf.fr/iiif/presentation/v3/ark:/12148/bd6t555471t/manifest.json'
For more information check: https://developer.mozilla.org/en-US/docs/Web/HTTP/Status/403",2026-07-17T16:24:43.372493
humanite,bd6t5554725,,failed,0,0,,http_manifest,known,403,manifest,"Client error '403 ' for url 'https://openapiproext.bnf.fr/iiif/presentation/v3/ark:/12148/bd6t5554725/manifest.json'
For more information check: https://developer.mozilla.org/en-US/docs/Web/HTTP/Status/403",2026-07-17T16:24:44.565688
humanite,bd6t555473h,,failed,0,0,,http_manifest,known,403,manifest,"Client error '403 ' for url 'https://openapiproext.bnf.fr/iiif/presentation/v3/ark:/12148/bd6t555473h/manifest.json'
For more information check: https://developer.mozilla.org/en-US/docs/Web/HTTP/Status/403",2026-07-17T16:24:45.768893
humanite,bd6t555474v,,failed,0,0,,http_manifest,known,403,manifest,"Client error '403 ' for url 'https://openapiproext.bnf.fr/iiif/presentation/v3/ark:/12148/bd6t555474v/manifest.json'
For more information check: https://developer.mozilla.org/en-US/docs/Web/HTTP/Status/403",2026-07-17T16:24:46.976970
humanite,bd6t5554756,,failed,0,0,,http_manifest,known,403,manifest,"Client error '403 ' for url 'https://openapiproext.bnf.fr/iiif/presentation/v3/ark:/12148/bd6t5554756/manifest.json'
For more information check: https://developer.mozilla.org/en-US/docs/Web/HTTP/Status/403",2026-07-17T16:24:48.178317
humanite,bd6t555476j,,failed,0,0,,http_manifest,known,403,manifest,"Client error '403 ' for url 'https://openapiproext.bnf.fr/iiif/presentation/v3/ark:/12148/bd6t555476j/manifest.json'
For more information check: https://developer.mozilla.org/en-US/docs/Web/HTTP/Status/403",2026-07-17T16:24:49.400166
humanite,bd6t555477w,,failed,0,0,,http_manifest,known,403,manifest,"Client error '403 ' for url 'https://openapiproext.bnf.fr/iiif/presentation/v3/ark:/12148/bd6t555477w/manifest.json'
For more information check: https://developer.mozilla.org/en-US/docs/Web/HTTP/Status/403",2026-07-17T16:24:50.577868
humanite,bd6t5554787,,failed,0,0,,http_manifest,known,403,manifest,"Client error '403 ' for url 'https://openapiproext.bnf.fr/iiif/presentation/v3/ark:/12148/bd6t5554787/manifest.json'
For more information check: https://developer.mozilla.org/en-US/docs/Web/HTTP/Status/403",2026-07-17T16:24:51.776318
humanite,bd6t555479k,,failed,0,0,,http_manifest,known,403,manifest,"Client error '403 ' for url 'https://openapiproext.bnf.fr/iiif/presentation/v3/ark:/12148/bd6t555479k/manifest.json'
For more information check: https://developer.mozilla.org/en-US/docs/Web/HTTP/Status/403",2026-07-17T16:24:52.983384
humanite,bd6t555480s,,failed,0,0,,http_manifest,known,403,manifest,"Client error '403 ' for url 'https://openapiproext.bnf.fr/iiif/presentation/v3/ark:/12148/bd6t555480s/manifest.json'
For more information check: https://developer.mozilla.org/en-US/docs/Web/HTTP/Status/403",2026-07-17T16:24:54.181973
humanite,bd6t5554814,,failed,0,0,,http_manifest,known,403,manifest,"Client error '403 ' for url 'https://openapiproext.bnf.fr/iiif/presentation/v3/ark:/12148/bd6t5554814/manifest.json'
For more information check: https://developer.mozilla.org/en-US/docs/Web/HTTP/Status/403",2026-07-17T16:24:55.382398
humanite,bd6t555482g,,failed,0,0,,http_manifest,known,403,manifest,"Client error '403 ' for url 'https://openapiproext.bnf.fr/iiif/presentation/v3/ark:/12148/bd6t555482g/manifest.json'
For more information check: https://developer.mozilla.org/en-US/docs/Web/HTTP/Status/403",2026-07-17T16:24:56.582551
humanite,bd6t555483t,,failed,0,0,,http_manifest,known,403,manifest,"Client error '403 ' for url 'https://openapiproext.bnf.fr/iiif/presentation/v3/ark:/12148/bd6t555483t/manifest.json'
For more information check: https://developer.mozilla.org/en-US/docs/Web/HTTP/Status/403",2026-07-17T16:24:57.879505
humanite,bd6t5554845,,failed,0,0,,http_manifest,known,403,manifest,"Client error '403 ' for url 'https://openapiproext.bnf.fr/iiif/presentation/v3/ark:/12148/bd6t5554845/manifest.json'
For more information check: https://developer.mozilla.org/en-US/docs/Web/HTTP/Status/403",2026-07-17T16:24:59.286751
humanite,bd6t555485h,,failed,0,0,,http_manifest,known,403,manifest,"Client error '403 ' for url 'https://openapiproext.bnf.fr/iiif/presentation/v3/ark:/12148/bd6t555485h/manifest.json'
For more information check: https://developer.mozilla.org/en-US/docs/Web/HTTP/Status/403",2026-07-17T16:25:00.203373
humanite,bd6t555486v,,failed,0,0,,http_manifest,known,403,manifest,"Client error '403 ' for url 'https://openapiproext.bnf.fr/iiif/presentation/v3/ark:/12148/bd6t555486v/manifest.json'
For more information check: https://developer.mozilla.org/en-US/docs/Web/HTTP/Status/403",2026-07-17T16:25:01.490599
humanite,bd6t5554876,,failed,0,0,,http_manifest,known,403,manifest,"Client error '403 ' for url 'https://openapiproext.bnf.fr/iiif/presentation/v3/ark:/12148/bd6t5554876/manifest.json'
For more information check: https://developer.mozilla.org/en-US/docs/Web/HTTP/Status/403",2026-07-17T16:25:02.588554
humanite,bd6t555488j,,failed,0,0,,http_manifest,known,403,manifest,"Client error '403 ' for url 'https://openapiproext.bnf.fr/iiif/presentation/v3/ark:/12148/bd6t555488j/manifest.json'
For more information check: https://developer.mozilla.org/en-US/docs/Web/HTTP/Status/403",2026-07-17T16:25:03.949496
humanite,bd6t555489w,,failed,0,0,,http_manifest,known,403,manifest,"Client error '403 ' for url 'https://openapiproext.bnf.fr/iiif/presentation/v3/ark:/12148/bd6t555489w/manifest.json'
For more information check: https://developer.mozilla.org/en-US/docs/Web/HTTP/Status/403",2026-07-17T16:25:05.192471
humanite,bd6t5554903,,failed,0,0,,http_manifest,known,403,manifest,"Client error '403 ' for url 'https://openapiproext.bnf.fr/iiif/presentation/v3/ark:/12148/bd6t5554903/manifest.json'
For more information check: https://developer.mozilla.org/en-US/docs/Web/HTTP/Status/403",2026-07-17T16:25:06.316596
humanite,bd6t555491f,,failed,0,0,,http_manifest,known,403,manifest,"Client error '403 ' for url 'https://openapiproext.bnf.fr/iiif/presentation/v3/ark:/12148/bd6t555491f/manifest.json'
For more information check: https://developer.mozilla.org/en-US/docs/Web/HTTP/Status/403",2026-07-17T16:25:07.547398
humanite,bd6t555492s,,failed,0,0,,http_manifest,known,403,manifest,"Client error '403 ' for url 'https://openapiproext.bnf.fr/iiif/presentation/v3/ark:/12148/bd6t555492s/manifest.json'
For more information check: https://developer.mozilla.org/en-US/docs/Web/HTTP/Status/403",2026-07-17T16:25:08.610473
humanite,bd6t5554934,,failed,0,0,,http_manifest,known,403,manifest,"Client error '403 ' for url 'https://openapiproext.bnf.fr/iiif/presentation/v3/ark:/12148/bd6t5554934/manifest.json'
For more information check: https://developer.mozilla.org/en-US/docs/Web/HTTP/Status/403",2026-07-17T16:25:10.039422
humanite,bd6t555494g,,failed,0,0,,http_manifest,known,403,manifest,"Client error '403 ' for url 'https://openapiproext.bnf.fr/iiif/presentation/v3/ark:/12148/bd6t555494g/manifest.json'
For more information check: https://developer.mozilla.org/en-US/docs/Web/HTTP/Status/403",2026-07-17T16:25:11.003756
humanite,bd6t555495t,,failed,0,0,,http_manifest,known,403,manifest,"Client error '403 ' for url 'https://openapiproext.bnf.fr/iiif/presentation/v3/ark:/12148/bd6t555495t/manifest.json'
For more information check: https://developer.mozilla.org/en-US/docs/Web/HTTP/Status/403",2026-07-17T16:25:12.266442
humanite,bd6t5554965,,failed,0,0,,http_manifest,known,403,manifest,"Client error '403 ' for url 'https://openapiproext.bnf.fr/iiif/presentation/v3/ark:/12148/bd6t5554965/manifest.json'
For more information check: https://developer.mozilla.org/en-US/docs/Web/HTTP/Status/403",2026-07-17T16:25:13.412149
humanite,bd6t555497h,,failed,0,0,,http_manifest,known,403,manifest,"Client error '403 ' for url 'https://openapiproext.bnf.fr/iiif/presentation/v3/ark:/12148/bd6t555497h/manifest.json'
For more information check: https://developer.mozilla.org/en-US/docs/Web/HTTP/Status/403",2026-07-17T16:25:14.659312
humanite,bd6t5553408,,failed,0,0,,http_manifest,known,403,manifest,"Client error '403 ' for url 'https://openapiproext.bnf.fr/iiif/presentation/v3/ark:/12148/bd6t5553408/manifest.json'
For more information check: https://developer.mozilla.org/en-US/docs/Web/HTTP/Status/403",2026-07-17T16:25:15.970255
humanite,bd6t555341m,,failed,0,0,,http_manifest,known,403,manifest,"Client error '403 ' for url 'https://openapiproext.bnf.fr/iiif/presentation/v3/ark:/12148/bd6t555341m/manifest.json'
For more information check: https://developer.mozilla.org/en-US/docs/Web/HTTP/Status/403",2026-07-17T16:25:17.009092
humanite,bd6t555342z,,failed,0,0,,http_manifest,known,403,manifest,"Client error '403 ' for url 'https://openapiproext.bnf.fr/iiif/presentation/v3/ark:/12148/bd6t555342z/manifest.json'
For more information check: https://developer.mozilla.org/en-US/docs/Web/HTTP/Status/403",2026-07-17T16:25:18.222610
humanite,bd6t5553439,,failed,0,0,,http_manifest,known,403,manifest,"Client error '403 ' for url 'https://openapiproext.bnf.fr/iiif/presentation/v3/ark:/12148/bd6t5553439/manifest.json'
For more information check: https://developer.mozilla.org/en-US/docs/Web/HTTP/Status/403",2026-07-17T16:25:19.422520
humanite,bd6t555344n,,failed,0,0,,http_manifest,known,403,manifest,"Client error '403 ' for url 'https://openapiproext.bnf.fr/iiif/presentation/v3/ark:/12148/bd6t555344n/manifest.json'
For more information check: https://developer.mozilla.org/en-US/docs/Web/HTTP/Status/403",2026-07-17T16:25:20.619460
humanite,bd6t5553450,,failed,0,0,,http_manifest,known,403,manifest,"Client error '403 ' for url 'https://openapiproext.bnf.fr/iiif/presentation/v3/ark:/12148/bd6t5553450/manifest.json'
For more information check: https://developer.mozilla.org/en-US/docs/Web/HTTP/Status/403",2026-07-17T16:25:21.842212
humanite,bd6t555346b,,failed,0,0,,http_manifest,known,403,manifest,"Client error '403 ' for url 'https://openapiproext.bnf.fr/iiif/presentation/v3/ark:/12148/bd6t555346b/manifest.json'
For more information check: https://developer.mozilla.org/en-US/docs/Web/HTTP/Status/403",2026-07-17T16:25:23.017312
humanite,bd6t555347p,,failed,0,0,,http_manifest,known,403,manifest,"Client error '403 ' for url 'https://openapiproext.bnf.fr/iiif/presentation/v3/ark:/12148/bd6t555347p/manifest.json'
For more information check: https://developer.mozilla.org/en-US/docs/Web/HTTP/Status/403",2026-07-17T16:25:24.225951
humanite,bd6t5553481,,failed,0,0,,http_manifest,known,403,manifest,"Client error '403 ' for url 'https://openapiproext.bnf.fr/iiif/presentation/v3/ark:/12148/bd6t5553481/manifest.json'
For more information check: https://developer.mozilla.org/en-US/docs/Web/HTTP/Status/403",2026-07-17T16:25:25.429413
humanite,bd6t555349c,,failed,0,0,,http_manifest,known,403,manifest,"Client error '403 ' for url 'https://openapiproext.bnf.fr/iiif/presentation/v3/ark:/12148/bd6t555349c/manifest.json'
For more information check: https://developer.mozilla.org/en-US/docs/Web/HTTP/Status/403",2026-07-17T16:25:26.632588
humanite,bd6t555350k,,failed,0,0,,http_manifest,known,403,manifest,"Client error '403 ' for url 'https://openapiproext.bnf.fr/iiif/presentation/v3/ark:/12148/bd6t555350k/manifest.json'
For more information check: https://developer.mozilla.org/en-US/docs/Web/HTTP/Status/403",2026-07-17T16:25:27.852857
humanite,bd6t555351x,,failed,0,0,,http_manifest,known,403,manifest,"Client error '403 ' for url 'https://openapiproext.bnf.fr/iiif/presentation/v3/ark:/12148/bd6t555351x/manifest.json'
For more information check: https://developer.mozilla.org/en-US/docs/Web/HTTP/Status/403",2026-07-17T16:25:29.032832
humanite,bd6t5553528,,failed,0,0,,http_manifest,known,403,manifest,"Client error '403 ' for url 'https://openapiproext.bnf.fr/iiif/presentation/v3/ark:/12148/bd6t5553528/manifest.json'
For more information check: https://developer.mozilla.org/en-US/docs/Web/HTTP/Status/403",2026-07-17T16:25:30.235048
humanite,bd6t555353m,,failed,0,0,,http_manifest,known,403,manifest,"Client error '403 ' for url 'https://openapiproext.bnf.fr/iiif/presentation/v3/ark:/12148/bd6t555353m/manifest.json'
For more information check: https://developer.mozilla.org/en-US/docs/Web/HTTP/Status/403",2026-07-17T16:25:31.432919
humanite,bd6t555354z,,failed,0,0,,http_manifest,known,403,manifest,"Client error '403 ' for url 'https://openapiproext.bnf.fr/iiif/presentation/v3/ark:/12148/bd6t555354z/manifest.json'
For more information check: https://developer.mozilla.org/en-US/docs/Web/HTTP/Status/403",2026-07-17T16:25:32.642989
humanite,bd6t5553559,,failed,0,0,,http_manifest,known,403,manifest,"Client error '403 ' for url 'https://openapiproext.bnf.fr/iiif/presentation/v3/ark:/12148/bd6t5553559/manifest.json'
For more information check: https://developer.mozilla.org/en-US/docs/Web/HTTP/Status/403",2026-07-17T16:25:33.833319
humanite,bd6t555356n,,failed,0,0,,http_manifest,known,403,manifest,"Client error '403 ' for url 'https://openapiproext.bnf.fr/iiif/presentation/v3/ark:/12148/bd6t555356n/manifest.json'
For more information check: https://developer.mozilla.org/en-US/docs/Web/HTTP/Status/403",2026-07-17T16:25:35.035389
humanite,bd6t5553570,,failed,0,0,,http_manifest,known,403,manifest,"Client error '403 ' for url 'https://openapiproext.bnf.fr/iiif/presentation/v3/ark:/12148/bd6t5553570/manifest.json'
For more information check: https://developer.mozilla.org/en-US/docs/Web/HTTP/Status/403",2026-07-17T16:25:36.239713
humanite,bd6t555358b,,failed,0,0,,http_manifest,known,403,manifest,"Client error '403 ' for url 'https://openapiproext.bnf.fr/iiif/presentation/v3/ark:/12148/bd6t555358b/manifest.json'
For more information check: https://developer.mozilla.org/en-US/docs/Web/HTTP/Status/403",2026-07-17T16:25:37.462633
humanite,bd6t555359p,,failed,0,0,,http_manifest,known,403,manifest,"Client error '403 ' for url 'https://openapiproext.bnf.fr/iiif/presentation/v3/ark:/12148/bd6t555359p/manifest.json'
For more information check: https://developer.mozilla.org/en-US/docs/Web/HTTP/Status/403",2026-07-17T16:25:38.651708
humanite,bd6t555360w,,failed,0,0,,http_manifest,known,403,manifest,"Client error '403 ' for url 'https://openapiproext.bnf.fr/iiif/presentation/v3/ark:/12148/bd6t555360w/manifest.json'
For more information check: https://developer.mozilla.org/en-US/docs/Web/HTTP/Status/403",2026-07-17T16:25:39.844599
humanite,bd6t5553617,,failed,0,0,,http_manifest,known,403,manifest,"Client error '403 ' for url 'https://openapiproext.bnf.fr/iiif/presentation/v3/ark:/12148/bd6t5553617/manifest.json'
For more information check: https://developer.mozilla.org/en-US/docs/Web/HTTP/Status/403",2026-07-17T16:25:41.053518
humanite,bd6t555362k,,failed,0,0,,http_manifest,known,403,manifest,"Client error '403 ' for url 'https://openapiproext.bnf.fr/iiif/presentation/v3/ark:/12148/bd6t555362k/manifest.json'
For more information check: https://developer.mozilla.org/en-US/docs/Web/HTTP/Status/403",2026-07-17T16:25:42.251354
humanite,bd6t555363x,,failed,0,0,,http_manifest,known,403,manifest,"Client error '403 ' for url 'https://openapiproext.bnf.fr/iiif/presentation/v3/ark:/12148/bd6t555363x/manifest.json'
For more information check: https://developer.mozilla.org/en-US/docs/Web/HTTP/Status/403",2026-07-17T16:25:43.453741
humanite,bd6t5553648,,failed,0,0,,http_manifest,known,403,manifest,"Client error '403 ' for url 'https://openapiproext.bnf.fr/iiif/presentation/v3/ark:/12148/bd6t5553648/manifest.json'
For more information check: https://developer.mozilla.org/en-US/docs/Web/HTTP/Status/403",2026-07-17T16:25:44.655217
humanite,bd6t555365m,,failed,0,0,,http_manifest,known,403,manifest,"Client error '403 ' for url 'https://openapiproext.bnf.fr/iiif/presentation/v3/ark:/12148/bd6t555365m/manifest.json'
For more information check: https://developer.mozilla.org/en-US/docs/Web/HTTP/Status/403",2026-07-17T16:25:45.856725
humanite,bd6t555366z,,failed,0,0,,http_manifest,known,403,manifest,"Client error '403 ' for url 'https://openapiproext.bnf.fr/iiif/presentation/v3/ark:/12148/bd6t555366z/manifest.json'
For more information check: https://developer.mozilla.org/en-US/docs/Web/HTTP/Status/403",2026-07-17T16:25:47.055759
humanite,bd6t5553679,,failed,0,0,,http_manifest,known,403,manifest,"Client error '403 ' for url 'https://openapiproext.bnf.fr/iiif/presentation/v3/ark:/12148/bd6t5553679/manifest.json'
For more information check: https://developer.mozilla.org/en-US/docs/Web/HTTP/Status/403",2026-07-17T16:25:48.257054
humanite,bd6t555368n,,failed,0,0,,http_manifest,known,403,manifest,"Client error '403 ' for url 'https://openapiproext.bnf.fr/iiif/presentation/v3/ark:/12148/bd6t555368n/manifest.json'
For more information check: https://developer.mozilla.org/en-US/docs/Web/HTTP/Status/403",2026-07-17T16:25:49.478674
humanite,bd6t5553690,,failed,0,0,,http_manifest,known,403,manifest,"Client error '403 ' for url 'https://openapiproext.bnf.fr/iiif/presentation/v3/ark:/12148/bd6t5553690/manifest.json'
For more information check: https://developer.mozilla.org/en-US/docs/Web/HTTP/Status/403",2026-07-17T16:25:50.657581
humanite,bd6t5553706,,failed,0,0,,http_manifest,known,403,manifest,"Client error '403 ' for url 'https://openapiproext.bnf.fr/iiif/presentation/v3/ark:/12148/bd6t5553706/manifest.json'
For more information check: https://developer.mozilla.org/en-US/docs/Web/HTTP/Status/403",2026-07-17T16:25:51.858885
humanite,bd6t555371j,,failed,0,0,,http_manifest,known,403,manifest,"Client error '403 ' for url 'https://openapiproext.bnf.fr/iiif/presentation/v3/ark:/12148/bd6t555371j/manifest.json'
For more information check: https://developer.mozilla.org/en-US/docs/Web/HTTP/Status/403",2026-07-17T16:25:53.066562
humanite,bd6t555372w,,failed,0,0,,http_manifest,known,403,manifest,"Client error '403 ' for url 'https://openapiproext.bnf.fr/iiif/presentation/v3/ark:/12148/bd6t555372w/manifest.json'
For more information check: https://developer.mozilla.org/en-US/docs/Web/HTTP/Status/403",2026-07-17T16:25:54.259982
humanite,bd6t5553737,,failed,0,0,,http_manifest,known,403,manifest,"Client error '403 ' for url 'https://openapiproext.bnf.fr/iiif/presentation/v3/ark:/12148/bd6t5553737/manifest.json'
For more information check: https://developer.mozilla.org/en-US/docs/Web/HTTP/Status/403",2026-07-17T16:25:55.475404
humanite,bd6t555374k,,failed,0,0,,http_manifest,known,403,manifest,"Client error '403 ' for url 'https://openapiproext.bnf.fr/iiif/presentation/v3/ark:/12148/bd6t555374k/manifest.json'
For more information check: https://developer.mozilla.org/en-US/docs/Web/HTTP/Status/403",2026-07-17T16:25:56.674185
humanite,bd6t555375x,,failed,0,0,,http_manifest,known,403,manifest,"Client error '403 ' for url 'https://openapiproext.bnf.fr/iiif/presentation/v3/ark:/12148/bd6t555375x/manifest.json'
For more information check: https://developer.mozilla.org/en-US/docs/Web/HTTP/Status/403",2026-07-17T16:25:57.877078
humanite,bd6t5553768,,failed,0,0,,http_manifest,known,403,manifest,"Client error '403 ' for url 'https://openapiproext.bnf.fr/iiif/presentation/v3/ark:/12148/bd6t5553768/manifest.json'
For more information check: https://developer.mozilla.org/en-US/docs/Web/HTTP/Status/403",2026-07-17T16:25:59.192671
humanite,bd6t555377m,,failed,0,0,,http_manifest,known,403,manifest,"Client error '403 ' for url 'https://openapiproext.bnf.fr/iiif/presentation/v3/ark:/12148/bd6t555377m/manifest.json'
For more information check: https://developer.mozilla.org/en-US/docs/Web/HTTP/Status/403",2026-07-17T16:26:00.274578
humanite,bd6t555378z,,failed,0,0,,http_manifest,known,403,manifest,"Client error '403 ' for url 'https://openapiproext.bnf.fr/iiif/presentation/v3/ark:/12148/bd6t555378z/manifest.json'
For more information check: https://developer.mozilla.org/en-US/docs/Web/HTTP/Status/403",2026-07-17T16:26:01.602267
humanite,bd6t5553799,,failed,0,0,,http_manifest,known,403,manifest,"Client error '403 ' for url 'https://openapiproext.bnf.fr/iiif/presentation/v3/ark:/12148/bd6t5553799/manifest.json'
For more information check: https://developer.mozilla.org/en-US/docs/Web/HTTP/Status/403",2026-07-17T16:26:03.039873
humanite,bd6t555380h,,failed,0,0,,http_manifest,known,403,manifest,"Client error '403 ' for url 'https://openapiproext.bnf.fr/iiif/presentation/v3/ark:/12148/bd6t555380h/manifest.json'
For more information check: https://developer.mozilla.org/en-US/docs/Web/HTTP/Status/403",2026-07-17T16:26:04.103751
humanite,bd6t555381v,,failed,0,0,,http_manifest,known,403,manifest,"Client error '403 ' for url 'https://openapiproext.bnf.fr/iiif/presentation/v3/ark:/12148/bd6t555381v/manifest.json'
For more information check: https://developer.mozilla.org/en-US/docs/Web/HTTP/Status/403",2026-07-17T16:26:05.099822
humanite,bd6t5553826,,failed,0,0,,http_manifest,known,403,manifest,"Client error '403 ' for url 'https://openapiproext.bnf.fr/iiif/presentation/v3/ark:/12148/bd6t5553826/manifest.json'
For more information check: https://developer.mozilla.org/en-US/docs/Web/HTTP/Status/403",2026-07-17T16:26:06.419563
humanite,bd6t555383j,,failed,0,0,,http_manifest,known,403,manifest,"Client error '403 ' for url 'https://openapiproext.bnf.fr/iiif/presentation/v3/ark:/12148/bd6t555383j/manifest.json'
For more information check: https://developer.mozilla.org/en-US/docs/Web/HTTP/Status/403",2026-07-17T16:26:07.498643
humanite,bd6t555384w,,failed,0,0,,http_manifest,known,403,manifest,"Client error '403 ' for url 'https://openapiproext.bnf.fr/iiif/presentation/v3/ark:/12148/bd6t555384w/manifest.json'
For more information check: https://developer.mozilla.org/en-US/docs/Web/HTTP/Status/403",2026-07-17T16:26:08.854832
humanite,bd6t5553857,,failed,0,0,,http_manifest,known,403,manifest,"Client error '403 ' for url 'https://openapiproext.bnf.fr/iiif/presentation/v3/ark:/12148/bd6t5553857/manifest.json'
For more information check: https://developer.mozilla.org/en-US/docs/Web/HTTP/Status/403",2026-07-17T16:26:09.885135
humanite,bd6t555386k,,failed,0,0,,http_manifest,known,403,manifest,"Client error '403 ' for url 'https://openapiproext.bnf.fr/iiif/presentation/v3/ark:/12148/bd6t555386k/manifest.json'
For more information check: https://developer.mozilla.org/en-US/docs/Web/HTTP/Status/403",2026-07-17T16:26:11.233413
humanite,bd6t555387x,,failed,0,0,,http_manifest,known,403,manifest,"Client error '403 ' for url 'https://openapiproext.bnf.fr/iiif/presentation/v3/ark:/12148/bd6t555387x/manifest.json'
For more information check: https://developer.mozilla.org/en-US/docs/Web/HTTP/Status/403",2026-07-17T16:26:12.321357
humanite,bd6t5553888,,failed,0,0,,http_manifest,known,403,manifest,"Client error '403 ' for url 'https://openapiproext.bnf.fr/iiif/presentation/v3/ark:/12148/bd6t5553888/manifest.json'
For more information check: https://developer.mozilla.org/en-US/docs/Web/HTTP/Status/403",2026-07-17T16:26:13.561960
humanite,bd6t555389m,,failed,0,0,,http_manifest,known,403,manifest,"Client error '403 ' for url 'https://openapiproext.bnf.fr/iiif/presentation/v3/ark:/12148/bd6t555389m/manifest.json'
For more information check: https://developer.mozilla.org/en-US/docs/Web/HTTP/Status/403",2026-07-17T16:26:14.841916
humanite,bd6t555390t,,failed,0,0,,http_manifest,known,403,manifest,"Client error '403 ' for url 'https://openapiproext.bnf.fr/iiif/presentation/v3/ark:/12148/bd6t555390t/manifest.json'
For more information check: https://developer.mozilla.org/en-US/docs/Web/HTTP/Status/403",2026-07-17T16:26:16.169765
humanite,bd6t5553915,,failed,0,0,,http_manifest,known,403,manifest,"Client error '403 ' for url 'https://openapiproext.bnf.fr/iiif/presentation/v3/ark:/12148/bd6t5553915/manifest.json'
For more information check: https://developer.mozilla.org/en-US/docs/Web/HTTP/Status/403",2026-07-17T16:26:17.095667
humanite,bd6t555392h,,failed,0,0,,http_manifest,known,403,manifest,"Client error '403 ' for url 'https://openapiproext.bnf.fr/iiif/presentation/v3/ark:/12148/bd6t555392h/manifest.json'
For more information check: https://developer.mozilla.org/en-US/docs/Web/HTTP/Status/403",2026-07-17T16:26:18.303513
humanite,bd6t555393v,,failed,0,0,,http_manifest,known,403,manifest,"Client error '403 ' for url 'https://openapiproext.bnf.fr/iiif/presentation/v3/ark:/12148/bd6t555393v/manifest.json'
For more information check: https://developer.mozilla.org/en-US/docs/Web/HTTP/Status/403",2026-07-17T16:26:19.502260
humanite,bd6t5553946,,failed,0,0,,http_manifest,known,403,manifest,"Client error '403 ' for url 'https://openapiproext.bnf.fr/iiif/presentation/v3/ark:/12148/bd6t5553946/manifest.json'
For more information check: https://developer.mozilla.org/en-US/docs/Web/HTTP/Status/403",2026-07-17T16:26:20.727338
humanite,bd6t555395j,,failed,0,0,,http_manifest,known,403,manifest,"Client error '403 ' for url 'https://openapiproext.bnf.fr/iiif/presentation/v3/ark:/12148/bd6t555395j/manifest.json'
For more information check: https://developer.mozilla.org/en-US/docs/Web/HTTP/Status/403",2026-07-17T16:26:21.921940
humanite,bd6t555396w,,failed,0,0,,http_manifest,known,403,manifest,"Client error '403 ' for url 'https://openapiproext.bnf.fr/iiif/presentation/v3/ark:/12148/bd6t555396w/manifest.json'
For more information check: https://developer.mozilla.org/en-US/docs/Web/HTTP/Status/403",2026-07-17T16:26:23.100585
humanite,bd6t5553977,,failed,0,0,,http_manifest,known,403,manifest,"Client error '403 ' for url 'https://openapiproext.bnf.fr/iiif/presentation/v3/ark:/12148/bd6t5553977/manifest.json'
For more information check: https://developer.mozilla.org/en-US/docs/Web/HTTP/Status/403",2026-07-17T16:26:24.307711
humanite,bd6t555398k,,failed,0,0,,http_manifest,known,403,manifest,"Client error '403 ' for url 'https://openapiproext.bnf.fr/iiif/presentation/v3/ark:/12148/bd6t555398k/manifest.json'
For more information check: https://developer.mozilla.org/en-US/docs/Web/HTTP/Status/403",2026-07-17T16:26:25.503465
humanite,bd6t555399x,,failed,0,0,,http_manifest,known,403,manifest,"Client error '403 ' for url 'https://openapiproext.bnf.fr/iiif/presentation/v3/ark:/12148/bd6t555399x/manifest.json'
For more information check: https://developer.mozilla.org/en-US/docs/Web/HTTP/Status/403",2026-07-17T16:26:26.701525
humanite,bd6t5554009,,failed,0,0,,http_manifest,known,403,manifest,"Client error '403 ' for url 'https://openapiproext.bnf.fr/iiif/presentation/v3/ark:/12148/bd6t5554009/manifest.json'
For more information check: https://developer.mozilla.org/en-US/docs/Web/HTTP/Status/403",2026-07-17T16:26:27.904924
humanite,bd6t555401n,,failed,0,0,,http_manifest,known,403,manifest,"Client error '403 ' for url 'https://openapiproext.bnf.fr/iiif/presentation/v3/ark:/12148/bd6t555401n/manifest.json'
For more information check: https://developer.mozilla.org/en-US/docs/Web/HTTP/Status/403",2026-07-17T16:26:29.106289
humanite,bd6t5554020,,failed,0,0,,http_manifest,known,403,manifest,"Client error '403 ' for url 'https://openapiproext.bnf.fr/iiif/presentation/v3/ark:/12148/bd6t5554020/manifest.json'
For more information check: https://developer.mozilla.org/en-US/docs/Web/HTTP/Status/403",2026-07-17T16:26:30.312381
humanite,bd6t555403b,,failed,0,0,,http_manifest,known,403,manifest,"Client error '403 ' for url 'https://openapiproext.bnf.fr/iiif/presentation/v3/ark:/12148/bd6t555403b/manifest.json'
For more information check: https://developer.mozilla.org/en-US/docs/Web/HTTP/Status/403",2026-07-17T16:26:31.523043
humanite,bd6t555404p,,failed,0,0,,http_manifest,known,403,manifest,"Client error '403 ' for url 'https://openapiproext.bnf.fr/iiif/presentation/v3/ark:/12148/bd6t555404p/manifest.json'
For more information check: https://developer.mozilla.org/en-US/docs/Web/HTTP/Status/403",2026-07-17T16:26:32.712693
humanite,bd6t5554051,,failed,0,0,,http_manifest,known,403,manifest,"Client error '403 ' for url 'https://openapiproext.bnf.fr/iiif/presentation/v3/ark:/12148/bd6t5554051/manifest.json'
For more information check: https://developer.mozilla.org/en-US/docs/Web/HTTP/Status/403",2026-07-17T16:26:33.908232
humanite,bd6t555406c,,failed,0,0,,http_manifest,known,403,manifest,"Client error '403 ' for url 'https://openapiproext.bnf.fr/iiif/presentation/v3/ark:/12148/bd6t555406c/manifest.json'
For more information check: https://developer.mozilla.org/en-US/docs/Web/HTTP/Status/403",2026-07-17T16:26:35.116519
humanite,bd6t555407q,,failed,0,0,,http_manifest,known,403,manifest,"Client error '403 ' for url 'https://openapiproext.bnf.fr/iiif/presentation/v3/ark:/12148/bd6t555407q/manifest.json'
For more information check: https://developer.mozilla.org/en-US/docs/Web/HTTP/Status/403",2026-07-17T16:26:36.312300
humanite,bd6t5554082,,failed,0,0,,http_manifest,known,403,manifest,"Client error '403 ' for url 'https://openapiproext.bnf.fr/iiif/presentation/v3/ark:/12148/bd6t5554082/manifest.json'
For more information check: https://developer.mozilla.org/en-US/docs/Web/HTTP/Status/403",2026-07-17T16:26:37.542463
humanite,bd6t555409d,,failed,0,0,,http_manifest,known,403,manifest,"Client error '403 ' for url 'https://openapiproext.bnf.fr/iiif/presentation/v3/ark:/12148/bd6t555409d/manifest.json'
For more information check: https://developer.mozilla.org/en-US/docs/Web/HTTP/Status/403",2026-07-17T16:26:38.733489
humanite,bd6t555410m,,failed,0,0,,http_manifest,known,403,manifest,"Client error '403 ' for url 'https://openapiproext.bnf.fr/iiif/presentation/v3/ark:/12148/bd6t555410m/manifest.json'
For more information check: https://developer.mozilla.org/en-US/docs/Web/HTTP/Status/403",2026-07-17T16:26:39.916340
humanite,bd6t555411z,,failed,0,0,,http_manifest,known,403,manifest,"Client error '403 ' for url 'https://openapiproext.bnf.fr/iiif/presentation/v3/ark:/12148/bd6t555411z/manifest.json'
For more information check: https://developer.mozilla.org/en-US/docs/Web/HTTP/Status/403",2026-07-17T16:26:41.121640
humanite,bd6t5554129,,failed,0,0,,http_manifest,known,403,manifest,"Client error '403 ' for url 'https://openapiproext.bnf.fr/iiif/presentation/v3/ark:/12148/bd6t5554129/manifest.json'
For more information check: https://developer.mozilla.org/en-US/docs/Web/HTTP/Status/403",2026-07-17T16:26:42.322152
humanite,bd6t555413n,,failed,0,0,,http_manifest,known,403,manifest,"Client error '403 ' for url 'https://openapiproext.bnf.fr/iiif/presentation/v3/ark:/12148/bd6t555413n/manifest.json'
For more information check: https://developer.mozilla.org/en-US/docs/Web/HTTP/Status/403",2026-07-17T16:26:43.524458
humanite,bd6t5554140,,failed,0,0,,http_manifest,known,403,manifest,"Client error '403 ' for url 'https://openapiproext.bnf.fr/iiif/presentation/v3/ark:/12148/bd6t5554140/manifest.json'
For more information check: https://developer.mozilla.org/en-US/docs/Web/HTTP/Status/403",2026-07-17T16:26:44.729378
humanite,bd6t555415b,,failed,0,0,,http_manifest,known,403,manifest,"Client error '403 ' for url 'https://openapiproext.bnf.fr/iiif/presentation/v3/ark:/12148/bd6t555415b/manifest.json'
For more information check: https://developer.mozilla.org/en-US/docs/Web/HTTP/Status/403",2026-07-17T16:26:45.927002
humanite,bd6t555416p,,failed,0,0,,http_manifest,known,403,manifest,"Client error '403 ' for url 'https://openapiproext.bnf.fr/iiif/presentation/v3/ark:/12148/bd6t555416p/manifest.json'
For more information check: https://developer.mozilla.org/en-US/docs/Web/HTTP/Status/403",2026-07-17T16:26:47.133371
humanite,bd6t5554171,,failed,0,0,,http_manifest,known,403,manifest,"Client error '403 ' for url 'https://openapiproext.bnf.fr/iiif/presentation/v3/ark:/12148/bd6t5554171/manifest.json'
For more information check: https://developer.mozilla.org/en-US/docs/Web/HTTP/Status/403",2026-07-17T16:26:48.339777
humanite,bd6t555418c,,failed,0,0,,http_manifest,known,403,manifest,"Client error '403 ' for url 'https://openapiproext.bnf.fr/iiif/presentation/v3/ark:/12148/bd6t555418c/manifest.json'
For more information check: https://developer.mozilla.org/en-US/docs/Web/HTTP/Status/403",2026-07-17T16:26:49.545484
humanite,bd6t555419q,,failed,0,0,,http_manifest,known,403,manifest,"Client error '403 ' for url 'https://openapiproext.bnf.fr/iiif/presentation/v3/ark:/12148/bd6t555419q/manifest.json'
For more information check: https://developer.mozilla.org/en-US/docs/Web/HTTP/Status/403",2026-07-17T16:26:50.744538
humanite,bd6t555420x,,failed,0,0,,http_manifest,known,403,manifest,"Client error '403 ' for url 'https://openapiproext.bnf.fr/iiif/presentation/v3/ark:/12148/bd6t555420x/manifest.json'
For more information check: https://developer.mozilla.org/en-US/docs/Web/HTTP/Status/403",2026-07-17T16:26:51.934683
humanite,bd6t570170v,,failed,0,0,,http_manifest,known,403,manifest,"Client error '403 ' for url 'https://openapiproext.bnf.fr/iiif/presentation/v3/ark:/12148/bd6t570170v/manifest.json'
For more information check: https://developer.mozilla.org/en-US/docs/Web/HTTP/Status/403",2026-07-17T16:26:53.137065
humanite,bd6t5701716,,failed,0,0,,http_manifest,known,403,manifest,"Client error '403 ' for url 'https://openapiproext.bnf.fr/iiif/presentation/v3/ark:/12148/bd6t5701716/manifest.json'
For more information check: https://developer.mozilla.org/en-US/docs/Web/HTTP/Status/403",2026-07-17T16:26:54.338036
humanite,bd6t570172j,,failed,0,0,,http_manifest,known,403,manifest,"Client error '403 ' for url 'https://openapiproext.bnf.fr/iiif/presentation/v3/ark:/12148/bd6t570172j/manifest.json'
For more information check: https://developer.mozilla.org/en-US/docs/Web/HTTP/Status/403",2026-07-17T16:26:55.547280
humanite,bd6t570173w,,failed,0,0,,http_manifest,known,403,manifest,"Client error '403 ' for url 'https://openapiproext.bnf.fr/iiif/presentation/v3/ark:/12148/bd6t570173w/manifest.json'
For more information check: https://developer.mozilla.org/en-US/docs/Web/HTTP/Status/403",2026-07-17T16:26:56.742590
humanite,bd6t5701747,,failed,0,0,,http_manifest,known,403,manifest,"Client error '403 ' for url 'https://openapiproext.bnf.fr/iiif/presentation/v3/ark:/12148/bd6t5701747/manifest.json'
For more information check: https://developer.mozilla.org/en-US/docs/Web/HTTP/Status/403",2026-07-17T16:26:57.962617
humanite,bd6t570175k,,failed,0,0,,http_manifest,known,403,manifest,"Client error '403 ' for url 'https://openapiproext.bnf.fr/iiif/presentation/v3/ark:/12148/bd6t570175k/manifest.json'
For more information check: https://developer.mozilla.org/en-US/docs/Web/HTTP/Status/403",2026-07-17T16:26:59.323199
humanite,bd6t570176x,,failed,0,0,,http_manifest,known,403,manifest,"Client error '403 ' for url 'https://openapiproext.bnf.fr/iiif/presentation/v3/ark:/12148/bd6t570176x/manifest.json'
For more information check: https://developer.mozilla.org/en-US/docs/Web/HTTP/Status/403",2026-07-17T16:27:00.424315
humanite,bd6t5701778,,failed,0,0,,http_manifest,known,403,manifest,"Client error '403 ' for url 'https://openapiproext.bnf.fr/iiif/presentation/v3/ark:/12148/bd6t5701778/manifest.json'
For more information check: https://developer.mozilla.org/en-US/docs/Web/HTTP/Status/403",2026-07-17T16:27:01.584108
humanite,bd6t570178m,,failed,0,0,,http_manifest,known,403,manifest,"Client error '403 ' for url 'https://openapiproext.bnf.fr/iiif/presentation/v3/ark:/12148/bd6t570178m/manifest.json'
For more information check: https://developer.mozilla.org/en-US/docs/Web/HTTP/Status/403",2026-07-17T16:27:02.890645
humanite,bd6t5701805,,failed,0,0,,http_manifest,known,403,manifest,"Client error '403 ' for url 'https://openapiproext.bnf.fr/iiif/presentation/v3/ark:/12148/bd6t5701805/manifest.json'
For more information check: https://developer.mozilla.org/en-US/docs/Web/HTTP/Status/403",2026-07-17T16:27:04.093195
humanite,bd6t570179z,,failed,0,0,,http_manifest,known,403,manifest,"Client error '403 ' for url 'https://openapiproext.bnf.fr/iiif/presentation/v3/ark:/12148/bd6t570179z/manifest.json'
For more information check: https://developer.mozilla.org/en-US/docs/Web/HTTP/Status/403",2026-07-17T16:27:05.374883
humanite,bd6t570181h,,failed,0,0,,http_manifest,known,403,manifest,"Client error '403 ' for url 'https://openapiproext.bnf.fr/iiif/presentation/v3/ark:/12148/bd6t570181h/manifest.json'
For more information check: https://developer.mozilla.org/en-US/docs/Web/HTTP/Status/403",2026-07-17T16:27:06.521917
humanite,bd6t570182v,,failed,0,0,,http_manifest,known,403,manifest,"Client error '403 ' for url 'https://openapiproext.bnf.fr/iiif/presentation/v3/ark:/12148/bd6t570182v/manifest.json'
For more information check: https://developer.mozilla.org/en-US/docs/Web/HTTP/Status/403",2026-07-17T16:27:07.575515
humanite,bd6t5701836,,failed,0,0,,http_manifest,known,403,manifest,"Client error '403 ' for url 'https://openapiproext.bnf.fr/iiif/presentation/v3/ark:/12148/bd6t5701836/manifest.json'
For more information check: https://developer.mozilla.org/en-US/docs/Web/HTTP/Status/403",2026-07-17T16:27:08.761254
humanite,bd6t570184j,,failed,0,0,,http_manifest,known,403,manifest,"Client error '403 ' for url 'https://openapiproext.bnf.fr/iiif/presentation/v3/ark:/12148/bd6t570184j/manifest.json'
For more information check: https://developer.mozilla.org/en-US/docs/Web/HTTP/Status/403",2026-07-17T16:27:09.962189
humanite,bd6t570185w,,failed,0,0,,http_manifest,known,403,manifest,"Client error '403 ' for url 'https://openapiproext.bnf.fr/iiif/presentation/v3/ark:/12148/bd6t570185w/manifest.json'
For more information check: https://developer.mozilla.org/en-US/docs/Web/HTTP/Status/403",2026-07-17T16:27:11.358741
humanite,bd6t5701867,,failed,0,0,,http_manifest,known,403,manifest,"Client error '403 ' for url 'https://openapiproext.bnf.fr/iiif/presentation/v3/ark:/12148/bd6t5701867/manifest.json'
For more information check: https://developer.mozilla.org/en-US/docs/Web/HTTP/Status/403",2026-07-17T16:27:12.370098
humanite,bd6t570187k,,failed,0,0,,http_manifest,known,403,manifest,"Client error '403 ' for url 'https://openapiproext.bnf.fr/iiif/presentation/v3/ark:/12148/bd6t570187k/manifest.json'
For more information check: https://developer.mozilla.org/en-US/docs/Web/HTTP/Status/403",2026-07-17T16:27:13.647118
humanite,bd6t570188x,,failed,0,0,,http_manifest,known,403,manifest,"Client error '403 ' for url 'https://openapiproext.bnf.fr/iiif/presentation/v3/ark:/12148/bd6t570188x/manifest.json'
For more information check: https://developer.mozilla.org/en-US/docs/Web/HTTP/Status/403",2026-07-17T16:27:14.773865
humanite,bd6t570190g,,failed,0,0,,http_manifest,known,403,manifest,"Client error '403 ' for url 'https://openapiproext.bnf.fr/iiif/presentation/v3/ark:/12148/bd6t570190g/manifest.json'
For more information check: https://developer.mozilla.org/en-US/docs/Web/HTTP/Status/403",2026-07-17T16:27:15.970585
humanite,bd6t5701898,,failed,0,0,,http_manifest,known,403,manifest,"Client error '403 ' for url 'https://openapiproext.bnf.fr/iiif/presentation/v3/ark:/12148/bd6t5701898/manifest.json'
For more information check: https://developer.mozilla.org/en-US/docs/Web/HTTP/Status/403",2026-07-17T16:27:17.175003
humanite,bd6t570191t,,failed,0,0,,http_manifest,known,403,manifest,"Client error '403 ' for url 'https://openapiproext.bnf.fr/iiif/presentation/v3/ark:/12148/bd6t570191t/manifest.json'
For more information check: https://developer.mozilla.org/en-US/docs/Web/HTTP/Status/403",2026-07-17T16:27:18.511371
humanite,bd6t5701925,,failed,0,0,,http_manifest,known,403,manifest,"Client error '403 ' for url 'https://openapiproext.bnf.fr/iiif/presentation/v3/ark:/12148/bd6t5701925/manifest.json'
For more information check: https://developer.mozilla.org/en-US/docs/Web/HTTP/Status/403",2026-07-17T16:27:19.798089
humanite,bd6t570193h,,failed,0,0,,http_manifest,known,403,manifest,"Client error '403 ' for url 'https://openapiproext.bnf.fr/iiif/presentation/v3/ark:/12148/bd6t570193h/manifest.json'
For more information check: https://developer.mozilla.org/en-US/docs/Web/HTTP/Status/403",2026-07-17T16:27:20.774856
humanite,bd6t570194v,,failed,0,0,,http_manifest,known,403,manifest,"Client error '403 ' for url 'https://openapiproext.bnf.fr/iiif/presentation/v3/ark:/12148/bd6t570194v/manifest.json'
For more information check: https://developer.mozilla.org/en-US/docs/Web/HTTP/Status/403",2026-07-17T16:27:21.975688
humanite,bd6t5701956,,failed,0,0,,http_manifest,known,403,manifest,"Client error '403 ' for url 'https://openapiproext.bnf.fr/iiif/presentation/v3/ark:/12148/bd6t5701956/manifest.json'
For more information check: https://developer.mozilla.org/en-US/docs/Web/HTTP/Status/403",2026-07-17T16:27:23.177245
humanite,bd6t570196j,,failed,0,0,,http_manifest,known,403,manifest,"Client error '403 ' for url 'https://openapiproext.bnf.fr/iiif/presentation/v3/ark:/12148/bd6t570196j/manifest.json'
For more information check: https://developer.mozilla.org/en-US/docs/Web/HTTP/Status/403",2026-07-17T16:27:24.377640
humanite,bd6t570197w,,failed,0,0,,http_manifest,known,403,manifest,"Client error '403 ' for url 'https://openapiproext.bnf.fr/iiif/presentation/v3/ark:/12148/bd6t570197w/manifest.json'
For more information check: https://developer.mozilla.org/en-US/docs/Web/HTTP/Status/403",2026-07-17T16:27:25.578426
humanite,bd6t5701987,,failed,0,0,,http_manifest,known,403,manifest,"Client error '403 ' for url 'https://openapiproext.bnf.fr/iiif/presentation/v3/ark:/12148/bd6t5701987/manifest.json'
For more information check: https://developer.mozilla.org/en-US/docs/Web/HTTP/Status/403",2026-07-17T16:27:26.781912
humanite,bd6t570199k,,failed,0,0,,http_manifest,known,403,manifest,"Client error '403 ' for url 'https://openapiproext.bnf.fr/iiif/presentation/v3/ark:/12148/bd6t570199k/manifest.json'
For more information check: https://developer.mozilla.org/en-US/docs/Web/HTTP/Status/403",2026-07-17T16:27:27.982229
humanite,bd6t570200z,,failed,0,0,,http_manifest,known,403,manifest,"Client error '403 ' for url 'https://openapiproext.bnf.fr/iiif/presentation/v3/ark:/12148/bd6t570200z/manifest.json'
For more information check: https://developer.mozilla.org/en-US/docs/Web/HTTP/Status/403",2026-07-17T16:27:29.184462
humanite,bd6t5702019,,failed,0,0,,http_manifest,known,403,manifest,"Client error '403 ' for url 'https://openapiproext.bnf.fr/iiif/presentation/v3/ark:/12148/bd6t5702019/manifest.json'
For more information check: https://developer.mozilla.org/en-US/docs/Web/HTTP/Status/403",2026-07-17T16:27:30.388966
humanite,bd6t570202n,,failed,0,0,,http_manifest,known,403,manifest,"Client error '403 ' for url 'https://openapiproext.bnf.fr/iiif/presentation/v3/ark:/12148/bd6t570202n/manifest.json'
For more information check: https://developer.mozilla.org/en-US/docs/Web/HTTP/Status/403",2026-07-17T16:27:31.601174
humanite,bd6t5702030,,failed,0,0,,http_manifest,known,403,manifest,"Client error '403 ' for url 'https://openapiproext.bnf.fr/iiif/presentation/v3/ark:/12148/bd6t5702030/manifest.json'
For more information check: https://developer.mozilla.org/en-US/docs/Web/HTTP/Status/403",2026-07-17T16:27:32.792158
humanite,bd6t570205p,,failed,0,0,,http_manifest,known,403,manifest,"Client error '403 ' for url 'https://openapiproext.bnf.fr/iiif/presentation/v3/ark:/12148/bd6t570205p/manifest.json'
For more information check: https://developer.mozilla.org/en-US/docs/Web/HTTP/Status/403",2026-07-17T16:27:33.991840
humanite,bd6t570204b,,failed,0,0,,http_manifest,known,403,manifest,"Client error '403 ' for url 'https://openapiproext.bnf.fr/iiif/presentation/v3/ark:/12148/bd6t570204b/manifest.json'
For more information check: https://developer.mozilla.org/en-US/docs/Web/HTTP/Status/403",2026-07-17T16:27:35.190372
humanite,bd6t5702061,,failed,0,0,,http_manifest,known,403,manifest,"Client error '403 ' for url 'https://openapiproext.bnf.fr/iiif/presentation/v3/ark:/12148/bd6t5702061/manifest.json'
For more information check: https://developer.mozilla.org/en-US/docs/Web/HTTP/Status/403",2026-07-17T16:27:36.393729
humanite,bd6t570207c,,failed,0,0,,http_manifest,known,403,manifest,"Client error '403 ' for url 'https://openapiproext.bnf.fr/iiif/presentation/v3/ark:/12148/bd6t570207c/manifest.json'
For more information check: https://developer.mozilla.org/en-US/docs/Web/HTTP/Status/403",2026-07-17T16:27:37.595669
humanite,bd6t5702092,,failed,0,0,,http_manifest,known,403,manifest,"Client error '403 ' for url 'https://openapiproext.bnf.fr/iiif/presentation/v3/ark:/12148/bd6t5702092/manifest.json'
For more information check: https://developer.mozilla.org/en-US/docs/Web/HTTP/Status/403",2026-07-17T16:27:38.800025
humanite,bd6t570208q,,failed,0,0,,http_manifest,known,403,manifest,"Client error '403 ' for url 'https://openapiproext.bnf.fr/iiif/presentation/v3/ark:/12148/bd6t570208q/manifest.json'
For more information check: https://developer.mozilla.org/en-US/docs/Web/HTTP/Status/403",2026-07-17T16:27:40.018546
humanite,bd6t5702108,,failed,0,0,,http_manifest,known,403,manifest,"Client error '403 ' for url 'https://openapiproext.bnf.fr/iiif/presentation/v3/ark:/12148/bd6t5702108/manifest.json'
For more information check: https://developer.mozilla.org/en-US/docs/Web/HTTP/Status/403",2026-07-17T16:27:41.218589
humanite,bd6t570211m,,failed,0,0,,http_manifest,known,403,manifest,"Client error '403 ' for url 'https://openapiproext.bnf.fr/iiif/presentation/v3/ark:/12148/bd6t570211m/manifest.json'
For more information check: https://developer.mozilla.org/en-US/docs/Web/HTTP/Status/403",2026-07-17T16:27:42.402216
humanite,bd6t570212z,,failed,0,0,,http_manifest,known,403,manifest,"Client error '403 ' for url 'https://openapiproext.bnf.fr/iiif/presentation/v3/ark:/12148/bd6t570212z/manifest.json'
For more information check: https://developer.mozilla.org/en-US/docs/Web/HTTP/Status/403",2026-07-17T16:27:43.604556
humanite,bd6t5702139,,failed,0,0,,http_manifest,known,403,manifest,"Client error '403 ' for url 'https://openapiproext.bnf.fr/iiif/presentation/v3/ark:/12148/bd6t5702139/manifest.json'
For more information check: https://developer.mozilla.org/en-US/docs/Web/HTTP/Status/403",2026-07-17T16:27:44.809157
humanite,bd6t570214n,,failed,0,0,,http_manifest,known,403,manifest,"Client error '403 ' for url 'https://openapiproext.bnf.fr/iiif/presentation/v3/ark:/12148/bd6t570214n/manifest.json'
For more information check: https://developer.mozilla.org/en-US/docs/Web/HTTP/Status/403",2026-07-17T16:27:46.008313
humanite,bd6t5702150,,failed,0,0,,http_manifest,known,403,manifest,"Client error '403 ' for url 'https://openapiproext.bnf.fr/iiif/presentation/v3/ark:/12148/bd6t5702150/manifest.json'
For more information check: https://developer.mozilla.org/en-US/docs/Web/HTTP/Status/403",2026-07-17T16:27:47.218665
humanite,bd6t570216b,,failed,0,0,,http_manifest,known,403,manifest,"Client error '403 ' for url 'https://openapiproext.bnf.fr/iiif/presentation/v3/ark:/12148/bd6t570216b/manifest.json'
For more information check: https://developer.mozilla.org/en-US/docs/Web/HTTP/Status/403",2026-07-17T16:27:48.423535
humanite,bd6t5702181,,failed,0,0,,http_manifest,known,403,manifest,"Client error '403 ' for url 'https://openapiproext.bnf.fr/iiif/presentation/v3/ark:/12148/bd6t5702181/manifest.json'
For more information check: https://developer.mozilla.org/en-US/docs/Web/HTTP/Status/403",2026-07-17T16:27:49.614285
humanite,bd6t570217p,,failed,0,0,,http_manifest,known,403,manifest,"Client error '403 ' for url 'https://openapiproext.bnf.fr/iiif/presentation/v3/ark:/12148/bd6t570217p/manifest.json'
For more information check: https://developer.mozilla.org/en-US/docs/Web/HTTP/Status/403",2026-07-17T16:27:50.824780
humanite,bd6t570219c,,failed,0,0,,http_manifest,known,403,manifest,"Client error '403 ' for url 'https://openapiproext.bnf.fr/iiif/presentation/v3/ark:/12148/bd6t570219c/manifest.json'
For more information check: https://developer.mozilla.org/en-US/docs/Web/HTTP/Status/403",2026-07-17T16:27:52.016171
humanite,bd6t570220k,,failed,0,0,,http_manifest,known,403,manifest,"Client error '403 ' for url 'https://openapiproext.bnf.fr/iiif/presentation/v3/ark:/12148/bd6t570220k/manifest.json'
For more information check: https://developer.mozilla.org/en-US/docs/Web/HTTP/Status/403",2026-07-17T16:27:53.219753
humanite,bd6t570221x,,failed,0,0,,http_manifest,known,403,manifest,"Client error '403 ' for url 'https://openapiproext.bnf.fr/iiif/presentation/v3/ark:/12148/bd6t570221x/manifest.json'
For more information check: https://developer.mozilla.org/en-US/docs/Web/HTTP/Status/403",2026-07-17T16:27:54.423475
humanite,bd6t5702228,,failed,0,0,,http_manifest,known,403,manifest,"Client error '403 ' for url 'https://openapiproext.bnf.fr/iiif/presentation/v3/ark:/12148/bd6t5702228/manifest.json'
For more information check: https://developer.mozilla.org/en-US/docs/Web/HTTP/Status/403",2026-07-17T16:27:55.622250
humanite,bd6t570223m,,failed,0,0,,http_manifest,known,403,manifest,"Client error '403 ' for url 'https://openapiproext.bnf.fr/iiif/presentation/v3/ark:/12148/bd6t570223m/manifest.json'
For more information check: https://developer.mozilla.org/en-US/docs/Web/HTTP/Status/403",2026-07-17T16:27:56.820021
humanite,bd6t570224z,,failed,0,0,,http_manifest,known,403,manifest,"Client error '403 ' for url 'https://openapiproext.bnf.fr/iiif/presentation/v3/ark:/12148/bd6t570224z/manifest.json'
For more information check: https://developer.mozilla.org/en-US/docs/Web/HTTP/Status/403",2026-07-17T16:27:58.108866
humanite,bd6t5702259,,failed,0,0,,http_manifest,known,403,manifest,"Client error '403 ' for url 'https://openapiproext.bnf.fr/iiif/presentation/v3/ark:/12148/bd6t5702259/manifest.json'
For more information check: https://developer.mozilla.org/en-US/docs/Web/HTTP/Status/403",2026-07-17T16:27:59.446246
humanite,bd6t570226n,,failed,0,0,,http_manifest,known,403,manifest,"Client error '403 ' for url 'https://openapiproext.bnf.fr/iiif/presentation/v3/ark:/12148/bd6t570226n/manifest.json'
For more information check: https://developer.mozilla.org/en-US/docs/Web/HTTP/Status/403",2026-07-17T16:28:00.472313
humanite,bd6t570228b,,failed,0,0,,http_manifest,known,403,manifest,"Client error '403 ' for url 'https://openapiproext.bnf.fr/iiif/presentation/v3/ark:/12148/bd6t570228b/manifest.json'
For more information check: https://developer.mozilla.org/en-US/docs/Web/HTTP/Status/403",2026-07-17T16:28:01.780433
humanite,bd6t5702270,,failed,0,0,,http_manifest,known,403,manifest,"Client error '403 ' for url 'https://openapiproext.bnf.fr/iiif/presentation/v3/ark:/12148/bd6t5702270/manifest.json'
For more information check: https://developer.mozilla.org/en-US/docs/Web/HTTP/Status/403",2026-07-17T16:28:02.833661
humanite,bd6t570229p,,failed,0,0,,http_manifest,known,403,manifest,"Client error '403 ' for url 'https://openapiproext.bnf.fr/iiif/presentation/v3/ark:/12148/bd6t570229p/manifest.json'
For more information check: https://developer.mozilla.org/en-US/docs/Web/HTTP/Status/403",2026-07-17T16:28:04.183604
humanite,bd6t570230w,,failed,0,0,,http_manifest,known,403,manifest,"Client error '403 ' for url 'https://openapiproext.bnf.fr/iiif/presentation/v3/ark:/12148/bd6t570230w/manifest.json'
For more information check: https://developer.mozilla.org/en-US/docs/Web/HTTP/Status/403",2026-07-17T16:28:05.320287
humanite,bd6t570232k,,failed,0,0,,http_manifest,known,403,manifest,"Client error '403 ' for url 'https://openapiproext.bnf.fr/iiif/presentation/v3/ark:/12148/bd6t570232k/manifest.json'
For more information check: https://developer.mozilla.org/en-US/docs/Web/HTTP/Status/403",2026-07-17T16:28:06.541149
humanite,bd6t5702317,,failed,0,0,,http_manifest,known,403,manifest,"Client error '403 ' for url 'https://openapiproext.bnf.fr/iiif/presentation/v3/ark:/12148/bd6t5702317/manifest.json'
For more information check: https://developer.mozilla.org/en-US/docs/Web/HTTP/Status/403",2026-07-17T16:28:07.734916
humanite,bd6t570233x,,failed,0,0,,http_manifest,known,403,manifest,"Client error '403 ' for url 'https://openapiproext.bnf.fr/iiif/presentation/v3/ark:/12148/bd6t570233x/manifest.json'
For more information check: https://developer.mozilla.org/en-US/docs/Web/HTTP/Status/403",2026-07-17T16:28:08.834645
humanite,bd6t5702348,,failed,0,0,,http_manifest,known,403,manifest,"Client error '403 ' for url 'https://openapiproext.bnf.fr/iiif/presentation/v3/ark:/12148/bd6t5702348/manifest.json'
For more information check: https://developer.mozilla.org/en-US/docs/Web/HTTP/Status/403",2026-07-17T16:28:10.189066
humanite,bd6t570235m,,failed,0,0,,http_manifest,known,403,manifest,"Client error '403 ' for url 'https://openapiproext.bnf.fr/iiif/presentation/v3/ark:/12148/bd6t570235m/manifest.json'
For more information check: https://developer.mozilla.org/en-US/docs/Web/HTTP/Status/403",2026-07-17T16:28:11.490561
humanite,bd6t570236z,,failed,0,0,,http_manifest,known,403,manifest,"Client error '403 ' for url 'https://openapiproext.bnf.fr/iiif/presentation/v3/ark:/12148/bd6t570236z/manifest.json'
For more information check: https://developer.mozilla.org/en-US/docs/Web/HTTP/Status/403",2026-07-17T16:28:12.441094
humanite,bd6t5702379,,failed,0,0,,http_manifest,known,403,manifest,"Client error '403 ' for url 'https://openapiproext.bnf.fr/iiif/presentation/v3/ark:/12148/bd6t5702379/manifest.json'
For more information check: https://developer.mozilla.org/en-US/docs/Web/HTTP/Status/403",2026-07-17T16:28:13.732877
humanite,bd6t570238n,,failed,0,0,,http_manifest,known,403,manifest,"Client error '403 ' for url 'https://openapiproext.bnf.fr/iiif/presentation/v3/ark:/12148/bd6t570238n/manifest.json'
For more information check: https://developer.mozilla.org/en-US/docs/Web/HTTP/Status/403",2026-07-17T16:28:15.045776
humanite,bd6t5702406,,failed,0,0,,http_manifest,known,403,manifest,"Client error '403 ' for url 'https://openapiproext.bnf.fr/iiif/presentation/v3/ark:/12148/bd6t5702406/manifest.json'
For more information check: https://developer.mozilla.org/en-US/docs/Web/HTTP/Status/403",2026-07-17T16:28:16.051709
humanite,bd6t5702390,,failed,0,0,,http_manifest,known,403,manifest,"Client error '403 ' for url 'https://openapiproext.bnf.fr/iiif/presentation/v3/ark:/12148/bd6t5702390/manifest.json'
For more information check: https://developer.mozilla.org/en-US/docs/Web/HTTP/Status/403",2026-07-17T16:28:17.263183
humanite,bd6t570241j,,failed,0,0,,http_manifest,known,403,manifest,"Client error '403 ' for url 'https://openapiproext.bnf.fr/iiif/presentation/v3/ark:/12148/bd6t570241j/manifest.json'
For more information check: https://developer.mozilla.org/en-US/docs/Web/HTTP/Status/403",2026-07-17T16:28:18.448759
humanite,bd6t570242w,,failed,0,0,,http_manifest,known,403,manifest,"Client error '403 ' for url 'https://openapiproext.bnf.fr/iiif/presentation/v3/ark:/12148/bd6t570242w/manifest.json'
For more information check: https://developer.mozilla.org/en-US/docs/Web/HTTP/Status/403",2026-07-17T16:28:19.666519
humanite,bd6t5702437,,failed,0,0,,http_manifest,known,403,manifest,"Client error '403 ' for url 'https://openapiproext.bnf.fr/iiif/presentation/v3/ark:/12148/bd6t5702437/manifest.json'
For more information check: https://developer.mozilla.org/en-US/docs/Web/HTTP/Status/403",2026-07-17T16:28:20.873203
humanite,bd6t570244k,,failed,0,0,,http_manifest,known,403,manifest,"Client error '403 ' for url 'https://openapiproext.bnf.fr/iiif/presentation/v3/ark:/12148/bd6t570244k/manifest.json'
For more information check: https://developer.mozilla.org/en-US/docs/Web/HTTP/Status/403",2026-07-17T16:28:22.059065
humanite,bd6t570245x,,failed,0,0,,http_manifest,known,403,manifest,"Client error '403 ' for url 'https://openapiproext.bnf.fr/iiif/presentation/v3/ark:/12148/bd6t570245x/manifest.json'
For more information check: https://developer.mozilla.org/en-US/docs/Web/HTTP/Status/403",2026-07-17T16:28:23.258876
humanite,bd6t5702468,,failed,0,0,,http_manifest,known,403,manifest,"Client error '403 ' for url 'https://openapiproext.bnf.fr/iiif/presentation/v3/ark:/12148/bd6t5702468/manifest.json'
For more information check: https://developer.mozilla.org/en-US/docs/Web/HTTP/Status/403",2026-07-17T16:28:24.466752
humanite,bd6t570247m,,failed,0,0,,http_manifest,known,403,manifest,"Client error '403 ' for url 'https://openapiproext.bnf.fr/iiif/presentation/v3/ark:/12148/bd6t570247m/manifest.json'
For more information check: https://developer.mozilla.org/en-US/docs/Web/HTTP/Status/403",2026-07-17T16:28:25.665650
humanite,bd6t570248z,,failed,0,0,,http_manifest,known,403,manifest,"Client error '403 ' for url 'https://openapiproext.bnf.fr/iiif/presentation/v3/ark:/12148/bd6t570248z/manifest.json'
For more information check: https://developer.mozilla.org/en-US/docs/Web/HTTP/Status/403",2026-07-17T16:28:26.867393
humanite,bd6t5702499,,failed,0,0,,http_manifest,known,403,manifest,"Client error '403 ' for url 'https://openapiproext.bnf.fr/iiif/presentation/v3/ark:/12148/bd6t5702499/manifest.json'
For more information check: https://developer.mozilla.org/en-US/docs/Web/HTTP/Status/403",2026-07-17T16:28:28.070987
humanite,bd6t570250h,,failed,0,0,,http_manifest,known,403,manifest,"Client error '403 ' for url 'https://openapiproext.bnf.fr/iiif/presentation/v3/ark:/12148/bd6t570250h/manifest.json'
For more information check: https://developer.mozilla.org/en-US/docs/Web/HTTP/Status/403",2026-07-17T16:28:29.274997
humanite,bd6t570251v,,failed,0,0,,http_manifest,known,403,manifest,"Client error '403 ' for url 'https://openapiproext.bnf.fr/iiif/presentation/v3/ark:/12148/bd6t570251v/manifest.json'
For more information check: https://developer.mozilla.org/en-US/docs/Web/HTTP/Status/403",2026-07-17T16:28:30.480825
humanite,bd6t5702526,,failed,0,0,,http_manifest,known,403,manifest,"Client error '403 ' for url 'https://openapiproext.bnf.fr/iiif/presentation/v3/ark:/12148/bd6t5702526/manifest.json'
For more information check: https://developer.mozilla.org/en-US/docs/Web/HTTP/Status/403",2026-07-17T16:28:31.670469
humanite,bd6t570253j,,failed,0,0,,http_manifest,known,403,manifest,"Client error '403 ' for url 'https://openapiproext.bnf.fr/iiif/presentation/v3/ark:/12148/bd6t570253j/manifest.json'
For more information check: https://developer.mozilla.org/en-US/docs/Web/HTTP/Status/403",2026-07-17T16:28:32.878879
humanite,bd6t570254w,,failed,0,0,,http_manifest,known,403,manifest,"Client error '403 ' for url 'https://openapiproext.bnf.fr/iiif/presentation/v3/ark:/12148/bd6t570254w/manifest.json'
For more information check: https://developer.mozilla.org/en-US/docs/Web/HTTP/Status/403",2026-07-17T16:28:34.077095
humanite,bd6t5702557,,failed,0,0,,http_manifest,known,403,manifest,"Client error '403 ' for url 'https://openapiproext.bnf.fr/iiif/presentation/v3/ark:/12148/bd6t5702557/manifest.json'
For more information check: https://developer.mozilla.org/en-US/docs/Web/HTTP/Status/403",2026-07-17T16:28:35.281924
humanite,bd6t570256k,,failed,0,0,,http_manifest,known,403,manifest,"Client error '403 ' for url 'https://openapiproext.bnf.fr/iiif/presentation/v3/ark:/12148/bd6t570256k/manifest.json'
For more information check: https://developer.mozilla.org/en-US/docs/Web/HTTP/Status/403",2026-07-17T16:28:36.504592
humanite,bd6t570257x,,failed,0,0,,http_manifest,known,403,manifest,"Client error '403 ' for url 'https://openapiproext.bnf.fr/iiif/presentation/v3/ark:/12148/bd6t570257x/manifest.json'
For more information check: https://developer.mozilla.org/en-US/docs/Web/HTTP/Status/403",2026-07-17T16:28:37.688901
humanite,bd6t5702588,,failed,0,0,,http_manifest,known,403,manifest,"Client error '403 ' for url 'https://openapiproext.bnf.fr/iiif/presentation/v3/ark:/12148/bd6t5702588/manifest.json'
For more information check: https://developer.mozilla.org/en-US/docs/Web/HTTP/Status/403",2026-07-17T16:28:38.882254
humanite,bd6t570259m,,failed,0,0,,http_manifest,known,403,manifest,"Client error '403 ' for url 'https://openapiproext.bnf.fr/iiif/presentation/v3/ark:/12148/bd6t570259m/manifest.json'
For more information check: https://developer.mozilla.org/en-US/docs/Web/HTTP/Status/403",2026-07-17T16:28:40.091715
humanite,bd6t570260t,,failed,0,0,,http_manifest,known,403,manifest,"Client error '403 ' for url 'https://openapiproext.bnf.fr/iiif/presentation/v3/ark:/12148/bd6t570260t/manifest.json'
For more information check: https://developer.mozilla.org/en-US/docs/Web/HTTP/Status/403",2026-07-17T16:28:41.290962
humanite,bd6t5702615,,failed,0,0,,http_manifest,known,403,manifest,"Client error '403 ' for url 'https://openapiproext.bnf.fr/iiif/presentation/v3/ark:/12148/bd6t5702615/manifest.json'
For more information check: https://developer.mozilla.org/en-US/docs/Web/HTTP/Status/403",2026-07-17T16:28:42.500287
humanite,bd6t570262h,,failed,0,0,,http_manifest,known,403,manifest,"Client error '403 ' for url 'https://openapiproext.bnf.fr/iiif/presentation/v3/ark:/12148/bd6t570262h/manifest.json'
For more information check: https://developer.mozilla.org/en-US/docs/Web/HTTP/Status/403",2026-07-17T16:28:43.694010
humanite,bd6t570263v,,failed,0,0,,http_manifest,known,403,manifest,"Client error '403 ' for url 'https://openapiproext.bnf.fr/iiif/presentation/v3/ark:/12148/bd6t570263v/manifest.json'
For more information check: https://developer.mozilla.org/en-US/docs/Web/HTTP/Status/403",2026-07-17T16:28:44.896503
humanite,bd6t570972r,,failed,0,0,,http_manifest,known,403,manifest,"Client error '403 ' for url 'https://openapiproext.bnf.fr/iiif/presentation/v3/ark:/12148/bd6t570972r/manifest.json'
For more information check: https://developer.mozilla.org/en-US/docs/Web/HTTP/Status/403",2026-07-17T16:28:46.105193
humanite,bd6t5709733,,failed,0,0,,http_manifest,known,403,manifest,"Client error '403 ' for url 'https://openapiproext.bnf.fr/iiif/presentation/v3/ark:/12148/bd6t5709733/manifest.json'
For more information check: https://developer.mozilla.org/en-US/docs/Web/HTTP/Status/403",2026-07-17T16:28:47.298831
humanite,bd6t570974f,,failed,0,0,,http_manifest,known,403,manifest,"Client error '403 ' for url 'https://openapiproext.bnf.fr/iiif/presentation/v3/ark:/12148/bd6t570974f/manifest.json'
For more information check: https://developer.mozilla.org/en-US/docs/Web/HTTP/Status/403",2026-07-17T16:28:48.532353
humanite,bd6t570975s,,failed,0,0,,http_manifest,known,403,manifest,"Client error '403 ' for url 'https://openapiproext.bnf.fr/iiif/presentation/v3/ark:/12148/bd6t570975s/manifest.json'
For more information check: https://developer.mozilla.org/en-US/docs/Web/HTTP/Status/403",2026-07-17T16:28:49.701768
humanite,bd6t5709764,,failed,0,0,,http_manifest,known,403,manifest,"Client error '403 ' for url 'https://openapiproext.bnf.fr/iiif/presentation/v3/ark:/12148/bd6t5709764/manifest.json'
For more information check: https://developer.mozilla.org/en-US/docs/Web/HTTP/Status/403",2026-07-17T16:28:50.905814
humanite,bd6t570977g,,failed,0,0,,http_manifest,known,403,manifest,"Client error '403 ' for url 'https://openapiproext.bnf.fr/iiif/presentation/v3/ark:/12148/bd6t570977g/manifest.json'
For more information check: https://developer.mozilla.org/en-US/docs/Web/HTTP/Status/403",2026-07-17T16:28:52.103999
humanite,bd6t570978t,,failed,0,0,,http_manifest,known,403,manifest,"Client error '403 ' for url 'https://openapiproext.bnf.fr/iiif/presentation/v3/ark:/12148/bd6t570978t/manifest.json'
For more information check: https://developer.mozilla.org/en-US/docs/Web/HTTP/Status/403",2026-07-17T16:28:53.305416
humanite,bd6t5709795,,failed,0,0,,http_manifest,known,403,manifest,"Client error '403 ' for url 'https://openapiproext.bnf.fr/iiif/presentation/v3/ark:/12148/bd6t5709795/manifest.json'
For more information check: https://developer.mozilla.org/en-US/docs/Web/HTTP/Status/403",2026-07-17T16:28:54.509738
humanite,bd6t570980c,,failed,0,0,,http_manifest,known,403,manifest,"Client error '403 ' for url 'https://openapiproext.bnf.fr/iiif/presentation/v3/ark:/12148/bd6t570980c/manifest.json'
For more information check: https://developer.mozilla.org/en-US/docs/Web/HTTP/Status/403",2026-07-17T16:28:55.713575
humanite,bd6t570981q,,failed,0,0,,http_manifest,known,403,manifest,"Client error '403 ' for url 'https://openapiproext.bnf.fr/iiif/presentation/v3/ark:/12148/bd6t570981q/manifest.json'
For more information check: https://developer.mozilla.org/en-US/docs/Web/HTTP/Status/403",2026-07-17T16:28:56.912902
humanite,bd6t5709822,,failed,0,0,,http_manifest,known,403,manifest,"Client error '403 ' for url 'https://openapiproext.bnf.fr/iiif/presentation/v3/ark:/12148/bd6t5709822/manifest.json'
For more information check: https://developer.mozilla.org/en-US/docs/Web/HTTP/Status/403",2026-07-17T16:28:58.111709
humanite,bd6t570983d,,failed,0,0,,http_manifest,known,403,manifest,"Client error '403 ' for url 'https://openapiproext.bnf.fr/iiif/presentation/v3/ark:/12148/bd6t570983d/manifest.json'
For more information check: https://developer.mozilla.org/en-US/docs/Web/HTTP/Status/403",2026-07-17T16:28:59.310367
humanite,bd6t570984r,,failed,0,0,,http_manifest,known,403,manifest,"Client error '403 ' for url 'https://openapiproext.bnf.fr/iiif/presentation/v3/ark:/12148/bd6t570984r/manifest.json'
For more information check: https://developer.mozilla.org/en-US/docs/Web/HTTP/Status/403",2026-07-17T16:29:00.700113
humanite,bd6t5709853,,failed,0,0,,http_manifest,known,403,manifest,"Client error '403 ' for url 'https://openapiproext.bnf.fr/iiif/presentation/v3/ark:/12148/bd6t5709853/manifest.json'
For more information check: https://developer.mozilla.org/en-US/docs/Web/HTTP/Status/403",2026-07-17T16:29:01.713564
humanite,bd6t570986f,,failed,0,0,,http_manifest,known,403,manifest,"Client error '403 ' for url 'https://openapiproext.bnf.fr/iiif/presentation/v3/ark:/12148/bd6t570986f/manifest.json'
For more information check: https://developer.mozilla.org/en-US/docs/Web/HTTP/Status/403",2026-07-17T16:29:02.930729
humanite,bd6t570987s,,failed,0,0,,http_manifest,known,403,manifest,"Client error '403 ' for url 'https://openapiproext.bnf.fr/iiif/presentation/v3/ark:/12148/bd6t570987s/manifest.json'
For more information check: https://developer.mozilla.org/en-US/docs/Web/HTTP/Status/403",2026-07-17T16:29:04.239102
humanite,bd6t5709884,,failed,0,0,,http_manifest,known,403,manifest,"Client error '403 ' for url 'https://openapiproext.bnf.fr/iiif/presentation/v3/ark:/12148/bd6t5709884/manifest.json'
For more information check: https://developer.mozilla.org/en-US/docs/Web/HTTP/Status/403",2026-07-17T16:29:05.328919
humanite,bd6t570989g,,failed,0,0,,http_manifest,known,403,manifest,"Client error '403 ' for url 'https://openapiproext.bnf.fr/iiif/presentation/v3/ark:/12148/bd6t570989g/manifest.json'
For more information check: https://developer.mozilla.org/en-US/docs/Web/HTTP/Status/403",2026-07-17T16:29:06.686691
humanite,bd6t570990p,,failed,0,0,,http_manifest,known,403,manifest,"Client error '403 ' for url 'https://openapiproext.bnf.fr/iiif/presentation/v3/ark:/12148/bd6t570990p/manifest.json'
For more information check: https://developer.mozilla.org/en-US/docs/Web/HTTP/Status/403",2026-07-17T16:29:07.857203
humanite,bd6t5709911,,failed,0,0,,http_manifest,known,403,manifest,"Client error '403 ' for url 'https://openapiproext.bnf.fr/iiif/presentation/v3/ark:/12148/bd6t5709911/manifest.json'
For more information check: https://developer.mozilla.org/en-US/docs/Web/HTTP/Status/403",2026-07-17T16:29:08.964841
humanite,bd6t570992c,,failed,0,0,,http_manifest,known,403,manifest,"Client error '403 ' for url 'https://openapiproext.bnf.fr/iiif/presentation/v3/ark:/12148/bd6t570992c/manifest.json'
For more information check: https://developer.mozilla.org/en-US/docs/Web/HTTP/Status/403",2026-07-17T16:29:10.297860
humanite,bd6t570993q,,failed,0,0,,http_manifest,known,403,manifest,"Client error '403 ' for url 'https://openapiproext.bnf.fr/iiif/presentation/v3/ark:/12148/bd6t570993q/manifest.json'
For more information check: https://developer.mozilla.org/en-US/docs/Web/HTTP/Status/403",2026-07-17T16:29:11.596994
humanite,bd6t5709942,,failed,0,0,,http_manifest,known,403,manifest,"Client error '403 ' for url 'https://openapiproext.bnf.fr/iiif/presentation/v3/ark:/12148/bd6t5709942/manifest.json'
For more information check: https://developer.mozilla.org/en-US/docs/Web/HTTP/Status/403",2026-07-17T16:29:12.827776
humanite,bd6t570995d,,failed,0,0,,http_manifest,known,403,manifest,"Client error '403 ' for url 'https://openapiproext.bnf.fr/iiif/presentation/v3/ark:/12148/bd6t570995d/manifest.json'
For more information check: https://developer.mozilla.org/en-US/docs/Web/HTTP/Status/403",2026-07-17T16:29:13.869834
humanite,bd6t570996r,,failed,0,0,,http_manifest,known,403,manifest,"Client error '403 ' for url 'https://openapiproext.bnf.fr/iiif/presentation/v3/ark:/12148/bd6t570996r/manifest.json'
For more information check: https://developer.mozilla.org/en-US/docs/Web/HTTP/Status/403",2026-07-17T16:29:15.120298
humanite,bd6t5709973,,failed,0,0,,http_manifest,known,403,manifest,"Client error '403 ' for url 'https://openapiproext.bnf.fr/iiif/presentation/v3/ark:/12148/bd6t5709973/manifest.json'
For more information check: https://developer.mozilla.org/en-US/docs/Web/HTTP/Status/403",2026-07-17T16:29:16.280872
humanite,bd6t570998f,,failed,0,0,,http_manifest,known,403,manifest,"Client error '403 ' for url 'https://openapiproext.bnf.fr/iiif/presentation/v3/ark:/12148/bd6t570998f/manifest.json'
For more information check: https://developer.mozilla.org/en-US/docs/Web/HTTP/Status/403",2026-07-17T16:29:17.341293
humanite,bd6t570999s,,failed,0,0,,http_manifest,known,403,manifest,"Client error '403 ' for url 'https://openapiproext.bnf.fr/iiif/presentation/v3/ark:/12148/bd6t570999s/manifest.json'
For more information check: https://developer.mozilla.org/en-US/docs/Web/HTTP/Status/403",2026-07-17T16:29:18.563937
humanite,bd6t571000n,,failed,0,0,,http_manifest,known,403,manifest,"Client error '403 ' for url 'https://openapiproext.bnf.fr/iiif/presentation/v3/ark:/12148/bd6t571000n/manifest.json'
For more information check: https://developer.mozilla.org/en-US/docs/Web/HTTP/Status/403",2026-07-17T16:29:19.824538
humanite,bd6t5710010,,failed,0,0,,http_manifest,known,403,manifest,"Client error '403 ' for url 'https://openapiproext.bnf.fr/iiif/presentation/v3/ark:/12148/bd6t5710010/manifest.json'
For more information check: https://developer.mozilla.org/en-US/docs/Web/HTTP/Status/403",2026-07-17T16:29:20.941006
humanite,bd6t571002b,,failed,0,0,,http_manifest,known,403,manifest,"Client error '403 ' for url 'https://openapiproext.bnf.fr/iiif/presentation/v3/ark:/12148/bd6t571002b/manifest.json'
For more information check: https://developer.mozilla.org/en-US/docs/Web/HTTP/Status/403",2026-07-17T16:29:22.146159
humanite,bd6t571003p,,failed,0,0,,http_manifest,known,403,manifest,"Client error '403 ' for url 'https://openapiproext.bnf.fr/iiif/presentation/v3/ark:/12148/bd6t571003p/manifest.json'
For more information check: https://developer.mozilla.org/en-US/docs/Web/HTTP/Status/403",2026-07-17T16:29:23.342420
humanite,bd6t5710041,,failed,0,0,,http_manifest,known,403,manifest,"Client error '403 ' for url 'https://openapiproext.bnf.fr/iiif/presentation/v3/ark:/12148/bd6t5710041/manifest.json'
For more information check: https://developer.mozilla.org/en-US/docs/Web/HTTP/Status/403",2026-07-17T16:29:24.550973
humanite,bd6t571005c,,failed,0,0,,http_manifest,known,403,manifest,"Client error '403 ' for url 'https://openapiproext.bnf.fr/iiif/presentation/v3/ark:/12148/bd6t571005c/manifest.json'
For more information check: https://developer.mozilla.org/en-US/docs/Web/HTTP/Status/403",2026-07-17T16:29:25.746830
humanite,bd6t571006q,,failed,0,0,,http_manifest,known,403,manifest,"Client error '403 ' for url 'https://openapiproext.bnf.fr/iiif/presentation/v3/ark:/12148/bd6t571006q/manifest.json'
For more information check: https://developer.mozilla.org/en-US/docs/Web/HTTP/Status/403",2026-07-17T16:29:26.947910
humanite,bd6t5710072,,failed,0,0,,http_manifest,known,403,manifest,"Client error '403 ' for url 'https://openapiproext.bnf.fr/iiif/presentation/v3/ark:/12148/bd6t5710072/manifest.json'
For more information check: https://developer.mozilla.org/en-US/docs/Web/HTTP/Status/403",2026-07-17T16:29:28.152663
humanite,bd6t571008d,,failed,0,0,,http_manifest,known,403,manifest,"Client error '403 ' for url 'https://openapiproext.bnf.fr/iiif/presentation/v3/ark:/12148/bd6t571008d/manifest.json'
For more information check: https://developer.mozilla.org/en-US/docs/Web/HTTP/Status/403",2026-07-17T16:29:29.353104
humanite,bd6t571009r,,failed,0,0,,http_manifest,known,403,manifest,"Client error '403 ' for url 'https://openapiproext.bnf.fr/iiif/presentation/v3/ark:/12148/bd6t571009r/manifest.json'
For more information check: https://developer.mozilla.org/en-US/docs/Web/HTTP/Status/403",2026-07-17T16:29:30.556151
humanite,bd6t571010z,,failed,0,0,,http_manifest,known,403,manifest,"Client error '403 ' for url 'https://openapiproext.bnf.fr/iiif/presentation/v3/ark:/12148/bd6t571010z/manifest.json'
For more information check: https://developer.mozilla.org/en-US/docs/Web/HTTP/Status/403",2026-07-17T16:29:31.756559
humanite,bd6t5710119,,failed,0,0,,http_manifest,known,403,manifest,"Client error '403 ' for url 'https://openapiproext.bnf.fr/iiif/presentation/v3/ark:/12148/bd6t5710119/manifest.json'
For more information check: https://developer.mozilla.org/en-US/docs/Web/HTTP/Status/403",2026-07-17T16:29:32.954016
humanite,bd6t571012n,,failed,0,0,,http_manifest,known,403,manifest,"Client error '403 ' for url 'https://openapiproext.bnf.fr/iiif/presentation/v3/ark:/12148/bd6t571012n/manifest.json'
For more information check: https://developer.mozilla.org/en-US/docs/Web/HTTP/Status/403",2026-07-17T16:29:34.160413
humanite,bd6t5710130,,failed,0,0,,http_manifest,known,403,manifest,"Client error '403 ' for url 'https://openapiproext.bnf.fr/iiif/presentation/v3/ark:/12148/bd6t5710130/manifest.json'
For more information check: https://developer.mozilla.org/en-US/docs/Web/HTTP/Status/403",2026-07-17T16:29:35.391270
humanite,bd6t571014b,,failed,0,0,,http_manifest,known,403,manifest,"Client error '403 ' for url 'https://openapiproext.bnf.fr/iiif/presentation/v3/ark:/12148/bd6t571014b/manifest.json'
For more information check: https://developer.mozilla.org/en-US/docs/Web/HTTP/Status/403",2026-07-17T16:29:36.566199
humanite,bd6t571015p,,failed,0,0,,http_manifest,known,403,manifest,"Client error '403 ' for url 'https://openapiproext.bnf.fr/iiif/presentation/v3/ark:/12148/bd6t571015p/manifest.json'
For more information check: https://developer.mozilla.org/en-US/docs/Web/HTTP/Status/403",2026-07-17T16:29:37.775517
humanite,bd6t5710161,,failed,0,0,,http_manifest,known,403,manifest,"Client error '403 ' for url 'https://openapiproext.bnf.fr/iiif/presentation/v3/ark:/12148/bd6t5710161/manifest.json'
For more information check: https://developer.mozilla.org/en-US/docs/Web/HTTP/Status/403",2026-07-17T16:29:38.968843
humanite,bd6t571017c,,failed,0,0,,http_manifest,known,403,manifest,"Client error '403 ' for url 'https://openapiproext.bnf.fr/iiif/presentation/v3/ark:/12148/bd6t571017c/manifest.json'
For more information check: https://developer.mozilla.org/en-US/docs/Web/HTTP/Status/403",2026-07-17T16:29:40.180515
humanite,bd6t571018q,,failed,0,0,,http_manifest,known,403,manifest,"Client error '403 ' for url 'https://openapiproext.bnf.fr/iiif/presentation/v3/ark:/12148/bd6t571018q/manifest.json'
For more information check: https://developer.mozilla.org/en-US/docs/Web/HTTP/Status/403",2026-07-17T16:29:41.371458
humanite,bd6t5710192,,failed,0,0,,http_manifest,known,403,manifest,"Client error '403 ' for url 'https://openapiproext.bnf.fr/iiif/presentation/v3/ark:/12148/bd6t5710192/manifest.json'
For more information check: https://developer.mozilla.org/en-US/docs/Web/HTTP/Status/403",2026-07-17T16:29:42.571533
humanite,bd6t5710208,,failed,0,0,,http_manifest,known,403,manifest,"Client error '403 ' for url 'https://openapiproext.bnf.fr/iiif/presentation/v3/ark:/12148/bd6t5710208/manifest.json'
For more information check: https://developer.mozilla.org/en-US/docs/Web/HTTP/Status/403",2026-07-17T16:29:43.771188
humanite,bd6t571021m,,failed,0,0,,http_manifest,known,403,manifest,"Client error '403 ' for url 'https://openapiproext.bnf.fr/iiif/presentation/v3/ark:/12148/bd6t571021m/manifest.json'
For more information check: https://developer.mozilla.org/en-US/docs/Web/HTTP/Status/403",2026-07-17T16:29:44.975518
humanite,bd6t571022z,,failed,0,0,,http_manifest,known,403,manifest,"Client error '403 ' for url 'https://openapiproext.bnf.fr/iiif/presentation/v3/ark:/12148/bd6t571022z/manifest.json'
For more information check: https://developer.mozilla.org/en-US/docs/Web/HTTP/Status/403",2026-07-17T16:29:46.178335
humanite,bd6t5710239,,failed,0,0,,http_manifest,known,403,manifest,"Client error '403 ' for url 'https://openapiproext.bnf.fr/iiif/presentation/v3/ark:/12148/bd6t5710239/manifest.json'
For more information check: https://developer.mozilla.org/en-US/docs/Web/HTTP/Status/403",2026-07-17T16:29:47.400234
humanite,bd6t571024n,,failed,0,0,,http_manifest,known,403,manifest,"Client error '403 ' for url 'https://openapiproext.bnf.fr/iiif/presentation/v3/ark:/12148/bd6t571024n/manifest.json'
For more information check: https://developer.mozilla.org/en-US/docs/Web/HTTP/Status/403",2026-07-17T16:29:48.575923
humanite,bd6t5710250,,failed,0,0,,http_manifest,known,403,manifest,"Client error '403 ' for url 'https://openapiproext.bnf.fr/iiif/presentation/v3/ark:/12148/bd6t5710250/manifest.json'
For more information check: https://developer.mozilla.org/en-US/docs/Web/HTTP/Status/403",2026-07-17T16:29:49.778952
humanite,bd6t571026b,,failed,0,0,,http_manifest,known,403,manifest,"Client error '403 ' for url 'https://openapiproext.bnf.fr/iiif/presentation/v3/ark:/12148/bd6t571026b/manifest.json'
For more information check: https://developer.mozilla.org/en-US/docs/Web/HTTP/Status/403",2026-07-17T16:29:50.980104
humanite,bd6t571027p,,failed,0,0,,http_manifest,known,403,manifest,"Client error '403 ' for url 'https://openapiproext.bnf.fr/iiif/presentation/v3/ark:/12148/bd6t571027p/manifest.json'
For more information check: https://developer.mozilla.org/en-US/docs/Web/HTTP/Status/403",2026-07-17T16:29:52.185851
humanite,bd6t5710281,,failed,0,0,,http_manifest,known,403,manifest,"Client error '403 ' for url 'https://openapiproext.bnf.fr/iiif/presentation/v3/ark:/12148/bd6t5710281/manifest.json'
For more information check: https://developer.mozilla.org/en-US/docs/Web/HTTP/Status/403",2026-07-17T16:29:53.388655
humanite,bd6t571029c,,failed,0,0,,http_manifest,known,403,manifest,"Client error '403 ' for url 'https://openapiproext.bnf.fr/iiif/presentation/v3/ark:/12148/bd6t571029c/manifest.json'
For more information check: https://developer.mozilla.org/en-US/docs/Web/HTTP/Status/403",2026-07-17T16:29:54.592927
humanite,bd6t571030k,,failed,0,0,,http_manifest,known,403,manifest,"Client error '403 ' for url 'https://openapiproext.bnf.fr/iiif/presentation/v3/ark:/12148/bd6t571030k/manifest.json'
For more information check: https://developer.mozilla.org/en-US/docs/Web/HTTP/Status/403",2026-07-17T16:29:55.789622
humanite,bd6t571031x,,failed,0,0,,http_manifest,known,403,manifest,"Client error '403 ' for url 'https://openapiproext.bnf.fr/iiif/presentation/v3/ark:/12148/bd6t571031x/manifest.json'
For more information check: https://developer.mozilla.org/en-US/docs/Web/HTTP/Status/403",2026-07-17T16:29:56.992576
humanite,bd6t5710328,,failed,0,0,,http_manifest,known,403,manifest,"Client error '403 ' for url 'https://openapiproext.bnf.fr/iiif/presentation/v3/ark:/12148/bd6t5710328/manifest.json'
For more information check: https://developer.mozilla.org/en-US/docs/Web/HTTP/Status/403",2026-07-17T16:29:58.300778
humanite,bd6t571033m,,failed,0,0,,http_manifest,known,403,manifest,"Client error '403 ' for url 'https://openapiproext.bnf.fr/iiif/presentation/v3/ark:/12148/bd6t571033m/manifest.json'
For more information check: https://developer.mozilla.org/en-US/docs/Web/HTTP/Status/403",2026-07-17T16:29:59.512289
humanite,bd6t571034z,,failed,0,0,,http_manifest,known,403,manifest,"Client error '403 ' for url 'https://openapiproext.bnf.fr/iiif/presentation/v3/ark:/12148/bd6t571034z/manifest.json'
For more information check: https://developer.mozilla.org/en-US/docs/Web/HTTP/Status/403",2026-07-17T16:30:00.815931
humanite,bd6t5710359,,failed,0,0,,http_manifest,known,403,manifest,"Client error '403 ' for url 'https://openapiproext.bnf.fr/iiif/presentation/v3/ark:/12148/bd6t5710359/manifest.json'
For more information check: https://developer.mozilla.org/en-US/docs/Web/HTTP/Status/403",2026-07-17T16:30:02.007761
humanite,bd6t571036n,,failed,0,0,,http_manifest,known,403,manifest,"Client error '403 ' for url 'https://openapiproext.bnf.fr/iiif/presentation/v3/ark:/12148/bd6t571036n/manifest.json'
For more information check: https://developer.mozilla.org/en-US/docs/Web/HTTP/Status/403",2026-07-17T16:30:03.001282
humanite,bd6t5710370,,failed,0,0,,http_manifest,known,403,manifest,"Client error '403 ' for url 'https://openapiproext.bnf.fr/iiif/presentation/v3/ark:/12148/bd6t5710370/manifest.json'
For more information check: https://developer.mozilla.org/en-US/docs/Web/HTTP/Status/403",2026-07-17T16:30:04.218951
humanite,bd6t571038b,,failed,0,0,,http_manifest,known,403,manifest,"Client error '403 ' for url 'https://openapiproext.bnf.fr/iiif/presentation/v3/ark:/12148/bd6t571038b/manifest.json'
For more information check: https://developer.mozilla.org/en-US/docs/Web/HTTP/Status/403",2026-07-17T16:30:05.541196
humanite,bd6t571039p,,failed,0,0,,http_manifest,known,403,manifest,"Client error '403 ' for url 'https://openapiproext.bnf.fr/iiif/presentation/v3/ark:/12148/bd6t571039p/manifest.json'
For more information check: https://developer.mozilla.org/en-US/docs/Web/HTTP/Status/403",2026-07-17T16:30:06.729050
humanite,bd6t571040w,,failed,0,0,,http_manifest,known,403,manifest,"Client error '403 ' for url 'https://openapiproext.bnf.fr/iiif/presentation/v3/ark:/12148/bd6t571040w/manifest.json'
For more information check: https://developer.mozilla.org/en-US/docs/Web/HTTP/Status/403",2026-07-17T16:30:07.816536
humanite,bd6t5710417,,failed,0,0,,http_manifest,known,403,manifest,"Client error '403 ' for url 'https://openapiproext.bnf.fr/iiif/presentation/v3/ark:/12148/bd6t5710417/manifest.json'
For more information check: https://developer.mozilla.org/en-US/docs/Web/HTTP/Status/403",2026-07-17T16:30:09.009214
humanite,bd6t571042k,,failed,0,0,,http_manifest,known,403,manifest,"Client error '403 ' for url 'https://openapiproext.bnf.fr/iiif/presentation/v3/ark:/12148/bd6t571042k/manifest.json'
For more information check: https://developer.mozilla.org/en-US/docs/Web/HTTP/Status/403",2026-07-17T16:30:10.204849
humanite,bd6t571043x,,failed,0,0,,http_manifest,known,403,manifest,"Client error '403 ' for url 'https://openapiproext.bnf.fr/iiif/presentation/v3/ark:/12148/bd6t571043x/manifest.json'
For more information check: https://developer.mozilla.org/en-US/docs/Web/HTTP/Status/403",2026-07-17T16:30:11.444656
humanite,bd6t5710448,,failed,0,0,,http_manifest,known,403,manifest,"Client error '403 ' for url 'https://openapiproext.bnf.fr/iiif/presentation/v3/ark:/12148/bd6t5710448/manifest.json'
For more information check: https://developer.mozilla.org/en-US/docs/Web/HTTP/Status/403",2026-07-17T16:30:12.698104
humanite,bd6t571045m,,failed,0,0,,http_manifest,known,403,manifest,"Client error '403 ' for url 'https://openapiproext.bnf.fr/iiif/presentation/v3/ark:/12148/bd6t571045m/manifest.json'
For more information check: https://developer.mozilla.org/en-US/docs/Web/HTTP/Status/403",2026-07-17T16:30:13.981160
humanite,bd6t571046z,,failed,0,0,,http_manifest,known,403,manifest,"Client error '403 ' for url 'https://openapiproext.bnf.fr/iiif/presentation/v3/ark:/12148/bd6t571046z/manifest.json'
For more information check: https://developer.mozilla.org/en-US/docs/Web/HTTP/Status/403",2026-07-17T16:30:15.023222
humanite,bd6t5710479,,failed,0,0,,http_manifest,known,403,manifest,"Client error '403 ' for url 'https://openapiproext.bnf.fr/iiif/presentation/v3/ark:/12148/bd6t5710479/manifest.json'
For more information check: https://developer.mozilla.org/en-US/docs/Web/HTTP/Status/403",2026-07-17T16:30:16.241116
humanite,bd6t571048n,,failed,0,0,,http_manifest,known,403,manifest,"Client error '403 ' for url 'https://openapiproext.bnf.fr/iiif/presentation/v3/ark:/12148/bd6t571048n/manifest.json'
For more information check: https://developer.mozilla.org/en-US/docs/Web/HTTP/Status/403",2026-07-17T16:30:17.420131
humanite,bd6t573324z,,failed,0,0,,http_manifest,known,403,manifest,"Client error '403 ' for url 'https://openapiproext.bnf.fr/iiif/presentation/v3/ark:/12148/bd6t573324z/manifest.json'
For more information check: https://developer.mozilla.org/en-US/docs/Web/HTTP/Status/403",2026-07-17T16:30:18.629033
humanite,bd6t5733259,,failed,0,0,,http_manifest,known,403,manifest,"Client error '403 ' for url 'https://openapiproext.bnf.fr/iiif/presentation/v3/ark:/12148/bd6t5733259/manifest.json'
For more information check: https://developer.mozilla.org/en-US/docs/Web/HTTP/Status/403",2026-07-17T16:30:19.830449
humanite,bd6t573326n,,failed,0,0,,http_manifest,known,403,manifest,"Client error '403 ' for url 'https://openapiproext.bnf.fr/iiif/presentation/v3/ark:/12148/bd6t573326n/manifest.json'
For more information check: https://developer.mozilla.org/en-US/docs/Web/HTTP/Status/403",2026-07-17T16:30:21.044607
humanite,bd6t5733270,,failed,0,0,,http_manifest,known,403,manifest,"Client error '403 ' for url 'https://openapiproext.bnf.fr/iiif/presentation/v3/ark:/12148/bd6t5733270/manifest.json'
For more information check: https://developer.mozilla.org/en-US/docs/Web/HTTP/Status/403",2026-07-17T16:30:22.222968
humanite,bd6t573328b,,failed,0,0,,http_manifest,known,403,manifest,"Client error '403 ' for url 'https://openapiproext.bnf.fr/iiif/presentation/v3/ark:/12148/bd6t573328b/manifest.json'
For more information check: https://developer.mozilla.org/en-US/docs/Web/HTTP/Status/403",2026-07-17T16:30:23.425140
humanite,bd6t573329p,,failed,0,0,,http_manifest,known,403,manifest,"Client error '403 ' for url 'https://openapiproext.bnf.fr/iiif/presentation/v3/ark:/12148/bd6t573329p/manifest.json'
For more information check: https://developer.mozilla.org/en-US/docs/Web/HTTP/Status/403",2026-07-17T16:30:24.625017
humanite,bd6t573330w,,failed,0,0,,http_manifest,known,403,manifest,"Client error '403 ' for url 'https://openapiproext.bnf.fr/iiif/presentation/v3/ark:/12148/bd6t573330w/manifest.json'
For more information check: https://developer.mozilla.org/en-US/docs/Web/HTTP/Status/403",2026-07-17T16:30:25.851349
humanite,bd6t5733317,,failed,0,0,,http_manifest,known,403,manifest,"Client error '403 ' for url 'https://openapiproext.bnf.fr/iiif/presentation/v3/ark:/12148/bd6t5733317/manifest.json'
For more information check: https://developer.mozilla.org/en-US/docs/Web/HTTP/Status/403",2026-07-17T16:30:27.027179
humanite,bd6t573332k,,failed,0,0,,http_manifest,known,403,manifest,"Client error '403 ' for url 'https://openapiproext.bnf.fr/iiif/presentation/v3/ark:/12148/bd6t573332k/manifest.json'
For more information check: https://developer.mozilla.org/en-US/docs/Web/HTTP/Status/403",2026-07-17T16:30:28.228898
humanite,bd6t573333x,,failed,0,0,,http_manifest,known,403,manifest,"Client error '403 ' for url 'https://openapiproext.bnf.fr/iiif/presentation/v3/ark:/12148/bd6t573333x/manifest.json'
For more information check: https://developer.mozilla.org/en-US/docs/Web/HTTP/Status/403",2026-07-17T16:30:29.429086
humanite,bd6t5733348,,failed,0,0,,http_manifest,known,403,manifest,"Client error '403 ' for url 'https://openapiproext.bnf.fr/iiif/presentation/v3/ark:/12148/bd6t5733348/manifest.json'
For more information check: https://developer.mozilla.org/en-US/docs/Web/HTTP/Status/403",2026-07-17T16:30:30.630898
humanite,bd6t573335m,,failed,0,0,,http_manifest,known,403,manifest,"Client error '403 ' for url 'https://openapiproext.bnf.fr/iiif/presentation/v3/ark:/12148/bd6t573335m/manifest.json'
For more information check: https://developer.mozilla.org/en-US/docs/Web/HTTP/Status/403",2026-07-17T16:30:31.840295
humanite,bd6t573336z,,failed,0,0,,http_manifest,known,403,manifest,"Client error '403 ' for url 'https://openapiproext.bnf.fr/iiif/presentation/v3/ark:/12148/bd6t573336z/manifest.json'
For more information check: https://developer.mozilla.org/en-US/docs/Web/HTTP/Status/403",2026-07-17T16:30:33.031110
humanite,bd6t5733379,,failed,0,0,,http_manifest,known,403,manifest,"Client error '403 ' for url 'https://openapiproext.bnf.fr/iiif/presentation/v3/ark:/12148/bd6t5733379/manifest.json'
For more information check: https://developer.mozilla.org/en-US/docs/Web/HTTP/Status/403",2026-07-17T16:30:34.236745
humanite,bd6t573338n,,failed,0,0,,http_manifest,known,403,manifest,"Client error '403 ' for url 'https://openapiproext.bnf.fr/iiif/presentation/v3/ark:/12148/bd6t573338n/manifest.json'
For more information check: https://developer.mozilla.org/en-US/docs/Web/HTTP/Status/403",2026-07-17T16:30:35.437664
humanite,bd6t5733390,,failed,0,0,,http_manifest,known,403,manifest,"Client error '403 ' for url 'https://openapiproext.bnf.fr/iiif/presentation/v3/ark:/12148/bd6t5733390/manifest.json'
For more information check: https://developer.mozilla.org/en-US/docs/Web/HTTP/Status/403",2026-07-17T16:30:36.637444
humanite,bd6t5733406,,failed,0,0,,http_manifest,known,403,manifest,"Client error '403 ' for url 'https://openapiproext.bnf.fr/iiif/presentation/v3/ark:/12148/bd6t5733406/manifest.json'
For more information check: https://developer.mozilla.org/en-US/docs/Web/HTTP/Status/403",2026-07-17T16:30:37.863337
humanite,bd6t573341j,,failed,0,0,,http_manifest,known,403,manifest,"Client error '403 ' for url 'https://openapiproext.bnf.fr/iiif/presentation/v3/ark:/12148/bd6t573341j/manifest.json'
For more information check: https://developer.mozilla.org/en-US/docs/Web/HTTP/Status/403",2026-07-17T16:30:39.037068
humanite,bd6t573342w,,failed,0,0,,http_manifest,known,403,manifest,"Client error '403 ' for url 'https://openapiproext.bnf.fr/iiif/presentation/v3/ark:/12148/bd6t573342w/manifest.json'
For more information check: https://developer.mozilla.org/en-US/docs/Web/HTTP/Status/403",2026-07-17T16:30:40.240428
humanite,bd6t5733437,,failed,0,0,,http_manifest,known,403,manifest,"Client error '403 ' for url 'https://openapiproext.bnf.fr/iiif/presentation/v3/ark:/12148/bd6t5733437/manifest.json'
For more information check: https://developer.mozilla.org/en-US/docs/Web/HTTP/Status/403",2026-07-17T16:30:41.440050
humanite,bd6t573344k,,failed,0,0,,http_manifest,known,403,manifest,"Client error '403 ' for url 'https://openapiproext.bnf.fr/iiif/presentation/v3/ark:/12148/bd6t573344k/manifest.json'
For more information check: https://developer.mozilla.org/en-US/docs/Web/HTTP/Status/403",2026-07-17T16:30:42.645184
humanite,bd6t573345x,,failed,0,0,,http_manifest,known,403,manifest,"Client error '403 ' for url 'https://openapiproext.bnf.fr/iiif/presentation/v3/ark:/12148/bd6t573345x/manifest.json'
For more information check: https://developer.mozilla.org/en-US/docs/Web/HTTP/Status/403",2026-07-17T16:30:43.873298
humanite,bd6t5733468,,failed,0,0,,http_manifest,known,403,manifest,"Client error '403 ' for url 'https://openapiproext.bnf.fr/iiif/presentation/v3/ark:/12148/bd6t5733468/manifest.json'
For more information check: https://developer.mozilla.org/en-US/docs/Web/HTTP/Status/403",2026-07-17T16:30:45.047861
humanite,bd6t573347m,,failed,0,0,,http_manifest,known,403,manifest,"Client error '403 ' for url 'https://openapiproext.bnf.fr/iiif/presentation/v3/ark:/12148/bd6t573347m/manifest.json'
For more information check: https://developer.mozilla.org/en-US/docs/Web/HTTP/Status/403",2026-07-17T16:30:46.249103
humanite,bd6t573348z,,failed,0,0,,http_manifest,known,403,manifest,"Client error '403 ' for url 'https://openapiproext.bnf.fr/iiif/presentation/v3/ark:/12148/bd6t573348z/manifest.json'
For more information check: https://developer.mozilla.org/en-US/docs/Web/HTTP/Status/403",2026-07-17T16:30:47.449890
humanite,bd6t5733499,,failed,0,0,,http_manifest,known,403,manifest,"Client error '403 ' for url 'https://openapiproext.bnf.fr/iiif/presentation/v3/ark:/12148/bd6t5733499/manifest.json'
For more information check: https://developer.mozilla.org/en-US/docs/Web/HTTP/Status/403",2026-07-17T16:30:48.651843
humanite,bd6t573350h,,failed,0,0,,http_manifest,known,403,manifest,"Client error '403 ' for url 'https://openapiproext.bnf.fr/iiif/presentation/v3/ark:/12148/bd6t573350h/manifest.json'
For more information check: https://developer.mozilla.org/en-US/docs/Web/HTTP/Status/403",2026-07-17T16:30:49.854440
humanite,bd6t573351v,,failed,0,0,,http_manifest,known,403,manifest,"Client error '403 ' for url 'https://openapiproext.bnf.fr/iiif/presentation/v3/ark:/12148/bd6t573351v/manifest.json'
For more information check: https://developer.mozilla.org/en-US/docs/Web/HTTP/Status/403",2026-07-17T16:30:51.057958
humanite,bd6t5733526,,failed,0,0,,http_manifest,known,403,manifest,"Client error '403 ' for url 'https://openapiproext.bnf.fr/iiif/presentation/v3/ark:/12148/bd6t5733526/manifest.json'
For more information check: https://developer.mozilla.org/en-US/docs/Web/HTTP/Status/403",2026-07-17T16:30:52.255029
humanite,bd6t573353j,,failed,0,0,,http_manifest,known,403,manifest,"Client error '403 ' for url 'https://openapiproext.bnf.fr/iiif/presentation/v3/ark:/12148/bd6t573353j/manifest.json'
For more information check: https://developer.mozilla.org/en-US/docs/Web/HTTP/Status/403",2026-07-17T16:30:53.461762
humanite,bd6t573354w,,failed,0,0,,http_manifest,known,403,manifest,"Client error '403 ' for url 'https://openapiproext.bnf.fr/iiif/presentation/v3/ark:/12148/bd6t573354w/manifest.json'
For more information check: https://developer.mozilla.org/en-US/docs/Web/HTTP/Status/403",2026-07-17T16:30:54.659858
humanite,bd6t5733557,,failed,0,0,,http_manifest,known,403,manifest,"Client error '403 ' for url 'https://openapiproext.bnf.fr/iiif/presentation/v3/ark:/12148/bd6t5733557/manifest.json'
For more information check: https://developer.mozilla.org/en-US/docs/Web/HTTP/Status/403",2026-07-17T16:30:55.861184
humanite,bd6t573356k,,failed,0,0,,http_manifest,known,403,manifest,"Client error '403 ' for url 'https://openapiproext.bnf.fr/iiif/presentation/v3/ark:/12148/bd6t573356k/manifest.json'
For more information check: https://developer.mozilla.org/en-US/docs/Web/HTTP/Status/403",2026-07-17T16:30:57.063971
humanite,bd6t573357x,,failed,0,0,,http_manifest,known,403,manifest,"Client error '403 ' for url 'https://openapiproext.bnf.fr/iiif/presentation/v3/ark:/12148/bd6t573357x/manifest.json'
For more information check: https://developer.mozilla.org/en-US/docs/Web/HTTP/Status/403",2026-07-17T16:30:58.263705
humanite,bd6t5733588,,failed,0,0,,http_manifest,known,403,manifest,"Client error '403 ' for url 'https://openapiproext.bnf.fr/iiif/presentation/v3/ark:/12148/bd6t5733588/manifest.json'
For more information check: https://developer.mozilla.org/en-US/docs/Web/HTTP/Status/403",2026-07-17T16:30:59.467456
humanite,bd6t573359m,,failed,0,0,,http_manifest,known,403,manifest,"Client error '403 ' for url 'https://openapiproext.bnf.fr/iiif/presentation/v3/ark:/12148/bd6t573359m/manifest.json'
For more information check: https://developer.mozilla.org/en-US/docs/Web/HTTP/Status/403",2026-07-17T16:31:00.667310
humanite,bd6t573360t,,failed,0,0,,http_manifest,known,403,manifest,"Client error '403 ' for url 'https://openapiproext.bnf.fr/iiif/presentation/v3/ark:/12148/bd6t573360t/manifest.json'
For more information check: https://developer.mozilla.org/en-US/docs/Web/HTTP/Status/403",2026-07-17T16:31:01.888817
humanite,bd6t5733615,,failed,0,0,,http_manifest,known,403,manifest,"Client error '403 ' for url 'https://openapiproext.bnf.fr/iiif/presentation/v3/ark:/12148/bd6t5733615/manifest.json'
For more information check: https://developer.mozilla.org/en-US/docs/Web/HTTP/Status/403",2026-07-17T16:31:03.072829
humanite,bd6t573362h,,failed,0,0,,http_manifest,known,403,manifest,"Client error '403 ' for url 'https://openapiproext.bnf.fr/iiif/presentation/v3/ark:/12148/bd6t573362h/manifest.json'
For more information check: https://developer.mozilla.org/en-US/docs/Web/HTTP/Status/403",2026-07-17T16:31:04.446601
humanite,bd6t573363v,,failed,0,0,,http_manifest,known,403,manifest,"Client error '403 ' for url 'https://openapiproext.bnf.fr/iiif/presentation/v3/ark:/12148/bd6t573363v/manifest.json'
For more information check: https://developer.mozilla.org/en-US/docs/Web/HTTP/Status/403",2026-07-17T16:31:05.745959
humanite,bd6t5733646,,failed,0,0,,http_manifest,known,403,manifest,"Client error '403 ' for url 'https://openapiproext.bnf.fr/iiif/presentation/v3/ark:/12148/bd6t5733646/manifest.json'
For more information check: https://developer.mozilla.org/en-US/docs/Web/HTTP/Status/403",2026-07-17T16:31:06.686167
humanite,bd6t573365j,,failed,0,0,,http_manifest,known,403,manifest,"Client error '403 ' for url 'https://openapiproext.bnf.fr/iiif/presentation/v3/ark:/12148/bd6t573365j/manifest.json'
For more information check: https://developer.mozilla.org/en-US/docs/Web/HTTP/Status/403",2026-07-17T16:31:07.879095
humanite,bd6t573366w,,failed,0,0,,http_manifest,known,403,manifest,"Client error '403 ' for url 'https://openapiproext.bnf.fr/iiif/presentation/v3/ark:/12148/bd6t573366w/manifest.json'
For more information check: https://developer.mozilla.org/en-US/docs/Web/HTTP/Status/403",2026-07-17T16:31:09.078081
humanite,bd6t5733677,,failed,0,0,,http_manifest,known,403,manifest,"Client error '403 ' for url 'https://openapiproext.bnf.fr/iiif/presentation/v3/ark:/12148/bd6t5733677/manifest.json'
For more information check: https://developer.mozilla.org/en-US/docs/Web/HTTP/Status/403",2026-07-17T16:31:10.279551
humanite,bd6t573368k,,failed,0,0,,http_manifest,known,403,manifest,"Client error '403 ' for url 'https://openapiproext.bnf.fr/iiif/presentation/v3/ark:/12148/bd6t573368k/manifest.json'
For more information check: https://developer.mozilla.org/en-US/docs/Web/HTTP/Status/403",2026-07-17T16:31:11.799466
humanite,bd6t573369x,,failed,0,0,,http_manifest,known,403,manifest,"Client error '403 ' for url 'https://openapiproext.bnf.fr/iiif/presentation/v3/ark:/12148/bd6t573369x/manifest.json'
For more information check: https://developer.mozilla.org/en-US/docs/Web/HTTP/Status/403",2026-07-17T16:31:12.875048
humanite,bd6t5733704,,failed,0,0,,http_manifest,known,403,manifest,"Client error '403 ' for url 'https://openapiproext.bnf.fr/iiif/presentation/v3/ark:/12148/bd6t5733704/manifest.json'
For more information check: https://developer.mozilla.org/en-US/docs/Web/HTTP/Status/403",2026-07-17T16:31:14.077523
humanite,bd6t573371g,,failed,0,0,,http_manifest,known,403,manifest,"Client error '403 ' for url 'https://openapiproext.bnf.fr/iiif/presentation/v3/ark:/12148/bd6t573371g/manifest.json'
For more information check: https://developer.mozilla.org/en-US/docs/Web/HTTP/Status/403",2026-07-17T16:31:15.111013
humanite,bd6t573372t,,failed,0,0,,http_manifest,known,403,manifest,"Client error '403 ' for url 'https://openapiproext.bnf.fr/iiif/presentation/v3/ark:/12148/bd6t573372t/manifest.json'
For more information check: https://developer.mozilla.org/en-US/docs/Web/HTTP/Status/403",2026-07-17T16:31:16.523271
humanite,bd6t5733735,,failed,0,0,,http_manifest,known,403,manifest,"Client error '403 ' for url 'https://openapiproext.bnf.fr/iiif/presentation/v3/ark:/12148/bd6t5733735/manifest.json'
For more information check: https://developer.mozilla.org/en-US/docs/Web/HTTP/Status/403",2026-07-17T16:31:17.741115
humanite,bd6t573374h,,failed,0,0,,http_manifest,known,403,manifest,"Client error '403 ' for url 'https://openapiproext.bnf.fr/iiif/presentation/v3/ark:/12148/bd6t573374h/manifest.json'
For more information check: https://developer.mozilla.org/en-US/docs/Web/HTTP/Status/403",2026-07-17T16:31:18.886711
humanite,bd6t573375v,,failed,0,0,,http_manifest,known,403,manifest,"Client error '403 ' for url 'https://openapiproext.bnf.fr/iiif/presentation/v3/ark:/12148/bd6t573375v/manifest.json'
For more information check: https://developer.mozilla.org/en-US/docs/Web/HTTP/Status/403",2026-07-17T16:31:19.926055
humanite,bd6t5733766,,failed,0,0,,http_manifest,known,403,manifest,"Client error '403 ' for url 'https://openapiproext.bnf.fr/iiif/presentation/v3/ark:/12148/bd6t5733766/manifest.json'
For more information check: https://developer.mozilla.org/en-US/docs/Web/HTTP/Status/403",2026-07-17T16:31:21.102209
humanite,bd6t573377j,,failed,0,0,,http_manifest,known,403,manifest,"Client error '403 ' for url 'https://openapiproext.bnf.fr/iiif/presentation/v3/ark:/12148/bd6t573377j/manifest.json'
For more information check: https://developer.mozilla.org/en-US/docs/Web/HTTP/Status/403",2026-07-17T16:31:22.290672
humanite,bd6t573378w,,failed,0,0,,http_manifest,known,403,manifest,"Client error '403 ' for url 'https://openapiproext.bnf.fr/iiif/presentation/v3/ark:/12148/bd6t573378w/manifest.json'
For more information check: https://developer.mozilla.org/en-US/docs/Web/HTTP/Status/403",2026-07-17T16:31:23.519059
humanite,bd6t5733797,,failed,0,0,,http_manifest,known,403,manifest,"Client error '403 ' for url 'https://openapiproext.bnf.fr/iiif/presentation/v3/ark:/12148/bd6t5733797/manifest.json'
For more information check: https://developer.mozilla.org/en-US/docs/Web/HTTP/Status/403",2026-07-17T16:31:24.693768
humanite,bd6t573380f,,failed,0,0,,http_manifest,known,403,manifest,"Client error '403 ' for url 'https://openapiproext.bnf.fr/iiif/presentation/v3/ark:/12148/bd6t573380f/manifest.json'
For more information check: https://developer.mozilla.org/en-US/docs/Web/HTTP/Status/403",2026-07-17T16:31:25.905554
humanite,bd6t573381s,,failed,0,0,,http_manifest,known,403,manifest,"Client error '403 ' for url 'https://openapiproext.bnf.fr/iiif/presentation/v3/ark:/12148/bd6t573381s/manifest.json'
For more information check: https://developer.mozilla.org/en-US/docs/Web/HTTP/Status/403",2026-07-17T16:31:27.118177
humanite,bd6t5733824,,failed,0,0,,http_manifest,known,403,manifest,"Client error '403 ' for url 'https://openapiproext.bnf.fr/iiif/presentation/v3/ark:/12148/bd6t5733824/manifest.json'
For more information check: https://developer.mozilla.org/en-US/docs/Web/HTTP/Status/403",2026-07-17T16:31:28.302406
humanite,bd6t573383g,,failed,0,0,,http_manifest,known,403,manifest,"Client error '403 ' for url 'https://openapiproext.bnf.fr/iiif/presentation/v3/ark:/12148/bd6t573383g/manifest.json'
For more information check: https://developer.mozilla.org/en-US/docs/Web/HTTP/Status/403",2026-07-17T16:31:29.500916
humanite,bd6t573384t,,failed,0,0,,http_manifest,known,403,manifest,"Client error '403 ' for url 'https://openapiproext.bnf.fr/iiif/presentation/v3/ark:/12148/bd6t573384t/manifest.json'
For more information check: https://developer.mozilla.org/en-US/docs/Web/HTTP/Status/403",2026-07-17T16:31:30.712569
humanite,bd6t5733855,,failed,0,0,,http_manifest,known,403,manifest,"Client error '403 ' for url 'https://openapiproext.bnf.fr/iiif/presentation/v3/ark:/12148/bd6t5733855/manifest.json'
For more information check: https://developer.mozilla.org/en-US/docs/Web/HTTP/Status/403",2026-07-17T16:31:31.905914
humanite,bd6t573386h,,failed,0,0,,http_manifest,known,403,manifest,"Client error '403 ' for url 'https://openapiproext.bnf.fr/iiif/presentation/v3/ark:/12148/bd6t573386h/manifest.json'
For more information check: https://developer.mozilla.org/en-US/docs/Web/HTTP/Status/403",2026-07-17T16:31:33.107057
humanite,bd6t573387v,,failed,0,0,,http_manifest,known,403,manifest,"Client error '403 ' for url 'https://openapiproext.bnf.fr/iiif/presentation/v3/ark:/12148/bd6t573387v/manifest.json'
For more information check: https://developer.mozilla.org/en-US/docs/Web/HTTP/Status/403",2026-07-17T16:31:34.304694
humanite,bd6t5733886,,failed,0,0,,http_manifest,known,403,manifest,"Client error '403 ' for url 'https://openapiproext.bnf.fr/iiif/presentation/v3/ark:/12148/bd6t5733886/manifest.json'
For more information check: https://developer.mozilla.org/en-US/docs/Web/HTTP/Status/403",2026-07-17T16:31:35.531088
humanite,bd6t573389j,,failed,0,0,,http_manifest,known,403,manifest,"Client error '403 ' for url 'https://openapiproext.bnf.fr/iiif/presentation/v3/ark:/12148/bd6t573389j/manifest.json'
For more information check: https://developer.mozilla.org/en-US/docs/Web/HTTP/Status/403",2026-07-17T16:31:36.709231
humanite,bd6t573390r,,failed,0,0,,http_manifest,known,403,manifest,"Client error '403 ' for url 'https://openapiproext.bnf.fr/iiif/presentation/v3/ark:/12148/bd6t573390r/manifest.json'
For more information check: https://developer.mozilla.org/en-US/docs/Web/HTTP/Status/403",2026-07-17T16:31:37.907980
humanite,bd6t5733913,,failed,0,0,,http_manifest,known,403,manifest,"Client error '403 ' for url 'https://openapiproext.bnf.fr/iiif/presentation/v3/ark:/12148/bd6t5733913/manifest.json'
For more information check: https://developer.mozilla.org/en-US/docs/Web/HTTP/Status/403",2026-07-17T16:31:39.111040
humanite,bd6t573392f,,failed,0,0,,http_manifest,known,403,manifest,"Client error '403 ' for url 'https://openapiproext.bnf.fr/iiif/presentation/v3/ark:/12148/bd6t573392f/manifest.json'
For more information check: https://developer.mozilla.org/en-US/docs/Web/HTTP/Status/403",2026-07-17T16:31:40.322763
humanite,bd6t573393s,,failed,0,0,,http_manifest,known,403,manifest,"Client error '403 ' for url 'https://openapiproext.bnf.fr/iiif/presentation/v3/ark:/12148/bd6t573393s/manifest.json'
For more information check: https://developer.mozilla.org/en-US/docs/Web/HTTP/Status/403",2026-07-17T16:31:41.529146
humanite,bd6t5733944,,failed,0,0,,http_manifest,known,403,manifest,"Client error '403 ' for url 'https://openapiproext.bnf.fr/iiif/presentation/v3/ark:/12148/bd6t5733944/manifest.json'
For more information check: https://developer.mozilla.org/en-US/docs/Web/HTTP/Status/403",2026-07-17T16:31:42.720423
humanite,bd6t573395g,,failed,0,0,,http_manifest,known,403,manifest,"Client error '403 ' for url 'https://openapiproext.bnf.fr/iiif/presentation/v3/ark:/12148/bd6t573395g/manifest.json'
For more information check: https://developer.mozilla.org/en-US/docs/Web/HTTP/Status/403",2026-07-17T16:31:43.919908
humanite,bd6t573396t,,failed,0,0,,http_manifest,known,403,manifest,"Client error '403 ' for url 'https://openapiproext.bnf.fr/iiif/presentation/v3/ark:/12148/bd6t573396t/manifest.json'
For more information check: https://developer.mozilla.org/en-US/docs/Web/HTTP/Status/403",2026-07-17T16:31:45.117437
humanite,bd6t5733975,,failed,0,0,,http_manifest,known,403,manifest,"Client error '403 ' for url 'https://openapiproext.bnf.fr/iiif/presentation/v3/ark:/12148/bd6t5733975/manifest.json'
For more information check: https://developer.mozilla.org/en-US/docs/Web/HTTP/Status/403",2026-07-17T16:31:46.323957
humanite,bd6t573398h,,failed,0,0,,http_manifest,known,403,manifest,"Client error '403 ' for url 'https://openapiproext.bnf.fr/iiif/presentation/v3/ark:/12148/bd6t573398h/manifest.json'
For more information check: https://developer.mozilla.org/en-US/docs/Web/HTTP/Status/403",2026-07-17T16:31:47.553694
humanite,bd6t573399v,,failed,0,0,,http_manifest,known,403,manifest,"Client error '403 ' for url 'https://openapiproext.bnf.fr/iiif/presentation/v3/ark:/12148/bd6t573399v/manifest.json'
For more information check: https://developer.mozilla.org/en-US/docs/Web/HTTP/Status/403",2026-07-17T16:31:48.729015
humanite,bd6t5734007,,failed,0,0,,http_manifest,known,403,manifest,"Client error '403 ' for url 'https://openapiproext.bnf.fr/iiif/presentation/v3/ark:/12148/bd6t5734007/manifest.json'
For more information check: https://developer.mozilla.org/en-US/docs/Web/HTTP/Status/403",2026-07-17T16:31:49.932008
humanite,bd6t571102m,,failed,0,0,,http_manifest,known,403,manifest,"Client error '403 ' for url 'https://openapiproext.bnf.fr/iiif/presentation/v3/ark:/12148/bd6t571102m/manifest.json'
For more information check: https://developer.mozilla.org/en-US/docs/Web/HTTP/Status/403",2026-07-17T16:31:51.130832
humanite,bd6t571103z,,failed,0,0,,http_manifest,known,403,manifest,"Client error '403 ' for url 'https://openapiproext.bnf.fr/iiif/presentation/v3/ark:/12148/bd6t571103z/manifest.json'
For more information check: https://developer.mozilla.org/en-US/docs/Web/HTTP/Status/403",2026-07-17T16:31:52.328738
humanite,bd6t5711049,,failed,0,0,,http_manifest,known,403,manifest,"Client error '403 ' for url 'https://openapiproext.bnf.fr/iiif/presentation/v3/ark:/12148/bd6t5711049/manifest.json'
For more information check: https://developer.mozilla.org/en-US/docs/Web/HTTP/Status/403",2026-07-17T16:31:53.550425
humanite,bd6t571105n,,failed,0,0,,http_manifest,known,403,manifest,"Client error '403 ' for url 'https://openapiproext.bnf.fr/iiif/presentation/v3/ark:/12148/bd6t571105n/manifest.json'
For more information check: https://developer.mozilla.org/en-US/docs/Web/HTTP/Status/403",2026-07-17T16:31:54.735909
humanite,bd6t5711060,,failed,0,0,,http_manifest,known,403,manifest,"Client error '403 ' for url 'https://openapiproext.bnf.fr/iiif/presentation/v3/ark:/12148/bd6t5711060/manifest.json'
For more information check: https://developer.mozilla.org/en-US/docs/Web/HTTP/Status/403",2026-07-17T16:31:55.947497
humanite,bd6t571107b,,failed,0,0,,http_manifest,known,403,manifest,"Client error '403 ' for url 'https://openapiproext.bnf.fr/iiif/presentation/v3/ark:/12148/bd6t571107b/manifest.json'
For more information check: https://developer.mozilla.org/en-US/docs/Web/HTTP/Status/403",2026-07-17T16:31:57.139577
humanite,bd6t571108p,,failed,0,0,,http_manifest,known,403,manifest,"Client error '403 ' for url 'https://openapiproext.bnf.fr/iiif/presentation/v3/ark:/12148/bd6t571108p/manifest.json'
For more information check: https://developer.mozilla.org/en-US/docs/Web/HTTP/Status/403",2026-07-17T16:31:58.341328
humanite,bd6t5711091,,failed,0,0,,http_manifest,known,403,manifest,"Client error '403 ' for url 'https://openapiproext.bnf.fr/iiif/presentation/v3/ark:/12148/bd6t5711091/manifest.json'
For more information check: https://developer.mozilla.org/en-US/docs/Web/HTTP/Status/403",2026-07-17T16:31:59.546200
humanite,bd6t5711107,,failed,0,0,,http_manifest,known,403,manifest,"Client error '403 ' for url 'https://openapiproext.bnf.fr/iiif/presentation/v3/ark:/12148/bd6t5711107/manifest.json'
For more information check: https://developer.mozilla.org/en-US/docs/Web/HTTP/Status/403",2026-07-17T16:32:00.742997
humanite,bd6t571111k,,failed,0,0,,http_manifest,known,403,manifest,"Client error '403 ' for url 'https://openapiproext.bnf.fr/iiif/presentation/v3/ark:/12148/bd6t571111k/manifest.json'
For more information check: https://developer.mozilla.org/en-US/docs/Web/HTTP/Status/403",2026-07-17T16:32:01.949166
humanite,bd6t571112x,,failed,0,0,,http_manifest,known,403,manifest,"Client error '403 ' for url 'https://openapiproext.bnf.fr/iiif/presentation/v3/ark:/12148/bd6t571112x/manifest.json'
For more information check: https://developer.mozilla.org/en-US/docs/Web/HTTP/Status/403",2026-07-17T16:32:03.146117
humanite,bd6t5711138,,failed,0,0,,http_manifest,known,403,manifest,"Client error '403 ' for url 'https://openapiproext.bnf.fr/iiif/presentation/v3/ark:/12148/bd6t5711138/manifest.json'
For more information check: https://developer.mozilla.org/en-US/docs/Web/HTTP/Status/403",2026-07-17T16:32:04.350313
humanite,bd6t571114m,,failed,0,0,,http_manifest,known,403,manifest,"Client error '403 ' for url 'https://openapiproext.bnf.fr/iiif/presentation/v3/ark:/12148/bd6t571114m/manifest.json'
For more information check: https://developer.mozilla.org/en-US/docs/Web/HTTP/Status/403",2026-07-17T16:32:05.562606
humanite,bd6t571115z,,failed,0,0,,http_manifest,known,403,manifest,"Client error '403 ' for url 'https://openapiproext.bnf.fr/iiif/presentation/v3/ark:/12148/bd6t571115z/manifest.json'
For more information check: https://developer.mozilla.org/en-US/docs/Web/HTTP/Status/403",2026-07-17T16:32:06.753550
humanite,bd6t5711169,,failed,0,0,,http_manifest,known,403,manifest,"Client error '403 ' for url 'https://openapiproext.bnf.fr/iiif/presentation/v3/ark:/12148/bd6t5711169/manifest.json'
For more information check: https://developer.mozilla.org/en-US/docs/Web/HTTP/Status/403",2026-07-17T16:32:07.971863
humanite,bd6t571117n,,failed,0,0,,http_manifest,known,403,manifest,"Client error '403 ' for url 'https://openapiproext.bnf.fr/iiif/presentation/v3/ark:/12148/bd6t571117n/manifest.json'
For more information check: https://developer.mozilla.org/en-US/docs/Web/HTTP/Status/403",2026-07-17T16:32:09.157301
humanite,bd6t5711180,,failed,0,0,,http_manifest,known,403,manifest,"Client error '403 ' for url 'https://openapiproext.bnf.fr/iiif/presentation/v3/ark:/12148/bd6t5711180/manifest.json'
For more information check: https://developer.mozilla.org/en-US/docs/Web/HTTP/Status/403",2026-07-17T16:32:10.417016
humanite,bd6t571119b,,failed,0,0,,http_manifest,known,403,manifest,"Client error '403 ' for url 'https://openapiproext.bnf.fr/iiif/presentation/v3/ark:/12148/bd6t571119b/manifest.json'
For more information check: https://developer.mozilla.org/en-US/docs/Web/HTTP/Status/403",2026-07-17T16:32:11.701042
humanite,bd6t571120j,,failed,0,0,,http_manifest,known,403,manifest,"Client error '403 ' for url 'https://openapiproext.bnf.fr/iiif/presentation/v3/ark:/12148/bd6t571120j/manifest.json'
For more information check: https://developer.mozilla.org/en-US/docs/Web/HTTP/Status/403",2026-07-17T16:32:12.761555
humanite,bd6t571121w,,failed,0,0,,http_manifest,known,403,manifest,"Client error '403 ' for url 'https://openapiproext.bnf.fr/iiif/presentation/v3/ark:/12148/bd6t571121w/manifest.json'
For more information check: https://developer.mozilla.org/en-US/docs/Web/HTTP/Status/403",2026-07-17T16:32:14.129758
humanite,bd6t5711227,,failed,0,0,,http_manifest,known,403,manifest,"Client error '403 ' for url 'https://openapiproext.bnf.fr/iiif/presentation/v3/ark:/12148/bd6t5711227/manifest.json'
For more information check: https://developer.mozilla.org/en-US/docs/Web/HTTP/Status/403",2026-07-17T16:32:15.234014
humanite,bd6t571123k,,failed,0,0,,http_manifest,known,403,manifest,"Client error '403 ' for url 'https://openapiproext.bnf.fr/iiif/presentation/v3/ark:/12148/bd6t571123k/manifest.json'
For more information check: https://developer.mozilla.org/en-US/docs/Web/HTTP/Status/403",2026-07-17T16:32:16.476661
humanite,bd6t571124x,,failed,0,0,,http_manifest,known,403,manifest,"Client error '403 ' for url 'https://openapiproext.bnf.fr/iiif/presentation/v3/ark:/12148/bd6t571124x/manifest.json'
For more information check: https://developer.mozilla.org/en-US/docs/Web/HTTP/Status/403",2026-07-17T16:32:17.708688
humanite,bd6t5711258,,failed,0,0,,http_manifest,known,403,manifest,"Client error '403 ' for url 'https://openapiproext.bnf.fr/iiif/presentation/v3/ark:/12148/bd6t5711258/manifest.json'
For more information check: https://developer.mozilla.org/en-US/docs/Web/HTTP/Status/403",2026-07-17T16:32:18.969912
humanite,bd6t571126m,,failed,0,0,,http_manifest,known,403,manifest,"Client error '403 ' for url 'https://openapiproext.bnf.fr/iiif/presentation/v3/ark:/12148/bd6t571126m/manifest.json'
For more information check: https://developer.mozilla.org/en-US/docs/Web/HTTP/Status/403",2026-07-17T16:32:19.995626
humanite,bd6t571127z,,failed,0,0,,http_manifest,known,403,manifest,"Client error '403 ' for url 'https://openapiproext.bnf.fr/iiif/presentation/v3/ark:/12148/bd6t571127z/manifest.json'
For more information check: https://developer.mozilla.org/en-US/docs/Web/HTTP/Status/403",2026-07-17T16:32:21.196779
humanite,bd6t5711289,,failed,0,0,,http_manifest,known,403,manifest,"Client error '403 ' for url 'https://openapiproext.bnf.fr/iiif/presentation/v3/ark:/12148/bd6t5711289/manifest.json'
For more information check: https://developer.mozilla.org/en-US/docs/Web/HTTP/Status/403",2026-07-17T16:32:22.373286
humanite,bd6t571129n,,failed,0,0,,http_manifest,known,403,manifest,"Client error '403 ' for url 'https://openapiproext.bnf.fr/iiif/presentation/v3/ark:/12148/bd6t571129n/manifest.json'
For more information check: https://developer.mozilla.org/en-US/docs/Web/HTTP/Status/403",2026-07-17T16:32:23.571495
humanite,bd6t571130v,,failed,0,0,,http_manifest,known,403,manifest,"Client error '403 ' for url 'https://openapiproext.bnf.fr/iiif/presentation/v3/ark:/12148/bd6t571130v/manifest.json'
For more information check: https://developer.mozilla.org/en-US/docs/Web/HTTP/Status/403",2026-07-17T16:32:24.769903
humanite,bd6t5711316,,failed,0,0,,http_manifest,known,403,manifest,"Client error '403 ' for url 'https://openapiproext.bnf.fr/iiif/presentation/v3/ark:/12148/bd6t5711316/manifest.json'
For more information check: https://developer.mozilla.org/en-US/docs/Web/HTTP/Status/403",2026-07-17T16:32:25.977573
humanite,bd6t571132j,,failed,0,0,,http_manifest,known,403,manifest,"Client error '403 ' for url 'https://openapiproext.bnf.fr/iiif/presentation/v3/ark:/12148/bd6t571132j/manifest.json'
For more information check: https://developer.mozilla.org/en-US/docs/Web/HTTP/Status/403",2026-07-17T16:32:27.191013
humanite,bd6t571133w,,failed,0,0,,http_manifest,known,403,manifest,"Client error '403 ' for url 'https://openapiproext.bnf.fr/iiif/presentation/v3/ark:/12148/bd6t571133w/manifest.json'
For more information check: https://developer.mozilla.org/en-US/docs/Web/HTTP/Status/403",2026-07-17T16:32:28.374546
humanite,bd6t5711347,,failed,0,0,,http_manifest,known,403,manifest,"Client error '403 ' for url 'https://openapiproext.bnf.fr/iiif/presentation/v3/ark:/12148/bd6t5711347/manifest.json'
For more information check: https://developer.mozilla.org/en-US/docs/Web/HTTP/Status/403",2026-07-17T16:32:29.577358
humanite,bd6t571135k,,failed,0,0,,http_manifest,known,403,manifest,"Client error '403 ' for url 'https://openapiproext.bnf.fr/iiif/presentation/v3/ark:/12148/bd6t571135k/manifest.json'
For more information check: https://developer.mozilla.org/en-US/docs/Web/HTTP/Status/403",2026-07-17T16:32:30.776374
humanite,bd6t571136x,,failed,0,0,,http_manifest,known,403,manifest,"Client error '403 ' for url 'https://openapiproext.bnf.fr/iiif/presentation/v3/ark:/12148/bd6t571136x/manifest.json'
For more information check: https://developer.mozilla.org/en-US/docs/Web/HTTP/Status/403",2026-07-17T16:32:31.977870
humanite,bd6t5711378,,failed,0,0,,http_manifest,known,403,manifest,"Client error '403 ' for url 'https://openapiproext.bnf.fr/iiif/presentation/v3/ark:/12148/bd6t5711378/manifest.json'
For more information check: https://developer.mozilla.org/en-US/docs/Web/HTTP/Status/403",2026-07-17T16:32:33.183593
humanite,bd6t571138m,,failed,0,0,,http_manifest,known,403,manifest,"Client error '403 ' for url 'https://openapiproext.bnf.fr/iiif/presentation/v3/ark:/12148/bd6t571138m/manifest.json'
For more information check: https://developer.mozilla.org/en-US/docs/Web/HTTP/Status/403",2026-07-17T16:32:34.388077
humanite,bd6t571139z,,failed,0,0,,http_manifest,known,403,manifest,"Client error '403 ' for url 'https://openapiproext.bnf.fr/iiif/presentation/v3/ark:/12148/bd6t571139z/manifest.json'
For more information check: https://developer.mozilla.org/en-US/docs/Web/HTTP/Status/403",2026-07-17T16:32:35.585324
humanite,bd6t5711405,,failed,0,0,,http_manifest,known,403,manifest,"Client error '403 ' for url 'https://openapiproext.bnf.fr/iiif/presentation/v3/ark:/12148/bd6t5711405/manifest.json'
For more information check: https://developer.mozilla.org/en-US/docs/Web/HTTP/Status/403",2026-07-17T16:32:36.792757
humanite,bd6t571141h,,failed,0,0,,http_manifest,known,403,manifest,"Client error '403 ' for url 'https://openapiproext.bnf.fr/iiif/presentation/v3/ark:/12148/bd6t571141h/manifest.json'
For more information check: https://developer.mozilla.org/en-US/docs/Web/HTTP/Status/403",2026-07-17T16:32:37.989341
humanite,bd6t571142v,,failed,0,0,,http_manifest,known,403,manifest,"Client error '403 ' for url 'https://openapiproext.bnf.fr/iiif/presentation/v3/ark:/12148/bd6t571142v/manifest.json'
For more information check: https://developer.mozilla.org/en-US/docs/Web/HTTP/Status/403",2026-07-17T16:32:39.205631
humanite,bd6t5711436,,failed,0,0,,http_manifest,known,403,manifest,"Client error '403 ' for url 'https://openapiproext.bnf.fr/iiif/presentation/v3/ark:/12148/bd6t5711436/manifest.json'
For more information check: https://developer.mozilla.org/en-US/docs/Web/HTTP/Status/403",2026-07-17T16:32:40.390926
humanite,bd6t571144j,,failed,0,0,,http_manifest,known,403,manifest,"Client error '403 ' for url 'https://openapiproext.bnf.fr/iiif/presentation/v3/ark:/12148/bd6t571144j/manifest.json'
For more information check: https://developer.mozilla.org/en-US/docs/Web/HTTP/Status/403",2026-07-17T16:32:41.592941
humanite,bd6t571145w,,failed,0,0,,http_manifest,known,403,manifest,"Client error '403 ' for url 'https://openapiproext.bnf.fr/iiif/presentation/v3/ark:/12148/bd6t571145w/manifest.json'
For more information check: https://developer.mozilla.org/en-US/docs/Web/HTTP/Status/403",2026-07-17T16:32:42.801198
humanite,bd6t5711467,,failed,0,0,,http_manifest,known,403,manifest,"Client error '403 ' for url 'https://openapiproext.bnf.fr/iiif/presentation/v3/ark:/12148/bd6t5711467/manifest.json'
For more information check: https://developer.mozilla.org/en-US/docs/Web/HTTP/Status/403",2026-07-17T16:32:43.996106
humanite,bd6t571147k,,failed,0,0,,http_manifest,known,403,manifest,"Client error '403 ' for url 'https://openapiproext.bnf.fr/iiif/presentation/v3/ark:/12148/bd6t571147k/manifest.json'
For more information check: https://developer.mozilla.org/en-US/docs/Web/HTTP/Status/403",2026-07-17T16:32:45.195772
humanite,bd6t571148x,,failed,0,0,,http_manifest,known,403,manifest,"Client error '403 ' for url 'https://openapiproext.bnf.fr/iiif/presentation/v3/ark:/12148/bd6t571148x/manifest.json'
For more information check: https://developer.mozilla.org/en-US/docs/Web/HTTP/Status/403",2026-07-17T16:32:46.396244
humanite,bd6t5711498,,failed,0,0,,http_manifest,known,403,manifest,"Client error '403 ' for url 'https://openapiproext.bnf.fr/iiif/presentation/v3/ark:/12148/bd6t5711498/manifest.json'
For more information check: https://developer.mozilla.org/en-US/docs/Web/HTTP/Status/403",2026-07-17T16:32:47.607706
humanite,bd6t571150g,,failed,0,0,,http_manifest,known,403,manifest,"Client error '403 ' for url 'https://openapiproext.bnf.fr/iiif/presentation/v3/ark:/12148/bd6t571150g/manifest.json'
For more information check: https://developer.mozilla.org/en-US/docs/Web/HTTP/Status/403",2026-07-17T16:32:48.812523
humanite,bd6t571151t,,failed,0,0,,http_manifest,known,403,manifest,"Client error '403 ' for url 'https://openapiproext.bnf.fr/iiif/presentation/v3/ark:/12148/bd6t571151t/manifest.json'
For more information check: https://developer.mozilla.org/en-US/docs/Web/HTTP/Status/403",2026-07-17T16:32:50.004711
humanite,bd6t5711525,,failed,0,0,,http_manifest,known,403,manifest,"Client error '403 ' for url 'https://openapiproext.bnf.fr/iiif/presentation/v3/ark:/12148/bd6t5711525/manifest.json'
For more information check: https://developer.mozilla.org/en-US/docs/Web/HTTP/Status/403",2026-07-17T16:32:51.220040
humanite,bd6t571153h,,failed,0,0,,http_manifest,known,403,manifest,"Client error '403 ' for url 'https://openapiproext.bnf.fr/iiif/presentation/v3/ark:/12148/bd6t571153h/manifest.json'
For more information check: https://developer.mozilla.org/en-US/docs/Web/HTTP/Status/403",2026-07-17T16:32:52.404435
humanite,bd6t571154v,,failed,0,0,,http_manifest,known,403,manifest,"Client error '403 ' for url 'https://openapiproext.bnf.fr/iiif/presentation/v3/ark:/12148/bd6t571154v/manifest.json'
For more information check: https://developer.mozilla.org/en-US/docs/Web/HTTP/Status/403",2026-07-17T16:32:53.608708
humanite,bd6t5711556,,failed,0,0,,http_manifest,known,403,manifest,"Client error '403 ' for url 'https://openapiproext.bnf.fr/iiif/presentation/v3/ark:/12148/bd6t5711556/manifest.json'
For more information check: https://developer.mozilla.org/en-US/docs/Web/HTTP/Status/403",2026-07-17T16:32:54.813538
humanite,bd6t571156j,,failed,0,0,,http_manifest,known,403,manifest,"Client error '403 ' for url 'https://openapiproext.bnf.fr/iiif/presentation/v3/ark:/12148/bd6t571156j/manifest.json'
For more information check: https://developer.mozilla.org/en-US/docs/Web/HTTP/Status/403",2026-07-17T16:32:56.012065
humanite,bd6t571157w,,failed,0,0,,http_manifest,known,403,manifest,"Client error '403 ' for url 'https://openapiproext.bnf.fr/iiif/presentation/v3/ark:/12148/bd6t571157w/manifest.json'
For more information check: https://developer.mozilla.org/en-US/docs/Web/HTTP/Status/403",2026-07-17T16:32:57.224945
humanite,bd6t5711587,,failed,0,0,,http_manifest,known,403,manifest,"Client error '403 ' for url 'https://openapiproext.bnf.fr/iiif/presentation/v3/ark:/12148/bd6t5711587/manifest.json'
For more information check: https://developer.mozilla.org/en-US/docs/Web/HTTP/Status/403",2026-07-17T16:32:58.437509
humanite,bd6t571159k,,failed,0,0,,http_manifest,known,403,manifest,"Client error '403 ' for url 'https://openapiproext.bnf.fr/iiif/presentation/v3/ark:/12148/bd6t571159k/manifest.json'
For more information check: https://developer.mozilla.org/en-US/docs/Web/HTTP/Status/403",2026-07-17T16:32:59.625475
humanite,bd6t571160s,,failed,0,0,,http_manifest,known,403,manifest,"Client error '403 ' for url 'https://openapiproext.bnf.fr/iiif/presentation/v3/ark:/12148/bd6t571160s/manifest.json'
For more information check: https://developer.mozilla.org/en-US/docs/Web/HTTP/Status/403",2026-07-17T16:33:00.908572
humanite,bd6t5711614,,failed,0,0,,http_manifest,known,403,manifest,"Client error '403 ' for url 'https://openapiproext.bnf.fr/iiif/presentation/v3/ark:/12148/bd6t5711614/manifest.json'
For more information check: https://developer.mozilla.org/en-US/docs/Web/HTTP/Status/403",2026-07-17T16:33:02.033295
humanite,bd6t571162g,,failed,0,0,,http_manifest,known,403,manifest,"Client error '403 ' for url 'https://openapiproext.bnf.fr/iiif/presentation/v3/ark:/12148/bd6t571162g/manifest.json'
For more information check: https://developer.mozilla.org/en-US/docs/Web/HTTP/Status/403",2026-07-17T16:33:03.352828
humanite,bd6t571163t,,failed,0,0,,http_manifest,known,403,manifest,"Client error '403 ' for url 'https://openapiproext.bnf.fr/iiif/presentation/v3/ark:/12148/bd6t571163t/manifest.json'
For more information check: https://developer.mozilla.org/en-US/docs/Web/HTTP/Status/403",2026-07-17T16:33:04.532842
humanite,bd6t5711645,,failed,0,0,,http_manifest,known,403,manifest,"Client error '403 ' for url 'https://openapiproext.bnf.fr/iiif/presentation/v3/ark:/12148/bd6t5711645/manifest.json'
For more information check: https://developer.mozilla.org/en-US/docs/Web/HTTP/Status/403",2026-07-17T16:33:05.778843
humanite,bd6t571165h,,failed,0,0,,http_manifest,known,403,manifest,"Client error '403 ' for url 'https://openapiproext.bnf.fr/iiif/presentation/v3/ark:/12148/bd6t571165h/manifest.json'
For more information check: https://developer.mozilla.org/en-US/docs/Web/HTTP/Status/403",2026-07-17T16:33:06.993456
humanite,bd6t571166v,,failed,0,0,,http_manifest,known,403,manifest,"Client error '403 ' for url 'https://openapiproext.bnf.fr/iiif/presentation/v3/ark:/12148/bd6t571166v/manifest.json'
For more information check: https://developer.mozilla.org/en-US/docs/Web/HTTP/Status/403",2026-07-17T16:33:08.103629
humanite,bd6t5711676,,failed,0,0,,http_manifest,known,403,manifest,"Client error '403 ' for url 'https://openapiproext.bnf.fr/iiif/presentation/v3/ark:/12148/bd6t5711676/manifest.json'
For more information check: https://developer.mozilla.org/en-US/docs/Web/HTTP/Status/403",2026-07-17T16:33:09.249456
humanite,bd6t571168j,,failed,0,0,,http_manifest,known,403,manifest,"Client error '403 ' for url 'https://openapiproext.bnf.fr/iiif/presentation/v3/ark:/12148/bd6t571168j/manifest.json'
For more information check: https://developer.mozilla.org/en-US/docs/Web/HTTP/Status/403",2026-07-17T16:33:10.594436
humanite,bd6t571169w,,failed,0,0,,http_manifest,known,403,manifest,"Client error '403 ' for url 'https://openapiproext.bnf.fr/iiif/presentation/v3/ark:/12148/bd6t571169w/manifest.json'
For more information check: https://developer.mozilla.org/en-US/docs/Web/HTTP/Status/403",2026-07-17T16:33:11.746163
humanite,bd6t5711703,,failed,0,0,,http_manifest,known,403,manifest,"Client error '403 ' for url 'https://openapiproext.bnf.fr/iiif/presentation/v3/ark:/12148/bd6t5711703/manifest.json'
For more information check: https://developer.mozilla.org/en-US/docs/Web/HTTP/Status/403",2026-07-17T16:33:12.844414
humanite,bd6t571171f,,failed,0,0,,http_manifest,known,403,manifest,"Client error '403 ' for url 'https://openapiproext.bnf.fr/iiif/presentation/v3/ark:/12148/bd6t571171f/manifest.json'
For more information check: https://developer.mozilla.org/en-US/docs/Web/HTTP/Status/403",2026-07-17T16:33:14.247659
humanite,bd6t571172s,,failed,0,0,,http_manifest,known,403,manifest,"Client error '403 ' for url 'https://openapiproext.bnf.fr/iiif/presentation/v3/ark:/12148/bd6t571172s/manifest.json'
For more information check: https://developer.mozilla.org/en-US/docs/Web/HTTP/Status/403",2026-07-17T16:33:15.416924
humanite,bd6t5711734,,failed,0,0,,http_manifest,known,403,manifest,"Client error '403 ' for url 'https://openapiproext.bnf.fr/iiif/presentation/v3/ark:/12148/bd6t5711734/manifest.json'
For more information check: https://developer.mozilla.org/en-US/docs/Web/HTTP/Status/403",2026-07-17T16:33:16.453570
humanite,bd6t571174g,,failed,0,0,,http_manifest,known,403,manifest,"Client error '403 ' for url 'https://openapiproext.bnf.fr/iiif/presentation/v3/ark:/12148/bd6t571174g/manifest.json'
For more information check: https://developer.mozilla.org/en-US/docs/Web/HTTP/Status/403",2026-07-17T16:33:17.648298
humanite,bd6t571175t,,failed,0,0,,http_manifest,known,403,manifest,"Client error '403 ' for url 'https://openapiproext.bnf.fr/iiif/presentation/v3/ark:/12148/bd6t571175t/manifest.json'
For more information check: https://developer.mozilla.org/en-US/docs/Web/HTTP/Status/403",2026-07-17T16:33:18.920885
humanite,bd6t5711765,,failed,0,0,,http_manifest,known,403,manifest,"Client error '403 ' for url 'https://openapiproext.bnf.fr/iiif/presentation/v3/ark:/12148/bd6t5711765/manifest.json'
For more information check: https://developer.mozilla.org/en-US/docs/Web/HTTP/Status/403",2026-07-17T16:33:20.076536
humanite,bd6t571177h,,failed,0,0,,http_manifest,known,403,manifest,"Client error '403 ' for url 'https://openapiproext.bnf.fr/iiif/presentation/v3/ark:/12148/bd6t571177h/manifest.json'
For more information check: https://developer.mozilla.org/en-US/docs/Web/HTTP/Status/403",2026-07-17T16:33:21.247465
humanite,bd6t571178v,,failed,0,0,,http_manifest,known,403,manifest,"Client error '403 ' for url 'https://openapiproext.bnf.fr/iiif/presentation/v3/ark:/12148/bd6t571178v/manifest.json'
For more information check: https://developer.mozilla.org/en-US/docs/Web/HTTP/Status/403",2026-07-17T16:33:22.452931
humanite,bd6t5711796,,failed,0,0,,http_manifest,known,403,manifest,"Client error '403 ' for url 'https://openapiproext.bnf.fr/iiif/presentation/v3/ark:/12148/bd6t5711796/manifest.json'
For more information check: https://developer.mozilla.org/en-US/docs/Web/HTTP/Status/403",2026-07-17T16:33:23.647625
humanite,bd6t571180d,,failed,0,0,,http_manifest,known,403,manifest,"Client error '403 ' for url 'https://openapiproext.bnf.fr/iiif/presentation/v3/ark:/12148/bd6t571180d/manifest.json'
For more information check: https://developer.mozilla.org/en-US/docs/Web/HTTP/Status/403",2026-07-17T16:33:24.852266
humanite,bd6t5732449,,failed,0,0,,http_manifest,known,403,manifest,"Client error '403 ' for url 'https://openapiproext.bnf.fr/iiif/presentation/v3/ark:/12148/bd6t5732449/manifest.json'
For more information check: https://developer.mozilla.org/en-US/docs/Web/HTTP/Status/403",2026-07-17T16:33:26.054758
humanite,bd6t573245n,,failed,0,0,,http_manifest,known,403,manifest,"Client error '403 ' for url 'https://openapiproext.bnf.fr/iiif/presentation/v3/ark:/12148/bd6t573245n/manifest.json'
For more information check: https://developer.mozilla.org/en-US/docs/Web/HTTP/Status/403",2026-07-17T16:33:27.265594
humanite,bd6t5732460,,failed,0,0,,http_manifest,known,403,manifest,"Client error '403 ' for url 'https://openapiproext.bnf.fr/iiif/presentation/v3/ark:/12148/bd6t5732460/manifest.json'
For more information check: https://developer.mozilla.org/en-US/docs/Web/HTTP/Status/403",2026-07-17T16:33:28.455678
humanite,bd6t573247b,,failed,0,0,,http_manifest,known,403,manifest,"Client error '403 ' for url 'https://openapiproext.bnf.fr/iiif/presentation/v3/ark:/12148/bd6t573247b/manifest.json'
For more information check: https://developer.mozilla.org/en-US/docs/Web/HTTP/Status/403",2026-07-17T16:33:29.653571
humanite,bd6t573248p,,failed,0,0,,http_manifest,known,403,manifest,"Client error '403 ' for url 'https://openapiproext.bnf.fr/iiif/presentation/v3/ark:/12148/bd6t573248p/manifest.json'
For more information check: https://developer.mozilla.org/en-US/docs/Web/HTTP/Status/403",2026-07-17T16:33:30.855388
humanite,bd6t5732491,,failed,0,0,,http_manifest,known,403,manifest,"Client error '403 ' for url 'https://openapiproext.bnf.fr/iiif/presentation/v3/ark:/12148/bd6t5732491/manifest.json'
For more information check: https://developer.mozilla.org/en-US/docs/Web/HTTP/Status/403",2026-07-17T16:33:32.068643
humanite,bd6t5732507,,failed,0,0,,http_manifest,known,403,manifest,"Client error '403 ' for url 'https://openapiproext.bnf.fr/iiif/presentation/v3/ark:/12148/bd6t5732507/manifest.json'
For more information check: https://developer.mozilla.org/en-US/docs/Web/HTTP/Status/403",2026-07-17T16:33:33.256935
humanite,bd6t573251k,,failed,0,0,,http_manifest,known,403,manifest,"Client error '403 ' for url 'https://openapiproext.bnf.fr/iiif/presentation/v3/ark:/12148/bd6t573251k/manifest.json'
For more information check: https://developer.mozilla.org/en-US/docs/Web/HTTP/Status/403",2026-07-17T16:33:34.457276
humanite,bd6t573252x,,failed,0,0,,http_manifest,known,403,manifest,"Client error '403 ' for url 'https://openapiproext.bnf.fr/iiif/presentation/v3/ark:/12148/bd6t573252x/manifest.json'
For more information check: https://developer.mozilla.org/en-US/docs/Web/HTTP/Status/403",2026-07-17T16:33:35.660072
humanite,bd6t5732538,,failed,0,0,,http_manifest,known,403,manifest,"Client error '403 ' for url 'https://openapiproext.bnf.fr/iiif/presentation/v3/ark:/12148/bd6t5732538/manifest.json'
For more information check: https://developer.mozilla.org/en-US/docs/Web/HTTP/Status/403",2026-07-17T16:33:36.866860
humanite,bd6t573254m,,failed,0,0,,http_manifest,known,403,manifest,"Client error '403 ' for url 'https://openapiproext.bnf.fr/iiif/presentation/v3/ark:/12148/bd6t573254m/manifest.json'
For more information check: https://developer.mozilla.org/en-US/docs/Web/HTTP/Status/403",2026-07-17T16:33:38.076142
humanite,bd6t573255z,,failed,0,0,,http_manifest,known,403,manifest,"Client error '403 ' for url 'https://openapiproext.bnf.fr/iiif/presentation/v3/ark:/12148/bd6t573255z/manifest.json'
For more information check: https://developer.mozilla.org/en-US/docs/Web/HTTP/Status/403",2026-07-17T16:33:39.262382
humanite,bd6t5732569,,failed,0,0,,http_manifest,known,403,manifest,"Client error '403 ' for url 'https://openapiproext.bnf.fr/iiif/presentation/v3/ark:/12148/bd6t5732569/manifest.json'
For more information check: https://developer.mozilla.org/en-US/docs/Web/HTTP/Status/403",2026-07-17T16:33:40.467967
humanite,bd6t573257n,,failed,0,0,,http_manifest,known,403,manifest,"Client error '403 ' for url 'https://openapiproext.bnf.fr/iiif/presentation/v3/ark:/12148/bd6t573257n/manifest.json'
For more information check: https://developer.mozilla.org/en-US/docs/Web/HTTP/Status/403",2026-07-17T16:33:41.666671
humanite,bd6t5732580,,failed,0,0,,http_manifest,known,403,manifest,"Client error '403 ' for url 'https://openapiproext.bnf.fr/iiif/presentation/v3/ark:/12148/bd6t5732580/manifest.json'
For more information check: https://developer.mozilla.org/en-US/docs/Web/HTTP/Status/403",2026-07-17T16:33:42.873557
humanite,bd6t573259b,,failed,0,0,,http_manifest,known,403,manifest,"Client error '403 ' for url 'https://openapiproext.bnf.fr/iiif/presentation/v3/ark:/12148/bd6t573259b/manifest.json'
For more information check: https://developer.mozilla.org/en-US/docs/Web/HTTP/Status/403",2026-07-17T16:33:44.068118
humanite,bd6t573260j,,failed,0,0,,http_manifest,known,403,manifest,"Client error '403 ' for url 'https://openapiproext.bnf.fr/iiif/presentation/v3/ark:/12148/bd6t573260j/manifest.json'
For more information check: https://developer.mozilla.org/en-US/docs/Web/HTTP/Status/403",2026-07-17T16:33:45.272292
humanite,bd6t573261w,,failed,0,0,,http_manifest,known,403,manifest,"Client error '403 ' for url 'https://openapiproext.bnf.fr/iiif/presentation/v3/ark:/12148/bd6t573261w/manifest.json'
For more information check: https://developer.mozilla.org/en-US/docs/Web/HTTP/Status/403",2026-07-17T16:33:46.474695
humanite,bd6t5732627,,failed,0,0,,http_manifest,known,403,manifest,"Client error '403 ' for url 'https://openapiproext.bnf.fr/iiif/presentation/v3/ark:/12148/bd6t5732627/manifest.json'
For more information check: https://developer.mozilla.org/en-US/docs/Web/HTTP/Status/403",2026-07-17T16:33:47.678778
humanite,bd6t573263k,,failed,0,0,,http_manifest,known,403,manifest,"Client error '403 ' for url 'https://openapiproext.bnf.fr/iiif/presentation/v3/ark:/12148/bd6t573263k/manifest.json'
For more information check: https://developer.mozilla.org/en-US/docs/Web/HTTP/Status/403",2026-07-17T16:33:48.877489
humanite,bd6t573264x,,failed,0,0,,http_manifest,known,403,manifest,"Client error '403 ' for url 'https://openapiproext.bnf.fr/iiif/presentation/v3/ark:/12148/bd6t573264x/manifest.json'
For more information check: https://developer.mozilla.org/en-US/docs/Web/HTTP/Status/403",2026-07-17T16:33:50.096736
humanite,bd6t5732658,,failed,0,0,,http_manifest,known,403,manifest,"Client error '403 ' for url 'https://openapiproext.bnf.fr/iiif/presentation/v3/ark:/12148/bd6t5732658/manifest.json'
For more information check: https://developer.mozilla.org/en-US/docs/Web/HTTP/Status/403",2026-07-17T16:33:51.278623
humanite,bd6t573266m,,failed,0,0,,http_manifest,known,403,manifest,"Client error '403 ' for url 'https://openapiproext.bnf.fr/iiif/presentation/v3/ark:/12148/bd6t573266m/manifest.json'
For more information check: https://developer.mozilla.org/en-US/docs/Web/HTTP/Status/403",2026-07-17T16:33:52.480772
humanite,bd6t573267z,,failed,0,0,,http_manifest,known,403,manifest,"Client error '403 ' for url 'https://openapiproext.bnf.fr/iiif/presentation/v3/ark:/12148/bd6t573267z/manifest.json'
For more information check: https://developer.mozilla.org/en-US/docs/Web/HTTP/Status/403",2026-07-17T16:33:53.679720
humanite,bd6t5732689,,failed,0,0,,http_manifest,known,403,manifest,"Client error '403 ' for url 'https://openapiproext.bnf.fr/iiif/presentation/v3/ark:/12148/bd6t5732689/manifest.json'
For more information check: https://developer.mozilla.org/en-US/docs/Web/HTTP/Status/403",2026-07-17T16:33:54.890298
humanite,bd6t573269n,,failed,0,0,,http_manifest,known,403,manifest,"Client error '403 ' for url 'https://openapiproext.bnf.fr/iiif/presentation/v3/ark:/12148/bd6t573269n/manifest.json'
For more information check: https://developer.mozilla.org/en-US/docs/Web/HTTP/Status/403",2026-07-17T16:33:56.088214
humanite,bd6t573270v,,failed,0,0,,http_manifest,known,403,manifest,"Client error '403 ' for url 'https://openapiproext.bnf.fr/iiif/presentation/v3/ark:/12148/bd6t573270v/manifest.json'
For more information check: https://developer.mozilla.org/en-US/docs/Web/HTTP/Status/403",2026-07-17T16:33:57.287285
humanite,bd6t5732716,,failed,0,0,,http_manifest,known,403,manifest,"Client error '403 ' for url 'https://openapiproext.bnf.fr/iiif/presentation/v3/ark:/12148/bd6t5732716/manifest.json'
For more information check: https://developer.mozilla.org/en-US/docs/Web/HTTP/Status/403",2026-07-17T16:33:58.490407
humanite,bd6t573272j,,failed,0,0,,http_manifest,known,403,manifest,"Client error '403 ' for url 'https://openapiproext.bnf.fr/iiif/presentation/v3/ark:/12148/bd6t573272j/manifest.json'
For more information check: https://developer.mozilla.org/en-US/docs/Web/HTTP/Status/403",2026-07-17T16:33:59.689717
humanite,bd6t573273w,,failed,0,0,,http_manifest,known,403,manifest,"Client error '403 ' for url 'https://openapiproext.bnf.fr/iiif/presentation/v3/ark:/12148/bd6t573273w/manifest.json'
For more information check: https://developer.mozilla.org/en-US/docs/Web/HTTP/Status/403",2026-07-17T16:34:01.138325
humanite,bd6t5732747,,failed,0,0,,http_manifest,known,403,manifest,"Client error '403 ' for url 'https://openapiproext.bnf.fr/iiif/presentation/v3/ark:/12148/bd6t5732747/manifest.json'
For more information check: https://developer.mozilla.org/en-US/docs/Web/HTTP/Status/403",2026-07-17T16:34:02.093235
humanite,bd6t573275k,,failed,0,0,,http_manifest,known,403,manifest,"Client error '403 ' for url 'https://openapiproext.bnf.fr/iiif/presentation/v3/ark:/12148/bd6t573275k/manifest.json'
For more information check: https://developer.mozilla.org/en-US/docs/Web/HTTP/Status/403",2026-07-17T16:34:03.299923
humanite,bd6t573276x,,failed,0,0,,http_manifest,known,403,manifest,"Client error '403 ' for url 'https://openapiproext.bnf.fr/iiif/presentation/v3/ark:/12148/bd6t573276x/manifest.json'
For more information check: https://developer.mozilla.org/en-US/docs/Web/HTTP/Status/403",2026-07-17T16:34:04.634057
humanite,bd6t5732778,,failed,0,0,,http_manifest,known,403,manifest,"Client error '403 ' for url 'https://openapiproext.bnf.fr/iiif/presentation/v3/ark:/12148/bd6t5732778/manifest.json'
For more information check: https://developer.mozilla.org/en-US/docs/Web/HTTP/Status/403",2026-07-17T16:34:05.803521
humanite,bd6t573278m,,failed,0,0,,http_manifest,known,403,manifest,"Client error '403 ' for url 'https://openapiproext.bnf.fr/iiif/presentation/v3/ark:/12148/bd6t573278m/manifest.json'
For more information check: https://developer.mozilla.org/en-US/docs/Web/HTTP/Status/403",2026-07-17T16:34:06.906514
humanite,bd6t573279z,,failed,0,0,,http_manifest,known,403,manifest,"Client error '403 ' for url 'https://openapiproext.bnf.fr/iiif/presentation/v3/ark:/12148/bd6t573279z/manifest.json'
For more information check: https://developer.mozilla.org/en-US/docs/Web/HTTP/Status/403",2026-07-17T16:34:08.360541
humanite,bd6t5732805,,failed,0,0,,http_manifest,known,403,manifest,"Client error '403 ' for url 'https://openapiproext.bnf.fr/iiif/presentation/v3/ark:/12148/bd6t5732805/manifest.json'
For more information check: https://developer.mozilla.org/en-US/docs/Web/HTTP/Status/403",2026-07-17T16:34:09.421759
humanite,bd6t573281h,,failed,0,0,,http_manifest,known,403,manifest,"Client error '403 ' for url 'https://openapiproext.bnf.fr/iiif/presentation/v3/ark:/12148/bd6t573281h/manifest.json'
For more information check: https://developer.mozilla.org/en-US/docs/Web/HTTP/Status/403",2026-07-17T16:34:10.735169
humanite,bd6t573282v,,failed,0,0,,http_manifest,known,403,manifest,"Client error '403 ' for url 'https://openapiproext.bnf.fr/iiif/presentation/v3/ark:/12148/bd6t573282v/manifest.json'
For more information check: https://developer.mozilla.org/en-US/docs/Web/HTTP/Status/403",2026-07-17T16:34:11.709881
humanite,bd6t5732836,,failed,0,0,,http_manifest,known,403,manifest,"Client error '403 ' for url 'https://openapiproext.bnf.fr/iiif/presentation/v3/ark:/12148/bd6t5732836/manifest.json'
For more information check: https://developer.mozilla.org/en-US/docs/Web/HTTP/Status/403",2026-07-17T16:34:12.930231
humanite,bd6t573284j,,failed,0,0,,http_manifest,known,403,manifest,"Client error '403 ' for url 'https://openapiproext.bnf.fr/iiif/presentation/v3/ark:/12148/bd6t573284j/manifest.json'
For more information check: https://developer.mozilla.org/en-US/docs/Web/HTTP/Status/403",2026-07-17T16:34:14.239315
humanite,bd6t573285w,,failed,0,0,,http_manifest,known,403,manifest,"Client error '403 ' for url 'https://openapiproext.bnf.fr/iiif/presentation/v3/ark:/12148/bd6t573285w/manifest.json'
For more information check: https://developer.mozilla.org/en-US/docs/Web/HTTP/Status/403",2026-07-17T16:34:15.397773
humanite,bd6t5732867,,failed,0,0,,http_manifest,known,403,manifest,"Client error '403 ' for url 'https://openapiproext.bnf.fr/iiif/presentation/v3/ark:/12148/bd6t5732867/manifest.json'
For more information check: https://developer.mozilla.org/en-US/docs/Web/HTTP/Status/403",2026-07-17T16:34:16.517003
humanite,bd6t573287k,,failed,0,0,,http_manifest,known,403,manifest,"Client error '403 ' for url 'https://openapiproext.bnf.fr/iiif/presentation/v3/ark:/12148/bd6t573287k/manifest.json'
For more information check: https://developer.mozilla.org/en-US/docs/Web/HTTP/Status/403",2026-07-17T16:34:17.715167
humanite,bd6t573288x,,failed,0,0,,http_manifest,known,403,manifest,"Client error '403 ' for url 'https://openapiproext.bnf.fr/iiif/presentation/v3/ark:/12148/bd6t573288x/manifest.json'
For more information check: https://developer.mozilla.org/en-US/docs/Web/HTTP/Status/403",2026-07-17T16:34:18.932361
humanite,bd6t5732898,,failed,0,0,,http_manifest,known,403,manifest,"Client error '403 ' for url 'https://openapiproext.bnf.fr/iiif/presentation/v3/ark:/12148/bd6t5732898/manifest.json'
For more information check: https://developer.mozilla.org/en-US/docs/Web/HTTP/Status/403",2026-07-17T16:34:20.128084
humanite,bd6t573290g,,failed,0,0,,http_manifest,known,403,manifest,"Client error '403 ' for url 'https://openapiproext.bnf.fr/iiif/presentation/v3/ark:/12148/bd6t573290g/manifest.json'
For more information check: https://developer.mozilla.org/en-US/docs/Web/HTTP/Status/403",2026-07-17T16:34:21.355125
humanite,bd6t573291t,,failed,0,0,,http_manifest,known,403,manifest,"Client error '403 ' for url 'https://openapiproext.bnf.fr/iiif/presentation/v3/ark:/12148/bd6t573291t/manifest.json'
For more information check: https://developer.mozilla.org/en-US/docs/Web/HTTP/Status/403",2026-07-17T16:34:22.527211
humanite,bd6t5732925,,failed,0,0,,http_manifest,known,403,manifest,"Client error '403 ' for url 'https://openapiproext.bnf.fr/iiif/presentation/v3/ark:/12148/bd6t5732925/manifest.json'
For more information check: https://developer.mozilla.org/en-US/docs/Web/HTTP/Status/403",2026-07-17T16:34:23.720749
humanite,bd6t573293h,,failed,0,0,,http_manifest,known,403,manifest,"Client error '403 ' for url 'https://openapiproext.bnf.fr/iiif/presentation/v3/ark:/12148/bd6t573293h/manifest.json'
For more information check: https://developer.mozilla.org/en-US/docs/Web/HTTP/Status/403",2026-07-17T16:34:24.921776
humanite,bd6t573294v,,failed,0,0,,http_manifest,known,403,manifest,"Client error '403 ' for url 'https://openapiproext.bnf.fr/iiif/presentation/v3/ark:/12148/bd6t573294v/manifest.json'
For more information check: https://developer.mozilla.org/en-US/docs/Web/HTTP/Status/403",2026-07-17T16:34:26.124648
humanite,bd6t5732956,,failed,0,0,,http_manifest,known,403,manifest,"Client error '403 ' for url 'https://openapiproext.bnf.fr/iiif/presentation/v3/ark:/12148/bd6t5732956/manifest.json'
For more information check: https://developer.mozilla.org/en-US/docs/Web/HTTP/Status/403",2026-07-17T16:34:27.338476
humanite,bd6t573296j,,failed,0,0,,http_manifest,known,403,manifest,"Client error '403 ' for url 'https://openapiproext.bnf.fr/iiif/presentation/v3/ark:/12148/bd6t573296j/manifest.json'
For more information check: https://developer.mozilla.org/en-US/docs/Web/HTTP/Status/403",2026-07-17T16:34:28.528515
humanite,bd6t573297w,,failed,0,0,,http_manifest,known,403,manifest,"Client error '403 ' for url 'https://openapiproext.bnf.fr/iiif/presentation/v3/ark:/12148/bd6t573297w/manifest.json'
For more information check: https://developer.mozilla.org/en-US/docs/Web/HTTP/Status/403",2026-07-17T16:34:29.725301
humanite,bd6t5732987,,failed,0,0,,http_manifest,known,403,manifest,"Client error '403 ' for url 'https://openapiproext.bnf.fr/iiif/presentation/v3/ark:/12148/bd6t5732987/manifest.json'
For more information check: https://developer.mozilla.org/en-US/docs/Web/HTTP/Status/403",2026-07-17T16:34:30.936038
humanite,bd6t573300z,,failed,0,0,,http_manifest,known,403,manifest,"Client error '403 ' for url 'https://openapiproext.bnf.fr/iiif/presentation/v3/ark:/12148/bd6t573300z/manifest.json'
For more information check: https://developer.mozilla.org/en-US/docs/Web/HTTP/Status/403",2026-07-17T16:34:32.131536
humanite,bd6t573299k,,failed,0,0,,http_manifest,known,403,manifest,"Client error '403 ' for url 'https://openapiproext.bnf.fr/iiif/presentation/v3/ark:/12148/bd6t573299k/manifest.json'
For more information check: https://developer.mozilla.org/en-US/docs/Web/HTTP/Status/403",2026-07-17T16:34:33.355348
humanite,bd6t5733019,,failed,0,0,,http_manifest,known,403,manifest,"Client error '403 ' for url 'https://openapiproext.bnf.fr/iiif/presentation/v3/ark:/12148/bd6t5733019/manifest.json'
For more information check: https://developer.mozilla.org/en-US/docs/Web/HTTP/Status/403",2026-07-17T16:34:34.534417
humanite,bd6t573302n,,failed,0,0,,http_manifest,known,403,manifest,"Client error '403 ' for url 'https://openapiproext.bnf.fr/iiif/presentation/v3/ark:/12148/bd6t573302n/manifest.json'
For more information check: https://developer.mozilla.org/en-US/docs/Web/HTTP/Status/403",2026-07-17T16:34:35.749373
humanite,bd6t5733030,,failed,0,0,,http_manifest,known,403,manifest,"Client error '403 ' for url 'https://openapiproext.bnf.fr/iiif/presentation/v3/ark:/12148/bd6t5733030/manifest.json'
For more information check: https://developer.mozilla.org/en-US/docs/Web/HTTP/Status/403",2026-07-17T16:34:36.940322
humanite,bd6t573304b,,failed,0,0,,http_manifest,known,403,manifest,"Client error '403 ' for url 'https://openapiproext.bnf.fr/iiif/presentation/v3/ark:/12148/bd6t573304b/manifest.json'
For more information check: https://developer.mozilla.org/en-US/docs/Web/HTTP/Status/403",2026-07-17T16:34:38.142432
humanite,bd6t573305p,,failed,0,0,,http_manifest,known,403,manifest,"Client error '403 ' for url 'https://openapiproext.bnf.fr/iiif/presentation/v3/ark:/12148/bd6t573305p/manifest.json'
For more information check: https://developer.mozilla.org/en-US/docs/Web/HTTP/Status/403",2026-07-17T16:34:39.372287
humanite,bd6t5733061,,failed,0,0,,http_manifest,known,403,manifest,"Client error '403 ' for url 'https://openapiproext.bnf.fr/iiif/presentation/v3/ark:/12148/bd6t5733061/manifest.json'
For more information check: https://developer.mozilla.org/en-US/docs/Web/HTTP/Status/403",2026-07-17T16:34:40.541174
humanite,bd6t573307c,,failed,0,0,,http_manifest,known,403,manifest,"Client error '403 ' for url 'https://openapiproext.bnf.fr/iiif/presentation/v3/ark:/12148/bd6t573307c/manifest.json'
For more information check: https://developer.mozilla.org/en-US/docs/Web/HTTP/Status/403",2026-07-17T16:34:41.748938
humanite,bd6t573308q,,failed,0,0,,http_manifest,known,403,manifest,"Client error '403 ' for url 'https://openapiproext.bnf.fr/iiif/presentation/v3/ark:/12148/bd6t573308q/manifest.json'
For more information check: https://developer.mozilla.org/en-US/docs/Web/HTTP/Status/403",2026-07-17T16:34:42.947891
humanite,bd6t5733092,,failed,0,0,,http_manifest,known,403,manifest,"Client error '403 ' for url 'https://openapiproext.bnf.fr/iiif/presentation/v3/ark:/12148/bd6t5733092/manifest.json'
For more information check: https://developer.mozilla.org/en-US/docs/Web/HTTP/Status/403",2026-07-17T16:34:44.147317
humanite,bd6t5733108,,failed,0,0,,http_manifest,known,403,manifest,"Client error '403 ' for url 'https://openapiproext.bnf.fr/iiif/presentation/v3/ark:/12148/bd6t5733108/manifest.json'
For more information check: https://developer.mozilla.org/en-US/docs/Web/HTTP/Status/403",2026-07-17T16:34:45.349667
humanite,bd6t573311m,,failed,0,0,,http_manifest,known,403,manifest,"Client error '403 ' for url 'https://openapiproext.bnf.fr/iiif/presentation/v3/ark:/12148/bd6t573311m/manifest.json'
For more information check: https://developer.mozilla.org/en-US/docs/Web/HTTP/Status/403",2026-07-17T16:34:46.556382
humanite,bd6t573312z,,failed,0,0,,http_manifest,known,403,manifest,"Client error '403 ' for url 'https://openapiproext.bnf.fr/iiif/presentation/v3/ark:/12148/bd6t573312z/manifest.json'
For more information check: https://developer.mozilla.org/en-US/docs/Web/HTTP/Status/403",2026-07-17T16:34:47.754387
humanite,bd6t5733139,,failed,0,0,,http_manifest,known,403,manifest,"Client error '403 ' for url 'https://openapiproext.bnf.fr/iiif/presentation/v3/ark:/12148/bd6t5733139/manifest.json'
For more information check: https://developer.mozilla.org/en-US/docs/Web/HTTP/Status/403",2026-07-17T16:34:48.957637
humanite,bd6t573314n,,failed,0,0,,http_manifest,known,403,manifest,"Client error '403 ' for url 'https://openapiproext.bnf.fr/iiif/presentation/v3/ark:/12148/bd6t573314n/manifest.json'
For more information check: https://developer.mozilla.org/en-US/docs/Web/HTTP/Status/403",2026-07-17T16:34:50.155825
humanite,bd6t5733150,,failed,0,0,,http_manifest,known,403,manifest,"Client error '403 ' for url 'https://openapiproext.bnf.fr/iiif/presentation/v3/ark:/12148/bd6t5733150/manifest.json'
For more information check: https://developer.mozilla.org/en-US/docs/Web/HTTP/Status/403",2026-07-17T16:34:51.389592
humanite,bd6t573316b,,failed,0,0,,http_manifest,known,403,manifest,"Client error '403 ' for url 'https://openapiproext.bnf.fr/iiif/presentation/v3/ark:/12148/bd6t573316b/manifest.json'
For more information check: https://developer.mozilla.org/en-US/docs/Web/HTTP/Status/403",2026-07-17T16:34:52.564158
humanite,bd6t573317p,,failed,0,0,,http_manifest,known,403,manifest,"Client error '403 ' for url 'https://openapiproext.bnf.fr/iiif/presentation/v3/ark:/12148/bd6t573317p/manifest.json'
For more information check: https://developer.mozilla.org/en-US/docs/Web/HTTP/Status/403",2026-07-17T16:34:53.775910
humanite,bd6t5733181,,failed,0,0,,http_manifest,known,403,manifest,"Client error '403 ' for url 'https://openapiproext.bnf.fr/iiif/presentation/v3/ark:/12148/bd6t5733181/manifest.json'
For more information check: https://developer.mozilla.org/en-US/docs/Web/HTTP/Status/403",2026-07-17T16:34:54.965414
humanite,bd6t573319c,,failed,0,0,,http_manifest,known,403,manifest,"Client error '403 ' for url 'https://openapiproext.bnf.fr/iiif/presentation/v3/ark:/12148/bd6t573319c/manifest.json'
For more information check: https://developer.mozilla.org/en-US/docs/Web/HTTP/Status/403",2026-07-17T16:34:56.175857
humanite,bd6t573320k,,failed,0,0,,http_manifest,known,403,manifest,"Client error '403 ' for url 'https://openapiproext.bnf.fr/iiif/presentation/v3/ark:/12148/bd6t573320k/manifest.json'
For more information check: https://developer.mozilla.org/en-US/docs/Web/HTTP/Status/403",2026-07-17T16:34:57.367051
humanite,bd6t573321x,,failed,0,0,,http_manifest,known,403,manifest,"Client error '403 ' for url 'https://openapiproext.bnf.fr/iiif/presentation/v3/ark:/12148/bd6t573321x/manifest.json'
For more information check: https://developer.mozilla.org/en-US/docs/Web/HTTP/Status/403",2026-07-17T16:34:58.575140
humanite,bd6t5733228,,failed,0,0,,http_manifest,known,403,manifest,"Client error '403 ' for url 'https://openapiproext.bnf.fr/iiif/presentation/v3/ark:/12148/bd6t5733228/manifest.json'
For more information check: https://developer.mozilla.org/en-US/docs/Web/HTTP/Status/403",2026-07-17T16:35:00.040717
humanite,bd6t573323m,,failed,0,0,,http_manifest,known,403,manifest,"Client error '403 ' for url 'https://openapiproext.bnf.fr/iiif/presentation/v3/ark:/12148/bd6t573323m/manifest.json'
For more information check: https://developer.mozilla.org/en-US/docs/Web/HTTP/Status/403",2026-07-17T16:35:00.969879
humanite,bd6t5556763,,failed,0,0,,http_manifest,known,403,manifest,"Client error '403 ' for url 'https://openapiproext.bnf.fr/iiif/presentation/v3/ark:/12148/bd6t5556763/manifest.json'
For more information check: https://developer.mozilla.org/en-US/docs/Web/HTTP/Status/403",2026-07-17T16:35:02.176598
humanite,bd6t555677f,,failed,0,0,,http_manifest,known,403,manifest,"Client error '403 ' for url 'https://openapiproext.bnf.fr/iiif/presentation/v3/ark:/12148/bd6t555677f/manifest.json'
For more information check: https://developer.mozilla.org/en-US/docs/Web/HTTP/Status/403",2026-07-17T16:35:03.568949
humanite,bd6t555678s,,failed,0,0,,http_manifest,known,403,manifest,"Client error '403 ' for url 'https://openapiproext.bnf.fr/iiif/presentation/v3/ark:/12148/bd6t555678s/manifest.json'
For more information check: https://developer.mozilla.org/en-US/docs/Web/HTTP/Status/403",2026-07-17T16:35:04.593971
humanite,bd6t5556794,,failed,0,0,,http_manifest,known,403,manifest,"Client error '403 ' for url 'https://openapiproext.bnf.fr/iiif/presentation/v3/ark:/12148/bd6t5556794/manifest.json'
For more information check: https://developer.mozilla.org/en-US/docs/Web/HTTP/Status/403",2026-07-17T16:35:05.809869
humanite,bd6t555681p,,failed,0,0,,http_manifest,known,403,manifest,"Client error '403 ' for url 'https://openapiproext.bnf.fr/iiif/presentation/v3/ark:/12148/bd6t555681p/manifest.json'
For more information check: https://developer.mozilla.org/en-US/docs/Web/HTTP/Status/403",2026-07-17T16:35:06.975483
humanite,bd6t555680b,,failed,0,0,,http_manifest,known,403,manifest,"Client error '403 ' for url 'https://openapiproext.bnf.fr/iiif/presentation/v3/ark:/12148/bd6t555680b/manifest.json'
For more information check: https://developer.mozilla.org/en-US/docs/Web/HTTP/Status/403",2026-07-17T16:35:08.183420
humanite,bd6t5556821,,failed,0,0,,http_manifest,known,403,manifest,"Client error '403 ' for url 'https://openapiproext.bnf.fr/iiif/presentation/v3/ark:/12148/bd6t5556821/manifest.json'
For more information check: https://developer.mozilla.org/en-US/docs/Web/HTTP/Status/403",2026-07-17T16:35:09.382931
humanite,bd6t555683c,,failed,0,0,,http_manifest,known,403,manifest,"Client error '403 ' for url 'https://openapiproext.bnf.fr/iiif/presentation/v3/ark:/12148/bd6t555683c/manifest.json'
For more information check: https://developer.mozilla.org/en-US/docs/Web/HTTP/Status/403",2026-07-17T16:35:10.716893
humanite,bd6t555684q,,failed,0,0,,http_manifest,known,403,manifest,"Client error '403 ' for url 'https://openapiproext.bnf.fr/iiif/presentation/v3/ark:/12148/bd6t555684q/manifest.json'
For more information check: https://developer.mozilla.org/en-US/docs/Web/HTTP/Status/403",2026-07-17T16:35:11.791910
humanite,bd6t5556852,,failed,0,0,,http_manifest,known,403,manifest,"Client error '403 ' for url 'https://openapiproext.bnf.fr/iiif/presentation/v3/ark:/12148/bd6t5556852/manifest.json'
For more information check: https://developer.mozilla.org/en-US/docs/Web/HTTP/Status/403",2026-07-17T16:35:13.024412
humanite,bd6t555686d,,failed,0,0,,http_manifest,known,403,manifest,"Client error '403 ' for url 'https://openapiproext.bnf.fr/iiif/presentation/v3/ark:/12148/bd6t555686d/manifest.json'
For more information check: https://developer.mozilla.org/en-US/docs/Web/HTTP/Status/403",2026-07-17T16:35:14.437060
humanite,bd6t555687r,,failed,0,0,,http_manifest,known,403,manifest,"Client error '403 ' for url 'https://openapiproext.bnf.fr/iiif/presentation/v3/ark:/12148/bd6t555687r/manifest.json'
For more information check: https://developer.mozilla.org/en-US/docs/Web/HTTP/Status/403",2026-07-17T16:35:15.406998
humanite,bd6t5556883,,failed,0,0,,http_manifest,known,403,manifest,"Client error '403 ' for url 'https://openapiproext.bnf.fr/iiif/presentation/v3/ark:/12148/bd6t5556883/manifest.json'
For more information check: https://developer.mozilla.org/en-US/docs/Web/HTTP/Status/403",2026-07-17T16:35:16.813533
humanite,bd6t555689f,,failed,0,0,,http_manifest,known,403,manifest,"Client error '403 ' for url 'https://openapiproext.bnf.fr/iiif/presentation/v3/ark:/12148/bd6t555689f/manifest.json'
For more information check: https://developer.mozilla.org/en-US/docs/Web/HTTP/Status/403",2026-07-17T16:35:18.007602
humanite,bd6t555690n,,failed,0,0,,http_manifest,known,403,manifest,"Client error '403 ' for url 'https://openapiproext.bnf.fr/iiif/presentation/v3/ark:/12148/bd6t555690n/manifest.json'
For more information check: https://developer.mozilla.org/en-US/docs/Web/HTTP/Status/403",2026-07-17T16:35:19.020954
humanite,bd6t5556910,,failed,0,0,,http_manifest,known,403,manifest,"Client error '403 ' for url 'https://openapiproext.bnf.fr/iiif/presentation/v3/ark:/12148/bd6t5556910/manifest.json'
For more information check: https://developer.mozilla.org/en-US/docs/Web/HTTP/Status/403",2026-07-17T16:35:20.216353
humanite,bd6t555692b,,failed,0,0,,http_manifest,known,403,manifest,"Client error '403 ' for url 'https://openapiproext.bnf.fr/iiif/presentation/v3/ark:/12148/bd6t555692b/manifest.json'
For more information check: https://developer.mozilla.org/en-US/docs/Web/HTTP/Status/403",2026-07-17T16:35:21.398135
humanite,bd6t555693p,,failed,0,0,,http_manifest,known,403,manifest,"Client error '403 ' for url 'https://openapiproext.bnf.fr/iiif/presentation/v3/ark:/12148/bd6t555693p/manifest.json'
For more information check: https://developer.mozilla.org/en-US/docs/Web/HTTP/Status/403",2026-07-17T16:35:22.603040
humanite,bd6t5556941,,failed,0,0,,http_manifest,known,403,manifest,"Client error '403 ' for url 'https://openapiproext.bnf.fr/iiif/presentation/v3/ark:/12148/bd6t5556941/manifest.json'
For more information check: https://developer.mozilla.org/en-US/docs/Web/HTTP/Status/403",2026-07-17T16:35:23.801920
humanite,bd6t555695c,,failed,0,0,,http_manifest,known,403,manifest,"Client error '403 ' for url 'https://openapiproext.bnf.fr/iiif/presentation/v3/ark:/12148/bd6t555695c/manifest.json'
For more information check: https://developer.mozilla.org/en-US/docs/Web/HTTP/Status/403",2026-07-17T16:35:25.025298
humanite,bd6t555696q,,failed,0,0,,http_manifest,known,403,manifest,"Client error '403 ' for url 'https://openapiproext.bnf.fr/iiif/presentation/v3/ark:/12148/bd6t555696q/manifest.json'
For more information check: https://developer.mozilla.org/en-US/docs/Web/HTTP/Status/403",2026-07-17T16:35:26.212732
humanite,bd6t5556972,,failed,0,0,,http_manifest,known,403,manifest,"Client error '403 ' for url 'https://openapiproext.bnf.fr/iiif/presentation/v3/ark:/12148/bd6t5556972/manifest.json'
For more information check: https://developer.mozilla.org/en-US/docs/Web/HTTP/Status/403",2026-07-17T16:35:27.405075
humanite,bd6t555698d,,failed,0,0,,http_manifest,known,403,manifest,"Client error '403 ' for url 'https://openapiproext.bnf.fr/iiif/presentation/v3/ark:/12148/bd6t555698d/manifest.json'
For more information check: https://developer.mozilla.org/en-US/docs/Web/HTTP/Status/403",2026-07-17T16:35:28.612653
humanite,bd6t555699r,,failed,0,0,,http_manifest,known,403,manifest,"Client error '403 ' for url 'https://openapiproext.bnf.fr/iiif/presentation/v3/ark:/12148/bd6t555699r/manifest.json'
For more information check: https://developer.mozilla.org/en-US/docs/Web/HTTP/Status/403",2026-07-17T16:35:29.831238
humanite,bd6t5557004,,failed,0,0,,http_manifest,known,403,manifest,"Client error '403 ' for url 'https://openapiproext.bnf.fr/iiif/presentation/v3/ark:/12148/bd6t5557004/manifest.json'
For more information check: https://developer.mozilla.org/en-US/docs/Web/HTTP/Status/403",2026-07-17T16:35:31.011676
humanite,bd6t555701g,,failed,0,0,,http_manifest,known,403,manifest,"Client error '403 ' for url 'https://openapiproext.bnf.fr/iiif/presentation/v3/ark:/12148/bd6t555701g/manifest.json'
For more information check: https://developer.mozilla.org/en-US/docs/Web/HTTP/Status/403",2026-07-17T16:35:32.211148
humanite,bd6t555702t,,failed,0,0,,http_manifest,known,403,manifest,"Client error '403 ' for url 'https://openapiproext.bnf.fr/iiif/presentation/v3/ark:/12148/bd6t555702t/manifest.json'
For more information check: https://developer.mozilla.org/en-US/docs/Web/HTTP/Status/403",2026-07-17T16:35:33.421086
humanite,bd6t5557035,,failed,0,0,,http_manifest,known,403,manifest,"Client error '403 ' for url 'https://openapiproext.bnf.fr/iiif/presentation/v3/ark:/12148/bd6t5557035/manifest.json'
For more information check: https://developer.mozilla.org/en-US/docs/Web/HTTP/Status/403",2026-07-17T16:35:34.622684
humanite,bd6t555704h,,failed,0,0,,http_manifest,known,403,manifest,"Client error '403 ' for url 'https://openapiproext.bnf.fr/iiif/presentation/v3/ark:/12148/bd6t555704h/manifest.json'
For more information check: https://developer.mozilla.org/en-US/docs/Web/HTTP/Status/403",2026-07-17T16:35:35.821892
humanite,bd6t555705v,,failed,0,0,,http_manifest,known,403,manifest,"Client error '403 ' for url 'https://openapiproext.bnf.fr/iiif/presentation/v3/ark:/12148/bd6t555705v/manifest.json'
For more information check: https://developer.mozilla.org/en-US/docs/Web/HTTP/Status/403",2026-07-17T16:35:37.020650
humanite,bd6t5557066,,failed,0,0,,http_manifest,known,403,manifest,"Client error '403 ' for url 'https://openapiproext.bnf.fr/iiif/presentation/v3/ark:/12148/bd6t5557066/manifest.json'
For more information check: https://developer.mozilla.org/en-US/docs/Web/HTTP/Status/403",2026-07-17T16:35:38.221120
humanite,bd6t555707j,,failed,0,0,,http_manifest,known,403,manifest,"Client error '403 ' for url 'https://openapiproext.bnf.fr/iiif/presentation/v3/ark:/12148/bd6t555707j/manifest.json'
For more information check: https://developer.mozilla.org/en-US/docs/Web/HTTP/Status/403",2026-07-17T16:35:39.427521
humanite,bd6t555708w,,failed,0,0,,http_manifest,known,403,manifest,"Client error '403 ' for url 'https://openapiproext.bnf.fr/iiif/presentation/v3/ark:/12148/bd6t555708w/manifest.json'
For more information check: https://developer.mozilla.org/en-US/docs/Web/HTTP/Status/403",2026-07-17T16:35:40.621751
humanite,bd6t5557097,,failed,0,0,,http_manifest,known,403,manifest,"Client error '403 ' for url 'https://openapiproext.bnf.fr/iiif/presentation/v3/ark:/12148/bd6t5557097/manifest.json'
For more information check: https://developer.mozilla.org/en-US/docs/Web/HTTP/Status/403",2026-07-17T16:35:41.847594
humanite,bd6t555710f,,failed,0,0,,http_manifest,known,403,manifest,"Client error '403 ' for url 'https://openapiproext.bnf.fr/iiif/presentation/v3/ark:/12148/bd6t555710f/manifest.json'
For more information check: https://developer.mozilla.org/en-US/docs/Web/HTTP/Status/403",2026-07-17T16:35:43.035892
humanite,bd6t555711s,,failed,0,0,,http_manifest,known,403,manifest,"Client error '403 ' for url 'https://openapiproext.bnf.fr/iiif/presentation/v3/ark:/12148/bd6t555711s/manifest.json'
For more information check: https://developer.mozilla.org/en-US/docs/Web/HTTP/Status/403",2026-07-17T16:35:44.232176
humanite,bd6t5557124,,failed,0,0,,http_manifest,known,403,manifest,"Client error '403 ' for url 'https://openapiproext.bnf.fr/iiif/presentation/v3/ark:/12148/bd6t5557124/manifest.json'
For more information check: https://developer.mozilla.org/en-US/docs/Web/HTTP/Status/403",2026-07-17T16:35:45.435379
humanite,bd6t555713g,,failed,0,0,,http_manifest,known,403,manifest,"Client error '403 ' for url 'https://openapiproext.bnf.fr/iiif/presentation/v3/ark:/12148/bd6t555713g/manifest.json'
For more information check: https://developer.mozilla.org/en-US/docs/Web/HTTP/Status/403",2026-07-17T16:35:46.639197
humanite,bd6t555714t,,failed,0,0,,http_manifest,known,403,manifest,"Client error '403 ' for url 'https://openapiproext.bnf.fr/iiif/presentation/v3/ark:/12148/bd6t555714t/manifest.json'
For more information check: https://developer.mozilla.org/en-US/docs/Web/HTTP/Status/403",2026-07-17T16:35:47.837626
humanite,bd6t5557155,,failed,0,0,,http_manifest,known,403,manifest,"Client error '403 ' for url 'https://openapiproext.bnf.fr/iiif/presentation/v3/ark:/12148/bd6t5557155/manifest.json'
For more information check: https://developer.mozilla.org/en-US/docs/Web/HTTP/Status/403",2026-07-17T16:35:49.038805
humanite,bd6t555716h,,failed,0,0,,http_manifest,known,403,manifest,"Client error '403 ' for url 'https://openapiproext.bnf.fr/iiif/presentation/v3/ark:/12148/bd6t555716h/manifest.json'
For more information check: https://developer.mozilla.org/en-US/docs/Web/HTTP/Status/403",2026-07-17T16:35:50.233457
humanite,bd6t555717v,,failed,0,0,,http_manifest,known,403,manifest,"Client error '403 ' for url 'https://openapiproext.bnf.fr/iiif/presentation/v3/ark:/12148/bd6t555717v/manifest.json'
For more information check: https://developer.mozilla.org/en-US/docs/Web/HTTP/Status/403",2026-07-17T16:35:51.437807
humanite,bd6t5557186,,failed,0,0,,http_manifest,known,403,manifest,"Client error '403 ' for url 'https://openapiproext.bnf.fr/iiif/presentation/v3/ark:/12148/bd6t5557186/manifest.json'
For more information check: https://developer.mozilla.org/en-US/docs/Web/HTTP/Status/403",2026-07-17T16:35:52.636664
humanite,bd6t555719j,,failed,0,0,,http_manifest,known,403,manifest,"Client error '403 ' for url 'https://openapiproext.bnf.fr/iiif/presentation/v3/ark:/12148/bd6t555719j/manifest.json'
For more information check: https://developer.mozilla.org/en-US/docs/Web/HTTP/Status/403",2026-07-17T16:35:53.870141
humanite,bd6t555720r,,failed,0,0,,http_manifest,known,403,manifest,"Client error '403 ' for url 'https://openapiproext.bnf.fr/iiif/presentation/v3/ark:/12148/bd6t555720r/manifest.json'
For more information check: https://developer.mozilla.org/en-US/docs/Web/HTTP/Status/403",2026-07-17T16:35:55.040146
humanite,bd6t5557213,,failed,0,0,,http_manifest,known,403,manifest,"Client error '403 ' for url 'https://openapiproext.bnf.fr/iiif/presentation/v3/ark:/12148/bd6t5557213/manifest.json'
For more information check: https://developer.mozilla.org/en-US/docs/Web/HTTP/Status/403",2026-07-17T16:35:56.243226
humanite,bd6t555722f,,failed,0,0,,http_manifest,known,403,manifest,"Client error '403 ' for url 'https://openapiproext.bnf.fr/iiif/presentation/v3/ark:/12148/bd6t555722f/manifest.json'
For more information check: https://developer.mozilla.org/en-US/docs/Web/HTTP/Status/403",2026-07-17T16:35:57.513871
humanite,bd6t555723s,,failed,0,0,,http_manifest,known,403,manifest,"Client error '403 ' for url 'https://openapiproext.bnf.fr/iiif/presentation/v3/ark:/12148/bd6t555723s/manifest.json'
For more information check: https://developer.mozilla.org/en-US/docs/Web/HTTP/Status/403",2026-07-17T16:35:58.653166
humanite,bd6t5557244,,failed,0,0,,http_manifest,known,403,manifest,"Client error '403 ' for url 'https://openapiproext.bnf.fr/iiif/presentation/v3/ark:/12148/bd6t5557244/manifest.json'
For more information check: https://developer.mozilla.org/en-US/docs/Web/HTTP/Status/403",2026-07-17T16:36:00.096953
humanite,bd6t555725g,,failed,0,0,,http_manifest,known,403,manifest,"Client error '403 ' for url 'https://openapiproext.bnf.fr/iiif/presentation/v3/ark:/12148/bd6t555725g/manifest.json'
For more information check: https://developer.mozilla.org/en-US/docs/Web/HTTP/Status/403",2026-07-17T16:36:01.207484
humanite,bd6t555726t,,failed,0,0,,http_manifest,known,403,manifest,"Client error '403 ' for url 'https://openapiproext.bnf.fr/iiif/presentation/v3/ark:/12148/bd6t555726t/manifest.json'
For more information check: https://developer.mozilla.org/en-US/docs/Web/HTTP/Status/403",2026-07-17T16:36:02.315443
humanite,bd6t555728h,,failed,0,0,,http_manifest,known,403,manifest,"Client error '403 ' for url 'https://openapiproext.bnf.fr/iiif/presentation/v3/ark:/12148/bd6t555728h/manifest.json'
For more information check: https://developer.mozilla.org/en-US/docs/Web/HTTP/Status/403",2026-07-17T16:36:03.453346
humanite,bd6t5557275,,failed,0,0,,http_manifest,known,403,manifest,"Client error '403 ' for url 'https://openapiproext.bnf.fr/iiif/presentation/v3/ark:/12148/bd6t5557275/manifest.json'
For more information check: https://developer.mozilla.org/en-US/docs/Web/HTTP/Status/403",2026-07-17T16:36:04.757422
humanite,bd6t5557302,,failed,0,0,,http_manifest,known,403,manifest,"Client error '403 ' for url 'https://openapiproext.bnf.fr/iiif/presentation/v3/ark:/12148/bd6t5557302/manifest.json'
For more information check: https://developer.mozilla.org/en-US/docs/Web/HTTP/Status/403",2026-07-17T16:36:06.014674
humanite,bd6t555729v,,failed,0,0,,http_manifest,known,403,manifest,"Client error '403 ' for url 'https://openapiproext.bnf.fr/iiif/presentation/v3/ark:/12148/bd6t555729v/manifest.json'
For more information check: https://developer.mozilla.org/en-US/docs/Web/HTTP/Status/403",2026-07-17T16:36:07.060088
humanite,bd6t555731d,,failed,0,0,,http_manifest,known,403,manifest,"Client error '403 ' for url 'https://openapiproext.bnf.fr/iiif/presentation/v3/ark:/12148/bd6t555731d/manifest.json'
For more information check: https://developer.mozilla.org/en-US/docs/Web/HTTP/Status/403",2026-07-17T16:36:08.265277
humanite,bd6t555732r,,failed,0,0,,http_manifest,known,403,manifest,"Client error '403 ' for url 'https://openapiproext.bnf.fr/iiif/presentation/v3/ark:/12148/bd6t555732r/manifest.json'
For more information check: https://developer.mozilla.org/en-US/docs/Web/HTTP/Status/403",2026-07-17T16:36:09.704986
humanite,bd6t5557333,,failed,0,0,,http_manifest,known,403,manifest,"Client error '403 ' for url 'https://openapiproext.bnf.fr/iiif/presentation/v3/ark:/12148/bd6t5557333/manifest.json'
For more information check: https://developer.mozilla.org/en-US/docs/Web/HTTP/Status/403",2026-07-17T16:36:10.662139
humanite,bd6t555734f,,failed,0,0,,http_manifest,known,403,manifest,"Client error '403 ' for url 'https://openapiproext.bnf.fr/iiif/presentation/v3/ark:/12148/bd6t555734f/manifest.json'
For more information check: https://developer.mozilla.org/en-US/docs/Web/HTTP/Status/403",2026-07-17T16:36:11.988925
humanite,bd6t555735s,,failed,0,0,,http_manifest,known,403,manifest,"Client error '403 ' for url 'https://openapiproext.bnf.fr/iiif/presentation/v3/ark:/12148/bd6t555735s/manifest.json'
For more information check: https://developer.mozilla.org/en-US/docs/Web/HTTP/Status/403",2026-07-17T16:36:13.072764
humanite,bd6t5557364,,failed,0,0,,http_manifest,known,403,manifest,"Client error '403 ' for url 'https://openapiproext.bnf.fr/iiif/presentation/v3/ark:/12148/bd6t5557364/manifest.json'
For more information check: https://developer.mozilla.org/en-US/docs/Web/HTTP/Status/403",2026-07-17T16:36:14.462051
humanite,bd6t555737g,,failed,0,0,,http_manifest,known,403,manifest,"Client error '403 ' for url 'https://openapiproext.bnf.fr/iiif/presentation/v3/ark:/12148/bd6t555737g/manifest.json'
For more information check: https://developer.mozilla.org/en-US/docs/Web/HTTP/Status/403",2026-07-17T16:36:15.499675
humanite,bd6t555738t,,failed,0,0,,http_manifest,known,403,manifest,"Client error '403 ' for url 'https://openapiproext.bnf.fr/iiif/presentation/v3/ark:/12148/bd6t555738t/manifest.json'
For more information check: https://developer.mozilla.org/en-US/docs/Web/HTTP/Status/403",2026-07-17T16:36:16.678758
humanite,bd6t5557395,,failed,0,0,,http_manifest,known,403,manifest,"Client error '403 ' for url 'https://openapiproext.bnf.fr/iiif/presentation/v3/ark:/12148/bd6t5557395/manifest.json'
For more information check: https://developer.mozilla.org/en-US/docs/Web/HTTP/Status/403",2026-07-17T16:36:17.875255
humanite,bd6t555740c,,failed,0,0,,http_manifest,known,403,manifest,"Client error '403 ' for url 'https://openapiproext.bnf.fr/iiif/presentation/v3/ark:/12148/bd6t555740c/manifest.json'
For more information check: https://developer.mozilla.org/en-US/docs/Web/HTTP/Status/403",2026-07-17T16:36:19.074956
humanite,bd6t555741q,,failed,0,0,,http_manifest,known,403,manifest,"Client error '403 ' for url 'https://openapiproext.bnf.fr/iiif/presentation/v3/ark:/12148/bd6t555741q/manifest.json'
For more information check: https://developer.mozilla.org/en-US/docs/Web/HTTP/Status/403",2026-07-17T16:36:20.296508
humanite,bd6t555743d,,failed,0,0,,http_manifest,known,403,manifest,"Client error '403 ' for url 'https://openapiproext.bnf.fr/iiif/presentation/v3/ark:/12148/bd6t555743d/manifest.json'
For more information check: https://developer.mozilla.org/en-US/docs/Web/HTTP/Status/403",2026-07-17T16:36:21.518379
humanite,bd6t5557422,,failed,0,0,,http_manifest,known,403,manifest,"Client error '403 ' for url 'https://openapiproext.bnf.fr/iiif/presentation/v3/ark:/12148/bd6t5557422/manifest.json'
For more information check: https://developer.mozilla.org/en-US/docs/Web/HTTP/Status/403",2026-07-17T16:36:22.678191
humanite,bd6t555744r,,failed,0,0,,http_manifest,known,403,manifest,"Client error '403 ' for url 'https://openapiproext.bnf.fr/iiif/presentation/v3/ark:/12148/bd6t555744r/manifest.json'
For more information check: https://developer.mozilla.org/en-US/docs/Web/HTTP/Status/403",2026-07-17T16:36:23.881763
humanite,bd6t5557453,,failed,0,0,,http_manifest,known,403,manifest,"Client error '403 ' for url 'https://openapiproext.bnf.fr/iiif/presentation/v3/ark:/12148/bd6t5557453/manifest.json'
For more information check: https://developer.mozilla.org/en-US/docs/Web/HTTP/Status/403",2026-07-17T16:36:25.082743
humanite,bd6t555746f,,failed,0,0,,http_manifest,known,403,manifest,"Client error '403 ' for url 'https://openapiproext.bnf.fr/iiif/presentation/v3/ark:/12148/bd6t555746f/manifest.json'
For more information check: https://developer.mozilla.org/en-US/docs/Web/HTTP/Status/403",2026-07-17T16:36:26.288184
humanite,bd6t555747s,,failed,0,0,,http_manifest,known,403,manifest,"Client error '403 ' for url 'https://openapiproext.bnf.fr/iiif/presentation/v3/ark:/12148/bd6t555747s/manifest.json'
For more information check: https://developer.mozilla.org/en-US/docs/Web/HTTP/Status/403",2026-07-17T16:36:27.514519
humanite,bd6t5557484,,failed,0,0,,http_manifest,known,403,manifest,"Client error '403 ' for url 'https://openapiproext.bnf.fr/iiif/presentation/v3/ark:/12148/bd6t5557484/manifest.json'
For more information check: https://developer.mozilla.org/en-US/docs/Web/HTTP/Status/403",2026-07-17T16:36:28.686004
humanite,bd6t555749g,,failed,0,0,,http_manifest,known,403,manifest,"Client error '403 ' for url 'https://openapiproext.bnf.fr/iiif/presentation/v3/ark:/12148/bd6t555749g/manifest.json'
For more information check: https://developer.mozilla.org/en-US/docs/Web/HTTP/Status/403",2026-07-17T16:36:29.887556
humanite,bd6t555750p,,failed,0,0,,http_manifest,known,403,manifest,"Client error '403 ' for url 'https://openapiproext.bnf.fr/iiif/presentation/v3/ark:/12148/bd6t555750p/manifest.json'
For more information check: https://developer.mozilla.org/en-US/docs/Web/HTTP/Status/403",2026-07-17T16:36:31.086364
humanite,bd6t5557511,,failed,0,0,,http_manifest,known,403,manifest,"Client error '403 ' for url 'https://openapiproext.bnf.fr/iiif/presentation/v3/ark:/12148/bd6t5557511/manifest.json'
For more information check: https://developer.mozilla.org/en-US/docs/Web/HTTP/Status/403",2026-07-17T16:36:32.290303
humanite,bd6t555752c,,failed,0,0,,http_manifest,known,403,manifest,"Client error '403 ' for url 'https://openapiproext.bnf.fr/iiif/presentation/v3/ark:/12148/bd6t555752c/manifest.json'
For more information check: https://developer.mozilla.org/en-US/docs/Web/HTTP/Status/403",2026-07-17T16:36:33.495034
humanite,bd6t555753q,,failed,0,0,,http_manifest,known,403,manifest,"Client error '403 ' for url 'https://openapiproext.bnf.fr/iiif/presentation/v3/ark:/12148/bd6t555753q/manifest.json'
For more information check: https://developer.mozilla.org/en-US/docs/Web/HTTP/Status/403",2026-07-17T16:36:34.691001
humanite,bd6t5557542,,failed,0,0,,http_manifest,known,403,manifest,"Client error '403 ' for url 'https://openapiproext.bnf.fr/iiif/presentation/v3/ark:/12148/bd6t5557542/manifest.json'
For more information check: https://developer.mozilla.org/en-US/docs/Web/HTTP/Status/403",2026-07-17T16:36:35.894730
humanite,bd6t555755d,,failed,0,0,,http_manifest,known,403,manifest,"Client error '403 ' for url 'https://openapiproext.bnf.fr/iiif/presentation/v3/ark:/12148/bd6t555755d/manifest.json'
For more information check: https://developer.mozilla.org/en-US/docs/Web/HTTP/Status/403",2026-07-17T16:36:37.098405
humanite,bd6t555756r,,failed,0,0,,http_manifest,known,403,manifest,"Client error '403 ' for url 'https://openapiproext.bnf.fr/iiif/presentation/v3/ark:/12148/bd6t555756r/manifest.json'
For more information check: https://developer.mozilla.org/en-US/docs/Web/HTTP/Status/403",2026-07-17T16:36:38.296406
humanite,bd6t5557573,,failed,0,0,,http_manifest,known,403,manifest,"Client error '403 ' for url 'https://openapiproext.bnf.fr/iiif/presentation/v3/ark:/12148/bd6t5557573/manifest.json'
For more information check: https://developer.mozilla.org/en-US/docs/Web/HTTP/Status/403",2026-07-17T16:36:39.527059
humanite,bd6t555758f,,failed,0,0,,http_manifest,known,403,manifest,"Client error '403 ' for url 'https://openapiproext.bnf.fr/iiif/presentation/v3/ark:/12148/bd6t555758f/manifest.json'
For more information check: https://developer.mozilla.org/en-US/docs/Web/HTTP/Status/403",2026-07-17T16:36:40.696863
humanite,bd6t555759s,,failed,0,0,,http_manifest,known,403,manifest,"Client error '403 ' for url 'https://openapiproext.bnf.fr/iiif/presentation/v3/ark:/12148/bd6t555759s/manifest.json'
For more information check: https://developer.mozilla.org/en-US/docs/Web/HTTP/Status/403",2026-07-17T16:36:41.901111
humanite,bd6t5557600,,failed,0,0,,http_manifest,known,403,manifest,"Client error '403 ' for url 'https://openapiproext.bnf.fr/iiif/presentation/v3/ark:/12148/bd6t5557600/manifest.json'
For more information check: https://developer.mozilla.org/en-US/docs/Web/HTTP/Status/403",2026-07-17T16:36:43.107140
humanite,bd6t555761b,,failed,0,0,,http_manifest,known,403,manifest,"Client error '403 ' for url 'https://openapiproext.bnf.fr/iiif/presentation/v3/ark:/12148/bd6t555761b/manifest.json'
For more information check: https://developer.mozilla.org/en-US/docs/Web/HTTP/Status/403",2026-07-17T16:36:44.302405
humanite,bd6t555762p,,failed,0,0,,http_manifest,known,403,manifest,"Client error '403 ' for url 'https://openapiproext.bnf.fr/iiif/presentation/v3/ark:/12148/bd6t555762p/manifest.json'
For more information check: https://developer.mozilla.org/en-US/docs/Web/HTTP/Status/403",2026-07-17T16:36:45.549207
humanite,bd6t5557631,,failed,0,0,,http_manifest,known,403,manifest,"Client error '403 ' for url 'https://openapiproext.bnf.fr/iiif/presentation/v3/ark:/12148/bd6t5557631/manifest.json'
For more information check: https://developer.mozilla.org/en-US/docs/Web/HTTP/Status/403",2026-07-17T16:36:46.711955
humanite,bd6t555764c,,failed,0,0,,http_manifest,known,403,manifest,"Client error '403 ' for url 'https://openapiproext.bnf.fr/iiif/presentation/v3/ark:/12148/bd6t555764c/manifest.json'
For more information check: https://developer.mozilla.org/en-US/docs/Web/HTTP/Status/403",2026-07-17T16:36:47.909684
humanite,bd6t555765q,,failed,0,0,,http_manifest,known,403,manifest,"Client error '403 ' for url 'https://openapiproext.bnf.fr/iiif/presentation/v3/ark:/12148/bd6t555765q/manifest.json'
For more information check: https://developer.mozilla.org/en-US/docs/Web/HTTP/Status/403",2026-07-17T16:36:49.114042
humanite,bd6t5557662,,failed,0,0,,http_manifest,known,403,manifest,"Client error '403 ' for url 'https://openapiproext.bnf.fr/iiif/presentation/v3/ark:/12148/bd6t5557662/manifest.json'
For more information check: https://developer.mozilla.org/en-US/docs/Web/HTTP/Status/403",2026-07-17T16:36:50.312893
humanite,bd6t556194w,,failed,0,0,,http_manifest,known,403,manifest,"Client error '403 ' for url 'https://openapiproext.bnf.fr/iiif/presentation/v3/ark:/12148/bd6t556194w/manifest.json'
For more information check: https://developer.mozilla.org/en-US/docs/Web/HTTP/Status/403",2026-07-17T16:36:51.526858
humanite,bd6t5561957,,failed,0,0,,http_manifest,known,403,manifest,"Client error '403 ' for url 'https://openapiproext.bnf.fr/iiif/presentation/v3/ark:/12148/bd6t5561957/manifest.json'
For more information check: https://developer.mozilla.org/en-US/docs/Web/HTTP/Status/403",2026-07-17T16:36:52.716344
humanite,bd6t556196k,,failed,0,0,,http_manifest,known,403,manifest,"Client error '403 ' for url 'https://openapiproext.bnf.fr/iiif/presentation/v3/ark:/12148/bd6t556196k/manifest.json'
For more information check: https://developer.mozilla.org/en-US/docs/Web/HTTP/Status/403",2026-07-17T16:36:53.918860
humanite,bd6t556197x,,failed,0,0,,http_manifest,known,403,manifest,"Client error '403 ' for url 'https://openapiproext.bnf.fr/iiif/presentation/v3/ark:/12148/bd6t556197x/manifest.json'
For more information check: https://developer.mozilla.org/en-US/docs/Web/HTTP/Status/403",2026-07-17T16:36:55.126771
humanite,bd6t5561988,,failed,0,0,,http_manifest,known,403,manifest,"Client error '403 ' for url 'https://openapiproext.bnf.fr/iiif/presentation/v3/ark:/12148/bd6t5561988/manifest.json'
For more information check: https://developer.mozilla.org/en-US/docs/Web/HTTP/Status/403",2026-07-17T16:36:56.324911
humanite,bd6t5562000,,failed,0,0,,http_manifest,known,403,manifest,"Client error '403 ' for url 'https://openapiproext.bnf.fr/iiif/presentation/v3/ark:/12148/bd6t5562000/manifest.json'
For more information check: https://developer.mozilla.org/en-US/docs/Web/HTTP/Status/403",2026-07-17T16:36:57.544021
humanite,bd6t556199m,,failed,0,0,,http_manifest,known,403,manifest,"Client error '403 ' for url 'https://openapiproext.bnf.fr/iiif/presentation/v3/ark:/12148/bd6t556199m/manifest.json'
For more information check: https://developer.mozilla.org/en-US/docs/Web/HTTP/Status/403",2026-07-17T16:36:58.819139
humanite,bd6t556202p,,failed,0,0,,http_manifest,known,403,manifest,"Client error '403 ' for url 'https://openapiproext.bnf.fr/iiif/presentation/v3/ark:/12148/bd6t556202p/manifest.json'
For more information check: https://developer.mozilla.org/en-US/docs/Web/HTTP/Status/403",2026-07-17T16:37:00.160216
humanite,bd6t556201b,,failed,0,0,,http_manifest,known,403,manifest,"Client error '403 ' for url 'https://openapiproext.bnf.fr/iiif/presentation/v3/ark:/12148/bd6t556201b/manifest.json'
For more information check: https://developer.mozilla.org/en-US/docs/Web/HTTP/Status/403",2026-07-17T16:37:01.356900
humanite,bd6t5562031,,failed,0,0,,http_manifest,known,403,manifest,"Client error '403 ' for url 'https://openapiproext.bnf.fr/iiif/presentation/v3/ark:/12148/bd6t5562031/manifest.json'
For more information check: https://developer.mozilla.org/en-US/docs/Web/HTTP/Status/403",2026-07-17T16:37:02.531351
humanite,bd6t556205q,,failed,0,0,,http_manifest,known,403,manifest,"Client error '403 ' for url 'https://openapiproext.bnf.fr/iiif/presentation/v3/ark:/12148/bd6t556205q/manifest.json'
For more information check: https://developer.mozilla.org/en-US/docs/Web/HTTP/Status/403",2026-07-17T16:37:03.527981
humanite,bd6t556204c,,failed,0,0,,http_manifest,known,403,manifest,"Client error '403 ' for url 'https://openapiproext.bnf.fr/iiif/presentation/v3/ark:/12148/bd6t556204c/manifest.json'
For more information check: https://developer.mozilla.org/en-US/docs/Web/HTTP/Status/403",2026-07-17T16:37:04.847657
humanite,bd6t5562062,,failed,0,0,,http_manifest,known,403,manifest,"Client error '403 ' for url 'https://openapiproext.bnf.fr/iiif/presentation/v3/ark:/12148/bd6t5562062/manifest.json'
For more information check: https://developer.mozilla.org/en-US/docs/Web/HTTP/Status/403",2026-07-17T16:37:06.106193
humanite,bd6t556207d,,failed,0,0,,http_manifest,known,403,manifest,"Client error '403 ' for url 'https://openapiproext.bnf.fr/iiif/presentation/v3/ark:/12148/bd6t556207d/manifest.json'
For more information check: https://developer.mozilla.org/en-US/docs/Web/HTTP/Status/403",2026-07-17T16:37:07.243808
humanite,bd6t556208r,,failed,0,0,,http_manifest,known,403,manifest,"Client error '403 ' for url 'https://openapiproext.bnf.fr/iiif/presentation/v3/ark:/12148/bd6t556208r/manifest.json'
For more information check: https://developer.mozilla.org/en-US/docs/Web/HTTP/Status/403",2026-07-17T16:37:08.362485
humanite,bd6t5562093,,failed,0,0,,http_manifest,known,403,manifest,"Client error '403 ' for url 'https://openapiproext.bnf.fr/iiif/presentation/v3/ark:/12148/bd6t5562093/manifest.json'
For more information check: https://developer.mozilla.org/en-US/docs/Web/HTTP/Status/403",2026-07-17T16:37:09.712567
humanite,bd6t5562109,,failed,0,0,,http_manifest,known,403,manifest,"Client error '403 ' for url 'https://openapiproext.bnf.fr/iiif/presentation/v3/ark:/12148/bd6t5562109/manifest.json'
For more information check: https://developer.mozilla.org/en-US/docs/Web/HTTP/Status/403",2026-07-17T16:37:10.804700
humanite,bd6t556211n,,failed,0,0,,http_manifest,known,403,manifest,"Client error '403 ' for url 'https://openapiproext.bnf.fr/iiif/presentation/v3/ark:/12148/bd6t556211n/manifest.json'
For more information check: https://developer.mozilla.org/en-US/docs/Web/HTTP/Status/403",2026-07-17T16:37:11.940893
humanite,bd6t5562120,,failed,0,0,,http_manifest,known,403,manifest,"Client error '403 ' for url 'https://openapiproext.bnf.fr/iiif/presentation/v3/ark:/12148/bd6t5562120/manifest.json'
For more information check: https://developer.mozilla.org/en-US/docs/Web/HTTP/Status/403",2026-07-17T16:37:13.421721
humanite,bd6t556214p,,failed,0,0,,http_manifest,known,403,manifest,"Client error '403 ' for url 'https://openapiproext.bnf.fr/iiif/presentation/v3/ark:/12148/bd6t556214p/manifest.json'
For more information check: https://developer.mozilla.org/en-US/docs/Web/HTTP/Status/403",2026-07-17T16:37:14.488438
humanite,bd6t556213b,,failed,0,0,,http_manifest,known,403,manifest,"Client error '403 ' for url 'https://openapiproext.bnf.fr/iiif/presentation/v3/ark:/12148/bd6t556213b/manifest.json'
For more information check: https://developer.mozilla.org/en-US/docs/Web/HTTP/Status/403",2026-07-17T16:37:15.764422
humanite,bd6t5562151,,failed,0,0,,http_manifest,known,403,manifest,"Client error '403 ' for url 'https://openapiproext.bnf.fr/iiif/presentation/v3/ark:/12148/bd6t5562151/manifest.json'
For more information check: https://developer.mozilla.org/en-US/docs/Web/HTTP/Status/403",2026-07-17T16:37:16.866597
humanite,bd6t556216c,,failed,0,0,,http_manifest,known,403,manifest,"Client error '403 ' for url 'https://openapiproext.bnf.fr/iiif/presentation/v3/ark:/12148/bd6t556216c/manifest.json'
For more information check: https://developer.mozilla.org/en-US/docs/Web/HTTP/Status/403",2026-07-17T16:37:17.954709
humanite,bd6t556217q,,failed,0,0,,http_manifest,known,403,manifest,"Client error '403 ' for url 'https://openapiproext.bnf.fr/iiif/presentation/v3/ark:/12148/bd6t556217q/manifest.json'
For more information check: https://developer.mozilla.org/en-US/docs/Web/HTTP/Status/403",2026-07-17T16:37:19.149385
humanite,bd6t5562182,,failed,0,0,,http_manifest,known,403,manifest,"Client error '403 ' for url 'https://openapiproext.bnf.fr/iiif/presentation/v3/ark:/12148/bd6t5562182/manifest.json'
For more information check: https://developer.mozilla.org/en-US/docs/Web/HTTP/Status/403",2026-07-17T16:37:20.357386
humanite,bd6t556219d,,failed,0,0,,http_manifest,known,403,manifest,"Client error '403 ' for url 'https://openapiproext.bnf.fr/iiif/presentation/v3/ark:/12148/bd6t556219d/manifest.json'
For more information check: https://developer.mozilla.org/en-US/docs/Web/HTTP/Status/403",2026-07-17T16:37:21.552988
humanite,bd6t556220m,,failed,0,0,,http_manifest,known,403,manifest,"Client error '403 ' for url 'https://openapiproext.bnf.fr/iiif/presentation/v3/ark:/12148/bd6t556220m/manifest.json'
For more information check: https://developer.mozilla.org/en-US/docs/Web/HTTP/Status/403",2026-07-17T16:37:22.752687
humanite,bd6t556221z,,failed,0,0,,http_manifest,known,403,manifest,"Client error '403 ' for url 'https://openapiproext.bnf.fr/iiif/presentation/v3/ark:/12148/bd6t556221z/manifest.json'
For more information check: https://developer.mozilla.org/en-US/docs/Web/HTTP/Status/403",2026-07-17T16:37:23.964885
humanite,bd6t5562229,,failed,0,0,,http_manifest,known,403,manifest,"Client error '403 ' for url 'https://openapiproext.bnf.fr/iiif/presentation/v3/ark:/12148/bd6t5562229/manifest.json'
For more information check: https://developer.mozilla.org/en-US/docs/Web/HTTP/Status/403",2026-07-17T16:37:25.159146
humanite,bd6t556223n,,failed,0,0,,http_manifest,known,403,manifest,"Client error '403 ' for url 'https://openapiproext.bnf.fr/iiif/presentation/v3/ark:/12148/bd6t556223n/manifest.json'
For more information check: https://developer.mozilla.org/en-US/docs/Web/HTTP/Status/403",2026-07-17T16:37:26.359898
humanite,bd6t5562240,,failed,0,0,,http_manifest,known,403,manifest,"Client error '403 ' for url 'https://openapiproext.bnf.fr/iiif/presentation/v3/ark:/12148/bd6t5562240/manifest.json'
For more information check: https://developer.mozilla.org/en-US/docs/Web/HTTP/Status/403",2026-07-17T16:37:27.571723
humanite,bd6t556225b,,failed,0,0,,http_manifest,known,403,manifest,"Client error '403 ' for url 'https://openapiproext.bnf.fr/iiif/presentation/v3/ark:/12148/bd6t556225b/manifest.json'
For more information check: https://developer.mozilla.org/en-US/docs/Web/HTTP/Status/403",2026-07-17T16:37:28.765475
humanite,bd6t556226p,,failed,0,0,,http_manifest,known,403,manifest,"Client error '403 ' for url 'https://openapiproext.bnf.fr/iiif/presentation/v3/ark:/12148/bd6t556226p/manifest.json'
For more information check: https://developer.mozilla.org/en-US/docs/Web/HTTP/Status/403",2026-07-17T16:37:29.984118
humanite,bd6t5562271,,failed,0,0,,http_manifest,known,403,manifest,"Client error '403 ' for url 'https://openapiproext.bnf.fr/iiif/presentation/v3/ark:/12148/bd6t5562271/manifest.json'
For more information check: https://developer.mozilla.org/en-US/docs/Web/HTTP/Status/403",2026-07-17T16:37:31.171275
humanite,bd6t556228c,,failed,0,0,,http_manifest,known,403,manifest,"Client error '403 ' for url 'https://openapiproext.bnf.fr/iiif/presentation/v3/ark:/12148/bd6t556228c/manifest.json'
For more information check: https://developer.mozilla.org/en-US/docs/Web/HTTP/Status/403",2026-07-17T16:37:32.370291
humanite,bd6t556229q,,failed,0,0,,http_manifest,known,403,manifest,"Client error '403 ' for url 'https://openapiproext.bnf.fr/iiif/presentation/v3/ark:/12148/bd6t556229q/manifest.json'
For more information check: https://developer.mozilla.org/en-US/docs/Web/HTTP/Status/403",2026-07-17T16:37:33.576383
humanite,bd6t556230x,,failed,0,0,,http_manifest,known,403,manifest,"Client error '403 ' for url 'https://openapiproext.bnf.fr/iiif/presentation/v3/ark:/12148/bd6t556230x/manifest.json'
For more information check: https://developer.mozilla.org/en-US/docs/Web/HTTP/Status/403",2026-07-17T16:37:34.772042
humanite,bd6t556232m,,failed,0,0,,http_manifest,known,403,manifest,"Client error '403 ' for url 'https://openapiproext.bnf.fr/iiif/presentation/v3/ark:/12148/bd6t556232m/manifest.json'
For more information check: https://developer.mozilla.org/en-US/docs/Web/HTTP/Status/403",2026-07-17T16:37:36.001577
humanite,bd6t5562318,,failed,0,0,,http_manifest,known,403,manifest,"Client error '403 ' for url 'https://openapiproext.bnf.fr/iiif/presentation/v3/ark:/12148/bd6t5562318/manifest.json'
For more information check: https://developer.mozilla.org/en-US/docs/Web/HTTP/Status/403",2026-07-17T16:37:37.184486
humanite,bd6t556233z,,failed,0,0,,http_manifest,known,403,manifest,"Client error '403 ' for url 'https://openapiproext.bnf.fr/iiif/presentation/v3/ark:/12148/bd6t556233z/manifest.json'
For more information check: https://developer.mozilla.org/en-US/docs/Web/HTTP/Status/403",2026-07-17T16:37:38.377453
humanite,bd6t5562349,,failed,0,0,,http_manifest,known,403,manifest,"Client error '403 ' for url 'https://openapiproext.bnf.fr/iiif/presentation/v3/ark:/12148/bd6t5562349/manifest.json'
For more information check: https://developer.mozilla.org/en-US/docs/Web/HTTP/Status/403",2026-07-17T16:37:39.586709
humanite,bd6t556235n,,failed,0,0,,http_manifest,known,403,manifest,"Client error '403 ' for url 'https://openapiproext.bnf.fr/iiif/presentation/v3/ark:/12148/bd6t556235n/manifest.json'
For more information check: https://developer.mozilla.org/en-US/docs/Web/HTTP/Status/403",2026-07-17T16:37:40.781907
humanite,bd6t5562360,,failed,0,0,,http_manifest,known,403,manifest,"Client error '403 ' for url 'https://openapiproext.bnf.fr/iiif/presentation/v3/ark:/12148/bd6t5562360/manifest.json'
For more information check: https://developer.mozilla.org/en-US/docs/Web/HTTP/Status/403",2026-07-17T16:37:41.982615
humanite,bd6t556237b,,failed,0,0,,http_manifest,known,403,manifest,"Client error '403 ' for url 'https://openapiproext.bnf.fr/iiif/presentation/v3/ark:/12148/bd6t556237b/manifest.json'
For more information check: https://developer.mozilla.org/en-US/docs/Web/HTTP/Status/403",2026-07-17T16:37:43.184665
humanite,bd6t556238p,,failed,0,0,,http_manifest,known,403,manifest,"Client error '403 ' for url 'https://openapiproext.bnf.fr/iiif/presentation/v3/ark:/12148/bd6t556238p/manifest.json'
For more information check: https://developer.mozilla.org/en-US/docs/Web/HTTP/Status/403",2026-07-17T16:37:44.390707
humanite,bd6t5562391,,failed,0,0,,http_manifest,known,403,manifest,"Client error '403 ' for url 'https://openapiproext.bnf.fr/iiif/presentation/v3/ark:/12148/bd6t5562391/manifest.json'
For more information check: https://developer.mozilla.org/en-US/docs/Web/HTTP/Status/403",2026-07-17T16:37:45.587065
humanite,bd6t556241k,,failed,0,0,,http_manifest,known,403,manifest,"Client error '403 ' for url 'https://openapiproext.bnf.fr/iiif/presentation/v3/ark:/12148/bd6t556241k/manifest.json'
For more information check: https://developer.mozilla.org/en-US/docs/Web/HTTP/Status/403",2026-07-17T16:37:46.814074
humanite,bd6t5562407,,failed,0,0,,http_manifest,known,403,manifest,"Client error '403 ' for url 'https://openapiproext.bnf.fr/iiif/presentation/v3/ark:/12148/bd6t5562407/manifest.json'
For more information check: https://developer.mozilla.org/en-US/docs/Web/HTTP/Status/403",2026-07-17T16:37:47.993899
humanite,bd6t556242x,,failed,0,0,,http_manifest,known,403,manifest,"Client error '403 ' for url 'https://openapiproext.bnf.fr/iiif/presentation/v3/ark:/12148/bd6t556242x/manifest.json'
For more information check: https://developer.mozilla.org/en-US/docs/Web/HTTP/Status/403",2026-07-17T16:37:49.191916
humanite,bd6t556244m,,failed,0,0,,http_manifest,known,403,manifest,"Client error '403 ' for url 'https://openapiproext.bnf.fr/iiif/presentation/v3/ark:/12148/bd6t556244m/manifest.json'
For more information check: https://developer.mozilla.org/en-US/docs/Web/HTTP/Status/403",2026-07-17T16:37:50.397906
humanite,bd6t5562438,,failed,0,0,,http_manifest,known,403,manifest,"Client error '403 ' for url 'https://openapiproext.bnf.fr/iiif/presentation/v3/ark:/12148/bd6t5562438/manifest.json'
For more information check: https://developer.mozilla.org/en-US/docs/Web/HTTP/Status/403",2026-07-17T16:37:51.604170
humanite,bd6t5562469,,failed,0,0,,http_manifest,known,403,manifest,"Client error '403 ' for url 'https://openapiproext.bnf.fr/iiif/presentation/v3/ark:/12148/bd6t5562469/manifest.json'
For more information check: https://developer.mozilla.org/en-US/docs/Web/HTTP/Status/403",2026-07-17T16:37:52.800760
humanite,bd6t556245z,,failed,0,0,,http_manifest,known,403,manifest,"Client error '403 ' for url 'https://openapiproext.bnf.fr/iiif/presentation/v3/ark:/12148/bd6t556245z/manifest.json'
For more information check: https://developer.mozilla.org/en-US/docs/Web/HTTP/Status/403",2026-07-17T16:37:53.998006
humanite,bd6t556247n,,failed,0,0,,http_manifest,known,403,manifest,"Client error '403 ' for url 'https://openapiproext.bnf.fr/iiif/presentation/v3/ark:/12148/bd6t556247n/manifest.json'
For more information check: https://developer.mozilla.org/en-US/docs/Web/HTTP/Status/403",2026-07-17T16:37:55.205729
humanite,bd6t5562480,,failed,0,0,,http_manifest,known,403,manifest,"Client error '403 ' for url 'https://openapiproext.bnf.fr/iiif/presentation/v3/ark:/12148/bd6t5562480/manifest.json'
For more information check: https://developer.mozilla.org/en-US/docs/Web/HTTP/Status/403",2026-07-17T16:37:56.402548
humanite,bd6t556249b,,failed,0,0,,http_manifest,known,403,manifest,"Client error '403 ' for url 'https://openapiproext.bnf.fr/iiif/presentation/v3/ark:/12148/bd6t556249b/manifest.json'
For more information check: https://developer.mozilla.org/en-US/docs/Web/HTTP/Status/403",2026-07-17T16:37:57.689260
humanite,bd6t556250j,,failed,0,0,,http_manifest,known,403,manifest,"Client error '403 ' for url 'https://openapiproext.bnf.fr/iiif/presentation/v3/ark:/12148/bd6t556250j/manifest.json'
For more information check: https://developer.mozilla.org/en-US/docs/Web/HTTP/Status/403",2026-07-17T16:37:58.824423
humanite,bd6t5562527,,failed,0,0,,http_manifest,known,403,manifest,"Client error '403 ' for url 'https://openapiproext.bnf.fr/iiif/presentation/v3/ark:/12148/bd6t5562527/manifest.json'
For more information check: https://developer.mozilla.org/en-US/docs/Web/HTTP/Status/403",2026-07-17T16:38:00.012240
humanite,bd6t556251w,,failed,0,0,,http_manifest,known,403,manifest,"Client error '403 ' for url 'https://openapiproext.bnf.fr/iiif/presentation/v3/ark:/12148/bd6t556251w/manifest.json'
For more information check: https://developer.mozilla.org/en-US/docs/Web/HTTP/Status/403",2026-07-17T16:38:01.221381
humanite,bd6t556253k,,failed,0,0,,http_manifest,known,403,manifest,"Client error '403 ' for url 'https://openapiproext.bnf.fr/iiif/presentation/v3/ark:/12148/bd6t556253k/manifest.json'
For more information check: https://developer.mozilla.org/en-US/docs/Web/HTTP/Status/403",2026-07-17T16:38:02.417199
humanite,bd6t556254x,,failed,0,0,,http_manifest,known,403,manifest,"Client error '403 ' for url 'https://openapiproext.bnf.fr/iiif/presentation/v3/ark:/12148/bd6t556254x/manifest.json'
For more information check: https://developer.mozilla.org/en-US/docs/Web/HTTP/Status/403",2026-07-17T16:38:03.747181
humanite,bd6t5562558,,failed,0,0,,http_manifest,known,403,manifest,"Client error '403 ' for url 'https://openapiproext.bnf.fr/iiif/presentation/v3/ark:/12148/bd6t5562558/manifest.json'
For more information check: https://developer.mozilla.org/en-US/docs/Web/HTTP/Status/403",2026-07-17T16:38:05.111929
humanite,bd6t556256m,,failed,0,0,,http_manifest,known,403,manifest,"Client error '403 ' for url 'https://openapiproext.bnf.fr/iiif/presentation/v3/ark:/12148/bd6t556256m/manifest.json'
For more information check: https://developer.mozilla.org/en-US/docs/Web/HTTP/Status/403",2026-07-17T16:38:06.111695
humanite,bd6t5562589,,failed,0,0,,http_manifest,known,403,manifest,"Client error '403 ' for url 'https://openapiproext.bnf.fr/iiif/presentation/v3/ark:/12148/bd6t5562589/manifest.json'
For more information check: https://developer.mozilla.org/en-US/docs/Web/HTTP/Status/403",2026-07-17T16:38:07.276705
humanite,bd6t556257z,,failed,0,0,,http_manifest,known,403,manifest,"Client error '403 ' for url 'https://openapiproext.bnf.fr/iiif/presentation/v3/ark:/12148/bd6t556257z/manifest.json'
For more information check: https://developer.mozilla.org/en-US/docs/Web/HTTP/Status/403",2026-07-17T16:38:08.426012
humanite,bd6t556259n,,failed,0,0,,http_manifest,known,403,manifest,"Client error '403 ' for url 'https://openapiproext.bnf.fr/iiif/presentation/v3/ark:/12148/bd6t556259n/manifest.json'
For more information check: https://developer.mozilla.org/en-US/docs/Web/HTTP/Status/403",2026-07-17T16:38:09.865072
humanite,bd6t556260v,,failed,0,0,,http_manifest,known,403,manifest,"Client error '403 ' for url 'https://openapiproext.bnf.fr/iiif/presentation/v3/ark:/12148/bd6t556260v/manifest.json'
For more information check: https://developer.mozilla.org/en-US/docs/Web/HTTP/Status/403",2026-07-17T16:38:10.906285
humanite,bd6t5562616,,failed,0,0,,http_manifest,known,403,manifest,"Client error '403 ' for url 'https://openapiproext.bnf.fr/iiif/presentation/v3/ark:/12148/bd6t5562616/manifest.json'
For more information check: https://developer.mozilla.org/en-US/docs/Web/HTTP/Status/403",2026-07-17T16:38:12.031191
humanite,bd6t556262j,,failed,0,0,,http_manifest,known,403,manifest,"Client error '403 ' for url 'https://openapiproext.bnf.fr/iiif/presentation/v3/ark:/12148/bd6t556262j/manifest.json'
For more information check: https://developer.mozilla.org/en-US/docs/Web/HTTP/Status/403",2026-07-17T16:38:13.402917
humanite,bd6t556263w,,failed,0,0,,http_manifest,known,403,manifest,"Client error '403 ' for url 'https://openapiproext.bnf.fr/iiif/presentation/v3/ark:/12148/bd6t556263w/manifest.json'
For more information check: https://developer.mozilla.org/en-US/docs/Web/HTTP/Status/403",2026-07-17T16:38:14.468289
humanite,bd6t556265k,,failed,0,0,,http_manifest,known,403,manifest,"Client error '403 ' for url 'https://openapiproext.bnf.fr/iiif/presentation/v3/ark:/12148/bd6t556265k/manifest.json'
For more information check: https://developer.mozilla.org/en-US/docs/Web/HTTP/Status/403",2026-07-17T16:38:15.755930
humanite,bd6t5562647,,failed,0,0,,http_manifest,known,403,manifest,"Client error '403 ' for url 'https://openapiproext.bnf.fr/iiif/presentation/v3/ark:/12148/bd6t5562647/manifest.json'
For more information check: https://developer.mozilla.org/en-US/docs/Web/HTTP/Status/403",2026-07-17T16:38:16.849121
humanite,bd6t5562678,,failed,0,0,,http_manifest,known,403,manifest,"Client error '403 ' for url 'https://openapiproext.bnf.fr/iiif/presentation/v3/ark:/12148/bd6t5562678/manifest.json'
For more information check: https://developer.mozilla.org/en-US/docs/Web/HTTP/Status/403",2026-07-17T16:38:18.039330
humanite,bd6t556266x,,failed,0,0,,http_manifest,known,403,manifest,"Client error '403 ' for url 'https://openapiproext.bnf.fr/iiif/presentation/v3/ark:/12148/bd6t556266x/manifest.json'
For more information check: https://developer.mozilla.org/en-US/docs/Web/HTTP/Status/403",2026-07-17T16:38:19.255184
humanite,bd6t556269z,,failed,0,0,,http_manifest,known,403,manifest,"Client error '403 ' for url 'https://openapiproext.bnf.fr/iiif/presentation/v3/ark:/12148/bd6t556269z/manifest.json'
For more information check: https://developer.mozilla.org/en-US/docs/Web/HTTP/Status/403",2026-07-17T16:38:20.443030
humanite,bd6t556268m,,failed,0,0,,http_manifest,known,403,manifest,"Client error '403 ' for url 'https://openapiproext.bnf.fr/iiif/presentation/v3/ark:/12148/bd6t556268m/manifest.json'
For more information check: https://developer.mozilla.org/en-US/docs/Web/HTTP/Status/403",2026-07-17T16:38:21.690893
humanite,bd6t5562705,,failed,0,0,,http_manifest,known,403,manifest,"Client error '403 ' for url 'https://openapiproext.bnf.fr/iiif/presentation/v3/ark:/12148/bd6t5562705/manifest.json'
For more information check: https://developer.mozilla.org/en-US/docs/Web/HTTP/Status/403",2026-07-17T16:38:22.843123
humanite,bd6t556271h,,failed,0,0,,http_manifest,known,403,manifest,"Client error '403 ' for url 'https://openapiproext.bnf.fr/iiif/presentation/v3/ark:/12148/bd6t556271h/manifest.json'
For more information check: https://developer.mozilla.org/en-US/docs/Web/HTTP/Status/403",2026-07-17T16:38:24.041152
humanite,bd6t556272v,,failed,0,0,,http_manifest,known,403,manifest,"Client error '403 ' for url 'https://openapiproext.bnf.fr/iiif/presentation/v3/ark:/12148/bd6t556272v/manifest.json'
For more information check: https://developer.mozilla.org/en-US/docs/Web/HTTP/Status/403",2026-07-17T16:38:25.245426
humanite,bd6t5562736,,failed,0,0,,http_manifest,known,403,manifest,"Client error '403 ' for url 'https://openapiproext.bnf.fr/iiif/presentation/v3/ark:/12148/bd6t5562736/manifest.json'
For more information check: https://developer.mozilla.org/en-US/docs/Web/HTTP/Status/403",2026-07-17T16:38:26.440868
humanite,bd6t556274j,,failed,0,0,,http_manifest,known,403,manifest,"Client error '403 ' for url 'https://openapiproext.bnf.fr/iiif/presentation/v3/ark:/12148/bd6t556274j/manifest.json'
For more information check: https://developer.mozilla.org/en-US/docs/Web/HTTP/Status/403",2026-07-17T16:38:27.669973
humanite,bd6t556275w,,failed,0,0,,http_manifest,known,403,manifest,"Client error '403 ' for url 'https://openapiproext.bnf.fr/iiif/presentation/v3/ark:/12148/bd6t556275w/manifest.json'
For more information check: https://developer.mozilla.org/en-US/docs/Web/HTTP/Status/403",2026-07-17T16:38:28.848926
humanite,bd6t5562767,,failed,0,0,,http_manifest,known,403,manifest,"Client error '403 ' for url 'https://openapiproext.bnf.fr/iiif/presentation/v3/ark:/12148/bd6t5562767/manifest.json'
For more information check: https://developer.mozilla.org/en-US/docs/Web/HTTP/Status/403",2026-07-17T16:38:30.051184
humanite,bd6t556277k,,failed,0,0,,http_manifest,known,403,manifest,"Client error '403 ' for url 'https://openapiproext.bnf.fr/iiif/presentation/v3/ark:/12148/bd6t556277k/manifest.json'
For more information check: https://developer.mozilla.org/en-US/docs/Web/HTTP/Status/403",2026-07-17T16:38:31.249971
humanite,bd6t556278x,,failed,0,0,,http_manifest,known,403,manifest,"Client error '403 ' for url 'https://openapiproext.bnf.fr/iiif/presentation/v3/ark:/12148/bd6t556278x/manifest.json'
For more information check: https://developer.mozilla.org/en-US/docs/Web/HTTP/Status/403",2026-07-17T16:38:32.454845
humanite,bd6t5562798,,failed,0,0,,http_manifest,known,403,manifest,"Client error '403 ' for url 'https://openapiproext.bnf.fr/iiif/presentation/v3/ark:/12148/bd6t5562798/manifest.json'
For more information check: https://developer.mozilla.org/en-US/docs/Web/HTTP/Status/403",2026-07-17T16:38:33.663292
humanite,bd6t556280g,,failed,0,0,,http_manifest,known,403,manifest,"Client error '403 ' for url 'https://openapiproext.bnf.fr/iiif/presentation/v3/ark:/12148/bd6t556280g/manifest.json'
For more information check: https://developer.mozilla.org/en-US/docs/Web/HTTP/Status/403",2026-07-17T16:38:34.860709
humanite,bd6t5562825,,failed,0,0,,http_manifest,known,403,manifest,"Client error '403 ' for url 'https://openapiproext.bnf.fr/iiif/presentation/v3/ark:/12148/bd6t5562825/manifest.json'
For more information check: https://developer.mozilla.org/en-US/docs/Web/HTTP/Status/403",2026-07-17T16:38:36.056665
humanite,bd6t556281t,,failed,0,0,,http_manifest,known,403,manifest,"Client error '403 ' for url 'https://openapiproext.bnf.fr/iiif/presentation/v3/ark:/12148/bd6t556281t/manifest.json'
For more information check: https://developer.mozilla.org/en-US/docs/Web/HTTP/Status/403",2026-07-17T16:38:37.264739
humanite,bd6t556283h,,failed,0,0,,http_manifest,known,403,manifest,"Client error '403 ' for url 'https://openapiproext.bnf.fr/iiif/presentation/v3/ark:/12148/bd6t556283h/manifest.json'
For more information check: https://developer.mozilla.org/en-US/docs/Web/HTTP/Status/403",2026-07-17T16:38:38.483382
humanite,bd6t556284v,,failed,0,0,,http_manifest,known,403,manifest,"Client error '403 ' for url 'https://openapiproext.bnf.fr/iiif/presentation/v3/ark:/12148/bd6t556284v/manifest.json'
For more information check: https://developer.mozilla.org/en-US/docs/Web/HTTP/Status/403",2026-07-17T16:38:39.700517
humanite,bd6t5562856,,failed,0,0,,http_manifest,known,403,manifest,"Client error '403 ' for url 'https://openapiproext.bnf.fr/iiif/presentation/v3/ark:/12148/bd6t5562856/manifest.json'
For more information check: https://developer.mozilla.org/en-US/docs/Web/HTTP/Status/403",2026-07-17T16:38:40.867542
humanite,bd6t556286j,,failed,0,0,,http_manifest,known,403,manifest,"Client error '403 ' for url 'https://openapiproext.bnf.fr/iiif/presentation/v3/ark:/12148/bd6t556286j/manifest.json'
For more information check: https://developer.mozilla.org/en-US/docs/Web/HTTP/Status/403",2026-07-17T16:38:42.068613
humanite,bd6t556287w,,failed,0,0,,http_manifest,known,403,manifest,"Client error '403 ' for url 'https://openapiproext.bnf.fr/iiif/presentation/v3/ark:/12148/bd6t556287w/manifest.json'
For more information check: https://developer.mozilla.org/en-US/docs/Web/HTTP/Status/403",2026-07-17T16:38:43.273011
humanite,bd6t5562887,,failed,0,0,,http_manifest,known,403,manifest,"Client error '403 ' for url 'https://openapiproext.bnf.fr/iiif/presentation/v3/ark:/12148/bd6t5562887/manifest.json'
For more information check: https://developer.mozilla.org/en-US/docs/Web/HTTP/Status/403",2026-07-17T16:38:44.473341
humanite,bd6t556289k,,failed,0,0,,http_manifest,known,403,manifest,"Client error '403 ' for url 'https://openapiproext.bnf.fr/iiif/presentation/v3/ark:/12148/bd6t556289k/manifest.json'
For more information check: https://developer.mozilla.org/en-US/docs/Web/HTTP/Status/403",2026-07-17T16:38:45.676058
humanite,bd6t556290s,,failed,0,0,,http_manifest,known,403,manifest,"Client error '403 ' for url 'https://openapiproext.bnf.fr/iiif/presentation/v3/ark:/12148/bd6t556290s/manifest.json'
For more information check: https://developer.mozilla.org/en-US/docs/Web/HTTP/Status/403",2026-07-17T16:38:46.878232
humanite,bd6t556292g,,failed,0,0,,http_manifest,known,403,manifest,"Client error '403 ' for url 'https://openapiproext.bnf.fr/iiif/presentation/v3/ark:/12148/bd6t556292g/manifest.json'
For more information check: https://developer.mozilla.org/en-US/docs/Web/HTTP/Status/403",2026-07-17T16:38:48.078738
humanite,bd6t5562914,,failed,0,0,,http_manifest,known,403,manifest,"Client error '403 ' for url 'https://openapiproext.bnf.fr/iiif/presentation/v3/ark:/12148/bd6t5562914/manifest.json'
For more information check: https://developer.mozilla.org/en-US/docs/Web/HTTP/Status/403",2026-07-17T16:38:49.283060
humanite,bd6t556293t,,failed,0,0,,http_manifest,known,403,manifest,"Client error '403 ' for url 'https://openapiproext.bnf.fr/iiif/presentation/v3/ark:/12148/bd6t556293t/manifest.json'
For more information check: https://developer.mozilla.org/en-US/docs/Web/HTTP/Status/403",2026-07-17T16:38:50.481987
humanite,bd6t5562945,,failed,0,0,,http_manifest,known,403,manifest,"Client error '403 ' for url 'https://openapiproext.bnf.fr/iiif/presentation/v3/ark:/12148/bd6t5562945/manifest.json'
For more information check: https://developer.mozilla.org/en-US/docs/Web/HTTP/Status/403",2026-07-17T16:38:51.683669
humanite,bd6t556295h,,failed,0,0,,http_manifest,known,403,manifest,"Client error '403 ' for url 'https://openapiproext.bnf.fr/iiif/presentation/v3/ark:/12148/bd6t556295h/manifest.json'
For more information check: https://developer.mozilla.org/en-US/docs/Web/HTTP/Status/403",2026-07-17T16:38:52.886070
humanite,bd6t556296v,,failed,0,0,,http_manifest,known,403,manifest,"Client error '403 ' for url 'https://openapiproext.bnf.fr/iiif/presentation/v3/ark:/12148/bd6t556296v/manifest.json'
For more information check: https://developer.mozilla.org/en-US/docs/Web/HTTP/Status/403",2026-07-17T16:38:54.088691
humanite,bd6t560349c,,failed,0,0,,http_manifest,known,403,manifest,"Client error '403 ' for url 'https://openapiproext.bnf.fr/iiif/presentation/v3/ark:/12148/bd6t560349c/manifest.json'
For more information check: https://developer.mozilla.org/en-US/docs/Web/HTTP/Status/403",2026-07-17T16:38:55.286983
humanite,bd6t560350k,,failed,0,0,,http_manifest,known,403,manifest,"Client error '403 ' for url 'https://openapiproext.bnf.fr/iiif/presentation/v3/ark:/12148/bd6t560350k/manifest.json'
For more information check: https://developer.mozilla.org/en-US/docs/Web/HTTP/Status/403",2026-07-17T16:38:56.499671
humanite,bd6t560351x,,failed,0,0,,http_manifest,known,403,manifest,"Client error '403 ' for url 'https://openapiproext.bnf.fr/iiif/presentation/v3/ark:/12148/bd6t560351x/manifest.json'
For more information check: https://developer.mozilla.org/en-US/docs/Web/HTTP/Status/403",2026-07-17T16:38:57.790497
humanite,bd6t5603528,,failed,0,0,,http_manifest,known,403,manifest,"Client error '403 ' for url 'https://openapiproext.bnf.fr/iiif/presentation/v3/ark:/12148/bd6t5603528/manifest.json'
For more information check: https://developer.mozilla.org/en-US/docs/Web/HTTP/Status/403",2026-07-17T16:38:58.890950
humanite,bd6t560353m,,failed,0,0,,http_manifest,known,403,manifest,"Client error '403 ' for url 'https://openapiproext.bnf.fr/iiif/presentation/v3/ark:/12148/bd6t560353m/manifest.json'
For more information check: https://developer.mozilla.org/en-US/docs/Web/HTTP/Status/403",2026-07-17T16:39:00.320944
humanite,bd6t560354z,,failed,0,0,,http_manifest,known,403,manifest,"Client error '403 ' for url 'https://openapiproext.bnf.fr/iiif/presentation/v3/ark:/12148/bd6t560354z/manifest.json'
For more information check: https://developer.mozilla.org/en-US/docs/Web/HTTP/Status/403",2026-07-17T16:39:01.454070
humanite,bd6t5603559,,failed,0,0,,http_manifest,known,403,manifest,"Client error '403 ' for url 'https://openapiproext.bnf.fr/iiif/presentation/v3/ark:/12148/bd6t5603559/manifest.json'
For more information check: https://developer.mozilla.org/en-US/docs/Web/HTTP/Status/403",2026-07-17T16:39:02.637680
humanite,bd6t560356n,,failed,0,0,,http_manifest,known,403,manifest,"Client error '403 ' for url 'https://openapiproext.bnf.fr/iiif/presentation/v3/ark:/12148/bd6t560356n/manifest.json'
For more information check: https://developer.mozilla.org/en-US/docs/Web/HTTP/Status/403",2026-07-17T16:39:03.740305
humanite,bd6t5603570,,failed,0,0,,http_manifest,known,403,manifest,"Client error '403 ' for url 'https://openapiproext.bnf.fr/iiif/presentation/v3/ark:/12148/bd6t5603570/manifest.json'
For more information check: https://developer.mozilla.org/en-US/docs/Web/HTTP/Status/403",2026-07-17T16:39:05.110306
humanite,bd6t560358b,,failed,0,0,,http_manifest,known,403,manifest,"Client error '403 ' for url 'https://openapiproext.bnf.fr/iiif/presentation/v3/ark:/12148/bd6t560358b/manifest.json'
For more information check: https://developer.mozilla.org/en-US/docs/Web/HTTP/Status/403",2026-07-17T16:39:06.308061
humanite,bd6t560359p,,failed,0,0,,http_manifest,known,403,manifest,"Client error '403 ' for url 'https://openapiproext.bnf.fr/iiif/presentation/v3/ark:/12148/bd6t560359p/manifest.json'
For more information check: https://developer.mozilla.org/en-US/docs/Web/HTTP/Status/403",2026-07-17T16:39:07.302537
humanite,bd6t560360w,,failed,0,0,,http_manifest,known,403,manifest,"Client error '403 ' for url 'https://openapiproext.bnf.fr/iiif/presentation/v3/ark:/12148/bd6t560360w/manifest.json'
For more information check: https://developer.mozilla.org/en-US/docs/Web/HTTP/Status/403",2026-07-17T16:39:08.506008
humanite,bd6t5603617,,failed,0,0,,http_manifest,known,403,manifest,"Client error '403 ' for url 'https://openapiproext.bnf.fr/iiif/presentation/v3/ark:/12148/bd6t5603617/manifest.json'
For more information check: https://developer.mozilla.org/en-US/docs/Web/HTTP/Status/403",2026-07-17T16:39:09.707668
humanite,bd6t560362k,,failed,0,0,,http_manifest,known,403,manifest,"Client error '403 ' for url 'https://openapiproext.bnf.fr/iiif/presentation/v3/ark:/12148/bd6t560362k/manifest.json'
For more information check: https://developer.mozilla.org/en-US/docs/Web/HTTP/Status/403",2026-07-17T16:39:10.915552
humanite,bd6t560363x,,failed,0,0,,http_manifest,known,403,manifest,"Client error '403 ' for url 'https://openapiproext.bnf.fr/iiif/presentation/v3/ark:/12148/bd6t560363x/manifest.json'
For more information check: https://developer.mozilla.org/en-US/docs/Web/HTTP/Status/403",2026-07-17T16:39:12.116177
humanite,bd6t5603648,,failed,0,0,,http_manifest,known,403,manifest,"Client error '403 ' for url 'https://openapiproext.bnf.fr/iiif/presentation/v3/ark:/12148/bd6t5603648/manifest.json'
For more information check: https://developer.mozilla.org/en-US/docs/Web/HTTP/Status/403",2026-07-17T16:39:13.327750
humanite,bd6t560365m,,failed,0,0,,http_manifest,known,403,manifest,"Client error '403 ' for url 'https://openapiproext.bnf.fr/iiif/presentation/v3/ark:/12148/bd6t560365m/manifest.json'
For more information check: https://developer.mozilla.org/en-US/docs/Web/HTTP/Status/403",2026-07-17T16:39:14.518124
humanite,bd6t560366z,,failed,0,0,,http_manifest,known,403,manifest,"Client error '403 ' for url 'https://openapiproext.bnf.fr/iiif/presentation/v3/ark:/12148/bd6t560366z/manifest.json'
For more information check: https://developer.mozilla.org/en-US/docs/Web/HTTP/Status/403",2026-07-17T16:39:15.743622
humanite,bd6t5603679,,failed,0,0,,http_manifest,known,403,manifest,"Client error '403 ' for url 'https://openapiproext.bnf.fr/iiif/presentation/v3/ark:/12148/bd6t5603679/manifest.json'
For more information check: https://developer.mozilla.org/en-US/docs/Web/HTTP/Status/403",2026-07-17T16:39:16.915595
humanite,bd6t560368n,,failed,0,0,,http_manifest,known,403,manifest,"Client error '403 ' for url 'https://openapiproext.bnf.fr/iiif/presentation/v3/ark:/12148/bd6t560368n/manifest.json'
For more information check: https://developer.mozilla.org/en-US/docs/Web/HTTP/Status/403",2026-07-17T16:39:18.118677
humanite,bd6t5603690,,failed,0,0,,http_manifest,known,403,manifest,"Client error '403 ' for url 'https://openapiproext.bnf.fr/iiif/presentation/v3/ark:/12148/bd6t5603690/manifest.json'
For more information check: https://developer.mozilla.org/en-US/docs/Web/HTTP/Status/403",2026-07-17T16:39:19.324241
humanite,bd6t5603706,,failed,0,0,,http_manifest,known,403,manifest,"Client error '403 ' for url 'https://openapiproext.bnf.fr/iiif/presentation/v3/ark:/12148/bd6t5603706/manifest.json'
For more information check: https://developer.mozilla.org/en-US/docs/Web/HTTP/Status/403",2026-07-17T16:39:20.538130
humanite,bd6t560371j,,failed,0,0,,http_manifest,known,403,manifest,"Client error '403 ' for url 'https://openapiproext.bnf.fr/iiif/presentation/v3/ark:/12148/bd6t560371j/manifest.json'
For more information check: https://developer.mozilla.org/en-US/docs/Web/HTTP/Status/403",2026-07-17T16:39:21.725691
humanite,bd6t560372w,,failed,0,0,,http_manifest,known,403,manifest,"Client error '403 ' for url 'https://openapiproext.bnf.fr/iiif/presentation/v3/ark:/12148/bd6t560372w/manifest.json'
For more information check: https://developer.mozilla.org/en-US/docs/Web/HTTP/Status/403",2026-07-17T16:39:22.925833
humanite,bd6t5603737,,failed,0,0,,http_manifest,known,403,manifest,"Client error '403 ' for url 'https://openapiproext.bnf.fr/iiif/presentation/v3/ark:/12148/bd6t5603737/manifest.json'
For more information check: https://developer.mozilla.org/en-US/docs/Web/HTTP/Status/403",2026-07-17T16:39:24.128219
humanite,bd6t560374k,,failed,0,0,,http_manifest,known,403,manifest,"Client error '403 ' for url 'https://openapiproext.bnf.fr/iiif/presentation/v3/ark:/12148/bd6t560374k/manifest.json'
For more information check: https://developer.mozilla.org/en-US/docs/Web/HTTP/Status/403",2026-07-17T16:39:25.329002
humanite,bd6t560375x,,failed,0,0,,http_manifest,known,403,manifest,"Client error '403 ' for url 'https://openapiproext.bnf.fr/iiif/presentation/v3/ark:/12148/bd6t560375x/manifest.json'
For more information check: https://developer.mozilla.org/en-US/docs/Web/HTTP/Status/403",2026-07-17T16:39:26.537244
humanite,bd6t5603768,,failed,0,0,,http_manifest,known,403,manifest,"Client error '403 ' for url 'https://openapiproext.bnf.fr/iiif/presentation/v3/ark:/12148/bd6t5603768/manifest.json'
For more information check: https://developer.mozilla.org/en-US/docs/Web/HTTP/Status/403",2026-07-17T16:39:27.769280
humanite,bd6t560377m,,failed,0,0,,http_manifest,known,403,manifest,"Client error '403 ' for url 'https://openapiproext.bnf.fr/iiif/presentation/v3/ark:/12148/bd6t560377m/manifest.json'
For more information check: https://developer.mozilla.org/en-US/docs/Web/HTTP/Status/403",2026-07-17T16:39:28.935849
humanite,bd6t560378z,,failed,0,0,,http_manifest,known,403,manifest,"Client error '403 ' for url 'https://openapiproext.bnf.fr/iiif/presentation/v3/ark:/12148/bd6t560378z/manifest.json'
For more information check: https://developer.mozilla.org/en-US/docs/Web/HTTP/Status/403",2026-07-17T16:39:30.142206
humanite,bd6t5603799,,failed,0,0,,http_manifest,known,403,manifest,"Client error '403 ' for url 'https://openapiproext.bnf.fr/iiif/presentation/v3/ark:/12148/bd6t5603799/manifest.json'
For more information check: https://developer.mozilla.org/en-US/docs/Web/HTTP/Status/403",2026-07-17T16:39:31.338199
humanite,bd6t560380h,,failed,0,0,,http_manifest,known,403,manifest,"Client error '403 ' for url 'https://openapiproext.bnf.fr/iiif/presentation/v3/ark:/12148/bd6t560380h/manifest.json'
For more information check: https://developer.mozilla.org/en-US/docs/Web/HTTP/Status/403",2026-07-17T16:39:32.539732
humanite,bd6t560381v,,failed,0,0,,http_manifest,known,403,manifest,"Client error '403 ' for url 'https://openapiproext.bnf.fr/iiif/presentation/v3/ark:/12148/bd6t560381v/manifest.json'
For more information check: https://developer.mozilla.org/en-US/docs/Web/HTTP/Status/403",2026-07-17T16:39:33.742952
humanite,bd6t5603826,,failed,0,0,,http_manifest,known,403,manifest,"Client error '403 ' for url 'https://openapiproext.bnf.fr/iiif/presentation/v3/ark:/12148/bd6t5603826/manifest.json'
For more information check: https://developer.mozilla.org/en-US/docs/Web/HTTP/Status/403",2026-07-17T16:39:34.943925
humanite,bd6t560383j,,failed,0,0,,http_manifest,known,403,manifest,"Client error '403 ' for url 'https://openapiproext.bnf.fr/iiif/presentation/v3/ark:/12148/bd6t560383j/manifest.json'
For more information check: https://developer.mozilla.org/en-US/docs/Web/HTTP/Status/403",2026-07-17T16:39:36.143963
humanite,bd6t560384w,,failed,0,0,,http_manifest,known,403,manifest,"Client error '403 ' for url 'https://openapiproext.bnf.fr/iiif/presentation/v3/ark:/12148/bd6t560384w/manifest.json'
For more information check: https://developer.mozilla.org/en-US/docs/Web/HTTP/Status/403",2026-07-17T16:39:37.359042
humanite,bd6t5603857,,failed,0,0,,http_manifest,known,403,manifest,"Client error '403 ' for url 'https://openapiproext.bnf.fr/iiif/presentation/v3/ark:/12148/bd6t5603857/manifest.json'
For more information check: https://developer.mozilla.org/en-US/docs/Web/HTTP/Status/403",2026-07-17T16:39:38.547141
humanite,bd6t560386k,,failed,0,0,,http_manifest,known,403,manifest,"Client error '403 ' for url 'https://openapiproext.bnf.fr/iiif/presentation/v3/ark:/12148/bd6t560386k/manifest.json'
For more information check: https://developer.mozilla.org/en-US/docs/Web/HTTP/Status/403",2026-07-17T16:39:39.773113
humanite,bd6t560387x,,failed,0,0,,http_manifest,known,403,manifest,"Client error '403 ' for url 'https://openapiproext.bnf.fr/iiif/presentation/v3/ark:/12148/bd6t560387x/manifest.json'
For more information check: https://developer.mozilla.org/en-US/docs/Web/HTTP/Status/403",2026-07-17T16:39:40.949954
humanite,bd6t5603888,,failed,0,0,,http_manifest,known,403,manifest,"Client error '403 ' for url 'https://openapiproext.bnf.fr/iiif/presentation/v3/ark:/12148/bd6t5603888/manifest.json'
For more information check: https://developer.mozilla.org/en-US/docs/Web/HTTP/Status/403",2026-07-17T16:39:42.153551
humanite,bd6t560389m,,failed,0,0,,http_manifest,known,403,manifest,"Client error '403 ' for url 'https://openapiproext.bnf.fr/iiif/presentation/v3/ark:/12148/bd6t560389m/manifest.json'
For more information check: https://developer.mozilla.org/en-US/docs/Web/HTTP/Status/403",2026-07-17T16:39:43.511193
humanite,bd6t560390t,,failed,0,0,,http_manifest,known,403,manifest,"Client error '403 ' for url 'https://openapiproext.bnf.fr/iiif/presentation/v3/ark:/12148/bd6t560390t/manifest.json'
For more information check: https://developer.mozilla.org/en-US/docs/Web/HTTP/Status/403",2026-07-17T16:39:44.554964
humanite,bd6t5603915,,failed,0,0,,http_manifest,known,403,manifest,"Client error '403 ' for url 'https://openapiproext.bnf.fr/iiif/presentation/v3/ark:/12148/bd6t5603915/manifest.json'
For more information check: https://developer.mozilla.org/en-US/docs/Web/HTTP/Status/403",2026-07-17T16:39:45.780888
humanite,bd6t560392h,,failed,0,0,,http_manifest,known,403,manifest,"Client error '403 ' for url 'https://openapiproext.bnf.fr/iiif/presentation/v3/ark:/12148/bd6t560392h/manifest.json'
For more information check: https://developer.mozilla.org/en-US/docs/Web/HTTP/Status/403",2026-07-17T16:39:46.958477
humanite,bd6t560393v,,failed,0,0,,http_manifest,known,403,manifest,"Client error '403 ' for url 'https://openapiproext.bnf.fr/iiif/presentation/v3/ark:/12148/bd6t560393v/manifest.json'
For more information check: https://developer.mozilla.org/en-US/docs/Web/HTTP/Status/403",2026-07-17T16:39:48.162740
humanite,bd6t5603946,,failed,0,0,,http_manifest,known,403,manifest,"Client error '403 ' for url 'https://openapiproext.bnf.fr/iiif/presentation/v3/ark:/12148/bd6t5603946/manifest.json'
For more information check: https://developer.mozilla.org/en-US/docs/Web/HTTP/Status/403",2026-07-17T16:39:49.361200
humanite,bd6t560395j,,failed,0,0,,http_manifest,known,403,manifest,"Client error '403 ' for url 'https://openapiproext.bnf.fr/iiif/presentation/v3/ark:/12148/bd6t560395j/manifest.json'
For more information check: https://developer.mozilla.org/en-US/docs/Web/HTTP/Status/403",2026-07-17T16:39:50.565286
humanite,bd6t560396w,,failed,0,0,,http_manifest,known,403,manifest,"Client error '403 ' for url 'https://openapiproext.bnf.fr/iiif/presentation/v3/ark:/12148/bd6t560396w/manifest.json'
For more information check: https://developer.mozilla.org/en-US/docs/Web/HTTP/Status/403",2026-07-17T16:39:51.773310
humanite,bd6t5603977,,failed,0,0,,http_manifest,known,403,manifest,"Client error '403 ' for url 'https://openapiproext.bnf.fr/iiif/presentation/v3/ark:/12148/bd6t5603977/manifest.json'
For more information check: https://developer.mozilla.org/en-US/docs/Web/HTTP/Status/403",2026-07-17T16:39:52.968432
humanite,bd6t560398k,,failed,0,0,,http_manifest,known,403,manifest,"Client error '403 ' for url 'https://openapiproext.bnf.fr/iiif/presentation/v3/ark:/12148/bd6t560398k/manifest.json'
For more information check: https://developer.mozilla.org/en-US/docs/Web/HTTP/Status/403",2026-07-17T16:39:54.168906
humanite,bd6t560399x,,failed,0,0,,http_manifest,known,403,manifest,"Client error '403 ' for url 'https://openapiproext.bnf.fr/iiif/presentation/v3/ark:/12148/bd6t560399x/manifest.json'
For more information check: https://developer.mozilla.org/en-US/docs/Web/HTTP/Status/403",2026-07-17T16:39:55.367083
humanite,bd6t5604009,,failed,0,0,,http_manifest,known,403,manifest,"Client error '403 ' for url 'https://openapiproext.bnf.fr/iiif/presentation/v3/ark:/12148/bd6t5604009/manifest.json'
For more information check: https://developer.mozilla.org/en-US/docs/Web/HTTP/Status/403",2026-07-17T16:39:56.576112
humanite,bd6t560401n,,failed,0,0,,http_manifest,known,403,manifest,"Client error '403 ' for url 'https://openapiproext.bnf.fr/iiif/presentation/v3/ark:/12148/bd6t560401n/manifest.json'
For more information check: https://developer.mozilla.org/en-US/docs/Web/HTTP/Status/403",2026-07-17T16:39:58.030384
humanite,bd6t5604020,,failed,0,0,,http_manifest,known,403,manifest,"Client error '403 ' for url 'https://openapiproext.bnf.fr/iiif/presentation/v3/ark:/12148/bd6t5604020/manifest.json'
For more information check: https://developer.mozilla.org/en-US/docs/Web/HTTP/Status/403",2026-07-17T16:39:59.042518
humanite,bd6t560403b,,failed,0,0,,http_manifest,known,403,manifest,"Client error '403 ' for url 'https://openapiproext.bnf.fr/iiif/presentation/v3/ark:/12148/bd6t560403b/manifest.json'
For more information check: https://developer.mozilla.org/en-US/docs/Web/HTTP/Status/403",2026-07-17T16:40:00.326413
humanite,bd6t560404p,,failed,0,0,,http_manifest,known,403,manifest,"Client error '403 ' for url 'https://openapiproext.bnf.fr/iiif/presentation/v3/ark:/12148/bd6t560404p/manifest.json'
For more information check: https://developer.mozilla.org/en-US/docs/Web/HTTP/Status/403",2026-07-17T16:40:01.551462
humanite,bd6t5604051,,failed,0,0,,http_manifest,known,403,manifest,"Client error '403 ' for url 'https://openapiproext.bnf.fr/iiif/presentation/v3/ark:/12148/bd6t5604051/manifest.json'
For more information check: https://developer.mozilla.org/en-US/docs/Web/HTTP/Status/403",2026-07-17T16:40:02.579673
humanite,bd6t560406c,,failed,0,0,,http_manifest,known,403,manifest,"Client error '403 ' for url 'https://openapiproext.bnf.fr/iiif/presentation/v3/ark:/12148/bd6t560406c/manifest.json'
For more information check: https://developer.mozilla.org/en-US/docs/Web/HTTP/Status/403",2026-07-17T16:40:03.953958
humanite,bd6t560407q,,failed,0,0,,http_manifest,known,403,manifest,"Client error '403 ' for url 'https://openapiproext.bnf.fr/iiif/presentation/v3/ark:/12148/bd6t560407q/manifest.json'
For more information check: https://developer.mozilla.org/en-US/docs/Web/HTTP/Status/403",2026-07-17T16:40:05.132212
humanite,bd6t5604082,,failed,0,0,,http_manifest,known,403,manifest,"Client error '403 ' for url 'https://openapiproext.bnf.fr/iiif/presentation/v3/ark:/12148/bd6t5604082/manifest.json'
For more information check: https://developer.mozilla.org/en-US/docs/Web/HTTP/Status/403",2026-07-17T16:40:06.466688
humanite,bd6t560409d,,failed,0,0,,http_manifest,known,403,manifest,"Client error '403 ' for url 'https://openapiproext.bnf.fr/iiif/presentation/v3/ark:/12148/bd6t560409d/manifest.json'
For more information check: https://developer.mozilla.org/en-US/docs/Web/HTTP/Status/403",2026-07-17T16:40:07.390605
humanite,bd6t560411z,,failed,0,0,,http_manifest,known,403,manifest,"Client error '403 ' for url 'https://openapiproext.bnf.fr/iiif/presentation/v3/ark:/12148/bd6t560411z/manifest.json'
For more information check: https://developer.mozilla.org/en-US/docs/Web/HTTP/Status/403",2026-07-17T16:40:08.589928
humanite,bd6t560410m,,failed,0,0,,http_manifest,known,403,manifest,"Client error '403 ' for url 'https://openapiproext.bnf.fr/iiif/presentation/v3/ark:/12148/bd6t560410m/manifest.json'
For more information check: https://developer.mozilla.org/en-US/docs/Web/HTTP/Status/403",2026-07-17T16:40:09.826452
humanite,bd6t5604129,,failed,0,0,,http_manifest,known,403,manifest,"Client error '403 ' for url 'https://openapiproext.bnf.fr/iiif/presentation/v3/ark:/12148/bd6t5604129/manifest.json'
For more information check: https://developer.mozilla.org/en-US/docs/Web/HTTP/Status/403",2026-07-17T16:40:11.022771
humanite,bd6t560413n,,failed,0,0,,http_manifest,known,403,manifest,"Client error '403 ' for url 'https://openapiproext.bnf.fr/iiif/presentation/v3/ark:/12148/bd6t560413n/manifest.json'
For more information check: https://developer.mozilla.org/en-US/docs/Web/HTTP/Status/403",2026-07-17T16:40:12.193851
humanite,bd6t5604140,,failed,0,0,,http_manifest,known,403,manifest,"Client error '403 ' for url 'https://openapiproext.bnf.fr/iiif/presentation/v3/ark:/12148/bd6t5604140/manifest.json'
For more information check: https://developer.mozilla.org/en-US/docs/Web/HTTP/Status/403",2026-07-17T16:40:13.392450
humanite,bd6t560415b,,failed,0,0,,http_manifest,known,403,manifest,"Client error '403 ' for url 'https://openapiproext.bnf.fr/iiif/presentation/v3/ark:/12148/bd6t560415b/manifest.json'
For more information check: https://developer.mozilla.org/en-US/docs/Web/HTTP/Status/403",2026-07-17T16:40:14.596254
humanite,bd6t560416p,,failed,0,0,,http_manifest,known,403,manifest,"Client error '403 ' for url 'https://openapiproext.bnf.fr/iiif/presentation/v3/ark:/12148/bd6t560416p/manifest.json'
For more information check: https://developer.mozilla.org/en-US/docs/Web/HTTP/Status/403",2026-07-17T16:40:15.818075
humanite,bd6t5604171,,failed,0,0,,http_manifest,known,403,manifest,"Client error '403 ' for url 'https://openapiproext.bnf.fr/iiif/presentation/v3/ark:/12148/bd6t5604171/manifest.json'
For more information check: https://developer.mozilla.org/en-US/docs/Web/HTTP/Status/403",2026-07-17T16:40:17.114915
humanite,bd6t560418c,,failed,0,0,,http_manifest,known,403,manifest,"Client error '403 ' for url 'https://openapiproext.bnf.fr/iiif/presentation/v3/ark:/12148/bd6t560418c/manifest.json'
For more information check: https://developer.mozilla.org/en-US/docs/Web/HTTP/Status/403",2026-07-17T16:40:18.416249
humanite,bd6t560419q,,failed,0,0,,http_manifest,known,403,manifest,"Client error '403 ' for url 'https://openapiproext.bnf.fr/iiif/presentation/v3/ark:/12148/bd6t560419q/manifest.json'
For more information check: https://developer.mozilla.org/en-US/docs/Web/HTTP/Status/403",2026-07-17T16:40:19.478005
humanite,bd6t560420x,,failed,0,0,,http_manifest,known,403,manifest,"Client error '403 ' for url 'https://openapiproext.bnf.fr/iiif/presentation/v3/ark:/12148/bd6t560420x/manifest.json'
For more information check: https://developer.mozilla.org/en-US/docs/Web/HTTP/Status/403",2026-07-17T16:40:20.609175
humanite,bd6t5604218,,failed,0,0,,http_manifest,known,403,manifest,"Client error '403 ' for url 'https://openapiproext.bnf.fr/iiif/presentation/v3/ark:/12148/bd6t5604218/manifest.json'
For more information check: https://developer.mozilla.org/en-US/docs/Web/HTTP/Status/403",2026-07-17T16:40:21.809857
humanite,bd6t560422m,,failed,0,0,,http_manifest,known,403,manifest,"Client error '403 ' for url 'https://openapiproext.bnf.fr/iiif/presentation/v3/ark:/12148/bd6t560422m/manifest.json'
For more information check: https://developer.mozilla.org/en-US/docs/Web/HTTP/Status/403",2026-07-17T16:40:22.999686
humanite,bd6t5604249,,failed,0,0,,http_manifest,known,403,manifest,"Client error '403 ' for url 'https://openapiproext.bnf.fr/iiif/presentation/v3/ark:/12148/bd6t5604249/manifest.json'
For more information check: https://developer.mozilla.org/en-US/docs/Web/HTTP/Status/403",2026-07-17T16:40:24.204999
humanite,bd6t560423z,,failed,0,0,,http_manifest,known,403,manifest,"Client error '403 ' for url 'https://openapiproext.bnf.fr/iiif/presentation/v3/ark:/12148/bd6t560423z/manifest.json'
For more information check: https://developer.mozilla.org/en-US/docs/Web/HTTP/Status/403",2026-07-17T16:40:25.402510
humanite,bd6t560425n,,failed,0,0,,http_manifest,known,403,manifest,"Client error '403 ' for url 'https://openapiproext.bnf.fr/iiif/presentation/v3/ark:/12148/bd6t560425n/manifest.json'
For more information check: https://developer.mozilla.org/en-US/docs/Web/HTTP/Status/403",2026-07-17T16:40:26.607877
humanite,bd6t5604260,,failed,0,0,,http_manifest,known,403,manifest,"Client error '403 ' for url 'https://openapiproext.bnf.fr/iiif/presentation/v3/ark:/12148/bd6t5604260/manifest.json'
For more information check: https://developer.mozilla.org/en-US/docs/Web/HTTP/Status/403",2026-07-17T16:40:27.820130
humanite,bd6t560427b,,failed,0,0,,http_manifest,known,403,manifest,"Client error '403 ' for url 'https://openapiproext.bnf.fr/iiif/presentation/v3/ark:/12148/bd6t560427b/manifest.json'
For more information check: https://developer.mozilla.org/en-US/docs/Web/HTTP/Status/403",2026-07-17T16:40:29.011011
humanite,bd6t560428p,,failed,0,0,,http_manifest,known,403,manifest,"Client error '403 ' for url 'https://openapiproext.bnf.fr/iiif/presentation/v3/ark:/12148/bd6t560428p/manifest.json'
For more information check: https://developer.mozilla.org/en-US/docs/Web/HTTP/Status/403",2026-07-17T16:40:30.217771
humanite,bd6t5604291,,failed,0,0,,http_manifest,known,403,manifest,"Client error '403 ' for url 'https://openapiproext.bnf.fr/iiif/presentation/v3/ark:/12148/bd6t5604291/manifest.json'
For more information check: https://developer.mozilla.org/en-US/docs/Web/HTTP/Status/403",2026-07-17T16:40:31.411307
humanite,bd6t5604307,,failed,0,0,,http_manifest,known,403,manifest,"Client error '403 ' for url 'https://openapiproext.bnf.fr/iiif/presentation/v3/ark:/12148/bd6t5604307/manifest.json'
For more information check: https://developer.mozilla.org/en-US/docs/Web/HTTP/Status/403",2026-07-17T16:40:32.612310
humanite,bd6t560431k,,failed,0,0,,http_manifest,known,403,manifest,"Client error '403 ' for url 'https://openapiproext.bnf.fr/iiif/presentation/v3/ark:/12148/bd6t560431k/manifest.json'
For more information check: https://developer.mozilla.org/en-US/docs/Web/HTTP/Status/403",2026-07-17T16:40:33.815533
humanite,bd6t560432x,,failed,0,0,,http_manifest,known,403,manifest,"Client error '403 ' for url 'https://openapiproext.bnf.fr/iiif/presentation/v3/ark:/12148/bd6t560432x/manifest.json'
For more information check: https://developer.mozilla.org/en-US/docs/Web/HTTP/Status/403",2026-07-17T16:40:35.017523
humanite,bd6t5602640,,failed,0,0,,http_manifest,known,403,manifest,"Client error '403 ' for url 'https://openapiproext.bnf.fr/iiif/presentation/v3/ark:/12148/bd6t5602640/manifest.json'
For more information check: https://developer.mozilla.org/en-US/docs/Web/HTTP/Status/403",2026-07-17T16:40:36.227178
humanite,bd6t560263n,,failed,0,0,,http_manifest,known,403,manifest,"Client error '403 ' for url 'https://openapiproext.bnf.fr/iiif/presentation/v3/ark:/12148/bd6t560263n/manifest.json'
For more information check: https://developer.mozilla.org/en-US/docs/Web/HTTP/Status/403",2026-07-17T16:40:37.424562
humanite,bd6t560265b,,failed,0,0,,http_manifest,known,403,manifest,"Client error '403 ' for url 'https://openapiproext.bnf.fr/iiif/presentation/v3/ark:/12148/bd6t560265b/manifest.json'
For more information check: https://developer.mozilla.org/en-US/docs/Web/HTTP/Status/403",2026-07-17T16:40:38.622330
humanite,bd6t560266p,,failed,0,0,,http_manifest,known,403,manifest,"Client error '403 ' for url 'https://openapiproext.bnf.fr/iiif/presentation/v3/ark:/12148/bd6t560266p/manifest.json'
For more information check: https://developer.mozilla.org/en-US/docs/Web/HTTP/Status/403",2026-07-17T16:40:39.834714
humanite,bd6t5602671,,failed,0,0,,http_manifest,known,403,manifest,"Client error '403 ' for url 'https://openapiproext.bnf.fr/iiif/presentation/v3/ark:/12148/bd6t5602671/manifest.json'
For more information check: https://developer.mozilla.org/en-US/docs/Web/HTTP/Status/403",2026-07-17T16:40:41.025195
humanite,bd6t560268c,,failed,0,0,,http_manifest,known,403,manifest,"Client error '403 ' for url 'https://openapiproext.bnf.fr/iiif/presentation/v3/ark:/12148/bd6t560268c/manifest.json'
For more information check: https://developer.mozilla.org/en-US/docs/Web/HTTP/Status/403",2026-07-17T16:40:42.225048
humanite,bd6t560269q,,failed,0,0,,http_manifest,known,403,manifest,"Client error '403 ' for url 'https://openapiproext.bnf.fr/iiif/presentation/v3/ark:/12148/bd6t560269q/manifest.json'
For more information check: https://developer.mozilla.org/en-US/docs/Web/HTTP/Status/403",2026-07-17T16:40:43.428637
humanite,bd6t560270x,,failed,0,0,,http_manifest,known,403,manifest,"Client error '403 ' for url 'https://openapiproext.bnf.fr/iiif/presentation/v3/ark:/12148/bd6t560270x/manifest.json'
For more information check: https://developer.mozilla.org/en-US/docs/Web/HTTP/Status/403",2026-07-17T16:40:44.628839
humanite,bd6t560272m,,failed,0,0,,http_manifest,known,403,manifest,"Client error '403 ' for url 'https://openapiproext.bnf.fr/iiif/presentation/v3/ark:/12148/bd6t560272m/manifest.json'
For more information check: https://developer.mozilla.org/en-US/docs/Web/HTTP/Status/403",2026-07-17T16:40:45.830081
humanite,bd6t5602718,,failed,0,0,,http_manifest,known,403,manifest,"Client error '403 ' for url 'https://openapiproext.bnf.fr/iiif/presentation/v3/ark:/12148/bd6t5602718/manifest.json'
For more information check: https://developer.mozilla.org/en-US/docs/Web/HTTP/Status/403",2026-07-17T16:40:47.032677
humanite,bd6t560273z,,failed,0,0,,http_manifest,known,403,manifest,"Client error '403 ' for url 'https://openapiproext.bnf.fr/iiif/presentation/v3/ark:/12148/bd6t560273z/manifest.json'
For more information check: https://developer.mozilla.org/en-US/docs/Web/HTTP/Status/403",2026-07-17T16:40:48.244241
humanite,bd6t5602749,,failed,0,0,,http_manifest,known,403,manifest,"Client error '403 ' for url 'https://openapiproext.bnf.fr/iiif/presentation/v3/ark:/12148/bd6t5602749/manifest.json'
For more information check: https://developer.mozilla.org/en-US/docs/Web/HTTP/Status/403",2026-07-17T16:40:49.436519
humanite,bd6t560275n,,failed,0,0,,http_manifest,known,403,manifest,"Client error '403 ' for url 'https://openapiproext.bnf.fr/iiif/presentation/v3/ark:/12148/bd6t560275n/manifest.json'
For more information check: https://developer.mozilla.org/en-US/docs/Web/HTTP/Status/403",2026-07-17T16:40:50.638151
humanite,bd6t560277b,,failed,0,0,,http_manifest,known,403,manifest,"Client error '403 ' for url 'https://openapiproext.bnf.fr/iiif/presentation/v3/ark:/12148/bd6t560277b/manifest.json'
For more information check: https://developer.mozilla.org/en-US/docs/Web/HTTP/Status/403",2026-07-17T16:40:51.855750
humanite,bd6t5602760,,failed,0,0,,http_manifest,known,403,manifest,"Client error '403 ' for url 'https://openapiproext.bnf.fr/iiif/presentation/v3/ark:/12148/bd6t5602760/manifest.json'
For more information check: https://developer.mozilla.org/en-US/docs/Web/HTTP/Status/403",2026-07-17T16:40:53.045725
humanite,bd6t560278p,,failed,0,0,,http_manifest,known,403,manifest,"Client error '403 ' for url 'https://openapiproext.bnf.fr/iiif/presentation/v3/ark:/12148/bd6t560278p/manifest.json'
For more information check: https://developer.mozilla.org/en-US/docs/Web/HTTP/Status/403",2026-07-17T16:40:54.247099
humanite,bd6t5602807,,failed,0,0,,http_manifest,known,403,manifest,"Client error '403 ' for url 'https://openapiproext.bnf.fr/iiif/presentation/v3/ark:/12148/bd6t5602807/manifest.json'
For more information check: https://developer.mozilla.org/en-US/docs/Web/HTTP/Status/403",2026-07-17T16:40:55.444833
humanite,bd6t5602791,,failed,0,0,,http_manifest,known,403,manifest,"Client error '403 ' for url 'https://openapiproext.bnf.fr/iiif/presentation/v3/ark:/12148/bd6t5602791/manifest.json'
For more information check: https://developer.mozilla.org/en-US/docs/Web/HTTP/Status/403",2026-07-17T16:40:56.648318
humanite,bd6t560282x,,failed,0,0,,http_manifest,known,403,manifest,"Client error '403 ' for url 'https://openapiproext.bnf.fr/iiif/presentation/v3/ark:/12148/bd6t560282x/manifest.json'
For more information check: https://developer.mozilla.org/en-US/docs/Web/HTTP/Status/403",2026-07-17T16:40:57.989746
humanite,bd6t560281k,,failed,0,0,,http_manifest,known,403,manifest,"Client error '403 ' for url 'https://openapiproext.bnf.fr/iiif/presentation/v3/ark:/12148/bd6t560281k/manifest.json'
For more information check: https://developer.mozilla.org/en-US/docs/Web/HTTP/Status/403",2026-07-17T16:40:59.060192
humanite,bd6t5602838,,failed,0,0,,http_manifest,known,403,manifest,"Client error '403 ' for url 'https://openapiproext.bnf.fr/iiif/presentation/v3/ark:/12148/bd6t5602838/manifest.json'
For more information check: https://developer.mozilla.org/en-US/docs/Web/HTTP/Status/403",2026-07-17T16:41:00.350107
humanite,bd6t560284m,,failed,0,0,,http_manifest,known,403,manifest,"Client error '403 ' for url 'https://openapiproext.bnf.fr/iiif/presentation/v3/ark:/12148/bd6t560284m/manifest.json'
For more information check: https://developer.mozilla.org/en-US/docs/Web/HTTP/Status/403",2026-07-17T16:41:01.571731
humanite,bd6t560285z,,failed,0,0,,http_manifest,known,403,manifest,"Client error '403 ' for url 'https://openapiproext.bnf.fr/iiif/presentation/v3/ark:/12148/bd6t560285z/manifest.json'
For more information check: https://developer.mozilla.org/en-US/docs/Web/HTTP/Status/403",2026-07-17T16:41:02.662023
humanite,bd6t5602869,,failed,0,0,,http_manifest,known,403,manifest,"Client error '403 ' for url 'https://openapiproext.bnf.fr/iiif/presentation/v3/ark:/12148/bd6t5602869/manifest.json'
For more information check: https://developer.mozilla.org/en-US/docs/Web/HTTP/Status/403",2026-07-17T16:41:04.114704
humanite,bd6t560287n,,failed,0,0,,http_manifest,known,403,manifest,"Client error '403 ' for url 'https://openapiproext.bnf.fr/iiif/presentation/v3/ark:/12148/bd6t560287n/manifest.json'
For more information check: https://developer.mozilla.org/en-US/docs/Web/HTTP/Status/403",2026-07-17T16:41:05.124870
humanite,bd6t5602880,,failed,0,0,,http_manifest,known,403,manifest,"Client error '403 ' for url 'https://openapiproext.bnf.fr/iiif/presentation/v3/ark:/12148/bd6t5602880/manifest.json'
For more information check: https://developer.mozilla.org/en-US/docs/Web/HTTP/Status/403",2026-07-17T16:41:06.273874
humanite,bd6t560289b,,failed,0,0,,http_manifest,known,403,manifest,"Client error '403 ' for url 'https://openapiproext.bnf.fr/iiif/presentation/v3/ark:/12148/bd6t560289b/manifest.json'
For more information check: https://developer.mozilla.org/en-US/docs/Web/HTTP/Status/403",2026-07-17T16:41:07.471911
humanite,bd6t560290j,,failed,0,0,,http_manifest,known,403,manifest,"Client error '403 ' for url 'https://openapiproext.bnf.fr/iiif/presentation/v3/ark:/12148/bd6t560290j/manifest.json'
For more information check: https://developer.mozilla.org/en-US/docs/Web/HTTP/Status/403",2026-07-17T16:41:08.664677
humanite,bd6t560291w,,failed,0,0,,http_manifest,known,403,manifest,"Client error '403 ' for url 'https://openapiproext.bnf.fr/iiif/presentation/v3/ark:/12148/bd6t560291w/manifest.json'
For more information check: https://developer.mozilla.org/en-US/docs/Web/HTTP/Status/403",2026-07-17T16:41:09.886741
humanite,bd6t5602927,,failed,0,0,,http_manifest,known,403,manifest,"Client error '403 ' for url 'https://openapiproext.bnf.fr/iiif/presentation/v3/ark:/12148/bd6t5602927/manifest.json'
For more information check: https://developer.mozilla.org/en-US/docs/Web/HTTP/Status/403",2026-07-17T16:41:11.266589
humanite,bd6t560293k,,failed,0,0,,http_manifest,known,403,manifest,"Client error '403 ' for url 'https://openapiproext.bnf.fr/iiif/presentation/v3/ark:/12148/bd6t560293k/manifest.json'
For more information check: https://developer.mozilla.org/en-US/docs/Web/HTTP/Status/403",2026-07-17T16:41:12.270744
humanite,bd6t560294x,,failed,0,0,,http_manifest,known,403,manifest,"Client error '403 ' for url 'https://openapiproext.bnf.fr/iiif/presentation/v3/ark:/12148/bd6t560294x/manifest.json'
For more information check: https://developer.mozilla.org/en-US/docs/Web/HTTP/Status/403",2026-07-17T16:41:13.474750
humanite,bd6t5602958,,failed,0,0,,http_manifest,known,403,manifest,"Client error '403 ' for url 'https://openapiproext.bnf.fr/iiif/presentation/v3/ark:/12148/bd6t5602958/manifest.json'
For more information check: https://developer.mozilla.org/en-US/docs/Web/HTTP/Status/403",2026-07-17T16:41:14.747462
humanite,bd6t560296m,,failed,0,0,,http_manifest,known,403,manifest,"Client error '403 ' for url 'https://openapiproext.bnf.fr/iiif/presentation/v3/ark:/12148/bd6t560296m/manifest.json'
For more information check: https://developer.mozilla.org/en-US/docs/Web/HTTP/Status/403",2026-07-17T16:41:15.874438
humanite,bd6t560297z,,failed,0,0,,http_manifest,known,403,manifest,"Client error '403 ' for url 'https://openapiproext.bnf.fr/iiif/presentation/v3/ark:/12148/bd6t560297z/manifest.json'
For more information check: https://developer.mozilla.org/en-US/docs/Web/HTTP/Status/403",2026-07-17T16:41:17.209332
humanite,bd6t5602989,,failed,0,0,,http_manifest,known,403,manifest,"Client error '403 ' for url 'https://openapiproext.bnf.fr/iiif/presentation/v3/ark:/12148/bd6t5602989/manifest.json'
For more information check: https://developer.mozilla.org/en-US/docs/Web/HTTP/Status/403",2026-07-17T16:41:18.593530
humanite,bd6t560299n,,failed,0,0,,http_manifest,known,403,manifest,"Client error '403 ' for url 'https://openapiproext.bnf.fr/iiif/presentation/v3/ark:/12148/bd6t560299n/manifest.json'
For more information check: https://developer.mozilla.org/en-US/docs/Web/HTTP/Status/403",2026-07-17T16:41:19.560301
humanite,bd6t5603001,,failed,0,0,,http_manifest,known,403,manifest,"Client error '403 ' for url 'https://openapiproext.bnf.fr/iiif/presentation/v3/ark:/12148/bd6t5603001/manifest.json'
For more information check: https://developer.mozilla.org/en-US/docs/Web/HTTP/Status/403",2026-07-17T16:41:20.700153
humanite,bd6t560301c,,failed,0,0,,http_manifest,known,403,manifest,"Client error '403 ' for url 'https://openapiproext.bnf.fr/iiif/presentation/v3/ark:/12148/bd6t560301c/manifest.json'
For more information check: https://developer.mozilla.org/en-US/docs/Web/HTTP/Status/403",2026-07-17T16:41:21.884129
humanite,bd6t560302q,,failed,0,0,,http_manifest,known,403,manifest,"Client error '403 ' for url 'https://openapiproext.bnf.fr/iiif/presentation/v3/ark:/12148/bd6t560302q/manifest.json'
For more information check: https://developer.mozilla.org/en-US/docs/Web/HTTP/Status/403",2026-07-17T16:41:23.082796
humanite,bd6t5603032,,failed,0,0,,http_manifest,known,403,manifest,"Client error '403 ' for url 'https://openapiproext.bnf.fr/iiif/presentation/v3/ark:/12148/bd6t5603032/manifest.json'
For more information check: https://developer.mozilla.org/en-US/docs/Web/HTTP/Status/403",2026-07-17T16:41:24.284231
humanite,bd6t560304d,,failed,0,0,,http_manifest,known,403,manifest,"Client error '403 ' for url 'https://openapiproext.bnf.fr/iiif/presentation/v3/ark:/12148/bd6t560304d/manifest.json'
For more information check: https://developer.mozilla.org/en-US/docs/Web/HTTP/Status/403",2026-07-17T16:41:25.485369
humanite,bd6t560305r,,failed,0,0,,http_manifest,known,403,manifest,"Client error '403 ' for url 'https://openapiproext.bnf.fr/iiif/presentation/v3/ark:/12148/bd6t560305r/manifest.json'
For more information check: https://developer.mozilla.org/en-US/docs/Web/HTTP/Status/403",2026-07-17T16:41:26.689078
humanite,bd6t5603063,,failed,0,0,,http_manifest,known,403,manifest,"Client error '403 ' for url 'https://openapiproext.bnf.fr/iiif/presentation/v3/ark:/12148/bd6t5603063/manifest.json'
For more information check: https://developer.mozilla.org/en-US/docs/Web/HTTP/Status/403",2026-07-17T16:41:27.887673
humanite,bd6t560307f,,failed,0,0,,http_manifest,known,403,manifest,"Client error '403 ' for url 'https://openapiproext.bnf.fr/iiif/presentation/v3/ark:/12148/bd6t560307f/manifest.json'
For more information check: https://developer.mozilla.org/en-US/docs/Web/HTTP/Status/403",2026-07-17T16:41:29.090959
humanite,bd6t560308s,,failed,0,0,,http_manifest,known,403,manifest,"Client error '403 ' for url 'https://openapiproext.bnf.fr/iiif/presentation/v3/ark:/12148/bd6t560308s/manifest.json'
For more information check: https://developer.mozilla.org/en-US/docs/Web/HTTP/Status/403",2026-07-17T16:41:30.292087
humanite,bd6t5603094,,failed,0,0,,http_manifest,known,403,manifest,"Client error '403 ' for url 'https://openapiproext.bnf.fr/iiif/presentation/v3/ark:/12148/bd6t5603094/manifest.json'
For more information check: https://developer.mozilla.org/en-US/docs/Web/HTTP/Status/403",2026-07-17T16:41:31.495022
humanite,bd6t560310b,,failed,0,0,,http_manifest,known,403,manifest,"Client error '403 ' for url 'https://openapiproext.bnf.fr/iiif/presentation/v3/ark:/12148/bd6t560310b/manifest.json'
For more information check: https://developer.mozilla.org/en-US/docs/Web/HTTP/Status/403",2026-07-17T16:41:32.697917
humanite,bd6t560311p,,failed,0,0,,http_manifest,known,403,manifest,"Client error '403 ' for url 'https://openapiproext.bnf.fr/iiif/presentation/v3/ark:/12148/bd6t560311p/manifest.json'
For more information check: https://developer.mozilla.org/en-US/docs/Web/HTTP/Status/403",2026-07-17T16:41:33.896502
humanite,bd6t5603121,,failed,0,0,,http_manifest,known,403,manifest,"Client error '403 ' for url 'https://openapiproext.bnf.fr/iiif/presentation/v3/ark:/12148/bd6t5603121/manifest.json'
For more information check: https://developer.mozilla.org/en-US/docs/Web/HTTP/Status/403",2026-07-17T16:41:35.098823
humanite,bd6t560313c,,failed,0,0,,http_manifest,known,403,manifest,"Client error '403 ' for url 'https://openapiproext.bnf.fr/iiif/presentation/v3/ark:/12148/bd6t560313c/manifest.json'
For more information check: https://developer.mozilla.org/en-US/docs/Web/HTTP/Status/403",2026-07-17T16:41:36.304872
humanite,bd6t560314q,,failed,0,0,,http_manifest,known,403,manifest,"Client error '403 ' for url 'https://openapiproext.bnf.fr/iiif/presentation/v3/ark:/12148/bd6t560314q/manifest.json'
For more information check: https://developer.mozilla.org/en-US/docs/Web/HTTP/Status/403",2026-07-17T16:41:37.502568
humanite,bd6t5603152,,failed,0,0,,http_manifest,known,403,manifest,"Client error '403 ' for url 'https://openapiproext.bnf.fr/iiif/presentation/v3/ark:/12148/bd6t5603152/manifest.json'
For more information check: https://developer.mozilla.org/en-US/docs/Web/HTTP/Status/403",2026-07-17T16:41:38.725528
humanite,bd6t560316d,,failed,0,0,,http_manifest,known,403,manifest,"Client error '403 ' for url 'https://openapiproext.bnf.fr/iiif/presentation/v3/ark:/12148/bd6t560316d/manifest.json'
For more information check: https://developer.mozilla.org/en-US/docs/Web/HTTP/Status/403",2026-07-17T16:41:39.911250
humanite,bd6t560317r,,failed,0,0,,http_manifest,known,403,manifest,"Client error '403 ' for url 'https://openapiproext.bnf.fr/iiif/presentation/v3/ark:/12148/bd6t560317r/manifest.json'
For more information check: https://developer.mozilla.org/en-US/docs/Web/HTTP/Status/403",2026-07-17T16:41:41.117154
humanite,bd6t5603183,,failed,0,0,,http_manifest,known,403,manifest,"Client error '403 ' for url 'https://openapiproext.bnf.fr/iiif/presentation/v3/ark:/12148/bd6t5603183/manifest.json'
For more information check: https://developer.mozilla.org/en-US/docs/Web/HTTP/Status/403",2026-07-17T16:41:42.321539
humanite,bd6t560319f,,failed,0,0,,http_manifest,known,403,manifest,"Client error '403 ' for url 'https://openapiproext.bnf.fr/iiif/presentation/v3/ark:/12148/bd6t560319f/manifest.json'
For more information check: https://developer.mozilla.org/en-US/docs/Web/HTTP/Status/403",2026-07-17T16:41:43.514364
humanite,bd6t560320n,,failed,0,0,,http_manifest,known,403,manifest,"Client error '403 ' for url 'https://openapiproext.bnf.fr/iiif/presentation/v3/ark:/12148/bd6t560320n/manifest.json'
For more information check: https://developer.mozilla.org/en-US/docs/Web/HTTP/Status/403",2026-07-17T16:41:44.719704
humanite,bd6t5603210,,failed,0,0,,http_manifest,known,403,manifest,"Client error '403 ' for url 'https://openapiproext.bnf.fr/iiif/presentation/v3/ark:/12148/bd6t5603210/manifest.json'
For more information check: https://developer.mozilla.org/en-US/docs/Web/HTTP/Status/403",2026-07-17T16:41:45.918568
humanite,bd6t560322b,,failed,0,0,,http_manifest,known,403,manifest,"Client error '403 ' for url 'https://openapiproext.bnf.fr/iiif/presentation/v3/ark:/12148/bd6t560322b/manifest.json'
For more information check: https://developer.mozilla.org/en-US/docs/Web/HTTP/Status/403",2026-07-17T16:41:47.119720
humanite,bd6t560323p,,failed,0,0,,http_manifest,known,403,manifest,"Client error '403 ' for url 'https://openapiproext.bnf.fr/iiif/presentation/v3/ark:/12148/bd6t560323p/manifest.json'
For more information check: https://developer.mozilla.org/en-US/docs/Web/HTTP/Status/403",2026-07-17T16:41:48.323314
humanite,bd6t5603241,,failed,0,0,,http_manifest,known,403,manifest,"Client error '403 ' for url 'https://openapiproext.bnf.fr/iiif/presentation/v3/ark:/12148/bd6t5603241/manifest.json'
For more information check: https://developer.mozilla.org/en-US/docs/Web/HTTP/Status/403",2026-07-17T16:41:49.532697
humanite,bd6t560325c,,failed,0,0,,http_manifest,known,403,manifest,"Client error '403 ' for url 'https://openapiproext.bnf.fr/iiif/presentation/v3/ark:/12148/bd6t560325c/manifest.json'
For more information check: https://developer.mozilla.org/en-US/docs/Web/HTTP/Status/403",2026-07-17T16:41:50.752102
humanite,bd6t560326q,,failed,0,0,,http_manifest,known,403,manifest,"Client error '403 ' for url 'https://openapiproext.bnf.fr/iiif/presentation/v3/ark:/12148/bd6t560326q/manifest.json'
For more information check: https://developer.mozilla.org/en-US/docs/Web/HTTP/Status/403",2026-07-17T16:41:51.926861
humanite,bd6t5603272,,failed,0,0,,http_manifest,known,403,manifest,"Client error '403 ' for url 'https://openapiproext.bnf.fr/iiif/presentation/v3/ark:/12148/bd6t5603272/manifest.json'
For more information check: https://developer.mozilla.org/en-US/docs/Web/HTTP/Status/403",2026-07-17T16:41:53.132823
humanite,bd6t560328d,,failed,0,0,,http_manifest,known,403,manifest,"Client error '403 ' for url 'https://openapiproext.bnf.fr/iiif/presentation/v3/ark:/12148/bd6t560328d/manifest.json'
For more information check: https://developer.mozilla.org/en-US/docs/Web/HTTP/Status/403",2026-07-17T16:41:54.329483
humanite,bd6t560329r,,failed,0,0,,http_manifest,known,403,manifest,"Client error '403 ' for url 'https://openapiproext.bnf.fr/iiif/presentation/v3/ark:/12148/bd6t560329r/manifest.json'
For more information check: https://developer.mozilla.org/en-US/docs/Web/HTTP/Status/403",2026-07-17T16:41:55.535993
humanite,bd6t560330z,,failed,0,0,,http_manifest,known,403,manifest,"Client error '403 ' for url 'https://openapiproext.bnf.fr/iiif/presentation/v3/ark:/12148/bd6t560330z/manifest.json'
For more information check: https://developer.mozilla.org/en-US/docs/Web/HTTP/Status/403",2026-07-17T16:41:56.744624
humanite,bd6t5603319,,failed,0,0,,http_manifest,known,403,manifest,"Client error '403 ' for url 'https://openapiproext.bnf.fr/iiif/presentation/v3/ark:/12148/bd6t5603319/manifest.json'
For more information check: https://developer.mozilla.org/en-US/docs/Web/HTTP/Status/403",2026-07-17T16:41:58.054690
humanite,bd6t560332n,,failed,0,0,,http_manifest,known,403,manifest,"Client error '403 ' for url 'https://openapiproext.bnf.fr/iiif/presentation/v3/ark:/12148/bd6t560332n/manifest.json'
For more information check: https://developer.mozilla.org/en-US/docs/Web/HTTP/Status/403",2026-07-17T16:41:59.309332
humanite,bd6t5603330,,failed,0,0,,http_manifest,known,403,manifest,"Client error '403 ' for url 'https://openapiproext.bnf.fr/iiif/presentation/v3/ark:/12148/bd6t5603330/manifest.json'
For more information check: https://developer.mozilla.org/en-US/docs/Web/HTTP/Status/403",2026-07-17T16:42:00.340432
humanite,bd6t560334b,,failed,0,0,,http_manifest,known,403,manifest,"Client error '403 ' for url 'https://openapiproext.bnf.fr/iiif/presentation/v3/ark:/12148/bd6t560334b/manifest.json'
For more information check: https://developer.mozilla.org/en-US/docs/Web/HTTP/Status/403",2026-07-17T16:42:01.674035
humanite,bd6t560335p,,failed,0,0,,http_manifest,known,403,manifest,"Client error '403 ' for url 'https://openapiproext.bnf.fr/iiif/presentation/v3/ark:/12148/bd6t560335p/manifest.json'
For more information check: https://developer.mozilla.org/en-US/docs/Web/HTTP/Status/403",2026-07-17T16:42:02.755958
humanite,bd6t5603361,,failed,0,0,,http_manifest,known,403,manifest,"Client error '403 ' for url 'https://openapiproext.bnf.fr/iiif/presentation/v3/ark:/12148/bd6t5603361/manifest.json'
For more information check: https://developer.mozilla.org/en-US/docs/Web/HTTP/Status/403",2026-07-17T16:42:04.106942
humanite,bd6t560337c,,failed,0,0,,http_manifest,known,403,manifest,"Client error '403 ' for url 'https://openapiproext.bnf.fr/iiif/presentation/v3/ark:/12148/bd6t560337c/manifest.json'
For more information check: https://developer.mozilla.org/en-US/docs/Web/HTTP/Status/403",2026-07-17T16:42:05.322749
humanite,bd6t560338q,,failed,0,0,,http_manifest,known,403,manifest,"Client error '403 ' for url 'https://openapiproext.bnf.fr/iiif/presentation/v3/ark:/12148/bd6t560338q/manifest.json'
For more information check: https://developer.mozilla.org/en-US/docs/Web/HTTP/Status/403",2026-07-17T16:42:06.556509
humanite,bd6t5603392,,failed,0,0,,http_manifest,known,403,manifest,"Client error '403 ' for url 'https://openapiproext.bnf.fr/iiif/presentation/v3/ark:/12148/bd6t5603392/manifest.json'
For more information check: https://developer.mozilla.org/en-US/docs/Web/HTTP/Status/403",2026-07-17T16:42:07.551332
humanite,bd6t5603408,,failed,0,0,,http_manifest,known,403,manifest,"Client error '403 ' for url 'https://openapiproext.bnf.fr/iiif/presentation/v3/ark:/12148/bd6t5603408/manifest.json'
For more information check: https://developer.mozilla.org/en-US/docs/Web/HTTP/Status/403",2026-07-17T16:42:08.762682
humanite,bd6t560341m,,failed,0,0,,http_manifest,known,403,manifest,"Client error '403 ' for url 'https://openapiproext.bnf.fr/iiif/presentation/v3/ark:/12148/bd6t560341m/manifest.json'
For more information check: https://developer.mozilla.org/en-US/docs/Web/HTTP/Status/403",2026-07-17T16:42:10.088865
humanite,bd6t560342z,,failed,0,0,,http_manifest,known,403,manifest,"Client error '403 ' for url 'https://openapiproext.bnf.fr/iiif/presentation/v3/ark:/12148/bd6t560342z/manifest.json'
For more information check: https://developer.mozilla.org/en-US/docs/Web/HTTP/Status/403",2026-07-17T16:42:11.184861
humanite,bd6t5603439,,failed,0,0,,http_manifest,known,403,manifest,"Client error '403 ' for url 'https://openapiproext.bnf.fr/iiif/presentation/v3/ark:/12148/bd6t5603439/manifest.json'
For more information check: https://developer.mozilla.org/en-US/docs/Web/HTTP/Status/403",2026-07-17T16:42:12.359447
humanite,bd6t560344n,,failed,0,0,,http_manifest,known,403,manifest,"Client error '403 ' for url 'https://openapiproext.bnf.fr/iiif/presentation/v3/ark:/12148/bd6t560344n/manifest.json'
For more information check: https://developer.mozilla.org/en-US/docs/Web/HTTP/Status/403",2026-07-17T16:42:13.573845
humanite,bd6t5603450,,failed,0,0,,http_manifest,known,403,manifest,"Client error '403 ' for url 'https://openapiproext.bnf.fr/iiif/presentation/v3/ark:/12148/bd6t5603450/manifest.json'
For more information check: https://developer.mozilla.org/en-US/docs/Web/HTTP/Status/403",2026-07-17T16:42:14.758919
humanite,bd6t560346b,,failed,0,0,,http_manifest,known,403,manifest,"Client error '403 ' for url 'https://openapiproext.bnf.fr/iiif/presentation/v3/ark:/12148/bd6t560346b/manifest.json'
For more information check: https://developer.mozilla.org/en-US/docs/Web/HTTP/Status/403",2026-07-17T16:42:15.961951
humanite,bd6t560347p,,failed,0,0,,http_manifest,known,403,manifest,"Client error '403 ' for url 'https://openapiproext.bnf.fr/iiif/presentation/v3/ark:/12148/bd6t560347p/manifest.json'
For more information check: https://developer.mozilla.org/en-US/docs/Web/HTTP/Status/403",2026-07-17T16:42:17.209612
humanite,bd6t5603481,,failed,0,0,,http_manifest,known,403,manifest,"Client error '403 ' for url 'https://openapiproext.bnf.fr/iiif/presentation/v3/ark:/12148/bd6t5603481/manifest.json'
For more information check: https://developer.mozilla.org/en-US/docs/Web/HTTP/Status/403",2026-07-17T16:42:18.455251
humanite,bd6t5604338,,failed,0,0,,http_manifest,known,403,manifest,"Client error '403 ' for url 'https://openapiproext.bnf.fr/iiif/presentation/v3/ark:/12148/bd6t5604338/manifest.json'
For more information check: https://developer.mozilla.org/en-US/docs/Web/HTTP/Status/403",2026-07-17T16:42:19.714756
humanite,bd6t560434m,,failed,0,0,,http_manifest,known,403,manifest,"Client error '403 ' for url 'https://openapiproext.bnf.fr/iiif/presentation/v3/ark:/12148/bd6t560434m/manifest.json'
For more information check: https://developer.mozilla.org/en-US/docs/Web/HTTP/Status/403",2026-07-17T16:42:20.782816
humanite,bd6t560435z,,failed,0,0,,http_manifest,known,403,manifest,"Client error '403 ' for url 'https://openapiproext.bnf.fr/iiif/presentation/v3/ark:/12148/bd6t560435z/manifest.json'
For more information check: https://developer.mozilla.org/en-US/docs/Web/HTTP/Status/403",2026-07-17T16:42:22.024323
humanite,bd6t5604369,,failed,0,0,,http_manifest,known,403,manifest,"Client error '403 ' for url 'https://openapiproext.bnf.fr/iiif/presentation/v3/ark:/12148/bd6t5604369/manifest.json'
For more information check: https://developer.mozilla.org/en-US/docs/Web/HTTP/Status/403",2026-07-17T16:42:23.171026
humanite,bd6t560437n,,failed,0,0,,http_manifest,known,403,manifest,"Client error '403 ' for url 'https://openapiproext.bnf.fr/iiif/presentation/v3/ark:/12148/bd6t560437n/manifest.json'
For more information check: https://developer.mozilla.org/en-US/docs/Web/HTTP/Status/403",2026-07-17T16:42:24.373265
humanite,bd6t5604380,,failed,0,0,,http_manifest,known,403,manifest,"Client error '403 ' for url 'https://openapiproext.bnf.fr/iiif/presentation/v3/ark:/12148/bd6t5604380/manifest.json'
For more information check: https://developer.mozilla.org/en-US/docs/Web/HTTP/Status/403",2026-07-17T16:42:25.576260
humanite,bd6t560439b,,failed,0,0,,http_manifest,known,403,manifest,"Client error '403 ' for url 'https://openapiproext.bnf.fr/iiif/presentation/v3/ark:/12148/bd6t560439b/manifest.json'
For more information check: https://developer.mozilla.org/en-US/docs/Web/HTTP/Status/403",2026-07-17T16:42:26.799072
humanite,bd6t560440j,,failed,0,0,,http_manifest,known,403,manifest,"Client error '403 ' for url 'https://openapiproext.bnf.fr/iiif/presentation/v3/ark:/12148/bd6t560440j/manifest.json'
For more information check: https://developer.mozilla.org/en-US/docs/Web/HTTP/Status/403",2026-07-17T16:42:27.984374
humanite,bd6t560441w,,failed,0,0,,http_manifest,known,403,manifest,"Client error '403 ' for url 'https://openapiproext.bnf.fr/iiif/presentation/v3/ark:/12148/bd6t560441w/manifest.json'
For more information check: https://developer.mozilla.org/en-US/docs/Web/HTTP/Status/403",2026-07-17T16:42:29.182304
humanite,bd6t5604427,,failed,0,0,,http_manifest,known,403,manifest,"Client error '403 ' for url 'https://openapiproext.bnf.fr/iiif/presentation/v3/ark:/12148/bd6t5604427/manifest.json'
For more information check: https://developer.mozilla.org/en-US/docs/Web/HTTP/Status/403",2026-07-17T16:42:30.392916
humanite,bd6t560443k,,failed,0,0,,http_manifest,known,403,manifest,"Client error '403 ' for url 'https://openapiproext.bnf.fr/iiif/presentation/v3/ark:/12148/bd6t560443k/manifest.json'
For more information check: https://developer.mozilla.org/en-US/docs/Web/HTTP/Status/403",2026-07-17T16:42:31.586695
humanite,bd6t560444x,,failed,0,0,,http_manifest,known,403,manifest,"Client error '403 ' for url 'https://openapiproext.bnf.fr/iiif/presentation/v3/ark:/12148/bd6t560444x/manifest.json'
For more information check: https://developer.mozilla.org/en-US/docs/Web/HTTP/Status/403",2026-07-17T16:42:32.787261
humanite,bd6t5604458,,failed,0,0,,http_manifest,known,403,manifest,"Client error '403 ' for url 'https://openapiproext.bnf.fr/iiif/presentation/v3/ark:/12148/bd6t5604458/manifest.json'
For more information check: https://developer.mozilla.org/en-US/docs/Web/HTTP/Status/403",2026-07-17T16:42:33.994934
humanite,bd6t560446m,,failed,0,0,,http_manifest,known,403,manifest,"Client error '403 ' for url 'https://openapiproext.bnf.fr/iiif/presentation/v3/ark:/12148/bd6t560446m/manifest.json'
For more information check: https://developer.mozilla.org/en-US/docs/Web/HTTP/Status/403",2026-07-17T16:42:35.193320
humanite,bd6t560447z,,failed,0,0,,http_manifest,known,403,manifest,"Client error '403 ' for url 'https://openapiproext.bnf.fr/iiif/presentation/v3/ark:/12148/bd6t560447z/manifest.json'
For more information check: https://developer.mozilla.org/en-US/docs/Web/HTTP/Status/403",2026-07-17T16:42:36.397176
humanite,bd6t5604489,,failed,0,0,,http_manifest,known,403,manifest,"Client error '403 ' for url 'https://openapiproext.bnf.fr/iiif/presentation/v3/ark:/12148/bd6t5604489/manifest.json'
For more information check: https://developer.mozilla.org/en-US/docs/Web/HTTP/Status/403",2026-07-17T16:42:37.594462
humanite,bd6t560449n,,failed,0,0,,http_manifest,known,403,manifest,"Client error '403 ' for url 'https://openapiproext.bnf.fr/iiif/presentation/v3/ark:/12148/bd6t560449n/manifest.json'
For more information check: https://developer.mozilla.org/en-US/docs/Web/HTTP/Status/403",2026-07-17T16:42:38.798885
humanite,bd6t560450v,,failed,0,0,,http_manifest,known,403,manifest,"Client error '403 ' for url 'https://openapiproext.bnf.fr/iiif/presentation/v3/ark:/12148/bd6t560450v/manifest.json'
For more information check: https://developer.mozilla.org/en-US/docs/Web/HTTP/Status/403",2026-07-17T16:42:40.027459
humanite,bd6t5604516,,failed,0,0,,http_manifest,known,403,manifest,"Client error '403 ' for url 'https://openapiproext.bnf.fr/iiif/presentation/v3/ark:/12148/bd6t5604516/manifest.json'
For more information check: https://developer.mozilla.org/en-US/docs/Web/HTTP/Status/403",2026-07-17T16:42:41.200896
humanite,bd6t560452j,,failed,0,0,,http_manifest,known,403,manifest,"Client error '403 ' for url 'https://openapiproext.bnf.fr/iiif/presentation/v3/ark:/12148/bd6t560452j/manifest.json'
For more information check: https://developer.mozilla.org/en-US/docs/Web/HTTP/Status/403",2026-07-17T16:42:42.404407
humanite,bd6t560453w,,failed,0,0,,http_manifest,known,403,manifest,"Client error '403 ' for url 'https://openapiproext.bnf.fr/iiif/presentation/v3/ark:/12148/bd6t560453w/manifest.json'
For more information check: https://developer.mozilla.org/en-US/docs/Web/HTTP/Status/403",2026-07-17T16:42:43.657408
humanite,bd6t5604547,,failed,0,0,,http_manifest,known,403,manifest,"Client error '403 ' for url 'https://openapiproext.bnf.fr/iiif/presentation/v3/ark:/12148/bd6t5604547/manifest.json'
For more information check: https://developer.mozilla.org/en-US/docs/Web/HTTP/Status/403",2026-07-17T16:42:44.812983
humanite,bd6t560455k,,failed,0,0,,http_manifest,known,403,manifest,"Client error '403 ' for url 'https://openapiproext.bnf.fr/iiif/presentation/v3/ark:/12148/bd6t560455k/manifest.json'
For more information check: https://developer.mozilla.org/en-US/docs/Web/HTTP/Status/403",2026-07-17T16:42:46.013731
humanite,bd6t560456x,,failed,0,0,,http_manifest,known,403,manifest,"Client error '403 ' for url 'https://openapiproext.bnf.fr/iiif/presentation/v3/ark:/12148/bd6t560456x/manifest.json'
For more information check: https://developer.mozilla.org/en-US/docs/Web/HTTP/Status/403",2026-07-17T16:42:47.210602
humanite,bd6t5604578,,failed,0,0,,http_manifest,known,403,manifest,"Client error '403 ' for url 'https://openapiproext.bnf.fr/iiif/presentation/v3/ark:/12148/bd6t5604578/manifest.json'
For more information check: https://developer.mozilla.org/en-US/docs/Web/HTTP/Status/403",2026-07-17T16:42:48.411638
humanite,bd6t560458m,,failed,0,0,,http_manifest,known,403,manifest,"Client error '403 ' for url 'https://openapiproext.bnf.fr/iiif/presentation/v3/ark:/12148/bd6t560458m/manifest.json'
For more information check: https://developer.mozilla.org/en-US/docs/Web/HTTP/Status/403",2026-07-17T16:42:49.625170
humanite,bd6t560459z,,failed,0,0,,http_manifest,known,403,manifest,"Client error '403 ' for url 'https://openapiproext.bnf.fr/iiif/presentation/v3/ark:/12148/bd6t560459z/manifest.json'
For more information check: https://developer.mozilla.org/en-US/docs/Web/HTTP/Status/403",2026-07-17T16:42:50.833544
humanite,bd6t5604605,,failed,0,0,,http_manifest,known,403,manifest,"Client error '403 ' for url 'https://openapiproext.bnf.fr/iiif/presentation/v3/ark:/12148/bd6t5604605/manifest.json'
For more information check: https://developer.mozilla.org/en-US/docs/Web/HTTP/Status/403",2026-07-17T16:42:52.042720
humanite,bd6t560461h,,failed,0,0,,http_manifest,known,403,manifest,"Client error '403 ' for url 'https://openapiproext.bnf.fr/iiif/presentation/v3/ark:/12148/bd6t560461h/manifest.json'
For more information check: https://developer.mozilla.org/en-US/docs/Web/HTTP/Status/403",2026-07-17T16:42:53.220078
humanite,bd6t560462v,,failed,0,0,,http_manifest,known,403,manifest,"Client error '403 ' for url 'https://openapiproext.bnf.fr/iiif/presentation/v3/ark:/12148/bd6t560462v/manifest.json'
For more information check: https://developer.mozilla.org/en-US/docs/Web/HTTP/Status/403",2026-07-17T16:42:54.422346
humanite,bd6t5604636,,failed,0,0,,http_manifest,known,403,manifest,"Client error '403 ' for url 'https://openapiproext.bnf.fr/iiif/presentation/v3/ark:/12148/bd6t5604636/manifest.json'
For more information check: https://developer.mozilla.org/en-US/docs/Web/HTTP/Status/403",2026-07-17T16:42:55.625129
humanite,bd6t560464j,,failed,0,0,,http_manifest,known,403,manifest,"Client error '403 ' for url 'https://openapiproext.bnf.fr/iiif/presentation/v3/ark:/12148/bd6t560464j/manifest.json'
For more information check: https://developer.mozilla.org/en-US/docs/Web/HTTP/Status/403",2026-07-17T16:42:56.823409
humanite,bd6t560465w,,failed,0,0,,http_manifest,known,403,manifest,"Client error '403 ' for url 'https://openapiproext.bnf.fr/iiif/presentation/v3/ark:/12148/bd6t560465w/manifest.json'
For more information check: https://developer.mozilla.org/en-US/docs/Web/HTTP/Status/403",2026-07-17T16:42:58.349656
humanite,bd6t5604667,,failed,0,0,,http_manifest,known,403,manifest,"Client error '403 ' for url 'https://openapiproext.bnf.fr/iiif/presentation/v3/ark:/12148/bd6t5604667/manifest.json'
For more information check: https://developer.mozilla.org/en-US/docs/Web/HTTP/Status/403",2026-07-17T16:42:59.233592
humanite,bd6t560467k,,failed,0,0,,http_manifest,known,403,manifest,"Client error '403 ' for url 'https://openapiproext.bnf.fr/iiif/presentation/v3/ark:/12148/bd6t560467k/manifest.json'
For more information check: https://developer.mozilla.org/en-US/docs/Web/HTTP/Status/403",2026-07-17T16:43:00.572017
humanite,bd6t560468x,,failed,0,0,,http_manifest,known,403,manifest,"Client error '403 ' for url 'https://openapiproext.bnf.fr/iiif/presentation/v3/ark:/12148/bd6t560468x/manifest.json'
For more information check: https://developer.mozilla.org/en-US/docs/Web/HTTP/Status/403",2026-07-17T16:43:01.764311
humanite,bd6t5604698,,failed,0,0,,http_manifest,known,403,manifest,"Client error '403 ' for url 'https://openapiproext.bnf.fr/iiif/presentation/v3/ark:/12148/bd6t5604698/manifest.json'
For more information check: https://developer.mozilla.org/en-US/docs/Web/HTTP/Status/403",2026-07-17T16:43:03.068644
humanite,bd6t560470g,,failed,0,0,,http_manifest,known,403,manifest,"Client error '403 ' for url 'https://openapiproext.bnf.fr/iiif/presentation/v3/ark:/12148/bd6t560470g/manifest.json'
For more information check: https://developer.mozilla.org/en-US/docs/Web/HTTP/Status/403",2026-07-17T16:43:04.034685
humanite,bd6t560471t,,failed,0,0,,http_manifest,known,403,manifest,"Client error '403 ' for url 'https://openapiproext.bnf.fr/iiif/presentation/v3/ark:/12148/bd6t560471t/manifest.json'
For more information check: https://developer.mozilla.org/en-US/docs/Web/HTTP/Status/403",2026-07-17T16:43:05.259682
humanite,bd6t5604725,,failed,0,0,,http_manifest,known,403,manifest,"Client error '403 ' for url 'https://openapiproext.bnf.fr/iiif/presentation/v3/ark:/12148/bd6t5604725/manifest.json'
For more information check: https://developer.mozilla.org/en-US/docs/Web/HTTP/Status/403",2026-07-17T16:43:06.503617
humanite,bd6t560473h,,failed,0,0,,http_manifest,known,403,manifest,"Client error '403 ' for url 'https://openapiproext.bnf.fr/iiif/presentation/v3/ark:/12148/bd6t560473h/manifest.json'
For more information check: https://developer.mozilla.org/en-US/docs/Web/HTTP/Status/403",2026-07-17T16:43:07.820816
humanite,bd6t560474v,,failed,0,0,,http_manifest,known,403,manifest,"Client error '403 ' for url 'https://openapiproext.bnf.fr/iiif/presentation/v3/ark:/12148/bd6t560474v/manifest.json'
For more information check: https://developer.mozilla.org/en-US/docs/Web/HTTP/Status/403",2026-07-17T16:43:09.005276
humanite,bd6t5604756,,failed,0,0,,http_manifest,known,403,manifest,"Client error '403 ' for url 'https://openapiproext.bnf.fr/iiif/presentation/v3/ark:/12148/bd6t5604756/manifest.json'
For more information check: https://developer.mozilla.org/en-US/docs/Web/HTTP/Status/403",2026-07-17T16:43:10.097315
humanite,bd6t560476j,,failed,0,0,,http_manifest,known,403,manifest,"Client error '403 ' for url 'https://openapiproext.bnf.fr/iiif/presentation/v3/ark:/12148/bd6t560476j/manifest.json'
For more information check: https://developer.mozilla.org/en-US/docs/Web/HTTP/Status/403",2026-07-17T16:43:11.258377
humanite,bd6t560477w,,failed,0,0,,http_manifest,known,403,manifest,"Client error '403 ' for url 'https://openapiproext.bnf.fr/iiif/presentation/v3/ark:/12148/bd6t560477w/manifest.json'
For more information check: https://developer.mozilla.org/en-US/docs/Web/HTTP/Status/403",2026-07-17T16:43:12.479171
humanite,bd6t5604787,,failed,0,0,,http_manifest,known,403,manifest,"Client error '403 ' for url 'https://openapiproext.bnf.fr/iiif/presentation/v3/ark:/12148/bd6t5604787/manifest.json'
For more information check: https://developer.mozilla.org/en-US/docs/Web/HTTP/Status/403",2026-07-17T16:43:13.702098
humanite,bd6t560479k,,failed,0,0,,http_manifest,known,403,manifest,"Client error '403 ' for url 'https://openapiproext.bnf.fr/iiif/presentation/v3/ark:/12148/bd6t560479k/manifest.json'
For more information check: https://developer.mozilla.org/en-US/docs/Web/HTTP/Status/403",2026-07-17T16:43:14.998577
humanite,bd6t560480s,,failed,0,0,,http_manifest,known,403,manifest,"Client error '403 ' for url 'https://openapiproext.bnf.fr/iiif/presentation/v3/ark:/12148/bd6t560480s/manifest.json'
For more information check: https://developer.mozilla.org/en-US/docs/Web/HTTP/Status/403",2026-07-17T16:43:16.234529
humanite,bd6t5604814,,failed,0,0,,http_manifest,known,403,manifest,"Client error '403 ' for url 'https://openapiproext.bnf.fr/iiif/presentation/v3/ark:/12148/bd6t5604814/manifest.json'
For more information check: https://developer.mozilla.org/en-US/docs/Web/HTTP/Status/403",2026-07-17T16:43:17.423445
humanite,bd6t560482g,,failed,0,0,,http_manifest,known,403,manifest,"Client error '403 ' for url 'https://openapiproext.bnf.fr/iiif/presentation/v3/ark:/12148/bd6t560482g/manifest.json'
For more information check: https://developer.mozilla.org/en-US/docs/Web/HTTP/Status/403",2026-07-17T16:43:18.664374
humanite,bd6t560483t,,failed,0,0,,http_manifest,known,403,manifest,"Client error '403 ' for url 'https://openapiproext.bnf.fr/iiif/presentation/v3/ark:/12148/bd6t560483t/manifest.json'
For more information check: https://developer.mozilla.org/en-US/docs/Web/HTTP/Status/403",2026-07-17T16:43:19.738455
humanite,bd6t5604845,,failed,0,0,,http_manifest,known,403,manifest,"Client error '403 ' for url 'https://openapiproext.bnf.fr/iiif/presentation/v3/ark:/12148/bd6t5604845/manifest.json'
For more information check: https://developer.mozilla.org/en-US/docs/Web/HTTP/Status/403",2026-07-17T16:43:20.881241
humanite,bd6t560485h,,failed,0,0,,http_manifest,known,403,manifest,"Client error '403 ' for url 'https://openapiproext.bnf.fr/iiif/presentation/v3/ark:/12148/bd6t560485h/manifest.json'
For more information check: https://developer.mozilla.org/en-US/docs/Web/HTTP/Status/403",2026-07-17T16:43:22.067684
humanite,bd6t560486v,,failed,0,0,,http_manifest,known,403,manifest,"Client error '403 ' for url 'https://openapiproext.bnf.fr/iiif/presentation/v3/ark:/12148/bd6t560486v/manifest.json'
For more information check: https://developer.mozilla.org/en-US/docs/Web/HTTP/Status/403",2026-07-17T16:43:23.263704
humanite,bd6t5604876,,failed,0,0,,http_manifest,known,403,manifest,"Client error '403 ' for url 'https://openapiproext.bnf.fr/iiif/presentation/v3/ark:/12148/bd6t5604876/manifest.json'
For more information check: https://developer.mozilla.org/en-US/docs/Web/HTTP/Status/403",2026-07-17T16:43:24.470417
humanite,bd6t560488j,,failed,0,0,,http_manifest,known,403,manifest,"Client error '403 ' for url 'https://openapiproext.bnf.fr/iiif/presentation/v3/ark:/12148/bd6t560488j/manifest.json'
For more information check: https://developer.mozilla.org/en-US/docs/Web/HTTP/Status/403",2026-07-17T16:43:25.663854
humanite,bd6t560489w,,failed,0,0,,http_manifest,known,403,manifest,"Client error '403 ' for url 'https://openapiproext.bnf.fr/iiif/presentation/v3/ark:/12148/bd6t560489w/manifest.json'
For more information check: https://developer.mozilla.org/en-US/docs/Web/HTTP/Status/403",2026-07-17T16:43:26.870498
humanite,bd6t5604903,,failed,0,0,,http_manifest,known,403,manifest,"Client error '403 ' for url 'https://openapiproext.bnf.fr/iiif/presentation/v3/ark:/12148/bd6t5604903/manifest.json'
For more information check: https://developer.mozilla.org/en-US/docs/Web/HTTP/Status/403",2026-07-17T16:43:28.076709
humanite,bd6t560491f,,failed,0,0,,http_manifest,known,403,manifest,"Client error '403 ' for url 'https://openapiproext.bnf.fr/iiif/presentation/v3/ark:/12148/bd6t560491f/manifest.json'
For more information check: https://developer.mozilla.org/en-US/docs/Web/HTTP/Status/403",2026-07-17T16:43:29.268581
humanite,bd6t560492s,,failed,0,0,,http_manifest,known,403,manifest,"Client error '403 ' for url 'https://openapiproext.bnf.fr/iiif/presentation/v3/ark:/12148/bd6t560492s/manifest.json'
For more information check: https://developer.mozilla.org/en-US/docs/Web/HTTP/Status/403",2026-07-17T16:43:30.472778
humanite,bd6t5604934,,failed,0,0,,http_manifest,known,403,manifest,"Client error '403 ' for url 'https://openapiproext.bnf.fr/iiif/presentation/v3/ark:/12148/bd6t5604934/manifest.json'
For more information check: https://developer.mozilla.org/en-US/docs/Web/HTTP/Status/403",2026-07-17T16:43:31.673746
humanite,bd6t560494g,,failed,0,0,,http_manifest,known,403,manifest,"Client error '403 ' for url 'https://openapiproext.bnf.fr/iiif/presentation/v3/ark:/12148/bd6t560494g/manifest.json'
For more information check: https://developer.mozilla.org/en-US/docs/Web/HTTP/Status/403",2026-07-17T16:43:32.891738
humanite,bd6t560495t,,failed,0,0,,http_manifest,known,403,manifest,"Client error '403 ' for url 'https://openapiproext.bnf.fr/iiif/presentation/v3/ark:/12148/bd6t560495t/manifest.json'
For more information check: https://developer.mozilla.org/en-US/docs/Web/HTTP/Status/403",2026-07-17T16:43:34.071230
humanite,bd6t5604965,,failed,0,0,,http_manifest,known,403,manifest,"Client error '403 ' for url 'https://openapiproext.bnf.fr/iiif/presentation/v3/ark:/12148/bd6t5604965/manifest.json'
For more information check: https://developer.mozilla.org/en-US/docs/Web/HTTP/Status/403",2026-07-17T16:43:35.283038
humanite,bd6t560497h,,failed,0,0,,http_manifest,known,403,manifest,"Client error '403 ' for url 'https://openapiproext.bnf.fr/iiif/presentation/v3/ark:/12148/bd6t560497h/manifest.json'
For more information check: https://developer.mozilla.org/en-US/docs/Web/HTTP/Status/403",2026-07-17T16:43:36.478263
humanite,bd6t560498v,,failed,0,0,,http_manifest,known,403,manifest,"Client error '403 ' for url 'https://openapiproext.bnf.fr/iiif/presentation/v3/ark:/12148/bd6t560498v/manifest.json'
For more information check: https://developer.mozilla.org/en-US/docs/Web/HTTP/Status/403",2026-07-17T16:43:37.684232
humanite,bd6t5604996,,failed,0,0,,http_manifest,known,403,manifest,"Client error '403 ' for url 'https://openapiproext.bnf.fr/iiif/presentation/v3/ark:/12148/bd6t5604996/manifest.json'
For more information check: https://developer.mozilla.org/en-US/docs/Web/HTTP/Status/403",2026-07-17T16:43:38.881679
humanite,bd6t560500k,,failed,0,0,,http_manifest,known,403,manifest,"Client error '403 ' for url 'https://openapiproext.bnf.fr/iiif/presentation/v3/ark:/12148/bd6t560500k/manifest.json'
For more information check: https://developer.mozilla.org/en-US/docs/Web/HTTP/Status/403",2026-07-17T16:43:40.083722
humanite,bd6t560501x,,failed,0,0,,http_manifest,known,403,manifest,"Client error '403 ' for url 'https://openapiproext.bnf.fr/iiif/presentation/v3/ark:/12148/bd6t560501x/manifest.json'
For more information check: https://developer.mozilla.org/en-US/docs/Web/HTTP/Status/403",2026-07-17T16:43:41.288542
humanite,bd6t5605028,,failed,0,0,,http_manifest,known,403,manifest,"Client error '403 ' for url 'https://openapiproext.bnf.fr/iiif/presentation/v3/ark:/12148/bd6t5605028/manifest.json'
For more information check: https://developer.mozilla.org/en-US/docs/Web/HTTP/Status/403",2026-07-17T16:43:42.497607
humanite,bd6t560503m,,failed,0,0,,http_manifest,known,403,manifest,"Client error '403 ' for url 'https://openapiproext.bnf.fr/iiif/presentation/v3/ark:/12148/bd6t560503m/manifest.json'
For more information check: https://developer.mozilla.org/en-US/docs/Web/HTTP/Status/403",2026-07-17T16:43:43.694749
humanite,bd6t560504z,,failed,0,0,,http_manifest,known,403,manifest,"Client error '403 ' for url 'https://openapiproext.bnf.fr/iiif/presentation/v3/ark:/12148/bd6t560504z/manifest.json'
For more information check: https://developer.mozilla.org/en-US/docs/Web/HTTP/Status/403",2026-07-17T16:43:44.923509
humanite,bd6t5605059,,failed,0,0,,http_manifest,known,403,manifest,"Client error '403 ' for url 'https://openapiproext.bnf.fr/iiif/presentation/v3/ark:/12148/bd6t5605059/manifest.json'
For more information check: https://developer.mozilla.org/en-US/docs/Web/HTTP/Status/403",2026-07-17T16:43:46.096337
humanite,bd6t560506n,,failed,0,0,,http_manifest,known,403,manifest,"Client error '403 ' for url 'https://openapiproext.bnf.fr/iiif/presentation/v3/ark:/12148/bd6t560506n/manifest.json'
For more information check: https://developer.mozilla.org/en-US/docs/Web/HTTP/Status/403",2026-07-17T16:43:47.294702
humanite,bd6t5605070,,failed,0,0,,http_manifest,known,403,manifest,"Client error '403 ' for url 'https://openapiproext.bnf.fr/iiif/presentation/v3/ark:/12148/bd6t5605070/manifest.json'
For more information check: https://developer.mozilla.org/en-US/docs/Web/HTTP/Status/403",2026-07-17T16:43:48.497449
humanite,bd6t560508b,,failed,0,0,,http_manifest,known,403,manifest,"Client error '403 ' for url 'https://openapiproext.bnf.fr/iiif/presentation/v3/ark:/12148/bd6t560508b/manifest.json'
For more information check: https://developer.mozilla.org/en-US/docs/Web/HTTP/Status/403",2026-07-17T16:43:49.701621
humanite,bd6t560509p,,failed,0,0,,http_manifest,known,403,manifest,"Client error '403 ' for url 'https://openapiproext.bnf.fr/iiif/presentation/v3/ark:/12148/bd6t560509p/manifest.json'
For more information check: https://developer.mozilla.org/en-US/docs/Web/HTTP/Status/403",2026-07-17T16:43:50.927483
humanite,bd6t560600v,,failed,0,0,,http_manifest,known,403,manifest,"Client error '403 ' for url 'https://openapiproext.bnf.fr/iiif/presentation/v3/ark:/12148/bd6t560600v/manifest.json'
For more information check: https://developer.mozilla.org/en-US/docs/Web/HTTP/Status/403",2026-07-17T16:43:52.103652
humanite,bd6t5606016,,failed,0,0,,http_manifest,known,403,manifest,"Client error '403 ' for url 'https://openapiproext.bnf.fr/iiif/presentation/v3/ark:/12148/bd6t5606016/manifest.json'
For more information check: https://developer.mozilla.org/en-US/docs/Web/HTTP/Status/403",2026-07-17T16:43:53.305161
humanite,bd6t560602j,,failed,0,0,,http_manifest,known,403,manifest,"Client error '403 ' for url 'https://openapiproext.bnf.fr/iiif/presentation/v3/ark:/12148/bd6t560602j/manifest.json'
For more information check: https://developer.mozilla.org/en-US/docs/Web/HTTP/Status/403",2026-07-17T16:43:54.509439
humanite,bd6t560603w,,failed,0,0,,http_manifest,known,403,manifest,"Client error '403 ' for url 'https://openapiproext.bnf.fr/iiif/presentation/v3/ark:/12148/bd6t560603w/manifest.json'
For more information check: https://developer.mozilla.org/en-US/docs/Web/HTTP/Status/403",2026-07-17T16:43:55.708628
humanite,bd6t5606047,,failed,0,0,,http_manifest,known,403,manifest,"Client error '403 ' for url 'https://openapiproext.bnf.fr/iiif/presentation/v3/ark:/12148/bd6t5606047/manifest.json'
For more information check: https://developer.mozilla.org/en-US/docs/Web/HTTP/Status/403",2026-07-17T16:43:56.912084
humanite,bd6t560605k,,failed,0,0,,http_manifest,known,403,manifest,"Client error '403 ' for url 'https://openapiproext.bnf.fr/iiif/presentation/v3/ark:/12148/bd6t560605k/manifest.json'
For more information check: https://developer.mozilla.org/en-US/docs/Web/HTTP/Status/403",2026-07-17T16:43:58.117645
humanite,bd6t560606x,,failed,0,0,,http_manifest,known,403,manifest,"Client error '403 ' for url 'https://openapiproext.bnf.fr/iiif/presentation/v3/ark:/12148/bd6t560606x/manifest.json'
For more information check: https://developer.mozilla.org/en-US/docs/Web/HTTP/Status/403",2026-07-17T16:43:59.465287
humanite,bd6t5606078,,failed,0,0,,http_manifest,known,403,manifest,"Client error '403 ' for url 'https://openapiproext.bnf.fr/iiif/presentation/v3/ark:/12148/bd6t5606078/manifest.json'
For more information check: https://developer.mozilla.org/en-US/docs/Web/HTTP/Status/403",2026-07-17T16:44:00.556407
humanite,bd6t560608m,,failed,0,0,,http_manifest,known,403,manifest,"Client error '403 ' for url 'https://openapiproext.bnf.fr/iiif/presentation/v3/ark:/12148/bd6t560608m/manifest.json'
For more information check: https://developer.mozilla.org/en-US/docs/Web/HTTP/Status/403",2026-07-17T16:44:01.819637
humanite,bd6t560609z,,failed,0,0,,http_manifest,known,403,manifest,"Client error '403 ' for url 'https://openapiproext.bnf.fr/iiif/presentation/v3/ark:/12148/bd6t560609z/manifest.json'
For more information check: https://developer.mozilla.org/en-US/docs/Web/HTTP/Status/403",2026-07-17T16:44:03.055478
humanite,bd6t5606105,,failed,0,0,,http_manifest,known,403,manifest,"Client error '403 ' for url 'https://openapiproext.bnf.fr/iiif/presentation/v3/ark:/12148/bd6t5606105/manifest.json'
For more information check: https://developer.mozilla.org/en-US/docs/Web/HTTP/Status/403",2026-07-17T16:44:04.233406
humanite,bd6t560611h,,failed,0,0,,http_manifest,known,403,manifest,"Client error '403 ' for url 'https://openapiproext.bnf.fr/iiif/presentation/v3/ark:/12148/bd6t560611h/manifest.json'
For more information check: https://developer.mozilla.org/en-US/docs/Web/HTTP/Status/403",2026-07-17T16:44:05.380161
humanite,bd6t560612v,,failed,0,0,,http_manifest,known,403,manifest,"Client error '403 ' for url 'https://openapiproext.bnf.fr/iiif/presentation/v3/ark:/12148/bd6t560612v/manifest.json'
For more information check: https://developer.mozilla.org/en-US/docs/Web/HTTP/Status/403",2026-07-17T16:44:06.680621
humanite,bd6t5606136,,failed,0,0,,http_manifest,known,403,manifest,"Client error '403 ' for url 'https://openapiproext.bnf.fr/iiif/presentation/v3/ark:/12148/bd6t5606136/manifest.json'
For more information check: https://developer.mozilla.org/en-US/docs/Web/HTTP/Status/403",2026-07-17T16:44:07.803211
humanite,bd6t560614j,,failed,0,0,,http_manifest,known,403,manifest,"Client error '403 ' for url 'https://openapiproext.bnf.fr/iiif/presentation/v3/ark:/12148/bd6t560614j/manifest.json'
For more information check: https://developer.mozilla.org/en-US/docs/Web/HTTP/Status/403",2026-07-17T16:44:09.095708
humanite,bd6t560615w,,failed,0,0,,http_manifest,known,403,manifest,"Client error '403 ' for url 'https://openapiproext.bnf.fr/iiif/presentation/v3/ark:/12148/bd6t560615w/manifest.json'
For more information check: https://developer.mozilla.org/en-US/docs/Web/HTTP/Status/403",2026-07-17T16:44:10.137852
humanite,bd6t5606167,,failed,0,0,,http_manifest,known,403,manifest,"Client error '403 ' for url 'https://openapiproext.bnf.fr/iiif/presentation/v3/ark:/12148/bd6t5606167/manifest.json'
For more information check: https://developer.mozilla.org/en-US/docs/Web/HTTP/Status/403",2026-07-17T16:44:11.361745
humanite,bd6t560617k,,failed,0,0,,http_manifest,known,403,manifest,"Client error '403 ' for url 'https://openapiproext.bnf.fr/iiif/presentation/v3/ark:/12148/bd6t560617k/manifest.json'
For more information check: https://developer.mozilla.org/en-US/docs/Web/HTTP/Status/403",2026-07-17T16:44:12.533320
humanite,bd6t560618x,,failed,0,0,,http_manifest,known,403,manifest,"Client error '403 ' for url 'https://openapiproext.bnf.fr/iiif/presentation/v3/ark:/12148/bd6t560618x/manifest.json'
For more information check: https://developer.mozilla.org/en-US/docs/Web/HTTP/Status/403",2026-07-17T16:44:13.857714
humanite,bd6t5606198,,failed,0,0,,http_manifest,known,403,manifest,"Client error '403 ' for url 'https://openapiproext.bnf.fr/iiif/presentation/v3/ark:/12148/bd6t5606198/manifest.json'
For more information check: https://developer.mozilla.org/en-US/docs/Web/HTTP/Status/403",2026-07-17T16:44:15.221975
humanite,bd6t560620g,,failed,0,0,,http_manifest,known,403,manifest,"Client error '403 ' for url 'https://openapiproext.bnf.fr/iiif/presentation/v3/ark:/12148/bd6t560620g/manifest.json'
For more information check: https://developer.mozilla.org/en-US/docs/Web/HTTP/Status/403",2026-07-17T16:44:16.222967
humanite,bd6t560621t,,failed,0,0,,http_manifest,known,403,manifest,"Client error '403 ' for url 'https://openapiproext.bnf.fr/iiif/presentation/v3/ark:/12148/bd6t560621t/manifest.json'
For more information check: https://developer.mozilla.org/en-US/docs/Web/HTTP/Status/403",2026-07-17T16:44:17.336031
humanite,bd6t5606225,,failed,0,0,,http_manifest,known,403,manifest,"Client error '403 ' for url 'https://openapiproext.bnf.fr/iiif/presentation/v3/ark:/12148/bd6t5606225/manifest.json'
For more information check: https://developer.mozilla.org/en-US/docs/Web/HTTP/Status/403",2026-07-17T16:44:18.541103
humanite,bd6t560623h,,failed,0,0,,http_manifest,known,403,manifest,"Client error '403 ' for url 'https://openapiproext.bnf.fr/iiif/presentation/v3/ark:/12148/bd6t560623h/manifest.json'
For more information check: https://developer.mozilla.org/en-US/docs/Web/HTTP/Status/403",2026-07-17T16:44:19.734357
humanite,bd6t560624v,,failed,0,0,,http_manifest,known,403,manifest,"Client error '403 ' for url 'https://openapiproext.bnf.fr/iiif/presentation/v3/ark:/12148/bd6t560624v/manifest.json'
For more information check: https://developer.mozilla.org/en-US/docs/Web/HTTP/Status/403",2026-07-17T16:44:20.941891
humanite,bd6t5606256,,failed,0,0,,http_manifest,known,403,manifest,"Client error '403 ' for url 'https://openapiproext.bnf.fr/iiif/presentation/v3/ark:/12148/bd6t5606256/manifest.json'
For more information check: https://developer.mozilla.org/en-US/docs/Web/HTTP/Status/403",2026-07-17T16:44:22.160292
humanite,bd6t560626j,,failed,0,0,,http_manifest,known,403,manifest,"Client error '403 ' for url 'https://openapiproext.bnf.fr/iiif/presentation/v3/ark:/12148/bd6t560626j/manifest.json'
For more information check: https://developer.mozilla.org/en-US/docs/Web/HTTP/Status/403",2026-07-17T16:44:23.351644
humanite,bd6t560627w,,failed,0,0,,http_manifest,known,403,manifest,"Client error '403 ' for url 'https://openapiproext.bnf.fr/iiif/presentation/v3/ark:/12148/bd6t560627w/manifest.json'
For more information check: https://developer.mozilla.org/en-US/docs/Web/HTTP/Status/403",2026-07-17T16:44:24.544190
humanite,bd6t5606287,,failed,0,0,,http_manifest,known,403,manifest,"Client error '403 ' for url 'https://openapiproext.bnf.fr/iiif/presentation/v3/ark:/12148/bd6t5606287/manifest.json'
For more information check: https://developer.mozilla.org/en-US/docs/Web/HTTP/Status/403",2026-07-17T16:44:25.764193
humanite,bd6t560629k,,failed,0,0,,http_manifest,known,403,manifest,"Client error '403 ' for url 'https://openapiproext.bnf.fr/iiif/presentation/v3/ark:/12148/bd6t560629k/manifest.json'
For more information check: https://developer.mozilla.org/en-US/docs/Web/HTTP/Status/403",2026-07-17T16:44:26.945822
humanite,bd6t560630s,,failed,0,0,,http_manifest,known,403,manifest,"Client error '403 ' for url 'https://openapiproext.bnf.fr/iiif/presentation/v3/ark:/12148/bd6t560630s/manifest.json'
For more information check: https://developer.mozilla.org/en-US/docs/Web/HTTP/Status/403",2026-07-17T16:44:28.153482
humanite,bd6t5606314,,failed,0,0,,http_manifest,known,403,manifest,"Client error '403 ' for url 'https://openapiproext.bnf.fr/iiif/presentation/v3/ark:/12148/bd6t5606314/manifest.json'
For more information check: https://developer.mozilla.org/en-US/docs/Web/HTTP/Status/403",2026-07-17T16:44:29.379977
humanite,bd6t560632g,,failed,0,0,,http_manifest,known,403,manifest,"Client error '403 ' for url 'https://openapiproext.bnf.fr/iiif/presentation/v3/ark:/12148/bd6t560632g/manifest.json'
For more information check: https://developer.mozilla.org/en-US/docs/Web/HTTP/Status/403",2026-07-17T16:44:30.561003
humanite,bd6t560633t,,failed,0,0,,http_manifest,known,403,manifest,"Client error '403 ' for url 'https://openapiproext.bnf.fr/iiif/presentation/v3/ark:/12148/bd6t560633t/manifest.json'
For more information check: https://developer.mozilla.org/en-US/docs/Web/HTTP/Status/403",2026-07-17T16:44:31.754113
humanite,bd6t5606345,,failed,0,0,,http_manifest,known,403,manifest,"Client error '403 ' for url 'https://openapiproext.bnf.fr/iiif/presentation/v3/ark:/12148/bd6t5606345/manifest.json'
For more information check: https://developer.mozilla.org/en-US/docs/Web/HTTP/Status/403",2026-07-17T16:44:32.959890
humanite,bd6t560635h,,failed,0,0,,http_manifest,known,403,manifest,"Client error '403 ' for url 'https://openapiproext.bnf.fr/iiif/presentation/v3/ark:/12148/bd6t560635h/manifest.json'
For more information check: https://developer.mozilla.org/en-US/docs/Web/HTTP/Status/403",2026-07-17T16:44:34.160839
humanite,bd6t560636v,,failed,0,0,,http_manifest,known,403,manifest,"Client error '403 ' for url 'https://openapiproext.bnf.fr/iiif/presentation/v3/ark:/12148/bd6t560636v/manifest.json'
For more information check: https://developer.mozilla.org/en-US/docs/Web/HTTP/Status/403",2026-07-17T16:44:35.388275
humanite,bd6t5606376,,failed,0,0,,http_manifest,known,403,manifest,"Client error '403 ' for url 'https://openapiproext.bnf.fr/iiif/presentation/v3/ark:/12148/bd6t5606376/manifest.json'
For more information check: https://developer.mozilla.org/en-US/docs/Web/HTTP/Status/403",2026-07-17T16:44:36.561856
humanite,bd6t560638j,,failed,0,0,,http_manifest,known,403,manifest,"Client error '403 ' for url 'https://openapiproext.bnf.fr/iiif/presentation/v3/ark:/12148/bd6t560638j/manifest.json'
For more information check: https://developer.mozilla.org/en-US/docs/Web/HTTP/Status/403",2026-07-17T16:44:37.763354
humanite,bd6t560639w,,failed,0,0,,http_manifest,known,403,manifest,"Client error '403 ' for url 'https://openapiproext.bnf.fr/iiif/presentation/v3/ark:/12148/bd6t560639w/manifest.json'
For more information check: https://developer.mozilla.org/en-US/docs/Web/HTTP/Status/403",2026-07-17T16:44:38.966921
humanite,bd6t5606403,,failed,0,0,,http_manifest,known,403,manifest,"Client error '403 ' for url 'https://openapiproext.bnf.fr/iiif/presentation/v3/ark:/12148/bd6t5606403/manifest.json'
For more information check: https://developer.mozilla.org/en-US/docs/Web/HTTP/Status/403",2026-07-17T16:44:40.164944
humanite,bd6t560641f,,failed,0,0,,http_manifest,known,403,manifest,"Client error '403 ' for url 'https://openapiproext.bnf.fr/iiif/presentation/v3/ark:/12148/bd6t560641f/manifest.json'
For more information check: https://developer.mozilla.org/en-US/docs/Web/HTTP/Status/403",2026-07-17T16:44:41.370384
humanite,bd6t560642s,,failed,0,0,,http_manifest,known,403,manifest,"Client error '403 ' for url 'https://openapiproext.bnf.fr/iiif/presentation/v3/ark:/12148/bd6t560642s/manifest.json'
For more information check: https://developer.mozilla.org/en-US/docs/Web/HTTP/Status/403",2026-07-17T16:44:42.570100
humanite,bd6t5606434,,failed,0,0,,http_manifest,known,403,manifest,"Client error '403 ' for url 'https://openapiproext.bnf.fr/iiif/presentation/v3/ark:/12148/bd6t5606434/manifest.json'
For more information check: https://developer.mozilla.org/en-US/docs/Web/HTTP/Status/403",2026-07-17T16:44:43.775755
humanite,bd6t560644g,,failed,0,0,,http_manifest,known,403,manifest,"Client error '403 ' for url 'https://openapiproext.bnf.fr/iiif/presentation/v3/ark:/12148/bd6t560644g/manifest.json'
For more information check: https://developer.mozilla.org/en-US/docs/Web/HTTP/Status/403",2026-07-17T16:44:44.971437
humanite,bd6t560645t,,failed,0,0,,http_manifest,known,403,manifest,"Client error '403 ' for url 'https://openapiproext.bnf.fr/iiif/presentation/v3/ark:/12148/bd6t560645t/manifest.json'
For more information check: https://developer.mozilla.org/en-US/docs/Web/HTTP/Status/403",2026-07-17T16:44:46.171976
humanite,bd6t5606465,,failed,0,0,,http_manifest,known,403,manifest,"Client error '403 ' for url 'https://openapiproext.bnf.fr/iiif/presentation/v3/ark:/12148/bd6t5606465/manifest.json'
For more information check: https://developer.mozilla.org/en-US/docs/Web/HTTP/Status/403",2026-07-17T16:44:47.399232
humanite,bd6t560647h,,failed,0,0,,http_manifest,known,403,manifest,"Client error '403 ' for url 'https://openapiproext.bnf.fr/iiif/presentation/v3/ark:/12148/bd6t560647h/manifest.json'
For more information check: https://developer.mozilla.org/en-US/docs/Web/HTTP/Status/403",2026-07-17T16:44:48.577471
humanite,bd6t560648v,,failed,0,0,,http_manifest,known,403,manifest,"Client error '403 ' for url 'https://openapiproext.bnf.fr/iiif/presentation/v3/ark:/12148/bd6t560648v/manifest.json'
For more information check: https://developer.mozilla.org/en-US/docs/Web/HTTP/Status/403",2026-07-17T16:44:49.777417
humanite,bd6t5606496,,failed,0,0,,http_manifest,known,403,manifest,"Client error '403 ' for url 'https://openapiproext.bnf.fr/iiif/presentation/v3/ark:/12148/bd6t5606496/manifest.json'
For more information check: https://developer.mozilla.org/en-US/docs/Web/HTTP/Status/403",2026-07-17T16:44:50.976948
humanite,bd6t560650d,,failed,0,0,,http_manifest,known,403,manifest,"Client error '403 ' for url 'https://openapiproext.bnf.fr/iiif/presentation/v3/ark:/12148/bd6t560650d/manifest.json'
For more information check: https://developer.mozilla.org/en-US/docs/Web/HTTP/Status/403",2026-07-17T16:44:52.178198
humanite,bd6t560651r,,failed,0,0,,http_manifest,known,403,manifest,"Client error '403 ' for url 'https://openapiproext.bnf.fr/iiif/presentation/v3/ark:/12148/bd6t560651r/manifest.json'
For more information check: https://developer.mozilla.org/en-US/docs/Web/HTTP/Status/403",2026-07-17T16:44:53.379668
humanite,bd6t5606523,,failed,0,0,,http_manifest,known,403,manifest,"Client error '403 ' for url 'https://openapiproext.bnf.fr/iiif/presentation/v3/ark:/12148/bd6t5606523/manifest.json'
For more information check: https://developer.mozilla.org/en-US/docs/Web/HTTP/Status/403",2026-07-17T16:44:54.584597
humanite,bd6t560653f,,failed,0,0,,http_manifest,known,403,manifest,"Client error '403 ' for url 'https://openapiproext.bnf.fr/iiif/presentation/v3/ark:/12148/bd6t560653f/manifest.json'
For more information check: https://developer.mozilla.org/en-US/docs/Web/HTTP/Status/403",2026-07-17T16:44:55.783278
humanite,bd6t560654s,,failed,0,0,,http_manifest,known,403,manifest,"Client error '403 ' for url 'https://openapiproext.bnf.fr/iiif/presentation/v3/ark:/12148/bd6t560654s/manifest.json'
For more information check: https://developer.mozilla.org/en-US/docs/Web/HTTP/Status/403",2026-07-17T16:44:56.987491
humanite,bd6t5606554,,failed,0,0,,http_manifest,known,403,manifest,"Client error '403 ' for url 'https://openapiproext.bnf.fr/iiif/presentation/v3/ark:/12148/bd6t5606554/manifest.json'
For more information check: https://developer.mozilla.org/en-US/docs/Web/HTTP/Status/403",2026-07-17T16:44:58.368534
humanite,bd6t560656g,,failed,0,0,,http_manifest,known,403,manifest,"Client error '403 ' for url 'https://openapiproext.bnf.fr/iiif/presentation/v3/ark:/12148/bd6t560656g/manifest.json'
For more information check: https://developer.mozilla.org/en-US/docs/Web/HTTP/Status/403",2026-07-17T16:44:59.582875
humanite,bd6t560657t,,failed,0,0,,http_manifest,known,403,manifest,"Client error '403 ' for url 'https://openapiproext.bnf.fr/iiif/presentation/v3/ark:/12148/bd6t560657t/manifest.json'
For more information check: https://developer.mozilla.org/en-US/docs/Web/HTTP/Status/403",2026-07-17T16:45:00.599730
humanite,bd6t5606585,,failed,0,0,,http_manifest,known,403,manifest,"Client error '403 ' for url 'https://openapiproext.bnf.fr/iiif/presentation/v3/ark:/12148/bd6t5606585/manifest.json'
For more information check: https://developer.mozilla.org/en-US/docs/Web/HTTP/Status/403",2026-07-17T16:45:01.794852
humanite,bd6t560659h,,failed,0,0,,http_manifest,known,403,manifest,"Client error '403 ' for url 'https://openapiproext.bnf.fr/iiif/presentation/v3/ark:/12148/bd6t560659h/manifest.json'
For more information check: https://developer.mozilla.org/en-US/docs/Web/HTTP/Status/403",2026-07-17T16:45:02.992997
humanite,bd6t560660q,,failed,0,0,,http_manifest,known,403,manifest,"Client error '403 ' for url 'https://openapiproext.bnf.fr/iiif/presentation/v3/ark:/12148/bd6t560660q/manifest.json'
For more information check: https://developer.mozilla.org/en-US/docs/Web/HTTP/Status/403",2026-07-17T16:45:04.290618
humanite,bd6t5606612,,failed,0,0,,http_manifest,known,403,manifest,"Client error '403 ' for url 'https://openapiproext.bnf.fr/iiif/presentation/v3/ark:/12148/bd6t5606612/manifest.json'
For more information check: https://developer.mozilla.org/en-US/docs/Web/HTTP/Status/403",2026-07-17T16:45:05.650721
humanite,bd6t560662d,,failed,0,0,,http_manifest,known,403,manifest,"Client error '403 ' for url 'https://openapiproext.bnf.fr/iiif/presentation/v3/ark:/12148/bd6t560662d/manifest.json'
For more information check: https://developer.mozilla.org/en-US/docs/Web/HTTP/Status/403",2026-07-17T16:45:06.790487
humanite,bd6t560663r,,failed,0,0,,http_manifest,known,403,manifest,"Client error '403 ' for url 'https://openapiproext.bnf.fr/iiif/presentation/v3/ark:/12148/bd6t560663r/manifest.json'
For more information check: https://developer.mozilla.org/en-US/docs/Web/HTTP/Status/403",2026-07-17T16:45:07.796519
humanite,bd6t5606643,,failed,0,0,,http_manifest,known,403,manifest,"Client error '403 ' for url 'https://openapiproext.bnf.fr/iiif/presentation/v3/ark:/12148/bd6t5606643/manifest.json'
For more information check: https://developer.mozilla.org/en-US/docs/Web/HTTP/Status/403",2026-07-17T16:45:08.996896
humanite,bd6t560665f,,failed,0,0,,http_manifest,known,403,manifest,"Client error '403 ' for url 'https://openapiproext.bnf.fr/iiif/presentation/v3/ark:/12148/bd6t560665f/manifest.json'
For more information check: https://developer.mozilla.org/en-US/docs/Web/HTTP/Status/403",2026-07-17T16:45:10.205201
humanite,bd6t560666s,,failed,0,0,,http_manifest,known,403,manifest,"Client error '403 ' for url 'https://openapiproext.bnf.fr/iiif/presentation/v3/ark:/12148/bd6t560666s/manifest.json'
For more information check: https://developer.mozilla.org/en-US/docs/Web/HTTP/Status/403",2026-07-17T16:45:11.405146
humanite,bd6t5606674,,failed,0,0,,http_manifest,known,403,manifest,"Client error '403 ' for url 'https://openapiproext.bnf.fr/iiif/presentation/v3/ark:/12148/bd6t5606674/manifest.json'
For more information check: https://developer.mozilla.org/en-US/docs/Web/HTTP/Status/403",2026-07-17T16:45:12.605974
humanite,bd6t560668g,,failed,0,0,,http_manifest,known,403,manifest,"Client error '403 ' for url 'https://openapiproext.bnf.fr/iiif/presentation/v3/ark:/12148/bd6t560668g/manifest.json'
For more information check: https://developer.mozilla.org/en-US/docs/Web/HTTP/Status/403",2026-07-17T16:45:13.806846
humanite,bd6t560669t,,failed,0,0,,http_manifest,known,403,manifest,"Client error '403 ' for url 'https://openapiproext.bnf.fr/iiif/presentation/v3/ark:/12148/bd6t560669t/manifest.json'
For more information check: https://developer.mozilla.org/en-US/docs/Web/HTTP/Status/403",2026-07-17T16:45:15.009421
humanite,bd6t5606701,,failed,0,0,,http_manifest,known,403,manifest,"Client error '403 ' for url 'https://openapiproext.bnf.fr/iiif/presentation/v3/ark:/12148/bd6t5606701/manifest.json'
For more information check: https://developer.mozilla.org/en-US/docs/Web/HTTP/Status/403",2026-07-17T16:45:16.209066
humanite,bd6t560671c,,failed,0,0,,http_manifest,known,403,manifest,"Client error '403 ' for url 'https://openapiproext.bnf.fr/iiif/presentation/v3/ark:/12148/bd6t560671c/manifest.json'
For more information check: https://developer.mozilla.org/en-US/docs/Web/HTTP/Status/403",2026-07-17T16:45:17.439755
humanite,bd6t560672q,,failed,0,0,,http_manifest,known,403,manifest,"Client error '403 ' for url 'https://openapiproext.bnf.fr/iiif/presentation/v3/ark:/12148/bd6t560672q/manifest.json'
For more information check: https://developer.mozilla.org/en-US/docs/Web/HTTP/Status/403",2026-07-17T16:45:18.617425
humanite,bd6t5606732,,failed,0,0,,http_manifest,known,403,manifest,"Client error '403 ' for url 'https://openapiproext.bnf.fr/iiif/presentation/v3/ark:/12148/bd6t5606732/manifest.json'
For more information check: https://developer.mozilla.org/en-US/docs/Web/HTTP/Status/403",2026-07-17T16:45:19.816772
humanite,bd6t560674d,,failed,0,0,,http_manifest,known,403,manifest,"Client error '403 ' for url 'https://openapiproext.bnf.fr/iiif/presentation/v3/ark:/12148/bd6t560674d/manifest.json'
For more information check: https://developer.mozilla.org/en-US/docs/Web/HTTP/Status/403",2026-07-17T16:45:21.028686
humanite,bd6t560675r,,failed,0,0,,http_manifest,known,403,manifest,"Client error '403 ' for url 'https://openapiproext.bnf.fr/iiif/presentation/v3/ark:/12148/bd6t560675r/manifest.json'
For more information check: https://developer.mozilla.org/en-US/docs/Web/HTTP/Status/403",2026-07-17T16:45:22.221392
humanite,bd6t5606763,,failed,0,0,,http_manifest,known,403,manifest,"Client error '403 ' for url 'https://openapiproext.bnf.fr/iiif/presentation/v3/ark:/12148/bd6t5606763/manifest.json'
For more information check: https://developer.mozilla.org/en-US/docs/Web/HTTP/Status/403",2026-07-17T16:45:23.425603
humanite,bd6t560677f,,failed,0,0,,http_manifest,known,403,manifest,"Client error '403 ' for url 'https://openapiproext.bnf.fr/iiif/presentation/v3/ark:/12148/bd6t560677f/manifest.json'
For more information check: https://developer.mozilla.org/en-US/docs/Web/HTTP/Status/403",2026-07-17T16:45:24.624464
humanite,bd6t560678s,,failed,0,0,,http_manifest,known,403,manifest,"Client error '403 ' for url 'https://openapiproext.bnf.fr/iiif/presentation/v3/ark:/12148/bd6t560678s/manifest.json'
For more information check: https://developer.mozilla.org/en-US/docs/Web/HTTP/Status/403",2026-07-17T16:45:25.826719
humanite,bd6t5606794,,failed,0,0,,http_manifest,known,403,manifest,"Client error '403 ' for url 'https://openapiproext.bnf.fr/iiif/presentation/v3/ark:/12148/bd6t5606794/manifest.json'
For more information check: https://developer.mozilla.org/en-US/docs/Web/HTTP/Status/403",2026-07-17T16:45:27.028643
humanite,bd6t560680b,,failed,0,0,,http_manifest,known,403,manifest,"Client error '403 ' for url 'https://openapiproext.bnf.fr/iiif/presentation/v3/ark:/12148/bd6t560680b/manifest.json'
For more information check: https://developer.mozilla.org/en-US/docs/Web/HTTP/Status/403",2026-07-17T16:45:28.229832
humanite,bd6t560681p,,failed,0,0,,http_manifest,known,403,manifest,"Client error '403 ' for url 'https://openapiproext.bnf.fr/iiif/presentation/v3/ark:/12148/bd6t560681p/manifest.json'
For more information check: https://developer.mozilla.org/en-US/docs/Web/HTTP/Status/403",2026-07-17T16:45:29.435633
humanite,bd6t5606821,,failed,0,0,,http_manifest,known,403,manifest,"Client error '403 ' for url 'https://openapiproext.bnf.fr/iiif/presentation/v3/ark:/12148/bd6t5606821/manifest.json'
For more information check: https://developer.mozilla.org/en-US/docs/Web/HTTP/Status/403",2026-07-17T16:45:30.633872
humanite,bd6t560683c,,failed,0,0,,http_manifest,known,403,manifest,"Client error '403 ' for url 'https://openapiproext.bnf.fr/iiif/presentation/v3/ark:/12148/bd6t560683c/manifest.json'
For more information check: https://developer.mozilla.org/en-US/docs/Web/HTTP/Status/403",2026-07-17T16:45:31.835359
humanite,bd6t560684q,,failed,0,0,,http_manifest,known,403,manifest,"Client error '403 ' for url 'https://openapiproext.bnf.fr/iiif/presentation/v3/ark:/12148/bd6t560684q/manifest.json'
For more information check: https://developer.mozilla.org/en-US/docs/Web/HTTP/Status/403",2026-07-17T16:45:33.034186
humanite,bd6t5606852,,failed,0,0,,http_manifest,known,403,manifest,"Client error '403 ' for url 'https://openapiproext.bnf.fr/iiif/presentation/v3/ark:/12148/bd6t5606852/manifest.json'
For more information check: https://developer.mozilla.org/en-US/docs/Web/HTTP/Status/403",2026-07-17T16:45:34.236874
humanite,bd6t560686d,,failed,0,0,,http_manifest,known,403,manifest,"Client error '403 ' for url 'https://openapiproext.bnf.fr/iiif/presentation/v3/ark:/12148/bd6t560686d/manifest.json'
For more information check: https://developer.mozilla.org/en-US/docs/Web/HTTP/Status/403",2026-07-17T16:45:35.460057
humanite,bd6t560687r,,failed,0,0,,http_manifest,known,403,manifest,"Client error '403 ' for url 'https://openapiproext.bnf.fr/iiif/presentation/v3/ark:/12148/bd6t560687r/manifest.json'
For more information check: https://developer.mozilla.org/en-US/docs/Web/HTTP/Status/403",2026-07-17T16:45:36.635401
humanite,bd6t5606883,,failed,0,0,,http_manifest,known,403,manifest,"Client error '403 ' for url 'https://openapiproext.bnf.fr/iiif/presentation/v3/ark:/12148/bd6t5606883/manifest.json'
For more information check: https://developer.mozilla.org/en-US/docs/Web/HTTP/Status/403",2026-07-17T16:45:37.843261
humanite,bd6t560689f,,failed,0,0,,http_manifest,known,403,manifest,"Client error '403 ' for url 'https://openapiproext.bnf.fr/iiif/presentation/v3/ark:/12148/bd6t560689f/manifest.json'
For more information check: https://developer.mozilla.org/en-US/docs/Web/HTTP/Status/403",2026-07-17T16:45:39.042471
humanite,bd6t560690n,,failed,0,0,,http_manifest,known,403,manifest,"Client error '403 ' for url 'https://openapiproext.bnf.fr/iiif/presentation/v3/ark:/12148/bd6t560690n/manifest.json'
For more information check: https://developer.mozilla.org/en-US/docs/Web/HTTP/Status/403",2026-07-17T16:45:40.247140
humanite,bd6t5606910,,failed,0,0,,http_manifest,known,403,manifest,"Client error '403 ' for url 'https://openapiproext.bnf.fr/iiif/presentation/v3/ark:/12148/bd6t5606910/manifest.json'
For more information check: https://developer.mozilla.org/en-US/docs/Web/HTTP/Status/403",2026-07-17T16:45:41.444885
humanite,bd6t560692b,,failed,0,0,,http_manifest,known,403,manifest,"Client error '403 ' for url 'https://openapiproext.bnf.fr/iiif/presentation/v3/ark:/12148/bd6t560692b/manifest.json'
For more information check: https://developer.mozilla.org/en-US/docs/Web/HTTP/Status/403",2026-07-17T16:45:42.645112
humanite,bd6t560693p,,failed,0,0,,http_manifest,known,403,manifest,"Client error '403 ' for url 'https://openapiproext.bnf.fr/iiif/presentation/v3/ark:/12148/bd6t560693p/manifest.json'
For more information check: https://developer.mozilla.org/en-US/docs/Web/HTTP/Status/403",2026-07-17T16:45:43.846061
humanite,bd6t5606941,,failed,0,0,,http_manifest,known,403,manifest,"Client error '403 ' for url 'https://openapiproext.bnf.fr/iiif/presentation/v3/ark:/12148/bd6t5606941/manifest.json'
For more information check: https://developer.mozilla.org/en-US/docs/Web/HTTP/Status/403",2026-07-17T16:45:45.049795
humanite,bd6t560695c,,failed,0,0,,http_manifest,known,403,manifest,"Client error '403 ' for url 'https://openapiproext.bnf.fr/iiif/presentation/v3/ark:/12148/bd6t560695c/manifest.json'
For more information check: https://developer.mozilla.org/en-US/docs/Web/HTTP/Status/403",2026-07-17T16:45:46.253445
humanite,bd6t560696q,,failed,0,0,,http_manifest,known,403,manifest,"Client error '403 ' for url 'https://openapiproext.bnf.fr/iiif/presentation/v3/ark:/12148/bd6t560696q/manifest.json'
For more information check: https://developer.mozilla.org/en-US/docs/Web/HTTP/Status/403",2026-07-17T16:45:47.470095
humanite,bd6t5606972,,failed,0,0,,http_manifest,known,403,manifest,"Client error '403 ' for url 'https://openapiproext.bnf.fr/iiif/presentation/v3/ark:/12148/bd6t5606972/manifest.json'
For more information check: https://developer.mozilla.org/en-US/docs/Web/HTTP/Status/403",2026-07-17T16:45:48.654495
humanite,bd6t560698d,,failed,0,0,,http_manifest,known,403,manifest,"Client error '403 ' for url 'https://openapiproext.bnf.fr/iiif/presentation/v3/ark:/12148/bd6t560698d/manifest.json'
For more information check: https://developer.mozilla.org/en-US/docs/Web/HTTP/Status/403",2026-07-17T16:45:49.854838
humanite,bd6t560699r,,failed,0,0,,http_manifest,known,403,manifest,"Client error '403 ' for url 'https://openapiproext.bnf.fr/iiif/presentation/v3/ark:/12148/bd6t560699r/manifest.json'
For more information check: https://developer.mozilla.org/en-US/docs/Web/HTTP/Status/403",2026-07-17T16:45:51.057254
humanite,bd6t5607004,,failed,0,0,,http_manifest,known,403,manifest,"Client error '403 ' for url 'https://openapiproext.bnf.fr/iiif/presentation/v3/ark:/12148/bd6t5607004/manifest.json'
For more information check: https://developer.mozilla.org/en-US/docs/Web/HTTP/Status/403",2026-07-17T16:45:52.256918
humanite,bd6t560701g,,failed,0,0,,http_manifest,known,403,manifest,"Client error '403 ' for url 'https://openapiproext.bnf.fr/iiif/presentation/v3/ark:/12148/bd6t560701g/manifest.json'
For more information check: https://developer.mozilla.org/en-US/docs/Web/HTTP/Status/403",2026-07-17T16:45:53.458628
humanite,bd6t560702t,,failed,0,0,,http_manifest,known,403,manifest,"Client error '403 ' for url 'https://openapiproext.bnf.fr/iiif/presentation/v3/ark:/12148/bd6t560702t/manifest.json'
For more information check: https://developer.mozilla.org/en-US/docs/Web/HTTP/Status/403",2026-07-17T16:45:54.665237
humanite,bd6t5607035,,failed,0,0,,http_manifest,known,403,manifest,"Client error '403 ' for url 'https://openapiproext.bnf.fr/iiif/presentation/v3/ark:/12148/bd6t5607035/manifest.json'
For more information check: https://developer.mozilla.org/en-US/docs/Web/HTTP/Status/403",2026-07-17T16:45:55.864702
humanite,bd6t560704h,,failed,0,0,,http_manifest,known,403,manifest,"Client error '403 ' for url 'https://openapiproext.bnf.fr/iiif/presentation/v3/ark:/12148/bd6t560704h/manifest.json'
For more information check: https://developer.mozilla.org/en-US/docs/Web/HTTP/Status/403",2026-07-17T16:45:57.070548
humanite,bd6t560705v,,failed,0,0,,http_manifest,known,403,manifest,"Client error '403 ' for url 'https://openapiproext.bnf.fr/iiif/presentation/v3/ark:/12148/bd6t560705v/manifest.json'
For more information check: https://developer.mozilla.org/en-US/docs/Web/HTTP/Status/403",2026-07-17T16:45:58.376398
humanite,bd6t5607066,,failed,0,0,,http_manifest,known,403,manifest,"Client error '403 ' for url 'https://openapiproext.bnf.fr/iiif/presentation/v3/ark:/12148/bd6t5607066/manifest.json'
For more information check: https://developer.mozilla.org/en-US/docs/Web/HTTP/Status/403",2026-07-17T16:45:59.639662
humanite,bd6t560707j,,failed,0,0,,http_manifest,known,403,manifest,"Client error '403 ' for url 'https://openapiproext.bnf.fr/iiif/presentation/v3/ark:/12148/bd6t560707j/manifest.json'
For more information check: https://developer.mozilla.org/en-US/docs/Web/HTTP/Status/403",2026-07-17T16:46:00.852007
humanite,bd6t560708w,,failed,0,0,,http_manifest,known,403,manifest,"Client error '403 ' for url 'https://openapiproext.bnf.fr/iiif/presentation/v3/ark:/12148/bd6t560708w/manifest.json'
For more information check: https://developer.mozilla.org/en-US/docs/Web/HTTP/Status/403",2026-07-17T16:46:02.125034
humanite,bd6t5607097,,failed,0,0,,http_manifest,known,403,manifest,"Client error '403 ' for url 'https://openapiproext.bnf.fr/iiif/presentation/v3/ark:/12148/bd6t5607097/manifest.json'
For more information check: https://developer.mozilla.org/en-US/docs/Web/HTTP/Status/403",2026-07-17T16:46:03.076155
humanite,bd6t560710f,,failed,0,0,,http_manifest,known,403,manifest,"Client error '403 ' for url 'https://openapiproext.bnf.fr/iiif/presentation/v3/ark:/12148/bd6t560710f/manifest.json'
For more information check: https://developer.mozilla.org/en-US/docs/Web/HTTP/Status/403",2026-07-17T16:46:04.372475
humanite,bd6t560711s,,failed,0,0,,http_manifest,known,403,manifest,"Client error '403 ' for url 'https://openapiproext.bnf.fr/iiif/presentation/v3/ark:/12148/bd6t560711s/manifest.json'
For more information check: https://developer.mozilla.org/en-US/docs/Web/HTTP/Status/403",2026-07-17T16:46:05.763754
humanite,bd6t5607124,,failed,0,0,,http_manifest,known,403,manifest,"Client error '403 ' for url 'https://openapiproext.bnf.fr/iiif/presentation/v3/ark:/12148/bd6t5607124/manifest.json'
For more information check: https://developer.mozilla.org/en-US/docs/Web/HTTP/Status/403",2026-07-17T16:46:06.779821
humanite,bd6t560713g,,failed,0,0,,http_manifest,known,403,manifest,"Client error '403 ' for url 'https://openapiproext.bnf.fr/iiif/presentation/v3/ark:/12148/bd6t560713g/manifest.json'
For more information check: https://developer.mozilla.org/en-US/docs/Web/HTTP/Status/403",2026-07-17T16:46:07.891834
humanite,bd6t560714t,,failed,0,0,,http_manifest,known,403,manifest,"Client error '403 ' for url 'https://openapiproext.bnf.fr/iiif/presentation/v3/ark:/12148/bd6t560714t/manifest.json'
For more information check: https://developer.mozilla.org/en-US/docs/Web/HTTP/Status/403",2026-07-17T16:46:09.085719
humanite,bd6t5607155,,failed,0,0,,http_manifest,known,403,manifest,"Client error '403 ' for url 'https://openapiproext.bnf.fr/iiif/presentation/v3/ark:/12148/bd6t5607155/manifest.json'
For more information check: https://developer.mozilla.org/en-US/docs/Web/HTTP/Status/403",2026-07-17T16:46:10.289312
humanite,bd6t560716h,,failed,0,0,,http_manifest,known,403,manifest,"Client error '403 ' for url 'https://openapiproext.bnf.fr/iiif/presentation/v3/ark:/12148/bd6t560716h/manifest.json'
For more information check: https://developer.mozilla.org/en-US/docs/Web/HTTP/Status/403",2026-07-17T16:46:11.487047
humanite,bd6t560717v,,failed,0,0,,http_manifest,known,403,manifest,"Client error '403 ' for url 'https://openapiproext.bnf.fr/iiif/presentation/v3/ark:/12148/bd6t560717v/manifest.json'
For more information check: https://developer.mozilla.org/en-US/docs/Web/HTTP/Status/403",2026-07-17T16:46:12.696888
humanite,bd6t5607186,,failed,0,0,,http_manifest,known,403,manifest,"Client error '403 ' for url 'https://openapiproext.bnf.fr/iiif/presentation/v3/ark:/12148/bd6t5607186/manifest.json'
For more information check: https://developer.mozilla.org/en-US/docs/Web/HTTP/Status/403",2026-07-17T16:46:13.891957
humanite,bd6t560719j,,failed,0,0,,http_manifest,known,403,manifest,"Client error '403 ' for url 'https://openapiproext.bnf.fr/iiif/presentation/v3/ark:/12148/bd6t560719j/manifest.json'
For more information check: https://developer.mozilla.org/en-US/docs/Web/HTTP/Status/403",2026-07-17T16:46:15.124656
humanite,bd6t560720r,,failed,0,0,,http_manifest,known,403,manifest,"Client error '403 ' for url 'https://openapiproext.bnf.fr/iiif/presentation/v3/ark:/12148/bd6t560720r/manifest.json'
For more information check: https://developer.mozilla.org/en-US/docs/Web/HTTP/Status/403",2026-07-17T16:46:16.470171
humanite,bd6t5607213,,failed,0,0,,http_manifest,known,403,manifest,"Client error '403 ' for url 'https://openapiproext.bnf.fr/iiif/presentation/v3/ark:/12148/bd6t5607213/manifest.json'
For more information check: https://developer.mozilla.org/en-US/docs/Web/HTTP/Status/403",2026-07-17T16:46:17.582294
humanite,bd6t560722f,,failed,0,0,,http_manifest,known,403,manifest,"Client error '403 ' for url 'https://openapiproext.bnf.fr/iiif/presentation/v3/ark:/12148/bd6t560722f/manifest.json'
For more information check: https://developer.mozilla.org/en-US/docs/Web/HTTP/Status/403",2026-07-17T16:46:18.873105
humanite,bd6t560723s,,failed,0,0,,http_manifest,known,403,manifest,"Client error '403 ' for url 'https://openapiproext.bnf.fr/iiif/presentation/v3/ark:/12148/bd6t560723s/manifest.json'
For more information check: https://developer.mozilla.org/en-US/docs/Web/HTTP/Status/403",2026-07-17T16:46:19.907538
humanite,bd6t5607244,,failed,0,0,,http_manifest,known,403,manifest,"Client error '403 ' for url 'https://openapiproext.bnf.fr/iiif/presentation/v3/ark:/12148/bd6t5607244/manifest.json'
For more information check: https://developer.mozilla.org/en-US/docs/Web/HTTP/Status/403",2026-07-17T16:46:21.108508
humanite,bd6t560725g,,failed,0,0,,http_manifest,known,403,manifest,"Client error '403 ' for url 'https://openapiproext.bnf.fr/iiif/presentation/v3/ark:/12148/bd6t560725g/manifest.json'
For more information check: https://developer.mozilla.org/en-US/docs/Web/HTTP/Status/403",2026-07-17T16:46:22.358125
humanite,bd6t560726t,,failed,0,0,,http_manifest,known,403,manifest,"Client error '403 ' for url 'https://openapiproext.bnf.fr/iiif/presentation/v3/ark:/12148/bd6t560726t/manifest.json'
For more information check: https://developer.mozilla.org/en-US/docs/Web/HTTP/Status/403",2026-07-17T16:46:23.506888
humanite,bd6t5607275,,failed,0,0,,http_manifest,known,403,manifest,"Client error '403 ' for url 'https://openapiproext.bnf.fr/iiif/presentation/v3/ark:/12148/bd6t5607275/manifest.json'
For more information check: https://developer.mozilla.org/en-US/docs/Web/HTTP/Status/403",2026-07-17T16:46:24.709156
humanite,bd6t560728h,,failed,0,0,,http_manifest,known,403,manifest,"Client error '403 ' for url 'https://openapiproext.bnf.fr/iiif/presentation/v3/ark:/12148/bd6t560728h/manifest.json'
For more information check: https://developer.mozilla.org/en-US/docs/Web/HTTP/Status/403",2026-07-17T16:46:25.922195
humanite,bd6t560729v,,failed,0,0,,http_manifest,known,403,manifest,"Client error '403 ' for url 'https://openapiproext.bnf.fr/iiif/presentation/v3/ark:/12148/bd6t560729v/manifest.json'
For more information check: https://developer.mozilla.org/en-US/docs/Web/HTTP/Status/403",2026-07-17T16:46:27.113068
humanite,bd6t5607302,,failed,0,0,,http_manifest,known,403,manifest,"Client error '403 ' for url 'https://openapiproext.bnf.fr/iiif/presentation/v3/ark:/12148/bd6t5607302/manifest.json'
For more information check: https://developer.mozilla.org/en-US/docs/Web/HTTP/Status/403",2026-07-17T16:46:28.342611
humanite,bd6t560731d,,failed,0,0,,http_manifest,known,403,manifest,"Client error '403 ' for url 'https://openapiproext.bnf.fr/iiif/presentation/v3/ark:/12148/bd6t560731d/manifest.json'
For more information check: https://developer.mozilla.org/en-US/docs/Web/HTTP/Status/403",2026-07-17T16:46:29.513851
humanite,bd6t560732r,,failed,0,0,,http_manifest,known,403,manifest,"Client error '403 ' for url 'https://openapiproext.bnf.fr/iiif/presentation/v3/ark:/12148/bd6t560732r/manifest.json'
For more information check: https://developer.mozilla.org/en-US/docs/Web/HTTP/Status/403",2026-07-17T16:46:30.718132
humanite,bd6t5607333,,failed,0,0,,http_manifest,known,403,manifest,"Client error '403 ' for url 'https://openapiproext.bnf.fr/iiif/presentation/v3/ark:/12148/bd6t5607333/manifest.json'
For more information check: https://developer.mozilla.org/en-US/docs/Web/HTTP/Status/403",2026-07-17T16:46:31.923256
humanite,bd6t560734f,,failed,0,0,,http_manifest,known,403,manifest,"Client error '403 ' for url 'https://openapiproext.bnf.fr/iiif/presentation/v3/ark:/12148/bd6t560734f/manifest.json'
For more information check: https://developer.mozilla.org/en-US/docs/Web/HTTP/Status/403",2026-07-17T16:46:33.119964
humanite,bd6t560735s,,failed,0,0,,http_manifest,known,403,manifest,"Client error '403 ' for url 'https://openapiproext.bnf.fr/iiif/presentation/v3/ark:/12148/bd6t560735s/manifest.json'
For more information check: https://developer.mozilla.org/en-US/docs/Web/HTTP/Status/403",2026-07-17T16:46:34.327122
humanite,bd6t5607364,,failed,0,0,,http_manifest,known,403,manifest,"Client error '403 ' for url 'https://openapiproext.bnf.fr/iiif/presentation/v3/ark:/12148/bd6t5607364/manifest.json'
For more information check: https://developer.mozilla.org/en-US/docs/Web/HTTP/Status/403",2026-07-17T16:46:35.524898
humanite,bd6t560737g,,failed,0,0,,http_manifest,known,403,manifest,"Client error '403 ' for url 'https://openapiproext.bnf.fr/iiif/presentation/v3/ark:/12148/bd6t560737g/manifest.json'
For more information check: https://developer.mozilla.org/en-US/docs/Web/HTTP/Status/403",2026-07-17T16:46:36.848346
humanite,bd6t560738t,,failed,0,0,,http_manifest,known,403,manifest,"Client error '403 ' for url 'https://openapiproext.bnf.fr/iiif/presentation/v3/ark:/12148/bd6t560738t/manifest.json'
For more information check: https://developer.mozilla.org/en-US/docs/Web/HTTP/Status/403",2026-07-17T16:46:37.929982
humanite,bd6t5559956,,failed,0,0,,http_manifest,known,403,manifest,"Client error '403 ' for url 'https://openapiproext.bnf.fr/iiif/presentation/v3/ark:/12148/bd6t5559956/manifest.json'
For more information check: https://developer.mozilla.org/en-US/docs/Web/HTTP/Status/403",2026-07-17T16:46:39.128304
humanite,bd6t5607395,,failed,0,0,,http_manifest,known,403,manifest,"Client error '403 ' for url 'https://openapiproext.bnf.fr/iiif/presentation/v3/ark:/12148/bd6t5607395/manifest.json'
For more information check: https://developer.mozilla.org/en-US/docs/Web/HTTP/Status/403",2026-07-17T16:46:40.356106
humanite,bd6t560740c,,failed,0,0,,http_manifest,known,403,manifest,"Client error '403 ' for url 'https://openapiproext.bnf.fr/iiif/presentation/v3/ark:/12148/bd6t560740c/manifest.json'
For more information check: https://developer.mozilla.org/en-US/docs/Web/HTTP/Status/403",2026-07-17T16:46:41.532779
humanite,bd6t560741q,,failed,0,0,,http_manifest,known,403,manifest,"Client error '403 ' for url 'https://openapiproext.bnf.fr/iiif/presentation/v3/ark:/12148/bd6t560741q/manifest.json'
For more information check: https://developer.mozilla.org/en-US/docs/Web/HTTP/Status/403",2026-07-17T16:46:42.738314
humanite,bd6t555996j,,failed,0,0,,http_manifest,known,403,manifest,"Client error '403 ' for url 'https://openapiproext.bnf.fr/iiif/presentation/v3/ark:/12148/bd6t555996j/manifest.json'
For more information check: https://developer.mozilla.org/en-US/docs/Web/HTTP/Status/403",2026-07-17T16:46:43.935952
humanite,bd6t5607422,,failed,0,0,,http_manifest,known,403,manifest,"Client error '403 ' for url 'https://openapiproext.bnf.fr/iiif/presentation/v3/ark:/12148/bd6t5607422/manifest.json'
For more information check: https://developer.mozilla.org/en-US/docs/Web/HTTP/Status/403",2026-07-17T16:46:45.141979
humanite,bd6t555997w,,failed,0,0,,http_manifest,known,403,manifest,"Client error '403 ' for url 'https://openapiproext.bnf.fr/iiif/presentation/v3/ark:/12148/bd6t555997w/manifest.json'
For more information check: https://developer.mozilla.org/en-US/docs/Web/HTTP/Status/403",2026-07-17T16:46:46.363482
humanite,bd6t5559987,,failed,0,0,,http_manifest,known,403,manifest,"Client error '403 ' for url 'https://openapiproext.bnf.fr/iiif/presentation/v3/ark:/12148/bd6t5559987/manifest.json'
For more information check: https://developer.mozilla.org/en-US/docs/Web/HTTP/Status/403",2026-07-17T16:46:47.547945
humanite,bd6t560743d,,failed,0,0,,http_manifest,known,403,manifest,"Client error '403 ' for url 'https://openapiproext.bnf.fr/iiif/presentation/v3/ark:/12148/bd6t560743d/manifest.json'
For more information check: https://developer.mozilla.org/en-US/docs/Web/HTTP/Status/403",2026-07-17T16:46:48.742152
humanite,bd6t560744r,,failed,0,0,,http_manifest,known,403,manifest,"Client error '403 ' for url 'https://openapiproext.bnf.fr/iiif/presentation/v3/ark:/12148/bd6t560744r/manifest.json'
For more information check: https://developer.mozilla.org/en-US/docs/Web/HTTP/Status/403",2026-07-17T16:46:49.941435
humanite,bd6t555999k,,failed,0,0,,http_manifest,known,403,manifest,"Client error '403 ' for url 'https://openapiproext.bnf.fr/iiif/presentation/v3/ark:/12148/bd6t555999k/manifest.json'
For more information check: https://developer.mozilla.org/en-US/docs/Web/HTTP/Status/403",2026-07-17T16:46:51.144499
humanite,bd6t5607453,,failed,0,0,,http_manifest,known,403,manifest,"Client error '403 ' for url 'https://openapiproext.bnf.fr/iiif/presentation/v3/ark:/12148/bd6t5607453/manifest.json'
For more information check: https://developer.mozilla.org/en-US/docs/Web/HTTP/Status/403",2026-07-17T16:46:52.347372
humanite,bd6t556000f,,failed,0,0,,http_manifest,known,403,manifest,"Client error '403 ' for url 'https://openapiproext.bnf.fr/iiif/presentation/v3/ark:/12148/bd6t556000f/manifest.json'
For more information check: https://developer.mozilla.org/en-US/docs/Web/HTTP/Status/403",2026-07-17T16:46:53.555670
humanite,bd6t560746f,,failed,0,0,,http_manifest,known,403,manifest,"Client error '403 ' for url 'https://openapiproext.bnf.fr/iiif/presentation/v3/ark:/12148/bd6t560746f/manifest.json'
For more information check: https://developer.mozilla.org/en-US/docs/Web/HTTP/Status/403",2026-07-17T16:46:54.754638
humanite,bd6t556001s,,failed,0,0,,http_manifest,known,403,manifest,"Client error '403 ' for url 'https://openapiproext.bnf.fr/iiif/presentation/v3/ark:/12148/bd6t556001s/manifest.json'
For more information check: https://developer.mozilla.org/en-US/docs/Web/HTTP/Status/403",2026-07-17T16:46:55.952306
humanite,bd6t5560024,,failed,0,0,,http_manifest,known,403,manifest,"Client error '403 ' for url 'https://openapiproext.bnf.fr/iiif/presentation/v3/ark:/12148/bd6t5560024/manifest.json'
For more information check: https://developer.mozilla.org/en-US/docs/Web/HTTP/Status/403",2026-07-17T16:46:57.154072
humanite,bd6t560747s,,failed,0,0,,http_manifest,known,403,manifest,"Client error '403 ' for url 'https://openapiproext.bnf.fr/iiif/presentation/v3/ark:/12148/bd6t560747s/manifest.json'
For more information check: https://developer.mozilla.org/en-US/docs/Web/HTTP/Status/403",2026-07-17T16:46:58.538011
humanite,bd6t556003g,,failed,0,0,,http_manifest,known,403,manifest,"Client error '403 ' for url 'https://openapiproext.bnf.fr/iiif/presentation/v3/ark:/12148/bd6t556003g/manifest.json'
For more information check: https://developer.mozilla.org/en-US/docs/Web/HTTP/Status/403",2026-07-17T16:46:59.588535
humanite,bd6t5607484,,failed,0,0,,http_manifest,known,403,manifest,"Client error '403 ' for url 'https://openapiproext.bnf.fr/iiif/presentation/v3/ark:/12148/bd6t5607484/manifest.json'
For more information check: https://developer.mozilla.org/en-US/docs/Web/HTTP/Status/403",2026-07-17T16:47:00.761510
humanite,bd6t560749g,,failed,0,0,,http_manifest,known,403,manifest,"Client error '403 ' for url 'https://openapiproext.bnf.fr/iiif/presentation/v3/ark:/12148/bd6t560749g/manifest.json'
For more information check: https://developer.mozilla.org/en-US/docs/Web/HTTP/Status/403",2026-07-17T16:47:01.964774
humanite,bd6t556004t,,failed,0,0,,http_manifest,known,403,manifest,"Client error '403 ' for url 'https://openapiproext.bnf.fr/iiif/presentation/v3/ark:/12148/bd6t556004t/manifest.json'
For more information check: https://developer.mozilla.org/en-US/docs/Web/HTTP/Status/403",2026-07-17T16:47:03.244369
humanite,bd6t5560055,,failed,0,0,,http_manifest,known,403,manifest,"Client error '403 ' for url 'https://openapiproext.bnf.fr/iiif/presentation/v3/ark:/12148/bd6t5560055/manifest.json'
For more information check: https://developer.mozilla.org/en-US/docs/Web/HTTP/Status/403",2026-07-17T16:47:04.484957
humanite,bd6t560750p,,failed,0,0,,http_manifest,known,403,manifest,"Client error '403 ' for url 'https://openapiproext.bnf.fr/iiif/presentation/v3/ark:/12148/bd6t560750p/manifest.json'
For more information check: https://developer.mozilla.org/en-US/docs/Web/HTTP/Status/403",2026-07-17T16:47:05.768045
humanite,bd6t5607511,,failed,0,0,,http_manifest,known,403,manifest,"Client error '403 ' for url 'https://openapiproext.bnf.fr/iiif/presentation/v3/ark:/12148/bd6t5607511/manifest.json'
For more information check: https://developer.mozilla.org/en-US/docs/Web/HTTP/Status/403",2026-07-17T16:47:06.995323
humanite,bd6t556006h,,failed,0,0,,http_manifest,known,403,manifest,"Client error '403 ' for url 'https://openapiproext.bnf.fr/iiif/presentation/v3/ark:/12148/bd6t556006h/manifest.json'
For more information check: https://developer.mozilla.org/en-US/docs/Web/HTTP/Status/403",2026-07-17T16:47:07.965809
humanite,bd6t560752c,,failed,0,0,,http_manifest,known,403,manifest,"Client error '403 ' for url 'https://openapiproext.bnf.fr/iiif/presentation/v3/ark:/12148/bd6t560752c/manifest.json'
For more information check: https://developer.mozilla.org/en-US/docs/Web/HTTP/Status/403",2026-07-17T16:47:09.181423
humanite,bd6t556007v,,failed,0,0,,http_manifest,known,403,manifest,"Client error '403 ' for url 'https://openapiproext.bnf.fr/iiif/presentation/v3/ark:/12148/bd6t556007v/manifest.json'
For more information check: https://developer.mozilla.org/en-US/docs/Web/HTTP/Status/403",2026-07-17T16:47:10.411084
humanite,bd6t560753q,,failed,0,0,,http_manifest,known,403,manifest,"Client error '403 ' for url 'https://openapiproext.bnf.fr/iiif/presentation/v3/ark:/12148/bd6t560753q/manifest.json'
For more information check: https://developer.mozilla.org/en-US/docs/Web/HTTP/Status/403",2026-07-17T16:47:11.791218
humanite,bd6t5560086,,failed,0,0,,http_manifest,known,403,manifest,"Client error '403 ' for url 'https://openapiproext.bnf.fr/iiif/presentation/v3/ark:/12148/bd6t5560086/manifest.json'
For more information check: https://developer.mozilla.org/en-US/docs/Web/HTTP/Status/403",2026-07-17T16:47:12.776723
humanite,bd6t5607542,,failed,0,0,,http_manifest,known,403,manifest,"Client error '403 ' for url 'https://openapiproext.bnf.fr/iiif/presentation/v3/ark:/12148/bd6t5607542/manifest.json'
For more information check: https://developer.mozilla.org/en-US/docs/Web/HTTP/Status/403",2026-07-17T16:47:13.980420
humanite,bd6t556009j,,failed,0,0,,http_manifest,known,403,manifest,"Client error '403 ' for url 'https://openapiproext.bnf.fr/iiif/presentation/v3/ark:/12148/bd6t556009j/manifest.json'
For more information check: https://developer.mozilla.org/en-US/docs/Web/HTTP/Status/403",2026-07-17T16:47:15.337584
humanite,bd6t5559329,,failed,0,0,,http_manifest,known,403,manifest,"Client error '403 ' for url 'https://openapiproext.bnf.fr/iiif/presentation/v3/ark:/12148/bd6t5559329/manifest.json'
For more information check: https://developer.mozilla.org/en-US/docs/Web/HTTP/Status/403",2026-07-17T16:47:16.401459
humanite,bd6t555933n,,failed,0,0,,http_manifest,known,403,manifest,"Client error '403 ' for url 'https://openapiproext.bnf.fr/iiif/presentation/v3/ark:/12148/bd6t555933n/manifest.json'
For more information check: https://developer.mozilla.org/en-US/docs/Web/HTTP/Status/403",2026-07-17T16:47:17.652387
humanite,bd6t5559340,,failed,0,0,,http_manifest,known,403,manifest,"Client error '403 ' for url 'https://openapiproext.bnf.fr/iiif/presentation/v3/ark:/12148/bd6t5559340/manifest.json'
For more information check: https://developer.mozilla.org/en-US/docs/Web/HTTP/Status/403",2026-07-17T16:47:18.789013
humanite,bd6t555935b,,failed,0,0,,http_manifest,known,403,manifest,"Client error '403 ' for url 'https://openapiproext.bnf.fr/iiif/presentation/v3/ark:/12148/bd6t555935b/manifest.json'
For more information check: https://developer.mozilla.org/en-US/docs/Web/HTTP/Status/403",2026-07-17T16:47:19.990900
humanite,bd6t555936p,,failed,0,0,,http_manifest,known,403,manifest,"Client error '403 ' for url 'https://openapiproext.bnf.fr/iiif/presentation/v3/ark:/12148/bd6t555936p/manifest.json'
For more information check: https://developer.mozilla.org/en-US/docs/Web/HTTP/Status/403",2026-07-17T16:47:21.191874
humanite,bd6t5559371,,failed,0,0,,http_manifest,known,403,manifest,"Client error '403 ' for url 'https://openapiproext.bnf.fr/iiif/presentation/v3/ark:/12148/bd6t5559371/manifest.json'
For more information check: https://developer.mozilla.org/en-US/docs/Web/HTTP/Status/403",2026-07-17T16:47:22.387046
humanite,bd6t555938c,,failed,0,0,,http_manifest,known,403,manifest,"Client error '403 ' for url 'https://openapiproext.bnf.fr/iiif/presentation/v3/ark:/12148/bd6t555938c/manifest.json'
For more information check: https://developer.mozilla.org/en-US/docs/Web/HTTP/Status/403",2026-07-17T16:47:23.594846
humanite,bd6t555939q,,failed,0,0,,http_manifest,known,403,manifest,"Client error '403 ' for url 'https://openapiproext.bnf.fr/iiif/presentation/v3/ark:/12148/bd6t555939q/manifest.json'
For more information check: https://developer.mozilla.org/en-US/docs/Web/HTTP/Status/403",2026-07-17T16:47:24.788871
humanite,bd6t555940x,,failed,0,0,,http_manifest,known,403,manifest,"Client error '403 ' for url 'https://openapiproext.bnf.fr/iiif/presentation/v3/ark:/12148/bd6t555940x/manifest.json'
For more information check: https://developer.mozilla.org/en-US/docs/Web/HTTP/Status/403",2026-07-17T16:47:25.992541
humanite,bd6t5559418,,failed,0,0,,http_manifest,known,403,manifest,"Client error '403 ' for url 'https://openapiproext.bnf.fr/iiif/presentation/v3/ark:/12148/bd6t5559418/manifest.json'
For more information check: https://developer.mozilla.org/en-US/docs/Web/HTTP/Status/403",2026-07-17T16:47:27.200614
humanite,bd6t555942m,,failed,0,0,,http_manifest,known,403,manifest,"Client error '403 ' for url 'https://openapiproext.bnf.fr/iiif/presentation/v3/ark:/12148/bd6t555942m/manifest.json'
For more information check: https://developer.mozilla.org/en-US/docs/Web/HTTP/Status/403",2026-07-17T16:47:28.419741
humanite,bd6t555943z,,failed,0,0,,http_manifest,known,403,manifest,"Client error '403 ' for url 'https://openapiproext.bnf.fr/iiif/presentation/v3/ark:/12148/bd6t555943z/manifest.json'
For more information check: https://developer.mozilla.org/en-US/docs/Web/HTTP/Status/403",2026-07-17T16:47:29.595053
humanite,bd6t5559449,,failed,0,0,,http_manifest,known,403,manifest,"Client error '403 ' for url 'https://openapiproext.bnf.fr/iiif/presentation/v3/ark:/12148/bd6t5559449/manifest.json'
For more information check: https://developer.mozilla.org/en-US/docs/Web/HTTP/Status/403",2026-07-17T16:47:30.801619
humanite,bd6t555945n,,failed,0,0,,http_manifest,known,403,manifest,"Client error '403 ' for url 'https://openapiproext.bnf.fr/iiif/presentation/v3/ark:/12148/bd6t555945n/manifest.json'
For more information check: https://developer.mozilla.org/en-US/docs/Web/HTTP/Status/403",2026-07-17T16:47:31.996698
humanite,bd6t5559460,,failed,0,0,,http_manifest,known,403,manifest,"Client error '403 ' for url 'https://openapiproext.bnf.fr/iiif/presentation/v3/ark:/12148/bd6t5559460/manifest.json'
For more information check: https://developer.mozilla.org/en-US/docs/Web/HTTP/Status/403",2026-07-17T16:47:33.201930
humanite,bd6t555947b,,failed,0,0,,http_manifest,known,403,manifest,"Client error '403 ' for url 'https://openapiproext.bnf.fr/iiif/presentation/v3/ark:/12148/bd6t555947b/manifest.json'
For more information check: https://developer.mozilla.org/en-US/docs/Web/HTTP/Status/403",2026-07-17T16:47:34.401714
humanite,bd6t555948p,,failed,0,0,,http_manifest,known,403,manifest,"Client error '403 ' for url 'https://openapiproext.bnf.fr/iiif/presentation/v3/ark:/12148/bd6t555948p/manifest.json'
For more information check: https://developer.mozilla.org/en-US/docs/Web/HTTP/Status/403",2026-07-17T16:47:35.602324
humanite,bd6t5559491,,failed,0,0,,http_manifest,known,403,manifest,"Client error '403 ' for url 'https://openapiproext.bnf.fr/iiif/presentation/v3/ark:/12148/bd6t5559491/manifest.json'
For more information check: https://developer.mozilla.org/en-US/docs/Web/HTTP/Status/403",2026-07-17T16:47:36.805378
humanite,bd6t5559507,,failed,0,0,,http_manifest,known,403,manifest,"Client error '403 ' for url 'https://openapiproext.bnf.fr/iiif/presentation/v3/ark:/12148/bd6t5559507/manifest.json'
For more information check: https://developer.mozilla.org/en-US/docs/Web/HTTP/Status/403",2026-07-17T16:47:38.000144
humanite,bd6t555951k,,failed,0,0,,http_manifest,known,403,manifest,"Client error '403 ' for url 'https://openapiproext.bnf.fr/iiif/presentation/v3/ark:/12148/bd6t555951k/manifest.json'
For more information check: https://developer.mozilla.org/en-US/docs/Web/HTTP/Status/403",2026-07-17T16:47:39.208819
humanite,bd6t555952x,,failed,0,0,,http_manifest,known,403,manifest,"Client error '403 ' for url 'https://openapiproext.bnf.fr/iiif/presentation/v3/ark:/12148/bd6t555952x/manifest.json'
For more information check: https://developer.mozilla.org/en-US/docs/Web/HTTP/Status/403",2026-07-17T16:47:40.432559
humanite,bd6t5559538,,failed,0,0,,http_manifest,known,403,manifest,"Client error '403 ' for url 'https://openapiproext.bnf.fr/iiif/presentation/v3/ark:/12148/bd6t5559538/manifest.json'
For more information check: https://developer.mozilla.org/en-US/docs/Web/HTTP/Status/403",2026-07-17T16:47:41.614576
humanite,bd6t555954m,,failed,0,0,,http_manifest,known,403,manifest,"Client error '403 ' for url 'https://openapiproext.bnf.fr/iiif/presentation/v3/ark:/12148/bd6t555954m/manifest.json'
For more information check: https://developer.mozilla.org/en-US/docs/Web/HTTP/Status/403",2026-07-17T16:47:42.822131
humanite,bd6t555955z,,failed,0,0,,http_manifest,known,403,manifest,"Client error '403 ' for url 'https://openapiproext.bnf.fr/iiif/presentation/v3/ark:/12148/bd6t555955z/manifest.json'
For more information check: https://developer.mozilla.org/en-US/docs/Web/HTTP/Status/403",2026-07-17T16:47:44.011831
humanite,bd6t5559569,,failed,0,0,,http_manifest,known,403,manifest,"Client error '403 ' for url 'https://openapiproext.bnf.fr/iiif/presentation/v3/ark:/12148/bd6t5559569/manifest.json'
For more information check: https://developer.mozilla.org/en-US/docs/Web/HTTP/Status/403",2026-07-17T16:47:45.213317
humanite,bd6t555957n,,failed,0,0,,http_manifest,known,403,manifest,"Client error '403 ' for url 'https://openapiproext.bnf.fr/iiif/presentation/v3/ark:/12148/bd6t555957n/manifest.json'
For more information check: https://developer.mozilla.org/en-US/docs/Web/HTTP/Status/403",2026-07-17T16:47:46.439831
humanite,bd6t5559580,,failed,0,0,,http_manifest,known,403,manifest,"Client error '403 ' for url 'https://openapiproext.bnf.fr/iiif/presentation/v3/ark:/12148/bd6t5559580/manifest.json'
For more information check: https://developer.mozilla.org/en-US/docs/Web/HTTP/Status/403",2026-07-17T16:47:47.618280
humanite,bd6t5559867,,failed,0,0,,http_manifest,known,403,manifest,"Client error '403 ' for url 'https://openapiproext.bnf.fr/iiif/presentation/v3/ark:/12148/bd6t5559867/manifest.json'
For more information check: https://developer.mozilla.org/en-US/docs/Web/HTTP/Status/403",2026-07-17T16:47:48.819881
humanite,bd6t555959b,,failed,0,0,,http_manifest,known,403,manifest,"Client error '403 ' for url 'https://openapiproext.bnf.fr/iiif/presentation/v3/ark:/12148/bd6t555959b/manifest.json'
For more information check: https://developer.mozilla.org/en-US/docs/Web/HTTP/Status/403",2026-07-17T16:47:50.022953
humanite,bd6t555960j,,failed,0,0,,http_manifest,known,403,manifest,"Client error '403 ' for url 'https://openapiproext.bnf.fr/iiif/presentation/v3/ark:/12148/bd6t555960j/manifest.json'
For more information check: https://developer.mozilla.org/en-US/docs/Web/HTTP/Status/403",2026-07-17T16:47:51.222049
humanite,bd6t555961w,,failed,0,0,,http_manifest,known,403,manifest,"Client error '403 ' for url 'https://openapiproext.bnf.fr/iiif/presentation/v3/ark:/12148/bd6t555961w/manifest.json'
For more information check: https://developer.mozilla.org/en-US/docs/Web/HTTP/Status/403",2026-07-17T16:47:52.425726
humanite,bd6t555987k,,failed,0,0,,http_manifest,known,403,manifest,"Client error '403 ' for url 'https://openapiproext.bnf.fr/iiif/presentation/v3/ark:/12148/bd6t555987k/manifest.json'
For more information check: https://developer.mozilla.org/en-US/docs/Web/HTTP/Status/403",2026-07-17T16:47:53.626068
humanite,bd6t555988x,,failed,0,0,,http_manifest,known,403,manifest,"Client error '403 ' for url 'https://openapiproext.bnf.fr/iiif/presentation/v3/ark:/12148/bd6t555988x/manifest.json'
For more information check: https://developer.mozilla.org/en-US/docs/Web/HTTP/Status/403",2026-07-17T16:47:54.832810
humanite,bd6t5559898,,failed,0,0,,http_manifest,known,403,manifest,"Client error '403 ' for url 'https://openapiproext.bnf.fr/iiif/presentation/v3/ark:/12148/bd6t5559898/manifest.json'
For more information check: https://developer.mozilla.org/en-US/docs/Web/HTTP/Status/403",2026-07-17T16:47:56.033340
humanite,bd6t5559627,,failed,0,0,,http_manifest,known,403,manifest,"Client error '403 ' for url 'https://openapiproext.bnf.fr/iiif/presentation/v3/ark:/12148/bd6t5559627/manifest.json'
For more information check: https://developer.mozilla.org/en-US/docs/Web/HTTP/Status/403",2026-07-17T16:47:57.232051
humanite,bd6t555990g,,failed,0,0,,http_manifest,known,403,manifest,"Client error '403 ' for url 'https://openapiproext.bnf.fr/iiif/presentation/v3/ark:/12148/bd6t555990g/manifest.json'
For more information check: https://developer.mozilla.org/en-US/docs/Web/HTTP/Status/403",2026-07-17T16:47:58.520899
humanite,bd6t555963k,,failed,0,0,,http_manifest,known,403,manifest,"Client error '403 ' for url 'https://openapiproext.bnf.fr/iiif/presentation/v3/ark:/12148/bd6t555963k/manifest.json'
For more information check: https://developer.mozilla.org/en-US/docs/Web/HTTP/Status/403",2026-07-17T16:47:59.680207
humanite,bd6t555964x,,failed,0,0,,http_manifest,known,403,manifest,"Client error '403 ' for url 'https://openapiproext.bnf.fr/iiif/presentation/v3/ark:/12148/bd6t555964x/manifest.json'
For more information check: https://developer.mozilla.org/en-US/docs/Web/HTTP/Status/403",2026-07-17T16:48:00.841701
humanite,bd6t555991t,,failed,0,0,,http_manifest,known,403,manifest,"Client error '403 ' for url 'https://openapiproext.bnf.fr/iiif/presentation/v3/ark:/12148/bd6t555991t/manifest.json'
For more information check: https://developer.mozilla.org/en-US/docs/Web/HTTP/Status/403",2026-07-17T16:48:02.057261
humanite,bd6t5559925,,failed,0,0,,http_manifest,known,403,manifest,"Client error '403 ' for url 'https://openapiproext.bnf.fr/iiif/presentation/v3/ark:/12148/bd6t5559925/manifest.json'
For more information check: https://developer.mozilla.org/en-US/docs/Web/HTTP/Status/403",2026-07-17T16:48:03.246647
humanite,bd6t5559658,,failed,0,0,,http_manifest,known,403,manifest,"Client error '403 ' for url 'https://openapiproext.bnf.fr/iiif/presentation/v3/ark:/12148/bd6t5559658/manifest.json'
For more information check: https://developer.mozilla.org/en-US/docs/Web/HTTP/Status/403",2026-07-17T16:48:04.627962
humanite,bd6t555966m,,failed,0,0,,http_manifest,known,403,manifest,"Client error '403 ' for url 'https://openapiproext.bnf.fr/iiif/presentation/v3/ark:/12148/bd6t555966m/manifest.json'
For more information check: https://developer.mozilla.org/en-US/docs/Web/HTTP/Status/403",2026-07-17T16:48:05.655854
humanite,bd6t555967z,,failed,0,0,,http_manifest,known,403,manifest,"Client error '403 ' for url 'https://openapiproext.bnf.fr/iiif/presentation/v3/ark:/12148/bd6t555967z/manifest.json'
For more information check: https://developer.mozilla.org/en-US/docs/Web/HTTP/Status/403",2026-07-17T16:48:06.848925
humanite,bd6t555993h,,failed,0,0,,http_manifest,known,403,manifest,"Client error '403 ' for url 'https://openapiproext.bnf.fr/iiif/presentation/v3/ark:/12148/bd6t555993h/manifest.json'
For more information check: https://developer.mozilla.org/en-US/docs/Web/HTTP/Status/403",2026-07-17T16:48:08.047676
humanite,bd6t555994v,,failed,0,0,,http_manifest,known,403,manifest,"Client error '403 ' for url 'https://openapiproext.bnf.fr/iiif/presentation/v3/ark:/12148/bd6t555994v/manifest.json'
For more information check: https://developer.mozilla.org/en-US/docs/Web/HTTP/Status/403",2026-07-17T16:48:09.255625
humanite,bd6t5559689,,failed,0,0,,http_manifest,known,403,manifest,"Client error '403 ' for url 'https://openapiproext.bnf.fr/iiif/presentation/v3/ark:/12148/bd6t5559689/manifest.json'
For more information check: https://developer.mozilla.org/en-US/docs/Web/HTTP/Status/403",2026-07-17T16:48:10.475128
humanite,bd6t555969n,,failed,0,0,,http_manifest,known,403,manifest,"Client error '403 ' for url 'https://openapiproext.bnf.fr/iiif/presentation/v3/ark:/12148/bd6t555969n/manifest.json'
For more information check: https://developer.mozilla.org/en-US/docs/Web/HTTP/Status/403",2026-07-17T16:48:11.651723
humanite,bd6t555970v,,failed,0,0,,http_manifest,known,403,manifest,"Client error '403 ' for url 'https://openapiproext.bnf.fr/iiif/presentation/v3/ark:/12148/bd6t555970v/manifest.json'
For more information check: https://developer.mozilla.org/en-US/docs/Web/HTTP/Status/403",2026-07-17T16:48:12.895016
humanite,bd6t5559716,,failed,0,0,,http_manifest,known,403,manifest,"Client error '403 ' for url 'https://openapiproext.bnf.fr/iiif/presentation/v3/ark:/12148/bd6t5559716/manifest.json'
For more information check: https://developer.mozilla.org/en-US/docs/Web/HTTP/Status/403",2026-07-17T16:48:14.058387
humanite,bd6t555972j,,failed,0,0,,http_manifest,known,403,manifest,"Client error '403 ' for url 'https://openapiproext.bnf.fr/iiif/presentation/v3/ark:/12148/bd6t555972j/manifest.json'
For more information check: https://developer.mozilla.org/en-US/docs/Web/HTTP/Status/403",2026-07-17T16:48:15.257447
humanite,bd6t555973w,,failed,0,0,,http_manifest,known,403,manifest,"Client error '403 ' for url 'https://openapiproext.bnf.fr/iiif/presentation/v3/ark:/12148/bd6t555973w/manifest.json'
For more information check: https://developer.mozilla.org/en-US/docs/Web/HTTP/Status/403",2026-07-17T16:48:16.768094
humanite,bd6t5559747,,failed,0,0,,http_manifest,known,403,manifest,"Client error '403 ' for url 'https://openapiproext.bnf.fr/iiif/presentation/v3/ark:/12148/bd6t5559747/manifest.json'
For more information check: https://developer.mozilla.org/en-US/docs/Web/HTTP/Status/403",2026-07-17T16:48:17.686252
humanite,bd6t555975k,,failed,0,0,,http_manifest,known,403,manifest,"Client error '403 ' for url 'https://openapiproext.bnf.fr/iiif/presentation/v3/ark:/12148/bd6t555975k/manifest.json'
For more information check: https://developer.mozilla.org/en-US/docs/Web/HTTP/Status/403",2026-07-17T16:48:18.911715
humanite,bd6t555976x,,failed,0,0,,http_manifest,known,403,manifest,"Client error '403 ' for url 'https://openapiproext.bnf.fr/iiif/presentation/v3/ark:/12148/bd6t555976x/manifest.json'
For more information check: https://developer.mozilla.org/en-US/docs/Web/HTTP/Status/403",2026-07-17T16:48:20.066254
humanite,bd6t5559778,,failed,0,0,,http_manifest,known,403,manifest,"Client error '403 ' for url 'https://openapiproext.bnf.fr/iiif/presentation/v3/ark:/12148/bd6t5559778/manifest.json'
For more information check: https://developer.mozilla.org/en-US/docs/Web/HTTP/Status/403",2026-07-17T16:48:21.287414
humanite,bd6t555978m,,failed,0,0,,http_manifest,known,403,manifest,"Client error '403 ' for url 'https://openapiproext.bnf.fr/iiif/presentation/v3/ark:/12148/bd6t555978m/manifest.json'
For more information check: https://developer.mozilla.org/en-US/docs/Web/HTTP/Status/403",2026-07-17T16:48:22.482063
humanite,bd6t555979z,,failed,0,0,,http_manifest,known,403,manifest,"Client error '403 ' for url 'https://openapiproext.bnf.fr/iiif/presentation/v3/ark:/12148/bd6t555979z/manifest.json'
For more information check: https://developer.mozilla.org/en-US/docs/Web/HTTP/Status/403",2026-07-17T16:48:23.666560
humanite,bd6t5559805,,failed,0,0,,http_manifest,known,403,manifest,"Client error '403 ' for url 'https://openapiproext.bnf.fr/iiif/presentation/v3/ark:/12148/bd6t5559805/manifest.json'
For more information check: https://developer.mozilla.org/en-US/docs/Web/HTTP/Status/403",2026-07-17T16:48:24.874022
humanite,bd6t555981h,,failed,0,0,,http_manifest,known,403,manifest,"Client error '403 ' for url 'https://openapiproext.bnf.fr/iiif/presentation/v3/ark:/12148/bd6t555981h/manifest.json'
For more information check: https://developer.mozilla.org/en-US/docs/Web/HTTP/Status/403",2026-07-17T16:48:26.069026
humanite,bd6t555982v,,failed,0,0,,http_manifest,known,403,manifest,"Client error '403 ' for url 'https://openapiproext.bnf.fr/iiif/presentation/v3/ark:/12148/bd6t555982v/manifest.json'
For more information check: https://developer.mozilla.org/en-US/docs/Web/HTTP/Status/403",2026-07-17T16:48:27.272564
humanite,bd6t5559836,,failed,0,0,,http_manifest,known,403,manifest,"Client error '403 ' for url 'https://openapiproext.bnf.fr/iiif/presentation/v3/ark:/12148/bd6t5559836/manifest.json'
For more information check: https://developer.mozilla.org/en-US/docs/Web/HTTP/Status/403",2026-07-17T16:48:28.497854
humanite,bd6t555984j,,failed,0,0,,http_manifest,known,403,manifest,"Client error '403 ' for url 'https://openapiproext.bnf.fr/iiif/presentation/v3/ark:/12148/bd6t555984j/manifest.json'
For more information check: https://developer.mozilla.org/en-US/docs/Web/HTTP/Status/403",2026-07-17T16:48:29.677256
humanite,bd6t555985w,,failed,0,0,,http_manifest,known,403,manifest,"Client error '403 ' for url 'https://openapiproext.bnf.fr/iiif/presentation/v3/ark:/12148/bd6t555985w/manifest.json'
For more information check: https://developer.mozilla.org/en-US/docs/Web/HTTP/Status/403",2026-07-17T16:48:30.880896
humanite,bd6t556376h,,failed,0,0,,http_manifest,known,403,manifest,"Client error '403 ' for url 'https://openapiproext.bnf.fr/iiif/presentation/v3/ark:/12148/bd6t556376h/manifest.json'
For more information check: https://developer.mozilla.org/en-US/docs/Web/HTTP/Status/403",2026-07-17T16:48:32.077533
humanite,bd6t556377v,,failed,0,0,,http_manifest,known,403,manifest,"Client error '403 ' for url 'https://openapiproext.bnf.fr/iiif/presentation/v3/ark:/12148/bd6t556377v/manifest.json'
For more information check: https://developer.mozilla.org/en-US/docs/Web/HTTP/Status/403",2026-07-17T16:48:33.283894
humanite,bd6t5563786,,failed,0,0,,http_manifest,known,403,manifest,"Client error '403 ' for url 'https://openapiproext.bnf.fr/iiif/presentation/v3/ark:/12148/bd6t5563786/manifest.json'
For more information check: https://developer.mozilla.org/en-US/docs/Web/HTTP/Status/403",2026-07-17T16:48:34.483400
humanite,bd6t556379j,,failed,0,0,,http_manifest,known,403,manifest,"Client error '403 ' for url 'https://openapiproext.bnf.fr/iiif/presentation/v3/ark:/12148/bd6t556379j/manifest.json'
For more information check: https://developer.mozilla.org/en-US/docs/Web/HTTP/Status/403",2026-07-17T16:48:35.691692
humanite,bd6t556380r,,failed,0,0,,http_manifest,known,403,manifest,"Client error '403 ' for url 'https://openapiproext.bnf.fr/iiif/presentation/v3/ark:/12148/bd6t556380r/manifest.json'
For more information check: https://developer.mozilla.org/en-US/docs/Web/HTTP/Status/403",2026-07-17T16:48:36.885359
humanite,bd6t5563813,,failed,0,0,,http_manifest,known,403,manifest,"Client error '403 ' for url 'https://openapiproext.bnf.fr/iiif/presentation/v3/ark:/12148/bd6t5563813/manifest.json'
For more information check: https://developer.mozilla.org/en-US/docs/Web/HTTP/Status/403",2026-07-17T16:48:38.093765
humanite,bd6t556382f,,failed,0,0,,http_manifest,known,403,manifest,"Client error '403 ' for url 'https://openapiproext.bnf.fr/iiif/presentation/v3/ark:/12148/bd6t556382f/manifest.json'
For more information check: https://developer.mozilla.org/en-US/docs/Web/HTTP/Status/403",2026-07-17T16:48:39.305858
humanite,bd6t556383s,,failed,0,0,,http_manifest,known,403,manifest,"Client error '403 ' for url 'https://openapiproext.bnf.fr/iiif/presentation/v3/ark:/12148/bd6t556383s/manifest.json'
For more information check: https://developer.mozilla.org/en-US/docs/Web/HTTP/Status/403",2026-07-17T16:48:40.488173
humanite,bd6t5563844,,failed,0,0,,http_manifest,known,403,manifest,"Client error '403 ' for url 'https://openapiproext.bnf.fr/iiif/presentation/v3/ark:/12148/bd6t5563844/manifest.json'
For more information check: https://developer.mozilla.org/en-US/docs/Web/HTTP/Status/403",2026-07-17T16:48:41.693279
humanite,bd6t556385g,,failed,0,0,,http_manifest,known,403,manifest,"Client error '403 ' for url 'https://openapiproext.bnf.fr/iiif/presentation/v3/ark:/12148/bd6t556385g/manifest.json'
For more information check: https://developer.mozilla.org/en-US/docs/Web/HTTP/Status/403",2026-07-17T16:48:42.891558
humanite,bd6t556386t,,failed,0,0,,http_manifest,known,403,manifest,"Client error '403 ' for url 'https://openapiproext.bnf.fr/iiif/presentation/v3/ark:/12148/bd6t556386t/manifest.json'
For more information check: https://developer.mozilla.org/en-US/docs/Web/HTTP/Status/403",2026-07-17T16:48:44.092019
humanite,bd6t5563875,,failed,0,0,,http_manifest,known,403,manifest,"Client error '403 ' for url 'https://openapiproext.bnf.fr/iiif/presentation/v3/ark:/12148/bd6t5563875/manifest.json'
For more information check: https://developer.mozilla.org/en-US/docs/Web/HTTP/Status/403",2026-07-17T16:48:45.296826
humanite,bd6t556388h,,failed,0,0,,http_manifest,known,403,manifest,"Client error '403 ' for url 'https://openapiproext.bnf.fr/iiif/presentation/v3/ark:/12148/bd6t556388h/manifest.json'
For more information check: https://developer.mozilla.org/en-US/docs/Web/HTTP/Status/403",2026-07-17T16:48:46.496988
humanite,bd6t556389v,,failed,0,0,,http_manifest,known,403,manifest,"Client error '403 ' for url 'https://openapiproext.bnf.fr/iiif/presentation/v3/ark:/12148/bd6t556389v/manifest.json'
For more information check: https://developer.mozilla.org/en-US/docs/Web/HTTP/Status/403",2026-07-17T16:48:47.698059
humanite,bd6t5563902,,failed,0,0,,http_manifest,known,403,manifest,"Client error '403 ' for url 'https://openapiproext.bnf.fr/iiif/presentation/v3/ark:/12148/bd6t5563902/manifest.json'
For more information check: https://developer.mozilla.org/en-US/docs/Web/HTTP/Status/403",2026-07-17T16:48:48.898195
humanite,bd6t556391d,,failed,0,0,,http_manifest,known,403,manifest,"Client error '403 ' for url 'https://openapiproext.bnf.fr/iiif/presentation/v3/ark:/12148/bd6t556391d/manifest.json'
For more information check: https://developer.mozilla.org/en-US/docs/Web/HTTP/Status/403",2026-07-17T16:48:50.127709
humanite,bd6t556392r,,failed,0,0,,http_manifest,known,403,manifest,"Client error '403 ' for url 'https://openapiproext.bnf.fr/iiif/presentation/v3/ark:/12148/bd6t556392r/manifest.json'
For more information check: https://developer.mozilla.org/en-US/docs/Web/HTTP/Status/403",2026-07-17T16:48:51.301734
humanite,bd6t5563933,,failed,0,0,,http_manifest,known,403,manifest,"Client error '403 ' for url 'https://openapiproext.bnf.fr/iiif/presentation/v3/ark:/12148/bd6t5563933/manifest.json'
For more information check: https://developer.mozilla.org/en-US/docs/Web/HTTP/Status/403",2026-07-17T16:48:52.512058
humanite,bd6t556394f,,failed,0,0,,http_manifest,known,403,manifest,"Client error '403 ' for url 'https://openapiproext.bnf.fr/iiif/presentation/v3/ark:/12148/bd6t556394f/manifest.json'
For more information check: https://developer.mozilla.org/en-US/docs/Web/HTTP/Status/403",2026-07-17T16:48:53.706891
humanite,bd6t556395s,,failed,0,0,,http_manifest,known,403,manifest,"Client error '403 ' for url 'https://openapiproext.bnf.fr/iiif/presentation/v3/ark:/12148/bd6t556395s/manifest.json'
For more information check: https://developer.mozilla.org/en-US/docs/Web/HTTP/Status/403",2026-07-17T16:48:54.908818
humanite,bd6t5563964,,failed,0,0,,http_manifest,known,403,manifest,"Client error '403 ' for url 'https://openapiproext.bnf.fr/iiif/presentation/v3/ark:/12148/bd6t5563964/manifest.json'
For more information check: https://developer.mozilla.org/en-US/docs/Web/HTTP/Status/403",2026-07-17T16:48:56.107918
humanite,bd6t556397g,,failed,0,0,,http_manifest,known,403,manifest,"Client error '403 ' for url 'https://openapiproext.bnf.fr/iiif/presentation/v3/ark:/12148/bd6t556397g/manifest.json'
For more information check: https://developer.mozilla.org/en-US/docs/Web/HTTP/Status/403",2026-07-17T16:48:57.312384
humanite,bd6t556398t,,failed,0,0,,http_manifest,known,403,manifest,"Client error '403 ' for url 'https://openapiproext.bnf.fr/iiif/presentation/v3/ark:/12148/bd6t556398t/manifest.json'
For more information check: https://developer.mozilla.org/en-US/docs/Web/HTTP/Status/403",2026-07-17T16:48:58.513817
humanite,bd6t5563995,,failed,0,0,,http_manifest,known,403,manifest,"Client error '403 ' for url 'https://openapiproext.bnf.fr/iiif/presentation/v3/ark:/12148/bd6t5563995/manifest.json'
For more information check: https://developer.mozilla.org/en-US/docs/Web/HTTP/Status/403",2026-07-17T16:48:59.715689
humanite,bd6t556400j,,failed,0,0,,http_manifest,known,403,manifest,"Client error '403 ' for url 'https://openapiproext.bnf.fr/iiif/presentation/v3/ark:/12148/bd6t556400j/manifest.json'
For more information check: https://developer.mozilla.org/en-US/docs/Web/HTTP/Status/403",2026-07-17T16:49:00.966084
humanite,bd6t556401w,,failed,0,0,,http_manifest,known,403,manifest,"Client error '403 ' for url 'https://openapiproext.bnf.fr/iiif/presentation/v3/ark:/12148/bd6t556401w/manifest.json'
For more information check: https://developer.mozilla.org/en-US/docs/Web/HTTP/Status/403",2026-07-17T16:49:02.124814
humanite,bd6t5564027,,failed,0,0,,http_manifest,known,403,manifest,"Client error '403 ' for url 'https://openapiproext.bnf.fr/iiif/presentation/v3/ark:/12148/bd6t5564027/manifest.json'
For more information check: https://developer.mozilla.org/en-US/docs/Web/HTTP/Status/403",2026-07-17T16:49:03.324734
humanite,bd6t556403k,,failed,0,0,,http_manifest,known,403,manifest,"Client error '403 ' for url 'https://openapiproext.bnf.fr/iiif/presentation/v3/ark:/12148/bd6t556403k/manifest.json'
For more information check: https://developer.mozilla.org/en-US/docs/Web/HTTP/Status/403",2026-07-17T16:49:04.599433
humanite,bd6t556404x,,failed,0,0,,http_manifest,known,403,manifest,"Client error '403 ' for url 'https://openapiproext.bnf.fr/iiif/presentation/v3/ark:/12148/bd6t556404x/manifest.json'
For more information check: https://developer.mozilla.org/en-US/docs/Web/HTTP/Status/403",2026-07-17T16:49:05.852729
humanite,bd6t5564058,,failed,0,0,,http_manifest,known,403,manifest,"Client error '403 ' for url 'https://openapiproext.bnf.fr/iiif/presentation/v3/ark:/12148/bd6t5564058/manifest.json'
For more information check: https://developer.mozilla.org/en-US/docs/Web/HTTP/Status/403",2026-07-17T16:49:06.928879
humanite,bd6t556406m,,failed,0,0,,http_manifest,known,403,manifest,"Client error '403 ' for url 'https://openapiproext.bnf.fr/iiif/presentation/v3/ark:/12148/bd6t556406m/manifest.json'
For more information check: https://developer.mozilla.org/en-US/docs/Web/HTTP/Status/403",2026-07-17T16:49:08.310661
humanite,bd6t556407z,,failed,0,0,,http_manifest,known,403,manifest,"Client error '403 ' for url 'https://openapiproext.bnf.fr/iiif/presentation/v3/ark:/12148/bd6t556407z/manifest.json'
For more information check: https://developer.mozilla.org/en-US/docs/Web/HTTP/Status/403",2026-07-17T16:49:09.504508
humanite,bd6t5564089,,failed,0,0,,http_manifest,known,403,manifest,"Client error '403 ' for url 'https://openapiproext.bnf.fr/iiif/presentation/v3/ark:/12148/bd6t5564089/manifest.json'
For more information check: https://developer.mozilla.org/en-US/docs/Web/HTTP/Status/403",2026-07-17T16:49:10.733560
humanite,bd6t556409n,,failed,0,0,,http_manifest,known,403,manifest,"Client error '403 ' for url 'https://openapiproext.bnf.fr/iiif/presentation/v3/ark:/12148/bd6t556409n/manifest.json'
For more information check: https://developer.mozilla.org/en-US/docs/Web/HTTP/Status/403",2026-07-17T16:49:11.802839
humanite,bd6t556410v,,failed,0,0,,http_manifest,known,403,manifest,"Client error '403 ' for url 'https://openapiproext.bnf.fr/iiif/presentation/v3/ark:/12148/bd6t556410v/manifest.json'
For more information check: https://developer.mozilla.org/en-US/docs/Web/HTTP/Status/403",2026-07-17T16:49:12.932416
humanite,bd6t5564116,,failed,0,0,,http_manifest,known,403,manifest,"Client error '403 ' for url 'https://openapiproext.bnf.fr/iiif/presentation/v3/ark:/12148/bd6t5564116/manifest.json'
For more information check: https://developer.mozilla.org/en-US/docs/Web/HTTP/Status/403",2026-07-17T16:49:14.292225
humanite,bd6t556412j,,failed,0,0,,http_manifest,known,403,manifest,"Client error '403 ' for url 'https://openapiproext.bnf.fr/iiif/presentation/v3/ark:/12148/bd6t556412j/manifest.json'
For more information check: https://developer.mozilla.org/en-US/docs/Web/HTTP/Status/403",2026-07-17T16:49:15.611086
humanite,bd6t556413w,,failed,0,0,,http_manifest,known,403,manifest,"Client error '403 ' for url 'https://openapiproext.bnf.fr/iiif/presentation/v3/ark:/12148/bd6t556413w/manifest.json'
For more information check: https://developer.mozilla.org/en-US/docs/Web/HTTP/Status/403",2026-07-17T16:49:16.542942
humanite,bd6t5564147,,failed,0,0,,http_manifest,known,403,manifest,"Client error '403 ' for url 'https://openapiproext.bnf.fr/iiif/presentation/v3/ark:/12148/bd6t5564147/manifest.json'
For more information check: https://developer.mozilla.org/en-US/docs/Web/HTTP/Status/403",2026-07-17T16:49:17.737822
humanite,bd6t556415k,,failed,0,0,,http_manifest,known,403,manifest,"Client error '403 ' for url 'https://openapiproext.bnf.fr/iiif/presentation/v3/ark:/12148/bd6t556415k/manifest.json'
For more information check: https://developer.mozilla.org/en-US/docs/Web/HTTP/Status/403",2026-07-17T16:49:18.967057
humanite,bd6t556416x,,failed,0,0,,http_manifest,known,403,manifest,"Client error '403 ' for url 'https://openapiproext.bnf.fr/iiif/presentation/v3/ark:/12148/bd6t556416x/manifest.json'
For more information check: https://developer.mozilla.org/en-US/docs/Web/HTTP/Status/403",2026-07-17T16:49:20.141043
humanite,bd6t5564178,,failed,0,0,,http_manifest,known,403,manifest,"Client error '403 ' for url 'https://openapiproext.bnf.fr/iiif/presentation/v3/ark:/12148/bd6t5564178/manifest.json'
For more information check: https://developer.mozilla.org/en-US/docs/Web/HTTP/Status/403",2026-07-17T16:49:21.346198
humanite,bd6t556418m,,failed,0,0,,http_manifest,known,403,manifest,"Client error '403 ' for url 'https://openapiproext.bnf.fr/iiif/presentation/v3/ark:/12148/bd6t556418m/manifest.json'
For more information check: https://developer.mozilla.org/en-US/docs/Web/HTTP/Status/403",2026-07-17T16:49:22.546665
humanite,bd6t556419z,,failed,0,0,,http_manifest,known,403,manifest,"Client error '403 ' for url 'https://openapiproext.bnf.fr/iiif/presentation/v3/ark:/12148/bd6t556419z/manifest.json'
For more information check: https://developer.mozilla.org/en-US/docs/Web/HTTP/Status/403",2026-07-17T16:49:23.748142
humanite,bd6t5564205,,failed,0,0,,http_manifest,known,403,manifest,"Client error '403 ' for url 'https://openapiproext.bnf.fr/iiif/presentation/v3/ark:/12148/bd6t5564205/manifest.json'
For more information check: https://developer.mozilla.org/en-US/docs/Web/HTTP/Status/403",2026-07-17T16:49:24.950316
humanite,bd6t556421h,,failed,0,0,,http_manifest,known,403,manifest,"Client error '403 ' for url 'https://openapiproext.bnf.fr/iiif/presentation/v3/ark:/12148/bd6t556421h/manifest.json'
For more information check: https://developer.mozilla.org/en-US/docs/Web/HTTP/Status/403",2026-07-17T16:49:26.153603
humanite,bd6t556422v,,failed,0,0,,http_manifest,known,403,manifest,"Client error '403 ' for url 'https://openapiproext.bnf.fr/iiif/presentation/v3/ark:/12148/bd6t556422v/manifest.json'
For more information check: https://developer.mozilla.org/en-US/docs/Web/HTTP/Status/403",2026-07-17T16:49:27.351819
humanite,bd6t5564236,,failed,0,0,,http_manifest,known,403,manifest,"Client error '403 ' for url 'https://openapiproext.bnf.fr/iiif/presentation/v3/ark:/12148/bd6t5564236/manifest.json'
For more information check: https://developer.mozilla.org/en-US/docs/Web/HTTP/Status/403",2026-07-17T16:49:28.556194
humanite,bd6t556424j,,failed,0,0,,http_manifest,known,403,manifest,"Client error '403 ' for url 'https://openapiproext.bnf.fr/iiif/presentation/v3/ark:/12148/bd6t556424j/manifest.json'
For more information check: https://developer.mozilla.org/en-US/docs/Web/HTTP/Status/403",2026-07-17T16:49:29.756866
humanite,bd6t556425w,,failed,0,0,,http_manifest,known,403,manifest,"Client error '403 ' for url 'https://openapiproext.bnf.fr/iiif/presentation/v3/ark:/12148/bd6t556425w/manifest.json'
For more information check: https://developer.mozilla.org/en-US/docs/Web/HTTP/Status/403",2026-07-17T16:49:30.980926
humanite,bd6t5564267,,failed,0,0,,http_manifest,known,403,manifest,"Client error '403 ' for url 'https://openapiproext.bnf.fr/iiif/presentation/v3/ark:/12148/bd6t5564267/manifest.json'
For more information check: https://developer.mozilla.org/en-US/docs/Web/HTTP/Status/403",2026-07-17T16:49:32.163724
humanite,bd6t556427k,,failed,0,0,,http_manifest,known,403,manifest,"Client error '403 ' for url 'https://openapiproext.bnf.fr/iiif/presentation/v3/ark:/12148/bd6t556427k/manifest.json'
For more information check: https://developer.mozilla.org/en-US/docs/Web/HTTP/Status/403",2026-07-17T16:49:33.360276
humanite,bd6t556428x,,failed,0,0,,http_manifest,known,403,manifest,"Client error '403 ' for url 'https://openapiproext.bnf.fr/iiif/presentation/v3/ark:/12148/bd6t556428x/manifest.json'
For more information check: https://developer.mozilla.org/en-US/docs/Web/HTTP/Status/403",2026-07-17T16:49:34.562171
humanite,bd6t5564298,,failed,0,0,,http_manifest,known,403,manifest,"Client error '403 ' for url 'https://openapiproext.bnf.fr/iiif/presentation/v3/ark:/12148/bd6t5564298/manifest.json'
For more information check: https://developer.mozilla.org/en-US/docs/Web/HTTP/Status/403",2026-07-17T16:49:35.764242
humanite,bd6t556430g,,failed,0,0,,http_manifest,known,403,manifest,"Client error '403 ' for url 'https://openapiproext.bnf.fr/iiif/presentation/v3/ark:/12148/bd6t556430g/manifest.json'
For more information check: https://developer.mozilla.org/en-US/docs/Web/HTTP/Status/403",2026-07-17T16:49:36.997740
humanite,bd6t556431t,,failed,0,0,,http_manifest,known,403,manifest,"Client error '403 ' for url 'https://openapiproext.bnf.fr/iiif/presentation/v3/ark:/12148/bd6t556431t/manifest.json'
For more information check: https://developer.mozilla.org/en-US/docs/Web/HTTP/Status/403",2026-07-17T16:49:38.166075
humanite,bd6t5564325,,failed,0,0,,http_manifest,known,403,manifest,"Client error '403 ' for url 'https://openapiproext.bnf.fr/iiif/presentation/v3/ark:/12148/bd6t5564325/manifest.json'
For more information check: https://developer.mozilla.org/en-US/docs/Web/HTTP/Status/403",2026-07-17T16:49:39.375103
humanite,bd6t556433h,,failed,0,0,,http_manifest,known,403,manifest,"Client error '403 ' for url 'https://openapiproext.bnf.fr/iiif/presentation/v3/ark:/12148/bd6t556433h/manifest.json'
For more information check: https://developer.mozilla.org/en-US/docs/Web/HTTP/Status/403",2026-07-17T16:49:40.573009
humanite,bd6t556434v,,failed,0,0,,http_manifest,known,403,manifest,"Client error '403 ' for url 'https://openapiproext.bnf.fr/iiif/presentation/v3/ark:/12148/bd6t556434v/manifest.json'
For more information check: https://developer.mozilla.org/en-US/docs/Web/HTTP/Status/403",2026-07-17T16:49:41.773899
humanite,bd6t5564356,,failed,0,0,,http_manifest,known,403,manifest,"Client error '403 ' for url 'https://openapiproext.bnf.fr/iiif/presentation/v3/ark:/12148/bd6t5564356/manifest.json'
For more information check: https://developer.mozilla.org/en-US/docs/Web/HTTP/Status/403",2026-07-17T16:49:42.980589
humanite,bd6t556436j,,failed,0,0,,http_manifest,known,403,manifest,"Client error '403 ' for url 'https://openapiproext.bnf.fr/iiif/presentation/v3/ark:/12148/bd6t556436j/manifest.json'
For more information check: https://developer.mozilla.org/en-US/docs/Web/HTTP/Status/403",2026-07-17T16:49:44.177985
humanite,bd6t556437w,,failed,0,0,,http_manifest,known,403,manifest,"Client error '403 ' for url 'https://openapiproext.bnf.fr/iiif/presentation/v3/ark:/12148/bd6t556437w/manifest.json'
For more information check: https://developer.mozilla.org/en-US/docs/Web/HTTP/Status/403",2026-07-17T16:49:45.378610
humanite,bd6t5564387,,failed,0,0,,http_manifest,known,403,manifest,"Client error '403 ' for url 'https://openapiproext.bnf.fr/iiif/presentation/v3/ark:/12148/bd6t5564387/manifest.json'
For more information check: https://developer.mozilla.org/en-US/docs/Web/HTTP/Status/403",2026-07-17T16:49:46.578159
humanite,bd6t556439k,,failed,0,0,,http_manifest,known,403,manifest,"Client error '403 ' for url 'https://openapiproext.bnf.fr/iiif/presentation/v3/ark:/12148/bd6t556439k/manifest.json'
For more information check: https://developer.mozilla.org/en-US/docs/Web/HTTP/Status/403",2026-07-17T16:49:47.778657
humanite,bd6t556440s,,failed,0,0,,http_manifest,known,403,manifest,"Client error '403 ' for url 'https://openapiproext.bnf.fr/iiif/presentation/v3/ark:/12148/bd6t556440s/manifest.json'
For more information check: https://developer.mozilla.org/en-US/docs/Web/HTTP/Status/403",2026-07-17T16:49:49.006342
humanite,bd6t5564414,,failed,0,0,,http_manifest,known,403,manifest,"Client error '403 ' for url 'https://openapiproext.bnf.fr/iiif/presentation/v3/ark:/12148/bd6t5564414/manifest.json'
For more information check: https://developer.mozilla.org/en-US/docs/Web/HTTP/Status/403",2026-07-17T16:49:50.183968
humanite,bd6t556442g,,failed,0,0,,http_manifest,known,403,manifest,"Client error '403 ' for url 'https://openapiproext.bnf.fr/iiif/presentation/v3/ark:/12148/bd6t556442g/manifest.json'
For more information check: https://developer.mozilla.org/en-US/docs/Web/HTTP/Status/403",2026-07-17T16:49:51.394704
humanite,bd6t556443t,,failed,0,0,,http_manifest,known,403,manifest,"Client error '403 ' for url 'https://openapiproext.bnf.fr/iiif/presentation/v3/ark:/12148/bd6t556443t/manifest.json'
For more information check: https://developer.mozilla.org/en-US/docs/Web/HTTP/Status/403",2026-07-17T16:49:52.589958
humanite,bd6t5564445,,failed,0,0,,http_manifest,known,403,manifest,"Client error '403 ' for url 'https://openapiproext.bnf.fr/iiif/presentation/v3/ark:/12148/bd6t5564445/manifest.json'
For more information check: https://developer.mozilla.org/en-US/docs/Web/HTTP/Status/403",2026-07-17T16:49:53.793139
humanite,bd6t556445h,,failed,0,0,,http_manifest,known,403,manifest,"Client error '403 ' for url 'https://openapiproext.bnf.fr/iiif/presentation/v3/ark:/12148/bd6t556445h/manifest.json'
For more information check: https://developer.mozilla.org/en-US/docs/Web/HTTP/Status/403",2026-07-17T16:49:54.991353
humanite,bd6t556446v,,failed,0,0,,http_manifest,known,403,manifest,"Client error '403 ' for url 'https://openapiproext.bnf.fr/iiif/presentation/v3/ark:/12148/bd6t556446v/manifest.json'
For more information check: https://developer.mozilla.org/en-US/docs/Web/HTTP/Status/403",2026-07-17T16:49:56.194698
humanite,bd6t5564476,,failed,0,0,,http_manifest,known,403,manifest,"Client error '403 ' for url 'https://openapiproext.bnf.fr/iiif/presentation/v3/ark:/12148/bd6t5564476/manifest.json'
For more information check: https://developer.mozilla.org/en-US/docs/Web/HTTP/Status/403",2026-07-17T16:49:57.672120
humanite,bd6t556448j,,failed,0,0,,http_manifest,known,403,manifest,"Client error '403 ' for url 'https://openapiproext.bnf.fr/iiif/presentation/v3/ark:/12148/bd6t556448j/manifest.json'
For more information check: https://developer.mozilla.org/en-US/docs/Web/HTTP/Status/403",2026-07-17T16:49:58.735373
humanite,bd6t556449w,,failed,0,0,,http_manifest,known,403,manifest,"Client error '403 ' for url 'https://openapiproext.bnf.fr/iiif/presentation/v3/ark:/12148/bd6t556449w/manifest.json'
For more information check: https://developer.mozilla.org/en-US/docs/Web/HTTP/Status/403",2026-07-17T16:49:59.800918
humanite,bd6t5564503,,failed,0,0,,http_manifest,known,403,manifest,"Client error '403 ' for url 'https://openapiproext.bnf.fr/iiif/presentation/v3/ark:/12148/bd6t5564503/manifest.json'
For more information check: https://developer.mozilla.org/en-US/docs/Web/HTTP/Status/403",2026-07-17T16:50:01.029897
humanite,bd6t556451f,,failed,0,0,,http_manifest,known,403,manifest,"Client error '403 ' for url 'https://openapiproext.bnf.fr/iiif/presentation/v3/ark:/12148/bd6t556451f/manifest.json'
For more information check: https://developer.mozilla.org/en-US/docs/Web/HTTP/Status/403",2026-07-17T16:50:02.209179
humanite,bd6t556452s,,failed,0,0,,http_manifest,known,403,manifest,"Client error '403 ' for url 'https://openapiproext.bnf.fr/iiif/presentation/v3/ark:/12148/bd6t556452s/manifest.json'
For more information check: https://developer.mozilla.org/en-US/docs/Web/HTTP/Status/403",2026-07-17T16:50:03.402174
humanite,bd6t5564534,,failed,0,0,,http_manifest,known,403,manifest,"Client error '403 ' for url 'https://openapiproext.bnf.fr/iiif/presentation/v3/ark:/12148/bd6t5564534/manifest.json'
For more information check: https://developer.mozilla.org/en-US/docs/Web/HTTP/Status/403",2026-07-17T16:50:04.710848
humanite,bd6t555848d,,failed,0,0,,http_manifest,known,403,manifest,"Client error '403 ' for url 'https://openapiproext.bnf.fr/iiif/presentation/v3/ark:/12148/bd6t555848d/manifest.json'
For more information check: https://developer.mozilla.org/en-US/docs/Web/HTTP/Status/403",2026-07-17T16:50:06.181174
humanite,bd6t555849r,,failed,0,0,,http_manifest,known,403,manifest,"Client error '403 ' for url 'https://openapiproext.bnf.fr/iiif/presentation/v3/ark:/12148/bd6t555849r/manifest.json'
For more information check: https://developer.mozilla.org/en-US/docs/Web/HTTP/Status/403",2026-07-17T16:50:07.010527
humanite,bd6t555850z,,failed,0,0,,http_manifest,known,403,manifest,"Client error '403 ' for url 'https://openapiproext.bnf.fr/iiif/presentation/v3/ark:/12148/bd6t555850z/manifest.json'
For more information check: https://developer.mozilla.org/en-US/docs/Web/HTTP/Status/403",2026-07-17T16:50:08.217348
humanite,bd6t5558519,,failed,0,0,,http_manifest,known,403,manifest,"Client error '403 ' for url 'https://openapiproext.bnf.fr/iiif/presentation/v3/ark:/12148/bd6t5558519/manifest.json'
For more information check: https://developer.mozilla.org/en-US/docs/Web/HTTP/Status/403",2026-07-17T16:50:09.412742
humanite,bd6t555852n,,failed,0,0,,http_manifest,known,403,manifest,"Client error '403 ' for url 'https://openapiproext.bnf.fr/iiif/presentation/v3/ark:/12148/bd6t555852n/manifest.json'
For more information check: https://developer.mozilla.org/en-US/docs/Web/HTTP/Status/403",2026-07-17T16:50:10.781670
humanite,bd6t5558530,,failed,0,0,,http_manifest,known,403,manifest,"Client error '403 ' for url 'https://openapiproext.bnf.fr/iiif/presentation/v3/ark:/12148/bd6t5558530/manifest.json'
For more information check: https://developer.mozilla.org/en-US/docs/Web/HTTP/Status/403",2026-07-17T16:50:11.825983
humanite,bd6t555854b,,failed,0,0,,http_manifest,known,403,manifest,"Client error '403 ' for url 'https://openapiproext.bnf.fr/iiif/presentation/v3/ark:/12148/bd6t555854b/manifest.json'
For more information check: https://developer.mozilla.org/en-US/docs/Web/HTTP/Status/403",2026-07-17T16:50:13.025483
humanite,bd6t555855p,,failed,0,0,,http_manifest,known,403,manifest,"Client error '403 ' for url 'https://openapiproext.bnf.fr/iiif/presentation/v3/ark:/12148/bd6t555855p/manifest.json'
For more information check: https://developer.mozilla.org/en-US/docs/Web/HTTP/Status/403",2026-07-17T16:50:14.354650
humanite,bd6t5558561,,failed,0,0,,http_manifest,known,403,manifest,"Client error '403 ' for url 'https://openapiproext.bnf.fr/iiif/presentation/v3/ark:/12148/bd6t5558561/manifest.json'
For more information check: https://developer.mozilla.org/en-US/docs/Web/HTTP/Status/403",2026-07-17T16:50:15.543667
humanite,bd6t555857c,,failed,0,0,,http_manifest,known,403,manifest,"Client error '403 ' for url 'https://openapiproext.bnf.fr/iiif/presentation/v3/ark:/12148/bd6t555857c/manifest.json'
For more information check: https://developer.mozilla.org/en-US/docs/Web/HTTP/Status/403",2026-07-17T16:50:16.749651
humanite,bd6t555858q,,failed,0,0,,http_manifest,known,403,manifest,"Client error '403 ' for url 'https://openapiproext.bnf.fr/iiif/presentation/v3/ark:/12148/bd6t555858q/manifest.json'
For more information check: https://developer.mozilla.org/en-US/docs/Web/HTTP/Status/403",2026-07-17T16:50:17.857478
humanite,bd6t5558592,,failed,0,0,,http_manifest,known,403,manifest,"Client error '403 ' for url 'https://openapiproext.bnf.fr/iiif/presentation/v3/ark:/12148/bd6t5558592/manifest.json'
For more information check: https://developer.mozilla.org/en-US/docs/Web/HTTP/Status/403",2026-07-17T16:50:19.025526
humanite,bd6t5558608,,failed,0,0,,http_manifest,known,403,manifest,"Client error '403 ' for url 'https://openapiproext.bnf.fr/iiif/presentation/v3/ark:/12148/bd6t5558608/manifest.json'
For more information check: https://developer.mozilla.org/en-US/docs/Web/HTTP/Status/403",2026-07-17T16:50:20.225918
humanite,bd6t555861m,,failed,0,0,,http_manifest,known,403,manifest,"Client error '403 ' for url 'https://openapiproext.bnf.fr/iiif/presentation/v3/ark:/12148/bd6t555861m/manifest.json'
For more information check: https://developer.mozilla.org/en-US/docs/Web/HTTP/Status/403",2026-07-17T16:50:21.428662
humanite,bd6t555862z,,failed,0,0,,http_manifest,known,403,manifest,"Client error '403 ' for url 'https://openapiproext.bnf.fr/iiif/presentation/v3/ark:/12148/bd6t555862z/manifest.json'
For more information check: https://developer.mozilla.org/en-US/docs/Web/HTTP/Status/403",2026-07-17T16:50:22.667747
humanite,bd6t5558639,,failed,0,0,,http_manifest,known,403,manifest,"Client error '403 ' for url 'https://openapiproext.bnf.fr/iiif/presentation/v3/ark:/12148/bd6t5558639/manifest.json'
For more information check: https://developer.mozilla.org/en-US/docs/Web/HTTP/Status/403",2026-07-17T16:50:23.832274
humanite,bd6t555864n,,failed,0,0,,http_manifest,known,403,manifest,"Client error '403 ' for url 'https://openapiproext.bnf.fr/iiif/presentation/v3/ark:/12148/bd6t555864n/manifest.json'
For more information check: https://developer.mozilla.org/en-US/docs/Web/HTTP/Status/403",2026-07-17T16:50:25.029965
humanite,bd6t5558650,,failed,0,0,,http_manifest,known,403,manifest,"Client error '403 ' for url 'https://openapiproext.bnf.fr/iiif/presentation/v3/ark:/12148/bd6t5558650/manifest.json'
For more information check: https://developer.mozilla.org/en-US/docs/Web/HTTP/Status/403",2026-07-17T16:50:26.239682
humanite,bd6t555866b,,failed,0,0,,http_manifest,known,403,manifest,"Client error '403 ' for url 'https://openapiproext.bnf.fr/iiif/presentation/v3/ark:/12148/bd6t555866b/manifest.json'
For more information check: https://developer.mozilla.org/en-US/docs/Web/HTTP/Status/403",2026-07-17T16:50:27.437780
humanite,bd6t555867p,,failed,0,0,,http_manifest,known,403,manifest,"Client error '403 ' for url 'https://openapiproext.bnf.fr/iiif/presentation/v3/ark:/12148/bd6t555867p/manifest.json'
For more information check: https://developer.mozilla.org/en-US/docs/Web/HTTP/Status/403",2026-07-17T16:50:28.664914
humanite,bd6t5558681,,failed,0,0,,http_manifest,known,403,manifest,"Client error '403 ' for url 'https://openapiproext.bnf.fr/iiif/presentation/v3/ark:/12148/bd6t5558681/manifest.json'
For more information check: https://developer.mozilla.org/en-US/docs/Web/HTTP/Status/403",2026-07-17T16:50:29.839332
humanite,bd6t555869c,,failed,0,0,,http_manifest,known,403,manifest,"Client error '403 ' for url 'https://openapiproext.bnf.fr/iiif/presentation/v3/ark:/12148/bd6t555869c/manifest.json'
For more information check: https://developer.mozilla.org/en-US/docs/Web/HTTP/Status/403",2026-07-17T16:50:31.043233
humanite,bd6t555870k,,failed,0,0,,http_manifest,known,403,manifest,"Client error '403 ' for url 'https://openapiproext.bnf.fr/iiif/presentation/v3/ark:/12148/bd6t555870k/manifest.json'
For more information check: https://developer.mozilla.org/en-US/docs/Web/HTTP/Status/403",2026-07-17T16:50:32.241812
humanite,bd6t555871x,,failed,0,0,,http_manifest,known,403,manifest,"Client error '403 ' for url 'https://openapiproext.bnf.fr/iiif/presentation/v3/ark:/12148/bd6t555871x/manifest.json'
For more information check: https://developer.mozilla.org/en-US/docs/Web/HTTP/Status/403",2026-07-17T16:50:33.444184
humanite,bd6t5558728,,failed,0,0,,http_manifest,known,403,manifest,"Client error '403 ' for url 'https://openapiproext.bnf.fr/iiif/presentation/v3/ark:/12148/bd6t5558728/manifest.json'
For more information check: https://developer.mozilla.org/en-US/docs/Web/HTTP/Status/403",2026-07-17T16:50:34.647597
humanite,bd6t555873m,,failed,0,0,,http_manifest,known,403,manifest,"Client error '403 ' for url 'https://openapiproext.bnf.fr/iiif/presentation/v3/ark:/12148/bd6t555873m/manifest.json'
For more information check: https://developer.mozilla.org/en-US/docs/Web/HTTP/Status/403",2026-07-17T16:50:35.858941
humanite,bd6t555874z,,failed,0,0,,http_manifest,known,403,manifest,"Client error '403 ' for url 'https://openapiproext.bnf.fr/iiif/presentation/v3/ark:/12148/bd6t555874z/manifest.json'
For more information check: https://developer.mozilla.org/en-US/docs/Web/HTTP/Status/403",2026-07-17T16:50:37.047420
humanite,bd6t5558759,,failed,0,0,,http_manifest,known,403,manifest,"Client error '403 ' for url 'https://openapiproext.bnf.fr/iiif/presentation/v3/ark:/12148/bd6t5558759/manifest.json'
For more information check: https://developer.mozilla.org/en-US/docs/Web/HTTP/Status/403",2026-07-17T16:50:38.247389
humanite,bd6t555876n,,failed,0,0,,http_manifest,known,403,manifest,"Client error '403 ' for url 'https://openapiproext.bnf.fr/iiif/presentation/v3/ark:/12148/bd6t555876n/manifest.json'
For more information check: https://developer.mozilla.org/en-US/docs/Web/HTTP/Status/403",2026-07-17T16:50:39.449828
humanite,bd6t5558770,,failed,0,0,,http_manifest,known,403,manifest,"Client error '403 ' for url 'https://openapiproext.bnf.fr/iiif/presentation/v3/ark:/12148/bd6t5558770/manifest.json'
For more information check: https://developer.mozilla.org/en-US/docs/Web/HTTP/Status/403",2026-07-17T16:50:40.685019
humanite,bd6t555878b,,failed,0,0,,http_manifest,known,403,manifest,"Client error '403 ' for url 'https://openapiproext.bnf.fr/iiif/presentation/v3/ark:/12148/bd6t555878b/manifest.json'
For more information check: https://developer.mozilla.org/en-US/docs/Web/HTTP/Status/403",2026-07-17T16:50:41.861305
humanite,bd6t555879p,,failed,0,0,,http_manifest,known,403,manifest,"Client error '403 ' for url 'https://openapiproext.bnf.fr/iiif/presentation/v3/ark:/12148/bd6t555879p/manifest.json'
For more information check: https://developer.mozilla.org/en-US/docs/Web/HTTP/Status/403",2026-07-17T16:50:43.054682
humanite,bd6t555880w,,failed,0,0,,http_manifest,known,403,manifest,"Client error '403 ' for url 'https://openapiproext.bnf.fr/iiif/presentation/v3/ark:/12148/bd6t555880w/manifest.json'
For more information check: https://developer.mozilla.org/en-US/docs/Web/HTTP/Status/403",2026-07-17T16:50:44.256887
humanite,bd6t5558817,,failed,0,0,,http_manifest,known,403,manifest,"Client error '403 ' for url 'https://openapiproext.bnf.fr/iiif/presentation/v3/ark:/12148/bd6t5558817/manifest.json'
For more information check: https://developer.mozilla.org/en-US/docs/Web/HTTP/Status/403",2026-07-17T16:50:45.461094
humanite,bd6t555882k,,failed,0,0,,http_manifest,known,403,manifest,"Client error '403 ' for url 'https://openapiproext.bnf.fr/iiif/presentation/v3/ark:/12148/bd6t555882k/manifest.json'
For more information check: https://developer.mozilla.org/en-US/docs/Web/HTTP/Status/403",2026-07-17T16:50:46.688026
humanite,bd6t555883x,,failed,0,0,,http_manifest,known,403,manifest,"Client error '403 ' for url 'https://openapiproext.bnf.fr/iiif/presentation/v3/ark:/12148/bd6t555883x/manifest.json'
For more information check: https://developer.mozilla.org/en-US/docs/Web/HTTP/Status/403",2026-07-17T16:50:47.879278
humanite,bd6t5558848,,failed,0,0,,http_manifest,known,403,manifest,"Client error '403 ' for url 'https://openapiproext.bnf.fr/iiif/presentation/v3/ark:/12148/bd6t5558848/manifest.json'
For more information check: https://developer.mozilla.org/en-US/docs/Web/HTTP/Status/403",2026-07-17T16:50:49.065305
humanite,bd6t555885m,,failed,0,0,,http_manifest,known,403,manifest,"Client error '403 ' for url 'https://openapiproext.bnf.fr/iiif/presentation/v3/ark:/12148/bd6t555885m/manifest.json'
For more information check: https://developer.mozilla.org/en-US/docs/Web/HTTP/Status/403",2026-07-17T16:50:50.273039
humanite,bd6t555886z,,failed,0,0,,http_manifest,known,403,manifest,"Client error '403 ' for url 'https://openapiproext.bnf.fr/iiif/presentation/v3/ark:/12148/bd6t555886z/manifest.json'
For more information check: https://developer.mozilla.org/en-US/docs/Web/HTTP/Status/403",2026-07-17T16:50:51.468469
humanite,bd6t5558879,,failed,0,0,,http_manifest,known,403,manifest,"Client error '403 ' for url 'https://openapiproext.bnf.fr/iiif/presentation/v3/ark:/12148/bd6t5558879/manifest.json'
For more information check: https://developer.mozilla.org/en-US/docs/Web/HTTP/Status/403",2026-07-17T16:50:52.670345
humanite,bd6t555888n,,failed,0,0,,http_manifest,known,403,manifest,"Client error '403 ' for url 'https://openapiproext.bnf.fr/iiif/presentation/v3/ark:/12148/bd6t555888n/manifest.json'
For more information check: https://developer.mozilla.org/en-US/docs/Web/HTTP/Status/403",2026-07-17T16:50:53.872116
humanite,bd6t5558890,,failed,0,0,,http_manifest,known,403,manifest,"Client error '403 ' for url 'https://openapiproext.bnf.fr/iiif/presentation/v3/ark:/12148/bd6t5558890/manifest.json'
For more information check: https://developer.mozilla.org/en-US/docs/Web/HTTP/Status/403",2026-07-17T16:50:55.074624
humanite,bd6t5558906,,failed,0,0,,http_manifest,known,403,manifest,"Client error '403 ' for url 'https://openapiproext.bnf.fr/iiif/presentation/v3/ark:/12148/bd6t5558906/manifest.json'
For more information check: https://developer.mozilla.org/en-US/docs/Web/HTTP/Status/403",2026-07-17T16:50:56.274876
humanite,bd6t555891j,,failed,0,0,,http_manifest,known,403,manifest,"Client error '403 ' for url 'https://openapiproext.bnf.fr/iiif/presentation/v3/ark:/12148/bd6t555891j/manifest.json'
For more information check: https://developer.mozilla.org/en-US/docs/Web/HTTP/Status/403",2026-07-17T16:50:57.474133
humanite,bd6t555892w,,failed,0,0,,http_manifest,known,403,manifest,"Client error '403 ' for url 'https://openapiproext.bnf.fr/iiif/presentation/v3/ark:/12148/bd6t555892w/manifest.json'
For more information check: https://developer.mozilla.org/en-US/docs/Web/HTTP/Status/403",2026-07-17T16:50:58.700066
humanite,bd6t5558937,,failed,0,0,,http_manifest,known,403,manifest,"Client error '403 ' for url 'https://openapiproext.bnf.fr/iiif/presentation/v3/ark:/12148/bd6t5558937/manifest.json'
For more information check: https://developer.mozilla.org/en-US/docs/Web/HTTP/Status/403",2026-07-17T16:51:00.093188
humanite,bd6t555894k,,failed,0,0,,http_manifest,known,403,manifest,"Client error '403 ' for url 'https://openapiproext.bnf.fr/iiif/presentation/v3/ark:/12148/bd6t555894k/manifest.json'
For more information check: https://developer.mozilla.org/en-US/docs/Web/HTTP/Status/403",2026-07-17T16:51:01.214456
humanite,bd6t555895x,,failed,0,0,,http_manifest,known,403,manifest,"Client error '403 ' for url 'https://openapiproext.bnf.fr/iiif/presentation/v3/ark:/12148/bd6t555895x/manifest.json'
For more information check: https://developer.mozilla.org/en-US/docs/Web/HTTP/Status/403",2026-07-17T16:51:02.444667
humanite,bd6t5558968,,failed,0,0,,http_manifest,known,403,manifest,"Client error '403 ' for url 'https://openapiproext.bnf.fr/iiif/presentation/v3/ark:/12148/bd6t5558968/manifest.json'
For more information check: https://developer.mozilla.org/en-US/docs/Web/HTTP/Status/403",2026-07-17T16:51:03.486434
humanite,bd6t555898z,,failed,0,0,,http_manifest,known,403,manifest,"Client error '403 ' for url 'https://openapiproext.bnf.fr/iiif/presentation/v3/ark:/12148/bd6t555898z/manifest.json'
For more information check: https://developer.mozilla.org/en-US/docs/Web/HTTP/Status/403",2026-07-17T16:51:04.915055
humanite,bd6t555897m,,failed,0,0,,http_manifest,known,403,manifest,"Client error '403 ' for url 'https://openapiproext.bnf.fr/iiif/presentation/v3/ark:/12148/bd6t555897m/manifest.json'
For more information check: https://developer.mozilla.org/en-US/docs/Web/HTTP/Status/403",2026-07-17T16:51:06.114774
humanite,bd6t5558999,,failed,0,0,,http_manifest,known,403,manifest,"Client error '403 ' for url 'https://openapiproext.bnf.fr/iiif/presentation/v3/ark:/12148/bd6t5558999/manifest.json'
For more information check: https://developer.mozilla.org/en-US/docs/Web/HTTP/Status/403",2026-07-17T16:51:07.104100
humanite,bd6t555900p,,failed,0,0,,http_manifest,known,403,manifest,"Client error '403 ' for url 'https://openapiproext.bnf.fr/iiif/presentation/v3/ark:/12148/bd6t555900p/manifest.json'
For more information check: https://developer.mozilla.org/en-US/docs/Web/HTTP/Status/403",2026-07-17T16:51:08.296741
humanite,bd6t5559011,,failed,0,0,,http_manifest,known,403,manifest,"Client error '403 ' for url 'https://openapiproext.bnf.fr/iiif/presentation/v3/ark:/12148/bd6t5559011/manifest.json'
For more information check: https://developer.mozilla.org/en-US/docs/Web/HTTP/Status/403",2026-07-17T16:51:09.491639
humanite,bd6t555902c,,failed,0,0,,http_manifest,known,403,manifest,"Client error '403 ' for url 'https://openapiproext.bnf.fr/iiif/presentation/v3/ark:/12148/bd6t555902c/manifest.json'
For more information check: https://developer.mozilla.org/en-US/docs/Web/HTTP/Status/403",2026-07-17T16:51:10.701634
humanite,bd6t5559042,,failed,0,0,,http_manifest,known,403,manifest,"Client error '403 ' for url 'https://openapiproext.bnf.fr/iiif/presentation/v3/ark:/12148/bd6t5559042/manifest.json'
For more information check: https://developer.mozilla.org/en-US/docs/Web/HTTP/Status/403",2026-07-17T16:51:12.128011
humanite,bd6t555903q,,failed,0,0,,http_manifest,known,403,manifest,"Client error '403 ' for url 'https://openapiproext.bnf.fr/iiif/presentation/v3/ark:/12148/bd6t555903q/manifest.json'
For more information check: https://developer.mozilla.org/en-US/docs/Web/HTTP/Status/403",2026-07-17T16:51:13.208426
humanite,bd6t555905d,,failed,0,0,,http_manifest,known,403,manifest,"Client error '403 ' for url 'https://openapiproext.bnf.fr/iiif/presentation/v3/ark:/12148/bd6t555905d/manifest.json'
For more information check: https://developer.mozilla.org/en-US/docs/Web/HTTP/Status/403",2026-07-17T16:51:14.297434
humanite,bd6t555906r,,failed,0,0,,http_manifest,known,403,manifest,"Client error '403 ' for url 'https://openapiproext.bnf.fr/iiif/presentation/v3/ark:/12148/bd6t555906r/manifest.json'
For more information check: https://developer.mozilla.org/en-US/docs/Web/HTTP/Status/403",2026-07-17T16:51:15.531216
humanite,bd6t5559073,,failed,0,0,,http_manifest,known,403,manifest,"Client error '403 ' for url 'https://openapiproext.bnf.fr/iiif/presentation/v3/ark:/12148/bd6t5559073/manifest.json'
For more information check: https://developer.mozilla.org/en-US/docs/Web/HTTP/Status/403",2026-07-17T16:51:16.710746
humanite,bd6t555908f,,failed,0,0,,http_manifest,known,403,manifest,"Client error '403 ' for url 'https://openapiproext.bnf.fr/iiif/presentation/v3/ark:/12148/bd6t555908f/manifest.json'
For more information check: https://developer.mozilla.org/en-US/docs/Web/HTTP/Status/403",2026-07-17T16:51:17.905648
humanite,bd6t555909s,,failed,0,0,,http_manifest,known,403,manifest,"Client error '403 ' for url 'https://openapiproext.bnf.fr/iiif/presentation/v3/ark:/12148/bd6t555909s/manifest.json'
For more information check: https://developer.mozilla.org/en-US/docs/Web/HTTP/Status/403",2026-07-17T16:51:19.108137
humanite,bd6t5559100,,failed,0,0,,http_manifest,known,403,manifest,"Client error '403 ' for url 'https://openapiproext.bnf.fr/iiif/presentation/v3/ark:/12148/bd6t5559100/manifest.json'
For more information check: https://developer.mozilla.org/en-US/docs/Web/HTTP/Status/403",2026-07-17T16:51:20.308546
humanite,bd6t555911b,,failed,0,0,,http_manifest,known,403,manifest,"Client error '403 ' for url 'https://openapiproext.bnf.fr/iiif/presentation/v3/ark:/12148/bd6t555911b/manifest.json'
For more information check: https://developer.mozilla.org/en-US/docs/Web/HTTP/Status/403",2026-07-17T16:51:21.511589
humanite,bd6t555912p,,failed,0,0,,http_manifest,known,403,manifest,"Client error '403 ' for url 'https://openapiproext.bnf.fr/iiif/presentation/v3/ark:/12148/bd6t555912p/manifest.json'
For more information check: https://developer.mozilla.org/en-US/docs/Web/HTTP/Status/403",2026-07-17T16:51:22.716031
humanite,bd6t5559131,,failed,0,0,,http_manifest,known,403,manifest,"Client error '403 ' for url 'https://openapiproext.bnf.fr/iiif/presentation/v3/ark:/12148/bd6t5559131/manifest.json'
For more information check: https://developer.mozilla.org/en-US/docs/Web/HTTP/Status/403",2026-07-17T16:51:23.921702
humanite,bd6t555914c,,failed,0,0,,http_manifest,known,403,manifest,"Client error '403 ' for url 'https://openapiproext.bnf.fr/iiif/presentation/v3/ark:/12148/bd6t555914c/manifest.json'
For more information check: https://developer.mozilla.org/en-US/docs/Web/HTTP/Status/403",2026-07-17T16:51:25.113008
humanite,bd6t555915q,,failed,0,0,,http_manifest,known,403,manifest,"Client error '403 ' for url 'https://openapiproext.bnf.fr/iiif/presentation/v3/ark:/12148/bd6t555915q/manifest.json'
For more information check: https://developer.mozilla.org/en-US/docs/Web/HTTP/Status/403",2026-07-17T16:51:26.320587
humanite,bd6t5559162,,failed,0,0,,http_manifest,known,403,manifest,"Client error '403 ' for url 'https://openapiproext.bnf.fr/iiif/presentation/v3/ark:/12148/bd6t5559162/manifest.json'
For more information check: https://developer.mozilla.org/en-US/docs/Web/HTTP/Status/403",2026-07-17T16:51:27.534905
humanite,bd6t555917d,,failed,0,0,,http_manifest,known,403,manifest,"Client error '403 ' for url 'https://openapiproext.bnf.fr/iiif/presentation/v3/ark:/12148/bd6t555917d/manifest.json'
For more information check: https://developer.mozilla.org/en-US/docs/Web/HTTP/Status/403",2026-07-17T16:51:28.716237
humanite,bd6t555918r,,failed,0,0,,http_manifest,known,403,manifest,"Client error '403 ' for url 'https://openapiproext.bnf.fr/iiif/presentation/v3/ark:/12148/bd6t555918r/manifest.json'
For more information check: https://developer.mozilla.org/en-US/docs/Web/HTTP/Status/403",2026-07-17T16:51:29.920367
humanite,bd6t5559193,,failed,0,0,,http_manifest,known,403,manifest,"Client error '403 ' for url 'https://openapiproext.bnf.fr/iiif/presentation/v3/ark:/12148/bd6t5559193/manifest.json'
For more information check: https://developer.mozilla.org/en-US/docs/Web/HTTP/Status/403",2026-07-17T16:51:31.121693
humanite,bd6t5559209,,failed,0,0,,http_manifest,known,403,manifest,"Client error '403 ' for url 'https://openapiproext.bnf.fr/iiif/presentation/v3/ark:/12148/bd6t5559209/manifest.json'
For more information check: https://developer.mozilla.org/en-US/docs/Web/HTTP/Status/403",2026-07-17T16:51:32.320881
humanite,bd6t555921n,,failed,0,0,,http_manifest,known,403,manifest,"Client error '403 ' for url 'https://openapiproext.bnf.fr/iiif/presentation/v3/ark:/12148/bd6t555921n/manifest.json'
For more information check: https://developer.mozilla.org/en-US/docs/Web/HTTP/Status/403",2026-07-17T16:51:33.529067
humanite,bd6t5559220,,failed,0,0,,http_manifest,known,403,manifest,"Client error '403 ' for url 'https://openapiproext.bnf.fr/iiif/presentation/v3/ark:/12148/bd6t5559220/manifest.json'
For more information check: https://developer.mozilla.org/en-US/docs/Web/HTTP/Status/403",2026-07-17T16:51:34.728387
humanite,bd6t555923b,,failed,0,0,,http_manifest,known,403,manifest,"Client error '403 ' for url 'https://openapiproext.bnf.fr/iiif/presentation/v3/ark:/12148/bd6t555923b/manifest.json'
For more information check: https://developer.mozilla.org/en-US/docs/Web/HTTP/Status/403",2026-07-17T16:51:35.929260
humanite,bd6t555924p,,failed,0,0,,http_manifest,known,403,manifest,"Client error '403 ' for url 'https://openapiproext.bnf.fr/iiif/presentation/v3/ark:/12148/bd6t555924p/manifest.json'
For more information check: https://developer.mozilla.org/en-US/docs/Web/HTTP/Status/403",2026-07-17T16:51:37.135139
humanite,bd6t5559251,,failed,0,0,,http_manifest,known,403,manifest,"Client error '403 ' for url 'https://openapiproext.bnf.fr/iiif/presentation/v3/ark:/12148/bd6t5559251/manifest.json'
For more information check: https://developer.mozilla.org/en-US/docs/Web/HTTP/Status/403",2026-07-17T16:51:38.334846
humanite,bd6t555926c,,failed,0,0,,http_manifest,known,403,manifest,"Client error '403 ' for url 'https://openapiproext.bnf.fr/iiif/presentation/v3/ark:/12148/bd6t555926c/manifest.json'
For more information check: https://developer.mozilla.org/en-US/docs/Web/HTTP/Status/403",2026-07-17T16:51:39.566737
humanite,bd6t555927q,,failed,0,0,,http_manifest,known,403,manifest,"Client error '403 ' for url 'https://openapiproext.bnf.fr/iiif/presentation/v3/ark:/12148/bd6t555927q/manifest.json'
For more information check: https://developer.mozilla.org/en-US/docs/Web/HTTP/Status/403",2026-07-17T16:51:40.743751
humanite,bd6t5559282,,failed,0,0,,http_manifest,known,403,manifest,"Client error '403 ' for url 'https://openapiproext.bnf.fr/iiif/presentation/v3/ark:/12148/bd6t5559282/manifest.json'
For more information check: https://developer.mozilla.org/en-US/docs/Web/HTTP/Status/403",2026-07-17T16:51:41.952337
humanite,bd6t555929d,,failed,0,0,,http_manifest,known,403,manifest,"Client error '403 ' for url 'https://openapiproext.bnf.fr/iiif/presentation/v3/ark:/12148/bd6t555929d/manifest.json'
For more information check: https://developer.mozilla.org/en-US/docs/Web/HTTP/Status/403",2026-07-17T16:51:43.143099
humanite,bd6t555930m,,failed,0,0,,http_manifest,known,403,manifest,"Client error '403 ' for url 'https://openapiproext.bnf.fr/iiif/presentation/v3/ark:/12148/bd6t555930m/manifest.json'
For more information check: https://developer.mozilla.org/en-US/docs/Web/HTTP/Status/403",2026-07-17T16:51:44.359522
humanite,bd6t555931z,,failed,0,0,,http_manifest,known,403,manifest,"Client error '403 ' for url 'https://openapiproext.bnf.fr/iiif/presentation/v3/ark:/12148/bd6t555931z/manifest.json'
For more information check: https://developer.mozilla.org/en-US/docs/Web/HTTP/Status/403",2026-07-17T16:51:45.570554
humanite,bd6t5562976,,failed,0,0,,http_manifest,known,403,manifest,"Client error '403 ' for url 'https://openapiproext.bnf.fr/iiif/presentation/v3/ark:/12148/bd6t5562976/manifest.json'
For more information check: https://developer.mozilla.org/en-US/docs/Web/HTTP/Status/403",2026-07-17T16:51:46.750359
humanite,bd6t556298j,,failed,0,0,,http_manifest,known,403,manifest,"Client error '403 ' for url 'https://openapiproext.bnf.fr/iiif/presentation/v3/ark:/12148/bd6t556298j/manifest.json'
For more information check: https://developer.mozilla.org/en-US/docs/Web/HTTP/Status/403",2026-07-17T16:51:47.950858
humanite,bd6t556299w,,failed,0,0,,http_manifest,known,403,manifest,"Client error '403 ' for url 'https://openapiproext.bnf.fr/iiif/presentation/v3/ark:/12148/bd6t556299w/manifest.json'
For more information check: https://developer.mozilla.org/en-US/docs/Web/HTTP/Status/403",2026-07-17T16:51:49.150153
humanite,bd6t5563008,,failed,0,0,,http_manifest,known,403,manifest,"Client error '403 ' for url 'https://openapiproext.bnf.fr/iiif/presentation/v3/ark:/12148/bd6t5563008/manifest.json'
For more information check: https://developer.mozilla.org/en-US/docs/Web/HTTP/Status/403",2026-07-17T16:51:50.353951
humanite,bd6t556301m,,failed,0,0,,http_manifest,known,403,manifest,"Client error '403 ' for url 'https://openapiproext.bnf.fr/iiif/presentation/v3/ark:/12148/bd6t556301m/manifest.json'
For more information check: https://developer.mozilla.org/en-US/docs/Web/HTTP/Status/403",2026-07-17T16:51:51.561912
humanite,bd6t556302z,,failed,0,0,,http_manifest,known,403,manifest,"Client error '403 ' for url 'https://openapiproext.bnf.fr/iiif/presentation/v3/ark:/12148/bd6t556302z/manifest.json'
For more information check: https://developer.mozilla.org/en-US/docs/Web/HTTP/Status/403",2026-07-17T16:51:52.754903
humanite,bd6t5563039,,failed,0,0,,http_manifest,known,403,manifest,"Client error '403 ' for url 'https://openapiproext.bnf.fr/iiif/presentation/v3/ark:/12148/bd6t5563039/manifest.json'
For more information check: https://developer.mozilla.org/en-US/docs/Web/HTTP/Status/403",2026-07-17T16:51:53.960281
humanite,bd6t556304n,,failed,0,0,,http_manifest,known,403,manifest,"Client error '403 ' for url 'https://openapiproext.bnf.fr/iiif/presentation/v3/ark:/12148/bd6t556304n/manifest.json'
For more information check: https://developer.mozilla.org/en-US/docs/Web/HTTP/Status/403",2026-07-17T16:51:55.164265
humanite,bd6t5563050,,failed,0,0,,http_manifest,known,403,manifest,"Client error '403 ' for url 'https://openapiproext.bnf.fr/iiif/presentation/v3/ark:/12148/bd6t5563050/manifest.json'
For more information check: https://developer.mozilla.org/en-US/docs/Web/HTTP/Status/403",2026-07-17T16:51:56.362931
humanite,bd6t556306b,,failed,0,0,,http_manifest,known,403,manifest,"Client error '403 ' for url 'https://openapiproext.bnf.fr/iiif/presentation/v3/ark:/12148/bd6t556306b/manifest.json'
For more information check: https://developer.mozilla.org/en-US/docs/Web/HTTP/Status/403",2026-07-17T16:51:57.811090
humanite,bd6t556307p,,failed,0,0,,http_manifest,known,403,manifest,"Client error '403 ' for url 'https://openapiproext.bnf.fr/iiif/presentation/v3/ark:/12148/bd6t556307p/manifest.json'
For more information check: https://developer.mozilla.org/en-US/docs/Web/HTTP/Status/403",2026-07-17T16:51:58.765912
humanite,bd6t5563081,,failed,0,0,,http_manifest,known,403,manifest,"Client error '403 ' for url 'https://openapiproext.bnf.fr/iiif/presentation/v3/ark:/12148/bd6t5563081/manifest.json'
For more information check: https://developer.mozilla.org/en-US/docs/Web/HTTP/Status/403",2026-07-17T16:51:59.976036
humanite,bd6t556309c,,failed,0,0,,http_manifest,known,403,manifest,"Client error '403 ' for url 'https://openapiproext.bnf.fr/iiif/presentation/v3/ark:/12148/bd6t556309c/manifest.json'
For more information check: https://developer.mozilla.org/en-US/docs/Web/HTTP/Status/403",2026-07-17T16:52:01.245481
humanite,bd6t556310k,,failed,0,0,,http_manifest,known,403,manifest,"Client error '403 ' for url 'https://openapiproext.bnf.fr/iiif/presentation/v3/ark:/12148/bd6t556310k/manifest.json'
For more information check: https://developer.mozilla.org/en-US/docs/Web/HTTP/Status/403",2026-07-17T16:52:02.369716
humanite,bd6t556311x,,failed,0,0,,http_manifest,known,403,manifest,"Client error '403 ' for url 'https://openapiproext.bnf.fr/iiif/presentation/v3/ark:/12148/bd6t556311x/manifest.json'
For more information check: https://developer.mozilla.org/en-US/docs/Web/HTTP/Status/403",2026-07-17T16:52:03.694939
humanite,bd6t5563128,,failed,0,0,,http_manifest,known,403,manifest,"Client error '403 ' for url 'https://openapiproext.bnf.fr/iiif/presentation/v3/ark:/12148/bd6t5563128/manifest.json'
For more information check: https://developer.mozilla.org/en-US/docs/Web/HTTP/Status/403",2026-07-17T16:52:04.942574
humanite,bd6t556313m,,failed,0,0,,http_manifest,known,403,manifest,"Client error '403 ' for url 'https://openapiproext.bnf.fr/iiif/presentation/v3/ark:/12148/bd6t556313m/manifest.json'
For more information check: https://developer.mozilla.org/en-US/docs/Web/HTTP/Status/403",2026-07-17T16:52:05.973974
humanite,bd6t556314z,,failed,0,0,,http_manifest,known,403,manifest,"Client error '403 ' for url 'https://openapiproext.bnf.fr/iiif/presentation/v3/ark:/12148/bd6t556314z/manifest.json'
For more information check: https://developer.mozilla.org/en-US/docs/Web/HTTP/Status/403",2026-07-17T16:52:07.179056
humanite,bd6t5563159,,failed,0,0,,http_manifest,known,403,manifest,"Client error '403 ' for url 'https://openapiproext.bnf.fr/iiif/presentation/v3/ark:/12148/bd6t5563159/manifest.json'
For more information check: https://developer.mozilla.org/en-US/docs/Web/HTTP/Status/403",2026-07-17T16:52:08.563193
humanite,bd6t556316n,,failed,0,0,,http_manifest,known,403,manifest,"Client error '403 ' for url 'https://openapiproext.bnf.fr/iiif/presentation/v3/ark:/12148/bd6t556316n/manifest.json'
For more information check: https://developer.mozilla.org/en-US/docs/Web/HTTP/Status/403",2026-07-17T16:52:09.849969
humanite,bd6t5563170,,failed,0,0,,http_manifest,known,403,manifest,"Client error '403 ' for url 'https://openapiproext.bnf.fr/iiif/presentation/v3/ark:/12148/bd6t5563170/manifest.json'
For more information check: https://developer.mozilla.org/en-US/docs/Web/HTTP/Status/403",2026-07-17T16:52:10.997639
humanite,bd6t556318b,,failed,0,0,,http_manifest,known,403,manifest,"Client error '403 ' for url 'https://openapiproext.bnf.fr/iiif/presentation/v3/ark:/12148/bd6t556318b/manifest.json'
For more information check: https://developer.mozilla.org/en-US/docs/Web/HTTP/Status/403",2026-07-17T16:52:11.989771
humanite,bd6t556319p,,failed,0,0,,http_manifest,known,403,manifest,"Client error '403 ' for url 'https://openapiproext.bnf.fr/iiif/presentation/v3/ark:/12148/bd6t556319p/manifest.json'
For more information check: https://developer.mozilla.org/en-US/docs/Web/HTTP/Status/403",2026-07-17T16:52:13.408086
humanite,bd6t556320w,,failed,0,0,,http_manifest,known,403,manifest,"Client error '403 ' for url 'https://openapiproext.bnf.fr/iiif/presentation/v3/ark:/12148/bd6t556320w/manifest.json'
For more information check: https://developer.mozilla.org/en-US/docs/Web/HTTP/Status/403",2026-07-17T16:52:14.613137
humanite,bd6t5563217,,failed,0,0,,http_manifest,known,403,manifest,"Client error '403 ' for url 'https://openapiproext.bnf.fr/iiif/presentation/v3/ark:/12148/bd6t5563217/manifest.json'
For more information check: https://developer.mozilla.org/en-US/docs/Web/HTTP/Status/403",2026-07-17T16:52:15.839660
humanite,bd6t556322k,,failed,0,0,,http_manifest,known,403,manifest,"Client error '403 ' for url 'https://openapiproext.bnf.fr/iiif/presentation/v3/ark:/12148/bd6t556322k/manifest.json'
For more information check: https://developer.mozilla.org/en-US/docs/Web/HTTP/Status/403",2026-07-17T16:52:16.811690
humanite,bd6t556323x,,failed,0,0,,http_manifest,known,403,manifest,"Client error '403 ' for url 'https://openapiproext.bnf.fr/iiif/presentation/v3/ark:/12148/bd6t556323x/manifest.json'
For more information check: https://developer.mozilla.org/en-US/docs/Web/HTTP/Status/403",2026-07-17T16:52:18.013885
humanite,bd6t5563248,,failed,0,0,,http_manifest,known,403,manifest,"Client error '403 ' for url 'https://openapiproext.bnf.fr/iiif/presentation/v3/ark:/12148/bd6t5563248/manifest.json'
For more information check: https://developer.mozilla.org/en-US/docs/Web/HTTP/Status/403",2026-07-17T16:52:19.196194
humanite,bd6t556325m,,failed,0,0,,http_manifest,known,403,manifest,"Client error '403 ' for url 'https://openapiproext.bnf.fr/iiif/presentation/v3/ark:/12148/bd6t556325m/manifest.json'
For more information check: https://developer.mozilla.org/en-US/docs/Web/HTTP/Status/403",2026-07-17T16:52:20.609860
humanite,bd6t556326z,,failed,0,0,,http_manifest,known,403,manifest,"Client error '403 ' for url 'https://openapiproext.bnf.fr/iiif/presentation/v3/ark:/12148/bd6t556326z/manifest.json'
For more information check: https://developer.mozilla.org/en-US/docs/Web/HTTP/Status/403",2026-07-17T16:52:21.601456
humanite,bd6t5563279,,failed,0,0,,http_manifest,known,403,manifest,"Client error '403 ' for url 'https://openapiproext.bnf.fr/iiif/presentation/v3/ark:/12148/bd6t5563279/manifest.json'
For more information check: https://developer.mozilla.org/en-US/docs/Web/HTTP/Status/403",2026-07-17T16:52:22.818808
humanite,bd6t556328n,,failed,0,0,,http_manifest,known,403,manifest,"Client error '403 ' for url 'https://openapiproext.bnf.fr/iiif/presentation/v3/ark:/12148/bd6t556328n/manifest.json'
For more information check: https://developer.mozilla.org/en-US/docs/Web/HTTP/Status/403",2026-07-17T16:52:23.991108
humanite,bd6t5563290,,failed,0,0,,http_manifest,known,403,manifest,"Client error '403 ' for url 'https://openapiproext.bnf.fr/iiif/presentation/v3/ark:/12148/bd6t5563290/manifest.json'
For more information check: https://developer.mozilla.org/en-US/docs/Web/HTTP/Status/403",2026-07-17T16:52:25.218609
humanite,bd6t5563306,,failed,0,0,,http_manifest,known,403,manifest,"Client error '403 ' for url 'https://openapiproext.bnf.fr/iiif/presentation/v3/ark:/12148/bd6t5563306/manifest.json'
For more information check: https://developer.mozilla.org/en-US/docs/Web/HTTP/Status/403",2026-07-17T16:52:26.404547
humanite,bd6t556331j,,failed,0,0,,http_manifest,known,403,manifest,"Client error '403 ' for url 'https://openapiproext.bnf.fr/iiif/presentation/v3/ark:/12148/bd6t556331j/manifest.json'
For more information check: https://developer.mozilla.org/en-US/docs/Web/HTTP/Status/403",2026-07-17T16:52:27.598489
humanite,bd6t556332w,,failed,0,0,,http_manifest,known,403,manifest,"Client error '403 ' for url 'https://openapiproext.bnf.fr/iiif/presentation/v3/ark:/12148/bd6t556332w/manifest.json'
For more information check: https://developer.mozilla.org/en-US/docs/Web/HTTP/Status/403",2026-07-17T16:52:28.825268
humanite,bd6t5563337,,failed,0,0,,http_manifest,known,403,manifest,"Client error '403 ' for url 'https://openapiproext.bnf.fr/iiif/presentation/v3/ark:/12148/bd6t5563337/manifest.json'
For more information check: https://developer.mozilla.org/en-US/docs/Web/HTTP/Status/403",2026-07-17T16:52:30.001355
humanite,bd6t556334k,,failed,0,0,,http_manifest,known,403,manifest,"Client error '403 ' for url 'https://openapiproext.bnf.fr/iiif/presentation/v3/ark:/12148/bd6t556334k/manifest.json'
For more information check: https://developer.mozilla.org/en-US/docs/Web/HTTP/Status/403",2026-07-17T16:52:31.203601
humanite,bd6t556335x,,failed,0,0,,http_manifest,known,403,manifest,"Client error '403 ' for url 'https://openapiproext.bnf.fr/iiif/presentation/v3/ark:/12148/bd6t556335x/manifest.json'
For more information check: https://developer.mozilla.org/en-US/docs/Web/HTTP/Status/403",2026-07-17T16:52:32.406326
humanite,bd6t5563368,,failed,0,0,,http_manifest,known,403,manifest,"Client error '403 ' for url 'https://openapiproext.bnf.fr/iiif/presentation/v3/ark:/12148/bd6t5563368/manifest.json'
For more information check: https://developer.mozilla.org/en-US/docs/Web/HTTP/Status/403",2026-07-17T16:52:33.611605
humanite,bd6t556337m,,failed,0,0,,http_manifest,known,403,manifest,"Client error '403 ' for url 'https://openapiproext.bnf.fr/iiif/presentation/v3/ark:/12148/bd6t556337m/manifest.json'
For more information check: https://developer.mozilla.org/en-US/docs/Web/HTTP/Status/403",2026-07-17T16:52:34.815344
humanite,bd6t556338z,,failed,0,0,,http_manifest,known,403,manifest,"Client error '403 ' for url 'https://openapiproext.bnf.fr/iiif/presentation/v3/ark:/12148/bd6t556338z/manifest.json'
For more information check: https://developer.mozilla.org/en-US/docs/Web/HTTP/Status/403",2026-07-17T16:52:36.012127
humanite,bd6t5563399,,failed,0,0,,http_manifest,known,403,manifest,"Client error '403 ' for url 'https://openapiproext.bnf.fr/iiif/presentation/v3/ark:/12148/bd6t5563399/manifest.json'
For more information check: https://developer.mozilla.org/en-US/docs/Web/HTTP/Status/403",2026-07-17T16:52:37.219722
humanite,bd6t556340h,,failed,0,0,,http_manifest,known,403,manifest,"Client error '403 ' for url 'https://openapiproext.bnf.fr/iiif/presentation/v3/ark:/12148/bd6t556340h/manifest.json'
For more information check: https://developer.mozilla.org/en-US/docs/Web/HTTP/Status/403",2026-07-17T16:52:38.414616
humanite,bd6t556341v,,failed,0,0,,http_manifest,known,403,manifest,"Client error '403 ' for url 'https://openapiproext.bnf.fr/iiif/presentation/v3/ark:/12148/bd6t556341v/manifest.json'
For more information check: https://developer.mozilla.org/en-US/docs/Web/HTTP/Status/403",2026-07-17T16:52:39.620123
humanite,bd6t5563426,,failed,0,0,,http_manifest,known,403,manifest,"Client error '403 ' for url 'https://openapiproext.bnf.fr/iiif/presentation/v3/ark:/12148/bd6t5563426/manifest.json'
For more information check: https://developer.mozilla.org/en-US/docs/Web/HTTP/Status/403",2026-07-17T16:52:40.832434
humanite,bd6t556343j,,failed,0,0,,http_manifest,known,403,manifest,"Client error '403 ' for url 'https://openapiproext.bnf.fr/iiif/presentation/v3/ark:/12148/bd6t556343j/manifest.json'
For more information check: https://developer.mozilla.org/en-US/docs/Web/HTTP/Status/403",2026-07-17T16:52:42.027752
humanite,bd6t556344w,,failed,0,0,,http_manifest,known,403,manifest,"Client error '403 ' for url 'https://openapiproext.bnf.fr/iiif/presentation/v3/ark:/12148/bd6t556344w/manifest.json'
For more information check: https://developer.mozilla.org/en-US/docs/Web/HTTP/Status/403",2026-07-17T16:52:43.230892
humanite,bd6t5563457,,failed,0,0,,http_manifest,known,403,manifest,"Client error '403 ' for url 'https://openapiproext.bnf.fr/iiif/presentation/v3/ark:/12148/bd6t5563457/manifest.json'
For more information check: https://developer.mozilla.org/en-US/docs/Web/HTTP/Status/403",2026-07-17T16:52:44.426102
humanite,bd6t556346k,,failed,0,0,,http_manifest,known,403,manifest,"Client error '403 ' for url 'https://openapiproext.bnf.fr/iiif/presentation/v3/ark:/12148/bd6t556346k/manifest.json'
For more information check: https://developer.mozilla.org/en-US/docs/Web/HTTP/Status/403",2026-07-17T16:52:45.628173
humanite,bd6t556347x,,failed,0,0,,http_manifest,known,403,manifest,"Client error '403 ' for url 'https://openapiproext.bnf.fr/iiif/presentation/v3/ark:/12148/bd6t556347x/manifest.json'
For more information check: https://developer.mozilla.org/en-US/docs/Web/HTTP/Status/403",2026-07-17T16:52:46.831070
humanite,bd6t5563488,,failed,0,0,,http_manifest,known,403,manifest,"Client error '403 ' for url 'https://openapiproext.bnf.fr/iiif/presentation/v3/ark:/12148/bd6t5563488/manifest.json'
For more information check: https://developer.mozilla.org/en-US/docs/Web/HTTP/Status/403",2026-07-17T16:52:48.035774
humanite,bd6t556349m,,failed,0,0,,http_manifest,known,403,manifest,"Client error '403 ' for url 'https://openapiproext.bnf.fr/iiif/presentation/v3/ark:/12148/bd6t556349m/manifest.json'
For more information check: https://developer.mozilla.org/en-US/docs/Web/HTTP/Status/403",2026-07-17T16:52:49.229727
humanite,bd6t556350t,,failed,0,0,,http_manifest,known,403,manifest,"Client error '403 ' for url 'https://openapiproext.bnf.fr/iiif/presentation/v3/ark:/12148/bd6t556350t/manifest.json'
For more information check: https://developer.mozilla.org/en-US/docs/Web/HTTP/Status/403",2026-07-17T16:52:50.431536
humanite,bd6t5563515,,failed,0,0,,http_manifest,known,403,manifest,"Client error '403 ' for url 'https://openapiproext.bnf.fr/iiif/presentation/v3/ark:/12148/bd6t5563515/manifest.json'
For more information check: https://developer.mozilla.org/en-US/docs/Web/HTTP/Status/403",2026-07-17T16:52:51.634293
humanite,bd6t556352h,,failed,0,0,,http_manifest,known,403,manifest,"Client error '403 ' for url 'https://openapiproext.bnf.fr/iiif/presentation/v3/ark:/12148/bd6t556352h/manifest.json'
For more information check: https://developer.mozilla.org/en-US/docs/Web/HTTP/Status/403",2026-07-17T16:52:52.849070
humanite,bd6t556353v,,failed,0,0,,http_manifest,known,403,manifest,"Client error '403 ' for url 'https://openapiproext.bnf.fr/iiif/presentation/v3/ark:/12148/bd6t556353v/manifest.json'
For more information check: https://developer.mozilla.org/en-US/docs/Web/HTTP/Status/403",2026-07-17T16:52:54.035676
humanite,bd6t5563546,,failed,0,0,,http_manifest,known,403,manifest,"Client error '403 ' for url 'https://openapiproext.bnf.fr/iiif/presentation/v3/ark:/12148/bd6t5563546/manifest.json'
For more information check: https://developer.mozilla.org/en-US/docs/Web/HTTP/Status/403",2026-07-17T16:52:55.240922
humanite,bd6t556355j,,failed,0,0,,http_manifest,known,403,manifest,"Client error '403 ' for url 'https://openapiproext.bnf.fr/iiif/presentation/v3/ark:/12148/bd6t556355j/manifest.json'
For more information check: https://developer.mozilla.org/en-US/docs/Web/HTTP/Status/403",2026-07-17T16:52:56.437756
humanite,bd6t556356w,,failed,0,0,,http_manifest,known,403,manifest,"Client error '403 ' for url 'https://openapiproext.bnf.fr/iiif/presentation/v3/ark:/12148/bd6t556356w/manifest.json'
For more information check: https://developer.mozilla.org/en-US/docs/Web/HTTP/Status/403",2026-07-17T16:52:57.766870
humanite,bd6t5563577,,failed,0,0,,http_manifest,known,403,manifest,"Client error '403 ' for url 'https://openapiproext.bnf.fr/iiif/presentation/v3/ark:/12148/bd6t5563577/manifest.json'
For more information check: https://developer.mozilla.org/en-US/docs/Web/HTTP/Status/403",2026-07-17T16:52:58.862382
humanite,bd6t556358k,,failed,0,0,,http_manifest,known,403,manifest,"Client error '403 ' for url 'https://openapiproext.bnf.fr/iiif/presentation/v3/ark:/12148/bd6t556358k/manifest.json'
For more information check: https://developer.mozilla.org/en-US/docs/Web/HTTP/Status/403",2026-07-17T16:53:00.301596
humanite,bd6t556359x,,failed,0,0,,http_manifest,known,403,manifest,"Client error '403 ' for url 'https://openapiproext.bnf.fr/iiif/presentation/v3/ark:/12148/bd6t556359x/manifest.json'
For more information check: https://developer.mozilla.org/en-US/docs/Web/HTTP/Status/403",2026-07-17T16:53:01.370151
humanite,bd6t5563604,,failed,0,0,,http_manifest,known,403,manifest,"Client error '403 ' for url 'https://openapiproext.bnf.fr/iiif/presentation/v3/ark:/12148/bd6t5563604/manifest.json'
For more information check: https://developer.mozilla.org/en-US/docs/Web/HTTP/Status/403",2026-07-17T16:53:02.458410
humanite,bd6t556361g,,failed,0,0,,http_manifest,known,403,manifest,"Client error '403 ' for url 'https://openapiproext.bnf.fr/iiif/presentation/v3/ark:/12148/bd6t556361g/manifest.json'
For more information check: https://developer.mozilla.org/en-US/docs/Web/HTTP/Status/403",2026-07-17T16:53:03.813952
humanite,bd6t556362t,,failed,0,0,,http_manifest,known,403,manifest,"Client error '403 ' for url 'https://openapiproext.bnf.fr/iiif/presentation/v3/ark:/12148/bd6t556362t/manifest.json'
For more information check: https://developer.mozilla.org/en-US/docs/Web/HTTP/Status/403",2026-07-17T16:53:04.996320
humanite,bd6t5563635,,failed,0,0,,http_manifest,known,403,manifest,"Client error '403 ' for url 'https://openapiproext.bnf.fr/iiif/presentation/v3/ark:/12148/bd6t5563635/manifest.json'
For more information check: https://developer.mozilla.org/en-US/docs/Web/HTTP/Status/403",2026-07-17T16:53:06.369970
humanite,bd6t556364h,,failed,0,0,,http_manifest,known,403,manifest,"Client error '403 ' for url 'https://openapiproext.bnf.fr/iiif/presentation/v3/ark:/12148/bd6t556364h/manifest.json'
For more information check: https://developer.mozilla.org/en-US/docs/Web/HTTP/Status/403",2026-07-17T16:53:07.260462
humanite,bd6t556365v,,failed,0,0,,http_manifest,known,403,manifest,"Client error '403 ' for url 'https://openapiproext.bnf.fr/iiif/presentation/v3/ark:/12148/bd6t556365v/manifest.json'
For more information check: https://developer.mozilla.org/en-US/docs/Web/HTTP/Status/403",2026-07-17T16:53:08.459549
humanite,bd6t5563666,,failed,0,0,,http_manifest,known,403,manifest,"Client error '403 ' for url 'https://openapiproext.bnf.fr/iiif/presentation/v3/ark:/12148/bd6t5563666/manifest.json'
For more information check: https://developer.mozilla.org/en-US/docs/Web/HTTP/Status/403",2026-07-17T16:53:09.658690
humanite,bd6t556367j,,failed,0,0,,http_manifest,known,403,manifest,"Client error '403 ' for url 'https://openapiproext.bnf.fr/iiif/presentation/v3/ark:/12148/bd6t556367j/manifest.json'
For more information check: https://developer.mozilla.org/en-US/docs/Web/HTTP/Status/403",2026-07-17T16:53:10.875017
humanite,bd6t556368w,,failed,0,0,,http_manifest,known,403,manifest,"Client error '403 ' for url 'https://openapiproext.bnf.fr/iiif/presentation/v3/ark:/12148/bd6t556368w/manifest.json'
For more information check: https://developer.mozilla.org/en-US/docs/Web/HTTP/Status/403",2026-07-17T16:53:12.059812
humanite,bd6t5563697,,failed,0,0,,http_manifest,known,403,manifest,"Client error '403 ' for url 'https://openapiproext.bnf.fr/iiif/presentation/v3/ark:/12148/bd6t5563697/manifest.json'
For more information check: https://developer.mozilla.org/en-US/docs/Web/HTTP/Status/403",2026-07-17T16:53:13.262910
humanite,bd6t556370f,,failed,0,0,,http_manifest,known,403,manifest,"Client error '403 ' for url 'https://openapiproext.bnf.fr/iiif/presentation/v3/ark:/12148/bd6t556370f/manifest.json'
For more information check: https://developer.mozilla.org/en-US/docs/Web/HTTP/Status/403",2026-07-17T16:53:14.462865
humanite,bd6t556371s,,failed,0,0,,http_manifest,known,403,manifest,"Client error '403 ' for url 'https://openapiproext.bnf.fr/iiif/presentation/v3/ark:/12148/bd6t556371s/manifest.json'
For more information check: https://developer.mozilla.org/en-US/docs/Web/HTTP/Status/403",2026-07-17T16:53:15.663500
humanite,bd6t5563724,,failed,0,0,,http_manifest,known,403,manifest,"Client error '403 ' for url 'https://openapiproext.bnf.fr/iiif/presentation/v3/ark:/12148/bd6t5563724/manifest.json'
For more information check: https://developer.mozilla.org/en-US/docs/Web/HTTP/Status/403",2026-07-17T16:53:16.863223
humanite,bd6t556373g,,failed,0,0,,http_manifest,known,403,manifest,"Client error '403 ' for url 'https://openapiproext.bnf.fr/iiif/presentation/v3/ark:/12148/bd6t556373g/manifest.json'
For more information check: https://developer.mozilla.org/en-US/docs/Web/HTTP/Status/403",2026-07-17T16:53:18.067741
humanite,bd6t556374t,,failed,0,0,,http_manifest,known,403,manifest,"Client error '403 ' for url 'https://openapiproext.bnf.fr/iiif/presentation/v3/ark:/12148/bd6t556374t/manifest.json'
For more information check: https://developer.mozilla.org/en-US/docs/Web/HTTP/Status/403",2026-07-17T16:53:19.271397
humanite,bd6t5563755,,failed,0,0,,http_manifest,known,403,manifest,"Client error '403 ' for url 'https://openapiproext.bnf.fr/iiif/presentation/v3/ark:/12148/bd6t5563755/manifest.json'
For more information check: https://developer.mozilla.org/en-US/docs/Web/HTTP/Status/403",2026-07-17T16:53:20.469529
humanite,bd6t561383s,,failed,0,0,,http_manifest,known,403,manifest,"Client error '403 ' for url 'https://openapiproext.bnf.fr/iiif/presentation/v3/ark:/12148/bd6t561383s/manifest.json'
For more information check: https://developer.mozilla.org/en-US/docs/Web/HTTP/Status/403",2026-07-17T16:53:21.676131
humanite,bd6t5613844,,failed,0,0,,http_manifest,known,403,manifest,"Client error '403 ' for url 'https://openapiproext.bnf.fr/iiif/presentation/v3/ark:/12148/bd6t5613844/manifest.json'
For more information check: https://developer.mozilla.org/en-US/docs/Web/HTTP/Status/403",2026-07-17T16:53:22.881333
humanite,bd6t561385g,,failed,0,0,,http_manifest,known,403,manifest,"Client error '403 ' for url 'https://openapiproext.bnf.fr/iiif/presentation/v3/ark:/12148/bd6t561385g/manifest.json'
For more information check: https://developer.mozilla.org/en-US/docs/Web/HTTP/Status/403",2026-07-17T16:53:24.082981
humanite,bd6t561386t,,failed,0,0,,http_manifest,known,403,manifest,"Client error '403 ' for url 'https://openapiproext.bnf.fr/iiif/presentation/v3/ark:/12148/bd6t561386t/manifest.json'
For more information check: https://developer.mozilla.org/en-US/docs/Web/HTTP/Status/403",2026-07-17T16:53:25.277061
humanite,bd6t5613875,,failed,0,0,,http_manifest,known,403,manifest,"Client error '403 ' for url 'https://openapiproext.bnf.fr/iiif/presentation/v3/ark:/12148/bd6t5613875/manifest.json'
For more information check: https://developer.mozilla.org/en-US/docs/Web/HTTP/Status/403",2026-07-17T16:53:26.476891
humanite,bd6t561388h,,failed,0,0,,http_manifest,known,403,manifest,"Client error '403 ' for url 'https://openapiproext.bnf.fr/iiif/presentation/v3/ark:/12148/bd6t561388h/manifest.json'
For more information check: https://developer.mozilla.org/en-US/docs/Web/HTTP/Status/403",2026-07-17T16:53:27.678399
humanite,bd6t561389v,,failed,0,0,,http_manifest,known,403,manifest,"Client error '403 ' for url 'https://openapiproext.bnf.fr/iiif/presentation/v3/ark:/12148/bd6t561389v/manifest.json'
For more information check: https://developer.mozilla.org/en-US/docs/Web/HTTP/Status/403",2026-07-17T16:53:28.892150
humanite,bd6t5613902,,failed,0,0,,http_manifest,known,403,manifest,"Client error '403 ' for url 'https://openapiproext.bnf.fr/iiif/presentation/v3/ark:/12148/bd6t5613902/manifest.json'
For more information check: https://developer.mozilla.org/en-US/docs/Web/HTTP/Status/403",2026-07-17T16:53:30.078650
humanite,bd6t561391d,,failed,0,0,,http_manifest,known,403,manifest,"Client error '403 ' for url 'https://openapiproext.bnf.fr/iiif/presentation/v3/ark:/12148/bd6t561391d/manifest.json'
For more information check: https://developer.mozilla.org/en-US/docs/Web/HTTP/Status/403",2026-07-17T16:53:31.280765
humanite,bd6t561392r,,failed,0,0,,http_manifest,known,403,manifest,"Client error '403 ' for url 'https://openapiproext.bnf.fr/iiif/presentation/v3/ark:/12148/bd6t561392r/manifest.json'
For more information check: https://developer.mozilla.org/en-US/docs/Web/HTTP/Status/403",2026-07-17T16:53:32.483656
humanite,bd6t5613933,,failed,0,0,,http_manifest,known,403,manifest,"Client error '403 ' for url 'https://openapiproext.bnf.fr/iiif/presentation/v3/ark:/12148/bd6t5613933/manifest.json'
For more information check: https://developer.mozilla.org/en-US/docs/Web/HTTP/Status/403",2026-07-17T16:53:33.683412
humanite,bd6t561394f,,failed,0,0,,http_manifest,known,403,manifest,"Client error '403 ' for url 'https://openapiproext.bnf.fr/iiif/presentation/v3/ark:/12148/bd6t561394f/manifest.json'
For more information check: https://developer.mozilla.org/en-US/docs/Web/HTTP/Status/403",2026-07-17T16:53:34.886366
humanite,bd6t561395s,,failed,0,0,,http_manifest,known,403,manifest,"Client error '403 ' for url 'https://openapiproext.bnf.fr/iiif/presentation/v3/ark:/12148/bd6t561395s/manifest.json'
For more information check: https://developer.mozilla.org/en-US/docs/Web/HTTP/Status/403",2026-07-17T16:53:36.087176
humanite,bd6t5613964,,failed,0,0,,http_manifest,known,403,manifest,"Client error '403 ' for url 'https://openapiproext.bnf.fr/iiif/presentation/v3/ark:/12148/bd6t5613964/manifest.json'
For more information check: https://developer.mozilla.org/en-US/docs/Web/HTTP/Status/403",2026-07-17T16:53:37.296418
humanite,bd6t561397g,,failed,0,0,,http_manifest,known,403,manifest,"Client error '403 ' for url 'https://openapiproext.bnf.fr/iiif/presentation/v3/ark:/12148/bd6t561397g/manifest.json'
For more information check: https://developer.mozilla.org/en-US/docs/Web/HTTP/Status/403",2026-07-17T16:53:38.489881
humanite,bd6t561398t,,failed,0,0,,http_manifest,known,403,manifest,"Client error '403 ' for url 'https://openapiproext.bnf.fr/iiif/presentation/v3/ark:/12148/bd6t561398t/manifest.json'
For more information check: https://developer.mozilla.org/en-US/docs/Web/HTTP/Status/403",2026-07-17T16:53:39.711763
humanite,bd6t5613995,,failed,0,0,,http_manifest,known,403,manifest,"Client error '403 ' for url 'https://openapiproext.bnf.fr/iiif/presentation/v3/ark:/12148/bd6t5613995/manifest.json'
For more information check: https://developer.mozilla.org/en-US/docs/Web/HTTP/Status/403",2026-07-17T16:53:40.893898
humanite,bd6t561400j,,failed,0,0,,http_manifest,known,403,manifest,"Client error '403 ' for url 'https://openapiproext.bnf.fr/iiif/presentation/v3/ark:/12148/bd6t561400j/manifest.json'
For more information check: https://developer.mozilla.org/en-US/docs/Web/HTTP/Status/403",2026-07-17T16:53:42.101762
humanite,bd6t561401w,,failed,0,0,,http_manifest,known,403,manifest,"Client error '403 ' for url 'https://openapiproext.bnf.fr/iiif/presentation/v3/ark:/12148/bd6t561401w/manifest.json'
For more information check: https://developer.mozilla.org/en-US/docs/Web/HTTP/Status/403",2026-07-17T16:53:43.296102
humanite,bd6t5614027,,failed,0,0,,http_manifest,known,403,manifest,"Client error '403 ' for url 'https://openapiproext.bnf.fr/iiif/presentation/v3/ark:/12148/bd6t5614027/manifest.json'
For more information check: https://developer.mozilla.org/en-US/docs/Web/HTTP/Status/403",2026-07-17T16:53:44.495579
humanite,bd6t561403k,,failed,0,0,,http_manifest,known,403,manifest,"Client error '403 ' for url 'https://openapiproext.bnf.fr/iiif/presentation/v3/ark:/12148/bd6t561403k/manifest.json'
For more information check: https://developer.mozilla.org/en-US/docs/Web/HTTP/Status/403",2026-07-17T16:53:45.697410
humanite,bd6t561404x,,failed,0,0,,http_manifest,known,403,manifest,"Client error '403 ' for url 'https://openapiproext.bnf.fr/iiif/presentation/v3/ark:/12148/bd6t561404x/manifest.json'
For more information check: https://developer.mozilla.org/en-US/docs/Web/HTTP/Status/403",2026-07-17T16:53:46.899351
humanite,bd6t5614058,,failed,0,0,,http_manifest,known,403,manifest,"Client error '403 ' for url 'https://openapiproext.bnf.fr/iiif/presentation/v3/ark:/12148/bd6t5614058/manifest.json'
For more information check: https://developer.mozilla.org/en-US/docs/Web/HTTP/Status/403",2026-07-17T16:53:48.097678
humanite,bd6t561406m,,failed,0,0,,http_manifest,known,403,manifest,"Client error '403 ' for url 'https://openapiproext.bnf.fr/iiif/presentation/v3/ark:/12148/bd6t561406m/manifest.json'
For more information check: https://developer.mozilla.org/en-US/docs/Web/HTTP/Status/403",2026-07-17T16:53:49.302093
humanite,bd6t561407z,,failed,0,0,,http_manifest,known,403,manifest,"Client error '403 ' for url 'https://openapiproext.bnf.fr/iiif/presentation/v3/ark:/12148/bd6t561407z/manifest.json'
For more information check: https://developer.mozilla.org/en-US/docs/Web/HTTP/Status/403",2026-07-17T16:53:50.517646
humanite,bd6t5614089,,failed,0,0,,http_manifest,known,403,manifest,"Client error '403 ' for url 'https://openapiproext.bnf.fr/iiif/presentation/v3/ark:/12148/bd6t5614089/manifest.json'
For more information check: https://developer.mozilla.org/en-US/docs/Web/HTTP/Status/403",2026-07-17T16:53:51.705730
humanite,bd6t561409n,,failed,0,0,,http_manifest,known,403,manifest,"Client error '403 ' for url 'https://openapiproext.bnf.fr/iiif/presentation/v3/ark:/12148/bd6t561409n/manifest.json'
For more information check: https://developer.mozilla.org/en-US/docs/Web/HTTP/Status/403",2026-07-17T16:53:52.907427
humanite,bd6t561410v,,failed,0,0,,http_manifest,known,403,manifest,"Client error '403 ' for url 'https://openapiproext.bnf.fr/iiif/presentation/v3/ark:/12148/bd6t561410v/manifest.json'
For more information check: https://developer.mozilla.org/en-US/docs/Web/HTTP/Status/403",2026-07-17T16:53:54.110263
humanite,bd6t5614116,,failed,0,0,,http_manifest,known,403,manifest,"Client error '403 ' for url 'https://openapiproext.bnf.fr/iiif/presentation/v3/ark:/12148/bd6t5614116/manifest.json'
For more information check: https://developer.mozilla.org/en-US/docs/Web/HTTP/Status/403",2026-07-17T16:53:55.310457
humanite,bd6t561412j,,failed,0,0,,http_manifest,known,403,manifest,"Client error '403 ' for url 'https://openapiproext.bnf.fr/iiif/presentation/v3/ark:/12148/bd6t561412j/manifest.json'
For more information check: https://developer.mozilla.org/en-US/docs/Web/HTTP/Status/403",2026-07-17T16:53:56.513911
humanite,bd6t561413w,,failed,0,0,,http_manifest,known,403,manifest,"Client error '403 ' for url 'https://openapiproext.bnf.fr/iiif/presentation/v3/ark:/12148/bd6t561413w/manifest.json'
For more information check: https://developer.mozilla.org/en-US/docs/Web/HTTP/Status/403",2026-07-17T16:53:58.006832
humanite,bd6t5614147,,failed,0,0,,http_manifest,known,403,manifest,"Client error '403 ' for url 'https://openapiproext.bnf.fr/iiif/presentation/v3/ark:/12148/bd6t5614147/manifest.json'
For more information check: https://developer.mozilla.org/en-US/docs/Web/HTTP/Status/403",2026-07-17T16:53:58.918303
humanite,bd6t561415k,,failed,0,0,,http_manifest,known,403,manifest,"Client error '403 ' for url 'https://openapiproext.bnf.fr/iiif/presentation/v3/ark:/12148/bd6t561415k/manifest.json'
For more information check: https://developer.mozilla.org/en-US/docs/Web/HTTP/Status/403",2026-07-17T16:54:00.228754
humanite,bd6t561416x,,failed,0,0,,http_manifest,known,403,manifest,"Client error '403 ' for url 'https://openapiproext.bnf.fr/iiif/presentation/v3/ark:/12148/bd6t561416x/manifest.json'
For more information check: https://developer.mozilla.org/en-US/docs/Web/HTTP/Status/403",2026-07-17T16:54:01.525993
humanite,bd6t5614178,,failed,0,0,,http_manifest,known,403,manifest,"Client error '403 ' for url 'https://openapiproext.bnf.fr/iiif/presentation/v3/ark:/12148/bd6t5614178/manifest.json'
For more information check: https://developer.mozilla.org/en-US/docs/Web/HTTP/Status/403",2026-07-17T16:54:02.519752
humanite,bd6t561418m,,failed,0,0,,http_manifest,known,403,manifest,"Client error '403 ' for url 'https://openapiproext.bnf.fr/iiif/presentation/v3/ark:/12148/bd6t561418m/manifest.json'
For more information check: https://developer.mozilla.org/en-US/docs/Web/HTTP/Status/403",2026-07-17T16:54:03.929186
humanite,bd6t561419z,,failed,0,0,,http_manifest,known,403,manifest,"Client error '403 ' for url 'https://openapiproext.bnf.fr/iiif/presentation/v3/ark:/12148/bd6t561419z/manifest.json'
For more information check: https://developer.mozilla.org/en-US/docs/Web/HTTP/Status/403",2026-07-17T16:54:04.989774
humanite,bd6t5614205,,failed,0,0,,http_manifest,known,403,manifest,"Client error '403 ' for url 'https://openapiproext.bnf.fr/iiif/presentation/v3/ark:/12148/bd6t5614205/manifest.json'
For more information check: https://developer.mozilla.org/en-US/docs/Web/HTTP/Status/403",2026-07-17T16:54:06.380383
humanite,bd6t561421h,,failed,0,0,,http_manifest,known,403,manifest,"Client error '403 ' for url 'https://openapiproext.bnf.fr/iiif/presentation/v3/ark:/12148/bd6t561421h/manifest.json'
For more information check: https://developer.mozilla.org/en-US/docs/Web/HTTP/Status/403",2026-07-17T16:54:07.347516
humanite,bd6t561422v,,failed,0,0,,http_manifest,known,403,manifest,"Client error '403 ' for url 'https://openapiproext.bnf.fr/iiif/presentation/v3/ark:/12148/bd6t561422v/manifest.json'
For more information check: https://developer.mozilla.org/en-US/docs/Web/HTTP/Status/403",2026-07-17T16:54:08.528430
humanite,bd6t5614236,,failed,0,0,,http_manifest,known,403,manifest,"Client error '403 ' for url 'https://openapiproext.bnf.fr/iiif/presentation/v3/ark:/12148/bd6t5614236/manifest.json'
For more information check: https://developer.mozilla.org/en-US/docs/Web/HTTP/Status/403",2026-07-17T16:54:09.740549
humanite,bd6t561424j,,failed,0,0,,http_manifest,known,403,manifest,"Client error '403 ' for url 'https://openapiproext.bnf.fr/iiif/presentation/v3/ark:/12148/bd6t561424j/manifest.json'
For more information check: https://developer.mozilla.org/en-US/docs/Web/HTTP/Status/403",2026-07-17T16:54:10.989607
humanite,bd6t561425w,,failed,0,0,,http_manifest,known,403,manifest,"Client error '403 ' for url 'https://openapiproext.bnf.fr/iiif/presentation/v3/ark:/12148/bd6t561425w/manifest.json'
For more information check: https://developer.mozilla.org/en-US/docs/Web/HTTP/Status/403",2026-07-17T16:54:12.135064
humanite,bd6t5614267,,failed,0,0,,http_manifest,known,403,manifest,"Client error '403 ' for url 'https://openapiproext.bnf.fr/iiif/presentation/v3/ark:/12148/bd6t5614267/manifest.json'
For more information check: https://developer.mozilla.org/en-US/docs/Web/HTTP/Status/403",2026-07-17T16:54:13.335210
humanite,bd6t561427k,,failed,0,0,,http_manifest,known,403,manifest,"Client error '403 ' for url 'https://openapiproext.bnf.fr/iiif/presentation/v3/ark:/12148/bd6t561427k/manifest.json'
For more information check: https://developer.mozilla.org/en-US/docs/Web/HTTP/Status/403",2026-07-17T16:54:14.560542
humanite,bd6t561428x,,failed,0,0,,http_manifest,known,403,manifest,"Client error '403 ' for url 'https://openapiproext.bnf.fr/iiif/presentation/v3/ark:/12148/bd6t561428x/manifest.json'
For more information check: https://developer.mozilla.org/en-US/docs/Web/HTTP/Status/403",2026-07-17T16:54:15.740767
humanite,bd6t5614298,,failed,0,0,,http_manifest,known,403,manifest,"Client error '403 ' for url 'https://openapiproext.bnf.fr/iiif/presentation/v3/ark:/12148/bd6t5614298/manifest.json'
For more information check: https://developer.mozilla.org/en-US/docs/Web/HTTP/Status/403",2026-07-17T16:54:17.000202
humanite,bd6t561430g,,failed,0,0,,http_manifest,known,403,manifest,"Client error '403 ' for url 'https://openapiproext.bnf.fr/iiif/presentation/v3/ark:/12148/bd6t561430g/manifest.json'
For more information check: https://developer.mozilla.org/en-US/docs/Web/HTTP/Status/403",2026-07-17T16:54:18.143496
humanite,bd6t561431t,,failed,0,0,,http_manifest,known,403,manifest,"Client error '403 ' for url 'https://openapiproext.bnf.fr/iiif/presentation/v3/ark:/12148/bd6t561431t/manifest.json'
For more information check: https://developer.mozilla.org/en-US/docs/Web/HTTP/Status/403",2026-07-17T16:54:19.432898
humanite,bd6t5614325,,failed,0,0,,http_manifest,known,403,manifest,"Client error '403 ' for url 'https://openapiproext.bnf.fr/iiif/presentation/v3/ark:/12148/bd6t5614325/manifest.json'
For more information check: https://developer.mozilla.org/en-US/docs/Web/HTTP/Status/403",2026-07-17T16:54:20.542728
humanite,bd6t561433h,,failed,0,0,,http_manifest,known,403,manifest,"Client error '403 ' for url 'https://openapiproext.bnf.fr/iiif/presentation/v3/ark:/12148/bd6t561433h/manifest.json'
For more information check: https://developer.mozilla.org/en-US/docs/Web/HTTP/Status/403",2026-07-17T16:54:21.749758
humanite,bd6t561434v,,failed,0,0,,http_manifest,known,403,manifest,"Client error '403 ' for url 'https://openapiproext.bnf.fr/iiif/presentation/v3/ark:/12148/bd6t561434v/manifest.json'
For more information check: https://developer.mozilla.org/en-US/docs/Web/HTTP/Status/403",2026-07-17T16:54:23.000108
humanite,bd6t5614356,,failed,0,0,,http_manifest,known,403,manifest,"Client error '403 ' for url 'https://openapiproext.bnf.fr/iiif/presentation/v3/ark:/12148/bd6t5614356/manifest.json'
For more information check: https://developer.mozilla.org/en-US/docs/Web/HTTP/Status/403",2026-07-17T16:54:24.152550
humanite,bd6t561436j,,failed,0,0,,http_manifest,known,403,manifest,"Client error '403 ' for url 'https://openapiproext.bnf.fr/iiif/presentation/v3/ark:/12148/bd6t561436j/manifest.json'
For more information check: https://developer.mozilla.org/en-US/docs/Web/HTTP/Status/403",2026-07-17T16:54:25.348818
humanite,bd6t561437w,,failed,0,0,,http_manifest,known,403,manifest,"Client error '403 ' for url 'https://openapiproext.bnf.fr/iiif/presentation/v3/ark:/12148/bd6t561437w/manifest.json'
For more information check: https://developer.mozilla.org/en-US/docs/Web/HTTP/Status/403",2026-07-17T16:54:26.558324
humanite,bd6t5614387,,failed,0,0,,http_manifest,known,403,manifest,"Client error '403 ' for url 'https://openapiproext.bnf.fr/iiif/presentation/v3/ark:/12148/bd6t5614387/manifest.json'
For more information check: https://developer.mozilla.org/en-US/docs/Web/HTTP/Status/403",2026-07-17T16:54:27.760267
humanite,bd6t561439k,,failed,0,0,,http_manifest,known,403,manifest,"Client error '403 ' for url 'https://openapiproext.bnf.fr/iiif/presentation/v3/ark:/12148/bd6t561439k/manifest.json'
For more information check: https://developer.mozilla.org/en-US/docs/Web/HTTP/Status/403",2026-07-17T16:54:28.964567
humanite,bd6t561440s,,failed,0,0,,http_manifest,known,403,manifest,"Client error '403 ' for url 'https://openapiproext.bnf.fr/iiif/presentation/v3/ark:/12148/bd6t561440s/manifest.json'
For more information check: https://developer.mozilla.org/en-US/docs/Web/HTTP/Status/403",2026-07-17T16:54:30.161754
humanite,bd6t5614414,,failed,0,0,,http_manifest,known,403,manifest,"Client error '403 ' for url 'https://openapiproext.bnf.fr/iiif/presentation/v3/ark:/12148/bd6t5614414/manifest.json'
For more information check: https://developer.mozilla.org/en-US/docs/Web/HTTP/Status/403",2026-07-17T16:54:31.358125
humanite,bd6t561442g,,failed,0,0,,http_manifest,known,403,manifest,"Client error '403 ' for url 'https://openapiproext.bnf.fr/iiif/presentation/v3/ark:/12148/bd6t561442g/manifest.json'
For more information check: https://developer.mozilla.org/en-US/docs/Web/HTTP/Status/403",2026-07-17T16:54:32.568046
humanite,bd6t561443t,,failed,0,0,,http_manifest,known,403,manifest,"Client error '403 ' for url 'https://openapiproext.bnf.fr/iiif/presentation/v3/ark:/12148/bd6t561443t/manifest.json'
For more information check: https://developer.mozilla.org/en-US/docs/Web/HTTP/Status/403",2026-07-17T16:54:33.780759
humanite,bd6t5614445,,failed,0,0,,http_manifest,known,403,manifest,"Client error '403 ' for url 'https://openapiproext.bnf.fr/iiif/presentation/v3/ark:/12148/bd6t5614445/manifest.json'
For more information check: https://developer.mozilla.org/en-US/docs/Web/HTTP/Status/403",2026-07-17T16:54:34.962567
humanite,bd6t561445h,,failed,0,0,,http_manifest,known,403,manifest,"Client error '403 ' for url 'https://openapiproext.bnf.fr/iiif/presentation/v3/ark:/12148/bd6t561445h/manifest.json'
For more information check: https://developer.mozilla.org/en-US/docs/Web/HTTP/Status/403",2026-07-17T16:54:36.165709
humanite,bd6t561446v,,failed,0,0,,http_manifest,known,403,manifest,"Client error '403 ' for url 'https://openapiproext.bnf.fr/iiif/presentation/v3/ark:/12148/bd6t561446v/manifest.json'
For more information check: https://developer.mozilla.org/en-US/docs/Web/HTTP/Status/403",2026-07-17T16:54:37.367717
humanite,bd6t5614476,,failed,0,0,,http_manifest,known,403,manifest,"Client error '403 ' for url 'https://openapiproext.bnf.fr/iiif/presentation/v3/ark:/12148/bd6t5614476/manifest.json'
For more information check: https://developer.mozilla.org/en-US/docs/Web/HTTP/Status/403",2026-07-17T16:54:38.574810
humanite,bd6t561448j,,failed,0,0,,http_manifest,known,403,manifest,"Client error '403 ' for url 'https://openapiproext.bnf.fr/iiif/presentation/v3/ark:/12148/bd6t561448j/manifest.json'
For more information check: https://developer.mozilla.org/en-US/docs/Web/HTTP/Status/403",2026-07-17T16:54:39.811014
humanite,bd6t561449w,,failed,0,0,,http_manifest,known,403,manifest,"Client error '403 ' for url 'https://openapiproext.bnf.fr/iiif/presentation/v3/ark:/12148/bd6t561449w/manifest.json'
For more information check: https://developer.mozilla.org/en-US/docs/Web/HTTP/Status/403",2026-07-17T16:54:40.977391
humanite,bd6t5614503,,failed,0,0,,http_manifest,known,403,manifest,"Client error '403 ' for url 'https://openapiproext.bnf.fr/iiif/presentation/v3/ark:/12148/bd6t5614503/manifest.json'
For more information check: https://developer.mozilla.org/en-US/docs/Web/HTTP/Status/403",2026-07-17T16:54:42.172906
humanite,bd6t561451f,,failed,0,0,,http_manifest,known,403,manifest,"Client error '403 ' for url 'https://openapiproext.bnf.fr/iiif/presentation/v3/ark:/12148/bd6t561451f/manifest.json'
For more information check: https://developer.mozilla.org/en-US/docs/Web/HTTP/Status/403",2026-07-17T16:54:43.380045
humanite,bd6t561452s,,failed,0,0,,http_manifest,known,403,manifest,"Client error '403 ' for url 'https://openapiproext.bnf.fr/iiif/presentation/v3/ark:/12148/bd6t561452s/manifest.json'
For more information check: https://developer.mozilla.org/en-US/docs/Web/HTTP/Status/403",2026-07-17T16:54:44.586617
humanite,bd6t5614534,,failed,0,0,,http_manifest,known,403,manifest,"Client error '403 ' for url 'https://openapiproext.bnf.fr/iiif/presentation/v3/ark:/12148/bd6t5614534/manifest.json'
For more information check: https://developer.mozilla.org/en-US/docs/Web/HTTP/Status/403",2026-07-17T16:54:45.779473
humanite,bd6t561454g,,failed,0,0,,http_manifest,known,403,manifest,"Client error '403 ' for url 'https://openapiproext.bnf.fr/iiif/presentation/v3/ark:/12148/bd6t561454g/manifest.json'
For more information check: https://developer.mozilla.org/en-US/docs/Web/HTTP/Status/403",2026-07-17T16:54:46.982721
humanite,bd6t561455t,,failed,0,0,,http_manifest,known,403,manifest,"Client error '403 ' for url 'https://openapiproext.bnf.fr/iiif/presentation/v3/ark:/12148/bd6t561455t/manifest.json'
For more information check: https://developer.mozilla.org/en-US/docs/Web/HTTP/Status/403",2026-07-17T16:54:48.186552
humanite,bd6t5614565,,failed,0,0,,http_manifest,known,403,manifest,"Client error '403 ' for url 'https://openapiproext.bnf.fr/iiif/presentation/v3/ark:/12148/bd6t5614565/manifest.json'
For more information check: https://developer.mozilla.org/en-US/docs/Web/HTTP/Status/403",2026-07-17T16:54:49.388132
humanite,bd6t561457h,,failed,0,0,,http_manifest,known,403,manifest,"Client error '403 ' for url 'https://openapiproext.bnf.fr/iiif/presentation/v3/ark:/12148/bd6t561457h/manifest.json'
For more information check: https://developer.mozilla.org/en-US/docs/Web/HTTP/Status/403",2026-07-17T16:54:50.587170
humanite,bd6t561458v,,failed,0,0,,http_manifest,known,403,manifest,"Client error '403 ' for url 'https://openapiproext.bnf.fr/iiif/presentation/v3/ark:/12148/bd6t561458v/manifest.json'
For more information check: https://developer.mozilla.org/en-US/docs/Web/HTTP/Status/403",2026-07-17T16:54:51.813811
humanite,bd6t5614596,,failed,0,0,,http_manifest,known,403,manifest,"Client error '403 ' for url 'https://openapiproext.bnf.fr/iiif/presentation/v3/ark:/12148/bd6t5614596/manifest.json'
For more information check: https://developer.mozilla.org/en-US/docs/Web/HTTP/Status/403",2026-07-17T16:54:52.990629
humanite,bd6t561460d,,failed,0,0,,http_manifest,known,403,manifest,"Client error '403 ' for url 'https://openapiproext.bnf.fr/iiif/presentation/v3/ark:/12148/bd6t561460d/manifest.json'
For more information check: https://developer.mozilla.org/en-US/docs/Web/HTTP/Status/403",2026-07-17T16:54:54.193772
humanite,bd6t561461r,,failed,0,0,,http_manifest,known,403,manifest,"Client error '403 ' for url 'https://openapiproext.bnf.fr/iiif/presentation/v3/ark:/12148/bd6t561461r/manifest.json'
For more information check: https://developer.mozilla.org/en-US/docs/Web/HTTP/Status/403",2026-07-17T16:54:55.407703
ikdam,bpt6k67027428,,failed,0,0,,no_usable_pages,known,,,bpt6k67027428: no usable pages in manifest.,2026-07-17T16:54:55.942318
intransigeant,bpt6k774944w,,failed,0,0,,no_usable_pages,known,,,bpt6k774944w: no usable pages in manifest.,2026-07-17T16:54:56.360313
intransigeant,bpt6k7750286,,failed,0,0,,no_usable_pages,known,,,bpt6k7750286: no usable pages in manifest.,2026-07-17T16:54:56.572447
intransigeant,bpt6k775057v,,failed,0,0,,no_usable_pages,known,,,bpt6k775057v: no usable pages in manifest.,2026-07-17T16:54:57.012943
intransigeant,bpt6k7751138,,failed,0,0,,no_usable_pages,known,,,bpt6k7751138: no usable pages in manifest.,2026-07-17T16:54:57.291199
intransigeant,bpt6k775329h,,failed,0,0,,no_usable_pages,known,,,bpt6k775329h: no usable pages in manifest.,2026-07-17T16:54:57.509666
intransigeant,bpt6k775492k,,failed,0,0,,no_usable_pages,known,,,bpt6k775492k: no usable pages in manifest.,2026-07-17T16:54:57.777200
intransigeant,bpt6k7758292,,failed,0,0,,no_usable_pages,known,,,bpt6k7758292: no usable pages in manifest.,2026-07-17T16:54:58.076145
intransigeant,bpt6k776026q,,failed,0,0,,no_usable_pages,known,,,bpt6k776026q: no usable pages in manifest.,2026-07-17T16:54:58.372757
intransigeant,bpt6k7765713,,failed,0,0,,no_usable_pages,known,,,bpt6k7765713: no usable pages in manifest.,2026-07-17T16:54:58.613625
intransigeant,bpt6k776619c,,failed,0,0,,no_usable_pages,known,,,bpt6k776619c: no usable pages in manifest.,2026-07-17T16:54:58.855107
intransigeant,bpt6k778675g,,failed,0,0,,no_usable_pages,known,,,bpt6k778675g: no usable pages in manifest.,2026-07-17T16:54:59.250021
intransigeant,bpt6k7788316,,failed,0,0,,no_usable_pages,known,,,bpt6k7788316: no usable pages in manifest.,2026-07-17T16:54:59.805658
intransigeant,bpt6k7798638,,failed,0,0,,no_usable_pages,known,,,bpt6k7798638: no usable pages in manifest.,2026-07-17T16:55:00.017470
intransigeant,bpt6k782231x,,failed,0,0,,no_usable_pages,known,,,bpt6k782231x: no usable pages in manifest.,2026-07-17T16:55:00.377951
intransigeant,bpt6k7826404,,failed,0,0,,no_usable_pages,known,,,bpt6k7826404: no usable pages in manifest.,2026-07-17T16:55:00.614487
intransigeant,bpt6k782752j,,failed,0,0,,no_usable_pages,known,,,bpt6k782752j: no usable pages in manifest.,2026-07-17T16:55:00.858647
intransigeant,bpt6k782784b,,failed,0,0,,no_usable_pages,known,,,bpt6k782784b: no usable pages in manifest.,2026-07-17T16:55:01.095976
intransigeant,bpt6k783037v,,failed,0,0,,no_usable_pages,known,,,bpt6k783037v: no usable pages in manifest.,2026-07-17T16:55:01.448805
intransigeant,bpt6k783357g,,failed,0,0,,no_usable_pages,known,,,bpt6k783357g: no usable pages in manifest.,2026-07-17T16:55:01.815854
intransigeant,bpt6k783586r,,failed,0,0,,no_usable_pages,known,,,bpt6k783586r: no usable pages in manifest.,2026-07-17T16:55:02.135148
intransigeant,bpt6k784403t,,failed,0,0,,no_usable_pages,known,,,bpt6k784403t: no usable pages in manifest.,2026-07-17T16:55:02.740078
intransigeant,bpt6k784407b,,failed,0,0,,no_usable_pages,known,,,bpt6k784407b: no usable pages in manifest.,2026-07-17T16:55:03.032932
intransigeant,bpt6k784429s,,failed,0,0,,no_usable_pages,known,,,bpt6k784429s: no usable pages in manifest.,2026-07-17T16:55:03.261943
intransigeant,bpt6k7844360,,failed,0,0,,no_usable_pages,known,,,bpt6k7844360: no usable pages in manifest.,2026-07-17T16:55:03.584657
intransigeant,bpt6k784438r,,failed,0,0,,no_usable_pages,known,,,bpt6k784438r: no usable pages in manifest.,2026-07-17T16:55:03.849002
intransigeant,bpt6k7844402,,failed,0,0,,no_usable_pages,known,,,bpt6k7844402: no usable pages in manifest.,2026-07-17T16:55:04.110625
intransigeant,bpt6k784451s,,failed,0,0,,no_usable_pages,known,,,bpt6k784451s: no usable pages in manifest.,2026-07-17T16:55:04.409659
intransigeant,bpt6k7844525,,failed,0,0,,no_usable_pages,known,,,bpt6k7844525: no usable pages in manifest.,2026-07-17T16:55:04.704061
intransigeant,bpt6k784453j,,failed,0,0,,no_usable_pages,known,,,bpt6k784453j: no usable pages in manifest.,2026-07-17T16:55:04.917487
intransigeant,bpt6k7844695,,failed,0,0,,no_usable_pages,known,,,bpt6k7844695: no usable pages in manifest.,2026-07-17T16:55:05.217235
intransigeant,bpt6k7844703,,failed,0,0,,no_usable_pages,known,,,bpt6k7844703: no usable pages in manifest.,2026-07-17T16:55:05.637863
intransigeant,bpt6k784471g,,failed,0,0,,no_usable_pages,known,,,bpt6k784471g: no usable pages in manifest.,2026-07-17T16:55:05.901861
intransigeant,bpt6k784472v,,failed,0,0,,no_usable_pages,known,,,bpt6k784472v: no usable pages in manifest.,2026-07-17T16:55:06.207481
intransigeant,bpt6k7844737,,failed,0,0,,no_usable_pages,known,,,bpt6k7844737: no usable pages in manifest.,2026-07-17T16:55:06.405150
intransigeant,bpt6k784474m,,failed,0,0,,no_usable_pages,known,,,bpt6k784474m: no usable pages in manifest.,2026-07-17T16:55:06.553489
intransigeant,bpt6k784477r,,failed,0,0,,no_usable_pages,known,,,bpt6k784477r: no usable pages in manifest.,2026-07-17T16:55:06.792118
intransigeant,bpt6k784485b,,failed,0,0,,no_usable_pages,known,,,bpt6k784485b: no usable pages in manifest.,2026-07-17T16:55:07.092655
intransigeant,bpt6k784486q,,failed,0,0,,no_usable_pages,known,,,bpt6k784486q: no usable pages in manifest.,2026-07-17T16:55:07.341976
intransigeant,bpt6k7844873,,failed,0,0,,no_usable_pages,known,,,bpt6k7844873: no usable pages in manifest.,2026-07-17T16:55:07.618862
intransigeant,bpt6k784488g,,failed,0,0,,no_usable_pages,known,,,bpt6k784488g: no usable pages in manifest.,2026-07-17T16:55:07.856925
intransigeant,bpt6k784489v,,failed,0,0,,no_usable_pages,known,,,bpt6k784489v: no usable pages in manifest.,2026-07-17T16:55:08.171540
intransigeant,bpt6k7844915,,failed,0,0,,no_usable_pages,known,,,bpt6k7844915: no usable pages in manifest.,2026-07-17T16:55:08.434222
intransigeant,bpt6k784492j,,failed,0,0,,no_usable_pages,known,,,bpt6k784492j: no usable pages in manifest.,2026-07-17T16:55:08.667983
intransigeant,bpt6k784502r,,failed,0,0,,no_usable_pages,known,,,bpt6k784502r: no usable pages in manifest.,2026-07-17T16:55:08.888574
intransigeant,bpt6k7845034,,failed,0,0,,no_usable_pages,known,,,bpt6k7845034: no usable pages in manifest.,2026-07-17T16:55:09.143242
intransigeant,bpt6k784504h,,failed,0,0,,no_usable_pages,known,,,bpt6k784504h: no usable pages in manifest.,2026-07-17T16:55:09.435518
intransigeant,bpt6k784505w,,failed,0,0,,no_usable_pages,known,,,bpt6k784505w: no usable pages in manifest.,2026-07-17T16:55:09.658988
intransigeant,bpt6k7845068,,failed,0,0,,no_usable_pages,known,,,bpt6k7845068: no usable pages in manifest.,2026-07-17T16:55:09.863972
intransigeant,bpt6k784507n,,failed,0,0,,no_usable_pages,known,,,bpt6k784507n: no usable pages in manifest.,2026-07-17T16:55:10.154078
intransigeant,bpt6k7845081,,failed,0,0,,no_usable_pages,known,,,bpt6k7845081: no usable pages in manifest.,2026-07-17T16:55:10.517101
intransigeant,bpt6k784509d,,failed,0,0,,no_usable_pages,known,,,bpt6k784509d: no usable pages in manifest.,2026-07-17T16:55:11.063336
intransigeant,bpt6k784519r,,failed,0,0,,no_usable_pages,known,,,bpt6k784519r: no usable pages in manifest.,2026-07-17T16:55:11.425936
intransigeant,bpt6k784520p,,failed,0,0,,no_usable_pages,known,,,bpt6k784520p: no usable pages in manifest.,2026-07-17T16:55:11.707432
intransigeant,bpt6k7845212,,failed,0,0,,no_usable_pages,known,,,bpt6k7845212: no usable pages in manifest.,2026-07-17T16:55:11.936605
intransigeant,bpt6k784522f,,failed,0,0,,no_usable_pages,known,,,bpt6k784522f: no usable pages in manifest.,2026-07-17T16:55:12.162670
intransigeant,bpt6k784523t,,failed,0,0,,no_usable_pages,known,,,bpt6k784523t: no usable pages in manifest.,2026-07-17T16:55:12.456985
intransigeant,bpt6k7845246,,failed,0,0,,no_usable_pages,known,,,bpt6k7845246: no usable pages in manifest.,2026-07-17T16:55:12.775024
intransigeant,bpt6k784525k,,failed,0,0,,no_usable_pages,known,,,bpt6k784525k: no usable pages in manifest.,2026-07-17T16:55:13.009470
intransigeant,bpt6k784526z,,failed,0,0,,no_usable_pages,known,,,bpt6k784526z: no usable pages in manifest.,2026-07-17T16:55:13.252424
intransigeant,bpt6k784537p,,failed,0,0,,no_usable_pages,known,,,bpt6k784537p: no usable pages in manifest.,2026-07-17T16:55:13.509379
intransigeant,bpt6k7845382,,failed,0,0,,no_usable_pages,known,,,bpt6k7845382: no usable pages in manifest.,2026-07-17T16:55:13.846185
intransigeant,bpt6k784539f,,failed,0,0,,no_usable_pages,known,,,bpt6k784539f: no usable pages in manifest.,2026-07-17T16:55:14.056826
intransigeant,bpt6k784540c,,failed,0,0,,no_usable_pages,known,,,bpt6k784540c: no usable pages in manifest.,2026-07-17T16:55:14.300631
intransigeant,bpt6k784541r,,failed,0,0,,no_usable_pages,known,,,bpt6k784541r: no usable pages in manifest.,2026-07-17T16:55:14.526543
intransigeant,bpt6k7845424,,failed,0,0,,no_usable_pages,known,,,bpt6k7845424: no usable pages in manifest.,2026-07-17T16:55:14.977187
intransigeant,bpt6k784543h,,failed,0,0,,no_usable_pages,known,,,bpt6k784543h: no usable pages in manifest.,2026-07-17T16:55:15.169424
intransigeant,bpt6k784544w,,failed,0,0,,no_usable_pages,known,,,bpt6k784544w: no usable pages in manifest.,2026-07-17T16:55:15.399972
intransigeant,bpt6k784618p,,failed,0,0,,no_usable_pages,known,,,bpt6k784618p: no usable pages in manifest.,2026-07-17T16:55:15.642431
intransigeant,bpt6k7846192,,failed,0,0,,no_usable_pages,known,,,bpt6k7846192: no usable pages in manifest.,2026-07-17T16:55:16.062473
intransigeant,bpt6k7846200,,failed,0,0,,no_usable_pages,known,,,bpt6k7846200: no usable pages in manifest.,2026-07-17T16:55:16.417534
intransigeant,bpt6k784621c,,failed,0,0,,no_usable_pages,known,,,bpt6k784621c: no usable pages in manifest.,2026-07-17T16:55:16.809563
intransigeant,bpt6k784622r,,failed,0,0,,no_usable_pages,known,,,bpt6k784622r: no usable pages in manifest.,2026-07-17T16:55:17.247976
intransigeant,bpt6k7846234,,failed,0,0,,no_usable_pages,known,,,bpt6k7846234: no usable pages in manifest.,2026-07-17T16:55:17.448856
intransigeant,bpt6k784624h,,failed,0,0,,no_usable_pages,known,,,bpt6k784624h: no usable pages in manifest.,2026-07-17T16:55:17.772639
intransigeant,bpt6k784625w,,failed,0,0,,no_usable_pages,known,,,bpt6k784625w: no usable pages in manifest.,2026-07-17T16:55:17.975099
intransigeant,bpt6k7846268,,failed,0,0,,no_usable_pages,known,,,bpt6k7846268: no usable pages in manifest.,2026-07-17T16:55:18.388501
intransigeant,bpt6k784627n,,failed,0,0,,no_usable_pages,known,,,bpt6k784627n: no usable pages in manifest.,2026-07-17T16:55:18.640342
intransigeant,bpt6k7846281,,failed,0,0,,no_usable_pages,known,,,bpt6k7846281: no usable pages in manifest.,2026-07-17T16:55:18.904482
intransigeant,bpt6k784629d,,failed,0,0,,no_usable_pages,known,,,bpt6k784629d: no usable pages in manifest.,2026-07-17T16:55:19.181215
intransigeant,bpt6k784631q,,failed,0,0,,no_usable_pages,known,,,bpt6k784631q: no usable pages in manifest.,2026-07-17T16:55:19.698688
intransigeant,bpt6k7846323,,failed,0,0,,no_usable_pages,known,,,bpt6k7846323: no usable pages in manifest.,2026-07-17T16:55:19.894756
intransigeant,bpt6k784633g,,failed,0,0,,no_usable_pages,known,,,bpt6k784633g: no usable pages in manifest.,2026-07-17T16:55:20.176581
intransigeant,bpt6k784634v,,failed,0,0,,no_usable_pages,known,,,bpt6k784634v: no usable pages in manifest.,2026-07-17T16:55:20.413851
intransigeant,bpt6k7846357,,failed,0,0,,no_usable_pages,known,,,bpt6k7846357: no usable pages in manifest.,2026-07-17T16:55:20.852581
intransigeant,bpt6k784636m,,failed,0,0,,no_usable_pages,known,,,bpt6k784636m: no usable pages in manifest.,2026-07-17T16:55:21.166653
intransigeant,bpt6k7846370,,failed,0,0,,no_usable_pages,known,,,bpt6k7846370: no usable pages in manifest.,2026-07-17T16:55:21.442222
intransigeant,bpt6k784638c,,failed,0,0,,no_usable_pages,known,,,bpt6k784638c: no usable pages in manifest.,2026-07-17T16:55:21.872811
intransigeant,bpt6k784639r,,failed,0,0,,no_usable_pages,known,,,bpt6k784639r: no usable pages in manifest.,2026-07-17T16:55:22.263543
intransigeant,bpt6k784640p,,failed,0,0,,no_usable_pages,known,,,bpt6k784640p: no usable pages in manifest.,2026-07-17T16:55:22.735460
intransigeant,bpt6k7846412,,failed,0,0,,no_usable_pages,known,,,bpt6k7846412: no usable pages in manifest.,2026-07-17T16:55:23.134483
intransigeant,bpt6k784642f,,failed,0,0,,no_usable_pages,known,,,bpt6k784642f: no usable pages in manifest.,2026-07-17T16:55:23.383867
intransigeant,bpt6k784643t,,failed,0,0,,no_usable_pages,known,,,bpt6k784643t: no usable pages in manifest.,2026-07-17T16:55:23.658068
intransigeant,bpt6k7846446,,failed,0,0,,no_usable_pages,known,,,bpt6k7846446: no usable pages in manifest.,2026-07-17T16:55:23.903757
intransigeant,bpt6k784645k,,failed,0,0,,no_usable_pages,known,,,bpt6k784645k: no usable pages in manifest.,2026-07-17T16:55:24.308862
intransigeant,bpt6k784646z,,failed,0,0,,no_usable_pages,known,,,bpt6k784646z: no usable pages in manifest.,2026-07-17T16:55:24.639825
intransigeant,bpt6k784647b,,failed,0,0,,no_usable_pages,known,,,bpt6k784647b: no usable pages in manifest.,2026-07-17T16:55:24.918389
intransigeant,bpt6k784648q,,failed,0,0,,no_usable_pages,known,,,bpt6k784648q: no usable pages in manifest.,2026-07-17T16:55:25.330580
intransigeant,bpt6k7846493,,failed,0,0,,no_usable_pages,known,,,bpt6k7846493: no usable pages in manifest.,2026-07-17T16:55:25.599003
intransigeant,bpt6k7846501,,failed,0,0,,no_usable_pages,known,,,bpt6k7846501: no usable pages in manifest.,2026-07-17T16:55:25.866897
intransigeant,bpt6k784651d,,failed,0,0,,no_usable_pages,known,,,bpt6k784651d: no usable pages in manifest.,2026-07-17T16:55:26.079757
intransigeant,bpt6k784652s,,failed,0,0,,no_usable_pages,known,,,bpt6k784652s: no usable pages in manifest.,2026-07-17T16:55:26.480246
intransigeant,bpt6k7846535,,failed,0,0,,no_usable_pages,known,,,bpt6k7846535: no usable pages in manifest.,2026-07-17T16:55:26.733653
intransigeant,bpt6k784654j,,failed,0,0,,no_usable_pages,known,,,bpt6k784654j: no usable pages in manifest.,2026-07-17T16:55:27.044282
intransigeant,bpt6k784655x,,failed,0,0,,no_usable_pages,known,,,bpt6k784655x: no usable pages in manifest.,2026-07-17T16:55:27.420369
intransigeant,bpt6k7846569,,failed,0,0,,no_usable_pages,known,,,bpt6k7846569: no usable pages in manifest.,2026-07-17T16:55:27.822395
intransigeant,bpt6k784657p,,failed,0,0,,no_usable_pages,known,,,bpt6k784657p: no usable pages in manifest.,2026-07-17T16:55:28.205769
intransigeant,bpt6k7846582,,failed,0,0,,no_usable_pages,known,,,bpt6k7846582: no usable pages in manifest.,2026-07-17T16:55:28.811435
intransigeant,bpt6k784659f,,failed,0,0,,no_usable_pages,known,,,bpt6k784659f: no usable pages in manifest.,2026-07-17T16:55:29.028188
intransigeant,bpt6k784660c,,failed,0,0,,no_usable_pages,known,,,bpt6k784660c: no usable pages in manifest.,2026-07-17T16:55:29.235317
intransigeant,bpt6k784661r,,failed,0,0,,no_usable_pages,known,,,bpt6k784661r: no usable pages in manifest.,2026-07-17T16:55:29.509766
intransigeant,bpt6k7846624,,failed,0,0,,no_usable_pages,known,,,bpt6k7846624: no usable pages in manifest.,2026-07-17T16:55:29.977831
intransigeant,bpt6k784663h,,failed,0,0,,no_usable_pages,known,,,bpt6k784663h: no usable pages in manifest.,2026-07-17T16:55:30.271272
intransigeant,bpt6k784664w,,failed,0,0,,no_usable_pages,known,,,bpt6k784664w: no usable pages in manifest.,2026-07-17T16:55:30.526343
intransigeant,bpt6k7846658,,failed,0,0,,no_usable_pages,known,,,bpt6k7846658: no usable pages in manifest.,2026-07-17T16:55:30.831912
intransigeant,bpt6k784666n,,failed,0,0,,no_usable_pages,known,,,bpt6k784666n: no usable pages in manifest.,2026-07-17T16:55:31.245740
intransigeant,bpt6k7846671,,failed,0,0,,no_usable_pages,known,,,bpt6k7846671: no usable pages in manifest.,2026-07-17T16:55:31.598146
intransigeant,bpt6k784668d,,failed,0,0,,no_usable_pages,known,,,bpt6k784668d: no usable pages in manifest.,2026-07-17T16:55:31.952378
intransigeant,bpt6k784669s,,failed,0,0,,no_usable_pages,known,,,bpt6k784669s: no usable pages in manifest.,2026-07-17T16:55:32.281476
intransigeant,bpt6k784670q,,failed,0,0,,no_usable_pages,known,,,bpt6k784670q: no usable pages in manifest.,2026-07-17T16:55:32.578152
intransigeant,bpt6k7846713,,failed,0,0,,no_usable_pages,known,,,bpt6k7846713: no usable pages in manifest.,2026-07-17T16:55:32.872163
intransigeant,bpt6k784672g,,failed,0,0,,no_usable_pages,known,,,bpt6k784672g: no usable pages in manifest.,2026-07-17T16:55:33.225900
intransigeant,bpt6k784673v,,failed,0,0,,no_usable_pages,known,,,bpt6k784673v: no usable pages in manifest.,2026-07-17T16:55:33.581279
intransigeant,bpt6k7846747,,failed,0,0,,no_usable_pages,known,,,bpt6k7846747: no usable pages in manifest.,2026-07-17T16:55:34.414112
intransigeant,bpt6k784675m,,failed,0,0,,no_usable_pages,known,,,bpt6k784675m: no usable pages in manifest.,2026-07-17T16:55:35.015681
intransigeant,bpt6k7846760,,failed,0,0,,no_usable_pages,known,,,bpt6k7846760: no usable pages in manifest.,2026-07-17T16:55:35.281315
intransigeant,bpt6k784677c,,failed,0,0,,no_usable_pages,known,,,bpt6k784677c: no usable pages in manifest.,2026-07-17T16:55:35.549127
intransigeant,bpt6k7847311,,failed,0,0,,no_usable_pages,known,,,bpt6k7847311: no usable pages in manifest.,2026-07-17T16:55:35.849485
intransigeant,bpt6k784742r,,failed,0,0,,no_usable_pages,known,,,bpt6k784742r: no usable pages in manifest.,2026-07-17T16:55:36.287742
intransigeant,bpt6k7847434,,failed,0,0,,no_usable_pages,known,,,bpt6k7847434: no usable pages in manifest.,2026-07-17T16:55:36.549743
intransigeant,bpt6k784744h,,failed,0,0,,no_usable_pages,known,,,bpt6k784744h: no usable pages in manifest.,2026-07-17T16:55:36.857639
intransigeant,bpt6k784745w,,failed,0,0,,no_usable_pages,known,,,bpt6k784745w: no usable pages in manifest.,2026-07-17T16:55:37.240377
intransigeant,bpt6k7847468,,failed,0,0,,no_usable_pages,known,,,bpt6k7847468: no usable pages in manifest.,2026-07-17T16:55:37.510890
intransigeant,bpt6k784747n,,failed,0,0,,no_usable_pages,known,,,bpt6k784747n: no usable pages in manifest.,2026-07-17T16:55:37.746718
intransigeant,bpt6k7847481,,failed,0,0,,no_usable_pages,known,,,bpt6k7847481: no usable pages in manifest.,2026-07-17T16:55:37.979358
intransigeant,bpt6k784749d,,failed,0,0,,no_usable_pages,known,,,bpt6k784749d: no usable pages in manifest.,2026-07-17T16:55:38.295339
intransigeant,bpt6k784750b,,failed,0,0,,no_usable_pages,known,,,bpt6k784750b: no usable pages in manifest.,2026-07-17T16:55:38.571054
intransigeant,bpt6k784751q,,failed,0,0,,no_usable_pages,known,,,bpt6k784751q: no usable pages in manifest.,2026-07-17T16:55:38.751052
intransigeant,bpt6k7847523,,failed,0,0,,no_usable_pages,known,,,bpt6k7847523: no usable pages in manifest.,2026-07-17T16:55:39.004088
intransigeant,bpt6k784753g,,failed,0,0,,no_usable_pages,known,,,bpt6k784753g: no usable pages in manifest.,2026-07-17T16:55:39.236588
intransigeant,bpt6k784754v,,failed,0,0,,no_usable_pages,known,,,bpt6k784754v: no usable pages in manifest.,2026-07-17T16:55:39.591150
intransigeant,bpt6k7847557,,failed,0,0,,no_usable_pages,known,,,bpt6k7847557: no usable pages in manifest.,2026-07-17T16:55:39.816213
intransigeant,bpt6k784756m,,failed,0,0,,no_usable_pages,known,,,bpt6k784756m: no usable pages in manifest.,2026-07-17T16:55:40.006625
intransigeant,bpt6k7847570,,failed,0,0,,no_usable_pages,known,,,bpt6k7847570: no usable pages in manifest.,2026-07-17T16:55:40.362165
intransigeant,bpt6k784758c,,failed,0,0,,no_usable_pages,known,,,bpt6k784758c: no usable pages in manifest.,2026-07-17T16:55:40.856382
intransigeant,bpt6k784759r,,failed,0,0,,no_usable_pages,known,,,bpt6k784759r: no usable pages in manifest.,2026-07-17T16:55:41.063618
intransigeant,bpt6k784760p,,failed,0,0,,no_usable_pages,known,,,bpt6k784760p: no usable pages in manifest.,2026-07-17T16:55:41.262290
intransigeant,bpt6k7847612,,failed,0,0,,no_usable_pages,known,,,bpt6k7847612: no usable pages in manifest.,2026-07-17T16:55:41.497894
intransigeant,bpt6k784762f,,failed,0,0,,no_usable_pages,known,,,bpt6k784762f: no usable pages in manifest.,2026-07-17T16:55:41.909026
intransigeant,bpt6k784763t,,failed,0,0,,no_usable_pages,known,,,bpt6k784763t: no usable pages in manifest.,2026-07-17T16:55:42.153834
intransigeant,bpt6k7847646,,failed,0,0,,no_usable_pages,known,,,bpt6k7847646: no usable pages in manifest.,2026-07-17T16:55:42.350600
intransigeant,bpt6k784765k,,failed,0,0,,no_usable_pages,known,,,bpt6k784765k: no usable pages in manifest.,2026-07-17T16:55:42.610959
intransigeant,bpt6k784766z,,failed,0,0,,no_usable_pages,known,,,bpt6k784766z: no usable pages in manifest.,2026-07-17T16:55:43.013814
intransigeant,bpt6k784767b,,failed,0,0,,no_usable_pages,known,,,bpt6k784767b: no usable pages in manifest.,2026-07-17T16:55:43.212423
intransigeant,bpt6k784768q,,failed,0,0,,no_usable_pages,known,,,bpt6k784768q: no usable pages in manifest.,2026-07-17T16:55:43.443381
intransigeant,bpt6k7847693,,failed,0,0,,no_usable_pages,known,,,bpt6k7847693: no usable pages in manifest.,2026-07-17T16:55:43.652632
intransigeant,bpt6k7847701,,failed,0,0,,no_usable_pages,known,,,bpt6k7847701: no usable pages in manifest.,2026-07-17T16:55:43.864299
intransigeant,bpt6k784771d,,failed,0,0,,no_usable_pages,known,,,bpt6k784771d: no usable pages in manifest.,2026-07-17T16:55:44.367678
intransigeant,bpt6k784772s,,failed,0,0,,no_usable_pages,known,,,bpt6k784772s: no usable pages in manifest.,2026-07-17T16:55:44.626594
intransigeant,bpt6k7847735,,failed,0,0,,no_usable_pages,known,,,bpt6k7847735: no usable pages in manifest.,2026-07-17T16:55:44.899995
intransigeant,bpt6k784774j,,failed,0,0,,no_usable_pages,known,,,bpt6k784774j: no usable pages in manifest.,2026-07-17T16:55:45.293599
intransigeant,bpt6k784775x,,failed,0,0,,no_usable_pages,known,,,bpt6k784775x: no usable pages in manifest.,2026-07-17T16:55:45.506945
intransigeant,bpt6k7847769,,failed,0,0,,no_usable_pages,known,,,bpt6k7847769: no usable pages in manifest.,2026-07-17T16:55:45.714793
intransigeant,bpt6k784777p,,failed,0,0,,no_usable_pages,known,,,bpt6k784777p: no usable pages in manifest.,2026-07-17T16:55:46.318584
intransigeant,bpt6k7847782,,failed,0,0,,no_usable_pages,known,,,bpt6k7847782: no usable pages in manifest.,2026-07-17T16:55:46.979272
intransigeant,bpt6k784779f,,failed,0,0,,no_usable_pages,known,,,bpt6k784779f: no usable pages in manifest.,2026-07-17T16:55:47.295833
intransigeant,bpt6k784780c,,failed,0,0,,no_usable_pages,known,,,bpt6k784780c: no usable pages in manifest.,2026-07-17T16:55:47.555714
intransigeant,bpt6k784781r,,failed,0,0,,no_usable_pages,known,,,bpt6k784781r: no usable pages in manifest.,2026-07-17T16:55:47.901320
intransigeant,bpt6k7847824,,failed,0,0,,no_usable_pages,known,,,bpt6k7847824: no usable pages in manifest.,2026-07-17T16:55:48.102855
intransigeant,bpt6k784783h,,failed,0,0,,no_usable_pages,known,,,bpt6k784783h: no usable pages in manifest.,2026-07-17T16:55:48.278964
intransigeant,bpt6k784784w,,failed,0,0,,no_usable_pages,known,,,bpt6k784784w: no usable pages in manifest.,2026-07-17T16:55:48.537485
intransigeant,bpt6k7847858,,failed,0,0,,no_usable_pages,known,,,bpt6k7847858: no usable pages in manifest.,2026-07-17T16:55:48.774200
intransigeant,bpt6k784786n,,failed,0,0,,no_usable_pages,known,,,bpt6k784786n: no usable pages in manifest.,2026-07-17T16:55:49.168810
intransigeant,bpt6k7847871,,failed,0,0,,no_usable_pages,known,,,bpt6k7847871: no usable pages in manifest.,2026-07-17T16:55:49.399562
intransigeant,bpt6k784788d,,failed,0,0,,no_usable_pages,known,,,bpt6k784788d: no usable pages in manifest.,2026-07-17T16:55:49.724018
intransigeant,bpt6k784789s,,failed,0,0,,no_usable_pages,known,,,bpt6k784789s: no usable pages in manifest.,2026-07-17T16:55:50.435534
intransigeant,bpt6k784790q,,failed,0,0,,no_usable_pages,known,,,bpt6k784790q: no usable pages in manifest.,2026-07-17T16:55:50.690977
intransigeant,bpt6k7847913,,failed,0,0,,no_usable_pages,known,,,bpt6k7847913: no usable pages in manifest.,2026-07-17T16:55:50.955515
intransigeant,bpt6k784792g,,failed,0,0,,no_usable_pages,known,,,bpt6k784792g: no usable pages in manifest.,2026-07-17T16:55:51.165208
intransigeant,bpt6k784793v,,failed,0,0,,no_usable_pages,known,,,bpt6k784793v: no usable pages in manifest.,2026-07-17T16:55:51.536436
intransigeant,bpt6k7847947,,failed,0,0,,no_usable_pages,known,,,bpt6k7847947: no usable pages in manifest.,2026-07-17T16:55:51.775876
intransigeant,bpt6k784795m,,failed,0,0,,no_usable_pages,known,,,bpt6k784795m: no usable pages in manifest.,2026-07-17T16:55:52.031380
intransigeant,bpt6k7847960,,failed,0,0,,no_usable_pages,known,,,bpt6k7847960: no usable pages in manifest.,2026-07-17T16:55:52.536113
intransigeant,bpt6k784797c,,failed,0,0,,no_usable_pages,known,,,bpt6k784797c: no usable pages in manifest.,2026-07-17T16:55:52.892741
intransigeant,bpt6k784798r,,failed,0,0,,no_usable_pages,known,,,bpt6k784798r: no usable pages in manifest.,2026-07-17T16:55:53.060087
intransigeant,bpt6k7847994,,failed,0,0,,no_usable_pages,known,,,bpt6k7847994: no usable pages in manifest.,2026-07-17T16:55:53.231131
intransigeant,bpt6k784800x,,failed,0,0,,no_usable_pages,known,,,bpt6k784800x: no usable pages in manifest.,2026-07-17T16:55:53.463467
intransigeant,bpt6k7848019,,failed,0,0,,no_usable_pages,known,,,bpt6k7848019: no usable pages in manifest.,2026-07-17T16:55:53.729137
intransigeant,bpt6k784802p,,failed,0,0,,no_usable_pages,known,,,bpt6k784802p: no usable pages in manifest.,2026-07-17T16:55:54.112261
intransigeant,bpt6k7848032,,failed,0,0,,no_usable_pages,known,,,bpt6k7848032: no usable pages in manifest.,2026-07-17T16:55:54.422122
intransigeant,bpt6k784804f,,failed,0,0,,no_usable_pages,known,,,bpt6k784804f: no usable pages in manifest.,2026-07-17T16:55:54.694962
intransigeant,bpt6k784805t,,failed,0,0,,no_usable_pages,known,,,bpt6k784805t: no usable pages in manifest.,2026-07-17T16:55:54.955350
intransigeant,bpt6k7848066,,failed,0,0,,no_usable_pages,known,,,bpt6k7848066: no usable pages in manifest.,2026-07-17T16:55:55.392200
intransigeant,bpt6k784807k,,failed,0,0,,no_usable_pages,known,,,bpt6k784807k: no usable pages in manifest.,2026-07-17T16:55:55.682727
intransigeant,bpt6k784808z,,failed,0,0,,no_usable_pages,known,,,bpt6k784808z: no usable pages in manifest.,2026-07-17T16:55:55.886012
intransigeant,bpt6k784809b,,failed,0,0,,no_usable_pages,known,,,bpt6k784809b: no usable pages in manifest.,2026-07-17T16:55:56.088269
intransigeant,bpt6k7848108,,failed,0,0,,no_usable_pages,known,,,bpt6k7848108: no usable pages in manifest.,2026-07-17T16:55:56.430154
intransigeant,bpt6k784811n,,failed,0,0,,no_usable_pages,known,,,bpt6k784811n: no usable pages in manifest.,2026-07-17T16:55:56.625962
intransigeant,bpt6k7848121,,failed,0,0,,no_usable_pages,known,,,bpt6k7848121: no usable pages in manifest.,2026-07-17T16:55:56.817036
intransigeant,bpt6k784813d,,failed,0,0,,no_usable_pages,known,,,bpt6k784813d: no usable pages in manifest.,2026-07-17T16:55:57.054323
intransigeant,bpt6k784814s,,failed,0,0,,no_usable_pages,known,,,bpt6k784814s: no usable pages in manifest.,2026-07-17T16:55:57.363397
intransigeant,bpt6k7848155,,failed,0,0,,no_usable_pages,known,,,bpt6k7848155: no usable pages in manifest.,2026-07-17T16:55:58.020806
intransigeant,bpt6k784816j,,failed,0,0,,no_usable_pages,known,,,bpt6k784816j: no usable pages in manifest.,2026-07-17T16:55:58.198509
intransigeant,bpt6k784817x,,failed,0,0,,no_usable_pages,known,,,bpt6k784817x: no usable pages in manifest.,2026-07-17T16:55:58.445060
intransigeant,bpt6k7848189,,failed,0,0,,no_usable_pages,known,,,bpt6k7848189: no usable pages in manifest.,2026-07-17T16:55:58.679458
intransigeant,bpt6k784819p,,failed,0,0,,no_usable_pages,known,,,bpt6k784819p: no usable pages in manifest.,2026-07-17T16:55:58.985557
intransigeant,bpt6k784820m,,failed,0,0,,no_usable_pages,known,,,bpt6k784820m: no usable pages in manifest.,2026-07-17T16:55:59.236951
intransigeant,bpt6k7848210,,failed,0,0,,no_usable_pages,known,,,bpt6k7848210: no usable pages in manifest.,2026-07-17T16:55:59.470283
intransigeant,bpt6k784822c,,failed,0,0,,no_usable_pages,known,,,bpt6k784822c: no usable pages in manifest.,2026-07-17T16:55:59.696510
intransigeant,bpt6k784823r,,failed,0,0,,no_usable_pages,known,,,bpt6k784823r: no usable pages in manifest.,2026-07-17T16:56:00.018601
intransigeant,bpt6k7848244,,failed,0,0,,no_usable_pages,known,,,bpt6k7848244: no usable pages in manifest.,2026-07-17T16:56:00.235519
intransigeant,bpt6k784825h,,failed,0,0,,no_usable_pages,known,,,bpt6k784825h: no usable pages in manifest.,2026-07-17T16:56:00.441453
intransigeant,bpt6k784826w,,failed,0,0,,no_usable_pages,known,,,bpt6k784826w: no usable pages in manifest.,2026-07-17T16:56:00.687936
intransigeant,bpt6k7848278,,failed,0,0,,no_usable_pages,known,,,bpt6k7848278: no usable pages in manifest.,2026-07-17T16:56:00.859390
intransigeant,bpt6k784828n,,failed,0,0,,no_usable_pages,known,,,bpt6k784828n: no usable pages in manifest.,2026-07-17T16:56:01.126848
intransigeant,bpt6k7848291,,failed,0,0,,no_usable_pages,known,,,bpt6k7848291: no usable pages in manifest.,2026-07-17T16:56:01.305361
intransigeant,bpt6k784830z,,failed,0,0,,no_usable_pages,known,,,bpt6k784830z: no usable pages in manifest.,2026-07-17T16:56:01.530201
intransigeant,bpt6k784831b,,failed,0,0,,no_usable_pages,known,,,bpt6k784831b: no usable pages in manifest.,2026-07-17T16:56:01.851117
intransigeant,bpt6k784832q,,failed,0,0,,no_usable_pages,known,,,bpt6k784832q: no usable pages in manifest.,2026-07-17T16:56:02.123363
intransigeant,bpt6k7848333,,failed,0,0,,no_usable_pages,known,,,bpt6k7848333: no usable pages in manifest.,2026-07-17T16:56:02.323535
intransigeant,bpt6k784834g,,failed,0,0,,no_usable_pages,known,,,bpt6k784834g: no usable pages in manifest.,2026-07-17T16:56:02.619513
intransigeant,bpt6k784835v,,failed,0,0,,no_usable_pages,known,,,bpt6k784835v: no usable pages in manifest.,2026-07-17T16:56:03.170594
intransigeant,bpt6k7848367,,failed,0,0,,no_usable_pages,known,,,bpt6k7848367: no usable pages in manifest.,2026-07-17T16:56:03.604743
intransigeant,bpt6k7848668,,failed,0,0,,no_usable_pages,known,,,bpt6k7848668: no usable pages in manifest.,2026-07-17T16:56:03.839042
intransigeant,bpt6k784837m,,failed,0,0,,no_usable_pages,known,,,bpt6k784837m: no usable pages in manifest.,2026-07-17T16:56:04.088773
intransigeant,bpt6k7848380,,failed,0,0,,no_usable_pages,known,,,bpt6k7848380: no usable pages in manifest.,2026-07-17T16:56:04.308638
intransigeant,bpt6k784839c,,failed,0,0,,no_usable_pages,known,,,bpt6k784839c: no usable pages in manifest.,2026-07-17T16:56:04.671981
intransigeant,bpt6k7848409,,failed,0,0,,no_usable_pages,known,,,bpt6k7848409: no usable pages in manifest.,2026-07-17T16:56:04.898658
intransigeant,bpt6k784841p,,failed,0,0,,no_usable_pages,known,,,bpt6k784841p: no usable pages in manifest.,2026-07-17T16:56:05.178062
intransigeant,bpt6k7848422,,failed,0,0,,no_usable_pages,known,,,bpt6k7848422: no usable pages in manifest.,2026-07-17T16:56:05.450009
intransigeant,bpt6k784843f,,failed,0,0,,no_usable_pages,known,,,bpt6k784843f: no usable pages in manifest.,2026-07-17T16:56:05.744229
intransigeant,bpt6k784844t,,failed,0,0,,no_usable_pages,known,,,bpt6k784844t: no usable pages in manifest.,2026-07-17T16:56:05.922400
intransigeant,bpt6k7848456,,failed,0,0,,no_usable_pages,known,,,bpt6k7848456: no usable pages in manifest.,2026-07-17T16:56:06.191969
intransigeant,bpt6k784846k,,failed,0,0,,no_usable_pages,known,,,bpt6k784846k: no usable pages in manifest.,2026-07-17T16:56:06.429227
intransigeant,bpt6k784847z,,failed,0,0,,no_usable_pages,known,,,bpt6k784847z: no usable pages in manifest.,2026-07-17T16:56:06.602008
intransigeant,bpt6k784848b,,failed,0,0,,no_usable_pages,known,,,bpt6k784848b: no usable pages in manifest.,2026-07-17T16:56:06.806873
intransigeant,bpt6k784849q,,failed,0,0,,no_usable_pages,known,,,bpt6k784849q: no usable pages in manifest.,2026-07-17T16:56:06.962170
intransigeant,bpt6k784850n,,failed,0,0,,no_usable_pages,known,,,bpt6k784850n: no usable pages in manifest.,2026-07-17T16:56:07.076822
intransigeant,bpt6k7848511,,failed,0,0,,no_usable_pages,known,,,bpt6k7848511: no usable pages in manifest.,2026-07-17T16:56:07.252720
intransigeant,bpt6k784852d,,failed,0,0,,no_usable_pages,known,,,bpt6k784852d: no usable pages in manifest.,2026-07-17T16:56:07.470572
intransigeant,bpt6k784853s,,failed,0,0,,no_usable_pages,known,,,bpt6k784853s: no usable pages in manifest.,2026-07-17T16:56:07.665130
intransigeant,bpt6k7848545,,failed,0,0,,no_usable_pages,known,,,bpt6k7848545: no usable pages in manifest.,2026-07-17T16:56:07.968267
intransigeant,bpt6k784855j,,failed,0,0,,no_usable_pages,known,,,bpt6k784855j: no usable pages in manifest.,2026-07-17T16:56:08.208092
intransigeant,bpt6k784856x,,failed,0,0,,no_usable_pages,known,,,bpt6k784856x: no usable pages in manifest.,2026-07-17T16:56:08.702211
intransigeant,bpt6k7848579,,failed,0,0,,no_usable_pages,known,,,bpt6k7848579: no usable pages in manifest.,2026-07-17T16:56:09.040064
intransigeant,bpt6k784858p,,failed,0,0,,no_usable_pages,known,,,bpt6k784858p: no usable pages in manifest.,2026-07-17T16:56:09.242295
intransigeant,bpt6k7848592,,failed,0,0,,no_usable_pages,known,,,bpt6k7848592: no usable pages in manifest.,2026-07-17T16:56:09.471500
intransigeant,bpt6k7848600,,failed,0,0,,no_usable_pages,known,,,bpt6k7848600: no usable pages in manifest.,2026-07-17T16:56:09.660583
intransigeant,bpt6k784861c,,failed,0,0,,no_usable_pages,known,,,bpt6k784861c: no usable pages in manifest.,2026-07-17T16:56:09.857453
intransigeant,bpt6k784862r,,failed,0,0,,no_usable_pages,known,,,bpt6k784862r: no usable pages in manifest.,2026-07-17T16:56:10.168213
intransigeant,bpt6k7848634,,failed,0,0,,no_usable_pages,known,,,bpt6k7848634: no usable pages in manifest.,2026-07-17T16:56:10.361044
intransigeant,bpt6k784864h,,failed,0,0,,no_usable_pages,known,,,bpt6k784864h: no usable pages in manifest.,2026-07-17T16:56:10.589539
intransigeant,bpt6k784865w,,failed,0,0,,no_usable_pages,known,,,bpt6k784865w: no usable pages in manifest.,2026-07-17T16:56:10.809325
intransigeant,bpt6k784867n,,failed,0,0,,no_usable_pages,known,,,bpt6k784867n: no usable pages in manifest.,2026-07-17T16:56:10.970678
intransigeant,bpt6k7848681,,failed,0,0,,no_usable_pages,known,,,bpt6k7848681: no usable pages in manifest.,2026-07-17T16:56:11.279266
intransigeant,bpt6k784869d,,failed,0,0,,no_usable_pages,known,,,bpt6k784869d: no usable pages in manifest.,2026-07-17T16:56:11.489243
intransigeant,bpt6k784870b,,failed,0,0,,no_usable_pages,known,,,bpt6k784870b: no usable pages in manifest.,2026-07-17T16:56:11.682201
intransigeant,bpt6k784871q,,failed,0,0,,no_usable_pages,known,,,bpt6k784871q: no usable pages in manifest.,2026-07-17T16:56:11.883760
intransigeant,bpt6k7848723,,failed,0,0,,no_usable_pages,known,,,bpt6k7848723: no usable pages in manifest.,2026-07-17T16:56:12.031141
intransigeant,bpt6k784873g,,failed,0,0,,no_usable_pages,known,,,bpt6k784873g: no usable pages in manifest.,2026-07-17T16:56:12.414152
intransigeant,bpt6k784874v,,failed,0,0,,no_usable_pages,known,,,bpt6k784874v: no usable pages in manifest.,2026-07-17T16:56:12.627858
intransigeant,bpt6k7848757,,failed,0,0,,no_usable_pages,known,,,bpt6k7848757: no usable pages in manifest.,2026-07-17T16:56:12.816266
intransigeant,bpt6k784876m,,failed,0,0,,no_usable_pages,known,,,bpt6k784876m: no usable pages in manifest.,2026-07-17T16:56:13.024688
intransigeant,bpt6k7848770,,failed,0,0,,no_usable_pages,known,,,bpt6k7848770: no usable pages in manifest.,2026-07-17T16:56:13.213418
intransigeant,bpt6k784878c,,failed,0,0,,no_usable_pages,known,,,bpt6k784878c: no usable pages in manifest.,2026-07-17T16:56:13.532596
intransigeant,bpt6k784879r,,failed,0,0,,no_usable_pages,known,,,bpt6k784879r: no usable pages in manifest.,2026-07-17T16:56:13.914354
intransigeant,bpt6k784880p,,failed,0,0,,no_usable_pages,known,,,bpt6k784880p: no usable pages in manifest.,2026-07-17T16:56:14.235568
intransigeant,bpt6k7848812,,failed,0,0,,no_usable_pages,known,,,bpt6k7848812: no usable pages in manifest.,2026-07-17T16:56:14.605996
intransigeant,bpt6k784882f,,failed,0,0,,no_usable_pages,known,,,bpt6k784882f: no usable pages in manifest.,2026-07-17T16:56:14.822962
intransigeant,bpt6k784883t,,failed,0,0,,no_usable_pages,known,,,bpt6k784883t: no usable pages in manifest.,2026-07-17T16:56:15.012181
intransigeant,bpt6k7848846,,failed,0,0,,no_usable_pages,known,,,bpt6k7848846: no usable pages in manifest.,2026-07-17T16:56:15.191971
intransigeant,bpt6k784886z,,failed,0,0,,no_usable_pages,known,,,bpt6k784886z: no usable pages in manifest.,2026-07-17T16:56:15.331780
intransigeant,bpt6k784885k,,failed,0,0,,no_usable_pages,known,,,bpt6k784885k: no usable pages in manifest.,2026-07-17T16:56:15.533567
intransigeant,bpt6k784887b,,failed,0,0,,no_usable_pages,known,,,bpt6k784887b: no usable pages in manifest.,2026-07-17T16:56:15.835604
intransigeant,bpt6k784888q,,failed,0,0,,no_usable_pages,known,,,bpt6k784888q: no usable pages in manifest.,2026-07-17T16:56:15.999329
intransigeant,bpt6k7848893,,failed,0,0,,no_usable_pages,known,,,bpt6k7848893: no usable pages in manifest.,2026-07-17T16:56:16.218124
intransigeant,bpt6k7848901,,failed,0,0,,no_usable_pages,known,,,bpt6k7848901: no usable pages in manifest.,2026-07-17T16:56:16.379598
intransigeant,bpt6k784891d,,failed,0,0,,no_usable_pages,known,,,bpt6k784891d: no usable pages in manifest.,2026-07-17T16:56:16.597243
intransigeant,bpt6k784892s,,failed,0,0,,no_usable_pages,known,,,bpt6k784892s: no usable pages in manifest.,2026-07-17T16:56:16.965305
intransigeant,bpt6k7848935,,failed,0,0,,no_usable_pages,known,,,bpt6k7848935: no usable pages in manifest.,2026-07-17T16:56:17.181341
intransigeant,bpt6k784894j,,failed,0,0,,no_usable_pages,known,,,bpt6k784894j: no usable pages in manifest.,2026-07-17T16:56:17.408479
intransigeant,bpt6k784895x,,failed,0,0,,no_usable_pages,known,,,bpt6k784895x: no usable pages in manifest.,2026-07-17T16:56:17.607953
intransigeant,bpt6k7848969,,failed,0,0,,no_usable_pages,known,,,bpt6k7848969: no usable pages in manifest.,2026-07-17T16:56:17.911258
intransigeant,bpt6k784897p,,failed,0,0,,no_usable_pages,known,,,bpt6k784897p: no usable pages in manifest.,2026-07-17T16:56:18.111499
intransigeant,bpt6k7848982,,failed,0,0,,no_usable_pages,known,,,bpt6k7848982: no usable pages in manifest.,2026-07-17T16:56:18.318706
intransigeant,bpt6k784899f,,failed,0,0,,no_usable_pages,known,,,bpt6k784899f: no usable pages in manifest.,2026-07-17T16:56:18.537639
intransigeant,bpt6k7849007,,failed,0,0,,no_usable_pages,known,,,bpt6k7849007: no usable pages in manifest.,2026-07-17T16:56:18.765952
intransigeant,bpt6k784901m,,failed,0,0,,no_usable_pages,known,,,bpt6k784901m: no usable pages in manifest.,2026-07-17T16:56:19.230057
intransigeant,bpt6k7849020,,failed,0,0,,no_usable_pages,known,,,bpt6k7849020: no usable pages in manifest.,2026-07-17T16:56:19.499209
intransigeant,bpt6k784903c,,failed,0,0,,no_usable_pages,known,,,bpt6k784903c: no usable pages in manifest.,2026-07-17T16:56:19.735353
intransigeant,bpt6k784904r,,failed,0,0,,no_usable_pages,known,,,bpt6k784904r: no usable pages in manifest.,2026-07-17T16:56:20.112612
intransigeant,bpt6k7849054,,failed,0,0,,no_usable_pages,known,,,bpt6k7849054: no usable pages in manifest.,2026-07-17T16:56:20.319049
intransigeant,bpt6k784906h,,failed,0,0,,no_usable_pages,known,,,bpt6k784906h: no usable pages in manifest.,2026-07-17T16:56:20.519375
intransigeant,bpt6k784907w,,failed,0,0,,no_usable_pages,known,,,bpt6k784907w: no usable pages in manifest.,2026-07-17T16:56:20.724623
intransigeant,bpt6k7849088,,failed,0,0,,no_usable_pages,known,,,bpt6k7849088: no usable pages in manifest.,2026-07-17T16:56:20.905024
intransigeant,bpt6k784909n,,failed,0,0,,no_usable_pages,known,,,bpt6k784909n: no usable pages in manifest.,2026-07-17T16:56:21.316713
intransigeant,bpt6k784910k,,failed,0,0,,no_usable_pages,known,,,bpt6k784910k: no usable pages in manifest.,2026-07-17T16:56:21.534087
intransigeant,bpt6k784911z,,failed,0,0,,no_usable_pages,known,,,bpt6k784911z: no usable pages in manifest.,2026-07-17T16:56:21.761216
intransigeant,bpt6k784912b,,failed,0,0,,no_usable_pages,known,,,bpt6k784912b: no usable pages in manifest.,2026-07-17T16:56:21.959041
intransigeant,bpt6k784913q,,failed,0,0,,no_usable_pages,known,,,bpt6k784913q: no usable pages in manifest.,2026-07-17T16:56:22.290457
intransigeant,bpt6k7849143,,failed,0,0,,no_usable_pages,known,,,bpt6k7849143: no usable pages in manifest.,2026-07-17T16:56:22.476524
intransigeant,bpt6k784915g,,failed,0,0,,no_usable_pages,known,,,bpt6k784915g: no usable pages in manifest.,2026-07-17T16:56:22.702761
intransigeant,bpt6k784916v,,failed,0,0,,no_usable_pages,known,,,bpt6k784916v: no usable pages in manifest.,2026-07-17T16:56:22.890878
intransigeant,bpt6k7849177,,failed,0,0,,no_usable_pages,known,,,bpt6k7849177: no usable pages in manifest.,2026-07-17T16:56:23.062997
intransigeant,bpt6k784918m,,failed,0,0,,no_usable_pages,known,,,bpt6k784918m: no usable pages in manifest.,2026-07-17T16:56:23.441314
intransigeant,bpt6k7849190,,failed,0,0,,no_usable_pages,known,,,bpt6k7849190: no usable pages in manifest.,2026-07-17T16:56:23.677457
intransigeant,bpt6k784920x,,failed,0,0,,no_usable_pages,known,,,bpt6k784920x: no usable pages in manifest.,2026-07-17T16:56:23.905615
intransigeant,bpt6k7849219,,failed,0,0,,no_usable_pages,known,,,bpt6k7849219: no usable pages in manifest.,2026-07-17T16:56:24.176764
intransigeant,bpt6k784922p,,failed,0,0,,no_usable_pages,known,,,bpt6k784922p: no usable pages in manifest.,2026-07-17T16:56:24.597266
intransigeant,bpt6k7849232,,failed,0,0,,no_usable_pages,known,,,bpt6k7849232: no usable pages in manifest.,2026-07-17T16:56:24.824258
intransigeant,bpt6k784924f,,failed,0,0,,no_usable_pages,known,,,bpt6k784924f: no usable pages in manifest.,2026-07-17T16:56:25.228981
intransigeant,bpt6k784925t,,failed,0,0,,no_usable_pages,known,,,bpt6k784925t: no usable pages in manifest.,2026-07-17T16:56:25.572505
intransigeant,bpt6k7849266,,failed,0,0,,no_usable_pages,known,,,bpt6k7849266: no usable pages in manifest.,2026-07-17T16:56:25.965616
intransigeant,bpt6k784927k,,failed,0,0,,no_usable_pages,known,,,bpt6k784927k: no usable pages in manifest.,2026-07-17T16:56:26.165686
intransigeant,bpt6k784928z,,failed,0,0,,no_usable_pages,known,,,bpt6k784928z: no usable pages in manifest.,2026-07-17T16:56:26.352255
intransigeant,bpt6k784929b,,failed,0,0,,no_usable_pages,known,,,bpt6k784929b: no usable pages in manifest.,2026-07-17T16:56:26.550162
intransigeant,bpt6k7849308,,failed,0,0,,no_usable_pages,known,,,bpt6k7849308: no usable pages in manifest.,2026-07-17T16:56:26.741297
intransigeant,bpt6k784931n,,failed,0,0,,no_usable_pages,known,,,bpt6k784931n: no usable pages in manifest.,2026-07-17T16:56:27.080435
intransigeant,bpt6k7849321,,failed,0,0,,no_usable_pages,known,,,bpt6k7849321: no usable pages in manifest.,2026-07-17T16:56:27.246890
intransigeant,bpt6k784933d,,failed,0,0,,no_usable_pages,known,,,bpt6k784933d: no usable pages in manifest.,2026-07-17T16:56:27.473184
intransigeant,bpt6k784934s,,failed,0,0,,no_usable_pages,known,,,bpt6k784934s: no usable pages in manifest.,2026-07-17T16:56:27.649263
intransigeant,bpt6k7849355,,failed,0,0,,no_usable_pages,known,,,bpt6k7849355: no usable pages in manifest.,2026-07-17T16:56:27.859445
intransigeant,bpt6k784936j,,failed,0,0,,no_usable_pages,known,,,bpt6k784936j: no usable pages in manifest.,2026-07-17T16:56:28.167331
intransigeant,bpt6k784937x,,failed,0,0,,no_usable_pages,known,,,bpt6k784937x: no usable pages in manifest.,2026-07-17T16:56:28.429425
intransigeant,bpt6k7849800,,failed,0,0,,no_usable_pages,known,,,bpt6k7849800: no usable pages in manifest.,2026-07-17T16:56:28.678506
intransigeant,bpt6k785046c,,failed,0,0,,no_usable_pages,known,,,bpt6k785046c: no usable pages in manifest.,2026-07-17T16:56:28.845881
intransigeant,bpt6k785055b,,failed,0,0,,no_usable_pages,known,,,bpt6k785055b: no usable pages in manifest.,2026-07-17T16:56:29.095818
intransigeant,bpt6k785098v,,failed,0,0,,no_usable_pages,known,,,bpt6k785098v: no usable pages in manifest.,2026-07-17T16:56:29.290379
intransigeant,bpt6k785113h,,failed,0,0,,no_usable_pages,known,,,bpt6k785113h: no usable pages in manifest.,2026-07-17T16:56:29.620480
intransigeant,bpt6k7851247,,failed,0,0,,no_usable_pages,known,,,bpt6k7851247: no usable pages in manifest.,2026-07-17T16:56:29.816995
intransigeant,bpt6k7851260,,failed,0,0,,no_usable_pages,known,,,bpt6k7851260: no usable pages in manifest.,2026-07-17T16:56:30.008762
intransigeant,bpt6k7851302,,failed,0,0,,no_usable_pages,known,,,bpt6k7851302: no usable pages in manifest.,2026-07-17T16:56:30.341558
intransigeant,bpt6k785182j,,failed,0,0,,no_usable_pages,known,,,bpt6k785182j: no usable pages in manifest.,2026-07-17T16:56:30.739198
intransigeant,bpt6k7851849,,failed,0,0,,no_usable_pages,known,,,bpt6k7851849: no usable pages in manifest.,2026-07-17T16:56:31.012236
intransigeant,bpt6k7851862,,failed,0,0,,no_usable_pages,known,,,bpt6k7851862: no usable pages in manifest.,2026-07-17T16:56:31.426988
intransigeant,bpt6k785188t,,failed,0,0,,no_usable_pages,known,,,bpt6k785188t: no usable pages in manifest.,2026-07-17T16:56:31.644408
intransigeant,bpt6k785208c,,failed,0,0,,no_usable_pages,known,,,bpt6k785208c: no usable pages in manifest.,2026-07-17T16:56:31.867891
intransigeant,bpt6k785209r,,failed,0,0,,no_usable_pages,known,,,bpt6k785209r: no usable pages in manifest.,2026-07-17T16:56:32.057424
intransigeant,bpt6k785210p,,failed,0,0,,no_usable_pages,known,,,bpt6k785210p: no usable pages in manifest.,2026-07-17T16:56:32.287088
intransigeant,bpt6k7852112,,failed,0,0,,no_usable_pages,known,,,bpt6k7852112: no usable pages in manifest.,2026-07-17T16:56:32.553873
intransigeant,bpt6k785212f,,failed,0,0,,no_usable_pages,known,,,bpt6k785212f: no usable pages in manifest.,2026-07-17T16:56:32.772188
intransigeant,bpt6k785213t,,failed,0,0,,no_usable_pages,known,,,bpt6k785213t: no usable pages in manifest.,2026-07-17T16:56:32.922745
intransigeant,bpt6k785215k,,failed,0,0,,no_usable_pages,known,,,bpt6k785215k: no usable pages in manifest.,2026-07-17T16:56:33.087986
intransigeant,bpt6k7852146,,failed,0,0,,no_usable_pages,known,,,bpt6k7852146: no usable pages in manifest.,2026-07-17T16:56:33.277959
intransigeant,bpt6k785216z,,failed,0,0,,no_usable_pages,known,,,bpt6k785216z: no usable pages in manifest.,2026-07-17T16:56:33.635122
intransigeant,bpt6k785217b,,failed,0,0,,no_usable_pages,known,,,bpt6k785217b: no usable pages in manifest.,2026-07-17T16:56:33.869422
intransigeant,bpt6k785218q,,failed,0,0,,no_usable_pages,known,,,bpt6k785218q: no usable pages in manifest.,2026-07-17T16:56:34.054024
intransigeant,bpt6k7852193,,failed,0,0,,no_usable_pages,known,,,bpt6k7852193: no usable pages in manifest.,2026-07-17T16:56:34.217608
intransigeant,bpt6k7852201,,failed,0,0,,no_usable_pages,known,,,bpt6k7852201: no usable pages in manifest.,2026-07-17T16:56:34.403251
intransigeant,bpt6k785221d,,failed,0,0,,no_usable_pages,known,,,bpt6k785221d: no usable pages in manifest.,2026-07-17T16:56:34.708459
intransigeant,bpt6k785222s,,failed,0,0,,no_usable_pages,known,,,bpt6k785222s: no usable pages in manifest.,2026-07-17T16:56:35.026891
intransigeant,bpt6k785224j,,failed,0,0,,no_usable_pages,known,,,bpt6k785224j: no usable pages in manifest.,2026-07-17T16:56:35.271617
intransigeant,bpt6k7852235,,failed,0,0,,no_usable_pages,known,,,bpt6k7852235: no usable pages in manifest.,2026-07-17T16:56:35.472420
intransigeant,bpt6k785233h,,failed,0,0,,no_usable_pages,known,,,bpt6k785233h: no usable pages in manifest.,2026-07-17T16:56:35.808250
intransigeant,bpt6k785234w,,failed,0,0,,no_usable_pages,known,,,bpt6k785234w: no usable pages in manifest.,2026-07-17T16:56:36.387225
intransigeant,bpt6k7852358,,failed,0,0,,no_usable_pages,known,,,bpt6k7852358: no usable pages in manifest.,2026-07-17T16:56:36.639552
intransigeant,bpt6k785236n,,failed,0,0,,no_usable_pages,known,,,bpt6k785236n: no usable pages in manifest.,2026-07-17T16:56:36.983189
intransigeant,bpt6k7852371,,failed,0,0,,no_usable_pages,known,,,bpt6k7852371: no usable pages in manifest.,2026-07-17T16:56:37.200171
intransigeant,bpt6k785239s,,failed,0,0,,no_usable_pages,known,,,bpt6k785239s: no usable pages in manifest.,2026-07-17T16:56:37.440356
intransigeant,bpt6k785240q,,failed,0,0,,no_usable_pages,known,,,bpt6k785240q: no usable pages in manifest.,2026-07-17T16:56:37.647837
intransigeant,bpt6k7852413,,failed,0,0,,no_usable_pages,known,,,bpt6k7852413: no usable pages in manifest.,2026-07-17T16:56:37.827399
intransigeant,bpt6k785242g,,failed,0,0,,no_usable_pages,known,,,bpt6k785242g: no usable pages in manifest.,2026-07-17T16:56:38.222062
intransigeant,bpt6k785243v,,failed,0,0,,no_usable_pages,known,,,bpt6k785243v: no usable pages in manifest.,2026-07-17T16:56:38.422290
intransigeant,bpt6k7852447,,failed,0,0,,no_usable_pages,known,,,bpt6k7852447: no usable pages in manifest.,2026-07-17T16:56:38.645824
intransigeant,bpt6k785245m,,failed,0,0,,no_usable_pages,known,,,bpt6k785245m: no usable pages in manifest.,2026-07-17T16:56:38.894943
intransigeant,bpt6k7852460,,failed,0,0,,no_usable_pages,known,,,bpt6k7852460: no usable pages in manifest.,2026-07-17T16:56:39.304988
intransigeant,bpt6k785247c,,failed,0,0,,no_usable_pages,known,,,bpt6k785247c: no usable pages in manifest.,2026-07-17T16:56:39.514794
intransigeant,bpt6k785248r,,failed,0,0,,no_usable_pages,known,,,bpt6k785248r: no usable pages in manifest.,2026-07-17T16:56:39.771532
intransigeant,bpt6k7852494,,failed,0,0,,no_usable_pages,known,,,bpt6k7852494: no usable pages in manifest.,2026-07-17T16:56:39.996064
intransigeant,bpt6k7852502,,failed,0,0,,no_usable_pages,known,,,bpt6k7852502: no usable pages in manifest.,2026-07-17T16:56:40.194133
intransigeant,bpt6k785251f,,failed,0,0,,no_usable_pages,known,,,bpt6k785251f: no usable pages in manifest.,2026-07-17T16:56:40.509174
intransigeant,bpt6k785252t,,failed,0,0,,no_usable_pages,known,,,bpt6k785252t: no usable pages in manifest.,2026-07-17T16:56:40.725818
intransigeant,bpt6k7852536,,failed,0,0,,no_usable_pages,known,,,bpt6k7852536: no usable pages in manifest.,2026-07-17T16:56:40.923909
intransigeant,bpt6k785254k,,failed,0,0,,no_usable_pages,known,,,bpt6k785254k: no usable pages in manifest.,2026-07-17T16:56:41.125083
intransigeant,bpt6k785255z,,failed,0,0,,no_usable_pages,known,,,bpt6k785255z: no usable pages in manifest.,2026-07-17T16:56:41.428508
intransigeant,bpt6k785256b,,failed,0,0,,no_usable_pages,known,,,bpt6k785256b: no usable pages in manifest.,2026-07-17T16:56:41.613417
intransigeant,bpt6k785257q,,failed,0,0,,no_usable_pages,known,,,bpt6k785257q: no usable pages in manifest.,2026-07-17T16:56:41.828320
intransigeant,bpt6k7852583,,failed,0,0,,no_usable_pages,known,,,bpt6k7852583: no usable pages in manifest.,2026-07-17T16:56:42.334659
intransigeant,bpt6k785260d,,failed,0,0,,no_usable_pages,known,,,bpt6k785260d: no usable pages in manifest.,2026-07-17T16:56:42.739447
intransigeant,bpt6k785259g,,failed,0,0,,no_usable_pages,known,,,bpt6k785259g: no usable pages in manifest.,2026-07-17T16:56:42.963433
intransigeant,bpt6k785261s,,failed,0,0,,no_usable_pages,known,,,bpt6k785261s: no usable pages in manifest.,2026-07-17T16:56:43.213548
intransigeant,bpt6k7852625,,failed,0,0,,no_usable_pages,known,,,bpt6k7852625: no usable pages in manifest.,2026-07-17T16:56:43.435177
intransigeant,bpt6k785263j,,failed,0,0,,no_usable_pages,known,,,bpt6k785263j: no usable pages in manifest.,2026-07-17T16:56:43.711060
intransigeant,bpt6k785264x,,failed,0,0,,no_usable_pages,known,,,bpt6k785264x: no usable pages in manifest.,2026-07-17T16:56:43.874284
intransigeant,bpt6k7852659,,failed,0,0,,no_usable_pages,known,,,bpt6k7852659: no usable pages in manifest.,2026-07-17T16:56:44.060305
intransigeant,bpt6k785266p,,failed,0,0,,no_usable_pages,known,,,bpt6k785266p: no usable pages in manifest.,2026-07-17T16:56:44.299154
intransigeant,bpt6k7852672,,failed,0,0,,no_usable_pages,known,,,bpt6k7852672: no usable pages in manifest.,2026-07-17T16:56:44.472261
intransigeant,bpt6k785268f,,failed,0,0,,no_usable_pages,known,,,bpt6k785268f: no usable pages in manifest.,2026-07-17T16:56:44.734616
intransigeant,bpt6k785269t,,failed,0,0,,no_usable_pages,known,,,bpt6k785269t: no usable pages in manifest.,2026-07-17T16:56:44.903709
intransigeant,bpt6k785270r,,failed,0,0,,no_usable_pages,known,,,bpt6k785270r: no usable pages in manifest.,2026-07-17T16:56:45.153835
intransigeant,bpt6k7852714,,failed,0,0,,no_usable_pages,known,,,bpt6k7852714: no usable pages in manifest.,2026-07-17T16:56:45.341129
intransigeant,bpt6k785272h,,failed,0,0,,no_usable_pages,known,,,bpt6k785272h: no usable pages in manifest.,2026-07-17T16:56:45.485542
intransigeant,bpt6k785273w,,failed,0,0,,no_usable_pages,known,,,bpt6k785273w: no usable pages in manifest.,2026-07-17T16:56:46.081740
intransigeant,bpt6k7852748,,failed,0,0,,no_usable_pages,known,,,bpt6k7852748: no usable pages in manifest.,2026-07-17T16:56:46.310421
intransigeant,bpt6k785275n,,failed,0,0,,no_usable_pages,known,,,bpt6k785275n: no usable pages in manifest.,2026-07-17T16:56:46.731533
intransigeant,bpt6k7852761,,failed,0,0,,no_usable_pages,known,,,bpt6k7852761: no usable pages in manifest.,2026-07-17T16:56:47.261011
intransigeant,bpt6k785277d,,failed,0,0,,no_usable_pages,known,,,bpt6k785277d: no usable pages in manifest.,2026-07-17T16:56:47.709526
intransigeant,bpt6k785278s,,failed,0,0,,no_usable_pages,known,,,bpt6k785278s: no usable pages in manifest.,2026-07-17T16:56:47.987887
intransigeant,bpt6k7852795,,failed,0,0,,no_usable_pages,known,,,bpt6k7852795: no usable pages in manifest.,2026-07-17T16:56:48.389413
intransigeant,bpt6k7852803,,failed,0,0,,no_usable_pages,known,,,bpt6k7852803: no usable pages in manifest.,2026-07-17T16:56:48.651254
intransigeant,bpt6k785281g,,failed,0,0,,no_usable_pages,known,,,bpt6k785281g: no usable pages in manifest.,2026-07-17T16:56:48.843846
intransigeant,bpt6k785282v,,failed,0,0,,no_usable_pages,known,,,bpt6k785282v: no usable pages in manifest.,2026-07-17T16:56:49.126191
intransigeant,bpt6k7852837,,failed,0,0,,no_usable_pages,known,,,bpt6k7852837: no usable pages in manifest.,2026-07-17T16:56:49.509343
intransigeant,bpt6k785284m,,failed,0,0,,no_usable_pages,known,,,bpt6k785284m: no usable pages in manifest.,2026-07-17T16:56:49.697360
intransigeant,bpt6k7852850,,failed,0,0,,no_usable_pages,known,,,bpt6k7852850: no usable pages in manifest.,2026-07-17T16:56:49.961889
intransigeant,bpt6k785286c,,failed,0,0,,no_usable_pages,known,,,bpt6k785286c: no usable pages in manifest.,2026-07-17T16:56:50.351091
intransigeant,bpt6k785287r,,failed,0,0,,no_usable_pages,known,,,bpt6k785287r: no usable pages in manifest.,2026-07-17T16:56:50.762981
intransigeant,bpt6k7852884,,failed,0,0,,no_usable_pages,known,,,bpt6k7852884: no usable pages in manifest.,2026-07-17T16:56:51.044701
intransigeant,bpt6k785289h,,failed,0,0,,no_usable_pages,known,,,bpt6k785289h: no usable pages in manifest.,2026-07-17T16:56:51.239999
intransigeant,bpt6k785290f,,failed,0,0,,no_usable_pages,known,,,bpt6k785290f: no usable pages in manifest.,2026-07-17T16:56:51.502407
intransigeant,bpt6k785291t,,failed,0,0,,no_usable_pages,known,,,bpt6k785291t: no usable pages in manifest.,2026-07-17T16:56:51.882830
intransigeant,bpt6k7852926,,failed,0,0,,no_usable_pages,known,,,bpt6k7852926: no usable pages in manifest.,2026-07-17T16:56:52.166753
intransigeant,bpt6k785293k,,failed,0,0,,no_usable_pages,known,,,bpt6k785293k: no usable pages in manifest.,2026-07-17T16:56:52.357572
intransigeant,bpt6k785294z,,failed,0,0,,no_usable_pages,known,,,bpt6k785294z: no usable pages in manifest.,2026-07-17T16:56:52.566823
intransigeant,bpt6k785295b,,failed,0,0,,no_usable_pages,known,,,bpt6k785295b: no usable pages in manifest.,2026-07-17T16:56:52.947905
intransigeant,bpt6k785296q,,failed,0,0,,no_usable_pages,known,,,bpt6k785296q: no usable pages in manifest.,2026-07-17T16:56:53.123728
intransigeant,bpt6k7852973,,failed,0,0,,no_usable_pages,known,,,bpt6k7852973: no usable pages in manifest.,2026-07-17T16:56:53.309687
intransigeant,bpt6k785298g,,failed,0,0,,no_usable_pages,known,,,bpt6k785298g: no usable pages in manifest.,2026-07-17T16:56:53.520098
intransigeant,bpt6k785299v,,failed,0,0,,no_usable_pages,known,,,bpt6k785299v: no usable pages in manifest.,2026-07-17T16:56:54.287055
intransigeant,bpt6k785300n,,failed,0,0,,no_usable_pages,known,,,bpt6k785300n: no usable pages in manifest.,2026-07-17T16:56:54.471459
intransigeant,bpt6k7853011,,failed,0,0,,no_usable_pages,known,,,bpt6k7853011: no usable pages in manifest.,2026-07-17T16:56:54.786772
intransigeant,bpt6k785302d,,failed,0,0,,no_usable_pages,known,,,bpt6k785302d: no usable pages in manifest.,2026-07-17T16:56:55.121262
intransigeant,bpt6k7853092,,failed,0,0,,no_usable_pages,known,,,bpt6k7853092: no usable pages in manifest.,2026-07-17T16:56:55.500680
intransigeant,bpt6k785303s,,failed,0,0,,no_usable_pages,known,,,bpt6k785303s: no usable pages in manifest.,2026-07-17T16:56:55.775529
intransigeant,bpt6k7853045,,failed,0,0,,no_usable_pages,known,,,bpt6k7853045: no usable pages in manifest.,2026-07-17T16:56:55.995533
intransigeant,bpt6k785305j,,failed,0,0,,no_usable_pages,known,,,bpt6k785305j: no usable pages in manifest.,2026-07-17T16:56:56.311009
intransigeant,bpt6k785306x,,failed,0,0,,no_usable_pages,known,,,bpt6k785306x: no usable pages in manifest.,2026-07-17T16:56:56.657492
intransigeant,bpt6k785308p,,failed,0,0,,no_usable_pages,known,,,bpt6k785308p: no usable pages in manifest.,2026-07-17T16:56:56.859470
intransigeant,bpt6k7853079,,failed,0,0,,no_usable_pages,known,,,bpt6k7853079: no usable pages in manifest.,2026-07-17T16:56:57.100961
intransigeant,bpt6k7853100,,failed,0,0,,no_usable_pages,known,,,bpt6k7853100: no usable pages in manifest.,2026-07-17T16:56:57.346698
intransigeant,bpt6k785311c,,failed,0,0,,no_usable_pages,known,,,bpt6k785311c: no usable pages in manifest.,2026-07-17T16:56:57.625291
intransigeant,bpt6k785312r,,failed,0,0,,no_usable_pages,known,,,bpt6k785312r: no usable pages in manifest.,2026-07-17T16:56:57.871756
intransigeant,bpt6k7853134,,failed,0,0,,no_usable_pages,known,,,bpt6k7853134: no usable pages in manifest.,2026-07-17T16:56:58.081887
intransigeant,bpt6k785314h,,failed,0,0,,no_usable_pages,known,,,bpt6k785314h: no usable pages in manifest.,2026-07-17T16:56:58.290653
intransigeant,bpt6k785315w,,failed,0,0,,no_usable_pages,known,,,bpt6k785315w: no usable pages in manifest.,2026-07-17T16:56:58.581946
intransigeant,bpt6k7853168,,failed,0,0,,no_usable_pages,known,,,bpt6k7853168: no usable pages in manifest.,2026-07-17T16:56:58.953746
intransigeant,bpt6k785317n,,failed,0,0,,no_usable_pages,known,,,bpt6k785317n: no usable pages in manifest.,2026-07-17T16:56:59.425863
intransigeant,bpt6k7853181,,failed,0,0,,no_usable_pages,known,,,bpt6k7853181: no usable pages in manifest.,2026-07-17T16:57:00.012270
intransigeant,bpt6k785319d,,failed,0,0,,no_usable_pages,known,,,bpt6k785319d: no usable pages in manifest.,2026-07-17T16:57:00.294069
intransigeant,bpt6k785320b,,failed,0,0,,no_usable_pages,known,,,bpt6k785320b: no usable pages in manifest.,2026-07-17T16:57:00.493118
intransigeant,bpt6k785321q,,failed,0,0,,no_usable_pages,known,,,bpt6k785321q: no usable pages in manifest.,2026-07-17T16:57:00.813890
intransigeant,bpt6k7853223,,failed,0,0,,no_usable_pages,known,,,bpt6k7853223: no usable pages in manifest.,2026-07-17T16:57:01.129483
intransigeant,bpt6k785323g,,failed,0,0,,no_usable_pages,known,,,bpt6k785323g: no usable pages in manifest.,2026-07-17T16:57:01.364053
intransigeant,bpt6k785324v,,failed,0,0,,no_usable_pages,known,,,bpt6k785324v: no usable pages in manifest.,2026-07-17T16:57:01.529317
intransigeant,bpt6k7853257,,failed,0,0,,no_usable_pages,known,,,bpt6k7853257: no usable pages in manifest.,2026-07-17T16:57:01.763647
intransigeant,bpt6k785326m,,failed,0,0,,no_usable_pages,known,,,bpt6k785326m: no usable pages in manifest.,2026-07-17T16:57:01.951343
intransigeant,bpt6k7853270,,failed,0,0,,no_usable_pages,known,,,bpt6k7853270: no usable pages in manifest.,2026-07-17T16:57:02.337552
intransigeant,bpt6k785328c,,failed,0,0,,no_usable_pages,known,,,bpt6k785328c: no usable pages in manifest.,2026-07-17T16:57:02.581905
intransigeant,bpt6k785329r,,failed,0,0,,no_usable_pages,known,,,bpt6k785329r: no usable pages in manifest.,2026-07-17T16:57:02.893160
intransigeant,bpt6k785330p,,failed,0,0,,no_usable_pages,known,,,bpt6k785330p: no usable pages in manifest.,2026-07-17T16:57:03.348671
intransigeant,bpt6k7853312,,failed,0,0,,no_usable_pages,known,,,bpt6k7853312: no usable pages in manifest.,2026-07-17T16:57:03.688934
intransigeant,bpt6k785332f,,failed,0,0,,no_usable_pages,known,,,bpt6k785332f: no usable pages in manifest.,2026-07-17T16:57:04.067938
intransigeant,bpt6k785333t,,failed,0,0,,no_usable_pages,known,,,bpt6k785333t: no usable pages in manifest.,2026-07-17T16:57:04.390680
intransigeant,bpt6k7853346,,failed,0,0,,no_usable_pages,known,,,bpt6k7853346: no usable pages in manifest.,2026-07-17T16:57:04.609264
intransigeant,bpt6k785335k,,failed,0,0,,no_usable_pages,known,,,bpt6k785335k: no usable pages in manifest.,2026-07-17T16:57:04.831069
intransigeant,bpt6k785336z,,failed,0,0,,no_usable_pages,known,,,bpt6k785336z: no usable pages in manifest.,2026-07-17T16:57:05.391819
intransigeant,bpt6k785337b,,failed,0,0,,no_usable_pages,known,,,bpt6k785337b: no usable pages in manifest.,2026-07-17T16:57:05.727266
intransigeant,bpt6k7853393,,failed,0,0,,no_usable_pages,known,,,bpt6k7853393: no usable pages in manifest.,2026-07-17T16:57:05.938658
intransigeant,bpt6k785338q,,failed,0,0,,no_usable_pages,known,,,bpt6k785338q: no usable pages in manifest.,2026-07-17T16:57:06.109553
intransigeant,bpt6k7853401,,failed,0,0,,no_usable_pages,known,,,bpt6k7853401: no usable pages in manifest.,2026-07-17T16:57:06.327646
intransigeant,bpt6k785341d,,failed,0,0,,no_usable_pages,known,,,bpt6k785341d: no usable pages in manifest.,2026-07-17T16:57:06.581978
intransigeant,bpt6k785342s,,failed,0,0,,no_usable_pages,known,,,bpt6k785342s: no usable pages in manifest.,2026-07-17T16:57:06.849565
intransigeant,bpt6k7853435,,failed,0,0,,no_usable_pages,known,,,bpt6k7853435: no usable pages in manifest.,2026-07-17T16:57:07.185295
intransigeant,bpt6k785344j,,failed,0,0,,no_usable_pages,known,,,bpt6k785344j: no usable pages in manifest.,2026-07-17T16:57:07.468586
intransigeant,bpt6k7853469,,failed,0,0,,no_usable_pages,known,,,bpt6k7853469: no usable pages in manifest.,2026-07-17T16:57:07.679610
intransigeant,bpt6k785345x,,failed,0,0,,no_usable_pages,known,,,bpt6k785345x: no usable pages in manifest.,2026-07-17T16:57:07.912026
intransigeant,bpt6k785347p,,failed,0,0,,no_usable_pages,known,,,bpt6k785347p: no usable pages in manifest.,2026-07-17T16:57:08.140571
intransigeant,bpt6k7853482,,failed,0,0,,no_usable_pages,known,,,bpt6k7853482: no usable pages in manifest.,2026-07-17T16:57:08.404670
intransigeant,bpt6k785349f,,failed,0,0,,no_usable_pages,known,,,bpt6k785349f: no usable pages in manifest.,2026-07-17T16:57:08.625151
intransigeant,bpt6k785350c,,failed,0,0,,no_usable_pages,known,,,bpt6k785350c: no usable pages in manifest.,2026-07-17T16:57:08.846727
intransigeant,bpt6k785351r,,failed,0,0,,no_usable_pages,known,,,bpt6k785351r: no usable pages in manifest.,2026-07-17T16:57:09.185750
intransigeant,bpt6k7853524,,failed,0,0,,no_usable_pages,known,,,bpt6k7853524: no usable pages in manifest.,2026-07-17T16:57:09.372865
intransigeant,bpt6k785354w,,failed,0,0,,no_usable_pages,known,,,bpt6k785354w: no usable pages in manifest.,2026-07-17T16:57:09.727064
intransigeant,bpt6k7853558,,failed,0,0,,no_usable_pages,known,,,bpt6k7853558: no usable pages in manifest.,2026-07-17T16:57:09.947857
intransigeant,bpt6k785356n,,failed,0,0,,no_usable_pages,known,,,bpt6k785356n: no usable pages in manifest.,2026-07-17T16:57:10.190534
intransigeant,bpt6k7853571,,failed,0,0,,no_usable_pages,known,,,bpt6k7853571: no usable pages in manifest.,2026-07-17T16:57:10.464920
intransigeant,bpt6k785358d,,failed,0,0,,no_usable_pages,known,,,bpt6k785358d: no usable pages in manifest.,2026-07-17T16:57:11.034415
intransigeant,bpt6k785359s,,failed,0,0,,no_usable_pages,known,,,bpt6k785359s: no usable pages in manifest.,2026-07-17T16:57:11.368656
intransigeant,bpt6k785360q,,failed,0,0,,no_usable_pages,known,,,bpt6k785360q: no usable pages in manifest.,2026-07-17T16:57:11.618040
intransigeant,bpt6k7853613,,failed,0,0,,no_usable_pages,known,,,bpt6k7853613: no usable pages in manifest.,2026-07-17T16:57:11.884227
intransigeant,bpt6k785362g,,failed,0,0,,no_usable_pages,known,,,bpt6k785362g: no usable pages in manifest.,2026-07-17T16:57:12.190112
intransigeant,bpt6k785363v,,failed,0,0,,no_usable_pages,known,,,bpt6k785363v: no usable pages in manifest.,2026-07-17T16:57:12.459478
intransigeant,bpt6k7853647,,failed,0,0,,no_usable_pages,known,,,bpt6k7853647: no usable pages in manifest.,2026-07-17T16:57:12.667873
intransigeant,bpt6k785365m,,failed,0,0,,no_usable_pages,known,,,bpt6k785365m: no usable pages in manifest.,2026-07-17T16:57:12.898293
intransigeant,bpt6k7853660,,failed,0,0,,no_usable_pages,known,,,bpt6k7853660: no usable pages in manifest.,2026-07-17T16:57:13.194433
intransigeant,bpt6k785367c,,failed,0,0,,no_usable_pages,known,,,bpt6k785367c: no usable pages in manifest.,2026-07-17T16:57:13.472630
intransigeant,bpt6k785368r,,failed,0,0,,no_usable_pages,known,,,bpt6k785368r: no usable pages in manifest.,2026-07-17T16:57:13.644882
intransigeant,bpt6k7853694,,failed,0,0,,no_usable_pages,known,,,bpt6k7853694: no usable pages in manifest.,2026-07-17T16:57:13.848976
intransigeant,bpt6k785371f,,failed,0,0,,no_usable_pages,known,,,bpt6k785371f: no usable pages in manifest.,2026-07-17T16:57:14.075968
intransigeant,bpt6k7853702,,failed,0,0,,no_usable_pages,known,,,bpt6k7853702: no usable pages in manifest.,2026-07-17T16:57:14.325470
intransigeant,bpt6k785372t,,failed,0,0,,no_usable_pages,known,,,bpt6k785372t: no usable pages in manifest.,2026-07-17T16:57:14.623110
intransigeant,bpt6k7853736,,failed,0,0,,no_usable_pages,known,,,bpt6k7853736: no usable pages in manifest.,2026-07-17T16:57:14.864453
intransigeant,bpt6k785374k,,failed,0,0,,no_usable_pages,known,,,bpt6k785374k: no usable pages in manifest.,2026-07-17T16:57:15.046831
intransigeant,bpt6k785375z,,failed,0,0,,no_usable_pages,known,,,bpt6k785375z: no usable pages in manifest.,2026-07-17T16:57:15.272473
intransigeant,bpt6k785376b,,failed,0,0,,no_usable_pages,known,,,bpt6k785376b: no usable pages in manifest.,2026-07-17T16:57:15.474651
intransigeant,bpt6k785377q,,failed,0,0,,no_usable_pages,known,,,bpt6k785377q: no usable pages in manifest.,2026-07-17T16:57:15.772097
intransigeant,bpt6k7853783,,failed,0,0,,no_usable_pages,known,,,bpt6k7853783: no usable pages in manifest.,2026-07-17T16:57:16.281982
intransigeant,bpt6k785379g,,failed,0,0,,no_usable_pages,known,,,bpt6k785379g: no usable pages in manifest.,2026-07-17T16:57:16.625164
intransigeant,bpt6k785380d,,failed,0,0,,no_usable_pages,known,,,bpt6k785380d: no usable pages in manifest.,2026-07-17T16:57:16.911313
intransigeant,bpt6k785381s,,failed,0,0,,no_usable_pages,known,,,bpt6k785381s: no usable pages in manifest.,2026-07-17T16:57:17.119534
intransigeant,bpt6k7853825,,failed,0,0,,no_usable_pages,known,,,bpt6k7853825: no usable pages in manifest.,2026-07-17T16:57:17.376263
intransigeant,bpt6k785383j,,failed,0,0,,no_usable_pages,known,,,bpt6k785383j: no usable pages in manifest.,2026-07-17T16:57:17.718427
intransigeant,bpt6k785384x,,failed,0,0,,no_usable_pages,known,,,bpt6k785384x: no usable pages in manifest.,2026-07-17T16:57:18.143639
intransigeant,bpt6k7853859,,failed,0,0,,no_usable_pages,known,,,bpt6k7853859: no usable pages in manifest.,2026-07-17T16:57:18.360590
intransigeant,bpt6k785386p,,failed,0,0,,no_usable_pages,known,,,bpt6k785386p: no usable pages in manifest.,2026-07-17T16:57:18.595773
intransigeant,bpt6k7853872,,failed,0,0,,no_usable_pages,known,,,bpt6k7853872: no usable pages in manifest.,2026-07-17T16:57:18.821817
intransigeant,bpt6k785388f,,failed,0,0,,no_usable_pages,known,,,bpt6k785388f: no usable pages in manifest.,2026-07-17T16:57:19.168959
intransigeant,bpt6k785389t,,failed,0,0,,no_usable_pages,known,,,bpt6k785389t: no usable pages in manifest.,2026-07-17T16:57:19.402850
intransigeant,bpt6k785390r,,failed,0,0,,no_usable_pages,known,,,bpt6k785390r: no usable pages in manifest.,2026-07-17T16:57:19.641382
intransigeant,bpt6k7853914,,failed,0,0,,no_usable_pages,known,,,bpt6k7853914: no usable pages in manifest.,2026-07-17T16:57:19.936008
intransigeant,bpt6k785392h,,failed,0,0,,no_usable_pages,known,,,bpt6k785392h: no usable pages in manifest.,2026-07-17T16:57:20.306607
intransigeant,bpt6k785393w,,failed,0,0,,no_usable_pages,known,,,bpt6k785393w: no usable pages in manifest.,2026-07-17T16:57:20.568153
intransigeant,bpt6k7853948,,failed,0,0,,no_usable_pages,known,,,bpt6k7853948: no usable pages in manifest.,2026-07-17T16:57:20.806114
intransigeant,bpt6k785395n,,failed,0,0,,no_usable_pages,known,,,bpt6k785395n: no usable pages in manifest.,2026-07-17T16:57:21.018152
intransigeant,bpt6k7853961,,failed,0,0,,no_usable_pages,known,,,bpt6k7853961: no usable pages in manifest.,2026-07-17T16:57:21.187751
intransigeant,bpt6k785397d,,failed,0,0,,no_usable_pages,known,,,bpt6k785397d: no usable pages in manifest.,2026-07-17T16:57:21.604372
intransigeant,bpt6k785398s,,failed,0,0,,no_usable_pages,known,,,bpt6k785398s: no usable pages in manifest.,2026-07-17T16:57:22.203993
intransigeant,bpt6k7853995,,failed,0,0,,no_usable_pages,known,,,bpt6k7853995: no usable pages in manifest.,2026-07-17T16:57:22.420170
intransigeant,bpt6k785400z,,failed,0,0,,no_usable_pages,known,,,bpt6k785400z: no usable pages in manifest.,2026-07-17T16:57:22.698639
intransigeant,bpt6k785401b,,failed,0,0,,no_usable_pages,known,,,bpt6k785401b: no usable pages in manifest.,2026-07-17T16:57:22.971945
intransigeant,bpt6k785402q,,failed,0,0,,no_usable_pages,known,,,bpt6k785402q: no usable pages in manifest.,2026-07-17T16:57:23.270079
intransigeant,bpt6k7854033,,failed,0,0,,no_usable_pages,known,,,bpt6k7854033: no usable pages in manifest.,2026-07-17T16:57:23.507749
intransigeant,bpt6k785404g,,failed,0,0,,no_usable_pages,known,,,bpt6k785404g: no usable pages in manifest.,2026-07-17T16:57:23.766869
intransigeant,bpt6k785405v,,failed,0,0,,no_usable_pages,known,,,bpt6k785405v: no usable pages in manifest.,2026-07-17T16:57:23.989210
intransigeant,bpt6k7854067,,failed,0,0,,no_usable_pages,known,,,bpt6k7854067: no usable pages in manifest.,2026-07-17T16:57:24.185738
intransigeant,bpt6k785407m,,failed,0,0,,no_usable_pages,known,,,bpt6k785407m: no usable pages in manifest.,2026-07-17T16:57:24.411344
intransigeant,bpt6k7854080,,failed,0,0,,no_usable_pages,known,,,bpt6k7854080: no usable pages in manifest.,2026-07-17T16:57:24.609752
intransigeant,bpt6k785409c,,failed,0,0,,no_usable_pages,known,,,bpt6k785409c: no usable pages in manifest.,2026-07-17T16:57:24.915140
intransigeant,bpt6k785411p,,failed,0,0,,no_usable_pages,known,,,bpt6k785411p: no usable pages in manifest.,2026-07-17T16:57:25.094676
intransigeant,bpt6k7854122,,failed,0,0,,no_usable_pages,known,,,bpt6k7854122: no usable pages in manifest.,2026-07-17T16:57:25.314659
intransigeant,bpt6k785413f,,failed,0,0,,no_usable_pages,known,,,bpt6k785413f: no usable pages in manifest.,2026-07-17T16:57:25.505982
intransigeant,bpt6k785414t,,failed,0,0,,no_usable_pages,known,,,bpt6k785414t: no usable pages in manifest.,2026-07-17T16:57:25.757376
intransigeant,bpt6k7854156,,failed,0,0,,no_usable_pages,known,,,bpt6k7854156: no usable pages in manifest.,2026-07-17T16:57:25.993283
intransigeant,bpt6k785416k,,failed,0,0,,no_usable_pages,known,,,bpt6k785416k: no usable pages in manifest.,2026-07-17T16:57:26.197319
intransigeant,bpt6k785417z,,failed,0,0,,no_usable_pages,known,,,bpt6k785417z: no usable pages in manifest.,2026-07-17T16:57:26.430860
intransigeant,bpt6k785418b,,failed,0,0,,no_usable_pages,known,,,bpt6k785418b: no usable pages in manifest.,2026-07-17T16:57:26.653362
intransigeant,bpt6k785419q,,failed,0,0,,no_usable_pages,known,,,bpt6k785419q: no usable pages in manifest.,2026-07-17T16:57:27.237711
intransigeant,bpt6k785420n,,failed,0,0,,no_usable_pages,known,,,bpt6k785420n: no usable pages in manifest.,2026-07-17T16:57:27.464240
intransigeant,bpt6k7854211,,failed,0,0,,no_usable_pages,known,,,bpt6k7854211: no usable pages in manifest.,2026-07-17T16:57:27.689856
intransigeant,bpt6k785422d,,failed,0,0,,no_usable_pages,known,,,bpt6k785422d: no usable pages in manifest.,2026-07-17T16:57:27.903609
intransigeant,bpt6k785423s,,failed,0,0,,no_usable_pages,known,,,bpt6k785423s: no usable pages in manifest.,2026-07-17T16:57:28.114203
intransigeant,bpt6k7854245,,failed,0,0,,no_usable_pages,known,,,bpt6k7854245: no usable pages in manifest.,2026-07-17T16:57:28.293021
intransigeant,bpt6k785425j,,failed,0,0,,no_usable_pages,known,,,bpt6k785425j: no usable pages in manifest.,2026-07-17T16:57:28.480471
intransigeant,bpt6k785426x,,failed,0,0,,no_usable_pages,known,,,bpt6k785426x: no usable pages in manifest.,2026-07-17T16:57:28.654202
intransigeant,bpt6k7854279,,failed,0,0,,no_usable_pages,known,,,bpt6k7854279: no usable pages in manifest.,2026-07-17T16:57:28.878486
intransigeant,bpt6k785428p,,failed,0,0,,no_usable_pages,known,,,bpt6k785428p: no usable pages in manifest.,2026-07-17T16:57:29.179240
intransigeant,bpt6k7854292,,failed,0,0,,no_usable_pages,known,,,bpt6k7854292: no usable pages in manifest.,2026-07-17T16:57:29.398810
intransigeant,bpt6k7854300,,failed,0,0,,no_usable_pages,known,,,bpt6k7854300: no usable pages in manifest.,2026-07-17T16:57:29.579113
intransigeant,bpt6k785431c,,failed,0,0,,no_usable_pages,known,,,bpt6k785431c: no usable pages in manifest.,2026-07-17T16:57:29.799799
intransigeant,bpt6k785432r,,failed,0,0,,no_usable_pages,known,,,bpt6k785432r: no usable pages in manifest.,2026-07-17T16:57:30.035237
intransigeant,bpt6k785470c,,failed,0,0,,no_usable_pages,known,,,bpt6k785470c: no usable pages in manifest.,2026-07-17T16:57:30.306308
intransigeant,bpt6k785471r,,failed,0,0,,no_usable_pages,known,,,bpt6k785471r: no usable pages in manifest.,2026-07-17T16:57:30.573676
intransigeant,bpt6k7854724,,failed,0,0,,no_usable_pages,known,,,bpt6k7854724: no usable pages in manifest.,2026-07-17T16:57:30.766811
intransigeant,bpt6k785473h,,failed,0,0,,no_usable_pages,known,,,bpt6k785473h: no usable pages in manifest.,2026-07-17T16:57:30.911044
intransigeant,bpt6k785474w,,failed,0,0,,no_usable_pages,known,,,bpt6k785474w: no usable pages in manifest.,2026-07-17T16:57:31.188879
intransigeant,bpt6k7854758,,failed,0,0,,no_usable_pages,known,,,bpt6k7854758: no usable pages in manifest.,2026-07-17T16:57:31.500872
intransigeant,bpt6k785476n,,failed,0,0,,no_usable_pages,known,,,bpt6k785476n: no usable pages in manifest.,2026-07-17T16:57:31.781233
intransigeant,bpt6k7854771,,failed,0,0,,no_usable_pages,known,,,bpt6k7854771: no usable pages in manifest.,2026-07-17T16:57:31.941101
intransigeant,bpt6k785478d,,failed,0,0,,no_usable_pages,known,,,bpt6k785478d: no usable pages in manifest.,2026-07-17T16:57:32.196403
intransigeant,bpt6k785479s,,failed,0,0,,no_usable_pages,known,,,bpt6k785479s: no usable pages in manifest.,2026-07-17T16:57:32.386546
intransigeant,bpt6k785480q,,failed,0,0,,no_usable_pages,known,,,bpt6k785480q: no usable pages in manifest.,2026-07-17T16:57:32.608316
intransigeant,bpt6k7854813,,failed,0,0,,no_usable_pages,known,,,bpt6k7854813: no usable pages in manifest.,2026-07-17T16:57:32.801838
intransigeant,bpt6k785482g,,failed,0,0,,no_usable_pages,known,,,bpt6k785482g: no usable pages in manifest.,2026-07-17T16:57:33.300678
intransigeant,bpt6k785483v,,failed,0,0,,no_usable_pages,known,,,bpt6k785483v: no usable pages in manifest.,2026-07-17T16:57:33.691835
intransigeant,bpt6k7854847,,failed,0,0,,no_usable_pages,known,,,bpt6k7854847: no usable pages in manifest.,2026-07-17T16:57:33.871435
intransigeant,bpt6k785485m,,failed,0,0,,no_usable_pages,known,,,bpt6k785485m: no usable pages in manifest.,2026-07-17T16:57:34.075539
intransigeant,bpt6k7854860,,failed,0,0,,no_usable_pages,known,,,bpt6k7854860: no usable pages in manifest.,2026-07-17T16:57:34.276235
intransigeant,bpt6k785487c,,failed,0,0,,no_usable_pages,known,,,bpt6k785487c: no usable pages in manifest.,2026-07-17T16:57:34.437154
intransigeant,bpt6k785488r,,failed,0,0,,no_usable_pages,known,,,bpt6k785488r: no usable pages in manifest.,2026-07-17T16:57:34.650070
intransigeant,bpt6k7854894,,failed,0,0,,no_usable_pages,known,,,bpt6k7854894: no usable pages in manifest.,2026-07-17T16:57:34.896926
intransigeant,bpt6k7854902,,failed,0,0,,no_usable_pages,known,,,bpt6k7854902: no usable pages in manifest.,2026-07-17T16:57:35.091263
intransigeant,bpt6k785491f,,failed,0,0,,no_usable_pages,known,,,bpt6k785491f: no usable pages in manifest.,2026-07-17T16:57:35.232269
intransigeant,bpt6k785492t,,failed,0,0,,no_usable_pages,known,,,bpt6k785492t: no usable pages in manifest.,2026-07-17T16:57:35.410983
intransigeant,bpt6k7854936,,failed,0,0,,no_usable_pages,known,,,bpt6k7854936: no usable pages in manifest.,2026-07-17T16:57:35.614198
intransigeant,bpt6k785494k,,failed,0,0,,no_usable_pages,known,,,bpt6k785494k: no usable pages in manifest.,2026-07-17T16:57:36.083523
intransigeant,bpt6k785495z,,failed,0,0,,no_usable_pages,known,,,bpt6k785495z: no usable pages in manifest.,2026-07-17T16:57:36.331490
intransigeant,bpt6k785496b,,failed,0,0,,no_usable_pages,known,,,bpt6k785496b: no usable pages in manifest.,2026-07-17T16:57:36.534808
intransigeant,bpt6k785497q,,failed,0,0,,no_usable_pages,known,,,bpt6k785497q: no usable pages in manifest.,2026-07-17T16:57:36.752538
intransigeant,bpt6k7854983,,failed,0,0,,no_usable_pages,known,,,bpt6k7854983: no usable pages in manifest.,2026-07-17T16:57:37.126358
intransigeant,bpt6k785499g,,failed,0,0,,no_usable_pages,known,,,bpt6k785499g: no usable pages in manifest.,2026-07-17T16:57:37.256402
intransigeant,bpt6k7855008,,failed,0,0,,no_usable_pages,known,,,bpt6k7855008: no usable pages in manifest.,2026-07-17T16:57:37.429440
intransigeant,bpt6k785501n,,failed,0,0,,no_usable_pages,known,,,bpt6k785501n: no usable pages in manifest.,2026-07-17T16:57:37.711895
intransigeant,bpt6k7855021,,failed,0,0,,no_usable_pages,known,,,bpt6k7855021: no usable pages in manifest.,2026-07-17T16:57:37.865312
intransigeant,bpt6k785503d,,failed,0,0,,no_usable_pages,known,,,bpt6k785503d: no usable pages in manifest.,2026-07-17T16:57:38.186883
intransigeant,bpt6k785504s,,failed,0,0,,no_usable_pages,known,,,bpt6k785504s: no usable pages in manifest.,2026-07-17T16:57:38.489144
intransigeant,bpt6k7855055,,failed,0,0,,no_usable_pages,known,,,bpt6k7855055: no usable pages in manifest.,2026-07-17T16:57:39.056428
intransigeant,bpt6k785506j,,failed,0,0,,no_usable_pages,known,,,bpt6k785506j: no usable pages in manifest.,2026-07-17T16:57:39.363713
intransigeant,bpt6k785507x,,failed,0,0,,no_usable_pages,known,,,bpt6k785507x: no usable pages in manifest.,2026-07-17T16:57:39.570371
intransigeant,bpt6k7855089,,failed,0,0,,no_usable_pages,known,,,bpt6k7855089: no usable pages in manifest.,2026-07-17T16:57:39.821411
intransigeant,bpt6k785509p,,failed,0,0,,no_usable_pages,known,,,bpt6k785509p: no usable pages in manifest.,2026-07-17T16:57:40.065916
intransigeant,bpt6k785510m,,failed,0,0,,no_usable_pages,known,,,bpt6k785510m: no usable pages in manifest.,2026-07-17T16:57:40.466923
intransigeant,bpt6k7855110,,failed,0,0,,no_usable_pages,known,,,bpt6k7855110: no usable pages in manifest.,2026-07-17T16:57:40.724104
intransigeant,bpt6k785512c,,failed,0,0,,no_usable_pages,known,,,bpt6k785512c: no usable pages in manifest.,2026-07-17T16:57:40.926885
intransigeant,bpt6k785513r,,failed,0,0,,no_usable_pages,known,,,bpt6k785513r: no usable pages in manifest.,2026-07-17T16:57:41.153306
intransigeant,bpt6k7855144,,failed,0,0,,no_usable_pages,known,,,bpt6k7855144: no usable pages in manifest.,2026-07-17T16:57:41.727757
intransigeant,bpt6k785515h,,failed,0,0,,no_usable_pages,known,,,bpt6k785515h: no usable pages in manifest.,2026-07-17T16:57:41.968948
intransigeant,bpt6k785516w,,failed,0,0,,no_usable_pages,known,,,bpt6k785516w: no usable pages in manifest.,2026-07-17T16:57:42.250037
intransigeant,bpt6k7855178,,failed,0,0,,no_usable_pages,known,,,bpt6k7855178: no usable pages in manifest.,2026-07-17T16:57:42.644549
intransigeant,bpt6k785518n,,failed,0,0,,no_usable_pages,known,,,bpt6k785518n: no usable pages in manifest.,2026-07-17T16:57:42.978156
intransigeant,bpt6k7855191,,failed,0,0,,no_usable_pages,known,,,bpt6k7855191: no usable pages in manifest.,2026-07-17T16:57:43.257423
intransigeant,bpt6k785520z,,failed,0,0,,no_usable_pages,known,,,bpt6k785520z: no usable pages in manifest.,2026-07-17T16:57:43.503150
intransigeant,bpt6k785521b,,failed,0,0,,no_usable_pages,known,,,bpt6k785521b: no usable pages in manifest.,2026-07-17T16:57:43.747906
intransigeant,bpt6k785522q,,failed,0,0,,no_usable_pages,known,,,bpt6k785522q: no usable pages in manifest.,2026-07-17T16:57:44.449770
intransigeant,bpt6k7855233,,failed,0,0,,no_usable_pages,known,,,bpt6k7855233: no usable pages in manifest.,2026-07-17T16:57:44.854990
intransigeant,bpt6k785524g,,failed,0,0,,no_usable_pages,known,,,bpt6k785524g: no usable pages in manifest.,2026-07-17T16:57:45.265412
intransigeant,bpt6k785525v,,failed,0,0,,no_usable_pages,known,,,bpt6k785525v: no usable pages in manifest.,2026-07-17T16:57:45.505684
intransigeant,bpt6k7855267,,failed,0,0,,no_usable_pages,known,,,bpt6k7855267: no usable pages in manifest.,2026-07-17T16:57:45.713234
intransigeant,bpt6k785527m,,failed,0,0,,no_usable_pages,known,,,bpt6k785527m: no usable pages in manifest.,2026-07-17T16:57:46.048553
intransigeant,bpt6k7855280,,failed,0,0,,no_usable_pages,known,,,bpt6k7855280: no usable pages in manifest.,2026-07-17T16:57:46.619679
intransigeant,bpt6k785529c,,failed,0,0,,no_usable_pages,known,,,bpt6k785529c: no usable pages in manifest.,2026-07-17T16:57:47.006200
intransigeant,bpt6k7855309,,failed,0,0,,no_usable_pages,known,,,bpt6k7855309: no usable pages in manifest.,2026-07-17T16:57:47.336671
intransigeant,bpt6k785531p,,failed,0,0,,no_usable_pages,known,,,bpt6k785531p: no usable pages in manifest.,2026-07-17T16:57:47.834178
intransigeant,bpt6k7855322,,failed,0,0,,no_usable_pages,known,,,bpt6k7855322: no usable pages in manifest.,2026-07-17T16:57:48.174207
intransigeant,bpt6k785533f,,failed,0,0,,no_usable_pages,known,,,bpt6k785533f: no usable pages in manifest.,2026-07-17T16:57:48.533490
intransigeant,bpt6k785534t,,failed,0,0,,no_usable_pages,known,,,bpt6k785534t: no usable pages in manifest.,2026-07-17T16:57:48.906386
intransigeant,bpt6k7855356,,failed,0,0,,no_usable_pages,known,,,bpt6k7855356: no usable pages in manifest.,2026-07-17T16:57:49.148479
intransigeant,bpt6k785536k,,failed,0,0,,no_usable_pages,known,,,bpt6k785536k: no usable pages in manifest.,2026-07-17T16:57:49.408514
intransigeant,bpt6k785537z,,failed,0,0,,no_usable_pages,known,,,bpt6k785537z: no usable pages in manifest.,2026-07-17T16:57:49.683139
intransigeant,bpt6k785538b,,failed,0,0,,no_usable_pages,known,,,bpt6k785538b: no usable pages in manifest.,2026-07-17T16:57:50.182051
intransigeant,bpt6k785539q,,failed,0,0,,no_usable_pages,known,,,bpt6k785539q: no usable pages in manifest.,2026-07-17T16:57:50.472725
intransigeant,bpt6k785540n,,failed,0,0,,no_usable_pages,known,,,bpt6k785540n: no usable pages in manifest.,2026-07-17T16:57:50.766476
intransigeant,bpt6k7855411,,failed,0,0,,no_usable_pages,known,,,bpt6k7855411: no usable pages in manifest.,2026-07-17T16:57:51.387501
intransigeant,bpt6k785542d,,failed,0,0,,no_usable_pages,known,,,bpt6k785542d: no usable pages in manifest.,2026-07-17T16:57:51.618143
intransigeant,bpt6k785543s,,failed,0,0,,no_usable_pages,known,,,bpt6k785543s: no usable pages in manifest.,2026-07-17T16:57:51.837534
intransigeant,bpt6k7855445,,failed,0,0,,no_usable_pages,known,,,bpt6k7855445: no usable pages in manifest.,2026-07-17T16:57:52.165628
intransigeant,bpt6k785545j,,failed,0,0,,no_usable_pages,known,,,bpt6k785545j: no usable pages in manifest.,2026-07-17T16:57:52.571412
intransigeant,bpt6k785546x,,failed,0,0,,no_usable_pages,known,,,bpt6k785546x: no usable pages in manifest.,2026-07-17T16:57:52.849152
intransigeant,bpt6k7855479,,failed,0,0,,no_usable_pages,known,,,bpt6k7855479: no usable pages in manifest.,2026-07-17T16:57:53.061675
intransigeant,bpt6k785548p,,failed,0,0,,no_usable_pages,known,,,bpt6k785548p: no usable pages in manifest.,2026-07-17T16:57:53.273994
intransigeant,bpt6k7855492,,failed,0,0,,no_usable_pages,known,,,bpt6k7855492: no usable pages in manifest.,2026-07-17T16:57:53.558990
intransigeant,bpt6k7855500,,failed,0,0,,no_usable_pages,known,,,bpt6k7855500: no usable pages in manifest.,2026-07-17T16:57:53.827757
intransigeant,bpt6k785551c,,failed,0,0,,no_usable_pages,known,,,bpt6k785551c: no usable pages in manifest.,2026-07-17T16:57:54.040548
intransigeant,bpt6k785552r,,failed,0,0,,no_usable_pages,known,,,bpt6k785552r: no usable pages in manifest.,2026-07-17T16:57:54.305966
intransigeant,bpt6k7855534,,failed,0,0,,no_usable_pages,known,,,bpt6k7855534: no usable pages in manifest.,2026-07-17T16:57:54.586624
intransigeant,bpt6k785554h,,failed,0,0,,no_usable_pages,known,,,bpt6k785554h: no usable pages in manifest.,2026-07-17T16:57:54.767453
intransigeant,bpt6k785555w,,failed,0,0,,no_usable_pages,known,,,bpt6k785555w: no usable pages in manifest.,2026-07-17T16:57:54.938553
intransigeant,bpt6k7855568,,failed,0,0,,no_usable_pages,known,,,bpt6k7855568: no usable pages in manifest.,2026-07-17T16:57:55.128674
intransigeant,bpt6k785557n,,failed,0,0,,no_usable_pages,known,,,bpt6k785557n: no usable pages in manifest.,2026-07-17T16:57:55.512017
intransigeant,bpt6k7855581,,failed,0,0,,no_usable_pages,known,,,bpt6k7855581: no usable pages in manifest.,2026-07-17T16:57:56.120764
intransigeant,bpt6k785559d,,failed,0,0,,no_usable_pages,known,,,bpt6k785559d: no usable pages in manifest.,2026-07-17T16:57:56.645447
intransigeant,bpt6k785560b,,failed,0,0,,no_usable_pages,known,,,bpt6k785560b: no usable pages in manifest.,2026-07-17T16:57:57.017561
intransigeant,bpt6k785561q,,failed,0,0,,no_usable_pages,known,,,bpt6k785561q: no usable pages in manifest.,2026-07-17T16:57:57.183013
intransigeant,bpt6k7855623,,failed,0,0,,no_usable_pages,known,,,bpt6k7855623: no usable pages in manifest.,2026-07-17T16:57:57.416823
intransigeant,bpt6k785563g,,failed,0,0,,no_usable_pages,known,,,bpt6k785563g: no usable pages in manifest.,2026-07-17T16:57:57.637426
intransigeant,bpt6k785564v,,failed,0,0,,no_usable_pages,known,,,bpt6k785564v: no usable pages in manifest.,2026-07-17T16:57:57.841488
intransigeant,bpt6k7855657,,failed,0,0,,no_usable_pages,known,,,bpt6k7855657: no usable pages in manifest.,2026-07-17T16:57:58.161181
intransigeant,bpt6k785566m,,failed,0,0,,no_usable_pages,known,,,bpt6k785566m: no usable pages in manifest.,2026-07-17T16:57:58.345531
intransigeant,bpt6k7855670,,failed,0,0,,no_usable_pages,known,,,bpt6k7855670: no usable pages in manifest.,2026-07-17T16:57:58.522821
intransigeant,bpt6k785568c,,failed,0,0,,no_usable_pages,known,,,bpt6k785568c: no usable pages in manifest.,2026-07-17T16:57:58.821445
intransigeant,bpt6k785569r,,failed,0,0,,no_usable_pages,known,,,bpt6k785569r: no usable pages in manifest.,2026-07-17T16:57:59.104892
intransigeant,bpt6k785570p,,failed,0,0,,no_usable_pages,known,,,bpt6k785570p: no usable pages in manifest.,2026-07-17T16:57:59.452030
intransigeant,bpt6k7855712,,failed,0,0,,no_usable_pages,known,,,bpt6k7855712: no usable pages in manifest.,2026-07-17T16:57:59.663088
intransigeant,bpt6k785572f,,failed,0,0,,no_usable_pages,known,,,bpt6k785572f: no usable pages in manifest.,2026-07-17T16:57:59.902997
intransigeant,bpt6k785573t,,failed,0,0,,no_usable_pages,known,,,bpt6k785573t: no usable pages in manifest.,2026-07-17T16:58:00.111853
intransigeant,bpt6k7855746,,failed,0,0,,no_usable_pages,known,,,bpt6k7855746: no usable pages in manifest.,2026-07-17T16:58:00.404129
intransigeant,bpt6k785575k,,failed,0,0,,no_usable_pages,known,,,bpt6k785575k: no usable pages in manifest.,2026-07-17T16:58:00.631627
intransigeant,bpt6k785576z,,failed,0,0,,no_usable_pages,known,,,bpt6k785576z: no usable pages in manifest.,2026-07-17T16:58:00.812563
intransigeant,bpt6k785577b,,failed,0,0,,no_usable_pages,known,,,bpt6k785577b: no usable pages in manifest.,2026-07-17T16:58:01.003197
intransigeant,bpt6k785578q,,failed,0,0,,no_usable_pages,known,,,bpt6k785578q: no usable pages in manifest.,2026-07-17T16:58:01.192542
intransigeant,bpt6k7855793,,failed,0,0,,no_usable_pages,known,,,bpt6k7855793: no usable pages in manifest.,2026-07-17T16:58:01.473366
intransigeant,bpt6k785581d,,failed,0,0,,no_usable_pages,known,,,bpt6k785581d: no usable pages in manifest.,2026-07-17T16:58:01.816460
intransigeant,bpt6k785582s,,failed,0,0,,no_usable_pages,known,,,bpt6k785582s: no usable pages in manifest.,2026-07-17T16:58:02.516066
intransigeant,bpt6k7855801,,failed,0,0,,no_usable_pages,known,,,bpt6k7855801: no usable pages in manifest.,2026-07-17T16:58:02.796438
intransigeant,bpt6k7855835,,failed,0,0,,no_usable_pages,known,,,bpt6k7855835: no usable pages in manifest.,2026-07-17T16:58:03.046441
intransigeant,bpt6k785585x,,failed,0,0,,no_usable_pages,known,,,bpt6k785585x: no usable pages in manifest.,2026-07-17T16:58:03.277579
intransigeant,bpt6k785584j,,failed,0,0,,no_usable_pages,known,,,bpt6k785584j: no usable pages in manifest.,2026-07-17T16:58:03.540254
intransigeant,bpt6k7855869,,failed,0,0,,no_usable_pages,known,,,bpt6k7855869: no usable pages in manifest.,2026-07-17T16:58:03.864132
intransigeant,bpt6k785587p,,failed,0,0,,no_usable_pages,known,,,bpt6k785587p: no usable pages in manifest.,2026-07-17T16:58:04.121019
intransigeant,bpt6k7855882,,failed,0,0,,no_usable_pages,known,,,bpt6k7855882: no usable pages in manifest.,2026-07-17T16:58:04.271719
intransigeant,bpt6k785589f,,failed,0,0,,no_usable_pages,known,,,bpt6k785589f: no usable pages in manifest.,2026-07-17T16:58:04.481445
intransigeant,bpt6k785590c,,failed,0,0,,no_usable_pages,known,,,bpt6k785590c: no usable pages in manifest.,2026-07-17T16:58:04.807325
intransigeant,bpt6k785591r,,failed,0,0,,no_usable_pages,known,,,bpt6k785591r: no usable pages in manifest.,2026-07-17T16:58:05.182019
intransigeant,bpt6k7855924,,failed,0,0,,no_usable_pages,known,,,bpt6k7855924: no usable pages in manifest.,2026-07-17T16:58:05.367054
intransigeant,bpt6k785593h,,failed,0,0,,no_usable_pages,known,,,bpt6k785593h: no usable pages in manifest.,2026-07-17T16:58:05.537157
intransigeant,bpt6k785594w,,failed,0,0,,no_usable_pages,known,,,bpt6k785594w: no usable pages in manifest.,2026-07-17T16:58:05.737556
intransigeant,bpt6k7855958,,failed,0,0,,no_usable_pages,known,,,bpt6k7855958: no usable pages in manifest.,2026-07-17T16:58:05.947889
intransigeant,bpt6k785596n,,failed,0,0,,no_usable_pages,known,,,bpt6k785596n: no usable pages in manifest.,2026-07-17T16:58:06.209998
intransigeant,bpt6k7855971,,failed,0,0,,no_usable_pages,known,,,bpt6k7855971: no usable pages in manifest.,2026-07-17T16:58:06.404993
intransigeant,bpt6k785598d,,failed,0,0,,no_usable_pages,known,,,bpt6k785598d: no usable pages in manifest.,2026-07-17T16:58:06.578328
intransigeant,bpt6k785600k,,failed,0,0,,no_usable_pages,known,,,bpt6k785600k: no usable pages in manifest.,2026-07-17T16:58:06.832726
intransigeant,bpt6k785599s,,failed,0,0,,no_usable_pages,known,,,bpt6k785599s: no usable pages in manifest.,2026-07-17T16:58:07.031511
intransigeant,bpt6k785601z,,failed,0,0,,no_usable_pages,known,,,bpt6k785601z: no usable pages in manifest.,2026-07-17T16:58:07.392433
intransigeant,bpt6k785602b,,failed,0,0,,no_usable_pages,known,,,bpt6k785602b: no usable pages in manifest.,2026-07-17T16:58:07.871764
intransigeant,bpt6k785603q,,failed,0,0,,no_usable_pages,known,,,bpt6k785603q: no usable pages in manifest.,2026-07-17T16:58:08.110606
intransigeant,bpt6k785605g,,failed,0,0,,no_usable_pages,known,,,bpt6k785605g: no usable pages in manifest.,2026-07-17T16:58:08.376641
intransigeant,bpt6k785606v,,failed,0,0,,no_usable_pages,known,,,bpt6k785606v: no usable pages in manifest.,2026-07-17T16:58:08.644304
intransigeant,bpt6k7856077,,failed,0,0,,no_usable_pages,known,,,bpt6k7856077: no usable pages in manifest.,2026-07-17T16:58:08.873233
intransigeant,bpt6k785608m,,failed,0,0,,no_usable_pages,known,,,bpt6k785608m: no usable pages in manifest.,2026-07-17T16:58:09.145066
intransigeant,bpt6k7856090,,failed,0,0,,no_usable_pages,known,,,bpt6k7856090: no usable pages in manifest.,2026-07-17T16:58:09.525545
intransigeant,bpt6k785610x,,failed,0,0,,no_usable_pages,known,,,bpt6k785610x: no usable pages in manifest.,2026-07-17T16:58:09.779091
intransigeant,bpt6k7856119,,failed,0,0,,no_usable_pages,known,,,bpt6k7856119: no usable pages in manifest.,2026-07-17T16:58:09.997402
intransigeant,bpt6k785612p,,failed,0,0,,no_usable_pages,known,,,bpt6k785612p: no usable pages in manifest.,2026-07-17T16:58:10.217305
intransigeant,bpt6k7856132,,failed,0,0,,no_usable_pages,known,,,bpt6k7856132: no usable pages in manifest.,2026-07-17T16:58:10.457358
intransigeant,bpt6k785614f,,failed,0,0,,no_usable_pages,known,,,bpt6k785614f: no usable pages in manifest.,2026-07-17T16:58:10.745666
intransigeant,bpt6k785615t,,failed,0,0,,no_usable_pages,known,,,bpt6k785615t: no usable pages in manifest.,2026-07-17T16:58:10.956625
intransigeant,bpt6k7856166,,failed,0,0,,no_usable_pages,known,,,bpt6k7856166: no usable pages in manifest.,2026-07-17T16:58:11.159412
intransigeant,bpt6k785617k,,failed,0,0,,no_usable_pages,known,,,bpt6k785617k: no usable pages in manifest.,2026-07-17T16:58:11.437296
intransigeant,bpt6k785618z,,failed,0,0,,no_usable_pages,known,,,bpt6k785618z: no usable pages in manifest.,2026-07-17T16:58:11.688064
intransigeant,bpt6k785619b,,failed,0,0,,no_usable_pages,known,,,bpt6k785619b: no usable pages in manifest.,2026-07-17T16:58:11.881070
intransigeant,bpt6k7856208,,failed,0,0,,no_usable_pages,known,,,bpt6k7856208: no usable pages in manifest.,2026-07-17T16:58:12.073552
intransigeant,bpt6k785621n,,failed,0,0,,no_usable_pages,known,,,bpt6k785621n: no usable pages in manifest.,2026-07-17T16:58:12.292736
intransigeant,bpt6k7856221,,failed,0,0,,no_usable_pages,known,,,bpt6k7856221: no usable pages in manifest.,2026-07-17T16:58:12.624151
intransigeant,bpt6k785623d,,failed,0,0,,no_usable_pages,known,,,bpt6k785623d: no usable pages in manifest.,2026-07-17T16:58:12.923989
intransigeant,bpt6k785624s,,failed,0,0,,no_usable_pages,known,,,bpt6k785624s: no usable pages in manifest.,2026-07-17T16:58:13.276099
intransigeant,bpt6k7856255,,failed,0,0,,no_usable_pages,known,,,bpt6k7856255: no usable pages in manifest.,2026-07-17T16:58:13.595516
intransigeant,bpt6k785626j,,failed,0,0,,no_usable_pages,known,,,bpt6k785626j: no usable pages in manifest.,2026-07-17T16:58:13.783474
intransigeant,bpt6k785627x,,failed,0,0,,no_usable_pages,known,,,bpt6k785627x: no usable pages in manifest.,2026-07-17T16:58:14.077603
intransigeant,bpt6k7856289,,failed,0,0,,no_usable_pages,known,,,bpt6k7856289: no usable pages in manifest.,2026-07-17T16:58:14.256682
intransigeant,bpt6k785629p,,failed,0,0,,no_usable_pages,known,,,bpt6k785629p: no usable pages in manifest.,2026-07-17T16:58:14.485711
intransigeant,bpt6k785630m,,failed,0,0,,no_usable_pages,known,,,bpt6k785630m: no usable pages in manifest.,2026-07-17T16:58:14.897556
intransigeant,bpt6k7856310,,failed,0,0,,no_usable_pages,known,,,bpt6k7856310: no usable pages in manifest.,2026-07-17T16:58:15.173779
intransigeant,bpt6k785632c,,failed,0,0,,no_usable_pages,known,,,bpt6k785632c: no usable pages in manifest.,2026-07-17T16:58:15.367116
intransigeant,bpt6k785633r,,failed,0,0,,no_usable_pages,known,,,bpt6k785633r: no usable pages in manifest.,2026-07-17T16:58:15.625463
intransigeant,bpt6k7856344,,failed,0,0,,no_usable_pages,known,,,bpt6k7856344: no usable pages in manifest.,2026-07-17T16:58:15.983099
intransigeant,bpt6k785635h,,failed,0,0,,no_usable_pages,known,,,bpt6k785635h: no usable pages in manifest.,2026-07-17T16:58:16.210916
intransigeant,bpt6k785636w,,failed,0,0,,no_usable_pages,known,,,bpt6k785636w: no usable pages in manifest.,2026-07-17T16:58:16.467057
intransigeant,bpt6k7856378,,failed,0,0,,no_usable_pages,known,,,bpt6k7856378: no usable pages in manifest.,2026-07-17T16:58:16.648581
intransigeant,bpt6k785638n,,failed,0,0,,no_usable_pages,known,,,bpt6k785638n: no usable pages in manifest.,2026-07-17T16:58:16.957010
intransigeant,bpt6k7856391,,failed,0,0,,no_usable_pages,known,,,bpt6k7856391: no usable pages in manifest.,2026-07-17T16:58:17.164148
intransigeant,bpt6k785640z,,failed,0,0,,no_usable_pages,known,,,bpt6k785640z: no usable pages in manifest.,2026-07-17T16:58:17.449672
intransigeant,bpt6k785641b,,failed,0,0,,no_usable_pages,known,,,bpt6k785641b: no usable pages in manifest.,2026-07-17T16:58:17.673503
intransigeant,bpt6k785642q,,failed,0,0,,no_usable_pages,known,,,bpt6k785642q: no usable pages in manifest.,2026-07-17T16:58:17.875359
intransigeant,bpt6k7856433,,failed,0,0,,no_usable_pages,known,,,bpt6k7856433: no usable pages in manifest.,2026-07-17T16:58:18.174023
intransigeant,bpt6k785644g,,failed,0,0,,no_usable_pages,known,,,bpt6k785644g: no usable pages in manifest.,2026-07-17T16:58:18.483910
intransigeant,bpt6k785645v,,failed,0,0,,no_usable_pages,known,,,bpt6k785645v: no usable pages in manifest.,2026-07-17T16:58:18.700247
intransigeant,bpt6k7856467,,failed,0,0,,no_usable_pages,known,,,bpt6k7856467: no usable pages in manifest.,2026-07-17T16:58:18.994574
intransigeant,bpt6k785647m,,failed,0,0,,no_usable_pages,known,,,bpt6k785647m: no usable pages in manifest.,2026-07-17T16:58:19.339282
intransigeant,bpt6k7856480,,failed,0,0,,no_usable_pages,known,,,bpt6k7856480: no usable pages in manifest.,2026-07-17T16:58:19.559183
intransigeant,bpt6k785649c,,failed,0,0,,no_usable_pages,known,,,bpt6k785649c: no usable pages in manifest.,2026-07-17T16:58:19.737564
intransigeant,bpt6k7856509,,failed,0,0,,no_usable_pages,known,,,bpt6k7856509: no usable pages in manifest.,2026-07-17T16:58:19.918063
intransigeant,bpt6k785651p,,failed,0,0,,no_usable_pages,known,,,bpt6k785651p: no usable pages in manifest.,2026-07-17T16:58:20.110160
intransigeant,bpt6k7856522,,failed,0,0,,no_usable_pages,known,,,bpt6k7856522: no usable pages in manifest.,2026-07-17T16:58:20.342626
intransigeant,bpt6k785653f,,failed,0,0,,no_usable_pages,known,,,bpt6k785653f: no usable pages in manifest.,2026-07-17T16:58:20.536811
intransigeant,bpt6k785654t,,failed,0,0,,no_usable_pages,known,,,bpt6k785654t: no usable pages in manifest.,2026-07-17T16:58:20.752572
intransigeant,bpt6k7856556,,failed,0,0,,no_usable_pages,known,,,bpt6k7856556: no usable pages in manifest.,2026-07-17T16:58:20.978887
intransigeant,bpt6k785656k,,failed,0,0,,no_usable_pages,known,,,bpt6k785656k: no usable pages in manifest.,2026-07-17T16:58:21.207970
intransigeant,bpt6k785657z,,failed,0,0,,no_usable_pages,known,,,bpt6k785657z: no usable pages in manifest.,2026-07-17T16:58:21.504004
intransigeant,bpt6k785658b,,failed,0,0,,no_usable_pages,known,,,bpt6k785658b: no usable pages in manifest.,2026-07-17T16:58:21.786342
intransigeant,bpt6k785659q,,failed,0,0,,no_usable_pages,known,,,bpt6k785659q: no usable pages in manifest.,2026-07-17T16:58:22.018422
intransigeant,bpt6k785660n,,failed,0,0,,no_usable_pages,known,,,bpt6k785660n: no usable pages in manifest.,2026-07-17T16:58:22.195694
intransigeant,bpt6k7856611,,failed,0,0,,no_usable_pages,known,,,bpt6k7856611: no usable pages in manifest.,2026-07-17T16:58:22.388358
intransigeant,bpt6k785662d,,failed,0,0,,no_usable_pages,known,,,bpt6k785662d: no usable pages in manifest.,2026-07-17T16:58:22.644470
intransigeant,bpt6k785663s,,failed,0,0,,no_usable_pages,known,,,bpt6k785663s: no usable pages in manifest.,2026-07-17T16:58:22.888981
intransigeant,bpt6k7856645,,failed,0,0,,no_usable_pages,known,,,bpt6k7856645: no usable pages in manifest.,2026-07-17T16:58:23.083122
intransigeant,bpt6k785665j,,failed,0,0,,no_usable_pages,known,,,bpt6k785665j: no usable pages in manifest.,2026-07-17T16:58:23.229247
intransigeant,bpt6k785666x,,failed,0,0,,no_usable_pages,known,,,bpt6k785666x: no usable pages in manifest.,2026-07-17T16:58:23.409671
intransigeant,bpt6k7856679,,failed,0,0,,no_usable_pages,known,,,bpt6k7856679: no usable pages in manifest.,2026-07-17T16:58:23.680133
intransigeant,bpt6k7856692,,failed,0,0,,no_usable_pages,known,,,bpt6k7856692: no usable pages in manifest.,2026-07-17T16:58:23.869518
intransigeant,bpt6k785668p,,failed,0,0,,no_usable_pages,known,,,bpt6k785668p: no usable pages in manifest.,2026-07-17T16:58:24.130206
intransigeant,bpt6k7856700,,failed,0,0,,no_usable_pages,known,,,bpt6k7856700: no usable pages in manifest.,2026-07-17T16:58:24.541416
intransigeant,bpt6k785671c,,failed,0,0,,no_usable_pages,known,,,bpt6k785671c: no usable pages in manifest.,2026-07-17T16:58:24.824947
intransigeant,bpt6k785672r,,failed,0,0,,no_usable_pages,known,,,bpt6k785672r: no usable pages in manifest.,2026-07-17T16:58:24.989244
intransigeant,bpt6k7856734,,failed,0,0,,no_usable_pages,known,,,bpt6k7856734: no usable pages in manifest.,2026-07-17T16:58:25.217061
intransigeant,bpt6k785674h,,failed,0,0,,no_usable_pages,known,,,bpt6k785674h: no usable pages in manifest.,2026-07-17T16:58:25.337416
intransigeant,bpt6k785675w,,failed,0,0,,no_usable_pages,known,,,bpt6k785675w: no usable pages in manifest.,2026-07-17T16:58:25.562942
intransigeant,bpt6k7856768,,failed,0,0,,no_usable_pages,known,,,bpt6k7856768: no usable pages in manifest.,2026-07-17T16:58:25.874141
intransigeant,bpt6k785677n,,failed,0,0,,no_usable_pages,known,,,bpt6k785677n: no usable pages in manifest.,2026-07-17T16:58:26.081219
intransigeant,bpt6k7856781,,failed,0,0,,no_usable_pages,known,,,bpt6k7856781: no usable pages in manifest.,2026-07-17T16:58:26.327526
intransigeant,bpt6k785679d,,failed,0,0,,no_usable_pages,known,,,bpt6k785679d: no usable pages in manifest.,2026-07-17T16:58:26.500523
intransigeant,bpt6k785680b,,failed,0,0,,no_usable_pages,known,,,bpt6k785680b: no usable pages in manifest.,2026-07-17T16:58:26.744116
intransigeant,bpt6k785681q,,failed,0,0,,no_usable_pages,known,,,bpt6k785681q: no usable pages in manifest.,2026-07-17T16:58:27.178037
intransigeant,bpt6k7856823,,failed,0,0,,no_usable_pages,known,,,bpt6k7856823: no usable pages in manifest.,2026-07-17T16:58:27.434386
intransigeant,bpt6k785683g,,failed,0,0,,no_usable_pages,known,,,bpt6k785683g: no usable pages in manifest.,2026-07-17T16:58:27.602524
intransigeant,bpt6k785684v,,failed,0,0,,no_usable_pages,known,,,bpt6k785684v: no usable pages in manifest.,2026-07-17T16:58:27.798385
intransigeant,bpt6k7856857,,failed,0,0,,no_usable_pages,known,,,bpt6k7856857: no usable pages in manifest.,2026-07-17T16:58:28.017932
intransigeant,bpt6k785686m,,failed,0,0,,no_usable_pages,known,,,bpt6k785686m: no usable pages in manifest.,2026-07-17T16:58:28.231858
intransigeant,bpt6k7856870,,failed,0,0,,no_usable_pages,known,,,bpt6k7856870: no usable pages in manifest.,2026-07-17T16:58:28.454708
intransigeant,bpt6k785688c,,failed,0,0,,no_usable_pages,known,,,bpt6k785688c: no usable pages in manifest.,2026-07-17T16:58:28.607254
intransigeant,bpt6k785689r,,failed,0,0,,no_usable_pages,known,,,bpt6k785689r: no usable pages in manifest.,2026-07-17T16:58:28.816956
intransigeant,bpt6k785690p,,failed,0,0,,no_usable_pages,known,,,bpt6k785690p: no usable pages in manifest.,2026-07-17T16:58:29.137804
intransigeant,bpt6k7856912,,failed,0,0,,no_usable_pages,known,,,bpt6k7856912: no usable pages in manifest.,2026-07-17T16:58:29.472201
intransigeant,bpt6k785692f,,failed,0,0,,no_usable_pages,known,,,bpt6k785692f: no usable pages in manifest.,2026-07-17T16:58:29.843039
intransigeant,bpt6k785693t,,failed,0,0,,no_usable_pages,known,,,bpt6k785693t: no usable pages in manifest.,2026-07-17T16:58:30.028909
intransigeant,bpt6k7856946,,failed,0,0,,no_usable_pages,known,,,bpt6k7856946: no usable pages in manifest.,2026-07-17T16:58:30.248566
intransigeant,bpt6k785695k,,failed,0,0,,no_usable_pages,known,,,bpt6k785695k: no usable pages in manifest.,2026-07-17T16:58:30.450287
intransigeant,bpt6k785696z,,failed,0,0,,no_usable_pages,known,,,bpt6k785696z: no usable pages in manifest.,2026-07-17T16:58:30.650245
intransigeant,bpt6k785697b,,failed,0,0,,no_usable_pages,known,,,bpt6k785697b: no usable pages in manifest.,2026-07-17T16:58:30.880809
intransigeant,bpt6k785698q,,failed,0,0,,no_usable_pages,known,,,bpt6k785698q: no usable pages in manifest.,2026-07-17T16:58:31.078256
intransigeant,bpt6k7856993,,failed,0,0,,no_usable_pages,known,,,bpt6k7856993: no usable pages in manifest.,2026-07-17T16:58:31.253411
intransigeant,bpt6k785700w,,failed,0,0,,no_usable_pages,known,,,bpt6k785700w: no usable pages in manifest.,2026-07-17T16:58:31.457263
intransigeant,bpt6k7857018,,failed,0,0,,no_usable_pages,known,,,bpt6k7857018: no usable pages in manifest.,2026-07-17T16:58:31.627754
intransigeant,bpt6k785702n,,failed,0,0,,no_usable_pages,known,,,bpt6k785702n: no usable pages in manifest.,2026-07-17T16:58:31.895456
intransigeant,bpt6k7857031,,failed,0,0,,no_usable_pages,known,,,bpt6k7857031: no usable pages in manifest.,2026-07-17T16:58:32.102565
intransigeant,bpt6k785704d,,failed,0,0,,no_usable_pages,known,,,bpt6k785704d: no usable pages in manifest.,2026-07-17T16:58:32.257200
intransigeant,bpt6k785705s,,failed,0,0,,no_usable_pages,known,,,bpt6k785705s: no usable pages in manifest.,2026-07-17T16:58:32.526525
intransigeant,bpt6k7857065,,failed,0,0,,no_usable_pages,known,,,bpt6k7857065: no usable pages in manifest.,2026-07-17T16:58:32.748027
intransigeant,bpt6k785707j,,failed,0,0,,no_usable_pages,known,,,bpt6k785707j: no usable pages in manifest.,2026-07-17T16:58:32.965247
intransigeant,bpt6k785708x,,failed,0,0,,no_usable_pages,known,,,bpt6k785708x: no usable pages in manifest.,2026-07-17T16:58:33.105899
intransigeant,bpt6k7857099,,failed,0,0,,no_usable_pages,known,,,bpt6k7857099: no usable pages in manifest.,2026-07-17T16:58:33.331580
intransigeant,bpt6k7857107,,failed,0,0,,no_usable_pages,known,,,bpt6k7857107: no usable pages in manifest.,2026-07-17T16:58:33.602062
intransigeant,bpt6k785711m,,failed,0,0,,no_usable_pages,known,,,bpt6k785711m: no usable pages in manifest.,2026-07-17T16:58:33.813644
intransigeant,bpt6k7857120,,failed,0,0,,no_usable_pages,known,,,bpt6k7857120: no usable pages in manifest.,2026-07-17T16:58:34.084668
intransigeant,bpt6k785713c,,failed,0,0,,no_usable_pages,known,,,bpt6k785713c: no usable pages in manifest.,2026-07-17T16:58:34.213934
intransigeant,bpt6k785714r,,failed,0,0,,no_usable_pages,known,,,bpt6k785714r: no usable pages in manifest.,2026-07-17T16:58:34.381135
intransigeant,bpt6k7857154,,failed,0,0,,no_usable_pages,known,,,bpt6k7857154: no usable pages in manifest.,2026-07-17T16:58:34.678865
intransigeant,bpt6k785716h,,failed,0,0,,no_usable_pages,known,,,bpt6k785716h: no usable pages in manifest.,2026-07-17T16:58:34.900720
intransigeant,bpt6k785717w,,failed,0,0,,no_usable_pages,known,,,bpt6k785717w: no usable pages in manifest.,2026-07-17T16:58:35.314308
intransigeant,bpt6k7857188,,failed,0,0,,no_usable_pages,known,,,bpt6k7857188: no usable pages in manifest.,2026-07-17T16:58:35.702251
intransigeant,bpt6k785719n,,failed,0,0,,no_usable_pages,known,,,bpt6k785719n: no usable pages in manifest.,2026-07-17T16:58:35.971710
intransigeant,bpt6k785720k,,failed,0,0,,no_usable_pages,known,,,bpt6k785720k: no usable pages in manifest.,2026-07-17T16:58:36.175945
intransigeant,bpt6k785721z,,failed,0,0,,no_usable_pages,known,,,bpt6k785721z: no usable pages in manifest.,2026-07-17T16:58:36.361617
intransigeant,bpt6k785722b,,failed,0,0,,no_usable_pages,known,,,bpt6k785722b: no usable pages in manifest.,2026-07-17T16:58:36.534931
intransigeant,bpt6k785723q,,failed,0,0,,no_usable_pages,known,,,bpt6k785723q: no usable pages in manifest.,2026-07-17T16:58:36.852312
intransigeant,bpt6k7857243,,failed,0,0,,no_usable_pages,known,,,bpt6k7857243: no usable pages in manifest.,2026-07-17T16:58:37.091105
intransigeant,bpt6k785725g,,failed,0,0,,no_usable_pages,known,,,bpt6k785725g: no usable pages in manifest.,2026-07-17T16:58:37.295968
intransigeant,bpt6k785726v,,failed,0,0,,no_usable_pages,known,,,bpt6k785726v: no usable pages in manifest.,2026-07-17T16:58:37.441688
intransigeant,bpt6k7857277,,failed,0,0,,no_usable_pages,known,,,bpt6k7857277: no usable pages in manifest.,2026-07-17T16:58:37.601260
intransigeant,bpt6k785728m,,failed,0,0,,no_usable_pages,known,,,bpt6k785728m: no usable pages in manifest.,2026-07-17T16:58:37.810146
intransigeant,bpt6k7857290,,failed,0,0,,no_usable_pages,known,,,bpt6k7857290: no usable pages in manifest.,2026-07-17T16:58:38.001255
intransigeant,bpt6k785730x,,failed,0,0,,no_usable_pages,known,,,bpt6k785730x: no usable pages in manifest.,2026-07-17T16:58:38.178935
intransigeant,bpt6k7857319,,failed,0,0,,no_usable_pages,known,,,bpt6k7857319: no usable pages in manifest.,2026-07-17T16:58:38.390672
intransigeant,bpt6k785732p,,failed,0,0,,no_usable_pages,known,,,bpt6k785732p: no usable pages in manifest.,2026-07-17T16:58:38.531548
intransigeant,bpt6k7857332,,failed,0,0,,no_usable_pages,known,,,bpt6k7857332: no usable pages in manifest.,2026-07-17T16:58:38.700225
intransigeant,bpt6k785734f,,failed,0,0,,no_usable_pages,known,,,bpt6k785734f: no usable pages in manifest.,2026-07-17T16:58:38.879591
intransigeant,bpt6k785735t,,failed,0,0,,no_usable_pages,known,,,bpt6k785735t: no usable pages in manifest.,2026-07-17T16:58:39.069298
intransigeant,bpt6k7857366,,failed,0,0,,no_usable_pages,known,,,bpt6k7857366: no usable pages in manifest.,2026-07-17T16:58:39.228349
intransigeant,bpt6k785737k,,failed,0,0,,no_usable_pages,known,,,bpt6k785737k: no usable pages in manifest.,2026-07-17T16:58:39.471021
intransigeant,bpt6k785738z,,failed,0,0,,no_usable_pages,known,,,bpt6k785738z: no usable pages in manifest.,2026-07-17T16:58:39.741964
intransigeant,bpt6k785739b,,failed,0,0,,no_usable_pages,known,,,bpt6k785739b: no usable pages in manifest.,2026-07-17T16:58:39.949229
intransigeant,bpt6k7857408,,failed,0,0,,no_usable_pages,known,,,bpt6k7857408: no usable pages in manifest.,2026-07-17T16:58:40.192300
intransigeant,bpt6k785741n,,failed,0,0,,no_usable_pages,known,,,bpt6k785741n: no usable pages in manifest.,2026-07-17T16:58:40.422722
intransigeant,bpt6k7857421,,failed,0,0,,no_usable_pages,known,,,bpt6k7857421: no usable pages in manifest.,2026-07-17T16:58:40.853814
intransigeant,bpt6k785743d,,failed,0,0,,no_usable_pages,known,,,bpt6k785743d: no usable pages in manifest.,2026-07-17T16:58:41.093210
intransigeant,bpt6k785744s,,failed,0,0,,no_usable_pages,known,,,bpt6k785744s: no usable pages in manifest.,2026-07-17T16:58:41.340920
intransigeant,bpt6k7857455,,failed,0,0,,no_usable_pages,known,,,bpt6k7857455: no usable pages in manifest.,2026-07-17T16:58:41.560210
intransigeant,bpt6k785746j,,failed,0,0,,no_usable_pages,known,,,bpt6k785746j: no usable pages in manifest.,2026-07-17T16:58:41.776299
intransigeant,bpt6k785747x,,failed,0,0,,no_usable_pages,known,,,bpt6k785747x: no usable pages in manifest.,2026-07-17T16:58:41.926511
intransigeant,bpt6k7857489,,failed,0,0,,no_usable_pages,known,,,bpt6k7857489: no usable pages in manifest.,2026-07-17T16:58:42.090338
intransigeant,bpt6k785749p,,failed,0,0,,no_usable_pages,known,,,bpt6k785749p: no usable pages in manifest.,2026-07-17T16:58:42.264832
intransigeant,bpt6k785750m,,failed,0,0,,no_usable_pages,known,,,bpt6k785750m: no usable pages in manifest.,2026-07-17T16:58:42.511394
intransigeant,bpt6k7857510,,failed,0,0,,no_usable_pages,known,,,bpt6k7857510: no usable pages in manifest.,2026-07-17T16:58:42.749888
intransigeant,bpt6k785752c,,failed,0,0,,no_usable_pages,known,,,bpt6k785752c: no usable pages in manifest.,2026-07-17T16:58:42.958280
intransigeant,bpt6k785753r,,failed,0,0,,no_usable_pages,known,,,bpt6k785753r: no usable pages in manifest.,2026-07-17T16:58:43.140955
intransigeant,bpt6k7857544,,failed,0,0,,no_usable_pages,known,,,bpt6k7857544: no usable pages in manifest.,2026-07-17T16:58:43.283562
intransigeant,bpt6k785756w,,failed,0,0,,no_usable_pages,known,,,bpt6k785756w: no usable pages in manifest.,2026-07-17T16:58:43.475600
intransigeant,bpt6k785755h,,failed,0,0,,no_usable_pages,known,,,bpt6k785755h: no usable pages in manifest.,2026-07-17T16:58:43.707302
intransigeant,bpt6k7857578,,failed,0,0,,no_usable_pages,known,,,bpt6k7857578: no usable pages in manifest.,2026-07-17T16:58:43.932026
intransigeant,bpt6k785758n,,failed,0,0,,no_usable_pages,known,,,bpt6k785758n: no usable pages in manifest.,2026-07-17T16:58:44.089514
intransigeant,bpt6k7857591,,failed,0,0,,no_usable_pages,known,,,bpt6k7857591: no usable pages in manifest.,2026-07-17T16:58:44.317705
intransigeant,bpt6k785760z,,failed,0,0,,no_usable_pages,known,,,bpt6k785760z: no usable pages in manifest.,2026-07-17T16:58:44.475956
intransigeant,bpt6k785761b,,failed,0,0,,no_usable_pages,known,,,bpt6k785761b: no usable pages in manifest.,2026-07-17T16:58:44.800870
intransigeant,bpt6k7857633,,failed,0,0,,no_usable_pages,known,,,bpt6k7857633: no usable pages in manifest.,2026-07-17T16:58:45.015406
intransigeant,bpt6k785764g,,failed,0,0,,no_usable_pages,known,,,bpt6k785764g: no usable pages in manifest.,2026-07-17T16:58:45.184429
intransigeant,bpt6k785762q,,failed,0,0,,no_usable_pages,known,,,bpt6k785762q: no usable pages in manifest.,2026-07-17T16:58:45.378333
intransigeant,bpt6k785765v,,failed,0,0,,no_usable_pages,known,,,bpt6k785765v: no usable pages in manifest.,2026-07-17T16:58:45.658587
intransigeant,bpt6k7857667,,failed,0,0,,no_usable_pages,known,,,bpt6k7857667: no usable pages in manifest.,2026-07-17T16:58:46.137691
intransigeant,bpt6k7857680,,failed,0,0,,no_usable_pages,known,,,bpt6k7857680: no usable pages in manifest.,2026-07-17T16:58:46.583909
intransigeant,bpt6k785767m,,failed,0,0,,no_usable_pages,known,,,bpt6k785767m: no usable pages in manifest.,2026-07-17T16:58:47.030341
intransigeant,bpt6k7857709,,failed,0,0,,no_usable_pages,known,,,bpt6k7857709: no usable pages in manifest.,2026-07-17T16:58:47.286968
intransigeant,bpt6k785769c,,failed,0,0,,no_usable_pages,known,,,bpt6k785769c: no usable pages in manifest.,2026-07-17T16:58:47.550583
intransigeant,bpt6k785771p,,failed,0,0,,no_usable_pages,known,,,bpt6k785771p: no usable pages in manifest.,2026-07-17T16:58:47.777659
intransigeant,bpt6k7857722,,failed,0,0,,no_usable_pages,known,,,bpt6k7857722: no usable pages in manifest.,2026-07-17T16:58:48.056988
intransigeant,bpt6k785773f,,failed,0,0,,no_usable_pages,known,,,bpt6k785773f: no usable pages in manifest.,2026-07-17T16:58:48.340184
intransigeant,bpt6k785774t,,failed,0,0,,no_usable_pages,known,,,bpt6k785774t: no usable pages in manifest.,2026-07-17T16:58:48.552182
intransigeant,bpt6k7857756,,failed,0,0,,no_usable_pages,known,,,bpt6k7857756: no usable pages in manifest.,2026-07-17T16:58:48.775054
intransigeant,bpt6k785776k,,failed,0,0,,no_usable_pages,known,,,bpt6k785776k: no usable pages in manifest.,2026-07-17T16:58:48.973715
intransigeant,bpt6k785777z,,failed,0,0,,no_usable_pages,known,,,bpt6k785777z: no usable pages in manifest.,2026-07-17T16:58:49.336489
intransigeant,bpt6k785778b,,failed,0,0,,no_usable_pages,known,,,bpt6k785778b: no usable pages in manifest.,2026-07-17T16:58:49.578704
intransigeant,bpt6k785779q,,failed,0,0,,no_usable_pages,known,,,bpt6k785779q: no usable pages in manifest.,2026-07-17T16:58:49.788751
intransigeant,bpt6k785780n,,failed,0,0,,no_usable_pages,known,,,bpt6k785780n: no usable pages in manifest.,2026-07-17T16:58:49.982549
intransigeant,bpt6k7857811,,failed,0,0,,no_usable_pages,known,,,bpt6k7857811: no usable pages in manifest.,2026-07-17T16:58:50.223274
intransigeant,bpt6k785782d,,failed,0,0,,no_usable_pages,known,,,bpt6k785782d: no usable pages in manifest.,2026-07-17T16:58:50.554105
intransigeant,bpt6k785783s,,failed,0,0,,no_usable_pages,known,,,bpt6k785783s: no usable pages in manifest.,2026-07-17T16:58:50.896663
intransigeant,bpt6k7857845,,failed,0,0,,no_usable_pages,known,,,bpt6k7857845: no usable pages in manifest.,2026-07-17T16:58:51.196988
intransigeant,bpt6k785785j,,failed,0,0,,no_usable_pages,known,,,bpt6k785785j: no usable pages in manifest.,2026-07-17T16:58:51.416642
intransigeant,bpt6k785786x,,failed,0,0,,no_usable_pages,known,,,bpt6k785786x: no usable pages in manifest.,2026-07-17T16:58:51.832091
intransigeant,bpt6k7857879,,failed,0,0,,no_usable_pages,known,,,bpt6k7857879: no usable pages in manifest.,2026-07-17T16:58:52.372341
intransigeant,bpt6k785788p,,failed,0,0,,no_usable_pages,known,,,bpt6k785788p: no usable pages in manifest.,2026-07-17T16:58:52.691608
intransigeant,bpt6k7857892,,failed,0,0,,no_usable_pages,known,,,bpt6k7857892: no usable pages in manifest.,2026-07-17T16:58:52.912694
intransigeant,bpt6k7857900,,failed,0,0,,no_usable_pages,known,,,bpt6k7857900: no usable pages in manifest.,2026-07-17T16:58:53.159734
intransigeant,bpt6k785791c,,failed,0,0,,no_usable_pages,known,,,bpt6k785791c: no usable pages in manifest.,2026-07-17T16:58:53.395872
intransigeant,bpt6k785792r,,failed,0,0,,no_usable_pages,known,,,bpt6k785792r: no usable pages in manifest.,2026-07-17T16:58:53.604758
intransigeant,bpt6k7857934,,failed,0,0,,no_usable_pages,known,,,bpt6k7857934: no usable pages in manifest.,2026-07-17T16:58:53.863768
intransigeant,bpt6k785794h,,failed,0,0,,no_usable_pages,known,,,bpt6k785794h: no usable pages in manifest.,2026-07-17T16:58:54.074574
intransigeant,bpt6k785795w,,failed,0,0,,no_usable_pages,known,,,bpt6k785795w: no usable pages in manifest.,2026-07-17T16:58:54.254608
intransigeant,bpt6k7857968,,failed,0,0,,no_usable_pages,known,,,bpt6k7857968: no usable pages in manifest.,2026-07-17T16:58:54.497462
intransigeant,bpt6k785797n,,failed,0,0,,no_usable_pages,known,,,bpt6k785797n: no usable pages in manifest.,2026-07-17T16:58:54.723944
intransigeant,bpt6k7857981,,failed,0,0,,no_usable_pages,known,,,bpt6k7857981: no usable pages in manifest.,2026-07-17T16:58:54.934921
intransigeant,bpt6k785799d,,failed,0,0,,no_usable_pages,known,,,bpt6k785799d: no usable pages in manifest.,2026-07-17T16:58:55.127345
intransigeant,bpt6k7858006,,failed,0,0,,no_usable_pages,known,,,bpt6k7858006: no usable pages in manifest.,2026-07-17T16:58:55.375379
intransigeant,bpt6k785801k,,failed,0,0,,no_usable_pages,known,,,bpt6k785801k: no usable pages in manifest.,2026-07-17T16:58:55.634610
intransigeant,bpt6k785802z,,failed,0,0,,no_usable_pages,known,,,bpt6k785802z: no usable pages in manifest.,2026-07-17T16:58:55.882717
intransigeant,bpt6k785803b,,failed,0,0,,no_usable_pages,known,,,bpt6k785803b: no usable pages in manifest.,2026-07-17T16:58:56.158728
intransigeant,bpt6k785804q,,failed,0,0,,no_usable_pages,known,,,bpt6k785804q: no usable pages in manifest.,2026-07-17T16:58:56.360142
intransigeant,bpt6k7858053,,failed,0,0,,no_usable_pages,known,,,bpt6k7858053: no usable pages in manifest.,2026-07-17T16:58:56.591773
intransigeant,bpt6k785806g,,failed,0,0,,no_usable_pages,known,,,bpt6k785806g: no usable pages in manifest.,2026-07-17T16:58:56.823973
intransigeant,bpt6k785807v,,failed,0,0,,no_usable_pages,known,,,bpt6k785807v: no usable pages in manifest.,2026-07-17T16:58:57.158606
intransigeant,bpt6k7858087,,failed,0,0,,no_usable_pages,known,,,bpt6k7858087: no usable pages in manifest.,2026-07-17T16:58:57.389386
intransigeant,bpt6k785809m,,failed,0,0,,no_usable_pages,known,,,bpt6k785809m: no usable pages in manifest.,2026-07-17T16:58:57.938167
intransigeant,bpt6k785810j,,failed,0,0,,no_usable_pages,known,,,bpt6k785810j: no usable pages in manifest.,2026-07-17T16:58:58.237828
intransigeant,bpt6k785811x,,failed,0,0,,no_usable_pages,known,,,bpt6k785811x: no usable pages in manifest.,2026-07-17T16:58:58.473175
intransigeant,bpt6k7858129,,failed,0,0,,no_usable_pages,known,,,bpt6k7858129: no usable pages in manifest.,2026-07-17T16:58:58.696301
intransigeant,bpt6k785813p,,failed,0,0,,no_usable_pages,known,,,bpt6k785813p: no usable pages in manifest.,2026-07-17T16:58:58.943095
intransigeant,bpt6k7858142,,failed,0,0,,no_usable_pages,known,,,bpt6k7858142: no usable pages in manifest.,2026-07-17T16:58:59.115630
intransigeant,bpt6k785815f,,failed,0,0,,no_usable_pages,known,,,bpt6k785815f: no usable pages in manifest.,2026-07-17T16:58:59.397906
intransigeant,bpt6k785816t,,failed,0,0,,no_usable_pages,known,,,bpt6k785816t: no usable pages in manifest.,2026-07-17T16:58:59.655563
intransigeant,bpt6k7858176,,failed,0,0,,no_usable_pages,known,,,bpt6k7858176: no usable pages in manifest.,2026-07-17T16:58:59.864391
intransigeant,bpt6k785818k,,failed,0,0,,no_usable_pages,known,,,bpt6k785818k: no usable pages in manifest.,2026-07-17T16:59:00.148880
intransigeant,bpt6k785819z,,failed,0,0,,no_usable_pages,known,,,bpt6k785819z: no usable pages in manifest.,2026-07-17T16:59:00.442305
intransigeant,bpt6k785820w,,failed,0,0,,no_usable_pages,known,,,bpt6k785820w: no usable pages in manifest.,2026-07-17T16:59:00.657892
intransigeant,bpt6k7858218,,failed,0,0,,no_usable_pages,known,,,bpt6k7858218: no usable pages in manifest.,2026-07-17T16:59:00.819301
intransigeant,bpt6k785822n,,failed,0,0,,no_usable_pages,known,,,bpt6k785822n: no usable pages in manifest.,2026-07-17T16:59:01.017576
intransigeant,bpt6k7858231,,failed,0,0,,no_usable_pages,known,,,bpt6k7858231: no usable pages in manifest.,2026-07-17T16:59:01.264577
intransigeant,bpt6k785824d,,failed,0,0,,no_usable_pages,known,,,bpt6k785824d: no usable pages in manifest.,2026-07-17T16:59:01.609110
intransigeant,bpt6k785825s,,failed,0,0,,no_usable_pages,known,,,bpt6k785825s: no usable pages in manifest.,2026-07-17T16:59:01.814632
intransigeant,bpt6k7858265,,failed,0,0,,no_usable_pages,known,,,bpt6k7858265: no usable pages in manifest.,2026-07-17T16:59:02.054335
intransigeant,bpt6k785827j,,failed,0,0,,no_usable_pages,known,,,bpt6k785827j: no usable pages in manifest.,2026-07-17T16:59:02.278994
intransigeant,bpt6k785828x,,failed,0,0,,no_usable_pages,known,,,bpt6k785828x: no usable pages in manifest.,2026-07-17T16:59:02.436807
intransigeant,bpt6k7858299,,failed,0,0,,no_usable_pages,known,,,bpt6k7858299: no usable pages in manifest.,2026-07-17T16:59:02.711854
intransigeant,bpt6k7858307,,failed,0,0,,no_usable_pages,known,,,bpt6k7858307: no usable pages in manifest.,2026-07-17T16:59:03.072673
intransigeant,bpt6k785831m,,failed,0,0,,no_usable_pages,known,,,bpt6k785831m: no usable pages in manifest.,2026-07-17T16:59:03.719351
intransigeant,bpt6k7858320,,failed,0,0,,no_usable_pages,known,,,bpt6k7858320: no usable pages in manifest.,2026-07-17T16:59:03.882363
intransigeant,bpt6k785833c,,failed,0,0,,no_usable_pages,known,,,bpt6k785833c: no usable pages in manifest.,2026-07-17T16:59:04.047126
intransigeant,bpt6k785834r,,failed,0,0,,no_usable_pages,known,,,bpt6k785834r: no usable pages in manifest.,2026-07-17T16:59:04.239816
intransigeant,bpt6k785836h,,failed,0,0,,no_usable_pages,known,,,bpt6k785836h: no usable pages in manifest.,2026-07-17T16:59:04.417384
intransigeant,bpt6k7858354,,failed,0,0,,no_usable_pages,known,,,bpt6k7858354: no usable pages in manifest.,2026-07-17T16:59:04.671531
intransigeant,bpt6k785837w,,failed,0,0,,no_usable_pages,known,,,bpt6k785837w: no usable pages in manifest.,2026-07-17T16:59:04.938613
intransigeant,bpt6k7858388,,failed,0,0,,no_usable_pages,known,,,bpt6k7858388: no usable pages in manifest.,2026-07-17T16:59:05.149154
intransigeant,bpt6k785839n,,failed,0,0,,no_usable_pages,known,,,bpt6k785839n: no usable pages in manifest.,2026-07-17T16:59:05.327184
intransigeant,bpt6k785840k,,failed,0,0,,no_usable_pages,known,,,bpt6k785840k: no usable pages in manifest.,2026-07-17T16:59:05.560174
intransigeant,bpt6k785841z,,failed,0,0,,no_usable_pages,known,,,bpt6k785841z: no usable pages in manifest.,2026-07-17T16:59:05.713661
intransigeant,bpt6k785842b,,failed,0,0,,no_usable_pages,known,,,bpt6k785842b: no usable pages in manifest.,2026-07-17T16:59:06.117246
intransigeant,bpt6k785843q,,failed,0,0,,no_usable_pages,known,,,bpt6k785843q: no usable pages in manifest.,2026-07-17T16:59:06.291852
intransigeant,bpt6k7858443,,failed,0,0,,no_usable_pages,known,,,bpt6k7858443: no usable pages in manifest.,2026-07-17T16:59:06.450060
intransigeant,bpt6k785845g,,failed,0,0,,no_usable_pages,known,,,bpt6k785845g: no usable pages in manifest.,2026-07-17T16:59:06.697457
intransigeant,bpt6k785846v,,failed,0,0,,no_usable_pages,known,,,bpt6k785846v: no usable pages in manifest.,2026-07-17T16:59:06.892881
intransigeant,bpt6k7858477,,failed,0,0,,no_usable_pages,known,,,bpt6k7858477: no usable pages in manifest.,2026-07-17T16:59:07.148036
intransigeant,bpt6k785848m,,failed,0,0,,no_usable_pages,known,,,bpt6k785848m: no usable pages in manifest.,2026-07-17T16:59:07.367107
intransigeant,bpt6k7859855,,failed,0,0,,no_usable_pages,known,,,bpt6k7859855: no usable pages in manifest.,2026-07-17T16:59:07.570173
intransigeant,bpt6k786076p,,failed,0,0,,no_usable_pages,known,,,bpt6k786076p: no usable pages in manifest.,2026-07-17T16:59:07.759678
intransigeant,bpt6k7860772,,failed,0,0,,no_usable_pages,known,,,bpt6k7860772: no usable pages in manifest.,2026-07-17T16:59:07.933890
intransigeant,bpt6k786079t,,failed,0,0,,no_usable_pages,known,,,bpt6k786079t: no usable pages in manifest.,2026-07-17T16:59:08.516657
intransigeant,bpt6k7860814,,failed,0,0,,no_usable_pages,known,,,bpt6k7860814: no usable pages in manifest.,2026-07-17T16:59:08.854836
intransigeant,bpt6k786083w,,failed,0,0,,no_usable_pages,known,,,bpt6k786083w: no usable pages in manifest.,2026-07-17T16:59:09.088161
intransigeant,bpt6k787567j,,failed,0,0,,no_usable_pages,known,,,bpt6k787567j: no usable pages in manifest.,2026-07-17T16:59:09.431772
intransigeant,bpt6k790150m,,failed,0,0,,no_usable_pages,known,,,bpt6k790150m: no usable pages in manifest.,2026-07-17T16:59:09.643033
intransigeant,bpt6k7908740,,failed,0,0,,no_usable_pages,known,,,bpt6k7908740: no usable pages in manifest.,2026-07-17T16:59:09.831286
intransigeant,bpt6k7922273,,failed,0,0,,no_usable_pages,known,,,bpt6k7922273: no usable pages in manifest.,2026-07-17T16:59:10.037326
intransigeant,bpt6k792691g,,failed,0,0,,no_usable_pages,known,,,bpt6k792691g: no usable pages in manifest.,2026-07-17T16:59:10.220755
intransigeant,bpt6k793710x,,failed,0,0,,no_usable_pages,known,,,bpt6k793710x: no usable pages in manifest.,2026-07-17T16:59:10.601308
intransigeant,bpt6k793753f,,failed,0,0,,no_usable_pages,known,,,bpt6k793753f: no usable pages in manifest.,2026-07-17T16:59:10.816454
intransigeant,bpt6k793795k,,failed,0,0,,no_usable_pages,known,,,bpt6k793795k: no usable pages in manifest.,2026-07-17T16:59:11.064675
intransigeant,bpt6k7938099,,failed,0,0,,no_usable_pages,known,,,bpt6k7938099: no usable pages in manifest.,2026-07-17T16:59:11.269150
intransigeant,bpt6k793837k,,failed,0,0,,no_usable_pages,known,,,bpt6k793837k: no usable pages in manifest.,2026-07-17T16:59:11.579771
intransigeant,bpt6k793858n,,failed,0,0,,no_usable_pages,known,,,bpt6k793858n: no usable pages in manifest.,2026-07-17T16:59:11.766903
intransigeant,bpt6k7938591,,failed,0,0,,no_usable_pages,known,,,bpt6k7938591: no usable pages in manifest.,2026-07-17T16:59:11.916858
intransigeant,bpt6k793860z,,failed,0,0,,no_usable_pages,known,,,bpt6k793860z: no usable pages in manifest.,2026-07-17T16:59:12.120658
intransigeant,bpt6k793861b,,failed,0,0,,no_usable_pages,known,,,bpt6k793861b: no usable pages in manifest.,2026-07-17T16:59:12.377246
intransigeant,bpt6k793862q,,failed,0,0,,no_usable_pages,known,,,bpt6k793862q: no usable pages in manifest.,2026-07-17T16:59:12.694000
intransigeant,bpt6k7938633,,failed,0,0,,no_usable_pages,known,,,bpt6k7938633: no usable pages in manifest.,2026-07-17T16:59:12.893663
intransigeant,bpt6k793864g,,failed,0,0,,no_usable_pages,known,,,bpt6k793864g: no usable pages in manifest.,2026-07-17T16:59:13.085835
intransigeant,bpt6k793865v,,failed,0,0,,no_usable_pages,known,,,bpt6k793865v: no usable pages in manifest.,2026-07-17T16:59:13.249487
intransigeant,bpt6k793867m,,failed,0,0,,no_usable_pages,known,,,bpt6k793867m: no usable pages in manifest.,2026-07-17T16:59:13.400547
intransigeant,bpt6k7938680,,failed,0,0,,no_usable_pages,known,,,bpt6k7938680: no usable pages in manifest.,2026-07-17T16:59:13.574343
intransigeant,bpt6k793869c,,failed,0,0,,no_usable_pages,known,,,bpt6k793869c: no usable pages in manifest.,2026-07-17T16:59:13.947768
intransigeant,bpt6k7938709,,failed,0,0,,no_usable_pages,known,,,bpt6k7938709: no usable pages in manifest.,2026-07-17T16:59:14.317804
intransigeant,bpt6k793871p,,failed,0,0,,no_usable_pages,known,,,bpt6k793871p: no usable pages in manifest.,2026-07-17T16:59:14.752305
intransigeant,bpt6k7938722,,failed,0,0,,no_usable_pages,known,,,bpt6k7938722: no usable pages in manifest.,2026-07-17T16:59:15.075296
intransigeant,bpt6k793873f,,failed,0,0,,no_usable_pages,known,,,bpt6k793873f: no usable pages in manifest.,2026-07-17T16:59:15.270908
intransigeant,bpt6k7938756,,failed,0,0,,no_usable_pages,known,,,bpt6k7938756: no usable pages in manifest.,2026-07-17T16:59:15.484352
intransigeant,bpt6k793876k,,failed,0,0,,no_usable_pages,known,,,bpt6k793876k: no usable pages in manifest.,2026-07-17T16:59:15.729008
intransigeant,bpt6k793877z,,failed,0,0,,no_usable_pages,known,,,bpt6k793877z: no usable pages in manifest.,2026-07-17T16:59:15.916260
intransigeant,bpt6k793966j,,failed,0,0,,no_usable_pages,known,,,bpt6k793966j: no usable pages in manifest.,2026-07-17T16:59:16.233215
intransigeant,bpt6k794575j,,failed,0,0,,no_usable_pages,known,,,bpt6k794575j: no usable pages in manifest.,2026-07-17T16:59:16.466057
intransigeant,bpt6k794576x,,failed,0,0,,no_usable_pages,known,,,bpt6k794576x: no usable pages in manifest.,2026-07-17T16:59:16.665094
intransigeant,bpt6k794578p,,failed,0,0,,no_usable_pages,known,,,bpt6k794578p: no usable pages in manifest.,2026-07-17T16:59:16.862595
intransigeant,bpt6k7945792,,failed,0,0,,no_usable_pages,known,,,bpt6k7945792: no usable pages in manifest.,2026-07-17T16:59:17.064717
intransigeant,bpt6k7945800,,failed,0,0,,no_usable_pages,known,,,bpt6k7945800: no usable pages in manifest.,2026-07-17T16:59:17.427960
intransigeant,bpt6k794581c,,failed,0,0,,no_usable_pages,known,,,bpt6k794581c: no usable pages in manifest.,2026-07-17T16:59:17.718483
intransigeant,bpt6k794582r,,failed,0,0,,no_usable_pages,known,,,bpt6k794582r: no usable pages in manifest.,2026-07-17T16:59:17.888300
intransigeant,bpt6k7945834,,failed,0,0,,no_usable_pages,known,,,bpt6k7945834: no usable pages in manifest.,2026-07-17T16:59:18.087552
intransigeant,bpt6k794584h,,failed,0,0,,no_usable_pages,known,,,bpt6k794584h: no usable pages in manifest.,2026-07-17T16:59:18.309155
intransigeant,bpt6k794585w,,failed,0,0,,no_usable_pages,known,,,bpt6k794585w: no usable pages in manifest.,2026-07-17T16:59:18.573445
intransigeant,bpt6k7945868,,failed,0,0,,no_usable_pages,known,,,bpt6k7945868: no usable pages in manifest.,2026-07-17T16:59:18.793496
intransigeant,bpt6k794587n,,failed,0,0,,no_usable_pages,known,,,bpt6k794587n: no usable pages in manifest.,2026-07-17T16:59:19.017651
intransigeant,bpt6k7945881,,failed,0,0,,no_usable_pages,known,,,bpt6k7945881: no usable pages in manifest.,2026-07-17T16:59:19.282426
intransigeant,bpt6k794589d,,failed,0,0,,no_usable_pages,known,,,bpt6k794589d: no usable pages in manifest.,2026-07-17T16:59:19.710938
intransigeant,bpt6k794590b,,failed,0,0,,no_usable_pages,known,,,bpt6k794590b: no usable pages in manifest.,2026-07-17T16:59:19.968647
intransigeant,bpt6k794591q,,failed,0,0,,no_usable_pages,known,,,bpt6k794591q: no usable pages in manifest.,2026-07-17T16:59:20.188629
intransigeant,bpt6k7945923,,failed,0,0,,no_usable_pages,known,,,bpt6k7945923: no usable pages in manifest.,2026-07-17T16:59:20.352115
intransigeant,bpt6k794593g,,failed,0,0,,no_usable_pages,known,,,bpt6k794593g: no usable pages in manifest.,2026-07-17T16:59:20.635405
intransigeant,bpt6k794594v,,failed,0,0,,no_usable_pages,known,,,bpt6k794594v: no usable pages in manifest.,2026-07-17T16:59:20.819186
intransigeant,bpt6k7945957,,failed,0,0,,no_usable_pages,known,,,bpt6k7945957: no usable pages in manifest.,2026-07-17T16:59:21.030754
intransigeant,bpt6k794596m,,failed,0,0,,no_usable_pages,known,,,bpt6k794596m: no usable pages in manifest.,2026-07-17T16:59:21.234210
intransigeant,bpt6k794888z,,failed,0,0,,no_usable_pages,known,,,bpt6k794888z: no usable pages in manifest.,2026-07-17T16:59:21.458047
intransigeant,bpt6k7948921,,failed,0,0,,no_usable_pages,known,,,bpt6k7948921: no usable pages in manifest.,2026-07-17T16:59:21.763772
intransigeant,bpt6k795293t,,failed,0,0,,no_usable_pages,known,,,bpt6k795293t: no usable pages in manifest.,2026-07-17T16:59:21.960176
intransigeant,bpt6k7952946,,failed,0,0,,no_usable_pages,known,,,bpt6k7952946: no usable pages in manifest.,2026-07-17T16:59:22.151582
intransigeant,bpt6k795295k,,failed,0,0,,no_usable_pages,known,,,bpt6k795295k: no usable pages in manifest.,2026-07-17T16:59:22.329033
intransigeant,bpt6k795296z,,failed,0,0,,no_usable_pages,known,,,bpt6k795296z: no usable pages in manifest.,2026-07-17T16:59:22.511283
intransigeant,bpt6k795297b,,failed,0,0,,no_usable_pages,known,,,bpt6k795297b: no usable pages in manifest.,2026-07-17T16:59:22.834177
intransigeant,bpt6k795298q,,failed,0,0,,no_usable_pages,known,,,bpt6k795298q: no usable pages in manifest.,2026-07-17T16:59:23.047809
intransigeant,bpt6k7952993,,failed,0,0,,no_usable_pages,known,,,bpt6k7952993: no usable pages in manifest.,2026-07-17T16:59:23.262750
intransigeant,bpt6k795300w,,failed,0,0,,no_usable_pages,known,,,bpt6k795300w: no usable pages in manifest.,2026-07-17T16:59:23.446305
intransigeant,bpt6k7953018,,failed,0,0,,no_usable_pages,known,,,bpt6k7953018: no usable pages in manifest.,2026-07-17T16:59:23.655685
intransigeant,bpt6k795302n,,failed,0,0,,no_usable_pages,known,,,bpt6k795302n: no usable pages in manifest.,2026-07-17T16:59:23.980276
intransigeant,bpt6k7953031,,failed,0,0,,no_usable_pages,known,,,bpt6k7953031: no usable pages in manifest.,2026-07-17T16:59:24.216835
intransigeant,bpt6k795304d,,failed,0,0,,no_usable_pages,known,,,bpt6k795304d: no usable pages in manifest.,2026-07-17T16:59:24.474607
intransigeant,bpt6k795305s,,failed,0,0,,no_usable_pages,known,,,bpt6k795305s: no usable pages in manifest.,2026-07-17T16:59:24.694443
intransigeant,bpt6k7953065,,failed,0,0,,no_usable_pages,known,,,bpt6k7953065: no usable pages in manifest.,2026-07-17T16:59:25.339871
intransigeant,bpt6k795308x,,failed,0,0,,no_usable_pages,known,,,bpt6k795308x: no usable pages in manifest.,2026-07-17T16:59:25.665564
intransigeant,bpt6k7953099,,failed,0,0,,no_usable_pages,known,,,bpt6k7953099: no usable pages in manifest.,2026-07-17T16:59:25.848897
intransigeant,bpt6k7953107,,failed,0,0,,no_usable_pages,known,,,bpt6k7953107: no usable pages in manifest.,2026-07-17T16:59:26.127869
intransigeant,bpt6k795311m,,failed,0,0,,no_usable_pages,known,,,bpt6k795311m: no usable pages in manifest.,2026-07-17T16:59:26.385705
intransigeant,bpt6k7953120,,failed,0,0,,no_usable_pages,known,,,bpt6k7953120: no usable pages in manifest.,2026-07-17T16:59:26.572084
intransigeant,bpt6k795313c,,failed,0,0,,no_usable_pages,known,,,bpt6k795313c: no usable pages in manifest.,2026-07-17T16:59:26.772403
intransigeant,bpt6k795612x,,failed,0,0,,no_usable_pages,known,,,bpt6k795612x: no usable pages in manifest.,2026-07-17T16:59:27.017402
intransigeant,bpt6k795634c,,failed,0,0,,no_usable_pages,known,,,bpt6k795634c: no usable pages in manifest.,2026-07-17T16:59:27.276337
intransigeant,bpt6k795716r,,failed,0,0,,no_usable_pages,known,,,bpt6k795716r: no usable pages in manifest.,2026-07-17T16:59:27.567358
intransigeant,bpt6k795718h,,failed,0,0,,no_usable_pages,known,,,bpt6k795718h: no usable pages in manifest.,2026-07-17T16:59:27.811885
intransigeant,bpt6k795719w,,failed,0,0,,no_usable_pages,known,,,bpt6k795719w: no usable pages in manifest.,2026-07-17T16:59:27.989692
intransigeant,bpt6k7957216,,failed,0,0,,no_usable_pages,known,,,bpt6k7957216: no usable pages in manifest.,2026-07-17T16:59:28.166000
intransigeant,bpt6k795724b,,failed,0,0,,no_usable_pages,known,,,bpt6k795724b: no usable pages in manifest.,2026-07-17T16:59:28.347302
intransigeant,bpt6k7957263,,failed,0,0,,no_usable_pages,known,,,bpt6k7957263: no usable pages in manifest.,2026-07-17T16:59:28.601153
intransigeant,bpt6k795731j,,failed,0,0,,no_usable_pages,known,,,bpt6k795731j: no usable pages in manifest.,2026-07-17T16:59:28.829459
intransigeant,bpt6k795732x,,failed,0,0,,no_usable_pages,known,,,bpt6k795732x: no usable pages in manifest.,2026-07-17T16:59:28.991341
intransigeant,bpt6k7957339,,failed,0,0,,no_usable_pages,known,,,bpt6k7957339: no usable pages in manifest.,2026-07-17T16:59:29.162327
intransigeant,bpt6k7957352,,failed,0,0,,no_usable_pages,known,,,bpt6k7957352: no usable pages in manifest.,2026-07-17T16:59:29.381665
intransigeant,bpt6k7957428,,failed,0,0,,no_usable_pages,known,,,bpt6k7957428: no usable pages in manifest.,2026-07-17T16:59:29.656991
intransigeant,bpt6k795766g,,failed,0,0,,no_usable_pages,known,,,bpt6k795766g: no usable pages in manifest.,2026-07-17T16:59:29.884475
intransigeant,bpt6k795770j,,failed,0,0,,no_usable_pages,known,,,bpt6k795770j: no usable pages in manifest.,2026-07-17T16:59:30.082041
intransigeant,bpt6k7957776,,failed,0,0,,no_usable_pages,known,,,bpt6k7957776: no usable pages in manifest.,2026-07-17T16:59:30.322578
intransigeant,bpt6k795784d,,failed,0,0,,no_usable_pages,known,,,bpt6k795784d: no usable pages in manifest.,2026-07-17T16:59:30.820780
intransigeant,bpt6k7957865,,failed,0,0,,no_usable_pages,known,,,bpt6k7957865: no usable pages in manifest.,2026-07-17T16:59:31.073710
intransigeant,bpt6k795803k,,failed,0,0,,no_usable_pages,known,,,bpt6k795803k: no usable pages in manifest.,2026-07-17T16:59:31.259086
intransigeant,bpt6k7958327,,failed,0,0,,no_usable_pages,known,,,bpt6k7958327: no usable pages in manifest.,2026-07-17T16:59:31.589002
intransigeant,bpt6k795843z,,failed,0,0,,no_usable_pages,known,,,bpt6k795843z: no usable pages in manifest.,2026-07-17T16:59:31.985167
intransigeant,bpt6k795956r,,failed,0,0,,no_usable_pages,known,,,bpt6k795956r: no usable pages in manifest.,2026-07-17T16:59:32.285255
intransigeant,bpt6k7959574,,failed,0,0,,no_usable_pages,known,,,bpt6k7959574: no usable pages in manifest.,2026-07-17T16:59:32.471035
intransigeant,bpt6k795958h,,failed,0,0,,no_usable_pages,known,,,bpt6k795958h: no usable pages in manifest.,2026-07-17T16:59:32.660136
intransigeant,bpt6k795959w,,failed,0,0,,no_usable_pages,known,,,bpt6k795959w: no usable pages in manifest.,2026-07-17T16:59:32.900499
intransigeant,bpt6k795960t,,failed,0,0,,no_usable_pages,known,,,bpt6k795960t: no usable pages in manifest.,2026-07-17T16:59:33.095709
intransigeant,bpt6k7959616,,failed,0,0,,no_usable_pages,known,,,bpt6k7959616: no usable pages in manifest.,2026-07-17T16:59:33.368214
intransigeant,bpt6k795962k,,failed,0,0,,no_usable_pages,known,,,bpt6k795962k: no usable pages in manifest.,2026-07-17T16:59:33.583403
intransigeant,bpt6k795963z,,failed,0,0,,no_usable_pages,known,,,bpt6k795963z: no usable pages in manifest.,2026-07-17T16:59:33.833929
intransigeant,bpt6k795964b,,failed,0,0,,no_usable_pages,known,,,bpt6k795964b: no usable pages in manifest.,2026-07-17T16:59:34.028070
intransigeant,bpt6k795965q,,failed,0,0,,no_usable_pages,known,,,bpt6k795965q: no usable pages in manifest.,2026-07-17T16:59:34.155906
intransigeant,bpt6k7959663,,failed,0,0,,no_usable_pages,known,,,bpt6k7959663: no usable pages in manifest.,2026-07-17T16:59:34.360895
intransigeant,bpt6k795967g,,failed,0,0,,no_usable_pages,known,,,bpt6k795967g: no usable pages in manifest.,2026-07-17T16:59:34.565154
intransigeant,bpt6k795968v,,failed,0,0,,no_usable_pages,known,,,bpt6k795968v: no usable pages in manifest.,2026-07-17T16:59:34.733663
intransigeant,bpt6k7959697,,failed,0,0,,no_usable_pages,known,,,bpt6k7959697: no usable pages in manifest.,2026-07-17T16:59:34.924924
intransigeant,bpt6k7959705,,failed,0,0,,no_usable_pages,known,,,bpt6k7959705: no usable pages in manifest.,2026-07-17T16:59:35.132625
intransigeant,bpt6k795971j,,failed,0,0,,no_usable_pages,known,,,bpt6k795971j: no usable pages in manifest.,2026-07-17T16:59:35.349626
intransigeant,bpt6k795972x,,failed,0,0,,no_usable_pages,known,,,bpt6k795972x: no usable pages in manifest.,2026-07-17T16:59:35.675693
intransigeant,bpt6k7959739,,failed,0,0,,no_usable_pages,known,,,bpt6k7959739: no usable pages in manifest.,2026-07-17T16:59:36.027219
intransigeant,bpt6k795974p,,failed,0,0,,no_usable_pages,known,,,bpt6k795974p: no usable pages in manifest.,2026-07-17T16:59:36.303825
intransigeant,bpt6k7959752,,failed,0,0,,no_usable_pages,known,,,bpt6k7959752: no usable pages in manifest.,2026-07-17T16:59:36.529731
intransigeant,bpt6k795976f,,failed,0,0,,no_usable_pages,known,,,bpt6k795976f: no usable pages in manifest.,2026-07-17T16:59:36.800991
intransigeant,bpt6k795977t,,failed,0,0,,no_usable_pages,known,,,bpt6k795977t: no usable pages in manifest.,2026-07-17T16:59:37.024441
intransigeant,bpt6k7959786,,failed,0,0,,no_usable_pages,known,,,bpt6k7959786: no usable pages in manifest.,2026-07-17T16:59:37.316684
intransigeant,bpt6k795979k,,failed,0,0,,no_usable_pages,known,,,bpt6k795979k: no usable pages in manifest.,2026-07-17T16:59:37.571106
intransigeant,bpt6k795980h,,failed,0,0,,no_usable_pages,known,,,bpt6k795980h: no usable pages in manifest.,2026-07-17T16:59:37.902590
intransigeant,bpt6k795981w,,failed,0,0,,no_usable_pages,known,,,bpt6k795981w: no usable pages in manifest.,2026-07-17T16:59:38.104335
intransigeant,bpt6k7959828,,failed,0,0,,no_usable_pages,known,,,bpt6k7959828: no usable pages in manifest.,2026-07-17T16:59:38.308905
intransigeant,bpt6k795983n,,failed,0,0,,no_usable_pages,known,,,bpt6k795983n: no usable pages in manifest.,2026-07-17T16:59:38.491760
intransigeant,bpt6k7959841,,failed,0,0,,no_usable_pages,known,,,bpt6k7959841: no usable pages in manifest.,2026-07-17T16:59:38.687421
intransigeant,bpt6k795985d,,failed,0,0,,no_usable_pages,known,,,bpt6k795985d: no usable pages in manifest.,2026-07-17T16:59:38.957110
intransigeant,bpt6k795986s,,failed,0,0,,no_usable_pages,known,,,bpt6k795986s: no usable pages in manifest.,2026-07-17T16:59:39.112653
intransigeant,bpt6k7959875,,failed,0,0,,no_usable_pages,known,,,bpt6k7959875: no usable pages in manifest.,2026-07-17T16:59:39.291269
intransigeant,bpt6k795988j,,failed,0,0,,no_usable_pages,known,,,bpt6k795988j: no usable pages in manifest.,2026-07-17T16:59:39.495722
intransigeant,bpt6k795989x,,failed,0,0,,no_usable_pages,known,,,bpt6k795989x: no usable pages in manifest.,2026-07-17T16:59:39.759701
intransigeant,bpt6k795990v,,failed,0,0,,no_usable_pages,known,,,bpt6k795990v: no usable pages in manifest.,2026-07-17T16:59:40.015272
intransigeant,bpt6k7959917,,failed,0,0,,no_usable_pages,known,,,bpt6k7959917: no usable pages in manifest.,2026-07-17T16:59:40.250318
intransigeant,bpt6k795992m,,failed,0,0,,no_usable_pages,known,,,bpt6k795992m: no usable pages in manifest.,2026-07-17T16:59:40.428240
intransigeant,bpt6k7959930,,failed,0,0,,no_usable_pages,known,,,bpt6k7959930: no usable pages in manifest.,2026-07-17T16:59:40.751214
intransigeant,bpt6k795994c,,failed,0,0,,no_usable_pages,known,,,bpt6k795994c: no usable pages in manifest.,2026-07-17T16:59:40.902376
intransigeant,bpt6k795995r,,failed,0,0,,no_usable_pages,known,,,bpt6k795995r: no usable pages in manifest.,2026-07-17T16:59:41.276774
intransigeant,bpt6k7959964,,failed,0,0,,no_usable_pages,known,,,bpt6k7959964: no usable pages in manifest.,2026-07-17T16:59:41.597146
intransigeant,bpt6k795997h,,failed,0,0,,no_usable_pages,known,,,bpt6k795997h: no usable pages in manifest.,2026-07-17T16:59:41.877490
intransigeant,bpt6k795998w,,failed,0,0,,no_usable_pages,known,,,bpt6k795998w: no usable pages in manifest.,2026-07-17T16:59:42.072149
intransigeant,bpt6k7959998,,failed,0,0,,no_usable_pages,known,,,bpt6k7959998: no usable pages in manifest.,2026-07-17T16:59:42.330118
intransigeant,bpt6k7960007,,failed,0,0,,no_usable_pages,known,,,bpt6k7960007: no usable pages in manifest.,2026-07-17T16:59:42.477096
intransigeant,bpt6k796001m,,failed,0,0,,no_usable_pages,known,,,bpt6k796001m: no usable pages in manifest.,2026-07-17T16:59:42.643920
intransigeant,bpt6k7960020,,failed,0,0,,no_usable_pages,known,,,bpt6k7960020: no usable pages in manifest.,2026-07-17T16:59:42.825532
intransigeant,bpt6k796003c,,failed,0,0,,no_usable_pages,known,,,bpt6k796003c: no usable pages in manifest.,2026-07-17T16:59:42.997720
intransigeant,bpt6k796004r,,failed,0,0,,no_usable_pages,known,,,bpt6k796004r: no usable pages in manifest.,2026-07-17T16:59:43.193429
intransigeant,bpt6k7960054,,failed,0,0,,no_usable_pages,known,,,bpt6k7960054: no usable pages in manifest.,2026-07-17T16:59:43.449235
intransigeant,bpt6k796006h,,failed,0,0,,no_usable_pages,known,,,bpt6k796006h: no usable pages in manifest.,2026-07-17T16:59:43.618538
intransigeant,bpt6k796007w,,failed,0,0,,no_usable_pages,known,,,bpt6k796007w: no usable pages in manifest.,2026-07-17T16:59:43.788700
intransigeant,bpt6k7960088,,failed,0,0,,no_usable_pages,known,,,bpt6k7960088: no usable pages in manifest.,2026-07-17T16:59:43.995532
intransigeant,bpt6k796009n,,failed,0,0,,no_usable_pages,known,,,bpt6k796009n: no usable pages in manifest.,2026-07-17T16:59:44.155395
intransigeant,bpt6k796010k,,failed,0,0,,no_usable_pages,known,,,bpt6k796010k: no usable pages in manifest.,2026-07-17T16:59:44.303962
intransigeant,bpt6k796011z,,failed,0,0,,no_usable_pages,known,,,bpt6k796011z: no usable pages in manifest.,2026-07-17T16:59:44.532220
intransigeant,bpt6k796012b,,failed,0,0,,no_usable_pages,known,,,bpt6k796012b: no usable pages in manifest.,2026-07-17T16:59:44.692225
intransigeant,bpt6k796013q,,failed,0,0,,no_usable_pages,known,,,bpt6k796013q: no usable pages in manifest.,2026-07-17T16:59:44.832334
intransigeant,bpt6k7960143,,failed,0,0,,no_usable_pages,known,,,bpt6k7960143: no usable pages in manifest.,2026-07-17T16:59:45.083945
intransigeant,bpt6k796015g,,failed,0,0,,no_usable_pages,known,,,bpt6k796015g: no usable pages in manifest.,2026-07-17T16:59:45.245663
intransigeant,bpt6k796016v,,failed,0,0,,no_usable_pages,known,,,bpt6k796016v: no usable pages in manifest.,2026-07-17T16:59:45.482167
intransigeant,bpt6k7960177,,failed,0,0,,no_usable_pages,known,,,bpt6k7960177: no usable pages in manifest.,2026-07-17T16:59:45.762064
intransigeant,bpt6k796018m,,failed,0,0,,no_usable_pages,known,,,bpt6k796018m: no usable pages in manifest.,2026-07-17T16:59:45.998462
intransigeant,bpt6k7960190,,failed,0,0,,no_usable_pages,known,,,bpt6k7960190: no usable pages in manifest.,2026-07-17T16:59:46.556274
intransigeant,bpt6k796020x,,failed,0,0,,no_usable_pages,known,,,bpt6k796020x: no usable pages in manifest.,2026-07-17T16:59:47.319293
intransigeant,bpt6k7960219,,failed,0,0,,no_usable_pages,known,,,bpt6k7960219: no usable pages in manifest.,2026-07-17T16:59:47.534474
intransigeant,bpt6k796022p,,failed,0,0,,no_usable_pages,known,,,bpt6k796022p: no usable pages in manifest.,2026-07-17T16:59:47.712617
intransigeant,bpt6k7960232,,failed,0,0,,no_usable_pages,known,,,bpt6k7960232: no usable pages in manifest.,2026-07-17T16:59:47.890543
intransigeant,bpt6k796024f,,failed,0,0,,no_usable_pages,known,,,bpt6k796024f: no usable pages in manifest.,2026-07-17T16:59:48.144043
intransigeant,bpt6k796025t,,failed,0,0,,no_usable_pages,known,,,bpt6k796025t: no usable pages in manifest.,2026-07-17T16:59:48.323345
intransigeant,bpt6k7960266,,failed,0,0,,no_usable_pages,known,,,bpt6k7960266: no usable pages in manifest.,2026-07-17T16:59:48.469338
intransigeant,bpt6k796027k,,failed,0,0,,no_usable_pages,known,,,bpt6k796027k: no usable pages in manifest.,2026-07-17T16:59:48.717724
intransigeant,bpt6k796028z,,failed,0,0,,no_usable_pages,known,,,bpt6k796028z: no usable pages in manifest.,2026-07-17T16:59:48.974190
intransigeant,bpt6k796029b,,failed,0,0,,no_usable_pages,known,,,bpt6k796029b: no usable pages in manifest.,2026-07-17T16:59:49.267368
intransigeant,bpt6k7960308,,failed,0,0,,no_usable_pages,known,,,bpt6k7960308: no usable pages in manifest.,2026-07-17T16:59:49.507904
intransigeant,bpt6k796031n,,failed,0,0,,no_usable_pages,known,,,bpt6k796031n: no usable pages in manifest.,2026-07-17T16:59:49.768224
intransigeant,bpt6k7960321,,failed,0,0,,no_usable_pages,known,,,bpt6k7960321: no usable pages in manifest.,2026-07-17T16:59:50.120372
intransigeant,bpt6k796033d,,failed,0,0,,no_usable_pages,known,,,bpt6k796033d: no usable pages in manifest.,2026-07-17T16:59:50.527171
intransigeant,bpt6k796034s,,failed,0,0,,no_usable_pages,known,,,bpt6k796034s: no usable pages in manifest.,2026-07-17T16:59:50.737035
intransigeant,bpt6k7960355,,failed,0,0,,no_usable_pages,known,,,bpt6k7960355: no usable pages in manifest.,2026-07-17T16:59:50.904111
intransigeant,bpt6k796036j,,failed,0,0,,no_usable_pages,known,,,bpt6k796036j: no usable pages in manifest.,2026-07-17T16:59:51.083238
intransigeant,bpt6k796037x,,failed,0,0,,no_usable_pages,known,,,bpt6k796037x: no usable pages in manifest.,2026-07-17T16:59:51.263559
intransigeant,bpt6k7960389,,failed,0,0,,no_usable_pages,known,,,bpt6k7960389: no usable pages in manifest.,2026-07-17T16:59:51.716534
intransigeant,bpt6k796039p,,failed,0,0,,no_usable_pages,known,,,bpt6k796039p: no usable pages in manifest.,2026-07-17T16:59:51.934029
intransigeant,bpt6k796040m,,failed,0,0,,no_usable_pages,known,,,bpt6k796040m: no usable pages in manifest.,2026-07-17T16:59:52.239229
intransigeant,bpt6k7960410,,failed,0,0,,no_usable_pages,known,,,bpt6k7960410: no usable pages in manifest.,2026-07-17T16:59:52.935426
intransigeant,bpt6k796042c,,failed,0,0,,no_usable_pages,known,,,bpt6k796042c: no usable pages in manifest.,2026-07-17T16:59:53.169658
intransigeant,bpt6k796043r,,failed,0,0,,no_usable_pages,known,,,bpt6k796043r: no usable pages in manifest.,2026-07-17T16:59:53.448121
intransigeant,bpt6k7960444,,failed,0,0,,no_usable_pages,known,,,bpt6k7960444: no usable pages in manifest.,2026-07-17T16:59:53.768722
intransigeant,bpt6k796045h,,failed,0,0,,no_usable_pages,known,,,bpt6k796045h: no usable pages in manifest.,2026-07-17T16:59:54.022092
intransigeant,bpt6k796046w,,failed,0,0,,no_usable_pages,known,,,bpt6k796046w: no usable pages in manifest.,2026-07-17T16:59:54.258277
intransigeant,bpt6k7960478,,failed,0,0,,no_usable_pages,known,,,bpt6k7960478: no usable pages in manifest.,2026-07-17T16:59:54.424568
intransigeant,bpt6k796048n,,failed,0,0,,no_usable_pages,known,,,bpt6k796048n: no usable pages in manifest.,2026-07-17T16:59:54.648827
intransigeant,bpt6k7960491,,failed,0,0,,no_usable_pages,known,,,bpt6k7960491: no usable pages in manifest.,2026-07-17T16:59:54.968029
intransigeant,bpt6k796050z,,failed,0,0,,no_usable_pages,known,,,bpt6k796050z: no usable pages in manifest.,2026-07-17T16:59:55.148247
intransigeant,bpt6k796051b,,failed,0,0,,no_usable_pages,known,,,bpt6k796051b: no usable pages in manifest.,2026-07-17T16:59:55.355059
intransigeant,bpt6k796052q,,failed,0,0,,no_usable_pages,known,,,bpt6k796052q: no usable pages in manifest.,2026-07-17T16:59:55.539632
intransigeant,bpt6k7960533,,failed,0,0,,no_usable_pages,known,,,bpt6k7960533: no usable pages in manifest.,2026-07-17T16:59:55.792484
intransigeant,bpt6k796054g,,failed,0,0,,no_usable_pages,known,,,bpt6k796054g: no usable pages in manifest.,2026-07-17T16:59:56.104213
intransigeant,bpt6k796055v,,failed,0,0,,no_usable_pages,known,,,bpt6k796055v: no usable pages in manifest.,2026-07-17T16:59:56.335070
intransigeant,bpt6k7960567,,failed,0,0,,no_usable_pages,known,,,bpt6k7960567: no usable pages in manifest.,2026-07-17T16:59:56.505326
intransigeant,bpt6k796057m,,failed,0,0,,no_usable_pages,known,,,bpt6k796057m: no usable pages in manifest.,2026-07-17T16:59:56.737294
intransigeant,bpt6k7960580,,failed,0,0,,no_usable_pages,known,,,bpt6k7960580: no usable pages in manifest.,2026-07-17T16:59:56.979829
intransigeant,bpt6k796059c,,failed,0,0,,no_usable_pages,known,,,bpt6k796059c: no usable pages in manifest.,2026-07-17T16:59:57.297581
intransigeant,bpt6k7960609,,failed,0,0,,no_usable_pages,known,,,bpt6k7960609: no usable pages in manifest.,2026-07-17T16:59:57.513162
intransigeant,bpt6k796061p,,failed,0,0,,no_usable_pages,known,,,bpt6k796061p: no usable pages in manifest.,2026-07-17T16:59:57.740485
intransigeant,bpt6k7960622,,failed,0,0,,no_usable_pages,known,,,bpt6k7960622: no usable pages in manifest.,2026-07-17T16:59:57.945230
intransigeant,bpt6k796063f,,failed,0,0,,no_usable_pages,known,,,bpt6k796063f: no usable pages in manifest.,2026-07-17T16:59:58.163979
intransigeant,bpt6k796064t,,failed,0,0,,no_usable_pages,known,,,bpt6k796064t: no usable pages in manifest.,2026-07-17T16:59:58.711313
intransigeant,bpt6k7960656,,failed,0,0,,no_usable_pages,known,,,bpt6k7960656: no usable pages in manifest.,2026-07-17T16:59:58.985135
intransigeant,bpt6k796066k,,failed,0,0,,no_usable_pages,known,,,bpt6k796066k: no usable pages in manifest.,2026-07-17T16:59:59.200908
intransigeant,bpt6k796067z,,failed,0,0,,no_usable_pages,known,,,bpt6k796067z: no usable pages in manifest.,2026-07-17T16:59:59.403877
intransigeant,bpt6k796068b,,failed,0,0,,no_usable_pages,known,,,bpt6k796068b: no usable pages in manifest.,2026-07-17T16:59:59.763685
intransigeant,bpt6k7961945,,failed,0,0,,no_usable_pages,known,,,bpt6k7961945: no usable pages in manifest.,2026-07-17T17:00:00.076118
intransigeant,bpt6k7962407,,failed,0,0,,no_usable_pages,known,,,bpt6k7962407: no usable pages in manifest.,2026-07-17T17:00:00.351848
intransigeant,bpt6k7962891,,failed,0,0,,no_usable_pages,known,,,bpt6k7962891: no usable pages in manifest.,2026-07-17T17:00:00.596070
intransigeant,bpt6k7962980,,failed,0,0,,no_usable_pages,known,,,bpt6k7962980: no usable pages in manifest.,2026-07-17T17:00:00.995971
intransigeant,bpt6k796307t,,failed,0,0,,no_usable_pages,known,,,bpt6k796307t: no usable pages in manifest.,2026-07-17T17:00:01.260117
intransigeant,bpt6k7965965,,failed,0,0,,no_usable_pages,known,,,bpt6k7965965: no usable pages in manifest.,2026-07-17T17:00:01.453406
intransigeant,bpt6k4133036d,,failed,0,0,,no_usable_pages,known,,,bpt6k4133036d: no usable pages in manifest.,2026-07-17T17:00:01.636329
intransigeant,bpt6k4133037t,,failed,0,0,,no_usable_pages,known,,,bpt6k4133037t: no usable pages in manifest.,2026-07-17T17:00:01.964562
intransigeant,bpt6k41330387,,failed,0,0,,no_usable_pages,known,,,bpt6k41330387: no usable pages in manifest.,2026-07-17T17:00:02.190384
intransigeant,bpt6k4133039n,,failed,0,0,,no_usable_pages,known,,,bpt6k4133039n: no usable pages in manifest.,2026-07-17T17:00:02.418336
intransigeant,bpt6k41330409,,failed,0,0,,no_usable_pages,known,,,bpt6k41330409: no usable pages in manifest.,2026-07-17T17:00:02.570052
intransigeant,bpt6k4133041q,,failed,0,0,,no_usable_pages,known,,,bpt6k4133041q: no usable pages in manifest.,2026-07-17T17:00:02.773512
intransigeant,bpt6k41330424,,failed,0,0,,no_usable_pages,known,,,bpt6k41330424: no usable pages in manifest.,2026-07-17T17:00:03.095706
intransigeant,bpt6k4133043j,,failed,0,0,,no_usable_pages,known,,,bpt6k4133043j: no usable pages in manifest.,2026-07-17T17:00:03.301573
intransigeant,bpt6k4133044z,,failed,0,0,,no_usable_pages,known,,,bpt6k4133044z: no usable pages in manifest.,2026-07-17T17:00:03.657957
intransigeant,bpt6k4133045c,,failed,0,0,,no_usable_pages,known,,,bpt6k4133045c: no usable pages in manifest.,2026-07-17T17:00:03.894010
intransigeant,bpt6k4133046s,,failed,0,0,,no_usable_pages,known,,,bpt6k4133046s: no usable pages in manifest.,2026-07-17T17:00:04.387158
intransigeant,bpt6k4133048m,,failed,0,0,,no_usable_pages,known,,,bpt6k4133048m: no usable pages in manifest.,2026-07-17T17:00:04.622838
univers,bpt6k697382r,,failed,0,0,,no_usable_pages,known,,,bpt6k697382r: no usable pages in manifest.,2026-07-17T17:00:04.945526
univers,bpt6k697389d,,failed,0,0,,no_usable_pages,known,,,bpt6k697389d: no usable pages in manifest.,2026-07-17T17:00:05.148123
univers,bpt6k697396m,,failed,0,0,,no_usable_pages,known,,,bpt6k697396m: no usable pages in manifest.,2026-07-17T17:00:05.418483
univers,bpt6k697430k,,failed,0,0,,no_usable_pages,known,,,bpt6k697430k: no usable pages in manifest.,2026-07-17T17:00:05.711345
univers,bpt6k697444f,,failed,0,0,,no_usable_pages,known,,,bpt6k697444f: no usable pages in manifest.,2026-07-17T17:00:06.054726
univers,bpt6k697451n,,failed,0,0,,no_usable_pages,known,,,bpt6k697451n: no usable pages in manifest.,2026-07-17T17:00:06.269388
univers,bpt6k697526t,,failed,0,0,,no_usable_pages,known,,,bpt6k697526t: no usable pages in manifest.,2026-07-17T17:00:06.527261
univers,bpt6k6975276,,failed,0,0,,no_usable_pages,known,,,bpt6k6975276: no usable pages in manifest.,2026-07-17T17:00:06.906743
univers,bpt6k697528k,,failed,0,0,,no_usable_pages,known,,,bpt6k697528k: no usable pages in manifest.,2026-07-17T17:00:07.180641
univers,bpt6k697529z,,failed,0,0,,no_usable_pages,known,,,bpt6k697529z: no usable pages in manifest.,2026-07-17T17:00:07.364442
univers,bpt6k697530w,,failed,0,0,,no_usable_pages,known,,,bpt6k697530w: no usable pages in manifest.,2026-07-17T17:00:07.678481
univers,bpt6k6975318,,failed,0,0,,no_usable_pages,known,,,bpt6k6975318: no usable pages in manifest.,2026-07-17T17:00:07.971837
univers,bpt6k697534d,,failed,0,0,,no_usable_pages,known,,,bpt6k697534d: no usable pages in manifest.,2026-07-17T17:00:08.219328
univers,bpt6k6975365,,failed,0,0,,no_usable_pages,known,,,bpt6k6975365: no usable pages in manifest.,2026-07-17T17:00:08.425491
univers,bpt6k697537j,,failed,0,0,,no_usable_pages,known,,,bpt6k697537j: no usable pages in manifest.,2026-07-17T17:00:08.780367
univers,bpt6k697538x,,failed,0,0,,no_usable_pages,known,,,bpt6k697538x: no usable pages in manifest.,2026-07-17T17:00:09.006456
univers,bpt6k6975399,,failed,0,0,,no_usable_pages,known,,,bpt6k6975399: no usable pages in manifest.,2026-07-17T17:00:09.251407
univers,bpt6k6975407,,failed,0,0,,no_usable_pages,known,,,bpt6k6975407: no usable pages in manifest.,2026-07-17T17:00:09.461811
univers,bpt6k6975420,,failed,0,0,,no_usable_pages,known,,,bpt6k6975420: no usable pages in manifest.,2026-07-17T17:00:09.655735
univers,bpt6k697543c,,failed,0,0,,no_usable_pages,known,,,bpt6k697543c: no usable pages in manifest.,2026-07-17T17:00:11.850583
univers,bpt6k697544r,,failed,0,0,,no_usable_pages,known,,,bpt6k697544r: no usable pages in manifest.,2026-07-17T17:00:12.261687
univers,bpt6k6975454,,failed,0,0,,no_usable_pages,known,,,bpt6k6975454: no usable pages in manifest.,2026-07-17T17:00:12.476261
univers,bpt6k697546h,,failed,0,0,,no_usable_pages,known,,,bpt6k697546h: no usable pages in manifest.,2026-07-17T17:00:12.683936
univers,bpt6k697634q,,failed,0,0,,no_usable_pages,known,,,bpt6k697634q: no usable pages in manifest.,2026-07-17T17:00:12.872009
univers,bpt6k697757v,,failed,0,0,,no_usable_pages,known,,,bpt6k697757v: no usable pages in manifest.,2026-07-17T17:00:13.045597
univers,bpt6k697828h,,failed,0,0,,no_usable_pages,known,,,bpt6k697828h: no usable pages in manifest.,2026-07-17T17:00:13.502468
univers,bpt6k6982608,,failed,0,0,,no_usable_pages,known,,,bpt6k6982608: no usable pages in manifest.,2026-07-17T17:00:13.710359
univers,bpt6k698272c,,failed,0,0,,no_usable_pages,known,,,bpt6k698272c: no usable pages in manifest.,2026-07-17T17:00:13.952193
univers,bpt6k698273r,,failed,0,0,,no_usable_pages,known,,,bpt6k698273r: no usable pages in manifest.,2026-07-17T17:00:14.152356
univers,bpt6k698275h,,failed,0,0,,no_usable_pages,known,,,bpt6k698275h: no usable pages in manifest.,2026-07-17T17:00:14.472739
univers,bpt6k6982791,,failed,0,0,,no_usable_pages,known,,,bpt6k6982791: no usable pages in manifest.,2026-07-17T17:00:14.688150
univers,bpt6k698281b,,failed,0,0,,no_usable_pages,known,,,bpt6k698281b: no usable pages in manifest.,2026-07-17T17:00:14.942407
univers,bpt6k698282q,,failed,0,0,,no_usable_pages,known,,,bpt6k698282q: no usable pages in manifest.,2026-07-17T17:00:15.132660
univers,bpt6k6982833,,failed,0,0,,no_usable_pages,known,,,bpt6k6982833: no usable pages in manifest.,2026-07-17T17:00:15.376669
univers,bpt6k6982867,,failed,0,0,,no_usable_pages,known,,,bpt6k6982867: no usable pages in manifest.,2026-07-17T17:00:15.695375
univers,bpt6k698287m,,failed,0,0,,no_usable_pages,known,,,bpt6k698287m: no usable pages in manifest.,2026-07-17T17:00:15.905961
univers,bpt6k6982909,,failed,0,0,,no_usable_pages,known,,,bpt6k6982909: no usable pages in manifest.,2026-07-17T17:00:16.098762
univers,bpt6k698308j,,failed,0,0,,no_usable_pages,known,,,bpt6k698308j: no usable pages in manifest.,2026-07-17T17:00:16.341764
univers,bpt6k698588x,,failed,0,0,,no_usable_pages,known,,,bpt6k698588x: no usable pages in manifest.,2026-07-17T17:00:16.659995
univers,bpt6k698601t,,failed,0,0,,no_usable_pages,known,,,bpt6k698601t: no usable pages in manifest.,2026-07-17T17:00:17.015715
univers,bpt6k6986026,,failed,0,0,,no_usable_pages,known,,,bpt6k6986026: no usable pages in manifest.,2026-07-17T17:00:17.569585
univers,bpt6k698603k,,failed,0,0,,no_usable_pages,known,,,bpt6k698603k: no usable pages in manifest.,2026-07-17T17:00:17.785307
univers,bpt6k698604z,,failed,0,0,,no_usable_pages,known,,,bpt6k698604z: no usable pages in manifest.,2026-07-17T17:00:18.044519
univers,bpt6k698605b,,failed,0,0,,no_usable_pages,known,,,bpt6k698605b: no usable pages in manifest.,2026-07-17T17:00:18.259615
univers,bpt6k698606q,,failed,0,0,,no_usable_pages,known,,,bpt6k698606q: no usable pages in manifest.,2026-07-17T17:00:18.442202
univers,bpt6k6986073,,failed,0,0,,no_usable_pages,known,,,bpt6k6986073: no usable pages in manifest.,2026-07-17T17:00:18.691512
univers,bpt6k698608g,,failed,0,0,,no_usable_pages,known,,,bpt6k698608g: no usable pages in manifest.,2026-07-17T17:00:18.950528
univers,bpt6k698609v,,failed,0,0,,no_usable_pages,known,,,bpt6k698609v: no usable pages in manifest.,2026-07-17T17:00:19.172282
univers,bpt6k698610s,,failed,0,0,,no_usable_pages,known,,,bpt6k698610s: no usable pages in manifest.,2026-07-17T17:00:19.376294
univers,bpt6k6986115,,failed,0,0,,no_usable_pages,known,,,bpt6k6986115: no usable pages in manifest.,2026-07-17T17:00:19.564891
univers,bpt6k698612j,,failed,0,0,,no_usable_pages,known,,,bpt6k698612j: no usable pages in manifest.,2026-07-17T17:00:19.795333
univers,bpt6k698613x,,failed,0,0,,no_usable_pages,known,,,bpt6k698613x: no usable pages in manifest.,2026-07-17T17:00:20.009240
univers,bpt6k6986149,,failed,0,0,,no_usable_pages,known,,,bpt6k6986149: no usable pages in manifest.,2026-07-17T17:00:20.288017
univers,bpt6k698615p,,failed,0,0,,no_usable_pages,known,,,bpt6k698615p: no usable pages in manifest.,2026-07-17T17:00:20.509467
univers,bpt6k6986162,,failed,0,0,,no_usable_pages,known,,,bpt6k6986162: no usable pages in manifest.,2026-07-17T17:00:20.690093
univers,bpt6k698617f,,failed,0,0,,no_usable_pages,known,,,bpt6k698617f: no usable pages in manifest.,2026-07-17T17:00:20.877735
univers,bpt6k698618t,,failed,0,0,,no_usable_pages,known,,,bpt6k698618t: no usable pages in manifest.,2026-07-17T17:00:21.136307
univers,bpt6k6986196,,failed,0,0,,no_usable_pages,known,,,bpt6k6986196: no usable pages in manifest.,2026-07-17T17:00:21.367388
univers,bpt6k6986204,,failed,0,0,,no_usable_pages,known,,,bpt6k6986204: no usable pages in manifest.,2026-07-17T17:00:21.530392
univers,bpt6k698621h,,failed,0,0,,no_usable_pages,known,,,bpt6k698621h: no usable pages in manifest.,2026-07-17T17:00:21.718151
univers,bpt6k698622w,,failed,0,0,,no_usable_pages,known,,,bpt6k698622w: no usable pages in manifest.,2026-07-17T17:00:21.933710
univers,bpt6k6986238,,failed,0,0,,no_usable_pages,known,,,bpt6k6986238: no usable pages in manifest.,2026-07-17T17:00:22.156620
univers,bpt6k698624n,,failed,0,0,,no_usable_pages,known,,,bpt6k698624n: no usable pages in manifest.,2026-07-17T17:00:22.375139
univers,bpt6k6986251,,failed,0,0,,no_usable_pages,known,,,bpt6k6986251: no usable pages in manifest.,2026-07-17T17:00:22.875279
univers,bpt6k698626d,,failed,0,0,,no_usable_pages,known,,,bpt6k698626d: no usable pages in manifest.,2026-07-17T17:00:23.243873
univers,bpt6k698627s,,failed,0,0,,no_usable_pages,known,,,bpt6k698627s: no usable pages in manifest.,2026-07-17T17:00:23.516621
univers,bpt6k6986285,,failed,0,0,,no_usable_pages,known,,,bpt6k6986285: no usable pages in manifest.,2026-07-17T17:00:23.711769
univers,bpt6k698629j,,failed,0,0,,no_usable_pages,known,,,bpt6k698629j: no usable pages in manifest.,2026-07-17T17:00:23.903921
univers,bpt6k698630g,,failed,0,0,,no_usable_pages,known,,,bpt6k698630g: no usable pages in manifest.,2026-07-17T17:00:24.109459
univers,bpt6k698631v,,failed,0,0,,no_usable_pages,known,,,bpt6k698631v: no usable pages in manifest.,2026-07-17T17:00:24.399549
univers,bpt6k6986327,,failed,0,0,,no_usable_pages,known,,,bpt6k6986327: no usable pages in manifest.,2026-07-17T17:00:24.625632
univers,bpt6k698633m,,failed,0,0,,no_usable_pages,known,,,bpt6k698633m: no usable pages in manifest.,2026-07-17T17:00:24.795312
univers,bpt6k6986340,,failed,0,0,,no_usable_pages,known,,,bpt6k6986340: no usable pages in manifest.,2026-07-17T17:00:24.948601
univers,bpt6k698635c,,failed,0,0,,no_usable_pages,known,,,bpt6k698635c: no usable pages in manifest.,2026-07-17T17:00:25.120333
univers,bpt6k698636r,,failed,0,0,,no_usable_pages,known,,,bpt6k698636r: no usable pages in manifest.,2026-07-17T17:00:25.365349
univers,bpt6k6986374,,failed,0,0,,no_usable_pages,known,,,bpt6k6986374: no usable pages in manifest.,2026-07-17T17:00:25.623319
univers,bpt6k698638h,,failed,0,0,,no_usable_pages,known,,,bpt6k698638h: no usable pages in manifest.,2026-07-17T17:00:25.817399
univers,bpt6k698639w,,failed,0,0,,no_usable_pages,known,,,bpt6k698639w: no usable pages in manifest.,2026-07-17T17:00:26.009625
univers,bpt6k698640t,,failed,0,0,,no_usable_pages,known,,,bpt6k698640t: no usable pages in manifest.,2026-07-17T17:00:26.212620
univers,bpt6k6986416,,failed,0,0,,no_usable_pages,known,,,bpt6k6986416: no usable pages in manifest.,2026-07-17T17:00:26.453450
univers,bpt6k698642k,,failed,0,0,,no_usable_pages,known,,,bpt6k698642k: no usable pages in manifest.,2026-07-17T17:00:26.623672
univers,bpt6k698643z,,failed,0,0,,no_usable_pages,known,,,bpt6k698643z: no usable pages in manifest.,2026-07-17T17:00:26.843767
univers,bpt6k698644b,,failed,0,0,,no_usable_pages,known,,,bpt6k698644b: no usable pages in manifest.,2026-07-17T17:00:27.043545
univers,bpt6k698645q,,failed,0,0,,no_usable_pages,known,,,bpt6k698645q: no usable pages in manifest.,2026-07-17T17:00:27.257125
univers,bpt6k6986463,,failed,0,0,,no_usable_pages,known,,,bpt6k6986463: no usable pages in manifest.,2026-07-17T17:00:27.596957
univers,bpt6k698647g,,failed,0,0,,no_usable_pages,known,,,bpt6k698647g: no usable pages in manifest.,2026-07-17T17:00:27.802164
univers,bpt6k698648v,,failed,0,0,,no_usable_pages,known,,,bpt6k698648v: no usable pages in manifest.,2026-07-17T17:00:28.136061
univers,bpt6k6986497,,failed,0,0,,no_usable_pages,known,,,bpt6k6986497: no usable pages in manifest.,2026-07-17T17:00:28.515302
univers,bpt6k6986505,,failed,0,0,,no_usable_pages,known,,,bpt6k6986505: no usable pages in manifest.,2026-07-17T17:00:28.810432
univers,bpt6k698651j,,failed,0,0,,no_usable_pages,known,,,bpt6k698651j: no usable pages in manifest.,2026-07-17T17:00:29.022036
univers,bpt6k698652x,,failed,0,0,,no_usable_pages,known,,,bpt6k698652x: no usable pages in manifest.,2026-07-17T17:00:29.212741
univers,bpt6k6986539,,failed,0,0,,no_usable_pages,known,,,bpt6k6986539: no usable pages in manifest.,2026-07-17T17:00:29.424822
univers,bpt6k698654p,,failed,0,0,,no_usable_pages,known,,,bpt6k698654p: no usable pages in manifest.,2026-07-17T17:00:29.607141
univers,bpt6k6986552,,failed,0,0,,no_usable_pages,known,,,bpt6k6986552: no usable pages in manifest.,2026-07-17T17:00:29.887850
univers,bpt6k698656f,,failed,0,0,,no_usable_pages,known,,,bpt6k698656f: no usable pages in manifest.,2026-07-17T17:00:30.143826
univers,bpt6k698657t,,failed,0,0,,no_usable_pages,known,,,bpt6k698657t: no usable pages in manifest.,2026-07-17T17:00:30.393222
univers,bpt6k6986586,,failed,0,0,,no_usable_pages,known,,,bpt6k6986586: no usable pages in manifest.,2026-07-17T17:00:30.594955
univers,bpt6k698659k,,failed,0,0,,no_usable_pages,known,,,bpt6k698659k: no usable pages in manifest.,2026-07-17T17:00:30.860627
univers,bpt6k698660h,,failed,0,0,,no_usable_pages,known,,,bpt6k698660h: no usable pages in manifest.,2026-07-17T17:00:31.046067
univers,bpt6k698661w,,failed,0,0,,no_usable_pages,known,,,bpt6k698661w: no usable pages in manifest.,2026-07-17T17:00:31.241603
univers,bpt6k6986628,,failed,0,0,,no_usable_pages,known,,,bpt6k6986628: no usable pages in manifest.,2026-07-17T17:00:31.480975
univers,bpt6k698663n,,failed,0,0,,no_usable_pages,known,,,bpt6k698663n: no usable pages in manifest.,2026-07-17T17:00:31.747880
univers,bpt6k6986641,,failed,0,0,,no_usable_pages,known,,,bpt6k6986641: no usable pages in manifest.,2026-07-17T17:00:32.003597
univers,bpt6k698665d,,failed,0,0,,no_usable_pages,known,,,bpt6k698665d: no usable pages in manifest.,2026-07-17T17:00:32.193766
univers,bpt6k698666s,,failed,0,0,,no_usable_pages,known,,,bpt6k698666s: no usable pages in manifest.,2026-07-17T17:00:32.418581
univers,bpt6k6986675,,failed,0,0,,no_usable_pages,known,,,bpt6k6986675: no usable pages in manifest.,2026-07-17T17:00:32.582466
univers,bpt6k698668j,,failed,0,0,,no_usable_pages,known,,,bpt6k698668j: no usable pages in manifest.,2026-07-17T17:00:32.836117
univers,bpt6k698669x,,failed,0,0,,no_usable_pages,known,,,bpt6k698669x: no usable pages in manifest.,2026-07-17T17:00:33.080755
univers,bpt6k698670v,,failed,0,0,,no_usable_pages,known,,,bpt6k698670v: no usable pages in manifest.,2026-07-17T17:00:33.322726
univers,bpt6k6986717,,failed,0,0,,no_usable_pages,known,,,bpt6k6986717: no usable pages in manifest.,2026-07-17T17:00:33.714941
univers,bpt6k698672m,,failed,0,0,,no_usable_pages,known,,,bpt6k698672m: no usable pages in manifest.,2026-07-17T17:00:34.004332
univers,bpt6k6986730,,failed,0,0,,no_usable_pages,known,,,bpt6k6986730: no usable pages in manifest.,2026-07-17T17:00:34.361194
univers,bpt6k698674c,,failed,0,0,,no_usable_pages,known,,,bpt6k698674c: no usable pages in manifest.,2026-07-17T17:00:34.670223
univers,bpt6k698675r,,failed,0,0,,no_usable_pages,known,,,bpt6k698675r: no usable pages in manifest.,2026-07-17T17:00:34.919026
univers,bpt6k6986764,,failed,0,0,,no_usable_pages,known,,,bpt6k6986764: no usable pages in manifest.,2026-07-17T17:00:35.137900
univers,bpt6k698678w,,failed,0,0,,no_usable_pages,known,,,bpt6k698678w: no usable pages in manifest.,2026-07-17T17:00:35.473866
univers,bpt6k6986798,,failed,0,0,,no_usable_pages,known,,,bpt6k6986798: no usable pages in manifest.,2026-07-17T17:00:35.738657
univers,bpt6k6986806,,failed,0,0,,no_usable_pages,known,,,bpt6k6986806: no usable pages in manifest.,2026-07-17T17:00:35.895834
univers,bpt6k698681k,,failed,0,0,,no_usable_pages,known,,,bpt6k698681k: no usable pages in manifest.,2026-07-17T17:00:36.120324
univers,bpt6k698682z,,failed,0,0,,no_usable_pages,known,,,bpt6k698682z: no usable pages in manifest.,2026-07-17T17:00:36.292573
univers,bpt6k698683b,,failed,0,0,,no_usable_pages,known,,,bpt6k698683b: no usable pages in manifest.,2026-07-17T17:00:36.550435
univers,bpt6k698684q,,failed,0,0,,no_usable_pages,known,,,bpt6k698684q: no usable pages in manifest.,2026-07-17T17:00:36.720776
univers,bpt6k6986853,,failed,0,0,,no_usable_pages,known,,,bpt6k6986853: no usable pages in manifest.,2026-07-17T17:00:36.936299
univers,bpt6k698686g,,failed,0,0,,no_usable_pages,known,,,bpt6k698686g: no usable pages in manifest.,2026-07-17T17:00:37.110143
univers,bpt6k698687v,,failed,0,0,,no_usable_pages,known,,,bpt6k698687v: no usable pages in manifest.,2026-07-17T17:00:37.303928
univers,bpt6k6986887,,failed,0,0,,no_usable_pages,known,,,bpt6k6986887: no usable pages in manifest.,2026-07-17T17:00:37.590333
univers,bpt6k698689m,,failed,0,0,,no_usable_pages,known,,,bpt6k698689m: no usable pages in manifest.,2026-07-17T17:00:37.848466
univers,bpt6k698690j,,failed,0,0,,no_usable_pages,known,,,bpt6k698690j: no usable pages in manifest.,2026-07-17T17:00:38.157578
univers,bpt6k698691x,,failed,0,0,,no_usable_pages,known,,,bpt6k698691x: no usable pages in manifest.,2026-07-17T17:00:38.363508
univers,bpt6k6986929,,failed,0,0,,no_usable_pages,known,,,bpt6k6986929: no usable pages in manifest.,2026-07-17T17:00:38.945189
univers,bpt6k698693p,,failed,0,0,,no_usable_pages,known,,,bpt6k698693p: no usable pages in manifest.,2026-07-17T17:00:39.205441
univers,bpt6k6986942,,failed,0,0,,no_usable_pages,known,,,bpt6k6986942: no usable pages in manifest.,2026-07-17T17:00:39.383103
univers,bpt6k698695f,,failed,0,0,,no_usable_pages,known,,,bpt6k698695f: no usable pages in manifest.,2026-07-17T17:00:39.584834
univers,bpt6k698696t,,failed,0,0,,no_usable_pages,known,,,bpt6k698696t: no usable pages in manifest.,2026-07-17T17:00:39.905306
univers,bpt6k6986976,,failed,0,0,,no_usable_pages,known,,,bpt6k6986976: no usable pages in manifest.,2026-07-17T17:00:40.111461
univers,bpt6k698698k,,failed,0,0,,no_usable_pages,known,,,bpt6k698698k: no usable pages in manifest.,2026-07-17T17:00:40.420872
univers,bpt6k698699z,,failed,0,0,,no_usable_pages,known,,,bpt6k698699z: no usable pages in manifest.,2026-07-17T17:00:40.601607
univers,bpt6k698700r,,failed,0,0,,no_usable_pages,known,,,bpt6k698700r: no usable pages in manifest.,2026-07-17T17:00:40.922842
univers,bpt6k6987014,,failed,0,0,,no_usable_pages,known,,,bpt6k6987014: no usable pages in manifest.,2026-07-17T17:00:41.108133
univers,bpt6k698777t,,failed,0,0,,no_usable_pages,known,,,bpt6k698777t: no usable pages in manifest.,2026-07-17T17:00:41.299412
univers,bpt6k6987786,,failed,0,0,,no_usable_pages,known,,,bpt6k6987786: no usable pages in manifest.,2026-07-17T17:00:41.515985
univers,bpt6k698779k,,failed,0,0,,no_usable_pages,known,,,bpt6k698779k: no usable pages in manifest.,2026-07-17T17:00:41.728495
univers,bpt6k698780h,,failed,0,0,,no_usable_pages,known,,,bpt6k698780h: no usable pages in manifest.,2026-07-17T17:00:42.060625
univers,bpt6k698781w,,failed,0,0,,no_usable_pages,known,,,bpt6k698781w: no usable pages in manifest.,2026-07-17T17:00:42.246635
univers,bpt6k6987828,,failed,0,0,,no_usable_pages,known,,,bpt6k6987828: no usable pages in manifest.,2026-07-17T17:00:42.505599
univers,bpt6k698783n,,failed,0,0,,no_usable_pages,known,,,bpt6k698783n: no usable pages in manifest.,2026-07-17T17:00:42.725838
univers,bpt6k6987841,,failed,0,0,,no_usable_pages,known,,,bpt6k6987841: no usable pages in manifest.,2026-07-17T17:00:42.887537
univers,bpt6k698785d,,failed,0,0,,no_usable_pages,known,,,bpt6k698785d: no usable pages in manifest.,2026-07-17T17:00:43.137229
univers,bpt6k698786s,,failed,0,0,,no_usable_pages,known,,,bpt6k698786s: no usable pages in manifest.,2026-07-17T17:00:43.301153
univers,bpt6k6987875,,failed,0,0,,no_usable_pages,known,,,bpt6k6987875: no usable pages in manifest.,2026-07-17T17:00:43.519809
univers,bpt6k698788j,,failed,0,0,,no_usable_pages,known,,,bpt6k698788j: no usable pages in manifest.,2026-07-17T17:00:43.768071
univers,bpt6k698789x,,failed,0,0,,no_usable_pages,known,,,bpt6k698789x: no usable pages in manifest.,2026-07-17T17:00:44.280974
univers,bpt6k698790v,,failed,0,0,,no_usable_pages,known,,,bpt6k698790v: no usable pages in manifest.,2026-07-17T17:00:44.646825
univers,bpt6k6987917,,failed,0,0,,no_usable_pages,known,,,bpt6k6987917: no usable pages in manifest.,2026-07-17T17:00:44.819581
univers,bpt6k698792m,,failed,0,0,,no_usable_pages,known,,,bpt6k698792m: no usable pages in manifest.,2026-07-17T17:00:45.002064
univers,bpt6k6987930,,failed,0,0,,no_usable_pages,known,,,bpt6k6987930: no usable pages in manifest.,2026-07-17T17:00:45.243182
univers,bpt6k698794c,,failed,0,0,,no_usable_pages,known,,,bpt6k698794c: no usable pages in manifest.,2026-07-17T17:00:45.388393
univers,bpt6k698795r,,failed,0,0,,no_usable_pages,known,,,bpt6k698795r: no usable pages in manifest.,2026-07-17T17:00:45.730155
univers,bpt6k6987964,,failed,0,0,,no_usable_pages,known,,,bpt6k6987964: no usable pages in manifest.,2026-07-17T17:00:45.998381
univers,bpt6k698797h,,failed,0,0,,no_usable_pages,known,,,bpt6k698797h: no usable pages in manifest.,2026-07-17T17:00:46.327287
univers,bpt6k698798w,,failed,0,0,,no_usable_pages,known,,,bpt6k698798w: no usable pages in manifest.,2026-07-17T17:00:46.690006
univers,bpt6k6987998,,failed,0,0,,no_usable_pages,known,,,bpt6k6987998: no usable pages in manifest.,2026-07-17T17:00:47.193696
univers,bpt6k6988002,,failed,0,0,,no_usable_pages,known,,,bpt6k6988002: no usable pages in manifest.,2026-07-17T17:00:47.449182
univers,bpt6k698801f,,failed,0,0,,no_usable_pages,known,,,bpt6k698801f: no usable pages in manifest.,2026-07-17T17:00:47.695856
univers,bpt6k698802t,,failed,0,0,,no_usable_pages,known,,,bpt6k698802t: no usable pages in manifest.,2026-07-17T17:00:47.896926
univers,bpt6k6988036,,failed,0,0,,no_usable_pages,known,,,bpt6k6988036: no usable pages in manifest.,2026-07-17T17:00:48.146220
univers,bpt6k698804k,,failed,0,0,,no_usable_pages,known,,,bpt6k698804k: no usable pages in manifest.,2026-07-17T17:00:48.340120
univers,bpt6k698805z,,failed,0,0,,no_usable_pages,known,,,bpt6k698805z: no usable pages in manifest.,2026-07-17T17:00:48.488121
univers,bpt6k698806b,,failed,0,0,,no_usable_pages,known,,,bpt6k698806b: no usable pages in manifest.,2026-07-17T17:00:48.686881
univers,bpt6k698807q,,failed,0,0,,no_usable_pages,known,,,bpt6k698807q: no usable pages in manifest.,2026-07-17T17:00:48.918304
univers,bpt6k6988083,,failed,0,0,,no_usable_pages,known,,,bpt6k6988083: no usable pages in manifest.,2026-07-17T17:00:49.493747
univers,bpt6k698809g,,failed,0,0,,no_usable_pages,known,,,bpt6k698809g: no usable pages in manifest.,2026-07-17T17:00:49.785656
univers,bpt6k698810d,,failed,0,0,,no_usable_pages,known,,,bpt6k698810d: no usable pages in manifest.,2026-07-17T17:00:50.044536
univers,bpt6k698811s,,failed,0,0,,no_usable_pages,known,,,bpt6k698811s: no usable pages in manifest.,2026-07-17T17:00:50.391537
univers,bpt6k6988125,,failed,0,0,,no_usable_pages,known,,,bpt6k6988125: no usable pages in manifest.,2026-07-17T17:00:50.583608
univers,bpt6k698813j,,failed,0,0,,no_usable_pages,known,,,bpt6k698813j: no usable pages in manifest.,2026-07-17T17:00:50.748724
univers,bpt6k698814x,,failed,0,0,,no_usable_pages,known,,,bpt6k698814x: no usable pages in manifest.,2026-07-17T17:00:50.906186
univers,bpt6k6988159,,failed,0,0,,no_usable_pages,known,,,bpt6k6988159: no usable pages in manifest.,2026-07-17T17:00:51.094574
univers,bpt6k698816p,,failed,0,0,,no_usable_pages,known,,,bpt6k698816p: no usable pages in manifest.,2026-07-17T17:00:51.367568
univers,bpt6k6988172,,failed,0,0,,no_usable_pages,known,,,bpt6k6988172: no usable pages in manifest.,2026-07-17T17:00:51.596326
univers,bpt6k698818f,,failed,0,0,,no_usable_pages,known,,,bpt6k698818f: no usable pages in manifest.,2026-07-17T17:00:51.874871
univers,bpt6k698819t,,failed,0,0,,no_usable_pages,known,,,bpt6k698819t: no usable pages in manifest.,2026-07-17T17:00:52.135089
univers,bpt6k698820r,,failed,0,0,,no_usable_pages,known,,,bpt6k698820r: no usable pages in manifest.,2026-07-17T17:00:52.331773
univers,bpt6k6988214,,failed,0,0,,no_usable_pages,known,,,bpt6k6988214: no usable pages in manifest.,2026-07-17T17:00:52.712357
univers,bpt6k698822h,,failed,0,0,,no_usable_pages,known,,,bpt6k698822h: no usable pages in manifest.,2026-07-17T17:00:52.874061
univers,bpt6k698823w,,failed,0,0,,no_usable_pages,known,,,bpt6k698823w: no usable pages in manifest.,2026-07-17T17:00:53.069634
univers,bpt6k6988248,,failed,0,0,,no_usable_pages,known,,,bpt6k6988248: no usable pages in manifest.,2026-07-17T17:00:53.247412
univers,bpt6k698825n,,failed,0,0,,no_usable_pages,known,,,bpt6k698825n: no usable pages in manifest.,2026-07-17T17:00:53.442563
univers,bpt6k6988261,,failed,0,0,,no_usable_pages,known,,,bpt6k6988261: no usable pages in manifest.,2026-07-17T17:00:53.734174
univers,bpt6k698827d,,failed,0,0,,no_usable_pages,known,,,bpt6k698827d: no usable pages in manifest.,2026-07-17T17:00:53.889162
univers,bpt6k698828s,,failed,0,0,,no_usable_pages,known,,,bpt6k698828s: no usable pages in manifest.,2026-07-17T17:00:54.069242
univers,bpt6k6988295,,failed,0,0,,no_usable_pages,known,,,bpt6k6988295: no usable pages in manifest.,2026-07-17T17:00:54.258202
univers,bpt6k6988303,,failed,0,0,,no_usable_pages,known,,,bpt6k6988303: no usable pages in manifest.,2026-07-17T17:00:54.438088
univers,bpt6k698831g,,failed,0,0,,no_usable_pages,known,,,bpt6k698831g: no usable pages in manifest.,2026-07-17T17:00:55.041001
univers,bpt6k698832v,,failed,0,0,,no_usable_pages,known,,,bpt6k698832v: no usable pages in manifest.,2026-07-17T17:00:55.264485
univers,bpt6k6988337,,failed,0,0,,no_usable_pages,known,,,bpt6k6988337: no usable pages in manifest.,2026-07-17T17:00:55.486503
univers,bpt6k698834m,,failed,0,0,,no_usable_pages,known,,,bpt6k698834m: no usable pages in manifest.,2026-07-17T17:00:55.894338
univers,bpt6k6988350,,failed,0,0,,no_usable_pages,known,,,bpt6k6988350: no usable pages in manifest.,2026-07-17T17:00:56.104559
univers,bpt6k698836c,,failed,0,0,,no_usable_pages,known,,,bpt6k698836c: no usable pages in manifest.,2026-07-17T17:00:56.281010
univers,bpt6k698837r,,failed,0,0,,no_usable_pages,known,,,bpt6k698837r: no usable pages in manifest.,2026-07-17T17:00:56.479466
univers,bpt6k6988384,,failed,0,0,,no_usable_pages,known,,,bpt6k6988384: no usable pages in manifest.,2026-07-17T17:00:56.641081
univers,bpt6k698839h,,failed,0,0,,no_usable_pages,known,,,bpt6k698839h: no usable pages in manifest.,2026-07-17T17:00:56.955856
univers,bpt6k698840f,,failed,0,0,,no_usable_pages,known,,,bpt6k698840f: no usable pages in manifest.,2026-07-17T17:00:57.160882
univers,bpt6k698841t,,failed,0,0,,no_usable_pages,known,,,bpt6k698841t: no usable pages in manifest.,2026-07-17T17:00:57.348454
univers,bpt6k6988426,,failed,0,0,,no_usable_pages,known,,,bpt6k6988426: no usable pages in manifest.,2026-07-17T17:00:57.567819
univers,bpt6k698843k,,failed,0,0,,no_usable_pages,known,,,bpt6k698843k: no usable pages in manifest.,2026-07-17T17:00:57.779597
univers,bpt6k698844z,,failed,0,0,,no_usable_pages,known,,,bpt6k698844z: no usable pages in manifest.,2026-07-17T17:00:58.061714
univers,bpt6k698845b,,failed,0,0,,no_usable_pages,known,,,bpt6k698845b: no usable pages in manifest.,2026-07-17T17:00:58.239637
univers,bpt6k698846q,,failed,0,0,,no_usable_pages,known,,,bpt6k698846q: no usable pages in manifest.,2026-07-17T17:00:58.441156
univers,bpt6k6988473,,failed,0,0,,no_usable_pages,known,,,bpt6k6988473: no usable pages in manifest.,2026-07-17T17:00:58.636477
univers,bpt6k698848g,,failed,0,0,,no_usable_pages,known,,,bpt6k698848g: no usable pages in manifest.,2026-07-17T17:00:58.835332
univers,bpt6k698849v,,failed,0,0,,no_usable_pages,known,,,bpt6k698849v: no usable pages in manifest.,2026-07-17T17:00:59.074285
univers,bpt6k698850s,,failed,0,0,,no_usable_pages,known,,,bpt6k698850s: no usable pages in manifest.,2026-07-17T17:00:59.260565
univers,bpt6k6988515,,failed,0,0,,no_usable_pages,known,,,bpt6k6988515: no usable pages in manifest.,2026-07-17T17:00:59.502016
univers,bpt6k698852j,,failed,0,0,,no_usable_pages,known,,,bpt6k698852j: no usable pages in manifest.,2026-07-17T17:00:59.676568
univers,bpt6k698853x,,failed,0,0,,no_usable_pages,known,,,bpt6k698853x: no usable pages in manifest.,2026-07-17T17:00:59.905212
univers,bpt6k6988549,,failed,0,0,,no_usable_pages,known,,,bpt6k6988549: no usable pages in manifest.,2026-07-17T17:01:00.500152
univers,bpt6k698855p,,failed,0,0,,no_usable_pages,known,,,bpt6k698855p: no usable pages in manifest.,2026-07-17T17:01:00.814926
univers,bpt6k6988562,,failed,0,0,,no_usable_pages,known,,,bpt6k6988562: no usable pages in manifest.,2026-07-17T17:01:00.965494
univers,bpt6k698857f,,failed,0,0,,no_usable_pages,known,,,bpt6k698857f: no usable pages in manifest.,2026-07-17T17:01:01.252581
univers,bpt6k698858t,,failed,0,0,,no_usable_pages,known,,,bpt6k698858t: no usable pages in manifest.,2026-07-17T17:01:01.530089
univers,bpt6k6988596,,failed,0,0,,no_usable_pages,known,,,bpt6k6988596: no usable pages in manifest.,2026-07-17T17:01:01.714455
univers,bpt6k6988604,,failed,0,0,,no_usable_pages,known,,,bpt6k6988604: no usable pages in manifest.,2026-07-17T17:01:01.892062
univers,bpt6k698861h,,failed,0,0,,no_usable_pages,known,,,bpt6k698861h: no usable pages in manifest.,2026-07-17T17:01:02.062240
univers,bpt6k698862w,,failed,0,0,,no_usable_pages,known,,,bpt6k698862w: no usable pages in manifest.,2026-07-17T17:01:02.302883
univers,bpt6k6988638,,failed,0,0,,no_usable_pages,known,,,bpt6k6988638: no usable pages in manifest.,2026-07-17T17:01:02.547463
univers,bpt6k698864n,,failed,0,0,,no_usable_pages,known,,,bpt6k698864n: no usable pages in manifest.,2026-07-17T17:01:02.717654
univers,bpt6k6988651,,failed,0,0,,no_usable_pages,known,,,bpt6k6988651: no usable pages in manifest.,2026-07-17T17:01:02.916880
univers,bpt6k698866d,,failed,0,0,,no_usable_pages,known,,,bpt6k698866d: no usable pages in manifest.,2026-07-17T17:01:03.145225
univers,bpt6k698867s,,failed,0,0,,no_usable_pages,known,,,bpt6k698867s: no usable pages in manifest.,2026-07-17T17:01:03.417067
univers,bpt6k6988685,,failed,0,0,,no_usable_pages,known,,,bpt6k6988685: no usable pages in manifest.,2026-07-17T17:01:03.759450
univers,bpt6k698869j,,failed,0,0,,no_usable_pages,known,,,bpt6k698869j: no usable pages in manifest.,2026-07-17T17:01:03.985069
univers,bpt6k698870g,,failed,0,0,,no_usable_pages,known,,,bpt6k698870g: no usable pages in manifest.,2026-07-17T17:01:04.219857
univers,bpt6k698871v,,failed,0,0,,no_usable_pages,known,,,bpt6k698871v: no usable pages in manifest.,2026-07-17T17:01:04.442416
univers,bpt6k6988727,,failed,0,0,,no_usable_pages,known,,,bpt6k6988727: no usable pages in manifest.,2026-07-17T17:01:04.638529
univers,bpt6k698873m,,failed,0,0,,no_usable_pages,known,,,bpt6k698873m: no usable pages in manifest.,2026-07-17T17:01:04.772007
univers,bpt6k6988740,,failed,0,0,,no_usable_pages,known,,,bpt6k6988740: no usable pages in manifest.,2026-07-17T17:01:04.963908
univers,bpt6k698875c,,failed,0,0,,no_usable_pages,known,,,bpt6k698875c: no usable pages in manifest.,2026-07-17T17:01:05.134381
univers,bpt6k698876r,,failed,0,0,,no_usable_pages,known,,,bpt6k698876r: no usable pages in manifest.,2026-07-17T17:01:05.364526
univers,bpt6k6988774,,failed,0,0,,no_usable_pages,known,,,bpt6k6988774: no usable pages in manifest.,2026-07-17T17:01:05.859550
univers,bpt6k698878h,,failed,0,0,,no_usable_pages,known,,,bpt6k698878h: no usable pages in manifest.,2026-07-17T17:01:06.058660
univers,bpt6k698879w,,failed,0,0,,no_usable_pages,known,,,bpt6k698879w: no usable pages in manifest.,2026-07-17T17:01:06.269487
univers,bpt6k698880t,,failed,0,0,,no_usable_pages,known,,,bpt6k698880t: no usable pages in manifest.,2026-07-17T17:01:06.458944
univers,bpt6k6988816,,failed,0,0,,no_usable_pages,known,,,bpt6k6988816: no usable pages in manifest.,2026-07-17T17:01:06.745715
univers,bpt6k698882k,,failed,0,0,,no_usable_pages,known,,,bpt6k698882k: no usable pages in manifest.,2026-07-17T17:01:06.994178
univers,bpt6k698883z,,failed,0,0,,no_usable_pages,known,,,bpt6k698883z: no usable pages in manifest.,2026-07-17T17:01:07.231819
univers,bpt6k698884b,,failed,0,0,,no_usable_pages,known,,,bpt6k698884b: no usable pages in manifest.,2026-07-17T17:01:07.442430
univers,bpt6k698885q,,failed,0,0,,no_usable_pages,known,,,bpt6k698885q: no usable pages in manifest.,2026-07-17T17:01:07.644944
univers,bpt6k6988863,,failed,0,0,,no_usable_pages,known,,,bpt6k6988863: no usable pages in manifest.,2026-07-17T17:01:07.987446
univers,bpt6k698887g,,failed,0,0,,no_usable_pages,known,,,bpt6k698887g: no usable pages in manifest.,2026-07-17T17:01:08.152199
univers,bpt6k698888v,,failed,0,0,,no_usable_pages,known,,,bpt6k698888v: no usable pages in manifest.,2026-07-17T17:01:08.329315
univers,bpt6k6988897,,failed,0,0,,no_usable_pages,known,,,bpt6k6988897: no usable pages in manifest.,2026-07-17T17:01:08.510342
univers,bpt6k6988905,,failed,0,0,,no_usable_pages,known,,,bpt6k6988905: no usable pages in manifest.,2026-07-17T17:01:08.700297
univers,bpt6k698891j,,failed,0,0,,no_usable_pages,known,,,bpt6k698891j: no usable pages in manifest.,2026-07-17T17:01:09.069482
univers,bpt6k698892x,,failed,0,0,,no_usable_pages,known,,,bpt6k698892x: no usable pages in manifest.,2026-07-17T17:01:09.255759
univers,bpt6k6988939,,failed,0,0,,no_usable_pages,known,,,bpt6k6988939: no usable pages in manifest.,2026-07-17T17:01:09.435957
univers,bpt6k698894p,,failed,0,0,,no_usable_pages,known,,,bpt6k698894p: no usable pages in manifest.,2026-07-17T17:01:09.646690
univers,bpt6k6988952,,failed,0,0,,no_usable_pages,known,,,bpt6k6988952: no usable pages in manifest.,2026-07-17T17:01:09.833749
univers,bpt6k698896f,,failed,0,0,,no_usable_pages,known,,,bpt6k698896f: no usable pages in manifest.,2026-07-17T17:01:10.163846
univers,bpt6k698897t,,failed,0,0,,no_usable_pages,known,,,bpt6k698897t: no usable pages in manifest.,2026-07-17T17:01:10.371780
univers,bpt6k6988986,,failed,0,0,,no_usable_pages,known,,,bpt6k6988986: no usable pages in manifest.,2026-07-17T17:01:10.606044
univers,bpt6k698899k,,failed,0,0,,no_usable_pages,known,,,bpt6k698899k: no usable pages in manifest.,2026-07-17T17:01:10.768592
univers,bpt6k698900c,,failed,0,0,,no_usable_pages,known,,,bpt6k698900c: no usable pages in manifest.,2026-07-17T17:01:11.037988
univers,bpt6k698901r,,failed,0,0,,no_usable_pages,known,,,bpt6k698901r: no usable pages in manifest.,2026-07-17T17:01:11.633740
univers,bpt6k6989024,,failed,0,0,,no_usable_pages,known,,,bpt6k6989024: no usable pages in manifest.,2026-07-17T17:01:11.786840
univers,bpt6k698903h,,failed,0,0,,no_usable_pages,known,,,bpt6k698903h: no usable pages in manifest.,2026-07-17T17:01:11.945965
univers,bpt6k698904w,,failed,0,0,,no_usable_pages,known,,,bpt6k698904w: no usable pages in manifest.,2026-07-17T17:01:12.182055
univers,bpt6k6989058,,failed,0,0,,no_usable_pages,known,,,bpt6k6989058: no usable pages in manifest.,2026-07-17T17:01:12.368540
univers,bpt6k698906n,,failed,0,0,,no_usable_pages,known,,,bpt6k698906n: no usable pages in manifest.,2026-07-17T17:01:12.710062
univers,bpt6k6989071,,failed,0,0,,no_usable_pages,known,,,bpt6k6989071: no usable pages in manifest.,2026-07-17T17:01:12.870758
univers,bpt6k698908d,,failed,0,0,,no_usable_pages,known,,,bpt6k698908d: no usable pages in manifest.,2026-07-17T17:01:13.033852
univers,bpt6k698909s,,failed,0,0,,no_usable_pages,known,,,bpt6k698909s: no usable pages in manifest.,2026-07-17T17:01:13.189132
univers,bpt6k698910q,,failed,0,0,,no_usable_pages,known,,,bpt6k698910q: no usable pages in manifest.,2026-07-17T17:01:13.360384
univers,bpt6k6989113,,failed,0,0,,no_usable_pages,known,,,bpt6k6989113: no usable pages in manifest.,2026-07-17T17:01:13.622189
univers,bpt6k698912g,,failed,0,0,,no_usable_pages,known,,,bpt6k698912g: no usable pages in manifest.,2026-07-17T17:01:13.844640
univers,bpt6k698913v,,failed,0,0,,no_usable_pages,known,,,bpt6k698913v: no usable pages in manifest.,2026-07-17T17:01:13.986653
univers,bpt6k6989147,,failed,0,0,,no_usable_pages,known,,,bpt6k6989147: no usable pages in manifest.,2026-07-17T17:01:14.225419
univers,bpt6k698915m,,failed,0,0,,no_usable_pages,known,,,bpt6k698915m: no usable pages in manifest.,2026-07-17T17:01:14.408277
univers,bpt6k698921f,,failed,0,0,,no_usable_pages,known,,,bpt6k698921f: no usable pages in manifest.,2026-07-17T17:01:14.660728
univers,bpt6k698922t,,failed,0,0,,no_usable_pages,known,,,bpt6k698922t: no usable pages in manifest.,2026-07-17T17:01:14.852050
univers,bpt6k6989236,,failed,0,0,,no_usable_pages,known,,,bpt6k6989236: no usable pages in manifest.,2026-07-17T17:01:15.048237
univers,bpt6k698924k,,failed,0,0,,no_usable_pages,known,,,bpt6k698924k: no usable pages in manifest.,2026-07-17T17:01:15.231731
univers,bpt6k698925z,,failed,0,0,,no_usable_pages,known,,,bpt6k698925z: no usable pages in manifest.,2026-07-17T17:01:15.442300
univers,bpt6k698926b,,failed,0,0,,no_usable_pages,known,,,bpt6k698926b: no usable pages in manifest.,2026-07-17T17:01:15.682202
univers,bpt6k698927q,,failed,0,0,,no_usable_pages,known,,,bpt6k698927q: no usable pages in manifest.,2026-07-17T17:01:15.960246
univers,bpt6k6989283,,failed,0,0,,no_usable_pages,known,,,bpt6k6989283: no usable pages in manifest.,2026-07-17T17:01:16.138655
univers,bpt6k698929g,,failed,0,0,,no_usable_pages,known,,,bpt6k698929g: no usable pages in manifest.,2026-07-17T17:01:16.337125
univers,bpt6k698930d,,failed,0,0,,no_usable_pages,known,,,bpt6k698930d: no usable pages in manifest.,2026-07-17T17:01:16.709429
univers,bpt6k698931s,,failed,0,0,,no_usable_pages,known,,,bpt6k698931s: no usable pages in manifest.,2026-07-17T17:01:17.222761
univers,bpt6k6989325,,failed,0,0,,no_usable_pages,known,,,bpt6k6989325: no usable pages in manifest.,2026-07-17T17:01:17.406028
univers,bpt6k698933j,,failed,0,0,,no_usable_pages,known,,,bpt6k698933j: no usable pages in manifest.,2026-07-17T17:01:17.600462
univers,bpt6k698934x,,failed,0,0,,no_usable_pages,known,,,bpt6k698934x: no usable pages in manifest.,2026-07-17T17:01:17.842231
univers,bpt6k6989359,,failed,0,0,,no_usable_pages,known,,,bpt6k6989359: no usable pages in manifest.,2026-07-17T17:01:18.027827
univers,bpt6k698936p,,failed,0,0,,no_usable_pages,known,,,bpt6k698936p: no usable pages in manifest.,2026-07-17T17:01:18.346189
univers,bpt6k6989372,,failed,0,0,,no_usable_pages,known,,,bpt6k6989372: no usable pages in manifest.,2026-07-17T17:01:18.566050
univers,bpt6k698938f,,failed,0,0,,no_usable_pages,known,,,bpt6k698938f: no usable pages in manifest.,2026-07-17T17:01:18.786893
univers,bpt6k698939t,,failed,0,0,,no_usable_pages,known,,,bpt6k698939t: no usable pages in manifest.,2026-07-17T17:01:19.006510
univers,bpt6k698940r,,failed,0,0,,no_usable_pages,known,,,bpt6k698940r: no usable pages in manifest.,2026-07-17T17:01:19.175943
univers,bpt6k6989414,,failed,0,0,,no_usable_pages,known,,,bpt6k6989414: no usable pages in manifest.,2026-07-17T17:01:19.529156
univers,bpt6k698942h,,failed,0,0,,no_usable_pages,known,,,bpt6k698942h: no usable pages in manifest.,2026-07-17T17:01:19.747478
univers,bpt6k698943w,,failed,0,0,,no_usable_pages,known,,,bpt6k698943w: no usable pages in manifest.,2026-07-17T17:01:19.921673
univers,bpt6k6989448,,failed,0,0,,no_usable_pages,known,,,bpt6k6989448: no usable pages in manifest.,2026-07-17T17:01:20.236610
univers,bpt6k698945n,,failed,0,0,,no_usable_pages,known,,,bpt6k698945n: no usable pages in manifest.,2026-07-17T17:01:20.711724
univers,bpt6k6989461,,failed,0,0,,no_usable_pages,known,,,bpt6k6989461: no usable pages in manifest.,2026-07-17T17:01:20.841992
univers,bpt6k698947d,,failed,0,0,,no_usable_pages,known,,,bpt6k698947d: no usable pages in manifest.,2026-07-17T17:01:20.992483
univers,bpt6k698948s,,failed,0,0,,no_usable_pages,known,,,bpt6k698948s: no usable pages in manifest.,2026-07-17T17:01:21.145000
univers,bpt6k6989495,,failed,0,0,,no_usable_pages,known,,,bpt6k6989495: no usable pages in manifest.,2026-07-17T17:01:21.338461
univers,bpt6k6989503,,failed,0,0,,no_usable_pages,known,,,bpt6k6989503: no usable pages in manifest.,2026-07-17T17:01:21.717194
univers,bpt6k698951g,,failed,0,0,,no_usable_pages,known,,,bpt6k698951g: no usable pages in manifest.,2026-07-17T17:01:21.908975
univers,bpt6k698952v,,failed,0,0,,no_usable_pages,known,,,bpt6k698952v: no usable pages in manifest.,2026-07-17T17:01:22.201202
univers,bpt6k6989537,,failed,0,0,,no_usable_pages,known,,,bpt6k6989537: no usable pages in manifest.,2026-07-17T17:01:22.592527
univers,bpt6k698954m,,failed,0,0,,no_usable_pages,known,,,bpt6k698954m: no usable pages in manifest.,2026-07-17T17:01:22.889700
univers,bpt6k6989550,,failed,0,0,,no_usable_pages,known,,,bpt6k6989550: no usable pages in manifest.,2026-07-17T17:01:23.096585
univers,bpt6k698956c,,failed,0,0,,no_usable_pages,known,,,bpt6k698956c: no usable pages in manifest.,2026-07-17T17:01:23.272723
univers,bpt6k698957r,,failed,0,0,,no_usable_pages,known,,,bpt6k698957r: no usable pages in manifest.,2026-07-17T17:01:23.442557
univers,bpt6k6989584,,failed,0,0,,no_usable_pages,known,,,bpt6k6989584: no usable pages in manifest.,2026-07-17T17:01:23.634283
univers,bpt6k698959h,,failed,0,0,,no_usable_pages,known,,,bpt6k698959h: no usable pages in manifest.,2026-07-17T17:01:23.972933
univers,bpt6k698960f,,failed,0,0,,no_usable_pages,known,,,bpt6k698960f: no usable pages in manifest.,2026-07-17T17:01:24.169582
univers,bpt6k698961t,,failed,0,0,,no_usable_pages,known,,,bpt6k698961t: no usable pages in manifest.,2026-07-17T17:01:24.326667
univers,bpt6k6989626,,failed,0,0,,no_usable_pages,known,,,bpt6k6989626: no usable pages in manifest.,2026-07-17T17:01:24.530868
univers,bpt6k698963k,,failed,0,0,,no_usable_pages,known,,,bpt6k698963k: no usable pages in manifest.,2026-07-17T17:01:24.785126
univers,bpt6k698964z,,failed,0,0,,no_usable_pages,known,,,bpt6k698964z: no usable pages in manifest.,2026-07-17T17:01:25.081858
univers,bpt6k698965b,,failed,0,0,,no_usable_pages,known,,,bpt6k698965b: no usable pages in manifest.,2026-07-17T17:01:25.281681
univers,bpt6k698966q,,failed,0,0,,no_usable_pages,known,,,bpt6k698966q: no usable pages in manifest.,2026-07-17T17:01:25.507108
univers,bpt6k6989673,,failed,0,0,,no_usable_pages,known,,,bpt6k6989673: no usable pages in manifest.,2026-07-17T17:01:25.723573
univers,bpt6k698968g,,failed,0,0,,no_usable_pages,known,,,bpt6k698968g: no usable pages in manifest.,2026-07-17T17:01:25.971053
univers,bpt6k698969v,,failed,0,0,,no_usable_pages,known,,,bpt6k698969v: no usable pages in manifest.,2026-07-17T17:01:26.304374
univers,bpt6k698970s,,failed,0,0,,no_usable_pages,known,,,bpt6k698970s: no usable pages in manifest.,2026-07-17T17:01:26.465027
univers,bpt6k6989715,,failed,0,0,,no_usable_pages,known,,,bpt6k6989715: no usable pages in manifest.,2026-07-17T17:01:26.634115
univers,bpt6k698972j,,failed,0,0,,no_usable_pages,known,,,bpt6k698972j: no usable pages in manifest.,2026-07-17T17:01:26.890688
univers,bpt6k698973x,,failed,0,0,,no_usable_pages,known,,,bpt6k698973x: no usable pages in manifest.,2026-07-17T17:01:27.147604
univers,bpt6k6989749,,failed,0,0,,no_usable_pages,known,,,bpt6k6989749: no usable pages in manifest.,2026-07-17T17:01:27.475750
univers,bpt6k698975p,,failed,0,0,,no_usable_pages,known,,,bpt6k698975p: no usable pages in manifest.,2026-07-17T17:01:27.913866
univers,bpt6k6989762,,failed,0,0,,no_usable_pages,known,,,bpt6k6989762: no usable pages in manifest.,2026-07-17T17:01:28.193074
univers,bpt6k698977f,,failed,0,0,,no_usable_pages,known,,,bpt6k698977f: no usable pages in manifest.,2026-07-17T17:01:28.477043
univers,bpt6k698978t,,failed,0,0,,no_usable_pages,known,,,bpt6k698978t: no usable pages in manifest.,2026-07-17T17:01:28.736183
univers,bpt6k6989796,,failed,0,0,,no_usable_pages,known,,,bpt6k6989796: no usable pages in manifest.,2026-07-17T17:01:28.924313
univers,bpt6k6989804,,failed,0,0,,no_usable_pages,known,,,bpt6k6989804: no usable pages in manifest.,2026-07-17T17:01:29.148860
univers,bpt6k698981h,,failed,0,0,,no_usable_pages,known,,,bpt6k698981h: no usable pages in manifest.,2026-07-17T17:01:29.339075
univers,bpt6k698982w,,failed,0,0,,no_usable_pages,known,,,bpt6k698982w: no usable pages in manifest.,2026-07-17T17:01:29.633676
univers,bpt6k6989838,,failed,0,0,,no_usable_pages,known,,,bpt6k6989838: no usable pages in manifest.,2026-07-17T17:01:29.875444
univers,bpt6k698984n,,failed,0,0,,no_usable_pages,known,,,bpt6k698984n: no usable pages in manifest.,2026-07-17T17:01:30.102552
univers,bpt6k6989851,,failed,0,0,,no_usable_pages,known,,,bpt6k6989851: no usable pages in manifest.,2026-07-17T17:01:30.325608
univers,bpt6k698986d,,failed,0,0,,no_usable_pages,known,,,bpt6k698986d: no usable pages in manifest.,2026-07-17T17:01:30.713820
univers,bpt6k698987s,,failed,0,0,,no_usable_pages,known,,,bpt6k698987s: no usable pages in manifest.,2026-07-17T17:01:30.881154
univers,bpt6k6989885,,failed,0,0,,no_usable_pages,known,,,bpt6k6989885: no usable pages in manifest.,2026-07-17T17:01:31.060673
univers,bpt6k698989j,,failed,0,0,,no_usable_pages,known,,,bpt6k698989j: no usable pages in manifest.,2026-07-17T17:01:31.214304
univers,bpt6k698990g,,failed,0,0,,no_usable_pages,known,,,bpt6k698990g: no usable pages in manifest.,2026-07-17T17:01:31.455131
univers,bpt6k698991v,,failed,0,0,,no_usable_pages,known,,,bpt6k698991v: no usable pages in manifest.,2026-07-17T17:01:31.686949
univers,bpt6k6989927,,failed,0,0,,no_usable_pages,known,,,bpt6k6989927: no usable pages in manifest.,2026-07-17T17:01:31.915025
univers,bpt6k698993m,,failed,0,0,,no_usable_pages,known,,,bpt6k698993m: no usable pages in manifest.,2026-07-17T17:01:32.099109
univers,bpt6k6989940,,failed,0,0,,no_usable_pages,known,,,bpt6k6989940: no usable pages in manifest.,2026-07-17T17:01:32.262518
univers,bpt6k698995c,,failed,0,0,,no_usable_pages,known,,,bpt6k698995c: no usable pages in manifest.,2026-07-17T17:01:32.426598
univers,bpt6k698996r,,failed,0,0,,no_usable_pages,known,,,bpt6k698996r: no usable pages in manifest.,2026-07-17T17:01:32.616199
univers,bpt6k6989974,,failed,0,0,,no_usable_pages,known,,,bpt6k6989974: no usable pages in manifest.,2026-07-17T17:01:32.917060
univers,bpt6k698998h,,failed,0,0,,no_usable_pages,known,,,bpt6k698998h: no usable pages in manifest.,2026-07-17T17:01:33.132291
univers,bpt6k698999w,,failed,0,0,,no_usable_pages,known,,,bpt6k698999w: no usable pages in manifest.,2026-07-17T17:01:33.601329
univers,bpt6k699000v,,failed,0,0,,no_usable_pages,known,,,bpt6k699000v: no usable pages in manifest.,2026-07-17T17:01:33.805387
univers,bpt6k6990017,,failed,0,0,,no_usable_pages,known,,,bpt6k6990017: no usable pages in manifest.,2026-07-17T17:01:34.097305
univers,bpt6k699002m,,failed,0,0,,no_usable_pages,known,,,bpt6k699002m: no usable pages in manifest.,2026-07-17T17:01:34.269814
univers,bpt6k6990030,,failed,0,0,,no_usable_pages,known,,,bpt6k6990030: no usable pages in manifest.,2026-07-17T17:01:34.432169
univers,bpt6k699004c,,failed,0,0,,no_usable_pages,known,,,bpt6k699004c: no usable pages in manifest.,2026-07-17T17:01:34.647228
univers,bpt6k699005r,,failed,0,0,,no_usable_pages,known,,,bpt6k699005r: no usable pages in manifest.,2026-07-17T17:01:34.841514
univers,bpt6k6990064,,failed,0,0,,no_usable_pages,known,,,bpt6k6990064: no usable pages in manifest.,2026-07-17T17:01:35.133866
univers,bpt6k699007h,,failed,0,0,,no_usable_pages,known,,,bpt6k699007h: no usable pages in manifest.,2026-07-17T17:01:35.321421
univers,bpt6k699008w,,failed,0,0,,no_usable_pages,known,,,bpt6k699008w: no usable pages in manifest.,2026-07-17T17:01:35.491732
univers,bpt6k6990098,,failed,0,0,,no_usable_pages,known,,,bpt6k6990098: no usable pages in manifest.,2026-07-17T17:01:35.768383
univers,bpt6k6990106,,failed,0,0,,no_usable_pages,known,,,bpt6k6990106: no usable pages in manifest.,2026-07-17T17:01:36.028641
univers,bpt6k699011k,,failed,0,0,,no_usable_pages,known,,,bpt6k699011k: no usable pages in manifest.,2026-07-17T17:01:36.316801
univers,bpt6k699012z,,failed,0,0,,no_usable_pages,known,,,bpt6k699012z: no usable pages in manifest.,2026-07-17T17:01:36.473835
univers,bpt6k699013b,,failed,0,0,,no_usable_pages,known,,,bpt6k699013b: no usable pages in manifest.,2026-07-17T17:01:36.677974
univers,bpt6k699014q,,failed,0,0,,no_usable_pages,known,,,bpt6k699014q: no usable pages in manifest.,2026-07-17T17:01:36.913903
univers,bpt6k6990153,,failed,0,0,,no_usable_pages,known,,,bpt6k6990153: no usable pages in manifest.,2026-07-17T17:01:37.169272
univers,bpt6k699149z,,failed,0,0,,no_usable_pages,known,,,bpt6k699149z: no usable pages in manifest.,2026-07-17T17:01:37.450559
univers,bpt6k699150w,,failed,0,0,,no_usable_pages,known,,,bpt6k699150w: no usable pages in manifest.,2026-07-17T17:01:37.664758
univers,bpt6k6991518,,failed,0,0,,no_usable_pages,known,,,bpt6k6991518: no usable pages in manifest.,2026-07-17T17:01:37.841483
univers,bpt6k699152n,,failed,0,0,,no_usable_pages,known,,,bpt6k699152n: no usable pages in manifest.,2026-07-17T17:01:38.155108
univers,bpt6k6991531,,failed,0,0,,no_usable_pages,known,,,bpt6k6991531: no usable pages in manifest.,2026-07-17T17:01:38.319100
univers,bpt6k699154d,,failed,0,0,,no_usable_pages,known,,,bpt6k699154d: no usable pages in manifest.,2026-07-17T17:01:38.598723
univers,bpt6k699155s,,failed,0,0,,no_usable_pages,known,,,bpt6k699155s: no usable pages in manifest.,2026-07-17T17:01:38.921289
univers,bpt6k6991565,,failed,0,0,,no_usable_pages,known,,,bpt6k6991565: no usable pages in manifest.,2026-07-17T17:01:39.188513
univers,bpt6k699157j,,failed,0,0,,no_usable_pages,known,,,bpt6k699157j: no usable pages in manifest.,2026-07-17T17:01:39.720950
univers,bpt6k699158x,,failed,0,0,,no_usable_pages,known,,,bpt6k699158x: no usable pages in manifest.,2026-07-17T17:01:39.895461
univers,bpt6k6991599,,failed,0,0,,no_usable_pages,known,,,bpt6k6991599: no usable pages in manifest.,2026-07-17T17:01:40.062530
univers,bpt6k6991607,,failed,0,0,,no_usable_pages,known,,,bpt6k6991607: no usable pages in manifest.,2026-07-17T17:01:40.234265
univers,bpt6k699161m,,failed,0,0,,no_usable_pages,known,,,bpt6k699161m: no usable pages in manifest.,2026-07-17T17:01:40.486951
univers,bpt6k6991620,,failed,0,0,,no_usable_pages,known,,,bpt6k6991620: no usable pages in manifest.,2026-07-17T17:01:40.903876
univers,bpt6k699163c,,failed,0,0,,no_usable_pages,known,,,bpt6k699163c: no usable pages in manifest.,2026-07-17T17:01:41.121054
univers,bpt6k699164r,,failed,0,0,,no_usable_pages,known,,,bpt6k699164r: no usable pages in manifest.,2026-07-17T17:01:41.279495
univers,bpt6k6991654,,failed,0,0,,no_usable_pages,known,,,bpt6k6991654: no usable pages in manifest.,2026-07-17T17:01:41.436008
univers,bpt6k699166h,,failed,0,0,,no_usable_pages,known,,,bpt6k699166h: no usable pages in manifest.,2026-07-17T17:01:41.634530
univers,bpt6k699167w,,failed,0,0,,no_usable_pages,known,,,bpt6k699167w: no usable pages in manifest.,2026-07-17T17:01:41.900838
univers,bpt6k6991688,,failed,0,0,,no_usable_pages,known,,,bpt6k6991688: no usable pages in manifest.,2026-07-17T17:01:42.107977
univers,bpt6k699169n,,failed,0,0,,no_usable_pages,known,,,bpt6k699169n: no usable pages in manifest.,2026-07-17T17:01:42.258035
univers,bpt6k699170k,,failed,0,0,,no_usable_pages,known,,,bpt6k699170k: no usable pages in manifest.,2026-07-17T17:01:42.445450
univers,bpt6k699171z,,failed,0,0,,no_usable_pages,known,,,bpt6k699171z: no usable pages in manifest.,2026-07-17T17:01:42.596918
univers,bpt6k699172b,,failed,0,0,,no_usable_pages,known,,,bpt6k699172b: no usable pages in manifest.,2026-07-17T17:01:42.896390
univers,bpt6k699173q,,failed,0,0,,no_usable_pages,known,,,bpt6k699173q: no usable pages in manifest.,2026-07-17T17:01:43.060518
univers,bpt6k6991743,,failed,0,0,,no_usable_pages,known,,,bpt6k6991743: no usable pages in manifest.,2026-07-17T17:01:43.259859
univers,bpt6k699175g,,failed,0,0,,no_usable_pages,known,,,bpt6k699175g: no usable pages in manifest.,2026-07-17T17:01:43.576630
univers,bpt6k699176v,,failed,0,0,,no_usable_pages,known,,,bpt6k699176v: no usable pages in manifest.,2026-07-17T17:01:43.816981
univers,bpt6k6991777,,failed,0,0,,no_usable_pages,known,,,bpt6k6991777: no usable pages in manifest.,2026-07-17T17:01:44.070684
univers,bpt6k699178m,,failed,0,0,,no_usable_pages,known,,,bpt6k699178m: no usable pages in manifest.,2026-07-17T17:01:44.266114
univers,bpt6k6991790,,failed,0,0,,no_usable_pages,known,,,bpt6k6991790: no usable pages in manifest.,2026-07-17T17:01:44.768169
univers,bpt6k699180x,,failed,0,0,,no_usable_pages,known,,,bpt6k699180x: no usable pages in manifest.,2026-07-17T17:01:45.233127
univers,bpt6k6991819,,failed,0,0,,no_usable_pages,known,,,bpt6k6991819: no usable pages in manifest.,2026-07-17T17:01:45.402014
univers,bpt6k699182p,,failed,0,0,,no_usable_pages,known,,,bpt6k699182p: no usable pages in manifest.,2026-07-17T17:01:45.584113
univers,bpt6k6991832,,failed,0,0,,no_usable_pages,known,,,bpt6k6991832: no usable pages in manifest.,2026-07-17T17:01:45.855578
univers,bpt6k699184f,,failed,0,0,,no_usable_pages,known,,,bpt6k699184f: no usable pages in manifest.,2026-07-17T17:01:46.293049
univers,bpt6k699185t,,failed,0,0,,no_usable_pages,known,,,bpt6k699185t: no usable pages in manifest.,2026-07-17T17:01:46.586917
univers,bpt6k6991866,,failed,0,0,,no_usable_pages,known,,,bpt6k6991866: no usable pages in manifest.,2026-07-17T17:01:46.811320
univers,bpt6k699187k,,failed,0,0,,no_usable_pages,known,,,bpt6k699187k: no usable pages in manifest.,2026-07-17T17:01:47.092953
univers,bpt6k699188z,,failed,0,0,,no_usable_pages,known,,,bpt6k699188z: no usable pages in manifest.,2026-07-17T17:01:47.433350
univers,bpt6k699189b,,failed,0,0,,no_usable_pages,known,,,bpt6k699189b: no usable pages in manifest.,2026-07-17T17:01:47.659390
univers,bpt6k6991908,,failed,0,0,,no_usable_pages,known,,,bpt6k6991908: no usable pages in manifest.,2026-07-17T17:01:47.863948
univers,bpt6k699191n,,failed,0,0,,no_usable_pages,known,,,bpt6k699191n: no usable pages in manifest.,2026-07-17T17:01:48.064239
univers,bpt6k6991921,,failed,0,0,,no_usable_pages,known,,,bpt6k6991921: no usable pages in manifest.,2026-07-17T17:01:48.295423
univers,bpt6k699193d,,failed,0,0,,no_usable_pages,known,,,bpt6k699193d: no usable pages in manifest.,2026-07-17T17:01:48.624832
univers,bpt6k699194s,,failed,0,0,,no_usable_pages,known,,,bpt6k699194s: no usable pages in manifest.,2026-07-17T17:01:48.818084
univers,bpt6k6991955,,failed,0,0,,no_usable_pages,known,,,bpt6k6991955: no usable pages in manifest.,2026-07-17T17:01:48.999727
univers,bpt6k699196j,,failed,0,0,,no_usable_pages,known,,,bpt6k699196j: no usable pages in manifest.,2026-07-17T17:01:49.181340
univers,bpt6k699197x,,failed,0,0,,no_usable_pages,known,,,bpt6k699197x: no usable pages in manifest.,2026-07-17T17:01:49.367490
univers,bpt6k6991989,,failed,0,0,,no_usable_pages,known,,,bpt6k6991989: no usable pages in manifest.,2026-07-17T17:01:49.678421
univers,bpt6k699199p,,failed,0,0,,no_usable_pages,known,,,bpt6k699199p: no usable pages in manifest.,2026-07-17T17:01:49.854454
univers,bpt6k699200g,,failed,0,0,,no_usable_pages,known,,,bpt6k699200g: no usable pages in manifest.,2026-07-17T17:01:50.077778
univers,bpt6k699201v,,failed,0,0,,no_usable_pages,known,,,bpt6k699201v: no usable pages in manifest.,2026-07-17T17:01:50.494129
univers,bpt6k6992027,,failed,0,0,,no_usable_pages,known,,,bpt6k6992027: no usable pages in manifest.,2026-07-17T17:01:51.098100
univers,bpt6k699203m,,failed,0,0,,no_usable_pages,known,,,bpt6k699203m: no usable pages in manifest.,2026-07-17T17:01:51.321444
univers,bpt6k6992040,,failed,0,0,,no_usable_pages,known,,,bpt6k6992040: no usable pages in manifest.,2026-07-17T17:01:51.512313
univers,bpt6k699205c,,failed,0,0,,no_usable_pages,known,,,bpt6k699205c: no usable pages in manifest.,2026-07-17T17:01:51.696355
univers,bpt6k699206r,,failed,0,0,,no_usable_pages,known,,,bpt6k699206r: no usable pages in manifest.,2026-07-17T17:01:52.041525
univers,bpt6k6992074,,failed,0,0,,no_usable_pages,known,,,bpt6k6992074: no usable pages in manifest.,2026-07-17T17:01:52.261388
univers,bpt6k699208h,,failed,0,0,,no_usable_pages,known,,,bpt6k699208h: no usable pages in manifest.,2026-07-17T17:01:52.497942
univers,bpt6k699209w,,failed,0,0,,no_usable_pages,known,,,bpt6k699209w: no usable pages in manifest.,2026-07-17T17:01:52.811379
univers,bpt6k699210t,,failed,0,0,,no_usable_pages,known,,,bpt6k699210t: no usable pages in manifest.,2026-07-17T17:01:53.239595
univers,bpt6k6992116,,failed,0,0,,no_usable_pages,known,,,bpt6k6992116: no usable pages in manifest.,2026-07-17T17:01:53.456252
univers,bpt6k699212k,,failed,0,0,,no_usable_pages,known,,,bpt6k699212k: no usable pages in manifest.,2026-07-17T17:01:53.699761
univers,bpt6k699213z,,failed,0,0,,no_usable_pages,known,,,bpt6k699213z: no usable pages in manifest.,2026-07-17T17:01:53.951819
univers,bpt6k699214b,,failed,0,0,,no_usable_pages,known,,,bpt6k699214b: no usable pages in manifest.,2026-07-17T17:01:54.233233
univers,bpt6k699215q,,failed,0,0,,no_usable_pages,known,,,bpt6k699215q: no usable pages in manifest.,2026-07-17T17:01:54.420293
univers,bpt6k6992163,,failed,0,0,,no_usable_pages,known,,,bpt6k6992163: no usable pages in manifest.,2026-07-17T17:01:54.600336
univers,bpt6k699217g,,failed,0,0,,no_usable_pages,known,,,bpt6k699217g: no usable pages in manifest.,2026-07-17T17:01:54.773673
univers,bpt6k699218v,,failed,0,0,,no_usable_pages,known,,,bpt6k699218v: no usable pages in manifest.,2026-07-17T17:01:54.982374
univers,bpt6k6992197,,failed,0,0,,no_usable_pages,known,,,bpt6k6992197: no usable pages in manifest.,2026-07-17T17:01:55.261830
univers,bpt6k6992205,,failed,0,0,,no_usable_pages,known,,,bpt6k6992205: no usable pages in manifest.,2026-07-17T17:01:55.517520
univers,bpt6k699221j,,failed,0,0,,no_usable_pages,known,,,bpt6k699221j: no usable pages in manifest.,2026-07-17T17:01:55.732683
univers,bpt6k699222x,,failed,0,0,,no_usable_pages,known,,,bpt6k699222x: no usable pages in manifest.,2026-07-17T17:01:55.938406
univers,bpt6k6992239,,failed,0,0,,no_usable_pages,known,,,bpt6k6992239: no usable pages in manifest.,2026-07-17T17:01:56.406377
univers,bpt6k699224p,,failed,0,0,,no_usable_pages,known,,,bpt6k699224p: no usable pages in manifest.,2026-07-17T17:01:56.593502
univers,bpt6k6992252,,failed,0,0,,no_usable_pages,known,,,bpt6k6992252: no usable pages in manifest.,2026-07-17T17:01:56.814347
univers,bpt6k699226f,,failed,0,0,,no_usable_pages,known,,,bpt6k699226f: no usable pages in manifest.,2026-07-17T17:01:57.005679
univers,bpt6k699227t,,failed,0,0,,no_usable_pages,known,,,bpt6k699227t: no usable pages in manifest.,2026-07-17T17:01:57.228240
univers,bpt6k6992286,,failed,0,0,,no_usable_pages,known,,,bpt6k6992286: no usable pages in manifest.,2026-07-17T17:01:57.564002
univers,bpt6k699229k,,failed,0,0,,no_usable_pages,known,,,bpt6k699229k: no usable pages in manifest.,2026-07-17T17:01:57.749440
univers,bpt6k699230h,,failed,0,0,,no_usable_pages,known,,,bpt6k699230h: no usable pages in manifest.,2026-07-17T17:01:57.925239
univers,bpt6k699231w,,failed,0,0,,no_usable_pages,known,,,bpt6k699231w: no usable pages in manifest.,2026-07-17T17:01:58.136529
univers,bpt6k6992328,,failed,0,0,,no_usable_pages,known,,,bpt6k6992328: no usable pages in manifest.,2026-07-17T17:01:58.324454
univers,bpt6k699233n,,failed,0,0,,no_usable_pages,known,,,bpt6k699233n: no usable pages in manifest.,2026-07-17T17:01:58.543770
univers,bpt6k6992341,,failed,0,0,,no_usable_pages,known,,,bpt6k6992341: no usable pages in manifest.,2026-07-17T17:01:58.823133
univers,bpt6k699235d,,failed,0,0,,no_usable_pages,known,,,bpt6k699235d: no usable pages in manifest.,2026-07-17T17:01:59.007017
univers,bpt6k699236s,,failed,0,0,,no_usable_pages,known,,,bpt6k699236s: no usable pages in manifest.,2026-07-17T17:01:59.220283
univers,bpt6k6992375,,failed,0,0,,no_usable_pages,known,,,bpt6k6992375: no usable pages in manifest.,2026-07-17T17:01:59.416543
univers,bpt6k699238j,,failed,0,0,,no_usable_pages,known,,,bpt6k699238j: no usable pages in manifest.,2026-07-17T17:01:59.755816
univers,bpt6k699239x,,failed,0,0,,no_usable_pages,known,,,bpt6k699239x: no usable pages in manifest.,2026-07-17T17:01:59.968343
univers,bpt6k699240v,,failed,0,0,,no_usable_pages,known,,,bpt6k699240v: no usable pages in manifest.,2026-07-17T17:02:00.185119
univers,bpt6k6992417,,failed,0,0,,no_usable_pages,known,,,bpt6k6992417: no usable pages in manifest.,2026-07-17T17:02:00.330645
univers,bpt6k699242m,,failed,0,0,,no_usable_pages,known,,,bpt6k699242m: no usable pages in manifest.,2026-07-17T17:02:00.538544
univers,bpt6k6992430,,failed,0,0,,no_usable_pages,known,,,bpt6k6992430: no usable pages in manifest.,2026-07-17T17:02:01.150290
univers,bpt6k699244c,,failed,0,0,,no_usable_pages,known,,,bpt6k699244c: no usable pages in manifest.,2026-07-17T17:02:01.369713
univers,bpt6k699245r,,failed,0,0,,no_usable_pages,known,,,bpt6k699245r: no usable pages in manifest.,2026-07-17T17:02:01.524236
univers,bpt6k6992464,,failed,0,0,,no_usable_pages,known,,,bpt6k6992464: no usable pages in manifest.,2026-07-17T17:02:01.779741
univers,bpt6k699247h,,failed,0,0,,no_usable_pages,known,,,bpt6k699247h: no usable pages in manifest.,2026-07-17T17:02:02.057384
univers,bpt6k699248w,,failed,0,0,,no_usable_pages,known,,,bpt6k699248w: no usable pages in manifest.,2026-07-17T17:02:02.256397
univers,bpt6k6992498,,failed,0,0,,no_usable_pages,known,,,bpt6k6992498: no usable pages in manifest.,2026-07-17T17:02:02.433842
univers,bpt6k6992506,,failed,0,0,,no_usable_pages,known,,,bpt6k6992506: no usable pages in manifest.,2026-07-17T17:02:02.617934
univers,bpt6k699251k,,failed,0,0,,no_usable_pages,known,,,bpt6k699251k: no usable pages in manifest.,2026-07-17T17:02:02.801723
univers,bpt6k699252z,,failed,0,0,,no_usable_pages,known,,,bpt6k699252z: no usable pages in manifest.,2026-07-17T17:02:03.150874
univers,bpt6k699253b,,failed,0,0,,no_usable_pages,known,,,bpt6k699253b: no usable pages in manifest.,2026-07-17T17:02:03.420214
univers,bpt6k699254q,,failed,0,0,,no_usable_pages,known,,,bpt6k699254q: no usable pages in manifest.,2026-07-17T17:02:03.597750
univers,bpt6k6992553,,failed,0,0,,no_usable_pages,known,,,bpt6k6992553: no usable pages in manifest.,2026-07-17T17:02:03.849333
univers,bpt6k699256g,,failed,0,0,,no_usable_pages,known,,,bpt6k699256g: no usable pages in manifest.,2026-07-17T17:02:04.001578
univers,bpt6k699257v,,failed,0,0,,no_usable_pages,known,,,bpt6k699257v: no usable pages in manifest.,2026-07-17T17:02:04.264992
univers,bpt6k6992587,,failed,0,0,,no_usable_pages,known,,,bpt6k6992587: no usable pages in manifest.,2026-07-17T17:02:04.570989
univers,bpt6k699259m,,failed,0,0,,no_usable_pages,known,,,bpt6k699259m: no usable pages in manifest.,2026-07-17T17:02:04.755293
univers,bpt6k699260j,,failed,0,0,,no_usable_pages,known,,,bpt6k699260j: no usable pages in manifest.,2026-07-17T17:02:04.975321
univers,bpt6k699261x,,failed,0,0,,no_usable_pages,known,,,bpt6k699261x: no usable pages in manifest.,2026-07-17T17:02:05.211976
univers,bpt6k6992629,,failed,0,0,,no_usable_pages,known,,,bpt6k6992629: no usable pages in manifest.,2026-07-17T17:02:05.429572
univers,bpt6k699263p,,failed,0,0,,no_usable_pages,known,,,bpt6k699263p: no usable pages in manifest.,2026-07-17T17:02:05.621980
univers,bpt6k6992642,,failed,0,0,,no_usable_pages,known,,,bpt6k6992642: no usable pages in manifest.,2026-07-17T17:02:05.821832
univers,bpt6k699265f,,failed,0,0,,no_usable_pages,known,,,bpt6k699265f: no usable pages in manifest.,2026-07-17T17:02:05.963261
univers,bpt6k699266t,,failed,0,0,,no_usable_pages,known,,,bpt6k699266t: no usable pages in manifest.,2026-07-17T17:02:06.094775
univers,bpt6k6992676,,failed,0,0,,no_usable_pages,known,,,bpt6k6992676: no usable pages in manifest.,2026-07-17T17:02:06.696524
univers,bpt6k699268k,,failed,0,0,,no_usable_pages,known,,,bpt6k699268k: no usable pages in manifest.,2026-07-17T17:02:06.813808
univers,bpt6k699269z,,failed,0,0,,no_usable_pages,known,,,bpt6k699269z: no usable pages in manifest.,2026-07-17T17:02:06.986364
univers,bpt6k699270w,,failed,0,0,,no_usable_pages,known,,,bpt6k699270w: no usable pages in manifest.,2026-07-17T17:02:07.183392
univers,bpt6k6992718,,failed,0,0,,no_usable_pages,known,,,bpt6k6992718: no usable pages in manifest.,2026-07-17T17:02:07.410844
univers,bpt6k699272n,,failed,0,0,,no_usable_pages,known,,,bpt6k699272n: no usable pages in manifest.,2026-07-17T17:02:07.690540
univers,bpt6k6992731,,failed,0,0,,no_usable_pages,known,,,bpt6k6992731: no usable pages in manifest.,2026-07-17T17:02:07.862236
univers,bpt6k699274d,,failed,0,0,,no_usable_pages,known,,,bpt6k699274d: no usable pages in manifest.,2026-07-17T17:02:08.033386
univers,bpt6k699275s,,failed,0,0,,no_usable_pages,known,,,bpt6k699275s: no usable pages in manifest.,2026-07-17T17:02:08.212754
univers,bpt6k6992765,,failed,0,0,,no_usable_pages,known,,,bpt6k6992765: no usable pages in manifest.,2026-07-17T17:02:08.411110
univers,bpt6k699277j,,failed,0,0,,no_usable_pages,known,,,bpt6k699277j: no usable pages in manifest.,2026-07-17T17:02:08.599985
univers,bpt6k699278x,,failed,0,0,,no_usable_pages,known,,,bpt6k699278x: no usable pages in manifest.,2026-07-17T17:02:08.818094
univers,bpt6k6992799,,failed,0,0,,no_usable_pages,known,,,bpt6k6992799: no usable pages in manifest.,2026-07-17T17:02:09.068009
univers,bpt6k6992807,,failed,0,0,,no_usable_pages,known,,,bpt6k6992807: no usable pages in manifest.,2026-07-17T17:02:09.217700
univers,bpt6k699281m,,failed,0,0,,no_usable_pages,known,,,bpt6k699281m: no usable pages in manifest.,2026-07-17T17:02:09.406120
univers,bpt6k6992820,,failed,0,0,,no_usable_pages,known,,,bpt6k6992820: no usable pages in manifest.,2026-07-17T17:02:09.736181
univers,bpt6k699283c,,failed,0,0,,no_usable_pages,known,,,bpt6k699283c: no usable pages in manifest.,2026-07-17T17:02:09.977874
univers,bpt6k699284r,,failed,0,0,,no_usable_pages,known,,,bpt6k699284r: no usable pages in manifest.,2026-07-17T17:02:10.141944
univers,bpt6k6992854,,failed,0,0,,no_usable_pages,known,,,bpt6k6992854: no usable pages in manifest.,2026-07-17T17:02:10.388208
univers,bpt6k699286h,,failed,0,0,,no_usable_pages,known,,,bpt6k699286h: no usable pages in manifest.,2026-07-17T17:02:10.576596
univers,bpt6k699287w,,failed,0,0,,no_usable_pages,known,,,bpt6k699287w: no usable pages in manifest.,2026-07-17T17:02:10.868262
univers,bpt6k6992888,,failed,0,0,,no_usable_pages,known,,,bpt6k6992888: no usable pages in manifest.,2026-07-17T17:02:11.193523
univers,bpt6k699289n,,failed,0,0,,no_usable_pages,known,,,bpt6k699289n: no usable pages in manifest.,2026-07-17T17:02:11.562611
univers,bpt6k699290k,,failed,0,0,,no_usable_pages,known,,,bpt6k699290k: no usable pages in manifest.,2026-07-17T17:02:11.849692
univers,bpt6k6994249,,failed,0,0,,no_usable_pages,known,,,bpt6k6994249: no usable pages in manifest.,2026-07-17T17:02:12.087914
univers,bpt6k699425p,,failed,0,0,,no_usable_pages,known,,,bpt6k699425p: no usable pages in manifest.,2026-07-17T17:02:12.274367
univers,bpt6k6994262,,failed,0,0,,no_usable_pages,known,,,bpt6k6994262: no usable pages in manifest.,2026-07-17T17:02:12.441220
univers,bpt6k699427f,,failed,0,0,,no_usable_pages,known,,,bpt6k699427f: no usable pages in manifest.,2026-07-17T17:02:12.643206
univers,bpt6k699428t,,failed,0,0,,no_usable_pages,known,,,bpt6k699428t: no usable pages in manifest.,2026-07-17T17:02:12.913954
univers,bpt6k6994296,,failed,0,0,,no_usable_pages,known,,,bpt6k6994296: no usable pages in manifest.,2026-07-17T17:02:13.190426
univers,bpt6k6994304,,failed,0,0,,no_usable_pages,known,,,bpt6k6994304: no usable pages in manifest.,2026-07-17T17:02:13.339350
univers,bpt6k699431h,,failed,0,0,,no_usable_pages,known,,,bpt6k699431h: no usable pages in manifest.,2026-07-17T17:02:13.534944
univers,bpt6k699432w,,failed,0,0,,no_usable_pages,known,,,bpt6k699432w: no usable pages in manifest.,2026-07-17T17:02:13.765488
univers,bpt6k6994338,,failed,0,0,,no_usable_pages,known,,,bpt6k6994338: no usable pages in manifest.,2026-07-17T17:02:13.964606
univers,bpt6k699434n,,failed,0,0,,no_usable_pages,known,,,bpt6k699434n: no usable pages in manifest.,2026-07-17T17:02:14.107287
univers,bpt6k6994351,,failed,0,0,,no_usable_pages,known,,,bpt6k6994351: no usable pages in manifest.,2026-07-17T17:02:14.344887
univers,bpt6k699436d,,failed,0,0,,no_usable_pages,known,,,bpt6k699436d: no usable pages in manifest.,2026-07-17T17:02:14.525207
univers,bpt6k699437s,,failed,0,0,,no_usable_pages,known,,,bpt6k699437s: no usable pages in manifest.,2026-07-17T17:02:14.708200
univers,bpt6k6994385,,failed,0,0,,no_usable_pages,known,,,bpt6k6994385: no usable pages in manifest.,2026-07-17T17:02:14.951369
univers,bpt6k699439j,,failed,0,0,,no_usable_pages,known,,,bpt6k699439j: no usable pages in manifest.,2026-07-17T17:02:15.248494
univers,bpt6k699440g,,failed,0,0,,no_usable_pages,known,,,bpt6k699440g: no usable pages in manifest.,2026-07-17T17:02:15.502887
univers,bpt6k699441v,,failed,0,0,,no_usable_pages,known,,,bpt6k699441v: no usable pages in manifest.,2026-07-17T17:02:15.766079
univers,bpt6k6994427,,failed,0,0,,no_usable_pages,known,,,bpt6k6994427: no usable pages in manifest.,2026-07-17T17:02:15.909407
univers,bpt6k699443m,,failed,0,0,,no_usable_pages,known,,,bpt6k699443m: no usable pages in manifest.,2026-07-17T17:02:16.081258
univers,bpt6k6994440,,failed,0,0,,no_usable_pages,known,,,bpt6k6994440: no usable pages in manifest.,2026-07-17T17:02:16.401696
univers,bpt6k699445c,,failed,0,0,,no_usable_pages,known,,,bpt6k699445c: no usable pages in manifest.,2026-07-17T17:02:16.926210
univers,bpt6k699446r,,failed,0,0,,no_usable_pages,known,,,bpt6k699446r: no usable pages in manifest.,2026-07-17T17:02:17.082721
univers,bpt6k6994474,,failed,0,0,,no_usable_pages,known,,,bpt6k6994474: no usable pages in manifest.,2026-07-17T17:02:17.386663
univers,bpt6k699448h,,failed,0,0,,no_usable_pages,known,,,bpt6k699448h: no usable pages in manifest.,2026-07-17T17:02:17.554919
univers,bpt6k699449w,,failed,0,0,,no_usable_pages,known,,,bpt6k699449w: no usable pages in manifest.,2026-07-17T17:02:17.817142
univers,bpt6k699450t,,failed,0,0,,no_usable_pages,known,,,bpt6k699450t: no usable pages in manifest.,2026-07-17T17:02:17.971037
univers,bpt6k6994516,,failed,0,0,,no_usable_pages,known,,,bpt6k6994516: no usable pages in manifest.,2026-07-17T17:02:18.176906
univers,bpt6k699452k,,failed,0,0,,no_usable_pages,known,,,bpt6k699452k: no usable pages in manifest.,2026-07-17T17:02:18.445295
univers,bpt6k699453z,,failed,0,0,,no_usable_pages,known,,,bpt6k699453z: no usable pages in manifest.,2026-07-17T17:02:18.601520
univers,bpt6k699454b,,failed,0,0,,no_usable_pages,known,,,bpt6k699454b: no usable pages in manifest.,2026-07-17T17:02:18.826435
univers,bpt6k699455q,,failed,0,0,,no_usable_pages,known,,,bpt6k699455q: no usable pages in manifest.,2026-07-17T17:02:19.109440
univers,bpt6k6994563,,failed,0,0,,no_usable_pages,known,,,bpt6k6994563: no usable pages in manifest.,2026-07-17T17:02:19.304427
univers,bpt6k699457g,,failed,0,0,,no_usable_pages,known,,,bpt6k699457g: no usable pages in manifest.,2026-07-17T17:02:19.568151
univers,bpt6k699458v,,failed,0,0,,no_usable_pages,known,,,bpt6k699458v: no usable pages in manifest.,2026-07-17T17:02:19.811646
univers,bpt6k6994597,,failed,0,0,,no_usable_pages,known,,,bpt6k6994597: no usable pages in manifest.,2026-07-17T17:02:20.041335
univers,bpt6k6994605,,failed,0,0,,no_usable_pages,known,,,bpt6k6994605: no usable pages in manifest.,2026-07-17T17:02:20.257022
univers,bpt6k699461j,,failed,0,0,,no_usable_pages,known,,,bpt6k699461j: no usable pages in manifest.,2026-07-17T17:02:20.434236
univers,bpt6k699462x,,failed,0,0,,no_usable_pages,known,,,bpt6k699462x: no usable pages in manifest.,2026-07-17T17:02:20.708236
univers,bpt6k6994639,,failed,0,0,,no_usable_pages,known,,,bpt6k6994639: no usable pages in manifest.,2026-07-17T17:02:20.877301
univers,bpt6k699464p,,failed,0,0,,no_usable_pages,known,,,bpt6k699464p: no usable pages in manifest.,2026-07-17T17:02:21.055378
univers,bpt6k6994652,,failed,0,0,,no_usable_pages,known,,,bpt6k6994652: no usable pages in manifest.,2026-07-17T17:02:21.353586
univers,bpt6k699466f,,failed,0,0,,no_usable_pages,known,,,bpt6k699466f: no usable pages in manifest.,2026-07-17T17:02:21.573159
univers,bpt6k699467t,,failed,0,0,,no_usable_pages,known,,,bpt6k699467t: no usable pages in manifest.,2026-07-17T17:02:22.105992
univers,bpt6k6994686,,failed,0,0,,no_usable_pages,known,,,bpt6k6994686: no usable pages in manifest.,2026-07-17T17:02:22.296664
univers,bpt6k699723v,,failed,0,0,,no_usable_pages,known,,,bpt6k699723v: no usable pages in manifest.,2026-07-17T17:02:22.548138
univers,bpt6k6997247,,failed,0,0,,no_usable_pages,known,,,bpt6k6997247: no usable pages in manifest.,2026-07-17T17:02:22.741696
univers,bpt6k699725m,,failed,0,0,,no_usable_pages,known,,,bpt6k699725m: no usable pages in manifest.,2026-07-17T17:02:23.020539
univers,bpt6k6997260,,failed,0,0,,no_usable_pages,known,,,bpt6k6997260: no usable pages in manifest.,2026-07-17T17:02:23.221625
univers,bpt6k699727c,,failed,0,0,,no_usable_pages,known,,,bpt6k699727c: no usable pages in manifest.,2026-07-17T17:02:23.392172
univers,bpt6k699728r,,failed,0,0,,no_usable_pages,known,,,bpt6k699728r: no usable pages in manifest.,2026-07-17T17:02:23.590248
univers,bpt6k6997294,,failed,0,0,,no_usable_pages,known,,,bpt6k6997294: no usable pages in manifest.,2026-07-17T17:02:23.809925
univers,bpt6k6997302,,failed,0,0,,no_usable_pages,known,,,bpt6k6997302: no usable pages in manifest.,2026-07-17T17:02:24.130704
univers,bpt6k699731f,,failed,0,0,,no_usable_pages,known,,,bpt6k699731f: no usable pages in manifest.,2026-07-17T17:02:24.317523
univers,bpt6k699732t,,failed,0,0,,no_usable_pages,known,,,bpt6k699732t: no usable pages in manifest.,2026-07-17T17:02:24.496772
univers,bpt6k6997336,,failed,0,0,,no_usable_pages,known,,,bpt6k6997336: no usable pages in manifest.,2026-07-17T17:02:24.737694
univers,bpt6k699734k,,failed,0,0,,no_usable_pages,known,,,bpt6k699734k: no usable pages in manifest.,2026-07-17T17:02:24.911714
univers,bpt6k699735z,,failed,0,0,,no_usable_pages,known,,,bpt6k699735z: no usable pages in manifest.,2026-07-17T17:02:25.142600
univers,bpt6k699736b,,failed,0,0,,no_usable_pages,known,,,bpt6k699736b: no usable pages in manifest.,2026-07-17T17:02:25.293757
univers,bpt6k699737q,,failed,0,0,,no_usable_pages,known,,,bpt6k699737q: no usable pages in manifest.,2026-07-17T17:02:25.493009
univers,bpt6k6997383,,failed,0,0,,no_usable_pages,known,,,bpt6k6997383: no usable pages in manifest.,2026-07-17T17:02:25.635190
univers,bpt6k699739g,,failed,0,0,,no_usable_pages,known,,,bpt6k699739g: no usable pages in manifest.,2026-07-17T17:02:25.859201
univers,bpt6k699740d,,failed,0,0,,no_usable_pages,known,,,bpt6k699740d: no usable pages in manifest.,2026-07-17T17:02:26.008594
univers,bpt6k699741s,,failed,0,0,,no_usable_pages,known,,,bpt6k699741s: no usable pages in manifest.,2026-07-17T17:02:26.298489
univers,bpt6k6997425,,failed,0,0,,no_usable_pages,known,,,bpt6k6997425: no usable pages in manifest.,2026-07-17T17:02:26.472184
univers,bpt6k699743j,,failed,0,0,,no_usable_pages,known,,,bpt6k699743j: no usable pages in manifest.,2026-07-17T17:02:26.660529
univers,bpt6k699744x,,failed,0,0,,no_usable_pages,known,,,bpt6k699744x: no usable pages in manifest.,2026-07-17T17:02:26.875498
univers,bpt6k6997459,,failed,0,0,,no_usable_pages,known,,,bpt6k6997459: no usable pages in manifest.,2026-07-17T17:02:27.095526
univers,bpt6k699746p,,failed,0,0,,no_usable_pages,known,,,bpt6k699746p: no usable pages in manifest.,2026-07-17T17:02:27.593260
univers,bpt6k6997472,,failed,0,0,,no_usable_pages,known,,,bpt6k6997472: no usable pages in manifest.,2026-07-17T17:02:27.752588
univers,bpt6k699748f,,failed,0,0,,no_usable_pages,known,,,bpt6k699748f: no usable pages in manifest.,2026-07-17T17:02:27.974900
univers,bpt6k699749t,,failed,0,0,,no_usable_pages,known,,,bpt6k699749t: no usable pages in manifest.,2026-07-17T17:02:28.170393
univers,bpt6k699750r,,failed,0,0,,no_usable_pages,known,,,bpt6k699750r: no usable pages in manifest.,2026-07-17T17:02:28.517637
univers,bpt6k6997514,,failed,0,0,,no_usable_pages,known,,,bpt6k6997514: no usable pages in manifest.,2026-07-17T17:02:28.683710
univers,bpt6k699752h,,failed,0,0,,no_usable_pages,known,,,bpt6k699752h: no usable pages in manifest.,2026-07-17T17:02:28.937838
univers,bpt6k699753w,,failed,0,0,,no_usable_pages,known,,,bpt6k699753w: no usable pages in manifest.,2026-07-17T17:02:29.165442
univers,bpt6k6997548,,failed,0,0,,no_usable_pages,known,,,bpt6k6997548: no usable pages in manifest.,2026-07-17T17:02:29.490531
univers,bpt6k699755n,,failed,0,0,,no_usable_pages,known,,,bpt6k699755n: no usable pages in manifest.,2026-07-17T17:02:29.735594
univers,bpt6k6997561,,failed,0,0,,no_usable_pages,known,,,bpt6k6997561: no usable pages in manifest.,2026-07-17T17:02:29.947498
univers,bpt6k699757d,,failed,0,0,,no_usable_pages,known,,,bpt6k699757d: no usable pages in manifest.,2026-07-17T17:02:30.194033
univers,bpt6k699758s,,failed,0,0,,no_usable_pages,known,,,bpt6k699758s: no usable pages in manifest.,2026-07-17T17:02:30.370100
univers,bpt6k6997595,,failed,0,0,,no_usable_pages,known,,,bpt6k6997595: no usable pages in manifest.,2026-07-17T17:02:30.629882
univers,bpt6k6997603,,failed,0,0,,no_usable_pages,known,,,bpt6k6997603: no usable pages in manifest.,2026-07-17T17:02:30.856584
univers,bpt6k699761g,,failed,0,0,,no_usable_pages,known,,,bpt6k699761g: no usable pages in manifest.,2026-07-17T17:02:31.005883
univers,bpt6k699762v,,failed,0,0,,no_usable_pages,known,,,bpt6k699762v: no usable pages in manifest.,2026-07-17T17:02:31.213194
univers,bpt6k6997637,,failed,0,0,,no_usable_pages,known,,,bpt6k6997637: no usable pages in manifest.,2026-07-17T17:02:31.397561
univers,bpt6k699764m,,failed,0,0,,no_usable_pages,known,,,bpt6k699764m: no usable pages in manifest.,2026-07-17T17:02:31.768913
univers,bpt6k6997650,,failed,0,0,,no_usable_pages,known,,,bpt6k6997650: no usable pages in manifest.,2026-07-17T17:02:31.954248
univers,bpt6k699766c,,failed,0,0,,no_usable_pages,known,,,bpt6k699766c: no usable pages in manifest.,2026-07-17T17:02:32.105396
univers,bpt6k699767r,,failed,0,0,,no_usable_pages,known,,,bpt6k699767r: no usable pages in manifest.,2026-07-17T17:02:32.277225
univers,bpt6k6997684,,failed,0,0,,no_usable_pages,known,,,bpt6k6997684: no usable pages in manifest.,2026-07-17T17:02:32.751193
univers,bpt6k699769h,,failed,0,0,,no_usable_pages,known,,,bpt6k699769h: no usable pages in manifest.,2026-07-17T17:02:33.209598
univers,bpt6k699770f,,failed,0,0,,no_usable_pages,known,,,bpt6k699770f: no usable pages in manifest.,2026-07-17T17:02:33.361753
univers,bpt6k699771t,,failed,0,0,,no_usable_pages,known,,,bpt6k699771t: no usable pages in manifest.,2026-07-17T17:02:33.509027
univers,bpt6k6997726,,failed,0,0,,no_usable_pages,known,,,bpt6k6997726: no usable pages in manifest.,2026-07-17T17:02:33.789125
univers,bpt6k699773k,,failed,0,0,,no_usable_pages,known,,,bpt6k699773k: no usable pages in manifest.,2026-07-17T17:02:34.058064
univers,bpt6k699774z,,failed,0,0,,no_usable_pages,known,,,bpt6k699774z: no usable pages in manifest.,2026-07-17T17:02:34.228636
univers,bpt6k699775b,,failed,0,0,,no_usable_pages,known,,,bpt6k699775b: no usable pages in manifest.,2026-07-17T17:02:34.408663
univers,bpt6k699776q,,failed,0,0,,no_usable_pages,known,,,bpt6k699776q: no usable pages in manifest.,2026-07-17T17:02:34.589923
univers,bpt6k6997773,,failed,0,0,,no_usable_pages,known,,,bpt6k6997773: no usable pages in manifest.,2026-07-17T17:02:34.842025
univers,bpt6k699778g,,failed,0,0,,no_usable_pages,known,,,bpt6k699778g: no usable pages in manifest.,2026-07-17T17:02:35.074445
univers,bpt6k699779v,,failed,0,0,,no_usable_pages,known,,,bpt6k699779v: no usable pages in manifest.,2026-07-17T17:02:35.291360
univers,bpt6k699780s,,failed,0,0,,no_usable_pages,known,,,bpt6k699780s: no usable pages in manifest.,2026-07-17T17:02:35.462932
univers,bpt6k6997815,,failed,0,0,,no_usable_pages,known,,,bpt6k6997815: no usable pages in manifest.,2026-07-17T17:02:35.632253
univers,bpt6k699782j,,failed,0,0,,no_usable_pages,known,,,bpt6k699782j: no usable pages in manifest.,2026-07-17T17:02:35.871609
univers,bpt6k699783x,,failed,0,0,,no_usable_pages,known,,,bpt6k699783x: no usable pages in manifest.,2026-07-17T17:02:36.073352
univers,bpt6k6997849,,failed,0,0,,no_usable_pages,known,,,bpt6k6997849: no usable pages in manifest.,2026-07-17T17:02:36.309844
univers,bpt6k699785p,,failed,0,0,,no_usable_pages,known,,,bpt6k699785p: no usable pages in manifest.,2026-07-17T17:02:36.569403
univers,bpt6k6997862,,failed,0,0,,no_usable_pages,known,,,bpt6k6997862: no usable pages in manifest.,2026-07-17T17:02:36.692084
univers,bpt6k699787f,,failed,0,0,,no_usable_pages,known,,,bpt6k699787f: no usable pages in manifest.,2026-07-17T17:02:36.897862
univers,bpt6k699788t,,failed,0,0,,no_usable_pages,known,,,bpt6k699788t: no usable pages in manifest.,2026-07-17T17:02:37.116735
univers,bpt6k6997896,,failed,0,0,,no_usable_pages,known,,,bpt6k6997896: no usable pages in manifest.,2026-07-17T17:02:37.419238
univers,bpt6k6997904,,failed,0,0,,no_usable_pages,known,,,bpt6k6997904: no usable pages in manifest.,2026-07-17T17:02:37.577477
univers,bpt6k699791h,,failed,0,0,,no_usable_pages,known,,,bpt6k699791h: no usable pages in manifest.,2026-07-17T17:02:37.719760
univers,bpt6k699792w,,failed,0,0,,no_usable_pages,known,,,bpt6k699792w: no usable pages in manifest.,2026-07-17T17:02:37.867993
univers,bpt6k6997938,,failed,0,0,,no_usable_pages,known,,,bpt6k6997938: no usable pages in manifest.,2026-07-17T17:02:38.145185
univers,bpt6k699794n,,failed,0,0,,no_usable_pages,known,,,bpt6k699794n: no usable pages in manifest.,2026-07-17T17:02:38.842689
univers,bpt6k6997951,,failed,0,0,,no_usable_pages,known,,,bpt6k6997951: no usable pages in manifest.,2026-07-17T17:02:39.089720
univers,bpt6k699796d,,failed,0,0,,no_usable_pages,known,,,bpt6k699796d: no usable pages in manifest.,2026-07-17T17:02:39.223156
univers,bpt6k699797s,,failed,0,0,,no_usable_pages,known,,,bpt6k699797s: no usable pages in manifest.,2026-07-17T17:02:39.348435
univers,bpt6k6997985,,failed,0,0,,no_usable_pages,known,,,bpt6k6997985: no usable pages in manifest.,2026-07-17T17:02:39.570418
univers,bpt6k699799j,,failed,0,0,,no_usable_pages,known,,,bpt6k699799j: no usable pages in manifest.,2026-07-17T17:02:39.875135
univers,bpt6k699800b,,failed,0,0,,no_usable_pages,known,,,bpt6k699800b: no usable pages in manifest.,2026-07-17T17:02:40.073859
univers,bpt6k699801q,,failed,0,0,,no_usable_pages,known,,,bpt6k699801q: no usable pages in manifest.,2026-07-17T17:02:40.348912
univers,bpt6k6998023,,failed,0,0,,no_usable_pages,known,,,bpt6k6998023: no usable pages in manifest.,2026-07-17T17:02:40.600896
univers,bpt6k699803g,,failed,0,0,,no_usable_pages,known,,,bpt6k699803g: no usable pages in manifest.,2026-07-17T17:02:40.911362
univers,bpt6k699804v,,failed,0,0,,no_usable_pages,known,,,bpt6k699804v: no usable pages in manifest.,2026-07-17T17:02:41.088406
univers,bpt6k6998057,,failed,0,0,,no_usable_pages,known,,,bpt6k6998057: no usable pages in manifest.,2026-07-17T17:02:41.232482
univers,bpt6k699806m,,failed,0,0,,no_usable_pages,known,,,bpt6k699806m: no usable pages in manifest.,2026-07-17T17:02:41.470001
univers,bpt6k6998070,,failed,0,0,,no_usable_pages,known,,,bpt6k6998070: no usable pages in manifest.,2026-07-17T17:02:41.717968
univers,bpt6k699808c,,failed,0,0,,no_usable_pages,known,,,bpt6k699808c: no usable pages in manifest.,2026-07-17T17:02:42.025829
univers,bpt6k699809r,,failed,0,0,,no_usable_pages,known,,,bpt6k699809r: no usable pages in manifest.,2026-07-17T17:02:42.273950
univers,bpt6k699810p,,failed,0,0,,no_usable_pages,known,,,bpt6k699810p: no usable pages in manifest.,2026-07-17T17:02:42.542884
univers,bpt6k6998112,,failed,0,0,,no_usable_pages,known,,,bpt6k6998112: no usable pages in manifest.,2026-07-17T17:02:42.990031
univers,bpt6k699812f,,failed,0,0,,no_usable_pages,known,,,bpt6k699812f: no usable pages in manifest.,2026-07-17T17:02:43.342452
univers,bpt6k699813t,,failed,0,0,,no_usable_pages,known,,,bpt6k699813t: no usable pages in manifest.,2026-07-17T17:02:43.652101
univers,bpt6k6998146,,failed,0,0,,no_usable_pages,known,,,bpt6k6998146: no usable pages in manifest.,2026-07-17T17:02:44.055347
univers,bpt6k699815k,,failed,0,0,,no_usable_pages,known,,,bpt6k699815k: no usable pages in manifest.,2026-07-17T17:02:44.276048
univers,bpt6k699816z,,failed,0,0,,no_usable_pages,known,,,bpt6k699816z: no usable pages in manifest.,2026-07-17T17:02:44.467555
univers,bpt6k699817b,,failed,0,0,,no_usable_pages,known,,,bpt6k699817b: no usable pages in manifest.,2026-07-17T17:02:44.697484
univers,bpt6k699818q,,failed,0,0,,no_usable_pages,known,,,bpt6k699818q: no usable pages in manifest.,2026-07-17T17:02:44.909738
univers,bpt6k6998193,,failed,0,0,,no_usable_pages,known,,,bpt6k6998193: no usable pages in manifest.,2026-07-17T17:02:45.129637
univers,bpt6k6998201,,failed,0,0,,no_usable_pages,known,,,bpt6k6998201: no usable pages in manifest.,2026-07-17T17:02:45.406316
univers,bpt6k699821d,,failed,0,0,,no_usable_pages,known,,,bpt6k699821d: no usable pages in manifest.,2026-07-17T17:02:45.771035
univers,bpt6k699822s,,failed,0,0,,no_usable_pages,known,,,bpt6k699822s: no usable pages in manifest.,2026-07-17T17:02:46.024530
univers,bpt6k6998235,,failed,0,0,,no_usable_pages,known,,,bpt6k6998235: no usable pages in manifest.,2026-07-17T17:02:46.213732
univers,bpt6k699824j,,failed,0,0,,no_usable_pages,known,,,bpt6k699824j: no usable pages in manifest.,2026-07-17T17:02:46.529581
univers,bpt6k699825x,,failed,0,0,,no_usable_pages,known,,,bpt6k699825x: no usable pages in manifest.,2026-07-17T17:02:46.923429
univers,bpt6k6998269,,failed,0,0,,no_usable_pages,known,,,bpt6k6998269: no usable pages in manifest.,2026-07-17T17:02:47.314867
univers,bpt6k699827p,,failed,0,0,,no_usable_pages,known,,,bpt6k699827p: no usable pages in manifest.,2026-07-17T17:02:47.608643
univers,bpt6k6998282,,failed,0,0,,no_usable_pages,known,,,bpt6k6998282: no usable pages in manifest.,2026-07-17T17:02:47.850497
univers,bpt6k699829f,,failed,0,0,,no_usable_pages,known,,,bpt6k699829f: no usable pages in manifest.,2026-07-17T17:02:48.169242
univers,bpt6k699830c,,failed,0,0,,no_usable_pages,known,,,bpt6k699830c: no usable pages in manifest.,2026-07-17T17:02:48.409623
univers,bpt6k699831r,,failed,0,0,,no_usable_pages,known,,,bpt6k699831r: no usable pages in manifest.,2026-07-17T17:02:48.683313
univers,bpt6k6998324,,failed,0,0,,no_usable_pages,known,,,bpt6k6998324: no usable pages in manifest.,2026-07-17T17:02:48.902655
univers,bpt6k699833h,,failed,0,0,,no_usable_pages,known,,,bpt6k699833h: no usable pages in manifest.,2026-07-17T17:02:49.466477
univers,bpt6k699834w,,failed,0,0,,no_usable_pages,known,,,bpt6k699834w: no usable pages in manifest.,2026-07-17T17:02:49.808596
univers,bpt6k6998358,,failed,0,0,,no_usable_pages,known,,,bpt6k6998358: no usable pages in manifest.,2026-07-17T17:02:50.069740
univers,bpt6k699836n,,failed,0,0,,no_usable_pages,known,,,bpt6k699836n: no usable pages in manifest.,2026-07-17T17:02:50.349523
univers,bpt6k6998371,,failed,0,0,,no_usable_pages,known,,,bpt6k6998371: no usable pages in manifest.,2026-07-17T17:02:50.612296
univers,bpt6k699838d,,failed,0,0,,no_usable_pages,known,,,bpt6k699838d: no usable pages in manifest.,2026-07-17T17:02:50.766224
univers,bpt6k699839s,,failed,0,0,,no_usable_pages,known,,,bpt6k699839s: no usable pages in manifest.,2026-07-17T17:02:51.078434
univers,bpt6k699840q,,failed,0,0,,no_usable_pages,known,,,bpt6k699840q: no usable pages in manifest.,2026-07-17T17:02:51.376666
univers,bpt6k6998413,,failed,0,0,,no_usable_pages,known,,,bpt6k6998413: no usable pages in manifest.,2026-07-17T17:02:51.920432
univers,bpt6k699842g,,failed,0,0,,no_usable_pages,known,,,bpt6k699842g: no usable pages in manifest.,2026-07-17T17:02:52.338205
univers,bpt6k699843v,,failed,0,0,,no_usable_pages,known,,,bpt6k699843v: no usable pages in manifest.,2026-07-17T17:02:52.671620
univers,bpt6k6998447,,failed,0,0,,no_usable_pages,known,,,bpt6k6998447: no usable pages in manifest.,2026-07-17T17:02:52.975554
univers,bpt6k699845m,,failed,0,0,,no_usable_pages,known,,,bpt6k699845m: no usable pages in manifest.,2026-07-17T17:02:53.186356
univers,bpt6k6998460,,failed,0,0,,no_usable_pages,known,,,bpt6k6998460: no usable pages in manifest.,2026-07-17T17:02:53.341718
univers,bpt6k699847c,,failed,0,0,,no_usable_pages,known,,,bpt6k699847c: no usable pages in manifest.,2026-07-17T17:02:53.514746
univers,bpt6k699923g,,failed,0,0,,no_usable_pages,known,,,bpt6k699923g: no usable pages in manifest.,2026-07-17T17:02:53.776407
univers,bpt6k699924v,,failed,0,0,,no_usable_pages,known,,,bpt6k699924v: no usable pages in manifest.,2026-07-17T17:02:53.997254
univers,bpt6k6999257,,failed,0,0,,no_usable_pages,known,,,bpt6k6999257: no usable pages in manifest.,2026-07-17T17:02:54.199865
univers,bpt6k699926m,,failed,0,0,,no_usable_pages,known,,,bpt6k699926m: no usable pages in manifest.,2026-07-17T17:02:54.332129
univers,bpt6k6999270,,failed,0,0,,no_usable_pages,known,,,bpt6k6999270: no usable pages in manifest.,2026-07-17T17:02:54.502175
univers,bpt6k699928c,,failed,0,0,,no_usable_pages,known,,,bpt6k699928c: no usable pages in manifest.,2026-07-17T17:02:54.751242
univers,bpt6k699929r,,failed,0,0,,no_usable_pages,known,,,bpt6k699929r: no usable pages in manifest.,2026-07-17T17:02:55.032925
univers,bpt6k699930p,,failed,0,0,,no_usable_pages,known,,,bpt6k699930p: no usable pages in manifest.,2026-07-17T17:02:55.559583
univers,bpt6k6999312,,failed,0,0,,no_usable_pages,known,,,bpt6k6999312: no usable pages in manifest.,2026-07-17T17:02:55.707992
univers,bpt6k699932f,,failed,0,0,,no_usable_pages,known,,,bpt6k699932f: no usable pages in manifest.,2026-07-17T17:02:55.997576
univers,bpt6k699933t,,failed,0,0,,no_usable_pages,known,,,bpt6k699933t: no usable pages in manifest.,2026-07-17T17:02:56.356258
univers,bpt6k703508t,,failed,0,0,,no_usable_pages,known,,,bpt6k703508t: no usable pages in manifest.,2026-07-17T17:02:56.580591
univers,bpt6k7035096,,failed,0,0,,no_usable_pages,known,,,bpt6k7035096: no usable pages in manifest.,2026-07-17T17:02:56.750283
univers,bpt6k7035104,,failed,0,0,,no_usable_pages,known,,,bpt6k7035104: no usable pages in manifest.,2026-07-17T17:02:56.907196
univers,bpt6k703511h,,failed,0,0,,no_usable_pages,known,,,bpt6k703511h: no usable pages in manifest.,2026-07-17T17:02:57.183536
univers,bpt6k7086990,,failed,0,0,,no_usable_pages,known,,,bpt6k7086990: no usable pages in manifest.,2026-07-17T17:02:57.493367
univers,bpt6k708729w,,failed,0,0,,no_usable_pages,known,,,bpt6k708729w: no usable pages in manifest.,2026-07-17T17:02:57.694650
univers,bpt6k7088262,,failed,0,0,,no_usable_pages,known,,,bpt6k7088262: no usable pages in manifest.,2026-07-17T17:02:57.863292
univers,bpt6k7088639,,failed,0,0,,no_usable_pages,known,,,bpt6k7088639: no usable pages in manifest.,2026-07-17T17:02:58.014210
univers,bpt6k708938g,,failed,0,0,,no_usable_pages,known,,,bpt6k708938g: no usable pages in manifest.,2026-07-17T17:02:58.325066
univers,bpt6k7089585,,failed,0,0,,no_usable_pages,known,,,bpt6k7089585: no usable pages in manifest.,2026-07-17T17:02:58.663902
univers,bpt6k7089797,,failed,0,0,,no_usable_pages,known,,,bpt6k7089797: no usable pages in manifest.,2026-07-17T17:02:58.902534
univers,bpt6k708999x,,failed,0,0,,no_usable_pages,known,,,bpt6k708999x: no usable pages in manifest.,2026-07-17T17:02:59.080591
univers,bpt6k709047x,,failed,0,0,,no_usable_pages,known,,,bpt6k709047x: no usable pages in manifest.,2026-07-17T17:02:59.267482
univers,bpt6k709079q,,failed,0,0,,no_usable_pages,known,,,bpt6k709079q: no usable pages in manifest.,2026-07-17T17:02:59.426831
univers,bpt6k709109m,,failed,0,0,,no_usable_pages,known,,,bpt6k709109m: no usable pages in manifest.,2026-07-17T17:02:59.707133
univers,bpt6k709140k,,failed,0,0,,no_usable_pages,known,,,bpt6k709140k: no usable pages in manifest.,2026-07-17T17:02:59.869725
univers,bpt6k709203n,,failed,0,0,,no_usable_pages,known,,,bpt6k709203n: no usable pages in manifest.,2026-07-17T17:03:00.052721
univers,bpt6k7092690,,failed,0,0,,no_usable_pages,known,,,bpt6k7092690: no usable pages in manifest.,2026-07-17T17:03:00.254497
univers,bpt6k7092732,,failed,0,0,,no_usable_pages,known,,,bpt6k7092732: no usable pages in manifest.,2026-07-17T17:03:00.453040
univers,bpt6k7093890,,failed,0,0,,no_usable_pages,known,,,bpt6k7093890: no usable pages in manifest.,2026-07-17T17:03:01.014706
univers,bpt6k709409j,,failed,0,0,,no_usable_pages,known,,,bpt6k709409j: no usable pages in manifest.,2026-07-17T17:03:01.200567
univers,bpt6k7094263,,failed,0,0,,no_usable_pages,known,,,bpt6k7094263: no usable pages in manifest.,2026-07-17T17:03:01.431656
univers,bpt6k709457h,,failed,0,0,,no_usable_pages,known,,,bpt6k709457h: no usable pages in manifest.,2026-07-17T17:03:01.606261
univers,bpt6k709488x,,failed,0,0,,no_usable_pages,known,,,bpt6k709488x: no usable pages in manifest.,2026-07-17T17:03:01.889200
univers,bpt6k7095196,,failed,0,0,,no_usable_pages,known,,,bpt6k7095196: no usable pages in manifest.,2026-07-17T17:03:02.084717
univers,bpt6k709616c,,failed,0,0,,no_usable_pages,known,,,bpt6k709616c: no usable pages in manifest.,2026-07-17T17:03:02.277498
univers,bpt6k709646d,,failed,0,0,,no_usable_pages,known,,,bpt6k709646d: no usable pages in manifest.,2026-07-17T17:03:02.511712
univers,bpt6k709748g,,failed,0,0,,no_usable_pages,known,,,bpt6k709748g: no usable pages in manifest.,2026-07-17T17:03:02.682256
univers,bpt6k7098372,,failed,0,0,,no_usable_pages,known,,,bpt6k7098372: no usable pages in manifest.,2026-07-17T17:03:02.948643
univers,bpt6k709864z,,failed,0,0,,no_usable_pages,known,,,bpt6k709864z: no usable pages in manifest.,2026-07-17T17:03:04.456152
univers,bpt6k709868g,,failed,0,0,,no_usable_pages,known,,,bpt6k709868g: no usable pages in manifest.,2026-07-17T17:03:04.638367
univers,bpt6k709924w,,failed,0,0,,no_usable_pages,known,,,bpt6k709924w: no usable pages in manifest.,2026-07-17T17:03:04.872916
univers,bpt6k710053h,,failed,0,0,,no_usable_pages,known,,,bpt6k710053h: no usable pages in manifest.,2026-07-17T17:03:05.075010
univers,bpt6k710086p,,failed,0,0,,no_usable_pages,known,,,bpt6k710086p: no usable pages in manifest.,2026-07-17T17:03:05.323647
univers,bpt6k710125j,,failed,0,0,,no_usable_pages,known,,,bpt6k710125j: no usable pages in manifest.,2026-07-17T17:03:05.568475
univers,bpt6k710148c,,failed,0,0,,no_usable_pages,known,,,bpt6k710148c: no usable pages in manifest.,2026-07-17T17:03:05.736206
univers,bpt6k710179s,,failed,0,0,,no_usable_pages,known,,,bpt6k710179s: no usable pages in manifest.,2026-07-17T17:03:06.011723
univers,bpt6k710209p,,failed,0,0,,no_usable_pages,known,,,bpt6k710209p: no usable pages in manifest.,2026-07-17T17:03:06.453076
univers,bpt6k7102801,,failed,0,0,,no_usable_pages,known,,,bpt6k7102801: no usable pages in manifest.,2026-07-17T17:03:06.791424
univers,bpt6k7103119,,failed,0,0,,no_usable_pages,known,,,bpt6k7103119: no usable pages in manifest.,2026-07-17T17:03:06.925459
univers,bpt6k7103310,,failed,0,0,,no_usable_pages,known,,,bpt6k7103310: no usable pages in manifest.,2026-07-17T17:03:07.065455
univers,bpt6k710381q,,failed,0,0,,no_usable_pages,known,,,bpt6k710381q: no usable pages in manifest.,2026-07-17T17:03:07.207712
univers,bpt6k769137b,,failed,0,0,,no_usable_pages,known,,,bpt6k769137b: no usable pages in manifest.,2026-07-17T17:03:07.441420
univers,bpt6k769167c,,failed,0,0,,no_usable_pages,known,,,bpt6k769167c: no usable pages in manifest.,2026-07-17T17:03:07.631171
univers,bpt6k7691859,,failed,0,0,,no_usable_pages,known,,,bpt6k7691859: no usable pages in manifest.,2026-07-17T17:03:07.883060
univers,bpt6k7692457,,failed,0,0,,no_usable_pages,known,,,bpt6k7692457: no usable pages in manifest.,2026-07-17T17:03:08.064208
univers,bpt6k710441n,,failed,0,0,,no_usable_pages,known,,,bpt6k710441n: no usable pages in manifest.,2026-07-17T17:03:08.211861
univers,bpt6k7104510,,failed,0,0,,no_usable_pages,known,,,bpt6k7104510: no usable pages in manifest.,2026-07-17T17:03:08.409590
univers,bpt6k7104892,,failed,0,0,,no_usable_pages,known,,,bpt6k7104892: no usable pages in manifest.,2026-07-17T17:03:08.584862
univers,bpt6k7105087,,failed,0,0,,no_usable_pages,known,,,bpt6k7105087: no usable pages in manifest.,2026-07-17T17:03:08.735625
univers,bpt6k710528x,,failed,0,0,,no_usable_pages,known,,,bpt6k710528x: no usable pages in manifest.,2026-07-17T17:03:08.962052
univers,bpt6k7105621,,failed,0,0,,no_usable_pages,known,,,bpt6k7105621: no usable pages in manifest.,2026-07-17T17:03:09.110461
univers,bpt6k7105909,,failed,0,0,,no_usable_pages,known,,,bpt6k7105909: no usable pages in manifest.,2026-07-17T17:03:09.294051
univers,bpt6k710621k,,failed,0,0,,no_usable_pages,known,,,bpt6k710621k: no usable pages in manifest.,2026-07-17T17:03:09.497073
univers,bpt6k710638k,,failed,0,0,,no_usable_pages,known,,,bpt6k710638k: no usable pages in manifest.,2026-07-17T17:03:09.704746
univers,bpt6k710657w,,failed,0,0,,no_usable_pages,known,,,bpt6k710657w: no usable pages in manifest.,2026-07-17T17:03:10.069213
univers,bpt6k710666v,,failed,0,0,,no_usable_pages,known,,,bpt6k710666v: no usable pages in manifest.,2026-07-17T17:03:10.242806
univers,bpt6k710693r,,failed,0,0,,no_usable_pages,known,,,bpt6k710693r: no usable pages in manifest.,2026-07-17T17:03:10.448852
univers,bpt6k710743b,,failed,0,0,,no_usable_pages,known,,,bpt6k710743b: no usable pages in manifest.,2026-07-17T17:03:10.603538
univers,bpt6k7107720,,failed,0,0,,no_usable_pages,known,,,bpt6k7107720: no usable pages in manifest.,2026-07-17T17:03:10.846048
univers,bpt6k710792p,,failed,0,0,,no_usable_pages,known,,,bpt6k710792p: no usable pages in manifest.,2026-07-17T17:03:11.095461
univers,bpt6k7108051,,failed,0,0,,no_usable_pages,known,,,bpt6k7108051: no usable pages in manifest.,2026-07-17T17:03:11.358958
univers,bpt6k7109204,,failed,0,0,,no_usable_pages,known,,,bpt6k7109204: no usable pages in manifest.,2026-07-17T17:03:11.617663
univers,bpt6k710940t,,failed,0,0,,no_usable_pages,known,,,bpt6k710940t: no usable pages in manifest.,2026-07-17T17:03:11.900286
univers,bpt6k710972m,,failed,0,0,,no_usable_pages,known,,,bpt6k710972m: no usable pages in manifest.,2026-07-17T17:03:12.203991
univers,bpt6k711099f,,failed,0,0,,no_usable_pages,known,,,bpt6k711099f: no usable pages in manifest.,2026-07-17T17:03:12.368087
univers,bpt6k711145h,,failed,0,0,,no_usable_pages,known,,,bpt6k711145h: no usable pages in manifest.,2026-07-17T17:03:12.530230
univers,bpt6k711209z,,failed,0,0,,no_usable_pages,known,,,bpt6k711209z: no usable pages in manifest.,2026-07-17T17:03:12.713233
univers,bpt6k711229n,,failed,0,0,,no_usable_pages,known,,,bpt6k711229n: no usable pages in manifest.,2026-07-17T17:03:12.989700
univers,bpt6k711257x,,failed,0,0,,no_usable_pages,known,,,bpt6k711257x: no usable pages in manifest.,2026-07-17T17:03:13.306690
univers,bpt6k7112780,,failed,0,0,,no_usable_pages,known,,,bpt6k7112780: no usable pages in manifest.,2026-07-17T17:03:13.500364
univers,bpt6k711424c,,failed,0,0,,no_usable_pages,known,,,bpt6k711424c: no usable pages in manifest.,2026-07-17T17:03:13.628621
univers,bpt6k7114866,,failed,0,0,,no_usable_pages,known,,,bpt6k7114866: no usable pages in manifest.,2026-07-17T17:03:13.808288
univers,bpt6k711634b,,failed,0,0,,no_usable_pages,known,,,bpt6k711634b: no usable pages in manifest.,2026-07-17T17:03:13.990411
univers,bpt6k711672z,,failed,0,0,,no_usable_pages,known,,,bpt6k711672z: no usable pages in manifest.,2026-07-17T17:03:14.222147
univers,bpt6k7117338,,failed,0,0,,no_usable_pages,known,,,bpt6k7117338: no usable pages in manifest.,2026-07-17T17:03:14.554664
univers,bpt6k712205q,,failed,0,0,,no_usable_pages,known,,,bpt6k712205q: no usable pages in manifest.,2026-07-17T17:03:14.728979
univers,bpt6k712211j,,failed,0,0,,no_usable_pages,known,,,bpt6k712211j: no usable pages in manifest.,2026-07-17T17:03:14.966225
univers,bpt6k712277w,,failed,0,0,,no_usable_pages,known,,,bpt6k712277w: no usable pages in manifest.,2026-07-17T17:03:15.190969
univers,bpt6k7123475,,failed,0,0,,no_usable_pages,known,,,bpt6k7123475: no usable pages in manifest.,2026-07-17T17:03:15.396378
univers,bpt6k712348j,,failed,0,0,,no_usable_pages,known,,,bpt6k712348j: no usable pages in manifest.,2026-07-17T17:03:15.637914
univers,bpt6k712349x,,failed,0,0,,no_usable_pages,known,,,bpt6k712349x: no usable pages in manifest.,2026-07-17T17:03:15.831905
univers,bpt6k7126384,,failed,0,0,,no_usable_pages,known,,,bpt6k7126384: no usable pages in manifest.,2026-07-17T17:03:15.992889
univers,bpt6k712967q,,failed,0,0,,no_usable_pages,known,,,bpt6k712967q: no usable pages in manifest.,2026-07-17T17:03:16.180916
univers,bpt6k7129903,,failed,0,0,,no_usable_pages,known,,,bpt6k7129903: no usable pages in manifest.,2026-07-17T17:03:16.661111
univers,bpt6k7130239,,failed,0,0,,no_usable_pages,known,,,bpt6k7130239: no usable pages in manifest.,2026-07-17T17:03:16.947320
univers,bpt6k7130328,,failed,0,0,,no_usable_pages,known,,,bpt6k7130328: no usable pages in manifest.,2026-07-17T17:03:17.104298
univers,bpt6k7130464,,failed,0,0,,no_usable_pages,known,,,bpt6k7130464: no usable pages in manifest.,2026-07-17T17:03:17.251705
univers,bpt6k713061x,,failed,0,0,,no_usable_pages,known,,,bpt6k713061x: no usable pages in manifest.,2026-07-17T17:03:17.521138
oeuvre,bd6t514612832,,failed,0,0,,no_usable_pages,known,,,bd6t514612832: no usable pages in manifest.,2026-07-17T17:03:17.864031
oeuvre,bd6t51461285w,,failed,0,0,,no_usable_pages,known,,,bd6t51461285w: no usable pages in manifest.,2026-07-17T17:03:18.061226
oeuvre,bd6t51461271v,,failed,0,0,,no_usable_pages,known,,,bd6t51461271v: no usable pages in manifest.,2026-07-17T17:03:18.308035
oeuvre,bpt6k46161637,,failed,0,0,,no_usable_pages,known,,,bpt6k46161637: no usable pages in manifest.,2026-07-17T17:03:18.482740
oeuvre,bpt6k4616164n,,failed,0,0,,no_usable_pages,known,,,bpt6k4616164n: no usable pages in manifest.,2026-07-17T17:03:18.660303
oeuvre,bpt6k4615253w,,failed,0,0,,no_usable_pages,known,,,bpt6k4615253w: no usable pages in manifest.,2026-07-17T17:03:18.958107
oeuvre,bpt6k46147057,,failed,0,0,,no_usable_pages,known,,,bpt6k46147057: no usable pages in manifest.,2026-07-17T17:03:19.168741
oeuvre,bpt6k46150462,,failed,0,0,,no_usable_pages,known,,,bpt6k46150462: no usable pages in manifest.,2026-07-17T17:03:19.341190
oeuvre,bpt6k46173637,,failed,0,0,,no_usable_pages,known,,,bpt6k46173637: no usable pages in manifest.,2026-07-17T17:03:19.542888
oeuvre,bpt6k4618485g,,failed,0,0,,no_usable_pages,known,,,bpt6k4618485g: no usable pages in manifest.,2026-07-17T17:03:19.807709
lacharente,bd6t550926858,,failed,0,0,,no_usable_pages,known,,,bd6t550926858: no usable pages in manifest.,2026-07-17T17:03:20.221174
lacharente,bd6t55102159t,,failed,0,0,,no_usable_pages,known,,,bd6t55102159t: no usable pages in manifest.,2026-07-17T17:03:20.391009
lacharente,bd6t55088002h,,failed,0,0,,no_usable_pages,known,,,bd6t55088002h: no usable pages in manifest.,2026-07-17T17:03:20.564288
lacharente,bd6t55088461r,,failed,0,0,,no_usable_pages,known,,,bd6t55088461r: no usable pages in manifest.,2026-07-17T17:03:20.741733
lacharente,bd6t55088833t,,failed,0,0,,no_usable_pages,known,,,bd6t55088833t: no usable pages in manifest.,2026-07-17T17:03:20.937042
lacharente,bd6t55089307x,,failed,0,0,,no_usable_pages,known,,,bd6t55089307x: no usable pages in manifest.,2026-07-17T17:03:21.205082
lacharente,bd6t55089616x,,failed,0,0,,no_usable_pages,known,,,bd6t55089616x: no usable pages in manifest.,2026-07-17T17:03:21.413653
lacharente,bd6t55094477n,,failed,0,0,,no_usable_pages,known,,,bd6t55094477n: no usable pages in manifest.,2026-07-17T17:03:21.779813
lacharente,bd6t551012482,,failed,0,0,,no_usable_pages,known,,,bd6t551012482: no usable pages in manifest.,2026-07-17T17:03:22.053919
lacharente,bd6t55103286c,,failed,0,0,,no_usable_pages,known,,,bd6t55103286c: no usable pages in manifest.,2026-07-17T17:03:22.369203
lacharente,bd6t55083917h,,failed,0,0,,no_usable_pages,known,,,bd6t55083917h: no usable pages in manifest.,2026-07-17T17:03:22.557868
lacharente,bd6t55087065q,,failed,0,0,,no_usable_pages,known,,,bd6t55087065q: no usable pages in manifest.,2026-07-17T17:03:22.750751
lacharente,bd6t550827341,,failed,0,0,,no_usable_pages,known,,,bd6t550827341: no usable pages in manifest.,2026-07-17T17:03:22.909826
lacharente,bd6t55082735f,,failed,0,0,,no_usable_pages,known,,,bd6t55082735f: no usable pages in manifest.,2026-07-17T17:03:23.049487
lacharente,bd6t55082736v,,failed,0,0,,no_usable_pages,known,,,bd6t55082736v: no usable pages in manifest.,2026-07-17T17:03:23.394382
lacharente,bd6t550827378,,failed,0,0,,no_usable_pages,known,,,bd6t550827378: no usable pages in manifest.,2026-07-17T17:03:23.620628
lacharente,bd6t55082738p,,failed,0,0,,no_usable_pages,known,,,bd6t55082738p: no usable pages in manifest.,2026-07-17T17:03:23.770043
lacharente,bd6t550827393,,failed,0,0,,no_usable_pages,known,,,bd6t550827393: no usable pages in manifest.,2026-07-17T17:03:23.947700
lacharente,bd6t55082740r,,failed,0,0,,no_usable_pages,known,,,bd6t55082740r: no usable pages in manifest.,2026-07-17T17:03:24.152445
lacharente,bd6t550827415,,failed,0,0,,no_usable_pages,known,,,bd6t550827415: no usable pages in manifest.,2026-07-17T17:03:24.423165
lacharente,bd6t55082742k,,failed,0,0,,no_usable_pages,known,,,bd6t55082742k: no usable pages in manifest.,2026-07-17T17:03:24.643321
lacharente,bd6t550827430,,failed,0,0,,no_usable_pages,known,,,bd6t550827430: no usable pages in manifest.,2026-07-17T17:03:24.902415
lacharente,bd6t55082744d,,failed,0,0,,no_usable_pages,known,,,bd6t55082744d: no usable pages in manifest.,2026-07-17T17:03:25.047762
lacharente,bd6t55082745t,,failed,0,0,,no_usable_pages,known,,,bd6t55082745t: no usable pages in manifest.,2026-07-17T17:03:25.241284
lacharente,bd6t550827467,,failed,0,0,,no_usable_pages,known,,,bd6t550827467: no usable pages in manifest.,2026-07-17T17:03:25.558189
lacharente,bd6t55082747n,,failed,0,0,,no_usable_pages,known,,,bd6t55082747n: no usable pages in manifest.,2026-07-17T17:03:25.755702
lacharente,bd6t550827482,,failed,0,0,,no_usable_pages,known,,,bd6t550827482: no usable pages in manifest.,2026-07-17T17:03:25.915618
lacharente,bd6t55082749g,,failed,0,0,,no_usable_pages,known,,,bd6t55082749g: no usable pages in manifest.,2026-07-17T17:03:26.088229
lacharente,bd6t550827504,,failed,0,0,,no_usable_pages,known,,,bd6t550827504: no usable pages in manifest.,2026-07-17T17:03:26.252894
lacharente,bd6t55082751j,,failed,0,0,,no_usable_pages,known,,,bd6t55082751j: no usable pages in manifest.,2026-07-17T17:03:26.387399
lacharente,bd6t55082752z,,failed,0,0,,no_usable_pages,known,,,bd6t55082752z: no usable pages in manifest.,2026-07-17T17:03:26.691617
lacharente,bd6t55082753c,,failed,0,0,,no_usable_pages,known,,,bd6t55082753c: no usable pages in manifest.,2026-07-17T17:03:26.858633
lacharente,bd6t55082754s,,failed,0,0,,no_usable_pages,known,,,bd6t55082754s: no usable pages in manifest.,2026-07-17T17:03:27.153562
lacharente,bd6t550827556,,failed,0,0,,no_usable_pages,known,,,bd6t550827556: no usable pages in manifest.,2026-07-17T17:03:27.440503
lacharente,bd6t55082756m,,failed,0,0,,no_usable_pages,known,,,bd6t55082756m: no usable pages in manifest.,2026-07-17T17:03:27.722990
lacharente,bd6t550827571,,failed,0,0,,no_usable_pages,known,,,bd6t550827571: no usable pages in manifest.,2026-07-17T17:03:27.881107
lacharente,bd6t55082758f,,failed,0,0,,no_usable_pages,known,,,bd6t55082758f: no usable pages in manifest.,2026-07-17T17:03:28.122585
lacharente,bd6t55082759v,,failed,0,0,,no_usable_pages,known,,,bd6t55082759v: no usable pages in manifest.,2026-07-17T17:03:28.317459
lacharente,bd6t55082760h,,failed,0,0,,no_usable_pages,known,,,bd6t55082760h: no usable pages in manifest.,2026-07-17T17:03:28.516521
lacharente,bd6t55082761x,,failed,0,0,,no_usable_pages,known,,,bd6t55082761x: no usable pages in manifest.,2026-07-17T17:03:28.930030
lacharente,bd6t55082762b,,failed,0,0,,no_usable_pages,known,,,bd6t55082762b: no usable pages in manifest.,2026-07-17T17:03:29.113417
lacharente,bd6t55082763r,,failed,0,0,,no_usable_pages,known,,,bd6t55082763r: no usable pages in manifest.,2026-07-17T17:03:29.293570
lacharente,bd6t550827645,,failed,0,0,,no_usable_pages,known,,,bd6t550827645: no usable pages in manifest.,2026-07-17T17:03:29.532220
lacharente,bd6t55082765k,,failed,0,0,,no_usable_pages,known,,,bd6t55082765k: no usable pages in manifest.,2026-07-17T17:03:29.843085
lacharente,bd6t550827660,,failed,0,0,,no_usable_pages,known,,,bd6t550827660: no usable pages in manifest.,2026-07-17T17:03:30.043523
lacharente,bd6t55082767d,,failed,0,0,,no_usable_pages,known,,,bd6t55082767d: no usable pages in manifest.,2026-07-17T17:03:30.237169
lacharente,bd6t55082768t,,failed,0,0,,no_usable_pages,known,,,bd6t55082768t: no usable pages in manifest.,2026-07-17T17:03:30.376347
lacharente,bd6t550827697,,failed,0,0,,no_usable_pages,known,,,bd6t550827697: no usable pages in manifest.,2026-07-17T17:03:30.550163
lacharente,bd6t55082770w,,failed,0,0,,no_usable_pages,known,,,bd6t55082770w: no usable pages in manifest.,2026-07-17T17:03:30.969887
lacharente,bd6t550827719,,failed,0,0,,no_usable_pages,known,,,bd6t550827719: no usable pages in manifest.,2026-07-17T17:03:31.268296
lacharente,bd6t55082772q,,failed,0,0,,no_usable_pages,known,,,bd6t55082772q: no usable pages in manifest.,2026-07-17T17:03:31.419858
lacharente,bd6t550827734,,failed,0,0,,no_usable_pages,known,,,bd6t550827734: no usable pages in manifest.,2026-07-17T17:03:31.677840
lacharente,bd6t55082774j,,failed,0,0,,no_usable_pages,known,,,bd6t55082774j: no usable pages in manifest.,2026-07-17T17:03:31.844942
lacharente,bd6t55082775z,,failed,0,0,,no_usable_pages,known,,,bd6t55082775z: no usable pages in manifest.,2026-07-17T17:03:32.131550
lacharente,bd6t55082776c,,failed,0,0,,no_usable_pages,known,,,bd6t55082776c: no usable pages in manifest.,2026-07-17T17:03:32.305566
lacharente,bd6t55082777s,,failed,0,0,,no_usable_pages,known,,,bd6t55082777s: no usable pages in manifest.,2026-07-17T17:03:32.703084
lacharente,bd6t550827786,,failed,0,0,,no_usable_pages,known,,,bd6t550827786: no usable pages in manifest.,2026-07-17T17:03:32.857686
lacharente,bd6t55082779m,,failed,0,0,,no_usable_pages,known,,,bd6t55082779m: no usable pages in manifest.,2026-07-17T17:03:33.132483
lacharente,bd6t550827808,,failed,0,0,,no_usable_pages,known,,,bd6t550827808: no usable pages in manifest.,2026-07-17T17:03:33.274628
lacharente,bd6t55082781p,,failed,0,0,,no_usable_pages,known,,,bd6t55082781p: no usable pages in manifest.,2026-07-17T17:03:33.437155
lacharente,bd6t550827823,,failed,0,0,,no_usable_pages,known,,,bd6t550827823: no usable pages in manifest.,2026-07-17T17:03:33.612930
lacharente,bd6t55082783h,,failed,0,0,,no_usable_pages,known,,,bd6t55082783h: no usable pages in manifest.,2026-07-17T17:03:33.875103
lacharente,bd6t55082784x,,failed,0,0,,no_usable_pages,known,,,bd6t55082784x: no usable pages in manifest.,2026-07-17T17:03:34.207615
lacharente,bd6t55082785b,,failed,0,0,,no_usable_pages,known,,,bd6t55082785b: no usable pages in manifest.,2026-07-17T17:03:34.411507
lacharente,bd6t55082786r,,failed,0,0,,no_usable_pages,known,,,bd6t55082786r: no usable pages in manifest.,2026-07-17T17:03:34.601327
lacharente,bd6t550827875,,failed,0,0,,no_usable_pages,known,,,bd6t550827875: no usable pages in manifest.,2026-07-17T17:03:34.821265
lacharente,bd6t55082788k,,failed,0,0,,no_usable_pages,known,,,bd6t55082788k: no usable pages in manifest.,2026-07-17T17:03:35.048050
lacharente,bd6t550827890,,failed,0,0,,no_usable_pages,known,,,bd6t550827890: no usable pages in manifest.,2026-07-17T17:03:35.331136
lacharente,bd6t55082790n,,failed,0,0,,no_usable_pages,known,,,bd6t55082790n: no usable pages in manifest.,2026-07-17T17:03:35.533952
lacharente,bd6t550827912,,failed,0,0,,no_usable_pages,known,,,bd6t550827912: no usable pages in manifest.,2026-07-17T17:03:35.709368
lacharente,bd6t55082792g,,failed,0,0,,no_usable_pages,known,,,bd6t55082792g: no usable pages in manifest.,2026-07-17T17:03:35.936560
lacharente,bd6t55082793w,,failed,0,0,,no_usable_pages,known,,,bd6t55082793w: no usable pages in manifest.,2026-07-17T17:03:36.122965
lacharente,bd6t550827949,,failed,0,0,,no_usable_pages,known,,,bd6t550827949: no usable pages in manifest.,2026-07-17T17:03:36.492152
lacharente,bd6t55082795q,,failed,0,0,,no_usable_pages,known,,,bd6t55082795q: no usable pages in manifest.,2026-07-17T17:03:36.638652
lacharente,bd6t550827964,,failed,0,0,,no_usable_pages,known,,,bd6t550827964: no usable pages in manifest.,2026-07-17T17:03:36.832950
lacharente,bd6t55082797j,,failed,0,0,,no_usable_pages,known,,,bd6t55082797j: no usable pages in manifest.,2026-07-17T17:03:37.059853
lacharente,bd6t55082798z,,failed,0,0,,no_usable_pages,known,,,bd6t55082798z: no usable pages in manifest.,2026-07-17T17:03:37.454081
lacharente,bd6t55082799c,,failed,0,0,,no_usable_pages,known,,,bd6t55082799c: no usable pages in manifest.,2026-07-17T17:03:37.954668
lacharente,bd6t55082800k,,failed,0,0,,no_usable_pages,known,,,bd6t55082800k: no usable pages in manifest.,2026-07-17T17:03:38.103234
lacharente,bd6t550828010,,failed,0,0,,no_usable_pages,known,,,bd6t550828010: no usable pages in manifest.,2026-07-17T17:03:38.289034
lacharente,bd6t55082802d,,failed,0,0,,no_usable_pages,known,,,bd6t55082802d: no usable pages in manifest.,2026-07-17T17:03:38.466365
lacharente,bd6t55082803t,,failed,0,0,,no_usable_pages,known,,,bd6t55082803t: no usable pages in manifest.,2026-07-17T17:03:38.651834
lacharente,bd6t550828047,,failed,0,0,,no_usable_pages,known,,,bd6t550828047: no usable pages in manifest.,2026-07-17T17:03:38.979402
lacharente,bd6t55082805n,,failed,0,0,,no_usable_pages,known,,,bd6t55082805n: no usable pages in manifest.,2026-07-17T17:03:39.186741
lacharente,bd6t550828062,,failed,0,0,,no_usable_pages,known,,,bd6t550828062: no usable pages in manifest.,2026-07-17T17:03:39.388137
lacharente,bd6t55082807g,,failed,0,0,,no_usable_pages,known,,,bd6t55082807g: no usable pages in manifest.,2026-07-17T17:03:39.545615
lacharente,bd6t55082808w,,failed,0,0,,no_usable_pages,known,,,bd6t55082808w: no usable pages in manifest.,2026-07-17T17:03:39.703214
lacharente,bd6t550828099,,failed,0,0,,no_usable_pages,known,,,bd6t550828099: no usable pages in manifest.,2026-07-17T17:03:39.905658
lacharente,bd6t55082810z,,failed,0,0,,no_usable_pages,known,,,bd6t55082810z: no usable pages in manifest.,2026-07-17T17:03:40.118573
lacharente,bd6t55082811c,,failed,0,0,,no_usable_pages,known,,,bd6t55082811c: no usable pages in manifest.,2026-07-17T17:03:40.303483
lacharente,bd6t55082812s,,failed,0,0,,no_usable_pages,known,,,bd6t55082812s: no usable pages in manifest.,2026-07-17T17:03:40.482614
lacharente,bd6t550828136,,failed,0,0,,no_usable_pages,known,,,bd6t550828136: no usable pages in manifest.,2026-07-17T17:03:40.659912
lacharente,bd6t55082814m,,failed,0,0,,no_usable_pages,known,,,bd6t55082814m: no usable pages in manifest.,2026-07-17T17:03:40.878177
lacharente,bd6t550828151,,failed,0,0,,no_usable_pages,known,,,bd6t550828151: no usable pages in manifest.,2026-07-17T17:03:41.157760
lacharente,bd6t55082816f,,failed,0,0,,no_usable_pages,known,,,bd6t55082816f: no usable pages in manifest.,2026-07-17T17:03:41.322586
lacharente,bd6t55082817v,,failed,0,0,,no_usable_pages,known,,,bd6t55082817v: no usable pages in manifest.,2026-07-17T17:03:41.484071
lacharente,bd6t550828188,,failed,0,0,,no_usable_pages,known,,,bd6t550828188: no usable pages in manifest.,2026-07-17T17:03:41.715154
lacharente,bd6t55082819p,,failed,0,0,,no_usable_pages,known,,,bd6t55082819p: no usable pages in manifest.,2026-07-17T17:03:41.904913
lacharente,bd6t55082820b,,failed,0,0,,no_usable_pages,known,,,bd6t55082820b: no usable pages in manifest.,2026-07-17T17:03:42.137386
lacharente,bd6t55082821r,,failed,0,0,,no_usable_pages,known,,,bd6t55082821r: no usable pages in manifest.,2026-07-17T17:03:42.391939
lacharente,bd6t550828225,,failed,0,0,,no_usable_pages,known,,,bd6t550828225: no usable pages in manifest.,2026-07-17T17:03:42.634767
lacharente,bd6t55082823k,,failed,0,0,,no_usable_pages,known,,,bd6t55082823k: no usable pages in manifest.,2026-07-17T17:03:43.083485
lacharente,bd6t550828240,,failed,0,0,,no_usable_pages,known,,,bd6t550828240: no usable pages in manifest.,2026-07-17T17:03:43.417218
lacharente,bd6t55082825d,,failed,0,0,,no_usable_pages,known,,,bd6t55082825d: no usable pages in manifest.,2026-07-17T17:03:43.598561
lacharente,bd6t55082826t,,failed,0,0,,no_usable_pages,known,,,bd6t55082826t: no usable pages in manifest.,2026-07-17T17:03:43.759909
lacharente,bd6t550828277,,failed,0,0,,no_usable_pages,known,,,bd6t550828277: no usable pages in manifest.,2026-07-17T17:03:43.966766
lacharente,bd6t55082828n,,failed,0,0,,no_usable_pages,known,,,bd6t55082828n: no usable pages in manifest.,2026-07-17T17:03:44.133963
lacharente,bd6t550828292,,failed,0,0,,no_usable_pages,known,,,bd6t550828292: no usable pages in manifest.,2026-07-17T17:03:44.393658
lacharente,bd6t55082830q,,failed,0,0,,no_usable_pages,known,,,bd6t55082830q: no usable pages in manifest.,2026-07-17T17:03:44.551398
lacharente,bd6t550828314,,failed,0,0,,no_usable_pages,known,,,bd6t550828314: no usable pages in manifest.,2026-07-17T17:03:44.758148
lacharente,bd6t55082832j,,failed,0,0,,no_usable_pages,known,,,bd6t55082832j: no usable pages in manifest.,2026-07-17T17:03:44.951539
lacharente,bd6t55082833z,,failed,0,0,,no_usable_pages,known,,,bd6t55082833z: no usable pages in manifest.,2026-07-17T17:03:45.168491
lacharente,bd6t55082834c,,failed,0,0,,no_usable_pages,known,,,bd6t55082834c: no usable pages in manifest.,2026-07-17T17:03:45.498765
lacharente,bd6t55082835s,,failed,0,0,,no_usable_pages,known,,,bd6t55082835s: no usable pages in manifest.,2026-07-17T17:03:45.645504
lacharente,bd6t550828366,,failed,0,0,,no_usable_pages,known,,,bd6t550828366: no usable pages in manifest.,2026-07-17T17:03:45.814819
lacharente,bd6t55082837m,,failed,0,0,,no_usable_pages,known,,,bd6t55082837m: no usable pages in manifest.,2026-07-17T17:03:46.042565
lacharente,bd6t550828381,,failed,0,0,,no_usable_pages,known,,,bd6t550828381: no usable pages in manifest.,2026-07-17T17:03:46.281988
lacharente,bd6t55082839f,,failed,0,0,,no_usable_pages,known,,,bd6t55082839f: no usable pages in manifest.,2026-07-17T17:03:46.880121
lacharente,bd6t550828403,,failed,0,0,,no_usable_pages,known,,,bd6t550828403: no usable pages in manifest.,2026-07-17T17:03:47.060105
lacharente,bd6t55082841h,,failed,0,0,,no_usable_pages,known,,,bd6t55082841h: no usable pages in manifest.,2026-07-17T17:03:47.310402
lacharente,bd6t55082842x,,failed,0,0,,no_usable_pages,known,,,bd6t55082842x: no usable pages in manifest.,2026-07-17T17:03:47.606260
lacharente,bd6t55082843b,,failed,0,0,,no_usable_pages,known,,,bd6t55082843b: no usable pages in manifest.,2026-07-17T17:03:48.168391
lacharente,bd6t55082844r,,failed,0,0,,no_usable_pages,known,,,bd6t55082844r: no usable pages in manifest.,2026-07-17T17:03:48.412429
lacharente,bd6t550828455,,failed,0,0,,no_usable_pages,known,,,bd6t550828455: no usable pages in manifest.,2026-07-17T17:03:48.611172
lacharente,bd6t55082846k,,failed,0,0,,no_usable_pages,known,,,bd6t55082846k: no usable pages in manifest.,2026-07-17T17:03:48.809700
lacharente,bd6t550828470,,failed,0,0,,no_usable_pages,known,,,bd6t550828470: no usable pages in manifest.,2026-07-17T17:03:49.064634
lacharente,bd6t55082848d,,failed,0,0,,no_usable_pages,known,,,bd6t55082848d: no usable pages in manifest.,2026-07-17T17:03:49.251266
lacharente,bd6t55082849t,,failed,0,0,,no_usable_pages,known,,,bd6t55082849t: no usable pages in manifest.,2026-07-17T17:03:49.446955
lacharente,bd6t55082850g,,failed,0,0,,no_usable_pages,known,,,bd6t55082850g: no usable pages in manifest.,2026-07-17T17:03:49.612418
lacharente,bd6t55082851w,,failed,0,0,,no_usable_pages,known,,,bd6t55082851w: no usable pages in manifest.,2026-07-17T17:03:49.819439
lacharente,bd6t550828529,,failed,0,0,,no_usable_pages,known,,,bd6t550828529: no usable pages in manifest.,2026-07-17T17:03:50.160126
lacharente,bd6t55082853q,,failed,0,0,,no_usable_pages,known,,,bd6t55082853q: no usable pages in manifest.,2026-07-17T17:03:50.378149
lacharente,bd6t550828544,,failed,0,0,,no_usable_pages,known,,,bd6t550828544: no usable pages in manifest.,2026-07-17T17:03:50.579001
lacharente,bd6t55082855j,,failed,0,0,,no_usable_pages,known,,,bd6t55082855j: no usable pages in manifest.,2026-07-17T17:03:50.729568
lacharente,bd6t55082856z,,failed,0,0,,no_usable_pages,known,,,bd6t55082856z: no usable pages in manifest.,2026-07-17T17:03:50.953560
lacharente,bd6t55082857c,,failed,0,0,,no_usable_pages,known,,,bd6t55082857c: no usable pages in manifest.,2026-07-17T17:03:51.269619
lacharente,bd6t55082858s,,failed,0,0,,no_usable_pages,known,,,bd6t55082858s: no usable pages in manifest.,2026-07-17T17:03:51.534394
lacharente,bd6t550828596,,failed,0,0,,no_usable_pages,known,,,bd6t550828596: no usable pages in manifest.,2026-07-17T17:03:51.780721
lacharente,bd6t55082860v,,failed,0,0,,no_usable_pages,known,,,bd6t55082860v: no usable pages in manifest.,2026-07-17T17:03:52.069243
lacharente,bd6t550828618,,failed,0,0,,no_usable_pages,known,,,bd6t550828618: no usable pages in manifest.,2026-07-17T17:03:52.497305
lacharente,bd6t55082862p,,failed,0,0,,no_usable_pages,known,,,bd6t55082862p: no usable pages in manifest.,2026-07-17T17:03:52.774567
lacharente,bd6t550828633,,failed,0,0,,no_usable_pages,known,,,bd6t550828633: no usable pages in manifest.,2026-07-17T17:03:53.042952
lacharente,bd6t55082864h,,failed,0,0,,no_usable_pages,known,,,bd6t55082864h: no usable pages in manifest.,2026-07-17T17:03:53.196117
lacharente,bd6t55082865x,,failed,0,0,,no_usable_pages,known,,,bd6t55082865x: no usable pages in manifest.,2026-07-17T17:03:53.513894
lacharente,bd6t55082866b,,failed,0,0,,no_usable_pages,known,,,bd6t55082866b: no usable pages in manifest.,2026-07-17T17:03:53.889079
lacharente,bd6t55082867r,,failed,0,0,,no_usable_pages,known,,,bd6t55082867r: no usable pages in manifest.,2026-07-17T17:03:54.142749
lacharente,bd6t550828685,,failed,0,0,,no_usable_pages,known,,,bd6t550828685: no usable pages in manifest.,2026-07-17T17:03:54.421107
lacharente,bd6t55082869k,,failed,0,0,,no_usable_pages,known,,,bd6t55082869k: no usable pages in manifest.,2026-07-17T17:03:54.720437
lacharente,bd6t550828707,,failed,0,0,,no_usable_pages,known,,,bd6t550828707: no usable pages in manifest.,2026-07-17T17:03:54.926234
lacharente,bd6t55082871n,,failed,0,0,,no_usable_pages,known,,,bd6t55082871n: no usable pages in manifest.,2026-07-17T17:03:55.117510
lacharente,bd6t550828722,,failed,0,0,,no_usable_pages,known,,,bd6t550828722: no usable pages in manifest.,2026-07-17T17:03:55.306769
lacharente,bd6t55082873g,,failed,0,0,,no_usable_pages,known,,,bd6t55082873g: no usable pages in manifest.,2026-07-17T17:03:55.540070
lacharente,bd6t55082874w,,failed,0,0,,no_usable_pages,known,,,bd6t55082874w: no usable pages in manifest.,2026-07-17T17:03:55.849331
lacharente,bd6t550828759,,failed,0,0,,no_usable_pages,known,,,bd6t550828759: no usable pages in manifest.,2026-07-17T17:03:56.027039
lacharente,bd6t55082876q,,failed,0,0,,no_usable_pages,known,,,bd6t55082876q: no usable pages in manifest.,2026-07-17T17:03:56.224587
lacharente,bd6t550828774,,failed,0,0,,no_usable_pages,known,,,bd6t550828774: no usable pages in manifest.,2026-07-17T17:03:56.416637
lacharente,bd6t55082878j,,failed,0,0,,no_usable_pages,known,,,bd6t55082878j: no usable pages in manifest.,2026-07-17T17:03:56.665328
lacharente,bd6t55082879z,,failed,0,0,,no_usable_pages,known,,,bd6t55082879z: no usable pages in manifest.,2026-07-17T17:03:56.898889
lacharente,bd6t55082880m,,failed,0,0,,no_usable_pages,known,,,bd6t55082880m: no usable pages in manifest.,2026-07-17T17:03:57.063459
lacharente,bd6t550828811,,failed,0,0,,no_usable_pages,known,,,bd6t550828811: no usable pages in manifest.,2026-07-17T17:03:57.276934
lacharente,bd6t55082882f,,failed,0,0,,no_usable_pages,known,,,bd6t55082882f: no usable pages in manifest.,2026-07-17T17:03:57.446052
lacharente,bd6t55082883v,,failed,0,0,,no_usable_pages,known,,,bd6t55082883v: no usable pages in manifest.,2026-07-17T17:03:57.677271
lacharente,bd6t550828848,,failed,0,0,,no_usable_pages,known,,,bd6t550828848: no usable pages in manifest.,2026-07-17T17:03:57.976660
lacharente,bd6t55082885p,,failed,0,0,,no_usable_pages,known,,,bd6t55082885p: no usable pages in manifest.,2026-07-17T17:03:58.182957
lacharente,bd6t550828863,,failed,0,0,,no_usable_pages,known,,,bd6t550828863: no usable pages in manifest.,2026-07-17T17:03:58.425544
lacharente,bd6t55082887h,,failed,0,0,,no_usable_pages,known,,,bd6t55082887h: no usable pages in manifest.,2026-07-17T17:03:58.620350
lacharente,bd6t55082888x,,failed,0,0,,no_usable_pages,known,,,bd6t55082888x: no usable pages in manifest.,2026-07-17T17:03:58.909671
lacharente,bd6t55082889b,,failed,0,0,,no_usable_pages,known,,,bd6t55082889b: no usable pages in manifest.,2026-07-17T17:03:59.453874
lacharente,bd6t550828900,,failed,0,0,,no_usable_pages,known,,,bd6t550828900: no usable pages in manifest.,2026-07-17T17:03:59.697957
lacharente,bd6t55082891d,,failed,0,0,,no_usable_pages,known,,,bd6t55082891d: no usable pages in manifest.,2026-07-17T17:03:59.940419
lacharente,bd6t55082892t,,failed,0,0,,no_usable_pages,known,,,bd6t55082892t: no usable pages in manifest.,2026-07-17T17:04:00.131864
lacharente,bd6t550828937,,failed,0,0,,no_usable_pages,known,,,bd6t550828937: no usable pages in manifest.,2026-07-17T17:04:00.360177
lacharente,bd6t55082894n,,failed,0,0,,no_usable_pages,known,,,bd6t55082894n: no usable pages in manifest.,2026-07-17T17:04:00.549214
lacharente,bd6t550828952,,failed,0,0,,no_usable_pages,known,,,bd6t550828952: no usable pages in manifest.,2026-07-17T17:04:00.791976
lacharente,bd6t55082896g,,failed,0,0,,no_usable_pages,known,,,bd6t55082896g: no usable pages in manifest.,2026-07-17T17:04:01.010297
lacharente,bd6t55082897w,,failed,0,0,,no_usable_pages,known,,,bd6t55082897w: no usable pages in manifest.,2026-07-17T17:04:01.371998
lacharente,bd6t550828989,,failed,0,0,,no_usable_pages,known,,,bd6t550828989: no usable pages in manifest.,2026-07-17T17:04:01.567928
lacharente,bd6t55082899q,,failed,0,0,,no_usable_pages,known,,,bd6t55082899q: no usable pages in manifest.,2026-07-17T17:04:01.801543
lacharente,bd6t55082900x,,failed,0,0,,no_usable_pages,known,,,bd6t55082900x: no usable pages in manifest.,2026-07-17T17:04:02.055971
lacharente,bd6t55082901b,,failed,0,0,,no_usable_pages,known,,,bd6t55082901b: no usable pages in manifest.,2026-07-17T17:04:02.221519
lacharente,bd6t55082902r,,failed,0,0,,no_usable_pages,known,,,bd6t55082902r: no usable pages in manifest.,2026-07-17T17:04:02.526013
lacharente,bd6t550829035,,failed,0,0,,no_usable_pages,known,,,bd6t550829035: no usable pages in manifest.,2026-07-17T17:04:02.793632
lacharente,bd6t55082904k,,failed,0,0,,no_usable_pages,known,,,bd6t55082904k: no usable pages in manifest.,2026-07-17T17:04:03.052102
lacharente,bd6t550829050,,failed,0,0,,no_usable_pages,known,,,bd6t550829050: no usable pages in manifest.,2026-07-17T17:04:03.347056
lacharente,bd6t55082906d,,failed,0,0,,no_usable_pages,known,,,bd6t55082906d: no usable pages in manifest.,2026-07-17T17:04:03.582721
lacharente,bd6t55082907t,,failed,0,0,,no_usable_pages,known,,,bd6t55082907t: no usable pages in manifest.,2026-07-17T17:04:03.775987
lacharente,bd6t550829087,,failed,0,0,,no_usable_pages,known,,,bd6t550829087: no usable pages in manifest.,2026-07-17T17:04:03.958506
lacharente,bd6t55082909n,,failed,0,0,,no_usable_pages,known,,,bd6t55082909n: no usable pages in manifest.,2026-07-17T17:04:04.145528
lacharente,bd6t550829109,,failed,0,0,,no_usable_pages,known,,,bd6t550829109: no usable pages in manifest.,2026-07-17T17:04:04.366406
lacharente,bd6t55082911q,,failed,0,0,,no_usable_pages,known,,,bd6t55082911q: no usable pages in manifest.,2026-07-17T17:04:04.868383
lacharente,bd6t550829124,,failed,0,0,,no_usable_pages,known,,,bd6t550829124: no usable pages in manifest.,2026-07-17T17:04:05.044726
lacharente,bd6t55082913j,,failed,0,0,,no_usable_pages,known,,,bd6t55082913j: no usable pages in manifest.,2026-07-17T17:04:05.177799
lacharente,bd6t55082914z,,failed,0,0,,no_usable_pages,known,,,bd6t55082914z: no usable pages in manifest.,2026-07-17T17:04:05.461126
lacharente,bd6t55082915c,,failed,0,0,,no_usable_pages,known,,,bd6t55082915c: no usable pages in manifest.,2026-07-17T17:04:05.744297
lacharente,bd6t55082916s,,failed,0,0,,no_usable_pages,known,,,bd6t55082916s: no usable pages in manifest.,2026-07-17T17:04:05.952992
lacharente,bd6t550829176,,failed,0,0,,no_usable_pages,known,,,bd6t550829176: no usable pages in manifest.,2026-07-17T17:04:06.162885
lacharente,bd6t55082918m,,failed,0,0,,no_usable_pages,known,,,bd6t55082918m: no usable pages in manifest.,2026-07-17T17:04:06.324432
lacharente,bd6t550829191,,failed,0,0,,no_usable_pages,known,,,bd6t550829191: no usable pages in manifest.,2026-07-17T17:04:06.539803
lacharente,bd6t55082920p,,failed,0,0,,no_usable_pages,known,,,bd6t55082920p: no usable pages in manifest.,2026-07-17T17:04:06.806667
lacharente,bd6t550829213,,failed,0,0,,no_usable_pages,known,,,bd6t550829213: no usable pages in manifest.,2026-07-17T17:04:07.019895
lacharente,bd6t55082922h,,failed,0,0,,no_usable_pages,known,,,bd6t55082922h: no usable pages in manifest.,2026-07-17T17:04:07.202889
lacharente,bd6t55082923x,,failed,0,0,,no_usable_pages,known,,,bd6t55082923x: no usable pages in manifest.,2026-07-17T17:04:07.377158
lacharente,bd6t55082924b,,failed,0,0,,no_usable_pages,known,,,bd6t55082924b: no usable pages in manifest.,2026-07-17T17:04:07.615778
lacharente,bd6t55082925r,,failed,0,0,,no_usable_pages,known,,,bd6t55082925r: no usable pages in manifest.,2026-07-17T17:04:07.848768
lacharente,bd6t550829265,,failed,0,0,,no_usable_pages,known,,,bd6t550829265: no usable pages in manifest.,2026-07-17T17:04:08.043267
lacharente,bd6t55082927k,,failed,0,0,,no_usable_pages,known,,,bd6t55082927k: no usable pages in manifest.,2026-07-17T17:04:08.207228
lacharente,bd6t550829280,,failed,0,0,,no_usable_pages,known,,,bd6t550829280: no usable pages in manifest.,2026-07-17T17:04:08.402285
lacharente,bd6t55082929d,,failed,0,0,,no_usable_pages,known,,,bd6t55082929d: no usable pages in manifest.,2026-07-17T17:04:08.647943
lacharente,bd6t550829302,,failed,0,0,,no_usable_pages,known,,,bd6t550829302: no usable pages in manifest.,2026-07-17T17:04:08.783551
lacharente,bd6t55082931g,,failed,0,0,,no_usable_pages,known,,,bd6t55082931g: no usable pages in manifest.,2026-07-17T17:04:09.006079
lacharente,bd6t55082932w,,failed,0,0,,no_usable_pages,known,,,bd6t55082932w: no usable pages in manifest.,2026-07-17T17:04:09.208608
lacharente,bd6t550829339,,failed,0,0,,no_usable_pages,known,,,bd6t550829339: no usable pages in manifest.,2026-07-17T17:04:09.486115
lacharente,bd6t55082934q,,failed,0,0,,no_usable_pages,known,,,bd6t55082934q: no usable pages in manifest.,2026-07-17T17:04:09.893855
lacharente,bd6t550829354,,failed,0,0,,no_usable_pages,known,,,bd6t550829354: no usable pages in manifest.,2026-07-17T17:04:10.152257
lacharente,bd6t55082936j,,failed,0,0,,no_usable_pages,known,,,bd6t55082936j: no usable pages in manifest.,2026-07-17T17:04:10.313544
lacharente,bd6t55082937z,,failed,0,0,,no_usable_pages,known,,,bd6t55082937z: no usable pages in manifest.,2026-07-17T17:04:10.496168
lacharente,bd6t55082938c,,failed,0,0,,no_usable_pages,known,,,bd6t55082938c: no usable pages in manifest.,2026-07-17T17:04:10.765078
lacharente,bd6t55082939s,,failed,0,0,,no_usable_pages,known,,,bd6t55082939s: no usable pages in manifest.,2026-07-17T17:04:11.071614
lacharente,bd6t55082940f,,failed,0,0,,no_usable_pages,known,,,bd6t55082940f: no usable pages in manifest.,2026-07-17T17:04:11.354219
lacharente,bd6t55082941v,,failed,0,0,,no_usable_pages,known,,,bd6t55082941v: no usable pages in manifest.,2026-07-17T17:04:11.552240
lacharente,bd6t550829428,,failed,0,0,,no_usable_pages,known,,,bd6t550829428: no usable pages in manifest.,2026-07-17T17:04:11.735458
lacharente,bd6t55082943p,,failed,0,0,,no_usable_pages,known,,,bd6t55082943p: no usable pages in manifest.,2026-07-17T17:04:11.931937
lacharente,bd6t550829443,,failed,0,0,,no_usable_pages,known,,,bd6t550829443: no usable pages in manifest.,2026-07-17T17:04:12.187421
lacharente,bd6t55082945h,,failed,0,0,,no_usable_pages,known,,,bd6t55082945h: no usable pages in manifest.,2026-07-17T17:04:12.435315
lacharente,bd6t55082946x,,failed,0,0,,no_usable_pages,known,,,bd6t55082946x: no usable pages in manifest.,2026-07-17T17:04:12.642410
lacharente,bd6t55082947b,,failed,0,0,,no_usable_pages,known,,,bd6t55082947b: no usable pages in manifest.,2026-07-17T17:04:12.846042
lacharente,bd6t55082948r,,failed,0,0,,no_usable_pages,known,,,bd6t55082948r: no usable pages in manifest.,2026-07-17T17:04:12.996053
lacharente,bd6t550829495,,failed,0,0,,no_usable_pages,known,,,bd6t550829495: no usable pages in manifest.,2026-07-17T17:04:13.168181
lacharente,bd6t55082950t,,failed,0,0,,no_usable_pages,known,,,bd6t55082950t: no usable pages in manifest.,2026-07-17T17:04:13.410431
lacharente,bd6t550829517,,failed,0,0,,no_usable_pages,known,,,bd6t550829517: no usable pages in manifest.,2026-07-17T17:04:13.570671
lacharente,bd6t55082952n,,failed,0,0,,no_usable_pages,known,,,bd6t55082952n: no usable pages in manifest.,2026-07-17T17:04:13.783121
lacharente,bd6t550829532,,failed,0,0,,no_usable_pages,known,,,bd6t550829532: no usable pages in manifest.,2026-07-17T17:04:14.006456
lacharente,bd6t55082954g,,failed,0,0,,no_usable_pages,known,,,bd6t55082954g: no usable pages in manifest.,2026-07-17T17:04:14.268497
lacharente,bd6t55082955w,,failed,0,0,,no_usable_pages,known,,,bd6t55082955w: no usable pages in manifest.,2026-07-17T17:04:14.490772
lacharente,bd6t550829569,,failed,0,0,,no_usable_pages,known,,,bd6t550829569: no usable pages in manifest.,2026-07-17T17:04:14.708667
lacharente,bd6t55082957q,,failed,0,0,,no_usable_pages,known,,,bd6t55082957q: no usable pages in manifest.,2026-07-17T17:04:15.175044
lacharente,bd6t550829584,,failed,0,0,,no_usable_pages,known,,,bd6t550829584: no usable pages in manifest.,2026-07-17T17:04:15.363382
lacharente,bd6t55082959j,,failed,0,0,,no_usable_pages,known,,,bd6t55082959j: no usable pages in manifest.,2026-07-17T17:04:15.704041
lacharente,bd6t550829606,,failed,0,0,,no_usable_pages,known,,,bd6t550829606: no usable pages in manifest.,2026-07-17T17:04:15.873563
lacharente,bd6t55082961m,,failed,0,0,,no_usable_pages,known,,,bd6t55082961m: no usable pages in manifest.,2026-07-17T17:04:16.082386
lacharente,bd6t550829621,,failed,0,0,,no_usable_pages,known,,,bd6t550829621: no usable pages in manifest.,2026-07-17T17:04:16.446210
lacharente,bd6t55082963f,,failed,0,0,,no_usable_pages,known,,,bd6t55082963f: no usable pages in manifest.,2026-07-17T17:04:16.846264
lacharente,bd6t55082964v,,failed,0,0,,no_usable_pages,known,,,bd6t55082964v: no usable pages in manifest.,2026-07-17T17:04:17.101703
lacharente,bd6t550829658,,failed,0,0,,no_usable_pages,known,,,bd6t550829658: no usable pages in manifest.,2026-07-17T17:04:17.311871
lacharente,bd6t55082966p,,failed,0,0,,no_usable_pages,known,,,bd6t55082966p: no usable pages in manifest.,2026-07-17T17:04:17.591911
lacharente,bd6t550829673,,failed,0,0,,no_usable_pages,known,,,bd6t550829673: no usable pages in manifest.,2026-07-17T17:04:17.859277
lacharente,bd6t55082968h,,failed,0,0,,no_usable_pages,known,,,bd6t55082968h: no usable pages in manifest.,2026-07-17T17:04:18.094769
lacharente,bd6t55082969x,,failed,0,0,,no_usable_pages,known,,,bd6t55082969x: no usable pages in manifest.,2026-07-17T17:04:18.298299
lacharente,bd6t55082970k,,failed,0,0,,no_usable_pages,known,,,bd6t55082970k: no usable pages in manifest.,2026-07-17T17:04:18.571907
lacharente,bd6t550829710,,failed,0,0,,no_usable_pages,known,,,bd6t550829710: no usable pages in manifest.,2026-07-17T17:04:18.839082
lacharente,bd6t55082972d,,failed,0,0,,no_usable_pages,known,,,bd6t55082972d: no usable pages in manifest.,2026-07-17T17:04:19.128136
lacharente,bd6t55082973t,,failed,0,0,,no_usable_pages,known,,,bd6t55082973t: no usable pages in manifest.,2026-07-17T17:04:19.300352
lacharente,bd6t550829747,,failed,0,0,,no_usable_pages,known,,,bd6t550829747: no usable pages in manifest.,2026-07-17T17:04:19.510731
lacharente,bd6t55082975n,,failed,0,0,,no_usable_pages,known,,,bd6t55082975n: no usable pages in manifest.,2026-07-17T17:04:19.818382
lacharente,bd6t550829762,,failed,0,0,,no_usable_pages,known,,,bd6t550829762: no usable pages in manifest.,2026-07-17T17:04:20.185275
lacharente,bd6t55082977g,,failed,0,0,,no_usable_pages,known,,,bd6t55082977g: no usable pages in manifest.,2026-07-17T17:04:20.505685
lacharente,bd6t55082978w,,failed,0,0,,no_usable_pages,known,,,bd6t55082978w: no usable pages in manifest.,2026-07-17T17:04:20.843607
lacharente,bd6t550829799,,failed,0,0,,no_usable_pages,known,,,bd6t550829799: no usable pages in manifest.,2026-07-17T17:04:21.040841
lacharente,bd6t55082980z,,failed,0,0,,no_usable_pages,known,,,bd6t55082980z: no usable pages in manifest.,2026-07-17T17:04:21.341903
lacharente,bd6t55082981c,,failed,0,0,,no_usable_pages,known,,,bd6t55082981c: no usable pages in manifest.,2026-07-17T17:04:21.531891
lacharente,bd6t55082982s,,failed,0,0,,no_usable_pages,known,,,bd6t55082982s: no usable pages in manifest.,2026-07-17T17:04:21.788462
lacharente,bd6t550829836,,failed,0,0,,no_usable_pages,known,,,bd6t550829836: no usable pages in manifest.,2026-07-17T17:04:22.166560
lacharente,bd6t55082984m,,failed,0,0,,no_usable_pages,known,,,bd6t55082984m: no usable pages in manifest.,2026-07-17T17:04:22.562383
lacharente,bd6t550829851,,failed,0,0,,no_usable_pages,known,,,bd6t550829851: no usable pages in manifest.,2026-07-17T17:04:22.803746
lacharente,bd6t55082986f,,failed,0,0,,no_usable_pages,known,,,bd6t55082986f: no usable pages in manifest.,2026-07-17T17:04:23.082960
lacharente,bd6t55082987v,,failed,0,0,,no_usable_pages,known,,,bd6t55082987v: no usable pages in manifest.,2026-07-17T17:04:23.273333
lacharente,bd6t550829888,,failed,0,0,,no_usable_pages,known,,,bd6t550829888: no usable pages in manifest.,2026-07-17T17:04:23.553039
lacharente,bd6t55082989p,,failed,0,0,,no_usable_pages,known,,,bd6t55082989p: no usable pages in manifest.,2026-07-17T17:04:23.780952
lacharente,bd6t55082990b,,failed,0,0,,no_usable_pages,known,,,bd6t55082990b: no usable pages in manifest.,2026-07-17T17:04:23.997279
lacharente,bd6t55082991r,,failed,0,0,,no_usable_pages,known,,,bd6t55082991r: no usable pages in manifest.,2026-07-17T17:04:24.226052
lacharente,bd6t550829925,,failed,0,0,,no_usable_pages,known,,,bd6t550829925: no usable pages in manifest.,2026-07-17T17:04:24.435555
lacharente,bd6t55082993k,,failed,0,0,,no_usable_pages,known,,,bd6t55082993k: no usable pages in manifest.,2026-07-17T17:04:24.777115
lacharente,bd6t550829940,,failed,0,0,,no_usable_pages,known,,,bd6t550829940: no usable pages in manifest.,2026-07-17T17:04:24.981778
lacharente,bd6t55082995d,,failed,0,0,,no_usable_pages,known,,,bd6t55082995d: no usable pages in manifest.,2026-07-17T17:04:25.172989
lacharente,bd6t55082996t,,failed,0,0,,no_usable_pages,known,,,bd6t55082996t: no usable pages in manifest.,2026-07-17T17:04:25.386776
lacharente,bd6t550829977,,failed,0,0,,no_usable_pages,known,,,bd6t550829977: no usable pages in manifest.,2026-07-17T17:04:25.614290
lacharente,bd6t55082998n,,failed,0,0,,no_usable_pages,known,,,bd6t55082998n: no usable pages in manifest.,2026-07-17T17:04:25.936142
lacharente,bd6t550829992,,failed,0,0,,no_usable_pages,known,,,bd6t550829992: no usable pages in manifest.,2026-07-17T17:04:26.287562
lacharente,bd6t550830004,,failed,0,0,,no_usable_pages,known,,,bd6t550830004: no usable pages in manifest.,2026-07-17T17:04:26.662940
lacharente,bd6t55083001j,,failed,0,0,,no_usable_pages,known,,,bd6t55083001j: no usable pages in manifest.,2026-07-17T17:04:26.972485
lacharente,bd6t55083002z,,failed,0,0,,no_usable_pages,known,,,bd6t55083002z: no usable pages in manifest.,2026-07-17T17:04:27.140342
lacharente,bd6t55083003c,,failed,0,0,,no_usable_pages,known,,,bd6t55083003c: no usable pages in manifest.,2026-07-17T17:04:27.330608
lacharente,bd6t55083004s,,failed,0,0,,no_usable_pages,known,,,bd6t55083004s: no usable pages in manifest.,2026-07-17T17:04:27.616830
lacharente,bd6t550830056,,failed,0,0,,no_usable_pages,known,,,bd6t550830056: no usable pages in manifest.,2026-07-17T17:04:27.842512
lacharente,bd6t55083006m,,failed,0,0,,no_usable_pages,known,,,bd6t55083006m: no usable pages in manifest.,2026-07-17T17:04:28.205443
lacharente,bd6t550830071,,failed,0,0,,no_usable_pages,known,,,bd6t550830071: no usable pages in manifest.,2026-07-17T17:04:28.370815
lacharente,bd6t55083008f,,failed,0,0,,no_usable_pages,known,,,bd6t55083008f: no usable pages in manifest.,2026-07-17T17:04:28.562749
lacharente,bd6t55083009v,,failed,0,0,,no_usable_pages,known,,,bd6t55083009v: no usable pages in manifest.,2026-07-17T17:04:28.806016
lacharente,bd6t55083010h,,failed,0,0,,no_usable_pages,known,,,bd6t55083010h: no usable pages in manifest.,2026-07-17T17:04:29.040478
lacharente,bd6t55083011x,,failed,0,0,,no_usable_pages,known,,,bd6t55083011x: no usable pages in manifest.,2026-07-17T17:04:29.418395
lacharente,bd6t55083012b,,failed,0,0,,no_usable_pages,known,,,bd6t55083012b: no usable pages in manifest.,2026-07-17T17:04:29.701852
lacharente,bd6t55083013r,,failed,0,0,,no_usable_pages,known,,,bd6t55083013r: no usable pages in manifest.,2026-07-17T17:04:30.009922
lacharente,bd6t550830145,,failed,0,0,,no_usable_pages,known,,,bd6t550830145: no usable pages in manifest.,2026-07-17T17:04:30.360927
lacharente,bd6t55083015k,,failed,0,0,,no_usable_pages,known,,,bd6t55083015k: no usable pages in manifest.,2026-07-17T17:04:30.538577
lacharente,bd6t550830160,,failed,0,0,,no_usable_pages,known,,,bd6t550830160: no usable pages in manifest.,2026-07-17T17:04:30.747278
lacharente,bd6t55083017d,,failed,0,0,,no_usable_pages,known,,,bd6t55083017d: no usable pages in manifest.,2026-07-17T17:04:30.986056
lacharente,bd6t55083018t,,failed,0,0,,no_usable_pages,known,,,bd6t55083018t: no usable pages in manifest.,2026-07-17T17:04:31.194044
lacharente,bd6t550830197,,failed,0,0,,no_usable_pages,known,,,bd6t550830197: no usable pages in manifest.,2026-07-17T17:04:31.515824
lacharente,bd6t55083020w,,failed,0,0,,no_usable_pages,known,,,bd6t55083020w: no usable pages in manifest.,2026-07-17T17:04:31.776469
lacharente,bd6t550830219,,failed,0,0,,no_usable_pages,known,,,bd6t550830219: no usable pages in manifest.,2026-07-17T17:04:32.331421
lacharente,bd6t55083022q,,failed,0,0,,no_usable_pages,known,,,bd6t55083022q: no usable pages in manifest.,2026-07-17T17:04:32.623512
lacharente,bd6t550830234,,failed,0,0,,no_usable_pages,known,,,bd6t550830234: no usable pages in manifest.,2026-07-17T17:04:32.877718
lacharente,bd6t55083024j,,failed,0,0,,no_usable_pages,known,,,bd6t55083024j: no usable pages in manifest.,2026-07-17T17:04:33.111950
lacharente,bd6t55083025z,,failed,0,0,,no_usable_pages,known,,,bd6t55083025z: no usable pages in manifest.,2026-07-17T17:04:33.344713
lacharente,bd6t55083026c,,failed,0,0,,no_usable_pages,known,,,bd6t55083026c: no usable pages in manifest.,2026-07-17T17:04:33.597511
lacharente,bd6t55083027s,,failed,0,0,,no_usable_pages,known,,,bd6t55083027s: no usable pages in manifest.,2026-07-17T17:04:33.876113
lacharente,bd6t550830286,,failed,0,0,,no_usable_pages,known,,,bd6t550830286: no usable pages in manifest.,2026-07-17T17:04:34.040238
lacharente,bd6t55083029m,,failed,0,0,,no_usable_pages,known,,,bd6t55083029m: no usable pages in manifest.,2026-07-17T17:04:34.208674
lacharente,bd6t550830308,,failed,0,0,,no_usable_pages,known,,,bd6t550830308: no usable pages in manifest.,2026-07-17T17:04:34.439046
lacharente,bd6t55083031p,,failed,0,0,,no_usable_pages,known,,,bd6t55083031p: no usable pages in manifest.,2026-07-17T17:04:34.763473
lacharente,bd6t550830323,,failed,0,0,,no_usable_pages,known,,,bd6t550830323: no usable pages in manifest.,2026-07-17T17:04:35.017131
lacharente,bd6t55083033h,,failed,0,0,,no_usable_pages,known,,,bd6t55083033h: no usable pages in manifest.,2026-07-17T17:04:35.226674
lacharente,bd6t55083034x,,failed,0,0,,no_usable_pages,known,,,bd6t55083034x: no usable pages in manifest.,2026-07-17T17:04:35.480875
lacharente,bd6t55083035b,,failed,0,0,,no_usable_pages,known,,,bd6t55083035b: no usable pages in manifest.,2026-07-17T17:04:35.740502
lacharente,bd6t55083036r,,failed,0,0,,no_usable_pages,known,,,bd6t55083036r: no usable pages in manifest.,2026-07-17T17:04:36.078075
lacharente,bd6t550830375,,failed,0,0,,no_usable_pages,known,,,bd6t550830375: no usable pages in manifest.,2026-07-17T17:04:36.314512
lacharente,bd6t55083038k,,failed,0,0,,no_usable_pages,known,,,bd6t55083038k: no usable pages in manifest.,2026-07-17T17:04:36.519196
lacharente,bd6t550830390,,failed,0,0,,no_usable_pages,known,,,bd6t550830390: no usable pages in manifest.,2026-07-17T17:04:36.755733
lacharente,bd6t55083040n,,failed,0,0,,no_usable_pages,known,,,bd6t55083040n: no usable pages in manifest.,2026-07-17T17:04:37.063280
lacharente,bd6t550830412,,failed,0,0,,no_usable_pages,known,,,bd6t550830412: no usable pages in manifest.,2026-07-17T17:04:37.394618
lacharente,bd6t55083042g,,failed,0,0,,no_usable_pages,known,,,bd6t55083042g: no usable pages in manifest.,2026-07-17T17:04:37.813435
lacharente,bd6t55083043w,,failed,0,0,,no_usable_pages,known,,,bd6t55083043w: no usable pages in manifest.,2026-07-17T17:04:38.067462
lacharente,bd6t550830449,,failed,0,0,,no_usable_pages,known,,,bd6t550830449: no usable pages in manifest.,2026-07-17T17:04:38.382452
lacharente,bd6t55083045q,,failed,0,0,,no_usable_pages,known,,,bd6t55083045q: no usable pages in manifest.,2026-07-17T17:04:38.635234
lacharente,bd6t550830464,,failed,0,0,,no_usable_pages,known,,,bd6t550830464: no usable pages in manifest.,2026-07-17T17:04:38.888984
lacharente,bd6t55083047j,,failed,0,0,,no_usable_pages,known,,,bd6t55083047j: no usable pages in manifest.,2026-07-17T17:04:39.128985
lacharente,bd6t55083048z,,failed,0,0,,no_usable_pages,known,,,bd6t55083048z: no usable pages in manifest.,2026-07-17T17:04:39.346620
lacharente,bd6t55083049c,,failed,0,0,,no_usable_pages,known,,,bd6t55083049c: no usable pages in manifest.,2026-07-17T17:04:39.651808
lacharente,bd6t550830501,,failed,0,0,,no_usable_pages,known,,,bd6t550830501: no usable pages in manifest.,2026-07-17T17:04:39.927068
lacharente,bd6t55083051f,,failed,0,0,,no_usable_pages,known,,,bd6t55083051f: no usable pages in manifest.,2026-07-17T17:04:40.092497
lacharente,bd6t55083052v,,failed,0,0,,no_usable_pages,known,,,bd6t55083052v: no usable pages in manifest.,2026-07-17T17:04:40.349740
lacharente,bd6t550830538,,failed,0,0,,no_usable_pages,known,,,bd6t550830538: no usable pages in manifest.,2026-07-17T17:04:40.623262
lacharente,bd6t55083054p,,failed,0,0,,no_usable_pages,known,,,bd6t55083054p: no usable pages in manifest.,2026-07-17T17:04:40.879820
lacharente,bd6t550830553,,failed,0,0,,no_usable_pages,known,,,bd6t550830553: no usable pages in manifest.,2026-07-17T17:04:41.081548
lacharente,bd6t55083056h,,failed,0,0,,no_usable_pages,known,,,bd6t55083056h: no usable pages in manifest.,2026-07-17T17:04:41.318954
lacharente,bd6t55083057x,,failed,0,0,,no_usable_pages,known,,,bd6t55083057x: no usable pages in manifest.,2026-07-17T17:04:41.535280
lacharente,bd6t55083058b,,failed,0,0,,no_usable_pages,known,,,bd6t55083058b: no usable pages in manifest.,2026-07-17T17:04:41.907410
lacharente,bd6t55083059r,,failed,0,0,,no_usable_pages,known,,,bd6t55083059r: no usable pages in manifest.,2026-07-17T17:04:42.126182
lacharente,bd6t55083060d,,failed,0,0,,no_usable_pages,known,,,bd6t55083060d: no usable pages in manifest.,2026-07-17T17:04:42.300442
lacharente,bd6t55083061t,,failed,0,0,,no_usable_pages,known,,,bd6t55083061t: no usable pages in manifest.,2026-07-17T17:04:42.786810
lacharente,bd6t550830627,,failed,0,0,,no_usable_pages,known,,,bd6t550830627: no usable pages in manifest.,2026-07-17T17:04:43.062517
lacharente,bd6t55083063n,,failed,0,0,,no_usable_pages,known,,,bd6t55083063n: no usable pages in manifest.,2026-07-17T17:04:43.309411
lacharente,bd6t550830642,,failed,0,0,,no_usable_pages,known,,,bd6t550830642: no usable pages in manifest.,2026-07-17T17:04:43.563327
lacharente,bd6t55083065g,,failed,0,0,,no_usable_pages,known,,,bd6t55083065g: no usable pages in manifest.,2026-07-17T17:04:43.777997
lacharente,bd6t55083066w,,failed,0,0,,no_usable_pages,known,,,bd6t55083066w: no usable pages in manifest.,2026-07-17T17:04:43.913099
lacharente,bd6t550830679,,failed,0,0,,no_usable_pages,known,,,bd6t550830679: no usable pages in manifest.,2026-07-17T17:04:44.143338
lacharente,bd6t55083068q,,failed,0,0,,no_usable_pages,known,,,bd6t55083068q: no usable pages in manifest.,2026-07-17T17:04:44.357531
lacharente,bd6t550830694,,failed,0,0,,no_usable_pages,known,,,bd6t550830694: no usable pages in manifest.,2026-07-17T17:04:44.543020
lacharente,bd6t55083070s,,failed,0,0,,no_usable_pages,known,,,bd6t55083070s: no usable pages in manifest.,2026-07-17T17:04:44.791798
lacharente,bd6t550830716,,failed,0,0,,no_usable_pages,known,,,bd6t550830716: no usable pages in manifest.,2026-07-17T17:04:44.979459
lacharente,bd6t55083072m,,failed,0,0,,no_usable_pages,known,,,bd6t55083072m: no usable pages in manifest.,2026-07-17T17:04:45.157501
lacharente,bd6t550830731,,failed,0,0,,no_usable_pages,known,,,bd6t550830731: no usable pages in manifest.,2026-07-17T17:04:45.409590
lacharente,bd6t55083074f,,failed,0,0,,no_usable_pages,known,,,bd6t55083074f: no usable pages in manifest.,2026-07-17T17:04:45.648728
lacharente,bd6t55083075v,,failed,0,0,,no_usable_pages,known,,,bd6t55083075v: no usable pages in manifest.,2026-07-17T17:04:45.844874
lacharente,bd6t550830768,,failed,0,0,,no_usable_pages,known,,,bd6t550830768: no usable pages in manifest.,2026-07-17T17:04:46.060935
lacharente,bd6t55083077p,,failed,0,0,,no_usable_pages,known,,,bd6t55083077p: no usable pages in manifest.,2026-07-17T17:04:46.299077
lacharente,bd6t550830783,,failed,0,0,,no_usable_pages,known,,,bd6t550830783: no usable pages in manifest.,2026-07-17T17:04:46.549267
lacharente,bd6t55083079h,,failed,0,0,,no_usable_pages,known,,,bd6t55083079h: no usable pages in manifest.,2026-07-17T17:04:46.944092
lacharente,bd6t550830805,,failed,0,0,,no_usable_pages,known,,,bd6t550830805: no usable pages in manifest.,2026-07-17T17:04:47.420619
lacharente,bd6t55083081k,,failed,0,0,,no_usable_pages,known,,,bd6t55083081k: no usable pages in manifest.,2026-07-17T17:04:47.800896
lacharente,bd6t550830820,,failed,0,0,,no_usable_pages,known,,,bd6t550830820: no usable pages in manifest.,2026-07-17T17:04:48.262586
lacharente,bd6t55083083d,,failed,0,0,,no_usable_pages,known,,,bd6t55083083d: no usable pages in manifest.,2026-07-17T17:04:48.722254
lacharente,bd6t55083084t,,failed,0,0,,no_usable_pages,known,,,bd6t55083084t: no usable pages in manifest.,2026-07-17T17:04:48.888908
lacharente,bd6t550830857,,failed,0,0,,no_usable_pages,known,,,bd6t550830857: no usable pages in manifest.,2026-07-17T17:04:49.086645
lacharente,bd6t55083086n,,failed,0,0,,no_usable_pages,known,,,bd6t55083086n: no usable pages in manifest.,2026-07-17T17:04:49.238318
lacharente,bd6t550830872,,failed,0,0,,no_usable_pages,known,,,bd6t550830872: no usable pages in manifest.,2026-07-17T17:04:49.406598
lacharente,bd6t55083088g,,failed,0,0,,no_usable_pages,known,,,bd6t55083088g: no usable pages in manifest.,2026-07-17T17:04:49.741584
lacharente,bd6t55083089w,,failed,0,0,,no_usable_pages,known,,,bd6t55083089w: no usable pages in manifest.,2026-07-17T17:04:49.945882
lacharente,bd6t55083090j,,failed,0,0,,no_usable_pages,known,,,bd6t55083090j: no usable pages in manifest.,2026-07-17T17:04:50.107347
lacharente,bd6t55083091z,,failed,0,0,,no_usable_pages,known,,,bd6t55083091z: no usable pages in manifest.,2026-07-17T17:04:50.256953
lacharente,bd6t55083092c,,failed,0,0,,no_usable_pages,known,,,bd6t55083092c: no usable pages in manifest.,2026-07-17T17:04:50.463821
lacharente,bd6t55083093s,,failed,0,0,,no_usable_pages,known,,,bd6t55083093s: no usable pages in manifest.,2026-07-17T17:04:50.777980
lacharente,bd6t550830946,,failed,0,0,,no_usable_pages,known,,,bd6t550830946: no usable pages in manifest.,2026-07-17T17:04:51.090756
lacharente,bd6t55083095m,,failed,0,0,,no_usable_pages,known,,,bd6t55083095m: no usable pages in manifest.,2026-07-17T17:04:51.343566
lacharente,bd6t550830961,,failed,0,0,,no_usable_pages,known,,,bd6t550830961: no usable pages in manifest.,2026-07-17T17:04:51.480530
lacharente,bd6t55083097f,,failed,0,0,,no_usable_pages,known,,,bd6t55083097f: no usable pages in manifest.,2026-07-17T17:04:51.716679
lacharente,bd6t55083098v,,failed,0,0,,no_usable_pages,known,,,bd6t55083098v: no usable pages in manifest.,2026-07-17T17:04:51.910359
lacharente,bd6t550830998,,failed,0,0,,no_usable_pages,known,,,bd6t550830998: no usable pages in manifest.,2026-07-17T17:04:52.132666
lacharente,bd6t55083100g,,failed,0,0,,no_usable_pages,known,,,bd6t55083100g: no usable pages in manifest.,2026-07-17T17:04:52.302547
lacharente,bd6t55083101w,,failed,0,0,,no_usable_pages,known,,,bd6t55083101w: no usable pages in manifest.,2026-07-17T17:04:52.589168
lacharente,bd6t550831029,,failed,0,0,,no_usable_pages,known,,,bd6t550831029: no usable pages in manifest.,2026-07-17T17:04:52.960097
lacharente,bd6t55083103q,,failed,0,0,,no_usable_pages,known,,,bd6t55083103q: no usable pages in manifest.,2026-07-17T17:04:53.627171
lacharente,bd6t550831044,,failed,0,0,,no_usable_pages,known,,,bd6t550831044: no usable pages in manifest.,2026-07-17T17:04:53.880771
lacharente,bd6t55083105j,,failed,0,0,,no_usable_pages,known,,,bd6t55083105j: no usable pages in manifest.,2026-07-17T17:04:54.161861
lacharente,bd6t55083106z,,failed,0,0,,no_usable_pages,known,,,bd6t55083106z: no usable pages in manifest.,2026-07-17T17:04:54.363694
lacharente,bd6t55083107c,,failed,0,0,,no_usable_pages,known,,,bd6t55083107c: no usable pages in manifest.,2026-07-17T17:04:54.571422
lacharente,bd6t55083108s,,failed,0,0,,no_usable_pages,known,,,bd6t55083108s: no usable pages in manifest.,2026-07-17T17:04:54.771149
lacharente,bd6t550831096,,failed,0,0,,no_usable_pages,known,,,bd6t550831096: no usable pages in manifest.,2026-07-17T17:04:55.022311
lacharente,bd6t55083110v,,failed,0,0,,no_usable_pages,known,,,bd6t55083110v: no usable pages in manifest.,2026-07-17T17:04:55.324963
lacharente,bd6t550831118,,failed,0,0,,no_usable_pages,known,,,bd6t550831118: no usable pages in manifest.,2026-07-17T17:04:55.525082
lacharente,bd6t55083112p,,failed,0,0,,no_usable_pages,known,,,bd6t55083112p: no usable pages in manifest.,2026-07-17T17:04:55.669755
lacharente,bd6t550831133,,failed,0,0,,no_usable_pages,known,,,bd6t550831133: no usable pages in manifest.,2026-07-17T17:04:55.873499
lacharente,bd6t55083114h,,failed,0,0,,no_usable_pages,known,,,bd6t55083114h: no usable pages in manifest.,2026-07-17T17:04:56.089112
lacharente,bd6t55083115x,,failed,0,0,,no_usable_pages,known,,,bd6t55083115x: no usable pages in manifest.,2026-07-17T17:04:56.249275
lacharente,bd6t55083116b,,failed,0,0,,no_usable_pages,known,,,bd6t55083116b: no usable pages in manifest.,2026-07-17T17:04:56.441537
lacharente,bd6t55083117r,,failed,0,0,,no_usable_pages,known,,,bd6t55083117r: no usable pages in manifest.,2026-07-17T17:04:56.678085
lacharente,bd6t550831185,,failed,0,0,,no_usable_pages,known,,,bd6t550831185: no usable pages in manifest.,2026-07-17T17:04:56.858418
lacharente,bd6t55083119k,,failed,0,0,,no_usable_pages,known,,,bd6t55083119k: no usable pages in manifest.,2026-07-17T17:04:57.041569
lacharente,bd6t550831207,,failed,0,0,,no_usable_pages,known,,,bd6t550831207: no usable pages in manifest.,2026-07-17T17:04:57.199757
lacharente,bd6t55083121n,,failed,0,0,,no_usable_pages,known,,,bd6t55083121n: no usable pages in manifest.,2026-07-17T17:04:57.580859
lacharente,bd6t550831222,,failed,0,0,,no_usable_pages,known,,,bd6t550831222: no usable pages in manifest.,2026-07-17T17:04:57.823993
lacharente,bd6t55083123g,,failed,0,0,,no_usable_pages,known,,,bd6t55083123g: no usable pages in manifest.,2026-07-17T17:04:57.995368
lacharente,bd6t55083124w,,failed,0,0,,no_usable_pages,known,,,bd6t55083124w: no usable pages in manifest.,2026-07-17T17:04:58.140446
lacharente,bd6t550831259,,failed,0,0,,no_usable_pages,known,,,bd6t550831259: no usable pages in manifest.,2026-07-17T17:04:58.372523
lacharente,bd6t55083126q,,failed,0,0,,no_usable_pages,known,,,bd6t55083126q: no usable pages in manifest.,2026-07-17T17:04:58.771272
lacharente,bd6t550831274,,failed,0,0,,no_usable_pages,known,,,bd6t550831274: no usable pages in manifest.,2026-07-17T17:04:59.117388
lacharente,bd6t55083128j,,failed,0,0,,no_usable_pages,known,,,bd6t55083128j: no usable pages in manifest.,2026-07-17T17:04:59.375007
lacharente,bd6t55083129z,,failed,0,0,,no_usable_pages,known,,,bd6t55083129z: no usable pages in manifest.,2026-07-17T17:04:59.689372
lacharente,bd6t55083130m,,failed,0,0,,no_usable_pages,known,,,bd6t55083130m: no usable pages in manifest.,2026-07-17T17:04:59.873346
lacharente,bd6t550831311,,failed,0,0,,no_usable_pages,known,,,bd6t550831311: no usable pages in manifest.,2026-07-17T17:05:00.096296
lacharente,bd6t55083132f,,failed,0,0,,no_usable_pages,known,,,bd6t55083132f: no usable pages in manifest.,2026-07-17T17:05:00.345451
lacharente,bd6t55083133v,,failed,0,0,,no_usable_pages,known,,,bd6t55083133v: no usable pages in manifest.,2026-07-17T17:05:00.544390
lacharente,bd6t550831348,,failed,0,0,,no_usable_pages,known,,,bd6t550831348: no usable pages in manifest.,2026-07-17T17:05:00.819828
lacharente,bd6t55083135p,,failed,0,0,,no_usable_pages,known,,,bd6t55083135p: no usable pages in manifest.,2026-07-17T17:05:01.022469
lacharente,bd6t550831363,,failed,0,0,,no_usable_pages,known,,,bd6t550831363: no usable pages in manifest.,2026-07-17T17:05:01.252898
lacharente,bd6t55083137h,,failed,0,0,,no_usable_pages,known,,,bd6t55083137h: no usable pages in manifest.,2026-07-17T17:05:01.405906
lacharente,bd6t55083138x,,failed,0,0,,no_usable_pages,known,,,bd6t55083138x: no usable pages in manifest.,2026-07-17T17:05:01.578975
lacharente,bd6t55083139b,,failed,0,0,,no_usable_pages,known,,,bd6t55083139b: no usable pages in manifest.,2026-07-17T17:05:01.911661
lacharente,bd6t550831400,,failed,0,0,,no_usable_pages,known,,,bd6t550831400: no usable pages in manifest.,2026-07-17T17:05:02.100722
lacharente,bd6t55083141d,,failed,0,0,,no_usable_pages,known,,,bd6t55083141d: no usable pages in manifest.,2026-07-17T17:05:02.291257
lacharente,bd6t55083142t,,failed,0,0,,no_usable_pages,known,,,bd6t55083142t: no usable pages in manifest.,2026-07-17T17:05:02.483459
lacharente,bd6t550831437,,failed,0,0,,no_usable_pages,known,,,bd6t550831437: no usable pages in manifest.,2026-07-17T17:05:02.665748
lacharente,bd6t55083144n,,failed,0,0,,no_usable_pages,known,,,bd6t55083144n: no usable pages in manifest.,2026-07-17T17:05:03.056300
lacharente,bd6t550831452,,failed,0,0,,no_usable_pages,known,,,bd6t550831452: no usable pages in manifest.,2026-07-17T17:05:03.191761
lacharente,bd6t55083146g,,failed,0,0,,no_usable_pages,known,,,bd6t55083146g: no usable pages in manifest.,2026-07-17T17:05:03.434312
lacharente,bd6t55083147w,,failed,0,0,,no_usable_pages,known,,,bd6t55083147w: no usable pages in manifest.,2026-07-17T17:05:03.644736
lacharente,bd6t550831489,,failed,0,0,,no_usable_pages,known,,,bd6t550831489: no usable pages in manifest.,2026-07-17T17:05:03.852588
lacharente,bd6t55083149q,,failed,0,0,,no_usable_pages,known,,,bd6t55083149q: no usable pages in manifest.,2026-07-17T17:05:04.185324
lacharente,bd6t55083150c,,failed,0,0,,no_usable_pages,known,,,bd6t55083150c: no usable pages in manifest.,2026-07-17T17:05:04.411165
lacharente,bd6t55083151s,,failed,0,0,,no_usable_pages,known,,,bd6t55083151s: no usable pages in manifest.,2026-07-17T17:05:04.665819
lacharente,bd6t550831526,,failed,0,0,,no_usable_pages,known,,,bd6t550831526: no usable pages in manifest.,2026-07-17T17:05:04.834478
lacharente,bd6t55083153m,,failed,0,0,,no_usable_pages,known,,,bd6t55083153m: no usable pages in manifest.,2026-07-17T17:05:05.077279
lacharente,bd6t550831541,,failed,0,0,,no_usable_pages,known,,,bd6t550831541: no usable pages in manifest.,2026-07-17T17:05:05.310721
lacharente,bd6t55083155f,,failed,0,0,,no_usable_pages,known,,,bd6t55083155f: no usable pages in manifest.,2026-07-17T17:05:05.475414
lacharente,bd6t55083156v,,failed,0,0,,no_usable_pages,known,,,bd6t55083156v: no usable pages in manifest.,2026-07-17T17:05:05.635765
lacharente,bd6t550831578,,failed,0,0,,no_usable_pages,known,,,bd6t550831578: no usable pages in manifest.,2026-07-17T17:05:05.825814
lacharente,bd6t55083158p,,failed,0,0,,no_usable_pages,known,,,bd6t55083158p: no usable pages in manifest.,2026-07-17T17:05:05.981210
lacharente,bd6t550831593,,failed,0,0,,no_usable_pages,known,,,bd6t550831593: no usable pages in manifest.,2026-07-17T17:05:06.215054
lacharente,bd6t55083160r,,failed,0,0,,no_usable_pages,known,,,bd6t55083160r: no usable pages in manifest.,2026-07-17T17:05:06.450151
lacharente,bd6t550831615,,failed,0,0,,no_usable_pages,known,,,bd6t550831615: no usable pages in manifest.,2026-07-17T17:05:06.659586
lacharente,bd6t55083162k,,failed,0,0,,no_usable_pages,known,,,bd6t55083162k: no usable pages in manifest.,2026-07-17T17:05:06.858095
lacharente,bd6t550831630,,failed,0,0,,no_usable_pages,known,,,bd6t550831630: no usable pages in manifest.,2026-07-17T17:05:07.076021
lacharente,bd6t55083164d,,failed,0,0,,no_usable_pages,known,,,bd6t55083164d: no usable pages in manifest.,2026-07-17T17:05:07.295817
lacharente,bd6t55083165t,,failed,0,0,,no_usable_pages,known,,,bd6t55083165t: no usable pages in manifest.,2026-07-17T17:05:07.511418
lacharente,bd6t550831667,,failed,0,0,,no_usable_pages,known,,,bd6t550831667: no usable pages in manifest.,2026-07-17T17:05:07.722097
lacharente,bd6t55083167n,,failed,0,0,,no_usable_pages,known,,,bd6t55083167n: no usable pages in manifest.,2026-07-17T17:05:07.905800
lacharente,bd6t550831682,,failed,0,0,,no_usable_pages,known,,,bd6t550831682: no usable pages in manifest.,2026-07-17T17:05:08.099146
lacharente,bd6t55083169g,,failed,0,0,,no_usable_pages,known,,,bd6t55083169g: no usable pages in manifest.,2026-07-17T17:05:08.302403
lacharente,bd6t550831704,,failed,0,0,,no_usable_pages,known,,,bd6t550831704: no usable pages in manifest.,2026-07-17T17:05:08.520595
lacharente,bd6t55083171j,,failed,0,0,,no_usable_pages,known,,,bd6t55083171j: no usable pages in manifest.,2026-07-17T17:05:08.706469
lacharente,bd6t55083172z,,failed,0,0,,no_usable_pages,known,,,bd6t55083172z: no usable pages in manifest.,2026-07-17T17:05:08.927854
lacharente,bd6t55083173c,,failed,0,0,,no_usable_pages,known,,,bd6t55083173c: no usable pages in manifest.,2026-07-17T17:05:09.564998
lacharente,bd6t55083174s,,failed,0,0,,no_usable_pages,known,,,bd6t55083174s: no usable pages in manifest.,2026-07-17T17:05:09.843885
lacharente,bd6t550831756,,failed,0,0,,no_usable_pages,known,,,bd6t550831756: no usable pages in manifest.,2026-07-17T17:05:10.027006
lacharente,bd6t55083176m,,failed,0,0,,no_usable_pages,known,,,bd6t55083176m: no usable pages in manifest.,2026-07-17T17:05:10.195760
lacharente,bd6t550831771,,failed,0,0,,no_usable_pages,known,,,bd6t550831771: no usable pages in manifest.,2026-07-17T17:05:10.349527
lacharente,bd6t55083178f,,failed,0,0,,no_usable_pages,known,,,bd6t55083178f: no usable pages in manifest.,2026-07-17T17:05:10.569085
lacharente,bd6t55083179v,,failed,0,0,,no_usable_pages,known,,,bd6t55083179v: no usable pages in manifest.,2026-07-17T17:05:10.791666
lacharente,bd6t55083180h,,failed,0,0,,no_usable_pages,known,,,bd6t55083180h: no usable pages in manifest.,2026-07-17T17:05:11.019253
lacharente,bd6t55083181x,,failed,0,0,,no_usable_pages,known,,,bd6t55083181x: no usable pages in manifest.,2026-07-17T17:05:11.283710
lacharente,bd6t55083182b,,failed,0,0,,no_usable_pages,known,,,bd6t55083182b: no usable pages in manifest.,2026-07-17T17:05:11.495970
lacharente,bd6t55083183r,,failed,0,0,,no_usable_pages,known,,,bd6t55083183r: no usable pages in manifest.,2026-07-17T17:05:11.722900
lacharente,bd6t550831845,,failed,0,0,,no_usable_pages,known,,,bd6t550831845: no usable pages in manifest.,2026-07-17T17:05:11.914954
lacharente,bd6t55083185k,,failed,0,0,,no_usable_pages,known,,,bd6t55083185k: no usable pages in manifest.,2026-07-17T17:05:12.136023
lacharente,bd6t550831860,,failed,0,0,,no_usable_pages,known,,,bd6t550831860: no usable pages in manifest.,2026-07-17T17:05:12.364933
lacharente,bd6t55083187d,,failed,0,0,,no_usable_pages,known,,,bd6t55083187d: no usable pages in manifest.,2026-07-17T17:05:12.571539
lacharente,bd6t55083188t,,failed,0,0,,no_usable_pages,known,,,bd6t55083188t: no usable pages in manifest.,2026-07-17T17:05:12.789567
lacharente,bd6t550831897,,failed,0,0,,no_usable_pages,known,,,bd6t550831897: no usable pages in manifest.,2026-07-17T17:05:13.023223
lacharente,bd6t55083190w,,failed,0,0,,no_usable_pages,known,,,bd6t55083190w: no usable pages in manifest.,2026-07-17T17:05:13.250885
lacharente,bd6t550831919,,failed,0,0,,no_usable_pages,known,,,bd6t550831919: no usable pages in manifest.,2026-07-17T17:05:13.410778
lacharente,bd6t55083192q,,failed,0,0,,no_usable_pages,known,,,bd6t55083192q: no usable pages in manifest.,2026-07-17T17:05:13.568928
lacharente,bd6t550831934,,failed,0,0,,no_usable_pages,known,,,bd6t550831934: no usable pages in manifest.,2026-07-17T17:05:13.852314
lacharente,bd6t55083194j,,failed,0,0,,no_usable_pages,known,,,bd6t55083194j: no usable pages in manifest.,2026-07-17T17:05:14.032720
lacharente,bd6t55083195z,,failed,0,0,,no_usable_pages,known,,,bd6t55083195z: no usable pages in manifest.,2026-07-17T17:05:14.294528
lacharente,bd6t55083196c,,failed,0,0,,no_usable_pages,known,,,bd6t55083196c: no usable pages in manifest.,2026-07-17T17:05:14.646480
lacharente,bd6t55083197s,,failed,0,0,,no_usable_pages,known,,,bd6t55083197s: no usable pages in manifest.,2026-07-17T17:05:15.131587
lacharente,bd6t550831986,,failed,0,0,,no_usable_pages,known,,,bd6t550831986: no usable pages in manifest.,2026-07-17T17:05:15.340185
lacharente,bd6t55083199m,,failed,0,0,,no_usable_pages,known,,,bd6t55083199m: no usable pages in manifest.,2026-07-17T17:05:15.491540
lacharente,bd6t55083200t,,failed,0,0,,no_usable_pages,known,,,bd6t55083200t: no usable pages in manifest.,2026-07-17T17:05:15.619185
lacharente,bd6t550832017,,failed,0,0,,no_usable_pages,known,,,bd6t550832017: no usable pages in manifest.,2026-07-17T17:05:15.795073
lacharente,bd6t55083202n,,failed,0,0,,no_usable_pages,known,,,bd6t55083202n: no usable pages in manifest.,2026-07-17T17:05:15.978560
lacharente,bd6t550832032,,failed,0,0,,no_usable_pages,known,,,bd6t550832032: no usable pages in manifest.,2026-07-17T17:05:16.221315
lacharente,bd6t55083204g,,failed,0,0,,no_usable_pages,known,,,bd6t55083204g: no usable pages in manifest.,2026-07-17T17:05:16.493625
lacharente,bd6t55083205w,,failed,0,0,,no_usable_pages,known,,,bd6t55083205w: no usable pages in manifest.,2026-07-17T17:05:16.685722
lacharente,bd6t550832069,,failed,0,0,,no_usable_pages,known,,,bd6t550832069: no usable pages in manifest.,2026-07-17T17:05:16.838937
lacharente,bd6t55083207q,,failed,0,0,,no_usable_pages,known,,,bd6t55083207q: no usable pages in manifest.,2026-07-17T17:05:16.974017
lacharente,bd6t550832084,,failed,0,0,,no_usable_pages,known,,,bd6t550832084: no usable pages in manifest.,2026-07-17T17:05:17.113268
lacharente,bd6t55083209j,,failed,0,0,,no_usable_pages,known,,,bd6t55083209j: no usable pages in manifest.,2026-07-17T17:05:17.381423
lacharente,bd6t550832106,,failed,0,0,,no_usable_pages,known,,,bd6t550832106: no usable pages in manifest.,2026-07-17T17:05:17.640486
lacharente,bd6t55083211m,,failed,0,0,,no_usable_pages,known,,,bd6t55083211m: no usable pages in manifest.,2026-07-17T17:05:17.759247
lacharente,bd6t550832121,,failed,0,0,,no_usable_pages,known,,,bd6t550832121: no usable pages in manifest.,2026-07-17T17:05:17.918885
lacharente,bd6t55083213f,,failed,0,0,,no_usable_pages,known,,,bd6t55083213f: no usable pages in manifest.,2026-07-17T17:05:18.076990
lacharente,bd6t55083214v,,failed,0,0,,no_usable_pages,known,,,bd6t55083214v: no usable pages in manifest.,2026-07-17T17:05:18.253387
lacharente,bd6t550832158,,failed,0,0,,no_usable_pages,known,,,bd6t550832158: no usable pages in manifest.,2026-07-17T17:05:18.508138
lacharente,bd6t55083216p,,failed,0,0,,no_usable_pages,known,,,bd6t55083216p: no usable pages in manifest.,2026-07-17T17:05:18.736960
lacharente,bd6t550832173,,failed,0,0,,no_usable_pages,known,,,bd6t550832173: no usable pages in manifest.,2026-07-17T17:05:18.892889
lacharente,bd6t55083218h,,failed,0,0,,no_usable_pages,known,,,bd6t55083218h: no usable pages in manifest.,2026-07-17T17:05:19.043446
lacharente,bd6t55083219x,,failed,0,0,,no_usable_pages,known,,,bd6t55083219x: no usable pages in manifest.,2026-07-17T17:05:19.234444
lacharente,bd6t55083220k,,failed,0,0,,no_usable_pages,known,,,bd6t55083220k: no usable pages in manifest.,2026-07-17T17:05:19.476504
lacharente,bd6t550832210,,failed,0,0,,no_usable_pages,known,,,bd6t550832210: no usable pages in manifest.,2026-07-17T17:05:19.677604
lacharente,bd6t55083222d,,failed,0,0,,no_usable_pages,known,,,bd6t55083222d: no usable pages in manifest.,2026-07-17T17:05:19.901712
lacharente,bd6t55083223t,,failed,0,0,,no_usable_pages,known,,,bd6t55083223t: no usable pages in manifest.,2026-07-17T17:05:20.075870
lacharente,bd6t550832247,,failed,0,0,,no_usable_pages,known,,,bd6t550832247: no usable pages in manifest.,2026-07-17T17:05:20.576502
lacharente,bd6t55083225n,,failed,0,0,,no_usable_pages,known,,,bd6t55083225n: no usable pages in manifest.,2026-07-17T17:05:20.761247
lacharente,bd6t550832262,,failed,0,0,,no_usable_pages,known,,,bd6t550832262: no usable pages in manifest.,2026-07-17T17:05:21.023750
lacharente,bd6t55083227g,,failed,0,0,,no_usable_pages,known,,,bd6t55083227g: no usable pages in manifest.,2026-07-17T17:05:21.234556
lacharente,bd6t55083228w,,failed,0,0,,no_usable_pages,known,,,bd6t55083228w: no usable pages in manifest.,2026-07-17T17:05:21.392298
lacharente,bd6t550832299,,failed,0,0,,no_usable_pages,known,,,bd6t550832299: no usable pages in manifest.,2026-07-17T17:05:21.631414
lacharente,bd6t55083230z,,failed,0,0,,no_usable_pages,known,,,bd6t55083230z: no usable pages in manifest.,2026-07-17T17:05:21.795359
lacharente,bd6t55083231c,,failed,0,0,,no_usable_pages,known,,,bd6t55083231c: no usable pages in manifest.,2026-07-17T17:05:21.959823
lacharente,bd6t55083232s,,failed,0,0,,no_usable_pages,known,,,bd6t55083232s: no usable pages in manifest.,2026-07-17T17:05:22.140499
lacharente,bd6t550832336,,failed,0,0,,no_usable_pages,known,,,bd6t550832336: no usable pages in manifest.,2026-07-17T17:05:22.303444
lacharente,bd6t55083234m,,failed,0,0,,no_usable_pages,known,,,bd6t55083234m: no usable pages in manifest.,2026-07-17T17:05:22.450428
lacharente,bd6t550832351,,failed,0,0,,no_usable_pages,known,,,bd6t550832351: no usable pages in manifest.,2026-07-17T17:05:22.706167
lacharente,bd6t55083236f,,failed,0,0,,no_usable_pages,known,,,bd6t55083236f: no usable pages in manifest.,2026-07-17T17:05:22.920513
lacharente,bd6t55083237v,,failed,0,0,,no_usable_pages,known,,,bd6t55083237v: no usable pages in manifest.,2026-07-17T17:05:23.139422
lacharente,bd6t550832388,,failed,0,0,,no_usable_pages,known,,,bd6t550832388: no usable pages in manifest.,2026-07-17T17:05:23.276577
lacharente,bd6t55083239p,,failed,0,0,,no_usable_pages,known,,,bd6t55083239p: no usable pages in manifest.,2026-07-17T17:05:23.438760
lacharente,bd6t55083240b,,failed,0,0,,no_usable_pages,known,,,bd6t55083240b: no usable pages in manifest.,2026-07-17T17:05:23.613245
lacharente,bd6t55083241r,,failed,0,0,,no_usable_pages,known,,,bd6t55083241r: no usable pages in manifest.,2026-07-17T17:05:23.862186
lacharente,bd6t550832425,,failed,0,0,,no_usable_pages,known,,,bd6t550832425: no usable pages in manifest.,2026-07-17T17:05:24.105285
lacharente,bd6t55083243k,,failed,0,0,,no_usable_pages,known,,,bd6t55083243k: no usable pages in manifest.,2026-07-17T17:05:24.322240
lacharente,bd6t550832440,,failed,0,0,,no_usable_pages,known,,,bd6t550832440: no usable pages in manifest.,2026-07-17T17:05:24.563404
lacharente,bd6t55083245d,,failed,0,0,,no_usable_pages,known,,,bd6t55083245d: no usable pages in manifest.,2026-07-17T17:05:24.710302
lacharente,bd6t55083246t,,failed,0,0,,no_usable_pages,known,,,bd6t55083246t: no usable pages in manifest.,2026-07-17T17:05:25.024318
lacharente,bd6t550832477,,failed,0,0,,no_usable_pages,known,,,bd6t550832477: no usable pages in manifest.,2026-07-17T17:05:25.253682
lacharente,bd6t55083248n,,failed,0,0,,no_usable_pages,known,,,bd6t55083248n: no usable pages in manifest.,2026-07-17T17:05:25.418104
lacharente,bd6t550832492,,failed,0,0,,no_usable_pages,known,,,bd6t550832492: no usable pages in manifest.,2026-07-17T17:05:25.658385
lacharente,bd6t55083250q,,failed,0,0,,no_usable_pages,known,,,bd6t55083250q: no usable pages in manifest.,2026-07-17T17:05:26.055154
lacharente,bd6t550832514,,failed,0,0,,no_usable_pages,known,,,bd6t550832514: no usable pages in manifest.,2026-07-17T17:05:26.249933
lacharente,bd6t55083252j,,failed,0,0,,no_usable_pages,known,,,bd6t55083252j: no usable pages in manifest.,2026-07-17T17:05:26.401489
lacharente,bd6t55083253z,,failed,0,0,,no_usable_pages,known,,,bd6t55083253z: no usable pages in manifest.,2026-07-17T17:05:26.570040
lacharente,bd6t55083254c,,failed,0,0,,no_usable_pages,known,,,bd6t55083254c: no usable pages in manifest.,2026-07-17T17:05:26.742700
lacharente,bd6t55083255s,,failed,0,0,,no_usable_pages,known,,,bd6t55083255s: no usable pages in manifest.,2026-07-17T17:05:26.921936
lacharente,bd6t550832566,,failed,0,0,,no_usable_pages,known,,,bd6t550832566: no usable pages in manifest.,2026-07-17T17:05:27.162175
lacharente,bd6t55083257m,,failed,0,0,,no_usable_pages,known,,,bd6t55083257m: no usable pages in manifest.,2026-07-17T17:05:27.366450
lacharente,bd6t550832581,,failed,0,0,,no_usable_pages,known,,,bd6t550832581: no usable pages in manifest.,2026-07-17T17:05:27.533571
lacharente,bd6t55083259f,,failed,0,0,,no_usable_pages,known,,,bd6t55083259f: no usable pages in manifest.,2026-07-17T17:05:27.730213
lacharente,bd6t550832603,,failed,0,0,,no_usable_pages,known,,,bd6t550832603: no usable pages in manifest.,2026-07-17T17:05:27.851923
lacharente,bd6t55083261h,,failed,0,0,,no_usable_pages,known,,,bd6t55083261h: no usable pages in manifest.,2026-07-17T17:05:28.016535
lacharente,bd6t55083262x,,failed,0,0,,no_usable_pages,known,,,bd6t55083262x: no usable pages in manifest.,2026-07-17T17:05:28.262500
lacharente,bd6t55083263b,,failed,0,0,,no_usable_pages,known,,,bd6t55083263b: no usable pages in manifest.,2026-07-17T17:05:28.436019
lacharente,bd6t55083264r,,failed,0,0,,no_usable_pages,known,,,bd6t55083264r: no usable pages in manifest.,2026-07-17T17:05:28.597343
lacharente,bd6t550832655,,failed,0,0,,no_usable_pages,known,,,bd6t550832655: no usable pages in manifest.,2026-07-17T17:05:28.768229
lacharente,bd6t55083266k,,failed,0,0,,no_usable_pages,known,,,bd6t55083266k: no usable pages in manifest.,2026-07-17T17:05:28.933893
lacharente,bd6t550832670,,failed,0,0,,no_usable_pages,known,,,bd6t550832670: no usable pages in manifest.,2026-07-17T17:05:29.111123
lacharente,bd6t55083268d,,failed,0,0,,no_usable_pages,known,,,bd6t55083268d: no usable pages in manifest.,2026-07-17T17:05:29.438422
lacharente,bd6t55083269t,,failed,0,0,,no_usable_pages,known,,,bd6t55083269t: no usable pages in manifest.,2026-07-17T17:05:29.694420
lacharente,bd6t55083270g,,failed,0,0,,no_usable_pages,known,,,bd6t55083270g: no usable pages in manifest.,2026-07-17T17:05:29.869205
lacharente,bd6t55083271w,,failed,0,0,,no_usable_pages,known,,,bd6t55083271w: no usable pages in manifest.,2026-07-17T17:05:30.053206
lacharente,bd6t550832729,,failed,0,0,,no_usable_pages,known,,,bd6t550832729: no usable pages in manifest.,2026-07-17T17:05:30.230648
lacharente,bd6t55083273q,,failed,0,0,,no_usable_pages,known,,,bd6t55083273q: no usable pages in manifest.,2026-07-17T17:05:30.526135
lacharente,bd6t550832744,,failed,0,0,,no_usable_pages,known,,,bd6t550832744: no usable pages in manifest.,2026-07-17T17:05:31.071727
lacharente,bd6t55083275j,,failed,0,0,,no_usable_pages,known,,,bd6t55083275j: no usable pages in manifest.,2026-07-17T17:05:31.226760
lacharente,bd6t55083276z,,failed,0,0,,no_usable_pages,known,,,bd6t55083276z: no usable pages in manifest.,2026-07-17T17:05:31.490402
lacharente,bd6t55083277c,,failed,0,0,,no_usable_pages,known,,,bd6t55083277c: no usable pages in manifest.,2026-07-17T17:05:31.672451
lacharente,bd6t55083278s,,failed,0,0,,no_usable_pages,known,,,bd6t55083278s: no usable pages in manifest.,2026-07-17T17:05:31.806317
lacharente,bd6t550832796,,failed,0,0,,no_usable_pages,known,,,bd6t550832796: no usable pages in manifest.,2026-07-17T17:05:32.083582
lacharente,bd6t55083280v,,failed,0,0,,no_usable_pages,known,,,bd6t55083280v: no usable pages in manifest.,2026-07-17T17:05:32.262002
lacharente,bd6t550832818,,failed,0,0,,no_usable_pages,known,,,bd6t550832818: no usable pages in manifest.,2026-07-17T17:05:32.459250
lacharente,bd6t55083282p,,failed,0,0,,no_usable_pages,known,,,bd6t55083282p: no usable pages in manifest.,2026-07-17T17:05:32.694401
lacharente,bd6t550832833,,failed,0,0,,no_usable_pages,known,,,bd6t550832833: no usable pages in manifest.,2026-07-17T17:05:32.841347
lacharente,bd6t55083285x,,failed,0,0,,no_usable_pages,known,,,bd6t55083285x: no usable pages in manifest.,2026-07-17T17:05:33.062144
lacharente,bd6t55083286b,,failed,0,0,,no_usable_pages,known,,,bd6t55083286b: no usable pages in manifest.,2026-07-17T17:05:33.211511
lacharente,bd6t55083287r,,failed,0,0,,no_usable_pages,known,,,bd6t55083287r: no usable pages in manifest.,2026-07-17T17:05:33.366647
lacharente,bd6t550832885,,failed,0,0,,no_usable_pages,known,,,bd6t550832885: no usable pages in manifest.,2026-07-17T17:05:33.530310
lacharente,bd6t55083289k,,failed,0,0,,no_usable_pages,known,,,bd6t55083289k: no usable pages in manifest.,2026-07-17T17:05:33.810130
lacharente,bd6t550832907,,failed,0,0,,no_usable_pages,known,,,bd6t550832907: no usable pages in manifest.,2026-07-17T17:05:34.007842
lacharente,bd6t55083291n,,failed,0,0,,no_usable_pages,known,,,bd6t55083291n: no usable pages in manifest.,2026-07-17T17:05:34.214693
lacharente,bd6t550832922,,failed,0,0,,no_usable_pages,known,,,bd6t550832922: no usable pages in manifest.,2026-07-17T17:05:34.433425
lacharente,bd6t55083293g,,failed,0,0,,no_usable_pages,known,,,bd6t55083293g: no usable pages in manifest.,2026-07-17T17:05:34.648170
lacharente,bd6t55083294w,,failed,0,0,,no_usable_pages,known,,,bd6t55083294w: no usable pages in manifest.,2026-07-17T17:05:34.931343
lacharente,bd6t550832959,,failed,0,0,,no_usable_pages,known,,,bd6t550832959: no usable pages in manifest.,2026-07-17T17:05:35.071496
lacharente,bd6t55083296q,,failed,0,0,,no_usable_pages,known,,,bd6t55083296q: no usable pages in manifest.,2026-07-17T17:05:35.266357
lacharente,bd6t550832974,,failed,0,0,,no_usable_pages,known,,,bd6t550832974: no usable pages in manifest.,2026-07-17T17:05:35.455424
lacharente,bd6t55083298j,,failed,0,0,,no_usable_pages,known,,,bd6t55083298j: no usable pages in manifest.,2026-07-17T17:05:35.620717
lacharente,bd6t55083299z,,failed,0,0,,no_usable_pages,known,,,bd6t55083299z: no usable pages in manifest.,2026-07-17T17:05:35.889363
lacharente,bd6t550833005,,failed,0,0,,no_usable_pages,known,,,bd6t550833005: no usable pages in manifest.,2026-07-17T17:05:36.147242
lacharente,bd6t55083301k,,failed,0,0,,no_usable_pages,known,,,bd6t55083301k: no usable pages in manifest.,2026-07-17T17:05:36.393499
lacharente,bd6t550833020,,failed,0,0,,no_usable_pages,known,,,bd6t550833020: no usable pages in manifest.,2026-07-17T17:05:36.584901
lacharente,bd6t55083303d,,failed,0,0,,no_usable_pages,known,,,bd6t55083303d: no usable pages in manifest.,2026-07-17T17:05:36.763587
lacharente,bd6t55083304t,,failed,0,0,,no_usable_pages,known,,,bd6t55083304t: no usable pages in manifest.,2026-07-17T17:05:36.933702
lacharente,bd6t550833057,,failed,0,0,,no_usable_pages,known,,,bd6t550833057: no usable pages in manifest.,2026-07-17T17:05:37.266092
lacharente,bd6t55083306n,,failed,0,0,,no_usable_pages,known,,,bd6t55083306n: no usable pages in manifest.,2026-07-17T17:05:37.461153
lacharente,bd6t550833072,,failed,0,0,,no_usable_pages,known,,,bd6t550833072: no usable pages in manifest.,2026-07-17T17:05:37.642606
lacharente,bd6t55083308g,,failed,0,0,,no_usable_pages,known,,,bd6t55083308g: no usable pages in manifest.,2026-07-17T17:05:37.827634
lacharente,bd6t55083309w,,failed,0,0,,no_usable_pages,known,,,bd6t55083309w: no usable pages in manifest.,2026-07-17T17:05:38.160987
lacharente,bd6t55083310j,,failed,0,0,,no_usable_pages,known,,,bd6t55083310j: no usable pages in manifest.,2026-07-17T17:05:38.512954
lacharente,bd6t55083311z,,failed,0,0,,no_usable_pages,known,,,bd6t55083311z: no usable pages in manifest.,2026-07-17T17:05:38.726433
lacharente,bd6t55083312c,,failed,0,0,,no_usable_pages,known,,,bd6t55083312c: no usable pages in manifest.,2026-07-17T17:05:38.957442
lacharente,bd6t55083313s,,failed,0,0,,no_usable_pages,known,,,bd6t55083313s: no usable pages in manifest.,2026-07-17T17:05:39.144741
lacharente,bd6t550833146,,failed,0,0,,no_usable_pages,known,,,bd6t550833146: no usable pages in manifest.,2026-07-17T17:05:39.299127
lacharente,bd6t55083315m,,failed,0,0,,no_usable_pages,known,,,bd6t55083315m: no usable pages in manifest.,2026-07-17T17:05:39.702004
lacharente,bd6t550833161,,failed,0,0,,no_usable_pages,known,,,bd6t550833161: no usable pages in manifest.,2026-07-17T17:05:39.884910
lacharente,bd6t55083317f,,failed,0,0,,no_usable_pages,known,,,bd6t55083317f: no usable pages in manifest.,2026-07-17T17:05:40.068592
lacharente,bd6t55083318v,,failed,0,0,,no_usable_pages,known,,,bd6t55083318v: no usable pages in manifest.,2026-07-17T17:05:40.283770
lacharente,bd6t550833198,,failed,0,0,,no_usable_pages,known,,,bd6t550833198: no usable pages in manifest.,2026-07-17T17:05:40.443925
lacharente,bd6t55083320x,,failed,0,0,,no_usable_pages,known,,,bd6t55083320x: no usable pages in manifest.,2026-07-17T17:05:40.676634
lacharente,bd6t55083321b,,failed,0,0,,no_usable_pages,known,,,bd6t55083321b: no usable pages in manifest.,2026-07-17T17:05:40.904159
lacharente,bd6t55083322r,,failed,0,0,,no_usable_pages,known,,,bd6t55083322r: no usable pages in manifest.,2026-07-17T17:05:41.133405
lacharente,bd6t550833235,,failed,0,0,,no_usable_pages,known,,,bd6t550833235: no usable pages in manifest.,2026-07-17T17:05:41.411225
lacharente,bd6t55083324k,,failed,0,0,,no_usable_pages,known,,,bd6t55083324k: no usable pages in manifest.,2026-07-17T17:05:41.746672
lacharente,bd6t550833250,,failed,0,0,,no_usable_pages,known,,,bd6t550833250: no usable pages in manifest.,2026-07-17T17:05:41.956887
lacharente,bd6t55083326d,,failed,0,0,,no_usable_pages,known,,,bd6t55083326d: no usable pages in manifest.,2026-07-17T17:05:42.096934
lacharente,bd6t55083327t,,failed,0,0,,no_usable_pages,known,,,bd6t55083327t: no usable pages in manifest.,2026-07-17T17:05:42.242257
lacharente,bd6t550833287,,failed,0,0,,no_usable_pages,known,,,bd6t550833287: no usable pages in manifest.,2026-07-17T17:05:42.417733
lacharente,bd6t55083329n,,failed,0,0,,no_usable_pages,known,,,bd6t55083329n: no usable pages in manifest.,2026-07-17T17:05:42.584267
lacharente,bd6t550833309,,failed,0,0,,no_usable_pages,known,,,bd6t550833309: no usable pages in manifest.,2026-07-17T17:05:42.865117
lacharente,bd6t55083331q,,failed,0,0,,no_usable_pages,known,,,bd6t55083331q: no usable pages in manifest.,2026-07-17T17:05:43.075820
lacharente,bd6t550833324,,failed,0,0,,no_usable_pages,known,,,bd6t550833324: no usable pages in manifest.,2026-07-17T17:05:43.281209
lacharente,bd6t55083333j,,failed,0,0,,no_usable_pages,known,,,bd6t55083333j: no usable pages in manifest.,2026-07-17T17:05:43.473275
lacharente,bd6t55083334z,,failed,0,0,,no_usable_pages,known,,,bd6t55083334z: no usable pages in manifest.,2026-07-17T17:05:43.658284
lacharente,bd6t55083335c,,failed,0,0,,no_usable_pages,known,,,bd6t55083335c: no usable pages in manifest.,2026-07-17T17:05:44.026442
lacharente,bd6t55083336s,,failed,0,0,,no_usable_pages,known,,,bd6t55083336s: no usable pages in manifest.,2026-07-17T17:05:44.355622
lacharente,bd6t550833376,,failed,0,0,,no_usable_pages,known,,,bd6t550833376: no usable pages in manifest.,2026-07-17T17:05:44.566533
lacharente,bd6t55083338m,,failed,0,0,,no_usable_pages,known,,,bd6t55083338m: no usable pages in manifest.,2026-07-17T17:05:44.763481
lacharente,bd6t550833391,,failed,0,0,,no_usable_pages,known,,,bd6t550833391: no usable pages in manifest.,2026-07-17T17:05:45.014463
lacharente,bd6t55083340p,,failed,0,0,,no_usable_pages,known,,,bd6t55083340p: no usable pages in manifest.,2026-07-17T17:05:45.271108
lacharente,bd6t550833413,,failed,0,0,,no_usable_pages,known,,,bd6t550833413: no usable pages in manifest.,2026-07-17T17:05:45.410288
lacharente,bd6t55083342h,,failed,0,0,,no_usable_pages,known,,,bd6t55083342h: no usable pages in manifest.,2026-07-17T17:05:45.572232
lacharente,bd6t55083343x,,failed,0,0,,no_usable_pages,known,,,bd6t55083343x: no usable pages in manifest.,2026-07-17T17:05:45.759640
lacharente,bd6t55083344b,,failed,0,0,,no_usable_pages,known,,,bd6t55083344b: no usable pages in manifest.,2026-07-17T17:05:45.993029
lacharente,bd6t55083345r,,failed,0,0,,no_usable_pages,known,,,bd6t55083345r: no usable pages in manifest.,2026-07-17T17:05:46.302250
lacharente,bd6t550833465,,failed,0,0,,no_usable_pages,known,,,bd6t550833465: no usable pages in manifest.,2026-07-17T17:05:46.553660
lacharente,bd6t55083347k,,failed,0,0,,no_usable_pages,known,,,bd6t55083347k: no usable pages in manifest.,2026-07-17T17:05:46.744043
lacharente,bd6t550833480,,failed,0,0,,no_usable_pages,known,,,bd6t550833480: no usable pages in manifest.,2026-07-17T17:05:47.173045
lacharente,bd6t55083349d,,failed,0,0,,no_usable_pages,known,,,bd6t55083349d: no usable pages in manifest.,2026-07-17T17:05:48.078526
lacharente,bd6t550833502,,failed,0,0,,no_usable_pages,known,,,bd6t550833502: no usable pages in manifest.,2026-07-17T17:05:48.398432
lacharente,bd6t55083351g,,failed,0,0,,no_usable_pages,known,,,bd6t55083351g: no usable pages in manifest.,2026-07-17T17:05:48.681886
lacharente,bd6t55083352w,,failed,0,0,,no_usable_pages,known,,,bd6t55083352w: no usable pages in manifest.,2026-07-17T17:05:48.987051
lacharente,bd6t550833539,,failed,0,0,,no_usable_pages,known,,,bd6t550833539: no usable pages in manifest.,2026-07-17T17:05:49.201906
lacharente,bd6t55083354q,,failed,0,0,,no_usable_pages,known,,,bd6t55083354q: no usable pages in manifest.,2026-07-17T17:05:49.372585
lacharente,bd6t550833554,,failed,0,0,,no_usable_pages,known,,,bd6t550833554: no usable pages in manifest.,2026-07-17T17:05:49.541832
lacharente,bd6t55083356j,,failed,0,0,,no_usable_pages,known,,,bd6t55083356j: no usable pages in manifest.,2026-07-17T17:05:49.774136
lacharente,bd6t55083357z,,failed,0,0,,no_usable_pages,known,,,bd6t55083357z: no usable pages in manifest.,2026-07-17T17:05:49.964943
lacharente,bd6t55083358c,,failed,0,0,,no_usable_pages,known,,,bd6t55083358c: no usable pages in manifest.,2026-07-17T17:05:50.197876
lacharente,bd6t55083359s,,failed,0,0,,no_usable_pages,known,,,bd6t55083359s: no usable pages in manifest.,2026-07-17T17:05:50.350664
lacharente,bd6t55083360f,,failed,0,0,,no_usable_pages,known,,,bd6t55083360f: no usable pages in manifest.,2026-07-17T17:05:50.480860
lacharente,bd6t55083361v,,failed,0,0,,no_usable_pages,known,,,bd6t55083361v: no usable pages in manifest.,2026-07-17T17:05:50.641712
lacharente,bd6t550833628,,failed,0,0,,no_usable_pages,known,,,bd6t550833628: no usable pages in manifest.,2026-07-17T17:05:50.839016
lacharente,bd6t55083363p,,failed,0,0,,no_usable_pages,known,,,bd6t55083363p: no usable pages in manifest.,2026-07-17T17:05:51.047511
lacharente,bd6t550833643,,failed,0,0,,no_usable_pages,known,,,bd6t550833643: no usable pages in manifest.,2026-07-17T17:05:51.282930
lacharente,bd6t55083365h,,failed,0,0,,no_usable_pages,known,,,bd6t55083365h: no usable pages in manifest.,2026-07-17T17:05:51.549023
lacharente,bd6t55083366x,,failed,0,0,,no_usable_pages,known,,,bd6t55083366x: no usable pages in manifest.,2026-07-17T17:05:51.698308
lacharente,bd6t55083367b,,failed,0,0,,no_usable_pages,known,,,bd6t55083367b: no usable pages in manifest.,2026-07-17T17:05:51.901052
lacharente,bd6t55083368r,,failed,0,0,,no_usable_pages,known,,,bd6t55083368r: no usable pages in manifest.,2026-07-17T17:05:52.077649
lacharente,bd6t550833695,,failed,0,0,,no_usable_pages,known,,,bd6t550833695: no usable pages in manifest.,2026-07-17T17:05:52.219588
lacharente,bd6t55083370t,,failed,0,0,,no_usable_pages,known,,,bd6t55083370t: no usable pages in manifest.,2026-07-17T17:05:52.483247
lacharente,bd6t550833717,,failed,0,0,,no_usable_pages,known,,,bd6t550833717: no usable pages in manifest.,2026-07-17T17:05:52.636300
lacharente,bd6t55083372n,,failed,0,0,,no_usable_pages,known,,,bd6t55083372n: no usable pages in manifest.,2026-07-17T17:05:52.818251
lacharente,bd6t550833732,,failed,0,0,,no_usable_pages,known,,,bd6t550833732: no usable pages in manifest.,2026-07-17T17:05:53.250984
lacharente,bd6t55083374g,,failed,0,0,,no_usable_pages,known,,,bd6t55083374g: no usable pages in manifest.,2026-07-17T17:05:53.804449
lacharente,bd6t55083375w,,failed,0,0,,no_usable_pages,known,,,bd6t55083375w: no usable pages in manifest.,2026-07-17T17:05:53.959186
lacharente,bd6t550833769,,failed,0,0,,no_usable_pages,known,,,bd6t550833769: no usable pages in manifest.,2026-07-17T17:05:54.138705
lacharente,bd6t55083377q,,failed,0,0,,no_usable_pages,known,,,bd6t55083377q: no usable pages in manifest.,2026-07-17T17:05:54.353252
lacharente,bd6t550833784,,failed,0,0,,no_usable_pages,known,,,bd6t550833784: no usable pages in manifest.,2026-07-17T17:05:54.536483
lacharente,bd6t55083379j,,failed,0,0,,no_usable_pages,known,,,bd6t55083379j: no usable pages in manifest.,2026-07-17T17:05:54.737987
lacharente,bd6t55083381m,,failed,0,0,,no_usable_pages,known,,,bd6t55083381m: no usable pages in manifest.,2026-07-17T17:05:54.953930
lacharente,bd6t550833806,,failed,0,0,,no_usable_pages,known,,,bd6t550833806: no usable pages in manifest.,2026-07-17T17:05:55.157333
lacharente,bd6t550833821,,failed,0,0,,no_usable_pages,known,,,bd6t550833821: no usable pages in manifest.,2026-07-17T17:05:55.406991
lacharente,bd6t55083383f,,failed,0,0,,no_usable_pages,known,,,bd6t55083383f: no usable pages in manifest.,2026-07-17T17:05:55.652586
lacharente,bd6t55083384v,,failed,0,0,,no_usable_pages,known,,,bd6t55083384v: no usable pages in manifest.,2026-07-17T17:05:55.767624
lacharente,bd6t550833858,,failed,0,0,,no_usable_pages,known,,,bd6t550833858: no usable pages in manifest.,2026-07-17T17:05:55.978268
lacharente,bd6t55083386p,,failed,0,0,,no_usable_pages,known,,,bd6t55083386p: no usable pages in manifest.,2026-07-17T17:05:56.191659
lacharente,bd6t550833873,,failed,0,0,,no_usable_pages,known,,,bd6t550833873: no usable pages in manifest.,2026-07-17T17:05:56.400567
lacharente,bd6t55083388h,,failed,0,0,,no_usable_pages,known,,,bd6t55083388h: no usable pages in manifest.,2026-07-17T17:05:56.632279
lacharente,bd6t55083389x,,failed,0,0,,no_usable_pages,known,,,bd6t55083389x: no usable pages in manifest.,2026-07-17T17:05:56.826049
lacharente,bd6t55083390k,,failed,0,0,,no_usable_pages,known,,,bd6t55083390k: no usable pages in manifest.,2026-07-17T17:05:57.001896
lacharente,bd6t550833910,,failed,0,0,,no_usable_pages,known,,,bd6t550833910: no usable pages in manifest.,2026-07-17T17:05:57.236677
lacharente,bd6t55083392d,,failed,0,0,,no_usable_pages,known,,,bd6t55083392d: no usable pages in manifest.,2026-07-17T17:05:57.489448
lacharente,bd6t55083393t,,failed,0,0,,no_usable_pages,known,,,bd6t55083393t: no usable pages in manifest.,2026-07-17T17:05:57.679463
lacharente,bd6t550833947,,failed,0,0,,no_usable_pages,known,,,bd6t550833947: no usable pages in manifest.,2026-07-17T17:05:57.849693
lacharente,bd6t55083395n,,failed,0,0,,no_usable_pages,known,,,bd6t55083395n: no usable pages in manifest.,2026-07-17T17:05:58.036017
lacharente,bd6t550833962,,failed,0,0,,no_usable_pages,known,,,bd6t550833962: no usable pages in manifest.,2026-07-17T17:05:58.231977
lacharente,bd6t55083397g,,failed,0,0,,no_usable_pages,known,,,bd6t55083397g: no usable pages in manifest.,2026-07-17T17:05:58.453395
lacharente,bd6t55083398w,,failed,0,0,,no_usable_pages,known,,,bd6t55083398w: no usable pages in manifest.,2026-07-17T17:05:58.768529
lacharente,bd6t550833999,,failed,0,0,,no_usable_pages,known,,,bd6t550833999: no usable pages in manifest.,2026-07-17T17:05:59.187052
lacharente,bd6t55083400h,,failed,0,0,,no_usable_pages,known,,,bd6t55083400h: no usable pages in manifest.,2026-07-17T17:05:59.364942
lacharente,bd6t55083401x,,failed,0,0,,no_usable_pages,known,,,bd6t55083401x: no usable pages in manifest.,2026-07-17T17:05:59.578472
lacharente,bd6t55083402b,,failed,0,0,,no_usable_pages,known,,,bd6t55083402b: no usable pages in manifest.,2026-07-17T17:05:59.884481
lacharente,bd6t55083403r,,failed,0,0,,no_usable_pages,known,,,bd6t55083403r: no usable pages in manifest.,2026-07-17T17:06:00.080100
lacharente,bd6t550834045,,failed,0,0,,no_usable_pages,known,,,bd6t550834045: no usable pages in manifest.,2026-07-17T17:06:00.324139
lacharente,bd6t55083405k,,failed,0,0,,no_usable_pages,known,,,bd6t55083405k: no usable pages in manifest.,2026-07-17T17:06:00.553558
lacharente,bd6t550834060,,failed,0,0,,no_usable_pages,known,,,bd6t550834060: no usable pages in manifest.,2026-07-17T17:06:00.710462
lacharente,bd6t55083407d,,failed,0,0,,no_usable_pages,known,,,bd6t55083407d: no usable pages in manifest.,2026-07-17T17:06:00.943965
lacharente,bd6t55083408t,,failed,0,0,,no_usable_pages,known,,,bd6t55083408t: no usable pages in manifest.,2026-07-17T17:06:01.199336
lacharente,bd6t550834097,,failed,0,0,,no_usable_pages,known,,,bd6t550834097: no usable pages in manifest.,2026-07-17T17:06:01.391758
lacharente,bd6t55083410w,,failed,0,0,,no_usable_pages,known,,,bd6t55083410w: no usable pages in manifest.,2026-07-17T17:06:01.630761
lacharente,bd6t550834119,,failed,0,0,,no_usable_pages,known,,,bd6t550834119: no usable pages in manifest.,2026-07-17T17:06:01.820548
lacharente,bd6t55083412q,,failed,0,0,,no_usable_pages,known,,,bd6t55083412q: no usable pages in manifest.,2026-07-17T17:06:02.059998
lacharente,bd6t550834134,,failed,0,0,,no_usable_pages,known,,,bd6t550834134: no usable pages in manifest.,2026-07-17T17:06:02.230043
lacharente,bd6t55083414j,,failed,0,0,,no_usable_pages,known,,,bd6t55083414j: no usable pages in manifest.,2026-07-17T17:06:02.381313
lacharente,bd6t55083415z,,failed,0,0,,no_usable_pages,known,,,bd6t55083415z: no usable pages in manifest.,2026-07-17T17:06:02.632776
lacharente,bd6t55083416c,,failed,0,0,,no_usable_pages,known,,,bd6t55083416c: no usable pages in manifest.,2026-07-17T17:06:02.865817
lacharente,bd6t55083417s,,failed,0,0,,no_usable_pages,known,,,bd6t55083417s: no usable pages in manifest.,2026-07-17T17:06:03.029410
lacharente,bd6t550834186,,failed,0,0,,no_usable_pages,known,,,bd6t550834186: no usable pages in manifest.,2026-07-17T17:06:03.254967
lacharente,bd6t55083419m,,failed,0,0,,no_usable_pages,known,,,bd6t55083419m: no usable pages in manifest.,2026-07-17T17:06:03.449692
lacharente,bd6t550834208,,failed,0,0,,no_usable_pages,known,,,bd6t550834208: no usable pages in manifest.,2026-07-17T17:06:03.928917
lacharente,bd6t55083421p,,failed,0,0,,no_usable_pages,known,,,bd6t55083421p: no usable pages in manifest.,2026-07-17T17:06:04.534016
lacharente,bd6t550834223,,failed,0,0,,no_usable_pages,known,,,bd6t550834223: no usable pages in manifest.,2026-07-17T17:06:04.728808
lacharente,bd6t55083423h,,failed,0,0,,no_usable_pages,known,,,bd6t55083423h: no usable pages in manifest.,2026-07-17T17:06:04.988076
lacharente,bd6t55083424x,,failed,0,0,,no_usable_pages,known,,,bd6t55083424x: no usable pages in manifest.,2026-07-17T17:06:05.262897
lacharente,bd6t55083425b,,failed,0,0,,no_usable_pages,known,,,bd6t55083425b: no usable pages in manifest.,2026-07-17T17:06:05.490875
lacharente,bd6t55083426r,,failed,0,0,,no_usable_pages,known,,,bd6t55083426r: no usable pages in manifest.,2026-07-17T17:06:05.688822
lacharente,bd6t550834275,,failed,0,0,,no_usable_pages,known,,,bd6t550834275: no usable pages in manifest.,2026-07-17T17:06:05.844363
lacharente,bd6t55083428k,,failed,0,0,,no_usable_pages,known,,,bd6t55083428k: no usable pages in manifest.,2026-07-17T17:06:06.049313
lacharente,bd6t550834290,,failed,0,0,,no_usable_pages,known,,,bd6t550834290: no usable pages in manifest.,2026-07-17T17:06:06.297531
lacharente,bd6t55083430n,,failed,0,0,,no_usable_pages,known,,,bd6t55083430n: no usable pages in manifest.,2026-07-17T17:06:06.540335
lacharente,bd6t550834312,,failed,0,0,,no_usable_pages,known,,,bd6t550834312: no usable pages in manifest.,2026-07-17T17:06:06.736059
lacharente,bd6t55083432g,,failed,0,0,,no_usable_pages,known,,,bd6t55083432g: no usable pages in manifest.,2026-07-17T17:06:06.924431
lacharente,bd6t55083433w,,failed,0,0,,no_usable_pages,known,,,bd6t55083433w: no usable pages in manifest.,2026-07-17T17:06:07.200983
lacharente,bd6t550834349,,failed,0,0,,no_usable_pages,known,,,bd6t550834349: no usable pages in manifest.,2026-07-17T17:06:07.384117
lacharente,bd6t55083435q,,failed,0,0,,no_usable_pages,known,,,bd6t55083435q: no usable pages in manifest.,2026-07-17T17:06:07.576084
lacharente,bd6t550834364,,failed,0,0,,no_usable_pages,known,,,bd6t550834364: no usable pages in manifest.,2026-07-17T17:06:07.730299
lacharente,bd6t55083437j,,failed,0,0,,no_usable_pages,known,,,bd6t55083437j: no usable pages in manifest.,2026-07-17T17:06:07.900584
lacharente,bd6t55083438z,,failed,0,0,,no_usable_pages,known,,,bd6t55083438z: no usable pages in manifest.,2026-07-17T17:06:08.081551
lacharente,bd6t55083439c,,failed,0,0,,no_usable_pages,known,,,bd6t55083439c: no usable pages in manifest.,2026-07-17T17:06:08.302758
lacharente,bd6t550834401,,failed,0,0,,no_usable_pages,known,,,bd6t550834401: no usable pages in manifest.,2026-07-17T17:06:08.534538
lacharente,bd6t55083441f,,failed,0,0,,no_usable_pages,known,,,bd6t55083441f: no usable pages in manifest.,2026-07-17T17:06:08.776734
lacharente,bd6t55083442v,,failed,0,0,,no_usable_pages,known,,,bd6t55083442v: no usable pages in manifest.,2026-07-17T17:06:08.959206
lacharente,bd6t550834438,,failed,0,0,,no_usable_pages,known,,,bd6t550834438: no usable pages in manifest.,2026-07-17T17:06:09.118228
lacharente,bd6t55083444p,,failed,0,0,,no_usable_pages,known,,,bd6t55083444p: no usable pages in manifest.,2026-07-17T17:06:09.311507
lacharente,bd6t550834453,,failed,0,0,,no_usable_pages,known,,,bd6t550834453: no usable pages in manifest.,2026-07-17T17:06:09.749121
lacharente,bd6t55083446h,,failed,0,0,,no_usable_pages,known,,,bd6t55083446h: no usable pages in manifest.,2026-07-17T17:06:09.987065
lacharente,bd6t55083447x,,failed,0,0,,no_usable_pages,known,,,bd6t55083447x: no usable pages in manifest.,2026-07-17T17:06:10.142548
lacharente,bd6t55083448b,,failed,0,0,,no_usable_pages,known,,,bd6t55083448b: no usable pages in manifest.,2026-07-17T17:06:10.334673
lacharente,bd6t55083449r,,failed,0,0,,no_usable_pages,known,,,bd6t55083449r: no usable pages in manifest.,2026-07-17T17:06:10.495246
lacharente,bd6t55083450d,,failed,0,0,,no_usable_pages,known,,,bd6t55083450d: no usable pages in manifest.,2026-07-17T17:06:10.709343
lacharente,bd6t55083451t,,failed,0,0,,no_usable_pages,known,,,bd6t55083451t: no usable pages in manifest.,2026-07-17T17:06:10.859279
lacharente,bd6t550834527,,failed,0,0,,no_usable_pages,known,,,bd6t550834527: no usable pages in manifest.,2026-07-17T17:06:11.032801
lacharente,bd6t55083453n,,failed,0,0,,no_usable_pages,known,,,bd6t55083453n: no usable pages in manifest.,2026-07-17T17:06:11.213907
lacharente,bd6t550834542,,failed,0,0,,no_usable_pages,known,,,bd6t550834542: no usable pages in manifest.,2026-07-17T17:06:11.396609
lacharente,bd6t55083455g,,failed,0,0,,no_usable_pages,known,,,bd6t55083455g: no usable pages in manifest.,2026-07-17T17:06:11.610915
lacharente,bd6t55083456w,,failed,0,0,,no_usable_pages,known,,,bd6t55083456w: no usable pages in manifest.,2026-07-17T17:06:11.839299
lacharente,bd6t550834579,,failed,0,0,,no_usable_pages,known,,,bd6t550834579: no usable pages in manifest.,2026-07-17T17:06:12.067926
lacharente,bd6t55083458q,,failed,0,0,,no_usable_pages,known,,,bd6t55083458q: no usable pages in manifest.,2026-07-17T17:06:12.319361
lacharente,bd6t550834594,,failed,0,0,,no_usable_pages,known,,,bd6t550834594: no usable pages in manifest.,2026-07-17T17:06:12.518274
lacharente,bd6t55083460s,,failed,0,0,,no_usable_pages,known,,,bd6t55083460s: no usable pages in manifest.,2026-07-17T17:06:12.703946
lacharente,bd6t550834616,,failed,0,0,,no_usable_pages,known,,,bd6t550834616: no usable pages in manifest.,2026-07-17T17:06:12.903940
lacharente,bd6t55083462m,,failed,0,0,,no_usable_pages,known,,,bd6t55083462m: no usable pages in manifest.,2026-07-17T17:06:13.155717
lacharente,bd6t550834631,,failed,0,0,,no_usable_pages,known,,,bd6t550834631: no usable pages in manifest.,2026-07-17T17:06:13.307483
lacharente,bd6t55083464f,,failed,0,0,,no_usable_pages,known,,,bd6t55083464f: no usable pages in manifest.,2026-07-17T17:06:13.502413
lacharente,bd6t55083465v,,failed,0,0,,no_usable_pages,known,,,bd6t55083465v: no usable pages in manifest.,2026-07-17T17:06:13.680648
lacharente,bd6t550834668,,failed,0,0,,no_usable_pages,known,,,bd6t550834668: no usable pages in manifest.,2026-07-17T17:06:13.847448
lacharente,bd6t55083467p,,failed,0,0,,no_usable_pages,known,,,bd6t55083467p: no usable pages in manifest.,2026-07-17T17:06:14.099912
lacharente,bd6t550834683,,failed,0,0,,no_usable_pages,known,,,bd6t550834683: no usable pages in manifest.,2026-07-17T17:06:14.594236
lacharente,bd6t55083469h,,failed,0,0,,no_usable_pages,known,,,bd6t55083469h: no usable pages in manifest.,2026-07-17T17:06:15.005105
lacharente,bd6t550834705,,failed,0,0,,no_usable_pages,known,,,bd6t550834705: no usable pages in manifest.,2026-07-17T17:06:15.243227
lacharente,bd6t55083471k,,failed,0,0,,no_usable_pages,known,,,bd6t55083471k: no usable pages in manifest.,2026-07-17T17:06:15.465768
lacharente,bd6t550834720,,failed,0,0,,no_usable_pages,known,,,bd6t550834720: no usable pages in manifest.,2026-07-17T17:06:15.674718
lacharente,bd6t55083473d,,failed,0,0,,no_usable_pages,known,,,bd6t55083473d: no usable pages in manifest.,2026-07-17T17:06:15.928748
lacharente,bd6t55083474t,,failed,0,0,,no_usable_pages,known,,,bd6t55083474t: no usable pages in manifest.,2026-07-17T17:06:16.166747
lacharente,bd6t550834757,,failed,0,0,,no_usable_pages,known,,,bd6t550834757: no usable pages in manifest.,2026-07-17T17:06:16.391174
lacharente,bd6t55083476n,,failed,0,0,,no_usable_pages,known,,,bd6t55083476n: no usable pages in manifest.,2026-07-17T17:06:16.707044
lacharente,bd6t550834772,,failed,0,0,,no_usable_pages,known,,,bd6t550834772: no usable pages in manifest.,2026-07-17T17:06:16.907604
lacharente,bd6t55083478g,,failed,0,0,,no_usable_pages,known,,,bd6t55083478g: no usable pages in manifest.,2026-07-17T17:06:17.152153
lacharente,bd6t55083479w,,failed,0,0,,no_usable_pages,known,,,bd6t55083479w: no usable pages in manifest.,2026-07-17T17:06:17.343733
lacharente,bd6t55083480j,,failed,0,0,,no_usable_pages,known,,,bd6t55083480j: no usable pages in manifest.,2026-07-17T17:06:17.547868
lacharente,bd6t55083482c,,failed,0,0,,no_usable_pages,known,,,bd6t55083482c: no usable pages in manifest.,2026-07-17T17:06:17.728669
lacharente,bd6t55083481z,,failed,0,0,,no_usable_pages,known,,,bd6t55083481z: no usable pages in manifest.,2026-07-17T17:06:17.875471
lacharente,bd6t55083483s,,failed,0,0,,no_usable_pages,known,,,bd6t55083483s: no usable pages in manifest.,2026-07-17T17:06:18.050501
lacharente,bd6t550834846,,failed,0,0,,no_usable_pages,known,,,bd6t550834846: no usable pages in manifest.,2026-07-17T17:06:18.246881
lacharente,bd6t55083485m,,failed,0,0,,no_usable_pages,known,,,bd6t55083485m: no usable pages in manifest.,2026-07-17T17:06:18.452755
lacharente,bd6t550834861,,failed,0,0,,no_usable_pages,known,,,bd6t550834861: no usable pages in manifest.,2026-07-17T17:06:18.718046
lacharente,bd6t55083487f,,failed,0,0,,no_usable_pages,known,,,bd6t55083487f: no usable pages in manifest.,2026-07-17T17:06:18.885727
lacharente,bd6t55083488v,,failed,0,0,,no_usable_pages,known,,,bd6t55083488v: no usable pages in manifest.,2026-07-17T17:06:19.083328
lacharente,bd6t550834898,,failed,0,0,,no_usable_pages,known,,,bd6t550834898: no usable pages in manifest.,2026-07-17T17:06:19.306166
lacharente,bd6t55083490x,,failed,0,0,,no_usable_pages,known,,,bd6t55083490x: no usable pages in manifest.,2026-07-17T17:06:19.493447
lacharente,bd6t55083491b,,failed,0,0,,no_usable_pages,known,,,bd6t55083491b: no usable pages in manifest.,2026-07-17T17:06:19.694825
lacharente,bd6t55083492r,,failed,0,0,,no_usable_pages,known,,,bd6t55083492r: no usable pages in manifest.,2026-07-17T17:06:19.936961
lacharente,bd6t550834935,,failed,0,0,,no_usable_pages,known,,,bd6t550834935: no usable pages in manifest.,2026-07-17T17:06:20.231119
lacharente,bd6t55083494k,,failed,0,0,,no_usable_pages,known,,,bd6t55083494k: no usable pages in manifest.,2026-07-17T17:06:20.432674
lacharente,bd6t550834950,,failed,0,0,,no_usable_pages,known,,,bd6t550834950: no usable pages in manifest.,2026-07-17T17:06:20.580203
lacharente,bd6t55083496d,,failed,0,0,,no_usable_pages,known,,,bd6t55083496d: no usable pages in manifest.,2026-07-17T17:06:20.778177
lacharente,bd6t55083497t,,failed,0,0,,no_usable_pages,known,,,bd6t55083497t: no usable pages in manifest.,2026-07-17T17:06:20.964665
lacharente,bd6t550834987,,failed,0,0,,no_usable_pages,known,,,bd6t550834987: no usable pages in manifest.,2026-07-17T17:06:21.137645
lacharente,bd6t55083499n,,failed,0,0,,no_usable_pages,known,,,bd6t55083499n: no usable pages in manifest.,2026-07-17T17:06:21.313363
lacharente,bd6t55083500v,,failed,0,0,,no_usable_pages,known,,,bd6t55083500v: no usable pages in manifest.,2026-07-17T17:06:21.473643
lacharente,bd6t550835018,,failed,0,0,,no_usable_pages,known,,,bd6t550835018: no usable pages in manifest.,2026-07-17T17:06:21.656176
lacharente,bd6t55083502p,,failed,0,0,,no_usable_pages,known,,,bd6t55083502p: no usable pages in manifest.,2026-07-17T17:06:21.885925
lacharente,bd6t550835033,,failed,0,0,,no_usable_pages,known,,,bd6t550835033: no usable pages in manifest.,2026-07-17T17:06:22.103432
lacharente,bd6t55083504h,,failed,0,0,,no_usable_pages,known,,,bd6t55083504h: no usable pages in manifest.,2026-07-17T17:06:22.314174
lacharente,bd6t55083505x,,failed,0,0,,no_usable_pages,known,,,bd6t55083505x: no usable pages in manifest.,2026-07-17T17:06:22.573537
lacharente,bd6t55083506b,,failed,0,0,,no_usable_pages,known,,,bd6t55083506b: no usable pages in manifest.,2026-07-17T17:06:22.725125
lacharente,bd6t55083507r,,failed,0,0,,no_usable_pages,known,,,bd6t55083507r: no usable pages in manifest.,2026-07-17T17:06:22.956154
lacharente,bd6t550835085,,failed,0,0,,no_usable_pages,known,,,bd6t550835085: no usable pages in manifest.,2026-07-17T17:06:23.217486
lacharente,bd6t55083509k,,failed,0,0,,no_usable_pages,known,,,bd6t55083509k: no usable pages in manifest.,2026-07-17T17:06:23.379664
lacharente,bd6t550835107,,failed,0,0,,no_usable_pages,known,,,bd6t550835107: no usable pages in manifest.,2026-07-17T17:06:23.575105
lacharente,bd6t55083511n,,failed,0,0,,no_usable_pages,known,,,bd6t55083511n: no usable pages in manifest.,2026-07-17T17:06:23.811301
lacharente,bd6t550835122,,failed,0,0,,no_usable_pages,known,,,bd6t550835122: no usable pages in manifest.,2026-07-17T17:06:24.014619
lacharente,bd6t55083513g,,failed,0,0,,no_usable_pages,known,,,bd6t55083513g: no usable pages in manifest.,2026-07-17T17:06:24.301234
lacharente,bd6t55083514w,,failed,0,0,,no_usable_pages,known,,,bd6t55083514w: no usable pages in manifest.,2026-07-17T17:06:24.502499
lacharente,bd6t550835159,,failed,0,0,,no_usable_pages,known,,,bd6t550835159: no usable pages in manifest.,2026-07-17T17:06:24.772067
lacharente,bd6t55083516q,,failed,0,0,,no_usable_pages,known,,,bd6t55083516q: no usable pages in manifest.,2026-07-17T17:06:25.127144
lacharente,bd6t550835174,,failed,0,0,,no_usable_pages,known,,,bd6t550835174: no usable pages in manifest.,2026-07-17T17:06:25.571321
lacharente,bd6t55083518j,,failed,0,0,,no_usable_pages,known,,,bd6t55083518j: no usable pages in manifest.,2026-07-17T17:06:25.760534
lacharente,bd6t55083519z,,failed,0,0,,no_usable_pages,known,,,bd6t55083519z: no usable pages in manifest.,2026-07-17T17:06:25.963093
lacharente,bd6t55083520m,,failed,0,0,,no_usable_pages,known,,,bd6t55083520m: no usable pages in manifest.,2026-07-17T17:06:26.099417
lacharente,bd6t550835211,,failed,0,0,,no_usable_pages,known,,,bd6t550835211: no usable pages in manifest.,2026-07-17T17:06:26.245863
lacharente,bd6t55083522f,,failed,0,0,,no_usable_pages,known,,,bd6t55083522f: no usable pages in manifest.,2026-07-17T17:06:26.457383
lacharente,bd6t55083523v,,failed,0,0,,no_usable_pages,known,,,bd6t55083523v: no usable pages in manifest.,2026-07-17T17:06:26.655776
lacharente,bd6t550835248,,failed,0,0,,no_usable_pages,known,,,bd6t550835248: no usable pages in manifest.,2026-07-17T17:06:26.830684
lacharente,bd6t55083525p,,failed,0,0,,no_usable_pages,known,,,bd6t55083525p: no usable pages in manifest.,2026-07-17T17:06:27.030106
lacharente,bd6t550835263,,failed,0,0,,no_usable_pages,known,,,bd6t550835263: no usable pages in manifest.,2026-07-17T17:06:27.222062
lacharente,bd6t55083527h,,failed,0,0,,no_usable_pages,known,,,bd6t55083527h: no usable pages in manifest.,2026-07-17T17:06:27.451244
lacharente,bd6t55083528x,,failed,0,0,,no_usable_pages,known,,,bd6t55083528x: no usable pages in manifest.,2026-07-17T17:06:27.587290
lacharente,bd6t55083529b,,failed,0,0,,no_usable_pages,known,,,bd6t55083529b: no usable pages in manifest.,2026-07-17T17:06:27.793842
lacharente,bd6t550835300,,failed,0,0,,no_usable_pages,known,,,bd6t550835300: no usable pages in manifest.,2026-07-17T17:06:27.931408
lacharente,bd6t55083531d,,failed,0,0,,no_usable_pages,known,,,bd6t55083531d: no usable pages in manifest.,2026-07-17T17:06:28.127210
lacharente,bd6t55083532t,,failed,0,0,,no_usable_pages,known,,,bd6t55083532t: no usable pages in manifest.,2026-07-17T17:06:28.289726
lacharente,bd6t550835337,,failed,0,0,,no_usable_pages,known,,,bd6t550835337: no usable pages in manifest.,2026-07-17T17:06:28.418837
lacharente,bd6t55083534n,,failed,0,0,,no_usable_pages,known,,,bd6t55083534n: no usable pages in manifest.,2026-07-17T17:06:28.638206
lacharente,bd6t550835352,,failed,0,0,,no_usable_pages,known,,,bd6t550835352: no usable pages in manifest.,2026-07-17T17:06:28.819425
lacharente,bd6t55083536g,,failed,0,0,,no_usable_pages,known,,,bd6t55083536g: no usable pages in manifest.,2026-07-17T17:06:28.969659
lacharente,bd6t55083537w,,failed,0,0,,no_usable_pages,known,,,bd6t55083537w: no usable pages in manifest.,2026-07-17T17:06:29.161233
lacharente,bd6t550835389,,failed,0,0,,no_usable_pages,known,,,bd6t550835389: no usable pages in manifest.,2026-07-17T17:06:29.308160
lacharente,bd6t55083539q,,failed,0,0,,no_usable_pages,known,,,bd6t55083539q: no usable pages in manifest.,2026-07-17T17:06:29.437164
lacharente,bd6t55083540c,,failed,0,0,,no_usable_pages,known,,,bd6t55083540c: no usable pages in manifest.,2026-07-17T17:06:29.614287
lacharente,bd6t55083541s,,failed,0,0,,no_usable_pages,known,,,bd6t55083541s: no usable pages in manifest.,2026-07-17T17:06:29.857254
lacharente,bd6t550835426,,failed,0,0,,no_usable_pages,known,,,bd6t550835426: no usable pages in manifest.,2026-07-17T17:06:30.060927
lacharente,bd6t55083543m,,failed,0,0,,no_usable_pages,known,,,bd6t55083543m: no usable pages in manifest.,2026-07-17T17:06:30.202981
lacharente,bd6t550835441,,failed,0,0,,no_usable_pages,known,,,bd6t550835441: no usable pages in manifest.,2026-07-17T17:06:30.383680
lacharente,bd6t55083545f,,failed,0,0,,no_usable_pages,known,,,bd6t55083545f: no usable pages in manifest.,2026-07-17T17:06:30.861426
lacharente,bd6t55083546v,,failed,0,0,,no_usable_pages,known,,,bd6t55083546v: no usable pages in manifest.,2026-07-17T17:06:31.062064
lacharente,bd6t550835478,,failed,0,0,,no_usable_pages,known,,,bd6t550835478: no usable pages in manifest.,2026-07-17T17:06:31.263837
lacharente,bd6t55083548p,,failed,0,0,,no_usable_pages,known,,,bd6t55083548p: no usable pages in manifest.,2026-07-17T17:06:31.418329
lacharente,bd6t550835493,,failed,0,0,,no_usable_pages,known,,,bd6t550835493: no usable pages in manifest.,2026-07-17T17:06:31.540751
lacharente,bd6t55083550r,,failed,0,0,,no_usable_pages,known,,,bd6t55083550r: no usable pages in manifest.,2026-07-17T17:06:31.699611
lacharente,bd6t550835515,,failed,0,0,,no_usable_pages,known,,,bd6t550835515: no usable pages in manifest.,2026-07-17T17:06:31.907663
lacharente,bd6t55083552k,,failed,0,0,,no_usable_pages,known,,,bd6t55083552k: no usable pages in manifest.,2026-07-17T17:06:32.156904
lacharente,bd6t550835530,,failed,0,0,,no_usable_pages,known,,,bd6t550835530: no usable pages in manifest.,2026-07-17T17:06:32.329940
lacharente,bd6t55083554d,,failed,0,0,,no_usable_pages,known,,,bd6t55083554d: no usable pages in manifest.,2026-07-17T17:06:32.508250
lacharente,bd6t55083555t,,failed,0,0,,no_usable_pages,known,,,bd6t55083555t: no usable pages in manifest.,2026-07-17T17:06:32.631086
lacharente,bd6t550835567,,failed,0,0,,no_usable_pages,known,,,bd6t550835567: no usable pages in manifest.,2026-07-17T17:06:32.772547
lacharente,bd6t55083557n,,failed,0,0,,no_usable_pages,known,,,bd6t55083557n: no usable pages in manifest.,2026-07-17T17:06:32.952964
lacharente,bd6t550835582,,failed,0,0,,no_usable_pages,known,,,bd6t550835582: no usable pages in manifest.,2026-07-17T17:06:33.126909
lacharente,bd6t55083559g,,failed,0,0,,no_usable_pages,known,,,bd6t55083559g: no usable pages in manifest.,2026-07-17T17:06:33.308351
lacharente,bd6t550835604,,failed,0,0,,no_usable_pages,known,,,bd6t550835604: no usable pages in manifest.,2026-07-17T17:06:33.469509
lacharente,bd6t55083561j,,failed,0,0,,no_usable_pages,known,,,bd6t55083561j: no usable pages in manifest.,2026-07-17T17:06:33.626665
lacharente,bd6t55083562z,,failed,0,0,,no_usable_pages,known,,,bd6t55083562z: no usable pages in manifest.,2026-07-17T17:06:33.846109
lacharente,bd6t55083563c,,failed,0,0,,no_usable_pages,known,,,bd6t55083563c: no usable pages in manifest.,2026-07-17T17:06:34.126005
lacharente,bd6t55083564s,,failed,0,0,,no_usable_pages,known,,,bd6t55083564s: no usable pages in manifest.,2026-07-17T17:06:34.405373
lacharente,bd6t550835656,,failed,0,0,,no_usable_pages,known,,,bd6t550835656: no usable pages in manifest.,2026-07-17T17:06:34.582565
lacharente,bd6t55083566m,,failed,0,0,,no_usable_pages,known,,,bd6t55083566m: no usable pages in manifest.,2026-07-17T17:06:34.741025
lacharente,bd6t550835671,,failed,0,0,,no_usable_pages,known,,,bd6t550835671: no usable pages in manifest.,2026-07-17T17:06:34.867142
lacharente,bd6t55083568f,,failed,0,0,,no_usable_pages,known,,,bd6t55083568f: no usable pages in manifest.,2026-07-17T17:06:35.041760
lacharente,bd6t55083569v,,failed,0,0,,no_usable_pages,known,,,bd6t55083569v: no usable pages in manifest.,2026-07-17T17:06:35.210718
lacharente,bd6t55083570h,,failed,0,0,,no_usable_pages,known,,,bd6t55083570h: no usable pages in manifest.,2026-07-17T17:06:35.464826
lacharente,bd6t55083571x,,failed,0,0,,no_usable_pages,known,,,bd6t55083571x: no usable pages in manifest.,2026-07-17T17:06:35.636608
lacharente,bd6t55083572b,,failed,0,0,,no_usable_pages,known,,,bd6t55083572b: no usable pages in manifest.,2026-07-17T17:06:35.969867
lacharente,bd6t55083573r,,failed,0,0,,no_usable_pages,known,,,bd6t55083573r: no usable pages in manifest.,2026-07-17T17:06:36.217005
lacharente,bd6t550835745,,failed,0,0,,no_usable_pages,known,,,bd6t550835745: no usable pages in manifest.,2026-07-17T17:06:36.373628
lacharente,bd6t55083575k,,failed,0,0,,no_usable_pages,known,,,bd6t55083575k: no usable pages in manifest.,2026-07-17T17:06:36.610548
lacharente,bd6t550835760,,failed,0,0,,no_usable_pages,known,,,bd6t550835760: no usable pages in manifest.,2026-07-17T17:06:36.770435
lacharente,bd6t55083577d,,failed,0,0,,no_usable_pages,known,,,bd6t55083577d: no usable pages in manifest.,2026-07-17T17:06:36.948506
lacharente,bd6t55083578t,,failed,0,0,,no_usable_pages,known,,,bd6t55083578t: no usable pages in manifest.,2026-07-17T17:06:37.101397
lacharente,bd6t550835797,,failed,0,0,,no_usable_pages,known,,,bd6t550835797: no usable pages in manifest.,2026-07-17T17:06:37.359614
lacharente,bd6t55083580w,,failed,0,0,,no_usable_pages,known,,,bd6t55083580w: no usable pages in manifest.,2026-07-17T17:06:37.614364
lacharente,bd6t550835819,,failed,0,0,,no_usable_pages,known,,,bd6t550835819: no usable pages in manifest.,2026-07-17T17:06:37.782660
lacharente,bd6t55083582q,,failed,0,0,,no_usable_pages,known,,,bd6t55083582q: no usable pages in manifest.,2026-07-17T17:06:37.955503
lacharente,bd6t550835834,,failed,0,0,,no_usable_pages,known,,,bd6t550835834: no usable pages in manifest.,2026-07-17T17:06:38.095619
lacharente,bd6t55083584j,,failed,0,0,,no_usable_pages,known,,,bd6t55083584j: no usable pages in manifest.,2026-07-17T17:06:38.242596
lacharente,bd6t55083585z,,failed,0,0,,no_usable_pages,known,,,bd6t55083585z: no usable pages in manifest.,2026-07-17T17:06:38.422906
lacharente,bd6t55083586c,,failed,0,0,,no_usable_pages,known,,,bd6t55083586c: no usable pages in manifest.,2026-07-17T17:06:38.673432
lacharente,bd6t55083587s,,failed,0,0,,no_usable_pages,known,,,bd6t55083587s: no usable pages in manifest.,2026-07-17T17:06:38.854413
lacharente,bd6t550835886,,failed,0,0,,no_usable_pages,known,,,bd6t550835886: no usable pages in manifest.,2026-07-17T17:06:39.053144
lacharente,bd6t55083589m,,failed,0,0,,no_usable_pages,known,,,bd6t55083589m: no usable pages in manifest.,2026-07-17T17:06:39.204525
lacharente,bd6t550835908,,failed,0,0,,no_usable_pages,known,,,bd6t550835908: no usable pages in manifest.,2026-07-17T17:06:39.383487
lacharente,bd6t55083591p,,failed,0,0,,no_usable_pages,known,,,bd6t55083591p: no usable pages in manifest.,2026-07-17T17:06:39.583980
lacharente,bd6t55083284h,,failed,0,0,,no_usable_pages,known,,,bd6t55083284h: no usable pages in manifest.,2026-07-17T17:06:39.801957
lacharente,bd6t550835923,,failed,0,0,,no_usable_pages,known,,,bd6t550835923: no usable pages in manifest.,2026-07-17T17:06:39.947606
lacharente,bd6t55083593h,,failed,0,0,,no_usable_pages,known,,,bd6t55083593h: no usable pages in manifest.,2026-07-17T17:06:40.090528
lacharente,bd6t55083594x,,failed,0,0,,no_usable_pages,known,,,bd6t55083594x: no usable pages in manifest.,2026-07-17T17:06:40.249614
lacharente,bd6t55083595b,,failed,0,0,,no_usable_pages,known,,,bd6t55083595b: no usable pages in manifest.,2026-07-17T17:06:40.393525
lacharente,bd6t55083596r,,failed,0,0,,no_usable_pages,known,,,bd6t55083596r: no usable pages in manifest.,2026-07-17T17:06:40.578883
lacharente,bd6t550835975,,failed,0,0,,no_usable_pages,known,,,bd6t550835975: no usable pages in manifest.,2026-07-17T17:06:41.033254
lacharente,bd6t55083598k,,failed,0,0,,no_usable_pages,known,,,bd6t55083598k: no usable pages in manifest.,2026-07-17T17:06:41.188376
lacharente,bd6t550835990,,failed,0,0,,no_usable_pages,known,,,bd6t550835990: no usable pages in manifest.,2026-07-17T17:06:41.287981
lacharente,bd6t550836006,,failed,0,0,,no_usable_pages,known,,,bd6t550836006: no usable pages in manifest.,2026-07-17T17:06:41.400977
lacharente,bd6t55083601m,,failed,0,0,,no_usable_pages,known,,,bd6t55083601m: no usable pages in manifest.,2026-07-17T17:06:41.556561
lacharente,bd6t550836021,,failed,0,0,,no_usable_pages,known,,,bd6t550836021: no usable pages in manifest.,2026-07-17T17:06:41.781336
lacharente,bd6t55083603f,,failed,0,0,,no_usable_pages,known,,,bd6t55083603f: no usable pages in manifest.,2026-07-17T17:06:41.969879
lacharente,bd6t55083604v,,failed,0,0,,no_usable_pages,known,,,bd6t55083604v: no usable pages in manifest.,2026-07-17T17:06:42.140665
lacharente,bd6t550836058,,failed,0,0,,no_usable_pages,known,,,bd6t550836058: no usable pages in manifest.,2026-07-17T17:06:42.293498
lacharente,bd6t55083606p,,failed,0,0,,no_usable_pages,known,,,bd6t55083606p: no usable pages in manifest.,2026-07-17T17:06:42.463515
lacharente,bd6t550836073,,failed,0,0,,no_usable_pages,known,,,bd6t550836073: no usable pages in manifest.,2026-07-17T17:06:42.622129
lacharente,bd6t55083608h,,failed,0,0,,no_usable_pages,known,,,bd6t55083608h: no usable pages in manifest.,2026-07-17T17:06:42.901505
lacharente,bd6t55083609x,,failed,0,0,,no_usable_pages,known,,,bd6t55083609x: no usable pages in manifest.,2026-07-17T17:06:43.145373
lacharente,bd6t55083610k,,failed,0,0,,no_usable_pages,known,,,bd6t55083610k: no usable pages in manifest.,2026-07-17T17:06:43.296867
lacharente,bd6t550836110,,failed,0,0,,no_usable_pages,known,,,bd6t550836110: no usable pages in manifest.,2026-07-17T17:06:43.496064
lacharente,bd6t55083612d,,failed,0,0,,no_usable_pages,known,,,bd6t55083612d: no usable pages in manifest.,2026-07-17T17:06:43.661633
lacharente,bd6t55083613t,,failed,0,0,,no_usable_pages,known,,,bd6t55083613t: no usable pages in manifest.,2026-07-17T17:06:43.869984
lacharente,bd6t550836147,,failed,0,0,,no_usable_pages,known,,,bd6t550836147: no usable pages in manifest.,2026-07-17T17:06:44.067102
lacharente,bd6t55083615n,,failed,0,0,,no_usable_pages,known,,,bd6t55083615n: no usable pages in manifest.,2026-07-17T17:06:44.313090
lacharente,bd6t550836162,,failed,0,0,,no_usable_pages,known,,,bd6t550836162: no usable pages in manifest.,2026-07-17T17:06:44.514957
lacharente,bd6t55083617g,,failed,0,0,,no_usable_pages,known,,,bd6t55083617g: no usable pages in manifest.,2026-07-17T17:06:44.674704
lacharente,bd6t55083618w,,failed,0,0,,no_usable_pages,known,,,bd6t55083618w: no usable pages in manifest.,2026-07-17T17:06:44.823327
lacharente,bd6t550836199,,failed,0,0,,no_usable_pages,known,,,bd6t550836199: no usable pages in manifest.,2026-07-17T17:06:45.070229
lacharente,bd6t55083620z,,failed,0,0,,no_usable_pages,known,,,bd6t55083620z: no usable pages in manifest.,2026-07-17T17:06:45.281521
lacharente,bd6t55083621c,,failed,0,0,,no_usable_pages,known,,,bd6t55083621c: no usable pages in manifest.,2026-07-17T17:06:45.456626
lacharente,bd6t55083622s,,failed,0,0,,no_usable_pages,known,,,bd6t55083622s: no usable pages in manifest.,2026-07-17T17:06:45.797243
lacharente,bd6t550836236,,failed,0,0,,no_usable_pages,known,,,bd6t550836236: no usable pages in manifest.,2026-07-17T17:06:46.061707
lacharente,bd6t55083624m,,failed,0,0,,no_usable_pages,known,,,bd6t55083624m: no usable pages in manifest.,2026-07-17T17:06:46.244364
lacharente,bd6t550836251,,failed,0,0,,no_usable_pages,known,,,bd6t550836251: no usable pages in manifest.,2026-07-17T17:06:46.422537
lacharente,bd6t55083626f,,failed,0,0,,no_usable_pages,known,,,bd6t55083626f: no usable pages in manifest.,2026-07-17T17:06:46.595754
lacharente,bd6t55083627v,,failed,0,0,,no_usable_pages,known,,,bd6t55083627v: no usable pages in manifest.,2026-07-17T17:06:46.736703
lacharente,bd6t550836288,,failed,0,0,,no_usable_pages,known,,,bd6t550836288: no usable pages in manifest.,2026-07-17T17:06:46.894140
lacharente,bd6t55083629p,,failed,0,0,,no_usable_pages,known,,,bd6t55083629p: no usable pages in manifest.,2026-07-17T17:06:47.146504
lacharente,bd6t55083630b,,failed,0,0,,no_usable_pages,known,,,bd6t55083630b: no usable pages in manifest.,2026-07-17T17:06:47.371162
lacharente,bd6t55083631r,,failed,0,0,,no_usable_pages,known,,,bd6t55083631r: no usable pages in manifest.,2026-07-17T17:06:47.581654
lacharente,bd6t550836325,,failed,0,0,,no_usable_pages,known,,,bd6t550836325: no usable pages in manifest.,2026-07-17T17:06:47.775390
lacharente,bd6t55083633k,,failed,0,0,,no_usable_pages,known,,,bd6t55083633k: no usable pages in manifest.,2026-07-17T17:06:47.963441
lacharente,bd6t550836340,,failed,0,0,,no_usable_pages,known,,,bd6t550836340: no usable pages in manifest.,2026-07-17T17:06:48.249320
lacharente,bd6t55083635d,,failed,0,0,,no_usable_pages,known,,,bd6t55083635d: no usable pages in manifest.,2026-07-17T17:06:48.450175
lacharente,bd6t55083636t,,failed,0,0,,no_usable_pages,known,,,bd6t55083636t: no usable pages in manifest.,2026-07-17T17:06:48.717042
lacharente,bd6t550836377,,failed,0,0,,no_usable_pages,known,,,bd6t550836377: no usable pages in manifest.,2026-07-17T17:06:48.909085
lacharente,bd6t55083638n,,failed,0,0,,no_usable_pages,known,,,bd6t55083638n: no usable pages in manifest.,2026-07-17T17:06:49.111410
lacharente,bd6t550836392,,failed,0,0,,no_usable_pages,known,,,bd6t550836392: no usable pages in manifest.,2026-07-17T17:06:49.366638
lacharente,bd6t55083640q,,failed,0,0,,no_usable_pages,known,,,bd6t55083640q: no usable pages in manifest.,2026-07-17T17:06:49.554290
lacharente,bd6t550836414,,failed,0,0,,no_usable_pages,known,,,bd6t550836414: no usable pages in manifest.,2026-07-17T17:06:49.772098
lacharente,bd6t55083642j,,failed,0,0,,no_usable_pages,known,,,bd6t55083642j: no usable pages in manifest.,2026-07-17T17:06:49.931581
lacharente,bd6t55083643z,,failed,0,0,,no_usable_pages,known,,,bd6t55083643z: no usable pages in manifest.,2026-07-17T17:06:50.048250
lacharente,bd6t55083644c,,failed,0,0,,no_usable_pages,known,,,bd6t55083644c: no usable pages in manifest.,2026-07-17T17:06:50.203450
lacharente,bd6t55083645s,,failed,0,0,,no_usable_pages,known,,,bd6t55083645s: no usable pages in manifest.,2026-07-17T17:06:50.480356
lacharente,bd6t550836466,,failed,0,0,,no_usable_pages,known,,,bd6t550836466: no usable pages in manifest.,2026-07-17T17:06:50.959729
lacharente,bd6t55083647m,,failed,0,0,,no_usable_pages,known,,,bd6t55083647m: no usable pages in manifest.,2026-07-17T17:06:51.143839
lacharente,bd6t550836481,,failed,0,0,,no_usable_pages,known,,,bd6t550836481: no usable pages in manifest.,2026-07-17T17:06:51.252609
lacharente,bd6t55083649f,,failed,0,0,,no_usable_pages,known,,,bd6t55083649f: no usable pages in manifest.,2026-07-17T17:06:51.563512
lacharente,bd6t550836503,,failed,0,0,,no_usable_pages,known,,,bd6t550836503: no usable pages in manifest.,2026-07-17T17:06:51.772337
lacharente,bd6t55083651h,,failed,0,0,,no_usable_pages,known,,,bd6t55083651h: no usable pages in manifest.,2026-07-17T17:06:51.957252
lacharente,bd6t55083652x,,failed,0,0,,no_usable_pages,known,,,bd6t55083652x: no usable pages in manifest.,2026-07-17T17:06:52.163670
lacharente,bd6t55083653b,,failed,0,0,,no_usable_pages,known,,,bd6t55083653b: no usable pages in manifest.,2026-07-17T17:06:52.320918
lacharente,bd6t55083654r,,failed,0,0,,no_usable_pages,known,,,bd6t55083654r: no usable pages in manifest.,2026-07-17T17:06:52.482301
lacharente,bd6t550836555,,failed,0,0,,no_usable_pages,known,,,bd6t550836555: no usable pages in manifest.,2026-07-17T17:06:52.716065
lacharente,bd6t55083656k,,failed,0,0,,no_usable_pages,known,,,bd6t55083656k: no usable pages in manifest.,2026-07-17T17:06:52.818992
lacharente,bd6t550836570,,failed,0,0,,no_usable_pages,known,,,bd6t550836570: no usable pages in manifest.,2026-07-17T17:06:53.012286
lacharente,bd6t55083658d,,failed,0,0,,no_usable_pages,known,,,bd6t55083658d: no usable pages in manifest.,2026-07-17T17:06:53.149267
lacharente,bd6t55083659t,,failed,0,0,,no_usable_pages,known,,,bd6t55083659t: no usable pages in manifest.,2026-07-17T17:06:53.329210
lacharente,bd6t55083660g,,failed,0,0,,no_usable_pages,known,,,bd6t55083660g: no usable pages in manifest.,2026-07-17T17:06:53.599656
lacharente,bd6t55083661w,,failed,0,0,,no_usable_pages,known,,,bd6t55083661w: no usable pages in manifest.,2026-07-17T17:06:53.834915
lacharente,bd6t550836629,,failed,0,0,,no_usable_pages,known,,,bd6t550836629: no usable pages in manifest.,2026-07-17T17:06:53.996695
lacharente,bd6t55083663q,,failed,0,0,,no_usable_pages,known,,,bd6t55083663q: no usable pages in manifest.,2026-07-17T17:06:54.255476
lacharente,bd6t550836644,,failed,0,0,,no_usable_pages,known,,,bd6t550836644: no usable pages in manifest.,2026-07-17T17:06:54.519651
lacharente,bd6t55083665j,,failed,0,0,,no_usable_pages,known,,,bd6t55083665j: no usable pages in manifest.,2026-07-17T17:06:54.684207
lacharente,bd6t55083666z,,failed,0,0,,no_usable_pages,known,,,bd6t55083666z: no usable pages in manifest.,2026-07-17T17:06:54.865742
lacharente,bd6t55083667c,,failed,0,0,,no_usable_pages,known,,,bd6t55083667c: no usable pages in manifest.,2026-07-17T17:06:54.983983
lacharente,bd6t55083668s,,failed,0,0,,no_usable_pages,known,,,bd6t55083668s: no usable pages in manifest.,2026-07-17T17:06:55.095532
lacharente,bd6t550836696,,failed,0,0,,no_usable_pages,known,,,bd6t550836696: no usable pages in manifest.,2026-07-17T17:06:55.246561
lacharente,bd6t55083670v,,failed,0,0,,no_usable_pages,known,,,bd6t55083670v: no usable pages in manifest.,2026-07-17T17:06:55.386143
lacharente,bd6t550836718,,failed,0,0,,no_usable_pages,known,,,bd6t550836718: no usable pages in manifest.,2026-07-17T17:06:55.591140
lacharente,bd6t55083672p,,failed,0,0,,no_usable_pages,known,,,bd6t55083672p: no usable pages in manifest.,2026-07-17T17:06:55.878057
lacharente,bd6t550836733,,failed,0,0,,no_usable_pages,known,,,bd6t550836733: no usable pages in manifest.,2026-07-17T17:06:56.365131
lacharente,bd6t55083674h,,failed,0,0,,no_usable_pages,known,,,bd6t55083674h: no usable pages in manifest.,2026-07-17T17:06:56.470347
lacharente,bd6t55083675x,,failed,0,0,,no_usable_pages,known,,,bd6t55083675x: no usable pages in manifest.,2026-07-17T17:06:56.695321
lacharente,bd6t55083676b,,failed,0,0,,no_usable_pages,known,,,bd6t55083676b: no usable pages in manifest.,2026-07-17T17:06:56.897135
lacharente,bd6t55083677r,,failed,0,0,,no_usable_pages,known,,,bd6t55083677r: no usable pages in manifest.,2026-07-17T17:06:57.057984
lacharente,bd6t550836785,,failed,0,0,,no_usable_pages,known,,,bd6t550836785: no usable pages in manifest.,2026-07-17T17:06:57.243822
lacharente,bd6t55083679k,,failed,0,0,,no_usable_pages,known,,,bd6t55083679k: no usable pages in manifest.,2026-07-17T17:06:57.430246
lacharente,bd6t550836807,,failed,0,0,,no_usable_pages,known,,,bd6t550836807: no usable pages in manifest.,2026-07-17T17:06:57.548441
lacharente,bd6t55083681n,,failed,0,0,,no_usable_pages,known,,,bd6t55083681n: no usable pages in manifest.,2026-07-17T17:06:57.740367
lacharente,bd6t550836822,,failed,0,0,,no_usable_pages,known,,,bd6t550836822: no usable pages in manifest.,2026-07-17T17:06:57.937110
lacharente,bd6t55083683g,,failed,0,0,,no_usable_pages,known,,,bd6t55083683g: no usable pages in manifest.,2026-07-17T17:06:58.086536
lacharente,bd6t55083684w,,failed,0,0,,no_usable_pages,known,,,bd6t55083684w: no usable pages in manifest.,2026-07-17T17:06:58.225730
lacharente,bd6t550836859,,failed,0,0,,no_usable_pages,known,,,bd6t550836859: no usable pages in manifest.,2026-07-17T17:06:58.408341
lacharente,bd6t55083686q,,failed,0,0,,no_usable_pages,known,,,bd6t55083686q: no usable pages in manifest.,2026-07-17T17:06:58.560668
lacharente,bd6t550836874,,failed,0,0,,no_usable_pages,known,,,bd6t550836874: no usable pages in manifest.,2026-07-17T17:06:58.786621
lacharente,bd6t55083689z,,failed,0,0,,no_usable_pages,known,,,bd6t55083689z: no usable pages in manifest.,2026-07-17T17:06:58.964735
lacharente,bd6t55083688j,,failed,0,0,,no_usable_pages,known,,,bd6t55083688j: no usable pages in manifest.,2026-07-17T17:06:59.108148
lacharente,bd6t55083690m,,failed,0,0,,no_usable_pages,known,,,bd6t55083690m: no usable pages in manifest.,2026-07-17T17:06:59.225022
lacharente,bd6t550836911,,failed,0,0,,no_usable_pages,known,,,bd6t550836911: no usable pages in manifest.,2026-07-17T17:06:59.367429
lacharente,bd6t55083692f,,failed,0,0,,no_usable_pages,known,,,bd6t55083692f: no usable pages in manifest.,2026-07-17T17:06:59.514186
lacharente,bd6t55083693v,,failed,0,0,,no_usable_pages,known,,,bd6t55083693v: no usable pages in manifest.,2026-07-17T17:06:59.702020
lacharente,bd6t550836948,,failed,0,0,,no_usable_pages,known,,,bd6t550836948: no usable pages in manifest.,2026-07-17T17:06:59.850759
lacharente,bd6t55083695p,,failed,0,0,,no_usable_pages,known,,,bd6t55083695p: no usable pages in manifest.,2026-07-17T17:07:00.013023
lacharente,bd6t550836963,,failed,0,0,,no_usable_pages,known,,,bd6t550836963: no usable pages in manifest.,2026-07-17T17:07:00.255013
lacharente,bd6t55083697h,,failed,0,0,,no_usable_pages,known,,,bd6t55083697h: no usable pages in manifest.,2026-07-17T17:07:00.388099
lacharente,bd6t55083698x,,failed,0,0,,no_usable_pages,known,,,bd6t55083698x: no usable pages in manifest.,2026-07-17T17:07:00.589905
lacharente,bd6t55083699b,,failed,0,0,,no_usable_pages,known,,,bd6t55083699b: no usable pages in manifest.,2026-07-17T17:07:00.758700
lacharente,bd6t55083700j,,failed,0,0,,no_usable_pages,known,,,bd6t55083700j: no usable pages in manifest.,2026-07-17T17:07:01.086579
lacharente,bd6t55083701z,,failed,0,0,,no_usable_pages,known,,,bd6t55083701z: no usable pages in manifest.,2026-07-17T17:07:01.273753
lacharente,bd6t55083702c,,failed,0,0,,no_usable_pages,known,,,bd6t55083702c: no usable pages in manifest.,2026-07-17T17:07:01.426639
lacharente,bd6t55083703s,,failed,0,0,,no_usable_pages,known,,,bd6t55083703s: no usable pages in manifest.,2026-07-17T17:07:01.561564
lacharente,bd6t550837046,,failed,0,0,,no_usable_pages,known,,,bd6t550837046: no usable pages in manifest.,2026-07-17T17:07:01.740199
lacharente,bd6t55083705m,,failed,0,0,,no_usable_pages,known,,,bd6t55083705m: no usable pages in manifest.,2026-07-17T17:07:01.863293
lacharente,bd6t550837061,,failed,0,0,,no_usable_pages,known,,,bd6t550837061: no usable pages in manifest.,2026-07-17T17:07:02.052146
lacharente,bd6t55083707f,,failed,0,0,,no_usable_pages,known,,,bd6t55083707f: no usable pages in manifest.,2026-07-17T17:07:02.198086
lacharente,bd6t55083708v,,failed,0,0,,no_usable_pages,known,,,bd6t55083708v: no usable pages in manifest.,2026-07-17T17:07:02.402393
lacharente,bd6t550837098,,failed,0,0,,no_usable_pages,known,,,bd6t550837098: no usable pages in manifest.,2026-07-17T17:07:02.569049
lacharente,bd6t55083710x,,failed,0,0,,no_usable_pages,known,,,bd6t55083710x: no usable pages in manifest.,2026-07-17T17:07:02.756083
lacharente,bd6t55083711b,,failed,0,0,,no_usable_pages,known,,,bd6t55083711b: no usable pages in manifest.,2026-07-17T17:07:02.877423
lacharente,bd6t55083712r,,failed,0,0,,no_usable_pages,known,,,bd6t55083712r: no usable pages in manifest.,2026-07-17T17:07:03.051288
lacharente,bd6t550837135,,failed,0,0,,no_usable_pages,known,,,bd6t550837135: no usable pages in manifest.,2026-07-17T17:07:03.205732
lacharente,bd6t55083714k,,failed,0,0,,no_usable_pages,known,,,bd6t55083714k: no usable pages in manifest.,2026-07-17T17:07:03.425686
lacharente,bd6t550837150,,failed,0,0,,no_usable_pages,known,,,bd6t550837150: no usable pages in manifest.,2026-07-17T17:07:03.556713
lacharente,bd6t55083716d,,failed,0,0,,no_usable_pages,known,,,bd6t55083716d: no usable pages in manifest.,2026-07-17T17:07:03.729420
lacharente,bd6t55083717t,,failed,0,0,,no_usable_pages,known,,,bd6t55083717t: no usable pages in manifest.,2026-07-17T17:07:03.946770
lacharente,bd6t550837187,,failed,0,0,,no_usable_pages,known,,,bd6t550837187: no usable pages in manifest.,2026-07-17T17:07:04.201304
lacharente,bd6t55083719n,,failed,0,0,,no_usable_pages,known,,,bd6t55083719n: no usable pages in manifest.,2026-07-17T17:07:04.426525
lacharente,bd6t550837209,,failed,0,0,,no_usable_pages,known,,,bd6t550837209: no usable pages in manifest.,2026-07-17T17:07:04.689805
lacharente,bd6t55083721q,,failed,0,0,,no_usable_pages,known,,,bd6t55083721q: no usable pages in manifest.,2026-07-17T17:07:04.860238
lacharente,bd6t550837224,,failed,0,0,,no_usable_pages,known,,,bd6t550837224: no usable pages in manifest.,2026-07-17T17:07:05.101607
lacharente,bd6t55083723j,,failed,0,0,,no_usable_pages,known,,,bd6t55083723j: no usable pages in manifest.,2026-07-17T17:07:05.255599
lacharente,bd6t55083724z,,failed,0,0,,no_usable_pages,known,,,bd6t55083724z: no usable pages in manifest.,2026-07-17T17:07:05.442691
lacharente,bd6t55083725c,,failed,0,0,,no_usable_pages,known,,,bd6t55083725c: no usable pages in manifest.,2026-07-17T17:07:05.936858
lacharente,bd6t55083726s,,failed,0,0,,no_usable_pages,known,,,bd6t55083726s: no usable pages in manifest.,2026-07-17T17:07:06.151821
lacharente,bd6t550837276,,failed,0,0,,no_usable_pages,known,,,bd6t550837276: no usable pages in manifest.,2026-07-17T17:07:06.297524
lacharente,bd6t55083728m,,failed,0,0,,no_usable_pages,known,,,bd6t55083728m: no usable pages in manifest.,2026-07-17T17:07:06.429489
lacharente,bd6t550837291,,failed,0,0,,no_usable_pages,known,,,bd6t550837291: no usable pages in manifest.,2026-07-17T17:07:06.559490
lacharente,bd6t55083730p,,failed,0,0,,no_usable_pages,known,,,bd6t55083730p: no usable pages in manifest.,2026-07-17T17:07:06.711589
lacharente,bd6t550837313,,failed,0,0,,no_usable_pages,known,,,bd6t550837313: no usable pages in manifest.,2026-07-17T17:07:06.856102
lacharente,bd6t55083732h,,failed,0,0,,no_usable_pages,known,,,bd6t55083732h: no usable pages in manifest.,2026-07-17T17:07:07.067132
lacharente,bd6t55083733x,,failed,0,0,,no_usable_pages,known,,,bd6t55083733x: no usable pages in manifest.,2026-07-17T17:07:07.255725
lacharente,bd6t55083734b,,failed,0,0,,no_usable_pages,known,,,bd6t55083734b: no usable pages in manifest.,2026-07-17T17:07:07.426019
lacharente,bd6t55083735r,,failed,0,0,,no_usable_pages,known,,,bd6t55083735r: no usable pages in manifest.,2026-07-17T17:07:07.583165
lacharente,bd6t550837365,,failed,0,0,,no_usable_pages,known,,,bd6t550837365: no usable pages in manifest.,2026-07-17T17:07:07.727643
lacharente,bd6t55083737k,,failed,0,0,,no_usable_pages,known,,,bd6t55083737k: no usable pages in manifest.,2026-07-17T17:07:07.887286
lacharente,bd6t550837380,,failed,0,0,,no_usable_pages,known,,,bd6t550837380: no usable pages in manifest.,2026-07-17T17:07:08.057984
lacharente,bd6t55083739d,,failed,0,0,,no_usable_pages,known,,,bd6t55083739d: no usable pages in manifest.,2026-07-17T17:07:08.221364
lacharente,bd6t55083741g,,failed,0,0,,no_usable_pages,known,,,bd6t55083741g: no usable pages in manifest.,2026-07-17T17:07:08.395231
lacharente,bd6t550837402,,failed,0,0,,no_usable_pages,known,,,bd6t550837402: no usable pages in manifest.,2026-07-17T17:07:08.521329
lacharente,bd6t55083742w,,failed,0,0,,no_usable_pages,known,,,bd6t55083742w: no usable pages in manifest.,2026-07-17T17:07:08.662474
lacharente,bd6t55083769j,,failed,0,0,,no_usable_pages,known,,,bd6t55083769j: no usable pages in manifest.,2026-07-17T17:07:08.818462
lacharente,bd6t550837439,,failed,0,0,,no_usable_pages,known,,,bd6t550837439: no usable pages in manifest.,2026-07-17T17:07:08.987100
lacharente,bd6t55083744q,,failed,0,0,,no_usable_pages,known,,,bd6t55083744q: no usable pages in manifest.,2026-07-17T17:07:09.169468
lacharente,bd6t550837454,,failed,0,0,,no_usable_pages,known,,,bd6t550837454: no usable pages in manifest.,2026-07-17T17:07:09.420811
lacharente,bd6t55083746j,,failed,0,0,,no_usable_pages,known,,,bd6t55083746j: no usable pages in manifest.,2026-07-17T17:07:09.591557
lacharente,bd6t55083747z,,failed,0,0,,no_usable_pages,known,,,bd6t55083747z: no usable pages in manifest.,2026-07-17T17:07:09.727217
lacharente,bd6t55083748c,,failed,0,0,,no_usable_pages,known,,,bd6t55083748c: no usable pages in manifest.,2026-07-17T17:07:09.907077
lacharente,bd6t55083749s,,failed,0,0,,no_usable_pages,known,,,bd6t55083749s: no usable pages in manifest.,2026-07-17T17:07:10.046079
lacharente,bd6t55083750f,,failed,0,0,,no_usable_pages,known,,,bd6t55083750f: no usable pages in manifest.,2026-07-17T17:07:10.294104
lacharente,bd6t55083751v,,failed,0,0,,no_usable_pages,known,,,bd6t55083751v: no usable pages in manifest.,2026-07-17T17:07:10.741185
lacharente,bd6t550837528,,failed,0,0,,no_usable_pages,known,,,bd6t550837528: no usable pages in manifest.,2026-07-17T17:07:10.919123
lacharente,bd6t55083753p,,failed,0,0,,no_usable_pages,known,,,bd6t55083753p: no usable pages in manifest.,2026-07-17T17:07:11.030168
lacharente,bd6t550837543,,failed,0,0,,no_usable_pages,known,,,bd6t550837543: no usable pages in manifest.,2026-07-17T17:07:11.163066
lacharente,bd6t55083756x,,failed,0,0,,no_usable_pages,known,,,bd6t55083756x: no usable pages in manifest.,2026-07-17T17:07:11.375085
lacharente,bd6t55083757b,,failed,0,0,,no_usable_pages,known,,,bd6t55083757b: no usable pages in manifest.,2026-07-17T17:07:11.576002
lacharente,bd6t55083758r,,failed,0,0,,no_usable_pages,known,,,bd6t55083758r: no usable pages in manifest.,2026-07-17T17:07:11.762853
lacharente,bd6t550837595,,failed,0,0,,no_usable_pages,known,,,bd6t550837595: no usable pages in manifest.,2026-07-17T17:07:11.932695
lacharente,bd6t55083760t,,failed,0,0,,no_usable_pages,known,,,bd6t55083760t: no usable pages in manifest.,2026-07-17T17:07:12.094608
lacharente,bd6t550837862,,failed,0,0,,no_usable_pages,known,,,bd6t550837862: no usable pages in manifest.,2026-07-17T17:07:12.209457
lacharente,bd6t550837617,,failed,0,0,,no_usable_pages,known,,,bd6t550837617: no usable pages in manifest.,2026-07-17T17:07:12.422733
lacharente,bd6t55083762n,,failed,0,0,,no_usable_pages,known,,,bd6t55083762n: no usable pages in manifest.,2026-07-17T17:07:12.526300
lacharente,bd6t550837632,,failed,0,0,,no_usable_pages,known,,,bd6t550837632: no usable pages in manifest.,2026-07-17T17:07:12.690326
lacharente,bd6t55083764g,,failed,0,0,,no_usable_pages,known,,,bd6t55083764g: no usable pages in manifest.,2026-07-17T17:07:12.922587
lacharente,bd6t55083765w,,failed,0,0,,no_usable_pages,known,,,bd6t55083765w: no usable pages in manifest.,2026-07-17T17:07:13.066498
lacharente,bd6t550837669,,failed,0,0,,no_usable_pages,known,,,bd6t550837669: no usable pages in manifest.,2026-07-17T17:07:13.219074
lacharente,bd6t55083767q,,failed,0,0,,no_usable_pages,known,,,bd6t55083767q: no usable pages in manifest.,2026-07-17T17:07:13.398493
lacharente,bd6t550837684,,failed,0,0,,no_usable_pages,known,,,bd6t550837684: no usable pages in manifest.,2026-07-17T17:07:13.554374
lacharente,bd6t550837706,,failed,0,0,,no_usable_pages,known,,,bd6t550837706: no usable pages in manifest.,2026-07-17T17:07:13.703949
lacharente,bd6t55083771m,,failed,0,0,,no_usable_pages,known,,,bd6t55083771m: no usable pages in manifest.,2026-07-17T17:07:14.003930
lacharente,bd6t550837721,,failed,0,0,,no_usable_pages,known,,,bd6t550837721: no usable pages in manifest.,2026-07-17T17:07:14.160999
lacharente,bd6t55083773f,,failed,0,0,,no_usable_pages,known,,,bd6t55083773f: no usable pages in manifest.,2026-07-17T17:07:14.347380
lacharente,bd6t55083774v,,failed,0,0,,no_usable_pages,known,,,bd6t55083774v: no usable pages in manifest.,2026-07-17T17:07:14.548719
lacharente,bd6t550837758,,failed,0,0,,no_usable_pages,known,,,bd6t550837758: no usable pages in manifest.,2026-07-17T17:07:14.701935
lacharente,bd6t55083776p,,failed,0,0,,no_usable_pages,known,,,bd6t55083776p: no usable pages in manifest.,2026-07-17T17:07:14.828935
lacharente,bd6t550837773,,failed,0,0,,no_usable_pages,known,,,bd6t550837773: no usable pages in manifest.,2026-07-17T17:07:15.040615
lacharente,bd6t55083778h,,failed,0,0,,no_usable_pages,known,,,bd6t55083778h: no usable pages in manifest.,2026-07-17T17:07:15.355295
lacharente,bd6t55083779x,,failed,0,0,,no_usable_pages,known,,,bd6t55083779x: no usable pages in manifest.,2026-07-17T17:07:15.547337
lacharente,bd6t55083780k,,failed,0,0,,no_usable_pages,known,,,bd6t55083780k: no usable pages in manifest.,2026-07-17T17:07:15.671487
lacharente,bd6t550837810,,failed,0,0,,no_usable_pages,known,,,bd6t550837810: no usable pages in manifest.,2026-07-17T17:07:15.809605
lacharente,bd6t55083782d,,failed,0,0,,no_usable_pages,known,,,bd6t55083782d: no usable pages in manifest.,2026-07-17T17:07:15.940237
lacharente,bd6t55083783t,,failed,0,0,,no_usable_pages,known,,,bd6t55083783t: no usable pages in manifest.,2026-07-17T17:07:16.128991
lacharente,bd6t550837847,,failed,0,0,,no_usable_pages,known,,,bd6t550837847: no usable pages in manifest.,2026-07-17T17:07:16.243695
lacharente,bd6t55083785n,,failed,0,0,,no_usable_pages,known,,,bd6t55083785n: no usable pages in manifest.,2026-07-17T17:07:16.374848
lacharente,bd6t55083787g,,failed,0,0,,no_usable_pages,known,,,bd6t55083787g: no usable pages in manifest.,2026-07-17T17:07:16.501350
lacharente,bd6t55083788w,,failed,0,0,,no_usable_pages,known,,,bd6t55083788w: no usable pages in manifest.,2026-07-17T17:07:16.712357
lacharente,bd6t550837899,,failed,0,0,,no_usable_pages,known,,,bd6t550837899: no usable pages in manifest.,2026-07-17T17:07:16.845742
lacharente,bd6t55083790z,,failed,0,0,,no_usable_pages,known,,,bd6t55083790z: no usable pages in manifest.,2026-07-17T17:07:16.969935
lacharente,bd6t55083791c,,failed,0,0,,no_usable_pages,known,,,bd6t55083791c: no usable pages in manifest.,2026-07-17T17:07:17.160114
lacharente,bd6t55083792s,,failed,0,0,,no_usable_pages,known,,,bd6t55083792s: no usable pages in manifest.,2026-07-17T17:07:17.297301
lacharente,bd6t550837936,,failed,0,0,,no_usable_pages,known,,,bd6t550837936: no usable pages in manifest.,2026-07-17T17:07:17.427339
lacharente,bd6t55083794m,,failed,0,0,,no_usable_pages,known,,,bd6t55083794m: no usable pages in manifest.,2026-07-17T17:07:17.570990
lacharente,bd6t550837951,,failed,0,0,,no_usable_pages,known,,,bd6t550837951: no usable pages in manifest.,2026-07-17T17:07:17.763008
lacharente,bd6t55083796f,,failed,0,0,,no_usable_pages,known,,,bd6t55083796f: no usable pages in manifest.,2026-07-17T17:07:17.892911
lacharente,bd6t550837988,,failed,0,0,,no_usable_pages,known,,,bd6t550837988: no usable pages in manifest.,2026-07-17T17:07:18.036081
lacharente,bd6t55083799p,,failed,0,0,,no_usable_pages,known,,,bd6t55083799p: no usable pages in manifest.,2026-07-17T17:07:18.244677
lacharente,bd6t55083800w,,failed,0,0,,no_usable_pages,known,,,bd6t55083800w: no usable pages in manifest.,2026-07-17T17:07:18.429551
lacharente,bd6t550838019,,failed,0,0,,no_usable_pages,known,,,bd6t550838019: no usable pages in manifest.,2026-07-17T17:07:18.583037
lacharente,bd6t55083802q,,failed,0,0,,no_usable_pages,known,,,bd6t55083802q: no usable pages in manifest.,2026-07-17T17:07:18.709710
lacharente,bd6t550838034,,failed,0,0,,no_usable_pages,known,,,bd6t550838034: no usable pages in manifest.,2026-07-17T17:07:18.914276
lacharente,bd6t55083804j,,failed,0,0,,no_usable_pages,known,,,bd6t55083804j: no usable pages in manifest.,2026-07-17T17:07:19.052495
lacharente,bd6t55083805z,,failed,0,0,,no_usable_pages,known,,,bd6t55083805z: no usable pages in manifest.,2026-07-17T17:07:19.240378
lacharente,bd6t55083806c,,failed,0,0,,no_usable_pages,known,,,bd6t55083806c: no usable pages in manifest.,2026-07-17T17:07:19.457939
lacharente,bd6t55083807s,,failed,0,0,,no_usable_pages,known,,,bd6t55083807s: no usable pages in manifest.,2026-07-17T17:07:19.614709
lacharente,bd6t550838086,,failed,0,0,,no_usable_pages,known,,,bd6t550838086: no usable pages in manifest.,2026-07-17T17:07:19.791221
lacharente,bd6t55083809m,,failed,0,0,,no_usable_pages,known,,,bd6t55083809m: no usable pages in manifest.,2026-07-17T17:07:20.268512
lacharente,bd6t550838108,,failed,0,0,,no_usable_pages,known,,,bd6t550838108: no usable pages in manifest.,2026-07-17T17:07:20.570657
lacharente,bd6t55083811p,,failed,0,0,,no_usable_pages,known,,,bd6t55083811p: no usable pages in manifest.,2026-07-17T17:07:20.743602
lacharente,bd6t550838123,,failed,0,0,,no_usable_pages,known,,,bd6t550838123: no usable pages in manifest.,2026-07-17T17:07:20.936834
lacharente,bd6t55083813h,,failed,0,0,,no_usable_pages,known,,,bd6t55083813h: no usable pages in manifest.,2026-07-17T17:07:21.145422
lacharente,bd6t55083814x,,failed,0,0,,no_usable_pages,known,,,bd6t55083814x: no usable pages in manifest.,2026-07-17T17:07:21.387771
lacharente,bd6t55083815b,,failed,0,0,,no_usable_pages,known,,,bd6t55083815b: no usable pages in manifest.,2026-07-17T17:07:21.638045
lacharente,bd6t55083816r,,failed,0,0,,no_usable_pages,known,,,bd6t55083816r: no usable pages in manifest.,2026-07-17T17:07:21.758442
lacharente,bd6t550838175,,failed,0,0,,no_usable_pages,known,,,bd6t550838175: no usable pages in manifest.,2026-07-17T17:07:21.904121
lacharente,bd6t55083818k,,failed,0,0,,no_usable_pages,known,,,bd6t55083818k: no usable pages in manifest.,2026-07-17T17:07:22.013072
lacharente,bd6t550838190,,failed,0,0,,no_usable_pages,known,,,bd6t550838190: no usable pages in manifest.,2026-07-17T17:07:22.193532
lacharente,bd6t55083797v,,failed,0,0,,no_usable_pages,known,,,bd6t55083797v: no usable pages in manifest.,2026-07-17T17:07:22.343751
lacharente,bd6t550838212,,failed,0,0,,no_usable_pages,known,,,bd6t550838212: no usable pages in manifest.,2026-07-17T17:07:22.501658
lacharente,bd6t55083822g,,failed,0,0,,no_usable_pages,known,,,bd6t55083822g: no usable pages in manifest.,2026-07-17T17:07:22.700245
lacharente,bd6t55083823w,,failed,0,0,,no_usable_pages,known,,,bd6t55083823w: no usable pages in manifest.,2026-07-17T17:07:22.844991
lacharente,bd6t550838249,,failed,0,0,,no_usable_pages,known,,,bd6t550838249: no usable pages in manifest.,2026-07-17T17:07:23.008326
lacharente,bd6t55083825q,,failed,0,0,,no_usable_pages,known,,,bd6t55083825q: no usable pages in manifest.,2026-07-17T17:07:23.185757
lacharente,bd6t550838264,,failed,0,0,,no_usable_pages,known,,,bd6t550838264: no usable pages in manifest.,2026-07-17T17:07:23.364212
lacharente,bd6t55083827j,,failed,0,0,,no_usable_pages,known,,,bd6t55083827j: no usable pages in manifest.,2026-07-17T17:07:23.521822
lacharente,bd6t55083828z,,failed,0,0,,no_usable_pages,known,,,bd6t55083828z: no usable pages in manifest.,2026-07-17T17:07:23.738120
lacharente,bd6t55083829c,,failed,0,0,,no_usable_pages,known,,,bd6t55083829c: no usable pages in manifest.,2026-07-17T17:07:23.860402
lacharente,bd6t550838301,,failed,0,0,,no_usable_pages,known,,,bd6t550838301: no usable pages in manifest.,2026-07-17T17:07:23.987399
lacharente,bd6t55083831f,,failed,0,0,,no_usable_pages,known,,,bd6t55083831f: no usable pages in manifest.,2026-07-17T17:07:24.127336
lacharente,bd6t55083832v,,failed,0,0,,no_usable_pages,known,,,bd6t55083832v: no usable pages in manifest.,2026-07-17T17:07:24.267758
lacharente,bd6t550838338,,failed,0,0,,no_usable_pages,known,,,bd6t550838338: no usable pages in manifest.,2026-07-17T17:07:24.372366
lacharente,bd6t55083834p,,failed,0,0,,no_usable_pages,known,,,bd6t55083834p: no usable pages in manifest.,2026-07-17T17:07:24.595178
lacharente,bd6t550838353,,failed,0,0,,no_usable_pages,known,,,bd6t550838353: no usable pages in manifest.,2026-07-17T17:07:24.889171
lacharente,bd6t55083836h,,failed,0,0,,no_usable_pages,known,,,bd6t55083836h: no usable pages in manifest.,2026-07-17T17:07:25.003653
lacharente,bd6t55083837x,,failed,0,0,,no_usable_pages,known,,,bd6t55083837x: no usable pages in manifest.,2026-07-17T17:07:25.231045
lacharente,bd6t55083838b,,failed,0,0,,no_usable_pages,known,,,bd6t55083838b: no usable pages in manifest.,2026-07-17T17:07:25.765084
lacharente,bd6t55083839r,,failed,0,0,,no_usable_pages,known,,,bd6t55083839r: no usable pages in manifest.,2026-07-17T17:07:26.013602
lacharente,bd6t55083840d,,failed,0,0,,no_usable_pages,known,,,bd6t55083840d: no usable pages in manifest.,2026-07-17T17:07:26.220021
lacharente,bd6t55083841t,,failed,0,0,,no_usable_pages,known,,,bd6t55083841t: no usable pages in manifest.,2026-07-17T17:07:26.412131
lacharente,bd6t550838427,,failed,0,0,,no_usable_pages,known,,,bd6t550838427: no usable pages in manifest.,2026-07-17T17:07:26.657920
lacharente,bd6t55083843n,,failed,0,0,,no_usable_pages,known,,,bd6t55083843n: no usable pages in manifest.,2026-07-17T17:07:26.832328
lacharente,bd6t550838442,,failed,0,0,,no_usable_pages,known,,,bd6t550838442: no usable pages in manifest.,2026-07-17T17:07:27.036123
lacharente,bd6t55083845g,,failed,0,0,,no_usable_pages,known,,,bd6t55083845g: no usable pages in manifest.,2026-07-17T17:07:27.222657
lacharente,bd6t55083846w,,failed,0,0,,no_usable_pages,known,,,bd6t55083846w: no usable pages in manifest.,2026-07-17T17:07:27.357405
lacharente,bd6t550838479,,failed,0,0,,no_usable_pages,known,,,bd6t550838479: no usable pages in manifest.,2026-07-17T17:07:27.537486
lacharente,bd6t55083848q,,failed,0,0,,no_usable_pages,known,,,bd6t55083848q: no usable pages in manifest.,2026-07-17T17:07:27.725204
lacharente,bd6t550838494,,failed,0,0,,no_usable_pages,known,,,bd6t550838494: no usable pages in manifest.,2026-07-17T17:07:27.895849
lacharente,bd6t55083850s,,failed,0,0,,no_usable_pages,known,,,bd6t55083850s: no usable pages in manifest.,2026-07-17T17:07:28.188753
lacharente,bd6t550838516,,failed,0,0,,no_usable_pages,known,,,bd6t550838516: no usable pages in manifest.,2026-07-17T17:07:28.319252
lacharente,bd6t55083852m,,failed,0,0,,no_usable_pages,known,,,bd6t55083852m: no usable pages in manifest.,2026-07-17T17:07:28.529063
lacharente,bd6t550838531,,failed,0,0,,no_usable_pages,known,,,bd6t550838531: no usable pages in manifest.,2026-07-17T17:07:28.668620
lacharente,bd6t55083854f,,failed,0,0,,no_usable_pages,known,,,bd6t55083854f: no usable pages in manifest.,2026-07-17T17:07:28.863061
lacharente,bd6t55083855v,,failed,0,0,,no_usable_pages,known,,,bd6t55083855v: no usable pages in manifest.,2026-07-17T17:07:29.035659
lacharente,bd6t550838568,,failed,0,0,,no_usable_pages,known,,,bd6t550838568: no usable pages in manifest.,2026-07-17T17:07:29.234240
lacharente,bd6t55083857p,,failed,0,0,,no_usable_pages,known,,,bd6t55083857p: no usable pages in manifest.,2026-07-17T17:07:29.376682
lacharente,bd6t550838583,,failed,0,0,,no_usable_pages,known,,,bd6t550838583: no usable pages in manifest.,2026-07-17T17:07:29.591838
lacharente,bd6t55083859h,,failed,0,0,,no_usable_pages,known,,,bd6t55083859h: no usable pages in manifest.,2026-07-17T17:07:29.773719
lacharente,bd6t550838605,,failed,0,0,,no_usable_pages,known,,,bd6t550838605: no usable pages in manifest.,2026-07-17T17:07:29.977880
lacharente,bd6t55083861k,,failed,0,0,,no_usable_pages,known,,,bd6t55083861k: no usable pages in manifest.,2026-07-17T17:07:30.186684
lacharente,bd6t550838620,,failed,0,0,,no_usable_pages,known,,,bd6t550838620: no usable pages in manifest.,2026-07-17T17:07:30.599898
lacharente,bd6t55083863d,,failed,0,0,,no_usable_pages,known,,,bd6t55083863d: no usable pages in manifest.,2026-07-17T17:07:30.754818
lacharente,bd6t55083864t,,failed,0,0,,no_usable_pages,known,,,bd6t55083864t: no usable pages in manifest.,2026-07-17T17:07:30.924660
lacharente,bd6t550838657,,failed,0,0,,no_usable_pages,known,,,bd6t550838657: no usable pages in manifest.,2026-07-17T17:07:31.056066
lacharente,bd6t55083866n,,failed,0,0,,no_usable_pages,known,,,bd6t55083866n: no usable pages in manifest.,2026-07-17T17:07:31.224004
lacharente,bd6t550838672,,failed,0,0,,no_usable_pages,known,,,bd6t550838672: no usable pages in manifest.,2026-07-17T17:07:31.409631
lacharente,bd6t55083868g,,failed,0,0,,no_usable_pages,known,,,bd6t55083868g: no usable pages in manifest.,2026-07-17T17:07:31.622412
lacharente,bd6t55083869w,,failed,0,0,,no_usable_pages,known,,,bd6t55083869w: no usable pages in manifest.,2026-07-17T17:07:31.800078
lacharente,bd6t55083870j,,failed,0,0,,no_usable_pages,known,,,bd6t55083870j: no usable pages in manifest.,2026-07-17T17:07:31.964152
lacharente,bd6t55083871z,,failed,0,0,,no_usable_pages,known,,,bd6t55083871z: no usable pages in manifest.,2026-07-17T17:07:32.166980
lacharente,bd6t55083872c,,failed,0,0,,no_usable_pages,known,,,bd6t55083872c: no usable pages in manifest.,2026-07-17T17:07:32.309912
lacharente,bd6t55083873s,,failed,0,0,,no_usable_pages,known,,,bd6t55083873s: no usable pages in manifest.,2026-07-17T17:07:32.456843
lacharente,bd6t550838746,,failed,0,0,,no_usable_pages,known,,,bd6t550838746: no usable pages in manifest.,2026-07-17T17:07:32.697106
lacharente,bd6t55083875m,,failed,0,0,,no_usable_pages,known,,,bd6t55083875m: no usable pages in manifest.,2026-07-17T17:07:32.867030
lacharente,bd6t550838761,,failed,0,0,,no_usable_pages,known,,,bd6t550838761: no usable pages in manifest.,2026-07-17T17:07:33.046975
lacharente,bd6t55083877f,,failed,0,0,,no_usable_pages,known,,,bd6t55083877f: no usable pages in manifest.,2026-07-17T17:07:33.181556
lacharente,bd6t55083878v,,failed,0,0,,no_usable_pages,known,,,bd6t55083878v: no usable pages in manifest.,2026-07-17T17:07:33.358882
lacharente,bd6t550838798,,failed,0,0,,no_usable_pages,known,,,bd6t550838798: no usable pages in manifest.,2026-07-17T17:07:33.566615
lacharente,bd6t55083880x,,failed,0,0,,no_usable_pages,known,,,bd6t55083880x: no usable pages in manifest.,2026-07-17T17:07:33.799438
lacharente,bd6t55083881b,,failed,0,0,,no_usable_pages,known,,,bd6t55083881b: no usable pages in manifest.,2026-07-17T17:07:33.964588
lacharente,bd6t55083882r,,failed,0,0,,no_usable_pages,known,,,bd6t55083882r: no usable pages in manifest.,2026-07-17T17:07:34.156709
lacharente,bd6t550838835,,failed,0,0,,no_usable_pages,known,,,bd6t550838835: no usable pages in manifest.,2026-07-17T17:07:34.326999
lacharente,bd6t55083884k,,failed,0,0,,no_usable_pages,known,,,bd6t55083884k: no usable pages in manifest.,2026-07-17T17:07:34.581440
lacharente,bd6t550838850,,failed,0,0,,no_usable_pages,known,,,bd6t550838850: no usable pages in manifest.,2026-07-17T17:07:34.769657
lacharente,bd6t55083886d,,failed,0,0,,no_usable_pages,known,,,bd6t55083886d: no usable pages in manifest.,2026-07-17T17:07:34.990621
lacharente,bd6t55083887t,,failed,0,0,,no_usable_pages,known,,,bd6t55083887t: no usable pages in manifest.,2026-07-17T17:07:35.262892
lacharente,bd6t550838887,,failed,0,0,,no_usable_pages,known,,,bd6t550838887: no usable pages in manifest.,2026-07-17T17:07:35.424524
lacharente,bd6t55083889n,,failed,0,0,,no_usable_pages,known,,,bd6t55083889n: no usable pages in manifest.,2026-07-17T17:07:35.652277
lacharente,bd6t550838909,,failed,0,0,,no_usable_pages,known,,,bd6t550838909: no usable pages in manifest.,2026-07-17T17:07:35.808008
lacharente,bd6t55083891q,,failed,0,0,,no_usable_pages,known,,,bd6t55083891q: no usable pages in manifest.,2026-07-17T17:07:36.008294
lacharente,bd6t550838924,,failed,0,0,,no_usable_pages,known,,,bd6t550838924: no usable pages in manifest.,2026-07-17T17:07:36.156663
lacharente,bd6t55083893j,,failed,0,0,,no_usable_pages,known,,,bd6t55083893j: no usable pages in manifest.,2026-07-17T17:07:36.320458
lacharente,bd6t55083894z,,failed,0,0,,no_usable_pages,known,,,bd6t55083894z: no usable pages in manifest.,2026-07-17T17:07:36.467566
lacharente,bd6t55083895c,,failed,0,0,,no_usable_pages,known,,,bd6t55083895c: no usable pages in manifest.,2026-07-17T17:07:36.621208
lacharente,bd6t55083896s,,failed,0,0,,no_usable_pages,known,,,bd6t55083896s: no usable pages in manifest.,2026-07-17T17:07:36.851484
lacharente,bd6t550838976,,failed,0,0,,no_usable_pages,known,,,bd6t550838976: no usable pages in manifest.,2026-07-17T17:07:37.033946
lacharente,bd6t55083898m,,failed,0,0,,no_usable_pages,known,,,bd6t55083898m: no usable pages in manifest.,2026-07-17T17:07:37.178362
lacharente,bd6t550838991,,failed,0,0,,no_usable_pages,known,,,bd6t550838991: no usable pages in manifest.,2026-07-17T17:07:37.301370
lacharente,bd6t550839007,,failed,0,0,,no_usable_pages,known,,,bd6t550839007: no usable pages in manifest.,2026-07-17T17:07:37.495917
lacharente,bd6t55083901n,,failed,0,0,,no_usable_pages,known,,,bd6t55083901n: no usable pages in manifest.,2026-07-17T17:07:37.670840
lacharente,bd6t550839022,,failed,0,0,,no_usable_pages,known,,,bd6t550839022: no usable pages in manifest.,2026-07-17T17:07:37.861984
lacharente,bd6t55083903g,,failed,0,0,,no_usable_pages,known,,,bd6t55083903g: no usable pages in manifest.,2026-07-17T17:07:38.101726
lacharente,bd6t55083904w,,failed,0,0,,no_usable_pages,known,,,bd6t55083904w: no usable pages in manifest.,2026-07-17T17:07:38.356969
lacharente,bd6t550839059,,failed,0,0,,no_usable_pages,known,,,bd6t550839059: no usable pages in manifest.,2026-07-17T17:07:38.574033
lacharente,bd6t55083906q,,failed,0,0,,no_usable_pages,known,,,bd6t55083906q: no usable pages in manifest.,2026-07-17T17:07:38.735535
lacharente,bd6t550839074,,failed,0,0,,no_usable_pages,known,,,bd6t550839074: no usable pages in manifest.,2026-07-17T17:07:38.981719
lacharente,bd6t55083908j,,failed,0,0,,no_usable_pages,known,,,bd6t55083908j: no usable pages in manifest.,2026-07-17T17:07:39.216053
lacharente,bd6t55083909z,,failed,0,0,,no_usable_pages,known,,,bd6t55083909z: no usable pages in manifest.,2026-07-17T17:07:39.447610
lacharente,bd6t55083910m,,failed,0,0,,no_usable_pages,known,,,bd6t55083910m: no usable pages in manifest.,2026-07-17T17:07:39.715677
lacharente,bd6t550839111,,failed,0,0,,no_usable_pages,known,,,bd6t550839111: no usable pages in manifest.,2026-07-17T17:07:39.881691
lacharente,bd6t55083912f,,failed,0,0,,no_usable_pages,known,,,bd6t55083912f: no usable pages in manifest.,2026-07-17T17:07:40.280284
lacharente,bd6t55083913v,,failed,0,0,,no_usable_pages,known,,,bd6t55083913v: no usable pages in manifest.,2026-07-17T17:07:40.473229
lacharente,bd6t550839148,,failed,0,0,,no_usable_pages,known,,,bd6t550839148: no usable pages in manifest.,2026-07-17T17:07:40.672458
lacharente,bd6t55083915p,,failed,0,0,,no_usable_pages,known,,,bd6t55083915p: no usable pages in manifest.,2026-07-17T17:07:40.841346
lacharente,bd6t550839163,,failed,0,0,,no_usable_pages,known,,,bd6t550839163: no usable pages in manifest.,2026-07-17T17:07:40.980950
lacharente,bd6t55083918x,,failed,0,0,,no_usable_pages,known,,,bd6t55083918x: no usable pages in manifest.,2026-07-17T17:07:41.140271
lacharente,bd6t55083919b,,failed,0,0,,no_usable_pages,known,,,bd6t55083919b: no usable pages in manifest.,2026-07-17T17:07:41.303440
lacharente,bd6t550839200,,failed,0,0,,no_usable_pages,known,,,bd6t550839200: no usable pages in manifest.,2026-07-17T17:07:41.466433
lacharente,bd6t55083921d,,failed,0,0,,no_usable_pages,known,,,bd6t55083921d: no usable pages in manifest.,2026-07-17T17:07:41.645124
lacharente,bd6t55083922t,,failed,0,0,,no_usable_pages,known,,,bd6t55083922t: no usable pages in manifest.,2026-07-17T17:07:41.828298
lacharente,bd6t550839237,,failed,0,0,,no_usable_pages,known,,,bd6t550839237: no usable pages in manifest.,2026-07-17T17:07:41.994241
lacharente,bd6t55083924n,,failed,0,0,,no_usable_pages,known,,,bd6t55083924n: no usable pages in manifest.,2026-07-17T17:07:42.141691
lacharente,bd6t550839252,,failed,0,0,,no_usable_pages,known,,,bd6t550839252: no usable pages in manifest.,2026-07-17T17:07:42.287594
lacharente,bd6t55083926g,,failed,0,0,,no_usable_pages,known,,,bd6t55083926g: no usable pages in manifest.,2026-07-17T17:07:42.429503
lacharente,bd6t55083927w,,failed,0,0,,no_usable_pages,known,,,bd6t55083927w: no usable pages in manifest.,2026-07-17T17:07:42.667321
lacharente,bd6t550839289,,failed,0,0,,no_usable_pages,known,,,bd6t550839289: no usable pages in manifest.,2026-07-17T17:07:42.895883
lacharente,bd6t55083929q,,failed,0,0,,no_usable_pages,known,,,bd6t55083929q: no usable pages in manifest.,2026-07-17T17:07:43.027204
lacharente,bd6t55083930c,,failed,0,0,,no_usable_pages,known,,,bd6t55083930c: no usable pages in manifest.,2026-07-17T17:07:43.218289
lacharente,bd6t55083931s,,failed,0,0,,no_usable_pages,known,,,bd6t55083931s: no usable pages in manifest.,2026-07-17T17:07:43.374423
lacharente,bd6t550839326,,failed,0,0,,no_usable_pages,known,,,bd6t550839326: no usable pages in manifest.,2026-07-17T17:07:43.542205
lacharente,bd6t55083933m,,failed,0,0,,no_usable_pages,known,,,bd6t55083933m: no usable pages in manifest.,2026-07-17T17:07:43.789634
lacharente,bd6t550839341,,failed,0,0,,no_usable_pages,known,,,bd6t550839341: no usable pages in manifest.,2026-07-17T17:07:43.972066
lacharente,bd6t55083935f,,failed,0,0,,no_usable_pages,known,,,bd6t55083935f: no usable pages in manifest.,2026-07-17T17:07:44.117317
lacharente,bd6t55083936v,,failed,0,0,,no_usable_pages,known,,,bd6t55083936v: no usable pages in manifest.,2026-07-17T17:07:44.391042
lacharente,bd6t550839378,,failed,0,0,,no_usable_pages,known,,,bd6t550839378: no usable pages in manifest.,2026-07-17T17:07:44.600190
lacharente,bd6t55083938p,,failed,0,0,,no_usable_pages,known,,,bd6t55083938p: no usable pages in manifest.,2026-07-17T17:07:44.771621
lacharente,bd6t550839393,,failed,0,0,,no_usable_pages,known,,,bd6t550839393: no usable pages in manifest.,2026-07-17T17:07:44.902752
lacharente,bd6t55083940r,,failed,0,0,,no_usable_pages,known,,,bd6t55083940r: no usable pages in manifest.,2026-07-17T17:07:45.182586
lacharente,bd6t550839415,,failed,0,0,,no_usable_pages,known,,,bd6t550839415: no usable pages in manifest.,2026-07-17T17:07:45.592246
lacharente,bd6t55083942k,,failed,0,0,,no_usable_pages,known,,,bd6t55083942k: no usable pages in manifest.,2026-07-17T17:07:45.711282
lacharente,bd6t550839430,,failed,0,0,,no_usable_pages,known,,,bd6t550839430: no usable pages in manifest.,2026-07-17T17:07:45.889014
lacharente,bd6t55083944d,,failed,0,0,,no_usable_pages,known,,,bd6t55083944d: no usable pages in manifest.,2026-07-17T17:07:46.117731
lacharente,bd6t55083945t,,failed,0,0,,no_usable_pages,known,,,bd6t55083945t: no usable pages in manifest.,2026-07-17T17:07:46.301357
lacharente,bd6t550839467,,failed,0,0,,no_usable_pages,known,,,bd6t550839467: no usable pages in manifest.,2026-07-17T17:07:46.442433
lacharente,bd6t55083947n,,failed,0,0,,no_usable_pages,known,,,bd6t55083947n: no usable pages in manifest.,2026-07-17T17:07:46.644642
lacharente,bd6t550839482,,failed,0,0,,no_usable_pages,known,,,bd6t550839482: no usable pages in manifest.,2026-07-17T17:07:46.793300
lacharente,bd6t55083949g,,failed,0,0,,no_usable_pages,known,,,bd6t55083949g: no usable pages in manifest.,2026-07-17T17:07:46.991932
lacharente,bd6t550839504,,failed,0,0,,no_usable_pages,known,,,bd6t550839504: no usable pages in manifest.,2026-07-17T17:07:47.187206
lacharente,bd6t55083951j,,failed,0,0,,no_usable_pages,known,,,bd6t55083951j: no usable pages in manifest.,2026-07-17T17:07:47.374825
lacharente,bd6t55083952z,,failed,0,0,,no_usable_pages,known,,,bd6t55083952z: no usable pages in manifest.,2026-07-17T17:07:47.542764
lacharente,bd6t55083953c,,failed,0,0,,no_usable_pages,known,,,bd6t55083953c: no usable pages in manifest.,2026-07-17T17:07:47.709865
lacharente,bd6t55083954s,,failed,0,0,,no_usable_pages,known,,,bd6t55083954s: no usable pages in manifest.,2026-07-17T17:07:47.949576
lacharente,bd6t550839556,,failed,0,0,,no_usable_pages,known,,,bd6t550839556: no usable pages in manifest.,2026-07-17T17:07:48.446837
lacharente,bd6t55083956m,,failed,0,0,,no_usable_pages,known,,,bd6t55083956m: no usable pages in manifest.,2026-07-17T17:07:48.664438
lacharente,bd6t550839571,,failed,0,0,,no_usable_pages,known,,,bd6t550839571: no usable pages in manifest.,2026-07-17T17:07:48.932875
lacharente,bd6t55083958f,,failed,0,0,,no_usable_pages,known,,,bd6t55083958f: no usable pages in manifest.,2026-07-17T17:07:49.227092
lacharente,bd6t55083959v,,failed,0,0,,no_usable_pages,known,,,bd6t55083959v: no usable pages in manifest.,2026-07-17T17:07:49.466431
lacharente,bd6t55083960h,,failed,0,0,,no_usable_pages,known,,,bd6t55083960h: no usable pages in manifest.,2026-07-17T17:07:49.656333
lacharente,bd6t55083961x,,failed,0,0,,no_usable_pages,known,,,bd6t55083961x: no usable pages in manifest.,2026-07-17T17:07:49.805314
lacharente,bd6t55083962b,,failed,0,0,,no_usable_pages,known,,,bd6t55083962b: no usable pages in manifest.,2026-07-17T17:07:50.051735
lacharente,bd6t55083963r,,failed,0,0,,no_usable_pages,known,,,bd6t55083963r: no usable pages in manifest.,2026-07-17T17:07:50.376120
lacharente,bd6t550839645,,failed,0,0,,no_usable_pages,known,,,bd6t550839645: no usable pages in manifest.,2026-07-17T17:07:50.672206
lacharente,bd6t55083965k,,failed,0,0,,no_usable_pages,known,,,bd6t55083965k: no usable pages in manifest.,2026-07-17T17:07:50.876750
lacharente,bd6t550839660,,failed,0,0,,no_usable_pages,known,,,bd6t550839660: no usable pages in manifest.,2026-07-17T17:07:51.086175
lacharente,bd6t55083967d,,failed,0,0,,no_usable_pages,known,,,bd6t55083967d: no usable pages in manifest.,2026-07-17T17:07:51.239357
lacharente,bd6t55083968t,,failed,0,0,,no_usable_pages,known,,,bd6t55083968t: no usable pages in manifest.,2026-07-17T17:07:51.394220
lacharente,bd6t550839697,,failed,0,0,,no_usable_pages,known,,,bd6t550839697: no usable pages in manifest.,2026-07-17T17:07:51.658515
lacharente,bd6t55083970w,,failed,0,0,,no_usable_pages,known,,,bd6t55083970w: no usable pages in manifest.,2026-07-17T17:07:51.824441
lacharente,bd6t550839719,,failed,0,0,,no_usable_pages,known,,,bd6t550839719: no usable pages in manifest.,2026-07-17T17:07:52.037649
lacharente,bd6t55083972q,,failed,0,0,,no_usable_pages,known,,,bd6t55083972q: no usable pages in manifest.,2026-07-17T17:07:52.257453
lacharente,bd6t550839734,,failed,0,0,,no_usable_pages,known,,,bd6t550839734: no usable pages in manifest.,2026-07-17T17:07:52.395709
lacharente,bd6t55083974j,,failed,0,0,,no_usable_pages,known,,,bd6t55083974j: no usable pages in manifest.,2026-07-17T17:07:52.561139
lacharente,bd6t55083975z,,failed,0,0,,no_usable_pages,known,,,bd6t55083975z: no usable pages in manifest.,2026-07-17T17:07:52.750683
lacharente,bd6t55083976c,,failed,0,0,,no_usable_pages,known,,,bd6t55083976c: no usable pages in manifest.,2026-07-17T17:07:52.927540
lacharente,bd6t55083977s,,failed,0,0,,no_usable_pages,known,,,bd6t55083977s: no usable pages in manifest.,2026-07-17T17:07:53.144152
lacharente,bd6t550839786,,failed,0,0,,no_usable_pages,known,,,bd6t550839786: no usable pages in manifest.,2026-07-17T17:07:53.426193
lacharente,bd6t55083979m,,failed,0,0,,no_usable_pages,known,,,bd6t55083979m: no usable pages in manifest.,2026-07-17T17:07:53.634359
lacharente,bd6t550839808,,failed,0,0,,no_usable_pages,known,,,bd6t550839808: no usable pages in manifest.,2026-07-17T17:07:53.883392
lacharente,bd6t55083981p,,failed,0,0,,no_usable_pages,known,,,bd6t55083981p: no usable pages in manifest.,2026-07-17T17:07:54.082627
lacharente,bd6t550839823,,failed,0,0,,no_usable_pages,known,,,bd6t550839823: no usable pages in manifest.,2026-07-17T17:07:54.291294
lacharente,bd6t55083983h,,failed,0,0,,no_usable_pages,known,,,bd6t55083983h: no usable pages in manifest.,2026-07-17T17:07:54.546820
lacharente,bd6t55083984x,,failed,0,0,,no_usable_pages,known,,,bd6t55083984x: no usable pages in manifest.,2026-07-17T17:07:54.772839
lacharente,bd6t55083985b,,failed,0,0,,no_usable_pages,known,,,bd6t55083985b: no usable pages in manifest.,2026-07-17T17:07:55.003448
lacharente,bd6t55083986r,,failed,0,0,,no_usable_pages,known,,,bd6t55083986r: no usable pages in manifest.,2026-07-17T17:07:55.180715
lacharente,bd6t550839875,,failed,0,0,,no_usable_pages,known,,,bd6t550839875: no usable pages in manifest.,2026-07-17T17:07:55.346200
lacharente,bd6t55083988k,,failed,0,0,,no_usable_pages,known,,,bd6t55083988k: no usable pages in manifest.,2026-07-17T17:07:55.601950
lacharente,bd6t550839890,,failed,0,0,,no_usable_pages,known,,,bd6t550839890: no usable pages in manifest.,2026-07-17T17:07:56.067172
lacharente,bd6t55083990n,,failed,0,0,,no_usable_pages,known,,,bd6t55083990n: no usable pages in manifest.,2026-07-17T17:07:56.320095
lacharente,bd6t550839912,,failed,0,0,,no_usable_pages,known,,,bd6t550839912: no usable pages in manifest.,2026-07-17T17:07:56.534819
lacharente,bd6t55083992g,,failed,0,0,,no_usable_pages,known,,,bd6t55083992g: no usable pages in manifest.,2026-07-17T17:07:56.725664
lacharente,bd6t55083993w,,failed,0,0,,no_usable_pages,known,,,bd6t55083993w: no usable pages in manifest.,2026-07-17T17:07:56.900889
lacharente,bd6t550839949,,failed,0,0,,no_usable_pages,known,,,bd6t550839949: no usable pages in manifest.,2026-07-17T17:07:57.052707
lacharente,bd6t55083995q,,failed,0,0,,no_usable_pages,known,,,bd6t55083995q: no usable pages in manifest.,2026-07-17T17:07:57.206638
lacharente,bd6t550839964,,failed,0,0,,no_usable_pages,known,,,bd6t550839964: no usable pages in manifest.,2026-07-17T17:07:57.448483
lacharente,bd6t55083997j,,failed,0,0,,no_usable_pages,known,,,bd6t55083997j: no usable pages in manifest.,2026-07-17T17:07:57.664151
lacharente,bd6t55083998z,,failed,0,0,,no_usable_pages,known,,,bd6t55083998z: no usable pages in manifest.,2026-07-17T17:07:57.836830
lacharente,bd6t55083999c,,failed,0,0,,no_usable_pages,known,,,bd6t55083999c: no usable pages in manifest.,2026-07-17T17:07:57.985993
lacharente,bd6t55084000f,,failed,0,0,,no_usable_pages,known,,,bd6t55084000f: no usable pages in manifest.,2026-07-17T17:07:58.142067
lacharente,bd6t55084001v,,failed,0,0,,no_usable_pages,known,,,bd6t55084001v: no usable pages in manifest.,2026-07-17T17:07:58.274663
lacharente,bd6t550840028,,failed,0,0,,no_usable_pages,known,,,bd6t550840028: no usable pages in manifest.,2026-07-17T17:07:58.459278
lacharente,bd6t55084003p,,failed,0,0,,no_usable_pages,known,,,bd6t55084003p: no usable pages in manifest.,2026-07-17T17:07:58.650093
lacharente,bd6t550840043,,failed,0,0,,no_usable_pages,known,,,bd6t550840043: no usable pages in manifest.,2026-07-17T17:07:58.803904
lacharente,bd6t55084005h,,failed,0,0,,no_usable_pages,known,,,bd6t55084005h: no usable pages in manifest.,2026-07-17T17:07:58.945385
lacharente,bd6t55084006x,,failed,0,0,,no_usable_pages,known,,,bd6t55084006x: no usable pages in manifest.,2026-07-17T17:07:59.115662
lacharente,bd6t55084007b,,failed,0,0,,no_usable_pages,known,,,bd6t55084007b: no usable pages in manifest.,2026-07-17T17:07:59.281017
lacharente,bd6t55084008r,,failed,0,0,,no_usable_pages,known,,,bd6t55084008r: no usable pages in manifest.,2026-07-17T17:07:59.491521
lacharente,bd6t550840095,,failed,0,0,,no_usable_pages,known,,,bd6t550840095: no usable pages in manifest.,2026-07-17T17:07:59.671745
lacharente,bd6t55084010t,,failed,0,0,,no_usable_pages,known,,,bd6t55084010t: no usable pages in manifest.,2026-07-17T17:07:59.885596
lacharente,bd6t550840117,,failed,0,0,,no_usable_pages,known,,,bd6t550840117: no usable pages in manifest.,2026-07-17T17:08:00.063874
lacharente,bd6t55083755h,,failed,0,0,,no_usable_pages,known,,,bd6t55083755h: no usable pages in manifest.,2026-07-17T17:08:00.293505
lacharente,bd6t55084012n,,failed,0,0,,no_usable_pages,known,,,bd6t55084012n: no usable pages in manifest.,2026-07-17T17:08:00.475514
lacharente,bd6t550840132,,failed,0,0,,no_usable_pages,known,,,bd6t550840132: no usable pages in manifest.,2026-07-17T17:08:00.980431
lacharente,bd6t55084014g,,failed,0,0,,no_usable_pages,known,,,bd6t55084014g: no usable pages in manifest.,2026-07-17T17:08:01.114370
lacharente,bd6t55084015w,,failed,0,0,,no_usable_pages,known,,,bd6t55084015w: no usable pages in manifest.,2026-07-17T17:08:01.300129
lacharente,bd6t550840169,,failed,0,0,,no_usable_pages,known,,,bd6t550840169: no usable pages in manifest.,2026-07-17T17:08:01.479340
lacharente,bd6t55084017q,,failed,0,0,,no_usable_pages,known,,,bd6t55084017q: no usable pages in manifest.,2026-07-17T17:08:01.650653
lacharente,bd6t550840184,,failed,0,0,,no_usable_pages,known,,,bd6t550840184: no usable pages in manifest.,2026-07-17T17:08:01.849153
lacharente,bd6t55084019j,,failed,0,0,,no_usable_pages,known,,,bd6t55084019j: no usable pages in manifest.,2026-07-17T17:08:02.059588
lacharente,bd6t550840206,,failed,0,0,,no_usable_pages,known,,,bd6t550840206: no usable pages in manifest.,2026-07-17T17:08:02.200064
lacharente,bd6t55084021m,,failed,0,0,,no_usable_pages,known,,,bd6t55084021m: no usable pages in manifest.,2026-07-17T17:08:02.360551
lacharente,bd6t550840221,,failed,0,0,,no_usable_pages,known,,,bd6t550840221: no usable pages in manifest.,2026-07-17T17:08:02.499342
lacharente,bd6t55084023f,,failed,0,0,,no_usable_pages,known,,,bd6t55084023f: no usable pages in manifest.,2026-07-17T17:08:02.653417
lacharente,bd6t55084024v,,failed,0,0,,no_usable_pages,known,,,bd6t55084024v: no usable pages in manifest.,2026-07-17T17:08:02.920262
lacharente,bd6t550840258,,failed,0,0,,no_usable_pages,known,,,bd6t550840258: no usable pages in manifest.,2026-07-17T17:08:03.145297
lacharente,bd6t55084026p,,failed,0,0,,no_usable_pages,known,,,bd6t55084026p: no usable pages in manifest.,2026-07-17T17:08:03.279895
lacharente,bd6t550840273,,failed,0,0,,no_usable_pages,known,,,bd6t550840273: no usable pages in manifest.,2026-07-17T17:08:03.472357
lacharente,bd6t55084028h,,failed,0,0,,no_usable_pages,known,,,bd6t55084028h: no usable pages in manifest.,2026-07-17T17:08:03.667909
lacharente,bd6t55084029x,,failed,0,0,,no_usable_pages,known,,,bd6t55084029x: no usable pages in manifest.,2026-07-17T17:08:03.968774
lacharente,bd6t55084030k,,failed,0,0,,no_usable_pages,known,,,bd6t55084030k: no usable pages in manifest.,2026-07-17T17:08:04.216158
lacharente,bd6t550840310,,failed,0,0,,no_usable_pages,known,,,bd6t550840310: no usable pages in manifest.,2026-07-17T17:08:04.411129
lacharente,bd6t55084032d,,failed,0,0,,no_usable_pages,known,,,bd6t55084032d: no usable pages in manifest.,2026-07-17T17:08:04.595945
lacharente,bd6t55084033t,,failed,0,0,,no_usable_pages,known,,,bd6t55084033t: no usable pages in manifest.,2026-07-17T17:08:04.779116
lacharente,bd6t550840347,,failed,0,0,,no_usable_pages,known,,,bd6t550840347: no usable pages in manifest.,2026-07-17T17:08:05.034474
lacharente,bd6t55084035n,,failed,0,0,,no_usable_pages,known,,,bd6t55084035n: no usable pages in manifest.,2026-07-17T17:08:05.249127
lacharente,bd6t550840362,,failed,0,0,,no_usable_pages,known,,,bd6t550840362: no usable pages in manifest.,2026-07-17T17:08:05.497135
lacharente,bd6t55084037g,,failed,0,0,,no_usable_pages,known,,,bd6t55084037g: no usable pages in manifest.,2026-07-17T17:08:05.720647
lacharente,bd6t55084038w,,failed,0,0,,no_usable_pages,known,,,bd6t55084038w: no usable pages in manifest.,2026-07-17T17:08:05.861917
lacharente,bd6t550840399,,failed,0,0,,no_usable_pages,known,,,bd6t550840399: no usable pages in manifest.,2026-07-17T17:08:06.050687
lacharente,bd6t55084040z,,failed,0,0,,no_usable_pages,known,,,bd6t55084040z: no usable pages in manifest.,2026-07-17T17:08:06.212695
lacharente,bd6t55084041c,,failed,0,0,,no_usable_pages,known,,,bd6t55084041c: no usable pages in manifest.,2026-07-17T17:08:06.381754
lacharente,bd6t55084042s,,failed,0,0,,no_usable_pages,known,,,bd6t55084042s: no usable pages in manifest.,2026-07-17T17:08:06.592204
lacharente,bd6t550840436,,failed,0,0,,no_usable_pages,known,,,bd6t550840436: no usable pages in manifest.,2026-07-17T17:08:06.753471
lacharente,bd6t55084044m,,failed,0,0,,no_usable_pages,known,,,bd6t55084044m: no usable pages in manifest.,2026-07-17T17:08:06.920576
lacharente,bd6t550840451,,failed,0,0,,no_usable_pages,known,,,bd6t550840451: no usable pages in manifest.,2026-07-17T17:08:07.182528
lacharente,bd6t55084046f,,failed,0,0,,no_usable_pages,known,,,bd6t55084046f: no usable pages in manifest.,2026-07-17T17:08:07.335442
lacharente,bd6t55084047v,,failed,0,0,,no_usable_pages,known,,,bd6t55084047v: no usable pages in manifest.,2026-07-17T17:08:07.477899
lacharente,bd6t550840488,,failed,0,0,,no_usable_pages,known,,,bd6t550840488: no usable pages in manifest.,2026-07-17T17:08:07.672920
lacharente,bd6t55084049p,,failed,0,0,,no_usable_pages,known,,,bd6t55084049p: no usable pages in manifest.,2026-07-17T17:08:07.827311
lacharente,bd6t55084050b,,failed,0,0,,no_usable_pages,known,,,bd6t55084050b: no usable pages in manifest.,2026-07-17T17:08:08.045411
lacharente,bd6t55084051r,,failed,0,0,,no_usable_pages,known,,,bd6t55084051r: no usable pages in manifest.,2026-07-17T17:08:08.268930
lacharente,bd6t550840525,,failed,0,0,,no_usable_pages,known,,,bd6t550840525: no usable pages in manifest.,2026-07-17T17:08:08.427560
lacharente,bd6t55084053k,,failed,0,0,,no_usable_pages,known,,,bd6t55084053k: no usable pages in manifest.,2026-07-17T17:08:08.606287
lacharente,bd6t550840540,,failed,0,0,,no_usable_pages,known,,,bd6t550840540: no usable pages in manifest.,2026-07-17T17:08:08.787325
lacharente,bd6t55084055d,,failed,0,0,,no_usable_pages,known,,,bd6t55084055d: no usable pages in manifest.,2026-07-17T17:08:08.974394
lacharente,bd6t55084056t,,failed,0,0,,no_usable_pages,known,,,bd6t55084056t: no usable pages in manifest.,2026-07-17T17:08:09.101603
lacharente,bd6t550840577,,failed,0,0,,no_usable_pages,known,,,bd6t550840577: no usable pages in manifest.,2026-07-17T17:08:09.337281
lacharente,bd6t55084058n,,failed,0,0,,no_usable_pages,known,,,bd6t55084058n: no usable pages in manifest.,2026-07-17T17:08:09.499234
lacharente,bd6t550840592,,failed,0,0,,no_usable_pages,known,,,bd6t550840592: no usable pages in manifest.,2026-07-17T17:08:09.698815
lacharente,bd6t55084060q,,failed,0,0,,no_usable_pages,known,,,bd6t55084060q: no usable pages in manifest.,2026-07-17T17:08:09.986909
lacharente,bd6t550840614,,failed,0,0,,no_usable_pages,known,,,bd6t550840614: no usable pages in manifest.,2026-07-17T17:08:10.105491
lacharente,bd6t55084062j,,failed,0,0,,no_usable_pages,known,,,bd6t55084062j: no usable pages in manifest.,2026-07-17T17:08:10.317385
lacharente,bd6t55084063z,,failed,0,0,,no_usable_pages,known,,,bd6t55084063z: no usable pages in manifest.,2026-07-17T17:08:10.471584
lacharente,bd6t55084064c,,failed,0,0,,no_usable_pages,known,,,bd6t55084064c: no usable pages in manifest.,2026-07-17T17:08:10.663849
lacharente,bd6t55084065s,,failed,0,0,,no_usable_pages,known,,,bd6t55084065s: no usable pages in manifest.,2026-07-17T17:08:10.810702
lacharente,bd6t550840666,,failed,0,0,,no_usable_pages,known,,,bd6t550840666: no usable pages in manifest.,2026-07-17T17:08:11.357456
lacharente,bd6t55084067m,,failed,0,0,,no_usable_pages,known,,,bd6t55084067m: no usable pages in manifest.,2026-07-17T17:08:11.687975
lacharente,bd6t550840681,,failed,0,0,,no_usable_pages,known,,,bd6t550840681: no usable pages in manifest.,2026-07-17T17:08:11.860106
lacharente,bd6t55084069f,,failed,0,0,,no_usable_pages,known,,,bd6t55084069f: no usable pages in manifest.,2026-07-17T17:08:12.011108
lacharente,bd6t550840703,,failed,0,0,,no_usable_pages,known,,,bd6t550840703: no usable pages in manifest.,2026-07-17T17:08:12.210804
lacharente,bd6t55084071h,,failed,0,0,,no_usable_pages,known,,,bd6t55084071h: no usable pages in manifest.,2026-07-17T17:08:12.347258
lacharente,bd6t55084072x,,failed,0,0,,no_usable_pages,known,,,bd6t55084072x: no usable pages in manifest.,2026-07-17T17:08:12.489967
lacharente,bd6t55084073b,,failed,0,0,,no_usable_pages,known,,,bd6t55084073b: no usable pages in manifest.,2026-07-17T17:08:12.739622
lacharente,bd6t550842219,,failed,0,0,,no_usable_pages,known,,,bd6t550842219: no usable pages in manifest.,2026-07-17T17:08:12.948151
lacharente,bd6t55084074r,,failed,0,0,,no_usable_pages,known,,,bd6t55084074r: no usable pages in manifest.,2026-07-17T17:08:13.134494
lacharente,bd6t55084222q,,failed,0,0,,no_usable_pages,known,,,bd6t55084222q: no usable pages in manifest.,2026-07-17T17:08:13.375073
lacharente,bd6t550840755,,failed,0,0,,no_usable_pages,known,,,bd6t550840755: no usable pages in manifest.,2026-07-17T17:08:13.520542
lacharente,bd6t55084224j,,failed,0,0,,no_usable_pages,known,,,bd6t55084224j: no usable pages in manifest.,2026-07-17T17:08:13.766721
lacharente,bd6t55084076k,,failed,0,0,,no_usable_pages,known,,,bd6t55084076k: no usable pages in manifest.,2026-07-17T17:08:13.940585
lacharente,bd6t550840770,,failed,0,0,,no_usable_pages,known,,,bd6t550840770: no usable pages in manifest.,2026-07-17T17:08:14.154754
lacharente,bd6t55084078d,,failed,0,0,,no_usable_pages,known,,,bd6t55084078d: no usable pages in manifest.,2026-07-17T17:08:14.386270
lacharente,bd6t55084080g,,failed,0,0,,no_usable_pages,known,,,bd6t55084080g: no usable pages in manifest.,2026-07-17T17:08:14.520568
lacharente,bd6t55084081w,,failed,0,0,,no_usable_pages,known,,,bd6t55084081w: no usable pages in manifest.,2026-07-17T17:08:14.703046
lacharente,bd6t550840829,,failed,0,0,,no_usable_pages,known,,,bd6t550840829: no usable pages in manifest.,2026-07-17T17:08:14.884910
lacharente,bd6t55084083q,,failed,0,0,,no_usable_pages,known,,,bd6t55084083q: no usable pages in manifest.,2026-07-17T17:08:15.071605
lacharente,bd6t550840844,,failed,0,0,,no_usable_pages,known,,,bd6t550840844: no usable pages in manifest.,2026-07-17T17:08:15.213592
lacharente,bd6t55084085j,,failed,0,0,,no_usable_pages,known,,,bd6t55084085j: no usable pages in manifest.,2026-07-17T17:08:15.397036
lacharente,bd6t55084086z,,failed,0,0,,no_usable_pages,known,,,bd6t55084086z: no usable pages in manifest.,2026-07-17T17:08:15.586468
lacharente,bd6t55084087c,,failed,0,0,,no_usable_pages,known,,,bd6t55084087c: no usable pages in manifest.,2026-07-17T17:08:15.736778
lacharente,bd6t55084088s,,failed,0,0,,no_usable_pages,known,,,bd6t55084088s: no usable pages in manifest.,2026-07-17T17:08:16.067337
lacharente,bd6t550840896,,failed,0,0,,no_usable_pages,known,,,bd6t550840896: no usable pages in manifest.,2026-07-17T17:08:16.301236
lacharente,bd6t55084090v,,failed,0,0,,no_usable_pages,known,,,bd6t55084090v: no usable pages in manifest.,2026-07-17T17:08:16.518126
lacharente,bd6t550840918,,failed,0,0,,no_usable_pages,known,,,bd6t550840918: no usable pages in manifest.,2026-07-17T17:08:16.719307
lacharente,bd6t55084092p,,failed,0,0,,no_usable_pages,known,,,bd6t55084092p: no usable pages in manifest.,2026-07-17T17:08:16.889705
lacharente,bd6t550840933,,failed,0,0,,no_usable_pages,known,,,bd6t550840933: no usable pages in manifest.,2026-07-17T17:08:17.182417
lacharente,bd6t55084094h,,failed,0,0,,no_usable_pages,known,,,bd6t55084094h: no usable pages in manifest.,2026-07-17T17:08:17.311962
lacharente,bd6t55084095x,,failed,0,0,,no_usable_pages,known,,,bd6t55084095x: no usable pages in manifest.,2026-07-17T17:08:17.460094
lacharente,bd6t55084096b,,failed,0,0,,no_usable_pages,known,,,bd6t55084096b: no usable pages in manifest.,2026-07-17T17:08:17.613391
lacharente,bd6t55084097r,,failed,0,0,,no_usable_pages,known,,,bd6t55084097r: no usable pages in manifest.,2026-07-17T17:08:17.811855
lacharente,bd6t550840985,,failed,0,0,,no_usable_pages,known,,,bd6t550840985: no usable pages in manifest.,2026-07-17T17:08:18.009191
lacharente,bd6t55084099k,,failed,0,0,,no_usable_pages,known,,,bd6t55084099k: no usable pages in manifest.,2026-07-17T17:08:18.305631
lacharente,bd6t55084100s,,failed,0,0,,no_usable_pages,known,,,bd6t55084100s: no usable pages in manifest.,2026-07-17T17:08:18.498494
lacharente,bd6t550841016,,failed,0,0,,no_usable_pages,known,,,bd6t550841016: no usable pages in manifest.,2026-07-17T17:08:18.652749
lacharente,bd6t550841261,,failed,0,0,,no_usable_pages,known,,,bd6t550841261: no usable pages in manifest.,2026-07-17T17:08:18.887849
lacharente,bd6t55084102m,,failed,0,0,,no_usable_pages,known,,,bd6t55084102m: no usable pages in manifest.,2026-07-17T17:08:19.041767
lacharente,bd6t550841031,,failed,0,0,,no_usable_pages,known,,,bd6t550841031: no usable pages in manifest.,2026-07-17T17:08:19.222067
lacharente,bd6t55084104f,,failed,0,0,,no_usable_pages,known,,,bd6t55084104f: no usable pages in manifest.,2026-07-17T17:08:19.433958
lacharente,bd6t55084105v,,failed,0,0,,no_usable_pages,known,,,bd6t55084105v: no usable pages in manifest.,2026-07-17T17:08:19.594983
lacharente,bd6t550841068,,failed,0,0,,no_usable_pages,known,,,bd6t550841068: no usable pages in manifest.,2026-07-17T17:08:19.755822
lacharente,bd6t55084107p,,failed,0,0,,no_usable_pages,known,,,bd6t55084107p: no usable pages in manifest.,2026-07-17T17:08:19.963385
lacharente,bd6t550841083,,failed,0,0,,no_usable_pages,known,,,bd6t550841083: no usable pages in manifest.,2026-07-17T17:08:20.090210
lacharente,bd6t55084109h,,failed,0,0,,no_usable_pages,known,,,bd6t55084109h: no usable pages in manifest.,2026-07-17T17:08:20.258093
lacharente,bd6t550841105,,failed,0,0,,no_usable_pages,known,,,bd6t550841105: no usable pages in manifest.,2026-07-17T17:08:20.462839
lacharente,bd6t55084111k,,failed,0,0,,no_usable_pages,known,,,bd6t55084111k: no usable pages in manifest.,2026-07-17T17:08:20.644664
lacharente,bd6t550841120,,failed,0,0,,no_usable_pages,known,,,bd6t550841120: no usable pages in manifest.,2026-07-17T17:08:21.010350
lacharente,bd6t55084113d,,failed,0,0,,no_usable_pages,known,,,bd6t55084113d: no usable pages in manifest.,2026-07-17T17:08:21.161653
lacharente,bd6t55084114t,,failed,0,0,,no_usable_pages,known,,,bd6t55084114t: no usable pages in manifest.,2026-07-17T17:08:21.315757
lacharente,bd6t550841157,,failed,0,0,,no_usable_pages,known,,,bd6t550841157: no usable pages in manifest.,2026-07-17T17:08:21.457335
lacharente,bd6t55084116n,,failed,0,0,,no_usable_pages,known,,,bd6t55084116n: no usable pages in manifest.,2026-07-17T17:08:21.720513
lacharente,bd6t550841172,,failed,0,0,,no_usable_pages,known,,,bd6t550841172: no usable pages in manifest.,2026-07-17T17:08:21.877682
lacharente,bd6t55084118g,,failed,0,0,,no_usable_pages,known,,,bd6t55084118g: no usable pages in manifest.,2026-07-17T17:08:22.055743
lacharente,bd6t55084119w,,failed,0,0,,no_usable_pages,known,,,bd6t55084119w: no usable pages in manifest.,2026-07-17T17:08:22.209124
lacharente,bd6t55084120j,,failed,0,0,,no_usable_pages,known,,,bd6t55084120j: no usable pages in manifest.,2026-07-17T17:08:22.446258
lacharente,bd6t55084121z,,failed,0,0,,no_usable_pages,known,,,bd6t55084121z: no usable pages in manifest.,2026-07-17T17:08:22.578595
lacharente,bd6t55084122c,,failed,0,0,,no_usable_pages,known,,,bd6t55084122c: no usable pages in manifest.,2026-07-17T17:08:22.811006
lacharente,bd6t55084123s,,failed,0,0,,no_usable_pages,known,,,bd6t55084123s: no usable pages in manifest.,2026-07-17T17:08:22.952389
lacharente,bd6t550841246,,failed,0,0,,no_usable_pages,known,,,bd6t550841246: no usable pages in manifest.,2026-07-17T17:08:23.125148
lacharente,bd6t55084125m,,failed,0,0,,no_usable_pages,known,,,bd6t55084125m: no usable pages in manifest.,2026-07-17T17:08:23.342376
lacharente,bd6t55084127f,,failed,0,0,,no_usable_pages,known,,,bd6t55084127f: no usable pages in manifest.,2026-07-17T17:08:23.560544
lacharente,bd6t55084079t,,failed,0,0,,no_usable_pages,known,,,bd6t55084079t: no usable pages in manifest.,2026-07-17T17:08:23.768287
lacharente,bd6t55084128v,,failed,0,0,,no_usable_pages,known,,,bd6t55084128v: no usable pages in manifest.,2026-07-17T17:08:23.925117
lacharente,bd6t550841298,,failed,0,0,,no_usable_pages,known,,,bd6t550841298: no usable pages in manifest.,2026-07-17T17:08:24.103858
lacharente,bd6t55084130x,,failed,0,0,,no_usable_pages,known,,,bd6t55084130x: no usable pages in manifest.,2026-07-17T17:08:24.264362
lacharente,bd6t55084131b,,failed,0,0,,no_usable_pages,known,,,bd6t55084131b: no usable pages in manifest.,2026-07-17T17:08:24.424873
lacharente,bd6t55084132r,,failed,0,0,,no_usable_pages,known,,,bd6t55084132r: no usable pages in manifest.,2026-07-17T17:08:24.637664
lacharente,bd6t550841335,,failed,0,0,,no_usable_pages,known,,,bd6t550841335: no usable pages in manifest.,2026-07-17T17:08:24.914811
lacharente,bd6t55084134k,,failed,0,0,,no_usable_pages,known,,,bd6t55084134k: no usable pages in manifest.,2026-07-17T17:08:25.083045
lacharente,bd6t550841350,,failed,0,0,,no_usable_pages,known,,,bd6t550841350: no usable pages in manifest.,2026-07-17T17:08:25.355340
lacharente,bd6t55084136d,,failed,0,0,,no_usable_pages,known,,,bd6t55084136d: no usable pages in manifest.,2026-07-17T17:08:25.519288
lacharente,bd6t55084137t,,failed,0,0,,no_usable_pages,known,,,bd6t55084137t: no usable pages in manifest.,2026-07-17T17:08:25.691847
lacharente,bd6t550841387,,failed,0,0,,no_usable_pages,known,,,bd6t550841387: no usable pages in manifest.,2026-07-17T17:08:25.836563
lacharente,bd6t55084139n,,failed,0,0,,no_usable_pages,known,,,bd6t55084139n: no usable pages in manifest.,2026-07-17T17:08:26.101260
lacharente,bd6t550841409,,failed,0,0,,no_usable_pages,known,,,bd6t550841409: no usable pages in manifest.,2026-07-17T17:08:26.250873
lacharente,bd6t55084141q,,failed,0,0,,no_usable_pages,known,,,bd6t55084141q: no usable pages in manifest.,2026-07-17T17:08:26.446549
lacharente,bd6t550841424,,failed,0,0,,no_usable_pages,known,,,bd6t550841424: no usable pages in manifest.,2026-07-17T17:08:26.593520
lacharente,bd6t55084143j,,failed,0,0,,no_usable_pages,known,,,bd6t55084143j: no usable pages in manifest.,2026-07-17T17:08:26.840296
lacharente,bd6t55084144z,,failed,0,0,,no_usable_pages,known,,,bd6t55084144z: no usable pages in manifest.,2026-07-17T17:08:27.006668
lacharente,bd6t55084145c,,failed,0,0,,no_usable_pages,known,,,bd6t55084145c: no usable pages in manifest.,2026-07-17T17:08:27.194598
lacharente,bd6t55084146s,,failed,0,0,,no_usable_pages,known,,,bd6t55084146s: no usable pages in manifest.,2026-07-17T17:08:27.384151
lacharente,bd6t550841476,,failed,0,0,,no_usable_pages,known,,,bd6t550841476: no usable pages in manifest.,2026-07-17T17:08:27.595709
lacharente,bd6t55084148m,,failed,0,0,,no_usable_pages,known,,,bd6t55084148m: no usable pages in manifest.,2026-07-17T17:08:27.755872
lacharente,bd6t550841491,,failed,0,0,,no_usable_pages,known,,,bd6t550841491: no usable pages in manifest.,2026-07-17T17:08:27.942101
lacharente,bd6t55084150p,,failed,0,0,,no_usable_pages,known,,,bd6t55084150p: no usable pages in manifest.,2026-07-17T17:08:28.109410
lacharente,bd6t550841513,,failed,0,0,,no_usable_pages,known,,,bd6t550841513: no usable pages in manifest.,2026-07-17T17:08:28.339917
lacharente,bd6t55084152h,,failed,0,0,,no_usable_pages,known,,,bd6t55084152h: no usable pages in manifest.,2026-07-17T17:08:28.473224
lacharente,bd6t55084153x,,failed,0,0,,no_usable_pages,known,,,bd6t55084153x: no usable pages in manifest.,2026-07-17T17:08:28.665773
lacharente,bd6t55084154b,,failed,0,0,,no_usable_pages,known,,,bd6t55084154b: no usable pages in manifest.,2026-07-17T17:08:28.872985
lacharente,bd6t55084155r,,failed,0,0,,no_usable_pages,known,,,bd6t55084155r: no usable pages in manifest.,2026-07-17T17:08:29.076107
lacharente,bd6t550841565,,failed,0,0,,no_usable_pages,known,,,bd6t550841565: no usable pages in manifest.,2026-07-17T17:08:29.275943
lacharente,bd6t55084157k,,failed,0,0,,no_usable_pages,known,,,bd6t55084157k: no usable pages in manifest.,2026-07-17T17:08:29.478337
lacharente,bd6t550841580,,failed,0,0,,no_usable_pages,known,,,bd6t550841580: no usable pages in manifest.,2026-07-17T17:08:29.751557
lacharente,bd6t55084159d,,failed,0,0,,no_usable_pages,known,,,bd6t55084159d: no usable pages in manifest.,2026-07-17T17:08:30.061614
lacharente,bd6t550841602,,failed,0,0,,no_usable_pages,known,,,bd6t550841602: no usable pages in manifest.,2026-07-17T17:08:30.252674
lacharente,bd6t55084161g,,failed,0,0,,no_usable_pages,known,,,bd6t55084161g: no usable pages in manifest.,2026-07-17T17:08:30.411698
lacharente,bd6t55084162w,,failed,0,0,,no_usable_pages,known,,,bd6t55084162w: no usable pages in manifest.,2026-07-17T17:08:30.588403
lacharente,bd6t550841639,,failed,0,0,,no_usable_pages,known,,,bd6t550841639: no usable pages in manifest.,2026-07-17T17:08:30.742352
lacharente,bd6t55084164q,,failed,0,0,,no_usable_pages,known,,,bd6t55084164q: no usable pages in manifest.,2026-07-17T17:08:30.933444
lacharente,bd6t550841654,,failed,0,0,,no_usable_pages,known,,,bd6t550841654: no usable pages in manifest.,2026-07-17T17:08:31.164768
lacharente,bd6t55084166j,,failed,0,0,,no_usable_pages,known,,,bd6t55084166j: no usable pages in manifest.,2026-07-17T17:08:31.335325
lacharente,bd6t55084167z,,failed,0,0,,no_usable_pages,known,,,bd6t55084167z: no usable pages in manifest.,2026-07-17T17:08:31.480279
lacharente,bd6t55084168c,,failed,0,0,,no_usable_pages,known,,,bd6t55084168c: no usable pages in manifest.,2026-07-17T17:08:31.684869
lacharente,bd6t55084169s,,failed,0,0,,no_usable_pages,known,,,bd6t55084169s: no usable pages in manifest.,2026-07-17T17:08:31.851626
lacharente,bd6t55084170f,,failed,0,0,,no_usable_pages,known,,,bd6t55084170f: no usable pages in manifest.,2026-07-17T17:08:32.020621
lacharente,bd6t55084171v,,failed,0,0,,no_usable_pages,known,,,bd6t55084171v: no usable pages in manifest.,2026-07-17T17:08:32.178560
lacharente,bd6t550841728,,failed,0,0,,no_usable_pages,known,,,bd6t550841728: no usable pages in manifest.,2026-07-17T17:08:32.331177
lacharente,bd6t55084173p,,failed,0,0,,no_usable_pages,known,,,bd6t55084173p: no usable pages in manifest.,2026-07-17T17:08:32.471881
lacharente,bd6t550841743,,failed,0,0,,no_usable_pages,known,,,bd6t550841743: no usable pages in manifest.,2026-07-17T17:08:32.629156
lacharente,bd6t55084175h,,failed,0,0,,no_usable_pages,known,,,bd6t55084175h: no usable pages in manifest.,2026-07-17T17:08:32.823166
lacharente,bd6t55084176x,,failed,0,0,,no_usable_pages,known,,,bd6t55084176x: no usable pages in manifest.,2026-07-17T17:08:33.029165
lacharente,bd6t55084177b,,failed,0,0,,no_usable_pages,known,,,bd6t55084177b: no usable pages in manifest.,2026-07-17T17:08:33.233456
lacharente,bd6t55084178r,,failed,0,0,,no_usable_pages,known,,,bd6t55084178r: no usable pages in manifest.,2026-07-17T17:08:33.427004
lacharente,bd6t550841795,,failed,0,0,,no_usable_pages,known,,,bd6t550841795: no usable pages in manifest.,2026-07-17T17:08:33.575224
lacharente,bd6t55084180t,,failed,0,0,,no_usable_pages,known,,,bd6t55084180t: no usable pages in manifest.,2026-07-17T17:08:33.758105
lacharente,bd6t550841817,,failed,0,0,,no_usable_pages,known,,,bd6t550841817: no usable pages in manifest.,2026-07-17T17:08:34.056943
lacharente,bd6t55084182n,,failed,0,0,,no_usable_pages,known,,,bd6t55084182n: no usable pages in manifest.,2026-07-17T17:08:34.227615
lacharente,bd6t550841832,,failed,0,0,,no_usable_pages,known,,,bd6t550841832: no usable pages in manifest.,2026-07-17T17:08:34.347110
lacharente,bd6t55084184g,,failed,0,0,,no_usable_pages,known,,,bd6t55084184g: no usable pages in manifest.,2026-07-17T17:08:34.571419
lacharente,bd6t55084185w,,failed,0,0,,no_usable_pages,known,,,bd6t55084185w: no usable pages in manifest.,2026-07-17T17:08:34.755511
lacharente,bd6t550841869,,failed,0,0,,no_usable_pages,known,,,bd6t550841869: no usable pages in manifest.,2026-07-17T17:08:34.925979
lacharente,bd6t55084187q,,failed,0,0,,no_usable_pages,known,,,bd6t55084187q: no usable pages in manifest.,2026-07-17T17:08:35.151532
lacharente,bd6t550841884,,failed,0,0,,no_usable_pages,known,,,bd6t550841884: no usable pages in manifest.,2026-07-17T17:08:35.333371
lacharente,bd6t55084189j,,failed,0,0,,no_usable_pages,known,,,bd6t55084189j: no usable pages in manifest.,2026-07-17T17:08:35.551591
lacharente,bd6t550841906,,failed,0,0,,no_usable_pages,known,,,bd6t550841906: no usable pages in manifest.,2026-07-17T17:08:35.775417
lacharente,bd6t55084191m,,failed,0,0,,no_usable_pages,known,,,bd6t55084191m: no usable pages in manifest.,2026-07-17T17:08:35.956295
lacharente,bd6t550841921,,failed,0,0,,no_usable_pages,known,,,bd6t550841921: no usable pages in manifest.,2026-07-17T17:08:36.150532
lacharente,bd6t55084193f,,failed,0,0,,no_usable_pages,known,,,bd6t55084193f: no usable pages in manifest.,2026-07-17T17:08:36.397922
lacharente,bd6t55084194v,,failed,0,0,,no_usable_pages,known,,,bd6t55084194v: no usable pages in manifest.,2026-07-17T17:08:36.901090
lacharente,bd6t550841958,,failed,0,0,,no_usable_pages,known,,,bd6t550841958: no usable pages in manifest.,2026-07-17T17:08:37.080403
lacharente,bd6t55084196p,,failed,0,0,,no_usable_pages,known,,,bd6t55084196p: no usable pages in manifest.,2026-07-17T17:08:37.238053
lacharente,bd6t550841973,,failed,0,0,,no_usable_pages,known,,,bd6t550841973: no usable pages in manifest.,2026-07-17T17:08:37.425278
lacharente,bd6t55084198h,,failed,0,0,,no_usable_pages,known,,,bd6t55084198h: no usable pages in manifest.,2026-07-17T17:08:37.551997
lacharente,bd6t55084199x,,failed,0,0,,no_usable_pages,known,,,bd6t55084199x: no usable pages in manifest.,2026-07-17T17:08:37.765941
lacharente,bd6t550842004,,failed,0,0,,no_usable_pages,known,,,bd6t550842004: no usable pages in manifest.,2026-07-17T17:08:37.920673
lacharente,bd6t55084201j,,failed,0,0,,no_usable_pages,known,,,bd6t55084201j: no usable pages in manifest.,2026-07-17T17:08:38.083180
lacharente,bd6t55084202z,,failed,0,0,,no_usable_pages,known,,,bd6t55084202z: no usable pages in manifest.,2026-07-17T17:08:38.289021
lacharente,bd6t55084203c,,failed,0,0,,no_usable_pages,known,,,bd6t55084203c: no usable pages in manifest.,2026-07-17T17:08:38.478547
lacharente,bd6t55084204s,,failed,0,0,,no_usable_pages,known,,,bd6t55084204s: no usable pages in manifest.,2026-07-17T17:08:38.634176
lacharente,bd6t550842056,,failed,0,0,,no_usable_pages,known,,,bd6t550842056: no usable pages in manifest.,2026-07-17T17:08:38.799833
lacharente,bd6t55084206m,,failed,0,0,,no_usable_pages,known,,,bd6t55084206m: no usable pages in manifest.,2026-07-17T17:08:38.929931
lacharente,bd6t550842071,,failed,0,0,,no_usable_pages,known,,,bd6t550842071: no usable pages in manifest.,2026-07-17T17:08:39.025423
lacharente,bd6t55084208f,,failed,0,0,,no_usable_pages,known,,,bd6t55084208f: no usable pages in manifest.,2026-07-17T17:08:39.254239
lacharente,bd6t55084209v,,failed,0,0,,no_usable_pages,known,,,bd6t55084209v: no usable pages in manifest.,2026-07-17T17:08:39.417121
lacharente,bd6t55084210h,,failed,0,0,,no_usable_pages,known,,,bd6t55084210h: no usable pages in manifest.,2026-07-17T17:08:39.689480
lacharente,bd6t55084211x,,failed,0,0,,no_usable_pages,known,,,bd6t55084211x: no usable pages in manifest.,2026-07-17T17:08:40.033641
lacharente,bd6t55084212b,,failed,0,0,,no_usable_pages,known,,,bd6t55084212b: no usable pages in manifest.,2026-07-17T17:08:40.231485
lacharente,bd6t55084213r,,failed,0,0,,no_usable_pages,known,,,bd6t55084213r: no usable pages in manifest.,2026-07-17T17:08:40.350125
lacharente,bd6t550842145,,failed,0,0,,no_usable_pages,known,,,bd6t550842145: no usable pages in manifest.,2026-07-17T17:08:40.499580
lacharente,bd6t55084215k,,failed,0,0,,no_usable_pages,known,,,bd6t55084215k: no usable pages in manifest.,2026-07-17T17:08:40.721522
lacharente,bd6t550842160,,failed,0,0,,no_usable_pages,known,,,bd6t550842160: no usable pages in manifest.,2026-07-17T17:08:40.870478
lacharente,bd6t55084217d,,failed,0,0,,no_usable_pages,known,,,bd6t55084217d: no usable pages in manifest.,2026-07-17T17:08:41.024750
lacharente,bd6t55084218t,,failed,0,0,,no_usable_pages,known,,,bd6t55084218t: no usable pages in manifest.,2026-07-17T17:08:41.155052
lacharente,bd6t550842197,,failed,0,0,,no_usable_pages,known,,,bd6t550842197: no usable pages in manifest.,2026-07-17T17:08:41.325946
lacharente,bd6t55084220w,,failed,0,0,,no_usable_pages,known,,,bd6t55084220w: no usable pages in manifest.,2026-07-17T17:08:41.846180
lacharente,bd6t550842234,,failed,0,0,,no_usable_pages,known,,,bd6t550842234: no usable pages in manifest.,2026-07-17T17:08:42.098895
lacharente,bd6t55084225z,,failed,0,0,,no_usable_pages,known,,,bd6t55084225z: no usable pages in manifest.,2026-07-17T17:08:42.342995
lacharente,bd6t55084226c,,failed,0,0,,no_usable_pages,known,,,bd6t55084226c: no usable pages in manifest.,2026-07-17T17:08:42.578777
lacharente,bd6t55084227s,,failed,0,0,,no_usable_pages,known,,,bd6t55084227s: no usable pages in manifest.,2026-07-17T17:08:42.714401
lacharente,bd6t550842286,,failed,0,0,,no_usable_pages,known,,,bd6t550842286: no usable pages in manifest.,2026-07-17T17:08:42.873392
lacharente,bd6t55084229m,,failed,0,0,,no_usable_pages,known,,,bd6t55084229m: no usable pages in manifest.,2026-07-17T17:08:42.995307
lacharente,bd6t550842308,,failed,0,0,,no_usable_pages,known,,,bd6t550842308: no usable pages in manifest.,2026-07-17T17:08:43.242026
lacharente,bd6t55084231p,,failed,0,0,,no_usable_pages,known,,,bd6t55084231p: no usable pages in manifest.,2026-07-17T17:08:43.423771
lacharente,bd6t550842323,,failed,0,0,,no_usable_pages,known,,,bd6t550842323: no usable pages in manifest.,2026-07-17T17:08:43.579897
lacharente,bd6t55084233h,,failed,0,0,,no_usable_pages,known,,,bd6t55084233h: no usable pages in manifest.,2026-07-17T17:08:43.744927
lacharente,bd6t55084234x,,failed,0,0,,no_usable_pages,known,,,bd6t55084234x: no usable pages in manifest.,2026-07-17T17:08:43.868271
lacharente,bd6t55084235b,,failed,0,0,,no_usable_pages,known,,,bd6t55084235b: no usable pages in manifest.,2026-07-17T17:08:44.011493
lacharente,bd6t55084236r,,failed,0,0,,no_usable_pages,known,,,bd6t55084236r: no usable pages in manifest.,2026-07-17T17:08:44.151453
lacharente,bd6t550842375,,failed,0,0,,no_usable_pages,known,,,bd6t550842375: no usable pages in manifest.,2026-07-17T17:08:44.417736
lacharente,bd6t55084238k,,failed,0,0,,no_usable_pages,known,,,bd6t55084238k: no usable pages in manifest.,2026-07-17T17:08:44.611486
lacharente,bd6t550842390,,failed,0,0,,no_usable_pages,known,,,bd6t550842390: no usable pages in manifest.,2026-07-17T17:08:44.743354
lacharente,bd6t55084240n,,failed,0,0,,no_usable_pages,known,,,bd6t55084240n: no usable pages in manifest.,2026-07-17T17:08:44.901475
lacharente,bd6t550842412,,failed,0,0,,no_usable_pages,known,,,bd6t550842412: no usable pages in manifest.,2026-07-17T17:08:45.045778
lacharente,bd6t55084242g,,failed,0,0,,no_usable_pages,known,,,bd6t55084242g: no usable pages in manifest.,2026-07-17T17:08:45.240521
lacharente,bd6t55084243w,,failed,0,0,,no_usable_pages,known,,,bd6t55084243w: no usable pages in manifest.,2026-07-17T17:08:45.484866
lacharente,bd6t550842449,,failed,0,0,,no_usable_pages,known,,,bd6t550842449: no usable pages in manifest.,2026-07-17T17:08:45.678682
lacharente,bd6t55084245q,,failed,0,0,,no_usable_pages,known,,,bd6t55084245q: no usable pages in manifest.,2026-07-17T17:08:45.848625
lacharente,bd6t550842464,,failed,0,0,,no_usable_pages,known,,,bd6t550842464: no usable pages in manifest.,2026-07-17T17:08:46.034348
lacharente,bd6t55084247j,,failed,0,0,,no_usable_pages,known,,,bd6t55084247j: no usable pages in manifest.,2026-07-17T17:08:46.249881
lacharente,bd6t55084248z,,failed,0,0,,no_usable_pages,known,,,bd6t55084248z: no usable pages in manifest.,2026-07-17T17:08:46.363084
lacharente,bd6t55084249c,,failed,0,0,,no_usable_pages,known,,,bd6t55084249c: no usable pages in manifest.,2026-07-17T17:08:46.592814
lacharente,bd6t550842501,,failed,0,0,,no_usable_pages,known,,,bd6t550842501: no usable pages in manifest.,2026-07-17T17:08:46.777052
lacharente,bd6t55084251f,,failed,0,0,,no_usable_pages,known,,,bd6t55084251f: no usable pages in manifest.,2026-07-17T17:08:47.055205
lacharente,bd6t55084252v,,failed,0,0,,no_usable_pages,known,,,bd6t55084252v: no usable pages in manifest.,2026-07-17T17:08:47.210982
lacharente,bd6t550842538,,failed,0,0,,no_usable_pages,known,,,bd6t550842538: no usable pages in manifest.,2026-07-17T17:08:47.349976
lacharente,bd6t55084254p,,failed,0,0,,no_usable_pages,known,,,bd6t55084254p: no usable pages in manifest.,2026-07-17T17:08:47.499834
lacharente,bd6t550842553,,failed,0,0,,no_usable_pages,known,,,bd6t550842553: no usable pages in manifest.,2026-07-17T17:08:47.755041
lacharente,bd6t55084256h,,failed,0,0,,no_usable_pages,known,,,bd6t55084256h: no usable pages in manifest.,2026-07-17T17:08:47.871066
lacharente,bd6t55084257x,,failed,0,0,,no_usable_pages,known,,,bd6t55084257x: no usable pages in manifest.,2026-07-17T17:08:48.147293
lacharente,bd6t55084258b,,failed,0,0,,no_usable_pages,known,,,bd6t55084258b: no usable pages in manifest.,2026-07-17T17:08:48.341601
lacharente,bd6t55084259r,,failed,0,0,,no_usable_pages,known,,,bd6t55084259r: no usable pages in manifest.,2026-07-17T17:08:48.597872
lacharente,bd6t55084260d,,failed,0,0,,no_usable_pages,known,,,bd6t55084260d: no usable pages in manifest.,2026-07-17T17:08:48.948536
lacharente,bd6t55084261t,,failed,0,0,,no_usable_pages,known,,,bd6t55084261t: no usable pages in manifest.,2026-07-17T17:08:49.131212
lacharente,bd6t550842627,,failed,0,0,,no_usable_pages,known,,,bd6t550842627: no usable pages in manifest.,2026-07-17T17:08:49.356854
lacharente,bd6t55084263n,,failed,0,0,,no_usable_pages,known,,,bd6t55084263n: no usable pages in manifest.,2026-07-17T17:08:49.544811
lacharente,bd6t550842642,,failed,0,0,,no_usable_pages,known,,,bd6t550842642: no usable pages in manifest.,2026-07-17T17:08:49.729413
lacharente,bd6t55084265g,,failed,0,0,,no_usable_pages,known,,,bd6t55084265g: no usable pages in manifest.,2026-07-17T17:08:49.991816
lacharente,bd6t55084266w,,failed,0,0,,no_usable_pages,known,,,bd6t55084266w: no usable pages in manifest.,2026-07-17T17:08:50.161720
lacharente,bd6t550842679,,failed,0,0,,no_usable_pages,known,,,bd6t550842679: no usable pages in manifest.,2026-07-17T17:08:50.285973
lacharente,bd6t55084268q,,failed,0,0,,no_usable_pages,known,,,bd6t55084268q: no usable pages in manifest.,2026-07-17T17:08:50.476115
lacharente,bd6t55083820n,,failed,0,0,,no_usable_pages,known,,,bd6t55083820n: no usable pages in manifest.,2026-07-17T17:08:50.634255
lacharente,bd6t550842694,,failed,0,0,,no_usable_pages,known,,,bd6t550842694: no usable pages in manifest.,2026-07-17T17:08:50.825654
lacharente,bd6t55084270s,,failed,0,0,,no_usable_pages,known,,,bd6t55084270s: no usable pages in manifest.,2026-07-17T17:08:51.123535
lacharente,bd6t550842716,,failed,0,0,,no_usable_pages,known,,,bd6t550842716: no usable pages in manifest.,2026-07-17T17:08:51.333179
lacharente,bd6t55084272m,,failed,0,0,,no_usable_pages,known,,,bd6t55084272m: no usable pages in manifest.,2026-07-17T17:08:51.491635
lacharente,bd6t550842731,,failed,0,0,,no_usable_pages,known,,,bd6t550842731: no usable pages in manifest.,2026-07-17T17:08:51.664038
lacharente,bd6t55084274f,,failed,0,0,,no_usable_pages,known,,,bd6t55084274f: no usable pages in manifest.,2026-07-17T17:08:51.865138
lacharente,bd6t55084275v,,failed,0,0,,no_usable_pages,known,,,bd6t55084275v: no usable pages in manifest.,2026-07-17T17:08:52.378464
lacharente,bd6t550842768,,failed,0,0,,no_usable_pages,known,,,bd6t550842768: no usable pages in manifest.,2026-07-17T17:08:52.508186
lacharente,bd6t55084277p,,failed,0,0,,no_usable_pages,known,,,bd6t55084277p: no usable pages in manifest.,2026-07-17T17:08:52.706445
lacharente,bd6t550842783,,failed,0,0,,no_usable_pages,known,,,bd6t550842783: no usable pages in manifest.,2026-07-17T17:08:52.883003
lacharente,bd6t55084279h,,failed,0,0,,no_usable_pages,known,,,bd6t55084279h: no usable pages in manifest.,2026-07-17T17:08:53.011378
lacharente,bd6t550842805,,failed,0,0,,no_usable_pages,known,,,bd6t550842805: no usable pages in manifest.,2026-07-17T17:08:53.223999
lacharente,bd6t55084281k,,failed,0,0,,no_usable_pages,known,,,bd6t55084281k: no usable pages in manifest.,2026-07-17T17:08:53.412915
lacharente,bd6t550842820,,failed,0,0,,no_usable_pages,known,,,bd6t550842820: no usable pages in manifest.,2026-07-17T17:08:53.555100
lacharente,bd6t55084568r,,failed,0,0,,no_usable_pages,known,,,bd6t55084568r: no usable pages in manifest.,2026-07-17T17:08:53.740949
lacharente,bd6t55084283d,,failed,0,0,,no_usable_pages,known,,,bd6t55084283d: no usable pages in manifest.,2026-07-17T17:08:53.904281
lacharente,bd6t55084284t,,failed,0,0,,no_usable_pages,known,,,bd6t55084284t: no usable pages in manifest.,2026-07-17T17:08:54.049418
lacharente,bd6t550842857,,failed,0,0,,no_usable_pages,known,,,bd6t550842857: no usable pages in manifest.,2026-07-17T17:08:54.388166
lacharente,bd6t55084286n,,failed,0,0,,no_usable_pages,known,,,bd6t55084286n: no usable pages in manifest.,2026-07-17T17:08:54.529934
lacharente,bd6t550842872,,failed,0,0,,no_usable_pages,known,,,bd6t550842872: no usable pages in manifest.,2026-07-17T17:08:54.664067
lacharente,bd6t55084288g,,failed,0,0,,no_usable_pages,known,,,bd6t55084288g: no usable pages in manifest.,2026-07-17T17:08:54.803625
lacharente,bd6t55084289w,,failed,0,0,,no_usable_pages,known,,,bd6t55084289w: no usable pages in manifest.,2026-07-17T17:08:54.940201
lacharente,bd6t55084290j,,failed,0,0,,no_usable_pages,known,,,bd6t55084290j: no usable pages in manifest.,2026-07-17T17:08:55.079044
lacharente,bd6t55084291z,,failed,0,0,,no_usable_pages,known,,,bd6t55084291z: no usable pages in manifest.,2026-07-17T17:08:55.329029
lacharente,bd6t55084292c,,failed,0,0,,no_usable_pages,known,,,bd6t55084292c: no usable pages in manifest.,2026-07-17T17:08:55.529448
lacharente,bd6t550842946,,failed,0,0,,no_usable_pages,known,,,bd6t550842946: no usable pages in manifest.,2026-07-17T17:08:55.765320
lacharente,bd6t55084293s,,failed,0,0,,no_usable_pages,known,,,bd6t55084293s: no usable pages in manifest.,2026-07-17T17:08:55.936215
lacharente,bd6t55084295m,,failed,0,0,,no_usable_pages,known,,,bd6t55084295m: no usable pages in manifest.,2026-07-17T17:08:56.076437
lacharente,bd6t550842961,,failed,0,0,,no_usable_pages,known,,,bd6t550842961: no usable pages in manifest.,2026-07-17T17:08:56.229060
lacharente,bd6t55084297f,,failed,0,0,,no_usable_pages,known,,,bd6t55084297f: no usable pages in manifest.,2026-07-17T17:08:56.512989
lacharente,bd6t55084298v,,failed,0,0,,no_usable_pages,known,,,bd6t55084298v: no usable pages in manifest.,2026-07-17T17:08:56.704596
lacharente,bd6t550842998,,failed,0,0,,no_usable_pages,known,,,bd6t550842998: no usable pages in manifest.,2026-07-17T17:08:56.871270
lacharente,bd6t55084300g,,failed,0,0,,no_usable_pages,known,,,bd6t55084300g: no usable pages in manifest.,2026-07-17T17:08:57.224764
lacharente,bd6t55084301w,,failed,0,0,,no_usable_pages,known,,,bd6t55084301w: no usable pages in manifest.,2026-07-17T17:08:57.569469
lacharente,bd6t550843029,,failed,0,0,,no_usable_pages,known,,,bd6t550843029: no usable pages in manifest.,2026-07-17T17:08:57.792687
lacharente,bd6t55084303q,,failed,0,0,,no_usable_pages,known,,,bd6t55084303q: no usable pages in manifest.,2026-07-17T17:08:57.904842
lacharente,bd6t550843044,,failed,0,0,,no_usable_pages,known,,,bd6t550843044: no usable pages in manifest.,2026-07-17T17:08:58.064884
lacharente,bd6t55084305j,,failed,0,0,,no_usable_pages,known,,,bd6t55084305j: no usable pages in manifest.,2026-07-17T17:08:58.245963
lacharente,bd6t55084306z,,failed,0,0,,no_usable_pages,known,,,bd6t55084306z: no usable pages in manifest.,2026-07-17T17:08:58.353221
lacharente,bd6t55084307c,,failed,0,0,,no_usable_pages,known,,,bd6t55084307c: no usable pages in manifest.,2026-07-17T17:08:58.545497
lacharente,bd6t55084308s,,failed,0,0,,no_usable_pages,known,,,bd6t55084308s: no usable pages in manifest.,2026-07-17T17:08:58.756623
lacharente,bd6t550843096,,failed,0,0,,no_usable_pages,known,,,bd6t550843096: no usable pages in manifest.,2026-07-17T17:08:58.932734
lacharente,bd6t55084310v,,failed,0,0,,no_usable_pages,known,,,bd6t55084310v: no usable pages in manifest.,2026-07-17T17:08:59.163487
lacharente,bd6t550843118,,failed,0,0,,no_usable_pages,known,,,bd6t550843118: no usable pages in manifest.,2026-07-17T17:08:59.306078
lacharente,bd6t55084312p,,failed,0,0,,no_usable_pages,known,,,bd6t55084312p: no usable pages in manifest.,2026-07-17T17:08:59.464890
lacharente,bd6t550843133,,failed,0,0,,no_usable_pages,known,,,bd6t550843133: no usable pages in manifest.,2026-07-17T17:08:59.587646
lacharente,bd6t55084314h,,failed,0,0,,no_usable_pages,known,,,bd6t55084314h: no usable pages in manifest.,2026-07-17T17:08:59.794986
lacharente,bd6t55084315x,,failed,0,0,,no_usable_pages,known,,,bd6t55084315x: no usable pages in manifest.,2026-07-17T17:09:00.008115
lacharente,bd6t55084316b,,failed,0,0,,no_usable_pages,known,,,bd6t55084316b: no usable pages in manifest.,2026-07-17T17:09:00.149694
lacharente,bd6t55084317r,,failed,0,0,,no_usable_pages,known,,,bd6t55084317r: no usable pages in manifest.,2026-07-17T17:09:00.292477
lacharente,bd6t550843185,,failed,0,0,,no_usable_pages,known,,,bd6t550843185: no usable pages in manifest.,2026-07-17T17:09:00.446911
lacharente,bd6t55084319k,,failed,0,0,,no_usable_pages,known,,,bd6t55084319k: no usable pages in manifest.,2026-07-17T17:09:00.593390
lacharente,bd6t550843207,,failed,0,0,,no_usable_pages,known,,,bd6t550843207: no usable pages in manifest.,2026-07-17T17:09:00.858341
lacharente,bd6t55084321n,,failed,0,0,,no_usable_pages,known,,,bd6t55084321n: no usable pages in manifest.,2026-07-17T17:09:01.098421
lacharente,bd6t550843222,,failed,0,0,,no_usable_pages,known,,,bd6t550843222: no usable pages in manifest.,2026-07-17T17:09:01.255893
lacharente,bd6t55084323g,,failed,0,0,,no_usable_pages,known,,,bd6t55084323g: no usable pages in manifest.,2026-07-17T17:09:01.377079
lacharente,bd6t55084324w,,failed,0,0,,no_usable_pages,known,,,bd6t55084324w: no usable pages in manifest.,2026-07-17T17:09:01.594902
lacharente,bd6t550843259,,failed,0,0,,no_usable_pages,known,,,bd6t550843259: no usable pages in manifest.,2026-07-17T17:09:01.757159
lacharente,bd6t55084326q,,failed,0,0,,no_usable_pages,known,,,bd6t55084326q: no usable pages in manifest.,2026-07-17T17:09:02.048226
lacharente,bd6t550843274,,failed,0,0,,no_usable_pages,known,,,bd6t550843274: no usable pages in manifest.,2026-07-17T17:09:02.395857
lacharente,bd6t55084328j,,failed,0,0,,no_usable_pages,known,,,bd6t55084328j: no usable pages in manifest.,2026-07-17T17:09:02.527901
lacharente,bd6t55084329z,,failed,0,0,,no_usable_pages,known,,,bd6t55084329z: no usable pages in manifest.,2026-07-17T17:09:02.685130
lacharente,bd6t55084330m,,failed,0,0,,no_usable_pages,known,,,bd6t55084330m: no usable pages in manifest.,2026-07-17T17:09:02.896692
lacharente,bd6t550843311,,failed,0,0,,no_usable_pages,known,,,bd6t550843311: no usable pages in manifest.,2026-07-17T17:09:03.151578
lacharente,bd6t55084332f,,failed,0,0,,no_usable_pages,known,,,bd6t55084332f: no usable pages in manifest.,2026-07-17T17:09:03.338670
lacharente,bd6t55084333v,,failed,0,0,,no_usable_pages,known,,,bd6t55084333v: no usable pages in manifest.,2026-07-17T17:09:03.519273
lacharente,bd6t550843348,,failed,0,0,,no_usable_pages,known,,,bd6t550843348: no usable pages in manifest.,2026-07-17T17:09:03.648185
lacharente,bd6t55084335p,,failed,0,0,,no_usable_pages,known,,,bd6t55084335p: no usable pages in manifest.,2026-07-17T17:09:03.789605
lacharente,bd6t550843363,,failed,0,0,,no_usable_pages,known,,,bd6t550843363: no usable pages in manifest.,2026-07-17T17:09:03.940019
lacharente,bd6t55084337h,,failed,0,0,,no_usable_pages,known,,,bd6t55084337h: no usable pages in manifest.,2026-07-17T17:09:04.284754
lacharente,bd6t55084338x,,failed,0,0,,no_usable_pages,known,,,bd6t55084338x: no usable pages in manifest.,2026-07-17T17:09:04.484393
lacharente,bd6t55084339b,,failed,0,0,,no_usable_pages,known,,,bd6t55084339b: no usable pages in manifest.,2026-07-17T17:09:04.697015
lacharente,bd6t550843400,,failed,0,0,,no_usable_pages,known,,,bd6t550843400: no usable pages in manifest.,2026-07-17T17:09:04.879553
lacharente,bd6t55084341d,,failed,0,0,,no_usable_pages,known,,,bd6t55084341d: no usable pages in manifest.,2026-07-17T17:09:05.066689
lacharente,bd6t55084342t,,failed,0,0,,no_usable_pages,known,,,bd6t55084342t: no usable pages in manifest.,2026-07-17T17:09:05.350631
lacharente,bd6t550843437,,failed,0,0,,no_usable_pages,known,,,bd6t550843437: no usable pages in manifest.,2026-07-17T17:09:05.669320
lacharente,bd6t55084344n,,failed,0,0,,no_usable_pages,known,,,bd6t55084344n: no usable pages in manifest.,2026-07-17T17:09:05.838520
lacharente,bd6t550843452,,failed,0,0,,no_usable_pages,known,,,bd6t550843452: no usable pages in manifest.,2026-07-17T17:09:06.000895
lacharente,bd6t55084346g,,failed,0,0,,no_usable_pages,known,,,bd6t55084346g: no usable pages in manifest.,2026-07-17T17:09:06.156872
lacharente,bd6t55084347w,,failed,0,0,,no_usable_pages,known,,,bd6t55084347w: no usable pages in manifest.,2026-07-17T17:09:06.400488
lacharente,bd6t550843489,,failed,0,0,,no_usable_pages,known,,,bd6t550843489: no usable pages in manifest.,2026-07-17T17:09:06.638199
lacharente,bd6t55084349q,,failed,0,0,,no_usable_pages,known,,,bd6t55084349q: no usable pages in manifest.,2026-07-17T17:09:06.750603
lacharente,bd6t55084350c,,failed,0,0,,no_usable_pages,known,,,bd6t55084350c: no usable pages in manifest.,2026-07-17T17:09:06.966679
lacharente,bd6t55084351s,,failed,0,0,,no_usable_pages,known,,,bd6t55084351s: no usable pages in manifest.,2026-07-17T17:09:07.205411
lacharente,bd6t550843526,,failed,0,0,,no_usable_pages,known,,,bd6t550843526: no usable pages in manifest.,2026-07-17T17:09:07.317369
lacharente,bd6t55084353m,,failed,0,0,,no_usable_pages,known,,,bd6t55084353m: no usable pages in manifest.,2026-07-17T17:09:07.528901
lacharente,bd6t550843541,,failed,0,0,,no_usable_pages,known,,,bd6t550843541: no usable pages in manifest.,2026-07-17T17:09:07.752532
lacharente,bd6t55084355f,,failed,0,0,,no_usable_pages,known,,,bd6t55084355f: no usable pages in manifest.,2026-07-17T17:09:07.884423
lacharente,bd6t55084356v,,failed,0,0,,no_usable_pages,known,,,bd6t55084356v: no usable pages in manifest.,2026-07-17T17:09:08.037928
lacharente,bd6t550843578,,failed,0,0,,no_usable_pages,known,,,bd6t550843578: no usable pages in manifest.,2026-07-17T17:09:08.182335
lacharente,bd6t55084358p,,failed,0,0,,no_usable_pages,known,,,bd6t55084358p: no usable pages in manifest.,2026-07-17T17:09:08.338588
lacharente,bd6t550843593,,failed,0,0,,no_usable_pages,known,,,bd6t550843593: no usable pages in manifest.,2026-07-17T17:09:08.584802
lacharente,bd6t55084360r,,failed,0,0,,no_usable_pages,known,,,bd6t55084360r: no usable pages in manifest.,2026-07-17T17:09:08.754151
lacharente,bd6t550843615,,failed,0,0,,no_usable_pages,known,,,bd6t550843615: no usable pages in manifest.,2026-07-17T17:09:08.908333
lacharente,bd6t55084362k,,failed,0,0,,no_usable_pages,known,,,bd6t55084362k: no usable pages in manifest.,2026-07-17T17:09:09.051520
lacharente,bd6t550843630,,failed,0,0,,no_usable_pages,known,,,bd6t550843630: no usable pages in manifest.,2026-07-17T17:09:09.217868
lacharente,bd6t55084364d,,failed,0,0,,no_usable_pages,known,,,bd6t55084364d: no usable pages in manifest.,2026-07-17T17:09:09.391273
lacharente,bd6t55084365t,,failed,0,0,,no_usable_pages,known,,,bd6t55084365t: no usable pages in manifest.,2026-07-17T17:09:09.525940
lacharente,bd6t550843667,,failed,0,0,,no_usable_pages,known,,,bd6t550843667: no usable pages in manifest.,2026-07-17T17:09:09.866086
lacharente,bd6t55084367n,,failed,0,0,,no_usable_pages,known,,,bd6t55084367n: no usable pages in manifest.,2026-07-17T17:09:10.017032
lacharente,bd6t550843682,,failed,0,0,,no_usable_pages,known,,,bd6t550843682: no usable pages in manifest.,2026-07-17T17:09:10.150502
lacharente,bd6t55084369g,,failed,0,0,,no_usable_pages,known,,,bd6t55084369g: no usable pages in manifest.,2026-07-17T17:09:10.344125
lacharente,bd6t550843704,,failed,0,0,,no_usable_pages,known,,,bd6t550843704: no usable pages in manifest.,2026-07-17T17:09:10.488612
lacharente,bd6t55084371j,,failed,0,0,,no_usable_pages,known,,,bd6t55084371j: no usable pages in manifest.,2026-07-17T17:09:10.651052
lacharente,bd6t55084372z,,failed,0,0,,no_usable_pages,known,,,bd6t55084372z: no usable pages in manifest.,2026-07-17T17:09:10.957675
lacharente,bd6t55084373c,,failed,0,0,,no_usable_pages,known,,,bd6t55084373c: no usable pages in manifest.,2026-07-17T17:09:11.055365
lacharente,bd6t55084374s,,failed,0,0,,no_usable_pages,known,,,bd6t55084374s: no usable pages in manifest.,2026-07-17T17:09:11.191394
lacharente,bd6t550843756,,failed,0,0,,no_usable_pages,known,,,bd6t550843756: no usable pages in manifest.,2026-07-17T17:09:11.341631
lacharente,bd6t55084376m,,failed,0,0,,no_usable_pages,known,,,bd6t55084376m: no usable pages in manifest.,2026-07-17T17:09:11.528703
lacharente,bd6t550843771,,failed,0,0,,no_usable_pages,known,,,bd6t550843771: no usable pages in manifest.,2026-07-17T17:09:11.717823
lacharente,bd6t55084378f,,failed,0,0,,no_usable_pages,known,,,bd6t55084378f: no usable pages in manifest.,2026-07-17T17:09:12.374731
lacharente,bd6t55084379v,,failed,0,0,,no_usable_pages,known,,,bd6t55084379v: no usable pages in manifest.,2026-07-17T17:09:12.562537
lacharente,bd6t55084380h,,failed,0,0,,no_usable_pages,known,,,bd6t55084380h: no usable pages in manifest.,2026-07-17T17:09:12.685630
lacharente,bd6t55084381x,,failed,0,0,,no_usable_pages,known,,,bd6t55084381x: no usable pages in manifest.,2026-07-17T17:09:12.839701
lacharente,bd6t55084382b,,failed,0,0,,no_usable_pages,known,,,bd6t55084382b: no usable pages in manifest.,2026-07-17T17:09:13.123961
lacharente,bd6t55084383r,,failed,0,0,,no_usable_pages,known,,,bd6t55084383r: no usable pages in manifest.,2026-07-17T17:09:13.268024
lacharente,bd6t550843845,,failed,0,0,,no_usable_pages,known,,,bd6t550843845: no usable pages in manifest.,2026-07-17T17:09:13.432997
lacharente,bd6t55084385k,,failed,0,0,,no_usable_pages,known,,,bd6t55084385k: no usable pages in manifest.,2026-07-17T17:09:13.677083
lacharente,bd6t550843860,,failed,0,0,,no_usable_pages,known,,,bd6t550843860: no usable pages in manifest.,2026-07-17T17:09:13.830696
lacharente,bd6t55084387d,,failed,0,0,,no_usable_pages,known,,,bd6t55084387d: no usable pages in manifest.,2026-07-17T17:09:14.031497
lacharente,bd6t55084388t,,failed,0,0,,no_usable_pages,known,,,bd6t55084388t: no usable pages in manifest.,2026-07-17T17:09:14.243761
lacharente,bd6t550843897,,failed,0,0,,no_usable_pages,known,,,bd6t550843897: no usable pages in manifest.,2026-07-17T17:09:14.415360
lacharente,bd6t55084390w,,failed,0,0,,no_usable_pages,known,,,bd6t55084390w: no usable pages in manifest.,2026-07-17T17:09:14.608623
lacharente,bd6t550843919,,failed,0,0,,no_usable_pages,known,,,bd6t550843919: no usable pages in manifest.,2026-07-17T17:09:14.786002
lacharente,bd6t55084392q,,failed,0,0,,no_usable_pages,known,,,bd6t55084392q: no usable pages in manifest.,2026-07-17T17:09:14.954958
lacharente,bd6t550843934,,failed,0,0,,no_usable_pages,known,,,bd6t550843934: no usable pages in manifest.,2026-07-17T17:09:15.192606
lacharente,bd6t55084394j,,failed,0,0,,no_usable_pages,known,,,bd6t55084394j: no usable pages in manifest.,2026-07-17T17:09:15.439648
lacharente,bd6t55084395z,,failed,0,0,,no_usable_pages,known,,,bd6t55084395z: no usable pages in manifest.,2026-07-17T17:09:15.611941
lacharente,bd6t55084396c,,failed,0,0,,no_usable_pages,known,,,bd6t55084396c: no usable pages in manifest.,2026-07-17T17:09:15.726022
lacharente,bd6t55084397s,,failed,0,0,,no_usable_pages,known,,,bd6t55084397s: no usable pages in manifest.,2026-07-17T17:09:15.865132
lacharente,bd6t550843986,,failed,0,0,,no_usable_pages,known,,,bd6t550843986: no usable pages in manifest.,2026-07-17T17:09:16.031862
lacharente,bd6t55084399m,,failed,0,0,,no_usable_pages,known,,,bd6t55084399m: no usable pages in manifest.,2026-07-17T17:09:16.256775
lacharente,bd6t55084400t,,failed,0,0,,no_usable_pages,known,,,bd6t55084400t: no usable pages in manifest.,2026-07-17T17:09:16.478734
lacharente,bd6t550844017,,failed,0,0,,no_usable_pages,known,,,bd6t550844017: no usable pages in manifest.,2026-07-17T17:09:16.661608
lacharente,bd6t55084402n,,failed,0,0,,no_usable_pages,known,,,bd6t55084402n: no usable pages in manifest.,2026-07-17T17:09:16.817280
lacharente,bd6t550844032,,failed,0,0,,no_usable_pages,known,,,bd6t550844032: no usable pages in manifest.,2026-07-17T17:09:17.036178
lacharente,bd6t55084404g,,failed,0,0,,no_usable_pages,known,,,bd6t55084404g: no usable pages in manifest.,2026-07-17T17:09:17.286945
lacharente,bd6t55084405w,,failed,0,0,,no_usable_pages,known,,,bd6t55084405w: no usable pages in manifest.,2026-07-17T17:09:17.701418
lacharente,bd6t550844069,,failed,0,0,,no_usable_pages,known,,,bd6t550844069: no usable pages in manifest.,2026-07-17T17:09:17.865853
lacharente,bd6t55084407q,,failed,0,0,,no_usable_pages,known,,,bd6t55084407q: no usable pages in manifest.,2026-07-17T17:09:18.024647
lacharente,bd6t550844084,,failed,0,0,,no_usable_pages,known,,,bd6t550844084: no usable pages in manifest.,2026-07-17T17:09:18.137222
lacharente,bd6t55084409j,,failed,0,0,,no_usable_pages,known,,,bd6t55084409j: no usable pages in manifest.,2026-07-17T17:09:18.356321
lacharente,bd6t550844106,,failed,0,0,,no_usable_pages,known,,,bd6t550844106: no usable pages in manifest.,2026-07-17T17:09:18.504848
lacharente,bd6t55084411m,,failed,0,0,,no_usable_pages,known,,,bd6t55084411m: no usable pages in manifest.,2026-07-17T17:09:18.719449
lacharente,bd6t550844121,,failed,0,0,,no_usable_pages,known,,,bd6t550844121: no usable pages in manifest.,2026-07-17T17:09:18.870878
lacharente,bd6t55084413f,,failed,0,0,,no_usable_pages,known,,,bd6t55084413f: no usable pages in manifest.,2026-07-17T17:09:19.027840
lacharente,bd6t55084414v,,failed,0,0,,no_usable_pages,known,,,bd6t55084414v: no usable pages in manifest.,2026-07-17T17:09:19.183721
lacharente,bd6t550844158,,failed,0,0,,no_usable_pages,known,,,bd6t550844158: no usable pages in manifest.,2026-07-17T17:09:19.338088
lacharente,bd6t55084416p,,failed,0,0,,no_usable_pages,known,,,bd6t55084416p: no usable pages in manifest.,2026-07-17T17:09:19.482873
lacharente,bd6t550844173,,failed,0,0,,no_usable_pages,known,,,bd6t550844173: no usable pages in manifest.,2026-07-17T17:09:19.670909
lacharente,bd6t55084418h,,failed,0,0,,no_usable_pages,known,,,bd6t55084418h: no usable pages in manifest.,2026-07-17T17:09:19.937165
lacharente,bd6t55084419x,,failed,0,0,,no_usable_pages,known,,,bd6t55084419x: no usable pages in manifest.,2026-07-17T17:09:20.154369
lacharente,bd6t55084420k,,failed,0,0,,no_usable_pages,known,,,bd6t55084420k: no usable pages in manifest.,2026-07-17T17:09:20.325743
lacharente,bd6t550844210,,failed,0,0,,no_usable_pages,known,,,bd6t550844210: no usable pages in manifest.,2026-07-17T17:09:20.474929
lacharente,bd6t55084422d,,failed,0,0,,no_usable_pages,known,,,bd6t55084422d: no usable pages in manifest.,2026-07-17T17:09:20.601854
lacharente,bd6t55084423t,,failed,0,0,,no_usable_pages,known,,,bd6t55084423t: no usable pages in manifest.,2026-07-17T17:09:20.767308
lacharente,bd6t550844247,,failed,0,0,,no_usable_pages,known,,,bd6t550844247: no usable pages in manifest.,2026-07-17T17:09:21.016833
lacharente,bd6t55084425n,,failed,0,0,,no_usable_pages,known,,,bd6t55084425n: no usable pages in manifest.,2026-07-17T17:09:21.239283
lacharente,bd6t550844262,,failed,0,0,,no_usable_pages,known,,,bd6t550844262: no usable pages in manifest.,2026-07-17T17:09:21.390982
lacharente,bd6t55084427g,,failed,0,0,,no_usable_pages,known,,,bd6t55084427g: no usable pages in manifest.,2026-07-17T17:09:21.537441
lacharente,bd6t55084428w,,failed,0,0,,no_usable_pages,known,,,bd6t55084428w: no usable pages in manifest.,2026-07-17T17:09:21.711730
lacharente,bd6t550844299,,failed,0,0,,no_usable_pages,known,,,bd6t550844299: no usable pages in manifest.,2026-07-17T17:09:21.842252
lacharente,bd6t55084430z,,failed,0,0,,no_usable_pages,known,,,bd6t55084430z: no usable pages in manifest.,2026-07-17T17:09:22.244366
lacharente,bd6t55084431c,,failed,0,0,,no_usable_pages,known,,,bd6t55084431c: no usable pages in manifest.,2026-07-17T17:09:22.455970
lacharente,bd6t55084432s,,failed,0,0,,no_usable_pages,known,,,bd6t55084432s: no usable pages in manifest.,2026-07-17T17:09:22.574955
lacharente,bd6t550844336,,failed,0,0,,no_usable_pages,known,,,bd6t550844336: no usable pages in manifest.,2026-07-17T17:09:22.738142
lacharente,bd6t55084434m,,failed,0,0,,no_usable_pages,known,,,bd6t55084434m: no usable pages in manifest.,2026-07-17T17:09:22.848480
lacharente,bd6t550844351,,failed,0,0,,no_usable_pages,known,,,bd6t550844351: no usable pages in manifest.,2026-07-17T17:09:23.061944
lacharente,bd6t55084436f,,failed,0,0,,no_usable_pages,known,,,bd6t55084436f: no usable pages in manifest.,2026-07-17T17:09:23.249704
lacharente,bd6t55084437v,,failed,0,0,,no_usable_pages,known,,,bd6t55084437v: no usable pages in manifest.,2026-07-17T17:09:23.415847
lacharente,bd6t550844388,,failed,0,0,,no_usable_pages,known,,,bd6t550844388: no usable pages in manifest.,2026-07-17T17:09:23.623678
lacharente,bd6t55084439p,,failed,0,0,,no_usable_pages,known,,,bd6t55084439p: no usable pages in manifest.,2026-07-17T17:09:23.763067
lacharente,bd6t55084440b,,failed,0,0,,no_usable_pages,known,,,bd6t55084440b: no usable pages in manifest.,2026-07-17T17:09:23.922724
lacharente,bd6t55084441r,,failed,0,0,,no_usable_pages,known,,,bd6t55084441r: no usable pages in manifest.,2026-07-17T17:09:24.122521
lacharente,bd6t550844425,,failed,0,0,,no_usable_pages,known,,,bd6t550844425: no usable pages in manifest.,2026-07-17T17:09:24.367589
lacharente,bd6t55084443k,,failed,0,0,,no_usable_pages,known,,,bd6t55084443k: no usable pages in manifest.,2026-07-17T17:09:24.561959
lacharente,bd6t550844440,,failed,0,0,,no_usable_pages,known,,,bd6t550844440: no usable pages in manifest.,2026-07-17T17:09:24.795700
lacharente,bd6t55084445d,,failed,0,0,,no_usable_pages,known,,,bd6t55084445d: no usable pages in manifest.,2026-07-17T17:09:24.927048
lacharente,bd6t55084446t,,failed,0,0,,no_usable_pages,known,,,bd6t55084446t: no usable pages in manifest.,2026-07-17T17:09:25.095531
lacharente,bd6t550844477,,failed,0,0,,no_usable_pages,known,,,bd6t550844477: no usable pages in manifest.,2026-07-17T17:09:25.397594
lacharente,bd6t55084448n,,failed,0,0,,no_usable_pages,known,,,bd6t55084448n: no usable pages in manifest.,2026-07-17T17:09:25.555448
lacharente,bd6t550844492,,failed,0,0,,no_usable_pages,known,,,bd6t550844492: no usable pages in manifest.,2026-07-17T17:09:25.721183
lacharente,bd6t55084450q,,failed,0,0,,no_usable_pages,known,,,bd6t55084450q: no usable pages in manifest.,2026-07-17T17:09:25.944314
lacharente,bd6t550844514,,failed,0,0,,no_usable_pages,known,,,bd6t550844514: no usable pages in manifest.,2026-07-17T17:09:26.084523
lacharente,bd6t55084452j,,failed,0,0,,no_usable_pages,known,,,bd6t55084452j: no usable pages in manifest.,2026-07-17T17:09:26.193627
lacharente,bd6t55084453z,,failed,0,0,,no_usable_pages,known,,,bd6t55084453z: no usable pages in manifest.,2026-07-17T17:09:26.476147
lacharente,bd6t55084454c,,failed,0,0,,no_usable_pages,known,,,bd6t55084454c: no usable pages in manifest.,2026-07-17T17:09:26.597289
lacharente,bd6t55084455s,,failed,0,0,,no_usable_pages,known,,,bd6t55084455s: no usable pages in manifest.,2026-07-17T17:09:26.760876
lacharente,bd6t550844566,,failed,0,0,,no_usable_pages,known,,,bd6t550844566: no usable pages in manifest.,2026-07-17T17:09:27.345837
lacharente,bd6t55084457m,,failed,0,0,,no_usable_pages,known,,,bd6t55084457m: no usable pages in manifest.,2026-07-17T17:09:27.625314
lacharente,bd6t550844581,,failed,0,0,,no_usable_pages,known,,,bd6t550844581: no usable pages in manifest.,2026-07-17T17:09:27.789550
lacharente,bd6t55084459f,,failed,0,0,,no_usable_pages,known,,,bd6t55084459f: no usable pages in manifest.,2026-07-17T17:09:27.932482
lacharente,bd6t550844603,,failed,0,0,,no_usable_pages,known,,,bd6t550844603: no usable pages in manifest.,2026-07-17T17:09:28.083734
lacharente,bd6t55084461h,,failed,0,0,,no_usable_pages,known,,,bd6t55084461h: no usable pages in manifest.,2026-07-17T17:09:28.297601
lacharente,bd6t55084462x,,failed,0,0,,no_usable_pages,known,,,bd6t55084462x: no usable pages in manifest.,2026-07-17T17:09:28.438630
lacharente,bd6t55084463b,,failed,0,0,,no_usable_pages,known,,,bd6t55084463b: no usable pages in manifest.,2026-07-17T17:09:28.653765
lacharente,bd6t55084464r,,failed,0,0,,no_usable_pages,known,,,bd6t55084464r: no usable pages in manifest.,2026-07-17T17:09:28.822134
lacharente,bd6t550844655,,failed,0,0,,no_usable_pages,known,,,bd6t550844655: no usable pages in manifest.,2026-07-17T17:09:28.957635
lacharente,bd6t55084466k,,failed,0,0,,no_usable_pages,known,,,bd6t55084466k: no usable pages in manifest.,2026-07-17T17:09:29.097449
lacharente,bd6t550844670,,failed,0,0,,no_usable_pages,known,,,bd6t550844670: no usable pages in manifest.,2026-07-17T17:09:29.291686
lacharente,bd6t55084468d,,failed,0,0,,no_usable_pages,known,,,bd6t55084468d: no usable pages in manifest.,2026-07-17T17:09:29.417847
lacharente,bd6t55084469t,,failed,0,0,,no_usable_pages,known,,,bd6t55084469t: no usable pages in manifest.,2026-07-17T17:09:29.753050
lacharente,bd6t55084470g,,failed,0,0,,no_usable_pages,known,,,bd6t55084470g: no usable pages in manifest.,2026-07-17T17:09:29.891775
lacharente,bd6t55084471w,,failed,0,0,,no_usable_pages,known,,,bd6t55084471w: no usable pages in manifest.,2026-07-17T17:09:30.081164
lacharente,bd6t550844729,,failed,0,0,,no_usable_pages,known,,,bd6t550844729: no usable pages in manifest.,2026-07-17T17:09:30.289926
lacharente,bd6t55084473q,,failed,0,0,,no_usable_pages,known,,,bd6t55084473q: no usable pages in manifest.,2026-07-17T17:09:30.444190
lacharente,bd6t550844744,,failed,0,0,,no_usable_pages,known,,,bd6t550844744: no usable pages in manifest.,2026-07-17T17:09:30.593542
lacharente,bd6t55084475j,,failed,0,0,,no_usable_pages,known,,,bd6t55084475j: no usable pages in manifest.,2026-07-17T17:09:30.798516
lacharente,bd6t55084476z,,failed,0,0,,no_usable_pages,known,,,bd6t55084476z: no usable pages in manifest.,2026-07-17T17:09:30.957581
lacharente,bd6t55084477c,,failed,0,0,,no_usable_pages,known,,,bd6t55084477c: no usable pages in manifest.,2026-07-17T17:09:31.041377
lacharente,bd6t55084478s,,failed,0,0,,no_usable_pages,known,,,bd6t55084478s: no usable pages in manifest.,2026-07-17T17:09:31.177822
lacharente,bd6t550844796,,failed,0,0,,no_usable_pages,known,,,bd6t550844796: no usable pages in manifest.,2026-07-17T17:09:31.476803
lacharente,bd6t55084480v,,failed,0,0,,no_usable_pages,known,,,bd6t55084480v: no usable pages in manifest.,2026-07-17T17:09:31.735768
lacharente,bd6t550844818,,failed,0,0,,no_usable_pages,known,,,bd6t550844818: no usable pages in manifest.,2026-07-17T17:09:31.975773
lacharente,bd6t55084482p,,failed,0,0,,no_usable_pages,known,,,bd6t55084482p: no usable pages in manifest.,2026-07-17T17:09:32.175583
lacharente,bd6t550844833,,failed,0,0,,no_usable_pages,known,,,bd6t550844833: no usable pages in manifest.,2026-07-17T17:09:32.556582
lacharente,bd6t55084484h,,failed,0,0,,no_usable_pages,known,,,bd6t55084484h: no usable pages in manifest.,2026-07-17T17:09:32.708616
lacharente,bd6t55084485x,,failed,0,0,,no_usable_pages,known,,,bd6t55084485x: no usable pages in manifest.,2026-07-17T17:09:32.822254
lacharente,bd6t55084486b,,failed,0,0,,no_usable_pages,known,,,bd6t55084486b: no usable pages in manifest.,2026-07-17T17:09:33.073055
lacharente,bd6t55084487r,,failed,0,0,,no_usable_pages,known,,,bd6t55084487r: no usable pages in manifest.,2026-07-17T17:09:33.223604
lacharente,bd6t550844885,,failed,0,0,,no_usable_pages,known,,,bd6t550844885: no usable pages in manifest.,2026-07-17T17:09:33.379904
lacharente,bd6t55084489k,,failed,0,0,,no_usable_pages,known,,,bd6t55084489k: no usable pages in manifest.,2026-07-17T17:09:33.500770
lacharente,bd6t550844907,,failed,0,0,,no_usable_pages,known,,,bd6t550844907: no usable pages in manifest.,2026-07-17T17:09:33.823910
lacharente,bd6t55084491n,,failed,0,0,,no_usable_pages,known,,,bd6t55084491n: no usable pages in manifest.,2026-07-17T17:09:34.151065
lacharente,bd6t550844922,,failed,0,0,,no_usable_pages,known,,,bd6t550844922: no usable pages in manifest.,2026-07-17T17:09:34.327877
lacharente,bd6t55084493g,,failed,0,0,,no_usable_pages,known,,,bd6t55084493g: no usable pages in manifest.,2026-07-17T17:09:34.528001
lacharente,bd6t55084494w,,failed,0,0,,no_usable_pages,known,,,bd6t55084494w: no usable pages in manifest.,2026-07-17T17:09:34.681075
lacharente,bd6t550844959,,failed,0,0,,no_usable_pages,known,,,bd6t550844959: no usable pages in manifest.,2026-07-17T17:09:34.856620
lacharente,bd6t55084496q,,failed,0,0,,no_usable_pages,known,,,bd6t55084496q: no usable pages in manifest.,2026-07-17T17:09:35.085668
lacharente,bd6t550844974,,failed,0,0,,no_usable_pages,known,,,bd6t550844974: no usable pages in manifest.,2026-07-17T17:09:35.253524
lacharente,bd6t55084498j,,failed,0,0,,no_usable_pages,known,,,bd6t55084498j: no usable pages in manifest.,2026-07-17T17:09:35.394760
lacharente,bd6t55084499z,,failed,0,0,,no_usable_pages,known,,,bd6t55084499z: no usable pages in manifest.,2026-07-17T17:09:35.539259
lacharente,bd6t550845005,,failed,0,0,,no_usable_pages,known,,,bd6t550845005: no usable pages in manifest.,2026-07-17T17:09:35.679848
lacharente,bd6t55084501k,,failed,0,0,,no_usable_pages,known,,,bd6t55084501k: no usable pages in manifest.,2026-07-17T17:09:35.837645
lacharente,bd6t550845020,,failed,0,0,,no_usable_pages,known,,,bd6t550845020: no usable pages in manifest.,2026-07-17T17:09:36.014742
lacharente,bd6t55084503d,,failed,0,0,,no_usable_pages,known,,,bd6t55084503d: no usable pages in manifest.,2026-07-17T17:09:36.221480
lacharente,bd6t55084504t,,failed,0,0,,no_usable_pages,known,,,bd6t55084504t: no usable pages in manifest.,2026-07-17T17:09:36.423647
lacharente,bd6t550845057,,failed,0,0,,no_usable_pages,known,,,bd6t550845057: no usable pages in manifest.,2026-07-17T17:09:36.625135
lacharente,bd6t55084506n,,failed,0,0,,no_usable_pages,known,,,bd6t55084506n: no usable pages in manifest.,2026-07-17T17:09:36.868653
lacharente,bd6t550845072,,failed,0,0,,no_usable_pages,known,,,bd6t550845072: no usable pages in manifest.,2026-07-17T17:09:37.048981
lacharente,bd6t55084508g,,failed,0,0,,no_usable_pages,known,,,bd6t55084508g: no usable pages in manifest.,2026-07-17T17:09:37.652105
lacharente,bd6t55084509w,,failed,0,0,,no_usable_pages,known,,,bd6t55084509w: no usable pages in manifest.,2026-07-17T17:09:37.770768
lacharente,bd6t55084510j,,failed,0,0,,no_usable_pages,known,,,bd6t55084510j: no usable pages in manifest.,2026-07-17T17:09:37.928065
lacharente,bd6t55084511z,,failed,0,0,,no_usable_pages,known,,,bd6t55084511z: no usable pages in manifest.,2026-07-17T17:09:38.087201
lacharente,bd6t55084512c,,failed,0,0,,no_usable_pages,known,,,bd6t55084512c: no usable pages in manifest.,2026-07-17T17:09:38.293019
lacharente,bd6t55084513s,,failed,0,0,,no_usable_pages,known,,,bd6t55084513s: no usable pages in manifest.,2026-07-17T17:09:38.507992
lacharente,bd6t550845146,,failed,0,0,,no_usable_pages,known,,,bd6t550845146: no usable pages in manifest.,2026-07-17T17:09:38.723242
lacharente,bd6t55084515m,,failed,0,0,,no_usable_pages,known,,,bd6t55084515m: no usable pages in manifest.,2026-07-17T17:09:38.884021
lacharente,bd6t550845161,,failed,0,0,,no_usable_pages,known,,,bd6t550845161: no usable pages in manifest.,2026-07-17T17:09:39.048572
lacharente,bd6t55084517f,,failed,0,0,,no_usable_pages,known,,,bd6t55084517f: no usable pages in manifest.,2026-07-17T17:09:39.248132
lacharente,bd6t55084518v,,failed,0,0,,no_usable_pages,known,,,bd6t55084518v: no usable pages in manifest.,2026-07-17T17:09:39.447950
lacharente,bd6t550845198,,failed,0,0,,no_usable_pages,known,,,bd6t550845198: no usable pages in manifest.,2026-07-17T17:09:39.629743
lacharente,bd6t55084520x,,failed,0,0,,no_usable_pages,known,,,bd6t55084520x: no usable pages in manifest.,2026-07-17T17:09:39.811524
lacharente,bd6t55084521b,,failed,0,0,,no_usable_pages,known,,,bd6t55084521b: no usable pages in manifest.,2026-07-17T17:09:39.924644
lacharente,bd6t55084522r,,failed,0,0,,no_usable_pages,known,,,bd6t55084522r: no usable pages in manifest.,2026-07-17T17:09:40.096438
lacharente,bd6t550845235,,failed,0,0,,no_usable_pages,known,,,bd6t550845235: no usable pages in manifest.,2026-07-17T17:09:40.194757
lacharente,bd6t55084524k,,failed,0,0,,no_usable_pages,known,,,bd6t55084524k: no usable pages in manifest.,2026-07-17T17:09:40.377193
lacharente,bd6t550845250,,failed,0,0,,no_usable_pages,known,,,bd6t550845250: no usable pages in manifest.,2026-07-17T17:09:40.545224
lacharente,bd6t55084526d,,failed,0,0,,no_usable_pages,known,,,bd6t55084526d: no usable pages in manifest.,2026-07-17T17:09:40.732933
lacharente,bd6t55084527t,,failed,0,0,,no_usable_pages,known,,,bd6t55084527t: no usable pages in manifest.,2026-07-17T17:09:40.907321
lacharente,bd6t550845287,,failed,0,0,,no_usable_pages,known,,,bd6t550845287: no usable pages in manifest.,2026-07-17T17:09:41.034271
lacharente,bd6t55084529n,,failed,0,0,,no_usable_pages,known,,,bd6t55084529n: no usable pages in manifest.,2026-07-17T17:09:41.205858
lacharente,bd6t550845309,,failed,0,0,,no_usable_pages,known,,,bd6t550845309: no usable pages in manifest.,2026-07-17T17:09:41.378421
lacharente,bd6t55084531q,,failed,0,0,,no_usable_pages,known,,,bd6t55084531q: no usable pages in manifest.,2026-07-17T17:09:41.597219
lacharente,bd6t550845324,,failed,0,0,,no_usable_pages,known,,,bd6t550845324: no usable pages in manifest.,2026-07-17T17:09:41.737829
lacharente,bd6t55084533j,,failed,0,0,,no_usable_pages,known,,,bd6t55084533j: no usable pages in manifest.,2026-07-17T17:09:41.954931
lacharente,bd6t55084534z,,failed,0,0,,no_usable_pages,known,,,bd6t55084534z: no usable pages in manifest.,2026-07-17T17:09:42.115667
lacharente,bd6t55084535c,,failed,0,0,,no_usable_pages,known,,,bd6t55084535c: no usable pages in manifest.,2026-07-17T17:09:42.235916
lacharente,bd6t55084536s,,failed,0,0,,no_usable_pages,known,,,bd6t55084536s: no usable pages in manifest.,2026-07-17T17:09:42.483238
lacharente,bd6t550845376,,failed,0,0,,no_usable_pages,known,,,bd6t550845376: no usable pages in manifest.,2026-07-17T17:09:42.941358
lacharente,bd6t55084538m,,failed,0,0,,no_usable_pages,known,,,bd6t55084538m: no usable pages in manifest.,2026-07-17T17:09:43.123755
lacharente,bd6t550845391,,failed,0,0,,no_usable_pages,known,,,bd6t550845391: no usable pages in manifest.,2026-07-17T17:09:43.254441
lacharente,bd6t55084540p,,failed,0,0,,no_usable_pages,known,,,bd6t55084540p: no usable pages in manifest.,2026-07-17T17:09:43.370363
lacharente,bd6t550845413,,failed,0,0,,no_usable_pages,known,,,bd6t550845413: no usable pages in manifest.,2026-07-17T17:09:43.514102
lacharente,bd6t55084542h,,failed,0,0,,no_usable_pages,known,,,bd6t55084542h: no usable pages in manifest.,2026-07-17T17:09:43.696959
lacharente,bd6t55084543x,,failed,0,0,,no_usable_pages,known,,,bd6t55084543x: no usable pages in manifest.,2026-07-17T17:09:43.851311
lacharente,bd6t55084544b,,failed,0,0,,no_usable_pages,known,,,bd6t55084544b: no usable pages in manifest.,2026-07-17T17:09:44.064973
lacharente,bd6t55084545r,,failed,0,0,,no_usable_pages,known,,,bd6t55084545r: no usable pages in manifest.,2026-07-17T17:09:44.256649
lacharente,bd6t550845465,,failed,0,0,,no_usable_pages,known,,,bd6t550845465: no usable pages in manifest.,2026-07-17T17:09:44.395283
lacharente,bd6t55084547k,,failed,0,0,,no_usable_pages,known,,,bd6t55084547k: no usable pages in manifest.,2026-07-17T17:09:44.530196
lacharente,bd6t550845480,,failed,0,0,,no_usable_pages,known,,,bd6t550845480: no usable pages in manifest.,2026-07-17T17:09:44.674080
lacharente,bd6t55084549d,,failed,0,0,,no_usable_pages,known,,,bd6t55084549d: no usable pages in manifest.,2026-07-17T17:09:44.882473
lacharente,bd6t550845502,,failed,0,0,,no_usable_pages,known,,,bd6t550845502: no usable pages in manifest.,2026-07-17T17:09:45.074527
lacharente,bd6t55084551g,,failed,0,0,,no_usable_pages,known,,,bd6t55084551g: no usable pages in manifest.,2026-07-17T17:09:45.264572
lacharente,bd6t55084552w,,failed,0,0,,no_usable_pages,known,,,bd6t55084552w: no usable pages in manifest.,2026-07-17T17:09:45.410229
lacharente,bd6t550845539,,failed,0,0,,no_usable_pages,known,,,bd6t550845539: no usable pages in manifest.,2026-07-17T17:09:45.580028
lacharente,bd6t55084554q,,failed,0,0,,no_usable_pages,known,,,bd6t55084554q: no usable pages in manifest.,2026-07-17T17:09:45.721718
lacharente,bd6t550845554,,failed,0,0,,no_usable_pages,known,,,bd6t550845554: no usable pages in manifest.,2026-07-17T17:09:45.888621
lacharente,bd6t55084556j,,failed,0,0,,no_usable_pages,known,,,bd6t55084556j: no usable pages in manifest.,2026-07-17T17:09:46.087099
lacharente,bd6t55084557z,,failed,0,0,,no_usable_pages,known,,,bd6t55084557z: no usable pages in manifest.,2026-07-17T17:09:46.394670
lacharente,bd6t55084558c,,failed,0,0,,no_usable_pages,known,,,bd6t55084558c: no usable pages in manifest.,2026-07-17T17:09:46.561342
lacharente,bd6t55084559s,,failed,0,0,,no_usable_pages,known,,,bd6t55084559s: no usable pages in manifest.,2026-07-17T17:09:46.732484
lacharente,bd6t55084560f,,failed,0,0,,no_usable_pages,known,,,bd6t55084560f: no usable pages in manifest.,2026-07-17T17:09:46.892042
lacharente,bd6t55084561v,,failed,0,0,,no_usable_pages,known,,,bd6t55084561v: no usable pages in manifest.,2026-07-17T17:09:47.006848
lacharente,bd6t550845628,,failed,0,0,,no_usable_pages,known,,,bd6t550845628: no usable pages in manifest.,2026-07-17T17:09:47.168828
lacharente,bd6t55084563p,,failed,0,0,,no_usable_pages,known,,,bd6t55084563p: no usable pages in manifest.,2026-07-17T17:09:47.727831
lacharente,bd6t550845643,,failed,0,0,,no_usable_pages,known,,,bd6t550845643: no usable pages in manifest.,2026-07-17T17:09:48.157313
lacharente,bd6t55084565h,,failed,0,0,,no_usable_pages,known,,,bd6t55084565h: no usable pages in manifest.,2026-07-17T17:09:48.390089
lacharente,bd6t55084566x,,failed,0,0,,no_usable_pages,known,,,bd6t55084566x: no usable pages in manifest.,2026-07-17T17:09:48.547530
lacharente,bd6t55084567b,,failed,0,0,,no_usable_pages,known,,,bd6t55084567b: no usable pages in manifest.,2026-07-17T17:09:48.738320
lacharente,bd6t550845695,,failed,0,0,,no_usable_pages,known,,,bd6t550845695: no usable pages in manifest.,2026-07-17T17:09:48.896516
lacharente,bd6t55084570t,,failed,0,0,,no_usable_pages,known,,,bd6t55084570t: no usable pages in manifest.,2026-07-17T17:09:49.060702
lacharente,bd6t550845717,,failed,0,0,,no_usable_pages,known,,,bd6t550845717: no usable pages in manifest.,2026-07-17T17:09:49.205373
lacharente,bd6t55084572n,,failed,0,0,,no_usable_pages,known,,,bd6t55084572n: no usable pages in manifest.,2026-07-17T17:09:49.331465
lacharente,bd6t550845732,,failed,0,0,,no_usable_pages,known,,,bd6t550845732: no usable pages in manifest.,2026-07-17T17:09:49.496586
lacharente,bd6t55084574g,,failed,0,0,,no_usable_pages,known,,,bd6t55084574g: no usable pages in manifest.,2026-07-17T17:09:49.650490
lacharente,bd6t55084575w,,failed,0,0,,no_usable_pages,known,,,bd6t55084575w: no usable pages in manifest.,2026-07-17T17:09:49.832864
lacharente,bd6t550845769,,failed,0,0,,no_usable_pages,known,,,bd6t550845769: no usable pages in manifest.,2026-07-17T17:09:49.974449
lacharente,bd6t55084577q,,failed,0,0,,no_usable_pages,known,,,bd6t55084577q: no usable pages in manifest.,2026-07-17T17:09:50.104468
lacharente,bd6t550845784,,failed,0,0,,no_usable_pages,known,,,bd6t550845784: no usable pages in manifest.,2026-07-17T17:09:50.314633
lacharente,bd6t55084579j,,failed,0,0,,no_usable_pages,known,,,bd6t55084579j: no usable pages in manifest.,2026-07-17T17:09:50.500621
lacharente,bd6t550845806,,failed,0,0,,no_usable_pages,known,,,bd6t550845806: no usable pages in manifest.,2026-07-17T17:09:50.663428
lacharente,bd6t55084581m,,failed,0,0,,no_usable_pages,known,,,bd6t55084581m: no usable pages in manifest.,2026-07-17T17:09:50.794228
lacharente,bd6t550845821,,failed,0,0,,no_usable_pages,known,,,bd6t550845821: no usable pages in manifest.,2026-07-17T17:09:50.902189
lacharente,bd6t55084583f,,failed,0,0,,no_usable_pages,known,,,bd6t55084583f: no usable pages in manifest.,2026-07-17T17:09:51.020846
lacharente,bd6t55084584v,,failed,0,0,,no_usable_pages,known,,,bd6t55084584v: no usable pages in manifest.,2026-07-17T17:09:51.169201
lacharente,bd6t550845858,,failed,0,0,,no_usable_pages,known,,,bd6t550845858: no usable pages in manifest.,2026-07-17T17:09:51.373133
lacharente,bd6t55084586p,,failed,0,0,,no_usable_pages,known,,,bd6t55084586p: no usable pages in manifest.,2026-07-17T17:09:51.570083
lacharente,bd6t550845873,,failed,0,0,,no_usable_pages,known,,,bd6t550845873: no usable pages in manifest.,2026-07-17T17:09:51.697262
lacharente,bd6t55084588h,,failed,0,0,,no_usable_pages,known,,,bd6t55084588h: no usable pages in manifest.,2026-07-17T17:09:51.832697
lacharente,bd6t55084589x,,failed,0,0,,no_usable_pages,known,,,bd6t55084589x: no usable pages in manifest.,2026-07-17T17:09:51.992577
lacharente,bd6t55084590k,,failed,0,0,,no_usable_pages,known,,,bd6t55084590k: no usable pages in manifest.,2026-07-17T17:09:52.151891
lacharente,bd6t550845910,,failed,0,0,,no_usable_pages,known,,,bd6t550845910: no usable pages in manifest.,2026-07-17T17:09:52.286539
lacharente,bd6t55084592d,,failed,0,0,,no_usable_pages,known,,,bd6t55084592d: no usable pages in manifest.,2026-07-17T17:09:52.419206
lacharente,bd6t55084593t,,failed,0,0,,no_usable_pages,known,,,bd6t55084593t: no usable pages in manifest.,2026-07-17T17:09:52.736890
lacharente,bd6t550845947,,failed,0,0,,no_usable_pages,known,,,bd6t550845947: no usable pages in manifest.,2026-07-17T17:09:53.027850
lacharente,bd6t55084595n,,failed,0,0,,no_usable_pages,known,,,bd6t55084595n: no usable pages in manifest.,2026-07-17T17:09:53.164114
lacharente,bd6t550845962,,failed,0,0,,no_usable_pages,known,,,bd6t550845962: no usable pages in manifest.,2026-07-17T17:09:53.351258
lacharente,bd6t55084597g,,failed,0,0,,no_usable_pages,known,,,bd6t55084597g: no usable pages in manifest.,2026-07-17T17:09:53.576280
lacharente,bd6t55084598w,,failed,0,0,,no_usable_pages,known,,,bd6t55084598w: no usable pages in manifest.,2026-07-17T17:09:53.762902
lacharente,bd6t550845999,,failed,0,0,,no_usable_pages,known,,,bd6t550845999: no usable pages in manifest.,2026-07-17T17:09:53.958669
lacharente,bd6t55084600h,,failed,0,0,,no_usable_pages,known,,,bd6t55084600h: no usable pages in manifest.,2026-07-17T17:09:54.151331
lacharente,bd6t55084601x,,failed,0,0,,no_usable_pages,known,,,bd6t55084601x: no usable pages in manifest.,2026-07-17T17:09:54.306917
lacharente,bd6t55084602b,,failed,0,0,,no_usable_pages,known,,,bd6t55084602b: no usable pages in manifest.,2026-07-17T17:09:54.484804
lacharente,bd6t55084603r,,failed,0,0,,no_usable_pages,known,,,bd6t55084603r: no usable pages in manifest.,2026-07-17T17:09:54.644914
lacharente,bd6t550846045,,failed,0,0,,no_usable_pages,known,,,bd6t550846045: no usable pages in manifest.,2026-07-17T17:09:54.772357
lacharente,bd6t55084605k,,failed,0,0,,no_usable_pages,known,,,bd6t55084605k: no usable pages in manifest.,2026-07-17T17:09:54.965815
lacharente,bd6t550846060,,failed,0,0,,no_usable_pages,known,,,bd6t550846060: no usable pages in manifest.,2026-07-17T17:09:55.161566
lacharente,bd6t55084607d,,failed,0,0,,no_usable_pages,known,,,bd6t55084607d: no usable pages in manifest.,2026-07-17T17:09:55.279686
lacharente,bd6t55084608t,,failed,0,0,,no_usable_pages,known,,,bd6t55084608t: no usable pages in manifest.,2026-07-17T17:09:55.368817
lacharente,bd6t550846097,,failed,0,0,,no_usable_pages,known,,,bd6t550846097: no usable pages in manifest.,2026-07-17T17:09:55.518039
lacharente,bd6t55084610w,,failed,0,0,,no_usable_pages,known,,,bd6t55084610w: no usable pages in manifest.,2026-07-17T17:09:55.684412
lacharente,bd6t550846119,,failed,0,0,,no_usable_pages,known,,,bd6t550846119: no usable pages in manifest.,2026-07-17T17:09:55.862925
lacharente,bd6t55084612q,,failed,0,0,,no_usable_pages,known,,,bd6t55084612q: no usable pages in manifest.,2026-07-17T17:09:55.974132
lacharente,bd6t550846134,,failed,0,0,,no_usable_pages,known,,,bd6t550846134: no usable pages in manifest.,2026-07-17T17:09:56.136804
lacharente,bd6t55084614j,,failed,0,0,,no_usable_pages,known,,,bd6t55084614j: no usable pages in manifest.,2026-07-17T17:09:56.294983
lacharente,bd6t55084615z,,failed,0,0,,no_usable_pages,known,,,bd6t55084615z: no usable pages in manifest.,2026-07-17T17:09:56.409478
lacharente,bd6t55084616c,,failed,0,0,,no_usable_pages,known,,,bd6t55084616c: no usable pages in manifest.,2026-07-17T17:09:56.533141
lacharente,bd6t55084617s,,failed,0,0,,no_usable_pages,known,,,bd6t55084617s: no usable pages in manifest.,2026-07-17T17:09:56.672986
lacharente,bd6t550846186,,failed,0,0,,no_usable_pages,known,,,bd6t550846186: no usable pages in manifest.,2026-07-17T17:09:56.878430
lacharente,bd6t55084619m,,failed,0,0,,no_usable_pages,known,,,bd6t55084619m: no usable pages in manifest.,2026-07-17T17:09:57.037934
lacharente,bd6t550846208,,failed,0,0,,no_usable_pages,known,,,bd6t550846208: no usable pages in manifest.,2026-07-17T17:09:57.197441
lacharente,bd6t55084621p,,failed,0,0,,no_usable_pages,known,,,bd6t55084621p: no usable pages in manifest.,2026-07-17T17:09:57.337470
lacharente,bd6t550846223,,failed,0,0,,no_usable_pages,known,,,bd6t550846223: no usable pages in manifest.,2026-07-17T17:09:57.462381
lacharente,bd6t55084623h,,failed,0,0,,no_usable_pages,known,,,bd6t55084623h: no usable pages in manifest.,2026-07-17T17:09:57.758400
lacharente,bd6t55084624x,,failed,0,0,,no_usable_pages,known,,,bd6t55084624x: no usable pages in manifest.,2026-07-17T17:09:58.036063
lacharente,bd6t55084625b,,failed,0,0,,no_usable_pages,known,,,bd6t55084625b: no usable pages in manifest.,2026-07-17T17:09:58.215980
lacharente,bd6t55084626r,,failed,0,0,,no_usable_pages,known,,,bd6t55084626r: no usable pages in manifest.,2026-07-17T17:09:58.400012
lacharente,bd6t550846275,,failed,0,0,,no_usable_pages,known,,,bd6t550846275: no usable pages in manifest.,2026-07-17T17:09:58.529098
lacharente,bd6t55084628k,,failed,0,0,,no_usable_pages,known,,,bd6t55084628k: no usable pages in manifest.,2026-07-17T17:09:58.657531
lacharente,bd6t550846290,,failed,0,0,,no_usable_pages,known,,,bd6t550846290: no usable pages in manifest.,2026-07-17T17:09:58.784231
lacharente,bd6t55084630n,,failed,0,0,,no_usable_pages,known,,,bd6t55084630n: no usable pages in manifest.,2026-07-17T17:09:58.910465
lacharente,bd6t550846312,,failed,0,0,,no_usable_pages,known,,,bd6t550846312: no usable pages in manifest.,2026-07-17T17:09:59.045228
lacharente,bd6t55084632g,,failed,0,0,,no_usable_pages,known,,,bd6t55084632g: no usable pages in manifest.,2026-07-17T17:09:59.170653
lacharente,bd6t55084633w,,failed,0,0,,no_usable_pages,known,,,bd6t55084633w: no usable pages in manifest.,2026-07-17T17:09:59.304229
lacharente,bd6t550846349,,failed,0,0,,no_usable_pages,known,,,bd6t550846349: no usable pages in manifest.,2026-07-17T17:09:59.468735
lacharente,bd6t55084635q,,failed,0,0,,no_usable_pages,known,,,bd6t55084635q: no usable pages in manifest.,2026-07-17T17:09:59.648727
lacharente,bd6t550846364,,failed,0,0,,no_usable_pages,known,,,bd6t550846364: no usable pages in manifest.,2026-07-17T17:09:59.772135
lacharente,bd6t55084637j,,failed,0,0,,no_usable_pages,known,,,bd6t55084637j: no usable pages in manifest.,2026-07-17T17:09:59.890790
lacharente,bd6t55084638z,,failed,0,0,,no_usable_pages,known,,,bd6t55084638z: no usable pages in manifest.,2026-07-17T17:10:00.098414
lacharente,bd6t55084639c,,failed,0,0,,no_usable_pages,known,,,bd6t55084639c: no usable pages in manifest.,2026-07-17T17:10:00.262268
lacharente,bd6t550846401,,failed,0,0,,no_usable_pages,known,,,bd6t550846401: no usable pages in manifest.,2026-07-17T17:10:00.430373
lacharente,bd6t55084641f,,failed,0,0,,no_usable_pages,known,,,bd6t55084641f: no usable pages in manifest.,2026-07-17T17:10:00.632092
lacharente,bd6t55084642v,,failed,0,0,,no_usable_pages,known,,,bd6t55084642v: no usable pages in manifest.,2026-07-17T17:10:00.807001
lacharente,bd6t550846438,,failed,0,0,,no_usable_pages,known,,,bd6t550846438: no usable pages in manifest.,2026-07-17T17:10:00.904983
lacharente,bd6t55084644p,,failed,0,0,,no_usable_pages,known,,,bd6t55084644p: no usable pages in manifest.,2026-07-17T17:10:01.024270
lacharente,bd6t550846453,,failed,0,0,,no_usable_pages,known,,,bd6t550846453: no usable pages in manifest.,2026-07-17T17:10:01.202249
lacharente,bd6t55084646h,,failed,0,0,,no_usable_pages,known,,,bd6t55084646h: no usable pages in manifest.,2026-07-17T17:10:01.335009
lacharente,bd6t55084647x,,failed,0,0,,no_usable_pages,known,,,bd6t55084647x: no usable pages in manifest.,2026-07-17T17:10:01.487312
lacharente,bd6t55084648b,,failed,0,0,,no_usable_pages,known,,,bd6t55084648b: no usable pages in manifest.,2026-07-17T17:10:01.659870
lacharente,bd6t55084649r,,failed,0,0,,no_usable_pages,known,,,bd6t55084649r: no usable pages in manifest.,2026-07-17T17:10:01.835284
lacharente,bd6t55084650d,,failed,0,0,,no_usable_pages,known,,,bd6t55084650d: no usable pages in manifest.,2026-07-17T17:10:01.982201
lacharente,bd6t55084651t,,failed,0,0,,no_usable_pages,known,,,bd6t55084651t: no usable pages in manifest.,2026-07-17T17:10:02.124920
lacharente,bd6t550846527,,failed,0,0,,no_usable_pages,known,,,bd6t550846527: no usable pages in manifest.,2026-07-17T17:10:02.337109
lacharente,bd6t55084653n,,failed,0,0,,no_usable_pages,known,,,bd6t55084653n: no usable pages in manifest.,2026-07-17T17:10:02.482567
lacharente,bd6t550846542,,failed,0,0,,no_usable_pages,known,,,bd6t550846542: no usable pages in manifest.,2026-07-17T17:10:02.672140
lacharente,bd6t55084655g,,failed,0,0,,no_usable_pages,known,,,bd6t55084655g: no usable pages in manifest.,2026-07-17T17:10:02.931960
lacharente,bd6t55084656w,,failed,0,0,,no_usable_pages,known,,,bd6t55084656w: no usable pages in manifest.,2026-07-17T17:10:03.236287
lacharente,bd6t550846579,,failed,0,0,,no_usable_pages,known,,,bd6t550846579: no usable pages in manifest.,2026-07-17T17:10:03.601432
lacharente,bd6t55084658q,,failed,0,0,,no_usable_pages,known,,,bd6t55084658q: no usable pages in manifest.,2026-07-17T17:10:03.777246
lacharente,bd6t550846594,,failed,0,0,,no_usable_pages,known,,,bd6t550846594: no usable pages in manifest.,2026-07-17T17:10:03.880426
lacharente,bd6t55084660s,,failed,0,0,,no_usable_pages,known,,,bd6t55084660s: no usable pages in manifest.,2026-07-17T17:10:04.031637
lacharente,bd6t550846616,,failed,0,0,,no_usable_pages,known,,,bd6t550846616: no usable pages in manifest.,2026-07-17T17:10:04.171221
lacharente,bd6t55084662m,,failed,0,0,,no_usable_pages,known,,,bd6t55084662m: no usable pages in manifest.,2026-07-17T17:10:04.296126
lacharente,bd6t550846631,,failed,0,0,,no_usable_pages,known,,,bd6t550846631: no usable pages in manifest.,2026-07-17T17:10:04.421674
lacharente,bd6t55084664f,,failed,0,0,,no_usable_pages,known,,,bd6t55084664f: no usable pages in manifest.,2026-07-17T17:10:04.584586
lacharente,bd6t55084665v,,failed,0,0,,no_usable_pages,known,,,bd6t55084665v: no usable pages in manifest.,2026-07-17T17:10:04.831594
lacharente,bd6t550846668,,failed,0,0,,no_usable_pages,known,,,bd6t550846668: no usable pages in manifest.,2026-07-17T17:10:05.089181
lacharente,bd6t55084667p,,failed,0,0,,no_usable_pages,known,,,bd6t55084667p: no usable pages in manifest.,2026-07-17T17:10:05.278442
lacharente,bd6t550846683,,failed,0,0,,no_usable_pages,known,,,bd6t550846683: no usable pages in manifest.,2026-07-17T17:10:05.544806
lacharente,bd6t55084669h,,failed,0,0,,no_usable_pages,known,,,bd6t55084669h: no usable pages in manifest.,2026-07-17T17:10:05.706775
lacharente,bd6t550846705,,failed,0,0,,no_usable_pages,known,,,bd6t550846705: no usable pages in manifest.,2026-07-17T17:10:05.871738
lacharente,bd6t55084671k,,failed,0,0,,no_usable_pages,known,,,bd6t55084671k: no usable pages in manifest.,2026-07-17T17:10:06.019993
lacharente,bd6t550846720,,failed,0,0,,no_usable_pages,known,,,bd6t550846720: no usable pages in manifest.,2026-07-17T17:10:06.147912
lacharente,bd6t55084673d,,failed,0,0,,no_usable_pages,known,,,bd6t55084673d: no usable pages in manifest.,2026-07-17T17:10:06.279152
lacharente,bd6t55084674t,,failed,0,0,,no_usable_pages,known,,,bd6t55084674t: no usable pages in manifest.,2026-07-17T17:10:06.464336
lacharente,bd6t550846757,,failed,0,0,,no_usable_pages,known,,,bd6t550846757: no usable pages in manifest.,2026-07-17T17:10:06.629681
lacharente,bd6t55084676n,,failed,0,0,,no_usable_pages,known,,,bd6t55084676n: no usable pages in manifest.,2026-07-17T17:10:06.787934
lacharente,bd6t550846772,,failed,0,0,,no_usable_pages,known,,,bd6t550846772: no usable pages in manifest.,2026-07-17T17:10:06.946520
lacharente,bd6t55084678g,,failed,0,0,,no_usable_pages,known,,,bd6t55084678g: no usable pages in manifest.,2026-07-17T17:10:07.108102
lacharente,bd6t55084679w,,failed,0,0,,no_usable_pages,known,,,bd6t55084679w: no usable pages in manifest.,2026-07-17T17:10:07.243260
lacharente,bd6t55084680j,,failed,0,0,,no_usable_pages,known,,,bd6t55084680j: no usable pages in manifest.,2026-07-17T17:10:07.627712
lacharente,bd6t55084682c,,failed,0,0,,no_usable_pages,known,,,bd6t55084682c: no usable pages in manifest.,2026-07-17T17:10:07.947743
lacharente,bd6t55084681z,,failed,0,0,,no_usable_pages,known,,,bd6t55084681z: no usable pages in manifest.,2026-07-17T17:10:08.409032
lacharente,bd6t55084683s,,failed,0,0,,no_usable_pages,known,,,bd6t55084683s: no usable pages in manifest.,2026-07-17T17:10:08.522330
lacharente,bd6t550846846,,failed,0,0,,no_usable_pages,known,,,bd6t550846846: no usable pages in manifest.,2026-07-17T17:10:08.674850
lacharente,bd6t55084685m,,failed,0,0,,no_usable_pages,known,,,bd6t55084685m: no usable pages in manifest.,2026-07-17T17:10:08.895196
lacharente,bd6t550846861,,failed,0,0,,no_usable_pages,known,,,bd6t550846861: no usable pages in manifest.,2026-07-17T17:10:09.052035
lacharente,bd6t55084687f,,failed,0,0,,no_usable_pages,known,,,bd6t55084687f: no usable pages in manifest.,2026-07-17T17:10:09.237438
lacharente,bd6t55084688v,,failed,0,0,,no_usable_pages,known,,,bd6t55084688v: no usable pages in manifest.,2026-07-17T17:10:09.374409
lacharente,bd6t550846898,,failed,0,0,,no_usable_pages,known,,,bd6t550846898: no usable pages in manifest.,2026-07-17T17:10:09.515595
lacharente,bd6t55084690x,,failed,0,0,,no_usable_pages,known,,,bd6t55084690x: no usable pages in manifest.,2026-07-17T17:10:09.653690
lacharente,bd6t55084691b,,failed,0,0,,no_usable_pages,known,,,bd6t55084691b: no usable pages in manifest.,2026-07-17T17:10:09.787476
lacharente,bd6t55084692r,,failed,0,0,,no_usable_pages,known,,,bd6t55084692r: no usable pages in manifest.,2026-07-17T17:10:10.013180
lacharente,bd6t550846935,,failed,0,0,,no_usable_pages,known,,,bd6t550846935: no usable pages in manifest.,2026-07-17T17:10:10.130206
lacharente,bd6t55084694k,,failed,0,0,,no_usable_pages,known,,,bd6t55084694k: no usable pages in manifest.,2026-07-17T17:10:10.288849
lacharente,bd6t550846950,,failed,0,0,,no_usable_pages,known,,,bd6t550846950: no usable pages in manifest.,2026-07-17T17:10:10.461421
lacharente,bd6t55084696d,,failed,0,0,,no_usable_pages,known,,,bd6t55084696d: no usable pages in manifest.,2026-07-17T17:10:10.570608
lacharente,bd6t55084697t,,failed,0,0,,no_usable_pages,known,,,bd6t55084697t: no usable pages in manifest.,2026-07-17T17:10:10.729128
lacharente,bd6t550846987,,failed,0,0,,no_usable_pages,known,,,bd6t550846987: no usable pages in manifest.,2026-07-17T17:10:10.853607
lacharente,bd6t55084699n,,failed,0,0,,no_usable_pages,known,,,bd6t55084699n: no usable pages in manifest.,2026-07-17T17:10:11.005381
lacharente,bd6t55084700v,,failed,0,0,,no_usable_pages,known,,,bd6t55084700v: no usable pages in manifest.,2026-07-17T17:10:11.209656
lacharente,bd6t550847018,,failed,0,0,,no_usable_pages,known,,,bd6t550847018: no usable pages in manifest.,2026-07-17T17:10:11.321111
lacharente,bd6t55084702p,,failed,0,0,,no_usable_pages,known,,,bd6t55084702p: no usable pages in manifest.,2026-07-17T17:10:11.457473
lacharente,bd6t550847033,,failed,0,0,,no_usable_pages,known,,,bd6t550847033: no usable pages in manifest.,2026-07-17T17:10:11.584594
lacharente,bd6t55084704h,,failed,0,0,,no_usable_pages,known,,,bd6t55084704h: no usable pages in manifest.,2026-07-17T17:10:11.738432
lacharente,bd6t55084705x,,failed,0,0,,no_usable_pages,known,,,bd6t55084705x: no usable pages in manifest.,2026-07-17T17:10:11.907684
lacharente,bd6t55084706b,,failed,0,0,,no_usable_pages,known,,,bd6t55084706b: no usable pages in manifest.,2026-07-17T17:10:12.062046
lacharente,bd6t55084707r,,failed,0,0,,no_usable_pages,known,,,bd6t55084707r: no usable pages in manifest.,2026-07-17T17:10:12.192777
lacharente,bd6t550847085,,failed,0,0,,no_usable_pages,known,,,bd6t550847085: no usable pages in manifest.,2026-07-17T17:10:12.357507
lacharente,bd6t55084709k,,failed,0,0,,no_usable_pages,known,,,bd6t55084709k: no usable pages in manifest.,2026-07-17T17:10:12.492758
lacharente,bd6t550847107,,failed,0,0,,no_usable_pages,known,,,bd6t550847107: no usable pages in manifest.,2026-07-17T17:10:12.685728
lacharente,bd6t55084711n,,failed,0,0,,no_usable_pages,known,,,bd6t55084711n: no usable pages in manifest.,2026-07-17T17:10:12.854343
lacharente,bd6t550847122,,failed,0,0,,no_usable_pages,known,,,bd6t550847122: no usable pages in manifest.,2026-07-17T17:10:12.996342
lacharente,bd6t55084713g,,failed,0,0,,no_usable_pages,known,,,bd6t55084713g: no usable pages in manifest.,2026-07-17T17:10:13.188416
lacharente,bd6t55084714w,,failed,0,0,,no_usable_pages,known,,,bd6t55084714w: no usable pages in manifest.,2026-07-17T17:10:13.344877
lacharente,bd6t550847159,,failed,0,0,,no_usable_pages,known,,,bd6t550847159: no usable pages in manifest.,2026-07-17T17:10:13.514206
lacharente,bd6t55084716q,,failed,0,0,,no_usable_pages,known,,,bd6t55084716q: no usable pages in manifest.,2026-07-17T17:10:13.654240
lacharente,bd6t550847174,,failed,0,0,,no_usable_pages,known,,,bd6t550847174: no usable pages in manifest.,2026-07-17T17:10:13.833188
lacharente,bd6t55084718j,,failed,0,0,,no_usable_pages,known,,,bd6t55084718j: no usable pages in manifest.,2026-07-17T17:10:13.967366
lacharente,bd6t55084719z,,failed,0,0,,no_usable_pages,known,,,bd6t55084719z: no usable pages in manifest.,2026-07-17T17:10:14.207204
lacharente,bd6t55084720m,,failed,0,0,,no_usable_pages,known,,,bd6t55084720m: no usable pages in manifest.,2026-07-17T17:10:14.375242
lacharente,bd6t550847211,,failed,0,0,,no_usable_pages,known,,,bd6t550847211: no usable pages in manifest.,2026-07-17T17:10:14.552260
lacharente,bd6t55084722f,,failed,0,0,,no_usable_pages,known,,,bd6t55084722f: no usable pages in manifest.,2026-07-17T17:10:14.703289
lacharente,bd6t55084723v,,failed,0,0,,no_usable_pages,known,,,bd6t55084723v: no usable pages in manifest.,2026-07-17T17:10:14.828839
lacharente,bd6t550847248,,failed,0,0,,no_usable_pages,known,,,bd6t550847248: no usable pages in manifest.,2026-07-17T17:10:14.946331
lacharente,bd6t55084725p,,failed,0,0,,no_usable_pages,known,,,bd6t55084725p: no usable pages in manifest.,2026-07-17T17:10:15.083743
lacharente,bd6t550847263,,failed,0,0,,no_usable_pages,known,,,bd6t550847263: no usable pages in manifest.,2026-07-17T17:10:15.260667
lacharente,bd6t55084727h,,failed,0,0,,no_usable_pages,known,,,bd6t55084727h: no usable pages in manifest.,2026-07-17T17:10:15.396675
lacharente,bd6t55084728x,,failed,0,0,,no_usable_pages,known,,,bd6t55084728x: no usable pages in manifest.,2026-07-17T17:10:15.527071
lacharente,bd6t55084729b,,failed,0,0,,no_usable_pages,known,,,bd6t55084729b: no usable pages in manifest.,2026-07-17T17:10:15.715074
lacharente,bd6t550847300,,failed,0,0,,no_usable_pages,known,,,bd6t550847300: no usable pages in manifest.,2026-07-17T17:10:15.862441
lacharente,bd6t55084731d,,failed,0,0,,no_usable_pages,known,,,bd6t55084731d: no usable pages in manifest.,2026-07-17T17:10:16.001988
lacharente,bd6t55084732t,,failed,0,0,,no_usable_pages,known,,,bd6t55084732t: no usable pages in manifest.,2026-07-17T17:10:16.133826
lacharente,bd6t550847337,,failed,0,0,,no_usable_pages,known,,,bd6t550847337: no usable pages in manifest.,2026-07-17T17:10:16.256537
lacharente,bd6t55084734n,,failed,0,0,,no_usable_pages,known,,,bd6t55084734n: no usable pages in manifest.,2026-07-17T17:10:16.475716
lacharente,bd6t550847352,,failed,0,0,,no_usable_pages,known,,,bd6t550847352: no usable pages in manifest.,2026-07-17T17:10:16.601623
lacharente,bd6t55084736g,,failed,0,0,,no_usable_pages,known,,,bd6t55084736g: no usable pages in manifest.,2026-07-17T17:10:16.861330
lacharente,bd6t55084737w,,failed,0,0,,no_usable_pages,known,,,bd6t55084737w: no usable pages in manifest.,2026-07-17T17:10:17.007481
lacharente,bd6t550847389,,failed,0,0,,no_usable_pages,known,,,bd6t550847389: no usable pages in manifest.,2026-07-17T17:10:17.124670
lacharente,bd6t550847478,,failed,0,0,,no_usable_pages,known,,,bd6t550847478: no usable pages in manifest.,2026-07-17T17:10:17.273178
lacharente,bd6t55084739q,,failed,0,0,,no_usable_pages,known,,,bd6t55084739q: no usable pages in manifest.,2026-07-17T17:10:17.888022
lacharente,bd6t55084740c,,failed,0,0,,no_usable_pages,known,,,bd6t55084740c: no usable pages in manifest.,2026-07-17T17:10:18.059430
lacharente,bd6t55084741s,,failed,0,0,,no_usable_pages,known,,,bd6t55084741s: no usable pages in manifest.,2026-07-17T17:10:18.201381
lacharente,bd6t550847426,,failed,0,0,,no_usable_pages,known,,,bd6t550847426: no usable pages in manifest.,2026-07-17T17:10:18.330368
lacharente,bd6t55084743m,,failed,0,0,,no_usable_pages,known,,,bd6t55084743m: no usable pages in manifest.,2026-07-17T17:10:18.501408
lacharente,bd6t550847441,,failed,0,0,,no_usable_pages,known,,,bd6t550847441: no usable pages in manifest.,2026-07-17T17:10:18.696428
lacharente,bd6t55084745f,,failed,0,0,,no_usable_pages,known,,,bd6t55084745f: no usable pages in manifest.,2026-07-17T17:10:18.846744
lacharente,bd6t55084746v,,failed,0,0,,no_usable_pages,known,,,bd6t55084746v: no usable pages in manifest.,2026-07-17T17:10:18.949822
lacharente,bd6t55084748p,,failed,0,0,,no_usable_pages,known,,,bd6t55084748p: no usable pages in manifest.,2026-07-17T17:10:19.090116
lacharente,bd6t550847493,,failed,0,0,,no_usable_pages,known,,,bd6t550847493: no usable pages in manifest.,2026-07-17T17:10:19.232414
lacharente,bd6t55084750r,,failed,0,0,,no_usable_pages,known,,,bd6t55084750r: no usable pages in manifest.,2026-07-17T17:10:19.339897
lacharente,bd6t550847515,,failed,0,0,,no_usable_pages,known,,,bd6t550847515: no usable pages in manifest.,2026-07-17T17:10:19.467812
lacharente,bd6t55084752k,,failed,0,0,,no_usable_pages,known,,,bd6t55084752k: no usable pages in manifest.,2026-07-17T17:10:19.684379
lacharente,bd6t550847530,,failed,0,0,,no_usable_pages,known,,,bd6t550847530: no usable pages in manifest.,2026-07-17T17:10:19.803747
lacharente,bd6t55084754d,,failed,0,0,,no_usable_pages,known,,,bd6t55084754d: no usable pages in manifest.,2026-07-17T17:10:19.954661
lacharente,bd6t55084755t,,failed,0,0,,no_usable_pages,known,,,bd6t55084755t: no usable pages in manifest.,2026-07-17T17:10:20.135933
lacharente,bd6t550847567,,failed,0,0,,no_usable_pages,known,,,bd6t550847567: no usable pages in manifest.,2026-07-17T17:10:20.333660
lacharente,bd6t55084757n,,failed,0,0,,no_usable_pages,known,,,bd6t55084757n: no usable pages in manifest.,2026-07-17T17:10:20.472040
lacharente,bd6t550847582,,failed,0,0,,no_usable_pages,known,,,bd6t550847582: no usable pages in manifest.,2026-07-17T17:10:20.708371
lacharente,bd6t55084759g,,failed,0,0,,no_usable_pages,known,,,bd6t55084759g: no usable pages in manifest.,2026-07-17T17:10:20.830848
lacharente,bd6t550847604,,failed,0,0,,no_usable_pages,known,,,bd6t550847604: no usable pages in manifest.,2026-07-17T17:10:20.994548
lacharente,bd6t55084761j,,failed,0,0,,no_usable_pages,known,,,bd6t55084761j: no usable pages in manifest.,2026-07-17T17:10:21.097434
lacharente,bd6t55084762z,,failed,0,0,,no_usable_pages,known,,,bd6t55084762z: no usable pages in manifest.,2026-07-17T17:10:21.322055
lacharente,bd6t55084763c,,failed,0,0,,no_usable_pages,known,,,bd6t55084763c: no usable pages in manifest.,2026-07-17T17:10:21.465861
lacharente,bd6t55084764s,,failed,0,0,,no_usable_pages,known,,,bd6t55084764s: no usable pages in manifest.,2026-07-17T17:10:21.629294
lacharente,bd6t550847656,,failed,0,0,,no_usable_pages,known,,,bd6t550847656: no usable pages in manifest.,2026-07-17T17:10:21.913081
lacharente,bd6t55084766m,,failed,0,0,,no_usable_pages,known,,,bd6t55084766m: no usable pages in manifest.,2026-07-17T17:10:22.054762
lacharente,bd6t550847671,,failed,0,0,,no_usable_pages,known,,,bd6t550847671: no usable pages in manifest.,2026-07-17T17:10:22.365513
lacharente,bd6t55084768f,,failed,0,0,,no_usable_pages,known,,,bd6t55084768f: no usable pages in manifest.,2026-07-17T17:10:22.552969
lacharente,bd6t55084769v,,failed,0,0,,no_usable_pages,known,,,bd6t55084769v: no usable pages in manifest.,2026-07-17T17:10:22.710208
lacharente,bd6t55084770h,,failed,0,0,,no_usable_pages,known,,,bd6t55084770h: no usable pages in manifest.,2026-07-17T17:10:22.848283
lacharente,bd6t55084771x,,failed,0,0,,no_usable_pages,known,,,bd6t55084771x: no usable pages in manifest.,2026-07-17T17:10:23.025309
lacharente,bd6t55084772b,,failed,0,0,,no_usable_pages,known,,,bd6t55084772b: no usable pages in manifest.,2026-07-17T17:10:23.136480
lacharente,bd6t55084773r,,failed,0,0,,no_usable_pages,known,,,bd6t55084773r: no usable pages in manifest.,2026-07-17T17:10:23.269222
lacharente,bd6t550847745,,failed,0,0,,no_usable_pages,known,,,bd6t550847745: no usable pages in manifest.,2026-07-17T17:10:23.398852
lacharente,bd6t55084775k,,failed,0,0,,no_usable_pages,known,,,bd6t55084775k: no usable pages in manifest.,2026-07-17T17:10:23.524473
lacharente,bd6t550847760,,failed,0,0,,no_usable_pages,known,,,bd6t550847760: no usable pages in manifest.,2026-07-17T17:10:23.783902
lacharente,bd6t55084777d,,failed,0,0,,no_usable_pages,known,,,bd6t55084777d: no usable pages in manifest.,2026-07-17T17:10:24.012148
lacharente,bd6t55084778t,,failed,0,0,,no_usable_pages,known,,,bd6t55084778t: no usable pages in manifest.,2026-07-17T17:10:24.153290
lacharente,bd6t550850868,,failed,0,0,,no_usable_pages,known,,,bd6t550850868: no usable pages in manifest.,2026-07-17T17:10:24.282063
lacharente,bd6t550847797,,failed,0,0,,no_usable_pages,known,,,bd6t550847797: no usable pages in manifest.,2026-07-17T17:10:24.377447
lacharente,bd6t55084780w,,failed,0,0,,no_usable_pages,known,,,bd6t55084780w: no usable pages in manifest.,2026-07-17T17:10:24.528571
lacharente,bd6t550847819,,failed,0,0,,no_usable_pages,known,,,bd6t550847819: no usable pages in manifest.,2026-07-17T17:10:24.734228
lacharente,bd6t55084782q,,failed,0,0,,no_usable_pages,known,,,bd6t55084782q: no usable pages in manifest.,2026-07-17T17:10:24.849171
lacharente,bd6t550847834,,failed,0,0,,no_usable_pages,known,,,bd6t550847834: no usable pages in manifest.,2026-07-17T17:10:24.986895
lacharente,bd6t55084784j,,failed,0,0,,no_usable_pages,known,,,bd6t55084784j: no usable pages in manifest.,2026-07-17T17:10:25.135322
lacharente,bd6t55084785z,,failed,0,0,,no_usable_pages,known,,,bd6t55084785z: no usable pages in manifest.,2026-07-17T17:10:25.246303
lacharente,bd6t55084786c,,failed,0,0,,no_usable_pages,known,,,bd6t55084786c: no usable pages in manifest.,2026-07-17T17:10:25.393602
lacharente,bd6t55084787s,,failed,0,0,,no_usable_pages,known,,,bd6t55084787s: no usable pages in manifest.,2026-07-17T17:10:25.568248
lacharente,bd6t550847886,,failed,0,0,,no_usable_pages,known,,,bd6t550847886: no usable pages in manifest.,2026-07-17T17:10:25.733864
lacharente,bd6t55084789m,,failed,0,0,,no_usable_pages,known,,,bd6t55084789m: no usable pages in manifest.,2026-07-17T17:10:25.859357
lacharente,bd6t550847908,,failed,0,0,,no_usable_pages,known,,,bd6t550847908: no usable pages in manifest.,2026-07-17T17:10:26.065646
lacharente,bd6t55084791p,,failed,0,0,,no_usable_pages,known,,,bd6t55084791p: no usable pages in manifest.,2026-07-17T17:10:26.326234
lacharente,bd6t550847923,,failed,0,0,,no_usable_pages,known,,,bd6t550847923: no usable pages in manifest.,2026-07-17T17:10:26.466137
lacharente,bd6t55084793h,,failed,0,0,,no_usable_pages,known,,,bd6t55084793h: no usable pages in manifest.,2026-07-17T17:10:26.646549
lacharente,bd6t55084794x,,failed,0,0,,no_usable_pages,known,,,bd6t55084794x: no usable pages in manifest.,2026-07-17T17:10:26.810671
lacharente,bd6t55084795b,,failed,0,0,,no_usable_pages,known,,,bd6t55084795b: no usable pages in manifest.,2026-07-17T17:10:27.001217
lacharente,bd6t55084796r,,failed,0,0,,no_usable_pages,known,,,bd6t55084796r: no usable pages in manifest.,2026-07-17T17:10:27.192113
lacharente,bd6t550847975,,failed,0,0,,no_usable_pages,known,,,bd6t550847975: no usable pages in manifest.,2026-07-17T17:10:27.366415
lacharente,bd6t55084798k,,failed,0,0,,no_usable_pages,known,,,bd6t55084798k: no usable pages in manifest.,2026-07-17T17:10:27.493929
lacharente,bd6t550847990,,failed,0,0,,no_usable_pages,known,,,bd6t550847990: no usable pages in manifest.,2026-07-17T17:10:27.613623
lacharente,bd6t550848006,,failed,0,0,,no_usable_pages,known,,,bd6t550848006: no usable pages in manifest.,2026-07-17T17:10:27.730951
lacharente,bd6t55084801m,,failed,0,0,,no_usable_pages,known,,,bd6t55084801m: no usable pages in manifest.,2026-07-17T17:10:27.890281
lacharente,bd6t550848021,,failed,0,0,,no_usable_pages,known,,,bd6t550848021: no usable pages in manifest.,2026-07-17T17:10:27.997546
lacharente,bd6t55084803f,,failed,0,0,,no_usable_pages,known,,,bd6t55084803f: no usable pages in manifest.,2026-07-17T17:10:28.196112
lacharente,bd6t55084804v,,failed,0,0,,no_usable_pages,known,,,bd6t55084804v: no usable pages in manifest.,2026-07-17T17:10:28.325688
lacharente,bd6t550848058,,failed,0,0,,no_usable_pages,known,,,bd6t550848058: no usable pages in manifest.,2026-07-17T17:10:28.464390
lacharente,bd6t55084806p,,failed,0,0,,no_usable_pages,known,,,bd6t55084806p: no usable pages in manifest.,2026-07-17T17:10:28.655086
lacharente,bd6t550848073,,failed,0,0,,no_usable_pages,known,,,bd6t550848073: no usable pages in manifest.,2026-07-17T17:10:28.791063
lacharente,bd6t55084808h,,failed,0,0,,no_usable_pages,known,,,bd6t55084808h: no usable pages in manifest.,2026-07-17T17:10:28.968753
lacharente,bd6t55084809x,,failed,0,0,,no_usable_pages,known,,,bd6t55084809x: no usable pages in manifest.,2026-07-17T17:10:29.103588
lacharente,bd6t55084810k,,failed,0,0,,no_usable_pages,known,,,bd6t55084810k: no usable pages in manifest.,2026-07-17T17:10:29.223170
lacharente,bd6t550848110,,failed,0,0,,no_usable_pages,known,,,bd6t550848110: no usable pages in manifest.,2026-07-17T17:10:29.364017
lacharente,bd6t55084812d,,failed,0,0,,no_usable_pages,known,,,bd6t55084812d: no usable pages in manifest.,2026-07-17T17:10:29.563138
lacharente,bd6t55084813t,,failed,0,0,,no_usable_pages,known,,,bd6t55084813t: no usable pages in manifest.,2026-07-17T17:10:29.698463
lacharente,bd6t550848147,,failed,0,0,,no_usable_pages,known,,,bd6t550848147: no usable pages in manifest.,2026-07-17T17:10:29.840606
lacharente,bd6t55084815n,,failed,0,0,,no_usable_pages,known,,,bd6t55084815n: no usable pages in manifest.,2026-07-17T17:10:29.955113
lacharente,bd6t550848162,,failed,0,0,,no_usable_pages,known,,,bd6t550848162: no usable pages in manifest.,2026-07-17T17:10:30.043909
lacharente,bd6t55084817g,,failed,0,0,,no_usable_pages,known,,,bd6t55084817g: no usable pages in manifest.,2026-07-17T17:10:30.201326
lacharente,bd6t55084818w,,failed,0,0,,no_usable_pages,known,,,bd6t55084818w: no usable pages in manifest.,2026-07-17T17:10:30.439100
lacharente,bd6t550848199,,failed,0,0,,no_usable_pages,known,,,bd6t550848199: no usable pages in manifest.,2026-07-17T17:10:30.571493
lacharente,bd6t55084820z,,failed,0,0,,no_usable_pages,known,,,bd6t55084820z: no usable pages in manifest.,2026-07-17T17:10:30.740957
lacharente,bd6t55084821c,,failed,0,0,,no_usable_pages,known,,,bd6t55084821c: no usable pages in manifest.,2026-07-17T17:10:30.883062
lacharente,bd6t55084822s,,failed,0,0,,no_usable_pages,known,,,bd6t55084822s: no usable pages in manifest.,2026-07-17T17:10:31.034930
lacharente,bd6t550848236,,failed,0,0,,no_usable_pages,known,,,bd6t550848236: no usable pages in manifest.,2026-07-17T17:10:31.247568
lacharente,bd6t55084824m,,failed,0,0,,no_usable_pages,known,,,bd6t55084824m: no usable pages in manifest.,2026-07-17T17:10:31.466587
lacharente,bd6t550848251,,failed,0,0,,no_usable_pages,known,,,bd6t550848251: no usable pages in manifest.,2026-07-17T17:10:31.751384
lacharente,bd6t55084826f,,failed,0,0,,no_usable_pages,known,,,bd6t55084826f: no usable pages in manifest.,2026-07-17T17:10:31.874016
lacharente,bd6t55084827v,,failed,0,0,,no_usable_pages,known,,,bd6t55084827v: no usable pages in manifest.,2026-07-17T17:10:32.056175
lacharente,bd6t550848288,,failed,0,0,,no_usable_pages,known,,,bd6t550848288: no usable pages in manifest.,2026-07-17T17:10:32.204226
lacharente,bd6t55084829p,,failed,0,0,,no_usable_pages,known,,,bd6t55084829p: no usable pages in manifest.,2026-07-17T17:10:32.297765
lacharente,bd6t55084830b,,failed,0,0,,no_usable_pages,known,,,bd6t55084830b: no usable pages in manifest.,2026-07-17T17:10:32.440463
lacharente,bd6t55084831r,,failed,0,0,,no_usable_pages,known,,,bd6t55084831r: no usable pages in manifest.,2026-07-17T17:10:32.571689
lacharente,bd6t550848325,,failed,0,0,,no_usable_pages,known,,,bd6t550848325: no usable pages in manifest.,2026-07-17T17:10:32.770433
lacharente,bd6t55084833k,,failed,0,0,,no_usable_pages,known,,,bd6t55084833k: no usable pages in manifest.,2026-07-17T17:10:32.873859
lacharente,bd6t550848340,,failed,0,0,,no_usable_pages,known,,,bd6t550848340: no usable pages in manifest.,2026-07-17T17:10:33.014182
lacharente,bd6t55084835d,,failed,0,0,,no_usable_pages,known,,,bd6t55084835d: no usable pages in manifest.,2026-07-17T17:10:33.209375
lacharente,bd6t55084836t,,failed,0,0,,no_usable_pages,known,,,bd6t55084836t: no usable pages in manifest.,2026-07-17T17:10:33.364279
lacharente,bd6t550848377,,failed,0,0,,no_usable_pages,known,,,bd6t550848377: no usable pages in manifest.,2026-07-17T17:10:33.524447
lacharente,bd6t55084838n,,failed,0,0,,no_usable_pages,known,,,bd6t55084838n: no usable pages in manifest.,2026-07-17T17:10:33.700192
lacharente,bd6t550848392,,failed,0,0,,no_usable_pages,known,,,bd6t550848392: no usable pages in manifest.,2026-07-17T17:10:33.919386
lacharente,bd6t55084840q,,failed,0,0,,no_usable_pages,known,,,bd6t55084840q: no usable pages in manifest.,2026-07-17T17:10:34.042396
lacharente,bd6t550848414,,failed,0,0,,no_usable_pages,known,,,bd6t550848414: no usable pages in manifest.,2026-07-17T17:10:34.185017
lacharente,bd6t55084842j,,failed,0,0,,no_usable_pages,known,,,bd6t55084842j: no usable pages in manifest.,2026-07-17T17:10:34.365338
lacharente,bd6t55084843z,,failed,0,0,,no_usable_pages,known,,,bd6t55084843z: no usable pages in manifest.,2026-07-17T17:10:34.543169
lacharente,bd6t55084844c,,failed,0,0,,no_usable_pages,known,,,bd6t55084844c: no usable pages in manifest.,2026-07-17T17:10:34.727081
lacharente,bd6t55084845s,,failed,0,0,,no_usable_pages,known,,,bd6t55084845s: no usable pages in manifest.,2026-07-17T17:10:34.919071
lacharente,bd6t550848466,,failed,0,0,,no_usable_pages,known,,,bd6t550848466: no usable pages in manifest.,2026-07-17T17:10:35.044880
lacharente,bd6t55084847m,,failed,0,0,,no_usable_pages,known,,,bd6t55084847m: no usable pages in manifest.,2026-07-17T17:10:35.245909
lacharente,bd6t550848481,,failed,0,0,,no_usable_pages,known,,,bd6t550848481: no usable pages in manifest.,2026-07-17T17:10:35.351067
lacharente,bd6t55084849f,,failed,0,0,,no_usable_pages,known,,,bd6t55084849f: no usable pages in manifest.,2026-07-17T17:10:35.510369
lacharente,bd6t550848503,,failed,0,0,,no_usable_pages,known,,,bd6t550848503: no usable pages in manifest.,2026-07-17T17:10:35.695764
lacharente,bd6t55084851h,,failed,0,0,,no_usable_pages,known,,,bd6t55084851h: no usable pages in manifest.,2026-07-17T17:10:35.832867
lacharente,bd6t55084852x,,failed,0,0,,no_usable_pages,known,,,bd6t55084852x: no usable pages in manifest.,2026-07-17T17:10:35.992294
lacharente,bd6t55084853b,,failed,0,0,,no_usable_pages,known,,,bd6t55084853b: no usable pages in manifest.,2026-07-17T17:10:36.216592
lacharente,bd6t55084854r,,failed,0,0,,no_usable_pages,known,,,bd6t55084854r: no usable pages in manifest.,2026-07-17T17:10:36.372971
lacharente,bd6t550848555,,failed,0,0,,no_usable_pages,known,,,bd6t550848555: no usable pages in manifest.,2026-07-17T17:10:36.512734
lacharente,bd6t55084856k,,failed,0,0,,no_usable_pages,known,,,bd6t55084856k: no usable pages in manifest.,2026-07-17T17:10:36.971457
lacharente,bd6t550848570,,failed,0,0,,no_usable_pages,known,,,bd6t550848570: no usable pages in manifest.,2026-07-17T17:10:37.142032
lacharente,bd6t55084858d,,failed,0,0,,no_usable_pages,known,,,bd6t55084858d: no usable pages in manifest.,2026-07-17T17:10:37.270169
lacharente,bd6t55084859t,,failed,0,0,,no_usable_pages,known,,,bd6t55084859t: no usable pages in manifest.,2026-07-17T17:10:37.467140
lacharente,bd6t55084860g,,failed,0,0,,no_usable_pages,known,,,bd6t55084860g: no usable pages in manifest.,2026-07-17T17:10:37.598821
lacharente,bd6t55084861w,,failed,0,0,,no_usable_pages,known,,,bd6t55084861w: no usable pages in manifest.,2026-07-17T17:10:37.712341
lacharente,bd6t550848629,,failed,0,0,,no_usable_pages,known,,,bd6t550848629: no usable pages in manifest.,2026-07-17T17:10:37.815457
lacharente,bd6t55084863q,,failed,0,0,,no_usable_pages,known,,,bd6t55084863q: no usable pages in manifest.,2026-07-17T17:10:37.930244
lacharente,bd6t550848644,,failed,0,0,,no_usable_pages,known,,,bd6t550848644: no usable pages in manifest.,2026-07-17T17:10:38.101981
lacharente,bd6t55084865j,,failed,0,0,,no_usable_pages,known,,,bd6t55084865j: no usable pages in manifest.,2026-07-17T17:10:38.369116
lacharente,bd6t55084866z,,failed,0,0,,no_usable_pages,known,,,bd6t55084866z: no usable pages in manifest.,2026-07-17T17:10:38.491878
lacharente,bd6t55084867c,,failed,0,0,,no_usable_pages,known,,,bd6t55084867c: no usable pages in manifest.,2026-07-17T17:10:38.606080
lacharente,bd6t55084868s,,failed,0,0,,no_usable_pages,known,,,bd6t55084868s: no usable pages in manifest.,2026-07-17T17:10:38.749167
lacharente,bd6t550848696,,failed,0,0,,no_usable_pages,known,,,bd6t550848696: no usable pages in manifest.,2026-07-17T17:10:38.903347
lacharente,bd6t55084870v,,failed,0,0,,no_usable_pages,known,,,bd6t55084870v: no usable pages in manifest.,2026-07-17T17:10:39.072952
lacharente,bd6t550848718,,failed,0,0,,no_usable_pages,known,,,bd6t550848718: no usable pages in manifest.,2026-07-17T17:10:39.210868
lacharente,bd6t55084872p,,failed,0,0,,no_usable_pages,known,,,bd6t55084872p: no usable pages in manifest.,2026-07-17T17:10:39.384578
lacharente,bd6t550848733,,failed,0,0,,no_usable_pages,known,,,bd6t550848733: no usable pages in manifest.,2026-07-17T17:10:39.575903
lacharente,bd6t55084874h,,failed,0,0,,no_usable_pages,known,,,bd6t55084874h: no usable pages in manifest.,2026-07-17T17:10:39.709521
lacharente,bd6t55084875x,,failed,0,0,,no_usable_pages,known,,,bd6t55084875x: no usable pages in manifest.,2026-07-17T17:10:40.048681
lacharente,bd6t55084876b,,failed,0,0,,no_usable_pages,known,,,bd6t55084876b: no usable pages in manifest.,2026-07-17T17:10:40.233045
lacharente,bd6t55084877r,,failed,0,0,,no_usable_pages,known,,,bd6t55084877r: no usable pages in manifest.,2026-07-17T17:10:40.350426
lacharente,bd6t550848785,,failed,0,0,,no_usable_pages,known,,,bd6t550848785: no usable pages in manifest.,2026-07-17T17:10:40.472515
lacharente,bd6t55084879k,,failed,0,0,,no_usable_pages,known,,,bd6t55084879k: no usable pages in manifest.,2026-07-17T17:10:40.598105
lacharente,bd6t550848807,,failed,0,0,,no_usable_pages,known,,,bd6t550848807: no usable pages in manifest.,2026-07-17T17:10:40.749935
lacharente,bd6t55084881n,,failed,0,0,,no_usable_pages,known,,,bd6t55084881n: no usable pages in manifest.,2026-07-17T17:10:40.869399
lacharente,bd6t550848822,,failed,0,0,,no_usable_pages,known,,,bd6t550848822: no usable pages in manifest.,2026-07-17T17:10:40.984013
lacharente,bd6t55084883g,,failed,0,0,,no_usable_pages,known,,,bd6t55084883g: no usable pages in manifest.,2026-07-17T17:10:41.089977
lacharente,bd6t55084884w,,failed,0,0,,no_usable_pages,known,,,bd6t55084884w: no usable pages in manifest.,2026-07-17T17:10:41.476976
lacharente,bd6t550848859,,failed,0,0,,no_usable_pages,known,,,bd6t550848859: no usable pages in manifest.,2026-07-17T17:10:41.967644
lacharente,bd6t55084886q,,failed,0,0,,no_usable_pages,known,,,bd6t55084886q: no usable pages in manifest.,2026-07-17T17:10:42.104113
lacharente,bd6t550848874,,failed,0,0,,no_usable_pages,known,,,bd6t550848874: no usable pages in manifest.,2026-07-17T17:10:42.228125
lacharente,bd6t55084888j,,failed,0,0,,no_usable_pages,known,,,bd6t55084888j: no usable pages in manifest.,2026-07-17T17:10:42.371966
lacharente,bd6t55084889z,,failed,0,0,,no_usable_pages,known,,,bd6t55084889z: no usable pages in manifest.,2026-07-17T17:10:42.525423
lacharente,bd6t55084890m,,failed,0,0,,no_usable_pages,known,,,bd6t55084890m: no usable pages in manifest.,2026-07-17T17:10:42.649355
lacharente,bd6t550848911,,failed,0,0,,no_usable_pages,known,,,bd6t550848911: no usable pages in manifest.,2026-07-17T17:10:42.879070
lacharente,bd6t55084892f,,failed,0,0,,no_usable_pages,known,,,bd6t55084892f: no usable pages in manifest.,2026-07-17T17:10:43.000447
lacharente,bd6t55084893v,,failed,0,0,,no_usable_pages,known,,,bd6t55084893v: no usable pages in manifest.,2026-07-17T17:10:43.113553
lacharente,bd6t550848948,,failed,0,0,,no_usable_pages,known,,,bd6t550848948: no usable pages in manifest.,2026-07-17T17:10:43.220326
lacharente,bd6t55084895p,,failed,0,0,,no_usable_pages,known,,,bd6t55084895p: no usable pages in manifest.,2026-07-17T17:10:43.332760
lacharente,bd6t550848963,,failed,0,0,,no_usable_pages,known,,,bd6t550848963: no usable pages in manifest.,2026-07-17T17:10:43.501279
lacharente,bd6t55084897h,,failed,0,0,,no_usable_pages,known,,,bd6t55084897h: no usable pages in manifest.,2026-07-17T17:10:43.672976
lacharente,bd6t55084898x,,failed,0,0,,no_usable_pages,known,,,bd6t55084898x: no usable pages in manifest.,2026-07-17T17:10:43.807179
lacharente,bd6t55084899b,,failed,0,0,,no_usable_pages,known,,,bd6t55084899b: no usable pages in manifest.,2026-07-17T17:10:43.976600
lacharente,bd6t55084900j,,failed,0,0,,no_usable_pages,known,,,bd6t55084900j: no usable pages in manifest.,2026-07-17T17:10:44.102926
lacharente,bd6t55084901z,,failed,0,0,,no_usable_pages,known,,,bd6t55084901z: no usable pages in manifest.,2026-07-17T17:10:44.212275
lacharente,bd6t55084902c,,failed,0,0,,no_usable_pages,known,,,bd6t55084902c: no usable pages in manifest.,2026-07-17T17:10:44.380056
lacharente,bd6t55084903s,,failed,0,0,,no_usable_pages,known,,,bd6t55084903s: no usable pages in manifest.,2026-07-17T17:10:44.582997
lacharente,bd6t550849046,,failed,0,0,,no_usable_pages,known,,,bd6t550849046: no usable pages in manifest.,2026-07-17T17:10:44.731685
lacharente,bd6t55084905m,,failed,0,0,,no_usable_pages,known,,,bd6t55084905m: no usable pages in manifest.,2026-07-17T17:10:44.971395
lacharente,bd6t550849061,,failed,0,0,,no_usable_pages,known,,,bd6t550849061: no usable pages in manifest.,2026-07-17T17:10:45.130573
lacharente,bd6t55084907f,,failed,0,0,,no_usable_pages,known,,,bd6t55084907f: no usable pages in manifest.,2026-07-17T17:10:45.302624
lacharente,bd6t55084908v,,failed,0,0,,no_usable_pages,known,,,bd6t55084908v: no usable pages in manifest.,2026-07-17T17:10:45.416051
lacharente,bd6t550849098,,failed,0,0,,no_usable_pages,known,,,bd6t550849098: no usable pages in manifest.,2026-07-17T17:10:45.562096
lacharente,bd6t55084910x,,failed,0,0,,no_usable_pages,known,,,bd6t55084910x: no usable pages in manifest.,2026-07-17T17:10:45.721777
lacharente,bd6t55084911b,,failed,0,0,,no_usable_pages,known,,,bd6t55084911b: no usable pages in manifest.,2026-07-17T17:10:45.838001
lacharente,bd6t55084912r,,failed,0,0,,no_usable_pages,known,,,bd6t55084912r: no usable pages in manifest.,2026-07-17T17:10:45.980920
lacharente,bd6t550849135,,failed,0,0,,no_usable_pages,known,,,bd6t550849135: no usable pages in manifest.,2026-07-17T17:10:46.127410
lacharente,bd6t55084914k,,failed,0,0,,no_usable_pages,known,,,bd6t55084914k: no usable pages in manifest.,2026-07-17T17:10:46.466549
lacharente,bd6t550849150,,failed,0,0,,no_usable_pages,known,,,bd6t550849150: no usable pages in manifest.,2026-07-17T17:10:46.778910
lacharente,bd6t55084916d,,failed,0,0,,no_usable_pages,known,,,bd6t55084916d: no usable pages in manifest.,2026-07-17T17:10:46.927143
lacharente,bd6t55084917t,,failed,0,0,,no_usable_pages,known,,,bd6t55084917t: no usable pages in manifest.,2026-07-17T17:10:47.170142
lacharente,bd6t550849187,,failed,0,0,,no_usable_pages,known,,,bd6t550849187: no usable pages in manifest.,2026-07-17T17:10:47.369507
lacharente,bd6t55084919n,,failed,0,0,,no_usable_pages,known,,,bd6t55084919n: no usable pages in manifest.,2026-07-17T17:10:47.566945
lacharente,bd6t550849209,,failed,0,0,,no_usable_pages,known,,,bd6t550849209: no usable pages in manifest.,2026-07-17T17:10:47.790182
lacharente,bd6t55084921q,,failed,0,0,,no_usable_pages,known,,,bd6t55084921q: no usable pages in manifest.,2026-07-17T17:10:48.029409
lacharente,bd6t550849224,,failed,0,0,,no_usable_pages,known,,,bd6t550849224: no usable pages in manifest.,2026-07-17T17:10:48.422656
lacharente,bd6t55084923j,,failed,0,0,,no_usable_pages,known,,,bd6t55084923j: no usable pages in manifest.,2026-07-17T17:10:48.566746
lacharente,bd6t55084924z,,failed,0,0,,no_usable_pages,known,,,bd6t55084924z: no usable pages in manifest.,2026-07-17T17:10:48.739201
lacharente,bd6t55084925c,,failed,0,0,,no_usable_pages,known,,,bd6t55084925c: no usable pages in manifest.,2026-07-17T17:10:48.935096
lacharente,bd6t55084926s,,failed,0,0,,no_usable_pages,known,,,bd6t55084926s: no usable pages in manifest.,2026-07-17T17:10:49.123961
lacharente,bd6t550849276,,failed,0,0,,no_usable_pages,known,,,bd6t550849276: no usable pages in manifest.,2026-07-17T17:10:49.314759
lacharente,bd6t55084928m,,failed,0,0,,no_usable_pages,known,,,bd6t55084928m: no usable pages in manifest.,2026-07-17T17:10:49.461267
lacharente,bd6t550849291,,failed,0,0,,no_usable_pages,known,,,bd6t550849291: no usable pages in manifest.,2026-07-17T17:10:49.574577
lacharente,bd6t55084930p,,failed,0,0,,no_usable_pages,known,,,bd6t55084930p: no usable pages in manifest.,2026-07-17T17:10:49.700343
lacharente,bd6t550849313,,failed,0,0,,no_usable_pages,known,,,bd6t550849313: no usable pages in manifest.,2026-07-17T17:10:49.839632
lacharente,bd6t55084932h,,failed,0,0,,no_usable_pages,known,,,bd6t55084932h: no usable pages in manifest.,2026-07-17T17:10:49.984439
lacharente,bd6t55084933x,,failed,0,0,,no_usable_pages,known,,,bd6t55084933x: no usable pages in manifest.,2026-07-17T17:10:50.107999
lacharente,bd6t55084934b,,failed,0,0,,no_usable_pages,known,,,bd6t55084934b: no usable pages in manifest.,2026-07-17T17:10:50.263749
lacharente,bd6t55084935r,,failed,0,0,,no_usable_pages,known,,,bd6t55084935r: no usable pages in manifest.,2026-07-17T17:10:50.423628
lacharente,bd6t550849365,,failed,0,0,,no_usable_pages,known,,,bd6t550849365: no usable pages in manifest.,2026-07-17T17:10:50.569870
lacharente,bd6t55084937k,,failed,0,0,,no_usable_pages,known,,,bd6t55084937k: no usable pages in manifest.,2026-07-17T17:10:50.713325
lacharente,bd6t550849380,,failed,0,0,,no_usable_pages,known,,,bd6t550849380: no usable pages in manifest.,2026-07-17T17:10:50.833131
lacharente,bd6t55084939d,,failed,0,0,,no_usable_pages,known,,,bd6t55084939d: no usable pages in manifest.,2026-07-17T17:10:50.966654
lacharente,bd6t550849402,,failed,0,0,,no_usable_pages,known,,,bd6t550849402: no usable pages in manifest.,2026-07-17T17:10:51.122888
lacharente,bd6t55086672m,,failed,0,0,,no_usable_pages,known,,,bd6t55086672m: no usable pages in manifest.,2026-07-17T17:10:51.246687
lacharente,bd6t55084941g,,failed,0,0,,no_usable_pages,known,,,bd6t55084941g: no usable pages in manifest.,2026-07-17T17:10:51.368825
lacharente,bd6t55084942w,,failed,0,0,,no_usable_pages,known,,,bd6t55084942w: no usable pages in manifest.,2026-07-17T17:10:51.710975
lacharente,bd6t550849439,,failed,0,0,,no_usable_pages,known,,,bd6t550849439: no usable pages in manifest.,2026-07-17T17:10:52.072045
lacharente,bd6t55084944q,,failed,0,0,,no_usable_pages,known,,,bd6t55084944q: no usable pages in manifest.,2026-07-17T17:10:52.279619
lacharente,bd6t550849454,,failed,0,0,,no_usable_pages,known,,,bd6t550849454: no usable pages in manifest.,2026-07-17T17:10:52.422186
lacharente,bd6t55084946j,,failed,0,0,,no_usable_pages,known,,,bd6t55084946j: no usable pages in manifest.,2026-07-17T17:10:52.646658
lacharente,bd6t55084947z,,failed,0,0,,no_usable_pages,known,,,bd6t55084947z: no usable pages in manifest.,2026-07-17T17:10:52.767043
lacharente,bd6t55084948c,,failed,0,0,,no_usable_pages,known,,,bd6t55084948c: no usable pages in manifest.,2026-07-17T17:10:52.906850
lacharente,bd6t55084949s,,failed,0,0,,no_usable_pages,known,,,bd6t55084949s: no usable pages in manifest.,2026-07-17T17:10:53.060649
lacharente,bd6t55084950f,,failed,0,0,,no_usable_pages,known,,,bd6t55084950f: no usable pages in manifest.,2026-07-17T17:10:53.234524
lacharente,bd6t55084951v,,failed,0,0,,no_usable_pages,known,,,bd6t55084951v: no usable pages in manifest.,2026-07-17T17:10:53.488141
lacharente,bd6t550849528,,failed,0,0,,no_usable_pages,known,,,bd6t550849528: no usable pages in manifest.,2026-07-17T17:10:53.766588
lacharente,bd6t55084953p,,failed,0,0,,no_usable_pages,known,,,bd6t55084953p: no usable pages in manifest.,2026-07-17T17:10:53.938459
lacharente,bd6t550849543,,failed,0,0,,no_usable_pages,known,,,bd6t550849543: no usable pages in manifest.,2026-07-17T17:10:54.125607
lacharente,bd6t55084955h,,failed,0,0,,no_usable_pages,known,,,bd6t55084955h: no usable pages in manifest.,2026-07-17T17:10:54.300715
lacharente,bd6t55084956x,,failed,0,0,,no_usable_pages,known,,,bd6t55084956x: no usable pages in manifest.,2026-07-17T17:10:54.515669
lacharente,bd6t55084957b,,failed,0,0,,no_usable_pages,known,,,bd6t55084957b: no usable pages in manifest.,2026-07-17T17:10:54.744545
lacharente,bd6t55084958r,,failed,0,0,,no_usable_pages,known,,,bd6t55084958r: no usable pages in manifest.,2026-07-17T17:10:54.926075
lacharente,bd6t550849595,,failed,0,0,,no_usable_pages,known,,,bd6t550849595: no usable pages in manifest.,2026-07-17T17:10:55.096384
lacharente,bd6t55084960t,,failed,0,0,,no_usable_pages,known,,,bd6t55084960t: no usable pages in manifest.,2026-07-17T17:10:55.238633
lacharente,bd6t550849617,,failed,0,0,,no_usable_pages,known,,,bd6t550849617: no usable pages in manifest.,2026-07-17T17:10:55.343739
lacharente,bd6t55084962n,,failed,0,0,,no_usable_pages,known,,,bd6t55084962n: no usable pages in manifest.,2026-07-17T17:10:55.498106
lacharente,bd6t550849632,,failed,0,0,,no_usable_pages,known,,,bd6t550849632: no usable pages in manifest.,2026-07-17T17:10:55.633462
lacharente,bd6t55084964g,,failed,0,0,,no_usable_pages,known,,,bd6t55084964g: no usable pages in manifest.,2026-07-17T17:10:55.834074
lacharente,bd6t55084965w,,failed,0,0,,no_usable_pages,known,,,bd6t55084965w: no usable pages in manifest.,2026-07-17T17:10:55.948662
lacharente,bd6t550849669,,failed,0,0,,no_usable_pages,known,,,bd6t550849669: no usable pages in manifest.,2026-07-17T17:10:56.076243
lacharente,bd6t55084967q,,failed,0,0,,no_usable_pages,known,,,bd6t55084967q: no usable pages in manifest.,2026-07-17T17:10:56.240615
lacharente,bd6t550849684,,failed,0,0,,no_usable_pages,known,,,bd6t550849684: no usable pages in manifest.,2026-07-17T17:10:56.434070
lacharente,bd6t55084969j,,failed,0,0,,no_usable_pages,known,,,bd6t55084969j: no usable pages in manifest.,2026-07-17T17:10:56.860440
lacharente,bd6t550849706,,failed,0,0,,no_usable_pages,known,,,bd6t550849706: no usable pages in manifest.,2026-07-17T17:10:57.125417
lacharente,bd6t55084971m,,failed,0,0,,no_usable_pages,known,,,bd6t55084971m: no usable pages in manifest.,2026-07-17T17:10:57.247362
lacharente,bd6t550849721,,failed,0,0,,no_usable_pages,known,,,bd6t550849721: no usable pages in manifest.,2026-07-17T17:10:57.514825
lacharente,bd6t55084973f,,failed,0,0,,no_usable_pages,known,,,bd6t55084973f: no usable pages in manifest.,2026-07-17T17:10:57.708696
lacharente,bd6t55084974v,,failed,0,0,,no_usable_pages,known,,,bd6t55084974v: no usable pages in manifest.,2026-07-17T17:10:57.831428
lacharente,bd6t550849758,,failed,0,0,,no_usable_pages,known,,,bd6t550849758: no usable pages in manifest.,2026-07-17T17:10:58.023351
lacharente,bd6t55084976p,,failed,0,0,,no_usable_pages,known,,,bd6t55084976p: no usable pages in manifest.,2026-07-17T17:10:58.200911
lacharente,bd6t550849773,,failed,0,0,,no_usable_pages,known,,,bd6t550849773: no usable pages in manifest.,2026-07-17T17:10:58.356056
lacharente,bd6t55084978h,,failed,0,0,,no_usable_pages,known,,,bd6t55084978h: no usable pages in manifest.,2026-07-17T17:10:58.473056
lacharente,bd6t55084979x,,failed,0,0,,no_usable_pages,known,,,bd6t55084979x: no usable pages in manifest.,2026-07-17T17:10:58.692500
lacharente,bd6t55084980k,,failed,0,0,,no_usable_pages,known,,,bd6t55084980k: no usable pages in manifest.,2026-07-17T17:10:58.811122
lacharente,bd6t550849810,,failed,0,0,,no_usable_pages,known,,,bd6t550849810: no usable pages in manifest.,2026-07-17T17:10:58.931336
lacharente,bd6t55084982d,,failed,0,0,,no_usable_pages,known,,,bd6t55084982d: no usable pages in manifest.,2026-07-17T17:10:59.076979
lacharente,bd6t55084983t,,failed,0,0,,no_usable_pages,known,,,bd6t55084983t: no usable pages in manifest.,2026-07-17T17:10:59.313194
lacharente,bd6t550849847,,failed,0,0,,no_usable_pages,known,,,bd6t550849847: no usable pages in manifest.,2026-07-17T17:10:59.438539
lacharente,bd6t55084985n,,failed,0,0,,no_usable_pages,known,,,bd6t55084985n: no usable pages in manifest.,2026-07-17T17:10:59.588946
lacharente,bd6t550849862,,failed,0,0,,no_usable_pages,known,,,bd6t550849862: no usable pages in manifest.,2026-07-17T17:10:59.799448
lacharente,bd6t55084987g,,failed,0,0,,no_usable_pages,known,,,bd6t55084987g: no usable pages in manifest.,2026-07-17T17:10:59.928087
lacharente,bd6t55084988w,,failed,0,0,,no_usable_pages,known,,,bd6t55084988w: no usable pages in manifest.,2026-07-17T17:11:00.076634
lacharente,bd6t550849899,,failed,0,0,,no_usable_pages,known,,,bd6t550849899: no usable pages in manifest.,2026-07-17T17:11:00.249043
lacharente,bd6t55084990z,,failed,0,0,,no_usable_pages,known,,,bd6t55084990z: no usable pages in manifest.,2026-07-17T17:11:00.405304
lacharente,bd6t55084991c,,failed,0,0,,no_usable_pages,known,,,bd6t55084991c: no usable pages in manifest.,2026-07-17T17:11:00.532762
lacharente,bd6t55084992s,,failed,0,0,,no_usable_pages,known,,,bd6t55084992s: no usable pages in manifest.,2026-07-17T17:11:00.654988
lacharente,bd6t550849936,,failed,0,0,,no_usable_pages,known,,,bd6t550849936: no usable pages in manifest.,2026-07-17T17:11:00.840981
lacharente,bd6t55084994m,,failed,0,0,,no_usable_pages,known,,,bd6t55084994m: no usable pages in manifest.,2026-07-17T17:11:01.039919
lacharente,bd6t550849951,,failed,0,0,,no_usable_pages,known,,,bd6t550849951: no usable pages in manifest.,2026-07-17T17:11:01.155993
lacharente,bd6t55084996f,,failed,0,0,,no_usable_pages,known,,,bd6t55084996f: no usable pages in manifest.,2026-07-17T17:11:01.297370
lacharente,bd6t55084997v,,failed,0,0,,no_usable_pages,known,,,bd6t55084997v: no usable pages in manifest.,2026-07-17T17:11:01.471448
lacharente,bd6t550849988,,failed,0,0,,no_usable_pages,known,,,bd6t550849988: no usable pages in manifest.,2026-07-17T17:11:01.872443
lacharente,bd6t55084999p,,failed,0,0,,no_usable_pages,known,,,bd6t55084999p: no usable pages in manifest.,2026-07-17T17:11:02.116463
lacharente,bd6t55085000r,,failed,0,0,,no_usable_pages,known,,,bd6t55085000r: no usable pages in manifest.,2026-07-17T17:11:02.295684
lacharente,bd6t550850015,,failed,0,0,,no_usable_pages,known,,,bd6t550850015: no usable pages in manifest.,2026-07-17T17:11:02.430617
lacharente,bd6t55085002k,,failed,0,0,,no_usable_pages,known,,,bd6t55085002k: no usable pages in manifest.,2026-07-17T17:11:02.585290
lacharente,bd6t550850030,,failed,0,0,,no_usable_pages,known,,,bd6t550850030: no usable pages in manifest.,2026-07-17T17:11:02.762072
lacharente,bd6t55085004d,,failed,0,0,,no_usable_pages,known,,,bd6t55085004d: no usable pages in manifest.,2026-07-17T17:11:02.886327
lacharente,bd6t55085005t,,failed,0,0,,no_usable_pages,known,,,bd6t55085005t: no usable pages in manifest.,2026-07-17T17:11:03.082129
lacharente,bd6t550850067,,failed,0,0,,no_usable_pages,known,,,bd6t550850067: no usable pages in manifest.,2026-07-17T17:11:03.205722
lacharente,bd6t55085007n,,failed,0,0,,no_usable_pages,known,,,bd6t55085007n: no usable pages in manifest.,2026-07-17T17:11:03.298539
lacharente,bd6t550850082,,failed,0,0,,no_usable_pages,known,,,bd6t550850082: no usable pages in manifest.,2026-07-17T17:11:03.476192
lacharente,bd6t55085009g,,failed,0,0,,no_usable_pages,known,,,bd6t55085009g: no usable pages in manifest.,2026-07-17T17:11:03.684122
lacharente,bd6t550850104,,failed,0,0,,no_usable_pages,known,,,bd6t550850104: no usable pages in manifest.,2026-07-17T17:11:03.826665
lacharente,bd6t55085011j,,failed,0,0,,no_usable_pages,known,,,bd6t55085011j: no usable pages in manifest.,2026-07-17T17:11:04.023951
lacharente,bd6t55085012z,,failed,0,0,,no_usable_pages,known,,,bd6t55085012z: no usable pages in manifest.,2026-07-17T17:11:04.185941
lacharente,bd6t55085013c,,failed,0,0,,no_usable_pages,known,,,bd6t55085013c: no usable pages in manifest.,2026-07-17T17:11:04.335765
lacharente,bd6t55085014s,,failed,0,0,,no_usable_pages,known,,,bd6t55085014s: no usable pages in manifest.,2026-07-17T17:11:04.541810
lacharente,bd6t550850156,,failed,0,0,,no_usable_pages,known,,,bd6t550850156: no usable pages in manifest.,2026-07-17T17:11:04.703732
lacharente,bd6t55085016m,,failed,0,0,,no_usable_pages,known,,,bd6t55085016m: no usable pages in manifest.,2026-07-17T17:11:04.853774
lacharente,bd6t550850171,,failed,0,0,,no_usable_pages,known,,,bd6t550850171: no usable pages in manifest.,2026-07-17T17:11:04.950187
lacharente,bd6t55085018f,,failed,0,0,,no_usable_pages,known,,,bd6t55085018f: no usable pages in manifest.,2026-07-17T17:11:05.061166
lacharente,bd6t55085019v,,failed,0,0,,no_usable_pages,known,,,bd6t55085019v: no usable pages in manifest.,2026-07-17T17:11:05.246266
lacharente,bd6t55085020h,,failed,0,0,,no_usable_pages,known,,,bd6t55085020h: no usable pages in manifest.,2026-07-17T17:11:05.388710
lacharente,bd6t55085021x,,failed,0,0,,no_usable_pages,known,,,bd6t55085021x: no usable pages in manifest.,2026-07-17T17:11:05.533765
lacharente,bd6t55085022b,,failed,0,0,,no_usable_pages,known,,,bd6t55085022b: no usable pages in manifest.,2026-07-17T17:11:05.698826
lacharente,bd6t55085023r,,failed,0,0,,no_usable_pages,known,,,bd6t55085023r: no usable pages in manifest.,2026-07-17T17:11:05.840971
lacharente,bd6t550850245,,failed,0,0,,no_usable_pages,known,,,bd6t550850245: no usable pages in manifest.,2026-07-17T17:11:06.013451
lacharente,bd6t55085025k,,failed,0,0,,no_usable_pages,known,,,bd6t55085025k: no usable pages in manifest.,2026-07-17T17:11:06.199527
lacharente,bd6t550850260,,failed,0,0,,no_usable_pages,known,,,bd6t550850260: no usable pages in manifest.,2026-07-17T17:11:06.713191
lacharente,bd6t55085027d,,failed,0,0,,no_usable_pages,known,,,bd6t55085027d: no usable pages in manifest.,2026-07-17T17:11:06.883366
lacharente,bd6t55085028t,,failed,0,0,,no_usable_pages,known,,,bd6t55085028t: no usable pages in manifest.,2026-07-17T17:11:07.000408
lacharente,bd6t550850297,,failed,0,0,,no_usable_pages,known,,,bd6t550850297: no usable pages in manifest.,2026-07-17T17:11:07.118955
lacharente,bd6t55085030w,,failed,0,0,,no_usable_pages,known,,,bd6t55085030w: no usable pages in manifest.,2026-07-17T17:11:07.240735
lacharente,bd6t550850319,,failed,0,0,,no_usable_pages,known,,,bd6t550850319: no usable pages in manifest.,2026-07-17T17:11:07.393902
lacharente,bd6t55085032q,,failed,0,0,,no_usable_pages,known,,,bd6t55085032q: no usable pages in manifest.,2026-07-17T17:11:07.554202
lacharente,bd6t550850334,,failed,0,0,,no_usable_pages,known,,,bd6t550850334: no usable pages in manifest.,2026-07-17T17:11:07.732410
lacharente,bd6t55085034j,,failed,0,0,,no_usable_pages,known,,,bd6t55085034j: no usable pages in manifest.,2026-07-17T17:11:07.953059
lacharente,bd6t55085035z,,failed,0,0,,no_usable_pages,known,,,bd6t55085035z: no usable pages in manifest.,2026-07-17T17:11:08.134517
lacharente,bd6t55085036c,,failed,0,0,,no_usable_pages,known,,,bd6t55085036c: no usable pages in manifest.,2026-07-17T17:11:08.268713
lacharente,bd6t55085037s,,failed,0,0,,no_usable_pages,known,,,bd6t55085037s: no usable pages in manifest.,2026-07-17T17:11:08.390483
lacharente,bd6t550850386,,failed,0,0,,no_usable_pages,known,,,bd6t550850386: no usable pages in manifest.,2026-07-17T17:11:08.531286
lacharente,bd6t55085039m,,failed,0,0,,no_usable_pages,known,,,bd6t55085039m: no usable pages in manifest.,2026-07-17T17:11:08.716494
lacharente,bd6t550850408,,failed,0,0,,no_usable_pages,known,,,bd6t550850408: no usable pages in manifest.,2026-07-17T17:11:08.922003
lacharente,bd6t55085041p,,failed,0,0,,no_usable_pages,known,,,bd6t55085041p: no usable pages in manifest.,2026-07-17T17:11:09.093173
lacharente,bd6t55085043h,,failed,0,0,,no_usable_pages,known,,,bd6t55085043h: no usable pages in manifest.,2026-07-17T17:11:09.253088
lacharente,bd6t550850423,,failed,0,0,,no_usable_pages,known,,,bd6t550850423: no usable pages in manifest.,2026-07-17T17:11:09.393588
lacharente,bd6t55085044x,,failed,0,0,,no_usable_pages,known,,,bd6t55085044x: no usable pages in manifest.,2026-07-17T17:11:09.578918
lacharente,bd6t55085045b,,failed,0,0,,no_usable_pages,known,,,bd6t55085045b: no usable pages in manifest.,2026-07-17T17:11:09.747986
lacharente,bd6t55085046r,,failed,0,0,,no_usable_pages,known,,,bd6t55085046r: no usable pages in manifest.,2026-07-17T17:11:09.925956
lacharente,bd6t550850475,,failed,0,0,,no_usable_pages,known,,,bd6t550850475: no usable pages in manifest.,2026-07-17T17:11:10.073881
lacharente,bd6t55085048k,,failed,0,0,,no_usable_pages,known,,,bd6t55085048k: no usable pages in manifest.,2026-07-17T17:11:10.218712
lacharente,bd6t550850490,,failed,0,0,,no_usable_pages,known,,,bd6t550850490: no usable pages in manifest.,2026-07-17T17:11:10.347669
lacharente,bd6t55085050n,,failed,0,0,,no_usable_pages,known,,,bd6t55085050n: no usable pages in manifest.,2026-07-17T17:11:10.482228
lacharente,bd6t550850512,,failed,0,0,,no_usable_pages,known,,,bd6t550850512: no usable pages in manifest.,2026-07-17T17:11:10.662436
lacharente,bd6t55085052g,,failed,0,0,,no_usable_pages,known,,,bd6t55085052g: no usable pages in manifest.,2026-07-17T17:11:10.844609
lacharente,bd6t55085053w,,failed,0,0,,no_usable_pages,known,,,bd6t55085053w: no usable pages in manifest.,2026-07-17T17:11:10.994357
lacharente,bd6t550850549,,failed,0,0,,no_usable_pages,known,,,bd6t550850549: no usable pages in manifest.,2026-07-17T17:11:11.313330
lacharente,bd6t55085055q,,failed,0,0,,no_usable_pages,known,,,bd6t55085055q: no usable pages in manifest.,2026-07-17T17:11:11.620051
lacharente,bd6t550850564,,failed,0,0,,no_usable_pages,known,,,bd6t550850564: no usable pages in manifest.,2026-07-17T17:11:11.753450
lacharente,bd6t55085057j,,failed,0,0,,no_usable_pages,known,,,bd6t55085057j: no usable pages in manifest.,2026-07-17T17:11:11.939094
lacharente,bd6t55085058z,,failed,0,0,,no_usable_pages,known,,,bd6t55085058z: no usable pages in manifest.,2026-07-17T17:11:12.126515
lacharente,bd6t55085059c,,failed,0,0,,no_usable_pages,known,,,bd6t55085059c: no usable pages in manifest.,2026-07-17T17:11:12.333608
lacharente,bd6t550850601,,failed,0,0,,no_usable_pages,known,,,bd6t550850601: no usable pages in manifest.,2026-07-17T17:11:12.469328
lacharente,bd6t55085061f,,failed,0,0,,no_usable_pages,known,,,bd6t55085061f: no usable pages in manifest.,2026-07-17T17:11:12.643243
lacharente,bd6t55085062v,,failed,0,0,,no_usable_pages,known,,,bd6t55085062v: no usable pages in manifest.,2026-07-17T17:11:12.780939
lacharente,bd6t550850638,,failed,0,0,,no_usable_pages,known,,,bd6t550850638: no usable pages in manifest.,2026-07-17T17:11:12.969142
lacharente,bd6t55085064p,,failed,0,0,,no_usable_pages,known,,,bd6t55085064p: no usable pages in manifest.,2026-07-17T17:11:13.171160
lacharente,bd6t550850653,,failed,0,0,,no_usable_pages,known,,,bd6t550850653: no usable pages in manifest.,2026-07-17T17:11:13.333745
lacharente,bd6t55085066h,,failed,0,0,,no_usable_pages,known,,,bd6t55085066h: no usable pages in manifest.,2026-07-17T17:11:13.484437
lacharente,bd6t55085067x,,failed,0,0,,no_usable_pages,known,,,bd6t55085067x: no usable pages in manifest.,2026-07-17T17:11:13.614919
lacharente,bd6t55085068b,,failed,0,0,,no_usable_pages,known,,,bd6t55085068b: no usable pages in manifest.,2026-07-17T17:11:13.749813
lacharente,bd6t550851129,,failed,0,0,,no_usable_pages,known,,,bd6t550851129: no usable pages in manifest.,2026-07-31T15:26:49.487258
lacharente,bd6t55085069r,,failed,0,0,,no_usable_pages,known,,,bd6t55085069r: no usable pages in manifest.,2026-07-17T17:11:14.039333
lacharente,bd6t55085070d,,failed,0,0,,no_usable_pages,known,,,bd6t55085070d: no usable pages in manifest.,2026-07-17T17:11:14.184258
lacharente,bd6t55085071t,,failed,0,0,,no_usable_pages,known,,,bd6t55085071t: no usable pages in manifest.,2026-07-17T17:11:14.282059
lacharente,bd6t550850727,,failed,0,0,,no_usable_pages,known,,,bd6t550850727: no usable pages in manifest.,2026-07-17T17:11:14.432963
lacharente,bd6t55085073n,,failed,0,0,,no_usable_pages,known,,,bd6t55085073n: no usable pages in manifest.,2026-07-17T17:11:14.602294
lacharente,bd6t550850742,,failed,0,0,,no_usable_pages,known,,,bd6t550850742: no usable pages in manifest.,2026-07-17T17:11:14.796904
lacharente,bd6t55085075g,,failed,0,0,,no_usable_pages,known,,,bd6t55085075g: no usable pages in manifest.,2026-07-17T17:11:14.895222
lacharente,bd6t55085076w,,failed,0,0,,no_usable_pages,known,,,bd6t55085076w: no usable pages in manifest.,2026-07-17T17:11:15.050186
lacharente,bd6t550850779,,failed,0,0,,no_usable_pages,known,,,bd6t550850779: no usable pages in manifest.,2026-07-17T17:11:15.254499
lacharente,bd6t55085078q,,failed,0,0,,no_usable_pages,known,,,bd6t55085078q: no usable pages in manifest.,2026-07-17T17:11:15.382548
lacharente,bd6t550850794,,failed,0,0,,no_usable_pages,known,,,bd6t550850794: no usable pages in manifest.,2026-07-17T17:11:15.545866
lacharente,bd6t55085080s,,failed,0,0,,no_usable_pages,known,,,bd6t55085080s: no usable pages in manifest.,2026-07-17T17:11:15.706012
lacharente,bd6t550850816,,failed,0,0,,no_usable_pages,known,,,bd6t550850816: no usable pages in manifest.,2026-07-17T17:11:15.860424
lacharente,bd6t55085082m,,failed,0,0,,no_usable_pages,known,,,bd6t55085082m: no usable pages in manifest.,2026-07-17T17:11:16.205447
lacharente,bd6t550850831,,failed,0,0,,no_usable_pages,known,,,bd6t550850831: no usable pages in manifest.,2026-07-17T17:11:16.443820
lacharente,bd6t55085084f,,failed,0,0,,no_usable_pages,known,,,bd6t55085084f: no usable pages in manifest.,2026-07-17T17:11:16.677716
lacharente,bd6t55085085v,,failed,0,0,,no_usable_pages,known,,,bd6t55085085v: no usable pages in manifest.,2026-07-17T17:11:16.863805
lacharente,bd6t55085087p,,failed,0,0,,no_usable_pages,known,,,bd6t55085087p: no usable pages in manifest.,2026-07-17T17:11:17.005359
lacharente,bd6t550850883,,failed,0,0,,no_usable_pages,known,,,bd6t550850883: no usable pages in manifest.,2026-07-17T17:11:17.134683
lacharente,bd6t55085089h,,failed,0,0,,no_usable_pages,known,,,bd6t55085089h: no usable pages in manifest.,2026-07-17T17:11:17.295602
lacharente,bd6t550850905,,failed,0,0,,no_usable_pages,known,,,bd6t550850905: no usable pages in manifest.,2026-07-17T17:11:17.483809
lacharente,bd6t55085091k,,failed,0,0,,no_usable_pages,known,,,bd6t55085091k: no usable pages in manifest.,2026-07-17T17:11:17.593827
lacharente,bd6t550850920,,failed,0,0,,no_usable_pages,known,,,bd6t550850920: no usable pages in manifest.,2026-07-17T17:11:17.766707
lacharente,bd6t55085093d,,failed,0,0,,no_usable_pages,known,,,bd6t55085093d: no usable pages in manifest.,2026-07-17T17:11:17.853350
lacharente,bd6t55085094t,,failed,0,0,,no_usable_pages,known,,,bd6t55085094t: no usable pages in manifest.,2026-07-17T17:11:17.989142
lacharente,bd6t550850957,,failed,0,0,,no_usable_pages,known,,,bd6t550850957: no usable pages in manifest.,2026-07-17T17:11:18.118669
lacharente,bd6t55085096n,,failed,0,0,,no_usable_pages,known,,,bd6t55085096n: no usable pages in manifest.,2026-07-17T17:11:18.287295
lacharente,bd6t550850972,,failed,0,0,,no_usable_pages,known,,,bd6t550850972: no usable pages in manifest.,2026-07-17T17:11:18.409953
lacharente,bd6t55085098g,,failed,0,0,,no_usable_pages,known,,,bd6t55085098g: no usable pages in manifest.,2026-07-17T17:11:18.591164
lacharente,bd6t55085099w,,failed,0,0,,no_usable_pages,known,,,bd6t55085099w: no usable pages in manifest.,2026-07-17T17:11:18.819254
lacharente,bd6t550851003,,failed,0,0,,no_usable_pages,known,,,bd6t550851003: no usable pages in manifest.,2026-07-17T17:11:19.006208
lacharente,bd6t55085101h,,failed,0,0,,no_usable_pages,known,,,bd6t55085101h: no usable pages in manifest.,2026-07-17T17:11:19.168563
lacharente,bd6t55085102x,,failed,0,0,,no_usable_pages,known,,,bd6t55085102x: no usable pages in manifest.,2026-07-17T17:11:19.297610
lacharente,bd6t55085103b,,failed,0,0,,no_usable_pages,known,,,bd6t55085103b: no usable pages in manifest.,2026-07-17T17:11:19.501721
lacharente,bd6t55085104r,,failed,0,0,,no_usable_pages,known,,,bd6t55085104r: no usable pages in manifest.,2026-07-17T17:11:19.684395
lacharente,bd6t550851055,,failed,0,0,,no_usable_pages,known,,,bd6t550851055: no usable pages in manifest.,2026-07-17T17:11:19.849116
lacharente,bd6t55085106k,,failed,0,0,,no_usable_pages,known,,,bd6t55085106k: no usable pages in manifest.,2026-07-17T17:11:19.989220
lacharente,bd6t550851070,,failed,0,0,,no_usable_pages,known,,,bd6t550851070: no usable pages in manifest.,2026-07-17T17:11:20.172115
lacharente,bd6t55085108d,,failed,0,0,,no_usable_pages,known,,,bd6t55085108d: no usable pages in manifest.,2026-07-17T17:11:20.309016
lacharente,bd6t55085109t,,failed,0,0,,no_usable_pages,known,,,bd6t55085109t: no usable pages in manifest.,2026-07-17T17:11:20.456695
lacharente,bd6t55085110g,,failed,0,0,,no_usable_pages,known,,,bd6t55085110g: no usable pages in manifest.,2026-07-17T17:11:20.599010
lacharente,bd6t55085111w,,failed,0,0,,no_usable_pages,known,,,bd6t55085111w: no usable pages in manifest.,2026-07-17T17:11:20.814549
lacharente,bd6t550851144,,failed,0,0,,no_usable_pages,known,,,bd6t550851144: no usable pages in manifest.,2026-07-17T17:11:21.160423
lacharente,bd6t55085115j,,failed,0,0,,no_usable_pages,known,,,bd6t55085115j: no usable pages in manifest.,2026-07-17T17:11:21.305473
lacharente,bd6t55085116z,,failed,0,0,,no_usable_pages,known,,,bd6t55085116z: no usable pages in manifest.,2026-07-17T17:11:21.522929
lacharente,bd6t55085117c,,failed,0,0,,no_usable_pages,known,,,bd6t55085117c: no usable pages in manifest.,2026-07-17T17:11:21.704920
lacharente,bd6t550851196,,failed,0,0,,no_usable_pages,known,,,bd6t550851196: no usable pages in manifest.,2026-07-17T17:11:21.846120
lacharente,bd6t55085120v,,failed,0,0,,no_usable_pages,known,,,bd6t55085120v: no usable pages in manifest.,2026-07-17T17:11:22.115486
lacharente,bd6t55085118s,,failed,0,0,,no_usable_pages,known,,,bd6t55085118s: no usable pages in manifest.,2026-07-17T17:11:22.273438
lacharente,bd6t550851218,,failed,0,0,,no_usable_pages,known,,,bd6t550851218: no usable pages in manifest.,2026-07-17T17:11:22.399710
lacharente,bd6t55085122p,,failed,0,0,,no_usable_pages,known,,,bd6t55085122p: no usable pages in manifest.,2026-07-17T17:11:22.605483
lacharente,bd6t550851233,,failed,0,0,,no_usable_pages,known,,,bd6t550851233: no usable pages in manifest.,2026-07-17T17:11:22.738555
lacharente,bd6t55085124h,,failed,0,0,,no_usable_pages,known,,,bd6t55085124h: no usable pages in manifest.,2026-07-17T17:11:22.902134
lacharente,bd6t55085125x,,failed,0,0,,no_usable_pages,known,,,bd6t55085125x: no usable pages in manifest.,2026-07-17T17:11:23.023600
lacharente,bd6t55085126b,,failed,0,0,,no_usable_pages,known,,,bd6t55085126b: no usable pages in manifest.,2026-07-17T17:11:23.173554
lacharente,bd6t55085127r,,failed,0,0,,no_usable_pages,known,,,bd6t55085127r: no usable pages in manifest.,2026-07-17T17:11:23.260933
lacharente,bd6t550851285,,failed,0,0,,no_usable_pages,known,,,bd6t550851285: no usable pages in manifest.,2026-07-17T17:11:23.386827
lacharente,bd6t55085129k,,failed,0,0,,no_usable_pages,known,,,bd6t55085129k: no usable pages in manifest.,2026-07-17T17:11:23.499018
lacharente,bd6t550851307,,failed,0,0,,no_usable_pages,known,,,bd6t550851307: no usable pages in manifest.,2026-07-17T17:11:23.701533
lacharente,bd6t55085131n,,failed,0,0,,no_usable_pages,known,,,bd6t55085131n: no usable pages in manifest.,2026-07-17T17:11:23.874869
lacharente,bd6t550851322,,failed,0,0,,no_usable_pages,known,,,bd6t550851322: no usable pages in manifest.,2026-07-17T17:11:24.044180
lacharente,bd6t55085133g,,failed,0,0,,no_usable_pages,known,,,bd6t55085133g: no usable pages in manifest.,2026-07-17T17:11:24.226870
lacharente,bd6t55085134w,,failed,0,0,,no_usable_pages,known,,,bd6t55085134w: no usable pages in manifest.,2026-07-17T17:11:24.367708
lacharente,bd6t550851359,,failed,0,0,,no_usable_pages,known,,,bd6t550851359: no usable pages in manifest.,2026-07-17T17:11:24.544413
lacharente,bd6t55085136q,,failed,0,0,,no_usable_pages,known,,,bd6t55085136q: no usable pages in manifest.,2026-07-17T17:11:24.724428
lacharente,bd6t550851374,,failed,0,0,,no_usable_pages,known,,,bd6t550851374: no usable pages in manifest.,2026-07-17T17:11:24.855341
lacharente,bd6t55085138j,,failed,0,0,,no_usable_pages,known,,,bd6t55085138j: no usable pages in manifest.,2026-07-17T17:11:25.019088
lacharente,bd6t55085139z,,failed,0,0,,no_usable_pages,known,,,bd6t55085139z: no usable pages in manifest.,2026-07-17T17:11:25.217689
lacharente,bd6t55085140m,,failed,0,0,,no_usable_pages,known,,,bd6t55085140m: no usable pages in manifest.,2026-07-17T17:11:25.383544
lacharente,bd6t550851411,,failed,0,0,,no_usable_pages,known,,,bd6t550851411: no usable pages in manifest.,2026-07-17T17:11:25.571107
lacharente,bd6t55085142f,,failed,0,0,,no_usable_pages,known,,,bd6t55085142f: no usable pages in manifest.,2026-07-17T17:11:25.694912
lacharente,bd6t55085143v,,failed,0,0,,no_usable_pages,known,,,bd6t55085143v: no usable pages in manifest.,2026-07-17T17:11:25.894971
lacharente,bd6t550851448,,failed,0,0,,no_usable_pages,known,,,bd6t550851448: no usable pages in manifest.,2026-07-17T17:11:25.994821
lacharente,bd6t55085145p,,failed,0,0,,no_usable_pages,known,,,bd6t55085145p: no usable pages in manifest.,2026-07-17T17:11:26.372128
lacharente,bd6t550851463,,failed,0,0,,no_usable_pages,known,,,bd6t550851463: no usable pages in manifest.,2026-07-17T17:11:26.764412
lacharente,bd6t55085147h,,failed,0,0,,no_usable_pages,known,,,bd6t55085147h: no usable pages in manifest.,2026-07-17T17:11:26.893977
lacharente,bd6t55085148x,,failed,0,0,,no_usable_pages,known,,,bd6t55085148x: no usable pages in manifest.,2026-07-17T17:11:27.009084
lacharente,bd6t55085149b,,failed,0,0,,no_usable_pages,known,,,bd6t55085149b: no usable pages in manifest.,2026-07-17T17:11:27.115466
lacharente,bd6t550851500,,failed,0,0,,no_usable_pages,known,,,bd6t550851500: no usable pages in manifest.,2026-07-17T17:11:27.272206
lacharente,bd6t55085151d,,failed,0,0,,no_usable_pages,known,,,bd6t55085151d: no usable pages in manifest.,2026-07-17T17:11:27.396186
lacharente,bd6t55085152t,,failed,0,0,,no_usable_pages,known,,,bd6t55085152t: no usable pages in manifest.,2026-07-17T17:11:27.516696
lacharente,bd6t55085403c,,failed,0,0,,no_usable_pages,known,,,bd6t55085403c: no usable pages in manifest.,2026-07-17T17:11:27.633417
lacharente,bd6t550851537,,failed,0,0,,no_usable_pages,known,,,bd6t550851537: no usable pages in manifest.,2026-07-17T17:11:27.768160
lacharente,bd6t55085154n,,failed,0,0,,no_usable_pages,known,,,bd6t55085154n: no usable pages in manifest.,2026-07-17T17:11:27.963705
lacharente,bd6t550851552,,failed,0,0,,no_usable_pages,known,,,bd6t550851552: no usable pages in manifest.,2026-07-17T17:11:28.167944
lacharente,bd6t55085156g,,failed,0,0,,no_usable_pages,known,,,bd6t55085156g: no usable pages in manifest.,2026-07-17T17:11:28.284653
lacharente,bd6t55085157w,,failed,0,0,,no_usable_pages,known,,,bd6t55085157w: no usable pages in manifest.,2026-07-17T17:11:28.465368
lacharente,bd6t550851589,,failed,0,0,,no_usable_pages,known,,,bd6t550851589: no usable pages in manifest.,2026-07-17T17:11:28.648641
lacharente,bd6t55085159q,,failed,0,0,,no_usable_pages,known,,,bd6t55085159q: no usable pages in manifest.,2026-07-17T17:11:28.789676
lacharente,bd6t55085160c,,failed,0,0,,no_usable_pages,known,,,bd6t55085160c: no usable pages in manifest.,2026-07-17T17:11:28.920197
lacharente,bd6t55085161s,,failed,0,0,,no_usable_pages,known,,,bd6t55085161s: no usable pages in manifest.,2026-07-17T17:11:29.069217
lacharente,bd6t550851626,,failed,0,0,,no_usable_pages,known,,,bd6t550851626: no usable pages in manifest.,2026-07-17T17:11:29.189328
lacharente,bd6t55085163m,,failed,0,0,,no_usable_pages,known,,,bd6t55085163m: no usable pages in manifest.,2026-07-17T17:11:29.380226
lacharente,bd6t550851641,,failed,0,0,,no_usable_pages,known,,,bd6t550851641: no usable pages in manifest.,2026-07-17T17:11:29.533461
lacharente,bd6t55085165f,,failed,0,0,,no_usable_pages,known,,,bd6t55085165f: no usable pages in manifest.,2026-07-17T17:11:29.747292
lacharente,bd6t55085166v,,failed,0,0,,no_usable_pages,known,,,bd6t55085166v: no usable pages in manifest.,2026-07-17T17:11:29.946536
lacharente,bd6t550851678,,failed,0,0,,no_usable_pages,known,,,bd6t550851678: no usable pages in manifest.,2026-07-17T17:11:30.186271
lacharente,bd6t55085168p,,failed,0,0,,no_usable_pages,known,,,bd6t55085168p: no usable pages in manifest.,2026-07-17T17:11:30.363692
lacharente,bd6t550851693,,failed,0,0,,no_usable_pages,known,,,bd6t550851693: no usable pages in manifest.,2026-07-17T17:11:30.585914
lacharente,bd6t55085170r,,failed,0,0,,no_usable_pages,known,,,bd6t55085170r: no usable pages in manifest.,2026-07-17T17:11:30.739307
lacharente,bd6t550851715,,failed,0,0,,no_usable_pages,known,,,bd6t550851715: no usable pages in manifest.,2026-07-17T17:11:30.905253
lacharente,bd6t55085172k,,failed,0,0,,no_usable_pages,known,,,bd6t55085172k: no usable pages in manifest.,2026-07-17T17:11:31.103977
lacharente,bd6t550851730,,failed,0,0,,no_usable_pages,known,,,bd6t550851730: no usable pages in manifest.,2026-07-17T17:11:31.309363
lacharente,bd6t55085174d,,failed,0,0,,no_usable_pages,known,,,bd6t55085174d: no usable pages in manifest.,2026-07-17T17:11:31.472529
lacharente,bd6t55085175t,,failed,0,0,,no_usable_pages,known,,,bd6t55085175t: no usable pages in manifest.,2026-07-17T17:11:31.688177
lacharente,bd6t550851767,,failed,0,0,,no_usable_pages,known,,,bd6t550851767: no usable pages in manifest.,2026-07-17T17:11:31.895131
lacharente,bd6t55085177n,,failed,0,0,,no_usable_pages,known,,,bd6t55085177n: no usable pages in manifest.,2026-07-17T17:11:32.103160
lacharente,bd6t550851782,,failed,0,0,,no_usable_pages,known,,,bd6t550851782: no usable pages in manifest.,2026-07-17T17:11:32.236028
lacharente,bd6t55085179g,,failed,0,0,,no_usable_pages,known,,,bd6t55085179g: no usable pages in manifest.,2026-07-17T17:11:32.398175
lacharente,bd6t550851804,,failed,0,0,,no_usable_pages,known,,,bd6t550851804: no usable pages in manifest.,2026-07-17T17:11:32.539331
lacharente,bd6t55085181j,,failed,0,0,,no_usable_pages,known,,,bd6t55085181j: no usable pages in manifest.,2026-07-17T17:11:32.658117
lacharente,bd6t55085182z,,failed,0,0,,no_usable_pages,known,,,bd6t55085182z: no usable pages in manifest.,2026-07-17T17:11:32.796909
lacharente,bd6t55085183c,,failed,0,0,,no_usable_pages,known,,,bd6t55085183c: no usable pages in manifest.,2026-07-17T17:11:32.943912
lacharente,bd6t55085184s,,failed,0,0,,no_usable_pages,known,,,bd6t55085184s: no usable pages in manifest.,2026-07-17T17:11:33.072569
lacharente,bd6t550851856,,failed,0,0,,no_usable_pages,known,,,bd6t550851856: no usable pages in manifest.,2026-07-17T17:11:33.229426
lacharente,bd6t55085186m,,failed,0,0,,no_usable_pages,known,,,bd6t55085186m: no usable pages in manifest.,2026-07-17T17:11:33.382892
lacharente,bd6t550851871,,failed,0,0,,no_usable_pages,known,,,bd6t550851871: no usable pages in manifest.,2026-07-17T17:11:33.539549
lacharente,bd6t55085188f,,failed,0,0,,no_usable_pages,known,,,bd6t55085188f: no usable pages in manifest.,2026-07-17T17:11:33.715071
lacharente,bd6t55085189v,,failed,0,0,,no_usable_pages,known,,,bd6t55085189v: no usable pages in manifest.,2026-07-17T17:11:33.849715
lacharente,bd6t55085190h,,failed,0,0,,no_usable_pages,known,,,bd6t55085190h: no usable pages in manifest.,2026-07-17T17:11:34.068424
lacharente,bd6t55085191x,,failed,0,0,,no_usable_pages,known,,,bd6t55085191x: no usable pages in manifest.,2026-07-17T17:11:34.210061
lacharente,bd6t55085192b,,failed,0,0,,no_usable_pages,known,,,bd6t55085192b: no usable pages in manifest.,2026-07-17T17:11:34.368556
lacharente,bd6t55085193r,,failed,0,0,,no_usable_pages,known,,,bd6t55085193r: no usable pages in manifest.,2026-07-17T17:11:34.541754
lacharente,bd6t550851945,,failed,0,0,,no_usable_pages,known,,,bd6t550851945: no usable pages in manifest.,2026-07-17T17:11:34.643971
lacharente,bd6t55085195k,,failed,0,0,,no_usable_pages,known,,,bd6t55085195k: no usable pages in manifest.,2026-07-17T17:11:34.779405
lacharente,bd6t550851960,,failed,0,0,,no_usable_pages,known,,,bd6t550851960: no usable pages in manifest.,2026-07-17T17:11:34.949621
lacharente,bd6t55085197d,,failed,0,0,,no_usable_pages,known,,,bd6t55085197d: no usable pages in manifest.,2026-07-17T17:11:35.102150
lacharente,bd6t55085198t,,failed,0,0,,no_usable_pages,known,,,bd6t55085198t: no usable pages in manifest.,2026-07-17T17:11:35.259365
lacharente,bd6t550851997,,failed,0,0,,no_usable_pages,known,,,bd6t550851997: no usable pages in manifest.,2026-07-17T17:11:35.396809
lacharente,bd6t55085200f,,failed,0,0,,no_usable_pages,known,,,bd6t55085200f: no usable pages in manifest.,2026-07-17T17:11:35.549773
lacharente,bd6t55085201v,,failed,0,0,,no_usable_pages,known,,,bd6t55085201v: no usable pages in manifest.,2026-07-17T17:11:35.658580
lacharente,bd6t550852028,,failed,0,0,,no_usable_pages,known,,,bd6t550852028: no usable pages in manifest.,2026-07-17T17:11:35.802103
lacharente,bd6t55085203p,,failed,0,0,,no_usable_pages,known,,,bd6t55085203p: no usable pages in manifest.,2026-07-17T17:11:35.966203
lacharente,bd6t550852043,,failed,0,0,,no_usable_pages,known,,,bd6t550852043: no usable pages in manifest.,2026-07-17T17:11:36.358677
lacharente,bd6t55085205h,,failed,0,0,,no_usable_pages,known,,,bd6t55085205h: no usable pages in manifest.,2026-07-17T17:11:36.540568
lacharente,bd6t55085206x,,failed,0,0,,no_usable_pages,known,,,bd6t55085206x: no usable pages in manifest.,2026-07-17T17:11:36.742570
lacharente,bd6t55085207b,,failed,0,0,,no_usable_pages,known,,,bd6t55085207b: no usable pages in manifest.,2026-07-17T17:11:36.882050
lacharente,bd6t55085208r,,failed,0,0,,no_usable_pages,known,,,bd6t55085208r: no usable pages in manifest.,2026-07-17T17:11:37.012763
lacharente,bd6t55085210t,,failed,0,0,,no_usable_pages,known,,,bd6t55085210t: no usable pages in manifest.,2026-07-17T17:11:37.154186
lacharente,bd6t550852095,,failed,0,0,,no_usable_pages,known,,,bd6t550852095: no usable pages in manifest.,2026-07-17T17:11:37.322803
lacharente,bd6t550852117,,failed,0,0,,no_usable_pages,known,,,bd6t550852117: no usable pages in manifest.,2026-07-17T17:11:37.475199
lacharente,bd6t55085212n,,failed,0,0,,no_usable_pages,known,,,bd6t55085212n: no usable pages in manifest.,2026-07-17T17:11:37.594445
lacharente,bd6t550852132,,failed,0,0,,no_usable_pages,known,,,bd6t550852132: no usable pages in manifest.,2026-07-17T17:11:37.744572
lacharente,bd6t55085214g,,failed,0,0,,no_usable_pages,known,,,bd6t55085214g: no usable pages in manifest.,2026-07-17T17:11:37.881099
lacharente,bd6t55085215w,,failed,0,0,,no_usable_pages,known,,,bd6t55085215w: no usable pages in manifest.,2026-07-17T17:11:38.035524
lacharente,bd6t550852169,,failed,0,0,,no_usable_pages,known,,,bd6t550852169: no usable pages in manifest.,2026-07-17T17:11:38.165127
lacharente,bd6t55085217q,,failed,0,0,,no_usable_pages,known,,,bd6t55085217q: no usable pages in manifest.,2026-07-17T17:11:38.343273
lacharente,bd6t550852184,,failed,0,0,,no_usable_pages,known,,,bd6t550852184: no usable pages in manifest.,2026-07-17T17:11:38.533993
lacharente,bd6t55085219j,,failed,0,0,,no_usable_pages,known,,,bd6t55085219j: no usable pages in manifest.,2026-07-17T17:11:38.719444
lacharente,bd6t550852206,,failed,0,0,,no_usable_pages,known,,,bd6t550852206: no usable pages in manifest.,2026-07-17T17:11:38.917567
lacharente,bd6t55085221m,,failed,0,0,,no_usable_pages,known,,,bd6t55085221m: no usable pages in manifest.,2026-07-17T17:11:39.058191
lacharente,bd6t550852221,,failed,0,0,,no_usable_pages,known,,,bd6t550852221: no usable pages in manifest.,2026-07-17T17:11:39.196204
lacharente,bd6t55085223f,,failed,0,0,,no_usable_pages,known,,,bd6t55085223f: no usable pages in manifest.,2026-07-17T17:11:39.323896
lacharente,bd6t55085224v,,failed,0,0,,no_usable_pages,known,,,bd6t55085224v: no usable pages in manifest.,2026-07-17T17:11:39.492688
lacharente,bd6t550852258,,failed,0,0,,no_usable_pages,known,,,bd6t550852258: no usable pages in manifest.,2026-07-17T17:11:39.830658
lacharente,bd6t55085226p,,failed,0,0,,no_usable_pages,known,,,bd6t55085226p: no usable pages in manifest.,2026-07-17T17:11:40.048374
lacharente,bd6t550852273,,failed,0,0,,no_usable_pages,known,,,bd6t550852273: no usable pages in manifest.,2026-07-17T17:11:40.211240
lacharente,bd6t55085228h,,failed,0,0,,no_usable_pages,known,,,bd6t55085228h: no usable pages in manifest.,2026-07-17T17:11:40.359071
lacharente,bd6t55085229x,,failed,0,0,,no_usable_pages,known,,,bd6t55085229x: no usable pages in manifest.,2026-07-17T17:11:40.509697
lacharente,bd6t55085230k,,failed,0,0,,no_usable_pages,known,,,bd6t55085230k: no usable pages in manifest.,2026-07-17T17:11:40.885752
lacharente,bd6t550852310,,failed,0,0,,no_usable_pages,known,,,bd6t550852310: no usable pages in manifest.,2026-07-17T17:11:41.120391
lacharente,bd6t55085232d,,failed,0,0,,no_usable_pages,known,,,bd6t55085232d: no usable pages in manifest.,2026-07-17T17:11:41.310806
lacharente,bd6t55085233t,,failed,0,0,,no_usable_pages,known,,,bd6t55085233t: no usable pages in manifest.,2026-07-17T17:11:41.468202
lacharente,bd6t550852347,,failed,0,0,,no_usable_pages,known,,,bd6t550852347: no usable pages in manifest.,2026-07-17T17:11:41.726609
lacharente,bd6t55085235n,,failed,0,0,,no_usable_pages,known,,,bd6t55085235n: no usable pages in manifest.,2026-07-17T17:11:41.928713
lacharente,bd6t550852362,,failed,0,0,,no_usable_pages,known,,,bd6t550852362: no usable pages in manifest.,2026-07-17T17:11:42.179115
lacharente,bd6t55085237g,,failed,0,0,,no_usable_pages,known,,,bd6t55085237g: no usable pages in manifest.,2026-07-17T17:11:42.326930
lacharente,bd6t55085238w,,failed,0,0,,no_usable_pages,known,,,bd6t55085238w: no usable pages in manifest.,2026-07-17T17:11:42.512588
lacharente,bd6t550852399,,failed,0,0,,no_usable_pages,known,,,bd6t550852399: no usable pages in manifest.,2026-07-17T17:11:42.632710
lacharente,bd6t55085240z,,failed,0,0,,no_usable_pages,known,,,bd6t55085240z: no usable pages in manifest.,2026-07-17T17:11:42.763149
lacharente,bd6t55085241c,,failed,0,0,,no_usable_pages,known,,,bd6t55085241c: no usable pages in manifest.,2026-07-17T17:11:43.001938
lacharente,bd6t55085242s,,failed,0,0,,no_usable_pages,known,,,bd6t55085242s: no usable pages in manifest.,2026-07-17T17:11:43.151733
lacharente,bd6t550852436,,failed,0,0,,no_usable_pages,known,,,bd6t550852436: no usable pages in manifest.,2026-07-17T17:11:43.297357
lacharente,bd6t55085244m,,failed,0,0,,no_usable_pages,known,,,bd6t55085244m: no usable pages in manifest.,2026-07-17T17:11:43.418138
lacharente,bd6t550852451,,failed,0,0,,no_usable_pages,known,,,bd6t550852451: no usable pages in manifest.,2026-07-17T17:11:43.537736
lacharente,bd6t55085246f,,failed,0,0,,no_usable_pages,known,,,bd6t55085246f: no usable pages in manifest.,2026-07-17T17:11:43.694294
lacharente,bd6t55085247v,,failed,0,0,,no_usable_pages,known,,,bd6t55085247v: no usable pages in manifest.,2026-07-17T17:11:43.834590
lacharente,bd6t550852488,,failed,0,0,,no_usable_pages,known,,,bd6t550852488: no usable pages in manifest.,2026-07-17T17:11:44.020935
lacharente,bd6t55085249p,,failed,0,0,,no_usable_pages,known,,,bd6t55085249p: no usable pages in manifest.,2026-07-17T17:11:44.239198
lacharente,bd6t55085250b,,failed,0,0,,no_usable_pages,known,,,bd6t55085250b: no usable pages in manifest.,2026-07-17T17:11:44.382560
lacharente,bd6t55085251r,,failed,0,0,,no_usable_pages,known,,,bd6t55085251r: no usable pages in manifest.,2026-07-17T17:11:44.530982
lacharente,bd6t550852525,,failed,0,0,,no_usable_pages,known,,,bd6t550852525: no usable pages in manifest.,2026-07-17T17:11:44.649641
lacharente,bd6t55085253k,,failed,0,0,,no_usable_pages,known,,,bd6t55085253k: no usable pages in manifest.,2026-07-17T17:11:44.812029
lacharente,bd6t550852540,,failed,0,0,,no_usable_pages,known,,,bd6t550852540: no usable pages in manifest.,2026-07-17T17:11:44.920749
lacharente,bd6t55085255d,,failed,0,0,,no_usable_pages,known,,,bd6t55085255d: no usable pages in manifest.,2026-07-17T17:11:45.179114
lacharente,bd6t55085256t,,failed,0,0,,no_usable_pages,known,,,bd6t55085256t: no usable pages in manifest.,2026-07-17T17:11:45.380442
lacharente,bd6t550852577,,failed,0,0,,no_usable_pages,known,,,bd6t550852577: no usable pages in manifest.,2026-07-17T17:11:45.768826
lacharente,bd6t55085258n,,failed,0,0,,no_usable_pages,known,,,bd6t55085258n: no usable pages in manifest.,2026-07-17T17:11:45.899479
lacharente,bd6t550852592,,failed,0,0,,no_usable_pages,known,,,bd6t550852592: no usable pages in manifest.,2026-07-17T17:11:46.079618
lacharente,bd6t55085260q,,failed,0,0,,no_usable_pages,known,,,bd6t55085260q: no usable pages in manifest.,2026-07-17T17:11:46.250180
lacharente,bd6t550852614,,failed,0,0,,no_usable_pages,known,,,bd6t550852614: no usable pages in manifest.,2026-07-17T17:11:46.396528
lacharente,bd6t55085262j,,failed,0,0,,no_usable_pages,known,,,bd6t55085262j: no usable pages in manifest.,2026-07-17T17:11:46.530063
lacharente,bd6t55085263z,,failed,0,0,,no_usable_pages,known,,,bd6t55085263z: no usable pages in manifest.,2026-07-17T17:11:46.695832
lacharente,bd6t55085264c,,failed,0,0,,no_usable_pages,known,,,bd6t55085264c: no usable pages in manifest.,2026-07-17T17:11:46.866820
lacharente,bd6t55085265s,,failed,0,0,,no_usable_pages,known,,,bd6t55085265s: no usable pages in manifest.,2026-07-17T17:11:46.979532
lacharente,bd6t550852666,,failed,0,0,,no_usable_pages,known,,,bd6t550852666: no usable pages in manifest.,2026-07-17T17:11:47.160605
lacharente,bd6t55085267m,,failed,0,0,,no_usable_pages,known,,,bd6t55085267m: no usable pages in manifest.,2026-07-17T17:11:47.341296
lacharente,bd6t550852681,,failed,0,0,,no_usable_pages,known,,,bd6t550852681: no usable pages in manifest.,2026-07-17T17:11:47.559325
lacharente,bd6t55085269f,,failed,0,0,,no_usable_pages,known,,,bd6t55085269f: no usable pages in manifest.,2026-07-17T17:11:47.700007
lacharente,bd6t550852703,,failed,0,0,,no_usable_pages,known,,,bd6t550852703: no usable pages in manifest.,2026-07-17T17:11:47.848982
lacharente,bd6t55085271h,,failed,0,0,,no_usable_pages,known,,,bd6t55085271h: no usable pages in manifest.,2026-07-17T17:11:47.991182
lacharente,bd6t55085272x,,failed,0,0,,no_usable_pages,known,,,bd6t55085272x: no usable pages in manifest.,2026-07-17T17:11:48.146858
lacharente,bd6t55085273b,,failed,0,0,,no_usable_pages,known,,,bd6t55085273b: no usable pages in manifest.,2026-07-17T17:11:48.403611
lacharente,bd6t55085285j,,failed,0,0,,no_usable_pages,known,,,bd6t55085285j: no usable pages in manifest.,2026-07-17T17:11:48.776875
lacharente,bd6t55085274r,,failed,0,0,,no_usable_pages,known,,,bd6t55085274r: no usable pages in manifest.,2026-07-17T17:11:49.007770
lacharente,bd6t550852755,,failed,0,0,,no_usable_pages,known,,,bd6t550852755: no usable pages in manifest.,2026-07-17T17:11:49.315909
lacharente,bd6t55085276k,,failed,0,0,,no_usable_pages,known,,,bd6t55085276k: no usable pages in manifest.,2026-07-17T17:11:49.605614
lacharente,bd6t550852770,,failed,0,0,,no_usable_pages,known,,,bd6t550852770: no usable pages in manifest.,2026-07-17T17:11:49.767017
lacharente,bd6t55085278d,,failed,0,0,,no_usable_pages,known,,,bd6t55085278d: no usable pages in manifest.,2026-07-17T17:11:49.918627
lacharente,bd6t55085279t,,failed,0,0,,no_usable_pages,known,,,bd6t55085279t: no usable pages in manifest.,2026-07-17T17:11:50.070307
lacharente,bd6t55085280g,,failed,0,0,,no_usable_pages,known,,,bd6t55085280g: no usable pages in manifest.,2026-07-17T17:11:50.211699
lacharente,bd6t55085281w,,failed,0,0,,no_usable_pages,known,,,bd6t55085281w: no usable pages in manifest.,2026-07-17T17:11:50.347271
lacharente,bd6t550852829,,failed,0,0,,no_usable_pages,known,,,bd6t550852829: no usable pages in manifest.,2026-07-17T17:11:50.916879
lacharente,bd6t55085283q,,failed,0,0,,no_usable_pages,known,,,bd6t55085283q: no usable pages in manifest.,2026-07-17T17:11:51.064118
lacharente,bd6t550852844,,failed,0,0,,no_usable_pages,known,,,bd6t550852844: no usable pages in manifest.,2026-07-17T17:11:51.189045
lacharente,bd6t55085286z,,failed,0,0,,no_usable_pages,known,,,bd6t55085286z: no usable pages in manifest.,2026-07-17T17:11:51.358587
lacharente,bd6t55085287c,,failed,0,0,,no_usable_pages,known,,,bd6t55085287c: no usable pages in manifest.,2026-07-17T17:11:51.666628
lacharente,bd6t55085288s,,failed,0,0,,no_usable_pages,known,,,bd6t55085288s: no usable pages in manifest.,2026-07-17T17:11:51.874425
lacharente,bd6t550852896,,failed,0,0,,no_usable_pages,known,,,bd6t550852896: no usable pages in manifest.,2026-07-17T17:11:52.054501
lacharente,bd6t55085290v,,failed,0,0,,no_usable_pages,known,,,bd6t55085290v: no usable pages in manifest.,2026-07-17T17:11:52.190658
lacharente,bd6t550852918,,failed,0,0,,no_usable_pages,known,,,bd6t550852918: no usable pages in manifest.,2026-07-17T17:11:52.327555
lacharente,bd6t55085292p,,failed,0,0,,no_usable_pages,known,,,bd6t55085292p: no usable pages in manifest.,2026-07-17T17:11:52.432072
lacharente,bd6t550852933,,failed,0,0,,no_usable_pages,known,,,bd6t550852933: no usable pages in manifest.,2026-07-17T17:11:52.601289
lacharente,bd6t55085294h,,failed,0,0,,no_usable_pages,known,,,bd6t55085294h: no usable pages in manifest.,2026-07-17T17:11:52.890901
lacharente,bd6t55085295x,,failed,0,0,,no_usable_pages,known,,,bd6t55085295x: no usable pages in manifest.,2026-07-17T17:11:53.128352
lacharente,bd6t55085296b,,failed,0,0,,no_usable_pages,known,,,bd6t55085296b: no usable pages in manifest.,2026-07-17T17:11:53.289881
lacharente,bd6t55085297r,,failed,0,0,,no_usable_pages,known,,,bd6t55085297r: no usable pages in manifest.,2026-07-17T17:11:53.409516
lacharente,bd6t550852985,,failed,0,0,,no_usable_pages,known,,,bd6t550852985: no usable pages in manifest.,2026-07-17T17:11:53.602704
lacharente,bd6t55085299k,,failed,0,0,,no_usable_pages,known,,,bd6t55085299k: no usable pages in manifest.,2026-07-17T17:11:53.916211
lacharente,bd6t55085300s,,failed,0,0,,no_usable_pages,known,,,bd6t55085300s: no usable pages in manifest.,2026-07-17T17:11:54.156603
lacharente,bd6t550853016,,failed,0,0,,no_usable_pages,known,,,bd6t550853016: no usable pages in manifest.,2026-07-17T17:11:54.331101
lacharente,bd6t55085302m,,failed,0,0,,no_usable_pages,known,,,bd6t55085302m: no usable pages in manifest.,2026-07-17T17:11:54.537940
lacharente,bd6t550853031,,failed,0,0,,no_usable_pages,known,,,bd6t550853031: no usable pages in manifest.,2026-07-17T17:11:54.680456
lacharente,bd6t55085304f,,failed,0,0,,no_usable_pages,known,,,bd6t55085304f: no usable pages in manifest.,2026-07-17T17:11:54.822509
lacharente,bd6t55085305v,,failed,0,0,,no_usable_pages,known,,,bd6t55085305v: no usable pages in manifest.,2026-07-17T17:11:55.163422
lacharente,bd6t550853068,,failed,0,0,,no_usable_pages,known,,,bd6t550853068: no usable pages in manifest.,2026-07-17T17:11:55.339200
lacharente,bd6t55085307p,,failed,0,0,,no_usable_pages,known,,,bd6t55085307p: no usable pages in manifest.,2026-07-17T17:11:55.452494
lacharente,bd6t550853083,,failed,0,0,,no_usable_pages,known,,,bd6t550853083: no usable pages in manifest.,2026-07-17T17:11:55.568762
lacharente,bd6t55085309h,,failed,0,0,,no_usable_pages,known,,,bd6t55085309h: no usable pages in manifest.,2026-07-17T17:11:55.789956
lacharente,bd6t550853105,,failed,0,0,,no_usable_pages,known,,,bd6t550853105: no usable pages in manifest.,2026-07-17T17:11:56.281122
lacharente,bd6t55085311k,,failed,0,0,,no_usable_pages,known,,,bd6t55085311k: no usable pages in manifest.,2026-07-17T17:11:56.457195
lacharente,bd6t550853120,,failed,0,0,,no_usable_pages,known,,,bd6t550853120: no usable pages in manifest.,2026-07-17T17:11:56.595508
lacharente,bd6t55085313d,,failed,0,0,,no_usable_pages,known,,,bd6t55085313d: no usable pages in manifest.,2026-07-17T17:11:56.713234
lacharente,bd6t55085314t,,failed,0,0,,no_usable_pages,known,,,bd6t55085314t: no usable pages in manifest.,2026-07-17T17:11:56.845704
lacharente,bd6t550853157,,failed,0,0,,no_usable_pages,known,,,bd6t550853157: no usable pages in manifest.,2026-07-17T17:11:57.012612
lacharente,bd6t55085316n,,failed,0,0,,no_usable_pages,known,,,bd6t55085316n: no usable pages in manifest.,2026-07-17T17:11:57.246243
lacharente,bd6t550853172,,failed,0,0,,no_usable_pages,known,,,bd6t550853172: no usable pages in manifest.,2026-07-17T17:11:57.386956
lacharente,bd6t55085318g,,failed,0,0,,no_usable_pages,known,,,bd6t55085318g: no usable pages in manifest.,2026-07-17T17:11:57.505097
lacharente,bd6t55085319w,,failed,0,0,,no_usable_pages,known,,,bd6t55085319w: no usable pages in manifest.,2026-07-17T17:11:57.635165
lacharente,bd6t55085320j,,failed,0,0,,no_usable_pages,known,,,bd6t55085320j: no usable pages in manifest.,2026-07-17T17:11:57.795682
lacharente,bd6t55085321z,,failed,0,0,,no_usable_pages,known,,,bd6t55085321z: no usable pages in manifest.,2026-07-17T17:11:57.943841
lacharente,bd6t55085322c,,failed,0,0,,no_usable_pages,known,,,bd6t55085322c: no usable pages in manifest.,2026-07-17T17:11:58.080234
lacharente,bd6t55085323s,,failed,0,0,,no_usable_pages,known,,,bd6t55085323s: no usable pages in manifest.,2026-07-17T17:11:58.352451
lacharente,bd6t550853246,,failed,0,0,,no_usable_pages,known,,,bd6t550853246: no usable pages in manifest.,2026-07-17T17:11:58.469538
lacharente,bd6t55085325m,,failed,0,0,,no_usable_pages,known,,,bd6t55085325m: no usable pages in manifest.,2026-07-17T17:11:58.657160
lacharente,bd6t550853261,,failed,0,0,,no_usable_pages,known,,,bd6t550853261: no usable pages in manifest.,2026-07-17T17:11:58.829214
lacharente,bd6t55085327f,,failed,0,0,,no_usable_pages,known,,,bd6t55085327f: no usable pages in manifest.,2026-07-17T17:11:58.951605
lacharente,bd6t55085328v,,failed,0,0,,no_usable_pages,known,,,bd6t55085328v: no usable pages in manifest.,2026-07-17T17:11:59.078064
lacharente,bd6t550853298,,failed,0,0,,no_usable_pages,known,,,bd6t550853298: no usable pages in manifest.,2026-07-17T17:11:59.308669
lacharente,bd6t55085330x,,failed,0,0,,no_usable_pages,known,,,bd6t55085330x: no usable pages in manifest.,2026-07-17T17:11:59.577292
lacharente,bd6t55085331b,,failed,0,0,,no_usable_pages,known,,,bd6t55085331b: no usable pages in manifest.,2026-07-17T17:11:59.717553
lacharente,bd6t55085332r,,failed,0,0,,no_usable_pages,known,,,bd6t55085332r: no usable pages in manifest.,2026-07-17T17:11:59.861864
lacharente,bd6t550853335,,failed,0,0,,no_usable_pages,known,,,bd6t550853335: no usable pages in manifest.,2026-07-17T17:12:00.007101
lacharente,bd6t55085334k,,failed,0,0,,no_usable_pages,known,,,bd6t55085334k: no usable pages in manifest.,2026-07-17T17:12:00.149088
lacharente,bd6t550853350,,failed,0,0,,no_usable_pages,known,,,bd6t550853350: no usable pages in manifest.,2026-07-17T17:12:00.280157
lacharente,bd6t55085336d,,failed,0,0,,no_usable_pages,known,,,bd6t55085336d: no usable pages in manifest.,2026-07-17T17:12:00.462514
lacharente,bd6t55085337t,,failed,0,0,,no_usable_pages,known,,,bd6t55085337t: no usable pages in manifest.,2026-07-17T17:12:00.626362
lacharente,bd6t550853387,,failed,0,0,,no_usable_pages,known,,,bd6t550853387: no usable pages in manifest.,2026-07-17T17:12:00.814403
lacharente,bd6t55085339n,,failed,0,0,,no_usable_pages,known,,,bd6t55085339n: no usable pages in manifest.,2026-07-17T17:12:00.944019
lacharente,bd6t550853409,,failed,0,0,,no_usable_pages,known,,,bd6t550853409: no usable pages in manifest.,2026-07-17T17:12:01.117936
lacharente,bd6t55085341q,,failed,0,0,,no_usable_pages,known,,,bd6t55085341q: no usable pages in manifest.,2026-07-17T17:12:01.635026
lacharente,bd6t550853424,,failed,0,0,,no_usable_pages,known,,,bd6t550853424: no usable pages in manifest.,2026-07-17T17:12:01.743274
lacharente,bd6t55085343j,,failed,0,0,,no_usable_pages,known,,,bd6t55085343j: no usable pages in manifest.,2026-07-17T17:12:01.900296
lacharente,bd6t55085344z,,failed,0,0,,no_usable_pages,known,,,bd6t55085344z: no usable pages in manifest.,2026-07-17T17:12:02.005713
lacharente,bd6t55085345c,,failed,0,0,,no_usable_pages,known,,,bd6t55085345c: no usable pages in manifest.,2026-07-17T17:12:02.146611
lacharente,bd6t55085346s,,failed,0,0,,no_usable_pages,known,,,bd6t55085346s: no usable pages in manifest.,2026-07-17T17:12:02.256202
lacharente,bd6t550853476,,failed,0,0,,no_usable_pages,known,,,bd6t550853476: no usable pages in manifest.,2026-07-17T17:12:02.375534
lacharente,bd6t55085348m,,failed,0,0,,no_usable_pages,known,,,bd6t55085348m: no usable pages in manifest.,2026-07-17T17:12:02.511995
lacharente,bd6t550853491,,failed,0,0,,no_usable_pages,known,,,bd6t550853491: no usable pages in manifest.,2026-07-17T17:12:02.699427
lacharente,bd6t55085350p,,failed,0,0,,no_usable_pages,known,,,bd6t55085350p: no usable pages in manifest.,2026-07-17T17:12:02.829169
lacharente,bd6t550853513,,failed,0,0,,no_usable_pages,known,,,bd6t550853513: no usable pages in manifest.,2026-07-17T17:12:03.002617
lacharente,bd6t55085352h,,failed,0,0,,no_usable_pages,known,,,bd6t55085352h: no usable pages in manifest.,2026-07-17T17:12:03.122685
lacharente,bd6t55085353x,,failed,0,0,,no_usable_pages,known,,,bd6t55085353x: no usable pages in manifest.,2026-07-17T17:12:03.219290
lacharente,bd6t55085354b,,failed,0,0,,no_usable_pages,known,,,bd6t55085354b: no usable pages in manifest.,2026-07-17T17:12:03.339264
lacharente,bd6t55085355r,,failed,0,0,,no_usable_pages,known,,,bd6t55085355r: no usable pages in manifest.,2026-07-17T17:12:03.461005
lacharente,bd6t550853565,,failed,0,0,,no_usable_pages,known,,,bd6t550853565: no usable pages in manifest.,2026-07-17T17:12:03.565976
lacharente,bd6t55085113q,,failed,0,0,,no_usable_pages,known,,,bd6t55085113q: no usable pages in manifest.,2026-07-17T17:12:03.721398
lacharente,bd6t55085357k,,failed,0,0,,no_usable_pages,known,,,bd6t55085357k: no usable pages in manifest.,2026-07-17T17:12:03.854194
lacharente,bd6t550853580,,failed,0,0,,no_usable_pages,known,,,bd6t550853580: no usable pages in manifest.,2026-07-17T17:12:03.983881
lacharente,bd6t55085359d,,failed,0,0,,no_usable_pages,known,,,bd6t55085359d: no usable pages in manifest.,2026-07-17T17:12:04.110123
lacharente,bd6t550853602,,failed,0,0,,no_usable_pages,known,,,bd6t550853602: no usable pages in manifest.,2026-07-17T17:12:04.197969
lacharente,bd6t55085361g,,failed,0,0,,no_usable_pages,known,,,bd6t55085361g: no usable pages in manifest.,2026-07-17T17:12:04.323962
lacharente,bd6t55085362w,,failed,0,0,,no_usable_pages,known,,,bd6t55085362w: no usable pages in manifest.,2026-07-17T17:12:04.453388
lacharente,bd6t550853639,,failed,0,0,,no_usable_pages,known,,,bd6t550853639: no usable pages in manifest.,2026-07-17T17:12:04.597847
lacharente,bd6t55085364q,,failed,0,0,,no_usable_pages,known,,,bd6t55085364q: no usable pages in manifest.,2026-07-17T17:12:04.865008
lacharente,bd6t550853654,,failed,0,0,,no_usable_pages,known,,,bd6t550853654: no usable pages in manifest.,2026-07-17T17:12:04.982247
lacharente,bd6t55085366j,,failed,0,0,,no_usable_pages,known,,,bd6t55085366j: no usable pages in manifest.,2026-07-17T17:12:05.107959
lacharente,bd6t55085367z,,failed,0,0,,no_usable_pages,known,,,bd6t55085367z: no usable pages in manifest.,2026-07-17T17:12:05.268744
lacharente,bd6t55085368c,,failed,0,0,,no_usable_pages,known,,,bd6t55085368c: no usable pages in manifest.,2026-07-17T17:12:05.373299
lacharente,bd6t55085369s,,failed,0,0,,no_usable_pages,known,,,bd6t55085369s: no usable pages in manifest.,2026-07-17T17:12:05.514221
lacharente,bd6t55085370f,,failed,0,0,,no_usable_pages,known,,,bd6t55085370f: no usable pages in manifest.,2026-07-17T17:12:05.630467
lacharente,bd6t55085371v,,failed,0,0,,no_usable_pages,known,,,bd6t55085371v: no usable pages in manifest.,2026-07-17T17:12:05.886412
lacharente,bd6t550853728,,failed,0,0,,no_usable_pages,known,,,bd6t550853728: no usable pages in manifest.,2026-07-17T17:12:06.258057
lacharente,bd6t55085373p,,failed,0,0,,no_usable_pages,known,,,bd6t55085373p: no usable pages in manifest.,2026-07-17T17:12:06.366430
lacharente,bd6t550853743,,failed,0,0,,no_usable_pages,known,,,bd6t550853743: no usable pages in manifest.,2026-07-17T17:12:06.466764
lacharente,bd6t55085375h,,failed,0,0,,no_usable_pages,known,,,bd6t55085375h: no usable pages in manifest.,2026-07-17T17:12:06.584703
lacharente,bd6t55085376x,,failed,0,0,,no_usable_pages,known,,,bd6t55085376x: no usable pages in manifest.,2026-07-17T17:12:06.703306
lacharente,bd6t55085377b,,failed,0,0,,no_usable_pages,known,,,bd6t55085377b: no usable pages in manifest.,2026-07-17T17:12:06.912285
lacharente,bd6t55085378r,,failed,0,0,,no_usable_pages,known,,,bd6t55085378r: no usable pages in manifest.,2026-07-17T17:12:07.023493
lacharente,bd6t550853795,,failed,0,0,,no_usable_pages,known,,,bd6t550853795: no usable pages in manifest.,2026-07-17T17:12:07.152554
lacharente,bd6t55085380t,,failed,0,0,,no_usable_pages,known,,,bd6t55085380t: no usable pages in manifest.,2026-07-17T17:12:07.244760
lacharente,bd6t550853817,,failed,0,0,,no_usable_pages,known,,,bd6t550853817: no usable pages in manifest.,2026-07-17T17:12:07.368687
lacharente,bd6t55085382n,,failed,0,0,,no_usable_pages,known,,,bd6t55085382n: no usable pages in manifest.,2026-07-17T17:12:07.521079
lacharente,bd6t550853832,,failed,0,0,,no_usable_pages,known,,,bd6t550853832: no usable pages in manifest.,2026-07-17T17:12:07.635668
lacharente,bd6t55085384g,,failed,0,0,,no_usable_pages,known,,,bd6t55085384g: no usable pages in manifest.,2026-07-17T17:12:07.751104
lacharente,bd6t55085385w,,failed,0,0,,no_usable_pages,known,,,bd6t55085385w: no usable pages in manifest.,2026-07-17T17:12:07.945161
lacharente,bd6t550853869,,failed,0,0,,no_usable_pages,known,,,bd6t550853869: no usable pages in manifest.,2026-07-17T17:12:08.112355
lacharente,bd6t55085387q,,failed,0,0,,no_usable_pages,known,,,bd6t55085387q: no usable pages in manifest.,2026-07-17T17:12:08.232957
lacharente,bd6t550853884,,failed,0,0,,no_usable_pages,known,,,bd6t550853884: no usable pages in manifest.,2026-07-17T17:12:08.351031
lacharente,bd6t55085389j,,failed,0,0,,no_usable_pages,known,,,bd6t55085389j: no usable pages in manifest.,2026-07-17T17:12:08.493880
lacharente,bd6t550853906,,failed,0,0,,no_usable_pages,known,,,bd6t550853906: no usable pages in manifest.,2026-07-17T17:12:08.621763
lacharente,bd6t55085391m,,failed,0,0,,no_usable_pages,known,,,bd6t55085391m: no usable pages in manifest.,2026-07-17T17:12:08.717176
lacharente,bd6t550853921,,failed,0,0,,no_usable_pages,known,,,bd6t550853921: no usable pages in manifest.,2026-07-17T17:12:08.826282
lacharente,bd6t55085393f,,failed,0,0,,no_usable_pages,known,,,bd6t55085393f: no usable pages in manifest.,2026-07-17T17:12:08.954924
lacharente,bd6t55085394v,,failed,0,0,,no_usable_pages,known,,,bd6t55085394v: no usable pages in manifest.,2026-07-17T17:12:09.111376
lacharente,bd6t550853958,,failed,0,0,,no_usable_pages,known,,,bd6t550853958: no usable pages in manifest.,2026-07-17T17:12:09.207854
lacharente,bd6t55085396p,,failed,0,0,,no_usable_pages,known,,,bd6t55085396p: no usable pages in manifest.,2026-07-17T17:12:09.424112
lacharente,bd6t550853973,,failed,0,0,,no_usable_pages,known,,,bd6t550853973: no usable pages in manifest.,2026-07-17T17:12:09.581095
lacharente,bd6t55085398h,,failed,0,0,,no_usable_pages,known,,,bd6t55085398h: no usable pages in manifest.,2026-07-17T17:12:09.717892
lacharente,bd6t55085399x,,failed,0,0,,no_usable_pages,known,,,bd6t55085399x: no usable pages in manifest.,2026-07-17T17:12:09.794392
lacharente,bd6t550854004,,failed,0,0,,no_usable_pages,known,,,bd6t550854004: no usable pages in manifest.,2026-07-17T17:12:09.963885
lacharente,bd6t55085401j,,failed,0,0,,no_usable_pages,known,,,bd6t55085401j: no usable pages in manifest.,2026-07-17T17:12:10.152241
lacharente,bd6t55085402z,,failed,0,0,,no_usable_pages,known,,,bd6t55085402z: no usable pages in manifest.,2026-07-17T17:12:10.254210
lacharente,bd6t55085404s,,failed,0,0,,no_usable_pages,known,,,bd6t55085404s: no usable pages in manifest.,2026-07-17T17:12:10.397465
lacharente,bd6t550854056,,failed,0,0,,no_usable_pages,known,,,bd6t550854056: no usable pages in manifest.,2026-07-17T17:12:10.510147
lacharente,bd6t55085406m,,failed,0,0,,no_usable_pages,known,,,bd6t55085406m: no usable pages in manifest.,2026-07-17T17:12:10.684035
lacharente,bd6t550854071,,failed,0,0,,no_usable_pages,known,,,bd6t550854071: no usable pages in manifest.,2026-07-17T17:12:10.971484
lacharente,bd6t55085408f,,failed,0,0,,no_usable_pages,known,,,bd6t55085408f: no usable pages in manifest.,2026-07-17T17:12:11.177534
lacharente,bd6t55085409v,,failed,0,0,,no_usable_pages,known,,,bd6t55085409v: no usable pages in manifest.,2026-07-17T17:12:11.306751
lacharente,bd6t55085410h,,failed,0,0,,no_usable_pages,known,,,bd6t55085410h: no usable pages in manifest.,2026-07-17T17:12:11.407941
lacharente,bd6t55085411x,,failed,0,0,,no_usable_pages,known,,,bd6t55085411x: no usable pages in manifest.,2026-07-17T17:12:11.563917
lacharente,bd6t55085412b,,failed,0,0,,no_usable_pages,known,,,bd6t55085412b: no usable pages in manifest.,2026-07-17T17:12:11.707838
lacharente,bd6t55085413r,,failed,0,0,,no_usable_pages,known,,,bd6t55085413r: no usable pages in manifest.,2026-07-17T17:12:11.833982
lacharente,bd6t550854145,,failed,0,0,,no_usable_pages,known,,,bd6t550854145: no usable pages in manifest.,2026-07-17T17:12:11.960058
lacharente,bd6t55085415k,,failed,0,0,,no_usable_pages,known,,,bd6t55085415k: no usable pages in manifest.,2026-07-17T17:12:12.125671
lacharente,bd6t550854160,,failed,0,0,,no_usable_pages,known,,,bd6t550854160: no usable pages in manifest.,2026-07-17T17:12:12.307097
lacharente,bd6t55085417d,,failed,0,0,,no_usable_pages,known,,,bd6t55085417d: no usable pages in manifest.,2026-07-17T17:12:12.434504
lacharente,bd6t55085418t,,failed,0,0,,no_usable_pages,known,,,bd6t55085418t: no usable pages in manifest.,2026-07-17T17:12:12.538469
lacharente,bd6t550854197,,failed,0,0,,no_usable_pages,known,,,bd6t550854197: no usable pages in manifest.,2026-07-17T17:12:12.621204
lacharente,bd6t55085420w,,failed,0,0,,no_usable_pages,known,,,bd6t55085420w: no usable pages in manifest.,2026-07-17T17:12:12.722694
lacharente,bd6t550854219,,failed,0,0,,no_usable_pages,known,,,bd6t550854219: no usable pages in manifest.,2026-07-17T17:12:12.814269
lacharente,bd6t55085422q,,failed,0,0,,no_usable_pages,known,,,bd6t55085422q: no usable pages in manifest.,2026-07-17T17:12:12.946603
lacharente,bd6t550854234,,failed,0,0,,no_usable_pages,known,,,bd6t550854234: no usable pages in manifest.,2026-07-17T17:12:13.068038
lacharente,bd6t55085424j,,failed,0,0,,no_usable_pages,known,,,bd6t55085424j: no usable pages in manifest.,2026-07-17T17:12:13.188755
lacharente,bd6t55085425z,,failed,0,0,,no_usable_pages,known,,,bd6t55085425z: no usable pages in manifest.,2026-07-17T17:12:13.356774
lacharente,bd6t55085426c,,failed,0,0,,no_usable_pages,known,,,bd6t55085426c: no usable pages in manifest.,2026-07-17T17:12:13.475074
lacharente,bd6t55085427s,,failed,0,0,,no_usable_pages,known,,,bd6t55085427s: no usable pages in manifest.,2026-07-17T17:12:13.572396
lacharente,bd6t550854286,,failed,0,0,,no_usable_pages,known,,,bd6t550854286: no usable pages in manifest.,2026-07-17T17:12:13.688076
lacharente,bd6t55085429m,,failed,0,0,,no_usable_pages,known,,,bd6t55085429m: no usable pages in manifest.,2026-07-17T17:12:13.794543
lacharente,bd6t550854308,,failed,0,0,,no_usable_pages,known,,,bd6t550854308: no usable pages in manifest.,2026-07-17T17:12:13.878564
lacharente,bd6t55085431p,,failed,0,0,,no_usable_pages,known,,,bd6t55085431p: no usable pages in manifest.,2026-07-17T17:12:13.981252
lacharente,bd6t550854323,,failed,0,0,,no_usable_pages,known,,,bd6t550854323: no usable pages in manifest.,2026-07-17T17:12:14.088617
lacharente,bd6t55085433h,,failed,0,0,,no_usable_pages,known,,,bd6t55085433h: no usable pages in manifest.,2026-07-17T17:12:14.227881
lacharente,bd6t55085434x,,failed,0,0,,no_usable_pages,known,,,bd6t55085434x: no usable pages in manifest.,2026-07-17T17:12:14.377707
lacharente,bd6t55085435b,,failed,0,0,,no_usable_pages,known,,,bd6t55085435b: no usable pages in manifest.,2026-07-17T17:12:14.486713
lacharente,bd6t55085436r,,failed,0,0,,no_usable_pages,known,,,bd6t55085436r: no usable pages in manifest.,2026-07-17T17:12:14.641380
lacharente,bd6t550854375,,failed,0,0,,no_usable_pages,known,,,bd6t550854375: no usable pages in manifest.,2026-07-17T17:12:14.759577
lacharente,bd6t55085438k,,failed,0,0,,no_usable_pages,known,,,bd6t55085438k: no usable pages in manifest.,2026-07-17T17:12:14.886344
lacharente,bd6t550854390,,failed,0,0,,no_usable_pages,known,,,bd6t550854390: no usable pages in manifest.,2026-07-17T17:12:15.016187
lacharente,bd6t55085440n,,failed,0,0,,no_usable_pages,known,,,bd6t55085440n: no usable pages in manifest.,2026-07-17T17:12:15.127395
lacharente,bd6t550854412,,failed,0,0,,no_usable_pages,known,,,bd6t550854412: no usable pages in manifest.,2026-07-17T17:12:15.247205
lacharente,bd6t55085442g,,failed,0,0,,no_usable_pages,known,,,bd6t55085442g: no usable pages in manifest.,2026-07-17T17:12:15.456871
lacharente,bd6t55085443w,,failed,0,0,,no_usable_pages,known,,,bd6t55085443w: no usable pages in manifest.,2026-07-17T17:12:15.738352
lacharente,bd6t550854449,,failed,0,0,,no_usable_pages,known,,,bd6t550854449: no usable pages in manifest.,2026-07-17T17:12:15.865225
lacharente,bd6t55085445q,,failed,0,0,,no_usable_pages,known,,,bd6t55085445q: no usable pages in manifest.,2026-07-17T17:12:15.997828
lacharente,bd6t550854464,,failed,0,0,,no_usable_pages,known,,,bd6t550854464: no usable pages in manifest.,2026-07-17T17:12:16.113410
lacharente,bd6t55085447j,,failed,0,0,,no_usable_pages,known,,,bd6t55085447j: no usable pages in manifest.,2026-07-17T17:12:16.288339
lacharente,bd6t55085448z,,failed,0,0,,no_usable_pages,known,,,bd6t55085448z: no usable pages in manifest.,2026-07-17T17:12:16.390205
lacharente,bd6t55085449c,,failed,0,0,,no_usable_pages,known,,,bd6t55085449c: no usable pages in manifest.,2026-07-17T17:12:16.563766
lacharente,bd6t550854501,,failed,0,0,,no_usable_pages,known,,,bd6t550854501: no usable pages in manifest.,2026-07-17T17:12:16.719767
lacharente,bd6t55085451f,,failed,0,0,,no_usable_pages,known,,,bd6t55085451f: no usable pages in manifest.,2026-07-17T17:12:16.819869
lacharente,bd6t55085452v,,failed,0,0,,no_usable_pages,known,,,bd6t55085452v: no usable pages in manifest.,2026-07-17T17:12:16.946967
lacharente,bd6t550854538,,failed,0,0,,no_usable_pages,known,,,bd6t550854538: no usable pages in manifest.,2026-07-17T17:12:17.064049
lacharente,bd6t55085454p,,failed,0,0,,no_usable_pages,known,,,bd6t55085454p: no usable pages in manifest.,2026-07-17T17:12:17.203982
lacharente,bd6t550854553,,failed,0,0,,no_usable_pages,known,,,bd6t550854553: no usable pages in manifest.,2026-07-17T17:12:17.325522
lacharente,bd6t55085456h,,failed,0,0,,no_usable_pages,known,,,bd6t55085456h: no usable pages in manifest.,2026-07-17T17:12:17.435900
lacharente,bd6t55085457x,,failed,0,0,,no_usable_pages,known,,,bd6t55085457x: no usable pages in manifest.,2026-07-17T17:12:17.628027
lacharente,bd6t55085458b,,failed,0,0,,no_usable_pages,known,,,bd6t55085458b: no usable pages in manifest.,2026-07-17T17:12:17.759936
lacharente,bd6t55085459r,,failed,0,0,,no_usable_pages,known,,,bd6t55085459r: no usable pages in manifest.,2026-07-17T17:12:17.891579
lacharente,bd6t55085460d,,failed,0,0,,no_usable_pages,known,,,bd6t55085460d: no usable pages in manifest.,2026-07-17T17:12:18.017712
lacharente,bd6t55085461t,,failed,0,0,,no_usable_pages,known,,,bd6t55085461t: no usable pages in manifest.,2026-07-17T17:12:18.127832
lacharente,bd6t550854627,,failed,0,0,,no_usable_pages,known,,,bd6t550854627: no usable pages in manifest.,2026-07-17T17:12:18.255098
lacharente,bd6t55085463n,,failed,0,0,,no_usable_pages,known,,,bd6t55085463n: no usable pages in manifest.,2026-07-17T17:12:18.422610
lacharente,bd6t550854642,,failed,0,0,,no_usable_pages,known,,,bd6t550854642: no usable pages in manifest.,2026-07-17T17:12:18.503866
lacharente,bd6t55085465g,,failed,0,0,,no_usable_pages,known,,,bd6t55085465g: no usable pages in manifest.,2026-07-17T17:12:18.670393
lacharente,bd6t55085466w,,failed,0,0,,no_usable_pages,known,,,bd6t55085466w: no usable pages in manifest.,2026-07-17T17:12:18.777245
lacharente,bd6t550854679,,failed,0,0,,no_usable_pages,known,,,bd6t550854679: no usable pages in manifest.,2026-07-17T17:12:19.040244
lacharente,bd6t55085468q,,failed,0,0,,no_usable_pages,known,,,bd6t55085468q: no usable pages in manifest.,2026-07-17T17:12:19.150324
lacharente,bd6t550854694,,failed,0,0,,no_usable_pages,known,,,bd6t550854694: no usable pages in manifest.,2026-07-17T17:12:19.268821
lacharente,bd6t55085470s,,failed,0,0,,no_usable_pages,known,,,bd6t55085470s: no usable pages in manifest.,2026-07-17T17:12:19.399680
lacharente,bd6t550854716,,failed,0,0,,no_usable_pages,known,,,bd6t550854716: no usable pages in manifest.,2026-07-17T17:12:19.523126
lacharente,bd6t55085472m,,failed,0,0,,no_usable_pages,known,,,bd6t55085472m: no usable pages in manifest.,2026-07-17T17:12:19.656431
lacharente,bd6t550854731,,failed,0,0,,no_usable_pages,known,,,bd6t550854731: no usable pages in manifest.,2026-07-17T17:12:19.784755
lacharente,bd6t55085474f,,failed,0,0,,no_usable_pages,known,,,bd6t55085474f: no usable pages in manifest.,2026-07-17T17:12:20.009106
lacharente,bd6t55085475v,,failed,0,0,,no_usable_pages,known,,,bd6t55085475v: no usable pages in manifest.,2026-07-17T17:12:20.143258
lacharente,bd6t550854768,,failed,0,0,,no_usable_pages,known,,,bd6t550854768: no usable pages in manifest.,2026-07-17T17:12:20.275267
lacharente,bd6t55085477p,,failed,0,0,,no_usable_pages,known,,,bd6t55085477p: no usable pages in manifest.,2026-07-17T17:12:20.384405
lacharente,bd6t550854783,,failed,0,0,,no_usable_pages,known,,,bd6t550854783: no usable pages in manifest.,2026-07-17T17:12:20.551961
lacharente,bd6t55085479h,,failed,0,0,,no_usable_pages,known,,,bd6t55085479h: no usable pages in manifest.,2026-07-17T17:12:20.747840
lacharente,bd6t55085481k,,failed,0,0,,no_usable_pages,known,,,bd6t55085481k: no usable pages in manifest.,2026-07-17T17:12:20.861182
lacharente,bd6t550854805,,failed,0,0,,no_usable_pages,known,,,bd6t550854805: no usable pages in manifest.,2026-07-17T17:12:20.998897
lacharente,bd6t550854820,,failed,0,0,,no_usable_pages,known,,,bd6t550854820: no usable pages in manifest.,2026-07-17T17:12:21.158742
lacharente,bd6t55085483d,,failed,0,0,,no_usable_pages,known,,,bd6t55085483d: no usable pages in manifest.,2026-07-17T17:12:21.260225
lacharente,bd6t55085484t,,failed,0,0,,no_usable_pages,known,,,bd6t55085484t: no usable pages in manifest.,2026-07-17T17:12:21.360601
lacharente,bd6t550854857,,failed,0,0,,no_usable_pages,known,,,bd6t550854857: no usable pages in manifest.,2026-07-17T17:12:21.490512
lacharente,bd6t55085486n,,failed,0,0,,no_usable_pages,known,,,bd6t55085486n: no usable pages in manifest.,2026-07-17T17:12:21.635251
lacharente,bd6t550854872,,failed,0,0,,no_usable_pages,known,,,bd6t550854872: no usable pages in manifest.,2026-07-17T17:12:21.828401
lacharente,bd6t55085488g,,failed,0,0,,no_usable_pages,known,,,bd6t55085488g: no usable pages in manifest.,2026-07-17T17:12:22.005577
lacharente,bd6t55085489w,,failed,0,0,,no_usable_pages,known,,,bd6t55085489w: no usable pages in manifest.,2026-07-17T17:12:22.111678
lacharente,bd6t55085490j,,failed,0,0,,no_usable_pages,known,,,bd6t55085490j: no usable pages in manifest.,2026-07-17T17:12:22.222260
lacharente,bd6t55085491z,,failed,0,0,,no_usable_pages,known,,,bd6t55085491z: no usable pages in manifest.,2026-07-17T17:12:22.341806
lacharente,bd6t55085492c,,failed,0,0,,no_usable_pages,known,,,bd6t55085492c: no usable pages in manifest.,2026-07-17T17:12:22.465495
lacharente,bd6t55085493s,,failed,0,0,,no_usable_pages,known,,,bd6t55085493s: no usable pages in manifest.,2026-07-17T17:12:22.545188
lacharente,bd6t550854946,,failed,0,0,,no_usable_pages,known,,,bd6t550854946: no usable pages in manifest.,2026-07-17T17:12:22.677434
lacharente,bd6t55085495m,,failed,0,0,,no_usable_pages,known,,,bd6t55085495m: no usable pages in manifest.,2026-07-17T17:12:22.803627
lacharente,bd6t550854961,,failed,0,0,,no_usable_pages,known,,,bd6t550854961: no usable pages in manifest.,2026-07-17T17:12:22.923980
lacharente,bd6t55085497f,,failed,0,0,,no_usable_pages,known,,,bd6t55085497f: no usable pages in manifest.,2026-07-17T17:12:23.011009
lacharente,bd6t55085498v,,failed,0,0,,no_usable_pages,known,,,bd6t55085498v: no usable pages in manifest.,2026-07-17T17:12:23.117179
lacharente,bd6t550854998,,failed,0,0,,no_usable_pages,known,,,bd6t550854998: no usable pages in manifest.,2026-07-17T17:12:23.213858
lacharente,bd6t55085500g,,failed,0,0,,no_usable_pages,known,,,bd6t55085500g: no usable pages in manifest.,2026-07-17T17:12:23.325939
lacharente,bd6t55085501w,,failed,0,0,,no_usable_pages,known,,,bd6t55085501w: no usable pages in manifest.,2026-07-17T17:12:23.413141
lacharente,bd6t550855029,,failed,0,0,,no_usable_pages,known,,,bd6t550855029: no usable pages in manifest.,2026-07-17T17:12:23.569836
lacharente,bd6t55085503q,,failed,0,0,,no_usable_pages,known,,,bd6t55085503q: no usable pages in manifest.,2026-07-17T17:12:23.712532
lacharente,bd6t550855044,,failed,0,0,,no_usable_pages,known,,,bd6t550855044: no usable pages in manifest.,2026-07-17T17:12:23.858704
lacharente,bd6t55085505j,,failed,0,0,,no_usable_pages,known,,,bd6t55085505j: no usable pages in manifest.,2026-07-17T17:12:24.000187
lacharente,bd6t55085506z,,failed,0,0,,no_usable_pages,known,,,bd6t55085506z: no usable pages in manifest.,2026-07-17T17:12:24.205680
lacharente,bd6t55085507c,,failed,0,0,,no_usable_pages,known,,,bd6t55085507c: no usable pages in manifest.,2026-07-17T17:12:24.310472
lacharente,bd6t55085508s,,failed,0,0,,no_usable_pages,known,,,bd6t55085508s: no usable pages in manifest.,2026-07-17T17:12:24.409963
lacharente,bd6t550855096,,failed,0,0,,no_usable_pages,known,,,bd6t550855096: no usable pages in manifest.,2026-07-17T17:12:24.574734
lacharente,bd6t55085510v,,failed,0,0,,no_usable_pages,known,,,bd6t55085510v: no usable pages in manifest.,2026-07-17T17:12:24.940408
lacharente,bd6t550855118,,failed,0,0,,no_usable_pages,known,,,bd6t550855118: no usable pages in manifest.,2026-07-17T17:12:25.077555
lacharente,bd6t55085512p,,failed,0,0,,no_usable_pages,known,,,bd6t55085512p: no usable pages in manifest.,2026-07-17T17:12:25.218999
lacharente,bd6t550855133,,failed,0,0,,no_usable_pages,known,,,bd6t550855133: no usable pages in manifest.,2026-07-17T17:12:25.334123
lacharente,bd6t55085514h,,failed,0,0,,no_usable_pages,known,,,bd6t55085514h: no usable pages in manifest.,2026-07-17T17:12:25.481873
lacharente,bd6t55085515x,,failed,0,0,,no_usable_pages,known,,,bd6t55085515x: no usable pages in manifest.,2026-07-17T17:12:25.664064
lacharente,bd6t55085516b,,failed,0,0,,no_usable_pages,known,,,bd6t55085516b: no usable pages in manifest.,2026-07-17T17:12:25.770907
lacharente,bd6t55085517r,,failed,0,0,,no_usable_pages,known,,,bd6t55085517r: no usable pages in manifest.,2026-07-17T17:12:25.888315
lacharente,bd6t550855185,,failed,0,0,,no_usable_pages,known,,,bd6t550855185: no usable pages in manifest.,2026-07-17T17:12:26.040256
lacharente,bd6t55085519k,,failed,0,0,,no_usable_pages,known,,,bd6t55085519k: no usable pages in manifest.,2026-07-17T17:12:26.154687
lacharente,bd6t550855207,,failed,0,0,,no_usable_pages,known,,,bd6t550855207: no usable pages in manifest.,2026-07-17T17:12:26.290471
lacharente,bd6t55085521n,,failed,0,0,,no_usable_pages,known,,,bd6t55085521n: no usable pages in manifest.,2026-07-17T17:12:26.411801
lacharente,bd6t550855222,,failed,0,0,,no_usable_pages,known,,,bd6t550855222: no usable pages in manifest.,2026-07-17T17:12:26.520248
lacharente,bd6t55085523g,,failed,0,0,,no_usable_pages,known,,,bd6t55085523g: no usable pages in manifest.,2026-07-17T17:12:26.646935
lacharente,bd6t55085524w,,failed,0,0,,no_usable_pages,known,,,bd6t55085524w: no usable pages in manifest.,2026-07-17T17:12:26.792752
lacharente,bd6t550855259,,failed,0,0,,no_usable_pages,known,,,bd6t550855259: no usable pages in manifest.,2026-07-17T17:12:26.963118
lacharente,bd6t55085526q,,failed,0,0,,no_usable_pages,known,,,bd6t55085526q: no usable pages in manifest.,2026-07-17T17:12:27.116142
lacharente,bd6t550855274,,failed,0,0,,no_usable_pages,known,,,bd6t550855274: no usable pages in manifest.,2026-07-17T17:12:27.218603
lacharente,bd6t55085528j,,failed,0,0,,no_usable_pages,known,,,bd6t55085528j: no usable pages in manifest.,2026-07-17T17:12:27.358210
lacharente,bd6t55085529z,,failed,0,0,,no_usable_pages,known,,,bd6t55085529z: no usable pages in manifest.,2026-07-17T17:12:27.467777
lacharente,bd6t55085530m,,failed,0,0,,no_usable_pages,known,,,bd6t55085530m: no usable pages in manifest.,2026-07-17T17:12:27.561518
lacharente,bd6t550855311,,failed,0,0,,no_usable_pages,known,,,bd6t550855311: no usable pages in manifest.,2026-07-17T17:12:27.676162
lacharente,bd6t55085532f,,failed,0,0,,no_usable_pages,known,,,bd6t55085532f: no usable pages in manifest.,2026-07-17T17:12:27.776301
lacharente,bd6t55085533v,,failed,0,0,,no_usable_pages,known,,,bd6t55085533v: no usable pages in manifest.,2026-07-17T17:12:27.899366
lacharente,bd6t550855348,,failed,0,0,,no_usable_pages,known,,,bd6t550855348: no usable pages in manifest.,2026-07-17T17:12:27.985662
lacharente,bd6t55085535p,,failed,0,0,,no_usable_pages,known,,,bd6t55085535p: no usable pages in manifest.,2026-07-17T17:12:28.160044
lacharente,bd6t550855363,,failed,0,0,,no_usable_pages,known,,,bd6t550855363: no usable pages in manifest.,2026-07-17T17:12:28.286550
lacharente,bd6t55085537h,,failed,0,0,,no_usable_pages,known,,,bd6t55085537h: no usable pages in manifest.,2026-07-17T17:12:28.448741
lacharente,bd6t55085538x,,failed,0,0,,no_usable_pages,known,,,bd6t55085538x: no usable pages in manifest.,2026-07-17T17:12:28.568032
lacharente,bd6t55085539b,,failed,0,0,,no_usable_pages,known,,,bd6t55085539b: no usable pages in manifest.,2026-07-17T17:12:28.662047
lacharente,bd6t550855400,,failed,0,0,,no_usable_pages,known,,,bd6t550855400: no usable pages in manifest.,2026-07-17T17:12:28.804579
lacharente,bd6t55085541d,,failed,0,0,,no_usable_pages,known,,,bd6t55085541d: no usable pages in manifest.,2026-07-17T17:12:28.896020
lacharente,bd6t55085542t,,failed,0,0,,no_usable_pages,known,,,bd6t55085542t: no usable pages in manifest.,2026-07-17T17:12:29.048263
lacharente,bd6t550855437,,failed,0,0,,no_usable_pages,known,,,bd6t550855437: no usable pages in manifest.,2026-07-17T17:12:29.207948
lacharente,bd6t55085544n,,failed,0,0,,no_usable_pages,known,,,bd6t55085544n: no usable pages in manifest.,2026-07-17T17:12:29.353652
lacharente,bd6t550855452,,failed,0,0,,no_usable_pages,known,,,bd6t550855452: no usable pages in manifest.,2026-07-17T17:12:29.581431
lacharente,bd6t55085546g,,failed,0,0,,no_usable_pages,known,,,bd6t55085546g: no usable pages in manifest.,2026-07-17T17:12:29.764720
lacharente,bd6t55085547w,,failed,0,0,,no_usable_pages,known,,,bd6t55085547w: no usable pages in manifest.,2026-07-17T17:12:29.904439
lacharente,bd6t550855489,,failed,0,0,,no_usable_pages,known,,,bd6t550855489: no usable pages in manifest.,2026-07-17T17:12:30.011995
lacharente,bd6t55085549q,,failed,0,0,,no_usable_pages,known,,,bd6t55085549q: no usable pages in manifest.,2026-07-17T17:12:30.124167
lacharente,bd6t55085550c,,failed,0,0,,no_usable_pages,known,,,bd6t55085550c: no usable pages in manifest.,2026-07-17T17:12:30.300517
lacharente,bd6t55085551s,,failed,0,0,,no_usable_pages,known,,,bd6t55085551s: no usable pages in manifest.,2026-07-17T17:12:30.410547
lacharente,bd6t550855526,,failed,0,0,,no_usable_pages,known,,,bd6t550855526: no usable pages in manifest.,2026-07-17T17:12:30.555962
lacharente,bd6t55085553m,,failed,0,0,,no_usable_pages,known,,,bd6t55085553m: no usable pages in manifest.,2026-07-17T17:12:30.685415
lacharente,bd6t550855541,,failed,0,0,,no_usable_pages,known,,,bd6t550855541: no usable pages in manifest.,2026-07-17T17:12:30.831872
lacharente,bd6t55085555f,,failed,0,0,,no_usable_pages,known,,,bd6t55085555f: no usable pages in manifest.,2026-07-17T17:12:30.935627
lacharente,bd6t55085556v,,failed,0,0,,no_usable_pages,known,,,bd6t55085556v: no usable pages in manifest.,2026-07-17T17:12:31.086359
lacharente,bd6t550855578,,failed,0,0,,no_usable_pages,known,,,bd6t550855578: no usable pages in manifest.,2026-07-17T17:12:31.195035
lacharente,bd6t55085558p,,failed,0,0,,no_usable_pages,known,,,bd6t55085558p: no usable pages in manifest.,2026-07-17T17:12:31.351801
lacharente,bd6t550855593,,failed,0,0,,no_usable_pages,known,,,bd6t550855593: no usable pages in manifest.,2026-07-17T17:12:31.452895
lacharente,bd6t55085560r,,failed,0,0,,no_usable_pages,known,,,bd6t55085560r: no usable pages in manifest.,2026-07-17T17:12:31.569582
lacharente,bd6t550855615,,failed,0,0,,no_usable_pages,known,,,bd6t550855615: no usable pages in manifest.,2026-07-17T17:12:31.690152
lacharente,bd6t55085562k,,failed,0,0,,no_usable_pages,known,,,bd6t55085562k: no usable pages in manifest.,2026-07-17T17:12:31.828083
lacharente,bd6t550855630,,failed,0,0,,no_usable_pages,known,,,bd6t550855630: no usable pages in manifest.,2026-07-17T17:12:31.921052
lacharente,bd6t55085564d,,failed,0,0,,no_usable_pages,known,,,bd6t55085564d: no usable pages in manifest.,2026-07-17T17:12:32.042826
lacharente,bd6t55085565t,,failed,0,0,,no_usable_pages,known,,,bd6t55085565t: no usable pages in manifest.,2026-07-17T17:12:32.164091
lacharente,bd6t550855667,,failed,0,0,,no_usable_pages,known,,,bd6t550855667: no usable pages in manifest.,2026-07-17T17:12:32.293386
lacharente,bd6t55085567n,,failed,0,0,,no_usable_pages,known,,,bd6t55085567n: no usable pages in manifest.,2026-07-17T17:12:32.491904
lacharente,bd6t550855682,,failed,0,0,,no_usable_pages,known,,,bd6t550855682: no usable pages in manifest.,2026-07-17T17:12:32.661689
lacharente,bd6t55085569g,,failed,0,0,,no_usable_pages,known,,,bd6t55085569g: no usable pages in manifest.,2026-07-17T17:12:32.773278
lacharente,bd6t550855704,,failed,0,0,,no_usable_pages,known,,,bd6t550855704: no usable pages in manifest.,2026-07-17T17:12:32.906200
lacharente,bd6t55085571j,,failed,0,0,,no_usable_pages,known,,,bd6t55085571j: no usable pages in manifest.,2026-07-17T17:12:33.005051
lacharente,bd6t55085572z,,failed,0,0,,no_usable_pages,known,,,bd6t55085572z: no usable pages in manifest.,2026-07-17T17:12:33.124575
lacharente,bd6t55085573c,,failed,0,0,,no_usable_pages,known,,,bd6t55085573c: no usable pages in manifest.,2026-07-17T17:12:33.239761
lacharente,bd6t55085574s,,failed,0,0,,no_usable_pages,known,,,bd6t55085574s: no usable pages in manifest.,2026-07-17T17:12:33.339317
lacharente,bd6t550855756,,failed,0,0,,no_usable_pages,known,,,bd6t550855756: no usable pages in manifest.,2026-07-17T17:12:33.535718
lacharente,bd6t55085576m,,failed,0,0,,no_usable_pages,known,,,bd6t55085576m: no usable pages in manifest.,2026-07-17T17:12:33.658079
lacharente,bd6t550855771,,failed,0,0,,no_usable_pages,known,,,bd6t550855771: no usable pages in manifest.,2026-07-17T17:12:33.773079
lacharente,bd6t55085578f,,failed,0,0,,no_usable_pages,known,,,bd6t55085578f: no usable pages in manifest.,2026-07-17T17:12:34.100599
lacharente,bd6t55085579v,,failed,0,0,,no_usable_pages,known,,,bd6t55085579v: no usable pages in manifest.,2026-07-17T17:12:34.308633
lacharente,bd6t55085580h,,failed,0,0,,no_usable_pages,known,,,bd6t55085580h: no usable pages in manifest.,2026-07-17T17:12:34.414375
lacharente,bd6t55085581x,,failed,0,0,,no_usable_pages,known,,,bd6t55085581x: no usable pages in manifest.,2026-07-17T17:12:34.593715
lacharente,bd6t55085582b,,failed,0,0,,no_usable_pages,known,,,bd6t55085582b: no usable pages in manifest.,2026-07-17T17:12:34.737410
lacharente,bd6t55085583r,,failed,0,0,,no_usable_pages,known,,,bd6t55085583r: no usable pages in manifest.,2026-07-17T17:12:34.834068
lacharente,bd6t550855845,,failed,0,0,,no_usable_pages,known,,,bd6t550855845: no usable pages in manifest.,2026-07-17T17:12:34.952503
lacharente,bd6t55085585k,,failed,0,0,,no_usable_pages,known,,,bd6t55085585k: no usable pages in manifest.,2026-07-17T17:12:35.070845
lacharente,bd6t550855860,,failed,0,0,,no_usable_pages,known,,,bd6t550855860: no usable pages in manifest.,2026-07-17T17:12:35.189444
lacharente,bd6t55085587d,,failed,0,0,,no_usable_pages,known,,,bd6t55085587d: no usable pages in manifest.,2026-07-17T17:12:35.315363
lacharente,bd6t55085588t,,failed,0,0,,no_usable_pages,known,,,bd6t55085588t: no usable pages in manifest.,2026-07-17T17:12:35.491073
lacharente,bd6t550855897,,failed,0,0,,no_usable_pages,known,,,bd6t550855897: no usable pages in manifest.,2026-07-17T17:12:35.643072
lacharente,bd6t55085590w,,failed,0,0,,no_usable_pages,known,,,bd6t55085590w: no usable pages in manifest.,2026-07-17T17:12:35.774552
lacharente,bd6t550855919,,failed,0,0,,no_usable_pages,known,,,bd6t550855919: no usable pages in manifest.,2026-07-17T17:12:35.906708
lacharente,bd6t55085592q,,failed,0,0,,no_usable_pages,known,,,bd6t55085592q: no usable pages in manifest.,2026-07-17T17:12:36.008010
lacharente,bd6t550855934,,failed,0,0,,no_usable_pages,known,,,bd6t550855934: no usable pages in manifest.,2026-07-17T17:12:36.129150
lacharente,bd6t55085594j,,failed,0,0,,no_usable_pages,known,,,bd6t55085594j: no usable pages in manifest.,2026-07-17T17:12:36.238066
lacharente,bd6t55085595z,,failed,0,0,,no_usable_pages,known,,,bd6t55085595z: no usable pages in manifest.,2026-07-17T17:12:36.337273
lacharente,bd6t55085596c,,failed,0,0,,no_usable_pages,known,,,bd6t55085596c: no usable pages in manifest.,2026-07-17T17:12:36.442746
lacharente,bd6t55085597s,,failed,0,0,,no_usable_pages,known,,,bd6t55085597s: no usable pages in manifest.,2026-07-17T17:12:36.589725
lacharente,bd6t550855986,,failed,0,0,,no_usable_pages,known,,,bd6t550855986: no usable pages in manifest.,2026-07-17T17:12:36.843061
lacharente,bd6t55085599m,,failed,0,0,,no_usable_pages,known,,,bd6t55085599m: no usable pages in manifest.,2026-07-17T17:12:36.932446
lacharente,bd6t55085600t,,failed,0,0,,no_usable_pages,known,,,bd6t55085600t: no usable pages in manifest.,2026-07-17T17:12:37.037654
lacharente,bd6t550856017,,failed,0,0,,no_usable_pages,known,,,bd6t550856017: no usable pages in manifest.,2026-07-17T17:12:37.136158
lacharente,bd6t55085602n,,failed,0,0,,no_usable_pages,known,,,bd6t55085602n: no usable pages in manifest.,2026-07-17T17:12:37.226740
lacharente,bd6t550856032,,failed,0,0,,no_usable_pages,known,,,bd6t550856032: no usable pages in manifest.,2026-07-17T17:12:37.345542
lacharente,bd6t55085604g,,failed,0,0,,no_usable_pages,known,,,bd6t55085604g: no usable pages in manifest.,2026-07-17T17:12:37.453753
lacharente,bd6t55085605w,,failed,0,0,,no_usable_pages,known,,,bd6t55085605w: no usable pages in manifest.,2026-07-17T17:12:37.543594
lacharente,bd6t550856069,,failed,0,0,,no_usable_pages,known,,,bd6t550856069: no usable pages in manifest.,2026-07-17T17:12:37.665553
lacharente,bd6t55085607q,,failed,0,0,,no_usable_pages,known,,,bd6t55085607q: no usable pages in manifest.,2026-07-17T17:12:37.829609
lacharente,bd6t550856084,,failed,0,0,,no_usable_pages,known,,,bd6t550856084: no usable pages in manifest.,2026-07-17T17:12:37.943213
lacharente,bd6t55085609j,,failed,0,0,,no_usable_pages,known,,,bd6t55085609j: no usable pages in manifest.,2026-07-17T17:12:38.062425
lacharente,bd6t550856106,,failed,0,0,,no_usable_pages,known,,,bd6t550856106: no usable pages in manifest.,2026-07-17T17:12:38.132610
lacharente,bd6t55085611m,,failed,0,0,,no_usable_pages,known,,,bd6t55085611m: no usable pages in manifest.,2026-07-17T17:12:38.226265
lacharente,bd6t550856121,,failed,0,0,,no_usable_pages,known,,,bd6t550856121: no usable pages in manifest.,2026-07-17T17:12:38.314371
lacharente,bd6t55085613f,,failed,0,0,,no_usable_pages,known,,,bd6t55085613f: no usable pages in manifest.,2026-07-17T17:12:38.454368
lacharente,bd6t55085614v,,failed,0,0,,no_usable_pages,known,,,bd6t55085614v: no usable pages in manifest.,2026-07-17T17:12:38.778756
lacharente,bd6t550856158,,failed,0,0,,no_usable_pages,known,,,bd6t550856158: no usable pages in manifest.,2026-07-17T17:12:38.995843
lacharente,bd6t55085616p,,failed,0,0,,no_usable_pages,known,,,bd6t55085616p: no usable pages in manifest.,2026-07-17T17:12:39.233350
lacharente,bd6t550856173,,failed,0,0,,no_usable_pages,known,,,bd6t550856173: no usable pages in manifest.,2026-07-17T17:12:39.342426
lacharente,bd6t55085618h,,failed,0,0,,no_usable_pages,known,,,bd6t55085618h: no usable pages in manifest.,2026-07-17T17:12:39.514332
lacharente,bd6t55085619x,,failed,0,0,,no_usable_pages,known,,,bd6t55085619x: no usable pages in manifest.,2026-07-17T17:12:39.666802
lacharente,bd6t55085620k,,failed,0,0,,no_usable_pages,known,,,bd6t55085620k: no usable pages in manifest.,2026-07-17T17:12:39.868899
lacharente,bd6t550856210,,failed,0,0,,no_usable_pages,known,,,bd6t550856210: no usable pages in manifest.,2026-07-17T17:12:40.043096
lacharente,bd6t55085622d,,failed,0,0,,no_usable_pages,known,,,bd6t55085622d: no usable pages in manifest.,2026-07-17T17:12:40.144721
lacharente,bd6t55085623t,,failed,0,0,,no_usable_pages,known,,,bd6t55085623t: no usable pages in manifest.,2026-07-17T17:12:40.276625
lacharente,bd6t550856247,,failed,0,0,,no_usable_pages,known,,,bd6t550856247: no usable pages in manifest.,2026-07-17T17:12:40.407159
lacharente,bd6t55085625n,,failed,0,0,,no_usable_pages,known,,,bd6t55085625n: no usable pages in manifest.,2026-07-17T17:12:40.514400
lacharente,bd6t550856262,,failed,0,0,,no_usable_pages,known,,,bd6t550856262: no usable pages in manifest.,2026-07-17T17:12:40.618951
lacharente,bd6t55085627g,,failed,0,0,,no_usable_pages,known,,,bd6t55085627g: no usable pages in manifest.,2026-07-17T17:12:40.726841
lacharente,bd6t55085628w,,failed,0,0,,no_usable_pages,known,,,bd6t55085628w: no usable pages in manifest.,2026-07-17T17:12:40.839011
lacharente,bd6t550856299,,failed,0,0,,no_usable_pages,known,,,bd6t550856299: no usable pages in manifest.,2026-07-17T17:12:40.978556
lacharente,bd6t55085630z,,failed,0,0,,no_usable_pages,known,,,bd6t55085630z: no usable pages in manifest.,2026-07-17T17:12:41.133884
lacharente,bd6t55085631c,,failed,0,0,,no_usable_pages,known,,,bd6t55085631c: no usable pages in manifest.,2026-07-17T17:12:41.288434
lacharente,bd6t55085632s,,failed,0,0,,no_usable_pages,known,,,bd6t55085632s: no usable pages in manifest.,2026-07-17T17:12:41.381353
lacharente,bd6t550856336,,failed,0,0,,no_usable_pages,known,,,bd6t550856336: no usable pages in manifest.,2026-07-17T17:12:41.479105
lacharente,bd6t55085634m,,failed,0,0,,no_usable_pages,known,,,bd6t55085634m: no usable pages in manifest.,2026-07-17T17:12:41.594158
lacharente,bd6t550856351,,failed,0,0,,no_usable_pages,known,,,bd6t550856351: no usable pages in manifest.,2026-07-17T17:12:41.713470
lacharente,bd6t55085636f,,failed,0,0,,no_usable_pages,known,,,bd6t55085636f: no usable pages in manifest.,2026-07-17T17:12:41.797269
lacharente,bd6t55085637v,,failed,0,0,,no_usable_pages,known,,,bd6t55085637v: no usable pages in manifest.,2026-07-17T17:12:41.899628
lacharente,bd6t550856388,,failed,0,0,,no_usable_pages,known,,,bd6t550856388: no usable pages in manifest.,2026-07-17T17:12:42.002971
lacharente,bd6t55085639p,,failed,0,0,,no_usable_pages,known,,,bd6t55085639p: no usable pages in manifest.,2026-07-17T17:12:42.200858
lacharente,bd6t55085640b,,failed,0,0,,no_usable_pages,known,,,bd6t55085640b: no usable pages in manifest.,2026-07-17T17:12:42.307610
lacharente,bd6t55085641r,,failed,0,0,,no_usable_pages,known,,,bd6t55085641r: no usable pages in manifest.,2026-07-17T17:12:42.423555
lacharente,bd6t550856425,,failed,0,0,,no_usable_pages,known,,,bd6t550856425: no usable pages in manifest.,2026-07-17T17:12:42.524221
lacharente,bd6t55085643k,,failed,0,0,,no_usable_pages,known,,,bd6t55085643k: no usable pages in manifest.,2026-07-17T17:12:42.622778
lacharente,bd6t550856440,,failed,0,0,,no_usable_pages,known,,,bd6t550856440: no usable pages in manifest.,2026-07-17T17:12:42.716273
lacharente,bd6t55085645d,,failed,0,0,,no_usable_pages,known,,,bd6t55085645d: no usable pages in manifest.,2026-07-17T17:12:42.808889
lacharente,bd6t55085646t,,failed,0,0,,no_usable_pages,known,,,bd6t55085646t: no usable pages in manifest.,2026-07-17T17:12:42.937266
lacharente,bd6t550856477,,failed,0,0,,no_usable_pages,known,,,bd6t550856477: no usable pages in manifest.,2026-07-17T17:12:43.040377
lacharente,bd6t55085648n,,failed,0,0,,no_usable_pages,known,,,bd6t55085648n: no usable pages in manifest.,2026-07-17T17:12:43.498350
lacharente,bd6t550856492,,failed,0,0,,no_usable_pages,known,,,bd6t550856492: no usable pages in manifest.,2026-07-17T17:12:43.603847
lacharente,bd6t55085650q,,failed,0,0,,no_usable_pages,known,,,bd6t55085650q: no usable pages in manifest.,2026-07-17T17:12:43.697608
lacharente,bd6t550856514,,failed,0,0,,no_usable_pages,known,,,bd6t550856514: no usable pages in manifest.,2026-07-17T17:12:43.792435
lacharente,bd6t55085652j,,failed,0,0,,no_usable_pages,known,,,bd6t55085652j: no usable pages in manifest.,2026-07-17T17:12:43.902397
lacharente,bd6t55085653z,,failed,0,0,,no_usable_pages,known,,,bd6t55085653z: no usable pages in manifest.,2026-07-17T17:12:44.024340
lacharente,bd6t55085654c,,failed,0,0,,no_usable_pages,known,,,bd6t55085654c: no usable pages in manifest.,2026-07-17T17:12:44.153207
lacharente,bd6t55085655s,,failed,0,0,,no_usable_pages,known,,,bd6t55085655s: no usable pages in manifest.,2026-07-17T17:12:44.315529
lacharente,bd6t550856566,,failed,0,0,,no_usable_pages,known,,,bd6t550856566: no usable pages in manifest.,2026-07-17T17:12:44.450952
lacharente,bd6t55085657m,,failed,0,0,,no_usable_pages,known,,,bd6t55085657m: no usable pages in manifest.,2026-07-17T17:12:44.581425
lacharente,bd6t550856581,,failed,0,0,,no_usable_pages,known,,,bd6t550856581: no usable pages in manifest.,2026-07-17T17:12:44.681570
lacharente,bd6t55085659f,,failed,0,0,,no_usable_pages,known,,,bd6t55085659f: no usable pages in manifest.,2026-07-17T17:12:44.801899
lacharente,bd6t550856603,,failed,0,0,,no_usable_pages,known,,,bd6t550856603: no usable pages in manifest.,2026-07-17T17:12:44.943865
lacharente,bd6t55085661h,,failed,0,0,,no_usable_pages,known,,,bd6t55085661h: no usable pages in manifest.,2026-07-17T17:12:45.039217
lacharente,bd6t55085662x,,failed,0,0,,no_usable_pages,known,,,bd6t55085662x: no usable pages in manifest.,2026-07-17T17:12:45.197590
lacharente,bd6t55085663b,,failed,0,0,,no_usable_pages,known,,,bd6t55085663b: no usable pages in manifest.,2026-07-17T17:12:45.359214
lacharente,bd6t55085664r,,failed,0,0,,no_usable_pages,known,,,bd6t55085664r: no usable pages in manifest.,2026-07-17T17:12:45.485186
lacharente,bd6t550856655,,failed,0,0,,no_usable_pages,known,,,bd6t550856655: no usable pages in manifest.,2026-07-17T17:12:45.593507
lacharente,bd6t55085666k,,failed,0,0,,no_usable_pages,known,,,bd6t55085666k: no usable pages in manifest.,2026-07-17T17:12:45.721119
lacharente,bd6t550856670,,failed,0,0,,no_usable_pages,known,,,bd6t550856670: no usable pages in manifest.,2026-07-17T17:12:45.836754
lacharente,bd6t55085668d,,failed,0,0,,no_usable_pages,known,,,bd6t55085668d: no usable pages in manifest.,2026-07-17T17:12:45.928810
lacharente,bd6t55085669t,,failed,0,0,,no_usable_pages,known,,,bd6t55085669t: no usable pages in manifest.,2026-07-17T17:12:46.042651
lacharente,bd6t55085670g,,failed,0,0,,no_usable_pages,known,,,bd6t55085670g: no usable pages in manifest.,2026-07-17T17:12:46.155326
lacharente,bd6t55085671w,,failed,0,0,,no_usable_pages,known,,,bd6t55085671w: no usable pages in manifest.,2026-07-17T17:12:46.254405
lacharente,bd6t550856729,,failed,0,0,,no_usable_pages,known,,,bd6t550856729: no usable pages in manifest.,2026-07-17T17:12:46.404334
lacharente,bd6t55085673q,,failed,0,0,,no_usable_pages,known,,,bd6t55085673q: no usable pages in manifest.,2026-07-17T17:12:46.539168
lacharente,bd6t550856744,,failed,0,0,,no_usable_pages,known,,,bd6t550856744: no usable pages in manifest.,2026-07-17T17:12:46.649055
lacharente,bd6t55085675j,,failed,0,0,,no_usable_pages,known,,,bd6t55085675j: no usable pages in manifest.,2026-07-17T17:12:46.758326
lacharente,bd6t55085676z,,failed,0,0,,no_usable_pages,known,,,bd6t55085676z: no usable pages in manifest.,2026-07-17T17:12:46.857942
lacharente,bd6t55085677c,,failed,0,0,,no_usable_pages,known,,,bd6t55085677c: no usable pages in manifest.,2026-07-17T17:12:46.960715
lacharente,bd6t55085678s,,failed,0,0,,no_usable_pages,known,,,bd6t55085678s: no usable pages in manifest.,2026-07-17T17:12:47.067355
lacharente,bd6t550856796,,failed,0,0,,no_usable_pages,known,,,bd6t550856796: no usable pages in manifest.,2026-07-17T17:12:47.178201
lacharente,bd6t55085680v,,failed,0,0,,no_usable_pages,known,,,bd6t55085680v: no usable pages in manifest.,2026-07-17T17:12:47.304689
lacharente,bd6t550856818,,failed,0,0,,no_usable_pages,known,,,bd6t550856818: no usable pages in manifest.,2026-07-17T17:12:47.462914
lacharente,bd6t55085682p,,failed,0,0,,no_usable_pages,known,,,bd6t55085682p: no usable pages in manifest.,2026-07-17T17:12:47.603888
lacharente,bd6t550856833,,failed,0,0,,no_usable_pages,known,,,bd6t550856833: no usable pages in manifest.,2026-07-17T17:12:47.720841
lacharente,bd6t55085684h,,failed,0,0,,no_usable_pages,known,,,bd6t55085684h: no usable pages in manifest.,2026-07-17T17:12:47.866397
lacharente,bd6t55085685x,,failed,0,0,,no_usable_pages,known,,,bd6t55085685x: no usable pages in manifest.,2026-07-17T17:12:47.975111
lacharente,bd6t55085686b,,failed,0,0,,no_usable_pages,known,,,bd6t55085686b: no usable pages in manifest.,2026-07-17T17:12:48.088941
lacharente,bd6t55085687r,,failed,0,0,,no_usable_pages,known,,,bd6t55085687r: no usable pages in manifest.,2026-07-17T17:12:48.193996
lacharente,bd6t550856885,,failed,0,0,,no_usable_pages,known,,,bd6t550856885: no usable pages in manifest.,2026-07-17T17:12:48.291825
lacharente,bd6t55085689k,,failed,0,0,,no_usable_pages,known,,,bd6t55085689k: no usable pages in manifest.,2026-07-17T17:12:48.424721
lacharente,bd6t55085968f,,failed,0,0,,no_usable_pages,known,,,bd6t55085968f: no usable pages in manifest.,2026-07-17T17:12:48.546342
lacharente,bd6t550856907,,failed,0,0,,no_usable_pages,known,,,bd6t550856907: no usable pages in manifest.,2026-07-17T17:12:48.686181
lacharente,bd6t55085691n,,failed,0,0,,no_usable_pages,known,,,bd6t55085691n: no usable pages in manifest.,2026-07-17T17:12:48.860209
lacharente,bd6t550856922,,failed,0,0,,no_usable_pages,known,,,bd6t550856922: no usable pages in manifest.,2026-07-17T17:12:49.033338
lacharente,bd6t55085970h,,failed,0,0,,no_usable_pages,known,,,bd6t55085970h: no usable pages in manifest.,2026-07-17T17:12:49.170154
lacharente,bd6t55085693g,,failed,0,0,,no_usable_pages,known,,,bd6t55085693g: no usable pages in manifest.,2026-07-17T17:12:49.381979
lacharente,bd6t55085694w,,failed,0,0,,no_usable_pages,known,,,bd6t55085694w: no usable pages in manifest.,2026-07-17T17:12:49.579598
lacharente,bd6t550856959,,failed,0,0,,no_usable_pages,known,,,bd6t550856959: no usable pages in manifest.,2026-07-17T17:12:49.758090
lacharente,bd6t55085696q,,failed,0,0,,no_usable_pages,known,,,bd6t55085696q: no usable pages in manifest.,2026-07-17T17:12:49.887418
lacharente,bd6t550856974,,failed,0,0,,no_usable_pages,known,,,bd6t550856974: no usable pages in manifest.,2026-07-17T17:12:50.024216
lacharente,bd6t55085698j,,failed,0,0,,no_usable_pages,known,,,bd6t55085698j: no usable pages in manifest.,2026-07-17T17:12:50.116395
lacharente,bd6t55085699z,,failed,0,0,,no_usable_pages,known,,,bd6t55085699z: no usable pages in manifest.,2026-07-17T17:12:50.238319
lacharente,bd6t550857005,,failed,0,0,,no_usable_pages,known,,,bd6t550857005: no usable pages in manifest.,2026-07-17T17:12:50.320963
lacharente,bd6t55085701k,,failed,0,0,,no_usable_pages,known,,,bd6t55085701k: no usable pages in manifest.,2026-07-17T17:12:50.480961
lacharente,bd6t550857020,,failed,0,0,,no_usable_pages,known,,,bd6t550857020: no usable pages in manifest.,2026-07-17T17:12:50.621773
lacharente,bd6t55085703d,,failed,0,0,,no_usable_pages,known,,,bd6t55085703d: no usable pages in manifest.,2026-07-17T17:12:50.746255
lacharente,bd6t55085704t,,failed,0,0,,no_usable_pages,known,,,bd6t55085704t: no usable pages in manifest.,2026-07-17T17:12:50.857871
lacharente,bd6t550857057,,failed,0,0,,no_usable_pages,known,,,bd6t550857057: no usable pages in manifest.,2026-07-17T17:12:50.962917
lacharente,bd6t55085706n,,failed,0,0,,no_usable_pages,known,,,bd6t55085706n: no usable pages in manifest.,2026-07-17T17:12:51.062336
lacharente,bd6t550857072,,failed,0,0,,no_usable_pages,known,,,bd6t550857072: no usable pages in manifest.,2026-07-17T17:12:51.170541
lacharente,bd6t55085708g,,failed,0,0,,no_usable_pages,known,,,bd6t55085708g: no usable pages in manifest.,2026-07-17T17:12:51.279064
lacharente,bd6t55085709w,,failed,0,0,,no_usable_pages,known,,,bd6t55085709w: no usable pages in manifest.,2026-07-17T17:12:51.405410
lacharente,bd6t55085710j,,failed,0,0,,no_usable_pages,known,,,bd6t55085710j: no usable pages in manifest.,2026-07-17T17:12:51.510988
lacharente,bd6t55085711z,,failed,0,0,,no_usable_pages,known,,,bd6t55085711z: no usable pages in manifest.,2026-07-17T17:12:51.736593
lacharente,bd6t55085712c,,failed,0,0,,no_usable_pages,known,,,bd6t55085712c: no usable pages in manifest.,2026-07-17T17:12:51.897758
lacharente,bd6t55085713s,,failed,0,0,,no_usable_pages,known,,,bd6t55085713s: no usable pages in manifest.,2026-07-17T17:12:52.002717
lacharente,bd6t550857146,,failed,0,0,,no_usable_pages,known,,,bd6t550857146: no usable pages in manifest.,2026-07-17T17:12:52.112679
lacharente,bd6t55085715m,,failed,0,0,,no_usable_pages,known,,,bd6t55085715m: no usable pages in manifest.,2026-07-17T17:12:52.206444
lacharente,bd6t550857161,,failed,0,0,,no_usable_pages,known,,,bd6t550857161: no usable pages in manifest.,2026-07-17T17:12:52.337363
lacharente,bd6t55085717f,,failed,0,0,,no_usable_pages,known,,,bd6t55085717f: no usable pages in manifest.,2026-07-17T17:12:52.477037
lacharente,bd6t55085718v,,failed,0,0,,no_usable_pages,known,,,bd6t55085718v: no usable pages in manifest.,2026-07-17T17:12:53.049989
lacharente,bd6t550857198,,failed,0,0,,no_usable_pages,known,,,bd6t550857198: no usable pages in manifest.,2026-07-17T17:12:53.269573
lacharente,bd6t55085720x,,failed,0,0,,no_usable_pages,known,,,bd6t55085720x: no usable pages in manifest.,2026-07-17T17:12:53.408080
lacharente,bd6t55085721b,,failed,0,0,,no_usable_pages,known,,,bd6t55085721b: no usable pages in manifest.,2026-07-17T17:12:53.602495
lacharente,bd6t55085747k,,failed,0,0,,no_usable_pages,known,,,bd6t55085747k: no usable pages in manifest.,2026-07-17T17:12:53.754017
lacharente,bd6t55085722r,,failed,0,0,,no_usable_pages,known,,,bd6t55085722r: no usable pages in manifest.,2026-07-17T17:12:53.904835
lacharente,bd6t550857235,,failed,0,0,,no_usable_pages,known,,,bd6t550857235: no usable pages in manifest.,2026-07-17T17:12:54.032324
lacharente,bd6t55085724k,,failed,0,0,,no_usable_pages,known,,,bd6t55085724k: no usable pages in manifest.,2026-07-17T17:12:54.122405
lacharente,bd6t550857250,,failed,0,0,,no_usable_pages,known,,,bd6t550857250: no usable pages in manifest.,2026-07-17T17:12:54.304804
lacharente,bd6t55085726d,,failed,0,0,,no_usable_pages,known,,,bd6t55085726d: no usable pages in manifest.,2026-07-17T17:12:54.420184
lacharente,bd6t55085727t,,failed,0,0,,no_usable_pages,known,,,bd6t55085727t: no usable pages in manifest.,2026-07-17T17:12:54.573394
lacharente,bd6t550857287,,failed,0,0,,no_usable_pages,known,,,bd6t550857287: no usable pages in manifest.,2026-07-17T17:12:54.671327
lacharente,bd6t55085729n,,failed,0,0,,no_usable_pages,known,,,bd6t55085729n: no usable pages in manifest.,2026-07-17T17:12:54.770727
lacharente,bd6t550857309,,failed,0,0,,no_usable_pages,known,,,bd6t550857309: no usable pages in manifest.,2026-07-17T17:12:54.869200
lacharente,bd6t55085731q,,failed,0,0,,no_usable_pages,known,,,bd6t55085731q: no usable pages in manifest.,2026-07-17T17:12:54.964050
lacharente,bd6t550857324,,failed,0,0,,no_usable_pages,known,,,bd6t550857324: no usable pages in manifest.,2026-07-17T17:12:55.049666
lacharente,bd6t55085733j,,failed,0,0,,no_usable_pages,known,,,bd6t55085733j: no usable pages in manifest.,2026-07-17T17:12:55.141491
lacharente,bd6t55085734z,,failed,0,0,,no_usable_pages,known,,,bd6t55085734z: no usable pages in manifest.,2026-07-17T17:12:55.340186
lacharente,bd6t55085735c,,failed,0,0,,no_usable_pages,known,,,bd6t55085735c: no usable pages in manifest.,2026-07-17T17:12:55.518233
lacharente,bd6t55085736s,,failed,0,0,,no_usable_pages,known,,,bd6t55085736s: no usable pages in manifest.,2026-07-17T17:12:55.620540
lacharente,bd6t550857376,,failed,0,0,,no_usable_pages,known,,,bd6t550857376: no usable pages in manifest.,2026-07-17T17:12:55.756811
lacharente,bd6t55085738m,,failed,0,0,,no_usable_pages,known,,,bd6t55085738m: no usable pages in manifest.,2026-07-17T17:12:55.876024
lacharente,bd6t550857391,,failed,0,0,,no_usable_pages,known,,,bd6t550857391: no usable pages in manifest.,2026-07-17T17:12:55.975923
lacharente,bd6t55085740p,,failed,0,0,,no_usable_pages,known,,,bd6t55085740p: no usable pages in manifest.,2026-07-17T17:12:56.074056
lacharente,bd6t550857413,,failed,0,0,,no_usable_pages,known,,,bd6t550857413: no usable pages in manifest.,2026-07-17T17:12:56.154202
lacharente,bd6t55085742h,,failed,0,0,,no_usable_pages,known,,,bd6t55085742h: no usable pages in manifest.,2026-07-17T17:12:56.284691
lacharente,bd6t55085743x,,failed,0,0,,no_usable_pages,known,,,bd6t55085743x: no usable pages in manifest.,2026-07-17T17:12:56.446599
lacharente,bd6t55085744b,,failed,0,0,,no_usable_pages,known,,,bd6t55085744b: no usable pages in manifest.,2026-07-17T17:12:56.539037
lacharente,bd6t55085745r,,failed,0,0,,no_usable_pages,known,,,bd6t55085745r: no usable pages in manifest.,2026-07-17T17:12:56.631978
lacharente,bd6t550857465,,failed,0,0,,no_usable_pages,known,,,bd6t550857465: no usable pages in manifest.,2026-07-17T17:12:56.728172
lacharente,bd6t550857480,,failed,0,0,,no_usable_pages,known,,,bd6t550857480: no usable pages in manifest.,2026-07-17T17:12:56.824835
lacharente,bd6t55085749d,,failed,0,0,,no_usable_pages,known,,,bd6t55085749d: no usable pages in manifest.,2026-07-17T17:12:56.921556
lacharente,bd6t550857502,,failed,0,0,,no_usable_pages,known,,,bd6t550857502: no usable pages in manifest.,2026-07-17T17:12:57.030566
lacharente,bd6t55085751g,,failed,0,0,,no_usable_pages,known,,,bd6t55085751g: no usable pages in manifest.,2026-07-17T17:12:57.137488
lacharente,bd6t55085752w,,failed,0,0,,no_usable_pages,known,,,bd6t55085752w: no usable pages in manifest.,2026-07-17T17:12:57.225268
lacharente,bd6t550857539,,failed,0,0,,no_usable_pages,known,,,bd6t550857539: no usable pages in manifest.,2026-07-17T17:12:57.366814
lacharente,bd6t55085754q,,failed,0,0,,no_usable_pages,known,,,bd6t55085754q: no usable pages in manifest.,2026-07-17T17:12:57.894980
lacharente,bd6t550857554,,failed,0,0,,no_usable_pages,known,,,bd6t550857554: no usable pages in manifest.,2026-07-17T17:12:58.083364
lacharente,bd6t55085756j,,failed,0,0,,no_usable_pages,known,,,bd6t55085756j: no usable pages in manifest.,2026-07-17T17:12:58.191428
lacharente,bd6t55085757z,,failed,0,0,,no_usable_pages,known,,,bd6t55085757z: no usable pages in manifest.,2026-07-17T17:12:58.330316
lacharente,bd6t55085758c,,failed,0,0,,no_usable_pages,known,,,bd6t55085758c: no usable pages in manifest.,2026-07-17T17:12:58.406639
lacharente,bd6t55085759s,,failed,0,0,,no_usable_pages,known,,,bd6t55085759s: no usable pages in manifest.,2026-07-17T17:12:58.584050
lacharente,bd6t55085760f,,failed,0,0,,no_usable_pages,known,,,bd6t55085760f: no usable pages in manifest.,2026-07-17T17:12:58.681656
lacharente,bd6t55085761v,,failed,0,0,,no_usable_pages,known,,,bd6t55085761v: no usable pages in manifest.,2026-07-17T17:12:58.792711
lacharente,bd6t550857628,,failed,0,0,,no_usable_pages,known,,,bd6t550857628: no usable pages in manifest.,2026-07-17T17:12:58.908912
lacharente,bd6t55085763p,,failed,0,0,,no_usable_pages,known,,,bd6t55085763p: no usable pages in manifest.,2026-07-17T17:12:59.013475
lacharente,bd6t550857643,,failed,0,0,,no_usable_pages,known,,,bd6t550857643: no usable pages in manifest.,2026-07-17T17:12:59.119614
lacharente,bd6t55085765h,,failed,0,0,,no_usable_pages,known,,,bd6t55085765h: no usable pages in manifest.,2026-07-17T17:12:59.236173
lacharente,bd6t55085766x,,failed,0,0,,no_usable_pages,known,,,bd6t55085766x: no usable pages in manifest.,2026-07-17T17:12:59.364705
lacharente,bd6t55085767b,,failed,0,0,,no_usable_pages,known,,,bd6t55085767b: no usable pages in manifest.,2026-07-17T17:12:59.501428
lacharente,bd6t55085768r,,failed,0,0,,no_usable_pages,known,,,bd6t55085768r: no usable pages in manifest.,2026-07-17T17:12:59.701519
lacharente,bd6t550857695,,failed,0,0,,no_usable_pages,known,,,bd6t550857695: no usable pages in manifest.,2026-07-17T17:12:59.792532
lacharente,bd6t55085770t,,failed,0,0,,no_usable_pages,known,,,bd6t55085770t: no usable pages in manifest.,2026-07-17T17:12:59.906246
lacharente,bd6t550857717,,failed,0,0,,no_usable_pages,known,,,bd6t550857717: no usable pages in manifest.,2026-07-17T17:13:00.036527
lacharente,bd6t55085772n,,failed,0,0,,no_usable_pages,known,,,bd6t55085772n: no usable pages in manifest.,2026-07-17T17:13:00.183832
lacharente,bd6t550857732,,failed,0,0,,no_usable_pages,known,,,bd6t550857732: no usable pages in manifest.,2026-07-17T17:13:00.293228
lacharente,bd6t55085774g,,failed,0,0,,no_usable_pages,known,,,bd6t55085774g: no usable pages in manifest.,2026-07-17T17:13:00.402731
lacharente,bd6t55085775w,,failed,0,0,,no_usable_pages,known,,,bd6t55085775w: no usable pages in manifest.,2026-07-17T17:13:00.497346
lacharente,bd6t550857769,,failed,0,0,,no_usable_pages,known,,,bd6t550857769: no usable pages in manifest.,2026-07-17T17:13:00.618051
lacharente,bd6t55085777q,,failed,0,0,,no_usable_pages,known,,,bd6t55085777q: no usable pages in manifest.,2026-07-17T17:13:00.749545
lacharente,bd6t550857784,,failed,0,0,,no_usable_pages,known,,,bd6t550857784: no usable pages in manifest.,2026-07-17T17:13:00.867664
lacharente,bd6t55085779j,,failed,0,0,,no_usable_pages,known,,,bd6t55085779j: no usable pages in manifest.,2026-07-17T17:13:00.961274
lacharente,bd6t550857806,,failed,0,0,,no_usable_pages,known,,,bd6t550857806: no usable pages in manifest.,2026-07-17T17:13:01.042275
lacharente,bd6t55085781m,,failed,0,0,,no_usable_pages,known,,,bd6t55085781m: no usable pages in manifest.,2026-07-17T17:13:01.166687
lacharente,bd6t550857821,,failed,0,0,,no_usable_pages,known,,,bd6t550857821: no usable pages in manifest.,2026-07-17T17:13:01.265566
lacharente,bd6t55085783f,,failed,0,0,,no_usable_pages,known,,,bd6t55085783f: no usable pages in manifest.,2026-07-17T17:13:01.402008
lacharente,bd6t55085784v,,failed,0,0,,no_usable_pages,known,,,bd6t55085784v: no usable pages in manifest.,2026-07-17T17:13:01.535444
lacharente,bd6t550857858,,failed,0,0,,no_usable_pages,known,,,bd6t550857858: no usable pages in manifest.,2026-07-17T17:13:01.663481
lacharente,bd6t55085786p,,failed,0,0,,no_usable_pages,known,,,bd6t55085786p: no usable pages in manifest.,2026-07-17T17:13:01.818036
lacharente,bd6t550857873,,failed,0,0,,no_usable_pages,known,,,bd6t550857873: no usable pages in manifest.,2026-07-17T17:13:01.926811
lacharente,bd6t55085788h,,failed,0,0,,no_usable_pages,known,,,bd6t55085788h: no usable pages in manifest.,2026-07-17T17:13:02.037963
lacharente,bd6t55085789x,,failed,0,0,,no_usable_pages,known,,,bd6t55085789x: no usable pages in manifest.,2026-07-17T17:13:02.229975
lacharente,bd6t55085790k,,failed,0,0,,no_usable_pages,known,,,bd6t55085790k: no usable pages in manifest.,2026-07-17T17:13:02.574378
lacharente,bd6t550857910,,failed,0,0,,no_usable_pages,known,,,bd6t550857910: no usable pages in manifest.,2026-07-17T17:13:02.693754
lacharente,bd6t55085792d,,failed,0,0,,no_usable_pages,known,,,bd6t55085792d: no usable pages in manifest.,2026-07-17T17:13:02.914480
lacharente,bd6t55085819m,,failed,0,0,,no_usable_pages,known,,,bd6t55085819m: no usable pages in manifest.,2026-07-17T17:13:03.046875
lacharente,bd6t55085793t,,failed,0,0,,no_usable_pages,known,,,bd6t55085793t: no usable pages in manifest.,2026-07-17T17:13:03.146584
lacharente,bd6t550857947,,failed,0,0,,no_usable_pages,known,,,bd6t550857947: no usable pages in manifest.,2026-07-17T17:13:03.270974
lacharente,bd6t55085795n,,failed,0,0,,no_usable_pages,known,,,bd6t55085795n: no usable pages in manifest.,2026-07-17T17:13:03.394846
lacharente,bd6t550857962,,failed,0,0,,no_usable_pages,known,,,bd6t550857962: no usable pages in manifest.,2026-07-17T17:13:03.525231
lacharente,bd6t55085797g,,failed,0,0,,no_usable_pages,known,,,bd6t55085797g: no usable pages in manifest.,2026-07-17T17:13:03.686428
lacharente,bd6t55085798w,,failed,0,0,,no_usable_pages,known,,,bd6t55085798w: no usable pages in manifest.,2026-07-17T17:13:03.798677
lacharente,bd6t550857999,,failed,0,0,,no_usable_pages,known,,,bd6t550857999: no usable pages in manifest.,2026-07-17T17:13:04.047486
lacharente,bd6t55085800h,,failed,0,0,,no_usable_pages,known,,,bd6t55085800h: no usable pages in manifest.,2026-07-17T17:13:04.155296
lacharente,bd6t55085801x,,failed,0,0,,no_usable_pages,known,,,bd6t55085801x: no usable pages in manifest.,2026-07-17T17:13:04.229734
lacharente,bd6t55085802b,,failed,0,0,,no_usable_pages,known,,,bd6t55085802b: no usable pages in manifest.,2026-07-17T17:13:04.346255
lacharente,bd6t55085803r,,failed,0,0,,no_usable_pages,known,,,bd6t55085803r: no usable pages in manifest.,2026-07-17T17:13:04.482859
lacharente,bd6t550858045,,failed,0,0,,no_usable_pages,known,,,bd6t550858045: no usable pages in manifest.,2026-07-17T17:13:04.570405
lacharente,bd6t55085805k,,failed,0,0,,no_usable_pages,known,,,bd6t55085805k: no usable pages in manifest.,2026-07-17T17:13:04.720681
lacharente,bd6t550858060,,failed,0,0,,no_usable_pages,known,,,bd6t550858060: no usable pages in manifest.,2026-07-17T17:13:04.816600
lacharente,bd6t55085807d,,failed,0,0,,no_usable_pages,known,,,bd6t55085807d: no usable pages in manifest.,2026-07-17T17:13:05.025397
lacharente,bd6t55085808t,,failed,0,0,,no_usable_pages,known,,,bd6t55085808t: no usable pages in manifest.,2026-07-17T17:13:05.116412
lacharente,bd6t550858097,,failed,0,0,,no_usable_pages,known,,,bd6t550858097: no usable pages in manifest.,2026-07-17T17:13:05.248316
lacharente,bd6t55085810w,,failed,0,0,,no_usable_pages,known,,,bd6t55085810w: no usable pages in manifest.,2026-07-17T17:13:05.350928
lacharente,bd6t550858119,,failed,0,0,,no_usable_pages,known,,,bd6t550858119: no usable pages in manifest.,2026-07-17T17:13:05.469751
lacharente,bd6t55085812q,,failed,0,0,,no_usable_pages,known,,,bd6t55085812q: no usable pages in manifest.,2026-07-17T17:13:05.622067
lacharente,bd6t550858134,,failed,0,0,,no_usable_pages,known,,,bd6t550858134: no usable pages in manifest.,2026-07-17T17:13:05.726478
lacharente,bd6t55085814j,,failed,0,0,,no_usable_pages,known,,,bd6t55085814j: no usable pages in manifest.,2026-07-17T17:13:05.856065
lacharente,bd6t55085815z,,failed,0,0,,no_usable_pages,known,,,bd6t55085815z: no usable pages in manifest.,2026-07-17T17:13:06.061995
lacharente,bd6t55085816c,,failed,0,0,,no_usable_pages,known,,,bd6t55085816c: no usable pages in manifest.,2026-07-17T17:13:06.202669
lacharente,bd6t55085817s,,failed,0,0,,no_usable_pages,known,,,bd6t55085817s: no usable pages in manifest.,2026-07-17T17:13:06.329523
lacharente,bd6t550858186,,failed,0,0,,no_usable_pages,known,,,bd6t550858186: no usable pages in manifest.,2026-07-17T17:13:06.416907
lacharente,bd6t550858208,,failed,0,0,,no_usable_pages,known,,,bd6t550858208: no usable pages in manifest.,2026-07-17T17:13:06.539544
lacharente,bd6t55085821p,,failed,0,0,,no_usable_pages,known,,,bd6t55085821p: no usable pages in manifest.,2026-07-17T17:13:06.673422
lacharente,bd6t550858223,,failed,0,0,,no_usable_pages,known,,,bd6t550858223: no usable pages in manifest.,2026-07-17T17:13:06.919592
lacharente,bd6t55085823h,,failed,0,0,,no_usable_pages,known,,,bd6t55085823h: no usable pages in manifest.,2026-07-17T17:13:07.416072
lacharente,bd6t55085824x,,failed,0,0,,no_usable_pages,known,,,bd6t55085824x: no usable pages in manifest.,2026-07-17T17:13:07.528037
lacharente,bd6t55085825b,,failed,0,0,,no_usable_pages,known,,,bd6t55085825b: no usable pages in manifest.,2026-07-17T17:13:07.671555
lacharente,bd6t55085826r,,failed,0,0,,no_usable_pages,known,,,bd6t55085826r: no usable pages in manifest.,2026-07-17T17:13:07.795383
lacharente,bd6t550858275,,failed,0,0,,no_usable_pages,known,,,bd6t550858275: no usable pages in manifest.,2026-07-17T17:13:07.903243
lacharente,bd6t55085828k,,failed,0,0,,no_usable_pages,known,,,bd6t55085828k: no usable pages in manifest.,2026-07-17T17:13:07.994705
lacharente,bd6t550858290,,failed,0,0,,no_usable_pages,known,,,bd6t550858290: no usable pages in manifest.,2026-07-17T17:13:08.131422
lacharente,bd6t55085830n,,failed,0,0,,no_usable_pages,known,,,bd6t55085830n: no usable pages in manifest.,2026-07-17T17:13:08.215479
lacharente,bd6t550858312,,failed,0,0,,no_usable_pages,known,,,bd6t550858312: no usable pages in manifest.,2026-07-17T17:13:08.378876
lacharente,bd6t55085832g,,failed,0,0,,no_usable_pages,known,,,bd6t55085832g: no usable pages in manifest.,2026-07-17T17:13:08.567263
lacharente,bd6t55085833w,,failed,0,0,,no_usable_pages,known,,,bd6t55085833w: no usable pages in manifest.,2026-07-17T17:13:08.676223
lacharente,bd6t550858349,,failed,0,0,,no_usable_pages,known,,,bd6t550858349: no usable pages in manifest.,2026-07-17T17:13:08.784475
lacharente,bd6t55085835q,,failed,0,0,,no_usable_pages,known,,,bd6t55085835q: no usable pages in manifest.,2026-07-17T17:13:08.906443
lacharente,bd6t550858364,,failed,0,0,,no_usable_pages,known,,,bd6t550858364: no usable pages in manifest.,2026-07-17T17:13:08.993729
lacharente,bd6t55085837j,,failed,0,0,,no_usable_pages,known,,,bd6t55085837j: no usable pages in manifest.,2026-07-17T17:13:09.100705
lacharente,bd6t55085838z,,failed,0,0,,no_usable_pages,known,,,bd6t55085838z: no usable pages in manifest.,2026-07-17T17:13:09.180738
lacharente,bd6t55085839c,,failed,0,0,,no_usable_pages,known,,,bd6t55085839c: no usable pages in manifest.,2026-07-17T17:13:09.273320
lacharente,bd6t550858401,,failed,0,0,,no_usable_pages,known,,,bd6t550858401: no usable pages in manifest.,2026-07-17T17:13:09.367350
lacharente,bd6t55085841f,,failed,0,0,,no_usable_pages,known,,,bd6t55085841f: no usable pages in manifest.,2026-07-17T17:13:09.679754
lacharente,bd6t55085842v,,failed,0,0,,no_usable_pages,known,,,bd6t55085842v: no usable pages in manifest.,2026-07-17T17:13:09.799865
lacharente,bd6t550858438,,failed,0,0,,no_usable_pages,known,,,bd6t550858438: no usable pages in manifest.,2026-07-17T17:13:09.897391
lacharente,bd6t55085844p,,failed,0,0,,no_usable_pages,known,,,bd6t55085844p: no usable pages in manifest.,2026-07-17T17:13:10.001879
lacharente,bd6t550858453,,failed,0,0,,no_usable_pages,known,,,bd6t550858453: no usable pages in manifest.,2026-07-17T17:13:10.132001
lacharente,bd6t55085846h,,failed,0,0,,no_usable_pages,known,,,bd6t55085846h: no usable pages in manifest.,2026-07-17T17:13:10.285364
lacharente,bd6t55085847x,,failed,0,0,,no_usable_pages,known,,,bd6t55085847x: no usable pages in manifest.,2026-07-17T17:13:10.563591
lacharente,bd6t55085848b,,failed,0,0,,no_usable_pages,known,,,bd6t55085848b: no usable pages in manifest.,2026-07-17T17:13:10.796381
lacharente,bd6t55085849r,,failed,0,0,,no_usable_pages,known,,,bd6t55085849r: no usable pages in manifest.,2026-07-17T17:13:10.897293
lacharente,bd6t55085850d,,failed,0,0,,no_usable_pages,known,,,bd6t55085850d: no usable pages in manifest.,2026-07-17T17:13:11.036429
lacharente,bd6t55085851t,,failed,0,0,,no_usable_pages,known,,,bd6t55085851t: no usable pages in manifest.,2026-07-17T17:13:11.151923
lacharente,bd6t550858527,,failed,0,0,,no_usable_pages,known,,,bd6t550858527: no usable pages in manifest.,2026-07-17T17:13:11.269746
lacharente,bd6t55085853n,,failed,0,0,,no_usable_pages,known,,,bd6t55085853n: no usable pages in manifest.,2026-07-17T17:13:11.408205
lacharente,bd6t550858542,,failed,0,0,,no_usable_pages,known,,,bd6t550858542: no usable pages in manifest.,2026-07-17T17:13:11.527669
lacharente,bd6t55085855g,,failed,0,0,,no_usable_pages,known,,,bd6t55085855g: no usable pages in manifest.,2026-07-17T17:13:11.932931
lacharente,bd6t55085856w,,failed,0,0,,no_usable_pages,known,,,bd6t55085856w: no usable pages in manifest.,2026-07-17T17:13:12.098546
lacharente,bd6t550858579,,failed,0,0,,no_usable_pages,known,,,bd6t550858579: no usable pages in manifest.,2026-07-17T17:13:12.233226
lacharente,bd6t550858594,,failed,0,0,,no_usable_pages,known,,,bd6t550858594: no usable pages in manifest.,2026-07-17T17:13:12.386484
lacharente,bd6t55085858q,,failed,0,0,,no_usable_pages,known,,,bd6t55085858q: no usable pages in manifest.,2026-07-17T17:13:12.454858
lacharente,bd6t55085860s,,failed,0,0,,no_usable_pages,known,,,bd6t55085860s: no usable pages in manifest.,2026-07-17T17:13:12.551770
lacharente,bd6t550858616,,failed,0,0,,no_usable_pages,known,,,bd6t550858616: no usable pages in manifest.,2026-07-17T17:13:12.653135
lacharente,bd6t55085862m,,failed,0,0,,no_usable_pages,known,,,bd6t55085862m: no usable pages in manifest.,2026-07-17T17:13:12.831945
lacharente,bd6t550858631,,failed,0,0,,no_usable_pages,known,,,bd6t550858631: no usable pages in manifest.,2026-07-17T17:13:12.977088
lacharente,bd6t55085864f,,failed,0,0,,no_usable_pages,known,,,bd6t55085864f: no usable pages in manifest.,2026-07-17T17:13:13.071777
lacharente,bd6t55085865v,,failed,0,0,,no_usable_pages,known,,,bd6t55085865v: no usable pages in manifest.,2026-07-17T17:13:13.152093
lacharente,bd6t550858668,,failed,0,0,,no_usable_pages,known,,,bd6t550858668: no usable pages in manifest.,2026-07-17T17:13:13.263105
lacharente,bd6t55085867p,,failed,0,0,,no_usable_pages,known,,,bd6t55085867p: no usable pages in manifest.,2026-07-17T17:13:13.399541
lacharente,bd6t550858683,,failed,0,0,,no_usable_pages,known,,,bd6t550858683: no usable pages in manifest.,2026-07-17T17:13:13.517604
lacharente,bd6t55085869h,,failed,0,0,,no_usable_pages,known,,,bd6t55085869h: no usable pages in manifest.,2026-07-17T17:13:13.658752
lacharente,bd6t550858705,,failed,0,0,,no_usable_pages,known,,,bd6t550858705: no usable pages in manifest.,2026-07-17T17:13:13.743039
lacharente,bd6t55085871k,,failed,0,0,,no_usable_pages,known,,,bd6t55085871k: no usable pages in manifest.,2026-07-17T17:13:13.903929
lacharente,bd6t550858720,,failed,0,0,,no_usable_pages,known,,,bd6t550858720: no usable pages in manifest.,2026-07-17T17:13:14.037218
lacharente,bd6t55085873d,,failed,0,0,,no_usable_pages,known,,,bd6t55085873d: no usable pages in manifest.,2026-07-17T17:13:14.117458
lacharente,bd6t55085874t,,failed,0,0,,no_usable_pages,known,,,bd6t55085874t: no usable pages in manifest.,2026-07-17T17:13:14.205823
lacharente,bd6t550858757,,failed,0,0,,no_usable_pages,known,,,bd6t550858757: no usable pages in manifest.,2026-07-17T17:13:14.316137
lacharente,bd6t55085876n,,failed,0,0,,no_usable_pages,known,,,bd6t55085876n: no usable pages in manifest.,2026-07-17T17:13:14.439625
lacharente,bd6t550858772,,failed,0,0,,no_usable_pages,known,,,bd6t550858772: no usable pages in manifest.,2026-07-17T17:13:14.569912
lacharente,bd6t55085878g,,failed,0,0,,no_usable_pages,known,,,bd6t55085878g: no usable pages in manifest.,2026-07-17T17:13:14.682512
lacharente,bd6t55085879w,,failed,0,0,,no_usable_pages,known,,,bd6t55085879w: no usable pages in manifest.,2026-07-17T17:13:14.814687
lacharente,bd6t55085880j,,failed,0,0,,no_usable_pages,known,,,bd6t55085880j: no usable pages in manifest.,2026-07-17T17:13:14.993604
lacharente,bd6t55085881z,,failed,0,0,,no_usable_pages,known,,,bd6t55085881z: no usable pages in manifest.,2026-07-17T17:13:15.105820
lacharente,bd6t55085882c,,failed,0,0,,no_usable_pages,known,,,bd6t55085882c: no usable pages in manifest.,2026-07-17T17:13:15.215156
lacharente,bd6t55085883s,,failed,0,0,,no_usable_pages,known,,,bd6t55085883s: no usable pages in manifest.,2026-07-17T17:13:15.367776
lacharente,bd6t550858846,,failed,0,0,,no_usable_pages,known,,,bd6t550858846: no usable pages in manifest.,2026-07-17T17:13:15.456991
lacharente,bd6t55085885m,,failed,0,0,,no_usable_pages,known,,,bd6t55085885m: no usable pages in manifest.,2026-07-17T17:13:15.565535
lacharente,bd6t550858861,,failed,0,0,,no_usable_pages,known,,,bd6t550858861: no usable pages in manifest.,2026-07-17T17:13:15.668344
lacharente,bd6t55085887f,,failed,0,0,,no_usable_pages,known,,,bd6t55085887f: no usable pages in manifest.,2026-07-17T17:13:15.792316
lacharente,bd6t55085888v,,failed,0,0,,no_usable_pages,known,,,bd6t55085888v: no usable pages in manifest.,2026-07-17T17:13:15.912740
lacharente,bd6t550858898,,failed,0,0,,no_usable_pages,known,,,bd6t550858898: no usable pages in manifest.,2026-07-17T17:13:16.059335
lacharente,bd6t55085890x,,failed,0,0,,no_usable_pages,known,,,bd6t55085890x: no usable pages in manifest.,2026-07-17T17:13:16.313238
lacharente,bd6t55085891b,,failed,0,0,,no_usable_pages,known,,,bd6t55085891b: no usable pages in manifest.,2026-07-17T17:13:16.510434
lacharente,bd6t55085892r,,failed,0,0,,no_usable_pages,known,,,bd6t55085892r: no usable pages in manifest.,2026-07-17T17:13:16.708445
lacharente,bd6t550858935,,failed,0,0,,no_usable_pages,known,,,bd6t550858935: no usable pages in manifest.,2026-07-17T17:13:16.840693
lacharente,bd6t55085894k,,failed,0,0,,no_usable_pages,known,,,bd6t55085894k: no usable pages in manifest.,2026-07-17T17:13:16.935909
lacharente,bd6t550858950,,failed,0,0,,no_usable_pages,known,,,bd6t550858950: no usable pages in manifest.,2026-07-17T17:13:17.092299
lacharente,bd6t55085896d,,failed,0,0,,no_usable_pages,known,,,bd6t55085896d: no usable pages in manifest.,2026-07-17T17:13:17.278465
lacharente,bd6t55085897t,,failed,0,0,,no_usable_pages,known,,,bd6t55085897t: no usable pages in manifest.,2026-07-17T17:13:17.422338
lacharente,bd6t550858987,,failed,0,0,,no_usable_pages,known,,,bd6t550858987: no usable pages in manifest.,2026-07-17T17:13:17.515305
lacharente,bd6t55085899n,,failed,0,0,,no_usable_pages,known,,,bd6t55085899n: no usable pages in manifest.,2026-07-17T17:13:17.674698
lacharente,bd6t55085900v,,failed,0,0,,no_usable_pages,known,,,bd6t55085900v: no usable pages in manifest.,2026-07-17T17:13:17.781592
lacharente,bd6t550859018,,failed,0,0,,no_usable_pages,known,,,bd6t550859018: no usable pages in manifest.,2026-07-17T17:13:17.867221
lacharente,bd6t55085902p,,failed,0,0,,no_usable_pages,known,,,bd6t55085902p: no usable pages in manifest.,2026-07-17T17:13:17.971661
lacharente,bd6t550859033,,failed,0,0,,no_usable_pages,known,,,bd6t550859033: no usable pages in manifest.,2026-07-17T17:13:18.121421
lacharente,bd6t55085904h,,failed,0,0,,no_usable_pages,known,,,bd6t55085904h: no usable pages in manifest.,2026-07-17T17:13:18.250352
lacharente,bd6t55085905x,,failed,0,0,,no_usable_pages,known,,,bd6t55085905x: no usable pages in manifest.,2026-07-17T17:13:18.343762
lacharente,bd6t55085906b,,failed,0,0,,no_usable_pages,known,,,bd6t55085906b: no usable pages in manifest.,2026-07-17T17:13:18.478126
lacharente,bd6t550859085,,failed,0,0,,no_usable_pages,known,,,bd6t550859085: no usable pages in manifest.,2026-07-17T17:13:18.618214
lacharente,bd6t55085907r,,failed,0,0,,no_usable_pages,known,,,bd6t55085907r: no usable pages in manifest.,2026-07-17T17:13:18.734477
lacharente,bd6t55085909k,,failed,0,0,,no_usable_pages,known,,,bd6t55085909k: no usable pages in manifest.,2026-07-17T17:13:18.883352
lacharente,bd6t550859107,,failed,0,0,,no_usable_pages,known,,,bd6t550859107: no usable pages in manifest.,2026-07-17T17:13:18.975764
lacharente,bd6t55085911n,,failed,0,0,,no_usable_pages,known,,,bd6t55085911n: no usable pages in manifest.,2026-07-17T17:13:19.093970
lacharente,bd6t550859122,,failed,0,0,,no_usable_pages,known,,,bd6t550859122: no usable pages in manifest.,2026-07-17T17:13:19.359650
lacharente,bd6t55085913g,,failed,0,0,,no_usable_pages,known,,,bd6t55085913g: no usable pages in manifest.,2026-07-17T17:13:19.477639
lacharente,bd6t55085914w,,failed,0,0,,no_usable_pages,known,,,bd6t55085914w: no usable pages in manifest.,2026-07-17T17:13:19.590469
lacharente,bd6t550859159,,failed,0,0,,no_usable_pages,known,,,bd6t550859159: no usable pages in manifest.,2026-07-17T17:13:19.719462
lacharente,bd6t55085916q,,failed,0,0,,no_usable_pages,known,,,bd6t55085916q: no usable pages in manifest.,2026-07-17T17:13:19.818306
lacharente,bd6t550859174,,failed,0,0,,no_usable_pages,known,,,bd6t550859174: no usable pages in manifest.,2026-07-17T17:13:19.934106
lacharente,bd6t55085918j,,failed,0,0,,no_usable_pages,known,,,bd6t55085918j: no usable pages in manifest.,2026-07-17T17:13:20.014923
lacharente,bd6t55085919z,,failed,0,0,,no_usable_pages,known,,,bd6t55085919z: no usable pages in manifest.,2026-07-17T17:13:20.135893
lacharente,bd6t55085920m,,failed,0,0,,no_usable_pages,known,,,bd6t55085920m: no usable pages in manifest.,2026-07-17T17:13:20.247029
lacharente,bd6t550859211,,failed,0,0,,no_usable_pages,known,,,bd6t550859211: no usable pages in manifest.,2026-07-17T17:13:20.428044
lacharente,bd6t55085922f,,failed,0,0,,no_usable_pages,known,,,bd6t55085922f: no usable pages in manifest.,2026-07-17T17:13:20.543099
lacharente,bd6t55085923v,,failed,0,0,,no_usable_pages,known,,,bd6t55085923v: no usable pages in manifest.,2026-07-17T17:13:20.643971
lacharente,bd6t550859248,,failed,0,0,,no_usable_pages,known,,,bd6t550859248: no usable pages in manifest.,2026-07-17T17:13:20.937756
lacharente,bd6t55085925p,,failed,0,0,,no_usable_pages,known,,,bd6t55085925p: no usable pages in manifest.,2026-07-17T17:13:21.058480
lacharente,bd6t550859263,,failed,0,0,,no_usable_pages,known,,,bd6t550859263: no usable pages in manifest.,2026-07-17T17:13:21.149183
lacharente,bd6t55085927h,,failed,0,0,,no_usable_pages,known,,,bd6t55085927h: no usable pages in manifest.,2026-07-17T17:13:21.339048
lacharente,bd6t55085928x,,failed,0,0,,no_usable_pages,known,,,bd6t55085928x: no usable pages in manifest.,2026-07-17T17:13:21.680129
lacharente,bd6t55085929b,,failed,0,0,,no_usable_pages,known,,,bd6t55085929b: no usable pages in manifest.,2026-07-17T17:13:21.788145
lacharente,bd6t550859300,,failed,0,0,,no_usable_pages,known,,,bd6t550859300: no usable pages in manifest.,2026-07-17T17:13:21.937157
lacharente,bd6t55085931d,,failed,0,0,,no_usable_pages,known,,,bd6t55085931d: no usable pages in manifest.,2026-07-17T17:13:22.058491
lacharente,bd6t55085932t,,failed,0,0,,no_usable_pages,known,,,bd6t55085932t: no usable pages in manifest.,2026-07-17T17:13:22.183128
lacharente,bd6t550859337,,failed,0,0,,no_usable_pages,known,,,bd6t550859337: no usable pages in manifest.,2026-07-17T17:13:22.342245
lacharente,bd6t55085934n,,failed,0,0,,no_usable_pages,known,,,bd6t55085934n: no usable pages in manifest.,2026-07-17T17:13:22.468225
lacharente,bd6t550859352,,failed,0,0,,no_usable_pages,known,,,bd6t550859352: no usable pages in manifest.,2026-07-17T17:13:22.627459
lacharente,bd6t55085936g,,failed,0,0,,no_usable_pages,known,,,bd6t55085936g: no usable pages in manifest.,2026-07-17T17:13:22.747521
lacharente,bd6t55085937w,,failed,0,0,,no_usable_pages,known,,,bd6t55085937w: no usable pages in manifest.,2026-07-17T17:13:22.906580
lacharente,bd6t550859389,,failed,0,0,,no_usable_pages,known,,,bd6t550859389: no usable pages in manifest.,2026-07-17T17:13:23.009715
lacharente,bd6t55085939q,,failed,0,0,,no_usable_pages,known,,,bd6t55085939q: no usable pages in manifest.,2026-07-17T17:13:23.131504
lacharente,bd6t55085940c,,failed,0,0,,no_usable_pages,known,,,bd6t55085940c: no usable pages in manifest.,2026-07-17T17:13:23.198624
lacharente,bd6t55085941s,,failed,0,0,,no_usable_pages,known,,,bd6t55085941s: no usable pages in manifest.,2026-07-17T17:13:23.315643
lacharente,bd6t550859426,,failed,0,0,,no_usable_pages,known,,,bd6t550859426: no usable pages in manifest.,2026-07-17T17:13:23.405425
lacharente,bd6t55085943m,,failed,0,0,,no_usable_pages,known,,,bd6t55085943m: no usable pages in manifest.,2026-07-17T17:13:23.561477
lacharente,bd6t550859441,,failed,0,0,,no_usable_pages,known,,,bd6t550859441: no usable pages in manifest.,2026-07-17T17:13:23.727448
lacharente,bd6t55085945f,,failed,0,0,,no_usable_pages,known,,,bd6t55085945f: no usable pages in manifest.,2026-07-17T17:13:23.842236
lacharente,bd6t55085946v,,failed,0,0,,no_usable_pages,known,,,bd6t55085946v: no usable pages in manifest.,2026-07-17T17:13:24.007925
lacharente,bd6t550859478,,failed,0,0,,no_usable_pages,known,,,bd6t550859478: no usable pages in manifest.,2026-07-17T17:13:24.099554
lacharente,bd6t55085948p,,failed,0,0,,no_usable_pages,known,,,bd6t55085948p: no usable pages in manifest.,2026-07-17T17:13:24.212727
lacharente,bd6t550859493,,failed,0,0,,no_usable_pages,known,,,bd6t550859493: no usable pages in manifest.,2026-07-17T17:13:24.341799
lacharente,bd6t55085950r,,failed,0,0,,no_usable_pages,known,,,bd6t55085950r: no usable pages in manifest.,2026-07-17T17:13:24.467406
lacharente,bd6t550859515,,failed,0,0,,no_usable_pages,known,,,bd6t550859515: no usable pages in manifest.,2026-07-17T17:13:24.573282
lacharente,bd6t55085952k,,failed,0,0,,no_usable_pages,known,,,bd6t55085952k: no usable pages in manifest.,2026-07-17T17:13:24.744869
lacharente,bd6t550859530,,failed,0,0,,no_usable_pages,known,,,bd6t550859530: no usable pages in manifest.,2026-07-17T17:13:24.831524
lacharente,bd6t55085954d,,failed,0,0,,no_usable_pages,known,,,bd6t55085954d: no usable pages in manifest.,2026-07-17T17:13:24.957384
lacharente,bd6t55085955t,,failed,0,0,,no_usable_pages,known,,,bd6t55085955t: no usable pages in manifest.,2026-07-17T17:13:25.068627
lacharente,bd6t550859567,,failed,0,0,,no_usable_pages,known,,,bd6t550859567: no usable pages in manifest.,2026-07-17T17:13:25.179409
lacharente,bd6t55085957n,,failed,0,0,,no_usable_pages,known,,,bd6t55085957n: no usable pages in manifest.,2026-07-17T17:13:25.282163
lacharente,bd6t550859582,,failed,0,0,,no_usable_pages,known,,,bd6t550859582: no usable pages in manifest.,2026-07-17T17:13:25.376741
lacharente,bd6t55085959g,,failed,0,0,,no_usable_pages,known,,,bd6t55085959g: no usable pages in manifest.,2026-07-17T17:13:25.480456
lacharente,bd6t550859604,,failed,0,0,,no_usable_pages,known,,,bd6t550859604: no usable pages in manifest.,2026-07-17T17:13:25.715169
lacharente,bd6t55085961j,,failed,0,0,,no_usable_pages,known,,,bd6t55085961j: no usable pages in manifest.,2026-07-17T17:13:25.882743
lacharente,bd6t55085962z,,failed,0,0,,no_usable_pages,known,,,bd6t55085962z: no usable pages in manifest.,2026-07-17T17:13:26.154317
lacharente,bd6t55085963c,,failed,0,0,,no_usable_pages,known,,,bd6t55085963c: no usable pages in manifest.,2026-07-17T17:13:26.695301
lacharente,bd6t55085964s,,failed,0,0,,no_usable_pages,known,,,bd6t55085964s: no usable pages in manifest.,2026-07-17T17:13:26.810605
lacharente,bd6t550859656,,failed,0,0,,no_usable_pages,known,,,bd6t550859656: no usable pages in manifest.,2026-07-17T17:13:26.974732
lacharente,bd6t55085966m,,failed,0,0,,no_usable_pages,known,,,bd6t55085966m: no usable pages in manifest.,2026-07-17T17:13:27.068695
lacharente,bd6t550859671,,failed,0,0,,no_usable_pages,known,,,bd6t550859671: no usable pages in manifest.,2026-07-17T17:13:27.210429
lacharente,bd6t55085969v,,failed,0,0,,no_usable_pages,known,,,bd6t55085969v: no usable pages in manifest.,2026-07-17T17:13:27.351756
lacharente,bd6t55085971x,,failed,0,0,,no_usable_pages,known,,,bd6t55085971x: no usable pages in manifest.,2026-07-17T17:13:27.449503
lacharente,bd6t55085972b,,failed,0,0,,no_usable_pages,known,,,bd6t55085972b: no usable pages in manifest.,2026-07-17T17:13:27.573387
lacharente,bd6t55085973r,,failed,0,0,,no_usable_pages,known,,,bd6t55085973r: no usable pages in manifest.,2026-07-17T17:13:27.695613
lacharente,bd6t550859745,,failed,0,0,,no_usable_pages,known,,,bd6t550859745: no usable pages in manifest.,2026-07-17T17:13:27.804914
lacharente,bd6t55085975k,,failed,0,0,,no_usable_pages,known,,,bd6t55085975k: no usable pages in manifest.,2026-07-17T17:13:27.933141
lacharente,bd6t550859760,,failed,0,0,,no_usable_pages,known,,,bd6t550859760: no usable pages in manifest.,2026-07-17T17:13:28.093635
lacharente,bd6t55085977d,,failed,0,0,,no_usable_pages,known,,,bd6t55085977d: no usable pages in manifest.,2026-07-17T17:13:28.188921
lacharente,bd6t55085978t,,failed,0,0,,no_usable_pages,known,,,bd6t55085978t: no usable pages in manifest.,2026-07-17T17:13:28.285505
lacharente,bd6t550859797,,failed,0,0,,no_usable_pages,known,,,bd6t550859797: no usable pages in manifest.,2026-07-17T17:13:28.390835
lacharente,bd6t55085980w,,failed,0,0,,no_usable_pages,known,,,bd6t55085980w: no usable pages in manifest.,2026-07-17T17:13:28.488693
lacharente,bd6t550859819,,failed,0,0,,no_usable_pages,known,,,bd6t550859819: no usable pages in manifest.,2026-07-17T17:13:28.640696
lacharente,bd6t55085982q,,failed,0,0,,no_usable_pages,known,,,bd6t55085982q: no usable pages in manifest.,2026-07-17T17:13:28.719720
lacharente,bd6t550859834,,failed,0,0,,no_usable_pages,known,,,bd6t550859834: no usable pages in manifest.,2026-07-17T17:13:28.794969
lacharente,bd6t55085984j,,failed,0,0,,no_usable_pages,known,,,bd6t55085984j: no usable pages in manifest.,2026-07-17T17:13:29.131121
lacharente,bd6t55085985z,,failed,0,0,,no_usable_pages,known,,,bd6t55085985z: no usable pages in manifest.,2026-07-17T17:13:29.270932
lacharente,bd6t55085986c,,failed,0,0,,no_usable_pages,known,,,bd6t55085986c: no usable pages in manifest.,2026-07-17T17:13:29.390849
lacharente,bd6t55085987s,,failed,0,0,,no_usable_pages,known,,,bd6t55085987s: no usable pages in manifest.,2026-07-17T17:13:29.490531
lacharente,bd6t550859886,,failed,0,0,,no_usable_pages,known,,,bd6t550859886: no usable pages in manifest.,2026-07-17T17:13:29.605289
lacharente,bd6t55085989m,,failed,0,0,,no_usable_pages,known,,,bd6t55085989m: no usable pages in manifest.,2026-07-17T17:13:29.720260
lacharente,bd6t550859908,,failed,0,0,,no_usable_pages,known,,,bd6t550859908: no usable pages in manifest.,2026-07-17T17:13:29.842671
lacharente,bd6t55085991p,,failed,0,0,,no_usable_pages,known,,,bd6t55085991p: no usable pages in manifest.,2026-07-17T17:13:29.982604
lacharente,bd6t550859923,,failed,0,0,,no_usable_pages,known,,,bd6t550859923: no usable pages in manifest.,2026-07-17T17:13:30.149981
lacharente,bd6t55085993h,,failed,0,0,,no_usable_pages,known,,,bd6t55085993h: no usable pages in manifest.,2026-07-17T17:13:30.227743
lacharente,bd6t55085994x,,failed,0,0,,no_usable_pages,known,,,bd6t55085994x: no usable pages in manifest.,2026-07-17T17:13:30.337532
lacharente,bd6t55085995b,,failed,0,0,,no_usable_pages,known,,,bd6t55085995b: no usable pages in manifest.,2026-07-17T17:13:30.449207
lacharente,bd6t55085996r,,failed,0,0,,no_usable_pages,known,,,bd6t55085996r: no usable pages in manifest.,2026-07-17T17:13:30.549431
lacharente,bd6t550859975,,failed,0,0,,no_usable_pages,known,,,bd6t550859975: no usable pages in manifest.,2026-07-17T17:13:30.634403
lacharente,bd6t55085998k,,failed,0,0,,no_usable_pages,known,,,bd6t55085998k: no usable pages in manifest.,2026-07-17T17:13:30.816715
lacharente,bd6t550859990,,failed,0,0,,no_usable_pages,known,,,bd6t550859990: no usable pages in manifest.,2026-07-17T17:13:31.500938
lacharente,bd6t550860002,,failed,0,0,,no_usable_pages,known,,,bd6t550860002: no usable pages in manifest.,2026-07-17T17:13:31.625540
lacharente,bd6t55086001g,,failed,0,0,,no_usable_pages,known,,,bd6t55086001g: no usable pages in manifest.,2026-07-17T17:13:31.753475
lacharente,bd6t55086002w,,failed,0,0,,no_usable_pages,known,,,bd6t55086002w: no usable pages in manifest.,2026-07-17T17:13:31.870673
lacharente,bd6t550860039,,failed,0,0,,no_usable_pages,known,,,bd6t550860039: no usable pages in manifest.,2026-07-17T17:13:31.994585
lacharente,bd6t55086004q,,failed,0,0,,no_usable_pages,known,,,bd6t55086004q: no usable pages in manifest.,2026-07-17T17:13:32.101223
lacharente,bd6t550860054,,failed,0,0,,no_usable_pages,known,,,bd6t550860054: no usable pages in manifest.,2026-07-17T17:13:32.454853
lacharente,bd6t55086006j,,failed,0,0,,no_usable_pages,known,,,bd6t55086006j: no usable pages in manifest.,2026-07-17T17:13:32.627959
lacharente,bd6t55086007z,,failed,0,0,,no_usable_pages,known,,,bd6t55086007z: no usable pages in manifest.,2026-07-17T17:13:32.750483
lacharente,bd6t55086008c,,failed,0,0,,no_usable_pages,known,,,bd6t55086008c: no usable pages in manifest.,2026-07-17T17:13:32.885324
lacharente,bd6t55086009s,,failed,0,0,,no_usable_pages,known,,,bd6t55086009s: no usable pages in manifest.,2026-07-17T17:13:33.018881
lacharente,bd6t55086010f,,failed,0,0,,no_usable_pages,known,,,bd6t55086010f: no usable pages in manifest.,2026-07-17T17:13:33.155566
lacharente,bd6t55086011v,,failed,0,0,,no_usable_pages,known,,,bd6t55086011v: no usable pages in manifest.,2026-07-17T17:13:33.290731
lacharente,bd6t550860128,,failed,0,0,,no_usable_pages,known,,,bd6t550860128: no usable pages in manifest.,2026-07-17T17:13:33.412209
lacharente,bd6t55086013p,,failed,0,0,,no_usable_pages,known,,,bd6t55086013p: no usable pages in manifest.,2026-07-17T17:13:33.573832
lacharente,bd6t550860143,,failed,0,0,,no_usable_pages,known,,,bd6t550860143: no usable pages in manifest.,2026-07-17T17:13:33.847014
lacharente,bd6t55086015h,,failed,0,0,,no_usable_pages,known,,,bd6t55086015h: no usable pages in manifest.,2026-07-17T17:13:33.954588
lacharente,bd6t55086016x,,failed,0,0,,no_usable_pages,known,,,bd6t55086016x: no usable pages in manifest.,2026-07-17T17:13:34.080103
lacharente,bd6t55086017b,,failed,0,0,,no_usable_pages,known,,,bd6t55086017b: no usable pages in manifest.,2026-07-17T17:13:34.165875
lacharente,bd6t55086018r,,failed,0,0,,no_usable_pages,known,,,bd6t55086018r: no usable pages in manifest.,2026-07-17T17:13:34.271857
lacharente,bd6t550860195,,failed,0,0,,no_usable_pages,known,,,bd6t550860195: no usable pages in manifest.,2026-07-17T17:13:34.388956
lacharente,bd6t55086020t,,failed,0,0,,no_usable_pages,known,,,bd6t55086020t: no usable pages in manifest.,2026-07-17T17:13:34.516374
lacharente,bd6t550860217,,failed,0,0,,no_usable_pages,known,,,bd6t550860217: no usable pages in manifest.,2026-07-17T17:13:34.652298
lacharente,bd6t55086022n,,failed,0,0,,no_usable_pages,known,,,bd6t55086022n: no usable pages in manifest.,2026-07-17T17:13:34.839077
lacharente,bd6t550860232,,failed,0,0,,no_usable_pages,known,,,bd6t550860232: no usable pages in manifest.,2026-07-17T17:13:34.933208
lacharente,bd6t55086024g,,failed,0,0,,no_usable_pages,known,,,bd6t55086024g: no usable pages in manifest.,2026-07-17T17:13:35.104764
lacharente,bd6t55086025w,,failed,0,0,,no_usable_pages,known,,,bd6t55086025w: no usable pages in manifest.,2026-07-17T17:13:35.248248
lacharente,bd6t550860269,,failed,0,0,,no_usable_pages,known,,,bd6t550860269: no usable pages in manifest.,2026-07-17T17:13:35.371842
lacharente,bd6t55086027q,,failed,0,0,,no_usable_pages,known,,,bd6t55086027q: no usable pages in manifest.,2026-07-17T17:13:35.460379
lacharente,bd6t550860284,,failed,0,0,,no_usable_pages,known,,,bd6t550860284: no usable pages in manifest.,2026-07-17T17:13:35.554075
lacharente,bd6t55086029j,,failed,0,0,,no_usable_pages,known,,,bd6t55086029j: no usable pages in manifest.,2026-07-17T17:13:35.684080
lacharente,bd6t550860306,,failed,0,0,,no_usable_pages,known,,,bd6t550860306: no usable pages in manifest.,2026-07-17T17:13:35.827067
lacharente,bd6t55086031m,,failed,0,0,,no_usable_pages,known,,,bd6t55086031m: no usable pages in manifest.,2026-07-17T17:13:35.971358
lacharente,bd6t550860321,,failed,0,0,,no_usable_pages,known,,,bd6t550860321: no usable pages in manifest.,2026-07-17T17:13:36.062547
lacharente,bd6t55086033f,,failed,0,0,,no_usable_pages,known,,,bd6t55086033f: no usable pages in manifest.,2026-07-17T17:13:36.275552
lacharente,bd6t55086034v,,failed,0,0,,no_usable_pages,known,,,bd6t55086034v: no usable pages in manifest.,2026-07-17T17:13:36.466058
lacharente,bd6t550860358,,failed,0,0,,no_usable_pages,known,,,bd6t550860358: no usable pages in manifest.,2026-07-17T17:13:36.605742
lacharente,bd6t55086036p,,failed,0,0,,no_usable_pages,known,,,bd6t55086036p: no usable pages in manifest.,2026-07-17T17:13:36.761350
lacharente,bd6t550860373,,failed,0,0,,no_usable_pages,known,,,bd6t550860373: no usable pages in manifest.,2026-07-17T17:13:36.946344
lacharente,bd6t55086038h,,failed,0,0,,no_usable_pages,known,,,bd6t55086038h: no usable pages in manifest.,2026-07-17T17:13:37.060471
lacharente,bd6t55086039x,,failed,0,0,,no_usable_pages,known,,,bd6t55086039x: no usable pages in manifest.,2026-07-17T17:13:37.163464
lacharente,bd6t55086040k,,failed,0,0,,no_usable_pages,known,,,bd6t55086040k: no usable pages in manifest.,2026-07-17T17:13:37.273260
lacharente,bd6t550860410,,failed,0,0,,no_usable_pages,known,,,bd6t550860410: no usable pages in manifest.,2026-07-17T17:13:37.400258
lacharente,bd6t55086042d,,failed,0,0,,no_usable_pages,known,,,bd6t55086042d: no usable pages in manifest.,2026-07-17T17:13:37.559837
lacharente,bd6t55086043t,,failed,0,0,,no_usable_pages,known,,,bd6t55086043t: no usable pages in manifest.,2026-07-17T17:13:37.725364
lacharente,bd6t550860447,,failed,0,0,,no_usable_pages,known,,,bd6t550860447: no usable pages in manifest.,2026-07-17T17:13:37.870527
lacharente,bd6t55086045n,,failed,0,0,,no_usable_pages,known,,,bd6t55086045n: no usable pages in manifest.,2026-07-17T17:13:38.109817
lacharente,bd6t550860462,,failed,0,0,,no_usable_pages,known,,,bd6t550860462: no usable pages in manifest.,2026-07-17T17:13:38.254929
lacharente,bd6t55086047g,,failed,0,0,,no_usable_pages,known,,,bd6t55086047g: no usable pages in manifest.,2026-07-17T17:13:38.367381
lacharente,bd6t55086048w,,failed,0,0,,no_usable_pages,known,,,bd6t55086048w: no usable pages in manifest.,2026-07-17T17:13:38.510993
lacharente,bd6t550860499,,failed,0,0,,no_usable_pages,known,,,bd6t550860499: no usable pages in manifest.,2026-07-17T17:13:38.634428
lacharente,bd6t55086050z,,failed,0,0,,no_usable_pages,known,,,bd6t55086050z: no usable pages in manifest.,2026-07-17T17:13:38.767829
lacharente,bd6t55086051c,,failed,0,0,,no_usable_pages,known,,,bd6t55086051c: no usable pages in manifest.,2026-07-17T17:13:38.935662
lacharente,bd6t55086052s,,failed,0,0,,no_usable_pages,known,,,bd6t55086052s: no usable pages in manifest.,2026-07-17T17:13:39.166940
lacharente,bd6t550860536,,failed,0,0,,no_usable_pages,known,,,bd6t550860536: no usable pages in manifest.,2026-07-17T17:13:39.282057
lacharente,bd6t55086054m,,failed,0,0,,no_usable_pages,known,,,bd6t55086054m: no usable pages in manifest.,2026-07-17T17:13:39.388067
lacharente,bd6t550860551,,failed,0,0,,no_usable_pages,known,,,bd6t550860551: no usable pages in manifest.,2026-07-17T17:13:39.566064
lacharente,bd6t55086056f,,failed,0,0,,no_usable_pages,known,,,bd6t55086056f: no usable pages in manifest.,2026-07-17T17:13:39.718732
lacharente,bd6t55086057v,,failed,0,0,,no_usable_pages,known,,,bd6t55086057v: no usable pages in manifest.,2026-07-17T17:13:39.849413
lacharente,bd6t550860588,,failed,0,0,,no_usable_pages,known,,,bd6t550860588: no usable pages in manifest.,2026-07-17T17:13:39.962409
lacharente,bd6t55086059p,,failed,0,0,,no_usable_pages,known,,,bd6t55086059p: no usable pages in manifest.,2026-07-17T17:13:40.154243
lacharente,bd6t55086060b,,failed,0,0,,no_usable_pages,known,,,bd6t55086060b: no usable pages in manifest.,2026-07-17T17:13:40.327139
lacharente,bd6t55086061r,,failed,0,0,,no_usable_pages,known,,,bd6t55086061r: no usable pages in manifest.,2026-07-17T17:13:40.485517
lacharente,bd6t550860625,,failed,0,0,,no_usable_pages,known,,,bd6t550860625: no usable pages in manifest.,2026-07-17T17:13:40.605138
lacharente,bd6t55086063k,,failed,0,0,,no_usable_pages,known,,,bd6t55086063k: no usable pages in manifest.,2026-07-17T17:13:40.745897
lacharente,bd6t550860640,,failed,0,0,,no_usable_pages,known,,,bd6t550860640: no usable pages in manifest.,2026-07-17T17:13:40.852163
lacharente,bd6t55086065d,,failed,0,0,,no_usable_pages,known,,,bd6t55086065d: no usable pages in manifest.,2026-07-17T17:13:41.009068
lacharente,bd6t55086066t,,failed,0,0,,no_usable_pages,known,,,bd6t55086066t: no usable pages in manifest.,2026-07-17T17:13:41.402067
lacharente,bd6t550860677,,failed,0,0,,no_usable_pages,known,,,bd6t550860677: no usable pages in manifest.,2026-07-17T17:13:41.563625
lacharente,bd6t55086068n,,failed,0,0,,no_usable_pages,known,,,bd6t55086068n: no usable pages in manifest.,2026-07-17T17:13:41.713736
lacharente,bd6t550860692,,failed,0,0,,no_usable_pages,known,,,bd6t550860692: no usable pages in manifest.,2026-07-17T17:13:41.870073
lacharente,bd6t55086070q,,failed,0,0,,no_usable_pages,known,,,bd6t55086070q: no usable pages in manifest.,2026-07-17T17:13:42.003446
lacharente,bd6t550860714,,failed,0,0,,no_usable_pages,known,,,bd6t550860714: no usable pages in manifest.,2026-07-17T17:13:42.101363
lacharente,bd6t55086072j,,failed,0,0,,no_usable_pages,known,,,bd6t55086072j: no usable pages in manifest.,2026-07-17T17:13:42.276326
lacharente,bd6t55086073z,,failed,0,0,,no_usable_pages,known,,,bd6t55086073z: no usable pages in manifest.,2026-07-17T17:13:42.512415
lacharente,bd6t55086074c,,failed,0,0,,no_usable_pages,known,,,bd6t55086074c: no usable pages in manifest.,2026-07-17T17:13:42.617385
lacharente,bd6t55086075s,,failed,0,0,,no_usable_pages,known,,,bd6t55086075s: no usable pages in manifest.,2026-07-17T17:13:42.752057
lacharente,bd6t550860766,,failed,0,0,,no_usable_pages,known,,,bd6t550860766: no usable pages in manifest.,2026-07-17T17:13:42.863724
lacharente,bd6t55086077m,,failed,0,0,,no_usable_pages,known,,,bd6t55086077m: no usable pages in manifest.,2026-07-17T17:13:43.025855
lacharente,bd6t550860781,,failed,0,0,,no_usable_pages,known,,,bd6t550860781: no usable pages in manifest.,2026-07-17T17:13:43.132503
lacharente,bd6t55086079f,,failed,0,0,,no_usable_pages,known,,,bd6t55086079f: no usable pages in manifest.,2026-07-17T17:13:43.243978
lacharente,bd6t550860803,,failed,0,0,,no_usable_pages,known,,,bd6t550860803: no usable pages in manifest.,2026-07-17T17:13:43.378772
lacharente,bd6t55086081h,,failed,0,0,,no_usable_pages,known,,,bd6t55086081h: no usable pages in manifest.,2026-07-17T17:13:43.583537
lacharente,bd6t55086082x,,failed,0,0,,no_usable_pages,known,,,bd6t55086082x: no usable pages in manifest.,2026-07-17T17:13:43.733592
lacharente,bd6t55086083b,,failed,0,0,,no_usable_pages,known,,,bd6t55086083b: no usable pages in manifest.,2026-07-17T17:13:43.884150
lacharente,bd6t55086084r,,failed,0,0,,no_usable_pages,known,,,bd6t55086084r: no usable pages in manifest.,2026-07-17T17:13:44.017908
lacharente,bd6t550860855,,failed,0,0,,no_usable_pages,known,,,bd6t550860855: no usable pages in manifest.,2026-07-17T17:13:44.160234
lacharente,bd6t55086086k,,failed,0,0,,no_usable_pages,known,,,bd6t55086086k: no usable pages in manifest.,2026-07-17T17:13:44.257060
lacharente,bd6t550860870,,failed,0,0,,no_usable_pages,known,,,bd6t550860870: no usable pages in manifest.,2026-07-17T17:13:44.368779
lacharente,bd6t55086088d,,failed,0,0,,no_usable_pages,known,,,bd6t55086088d: no usable pages in manifest.,2026-07-17T17:13:44.584655
lacharente,bd6t55086089t,,failed,0,0,,no_usable_pages,known,,,bd6t55086089t: no usable pages in manifest.,2026-07-17T17:13:44.683541
lacharente,bd6t55086090g,,failed,0,0,,no_usable_pages,known,,,bd6t55086090g: no usable pages in manifest.,2026-07-17T17:13:44.821732
lacharente,bd6t55086091w,,failed,0,0,,no_usable_pages,known,,,bd6t55086091w: no usable pages in manifest.,2026-07-17T17:13:44.917814
lacharente,bd6t550860929,,failed,0,0,,no_usable_pages,known,,,bd6t550860929: no usable pages in manifest.,2026-07-17T17:13:45.084959
lacharente,bd6t55086093q,,failed,0,0,,no_usable_pages,known,,,bd6t55086093q: no usable pages in manifest.,2026-07-17T17:13:45.241893
lacharente,bd6t550860944,,failed,0,0,,no_usable_pages,known,,,bd6t550860944: no usable pages in manifest.,2026-07-17T17:13:45.357895
lacharente,bd6t55086095j,,failed,0,0,,no_usable_pages,known,,,bd6t55086095j: no usable pages in manifest.,2026-07-17T17:13:45.488480
lacharente,bd6t55086096z,,failed,0,0,,no_usable_pages,known,,,bd6t55086096z: no usable pages in manifest.,2026-07-17T17:13:45.685173
lacharente,bd6t55086097c,,failed,0,0,,no_usable_pages,known,,,bd6t55086097c: no usable pages in manifest.,2026-07-17T17:13:45.847543
lacharente,bd6t55086098s,,failed,0,0,,no_usable_pages,known,,,bd6t55086098s: no usable pages in manifest.,2026-07-17T17:13:46.041073
lacharente,bd6t550860996,,failed,0,0,,no_usable_pages,known,,,bd6t550860996: no usable pages in manifest.,2026-07-17T17:13:46.214085
lacharente,bd6t55086100d,,failed,0,0,,no_usable_pages,known,,,bd6t55086100d: no usable pages in manifest.,2026-07-17T17:13:46.344155
lacharente,bd6t55086101t,,failed,0,0,,no_usable_pages,known,,,bd6t55086101t: no usable pages in manifest.,2026-07-17T17:13:46.469304
lacharente,bd6t550861027,,failed,0,0,,no_usable_pages,known,,,bd6t550861027: no usable pages in manifest.,2026-07-17T17:13:46.603754
lacharente,bd6t55086103n,,failed,0,0,,no_usable_pages,known,,,bd6t55086103n: no usable pages in manifest.,2026-07-17T17:13:46.831981
lacharente,bd6t550861042,,failed,0,0,,no_usable_pages,known,,,bd6t550861042: no usable pages in manifest.,2026-07-17T17:13:46.942111
lacharente,bd6t55086105g,,failed,0,0,,no_usable_pages,known,,,bd6t55086105g: no usable pages in manifest.,2026-07-17T17:13:47.104188
lacharente,bd6t55086106w,,failed,0,0,,no_usable_pages,known,,,bd6t55086106w: no usable pages in manifest.,2026-07-17T17:13:47.264183
lacharente,bd6t550861079,,failed,0,0,,no_usable_pages,known,,,bd6t550861079: no usable pages in manifest.,2026-07-17T17:13:47.367564
lacharente,bd6t55086108q,,failed,0,0,,no_usable_pages,known,,,bd6t55086108q: no usable pages in manifest.,2026-07-17T17:13:47.476703
lacharente,bd6t550861094,,failed,0,0,,no_usable_pages,known,,,bd6t550861094: no usable pages in manifest.,2026-07-17T17:13:47.580189
lacharente,bd6t55086110s,,failed,0,0,,no_usable_pages,known,,,bd6t55086110s: no usable pages in manifest.,2026-07-17T17:13:47.727189
lacharente,bd6t550861116,,failed,0,0,,no_usable_pages,known,,,bd6t550861116: no usable pages in manifest.,2026-07-17T17:13:47.900725
lacharente,bd6t55086112m,,failed,0,0,,no_usable_pages,known,,,bd6t55086112m: no usable pages in manifest.,2026-07-17T17:13:48.081285
lacharente,bd6t550861131,,failed,0,0,,no_usable_pages,known,,,bd6t550861131: no usable pages in manifest.,2026-07-17T17:13:48.259690
lacharente,bd6t55086114f,,failed,0,0,,no_usable_pages,known,,,bd6t55086114f: no usable pages in manifest.,2026-07-17T17:13:48.397760
lacharente,bd6t55086115v,,failed,0,0,,no_usable_pages,known,,,bd6t55086115v: no usable pages in manifest.,2026-07-17T17:13:48.560512
lacharente,bd6t550861168,,failed,0,0,,no_usable_pages,known,,,bd6t550861168: no usable pages in manifest.,2026-07-17T17:13:48.715129
lacharente,bd6t55086117p,,failed,0,0,,no_usable_pages,known,,,bd6t55086117p: no usable pages in manifest.,2026-07-17T17:13:48.933318
lacharente,bd6t550861183,,failed,0,0,,no_usable_pages,known,,,bd6t550861183: no usable pages in manifest.,2026-07-17T17:13:49.036006
lacharente,bd6t55086119h,,failed,0,0,,no_usable_pages,known,,,bd6t55086119h: no usable pages in manifest.,2026-07-17T17:13:49.164919
lacharente,bd6t550861205,,failed,0,0,,no_usable_pages,known,,,bd6t550861205: no usable pages in manifest.,2026-07-17T17:13:49.287921
lacharente,bd6t55086121k,,failed,0,0,,no_usable_pages,known,,,bd6t55086121k: no usable pages in manifest.,2026-07-17T17:13:49.436250
lacharente,bd6t550861220,,failed,0,0,,no_usable_pages,known,,,bd6t550861220: no usable pages in manifest.,2026-07-17T17:13:49.612755
lacharente,bd6t55086123d,,failed,0,0,,no_usable_pages,known,,,bd6t55086123d: no usable pages in manifest.,2026-07-17T17:13:49.882050
lacharente,bd6t55086124t,,failed,0,0,,no_usable_pages,known,,,bd6t55086124t: no usable pages in manifest.,2026-07-17T17:13:50.149814
lacharente,bd6t550861257,,failed,0,0,,no_usable_pages,known,,,bd6t550861257: no usable pages in manifest.,2026-07-17T17:13:50.352311
lacharente,bd6t55086126n,,failed,0,0,,no_usable_pages,known,,,bd6t55086126n: no usable pages in manifest.,2026-07-17T17:13:50.523508
lacharente,bd6t550861272,,failed,0,0,,no_usable_pages,known,,,bd6t550861272: no usable pages in manifest.,2026-07-17T17:13:50.728119
lacharente,bd6t55086128g,,failed,0,0,,no_usable_pages,known,,,bd6t55086128g: no usable pages in manifest.,2026-07-17T17:13:51.264020
lacharente,bd6t55086129w,,failed,0,0,,no_usable_pages,known,,,bd6t55086129w: no usable pages in manifest.,2026-07-17T17:13:51.537135
lacharente,bd6t55086130j,,failed,0,0,,no_usable_pages,known,,,bd6t55086130j: no usable pages in manifest.,2026-07-17T17:13:51.664724
lacharente,bd6t55086131z,,failed,0,0,,no_usable_pages,known,,,bd6t55086131z: no usable pages in manifest.,2026-07-17T17:13:51.826306
lacharente,bd6t55086132c,,failed,0,0,,no_usable_pages,known,,,bd6t55086132c: no usable pages in manifest.,2026-07-17T17:13:51.933688
lacharente,bd6t55086133s,,failed,0,0,,no_usable_pages,known,,,bd6t55086133s: no usable pages in manifest.,2026-07-17T17:13:52.055400
lacharente,bd6t550861346,,failed,0,0,,no_usable_pages,known,,,bd6t550861346: no usable pages in manifest.,2026-07-17T17:13:52.209984
lacharente,bd6t55086135m,,failed,0,0,,no_usable_pages,known,,,bd6t55086135m: no usable pages in manifest.,2026-07-17T17:13:52.295029
lacharente,bd6t550861361,,failed,0,0,,no_usable_pages,known,,,bd6t550861361: no usable pages in manifest.,2026-07-17T17:13:52.378477
lacharente,bd6t55086137f,,failed,0,0,,no_usable_pages,known,,,bd6t55086137f: no usable pages in manifest.,2026-07-17T17:13:52.568682
lacharente,bd6t55086138v,,failed,0,0,,no_usable_pages,known,,,bd6t55086138v: no usable pages in manifest.,2026-07-17T17:13:52.662374
lacharente,bd6t550861398,,failed,0,0,,no_usable_pages,known,,,bd6t550861398: no usable pages in manifest.,2026-07-17T17:13:52.771411
lacharente,bd6t55086140x,,failed,0,0,,no_usable_pages,known,,,bd6t55086140x: no usable pages in manifest.,2026-07-17T17:13:52.902267
lacharente,bd6t55086141b,,failed,0,0,,no_usable_pages,known,,,bd6t55086141b: no usable pages in manifest.,2026-07-17T17:13:53.017817
lacharente,bd6t55086142r,,failed,0,0,,no_usable_pages,known,,,bd6t55086142r: no usable pages in manifest.,2026-07-17T17:13:53.136750
lacharente,bd6t550861435,,failed,0,0,,no_usable_pages,known,,,bd6t550861435: no usable pages in manifest.,2026-07-17T17:13:53.251209
lacharente,bd6t55086144k,,failed,0,0,,no_usable_pages,known,,,bd6t55086144k: no usable pages in manifest.,2026-07-17T17:13:53.416424
lacharente,bd6t550861450,,failed,0,0,,no_usable_pages,known,,,bd6t550861450: no usable pages in manifest.,2026-07-17T17:13:53.640105
lacharente,bd6t55086146d,,failed,0,0,,no_usable_pages,known,,,bd6t55086146d: no usable pages in manifest.,2026-07-17T17:13:53.766833
lacharente,bd6t55086147t,,failed,0,0,,no_usable_pages,known,,,bd6t55086147t: no usable pages in manifest.,2026-07-17T17:13:53.909575
lacharente,bd6t550861487,,failed,0,0,,no_usable_pages,known,,,bd6t550861487: no usable pages in manifest.,2026-07-17T17:13:54.077023
lacharente,bd6t55086149n,,failed,0,0,,no_usable_pages,known,,,bd6t55086149n: no usable pages in manifest.,2026-07-17T17:13:54.221593
lacharente,bd6t550861509,,failed,0,0,,no_usable_pages,known,,,bd6t550861509: no usable pages in manifest.,2026-07-17T17:13:54.356084
lacharente,bd6t55086151q,,failed,0,0,,no_usable_pages,known,,,bd6t55086151q: no usable pages in manifest.,2026-07-17T17:13:54.447995
lacharente,bd6t550861524,,failed,0,0,,no_usable_pages,known,,,bd6t550861524: no usable pages in manifest.,2026-07-17T17:13:54.623019
lacharente,bd6t55086153j,,failed,0,0,,no_usable_pages,known,,,bd6t55086153j: no usable pages in manifest.,2026-07-17T17:13:54.790996
lacharente,bd6t55086154z,,failed,0,0,,no_usable_pages,known,,,bd6t55086154z: no usable pages in manifest.,2026-07-17T17:13:54.914040
lacharente,bd6t55086155c,,failed,0,0,,no_usable_pages,known,,,bd6t55086155c: no usable pages in manifest.,2026-07-17T17:13:55.066199
lacharente,bd6t55086156s,,failed,0,0,,no_usable_pages,known,,,bd6t55086156s: no usable pages in manifest.,2026-07-17T17:13:55.234444
lacharente,bd6t550861576,,failed,0,0,,no_usable_pages,known,,,bd6t550861576: no usable pages in manifest.,2026-07-17T17:13:55.432241
lacharente,bd6t55086158m,,failed,0,0,,no_usable_pages,known,,,bd6t55086158m: no usable pages in manifest.,2026-07-17T17:13:55.580731
lacharente,bd6t550861591,,failed,0,0,,no_usable_pages,known,,,bd6t550861591: no usable pages in manifest.,2026-07-17T17:13:55.748651
lacharente,bd6t55086160p,,failed,0,0,,no_usable_pages,known,,,bd6t55086160p: no usable pages in manifest.,2026-07-17T17:13:56.518221
lacharente,bd6t550861613,,failed,0,0,,no_usable_pages,known,,,bd6t550861613: no usable pages in manifest.,2026-07-17T17:13:56.668706
lacharente,bd6t55086162h,,failed,0,0,,no_usable_pages,known,,,bd6t55086162h: no usable pages in manifest.,2026-07-17T17:13:56.834123
lacharente,bd6t55086163x,,failed,0,0,,no_usable_pages,known,,,bd6t55086163x: no usable pages in manifest.,2026-07-17T17:13:56.932575
lacharente,bd6t55086164b,,failed,0,0,,no_usable_pages,known,,,bd6t55086164b: no usable pages in manifest.,2026-07-17T17:13:57.052257
lacharente,bd6t55086165r,,failed,0,0,,no_usable_pages,known,,,bd6t55086165r: no usable pages in manifest.,2026-07-17T17:13:57.251299
lacharente,bd6t550861665,,failed,0,0,,no_usable_pages,known,,,bd6t550861665: no usable pages in manifest.,2026-07-17T17:13:57.348746
lacharente,bd6t55086167k,,failed,0,0,,no_usable_pages,known,,,bd6t55086167k: no usable pages in manifest.,2026-07-17T17:13:57.466451
lacharente,bd6t550861680,,failed,0,0,,no_usable_pages,known,,,bd6t550861680: no usable pages in manifest.,2026-07-17T17:13:57.596648
lacharente,bd6t55086169d,,failed,0,0,,no_usable_pages,known,,,bd6t55086169d: no usable pages in manifest.,2026-07-17T17:13:57.703498
lacharente,bd6t550861702,,failed,0,0,,no_usable_pages,known,,,bd6t550861702: no usable pages in manifest.,2026-07-17T17:13:57.863959
lacharente,bd6t55086171g,,failed,0,0,,no_usable_pages,known,,,bd6t55086171g: no usable pages in manifest.,2026-07-17T17:13:57.965612
lacharente,bd6t55086172w,,failed,0,0,,no_usable_pages,known,,,bd6t55086172w: no usable pages in manifest.,2026-07-17T17:13:58.095850
lacharente,bd6t550861739,,failed,0,0,,no_usable_pages,known,,,bd6t550861739: no usable pages in manifest.,2026-07-17T17:13:58.217235
lacharente,bd6t55086174q,,failed,0,0,,no_usable_pages,known,,,bd6t55086174q: no usable pages in manifest.,2026-07-17T17:13:58.414156
lacharente,bd6t550861754,,failed,0,0,,no_usable_pages,known,,,bd6t550861754: no usable pages in manifest.,2026-07-17T17:13:58.558567
lacharente,bd6t55086176j,,failed,0,0,,no_usable_pages,known,,,bd6t55086176j: no usable pages in manifest.,2026-07-17T17:13:58.673395
lacharente,bd6t55086177z,,failed,0,0,,no_usable_pages,known,,,bd6t55086177z: no usable pages in manifest.,2026-07-17T17:13:58.806808
lacharente,bd6t55086178c,,failed,0,0,,no_usable_pages,known,,,bd6t55086178c: no usable pages in manifest.,2026-07-17T17:13:58.962402
lacharente,bd6t55086179s,,failed,0,0,,no_usable_pages,known,,,bd6t55086179s: no usable pages in manifest.,2026-07-17T17:13:59.072412
lacharente,bd6t55086180f,,failed,0,0,,no_usable_pages,known,,,bd6t55086180f: no usable pages in manifest.,2026-07-17T17:13:59.271051
lacharente,bd6t55086181v,,failed,0,0,,no_usable_pages,known,,,bd6t55086181v: no usable pages in manifest.,2026-07-17T17:13:59.430188
lacharente,bd6t550861828,,failed,0,0,,no_usable_pages,known,,,bd6t550861828: no usable pages in manifest.,2026-07-17T17:13:59.561074
lacharente,bd6t55086183p,,failed,0,0,,no_usable_pages,known,,,bd6t55086183p: no usable pages in manifest.,2026-07-17T17:13:59.729936
lacharente,bd6t550861843,,failed,0,0,,no_usable_pages,known,,,bd6t550861843: no usable pages in manifest.,2026-07-17T17:13:59.822053
lacharente,bd6t55086185h,,failed,0,0,,no_usable_pages,known,,,bd6t55086185h: no usable pages in manifest.,2026-07-17T17:13:59.982486
lacharente,bd6t55086186x,,failed,0,0,,no_usable_pages,known,,,bd6t55086186x: no usable pages in manifest.,2026-07-17T17:14:00.094160
lacharente,bd6t55086187b,,failed,0,0,,no_usable_pages,known,,,bd6t55086187b: no usable pages in manifest.,2026-07-17T17:14:00.214489
lacharente,bd6t55086188r,,failed,0,0,,no_usable_pages,known,,,bd6t55086188r: no usable pages in manifest.,2026-07-17T17:14:00.339171
lacharente,bd6t550861895,,failed,0,0,,no_usable_pages,known,,,bd6t550861895: no usable pages in manifest.,2026-07-17T17:14:00.701978
lacharente,bd6t55086190t,,failed,0,0,,no_usable_pages,known,,,bd6t55086190t: no usable pages in manifest.,2026-07-17T17:14:00.865979
lacharente,bd6t550861917,,failed,0,0,,no_usable_pages,known,,,bd6t550861917: no usable pages in manifest.,2026-07-17T17:14:01.055862
lacharente,bd6t55086192n,,failed,0,0,,no_usable_pages,known,,,bd6t55086192n: no usable pages in manifest.,2026-07-17T17:14:01.187211
lacharente,bd6t550861932,,failed,0,0,,no_usable_pages,known,,,bd6t550861932: no usable pages in manifest.,2026-07-17T17:14:01.296097
lacharente,bd6t55086194g,,failed,0,0,,no_usable_pages,known,,,bd6t55086194g: no usable pages in manifest.,2026-07-17T17:14:01.410442
lacharente,bd6t55086195w,,failed,0,0,,no_usable_pages,known,,,bd6t55086195w: no usable pages in manifest.,2026-07-17T17:14:01.615414
lacharente,bd6t550861969,,failed,0,0,,no_usable_pages,known,,,bd6t550861969: no usable pages in manifest.,2026-07-17T17:14:01.733206
lacharente,bd6t55086197q,,failed,0,0,,no_usable_pages,known,,,bd6t55086197q: no usable pages in manifest.,2026-07-17T17:14:01.896693
lacharente,bd6t550861984,,failed,0,0,,no_usable_pages,known,,,bd6t550861984: no usable pages in manifest.,2026-07-17T17:14:02.000353
lacharente,bd6t55086199j,,failed,0,0,,no_usable_pages,known,,,bd6t55086199j: no usable pages in manifest.,2026-07-17T17:14:02.179846
lacharente,bd6t55086200r,,failed,0,0,,no_usable_pages,known,,,bd6t55086200r: no usable pages in manifest.,2026-07-17T17:14:02.296349
lacharente,bd6t550862015,,failed,0,0,,no_usable_pages,known,,,bd6t550862015: no usable pages in manifest.,2026-07-17T17:14:03.040170
lacharente,bd6t55086202k,,failed,0,0,,no_usable_pages,known,,,bd6t55086202k: no usable pages in manifest.,2026-07-17T17:14:03.227689
lacharente,bd6t550862030,,failed,0,0,,no_usable_pages,known,,,bd6t550862030: no usable pages in manifest.,2026-07-17T17:14:03.356802
lacharente,bd6t55086204d,,failed,0,0,,no_usable_pages,known,,,bd6t55086204d: no usable pages in manifest.,2026-07-17T17:14:03.500402
lacharente,bd6t55086205t,,failed,0,0,,no_usable_pages,known,,,bd6t55086205t: no usable pages in manifest.,2026-07-17T17:14:03.643676
lacharente,bd6t550862067,,failed,0,0,,no_usable_pages,known,,,bd6t550862067: no usable pages in manifest.,2026-07-17T17:14:03.746298
lacharente,bd6t55086207n,,failed,0,0,,no_usable_pages,known,,,bd6t55086207n: no usable pages in manifest.,2026-07-17T17:14:03.881334
lacharente,bd6t550862082,,failed,0,0,,no_usable_pages,known,,,bd6t550862082: no usable pages in manifest.,2026-07-17T17:14:04.011716
lacharente,bd6t55086209g,,failed,0,0,,no_usable_pages,known,,,bd6t55086209g: no usable pages in manifest.,2026-07-17T17:14:04.122064
lacharente,bd6t550862104,,failed,0,0,,no_usable_pages,known,,,bd6t550862104: no usable pages in manifest.,2026-07-17T17:14:04.387138
lacharente,bd6t55086211j,,failed,0,0,,no_usable_pages,known,,,bd6t55086211j: no usable pages in manifest.,2026-07-17T17:14:04.512990
lacharente,bd6t55086212z,,failed,0,0,,no_usable_pages,known,,,bd6t55086212z: no usable pages in manifest.,2026-07-17T17:14:04.648405
lacharente,bd6t55086213c,,failed,0,0,,no_usable_pages,known,,,bd6t55086213c: no usable pages in manifest.,2026-07-17T17:14:04.742652
lacharente,bd6t55086214s,,failed,0,0,,no_usable_pages,known,,,bd6t55086214s: no usable pages in manifest.,2026-07-17T17:14:04.843517
lacharente,bd6t550862156,,failed,0,0,,no_usable_pages,known,,,bd6t550862156: no usable pages in manifest.,2026-07-17T17:14:05.017300
lacharente,bd6t55086216m,,failed,0,0,,no_usable_pages,known,,,bd6t55086216m: no usable pages in manifest.,2026-07-17T17:14:05.144284
lacharente,bd6t550862171,,failed,0,0,,no_usable_pages,known,,,bd6t550862171: no usable pages in manifest.,2026-07-17T17:14:05.650408
lacharente,bd6t55086218f,,failed,0,0,,no_usable_pages,known,,,bd6t55086218f: no usable pages in manifest.,2026-07-17T17:14:05.795859
lacharente,bd6t55086219v,,failed,0,0,,no_usable_pages,known,,,bd6t55086219v: no usable pages in manifest.,2026-07-17T17:14:05.961639
lacharente,bd6t55086220h,,failed,0,0,,no_usable_pages,known,,,bd6t55086220h: no usable pages in manifest.,2026-07-17T17:14:06.101817
lacharente,bd6t55086221x,,failed,0,0,,no_usable_pages,known,,,bd6t55086221x: no usable pages in manifest.,2026-07-17T17:14:06.225605
lacharente,bd6t55086222b,,failed,0,0,,no_usable_pages,known,,,bd6t55086222b: no usable pages in manifest.,2026-07-17T17:14:06.421708
lacharente,bd6t55086223r,,failed,0,0,,no_usable_pages,known,,,bd6t55086223r: no usable pages in manifest.,2026-07-17T17:14:06.550652
lacharente,bd6t550862245,,failed,0,0,,no_usable_pages,known,,,bd6t550862245: no usable pages in manifest.,2026-07-17T17:14:06.690704
lacharente,bd6t55086225k,,failed,0,0,,no_usable_pages,known,,,bd6t55086225k: no usable pages in manifest.,2026-07-17T17:14:06.787948
lacharente,bd6t550862260,,failed,0,0,,no_usable_pages,known,,,bd6t550862260: no usable pages in manifest.,2026-07-17T17:14:06.922152
lacharente,bd6t55086227d,,failed,0,0,,no_usable_pages,known,,,bd6t55086227d: no usable pages in manifest.,2026-07-17T17:14:07.011751
lacharente,bd6t55086228t,,failed,0,0,,no_usable_pages,known,,,bd6t55086228t: no usable pages in manifest.,2026-07-17T17:14:07.114845
lacharente,bd6t550862297,,failed,0,0,,no_usable_pages,known,,,bd6t550862297: no usable pages in manifest.,2026-07-17T17:14:07.237696
lacharente,bd6t55086230w,,failed,0,0,,no_usable_pages,known,,,bd6t55086230w: no usable pages in manifest.,2026-07-17T17:14:07.358126
lacharente,bd6t550862319,,failed,0,0,,no_usable_pages,known,,,bd6t550862319: no usable pages in manifest.,2026-07-17T17:14:07.504990
lacharente,bd6t55086232q,,failed,0,0,,no_usable_pages,known,,,bd6t55086232q: no usable pages in manifest.,2026-07-17T17:14:07.639995
lacharente,bd6t550862334,,failed,0,0,,no_usable_pages,known,,,bd6t550862334: no usable pages in manifest.,2026-07-17T17:14:07.764531
lacharente,bd6t55086234j,,failed,0,0,,no_usable_pages,known,,,bd6t55086234j: no usable pages in manifest.,2026-07-17T17:14:07.866094
lacharente,bd6t55086235z,,failed,0,0,,no_usable_pages,known,,,bd6t55086235z: no usable pages in manifest.,2026-07-17T17:14:08.096617
lacharente,bd6t55086236c,,failed,0,0,,no_usable_pages,known,,,bd6t55086236c: no usable pages in manifest.,2026-07-17T17:14:08.273262
lacharente,bd6t55086237s,,failed,0,0,,no_usable_pages,known,,,bd6t55086237s: no usable pages in manifest.,2026-07-17T17:14:08.414296
lacharente,bd6t550862386,,failed,0,0,,no_usable_pages,known,,,bd6t550862386: no usable pages in manifest.,2026-07-17T17:14:08.596383
lacharente,bd6t55086239m,,failed,0,0,,no_usable_pages,known,,,bd6t55086239m: no usable pages in manifest.,2026-07-17T17:14:08.717267
lacharente,bd6t550862408,,failed,0,0,,no_usable_pages,known,,,bd6t550862408: no usable pages in manifest.,2026-07-17T17:14:08.851535
lacharente,bd6t55086241p,,failed,0,0,,no_usable_pages,known,,,bd6t55086241p: no usable pages in manifest.,2026-07-17T17:14:08.984154
lacharente,bd6t550862423,,failed,0,0,,no_usable_pages,known,,,bd6t550862423: no usable pages in manifest.,2026-07-17T17:14:09.128858
lacharente,bd6t55086243h,,failed,0,0,,no_usable_pages,known,,,bd6t55086243h: no usable pages in manifest.,2026-07-17T17:14:09.261620
lacharente,bd6t55086244x,,failed,0,0,,no_usable_pages,known,,,bd6t55086244x: no usable pages in manifest.,2026-07-17T17:14:09.380056
lacharente,bd6t55086245b,,failed,0,0,,no_usable_pages,known,,,bd6t55086245b: no usable pages in manifest.,2026-07-17T17:14:09.483632
lacharente,bd6t55086246r,,failed,0,0,,no_usable_pages,known,,,bd6t55086246r: no usable pages in manifest.,2026-07-17T17:14:09.669569
lacharente,bd6t550862475,,failed,0,0,,no_usable_pages,known,,,bd6t550862475: no usable pages in manifest.,2026-07-17T17:14:09.799333
lacharente,bd6t55086248k,,failed,0,0,,no_usable_pages,known,,,bd6t55086248k: no usable pages in manifest.,2026-07-17T17:14:09.960414
lacharente,bd6t550862490,,failed,0,0,,no_usable_pages,known,,,bd6t550862490: no usable pages in manifest.,2026-07-17T17:14:10.081930
lacharente,bd6t55086250n,,failed,0,0,,no_usable_pages,known,,,bd6t55086250n: no usable pages in manifest.,2026-07-17T17:14:10.611892
lacharente,bd6t550862512,,failed,0,0,,no_usable_pages,known,,,bd6t550862512: no usable pages in manifest.,2026-07-17T17:14:10.787437
lacharente,bd6t55086252g,,failed,0,0,,no_usable_pages,known,,,bd6t55086252g: no usable pages in manifest.,2026-07-17T17:14:10.917813
lacharente,bd6t55086253w,,failed,0,0,,no_usable_pages,known,,,bd6t55086253w: no usable pages in manifest.,2026-07-17T17:14:11.079332
lacharente,bd6t550862549,,failed,0,0,,no_usable_pages,known,,,bd6t550862549: no usable pages in manifest.,2026-07-17T17:14:11.181650
lacharente,bd6t55086255q,,failed,0,0,,no_usable_pages,known,,,bd6t55086255q: no usable pages in manifest.,2026-07-17T17:14:11.375934
lacharente,bd6t550862564,,failed,0,0,,no_usable_pages,known,,,bd6t550862564: no usable pages in manifest.,2026-07-17T17:14:11.486959
lacharente,bd6t55086257j,,failed,0,0,,no_usable_pages,known,,,bd6t55086257j: no usable pages in manifest.,2026-07-17T17:14:11.623504
lacharente,bd6t55086258z,,failed,0,0,,no_usable_pages,known,,,bd6t55086258z: no usable pages in manifest.,2026-07-17T17:14:11.814993
lacharente,bd6t55086259c,,failed,0,0,,no_usable_pages,known,,,bd6t55086259c: no usable pages in manifest.,2026-07-17T17:14:11.971115
lacharente,bd6t550862601,,failed,0,0,,no_usable_pages,known,,,bd6t550862601: no usable pages in manifest.,2026-07-17T17:14:12.150079
lacharente,bd6t55086261f,,failed,0,0,,no_usable_pages,known,,,bd6t55086261f: no usable pages in manifest.,2026-07-17T17:14:12.300576
lacharente,bd6t55086262v,,failed,0,0,,no_usable_pages,known,,,bd6t55086262v: no usable pages in manifest.,2026-07-17T17:14:12.462463
lacharente,bd6t550862638,,failed,0,0,,no_usable_pages,known,,,bd6t550862638: no usable pages in manifest.,2026-07-17T17:14:12.609242
lacharente,bd6t55086264p,,failed,0,0,,no_usable_pages,known,,,bd6t55086264p: no usable pages in manifest.,2026-07-17T17:14:12.738802
lacharente,bd6t550862653,,failed,0,0,,no_usable_pages,known,,,bd6t550862653: no usable pages in manifest.,2026-07-17T17:14:12.922873
lacharente,bd6t55086266h,,failed,0,0,,no_usable_pages,known,,,bd6t55086266h: no usable pages in manifest.,2026-07-17T17:14:13.019447
lacharente,bd6t55086267x,,failed,0,0,,no_usable_pages,known,,,bd6t55086267x: no usable pages in manifest.,2026-07-17T17:14:13.198190
lacharente,bd6t55086268b,,failed,0,0,,no_usable_pages,known,,,bd6t55086268b: no usable pages in manifest.,2026-07-17T17:14:13.343937
lacharente,bd6t55086269r,,failed,0,0,,no_usable_pages,known,,,bd6t55086269r: no usable pages in manifest.,2026-07-17T17:14:13.549032
lacharente,bd6t55086270d,,failed,0,0,,no_usable_pages,known,,,bd6t55086270d: no usable pages in manifest.,2026-07-17T17:14:13.679997
lacharente,bd6t55086271t,,failed,0,0,,no_usable_pages,known,,,bd6t55086271t: no usable pages in manifest.,2026-07-17T17:14:13.793744
lacharente,bd6t550862727,,failed,0,0,,no_usable_pages,known,,,bd6t550862727: no usable pages in manifest.,2026-07-17T17:14:14.050301
lacharente,bd6t55086273n,,failed,0,0,,no_usable_pages,known,,,bd6t55086273n: no usable pages in manifest.,2026-07-17T17:14:14.220418
lacharente,bd6t550862742,,failed,0,0,,no_usable_pages,known,,,bd6t550862742: no usable pages in manifest.,2026-07-17T17:14:14.345068
lacharente,bd6t55086275g,,failed,0,0,,no_usable_pages,known,,,bd6t55086275g: no usable pages in manifest.,2026-07-17T17:14:14.501344
lacharente,bd6t55086276w,,failed,0,0,,no_usable_pages,known,,,bd6t55086276w: no usable pages in manifest.,2026-07-17T17:14:14.642482
lacharente,bd6t550862779,,failed,0,0,,no_usable_pages,known,,,bd6t550862779: no usable pages in manifest.,2026-07-17T17:14:14.834023
lacharente,bd6t55086278q,,failed,0,0,,no_usable_pages,known,,,bd6t55086278q: no usable pages in manifest.,2026-07-17T17:14:15.065189
lacharente,bd6t550862794,,failed,0,0,,no_usable_pages,known,,,bd6t550862794: no usable pages in manifest.,2026-07-17T17:14:15.219931
lacharente,bd6t55086280s,,failed,0,0,,no_usable_pages,known,,,bd6t55086280s: no usable pages in manifest.,2026-07-17T17:14:15.972912
lacharente,bd6t550862816,,failed,0,0,,no_usable_pages,known,,,bd6t550862816: no usable pages in manifest.,2026-07-17T17:14:16.209672
lacharente,bd6t55086282m,,failed,0,0,,no_usable_pages,known,,,bd6t55086282m: no usable pages in manifest.,2026-07-17T17:14:16.341515
lacharente,bd6t550862831,,failed,0,0,,no_usable_pages,known,,,bd6t550862831: no usable pages in manifest.,2026-07-17T17:14:16.430496
lacharente,bd6t55086284f,,failed,0,0,,no_usable_pages,known,,,bd6t55086284f: no usable pages in manifest.,2026-07-17T17:14:16.652436
lacharente,bd6t55086285v,,failed,0,0,,no_usable_pages,known,,,bd6t55086285v: no usable pages in manifest.,2026-07-17T17:14:16.798834
lacharente,bd6t550862868,,failed,0,0,,no_usable_pages,known,,,bd6t550862868: no usable pages in manifest.,2026-07-17T17:14:16.918205
lacharente,bd6t55086287p,,failed,0,0,,no_usable_pages,known,,,bd6t55086287p: no usable pages in manifest.,2026-07-17T17:14:17.064308
lacharente,bd6t550862883,,failed,0,0,,no_usable_pages,known,,,bd6t550862883: no usable pages in manifest.,2026-07-17T17:14:17.244209
lacharente,bd6t55086289h,,failed,0,0,,no_usable_pages,known,,,bd6t55086289h: no usable pages in manifest.,2026-07-17T17:14:17.366646
lacharente,bd6t550862905,,failed,0,0,,no_usable_pages,known,,,bd6t550862905: no usable pages in manifest.,2026-07-17T17:14:17.470647
lacharente,bd6t55086291k,,failed,0,0,,no_usable_pages,known,,,bd6t55086291k: no usable pages in manifest.,2026-07-17T17:14:17.573894
lacharente,bd6t550862920,,failed,0,0,,no_usable_pages,known,,,bd6t550862920: no usable pages in manifest.,2026-07-17T17:14:17.722988
lacharente,bd6t55086293d,,failed,0,0,,no_usable_pages,known,,,bd6t55086293d: no usable pages in manifest.,2026-07-17T17:14:17.860319
lacharente,bd6t55086294t,,failed,0,0,,no_usable_pages,known,,,bd6t55086294t: no usable pages in manifest.,2026-07-17T17:14:17.981902
lacharente,bd6t550862957,,failed,0,0,,no_usable_pages,known,,,bd6t550862957: no usable pages in manifest.,2026-07-17T17:14:18.127530
lacharente,bd6t55086296n,,failed,0,0,,no_usable_pages,known,,,bd6t55086296n: no usable pages in manifest.,2026-07-17T17:14:18.310521
lacharente,bd6t550862972,,failed,0,0,,no_usable_pages,known,,,bd6t550862972: no usable pages in manifest.,2026-07-17T17:14:18.429054
lacharente,bd6t55086298g,,failed,0,0,,no_usable_pages,known,,,bd6t55086298g: no usable pages in manifest.,2026-07-17T17:14:18.626890
lacharente,bd6t55086299w,,failed,0,0,,no_usable_pages,known,,,bd6t55086299w: no usable pages in manifest.,2026-07-17T17:14:18.770245
lacharente,bd6t550863003,,failed,0,0,,no_usable_pages,known,,,bd6t550863003: no usable pages in manifest.,2026-07-17T17:14:18.910615
lacharente,bd6t55086301h,,failed,0,0,,no_usable_pages,known,,,bd6t55086301h: no usable pages in manifest.,2026-07-17T17:14:19.061731
lacharente,bd6t55086302x,,failed,0,0,,no_usable_pages,known,,,bd6t55086302x: no usable pages in manifest.,2026-07-17T17:14:19.378806
lacharente,bd6t55086303b,,failed,0,0,,no_usable_pages,known,,,bd6t55086303b: no usable pages in manifest.,2026-07-17T17:14:19.529862
lacharente,bd6t55086304r,,failed,0,0,,no_usable_pages,known,,,bd6t55086304r: no usable pages in manifest.,2026-07-17T17:14:19.666346
lacharente,bd6t550863055,,failed,0,0,,no_usable_pages,known,,,bd6t550863055: no usable pages in manifest.,2026-07-17T17:14:19.806708
lacharente,bd6t55086306k,,failed,0,0,,no_usable_pages,known,,,bd6t55086306k: no usable pages in manifest.,2026-07-17T17:14:19.933177
lacharente,bd6t550863070,,failed,0,0,,no_usable_pages,known,,,bd6t550863070: no usable pages in manifest.,2026-07-17T17:14:20.069618
lacharente,bd6t55086308d,,failed,0,0,,no_usable_pages,known,,,bd6t55086308d: no usable pages in manifest.,2026-07-17T17:14:20.210607
lacharente,bd6t55086309t,,failed,0,0,,no_usable_pages,known,,,bd6t55086309t: no usable pages in manifest.,2026-07-17T17:14:20.632028
lacharente,bd6t55086310g,,failed,0,0,,no_usable_pages,known,,,bd6t55086310g: no usable pages in manifest.,2026-07-17T17:14:20.850992
lacharente,bd6t55086311w,,failed,0,0,,no_usable_pages,known,,,bd6t55086311w: no usable pages in manifest.,2026-07-17T17:14:20.950419
lacharente,bd6t550863129,,failed,0,0,,no_usable_pages,known,,,bd6t550863129: no usable pages in manifest.,2026-07-17T17:14:21.057611
lacharente,bd6t55086313q,,failed,0,0,,no_usable_pages,known,,,bd6t55086313q: no usable pages in manifest.,2026-07-17T17:14:21.191100
lacharente,bd6t550863144,,failed,0,0,,no_usable_pages,known,,,bd6t550863144: no usable pages in manifest.,2026-07-17T17:14:21.300424
lacharente,bd6t55086315j,,failed,0,0,,no_usable_pages,known,,,bd6t55086315j: no usable pages in manifest.,2026-07-17T17:14:21.427416
lacharente,bd6t55086316z,,failed,0,0,,no_usable_pages,known,,,bd6t55086316z: no usable pages in manifest.,2026-07-17T17:14:21.596945
lacharente,bd6t55086317c,,failed,0,0,,no_usable_pages,known,,,bd6t55086317c: no usable pages in manifest.,2026-07-17T17:14:21.735997
lacharente,bd6t55086318s,,failed,0,0,,no_usable_pages,known,,,bd6t55086318s: no usable pages in manifest.,2026-07-17T17:14:21.911341
lacharente,bd6t550863196,,failed,0,0,,no_usable_pages,known,,,bd6t550863196: no usable pages in manifest.,2026-07-17T17:14:22.055909
lacharente,bd6t55086320v,,failed,0,0,,no_usable_pages,known,,,bd6t55086320v: no usable pages in manifest.,2026-07-17T17:14:22.149611
lacharente,bd6t550863218,,failed,0,0,,no_usable_pages,known,,,bd6t550863218: no usable pages in manifest.,2026-07-17T17:14:22.288435
lacharente,bd6t55086322p,,failed,0,0,,no_usable_pages,known,,,bd6t55086322p: no usable pages in manifest.,2026-07-17T17:14:22.449267
lacharente,bd6t550863233,,failed,0,0,,no_usable_pages,known,,,bd6t550863233: no usable pages in manifest.,2026-07-17T17:14:22.600507
lacharente,bd6t55086324h,,failed,0,0,,no_usable_pages,known,,,bd6t55086324h: no usable pages in manifest.,2026-07-17T17:14:22.792429
lacharente,bd6t55086325x,,failed,0,0,,no_usable_pages,known,,,bd6t55086325x: no usable pages in manifest.,2026-07-17T17:14:22.955049
lacharente,bd6t55086326b,,failed,0,0,,no_usable_pages,known,,,bd6t55086326b: no usable pages in manifest.,2026-07-17T17:14:23.073348
lacharente,bd6t55086327r,,failed,0,0,,no_usable_pages,known,,,bd6t55086327r: no usable pages in manifest.,2026-07-17T17:14:23.160596
lacharente,bd6t550863285,,failed,0,0,,no_usable_pages,known,,,bd6t550863285: no usable pages in manifest.,2026-07-17T17:14:23.340127
lacharente,bd6t55086329k,,failed,0,0,,no_usable_pages,known,,,bd6t55086329k: no usable pages in manifest.,2026-07-17T17:14:23.512086
lacharente,bd6t550863307,,failed,0,0,,no_usable_pages,known,,,bd6t550863307: no usable pages in manifest.,2026-07-17T17:14:23.606819
lacharente,bd6t55086331n,,failed,0,0,,no_usable_pages,known,,,bd6t55086331n: no usable pages in manifest.,2026-07-17T17:14:23.777951
lacharente,bd6t550863322,,failed,0,0,,no_usable_pages,known,,,bd6t550863322: no usable pages in manifest.,2026-07-17T17:14:23.897740
lacharente,bd6t55086333g,,failed,0,0,,no_usable_pages,known,,,bd6t55086333g: no usable pages in manifest.,2026-07-17T17:14:24.065444
lacharente,bd6t55086334w,,failed,0,0,,no_usable_pages,known,,,bd6t55086334w: no usable pages in manifest.,2026-07-17T17:14:24.162131
lacharente,bd6t550863359,,failed,0,0,,no_usable_pages,known,,,bd6t550863359: no usable pages in manifest.,2026-07-17T17:14:24.268697
lacharente,bd6t55086336q,,failed,0,0,,no_usable_pages,known,,,bd6t55086336q: no usable pages in manifest.,2026-07-17T17:14:24.417452
lacharente,bd6t550863374,,failed,0,0,,no_usable_pages,known,,,bd6t550863374: no usable pages in manifest.,2026-07-17T17:14:24.504636
lacharente,bd6t55086338j,,failed,0,0,,no_usable_pages,known,,,bd6t55086338j: no usable pages in manifest.,2026-07-17T17:14:24.742004
lacharente,bd6t55086339z,,failed,0,0,,no_usable_pages,known,,,bd6t55086339z: no usable pages in manifest.,2026-07-17T17:14:25.318609
lacharente,bd6t55086340m,,failed,0,0,,no_usable_pages,known,,,bd6t55086340m: no usable pages in manifest.,2026-07-17T17:14:25.489283
lacharente,bd6t550863411,,failed,0,0,,no_usable_pages,known,,,bd6t550863411: no usable pages in manifest.,2026-07-17T17:14:25.629073
lacharente,bd6t55086342f,,failed,0,0,,no_usable_pages,known,,,bd6t55086342f: no usable pages in manifest.,2026-07-17T17:14:25.815510
lacharente,bd6t55086343v,,failed,0,0,,no_usable_pages,known,,,bd6t55086343v: no usable pages in manifest.,2026-07-17T17:14:25.957463
lacharente,bd6t550863448,,failed,0,0,,no_usable_pages,known,,,bd6t550863448: no usable pages in manifest.,2026-07-17T17:14:26.086840
lacharente,bd6t55086345p,,failed,0,0,,no_usable_pages,known,,,bd6t55086345p: no usable pages in manifest.,2026-07-17T17:14:26.245115
lacharente,bd6t550863463,,failed,0,0,,no_usable_pages,known,,,bd6t550863463: no usable pages in manifest.,2026-07-17T17:14:26.408344
lacharente,bd6t55086347h,,failed,0,0,,no_usable_pages,known,,,bd6t55086347h: no usable pages in manifest.,2026-07-17T17:14:26.516901
lacharente,bd6t55086348x,,failed,0,0,,no_usable_pages,known,,,bd6t55086348x: no usable pages in manifest.,2026-07-17T17:14:26.672990
lacharente,bd6t55086349b,,failed,0,0,,no_usable_pages,known,,,bd6t55086349b: no usable pages in manifest.,2026-07-17T17:14:26.806603
lacharente,bd6t550863500,,failed,0,0,,no_usable_pages,known,,,bd6t550863500: no usable pages in manifest.,2026-07-17T17:14:26.935005
lacharente,bd6t55086351d,,failed,0,0,,no_usable_pages,known,,,bd6t55086351d: no usable pages in manifest.,2026-07-17T17:14:27.100374
lacharente,bd6t55086352t,,failed,0,0,,no_usable_pages,known,,,bd6t55086352t: no usable pages in manifest.,2026-07-17T17:14:27.238413
lacharente,bd6t550863537,,failed,0,0,,no_usable_pages,known,,,bd6t550863537: no usable pages in manifest.,2026-07-17T17:14:27.389945
lacharente,bd6t55086354n,,failed,0,0,,no_usable_pages,known,,,bd6t55086354n: no usable pages in manifest.,2026-07-17T17:14:27.508420
lacharente,bd6t550863552,,failed,0,0,,no_usable_pages,known,,,bd6t550863552: no usable pages in manifest.,2026-07-17T17:14:27.617656
lacharente,bd6t55086356g,,failed,0,0,,no_usable_pages,known,,,bd6t55086356g: no usable pages in manifest.,2026-07-17T17:14:27.728295
lacharente,bd6t55086357w,,failed,0,0,,no_usable_pages,known,,,bd6t55086357w: no usable pages in manifest.,2026-07-17T17:14:27.884687
lacharente,bd6t550863589,,failed,0,0,,no_usable_pages,known,,,bd6t550863589: no usable pages in manifest.,2026-07-17T17:14:28.044956
lacharente,bd6t55086359q,,failed,0,0,,no_usable_pages,known,,,bd6t55086359q: no usable pages in manifest.,2026-07-17T17:14:28.167159
lacharente,bd6t55086360c,,failed,0,0,,no_usable_pages,known,,,bd6t55086360c: no usable pages in manifest.,2026-07-17T17:14:28.263662
lacharente,bd6t55086361s,,failed,0,0,,no_usable_pages,known,,,bd6t55086361s: no usable pages in manifest.,2026-07-17T17:14:28.507506
lacharente,bd6t550863626,,failed,0,0,,no_usable_pages,known,,,bd6t550863626: no usable pages in manifest.,2026-07-17T17:14:28.689830
lacharente,bd6t55086363m,,failed,0,0,,no_usable_pages,known,,,bd6t55086363m: no usable pages in manifest.,2026-07-17T17:14:28.830034
lacharente,bd6t550863641,,failed,0,0,,no_usable_pages,known,,,bd6t550863641: no usable pages in manifest.,2026-07-17T17:14:29.028448
lacharente,bd6t55086365f,,failed,0,0,,no_usable_pages,known,,,bd6t55086365f: no usable pages in manifest.,2026-07-17T17:14:29.196939
lacharente,bd6t55086366v,,failed,0,0,,no_usable_pages,known,,,bd6t55086366v: no usable pages in manifest.,2026-07-17T17:14:29.332395
lacharente,bd6t550863678,,failed,0,0,,no_usable_pages,known,,,bd6t550863678: no usable pages in manifest.,2026-07-17T17:14:29.554621
lacharente,bd6t55086368p,,failed,0,0,,no_usable_pages,known,,,bd6t55086368p: no usable pages in manifest.,2026-07-17T17:14:29.724185
lacharente,bd6t550863693,,failed,0,0,,no_usable_pages,known,,,bd6t550863693: no usable pages in manifest.,2026-07-17T17:14:29.942462
lacharente,bd6t55086370r,,failed,0,0,,no_usable_pages,known,,,bd6t55086370r: no usable pages in manifest.,2026-07-17T17:14:30.566607
lacharente,bd6t550863715,,failed,0,0,,no_usable_pages,known,,,bd6t550863715: no usable pages in manifest.,2026-07-17T17:14:30.694302
lacharente,bd6t55086372k,,failed,0,0,,no_usable_pages,known,,,bd6t55086372k: no usable pages in manifest.,2026-07-17T17:14:30.805571
lacharente,bd6t550863730,,failed,0,0,,no_usable_pages,known,,,bd6t550863730: no usable pages in manifest.,2026-07-17T17:14:30.959508
lacharente,bd6t55086374d,,failed,0,0,,no_usable_pages,known,,,bd6t55086374d: no usable pages in manifest.,2026-07-17T17:14:31.088987
lacharente,bd6t550863767,,failed,0,0,,no_usable_pages,known,,,bd6t550863767: no usable pages in manifest.,2026-07-17T17:14:31.283864
lacharente,bd6t55086377n,,failed,0,0,,no_usable_pages,known,,,bd6t55086377n: no usable pages in manifest.,2026-07-17T17:14:31.408714
lacharente,bd6t550863782,,failed,0,0,,no_usable_pages,known,,,bd6t550863782: no usable pages in manifest.,2026-07-17T17:14:31.500677
lacharente,bd6t55086379g,,failed,0,0,,no_usable_pages,known,,,bd6t55086379g: no usable pages in manifest.,2026-07-17T17:14:31.714112
lacharente,bd6t550863804,,failed,0,0,,no_usable_pages,known,,,bd6t550863804: no usable pages in manifest.,2026-07-17T17:14:31.825645
lacharente,bd6t55086381j,,failed,0,0,,no_usable_pages,known,,,bd6t55086381j: no usable pages in manifest.,2026-07-17T17:14:31.958412
lacharente,bd6t55086382z,,failed,0,0,,no_usable_pages,known,,,bd6t55086382z: no usable pages in manifest.,2026-07-17T17:14:32.076284
lacharente,bd6t55086383c,,failed,0,0,,no_usable_pages,known,,,bd6t55086383c: no usable pages in manifest.,2026-07-17T17:14:32.219997
lacharente,bd6t55086384s,,failed,0,0,,no_usable_pages,known,,,bd6t55086384s: no usable pages in manifest.,2026-07-17T17:14:32.404822
lacharente,bd6t550863856,,failed,0,0,,no_usable_pages,known,,,bd6t550863856: no usable pages in manifest.,2026-07-17T17:14:32.586174
lacharente,bd6t55086386m,,failed,0,0,,no_usable_pages,known,,,bd6t55086386m: no usable pages in manifest.,2026-07-17T17:14:33.038972
lacharente,bd6t550863871,,failed,0,0,,no_usable_pages,known,,,bd6t550863871: no usable pages in manifest.,2026-07-17T17:14:33.203000
lacharente,bd6t55086388f,,failed,0,0,,no_usable_pages,known,,,bd6t55086388f: no usable pages in manifest.,2026-07-17T17:14:33.384434
lacharente,bd6t55086389v,,failed,0,0,,no_usable_pages,known,,,bd6t55086389v: no usable pages in manifest.,2026-07-17T17:14:33.514149
lacharente,bd6t55086390h,,failed,0,0,,no_usable_pages,known,,,bd6t55086390h: no usable pages in manifest.,2026-07-17T17:14:33.653443
lacharente,bd6t55086391x,,failed,0,0,,no_usable_pages,known,,,bd6t55086391x: no usable pages in manifest.,2026-07-17T17:14:33.924619
lacharente,bd6t55086392b,,failed,0,0,,no_usable_pages,known,,,bd6t55086392b: no usable pages in manifest.,2026-07-17T17:14:34.072340
lacharente,bd6t55086393r,,failed,0,0,,no_usable_pages,known,,,bd6t55086393r: no usable pages in manifest.,2026-07-17T17:14:34.247741
lacharente,bd6t550863945,,failed,0,0,,no_usable_pages,known,,,bd6t550863945: no usable pages in manifest.,2026-07-17T17:14:34.528820
lacharente,bd6t55086395k,,failed,0,0,,no_usable_pages,known,,,bd6t55086395k: no usable pages in manifest.,2026-07-17T17:14:34.887109
lacharente,bd6t550863960,,failed,0,0,,no_usable_pages,known,,,bd6t550863960: no usable pages in manifest.,2026-07-17T17:14:35.109704
lacharente,bd6t55086397d,,failed,0,0,,no_usable_pages,known,,,bd6t55086397d: no usable pages in manifest.,2026-07-17T17:14:35.251749
lacharente,bd6t55086398t,,failed,0,0,,no_usable_pages,known,,,bd6t55086398t: no usable pages in manifest.,2026-07-17T17:14:35.418226
lacharente,bd6t550863997,,failed,0,0,,no_usable_pages,known,,,bd6t550863997: no usable pages in manifest.,2026-07-17T17:14:35.560587
lacharente,bd6t55086400f,,failed,0,0,,no_usable_pages,known,,,bd6t55086400f: no usable pages in manifest.,2026-07-17T17:14:35.710854
lacharente,bd6t55086401v,,failed,0,0,,no_usable_pages,known,,,bd6t55086401v: no usable pages in manifest.,2026-07-17T17:14:35.926492
lacharente,bd6t550864028,,failed,0,0,,no_usable_pages,known,,,bd6t550864028: no usable pages in manifest.,2026-07-17T17:14:36.111447
lacharente,bd6t55086403p,,failed,0,0,,no_usable_pages,known,,,bd6t55086403p: no usable pages in manifest.,2026-07-17T17:14:36.229862
lacharente,bd6t550864043,,failed,0,0,,no_usable_pages,known,,,bd6t550864043: no usable pages in manifest.,2026-07-17T17:14:36.398747
lacharente,bd6t55086405h,,failed,0,0,,no_usable_pages,known,,,bd6t55086405h: no usable pages in manifest.,2026-07-17T17:14:36.570198
lacharente,bd6t55086406x,,failed,0,0,,no_usable_pages,known,,,bd6t55086406x: no usable pages in manifest.,2026-07-17T17:14:36.748872
lacharente,bd6t55086407b,,failed,0,0,,no_usable_pages,known,,,bd6t55086407b: no usable pages in manifest.,2026-07-17T17:14:36.935396
lacharente,bd6t55086408r,,failed,0,0,,no_usable_pages,known,,,bd6t55086408r: no usable pages in manifest.,2026-07-17T17:14:37.069371
lacharente,bd6t550864095,,failed,0,0,,no_usable_pages,known,,,bd6t550864095: no usable pages in manifest.,2026-07-17T17:14:37.255951
lacharente,bd6t55086410t,,failed,0,0,,no_usable_pages,known,,,bd6t55086410t: no usable pages in manifest.,2026-07-17T17:14:37.378381
lacharente,bd6t550864117,,failed,0,0,,no_usable_pages,known,,,bd6t550864117: no usable pages in manifest.,2026-07-17T17:14:37.517365
lacharente,bd6t55086412n,,failed,0,0,,no_usable_pages,known,,,bd6t55086412n: no usable pages in manifest.,2026-07-17T17:14:37.626130
lacharente,bd6t550864132,,failed,0,0,,no_usable_pages,known,,,bd6t550864132: no usable pages in manifest.,2026-07-17T17:14:37.763506
lacharente,bd6t55086414g,,failed,0,0,,no_usable_pages,known,,,bd6t55086414g: no usable pages in manifest.,2026-07-17T17:14:37.881931
lacharente,bd6t55086415w,,failed,0,0,,no_usable_pages,known,,,bd6t55086415w: no usable pages in manifest.,2026-07-17T17:14:38.104560
lacharente,bd6t550864169,,failed,0,0,,no_usable_pages,known,,,bd6t550864169: no usable pages in manifest.,2026-07-17T17:14:38.234562
lacharente,bd6t55086417q,,failed,0,0,,no_usable_pages,known,,,bd6t55086417q: no usable pages in manifest.,2026-07-17T17:14:38.386295
lacharente,bd6t550864184,,failed,0,0,,no_usable_pages,known,,,bd6t550864184: no usable pages in manifest.,2026-07-17T17:14:38.515485
lacharente,bd6t55086419j,,failed,0,0,,no_usable_pages,known,,,bd6t55086419j: no usable pages in manifest.,2026-07-17T17:14:38.649003
lacharente,bd6t550864206,,failed,0,0,,no_usable_pages,known,,,bd6t550864206: no usable pages in manifest.,2026-07-17T17:14:38.772942
lacharente,bd6t55086421m,,failed,0,0,,no_usable_pages,known,,,bd6t55086421m: no usable pages in manifest.,2026-07-17T17:14:38.910467
lacharente,bd6t550864221,,failed,0,0,,no_usable_pages,known,,,bd6t550864221: no usable pages in manifest.,2026-07-17T17:14:39.123217
lacharente,bd6t55086423f,,failed,0,0,,no_usable_pages,known,,,bd6t55086423f: no usable pages in manifest.,2026-07-17T17:14:39.332083
lacharente,bd6t55086424v,,failed,0,0,,no_usable_pages,known,,,bd6t55086424v: no usable pages in manifest.,2026-07-17T17:14:39.494215
lacharente,bd6t550864258,,failed,0,0,,no_usable_pages,known,,,bd6t550864258: no usable pages in manifest.,2026-07-17T17:14:39.789509
lacharente,bd6t55086375t,,failed,0,0,,no_usable_pages,known,,,bd6t55086375t: no usable pages in manifest.,2026-07-17T17:14:40.194051
lacharente,bd6t55086426p,,failed,0,0,,no_usable_pages,known,,,bd6t55086426p: no usable pages in manifest.,2026-07-17T17:14:40.340318
lacharente,bd6t550864273,,failed,0,0,,no_usable_pages,known,,,bd6t550864273: no usable pages in manifest.,2026-07-17T17:14:40.503155
lacharente,bd6t55086428h,,failed,0,0,,no_usable_pages,known,,,bd6t55086428h: no usable pages in manifest.,2026-07-17T17:14:40.681016
lacharente,bd6t55086429x,,failed,0,0,,no_usable_pages,known,,,bd6t55086429x: no usable pages in manifest.,2026-07-17T17:14:40.809762
lacharente,bd6t55086430k,,failed,0,0,,no_usable_pages,known,,,bd6t55086430k: no usable pages in manifest.,2026-07-17T17:14:40.926599
lacharente,bd6t550864310,,failed,0,0,,no_usable_pages,known,,,bd6t550864310: no usable pages in manifest.,2026-07-17T17:14:41.052479
lacharente,bd6t55086432d,,failed,0,0,,no_usable_pages,known,,,bd6t55086432d: no usable pages in manifest.,2026-07-17T17:14:41.223841
lacharente,bd6t55086433t,,failed,0,0,,no_usable_pages,known,,,bd6t55086433t: no usable pages in manifest.,2026-07-17T17:14:41.326175
lacharente,bd6t550864347,,failed,0,0,,no_usable_pages,known,,,bd6t550864347: no usable pages in manifest.,2026-07-17T17:14:41.444814
lacharente,bd6t55086435n,,failed,0,0,,no_usable_pages,known,,,bd6t55086435n: no usable pages in manifest.,2026-07-17T17:14:41.604688
lacharente,bd6t550864362,,failed,0,0,,no_usable_pages,known,,,bd6t550864362: no usable pages in manifest.,2026-07-17T17:14:41.740393
lacharente,bd6t55086437g,,failed,0,0,,no_usable_pages,known,,,bd6t55086437g: no usable pages in manifest.,2026-07-17T17:14:41.858457
lacharente,bd6t55086438w,,failed,0,0,,no_usable_pages,known,,,bd6t55086438w: no usable pages in manifest.,2026-07-17T17:14:42.000387
lacharente,bd6t550864399,,failed,0,0,,no_usable_pages,known,,,bd6t550864399: no usable pages in manifest.,2026-07-17T17:14:42.116741
lacharente,bd6t55086440z,,failed,0,0,,no_usable_pages,known,,,bd6t55086440z: no usable pages in manifest.,2026-07-17T17:14:42.333378
lacharente,bd6t55086441c,,failed,0,0,,no_usable_pages,known,,,bd6t55086441c: no usable pages in manifest.,2026-07-17T17:14:42.470943
lacharente,bd6t55086442s,,failed,0,0,,no_usable_pages,known,,,bd6t55086442s: no usable pages in manifest.,2026-07-17T17:14:42.638062
lacharente,bd6t550864436,,failed,0,0,,no_usable_pages,known,,,bd6t550864436: no usable pages in manifest.,2026-07-17T17:14:42.777413
lacharente,bd6t55086444m,,failed,0,0,,no_usable_pages,known,,,bd6t55086444m: no usable pages in manifest.,2026-07-17T17:14:42.897644
lacharente,bd6t550864451,,failed,0,0,,no_usable_pages,known,,,bd6t550864451: no usable pages in manifest.,2026-07-17T17:14:43.034575
lacharente,bd6t55086446f,,failed,0,0,,no_usable_pages,known,,,bd6t55086446f: no usable pages in manifest.,2026-07-17T17:14:43.182245
lacharente,bd6t55086447v,,failed,0,0,,no_usable_pages,known,,,bd6t55086447v: no usable pages in manifest.,2026-07-17T17:14:43.351263
lacharente,bd6t550864488,,failed,0,0,,no_usable_pages,known,,,bd6t550864488: no usable pages in manifest.,2026-07-17T17:14:43.514251
lacharente,bd6t55086449p,,failed,0,0,,no_usable_pages,known,,,bd6t55086449p: no usable pages in manifest.,2026-07-17T17:14:43.741822
lacharente,bd6t55086450b,,failed,0,0,,no_usable_pages,known,,,bd6t55086450b: no usable pages in manifest.,2026-07-17T17:14:43.912262
lacharente,bd6t55086451r,,failed,0,0,,no_usable_pages,known,,,bd6t55086451r: no usable pages in manifest.,2026-07-17T17:14:44.050942
lacharente,bd6t550864525,,failed,0,0,,no_usable_pages,known,,,bd6t550864525: no usable pages in manifest.,2026-07-17T17:14:44.250152
lacharente,bd6t55086453k,,failed,0,0,,no_usable_pages,known,,,bd6t55086453k: no usable pages in manifest.,2026-07-17T17:14:45.169665
lacharente,bd6t550864540,,failed,0,0,,no_usable_pages,known,,,bd6t550864540: no usable pages in manifest.,2026-07-17T17:14:45.315669
lacharente,bd6t55086455d,,failed,0,0,,no_usable_pages,known,,,bd6t55086455d: no usable pages in manifest.,2026-07-17T17:14:45.422415
lacharente,bd6t55086456t,,failed,0,0,,no_usable_pages,known,,,bd6t55086456t: no usable pages in manifest.,2026-07-17T17:14:45.509487
lacharente,bd6t550864577,,failed,0,0,,no_usable_pages,known,,,bd6t550864577: no usable pages in manifest.,2026-07-17T17:14:45.646359
lacharente,bd6t55086458n,,failed,0,0,,no_usable_pages,known,,,bd6t55086458n: no usable pages in manifest.,2026-07-17T17:14:45.861096
lacharente,bd6t550864592,,failed,0,0,,no_usable_pages,known,,,bd6t550864592: no usable pages in manifest.,2026-07-17T17:14:46.021112
lacharente,bd6t55086460q,,failed,0,0,,no_usable_pages,known,,,bd6t55086460q: no usable pages in manifest.,2026-07-17T17:14:46.127412
lacharente,bd6t550864614,,failed,0,0,,no_usable_pages,known,,,bd6t550864614: no usable pages in manifest.,2026-07-17T17:14:46.224069
lacharente,bd6t55086462j,,failed,0,0,,no_usable_pages,known,,,bd6t55086462j: no usable pages in manifest.,2026-07-17T17:14:46.333840
lacharente,bd6t55086463z,,failed,0,0,,no_usable_pages,known,,,bd6t55086463z: no usable pages in manifest.,2026-07-17T17:14:46.453812
lacharente,bd6t55086464c,,failed,0,0,,no_usable_pages,known,,,bd6t55086464c: no usable pages in manifest.,2026-07-17T17:14:46.582531
lacharente,bd6t55086465s,,failed,0,0,,no_usable_pages,known,,,bd6t55086465s: no usable pages in manifest.,2026-07-17T17:14:46.757087
lacharente,bd6t550864666,,failed,0,0,,no_usable_pages,known,,,bd6t550864666: no usable pages in manifest.,2026-07-17T17:14:46.986433
lacharente,bd6t55086467m,,failed,0,0,,no_usable_pages,known,,,bd6t55086467m: no usable pages in manifest.,2026-07-17T17:14:47.191692
lacharente,bd6t550864681,,failed,0,0,,no_usable_pages,known,,,bd6t550864681: no usable pages in manifest.,2026-07-17T17:14:47.319466
lacharente,bd6t55086469f,,failed,0,0,,no_usable_pages,known,,,bd6t55086469f: no usable pages in manifest.,2026-07-17T17:14:47.436601
lacharente,bd6t550864703,,failed,0,0,,no_usable_pages,known,,,bd6t550864703: no usable pages in manifest.,2026-07-17T17:14:47.566871
lacharente,bd6t55086471h,,failed,0,0,,no_usable_pages,known,,,bd6t55086471h: no usable pages in manifest.,2026-07-17T17:14:47.699666
lacharente,bd6t55086472x,,failed,0,0,,no_usable_pages,known,,,bd6t55086472x: no usable pages in manifest.,2026-07-17T17:14:47.811858
lacharente,bd6t55086473b,,failed,0,0,,no_usable_pages,known,,,bd6t55086473b: no usable pages in manifest.,2026-07-17T17:14:48.031668
lacharente,bd6t55086474r,,failed,0,0,,no_usable_pages,known,,,bd6t55086474r: no usable pages in manifest.,2026-07-17T17:14:48.214310
lacharente,bd6t550864755,,failed,0,0,,no_usable_pages,known,,,bd6t550864755: no usable pages in manifest.,2026-07-17T17:14:48.347203
lacharente,bd6t55086476k,,failed,0,0,,no_usable_pages,known,,,bd6t55086476k: no usable pages in manifest.,2026-07-17T17:14:48.453464
lacharente,bd6t550864770,,failed,0,0,,no_usable_pages,known,,,bd6t550864770: no usable pages in manifest.,2026-07-17T17:14:48.580284
lacharente,bd6t55086478d,,failed,0,0,,no_usable_pages,known,,,bd6t55086478d: no usable pages in manifest.,2026-07-17T17:14:48.688980
lacharente,bd6t55086479t,,failed,0,0,,no_usable_pages,known,,,bd6t55086479t: no usable pages in manifest.,2026-07-17T17:14:48.818724
lacharente,bd6t55086480g,,failed,0,0,,no_usable_pages,known,,,bd6t55086480g: no usable pages in manifest.,2026-07-17T17:14:49.019038
lacharente,bd6t55086481w,,failed,0,0,,no_usable_pages,known,,,bd6t55086481w: no usable pages in manifest.,2026-07-17T17:14:49.231522
lacharente,bd6t550864829,,failed,0,0,,no_usable_pages,known,,,bd6t550864829: no usable pages in manifest.,2026-07-17T17:14:49.428500
lacharente,bd6t55086483q,,failed,0,0,,no_usable_pages,known,,,bd6t55086483q: no usable pages in manifest.,2026-07-17T17:14:49.568873
lacharente,bd6t550864844,,failed,0,0,,no_usable_pages,known,,,bd6t550864844: no usable pages in manifest.,2026-07-17T17:14:49.691769
lacharente,bd6t55086485j,,failed,0,0,,no_usable_pages,known,,,bd6t55086485j: no usable pages in manifest.,2026-07-17T17:14:49.897570
lacharente,bd6t55086486z,,failed,0,0,,no_usable_pages,known,,,bd6t55086486z: no usable pages in manifest.,2026-07-17T17:14:50.471372
lacharente,bd6t55086487c,,failed,0,0,,no_usable_pages,known,,,bd6t55086487c: no usable pages in manifest.,2026-07-17T17:14:50.606662
lacharente,bd6t55086488s,,failed,0,0,,no_usable_pages,known,,,bd6t55086488s: no usable pages in manifest.,2026-07-17T17:14:50.732740
lacharente,bd6t550864896,,failed,0,0,,no_usable_pages,known,,,bd6t550864896: no usable pages in manifest.,2026-07-17T17:14:50.838259
lacharente,bd6t55086490v,,failed,0,0,,no_usable_pages,known,,,bd6t55086490v: no usable pages in manifest.,2026-07-17T17:14:50.960960
lacharente,bd6t550864918,,failed,0,0,,no_usable_pages,known,,,bd6t550864918: no usable pages in manifest.,2026-07-17T17:14:51.129909
lacharente,bd6t55086492p,,failed,0,0,,no_usable_pages,known,,,bd6t55086492p: no usable pages in manifest.,2026-07-17T17:14:51.250605
lacharente,bd6t550864933,,failed,0,0,,no_usable_pages,known,,,bd6t550864933: no usable pages in manifest.,2026-07-17T17:14:51.522088
lacharente,bd6t55086494h,,failed,0,0,,no_usable_pages,known,,,bd6t55086494h: no usable pages in manifest.,2026-07-17T17:14:51.626324
lacharente,bd6t55086495x,,failed,0,0,,no_usable_pages,known,,,bd6t55086495x: no usable pages in manifest.,2026-07-17T17:14:51.785081
lacharente,bd6t55086496b,,failed,0,0,,no_usable_pages,known,,,bd6t55086496b: no usable pages in manifest.,2026-07-17T17:14:51.877147
lacharente,bd6t55086505v,,failed,0,0,,no_usable_pages,known,,,bd6t55086505v: no usable pages in manifest.,2026-07-17T17:14:51.991766
lacharente,bd6t550865068,,failed,0,0,,no_usable_pages,known,,,bd6t550865068: no usable pages in manifest.,2026-07-17T17:14:52.223085
lacharente,bd6t55086507p,,failed,0,0,,no_usable_pages,known,,,bd6t55086507p: no usable pages in manifest.,2026-07-17T17:14:52.354192
lacharente,bd6t550865083,,failed,0,0,,no_usable_pages,known,,,bd6t550865083: no usable pages in manifest.,2026-07-17T17:14:52.459363
lacharente,bd6t55086509h,,failed,0,0,,no_usable_pages,known,,,bd6t55086509h: no usable pages in manifest.,2026-07-17T17:14:52.697381
lacharente,bd6t550865105,,failed,0,0,,no_usable_pages,known,,,bd6t550865105: no usable pages in manifest.,2026-07-17T17:14:52.822690
lacharente,bd6t55086511k,,failed,0,0,,no_usable_pages,known,,,bd6t55086511k: no usable pages in manifest.,2026-07-17T17:14:52.973140
lacharente,bd6t550865120,,failed,0,0,,no_usable_pages,known,,,bd6t550865120: no usable pages in manifest.,2026-07-17T17:14:53.130316
lacharente,bd6t55086513d,,failed,0,0,,no_usable_pages,known,,,bd6t55086513d: no usable pages in manifest.,2026-07-17T17:14:53.282629
lacharente,bd6t55086497r,,failed,0,0,,no_usable_pages,known,,,bd6t55086497r: no usable pages in manifest.,2026-07-17T17:14:53.505386
lacharente,bd6t550864985,,failed,0,0,,no_usable_pages,known,,,bd6t550864985: no usable pages in manifest.,2026-07-17T17:14:53.719427
lacharente,bd6t55086499k,,failed,0,0,,no_usable_pages,known,,,bd6t55086499k: no usable pages in manifest.,2026-07-17T17:14:53.827720
lacharente,bd6t55086500s,,failed,0,0,,no_usable_pages,known,,,bd6t55086500s: no usable pages in manifest.,2026-07-17T17:14:53.948111
lacharente,bd6t550865016,,failed,0,0,,no_usable_pages,known,,,bd6t550865016: no usable pages in manifest.,2026-07-17T17:14:54.123926
lacharente,bd6t55086502m,,failed,0,0,,no_usable_pages,known,,,bd6t55086502m: no usable pages in manifest.,2026-07-17T17:14:54.253418
lacharente,bd6t550865031,,failed,0,0,,no_usable_pages,known,,,bd6t550865031: no usable pages in manifest.,2026-07-17T17:14:54.360817
lacharente,bd6t55086504f,,failed,0,0,,no_usable_pages,known,,,bd6t55086504f: no usable pages in manifest.,2026-07-17T17:14:54.566180
lacharente,bd6t55086514t,,failed,0,0,,no_usable_pages,known,,,bd6t55086514t: no usable pages in manifest.,2026-07-17T17:14:54.853138
lacharente,bd6t550865157,,failed,0,0,,no_usable_pages,known,,,bd6t550865157: no usable pages in manifest.,2026-07-17T17:14:55.083523
lacharente,bd6t55086516n,,failed,0,0,,no_usable_pages,known,,,bd6t55086516n: no usable pages in manifest.,2026-07-17T17:14:55.592538
lacharente,bd6t550865172,,failed,0,0,,no_usable_pages,known,,,bd6t550865172: no usable pages in manifest.,2026-07-17T17:14:55.781151
lacharente,bd6t55086518g,,failed,0,0,,no_usable_pages,known,,,bd6t55086518g: no usable pages in manifest.,2026-07-17T17:14:55.897882
lacharente,bd6t55086519w,,failed,0,0,,no_usable_pages,known,,,bd6t55086519w: no usable pages in manifest.,2026-07-17T17:14:56.013763
lacharente,bd6t55086520j,,failed,0,0,,no_usable_pages,known,,,bd6t55086520j: no usable pages in manifest.,2026-07-17T17:14:56.140043
lacharente,bd6t55086521z,,failed,0,0,,no_usable_pages,known,,,bd6t55086521z: no usable pages in manifest.,2026-07-17T17:14:56.342089
lacharente,bd6t55086522c,,failed,0,0,,no_usable_pages,known,,,bd6t55086522c: no usable pages in manifest.,2026-07-17T17:14:56.509443
lacharente,bd6t55086523s,,failed,0,0,,no_usable_pages,known,,,bd6t55086523s: no usable pages in manifest.,2026-07-17T17:14:56.731024
lacharente,bd6t550865246,,failed,0,0,,no_usable_pages,known,,,bd6t550865246: no usable pages in manifest.,2026-07-17T17:14:56.973249
lacharente,bd6t55086525m,,failed,0,0,,no_usable_pages,known,,,bd6t55086525m: no usable pages in manifest.,2026-07-17T17:14:57.104938
lacharente,bd6t550865261,,failed,0,0,,no_usable_pages,known,,,bd6t550865261: no usable pages in manifest.,2026-07-17T17:14:57.276270
lacharente,bd6t55086527f,,failed,0,0,,no_usable_pages,known,,,bd6t55086527f: no usable pages in manifest.,2026-07-17T17:14:57.432959
lacharente,bd6t55086528v,,failed,0,0,,no_usable_pages,known,,,bd6t55086528v: no usable pages in manifest.,2026-07-17T17:14:57.583491
lacharente,bd6t550865298,,failed,0,0,,no_usable_pages,known,,,bd6t550865298: no usable pages in manifest.,2026-07-17T17:14:57.731475
lacharente,bd6t55086530x,,failed,0,0,,no_usable_pages,known,,,bd6t55086530x: no usable pages in manifest.,2026-07-17T17:14:57.834830
lacharente,bd6t55086531b,,failed,0,0,,no_usable_pages,known,,,bd6t55086531b: no usable pages in manifest.,2026-07-17T17:14:58.074171
lacharente,bd6t55086532r,,failed,0,0,,no_usable_pages,known,,,bd6t55086532r: no usable pages in manifest.,2026-07-17T17:14:58.239742
lacharente,bd6t550865335,,failed,0,0,,no_usable_pages,known,,,bd6t550865335: no usable pages in manifest.,2026-07-17T17:14:58.324986
lacharente,bd6t55086534k,,failed,0,0,,no_usable_pages,known,,,bd6t55086534k: no usable pages in manifest.,2026-07-17T17:14:58.451171
lacharente,bd6t550865350,,failed,0,0,,no_usable_pages,known,,,bd6t550865350: no usable pages in manifest.,2026-07-17T17:14:58.592140
lacharente,bd6t55086536d,,failed,0,0,,no_usable_pages,known,,,bd6t55086536d: no usable pages in manifest.,2026-07-17T17:14:58.736242
lacharente,bd6t55086537t,,failed,0,0,,no_usable_pages,known,,,bd6t55086537t: no usable pages in manifest.,2026-07-17T17:14:58.897571
lacharente,bd6t550865387,,failed,0,0,,no_usable_pages,known,,,bd6t550865387: no usable pages in manifest.,2026-07-17T17:14:59.101858
lacharente,bd6t550865409,,failed,0,0,,no_usable_pages,known,,,bd6t550865409: no usable pages in manifest.,2026-07-17T17:14:59.203955
lacharente,bd6t55086541q,,failed,0,0,,no_usable_pages,known,,,bd6t55086541q: no usable pages in manifest.,2026-07-17T17:14:59.370662
lacharente,bd6t55086539n,,failed,0,0,,no_usable_pages,known,,,bd6t55086539n: no usable pages in manifest.,2026-07-17T17:14:59.509007
lacharente,bd6t550865424,,failed,0,0,,no_usable_pages,known,,,bd6t550865424: no usable pages in manifest.,2026-07-17T17:14:59.656191
lacharente,bd6t55086543j,,failed,0,0,,no_usable_pages,known,,,bd6t55086543j: no usable pages in manifest.,2026-07-17T17:14:59.776400
lacharente,bd6t55086544z,,failed,0,0,,no_usable_pages,known,,,bd6t55086544z: no usable pages in manifest.,2026-07-17T17:14:59.881673
lacharente,bd6t55086546s,,failed,0,0,,no_usable_pages,known,,,bd6t55086546s: no usable pages in manifest.,2026-07-17T17:14:59.961090
lacharente,bd6t550865476,,failed,0,0,,no_usable_pages,known,,,bd6t550865476: no usable pages in manifest.,2026-07-17T17:15:00.435079
lacharente,bd6t55086548m,,failed,0,0,,no_usable_pages,known,,,bd6t55086548m: no usable pages in manifest.,2026-07-17T17:15:00.802911
lacharente,bd6t550865491,,failed,0,0,,no_usable_pages,known,,,bd6t550865491: no usable pages in manifest.,2026-07-17T17:15:00.945638
lacharente,bd6t55086550p,,failed,0,0,,no_usable_pages,known,,,bd6t55086550p: no usable pages in manifest.,2026-07-17T17:15:01.085248
lacharente,bd6t550865513,,failed,0,0,,no_usable_pages,known,,,bd6t550865513: no usable pages in manifest.,2026-07-17T17:15:01.260380
lacharente,bd6t55086552h,,failed,0,0,,no_usable_pages,known,,,bd6t55086552h: no usable pages in manifest.,2026-07-17T17:15:01.365627
lacharente,bd6t55086553x,,failed,0,0,,no_usable_pages,known,,,bd6t55086553x: no usable pages in manifest.,2026-07-17T17:15:01.511037
lacharente,bd6t55086554b,,failed,0,0,,no_usable_pages,known,,,bd6t55086554b: no usable pages in manifest.,2026-07-17T17:15:01.645489
lacharente,bd6t55086555r,,failed,0,0,,no_usable_pages,known,,,bd6t55086555r: no usable pages in manifest.,2026-07-17T17:15:01.752429
lacharente,bd6t550865565,,failed,0,0,,no_usable_pages,known,,,bd6t550865565: no usable pages in manifest.,2026-07-17T17:15:01.868106
lacharente,bd6t55086557k,,failed,0,0,,no_usable_pages,known,,,bd6t55086557k: no usable pages in manifest.,2026-07-17T17:15:01.994365
lacharente,bd6t550865580,,failed,0,0,,no_usable_pages,known,,,bd6t550865580: no usable pages in manifest.,2026-07-17T17:15:02.114171
lacharente,bd6t55086559d,,failed,0,0,,no_usable_pages,known,,,bd6t55086559d: no usable pages in manifest.,2026-07-17T17:15:02.293917
lacharente,bd6t550865602,,failed,0,0,,no_usable_pages,known,,,bd6t550865602: no usable pages in manifest.,2026-07-17T17:15:02.414025
lacharente,bd6t55086561g,,failed,0,0,,no_usable_pages,known,,,bd6t55086561g: no usable pages in manifest.,2026-07-17T17:15:02.505841
lacharente,bd6t55086562w,,failed,0,0,,no_usable_pages,known,,,bd6t55086562w: no usable pages in manifest.,2026-07-17T17:15:02.601441
lacharente,bd6t550865639,,failed,0,0,,no_usable_pages,known,,,bd6t550865639: no usable pages in manifest.,2026-07-17T17:15:02.703289
lacharente,bd6t55086564q,,failed,0,0,,no_usable_pages,known,,,bd6t55086564q: no usable pages in manifest.,2026-07-17T17:15:02.865341
lacharente,bd6t550865654,,failed,0,0,,no_usable_pages,known,,,bd6t550865654: no usable pages in manifest.,2026-07-17T17:15:03.031641
lacharente,bd6t55086566j,,failed,0,0,,no_usable_pages,known,,,bd6t55086566j: no usable pages in manifest.,2026-07-17T17:15:03.158072
lacharente,bd6t55086567z,,failed,0,0,,no_usable_pages,known,,,bd6t55086567z: no usable pages in manifest.,2026-07-17T17:15:03.393198
lacharente,bd6t55086568c,,failed,0,0,,no_usable_pages,known,,,bd6t55086568c: no usable pages in manifest.,2026-07-17T17:15:03.525631
lacharente,bd6t55086569s,,failed,0,0,,no_usable_pages,known,,,bd6t55086569s: no usable pages in manifest.,2026-07-17T17:15:03.633055
lacharente,bd6t55086570f,,failed,0,0,,no_usable_pages,known,,,bd6t55086570f: no usable pages in manifest.,2026-07-17T17:15:03.848259
lacharente,bd6t55086571v,,failed,0,0,,no_usable_pages,known,,,bd6t55086571v: no usable pages in manifest.,2026-07-17T17:15:03.969218
lacharente,bd6t550865728,,failed,0,0,,no_usable_pages,known,,,bd6t550865728: no usable pages in manifest.,2026-07-17T17:15:04.148037
lacharente,bd6t550865817,,failed,0,0,,no_usable_pages,known,,,bd6t550865817: no usable pages in manifest.,2026-07-17T17:15:04.305555
lacharente,bd6t55086573p,,failed,0,0,,no_usable_pages,known,,,bd6t55086573p: no usable pages in manifest.,2026-07-17T17:15:04.545942
lacharente,bd6t55086575h,,failed,0,0,,no_usable_pages,known,,,bd6t55086575h: no usable pages in manifest.,2026-07-17T17:15:04.718926
lacharente,bd6t55086576x,,failed,0,0,,no_usable_pages,known,,,bd6t55086576x: no usable pages in manifest.,2026-07-17T17:15:04.857197
lacharente,bd6t55086577b,,failed,0,0,,no_usable_pages,known,,,bd6t55086577b: no usable pages in manifest.,2026-07-17T17:15:05.039748
lacharente,bd6t550865743,,failed,0,0,,no_usable_pages,known,,,bd6t550865743: no usable pages in manifest.,2026-07-17T17:15:05.599855
lacharente,bd6t55086578r,,failed,0,0,,no_usable_pages,known,,,bd6t55086578r: no usable pages in manifest.,2026-07-17T17:15:05.804307
lacharente,bd6t550865795,,failed,0,0,,no_usable_pages,known,,,bd6t550865795: no usable pages in manifest.,2026-07-17T17:15:05.945403
lacharente,bd6t55086580t,,failed,0,0,,no_usable_pages,known,,,bd6t55086580t: no usable pages in manifest.,2026-07-17T17:15:06.120720
lacharente,bd6t55086582n,,failed,0,0,,no_usable_pages,known,,,bd6t55086582n: no usable pages in manifest.,2026-07-17T17:15:06.288036
lacharente,bd6t550865832,,failed,0,0,,no_usable_pages,known,,,bd6t550865832: no usable pages in manifest.,2026-07-17T17:15:06.477540
lacharente,bd6t55086584g,,failed,0,0,,no_usable_pages,known,,,bd6t55086584g: no usable pages in manifest.,2026-07-17T17:15:06.657131
lacharente,bd6t55086585w,,failed,0,0,,no_usable_pages,known,,,bd6t55086585w: no usable pages in manifest.,2026-07-17T17:15:06.949502
lacharente,bd6t550865869,,failed,0,0,,no_usable_pages,known,,,bd6t550865869: no usable pages in manifest.,2026-07-17T17:15:07.070771
lacharente,bd6t55086587q,,failed,0,0,,no_usable_pages,known,,,bd6t55086587q: no usable pages in manifest.,2026-07-17T17:15:07.203507
lacharente,bd6t550865884,,failed,0,0,,no_usable_pages,known,,,bd6t550865884: no usable pages in manifest.,2026-07-17T17:15:07.381704
lacharente,bd6t55086589j,,failed,0,0,,no_usable_pages,known,,,bd6t55086589j: no usable pages in manifest.,2026-07-17T17:15:07.461920
lacharente,bd6t550865906,,failed,0,0,,no_usable_pages,known,,,bd6t550865906: no usable pages in manifest.,2026-07-17T17:15:07.572163
lacharente,bd6t550865921,,failed,0,0,,no_usable_pages,known,,,bd6t550865921: no usable pages in manifest.,2026-07-17T17:15:07.691358
lacharente,bd6t55086594v,,failed,0,0,,no_usable_pages,known,,,bd6t55086594v: no usable pages in manifest.,2026-07-17T17:15:07.855948
lacharente,bd6t55086593f,,failed,0,0,,no_usable_pages,known,,,bd6t55086593f: no usable pages in manifest.,2026-07-17T17:15:07.936535
lacharente,bd6t55086591m,,failed,0,0,,no_usable_pages,known,,,bd6t55086591m: no usable pages in manifest.,2026-07-17T17:15:08.027896
lacharente,bd6t550865958,,failed,0,0,,no_usable_pages,known,,,bd6t550865958: no usable pages in manifest.,2026-07-17T17:15:08.146541
lacharente,bd6t55086596p,,failed,0,0,,no_usable_pages,known,,,bd6t55086596p: no usable pages in manifest.,2026-07-17T17:15:08.291386
lacharente,bd6t550865973,,failed,0,0,,no_usable_pages,known,,,bd6t550865973: no usable pages in manifest.,2026-07-17T17:15:08.446007
lacharente,bd6t55086598h,,failed,0,0,,no_usable_pages,known,,,bd6t55086598h: no usable pages in manifest.,2026-07-17T17:15:08.603052
lacharente,bd6t55086599x,,failed,0,0,,no_usable_pages,known,,,bd6t55086599x: no usable pages in manifest.,2026-07-17T17:15:08.710010
lacharente,bd6t550866004,,failed,0,0,,no_usable_pages,known,,,bd6t550866004: no usable pages in manifest.,2026-07-17T17:15:08.851609
lacharente,bd6t55086601j,,failed,0,0,,no_usable_pages,known,,,bd6t55086601j: no usable pages in manifest.,2026-07-17T17:15:09.053219
lacharente,bd6t55086602z,,failed,0,0,,no_usable_pages,known,,,bd6t55086602z: no usable pages in manifest.,2026-07-17T17:15:09.149034
lacharente,bd6t55086603c,,failed,0,0,,no_usable_pages,known,,,bd6t55086603c: no usable pages in manifest.,2026-07-17T17:15:09.322911
lacharente,bd6t55086604s,,failed,0,0,,no_usable_pages,known,,,bd6t55086604s: no usable pages in manifest.,2026-07-17T17:15:09.473104
lacharente,bd6t550866056,,failed,0,0,,no_usable_pages,known,,,bd6t550866056: no usable pages in manifest.,2026-07-17T17:15:09.614451
lacharente,bd6t55086606m,,failed,0,0,,no_usable_pages,known,,,bd6t55086606m: no usable pages in manifest.,2026-07-17T17:15:09.775876
lacharente,bd6t550866071,,failed,0,0,,no_usable_pages,known,,,bd6t550866071: no usable pages in manifest.,2026-07-17T17:15:09.937554
lacharente,bd6t55086608f,,failed,0,0,,no_usable_pages,known,,,bd6t55086608f: no usable pages in manifest.,2026-07-17T17:15:10.156232
lacharente,bd6t55086609v,,failed,0,0,,no_usable_pages,known,,,bd6t55086609v: no usable pages in manifest.,2026-07-17T17:15:10.315467
lacharente,bd6t55086610h,,failed,0,0,,no_usable_pages,known,,,bd6t55086610h: no usable pages in manifest.,2026-07-17T17:15:10.932807
lacharente,bd6t55086611x,,failed,0,0,,no_usable_pages,known,,,bd6t55086611x: no usable pages in manifest.,2026-07-17T17:15:11.424824
lacharente,bd6t55086612b,,failed,0,0,,no_usable_pages,known,,,bd6t55086612b: no usable pages in manifest.,2026-07-17T17:15:11.572337
lacharente,bd6t55086613r,,failed,0,0,,no_usable_pages,known,,,bd6t55086613r: no usable pages in manifest.,2026-07-17T17:15:11.706211
lacharente,bd6t550866145,,failed,0,0,,no_usable_pages,known,,,bd6t550866145: no usable pages in manifest.,2026-07-17T17:15:11.820458
lacharente,bd6t55086615k,,failed,0,0,,no_usable_pages,known,,,bd6t55086615k: no usable pages in manifest.,2026-07-17T17:15:11.943195
lacharente,bd6t550866160,,failed,0,0,,no_usable_pages,known,,,bd6t550866160: no usable pages in manifest.,2026-07-17T17:15:12.093395
lacharente,bd6t55086617d,,failed,0,0,,no_usable_pages,known,,,bd6t55086617d: no usable pages in manifest.,2026-07-17T17:15:12.228387
lacharente,bd6t55086618t,,failed,0,0,,no_usable_pages,known,,,bd6t55086618t: no usable pages in manifest.,2026-07-17T17:15:12.355945
lacharente,bd6t550866197,,failed,0,0,,no_usable_pages,known,,,bd6t550866197: no usable pages in manifest.,2026-07-17T17:15:12.555058
lacharente,bd6t55086620w,,failed,0,0,,no_usable_pages,known,,,bd6t55086620w: no usable pages in manifest.,2026-07-17T17:15:12.720982
lacharente,bd6t550866219,,failed,0,0,,no_usable_pages,known,,,bd6t550866219: no usable pages in manifest.,2026-07-17T17:15:12.803585
lacharente,bd6t55086622q,,failed,0,0,,no_usable_pages,known,,,bd6t55086622q: no usable pages in manifest.,2026-07-17T17:15:12.935531
lacharente,bd6t550866234,,failed,0,0,,no_usable_pages,known,,,bd6t550866234: no usable pages in manifest.,2026-07-17T17:15:13.085017
lacharente,bd6t55086624j,,failed,0,0,,no_usable_pages,known,,,bd6t55086624j: no usable pages in manifest.,2026-07-17T17:15:13.222398
lacharente,bd6t55086625z,,failed,0,0,,no_usable_pages,known,,,bd6t55086625z: no usable pages in manifest.,2026-07-17T17:15:13.387250
lacharente,bd6t55086626c,,failed,0,0,,no_usable_pages,known,,,bd6t55086626c: no usable pages in manifest.,2026-07-17T17:15:13.595548
lacharente,bd6t55086627s,,failed,0,0,,no_usable_pages,known,,,bd6t55086627s: no usable pages in manifest.,2026-07-17T17:15:13.744990
lacharente,bd6t550866286,,failed,0,0,,no_usable_pages,known,,,bd6t550866286: no usable pages in manifest.,2026-07-17T17:15:13.881579
lacharente,bd6t55086629m,,failed,0,0,,no_usable_pages,known,,,bd6t55086629m: no usable pages in manifest.,2026-07-17T17:15:14.005092
lacharente,bd6t550866308,,failed,0,0,,no_usable_pages,known,,,bd6t550866308: no usable pages in manifest.,2026-07-17T17:15:14.102630
lacharente,bd6t55086631p,,failed,0,0,,no_usable_pages,known,,,bd6t55086631p: no usable pages in manifest.,2026-07-17T17:15:14.264755
lacharente,bd6t550866323,,failed,0,0,,no_usable_pages,known,,,bd6t550866323: no usable pages in manifest.,2026-07-17T17:15:14.467911
lacharente,bd6t55086633h,,failed,0,0,,no_usable_pages,known,,,bd6t55086633h: no usable pages in manifest.,2026-07-17T17:15:14.682828
lacharente,bd6t55086634x,,failed,0,0,,no_usable_pages,known,,,bd6t55086634x: no usable pages in manifest.,2026-07-17T17:15:14.887247
lacharente,bd6t55086635b,,failed,0,0,,no_usable_pages,known,,,bd6t55086635b: no usable pages in manifest.,2026-07-17T17:15:15.089653
lacharente,bd6t55086636r,,failed,0,0,,no_usable_pages,known,,,bd6t55086636r: no usable pages in manifest.,2026-07-17T17:15:15.273677
lacharente,bd6t550866375,,failed,0,0,,no_usable_pages,known,,,bd6t550866375: no usable pages in manifest.,2026-07-17T17:15:15.363461
lacharente,bd6t55086638k,,failed,0,0,,no_usable_pages,known,,,bd6t55086638k: no usable pages in manifest.,2026-07-17T17:15:15.478647
lacharente,bd6t550866390,,failed,0,0,,no_usable_pages,known,,,bd6t550866390: no usable pages in manifest.,2026-07-17T17:15:15.675532
lacharente,bd6t55086640n,,failed,0,0,,no_usable_pages,known,,,bd6t55086640n: no usable pages in manifest.,2026-07-17T17:15:16.104886
lacharente,bd6t550866412,,failed,0,0,,no_usable_pages,known,,,bd6t550866412: no usable pages in manifest.,2026-07-17T17:15:16.236821
lacharente,bd6t55086642g,,failed,0,0,,no_usable_pages,known,,,bd6t55086642g: no usable pages in manifest.,2026-07-17T17:15:16.407460
lacharente,bd6t55086643w,,failed,0,0,,no_usable_pages,known,,,bd6t55086643w: no usable pages in manifest.,2026-07-17T17:15:16.608305
lacharente,bd6t550866449,,failed,0,0,,no_usable_pages,known,,,bd6t550866449: no usable pages in manifest.,2026-07-17T17:15:16.834821
lacharente,bd6t55086645q,,failed,0,0,,no_usable_pages,known,,,bd6t55086645q: no usable pages in manifest.,2026-07-17T17:15:17.082325
lacharente,bd6t550866464,,failed,0,0,,no_usable_pages,known,,,bd6t550866464: no usable pages in manifest.,2026-07-17T17:15:17.225080
lacharente,bd6t55086647j,,failed,0,0,,no_usable_pages,known,,,bd6t55086647j: no usable pages in manifest.,2026-07-17T17:15:17.405300
lacharente,bd6t55086648z,,failed,0,0,,no_usable_pages,known,,,bd6t55086648z: no usable pages in manifest.,2026-07-17T17:15:17.518061
lacharente,bd6t55086649c,,failed,0,0,,no_usable_pages,known,,,bd6t55086649c: no usable pages in manifest.,2026-07-17T17:15:17.675549
lacharente,bd6t550866501,,failed,0,0,,no_usable_pages,known,,,bd6t550866501: no usable pages in manifest.,2026-07-17T17:15:17.897913
lacharente,bd6t55086651f,,failed,0,0,,no_usable_pages,known,,,bd6t55086651f: no usable pages in manifest.,2026-07-17T17:15:18.036553
lacharente,bd6t55086652v,,failed,0,0,,no_usable_pages,known,,,bd6t55086652v: no usable pages in manifest.,2026-07-17T17:15:18.171514
lacharente,bd6t550866538,,failed,0,0,,no_usable_pages,known,,,bd6t550866538: no usable pages in manifest.,2026-07-17T17:15:18.323760
lacharente,bd6t55086654p,,failed,0,0,,no_usable_pages,known,,,bd6t55086654p: no usable pages in manifest.,2026-07-17T17:15:18.428205
lacharente,bd6t550866553,,failed,0,0,,no_usable_pages,known,,,bd6t550866553: no usable pages in manifest.,2026-07-17T17:15:18.551570
lacharente,bd6t55086656h,,failed,0,0,,no_usable_pages,known,,,bd6t55086656h: no usable pages in manifest.,2026-07-17T17:15:18.656437
lacharente,bd6t55086657x,,failed,0,0,,no_usable_pages,known,,,bd6t55086657x: no usable pages in manifest.,2026-07-17T17:15:18.795325
lacharente,bd6t55086658b,,failed,0,0,,no_usable_pages,known,,,bd6t55086658b: no usable pages in manifest.,2026-07-17T17:15:18.967608
lacharente,bd6t55086659r,,failed,0,0,,no_usable_pages,known,,,bd6t55086659r: no usable pages in manifest.,2026-07-17T17:15:19.115885
lacharente,bd6t55086660d,,failed,0,0,,no_usable_pages,known,,,bd6t55086660d: no usable pages in manifest.,2026-07-17T17:15:19.253059
lacharente,bd6t55086661t,,failed,0,0,,no_usable_pages,known,,,bd6t55086661t: no usable pages in manifest.,2026-07-17T17:15:19.402494
lacharente,bd6t550866627,,failed,0,0,,no_usable_pages,known,,,bd6t550866627: no usable pages in manifest.,2026-07-17T17:15:19.554948
lacharente,bd6t55086663n,,failed,0,0,,no_usable_pages,known,,,bd6t55086663n: no usable pages in manifest.,2026-07-17T17:15:19.730662
lacharente,bd6t550866642,,failed,0,0,,no_usable_pages,known,,,bd6t550866642: no usable pages in manifest.,2026-07-17T17:15:19.887718
lacharente,bd6t55086665g,,failed,0,0,,no_usable_pages,known,,,bd6t55086665g: no usable pages in manifest.,2026-07-17T17:15:20.132207
lacharente,bd6t55086666w,,failed,0,0,,no_usable_pages,known,,,bd6t55086666w: no usable pages in manifest.,2026-07-17T17:15:20.302227
lacharente,bd6t550866679,,failed,0,0,,no_usable_pages,known,,,bd6t550866679: no usable pages in manifest.,2026-07-17T17:15:20.419651
lacharente,bd6t55086668q,,failed,0,0,,no_usable_pages,known,,,bd6t55086668q: no usable pages in manifest.,2026-07-17T17:15:20.556972
lacharente,bd6t550866694,,failed,0,0,,no_usable_pages,known,,,bd6t550866694: no usable pages in manifest.,2026-07-17T17:15:20.756235
lacharente,bd6t55086670s,,failed,0,0,,no_usable_pages,known,,,bd6t55086670s: no usable pages in manifest.,2026-07-17T17:15:21.264011
lacharente,bd6t550866716,,failed,0,0,,no_usable_pages,known,,,bd6t550866716: no usable pages in manifest.,2026-07-17T17:15:21.420380
lacharente,bd6t550866731,,failed,0,0,,no_usable_pages,known,,,bd6t550866731: no usable pages in manifest.,2026-07-17T17:15:21.563489
lacharente,bd6t55086674f,,failed,0,0,,no_usable_pages,known,,,bd6t55086674f: no usable pages in manifest.,2026-07-17T17:15:21.722989
lacharente,bd6t55086675v,,failed,0,0,,no_usable_pages,known,,,bd6t55086675v: no usable pages in manifest.,2026-07-17T17:15:21.878847
lacharente,bd6t550866768,,failed,0,0,,no_usable_pages,known,,,bd6t550866768: no usable pages in manifest.,2026-07-17T17:15:22.015681
lacharente,bd6t55086677p,,failed,0,0,,no_usable_pages,known,,,bd6t55086677p: no usable pages in manifest.,2026-07-17T17:15:22.155863
lacharente,bd6t550866783,,failed,0,0,,no_usable_pages,known,,,bd6t550866783: no usable pages in manifest.,2026-07-17T17:15:22.384226
lacharente,bd6t55086679h,,failed,0,0,,no_usable_pages,known,,,bd6t55086679h: no usable pages in manifest.,2026-07-17T17:15:22.556345
lacharente,bd6t550866805,,failed,0,0,,no_usable_pages,known,,,bd6t550866805: no usable pages in manifest.,2026-07-17T17:15:22.679313
lacharente,bd6t55086681k,,failed,0,0,,no_usable_pages,known,,,bd6t55086681k: no usable pages in manifest.,2026-07-17T17:15:22.820477
lacharente,bd6t550866820,,failed,0,0,,no_usable_pages,known,,,bd6t550866820: no usable pages in manifest.,2026-07-17T17:15:22.981056
lacharente,bd6t55086683d,,failed,0,0,,no_usable_pages,known,,,bd6t55086683d: no usable pages in manifest.,2026-07-17T17:15:23.057442
lacharente,bd6t55086684t,,failed,0,0,,no_usable_pages,known,,,bd6t55086684t: no usable pages in manifest.,2026-07-17T17:15:23.207333
lacharente,bd6t550866857,,failed,0,0,,no_usable_pages,known,,,bd6t550866857: no usable pages in manifest.,2026-07-17T17:15:23.416942
lacharente,bd6t55086686n,,failed,0,0,,no_usable_pages,known,,,bd6t55086686n: no usable pages in manifest.,2026-07-17T17:15:23.512908
lacharente,bd6t550866872,,failed,0,0,,no_usable_pages,known,,,bd6t550866872: no usable pages in manifest.,2026-07-17T17:15:23.613767
lacharente,bd6t55086688g,,failed,0,0,,no_usable_pages,known,,,bd6t55086688g: no usable pages in manifest.,2026-07-17T17:15:23.756082
lacharente,bd6t55086689w,,failed,0,0,,no_usable_pages,known,,,bd6t55086689w: no usable pages in manifest.,2026-07-17T17:15:23.888630
lacharente,bd6t55086690j,,failed,0,0,,no_usable_pages,known,,,bd6t55086690j: no usable pages in manifest.,2026-07-17T17:15:24.001810
lacharente,bd6t55086691z,,failed,0,0,,no_usable_pages,known,,,bd6t55086691z: no usable pages in manifest.,2026-07-17T17:15:24.178454
lacharente,bd6t55086692c,,failed,0,0,,no_usable_pages,known,,,bd6t55086692c: no usable pages in manifest.,2026-07-17T17:15:24.368734
lacharente,bd6t55086693s,,failed,0,0,,no_usable_pages,known,,,bd6t55086693s: no usable pages in manifest.,2026-07-17T17:15:24.541636
lacharente,bd6t550866946,,failed,0,0,,no_usable_pages,known,,,bd6t550866946: no usable pages in manifest.,2026-07-17T17:15:24.730401
lacharente,bd6t55086695m,,failed,0,0,,no_usable_pages,known,,,bd6t55086695m: no usable pages in manifest.,2026-07-17T17:15:24.900379
lacharente,bd6t550866961,,failed,0,0,,no_usable_pages,known,,,bd6t550866961: no usable pages in manifest.,2026-07-17T17:15:25.051392
lacharente,bd6t55086697f,,failed,0,0,,no_usable_pages,known,,,bd6t55086697f: no usable pages in manifest.,2026-07-17T17:15:25.173333
lacharente,bd6t55086698v,,failed,0,0,,no_usable_pages,known,,,bd6t55086698v: no usable pages in manifest.,2026-07-17T17:15:25.355223
lacharente,bd6t550866998,,failed,0,0,,no_usable_pages,known,,,bd6t550866998: no usable pages in manifest.,2026-07-17T17:15:25.542854
lacharente,bd6t55086700g,,failed,0,0,,no_usable_pages,known,,,bd6t55086700g: no usable pages in manifest.,2026-07-17T17:15:25.662008
lacharente,bd6t55086701w,,failed,0,0,,no_usable_pages,known,,,bd6t55086701w: no usable pages in manifest.,2026-07-17T17:15:25.806341
lacharente,bd6t550867029,,failed,0,0,,no_usable_pages,known,,,bd6t550867029: no usable pages in manifest.,2026-07-17T17:15:26.064391
lacharente,bd6t55086703q,,failed,0,0,,no_usable_pages,known,,,bd6t55086703q: no usable pages in manifest.,2026-07-17T17:15:26.466727
lacharente,bd6t550867044,,failed,0,0,,no_usable_pages,known,,,bd6t550867044: no usable pages in manifest.,2026-07-17T17:15:26.692913
lacharente,bd6t55086705j,,failed,0,0,,no_usable_pages,known,,,bd6t55086705j: no usable pages in manifest.,2026-07-17T17:15:26.819576
lacharente,bd6t55086706z,,failed,0,0,,no_usable_pages,known,,,bd6t55086706z: no usable pages in manifest.,2026-07-17T17:15:26.957066
lacharente,bd6t55086707c,,failed,0,0,,no_usable_pages,known,,,bd6t55086707c: no usable pages in manifest.,2026-07-17T17:15:27.088613
lacharente,bd6t55086708s,,failed,0,0,,no_usable_pages,known,,,bd6t55086708s: no usable pages in manifest.,2026-07-17T17:15:27.213654
lacharente,bd6t550867096,,failed,0,0,,no_usable_pages,known,,,bd6t550867096: no usable pages in manifest.,2026-07-17T17:15:27.346617
lacharente,bd6t55086710v,,failed,0,0,,no_usable_pages,known,,,bd6t55086710v: no usable pages in manifest.,2026-07-17T17:15:27.512096
lacharente,bd6t550867118,,failed,0,0,,no_usable_pages,known,,,bd6t550867118: no usable pages in manifest.,2026-07-17T17:15:27.814587
lacharente,bd6t55086712p,,failed,0,0,,no_usable_pages,known,,,bd6t55086712p: no usable pages in manifest.,2026-07-17T17:15:27.997226
lacharente,bd6t550867133,,failed,0,0,,no_usable_pages,known,,,bd6t550867133: no usable pages in manifest.,2026-07-17T17:15:28.131994
lacharente,bd6t55086714h,,failed,0,0,,no_usable_pages,known,,,bd6t55086714h: no usable pages in manifest.,2026-07-17T17:15:28.213599
lacharente,bd6t55086715x,,failed,0,0,,no_usable_pages,known,,,bd6t55086715x: no usable pages in manifest.,2026-07-17T17:15:28.343474
lacharente,bd6t55086716b,,failed,0,0,,no_usable_pages,known,,,bd6t55086716b: no usable pages in manifest.,2026-07-17T17:15:28.489284
lacharente,bd6t55086717r,,failed,0,0,,no_usable_pages,known,,,bd6t55086717r: no usable pages in manifest.,2026-07-17T17:15:28.640226
lacharente,bd6t550867185,,failed,0,0,,no_usable_pages,known,,,bd6t550867185: no usable pages in manifest.,2026-07-17T17:15:28.867464
lacharente,bd6t55086719k,,failed,0,0,,no_usable_pages,known,,,bd6t55086719k: no usable pages in manifest.,2026-07-17T17:15:29.068691
lacharente,bd6t550867207,,failed,0,0,,no_usable_pages,known,,,bd6t550867207: no usable pages in manifest.,2026-07-17T17:15:29.242093
lacharente,bd6t55086721n,,failed,0,0,,no_usable_pages,known,,,bd6t55086721n: no usable pages in manifest.,2026-07-17T17:15:29.364362
lacharente,bd6t550867222,,failed,0,0,,no_usable_pages,known,,,bd6t550867222: no usable pages in manifest.,2026-07-17T17:15:29.512666
lacharente,bd6t55086723g,,failed,0,0,,no_usable_pages,known,,,bd6t55086723g: no usable pages in manifest.,2026-07-17T17:15:29.674225
lacharente,bd6t55086724w,,failed,0,0,,no_usable_pages,known,,,bd6t55086724w: no usable pages in manifest.,2026-07-17T17:15:29.930255
lacharente,bd6t550867259,,failed,0,0,,no_usable_pages,known,,,bd6t550867259: no usable pages in manifest.,2026-07-17T17:15:30.051611
lacharente,bd6t55086726q,,failed,0,0,,no_usable_pages,known,,,bd6t55086726q: no usable pages in manifest.,2026-07-17T17:15:30.173256
lacharente,bd6t550867274,,failed,0,0,,no_usable_pages,known,,,bd6t550867274: no usable pages in manifest.,2026-07-17T17:15:30.335730
lacharente,bd6t55086728j,,failed,0,0,,no_usable_pages,known,,,bd6t55086728j: no usable pages in manifest.,2026-07-17T17:15:30.501884
lacharente,bd6t55086729z,,failed,0,0,,no_usable_pages,known,,,bd6t55086729z: no usable pages in manifest.,2026-07-17T17:15:30.689034
lacharente,bd6t55086730m,,failed,0,0,,no_usable_pages,known,,,bd6t55086730m: no usable pages in manifest.,2026-07-17T17:15:31.129508
lacharente,bd6t550867311,,failed,0,0,,no_usable_pages,known,,,bd6t550867311: no usable pages in manifest.,2026-07-17T17:15:31.262580
lacharente,bd6t55086732f,,failed,0,0,,no_usable_pages,known,,,bd6t55086732f: no usable pages in manifest.,2026-07-17T17:15:31.368109
lacharente,bd6t55086733v,,failed,0,0,,no_usable_pages,known,,,bd6t55086733v: no usable pages in manifest.,2026-07-17T17:15:31.476715
lacharente,bd6t550867348,,failed,0,0,,no_usable_pages,known,,,bd6t550867348: no usable pages in manifest.,2026-07-17T17:15:31.591247
lacharente,bd6t55086735p,,failed,0,0,,no_usable_pages,known,,,bd6t55086735p: no usable pages in manifest.,2026-07-17T17:15:31.766659
lacharente,bd6t550867363,,failed,0,0,,no_usable_pages,known,,,bd6t550867363: no usable pages in manifest.,2026-07-17T17:15:31.887397
lacharente,bd6t55086737h,,failed,0,0,,no_usable_pages,known,,,bd6t55086737h: no usable pages in manifest.,2026-07-17T17:15:32.077707
lacharente,bd6t55086738x,,failed,0,0,,no_usable_pages,known,,,bd6t55086738x: no usable pages in manifest.,2026-07-17T17:15:32.248408
lacharente,bd6t55086739b,,failed,0,0,,no_usable_pages,known,,,bd6t55086739b: no usable pages in manifest.,2026-07-17T17:15:32.388218
lacharente,bd6t550867400,,failed,0,0,,no_usable_pages,known,,,bd6t550867400: no usable pages in manifest.,2026-07-17T17:15:32.530188
lacharente,bd6t55086741d,,failed,0,0,,no_usable_pages,known,,,bd6t55086741d: no usable pages in manifest.,2026-07-17T17:15:32.647598
lacharente,bd6t55086742t,,failed,0,0,,no_usable_pages,known,,,bd6t55086742t: no usable pages in manifest.,2026-07-17T17:15:32.749247
lacharente,bd6t550867437,,failed,0,0,,no_usable_pages,known,,,bd6t550867437: no usable pages in manifest.,2026-07-17T17:15:32.869849
lacharente,bd6t55086545c,,failed,0,0,,no_usable_pages,known,,,bd6t55086545c: no usable pages in manifest.,2026-07-17T17:15:33.005385
lacharente,bd6t55086744n,,failed,0,0,,no_usable_pages,known,,,bd6t55086744n: no usable pages in manifest.,2026-07-17T17:15:33.188875
lacharente,bd6t550867452,,failed,0,0,,no_usable_pages,known,,,bd6t550867452: no usable pages in manifest.,2026-07-17T17:15:33.415378
lacharente,bd6t55086746g,,failed,0,0,,no_usable_pages,known,,,bd6t55086746g: no usable pages in manifest.,2026-07-17T17:15:33.539770
lacharente,bd6t55086747w,,failed,0,0,,no_usable_pages,known,,,bd6t55086747w: no usable pages in manifest.,2026-07-17T17:15:33.659224
lacharente,bd6t550867489,,failed,0,0,,no_usable_pages,known,,,bd6t550867489: no usable pages in manifest.,2026-07-17T17:15:33.767972
lacharente,bd6t55086749q,,failed,0,0,,no_usable_pages,known,,,bd6t55086749q: no usable pages in manifest.,2026-07-17T17:15:33.909349
lacharente,bd6t55086750c,,failed,0,0,,no_usable_pages,known,,,bd6t55086750c: no usable pages in manifest.,2026-07-17T17:15:34.062551
lacharente,bd6t55086751s,,failed,0,0,,no_usable_pages,known,,,bd6t55086751s: no usable pages in manifest.,2026-07-17T17:15:34.280485
lacharente,bd6t550867526,,failed,0,0,,no_usable_pages,known,,,bd6t550867526: no usable pages in manifest.,2026-07-17T17:15:34.381839
lacharente,bd6t55086753m,,failed,0,0,,no_usable_pages,known,,,bd6t55086753m: no usable pages in manifest.,2026-07-17T17:15:34.498217
lacharente,bd6t550867541,,failed,0,0,,no_usable_pages,known,,,bd6t550867541: no usable pages in manifest.,2026-07-17T17:15:34.703066
lacharente,bd6t55086755f,,failed,0,0,,no_usable_pages,known,,,bd6t55086755f: no usable pages in manifest.,2026-07-17T17:15:34.823860
lacharente,bd6t55086756v,,failed,0,0,,no_usable_pages,known,,,bd6t55086756v: no usable pages in manifest.,2026-07-17T17:15:34.905424
lacharente,bd6t550867578,,failed,0,0,,no_usable_pages,known,,,bd6t550867578: no usable pages in manifest.,2026-07-17T17:15:35.049753
lacharente,bd6t55086758p,,failed,0,0,,no_usable_pages,known,,,bd6t55086758p: no usable pages in manifest.,2026-07-17T17:15:35.149021
lacharente,bd6t550867593,,failed,0,0,,no_usable_pages,known,,,bd6t550867593: no usable pages in manifest.,2026-07-17T17:15:35.334205
lacharente,bd6t55086760r,,failed,0,0,,no_usable_pages,known,,,bd6t55086760r: no usable pages in manifest.,2026-07-17T17:15:35.489336
lacharente,bd6t550867615,,failed,0,0,,no_usable_pages,known,,,bd6t550867615: no usable pages in manifest.,2026-07-17T17:15:35.618160
lacharente,bd6t55086762k,,failed,0,0,,no_usable_pages,known,,,bd6t55086762k: no usable pages in manifest.,2026-07-17T17:15:35.932511
lacharente,bd6t550867630,,failed,0,0,,no_usable_pages,known,,,bd6t550867630: no usable pages in manifest.,2026-07-17T17:15:36.117839
lacharente,bd6t55086764d,,failed,0,0,,no_usable_pages,known,,,bd6t55086764d: no usable pages in manifest.,2026-07-17T17:15:36.247436
lacharente,bd6t55086765t,,failed,0,0,,no_usable_pages,known,,,bd6t55086765t: no usable pages in manifest.,2026-07-17T17:15:36.521199
lacharente,bd6t550867667,,failed,0,0,,no_usable_pages,known,,,bd6t550867667: no usable pages in manifest.,2026-07-17T17:15:36.647952
lacharente,bd6t55086767n,,failed,0,0,,no_usable_pages,known,,,bd6t55086767n: no usable pages in manifest.,2026-07-17T17:15:36.829511
lacharente,bd6t550867682,,failed,0,0,,no_usable_pages,known,,,bd6t550867682: no usable pages in manifest.,2026-07-17T17:15:36.938574
lacharente,bd6t55086769g,,failed,0,0,,no_usable_pages,known,,,bd6t55086769g: no usable pages in manifest.,2026-07-17T17:15:37.071862
lacharente,bd6t550867704,,failed,0,0,,no_usable_pages,known,,,bd6t550867704: no usable pages in manifest.,2026-07-17T17:15:37.182402
lacharente,bd6t55086771j,,failed,0,0,,no_usable_pages,known,,,bd6t55086771j: no usable pages in manifest.,2026-07-17T17:15:37.302149
lacharente,bd6t55086772z,,failed,0,0,,no_usable_pages,known,,,bd6t55086772z: no usable pages in manifest.,2026-07-17T17:15:37.544570
lacharente,bd6t55086773c,,failed,0,0,,no_usable_pages,known,,,bd6t55086773c: no usable pages in manifest.,2026-07-17T17:15:37.742457
lacharente,bd6t55086774s,,failed,0,0,,no_usable_pages,known,,,bd6t55086774s: no usable pages in manifest.,2026-07-17T17:15:37.948463
lacharente,bd6t550867756,,failed,0,0,,no_usable_pages,known,,,bd6t550867756: no usable pages in manifest.,2026-07-17T17:15:38.107455
lacharente,bd6t55086776m,,failed,0,0,,no_usable_pages,known,,,bd6t55086776m: no usable pages in manifest.,2026-07-17T17:15:38.263370
lacharente,bd6t550867771,,failed,0,0,,no_usable_pages,known,,,bd6t550867771: no usable pages in manifest.,2026-07-17T17:15:38.466985
lacharente,bd6t55086778f,,failed,0,0,,no_usable_pages,known,,,bd6t55086778f: no usable pages in manifest.,2026-07-17T17:15:38.630637
lacharente,bd6t55086779v,,failed,0,0,,no_usable_pages,known,,,bd6t55086779v: no usable pages in manifest.,2026-07-17T17:15:38.798934
lacharente,bd6t55086780h,,failed,0,0,,no_usable_pages,known,,,bd6t55086780h: no usable pages in manifest.,2026-07-17T17:15:38.946275
lacharente,bd6t55086781x,,failed,0,0,,no_usable_pages,known,,,bd6t55086781x: no usable pages in manifest.,2026-07-17T17:15:39.095144
lacharente,bd6t55086782b,,failed,0,0,,no_usable_pages,known,,,bd6t55086782b: no usable pages in manifest.,2026-07-17T17:15:39.292577
lacharente,bd6t55086783r,,failed,0,0,,no_usable_pages,known,,,bd6t55086783r: no usable pages in manifest.,2026-07-17T17:15:39.397195
lacharente,bd6t550867845,,failed,0,0,,no_usable_pages,known,,,bd6t550867845: no usable pages in manifest.,2026-07-17T17:15:39.652838
lacharente,bd6t55086785k,,failed,0,0,,no_usable_pages,known,,,bd6t55086785k: no usable pages in manifest.,2026-07-17T17:15:39.872013
lacharente,bd6t550867860,,failed,0,0,,no_usable_pages,known,,,bd6t550867860: no usable pages in manifest.,2026-07-17T17:15:40.009106
lacharente,bd6t55086787d,,failed,0,0,,no_usable_pages,known,,,bd6t55086787d: no usable pages in manifest.,2026-07-17T17:15:40.187068
lacharente,bd6t55086788t,,failed,0,0,,no_usable_pages,known,,,bd6t55086788t: no usable pages in manifest.,2026-07-17T17:15:40.293435
lacharente,bd6t550867897,,failed,0,0,,no_usable_pages,known,,,bd6t550867897: no usable pages in manifest.,2026-07-17T17:15:40.448586
lacharente,bd6t55086790w,,failed,0,0,,no_usable_pages,known,,,bd6t55086790w: no usable pages in manifest.,2026-07-17T17:15:40.972540
lacharente,bd6t550867919,,failed,0,0,,no_usable_pages,known,,,bd6t550867919: no usable pages in manifest.,2026-07-17T17:15:41.120893
lacharente,bd6t55086792q,,failed,0,0,,no_usable_pages,known,,,bd6t55086792q: no usable pages in manifest.,2026-07-17T17:15:41.231059
lacharente,bd6t550867934,,failed,0,0,,no_usable_pages,known,,,bd6t550867934: no usable pages in manifest.,2026-07-17T17:15:41.325073
lacharente,bd6t55086794j,,failed,0,0,,no_usable_pages,known,,,bd6t55086794j: no usable pages in manifest.,2026-07-17T17:15:41.495552
lacharente,bd6t55086795z,,failed,0,0,,no_usable_pages,known,,,bd6t55086795z: no usable pages in manifest.,2026-07-17T17:15:41.629344
lacharente,bd6t55086796c,,failed,0,0,,no_usable_pages,known,,,bd6t55086796c: no usable pages in manifest.,2026-07-17T17:15:41.782084
lacharente,bd6t55086797s,,failed,0,0,,no_usable_pages,known,,,bd6t55086797s: no usable pages in manifest.,2026-07-17T17:15:41.938499
lacharente,bd6t550867986,,failed,0,0,,no_usable_pages,known,,,bd6t550867986: no usable pages in manifest.,2026-07-17T17:15:42.068136
lacharente,bd6t55086799m,,failed,0,0,,no_usable_pages,known,,,bd6t55086799m: no usable pages in manifest.,2026-07-17T17:15:42.207019
lacharente,bd6t55086800t,,failed,0,0,,no_usable_pages,known,,,bd6t55086800t: no usable pages in manifest.,2026-07-17T17:15:42.304011
lacharente,bd6t550868017,,failed,0,0,,no_usable_pages,known,,,bd6t550868017: no usable pages in manifest.,2026-07-17T17:15:42.478051
lacharente,bd6t55086802n,,failed,0,0,,no_usable_pages,known,,,bd6t55086802n: no usable pages in manifest.,2026-07-17T17:15:42.618674
lacharente,bd6t550868032,,failed,0,0,,no_usable_pages,known,,,bd6t550868032: no usable pages in manifest.,2026-07-17T17:15:42.798569
lacharente,bd6t55086804g,,failed,0,0,,no_usable_pages,known,,,bd6t55086804g: no usable pages in manifest.,2026-07-17T17:15:42.936907
lacharente,bd6t55086805w,,failed,0,0,,no_usable_pages,known,,,bd6t55086805w: no usable pages in manifest.,2026-07-17T17:15:43.061987
lacharente,bd6t550868069,,failed,0,0,,no_usable_pages,known,,,bd6t550868069: no usable pages in manifest.,2026-07-17T17:15:43.260700
lacharente,bd6t55086807q,,failed,0,0,,no_usable_pages,known,,,bd6t55086807q: no usable pages in manifest.,2026-07-17T17:15:43.360246
lacharente,bd6t550868084,,failed,0,0,,no_usable_pages,known,,,bd6t550868084: no usable pages in manifest.,2026-07-17T17:15:43.463644
lacharente,bd6t55086809j,,failed,0,0,,no_usable_pages,known,,,bd6t55086809j: no usable pages in manifest.,2026-07-17T17:15:43.585079
lacharente,bd6t550868106,,failed,0,0,,no_usable_pages,known,,,bd6t550868106: no usable pages in manifest.,2026-07-17T17:15:43.729503
lacharente,bd6t55086811m,,failed,0,0,,no_usable_pages,known,,,bd6t55086811m: no usable pages in manifest.,2026-07-17T17:15:43.850357
lacharente,bd6t550868121,,failed,0,0,,no_usable_pages,known,,,bd6t550868121: no usable pages in manifest.,2026-07-17T17:15:43.983878
lacharente,bd6t55086813f,,failed,0,0,,no_usable_pages,known,,,bd6t55086813f: no usable pages in manifest.,2026-07-17T17:15:44.098134
lacharente,bd6t55086814v,,failed,0,0,,no_usable_pages,known,,,bd6t55086814v: no usable pages in manifest.,2026-07-17T17:15:44.257350
lacharente,bd6t550868158,,failed,0,0,,no_usable_pages,known,,,bd6t550868158: no usable pages in manifest.,2026-07-17T17:15:44.377480
lacharente,bd6t55086816p,,failed,0,0,,no_usable_pages,known,,,bd6t55086816p: no usable pages in manifest.,2026-07-17T17:15:44.500217
lacharente,bd6t550868173,,failed,0,0,,no_usable_pages,known,,,bd6t550868173: no usable pages in manifest.,2026-07-17T17:15:44.672008
lacharente,bd6t55086818h,,failed,0,0,,no_usable_pages,known,,,bd6t55086818h: no usable pages in manifest.,2026-07-17T17:15:44.838190
lacharente,bd6t55086819x,,failed,0,0,,no_usable_pages,known,,,bd6t55086819x: no usable pages in manifest.,2026-07-17T17:15:44.989410
lacharente,bd6t55086820k,,failed,0,0,,no_usable_pages,known,,,bd6t55086820k: no usable pages in manifest.,2026-07-17T17:15:45.257011
lacharente,bd6t550868210,,failed,0,0,,no_usable_pages,known,,,bd6t550868210: no usable pages in manifest.,2026-07-17T17:15:45.836083
lacharente,bd6t55086822d,,failed,0,0,,no_usable_pages,known,,,bd6t55086822d: no usable pages in manifest.,2026-07-17T17:15:45.983266
lacharente,bd6t55086823t,,failed,0,0,,no_usable_pages,known,,,bd6t55086823t: no usable pages in manifest.,2026-07-17T17:15:46.141039
lacharente,bd6t550868247,,failed,0,0,,no_usable_pages,known,,,bd6t550868247: no usable pages in manifest.,2026-07-17T17:15:46.291412
lacharente,bd6t55086825n,,failed,0,0,,no_usable_pages,known,,,bd6t55086825n: no usable pages in manifest.,2026-07-17T17:15:46.422447
lacharente,bd6t550868262,,failed,0,0,,no_usable_pages,known,,,bd6t550868262: no usable pages in manifest.,2026-07-17T17:15:46.537547
lacharente,bd6t55086827g,,failed,0,0,,no_usable_pages,known,,,bd6t55086827g: no usable pages in manifest.,2026-07-17T17:15:46.746577
lacharente,bd6t55086828w,,failed,0,0,,no_usable_pages,known,,,bd6t55086828w: no usable pages in manifest.,2026-07-17T17:15:46.869735
lacharente,bd6t550868299,,failed,0,0,,no_usable_pages,known,,,bd6t550868299: no usable pages in manifest.,2026-07-17T17:15:47.070068
lacharente,bd6t55086830z,,failed,0,0,,no_usable_pages,known,,,bd6t55086830z: no usable pages in manifest.,2026-07-17T17:15:47.217553
lacharente,bd6t55086831c,,failed,0,0,,no_usable_pages,known,,,bd6t55086831c: no usable pages in manifest.,2026-07-17T17:15:47.356274
lacharente,bd6t55086832s,,failed,0,0,,no_usable_pages,known,,,bd6t55086832s: no usable pages in manifest.,2026-07-17T17:15:47.523213
lacharente,bd6t550868336,,failed,0,0,,no_usable_pages,known,,,bd6t550868336: no usable pages in manifest.,2026-07-17T17:15:47.673642
lacharente,bd6t55086834m,,failed,0,0,,no_usable_pages,known,,,bd6t55086834m: no usable pages in manifest.,2026-07-17T17:15:47.829907
lacharente,bd6t550868351,,failed,0,0,,no_usable_pages,known,,,bd6t550868351: no usable pages in manifest.,2026-07-17T17:15:47.973331
lacharente,bd6t55086836f,,failed,0,0,,no_usable_pages,known,,,bd6t55086836f: no usable pages in manifest.,2026-07-17T17:15:48.150462
lacharente,bd6t55086837v,,failed,0,0,,no_usable_pages,known,,,bd6t55086837v: no usable pages in manifest.,2026-07-17T17:15:48.285767
lacharente,bd6t550868388,,failed,0,0,,no_usable_pages,known,,,bd6t550868388: no usable pages in manifest.,2026-07-17T17:15:48.460048
lacharente,bd6t55086839p,,failed,0,0,,no_usable_pages,known,,,bd6t55086839p: no usable pages in manifest.,2026-07-17T17:15:48.588196
lacharente,bd6t55086840b,,failed,0,0,,no_usable_pages,known,,,bd6t55086840b: no usable pages in manifest.,2026-07-17T17:15:48.813486
lacharente,bd6t55086841r,,failed,0,0,,no_usable_pages,known,,,bd6t55086841r: no usable pages in manifest.,2026-07-17T17:15:49.009557
lacharente,bd6t550868425,,failed,0,0,,no_usable_pages,known,,,bd6t550868425: no usable pages in manifest.,2026-07-17T17:15:49.199292
lacharente,bd6t55086843k,,failed,0,0,,no_usable_pages,known,,,bd6t55086843k: no usable pages in manifest.,2026-07-17T17:15:49.369153
lacharente,bd6t550868440,,failed,0,0,,no_usable_pages,known,,,bd6t550868440: no usable pages in manifest.,2026-07-17T17:15:49.521349
lacharente,bd6t55086845d,,failed,0,0,,no_usable_pages,known,,,bd6t55086845d: no usable pages in manifest.,2026-07-17T17:15:49.704035
lacharente,bd6t55086846t,,failed,0,0,,no_usable_pages,known,,,bd6t55086846t: no usable pages in manifest.,2026-07-17T17:15:49.922963
lacharente,bd6t550868477,,failed,0,0,,no_usable_pages,known,,,bd6t550868477: no usable pages in manifest.,2026-07-17T17:15:50.297469
lacharente,bd6t55086848n,,failed,0,0,,no_usable_pages,known,,,bd6t55086848n: no usable pages in manifest.,2026-07-17T17:15:50.608901
lacharente,bd6t550868492,,failed,0,0,,no_usable_pages,known,,,bd6t550868492: no usable pages in manifest.,2026-07-17T17:15:51.118388
lacharente,bd6t55086850q,,failed,0,0,,no_usable_pages,known,,,bd6t55086850q: no usable pages in manifest.,2026-07-17T17:15:51.315123
lacharente,bd6t550868514,,failed,0,0,,no_usable_pages,known,,,bd6t550868514: no usable pages in manifest.,2026-07-17T17:15:51.442393
lacharente,bd6t55086852j,,failed,0,0,,no_usable_pages,known,,,bd6t55086852j: no usable pages in manifest.,2026-07-17T17:15:51.629373
lacharente,bd6t55086853z,,failed,0,0,,no_usable_pages,known,,,bd6t55086853z: no usable pages in manifest.,2026-07-17T17:15:51.771496
lacharente,bd6t55086854c,,failed,0,0,,no_usable_pages,known,,,bd6t55086854c: no usable pages in manifest.,2026-07-17T17:15:51.990339
lacharente,bd6t55086855s,,failed,0,0,,no_usable_pages,known,,,bd6t55086855s: no usable pages in manifest.,2026-07-17T17:15:52.161537
lacharente,bd6t550868566,,failed,0,0,,no_usable_pages,known,,,bd6t550868566: no usable pages in manifest.,2026-07-17T17:15:52.319437
lacharente,bd6t55086857m,,failed,0,0,,no_usable_pages,known,,,bd6t55086857m: no usable pages in manifest.,2026-07-17T17:15:52.464540
lacharente,bd6t550868581,,failed,0,0,,no_usable_pages,known,,,bd6t550868581: no usable pages in manifest.,2026-07-17T17:15:52.613573
lacharente,bd6t55086859f,,failed,0,0,,no_usable_pages,known,,,bd6t55086859f: no usable pages in manifest.,2026-07-17T17:15:52.795815
lacharente,bd6t550868603,,failed,0,0,,no_usable_pages,known,,,bd6t550868603: no usable pages in manifest.,2026-07-17T17:15:52.950453
lacharente,bd6t55086861h,,failed,0,0,,no_usable_pages,known,,,bd6t55086861h: no usable pages in manifest.,2026-07-17T17:15:53.113311
lacharente,bd6t55086862x,,failed,0,0,,no_usable_pages,known,,,bd6t55086862x: no usable pages in manifest.,2026-07-17T17:15:53.296220
lacharente,bd6t55086863b,,failed,0,0,,no_usable_pages,known,,,bd6t55086863b: no usable pages in manifest.,2026-07-17T17:15:53.462130
lacharente,bd6t55086864r,,failed,0,0,,no_usable_pages,known,,,bd6t55086864r: no usable pages in manifest.,2026-07-17T17:15:53.586086
lacharente,bd6t550868655,,failed,0,0,,no_usable_pages,known,,,bd6t550868655: no usable pages in manifest.,2026-07-17T17:15:53.791013
lacharente,bd6t55086866k,,failed,0,0,,no_usable_pages,known,,,bd6t55086866k: no usable pages in manifest.,2026-07-17T17:15:54.040816
lacharente,bd6t550868670,,failed,0,0,,no_usable_pages,known,,,bd6t550868670: no usable pages in manifest.,2026-07-17T17:15:54.205625
lacharente,bd6t55086868d,,failed,0,0,,no_usable_pages,known,,,bd6t55086868d: no usable pages in manifest.,2026-07-17T17:15:54.367654
lacharente,bd6t55086869t,,failed,0,0,,no_usable_pages,known,,,bd6t55086869t: no usable pages in manifest.,2026-07-17T17:15:54.564746
lacharente,bd6t55086870g,,failed,0,0,,no_usable_pages,known,,,bd6t55086870g: no usable pages in manifest.,2026-07-17T17:15:54.683521
lacharente,bd6t55086871w,,failed,0,0,,no_usable_pages,known,,,bd6t55086871w: no usable pages in manifest.,2026-07-17T17:15:54.817251
lacharente,bd6t550868729,,failed,0,0,,no_usable_pages,known,,,bd6t550868729: no usable pages in manifest.,2026-07-17T17:15:54.972299
lacharente,bd6t55086873q,,failed,0,0,,no_usable_pages,known,,,bd6t55086873q: no usable pages in manifest.,2026-07-17T17:15:55.112974
lacharente,bd6t550868744,,failed,0,0,,no_usable_pages,known,,,bd6t550868744: no usable pages in manifest.,2026-07-17T17:15:55.315359
lacharente,bd6t55086875j,,failed,0,0,,no_usable_pages,known,,,bd6t55086875j: no usable pages in manifest.,2026-07-17T17:15:55.446000
lacharente,bd6t55086876z,,failed,0,0,,no_usable_pages,known,,,bd6t55086876z: no usable pages in manifest.,2026-07-17T17:15:55.594726
lacharente,bd6t55086877c,,failed,0,0,,no_usable_pages,known,,,bd6t55086877c: no usable pages in manifest.,2026-07-17T17:15:55.832447
lacharente,bd6t55086878s,,failed,0,0,,no_usable_pages,known,,,bd6t55086878s: no usable pages in manifest.,2026-07-17T17:15:56.405946
lacharente,bd6t550868796,,failed,0,0,,no_usable_pages,known,,,bd6t550868796: no usable pages in manifest.,2026-07-17T17:15:56.543447
lacharente,bd6t55086880v,,failed,0,0,,no_usable_pages,known,,,bd6t55086880v: no usable pages in manifest.,2026-07-17T17:15:56.776138
lacharente,bd6t550868818,,failed,0,0,,no_usable_pages,known,,,bd6t550868818: no usable pages in manifest.,2026-07-17T17:15:56.909994
lacharente,bd6t55086882p,,failed,0,0,,no_usable_pages,known,,,bd6t55086882p: no usable pages in manifest.,2026-07-17T17:15:57.081059
lacharente,bd6t550868833,,failed,0,0,,no_usable_pages,known,,,bd6t550868833: no usable pages in manifest.,2026-07-17T17:15:57.243633
lacharente,bd6t55086884h,,failed,0,0,,no_usable_pages,known,,,bd6t55086884h: no usable pages in manifest.,2026-07-17T17:15:57.473892
lacharente,bd6t55086885x,,failed,0,0,,no_usable_pages,known,,,bd6t55086885x: no usable pages in manifest.,2026-07-17T17:15:57.601495
lacharente,bd6t55086886b,,failed,0,0,,no_usable_pages,known,,,bd6t55086886b: no usable pages in manifest.,2026-07-17T17:15:57.733708
lacharente,bd6t55086887r,,failed,0,0,,no_usable_pages,known,,,bd6t55086887r: no usable pages in manifest.,2026-07-17T17:15:57.898302
lacharente,bd6t550868885,,failed,0,0,,no_usable_pages,known,,,bd6t550868885: no usable pages in manifest.,2026-07-17T17:15:57.999118
lacharente,bd6t55086889k,,failed,0,0,,no_usable_pages,known,,,bd6t55086889k: no usable pages in manifest.,2026-07-17T17:15:58.251034
lacharente,bd6t550868907,,failed,0,0,,no_usable_pages,known,,,bd6t550868907: no usable pages in manifest.,2026-07-17T17:15:58.410462
lacharente,bd6t55086891n,,failed,0,0,,no_usable_pages,known,,,bd6t55086891n: no usable pages in manifest.,2026-07-17T17:15:58.550662
lacharente,bd6t550868922,,failed,0,0,,no_usable_pages,known,,,bd6t550868922: no usable pages in manifest.,2026-07-17T17:15:58.697376
lacharente,bd6t55086893g,,failed,0,0,,no_usable_pages,known,,,bd6t55086893g: no usable pages in manifest.,2026-07-17T17:15:58.872598
lacharente,bd6t55086894w,,failed,0,0,,no_usable_pages,known,,,bd6t55086894w: no usable pages in manifest.,2026-07-17T17:15:58.989396
lacharente,bd6t550868959,,failed,0,0,,no_usable_pages,known,,,bd6t550868959: no usable pages in manifest.,2026-07-17T17:15:59.132130
lacharente,bd6t55086896q,,failed,0,0,,no_usable_pages,known,,,bd6t55086896q: no usable pages in manifest.,2026-07-17T17:15:59.283188
lacharente,bd6t550868974,,failed,0,0,,no_usable_pages,known,,,bd6t550868974: no usable pages in manifest.,2026-07-17T17:15:59.444170
lacharente,bd6t55086898j,,failed,0,0,,no_usable_pages,known,,,bd6t55086898j: no usable pages in manifest.,2026-07-17T17:15:59.604967
lacharente,bd6t55086899z,,failed,0,0,,no_usable_pages,known,,,bd6t55086899z: no usable pages in manifest.,2026-07-17T17:15:59.870896
lacharente,bd6t550869005,,failed,0,0,,no_usable_pages,known,,,bd6t550869005: no usable pages in manifest.,2026-07-17T17:16:00.103256
lacharente,bd6t55086901k,,failed,0,0,,no_usable_pages,known,,,bd6t55086901k: no usable pages in manifest.,2026-07-17T17:16:00.301747
lacharente,bd6t550869020,,failed,0,0,,no_usable_pages,known,,,bd6t550869020: no usable pages in manifest.,2026-07-17T17:16:00.448515
lacharente,bd6t55086903d,,failed,0,0,,no_usable_pages,known,,,bd6t55086903d: no usable pages in manifest.,2026-07-17T17:16:00.672521
lacharente,bd6t55086904t,,failed,0,0,,no_usable_pages,known,,,bd6t55086904t: no usable pages in manifest.,2026-07-17T17:16:00.814809
lacharente,bd6t550869057,,failed,0,0,,no_usable_pages,known,,,bd6t550869057: no usable pages in manifest.,2026-07-17T17:16:01.036102
lacharente,bd6t55086906n,,failed,0,0,,no_usable_pages,known,,,bd6t55086906n: no usable pages in manifest.,2026-07-17T17:16:01.665511
lacharente,bd6t550869072,,failed,0,0,,no_usable_pages,known,,,bd6t550869072: no usable pages in manifest.,2026-07-17T17:16:01.813425
lacharente,bd6t55086908g,,failed,0,0,,no_usable_pages,known,,,bd6t55086908g: no usable pages in manifest.,2026-07-17T17:16:01.960303
lacharente,bd6t55086909w,,failed,0,0,,no_usable_pages,known,,,bd6t55086909w: no usable pages in manifest.,2026-07-17T17:16:02.075899
lacharente,bd6t55086910j,,failed,0,0,,no_usable_pages,known,,,bd6t55086910j: no usable pages in manifest.,2026-07-17T17:16:02.212778
lacharente,bd6t550892384,,failed,0,0,,no_usable_pages,known,,,bd6t550892384: no usable pages in manifest.,2026-07-17T17:16:02.431605
lacharente,bd6t55086911z,,failed,0,0,,no_usable_pages,known,,,bd6t55086911z: no usable pages in manifest.,2026-07-17T17:16:02.650866
lacharente,bd6t55086912c,,failed,0,0,,no_usable_pages,known,,,bd6t55086912c: no usable pages in manifest.,2026-07-17T17:16:02.784607
lacharente,bd6t55086913s,,failed,0,0,,no_usable_pages,known,,,bd6t55086913s: no usable pages in manifest.,2026-07-17T17:16:02.914135
lacharente,bd6t550869146,,failed,0,0,,no_usable_pages,known,,,bd6t550869146: no usable pages in manifest.,2026-07-17T17:16:03.075267
lacharente,bd6t55086915m,,failed,0,0,,no_usable_pages,known,,,bd6t55086915m: no usable pages in manifest.,2026-07-17T17:16:03.205929
lacharente,bd6t550869161,,failed,0,0,,no_usable_pages,known,,,bd6t550869161: no usable pages in manifest.,2026-07-17T17:16:03.333523
lacharente,bd6t55086917f,,failed,0,0,,no_usable_pages,known,,,bd6t55086917f: no usable pages in manifest.,2026-07-17T17:16:03.475099
lacharente,bd6t55086918v,,failed,0,0,,no_usable_pages,known,,,bd6t55086918v: no usable pages in manifest.,2026-07-17T17:16:03.719868
lacharente,bd6t550869198,,failed,0,0,,no_usable_pages,known,,,bd6t550869198: no usable pages in manifest.,2026-07-17T17:16:03.873727
lacharente,bd6t55086920x,,failed,0,0,,no_usable_pages,known,,,bd6t55086920x: no usable pages in manifest.,2026-07-17T17:16:04.068599
lacharente,bd6t55086921b,,failed,0,0,,no_usable_pages,known,,,bd6t55086921b: no usable pages in manifest.,2026-07-17T17:16:04.211453
lacharente,bd6t55086922r,,failed,0,0,,no_usable_pages,known,,,bd6t55086922r: no usable pages in manifest.,2026-07-17T17:16:04.382807
lacharente,bd6t550869235,,failed,0,0,,no_usable_pages,known,,,bd6t550869235: no usable pages in manifest.,2026-07-17T17:16:04.543684
lacharente,bd6t55086924k,,failed,0,0,,no_usable_pages,known,,,bd6t55086924k: no usable pages in manifest.,2026-07-17T17:16:04.705838
lacharente,bd6t550869250,,failed,0,0,,no_usable_pages,known,,,bd6t550869250: no usable pages in manifest.,2026-07-17T17:16:04.879167
lacharente,bd6t55086926d,,failed,0,0,,no_usable_pages,known,,,bd6t55086926d: no usable pages in manifest.,2026-07-17T17:16:05.009626
lacharente,bd6t55086927t,,failed,0,0,,no_usable_pages,known,,,bd6t55086927t: no usable pages in manifest.,2026-07-17T17:16:05.177577
lacharente,bd6t550869287,,failed,0,0,,no_usable_pages,known,,,bd6t550869287: no usable pages in manifest.,2026-07-17T17:16:05.319455
lacharente,bd6t55086929n,,failed,0,0,,no_usable_pages,known,,,bd6t55086929n: no usable pages in manifest.,2026-07-17T17:16:05.400319
lacharente,bd6t550869309,,failed,0,0,,no_usable_pages,known,,,bd6t550869309: no usable pages in manifest.,2026-07-17T17:16:05.678348
lacharente,bd6t55086931q,,failed,0,0,,no_usable_pages,known,,,bd6t55086931q: no usable pages in manifest.,2026-07-17T17:16:05.856252
lacharente,bd6t550869324,,failed,0,0,,no_usable_pages,known,,,bd6t550869324: no usable pages in manifest.,2026-07-17T17:16:06.021509
lacharente,bd6t55086933j,,failed,0,0,,no_usable_pages,known,,,bd6t55086933j: no usable pages in manifest.,2026-07-17T17:16:06.158403
lacharente,bd6t55086934z,,failed,0,0,,no_usable_pages,known,,,bd6t55086934z: no usable pages in manifest.,2026-07-17T17:16:06.312779
lacharente,bd6t55086935c,,failed,0,0,,no_usable_pages,known,,,bd6t55086935c: no usable pages in manifest.,2026-07-17T17:16:06.809864
lacharente,bd6t55086936s,,failed,0,0,,no_usable_pages,known,,,bd6t55086936s: no usable pages in manifest.,2026-07-17T17:16:07.321268
lacharente,bd6t550869376,,failed,0,0,,no_usable_pages,known,,,bd6t550869376: no usable pages in manifest.,2026-07-17T17:16:07.468746
lacharente,bd6t55086938m,,failed,0,0,,no_usable_pages,known,,,bd6t55086938m: no usable pages in manifest.,2026-07-17T17:16:07.609358
lacharente,bd6t550869391,,failed,0,0,,no_usable_pages,known,,,bd6t550869391: no usable pages in manifest.,2026-07-17T17:16:07.767085
lacharente,bd6t55086940p,,failed,0,0,,no_usable_pages,known,,,bd6t55086940p: no usable pages in manifest.,2026-07-17T17:16:07.949576
lacharente,bd6t550869413,,failed,0,0,,no_usable_pages,known,,,bd6t550869413: no usable pages in manifest.,2026-07-17T17:16:08.135359
lacharente,bd6t55086942h,,failed,0,0,,no_usable_pages,known,,,bd6t55086942h: no usable pages in manifest.,2026-07-17T17:16:08.328620
lacharente,bd6t55086943x,,failed,0,0,,no_usable_pages,known,,,bd6t55086943x: no usable pages in manifest.,2026-07-17T17:16:08.492284
lacharente,bd6t55086944b,,failed,0,0,,no_usable_pages,known,,,bd6t55086944b: no usable pages in manifest.,2026-07-17T17:16:08.643010
lacharente,bd6t55086945r,,failed,0,0,,no_usable_pages,known,,,bd6t55086945r: no usable pages in manifest.,2026-07-17T17:16:09.192596
lacharente,bd6t550869465,,failed,0,0,,no_usable_pages,known,,,bd6t550869465: no usable pages in manifest.,2026-07-17T17:16:09.364274
lacharente,bd6t55086947k,,failed,0,0,,no_usable_pages,known,,,bd6t55086947k: no usable pages in manifest.,2026-07-17T17:16:09.531105
lacharente,bd6t550869480,,failed,0,0,,no_usable_pages,known,,,bd6t550869480: no usable pages in manifest.,2026-07-17T17:16:09.669167
lacharente,bd6t55086949d,,failed,0,0,,no_usable_pages,known,,,bd6t55086949d: no usable pages in manifest.,2026-07-17T17:16:09.808831
lacharente,bd6t550869502,,failed,0,0,,no_usable_pages,known,,,bd6t550869502: no usable pages in manifest.,2026-07-17T17:16:09.944532
lacharente,bd6t55086951g,,failed,0,0,,no_usable_pages,known,,,bd6t55086951g: no usable pages in manifest.,2026-07-17T17:16:10.102548
lacharente,bd6t55086952w,,failed,0,0,,no_usable_pages,known,,,bd6t55086952w: no usable pages in manifest.,2026-07-17T17:16:10.223860
lacharente,bd6t550869539,,failed,0,0,,no_usable_pages,known,,,bd6t550869539: no usable pages in manifest.,2026-07-17T17:16:10.423280
lacharente,bd6t55086954q,,failed,0,0,,no_usable_pages,known,,,bd6t55086954q: no usable pages in manifest.,2026-07-17T17:16:10.575974
lacharente,bd6t550869554,,failed,0,0,,no_usable_pages,known,,,bd6t550869554: no usable pages in manifest.,2026-07-17T17:16:10.736702
lacharente,bd6t55086956j,,failed,0,0,,no_usable_pages,known,,,bd6t55086956j: no usable pages in manifest.,2026-07-17T17:16:10.838589
lacharente,bd6t55086957z,,failed,0,0,,no_usable_pages,known,,,bd6t55086957z: no usable pages in manifest.,2026-07-17T17:16:11.011364
lacharente,bd6t55086958c,,failed,0,0,,no_usable_pages,known,,,bd6t55086958c: no usable pages in manifest.,2026-07-17T17:16:11.159991
lacharente,bd6t55086959s,,failed,0,0,,no_usable_pages,known,,,bd6t55086959s: no usable pages in manifest.,2026-07-17T17:16:11.302515
lacharente,bd6t55086960f,,failed,0,0,,no_usable_pages,known,,,bd6t55086960f: no usable pages in manifest.,2026-07-17T17:16:11.489980
lacharente,bd6t55086961v,,failed,0,0,,no_usable_pages,known,,,bd6t55086961v: no usable pages in manifest.,2026-07-17T17:16:11.633403
lacharente,bd6t550869628,,failed,0,0,,no_usable_pages,known,,,bd6t550869628: no usable pages in manifest.,2026-07-17T17:16:11.796604
lacharente,bd6t55086963p,,failed,0,0,,no_usable_pages,known,,,bd6t55086963p: no usable pages in manifest.,2026-07-17T17:16:11.936362
lacharente,bd6t550869643,,failed,0,0,,no_usable_pages,known,,,bd6t550869643: no usable pages in manifest.,2026-07-17T17:16:12.095079
lacharente,bd6t55086965h,,failed,0,0,,no_usable_pages,known,,,bd6t55086965h: no usable pages in manifest.,2026-07-17T17:16:12.257832
lacharente,bd6t55086966x,,failed,0,0,,no_usable_pages,known,,,bd6t55086966x: no usable pages in manifest.,2026-07-17T17:16:12.826056
lacharente,bd6t55086967b,,failed,0,0,,no_usable_pages,known,,,bd6t55086967b: no usable pages in manifest.,2026-07-17T17:16:12.968947
lacharente,bd6t55086968r,,failed,0,0,,no_usable_pages,known,,,bd6t55086968r: no usable pages in manifest.,2026-07-17T17:16:13.155515
lacharente,bd6t550869695,,failed,0,0,,no_usable_pages,known,,,bd6t550869695: no usable pages in manifest.,2026-07-17T17:16:13.345578
lacharente,bd6t55086970t,,failed,0,0,,no_usable_pages,known,,,bd6t55086970t: no usable pages in manifest.,2026-07-17T17:16:13.485401
lacharente,bd6t550869717,,failed,0,0,,no_usable_pages,known,,,bd6t550869717: no usable pages in manifest.,2026-07-17T17:16:13.649441
lacharente,bd6t55086972n,,failed,0,0,,no_usable_pages,known,,,bd6t55086972n: no usable pages in manifest.,2026-07-17T17:16:13.792843
lacharente,bd6t550869732,,failed,0,0,,no_usable_pages,known,,,bd6t550869732: no usable pages in manifest.,2026-07-17T17:16:13.973545
lacharente,bd6t55086974g,,failed,0,0,,no_usable_pages,known,,,bd6t55086974g: no usable pages in manifest.,2026-07-17T17:16:14.130251
lacharente,bd6t55086975w,,failed,0,0,,no_usable_pages,known,,,bd6t55086975w: no usable pages in manifest.,2026-07-17T17:16:14.262759
lacharente,bd6t550869769,,failed,0,0,,no_usable_pages,known,,,bd6t550869769: no usable pages in manifest.,2026-07-17T17:16:14.400942
lacharente,bd6t55086977q,,failed,0,0,,no_usable_pages,known,,,bd6t55086977q: no usable pages in manifest.,2026-07-17T17:16:14.544857
lacharente,bd6t550869784,,failed,0,0,,no_usable_pages,known,,,bd6t550869784: no usable pages in manifest.,2026-07-17T17:16:14.776752
lacharente,bd6t55086979j,,failed,0,0,,no_usable_pages,known,,,bd6t55086979j: no usable pages in manifest.,2026-07-17T17:16:14.955072
lacharente,bd6t550869806,,failed,0,0,,no_usable_pages,known,,,bd6t550869806: no usable pages in manifest.,2026-07-17T17:16:15.115674
lacharente,bd6t55086981m,,failed,0,0,,no_usable_pages,known,,,bd6t55086981m: no usable pages in manifest.,2026-07-17T17:16:15.266056
lacharente,bd6t550869821,,failed,0,0,,no_usable_pages,known,,,bd6t550869821: no usable pages in manifest.,2026-07-17T17:16:15.423489
lacharente,bd6t55086983f,,failed,0,0,,no_usable_pages,known,,,bd6t55086983f: no usable pages in manifest.,2026-07-17T17:16:15.567481
lacharente,bd6t55086984v,,failed,0,0,,no_usable_pages,known,,,bd6t55086984v: no usable pages in manifest.,2026-07-17T17:16:15.668941
lacharente,bd6t550869858,,failed,0,0,,no_usable_pages,known,,,bd6t550869858: no usable pages in manifest.,2026-07-17T17:16:15.776471
lacharente,bd6t55086986p,,failed,0,0,,no_usable_pages,known,,,bd6t55086986p: no usable pages in manifest.,2026-07-17T17:16:15.911126
lacharente,bd6t550869873,,failed,0,0,,no_usable_pages,known,,,bd6t550869873: no usable pages in manifest.,2026-07-17T17:16:16.044353
lacharente,bd6t55086988h,,failed,0,0,,no_usable_pages,known,,,bd6t55086988h: no usable pages in manifest.,2026-07-17T17:16:16.153362
lacharente,bd6t55086989x,,failed,0,0,,no_usable_pages,known,,,bd6t55086989x: no usable pages in manifest.,2026-07-17T17:16:16.271669
lacharente,bd6t55086990k,,failed,0,0,,no_usable_pages,known,,,bd6t55086990k: no usable pages in manifest.,2026-07-17T17:16:16.364024
lacharente,bd6t550869910,,failed,0,0,,no_usable_pages,known,,,bd6t550869910: no usable pages in manifest.,2026-07-17T17:16:16.480456
lacharente,bd6t55086992d,,failed,0,0,,no_usable_pages,known,,,bd6t55086992d: no usable pages in manifest.,2026-07-17T17:16:16.598370
lacharente,bd6t55086993t,,failed,0,0,,no_usable_pages,known,,,bd6t55086993t: no usable pages in manifest.,2026-07-17T17:16:16.721829
lacharente,bd6t550869947,,failed,0,0,,no_usable_pages,known,,,bd6t550869947: no usable pages in manifest.,2026-07-17T17:16:16.902765
lacharente,bd6t55086995n,,failed,0,0,,no_usable_pages,known,,,bd6t55086995n: no usable pages in manifest.,2026-07-17T17:16:17.008896
lacharente,bd6t550869962,,failed,0,0,,no_usable_pages,known,,,bd6t550869962: no usable pages in manifest.,2026-07-17T17:16:17.211051
lacharente,bd6t55086997g,,failed,0,0,,no_usable_pages,known,,,bd6t55086997g: no usable pages in manifest.,2026-07-17T17:16:17.636911
lacharente,bd6t55086998w,,failed,0,0,,no_usable_pages,known,,,bd6t55086998w: no usable pages in manifest.,2026-07-17T17:16:17.867098
lacharente,bd6t550869999,,failed,0,0,,no_usable_pages,known,,,bd6t550869999: no usable pages in manifest.,2026-07-17T17:16:17.958714
lacharente,bd6t55087000c,,failed,0,0,,no_usable_pages,known,,,bd6t55087000c: no usable pages in manifest.,2026-07-17T17:16:18.160587
lacharente,bd6t55087001s,,failed,0,0,,no_usable_pages,known,,,bd6t55087001s: no usable pages in manifest.,2026-07-17T17:16:18.260460
lacharente,bd6t550870026,,failed,0,0,,no_usable_pages,known,,,bd6t550870026: no usable pages in manifest.,2026-07-17T17:16:18.380617
lacharente,bd6t55087003m,,failed,0,0,,no_usable_pages,known,,,bd6t55087003m: no usable pages in manifest.,2026-07-17T17:16:18.496898
lacharente,bd6t550870041,,failed,0,0,,no_usable_pages,known,,,bd6t550870041: no usable pages in manifest.,2026-07-17T17:16:18.662060
lacharente,bd6t55087005f,,failed,0,0,,no_usable_pages,known,,,bd6t55087005f: no usable pages in manifest.,2026-07-17T17:16:18.789731
lacharente,bd6t55087006v,,failed,0,0,,no_usable_pages,known,,,bd6t55087006v: no usable pages in manifest.,2026-07-17T17:16:18.978082
lacharente,bd6t550870078,,failed,0,0,,no_usable_pages,known,,,bd6t550870078: no usable pages in manifest.,2026-07-17T17:16:19.209868
lacharente,bd6t55087008p,,failed,0,0,,no_usable_pages,known,,,bd6t55087008p: no usable pages in manifest.,2026-07-17T17:16:19.333607
lacharente,bd6t550870093,,failed,0,0,,no_usable_pages,known,,,bd6t550870093: no usable pages in manifest.,2026-07-17T17:16:19.462213
lacharente,bd6t55087010r,,failed,0,0,,no_usable_pages,known,,,bd6t55087010r: no usable pages in manifest.,2026-07-17T17:16:19.592308
lacharente,bd6t550870115,,failed,0,0,,no_usable_pages,known,,,bd6t550870115: no usable pages in manifest.,2026-07-17T17:16:19.723989
lacharente,bd6t55087012k,,failed,0,0,,no_usable_pages,known,,,bd6t55087012k: no usable pages in manifest.,2026-07-17T17:16:19.853629
lacharente,bd6t550870130,,failed,0,0,,no_usable_pages,known,,,bd6t550870130: no usable pages in manifest.,2026-07-17T17:16:20.011634
lacharente,bd6t55087014d,,failed,0,0,,no_usable_pages,known,,,bd6t55087014d: no usable pages in manifest.,2026-07-17T17:16:20.145356
lacharente,bd6t55087015t,,failed,0,0,,no_usable_pages,known,,,bd6t55087015t: no usable pages in manifest.,2026-07-17T17:16:20.341697
lacharente,bd6t550870167,,failed,0,0,,no_usable_pages,known,,,bd6t550870167: no usable pages in manifest.,2026-07-17T17:16:20.540840
lacharente,bd6t55087017n,,failed,0,0,,no_usable_pages,known,,,bd6t55087017n: no usable pages in manifest.,2026-07-17T17:16:20.713973
lacharente,bd6t550870182,,failed,0,0,,no_usable_pages,known,,,bd6t550870182: no usable pages in manifest.,2026-07-17T17:16:20.861310
lacharente,bd6t55087019g,,failed,0,0,,no_usable_pages,known,,,bd6t55087019g: no usable pages in manifest.,2026-07-17T17:16:21.063878
lacharente,bd6t550870204,,failed,0,0,,no_usable_pages,known,,,bd6t550870204: no usable pages in manifest.,2026-07-17T17:16:21.188724
lacharente,bd6t55087021j,,failed,0,0,,no_usable_pages,known,,,bd6t55087021j: no usable pages in manifest.,2026-07-17T17:16:21.405504
lacharente,bd6t55087022z,,failed,0,0,,no_usable_pages,known,,,bd6t55087022z: no usable pages in manifest.,2026-07-17T17:16:21.532002
lacharente,bd6t55087023c,,failed,0,0,,no_usable_pages,known,,,bd6t55087023c: no usable pages in manifest.,2026-07-17T17:16:21.681698
lacharente,bd6t55087024s,,failed,0,0,,no_usable_pages,known,,,bd6t55087024s: no usable pages in manifest.,2026-07-17T17:16:21.810271
lacharente,bd6t550870256,,failed,0,0,,no_usable_pages,known,,,bd6t550870256: no usable pages in manifest.,2026-07-17T17:16:21.942315
lacharente,bd6t55087026m,,failed,0,0,,no_usable_pages,known,,,bd6t55087026m: no usable pages in manifest.,2026-07-17T17:16:22.377935
lacharente,bd6t550870271,,failed,0,0,,no_usable_pages,known,,,bd6t550870271: no usable pages in manifest.,2026-07-17T17:16:22.725727
lacharente,bd6t55087028f,,failed,0,0,,no_usable_pages,known,,,bd6t55087028f: no usable pages in manifest.,2026-07-17T17:16:22.899701
lacharente,bd6t55087029v,,failed,0,0,,no_usable_pages,known,,,bd6t55087029v: no usable pages in manifest.,2026-07-17T17:16:23.002621
lacharente,bd6t55087030h,,failed,0,0,,no_usable_pages,known,,,bd6t55087030h: no usable pages in manifest.,2026-07-17T17:16:23.132034
lacharente,bd6t55087031x,,failed,0,0,,no_usable_pages,known,,,bd6t55087031x: no usable pages in manifest.,2026-07-17T17:16:23.380262
lacharente,bd6t55087032b,,failed,0,0,,no_usable_pages,known,,,bd6t55087032b: no usable pages in manifest.,2026-07-17T17:16:23.551350
lacharente,bd6t55087033r,,failed,0,0,,no_usable_pages,known,,,bd6t55087033r: no usable pages in manifest.,2026-07-17T17:16:23.713759
lacharente,bd6t550870345,,failed,0,0,,no_usable_pages,known,,,bd6t550870345: no usable pages in manifest.,2026-07-17T17:16:23.855515
lacharente,bd6t55087035k,,failed,0,0,,no_usable_pages,known,,,bd6t55087035k: no usable pages in manifest.,2026-07-17T17:16:24.004605
lacharente,bd6t550870360,,failed,0,0,,no_usable_pages,known,,,bd6t550870360: no usable pages in manifest.,2026-07-17T17:16:24.133555
lacharente,bd6t55087037d,,failed,0,0,,no_usable_pages,known,,,bd6t55087037d: no usable pages in manifest.,2026-07-17T17:16:24.289620
lacharente,bd6t55087038t,,failed,0,0,,no_usable_pages,known,,,bd6t55087038t: no usable pages in manifest.,2026-07-17T17:16:24.508068
lacharente,bd6t550870397,,failed,0,0,,no_usable_pages,known,,,bd6t550870397: no usable pages in manifest.,2026-07-17T17:16:24.675544
lacharente,bd6t55087040w,,failed,0,0,,no_usable_pages,known,,,bd6t55087040w: no usable pages in manifest.,2026-07-17T17:16:24.881087
lacharente,bd6t550870419,,failed,0,0,,no_usable_pages,known,,,bd6t550870419: no usable pages in manifest.,2026-07-17T17:16:24.982583
lacharente,bd6t55087042q,,failed,0,0,,no_usable_pages,known,,,bd6t55087042q: no usable pages in manifest.,2026-07-17T17:16:25.081338
lacharente,bd6t550870434,,failed,0,0,,no_usable_pages,known,,,bd6t550870434: no usable pages in manifest.,2026-07-17T17:16:25.196729
lacharente,bd6t55087044j,,failed,0,0,,no_usable_pages,known,,,bd6t55087044j: no usable pages in manifest.,2026-07-17T17:16:25.291905
lacharente,bd6t55087045z,,failed,0,0,,no_usable_pages,known,,,bd6t55087045z: no usable pages in manifest.,2026-07-17T17:16:25.434978
lacharente,bd6t55087046c,,failed,0,0,,no_usable_pages,known,,,bd6t55087046c: no usable pages in manifest.,2026-07-17T17:16:25.586988
lacharente,bd6t55087047s,,failed,0,0,,no_usable_pages,known,,,bd6t55087047s: no usable pages in manifest.,2026-07-17T17:16:25.730895
lacharente,bd6t550870486,,failed,0,0,,no_usable_pages,known,,,bd6t550870486: no usable pages in manifest.,2026-07-17T17:16:25.932155
lacharente,bd6t55087049m,,failed,0,0,,no_usable_pages,known,,,bd6t55087049m: no usable pages in manifest.,2026-07-17T17:16:26.037983
lacharente,bd6t550870508,,failed,0,0,,no_usable_pages,known,,,bd6t550870508: no usable pages in manifest.,2026-07-17T17:16:26.175055
lacharente,bd6t55087051p,,failed,0,0,,no_usable_pages,known,,,bd6t55087051p: no usable pages in manifest.,2026-07-17T17:16:26.320701
lacharente,bd6t550870523,,failed,0,0,,no_usable_pages,known,,,bd6t550870523: no usable pages in manifest.,2026-07-17T17:16:26.472019
lacharente,bd6t55087053h,,failed,0,0,,no_usable_pages,known,,,bd6t55087053h: no usable pages in manifest.,2026-07-17T17:16:26.670080
lacharente,bd6t55087054x,,failed,0,0,,no_usable_pages,known,,,bd6t55087054x: no usable pages in manifest.,2026-07-17T17:16:26.802230
lacharente,bd6t55087055b,,failed,0,0,,no_usable_pages,known,,,bd6t55087055b: no usable pages in manifest.,2026-07-17T17:16:27.095664
lacharente,bd6t55087056r,,failed,0,0,,no_usable_pages,known,,,bd6t55087056r: no usable pages in manifest.,2026-07-17T17:16:27.477275
lacharente,bd6t550870575,,failed,0,0,,no_usable_pages,known,,,bd6t550870575: no usable pages in manifest.,2026-07-17T17:16:27.664849
lacharente,bd6t55087058k,,failed,0,0,,no_usable_pages,known,,,bd6t55087058k: no usable pages in manifest.,2026-07-17T17:16:27.871485
lacharente,bd6t550870590,,failed,0,0,,no_usable_pages,known,,,bd6t550870590: no usable pages in manifest.,2026-07-17T17:16:28.030460
lacharente,bd6t55087060n,,failed,0,0,,no_usable_pages,known,,,bd6t55087060n: no usable pages in manifest.,2026-07-17T17:16:28.128831
lacharente,bd6t550870612,,failed,0,0,,no_usable_pages,known,,,bd6t550870612: no usable pages in manifest.,2026-07-17T17:16:28.276764
lacharente,bd6t55087062g,,failed,0,0,,no_usable_pages,known,,,bd6t55087062g: no usable pages in manifest.,2026-07-17T17:16:28.420303
lacharente,bd6t55087068z,,failed,0,0,,no_usable_pages,known,,,bd6t55087068z: no usable pages in manifest.,2026-07-17T17:16:28.539404
lacharente,bd6t55087063w,,failed,0,0,,no_usable_pages,known,,,bd6t55087063w: no usable pages in manifest.,2026-07-17T17:16:28.703244
lacharente,bd6t550870649,,failed,0,0,,no_usable_pages,known,,,bd6t550870649: no usable pages in manifest.,2026-07-17T17:16:28.831489
lacharente,bd6t550870664,,failed,0,0,,no_usable_pages,known,,,bd6t550870664: no usable pages in manifest.,2026-07-17T17:16:28.973242
lacharente,bd6t55087067j,,failed,0,0,,no_usable_pages,known,,,bd6t55087067j: no usable pages in manifest.,2026-07-17T17:16:29.249707
lacharente,bd6t55087069c,,failed,0,0,,no_usable_pages,known,,,bd6t55087069c: no usable pages in manifest.,2026-07-17T17:16:29.441447
lacharente,bd6t550870701,,failed,0,0,,no_usable_pages,known,,,bd6t550870701: no usable pages in manifest.,2026-07-17T17:16:29.617892
lacharente,bd6t55087071f,,failed,0,0,,no_usable_pages,known,,,bd6t55087071f: no usable pages in manifest.,2026-07-17T17:16:29.768226
lacharente,bd6t55087072v,,failed,0,0,,no_usable_pages,known,,,bd6t55087072v: no usable pages in manifest.,2026-07-17T17:16:29.889911
lacharente,bd6t550870738,,failed,0,0,,no_usable_pages,known,,,bd6t550870738: no usable pages in manifest.,2026-07-17T17:16:30.025632
lacharente,bd6t55087074p,,failed,0,0,,no_usable_pages,known,,,bd6t55087074p: no usable pages in manifest.,2026-07-17T17:16:30.249219
lacharente,bd6t550870753,,failed,0,0,,no_usable_pages,known,,,bd6t550870753: no usable pages in manifest.,2026-07-17T17:16:30.510550
lacharente,bd6t55087076h,,failed,0,0,,no_usable_pages,known,,,bd6t55087076h: no usable pages in manifest.,2026-07-17T17:16:30.651597
lacharente,bd6t55087077x,,failed,0,0,,no_usable_pages,known,,,bd6t55087077x: no usable pages in manifest.,2026-07-17T17:16:30.781919
lacharente,bd6t55087078b,,failed,0,0,,no_usable_pages,known,,,bd6t55087078b: no usable pages in manifest.,2026-07-17T17:16:30.920712
lacharente,bd6t55087079r,,failed,0,0,,no_usable_pages,known,,,bd6t55087079r: no usable pages in manifest.,2026-07-17T17:16:31.066448
lacharente,bd6t55087080d,,failed,0,0,,no_usable_pages,known,,,bd6t55087080d: no usable pages in manifest.,2026-07-17T17:16:31.176397
lacharente,bd6t55087081t,,failed,0,0,,no_usable_pages,known,,,bd6t55087081t: no usable pages in manifest.,2026-07-17T17:16:31.469777
lacharente,bd6t550870827,,failed,0,0,,no_usable_pages,known,,,bd6t550870827: no usable pages in manifest.,2026-07-17T17:16:31.590397
lacharente,bd6t55087083n,,failed,0,0,,no_usable_pages,known,,,bd6t55087083n: no usable pages in manifest.,2026-07-17T17:16:31.724458
lacharente,bd6t550870842,,failed,0,0,,no_usable_pages,known,,,bd6t550870842: no usable pages in manifest.,2026-07-17T17:16:32.003140
lacharente,bd6t55087085g,,failed,0,0,,no_usable_pages,known,,,bd6t55087085g: no usable pages in manifest.,2026-07-17T17:16:32.395700
lacharente,bd6t55087086w,,failed,0,0,,no_usable_pages,known,,,bd6t55087086w: no usable pages in manifest.,2026-07-17T17:16:32.608420
lacharente,bd6t550870879,,failed,0,0,,no_usable_pages,known,,,bd6t550870879: no usable pages in manifest.,2026-07-17T17:16:32.733900
lacharente,bd6t55087088q,,failed,0,0,,no_usable_pages,known,,,bd6t55087088q: no usable pages in manifest.,2026-07-17T17:16:32.913001
lacharente,bd6t550870894,,failed,0,0,,no_usable_pages,known,,,bd6t550870894: no usable pages in manifest.,2026-07-17T17:16:33.058275
lacharente,bd6t55087090s,,failed,0,0,,no_usable_pages,known,,,bd6t55087090s: no usable pages in manifest.,2026-07-17T17:16:33.242513
lacharente,bd6t550870916,,failed,0,0,,no_usable_pages,known,,,bd6t550870916: no usable pages in manifest.,2026-07-17T17:16:33.423492
lacharente,bd6t55087092m,,failed,0,0,,no_usable_pages,known,,,bd6t55087092m: no usable pages in manifest.,2026-07-17T17:16:33.562064
lacharente,bd6t550870931,,failed,0,0,,no_usable_pages,known,,,bd6t550870931: no usable pages in manifest.,2026-07-17T17:16:33.839376
lacharente,bd6t55087094f,,failed,0,0,,no_usable_pages,known,,,bd6t55087094f: no usable pages in manifest.,2026-07-17T17:16:34.069344
lacharente,bd6t55087095v,,failed,0,0,,no_usable_pages,known,,,bd6t55087095v: no usable pages in manifest.,2026-07-17T17:16:34.177297
lacharente,bd6t550870968,,failed,0,0,,no_usable_pages,known,,,bd6t550870968: no usable pages in manifest.,2026-07-17T17:16:34.383764
lacharente,bd6t55087097p,,failed,0,0,,no_usable_pages,known,,,bd6t55087097p: no usable pages in manifest.,2026-07-17T17:16:34.532225
lacharente,bd6t550870983,,failed,0,0,,no_usable_pages,known,,,bd6t550870983: no usable pages in manifest.,2026-07-17T17:16:34.725723
lacharente,bd6t55087099h,,failed,0,0,,no_usable_pages,known,,,bd6t55087099h: no usable pages in manifest.,2026-07-17T17:16:34.918903
lacharente,bd6t55087100q,,failed,0,0,,no_usable_pages,known,,,bd6t55087100q: no usable pages in manifest.,2026-07-17T17:16:35.039137
lacharente,bd6t550871014,,failed,0,0,,no_usable_pages,known,,,bd6t550871014: no usable pages in manifest.,2026-07-17T17:16:35.182206
lacharente,bd6t55087102j,,failed,0,0,,no_usable_pages,known,,,bd6t55087102j: no usable pages in manifest.,2026-07-17T17:16:35.308555
lacharente,bd6t55087103z,,failed,0,0,,no_usable_pages,known,,,bd6t55087103z: no usable pages in manifest.,2026-07-17T17:16:35.416249
lacharente,bd6t55087104c,,failed,0,0,,no_usable_pages,known,,,bd6t55087104c: no usable pages in manifest.,2026-07-17T17:16:35.533470
lacharente,bd6t55087105s,,failed,0,0,,no_usable_pages,known,,,bd6t55087105s: no usable pages in manifest.,2026-07-17T17:16:35.654411
lacharente,bd6t550871066,,failed,0,0,,no_usable_pages,known,,,bd6t550871066: no usable pages in manifest.,2026-07-17T17:16:35.917231
lacharente,bd6t55087107m,,failed,0,0,,no_usable_pages,known,,,bd6t55087107m: no usable pages in manifest.,2026-07-17T17:16:36.103032
lacharente,bd6t550871081,,failed,0,0,,no_usable_pages,known,,,bd6t550871081: no usable pages in manifest.,2026-07-17T17:16:36.296186
lacharente,bd6t55087109f,,failed,0,0,,no_usable_pages,known,,,bd6t55087109f: no usable pages in manifest.,2026-07-17T17:16:36.410478
lacharente,bd6t550871103,,failed,0,0,,no_usable_pages,known,,,bd6t550871103: no usable pages in manifest.,2026-07-17T17:16:36.583291
lacharente,bd6t55087111h,,failed,0,0,,no_usable_pages,known,,,bd6t55087111h: no usable pages in manifest.,2026-07-17T17:16:36.685342
lacharente,bd6t55087112x,,failed,0,0,,no_usable_pages,known,,,bd6t55087112x: no usable pages in manifest.,2026-07-17T17:16:36.904807
lacharente,bd6t55087113b,,failed,0,0,,no_usable_pages,known,,,bd6t55087113b: no usable pages in manifest.,2026-07-17T17:16:37.109916
lacharente,bd6t55087114r,,failed,0,0,,no_usable_pages,known,,,bd6t55087114r: no usable pages in manifest.,2026-07-17T17:16:37.584338
lacharente,bd6t550871155,,failed,0,0,,no_usable_pages,known,,,bd6t550871155: no usable pages in manifest.,2026-07-17T17:16:37.753160
lacharente,bd6t55087116k,,failed,0,0,,no_usable_pages,known,,,bd6t55087116k: no usable pages in manifest.,2026-07-17T17:16:37.930922
lacharente,bd6t550871170,,failed,0,0,,no_usable_pages,known,,,bd6t550871170: no usable pages in manifest.,2026-07-17T17:16:38.132853
lacharente,bd6t55087118d,,failed,0,0,,no_usable_pages,known,,,bd6t55087118d: no usable pages in manifest.,2026-07-17T17:16:38.361623
lacharente,bd6t55087119t,,failed,0,0,,no_usable_pages,known,,,bd6t55087119t: no usable pages in manifest.,2026-07-17T17:16:38.546672
lacharente,bd6t55087120g,,failed,0,0,,no_usable_pages,known,,,bd6t55087120g: no usable pages in manifest.,2026-07-17T17:16:38.694698
lacharente,bd6t55087121w,,failed,0,0,,no_usable_pages,known,,,bd6t55087121w: no usable pages in manifest.,2026-07-17T17:16:38.857215
lacharente,bd6t550871229,,failed,0,0,,no_usable_pages,known,,,bd6t550871229: no usable pages in manifest.,2026-07-17T17:16:39.037780
lacharente,bd6t55087123q,,failed,0,0,,no_usable_pages,known,,,bd6t55087123q: no usable pages in manifest.,2026-07-17T17:16:39.231285
lacharente,bd6t550871244,,failed,0,0,,no_usable_pages,known,,,bd6t550871244: no usable pages in manifest.,2026-07-17T17:16:39.462818
lacharente,bd6t55087125j,,failed,0,0,,no_usable_pages,known,,,bd6t55087125j: no usable pages in manifest.,2026-07-17T17:16:39.589318
lacharente,bd6t55087126z,,failed,0,0,,no_usable_pages,known,,,bd6t55087126z: no usable pages in manifest.,2026-07-17T17:16:39.815220
lacharente,bd6t55087127c,,failed,0,0,,no_usable_pages,known,,,bd6t55087127c: no usable pages in manifest.,2026-07-17T17:16:39.982131
lacharente,bd6t55087128s,,failed,0,0,,no_usable_pages,known,,,bd6t55087128s: no usable pages in manifest.,2026-07-17T17:16:40.162624
lacharente,bd6t550871296,,failed,0,0,,no_usable_pages,known,,,bd6t550871296: no usable pages in manifest.,2026-07-17T17:16:40.330621
lacharente,bd6t55087130v,,failed,0,0,,no_usable_pages,known,,,bd6t55087130v: no usable pages in manifest.,2026-07-17T17:16:40.461961
lacharente,bd6t550871318,,failed,0,0,,no_usable_pages,known,,,bd6t550871318: no usable pages in manifest.,2026-07-17T17:16:40.633168
lacharente,bd6t55087132p,,failed,0,0,,no_usable_pages,known,,,bd6t55087132p: no usable pages in manifest.,2026-07-17T17:16:40.792518
lacharente,bd6t550871333,,failed,0,0,,no_usable_pages,known,,,bd6t550871333: no usable pages in manifest.,2026-07-17T17:16:40.981249
lacharente,bd6t55087134h,,failed,0,0,,no_usable_pages,known,,,bd6t55087134h: no usable pages in manifest.,2026-07-17T17:16:41.166466
lacharente,bd6t55087135x,,failed,0,0,,no_usable_pages,known,,,bd6t55087135x: no usable pages in manifest.,2026-07-17T17:16:41.331507
lacharente,bd6t55087136b,,failed,0,0,,no_usable_pages,known,,,bd6t55087136b: no usable pages in manifest.,2026-07-17T17:16:41.451644
lacharente,bd6t55087137r,,failed,0,0,,no_usable_pages,known,,,bd6t55087137r: no usable pages in manifest.,2026-07-17T17:16:41.580880
lacharente,bd6t550871385,,failed,0,0,,no_usable_pages,known,,,bd6t550871385: no usable pages in manifest.,2026-07-17T17:16:41.726119
lacharente,bd6t55087139k,,failed,0,0,,no_usable_pages,known,,,bd6t55087139k: no usable pages in manifest.,2026-07-17T17:16:41.975693
lacharente,bd6t550871407,,failed,0,0,,no_usable_pages,known,,,bd6t550871407: no usable pages in manifest.,2026-07-17T17:16:42.125041
lacharente,bd6t55087141n,,failed,0,0,,no_usable_pages,known,,,bd6t55087141n: no usable pages in manifest.,2026-07-17T17:16:42.773939
lacharente,bd6t550871422,,failed,0,0,,no_usable_pages,known,,,bd6t550871422: no usable pages in manifest.,2026-07-17T17:16:43.034565
lacharente,bd6t55087143g,,failed,0,0,,no_usable_pages,known,,,bd6t55087143g: no usable pages in manifest.,2026-07-17T17:16:43.142586
lacharente,bd6t55087144w,,failed,0,0,,no_usable_pages,known,,,bd6t55087144w: no usable pages in manifest.,2026-07-17T17:16:43.251599
lacharente,bd6t550871459,,failed,0,0,,no_usable_pages,known,,,bd6t550871459: no usable pages in manifest.,2026-07-17T17:16:43.379957
lacharente,bd6t55087146q,,failed,0,0,,no_usable_pages,known,,,bd6t55087146q: no usable pages in manifest.,2026-07-17T17:16:43.547486
lacharente,bd6t550871474,,failed,0,0,,no_usable_pages,known,,,bd6t550871474: no usable pages in manifest.,2026-07-17T17:16:43.665573
lacharente,bd6t55087148j,,failed,0,0,,no_usable_pages,known,,,bd6t55087148j: no usable pages in manifest.,2026-07-17T17:16:43.759129
lacharente,bd6t55087149z,,failed,0,0,,no_usable_pages,known,,,bd6t55087149z: no usable pages in manifest.,2026-07-17T17:16:43.882205
lacharente,bd6t55087150m,,failed,0,0,,no_usable_pages,known,,,bd6t55087150m: no usable pages in manifest.,2026-07-17T17:16:44.033294
lacharente,bd6t550871511,,failed,0,0,,no_usable_pages,known,,,bd6t550871511: no usable pages in manifest.,2026-07-17T17:16:44.213691
lacharente,bd6t55087152f,,failed,0,0,,no_usable_pages,known,,,bd6t55087152f: no usable pages in manifest.,2026-07-17T17:16:44.334962
lacharente,bd6t55087153v,,failed,0,0,,no_usable_pages,known,,,bd6t55087153v: no usable pages in manifest.,2026-07-17T17:16:44.499257
lacharente,bd6t550871548,,failed,0,0,,no_usable_pages,known,,,bd6t550871548: no usable pages in manifest.,2026-07-17T17:16:44.638342
lacharente,bd6t55087155p,,failed,0,0,,no_usable_pages,known,,,bd6t55087155p: no usable pages in manifest.,2026-07-17T17:16:44.766015
lacharente,bd6t550871563,,failed,0,0,,no_usable_pages,known,,,bd6t550871563: no usable pages in manifest.,2026-07-17T17:16:44.872846
lacharente,bd6t55087157h,,failed,0,0,,no_usable_pages,known,,,bd6t55087157h: no usable pages in manifest.,2026-07-17T17:16:45.222996
lacharente,bd6t55087158x,,failed,0,0,,no_usable_pages,known,,,bd6t55087158x: no usable pages in manifest.,2026-07-17T17:16:45.332698
lacharente,bd6t55087159b,,failed,0,0,,no_usable_pages,known,,,bd6t55087159b: no usable pages in manifest.,2026-07-17T17:16:45.414643
lacharente,bd6t550871600,,failed,0,0,,no_usable_pages,known,,,bd6t550871600: no usable pages in manifest.,2026-07-17T17:16:45.615863
lacharente,bd6t55087161d,,failed,0,0,,no_usable_pages,known,,,bd6t55087161d: no usable pages in manifest.,2026-07-17T17:16:45.767584
lacharente,bd6t55087162t,,failed,0,0,,no_usable_pages,known,,,bd6t55087162t: no usable pages in manifest.,2026-07-17T17:16:45.934943
lacharente,bd6t550871637,,failed,0,0,,no_usable_pages,known,,,bd6t550871637: no usable pages in manifest.,2026-07-17T17:16:46.037900
lacharente,bd6t55087164n,,failed,0,0,,no_usable_pages,known,,,bd6t55087164n: no usable pages in manifest.,2026-07-17T17:16:46.203701
lacharente,bd6t550871652,,failed,0,0,,no_usable_pages,known,,,bd6t550871652: no usable pages in manifest.,2026-07-17T17:16:46.346448
lacharente,bd6t55087166g,,failed,0,0,,no_usable_pages,known,,,bd6t55087166g: no usable pages in manifest.,2026-07-17T17:16:46.451477
lacharente,bd6t55087167w,,failed,0,0,,no_usable_pages,known,,,bd6t55087167w: no usable pages in manifest.,2026-07-17T17:16:46.639949
lacharente,bd6t550871689,,failed,0,0,,no_usable_pages,known,,,bd6t550871689: no usable pages in manifest.,2026-07-17T17:16:46.858141
lacharente,bd6t55087169q,,failed,0,0,,no_usable_pages,known,,,bd6t55087169q: no usable pages in manifest.,2026-07-17T17:16:46.960417
lacharente,bd6t55087170c,,failed,0,0,,no_usable_pages,known,,,bd6t55087170c: no usable pages in manifest.,2026-07-17T17:16:47.061457
lacharente,bd6t55087171s,,failed,0,0,,no_usable_pages,known,,,bd6t55087171s: no usable pages in manifest.,2026-07-17T17:16:47.190250
lacharente,bd6t550871726,,failed,0,0,,no_usable_pages,known,,,bd6t550871726: no usable pages in manifest.,2026-07-17T17:16:47.445611
lacharente,bd6t55087173m,,failed,0,0,,no_usable_pages,known,,,bd6t55087173m: no usable pages in manifest.,2026-07-17T17:16:47.764948
lacharente,bd6t550871741,,failed,0,0,,no_usable_pages,known,,,bd6t550871741: no usable pages in manifest.,2026-07-17T17:16:47.904418
lacharente,bd6t55087175f,,failed,0,0,,no_usable_pages,known,,,bd6t55087175f: no usable pages in manifest.,2026-07-17T17:16:48.023501
lacharente,bd6t55087176v,,failed,0,0,,no_usable_pages,known,,,bd6t55087176v: no usable pages in manifest.,2026-07-17T17:16:48.128080
lacharente,bd6t550871778,,failed,0,0,,no_usable_pages,known,,,bd6t550871778: no usable pages in manifest.,2026-07-17T17:16:48.271859
lacharente,bd6t55087178p,,failed,0,0,,no_usable_pages,known,,,bd6t55087178p: no usable pages in manifest.,2026-07-17T17:16:48.394666
lacharente,bd6t550871793,,failed,0,0,,no_usable_pages,known,,,bd6t550871793: no usable pages in manifest.,2026-07-17T17:16:48.508136
lacharente,bd6t55087180r,,failed,0,0,,no_usable_pages,known,,,bd6t55087180r: no usable pages in manifest.,2026-07-17T17:16:48.624229
lacharente,bd6t550871815,,failed,0,0,,no_usable_pages,known,,,bd6t550871815: no usable pages in manifest.,2026-07-17T17:16:48.717237
lacharente,bd6t55087182k,,failed,0,0,,no_usable_pages,known,,,bd6t55087182k: no usable pages in manifest.,2026-07-17T17:16:48.956227
lacharente,bd6t550871830,,failed,0,0,,no_usable_pages,known,,,bd6t550871830: no usable pages in manifest.,2026-07-17T17:16:49.108337
lacharente,bd6t55087184d,,failed,0,0,,no_usable_pages,known,,,bd6t55087184d: no usable pages in manifest.,2026-07-17T17:16:49.275716
lacharente,bd6t55087185t,,failed,0,0,,no_usable_pages,known,,,bd6t55087185t: no usable pages in manifest.,2026-07-17T17:16:49.493849
lacharente,bd6t550871867,,failed,0,0,,no_usable_pages,known,,,bd6t550871867: no usable pages in manifest.,2026-07-17T17:16:49.656416
lacharente,bd6t55087187n,,failed,0,0,,no_usable_pages,known,,,bd6t55087187n: no usable pages in manifest.,2026-07-17T17:16:49.807898
lacharente,bd6t550871882,,failed,0,0,,no_usable_pages,known,,,bd6t550871882: no usable pages in manifest.,2026-07-17T17:16:49.943192
lacharente,bd6t55087189g,,failed,0,0,,no_usable_pages,known,,,bd6t55087189g: no usable pages in manifest.,2026-07-17T17:16:50.079741
lacharente,bd6t550871904,,failed,0,0,,no_usable_pages,known,,,bd6t550871904: no usable pages in manifest.,2026-07-17T17:16:50.228500
lacharente,bd6t55087191j,,failed,0,0,,no_usable_pages,known,,,bd6t55087191j: no usable pages in manifest.,2026-07-17T17:16:50.363675
lacharente,bd6t55087192z,,failed,0,0,,no_usable_pages,known,,,bd6t55087192z: no usable pages in manifest.,2026-07-17T17:16:50.622260
lacharente,bd6t55087193c,,failed,0,0,,no_usable_pages,known,,,bd6t55087193c: no usable pages in manifest.,2026-07-17T17:16:50.826358
lacharente,bd6t55087194s,,failed,0,0,,no_usable_pages,known,,,bd6t55087194s: no usable pages in manifest.,2026-07-17T17:16:51.031730
lacharente,bd6t550871956,,failed,0,0,,no_usable_pages,known,,,bd6t550871956: no usable pages in manifest.,2026-07-17T17:16:51.319196
lacharente,bd6t55087196m,,failed,0,0,,no_usable_pages,known,,,bd6t55087196m: no usable pages in manifest.,2026-07-17T17:16:51.459610
lacharente,bd6t550871971,,failed,0,0,,no_usable_pages,known,,,bd6t550871971: no usable pages in manifest.,2026-07-17T17:16:51.685471
lacharente,bd6t55087199v,,failed,0,0,,no_usable_pages,known,,,bd6t55087199v: no usable pages in manifest.,2026-07-17T17:16:51.859059
lacharente,bd6t55087198f,,failed,0,0,,no_usable_pages,known,,,bd6t55087198f: no usable pages in manifest.,2026-07-17T17:16:52.058120
lacharente,bd6t550872002,,failed,0,0,,no_usable_pages,known,,,bd6t550872002: no usable pages in manifest.,2026-07-17T17:16:52.420256
lacharente,bd6t55087201g,,failed,0,0,,no_usable_pages,known,,,bd6t55087201g: no usable pages in manifest.,2026-07-17T17:16:52.680450
lacharente,bd6t55087202w,,failed,0,0,,no_usable_pages,known,,,bd6t55087202w: no usable pages in manifest.,2026-07-17T17:16:52.885814
lacharente,bd6t550872039,,failed,0,0,,no_usable_pages,known,,,bd6t550872039: no usable pages in manifest.,2026-07-17T17:16:53.026113
lacharente,bd6t55087204q,,failed,0,0,,no_usable_pages,known,,,bd6t55087204q: no usable pages in manifest.,2026-07-17T17:16:53.190415
lacharente,bd6t550872054,,failed,0,0,,no_usable_pages,known,,,bd6t550872054: no usable pages in manifest.,2026-07-17T17:16:53.402872
lacharente,bd6t55087206j,,failed,0,0,,no_usable_pages,known,,,bd6t55087206j: no usable pages in manifest.,2026-07-17T17:16:53.563854
lacharente,bd6t55087208c,,failed,0,0,,no_usable_pages,known,,,bd6t55087208c: no usable pages in manifest.,2026-07-17T17:16:53.832838
lacharente,bd6t55087209s,,failed,0,0,,no_usable_pages,known,,,bd6t55087209s: no usable pages in manifest.,2026-07-17T17:16:53.999475
lacharente,bd6t55087210f,,failed,0,0,,no_usable_pages,known,,,bd6t55087210f: no usable pages in manifest.,2026-07-17T17:16:54.121148
lacharente,bd6t55087211v,,failed,0,0,,no_usable_pages,known,,,bd6t55087211v: no usable pages in manifest.,2026-07-17T17:16:54.268224
lacharente,bd6t550872128,,failed,0,0,,no_usable_pages,known,,,bd6t550872128: no usable pages in manifest.,2026-07-17T17:16:54.419520
lacharente,bd6t55087213p,,failed,0,0,,no_usable_pages,known,,,bd6t55087213p: no usable pages in manifest.,2026-07-17T17:16:54.545534
lacharente,bd6t550872143,,failed,0,0,,no_usable_pages,known,,,bd6t550872143: no usable pages in manifest.,2026-07-17T17:16:54.669097
lacharente,bd6t55087215h,,failed,0,0,,no_usable_pages,known,,,bd6t55087215h: no usable pages in manifest.,2026-07-17T17:16:54.898133
lacharente,bd6t55087207z,,failed,0,0,,no_usable_pages,known,,,bd6t55087207z: no usable pages in manifest.,2026-07-17T17:16:55.078454
lacharente,bd6t55087216x,,failed,0,0,,no_usable_pages,known,,,bd6t55087216x: no usable pages in manifest.,2026-07-17T17:16:55.333151
lacharente,bd6t55087217b,,failed,0,0,,no_usable_pages,known,,,bd6t55087217b: no usable pages in manifest.,2026-07-17T17:16:55.567256
lacharente,bd6t55087218r,,failed,0,0,,no_usable_pages,known,,,bd6t55087218r: no usable pages in manifest.,2026-07-17T17:16:55.700178
lacharente,bd6t550872195,,failed,0,0,,no_usable_pages,known,,,bd6t550872195: no usable pages in manifest.,2026-07-17T17:16:55.942895
lacharente,bd6t55087220t,,failed,0,0,,no_usable_pages,known,,,bd6t55087220t: no usable pages in manifest.,2026-07-17T17:16:56.095297
lacharente,bd6t550872217,,failed,0,0,,no_usable_pages,known,,,bd6t550872217: no usable pages in manifest.,2026-07-17T17:16:56.248990
lacharente,bd6t55087222n,,failed,0,0,,no_usable_pages,known,,,bd6t55087222n: no usable pages in manifest.,2026-07-17T17:16:56.430569
lacharente,bd6t550872232,,failed,0,0,,no_usable_pages,known,,,bd6t550872232: no usable pages in manifest.,2026-07-17T17:16:56.618372
lacharente,bd6t55087224g,,failed,0,0,,no_usable_pages,known,,,bd6t55087224g: no usable pages in manifest.,2026-07-17T17:16:56.765372
lacharente,bd6t55087225w,,failed,0,0,,no_usable_pages,known,,,bd6t55087225w: no usable pages in manifest.,2026-07-17T17:16:57.126354
lacharente,bd6t550872269,,failed,0,0,,no_usable_pages,known,,,bd6t550872269: no usable pages in manifest.,2026-07-17T17:16:57.674195
lacharente,bd6t55087227q,,failed,0,0,,no_usable_pages,known,,,bd6t55087227q: no usable pages in manifest.,2026-07-17T17:16:57.853872
lacharente,bd6t550872284,,failed,0,0,,no_usable_pages,known,,,bd6t550872284: no usable pages in manifest.,2026-07-17T17:16:58.028138
lacharente,bd6t55087229j,,failed,0,0,,no_usable_pages,known,,,bd6t55087229j: no usable pages in manifest.,2026-07-17T17:16:58.208403
lacharente,bd6t550872306,,failed,0,0,,no_usable_pages,known,,,bd6t550872306: no usable pages in manifest.,2026-07-17T17:16:58.376153
lacharente,bd6t55087231m,,failed,0,0,,no_usable_pages,known,,,bd6t55087231m: no usable pages in manifest.,2026-07-17T17:16:58.480575
lacharente,bd6t550872321,,failed,0,0,,no_usable_pages,known,,,bd6t550872321: no usable pages in manifest.,2026-07-17T17:16:58.667832
lacharente,bd6t55087233f,,failed,0,0,,no_usable_pages,known,,,bd6t55087233f: no usable pages in manifest.,2026-07-17T17:16:58.822643
lacharente,bd6t55087234v,,failed,0,0,,no_usable_pages,known,,,bd6t55087234v: no usable pages in manifest.,2026-07-17T17:16:58.944402
lacharente,bd6t550872358,,failed,0,0,,no_usable_pages,known,,,bd6t550872358: no usable pages in manifest.,2026-07-17T17:16:59.130250
lacharente,bd6t55087236p,,failed,0,0,,no_usable_pages,known,,,bd6t55087236p: no usable pages in manifest.,2026-07-17T17:16:59.301349
lacharente,bd6t550872373,,failed,0,0,,no_usable_pages,known,,,bd6t550872373: no usable pages in manifest.,2026-07-17T17:16:59.447825
lacharente,bd6t55087238h,,failed,0,0,,no_usable_pages,known,,,bd6t55087238h: no usable pages in manifest.,2026-07-17T17:16:59.642838
lacharente,bd6t55087239x,,failed,0,0,,no_usable_pages,known,,,bd6t55087239x: no usable pages in manifest.,2026-07-17T17:16:59.871915
lacharente,bd6t55087240k,,failed,0,0,,no_usable_pages,known,,,bd6t55087240k: no usable pages in manifest.,2026-07-17T17:17:00.119115
lacharente,bd6t550872410,,failed,0,0,,no_usable_pages,known,,,bd6t550872410: no usable pages in manifest.,2026-07-17T17:17:00.399658
lacharente,bd6t55087242d,,failed,0,0,,no_usable_pages,known,,,bd6t55087242d: no usable pages in manifest.,2026-07-17T17:17:00.560928
lacharente,bd6t55087243t,,failed,0,0,,no_usable_pages,known,,,bd6t55087243t: no usable pages in manifest.,2026-07-17T17:17:00.730548
lacharente,bd6t550872447,,failed,0,0,,no_usable_pages,known,,,bd6t550872447: no usable pages in manifest.,2026-07-17T17:17:01.007797
lacharente,bd6t55087245n,,failed,0,0,,no_usable_pages,known,,,bd6t55087245n: no usable pages in manifest.,2026-07-17T17:17:01.184859
lacharente,bd6t550872462,,failed,0,0,,no_usable_pages,known,,,bd6t550872462: no usable pages in manifest.,2026-07-17T17:17:01.516721
lacharente,bd6t55087247g,,failed,0,0,,no_usable_pages,known,,,bd6t55087247g: no usable pages in manifest.,2026-07-17T17:17:01.704733
lacharente,bd6t55087248w,,failed,0,0,,no_usable_pages,known,,,bd6t55087248w: no usable pages in manifest.,2026-07-17T17:17:01.876268
lacharente,bd6t550872499,,failed,0,0,,no_usable_pages,known,,,bd6t550872499: no usable pages in manifest.,2026-07-17T17:17:02.354517
lacharente,bd6t55087250z,,failed,0,0,,no_usable_pages,known,,,bd6t55087250z: no usable pages in manifest.,2026-07-17T17:17:02.606754
lacharente,bd6t55087251c,,failed,0,0,,no_usable_pages,known,,,bd6t55087251c: no usable pages in manifest.,2026-07-17T17:17:02.716696
lacharente,bd6t55087252s,,failed,0,0,,no_usable_pages,known,,,bd6t55087252s: no usable pages in manifest.,2026-07-17T17:17:02.889480
lacharente,bd6t550872536,,failed,0,0,,no_usable_pages,known,,,bd6t550872536: no usable pages in manifest.,2026-07-17T17:17:03.024518
lacharente,bd6t55087254m,,failed,0,0,,no_usable_pages,known,,,bd6t55087254m: no usable pages in manifest.,2026-07-17T17:17:03.239655
lacharente,bd6t550872551,,failed,0,0,,no_usable_pages,known,,,bd6t550872551: no usable pages in manifest.,2026-07-17T17:17:03.467558
lacharente,bd6t55087256f,,failed,0,0,,no_usable_pages,known,,,bd6t55087256f: no usable pages in manifest.,2026-07-17T17:17:03.700514
lacharente,bd6t55087257v,,failed,0,0,,no_usable_pages,known,,,bd6t55087257v: no usable pages in manifest.,2026-07-17T17:17:03.869444
lacharente,bd6t550872588,,failed,0,0,,no_usable_pages,known,,,bd6t550872588: no usable pages in manifest.,2026-07-17T17:17:04.008990
lacharente,bd6t55087259p,,failed,0,0,,no_usable_pages,known,,,bd6t55087259p: no usable pages in manifest.,2026-07-17T17:17:04.197701
lacharente,bd6t55087260b,,failed,0,0,,no_usable_pages,known,,,bd6t55087260b: no usable pages in manifest.,2026-07-17T17:17:04.329979
lacharente,bd6t55087261r,,failed,0,0,,no_usable_pages,known,,,bd6t55087261r: no usable pages in manifest.,2026-07-17T17:17:04.442161
lacharente,bd6t550872625,,failed,0,0,,no_usable_pages,known,,,bd6t550872625: no usable pages in manifest.,2026-07-17T17:17:04.557884
lacharente,bd6t55087263k,,failed,0,0,,no_usable_pages,known,,,bd6t55087263k: no usable pages in manifest.,2026-07-17T17:17:04.802006
lacharente,bd6t550872640,,failed,0,0,,no_usable_pages,known,,,bd6t550872640: no usable pages in manifest.,2026-07-17T17:17:04.952481
lacharente,bd6t55087265d,,failed,0,0,,no_usable_pages,known,,,bd6t55087265d: no usable pages in manifest.,2026-07-17T17:17:05.098488
lacharente,bd6t55087266t,,failed,0,0,,no_usable_pages,known,,,bd6t55087266t: no usable pages in manifest.,2026-07-17T17:17:05.266109
lacharente,bd6t550872677,,failed,0,0,,no_usable_pages,known,,,bd6t550872677: no usable pages in manifest.,2026-07-17T17:17:05.389752
lacharente,bd6t55087268n,,failed,0,0,,no_usable_pages,known,,,bd6t55087268n: no usable pages in manifest.,2026-07-17T17:17:05.574428
lacharente,bd6t550872692,,failed,0,0,,no_usable_pages,known,,,bd6t550872692: no usable pages in manifest.,2026-07-17T17:17:05.757118
lacharente,bd6t55087270q,,failed,0,0,,no_usable_pages,known,,,bd6t55087270q: no usable pages in manifest.,2026-07-17T17:17:05.858013
lacharente,bd6t550872714,,failed,0,0,,no_usable_pages,known,,,bd6t550872714: no usable pages in manifest.,2026-07-17T17:17:05.969456
lacharente,bd6t55087272j,,failed,0,0,,no_usable_pages,known,,,bd6t55087272j: no usable pages in manifest.,2026-07-17T17:17:06.112161
lacharente,bd6t55087273z,,failed,0,0,,no_usable_pages,known,,,bd6t55087273z: no usable pages in manifest.,2026-07-17T17:17:06.230122
lacharente,bd6t55087274c,,failed,0,0,,no_usable_pages,known,,,bd6t55087274c: no usable pages in manifest.,2026-07-17T17:17:06.420607
lacharente,bd6t55087275s,,failed,0,0,,no_usable_pages,known,,,bd6t55087275s: no usable pages in manifest.,2026-07-17T17:17:06.536977
lacharente,bd6t550872766,,failed,0,0,,no_usable_pages,known,,,bd6t550872766: no usable pages in manifest.,2026-07-17T17:17:06.664851
lacharente,bd6t55087277m,,failed,0,0,,no_usable_pages,known,,,bd6t55087277m: no usable pages in manifest.,2026-07-17T17:17:06.898694
lacharente,bd6t550872781,,failed,0,0,,no_usable_pages,known,,,bd6t550872781: no usable pages in manifest.,2026-07-17T17:17:07.028683
lacharente,bd6t55087279f,,failed,0,0,,no_usable_pages,known,,,bd6t55087279f: no usable pages in manifest.,2026-07-17T17:17:07.416469
lacharente,bd6t550872803,,failed,0,0,,no_usable_pages,known,,,bd6t550872803: no usable pages in manifest.,2026-07-17T17:17:07.627847
lacharente,bd6t55087281h,,failed,0,0,,no_usable_pages,known,,,bd6t55087281h: no usable pages in manifest.,2026-07-17T17:17:07.825060
lacharente,bd6t55087282x,,failed,0,0,,no_usable_pages,known,,,bd6t55087282x: no usable pages in manifest.,2026-07-17T17:17:07.997710
lacharente,bd6t55087283b,,failed,0,0,,no_usable_pages,known,,,bd6t55087283b: no usable pages in manifest.,2026-07-17T17:17:08.144484
lacharente,bd6t55087284r,,failed,0,0,,no_usable_pages,known,,,bd6t55087284r: no usable pages in manifest.,2026-07-17T17:17:08.273949
lacharente,bd6t550872855,,failed,0,0,,no_usable_pages,known,,,bd6t550872855: no usable pages in manifest.,2026-07-17T17:17:08.406249
lacharente,bd6t55087286k,,failed,0,0,,no_usable_pages,known,,,bd6t55087286k: no usable pages in manifest.,2026-07-17T17:17:08.575167
lacharente,bd6t550872870,,failed,0,0,,no_usable_pages,known,,,bd6t550872870: no usable pages in manifest.,2026-07-17T17:17:08.743014
lacharente,bd6t55087288d,,failed,0,0,,no_usable_pages,known,,,bd6t55087288d: no usable pages in manifest.,2026-07-17T17:17:08.942768
lacharente,bd6t55087289t,,failed,0,0,,no_usable_pages,known,,,bd6t55087289t: no usable pages in manifest.,2026-07-17T17:17:09.098823
lacharente,bd6t55087290g,,failed,0,0,,no_usable_pages,known,,,bd6t55087290g: no usable pages in manifest.,2026-07-17T17:17:09.247437
lacharente,bd6t55087291w,,failed,0,0,,no_usable_pages,known,,,bd6t55087291w: no usable pages in manifest.,2026-07-17T17:17:09.384333
lacharente,bd6t550872929,,failed,0,0,,no_usable_pages,known,,,bd6t550872929: no usable pages in manifest.,2026-07-17T17:17:09.554093
lacharente,bd6t55087293q,,failed,0,0,,no_usable_pages,known,,,bd6t55087293q: no usable pages in manifest.,2026-07-17T17:17:09.783090
lacharente,bd6t550872944,,failed,0,0,,no_usable_pages,known,,,bd6t550872944: no usable pages in manifest.,2026-07-17T17:17:09.962946
lacharente,bd6t55087295j,,failed,0,0,,no_usable_pages,known,,,bd6t55087295j: no usable pages in manifest.,2026-07-17T17:17:10.251070
lacharente,bd6t55087296z,,failed,0,0,,no_usable_pages,known,,,bd6t55087296z: no usable pages in manifest.,2026-07-17T17:17:10.382169
lacharente,bd6t55087297c,,failed,0,0,,no_usable_pages,known,,,bd6t55087297c: no usable pages in manifest.,2026-07-17T17:17:10.527644
lacharente,bd6t55087298s,,failed,0,0,,no_usable_pages,known,,,bd6t55087298s: no usable pages in manifest.,2026-07-17T17:17:10.741566
lacharente,bd6t550872996,,failed,0,0,,no_usable_pages,known,,,bd6t550872996: no usable pages in manifest.,2026-07-17T17:17:11.076641
lacharente,bd6t55087300d,,failed,0,0,,no_usable_pages,known,,,bd6t55087300d: no usable pages in manifest.,2026-07-17T17:17:11.324692
lacharente,bd6t55087301t,,failed,0,0,,no_usable_pages,known,,,bd6t55087301t: no usable pages in manifest.,2026-07-17T17:17:11.461905
lacharente,bd6t550873027,,failed,0,0,,no_usable_pages,known,,,bd6t550873027: no usable pages in manifest.,2026-07-17T17:17:11.650476
lacharente,bd6t55087303n,,failed,0,0,,no_usable_pages,known,,,bd6t55087303n: no usable pages in manifest.,2026-07-17T17:17:11.820388
lacharente,bd6t550873042,,failed,0,0,,no_usable_pages,known,,,bd6t550873042: no usable pages in manifest.,2026-07-17T17:17:12.172995
lacharente,bd6t55087305g,,failed,0,0,,no_usable_pages,known,,,bd6t55087305g: no usable pages in manifest.,2026-07-17T17:17:12.651174
lacharente,bd6t55087306w,,failed,0,0,,no_usable_pages,known,,,bd6t55087306w: no usable pages in manifest.,2026-07-17T17:17:12.789619
lacharente,bd6t550873079,,failed,0,0,,no_usable_pages,known,,,bd6t550873079: no usable pages in manifest.,2026-07-17T17:17:12.947223
lacharente,bd6t55087308q,,failed,0,0,,no_usable_pages,known,,,bd6t55087308q: no usable pages in manifest.,2026-07-17T17:17:13.086763
lacharente,bd6t550873094,,failed,0,0,,no_usable_pages,known,,,bd6t550873094: no usable pages in manifest.,2026-07-17T17:17:13.217141
lacharente,bd6t55087310s,,failed,0,0,,no_usable_pages,known,,,bd6t55087310s: no usable pages in manifest.,2026-07-17T17:17:13.391075
lacharente,bd6t550873116,,failed,0,0,,no_usable_pages,known,,,bd6t550873116: no usable pages in manifest.,2026-07-17T17:17:13.556978
lacharente,bd6t55087312m,,failed,0,0,,no_usable_pages,known,,,bd6t55087312m: no usable pages in manifest.,2026-07-17T17:17:13.806933
lacharente,bd6t550873131,,failed,0,0,,no_usable_pages,known,,,bd6t550873131: no usable pages in manifest.,2026-07-17T17:17:13.979424
lacharente,bd6t55087314f,,failed,0,0,,no_usable_pages,known,,,bd6t55087314f: no usable pages in manifest.,2026-07-17T17:17:14.182384
lacharente,bd6t55087315v,,failed,0,0,,no_usable_pages,known,,,bd6t55087315v: no usable pages in manifest.,2026-07-17T17:17:14.351113
lacharente,bd6t550873168,,failed,0,0,,no_usable_pages,known,,,bd6t550873168: no usable pages in manifest.,2026-07-17T17:17:14.509884
lacharente,bd6t55087317p,,failed,0,0,,no_usable_pages,known,,,bd6t55087317p: no usable pages in manifest.,2026-07-17T17:17:14.723375
lacharente,bd6t550873183,,failed,0,0,,no_usable_pages,known,,,bd6t550873183: no usable pages in manifest.,2026-07-17T17:17:14.977597
lacharente,bd6t55087319h,,failed,0,0,,no_usable_pages,known,,,bd6t55087319h: no usable pages in manifest.,2026-07-17T17:17:15.166834
lacharente,bd6t550873205,,failed,0,0,,no_usable_pages,known,,,bd6t550873205: no usable pages in manifest.,2026-07-17T17:17:15.300672
lacharente,bd6t55087321k,,failed,0,0,,no_usable_pages,known,,,bd6t55087321k: no usable pages in manifest.,2026-07-17T17:17:15.447594
lacharente,bd6t550873220,,failed,0,0,,no_usable_pages,known,,,bd6t550873220: no usable pages in manifest.,2026-07-17T17:17:15.587117
lacharente,bd6t55087323d,,failed,0,0,,no_usable_pages,known,,,bd6t55087323d: no usable pages in manifest.,2026-07-17T17:17:15.737992
lacharente,bd6t55087324t,,failed,0,0,,no_usable_pages,known,,,bd6t55087324t: no usable pages in manifest.,2026-07-17T17:17:15.946732
lacharente,bd6t550873257,,failed,0,0,,no_usable_pages,known,,,bd6t550873257: no usable pages in manifest.,2026-07-17T17:17:16.059317
lacharente,bd6t55087326n,,failed,0,0,,no_usable_pages,known,,,bd6t55087326n: no usable pages in manifest.,2026-07-17T17:17:16.231872
lacharente,bd6t550873272,,failed,0,0,,no_usable_pages,known,,,bd6t550873272: no usable pages in manifest.,2026-07-17T17:17:16.347478
lacharente,bd6t55087328g,,failed,0,0,,no_usable_pages,known,,,bd6t55087328g: no usable pages in manifest.,2026-07-17T17:17:16.436804
lacharente,bd6t55087329w,,failed,0,0,,no_usable_pages,known,,,bd6t55087329w: no usable pages in manifest.,2026-07-17T17:17:16.557474
lacharente,bd6t55087330j,,failed,0,0,,no_usable_pages,known,,,bd6t55087330j: no usable pages in manifest.,2026-07-17T17:17:16.683145
lacharente,bd6t55087331z,,failed,0,0,,no_usable_pages,known,,,bd6t55087331z: no usable pages in manifest.,2026-07-17T17:17:16.838818
lacharente,bd6t55087332c,,failed,0,0,,no_usable_pages,known,,,bd6t55087332c: no usable pages in manifest.,2026-07-17T17:17:16.998959
lacharente,bd6t55087333s,,failed,0,0,,no_usable_pages,known,,,bd6t55087333s: no usable pages in manifest.,2026-07-17T17:17:17.104252
lacharente,bd6t550873346,,failed,0,0,,no_usable_pages,known,,,bd6t550873346: no usable pages in manifest.,2026-07-17T17:17:17.297088
lacharente,bd6t55087335m,,failed,0,0,,no_usable_pages,known,,,bd6t55087335m: no usable pages in manifest.,2026-07-17T17:17:17.681532
lacharente,bd6t550873361,,failed,0,0,,no_usable_pages,known,,,bd6t550873361: no usable pages in manifest.,2026-07-17T17:17:17.832633
lacharente,bd6t55087337f,,failed,0,0,,no_usable_pages,known,,,bd6t55087337f: no usable pages in manifest.,2026-07-17T17:17:18.052726
lacharente,bd6t55087338v,,failed,0,0,,no_usable_pages,known,,,bd6t55087338v: no usable pages in manifest.,2026-07-17T17:17:18.341362
lacharente,bd6t550873398,,failed,0,0,,no_usable_pages,known,,,bd6t550873398: no usable pages in manifest.,2026-07-17T17:17:18.564270
lacharente,bd6t55087340x,,failed,0,0,,no_usable_pages,known,,,bd6t55087340x: no usable pages in manifest.,2026-07-17T17:17:18.710724
lacharente,bd6t55087341b,,failed,0,0,,no_usable_pages,known,,,bd6t55087341b: no usable pages in manifest.,2026-07-17T17:17:18.859285
lacharente,bd6t55087342r,,failed,0,0,,no_usable_pages,known,,,bd6t55087342r: no usable pages in manifest.,2026-07-17T17:17:19.005955
lacharente,bd6t550873435,,failed,0,0,,no_usable_pages,known,,,bd6t550873435: no usable pages in manifest.,2026-07-17T17:17:19.334223
lacharente,bd6t55087344k,,failed,0,0,,no_usable_pages,known,,,bd6t55087344k: no usable pages in manifest.,2026-07-17T17:17:19.582580
lacharente,bd6t550873450,,failed,0,0,,no_usable_pages,known,,,bd6t550873450: no usable pages in manifest.,2026-07-17T17:17:19.733403
lacharente,bd6t55087346d,,failed,0,0,,no_usable_pages,known,,,bd6t55087346d: no usable pages in manifest.,2026-07-17T17:17:19.868939
lacharente,bd6t55087347t,,failed,0,0,,no_usable_pages,known,,,bd6t55087347t: no usable pages in manifest.,2026-07-17T17:17:20.002615
lacharente,bd6t550873487,,failed,0,0,,no_usable_pages,known,,,bd6t550873487: no usable pages in manifest.,2026-07-17T17:17:20.145890
lacharente,bd6t55087349n,,failed,0,0,,no_usable_pages,known,,,bd6t55087349n: no usable pages in manifest.,2026-07-17T17:17:20.285840
lacharente,bd6t550873509,,failed,0,0,,no_usable_pages,known,,,bd6t550873509: no usable pages in manifest.,2026-07-17T17:17:20.480422
lacharente,bd6t55087351q,,failed,0,0,,no_usable_pages,known,,,bd6t55087351q: no usable pages in manifest.,2026-07-17T17:17:20.621693
lacharente,bd6t550873524,,failed,0,0,,no_usable_pages,known,,,bd6t550873524: no usable pages in manifest.,2026-07-17T17:17:20.831299
lacharente,bd6t55087353j,,failed,0,0,,no_usable_pages,known,,,bd6t55087353j: no usable pages in manifest.,2026-07-17T17:17:21.003205
lacharente,bd6t55087354z,,failed,0,0,,no_usable_pages,known,,,bd6t55087354z: no usable pages in manifest.,2026-07-17T17:17:21.146947
lacharente,bd6t55087355c,,failed,0,0,,no_usable_pages,known,,,bd6t55087355c: no usable pages in manifest.,2026-07-17T17:17:21.358391
lacharente,bd6t55087356s,,failed,0,0,,no_usable_pages,known,,,bd6t55087356s: no usable pages in manifest.,2026-07-17T17:17:21.567726
lacharente,bd6t550873576,,failed,0,0,,no_usable_pages,known,,,bd6t550873576: no usable pages in manifest.,2026-07-17T17:17:21.816386
lacharente,bd6t55087358m,,failed,0,0,,no_usable_pages,known,,,bd6t55087358m: no usable pages in manifest.,2026-07-17T17:17:21.925698
lacharente,bd6t550873591,,failed,0,0,,no_usable_pages,known,,,bd6t550873591: no usable pages in manifest.,2026-07-17T17:17:22.095617
lacharente,bd6t55087360p,,failed,0,0,,no_usable_pages,known,,,bd6t55087360p: no usable pages in manifest.,2026-07-17T17:17:22.420111
lacharente,bd6t550873613,,failed,0,0,,no_usable_pages,known,,,bd6t550873613: no usable pages in manifest.,2026-07-17T17:17:22.797687
lacharente,bd6t55087362h,,failed,0,0,,no_usable_pages,known,,,bd6t55087362h: no usable pages in manifest.,2026-07-17T17:17:23.275435
lacharente,bd6t55087363x,,failed,0,0,,no_usable_pages,known,,,bd6t55087363x: no usable pages in manifest.,2026-07-17T17:17:23.448173
lacharente,bd6t55087364b,,failed,0,0,,no_usable_pages,known,,,bd6t55087364b: no usable pages in manifest.,2026-07-17T17:17:23.645148
lacharente,bd6t55087365r,,failed,0,0,,no_usable_pages,known,,,bd6t55087365r: no usable pages in manifest.,2026-07-17T17:17:23.824092
lacharente,bd6t550873665,,failed,0,0,,no_usable_pages,known,,,bd6t550873665: no usable pages in manifest.,2026-07-17T17:17:24.009045
lacharente,bd6t55087367k,,failed,0,0,,no_usable_pages,known,,,bd6t55087367k: no usable pages in manifest.,2026-07-17T17:17:24.168000
lacharente,bd6t550873680,,failed,0,0,,no_usable_pages,known,,,bd6t550873680: no usable pages in manifest.,2026-07-17T17:17:24.276697
lacharente,bd6t55087369d,,failed,0,0,,no_usable_pages,known,,,bd6t55087369d: no usable pages in manifest.,2026-07-17T17:17:24.430098
lacharente,bd6t550873702,,failed,0,0,,no_usable_pages,known,,,bd6t550873702: no usable pages in manifest.,2026-07-17T17:17:24.664591
lacharente,bd6t55087371g,,failed,0,0,,no_usable_pages,known,,,bd6t55087371g: no usable pages in manifest.,2026-07-17T17:17:24.877521
lacharente,bd6t55087372w,,failed,0,0,,no_usable_pages,known,,,bd6t55087372w: no usable pages in manifest.,2026-07-17T17:17:25.040189
lacharente,bd6t550873739,,failed,0,0,,no_usable_pages,known,,,bd6t550873739: no usable pages in manifest.,2026-07-17T17:17:25.169043
lacharente,bd6t55087374q,,failed,0,0,,no_usable_pages,known,,,bd6t55087374q: no usable pages in manifest.,2026-07-17T17:17:25.309341
lacharente,bd6t550873754,,failed,0,0,,no_usable_pages,known,,,bd6t550873754: no usable pages in manifest.,2026-07-17T17:17:25.509808
lacharente,bd6t55087376j,,failed,0,0,,no_usable_pages,known,,,bd6t55087376j: no usable pages in manifest.,2026-07-17T17:17:25.660444
lacharente,bd6t55087377z,,failed,0,0,,no_usable_pages,known,,,bd6t55087377z: no usable pages in manifest.,2026-07-17T17:17:25.920682
lacharente,bd6t55087378c,,failed,0,0,,no_usable_pages,known,,,bd6t55087378c: no usable pages in manifest.,2026-07-17T17:17:26.045660
lacharente,bd6t55087379s,,failed,0,0,,no_usable_pages,known,,,bd6t55087379s: no usable pages in manifest.,2026-07-17T17:17:26.179143
lacharente,bd6t55087380f,,failed,0,0,,no_usable_pages,known,,,bd6t55087380f: no usable pages in manifest.,2026-07-17T17:17:26.321278
lacharente,bd6t55087381v,,failed,0,0,,no_usable_pages,known,,,bd6t55087381v: no usable pages in manifest.,2026-07-17T17:17:26.464611
lacharente,bd6t550873828,,failed,0,0,,no_usable_pages,known,,,bd6t550873828: no usable pages in manifest.,2026-07-17T17:17:26.605767
lacharente,bd6t55087383p,,failed,0,0,,no_usable_pages,known,,,bd6t55087383p: no usable pages in manifest.,2026-07-17T17:17:26.705861
lacharente,bd6t550873843,,failed,0,0,,no_usable_pages,known,,,bd6t550873843: no usable pages in manifest.,2026-07-17T17:17:27.022563
lacharente,bd6t55087385h,,failed,0,0,,no_usable_pages,known,,,bd6t55087385h: no usable pages in manifest.,2026-07-17T17:17:27.176372
lacharente,bd6t55087386x,,failed,0,0,,no_usable_pages,known,,,bd6t55087386x: no usable pages in manifest.,2026-07-17T17:17:27.338097
lacharente,bd6t55087387b,,failed,0,0,,no_usable_pages,known,,,bd6t55087387b: no usable pages in manifest.,2026-07-17T17:17:27.465040
lacharente,bd6t55087388r,,failed,0,0,,no_usable_pages,known,,,bd6t55087388r: no usable pages in manifest.,2026-07-17T17:17:27.589994
lacharente,bd6t550873895,,failed,0,0,,no_usable_pages,known,,,bd6t550873895: no usable pages in manifest.,2026-07-17T17:17:27.777373
lacharente,bd6t55087390t,,failed,0,0,,no_usable_pages,known,,,bd6t55087390t: no usable pages in manifest.,2026-07-17T17:17:27.957040
lacharente,bd6t550873917,,failed,0,0,,no_usable_pages,known,,,bd6t550873917: no usable pages in manifest.,2026-07-17T17:17:28.281648
lacharente,bd6t55087392n,,failed,0,0,,no_usable_pages,known,,,bd6t55087392n: no usable pages in manifest.,2026-07-17T17:17:28.562059
lacharente,bd6t550873932,,failed,0,0,,no_usable_pages,known,,,bd6t550873932: no usable pages in manifest.,2026-07-17T17:17:28.751178
lacharente,bd6t55087394g,,failed,0,0,,no_usable_pages,known,,,bd6t55087394g: no usable pages in manifest.,2026-07-17T17:17:28.873552
lacharente,bd6t55087395w,,failed,0,0,,no_usable_pages,known,,,bd6t55087395w: no usable pages in manifest.,2026-07-17T17:17:29.045183
lacharente,bd6t550873969,,failed,0,0,,no_usable_pages,known,,,bd6t550873969: no usable pages in manifest.,2026-07-17T17:17:29.236224
lacharente,bd6t55087397q,,failed,0,0,,no_usable_pages,known,,,bd6t55087397q: no usable pages in manifest.,2026-07-17T17:17:29.344570
lacharente,bd6t550873984,,failed,0,0,,no_usable_pages,known,,,bd6t550873984: no usable pages in manifest.,2026-07-17T17:17:29.490426
lacharente,bd6t55087399j,,failed,0,0,,no_usable_pages,known,,,bd6t55087399j: no usable pages in manifest.,2026-07-17T17:17:29.644081
lacharente,bd6t55087400r,,failed,0,0,,no_usable_pages,known,,,bd6t55087400r: no usable pages in manifest.,2026-07-17T17:17:29.809274
lacharente,bd6t550874015,,failed,0,0,,no_usable_pages,known,,,bd6t550874015: no usable pages in manifest.,2026-07-17T17:17:29.939837
lacharente,bd6t55087402k,,failed,0,0,,no_usable_pages,known,,,bd6t55087402k: no usable pages in manifest.,2026-07-17T17:17:30.204727
lacharente,bd6t550874030,,failed,0,0,,no_usable_pages,known,,,bd6t550874030: no usable pages in manifest.,2026-07-17T17:17:30.403651
lacharente,bd6t55087404d,,failed,0,0,,no_usable_pages,known,,,bd6t55087404d: no usable pages in manifest.,2026-07-17T17:17:30.600247
lacharente,bd6t55087405t,,failed,0,0,,no_usable_pages,known,,,bd6t55087405t: no usable pages in manifest.,2026-07-17T17:17:30.785172
lacharente,bd6t550874067,,failed,0,0,,no_usable_pages,known,,,bd6t550874067: no usable pages in manifest.,2026-07-17T17:17:30.944545
lacharente,bd6t55087407n,,failed,0,0,,no_usable_pages,known,,,bd6t55087407n: no usable pages in manifest.,2026-07-17T17:17:31.213663
lacharente,bd6t550874082,,failed,0,0,,no_usable_pages,known,,,bd6t550874082: no usable pages in manifest.,2026-07-17T17:17:31.506309
lacharente,bd6t55087409g,,failed,0,0,,no_usable_pages,known,,,bd6t55087409g: no usable pages in manifest.,2026-07-17T17:17:31.685856
lacharente,bd6t550874104,,failed,0,0,,no_usable_pages,known,,,bd6t550874104: no usable pages in manifest.,2026-07-17T17:17:31.873665
lacharente,bd6t55087411j,,failed,0,0,,no_usable_pages,known,,,bd6t55087411j: no usable pages in manifest.,2026-07-17T17:17:32.000984
lacharente,bd6t55087412z,,failed,0,0,,no_usable_pages,known,,,bd6t55087412z: no usable pages in manifest.,2026-07-17T17:17:32.230109
lacharente,bd6t55087413c,,failed,0,0,,no_usable_pages,known,,,bd6t55087413c: no usable pages in manifest.,2026-07-17T17:17:32.367399
lacharente,bd6t55087414s,,failed,0,0,,no_usable_pages,known,,,bd6t55087414s: no usable pages in manifest.,2026-07-17T17:17:32.602870
lacharente,bd6t550874156,,failed,0,0,,no_usable_pages,known,,,bd6t550874156: no usable pages in manifest.,2026-07-17T17:17:32.815225
lacharente,bd6t55087416m,,failed,0,0,,no_usable_pages,known,,,bd6t55087416m: no usable pages in manifest.,2026-07-17T17:17:33.022527
lacharente,bd6t550874171,,failed,0,0,,no_usable_pages,known,,,bd6t550874171: no usable pages in manifest.,2026-07-17T17:17:33.425270
lacharente,bd6t55087418f,,failed,0,0,,no_usable_pages,known,,,bd6t55087418f: no usable pages in manifest.,2026-07-17T17:17:33.595712
lacharente,bd6t55087419v,,failed,0,0,,no_usable_pages,known,,,bd6t55087419v: no usable pages in manifest.,2026-07-17T17:17:33.778488
lacharente,bd6t55087420h,,failed,0,0,,no_usable_pages,known,,,bd6t55087420h: no usable pages in manifest.,2026-07-17T17:17:33.946498
lacharente,bd6t55087421x,,failed,0,0,,no_usable_pages,known,,,bd6t55087421x: no usable pages in manifest.,2026-07-17T17:17:34.074641
lacharente,bd6t55087422b,,failed,0,0,,no_usable_pages,known,,,bd6t55087422b: no usable pages in manifest.,2026-07-17T17:17:34.199028
lacharente,bd6t55087423r,,failed,0,0,,no_usable_pages,known,,,bd6t55087423r: no usable pages in manifest.,2026-07-17T17:17:34.365545
lacharente,bd6t550874245,,failed,0,0,,no_usable_pages,known,,,bd6t550874245: no usable pages in manifest.,2026-07-17T17:17:34.675727
lacharente,bd6t55087425k,,failed,0,0,,no_usable_pages,known,,,bd6t55087425k: no usable pages in manifest.,2026-07-17T17:17:34.884465
lacharente,bd6t550874260,,failed,0,0,,no_usable_pages,known,,,bd6t550874260: no usable pages in manifest.,2026-07-17T17:17:35.010613
lacharente,bd6t55087427d,,failed,0,0,,no_usable_pages,known,,,bd6t55087427d: no usable pages in manifest.,2026-07-17T17:17:35.149632
lacharente,bd6t55087428t,,failed,0,0,,no_usable_pages,known,,,bd6t55087428t: no usable pages in manifest.,2026-07-17T17:17:35.361410
lacharente,bd6t550874297,,failed,0,0,,no_usable_pages,known,,,bd6t550874297: no usable pages in manifest.,2026-07-17T17:17:35.545716
lacharente,bd6t55087430w,,failed,0,0,,no_usable_pages,known,,,bd6t55087430w: no usable pages in manifest.,2026-07-17T17:17:35.749523
lacharente,bd6t550874319,,failed,0,0,,no_usable_pages,known,,,bd6t550874319: no usable pages in manifest.,2026-07-17T17:17:35.924547
lacharente,bd6t55087432q,,failed,0,0,,no_usable_pages,known,,,bd6t55087432q: no usable pages in manifest.,2026-07-17T17:17:36.071076
lacharente,bd6t550874334,,failed,0,0,,no_usable_pages,known,,,bd6t550874334: no usable pages in manifest.,2026-07-17T17:17:36.222968
lacharente,bd6t55087434j,,failed,0,0,,no_usable_pages,known,,,bd6t55087434j: no usable pages in manifest.,2026-07-17T17:17:36.343992
lacharente,bd6t55087435z,,failed,0,0,,no_usable_pages,known,,,bd6t55087435z: no usable pages in manifest.,2026-07-17T17:17:36.499046
lacharente,bd6t55087436c,,failed,0,0,,no_usable_pages,known,,,bd6t55087436c: no usable pages in manifest.,2026-07-17T17:17:36.698613
lacharente,bd6t55087437s,,failed,0,0,,no_usable_pages,known,,,bd6t55087437s: no usable pages in manifest.,2026-07-17T17:17:36.825084
lacharente,bd6t550874386,,failed,0,0,,no_usable_pages,known,,,bd6t550874386: no usable pages in manifest.,2026-07-17T17:17:37.003907
lacharente,bd6t55087439m,,failed,0,0,,no_usable_pages,known,,,bd6t55087439m: no usable pages in manifest.,2026-07-17T17:17:37.131880
lacharente,bd6t550874408,,failed,0,0,,no_usable_pages,known,,,bd6t550874408: no usable pages in manifest.,2026-07-17T17:17:37.247518
lacharente,bd6t55087441p,,failed,0,0,,no_usable_pages,known,,,bd6t55087441p: no usable pages in manifest.,2026-07-17T17:17:37.362026
lacharente,bd6t550874423,,failed,0,0,,no_usable_pages,known,,,bd6t550874423: no usable pages in manifest.,2026-07-17T17:17:37.470778
lacharente,bd6t55087443h,,failed,0,0,,no_usable_pages,known,,,bd6t55087443h: no usable pages in manifest.,2026-07-17T17:17:37.631291
lacharente,bd6t55087444x,,failed,0,0,,no_usable_pages,known,,,bd6t55087444x: no usable pages in manifest.,2026-07-17T17:17:37.864082
lacharente,bd6t55087445b,,failed,0,0,,no_usable_pages,known,,,bd6t55087445b: no usable pages in manifest.,2026-07-17T17:17:38.261228
lacharente,bd6t55087446r,,failed,0,0,,no_usable_pages,known,,,bd6t55087446r: no usable pages in manifest.,2026-07-17T17:17:38.410455
lacharente,bd6t550874475,,failed,0,0,,no_usable_pages,known,,,bd6t550874475: no usable pages in manifest.,2026-07-17T17:17:38.544928
lacharente,bd6t55087448k,,failed,0,0,,no_usable_pages,known,,,bd6t55087448k: no usable pages in manifest.,2026-07-17T17:17:38.677102
lacharente,bd6t550874490,,failed,0,0,,no_usable_pages,known,,,bd6t550874490: no usable pages in manifest.,2026-07-17T17:17:38.906224
lacharente,bd6t55087450n,,failed,0,0,,no_usable_pages,known,,,bd6t55087450n: no usable pages in manifest.,2026-07-17T17:17:39.049427
lacharente,bd6t550874512,,failed,0,0,,no_usable_pages,known,,,bd6t550874512: no usable pages in manifest.,2026-07-17T17:17:39.207040
lacharente,bd6t55087452g,,failed,0,0,,no_usable_pages,known,,,bd6t55087452g: no usable pages in manifest.,2026-07-17T17:17:39.475694
lacharente,bd6t55087453w,,failed,0,0,,no_usable_pages,known,,,bd6t55087453w: no usable pages in manifest.,2026-07-17T17:17:39.588047
lacharente,bd6t550874549,,failed,0,0,,no_usable_pages,known,,,bd6t550874549: no usable pages in manifest.,2026-07-17T17:17:39.714973
lacharente,bd6t55087455q,,failed,0,0,,no_usable_pages,known,,,bd6t55087455q: no usable pages in manifest.,2026-07-17T17:17:39.824991
lacharente,bd6t550874564,,failed,0,0,,no_usable_pages,known,,,bd6t550874564: no usable pages in manifest.,2026-07-17T17:17:40.033043
lacharente,bd6t55087457j,,failed,0,0,,no_usable_pages,known,,,bd6t55087457j: no usable pages in manifest.,2026-07-17T17:17:40.279302
lacharente,bd6t55087458z,,failed,0,0,,no_usable_pages,known,,,bd6t55087458z: no usable pages in manifest.,2026-07-17T17:17:40.389853
lacharente,bd6t55087459c,,failed,0,0,,no_usable_pages,known,,,bd6t55087459c: no usable pages in manifest.,2026-07-17T17:17:40.509277
lacharente,bd6t550874601,,failed,0,0,,no_usable_pages,known,,,bd6t550874601: no usable pages in manifest.,2026-07-17T17:17:40.628101
lacharente,bd6t55087461f,,failed,0,0,,no_usable_pages,known,,,bd6t55087461f: no usable pages in manifest.,2026-07-17T17:17:40.795381
lacharente,bd6t55087462v,,failed,0,0,,no_usable_pages,known,,,bd6t55087462v: no usable pages in manifest.,2026-07-17T17:17:40.932079
lacharente,bd6t550874638,,failed,0,0,,no_usable_pages,known,,,bd6t550874638: no usable pages in manifest.,2026-07-17T17:17:41.195368
lacharente,bd6t55087464p,,failed,0,0,,no_usable_pages,known,,,bd6t55087464p: no usable pages in manifest.,2026-07-17T17:17:41.433613
lacharente,bd6t550874653,,failed,0,0,,no_usable_pages,known,,,bd6t550874653: no usable pages in manifest.,2026-07-17T17:17:41.570014
lacharente,bd6t55087466h,,failed,0,0,,no_usable_pages,known,,,bd6t55087466h: no usable pages in manifest.,2026-07-17T17:17:41.789354
lacharente,bd6t55087467x,,failed,0,0,,no_usable_pages,known,,,bd6t55087467x: no usable pages in manifest.,2026-07-17T17:17:41.904536
lacharente,bd6t55087468b,,failed,0,0,,no_usable_pages,known,,,bd6t55087468b: no usable pages in manifest.,2026-07-17T17:17:42.022383
lacharente,bd6t55087469r,,failed,0,0,,no_usable_pages,known,,,bd6t55087469r: no usable pages in manifest.,2026-07-17T17:17:42.269959
lacharente,bd6t55087470d,,failed,0,0,,no_usable_pages,known,,,bd6t55087470d: no usable pages in manifest.,2026-07-17T17:17:42.468668
lacharente,bd6t55087471t,,failed,0,0,,no_usable_pages,known,,,bd6t55087471t: no usable pages in manifest.,2026-07-17T17:17:42.604016
lacharente,bd6t550874727,,failed,0,0,,no_usable_pages,known,,,bd6t550874727: no usable pages in manifest.,2026-07-17T17:17:42.755483
lacharente,bd6t55087473n,,failed,0,0,,no_usable_pages,known,,,bd6t55087473n: no usable pages in manifest.,2026-07-17T17:17:43.060464
lacharente,bd6t550874742,,failed,0,0,,no_usable_pages,known,,,bd6t550874742: no usable pages in manifest.,2026-07-17T17:17:43.388150
lacharente,bd6t55087475g,,failed,0,0,,no_usable_pages,known,,,bd6t55087475g: no usable pages in manifest.,2026-07-17T17:17:43.570015
lacharente,bd6t55087476w,,failed,0,0,,no_usable_pages,known,,,bd6t55087476w: no usable pages in manifest.,2026-07-17T17:17:43.703200
lacharente,bd6t550874779,,failed,0,0,,no_usable_pages,known,,,bd6t550874779: no usable pages in manifest.,2026-07-17T17:17:43.824737
lacharente,bd6t55087478q,,failed,0,0,,no_usable_pages,known,,,bd6t55087478q: no usable pages in manifest.,2026-07-17T17:17:43.976589
lacharente,bd6t550874794,,failed,0,0,,no_usable_pages,known,,,bd6t550874794: no usable pages in manifest.,2026-07-17T17:17:44.138087
lacharente,bd6t55087480s,,failed,0,0,,no_usable_pages,known,,,bd6t55087480s: no usable pages in manifest.,2026-07-17T17:17:44.281407
lacharente,bd6t550874816,,failed,0,0,,no_usable_pages,known,,,bd6t550874816: no usable pages in manifest.,2026-07-17T17:17:44.497042
lacharente,bd6t55087482m,,failed,0,0,,no_usable_pages,known,,,bd6t55087482m: no usable pages in manifest.,2026-07-17T17:17:44.748273
lacharente,bd6t550874831,,failed,0,0,,no_usable_pages,known,,,bd6t550874831: no usable pages in manifest.,2026-07-17T17:17:44.913181
lacharente,bd6t55087484f,,failed,0,0,,no_usable_pages,known,,,bd6t55087484f: no usable pages in manifest.,2026-07-17T17:17:45.090028
lacharente,bd6t55087485v,,failed,0,0,,no_usable_pages,known,,,bd6t55087485v: no usable pages in manifest.,2026-07-17T17:17:45.253836
lacharente,bd6t550874868,,failed,0,0,,no_usable_pages,known,,,bd6t550874868: no usable pages in manifest.,2026-07-17T17:17:45.407820
lacharente,bd6t55087487p,,failed,0,0,,no_usable_pages,known,,,bd6t55087487p: no usable pages in manifest.,2026-07-17T17:17:45.686909
lacharente,bd6t550874883,,failed,0,0,,no_usable_pages,known,,,bd6t550874883: no usable pages in manifest.,2026-07-17T17:17:45.873406
lacharente,bd6t55087489h,,failed,0,0,,no_usable_pages,known,,,bd6t55087489h: no usable pages in manifest.,2026-07-17T17:17:46.104545
lacharente,bd6t550874905,,failed,0,0,,no_usable_pages,known,,,bd6t550874905: no usable pages in manifest.,2026-07-17T17:17:46.263361
lacharente,bd6t55087491k,,failed,0,0,,no_usable_pages,known,,,bd6t55087491k: no usable pages in manifest.,2026-07-17T17:17:46.426352
lacharente,bd6t550874920,,failed,0,0,,no_usable_pages,known,,,bd6t550874920: no usable pages in manifest.,2026-07-17T17:17:46.811200
lacharente,bd6t55087493d,,failed,0,0,,no_usable_pages,known,,,bd6t55087493d: no usable pages in manifest.,2026-07-17T17:17:46.908145
lacharente,bd6t55087494t,,failed,0,0,,no_usable_pages,known,,,bd6t55087494t: no usable pages in manifest.,2026-07-17T17:17:47.053986
lacharente,bd6t550874957,,failed,0,0,,no_usable_pages,known,,,bd6t550874957: no usable pages in manifest.,2026-07-17T17:17:47.170965
lacharente,bd6t55087496n,,failed,0,0,,no_usable_pages,known,,,bd6t55087496n: no usable pages in manifest.,2026-07-17T17:17:47.330875
lacharente,bd6t550874972,,failed,0,0,,no_usable_pages,known,,,bd6t550874972: no usable pages in manifest.,2026-07-17T17:17:47.461912
lacharente,bd6t55087498g,,failed,0,0,,no_usable_pages,known,,,bd6t55087498g: no usable pages in manifest.,2026-07-17T17:17:47.601647
lacharente,bd6t55087499w,,failed,0,0,,no_usable_pages,known,,,bd6t55087499w: no usable pages in manifest.,2026-07-17T17:17:47.907116
lacharente,bd6t550875003,,failed,0,0,,no_usable_pages,known,,,bd6t550875003: no usable pages in manifest.,2026-07-17T17:17:48.351755
lacharente,bd6t55087502x,,failed,0,0,,no_usable_pages,known,,,bd6t55087502x: no usable pages in manifest.,2026-07-17T17:17:48.524725
lacharente,bd6t55087501h,,failed,0,0,,no_usable_pages,known,,,bd6t55087501h: no usable pages in manifest.,2026-07-17T17:17:48.702593
lacharente,bd6t55087503b,,failed,0,0,,no_usable_pages,known,,,bd6t55087503b: no usable pages in manifest.,2026-07-17T17:17:48.912049
lacharente,bd6t55087504r,,failed,0,0,,no_usable_pages,known,,,bd6t55087504r: no usable pages in manifest.,2026-07-17T17:17:49.024234
lacharente,bd6t550875055,,failed,0,0,,no_usable_pages,known,,,bd6t550875055: no usable pages in manifest.,2026-07-17T17:17:49.138363
lacharente,bd6t55087506k,,failed,0,0,,no_usable_pages,known,,,bd6t55087506k: no usable pages in manifest.,2026-07-17T17:17:49.288769
lacharente,bd6t550875070,,failed,0,0,,no_usable_pages,known,,,bd6t550875070: no usable pages in manifest.,2026-07-17T17:17:49.418036
lacharente,bd6t55087508d,,failed,0,0,,no_usable_pages,known,,,bd6t55087508d: no usable pages in manifest.,2026-07-17T17:17:49.581113
lacharente,bd6t55087509t,,failed,0,0,,no_usable_pages,known,,,bd6t55087509t: no usable pages in manifest.,2026-07-17T17:17:49.705912
lacharente,bd6t55087510g,,failed,0,0,,no_usable_pages,known,,,bd6t55087510g: no usable pages in manifest.,2026-07-17T17:17:49.963404
lacharente,bd6t55087511w,,failed,0,0,,no_usable_pages,known,,,bd6t55087511w: no usable pages in manifest.,2026-07-17T17:17:50.180738
lacharente,bd6t550875129,,failed,0,0,,no_usable_pages,known,,,bd6t550875129: no usable pages in manifest.,2026-07-17T17:17:50.318923
lacharente,bd6t55087513q,,failed,0,0,,no_usable_pages,known,,,bd6t55087513q: no usable pages in manifest.,2026-07-17T17:17:50.543521
lacharente,bd6t550875144,,failed,0,0,,no_usable_pages,known,,,bd6t550875144: no usable pages in manifest.,2026-07-17T17:17:50.693119
lacharente,bd6t55087515j,,failed,0,0,,no_usable_pages,known,,,bd6t55087515j: no usable pages in manifest.,2026-07-17T17:17:50.802096
lacharente,bd6t55087516z,,failed,0,0,,no_usable_pages,known,,,bd6t55087516z: no usable pages in manifest.,2026-07-17T17:17:51.023310
lacharente,bd6t55087517c,,failed,0,0,,no_usable_pages,known,,,bd6t55087517c: no usable pages in manifest.,2026-07-17T17:17:51.251549
lacharente,bd6t55087518s,,failed,0,0,,no_usable_pages,known,,,bd6t55087518s: no usable pages in manifest.,2026-07-17T17:17:51.511966
lacharente,bd6t550875196,,failed,0,0,,no_usable_pages,known,,,bd6t550875196: no usable pages in manifest.,2026-07-17T17:17:51.685715
lacharente,bd6t55087520v,,failed,0,0,,no_usable_pages,known,,,bd6t55087520v: no usable pages in manifest.,2026-07-17T17:17:51.890973
lacharente,bd6t550875218,,failed,0,0,,no_usable_pages,known,,,bd6t550875218: no usable pages in manifest.,2026-07-17T17:17:52.172963
lacharente,bd6t55087522p,,failed,0,0,,no_usable_pages,known,,,bd6t55087522p: no usable pages in manifest.,2026-07-17T17:17:52.349372
lacharente,bd6t550875233,,failed,0,0,,no_usable_pages,known,,,bd6t550875233: no usable pages in manifest.,2026-07-17T17:17:52.555882
lacharente,bd6t55087524h,,failed,0,0,,no_usable_pages,known,,,bd6t55087524h: no usable pages in manifest.,2026-07-17T17:17:52.706562
lacharente,bd6t55087525x,,failed,0,0,,no_usable_pages,known,,,bd6t55087525x: no usable pages in manifest.,2026-07-17T17:17:52.856728
lacharente,bd6t55087526b,,failed,0,0,,no_usable_pages,known,,,bd6t55087526b: no usable pages in manifest.,2026-07-17T17:17:53.079153
lacharente,bd6t55087527r,,failed,0,0,,no_usable_pages,known,,,bd6t55087527r: no usable pages in manifest.,2026-07-17T17:17:53.657555
lacharente,bd6t550875285,,failed,0,0,,no_usable_pages,known,,,bd6t550875285: no usable pages in manifest.,2026-07-17T17:17:53.772564
lacharente,bd6t55087529k,,failed,0,0,,no_usable_pages,known,,,bd6t55087529k: no usable pages in manifest.,2026-07-17T17:17:53.920961
lacharente,bd6t550875307,,failed,0,0,,no_usable_pages,known,,,bd6t550875307: no usable pages in manifest.,2026-07-17T17:17:54.042697
lacharente,bd6t55087531n,,failed,0,0,,no_usable_pages,known,,,bd6t55087531n: no usable pages in manifest.,2026-07-17T17:17:54.230444
lacharente,bd6t550875322,,failed,0,0,,no_usable_pages,known,,,bd6t550875322: no usable pages in manifest.,2026-07-17T17:17:54.412664
lacharente,bd6t55087533g,,failed,0,0,,no_usable_pages,known,,,bd6t55087533g: no usable pages in manifest.,2026-07-17T17:17:54.595696
lacharente,bd6t55087534w,,failed,0,0,,no_usable_pages,known,,,bd6t55087534w: no usable pages in manifest.,2026-07-17T17:17:54.779251
lacharente,bd6t550875359,,failed,0,0,,no_usable_pages,known,,,bd6t550875359: no usable pages in manifest.,2026-07-17T17:17:54.902303
lacharente,bd6t55087536q,,failed,0,0,,no_usable_pages,known,,,bd6t55087536q: no usable pages in manifest.,2026-07-17T17:17:55.028902
lacharente,bd6t550875374,,failed,0,0,,no_usable_pages,known,,,bd6t550875374: no usable pages in manifest.,2026-07-17T17:17:55.150553
lacharente,bd6t55087538j,,failed,0,0,,no_usable_pages,known,,,bd6t55087538j: no usable pages in manifest.,2026-07-17T17:17:55.337038
lacharente,bd6t55087539z,,failed,0,0,,no_usable_pages,known,,,bd6t55087539z: no usable pages in manifest.,2026-07-17T17:17:55.465362
lacharente,bd6t55087540m,,failed,0,0,,no_usable_pages,known,,,bd6t55087540m: no usable pages in manifest.,2026-07-17T17:17:55.732987
lacharente,bd6t550875411,,failed,0,0,,no_usable_pages,known,,,bd6t550875411: no usable pages in manifest.,2026-07-17T17:17:55.956980
lacharente,bd6t55087542f,,failed,0,0,,no_usable_pages,known,,,bd6t55087542f: no usable pages in manifest.,2026-07-17T17:17:56.161736
lacharente,bd6t55087543v,,failed,0,0,,no_usable_pages,known,,,bd6t55087543v: no usable pages in manifest.,2026-07-17T17:17:56.297675
lacharente,bd6t550875448,,failed,0,0,,no_usable_pages,known,,,bd6t550875448: no usable pages in manifest.,2026-07-17T17:17:56.409033
lacharente,bd6t55087545p,,failed,0,0,,no_usable_pages,known,,,bd6t55087545p: no usable pages in manifest.,2026-07-17T17:17:56.588377
lacharente,bd6t550875463,,failed,0,0,,no_usable_pages,known,,,bd6t550875463: no usable pages in manifest.,2026-07-17T17:17:56.891305
lacharente,bd6t55087547h,,failed,0,0,,no_usable_pages,known,,,bd6t55087547h: no usable pages in manifest.,2026-07-17T17:17:57.039573
lacharente,bd6t55087548x,,failed,0,0,,no_usable_pages,known,,,bd6t55087548x: no usable pages in manifest.,2026-07-17T17:17:57.213654
lacharente,bd6t55087549b,,failed,0,0,,no_usable_pages,known,,,bd6t55087549b: no usable pages in manifest.,2026-07-17T17:17:57.330041
lacharente,bd6t550875500,,failed,0,0,,no_usable_pages,known,,,bd6t550875500: no usable pages in manifest.,2026-07-17T17:17:57.442416
lacharente,bd6t55087551d,,failed,0,0,,no_usable_pages,known,,,bd6t55087551d: no usable pages in manifest.,2026-07-17T17:17:57.577305
lacharente,bd6t55087552t,,failed,0,0,,no_usable_pages,known,,,bd6t55087552t: no usable pages in manifest.,2026-07-17T17:17:57.787998
lacharente,bd6t550875537,,failed,0,0,,no_usable_pages,known,,,bd6t550875537: no usable pages in manifest.,2026-07-17T17:17:58.107398
lacharente,bd6t55087554n,,failed,0,0,,no_usable_pages,known,,,bd6t55087554n: no usable pages in manifest.,2026-07-17T17:17:58.543722
lacharente,bd6t550875552,,failed,0,0,,no_usable_pages,known,,,bd6t550875552: no usable pages in manifest.,2026-07-17T17:17:58.693908
lacharente,bd6t55087556g,,failed,0,0,,no_usable_pages,known,,,bd6t55087556g: no usable pages in manifest.,2026-07-17T17:17:58.845411
lacharente,bd6t55087557w,,failed,0,0,,no_usable_pages,known,,,bd6t55087557w: no usable pages in manifest.,2026-07-17T17:17:59.025092
lacharente,bd6t550875589,,failed,0,0,,no_usable_pages,known,,,bd6t550875589: no usable pages in manifest.,2026-07-17T17:17:59.186434
lacharente,bd6t55087559q,,failed,0,0,,no_usable_pages,known,,,bd6t55087559q: no usable pages in manifest.,2026-07-17T17:17:59.329705
lacharente,bd6t55087560c,,failed,0,0,,no_usable_pages,known,,,bd6t55087560c: no usable pages in manifest.,2026-07-17T17:17:59.455110
lacharente,bd6t55087561s,,failed,0,0,,no_usable_pages,known,,,bd6t55087561s: no usable pages in manifest.,2026-07-17T17:17:59.572062
lacharente,bd6t550875626,,failed,0,0,,no_usable_pages,known,,,bd6t550875626: no usable pages in manifest.,2026-07-17T17:17:59.702482
lacharente,bd6t55087563m,,failed,0,0,,no_usable_pages,known,,,bd6t55087563m: no usable pages in manifest.,2026-07-17T17:17:59.837667
lacharente,bd6t550875641,,failed,0,0,,no_usable_pages,known,,,bd6t550875641: no usable pages in manifest.,2026-07-17T17:18:00.045115
lacharente,bd6t55087565f,,failed,0,0,,no_usable_pages,known,,,bd6t55087565f: no usable pages in manifest.,2026-07-17T17:18:00.188850
lacharente,bd6t55087566v,,failed,0,0,,no_usable_pages,known,,,bd6t55087566v: no usable pages in manifest.,2026-07-17T17:18:00.304762
lacharente,bd6t550875678,,failed,0,0,,no_usable_pages,known,,,bd6t550875678: no usable pages in manifest.,2026-07-17T17:18:00.452502
lacharente,bd6t55087568p,,failed,0,0,,no_usable_pages,known,,,bd6t55087568p: no usable pages in manifest.,2026-07-17T17:18:00.615048
lacharente,bd6t550875693,,failed,0,0,,no_usable_pages,known,,,bd6t550875693: no usable pages in manifest.,2026-07-17T17:18:00.759943
lacharente,bd6t55087570r,,failed,0,0,,no_usable_pages,known,,,bd6t55087570r: no usable pages in manifest.,2026-07-17T17:18:00.883925
lacharente,bd6t550875715,,failed,0,0,,no_usable_pages,known,,,bd6t550875715: no usable pages in manifest.,2026-07-17T17:18:01.049666
lacharente,bd6t55087572k,,failed,0,0,,no_usable_pages,known,,,bd6t55087572k: no usable pages in manifest.,2026-07-17T17:18:01.290465
lacharente,bd6t550875730,,failed,0,0,,no_usable_pages,known,,,bd6t550875730: no usable pages in manifest.,2026-07-17T17:18:01.419331
lacharente,bd6t55087574d,,failed,0,0,,no_usable_pages,known,,,bd6t55087574d: no usable pages in manifest.,2026-07-17T17:18:01.542702
lacharente,bd6t55087575t,,failed,0,0,,no_usable_pages,known,,,bd6t55087575t: no usable pages in manifest.,2026-07-17T17:18:01.727526
lacharente,bd6t550875767,,failed,0,0,,no_usable_pages,known,,,bd6t550875767: no usable pages in manifest.,2026-07-17T17:18:01.868631
lacharente,bd6t55087577n,,failed,0,0,,no_usable_pages,known,,,bd6t55087577n: no usable pages in manifest.,2026-07-17T17:18:01.994117
lacharente,bd6t550875782,,failed,0,0,,no_usable_pages,known,,,bd6t550875782: no usable pages in manifest.,2026-07-17T17:18:02.116222
lacharente,bd6t55087579g,,failed,0,0,,no_usable_pages,known,,,bd6t55087579g: no usable pages in manifest.,2026-07-17T17:18:02.382153
lacharente,bd6t55087581j,,failed,0,0,,no_usable_pages,known,,,bd6t55087581j: no usable pages in manifest.,2026-07-17T17:18:02.521767
lacharente,bd6t550875804,,failed,0,0,,no_usable_pages,known,,,bd6t550875804: no usable pages in manifest.,2026-07-17T17:18:02.711198
lacharente,bd6t55087582z,,failed,0,0,,no_usable_pages,known,,,bd6t55087582z: no usable pages in manifest.,2026-07-17T17:18:02.919123
lacharente,bd6t55087583c,,failed,0,0,,no_usable_pages,known,,,bd6t55087583c: no usable pages in manifest.,2026-07-17T17:18:03.106345
lacharente,bd6t55087584s,,failed,0,0,,no_usable_pages,known,,,bd6t55087584s: no usable pages in manifest.,2026-07-17T17:18:03.534709
lacharente,bd6t550875856,,failed,0,0,,no_usable_pages,known,,,bd6t550875856: no usable pages in manifest.,2026-07-17T17:18:03.740370
lacharente,bd6t55087586m,,failed,0,0,,no_usable_pages,known,,,bd6t55087586m: no usable pages in manifest.,2026-07-17T17:18:03.863747
lacharente,bd6t550875871,,failed,0,0,,no_usable_pages,known,,,bd6t550875871: no usable pages in manifest.,2026-07-17T17:18:03.989861
lacharente,bd6t55087588f,,failed,0,0,,no_usable_pages,known,,,bd6t55087588f: no usable pages in manifest.,2026-07-17T17:18:04.119719
lacharente,bd6t55087589v,,failed,0,0,,no_usable_pages,known,,,bd6t55087589v: no usable pages in manifest.,2026-07-17T17:18:04.219430
lacharente,bd6t55087590h,,failed,0,0,,no_usable_pages,known,,,bd6t55087590h: no usable pages in manifest.,2026-07-17T17:18:04.345735
lacharente,bd6t55087591x,,failed,0,0,,no_usable_pages,known,,,bd6t55087591x: no usable pages in manifest.,2026-07-17T17:18:04.601259
lacharente,bd6t55087592b,,failed,0,0,,no_usable_pages,known,,,bd6t55087592b: no usable pages in manifest.,2026-07-17T17:18:04.777699
lacharente,bd6t55087593r,,failed,0,0,,no_usable_pages,known,,,bd6t55087593r: no usable pages in manifest.,2026-07-17T17:18:04.925824
lacharente,bd6t550875945,,failed,0,0,,no_usable_pages,known,,,bd6t550875945: no usable pages in manifest.,2026-07-17T17:18:05.079635
lacharente,bd6t55087595k,,failed,0,0,,no_usable_pages,known,,,bd6t55087595k: no usable pages in manifest.,2026-07-17T17:18:05.217745
lacharente,bd6t550875960,,failed,0,0,,no_usable_pages,known,,,bd6t550875960: no usable pages in manifest.,2026-07-17T17:18:05.347813
lacharente,bd6t55087597d,,failed,0,0,,no_usable_pages,known,,,bd6t55087597d: no usable pages in manifest.,2026-07-17T17:18:05.568906
lacharente,bd6t55087598t,,failed,0,0,,no_usable_pages,known,,,bd6t55087598t: no usable pages in manifest.,2026-07-17T17:18:05.773175
lacharente,bd6t550875997,,failed,0,0,,no_usable_pages,known,,,bd6t550875997: no usable pages in manifest.,2026-07-17T17:18:05.904396
lacharente,bd6t55087600f,,failed,0,0,,no_usable_pages,known,,,bd6t55087600f: no usable pages in manifest.,2026-07-17T17:18:06.086983
lacharente,bd6t55087601v,,failed,0,0,,no_usable_pages,known,,,bd6t55087601v: no usable pages in manifest.,2026-07-17T17:18:06.200264
lacharente,bd6t550876028,,failed,0,0,,no_usable_pages,known,,,bd6t550876028: no usable pages in manifest.,2026-07-17T17:18:06.373069
lacharente,bd6t55087603p,,failed,0,0,,no_usable_pages,known,,,bd6t55087603p: no usable pages in manifest.,2026-07-17T17:18:06.528660
lacharente,bd6t550876043,,failed,0,0,,no_usable_pages,known,,,bd6t550876043: no usable pages in manifest.,2026-07-17T17:18:06.791457
lacharente,bd6t55087605h,,failed,0,0,,no_usable_pages,known,,,bd6t55087605h: no usable pages in manifest.,2026-07-17T17:18:06.948375
lacharente,bd6t55087606x,,failed,0,0,,no_usable_pages,known,,,bd6t55087606x: no usable pages in manifest.,2026-07-17T17:18:07.099015
lacharente,bd6t55087607b,,failed,0,0,,no_usable_pages,known,,,bd6t55087607b: no usable pages in manifest.,2026-07-17T17:18:07.248766
lacharente,bd6t55087608r,,failed,0,0,,no_usable_pages,known,,,bd6t55087608r: no usable pages in manifest.,2026-07-17T17:18:07.395836
lacharente,bd6t550876095,,failed,0,0,,no_usable_pages,known,,,bd6t550876095: no usable pages in manifest.,2026-07-17T17:18:07.574870
lacharente,bd6t55087610t,,failed,0,0,,no_usable_pages,known,,,bd6t55087610t: no usable pages in manifest.,2026-07-17T17:18:07.871207
lacharente,bd6t550876117,,failed,0,0,,no_usable_pages,known,,,bd6t550876117: no usable pages in manifest.,2026-07-17T17:18:08.380484
lacharente,bd6t55087612n,,failed,0,0,,no_usable_pages,known,,,bd6t55087612n: no usable pages in manifest.,2026-07-17T17:18:08.515367
lacharente,bd6t550876132,,failed,0,0,,no_usable_pages,known,,,bd6t550876132: no usable pages in manifest.,2026-07-17T17:18:08.679671
lacharente,bd6t55087614g,,failed,0,0,,no_usable_pages,known,,,bd6t55087614g: no usable pages in manifest.,2026-07-17T17:18:08.863870
lacharente,bd6t55087615w,,failed,0,0,,no_usable_pages,known,,,bd6t55087615w: no usable pages in manifest.,2026-07-17T17:18:09.004562
lacharente,bd6t550876169,,failed,0,0,,no_usable_pages,known,,,bd6t550876169: no usable pages in manifest.,2026-07-17T17:18:09.112857
lacharente,bd6t55087617q,,failed,0,0,,no_usable_pages,known,,,bd6t55087617q: no usable pages in manifest.,2026-07-17T17:18:09.307947
lacharente,bd6t550876184,,failed,0,0,,no_usable_pages,known,,,bd6t550876184: no usable pages in manifest.,2026-07-17T17:18:09.451434
lacharente,bd6t55087619j,,failed,0,0,,no_usable_pages,known,,,bd6t55087619j: no usable pages in manifest.,2026-07-17T17:18:09.576470
lacharente,bd6t550876206,,failed,0,0,,no_usable_pages,known,,,bd6t550876206: no usable pages in manifest.,2026-07-17T17:18:09.742139
lacharente,bd6t55087621m,,failed,0,0,,no_usable_pages,known,,,bd6t55087621m: no usable pages in manifest.,2026-07-17T17:18:10.038867
lacharente,bd6t550876221,,failed,0,0,,no_usable_pages,known,,,bd6t550876221: no usable pages in manifest.,2026-07-17T17:18:10.185224
lacharente,bd6t55087623f,,failed,0,0,,no_usable_pages,known,,,bd6t55087623f: no usable pages in manifest.,2026-07-17T17:18:10.332231
lacharente,bd6t55087624v,,failed,0,0,,no_usable_pages,known,,,bd6t55087624v: no usable pages in manifest.,2026-07-17T17:18:10.468985
lacharente,bd6t550876258,,failed,0,0,,no_usable_pages,known,,,bd6t550876258: no usable pages in manifest.,2026-07-17T17:18:10.613723
lacharente,bd6t55087626p,,failed,0,0,,no_usable_pages,known,,,bd6t55087626p: no usable pages in manifest.,2026-07-17T17:18:10.760223
lacharente,bd6t550876273,,failed,0,0,,no_usable_pages,known,,,bd6t550876273: no usable pages in manifest.,2026-07-17T17:18:11.001394
lacharente,bd6t55087628h,,failed,0,0,,no_usable_pages,known,,,bd6t55087628h: no usable pages in manifest.,2026-07-17T17:18:11.159687
lacharente,bd6t55087629x,,failed,0,0,,no_usable_pages,known,,,bd6t55087629x: no usable pages in manifest.,2026-07-17T17:18:11.284448
lacharente,bd6t55087630k,,failed,0,0,,no_usable_pages,known,,,bd6t55087630k: no usable pages in manifest.,2026-07-17T17:18:11.414205
lacharente,bd6t550876310,,failed,0,0,,no_usable_pages,known,,,bd6t550876310: no usable pages in manifest.,2026-07-17T17:18:11.563023
lacharente,bd6t55087632d,,failed,0,0,,no_usable_pages,known,,,bd6t55087632d: no usable pages in manifest.,2026-07-17T17:18:11.745508
lacharente,bd6t55087633t,,failed,0,0,,no_usable_pages,known,,,bd6t55087633t: no usable pages in manifest.,2026-07-17T17:18:11.901262
lacharente,bd6t550876347,,failed,0,0,,no_usable_pages,known,,,bd6t550876347: no usable pages in manifest.,2026-07-17T17:18:12.158171
lacharente,bd6t55087635n,,failed,0,0,,no_usable_pages,known,,,bd6t55087635n: no usable pages in manifest.,2026-07-17T17:18:12.310623
lacharente,bd6t550876362,,failed,0,0,,no_usable_pages,known,,,bd6t550876362: no usable pages in manifest.,2026-07-17T17:18:12.454728
lacharente,bd6t55087637g,,failed,0,0,,no_usable_pages,known,,,bd6t55087637g: no usable pages in manifest.,2026-07-17T17:18:12.752791
lacharente,bd6t55087638w,,failed,0,0,,no_usable_pages,known,,,bd6t55087638w: no usable pages in manifest.,2026-07-17T17:18:13.207585
lacharente,bd6t550876399,,failed,0,0,,no_usable_pages,known,,,bd6t550876399: no usable pages in manifest.,2026-07-17T17:18:13.529755
lacharente,bd6t55087640z,,failed,0,0,,no_usable_pages,known,,,bd6t55087640z: no usable pages in manifest.,2026-07-17T17:18:13.700960
lacharente,bd6t55087641c,,failed,0,0,,no_usable_pages,known,,,bd6t55087641c: no usable pages in manifest.,2026-07-17T17:18:13.905272
lacharente,bd6t55087642s,,failed,0,0,,no_usable_pages,known,,,bd6t55087642s: no usable pages in manifest.,2026-07-17T17:18:14.086006
lacharente,bd6t550876436,,failed,0,0,,no_usable_pages,known,,,bd6t550876436: no usable pages in manifest.,2026-07-17T17:18:14.291324
lacharente,bd6t55087644m,,failed,0,0,,no_usable_pages,known,,,bd6t55087644m: no usable pages in manifest.,2026-07-17T17:18:14.443142
lacharente,bd6t550876451,,failed,0,0,,no_usable_pages,known,,,bd6t550876451: no usable pages in manifest.,2026-07-17T17:18:15.429236
lacharente,bd6t55087646f,,failed,0,0,,no_usable_pages,known,,,bd6t55087646f: no usable pages in manifest.,2026-07-17T17:18:15.619939
lacharente,bd6t55087647v,,failed,0,0,,no_usable_pages,known,,,bd6t55087647v: no usable pages in manifest.,2026-07-17T17:18:15.785125
lacharente,bd6t550876488,,failed,0,0,,no_usable_pages,known,,,bd6t550876488: no usable pages in manifest.,2026-07-17T17:18:15.931139
lacharente,bd6t55087649p,,failed,0,0,,no_usable_pages,known,,,bd6t55087649p: no usable pages in manifest.,2026-07-17T17:18:16.039695
lacharente,bd6t55087650b,,failed,0,0,,no_usable_pages,known,,,bd6t55087650b: no usable pages in manifest.,2026-07-17T17:18:16.172227
lacharente,bd6t55087651r,,failed,0,0,,no_usable_pages,known,,,bd6t55087651r: no usable pages in manifest.,2026-07-17T17:18:16.435523
lacharente,bd6t550876525,,failed,0,0,,no_usable_pages,known,,,bd6t550876525: no usable pages in manifest.,2026-07-17T17:18:16.566871
lacharente,bd6t55087653k,,failed,0,0,,no_usable_pages,known,,,bd6t55087653k: no usable pages in manifest.,2026-07-17T17:18:16.674921
lacharente,bd6t550876540,,failed,0,0,,no_usable_pages,known,,,bd6t550876540: no usable pages in manifest.,2026-07-17T17:18:16.762841
lacharente,bd6t55087655d,,failed,0,0,,no_usable_pages,known,,,bd6t55087655d: no usable pages in manifest.,2026-07-17T17:18:16.883509
lacharente,bd6t55087656t,,failed,0,0,,no_usable_pages,known,,,bd6t55087656t: no usable pages in manifest.,2026-07-17T17:18:17.020181
lacharente,bd6t550876577,,failed,0,0,,no_usable_pages,known,,,bd6t550876577: no usable pages in manifest.,2026-07-17T17:18:17.211507
lacharente,bd6t55087658n,,failed,0,0,,no_usable_pages,known,,,bd6t55087658n: no usable pages in manifest.,2026-07-17T17:18:17.336357
lacharente,bd6t550876592,,failed,0,0,,no_usable_pages,known,,,bd6t550876592: no usable pages in manifest.,2026-07-17T17:18:17.568349
lacharente,bd6t55087660q,,failed,0,0,,no_usable_pages,known,,,bd6t55087660q: no usable pages in manifest.,2026-07-17T17:18:17.731619
lacharente,bd6t550876614,,failed,0,0,,no_usable_pages,known,,,bd6t550876614: no usable pages in manifest.,2026-07-17T17:18:17.846516
lacharente,bd6t55087662j,,failed,0,0,,no_usable_pages,known,,,bd6t55087662j: no usable pages in manifest.,2026-07-17T17:18:17.954586
lacharente,bd6t55087663z,,failed,0,0,,no_usable_pages,known,,,bd6t55087663z: no usable pages in manifest.,2026-07-17T17:18:18.054406
lacharente,bd6t55087664c,,failed,0,0,,no_usable_pages,known,,,bd6t55087664c: no usable pages in manifest.,2026-07-17T17:18:18.164498
lacharente,bd6t55087665s,,failed,0,0,,no_usable_pages,known,,,bd6t55087665s: no usable pages in manifest.,2026-07-17T17:18:18.274751
lacharente,bd6t550876666,,failed,0,0,,no_usable_pages,known,,,bd6t550876666: no usable pages in manifest.,2026-07-17T17:18:18.360448
lacharente,bd6t55087667m,,failed,0,0,,no_usable_pages,known,,,bd6t55087667m: no usable pages in manifest.,2026-07-17T17:18:18.612460
lacharente,bd6t550876681,,failed,0,0,,no_usable_pages,known,,,bd6t550876681: no usable pages in manifest.,2026-07-17T17:18:18.729983
lacharente,bd6t55087669f,,failed,0,0,,no_usable_pages,known,,,bd6t55087669f: no usable pages in manifest.,2026-07-17T17:18:19.277980
lacharente,bd6t550876703,,failed,0,0,,no_usable_pages,known,,,bd6t550876703: no usable pages in manifest.,2026-07-17T17:18:19.441695
lacharente,bd6t55087671h,,failed,0,0,,no_usable_pages,known,,,bd6t55087671h: no usable pages in manifest.,2026-07-17T17:18:19.674716
lacharente,bd6t55087672x,,failed,0,0,,no_usable_pages,known,,,bd6t55087672x: no usable pages in manifest.,2026-07-17T17:18:19.810538
lacharente,bd6t55087673b,,failed,0,0,,no_usable_pages,known,,,bd6t55087673b: no usable pages in manifest.,2026-07-17T17:18:19.912332
lacharente,bd6t55087674r,,failed,0,0,,no_usable_pages,known,,,bd6t55087674r: no usable pages in manifest.,2026-07-17T17:18:20.095643
lacharente,bd6t550876755,,failed,0,0,,no_usable_pages,known,,,bd6t550876755: no usable pages in manifest.,2026-07-17T17:18:20.278572
lacharente,bd6t55087676k,,failed,0,0,,no_usable_pages,known,,,bd6t55087676k: no usable pages in manifest.,2026-07-17T17:18:20.442127
lacharente,bd6t550876770,,failed,0,0,,no_usable_pages,known,,,bd6t550876770: no usable pages in manifest.,2026-07-17T17:18:20.603148
lacharente,bd6t55087678d,,failed,0,0,,no_usable_pages,known,,,bd6t55087678d: no usable pages in manifest.,2026-07-17T17:18:20.870645
lacharente,bd6t55087679t,,failed,0,0,,no_usable_pages,known,,,bd6t55087679t: no usable pages in manifest.,2026-07-17T17:18:21.003527
lacharente,bd6t55087680g,,failed,0,0,,no_usable_pages,known,,,bd6t55087680g: no usable pages in manifest.,2026-07-17T17:18:21.159614
lacharente,bd6t55087681w,,failed,0,0,,no_usable_pages,known,,,bd6t55087681w: no usable pages in manifest.,2026-07-17T17:18:21.301488
lacharente,bd6t550876829,,failed,0,0,,no_usable_pages,known,,,bd6t550876829: no usable pages in manifest.,2026-07-17T17:18:21.439593
lacharente,bd6t55087683q,,failed,0,0,,no_usable_pages,known,,,bd6t55087683q: no usable pages in manifest.,2026-07-17T17:18:21.588499
lacharente,bd6t550876844,,failed,0,0,,no_usable_pages,known,,,bd6t550876844: no usable pages in manifest.,2026-07-17T17:18:21.801979
lacharente,bd6t55087685j,,failed,0,0,,no_usable_pages,known,,,bd6t55087685j: no usable pages in manifest.,2026-07-17T17:18:21.990845
lacharente,bd6t55087686z,,failed,0,0,,no_usable_pages,known,,,bd6t55087686z: no usable pages in manifest.,2026-07-17T17:18:22.156749
lacharente,bd6t55087687c,,failed,0,0,,no_usable_pages,known,,,bd6t55087687c: no usable pages in manifest.,2026-07-17T17:18:22.266193
lacharente,bd6t55087688s,,failed,0,0,,no_usable_pages,known,,,bd6t55087688s: no usable pages in manifest.,2026-07-17T17:18:22.418316
lacharente,bd6t550876896,,failed,0,0,,no_usable_pages,known,,,bd6t550876896: no usable pages in manifest.,2026-07-17T17:18:22.590896
lacharente,bd6t55087690v,,failed,0,0,,no_usable_pages,known,,,bd6t55087690v: no usable pages in manifest.,2026-07-17T17:18:22.864350
lacharente,bd6t550876918,,failed,0,0,,no_usable_pages,known,,,bd6t550876918: no usable pages in manifest.,2026-07-17T17:18:23.042766
lacharente,bd6t55087692p,,failed,0,0,,no_usable_pages,known,,,bd6t55087692p: no usable pages in manifest.,2026-07-17T17:18:23.142019
lacharente,bd6t550876933,,failed,0,0,,no_usable_pages,known,,,bd6t550876933: no usable pages in manifest.,2026-07-17T17:18:23.298935
lacharente,bd6t55087694h,,failed,0,0,,no_usable_pages,known,,,bd6t55087694h: no usable pages in manifest.,2026-07-17T17:18:23.437571
lacharente,bd6t55087695x,,failed,0,0,,no_usable_pages,known,,,bd6t55087695x: no usable pages in manifest.,2026-07-17T17:18:23.587018
lacharente,bd6t55087696b,,failed,0,0,,no_usable_pages,known,,,bd6t55087696b: no usable pages in manifest.,2026-07-17T17:18:23.747638
lacharente,bd6t55087697r,,failed,0,0,,no_usable_pages,known,,,bd6t55087697r: no usable pages in manifest.,2026-07-17T17:18:23.954883
lacharente,bd6t550876985,,failed,0,0,,no_usable_pages,known,,,bd6t550876985: no usable pages in manifest.,2026-07-17T17:18:24.323287
lacharente,bd6t55087699k,,failed,0,0,,no_usable_pages,known,,,bd6t55087699k: no usable pages in manifest.,2026-07-17T17:18:24.567530
lacharente,bd6t55087700s,,failed,0,0,,no_usable_pages,known,,,bd6t55087700s: no usable pages in manifest.,2026-07-17T17:18:24.722156
lacharente,bd6t550877016,,failed,0,0,,no_usable_pages,known,,,bd6t550877016: no usable pages in manifest.,2026-07-17T17:18:24.863919
lacharente,bd6t55087702m,,failed,0,0,,no_usable_pages,known,,,bd6t55087702m: no usable pages in manifest.,2026-07-17T17:18:25.040272
lacharente,bd6t550877031,,failed,0,0,,no_usable_pages,known,,,bd6t550877031: no usable pages in manifest.,2026-07-17T17:18:25.258840
lacharente,bd6t55087704f,,failed,0,0,,no_usable_pages,known,,,bd6t55087704f: no usable pages in manifest.,2026-07-17T17:18:25.390054
lacharente,bd6t55087705v,,failed,0,0,,no_usable_pages,known,,,bd6t55087705v: no usable pages in manifest.,2026-07-17T17:18:25.614017
lacharente,bd6t550877068,,failed,0,0,,no_usable_pages,known,,,bd6t550877068: no usable pages in manifest.,2026-07-17T17:18:25.754825
lacharente,bd6t55087707p,,failed,0,0,,no_usable_pages,known,,,bd6t55087707p: no usable pages in manifest.,2026-07-17T17:18:26.007127
lacharente,bd6t550877083,,failed,0,0,,no_usable_pages,known,,,bd6t550877083: no usable pages in manifest.,2026-07-17T17:18:26.342728
lacharente,bd6t55087709h,,failed,0,0,,no_usable_pages,known,,,bd6t55087709h: no usable pages in manifest.,2026-07-17T17:18:26.489052
lacharente,bd6t550877105,,failed,0,0,,no_usable_pages,known,,,bd6t550877105: no usable pages in manifest.,2026-07-17T17:18:26.676968
lacharente,bd6t55087711k,,failed,0,0,,no_usable_pages,known,,,bd6t55087711k: no usable pages in manifest.,2026-07-17T17:18:26.828754
lacharente,bd6t550877120,,failed,0,0,,no_usable_pages,known,,,bd6t550877120: no usable pages in manifest.,2026-07-17T17:18:26.967528
lacharente,bd6t55087713d,,failed,0,0,,no_usable_pages,known,,,bd6t55087713d: no usable pages in manifest.,2026-07-17T17:18:27.248909
lacharente,bd6t55087714t,,failed,0,0,,no_usable_pages,known,,,bd6t55087714t: no usable pages in manifest.,2026-07-17T17:18:27.485458
lacharente,bd6t550877157,,failed,0,0,,no_usable_pages,known,,,bd6t550877157: no usable pages in manifest.,2026-07-17T17:18:27.643942
lacharente,bd6t55087716n,,failed,0,0,,no_usable_pages,known,,,bd6t55087716n: no usable pages in manifest.,2026-07-17T17:18:27.830631
lacharente,bd6t550877172,,failed,0,0,,no_usable_pages,known,,,bd6t550877172: no usable pages in manifest.,2026-07-17T17:18:28.002346
lacharente,bd6t55087718g,,failed,0,0,,no_usable_pages,known,,,bd6t55087718g: no usable pages in manifest.,2026-07-17T17:18:28.149462
lacharente,bd6t55087719w,,failed,0,0,,no_usable_pages,known,,,bd6t55087719w: no usable pages in manifest.,2026-07-17T17:18:28.444096
lacharente,bd6t55087720j,,failed,0,0,,no_usable_pages,known,,,bd6t55087720j: no usable pages in manifest.,2026-07-17T17:18:28.628536
lacharente,bd6t55087721z,,failed,0,0,,no_usable_pages,known,,,bd6t55087721z: no usable pages in manifest.,2026-07-17T17:18:28.751132
lacharente,bd6t55087722c,,failed,0,0,,no_usable_pages,known,,,bd6t55087722c: no usable pages in manifest.,2026-07-17T17:18:29.009724
lacharente,bd6t55087723s,,failed,0,0,,no_usable_pages,known,,,bd6t55087723s: no usable pages in manifest.,2026-07-17T17:18:29.322688
lacharente,bd6t550877246,,failed,0,0,,no_usable_pages,known,,,bd6t550877246: no usable pages in manifest.,2026-07-17T17:18:29.924074
lacharente,bd6t55087725m,,failed,0,0,,no_usable_pages,known,,,bd6t55087725m: no usable pages in manifest.,2026-07-17T17:18:30.086507
lacharente,bd6t550877261,,failed,0,0,,no_usable_pages,known,,,bd6t550877261: no usable pages in manifest.,2026-07-17T17:18:30.199002
lacharente,bd6t55087727f,,failed,0,0,,no_usable_pages,known,,,bd6t55087727f: no usable pages in manifest.,2026-07-17T17:18:30.297973
lacharente,bd6t55087728v,,failed,0,0,,no_usable_pages,known,,,bd6t55087728v: no usable pages in manifest.,2026-07-17T17:18:30.414687
lacharente,bd6t550877298,,failed,0,0,,no_usable_pages,known,,,bd6t550877298: no usable pages in manifest.,2026-07-17T17:18:30.638286
lacharente,bd6t55087730x,,failed,0,0,,no_usable_pages,known,,,bd6t55087730x: no usable pages in manifest.,2026-07-17T17:18:30.754733
lacharente,bd6t55087731b,,failed,0,0,,no_usable_pages,known,,,bd6t55087731b: no usable pages in manifest.,2026-07-17T17:18:30.963391
lacharente,bd6t55087732r,,failed,0,0,,no_usable_pages,known,,,bd6t55087732r: no usable pages in manifest.,2026-07-17T17:18:31.105322
lacharente,bd6t550877335,,failed,0,0,,no_usable_pages,known,,,bd6t550877335: no usable pages in manifest.,2026-07-17T17:18:31.201925
lacharente,bd6t55087734k,,failed,0,0,,no_usable_pages,known,,,bd6t55087734k: no usable pages in manifest.,2026-07-17T17:18:31.352017
lacharente,bd6t550877350,,failed,0,0,,no_usable_pages,known,,,bd6t550877350: no usable pages in manifest.,2026-07-17T17:18:31.468844
lacharente,bd6t55087736d,,failed,0,0,,no_usable_pages,known,,,bd6t55087736d: no usable pages in manifest.,2026-07-17T17:18:31.652961
lacharente,bd6t55087737t,,failed,0,0,,no_usable_pages,known,,,bd6t55087737t: no usable pages in manifest.,2026-07-17T17:18:31.802220
lacharente,bd6t550877387,,failed,0,0,,no_usable_pages,known,,,bd6t550877387: no usable pages in manifest.,2026-07-17T17:18:31.959168
lacharente,bd6t55087739n,,failed,0,0,,no_usable_pages,known,,,bd6t55087739n: no usable pages in manifest.,2026-07-17T17:18:32.159470
lacharente,bd6t550877409,,failed,0,0,,no_usable_pages,known,,,bd6t550877409: no usable pages in manifest.,2026-07-17T17:18:32.336432
lacharente,bd6t55087741q,,failed,0,0,,no_usable_pages,known,,,bd6t55087741q: no usable pages in manifest.,2026-07-17T17:18:32.508225
lacharente,bd6t550877424,,failed,0,0,,no_usable_pages,known,,,bd6t550877424: no usable pages in manifest.,2026-07-17T17:18:32.790380
lacharente,bd6t55087743j,,failed,0,0,,no_usable_pages,known,,,bd6t55087743j: no usable pages in manifest.,2026-07-17T17:18:32.919717
lacharente,bd6t55087744z,,failed,0,0,,no_usable_pages,known,,,bd6t55087744z: no usable pages in manifest.,2026-07-17T17:18:33.106701
lacharente,bd6t55087745c,,failed,0,0,,no_usable_pages,known,,,bd6t55087745c: no usable pages in manifest.,2026-07-17T17:18:33.260060
lacharente,bd6t55087746s,,failed,0,0,,no_usable_pages,known,,,bd6t55087746s: no usable pages in manifest.,2026-07-17T17:18:33.401414
lacharente,bd6t550877476,,failed,0,0,,no_usable_pages,known,,,bd6t550877476: no usable pages in manifest.,2026-07-17T17:18:33.533326
lacharente,bd6t55087748m,,failed,0,0,,no_usable_pages,known,,,bd6t55087748m: no usable pages in manifest.,2026-07-17T17:18:33.700903
lacharente,bd6t550877491,,failed,0,0,,no_usable_pages,known,,,bd6t550877491: no usable pages in manifest.,2026-07-17T17:18:33.949643
lacharente,bd6t55087750p,,failed,0,0,,no_usable_pages,known,,,bd6t55087750p: no usable pages in manifest.,2026-07-17T17:18:34.097976
lacharente,bd6t550877513,,failed,0,0,,no_usable_pages,known,,,bd6t550877513: no usable pages in manifest.,2026-07-17T17:18:34.334475
lacharente,bd6t55087752h,,failed,0,0,,no_usable_pages,known,,,bd6t55087752h: no usable pages in manifest.,2026-07-17T17:18:34.580305
lacharente,bd6t55087753x,,failed,0,0,,no_usable_pages,known,,,bd6t55087753x: no usable pages in manifest.,2026-07-17T17:18:34.925846
lacharente,bd6t55087754b,,failed,0,0,,no_usable_pages,known,,,bd6t55087754b: no usable pages in manifest.,2026-07-17T17:18:35.203851
lacharente,bd6t55087755r,,failed,0,0,,no_usable_pages,known,,,bd6t55087755r: no usable pages in manifest.,2026-07-17T17:18:35.357527
lacharente,bd6t550877565,,failed,0,0,,no_usable_pages,known,,,bd6t550877565: no usable pages in manifest.,2026-07-17T17:18:35.527596
lacharente,bd6t55087757k,,failed,0,0,,no_usable_pages,known,,,bd6t55087757k: no usable pages in manifest.,2026-07-17T17:18:35.692050
lacharente,bd6t550877580,,failed,0,0,,no_usable_pages,known,,,bd6t550877580: no usable pages in manifest.,2026-07-17T17:18:35.836629
lacharente,bd6t55087759d,,failed,0,0,,no_usable_pages,known,,,bd6t55087759d: no usable pages in manifest.,2026-07-17T17:18:35.981975
lacharente,bd6t550877602,,failed,0,0,,no_usable_pages,known,,,bd6t550877602: no usable pages in manifest.,2026-07-17T17:18:36.224645
lacharente,bd6t55087761g,,failed,0,0,,no_usable_pages,known,,,bd6t55087761g: no usable pages in manifest.,2026-07-17T17:18:36.393602
lacharente,bd6t55087762w,,failed,0,0,,no_usable_pages,known,,,bd6t55087762w: no usable pages in manifest.,2026-07-17T17:18:36.529462
lacharente,bd6t550877639,,failed,0,0,,no_usable_pages,known,,,bd6t550877639: no usable pages in manifest.,2026-07-17T17:18:36.670021
lacharente,bd6t55087764q,,failed,0,0,,no_usable_pages,known,,,bd6t55087764q: no usable pages in manifest.,2026-07-17T17:18:36.825512
lacharente,bd6t550877654,,failed,0,0,,no_usable_pages,known,,,bd6t550877654: no usable pages in manifest.,2026-07-17T17:18:36.992048
lacharente,bd6t55087766j,,failed,0,0,,no_usable_pages,known,,,bd6t55087766j: no usable pages in manifest.,2026-07-17T17:18:37.245138
lacharente,bd6t55087767z,,failed,0,0,,no_usable_pages,known,,,bd6t55087767z: no usable pages in manifest.,2026-07-17T17:18:37.505456
lacharente,bd6t55087768c,,failed,0,0,,no_usable_pages,known,,,bd6t55087768c: no usable pages in manifest.,2026-07-17T17:18:37.656513
lacharente,bd6t55087769s,,failed,0,0,,no_usable_pages,known,,,bd6t55087769s: no usable pages in manifest.,2026-07-17T17:18:37.958725
lacharente,bd6t55087770f,,failed,0,0,,no_usable_pages,known,,,bd6t55087770f: no usable pages in manifest.,2026-07-17T17:18:38.059761
lacharente,bd6t55087771v,,failed,0,0,,no_usable_pages,known,,,bd6t55087771v: no usable pages in manifest.,2026-07-17T17:18:38.310115
lacharente,bd6t550877728,,failed,0,0,,no_usable_pages,known,,,bd6t550877728: no usable pages in manifest.,2026-07-17T17:18:38.517247
lacharente,bd6t55087773p,,failed,0,0,,no_usable_pages,known,,,bd6t55087773p: no usable pages in manifest.,2026-07-17T17:18:38.656952
lacharente,bd6t550877743,,failed,0,0,,no_usable_pages,known,,,bd6t550877743: no usable pages in manifest.,2026-07-17T17:18:38.803979
lacharente,bd6t55087775h,,failed,0,0,,no_usable_pages,known,,,bd6t55087775h: no usable pages in manifest.,2026-07-17T17:18:39.043228
lacharente,bd6t55087776x,,failed,0,0,,no_usable_pages,known,,,bd6t55087776x: no usable pages in manifest.,2026-07-17T17:18:39.248080
lacharente,bd6t55087777b,,failed,0,0,,no_usable_pages,known,,,bd6t55087777b: no usable pages in manifest.,2026-07-17T17:18:39.433571
lacharente,bd6t55087778r,,failed,0,0,,no_usable_pages,known,,,bd6t55087778r: no usable pages in manifest.,2026-07-17T17:18:39.634673
lacharente,bd6t550877795,,failed,0,0,,no_usable_pages,known,,,bd6t550877795: no usable pages in manifest.,2026-07-17T17:18:40.018527
lacharente,bd6t55087780t,,failed,0,0,,no_usable_pages,known,,,bd6t55087780t: no usable pages in manifest.,2026-07-17T17:18:40.232463
lacharente,bd6t550877817,,failed,0,0,,no_usable_pages,known,,,bd6t550877817: no usable pages in manifest.,2026-07-17T17:18:40.425756
lacharente,bd6t55087782n,,failed,0,0,,no_usable_pages,known,,,bd6t55087782n: no usable pages in manifest.,2026-07-17T17:18:40.632550
lacharente,bd6t550877832,,failed,0,0,,no_usable_pages,known,,,bd6t550877832: no usable pages in manifest.,2026-07-17T17:18:40.758321
lacharente,bd6t55087784g,,failed,0,0,,no_usable_pages,known,,,bd6t55087784g: no usable pages in manifest.,2026-07-17T17:18:40.880664
lacharente,bd6t55087785w,,failed,0,0,,no_usable_pages,known,,,bd6t55087785w: no usable pages in manifest.,2026-07-17T17:18:41.016225
lacharente,bd6t550877869,,failed,0,0,,no_usable_pages,known,,,bd6t550877869: no usable pages in manifest.,2026-07-17T17:18:41.139968
lacharente,bd6t55087787q,,failed,0,0,,no_usable_pages,known,,,bd6t55087787q: no usable pages in manifest.,2026-07-17T17:18:41.327552
lacharente,bd6t550877884,,failed,0,0,,no_usable_pages,known,,,bd6t550877884: no usable pages in manifest.,2026-07-17T17:18:41.494911
lacharente,bd6t55087789j,,failed,0,0,,no_usable_pages,known,,,bd6t55087789j: no usable pages in manifest.,2026-07-17T17:18:41.751926
lacharente,bd6t550877906,,failed,0,0,,no_usable_pages,known,,,bd6t550877906: no usable pages in manifest.,2026-07-17T17:18:41.903088
lacharente,bd6t55087791m,,failed,0,0,,no_usable_pages,known,,,bd6t55087791m: no usable pages in manifest.,2026-07-17T17:18:42.060689
lacharente,bd6t550877921,,failed,0,0,,no_usable_pages,known,,,bd6t550877921: no usable pages in manifest.,2026-07-17T17:18:42.233723
lacharente,bd6t55087793f,,failed,0,0,,no_usable_pages,known,,,bd6t55087793f: no usable pages in manifest.,2026-07-17T17:18:42.381981
lacharente,bd6t55087794v,,failed,0,0,,no_usable_pages,known,,,bd6t55087794v: no usable pages in manifest.,2026-07-17T17:18:42.522111
lacharente,bd6t550877958,,failed,0,0,,no_usable_pages,known,,,bd6t550877958: no usable pages in manifest.,2026-07-17T17:18:42.708811
lacharente,bd6t55087796p,,failed,0,0,,no_usable_pages,known,,,bd6t55087796p: no usable pages in manifest.,2026-07-17T17:18:42.834876
lacharente,bd6t550877973,,failed,0,0,,no_usable_pages,known,,,bd6t550877973: no usable pages in manifest.,2026-07-17T17:18:42.981394
lacharente,bd6t55087798h,,failed,0,0,,no_usable_pages,known,,,bd6t55087798h: no usable pages in manifest.,2026-07-17T17:18:43.092628
lacharente,bd6t55087799x,,failed,0,0,,no_usable_pages,known,,,bd6t55087799x: no usable pages in manifest.,2026-07-17T17:18:43.261288
lacharente,bd6t550878004,,failed,0,0,,no_usable_pages,known,,,bd6t550878004: no usable pages in manifest.,2026-07-17T17:18:43.417939
lacharente,bd6t55087801j,,failed,0,0,,no_usable_pages,known,,,bd6t55087801j: no usable pages in manifest.,2026-07-17T17:18:43.591599
lacharente,bd6t55087802z,,failed,0,0,,no_usable_pages,known,,,bd6t55087802z: no usable pages in manifest.,2026-07-17T17:18:43.761228
lacharente,bd6t55087803c,,failed,0,0,,no_usable_pages,known,,,bd6t55087803c: no usable pages in manifest.,2026-07-17T17:18:43.910188
lacharente,bd6t55087804s,,failed,0,0,,no_usable_pages,known,,,bd6t55087804s: no usable pages in manifest.,2026-07-17T17:18:44.020650
lacharente,bd6t550878056,,failed,0,0,,no_usable_pages,known,,,bd6t550878056: no usable pages in manifest.,2026-07-17T17:18:44.140312
lacharente,bd6t55087806m,,failed,0,0,,no_usable_pages,known,,,bd6t55087806m: no usable pages in manifest.,2026-07-17T17:18:44.279734
lacharente,bd6t550878071,,failed,0,0,,no_usable_pages,known,,,bd6t550878071: no usable pages in manifest.,2026-07-17T17:18:44.428339
lacharente,bd6t55087808f,,failed,0,0,,no_usable_pages,known,,,bd6t55087808f: no usable pages in manifest.,2026-07-17T17:18:44.941923
lacharente,bd6t55087809v,,failed,0,0,,no_usable_pages,known,,,bd6t55087809v: no usable pages in manifest.,2026-07-17T17:18:45.293835
lacharente,bd6t55087810h,,failed,0,0,,no_usable_pages,known,,,bd6t55087810h: no usable pages in manifest.,2026-07-17T17:18:45.456929
lacharente,bd6t55087811x,,failed,0,0,,no_usable_pages,known,,,bd6t55087811x: no usable pages in manifest.,2026-07-17T17:18:45.591988
lacharente,bd6t55087812b,,failed,0,0,,no_usable_pages,known,,,bd6t55087812b: no usable pages in manifest.,2026-07-17T17:18:45.751125
lacharente,bd6t55087813r,,failed,0,0,,no_usable_pages,known,,,bd6t55087813r: no usable pages in manifest.,2026-07-17T17:18:45.947414
lacharente,bd6t550878145,,failed,0,0,,no_usable_pages,known,,,bd6t550878145: no usable pages in manifest.,2026-07-17T17:18:46.087120
lacharente,bd6t55087815k,,failed,0,0,,no_usable_pages,known,,,bd6t55087815k: no usable pages in manifest.,2026-07-17T17:18:46.328581
lacharente,bd6t550878160,,failed,0,0,,no_usable_pages,known,,,bd6t550878160: no usable pages in manifest.,2026-07-17T17:18:46.497597
lacharente,bd6t55087817d,,failed,0,0,,no_usable_pages,known,,,bd6t55087817d: no usable pages in manifest.,2026-07-17T17:18:46.591146
lacharente,bd6t55087818t,,failed,0,0,,no_usable_pages,known,,,bd6t55087818t: no usable pages in manifest.,2026-07-17T17:18:46.724401
lacharente,bd6t550878197,,failed,0,0,,no_usable_pages,known,,,bd6t550878197: no usable pages in manifest.,2026-07-17T17:18:46.875032
lacharente,bd6t55087820w,,failed,0,0,,no_usable_pages,known,,,bd6t55087820w: no usable pages in manifest.,2026-07-17T17:18:47.049834
lacharente,bd6t550878219,,failed,0,0,,no_usable_pages,known,,,bd6t550878219: no usable pages in manifest.,2026-07-17T17:18:47.236128
lacharente,bd6t55087822q,,failed,0,0,,no_usable_pages,known,,,bd6t55087822q: no usable pages in manifest.,2026-07-17T17:18:47.482774
lacharente,bd6t550878234,,failed,0,0,,no_usable_pages,known,,,bd6t550878234: no usable pages in manifest.,2026-07-17T17:18:47.657539
lacharente,bd6t55087824j,,failed,0,0,,no_usable_pages,known,,,bd6t55087824j: no usable pages in manifest.,2026-07-17T17:18:47.806234
lacharente,bd6t55087825z,,failed,0,0,,no_usable_pages,known,,,bd6t55087825z: no usable pages in manifest.,2026-07-17T17:18:48.017358
lacharente,bd6t55087826c,,failed,0,0,,no_usable_pages,known,,,bd6t55087826c: no usable pages in manifest.,2026-07-17T17:18:48.238042
lacharente,bd6t55087827s,,failed,0,0,,no_usable_pages,known,,,bd6t55087827s: no usable pages in manifest.,2026-07-17T17:18:48.377521
lacharente,bd6t550878286,,failed,0,0,,no_usable_pages,known,,,bd6t550878286: no usable pages in manifest.,2026-07-17T17:18:48.520849
lacharente,bd6t55087829m,,failed,0,0,,no_usable_pages,known,,,bd6t55087829m: no usable pages in manifest.,2026-07-17T17:18:48.677263
lacharente,bd6t550878308,,failed,0,0,,no_usable_pages,known,,,bd6t550878308: no usable pages in manifest.,2026-07-17T17:18:48.845246
lacharente,bd6t55087831p,,failed,0,0,,no_usable_pages,known,,,bd6t55087831p: no usable pages in manifest.,2026-07-17T17:18:49.011452
lacharente,bd6t550878323,,failed,0,0,,no_usable_pages,known,,,bd6t550878323: no usable pages in manifest.,2026-07-17T17:18:49.166216
lacharente,bd6t55087833h,,failed,0,0,,no_usable_pages,known,,,bd6t55087833h: no usable pages in manifest.,2026-07-17T17:18:49.346970
lacharente,bd6t55087834x,,failed,0,0,,no_usable_pages,known,,,bd6t55087834x: no usable pages in manifest.,2026-07-17T17:18:49.476615
lacharente,bd6t55087836r,,failed,0,0,,no_usable_pages,known,,,bd6t55087836r: no usable pages in manifest.,2026-07-17T17:18:49.690593
lacharente,bd6t550878375,,failed,0,0,,no_usable_pages,known,,,bd6t550878375: no usable pages in manifest.,2026-07-17T17:18:49.838601
lacharente,bd6t55087838k,,failed,0,0,,no_usable_pages,known,,,bd6t55087838k: no usable pages in manifest.,2026-07-17T17:18:50.224513
lacharente,bd6t550878390,,failed,0,0,,no_usable_pages,known,,,bd6t550878390: no usable pages in manifest.,2026-07-17T17:18:50.445744
lacharente,bd6t55087840n,,failed,0,0,,no_usable_pages,known,,,bd6t55087840n: no usable pages in manifest.,2026-07-17T17:18:50.630039
lacharente,bd6t550878412,,failed,0,0,,no_usable_pages,known,,,bd6t550878412: no usable pages in manifest.,2026-07-17T17:18:50.815604
lacharente,bd6t55087842g,,failed,0,0,,no_usable_pages,known,,,bd6t55087842g: no usable pages in manifest.,2026-07-17T17:18:50.970464
lacharente,bd6t55087843w,,failed,0,0,,no_usable_pages,known,,,bd6t55087843w: no usable pages in manifest.,2026-07-17T17:18:51.107726
lacharente,bd6t550878449,,failed,0,0,,no_usable_pages,known,,,bd6t550878449: no usable pages in manifest.,2026-07-17T17:18:51.278274
lacharente,bd6t55087845q,,failed,0,0,,no_usable_pages,known,,,bd6t55087845q: no usable pages in manifest.,2026-07-17T17:18:51.453049
lacharente,bd6t550878464,,failed,0,0,,no_usable_pages,known,,,bd6t550878464: no usable pages in manifest.,2026-07-17T17:18:51.659003
lacharente,bd6t55087847j,,failed,0,0,,no_usable_pages,known,,,bd6t55087847j: no usable pages in manifest.,2026-07-17T17:18:51.965912
lacharente,bd6t55087848z,,failed,0,0,,no_usable_pages,known,,,bd6t55087848z: no usable pages in manifest.,2026-07-17T17:18:52.112776
lacharente,bd6t55087849c,,failed,0,0,,no_usable_pages,known,,,bd6t55087849c: no usable pages in manifest.,2026-07-17T17:18:52.248381
lacharente,bd6t550878501,,failed,0,0,,no_usable_pages,known,,,bd6t550878501: no usable pages in manifest.,2026-07-17T17:18:52.375613
lacharente,bd6t55087851f,,failed,0,0,,no_usable_pages,known,,,bd6t55087851f: no usable pages in manifest.,2026-07-17T17:18:52.552773
lacharente,bd6t55087852v,,failed,0,0,,no_usable_pages,known,,,bd6t55087852v: no usable pages in manifest.,2026-07-17T17:18:52.753387
lacharente,bd6t550878538,,failed,0,0,,no_usable_pages,known,,,bd6t550878538: no usable pages in manifest.,2026-07-17T17:18:52.921905
lacharente,bd6t55087854p,,failed,0,0,,no_usable_pages,known,,,bd6t55087854p: no usable pages in manifest.,2026-07-17T17:18:53.047064
lacharente,bd6t550878553,,failed,0,0,,no_usable_pages,known,,,bd6t550878553: no usable pages in manifest.,2026-07-17T17:18:53.246426
lacharente,bd6t55087856h,,failed,0,0,,no_usable_pages,known,,,bd6t55087856h: no usable pages in manifest.,2026-07-17T17:18:53.391421
lacharente,bd6t55087857x,,failed,0,0,,no_usable_pages,known,,,bd6t55087857x: no usable pages in manifest.,2026-07-17T17:18:53.539479
lacharente,bd6t55087858b,,failed,0,0,,no_usable_pages,known,,,bd6t55087858b: no usable pages in manifest.,2026-07-17T17:18:53.663243
lacharente,bd6t55087859r,,failed,0,0,,no_usable_pages,known,,,bd6t55087859r: no usable pages in manifest.,2026-07-17T17:18:53.831861
lacharente,bd6t55087860d,,failed,0,0,,no_usable_pages,known,,,bd6t55087860d: no usable pages in manifest.,2026-07-17T17:18:53.980972
lacharente,bd6t55087861t,,failed,0,0,,no_usable_pages,known,,,bd6t55087861t: no usable pages in manifest.,2026-07-17T17:18:54.076482
lacharente,bd6t550878627,,failed,0,0,,no_usable_pages,known,,,bd6t550878627: no usable pages in manifest.,2026-07-17T17:18:54.219993
lacharente,bd6t55087835b,,failed,0,0,,no_usable_pages,known,,,bd6t55087835b: no usable pages in manifest.,2026-07-17T17:18:54.349018
lacharente,bd6t55087863n,,failed,0,0,,no_usable_pages,known,,,bd6t55087863n: no usable pages in manifest.,2026-07-17T17:18:54.479012
lacharente,bd6t550878642,,failed,0,0,,no_usable_pages,known,,,bd6t550878642: no usable pages in manifest.,2026-07-17T17:18:54.636462
lacharente,bd6t55087865g,,failed,0,0,,no_usable_pages,known,,,bd6t55087865g: no usable pages in manifest.,2026-07-17T17:18:54.888240
lacharente,bd6t55087866w,,failed,0,0,,no_usable_pages,known,,,bd6t55087866w: no usable pages in manifest.,2026-07-17T17:18:55.421043
lacharente,bd6t550878679,,failed,0,0,,no_usable_pages,known,,,bd6t550878679: no usable pages in manifest.,2026-07-17T17:18:55.562726
lacharente,bd6t55087868q,,failed,0,0,,no_usable_pages,known,,,bd6t55087868q: no usable pages in manifest.,2026-07-17T17:18:55.843971
lacharente,bd6t550878694,,failed,0,0,,no_usable_pages,known,,,bd6t550878694: no usable pages in manifest.,2026-07-17T17:18:55.989614
lacharente,bd6t55087870s,,failed,0,0,,no_usable_pages,known,,,bd6t55087870s: no usable pages in manifest.,2026-07-17T17:18:56.227310
lacharente,bd6t550878716,,failed,0,0,,no_usable_pages,known,,,bd6t550878716: no usable pages in manifest.,2026-07-17T17:18:56.431604
lacharente,bd6t55087872m,,failed,0,0,,no_usable_pages,known,,,bd6t55087872m: no usable pages in manifest.,2026-07-17T17:18:56.675144
lacharente,bd6t550878731,,failed,0,0,,no_usable_pages,known,,,bd6t550878731: no usable pages in manifest.,2026-07-17T17:18:56.899026
lacharente,bd6t55087874f,,failed,0,0,,no_usable_pages,known,,,bd6t55087874f: no usable pages in manifest.,2026-07-17T17:18:57.009990
lacharente,bd6t55087875v,,failed,0,0,,no_usable_pages,known,,,bd6t55087875v: no usable pages in manifest.,2026-07-17T17:18:57.189001
lacharente,bd6t550878768,,failed,0,0,,no_usable_pages,known,,,bd6t550878768: no usable pages in manifest.,2026-07-17T17:18:57.428839
lacharente,bd6t55087877p,,failed,0,0,,no_usable_pages,known,,,bd6t55087877p: no usable pages in manifest.,2026-07-17T17:18:57.548031
lacharente,bd6t550878783,,failed,0,0,,no_usable_pages,known,,,bd6t550878783: no usable pages in manifest.,2026-07-17T17:18:57.699755
lacharente,bd6t55087879h,,failed,0,0,,no_usable_pages,known,,,bd6t55087879h: no usable pages in manifest.,2026-07-17T17:18:57.856344
lacharente,bd6t550878805,,failed,0,0,,no_usable_pages,known,,,bd6t550878805: no usable pages in manifest.,2026-07-17T17:18:58.042511
lacharente,bd6t55087881k,,failed,0,0,,no_usable_pages,known,,,bd6t55087881k: no usable pages in manifest.,2026-07-17T17:18:58.234480
lacharente,bd6t550878820,,failed,0,0,,no_usable_pages,known,,,bd6t550878820: no usable pages in manifest.,2026-07-17T17:18:58.450234
lacharente,bd6t55087883d,,failed,0,0,,no_usable_pages,known,,,bd6t55087883d: no usable pages in manifest.,2026-07-17T17:18:58.596937
lacharente,bd6t55087884t,,failed,0,0,,no_usable_pages,known,,,bd6t55087884t: no usable pages in manifest.,2026-07-17T17:18:58.785340
lacharente,bd6t550878857,,failed,0,0,,no_usable_pages,known,,,bd6t550878857: no usable pages in manifest.,2026-07-17T17:18:58.912502
lacharente,bd6t55087886n,,failed,0,0,,no_usable_pages,known,,,bd6t55087886n: no usable pages in manifest.,2026-07-17T17:18:59.059608
lacharente,bd6t550878872,,failed,0,0,,no_usable_pages,known,,,bd6t550878872: no usable pages in manifest.,2026-07-17T17:18:59.209587
lacharente,bd6t55087888g,,failed,0,0,,no_usable_pages,known,,,bd6t55087888g: no usable pages in manifest.,2026-07-17T17:18:59.381056
lacharente,bd6t55087889w,,failed,0,0,,no_usable_pages,known,,,bd6t55087889w: no usable pages in manifest.,2026-07-17T17:18:59.629439
lacharente,bd6t55087890j,,failed,0,0,,no_usable_pages,known,,,bd6t55087890j: no usable pages in manifest.,2026-07-17T17:18:59.766201
lacharente,bd6t55087891z,,failed,0,0,,no_usable_pages,known,,,bd6t55087891z: no usable pages in manifest.,2026-07-17T17:18:59.939711
lacharente,bd6t55087892c,,failed,0,0,,no_usable_pages,known,,,bd6t55087892c: no usable pages in manifest.,2026-07-17T17:19:00.130029
lacharente,bd6t55087893s,,failed,0,0,,no_usable_pages,known,,,bd6t55087893s: no usable pages in manifest.,2026-07-17T17:19:00.558719
lacharente,bd6t550878946,,failed,0,0,,no_usable_pages,known,,,bd6t550878946: no usable pages in manifest.,2026-07-17T17:19:00.883739
lacharente,bd6t55087895m,,failed,0,0,,no_usable_pages,known,,,bd6t55087895m: no usable pages in manifest.,2026-07-17T17:19:01.040130
lacharente,bd6t550878961,,failed,0,0,,no_usable_pages,known,,,bd6t550878961: no usable pages in manifest.,2026-07-17T17:19:01.229712
lacharente,bd6t55087897f,,failed,0,0,,no_usable_pages,known,,,bd6t55087897f: no usable pages in manifest.,2026-07-17T17:19:01.408052
lacharente,bd6t55087898v,,failed,0,0,,no_usable_pages,known,,,bd6t55087898v: no usable pages in manifest.,2026-07-17T17:19:01.540201
lacharente,bd6t550878998,,failed,0,0,,no_usable_pages,known,,,bd6t550878998: no usable pages in manifest.,2026-07-17T17:19:01.653520
lacharente,bd6t55087900g,,failed,0,0,,no_usable_pages,known,,,bd6t55087900g: no usable pages in manifest.,2026-07-17T17:19:01.777772
lacharente,bd6t55087901w,,failed,0,0,,no_usable_pages,known,,,bd6t55087901w: no usable pages in manifest.,2026-07-17T17:19:01.979187
lacharente,bd6t550879029,,failed,0,0,,no_usable_pages,known,,,bd6t550879029: no usable pages in manifest.,2026-07-17T17:19:02.127116
lacharente,bd6t55087903q,,failed,0,0,,no_usable_pages,known,,,bd6t55087903q: no usable pages in manifest.,2026-07-17T17:19:02.285724
lacharente,bd6t550879044,,failed,0,0,,no_usable_pages,known,,,bd6t550879044: no usable pages in manifest.,2026-07-17T17:19:02.462762
lacharente,bd6t55087905j,,failed,0,0,,no_usable_pages,known,,,bd6t55087905j: no usable pages in manifest.,2026-07-17T17:19:02.621323
lacharente,bd6t55087906z,,failed,0,0,,no_usable_pages,known,,,bd6t55087906z: no usable pages in manifest.,2026-07-17T17:19:02.743132
lacharente,bd6t55087907c,,failed,0,0,,no_usable_pages,known,,,bd6t55087907c: no usable pages in manifest.,2026-07-17T17:19:02.901168
lacharente,bd6t55087908s,,failed,0,0,,no_usable_pages,known,,,bd6t55087908s: no usable pages in manifest.,2026-07-17T17:19:03.093368
lacharente,bd6t550879096,,failed,0,0,,no_usable_pages,known,,,bd6t550879096: no usable pages in manifest.,2026-07-17T17:19:03.254363
lacharente,bd6t55087910v,,failed,0,0,,no_usable_pages,known,,,bd6t55087910v: no usable pages in manifest.,2026-07-17T17:19:03.417831
lacharente,bd6t550879118,,failed,0,0,,no_usable_pages,known,,,bd6t550879118: no usable pages in manifest.,2026-07-17T17:19:03.545483
lacharente,bd6t55087912p,,failed,0,0,,no_usable_pages,known,,,bd6t55087912p: no usable pages in manifest.,2026-07-17T17:19:03.659436
lacharente,bd6t550879133,,failed,0,0,,no_usable_pages,known,,,bd6t550879133: no usable pages in manifest.,2026-07-17T17:19:03.783153
lacharente,bd6t55087914h,,failed,0,0,,no_usable_pages,known,,,bd6t55087914h: no usable pages in manifest.,2026-07-17T17:19:03.910313
lacharente,bd6t55087915x,,failed,0,0,,no_usable_pages,known,,,bd6t55087915x: no usable pages in manifest.,2026-07-17T17:19:04.151109
lacharente,bd6t55087916b,,failed,0,0,,no_usable_pages,known,,,bd6t55087916b: no usable pages in manifest.,2026-07-17T17:19:04.285705
lacharente,bd6t55087917r,,failed,0,0,,no_usable_pages,known,,,bd6t55087917r: no usable pages in manifest.,2026-07-17T17:19:04.425482
lacharente,bd6t550879185,,failed,0,0,,no_usable_pages,known,,,bd6t550879185: no usable pages in manifest.,2026-07-17T17:19:04.570486
lacharente,bd6t55087919k,,failed,0,0,,no_usable_pages,known,,,bd6t55087919k: no usable pages in manifest.,2026-07-17T17:19:04.694732
lacharente,bd6t550879207,,failed,0,0,,no_usable_pages,known,,,bd6t550879207: no usable pages in manifest.,2026-07-17T17:19:04.841606
lacharente,bd6t55087921n,,failed,0,0,,no_usable_pages,known,,,bd6t55087921n: no usable pages in manifest.,2026-07-17T17:19:04.968014
lacharente,bd6t550879222,,failed,0,0,,no_usable_pages,known,,,bd6t550879222: no usable pages in manifest.,2026-07-17T17:19:05.824820
lacharente,bd6t55087923g,,failed,0,0,,no_usable_pages,known,,,bd6t55087923g: no usable pages in manifest.,2026-07-17T17:19:06.017522
lacharente,bd6t55087924w,,failed,0,0,,no_usable_pages,known,,,bd6t55087924w: no usable pages in manifest.,2026-07-17T17:19:06.226695
lacharente,bd6t550879259,,failed,0,0,,no_usable_pages,known,,,bd6t550879259: no usable pages in manifest.,2026-07-17T17:19:06.486514
lacharente,bd6t55087926q,,failed,0,0,,no_usable_pages,known,,,bd6t55087926q: no usable pages in manifest.,2026-07-17T17:19:06.635069
lacharente,bd6t550879274,,failed,0,0,,no_usable_pages,known,,,bd6t550879274: no usable pages in manifest.,2026-07-17T17:19:06.763394
lacharente,bd6t55087928j,,failed,0,0,,no_usable_pages,known,,,bd6t55087928j: no usable pages in manifest.,2026-07-17T17:19:06.870205
lacharente,bd6t55087929z,,failed,0,0,,no_usable_pages,known,,,bd6t55087929z: no usable pages in manifest.,2026-07-17T17:19:07.085023
lacharente,bd6t55087930m,,failed,0,0,,no_usable_pages,known,,,bd6t55087930m: no usable pages in manifest.,2026-07-17T17:19:07.794694
lacharente,bd6t550879311,,failed,0,0,,no_usable_pages,known,,,bd6t550879311: no usable pages in manifest.,2026-07-17T17:19:08.008436
lacharente,bd6t55087932f,,failed,0,0,,no_usable_pages,known,,,bd6t55087932f: no usable pages in manifest.,2026-07-17T17:19:08.223150
lacharente,bd6t55087933v,,failed,0,0,,no_usable_pages,known,,,bd6t55087933v: no usable pages in manifest.,2026-07-17T17:19:08.353268
lacharente,bd6t550879348,,failed,0,0,,no_usable_pages,known,,,bd6t550879348: no usable pages in manifest.,2026-07-17T17:19:08.517660
lacharente,bd6t55087935p,,failed,0,0,,no_usable_pages,known,,,bd6t55087935p: no usable pages in manifest.,2026-07-17T17:19:08.747808
lacharente,bd6t550879363,,failed,0,0,,no_usable_pages,known,,,bd6t550879363: no usable pages in manifest.,2026-07-17T17:19:09.018922
lacharente,bd6t55087937h,,failed,0,0,,no_usable_pages,known,,,bd6t55087937h: no usable pages in manifest.,2026-07-17T17:19:09.213119
lacharente,bd6t55087938x,,failed,0,0,,no_usable_pages,known,,,bd6t55087938x: no usable pages in manifest.,2026-07-17T17:19:09.395006
lacharente,bd6t55087939b,,failed,0,0,,no_usable_pages,known,,,bd6t55087939b: no usable pages in manifest.,2026-07-17T17:19:09.555709
lacharente,bd6t550879400,,failed,0,0,,no_usable_pages,known,,,bd6t550879400: no usable pages in manifest.,2026-07-17T17:19:09.685268
lacharente,bd6t55087941d,,failed,0,0,,no_usable_pages,known,,,bd6t55087941d: no usable pages in manifest.,2026-07-17T17:19:09.823373
lacharente,bd6t55087942t,,failed,0,0,,no_usable_pages,known,,,bd6t55087942t: no usable pages in manifest.,2026-07-17T17:19:09.994623
lacharente,bd6t550879437,,failed,0,0,,no_usable_pages,known,,,bd6t550879437: no usable pages in manifest.,2026-07-17T17:19:10.261450
lacharente,bd6t55087944n,,failed,0,0,,no_usable_pages,known,,,bd6t55087944n: no usable pages in manifest.,2026-07-17T17:19:10.394082
lacharente,bd6t55088184q,,failed,0,0,,no_usable_pages,known,,,bd6t55088184q: no usable pages in manifest.,2026-07-17T17:19:10.533343
lacharente,bd6t550879452,,failed,0,0,,no_usable_pages,known,,,bd6t550879452: no usable pages in manifest.,2026-07-17T17:19:10.683352
lacharente,bd6t55087946g,,failed,0,0,,no_usable_pages,known,,,bd6t55087946g: no usable pages in manifest.,2026-07-17T17:19:10.831942
lacharente,bd6t55087947w,,failed,0,0,,no_usable_pages,known,,,bd6t55087947w: no usable pages in manifest.,2026-07-17T17:19:10.980240
lacharente,bd6t550879489,,failed,0,0,,no_usable_pages,known,,,bd6t550879489: no usable pages in manifest.,2026-07-17T17:19:11.184210
lacharente,bd6t55087949q,,failed,0,0,,no_usable_pages,known,,,bd6t55087949q: no usable pages in manifest.,2026-07-17T17:19:11.417311
lacharente,bd6t55087950c,,failed,0,0,,no_usable_pages,known,,,bd6t55087950c: no usable pages in manifest.,2026-07-17T17:19:11.565179
lacharente,bd6t55087951s,,failed,0,0,,no_usable_pages,known,,,bd6t55087951s: no usable pages in manifest.,2026-07-17T17:19:11.728163
lacharente,bd6t550879526,,failed,0,0,,no_usable_pages,known,,,bd6t550879526: no usable pages in manifest.,2026-07-17T17:19:11.924059
lacharente,bd6t55087953m,,failed,0,0,,no_usable_pages,known,,,bd6t55087953m: no usable pages in manifest.,2026-07-17T17:19:12.067649
lacharente,bd6t550879541,,failed,0,0,,no_usable_pages,known,,,bd6t550879541: no usable pages in manifest.,2026-07-17T17:19:12.191700
lacharente,bd6t55087955f,,failed,0,0,,no_usable_pages,known,,,bd6t55087955f: no usable pages in manifest.,2026-07-17T17:19:12.526405
lacharente,bd6t55087956v,,failed,0,0,,no_usable_pages,known,,,bd6t55087956v: no usable pages in manifest.,2026-07-17T17:19:12.651400
lacharente,bd6t550879578,,failed,0,0,,no_usable_pages,known,,,bd6t550879578: no usable pages in manifest.,2026-07-17T17:19:12.792889
lacharente,bd6t55087958p,,failed,0,0,,no_usable_pages,known,,,bd6t55087958p: no usable pages in manifest.,2026-07-17T17:19:12.968746
lacharente,bd6t550879593,,failed,0,0,,no_usable_pages,known,,,bd6t550879593: no usable pages in manifest.,2026-07-17T17:19:13.124161
lacharente,bd6t55087960r,,failed,0,0,,no_usable_pages,known,,,bd6t55087960r: no usable pages in manifest.,2026-07-17T17:19:13.240423
lacharente,bd6t550879615,,failed,0,0,,no_usable_pages,known,,,bd6t550879615: no usable pages in manifest.,2026-07-17T17:19:13.404995
lacharente,bd6t55087962k,,failed,0,0,,no_usable_pages,known,,,bd6t55087962k: no usable pages in manifest.,2026-07-17T17:19:13.608051
lacharente,bd6t550879630,,failed,0,0,,no_usable_pages,known,,,bd6t550879630: no usable pages in manifest.,2026-07-17T17:19:13.766742
lacharente,bd6t55087964d,,failed,0,0,,no_usable_pages,known,,,bd6t55087964d: no usable pages in manifest.,2026-07-17T17:19:13.902860
lacharente,bd6t55087965t,,failed,0,0,,no_usable_pages,known,,,bd6t55087965t: no usable pages in manifest.,2026-07-17T17:19:14.022267
lacharente,bd6t550879667,,failed,0,0,,no_usable_pages,known,,,bd6t550879667: no usable pages in manifest.,2026-07-17T17:19:14.126002
lacharente,bd6t55087967n,,failed,0,0,,no_usable_pages,known,,,bd6t55087967n: no usable pages in manifest.,2026-07-17T17:19:14.266586
lacharente,bd6t550879682,,failed,0,0,,no_usable_pages,known,,,bd6t550879682: no usable pages in manifest.,2026-07-17T17:19:14.392661
lacharente,bd6t55087969g,,failed,0,0,,no_usable_pages,known,,,bd6t55087969g: no usable pages in manifest.,2026-07-17T17:19:14.642428
lacharente,bd6t550879704,,failed,0,0,,no_usable_pages,known,,,bd6t550879704: no usable pages in manifest.,2026-07-17T17:19:14.771660
lacharente,bd6t55087971j,,failed,0,0,,no_usable_pages,known,,,bd6t55087971j: no usable pages in manifest.,2026-07-17T17:19:14.885300
lacharente,bd6t55087972z,,failed,0,0,,no_usable_pages,known,,,bd6t55087972z: no usable pages in manifest.,2026-07-17T17:19:15.027425
lacharente,bd6t55087973c,,failed,0,0,,no_usable_pages,known,,,bd6t55087973c: no usable pages in manifest.,2026-07-17T17:19:15.164342
lacharente,bd6t55087974s,,failed,0,0,,no_usable_pages,known,,,bd6t55087974s: no usable pages in manifest.,2026-07-17T17:19:15.281749
lacharente,bd6t550879756,,failed,0,0,,no_usable_pages,known,,,bd6t550879756: no usable pages in manifest.,2026-07-17T17:19:15.402977
lacharente,bd6t55087976m,,failed,0,0,,no_usable_pages,known,,,bd6t55087976m: no usable pages in manifest.,2026-07-17T17:19:15.500863
lacharente,bd6t550879771,,failed,0,0,,no_usable_pages,known,,,bd6t550879771: no usable pages in manifest.,2026-07-17T17:19:15.745362
lacharente,bd6t55087978f,,failed,0,0,,no_usable_pages,known,,,bd6t55087978f: no usable pages in manifest.,2026-07-17T17:19:15.857701
lacharente,bd6t55087979v,,failed,0,0,,no_usable_pages,known,,,bd6t55087979v: no usable pages in manifest.,2026-07-17T17:19:15.998713
lacharente,bd6t55087980h,,failed,0,0,,no_usable_pages,known,,,bd6t55087980h: no usable pages in manifest.,2026-07-17T17:19:16.161777
lacharente,bd6t55087981x,,failed,0,0,,no_usable_pages,known,,,bd6t55087981x: no usable pages in manifest.,2026-07-17T17:19:16.268874
lacharente,bd6t55087982b,,failed,0,0,,no_usable_pages,known,,,bd6t55087982b: no usable pages in manifest.,2026-07-17T17:19:16.393185
lacharente,bd6t55087983r,,failed,0,0,,no_usable_pages,known,,,bd6t55087983r: no usable pages in manifest.,2026-07-17T17:19:16.967591
lacharente,bd6t550879845,,failed,0,0,,no_usable_pages,known,,,bd6t550879845: no usable pages in manifest.,2026-07-17T17:19:17.111035
lacharente,bd6t55087985k,,failed,0,0,,no_usable_pages,known,,,bd6t55087985k: no usable pages in manifest.,2026-07-17T17:19:17.264838
lacharente,bd6t550879860,,failed,0,0,,no_usable_pages,known,,,bd6t550879860: no usable pages in manifest.,2026-07-17T17:19:17.386775
lacharente,bd6t55087987d,,failed,0,0,,no_usable_pages,known,,,bd6t55087987d: no usable pages in manifest.,2026-07-17T17:19:17.517616
lacharente,bd6t55087988t,,failed,0,0,,no_usable_pages,known,,,bd6t55087988t: no usable pages in manifest.,2026-07-17T17:19:17.728548
lacharente,bd6t550879897,,failed,0,0,,no_usable_pages,known,,,bd6t550879897: no usable pages in manifest.,2026-07-17T17:19:17.891477
lacharente,bd6t55087990w,,failed,0,0,,no_usable_pages,known,,,bd6t55087990w: no usable pages in manifest.,2026-07-17T17:19:18.050401
lacharente,bd6t550879919,,failed,0,0,,no_usable_pages,known,,,bd6t550879919: no usable pages in manifest.,2026-07-17T17:19:18.170267
lacharente,bd6t55087992q,,failed,0,0,,no_usable_pages,known,,,bd6t55087992q: no usable pages in manifest.,2026-07-17T17:19:18.275501
lacharente,bd6t550879934,,failed,0,0,,no_usable_pages,known,,,bd6t550879934: no usable pages in manifest.,2026-07-17T17:19:18.435064
lacharente,bd6t55087994j,,failed,0,0,,no_usable_pages,known,,,bd6t55087994j: no usable pages in manifest.,2026-07-17T17:19:18.600517
lacharente,bd6t55087995z,,failed,0,0,,no_usable_pages,known,,,bd6t55087995z: no usable pages in manifest.,2026-07-17T17:19:18.725279
lacharente,bd6t55087996c,,failed,0,0,,no_usable_pages,known,,,bd6t55087996c: no usable pages in manifest.,2026-07-17T17:19:18.910086
lacharente,bd6t55087997s,,failed,0,0,,no_usable_pages,known,,,bd6t55087997s: no usable pages in manifest.,2026-07-17T17:19:19.075071
lacharente,bd6t550879986,,failed,0,0,,no_usable_pages,known,,,bd6t550879986: no usable pages in manifest.,2026-07-17T17:19:19.185981
lacharente,bd6t55087999m,,failed,0,0,,no_usable_pages,known,,,bd6t55087999m: no usable pages in manifest.,2026-07-17T17:19:19.344012
lacharente,bd6t55088000p,,failed,0,0,,no_usable_pages,known,,,bd6t55088000p: no usable pages in manifest.,2026-07-17T17:19:19.470549
lacharente,bd6t550880013,,failed,0,0,,no_usable_pages,known,,,bd6t550880013: no usable pages in manifest.,2026-07-17T17:19:19.594833
lacharente,bd6t55088003x,,failed,0,0,,no_usable_pages,known,,,bd6t55088003x: no usable pages in manifest.,2026-07-17T17:19:19.742826
lacharente,bd6t55088004b,,failed,0,0,,no_usable_pages,known,,,bd6t55088004b: no usable pages in manifest.,2026-07-17T17:19:19.867349
lacharente,bd6t55088005r,,failed,0,0,,no_usable_pages,known,,,bd6t55088005r: no usable pages in manifest.,2026-07-17T17:19:20.102707
lacharente,bd6t550880065,,failed,0,0,,no_usable_pages,known,,,bd6t550880065: no usable pages in manifest.,2026-07-17T17:19:20.234637
lacharente,bd6t55088007k,,failed,0,0,,no_usable_pages,known,,,bd6t55088007k: no usable pages in manifest.,2026-07-17T17:19:20.418901
lacharente,bd6t550880080,,failed,0,0,,no_usable_pages,known,,,bd6t550880080: no usable pages in manifest.,2026-07-17T17:19:20.545694
lacharente,bd6t55088009d,,failed,0,0,,no_usable_pages,known,,,bd6t55088009d: no usable pages in manifest.,2026-07-17T17:19:20.713661
lacharente,bd6t550880102,,failed,0,0,,no_usable_pages,known,,,bd6t550880102: no usable pages in manifest.,2026-07-17T17:19:20.856463
lacharente,bd6t55088011g,,failed,0,0,,no_usable_pages,known,,,bd6t55088011g: no usable pages in manifest.,2026-07-17T17:19:21.066839
lacharente,bd6t55088012w,,failed,0,0,,no_usable_pages,known,,,bd6t55088012w: no usable pages in manifest.,2026-07-17T17:19:21.236176
lacharente,bd6t550880139,,failed,0,0,,no_usable_pages,known,,,bd6t550880139: no usable pages in manifest.,2026-07-17T17:19:21.477651
lacharente,bd6t55088014q,,failed,0,0,,no_usable_pages,known,,,bd6t55088014q: no usable pages in manifest.,2026-07-17T17:19:21.717800
lacharente,bd6t550880154,,failed,0,0,,no_usable_pages,known,,,bd6t550880154: no usable pages in manifest.,2026-07-17T17:19:21.836125
lacharente,bd6t55088016j,,failed,0,0,,no_usable_pages,known,,,bd6t55088016j: no usable pages in manifest.,2026-07-17T17:19:21.980728
lacharente,bd6t55088017z,,failed,0,0,,no_usable_pages,known,,,bd6t55088017z: no usable pages in manifest.,2026-07-17T17:19:22.105090
lacharente,bd6t55088018c,,failed,0,0,,no_usable_pages,known,,,bd6t55088018c: no usable pages in manifest.,2026-07-17T17:19:22.351087
lacharente,bd6t55088019s,,failed,0,0,,no_usable_pages,known,,,bd6t55088019s: no usable pages in manifest.,2026-07-17T17:19:22.472778
lacharente,bd6t55088020f,,failed,0,0,,no_usable_pages,known,,,bd6t55088020f: no usable pages in manifest.,2026-07-17T17:19:22.615838
lacharente,bd6t55088021v,,failed,0,0,,no_usable_pages,known,,,bd6t55088021v: no usable pages in manifest.,2026-07-17T17:19:22.760590
lacharente,bd6t550880228,,failed,0,0,,no_usable_pages,known,,,bd6t550880228: no usable pages in manifest.,2026-07-17T17:19:22.902118
lacharente,bd6t55088023p,,failed,0,0,,no_usable_pages,known,,,bd6t55088023p: no usable pages in manifest.,2026-07-17T17:19:23.048436
lacharente,bd6t550880243,,failed,0,0,,no_usable_pages,known,,,bd6t550880243: no usable pages in manifest.,2026-07-17T17:19:23.209425
lacharente,bd6t55088025h,,failed,0,0,,no_usable_pages,known,,,bd6t55088025h: no usable pages in manifest.,2026-07-17T17:19:23.401286
lacharente,bd6t55088026x,,failed,0,0,,no_usable_pages,known,,,bd6t55088026x: no usable pages in manifest.,2026-07-17T17:19:23.537690
lacharente,bd6t55088027b,,failed,0,0,,no_usable_pages,known,,,bd6t55088027b: no usable pages in manifest.,2026-07-17T17:19:23.659761
lacharente,bd6t55088028r,,failed,0,0,,no_usable_pages,known,,,bd6t55088028r: no usable pages in manifest.,2026-07-17T17:19:23.786925
lacharente,bd6t550880295,,failed,0,0,,no_usable_pages,known,,,bd6t550880295: no usable pages in manifest.,2026-07-17T17:19:23.903166
lacharente,bd6t55088030t,,failed,0,0,,no_usable_pages,known,,,bd6t55088030t: no usable pages in manifest.,2026-07-17T17:19:24.038834
lacharente,bd6t550880317,,failed,0,0,,no_usable_pages,known,,,bd6t550880317: no usable pages in manifest.,2026-07-17T17:19:24.229769
lacharente,bd6t55088032n,,failed,0,0,,no_usable_pages,known,,,bd6t55088032n: no usable pages in manifest.,2026-07-17T17:19:24.390716
lacharente,bd6t550880332,,failed,0,0,,no_usable_pages,known,,,bd6t550880332: no usable pages in manifest.,2026-07-17T17:19:24.479905
lacharente,bd6t55088034g,,failed,0,0,,no_usable_pages,known,,,bd6t55088034g: no usable pages in manifest.,2026-07-17T17:19:24.596422
lacharente,bd6t55088035w,,failed,0,0,,no_usable_pages,known,,,bd6t55088035w: no usable pages in manifest.,2026-07-17T17:19:24.681737
lacharente,bd6t550880369,,failed,0,0,,no_usable_pages,known,,,bd6t550880369: no usable pages in manifest.,2026-07-17T17:19:24.798193
lacharente,bd6t55088037q,,failed,0,0,,no_usable_pages,known,,,bd6t55088037q: no usable pages in manifest.,2026-07-17T17:19:24.891731
lacharente,bd6t550880384,,failed,0,0,,no_usable_pages,known,,,bd6t550880384: no usable pages in manifest.,2026-07-17T17:19:25.029803
lacharente,bd6t55088039j,,failed,0,0,,no_usable_pages,known,,,bd6t55088039j: no usable pages in manifest.,2026-07-17T17:19:25.154891
lacharente,bd6t550880406,,failed,0,0,,no_usable_pages,known,,,bd6t550880406: no usable pages in manifest.,2026-07-17T17:19:25.306648
lacharente,bd6t55088041m,,failed,0,0,,no_usable_pages,known,,,bd6t55088041m: no usable pages in manifest.,2026-07-17T17:19:25.428501
lacharente,bd6t550880421,,failed,0,0,,no_usable_pages,known,,,bd6t550880421: no usable pages in manifest.,2026-07-17T17:19:25.537409
lacharente,bd6t55088043f,,failed,0,0,,no_usable_pages,known,,,bd6t55088043f: no usable pages in manifest.,2026-07-17T17:19:25.629698
lacharente,bd6t55088044v,,failed,0,0,,no_usable_pages,known,,,bd6t55088044v: no usable pages in manifest.,2026-07-17T17:19:25.735167
lacharente,bd6t550880458,,failed,0,0,,no_usable_pages,known,,,bd6t550880458: no usable pages in manifest.,2026-07-17T17:19:25.869870
lacharente,bd6t55088046p,,failed,0,0,,no_usable_pages,known,,,bd6t55088046p: no usable pages in manifest.,2026-07-17T17:19:26.094030
lacharente,bd6t550880473,,failed,0,0,,no_usable_pages,known,,,bd6t550880473: no usable pages in manifest.,2026-07-17T17:19:26.233466
lacharente,bd6t55088048h,,failed,0,0,,no_usable_pages,known,,,bd6t55088048h: no usable pages in manifest.,2026-07-17T17:19:26.543314
lacharente,bd6t55088049x,,failed,0,0,,no_usable_pages,known,,,bd6t55088049x: no usable pages in manifest.,2026-07-17T17:19:26.647608
lacharente,bd6t55088050k,,failed,0,0,,no_usable_pages,known,,,bd6t55088050k: no usable pages in manifest.,2026-07-17T17:19:26.764414
lacharente,bd6t550880510,,failed,0,0,,no_usable_pages,known,,,bd6t550880510: no usable pages in manifest.,2026-07-17T17:19:26.915589
lacharente,bd6t55088052d,,failed,0,0,,no_usable_pages,known,,,bd6t55088052d: no usable pages in manifest.,2026-07-17T17:19:27.054113
lacharente,bd6t55088053t,,failed,0,0,,no_usable_pages,known,,,bd6t55088053t: no usable pages in manifest.,2026-07-17T17:19:27.175294
lacharente,bd6t550880547,,failed,0,0,,no_usable_pages,known,,,bd6t550880547: no usable pages in manifest.,2026-07-17T17:19:27.250491
lacharente,bd6t55088055n,,failed,0,0,,no_usable_pages,known,,,bd6t55088055n: no usable pages in manifest.,2026-07-17T17:19:27.422218
lacharente,bd6t550880562,,failed,0,0,,no_usable_pages,known,,,bd6t550880562: no usable pages in manifest.,2026-07-17T17:19:27.627423
lacharente,bd6t55088057g,,failed,0,0,,no_usable_pages,known,,,bd6t55088057g: no usable pages in manifest.,2026-07-17T17:19:27.741679
lacharente,bd6t55088058w,,failed,0,0,,no_usable_pages,known,,,bd6t55088058w: no usable pages in manifest.,2026-07-17T17:19:27.877433
lacharente,bd6t550880599,,failed,0,0,,no_usable_pages,known,,,bd6t550880599: no usable pages in manifest.,2026-07-17T17:19:27.976071
lacharente,bd6t55088060z,,failed,0,0,,no_usable_pages,known,,,bd6t55088060z: no usable pages in manifest.,2026-07-17T17:19:28.092159
lacharente,bd6t55088061c,,failed,0,0,,no_usable_pages,known,,,bd6t55088061c: no usable pages in manifest.,2026-07-17T17:19:28.262687
lacharente,bd6t55088062s,,failed,0,0,,no_usable_pages,known,,,bd6t55088062s: no usable pages in manifest.,2026-07-17T17:19:28.406564
lacharente,bd6t550880636,,failed,0,0,,no_usable_pages,known,,,bd6t550880636: no usable pages in manifest.,2026-07-17T17:19:28.616117
lacharente,bd6t55088064m,,failed,0,0,,no_usable_pages,known,,,bd6t55088064m: no usable pages in manifest.,2026-07-17T17:19:28.754643
lacharente,bd6t550880651,,failed,0,0,,no_usable_pages,known,,,bd6t550880651: no usable pages in manifest.,2026-07-17T17:19:28.874121
lacharente,bd6t55088066f,,failed,0,0,,no_usable_pages,known,,,bd6t55088066f: no usable pages in manifest.,2026-07-17T17:19:28.982166
lacharente,bd6t55088067v,,failed,0,0,,no_usable_pages,known,,,bd6t55088067v: no usable pages in manifest.,2026-07-17T17:19:29.082469
lacharente,bd6t550880688,,failed,0,0,,no_usable_pages,known,,,bd6t550880688: no usable pages in manifest.,2026-07-17T17:19:29.171169
lacharente,bd6t55088069p,,failed,0,0,,no_usable_pages,known,,,bd6t55088069p: no usable pages in manifest.,2026-07-17T17:19:29.286187
lacharente,bd6t55088070b,,failed,0,0,,no_usable_pages,known,,,bd6t55088070b: no usable pages in manifest.,2026-07-17T17:19:29.439199
lacharente,bd6t55088071r,,failed,0,0,,no_usable_pages,known,,,bd6t55088071r: no usable pages in manifest.,2026-07-17T17:19:29.583054
lacharente,bd6t550880725,,failed,0,0,,no_usable_pages,known,,,bd6t550880725: no usable pages in manifest.,2026-07-17T17:19:29.862585
lacharente,bd6t55088073k,,failed,0,0,,no_usable_pages,known,,,bd6t55088073k: no usable pages in manifest.,2026-07-17T17:19:29.966870
lacharente,bd6t550880740,,failed,0,0,,no_usable_pages,known,,,bd6t550880740: no usable pages in manifest.,2026-07-17T17:19:30.130157
lacharente,bd6t55088075d,,failed,0,0,,no_usable_pages,known,,,bd6t55088075d: no usable pages in manifest.,2026-07-17T17:19:30.235037
lacharente,bd6t55088076t,,failed,0,0,,no_usable_pages,known,,,bd6t55088076t: no usable pages in manifest.,2026-07-17T17:19:30.343907
lacharente,bd6t550880777,,failed,0,0,,no_usable_pages,known,,,bd6t550880777: no usable pages in manifest.,2026-07-17T17:19:30.460582
lacharente,bd6t55088078n,,failed,0,0,,no_usable_pages,known,,,bd6t55088078n: no usable pages in manifest.,2026-07-17T17:19:30.950016
lacharente,bd6t550880792,,failed,0,0,,no_usable_pages,known,,,bd6t550880792: no usable pages in manifest.,2026-07-17T17:19:31.577347
lacharente,bd6t55088080q,,failed,0,0,,no_usable_pages,known,,,bd6t55088080q: no usable pages in manifest.,2026-07-17T17:19:31.745545
lacharente,bd6t550880814,,failed,0,0,,no_usable_pages,known,,,bd6t550880814: no usable pages in manifest.,2026-07-17T17:19:31.891337
lacharente,bd6t55088082j,,failed,0,0,,no_usable_pages,known,,,bd6t55088082j: no usable pages in manifest.,2026-07-17T17:19:32.031452
lacharente,bd6t55088083z,,failed,0,0,,no_usable_pages,known,,,bd6t55088083z: no usable pages in manifest.,2026-07-17T17:19:32.154481
lacharente,bd6t55088084c,,failed,0,0,,no_usable_pages,known,,,bd6t55088084c: no usable pages in manifest.,2026-07-17T17:19:32.327892
lacharente,bd6t55088085s,,failed,0,0,,no_usable_pages,known,,,bd6t55088085s: no usable pages in manifest.,2026-07-17T17:19:32.517380
lacharente,bd6t550880866,,failed,0,0,,no_usable_pages,known,,,bd6t550880866: no usable pages in manifest.,2026-07-17T17:19:32.660968
lacharente,bd6t55088087m,,failed,0,0,,no_usable_pages,known,,,bd6t55088087m: no usable pages in manifest.,2026-07-17T17:19:32.808074
lacharente,bd6t550880881,,failed,0,0,,no_usable_pages,known,,,bd6t550880881: no usable pages in manifest.,2026-07-17T17:19:32.937150
lacharente,bd6t55088089f,,failed,0,0,,no_usable_pages,known,,,bd6t55088089f: no usable pages in manifest.,2026-07-17T17:19:33.074476
lacharente,bd6t550880903,,failed,0,0,,no_usable_pages,known,,,bd6t550880903: no usable pages in manifest.,2026-07-17T17:19:33.261736
lacharente,bd6t55088091h,,failed,0,0,,no_usable_pages,known,,,bd6t55088091h: no usable pages in manifest.,2026-07-17T17:19:33.423751
lacharente,bd6t55088092x,,failed,0,0,,no_usable_pages,known,,,bd6t55088092x: no usable pages in manifest.,2026-07-17T17:19:33.590722
lacharente,bd6t55088093b,,failed,0,0,,no_usable_pages,known,,,bd6t55088093b: no usable pages in manifest.,2026-07-17T17:19:33.816751
lacharente,bd6t55088094r,,failed,0,0,,no_usable_pages,known,,,bd6t55088094r: no usable pages in manifest.,2026-07-17T17:19:34.004432
lacharente,bd6t550880955,,failed,0,0,,no_usable_pages,known,,,bd6t550880955: no usable pages in manifest.,2026-07-17T17:19:34.125392
lacharente,bd6t55088096k,,failed,0,0,,no_usable_pages,known,,,bd6t55088096k: no usable pages in manifest.,2026-07-17T17:19:34.284529
lacharente,bd6t550880970,,failed,0,0,,no_usable_pages,known,,,bd6t550880970: no usable pages in manifest.,2026-07-17T17:19:34.407377
lacharente,bd6t55088098d,,failed,0,0,,no_usable_pages,known,,,bd6t55088098d: no usable pages in manifest.,2026-07-17T17:19:34.490734
lacharente,bd6t55088099t,,failed,0,0,,no_usable_pages,known,,,bd6t55088099t: no usable pages in manifest.,2026-07-17T17:19:34.634108
lacharente,bd6t550881001,,failed,0,0,,no_usable_pages,known,,,bd6t550881001: no usable pages in manifest.,2026-07-17T17:19:34.786438
lacharente,bd6t55088101f,,failed,0,0,,no_usable_pages,known,,,bd6t55088101f: no usable pages in manifest.,2026-07-17T17:19:34.922321
lacharente,bd6t55088102v,,failed,0,0,,no_usable_pages,known,,,bd6t55088102v: no usable pages in manifest.,2026-07-17T17:19:35.014861
lacharente,bd6t550881038,,failed,0,0,,no_usable_pages,known,,,bd6t550881038: no usable pages in manifest.,2026-07-17T17:19:35.111869
lacharente,bd6t55088104p,,failed,0,0,,no_usable_pages,known,,,bd6t55088104p: no usable pages in manifest.,2026-07-17T17:19:35.286184
lacharente,bd6t550881053,,failed,0,0,,no_usable_pages,known,,,bd6t550881053: no usable pages in manifest.,2026-07-17T17:19:35.477951
lacharente,bd6t55088106h,,failed,0,0,,no_usable_pages,known,,,bd6t55088106h: no usable pages in manifest.,2026-07-17T17:19:35.558849
lacharente,bd6t55088107x,,failed,0,0,,no_usable_pages,known,,,bd6t55088107x: no usable pages in manifest.,2026-07-17T17:19:35.660523
lacharente,bd6t55088108b,,failed,0,0,,no_usable_pages,known,,,bd6t55088108b: no usable pages in manifest.,2026-07-17T17:19:35.772967
lacharente,bd6t55088109r,,failed,0,0,,no_usable_pages,known,,,bd6t55088109r: no usable pages in manifest.,2026-07-17T17:19:36.220167
lacharente,bd6t55088110d,,failed,0,0,,no_usable_pages,known,,,bd6t55088110d: no usable pages in manifest.,2026-07-17T17:19:36.349113
lacharente,bd6t55088111t,,failed,0,0,,no_usable_pages,known,,,bd6t55088111t: no usable pages in manifest.,2026-07-17T17:19:36.528744
lacharente,bd6t550881127,,failed,0,0,,no_usable_pages,known,,,bd6t550881127: no usable pages in manifest.,2026-07-17T17:19:36.630177
lacharente,bd6t55088113n,,failed,0,0,,no_usable_pages,known,,,bd6t55088113n: no usable pages in manifest.,2026-07-17T17:19:36.783278
lacharente,bd6t550881142,,failed,0,0,,no_usable_pages,known,,,bd6t550881142: no usable pages in manifest.,2026-07-17T17:19:36.895492
lacharente,bd6t55088115g,,failed,0,0,,no_usable_pages,known,,,bd6t55088115g: no usable pages in manifest.,2026-07-17T17:19:37.076751
lacharente,bd6t55088116w,,failed,0,0,,no_usable_pages,known,,,bd6t55088116w: no usable pages in manifest.,2026-07-17T17:19:37.225869
lacharente,bd6t550881179,,failed,0,0,,no_usable_pages,known,,,bd6t550881179: no usable pages in manifest.,2026-07-17T17:19:37.360778
lacharente,bd6t55088118q,,failed,0,0,,no_usable_pages,known,,,bd6t55088118q: no usable pages in manifest.,2026-07-17T17:19:37.497353
lacharente,bd6t550881194,,failed,0,0,,no_usable_pages,known,,,bd6t550881194: no usable pages in manifest.,2026-07-17T17:19:37.695362
lacharente,bd6t55088120s,,failed,0,0,,no_usable_pages,known,,,bd6t55088120s: no usable pages in manifest.,2026-07-17T17:19:37.791945
lacharente,bd6t550881216,,failed,0,0,,no_usable_pages,known,,,bd6t550881216: no usable pages in manifest.,2026-07-17T17:19:37.914876
lacharente,bd6t55088122m,,failed,0,0,,no_usable_pages,known,,,bd6t55088122m: no usable pages in manifest.,2026-07-17T17:19:38.045714
lacharente,bd6t550881231,,failed,0,0,,no_usable_pages,known,,,bd6t550881231: no usable pages in manifest.,2026-07-17T17:19:38.175651
lacharente,bd6t55088124f,,failed,0,0,,no_usable_pages,known,,,bd6t55088124f: no usable pages in manifest.,2026-07-17T17:19:38.387345
lacharente,bd6t55088125v,,failed,0,0,,no_usable_pages,known,,,bd6t55088125v: no usable pages in manifest.,2026-07-17T17:19:38.504862
lacharente,bd6t550881268,,failed,0,0,,no_usable_pages,known,,,bd6t550881268: no usable pages in manifest.,2026-07-17T17:19:38.649453
lacharente,bd6t55088127p,,failed,0,0,,no_usable_pages,known,,,bd6t55088127p: no usable pages in manifest.,2026-07-17T17:19:38.781553
lacharente,bd6t550881283,,failed,0,0,,no_usable_pages,known,,,bd6t550881283: no usable pages in manifest.,2026-07-17T17:19:39.007304
lacharente,bd6t55088129h,,failed,0,0,,no_usable_pages,known,,,bd6t55088129h: no usable pages in manifest.,2026-07-17T17:19:39.109686
lacharente,bd6t550881305,,failed,0,0,,no_usable_pages,known,,,bd6t550881305: no usable pages in manifest.,2026-07-17T17:19:39.314307
lacharente,bd6t55088131k,,failed,0,0,,no_usable_pages,known,,,bd6t55088131k: no usable pages in manifest.,2026-07-17T17:19:39.485245
lacharente,bd6t550881320,,failed,0,0,,no_usable_pages,known,,,bd6t550881320: no usable pages in manifest.,2026-07-17T17:19:39.579750
lacharente,bd6t55088133d,,failed,0,0,,no_usable_pages,known,,,bd6t55088133d: no usable pages in manifest.,2026-07-17T17:19:39.836892
lacharente,bd6t55088134t,,failed,0,0,,no_usable_pages,known,,,bd6t55088134t: no usable pages in manifest.,2026-07-17T17:19:40.060120
lacharente,bd6t550881357,,failed,0,0,,no_usable_pages,known,,,bd6t550881357: no usable pages in manifest.,2026-07-17T17:19:40.227511
lacharente,bd6t55088136n,,failed,0,0,,no_usable_pages,known,,,bd6t55088136n: no usable pages in manifest.,2026-07-17T17:19:40.388097
lacharente,bd6t550881372,,failed,0,0,,no_usable_pages,known,,,bd6t550881372: no usable pages in manifest.,2026-07-17T17:19:40.651640
lacharente,bd6t55088138g,,failed,0,0,,no_usable_pages,known,,,bd6t55088138g: no usable pages in manifest.,2026-07-17T17:19:41.120640
lacharente,bd6t55088139w,,failed,0,0,,no_usable_pages,known,,,bd6t55088139w: no usable pages in manifest.,2026-07-17T17:19:41.256592
lacharente,bd6t55088140j,,failed,0,0,,no_usable_pages,known,,,bd6t55088140j: no usable pages in manifest.,2026-07-17T17:19:41.409494
lacharente,bd6t55088141z,,failed,0,0,,no_usable_pages,known,,,bd6t55088141z: no usable pages in manifest.,2026-07-17T17:19:41.547911
lacharente,bd6t55088142c,,failed,0,0,,no_usable_pages,known,,,bd6t55088142c: no usable pages in manifest.,2026-07-17T17:19:41.692944
lacharente,bd6t55088143s,,failed,0,0,,no_usable_pages,known,,,bd6t55088143s: no usable pages in manifest.,2026-07-17T17:19:41.799272
lacharente,bd6t550881446,,failed,0,0,,no_usable_pages,known,,,bd6t550881446: no usable pages in manifest.,2026-07-17T17:19:41.906760
lacharente,bd6t55088145m,,failed,0,0,,no_usable_pages,known,,,bd6t55088145m: no usable pages in manifest.,2026-07-17T17:19:42.142767
lacharente,bd6t550881461,,failed,0,0,,no_usable_pages,known,,,bd6t550881461: no usable pages in manifest.,2026-07-17T17:19:42.265463
lacharente,bd6t55088147f,,failed,0,0,,no_usable_pages,known,,,bd6t55088147f: no usable pages in manifest.,2026-07-17T17:19:42.418019
lacharente,bd6t55088148v,,failed,0,0,,no_usable_pages,known,,,bd6t55088148v: no usable pages in manifest.,2026-07-17T17:19:42.548560
lacharente,bd6t550881498,,failed,0,0,,no_usable_pages,known,,,bd6t550881498: no usable pages in manifest.,2026-07-17T17:19:42.746954
lacharente,bd6t55088150x,,failed,0,0,,no_usable_pages,known,,,bd6t55088150x: no usable pages in manifest.,2026-07-17T17:19:42.874229
lacharente,bd6t55088151b,,failed,0,0,,no_usable_pages,known,,,bd6t55088151b: no usable pages in manifest.,2026-07-17T17:19:42.998361
lacharente,bd6t55088152r,,failed,0,0,,no_usable_pages,known,,,bd6t55088152r: no usable pages in manifest.,2026-07-17T17:19:43.168713
lacharente,bd6t550881535,,failed,0,0,,no_usable_pages,known,,,bd6t550881535: no usable pages in manifest.,2026-07-17T17:19:43.280653
lacharente,bd6t55088154k,,failed,0,0,,no_usable_pages,known,,,bd6t55088154k: no usable pages in manifest.,2026-07-17T17:19:43.403882
lacharente,bd6t550881550,,failed,0,0,,no_usable_pages,known,,,bd6t550881550: no usable pages in manifest.,2026-07-17T17:19:43.601866
lacharente,bd6t55088156d,,failed,0,0,,no_usable_pages,known,,,bd6t55088156d: no usable pages in manifest.,2026-07-17T17:19:43.865376
lacharente,bd6t55088157t,,failed,0,0,,no_usable_pages,known,,,bd6t55088157t: no usable pages in manifest.,2026-07-17T17:19:43.987579
lacharente,bd6t550881587,,failed,0,0,,no_usable_pages,known,,,bd6t550881587: no usable pages in manifest.,2026-07-17T17:19:44.093767
lacharente,bd6t55088159n,,failed,0,0,,no_usable_pages,known,,,bd6t55088159n: no usable pages in manifest.,2026-07-17T17:19:44.323605
lacharente,bd6t550881609,,failed,0,0,,no_usable_pages,known,,,bd6t550881609: no usable pages in manifest.,2026-07-17T17:19:44.438031
lacharente,bd6t55088161q,,failed,0,0,,no_usable_pages,known,,,bd6t55088161q: no usable pages in manifest.,2026-07-17T17:19:44.648311
lacharente,bd6t550881624,,failed,0,0,,no_usable_pages,known,,,bd6t550881624: no usable pages in manifest.,2026-07-17T17:19:44.770214
lacharente,bd6t55088163j,,failed,0,0,,no_usable_pages,known,,,bd6t55088163j: no usable pages in manifest.,2026-07-17T17:19:44.935340
lacharente,bd6t55088164z,,failed,0,0,,no_usable_pages,known,,,bd6t55088164z: no usable pages in manifest.,2026-07-17T17:19:45.046927
lacharente,bd6t55088165c,,failed,0,0,,no_usable_pages,known,,,bd6t55088165c: no usable pages in manifest.,2026-07-17T17:19:45.175297
lacharente,bd6t55088166s,,failed,0,0,,no_usable_pages,known,,,bd6t55088166s: no usable pages in manifest.,2026-07-17T17:19:45.345576
lacharente,bd6t550881676,,failed,0,0,,no_usable_pages,known,,,bd6t550881676: no usable pages in manifest.,2026-07-17T17:19:45.430301
lacharente,bd6t55088168m,,failed,0,0,,no_usable_pages,known,,,bd6t55088168m: no usable pages in manifest.,2026-07-17T17:19:45.580981
lacharente,bd6t550881691,,failed,0,0,,no_usable_pages,known,,,bd6t550881691: no usable pages in manifest.,2026-07-17T17:19:46.035627
lacharente,bd6t55088170p,,failed,0,0,,no_usable_pages,known,,,bd6t55088170p: no usable pages in manifest.,2026-07-17T17:19:46.157163
lacharente,bd6t550881713,,failed,0,0,,no_usable_pages,known,,,bd6t550881713: no usable pages in manifest.,2026-07-17T17:19:46.314741
lacharente,bd6t55088172h,,failed,0,0,,no_usable_pages,known,,,bd6t55088172h: no usable pages in manifest.,2026-07-17T17:19:46.409491
lacharente,bd6t55088173x,,failed,0,0,,no_usable_pages,known,,,bd6t55088173x: no usable pages in manifest.,2026-07-17T17:19:46.533589
lacharente,bd6t55088174b,,failed,0,0,,no_usable_pages,known,,,bd6t55088174b: no usable pages in manifest.,2026-07-17T17:19:46.724542
lacharente,bd6t55088175r,,failed,0,0,,no_usable_pages,known,,,bd6t55088175r: no usable pages in manifest.,2026-07-17T17:19:46.875311
lacharente,bd6t550881765,,failed,0,0,,no_usable_pages,known,,,bd6t550881765: no usable pages in manifest.,2026-07-17T17:19:46.999211
lacharente,bd6t55088177k,,failed,0,0,,no_usable_pages,known,,,bd6t55088177k: no usable pages in manifest.,2026-07-17T17:19:47.093337
lacharente,bd6t550881780,,failed,0,0,,no_usable_pages,known,,,bd6t550881780: no usable pages in manifest.,2026-07-17T17:19:47.278698
lacharente,bd6t55088179d,,failed,0,0,,no_usable_pages,known,,,bd6t55088179d: no usable pages in manifest.,2026-07-17T17:19:47.513765
lacharente,bd6t550881802,,failed,0,0,,no_usable_pages,known,,,bd6t550881802: no usable pages in manifest.,2026-07-17T17:19:47.644415
lacharente,bd6t55088181g,,failed,0,0,,no_usable_pages,known,,,bd6t55088181g: no usable pages in manifest.,2026-07-17T17:19:47.774508
lacharente,bd6t55088182w,,failed,0,0,,no_usable_pages,known,,,bd6t55088182w: no usable pages in manifest.,2026-07-17T17:19:47.963932
lacharente,bd6t550881839,,failed,0,0,,no_usable_pages,known,,,bd6t550881839: no usable pages in manifest.,2026-07-17T17:19:48.077102
lacharente,bd6t550881854,,failed,0,0,,no_usable_pages,known,,,bd6t550881854: no usable pages in manifest.,2026-07-17T17:19:48.181141
lacharente,bd6t55088186j,,failed,0,0,,no_usable_pages,known,,,bd6t55088186j: no usable pages in manifest.,2026-07-17T17:19:48.353357
lacharente,bd6t55088187z,,failed,0,0,,no_usable_pages,known,,,bd6t55088187z: no usable pages in manifest.,2026-07-17T17:19:48.516227
lacharente,bd6t55088188c,,failed,0,0,,no_usable_pages,known,,,bd6t55088188c: no usable pages in manifest.,2026-07-17T17:19:48.625447
lacharente,bd6t55088189s,,failed,0,0,,no_usable_pages,known,,,bd6t55088189s: no usable pages in manifest.,2026-07-17T17:19:48.778431
lacharente,bd6t55088190f,,failed,0,0,,no_usable_pages,known,,,bd6t55088190f: no usable pages in manifest.,2026-07-17T17:19:48.924153
lacharente,bd6t55088191v,,failed,0,0,,no_usable_pages,known,,,bd6t55088191v: no usable pages in manifest.,2026-07-17T17:19:49.069434
lacharente,bd6t550881928,,failed,0,0,,no_usable_pages,known,,,bd6t550881928: no usable pages in manifest.,2026-07-17T17:19:49.210149
lacharente,bd6t55088193p,,failed,0,0,,no_usable_pages,known,,,bd6t55088193p: no usable pages in manifest.,2026-07-17T17:19:49.411593
lacharente,bd6t550881943,,failed,0,0,,no_usable_pages,known,,,bd6t550881943: no usable pages in manifest.,2026-07-17T17:19:49.599572
lacharente,bd6t55088195h,,failed,0,0,,no_usable_pages,known,,,bd6t55088195h: no usable pages in manifest.,2026-07-17T17:19:49.738085
lacharente,bd6t55088196x,,failed,0,0,,no_usable_pages,known,,,bd6t55088196x: no usable pages in manifest.,2026-07-17T17:19:49.885049
lacharente,bd6t55088197b,,failed,0,0,,no_usable_pages,known,,,bd6t55088197b: no usable pages in manifest.,2026-07-17T17:19:50.042123
lacharente,bd6t55088198r,,failed,0,0,,no_usable_pages,known,,,bd6t55088198r: no usable pages in manifest.,2026-07-17T17:19:50.171996
lacharente,bd6t550881995,,failed,0,0,,no_usable_pages,known,,,bd6t550881995: no usable pages in manifest.,2026-07-17T17:19:50.450323
lacharente,bd6t55088200c,,failed,0,0,,no_usable_pages,known,,,bd6t55088200c: no usable pages in manifest.,2026-07-17T17:19:51.055953
lacharente,bd6t55088201s,,failed,0,0,,no_usable_pages,known,,,bd6t55088201s: no usable pages in manifest.,2026-07-17T17:19:51.208685
lacharente,bd6t550882026,,failed,0,0,,no_usable_pages,known,,,bd6t550882026: no usable pages in manifest.,2026-07-17T17:19:51.313763
lacharente,bd6t55088203m,,failed,0,0,,no_usable_pages,known,,,bd6t55088203m: no usable pages in manifest.,2026-07-17T17:19:51.430750
lacharente,bd6t550882041,,failed,0,0,,no_usable_pages,known,,,bd6t550882041: no usable pages in manifest.,2026-07-17T17:19:51.602444
lacharente,bd6t55088205f,,failed,0,0,,no_usable_pages,known,,,bd6t55088205f: no usable pages in manifest.,2026-07-17T17:19:51.738012
lacharente,bd6t55088206v,,failed,0,0,,no_usable_pages,known,,,bd6t55088206v: no usable pages in manifest.,2026-07-17T17:19:52.088655
lacharente,bd6t550882078,,failed,0,0,,no_usable_pages,known,,,bd6t550882078: no usable pages in manifest.,2026-07-17T17:19:52.172468
lacharente,bd6t55088208p,,failed,0,0,,no_usable_pages,known,,,bd6t55088208p: no usable pages in manifest.,2026-07-17T17:19:52.287494
lacharente,bd6t550882093,,failed,0,0,,no_usable_pages,known,,,bd6t550882093: no usable pages in manifest.,2026-07-17T17:19:52.372047
lacharente,bd6t55088210r,,failed,0,0,,no_usable_pages,known,,,bd6t55088210r: no usable pages in manifest.,2026-07-17T17:19:52.551369
lacharente,bd6t550882115,,failed,0,0,,no_usable_pages,known,,,bd6t550882115: no usable pages in manifest.,2026-07-17T17:19:52.659513
lacharente,bd6t55088212k,,failed,0,0,,no_usable_pages,known,,,bd6t55088212k: no usable pages in manifest.,2026-07-17T17:19:52.796975
lacharente,bd6t550882130,,failed,0,0,,no_usable_pages,known,,,bd6t550882130: no usable pages in manifest.,2026-07-17T17:19:52.907326
lacharente,bd6t55088214d,,failed,0,0,,no_usable_pages,known,,,bd6t55088214d: no usable pages in manifest.,2026-07-17T17:19:53.070010
lacharente,bd6t55088215t,,failed,0,0,,no_usable_pages,known,,,bd6t55088215t: no usable pages in manifest.,2026-07-17T17:19:53.194006
lacharente,bd6t550882167,,failed,0,0,,no_usable_pages,known,,,bd6t550882167: no usable pages in manifest.,2026-07-17T17:19:53.302576
lacharente,bd6t55088217n,,failed,0,0,,no_usable_pages,known,,,bd6t55088217n: no usable pages in manifest.,2026-07-17T17:19:53.434712
lacharente,bd6t550882182,,failed,0,0,,no_usable_pages,known,,,bd6t550882182: no usable pages in manifest.,2026-07-17T17:19:53.555440
lacharente,bd6t55088219g,,failed,0,0,,no_usable_pages,known,,,bd6t55088219g: no usable pages in manifest.,2026-07-17T17:19:53.728702
lacharente,bd6t550882204,,failed,0,0,,no_usable_pages,known,,,bd6t550882204: no usable pages in manifest.,2026-07-17T17:19:53.853468
lacharente,bd6t55088221j,,failed,0,0,,no_usable_pages,known,,,bd6t55088221j: no usable pages in manifest.,2026-07-17T17:19:53.977603
lacharente,bd6t55088222z,,failed,0,0,,no_usable_pages,known,,,bd6t55088222z: no usable pages in manifest.,2026-07-17T17:19:54.213019
lacharente,bd6t55088223c,,failed,0,0,,no_usable_pages,known,,,bd6t55088223c: no usable pages in manifest.,2026-07-17T17:19:54.341055
lacharente,bd6t55088224s,,failed,0,0,,no_usable_pages,known,,,bd6t55088224s: no usable pages in manifest.,2026-07-17T17:19:54.475052
lacharente,bd6t550882256,,failed,0,0,,no_usable_pages,known,,,bd6t550882256: no usable pages in manifest.,2026-07-17T17:19:54.655888
lacharente,bd6t55088226m,,failed,0,0,,no_usable_pages,known,,,bd6t55088226m: no usable pages in manifest.,2026-07-17T17:19:54.792267
lacharente,bd6t550882271,,failed,0,0,,no_usable_pages,known,,,bd6t550882271: no usable pages in manifest.,2026-07-17T17:19:54.921085
lacharente,bd6t55088228f,,failed,0,0,,no_usable_pages,known,,,bd6t55088228f: no usable pages in manifest.,2026-07-17T17:19:55.051284
lacharente,bd6t55088229v,,failed,0,0,,no_usable_pages,known,,,bd6t55088229v: no usable pages in manifest.,2026-07-17T17:19:55.533902
lacharente,bd6t55088230h,,failed,0,0,,no_usable_pages,known,,,bd6t55088230h: no usable pages in manifest.,2026-07-17T17:19:55.681900
lacharente,bd6t55088231x,,failed,0,0,,no_usable_pages,known,,,bd6t55088231x: no usable pages in manifest.,2026-07-17T17:19:55.799510
lacharente,bd6t55088232b,,failed,0,0,,no_usable_pages,known,,,bd6t55088232b: no usable pages in manifest.,2026-07-17T17:19:55.952291
lacharente,bd6t55088233r,,failed,0,0,,no_usable_pages,known,,,bd6t55088233r: no usable pages in manifest.,2026-07-17T17:19:56.091530
lacharente,bd6t550882345,,failed,0,0,,no_usable_pages,known,,,bd6t550882345: no usable pages in manifest.,2026-07-17T17:19:56.413136
lacharente,bd6t55088235k,,failed,0,0,,no_usable_pages,known,,,bd6t55088235k: no usable pages in manifest.,2026-07-17T17:19:56.605364
lacharente,bd6t550882360,,failed,0,0,,no_usable_pages,known,,,bd6t550882360: no usable pages in manifest.,2026-07-17T17:19:56.802591
lacharente,bd6t55088237d,,failed,0,0,,no_usable_pages,known,,,bd6t55088237d: no usable pages in manifest.,2026-07-17T17:19:56.903102
lacharente,bd6t55088238t,,failed,0,0,,no_usable_pages,known,,,bd6t55088238t: no usable pages in manifest.,2026-07-17T17:19:57.024055
lacharente,bd6t550882397,,failed,0,0,,no_usable_pages,known,,,bd6t550882397: no usable pages in manifest.,2026-07-17T17:19:57.159313
lacharente,bd6t55088240w,,failed,0,0,,no_usable_pages,known,,,bd6t55088240w: no usable pages in manifest.,2026-07-17T17:19:57.282996
lacharente,bd6t550882419,,failed,0,0,,no_usable_pages,known,,,bd6t550882419: no usable pages in manifest.,2026-07-17T17:19:57.503077
lacharente,bd6t55088242q,,failed,0,0,,no_usable_pages,known,,,bd6t55088242q: no usable pages in manifest.,2026-07-17T17:19:57.618231
lacharente,bd6t550882434,,failed,0,0,,no_usable_pages,known,,,bd6t550882434: no usable pages in manifest.,2026-07-17T17:19:57.747597
lacharente,bd6t55088244j,,failed,0,0,,no_usable_pages,known,,,bd6t55088244j: no usable pages in manifest.,2026-07-17T17:19:57.906021
lacharente,bd6t55088245z,,failed,0,0,,no_usable_pages,known,,,bd6t55088245z: no usable pages in manifest.,2026-07-17T17:19:58.002655
lacharente,bd6t55088246c,,failed,0,0,,no_usable_pages,known,,,bd6t55088246c: no usable pages in manifest.,2026-07-17T17:19:58.104157
lacharente,bd6t55088247s,,failed,0,0,,no_usable_pages,known,,,bd6t55088247s: no usable pages in manifest.,2026-07-17T17:19:58.229334
lacharente,bd6t550882486,,failed,0,0,,no_usable_pages,known,,,bd6t550882486: no usable pages in manifest.,2026-07-17T17:19:58.369119
lacharente,bd6t55088249m,,failed,0,0,,no_usable_pages,known,,,bd6t55088249m: no usable pages in manifest.,2026-07-17T17:19:58.657500
lacharente,bd6t550882508,,failed,0,0,,no_usable_pages,known,,,bd6t550882508: no usable pages in manifest.,2026-07-17T17:19:58.764075
lacharente,bd6t55088251p,,failed,0,0,,no_usable_pages,known,,,bd6t55088251p: no usable pages in manifest.,2026-07-17T17:19:58.882934
lacharente,bd6t550882523,,failed,0,0,,no_usable_pages,known,,,bd6t550882523: no usable pages in manifest.,2026-07-17T17:19:59.001493
lacharente,bd6t55088253h,,failed,0,0,,no_usable_pages,known,,,bd6t55088253h: no usable pages in manifest.,2026-07-17T17:19:59.070922
lacharente,bd6t55088254x,,failed,0,0,,no_usable_pages,known,,,bd6t55088254x: no usable pages in manifest.,2026-07-17T17:19:59.200466
lacharente,bd6t55088255b,,failed,0,0,,no_usable_pages,known,,,bd6t55088255b: no usable pages in manifest.,2026-07-17T17:19:59.285834
lacharente,bd6t55088256r,,failed,0,0,,no_usable_pages,known,,,bd6t55088256r: no usable pages in manifest.,2026-07-17T17:19:59.399373
lacharente,bd6t55089714f,,failed,0,0,,no_usable_pages,known,,,bd6t55089714f: no usable pages in manifest.,2026-07-17T17:19:59.547006
lacharente,bd6t550882575,,failed,0,0,,no_usable_pages,known,,,bd6t550882575: no usable pages in manifest.,2026-07-17T17:19:59.738162
lacharente,bd6t55088258k,,failed,0,0,,no_usable_pages,known,,,bd6t55088258k: no usable pages in manifest.,2026-07-17T17:20:00.047591
lacharente,bd6t550882590,,failed,0,0,,no_usable_pages,known,,,bd6t550882590: no usable pages in manifest.,2026-07-17T17:20:00.381549
lacharente,bd6t55088260n,,failed,0,0,,no_usable_pages,known,,,bd6t55088260n: no usable pages in manifest.,2026-07-17T17:20:00.525904
lacharente,bd6t550882879,,failed,0,0,,no_usable_pages,known,,,bd6t550882879: no usable pages in manifest.,2026-07-17T17:20:00.731981
lacharente,bd6t550882612,,failed,0,0,,no_usable_pages,known,,,bd6t550882612: no usable pages in manifest.,2026-07-17T17:20:00.837269
lacharente,bd6t55088262g,,failed,0,0,,no_usable_pages,known,,,bd6t55088262g: no usable pages in manifest.,2026-07-17T17:20:00.957530
lacharente,bd6t55088263w,,failed,0,0,,no_usable_pages,known,,,bd6t55088263w: no usable pages in manifest.,2026-07-17T17:20:01.084296
lacharente,bd6t550882649,,failed,0,0,,no_usable_pages,known,,,bd6t550882649: no usable pages in manifest.,2026-07-17T17:20:01.263123
lacharente,bd6t55088265q,,failed,0,0,,no_usable_pages,known,,,bd6t55088265q: no usable pages in manifest.,2026-07-17T17:20:01.376278
lacharente,bd6t550882664,,failed,0,0,,no_usable_pages,known,,,bd6t550882664: no usable pages in manifest.,2026-07-17T17:20:01.487432
lacharente,bd6t55088267j,,failed,0,0,,no_usable_pages,known,,,bd6t55088267j: no usable pages in manifest.,2026-07-17T17:20:01.652995
lacharente,bd6t55088268z,,failed,0,0,,no_usable_pages,known,,,bd6t55088268z: no usable pages in manifest.,2026-07-17T17:20:01.847314
lacharente,bd6t55088269c,,failed,0,0,,no_usable_pages,known,,,bd6t55088269c: no usable pages in manifest.,2026-07-17T17:20:01.976465
lacharente,bd6t550882701,,failed,0,0,,no_usable_pages,known,,,bd6t550882701: no usable pages in manifest.,2026-07-17T17:20:02.131104
lacharente,bd6t55088271f,,failed,0,0,,no_usable_pages,known,,,bd6t55088271f: no usable pages in manifest.,2026-07-17T17:20:02.242029
lacharente,bd6t55088272v,,failed,0,0,,no_usable_pages,known,,,bd6t55088272v: no usable pages in manifest.,2026-07-17T17:20:02.418421
lacharente,bd6t550882738,,failed,0,0,,no_usable_pages,known,,,bd6t550882738: no usable pages in manifest.,2026-07-17T17:20:02.541528
lacharente,bd6t55088274p,,failed,0,0,,no_usable_pages,known,,,bd6t55088274p: no usable pages in manifest.,2026-07-17T17:20:02.685888
lacharente,bd6t550882753,,failed,0,0,,no_usable_pages,known,,,bd6t550882753: no usable pages in manifest.,2026-07-17T17:20:02.897635
lacharente,bd6t55088276h,,failed,0,0,,no_usable_pages,known,,,bd6t55088276h: no usable pages in manifest.,2026-07-17T17:20:02.998300
lacharente,bd6t55088277x,,failed,0,0,,no_usable_pages,known,,,bd6t55088277x: no usable pages in manifest.,2026-07-17T17:20:03.124039
lacharente,bd6t55088278b,,failed,0,0,,no_usable_pages,known,,,bd6t55088278b: no usable pages in manifest.,2026-07-17T17:20:03.241526
lacharente,bd6t55088279r,,failed,0,0,,no_usable_pages,known,,,bd6t55088279r: no usable pages in manifest.,2026-07-17T17:20:03.347413
lacharente,bd6t55088280d,,failed,0,0,,no_usable_pages,known,,,bd6t55088280d: no usable pages in manifest.,2026-07-17T17:20:03.448977
lacharente,bd6t55088281t,,failed,0,0,,no_usable_pages,known,,,bd6t55088281t: no usable pages in manifest.,2026-07-17T17:20:03.580550
lacharente,bd6t550882827,,failed,0,0,,no_usable_pages,known,,,bd6t550882827: no usable pages in manifest.,2026-07-17T17:20:03.676702
lacharente,bd6t55088283n,,failed,0,0,,no_usable_pages,known,,,bd6t55088283n: no usable pages in manifest.,2026-07-17T17:20:03.818177
lacharente,bd6t550882842,,failed,0,0,,no_usable_pages,known,,,bd6t550882842: no usable pages in manifest.,2026-07-17T17:20:04.086494
lacharente,bd6t55088285g,,failed,0,0,,no_usable_pages,known,,,bd6t55088285g: no usable pages in manifest.,2026-07-17T17:20:04.253439
lacharente,bd6t55088286w,,failed,0,0,,no_usable_pages,known,,,bd6t55088286w: no usable pages in manifest.,2026-07-17T17:20:04.416274
lacharente,bd6t55088288q,,failed,0,0,,no_usable_pages,known,,,bd6t55088288q: no usable pages in manifest.,2026-07-17T17:20:04.574776
lacharente,bd6t550882894,,failed,0,0,,no_usable_pages,known,,,bd6t550882894: no usable pages in manifest.,2026-07-17T17:20:04.684738
lacharente,bd6t55088290s,,failed,0,0,,no_usable_pages,known,,,bd6t55088290s: no usable pages in manifest.,2026-07-17T17:20:04.808772
lacharente,bd6t550882916,,failed,0,0,,no_usable_pages,known,,,bd6t550882916: no usable pages in manifest.,2026-07-17T17:20:04.931694
lacharente,bd6t55088292m,,failed,0,0,,no_usable_pages,known,,,bd6t55088292m: no usable pages in manifest.,2026-07-17T17:20:05.144854
lacharente,bd6t550882931,,failed,0,0,,no_usable_pages,known,,,bd6t550882931: no usable pages in manifest.,2026-07-17T17:20:05.590576
lacharente,bd6t55088294f,,failed,0,0,,no_usable_pages,known,,,bd6t55088294f: no usable pages in manifest.,2026-07-17T17:20:06.005426
lacharente,bd6t55088295v,,failed,0,0,,no_usable_pages,known,,,bd6t55088295v: no usable pages in manifest.,2026-07-17T17:20:06.308311
lacharente,bd6t550882968,,failed,0,0,,no_usable_pages,known,,,bd6t550882968: no usable pages in manifest.,2026-07-17T17:20:06.395908
lacharente,bd6t55088297p,,failed,0,0,,no_usable_pages,known,,,bd6t55088297p: no usable pages in manifest.,2026-07-17T17:20:06.497235
lacharente,bd6t550882983,,failed,0,0,,no_usable_pages,known,,,bd6t550882983: no usable pages in manifest.,2026-07-17T17:20:06.602328
lacharente,bd6t55088299h,,failed,0,0,,no_usable_pages,known,,,bd6t55088299h: no usable pages in manifest.,2026-07-17T17:20:06.728302
lacharente,bd6t55088300q,,failed,0,0,,no_usable_pages,known,,,bd6t55088300q: no usable pages in manifest.,2026-07-17T17:20:06.826867
lacharente,bd6t550883014,,failed,0,0,,no_usable_pages,known,,,bd6t550883014: no usable pages in manifest.,2026-07-17T17:20:06.920351
lacharente,bd6t55088302j,,failed,0,0,,no_usable_pages,known,,,bd6t55088302j: no usable pages in manifest.,2026-07-17T17:20:07.028660
lacharente,bd6t55088303z,,failed,0,0,,no_usable_pages,known,,,bd6t55088303z: no usable pages in manifest.,2026-07-17T17:20:07.237237
lacharente,bd6t55088304c,,failed,0,0,,no_usable_pages,known,,,bd6t55088304c: no usable pages in manifest.,2026-07-17T17:20:07.366906
lacharente,bd6t55088305s,,failed,0,0,,no_usable_pages,known,,,bd6t55088305s: no usable pages in manifest.,2026-07-17T17:20:07.488209
lacharente,bd6t550883066,,failed,0,0,,no_usable_pages,known,,,bd6t550883066: no usable pages in manifest.,2026-07-17T17:20:07.606837
lacharente,bd6t55088307m,,failed,0,0,,no_usable_pages,known,,,bd6t55088307m: no usable pages in manifest.,2026-07-17T17:20:08.899780
lacharente,bd6t550883081,,failed,0,0,,no_usable_pages,known,,,bd6t550883081: no usable pages in manifest.,2026-07-17T17:20:08.995970
lacharente,bd6t55088309f,,failed,0,0,,no_usable_pages,known,,,bd6t55088309f: no usable pages in manifest.,2026-07-17T17:20:09.819565
lacharente,bd6t550883103,,failed,0,0,,no_usable_pages,known,,,bd6t550883103: no usable pages in manifest.,2026-07-17T17:20:09.970645
lacharente,bd6t55088311h,,failed,0,0,,no_usable_pages,known,,,bd6t55088311h: no usable pages in manifest.,2026-07-17T17:20:10.072729
lacharente,bd6t55088312x,,failed,0,0,,no_usable_pages,known,,,bd6t55088312x: no usable pages in manifest.,2026-07-17T17:20:10.191872
lacharente,bd6t55088313b,,failed,0,0,,no_usable_pages,known,,,bd6t55088313b: no usable pages in manifest.,2026-07-17T17:20:10.333119
lacharente,bd6t55088314r,,failed,0,0,,no_usable_pages,known,,,bd6t55088314r: no usable pages in manifest.,2026-07-17T17:20:10.449037
lacharente,bd6t550883155,,failed,0,0,,no_usable_pages,known,,,bd6t550883155: no usable pages in manifest.,2026-07-17T17:20:10.577367
lacharente,bd6t55088316k,,failed,0,0,,no_usable_pages,known,,,bd6t55088316k: no usable pages in manifest.,2026-07-17T17:20:10.683445
lacharente,bd6t550883170,,failed,0,0,,no_usable_pages,known,,,bd6t550883170: no usable pages in manifest.,2026-07-17T17:20:10.868895
lacharente,bd6t55088318d,,failed,0,0,,no_usable_pages,known,,,bd6t55088318d: no usable pages in manifest.,2026-07-17T17:20:11.024333
lacharente,bd6t55088319t,,failed,0,0,,no_usable_pages,known,,,bd6t55088319t: no usable pages in manifest.,2026-07-17T17:20:11.140631
lacharente,bd6t55088320g,,failed,0,0,,no_usable_pages,known,,,bd6t55088320g: no usable pages in manifest.,2026-07-17T17:20:11.256950
lacharente,bd6t55088321w,,failed,0,0,,no_usable_pages,known,,,bd6t55088321w: no usable pages in manifest.,2026-07-17T17:20:11.369086
lacharente,bd6t550883229,,failed,0,0,,no_usable_pages,known,,,bd6t550883229: no usable pages in manifest.,2026-07-17T17:20:11.534943
lacharente,bd6t55088323q,,failed,0,0,,no_usable_pages,known,,,bd6t55088323q: no usable pages in manifest.,2026-07-17T17:20:11.625488
lacharente,bd6t550883244,,failed,0,0,,no_usable_pages,known,,,bd6t550883244: no usable pages in manifest.,2026-07-17T17:20:11.831456
lacharente,bd6t55088325j,,failed,0,0,,no_usable_pages,known,,,bd6t55088325j: no usable pages in manifest.,2026-07-17T17:20:13.241027
lacharente,bd6t55088326z,,failed,0,0,,no_usable_pages,known,,,bd6t55088326z: no usable pages in manifest.,2026-07-17T17:20:13.494874
lacharente,bd6t55088327c,,failed,0,0,,no_usable_pages,known,,,bd6t55088327c: no usable pages in manifest.,2026-07-17T17:20:13.592141
lacharente,bd6t55088328s,,failed,0,0,,no_usable_pages,known,,,bd6t55088328s: no usable pages in manifest.,2026-07-17T17:20:13.747894
lacharente,bd6t550883296,,failed,0,0,,no_usable_pages,known,,,bd6t550883296: no usable pages in manifest.,2026-07-17T17:20:13.848446
lacharente,bd6t55088330v,,failed,0,0,,no_usable_pages,known,,,bd6t55088330v: no usable pages in manifest.,2026-07-17T17:20:13.948149
lacharente,bd6t550883318,,failed,0,0,,no_usable_pages,known,,,bd6t550883318: no usable pages in manifest.,2026-07-17T17:20:14.145110
lacharente,bd6t55088332p,,failed,0,0,,no_usable_pages,known,,,bd6t55088332p: no usable pages in manifest.,2026-07-17T17:20:14.386623
lacharente,bd6t550883333,,failed,0,0,,no_usable_pages,known,,,bd6t550883333: no usable pages in manifest.,2026-07-17T17:20:14.752368
lacharente,bd6t55088334h,,failed,0,0,,no_usable_pages,known,,,bd6t55088334h: no usable pages in manifest.,2026-07-17T17:20:14.901369
lacharente,bd6t55088335x,,failed,0,0,,no_usable_pages,known,,,bd6t55088335x: no usable pages in manifest.,2026-07-17T17:20:15.036117
lacharente,bd6t55088336b,,failed,0,0,,no_usable_pages,known,,,bd6t55088336b: no usable pages in manifest.,2026-07-17T17:20:15.185129
lacharente,bd6t55088337r,,failed,0,0,,no_usable_pages,known,,,bd6t55088337r: no usable pages in manifest.,2026-07-17T17:20:15.299038
lacharente,bd6t550883385,,failed,0,0,,no_usable_pages,known,,,bd6t550883385: no usable pages in manifest.,2026-07-17T17:20:15.524620
lacharente,bd6t55088339k,,failed,0,0,,no_usable_pages,known,,,bd6t55088339k: no usable pages in manifest.,2026-07-17T17:20:15.726404
lacharente,bd6t550883407,,failed,0,0,,no_usable_pages,known,,,bd6t550883407: no usable pages in manifest.,2026-07-17T17:20:15.855608
lacharente,bd6t55088341n,,failed,0,0,,no_usable_pages,known,,,bd6t55088341n: no usable pages in manifest.,2026-07-17T17:20:15.972722
lacharente,bd6t550883422,,failed,0,0,,no_usable_pages,known,,,bd6t550883422: no usable pages in manifest.,2026-07-17T17:20:16.125212
lacharente,bd6t55088343g,,failed,0,0,,no_usable_pages,known,,,bd6t55088343g: no usable pages in manifest.,2026-07-17T17:20:16.291923
lacharente,bd6t55088344w,,failed,0,0,,no_usable_pages,known,,,bd6t55088344w: no usable pages in manifest.,2026-07-17T17:20:16.416555
lacharente,bd6t550883459,,failed,0,0,,no_usable_pages,known,,,bd6t550883459: no usable pages in manifest.,2026-07-17T17:20:16.537326
lacharente,bd6t55088346q,,failed,0,0,,no_usable_pages,known,,,bd6t55088346q: no usable pages in manifest.,2026-07-17T17:20:16.667939
lacharente,bd6t550883474,,failed,0,0,,no_usable_pages,known,,,bd6t550883474: no usable pages in manifest.,2026-07-17T17:20:16.824160
lacharente,bd6t55088348j,,failed,0,0,,no_usable_pages,known,,,bd6t55088348j: no usable pages in manifest.,2026-07-17T17:20:16.988694
lacharente,bd6t55088349z,,failed,0,0,,no_usable_pages,known,,,bd6t55088349z: no usable pages in manifest.,2026-07-17T17:20:17.113062
lacharente,bd6t55088350m,,failed,0,0,,no_usable_pages,known,,,bd6t55088350m: no usable pages in manifest.,2026-07-17T17:20:17.199298
lacharente,bd6t550883511,,failed,0,0,,no_usable_pages,known,,,bd6t550883511: no usable pages in manifest.,2026-07-17T17:20:17.296437
lacharente,bd6t55088352f,,failed,0,0,,no_usable_pages,known,,,bd6t55088352f: no usable pages in manifest.,2026-07-17T17:20:17.437778
lacharente,bd6t55088353v,,failed,0,0,,no_usable_pages,known,,,bd6t55088353v: no usable pages in manifest.,2026-07-17T17:20:17.547971
lacharente,bd6t550883548,,failed,0,0,,no_usable_pages,known,,,bd6t550883548: no usable pages in manifest.,2026-07-17T17:20:17.675819
lacharente,bd6t55088355p,,failed,0,0,,no_usable_pages,known,,,bd6t55088355p: no usable pages in manifest.,2026-07-17T17:20:18.309280
lacharente,bd6t550883563,,failed,0,0,,no_usable_pages,known,,,bd6t550883563: no usable pages in manifest.,2026-07-17T17:20:18.547244
lacharente,bd6t55088357h,,failed,0,0,,no_usable_pages,known,,,bd6t55088357h: no usable pages in manifest.,2026-07-17T17:20:18.706005
lacharente,bd6t55088358x,,failed,0,0,,no_usable_pages,known,,,bd6t55088358x: no usable pages in manifest.,2026-07-17T17:20:18.844433
lacharente,bd6t55088359b,,failed,0,0,,no_usable_pages,known,,,bd6t55088359b: no usable pages in manifest.,2026-07-17T17:20:19.047075
lacharente,bd6t550883600,,failed,0,0,,no_usable_pages,known,,,bd6t550883600: no usable pages in manifest.,2026-07-17T17:20:19.200286
lacharente,bd6t55088361d,,failed,0,0,,no_usable_pages,known,,,bd6t55088361d: no usable pages in manifest.,2026-07-17T17:20:19.355923
lacharente,bd6t55088362t,,failed,0,0,,no_usable_pages,known,,,bd6t55088362t: no usable pages in manifest.,2026-07-17T17:20:19.468214
lacharente,bd6t550883637,,failed,0,0,,no_usable_pages,known,,,bd6t550883637: no usable pages in manifest.,2026-07-17T17:20:19.572016
lacharente,bd6t55088364n,,failed,0,0,,no_usable_pages,known,,,bd6t55088364n: no usable pages in manifest.,2026-07-17T17:20:19.688831
lacharente,bd6t550883652,,failed,0,0,,no_usable_pages,known,,,bd6t550883652: no usable pages in manifest.,2026-07-17T17:20:19.885824
lacharente,bd6t55088366g,,failed,0,0,,no_usable_pages,known,,,bd6t55088366g: no usable pages in manifest.,2026-07-17T17:20:20.098311
lacharente,bd6t55088641p,,failed,0,0,,no_usable_pages,known,,,bd6t55088641p: no usable pages in manifest.,2026-07-17T17:20:20.251352
lacharente,bd6t55088367w,,failed,0,0,,no_usable_pages,known,,,bd6t55088367w: no usable pages in manifest.,2026-07-17T17:20:20.403508
lacharente,bd6t550883689,,failed,0,0,,no_usable_pages,known,,,bd6t550883689: no usable pages in manifest.,2026-07-17T17:20:20.500042
lacharente,bd6t55088369q,,failed,0,0,,no_usable_pages,known,,,bd6t55088369q: no usable pages in manifest.,2026-07-17T17:20:20.612625
lacharente,bd6t55088370c,,failed,0,0,,no_usable_pages,known,,,bd6t55088370c: no usable pages in manifest.,2026-07-17T17:20:20.750362
lacharente,bd6t55088371s,,failed,0,0,,no_usable_pages,known,,,bd6t55088371s: no usable pages in manifest.,2026-07-17T17:20:20.885109
lacharente,bd6t550883726,,failed,0,0,,no_usable_pages,known,,,bd6t550883726: no usable pages in manifest.,2026-07-17T17:20:21.072605
lacharente,bd6t55088373m,,failed,0,0,,no_usable_pages,known,,,bd6t55088373m: no usable pages in manifest.,2026-07-17T17:20:21.168331
lacharente,bd6t550883741,,failed,0,0,,no_usable_pages,known,,,bd6t550883741: no usable pages in manifest.,2026-07-17T17:20:21.285726
lacharente,bd6t55088375f,,failed,0,0,,no_usable_pages,known,,,bd6t55088375f: no usable pages in manifest.,2026-07-17T17:20:21.414860
lacharente,bd6t55088376v,,failed,0,0,,no_usable_pages,known,,,bd6t55088376v: no usable pages in manifest.,2026-07-17T17:20:21.548895
lacharente,bd6t550883778,,failed,0,0,,no_usable_pages,known,,,bd6t550883778: no usable pages in manifest.,2026-07-17T17:20:21.642051
lacharente,bd6t55088378p,,failed,0,0,,no_usable_pages,known,,,bd6t55088378p: no usable pages in manifest.,2026-07-17T17:20:21.754462
lacharente,bd6t550883793,,failed,0,0,,no_usable_pages,known,,,bd6t550883793: no usable pages in manifest.,2026-07-17T17:20:21.827999
lacharente,bd6t55088380r,,failed,0,0,,no_usable_pages,known,,,bd6t55088380r: no usable pages in manifest.,2026-07-17T17:20:21.975043
lacharente,bd6t550883815,,failed,0,0,,no_usable_pages,known,,,bd6t550883815: no usable pages in manifest.,2026-07-17T17:20:22.177146
lacharente,bd6t55088382k,,failed,0,0,,no_usable_pages,known,,,bd6t55088382k: no usable pages in manifest.,2026-07-17T17:20:22.350747
lacharente,bd6t550883830,,failed,0,0,,no_usable_pages,known,,,bd6t550883830: no usable pages in manifest.,2026-07-17T17:20:22.525668
lacharente,bd6t55088384d,,failed,0,0,,no_usable_pages,known,,,bd6t55088384d: no usable pages in manifest.,2026-07-17T17:20:22.670621
lacharente,bd6t55088385t,,failed,0,0,,no_usable_pages,known,,,bd6t55088385t: no usable pages in manifest.,2026-07-17T17:20:22.901743
lacharente,bd6t550883867,,failed,0,0,,no_usable_pages,known,,,bd6t550883867: no usable pages in manifest.,2026-07-17T17:20:23.258934
lacharente,bd6t55088387n,,failed,0,0,,no_usable_pages,known,,,bd6t55088387n: no usable pages in manifest.,2026-07-17T17:20:23.446687
lacharente,bd6t550883882,,failed,0,0,,no_usable_pages,known,,,bd6t550883882: no usable pages in manifest.,2026-07-17T17:20:23.624142
lacharente,bd6t55088389g,,failed,0,0,,no_usable_pages,known,,,bd6t55088389g: no usable pages in manifest.,2026-07-17T17:20:23.733716
lacharente,bd6t550883904,,failed,0,0,,no_usable_pages,known,,,bd6t550883904: no usable pages in manifest.,2026-07-17T17:20:23.873466
lacharente,bd6t55088391j,,failed,0,0,,no_usable_pages,known,,,bd6t55088391j: no usable pages in manifest.,2026-07-17T17:20:23.989552
lacharente,bd6t55088392z,,failed,0,0,,no_usable_pages,known,,,bd6t55088392z: no usable pages in manifest.,2026-07-17T17:20:24.109111
lacharente,bd6t55088393c,,failed,0,0,,no_usable_pages,known,,,bd6t55088393c: no usable pages in manifest.,2026-07-17T17:20:24.228262
lacharente,bd6t55088394s,,failed,0,0,,no_usable_pages,known,,,bd6t55088394s: no usable pages in manifest.,2026-07-17T17:20:24.539699
lacharente,bd6t550883956,,failed,0,0,,no_usable_pages,known,,,bd6t550883956: no usable pages in manifest.,2026-07-17T17:20:24.680243
lacharente,bd6t55088396m,,failed,0,0,,no_usable_pages,known,,,bd6t55088396m: no usable pages in manifest.,2026-07-17T17:20:24.829045
lacharente,bd6t550883971,,failed,0,0,,no_usable_pages,known,,,bd6t550883971: no usable pages in manifest.,2026-07-17T17:20:24.941477
lacharente,bd6t55088398f,,failed,0,0,,no_usable_pages,known,,,bd6t55088398f: no usable pages in manifest.,2026-07-17T17:20:25.047103
lacharente,bd6t55088399v,,failed,0,0,,no_usable_pages,known,,,bd6t55088399v: no usable pages in manifest.,2026-07-17T17:20:25.208576
lacharente,bd6t550884002,,failed,0,0,,no_usable_pages,known,,,bd6t550884002: no usable pages in manifest.,2026-07-17T17:20:25.289408
lacharente,bd6t55088401g,,failed,0,0,,no_usable_pages,known,,,bd6t55088401g: no usable pages in manifest.,2026-07-17T17:20:25.407399
lacharente,bd6t55088402w,,failed,0,0,,no_usable_pages,known,,,bd6t55088402w: no usable pages in manifest.,2026-07-17T17:20:25.602884
lacharente,bd6t550884039,,failed,0,0,,no_usable_pages,known,,,bd6t550884039: no usable pages in manifest.,2026-07-17T17:20:25.693379
lacharente,bd6t55088404q,,failed,0,0,,no_usable_pages,known,,,bd6t55088404q: no usable pages in manifest.,2026-07-17T17:20:25.810884
lacharente,bd6t550884054,,failed,0,0,,no_usable_pages,known,,,bd6t550884054: no usable pages in manifest.,2026-07-17T17:20:25.896978
lacharente,bd6t55088406j,,failed,0,0,,no_usable_pages,known,,,bd6t55088406j: no usable pages in manifest.,2026-07-17T17:20:26.018935
lacharente,bd6t55088407z,,failed,0,0,,no_usable_pages,known,,,bd6t55088407z: no usable pages in manifest.,2026-07-17T17:20:26.165913
lacharente,bd6t55088408c,,failed,0,0,,no_usable_pages,known,,,bd6t55088408c: no usable pages in manifest.,2026-07-17T17:20:26.262872
lacharente,bd6t55088409s,,failed,0,0,,no_usable_pages,known,,,bd6t55088409s: no usable pages in manifest.,2026-07-17T17:20:26.387739
lacharente,bd6t55088410f,,failed,0,0,,no_usable_pages,known,,,bd6t55088410f: no usable pages in manifest.,2026-07-17T17:20:26.473906
lacharente,bd6t55088411v,,failed,0,0,,no_usable_pages,known,,,bd6t55088411v: no usable pages in manifest.,2026-07-17T17:20:26.625929
lacharente,bd6t550884128,,failed,0,0,,no_usable_pages,known,,,bd6t550884128: no usable pages in manifest.,2026-07-17T17:20:26.732465
lacharente,bd6t55088413p,,failed,0,0,,no_usable_pages,known,,,bd6t55088413p: no usable pages in manifest.,2026-07-17T17:20:26.822109
lacharente,bd6t550884143,,failed,0,0,,no_usable_pages,known,,,bd6t550884143: no usable pages in manifest.,2026-07-17T17:20:26.931634
lacharente,bd6t55088415h,,failed,0,0,,no_usable_pages,known,,,bd6t55088415h: no usable pages in manifest.,2026-07-17T17:20:27.052841
lacharente,bd6t55088416x,,failed,0,0,,no_usable_pages,known,,,bd6t55088416x: no usable pages in manifest.,2026-07-17T17:20:27.279246
lacharente,bd6t55088417b,,failed,0,0,,no_usable_pages,known,,,bd6t55088417b: no usable pages in manifest.,2026-07-17T17:20:27.413432
lacharente,bd6t55088418r,,failed,0,0,,no_usable_pages,known,,,bd6t55088418r: no usable pages in manifest.,2026-07-17T17:20:27.521474
lacharente,bd6t550884195,,failed,0,0,,no_usable_pages,known,,,bd6t550884195: no usable pages in manifest.,2026-07-17T17:20:27.730950
lacharente,bd6t55088420t,,failed,0,0,,no_usable_pages,known,,,bd6t55088420t: no usable pages in manifest.,2026-07-17T17:20:28.105838
lacharente,bd6t550884217,,failed,0,0,,no_usable_pages,known,,,bd6t550884217: no usable pages in manifest.,2026-07-17T17:20:28.296355
lacharente,bd6t55088422n,,failed,0,0,,no_usable_pages,known,,,bd6t55088422n: no usable pages in manifest.,2026-07-17T17:20:28.490028
lacharente,bd6t550884232,,failed,0,0,,no_usable_pages,known,,,bd6t550884232: no usable pages in manifest.,2026-07-17T17:20:28.687174
lacharente,bd6t55088424g,,failed,0,0,,no_usable_pages,known,,,bd6t55088424g: no usable pages in manifest.,2026-07-17T17:20:28.981094
lacharente,bd6t55088425w,,failed,0,0,,no_usable_pages,known,,,bd6t55088425w: no usable pages in manifest.,2026-07-17T17:20:29.129567
lacharente,bd6t550884269,,failed,0,0,,no_usable_pages,known,,,bd6t550884269: no usable pages in manifest.,2026-07-17T17:20:29.275272
lacharente,bd6t55088427q,,failed,0,0,,no_usable_pages,known,,,bd6t55088427q: no usable pages in manifest.,2026-07-17T17:20:29.402873
lacharente,bd6t550884284,,failed,0,0,,no_usable_pages,known,,,bd6t550884284: no usable pages in manifest.,2026-07-17T17:20:29.574563
lacharente,bd6t55088429j,,failed,0,0,,no_usable_pages,known,,,bd6t55088429j: no usable pages in manifest.,2026-07-17T17:20:29.718410
lacharente,bd6t550884306,,failed,0,0,,no_usable_pages,known,,,bd6t550884306: no usable pages in manifest.,2026-07-17T17:20:29.806520
lacharente,bd6t55088431m,,failed,0,0,,no_usable_pages,known,,,bd6t55088431m: no usable pages in manifest.,2026-07-17T17:20:30.031397
lacharente,bd6t550884321,,failed,0,0,,no_usable_pages,known,,,bd6t550884321: no usable pages in manifest.,2026-07-17T17:20:30.157972
lacharente,bd6t55088433f,,failed,0,0,,no_usable_pages,known,,,bd6t55088433f: no usable pages in manifest.,2026-07-17T17:20:30.273648
lacharente,bd6t55088434v,,failed,0,0,,no_usable_pages,known,,,bd6t55088434v: no usable pages in manifest.,2026-07-17T17:20:30.460525
lacharente,bd6t550884358,,failed,0,0,,no_usable_pages,known,,,bd6t550884358: no usable pages in manifest.,2026-07-17T17:20:30.591715
lacharente,bd6t55088436p,,failed,0,0,,no_usable_pages,known,,,bd6t55088436p: no usable pages in manifest.,2026-07-17T17:20:30.718771
lacharente,bd6t550884373,,failed,0,0,,no_usable_pages,known,,,bd6t550884373: no usable pages in manifest.,2026-07-17T17:20:30.887398
lacharente,bd6t55088438h,,failed,0,0,,no_usable_pages,known,,,bd6t55088438h: no usable pages in manifest.,2026-07-17T17:20:31.123856
lacharente,bd6t55088439x,,failed,0,0,,no_usable_pages,known,,,bd6t55088439x: no usable pages in manifest.,2026-07-17T17:20:31.303394
lacharente,bd6t55088440k,,failed,0,0,,no_usable_pages,known,,,bd6t55088440k: no usable pages in manifest.,2026-07-17T17:20:31.491604
lacharente,bd6t550884410,,failed,0,0,,no_usable_pages,known,,,bd6t550884410: no usable pages in manifest.,2026-07-17T17:20:31.644533
lacharente,bd6t55088442d,,failed,0,0,,no_usable_pages,known,,,bd6t55088442d: no usable pages in manifest.,2026-07-17T17:20:31.809461
lacharente,bd6t55088443t,,failed,0,0,,no_usable_pages,known,,,bd6t55088443t: no usable pages in manifest.,2026-07-17T17:20:31.943692
lacharente,bd6t550884447,,failed,0,0,,no_usable_pages,known,,,bd6t550884447: no usable pages in manifest.,2026-07-17T17:20:32.269638
lacharente,bd6t55088445n,,failed,0,0,,no_usable_pages,known,,,bd6t55088445n: no usable pages in manifest.,2026-07-17T17:20:32.369780
lacharente,bd6t550884462,,failed,0,0,,no_usable_pages,known,,,bd6t550884462: no usable pages in manifest.,2026-07-17T17:20:32.571096
lacharente,bd6t55088447g,,failed,0,0,,no_usable_pages,known,,,bd6t55088447g: no usable pages in manifest.,2026-07-17T17:20:32.738681
lacharente,bd6t55088448w,,failed,0,0,,no_usable_pages,known,,,bd6t55088448w: no usable pages in manifest.,2026-07-17T17:20:32.942416
lacharente,bd6t550884499,,failed,0,0,,no_usable_pages,known,,,bd6t550884499: no usable pages in manifest.,2026-07-17T17:20:33.443729
lacharente,bd6t55088450z,,failed,0,0,,no_usable_pages,known,,,bd6t55088450z: no usable pages in manifest.,2026-07-17T17:20:33.658174
lacharente,bd6t55088451c,,failed,0,0,,no_usable_pages,known,,,bd6t55088451c: no usable pages in manifest.,2026-07-17T17:20:33.944696
lacharente,bd6t55088452s,,failed,0,0,,no_usable_pages,known,,,bd6t55088452s: no usable pages in manifest.,2026-07-17T17:20:34.155469
lacharente,bd6t550884536,,failed,0,0,,no_usable_pages,known,,,bd6t550884536: no usable pages in manifest.,2026-07-17T17:20:34.240382
lacharente,bd6t55088454m,,failed,0,0,,no_usable_pages,known,,,bd6t55088454m: no usable pages in manifest.,2026-07-17T17:20:34.420478
lacharente,bd6t550884551,,failed,0,0,,no_usable_pages,known,,,bd6t550884551: no usable pages in manifest.,2026-07-17T17:20:34.689869
lacharente,bd6t55088456f,,failed,0,0,,no_usable_pages,known,,,bd6t55088456f: no usable pages in manifest.,2026-07-17T17:20:34.842872
lacharente,bd6t55088457v,,failed,0,0,,no_usable_pages,known,,,bd6t55088457v: no usable pages in manifest.,2026-07-17T17:20:34.946154
lacharente,bd6t550884588,,failed,0,0,,no_usable_pages,known,,,bd6t550884588: no usable pages in manifest.,2026-07-17T17:20:35.076604
lacharente,bd6t55088459p,,failed,0,0,,no_usable_pages,known,,,bd6t55088459p: no usable pages in manifest.,2026-07-17T17:20:35.205694
lacharente,bd6t55088460b,,failed,0,0,,no_usable_pages,known,,,bd6t55088460b: no usable pages in manifest.,2026-07-17T17:20:35.310143
lacharente,bd6t550884625,,failed,0,0,,no_usable_pages,known,,,bd6t550884625: no usable pages in manifest.,2026-07-17T17:20:35.551213
lacharente,bd6t55088463k,,failed,0,0,,no_usable_pages,known,,,bd6t55088463k: no usable pages in manifest.,2026-07-17T17:20:35.804160
lacharente,bd6t550884640,,failed,0,0,,no_usable_pages,known,,,bd6t550884640: no usable pages in manifest.,2026-07-17T17:20:35.937124
lacharente,bd6t55088465d,,failed,0,0,,no_usable_pages,known,,,bd6t55088465d: no usable pages in manifest.,2026-07-17T17:20:36.073842
lacharente,bd6t55088490g,,failed,0,0,,no_usable_pages,known,,,bd6t55088490g: no usable pages in manifest.,2026-07-17T17:20:36.252373
lacharente,bd6t55088466t,,failed,0,0,,no_usable_pages,known,,,bd6t55088466t: no usable pages in manifest.,2026-07-17T17:20:36.413207
lacharente,bd6t550884677,,failed,0,0,,no_usable_pages,known,,,bd6t550884677: no usable pages in manifest.,2026-07-17T17:20:36.640457
lacharente,bd6t55088468n,,failed,0,0,,no_usable_pages,known,,,bd6t55088468n: no usable pages in manifest.,2026-07-17T17:20:36.809945
lacharente,bd6t550884692,,failed,0,0,,no_usable_pages,known,,,bd6t550884692: no usable pages in manifest.,2026-07-17T17:20:36.910329
lacharente,bd6t55088470q,,failed,0,0,,no_usable_pages,known,,,bd6t55088470q: no usable pages in manifest.,2026-07-17T17:20:37.080319
lacharente,bd6t550884714,,failed,0,0,,no_usable_pages,known,,,bd6t550884714: no usable pages in manifest.,2026-07-17T17:20:37.188260
lacharente,bd6t55088472j,,failed,0,0,,no_usable_pages,known,,,bd6t55088472j: no usable pages in manifest.,2026-07-17T17:20:37.270117
lacharente,bd6t55088473z,,failed,0,0,,no_usable_pages,known,,,bd6t55088473z: no usable pages in manifest.,2026-07-17T17:20:37.372706
lacharente,bd6t55088474c,,failed,0,0,,no_usable_pages,known,,,bd6t55088474c: no usable pages in manifest.,2026-07-17T17:20:37.523378
lacharente,bd6t55088475s,,failed,0,0,,no_usable_pages,known,,,bd6t55088475s: no usable pages in manifest.,2026-07-17T17:20:37.704230
lacharente,bd6t550884766,,failed,0,0,,no_usable_pages,known,,,bd6t550884766: no usable pages in manifest.,2026-07-17T17:20:37.888280
lacharente,bd6t55088477m,,failed,0,0,,no_usable_pages,known,,,bd6t55088477m: no usable pages in manifest.,2026-07-17T17:20:37.967972
lacharente,bd6t550884781,,failed,0,0,,no_usable_pages,known,,,bd6t550884781: no usable pages in manifest.,2026-07-17T17:20:38.092061
lacharente,bd6t55088479f,,failed,0,0,,no_usable_pages,known,,,bd6t55088479f: no usable pages in manifest.,2026-07-17T17:20:38.296457
lacharente,bd6t550884803,,failed,0,0,,no_usable_pages,known,,,bd6t550884803: no usable pages in manifest.,2026-07-17T17:20:38.600220
lacharente,bd6t55088481h,,failed,0,0,,no_usable_pages,known,,,bd6t55088481h: no usable pages in manifest.,2026-07-17T17:20:39.225720
lacharente,bd6t55088482x,,failed,0,0,,no_usable_pages,known,,,bd6t55088482x: no usable pages in manifest.,2026-07-17T17:20:39.316324
lacharente,bd6t55088483b,,failed,0,0,,no_usable_pages,known,,,bd6t55088483b: no usable pages in manifest.,2026-07-17T17:20:39.451968
lacharente,bd6t55088484r,,failed,0,0,,no_usable_pages,known,,,bd6t55088484r: no usable pages in manifest.,2026-07-17T17:20:39.620760
lacharente,bd6t550884855,,failed,0,0,,no_usable_pages,known,,,bd6t550884855: no usable pages in manifest.,2026-07-17T17:20:39.705425
lacharente,bd6t55088486k,,failed,0,0,,no_usable_pages,known,,,bd6t55088486k: no usable pages in manifest.,2026-07-17T17:20:39.851053
lacharente,bd6t550884870,,failed,0,0,,no_usable_pages,known,,,bd6t550884870: no usable pages in manifest.,2026-07-17T17:20:40.090443
lacharente,bd6t55088488d,,failed,0,0,,no_usable_pages,known,,,bd6t55088488d: no usable pages in manifest.,2026-07-17T17:20:40.743142
lacharente,bd6t55088489t,,failed,0,0,,no_usable_pages,known,,,bd6t55088489t: no usable pages in manifest.,2026-07-17T17:20:41.008771
lacharente,bd6t55088491w,,failed,0,0,,no_usable_pages,known,,,bd6t55088491w: no usable pages in manifest.,2026-07-17T17:20:41.206298
lacharente,bd6t550884929,,failed,0,0,,no_usable_pages,known,,,bd6t550884929: no usable pages in manifest.,2026-07-17T17:20:41.465560
lacharente,bd6t55088493q,,failed,0,0,,no_usable_pages,known,,,bd6t55088493q: no usable pages in manifest.,2026-07-17T17:20:41.633361
lacharente,bd6t550884944,,failed,0,0,,no_usable_pages,known,,,bd6t550884944: no usable pages in manifest.,2026-07-17T17:20:41.803503
lacharente,bd6t55088495j,,failed,0,0,,no_usable_pages,known,,,bd6t55088495j: no usable pages in manifest.,2026-07-17T17:20:41.942620
lacharente,bd6t55088496z,,failed,0,0,,no_usable_pages,known,,,bd6t55088496z: no usable pages in manifest.,2026-07-17T17:20:42.097707
lacharente,bd6t55088497c,,failed,0,0,,no_usable_pages,known,,,bd6t55088497c: no usable pages in manifest.,2026-07-17T17:20:42.219117
lacharente,bd6t55088498s,,failed,0,0,,no_usable_pages,known,,,bd6t55088498s: no usable pages in manifest.,2026-07-17T17:20:42.338384
lacharente,bd6t550884996,,failed,0,0,,no_usable_pages,known,,,bd6t550884996: no usable pages in manifest.,2026-07-17T17:20:42.523505
lacharente,bd6t55088500d,,failed,0,0,,no_usable_pages,known,,,bd6t55088500d: no usable pages in manifest.,2026-07-17T17:20:42.763519
lacharente,bd6t55088501t,,failed,0,0,,no_usable_pages,known,,,bd6t55088501t: no usable pages in manifest.,2026-07-17T17:20:42.939031
lacharente,bd6t550885027,,failed,0,0,,no_usable_pages,known,,,bd6t550885027: no usable pages in manifest.,2026-07-17T17:20:43.067049
lacharente,bd6t55088503n,,failed,0,0,,no_usable_pages,known,,,bd6t55088503n: no usable pages in manifest.,2026-07-17T17:20:43.212104
lacharente,bd6t550885042,,failed,0,0,,no_usable_pages,known,,,bd6t550885042: no usable pages in manifest.,2026-07-17T17:20:43.402586
lacharente,bd6t55088505g,,failed,0,0,,no_usable_pages,known,,,bd6t55088505g: no usable pages in manifest.,2026-07-17T17:20:43.675326
lacharente,bd6t55088506w,,failed,0,0,,no_usable_pages,known,,,bd6t55088506w: no usable pages in manifest.,2026-07-17T17:20:44.021190
lacharente,bd6t550885079,,failed,0,0,,no_usable_pages,known,,,bd6t550885079: no usable pages in manifest.,2026-07-17T17:20:44.282158
lacharente,bd6t55088508q,,failed,0,0,,no_usable_pages,known,,,bd6t55088508q: no usable pages in manifest.,2026-07-17T17:20:44.820270
lacharente,bd6t550885094,,failed,0,0,,no_usable_pages,known,,,bd6t550885094: no usable pages in manifest.,2026-07-17T17:20:44.971755
lacharente,bd6t55088510s,,failed,0,0,,no_usable_pages,known,,,bd6t55088510s: no usable pages in manifest.,2026-07-17T17:20:45.157927
lacharente,bd6t550885116,,failed,0,0,,no_usable_pages,known,,,bd6t550885116: no usable pages in manifest.,2026-07-17T17:20:45.307838
lacharente,bd6t55088512m,,failed,0,0,,no_usable_pages,known,,,bd6t55088512m: no usable pages in manifest.,2026-07-17T17:20:45.448877
lacharente,bd6t550885131,,failed,0,0,,no_usable_pages,known,,,bd6t550885131: no usable pages in manifest.,2026-07-17T17:20:45.567908
lacharente,bd6t55088514f,,failed,0,0,,no_usable_pages,known,,,bd6t55088514f: no usable pages in manifest.,2026-07-17T17:20:45.734364
lacharente,bd6t55088515v,,failed,0,0,,no_usable_pages,known,,,bd6t55088515v: no usable pages in manifest.,2026-07-17T17:20:45.993104
lacharente,bd6t550885168,,failed,0,0,,no_usable_pages,known,,,bd6t550885168: no usable pages in manifest.,2026-07-17T17:20:46.188437
lacharente,bd6t55088517p,,failed,0,0,,no_usable_pages,known,,,bd6t55088517p: no usable pages in manifest.,2026-07-17T17:20:46.330116
lacharente,bd6t550885183,,failed,0,0,,no_usable_pages,known,,,bd6t550885183: no usable pages in manifest.,2026-07-17T17:20:46.475307
lacharente,bd6t55088519h,,failed,0,0,,no_usable_pages,known,,,bd6t55088519h: no usable pages in manifest.,2026-07-17T17:20:46.581270
lacharente,bd6t550885205,,failed,0,0,,no_usable_pages,known,,,bd6t550885205: no usable pages in manifest.,2026-07-17T17:20:46.803021
lacharente,bd6t55088521k,,failed,0,0,,no_usable_pages,known,,,bd6t55088521k: no usable pages in manifest.,2026-07-17T17:20:47.007260
lacharente,bd6t550885220,,failed,0,0,,no_usable_pages,known,,,bd6t550885220: no usable pages in manifest.,2026-07-17T17:20:47.165536
lacharente,bd6t55088523d,,failed,0,0,,no_usable_pages,known,,,bd6t55088523d: no usable pages in manifest.,2026-07-17T17:20:47.278683
lacharente,bd6t55088524t,,failed,0,0,,no_usable_pages,known,,,bd6t55088524t: no usable pages in manifest.,2026-07-17T17:20:47.421759
lacharente,bd6t550885257,,failed,0,0,,no_usable_pages,known,,,bd6t550885257: no usable pages in manifest.,2026-07-17T17:20:47.551892
lacharente,bd6t55088526n,,failed,0,0,,no_usable_pages,known,,,bd6t55088526n: no usable pages in manifest.,2026-07-17T17:20:47.705220
lacharente,bd6t550885272,,failed,0,0,,no_usable_pages,known,,,bd6t550885272: no usable pages in manifest.,2026-07-17T17:20:47.864273
lacharente,bd6t55088528g,,failed,0,0,,no_usable_pages,known,,,bd6t55088528g: no usable pages in manifest.,2026-07-17T17:20:48.166102
lacharente,bd6t55088529w,,failed,0,0,,no_usable_pages,known,,,bd6t55088529w: no usable pages in manifest.,2026-07-17T17:20:48.345553
lacharente,bd6t55088530j,,failed,0,0,,no_usable_pages,known,,,bd6t55088530j: no usable pages in manifest.,2026-07-17T17:20:48.498537
lacharente,bd6t55088531z,,failed,0,0,,no_usable_pages,known,,,bd6t55088531z: no usable pages in manifest.,2026-07-17T17:20:48.655889
lacharente,bd6t55088532c,,failed,0,0,,no_usable_pages,known,,,bd6t55088532c: no usable pages in manifest.,2026-07-17T17:20:48.839523
lacharente,bd6t550888347,,failed,0,0,,no_usable_pages,known,,,bd6t550888347: no usable pages in manifest.,2026-07-17T17:20:48.970666
lacharente,bd6t55088533s,,failed,0,0,,no_usable_pages,known,,,bd6t55088533s: no usable pages in manifest.,2026-07-17T17:20:49.265126
lacharente,bd6t550885346,,failed,0,0,,no_usable_pages,known,,,bd6t550885346: no usable pages in manifest.,2026-07-17T17:20:50.079895
lacharente,bd6t55088535m,,failed,0,0,,no_usable_pages,known,,,bd6t55088535m: no usable pages in manifest.,2026-07-17T17:20:50.391404
lacharente,bd6t550885361,,failed,0,0,,no_usable_pages,known,,,bd6t550885361: no usable pages in manifest.,2026-07-17T17:20:50.659825
lacharente,bd6t55088564b,,failed,0,0,,no_usable_pages,known,,,bd6t55088564b: no usable pages in manifest.,2026-07-17T17:20:50.941596
lacharente,bd6t55088537f,,failed,0,0,,no_usable_pages,known,,,bd6t55088537f: no usable pages in manifest.,2026-07-17T17:20:51.127830
lacharente,bd6t55088538v,,failed,0,0,,no_usable_pages,known,,,bd6t55088538v: no usable pages in manifest.,2026-07-17T17:20:51.494929
lacharente,bd6t550885398,,failed,0,0,,no_usable_pages,known,,,bd6t550885398: no usable pages in manifest.,2026-07-17T17:20:51.621871
lacharente,bd6t55088540x,,failed,0,0,,no_usable_pages,known,,,bd6t55088540x: no usable pages in manifest.,2026-07-17T17:20:51.835281
lacharente,bd6t55088541b,,failed,0,0,,no_usable_pages,known,,,bd6t55088541b: no usable pages in manifest.,2026-07-17T17:20:51.934201
lacharente,bd6t55088542r,,failed,0,0,,no_usable_pages,known,,,bd6t55088542r: no usable pages in manifest.,2026-07-17T17:20:52.213351
lacharente,bd6t550885435,,failed,0,0,,no_usable_pages,known,,,bd6t550885435: no usable pages in manifest.,2026-07-17T17:20:52.454101
lacharente,bd6t55088544k,,failed,0,0,,no_usable_pages,known,,,bd6t55088544k: no usable pages in manifest.,2026-07-17T17:20:52.646526
lacharente,bd6t550885450,,failed,0,0,,no_usable_pages,known,,,bd6t550885450: no usable pages in manifest.,2026-07-17T17:20:52.765830
lacharente,bd6t55088546d,,failed,0,0,,no_usable_pages,known,,,bd6t55088546d: no usable pages in manifest.,2026-07-17T17:20:52.866004
lacharente,bd6t55088547t,,failed,0,0,,no_usable_pages,known,,,bd6t55088547t: no usable pages in manifest.,2026-07-17T17:20:52.998262
lacharente,bd6t550885487,,failed,0,0,,no_usable_pages,known,,,bd6t550885487: no usable pages in manifest.,2026-07-17T17:20:53.106214
lacharente,bd6t55088549n,,failed,0,0,,no_usable_pages,known,,,bd6t55088549n: no usable pages in manifest.,2026-07-17T17:20:53.387481
lacharente,bd6t550885509,,failed,0,0,,no_usable_pages,known,,,bd6t550885509: no usable pages in manifest.,2026-07-17T17:20:53.630679
lacharente,bd6t55088551q,,failed,0,0,,no_usable_pages,known,,,bd6t55088551q: no usable pages in manifest.,2026-07-17T17:20:53.763624
lacharente,bd6t550885524,,failed,0,0,,no_usable_pages,known,,,bd6t550885524: no usable pages in manifest.,2026-07-17T17:20:53.924724
lacharente,bd6t55088553j,,failed,0,0,,no_usable_pages,known,,,bd6t55088553j: no usable pages in manifest.,2026-07-17T17:20:54.102225
lacharente,bd6t55088554z,,failed,0,0,,no_usable_pages,known,,,bd6t55088554z: no usable pages in manifest.,2026-07-17T17:20:54.307443
lacharente,bd6t55088555c,,failed,0,0,,no_usable_pages,known,,,bd6t55088555c: no usable pages in manifest.,2026-07-17T17:20:54.473512
lacharente,bd6t55088556s,,failed,0,0,,no_usable_pages,known,,,bd6t55088556s: no usable pages in manifest.,2026-07-17T17:20:54.652676
lacharente,bd6t550885576,,failed,0,0,,no_usable_pages,known,,,bd6t550885576: no usable pages in manifest.,2026-07-17T17:20:54.808285
lacharente,bd6t55088558m,,failed,0,0,,no_usable_pages,known,,,bd6t55088558m: no usable pages in manifest.,2026-07-17T17:20:54.963287
lacharente,bd6t550885591,,failed,0,0,,no_usable_pages,known,,,bd6t550885591: no usable pages in manifest.,2026-07-17T17:20:55.675508
lacharente,bd6t55088560p,,failed,0,0,,no_usable_pages,known,,,bd6t55088560p: no usable pages in manifest.,2026-07-17T17:20:55.932646
lacharente,bd6t550885613,,failed,0,0,,no_usable_pages,known,,,bd6t550885613: no usable pages in manifest.,2026-07-17T17:20:56.037638
lacharente,bd6t55088562h,,failed,0,0,,no_usable_pages,known,,,bd6t55088562h: no usable pages in manifest.,2026-07-17T17:20:56.202970
lacharente,bd6t55088563x,,failed,0,0,,no_usable_pages,known,,,bd6t55088563x: no usable pages in manifest.,2026-07-17T17:20:56.322267
lacharente,bd6t55088565r,,failed,0,0,,no_usable_pages,known,,,bd6t55088565r: no usable pages in manifest.,2026-07-17T17:20:56.471626
lacharente,bd6t550885665,,failed,0,0,,no_usable_pages,known,,,bd6t550885665: no usable pages in manifest.,2026-07-17T17:20:56.673969
lacharente,bd6t55088567k,,failed,0,0,,no_usable_pages,known,,,bd6t55088567k: no usable pages in manifest.,2026-07-17T17:20:56.918283
lacharente,bd6t550885680,,failed,0,0,,no_usable_pages,known,,,bd6t550885680: no usable pages in manifest.,2026-07-17T17:20:57.109425
lacharente,bd6t55088569d,,failed,0,0,,no_usable_pages,known,,,bd6t55088569d: no usable pages in manifest.,2026-07-17T17:20:57.224868
lacharente,bd6t550885702,,failed,0,0,,no_usable_pages,known,,,bd6t550885702: no usable pages in manifest.,2026-07-17T17:20:57.478931
lacharente,bd6t55088571g,,failed,0,0,,no_usable_pages,known,,,bd6t55088571g: no usable pages in manifest.,2026-07-17T17:20:57.617261
lacharente,bd6t55088572w,,failed,0,0,,no_usable_pages,known,,,bd6t55088572w: no usable pages in manifest.,2026-07-17T17:20:57.802290
lacharente,bd6t550885739,,failed,0,0,,no_usable_pages,known,,,bd6t550885739: no usable pages in manifest.,2026-07-17T17:20:58.005036
lacharente,bd6t55088574q,,failed,0,0,,no_usable_pages,known,,,bd6t55088574q: no usable pages in manifest.,2026-07-17T17:20:58.100657
lacharente,bd6t550885754,,failed,0,0,,no_usable_pages,known,,,bd6t550885754: no usable pages in manifest.,2026-07-17T17:20:58.330338
lacharente,bd6t55088576j,,failed,0,0,,no_usable_pages,known,,,bd6t55088576j: no usable pages in manifest.,2026-07-17T17:20:58.488137
lacharente,bd6t55088577z,,failed,0,0,,no_usable_pages,known,,,bd6t55088577z: no usable pages in manifest.,2026-07-17T17:20:58.608112
lacharente,bd6t55088578c,,failed,0,0,,no_usable_pages,known,,,bd6t55088578c: no usable pages in manifest.,2026-07-17T17:20:58.750226
lacharente,bd6t55088579s,,failed,0,0,,no_usable_pages,known,,,bd6t55088579s: no usable pages in manifest.,2026-07-17T17:20:58.882019
lacharente,bd6t55088580f,,failed,0,0,,no_usable_pages,known,,,bd6t55088580f: no usable pages in manifest.,2026-07-17T17:20:59.059496
lacharente,bd6t55088581v,,failed,0,0,,no_usable_pages,known,,,bd6t55088581v: no usable pages in manifest.,2026-07-17T17:20:59.145262
lacharente,bd6t550885828,,failed,0,0,,no_usable_pages,known,,,bd6t550885828: no usable pages in manifest.,2026-07-17T17:20:59.277067
lacharente,bd6t55088583p,,failed,0,0,,no_usable_pages,known,,,bd6t55088583p: no usable pages in manifest.,2026-07-17T17:20:59.443348
lacharente,bd6t550885843,,failed,0,0,,no_usable_pages,known,,,bd6t550885843: no usable pages in manifest.,2026-07-17T17:20:59.653576
lacharente,bd6t55088585h,,failed,0,0,,no_usable_pages,known,,,bd6t55088585h: no usable pages in manifest.,2026-07-17T17:20:59.905257
lacharente,bd6t55088586x,,failed,0,0,,no_usable_pages,known,,,bd6t55088586x: no usable pages in manifest.,2026-07-17T17:21:00.627958
lacharente,bd6t55088587b,,failed,0,0,,no_usable_pages,known,,,bd6t55088587b: no usable pages in manifest.,2026-07-17T17:21:00.866142
lacharente,bd6t55088588r,,failed,0,0,,no_usable_pages,known,,,bd6t55088588r: no usable pages in manifest.,2026-07-17T17:21:01.021577
lacharente,bd6t550885895,,failed,0,0,,no_usable_pages,known,,,bd6t550885895: no usable pages in manifest.,2026-07-17T17:21:01.212615
lacharente,bd6t55088590t,,failed,0,0,,no_usable_pages,known,,,bd6t55088590t: no usable pages in manifest.,2026-07-17T17:21:01.418225
lacharente,bd6t550885917,,failed,0,0,,no_usable_pages,known,,,bd6t550885917: no usable pages in manifest.,2026-07-17T17:21:01.588102
lacharente,bd6t55088592n,,failed,0,0,,no_usable_pages,known,,,bd6t55088592n: no usable pages in manifest.,2026-07-17T17:21:01.749396
lacharente,bd6t550885932,,failed,0,0,,no_usable_pages,known,,,bd6t550885932: no usable pages in manifest.,2026-07-17T17:21:01.881054
lacharente,bd6t55088594g,,failed,0,0,,no_usable_pages,known,,,bd6t55088594g: no usable pages in manifest.,2026-07-17T17:21:02.008754
lacharente,bd6t55088595w,,failed,0,0,,no_usable_pages,known,,,bd6t55088595w: no usable pages in manifest.,2026-07-17T17:21:02.228776
lacharente,bd6t550885969,,failed,0,0,,no_usable_pages,known,,,bd6t550885969: no usable pages in manifest.,2026-07-17T17:21:02.490402
lacharente,bd6t55088597q,,failed,0,0,,no_usable_pages,known,,,bd6t55088597q: no usable pages in manifest.,2026-07-17T17:21:02.660524
lacharente,bd6t550885984,,failed,0,0,,no_usable_pages,known,,,bd6t550885984: no usable pages in manifest.,2026-07-17T17:21:02.819618
lacharente,bd6t55088599j,,failed,0,0,,no_usable_pages,known,,,bd6t55088599j: no usable pages in manifest.,2026-07-17T17:21:02.964598
lacharente,bd6t55088600r,,failed,0,0,,no_usable_pages,known,,,bd6t55088600r: no usable pages in manifest.,2026-07-17T17:21:03.073600
lacharente,bd6t550886015,,failed,0,0,,no_usable_pages,known,,,bd6t550886015: no usable pages in manifest.,2026-07-17T17:21:03.241507
lacharente,bd6t55088602k,,failed,0,0,,no_usable_pages,known,,,bd6t55088602k: no usable pages in manifest.,2026-07-17T17:21:03.398244
lacharente,bd6t550886030,,failed,0,0,,no_usable_pages,known,,,bd6t550886030: no usable pages in manifest.,2026-07-17T17:21:03.584623
lacharente,bd6t55088604d,,failed,0,0,,no_usable_pages,known,,,bd6t55088604d: no usable pages in manifest.,2026-07-17T17:21:03.799570
lacharente,bd6t55088605t,,failed,0,0,,no_usable_pages,known,,,bd6t55088605t: no usable pages in manifest.,2026-07-17T17:21:03.977648
lacharente,bd6t550886067,,failed,0,0,,no_usable_pages,known,,,bd6t550886067: no usable pages in manifest.,2026-07-17T17:21:04.126174
lacharente,bd6t55088607n,,failed,0,0,,no_usable_pages,known,,,bd6t55088607n: no usable pages in manifest.,2026-07-17T17:21:04.267700
lacharente,bd6t550886082,,failed,0,0,,no_usable_pages,known,,,bd6t550886082: no usable pages in manifest.,2026-07-17T17:21:04.438991
lacharente,bd6t55088609g,,failed,0,0,,no_usable_pages,known,,,bd6t55088609g: no usable pages in manifest.,2026-07-17T17:21:04.698600
lacharente,bd6t550886104,,failed,0,0,,no_usable_pages,known,,,bd6t550886104: no usable pages in manifest.,2026-07-17T17:21:04.856461
lacharente,bd6t55088611j,,failed,0,0,,no_usable_pages,known,,,bd6t55088611j: no usable pages in manifest.,2026-07-17T17:21:05.042169
lacharente,bd6t55088612z,,failed,0,0,,no_usable_pages,known,,,bd6t55088612z: no usable pages in manifest.,2026-07-17T17:21:05.234529
lacharente,bd6t55088613c,,failed,0,0,,no_usable_pages,known,,,bd6t55088613c: no usable pages in manifest.,2026-07-17T17:21:05.500060
lacharente,bd6t55088614s,,failed,0,0,,no_usable_pages,known,,,bd6t55088614s: no usable pages in manifest.,2026-07-17T17:21:06.067673
lacharente,bd6t550886156,,failed,0,0,,no_usable_pages,known,,,bd6t550886156: no usable pages in manifest.,2026-07-17T17:21:06.338551
lacharente,bd6t55088616m,,failed,0,0,,no_usable_pages,known,,,bd6t55088616m: no usable pages in manifest.,2026-07-17T17:21:06.609907
lacharente,bd6t550886171,,failed,0,0,,no_usable_pages,known,,,bd6t550886171: no usable pages in manifest.,2026-07-17T17:21:06.754771
lacharente,bd6t55088618f,,failed,0,0,,no_usable_pages,known,,,bd6t55088618f: no usable pages in manifest.,2026-07-17T17:21:06.845572
lacharente,bd6t55088619v,,failed,0,0,,no_usable_pages,known,,,bd6t55088619v: no usable pages in manifest.,2026-07-17T17:21:07.060582
lacharente,bd6t55088620h,,failed,0,0,,no_usable_pages,known,,,bd6t55088620h: no usable pages in manifest.,2026-07-17T17:21:07.248259
lacharente,bd6t55088621x,,failed,0,0,,no_usable_pages,known,,,bd6t55088621x: no usable pages in manifest.,2026-07-17T17:21:07.381445
lacharente,bd6t55088622b,,failed,0,0,,no_usable_pages,known,,,bd6t55088622b: no usable pages in manifest.,2026-07-17T17:21:07.558136
lacharente,bd6t55088623r,,failed,0,0,,no_usable_pages,known,,,bd6t55088623r: no usable pages in manifest.,2026-07-17T17:21:07.706902
lacharente,bd6t550886245,,failed,0,0,,no_usable_pages,known,,,bd6t550886245: no usable pages in manifest.,2026-07-17T17:21:07.890658
lacharente,bd6t55088625k,,failed,0,0,,no_usable_pages,known,,,bd6t55088625k: no usable pages in manifest.,2026-07-17T17:21:08.116946
lacharente,bd6t550886260,,failed,0,0,,no_usable_pages,known,,,bd6t550886260: no usable pages in manifest.,2026-07-17T17:21:08.277554
lacharente,bd6t55088627d,,failed,0,0,,no_usable_pages,known,,,bd6t55088627d: no usable pages in manifest.,2026-07-17T17:21:08.407397
lacharente,bd6t55088628t,,failed,0,0,,no_usable_pages,known,,,bd6t55088628t: no usable pages in manifest.,2026-07-17T17:21:08.558556
lacharente,bd6t550886297,,failed,0,0,,no_usable_pages,known,,,bd6t550886297: no usable pages in manifest.,2026-07-17T17:21:08.700035
lacharente,bd6t55088630w,,failed,0,0,,no_usable_pages,known,,,bd6t55088630w: no usable pages in manifest.,2026-07-17T17:21:08.905728
lacharente,bd6t550886319,,failed,0,0,,no_usable_pages,known,,,bd6t550886319: no usable pages in manifest.,2026-07-17T17:21:09.075351
lacharente,bd6t55088632q,,failed,0,0,,no_usable_pages,known,,,bd6t55088632q: no usable pages in manifest.,2026-07-17T17:21:09.253605
lacharente,bd6t550886334,,failed,0,0,,no_usable_pages,known,,,bd6t550886334: no usable pages in manifest.,2026-07-17T17:21:09.381941
lacharente,bd6t55088634j,,failed,0,0,,no_usable_pages,known,,,bd6t55088634j: no usable pages in manifest.,2026-07-17T17:21:09.576318
lacharente,bd6t55088635z,,failed,0,0,,no_usable_pages,known,,,bd6t55088635z: no usable pages in manifest.,2026-07-17T17:21:09.752522
lacharente,bd6t55088636c,,failed,0,0,,no_usable_pages,known,,,bd6t55088636c: no usable pages in manifest.,2026-07-17T17:21:09.885201
lacharente,bd6t55088637s,,failed,0,0,,no_usable_pages,known,,,bd6t55088637s: no usable pages in manifest.,2026-07-17T17:21:10.031747
lacharente,bd6t550886386,,failed,0,0,,no_usable_pages,known,,,bd6t550886386: no usable pages in manifest.,2026-07-17T17:21:10.120091
lacharente,bd6t55088639m,,failed,0,0,,no_usable_pages,known,,,bd6t55088639m: no usable pages in manifest.,2026-07-17T17:21:10.338160
lacharente,bd6t550886408,,failed,0,0,,no_usable_pages,known,,,bd6t550886408: no usable pages in manifest.,2026-07-17T17:21:10.514703
lacharente,bd6t550886423,,failed,0,0,,no_usable_pages,known,,,bd6t550886423: no usable pages in manifest.,2026-07-17T17:21:10.684030
lacharente,bd6t55088643h,,failed,0,0,,no_usable_pages,known,,,bd6t55088643h: no usable pages in manifest.,2026-07-17T17:21:10.919444
lacharente,bd6t55088644x,,failed,0,0,,no_usable_pages,known,,,bd6t55088644x: no usable pages in manifest.,2026-07-17T17:21:11.049555
lacharente,bd6t55088645b,,failed,0,0,,no_usable_pages,known,,,bd6t55088645b: no usable pages in manifest.,2026-07-17T17:21:11.180315
lacharente,bd6t55088646r,,failed,0,0,,no_usable_pages,known,,,bd6t55088646r: no usable pages in manifest.,2026-07-17T17:21:11.889518
lacharente,bd6t550886475,,failed,0,0,,no_usable_pages,known,,,bd6t550886475: no usable pages in manifest.,2026-07-17T17:21:12.248671
lacharente,bd6t55088648k,,failed,0,0,,no_usable_pages,known,,,bd6t55088648k: no usable pages in manifest.,2026-07-17T17:21:12.422009
lacharente,bd6t550886490,,failed,0,0,,no_usable_pages,known,,,bd6t550886490: no usable pages in manifest.,2026-07-17T17:21:12.602733
lacharente,bd6t55088650n,,failed,0,0,,no_usable_pages,known,,,bd6t55088650n: no usable pages in manifest.,2026-07-17T17:21:12.781206
lacharente,bd6t550886512,,failed,0,0,,no_usable_pages,known,,,bd6t550886512: no usable pages in manifest.,2026-07-17T17:21:13.421524
lacharente,bd6t55088652g,,failed,0,0,,no_usable_pages,known,,,bd6t55088652g: no usable pages in manifest.,2026-07-17T17:21:13.612011
lacharente,bd6t55088653w,,failed,0,0,,no_usable_pages,known,,,bd6t55088653w: no usable pages in manifest.,2026-07-17T17:21:13.876571
lacharente,bd6t550886549,,failed,0,0,,no_usable_pages,known,,,bd6t550886549: no usable pages in manifest.,2026-07-17T17:21:14.054183
lacharente,bd6t55088655q,,failed,0,0,,no_usable_pages,known,,,bd6t55088655q: no usable pages in manifest.,2026-07-17T17:21:14.216650
lacharente,bd6t550886564,,failed,0,0,,no_usable_pages,known,,,bd6t550886564: no usable pages in manifest.,2026-07-17T17:21:14.408837
lacharente,bd6t55088657j,,failed,0,0,,no_usable_pages,known,,,bd6t55088657j: no usable pages in manifest.,2026-07-17T17:21:14.707009
lacharente,bd6t55088658z,,failed,0,0,,no_usable_pages,known,,,bd6t55088658z: no usable pages in manifest.,2026-07-17T17:21:14.890102
lacharente,bd6t55088659c,,failed,0,0,,no_usable_pages,known,,,bd6t55088659c: no usable pages in manifest.,2026-07-17T17:21:15.015109
lacharente,bd6t550886601,,failed,0,0,,no_usable_pages,known,,,bd6t550886601: no usable pages in manifest.,2026-07-17T17:21:15.152482
lacharente,bd6t55088661f,,failed,0,0,,no_usable_pages,known,,,bd6t55088661f: no usable pages in manifest.,2026-07-17T17:21:15.353257
lacharente,bd6t55088662v,,failed,0,0,,no_usable_pages,known,,,bd6t55088662v: no usable pages in manifest.,2026-07-17T17:21:15.548735
lacharente,bd6t550886638,,failed,0,0,,no_usable_pages,known,,,bd6t550886638: no usable pages in manifest.,2026-07-17T17:21:15.783733
lacharente,bd6t55088664p,,failed,0,0,,no_usable_pages,known,,,bd6t55088664p: no usable pages in manifest.,2026-07-17T17:21:16.007645
lacharente,bd6t55088666h,,failed,0,0,,no_usable_pages,known,,,bd6t55088666h: no usable pages in manifest.,2026-07-17T17:21:16.246562
lacharente,bd6t55088667x,,failed,0,0,,no_usable_pages,known,,,bd6t55088667x: no usable pages in manifest.,2026-07-17T17:21:16.400291
lacharente,bd6t55088668b,,failed,0,0,,no_usable_pages,known,,,bd6t55088668b: no usable pages in manifest.,2026-07-17T17:21:16.584820
lacharente,bd6t55088669r,,failed,0,0,,no_usable_pages,known,,,bd6t55088669r: no usable pages in manifest.,2026-07-17T17:21:16.831959
lacharente,bd6t55088670d,,failed,0,0,,no_usable_pages,known,,,bd6t55088670d: no usable pages in manifest.,2026-07-17T17:21:17.027898
lacharente,bd6t55088671t,,failed,0,0,,no_usable_pages,known,,,bd6t55088671t: no usable pages in manifest.,2026-07-17T17:21:17.163213
lacharente,bd6t550886727,,failed,0,0,,no_usable_pages,known,,,bd6t550886727: no usable pages in manifest.,2026-07-17T17:21:17.318663
lacharente,bd6t55088673n,,failed,0,0,,no_usable_pages,known,,,bd6t55088673n: no usable pages in manifest.,2026-07-17T17:21:17.840459
lacharente,bd6t550886742,,failed,0,0,,no_usable_pages,known,,,bd6t550886742: no usable pages in manifest.,2026-07-17T17:21:18.137268
lacharente,bd6t55088675g,,failed,0,0,,no_usable_pages,known,,,bd6t55088675g: no usable pages in manifest.,2026-07-17T17:21:18.273057
lacharente,bd6t55088676w,,failed,0,0,,no_usable_pages,known,,,bd6t55088676w: no usable pages in manifest.,2026-07-17T17:21:18.487110
lacharente,bd6t550886779,,failed,0,0,,no_usable_pages,known,,,bd6t550886779: no usable pages in manifest.,2026-07-17T17:21:18.640601
lacharente,bd6t55088678q,,failed,0,0,,no_usable_pages,known,,,bd6t55088678q: no usable pages in manifest.,2026-07-17T17:21:18.790969
lacharente,bd6t550886794,,failed,0,0,,no_usable_pages,known,,,bd6t550886794: no usable pages in manifest.,2026-07-17T17:21:18.922679
lacharente,bd6t55088680s,,failed,0,0,,no_usable_pages,known,,,bd6t55088680s: no usable pages in manifest.,2026-07-17T17:21:19.207654
lacharente,bd6t550886816,,failed,0,0,,no_usable_pages,known,,,bd6t550886816: no usable pages in manifest.,2026-07-17T17:21:19.331659
lacharente,bd6t55088682m,,failed,0,0,,no_usable_pages,known,,,bd6t55088682m: no usable pages in manifest.,2026-07-17T17:21:19.524352
lacharente,bd6t550886831,,failed,0,0,,no_usable_pages,known,,,bd6t550886831: no usable pages in manifest.,2026-07-17T17:21:19.668003
lacharente,bd6t55088684f,,failed,0,0,,no_usable_pages,known,,,bd6t55088684f: no usable pages in manifest.,2026-07-17T17:21:19.787015
lacharente,bd6t55088685v,,failed,0,0,,no_usable_pages,known,,,bd6t55088685v: no usable pages in manifest.,2026-07-17T17:21:19.973005
lacharente,bd6t550886868,,failed,0,0,,no_usable_pages,known,,,bd6t550886868: no usable pages in manifest.,2026-07-17T17:21:20.179263
lacharente,bd6t55088687p,,failed,0,0,,no_usable_pages,known,,,bd6t55088687p: no usable pages in manifest.,2026-07-17T17:21:20.404427
lacharente,bd6t550886883,,failed,0,0,,no_usable_pages,known,,,bd6t550886883: no usable pages in manifest.,2026-07-17T17:21:20.559672
lacharente,bd6t55088689h,,failed,0,0,,no_usable_pages,known,,,bd6t55088689h: no usable pages in manifest.,2026-07-17T17:21:20.641268
lacharente,bd6t550886905,,failed,0,0,,no_usable_pages,known,,,bd6t550886905: no usable pages in manifest.,2026-07-17T17:21:20.755451
lacharente,bd6t550886653,,failed,0,0,,no_usable_pages,known,,,bd6t550886653: no usable pages in manifest.,2026-07-17T17:21:20.887735
lacharente,bd6t55088691k,,failed,0,0,,no_usable_pages,known,,,bd6t55088691k: no usable pages in manifest.,2026-07-17T17:21:21.033055
lacharente,bd6t550886920,,failed,0,0,,no_usable_pages,known,,,bd6t550886920: no usable pages in manifest.,2026-07-17T17:21:21.187138
lacharente,bd6t55088693d,,failed,0,0,,no_usable_pages,known,,,bd6t55088693d: no usable pages in manifest.,2026-07-17T17:21:21.302457
lacharente,bd6t55088694t,,failed,0,0,,no_usable_pages,known,,,bd6t55088694t: no usable pages in manifest.,2026-07-17T17:21:21.524564
lacharente,bd6t550886957,,failed,0,0,,no_usable_pages,known,,,bd6t550886957: no usable pages in manifest.,2026-07-17T17:21:21.647199
lacharente,bd6t55088696n,,failed,0,0,,no_usable_pages,known,,,bd6t55088696n: no usable pages in manifest.,2026-07-17T17:21:21.819682
lacharente,bd6t550886972,,failed,0,0,,no_usable_pages,known,,,bd6t550886972: no usable pages in manifest.,2026-07-17T17:21:21.958762
lacharente,bd6t55088698g,,failed,0,0,,no_usable_pages,known,,,bd6t55088698g: no usable pages in manifest.,2026-07-17T17:21:22.068353
lacharente,bd6t55088699w,,failed,0,0,,no_usable_pages,known,,,bd6t55088699w: no usable pages in manifest.,2026-07-17T17:21:22.196385
lacharente,bd6t550887003,,failed,0,0,,no_usable_pages,known,,,bd6t550887003: no usable pages in manifest.,2026-07-17T17:21:22.388320
lacharente,bd6t55088701h,,failed,0,0,,no_usable_pages,known,,,bd6t55088701h: no usable pages in manifest.,2026-07-17T17:21:22.991233
lacharente,bd6t55088702x,,failed,0,0,,no_usable_pages,known,,,bd6t55088702x: no usable pages in manifest.,2026-07-17T17:21:23.122992
lacharente,bd6t55088703b,,failed,0,0,,no_usable_pages,known,,,bd6t55088703b: no usable pages in manifest.,2026-07-17T17:21:23.273162
lacharente,bd6t55088704r,,failed,0,0,,no_usable_pages,known,,,bd6t55088704r: no usable pages in manifest.,2026-07-17T17:21:23.415115
lacharente,bd6t550887055,,failed,0,0,,no_usable_pages,known,,,bd6t550887055: no usable pages in manifest.,2026-07-17T17:21:23.495495
lacharente,bd6t55088706k,,failed,0,0,,no_usable_pages,known,,,bd6t55088706k: no usable pages in manifest.,2026-07-17T17:21:23.616049
lacharente,bd6t550887070,,failed,0,0,,no_usable_pages,known,,,bd6t550887070: no usable pages in manifest.,2026-07-17T17:21:23.738755
lacharente,bd6t55088708d,,failed,0,0,,no_usable_pages,known,,,bd6t55088708d: no usable pages in manifest.,2026-07-17T17:21:23.878469
lacharente,bd6t55088709t,,failed,0,0,,no_usable_pages,known,,,bd6t55088709t: no usable pages in manifest.,2026-07-17T17:21:24.014421
lacharente,bd6t55088710g,,failed,0,0,,no_usable_pages,known,,,bd6t55088710g: no usable pages in manifest.,2026-07-17T17:21:24.168160
lacharente,bd6t55088711w,,failed,0,0,,no_usable_pages,known,,,bd6t55088711w: no usable pages in manifest.,2026-07-17T17:21:24.309145
lacharente,bd6t550887129,,failed,0,0,,no_usable_pages,known,,,bd6t550887129: no usable pages in manifest.,2026-07-17T17:21:24.483100
lacharente,bd6t55088713q,,failed,0,0,,no_usable_pages,known,,,bd6t55088713q: no usable pages in manifest.,2026-07-17T17:21:24.712034
lacharente,bd6t550887144,,failed,0,0,,no_usable_pages,known,,,bd6t550887144: no usable pages in manifest.,2026-07-17T17:21:24.907174
lacharente,bd6t55088715j,,failed,0,0,,no_usable_pages,known,,,bd6t55088715j: no usable pages in manifest.,2026-07-17T17:21:25.049597
lacharente,bd6t55088716z,,failed,0,0,,no_usable_pages,known,,,bd6t55088716z: no usable pages in manifest.,2026-07-17T17:21:25.270326
lacharente,bd6t55088717c,,failed,0,0,,no_usable_pages,known,,,bd6t55088717c: no usable pages in manifest.,2026-07-17T17:21:25.484435
lacharente,bd6t55088718s,,failed,0,0,,no_usable_pages,known,,,bd6t55088718s: no usable pages in manifest.,2026-07-17T17:21:25.631996
lacharente,bd6t550887196,,failed,0,0,,no_usable_pages,known,,,bd6t550887196: no usable pages in manifest.,2026-07-17T17:21:25.811780
lacharente,bd6t55088720v,,failed,0,0,,no_usable_pages,known,,,bd6t55088720v: no usable pages in manifest.,2026-07-17T17:21:25.917064
lacharente,bd6t550887218,,failed,0,0,,no_usable_pages,known,,,bd6t550887218: no usable pages in manifest.,2026-07-17T17:21:26.161604
lacharente,bd6t55088722p,,failed,0,0,,no_usable_pages,known,,,bd6t55088722p: no usable pages in manifest.,2026-07-17T17:21:26.305193
lacharente,bd6t550887233,,failed,0,0,,no_usable_pages,known,,,bd6t550887233: no usable pages in manifest.,2026-07-17T17:21:26.549245
lacharente,bd6t55088724h,,failed,0,0,,no_usable_pages,known,,,bd6t55088724h: no usable pages in manifest.,2026-07-17T17:21:26.776004
lacharente,bd6t55088725x,,failed,0,0,,no_usable_pages,known,,,bd6t55088725x: no usable pages in manifest.,2026-07-17T17:21:26.911155
lacharente,bd6t55088726b,,failed,0,0,,no_usable_pages,known,,,bd6t55088726b: no usable pages in manifest.,2026-07-17T17:21:27.012889
lacharente,bd6t55088727r,,failed,0,0,,no_usable_pages,known,,,bd6t55088727r: no usable pages in manifest.,2026-07-17T17:21:27.172468
lacharente,bd6t550887285,,failed,0,0,,no_usable_pages,known,,,bd6t550887285: no usable pages in manifest.,2026-07-17T17:21:27.298390
lacharente,bd6t55088729k,,failed,0,0,,no_usable_pages,known,,,bd6t55088729k: no usable pages in manifest.,2026-07-17T17:21:27.462934
lacharente,bd6t550887307,,failed,0,0,,no_usable_pages,known,,,bd6t550887307: no usable pages in manifest.,2026-07-17T17:21:27.841116
lacharente,bd6t55088731n,,failed,0,0,,no_usable_pages,known,,,bd6t55088731n: no usable pages in manifest.,2026-07-17T17:21:28.226589
lacharente,bd6t550887322,,failed,0,0,,no_usable_pages,known,,,bd6t550887322: no usable pages in manifest.,2026-07-17T17:21:28.508813
lacharente,bd6t55088733g,,failed,0,0,,no_usable_pages,known,,,bd6t55088733g: no usable pages in manifest.,2026-07-17T17:21:28.648941
lacharente,bd6t55088734w,,failed,0,0,,no_usable_pages,known,,,bd6t55088734w: no usable pages in manifest.,2026-07-17T17:21:28.885268
lacharente,bd6t550887359,,failed,0,0,,no_usable_pages,known,,,bd6t550887359: no usable pages in manifest.,2026-07-17T17:21:29.051738
lacharente,bd6t55088736q,,failed,0,0,,no_usable_pages,known,,,bd6t55088736q: no usable pages in manifest.,2026-07-17T17:21:29.314996
lacharente,bd6t550887374,,failed,0,0,,no_usable_pages,known,,,bd6t550887374: no usable pages in manifest.,2026-07-17T17:21:29.456773
lacharente,bd6t55088738j,,failed,0,0,,no_usable_pages,known,,,bd6t55088738j: no usable pages in manifest.,2026-07-17T17:21:29.599254
lacharente,bd6t55088739z,,failed,0,0,,no_usable_pages,known,,,bd6t55088739z: no usable pages in manifest.,2026-07-17T17:21:29.769617
lacharente,bd6t55088740m,,failed,0,0,,no_usable_pages,known,,,bd6t55088740m: no usable pages in manifest.,2026-07-17T17:21:29.924388
lacharente,bd6t550887411,,failed,0,0,,no_usable_pages,known,,,bd6t550887411: no usable pages in manifest.,2026-07-17T17:21:30.089769
lacharente,bd6t55088742f,,failed,0,0,,no_usable_pages,known,,,bd6t55088742f: no usable pages in manifest.,2026-07-17T17:21:30.353186
lacharente,bd6t55088743v,,failed,0,0,,no_usable_pages,known,,,bd6t55088743v: no usable pages in manifest.,2026-07-17T17:21:30.494253
lacharente,bd6t550887448,,failed,0,0,,no_usable_pages,known,,,bd6t550887448: no usable pages in manifest.,2026-07-17T17:21:30.627095
lacharente,bd6t55088745p,,failed,0,0,,no_usable_pages,known,,,bd6t55088745p: no usable pages in manifest.,2026-07-17T17:21:30.745112
lacharente,bd6t550887463,,failed,0,0,,no_usable_pages,known,,,bd6t550887463: no usable pages in manifest.,2026-07-17T17:21:30.944348
lacharente,bd6t55088747h,,failed,0,0,,no_usable_pages,known,,,bd6t55088747h: no usable pages in manifest.,2026-07-17T17:21:31.093162
lacharente,bd6t55088748x,,failed,0,0,,no_usable_pages,known,,,bd6t55088748x: no usable pages in manifest.,2026-07-17T17:21:31.263305
lacharente,bd6t55088749b,,failed,0,0,,no_usable_pages,known,,,bd6t55088749b: no usable pages in manifest.,2026-07-17T17:21:31.391875
lacharente,bd6t550887500,,failed,0,0,,no_usable_pages,known,,,bd6t550887500: no usable pages in manifest.,2026-07-17T17:21:31.518238
lacharente,bd6t55088751d,,failed,0,0,,no_usable_pages,known,,,bd6t55088751d: no usable pages in manifest.,2026-07-17T17:21:31.623201
lacharente,bd6t55088752t,,failed,0,0,,no_usable_pages,known,,,bd6t55088752t: no usable pages in manifest.,2026-07-17T17:21:31.783324
lacharente,bd6t550887537,,failed,0,0,,no_usable_pages,known,,,bd6t550887537: no usable pages in manifest.,2026-07-17T17:21:31.916556
lacharente,bd6t55088754n,,failed,0,0,,no_usable_pages,known,,,bd6t55088754n: no usable pages in manifest.,2026-07-17T17:21:32.077988
lacharente,bd6t550887552,,failed,0,0,,no_usable_pages,known,,,bd6t550887552: no usable pages in manifest.,2026-07-17T17:21:32.196981
lacharente,bd6t55088756g,,failed,0,0,,no_usable_pages,known,,,bd6t55088756g: no usable pages in manifest.,2026-07-17T17:21:32.387296
lacharente,bd6t55088757w,,failed,0,0,,no_usable_pages,known,,,bd6t55088757w: no usable pages in manifest.,2026-07-17T17:21:32.996004
lacharente,bd6t550887589,,failed,0,0,,no_usable_pages,known,,,bd6t550887589: no usable pages in manifest.,2026-07-17T17:21:33.253510
lacharente,bd6t55088759q,,failed,0,0,,no_usable_pages,known,,,bd6t55088759q: no usable pages in manifest.,2026-07-17T17:21:33.537921
lacharente,bd6t55088760c,,failed,0,0,,no_usable_pages,known,,,bd6t55088760c: no usable pages in manifest.,2026-07-17T17:21:33.889317
lacharente,bd6t55088761s,,failed,0,0,,no_usable_pages,known,,,bd6t55088761s: no usable pages in manifest.,2026-07-17T17:21:34.070881
lacharente,bd6t550887626,,failed,0,0,,no_usable_pages,known,,,bd6t550887626: no usable pages in manifest.,2026-07-17T17:21:34.228904
lacharente,bd6t55088763m,,failed,0,0,,no_usable_pages,known,,,bd6t55088763m: no usable pages in manifest.,2026-07-17T17:21:34.426638
lacharente,bd6t550887641,,failed,0,0,,no_usable_pages,known,,,bd6t550887641: no usable pages in manifest.,2026-07-17T17:21:34.709739
lacharente,bd6t55088765f,,failed,0,0,,no_usable_pages,known,,,bd6t55088765f: no usable pages in manifest.,2026-07-17T17:21:34.963331
lacharente,bd6t55088766v,,failed,0,0,,no_usable_pages,known,,,bd6t55088766v: no usable pages in manifest.,2026-07-17T17:21:35.101009
lacharente,bd6t550887678,,failed,0,0,,no_usable_pages,known,,,bd6t550887678: no usable pages in manifest.,2026-07-17T17:21:35.246611
lacharente,bd6t55088768p,,failed,0,0,,no_usable_pages,known,,,bd6t55088768p: no usable pages in manifest.,2026-07-17T17:21:35.351759
lacharente,bd6t550887693,,failed,0,0,,no_usable_pages,known,,,bd6t550887693: no usable pages in manifest.,2026-07-17T17:21:35.555427
lacharente,bd6t55088770r,,failed,0,0,,no_usable_pages,known,,,bd6t55088770r: no usable pages in manifest.,2026-07-17T17:21:35.859235
lacharente,bd6t550887715,,failed,0,0,,no_usable_pages,known,,,bd6t550887715: no usable pages in manifest.,2026-07-17T17:21:36.140420
lacharente,bd6t55088772k,,failed,0,0,,no_usable_pages,known,,,bd6t55088772k: no usable pages in manifest.,2026-07-17T17:21:36.289485
lacharente,bd6t550887730,,failed,0,0,,no_usable_pages,known,,,bd6t550887730: no usable pages in manifest.,2026-07-17T17:21:36.515571
lacharente,bd6t55088774d,,failed,0,0,,no_usable_pages,known,,,bd6t55088774d: no usable pages in manifest.,2026-07-17T17:21:36.749423
lacharente,bd6t55088775t,,failed,0,0,,no_usable_pages,known,,,bd6t55088775t: no usable pages in manifest.,2026-07-17T17:21:36.916692
lacharente,bd6t550887767,,failed,0,0,,no_usable_pages,known,,,bd6t550887767: no usable pages in manifest.,2026-07-17T17:21:37.288116
lacharente,bd6t55088777n,,failed,0,0,,no_usable_pages,known,,,bd6t55088777n: no usable pages in manifest.,2026-07-17T17:21:37.457720
lacharente,bd6t550887782,,failed,0,0,,no_usable_pages,known,,,bd6t550887782: no usable pages in manifest.,2026-07-17T17:21:37.616679
lacharente,bd6t55088779g,,failed,0,0,,no_usable_pages,known,,,bd6t55088779g: no usable pages in manifest.,2026-07-17T17:21:37.742568
lacharente,bd6t550887804,,failed,0,0,,no_usable_pages,known,,,bd6t550887804: no usable pages in manifest.,2026-07-17T17:21:38.314583
lacharente,bd6t55088781j,,failed,0,0,,no_usable_pages,known,,,bd6t55088781j: no usable pages in manifest.,2026-07-17T17:21:38.517484
lacharente,bd6t55088782z,,failed,0,0,,no_usable_pages,known,,,bd6t55088782z: no usable pages in manifest.,2026-07-17T17:21:38.723144
lacharente,bd6t55088783c,,failed,0,0,,no_usable_pages,known,,,bd6t55088783c: no usable pages in manifest.,2026-07-17T17:21:38.962155
lacharente,bd6t55088784s,,failed,0,0,,no_usable_pages,known,,,bd6t55088784s: no usable pages in manifest.,2026-07-17T17:21:39.174106
lacharente,bd6t550887856,,failed,0,0,,no_usable_pages,known,,,bd6t550887856: no usable pages in manifest.,2026-07-17T17:21:39.445560
lacharente,bd6t55088786m,,failed,0,0,,no_usable_pages,known,,,bd6t55088786m: no usable pages in manifest.,2026-07-17T17:21:39.675243
lacharente,bd6t550887871,,failed,0,0,,no_usable_pages,known,,,bd6t550887871: no usable pages in manifest.,2026-07-17T17:21:39.929338
lacharente,bd6t55088788f,,failed,0,0,,no_usable_pages,known,,,bd6t55088788f: no usable pages in manifest.,2026-07-17T17:21:40.144044
lacharente,bd6t55088789v,,failed,0,0,,no_usable_pages,known,,,bd6t55088789v: no usable pages in manifest.,2026-07-17T17:21:40.761714
lacharente,bd6t55088790h,,failed,0,0,,no_usable_pages,known,,,bd6t55088790h: no usable pages in manifest.,2026-07-17T17:21:41.113504
lacharente,bd6t55088791x,,failed,0,0,,no_usable_pages,known,,,bd6t55088791x: no usable pages in manifest.,2026-07-17T17:21:41.328296
lacharente,bd6t55088792b,,failed,0,0,,no_usable_pages,known,,,bd6t55088792b: no usable pages in manifest.,2026-07-17T17:21:41.938162
lacharente,bd6t55088793r,,failed,0,0,,no_usable_pages,known,,,bd6t55088793r: no usable pages in manifest.,2026-07-17T17:21:42.301660
lacharente,bd6t550887945,,failed,0,0,,no_usable_pages,known,,,bd6t550887945: no usable pages in manifest.,2026-07-17T17:21:42.568489
lacharente,bd6t55088795k,,failed,0,0,,no_usable_pages,known,,,bd6t55088795k: no usable pages in manifest.,2026-07-17T17:21:43.039203
lacharente,bd6t550887960,,failed,0,0,,no_usable_pages,known,,,bd6t550887960: no usable pages in manifest.,2026-07-17T17:21:43.418691
lacharente,bd6t55088797d,,failed,0,0,,no_usable_pages,known,,,bd6t55088797d: no usable pages in manifest.,2026-07-17T17:21:43.674027
lacharente,bd6t55088798t,,failed,0,0,,no_usable_pages,known,,,bd6t55088798t: no usable pages in manifest.,2026-07-17T17:21:44.254009
lacharente,bd6t550887997,,failed,0,0,,no_usable_pages,known,,,bd6t550887997: no usable pages in manifest.,2026-07-17T17:21:44.920999
lacharente,bd6t55088800f,,failed,0,0,,no_usable_pages,known,,,bd6t55088800f: no usable pages in manifest.,2026-07-17T17:21:46.125955
lacharente,bd6t55088801v,,failed,0,0,,no_usable_pages,known,,,bd6t55088801v: no usable pages in manifest.,2026-07-17T17:21:46.300633
lacharente,bd6t550888028,,failed,0,0,,no_usable_pages,known,,,bd6t550888028: no usable pages in manifest.,2026-07-17T17:21:46.525302
lacharente,bd6t55088803p,,failed,0,0,,no_usable_pages,known,,,bd6t55088803p: no usable pages in manifest.,2026-07-17T17:21:46.797824
lacharente,bd6t550888043,,failed,0,0,,no_usable_pages,known,,,bd6t550888043: no usable pages in manifest.,2026-07-17T17:21:47.242016
lacharente,bd6t55088805h,,failed,0,0,,no_usable_pages,known,,,bd6t55088805h: no usable pages in manifest.,2026-07-17T17:21:47.530431
lacharente,bd6t55088806x,,failed,0,0,,no_usable_pages,known,,,bd6t55088806x: no usable pages in manifest.,2026-07-17T17:21:47.907412
lacharente,bd6t55088807b,,failed,0,0,,no_usable_pages,known,,,bd6t55088807b: no usable pages in manifest.,2026-07-17T17:21:48.114363
lacharente,bd6t55088808r,,failed,0,0,,no_usable_pages,known,,,bd6t55088808r: no usable pages in manifest.,2026-07-17T17:21:48.299334
lacharente,bd6t550888095,,failed,0,0,,no_usable_pages,known,,,bd6t550888095: no usable pages in manifest.,2026-07-17T17:21:48.519849
lacharente,bd6t55088810t,,failed,0,0,,no_usable_pages,known,,,bd6t55088810t: no usable pages in manifest.,2026-07-17T17:21:48.782012
lacharente,bd6t550888117,,failed,0,0,,no_usable_pages,known,,,bd6t550888117: no usable pages in manifest.,2026-07-17T17:21:49.191157
lacharente,bd6t55088812n,,failed,0,0,,no_usable_pages,known,,,bd6t55088812n: no usable pages in manifest.,2026-07-17T17:21:49.474832
lacharente,bd6t550888132,,failed,0,0,,no_usable_pages,known,,,bd6t550888132: no usable pages in manifest.,2026-07-17T17:21:49.681612
lacharente,bd6t55088814g,,failed,0,0,,no_usable_pages,known,,,bd6t55088814g: no usable pages in manifest.,2026-07-17T17:21:50.303896
lacharente,bd6t55088815w,,failed,0,0,,no_usable_pages,known,,,bd6t55088815w: no usable pages in manifest.,2026-07-17T17:21:50.758694
lacharente,bd6t550888169,,failed,0,0,,no_usable_pages,known,,,bd6t550888169: no usable pages in manifest.,2026-07-17T17:21:51.934770
lacharente,bd6t55088817q,,failed,0,0,,no_usable_pages,known,,,bd6t55088817q: no usable pages in manifest.,2026-07-17T17:21:52.391342
lacharente,bd6t550888184,,failed,0,0,,no_usable_pages,known,,,bd6t550888184: no usable pages in manifest.,2026-07-17T17:21:52.636070
lacharente,bd6t55088819j,,failed,0,0,,no_usable_pages,known,,,bd6t55088819j: no usable pages in manifest.,2026-07-17T17:21:53.066288
lacharente,bd6t550888206,,failed,0,0,,no_usable_pages,known,,,bd6t550888206: no usable pages in manifest.,2026-07-17T17:21:53.420638
lacharente,bd6t55088821m,,failed,0,0,,no_usable_pages,known,,,bd6t55088821m: no usable pages in manifest.,2026-07-17T17:21:53.675087
lacharente,bd6t55088823f,,failed,0,0,,no_usable_pages,known,,,bd6t55088823f: no usable pages in manifest.,2026-07-17T17:21:54.214811
lacharente,bd6t550888221,,failed,0,0,,no_usable_pages,known,,,bd6t550888221: no usable pages in manifest.,2026-07-17T17:21:54.352695
lacharente,bd6t55088824v,,failed,0,0,,no_usable_pages,known,,,bd6t55088824v: no usable pages in manifest.,2026-07-17T17:21:54.581430
lacharente,bd6t550888258,,failed,0,0,,no_usable_pages,known,,,bd6t550888258: no usable pages in manifest.,2026-07-17T17:21:54.742106
lacharente,bd6t55088826p,,failed,0,0,,no_usable_pages,known,,,bd6t55088826p: no usable pages in manifest.,2026-07-17T17:21:54.907308
lacharente,bd6t550888273,,failed,0,0,,no_usable_pages,known,,,bd6t550888273: no usable pages in manifest.,2026-07-17T17:21:55.101510
lacharente,bd6t55088828h,,failed,0,0,,no_usable_pages,known,,,bd6t55088828h: no usable pages in manifest.,2026-07-17T17:21:55.270366
lacharente,bd6t55088829x,,failed,0,0,,no_usable_pages,known,,,bd6t55088829x: no usable pages in manifest.,2026-07-17T17:21:55.399104
lacharente,bd6t55088830k,,failed,0,0,,no_usable_pages,known,,,bd6t55088830k: no usable pages in manifest.,2026-07-17T17:21:55.515897
lacharente,bd6t550888310,,failed,0,0,,no_usable_pages,known,,,bd6t550888310: no usable pages in manifest.,2026-07-17T17:21:55.730680
lacharente,bd6t55088832d,,failed,0,0,,no_usable_pages,known,,,bd6t55088832d: no usable pages in manifest.,2026-07-17T17:21:55.898836
lacharente,bd6t55088835n,,failed,0,0,,no_usable_pages,known,,,bd6t55088835n: no usable pages in manifest.,2026-07-17T17:21:56.071566
lacharente,bd6t550888362,,failed,0,0,,no_usable_pages,known,,,bd6t550888362: no usable pages in manifest.,2026-07-17T17:21:56.310374
lacharente,bd6t55088837g,,failed,0,0,,no_usable_pages,known,,,bd6t55088837g: no usable pages in manifest.,2026-07-17T17:21:56.428502
lacharente,bd6t55088838w,,failed,0,0,,no_usable_pages,known,,,bd6t55088838w: no usable pages in manifest.,2026-07-17T17:21:56.578205
lacharente,bd6t550888399,,failed,0,0,,no_usable_pages,known,,,bd6t550888399: no usable pages in manifest.,2026-07-17T17:21:56.812595
lacharente,bd6t55088840z,,failed,0,0,,no_usable_pages,known,,,bd6t55088840z: no usable pages in manifest.,2026-07-17T17:21:57.054891
lacharente,bd6t55088841c,,failed,0,0,,no_usable_pages,known,,,bd6t55088841c: no usable pages in manifest.,2026-07-17T17:21:57.635942
lacharente,bd6t55088842s,,failed,0,0,,no_usable_pages,known,,,bd6t55088842s: no usable pages in manifest.,2026-07-17T17:21:57.863460
lacharente,bd6t550888436,,failed,0,0,,no_usable_pages,known,,,bd6t550888436: no usable pages in manifest.,2026-07-17T17:21:58.018531
lacharente,bd6t55088844m,,failed,0,0,,no_usable_pages,known,,,bd6t55088844m: no usable pages in manifest.,2026-07-17T17:21:58.158974
lacharente,bd6t550888451,,failed,0,0,,no_usable_pages,known,,,bd6t550888451: no usable pages in manifest.,2026-07-17T17:21:58.302441
lacharente,bd6t55088846f,,failed,0,0,,no_usable_pages,known,,,bd6t55088846f: no usable pages in manifest.,2026-07-17T17:21:58.445805
lacharente,bd6t55088847v,,failed,0,0,,no_usable_pages,known,,,bd6t55088847v: no usable pages in manifest.,2026-07-17T17:21:58.603751
lacharente,bd6t550888488,,failed,0,0,,no_usable_pages,known,,,bd6t550888488: no usable pages in manifest.,2026-07-17T17:21:58.750295
lacharente,bd6t55088849p,,failed,0,0,,no_usable_pages,known,,,bd6t55088849p: no usable pages in manifest.,2026-07-17T17:21:58.928614
lacharente,bd6t55088850b,,failed,0,0,,no_usable_pages,known,,,bd6t55088850b: no usable pages in manifest.,2026-07-17T17:21:59.039650
lacharente,bd6t55088851r,,failed,0,0,,no_usable_pages,known,,,bd6t55088851r: no usable pages in manifest.,2026-07-17T17:21:59.170876
lacharente,bd6t550888525,,failed,0,0,,no_usable_pages,known,,,bd6t550888525: no usable pages in manifest.,2026-07-17T17:21:59.313711
lacharente,bd6t55088853k,,failed,0,0,,no_usable_pages,known,,,bd6t55088853k: no usable pages in manifest.,2026-07-17T17:21:59.451528
lacharente,bd6t550888540,,failed,0,0,,no_usable_pages,known,,,bd6t550888540: no usable pages in manifest.,2026-07-17T17:21:59.578918
lacharente,bd6t55088855d,,failed,0,0,,no_usable_pages,known,,,bd6t55088855d: no usable pages in manifest.,2026-07-17T17:21:59.727359
lacharente,bd6t55088856t,,failed,0,0,,no_usable_pages,known,,,bd6t55088856t: no usable pages in manifest.,2026-07-17T17:21:59.916294
lacharente,bd6t550888577,,failed,0,0,,no_usable_pages,known,,,bd6t550888577: no usable pages in manifest.,2026-07-17T17:22:00.041202
lacharente,bd6t55088858n,,failed,0,0,,no_usable_pages,known,,,bd6t55088858n: no usable pages in manifest.,2026-07-17T17:22:00.190380
lacharente,bd6t550888592,,failed,0,0,,no_usable_pages,known,,,bd6t550888592: no usable pages in manifest.,2026-07-17T17:22:00.337010
lacharente,bd6t55088860q,,failed,0,0,,no_usable_pages,known,,,bd6t55088860q: no usable pages in manifest.,2026-07-17T17:22:00.541649
lacharente,bd6t550888614,,failed,0,0,,no_usable_pages,known,,,bd6t550888614: no usable pages in manifest.,2026-07-17T17:22:00.682749
lacharente,bd6t55088862j,,failed,0,0,,no_usable_pages,known,,,bd6t55088862j: no usable pages in manifest.,2026-07-17T17:22:00.848065
lacharente,bd6t55088863z,,failed,0,0,,no_usable_pages,known,,,bd6t55088863z: no usable pages in manifest.,2026-07-17T17:22:01.010521
lacharente,bd6t55088864c,,failed,0,0,,no_usable_pages,known,,,bd6t55088864c: no usable pages in manifest.,2026-07-17T17:22:01.182449
lacharente,bd6t55088865s,,failed,0,0,,no_usable_pages,known,,,bd6t55088865s: no usable pages in manifest.,2026-07-17T17:22:01.271717
lacharente,bd6t550888666,,failed,0,0,,no_usable_pages,known,,,bd6t550888666: no usable pages in manifest.,2026-07-17T17:22:01.419076
lacharente,bd6t55088867m,,failed,0,0,,no_usable_pages,known,,,bd6t55088867m: no usable pages in manifest.,2026-07-17T17:22:01.562093
lacharente,bd6t550888681,,failed,0,0,,no_usable_pages,known,,,bd6t550888681: no usable pages in manifest.,2026-07-17T17:22:01.697600
lacharente,bd6t55088869f,,failed,0,0,,no_usable_pages,known,,,bd6t55088869f: no usable pages in manifest.,2026-07-17T17:22:01.914379
lacharente,bd6t550888703,,failed,0,0,,no_usable_pages,known,,,bd6t550888703: no usable pages in manifest.,2026-07-17T17:22:02.050266
lacharente,bd6t55088871h,,failed,0,0,,no_usable_pages,known,,,bd6t55088871h: no usable pages in manifest.,2026-07-17T17:22:02.170715
lacharente,bd6t55088872x,,failed,0,0,,no_usable_pages,known,,,bd6t55088872x: no usable pages in manifest.,2026-07-17T17:22:02.350259
lacharente,bd6t55088873b,,failed,0,0,,no_usable_pages,known,,,bd6t55088873b: no usable pages in manifest.,2026-07-17T17:22:03.359110
lacharente,bd6t55088874r,,failed,0,0,,no_usable_pages,known,,,bd6t55088874r: no usable pages in manifest.,2026-07-17T17:22:03.618370
lacharente,bd6t550888755,,failed,0,0,,no_usable_pages,known,,,bd6t550888755: no usable pages in manifest.,2026-07-17T17:22:03.827355
lacharente,bd6t55088876k,,failed,0,0,,no_usable_pages,known,,,bd6t55088876k: no usable pages in manifest.,2026-07-17T17:22:04.091002
lacharente,bd6t550888770,,failed,0,0,,no_usable_pages,known,,,bd6t550888770: no usable pages in manifest.,2026-07-17T17:22:04.249713
lacharente,bd6t55088878d,,failed,0,0,,no_usable_pages,known,,,bd6t55088878d: no usable pages in manifest.,2026-07-17T17:22:04.420719
lacharente,bd6t55088879t,,failed,0,0,,no_usable_pages,known,,,bd6t55088879t: no usable pages in manifest.,2026-07-17T17:22:04.760482
lacharente,bd6t55088880g,,failed,0,0,,no_usable_pages,known,,,bd6t55088880g: no usable pages in manifest.,2026-07-17T17:22:05.071211
lacharente,bd6t55088881w,,failed,0,0,,no_usable_pages,known,,,bd6t55088881w: no usable pages in manifest.,2026-07-17T17:22:05.249725
lacharente,bd6t550888829,,failed,0,0,,no_usable_pages,known,,,bd6t550888829: no usable pages in manifest.,2026-07-17T17:22:05.392579
lacharente,bd6t55088883q,,failed,0,0,,no_usable_pages,known,,,bd6t55088883q: no usable pages in manifest.,2026-07-17T17:22:05.520673
lacharente,bd6t550888844,,failed,0,0,,no_usable_pages,known,,,bd6t550888844: no usable pages in manifest.,2026-07-17T17:22:05.759978
lacharente,bd6t55088885j,,failed,0,0,,no_usable_pages,known,,,bd6t55088885j: no usable pages in manifest.,2026-07-17T17:22:05.914691
lacharente,bd6t55088886z,,failed,0,0,,no_usable_pages,known,,,bd6t55088886z: no usable pages in manifest.,2026-07-17T17:22:06.194076
lacharente,bd6t55088887c,,failed,0,0,,no_usable_pages,known,,,bd6t55088887c: no usable pages in manifest.,2026-07-17T17:22:06.438951
lacharente,bd6t55088888s,,failed,0,0,,no_usable_pages,known,,,bd6t55088888s: no usable pages in manifest.,2026-07-17T17:22:06.690117
lacharente,bd6t550888896,,failed,0,0,,no_usable_pages,known,,,bd6t550888896: no usable pages in manifest.,2026-07-17T17:22:06.906054
lacharente,bd6t55088890v,,failed,0,0,,no_usable_pages,known,,,bd6t55088890v: no usable pages in manifest.,2026-07-17T17:22:07.151406
lacharente,bd6t550888918,,failed,0,0,,no_usable_pages,known,,,bd6t550888918: no usable pages in manifest.,2026-07-17T17:22:07.304434
lacharente,bd6t55088892p,,failed,0,0,,no_usable_pages,known,,,bd6t55088892p: no usable pages in manifest.,2026-07-17T17:22:07.430852
lacharente,bd6t550888933,,failed,0,0,,no_usable_pages,known,,,bd6t550888933: no usable pages in manifest.,2026-07-17T17:22:07.603303
lacharente,bd6t55088894h,,failed,0,0,,no_usable_pages,known,,,bd6t55088894h: no usable pages in manifest.,2026-07-17T17:22:07.799511
lacharente,bd6t55088895x,,failed,0,0,,no_usable_pages,known,,,bd6t55088895x: no usable pages in manifest.,2026-07-17T17:22:07.989037
lacharente,bd6t55088896b,,failed,0,0,,no_usable_pages,known,,,bd6t55088896b: no usable pages in manifest.,2026-07-17T17:22:08.243753
lacharente,bd6t55088897r,,failed,0,0,,no_usable_pages,known,,,bd6t55088897r: no usable pages in manifest.,2026-07-17T17:22:09.055277
lacharente,bd6t550888985,,failed,0,0,,no_usable_pages,known,,,bd6t550888985: no usable pages in manifest.,2026-07-17T17:22:09.539440
lacharente,bd6t55088899k,,failed,0,0,,no_usable_pages,known,,,bd6t55088899k: no usable pages in manifest.,2026-07-17T17:22:09.753251
lacharente,bd6t55088900s,,failed,0,0,,no_usable_pages,known,,,bd6t55088900s: no usable pages in manifest.,2026-07-17T17:22:09.914131
lacharente,bd6t550889016,,failed,0,0,,no_usable_pages,known,,,bd6t550889016: no usable pages in manifest.,2026-07-17T17:22:10.037630
lacharente,bd6t550889261,,failed,0,0,,no_usable_pages,known,,,bd6t550889261: no usable pages in manifest.,2026-07-17T17:22:10.177525
lacharente,bd6t55088902m,,failed,0,0,,no_usable_pages,known,,,bd6t55088902m: no usable pages in manifest.,2026-07-17T17:22:10.357140
lacharente,bd6t550889031,,failed,0,0,,no_usable_pages,known,,,bd6t550889031: no usable pages in manifest.,2026-07-17T17:22:10.557086
lacharente,bd6t55088904f,,failed,0,0,,no_usable_pages,known,,,bd6t55088904f: no usable pages in manifest.,2026-07-17T17:22:10.731535
lacharente,bd6t55088905v,,failed,0,0,,no_usable_pages,known,,,bd6t55088905v: no usable pages in manifest.,2026-07-17T17:22:10.882821
lacharente,bd6t550889068,,failed,0,0,,no_usable_pages,known,,,bd6t550889068: no usable pages in manifest.,2026-07-17T17:22:11.065527
lacharente,bd6t55088907p,,failed,0,0,,no_usable_pages,known,,,bd6t55088907p: no usable pages in manifest.,2026-07-17T17:22:11.191980
lacharente,bd6t550889083,,failed,0,0,,no_usable_pages,known,,,bd6t550889083: no usable pages in manifest.,2026-07-17T17:22:11.369013
lacharente,bd6t55088909h,,failed,0,0,,no_usable_pages,known,,,bd6t55088909h: no usable pages in manifest.,2026-07-17T17:22:11.562254
lacharente,bd6t550889105,,failed,0,0,,no_usable_pages,known,,,bd6t550889105: no usable pages in manifest.,2026-07-17T17:22:11.753639
lacharente,bd6t55088911k,,failed,0,0,,no_usable_pages,known,,,bd6t55088911k: no usable pages in manifest.,2026-07-17T17:22:11.866391
lacharente,bd6t550889120,,failed,0,0,,no_usable_pages,known,,,bd6t550889120: no usable pages in manifest.,2026-07-17T17:22:12.014769
lacharente,bd6t55088913d,,failed,0,0,,no_usable_pages,known,,,bd6t55088913d: no usable pages in manifest.,2026-07-17T17:22:12.221042
lacharente,bd6t55088914t,,failed,0,0,,no_usable_pages,known,,,bd6t55088914t: no usable pages in manifest.,2026-07-17T17:22:12.348831
lacharente,bd6t550889157,,failed,0,0,,no_usable_pages,known,,,bd6t550889157: no usable pages in manifest.,2026-07-17T17:22:12.501110
lacharente,bd6t55088916n,,failed,0,0,,no_usable_pages,known,,,bd6t55088916n: no usable pages in manifest.,2026-07-17T17:22:12.777843
lacharente,bd6t550889172,,failed,0,0,,no_usable_pages,known,,,bd6t550889172: no usable pages in manifest.,2026-07-17T17:22:12.897646
lacharente,bd6t55088918g,,failed,0,0,,no_usable_pages,known,,,bd6t55088918g: no usable pages in manifest.,2026-07-17T17:22:13.054645
lacharente,bd6t55088919w,,failed,0,0,,no_usable_pages,known,,,bd6t55088919w: no usable pages in manifest.,2026-07-17T17:22:13.215763
lacharente,bd6t55088920j,,failed,0,0,,no_usable_pages,known,,,bd6t55088920j: no usable pages in manifest.,2026-07-17T17:22:13.388438
lacharente,bd6t55088921z,,failed,0,0,,no_usable_pages,known,,,bd6t55088921z: no usable pages in manifest.,2026-07-17T17:22:13.575370
lacharente,bd6t55088922c,,failed,0,0,,no_usable_pages,known,,,bd6t55088922c: no usable pages in manifest.,2026-07-17T17:22:13.814539
lacharente,bd6t55088923s,,failed,0,0,,no_usable_pages,known,,,bd6t55088923s: no usable pages in manifest.,2026-07-17T17:22:14.174226
lacharente,bd6t550889246,,failed,0,0,,no_usable_pages,known,,,bd6t550889246: no usable pages in manifest.,2026-07-17T17:22:14.811193
lacharente,bd6t55088925m,,failed,0,0,,no_usable_pages,known,,,bd6t55088925m: no usable pages in manifest.,2026-07-17T17:22:15.238073
lacharente,bd6t55088927f,,failed,0,0,,no_usable_pages,known,,,bd6t55088927f: no usable pages in manifest.,2026-07-17T17:22:15.440138
lacharente,bd6t55088928v,,failed,0,0,,no_usable_pages,known,,,bd6t55088928v: no usable pages in manifest.,2026-07-17T17:22:15.643738
lacharente,bd6t550889298,,failed,0,0,,no_usable_pages,known,,,bd6t550889298: no usable pages in manifest.,2026-07-17T17:22:15.829944
lacharente,bd6t55088930x,,failed,0,0,,no_usable_pages,known,,,bd6t55088930x: no usable pages in manifest.,2026-07-17T17:22:15.985732
lacharente,bd6t55088931b,,failed,0,0,,no_usable_pages,known,,,bd6t55088931b: no usable pages in manifest.,2026-07-17T17:22:16.365047
lacharente,bd6t55088932r,,failed,0,0,,no_usable_pages,known,,,bd6t55088932r: no usable pages in manifest.,2026-07-17T17:22:16.489029
lacharente,bd6t550889335,,failed,0,0,,no_usable_pages,known,,,bd6t550889335: no usable pages in manifest.,2026-07-17T17:22:16.655476
lacharente,bd6t55088934k,,failed,0,0,,no_usable_pages,known,,,bd6t55088934k: no usable pages in manifest.,2026-07-17T17:22:16.908693
lacharente,bd6t550889350,,failed,0,0,,no_usable_pages,known,,,bd6t550889350: no usable pages in manifest.,2026-07-17T17:22:17.096946
lacharente,bd6t55088936d,,failed,0,0,,no_usable_pages,known,,,bd6t55088936d: no usable pages in manifest.,2026-07-17T17:22:17.370490
lacharente,bd6t55088937t,,failed,0,0,,no_usable_pages,known,,,bd6t55088937t: no usable pages in manifest.,2026-07-17T17:22:17.548932
lacharente,bd6t550889387,,failed,0,0,,no_usable_pages,known,,,bd6t550889387: no usable pages in manifest.,2026-07-17T17:22:17.681472
lacharente,bd6t55088939n,,failed,0,0,,no_usable_pages,known,,,bd6t55088939n: no usable pages in manifest.,2026-07-17T17:22:17.852383
lacharente,bd6t550889409,,failed,0,0,,no_usable_pages,known,,,bd6t550889409: no usable pages in manifest.,2026-07-17T17:22:18.009128
lacharente,bd6t55088941q,,failed,0,0,,no_usable_pages,known,,,bd6t55088941q: no usable pages in manifest.,2026-07-17T17:22:18.169293
lacharente,bd6t550889424,,failed,0,0,,no_usable_pages,known,,,bd6t550889424: no usable pages in manifest.,2026-07-17T17:22:18.417240
lacharente,bd6t55088943j,,failed,0,0,,no_usable_pages,known,,,bd6t55088943j: no usable pages in manifest.,2026-07-17T17:22:18.552268
lacharente,bd6t55088944z,,failed,0,0,,no_usable_pages,known,,,bd6t55088944z: no usable pages in manifest.,2026-07-17T17:22:18.798384
lacharente,bd6t55088945c,,failed,0,0,,no_usable_pages,known,,,bd6t55088945c: no usable pages in manifest.,2026-07-17T17:22:18.970698
lacharente,bd6t55088946s,,failed,0,0,,no_usable_pages,known,,,bd6t55088946s: no usable pages in manifest.,2026-07-17T17:22:19.199363
lacharente,bd6t550889476,,failed,0,0,,no_usable_pages,known,,,bd6t550889476: no usable pages in manifest.,2026-07-17T17:22:19.473242
lacharente,bd6t55088948m,,failed,0,0,,no_usable_pages,known,,,bd6t55088948m: no usable pages in manifest.,2026-07-17T17:22:19.634797
lacharente,bd6t550889491,,failed,0,0,,no_usable_pages,known,,,bd6t550889491: no usable pages in manifest.,2026-07-17T17:22:20.045800
lacharente,bd6t55088950p,,failed,0,0,,no_usable_pages,known,,,bd6t55088950p: no usable pages in manifest.,2026-07-17T17:22:21.005851
lacharente,bd6t550889513,,failed,0,0,,no_usable_pages,known,,,bd6t550889513: no usable pages in manifest.,2026-07-17T17:22:21.208437
lacharente,bd6t55088952h,,failed,0,0,,no_usable_pages,known,,,bd6t55088952h: no usable pages in manifest.,2026-07-17T17:22:21.477187
lacharente,bd6t55088953x,,failed,0,0,,no_usable_pages,known,,,bd6t55088953x: no usable pages in manifest.,2026-07-17T17:22:21.709980
lacharente,bd6t55088954b,,failed,0,0,,no_usable_pages,known,,,bd6t55088954b: no usable pages in manifest.,2026-07-17T17:22:21.950508
lacharente,bd6t55088955r,,failed,0,0,,no_usable_pages,known,,,bd6t55088955r: no usable pages in manifest.,2026-07-17T17:22:22.134236
lacharente,bd6t550889565,,failed,0,0,,no_usable_pages,known,,,bd6t550889565: no usable pages in manifest.,2026-07-17T17:22:22.309753
lacharente,bd6t55088957k,,failed,0,0,,no_usable_pages,known,,,bd6t55088957k: no usable pages in manifest.,2026-07-17T17:22:22.501701
lacharente,bd6t550889580,,failed,0,0,,no_usable_pages,known,,,bd6t550889580: no usable pages in manifest.,2026-07-17T17:22:22.687468
lacharente,bd6t55088959d,,failed,0,0,,no_usable_pages,known,,,bd6t55088959d: no usable pages in manifest.,2026-07-17T17:22:22.868720
lacharente,bd6t550889602,,failed,0,0,,no_usable_pages,known,,,bd6t550889602: no usable pages in manifest.,2026-07-17T17:22:23.152290
lacharente,bd6t55088961g,,failed,0,0,,no_usable_pages,known,,,bd6t55088961g: no usable pages in manifest.,2026-07-17T17:22:23.267283
lacharente,bd6t55088962w,,failed,0,0,,no_usable_pages,known,,,bd6t55088962w: no usable pages in manifest.,2026-07-17T17:22:23.418384
lacharente,bd6t550889639,,failed,0,0,,no_usable_pages,known,,,bd6t550889639: no usable pages in manifest.,2026-07-17T17:22:23.625702
lacharente,bd6t55088964q,,failed,0,0,,no_usable_pages,known,,,bd6t55088964q: no usable pages in manifest.,2026-07-17T17:22:23.810385
lacharente,bd6t550889654,,failed,0,0,,no_usable_pages,known,,,bd6t550889654: no usable pages in manifest.,2026-07-17T17:22:23.986313
lacharente,bd6t55088966j,,failed,0,0,,no_usable_pages,known,,,bd6t55088966j: no usable pages in manifest.,2026-07-17T17:22:24.290738
lacharente,bd6t55088967z,,failed,0,0,,no_usable_pages,known,,,bd6t55088967z: no usable pages in manifest.,2026-07-17T17:22:24.443763
lacharente,bd6t55088968c,,failed,0,0,,no_usable_pages,known,,,bd6t55088968c: no usable pages in manifest.,2026-07-17T17:22:24.611620
lacharente,bd6t55088969s,,failed,0,0,,no_usable_pages,known,,,bd6t55088969s: no usable pages in manifest.,2026-07-17T17:22:24.994423
lacharente,bd6t55088970f,,failed,0,0,,no_usable_pages,known,,,bd6t55088970f: no usable pages in manifest.,2026-07-17T17:22:25.219136
lacharente,bd6t55088971v,,failed,0,0,,no_usable_pages,known,,,bd6t55088971v: no usable pages in manifest.,2026-07-17T17:22:25.429890
lacharente,bd6t550889728,,failed,0,0,,no_usable_pages,known,,,bd6t550889728: no usable pages in manifest.,2026-07-17T17:22:25.536727
lacharente,bd6t55088973p,,failed,0,0,,no_usable_pages,known,,,bd6t55088973p: no usable pages in manifest.,2026-07-17T17:22:25.652810
lacharente,bd6t550889743,,failed,0,0,,no_usable_pages,known,,,bd6t550889743: no usable pages in manifest.,2026-07-17T17:22:25.905218
lacharente,bd6t55088975h,,failed,0,0,,no_usable_pages,known,,,bd6t55088975h: no usable pages in manifest.,2026-07-17T17:22:26.294626
lacharente,bd6t55088976x,,failed,0,0,,no_usable_pages,known,,,bd6t55088976x: no usable pages in manifest.,2026-07-17T17:22:26.501840
lacharente,bd6t55088977b,,failed,0,0,,no_usable_pages,known,,,bd6t55088977b: no usable pages in manifest.,2026-07-17T17:22:26.683622
lacharente,bd6t55088978r,,failed,0,0,,no_usable_pages,known,,,bd6t55088978r: no usable pages in manifest.,2026-07-17T17:22:26.970285
lacharente,bd6t550889795,,failed,0,0,,no_usable_pages,known,,,bd6t550889795: no usable pages in manifest.,2026-07-17T17:22:27.106979
lacharente,bd6t55088980t,,failed,0,0,,no_usable_pages,known,,,bd6t55088980t: no usable pages in manifest.,2026-07-17T17:22:27.237150
lacharente,bd6t550889817,,failed,0,0,,no_usable_pages,known,,,bd6t550889817: no usable pages in manifest.,2026-07-17T17:22:27.438920
lacharente,bd6t55088982n,,failed,0,0,,no_usable_pages,known,,,bd6t55088982n: no usable pages in manifest.,2026-07-17T17:22:27.747613
lacharente,bd6t550889832,,failed,0,0,,no_usable_pages,known,,,bd6t550889832: no usable pages in manifest.,2026-07-17T17:22:27.912482
lacharente,bd6t55088984g,,failed,0,0,,no_usable_pages,known,,,bd6t55088984g: no usable pages in manifest.,2026-07-17T17:22:28.086301
lacharente,bd6t55088985w,,failed,0,0,,no_usable_pages,known,,,bd6t55088985w: no usable pages in manifest.,2026-07-17T17:22:28.222293
lacharente,bd6t550889869,,failed,0,0,,no_usable_pages,known,,,bd6t550889869: no usable pages in manifest.,2026-07-17T17:22:28.518861
lacharente,bd6t55088987q,,failed,0,0,,no_usable_pages,known,,,bd6t55088987q: no usable pages in manifest.,2026-07-17T17:22:28.782835
lacharente,bd6t550889884,,failed,0,0,,no_usable_pages,known,,,bd6t550889884: no usable pages in manifest.,2026-07-17T17:22:28.950841
lacharente,bd6t55088989j,,failed,0,0,,no_usable_pages,known,,,bd6t55088989j: no usable pages in manifest.,2026-07-17T17:22:29.164776
lacharente,bd6t550889906,,failed,0,0,,no_usable_pages,known,,,bd6t550889906: no usable pages in manifest.,2026-07-17T17:22:29.328011
lacharente,bd6t55088991m,,failed,0,0,,no_usable_pages,known,,,bd6t55088991m: no usable pages in manifest.,2026-07-17T17:22:29.607549
lacharente,bd6t550889921,,failed,0,0,,no_usable_pages,known,,,bd6t550889921: no usable pages in manifest.,2026-07-17T17:22:29.851186
lacharente,bd6t55088993f,,failed,0,0,,no_usable_pages,known,,,bd6t55088993f: no usable pages in manifest.,2026-07-17T17:22:30.079543
lacharente,bd6t55088994v,,failed,0,0,,no_usable_pages,known,,,bd6t55088994v: no usable pages in manifest.,2026-07-17T17:22:30.178078
lacharente,bd6t550889958,,failed,0,0,,no_usable_pages,known,,,bd6t550889958: no usable pages in manifest.,2026-07-17T17:22:30.369265
lacharente,bd6t55088996p,,failed,0,0,,no_usable_pages,known,,,bd6t55088996p: no usable pages in manifest.,2026-07-17T17:22:30.615645
lacharente,bd6t550889973,,failed,0,0,,no_usable_pages,known,,,bd6t550889973: no usable pages in manifest.,2026-07-17T17:22:30.883563
lacharente,bd6t55088998h,,failed,0,0,,no_usable_pages,known,,,bd6t55088998h: no usable pages in manifest.,2026-07-17T17:22:31.037509
lacharente,bd6t55088999x,,failed,0,0,,no_usable_pages,known,,,bd6t55088999x: no usable pages in manifest.,2026-07-17T17:22:31.230316
lacharente,bd6t550890000,,failed,0,0,,no_usable_pages,known,,,bd6t550890000: no usable pages in manifest.,2026-07-17T17:22:31.814563
lacharente,bd6t55089001d,,failed,0,0,,no_usable_pages,known,,,bd6t55089001d: no usable pages in manifest.,2026-07-17T17:22:32.236008
lacharente,bd6t55089002t,,failed,0,0,,no_usable_pages,known,,,bd6t55089002t: no usable pages in manifest.,2026-07-17T17:22:32.469735
lacharente,bd6t550890037,,failed,0,0,,no_usable_pages,known,,,bd6t550890037: no usable pages in manifest.,2026-07-17T17:22:32.632694
lacharente,bd6t55089004n,,failed,0,0,,no_usable_pages,known,,,bd6t55089004n: no usable pages in manifest.,2026-07-17T17:22:32.791892
lacharente,bd6t550890052,,failed,0,0,,no_usable_pages,known,,,bd6t550890052: no usable pages in manifest.,2026-07-17T17:22:32.902878
lacharente,bd6t55089006g,,failed,0,0,,no_usable_pages,known,,,bd6t55089006g: no usable pages in manifest.,2026-07-17T17:22:33.135162
lacharente,bd6t55089007w,,failed,0,0,,no_usable_pages,known,,,bd6t55089007w: no usable pages in manifest.,2026-07-17T17:22:33.396414
lacharente,bd6t550890089,,failed,0,0,,no_usable_pages,known,,,bd6t550890089: no usable pages in manifest.,2026-07-17T17:22:33.542339
lacharente,bd6t55089009q,,failed,0,0,,no_usable_pages,known,,,bd6t55089009q: no usable pages in manifest.,2026-07-17T17:22:33.702202
lacharente,bd6t55089010c,,failed,0,0,,no_usable_pages,known,,,bd6t55089010c: no usable pages in manifest.,2026-07-17T17:22:33.931504
lacharente,bd6t55089011s,,failed,0,0,,no_usable_pages,known,,,bd6t55089011s: no usable pages in manifest.,2026-07-17T17:22:34.147459
lacharente,bd6t550890126,,failed,0,0,,no_usable_pages,known,,,bd6t550890126: no usable pages in manifest.,2026-07-17T17:22:34.450193
lacharente,bd6t55089013m,,failed,0,0,,no_usable_pages,known,,,bd6t55089013m: no usable pages in manifest.,2026-07-17T17:22:34.711278
lacharente,bd6t550890141,,failed,0,0,,no_usable_pages,known,,,bd6t550890141: no usable pages in manifest.,2026-07-17T17:22:34.963826
lacharente,bd6t55089015f,,failed,0,0,,no_usable_pages,known,,,bd6t55089015f: no usable pages in manifest.,2026-07-17T17:22:35.119828
lacharente,bd6t55089016v,,failed,0,0,,no_usable_pages,known,,,bd6t55089016v: no usable pages in manifest.,2026-07-17T17:22:35.349104
lacharente,bd6t550890178,,failed,0,0,,no_usable_pages,known,,,bd6t550890178: no usable pages in manifest.,2026-07-17T17:22:35.651001
lacharente,bd6t55089018p,,failed,0,0,,no_usable_pages,known,,,bd6t55089018p: no usable pages in manifest.,2026-07-17T17:22:35.817990
lacharente,bd6t550890193,,failed,0,0,,no_usable_pages,known,,,bd6t550890193: no usable pages in manifest.,2026-07-17T17:22:35.953362
lacharente,bd6t55089020r,,failed,0,0,,no_usable_pages,known,,,bd6t55089020r: no usable pages in manifest.,2026-07-17T17:22:36.168756
lacharente,bd6t550890215,,failed,0,0,,no_usable_pages,known,,,bd6t550890215: no usable pages in manifest.,2026-07-17T17:22:36.347078
lacharente,bd6t55089022k,,failed,0,0,,no_usable_pages,known,,,bd6t55089022k: no usable pages in manifest.,2026-07-17T17:22:36.586503
lacharente,bd6t550890230,,failed,0,0,,no_usable_pages,known,,,bd6t550890230: no usable pages in manifest.,2026-07-17T17:22:36.798165
lacharente,bd6t55089024d,,failed,0,0,,no_usable_pages,known,,,bd6t55089024d: no usable pages in manifest.,2026-07-17T17:22:36.935290
lacharente,bd6t55089025t,,failed,0,0,,no_usable_pages,known,,,bd6t55089025t: no usable pages in manifest.,2026-07-17T17:22:37.133055
lacharente,bd6t550890267,,failed,0,0,,no_usable_pages,known,,,bd6t550890267: no usable pages in manifest.,2026-07-17T17:22:37.370176
lacharente,bd6t55089027n,,failed,0,0,,no_usable_pages,known,,,bd6t55089027n: no usable pages in manifest.,2026-07-17T17:22:38.174014
lacharente,bd6t550890282,,failed,0,0,,no_usable_pages,known,,,bd6t550890282: no usable pages in manifest.,2026-07-17T17:22:38.417205
lacharente,bd6t55089029g,,failed,0,0,,no_usable_pages,known,,,bd6t55089029g: no usable pages in manifest.,2026-07-17T17:22:38.875772
lacharente,bd6t550890304,,failed,0,0,,no_usable_pages,known,,,bd6t550890304: no usable pages in manifest.,2026-07-17T17:22:39.055526
lacharente,bd6t55089031j,,failed,0,0,,no_usable_pages,known,,,bd6t55089031j: no usable pages in manifest.,2026-07-17T17:22:39.268842
lacharente,bd6t55089032z,,failed,0,0,,no_usable_pages,known,,,bd6t55089032z: no usable pages in manifest.,2026-07-17T17:22:39.484307
lacharente,bd6t55089033c,,failed,0,0,,no_usable_pages,known,,,bd6t55089033c: no usable pages in manifest.,2026-07-17T17:22:39.777442
lacharente,bd6t55089034s,,failed,0,0,,no_usable_pages,known,,,bd6t55089034s: no usable pages in manifest.,2026-07-17T17:22:39.997609
lacharente,bd6t550890356,,failed,0,0,,no_usable_pages,known,,,bd6t550890356: no usable pages in manifest.,2026-07-17T17:22:40.282587
lacharente,bd6t55089036m,,failed,0,0,,no_usable_pages,known,,,bd6t55089036m: no usable pages in manifest.,2026-07-17T17:22:40.497122
lacharente,bd6t550890371,,failed,0,0,,no_usable_pages,known,,,bd6t550890371: no usable pages in manifest.,2026-07-17T17:22:40.724640
lacharente,bd6t55089038f,,failed,0,0,,no_usable_pages,known,,,bd6t55089038f: no usable pages in manifest.,2026-07-17T17:22:41.072339
lacharente,bd6t55089039v,,failed,0,0,,no_usable_pages,known,,,bd6t55089039v: no usable pages in manifest.,2026-07-17T17:22:41.393307
lacharente,bd6t55089040h,,failed,0,0,,no_usable_pages,known,,,bd6t55089040h: no usable pages in manifest.,2026-07-17T17:22:41.605470
lacharente,bd6t55089041x,,failed,0,0,,no_usable_pages,known,,,bd6t55089041x: no usable pages in manifest.,2026-07-17T17:22:41.773467
lacharente,bd6t55089042b,,failed,0,0,,no_usable_pages,known,,,bd6t55089042b: no usable pages in manifest.,2026-07-17T17:22:42.086938
lacharente,bd6t55089043r,,failed,0,0,,no_usable_pages,known,,,bd6t55089043r: no usable pages in manifest.,2026-07-17T17:22:42.338815
lacharente,bd6t550890445,,failed,0,0,,no_usable_pages,known,,,bd6t550890445: no usable pages in manifest.,2026-07-17T17:22:42.586567
lacharente,bd6t55089045k,,failed,0,0,,no_usable_pages,known,,,bd6t55089045k: no usable pages in manifest.,2026-07-17T17:22:42.736131
lacharente,bd6t550890460,,failed,0,0,,no_usable_pages,known,,,bd6t550890460: no usable pages in manifest.,2026-07-17T17:22:42.910246
lacharente,bd6t55089047d,,failed,0,0,,no_usable_pages,known,,,bd6t55089047d: no usable pages in manifest.,2026-07-17T17:22:43.101928
lacharente,bd6t55089048t,,failed,0,0,,no_usable_pages,known,,,bd6t55089048t: no usable pages in manifest.,2026-07-17T17:22:43.546445
lacharente,bd6t550890497,,failed,0,0,,no_usable_pages,known,,,bd6t550890497: no usable pages in manifest.,2026-07-17T17:22:44.359691
lacharente,bd6t55089050w,,failed,0,0,,no_usable_pages,known,,,bd6t55089050w: no usable pages in manifest.,2026-07-17T17:22:44.576876
lacharente,bd6t550890519,,failed,0,0,,no_usable_pages,known,,,bd6t550890519: no usable pages in manifest.,2026-07-17T17:22:44.776398
lacharente,bd6t55089052q,,failed,0,0,,no_usable_pages,known,,,bd6t55089052q: no usable pages in manifest.,2026-07-17T17:22:45.210763
lacharente,bd6t550890534,,failed,0,0,,no_usable_pages,known,,,bd6t550890534: no usable pages in manifest.,2026-07-17T17:22:45.560232
lacharente,bd6t55089054j,,failed,0,0,,no_usable_pages,known,,,bd6t55089054j: no usable pages in manifest.,2026-07-17T17:22:45.791755
lacharente,bd6t55089055z,,failed,0,0,,no_usable_pages,known,,,bd6t55089055z: no usable pages in manifest.,2026-07-17T17:22:45.960161
lacharente,bd6t55089056c,,failed,0,0,,no_usable_pages,known,,,bd6t55089056c: no usable pages in manifest.,2026-07-17T17:22:46.222393
lacharente,bd6t55089057s,,failed,0,0,,no_usable_pages,known,,,bd6t55089057s: no usable pages in manifest.,2026-07-17T17:22:46.476179
lacharente,bd6t550890586,,failed,0,0,,no_usable_pages,known,,,bd6t550890586: no usable pages in manifest.,2026-07-17T17:22:46.681590
lacharente,bd6t55089059m,,failed,0,0,,no_usable_pages,known,,,bd6t55089059m: no usable pages in manifest.,2026-07-17T17:22:46.845365
lacharente,bd6t550890608,,failed,0,0,,no_usable_pages,known,,,bd6t550890608: no usable pages in manifest.,2026-07-17T17:22:46.996277
lacharente,bd6t550890623,,failed,0,0,,no_usable_pages,known,,,bd6t550890623: no usable pages in manifest.,2026-07-17T17:22:47.293866
lacharente,bd6t55089063h,,failed,0,0,,no_usable_pages,known,,,bd6t55089063h: no usable pages in manifest.,2026-07-17T17:22:47.596279
lacharente,bd6t55089064x,,failed,0,0,,no_usable_pages,known,,,bd6t55089064x: no usable pages in manifest.,2026-07-17T17:22:47.766740
lacharente,bd6t55089065b,,failed,0,0,,no_usable_pages,known,,,bd6t55089065b: no usable pages in manifest.,2026-07-17T17:22:47.959877
lacharente,bd6t55089066r,,failed,0,0,,no_usable_pages,known,,,bd6t55089066r: no usable pages in manifest.,2026-07-17T17:22:48.131317
lacharente,bd6t550890675,,failed,0,0,,no_usable_pages,known,,,bd6t550890675: no usable pages in manifest.,2026-07-17T17:22:48.388755
lacharente,bd6t55089068k,,failed,0,0,,no_usable_pages,known,,,bd6t55089068k: no usable pages in manifest.,2026-07-17T17:22:48.628605
lacharente,bd6t550890690,,failed,0,0,,no_usable_pages,known,,,bd6t550890690: no usable pages in manifest.,2026-07-17T17:22:48.785994
lacharente,bd6t55089070n,,failed,0,0,,no_usable_pages,known,,,bd6t55089070n: no usable pages in manifest.,2026-07-17T17:22:48.955130
lacharente,bd6t550890712,,failed,0,0,,no_usable_pages,known,,,bd6t550890712: no usable pages in manifest.,2026-07-17T17:22:49.078875
lacharente,bd6t55089072g,,failed,0,0,,no_usable_pages,known,,,bd6t55089072g: no usable pages in manifest.,2026-07-17T17:22:49.196830
lacharente,bd6t55089073w,,failed,0,0,,no_usable_pages,known,,,bd6t55089073w: no usable pages in manifest.,2026-07-17T17:22:49.440447
lacharente,bd6t550890749,,failed,0,0,,no_usable_pages,known,,,bd6t550890749: no usable pages in manifest.,2026-07-17T17:22:50.107733
lacharente,bd6t55089075q,,failed,0,0,,no_usable_pages,known,,,bd6t55089075q: no usable pages in manifest.,2026-07-17T17:22:50.637878
lacharente,bd6t550890764,,failed,0,0,,no_usable_pages,known,,,bd6t550890764: no usable pages in manifest.,2026-07-17T17:22:50.826454
lacharente,bd6t55089077j,,failed,0,0,,no_usable_pages,known,,,bd6t55089077j: no usable pages in manifest.,2026-07-17T17:22:50.980587
lacharente,bd6t55089078z,,failed,0,0,,no_usable_pages,known,,,bd6t55089078z: no usable pages in manifest.,2026-07-17T17:22:51.150324
lacharente,bd6t55089079c,,failed,0,0,,no_usable_pages,known,,,bd6t55089079c: no usable pages in manifest.,2026-07-17T17:22:51.309584
lacharente,bd6t550890801,,failed,0,0,,no_usable_pages,known,,,bd6t550890801: no usable pages in manifest.,2026-07-17T17:22:51.443714
lacharente,bd6t55089081f,,failed,0,0,,no_usable_pages,known,,,bd6t55089081f: no usable pages in manifest.,2026-07-17T17:22:51.758934
lacharente,bd6t55089082v,,failed,0,0,,no_usable_pages,known,,,bd6t55089082v: no usable pages in manifest.,2026-07-17T17:22:51.986347
lacharente,bd6t550890838,,failed,0,0,,no_usable_pages,known,,,bd6t550890838: no usable pages in manifest.,2026-07-17T17:22:52.199550
lacharente,bd6t55089084p,,failed,0,0,,no_usable_pages,known,,,bd6t55089084p: no usable pages in manifest.,2026-07-17T17:22:52.494711
lacharente,bd6t55089061p,,failed,0,0,,no_usable_pages,known,,,bd6t55089061p: no usable pages in manifest.,2026-07-17T17:22:52.722216
lacharente,bd6t550890853,,failed,0,0,,no_usable_pages,known,,,bd6t550890853: no usable pages in manifest.,2026-07-17T17:22:53.078858
lacharente,bd6t55089086h,,failed,0,0,,no_usable_pages,known,,,bd6t55089086h: no usable pages in manifest.,2026-07-17T17:22:53.261077
lacharente,bd6t55089087x,,failed,0,0,,no_usable_pages,known,,,bd6t55089087x: no usable pages in manifest.,2026-07-17T17:22:53.605330
lacharente,bd6t55089088b,,failed,0,0,,no_usable_pages,known,,,bd6t55089088b: no usable pages in manifest.,2026-07-17T17:22:53.812060
lacharente,bd6t55089089r,,failed,0,0,,no_usable_pages,known,,,bd6t55089089r: no usable pages in manifest.,2026-07-17T17:22:54.063696
lacharente,bd6t55089090d,,failed,0,0,,no_usable_pages,known,,,bd6t55089090d: no usable pages in manifest.,2026-07-17T17:22:54.281922
lacharente,bd6t55089091t,,failed,0,0,,no_usable_pages,known,,,bd6t55089091t: no usable pages in manifest.,2026-07-17T17:22:54.448173
lacharente,bd6t550890927,,failed,0,0,,no_usable_pages,known,,,bd6t550890927: no usable pages in manifest.,2026-07-17T17:22:54.667155
lacharente,bd6t55089093n,,failed,0,0,,no_usable_pages,known,,,bd6t55089093n: no usable pages in manifest.,2026-07-17T17:22:54.872005
lacharente,bd6t550890942,,failed,0,0,,no_usable_pages,known,,,bd6t550890942: no usable pages in manifest.,2026-07-17T17:22:55.059388
lacharente,bd6t55089095g,,failed,0,0,,no_usable_pages,known,,,bd6t55089095g: no usable pages in manifest.,2026-07-17T17:22:56.032256
lacharente,bd6t55089096w,,failed,0,0,,no_usable_pages,known,,,bd6t55089096w: no usable pages in manifest.,2026-07-17T17:22:56.683296
lacharente,bd6t550890979,,failed,0,0,,no_usable_pages,known,,,bd6t550890979: no usable pages in manifest.,2026-07-17T17:22:56.871719
lacharente,bd6t55089098q,,failed,0,0,,no_usable_pages,known,,,bd6t55089098q: no usable pages in manifest.,2026-07-17T17:22:57.088263
lacharente,bd6t550890994,,failed,0,0,,no_usable_pages,known,,,bd6t550890994: no usable pages in manifest.,2026-07-17T17:22:57.318320
lacharente,bd6t55089100b,,failed,0,0,,no_usable_pages,known,,,bd6t55089100b: no usable pages in manifest.,2026-07-17T17:22:57.485861
lacharente,bd6t55089101r,,failed,0,0,,no_usable_pages,known,,,bd6t55089101r: no usable pages in manifest.,2026-07-17T17:22:57.729063
lacharente,bd6t550891025,,failed,0,0,,no_usable_pages,known,,,bd6t550891025: no usable pages in manifest.,2026-07-17T17:22:57.930735
lacharente,bd6t55089103k,,failed,0,0,,no_usable_pages,known,,,bd6t55089103k: no usable pages in manifest.,2026-07-17T17:22:58.101274
lacharente,bd6t550891040,,failed,0,0,,no_usable_pages,known,,,bd6t550891040: no usable pages in manifest.,2026-07-17T17:22:58.277003
lacharente,bd6t55089105d,,failed,0,0,,no_usable_pages,known,,,bd6t55089105d: no usable pages in manifest.,2026-07-17T17:22:58.424605
lacharente,bd6t55089106t,,failed,0,0,,no_usable_pages,known,,,bd6t55089106t: no usable pages in manifest.,2026-07-17T17:22:58.621543
lacharente,bd6t550891077,,failed,0,0,,no_usable_pages,known,,,bd6t550891077: no usable pages in manifest.,2026-07-17T17:22:58.822992
lacharente,bd6t55089108n,,failed,0,0,,no_usable_pages,known,,,bd6t55089108n: no usable pages in manifest.,2026-07-17T17:22:59.025707
lacharente,bd6t550891092,,failed,0,0,,no_usable_pages,known,,,bd6t550891092: no usable pages in manifest.,2026-07-17T17:22:59.137464
lacharente,bd6t55089110q,,failed,0,0,,no_usable_pages,known,,,bd6t55089110q: no usable pages in manifest.,2026-07-17T17:22:59.281398
lacharente,bd6t550891114,,failed,0,0,,no_usable_pages,known,,,bd6t550891114: no usable pages in manifest.,2026-07-17T17:22:59.404439
lacharente,bd6t55089112j,,failed,0,0,,no_usable_pages,known,,,bd6t55089112j: no usable pages in manifest.,2026-07-17T17:22:59.559849
lacharente,bd6t55089113z,,failed,0,0,,no_usable_pages,known,,,bd6t55089113z: no usable pages in manifest.,2026-07-17T17:22:59.777581
lacharente,bd6t55089114c,,failed,0,0,,no_usable_pages,known,,,bd6t55089114c: no usable pages in manifest.,2026-07-17T17:22:59.924197
lacharente,bd6t55089115s,,failed,0,0,,no_usable_pages,known,,,bd6t55089115s: no usable pages in manifest.,2026-07-17T17:23:00.129084
lacharente,bd6t550891166,,failed,0,0,,no_usable_pages,known,,,bd6t550891166: no usable pages in manifest.,2026-07-17T17:23:00.301617
lacharente,bd6t55089117m,,failed,0,0,,no_usable_pages,known,,,bd6t55089117m: no usable pages in manifest.,2026-07-17T17:23:00.465760
lacharente,bd6t550891181,,failed,0,0,,no_usable_pages,known,,,bd6t550891181: no usable pages in manifest.,2026-07-17T17:23:00.631817
lacharente,bd6t55089119f,,failed,0,0,,no_usable_pages,known,,,bd6t55089119f: no usable pages in manifest.,2026-07-17T17:23:00.918892
lacharente,bd6t550891203,,failed,0,0,,no_usable_pages,known,,,bd6t550891203: no usable pages in manifest.,2026-07-17T17:23:01.160741
lacharente,bd6t55089121h,,failed,0,0,,no_usable_pages,known,,,bd6t55089121h: no usable pages in manifest.,2026-07-17T17:23:01.323620
lacharente,bd6t55089122x,,failed,0,0,,no_usable_pages,known,,,bd6t55089122x: no usable pages in manifest.,2026-07-17T17:23:01.616410
lacharente,bd6t55089123b,,failed,0,0,,no_usable_pages,known,,,bd6t55089123b: no usable pages in manifest.,2026-07-17T17:23:02.531189
lacharente,bd6t55089124r,,failed,0,0,,no_usable_pages,known,,,bd6t55089124r: no usable pages in manifest.,2026-07-17T17:23:02.679984
lacharente,bd6t550891255,,failed,0,0,,no_usable_pages,known,,,bd6t550891255: no usable pages in manifest.,2026-07-17T17:23:02.846393
lacharente,bd6t55089126k,,failed,0,0,,no_usable_pages,known,,,bd6t55089126k: no usable pages in manifest.,2026-07-17T17:23:03.006180
lacharente,bd6t550891270,,failed,0,0,,no_usable_pages,known,,,bd6t550891270: no usable pages in manifest.,2026-07-17T17:23:03.170604
lacharente,bd6t55089128d,,failed,0,0,,no_usable_pages,known,,,bd6t55089128d: no usable pages in manifest.,2026-07-17T17:23:03.332720
lacharente,bd6t55089129t,,failed,0,0,,no_usable_pages,known,,,bd6t55089129t: no usable pages in manifest.,2026-07-17T17:23:03.509387
lacharente,bd6t55089130g,,failed,0,0,,no_usable_pages,known,,,bd6t55089130g: no usable pages in manifest.,2026-07-17T17:23:03.685614
lacharente,bd6t55089131w,,failed,0,0,,no_usable_pages,known,,,bd6t55089131w: no usable pages in manifest.,2026-07-17T17:23:03.945027
lacharente,bd6t550891329,,failed,0,0,,no_usable_pages,known,,,bd6t550891329: no usable pages in manifest.,2026-07-17T17:23:04.095849
lacharente,bd6t55089133q,,failed,0,0,,no_usable_pages,known,,,bd6t55089133q: no usable pages in manifest.,2026-07-17T17:23:04.337169
lacharente,bd6t550891344,,failed,0,0,,no_usable_pages,known,,,bd6t550891344: no usable pages in manifest.,2026-07-17T17:23:04.578365
lacharente,bd6t55089135j,,failed,0,0,,no_usable_pages,known,,,bd6t55089135j: no usable pages in manifest.,2026-07-17T17:23:04.732874
lacharente,bd6t55089136z,,failed,0,0,,no_usable_pages,known,,,bd6t55089136z: no usable pages in manifest.,2026-07-17T17:23:04.971470
lacharente,bd6t55089137c,,failed,0,0,,no_usable_pages,known,,,bd6t55089137c: no usable pages in manifest.,2026-07-17T17:23:05.195089
lacharente,bd6t55089138s,,failed,0,0,,no_usable_pages,known,,,bd6t55089138s: no usable pages in manifest.,2026-07-17T17:23:05.435905
lacharente,bd6t550891396,,failed,0,0,,no_usable_pages,known,,,bd6t550891396: no usable pages in manifest.,2026-07-17T17:23:05.827632
lacharente,bd6t55089140v,,failed,0,0,,no_usable_pages,known,,,bd6t55089140v: no usable pages in manifest.,2026-07-17T17:23:06.045832
lacharente,bd6t550891418,,failed,0,0,,no_usable_pages,known,,,bd6t550891418: no usable pages in manifest.,2026-07-17T17:23:06.414542
lacharente,bd6t55089142p,,failed,0,0,,no_usable_pages,known,,,bd6t55089142p: no usable pages in manifest.,2026-07-17T17:23:07.199817
lacharente,bd6t550891433,,failed,0,0,,no_usable_pages,known,,,bd6t550891433: no usable pages in manifest.,2026-07-17T17:23:08.044920
lacharente,bd6t55089144h,,failed,0,0,,no_usable_pages,known,,,bd6t55089144h: no usable pages in manifest.,2026-07-17T17:23:08.392475
lacharente,bd6t55089145x,,failed,0,0,,no_usable_pages,known,,,bd6t55089145x: no usable pages in manifest.,2026-07-17T17:23:08.635284
lacharente,bd6t55089146b,,failed,0,0,,no_usable_pages,known,,,bd6t55089146b: no usable pages in manifest.,2026-07-17T17:23:08.824645
lacharente,bd6t55089147r,,failed,0,0,,no_usable_pages,known,,,bd6t55089147r: no usable pages in manifest.,2026-07-17T17:23:09.040975
lacharente,bd6t550891485,,failed,0,0,,no_usable_pages,known,,,bd6t550891485: no usable pages in manifest.,2026-07-17T17:23:09.163910
lacharente,bd6t55089149k,,failed,0,0,,no_usable_pages,known,,,bd6t55089149k: no usable pages in manifest.,2026-07-17T17:23:09.370688
lacharente,bd6t550891507,,failed,0,0,,no_usable_pages,known,,,bd6t550891507: no usable pages in manifest.,2026-07-17T17:23:09.545933
lacharente,bd6t55089151n,,failed,0,0,,no_usable_pages,known,,,bd6t55089151n: no usable pages in manifest.,2026-07-17T17:23:09.690587
lacharente,bd6t550891522,,failed,0,0,,no_usable_pages,known,,,bd6t550891522: no usable pages in manifest.,2026-07-17T17:23:09.871004
lacharente,bd6t55089153g,,failed,0,0,,no_usable_pages,known,,,bd6t55089153g: no usable pages in manifest.,2026-07-17T17:23:09.985748
lacharente,bd6t55089154w,,failed,0,0,,no_usable_pages,known,,,bd6t55089154w: no usable pages in manifest.,2026-07-17T17:23:10.176944
lacharente,bd6t550891559,,failed,0,0,,no_usable_pages,known,,,bd6t550891559: no usable pages in manifest.,2026-07-17T17:23:10.532318
lacharente,bd6t55089156q,,failed,0,0,,no_usable_pages,known,,,bd6t55089156q: no usable pages in manifest.,2026-07-17T17:23:10.698750
lacharente,bd6t550891574,,failed,0,0,,no_usable_pages,known,,,bd6t550891574: no usable pages in manifest.,2026-07-17T17:23:10.861622
lacharente,bd6t55089158j,,failed,0,0,,no_usable_pages,known,,,bd6t55089158j: no usable pages in manifest.,2026-07-17T17:23:11.064235
lacharente,bd6t55089159z,,failed,0,0,,no_usable_pages,known,,,bd6t55089159z: no usable pages in manifest.,2026-07-17T17:23:11.220303
lacharente,bd6t55089160m,,failed,0,0,,no_usable_pages,known,,,bd6t55089160m: no usable pages in manifest.,2026-07-17T17:23:11.337433
lacharente,bd6t550891611,,failed,0,0,,no_usable_pages,known,,,bd6t550891611: no usable pages in manifest.,2026-07-17T17:23:11.630517
lacharente,bd6t55089162f,,failed,0,0,,no_usable_pages,known,,,bd6t55089162f: no usable pages in manifest.,2026-07-17T17:23:11.898277
lacharente,bd6t55089163v,,failed,0,0,,no_usable_pages,known,,,bd6t55089163v: no usable pages in manifest.,2026-07-17T17:23:12.093672
lacharente,bd6t550891648,,failed,0,0,,no_usable_pages,known,,,bd6t550891648: no usable pages in manifest.,2026-07-17T17:23:12.294261
lacharente,bd6t55089165p,,failed,0,0,,no_usable_pages,known,,,bd6t55089165p: no usable pages in manifest.,2026-07-17T17:23:12.542642
lacharente,bd6t550891663,,failed,0,0,,no_usable_pages,known,,,bd6t550891663: no usable pages in manifest.,2026-07-17T17:23:13.017391
lacharente,bd6t55089167h,,failed,0,0,,no_usable_pages,known,,,bd6t55089167h: no usable pages in manifest.,2026-07-17T17:23:13.991697
lacharente,bd6t55089168x,,failed,0,0,,no_usable_pages,known,,,bd6t55089168x: no usable pages in manifest.,2026-07-17T17:23:14.228302
lacharente,bd6t55089169b,,failed,0,0,,no_usable_pages,known,,,bd6t55089169b: no usable pages in manifest.,2026-07-17T17:23:14.464599
lacharente,bd6t550891700,,failed,0,0,,no_usable_pages,known,,,bd6t550891700: no usable pages in manifest.,2026-07-17T17:23:14.669064
lacharente,bd6t55089171d,,failed,0,0,,no_usable_pages,known,,,bd6t55089171d: no usable pages in manifest.,2026-07-17T17:23:15.176323
lacharente,bd6t55089172t,,failed,0,0,,no_usable_pages,known,,,bd6t55089172t: no usable pages in manifest.,2026-07-17T17:23:15.417211
lacharente,bd6t550891737,,failed,0,0,,no_usable_pages,known,,,bd6t550891737: no usable pages in manifest.,2026-07-17T17:23:15.637286
lacharente,bd6t55089174n,,failed,0,0,,no_usable_pages,known,,,bd6t55089174n: no usable pages in manifest.,2026-07-17T17:23:15.848648
lacharente,bd6t550891752,,failed,0,0,,no_usable_pages,known,,,bd6t550891752: no usable pages in manifest.,2026-07-17T17:23:16.163569
lacharente,bd6t55089176g,,failed,0,0,,no_usable_pages,known,,,bd6t55089176g: no usable pages in manifest.,2026-07-17T17:23:16.453340
lacharente,bd6t55089177w,,failed,0,0,,no_usable_pages,known,,,bd6t55089177w: no usable pages in manifest.,2026-07-17T17:23:16.695437
lacharente,bd6t550891789,,failed,0,0,,no_usable_pages,known,,,bd6t550891789: no usable pages in manifest.,2026-07-17T17:23:16.937855
lacharente,bd6t55089179q,,failed,0,0,,no_usable_pages,known,,,bd6t55089179q: no usable pages in manifest.,2026-07-17T17:23:17.254515
lacharente,bd6t55089180c,,failed,0,0,,no_usable_pages,known,,,bd6t55089180c: no usable pages in manifest.,2026-07-17T17:23:17.533556
lacharente,bd6t55089181s,,failed,0,0,,no_usable_pages,known,,,bd6t55089181s: no usable pages in manifest.,2026-07-17T17:23:17.714520
lacharente,bd6t550891826,,failed,0,0,,no_usable_pages,known,,,bd6t550891826: no usable pages in manifest.,2026-07-17T17:23:17.911464
lacharente,bd6t55089183m,,failed,0,0,,no_usable_pages,known,,,bd6t55089183m: no usable pages in manifest.,2026-07-17T17:23:18.076458
lacharente,bd6t550891841,,failed,0,0,,no_usable_pages,known,,,bd6t550891841: no usable pages in manifest.,2026-07-17T17:23:18.374465
lacharente,bd6t55089185f,,failed,0,0,,no_usable_pages,known,,,bd6t55089185f: no usable pages in manifest.,2026-07-17T17:23:18.614063
lacharente,bd6t55089186v,,failed,0,0,,no_usable_pages,known,,,bd6t55089186v: no usable pages in manifest.,2026-07-17T17:23:18.762003
lacharente,bd6t550891878,,failed,0,0,,no_usable_pages,known,,,bd6t550891878: no usable pages in manifest.,2026-07-17T17:23:19.089512
lacharente,bd6t55089188p,,failed,0,0,,no_usable_pages,known,,,bd6t55089188p: no usable pages in manifest.,2026-07-17T17:23:19.996227
lacharente,bd6t550891893,,failed,0,0,,no_usable_pages,known,,,bd6t550891893: no usable pages in manifest.,2026-07-17T17:23:20.242230
lacharente,bd6t55089190r,,failed,0,0,,no_usable_pages,known,,,bd6t55089190r: no usable pages in manifest.,2026-07-17T17:23:20.421225
lacharente,bd6t550891915,,failed,0,0,,no_usable_pages,known,,,bd6t550891915: no usable pages in manifest.,2026-07-17T17:23:20.746982
lacharente,bd6t55089192k,,failed,0,0,,no_usable_pages,known,,,bd6t55089192k: no usable pages in manifest.,2026-07-17T17:23:21.033655
lacharente,bd6t550891930,,failed,0,0,,no_usable_pages,known,,,bd6t550891930: no usable pages in manifest.,2026-07-17T17:23:21.209369
lacharente,bd6t55089194d,,failed,0,0,,no_usable_pages,known,,,bd6t55089194d: no usable pages in manifest.,2026-07-17T17:23:21.363512
lacharente,bd6t55089195t,,failed,0,0,,no_usable_pages,known,,,bd6t55089195t: no usable pages in manifest.,2026-07-17T17:23:21.489399
lacharente,bd6t550891967,,failed,0,0,,no_usable_pages,known,,,bd6t550891967: no usable pages in manifest.,2026-07-17T17:23:21.655691
lacharente,bd6t55089197n,,failed,0,0,,no_usable_pages,known,,,bd6t55089197n: no usable pages in manifest.,2026-07-17T17:23:21.827917
lacharente,bd6t550891982,,failed,0,0,,no_usable_pages,known,,,bd6t550891982: no usable pages in manifest.,2026-07-17T17:23:22.109009
lacharente,bd6t55089199g,,failed,0,0,,no_usable_pages,known,,,bd6t55089199g: no usable pages in manifest.,2026-07-17T17:23:22.306977
lacharente,bd6t55089200p,,failed,0,0,,no_usable_pages,known,,,bd6t55089200p: no usable pages in manifest.,2026-07-17T17:23:22.440292
lacharente,bd6t550892013,,failed,0,0,,no_usable_pages,known,,,bd6t550892013: no usable pages in manifest.,2026-07-17T17:23:22.613592
lacharente,bd6t55089202h,,failed,0,0,,no_usable_pages,known,,,bd6t55089202h: no usable pages in manifest.,2026-07-17T17:23:22.776014
lacharente,bd6t55089203x,,failed,0,0,,no_usable_pages,known,,,bd6t55089203x: no usable pages in manifest.,2026-07-17T17:23:22.940529
lacharente,bd6t55089204b,,failed,0,0,,no_usable_pages,known,,,bd6t55089204b: no usable pages in manifest.,2026-07-17T17:23:23.283327
lacharente,bd6t55089205r,,failed,0,0,,no_usable_pages,known,,,bd6t55089205r: no usable pages in manifest.,2026-07-17T17:23:23.446671
lacharente,bd6t550892065,,failed,0,0,,no_usable_pages,known,,,bd6t550892065: no usable pages in manifest.,2026-07-17T17:23:23.591123
lacharente,bd6t55089207k,,failed,0,0,,no_usable_pages,known,,,bd6t55089207k: no usable pages in manifest.,2026-07-17T17:23:23.765854
lacharente,bd6t550892080,,failed,0,0,,no_usable_pages,known,,,bd6t550892080: no usable pages in manifest.,2026-07-17T17:23:24.049090
lacharente,bd6t55089209d,,failed,0,0,,no_usable_pages,known,,,bd6t55089209d: no usable pages in manifest.,2026-07-17T17:23:24.274485
lacharente,bd6t550892102,,failed,0,0,,no_usable_pages,known,,,bd6t550892102: no usable pages in manifest.,2026-07-17T17:23:24.477427
lacharente,bd6t55089211g,,failed,0,0,,no_usable_pages,known,,,bd6t55089211g: no usable pages in manifest.,2026-07-17T17:23:24.596756
lacharente,bd6t55089212w,,failed,0,0,,no_usable_pages,known,,,bd6t55089212w: no usable pages in manifest.,2026-07-17T17:23:24.700535
lacharente,bd6t550892139,,failed,0,0,,no_usable_pages,known,,,bd6t550892139: no usable pages in manifest.,2026-07-17T17:23:24.916029
lacharente,bd6t55089214q,,failed,0,0,,no_usable_pages,known,,,bd6t55089214q: no usable pages in manifest.,2026-07-17T17:23:25.683544
lacharente,bd6t550892154,,failed,0,0,,no_usable_pages,known,,,bd6t550892154: no usable pages in manifest.,2026-07-17T17:23:26.296255
lacharente,bd6t55089216j,,failed,0,0,,no_usable_pages,known,,,bd6t55089216j: no usable pages in manifest.,2026-07-17T17:23:26.521394
lacharente,bd6t55089217z,,failed,0,0,,no_usable_pages,known,,,bd6t55089217z: no usable pages in manifest.,2026-07-17T17:23:26.724371
lacharente,bd6t55089218c,,failed,0,0,,no_usable_pages,known,,,bd6t55089218c: no usable pages in manifest.,2026-07-17T17:23:26.889868
lacharente,bd6t55089219s,,failed,0,0,,no_usable_pages,known,,,bd6t55089219s: no usable pages in manifest.,2026-07-17T17:23:27.013921
lacharente,bd6t55089220f,,failed,0,0,,no_usable_pages,known,,,bd6t55089220f: no usable pages in manifest.,2026-07-17T17:23:27.222345
lacharente,bd6t55089221v,,failed,0,0,,no_usable_pages,known,,,bd6t55089221v: no usable pages in manifest.,2026-07-17T17:23:27.475022
lacharente,bd6t550892228,,failed,0,0,,no_usable_pages,known,,,bd6t550892228: no usable pages in manifest.,2026-07-17T17:23:27.629088
lacharente,bd6t55089223p,,failed,0,0,,no_usable_pages,known,,,bd6t55089223p: no usable pages in manifest.,2026-07-17T17:23:27.804419
lacharente,bd6t550892243,,failed,0,0,,no_usable_pages,known,,,bd6t550892243: no usable pages in manifest.,2026-07-17T17:23:27.938884
lacharente,bd6t55089225h,,failed,0,0,,no_usable_pages,known,,,bd6t55089225h: no usable pages in manifest.,2026-07-17T17:23:28.116624
lacharente,bd6t55089226x,,failed,0,0,,no_usable_pages,known,,,bd6t55089226x: no usable pages in manifest.,2026-07-17T17:23:28.274250
lacharente,bd6t55089227b,,failed,0,0,,no_usable_pages,known,,,bd6t55089227b: no usable pages in manifest.,2026-07-17T17:23:28.542413
lacharente,bd6t55089228r,,failed,0,0,,no_usable_pages,known,,,bd6t55089228r: no usable pages in manifest.,2026-07-17T17:23:28.782431
lacharente,bd6t550892295,,failed,0,0,,no_usable_pages,known,,,bd6t550892295: no usable pages in manifest.,2026-07-17T17:23:28.937098
lacharente,bd6t55089230t,,failed,0,0,,no_usable_pages,known,,,bd6t55089230t: no usable pages in manifest.,2026-07-17T17:23:29.200452
lacharente,bd6t550892317,,failed,0,0,,no_usable_pages,known,,,bd6t550892317: no usable pages in manifest.,2026-07-17T17:23:29.456669
lacharente,bd6t55089232n,,failed,0,0,,no_usable_pages,known,,,bd6t55089232n: no usable pages in manifest.,2026-07-17T17:23:29.655648
lacharente,bd6t550892332,,failed,0,0,,no_usable_pages,known,,,bd6t550892332: no usable pages in manifest.,2026-07-17T17:23:29.812340
lacharente,bd6t55089234g,,failed,0,0,,no_usable_pages,known,,,bd6t55089234g: no usable pages in manifest.,2026-07-17T17:23:30.005456
lacharente,bd6t55089235w,,failed,0,0,,no_usable_pages,known,,,bd6t55089235w: no usable pages in manifest.,2026-07-17T17:23:30.209938
lacharente,bd6t550892369,,failed,0,0,,no_usable_pages,known,,,bd6t550892369: no usable pages in manifest.,2026-07-17T17:23:30.386482
lacharente,bd6t55089237q,,failed,0,0,,no_usable_pages,known,,,bd6t55089237q: no usable pages in manifest.,2026-07-17T17:23:30.704883
lacharente,bd6t55089239j,,failed,0,0,,no_usable_pages,known,,,bd6t55089239j: no usable pages in manifest.,2026-07-17T17:23:31.005508
lacharente,bd6t550892406,,failed,0,0,,no_usable_pages,known,,,bd6t550892406: no usable pages in manifest.,2026-07-17T17:23:31.573512
lacharente,bd6t55089241m,,failed,0,0,,no_usable_pages,known,,,bd6t55089241m: no usable pages in manifest.,2026-07-17T17:23:31.799631
lacharente,bd6t550892421,,failed,0,0,,no_usable_pages,known,,,bd6t550892421: no usable pages in manifest.,2026-07-17T17:23:31.971015
lacharente,bd6t55089243f,,failed,0,0,,no_usable_pages,known,,,bd6t55089243f: no usable pages in manifest.,2026-07-17T17:23:32.146127
lacharente,bd6t55089244v,,failed,0,0,,no_usable_pages,known,,,bd6t55089244v: no usable pages in manifest.,2026-07-17T17:23:32.314192
lacharente,bd6t550892458,,failed,0,0,,no_usable_pages,known,,,bd6t550892458: no usable pages in manifest.,2026-07-17T17:23:32.453184
lacharente,bd6t55089246p,,failed,0,0,,no_usable_pages,known,,,bd6t55089246p: no usable pages in manifest.,2026-07-17T17:23:32.694208
lacharente,bd6t550892473,,failed,0,0,,no_usable_pages,known,,,bd6t550892473: no usable pages in manifest.,2026-07-17T17:23:33.013371
lacharente,bd6t55089248h,,failed,0,0,,no_usable_pages,known,,,bd6t55089248h: no usable pages in manifest.,2026-07-17T17:23:33.285613
lacharente,bd6t55089249x,,failed,0,0,,no_usable_pages,known,,,bd6t55089249x: no usable pages in manifest.,2026-07-17T17:23:33.487898
lacharente,bd6t55089250k,,failed,0,0,,no_usable_pages,known,,,bd6t55089250k: no usable pages in manifest.,2026-07-17T17:23:33.661450
lacharente,bd6t550892510,,failed,0,0,,no_usable_pages,known,,,bd6t550892510: no usable pages in manifest.,2026-07-17T17:23:33.901211
lacharente,bd6t55089252d,,failed,0,0,,no_usable_pages,known,,,bd6t55089252d: no usable pages in manifest.,2026-07-17T17:23:34.128835
lacharente,bd6t55089253t,,failed,0,0,,no_usable_pages,known,,,bd6t55089253t: no usable pages in manifest.,2026-07-17T17:23:34.309560
lacharente,bd6t550892547,,failed,0,0,,no_usable_pages,known,,,bd6t550892547: no usable pages in manifest.,2026-07-17T17:23:34.450764
lacharente,bd6t55089255n,,failed,0,0,,no_usable_pages,known,,,bd6t55089255n: no usable pages in manifest.,2026-07-17T17:23:34.612500
lacharente,bd6t550892562,,failed,0,0,,no_usable_pages,known,,,bd6t550892562: no usable pages in manifest.,2026-07-17T17:23:34.818245
lacharente,bd6t55089257g,,failed,0,0,,no_usable_pages,known,,,bd6t55089257g: no usable pages in manifest.,2026-07-17T17:23:35.214517
lacharente,bd6t55089258w,,failed,0,0,,no_usable_pages,known,,,bd6t55089258w: no usable pages in manifest.,2026-07-17T17:23:35.377775
lacharente,bd6t550892599,,failed,0,0,,no_usable_pages,known,,,bd6t550892599: no usable pages in manifest.,2026-07-17T17:23:35.569815
lacharente,bd6t55089260z,,failed,0,0,,no_usable_pages,known,,,bd6t55089260z: no usable pages in manifest.,2026-07-17T17:23:35.729869
lacharente,bd6t55089261c,,failed,0,0,,no_usable_pages,known,,,bd6t55089261c: no usable pages in manifest.,2026-07-17T17:23:35.867762
lacharente,bd6t55089262s,,failed,0,0,,no_usable_pages,known,,,bd6t55089262s: no usable pages in manifest.,2026-07-17T17:23:36.072234
lacharente,bd6t550892636,,failed,0,0,,no_usable_pages,known,,,bd6t550892636: no usable pages in manifest.,2026-07-17T17:23:37.163657
lacharente,bd6t55089264m,,failed,0,0,,no_usable_pages,known,,,bd6t55089264m: no usable pages in manifest.,2026-07-17T17:23:37.820269
lacharente,bd6t550892651,,failed,0,0,,no_usable_pages,known,,,bd6t550892651: no usable pages in manifest.,2026-07-17T17:23:38.061641
lacharente,bd6t55089266f,,failed,0,0,,no_usable_pages,known,,,bd6t55089266f: no usable pages in manifest.,2026-07-17T17:23:38.248920
lacharente,bd6t55089267v,,failed,0,0,,no_usable_pages,known,,,bd6t55089267v: no usable pages in manifest.,2026-07-17T17:23:38.539909
lacharente,bd6t550892688,,failed,0,0,,no_usable_pages,known,,,bd6t550892688: no usable pages in manifest.,2026-07-17T17:23:38.908129
lacharente,bd6t55089269p,,failed,0,0,,no_usable_pages,known,,,bd6t55089269p: no usable pages in manifest.,2026-07-17T17:23:39.173257
lacharente,bd6t55089270b,,failed,0,0,,no_usable_pages,known,,,bd6t55089270b: no usable pages in manifest.,2026-07-17T17:23:39.457926
lacharente,bd6t55089271r,,failed,0,0,,no_usable_pages,known,,,bd6t55089271r: no usable pages in manifest.,2026-07-17T17:23:39.670779
lacharente,bd6t550892725,,failed,0,0,,no_usable_pages,known,,,bd6t550892725: no usable pages in manifest.,2026-07-17T17:23:40.023013
lacharente,bd6t55089273k,,failed,0,0,,no_usable_pages,known,,,bd6t55089273k: no usable pages in manifest.,2026-07-17T17:23:40.372077
lacharente,bd6t550892740,,failed,0,0,,no_usable_pages,known,,,bd6t550892740: no usable pages in manifest.,2026-07-17T17:23:40.585951
lacharente,bd6t55089275d,,failed,0,0,,no_usable_pages,known,,,bd6t55089275d: no usable pages in manifest.,2026-07-17T17:23:40.759542
lacharente,bd6t55089296k,,failed,0,0,,no_usable_pages,known,,,bd6t55089296k: no usable pages in manifest.,2026-07-17T17:23:41.098360
lacharente,bd6t55089276t,,failed,0,0,,no_usable_pages,known,,,bd6t55089276t: no usable pages in manifest.,2026-07-17T17:23:41.315311
lacharente,bd6t550892777,,failed,0,0,,no_usable_pages,known,,,bd6t550892777: no usable pages in manifest.,2026-07-17T17:23:41.424368
lacharente,bd6t55089278n,,failed,0,0,,no_usable_pages,known,,,bd6t55089278n: no usable pages in manifest.,2026-07-17T17:23:41.613428
lacharente,bd6t550892792,,failed,0,0,,no_usable_pages,known,,,bd6t550892792: no usable pages in manifest.,2026-07-17T17:23:42.006559
lacharente,bd6t55089280q,,failed,0,0,,no_usable_pages,known,,,bd6t55089280q: no usable pages in manifest.,2026-07-17T17:23:42.355663
lacharente,bd6t550892814,,failed,0,0,,no_usable_pages,known,,,bd6t550892814: no usable pages in manifest.,2026-07-17T17:23:42.519019
lacharente,bd6t55089282j,,failed,0,0,,no_usable_pages,known,,,bd6t55089282j: no usable pages in manifest.,2026-07-17T17:23:42.646403
lacharente,bd6t55089283z,,failed,0,0,,no_usable_pages,known,,,bd6t55089283z: no usable pages in manifest.,2026-07-17T17:23:42.845069
lacharente,bd6t55089284c,,failed,0,0,,no_usable_pages,known,,,bd6t55089284c: no usable pages in manifest.,2026-07-17T17:23:44.449292
lacharente,bd6t55089285s,,failed,0,0,,no_usable_pages,known,,,bd6t55089285s: no usable pages in manifest.,2026-07-17T17:23:44.643796
lacharente,bd6t550892866,,failed,0,0,,no_usable_pages,known,,,bd6t550892866: no usable pages in manifest.,2026-07-17T17:23:44.892350
lacharente,bd6t55089287m,,failed,0,0,,no_usable_pages,known,,,bd6t55089287m: no usable pages in manifest.,2026-07-17T17:23:45.187365
lacharente,bd6t550892881,,failed,0,0,,no_usable_pages,known,,,bd6t550892881: no usable pages in manifest.,2026-07-17T17:23:45.553450
lacharente,bd6t55089289f,,failed,0,0,,no_usable_pages,known,,,bd6t55089289f: no usable pages in manifest.,2026-07-17T17:23:45.738584
lacharente,bd6t550892903,,failed,0,0,,no_usable_pages,known,,,bd6t550892903: no usable pages in manifest.,2026-07-17T17:23:45.951183
lacharente,bd6t55089291h,,failed,0,0,,no_usable_pages,known,,,bd6t55089291h: no usable pages in manifest.,2026-07-17T17:23:46.239213
lacharente,bd6t55089292x,,failed,0,0,,no_usable_pages,known,,,bd6t55089292x: no usable pages in manifest.,2026-07-17T17:23:46.702824
lacharente,bd6t55089293b,,failed,0,0,,no_usable_pages,known,,,bd6t55089293b: no usable pages in manifest.,2026-07-17T17:23:46.878601
lacharente,bd6t55089294r,,failed,0,0,,no_usable_pages,known,,,bd6t55089294r: no usable pages in manifest.,2026-07-17T17:23:47.074825
lacharente,bd6t550892955,,failed,0,0,,no_usable_pages,known,,,bd6t550892955: no usable pages in manifest.,2026-07-17T17:23:47.320535
lacharente,bd6t550892970,,failed,0,0,,no_usable_pages,known,,,bd6t550892970: no usable pages in manifest.,2026-07-17T17:23:47.830604
lacharente,bd6t55089298d,,failed,0,0,,no_usable_pages,known,,,bd6t55089298d: no usable pages in manifest.,2026-07-17T17:23:48.073900
lacharente,bd6t55089299t,,failed,0,0,,no_usable_pages,known,,,bd6t55089299t: no usable pages in manifest.,2026-07-17T17:23:48.215232
lacharente,bd6t550893001,,failed,0,0,,no_usable_pages,known,,,bd6t550893001: no usable pages in manifest.,2026-07-17T17:23:48.435761
lacharente,bd6t55089301f,,failed,0,0,,no_usable_pages,known,,,bd6t55089301f: no usable pages in manifest.,2026-07-17T17:23:48.725299
lacharente,bd6t55089302v,,failed,0,0,,no_usable_pages,known,,,bd6t55089302v: no usable pages in manifest.,2026-07-17T17:23:49.202714
lacharente,bd6t550893038,,failed,0,0,,no_usable_pages,known,,,bd6t550893038: no usable pages in manifest.,2026-07-17T17:23:49.376007
lacharente,bd6t55089304p,,failed,0,0,,no_usable_pages,known,,,bd6t55089304p: no usable pages in manifest.,2026-07-17T17:23:49.650131
lacharente,bd6t550893053,,failed,0,0,,no_usable_pages,known,,,bd6t550893053: no usable pages in manifest.,2026-07-17T17:23:51.047371
lacharente,bd6t55089306h,,failed,0,0,,no_usable_pages,known,,,bd6t55089306h: no usable pages in manifest.,2026-07-17T17:23:51.681736
lacharente,bd6t55089308b,,failed,0,0,,no_usable_pages,known,,,bd6t55089308b: no usable pages in manifest.,2026-07-17T17:23:51.956237
lacharente,bd6t55089309r,,failed,0,0,,no_usable_pages,known,,,bd6t55089309r: no usable pages in manifest.,2026-07-17T17:23:52.270510
lacharente,bd6t55089310d,,failed,0,0,,no_usable_pages,known,,,bd6t55089310d: no usable pages in manifest.,2026-07-17T17:23:52.751962
lacharente,bd6t55089311t,,failed,0,0,,no_usable_pages,known,,,bd6t55089311t: no usable pages in manifest.,2026-07-17T17:23:53.058828
lacharente,bd6t550893127,,failed,0,0,,no_usable_pages,known,,,bd6t550893127: no usable pages in manifest.,2026-07-17T17:23:53.306986
lacharente,bd6t55089313n,,failed,0,0,,no_usable_pages,known,,,bd6t55089313n: no usable pages in manifest.,2026-07-17T17:23:53.494257
lacharente,bd6t550893142,,failed,0,0,,no_usable_pages,known,,,bd6t550893142: no usable pages in manifest.,2026-07-17T17:23:53.819102
lacharente,bd6t55089315g,,failed,0,0,,no_usable_pages,known,,,bd6t55089315g: no usable pages in manifest.,2026-07-17T17:23:54.026389
lacharente,bd6t55089316w,,failed,0,0,,no_usable_pages,known,,,bd6t55089316w: no usable pages in manifest.,2026-07-17T17:23:54.213519
lacharente,bd6t550893179,,failed,0,0,,no_usable_pages,known,,,bd6t550893179: no usable pages in manifest.,2026-07-17T17:23:54.404736
lacharente,bd6t55089318q,,failed,0,0,,no_usable_pages,known,,,bd6t55089318q: no usable pages in manifest.,2026-07-17T17:23:54.525405
lacharente,bd6t550893194,,failed,0,0,,no_usable_pages,known,,,bd6t550893194: no usable pages in manifest.,2026-07-17T17:23:54.812277
lacharente,bd6t55089320s,,failed,0,0,,no_usable_pages,known,,,bd6t55089320s: no usable pages in manifest.,2026-07-17T17:23:54.930410
lacharente,bd6t550893216,,failed,0,0,,no_usable_pages,known,,,bd6t550893216: no usable pages in manifest.,2026-07-17T17:23:55.115664
lacharente,bd6t55089322m,,failed,0,0,,no_usable_pages,known,,,bd6t55089322m: no usable pages in manifest.,2026-07-17T17:23:55.330199
lacharente,bd6t550893231,,failed,0,0,,no_usable_pages,known,,,bd6t550893231: no usable pages in manifest.,2026-07-17T17:23:55.551351
lacharente,bd6t55089324f,,failed,0,0,,no_usable_pages,known,,,bd6t55089324f: no usable pages in manifest.,2026-07-17T17:23:55.731303
lacharente,bd6t55089325v,,failed,0,0,,no_usable_pages,known,,,bd6t55089325v: no usable pages in manifest.,2026-07-17T17:23:55.967923
lacharente,bd6t550893268,,failed,0,0,,no_usable_pages,known,,,bd6t550893268: no usable pages in manifest.,2026-07-17T17:23:56.209578
lacharente,bd6t55089327p,,failed,0,0,,no_usable_pages,known,,,bd6t55089327p: no usable pages in manifest.,2026-07-17T17:23:56.533417
lacharente,bd6t550893283,,failed,0,0,,no_usable_pages,known,,,bd6t550893283: no usable pages in manifest.,2026-07-17T17:23:57.378750
lacharente,bd6t55089329h,,failed,0,0,,no_usable_pages,known,,,bd6t55089329h: no usable pages in manifest.,2026-07-17T17:23:57.795578
lacharente,bd6t550893305,,failed,0,0,,no_usable_pages,known,,,bd6t550893305: no usable pages in manifest.,2026-07-17T17:23:58.031579
lacharente,bd6t55089331k,,failed,0,0,,no_usable_pages,known,,,bd6t55089331k: no usable pages in manifest.,2026-07-17T17:23:58.326685
lacharente,bd6t550893320,,failed,0,0,,no_usable_pages,known,,,bd6t550893320: no usable pages in manifest.,2026-07-17T17:23:58.512138
lacharente,bd6t55089333d,,failed,0,0,,no_usable_pages,known,,,bd6t55089333d: no usable pages in manifest.,2026-07-17T17:23:58.776869
lacharente,bd6t55089334t,,failed,0,0,,no_usable_pages,known,,,bd6t55089334t: no usable pages in manifest.,2026-07-17T17:23:58.945318
lacharente,bd6t550893357,,failed,0,0,,no_usable_pages,known,,,bd6t550893357: no usable pages in manifest.,2026-07-17T17:23:59.076285
lacharente,bd6t55089336n,,failed,0,0,,no_usable_pages,known,,,bd6t55089336n: no usable pages in manifest.,2026-07-17T17:23:59.235059
lacharente,bd6t550893372,,failed,0,0,,no_usable_pages,known,,,bd6t550893372: no usable pages in manifest.,2026-07-17T17:23:59.425510
lacharente,bd6t55089338g,,failed,0,0,,no_usable_pages,known,,,bd6t55089338g: no usable pages in manifest.,2026-07-17T17:23:59.586983
lacharente,bd6t55089339w,,failed,0,0,,no_usable_pages,known,,,bd6t55089339w: no usable pages in manifest.,2026-07-17T17:23:59.850855
lacharente,bd6t55089340j,,failed,0,0,,no_usable_pages,known,,,bd6t55089340j: no usable pages in manifest.,2026-07-17T17:24:00.046808
lacharente,bd6t55089341z,,failed,0,0,,no_usable_pages,known,,,bd6t55089341z: no usable pages in manifest.,2026-07-17T17:24:00.192866
lacharente,bd6t55089342c,,failed,0,0,,no_usable_pages,known,,,bd6t55089342c: no usable pages in manifest.,2026-07-17T17:24:00.359758
lacharente,bd6t55089343s,,failed,0,0,,no_usable_pages,known,,,bd6t55089343s: no usable pages in manifest.,2026-07-17T17:24:00.475368
lacharente,bd6t550893446,,failed,0,0,,no_usable_pages,known,,,bd6t550893446: no usable pages in manifest.,2026-07-17T17:24:00.644592
lacharente,bd6t55089345m,,failed,0,0,,no_usable_pages,known,,,bd6t55089345m: no usable pages in manifest.,2026-07-17T17:24:00.950628
lacharente,bd6t550893461,,failed,0,0,,no_usable_pages,known,,,bd6t550893461: no usable pages in manifest.,2026-07-17T17:24:01.130251
lacharente,bd6t55089347f,,failed,0,0,,no_usable_pages,known,,,bd6t55089347f: no usable pages in manifest.,2026-07-17T17:24:01.324521
lacharente,bd6t55089348v,,failed,0,0,,no_usable_pages,known,,,bd6t55089348v: no usable pages in manifest.,2026-07-17T17:24:01.467438
lacharente,bd6t550893498,,failed,0,0,,no_usable_pages,known,,,bd6t550893498: no usable pages in manifest.,2026-07-17T17:24:01.653749
lacharente,bd6t55089350x,,failed,0,0,,no_usable_pages,known,,,bd6t55089350x: no usable pages in manifest.,2026-07-17T17:24:01.784249
lacharente,bd6t55089351b,,failed,0,0,,no_usable_pages,known,,,bd6t55089351b: no usable pages in manifest.,2026-07-17T17:24:01.970286
lacharente,bd6t55089352r,,failed,0,0,,no_usable_pages,known,,,bd6t55089352r: no usable pages in manifest.,2026-07-17T17:24:02.195888
lacharente,bd6t550893535,,failed,0,0,,no_usable_pages,known,,,bd6t550893535: no usable pages in manifest.,2026-07-17T17:24:02.669674
lacharente,bd6t55089354k,,failed,0,0,,no_usable_pages,known,,,bd6t55089354k: no usable pages in manifest.,2026-07-17T17:24:02.818150
lacharente,bd6t550893550,,failed,0,0,,no_usable_pages,known,,,bd6t550893550: no usable pages in manifest.,2026-07-17T17:24:03.131395
lacharente,bd6t55089356d,,failed,0,0,,no_usable_pages,known,,,bd6t55089356d: no usable pages in manifest.,2026-07-17T17:24:03.383643
lacharente,bd6t55089357t,,failed,0,0,,no_usable_pages,known,,,bd6t55089357t: no usable pages in manifest.,2026-07-17T17:24:03.611223
lacharente,bd6t550893587,,failed,0,0,,no_usable_pages,known,,,bd6t550893587: no usable pages in manifest.,2026-07-17T17:24:03.738231
lacharente,bd6t55089359n,,failed,0,0,,no_usable_pages,known,,,bd6t55089359n: no usable pages in manifest.,2026-07-17T17:24:03.985893
lacharente,bd6t550893609,,failed,0,0,,no_usable_pages,known,,,bd6t550893609: no usable pages in manifest.,2026-07-17T17:24:04.180854
lacharente,bd6t55089361q,,failed,0,0,,no_usable_pages,known,,,bd6t55089361q: no usable pages in manifest.,2026-07-17T17:24:04.318153
lacharente,bd6t550893624,,failed,0,0,,no_usable_pages,known,,,bd6t550893624: no usable pages in manifest.,2026-07-17T17:24:04.488591
lacharente,bd6t55089363j,,failed,0,0,,no_usable_pages,known,,,bd6t55089363j: no usable pages in manifest.,2026-07-17T17:24:04.692115
lacharente,bd6t55089364z,,failed,0,0,,no_usable_pages,known,,,bd6t55089364z: no usable pages in manifest.,2026-07-17T17:24:04.815974
lacharente,bd6t55089365c,,failed,0,0,,no_usable_pages,known,,,bd6t55089365c: no usable pages in manifest.,2026-07-17T17:24:05.065563
lacharente,bd6t55089366s,,failed,0,0,,no_usable_pages,known,,,bd6t55089366s: no usable pages in manifest.,2026-07-17T17:24:05.256842
lacharente,bd6t550893676,,failed,0,0,,no_usable_pages,known,,,bd6t550893676: no usable pages in manifest.,2026-07-17T17:24:05.424277
lacharente,bd6t55089368m,,failed,0,0,,no_usable_pages,known,,,bd6t55089368m: no usable pages in manifest.,2026-07-17T17:24:05.589554
lacharente,bd6t550893691,,failed,0,0,,no_usable_pages,known,,,bd6t550893691: no usable pages in manifest.,2026-07-17T17:24:05.986307
lacharente,bd6t55089370p,,failed,0,0,,no_usable_pages,known,,,bd6t55089370p: no usable pages in manifest.,2026-07-17T17:24:06.323506
lacharente,bd6t550893713,,failed,0,0,,no_usable_pages,known,,,bd6t550893713: no usable pages in manifest.,2026-07-17T17:24:06.782772
lacharente,bd6t55089372h,,failed,0,0,,no_usable_pages,known,,,bd6t55089372h: no usable pages in manifest.,2026-07-17T17:24:06.963586
lacharente,bd6t55089373x,,failed,0,0,,no_usable_pages,known,,,bd6t55089373x: no usable pages in manifest.,2026-07-17T17:24:07.308145
lacharente,bd6t55089374b,,failed,0,0,,no_usable_pages,known,,,bd6t55089374b: no usable pages in manifest.,2026-07-17T17:24:08.501195
lacharente,bd6t55089375r,,failed,0,0,,no_usable_pages,known,,,bd6t55089375r: no usable pages in manifest.,2026-07-17T17:24:08.758514
lacharente,bd6t550893765,,failed,0,0,,no_usable_pages,known,,,bd6t550893765: no usable pages in manifest.,2026-07-17T17:24:08.902271
lacharente,bd6t55089377k,,failed,0,0,,no_usable_pages,known,,,bd6t55089377k: no usable pages in manifest.,2026-07-17T17:24:09.132516
lacharente,bd6t550893780,,failed,0,0,,no_usable_pages,known,,,bd6t550893780: no usable pages in manifest.,2026-07-17T17:24:09.348719
lacharente,bd6t55089379d,,failed,0,0,,no_usable_pages,known,,,bd6t55089379d: no usable pages in manifest.,2026-07-17T17:24:09.473446
lacharente,bd6t550893802,,failed,0,0,,no_usable_pages,known,,,bd6t550893802: no usable pages in manifest.,2026-07-17T17:24:09.658987
lacharente,bd6t55089381g,,failed,0,0,,no_usable_pages,known,,,bd6t55089381g: no usable pages in manifest.,2026-07-17T17:24:09.904890
lacharente,bd6t55089382w,,failed,0,0,,no_usable_pages,known,,,bd6t55089382w: no usable pages in manifest.,2026-07-17T17:24:10.032631
lacharente,bd6t550893839,,failed,0,0,,no_usable_pages,known,,,bd6t550893839: no usable pages in manifest.,2026-07-17T17:24:10.262275
lacharente,bd6t55089384q,,failed,0,0,,no_usable_pages,known,,,bd6t55089384q: no usable pages in manifest.,2026-07-17T17:24:10.510283
lacharente,bd6t550893854,,failed,0,0,,no_usable_pages,known,,,bd6t550893854: no usable pages in manifest.,2026-07-17T17:24:10.681564
lacharente,bd6t55089386j,,failed,0,0,,no_usable_pages,known,,,bd6t55089386j: no usable pages in manifest.,2026-07-17T17:24:10.835956
lacharente,bd6t55089387z,,failed,0,0,,no_usable_pages,known,,,bd6t55089387z: no usable pages in manifest.,2026-07-17T17:24:11.075427
lacharente,bd6t55089388c,,failed,0,0,,no_usable_pages,known,,,bd6t55089388c: no usable pages in manifest.,2026-07-17T17:24:11.445037
lacharente,bd6t55089389s,,failed,0,0,,no_usable_pages,known,,,bd6t55089389s: no usable pages in manifest.,2026-07-17T17:24:11.666028
lacharente,bd6t55089390f,,failed,0,0,,no_usable_pages,known,,,bd6t55089390f: no usable pages in manifest.,2026-07-17T17:24:11.884678
lacharente,bd6t55089391v,,failed,0,0,,no_usable_pages,known,,,bd6t55089391v: no usable pages in manifest.,2026-07-17T17:24:12.080199
lacharente,bd6t550893928,,failed,0,0,,no_usable_pages,known,,,bd6t550893928: no usable pages in manifest.,2026-07-17T17:24:12.272000
lacharente,bd6t55089393p,,failed,0,0,,no_usable_pages,known,,,bd6t55089393p: no usable pages in manifest.,2026-07-17T17:24:12.461008
lacharente,bd6t550893943,,failed,0,0,,no_usable_pages,known,,,bd6t550893943: no usable pages in manifest.,2026-07-17T17:24:12.793898
lacharente,bd6t55089395h,,failed,0,0,,no_usable_pages,known,,,bd6t55089395h: no usable pages in manifest.,2026-07-17T17:24:13.014020
lacharente,bd6t55089396x,,failed,0,0,,no_usable_pages,known,,,bd6t55089396x: no usable pages in manifest.,2026-07-17T17:24:13.578432
lacharente,bd6t55089397b,,failed,0,0,,no_usable_pages,known,,,bd6t55089397b: no usable pages in manifest.,2026-07-17T17:24:13.729194
lacharente,bd6t55089398r,,failed,0,0,,no_usable_pages,known,,,bd6t55089398r: no usable pages in manifest.,2026-07-17T17:24:13.967842
lacharente,bd6t550893995,,failed,0,0,,no_usable_pages,known,,,bd6t550893995: no usable pages in manifest.,2026-07-17T17:24:14.168876
lacharente,bd6t55089400c,,failed,0,0,,no_usable_pages,known,,,bd6t55089400c: no usable pages in manifest.,2026-07-17T17:24:14.442037
lacharente,bd6t55089401s,,failed,0,0,,no_usable_pages,known,,,bd6t55089401s: no usable pages in manifest.,2026-07-17T17:24:14.704363
lacharente,bd6t550894026,,failed,0,0,,no_usable_pages,known,,,bd6t550894026: no usable pages in manifest.,2026-07-17T17:24:14.910424
lacharente,bd6t55089403m,,failed,0,0,,no_usable_pages,known,,,bd6t55089403m: no usable pages in manifest.,2026-07-17T17:24:15.069728
lacharente,bd6t550894041,,failed,0,0,,no_usable_pages,known,,,bd6t550894041: no usable pages in manifest.,2026-07-17T17:24:15.212246
lacharente,bd6t55089405f,,failed,0,0,,no_usable_pages,known,,,bd6t55089405f: no usable pages in manifest.,2026-07-17T17:24:15.403209
lacharente,bd6t55089406v,,failed,0,0,,no_usable_pages,known,,,bd6t55089406v: no usable pages in manifest.,2026-07-17T17:24:15.536394
lacharente,bd6t550894078,,failed,0,0,,no_usable_pages,known,,,bd6t550894078: no usable pages in manifest.,2026-07-17T17:24:15.669662
lacharente,bd6t55089408p,,failed,0,0,,no_usable_pages,known,,,bd6t55089408p: no usable pages in manifest.,2026-07-17T17:24:15.803250
lacharente,bd6t550894093,,failed,0,0,,no_usable_pages,known,,,bd6t550894093: no usable pages in manifest.,2026-07-17T17:24:15.950721
lacharente,bd6t55089410r,,failed,0,0,,no_usable_pages,known,,,bd6t55089410r: no usable pages in manifest.,2026-07-17T17:24:16.142421
lacharente,bd6t550894115,,failed,0,0,,no_usable_pages,known,,,bd6t550894115: no usable pages in manifest.,2026-07-17T17:24:16.278521
lacharente,bd6t55089412k,,failed,0,0,,no_usable_pages,known,,,bd6t55089412k: no usable pages in manifest.,2026-07-17T17:24:16.572448
lacharente,bd6t550894130,,failed,0,0,,no_usable_pages,known,,,bd6t550894130: no usable pages in manifest.,2026-07-17T17:24:16.857833
lacharente,bd6t55089414d,,failed,0,0,,no_usable_pages,known,,,bd6t55089414d: no usable pages in manifest.,2026-07-17T17:24:17.275858
lacharente,bd6t55089415t,,failed,0,0,,no_usable_pages,known,,,bd6t55089415t: no usable pages in manifest.,2026-07-17T17:24:17.479135
lacharente,bd6t550894167,,failed,0,0,,no_usable_pages,known,,,bd6t550894167: no usable pages in manifest.,2026-07-17T17:24:17.631114
lacharente,bd6t55089417n,,failed,0,0,,no_usable_pages,known,,,bd6t55089417n: no usable pages in manifest.,2026-07-17T17:24:17.819165
lacharente,bd6t550894182,,failed,0,0,,no_usable_pages,known,,,bd6t550894182: no usable pages in manifest.,2026-07-17T17:24:17.935938
lacharente,bd6t55089419g,,failed,0,0,,no_usable_pages,known,,,bd6t55089419g: no usable pages in manifest.,2026-07-17T17:24:18.058365
lacharente,bd6t550894204,,failed,0,0,,no_usable_pages,known,,,bd6t550894204: no usable pages in manifest.,2026-07-17T17:24:18.325540
lacharente,bd6t55089421j,,failed,0,0,,no_usable_pages,known,,,bd6t55089421j: no usable pages in manifest.,2026-07-17T17:24:19.187665
lacharente,bd6t55089422z,,failed,0,0,,no_usable_pages,known,,,bd6t55089422z: no usable pages in manifest.,2026-07-17T17:24:19.368544
lacharente,bd6t55089423c,,failed,0,0,,no_usable_pages,known,,,bd6t55089423c: no usable pages in manifest.,2026-07-17T17:24:19.617258
lacharente,bd6t55089424s,,failed,0,0,,no_usable_pages,known,,,bd6t55089424s: no usable pages in manifest.,2026-07-17T17:24:19.890271
lacharente,bd6t550894256,,failed,0,0,,no_usable_pages,known,,,bd6t550894256: no usable pages in manifest.,2026-07-17T17:24:20.114371
lacharente,bd6t55089426m,,failed,0,0,,no_usable_pages,known,,,bd6t55089426m: no usable pages in manifest.,2026-07-17T17:24:20.477953
lacharente,bd6t550894271,,failed,0,0,,no_usable_pages,known,,,bd6t550894271: no usable pages in manifest.,2026-07-17T17:24:20.637393
lacharente,bd6t55089428f,,failed,0,0,,no_usable_pages,known,,,bd6t55089428f: no usable pages in manifest.,2026-07-17T17:24:20.765442
lacharente,bd6t55089429v,,failed,0,0,,no_usable_pages,known,,,bd6t55089429v: no usable pages in manifest.,2026-07-17T17:24:20.925501
lacharente,bd6t55089430h,,failed,0,0,,no_usable_pages,known,,,bd6t55089430h: no usable pages in manifest.,2026-07-17T17:24:21.059509
lacharente,bd6t55089431x,,failed,0,0,,no_usable_pages,known,,,bd6t55089431x: no usable pages in manifest.,2026-07-17T17:24:21.243555
lacharente,bd6t55089432b,,failed,0,0,,no_usable_pages,known,,,bd6t55089432b: no usable pages in manifest.,2026-07-17T17:24:21.484872
lacharente,bd6t55089433r,,failed,0,0,,no_usable_pages,known,,,bd6t55089433r: no usable pages in manifest.,2026-07-17T17:24:21.746368
lacharente,bd6t550894345,,failed,0,0,,no_usable_pages,known,,,bd6t550894345: no usable pages in manifest.,2026-07-17T17:24:21.959216
lacharente,bd6t55089435k,,failed,0,0,,no_usable_pages,known,,,bd6t55089435k: no usable pages in manifest.,2026-07-17T17:24:22.200133
lacharente,bd6t550894360,,failed,0,0,,no_usable_pages,known,,,bd6t550894360: no usable pages in manifest.,2026-07-17T17:24:22.373511
lacharente,bd6t55089437d,,failed,0,0,,no_usable_pages,known,,,bd6t55089437d: no usable pages in manifest.,2026-07-17T17:24:22.662606
lacharente,bd6t55089438t,,failed,0,0,,no_usable_pages,known,,,bd6t55089438t: no usable pages in manifest.,2026-07-17T17:24:22.830285
lacharente,bd6t550894397,,failed,0,0,,no_usable_pages,known,,,bd6t550894397: no usable pages in manifest.,2026-07-17T17:24:23.107199
lacharente,bd6t55089440w,,failed,0,0,,no_usable_pages,known,,,bd6t55089440w: no usable pages in manifest.,2026-07-17T17:24:23.385405
lacharente,bd6t550894419,,failed,0,0,,no_usable_pages,known,,,bd6t550894419: no usable pages in manifest.,2026-07-17T17:24:23.689733
lacharente,bd6t55089442q,,failed,0,0,,no_usable_pages,known,,,bd6t55089442q: no usable pages in manifest.,2026-07-17T17:24:23.891872
lacharente,bd6t550894434,,failed,0,0,,no_usable_pages,known,,,bd6t550894434: no usable pages in manifest.,2026-07-17T17:24:24.095044
lacharente,bd6t55089444j,,failed,0,0,,no_usable_pages,known,,,bd6t55089444j: no usable pages in manifest.,2026-07-17T17:24:24.350540
lacharente,bd6t55089445z,,failed,0,0,,no_usable_pages,known,,,bd6t55089445z: no usable pages in manifest.,2026-07-17T17:24:24.884194
lacharente,bd6t55089446c,,failed,0,0,,no_usable_pages,known,,,bd6t55089446c: no usable pages in manifest.,2026-07-17T17:24:25.169252
lacharente,bd6t55089447s,,failed,0,0,,no_usable_pages,known,,,bd6t55089447s: no usable pages in manifest.,2026-07-17T17:24:25.345459
lacharente,bd6t550894486,,failed,0,0,,no_usable_pages,known,,,bd6t550894486: no usable pages in manifest.,2026-07-17T17:24:25.493849
lacharente,bd6t55089449m,,failed,0,0,,no_usable_pages,known,,,bd6t55089449m: no usable pages in manifest.,2026-07-17T17:24:25.631550
lacharente,bd6t550894508,,failed,0,0,,no_usable_pages,known,,,bd6t550894508: no usable pages in manifest.,2026-07-17T17:24:25.875940
lacharente,bd6t55089451p,,failed,0,0,,no_usable_pages,known,,,bd6t55089451p: no usable pages in manifest.,2026-07-17T17:24:26.011139
lacharente,bd6t550894523,,failed,0,0,,no_usable_pages,known,,,bd6t550894523: no usable pages in manifest.,2026-07-17T17:24:26.172657
lacharente,bd6t55089453h,,failed,0,0,,no_usable_pages,known,,,bd6t55089453h: no usable pages in manifest.,2026-07-17T17:24:26.384255
lacharente,bd6t55089454x,,failed,0,0,,no_usable_pages,known,,,bd6t55089454x: no usable pages in manifest.,2026-07-17T17:24:26.611648
lacharente,bd6t55089455b,,failed,0,0,,no_usable_pages,known,,,bd6t55089455b: no usable pages in manifest.,2026-07-17T17:24:26.838109
lacharente,bd6t55089456r,,failed,0,0,,no_usable_pages,known,,,bd6t55089456r: no usable pages in manifest.,2026-07-17T17:24:27.085006
lacharente,bd6t550894575,,failed,0,0,,no_usable_pages,known,,,bd6t550894575: no usable pages in manifest.,2026-07-17T17:24:27.320778
lacharente,bd6t55089458k,,failed,0,0,,no_usable_pages,known,,,bd6t55089458k: no usable pages in manifest.,2026-07-17T17:24:27.800368
lacharente,bd6t550894590,,failed,0,0,,no_usable_pages,known,,,bd6t550894590: no usable pages in manifest.,2026-07-17T17:24:28.278614
lacharente,bd6t55089460n,,failed,0,0,,no_usable_pages,known,,,bd6t55089460n: no usable pages in manifest.,2026-07-17T17:24:28.484887
lacharente,bd6t550894612,,failed,0,0,,no_usable_pages,known,,,bd6t550894612: no usable pages in manifest.,2026-07-17T17:24:28.809255
lacharente,bd6t55089462g,,failed,0,0,,no_usable_pages,known,,,bd6t55089462g: no usable pages in manifest.,2026-07-17T17:24:28.952019
lacharente,bd6t55089463w,,failed,0,0,,no_usable_pages,known,,,bd6t55089463w: no usable pages in manifest.,2026-07-17T17:24:29.185195
lacharente,bd6t550894649,,failed,0,0,,no_usable_pages,known,,,bd6t550894649: no usable pages in manifest.,2026-07-17T17:24:29.542199
lacharente,bd6t55089465q,,failed,0,0,,no_usable_pages,known,,,bd6t55089465q: no usable pages in manifest.,2026-07-17T17:24:29.779007
lacharente,bd6t55089467j,,failed,0,0,,no_usable_pages,known,,,bd6t55089467j: no usable pages in manifest.,2026-07-17T17:24:30.031355
lacharente,bd6t55089468z,,failed,0,0,,no_usable_pages,known,,,bd6t55089468z: no usable pages in manifest.,2026-07-17T17:24:30.595067
lacharente,bd6t55089469c,,failed,0,0,,no_usable_pages,known,,,bd6t55089469c: no usable pages in manifest.,2026-07-17T17:24:31.664274
lacharente,bd6t550894701,,failed,0,0,,no_usable_pages,known,,,bd6t550894701: no usable pages in manifest.,2026-07-17T17:24:31.928870
lacharente,bd6t55089471f,,failed,0,0,,no_usable_pages,known,,,bd6t55089471f: no usable pages in manifest.,2026-07-17T17:24:32.102478
lacharente,bd6t55089472v,,failed,0,0,,no_usable_pages,known,,,bd6t55089472v: no usable pages in manifest.,2026-07-17T17:24:32.456969
lacharente,bd6t550894738,,failed,0,0,,no_usable_pages,known,,,bd6t550894738: no usable pages in manifest.,2026-07-17T17:24:32.657812
lacharente,bd6t55089474p,,failed,0,0,,no_usable_pages,known,,,bd6t55089474p: no usable pages in manifest.,2026-07-17T17:24:32.883584
lacharente,bd6t550894753,,failed,0,0,,no_usable_pages,known,,,bd6t550894753: no usable pages in manifest.,2026-07-17T17:24:33.121569
lacharente,bd6t55089476h,,failed,0,0,,no_usable_pages,known,,,bd6t55089476h: no usable pages in manifest.,2026-07-17T17:24:33.345318
lacharente,bd6t55089477x,,failed,0,0,,no_usable_pages,known,,,bd6t55089477x: no usable pages in manifest.,2026-07-17T17:24:33.619815
lacharente,bd6t55089478b,,failed,0,0,,no_usable_pages,known,,,bd6t55089478b: no usable pages in manifest.,2026-07-17T17:24:33.857765
lacharente,bd6t55089479r,,failed,0,0,,no_usable_pages,known,,,bd6t55089479r: no usable pages in manifest.,2026-07-17T17:24:33.974581
lacharente,bd6t55089480d,,failed,0,0,,no_usable_pages,known,,,bd6t55089480d: no usable pages in manifest.,2026-07-17T17:24:34.147974
lacharente,bd6t55089481t,,failed,0,0,,no_usable_pages,known,,,bd6t55089481t: no usable pages in manifest.,2026-07-17T17:24:34.349032
lacharente,bd6t550894827,,failed,0,0,,no_usable_pages,known,,,bd6t550894827: no usable pages in manifest.,2026-07-17T17:24:34.789507
lacharente,bd6t55089483n,,failed,0,0,,no_usable_pages,known,,,bd6t55089483n: no usable pages in manifest.,2026-07-17T17:24:35.054466
lacharente,bd6t550894664,,failed,0,0,,no_usable_pages,known,,,bd6t550894664: no usable pages in manifest.,2026-07-17T17:24:35.429398
lacharente,bd6t550894842,,failed,0,0,,no_usable_pages,known,,,bd6t550894842: no usable pages in manifest.,2026-07-17T17:24:35.613351
lacharente,bd6t55089485g,,failed,0,0,,no_usable_pages,known,,,bd6t55089485g: no usable pages in manifest.,2026-07-17T17:24:35.787616
lacharente,bd6t55089486w,,failed,0,0,,no_usable_pages,known,,,bd6t55089486w: no usable pages in manifest.,2026-07-17T17:24:35.943240
lacharente,bd6t550894879,,failed,0,0,,no_usable_pages,known,,,bd6t550894879: no usable pages in manifest.,2026-07-17T17:24:36.164415
lacharente,bd6t55089488q,,failed,0,0,,no_usable_pages,known,,,bd6t55089488q: no usable pages in manifest.,2026-07-17T17:24:36.874479
lacharente,bd6t550894894,,failed,0,0,,no_usable_pages,known,,,bd6t550894894: no usable pages in manifest.,2026-07-17T17:24:37.552328
lacharente,bd6t55089490s,,failed,0,0,,no_usable_pages,known,,,bd6t55089490s: no usable pages in manifest.,2026-07-17T17:24:37.711450
lacharente,bd6t550894916,,failed,0,0,,no_usable_pages,known,,,bd6t550894916: no usable pages in manifest.,2026-07-17T17:24:38.017127
lacharente,bd6t55089492m,,failed,0,0,,no_usable_pages,known,,,bd6t55089492m: no usable pages in manifest.,2026-07-17T17:24:38.137480
lacharente,bd6t550894931,,failed,0,0,,no_usable_pages,known,,,bd6t550894931: no usable pages in manifest.,2026-07-17T17:24:38.451737
lacharente,bd6t55089494f,,failed,0,0,,no_usable_pages,known,,,bd6t55089494f: no usable pages in manifest.,2026-07-17T17:24:38.619842
lacharente,bd6t55089495v,,failed,0,0,,no_usable_pages,known,,,bd6t55089495v: no usable pages in manifest.,2026-07-17T17:24:38.816352
lacharente,bd6t550894968,,failed,0,0,,no_usable_pages,known,,,bd6t550894968: no usable pages in manifest.,2026-07-17T17:24:38.974181
lacharente,bd6t55089497p,,failed,0,0,,no_usable_pages,known,,,bd6t55089497p: no usable pages in manifest.,2026-07-17T17:24:39.276762
lacharente,bd6t550894983,,failed,0,0,,no_usable_pages,known,,,bd6t550894983: no usable pages in manifest.,2026-07-17T17:24:39.506261
lacharente,bd6t55089499h,,failed,0,0,,no_usable_pages,known,,,bd6t55089499h: no usable pages in manifest.,2026-07-17T17:24:39.721346
lacharente,bd6t55089500q,,failed,0,0,,no_usable_pages,known,,,bd6t55089500q: no usable pages in manifest.,2026-07-17T17:24:39.873383
lacharente,bd6t550895014,,failed,0,0,,no_usable_pages,known,,,bd6t550895014: no usable pages in manifest.,2026-07-17T17:24:39.977421
lacharente,bd6t55089502j,,failed,0,0,,no_usable_pages,known,,,bd6t55089502j: no usable pages in manifest.,2026-07-17T17:24:40.219471
lacharente,bd6t55089503z,,failed,0,0,,no_usable_pages,known,,,bd6t55089503z: no usable pages in manifest.,2026-07-17T17:24:40.415496
lacharente,bd6t55089504c,,failed,0,0,,no_usable_pages,known,,,bd6t55089504c: no usable pages in manifest.,2026-07-17T17:24:40.748079
lacharente,bd6t55089505s,,failed,0,0,,no_usable_pages,known,,,bd6t55089505s: no usable pages in manifest.,2026-07-17T17:24:40.928801
lacharente,bd6t550895066,,failed,0,0,,no_usable_pages,known,,,bd6t550895066: no usable pages in manifest.,2026-07-17T17:24:41.080192
lacharente,bd6t55089507m,,failed,0,0,,no_usable_pages,known,,,bd6t55089507m: no usable pages in manifest.,2026-07-17T17:24:41.245244
lacharente,bd6t550895081,,failed,0,0,,no_usable_pages,known,,,bd6t550895081: no usable pages in manifest.,2026-07-17T17:24:41.438083
lacharente,bd6t55089509f,,failed,0,0,,no_usable_pages,known,,,bd6t55089509f: no usable pages in manifest.,2026-07-17T17:24:41.718944
lacharente,bd6t550895103,,failed,0,0,,no_usable_pages,known,,,bd6t550895103: no usable pages in manifest.,2026-07-17T17:24:41.958777
lacharente,bd6t55089511h,,failed,0,0,,no_usable_pages,known,,,bd6t55089511h: no usable pages in manifest.,2026-07-17T17:24:42.122292
lacharente,bd6t55089512x,,failed,0,0,,no_usable_pages,known,,,bd6t55089512x: no usable pages in manifest.,2026-07-17T17:24:42.459545
lacharente,bd6t55089513b,,failed,0,0,,no_usable_pages,known,,,bd6t55089513b: no usable pages in manifest.,2026-07-17T17:24:43.066261
lacharente,bd6t55089514r,,failed,0,0,,no_usable_pages,known,,,bd6t55089514r: no usable pages in manifest.,2026-07-17T17:24:43.420980
lacharente,bd6t550895155,,failed,0,0,,no_usable_pages,known,,,bd6t550895155: no usable pages in manifest.,2026-07-17T17:24:43.607272
lacharente,bd6t55089516k,,failed,0,0,,no_usable_pages,known,,,bd6t55089516k: no usable pages in manifest.,2026-07-17T17:24:43.843822
lacharente,bd6t550895170,,failed,0,0,,no_usable_pages,known,,,bd6t550895170: no usable pages in manifest.,2026-07-17T17:24:44.028177
lacharente,bd6t55089518d,,failed,0,0,,no_usable_pages,known,,,bd6t55089518d: no usable pages in manifest.,2026-07-17T17:24:44.269177
lacharente,bd6t55089519t,,failed,0,0,,no_usable_pages,known,,,bd6t55089519t: no usable pages in manifest.,2026-07-17T17:24:44.609691
lacharente,bd6t55089520g,,failed,0,0,,no_usable_pages,known,,,bd6t55089520g: no usable pages in manifest.,2026-07-17T17:24:44.815382
lacharente,bd6t55089521w,,failed,0,0,,no_usable_pages,known,,,bd6t55089521w: no usable pages in manifest.,2026-07-17T17:24:45.117108
lacharente,bd6t550895229,,failed,0,0,,no_usable_pages,known,,,bd6t550895229: no usable pages in manifest.,2026-07-17T17:24:45.522042
lacharente,bd6t55089523q,,failed,0,0,,no_usable_pages,known,,,bd6t55089523q: no usable pages in manifest.,2026-07-17T17:24:45.814293
lacharente,bd6t550895244,,failed,0,0,,no_usable_pages,known,,,bd6t550895244: no usable pages in manifest.,2026-07-17T17:24:45.935867
lacharente,bd6t55089525j,,failed,0,0,,no_usable_pages,known,,,bd6t55089525j: no usable pages in manifest.,2026-07-17T17:24:46.122645
lacharente,bd6t55089526z,,failed,0,0,,no_usable_pages,known,,,bd6t55089526z: no usable pages in manifest.,2026-07-17T17:24:46.410730
lacharente,bd6t55089527c,,failed,0,0,,no_usable_pages,known,,,bd6t55089527c: no usable pages in manifest.,2026-07-17T17:24:46.695505
lacharente,bd6t55089528s,,failed,0,0,,no_usable_pages,known,,,bd6t55089528s: no usable pages in manifest.,2026-07-17T17:24:47.076756
lacharente,bd6t550895296,,failed,0,0,,no_usable_pages,known,,,bd6t550895296: no usable pages in manifest.,2026-07-17T17:24:47.315153
lacharente,bd6t55089530v,,failed,0,0,,no_usable_pages,known,,,bd6t55089530v: no usable pages in manifest.,2026-07-17T17:24:47.741305
lacharente,bd6t550895318,,failed,0,0,,no_usable_pages,known,,,bd6t550895318: no usable pages in manifest.,2026-07-17T17:24:48.010291
lacharente,bd6t55089532p,,failed,0,0,,no_usable_pages,known,,,bd6t55089532p: no usable pages in manifest.,2026-07-17T17:24:48.173949
lacharente,bd6t550895333,,failed,0,0,,no_usable_pages,known,,,bd6t550895333: no usable pages in manifest.,2026-07-17T17:24:49.176383
lacharente,bd6t55089534h,,failed,0,0,,no_usable_pages,known,,,bd6t55089534h: no usable pages in manifest.,2026-07-17T17:24:49.868640
lacharente,bd6t55089535x,,failed,0,0,,no_usable_pages,known,,,bd6t55089535x: no usable pages in manifest.,2026-07-17T17:24:50.221958
lacharente,bd6t55089536b,,failed,0,0,,no_usable_pages,known,,,bd6t55089536b: no usable pages in manifest.,2026-07-17T17:24:50.531508
lacharente,bd6t55089537r,,failed,0,0,,no_usable_pages,known,,,bd6t55089537r: no usable pages in manifest.,2026-07-17T17:24:51.045838
lacharente,bd6t550895385,,failed,0,0,,no_usable_pages,known,,,bd6t550895385: no usable pages in manifest.,2026-07-17T17:24:51.382112
lacharente,bd6t55089539k,,failed,0,0,,no_usable_pages,known,,,bd6t55089539k: no usable pages in manifest.,2026-07-17T17:24:51.617264
lacharente,bd6t550895407,,failed,0,0,,no_usable_pages,known,,,bd6t550895407: no usable pages in manifest.,2026-07-17T17:24:52.119283
lacharente,bd6t55089541n,,failed,0,0,,no_usable_pages,known,,,bd6t55089541n: no usable pages in manifest.,2026-07-17T17:24:52.369110
lacharente,bd6t550895422,,failed,0,0,,no_usable_pages,known,,,bd6t550895422: no usable pages in manifest.,2026-07-17T17:24:52.753172
lacharente,bd6t55089543g,,failed,0,0,,no_usable_pages,known,,,bd6t55089543g: no usable pages in manifest.,2026-07-17T17:24:53.135641
lacharente,bd6t55089544w,,failed,0,0,,no_usable_pages,known,,,bd6t55089544w: no usable pages in manifest.,2026-07-17T17:24:53.323180
lacharente,bd6t550895459,,failed,0,0,,no_usable_pages,known,,,bd6t550895459: no usable pages in manifest.,2026-07-17T17:24:53.499984
lacharente,bd6t55089546q,,failed,0,0,,no_usable_pages,known,,,bd6t55089546q: no usable pages in manifest.,2026-07-17T17:24:53.685314
lacharente,bd6t550895474,,failed,0,0,,no_usable_pages,known,,,bd6t550895474: no usable pages in manifest.,2026-07-17T17:24:53.839036
lacharente,bd6t55089548j,,failed,0,0,,no_usable_pages,known,,,bd6t55089548j: no usable pages in manifest.,2026-07-17T17:24:54.081342
lacharente,bd6t55089549z,,failed,0,0,,no_usable_pages,known,,,bd6t55089549z: no usable pages in manifest.,2026-07-17T17:24:54.431725
lacharente,bd6t55089550m,,failed,0,0,,no_usable_pages,known,,,bd6t55089550m: no usable pages in manifest.,2026-07-17T17:24:54.604754
lacharente,bd6t550895511,,failed,0,0,,no_usable_pages,known,,,bd6t550895511: no usable pages in manifest.,2026-07-17T17:24:54.819032
lacharente,bd6t55089552f,,failed,0,0,,no_usable_pages,known,,,bd6t55089552f: no usable pages in manifest.,2026-07-17T17:24:54.994769
lacharente,bd6t55089553v,,failed,0,0,,no_usable_pages,known,,,bd6t55089553v: no usable pages in manifest.,2026-07-17T17:24:55.160402
lacharente,bd6t550895548,,failed,0,0,,no_usable_pages,known,,,bd6t550895548: no usable pages in manifest.,2026-07-17T17:24:55.891839
lacharente,bd6t55089555p,,failed,0,0,,no_usable_pages,known,,,bd6t55089555p: no usable pages in manifest.,2026-07-17T17:24:56.157501
lacharente,bd6t550895563,,failed,0,0,,no_usable_pages,known,,,bd6t550895563: no usable pages in manifest.,2026-07-17T17:24:56.447912
lacharente,bd6t55089557h,,failed,0,0,,no_usable_pages,known,,,bd6t55089557h: no usable pages in manifest.,2026-07-17T17:24:56.616690
lacharente,bd6t55089558x,,failed,0,0,,no_usable_pages,known,,,bd6t55089558x: no usable pages in manifest.,2026-07-17T17:24:56.811197
lacharente,bd6t55089559b,,failed,0,0,,no_usable_pages,known,,,bd6t55089559b: no usable pages in manifest.,2026-07-17T17:24:57.088507
lacharente,bd6t550895600,,failed,0,0,,no_usable_pages,known,,,bd6t550895600: no usable pages in manifest.,2026-07-17T17:24:57.362401
lacharente,bd6t55089561d,,failed,0,0,,no_usable_pages,known,,,bd6t55089561d: no usable pages in manifest.,2026-07-17T17:24:57.719870
lacharente,bd6t55089562t,,failed,0,0,,no_usable_pages,known,,,bd6t55089562t: no usable pages in manifest.,2026-07-17T17:24:57.934620
lacharente,bd6t550895637,,failed,0,0,,no_usable_pages,known,,,bd6t550895637: no usable pages in manifest.,2026-07-17T17:24:58.091219
lacharente,bd6t55089564n,,failed,0,0,,no_usable_pages,known,,,bd6t55089564n: no usable pages in manifest.,2026-07-17T17:24:58.232999
lacharente,bd6t550895652,,failed,0,0,,no_usable_pages,known,,,bd6t550895652: no usable pages in manifest.,2026-07-17T17:24:58.400861
lacharente,bd6t55089566g,,failed,0,0,,no_usable_pages,known,,,bd6t55089566g: no usable pages in manifest.,2026-07-17T17:24:58.527182
lacharente,bd6t55089567w,,failed,0,0,,no_usable_pages,known,,,bd6t55089567w: no usable pages in manifest.,2026-07-17T17:24:58.765420
lacharente,bd6t550895689,,failed,0,0,,no_usable_pages,known,,,bd6t550895689: no usable pages in manifest.,2026-07-17T17:24:58.998996
lacharente,bd6t55089569q,,failed,0,0,,no_usable_pages,known,,,bd6t55089569q: no usable pages in manifest.,2026-07-17T17:24:59.216364
lacharente,bd6t55089570c,,failed,0,0,,no_usable_pages,known,,,bd6t55089570c: no usable pages in manifest.,2026-07-17T17:24:59.438002
lacharente,bd6t55089571s,,failed,0,0,,no_usable_pages,known,,,bd6t55089571s: no usable pages in manifest.,2026-07-17T17:24:59.666360
lacharente,bd6t550895726,,failed,0,0,,no_usable_pages,known,,,bd6t550895726: no usable pages in manifest.,2026-07-17T17:25:00.046456
lacharente,bd6t55089573m,,failed,0,0,,no_usable_pages,known,,,bd6t55089573m: no usable pages in manifest.,2026-07-17T17:25:00.206473
lacharente,bd6t550895741,,failed,0,0,,no_usable_pages,known,,,bd6t550895741: no usable pages in manifest.,2026-07-17T17:25:00.444424
lacharente,bd6t55089575f,,failed,0,0,,no_usable_pages,known,,,bd6t55089575f: no usable pages in manifest.,2026-07-17T17:25:00.667356
lacharente,bd6t55089576v,,failed,0,0,,no_usable_pages,known,,,bd6t55089576v: no usable pages in manifest.,2026-07-17T17:25:01.374964
lacharente,bd6t550895778,,failed,0,0,,no_usable_pages,known,,,bd6t550895778: no usable pages in manifest.,2026-07-17T17:25:01.611075
lacharente,bd6t55089578p,,failed,0,0,,no_usable_pages,known,,,bd6t55089578p: no usable pages in manifest.,2026-07-17T17:25:01.837416
lacharente,bd6t550895793,,failed,0,0,,no_usable_pages,known,,,bd6t550895793: no usable pages in manifest.,2026-07-17T17:25:01.991110
lacharente,bd6t55089580r,,failed,0,0,,no_usable_pages,known,,,bd6t55089580r: no usable pages in manifest.,2026-07-17T17:25:02.260439
lacharente,bd6t550895815,,failed,0,0,,no_usable_pages,known,,,bd6t550895815: no usable pages in manifest.,2026-07-17T17:25:02.469621
lacharente,bd6t55089582k,,failed,0,0,,no_usable_pages,known,,,bd6t55089582k: no usable pages in manifest.,2026-07-17T17:25:02.623260
lacharente,bd6t550895830,,failed,0,0,,no_usable_pages,known,,,bd6t550895830: no usable pages in manifest.,2026-07-17T17:25:02.868985
lacharente,bd6t55089584d,,failed,0,0,,no_usable_pages,known,,,bd6t55089584d: no usable pages in manifest.,2026-07-17T17:25:03.072084
lacharente,bd6t55089585t,,failed,0,0,,no_usable_pages,known,,,bd6t55089585t: no usable pages in manifest.,2026-07-17T17:25:03.495590
lacharente,bd6t550895867,,failed,0,0,,no_usable_pages,known,,,bd6t550895867: no usable pages in manifest.,2026-07-17T17:25:03.644039
lacharente,bd6t55089587n,,failed,0,0,,no_usable_pages,known,,,bd6t55089587n: no usable pages in manifest.,2026-07-17T17:25:03.820020
lacharente,bd6t550895882,,failed,0,0,,no_usable_pages,known,,,bd6t550895882: no usable pages in manifest.,2026-07-17T17:25:04.006818
lacharente,bd6t55089589g,,failed,0,0,,no_usable_pages,known,,,bd6t55089589g: no usable pages in manifest.,2026-07-17T17:25:04.200962
lacharente,bd6t550895904,,failed,0,0,,no_usable_pages,known,,,bd6t550895904: no usable pages in manifest.,2026-07-17T17:25:04.453835
lacharente,bd6t55089591j,,failed,0,0,,no_usable_pages,known,,,bd6t55089591j: no usable pages in manifest.,2026-07-17T17:25:04.659182
lacharente,bd6t55089592z,,failed,0,0,,no_usable_pages,known,,,bd6t55089592z: no usable pages in manifest.,2026-07-17T17:25:04.881828
lacharente,bd6t55089593c,,failed,0,0,,no_usable_pages,known,,,bd6t55089593c: no usable pages in manifest.,2026-07-17T17:25:05.003314
lacharente,bd6t55089594s,,failed,0,0,,no_usable_pages,known,,,bd6t55089594s: no usable pages in manifest.,2026-07-17T17:25:05.123525
lacharente,bd6t550895956,,failed,0,0,,no_usable_pages,known,,,bd6t550895956: no usable pages in manifest.,2026-07-17T17:25:05.266649
lacharente,bd6t55089596m,,failed,0,0,,no_usable_pages,known,,,bd6t55089596m: no usable pages in manifest.,2026-07-17T17:25:05.502726
lacharente,bd6t550895971,,failed,0,0,,no_usable_pages,known,,,bd6t550895971: no usable pages in manifest.,2026-07-17T17:25:05.628844
lacharente,bd6t55089598f,,failed,0,0,,no_usable_pages,known,,,bd6t55089598f: no usable pages in manifest.,2026-07-17T17:25:05.746214
lacharente,bd6t55089599v,,failed,0,0,,no_usable_pages,known,,,bd6t55089599v: no usable pages in manifest.,2026-07-17T17:25:05.942271
lacharente,bd6t550896002,,failed,0,0,,no_usable_pages,known,,,bd6t550896002: no usable pages in manifest.,2026-07-17T17:25:06.093543
lacharente,bd6t55089601g,,failed,0,0,,no_usable_pages,known,,,bd6t55089601g: no usable pages in manifest.,2026-07-17T17:25:06.711287
lacharente,bd6t55089602w,,failed,0,0,,no_usable_pages,known,,,bd6t55089602w: no usable pages in manifest.,2026-07-17T17:25:07.033283
lacharente,bd6t550896039,,failed,0,0,,no_usable_pages,known,,,bd6t550896039: no usable pages in manifest.,2026-07-17T17:25:07.185733
lacharente,bd6t55089604q,,failed,0,0,,no_usable_pages,known,,,bd6t55089604q: no usable pages in manifest.,2026-07-17T17:25:07.322764
lacharente,bd6t550896054,,failed,0,0,,no_usable_pages,known,,,bd6t550896054: no usable pages in manifest.,2026-07-17T17:25:07.481433
lacharente,bd6t55089606j,,failed,0,0,,no_usable_pages,known,,,bd6t55089606j: no usable pages in manifest.,2026-07-17T17:25:07.682671
lacharente,bd6t55089607z,,failed,0,0,,no_usable_pages,known,,,bd6t55089607z: no usable pages in manifest.,2026-07-17T17:25:07.986149
lacharente,bd6t55089608c,,failed,0,0,,no_usable_pages,known,,,bd6t55089608c: no usable pages in manifest.,2026-07-17T17:25:08.392940
lacharente,bd6t55089609s,,failed,0,0,,no_usable_pages,known,,,bd6t55089609s: no usable pages in manifest.,2026-07-17T17:25:08.644964
lacharente,bd6t55089610f,,failed,0,0,,no_usable_pages,known,,,bd6t55089610f: no usable pages in manifest.,2026-07-17T17:25:08.951734
lacharente,bd6t55089611v,,failed,0,0,,no_usable_pages,known,,,bd6t55089611v: no usable pages in manifest.,2026-07-17T17:25:09.203185
lacharente,bd6t550896128,,failed,0,0,,no_usable_pages,known,,,bd6t550896128: no usable pages in manifest.,2026-07-17T17:25:09.413300
lacharente,bd6t55089613p,,failed,0,0,,no_usable_pages,known,,,bd6t55089613p: no usable pages in manifest.,2026-07-17T17:25:09.622053
lacharente,bd6t550896143,,failed,0,0,,no_usable_pages,known,,,bd6t550896143: no usable pages in manifest.,2026-07-17T17:25:09.830006
lacharente,bd6t55089615h,,failed,0,0,,no_usable_pages,known,,,bd6t55089615h: no usable pages in manifest.,2026-07-17T17:25:09.972763
lacharente,bd6t55089617b,,failed,0,0,,no_usable_pages,known,,,bd6t55089617b: no usable pages in manifest.,2026-07-17T17:25:10.143954
lacharente,bd6t55089618r,,failed,0,0,,no_usable_pages,known,,,bd6t55089618r: no usable pages in manifest.,2026-07-17T17:25:10.488035
lacharente,bd6t550896195,,failed,0,0,,no_usable_pages,known,,,bd6t550896195: no usable pages in manifest.,2026-07-17T17:25:10.594867
lacharente,bd6t55089620t,,failed,0,0,,no_usable_pages,known,,,bd6t55089620t: no usable pages in manifest.,2026-07-17T17:25:10.759893
lacharente,bd6t550896217,,failed,0,0,,no_usable_pages,known,,,bd6t550896217: no usable pages in manifest.,2026-07-17T17:25:10.977753
lacharente,bd6t55089622n,,failed,0,0,,no_usable_pages,known,,,bd6t55089622n: no usable pages in manifest.,2026-07-17T17:25:11.161351
lacharente,bd6t550896232,,failed,0,0,,no_usable_pages,known,,,bd6t550896232: no usable pages in manifest.,2026-07-17T17:25:11.486023
lacharente,bd6t55089624g,,failed,0,0,,no_usable_pages,known,,,bd6t55089624g: no usable pages in manifest.,2026-07-17T17:25:11.718417
lacharente,bd6t55089625w,,failed,0,0,,no_usable_pages,known,,,bd6t55089625w: no usable pages in manifest.,2026-07-17T17:25:12.306742
lacharente,bd6t550896269,,failed,0,0,,no_usable_pages,known,,,bd6t550896269: no usable pages in manifest.,2026-07-17T17:25:12.604496
lacharente,bd6t55089627q,,failed,0,0,,no_usable_pages,known,,,bd6t55089627q: no usable pages in manifest.,2026-07-17T17:25:12.776093
lacharente,bd6t550896284,,failed,0,0,,no_usable_pages,known,,,bd6t550896284: no usable pages in manifest.,2026-07-17T17:25:12.943712
lacharente,bd6t55089629j,,failed,0,0,,no_usable_pages,known,,,bd6t55089629j: no usable pages in manifest.,2026-07-17T17:25:13.121917
lacharente,bd6t550896306,,failed,0,0,,no_usable_pages,known,,,bd6t550896306: no usable pages in manifest.,2026-07-17T17:25:13.459097
lacharente,bd6t55089631m,,failed,0,0,,no_usable_pages,known,,,bd6t55089631m: no usable pages in manifest.,2026-07-17T17:25:13.823324
lacharente,bd6t550896321,,failed,0,0,,no_usable_pages,known,,,bd6t550896321: no usable pages in manifest.,2026-07-17T17:25:14.027560
lacharente,bd6t55089633f,,failed,0,0,,no_usable_pages,known,,,bd6t55089633f: no usable pages in manifest.,2026-07-17T17:25:14.179352
lacharente,bd6t55089634v,,failed,0,0,,no_usable_pages,known,,,bd6t55089634v: no usable pages in manifest.,2026-07-17T17:25:14.309921
lacharente,bd6t550896358,,failed,0,0,,no_usable_pages,known,,,bd6t550896358: no usable pages in manifest.,2026-07-17T17:25:14.464721
lacharente,bd6t55089636p,,failed,0,0,,no_usable_pages,known,,,bd6t55089636p: no usable pages in manifest.,2026-07-17T17:25:14.737571
lacharente,bd6t550896373,,failed,0,0,,no_usable_pages,known,,,bd6t550896373: no usable pages in manifest.,2026-07-17T17:25:14.950465
lacharente,bd6t55089638h,,failed,0,0,,no_usable_pages,known,,,bd6t55089638h: no usable pages in manifest.,2026-07-17T17:25:15.197576
lacharente,bd6t55089639x,,failed,0,0,,no_usable_pages,known,,,bd6t55089639x: no usable pages in manifest.,2026-07-17T17:25:15.333683
lacharente,bd6t55089640k,,failed,0,0,,no_usable_pages,known,,,bd6t55089640k: no usable pages in manifest.,2026-07-17T17:25:15.569463
lacharente,bd6t550896410,,failed,0,0,,no_usable_pages,known,,,bd6t550896410: no usable pages in manifest.,2026-07-17T17:25:15.913018
lacharente,bd6t55089642d,,failed,0,0,,no_usable_pages,known,,,bd6t55089642d: no usable pages in manifest.,2026-07-17T17:25:16.113075
lacharente,bd6t55089643t,,failed,0,0,,no_usable_pages,known,,,bd6t55089643t: no usable pages in manifest.,2026-07-17T17:25:16.274201
lacharente,bd6t550896447,,failed,0,0,,no_usable_pages,known,,,bd6t550896447: no usable pages in manifest.,2026-07-17T17:25:16.413338
lacharente,bd6t55089645n,,failed,0,0,,no_usable_pages,known,,,bd6t55089645n: no usable pages in manifest.,2026-07-17T17:25:16.565766
lacharente,bd6t550896462,,failed,0,0,,no_usable_pages,known,,,bd6t550896462: no usable pages in manifest.,2026-07-17T17:25:16.781475
lacharente,bd6t55089647g,,failed,0,0,,no_usable_pages,known,,,bd6t55089647g: no usable pages in manifest.,2026-07-17T17:25:17.088440
lacharente,bd6t55089648w,,failed,0,0,,no_usable_pages,known,,,bd6t55089648w: no usable pages in manifest.,2026-07-17T17:25:17.345560
lacharente,bd6t550896499,,failed,0,0,,no_usable_pages,known,,,bd6t550896499: no usable pages in manifest.,2026-07-17T17:25:17.563843
lacharente,bd6t55089650z,,failed,0,0,,no_usable_pages,known,,,bd6t55089650z: no usable pages in manifest.,2026-07-17T17:25:17.813743
lacharente,bd6t55089651c,,failed,0,0,,no_usable_pages,known,,,bd6t55089651c: no usable pages in manifest.,2026-07-17T17:25:18.044625
lacharente,bd6t55089652s,,failed,0,0,,no_usable_pages,known,,,bd6t55089652s: no usable pages in manifest.,2026-07-17T17:25:18.174937
lacharente,bd6t550896536,,failed,0,0,,no_usable_pages,known,,,bd6t550896536: no usable pages in manifest.,2026-07-17T17:25:18.359662
lacharente,bd6t55089654m,,failed,0,0,,no_usable_pages,known,,,bd6t55089654m: no usable pages in manifest.,2026-07-17T17:25:18.497583
lacharente,bd6t550896551,,failed,0,0,,no_usable_pages,known,,,bd6t550896551: no usable pages in manifest.,2026-07-17T17:25:18.692038
lacharente,bd6t55089656f,,failed,0,0,,no_usable_pages,known,,,bd6t55089656f: no usable pages in manifest.,2026-07-17T17:25:18.910118
lacharente,bd6t55089657v,,failed,0,0,,no_usable_pages,known,,,bd6t55089657v: no usable pages in manifest.,2026-07-17T17:25:19.204019
lacharente,bd6t550896588,,failed,0,0,,no_usable_pages,known,,,bd6t550896588: no usable pages in manifest.,2026-07-17T17:25:19.335302
lacharente,bd6t55089659p,,failed,0,0,,no_usable_pages,known,,,bd6t55089659p: no usable pages in manifest.,2026-07-17T17:25:19.474679
lacharente,bd6t55089660b,,failed,0,0,,no_usable_pages,known,,,bd6t55089660b: no usable pages in manifest.,2026-07-17T17:25:19.616995
lacharente,bd6t55089661r,,failed,0,0,,no_usable_pages,known,,,bd6t55089661r: no usable pages in manifest.,2026-07-17T17:25:19.727189
lacharente,bd6t550896625,,failed,0,0,,no_usable_pages,known,,,bd6t550896625: no usable pages in manifest.,2026-07-17T17:25:19.904636
lacharente,bd6t55089663k,,failed,0,0,,no_usable_pages,known,,,bd6t55089663k: no usable pages in manifest.,2026-07-17T17:25:20.217085
lacharente,bd6t550896640,,failed,0,0,,no_usable_pages,known,,,bd6t550896640: no usable pages in manifest.,2026-07-17T17:25:20.382033
lacharente,bd6t55089665d,,failed,0,0,,no_usable_pages,known,,,bd6t55089665d: no usable pages in manifest.,2026-07-17T17:25:20.511301
lacharente,bd6t55089666t,,failed,0,0,,no_usable_pages,known,,,bd6t55089666t: no usable pages in manifest.,2026-07-17T17:25:20.650233
lacharente,bd6t550896677,,failed,0,0,,no_usable_pages,known,,,bd6t550896677: no usable pages in manifest.,2026-07-17T17:25:20.904932
lacharente,bd6t55089668n,,failed,0,0,,no_usable_pages,known,,,bd6t55089668n: no usable pages in manifest.,2026-07-17T17:25:21.156360
lacharente,bd6t550896692,,failed,0,0,,no_usable_pages,known,,,bd6t550896692: no usable pages in manifest.,2026-07-17T17:25:21.484561
lacharente,bd6t55089670q,,failed,0,0,,no_usable_pages,known,,,bd6t55089670q: no usable pages in manifest.,2026-07-17T17:25:21.664500
lacharente,bd6t550896714,,failed,0,0,,no_usable_pages,known,,,bd6t550896714: no usable pages in manifest.,2026-07-17T17:25:21.944439
lacharente,bd6t55089672j,,failed,0,0,,no_usable_pages,known,,,bd6t55089672j: no usable pages in manifest.,2026-07-17T17:25:22.109022
lacharente,bd6t55089673z,,failed,0,0,,no_usable_pages,known,,,bd6t55089673z: no usable pages in manifest.,2026-07-17T17:25:22.331750
lacharente,bd6t55089674c,,failed,0,0,,no_usable_pages,known,,,bd6t55089674c: no usable pages in manifest.,2026-07-17T17:25:23.053987
lacharente,bd6t55089675s,,failed,0,0,,no_usable_pages,known,,,bd6t55089675s: no usable pages in manifest.,2026-07-17T17:25:23.246718
lacharente,bd6t550896766,,failed,0,0,,no_usable_pages,known,,,bd6t550896766: no usable pages in manifest.,2026-07-17T17:25:23.431841
lacharente,bd6t55089677m,,failed,0,0,,no_usable_pages,known,,,bd6t55089677m: no usable pages in manifest.,2026-07-17T17:25:23.651318
lacharente,bd6t550896781,,failed,0,0,,no_usable_pages,known,,,bd6t550896781: no usable pages in manifest.,2026-07-17T17:25:23.912773
lacharente,bd6t55089679f,,failed,0,0,,no_usable_pages,known,,,bd6t55089679f: no usable pages in manifest.,2026-07-17T17:25:24.086966
lacharente,bd6t550896803,,failed,0,0,,no_usable_pages,known,,,bd6t550896803: no usable pages in manifest.,2026-07-17T17:25:24.259261
lacharente,bd6t55089681h,,failed,0,0,,no_usable_pages,known,,,bd6t55089681h: no usable pages in manifest.,2026-07-17T17:25:24.454752
lacharente,bd6t55089682x,,failed,0,0,,no_usable_pages,known,,,bd6t55089682x: no usable pages in manifest.,2026-07-17T17:25:24.651428
lacharente,bd6t55089683b,,failed,0,0,,no_usable_pages,known,,,bd6t55089683b: no usable pages in manifest.,2026-07-17T17:25:24.887420
lacharente,bd6t55089684r,,failed,0,0,,no_usable_pages,known,,,bd6t55089684r: no usable pages in manifest.,2026-07-17T17:25:25.209331
lacharente,bd6t550896855,,failed,0,0,,no_usable_pages,known,,,bd6t550896855: no usable pages in manifest.,2026-07-17T17:25:25.389065
lacharente,bd6t55089686k,,failed,0,0,,no_usable_pages,known,,,bd6t55089686k: no usable pages in manifest.,2026-07-17T17:25:25.549453
lacharente,bd6t550896870,,failed,0,0,,no_usable_pages,known,,,bd6t550896870: no usable pages in manifest.,2026-07-17T17:25:25.792363
lacharente,bd6t55089688d,,failed,0,0,,no_usable_pages,known,,,bd6t55089688d: no usable pages in manifest.,2026-07-17T17:25:25.975895
lacharente,bd6t55089689t,,failed,0,0,,no_usable_pages,known,,,bd6t55089689t: no usable pages in manifest.,2026-07-17T17:25:26.128448
lacharente,bd6t55089690g,,failed,0,0,,no_usable_pages,known,,,bd6t55089690g: no usable pages in manifest.,2026-07-17T17:25:26.337084
lacharente,bd6t55089691w,,failed,0,0,,no_usable_pages,known,,,bd6t55089691w: no usable pages in manifest.,2026-07-17T17:25:26.491601
lacharente,bd6t550896929,,failed,0,0,,no_usable_pages,known,,,bd6t550896929: no usable pages in manifest.,2026-07-17T17:25:26.692004
lacharente,bd6t55089693q,,failed,0,0,,no_usable_pages,known,,,bd6t55089693q: no usable pages in manifest.,2026-07-17T17:25:26.970211
lacharente,bd6t550896944,,failed,0,0,,no_usable_pages,known,,,bd6t550896944: no usable pages in manifest.,2026-07-17T17:25:27.180431
lacharente,bd6t55089695j,,failed,0,0,,no_usable_pages,known,,,bd6t55089695j: no usable pages in manifest.,2026-07-17T17:25:27.430537
lacharente,bd6t55089696z,,failed,0,0,,no_usable_pages,known,,,bd6t55089696z: no usable pages in manifest.,2026-07-17T17:25:28.048201
lacharente,bd6t55089697c,,failed,0,0,,no_usable_pages,known,,,bd6t55089697c: no usable pages in manifest.,2026-07-17T17:25:28.603184
lacharente,bd6t55089698s,,failed,0,0,,no_usable_pages,known,,,bd6t55089698s: no usable pages in manifest.,2026-07-17T17:25:28.825089
lacharente,bd6t550896996,,failed,0,0,,no_usable_pages,known,,,bd6t550896996: no usable pages in manifest.,2026-07-17T17:25:28.976216
lacharente,bd6t55089700d,,failed,0,0,,no_usable_pages,known,,,bd6t55089700d: no usable pages in manifest.,2026-07-17T17:25:29.078170
lacharente,bd6t55089701t,,failed,0,0,,no_usable_pages,known,,,bd6t55089701t: no usable pages in manifest.,2026-07-17T17:25:29.181032
lacharente,bd6t550897027,,failed,0,0,,no_usable_pages,known,,,bd6t550897027: no usable pages in manifest.,2026-07-17T17:25:29.383822
lacharente,bd6t55089703n,,failed,0,0,,no_usable_pages,known,,,bd6t55089703n: no usable pages in manifest.,2026-07-17T17:25:29.517709
lacharente,bd6t550897042,,failed,0,0,,no_usable_pages,known,,,bd6t550897042: no usable pages in manifest.,2026-07-17T17:25:29.694737
lacharente,bd6t55089705g,,failed,0,0,,no_usable_pages,known,,,bd6t55089705g: no usable pages in manifest.,2026-07-17T17:25:29.797454
lacharente,bd6t55089706w,,failed,0,0,,no_usable_pages,known,,,bd6t55089706w: no usable pages in manifest.,2026-07-17T17:25:29.954043
lacharente,bd6t550897079,,failed,0,0,,no_usable_pages,known,,,bd6t550897079: no usable pages in manifest.,2026-07-17T17:25:30.125522
lacharente,bd6t55089708q,,failed,0,0,,no_usable_pages,known,,,bd6t55089708q: no usable pages in manifest.,2026-07-17T17:25:30.270371
lacharente,bd6t550897094,,failed,0,0,,no_usable_pages,known,,,bd6t550897094: no usable pages in manifest.,2026-07-17T17:25:30.482099
lacharente,bd6t55089710s,,failed,0,0,,no_usable_pages,known,,,bd6t55089710s: no usable pages in manifest.,2026-07-17T17:25:30.607774
lacharente,bd6t550897116,,failed,0,0,,no_usable_pages,known,,,bd6t550897116: no usable pages in manifest.,2026-07-17T17:25:30.737564
lacharente,bd6t55089712m,,failed,0,0,,no_usable_pages,known,,,bd6t55089712m: no usable pages in manifest.,2026-07-17T17:25:30.858369
lacharente,bd6t550897131,,failed,0,0,,no_usable_pages,known,,,bd6t550897131: no usable pages in manifest.,2026-07-17T17:25:30.952626
lacharente,bd6t55089715v,,failed,0,0,,no_usable_pages,known,,,bd6t55089715v: no usable pages in manifest.,2026-07-17T17:25:31.062965
lacharente,bd6t550897168,,failed,0,0,,no_usable_pages,known,,,bd6t550897168: no usable pages in manifest.,2026-07-17T17:25:31.179197
lacharente,bd6t55089717p,,failed,0,0,,no_usable_pages,known,,,bd6t55089717p: no usable pages in manifest.,2026-07-17T17:25:31.293967
lacharente,bd6t550897183,,failed,0,0,,no_usable_pages,known,,,bd6t550897183: no usable pages in manifest.,2026-07-17T17:25:31.531035
lacharente,bd6t55089719h,,failed,0,0,,no_usable_pages,known,,,bd6t55089719h: no usable pages in manifest.,2026-07-17T17:25:31.689527
lacharente,bd6t550897205,,failed,0,0,,no_usable_pages,known,,,bd6t550897205: no usable pages in manifest.,2026-07-17T17:25:31.868903
lacharente,bd6t55089721k,,failed,0,0,,no_usable_pages,known,,,bd6t55089721k: no usable pages in manifest.,2026-07-17T17:25:32.063279
lacharente,bd6t550897220,,failed,0,0,,no_usable_pages,known,,,bd6t550897220: no usable pages in manifest.,2026-07-17T17:25:32.173098
lacharente,bd6t55089723d,,failed,0,0,,no_usable_pages,known,,,bd6t55089723d: no usable pages in manifest.,2026-07-17T17:25:32.343233
lacharente,bd6t55089724t,,failed,0,0,,no_usable_pages,known,,,bd6t55089724t: no usable pages in manifest.,2026-07-17T17:25:32.620943
lacharente,bd6t550897257,,failed,0,0,,no_usable_pages,known,,,bd6t550897257: no usable pages in manifest.,2026-07-17T17:25:32.862926
lacharente,bd6t55089726n,,failed,0,0,,no_usable_pages,known,,,bd6t55089726n: no usable pages in manifest.,2026-07-17T17:25:33.011356
lacharente,bd6t550897272,,failed,0,0,,no_usable_pages,known,,,bd6t550897272: no usable pages in manifest.,2026-07-17T17:25:33.195998
lacharente,bd6t55089728g,,failed,0,0,,no_usable_pages,known,,,bd6t55089728g: no usable pages in manifest.,2026-07-17T17:25:33.559900
lacharente,bd6t55089729w,,failed,0,0,,no_usable_pages,known,,,bd6t55089729w: no usable pages in manifest.,2026-07-17T17:25:33.900800
lacharente,bd6t55089730j,,failed,0,0,,no_usable_pages,known,,,bd6t55089730j: no usable pages in manifest.,2026-07-17T17:25:34.185729
lacharente,bd6t55089731z,,failed,0,0,,no_usable_pages,known,,,bd6t55089731z: no usable pages in manifest.,2026-07-17T17:25:34.348749
lacharente,bd6t55089732c,,failed,0,0,,no_usable_pages,known,,,bd6t55089732c: no usable pages in manifest.,2026-07-17T17:25:34.447437
lacharente,bd6t55089733s,,failed,0,0,,no_usable_pages,known,,,bd6t55089733s: no usable pages in manifest.,2026-07-17T17:25:34.584671
lacharente,bd6t550897346,,failed,0,0,,no_usable_pages,known,,,bd6t550897346: no usable pages in manifest.,2026-07-17T17:25:34.866028
lacharente,bd6t55089735m,,failed,0,0,,no_usable_pages,known,,,bd6t55089735m: no usable pages in manifest.,2026-07-17T17:25:35.075512
lacharente,bd6t550897361,,failed,0,0,,no_usable_pages,known,,,bd6t550897361: no usable pages in manifest.,2026-07-17T17:25:35.248740
lacharente,bd6t55089737f,,failed,0,0,,no_usable_pages,known,,,bd6t55089737f: no usable pages in manifest.,2026-07-17T17:25:35.448347
lacharente,bd6t55089738v,,failed,0,0,,no_usable_pages,known,,,bd6t55089738v: no usable pages in manifest.,2026-07-17T17:25:35.593834
lacharente,bd6t550897398,,failed,0,0,,no_usable_pages,known,,,bd6t550897398: no usable pages in manifest.,2026-07-17T17:25:35.827183
lacharente,bd6t55089740x,,failed,0,0,,no_usable_pages,known,,,bd6t55089740x: no usable pages in manifest.,2026-07-17T17:25:36.133975
lacharente,bd6t55089741b,,failed,0,0,,no_usable_pages,known,,,bd6t55089741b: no usable pages in manifest.,2026-07-17T17:25:36.305678
lacharente,bd6t550897680,,failed,0,0,,no_usable_pages,known,,,bd6t550897680: no usable pages in manifest.,2026-07-17T17:25:36.416315
lacharente,bd6t55089742r,,failed,0,0,,no_usable_pages,known,,,bd6t55089742r: no usable pages in manifest.,2026-07-17T17:25:36.607150
lacharente,bd6t550897435,,failed,0,0,,no_usable_pages,known,,,bd6t550897435: no usable pages in manifest.,2026-07-17T17:25:36.766759
lacharente,bd6t55089744k,,failed,0,0,,no_usable_pages,known,,,bd6t55089744k: no usable pages in manifest.,2026-07-17T17:25:36.860863
lacharente,bd6t550897450,,failed,0,0,,no_usable_pages,known,,,bd6t550897450: no usable pages in manifest.,2026-07-17T17:25:37.061922
lacharente,bd6t55089746d,,failed,0,0,,no_usable_pages,known,,,bd6t55089746d: no usable pages in manifest.,2026-07-17T17:25:37.255124
lacharente,bd6t55089747t,,failed,0,0,,no_usable_pages,known,,,bd6t55089747t: no usable pages in manifest.,2026-07-17T17:25:37.484117
lacharente,bd6t550897487,,failed,0,0,,no_usable_pages,known,,,bd6t550897487: no usable pages in manifest.,2026-07-17T17:25:37.654980
lacharente,bd6t55089749n,,failed,0,0,,no_usable_pages,known,,,bd6t55089749n: no usable pages in manifest.,2026-07-17T17:25:37.811362
lacharente,bd6t550897509,,failed,0,0,,no_usable_pages,known,,,bd6t550897509: no usable pages in manifest.,2026-07-17T17:25:38.042175
lacharente,bd6t55089751q,,failed,0,0,,no_usable_pages,known,,,bd6t55089751q: no usable pages in manifest.,2026-07-17T17:25:38.388480
lacharente,bd6t550897524,,failed,0,0,,no_usable_pages,known,,,bd6t550897524: no usable pages in manifest.,2026-07-17T17:25:38.944400
lacharente,bd6t55089753j,,failed,0,0,,no_usable_pages,known,,,bd6t55089753j: no usable pages in manifest.,2026-07-17T17:25:39.483005
lacharente,bd6t55089754z,,failed,0,0,,no_usable_pages,known,,,bd6t55089754z: no usable pages in manifest.,2026-07-17T17:25:39.654365
lacharente,bd6t55089755c,,failed,0,0,,no_usable_pages,known,,,bd6t55089755c: no usable pages in manifest.,2026-07-17T17:25:39.970535
lacharente,bd6t55089756s,,failed,0,0,,no_usable_pages,known,,,bd6t55089756s: no usable pages in manifest.,2026-07-17T17:25:40.164244
lacharente,bd6t550897576,,failed,0,0,,no_usable_pages,known,,,bd6t550897576: no usable pages in manifest.,2026-07-17T17:25:40.436134
lacharente,bd6t55089758m,,failed,0,0,,no_usable_pages,known,,,bd6t55089758m: no usable pages in manifest.,2026-07-17T17:25:40.712048
lacharente,bd6t550897591,,failed,0,0,,no_usable_pages,known,,,bd6t550897591: no usable pages in manifest.,2026-07-17T17:25:40.907033
lacharente,bd6t55089760p,,failed,0,0,,no_usable_pages,known,,,bd6t55089760p: no usable pages in manifest.,2026-07-17T17:25:41.028565
lacharente,bd6t550897613,,failed,0,0,,no_usable_pages,known,,,bd6t550897613: no usable pages in manifest.,2026-07-17T17:25:41.119802
lacharente,bd6t55089762h,,failed,0,0,,no_usable_pages,known,,,bd6t55089762h: no usable pages in manifest.,2026-07-17T17:25:41.271633
lacharente,bd6t55089763x,,failed,0,0,,no_usable_pages,known,,,bd6t55089763x: no usable pages in manifest.,2026-07-17T17:25:41.412540
lacharente,bd6t55089764b,,failed,0,0,,no_usable_pages,known,,,bd6t55089764b: no usable pages in manifest.,2026-07-17T17:25:41.515739
lacharente,bd6t55089765r,,failed,0,0,,no_usable_pages,known,,,bd6t55089765r: no usable pages in manifest.,2026-07-17T17:25:41.751263
lacharente,bd6t550897665,,failed,0,0,,no_usable_pages,known,,,bd6t550897665: no usable pages in manifest.,2026-07-17T17:25:41.903887
lacharente,bd6t55089767k,,failed,0,0,,no_usable_pages,known,,,bd6t55089767k: no usable pages in manifest.,2026-07-17T17:25:42.045543
lacharente,bd6t55089769d,,failed,0,0,,no_usable_pages,known,,,bd6t55089769d: no usable pages in manifest.,2026-07-17T17:25:42.279646
lacharente,bd6t550897702,,failed,0,0,,no_usable_pages,known,,,bd6t550897702: no usable pages in manifest.,2026-07-17T17:25:42.401073
lacharente,bd6t55089771g,,failed,0,0,,no_usable_pages,known,,,bd6t55089771g: no usable pages in manifest.,2026-07-17T17:25:42.539956
lacharente,bd6t55089772w,,failed,0,0,,no_usable_pages,known,,,bd6t55089772w: no usable pages in manifest.,2026-07-17T17:25:42.798327
lacharente,bd6t550897739,,failed,0,0,,no_usable_pages,known,,,bd6t550897739: no usable pages in manifest.,2026-07-17T17:25:43.006322
lacharente,bd6t55089774q,,failed,0,0,,no_usable_pages,known,,,bd6t55089774q: no usable pages in manifest.,2026-07-17T17:25:43.186593
lacharente,bd6t550897754,,failed,0,0,,no_usable_pages,known,,,bd6t550897754: no usable pages in manifest.,2026-07-17T17:25:43.346574
lacharente,bd6t55089776j,,failed,0,0,,no_usable_pages,known,,,bd6t55089776j: no usable pages in manifest.,2026-07-17T17:25:43.519605
lacharente,bd6t55089777z,,failed,0,0,,no_usable_pages,known,,,bd6t55089777z: no usable pages in manifest.,2026-07-17T17:25:43.673278
lacharente,bd6t55089778c,,failed,0,0,,no_usable_pages,known,,,bd6t55089778c: no usable pages in manifest.,2026-07-17T17:25:43.954024
lacharente,bd6t55089779s,,failed,0,0,,no_usable_pages,known,,,bd6t55089779s: no usable pages in manifest.,2026-07-17T17:25:44.067489
lacharente,bd6t55089780f,,failed,0,0,,no_usable_pages,known,,,bd6t55089780f: no usable pages in manifest.,2026-07-17T17:25:44.203243
lacharente,bd6t55089781v,,failed,0,0,,no_usable_pages,known,,,bd6t55089781v: no usable pages in manifest.,2026-07-17T17:25:44.407259
lacharente,bd6t550897828,,failed,0,0,,no_usable_pages,known,,,bd6t550897828: no usable pages in manifest.,2026-07-17T17:25:44.596135
lacharente,bd6t55089783p,,failed,0,0,,no_usable_pages,known,,,bd6t55089783p: no usable pages in manifest.,2026-07-17T17:25:45.123828
lacharente,bd6t550897843,,failed,0,0,,no_usable_pages,known,,,bd6t550897843: no usable pages in manifest.,2026-07-17T17:25:45.432406
lacharente,bd6t55089785h,,failed,0,0,,no_usable_pages,known,,,bd6t55089785h: no usable pages in manifest.,2026-07-17T17:25:45.712859
lacharente,bd6t55089786x,,failed,0,0,,no_usable_pages,known,,,bd6t55089786x: no usable pages in manifest.,2026-07-17T17:25:45.806643
lacharente,bd6t55089787b,,failed,0,0,,no_usable_pages,known,,,bd6t55089787b: no usable pages in manifest.,2026-07-17T17:25:45.986650
lacharente,bd6t55089788r,,failed,0,0,,no_usable_pages,known,,,bd6t55089788r: no usable pages in manifest.,2026-07-17T17:25:46.171397
lacharente,bd6t550897895,,failed,0,0,,no_usable_pages,known,,,bd6t550897895: no usable pages in manifest.,2026-07-17T17:25:46.357700
lacharente,bd6t55089790t,,failed,0,0,,no_usable_pages,known,,,bd6t55089790t: no usable pages in manifest.,2026-07-17T17:25:46.634013
lacharente,bd6t550897917,,failed,0,0,,no_usable_pages,known,,,bd6t550897917: no usable pages in manifest.,2026-07-17T17:25:46.768029
lacharente,bd6t55089792n,,failed,0,0,,no_usable_pages,known,,,bd6t55089792n: no usable pages in manifest.,2026-07-17T17:25:46.943183
lacharente,bd6t550897932,,failed,0,0,,no_usable_pages,known,,,bd6t550897932: no usable pages in manifest.,2026-07-17T17:25:47.097473
lacharente,bd6t55089794g,,failed,0,0,,no_usable_pages,known,,,bd6t55089794g: no usable pages in manifest.,2026-07-17T17:25:47.281914
lacharente,bd6t55089795w,,failed,0,0,,no_usable_pages,known,,,bd6t55089795w: no usable pages in manifest.,2026-07-17T17:25:47.484270
lacharente,bd6t550897969,,failed,0,0,,no_usable_pages,known,,,bd6t550897969: no usable pages in manifest.,2026-07-17T17:25:47.701902
lacharente,bd6t55089797q,,failed,0,0,,no_usable_pages,known,,,bd6t55089797q: no usable pages in manifest.,2026-07-17T17:25:47.835565
lacharente,bd6t550897984,,failed,0,0,,no_usable_pages,known,,,bd6t550897984: no usable pages in manifest.,2026-07-17T17:25:47.997475
lacharente,bd6t55089799j,,failed,0,0,,no_usable_pages,known,,,bd6t55089799j: no usable pages in manifest.,2026-07-17T17:25:48.135291
lacharente,bd6t55089800r,,failed,0,0,,no_usable_pages,known,,,bd6t55089800r: no usable pages in manifest.,2026-07-17T17:25:48.361253
lacharente,bd6t550898015,,failed,0,0,,no_usable_pages,known,,,bd6t550898015: no usable pages in manifest.,2026-07-17T17:25:48.679372
lacharente,bd6t55089802k,,failed,0,0,,no_usable_pages,known,,,bd6t55089802k: no usable pages in manifest.,2026-07-17T17:25:49.147807
lacharente,bd6t550898030,,failed,0,0,,no_usable_pages,known,,,bd6t550898030: no usable pages in manifest.,2026-07-17T17:25:49.392758
lacharente,bd6t55089804d,,failed,0,0,,no_usable_pages,known,,,bd6t55089804d: no usable pages in manifest.,2026-07-17T17:25:49.590958
lacharente,bd6t55089805t,,failed,0,0,,no_usable_pages,known,,,bd6t55089805t: no usable pages in manifest.,2026-07-17T17:25:50.287364
lacharente,bd6t550898067,,failed,0,0,,no_usable_pages,known,,,bd6t550898067: no usable pages in manifest.,2026-07-17T17:25:50.742259
lacharente,bd6t55089807n,,failed,0,0,,no_usable_pages,known,,,bd6t55089807n: no usable pages in manifest.,2026-07-17T17:25:50.985748
lacharente,bd6t550898082,,failed,0,0,,no_usable_pages,known,,,bd6t550898082: no usable pages in manifest.,2026-07-17T17:25:51.302189
lacharente,bd6t55089809g,,failed,0,0,,no_usable_pages,known,,,bd6t55089809g: no usable pages in manifest.,2026-07-17T17:25:51.782040
lacharente,bd6t550898104,,failed,0,0,,no_usable_pages,known,,,bd6t550898104: no usable pages in manifest.,2026-07-17T17:25:52.036085
lacharente,bd6t55089811j,,failed,0,0,,no_usable_pages,known,,,bd6t55089811j: no usable pages in manifest.,2026-07-17T17:25:52.222820
lacharente,bd6t55089812z,,failed,0,0,,no_usable_pages,known,,,bd6t55089812z: no usable pages in manifest.,2026-07-17T17:25:52.503609
lacharente,bd6t55089813c,,failed,0,0,,no_usable_pages,known,,,bd6t55089813c: no usable pages in manifest.,2026-07-17T17:25:52.863686
lacharente,bd6t55089814s,,failed,0,0,,no_usable_pages,known,,,bd6t55089814s: no usable pages in manifest.,2026-07-17T17:25:53.097127
lacharente,bd6t550898156,,failed,0,0,,no_usable_pages,known,,,bd6t550898156: no usable pages in manifest.,2026-07-17T17:25:53.375983
lacharente,bd6t55089816m,,failed,0,0,,no_usable_pages,known,,,bd6t55089816m: no usable pages in manifest.,2026-07-17T17:25:53.540693
lacharente,bd6t550898171,,failed,0,0,,no_usable_pages,known,,,bd6t550898171: no usable pages in manifest.,2026-07-17T17:25:53.882414
lacharente,bd6t55089818f,,failed,0,0,,no_usable_pages,known,,,bd6t55089818f: no usable pages in manifest.,2026-07-17T17:25:54.020530
lacharente,bd6t55089819v,,failed,0,0,,no_usable_pages,known,,,bd6t55089819v: no usable pages in manifest.,2026-07-17T17:25:54.233741
lacharente,bd6t55089820h,,failed,0,0,,no_usable_pages,known,,,bd6t55089820h: no usable pages in manifest.,2026-07-17T17:25:54.372007
lacharente,bd6t55089821x,,failed,0,0,,no_usable_pages,known,,,bd6t55089821x: no usable pages in manifest.,2026-07-17T17:25:54.535927
lacharente,bd6t55089822b,,failed,0,0,,no_usable_pages,known,,,bd6t55089822b: no usable pages in manifest.,2026-07-17T17:25:54.662485
lacharente,bd6t55089823r,,failed,0,0,,no_usable_pages,known,,,bd6t55089823r: no usable pages in manifest.,2026-07-17T17:25:54.876977
lacharente,bd6t550898245,,failed,0,0,,no_usable_pages,known,,,bd6t550898245: no usable pages in manifest.,2026-07-17T17:25:54.980731
lacharente,bd6t55089825k,,failed,0,0,,no_usable_pages,known,,,bd6t55089825k: no usable pages in manifest.,2026-07-17T17:25:55.141565
lacharente,bd6t550898260,,failed,0,0,,no_usable_pages,known,,,bd6t550898260: no usable pages in manifest.,2026-07-17T17:25:55.346131
lacharente,bd6t55089827d,,failed,0,0,,no_usable_pages,known,,,bd6t55089827d: no usable pages in manifest.,2026-07-17T17:25:56.059976
lacharente,bd6t55089828t,,failed,0,0,,no_usable_pages,known,,,bd6t55089828t: no usable pages in manifest.,2026-07-17T17:25:56.507102
lacharente,bd6t550898297,,failed,0,0,,no_usable_pages,known,,,bd6t550898297: no usable pages in manifest.,2026-07-17T17:25:56.632367
lacharente,bd6t55089830w,,failed,0,0,,no_usable_pages,known,,,bd6t55089830w: no usable pages in manifest.,2026-07-17T17:25:56.778174
lacharente,bd6t550898319,,failed,0,0,,no_usable_pages,known,,,bd6t550898319: no usable pages in manifest.,2026-07-17T17:25:57.010343
lacharente,bd6t55089832q,,failed,0,0,,no_usable_pages,known,,,bd6t55089832q: no usable pages in manifest.,2026-07-17T17:25:57.172648
lacharente,bd6t550898334,,failed,0,0,,no_usable_pages,known,,,bd6t550898334: no usable pages in manifest.,2026-07-17T17:25:57.494417
lacharente,bd6t55089834j,,failed,0,0,,no_usable_pages,known,,,bd6t55089834j: no usable pages in manifest.,2026-07-17T17:25:57.779657
lacharente,bd6t55089835z,,failed,0,0,,no_usable_pages,known,,,bd6t55089835z: no usable pages in manifest.,2026-07-17T17:25:58.013842
lacharente,bd6t55089836c,,failed,0,0,,no_usable_pages,known,,,bd6t55089836c: no usable pages in manifest.,2026-07-17T17:25:58.108972
lacharente,bd6t55089837s,,failed,0,0,,no_usable_pages,known,,,bd6t55089837s: no usable pages in manifest.,2026-07-17T17:25:58.223910
lacharente,bd6t550898386,,failed,0,0,,no_usable_pages,known,,,bd6t550898386: no usable pages in manifest.,2026-07-17T17:25:58.429420
lacharente,bd6t55089839m,,failed,0,0,,no_usable_pages,known,,,bd6t55089839m: no usable pages in manifest.,2026-07-17T17:25:58.675404
lacharente,bd6t550898408,,failed,0,0,,no_usable_pages,known,,,bd6t550898408: no usable pages in manifest.,2026-07-17T17:25:58.837462
lacharente,bd6t55089841p,,failed,0,0,,no_usable_pages,known,,,bd6t55089841p: no usable pages in manifest.,2026-07-17T17:25:59.042116
lacharente,bd6t550898423,,failed,0,0,,no_usable_pages,known,,,bd6t550898423: no usable pages in manifest.,2026-07-17T17:25:59.331473
lacharente,bd6t55089843h,,failed,0,0,,no_usable_pages,known,,,bd6t55089843h: no usable pages in manifest.,2026-07-17T17:25:59.593633
lacharente,bd6t55089844x,,failed,0,0,,no_usable_pages,known,,,bd6t55089844x: no usable pages in manifest.,2026-07-17T17:25:59.905547
lacharente,bd6t55089845b,,failed,0,0,,no_usable_pages,known,,,bd6t55089845b: no usable pages in manifest.,2026-07-17T17:26:00.119330
lacharente,bd6t55089846r,,failed,0,0,,no_usable_pages,known,,,bd6t55089846r: no usable pages in manifest.,2026-07-17T17:26:00.340352
lacharente,bd6t550898475,,failed,0,0,,no_usable_pages,known,,,bd6t550898475: no usable pages in manifest.,2026-07-17T17:26:00.564597
lacharente,bd6t55089848k,,failed,0,0,,no_usable_pages,known,,,bd6t55089848k: no usable pages in manifest.,2026-07-17T17:26:00.840483
lacharente,bd6t550898490,,failed,0,0,,no_usable_pages,known,,,bd6t550898490: no usable pages in manifest.,2026-07-17T17:26:01.168945
lacharente,bd6t55089850n,,failed,0,0,,no_usable_pages,known,,,bd6t55089850n: no usable pages in manifest.,2026-07-17T17:26:02.124624
lacharente,bd6t550898512,,failed,0,0,,no_usable_pages,known,,,bd6t550898512: no usable pages in manifest.,2026-07-17T17:26:02.292364
lacharente,bd6t55089852g,,failed,0,0,,no_usable_pages,known,,,bd6t55089852g: no usable pages in manifest.,2026-07-17T17:26:02.521317
lacharente,bd6t55089853w,,failed,0,0,,no_usable_pages,known,,,bd6t55089853w: no usable pages in manifest.,2026-07-17T17:26:02.675209
lacharente,bd6t550898549,,failed,0,0,,no_usable_pages,known,,,bd6t550898549: no usable pages in manifest.,2026-07-17T17:26:02.866993
lacharente,bd6t55089855q,,failed,0,0,,no_usable_pages,known,,,bd6t55089855q: no usable pages in manifest.,2026-07-17T17:26:03.243347
lacharente,bd6t550898564,,failed,0,0,,no_usable_pages,known,,,bd6t550898564: no usable pages in manifest.,2026-07-17T17:26:03.389546
lacharente,bd6t55089857j,,failed,0,0,,no_usable_pages,known,,,bd6t55089857j: no usable pages in manifest.,2026-07-17T17:26:03.525907
lacharente,bd6t55089858z,,failed,0,0,,no_usable_pages,known,,,bd6t55089858z: no usable pages in manifest.,2026-07-17T17:26:03.650944
lacharente,bd6t55089859c,,failed,0,0,,no_usable_pages,known,,,bd6t55089859c: no usable pages in manifest.,2026-07-17T17:26:03.793843
lacharente,bd6t55089861f,,failed,0,0,,no_usable_pages,known,,,bd6t55089861f: no usable pages in manifest.,2026-07-17T17:26:03.927329
lacharente,bd6t55089862v,,failed,0,0,,no_usable_pages,known,,,bd6t55089862v: no usable pages in manifest.,2026-07-17T17:26:04.265370
lacharente,bd6t550898638,,failed,0,0,,no_usable_pages,known,,,bd6t550898638: no usable pages in manifest.,2026-07-17T17:26:04.456557
lacharente,bd6t550898653,,failed,0,0,,no_usable_pages,known,,,bd6t550898653: no usable pages in manifest.,2026-07-17T17:26:04.645525
lacharente,bd6t55089866h,,failed,0,0,,no_usable_pages,known,,,bd6t55089866h: no usable pages in manifest.,2026-07-17T17:26:04.821241
lacharente,bd6t55089867x,,failed,0,0,,no_usable_pages,known,,,bd6t55089867x: no usable pages in manifest.,2026-07-17T17:26:04.972678
lacharente,bd6t55089868b,,failed,0,0,,no_usable_pages,known,,,bd6t55089868b: no usable pages in manifest.,2026-07-17T17:26:05.178266
lacharente,bd6t55089869r,,failed,0,0,,no_usable_pages,known,,,bd6t55089869r: no usable pages in manifest.,2026-07-17T17:26:05.489875
lacharente,bd6t55089870d,,failed,0,0,,no_usable_pages,known,,,bd6t55089870d: no usable pages in manifest.,2026-07-17T17:26:05.621569
lacharente,bd6t55089871t,,failed,0,0,,no_usable_pages,known,,,bd6t55089871t: no usable pages in manifest.,2026-07-17T17:26:05.826854
lacharente,bd6t550898727,,failed,0,0,,no_usable_pages,known,,,bd6t550898727: no usable pages in manifest.,2026-07-17T17:26:06.252356
lacharente,bd6t55089873n,,failed,0,0,,no_usable_pages,known,,,bd6t55089873n: no usable pages in manifest.,2026-07-17T17:26:06.817001
lacharente,bd6t550898742,,failed,0,0,,no_usable_pages,known,,,bd6t550898742: no usable pages in manifest.,2026-07-17T17:26:07.571023
lacharente,bd6t55089875g,,failed,0,0,,no_usable_pages,known,,,bd6t55089875g: no usable pages in manifest.,2026-07-17T17:26:07.921025
lacharente,bd6t55089876w,,failed,0,0,,no_usable_pages,known,,,bd6t55089876w: no usable pages in manifest.,2026-07-17T17:26:08.118707
lacharente,bd6t550898779,,failed,0,0,,no_usable_pages,known,,,bd6t550898779: no usable pages in manifest.,2026-07-17T17:26:08.319033
lacharente,bd6t55089878q,,failed,0,0,,no_usable_pages,known,,,bd6t55089878q: no usable pages in manifest.,2026-07-17T17:26:08.511597
lacharente,bd6t550898794,,failed,0,0,,no_usable_pages,known,,,bd6t550898794: no usable pages in manifest.,2026-07-17T17:26:08.683205
lacharente,bd6t55089880s,,failed,0,0,,no_usable_pages,known,,,bd6t55089880s: no usable pages in manifest.,2026-07-17T17:26:09.055089
lacharente,bd6t550898816,,failed,0,0,,no_usable_pages,known,,,bd6t550898816: no usable pages in manifest.,2026-07-17T17:26:09.258762
lacharente,bd6t55089882m,,failed,0,0,,no_usable_pages,known,,,bd6t55089882m: no usable pages in manifest.,2026-07-17T17:26:09.649113
lacharente,bd6t550898831,,failed,0,0,,no_usable_pages,known,,,bd6t550898831: no usable pages in manifest.,2026-07-17T17:26:09.956066
lacharente,bd6t55089884f,,failed,0,0,,no_usable_pages,known,,,bd6t55089884f: no usable pages in manifest.,2026-07-17T17:26:10.196910
lacharente,bd6t55089885v,,failed,0,0,,no_usable_pages,known,,,bd6t55089885v: no usable pages in manifest.,2026-07-17T17:26:10.381051
lacharente,bd6t550898868,,failed,0,0,,no_usable_pages,known,,,bd6t550898868: no usable pages in manifest.,2026-07-17T17:26:10.641484
lacharente,bd6t55089887p,,failed,0,0,,no_usable_pages,known,,,bd6t55089887p: no usable pages in manifest.,2026-07-17T17:26:10.788620
lacharente,bd6t550898883,,failed,0,0,,no_usable_pages,known,,,bd6t550898883: no usable pages in manifest.,2026-07-17T17:26:11.086591
lacharente,bd6t55089889h,,failed,0,0,,no_usable_pages,known,,,bd6t55089889h: no usable pages in manifest.,2026-07-17T17:26:11.404462
lacharente,bd6t550898905,,failed,0,0,,no_usable_pages,known,,,bd6t550898905: no usable pages in manifest.,2026-07-17T17:26:11.560163
lacharente,bd6t550898601,,failed,0,0,,no_usable_pages,known,,,bd6t550898601: no usable pages in manifest.,2026-07-17T17:26:11.755298
lacharente,bd6t55089891k,,failed,0,0,,no_usable_pages,known,,,bd6t55089891k: no usable pages in manifest.,2026-07-17T17:26:11.959930
lacharente,bd6t550898920,,failed,0,0,,no_usable_pages,known,,,bd6t550898920: no usable pages in manifest.,2026-07-17T17:26:12.184863
lacharente,bd6t55089864p,,failed,0,0,,no_usable_pages,known,,,bd6t55089864p: no usable pages in manifest.,2026-07-17T17:26:12.411814
lacharente,bd6t55089893d,,failed,0,0,,no_usable_pages,known,,,bd6t55089893d: no usable pages in manifest.,2026-07-17T17:26:12.579062
lacharente,bd6t55089894t,,failed,0,0,,no_usable_pages,known,,,bd6t55089894t: no usable pages in manifest.,2026-07-17T17:26:12.872107
lacharente,bd6t550898957,,failed,0,0,,no_usable_pages,known,,,bd6t550898957: no usable pages in manifest.,2026-07-17T17:26:13.543654
lacharente,bd6t55089896n,,failed,0,0,,no_usable_pages,known,,,bd6t55089896n: no usable pages in manifest.,2026-07-17T17:26:13.800603
lacharente,bd6t550898972,,failed,0,0,,no_usable_pages,known,,,bd6t550898972: no usable pages in manifest.,2026-07-17T17:26:13.939866
lacharente,bd6t55089898g,,failed,0,0,,no_usable_pages,known,,,bd6t55089898g: no usable pages in manifest.,2026-07-17T17:26:14.066646
lacharente,bd6t55089899w,,failed,0,0,,no_usable_pages,known,,,bd6t55089899w: no usable pages in manifest.,2026-07-17T17:26:14.215241
lacharente,bd6t550899003,,failed,0,0,,no_usable_pages,known,,,bd6t550899003: no usable pages in manifest.,2026-07-17T17:26:14.321967
lacharente,bd6t55089901h,,failed,0,0,,no_usable_pages,known,,,bd6t55089901h: no usable pages in manifest.,2026-07-17T17:26:14.457441
lacharente,bd6t55089902x,,failed,0,0,,no_usable_pages,known,,,bd6t55089902x: no usable pages in manifest.,2026-07-17T17:26:14.721247
lacharente,bd6t55089903b,,failed,0,0,,no_usable_pages,known,,,bd6t55089903b: no usable pages in manifest.,2026-07-17T17:26:14.857086
lacharente,bd6t55089904r,,failed,0,0,,no_usable_pages,known,,,bd6t55089904r: no usable pages in manifest.,2026-07-17T17:26:14.993950
lacharente,bd6t550899055,,failed,0,0,,no_usable_pages,known,,,bd6t550899055: no usable pages in manifest.,2026-07-17T17:26:15.113302
lacharente,bd6t55089906k,,failed,0,0,,no_usable_pages,known,,,bd6t55089906k: no usable pages in manifest.,2026-07-17T17:26:15.278959
lacharente,bd6t550899070,,failed,0,0,,no_usable_pages,known,,,bd6t550899070: no usable pages in manifest.,2026-07-17T17:26:15.422662
lacharente,bd6t55089908d,,failed,0,0,,no_usable_pages,known,,,bd6t55089908d: no usable pages in manifest.,2026-07-17T17:26:15.597972
lacharente,bd6t55089909t,,failed,0,0,,no_usable_pages,known,,,bd6t55089909t: no usable pages in manifest.,2026-07-17T17:26:15.854326
lacharente,bd6t55089910g,,failed,0,0,,no_usable_pages,known,,,bd6t55089910g: no usable pages in manifest.,2026-07-17T17:26:15.963303
lacharente,bd6t55089911w,,failed,0,0,,no_usable_pages,known,,,bd6t55089911w: no usable pages in manifest.,2026-07-17T17:26:16.065728
lacharente,bd6t550899129,,failed,0,0,,no_usable_pages,known,,,bd6t550899129: no usable pages in manifest.,2026-07-17T17:26:16.163712
lacharente,bd6t55089913q,,failed,0,0,,no_usable_pages,known,,,bd6t55089913q: no usable pages in manifest.,2026-07-17T17:26:16.291195
lacharente,bd6t550899144,,failed,0,0,,no_usable_pages,known,,,bd6t550899144: no usable pages in manifest.,2026-07-17T17:26:16.501585
lacharente,bd6t55089915j,,failed,0,0,,no_usable_pages,known,,,bd6t55089915j: no usable pages in manifest.,2026-07-17T17:26:16.680698
lacharente,bd6t55089916z,,failed,0,0,,no_usable_pages,known,,,bd6t55089916z: no usable pages in manifest.,2026-07-17T17:26:16.961199
lacharente,bd6t55089917c,,failed,0,0,,no_usable_pages,known,,,bd6t55089917c: no usable pages in manifest.,2026-07-17T17:26:17.131888
lacharente,bd6t55089918s,,failed,0,0,,no_usable_pages,known,,,bd6t55089918s: no usable pages in manifest.,2026-07-17T17:26:17.301564
lacharente,bd6t550899196,,failed,0,0,,no_usable_pages,known,,,bd6t550899196: no usable pages in manifest.,2026-07-17T17:26:17.481224
lacharente,bd6t55089920v,,failed,0,0,,no_usable_pages,known,,,bd6t55089920v: no usable pages in manifest.,2026-07-17T17:26:17.608351
lacharente,bd6t550899218,,failed,0,0,,no_usable_pages,known,,,bd6t550899218: no usable pages in manifest.,2026-07-17T17:26:17.712779
lacharente,bd6t55089922p,,failed,0,0,,no_usable_pages,known,,,bd6t55089922p: no usable pages in manifest.,2026-07-17T17:26:17.976526
lacharente,bd6t550899233,,failed,0,0,,no_usable_pages,known,,,bd6t550899233: no usable pages in manifest.,2026-07-17T17:26:18.105631
lacharente,bd6t55089924h,,failed,0,0,,no_usable_pages,known,,,bd6t55089924h: no usable pages in manifest.,2026-07-17T17:26:18.840969
lacharente,bd6t55089925x,,failed,0,0,,no_usable_pages,known,,,bd6t55089925x: no usable pages in manifest.,2026-07-17T17:26:19.340926
lacharente,bd6t55089926b,,failed,0,0,,no_usable_pages,known,,,bd6t55089926b: no usable pages in manifest.,2026-07-17T17:26:19.573801
lacharente,bd6t55089927r,,failed,0,0,,no_usable_pages,known,,,bd6t55089927r: no usable pages in manifest.,2026-07-17T17:26:19.839353
lacharente,bd6t550899285,,failed,0,0,,no_usable_pages,known,,,bd6t550899285: no usable pages in manifest.,2026-07-17T17:26:20.271080
lacharente,bd6t55089929k,,failed,0,0,,no_usable_pages,known,,,bd6t55089929k: no usable pages in manifest.,2026-07-17T17:26:20.579249
lacharente,bd6t550899307,,failed,0,0,,no_usable_pages,known,,,bd6t550899307: no usable pages in manifest.,2026-07-17T17:26:20.777653
lacharente,bd6t55089931n,,failed,0,0,,no_usable_pages,known,,,bd6t55089931n: no usable pages in manifest.,2026-07-17T17:26:20.956003
lacharente,bd6t550899322,,failed,0,0,,no_usable_pages,known,,,bd6t550899322: no usable pages in manifest.,2026-07-17T17:26:21.222833
lacharente,bd6t55089933g,,failed,0,0,,no_usable_pages,known,,,bd6t55089933g: no usable pages in manifest.,2026-07-17T17:26:21.373634
lacharente,bd6t55089934w,,failed,0,0,,no_usable_pages,known,,,bd6t55089934w: no usable pages in manifest.,2026-07-17T17:26:21.594750
lacharente,bd6t550899359,,failed,0,0,,no_usable_pages,known,,,bd6t550899359: no usable pages in manifest.,2026-07-17T17:26:21.801373
lacharente,bd6t55089936q,,failed,0,0,,no_usable_pages,known,,,bd6t55089936q: no usable pages in manifest.,2026-07-17T17:26:21.921356
lacharente,bd6t550899374,,failed,0,0,,no_usable_pages,known,,,bd6t550899374: no usable pages in manifest.,2026-07-17T17:26:22.049318
lacharente,bd6t55089938j,,failed,0,0,,no_usable_pages,known,,,bd6t55089938j: no usable pages in manifest.,2026-07-17T17:26:22.279070
lacharente,bd6t55089939z,,failed,0,0,,no_usable_pages,known,,,bd6t55089939z: no usable pages in manifest.,2026-07-17T17:26:22.427252
lacharente,bd6t55089940m,,failed,0,0,,no_usable_pages,known,,,bd6t55089940m: no usable pages in manifest.,2026-07-17T17:26:22.621671
lacharente,bd6t550899411,,failed,0,0,,no_usable_pages,known,,,bd6t550899411: no usable pages in manifest.,2026-07-17T17:26:22.780691
lacharente,bd6t55089942f,,failed,0,0,,no_usable_pages,known,,,bd6t55089942f: no usable pages in manifest.,2026-07-17T17:26:22.996032
lacharente,bd6t55089943v,,failed,0,0,,no_usable_pages,known,,,bd6t55089943v: no usable pages in manifest.,2026-07-17T17:26:23.169162
lacharente,bd6t55090251g,,failed,0,0,,no_usable_pages,known,,,bd6t55090251g: no usable pages in manifest.,2026-07-17T17:26:23.384417
lacharente,bd6t550899448,,failed,0,0,,no_usable_pages,known,,,bd6t550899448: no usable pages in manifest.,2026-07-17T17:26:23.544250
lacharente,bd6t55089945p,,failed,0,0,,no_usable_pages,known,,,bd6t55089945p: no usable pages in manifest.,2026-07-17T17:26:23.723483
lacharente,bd6t550899463,,failed,0,0,,no_usable_pages,known,,,bd6t550899463: no usable pages in manifest.,2026-07-17T17:26:23.907639
lacharente,bd6t55089947h,,failed,0,0,,no_usable_pages,known,,,bd6t55089947h: no usable pages in manifest.,2026-07-17T17:26:24.195506
lacharente,bd6t55089948x,,failed,0,0,,no_usable_pages,known,,,bd6t55089948x: no usable pages in manifest.,2026-07-17T17:26:24.656626
lacharente,bd6t55089949b,,failed,0,0,,no_usable_pages,known,,,bd6t55089949b: no usable pages in manifest.,2026-07-17T17:26:24.837156
lacharente,bd6t550899500,,failed,0,0,,no_usable_pages,known,,,bd6t550899500: no usable pages in manifest.,2026-07-17T17:26:25.007301
lacharente,bd6t55089951d,,failed,0,0,,no_usable_pages,known,,,bd6t55089951d: no usable pages in manifest.,2026-07-17T17:26:25.091453
lacharente,bd6t55089952t,,failed,0,0,,no_usable_pages,known,,,bd6t55089952t: no usable pages in manifest.,2026-07-17T17:26:25.185022
lacharente,bd6t550899537,,failed,0,0,,no_usable_pages,known,,,bd6t550899537: no usable pages in manifest.,2026-07-17T17:26:25.282481
lacharente,bd6t55089954n,,failed,0,0,,no_usable_pages,known,,,bd6t55089954n: no usable pages in manifest.,2026-07-17T17:26:25.432966
lacharente,bd6t550899552,,failed,0,0,,no_usable_pages,known,,,bd6t550899552: no usable pages in manifest.,2026-07-17T17:26:25.599342
lacharente,bd6t55089956g,,failed,0,0,,no_usable_pages,known,,,bd6t55089956g: no usable pages in manifest.,2026-07-17T17:26:25.711169
lacharente,bd6t55089957w,,failed,0,0,,no_usable_pages,known,,,bd6t55089957w: no usable pages in manifest.,2026-07-17T17:26:25.837128
lacharente,bd6t550899589,,failed,0,0,,no_usable_pages,known,,,bd6t550899589: no usable pages in manifest.,2026-07-17T17:26:25.973287
lacharente,bd6t55089959q,,failed,0,0,,no_usable_pages,known,,,bd6t55089959q: no usable pages in manifest.,2026-07-17T17:26:26.098757
lacharente,bd6t55089960c,,failed,0,0,,no_usable_pages,known,,,bd6t55089960c: no usable pages in manifest.,2026-07-17T17:26:26.197309
lacharente,bd6t55089961s,,failed,0,0,,no_usable_pages,known,,,bd6t55089961s: no usable pages in manifest.,2026-07-17T17:26:26.327026
lacharente,bd6t550899626,,failed,0,0,,no_usable_pages,known,,,bd6t550899626: no usable pages in manifest.,2026-07-17T17:26:26.454511
lacharente,bd6t55089963m,,failed,0,0,,no_usable_pages,known,,,bd6t55089963m: no usable pages in manifest.,2026-07-17T17:26:26.576372
lacharente,bd6t550899641,,failed,0,0,,no_usable_pages,known,,,bd6t550899641: no usable pages in manifest.,2026-07-17T17:26:26.689748
lacharente,bd6t55089965f,,failed,0,0,,no_usable_pages,known,,,bd6t55089965f: no usable pages in manifest.,2026-07-17T17:26:26.836654
lacharente,bd6t55089966v,,failed,0,0,,no_usable_pages,known,,,bd6t55089966v: no usable pages in manifest.,2026-07-17T17:26:26.961105
lacharente,bd6t550899678,,failed,0,0,,no_usable_pages,known,,,bd6t550899678: no usable pages in manifest.,2026-07-17T17:26:27.141040
lacharente,bd6t55089968p,,failed,0,0,,no_usable_pages,known,,,bd6t55089968p: no usable pages in manifest.,2026-07-17T17:26:27.282598
lacharente,bd6t550899693,,failed,0,0,,no_usable_pages,known,,,bd6t550899693: no usable pages in manifest.,2026-07-17T17:26:27.411431
lacharente,bd6t55089970r,,failed,0,0,,no_usable_pages,known,,,bd6t55089970r: no usable pages in manifest.,2026-07-17T17:26:27.519604
lacharente,bd6t550899715,,failed,0,0,,no_usable_pages,known,,,bd6t550899715: no usable pages in manifest.,2026-07-17T17:26:27.698424
lacharente,bd6t55089972k,,failed,0,0,,no_usable_pages,known,,,bd6t55089972k: no usable pages in manifest.,2026-07-17T17:26:27.831396
lacharente,bd6t550899730,,failed,0,0,,no_usable_pages,known,,,bd6t550899730: no usable pages in manifest.,2026-07-17T17:26:28.006645
lacharente,bd6t55089974d,,failed,0,0,,no_usable_pages,known,,,bd6t55089974d: no usable pages in manifest.,2026-07-17T17:26:28.162546
lacharente,bd6t55089975t,,failed,0,0,,no_usable_pages,known,,,bd6t55089975t: no usable pages in manifest.,2026-07-17T17:26:28.315357
lacharente,bd6t550899767,,failed,0,0,,no_usable_pages,known,,,bd6t550899767: no usable pages in manifest.,2026-07-17T17:26:28.502810
lacharente,bd6t55089977n,,failed,0,0,,no_usable_pages,known,,,bd6t55089977n: no usable pages in manifest.,2026-07-17T17:26:28.706671
lacharente,bd6t550899782,,failed,0,0,,no_usable_pages,known,,,bd6t550899782: no usable pages in manifest.,2026-07-17T17:26:28.810448
lacharente,bd6t55089979g,,failed,0,0,,no_usable_pages,known,,,bd6t55089979g: no usable pages in manifest.,2026-07-17T17:26:28.969122
lacharente,bd6t550899804,,failed,0,0,,no_usable_pages,known,,,bd6t550899804: no usable pages in manifest.,2026-07-17T17:26:29.613726
lacharente,bd6t55089981j,,failed,0,0,,no_usable_pages,known,,,bd6t55089981j: no usable pages in manifest.,2026-07-17T17:26:29.954460
lacharente,bd6t55089982z,,failed,0,0,,no_usable_pages,known,,,bd6t55089982z: no usable pages in manifest.,2026-07-17T17:26:30.185711
lacharente,bd6t55089983c,,failed,0,0,,no_usable_pages,known,,,bd6t55089983c: no usable pages in manifest.,2026-07-17T17:26:30.341780
lacharente,bd6t55089984s,,failed,0,0,,no_usable_pages,known,,,bd6t55089984s: no usable pages in manifest.,2026-07-17T17:26:30.609424
lacharente,bd6t550899856,,failed,0,0,,no_usable_pages,known,,,bd6t550899856: no usable pages in manifest.,2026-07-17T17:26:30.799506
lacharente,bd6t55089986m,,failed,0,0,,no_usable_pages,known,,,bd6t55089986m: no usable pages in manifest.,2026-07-17T17:26:31.121504
lacharente,bd6t550899871,,failed,0,0,,no_usable_pages,known,,,bd6t550899871: no usable pages in manifest.,2026-07-17T17:26:31.358080
lacharente,bd6t55089988f,,failed,0,0,,no_usable_pages,known,,,bd6t55089988f: no usable pages in manifest.,2026-07-17T17:26:31.541977
lacharente,bd6t55089989v,,failed,0,0,,no_usable_pages,known,,,bd6t55089989v: no usable pages in manifest.,2026-07-17T17:26:31.818924
lacharente,bd6t55089990h,,failed,0,0,,no_usable_pages,known,,,bd6t55089990h: no usable pages in manifest.,2026-07-17T17:26:32.208578
lacharente,bd6t55089991x,,failed,0,0,,no_usable_pages,known,,,bd6t55089991x: no usable pages in manifest.,2026-07-17T17:26:32.570615
lacharente,bd6t55089992b,,failed,0,0,,no_usable_pages,known,,,bd6t55089992b: no usable pages in manifest.,2026-07-17T17:26:32.874107
lacharente,bd6t55089993r,,failed,0,0,,no_usable_pages,known,,,bd6t55089993r: no usable pages in manifest.,2026-07-17T17:26:33.117369
lacharente,bd6t550899945,,failed,0,0,,no_usable_pages,known,,,bd6t550899945: no usable pages in manifest.,2026-07-17T17:26:33.517587
lacharente,bd6t55089995k,,failed,0,0,,no_usable_pages,known,,,bd6t55089995k: no usable pages in manifest.,2026-07-17T17:26:33.768559
lacharente,bd6t550899960,,failed,0,0,,no_usable_pages,known,,,bd6t550899960: no usable pages in manifest.,2026-07-17T17:26:34.065281
lacharente,bd6t55089997d,,failed,0,0,,no_usable_pages,known,,,bd6t55089997d: no usable pages in manifest.,2026-07-17T17:26:34.245683
lacharente,bd6t55089998t,,failed,0,0,,no_usable_pages,known,,,bd6t55089998t: no usable pages in manifest.,2026-07-17T17:26:34.422371
lacharente,bd6t550899997,,failed,0,0,,no_usable_pages,known,,,bd6t550899997: no usable pages in manifest.,2026-07-17T17:26:34.630837
lacharente,bd6t55090000g,,failed,0,0,,no_usable_pages,known,,,bd6t55090000g: no usable pages in manifest.,2026-07-17T17:26:34.874652
lacharente,bd6t55090001w,,failed,0,0,,no_usable_pages,known,,,bd6t55090001w: no usable pages in manifest.,2026-07-17T17:26:35.397888
lacharente,bd6t550900029,,failed,0,0,,no_usable_pages,known,,,bd6t550900029: no usable pages in manifest.,2026-07-17T17:26:35.690165
lacharente,bd6t55090003q,,failed,0,0,,no_usable_pages,known,,,bd6t55090003q: no usable pages in manifest.,2026-07-17T17:26:35.819771
lacharente,bd6t550900044,,failed,0,0,,no_usable_pages,known,,,bd6t550900044: no usable pages in manifest.,2026-07-17T17:26:36.053194
lacharente,bd6t55090005j,,failed,0,0,,no_usable_pages,known,,,bd6t55090005j: no usable pages in manifest.,2026-07-17T17:26:36.170422
lacharente,bd6t55090006z,,failed,0,0,,no_usable_pages,known,,,bd6t55090006z: no usable pages in manifest.,2026-07-17T17:26:36.288935
lacharente,bd6t55090007c,,failed,0,0,,no_usable_pages,known,,,bd6t55090007c: no usable pages in manifest.,2026-07-17T17:26:36.544833
lacharente,bd6t55090008s,,failed,0,0,,no_usable_pages,known,,,bd6t55090008s: no usable pages in manifest.,2026-07-17T17:26:36.721190
lacharente,bd6t550900096,,failed,0,0,,no_usable_pages,known,,,bd6t550900096: no usable pages in manifest.,2026-07-17T17:26:36.841739
lacharente,bd6t55090010v,,failed,0,0,,no_usable_pages,known,,,bd6t55090010v: no usable pages in manifest.,2026-07-17T17:26:36.997308
lacharente,bd6t550900118,,failed,0,0,,no_usable_pages,known,,,bd6t550900118: no usable pages in manifest.,2026-07-17T17:26:37.128626
lacharente,bd6t55090012p,,failed,0,0,,no_usable_pages,known,,,bd6t55090012p: no usable pages in manifest.,2026-07-17T17:26:37.234185
lacharente,bd6t550900133,,failed,0,0,,no_usable_pages,known,,,bd6t550900133: no usable pages in manifest.,2026-07-17T17:26:37.357518
lacharente,bd6t55090014h,,failed,0,0,,no_usable_pages,known,,,bd6t55090014h: no usable pages in manifest.,2026-07-17T17:26:37.474294
lacharente,bd6t55090015x,,failed,0,0,,no_usable_pages,known,,,bd6t55090015x: no usable pages in manifest.,2026-07-17T17:26:37.630404
lacharente,bd6t55090016b,,failed,0,0,,no_usable_pages,known,,,bd6t55090016b: no usable pages in manifest.,2026-07-17T17:26:37.797194
lacharente,bd6t55090017r,,failed,0,0,,no_usable_pages,known,,,bd6t55090017r: no usable pages in manifest.,2026-07-17T17:26:37.973979
lacharente,bd6t550900185,,failed,0,0,,no_usable_pages,known,,,bd6t550900185: no usable pages in manifest.,2026-07-17T17:26:38.102134
lacharente,bd6t55090019k,,failed,0,0,,no_usable_pages,known,,,bd6t55090019k: no usable pages in manifest.,2026-07-17T17:26:38.206476
lacharente,bd6t550900207,,failed,0,0,,no_usable_pages,known,,,bd6t550900207: no usable pages in manifest.,2026-07-17T17:26:38.322367
lacharente,bd6t55090021n,,failed,0,0,,no_usable_pages,known,,,bd6t55090021n: no usable pages in manifest.,2026-07-17T17:26:38.466014
lacharente,bd6t550900222,,failed,0,0,,no_usable_pages,known,,,bd6t550900222: no usable pages in manifest.,2026-07-17T17:26:38.682077
lacharente,bd6t55090023g,,failed,0,0,,no_usable_pages,known,,,bd6t55090023g: no usable pages in manifest.,2026-07-17T17:26:38.868659
lacharente,bd6t55090024w,,failed,0,0,,no_usable_pages,known,,,bd6t55090024w: no usable pages in manifest.,2026-07-17T17:26:39.038515
lacharente,bd6t550900259,,failed,0,0,,no_usable_pages,known,,,bd6t550900259: no usable pages in manifest.,2026-07-17T17:26:39.281607
lacharente,bd6t55090026q,,failed,0,0,,no_usable_pages,known,,,bd6t55090026q: no usable pages in manifest.,2026-07-17T17:26:39.448693
lacharente,bd6t550900274,,failed,0,0,,no_usable_pages,known,,,bd6t550900274: no usable pages in manifest.,2026-07-17T17:26:39.575516
lacharente,bd6t55090028j,,failed,0,0,,no_usable_pages,known,,,bd6t55090028j: no usable pages in manifest.,2026-07-17T17:26:39.739082
lacharente,bd6t55090029z,,failed,0,0,,no_usable_pages,known,,,bd6t55090029z: no usable pages in manifest.,2026-07-17T17:26:40.172651
lacharente,bd6t55090030m,,failed,0,0,,no_usable_pages,known,,,bd6t55090030m: no usable pages in manifest.,2026-07-17T17:26:41.161661
lacharente,bd6t550900311,,failed,0,0,,no_usable_pages,known,,,bd6t550900311: no usable pages in manifest.,2026-07-17T17:26:41.368780
lacharente,bd6t55090032f,,failed,0,0,,no_usable_pages,known,,,bd6t55090032f: no usable pages in manifest.,2026-07-17T17:26:41.570228
lacharente,bd6t55090033v,,failed,0,0,,no_usable_pages,known,,,bd6t55090033v: no usable pages in manifest.,2026-07-17T17:26:41.768707
lacharente,bd6t550900348,,failed,0,0,,no_usable_pages,known,,,bd6t550900348: no usable pages in manifest.,2026-07-17T17:26:41.908148
lacharente,bd6t55090035p,,failed,0,0,,no_usable_pages,known,,,bd6t55090035p: no usable pages in manifest.,2026-07-17T17:26:42.064246
lacharente,bd6t550900363,,failed,0,0,,no_usable_pages,known,,,bd6t550900363: no usable pages in manifest.,2026-07-17T17:26:42.348978
lacharente,bd6t55090037h,,failed,0,0,,no_usable_pages,known,,,bd6t55090037h: no usable pages in manifest.,2026-07-17T17:26:42.480138
lacharente,bd6t55090038x,,failed,0,0,,no_usable_pages,known,,,bd6t55090038x: no usable pages in manifest.,2026-07-17T17:26:42.651124
lacharente,bd6t55090039b,,failed,0,0,,no_usable_pages,known,,,bd6t55090039b: no usable pages in manifest.,2026-07-17T17:26:42.846124
lacharente,bd6t550900400,,failed,0,0,,no_usable_pages,known,,,bd6t550900400: no usable pages in manifest.,2026-07-17T17:26:43.064057
lacharente,bd6t55090041d,,failed,0,0,,no_usable_pages,known,,,bd6t55090041d: no usable pages in manifest.,2026-07-17T17:26:43.352597
lacharente,bd6t55090042t,,failed,0,0,,no_usable_pages,known,,,bd6t55090042t: no usable pages in manifest.,2026-07-17T17:26:43.486302
lacharente,bd6t550900437,,failed,0,0,,no_usable_pages,known,,,bd6t550900437: no usable pages in manifest.,2026-07-17T17:26:43.643812
lacharente,bd6t55090044n,,failed,0,0,,no_usable_pages,known,,,bd6t55090044n: no usable pages in manifest.,2026-07-17T17:26:43.793450
lacharente,bd6t550900452,,failed,0,0,,no_usable_pages,known,,,bd6t550900452: no usable pages in manifest.,2026-07-17T17:26:43.951707
lacharente,bd6t55090046g,,failed,0,0,,no_usable_pages,known,,,bd6t55090046g: no usable pages in manifest.,2026-07-17T17:26:44.109902
lacharente,bd6t55090047w,,failed,0,0,,no_usable_pages,known,,,bd6t55090047w: no usable pages in manifest.,2026-07-17T17:26:44.316735
lacharente,bd6t550900489,,failed,0,0,,no_usable_pages,known,,,bd6t550900489: no usable pages in manifest.,2026-07-17T17:26:44.488467
lacharente,bd6t55090049q,,failed,0,0,,no_usable_pages,known,,,bd6t55090049q: no usable pages in manifest.,2026-07-17T17:26:44.612081
lacharente,bd6t55090050c,,failed,0,0,,no_usable_pages,known,,,bd6t55090050c: no usable pages in manifest.,2026-07-17T17:26:44.701692
lacharente,bd6t55090051s,,failed,0,0,,no_usable_pages,known,,,bd6t55090051s: no usable pages in manifest.,2026-07-17T17:26:44.811145
lacharente,bd6t550900526,,failed,0,0,,no_usable_pages,known,,,bd6t550900526: no usable pages in manifest.,2026-07-17T17:26:44.902823
lacharente,bd6t55090053m,,failed,0,0,,no_usable_pages,known,,,bd6t55090053m: no usable pages in manifest.,2026-07-17T17:26:45.066607
lacharente,bd6t550900541,,failed,0,0,,no_usable_pages,known,,,bd6t550900541: no usable pages in manifest.,2026-07-17T17:26:45.282276
lacharente,bd6t55090055f,,failed,0,0,,no_usable_pages,known,,,bd6t55090055f: no usable pages in manifest.,2026-07-17T17:26:45.457802
lacharente,bd6t55090056v,,failed,0,0,,no_usable_pages,known,,,bd6t55090056v: no usable pages in manifest.,2026-07-17T17:26:45.584936
lacharente,bd6t550900578,,failed,0,0,,no_usable_pages,known,,,bd6t550900578: no usable pages in manifest.,2026-07-17T17:26:45.755140
lacharente,bd6t55090058p,,failed,0,0,,no_usable_pages,known,,,bd6t55090058p: no usable pages in manifest.,2026-07-17T17:26:45.889489
lacharente,bd6t550900593,,failed,0,0,,no_usable_pages,known,,,bd6t550900593: no usable pages in manifest.,2026-07-17T17:26:46.186351
lacharente,bd6t55090060r,,failed,0,0,,no_usable_pages,known,,,bd6t55090060r: no usable pages in manifest.,2026-07-17T17:26:46.491940
lacharente,bd6t550900615,,failed,0,0,,no_usable_pages,known,,,bd6t550900615: no usable pages in manifest.,2026-07-17T17:26:46.687131
lacharente,bd6t55090062k,,failed,0,0,,no_usable_pages,known,,,bd6t55090062k: no usable pages in manifest.,2026-07-17T17:26:46.805962
lacharente,bd6t550900630,,failed,0,0,,no_usable_pages,known,,,bd6t550900630: no usable pages in manifest.,2026-07-17T17:26:47.045724
lacharente,bd6t55090064d,,failed,0,0,,no_usable_pages,known,,,bd6t55090064d: no usable pages in manifest.,2026-07-17T17:26:47.146262
lacharente,bd6t55090065t,,failed,0,0,,no_usable_pages,known,,,bd6t55090065t: no usable pages in manifest.,2026-07-17T17:26:47.281928
lacharente,bd6t550900667,,failed,0,0,,no_usable_pages,known,,,bd6t550900667: no usable pages in manifest.,2026-07-17T17:26:47.448924
lacharente,bd6t55090067n,,failed,0,0,,no_usable_pages,known,,,bd6t55090067n: no usable pages in manifest.,2026-07-17T17:26:47.615612
lacharente,bd6t550900682,,failed,0,0,,no_usable_pages,known,,,bd6t550900682: no usable pages in manifest.,2026-07-17T17:26:47.758201
lacharente,bd6t55090069g,,failed,0,0,,no_usable_pages,known,,,bd6t55090069g: no usable pages in manifest.,2026-07-17T17:26:47.854719
lacharente,bd6t550900704,,failed,0,0,,no_usable_pages,known,,,bd6t550900704: no usable pages in manifest.,2026-07-17T17:26:47.950333
lacharente,bd6t55090071j,,failed,0,0,,no_usable_pages,known,,,bd6t55090071j: no usable pages in manifest.,2026-07-17T17:26:48.059245
lacharente,bd6t55090072z,,failed,0,0,,no_usable_pages,known,,,bd6t55090072z: no usable pages in manifest.,2026-07-17T17:26:48.212712
lacharente,bd6t55090073c,,failed,0,0,,no_usable_pages,known,,,bd6t55090073c: no usable pages in manifest.,2026-07-17T17:26:48.365123
lacharente,bd6t55090074s,,failed,0,0,,no_usable_pages,known,,,bd6t55090074s: no usable pages in manifest.,2026-07-17T17:26:48.598719
lacharente,bd6t550900756,,failed,0,0,,no_usable_pages,known,,,bd6t550900756: no usable pages in manifest.,2026-07-17T17:26:48.847422
lacharente,bd6t55090076m,,failed,0,0,,no_usable_pages,known,,,bd6t55090076m: no usable pages in manifest.,2026-07-17T17:26:48.927896
lacharente,bd6t550900771,,failed,0,0,,no_usable_pages,known,,,bd6t550900771: no usable pages in manifest.,2026-07-17T17:26:49.082255
lacharente,bd6t55090078f,,failed,0,0,,no_usable_pages,known,,,bd6t55090078f: no usable pages in manifest.,2026-07-17T17:26:49.297739
lacharente,bd6t55090079v,,failed,0,0,,no_usable_pages,known,,,bd6t55090079v: no usable pages in manifest.,2026-07-17T17:26:49.451913
lacharente,bd6t55090080h,,failed,0,0,,no_usable_pages,known,,,bd6t55090080h: no usable pages in manifest.,2026-07-17T17:26:49.676758
lacharente,bd6t55090081x,,failed,0,0,,no_usable_pages,known,,,bd6t55090081x: no usable pages in manifest.,2026-07-17T17:26:50.058913
lacharente,bd6t55090082b,,failed,0,0,,no_usable_pages,known,,,bd6t55090082b: no usable pages in manifest.,2026-07-17T17:26:50.314278
lacharente,bd6t55090083r,,failed,0,0,,no_usable_pages,known,,,bd6t55090083r: no usable pages in manifest.,2026-07-17T17:26:50.542131
lacharente,bd6t550900845,,failed,0,0,,no_usable_pages,known,,,bd6t550900845: no usable pages in manifest.,2026-07-17T17:26:50.699915
lacharente,bd6t55090085k,,failed,0,0,,no_usable_pages,known,,,bd6t55090085k: no usable pages in manifest.,2026-07-17T17:26:51.543441
lacharente,bd6t550900860,,failed,0,0,,no_usable_pages,known,,,bd6t550900860: no usable pages in manifest.,2026-07-17T17:26:51.804752
lacharente,bd6t55090087d,,failed,0,0,,no_usable_pages,known,,,bd6t55090087d: no usable pages in manifest.,2026-07-17T17:26:52.058378
lacharente,bd6t55090088t,,failed,0,0,,no_usable_pages,known,,,bd6t55090088t: no usable pages in manifest.,2026-07-17T17:26:52.286628
lacharente,bd6t550900897,,failed,0,0,,no_usable_pages,known,,,bd6t550900897: no usable pages in manifest.,2026-07-17T17:26:52.528313
lacharente,bd6t55090090w,,failed,0,0,,no_usable_pages,known,,,bd6t55090090w: no usable pages in manifest.,2026-07-17T17:26:52.843666
lacharente,bd6t550900919,,failed,0,0,,no_usable_pages,known,,,bd6t550900919: no usable pages in manifest.,2026-07-17T17:26:53.059886
lacharente,bd6t55090092q,,failed,0,0,,no_usable_pages,known,,,bd6t55090092q: no usable pages in manifest.,2026-07-17T17:26:53.277724
lacharente,bd6t550900934,,failed,0,0,,no_usable_pages,known,,,bd6t550900934: no usable pages in manifest.,2026-07-17T17:26:53.547263
lacharente,bd6t55090094j,,failed,0,0,,no_usable_pages,known,,,bd6t55090094j: no usable pages in manifest.,2026-07-17T17:26:53.719190
lacharente,bd6t55090095z,,failed,0,0,,no_usable_pages,known,,,bd6t55090095z: no usable pages in manifest.,2026-07-17T17:26:53.853360
lacharente,bd6t55090096c,,failed,0,0,,no_usable_pages,known,,,bd6t55090096c: no usable pages in manifest.,2026-07-17T17:26:54.005633
lacharente,bd6t55090097s,,failed,0,0,,no_usable_pages,known,,,bd6t55090097s: no usable pages in manifest.,2026-07-17T17:26:54.119223
lacharente,bd6t550900986,,failed,0,0,,no_usable_pages,known,,,bd6t550900986: no usable pages in manifest.,2026-07-17T17:26:54.293910
lacharente,bd6t55090099m,,failed,0,0,,no_usable_pages,known,,,bd6t55090099m: no usable pages in manifest.,2026-07-17T17:26:54.431945
lacharente,bd6t55090100t,,failed,0,0,,no_usable_pages,known,,,bd6t55090100t: no usable pages in manifest.,2026-07-17T17:26:54.641658
lacharente,bd6t550901017,,failed,0,0,,no_usable_pages,known,,,bd6t550901017: no usable pages in manifest.,2026-07-17T17:26:54.841899
lacharente,bd6t55090102n,,failed,0,0,,no_usable_pages,known,,,bd6t55090102n: no usable pages in manifest.,2026-07-17T17:26:54.951233
lacharente,bd6t550901032,,failed,0,0,,no_usable_pages,known,,,bd6t550901032: no usable pages in manifest.,2026-07-17T17:26:55.190971
lacharente,bd6t55090104g,,failed,0,0,,no_usable_pages,known,,,bd6t55090104g: no usable pages in manifest.,2026-07-17T17:26:55.308415
lacharente,bd6t55090105w,,failed,0,0,,no_usable_pages,known,,,bd6t55090105w: no usable pages in manifest.,2026-07-17T17:26:55.493370
lacharente,bd6t550901069,,failed,0,0,,no_usable_pages,known,,,bd6t550901069: no usable pages in manifest.,2026-07-17T17:26:55.694950
lacharente,bd6t55090107q,,failed,0,0,,no_usable_pages,known,,,bd6t55090107q: no usable pages in manifest.,2026-07-17T17:26:55.889394
lacharente,bd6t550901084,,failed,0,0,,no_usable_pages,known,,,bd6t550901084: no usable pages in manifest.,2026-07-17T17:26:56.095248
lacharente,bd6t55090109j,,failed,0,0,,no_usable_pages,known,,,bd6t55090109j: no usable pages in manifest.,2026-07-17T17:26:56.290511
lacharente,bd6t550901106,,failed,0,0,,no_usable_pages,known,,,bd6t550901106: no usable pages in manifest.,2026-07-17T17:26:56.497401
lacharente,bd6t55090111m,,failed,0,0,,no_usable_pages,known,,,bd6t55090111m: no usable pages in manifest.,2026-07-17T17:26:56.623096
lacharente,bd6t550901121,,failed,0,0,,no_usable_pages,known,,,bd6t550901121: no usable pages in manifest.,2026-07-17T17:26:56.787236
lacharente,bd6t55090113f,,failed,0,0,,no_usable_pages,known,,,bd6t55090113f: no usable pages in manifest.,2026-07-17T17:26:56.937272
lacharente,bd6t55090114v,,failed,0,0,,no_usable_pages,known,,,bd6t55090114v: no usable pages in manifest.,2026-07-17T17:26:57.085955
lacharente,bd6t550901158,,failed,0,0,,no_usable_pages,known,,,bd6t550901158: no usable pages in manifest.,2026-07-17T17:26:57.533358
lacharente,bd6t55090116p,,failed,0,0,,no_usable_pages,known,,,bd6t55090116p: no usable pages in manifest.,2026-07-17T17:26:57.884706
lacharente,bd6t550901173,,failed,0,0,,no_usable_pages,known,,,bd6t550901173: no usable pages in manifest.,2026-07-17T17:26:58.088060
lacharente,bd6t55090118h,,failed,0,0,,no_usable_pages,known,,,bd6t55090118h: no usable pages in manifest.,2026-07-17T17:26:58.227634
lacharente,bd6t55090119x,,failed,0,0,,no_usable_pages,known,,,bd6t55090119x: no usable pages in manifest.,2026-07-17T17:26:58.434135
lacharente,bd6t55090120k,,failed,0,0,,no_usable_pages,known,,,bd6t55090120k: no usable pages in manifest.,2026-07-17T17:26:58.549044
lacharente,bd6t550901210,,failed,0,0,,no_usable_pages,known,,,bd6t550901210: no usable pages in manifest.,2026-07-17T17:26:58.640569
lacharente,bd6t55090122d,,failed,0,0,,no_usable_pages,known,,,bd6t55090122d: no usable pages in manifest.,2026-07-17T17:26:58.742068
lacharente,bd6t55090123t,,failed,0,0,,no_usable_pages,known,,,bd6t55090123t: no usable pages in manifest.,2026-07-17T17:26:58.912273
lacharente,bd6t550901247,,failed,0,0,,no_usable_pages,known,,,bd6t550901247: no usable pages in manifest.,2026-07-17T17:26:59.106144
lacharente,bd6t55090125n,,failed,0,0,,no_usable_pages,known,,,bd6t55090125n: no usable pages in manifest.,2026-07-17T17:26:59.267472
lacharente,bd6t550901262,,failed,0,0,,no_usable_pages,known,,,bd6t550901262: no usable pages in manifest.,2026-07-17T17:26:59.492000
lacharente,bd6t55090127g,,failed,0,0,,no_usable_pages,known,,,bd6t55090127g: no usable pages in manifest.,2026-07-17T17:26:59.629543
lacharente,bd6t55090128w,,failed,0,0,,no_usable_pages,known,,,bd6t55090128w: no usable pages in manifest.,2026-07-17T17:26:59.774246
lacharente,bd6t550901299,,failed,0,0,,no_usable_pages,known,,,bd6t550901299: no usable pages in manifest.,2026-07-17T17:26:59.968163
lacharente,bd6t55090130z,,failed,0,0,,no_usable_pages,known,,,bd6t55090130z: no usable pages in manifest.,2026-07-17T17:27:00.143877
lacharente,bd6t55090131c,,failed,0,0,,no_usable_pages,known,,,bd6t55090131c: no usable pages in manifest.,2026-07-17T17:27:00.305708
lacharente,bd6t55090132s,,failed,0,0,,no_usable_pages,known,,,bd6t55090132s: no usable pages in manifest.,2026-07-17T17:27:00.530185
lacharente,bd6t550901336,,failed,0,0,,no_usable_pages,known,,,bd6t550901336: no usable pages in manifest.,2026-07-17T17:27:00.750341
lacharente,bd6t55090134m,,failed,0,0,,no_usable_pages,known,,,bd6t55090134m: no usable pages in manifest.,2026-07-17T17:27:00.922237
lacharente,bd6t550901351,,failed,0,0,,no_usable_pages,known,,,bd6t550901351: no usable pages in manifest.,2026-07-17T17:27:01.151594
lacharente,bd6t55090136f,,failed,0,0,,no_usable_pages,known,,,bd6t55090136f: no usable pages in manifest.,2026-07-17T17:27:01.316088
lacharente,bd6t55090137v,,failed,0,0,,no_usable_pages,known,,,bd6t55090137v: no usable pages in manifest.,2026-07-17T17:27:01.448724
lacharente,bd6t550901388,,failed,0,0,,no_usable_pages,known,,,bd6t550901388: no usable pages in manifest.,2026-07-17T17:27:01.596092
lacharente,bd6t55090139p,,failed,0,0,,no_usable_pages,known,,,bd6t55090139p: no usable pages in manifest.,2026-07-17T17:27:01.757328
lacharente,bd6t55090140b,,failed,0,0,,no_usable_pages,known,,,bd6t55090140b: no usable pages in manifest.,2026-07-17T17:27:01.882381
lacharente,bd6t55090141r,,failed,0,0,,no_usable_pages,known,,,bd6t55090141r: no usable pages in manifest.,2026-07-17T17:27:02.050931
lacharente,bd6t550901425,,failed,0,0,,no_usable_pages,known,,,bd6t550901425: no usable pages in manifest.,2026-07-17T17:27:02.534006
lacharente,bd6t55090143k,,failed,0,0,,no_usable_pages,known,,,bd6t55090143k: no usable pages in manifest.,2026-07-17T17:27:03.086292
lacharente,bd6t550901440,,failed,0,0,,no_usable_pages,known,,,bd6t550901440: no usable pages in manifest.,2026-07-17T17:27:03.316725
lacharente,bd6t55090145d,,failed,0,0,,no_usable_pages,known,,,bd6t55090145d: no usable pages in manifest.,2026-07-17T17:27:03.487480
lacharente,bd6t55090146t,,failed,0,0,,no_usable_pages,known,,,bd6t55090146t: no usable pages in manifest.,2026-07-17T17:27:03.643909
lacharente,bd6t550901477,,failed,0,0,,no_usable_pages,known,,,bd6t550901477: no usable pages in manifest.,2026-07-17T17:27:03.781654
lacharente,bd6t55090148n,,failed,0,0,,no_usable_pages,known,,,bd6t55090148n: no usable pages in manifest.,2026-07-17T17:27:04.037920
lacharente,bd6t550901492,,failed,0,0,,no_usable_pages,known,,,bd6t550901492: no usable pages in manifest.,2026-07-17T17:27:04.173855
lacharente,bd6t55090150q,,failed,0,0,,no_usable_pages,known,,,bd6t55090150q: no usable pages in manifest.,2026-07-17T17:27:04.374324
lacharente,bd6t550901514,,failed,0,0,,no_usable_pages,known,,,bd6t550901514: no usable pages in manifest.,2026-07-17T17:27:04.546395
lacharente,bd6t55090152j,,failed,0,0,,no_usable_pages,known,,,bd6t55090152j: no usable pages in manifest.,2026-07-17T17:27:04.737211
lacharente,bd6t55090153z,,failed,0,0,,no_usable_pages,known,,,bd6t55090153z: no usable pages in manifest.,2026-07-17T17:27:04.867759
lacharente,bd6t55090154c,,failed,0,0,,no_usable_pages,known,,,bd6t55090154c: no usable pages in manifest.,2026-07-17T17:27:05.107368
lacharente,bd6t55090155s,,failed,0,0,,no_usable_pages,known,,,bd6t55090155s: no usable pages in manifest.,2026-07-17T17:27:05.290151
lacharente,bd6t550901566,,failed,0,0,,no_usable_pages,known,,,bd6t550901566: no usable pages in manifest.,2026-07-17T17:27:05.438100
lacharente,bd6t55090157m,,failed,0,0,,no_usable_pages,known,,,bd6t55090157m: no usable pages in manifest.,2026-07-17T17:27:05.585431
lacharente,bd6t550901581,,failed,0,0,,no_usable_pages,known,,,bd6t550901581: no usable pages in manifest.,2026-07-17T17:27:05.698746
lacharente,bd6t55090159f,,failed,0,0,,no_usable_pages,known,,,bd6t55090159f: no usable pages in manifest.,2026-07-17T17:27:05.841228
lacharente,bd6t550901603,,failed,0,0,,no_usable_pages,known,,,bd6t550901603: no usable pages in manifest.,2026-07-17T17:27:05.976290
lacharente,bd6t55090161h,,failed,0,0,,no_usable_pages,known,,,bd6t55090161h: no usable pages in manifest.,2026-07-17T17:27:06.238484
lacharente,bd6t55090162x,,failed,0,0,,no_usable_pages,known,,,bd6t55090162x: no usable pages in manifest.,2026-07-17T17:27:06.405334
lacharente,bd6t55090163b,,failed,0,0,,no_usable_pages,known,,,bd6t55090163b: no usable pages in manifest.,2026-07-17T17:27:06.596364
lacharente,bd6t55090164r,,failed,0,0,,no_usable_pages,known,,,bd6t55090164r: no usable pages in manifest.,2026-07-17T17:27:06.772191
lacharente,bd6t550901655,,failed,0,0,,no_usable_pages,known,,,bd6t550901655: no usable pages in manifest.,2026-07-17T17:27:06.959575
lacharente,bd6t55090166k,,failed,0,0,,no_usable_pages,known,,,bd6t55090166k: no usable pages in manifest.,2026-07-17T17:27:07.134880
lacharente,bd6t550901670,,failed,0,0,,no_usable_pages,known,,,bd6t550901670: no usable pages in manifest.,2026-07-17T17:27:07.282886
lacharente,bd6t55090168d,,failed,0,0,,no_usable_pages,known,,,bd6t55090168d: no usable pages in manifest.,2026-07-17T17:27:07.396891
lacharente,bd6t55090169t,,failed,0,0,,no_usable_pages,known,,,bd6t55090169t: no usable pages in manifest.,2026-07-17T17:27:07.494211
lacharente,bd6t55090170g,,failed,0,0,,no_usable_pages,known,,,bd6t55090170g: no usable pages in manifest.,2026-07-17T17:27:07.661812
lacharente,bd6t55090171w,,failed,0,0,,no_usable_pages,known,,,bd6t55090171w: no usable pages in manifest.,2026-07-17T17:27:07.906643
lacharente,bd6t550901729,,failed,0,0,,no_usable_pages,known,,,bd6t550901729: no usable pages in manifest.,2026-07-17T17:27:08.181688
lacharente,bd6t55090173q,,failed,0,0,,no_usable_pages,known,,,bd6t55090173q: no usable pages in manifest.,2026-07-17T17:27:08.415011
lacharente,bd6t550901744,,failed,0,0,,no_usable_pages,known,,,bd6t550901744: no usable pages in manifest.,2026-07-17T17:27:08.558463
lacharente,bd6t55090175j,,failed,0,0,,no_usable_pages,known,,,bd6t55090175j: no usable pages in manifest.,2026-07-17T17:27:08.743352
lacharente,bd6t55090176z,,failed,0,0,,no_usable_pages,known,,,bd6t55090176z: no usable pages in manifest.,2026-07-17T17:27:08.849886
lacharente,bd6t55090177c,,failed,0,0,,no_usable_pages,known,,,bd6t55090177c: no usable pages in manifest.,2026-07-17T17:27:08.982350
lacharente,bd6t55090178s,,failed,0,0,,no_usable_pages,known,,,bd6t55090178s: no usable pages in manifest.,2026-07-17T17:27:09.101942
lacharente,bd6t550901796,,failed,0,0,,no_usable_pages,known,,,bd6t550901796: no usable pages in manifest.,2026-07-17T17:27:09.297766
lacharente,bd6t55090180v,,failed,0,0,,no_usable_pages,known,,,bd6t55090180v: no usable pages in manifest.,2026-07-17T17:27:09.502857
lacharente,bd6t550901818,,failed,0,0,,no_usable_pages,known,,,bd6t550901818: no usable pages in manifest.,2026-07-17T17:27:09.621256
lacharente,bd6t55090182p,,failed,0,0,,no_usable_pages,known,,,bd6t55090182p: no usable pages in manifest.,2026-07-17T17:27:09.833450
lacharente,bd6t550901833,,failed,0,0,,no_usable_pages,known,,,bd6t550901833: no usable pages in manifest.,2026-07-17T17:27:10.057591
lacharente,bd6t55090184h,,failed,0,0,,no_usable_pages,known,,,bd6t55090184h: no usable pages in manifest.,2026-07-17T17:27:10.201656
lacharente,bd6t55090185x,,failed,0,0,,no_usable_pages,known,,,bd6t55090185x: no usable pages in manifest.,2026-07-17T17:27:10.322825
lacharente,bd6t55090186b,,failed,0,0,,no_usable_pages,known,,,bd6t55090186b: no usable pages in manifest.,2026-07-17T17:27:10.547167
lacharente,bd6t55090187r,,failed,0,0,,no_usable_pages,known,,,bd6t55090187r: no usable pages in manifest.,2026-07-17T17:27:10.719469
lacharente,bd6t550901885,,failed,0,0,,no_usable_pages,known,,,bd6t550901885: no usable pages in manifest.,2026-07-17T17:27:10.913668
lacharente,bd6t55090189k,,failed,0,0,,no_usable_pages,known,,,bd6t55090189k: no usable pages in manifest.,2026-07-17T17:27:11.052863
lacharente,bd6t550901907,,failed,0,0,,no_usable_pages,known,,,bd6t550901907: no usable pages in manifest.,2026-07-17T17:27:11.156163
lacharente,bd6t55090191n,,failed,0,0,,no_usable_pages,known,,,bd6t55090191n: no usable pages in manifest.,2026-07-17T17:27:11.324590
lacharente,bd6t550901922,,failed,0,0,,no_usable_pages,known,,,bd6t550901922: no usable pages in manifest.,2026-07-17T17:27:11.650630
lacharente,bd6t55090193g,,failed,0,0,,no_usable_pages,known,,,bd6t55090193g: no usable pages in manifest.,2026-07-17T17:27:11.892189
lacharente,bd6t55090194w,,failed,0,0,,no_usable_pages,known,,,bd6t55090194w: no usable pages in manifest.,2026-07-17T17:27:12.084207
lacharente,bd6t550901959,,failed,0,0,,no_usable_pages,known,,,bd6t550901959: no usable pages in manifest.,2026-07-17T17:27:12.354805
lacharente,bd6t55090196q,,failed,0,0,,no_usable_pages,known,,,bd6t55090196q: no usable pages in manifest.,2026-07-17T17:27:12.955996
lacharente,bd6t550901974,,failed,0,0,,no_usable_pages,known,,,bd6t550901974: no usable pages in manifest.,2026-07-17T17:27:13.317877
lacharente,bd6t55090198j,,failed,0,0,,no_usable_pages,known,,,bd6t55090198j: no usable pages in manifest.,2026-07-17T17:27:13.538191
lacharente,bd6t55090199z,,failed,0,0,,no_usable_pages,known,,,bd6t55090199z: no usable pages in manifest.,2026-07-17T17:27:13.730956
lacharente,bd6t550902005,,failed,0,0,,no_usable_pages,known,,,bd6t550902005: no usable pages in manifest.,2026-07-17T17:27:13.921263
lacharente,bd6t55090201k,,failed,0,0,,no_usable_pages,known,,,bd6t55090201k: no usable pages in manifest.,2026-07-17T17:27:14.076893
lacharente,bd6t550902020,,failed,0,0,,no_usable_pages,known,,,bd6t550902020: no usable pages in manifest.,2026-07-17T17:27:14.369805
lacharente,bd6t55090203d,,failed,0,0,,no_usable_pages,known,,,bd6t55090203d: no usable pages in manifest.,2026-07-17T17:27:14.556723
lacharente,bd6t55090204t,,failed,0,0,,no_usable_pages,known,,,bd6t55090204t: no usable pages in manifest.,2026-07-17T17:27:14.702319
lacharente,bd6t550902057,,failed,0,0,,no_usable_pages,known,,,bd6t550902057: no usable pages in manifest.,2026-07-17T17:27:14.855358
lacharente,bd6t55090206n,,failed,0,0,,no_usable_pages,known,,,bd6t55090206n: no usable pages in manifest.,2026-07-17T17:27:14.994073
lacharente,bd6t550902072,,failed,0,0,,no_usable_pages,known,,,bd6t550902072: no usable pages in manifest.,2026-07-17T17:27:15.113018
lacharente,bd6t55090208g,,failed,0,0,,no_usable_pages,known,,,bd6t55090208g: no usable pages in manifest.,2026-07-17T17:27:15.265681
lacharente,bd6t55090209w,,failed,0,0,,no_usable_pages,known,,,bd6t55090209w: no usable pages in manifest.,2026-07-17T17:27:15.445558
lacharente,bd6t55090210j,,failed,0,0,,no_usable_pages,known,,,bd6t55090210j: no usable pages in manifest.,2026-07-17T17:27:15.565516
lacharente,bd6t55090211z,,failed,0,0,,no_usable_pages,known,,,bd6t55090211z: no usable pages in manifest.,2026-07-17T17:27:15.667211
lacharente,bd6t55090212c,,failed,0,0,,no_usable_pages,known,,,bd6t55090212c: no usable pages in manifest.,2026-07-17T17:27:15.842402
lacharente,bd6t55090213s,,failed,0,0,,no_usable_pages,known,,,bd6t55090213s: no usable pages in manifest.,2026-07-17T17:27:15.972885
lacharente,bd6t550902146,,failed,0,0,,no_usable_pages,known,,,bd6t550902146: no usable pages in manifest.,2026-07-17T17:27:16.135343
lacharente,bd6t55090215m,,failed,0,0,,no_usable_pages,known,,,bd6t55090215m: no usable pages in manifest.,2026-07-17T17:27:16.318545
lacharente,bd6t550902161,,failed,0,0,,no_usable_pages,known,,,bd6t550902161: no usable pages in manifest.,2026-07-17T17:27:16.523812
lacharente,bd6t55090217f,,failed,0,0,,no_usable_pages,known,,,bd6t55090217f: no usable pages in manifest.,2026-07-17T17:27:16.626200
lacharente,bd6t55090218v,,failed,0,0,,no_usable_pages,known,,,bd6t55090218v: no usable pages in manifest.,2026-07-17T17:27:16.743311
lacharente,bd6t550902198,,failed,0,0,,no_usable_pages,known,,,bd6t550902198: no usable pages in manifest.,2026-07-17T17:27:16.893447
lacharente,bd6t55090220x,,failed,0,0,,no_usable_pages,known,,,bd6t55090220x: no usable pages in manifest.,2026-07-17T17:27:16.986610
lacharente,bd6t55090221b,,failed,0,0,,no_usable_pages,known,,,bd6t55090221b: no usable pages in manifest.,2026-07-17T17:27:17.118020
lacharente,bd6t55090222r,,failed,0,0,,no_usable_pages,known,,,bd6t55090222r: no usable pages in manifest.,2026-07-17T17:27:17.208448
lacharente,bd6t550902235,,failed,0,0,,no_usable_pages,known,,,bd6t550902235: no usable pages in manifest.,2026-07-17T17:27:17.312055
lacharente,bd6t55090224k,,failed,0,0,,no_usable_pages,known,,,bd6t55090224k: no usable pages in manifest.,2026-07-17T17:27:17.418309
lacharente,bd6t550902250,,failed,0,0,,no_usable_pages,known,,,bd6t550902250: no usable pages in manifest.,2026-07-17T17:27:17.582984
lacharente,bd6t55090226d,,failed,0,0,,no_usable_pages,known,,,bd6t55090226d: no usable pages in manifest.,2026-07-17T17:27:18.186001
lacharente,bd6t55090227t,,failed,0,0,,no_usable_pages,known,,,bd6t55090227t: no usable pages in manifest.,2026-07-17T17:27:18.530102
lacharente,bd6t550902287,,failed,0,0,,no_usable_pages,known,,,bd6t550902287: no usable pages in manifest.,2026-07-17T17:27:18.766020
lacharente,bd6t55090229n,,failed,0,0,,no_usable_pages,known,,,bd6t55090229n: no usable pages in manifest.,2026-07-17T17:27:18.938365
lacharente,bd6t550902309,,failed,0,0,,no_usable_pages,known,,,bd6t550902309: no usable pages in manifest.,2026-07-17T17:27:19.107581
lacharente,bd6t55090231q,,failed,0,0,,no_usable_pages,known,,,bd6t55090231q: no usable pages in manifest.,2026-07-17T17:27:19.263493
lacharente,bd6t550902324,,failed,0,0,,no_usable_pages,known,,,bd6t550902324: no usable pages in manifest.,2026-07-17T17:27:19.364704
lacharente,bd6t55090233j,,failed,0,0,,no_usable_pages,known,,,bd6t55090233j: no usable pages in manifest.,2026-07-17T17:27:19.457252
lacharente,bd6t55090234z,,failed,0,0,,no_usable_pages,known,,,bd6t55090234z: no usable pages in manifest.,2026-07-17T17:27:19.630419
lacharente,bd6t55090235c,,failed,0,0,,no_usable_pages,known,,,bd6t55090235c: no usable pages in manifest.,2026-07-17T17:27:19.963616
lacharente,bd6t55090236s,,failed,0,0,,no_usable_pages,known,,,bd6t55090236s: no usable pages in manifest.,2026-07-17T17:27:20.150405
lacharente,bd6t550902376,,failed,0,0,,no_usable_pages,known,,,bd6t550902376: no usable pages in manifest.,2026-07-17T17:27:20.285747
lacharente,bd6t55090238m,,failed,0,0,,no_usable_pages,known,,,bd6t55090238m: no usable pages in manifest.,2026-07-17T17:27:20.458744
lacharente,bd6t550902391,,failed,0,0,,no_usable_pages,known,,,bd6t550902391: no usable pages in manifest.,2026-07-17T17:27:20.616548
lacharente,bd6t55090240p,,failed,0,0,,no_usable_pages,known,,,bd6t55090240p: no usable pages in manifest.,2026-07-17T17:27:20.777334
lacharente,bd6t550902413,,failed,0,0,,no_usable_pages,known,,,bd6t550902413: no usable pages in manifest.,2026-07-17T17:27:21.046011
lacharente,bd6t55090242h,,failed,0,0,,no_usable_pages,known,,,bd6t55090242h: no usable pages in manifest.,2026-07-17T17:27:21.201819
lacharente,bd6t55090243x,,failed,0,0,,no_usable_pages,known,,,bd6t55090243x: no usable pages in manifest.,2026-07-17T17:27:21.371226
lacharente,bd6t55090244b,,failed,0,0,,no_usable_pages,known,,,bd6t55090244b: no usable pages in manifest.,2026-07-17T17:27:21.509704
lacharente,bd6t55090245r,,failed,0,0,,no_usable_pages,known,,,bd6t55090245r: no usable pages in manifest.,2026-07-17T17:27:21.621478
lacharente,bd6t550902732,,failed,0,0,,no_usable_pages,known,,,bd6t550902732: no usable pages in manifest.,2026-07-17T17:27:21.786570
lacharente,bd6t550902465,,failed,0,0,,no_usable_pages,known,,,bd6t550902465: no usable pages in manifest.,2026-07-17T17:27:21.978636
lacharente,bd6t55090247k,,failed,0,0,,no_usable_pages,known,,,bd6t55090247k: no usable pages in manifest.,2026-07-17T17:27:22.194415
lacharente,bd6t550902480,,failed,0,0,,no_usable_pages,known,,,bd6t550902480: no usable pages in manifest.,2026-07-17T17:27:22.308758
lacharente,bd6t55090249d,,failed,0,0,,no_usable_pages,known,,,bd6t55090249d: no usable pages in manifest.,2026-07-17T17:27:22.483471
lacharente,bd6t550902502,,failed,0,0,,no_usable_pages,known,,,bd6t550902502: no usable pages in manifest.,2026-07-17T17:27:22.729452
lacharente,bd6t55090252w,,failed,0,0,,no_usable_pages,known,,,bd6t55090252w: no usable pages in manifest.,2026-07-17T17:27:22.913101
lacharente,bd6t550902539,,failed,0,0,,no_usable_pages,known,,,bd6t550902539: no usable pages in manifest.,2026-07-17T17:27:23.132059
lacharente,bd6t55090254q,,failed,0,0,,no_usable_pages,known,,,bd6t55090254q: no usable pages in manifest.,2026-07-17T17:27:23.737397
lacharente,bd6t550902554,,failed,0,0,,no_usable_pages,known,,,bd6t550902554: no usable pages in manifest.,2026-07-17T17:27:23.948618
lacharente,bd6t55090256j,,failed,0,0,,no_usable_pages,known,,,bd6t55090256j: no usable pages in manifest.,2026-07-17T17:27:24.108026
lacharente,bd6t55090257z,,failed,0,0,,no_usable_pages,known,,,bd6t55090257z: no usable pages in manifest.,2026-07-17T17:27:24.247084
lacharente,bd6t55090258c,,failed,0,0,,no_usable_pages,known,,,bd6t55090258c: no usable pages in manifest.,2026-07-17T17:27:24.387161
lacharente,bd6t55090259s,,failed,0,0,,no_usable_pages,known,,,bd6t55090259s: no usable pages in manifest.,2026-07-17T17:27:24.539850
lacharente,bd6t55090260f,,failed,0,0,,no_usable_pages,known,,,bd6t55090260f: no usable pages in manifest.,2026-07-17T17:27:24.678753
lacharente,bd6t55090261v,,failed,0,0,,no_usable_pages,known,,,bd6t55090261v: no usable pages in manifest.,2026-07-17T17:27:24.755467
lacharente,bd6t550902628,,failed,0,0,,no_usable_pages,known,,,bd6t550902628: no usable pages in manifest.,2026-07-17T17:27:24.854444
lacharente,bd6t55090263p,,failed,0,0,,no_usable_pages,known,,,bd6t55090263p: no usable pages in manifest.,2026-07-17T17:27:24.953168
lacharente,bd6t550902643,,failed,0,0,,no_usable_pages,known,,,bd6t550902643: no usable pages in manifest.,2026-07-17T17:27:25.059625
lacharente,bd6t55090265h,,failed,0,0,,no_usable_pages,known,,,bd6t55090265h: no usable pages in manifest.,2026-07-17T17:27:25.216507
lacharente,bd6t55090266x,,failed,0,0,,no_usable_pages,known,,,bd6t55090266x: no usable pages in manifest.,2026-07-17T17:27:25.468128
lacharente,bd6t55090267b,,failed,0,0,,no_usable_pages,known,,,bd6t55090267b: no usable pages in manifest.,2026-07-17T17:27:25.599719
lacharente,bd6t55090268r,,failed,0,0,,no_usable_pages,known,,,bd6t55090268r: no usable pages in manifest.,2026-07-17T17:27:25.773804
lacharente,bd6t550902695,,failed,0,0,,no_usable_pages,known,,,bd6t550902695: no usable pages in manifest.,2026-07-17T17:27:25.929331
lacharente,bd6t55090270t,,failed,0,0,,no_usable_pages,known,,,bd6t55090270t: no usable pages in manifest.,2026-07-17T17:27:26.065580
lacharente,bd6t550902717,,failed,0,0,,no_usable_pages,known,,,bd6t550902717: no usable pages in manifest.,2026-07-17T17:27:26.156366
lacharente,bd6t55090272n,,failed,0,0,,no_usable_pages,known,,,bd6t55090272n: no usable pages in manifest.,2026-07-17T17:27:26.239170
lacharente,bd6t55090274g,,failed,0,0,,no_usable_pages,known,,,bd6t55090274g: no usable pages in manifest.,2026-07-17T17:27:26.328265
lacharente,bd6t55090275w,,failed,0,0,,no_usable_pages,known,,,bd6t55090275w: no usable pages in manifest.,2026-07-17T17:27:26.446557
lacharente,bd6t550902769,,failed,0,0,,no_usable_pages,known,,,bd6t550902769: no usable pages in manifest.,2026-07-17T17:27:26.578427
lacharente,bd6t55090277q,,failed,0,0,,no_usable_pages,known,,,bd6t55090277q: no usable pages in manifest.,2026-07-17T17:27:26.810211
lacharente,bd6t550902784,,failed,0,0,,no_usable_pages,known,,,bd6t550902784: no usable pages in manifest.,2026-07-17T17:27:26.917199
lacharente,bd6t55090279j,,failed,0,0,,no_usable_pages,known,,,bd6t55090279j: no usable pages in manifest.,2026-07-17T17:27:27.041587
lacharente,bd6t550902806,,failed,0,0,,no_usable_pages,known,,,bd6t550902806: no usable pages in manifest.,2026-07-17T17:27:27.162263
lacharente,bd6t55090281m,,failed,0,0,,no_usable_pages,known,,,bd6t55090281m: no usable pages in manifest.,2026-07-17T17:27:27.281811
lacharente,bd6t550902821,,failed,0,0,,no_usable_pages,known,,,bd6t550902821: no usable pages in manifest.,2026-07-17T17:27:27.387851
lacharente,bd6t55090283f,,failed,0,0,,no_usable_pages,known,,,bd6t55090283f: no usable pages in manifest.,2026-07-17T17:27:27.493681
lacharente,bd6t55090284v,,failed,0,0,,no_usable_pages,known,,,bd6t55090284v: no usable pages in manifest.,2026-07-17T17:27:27.663133
lacharente,bd6t550902858,,failed,0,0,,no_usable_pages,known,,,bd6t550902858: no usable pages in manifest.,2026-07-17T17:27:27.853319
lacharente,bd6t55090286p,,failed,0,0,,no_usable_pages,known,,,bd6t55090286p: no usable pages in manifest.,2026-07-17T17:27:28.035453
lacharente,bd6t550902873,,failed,0,0,,no_usable_pages,known,,,bd6t550902873: no usable pages in manifest.,2026-07-17T17:27:28.273414
lacharente,bd6t55090288h,,failed,0,0,,no_usable_pages,known,,,bd6t55090288h: no usable pages in manifest.,2026-07-17T17:27:28.405308
lacharente,bd6t55090289x,,failed,0,0,,no_usable_pages,known,,,bd6t55090289x: no usable pages in manifest.,2026-07-17T17:27:28.569517
lacharente,bd6t55090290k,,failed,0,0,,no_usable_pages,known,,,bd6t55090290k: no usable pages in manifest.,2026-07-17T17:27:29.306253
lacharente,bd6t550902910,,failed,0,0,,no_usable_pages,known,,,bd6t550902910: no usable pages in manifest.,2026-07-17T17:27:29.490133
lacharente,bd6t55090292d,,failed,0,0,,no_usable_pages,known,,,bd6t55090292d: no usable pages in manifest.,2026-07-17T17:27:29.635120
lacharente,bd6t55090293t,,failed,0,0,,no_usable_pages,known,,,bd6t55090293t: no usable pages in manifest.,2026-07-17T17:27:29.764865
lacharente,bd6t550902947,,failed,0,0,,no_usable_pages,known,,,bd6t550902947: no usable pages in manifest.,2026-07-17T17:27:29.873601
lacharente,bd6t55090295n,,failed,0,0,,no_usable_pages,known,,,bd6t55090295n: no usable pages in manifest.,2026-07-17T17:27:29.993578
lacharente,bd6t550902962,,failed,0,0,,no_usable_pages,known,,,bd6t550902962: no usable pages in manifest.,2026-07-17T17:27:30.116146
lacharente,bd6t55090297g,,failed,0,0,,no_usable_pages,known,,,bd6t55090297g: no usable pages in manifest.,2026-07-17T17:27:30.256325
lacharente,bd6t55090298w,,failed,0,0,,no_usable_pages,known,,,bd6t55090298w: no usable pages in manifest.,2026-07-17T17:27:30.451169
lacharente,bd6t550902999,,failed,0,0,,no_usable_pages,known,,,bd6t550902999: no usable pages in manifest.,2026-07-17T17:27:30.565157
lacharente,bd6t55090300h,,failed,0,0,,no_usable_pages,known,,,bd6t55090300h: no usable pages in manifest.,2026-07-17T17:27:30.704283
lacharente,bd6t55090301x,,failed,0,0,,no_usable_pages,known,,,bd6t55090301x: no usable pages in manifest.,2026-07-17T17:27:30.842143
lacharente,bd6t55090302b,,failed,0,0,,no_usable_pages,known,,,bd6t55090302b: no usable pages in manifest.,2026-07-17T17:27:30.958425
lacharente,bd6t55090303r,,failed,0,0,,no_usable_pages,known,,,bd6t55090303r: no usable pages in manifest.,2026-07-17T17:27:31.077347
lacharente,bd6t550903045,,failed,0,0,,no_usable_pages,known,,,bd6t550903045: no usable pages in manifest.,2026-07-17T17:27:31.209280
lacharente,bd6t55090305k,,failed,0,0,,no_usable_pages,known,,,bd6t55090305k: no usable pages in manifest.,2026-07-17T17:27:31.437178
lacharente,bd6t550903060,,failed,0,0,,no_usable_pages,known,,,bd6t550903060: no usable pages in manifest.,2026-07-17T17:27:31.603810
lacharente,bd6t55090307d,,failed,0,0,,no_usable_pages,known,,,bd6t55090307d: no usable pages in manifest.,2026-07-17T17:27:31.796170
lacharente,bd6t55090308t,,failed,0,0,,no_usable_pages,known,,,bd6t55090308t: no usable pages in manifest.,2026-07-17T17:27:31.928471
lacharente,bd6t550903097,,failed,0,0,,no_usable_pages,known,,,bd6t550903097: no usable pages in manifest.,2026-07-17T17:27:32.072001
lacharente,bd6t55090310w,,failed,0,0,,no_usable_pages,known,,,bd6t55090310w: no usable pages in manifest.,2026-07-17T17:27:32.225897
lacharente,bd6t550903119,,failed,0,0,,no_usable_pages,known,,,bd6t550903119: no usable pages in manifest.,2026-07-17T17:27:32.367598
lacharente,bd6t55090312q,,failed,0,0,,no_usable_pages,known,,,bd6t55090312q: no usable pages in manifest.,2026-07-17T17:27:32.560928
lacharente,bd6t550903134,,failed,0,0,,no_usable_pages,known,,,bd6t550903134: no usable pages in manifest.,2026-07-17T17:27:32.740629
lacharente,bd6t55090314j,,failed,0,0,,no_usable_pages,known,,,bd6t55090314j: no usable pages in manifest.,2026-07-17T17:27:32.907356
lacharente,bd6t55090315z,,failed,0,0,,no_usable_pages,known,,,bd6t55090315z: no usable pages in manifest.,2026-07-17T17:27:33.070054
lacharente,bd6t55090316c,,failed,0,0,,no_usable_pages,known,,,bd6t55090316c: no usable pages in manifest.,2026-07-17T17:27:33.221151
lacharente,bd6t55090317s,,failed,0,0,,no_usable_pages,known,,,bd6t55090317s: no usable pages in manifest.,2026-07-17T17:27:33.339126
lacharente,bd6t550903186,,failed,0,0,,no_usable_pages,known,,,bd6t550903186: no usable pages in manifest.,2026-07-17T17:27:33.678912
lacharente,bd6t55090319m,,failed,0,0,,no_usable_pages,known,,,bd6t55090319m: no usable pages in manifest.,2026-07-17T17:27:33.788146
lacharente,bd6t550903208,,failed,0,0,,no_usable_pages,known,,,bd6t550903208: no usable pages in manifest.,2026-07-17T17:27:33.992992
lacharente,bd6t55090321p,,failed,0,0,,no_usable_pages,known,,,bd6t55090321p: no usable pages in manifest.,2026-07-17T17:27:34.701336
lacharente,bd6t550903223,,failed,0,0,,no_usable_pages,known,,,bd6t550903223: no usable pages in manifest.,2026-07-17T17:27:34.913029
lacharente,bd6t55090323h,,failed,0,0,,no_usable_pages,known,,,bd6t55090323h: no usable pages in manifest.,2026-07-17T17:27:35.047001
lacharente,bd6t55090324x,,failed,0,0,,no_usable_pages,known,,,bd6t55090324x: no usable pages in manifest.,2026-07-17T17:27:35.164326
lacharente,bd6t55090325b,,failed,0,0,,no_usable_pages,known,,,bd6t55090325b: no usable pages in manifest.,2026-07-17T17:27:35.322884
lacharente,bd6t55090326r,,failed,0,0,,no_usable_pages,known,,,bd6t55090326r: no usable pages in manifest.,2026-07-17T17:27:35.493410
lacharente,bd6t550903275,,failed,0,0,,no_usable_pages,known,,,bd6t550903275: no usable pages in manifest.,2026-07-17T17:27:35.708240
lacharente,bd6t55090328k,,failed,0,0,,no_usable_pages,known,,,bd6t55090328k: no usable pages in manifest.,2026-07-17T17:27:35.977207
lacharente,bd6t550903290,,failed,0,0,,no_usable_pages,known,,,bd6t550903290: no usable pages in manifest.,2026-07-17T17:27:36.157990
lacharente,bd6t55090330n,,failed,0,0,,no_usable_pages,known,,,bd6t55090330n: no usable pages in manifest.,2026-07-17T17:27:36.343892
lacharente,bd6t550903312,,failed,0,0,,no_usable_pages,known,,,bd6t550903312: no usable pages in manifest.,2026-07-17T17:27:36.463833
lacharente,bd6t55090332g,,failed,0,0,,no_usable_pages,known,,,bd6t55090332g: no usable pages in manifest.,2026-07-17T17:27:36.617823
lacharente,bd6t55090333w,,failed,0,0,,no_usable_pages,known,,,bd6t55090333w: no usable pages in manifest.,2026-07-17T17:27:36.731529
lacharente,bd6t550903349,,failed,0,0,,no_usable_pages,known,,,bd6t550903349: no usable pages in manifest.,2026-07-17T17:27:36.905210
lacharente,bd6t55090335q,,failed,0,0,,no_usable_pages,known,,,bd6t55090335q: no usable pages in manifest.,2026-07-17T17:27:37.145438
lacharente,bd6t55094862k,,failed,0,0,,no_usable_pages,known,,,bd6t55094862k: no usable pages in manifest.,2026-07-17T17:27:37.302839
lacharente,bd6t550903364,,failed,0,0,,no_usable_pages,known,,,bd6t550903364: no usable pages in manifest.,2026-07-17T17:27:37.459068
lacharente,bd6t55090337j,,failed,0,0,,no_usable_pages,known,,,bd6t55090337j: no usable pages in manifest.,2026-07-17T17:27:37.569201
lacharente,bd6t55090338z,,failed,0,0,,no_usable_pages,known,,,bd6t55090338z: no usable pages in manifest.,2026-07-17T17:27:37.739103
lacharente,bd6t55090339c,,failed,0,0,,no_usable_pages,known,,,bd6t55090339c: no usable pages in manifest.,2026-07-17T17:27:37.883662
lacharente,bd6t550903401,,failed,0,0,,no_usable_pages,known,,,bd6t550903401: no usable pages in manifest.,2026-07-17T17:27:38.006682
lacharente,bd6t55090341f,,failed,0,0,,no_usable_pages,known,,,bd6t55090341f: no usable pages in manifest.,2026-07-17T17:27:38.226761
lacharente,bd6t55090342v,,failed,0,0,,no_usable_pages,known,,,bd6t55090342v: no usable pages in manifest.,2026-07-17T17:27:38.379761
lacharente,bd6t550903438,,failed,0,0,,no_usable_pages,known,,,bd6t550903438: no usable pages in manifest.,2026-07-17T17:27:38.530127
lacharente,bd6t55090344p,,failed,0,0,,no_usable_pages,known,,,bd6t55090344p: no usable pages in manifest.,2026-07-17T17:27:38.669344
lacharente,bd6t550903453,,failed,0,0,,no_usable_pages,known,,,bd6t550903453: no usable pages in manifest.,2026-07-17T17:27:38.873627
lacharente,bd6t55090346h,,failed,0,0,,no_usable_pages,known,,,bd6t55090346h: no usable pages in manifest.,2026-07-17T17:27:39.057667
lacharente,bd6t55090347x,,failed,0,0,,no_usable_pages,known,,,bd6t55090347x: no usable pages in manifest.,2026-07-17T17:27:39.234526
lacharente,bd6t55090348b,,failed,0,0,,no_usable_pages,known,,,bd6t55090348b: no usable pages in manifest.,2026-07-17T17:27:39.351239
lacharente,bd6t55090349r,,failed,0,0,,no_usable_pages,known,,,bd6t55090349r: no usable pages in manifest.,2026-07-17T17:27:39.705538
lacharente,bd6t55090350d,,failed,0,0,,no_usable_pages,known,,,bd6t55090350d: no usable pages in manifest.,2026-07-17T17:27:40.042421
lacharente,bd6t55090351t,,failed,0,0,,no_usable_pages,known,,,bd6t55090351t: no usable pages in manifest.,2026-07-17T17:27:40.423454
lacharente,bd6t550903527,,failed,0,0,,no_usable_pages,known,,,bd6t550903527: no usable pages in manifest.,2026-07-17T17:27:40.718033
lacharente,bd6t55090353n,,failed,0,0,,no_usable_pages,known,,,bd6t55090353n: no usable pages in manifest.,2026-07-17T17:27:40.976911
lacharente,bd6t550903542,,failed,0,0,,no_usable_pages,known,,,bd6t550903542: no usable pages in manifest.,2026-07-17T17:27:41.186764
lacharente,bd6t55090355g,,failed,0,0,,no_usable_pages,known,,,bd6t55090355g: no usable pages in manifest.,2026-07-17T17:27:41.476588
lacharente,bd6t55090356w,,failed,0,0,,no_usable_pages,known,,,bd6t55090356w: no usable pages in manifest.,2026-07-17T17:27:41.701589
lacharente,bd6t550903579,,failed,0,0,,no_usable_pages,known,,,bd6t550903579: no usable pages in manifest.,2026-07-17T17:27:41.883703
lacharente,bd6t55090358q,,failed,0,0,,no_usable_pages,known,,,bd6t55090358q: no usable pages in manifest.,2026-07-17T17:27:42.145485
lacharente,bd6t550903594,,failed,0,0,,no_usable_pages,known,,,bd6t550903594: no usable pages in manifest.,2026-07-17T17:27:42.287261
lacharente,bd6t55090360s,,failed,0,0,,no_usable_pages,known,,,bd6t55090360s: no usable pages in manifest.,2026-07-17T17:27:42.598266
lacharente,bd6t550903616,,failed,0,0,,no_usable_pages,known,,,bd6t550903616: no usable pages in manifest.,2026-07-17T17:27:42.749834
lacharente,bd6t55090362m,,failed,0,0,,no_usable_pages,known,,,bd6t55090362m: no usable pages in manifest.,2026-07-17T17:27:42.853376
lacharente,bd6t550903631,,failed,0,0,,no_usable_pages,known,,,bd6t550903631: no usable pages in manifest.,2026-07-17T17:27:43.002978
lacharente,bd6t55090364f,,failed,0,0,,no_usable_pages,known,,,bd6t55090364f: no usable pages in manifest.,2026-07-17T17:27:43.164932
lacharente,bd6t55090365v,,failed,0,0,,no_usable_pages,known,,,bd6t55090365v: no usable pages in manifest.,2026-07-17T17:27:43.304845
lacharente,bd6t550903668,,failed,0,0,,no_usable_pages,known,,,bd6t550903668: no usable pages in manifest.,2026-07-17T17:27:43.497215
lacharente,bd6t55090367p,,failed,0,0,,no_usable_pages,known,,,bd6t55090367p: no usable pages in manifest.,2026-07-17T17:27:43.826286
lacharente,bd6t550903683,,failed,0,0,,no_usable_pages,known,,,bd6t550903683: no usable pages in manifest.,2026-07-17T17:27:44.020985
lacharente,bd6t55090369h,,failed,0,0,,no_usable_pages,known,,,bd6t55090369h: no usable pages in manifest.,2026-07-17T17:27:44.258300
lacharente,bd6t550903705,,failed,0,0,,no_usable_pages,known,,,bd6t550903705: no usable pages in manifest.,2026-07-17T17:27:44.413318
lacharente,bd6t55090371k,,failed,0,0,,no_usable_pages,known,,,bd6t55090371k: no usable pages in manifest.,2026-07-17T17:27:44.555245
lacharente,bd6t550903720,,failed,0,0,,no_usable_pages,known,,,bd6t550903720: no usable pages in manifest.,2026-07-17T17:27:44.798571
lacharente,bd6t55090373d,,failed,0,0,,no_usable_pages,known,,,bd6t55090373d: no usable pages in manifest.,2026-07-17T17:27:44.934091
lacharente,bd6t55090374t,,failed,0,0,,no_usable_pages,known,,,bd6t55090374t: no usable pages in manifest.,2026-07-17T17:27:45.086719
lacharente,bd6t550903757,,failed,0,0,,no_usable_pages,known,,,bd6t550903757: no usable pages in manifest.,2026-07-17T17:27:45.302769
lacharente,bd6t55090376n,,failed,0,0,,no_usable_pages,known,,,bd6t55090376n: no usable pages in manifest.,2026-07-17T17:27:45.470432
lacharente,bd6t550903772,,failed,0,0,,no_usable_pages,known,,,bd6t550903772: no usable pages in manifest.,2026-07-17T17:27:45.999537
lacharente,bd6t55090378g,,failed,0,0,,no_usable_pages,known,,,bd6t55090378g: no usable pages in manifest.,2026-07-17T17:27:46.162858
lacharente,bd6t55090379w,,failed,0,0,,no_usable_pages,known,,,bd6t55090379w: no usable pages in manifest.,2026-07-17T17:27:46.280725
lacharente,bd6t55090380j,,failed,0,0,,no_usable_pages,known,,,bd6t55090380j: no usable pages in manifest.,2026-07-17T17:27:46.392732
lacharente,bd6t55090381z,,failed,0,0,,no_usable_pages,known,,,bd6t55090381z: no usable pages in manifest.,2026-07-17T17:27:46.590168
lacharente,bd6t55090382c,,failed,0,0,,no_usable_pages,known,,,bd6t55090382c: no usable pages in manifest.,2026-07-17T17:27:46.739469
lacharente,bd6t55090383s,,failed,0,0,,no_usable_pages,known,,,bd6t55090383s: no usable pages in manifest.,2026-07-17T17:27:46.900215
lacharente,bd6t550903846,,failed,0,0,,no_usable_pages,known,,,bd6t550903846: no usable pages in manifest.,2026-07-17T17:27:47.104512
lacharente,bd6t55090385m,,failed,0,0,,no_usable_pages,known,,,bd6t55090385m: no usable pages in manifest.,2026-07-17T17:27:47.240701
lacharente,bd6t550903861,,failed,0,0,,no_usable_pages,known,,,bd6t550903861: no usable pages in manifest.,2026-07-17T17:27:47.414253
lacharente,bd6t55090387f,,failed,0,0,,no_usable_pages,known,,,bd6t55090387f: no usable pages in manifest.,2026-07-17T17:27:47.544450
lacharente,bd6t55090388v,,failed,0,0,,no_usable_pages,known,,,bd6t55090388v: no usable pages in manifest.,2026-07-17T17:27:47.718826
lacharente,bd6t550903898,,failed,0,0,,no_usable_pages,known,,,bd6t550903898: no usable pages in manifest.,2026-07-17T17:27:47.942615
lacharente,bd6t55090390x,,failed,0,0,,no_usable_pages,known,,,bd6t55090390x: no usable pages in manifest.,2026-07-17T17:27:48.164949
lacharente,bd6t55090391b,,failed,0,0,,no_usable_pages,known,,,bd6t55090391b: no usable pages in manifest.,2026-07-17T17:27:48.303205
lacharente,bd6t55090392r,,failed,0,0,,no_usable_pages,known,,,bd6t55090392r: no usable pages in manifest.,2026-07-17T17:27:48.437863
lacharente,bd6t550903935,,failed,0,0,,no_usable_pages,known,,,bd6t550903935: no usable pages in manifest.,2026-07-17T17:27:48.603187
lacharente,bd6t55090394k,,failed,0,0,,no_usable_pages,known,,,bd6t55090394k: no usable pages in manifest.,2026-07-17T17:27:48.866885
lacharente,bd6t550903950,,failed,0,0,,no_usable_pages,known,,,bd6t550903950: no usable pages in manifest.,2026-07-17T17:27:49.017212
lacharente,bd6t55090396d,,failed,0,0,,no_usable_pages,known,,,bd6t55090396d: no usable pages in manifest.,2026-07-17T17:27:49.241196
lacharente,bd6t55090397t,,failed,0,0,,no_usable_pages,known,,,bd6t55090397t: no usable pages in manifest.,2026-07-17T17:27:49.389671
lacharente,bd6t550903987,,failed,0,0,,no_usable_pages,known,,,bd6t550903987: no usable pages in manifest.,2026-07-17T17:27:49.650137
lacharente,bd6t55090399n,,failed,0,0,,no_usable_pages,known,,,bd6t55090399n: no usable pages in manifest.,2026-07-17T17:27:49.814829
lacharente,bd6t55090400v,,failed,0,0,,no_usable_pages,known,,,bd6t55090400v: no usable pages in manifest.,2026-07-17T17:27:50.049650
lacharente,bd6t550904018,,failed,0,0,,no_usable_pages,known,,,bd6t550904018: no usable pages in manifest.,2026-07-17T17:27:50.599174
lacharente,bd6t55090402p,,failed,0,0,,no_usable_pages,known,,,bd6t55090402p: no usable pages in manifest.,2026-07-17T17:27:51.166031
lacharente,bd6t550904033,,failed,0,0,,no_usable_pages,known,,,bd6t550904033: no usable pages in manifest.,2026-07-17T17:27:51.741271
lacharente,bd6t55090404h,,failed,0,0,,no_usable_pages,known,,,bd6t55090404h: no usable pages in manifest.,2026-07-17T17:27:51.931166
lacharente,bd6t55090432t,,failed,0,0,,no_usable_pages,known,,,bd6t55090432t: no usable pages in manifest.,2026-07-17T17:27:52.080208
lacharente,bd6t55090405x,,failed,0,0,,no_usable_pages,known,,,bd6t55090405x: no usable pages in manifest.,2026-07-17T17:27:52.254029
lacharente,bd6t55090406b,,failed,0,0,,no_usable_pages,known,,,bd6t55090406b: no usable pages in manifest.,2026-07-17T17:27:52.499887
lacharente,bd6t55090407r,,failed,0,0,,no_usable_pages,known,,,bd6t55090407r: no usable pages in manifest.,2026-07-17T17:27:52.755008
lacharente,bd6t550904085,,failed,0,0,,no_usable_pages,known,,,bd6t550904085: no usable pages in manifest.,2026-07-17T17:27:52.988073
lacharente,bd6t55090409k,,failed,0,0,,no_usable_pages,known,,,bd6t55090409k: no usable pages in manifest.,2026-07-17T17:27:53.137013
lacharente,bd6t550904107,,failed,0,0,,no_usable_pages,known,,,bd6t550904107: no usable pages in manifest.,2026-07-17T17:27:53.239118
lacharente,bd6t55090411n,,failed,0,0,,no_usable_pages,known,,,bd6t55090411n: no usable pages in manifest.,2026-07-17T17:27:53.369019
lacharente,bd6t550904122,,failed,0,0,,no_usable_pages,known,,,bd6t550904122: no usable pages in manifest.,2026-07-17T17:27:53.487817
lacharente,bd6t55090413g,,failed,0,0,,no_usable_pages,known,,,bd6t55090413g: no usable pages in manifest.,2026-07-17T17:27:53.610491
lacharente,bd6t55090414w,,failed,0,0,,no_usable_pages,known,,,bd6t55090414w: no usable pages in manifest.,2026-07-17T17:27:53.829901
lacharente,bd6t550904159,,failed,0,0,,no_usable_pages,known,,,bd6t550904159: no usable pages in manifest.,2026-07-17T17:27:54.039353
lacharente,bd6t55090416q,,failed,0,0,,no_usable_pages,known,,,bd6t55090416q: no usable pages in manifest.,2026-07-17T17:27:54.140468
lacharente,bd6t550904174,,failed,0,0,,no_usable_pages,known,,,bd6t550904174: no usable pages in manifest.,2026-07-17T17:27:54.262854
lacharente,bd6t55090418j,,failed,0,0,,no_usable_pages,known,,,bd6t55090418j: no usable pages in manifest.,2026-07-17T17:27:54.381511
lacharente,bd6t55090419z,,failed,0,0,,no_usable_pages,known,,,bd6t55090419z: no usable pages in manifest.,2026-07-17T17:27:54.561928
lacharente,bd6t55090420m,,failed,0,0,,no_usable_pages,known,,,bd6t55090420m: no usable pages in manifest.,2026-07-17T17:27:54.739884
lacharente,bd6t550904211,,failed,0,0,,no_usable_pages,known,,,bd6t550904211: no usable pages in manifest.,2026-07-17T17:27:54.900093
lacharente,bd6t55090422f,,failed,0,0,,no_usable_pages,known,,,bd6t55090422f: no usable pages in manifest.,2026-07-17T17:27:55.075447
lacharente,bd6t55090423v,,failed,0,0,,no_usable_pages,known,,,bd6t55090423v: no usable pages in manifest.,2026-07-17T17:27:55.229009
lacharente,bd6t550904248,,failed,0,0,,no_usable_pages,known,,,bd6t550904248: no usable pages in manifest.,2026-07-17T17:27:55.342764
lacharente,bd6t55090425p,,failed,0,0,,no_usable_pages,known,,,bd6t55090425p: no usable pages in manifest.,2026-07-17T17:27:55.470203
lacharente,bd6t550904263,,failed,0,0,,no_usable_pages,known,,,bd6t550904263: no usable pages in manifest.,2026-07-17T17:27:55.626499
lacharente,bd6t55090427h,,failed,0,0,,no_usable_pages,known,,,bd6t55090427h: no usable pages in manifest.,2026-07-17T17:27:55.741453
lacharente,bd6t55090428x,,failed,0,0,,no_usable_pages,known,,,bd6t55090428x: no usable pages in manifest.,2026-07-17T17:27:55.910132
lacharente,bd6t55090429b,,failed,0,0,,no_usable_pages,known,,,bd6t55090429b: no usable pages in manifest.,2026-07-17T17:27:56.043559
lacharente,bd6t550904300,,failed,0,0,,no_usable_pages,known,,,bd6t550904300: no usable pages in manifest.,2026-07-17T17:27:56.513292
lacharente,bd6t55090431d,,failed,0,0,,no_usable_pages,known,,,bd6t55090431d: no usable pages in manifest.,2026-07-17T17:27:56.657975
lacharente,bd6t550904337,,failed,0,0,,no_usable_pages,known,,,bd6t550904337: no usable pages in manifest.,2026-07-17T17:27:56.816626
lacharente,bd6t55090434n,,failed,0,0,,no_usable_pages,known,,,bd6t55090434n: no usable pages in manifest.,2026-07-17T17:27:56.988577
lacharente,bd6t550904352,,failed,0,0,,no_usable_pages,known,,,bd6t550904352: no usable pages in manifest.,2026-07-17T17:27:57.103680
lacharente,bd6t55090436g,,failed,0,0,,no_usable_pages,known,,,bd6t55090436g: no usable pages in manifest.,2026-07-17T17:27:57.325273
lacharente,bd6t55090437w,,failed,0,0,,no_usable_pages,known,,,bd6t55090437w: no usable pages in manifest.,2026-07-17T17:27:57.498427
lacharente,bd6t550904389,,failed,0,0,,no_usable_pages,known,,,bd6t550904389: no usable pages in manifest.,2026-07-17T17:27:57.646242
lacharente,bd6t55090439q,,failed,0,0,,no_usable_pages,known,,,bd6t55090439q: no usable pages in manifest.,2026-07-17T17:27:57.811748
lacharente,bd6t55090440c,,failed,0,0,,no_usable_pages,known,,,bd6t55090440c: no usable pages in manifest.,2026-07-17T17:27:58.046470
lacharente,bd6t55090441s,,failed,0,0,,no_usable_pages,known,,,bd6t55090441s: no usable pages in manifest.,2026-07-17T17:27:58.253630
lacharente,bd6t550904426,,failed,0,0,,no_usable_pages,known,,,bd6t550904426: no usable pages in manifest.,2026-07-17T17:27:58.592350
lacharente,bd6t55090443m,,failed,0,0,,no_usable_pages,known,,,bd6t55090443m: no usable pages in manifest.,2026-07-17T17:27:58.746605
lacharente,bd6t550904441,,failed,0,0,,no_usable_pages,known,,,bd6t550904441: no usable pages in manifest.,2026-07-17T17:27:58.882172
lacharente,bd6t55090445f,,failed,0,0,,no_usable_pages,known,,,bd6t55090445f: no usable pages in manifest.,2026-07-17T17:27:59.035440
lacharente,bd6t55090446v,,failed,0,0,,no_usable_pages,known,,,bd6t55090446v: no usable pages in manifest.,2026-07-17T17:27:59.241324
lacharente,bd6t550904478,,failed,0,0,,no_usable_pages,known,,,bd6t550904478: no usable pages in manifest.,2026-07-17T17:27:59.338950
lacharente,bd6t55090448p,,failed,0,0,,no_usable_pages,known,,,bd6t55090448p: no usable pages in manifest.,2026-07-17T17:27:59.523594
lacharente,bd6t550904493,,failed,0,0,,no_usable_pages,known,,,bd6t550904493: no usable pages in manifest.,2026-07-17T17:27:59.672400
lacharente,bd6t55090450r,,failed,0,0,,no_usable_pages,known,,,bd6t55090450r: no usable pages in manifest.,2026-07-17T17:27:59.900690
lacharente,bd6t550904515,,failed,0,0,,no_usable_pages,known,,,bd6t550904515: no usable pages in manifest.,2026-07-17T17:28:00.091109
lacharente,bd6t55090452k,,failed,0,0,,no_usable_pages,known,,,bd6t55090452k: no usable pages in manifest.,2026-07-17T17:28:00.303228
lacharente,bd6t550904530,,failed,0,0,,no_usable_pages,known,,,bd6t550904530: no usable pages in manifest.,2026-07-17T17:28:00.533398
lacharente,bd6t55090454d,,failed,0,0,,no_usable_pages,known,,,bd6t55090454d: no usable pages in manifest.,2026-07-17T17:28:00.732056
lacharente,bd6t55090455t,,failed,0,0,,no_usable_pages,known,,,bd6t55090455t: no usable pages in manifest.,2026-07-17T17:28:00.878996
lacharente,bd6t550904567,,failed,0,0,,no_usable_pages,known,,,bd6t550904567: no usable pages in manifest.,2026-07-17T17:28:01.065402
lacharente,bd6t55090457n,,failed,0,0,,no_usable_pages,known,,,bd6t55090457n: no usable pages in manifest.,2026-07-17T17:28:01.273893
lacharente,bd6t550904582,,failed,0,0,,no_usable_pages,known,,,bd6t550904582: no usable pages in manifest.,2026-07-17T17:28:01.868669
lacharente,bd6t55090459g,,failed,0,0,,no_usable_pages,known,,,bd6t55090459g: no usable pages in manifest.,2026-07-17T17:28:02.413379
lacharente,bd6t550904604,,failed,0,0,,no_usable_pages,known,,,bd6t550904604: no usable pages in manifest.,2026-07-17T17:28:02.646214
lacharente,bd6t55090461j,,failed,0,0,,no_usable_pages,known,,,bd6t55090461j: no usable pages in manifest.,2026-07-17T17:28:02.770997
lacharente,bd6t55090462z,,failed,0,0,,no_usable_pages,known,,,bd6t55090462z: no usable pages in manifest.,2026-07-17T17:28:02.866687
lacharente,bd6t55090463c,,failed,0,0,,no_usable_pages,known,,,bd6t55090463c: no usable pages in manifest.,2026-07-17T17:28:03.012554
lacharente,bd6t55090464s,,failed,0,0,,no_usable_pages,known,,,bd6t55090464s: no usable pages in manifest.,2026-07-17T17:28:03.174648
lacharente,bd6t550904656,,failed,0,0,,no_usable_pages,known,,,bd6t550904656: no usable pages in manifest.,2026-07-17T17:28:03.343251
lacharente,bd6t55090466m,,failed,0,0,,no_usable_pages,known,,,bd6t55090466m: no usable pages in manifest.,2026-07-17T17:28:03.481434
lacharente,bd6t550904671,,failed,0,0,,no_usable_pages,known,,,bd6t550904671: no usable pages in manifest.,2026-07-17T17:28:03.709891
lacharente,bd6t55090468f,,failed,0,0,,no_usable_pages,known,,,bd6t55090468f: no usable pages in manifest.,2026-07-17T17:28:03.850552
lacharente,bd6t55090469v,,failed,0,0,,no_usable_pages,known,,,bd6t55090469v: no usable pages in manifest.,2026-07-17T17:28:03.979453
lacharente,bd6t55090470h,,failed,0,0,,no_usable_pages,known,,,bd6t55090470h: no usable pages in manifest.,2026-07-17T17:28:04.104105
lacharente,bd6t55090471x,,failed,0,0,,no_usable_pages,known,,,bd6t55090471x: no usable pages in manifest.,2026-07-17T17:28:04.251630
lacharente,bd6t55090472b,,failed,0,0,,no_usable_pages,known,,,bd6t55090472b: no usable pages in manifest.,2026-07-17T17:28:04.426522
lacharente,bd6t55090473r,,failed,0,0,,no_usable_pages,known,,,bd6t55090473r: no usable pages in manifest.,2026-07-17T17:28:04.630518
lacharente,bd6t550904745,,failed,0,0,,no_usable_pages,known,,,bd6t550904745: no usable pages in manifest.,2026-07-17T17:28:04.861222
lacharente,bd6t55090475k,,failed,0,0,,no_usable_pages,known,,,bd6t55090475k: no usable pages in manifest.,2026-07-17T17:28:05.035580
lacharente,bd6t550904760,,failed,0,0,,no_usable_pages,known,,,bd6t550904760: no usable pages in manifest.,2026-07-17T17:28:05.137182
lacharente,bd6t55090477d,,failed,0,0,,no_usable_pages,known,,,bd6t55090477d: no usable pages in manifest.,2026-07-17T17:28:05.264736
lacharente,bd6t55090478t,,failed,0,0,,no_usable_pages,known,,,bd6t55090478t: no usable pages in manifest.,2026-07-17T17:28:05.413344
lacharente,bd6t550904797,,failed,0,0,,no_usable_pages,known,,,bd6t550904797: no usable pages in manifest.,2026-07-17T17:28:05.524251
lacharente,bd6t55090480w,,failed,0,0,,no_usable_pages,known,,,bd6t55090480w: no usable pages in manifest.,2026-07-17T17:28:05.643119
lacharente,bd6t550904819,,failed,0,0,,no_usable_pages,known,,,bd6t550904819: no usable pages in manifest.,2026-07-17T17:28:05.808266
lacharente,bd6t55090482q,,failed,0,0,,no_usable_pages,known,,,bd6t55090482q: no usable pages in manifest.,2026-07-17T17:28:06.006965
lacharente,bd6t550904834,,failed,0,0,,no_usable_pages,known,,,bd6t550904834: no usable pages in manifest.,2026-07-17T17:28:06.205328
lacharente,bd6t55090484j,,failed,0,0,,no_usable_pages,known,,,bd6t55090484j: no usable pages in manifest.,2026-07-17T17:28:06.336114
lacharente,bd6t55090485z,,failed,0,0,,no_usable_pages,known,,,bd6t55090485z: no usable pages in manifest.,2026-07-17T17:28:06.484296
lacharente,bd6t55090486c,,failed,0,0,,no_usable_pages,known,,,bd6t55090486c: no usable pages in manifest.,2026-07-17T17:28:06.613161
lacharente,bd6t55090487s,,failed,0,0,,no_usable_pages,known,,,bd6t55090487s: no usable pages in manifest.,2026-07-17T17:28:06.776980
lacharente,bd6t550904886,,failed,0,0,,no_usable_pages,known,,,bd6t550904886: no usable pages in manifest.,2026-07-17T17:28:07.614397
lacharente,bd6t55090489m,,failed,0,0,,no_usable_pages,known,,,bd6t55090489m: no usable pages in manifest.,2026-07-17T17:28:07.790095
lacharente,bd6t550904908,,failed,0,0,,no_usable_pages,known,,,bd6t550904908: no usable pages in manifest.,2026-07-17T17:28:07.980067
lacharente,bd6t55090491p,,failed,0,0,,no_usable_pages,known,,,bd6t55090491p: no usable pages in manifest.,2026-07-17T17:28:08.118099
lacharente,bd6t550904923,,failed,0,0,,no_usable_pages,known,,,bd6t550904923: no usable pages in manifest.,2026-07-17T17:28:08.326853
lacharente,bd6t55090493h,,failed,0,0,,no_usable_pages,known,,,bd6t55090493h: no usable pages in manifest.,2026-07-17T17:28:08.505434
lacharente,bd6t55090494x,,failed,0,0,,no_usable_pages,known,,,bd6t55090494x: no usable pages in manifest.,2026-07-17T17:28:08.709187
lacharente,bd6t55090495b,,failed,0,0,,no_usable_pages,known,,,bd6t55090495b: no usable pages in manifest.,2026-07-17T17:28:08.895308
lacharente,bd6t55090496r,,failed,0,0,,no_usable_pages,known,,,bd6t55090496r: no usable pages in manifest.,2026-07-17T17:28:09.067610
lacharente,bd6t550904975,,failed,0,0,,no_usable_pages,known,,,bd6t550904975: no usable pages in manifest.,2026-07-17T17:28:09.257307
lacharente,bd6t55090498k,,failed,0,0,,no_usable_pages,known,,,bd6t55090498k: no usable pages in manifest.,2026-07-17T17:28:09.487009
lacharente,bd6t550904990,,failed,0,0,,no_usable_pages,known,,,bd6t550904990: no usable pages in manifest.,2026-07-17T17:28:09.711407
lacharente,bd6t550905006,,failed,0,0,,no_usable_pages,known,,,bd6t550905006: no usable pages in manifest.,2026-07-17T17:28:09.823094
lacharente,bd6t55090501m,,failed,0,0,,no_usable_pages,known,,,bd6t55090501m: no usable pages in manifest.,2026-07-17T17:28:09.953180
lacharente,bd6t550905021,,failed,0,0,,no_usable_pages,known,,,bd6t550905021: no usable pages in manifest.,2026-07-17T17:28:10.177655
lacharente,bd6t55090503f,,failed,0,0,,no_usable_pages,known,,,bd6t55090503f: no usable pages in manifest.,2026-07-17T17:28:10.324859
lacharente,bd6t55090504v,,failed,0,0,,no_usable_pages,known,,,bd6t55090504v: no usable pages in manifest.,2026-07-17T17:28:10.531188
lacharente,bd6t550905058,,failed,0,0,,no_usable_pages,known,,,bd6t550905058: no usable pages in manifest.,2026-07-17T17:28:10.682873
lacharente,bd6t55090506p,,failed,0,0,,no_usable_pages,known,,,bd6t55090506p: no usable pages in manifest.,2026-07-17T17:28:10.823490
lacharente,bd6t550905073,,failed,0,0,,no_usable_pages,known,,,bd6t550905073: no usable pages in manifest.,2026-07-17T17:28:10.949133
lacharente,bd6t55090508h,,failed,0,0,,no_usable_pages,known,,,bd6t55090508h: no usable pages in manifest.,2026-07-17T17:28:11.097359
lacharente,bd6t55090509x,,failed,0,0,,no_usable_pages,known,,,bd6t55090509x: no usable pages in manifest.,2026-07-17T17:28:11.229713
lacharente,bd6t55090510k,,failed,0,0,,no_usable_pages,known,,,bd6t55090510k: no usable pages in manifest.,2026-07-17T17:28:11.424503
lacharente,bd6t550905110,,failed,0,0,,no_usable_pages,known,,,bd6t550905110: no usable pages in manifest.,2026-07-17T17:28:11.575307
lacharente,bd6t55090512d,,failed,0,0,,no_usable_pages,known,,,bd6t55090512d: no usable pages in manifest.,2026-07-17T17:28:11.743780
lacharente,bd6t55090513t,,failed,0,0,,no_usable_pages,known,,,bd6t55090513t: no usable pages in manifest.,2026-07-17T17:28:11.928309
lacharente,bd6t550905147,,failed,0,0,,no_usable_pages,known,,,bd6t550905147: no usable pages in manifest.,2026-07-17T17:28:12.078529
lacharente,bd6t55090515n,,failed,0,0,,no_usable_pages,known,,,bd6t55090515n: no usable pages in manifest.,2026-07-17T17:28:12.188620
lacharente,bd6t550905162,,failed,0,0,,no_usable_pages,known,,,bd6t550905162: no usable pages in manifest.,2026-07-17T17:28:12.384335
lacharente,bd6t55090517g,,failed,0,0,,no_usable_pages,known,,,bd6t55090517g: no usable pages in manifest.,2026-07-17T17:28:12.913317
lacharente,bd6t55090518w,,failed,0,0,,no_usable_pages,known,,,bd6t55090518w: no usable pages in manifest.,2026-07-17T17:28:13.153867
lacharente,bd6t550905199,,failed,0,0,,no_usable_pages,known,,,bd6t550905199: no usable pages in manifest.,2026-07-17T17:28:13.253728
lacharente,bd6t55090520z,,failed,0,0,,no_usable_pages,known,,,bd6t55090520z: no usable pages in manifest.,2026-07-17T17:28:13.410269
lacharente,bd6t55090521c,,failed,0,0,,no_usable_pages,known,,,bd6t55090521c: no usable pages in manifest.,2026-07-17T17:28:13.542818
lacharente,bd6t55090522s,,failed,0,0,,no_usable_pages,known,,,bd6t55090522s: no usable pages in manifest.,2026-07-17T17:28:13.647931
lacharente,bd6t550905236,,failed,0,0,,no_usable_pages,known,,,bd6t550905236: no usable pages in manifest.,2026-07-17T17:28:13.817548
lacharente,bd6t55090524m,,failed,0,0,,no_usable_pages,known,,,bd6t55090524m: no usable pages in manifest.,2026-07-17T17:28:13.949699
lacharente,bd6t550905251,,failed,0,0,,no_usable_pages,known,,,bd6t550905251: no usable pages in manifest.,2026-07-17T17:28:14.113284
lacharente,bd6t55090526f,,failed,0,0,,no_usable_pages,known,,,bd6t55090526f: no usable pages in manifest.,2026-07-17T17:28:14.329212
lacharente,bd6t55090527v,,failed,0,0,,no_usable_pages,known,,,bd6t55090527v: no usable pages in manifest.,2026-07-17T17:28:14.496706
lacharente,bd6t550905288,,failed,0,0,,no_usable_pages,known,,,bd6t550905288: no usable pages in manifest.,2026-07-17T17:28:14.711658
lacharente,bd6t55090529p,,failed,0,0,,no_usable_pages,known,,,bd6t55090529p: no usable pages in manifest.,2026-07-17T17:28:14.905562
lacharente,bd6t55090530b,,failed,0,0,,no_usable_pages,known,,,bd6t55090530b: no usable pages in manifest.,2026-07-17T17:28:15.016398
lacharente,bd6t55090531r,,failed,0,0,,no_usable_pages,known,,,bd6t55090531r: no usable pages in manifest.,2026-07-17T17:28:15.229146
lacharente,bd6t550905325,,failed,0,0,,no_usable_pages,known,,,bd6t550905325: no usable pages in manifest.,2026-07-17T17:28:15.357294
lacharente,bd6t55090533k,,failed,0,0,,no_usable_pages,known,,,bd6t55090533k: no usable pages in manifest.,2026-07-17T17:28:15.586438
lacharente,bd6t550905340,,failed,0,0,,no_usable_pages,known,,,bd6t550905340: no usable pages in manifest.,2026-07-17T17:28:15.780312
lacharente,bd6t55090535d,,failed,0,0,,no_usable_pages,known,,,bd6t55090535d: no usable pages in manifest.,2026-07-17T17:28:15.963241
lacharente,bd6t55090536t,,failed,0,0,,no_usable_pages,known,,,bd6t55090536t: no usable pages in manifest.,2026-07-17T17:28:16.119200
lacharente,bd6t550905377,,failed,0,0,,no_usable_pages,known,,,bd6t550905377: no usable pages in manifest.,2026-07-17T17:28:16.290013
lacharente,bd6t55090538n,,failed,0,0,,no_usable_pages,known,,,bd6t55090538n: no usable pages in manifest.,2026-07-17T17:28:16.480442
lacharente,bd6t550905392,,failed,0,0,,no_usable_pages,known,,,bd6t550905392: no usable pages in manifest.,2026-07-17T17:28:16.745279
lacharente,bd6t55090540q,,failed,0,0,,no_usable_pages,known,,,bd6t55090540q: no usable pages in manifest.,2026-07-17T17:28:16.845708
lacharente,bd6t550905414,,failed,0,0,,no_usable_pages,known,,,bd6t550905414: no usable pages in manifest.,2026-07-17T17:28:16.966854
lacharente,bd6t55090542j,,failed,0,0,,no_usable_pages,known,,,bd6t55090542j: no usable pages in manifest.,2026-07-17T17:28:17.072403
lacharente,bd6t55090543z,,failed,0,0,,no_usable_pages,known,,,bd6t55090543z: no usable pages in manifest.,2026-07-17T17:28:17.196314
lacharente,bd6t55090544c,,failed,0,0,,no_usable_pages,known,,,bd6t55090544c: no usable pages in manifest.,2026-07-17T17:28:17.409746
lacharente,bd6t55090545s,,failed,0,0,,no_usable_pages,known,,,bd6t55090545s: no usable pages in manifest.,2026-07-17T17:28:17.526666
lacharente,bd6t550905466,,failed,0,0,,no_usable_pages,known,,,bd6t550905466: no usable pages in manifest.,2026-07-17T17:28:18.075638
lacharente,bd6t55090547m,,failed,0,0,,no_usable_pages,known,,,bd6t55090547m: no usable pages in manifest.,2026-07-17T17:28:18.370694
lacharente,bd6t550905481,,failed,0,0,,no_usable_pages,known,,,bd6t550905481: no usable pages in manifest.,2026-07-17T17:28:18.570875
lacharente,bd6t55090549f,,failed,0,0,,no_usable_pages,known,,,bd6t55090549f: no usable pages in manifest.,2026-07-17T17:28:18.712856
lacharente,bd6t550905503,,failed,0,0,,no_usable_pages,known,,,bd6t550905503: no usable pages in manifest.,2026-07-17T17:28:18.888037
lacharente,bd6t55090551h,,failed,0,0,,no_usable_pages,known,,,bd6t55090551h: no usable pages in manifest.,2026-07-17T17:28:19.003178
lacharente,bd6t55090552x,,failed,0,0,,no_usable_pages,known,,,bd6t55090552x: no usable pages in manifest.,2026-07-17T17:28:19.173724
lacharente,bd6t55090553b,,failed,0,0,,no_usable_pages,known,,,bd6t55090553b: no usable pages in manifest.,2026-07-17T17:28:19.327472
lacharente,bd6t55090554r,,failed,0,0,,no_usable_pages,known,,,bd6t55090554r: no usable pages in manifest.,2026-07-17T17:28:19.475343
lacharente,bd6t550905555,,failed,0,0,,no_usable_pages,known,,,bd6t550905555: no usable pages in manifest.,2026-07-17T17:28:19.629279
lacharente,bd6t55090556k,,failed,0,0,,no_usable_pages,known,,,bd6t55090556k: no usable pages in manifest.,2026-07-17T17:28:19.736953
lacharente,bd6t550905570,,failed,0,0,,no_usable_pages,known,,,bd6t550905570: no usable pages in manifest.,2026-07-17T17:28:19.972414
lacharente,bd6t55090558d,,failed,0,0,,no_usable_pages,known,,,bd6t55090558d: no usable pages in manifest.,2026-07-17T17:28:20.116086
lacharente,bd6t55090559t,,failed,0,0,,no_usable_pages,known,,,bd6t55090559t: no usable pages in manifest.,2026-07-17T17:28:20.228671
lacharente,bd6t55090560g,,failed,0,0,,no_usable_pages,known,,,bd6t55090560g: no usable pages in manifest.,2026-07-17T17:28:20.369318
lacharente,bd6t55090561w,,failed,0,0,,no_usable_pages,known,,,bd6t55090561w: no usable pages in manifest.,2026-07-17T17:28:20.504917
lacharente,bd6t550905629,,failed,0,0,,no_usable_pages,known,,,bd6t550905629: no usable pages in manifest.,2026-07-17T17:28:20.666989
lacharente,bd6t55090563q,,failed,0,0,,no_usable_pages,known,,,bd6t55090563q: no usable pages in manifest.,2026-07-17T17:28:20.805234
lacharente,bd6t550905644,,failed,0,0,,no_usable_pages,known,,,bd6t550905644: no usable pages in manifest.,2026-07-17T17:28:20.978692
lacharente,bd6t55090565j,,failed,0,0,,no_usable_pages,known,,,bd6t55090565j: no usable pages in manifest.,2026-07-17T17:28:21.145677
lacharente,bd6t55090566z,,failed,0,0,,no_usable_pages,known,,,bd6t55090566z: no usable pages in manifest.,2026-07-17T17:28:21.252115
lacharente,bd6t55090567c,,failed,0,0,,no_usable_pages,known,,,bd6t55090567c: no usable pages in manifest.,2026-07-17T17:28:21.436919
lacharente,bd6t55090568s,,failed,0,0,,no_usable_pages,known,,,bd6t55090568s: no usable pages in manifest.,2026-07-17T17:28:21.579516
lacharente,bd6t550905696,,failed,0,0,,no_usable_pages,known,,,bd6t550905696: no usable pages in manifest.,2026-07-17T17:28:21.735656
lacharente,bd6t55090570v,,failed,0,0,,no_usable_pages,known,,,bd6t55090570v: no usable pages in manifest.,2026-07-17T17:28:21.855978
lacharente,bd6t550905718,,failed,0,0,,no_usable_pages,known,,,bd6t550905718: no usable pages in manifest.,2026-07-17T17:28:22.071463
lacharente,bd6t55090572p,,failed,0,0,,no_usable_pages,known,,,bd6t55090572p: no usable pages in manifest.,2026-07-17T17:28:22.202365
lacharente,bd6t550905733,,failed,0,0,,no_usable_pages,known,,,bd6t550905733: no usable pages in manifest.,2026-07-17T17:28:22.322758
lacharente,bd6t55090574h,,failed,0,0,,no_usable_pages,known,,,bd6t55090574h: no usable pages in manifest.,2026-07-17T17:28:22.454406
lacharente,bd6t55090575x,,failed,0,0,,no_usable_pages,known,,,bd6t55090575x: no usable pages in manifest.,2026-07-17T17:28:22.778658
lacharente,bd6t55090576b,,failed,0,0,,no_usable_pages,known,,,bd6t55090576b: no usable pages in manifest.,2026-07-17T17:28:23.540899
lacharente,bd6t55090577r,,failed,0,0,,no_usable_pages,known,,,bd6t55090577r: no usable pages in manifest.,2026-07-17T17:28:23.747065
lacharente,bd6t550905785,,failed,0,0,,no_usable_pages,known,,,bd6t550905785: no usable pages in manifest.,2026-07-17T17:28:23.949541
lacharente,bd6t55090579k,,failed,0,0,,no_usable_pages,known,,,bd6t55090579k: no usable pages in manifest.,2026-07-17T17:28:24.181025
lacharente,bd6t550905807,,failed,0,0,,no_usable_pages,known,,,bd6t550905807: no usable pages in manifest.,2026-07-17T17:28:24.287763
lacharente,bd6t55090581n,,failed,0,0,,no_usable_pages,known,,,bd6t55090581n: no usable pages in manifest.,2026-07-17T17:28:24.463301
lacharente,bd6t550905822,,failed,0,0,,no_usable_pages,known,,,bd6t550905822: no usable pages in manifest.,2026-07-17T17:28:24.669701
lacharente,bd6t55090583g,,failed,0,0,,no_usable_pages,known,,,bd6t55090583g: no usable pages in manifest.,2026-07-17T17:28:24.801443
lacharente,bd6t55090584w,,failed,0,0,,no_usable_pages,known,,,bd6t55090584w: no usable pages in manifest.,2026-07-17T17:28:24.953918
lacharente,bd6t550905859,,failed,0,0,,no_usable_pages,known,,,bd6t550905859: no usable pages in manifest.,2026-07-17T17:28:25.147949
lacharente,bd6t55090586q,,failed,0,0,,no_usable_pages,known,,,bd6t55090586q: no usable pages in manifest.,2026-07-17T17:28:25.315111
lacharente,bd6t550905874,,failed,0,0,,no_usable_pages,known,,,bd6t550905874: no usable pages in manifest.,2026-07-17T17:28:25.461520
lacharente,bd6t55090588j,,failed,0,0,,no_usable_pages,known,,,bd6t55090588j: no usable pages in manifest.,2026-07-17T17:28:25.709309
lacharente,bd6t55090589z,,failed,0,0,,no_usable_pages,known,,,bd6t55090589z: no usable pages in manifest.,2026-07-17T17:28:25.814428
lacharente,bd6t55090590m,,failed,0,0,,no_usable_pages,known,,,bd6t55090590m: no usable pages in manifest.,2026-07-17T17:28:25.899632
lacharente,bd6t550905911,,failed,0,0,,no_usable_pages,known,,,bd6t550905911: no usable pages in manifest.,2026-07-17T17:28:26.039849
lacharente,bd6t55090592f,,failed,0,0,,no_usable_pages,known,,,bd6t55090592f: no usable pages in manifest.,2026-07-17T17:28:26.173410
lacharente,bd6t55090593v,,failed,0,0,,no_usable_pages,known,,,bd6t55090593v: no usable pages in manifest.,2026-07-17T17:28:26.271242
lacharente,bd6t550905948,,failed,0,0,,no_usable_pages,known,,,bd6t550905948: no usable pages in manifest.,2026-07-17T17:28:26.374739
lacharente,bd6t55090595p,,failed,0,0,,no_usable_pages,known,,,bd6t55090595p: no usable pages in manifest.,2026-07-17T17:28:26.555659
lacharente,bd6t550905963,,failed,0,0,,no_usable_pages,known,,,bd6t550905963: no usable pages in manifest.,2026-07-17T17:28:26.683292
lacharente,bd6t55090597h,,failed,0,0,,no_usable_pages,known,,,bd6t55090597h: no usable pages in manifest.,2026-07-17T17:28:26.837622
lacharente,bd6t55090598x,,failed,0,0,,no_usable_pages,known,,,bd6t55090598x: no usable pages in manifest.,2026-07-17T17:28:26.987930
lacharente,bd6t55090599b,,failed,0,0,,no_usable_pages,known,,,bd6t55090599b: no usable pages in manifest.,2026-07-17T17:28:27.106268
lacharente,bd6t55090600j,,failed,0,0,,no_usable_pages,known,,,bd6t55090600j: no usable pages in manifest.,2026-07-17T17:28:27.281570
lacharente,bd6t55090601z,,failed,0,0,,no_usable_pages,known,,,bd6t55090601z: no usable pages in manifest.,2026-07-17T17:28:27.399619
lacharente,bd6t55090602c,,failed,0,0,,no_usable_pages,known,,,bd6t55090602c: no usable pages in manifest.,2026-07-17T17:28:27.536883
lacharente,bd6t55090603s,,failed,0,0,,no_usable_pages,known,,,bd6t55090603s: no usable pages in manifest.,2026-07-17T17:28:27.686936
lacharente,bd6t550906046,,failed,0,0,,no_usable_pages,known,,,bd6t550906046: no usable pages in manifest.,2026-07-17T17:28:27.789631
lacharente,bd6t55090605m,,failed,0,0,,no_usable_pages,known,,,bd6t55090605m: no usable pages in manifest.,2026-07-17T17:28:27.913026
lacharente,bd6t550906061,,failed,0,0,,no_usable_pages,known,,,bd6t550906061: no usable pages in manifest.,2026-07-17T17:28:28.261900
lacharente,bd6t55090607f,,failed,0,0,,no_usable_pages,known,,,bd6t55090607f: no usable pages in manifest.,2026-07-17T17:28:28.881287
lacharente,bd6t55090608v,,failed,0,0,,no_usable_pages,known,,,bd6t55090608v: no usable pages in manifest.,2026-07-17T17:28:29.098420
lacharente,bd6t550906098,,failed,0,0,,no_usable_pages,known,,,bd6t550906098: no usable pages in manifest.,2026-07-17T17:28:29.211024
lacharente,bd6t55090610x,,failed,0,0,,no_usable_pages,known,,,bd6t55090610x: no usable pages in manifest.,2026-07-17T17:28:29.357249
lacharente,bd6t55090611b,,failed,0,0,,no_usable_pages,known,,,bd6t55090611b: no usable pages in manifest.,2026-07-17T17:28:29.477475
lacharente,bd6t55090612r,,failed,0,0,,no_usable_pages,known,,,bd6t55090612r: no usable pages in manifest.,2026-07-17T17:28:29.616831
lacharente,bd6t550906135,,failed,0,0,,no_usable_pages,known,,,bd6t550906135: no usable pages in manifest.,2026-07-17T17:28:29.880685
lacharente,bd6t55090614k,,failed,0,0,,no_usable_pages,known,,,bd6t55090614k: no usable pages in manifest.,2026-07-17T17:28:30.072624
lacharente,bd6t550906150,,failed,0,0,,no_usable_pages,known,,,bd6t550906150: no usable pages in manifest.,2026-07-17T17:28:30.229689
lacharente,bd6t55090616d,,failed,0,0,,no_usable_pages,known,,,bd6t55090616d: no usable pages in manifest.,2026-07-17T17:28:30.409339
lacharente,bd6t55090617t,,failed,0,0,,no_usable_pages,known,,,bd6t55090617t: no usable pages in manifest.,2026-07-17T17:28:30.527180
lacharente,bd6t550906187,,failed,0,0,,no_usable_pages,known,,,bd6t550906187: no usable pages in manifest.,2026-07-17T17:28:30.628630
lacharente,bd6t55090619n,,failed,0,0,,no_usable_pages,known,,,bd6t55090619n: no usable pages in manifest.,2026-07-17T17:28:30.755742
lacharente,bd6t550906209,,failed,0,0,,no_usable_pages,known,,,bd6t550906209: no usable pages in manifest.,2026-07-17T17:28:30.880522
lacharente,bd6t55090621q,,failed,0,0,,no_usable_pages,known,,,bd6t55090621q: no usable pages in manifest.,2026-07-17T17:28:30.969933
lacharente,bd6t550906224,,failed,0,0,,no_usable_pages,known,,,bd6t550906224: no usable pages in manifest.,2026-07-17T17:28:31.104758
lacharente,bd6t55090623j,,failed,0,0,,no_usable_pages,known,,,bd6t55090623j: no usable pages in manifest.,2026-07-17T17:28:31.182163
lacharente,bd6t55090624z,,failed,0,0,,no_usable_pages,known,,,bd6t55090624z: no usable pages in manifest.,2026-07-17T17:28:31.302657
lacharente,bd6t55090625c,,failed,0,0,,no_usable_pages,known,,,bd6t55090625c: no usable pages in manifest.,2026-07-17T17:28:31.432186
lacharente,bd6t55090626s,,failed,0,0,,no_usable_pages,known,,,bd6t55090626s: no usable pages in manifest.,2026-07-17T17:28:31.522652
lacharente,bd6t550906276,,failed,0,0,,no_usable_pages,known,,,bd6t550906276: no usable pages in manifest.,2026-07-17T17:28:31.664267
lacharente,bd6t55090628m,,failed,0,0,,no_usable_pages,known,,,bd6t55090628m: no usable pages in manifest.,2026-07-17T17:28:31.846562
lacharente,bd6t550906291,,failed,0,0,,no_usable_pages,known,,,bd6t550906291: no usable pages in manifest.,2026-07-17T17:28:32.033944
lacharente,bd6t55090630p,,failed,0,0,,no_usable_pages,known,,,bd6t55090630p: no usable pages in manifest.,2026-07-17T17:28:32.162337
lacharente,bd6t550906313,,failed,0,0,,no_usable_pages,known,,,bd6t550906313: no usable pages in manifest.,2026-07-17T17:28:32.246483
lacharente,bd6t55090632h,,failed,0,0,,no_usable_pages,known,,,bd6t55090632h: no usable pages in manifest.,2026-07-17T17:28:32.338961
lacharente,bd6t55090633x,,failed,0,0,,no_usable_pages,known,,,bd6t55090633x: no usable pages in manifest.,2026-07-17T17:28:32.438195
lacharente,bd6t55090634b,,failed,0,0,,no_usable_pages,known,,,bd6t55090634b: no usable pages in manifest.,2026-07-17T17:28:32.654607
lacharente,bd6t55090635r,,failed,0,0,,no_usable_pages,known,,,bd6t55090635r: no usable pages in manifest.,2026-07-17T17:28:32.848404
lacharente,bd6t550906365,,failed,0,0,,no_usable_pages,known,,,bd6t550906365: no usable pages in manifest.,2026-07-17T17:28:33.015688
lacharente,bd6t55090637k,,failed,0,0,,no_usable_pages,known,,,bd6t55090637k: no usable pages in manifest.,2026-07-17T17:28:33.218234
lacharente,bd6t550906380,,failed,0,0,,no_usable_pages,known,,,bd6t550906380: no usable pages in manifest.,2026-07-17T17:28:33.383396
lacharente,bd6t55090639d,,failed,0,0,,no_usable_pages,known,,,bd6t55090639d: no usable pages in manifest.,2026-07-17T17:28:34.118389
lacharente,bd6t550906402,,failed,0,0,,no_usable_pages,known,,,bd6t550906402: no usable pages in manifest.,2026-07-17T17:28:34.424724
lacharente,bd6t55090641g,,failed,0,0,,no_usable_pages,known,,,bd6t55090641g: no usable pages in manifest.,2026-07-17T17:28:34.569589
lacharente,bd6t55090642w,,failed,0,0,,no_usable_pages,known,,,bd6t55090642w: no usable pages in manifest.,2026-07-17T17:28:34.708405
lacharente,bd6t550906439,,failed,0,0,,no_usable_pages,known,,,bd6t550906439: no usable pages in manifest.,2026-07-17T17:28:34.870092
lacharente,bd6t55090644q,,failed,0,0,,no_usable_pages,known,,,bd6t55090644q: no usable pages in manifest.,2026-07-17T17:28:34.971643
lacharente,bd6t550906454,,failed,0,0,,no_usable_pages,known,,,bd6t550906454: no usable pages in manifest.,2026-07-17T17:28:35.058168
lacharente,bd6t55090646j,,failed,0,0,,no_usable_pages,known,,,bd6t55090646j: no usable pages in manifest.,2026-07-17T17:28:35.185304
lacharente,bd6t55090647z,,failed,0,0,,no_usable_pages,known,,,bd6t55090647z: no usable pages in manifest.,2026-07-17T17:28:35.394407
lacharente,bd6t55090648c,,failed,0,0,,no_usable_pages,known,,,bd6t55090648c: no usable pages in manifest.,2026-07-17T17:28:35.510459
lacharente,bd6t55090649s,,failed,0,0,,no_usable_pages,known,,,bd6t55090649s: no usable pages in manifest.,2026-07-17T17:28:35.737113
lacharente,bd6t55090650f,,failed,0,0,,no_usable_pages,known,,,bd6t55090650f: no usable pages in manifest.,2026-07-17T17:28:35.893597
lacharente,bd6t55090651v,,failed,0,0,,no_usable_pages,known,,,bd6t55090651v: no usable pages in manifest.,2026-07-17T17:28:36.056602
lacharente,bd6t550906528,,failed,0,0,,no_usable_pages,known,,,bd6t550906528: no usable pages in manifest.,2026-07-17T17:28:36.202958
lacharente,bd6t55090653p,,failed,0,0,,no_usable_pages,known,,,bd6t55090653p: no usable pages in manifest.,2026-07-17T17:28:36.407872
lacharente,bd6t550906543,,failed,0,0,,no_usable_pages,known,,,bd6t550906543: no usable pages in manifest.,2026-07-17T17:28:36.573723
lacharente,bd6t55090655h,,failed,0,0,,no_usable_pages,known,,,bd6t55090655h: no usable pages in manifest.,2026-07-17T17:28:36.742987
lacharente,bd6t55090656x,,failed,0,0,,no_usable_pages,known,,,bd6t55090656x: no usable pages in manifest.,2026-07-17T17:28:36.876315
lacharente,bd6t55090657b,,failed,0,0,,no_usable_pages,known,,,bd6t55090657b: no usable pages in manifest.,2026-07-17T17:28:36.993183
lacharente,bd6t55090658r,,failed,0,0,,no_usable_pages,known,,,bd6t55090658r: no usable pages in manifest.,2026-07-17T17:28:37.137372
lacharente,bd6t550906595,,failed,0,0,,no_usable_pages,known,,,bd6t550906595: no usable pages in manifest.,2026-07-17T17:28:37.239866
lacharente,bd6t55090660t,,failed,0,0,,no_usable_pages,known,,,bd6t55090660t: no usable pages in manifest.,2026-07-17T17:28:37.359268
lacharente,bd6t550906617,,failed,0,0,,no_usable_pages,known,,,bd6t550906617: no usable pages in manifest.,2026-07-17T17:28:37.564641
lacharente,bd6t55090662n,,failed,0,0,,no_usable_pages,known,,,bd6t55090662n: no usable pages in manifest.,2026-07-17T17:28:37.721276
lacharente,bd6t550906632,,failed,0,0,,no_usable_pages,known,,,bd6t550906632: no usable pages in manifest.,2026-07-17T17:28:37.858817
lacharente,bd6t55090664g,,failed,0,0,,no_usable_pages,known,,,bd6t55090664g: no usable pages in manifest.,2026-07-17T17:28:37.980955
lacharente,bd6t55090665w,,failed,0,0,,no_usable_pages,known,,,bd6t55090665w: no usable pages in manifest.,2026-07-17T17:28:38.097198
lacharente,bd6t550906669,,failed,0,0,,no_usable_pages,known,,,bd6t550906669: no usable pages in manifest.,2026-07-17T17:28:38.244232
lacharente,bd6t55090667q,,failed,0,0,,no_usable_pages,known,,,bd6t55090667q: no usable pages in manifest.,2026-07-17T17:28:38.392954
lacharente,bd6t550906684,,failed,0,0,,no_usable_pages,known,,,bd6t550906684: no usable pages in manifest.,2026-07-17T17:28:38.649666
lacharente,bd6t55090669j,,failed,0,0,,no_usable_pages,known,,,bd6t55090669j: no usable pages in manifest.,2026-07-17T17:28:38.778185
lacharente,bd6t550906706,,failed,0,0,,no_usable_pages,known,,,bd6t550906706: no usable pages in manifest.,2026-07-17T17:28:39.236097
lacharente,bd6t55090671m,,failed,0,0,,no_usable_pages,known,,,bd6t55090671m: no usable pages in manifest.,2026-07-17T17:28:39.355214
lacharente,bd6t550906721,,failed,0,0,,no_usable_pages,known,,,bd6t550906721: no usable pages in manifest.,2026-07-17T17:28:39.473228
lacharente,bd6t55090673f,,failed,0,0,,no_usable_pages,known,,,bd6t55090673f: no usable pages in manifest.,2026-07-17T17:28:39.603289
lacharente,bd6t55090674v,,failed,0,0,,no_usable_pages,known,,,bd6t55090674v: no usable pages in manifest.,2026-07-17T17:28:39.761022
lacharente,bd6t550906758,,failed,0,0,,no_usable_pages,known,,,bd6t550906758: no usable pages in manifest.,2026-07-17T17:28:39.947046
lacharente,bd6t55090676p,,failed,0,0,,no_usable_pages,known,,,bd6t55090676p: no usable pages in manifest.,2026-07-17T17:28:40.054094
lacharente,bd6t550906773,,failed,0,0,,no_usable_pages,known,,,bd6t550906773: no usable pages in manifest.,2026-07-17T17:28:40.208511
lacharente,bd6t55090678h,,failed,0,0,,no_usable_pages,known,,,bd6t55090678h: no usable pages in manifest.,2026-07-17T17:28:40.330027
lacharente,bd6t55090679x,,failed,0,0,,no_usable_pages,known,,,bd6t55090679x: no usable pages in manifest.,2026-07-17T17:28:40.517235
lacharente,bd6t55090680k,,failed,0,0,,no_usable_pages,known,,,bd6t55090680k: no usable pages in manifest.,2026-07-17T17:28:40.691650
lacharente,bd6t550906810,,failed,0,0,,no_usable_pages,known,,,bd6t550906810: no usable pages in manifest.,2026-07-17T17:28:40.911724
lacharente,bd6t55090682d,,failed,0,0,,no_usable_pages,known,,,bd6t55090682d: no usable pages in manifest.,2026-07-17T17:28:41.099194
lacharente,bd6t55090683t,,failed,0,0,,no_usable_pages,known,,,bd6t55090683t: no usable pages in manifest.,2026-07-17T17:28:41.230538
lacharente,bd6t550906847,,failed,0,0,,no_usable_pages,known,,,bd6t550906847: no usable pages in manifest.,2026-07-17T17:28:41.386648
lacharente,bd6t55090685n,,failed,0,0,,no_usable_pages,known,,,bd6t55090685n: no usable pages in manifest.,2026-07-17T17:28:41.596427
lacharente,bd6t550906862,,failed,0,0,,no_usable_pages,known,,,bd6t550906862: no usable pages in manifest.,2026-07-17T17:28:41.754333
lacharente,bd6t55090687g,,failed,0,0,,no_usable_pages,known,,,bd6t55090687g: no usable pages in manifest.,2026-07-17T17:28:41.968171
lacharente,bd6t55090688w,,failed,0,0,,no_usable_pages,known,,,bd6t55090688w: no usable pages in manifest.,2026-07-17T17:28:42.106075
lacharente,bd6t550906899,,failed,0,0,,no_usable_pages,known,,,bd6t550906899: no usable pages in manifest.,2026-07-17T17:28:42.212410
lacharente,bd6t55090690z,,failed,0,0,,no_usable_pages,known,,,bd6t55090690z: no usable pages in manifest.,2026-07-17T17:28:42.309748
lacharente,bd6t55090691c,,failed,0,0,,no_usable_pages,known,,,bd6t55090691c: no usable pages in manifest.,2026-07-17T17:28:42.470446
lacharente,bd6t55090692s,,failed,0,0,,no_usable_pages,known,,,bd6t55090692s: no usable pages in manifest.,2026-07-17T17:28:42.591706
lacharente,bd6t550906936,,failed,0,0,,no_usable_pages,known,,,bd6t550906936: no usable pages in manifest.,2026-07-17T17:28:42.705045
lacharente,bd6t55090694m,,failed,0,0,,no_usable_pages,known,,,bd6t55090694m: no usable pages in manifest.,2026-07-17T17:28:42.928583
lacharente,bd6t550906951,,failed,0,0,,no_usable_pages,known,,,bd6t550906951: no usable pages in manifest.,2026-07-17T17:28:43.101142
lacharente,bd6t55090696f,,failed,0,0,,no_usable_pages,known,,,bd6t55090696f: no usable pages in manifest.,2026-07-17T17:28:43.215049
lacharente,bd6t55090697v,,failed,0,0,,no_usable_pages,known,,,bd6t55090697v: no usable pages in manifest.,2026-07-17T17:28:43.307013
lacharente,bd6t550906988,,failed,0,0,,no_usable_pages,known,,,bd6t550906988: no usable pages in manifest.,2026-07-17T17:28:43.452713
lacharente,bd6t55090699p,,failed,0,0,,no_usable_pages,known,,,bd6t55090699p: no usable pages in manifest.,2026-07-17T17:28:43.644849
lacharente,bd6t55090700w,,failed,0,0,,no_usable_pages,known,,,bd6t55090700w: no usable pages in manifest.,2026-07-17T17:28:43.951961
lacharente,bd6t550907019,,failed,0,0,,no_usable_pages,known,,,bd6t550907019: no usable pages in manifest.,2026-07-17T17:28:44.391126
lacharente,bd6t55090702q,,failed,0,0,,no_usable_pages,known,,,bd6t55090702q: no usable pages in manifest.,2026-07-17T17:28:44.558183
lacharente,bd6t550907034,,failed,0,0,,no_usable_pages,known,,,bd6t550907034: no usable pages in manifest.,2026-07-17T17:28:44.682927
lacharente,bd6t55090704j,,failed,0,0,,no_usable_pages,known,,,bd6t55090704j: no usable pages in manifest.,2026-07-17T17:28:44.842157
lacharente,bd6t55090705z,,failed,0,0,,no_usable_pages,known,,,bd6t55090705z: no usable pages in manifest.,2026-07-17T17:28:45.046859
lacharente,bd6t55090706c,,failed,0,0,,no_usable_pages,known,,,bd6t55090706c: no usable pages in manifest.,2026-07-17T17:28:45.195919
lacharente,bd6t55090707s,,failed,0,0,,no_usable_pages,known,,,bd6t55090707s: no usable pages in manifest.,2026-07-17T17:28:45.465644
lacharente,bd6t550907086,,failed,0,0,,no_usable_pages,known,,,bd6t550907086: no usable pages in manifest.,2026-07-17T17:28:45.577461
lacharente,bd6t55090709m,,failed,0,0,,no_usable_pages,known,,,bd6t55090709m: no usable pages in manifest.,2026-07-17T17:28:45.693032
lacharente,bd6t550907108,,failed,0,0,,no_usable_pages,known,,,bd6t550907108: no usable pages in manifest.,2026-07-17T17:28:45.800361
lacharente,bd6t55090711p,,failed,0,0,,no_usable_pages,known,,,bd6t55090711p: no usable pages in manifest.,2026-07-17T17:28:45.907193
lacharente,bd6t550907123,,failed,0,0,,no_usable_pages,known,,,bd6t550907123: no usable pages in manifest.,2026-07-17T17:28:46.003706
lacharente,bd6t55090713h,,failed,0,0,,no_usable_pages,known,,,bd6t55090713h: no usable pages in manifest.,2026-07-17T17:28:46.127939
lacharente,bd6t55090714x,,failed,0,0,,no_usable_pages,known,,,bd6t55090714x: no usable pages in manifest.,2026-07-17T17:28:46.249589
lacharente,bd6t55090715b,,failed,0,0,,no_usable_pages,known,,,bd6t55090715b: no usable pages in manifest.,2026-07-17T17:28:46.545453
lacharente,bd6t55090716r,,failed,0,0,,no_usable_pages,known,,,bd6t55090716r: no usable pages in manifest.,2026-07-17T17:28:46.693492
lacharente,bd6t550907175,,failed,0,0,,no_usable_pages,known,,,bd6t550907175: no usable pages in manifest.,2026-07-17T17:28:46.828240
lacharente,bd6t55090718k,,failed,0,0,,no_usable_pages,known,,,bd6t55090718k: no usable pages in manifest.,2026-07-17T17:28:47.029150
lacharente,bd6t550907190,,failed,0,0,,no_usable_pages,known,,,bd6t550907190: no usable pages in manifest.,2026-07-17T17:28:47.226215
lacharente,bd6t55090720n,,failed,0,0,,no_usable_pages,known,,,bd6t55090720n: no usable pages in manifest.,2026-07-17T17:28:47.345874
lacharente,bd6t550907212,,failed,0,0,,no_usable_pages,known,,,bd6t550907212: no usable pages in manifest.,2026-07-17T17:28:47.455864
lacharente,bd6t55090722g,,failed,0,0,,no_usable_pages,known,,,bd6t55090722g: no usable pages in manifest.,2026-07-17T17:28:47.639170
lacharente,bd6t55090723w,,failed,0,0,,no_usable_pages,known,,,bd6t55090723w: no usable pages in manifest.,2026-07-17T17:28:47.763902
lacharente,bd6t550907249,,failed,0,0,,no_usable_pages,known,,,bd6t550907249: no usable pages in manifest.,2026-07-17T17:28:47.887190
lacharente,bd6t55090725q,,failed,0,0,,no_usable_pages,known,,,bd6t55090725q: no usable pages in manifest.,2026-07-17T17:28:47.986546
lacharente,bd6t550907264,,failed,0,0,,no_usable_pages,known,,,bd6t550907264: no usable pages in manifest.,2026-07-17T17:28:48.083303
lacharente,bd6t55090727j,,failed,0,0,,no_usable_pages,known,,,bd6t55090727j: no usable pages in manifest.,2026-07-17T17:28:48.207286
lacharente,bd6t55090728z,,failed,0,0,,no_usable_pages,known,,,bd6t55090728z: no usable pages in manifest.,2026-07-17T17:28:48.341983
lacharente,bd6t55090729c,,failed,0,0,,no_usable_pages,known,,,bd6t55090729c: no usable pages in manifest.,2026-07-17T17:28:48.441469
lacharente,bd6t550907301,,failed,0,0,,no_usable_pages,known,,,bd6t550907301: no usable pages in manifest.,2026-07-17T17:28:48.541041
lacharente,bd6t55090731f,,failed,0,0,,no_usable_pages,known,,,bd6t55090731f: no usable pages in manifest.,2026-07-17T17:28:48.931138
lacharente,bd6t55090732v,,failed,0,0,,no_usable_pages,known,,,bd6t55090732v: no usable pages in manifest.,2026-07-17T17:28:49.431297
lacharente,bd6t550907338,,failed,0,0,,no_usable_pages,known,,,bd6t550907338: no usable pages in manifest.,2026-07-17T17:28:49.553745
lacharente,bd6t55090734p,,failed,0,0,,no_usable_pages,known,,,bd6t55090734p: no usable pages in manifest.,2026-07-17T17:28:49.806424
lacharente,bd6t550907353,,failed,0,0,,no_usable_pages,known,,,bd6t550907353: no usable pages in manifest.,2026-07-17T17:28:49.977121
lacharente,bd6t55090736h,,failed,0,0,,no_usable_pages,known,,,bd6t55090736h: no usable pages in manifest.,2026-07-17T17:28:50.247473
lacharente,bd6t55090737x,,failed,0,0,,no_usable_pages,known,,,bd6t55090737x: no usable pages in manifest.,2026-07-17T17:28:50.445206
lacharente,bd6t55090738b,,failed,0,0,,no_usable_pages,known,,,bd6t55090738b: no usable pages in manifest.,2026-07-17T17:28:50.660154
lacharente,bd6t55090739r,,failed,0,0,,no_usable_pages,known,,,bd6t55090739r: no usable pages in manifest.,2026-07-17T17:28:50.976985
lacharente,bd6t55090740d,,failed,0,0,,no_usable_pages,known,,,bd6t55090740d: no usable pages in manifest.,2026-07-17T17:28:51.247057
lacharente,bd6t55090741t,,failed,0,0,,no_usable_pages,known,,,bd6t55090741t: no usable pages in manifest.,2026-07-17T17:28:51.407074
lacharente,bd6t550907427,,failed,0,0,,no_usable_pages,known,,,bd6t550907427: no usable pages in manifest.,2026-07-17T17:28:51.529214
lacharente,bd6t55090743n,,failed,0,0,,no_usable_pages,known,,,bd6t55090743n: no usable pages in manifest.,2026-07-17T17:28:51.659555
lacharente,bd6t550907442,,failed,0,0,,no_usable_pages,known,,,bd6t550907442: no usable pages in manifest.,2026-07-17T17:28:51.841491
lacharente,bd6t55090745g,,failed,0,0,,no_usable_pages,known,,,bd6t55090745g: no usable pages in manifest.,2026-07-17T17:28:52.142054
lacharente,bd6t55090746w,,failed,0,0,,no_usable_pages,known,,,bd6t55090746w: no usable pages in manifest.,2026-07-17T17:28:52.347556
lacharente,bd6t550907479,,failed,0,0,,no_usable_pages,known,,,bd6t550907479: no usable pages in manifest.,2026-07-17T17:28:52.435854
lacharente,bd6t55090748q,,failed,0,0,,no_usable_pages,known,,,bd6t55090748q: no usable pages in manifest.,2026-07-17T17:28:52.575758
lacharente,bd6t550907494,,failed,0,0,,no_usable_pages,known,,,bd6t550907494: no usable pages in manifest.,2026-07-17T17:28:52.771802
lacharente,bd6t55090750s,,failed,0,0,,no_usable_pages,known,,,bd6t55090750s: no usable pages in manifest.,2026-07-17T17:28:52.909508
lacharente,bd6t550907516,,failed,0,0,,no_usable_pages,known,,,bd6t550907516: no usable pages in manifest.,2026-07-17T17:28:53.299740
lacharente,bd6t55090752m,,failed,0,0,,no_usable_pages,known,,,bd6t55090752m: no usable pages in manifest.,2026-07-17T17:28:53.479360
lacharente,bd6t550907531,,failed,0,0,,no_usable_pages,known,,,bd6t550907531: no usable pages in manifest.,2026-07-17T17:28:53.597449
lacharente,bd6t55090754f,,failed,0,0,,no_usable_pages,known,,,bd6t55090754f: no usable pages in manifest.,2026-07-17T17:28:53.695014
lacharente,bd6t55090755v,,failed,0,0,,no_usable_pages,known,,,bd6t55090755v: no usable pages in manifest.,2026-07-17T17:28:53.804114
lacharente,bd6t550907568,,failed,0,0,,no_usable_pages,known,,,bd6t550907568: no usable pages in manifest.,2026-07-17T17:28:53.978035
lacharente,bd6t55090757p,,failed,0,0,,no_usable_pages,known,,,bd6t55090757p: no usable pages in manifest.,2026-07-17T17:28:54.202610
lacharente,bd6t550907583,,failed,0,0,,no_usable_pages,known,,,bd6t550907583: no usable pages in manifest.,2026-07-17T17:28:54.391588
lacharente,bd6t55090759h,,failed,0,0,,no_usable_pages,known,,,bd6t55090759h: no usable pages in manifest.,2026-07-17T17:28:54.621086
lacharente,bd6t550907605,,failed,0,0,,no_usable_pages,known,,,bd6t550907605: no usable pages in manifest.,2026-07-17T17:28:54.794657
lacharente,bd6t55090761k,,failed,0,0,,no_usable_pages,known,,,bd6t55090761k: no usable pages in manifest.,2026-07-17T17:28:54.932608
lacharente,bd6t550907620,,failed,0,0,,no_usable_pages,known,,,bd6t550907620: no usable pages in manifest.,2026-07-17T17:28:55.033424
lacharente,bd6t55090763d,,failed,0,0,,no_usable_pages,known,,,bd6t55090763d: no usable pages in manifest.,2026-07-17T17:28:55.277507
lacharente,bd6t55090764t,,failed,0,0,,no_usable_pages,known,,,bd6t55090764t: no usable pages in manifest.,2026-07-17T17:28:55.371984
lacharente,bd6t550907657,,failed,0,0,,no_usable_pages,known,,,bd6t550907657: no usable pages in manifest.,2026-07-17T17:28:55.482802
lacharente,bd6t55090766n,,failed,0,0,,no_usable_pages,known,,,bd6t55090766n: no usable pages in manifest.,2026-07-17T17:28:55.606634
lacharente,bd6t550907672,,failed,0,0,,no_usable_pages,known,,,bd6t550907672: no usable pages in manifest.,2026-07-17T17:28:55.804526
lacharente,bd6t55090768g,,failed,0,0,,no_usable_pages,known,,,bd6t55090768g: no usable pages in manifest.,2026-07-17T17:28:55.920897
lacharente,bd6t55090769w,,failed,0,0,,no_usable_pages,known,,,bd6t55090769w: no usable pages in manifest.,2026-07-17T17:28:56.018361
lacharente,bd6t55090770j,,failed,0,0,,no_usable_pages,known,,,bd6t55090770j: no usable pages in manifest.,2026-07-17T17:28:56.116349
lacharente,bd6t55090771z,,failed,0,0,,no_usable_pages,known,,,bd6t55090771z: no usable pages in manifest.,2026-07-17T17:28:56.299481
lacharente,bd6t55090772c,,failed,0,0,,no_usable_pages,known,,,bd6t55090772c: no usable pages in manifest.,2026-07-17T17:28:56.424456
lacharente,bd6t55090773s,,failed,0,0,,no_usable_pages,known,,,bd6t55090773s: no usable pages in manifest.,2026-07-17T17:28:56.526680
lacharente,bd6t550907746,,failed,0,0,,no_usable_pages,known,,,bd6t550907746: no usable pages in manifest.,2026-07-17T17:28:56.700993
lacharente,bd6t55090775m,,failed,0,0,,no_usable_pages,known,,,bd6t55090775m: no usable pages in manifest.,2026-07-17T17:28:56.815014
lacharente,bd6t550907761,,failed,0,0,,no_usable_pages,known,,,bd6t550907761: no usable pages in manifest.,2026-07-17T17:28:56.940699
lacharente,bd6t55090777f,,failed,0,0,,no_usable_pages,known,,,bd6t55090777f: no usable pages in manifest.,2026-07-17T17:28:57.020654
lacharente,bd6t55090778v,,failed,0,0,,no_usable_pages,known,,,bd6t55090778v: no usable pages in manifest.,2026-07-17T17:28:57.139558
lacharente,bd6t550907798,,failed,0,0,,no_usable_pages,known,,,bd6t550907798: no usable pages in manifest.,2026-07-17T17:28:57.288443
lacharente,bd6t55090780x,,failed,0,0,,no_usable_pages,known,,,bd6t55090780x: no usable pages in manifest.,2026-07-17T17:28:57.442346
lacharente,bd6t55090781b,,failed,0,0,,no_usable_pages,known,,,bd6t55090781b: no usable pages in manifest.,2026-07-17T17:28:57.537402
lacharente,bd6t55090782r,,failed,0,0,,no_usable_pages,known,,,bd6t55090782r: no usable pages in manifest.,2026-07-17T17:28:57.644417
lacharente,bd6t550907835,,failed,0,0,,no_usable_pages,known,,,bd6t550907835: no usable pages in manifest.,2026-07-17T17:28:57.738372
lacharente,bd6t55090784k,,failed,0,0,,no_usable_pages,known,,,bd6t55090784k: no usable pages in manifest.,2026-07-17T17:28:57.838287
lacharente,bd6t550907850,,failed,0,0,,no_usable_pages,known,,,bd6t550907850: no usable pages in manifest.,2026-07-17T17:28:57.931523
lacharente,bd6t55090786d,,failed,0,0,,no_usable_pages,known,,,bd6t55090786d: no usable pages in manifest.,2026-07-17T17:28:58.014556
lacharente,bd6t55090787t,,failed,0,0,,no_usable_pages,known,,,bd6t55090787t: no usable pages in manifest.,2026-07-17T17:28:58.100732
lacharente,bd6t550907887,,failed,0,0,,no_usable_pages,known,,,bd6t550907887: no usable pages in manifest.,2026-07-17T17:28:58.186291
lacharente,bd6t55090789n,,failed,0,0,,no_usable_pages,known,,,bd6t55090789n: no usable pages in manifest.,2026-07-17T17:28:58.339950
lacharente,bd6t550907909,,failed,0,0,,no_usable_pages,known,,,bd6t550907909: no usable pages in manifest.,2026-07-17T17:28:58.488706
lacharente,bd6t55090791q,,failed,0,0,,no_usable_pages,known,,,bd6t55090791q: no usable pages in manifest.,2026-07-17T17:28:58.589616
lacharente,bd6t550907924,,failed,0,0,,no_usable_pages,known,,,bd6t550907924: no usable pages in manifest.,2026-07-17T17:28:58.746642
lacharente,bd6t55090793j,,failed,0,0,,no_usable_pages,known,,,bd6t55090793j: no usable pages in manifest.,2026-07-17T17:28:58.880609
lacharente,bd6t55090794z,,failed,0,0,,no_usable_pages,known,,,bd6t55090794z: no usable pages in manifest.,2026-07-17T17:28:59.405602
lacharente,bd6t55090795c,,failed,0,0,,no_usable_pages,known,,,bd6t55090795c: no usable pages in manifest.,2026-07-17T17:28:59.658274
lacharente,bd6t55090796s,,failed,0,0,,no_usable_pages,known,,,bd6t55090796s: no usable pages in manifest.,2026-07-17T17:28:59.775018
lacharente,bd6t550907976,,failed,0,0,,no_usable_pages,known,,,bd6t550907976: no usable pages in manifest.,2026-07-17T17:28:59.891324
lacharente,bd6t55090798m,,failed,0,0,,no_usable_pages,known,,,bd6t55090798m: no usable pages in manifest.,2026-07-17T17:29:00.002043
lacharente,bd6t550907991,,failed,0,0,,no_usable_pages,known,,,bd6t550907991: no usable pages in manifest.,2026-07-17T17:29:00.101050
lacharente,bd6t550908007,,failed,0,0,,no_usable_pages,known,,,bd6t550908007: no usable pages in manifest.,2026-07-17T17:29:00.251350
lacharente,bd6t55090801n,,failed,0,0,,no_usable_pages,known,,,bd6t55090801n: no usable pages in manifest.,2026-07-17T17:29:00.354241
lacharente,bd6t550908022,,failed,0,0,,no_usable_pages,known,,,bd6t550908022: no usable pages in manifest.,2026-07-17T17:29:00.525610
lacharente,bd6t55090803g,,failed,0,0,,no_usable_pages,known,,,bd6t55090803g: no usable pages in manifest.,2026-07-17T17:29:00.723806
lacharente,bd6t55090804w,,failed,0,0,,no_usable_pages,known,,,bd6t55090804w: no usable pages in manifest.,2026-07-17T17:29:00.896490
lacharente,bd6t550908059,,failed,0,0,,no_usable_pages,known,,,bd6t550908059: no usable pages in manifest.,2026-07-17T17:29:01.062900
lacharente,bd6t55090806q,,failed,0,0,,no_usable_pages,known,,,bd6t55090806q: no usable pages in manifest.,2026-07-17T17:29:01.183485
lacharente,bd6t550908074,,failed,0,0,,no_usable_pages,known,,,bd6t550908074: no usable pages in manifest.,2026-07-17T17:29:01.337714
lacharente,bd6t55090808j,,failed,0,0,,no_usable_pages,known,,,bd6t55090808j: no usable pages in manifest.,2026-07-17T17:29:01.514101
lacharente,bd6t55090809z,,failed,0,0,,no_usable_pages,known,,,bd6t55090809z: no usable pages in manifest.,2026-07-17T17:29:01.829475
lacharente,bd6t55090810m,,failed,0,0,,no_usable_pages,known,,,bd6t55090810m: no usable pages in manifest.,2026-07-17T17:29:02.065322
lacharente,bd6t550908111,,failed,0,0,,no_usable_pages,known,,,bd6t550908111: no usable pages in manifest.,2026-07-17T17:29:02.202175
lacharente,bd6t55090812f,,failed,0,0,,no_usable_pages,known,,,bd6t55090812f: no usable pages in manifest.,2026-07-17T17:29:02.329288
lacharente,bd6t55090813v,,failed,0,0,,no_usable_pages,known,,,bd6t55090813v: no usable pages in manifest.,2026-07-17T17:29:02.464887
lacharente,bd6t550908148,,failed,0,0,,no_usable_pages,known,,,bd6t550908148: no usable pages in manifest.,2026-07-17T17:29:02.607479
lacharente,bd6t55090815p,,failed,0,0,,no_usable_pages,known,,,bd6t55090815p: no usable pages in manifest.,2026-07-17T17:29:02.842256
lacharente,bd6t550908163,,failed,0,0,,no_usable_pages,known,,,bd6t550908163: no usable pages in manifest.,2026-07-17T17:29:02.969793
lacharente,bd6t55090817h,,failed,0,0,,no_usable_pages,known,,,bd6t55090817h: no usable pages in manifest.,2026-07-17T17:29:03.128271
lacharente,bd6t55090818x,,failed,0,0,,no_usable_pages,known,,,bd6t55090818x: no usable pages in manifest.,2026-07-17T17:29:03.293688
lacharente,bd6t55090819b,,failed,0,0,,no_usable_pages,known,,,bd6t55090819b: no usable pages in manifest.,2026-07-17T17:29:03.430111
lacharente,bd6t550908200,,failed,0,0,,no_usable_pages,known,,,bd6t550908200: no usable pages in manifest.,2026-07-17T17:29:03.580687
lacharente,bd6t55090821d,,failed,0,0,,no_usable_pages,known,,,bd6t55090821d: no usable pages in manifest.,2026-07-17T17:29:03.720859
lacharente,bd6t55090822t,,failed,0,0,,no_usable_pages,known,,,bd6t55090822t: no usable pages in manifest.,2026-07-17T17:29:04.279391
lacharente,bd6t550908237,,failed,0,0,,no_usable_pages,known,,,bd6t550908237: no usable pages in manifest.,2026-07-17T17:29:04.414107
lacharente,bd6t55090824n,,failed,0,0,,no_usable_pages,known,,,bd6t55090824n: no usable pages in manifest.,2026-07-17T17:29:04.567291
lacharente,bd6t550908252,,failed,0,0,,no_usable_pages,known,,,bd6t550908252: no usable pages in manifest.,2026-07-17T17:29:04.723502
lacharente,bd6t55090826g,,failed,0,0,,no_usable_pages,known,,,bd6t55090826g: no usable pages in manifest.,2026-07-17T17:29:04.921645
lacharente,bd6t55090827w,,failed,0,0,,no_usable_pages,known,,,bd6t55090827w: no usable pages in manifest.,2026-07-17T17:29:05.066014
lacharente,bd6t550908289,,failed,0,0,,no_usable_pages,known,,,bd6t550908289: no usable pages in manifest.,2026-07-17T17:29:05.181011
lacharente,bd6t55090829q,,failed,0,0,,no_usable_pages,known,,,bd6t55090829q: no usable pages in manifest.,2026-07-17T17:29:05.306534
lacharente,bd6t55090830c,,failed,0,0,,no_usable_pages,known,,,bd6t55090830c: no usable pages in manifest.,2026-07-17T17:29:05.484244
lacharente,bd6t55090831s,,failed,0,0,,no_usable_pages,known,,,bd6t55090831s: no usable pages in manifest.,2026-07-17T17:29:05.600689
lacharente,bd6t550908326,,failed,0,0,,no_usable_pages,known,,,bd6t550908326: no usable pages in manifest.,2026-07-17T17:29:05.696203
lacharente,bd6t55090833m,,failed,0,0,,no_usable_pages,known,,,bd6t55090833m: no usable pages in manifest.,2026-07-17T17:29:05.856649
lacharente,bd6t550908341,,failed,0,0,,no_usable_pages,known,,,bd6t550908341: no usable pages in manifest.,2026-07-17T17:29:06.077347
lacharente,bd6t55090835f,,failed,0,0,,no_usable_pages,known,,,bd6t55090835f: no usable pages in manifest.,2026-07-17T17:29:06.242707
lacharente,bd6t55090836v,,failed,0,0,,no_usable_pages,known,,,bd6t55090836v: no usable pages in manifest.,2026-07-17T17:29:06.363582
lacharente,bd6t550908378,,failed,0,0,,no_usable_pages,known,,,bd6t550908378: no usable pages in manifest.,2026-07-17T17:29:06.470679
lacharente,bd6t55090838p,,failed,0,0,,no_usable_pages,known,,,bd6t55090838p: no usable pages in manifest.,2026-07-17T17:29:06.589862
lacharente,bd6t550908393,,failed,0,0,,no_usable_pages,known,,,bd6t550908393: no usable pages in manifest.,2026-07-17T17:29:06.729885
lacharente,bd6t55090840r,,failed,0,0,,no_usable_pages,known,,,bd6t55090840r: no usable pages in manifest.,2026-07-17T17:29:06.849831
lacharente,bd6t550908415,,failed,0,0,,no_usable_pages,known,,,bd6t550908415: no usable pages in manifest.,2026-07-17T17:29:06.965663
lacharente,bd6t55090842k,,failed,0,0,,no_usable_pages,known,,,bd6t55090842k: no usable pages in manifest.,2026-07-17T17:29:07.176750
lacharente,bd6t550908430,,failed,0,0,,no_usable_pages,known,,,bd6t550908430: no usable pages in manifest.,2026-07-17T17:29:07.290390
lacharente,bd6t55090844d,,failed,0,0,,no_usable_pages,known,,,bd6t55090844d: no usable pages in manifest.,2026-07-17T17:29:07.392179
lacharente,bd6t55090845t,,failed,0,0,,no_usable_pages,known,,,bd6t55090845t: no usable pages in manifest.,2026-07-17T17:29:07.513831
lacharente,bd6t550908467,,failed,0,0,,no_usable_pages,known,,,bd6t550908467: no usable pages in manifest.,2026-07-17T17:29:07.606696
lacharente,bd6t55090847n,,failed,0,0,,no_usable_pages,known,,,bd6t55090847n: no usable pages in manifest.,2026-07-17T17:29:07.711126
lacharente,bd6t550908482,,failed,0,0,,no_usable_pages,known,,,bd6t550908482: no usable pages in manifest.,2026-07-17T17:29:07.830521
lacharente,bd6t55090849g,,failed,0,0,,no_usable_pages,known,,,bd6t55090849g: no usable pages in manifest.,2026-07-17T17:29:07.945628
lacharente,bd6t550908504,,failed,0,0,,no_usable_pages,known,,,bd6t550908504: no usable pages in manifest.,2026-07-17T17:29:08.040619
lacharente,bd6t55090851j,,failed,0,0,,no_usable_pages,known,,,bd6t55090851j: no usable pages in manifest.,2026-07-17T17:29:08.203747
lacharente,bd6t55090852z,,failed,0,0,,no_usable_pages,known,,,bd6t55090852z: no usable pages in manifest.,2026-07-17T17:29:08.301869
lacharente,bd6t55090853c,,failed,0,0,,no_usable_pages,known,,,bd6t55090853c: no usable pages in manifest.,2026-07-17T17:29:08.456061
lacharente,bd6t55090854s,,failed,0,0,,no_usable_pages,known,,,bd6t55090854s: no usable pages in manifest.,2026-07-17T17:29:08.542962
lacharente,bd6t550908556,,failed,0,0,,no_usable_pages,known,,,bd6t550908556: no usable pages in manifest.,2026-07-17T17:29:08.661601
lacharente,bd6t55090856m,,failed,0,0,,no_usable_pages,known,,,bd6t55090856m: no usable pages in manifest.,2026-07-17T17:29:08.825975
lacharente,bd6t550908571,,failed,0,0,,no_usable_pages,known,,,bd6t550908571: no usable pages in manifest.,2026-07-17T17:29:09.478433
lacharente,bd6t55090858f,,failed,0,0,,no_usable_pages,known,,,bd6t55090858f: no usable pages in manifest.,2026-07-17T17:29:09.569438
lacharente,bd6t55090859v,,failed,0,0,,no_usable_pages,known,,,bd6t55090859v: no usable pages in manifest.,2026-07-17T17:29:09.758709
lacharente,bd6t55090860h,,failed,0,0,,no_usable_pages,known,,,bd6t55090860h: no usable pages in manifest.,2026-07-17T17:29:09.896333
lacharente,bd6t55090861x,,failed,0,0,,no_usable_pages,known,,,bd6t55090861x: no usable pages in manifest.,2026-07-17T17:29:10.117441
lacharente,bd6t55090862b,,failed,0,0,,no_usable_pages,known,,,bd6t55090862b: no usable pages in manifest.,2026-07-17T17:29:10.286440
lacharente,bd6t55090863r,,failed,0,0,,no_usable_pages,known,,,bd6t55090863r: no usable pages in manifest.,2026-07-17T17:29:10.451678
lacharente,bd6t550908645,,failed,0,0,,no_usable_pages,known,,,bd6t550908645: no usable pages in manifest.,2026-07-17T17:29:10.628666
lacharente,bd6t55090865k,,failed,0,0,,no_usable_pages,known,,,bd6t55090865k: no usable pages in manifest.,2026-07-17T17:29:10.771415
lacharente,bd6t550908660,,failed,0,0,,no_usable_pages,known,,,bd6t550908660: no usable pages in manifest.,2026-07-17T17:29:10.924226
lacharente,bd6t55090867d,,failed,0,0,,no_usable_pages,known,,,bd6t55090867d: no usable pages in manifest.,2026-07-17T17:29:11.108469
lacharente,bd6t55090868t,,failed,0,0,,no_usable_pages,known,,,bd6t55090868t: no usable pages in manifest.,2026-07-17T17:29:11.238854
lacharente,bd6t550908697,,failed,0,0,,no_usable_pages,known,,,bd6t550908697: no usable pages in manifest.,2026-07-17T17:29:11.383349
lacharente,bd6t55090870w,,failed,0,0,,no_usable_pages,known,,,bd6t55090870w: no usable pages in manifest.,2026-07-17T17:29:11.665446
lacharente,bd6t550908719,,failed,0,0,,no_usable_pages,known,,,bd6t550908719: no usable pages in manifest.,2026-07-17T17:29:11.898406
lacharente,bd6t55090872q,,failed,0,0,,no_usable_pages,known,,,bd6t55090872q: no usable pages in manifest.,2026-07-17T17:29:12.063860
lacharente,bd6t550908734,,failed,0,0,,no_usable_pages,known,,,bd6t550908734: no usable pages in manifest.,2026-07-17T17:29:12.202300
lacharente,bd6t55090874j,,failed,0,0,,no_usable_pages,known,,,bd6t55090874j: no usable pages in manifest.,2026-07-17T17:29:12.375748
lacharente,bd6t55090875z,,failed,0,0,,no_usable_pages,known,,,bd6t55090875z: no usable pages in manifest.,2026-07-17T17:29:12.492538
lacharente,bd6t55090876c,,failed,0,0,,no_usable_pages,known,,,bd6t55090876c: no usable pages in manifest.,2026-07-17T17:29:12.665146
lacharente,bd6t55090877s,,failed,0,0,,no_usable_pages,known,,,bd6t55090877s: no usable pages in manifest.,2026-07-17T17:29:12.814962
lacharente,bd6t550908786,,failed,0,0,,no_usable_pages,known,,,bd6t550908786: no usable pages in manifest.,2026-07-17T17:29:12.980154
lacharente,bd6t55090879m,,failed,0,0,,no_usable_pages,known,,,bd6t55090879m: no usable pages in manifest.,2026-07-17T17:29:13.145642
lacharente,bd6t550908808,,failed,0,0,,no_usable_pages,known,,,bd6t550908808: no usable pages in manifest.,2026-07-17T17:29:13.250190
lacharente,bd6t55090881p,,failed,0,0,,no_usable_pages,known,,,bd6t55090881p: no usable pages in manifest.,2026-07-17T17:29:13.396329
lacharente,bd6t550908823,,failed,0,0,,no_usable_pages,known,,,bd6t550908823: no usable pages in manifest.,2026-07-17T17:29:13.571651
lacharente,bd6t55090883h,,failed,0,0,,no_usable_pages,known,,,bd6t55090883h: no usable pages in manifest.,2026-07-17T17:29:14.247068
lacharente,bd6t55090884x,,failed,0,0,,no_usable_pages,known,,,bd6t55090884x: no usable pages in manifest.,2026-07-17T17:29:14.507154
lacharente,bd6t55090885b,,failed,0,0,,no_usable_pages,known,,,bd6t55090885b: no usable pages in manifest.,2026-07-17T17:29:14.646235
lacharente,bd6t55090886r,,failed,0,0,,no_usable_pages,known,,,bd6t55090886r: no usable pages in manifest.,2026-07-17T17:29:14.781999
lacharente,bd6t550908875,,failed,0,0,,no_usable_pages,known,,,bd6t550908875: no usable pages in manifest.,2026-07-17T17:29:14.950912
lacharente,bd6t55090888k,,failed,0,0,,no_usable_pages,known,,,bd6t55090888k: no usable pages in manifest.,2026-07-17T17:29:15.053130
lacharente,bd6t550908890,,failed,0,0,,no_usable_pages,known,,,bd6t550908890: no usable pages in manifest.,2026-07-17T17:29:15.162854
lacharente,bd6t55090890n,,failed,0,0,,no_usable_pages,known,,,bd6t55090890n: no usable pages in manifest.,2026-07-17T17:29:15.280221
lacharente,bd6t550908912,,failed,0,0,,no_usable_pages,known,,,bd6t550908912: no usable pages in manifest.,2026-07-17T17:29:15.414584
lacharente,bd6t55090892g,,failed,0,0,,no_usable_pages,known,,,bd6t55090892g: no usable pages in manifest.,2026-07-17T17:29:15.542862
lacharente,bd6t55090893w,,failed,0,0,,no_usable_pages,known,,,bd6t55090893w: no usable pages in manifest.,2026-07-17T17:29:15.699408
lacharente,bd6t550908949,,failed,0,0,,no_usable_pages,known,,,bd6t550908949: no usable pages in manifest.,2026-07-17T17:29:15.849451
lacharente,bd6t55090895q,,failed,0,0,,no_usable_pages,known,,,bd6t55090895q: no usable pages in manifest.,2026-07-17T17:29:15.995641
lacharente,bd6t550908964,,failed,0,0,,no_usable_pages,known,,,bd6t550908964: no usable pages in manifest.,2026-07-17T17:29:16.128257
lacharente,bd6t55090897j,,failed,0,0,,no_usable_pages,known,,,bd6t55090897j: no usable pages in manifest.,2026-07-17T17:29:16.288291
lacharente,bd6t55090898z,,failed,0,0,,no_usable_pages,known,,,bd6t55090898z: no usable pages in manifest.,2026-07-17T17:29:16.368092
lacharente,bd6t55090899c,,failed,0,0,,no_usable_pages,known,,,bd6t55090899c: no usable pages in manifest.,2026-07-17T17:29:16.492653
lacharente,bd6t55090900k,,failed,0,0,,no_usable_pages,known,,,bd6t55090900k: no usable pages in manifest.,2026-07-17T17:29:16.647351
lacharente,bd6t550909010,,failed,0,0,,no_usable_pages,known,,,bd6t550909010: no usable pages in manifest.,2026-07-17T17:29:16.819494
lacharente,bd6t55090902d,,failed,0,0,,no_usable_pages,known,,,bd6t55090902d: no usable pages in manifest.,2026-07-17T17:29:16.988436
lacharente,bd6t55090903t,,failed,0,0,,no_usable_pages,known,,,bd6t55090903t: no usable pages in manifest.,2026-07-17T17:29:17.135984
lacharente,bd6t55090905n,,failed,0,0,,no_usable_pages,known,,,bd6t55090905n: no usable pages in manifest.,2026-07-17T17:29:17.216833
lacharente,bd6t550909062,,failed,0,0,,no_usable_pages,known,,,bd6t550909062: no usable pages in manifest.,2026-07-17T17:29:17.305410
lacharente,bd6t55090907g,,failed,0,0,,no_usable_pages,known,,,bd6t55090907g: no usable pages in manifest.,2026-07-17T17:29:17.397981
lacharente,bd6t55090908w,,failed,0,0,,no_usable_pages,known,,,bd6t55090908w: no usable pages in manifest.,2026-07-17T17:29:17.497614
lacharente,bd6t550909099,,failed,0,0,,no_usable_pages,known,,,bd6t550909099: no usable pages in manifest.,2026-07-17T17:29:17.606487
lacharente,bd6t55090910z,,failed,0,0,,no_usable_pages,known,,,bd6t55090910z: no usable pages in manifest.,2026-07-17T17:29:17.719996
lacharente,bd6t55090911c,,failed,0,0,,no_usable_pages,known,,,bd6t55090911c: no usable pages in manifest.,2026-07-17T17:29:17.852764
lacharente,bd6t55090912s,,failed,0,0,,no_usable_pages,known,,,bd6t55090912s: no usable pages in manifest.,2026-07-17T17:29:17.990163
lacharente,bd6t550909136,,failed,0,0,,no_usable_pages,known,,,bd6t550909136: no usable pages in manifest.,2026-07-17T17:29:18.094711
lacharente,bd6t55090914m,,failed,0,0,,no_usable_pages,known,,,bd6t55090914m: no usable pages in manifest.,2026-07-17T17:29:18.263407
lacharente,bd6t550909151,,failed,0,0,,no_usable_pages,known,,,bd6t550909151: no usable pages in manifest.,2026-07-17T17:29:18.358205
lacharente,bd6t55090916f,,failed,0,0,,no_usable_pages,known,,,bd6t55090916f: no usable pages in manifest.,2026-07-17T17:29:18.447568
lacharente,bd6t55090917v,,failed,0,0,,no_usable_pages,known,,,bd6t55090917v: no usable pages in manifest.,2026-07-17T17:29:18.549109
lacharente,bd6t550909188,,failed,0,0,,no_usable_pages,known,,,bd6t550909188: no usable pages in manifest.,2026-07-17T17:29:18.657266
lacharente,bd6t55090919p,,failed,0,0,,no_usable_pages,known,,,bd6t55090919p: no usable pages in manifest.,2026-07-17T17:29:18.776097
lacharente,bd6t55090920b,,failed,0,0,,no_usable_pages,known,,,bd6t55090920b: no usable pages in manifest.,2026-07-17T17:29:18.907886
lacharente,bd6t55090921r,,failed,0,0,,no_usable_pages,known,,,bd6t55090921r: no usable pages in manifest.,2026-07-17T17:29:19.422875
lacharente,bd6t550909225,,failed,0,0,,no_usable_pages,known,,,bd6t550909225: no usable pages in manifest.,2026-07-17T17:29:19.709967
lacharente,bd6t55090923k,,failed,0,0,,no_usable_pages,known,,,bd6t55090923k: no usable pages in manifest.,2026-07-17T17:29:19.972679
lacharente,bd6t550909240,,failed,0,0,,no_usable_pages,known,,,bd6t550909240: no usable pages in manifest.,2026-07-17T17:29:20.149245
lacharente,bd6t55090925d,,failed,0,0,,no_usable_pages,known,,,bd6t55090925d: no usable pages in manifest.,2026-07-17T17:29:20.255813
lacharente,bd6t55090926t,,failed,0,0,,no_usable_pages,known,,,bd6t55090926t: no usable pages in manifest.,2026-07-17T17:29:20.406389
lacharente,bd6t550909277,,failed,0,0,,no_usable_pages,known,,,bd6t550909277: no usable pages in manifest.,2026-07-17T17:29:20.617382
lacharente,bd6t55090928n,,failed,0,0,,no_usable_pages,known,,,bd6t55090928n: no usable pages in manifest.,2026-07-17T17:29:20.895175
lacharente,bd6t550909292,,failed,0,0,,no_usable_pages,known,,,bd6t550909292: no usable pages in manifest.,2026-07-17T17:29:21.096679
lacharente,bd6t55090930q,,failed,0,0,,no_usable_pages,known,,,bd6t55090930q: no usable pages in manifest.,2026-07-17T17:29:21.290656
lacharente,bd6t550909314,,failed,0,0,,no_usable_pages,known,,,bd6t550909314: no usable pages in manifest.,2026-07-17T17:29:21.500599
lacharente,bd6t55090932j,,failed,0,0,,no_usable_pages,known,,,bd6t55090932j: no usable pages in manifest.,2026-07-17T17:29:21.589213
lacharente,bd6t55090933z,,failed,0,0,,no_usable_pages,known,,,bd6t55090933z: no usable pages in manifest.,2026-07-17T17:29:21.722617
lacharente,bd6t55090934c,,failed,0,0,,no_usable_pages,known,,,bd6t55090934c: no usable pages in manifest.,2026-07-17T17:29:21.939226
lacharente,bd6t55090935s,,failed,0,0,,no_usable_pages,known,,,bd6t55090935s: no usable pages in manifest.,2026-07-17T17:29:22.171020
lacharente,bd6t550909366,,failed,0,0,,no_usable_pages,known,,,bd6t550909366: no usable pages in manifest.,2026-07-17T17:29:22.395344
lacharente,bd6t55090937m,,failed,0,0,,no_usable_pages,known,,,bd6t55090937m: no usable pages in manifest.,2026-07-17T17:29:22.493497
lacharente,bd6t550909381,,failed,0,0,,no_usable_pages,known,,,bd6t550909381: no usable pages in manifest.,2026-07-17T17:29:22.652082
lacharente,bd6t55090939f,,failed,0,0,,no_usable_pages,known,,,bd6t55090939f: no usable pages in manifest.,2026-07-17T17:29:22.814552
lacharente,bd6t550909403,,failed,0,0,,no_usable_pages,known,,,bd6t550909403: no usable pages in manifest.,2026-07-17T17:29:22.997978
lacharente,bd6t55090941h,,failed,0,0,,no_usable_pages,known,,,bd6t55090941h: no usable pages in manifest.,2026-07-17T17:29:23.144347
lacharente,bd6t55090942x,,failed,0,0,,no_usable_pages,known,,,bd6t55090942x: no usable pages in manifest.,2026-07-17T17:29:23.291111
lacharente,bd6t55090943b,,failed,0,0,,no_usable_pages,known,,,bd6t55090943b: no usable pages in manifest.,2026-07-17T17:29:23.431124
lacharente,bd6t55090944r,,failed,0,0,,no_usable_pages,known,,,bd6t55090944r: no usable pages in manifest.,2026-07-17T17:29:23.554150
lacharente,bd6t550909455,,failed,0,0,,no_usable_pages,known,,,bd6t550909455: no usable pages in manifest.,2026-07-17T17:29:23.628506
lacharente,bd6t55090946k,,failed,0,0,,no_usable_pages,known,,,bd6t55090946k: no usable pages in manifest.,2026-07-17T17:29:23.737889
lacharente,bd6t550909470,,failed,0,0,,no_usable_pages,known,,,bd6t550909470: no usable pages in manifest.,2026-07-17T17:29:23.918750
lacharente,bd6t55090948d,,failed,0,0,,no_usable_pages,known,,,bd6t55090948d: no usable pages in manifest.,2026-07-17T17:29:24.096403
lacharente,bd6t55090949t,,failed,0,0,,no_usable_pages,known,,,bd6t55090949t: no usable pages in manifest.,2026-07-17T17:29:24.787936
lacharente,bd6t55090950g,,failed,0,0,,no_usable_pages,known,,,bd6t55090950g: no usable pages in manifest.,2026-07-17T17:29:24.925172
lacharente,bd6t550909529,,failed,0,0,,no_usable_pages,known,,,bd6t550909529: no usable pages in manifest.,2026-07-17T17:29:25.107045
lacharente,bd6t55090953q,,failed,0,0,,no_usable_pages,known,,,bd6t55090953q: no usable pages in manifest.,2026-07-17T17:29:25.232668
lacharente,bd6t55090951w,,failed,0,0,,no_usable_pages,known,,,bd6t55090951w: no usable pages in manifest.,2026-07-17T17:29:25.347392
lacharente,bd6t550909544,,failed,0,0,,no_usable_pages,known,,,bd6t550909544: no usable pages in manifest.,2026-07-17T17:29:25.486302
lacharente,bd6t55090955j,,failed,0,0,,no_usable_pages,known,,,bd6t55090955j: no usable pages in manifest.,2026-07-17T17:29:25.673430
lacharente,bd6t55090956z,,failed,0,0,,no_usable_pages,known,,,bd6t55090956z: no usable pages in manifest.,2026-07-17T17:29:25.882587
lacharente,bd6t55090957c,,failed,0,0,,no_usable_pages,known,,,bd6t55090957c: no usable pages in manifest.,2026-07-17T17:29:26.077193
lacharente,bd6t55090958s,,failed,0,0,,no_usable_pages,known,,,bd6t55090958s: no usable pages in manifest.,2026-07-17T17:29:26.237622
lacharente,bd6t550909596,,failed,0,0,,no_usable_pages,known,,,bd6t550909596: no usable pages in manifest.,2026-07-17T17:29:26.348146
lacharente,bd6t55090960v,,failed,0,0,,no_usable_pages,known,,,bd6t55090960v: no usable pages in manifest.,2026-07-17T17:29:26.519102
lacharente,bd6t550909618,,failed,0,0,,no_usable_pages,known,,,bd6t550909618: no usable pages in manifest.,2026-07-17T17:29:26.667198
lacharente,bd6t55090962p,,failed,0,0,,no_usable_pages,known,,,bd6t55090962p: no usable pages in manifest.,2026-07-17T17:29:26.807721
lacharente,bd6t550909633,,failed,0,0,,no_usable_pages,known,,,bd6t550909633: no usable pages in manifest.,2026-07-17T17:29:26.956744
lacharente,bd6t55090964h,,failed,0,0,,no_usable_pages,known,,,bd6t55090964h: no usable pages in manifest.,2026-07-17T17:29:27.097834
lacharente,bd6t55090965x,,failed,0,0,,no_usable_pages,known,,,bd6t55090965x: no usable pages in manifest.,2026-07-17T17:29:27.289954
lacharente,bd6t55090966b,,failed,0,0,,no_usable_pages,known,,,bd6t55090966b: no usable pages in manifest.,2026-07-17T17:29:27.409348
lacharente,bd6t55090967r,,failed,0,0,,no_usable_pages,known,,,bd6t55090967r: no usable pages in manifest.,2026-07-17T17:29:27.530048
lacharente,bd6t550909685,,failed,0,0,,no_usable_pages,known,,,bd6t550909685: no usable pages in manifest.,2026-07-17T17:29:27.667562
lacharente,bd6t55090969k,,failed,0,0,,no_usable_pages,known,,,bd6t55090969k: no usable pages in manifest.,2026-07-17T17:29:27.766917
lacharente,bd6t550909707,,failed,0,0,,no_usable_pages,known,,,bd6t550909707: no usable pages in manifest.,2026-07-17T17:29:27.884821
lacharente,bd6t55090971n,,failed,0,0,,no_usable_pages,known,,,bd6t55090971n: no usable pages in manifest.,2026-07-17T17:29:28.003319
lacharente,bd6t550909722,,failed,0,0,,no_usable_pages,known,,,bd6t550909722: no usable pages in manifest.,2026-07-17T17:29:28.091141
lacharente,bd6t55090973g,,failed,0,0,,no_usable_pages,known,,,bd6t55090973g: no usable pages in manifest.,2026-07-17T17:29:28.183339
lacharente,bd6t55090974w,,failed,0,0,,no_usable_pages,known,,,bd6t55090974w: no usable pages in manifest.,2026-07-17T17:29:28.313610
lacharente,bd6t550909759,,failed,0,0,,no_usable_pages,known,,,bd6t550909759: no usable pages in manifest.,2026-07-17T17:29:28.422237
lacharente,bd6t55090976q,,failed,0,0,,no_usable_pages,known,,,bd6t55090976q: no usable pages in manifest.,2026-07-17T17:29:28.508450
lacharente,bd6t550909774,,failed,0,0,,no_usable_pages,known,,,bd6t550909774: no usable pages in manifest.,2026-07-17T17:29:28.651383
lacharente,bd6t55090978j,,failed,0,0,,no_usable_pages,known,,,bd6t55090978j: no usable pages in manifest.,2026-07-17T17:29:28.736650
lacharente,bd6t55090979z,,failed,0,0,,no_usable_pages,known,,,bd6t55090979z: no usable pages in manifest.,2026-07-17T17:29:28.838062
lacharente,bd6t55090980m,,failed,0,0,,no_usable_pages,known,,,bd6t55090980m: no usable pages in manifest.,2026-07-17T17:29:28.996632
lacharente,bd6t550909811,,failed,0,0,,no_usable_pages,known,,,bd6t550909811: no usable pages in manifest.,2026-07-17T17:29:29.199001
lacharente,bd6t55090982f,,failed,0,0,,no_usable_pages,known,,,bd6t55090982f: no usable pages in manifest.,2026-07-17T17:29:29.647386
lacharente,bd6t55090983v,,failed,0,0,,no_usable_pages,known,,,bd6t55090983v: no usable pages in manifest.,2026-07-17T17:29:29.879082
lacharente,bd6t550909848,,failed,0,0,,no_usable_pages,known,,,bd6t550909848: no usable pages in manifest.,2026-07-17T17:29:30.037399
lacharente,bd6t55090985p,,failed,0,0,,no_usable_pages,known,,,bd6t55090985p: no usable pages in manifest.,2026-07-17T17:29:30.272922
lacharente,bd6t550909863,,failed,0,0,,no_usable_pages,known,,,bd6t550909863: no usable pages in manifest.,2026-07-17T17:29:30.456035
lacharente,bd6t55090987h,,failed,0,0,,no_usable_pages,known,,,bd6t55090987h: no usable pages in manifest.,2026-07-17T17:29:30.559446
lacharente,bd6t55090988x,,failed,0,0,,no_usable_pages,known,,,bd6t55090988x: no usable pages in manifest.,2026-07-17T17:29:30.695918
lacharente,bd6t55090989b,,failed,0,0,,no_usable_pages,known,,,bd6t55090989b: no usable pages in manifest.,2026-07-17T17:29:30.829619
lacharente,bd6t550909900,,failed,0,0,,no_usable_pages,known,,,bd6t550909900: no usable pages in manifest.,2026-07-17T17:29:30.935683
lacharente,bd6t55090991d,,failed,0,0,,no_usable_pages,known,,,bd6t55090991d: no usable pages in manifest.,2026-07-17T17:29:31.091583
lacharente,bd6t55090992t,,failed,0,0,,no_usable_pages,known,,,bd6t55090992t: no usable pages in manifest.,2026-07-17T17:29:31.266920
lacharente,bd6t550909937,,failed,0,0,,no_usable_pages,known,,,bd6t550909937: no usable pages in manifest.,2026-07-17T17:29:31.423586
lacharente,bd6t55090994n,,failed,0,0,,no_usable_pages,known,,,bd6t55090994n: no usable pages in manifest.,2026-07-17T17:29:31.570705
lacharente,bd6t550909952,,failed,0,0,,no_usable_pages,known,,,bd6t550909952: no usable pages in manifest.,2026-07-17T17:29:31.740430
lacharente,bd6t55090996g,,failed,0,0,,no_usable_pages,known,,,bd6t55090996g: no usable pages in manifest.,2026-07-17T17:29:31.969418
lacharente,bd6t55090997w,,failed,0,0,,no_usable_pages,known,,,bd6t55090997w: no usable pages in manifest.,2026-07-17T17:29:32.203023
lacharente,bd6t550909989,,failed,0,0,,no_usable_pages,known,,,bd6t550909989: no usable pages in manifest.,2026-07-17T17:29:32.459951
lacharente,bd6t55090999q,,failed,0,0,,no_usable_pages,known,,,bd6t55090999q: no usable pages in manifest.,2026-07-17T17:29:32.602954
lacharente,bd6t55091000s,,failed,0,0,,no_usable_pages,known,,,bd6t55091000s: no usable pages in manifest.,2026-07-17T17:29:32.768234
lacharente,bd6t550910016,,failed,0,0,,no_usable_pages,known,,,bd6t550910016: no usable pages in manifest.,2026-07-17T17:29:32.939117
lacharente,bd6t55091002m,,failed,0,0,,no_usable_pages,known,,,bd6t55091002m: no usable pages in manifest.,2026-07-17T17:29:33.067185
lacharente,bd6t550910031,,failed,0,0,,no_usable_pages,known,,,bd6t550910031: no usable pages in manifest.,2026-07-17T17:29:33.243467
lacharente,bd6t55091004f,,failed,0,0,,no_usable_pages,known,,,bd6t55091004f: no usable pages in manifest.,2026-07-17T17:29:33.444257
lacharente,bd6t55091005v,,failed,0,0,,no_usable_pages,known,,,bd6t55091005v: no usable pages in manifest.,2026-07-17T17:29:33.575261
lacharente,bd6t550910068,,failed,0,0,,no_usable_pages,known,,,bd6t550910068: no usable pages in manifest.,2026-07-17T17:29:33.804628
lacharente,bd6t55091007p,,failed,0,0,,no_usable_pages,known,,,bd6t55091007p: no usable pages in manifest.,2026-07-17T17:29:34.073121
lacharente,bd6t550910083,,failed,0,0,,no_usable_pages,known,,,bd6t550910083: no usable pages in manifest.,2026-07-17T17:29:34.411652
lacharente,bd6t55091009h,,failed,0,0,,no_usable_pages,known,,,bd6t55091009h: no usable pages in manifest.,2026-07-17T17:29:34.661952
lacharente,bd6t550910105,,failed,0,0,,no_usable_pages,known,,,bd6t550910105: no usable pages in manifest.,2026-07-17T17:29:34.813640
lacharente,bd6t55091011k,,failed,0,0,,no_usable_pages,known,,,bd6t55091011k: no usable pages in manifest.,2026-07-17T17:29:34.948283
lacharente,bd6t550910120,,failed,0,0,,no_usable_pages,known,,,bd6t550910120: no usable pages in manifest.,2026-07-17T17:29:35.146140
lacharente,bd6t55091013d,,failed,0,0,,no_usable_pages,known,,,bd6t55091013d: no usable pages in manifest.,2026-07-17T17:29:35.259356
lacharente,bd6t55091014t,,failed,0,0,,no_usable_pages,known,,,bd6t55091014t: no usable pages in manifest.,2026-07-17T17:29:35.392747
lacharente,bd6t550910157,,failed,0,0,,no_usable_pages,known,,,bd6t550910157: no usable pages in manifest.,2026-07-17T17:29:35.530584
lacharente,bd6t55091016n,,failed,0,0,,no_usable_pages,known,,,bd6t55091016n: no usable pages in manifest.,2026-07-17T17:29:35.840625
lacharente,bd6t550910172,,failed,0,0,,no_usable_pages,known,,,bd6t550910172: no usable pages in manifest.,2026-07-17T17:29:36.068398
lacharente,bd6t55091018g,,failed,0,0,,no_usable_pages,known,,,bd6t55091018g: no usable pages in manifest.,2026-07-17T17:29:36.451883
lacharente,bd6t55091019w,,failed,0,0,,no_usable_pages,known,,,bd6t55091019w: no usable pages in manifest.,2026-07-17T17:29:36.763552
lacharente,bd6t55091020j,,failed,0,0,,no_usable_pages,known,,,bd6t55091020j: no usable pages in manifest.,2026-07-17T17:29:36.969522
lacharente,bd6t55091021z,,failed,0,0,,no_usable_pages,known,,,bd6t55091021z: no usable pages in manifest.,2026-07-17T17:29:37.107990
lacharente,bd6t55091022c,,failed,0,0,,no_usable_pages,known,,,bd6t55091022c: no usable pages in manifest.,2026-07-17T17:29:37.278558
lacharente,bd6t55091023s,,failed,0,0,,no_usable_pages,known,,,bd6t55091023s: no usable pages in manifest.,2026-07-17T17:29:37.397065
lacharente,bd6t550910246,,failed,0,0,,no_usable_pages,known,,,bd6t550910246: no usable pages in manifest.,2026-07-17T17:29:37.520227
lacharente,bd6t55091025m,,failed,0,0,,no_usable_pages,known,,,bd6t55091025m: no usable pages in manifest.,2026-07-17T17:29:37.668705
lacharente,bd6t550910261,,failed,0,0,,no_usable_pages,known,,,bd6t550910261: no usable pages in manifest.,2026-07-17T17:29:37.853666
lacharente,bd6t55091027f,,failed,0,0,,no_usable_pages,known,,,bd6t55091027f: no usable pages in manifest.,2026-07-17T17:29:37.995469
lacharente,bd6t55091028v,,failed,0,0,,no_usable_pages,known,,,bd6t55091028v: no usable pages in manifest.,2026-07-17T17:29:38.095188
lacharente,bd6t550910298,,failed,0,0,,no_usable_pages,known,,,bd6t550910298: no usable pages in manifest.,2026-07-17T17:29:38.230392
lacharente,bd6t55091030x,,failed,0,0,,no_usable_pages,known,,,bd6t55091030x: no usable pages in manifest.,2026-07-17T17:29:38.371184
lacharente,bd6t55091031b,,failed,0,0,,no_usable_pages,known,,,bd6t55091031b: no usable pages in manifest.,2026-07-17T17:29:38.472407
lacharente,bd6t55091032r,,failed,0,0,,no_usable_pages,known,,,bd6t55091032r: no usable pages in manifest.,2026-07-17T17:29:38.634703
lacharente,bd6t550910335,,failed,0,0,,no_usable_pages,known,,,bd6t550910335: no usable pages in manifest.,2026-07-17T17:29:38.771574
lacharente,bd6t55091034k,,failed,0,0,,no_usable_pages,known,,,bd6t55091034k: no usable pages in manifest.,2026-07-17T17:29:38.906309
lacharente,bd6t550910350,,failed,0,0,,no_usable_pages,known,,,bd6t550910350: no usable pages in manifest.,2026-07-17T17:29:39.130455
lacharente,bd6t55091036d,,failed,0,0,,no_usable_pages,known,,,bd6t55091036d: no usable pages in manifest.,2026-07-17T17:29:39.344856
lacharente,bd6t55091037t,,failed,0,0,,no_usable_pages,known,,,bd6t55091037t: no usable pages in manifest.,2026-07-17T17:29:39.524754
lacharente,bd6t550910387,,failed,0,0,,no_usable_pages,known,,,bd6t550910387: no usable pages in manifest.,2026-07-17T17:29:39.836269
lacharente,bd6t55091039n,,failed,0,0,,no_usable_pages,known,,,bd6t55091039n: no usable pages in manifest.,2026-07-17T17:29:40.061756
lacharente,bd6t550910409,,failed,0,0,,no_usable_pages,known,,,bd6t550910409: no usable pages in manifest.,2026-07-17T17:29:40.256028
lacharente,bd6t55091041q,,failed,0,0,,no_usable_pages,known,,,bd6t55091041q: no usable pages in manifest.,2026-07-17T17:29:40.520665
lacharente,bd6t550910424,,failed,0,0,,no_usable_pages,known,,,bd6t550910424: no usable pages in manifest.,2026-07-17T17:29:40.801892
lacharente,bd6t55091043j,,failed,0,0,,no_usable_pages,known,,,bd6t55091043j: no usable pages in manifest.,2026-07-17T17:29:40.968895
lacharente,bd6t55091044z,,failed,0,0,,no_usable_pages,known,,,bd6t55091044z: no usable pages in manifest.,2026-07-17T17:29:41.232666
lacharente,bd6t55091045c,,failed,0,0,,no_usable_pages,known,,,bd6t55091045c: no usable pages in manifest.,2026-07-17T17:29:41.416871
lacharente,bd6t55091046s,,failed,0,0,,no_usable_pages,known,,,bd6t55091046s: no usable pages in manifest.,2026-07-17T17:29:41.539828
lacharente,bd6t550910476,,failed,0,0,,no_usable_pages,known,,,bd6t550910476: no usable pages in manifest.,2026-07-17T17:29:41.666656
lacharente,bd6t55091048m,,failed,0,0,,no_usable_pages,known,,,bd6t55091048m: no usable pages in manifest.,2026-07-17T17:29:41.861317
lacharente,bd6t550910491,,failed,0,0,,no_usable_pages,known,,,bd6t550910491: no usable pages in manifest.,2026-07-17T17:29:41.962717
lacharente,bd6t55091050p,,failed,0,0,,no_usable_pages,known,,,bd6t55091050p: no usable pages in manifest.,2026-07-17T17:29:42.123802
lacharente,bd6t550910513,,failed,0,0,,no_usable_pages,known,,,bd6t550910513: no usable pages in manifest.,2026-07-17T17:29:42.367835
lacharente,bd6t55091052h,,failed,0,0,,no_usable_pages,known,,,bd6t55091052h: no usable pages in manifest.,2026-07-17T17:29:42.630709
lacharente,bd6t55091053x,,failed,0,0,,no_usable_pages,known,,,bd6t55091053x: no usable pages in manifest.,2026-07-17T17:29:42.875778
lacharente,bd6t55091054b,,failed,0,0,,no_usable_pages,known,,,bd6t55091054b: no usable pages in manifest.,2026-07-17T17:29:43.053404
lacharente,bd6t55091055r,,failed,0,0,,no_usable_pages,known,,,bd6t55091055r: no usable pages in manifest.,2026-07-17T17:29:43.194672
lacharente,bd6t550910565,,failed,0,0,,no_usable_pages,known,,,bd6t550910565: no usable pages in manifest.,2026-07-17T17:29:43.371559
lacharente,bd6t55091057k,,failed,0,0,,no_usable_pages,known,,,bd6t55091057k: no usable pages in manifest.,2026-07-17T17:29:43.490247
lacharente,bd6t550910580,,failed,0,0,,no_usable_pages,known,,,bd6t550910580: no usable pages in manifest.,2026-07-17T17:29:43.644088
lacharente,bd6t55091059d,,failed,0,0,,no_usable_pages,known,,,bd6t55091059d: no usable pages in manifest.,2026-07-17T17:29:43.735490
lacharente,bd6t550910602,,failed,0,0,,no_usable_pages,known,,,bd6t550910602: no usable pages in manifest.,2026-07-17T17:29:44.197359
lacharente,bd6t55091061g,,failed,0,0,,no_usable_pages,known,,,bd6t55091061g: no usable pages in manifest.,2026-07-17T17:29:44.643338
lacharente,bd6t55091062w,,failed,0,0,,no_usable_pages,known,,,bd6t55091062w: no usable pages in manifest.,2026-07-17T17:29:45.366825
lacharente,bd6t550910639,,failed,0,0,,no_usable_pages,known,,,bd6t550910639: no usable pages in manifest.,2026-07-17T17:29:45.811274
lacharente,bd6t55091064q,,failed,0,0,,no_usable_pages,known,,,bd6t55091064q: no usable pages in manifest.,2026-07-17T17:29:46.627539
lacharente,bd6t550910654,,failed,0,0,,no_usable_pages,known,,,bd6t550910654: no usable pages in manifest.,2026-07-17T17:29:47.669989
lacharente,bd6t55091066j,,failed,0,0,,no_usable_pages,known,,,bd6t55091066j: no usable pages in manifest.,2026-07-17T17:29:47.996688
lacharente,bd6t55091067z,,failed,0,0,,no_usable_pages,known,,,bd6t55091067z: no usable pages in manifest.,2026-07-17T17:29:48.395277
lacharente,bd6t55091068c,,failed,0,0,,no_usable_pages,known,,,bd6t55091068c: no usable pages in manifest.,2026-07-17T17:29:49.472552
lacharente,bd6t55091069s,,failed,0,0,,no_usable_pages,known,,,bd6t55091069s: no usable pages in manifest.,2026-07-17T17:29:50.146807
lacharente,bd6t55091070f,,failed,0,0,,no_usable_pages,known,,,bd6t55091070f: no usable pages in manifest.,2026-07-17T17:29:51.367386
lacharente,bd6t55091071v,,failed,0,0,,no_usable_pages,known,,,bd6t55091071v: no usable pages in manifest.,2026-07-17T17:29:52.263637
lacharente,bd6t550910728,,failed,0,0,,no_usable_pages,known,,,bd6t550910728: no usable pages in manifest.,2026-07-17T17:29:53.509908
lacharente,bd6t55091073p,,failed,0,0,,no_usable_pages,known,,,bd6t55091073p: no usable pages in manifest.,2026-07-17T17:29:54.130989
lacharente,bd6t550910743,,failed,0,0,,no_usable_pages,known,,,bd6t550910743: no usable pages in manifest.,2026-07-17T17:29:54.764126
lacharente,bd6t55091075h,,failed,0,0,,no_usable_pages,known,,,bd6t55091075h: no usable pages in manifest.,2026-07-17T17:29:55.094804
lacharente,bd6t55091076x,,failed,0,0,,no_usable_pages,known,,,bd6t55091076x: no usable pages in manifest.,2026-07-17T17:29:56.006002
lacharente,bd6t55091077b,,failed,0,0,,no_usable_pages,known,,,bd6t55091077b: no usable pages in manifest.,2026-07-17T17:29:56.305410
lacharente,bd6t55091078r,,failed,0,0,,no_usable_pages,known,,,bd6t55091078r: no usable pages in manifest.,2026-07-17T17:29:57.397507
lacharente,bd6t550910795,,failed,0,0,,no_usable_pages,known,,,bd6t550910795: no usable pages in manifest.,2026-07-17T17:29:57.756255
lacharente,bd6t55091080t,,failed,0,0,,no_usable_pages,known,,,bd6t55091080t: no usable pages in manifest.,2026-07-17T17:29:58.227587
lacharente,bd6t550910817,,failed,0,0,,no_usable_pages,known,,,bd6t550910817: no usable pages in manifest.,2026-07-17T17:29:58.792893
lacharente,bd6t55091082n,,failed,0,0,,no_usable_pages,known,,,bd6t55091082n: no usable pages in manifest.,2026-07-17T17:29:59.764628
lacharente,bd6t550910832,,failed,0,0,,no_usable_pages,known,,,bd6t550910832: no usable pages in manifest.,2026-07-17T17:30:00.463536
lacharente,bd6t55091084g,,failed,0,0,,no_usable_pages,known,,,bd6t55091084g: no usable pages in manifest.,2026-07-17T17:30:00.950713
lacharente,bd6t55091085w,,failed,0,0,,no_usable_pages,known,,,bd6t55091085w: no usable pages in manifest.,2026-07-17T17:30:01.678729
lacharente,bd6t550910869,,failed,0,0,,no_usable_pages,known,,,bd6t550910869: no usable pages in manifest.,2026-07-17T17:30:02.317658
lacharente,bd6t55091087q,,failed,0,0,,no_usable_pages,known,,,bd6t55091087q: no usable pages in manifest.,2026-07-17T17:30:02.969176
lacharente,bd6t550910884,,failed,0,0,,no_usable_pages,known,,,bd6t550910884: no usable pages in manifest.,2026-07-17T17:30:03.486557
lacharente,bd6t55091089j,,failed,0,0,,no_usable_pages,known,,,bd6t55091089j: no usable pages in manifest.,2026-07-17T17:30:03.999333
lacharente,bd6t550910906,,failed,0,0,,no_usable_pages,known,,,bd6t550910906: no usable pages in manifest.,2026-07-17T17:30:04.466242
lacharente,bd6t55091091m,,failed,0,0,,no_usable_pages,known,,,bd6t55091091m: no usable pages in manifest.,2026-07-17T17:30:05.150604
lacharente,bd6t550910921,,failed,0,0,,no_usable_pages,known,,,bd6t550910921: no usable pages in manifest.,2026-07-17T17:30:05.630059
lacharente,bd6t55091093f,,failed,0,0,,no_usable_pages,known,,,bd6t55091093f: no usable pages in manifest.,2026-07-17T17:30:06.397205
lacharente,bd6t55091094v,,failed,0,0,,no_usable_pages,known,,,bd6t55091094v: no usable pages in manifest.,2026-07-17T17:30:07.079609
lacharente,bd6t550910958,,failed,0,0,,no_usable_pages,known,,,bd6t550910958: no usable pages in manifest.,2026-07-17T17:30:07.676461
lacharente,bd6t55091096p,,failed,0,0,,no_usable_pages,known,,,bd6t55091096p: no usable pages in manifest.,2026-07-17T17:30:08.918576
lacharente,bd6t550910973,,failed,0,0,,no_usable_pages,known,,,bd6t550910973: no usable pages in manifest.,2026-07-17T17:30:09.270881
lacharente,bd6t55091098h,,failed,0,0,,no_usable_pages,known,,,bd6t55091098h: no usable pages in manifest.,2026-07-17T17:30:09.832586
lacharente,bd6t55091099x,,failed,0,0,,no_usable_pages,known,,,bd6t55091099x: no usable pages in manifest.,2026-07-17T17:30:10.313832
lacharente,bd6t550911004,,failed,0,0,,no_usable_pages,known,,,bd6t550911004: no usable pages in manifest.,2026-07-17T17:30:10.733522
lacharente,bd6t55091101j,,failed,0,0,,no_usable_pages,known,,,bd6t55091101j: no usable pages in manifest.,2026-07-17T17:30:12.232407
lacharente,bd6t55091102z,,failed,0,0,,no_usable_pages,known,,,bd6t55091102z: no usable pages in manifest.,2026-07-17T17:30:12.866654
lacharente,bd6t55091103c,,failed,0,0,,no_usable_pages,known,,,bd6t55091103c: no usable pages in manifest.,2026-07-17T17:30:13.500250
lacharente,bd6t55091104s,,failed,0,0,,no_usable_pages,known,,,bd6t55091104s: no usable pages in manifest.,2026-07-17T17:30:14.229899
lacharente,bd6t550911056,,failed,0,0,,no_usable_pages,known,,,bd6t550911056: no usable pages in manifest.,2026-07-17T17:30:14.587537
lacharente,bd6t55091106m,,failed,0,0,,no_usable_pages,known,,,bd6t55091106m: no usable pages in manifest.,2026-07-17T17:30:15.275347
lacharente,bd6t550911071,,failed,0,0,,no_usable_pages,known,,,bd6t550911071: no usable pages in manifest.,2026-07-17T17:30:15.766505
lacharente,bd6t55091108f,,failed,0,0,,no_usable_pages,known,,,bd6t55091108f: no usable pages in manifest.,2026-07-17T17:30:16.089299
lacharente,bd6t55091109v,,failed,0,0,,no_usable_pages,known,,,bd6t55091109v: no usable pages in manifest.,2026-07-17T17:30:16.969173
lacharente,bd6t55091110h,,failed,0,0,,no_usable_pages,known,,,bd6t55091110h: no usable pages in manifest.,2026-07-17T17:30:17.246380
lacharente,bd6t55091111x,,failed,0,0,,no_usable_pages,known,,,bd6t55091111x: no usable pages in manifest.,2026-07-17T17:30:17.758290
lacharente,bd6t55091112b,,failed,0,0,,no_usable_pages,known,,,bd6t55091112b: no usable pages in manifest.,2026-07-17T17:30:18.177989
lacharente,bd6t55091113r,,failed,0,0,,no_usable_pages,known,,,bd6t55091113r: no usable pages in manifest.,2026-07-17T17:30:18.521306
lacharente,bd6t550911145,,failed,0,0,,no_usable_pages,known,,,bd6t550911145: no usable pages in manifest.,2026-07-17T17:30:19.163148
lacharente,bd6t55091115k,,failed,0,0,,no_usable_pages,known,,,bd6t55091115k: no usable pages in manifest.,2026-07-17T17:30:19.500242
lacharente,bd6t550911160,,failed,0,0,,no_usable_pages,known,,,bd6t550911160: no usable pages in manifest.,2026-07-17T17:30:19.761070
lacharente,bd6t55091117d,,failed,0,0,,no_usable_pages,known,,,bd6t55091117d: no usable pages in manifest.,2026-07-17T17:30:20.376195
lacharente,bd6t55091118t,,failed,0,0,,no_usable_pages,known,,,bd6t55091118t: no usable pages in manifest.,2026-07-17T17:30:20.683399
lacharente,bd6t550911197,,failed,0,0,,no_usable_pages,known,,,bd6t550911197: no usable pages in manifest.,2026-07-17T17:30:20.949245
lacharente,bd6t55091120w,,failed,0,0,,no_usable_pages,known,,,bd6t55091120w: no usable pages in manifest.,2026-07-17T17:30:21.599671
lacharente,bd6t550911219,,failed,0,0,,no_usable_pages,known,,,bd6t550911219: no usable pages in manifest.,2026-07-17T17:30:21.923698
lacharente,bd6t55091122q,,failed,0,0,,no_usable_pages,known,,,bd6t55091122q: no usable pages in manifest.,2026-07-17T17:30:22.313775
lacharente,bd6t550911234,,failed,0,0,,no_usable_pages,known,,,bd6t550911234: no usable pages in manifest.,2026-07-17T17:30:23.480638
lacharente,bd6t55091124j,,failed,0,0,,no_usable_pages,known,,,bd6t55091124j: no usable pages in manifest.,2026-07-17T17:30:24.180628
lacharente,bd6t55091125z,,failed,0,0,,no_usable_pages,known,,,bd6t55091125z: no usable pages in manifest.,2026-07-17T17:30:24.941057
lacharente,bd6t55091126c,,failed,0,0,,no_usable_pages,known,,,bd6t55091126c: no usable pages in manifest.,2026-07-17T17:30:25.713927
lacharente,bd6t55091127s,,failed,0,0,,no_usable_pages,known,,,bd6t55091127s: no usable pages in manifest.,2026-07-17T17:30:26.052261
lacharente,bd6t550911286,,failed,0,0,,no_usable_pages,known,,,bd6t550911286: no usable pages in manifest.,2026-07-17T17:30:26.945586
lacharente,bd6t55091129m,,failed,0,0,,no_usable_pages,known,,,bd6t55091129m: no usable pages in manifest.,2026-07-17T17:30:27.529486
lacharente,bd6t550911308,,failed,0,0,,no_usable_pages,known,,,bd6t550911308: no usable pages in manifest.,2026-07-17T17:30:28.335013
lacharente,bd6t55091131p,,failed,0,0,,no_usable_pages,known,,,bd6t55091131p: no usable pages in manifest.,2026-07-17T17:30:28.559711
lacharente,bd6t550911323,,failed,0,0,,no_usable_pages,known,,,bd6t550911323: no usable pages in manifest.,2026-07-17T17:30:29.064664
lacharente,bd6t55091133h,,failed,0,0,,no_usable_pages,known,,,bd6t55091133h: no usable pages in manifest.,2026-07-17T17:30:31.101768
lacharente,bd6t55091134x,,failed,0,0,,no_usable_pages,known,,,bd6t55091134x: no usable pages in manifest.,2026-07-17T17:30:32.504306
lacharente,bd6t55091135b,,failed,0,0,,no_usable_pages,known,,,bd6t55091135b: no usable pages in manifest.,2026-07-17T17:30:33.279827
lacharente,bd6t55091136r,,failed,0,0,,no_usable_pages,known,,,bd6t55091136r: no usable pages in manifest.,2026-07-17T17:30:33.591140
lacharente,bd6t550911375,,failed,0,0,,no_usable_pages,known,,,bd6t550911375: no usable pages in manifest.,2026-07-17T17:30:34.302471
lacharente,bd6t55091138k,,failed,0,0,,no_usable_pages,known,,,bd6t55091138k: no usable pages in manifest.,2026-07-17T17:30:34.658990
lacharente,bd6t550911390,,failed,0,0,,no_usable_pages,known,,,bd6t550911390: no usable pages in manifest.,2026-07-17T17:30:34.839095
lacharente,bd6t55091140n,,failed,0,0,,no_usable_pages,known,,,bd6t55091140n: no usable pages in manifest.,2026-07-17T17:30:35.158197
lacharente,bd6t550911412,,failed,0,0,,no_usable_pages,known,,,bd6t550911412: no usable pages in manifest.,2026-07-17T17:30:35.814895
lacharente,bd6t55091142g,,failed,0,0,,no_usable_pages,known,,,bd6t55091142g: no usable pages in manifest.,2026-07-17T17:30:36.103236
lacharente,bd6t55091143w,,failed,0,0,,no_usable_pages,known,,,bd6t55091143w: no usable pages in manifest.,2026-07-17T17:30:36.816714
lacharente,bd6t550911449,,failed,0,0,,no_usable_pages,known,,,bd6t550911449: no usable pages in manifest.,2026-07-17T17:30:37.051951
lacharente,bd6t55091145q,,failed,0,0,,no_usable_pages,known,,,bd6t55091145q: no usable pages in manifest.,2026-07-17T17:30:37.389647
lacharente,bd6t550911464,,failed,0,0,,no_usable_pages,known,,,bd6t550911464: no usable pages in manifest.,2026-07-17T17:30:37.993956
lacharente,bd6t55091147j,,failed,0,0,,no_usable_pages,known,,,bd6t55091147j: no usable pages in manifest.,2026-07-17T17:30:38.368775
lacharente,bd6t55091148z,,failed,0,0,,no_usable_pages,known,,,bd6t55091148z: no usable pages in manifest.,2026-07-17T17:30:38.553280
lacharente,bd6t55091149c,,failed,0,0,,no_usable_pages,known,,,bd6t55091149c: no usable pages in manifest.,2026-07-17T17:30:39.491075
lacharente,bd6t550911501,,failed,0,0,,no_usable_pages,known,,,bd6t550911501: no usable pages in manifest.,2026-07-17T17:30:39.913018
lacharente,bd6t55091151f,,failed,0,0,,no_usable_pages,known,,,bd6t55091151f: no usable pages in manifest.,2026-07-17T17:30:40.722437
lacharente,bd6t55091152v,,failed,0,0,,no_usable_pages,known,,,bd6t55091152v: no usable pages in manifest.,2026-07-17T17:30:41.235310
lacharente,bd6t550911538,,failed,0,0,,no_usable_pages,known,,,bd6t550911538: no usable pages in manifest.,2026-07-17T17:30:41.678469
lacharente,bd6t55091154p,,failed,0,0,,no_usable_pages,known,,,bd6t55091154p: no usable pages in manifest.,2026-07-17T17:30:42.005368
lacharente,bd6t550911553,,failed,0,0,,no_usable_pages,known,,,bd6t550911553: no usable pages in manifest.,2026-07-17T17:30:42.484560
lacharente,bd6t55091156h,,failed,0,0,,no_usable_pages,known,,,bd6t55091156h: no usable pages in manifest.,2026-07-17T17:30:43.226312
lacharente,bd6t55091157x,,failed,0,0,,no_usable_pages,known,,,bd6t55091157x: no usable pages in manifest.,2026-07-17T17:30:43.509189
lacharente,bd6t55091158b,,failed,0,0,,no_usable_pages,known,,,bd6t55091158b: no usable pages in manifest.,2026-07-17T17:30:43.963509
lacharente,bd6t55091159r,,failed,0,0,,no_usable_pages,known,,,bd6t55091159r: no usable pages in manifest.,2026-07-17T17:30:44.657842
lacharente,bd6t55091160d,,failed,0,0,,no_usable_pages,known,,,bd6t55091160d: no usable pages in manifest.,2026-07-17T17:30:45.493720
lacharente,bd6t55091161t,,failed,0,0,,no_usable_pages,known,,,bd6t55091161t: no usable pages in manifest.,2026-07-17T17:30:45.829336
lacharente,bd6t550911627,,failed,0,0,,no_usable_pages,known,,,bd6t550911627: no usable pages in manifest.,2026-07-17T17:30:46.158757
lacharente,bd6t55091163n,,failed,0,0,,no_usable_pages,known,,,bd6t55091163n: no usable pages in manifest.,2026-07-17T17:30:46.911768
lacharente,bd6t550911642,,failed,0,0,,no_usable_pages,known,,,bd6t550911642: no usable pages in manifest.,2026-07-17T17:30:47.330085
lacharente,bd6t55091165g,,failed,0,0,,no_usable_pages,known,,,bd6t55091165g: no usable pages in manifest.,2026-07-17T17:30:47.601492
lacharente,bd6t55091166w,,failed,0,0,,no_usable_pages,known,,,bd6t55091166w: no usable pages in manifest.,2026-07-17T17:30:48.104571
lacharente,bd6t550911679,,failed,0,0,,no_usable_pages,known,,,bd6t550911679: no usable pages in manifest.,2026-07-17T17:30:48.501880
lacharente,bd6t55091168q,,failed,0,0,,no_usable_pages,known,,,bd6t55091168q: no usable pages in manifest.,2026-07-17T17:30:48.845128
lacharente,bd6t550911694,,failed,0,0,,no_usable_pages,known,,,bd6t550911694: no usable pages in manifest.,2026-07-17T17:30:49.659086
lacharente,bd6t55091170s,,failed,0,0,,no_usable_pages,known,,,bd6t55091170s: no usable pages in manifest.,2026-07-17T17:30:50.163749
lacharente,bd6t550911716,,failed,0,0,,no_usable_pages,known,,,bd6t550911716: no usable pages in manifest.,2026-07-17T17:30:51.026677
lacharente,bd6t55091172m,,failed,0,0,,no_usable_pages,known,,,bd6t55091172m: no usable pages in manifest.,2026-07-17T17:30:51.413607
lacharente,bd6t550911731,,failed,0,0,,no_usable_pages,known,,,bd6t550911731: no usable pages in manifest.,2026-07-17T17:30:52.230057
lacharente,bd6t55091174f,,failed,0,0,,no_usable_pages,known,,,bd6t55091174f: no usable pages in manifest.,2026-07-17T17:30:52.610136
lacharente,bd6t55091175v,,failed,0,0,,no_usable_pages,known,,,bd6t55091175v: no usable pages in manifest.,2026-07-17T17:30:53.368517
lacharente,bd6t550911768,,failed,0,0,,no_usable_pages,known,,,bd6t550911768: no usable pages in manifest.,2026-07-17T17:30:53.895924
lacharente,bd6t55091177p,,failed,0,0,,no_usable_pages,known,,,bd6t55091177p: no usable pages in manifest.,2026-07-17T17:30:54.658876
lacharente,bd6t550911783,,failed,0,0,,no_usable_pages,known,,,bd6t550911783: no usable pages in manifest.,2026-07-17T17:30:54.976031
lacharente,bd6t55091179h,,failed,0,0,,no_usable_pages,known,,,bd6t55091179h: no usable pages in manifest.,2026-07-17T17:30:55.216531
lacharente,bd6t550911805,,failed,0,0,,no_usable_pages,known,,,bd6t550911805: no usable pages in manifest.,2026-07-17T17:30:55.827980
lacharente,bd6t55091181k,,failed,0,0,,no_usable_pages,known,,,bd6t55091181k: no usable pages in manifest.,2026-07-17T17:30:56.545277
lacharente,bd6t550911820,,failed,0,0,,no_usable_pages,known,,,bd6t550911820: no usable pages in manifest.,2026-07-17T17:30:57.092026
lacharente,bd6t55091183d,,failed,0,0,,no_usable_pages,known,,,bd6t55091183d: no usable pages in manifest.,2026-07-17T17:30:57.557739
lacharente,bd6t55091184t,,failed,0,0,,no_usable_pages,known,,,bd6t55091184t: no usable pages in manifest.,2026-07-17T17:30:58.076970
lacharente,bd6t550911857,,failed,0,0,,no_usable_pages,known,,,bd6t550911857: no usable pages in manifest.,2026-07-17T17:30:58.779668
lacharente,bd6t55091186n,,failed,0,0,,no_usable_pages,known,,,bd6t55091186n: no usable pages in manifest.,2026-07-17T17:30:59.500382
lacharente,bd6t550911872,,failed,0,0,,no_usable_pages,known,,,bd6t550911872: no usable pages in manifest.,2026-07-17T17:30:59.921510
lacharente,bd6t55091188g,,failed,0,0,,no_usable_pages,known,,,bd6t55091188g: no usable pages in manifest.,2026-07-17T17:31:00.805250
lacharente,bd6t55091189w,,failed,0,0,,no_usable_pages,known,,,bd6t55091189w: no usable pages in manifest.,2026-07-17T17:31:01.104999
lacharente,bd6t55091190j,,failed,0,0,,no_usable_pages,known,,,bd6t55091190j: no usable pages in manifest.,2026-07-17T17:31:01.661972
lacharente,bd6t55091191z,,failed,0,0,,no_usable_pages,known,,,bd6t55091191z: no usable pages in manifest.,2026-07-17T17:31:01.844021
lacharente,bd6t55091192c,,failed,0,0,,no_usable_pages,known,,,bd6t55091192c: no usable pages in manifest.,2026-07-17T17:31:02.519075
lacharente,bd6t55091193s,,failed,0,0,,no_usable_pages,known,,,bd6t55091193s: no usable pages in manifest.,2026-07-17T17:31:03.035608
lacharente,bd6t550911946,,failed,0,0,,no_usable_pages,known,,,bd6t550911946: no usable pages in manifest.,2026-07-17T17:31:03.402441
lacharente,bd6t55091195m,,failed,0,0,,no_usable_pages,known,,,bd6t55091195m: no usable pages in manifest.,2026-07-17T17:31:04.424691
lacharente,bd6t550911961,,failed,0,0,,no_usable_pages,known,,,bd6t550911961: no usable pages in manifest.,2026-07-17T17:31:04.957738
lacharente,bd6t55091197f,,failed,0,0,,no_usable_pages,known,,,bd6t55091197f: no usable pages in manifest.,2026-07-17T17:31:05.633886
lacharente,bd6t55091198v,,failed,0,0,,no_usable_pages,known,,,bd6t55091198v: no usable pages in manifest.,2026-07-17T17:31:06.354957
lacharente,bd6t550911998,,failed,0,0,,no_usable_pages,known,,,bd6t550911998: no usable pages in manifest.,2026-07-17T17:31:07.387258
lacharente,bd6t55091200g,,failed,0,0,,no_usable_pages,known,,,bd6t55091200g: no usable pages in manifest.,2026-07-17T17:31:07.657903
lacharente,bd6t55091201w,,failed,0,0,,no_usable_pages,known,,,bd6t55091201w: no usable pages in manifest.,2026-07-17T17:31:08.304575
lacharente,bd6t550912029,,failed,0,0,,no_usable_pages,known,,,bd6t550912029: no usable pages in manifest.,2026-07-17T17:31:08.665707
lacharente,bd6t55091203q,,failed,0,0,,no_usable_pages,known,,,bd6t55091203q: no usable pages in manifest.,2026-07-17T17:31:09.270703
lacharente,bd6t550912044,,failed,0,0,,no_usable_pages,known,,,bd6t550912044: no usable pages in manifest.,2026-07-17T17:31:09.766979
lacharente,bd6t55091205j,,failed,0,0,,no_usable_pages,known,,,bd6t55091205j: no usable pages in manifest.,2026-07-17T17:31:10.029629
lacharente,bd6t55091206z,,failed,0,0,,no_usable_pages,known,,,bd6t55091206z: no usable pages in manifest.,2026-07-17T17:31:10.615006
lacharente,bd6t55091207c,,failed,0,0,,no_usable_pages,known,,,bd6t55091207c: no usable pages in manifest.,2026-07-17T17:31:11.065036
lacharente,bd6t55091208s,,failed,0,0,,no_usable_pages,known,,,bd6t55091208s: no usable pages in manifest.,2026-07-17T17:31:11.419869
lacharente,bd6t550912096,,failed,0,0,,no_usable_pages,known,,,bd6t550912096: no usable pages in manifest.,2026-07-17T17:31:12.165961
lacharente,bd6t55091210v,,failed,0,0,,no_usable_pages,known,,,bd6t55091210v: no usable pages in manifest.,2026-07-17T17:31:12.541161
lacharente,bd6t550912118,,failed,0,0,,no_usable_pages,known,,,bd6t550912118: no usable pages in manifest.,2026-07-17T17:31:13.037411
lacharente,bd6t55091212p,,failed,0,0,,no_usable_pages,known,,,bd6t55091212p: no usable pages in manifest.,2026-07-17T17:31:13.569968
lacharente,bd6t550912133,,failed,0,0,,no_usable_pages,known,,,bd6t550912133: no usable pages in manifest.,2026-07-17T17:31:14.106903
lacharente,bd6t55091214h,,failed,0,0,,no_usable_pages,known,,,bd6t55091214h: no usable pages in manifest.,2026-07-17T17:31:14.498444
lacharente,bd6t55091215x,,failed,0,0,,no_usable_pages,known,,,bd6t55091215x: no usable pages in manifest.,2026-07-17T17:31:14.978881
lacharente,bd6t55091216b,,failed,0,0,,no_usable_pages,known,,,bd6t55091216b: no usable pages in manifest.,2026-07-17T17:31:15.624311
lacharente,bd6t55091217r,,failed,0,0,,no_usable_pages,known,,,bd6t55091217r: no usable pages in manifest.,2026-07-17T17:31:15.922126
lacharente,bd6t550912185,,failed,0,0,,no_usable_pages,known,,,bd6t550912185: no usable pages in manifest.,2026-07-17T17:31:16.288597
lacharente,bd6t55091219k,,failed,0,0,,no_usable_pages,known,,,bd6t55091219k: no usable pages in manifest.,2026-07-17T17:31:16.840177
lacharente,bd6t550912207,,failed,0,0,,no_usable_pages,known,,,bd6t550912207: no usable pages in manifest.,2026-07-17T17:31:17.401220
lacharente,bd6t55091221n,,failed,0,0,,no_usable_pages,known,,,bd6t55091221n: no usable pages in manifest.,2026-07-17T17:31:18.000962
lacharente,bd6t550912222,,failed,0,0,,no_usable_pages,known,,,bd6t550912222: no usable pages in manifest.,2026-07-17T17:31:18.406440
lacharente,bd6t55091223g,,failed,0,0,,no_usable_pages,known,,,bd6t55091223g: no usable pages in manifest.,2026-07-17T17:31:18.734436
lacharente,bd6t55091224w,,failed,0,0,,no_usable_pages,known,,,bd6t55091224w: no usable pages in manifest.,2026-07-17T17:31:19.160498
lacharente,bd6t550912259,,failed,0,0,,no_usable_pages,known,,,bd6t550912259: no usable pages in manifest.,2026-07-17T17:31:19.800296
lacharente,bd6t55091226q,,failed,0,0,,no_usable_pages,known,,,bd6t55091226q: no usable pages in manifest.,2026-07-17T17:31:20.360490
lacharente,bd6t550912274,,failed,0,0,,no_usable_pages,known,,,bd6t550912274: no usable pages in manifest.,2026-07-17T17:31:20.565324
lacharente,bd6t55091228j,,failed,0,0,,no_usable_pages,known,,,bd6t55091228j: no usable pages in manifest.,2026-07-17T17:31:21.027755
lacharente,bd6t55091229z,,failed,0,0,,no_usable_pages,known,,,bd6t55091229z: no usable pages in manifest.,2026-07-17T17:31:21.517886
lacharente,bd6t55091230m,,failed,0,0,,no_usable_pages,known,,,bd6t55091230m: no usable pages in manifest.,2026-07-17T17:31:22.082495
lacharente,bd6t550912311,,failed,0,0,,no_usable_pages,known,,,bd6t550912311: no usable pages in manifest.,2026-07-17T17:31:22.340512
lacharente,bd6t55091232f,,failed,0,0,,no_usable_pages,known,,,bd6t55091232f: no usable pages in manifest.,2026-07-17T17:31:23.100387
lacharente,bd6t55091233v,,failed,0,0,,no_usable_pages,known,,,bd6t55091233v: no usable pages in manifest.,2026-07-17T17:31:23.326184
lacharente,bd6t550912348,,failed,0,0,,no_usable_pages,known,,,bd6t550912348: no usable pages in manifest.,2026-07-17T17:31:23.923738
lacharente,bd6t55091235p,,failed,0,0,,no_usable_pages,known,,,bd6t55091235p: no usable pages in manifest.,2026-07-17T17:31:24.645147
lacharente,bd6t550912363,,failed,0,0,,no_usable_pages,known,,,bd6t550912363: no usable pages in manifest.,2026-07-17T17:31:25.415958
lacharente,bd6t55091237h,,failed,0,0,,no_usable_pages,known,,,bd6t55091237h: no usable pages in manifest.,2026-07-17T17:31:25.887487
lacharente,bd6t55091238x,,failed,0,0,,no_usable_pages,known,,,bd6t55091238x: no usable pages in manifest.,2026-07-17T17:31:26.215047
lacharente,bd6t55091239b,,failed,0,0,,no_usable_pages,known,,,bd6t55091239b: no usable pages in manifest.,2026-07-17T17:31:26.766475
lacharente,bd6t550912400,,failed,0,0,,no_usable_pages,known,,,bd6t550912400: no usable pages in manifest.,2026-07-17T17:31:27.187400
lacharente,bd6t55091241d,,failed,0,0,,no_usable_pages,known,,,bd6t55091241d: no usable pages in manifest.,2026-07-17T17:31:27.552981
lacharente,bd6t55091242t,,failed,0,0,,no_usable_pages,known,,,bd6t55091242t: no usable pages in manifest.,2026-07-17T17:31:28.135362
lacharente,bd6t550912437,,failed,0,0,,no_usable_pages,known,,,bd6t550912437: no usable pages in manifest.,2026-07-17T17:31:28.464769
lacharente,bd6t55091244n,,failed,0,0,,no_usable_pages,known,,,bd6t55091244n: no usable pages in manifest.,2026-07-17T17:31:29.352594
lacharente,bd6t550912452,,failed,0,0,,no_usable_pages,known,,,bd6t550912452: no usable pages in manifest.,2026-07-17T17:31:29.625369
lacharente,bd6t55091246g,,failed,0,0,,no_usable_pages,known,,,bd6t55091246g: no usable pages in manifest.,2026-07-17T17:31:29.989093
lacharente,bd6t55091247w,,failed,0,0,,no_usable_pages,known,,,bd6t55091247w: no usable pages in manifest.,2026-07-17T17:31:30.674341
lacharente,bd6t550912489,,failed,0,0,,no_usable_pages,known,,,bd6t550912489: no usable pages in manifest.,2026-07-17T17:31:30.948222
lacharente,bd6t55091249q,,failed,0,0,,no_usable_pages,known,,,bd6t55091249q: no usable pages in manifest.,2026-07-17T17:31:31.434006
lacharente,bd6t55091250c,,failed,0,0,,no_usable_pages,known,,,bd6t55091250c: no usable pages in manifest.,2026-07-17T17:31:31.906298
lacharente,bd6t55091251s,,failed,0,0,,no_usable_pages,known,,,bd6t55091251s: no usable pages in manifest.,2026-07-17T17:31:32.395923
lacharente,bd6t550912526,,failed,0,0,,no_usable_pages,known,,,bd6t550912526: no usable pages in manifest.,2026-07-17T17:31:32.805976
lacharente,bd6t55091253m,,failed,0,0,,no_usable_pages,known,,,bd6t55091253m: no usable pages in manifest.,2026-07-17T17:31:33.298477
lacharente,bd6t550912541,,failed,0,0,,no_usable_pages,known,,,bd6t550912541: no usable pages in manifest.,2026-07-17T17:31:33.707442
lacharente,bd6t55091255f,,failed,0,0,,no_usable_pages,known,,,bd6t55091255f: no usable pages in manifest.,2026-07-17T17:31:34.050637
lacharente,bd6t55091256v,,failed,0,0,,no_usable_pages,known,,,bd6t55091256v: no usable pages in manifest.,2026-07-17T17:31:34.694955
lacharente,bd6t550912578,,failed,0,0,,no_usable_pages,known,,,bd6t550912578: no usable pages in manifest.,2026-07-17T17:31:34.975569
lacharente,bd6t550912593,,failed,0,0,,no_usable_pages,known,,,bd6t550912593: no usable pages in manifest.,2026-07-17T17:31:35.628681
lacharente,bd6t55091260r,,failed,0,0,,no_usable_pages,known,,,bd6t55091260r: no usable pages in manifest.,2026-07-17T17:31:35.978333
lacharente,bd6t55091262k,,failed,0,0,,no_usable_pages,known,,,bd6t55091262k: no usable pages in manifest.,2026-07-17T17:31:36.619743
lacharente,bd6t550912615,,failed,0,0,,no_usable_pages,known,,,bd6t550912615: no usable pages in manifest.,2026-07-17T17:31:37.227692
lacharente,bd6t550912630,,failed,0,0,,no_usable_pages,known,,,bd6t550912630: no usable pages in manifest.,2026-07-17T17:31:37.626170
lacharente,bd6t55091258p,,failed,0,0,,no_usable_pages,known,,,bd6t55091258p: no usable pages in manifest.,2026-07-17T17:31:38.491076
lacharente,bd6t55091264d,,failed,0,0,,no_usable_pages,known,,,bd6t55091264d: no usable pages in manifest.,2026-07-17T17:31:38.824938
lacharente,bd6t55091265t,,failed,0,0,,no_usable_pages,known,,,bd6t55091265t: no usable pages in manifest.,2026-07-17T17:31:39.287581
lacharente,bd6t55091267n,,failed,0,0,,no_usable_pages,known,,,bd6t55091267n: no usable pages in manifest.,2026-07-17T17:31:40.034066
lacharente,bd6t550912682,,failed,0,0,,no_usable_pages,known,,,bd6t550912682: no usable pages in manifest.,2026-07-17T17:31:40.376042
lacharente,bd6t55091269g,,failed,0,0,,no_usable_pages,known,,,bd6t55091269g: no usable pages in manifest.,2026-07-17T17:31:40.778924
lacharente,bd6t550912667,,failed,0,0,,no_usable_pages,known,,,bd6t550912667: no usable pages in manifest.,2026-07-17T17:31:41.555626
lacharente,bd6t550912704,,failed,0,0,,no_usable_pages,known,,,bd6t550912704: no usable pages in manifest.,2026-07-17T17:31:41.875374
lacharente,bd6t55091271j,,failed,0,0,,no_usable_pages,known,,,bd6t55091271j: no usable pages in manifest.,2026-07-17T17:31:42.171897
lacharente,bd6t55091272z,,failed,0,0,,no_usable_pages,known,,,bd6t55091272z: no usable pages in manifest.,2026-07-17T17:31:42.681659
lacharente,bd6t55091273c,,failed,0,0,,no_usable_pages,known,,,bd6t55091273c: no usable pages in manifest.,2026-07-17T17:31:43.255043
lacharente,bd6t55091274s,,failed,0,0,,no_usable_pages,known,,,bd6t55091274s: no usable pages in manifest.,2026-07-17T17:31:43.868177
lacharente,bd6t550912756,,failed,0,0,,no_usable_pages,known,,,bd6t550912756: no usable pages in manifest.,2026-07-17T17:31:44.455223
lacharente,bd6t550912771,,failed,0,0,,no_usable_pages,known,,,bd6t550912771: no usable pages in manifest.,2026-07-17T17:31:44.992927
lacharente,bd6t55091278f,,failed,0,0,,no_usable_pages,known,,,bd6t55091278f: no usable pages in manifest.,2026-07-17T17:31:45.284766
lacharente,bd6t55091276m,,failed,0,0,,no_usable_pages,known,,,bd6t55091276m: no usable pages in manifest.,2026-07-17T17:31:45.767975
lacharente,bd6t55091279v,,failed,0,0,,no_usable_pages,known,,,bd6t55091279v: no usable pages in manifest.,2026-07-17T17:31:46.144539
lacharente,bd6t55091280h,,failed,0,0,,no_usable_pages,known,,,bd6t55091280h: no usable pages in manifest.,2026-07-17T17:31:46.580171
lacharente,bd6t55091281x,,failed,0,0,,no_usable_pages,known,,,bd6t55091281x: no usable pages in manifest.,2026-07-17T17:31:46.992761
lacharente,bd6t55091282b,,failed,0,0,,no_usable_pages,known,,,bd6t55091282b: no usable pages in manifest.,2026-07-17T17:31:47.413306
lacharente,bd6t55091283r,,failed,0,0,,no_usable_pages,known,,,bd6t55091283r: no usable pages in manifest.,2026-07-17T17:31:47.935462
lacharente,bd6t550912845,,failed,0,0,,no_usable_pages,known,,,bd6t550912845: no usable pages in manifest.,2026-07-17T17:31:48.374253
lacharente,bd6t55091285k,,failed,0,0,,no_usable_pages,known,,,bd6t55091285k: no usable pages in manifest.,2026-07-17T17:31:49.040104
lacharente,bd6t550912860,,failed,0,0,,no_usable_pages,known,,,bd6t550912860: no usable pages in manifest.,2026-07-17T17:31:49.381256
lacharente,bd6t55091287d,,failed,0,0,,no_usable_pages,known,,,bd6t55091287d: no usable pages in manifest.,2026-07-17T17:31:49.994272
lacharente,bd6t55091288t,,failed,0,0,,no_usable_pages,known,,,bd6t55091288t: no usable pages in manifest.,2026-07-17T17:31:50.540190
lacharente,bd6t550912897,,failed,0,0,,no_usable_pages,known,,,bd6t550912897: no usable pages in manifest.,2026-07-17T17:31:51.073267
lacharente,bd6t55091290w,,failed,0,0,,no_usable_pages,known,,,bd6t55091290w: no usable pages in manifest.,2026-07-17T17:31:51.611964
lacharente,bd6t550912919,,failed,0,0,,no_usable_pages,known,,,bd6t550912919: no usable pages in manifest.,2026-07-17T17:31:52.037302
lacharente,bd6t55091292q,,failed,0,0,,no_usable_pages,known,,,bd6t55091292q: no usable pages in manifest.,2026-07-17T17:31:52.426780
lacharente,bd6t550912934,,failed,0,0,,no_usable_pages,known,,,bd6t550912934: no usable pages in manifest.,2026-07-17T17:31:52.577895
lacharente,bd6t55091294j,,failed,0,0,,no_usable_pages,known,,,bd6t55091294j: no usable pages in manifest.,2026-07-17T17:31:53.499210
lacharente,bd6t55091295z,,failed,0,0,,no_usable_pages,known,,,bd6t55091295z: no usable pages in manifest.,2026-07-17T17:31:53.925517
lacharente,bd6t55091296c,,failed,0,0,,no_usable_pages,known,,,bd6t55091296c: no usable pages in manifest.,2026-07-17T17:31:54.652208
lacharente,bd6t55091297s,,failed,0,0,,no_usable_pages,known,,,bd6t55091297s: no usable pages in manifest.,2026-07-17T17:31:54.993445
lacharente,bd6t550912986,,failed,0,0,,no_usable_pages,known,,,bd6t550912986: no usable pages in manifest.,2026-07-17T17:31:55.360578
lacharente,bd6t55091299m,,failed,0,0,,no_usable_pages,known,,,bd6t55091299m: no usable pages in manifest.,2026-07-17T17:31:56.314951
lacharente,bd6t55091300t,,failed,0,0,,no_usable_pages,known,,,bd6t55091300t: no usable pages in manifest.,2026-07-17T17:31:56.723668
lacharente,bd6t550913017,,failed,0,0,,no_usable_pages,known,,,bd6t550913017: no usable pages in manifest.,2026-07-17T17:31:57.371496
lacharente,bd6t55091302n,,failed,0,0,,no_usable_pages,known,,,bd6t55091302n: no usable pages in manifest.,2026-07-17T17:31:57.939681
lacharente,bd6t550913032,,failed,0,0,,no_usable_pages,known,,,bd6t550913032: no usable pages in manifest.,2026-07-17T17:31:58.327194
lacharente,bd6t55091304g,,failed,0,0,,no_usable_pages,known,,,bd6t55091304g: no usable pages in manifest.,2026-07-17T17:31:58.604325
lacharente,bd6t55091305w,,failed,0,0,,no_usable_pages,known,,,bd6t55091305w: no usable pages in manifest.,2026-07-17T17:31:58.918848
lacharente,bd6t550913069,,failed,0,0,,no_usable_pages,known,,,bd6t550913069: no usable pages in manifest.,2026-07-17T17:31:59.525493
lacharente,bd6t55091307q,,failed,0,0,,no_usable_pages,known,,,bd6t55091307q: no usable pages in manifest.,2026-07-17T17:32:00.222978
lacharente,bd6t550913084,,failed,0,0,,no_usable_pages,known,,,bd6t550913084: no usable pages in manifest.,2026-07-17T17:32:00.716604
lacharente,bd6t55091309j,,failed,0,0,,no_usable_pages,known,,,bd6t55091309j: no usable pages in manifest.,2026-07-17T17:32:00.936733
lacharente,bd6t550913106,,failed,0,0,,no_usable_pages,known,,,bd6t550913106: no usable pages in manifest.,2026-07-17T17:32:01.167663
lacharente,bd6t55091311m,,failed,0,0,,no_usable_pages,known,,,bd6t55091311m: no usable pages in manifest.,2026-07-17T17:32:01.629209
lacharente,bd6t550913121,,failed,0,0,,no_usable_pages,known,,,bd6t550913121: no usable pages in manifest.,2026-07-17T17:32:02.317025
lacharente,bd6t55091313f,,failed,0,0,,no_usable_pages,known,,,bd6t55091313f: no usable pages in manifest.,2026-07-17T17:32:02.624713
lacharente,bd6t55091314v,,failed,0,0,,no_usable_pages,known,,,bd6t55091314v: no usable pages in manifest.,2026-07-17T17:32:03.036342
lacharente,bd6t550913158,,failed,0,0,,no_usable_pages,known,,,bd6t550913158: no usable pages in manifest.,2026-07-17T17:32:03.623699
lacharente,bd6t55091316p,,failed,0,0,,no_usable_pages,known,,,bd6t55091316p: no usable pages in manifest.,2026-07-17T17:32:04.111558
lacharente,bd6t550913173,,failed,0,0,,no_usable_pages,known,,,bd6t550913173: no usable pages in manifest.,2026-07-17T17:32:04.622464
lacharente,bd6t55091318h,,failed,0,0,,no_usable_pages,known,,,bd6t55091318h: no usable pages in manifest.,2026-07-17T17:32:05.249299
lacharente,bd6t55091319x,,failed,0,0,,no_usable_pages,known,,,bd6t55091319x: no usable pages in manifest.,2026-07-17T17:32:05.588097
lacharente,bd6t55091320k,,failed,0,0,,no_usable_pages,known,,,bd6t55091320k: no usable pages in manifest.,2026-07-17T17:32:06.274681
lacharente,bd6t550913210,,failed,0,0,,no_usable_pages,known,,,bd6t550913210: no usable pages in manifest.,2026-07-17T17:32:06.484710
lacharente,bd6t55091322d,,failed,0,0,,no_usable_pages,known,,,bd6t55091322d: no usable pages in manifest.,2026-07-17T17:32:07.135688
lacharente,bd6t55091323t,,failed,0,0,,no_usable_pages,known,,,bd6t55091323t: no usable pages in manifest.,2026-07-17T17:32:07.662221
lacharente,bd6t550913247,,failed,0,0,,no_usable_pages,known,,,bd6t550913247: no usable pages in manifest.,2026-07-17T17:32:08.077770
lacharente,bd6t55091325n,,failed,0,0,,no_usable_pages,known,,,bd6t55091325n: no usable pages in manifest.,2026-07-17T17:32:08.606954
lacharente,bd6t550913262,,failed,0,0,,no_usable_pages,known,,,bd6t550913262: no usable pages in manifest.,2026-07-17T17:32:09.056132
lacharente,bd6t55091327g,,failed,0,0,,no_usable_pages,known,,,bd6t55091327g: no usable pages in manifest.,2026-07-17T17:32:09.451418
lacharente,bd6t55091328w,,failed,0,0,,no_usable_pages,known,,,bd6t55091328w: no usable pages in manifest.,2026-07-17T17:32:09.994722
lacharente,bd6t550913299,,failed,0,0,,no_usable_pages,known,,,bd6t550913299: no usable pages in manifest.,2026-07-17T17:32:10.484678
lacharente,bd6t55091330z,,failed,0,0,,no_usable_pages,known,,,bd6t55091330z: no usable pages in manifest.,2026-07-17T17:32:10.933536
lacharente,bd6t55091331c,,failed,0,0,,no_usable_pages,known,,,bd6t55091331c: no usable pages in manifest.,2026-07-17T17:32:11.415994
lacharente,bd6t55091332s,,failed,0,0,,no_usable_pages,known,,,bd6t55091332s: no usable pages in manifest.,2026-07-17T17:32:11.729444
lacharente,bd6t550913336,,failed,0,0,,no_usable_pages,known,,,bd6t550913336: no usable pages in manifest.,2026-07-17T17:32:12.234886
lacharente,bd6t55091334m,,failed,0,0,,no_usable_pages,known,,,bd6t55091334m: no usable pages in manifest.,2026-07-17T17:32:12.807803
lacharente,bd6t550913351,,failed,0,0,,no_usable_pages,known,,,bd6t550913351: no usable pages in manifest.,2026-07-17T17:32:13.176730
lacharente,bd6t55091336f,,failed,0,0,,no_usable_pages,known,,,bd6t55091336f: no usable pages in manifest.,2026-07-17T17:32:13.839681
lacharente,bd6t55091337v,,failed,0,0,,no_usable_pages,known,,,bd6t55091337v: no usable pages in manifest.,2026-07-17T17:32:14.106212
lacharente,bd6t550913388,,failed,0,0,,no_usable_pages,known,,,bd6t550913388: no usable pages in manifest.,2026-07-17T17:32:14.365963
lacharente,bd6t55091339p,,failed,0,0,,no_usable_pages,known,,,bd6t55091339p: no usable pages in manifest.,2026-07-17T17:32:15.040331
lacharente,bd6t55091340b,,failed,0,0,,no_usable_pages,known,,,bd6t55091340b: no usable pages in manifest.,2026-07-17T17:32:15.354037
lacharente,bd6t55091341r,,failed,0,0,,no_usable_pages,known,,,bd6t55091341r: no usable pages in manifest.,2026-07-17T17:32:16.037420
lacharente,bd6t550913425,,failed,0,0,,no_usable_pages,known,,,bd6t550913425: no usable pages in manifest.,2026-07-17T17:32:16.426834
lacharente,bd6t55091343k,,failed,0,0,,no_usable_pages,known,,,bd6t55091343k: no usable pages in manifest.,2026-07-17T17:32:17.019572
lacharente,bd6t550913440,,failed,0,0,,no_usable_pages,known,,,bd6t550913440: no usable pages in manifest.,2026-07-17T17:32:17.502104
lacharente,bd6t55091345d,,failed,0,0,,no_usable_pages,known,,,bd6t55091345d: no usable pages in manifest.,2026-07-17T17:32:18.023569
lacharente,bd6t55091346t,,failed,0,0,,no_usable_pages,known,,,bd6t55091346t: no usable pages in manifest.,2026-07-17T17:32:18.355559
lacharente,bd6t550913477,,failed,0,0,,no_usable_pages,known,,,bd6t550913477: no usable pages in manifest.,2026-07-17T17:32:18.884048
lacharente,bd6t55091348n,,failed,0,0,,no_usable_pages,known,,,bd6t55091348n: no usable pages in manifest.,2026-07-17T17:32:19.286636
lacharente,bd6t550913492,,failed,0,0,,no_usable_pages,known,,,bd6t550913492: no usable pages in manifest.,2026-07-17T17:32:19.953176
lacharente,bd6t55091350q,,failed,0,0,,no_usable_pages,known,,,bd6t55091350q: no usable pages in manifest.,2026-07-17T17:32:20.326862
lacharente,bd6t550913514,,failed,0,0,,no_usable_pages,known,,,bd6t550913514: no usable pages in manifest.,2026-07-17T17:32:20.642160
lacharente,bd6t55091352j,,failed,0,0,,no_usable_pages,known,,,bd6t55091352j: no usable pages in manifest.,2026-07-17T17:32:21.319521
lacharente,bd6t55091353z,,failed,0,0,,no_usable_pages,known,,,bd6t55091353z: no usable pages in manifest.,2026-07-17T17:32:21.828944
lacharente,bd6t55091354c,,failed,0,0,,no_usable_pages,known,,,bd6t55091354c: no usable pages in manifest.,2026-07-17T17:32:22.403778
lacharente,bd6t55091355s,,failed,0,0,,no_usable_pages,known,,,bd6t55091355s: no usable pages in manifest.,2026-07-17T17:32:22.778893
lacharente,bd6t550913566,,failed,0,0,,no_usable_pages,known,,,bd6t550913566: no usable pages in manifest.,2026-07-17T17:32:23.317754
lacharente,bd6t55091357m,,failed,0,0,,no_usable_pages,known,,,bd6t55091357m: no usable pages in manifest.,2026-07-17T17:32:23.670172
lacharente,bd6t550913581,,failed,0,0,,no_usable_pages,known,,,bd6t550913581: no usable pages in manifest.,2026-07-17T17:32:24.061402
lacharente,bd6t55091359f,,failed,0,0,,no_usable_pages,known,,,bd6t55091359f: no usable pages in manifest.,2026-07-17T17:32:24.607262
lacharente,bd6t550913603,,failed,0,0,,no_usable_pages,known,,,bd6t550913603: no usable pages in manifest.,2026-07-17T17:32:25.103680
lacharente,bd6t55091361h,,failed,0,0,,no_usable_pages,known,,,bd6t55091361h: no usable pages in manifest.,2026-07-17T17:32:25.760532
lacharente,bd6t55091362x,,failed,0,0,,no_usable_pages,known,,,bd6t55091362x: no usable pages in manifest.,2026-07-17T17:32:26.288766
lacharente,bd6t55091363b,,failed,0,0,,no_usable_pages,known,,,bd6t55091363b: no usable pages in manifest.,2026-07-17T17:32:26.571160
lacharente,bd6t55091364r,,failed,0,0,,no_usable_pages,known,,,bd6t55091364r: no usable pages in manifest.,2026-07-17T17:32:27.157975
lacharente,bd6t550913655,,failed,0,0,,no_usable_pages,known,,,bd6t550913655: no usable pages in manifest.,2026-07-17T17:32:27.643683
lacharente,bd6t55091366k,,failed,0,0,,no_usable_pages,known,,,bd6t55091366k: no usable pages in manifest.,2026-07-17T17:32:27.990713
lacharente,bd6t550913670,,failed,0,0,,no_usable_pages,known,,,bd6t550913670: no usable pages in manifest.,2026-07-17T17:32:28.660941
lacharente,bd6t55091368d,,failed,0,0,,no_usable_pages,known,,,bd6t55091368d: no usable pages in manifest.,2026-07-17T17:32:29.134823
lacharente,bd6t55091369t,,failed,0,0,,no_usable_pages,known,,,bd6t55091369t: no usable pages in manifest.,2026-07-17T17:32:29.426216
lacharente,bd6t55091370g,,failed,0,0,,no_usable_pages,known,,,bd6t55091370g: no usable pages in manifest.,2026-07-17T17:32:29.935149
lacharente,bd6t55091371w,,failed,0,0,,no_usable_pages,known,,,bd6t55091371w: no usable pages in manifest.,2026-07-17T17:32:30.394522
lacharente,bd6t550913729,,failed,0,0,,no_usable_pages,known,,,bd6t550913729: no usable pages in manifest.,2026-07-17T17:32:30.774804
lacharente,bd6t55091373q,,failed,0,0,,no_usable_pages,known,,,bd6t55091373q: no usable pages in manifest.,2026-07-17T17:32:31.799140
lacharente,bd6t550913744,,failed,0,0,,no_usable_pages,known,,,bd6t550913744: no usable pages in manifest.,2026-07-17T17:32:32.280133
lacharente,bd6t55091375j,,failed,0,0,,no_usable_pages,known,,,bd6t55091375j: no usable pages in manifest.,2026-07-17T17:32:33.056876
lacharente,bd6t55091376z,,failed,0,0,,no_usable_pages,known,,,bd6t55091376z: no usable pages in manifest.,2026-07-17T17:32:33.574391
lacharente,bd6t55091377c,,failed,0,0,,no_usable_pages,known,,,bd6t55091377c: no usable pages in manifest.,2026-07-17T17:32:34.163180
lacharente,bd6t55091378s,,failed,0,0,,no_usable_pages,known,,,bd6t55091378s: no usable pages in manifest.,2026-07-17T17:32:34.484827
lacharente,bd6t550913796,,failed,0,0,,no_usable_pages,known,,,bd6t550913796: no usable pages in manifest.,2026-07-17T17:32:34.776154
lacharente,bd6t55091380v,,failed,0,0,,no_usable_pages,known,,,bd6t55091380v: no usable pages in manifest.,2026-07-17T17:32:35.498742
lacharente,bd6t550913818,,failed,0,0,,no_usable_pages,known,,,bd6t550913818: no usable pages in manifest.,2026-07-17T17:32:35.650581
lacharente,bd6t55091382p,,failed,0,0,,no_usable_pages,known,,,bd6t55091382p: no usable pages in manifest.,2026-07-17T17:32:36.094373
lacharente,bd6t550913833,,failed,0,0,,no_usable_pages,known,,,bd6t550913833: no usable pages in manifest.,2026-07-17T17:32:36.789234
lacharente,bd6t55091384h,,failed,0,0,,no_usable_pages,known,,,bd6t55091384h: no usable pages in manifest.,2026-07-17T17:32:37.040271
lacharente,bd6t55091385x,,failed,0,0,,no_usable_pages,known,,,bd6t55091385x: no usable pages in manifest.,2026-07-17T17:32:37.404269
lacharente,bd6t55091386b,,failed,0,0,,no_usable_pages,known,,,bd6t55091386b: no usable pages in manifest.,2026-07-17T17:32:37.937493
lacharente,bd6t55091387r,,failed,0,0,,no_usable_pages,known,,,bd6t55091387r: no usable pages in manifest.,2026-07-17T17:32:38.337612
lacharente,bd6t550913885,,failed,0,0,,no_usable_pages,known,,,bd6t550913885: no usable pages in manifest.,2026-07-17T17:32:38.617183
lacharente,bd6t55091389k,,failed,0,0,,no_usable_pages,known,,,bd6t55091389k: no usable pages in manifest.,2026-07-17T17:32:39.139569
lacharente,bd6t550913907,,failed,0,0,,no_usable_pages,known,,,bd6t550913907: no usable pages in manifest.,2026-07-17T17:32:39.632246
lacharente,bd6t55091391n,,failed,0,0,,no_usable_pages,known,,,bd6t55091391n: no usable pages in manifest.,2026-07-17T17:32:40.293702
lacharente,bd6t550913922,,failed,0,0,,no_usable_pages,known,,,bd6t550913922: no usable pages in manifest.,2026-07-17T17:32:40.965295
lacharente,bd6t55091393g,,failed,0,0,,no_usable_pages,known,,,bd6t55091393g: no usable pages in manifest.,2026-07-17T17:32:41.540600
lacharente,bd6t55091394w,,failed,0,0,,no_usable_pages,known,,,bd6t55091394w: no usable pages in manifest.,2026-07-17T17:32:42.052676
lacharente,bd6t550913959,,failed,0,0,,no_usable_pages,known,,,bd6t550913959: no usable pages in manifest.,2026-07-17T17:32:42.642539
lacharente,bd6t55091396q,,failed,0,0,,no_usable_pages,known,,,bd6t55091396q: no usable pages in manifest.,2026-07-17T17:32:43.029002
lacharente,bd6t550913974,,failed,0,0,,no_usable_pages,known,,,bd6t550913974: no usable pages in manifest.,2026-07-17T17:32:43.441650
lacharente,bd6t55091398j,,failed,0,0,,no_usable_pages,known,,,bd6t55091398j: no usable pages in manifest.,2026-07-17T17:32:44.058144
lacharente,bd6t55091399z,,failed,0,0,,no_usable_pages,known,,,bd6t55091399z: no usable pages in manifest.,2026-07-17T17:32:44.473256
lacharente,bd6t550914005,,failed,0,0,,no_usable_pages,known,,,bd6t550914005: no usable pages in manifest.,2026-07-17T17:32:45.150775
lacharente,bd6t55091401k,,failed,0,0,,no_usable_pages,known,,,bd6t55091401k: no usable pages in manifest.,2026-07-17T17:32:45.487815
lacharente,bd6t550914020,,failed,0,0,,no_usable_pages,known,,,bd6t550914020: no usable pages in manifest.,2026-07-17T17:32:45.810283
lacharente,bd6t55091403d,,failed,0,0,,no_usable_pages,known,,,bd6t55091403d: no usable pages in manifest.,2026-07-17T17:32:46.435160
lacharente,bd6t55091404t,,failed,0,0,,no_usable_pages,known,,,bd6t55091404t: no usable pages in manifest.,2026-07-17T17:32:46.756262
lacharente,bd6t550914057,,failed,0,0,,no_usable_pages,known,,,bd6t550914057: no usable pages in manifest.,2026-07-17T17:32:47.066730
lacharente,bd6t55091406n,,failed,0,0,,no_usable_pages,known,,,bd6t55091406n: no usable pages in manifest.,2026-07-17T17:32:47.363163
lacharente,bd6t550914072,,failed,0,0,,no_usable_pages,known,,,bd6t550914072: no usable pages in manifest.,2026-07-17T17:32:47.916214
lacharente,bd6t55091408g,,failed,0,0,,no_usable_pages,known,,,bd6t55091408g: no usable pages in manifest.,2026-07-17T17:32:48.260603
lacharente,bd6t55091409w,,failed,0,0,,no_usable_pages,known,,,bd6t55091409w: no usable pages in manifest.,2026-07-17T17:32:48.481346
lacharente,bd6t55091410j,,failed,0,0,,no_usable_pages,known,,,bd6t55091410j: no usable pages in manifest.,2026-07-17T17:32:49.140758
lacharente,bd6t55091411z,,failed,0,0,,no_usable_pages,known,,,bd6t55091411z: no usable pages in manifest.,2026-07-17T17:32:49.907497
lacharente,bd6t55091412c,,failed,0,0,,no_usable_pages,known,,,bd6t55091412c: no usable pages in manifest.,2026-07-17T17:32:50.809596
lacharente,bd6t55091413s,,failed,0,0,,no_usable_pages,known,,,bd6t55091413s: no usable pages in manifest.,2026-07-17T17:32:51.879524
lacharente,bd6t550914146,,failed,0,0,,no_usable_pages,known,,,bd6t550914146: no usable pages in manifest.,2026-07-17T17:32:52.325406
lacharente,bd6t55091415m,,failed,0,0,,no_usable_pages,known,,,bd6t55091415m: no usable pages in manifest.,2026-07-17T17:32:52.816420
lacharente,bd6t550914161,,failed,0,0,,no_usable_pages,known,,,bd6t550914161: no usable pages in manifest.,2026-07-17T17:32:53.504250
lacharente,bd6t55091417f,,failed,0,0,,no_usable_pages,known,,,bd6t55091417f: no usable pages in manifest.,2026-07-17T17:32:54.152779
lacharente,bd6t55091418v,,failed,0,0,,no_usable_pages,known,,,bd6t55091418v: no usable pages in manifest.,2026-07-17T17:32:54.578646
lacharente,bd6t550914198,,failed,0,0,,no_usable_pages,known,,,bd6t550914198: no usable pages in manifest.,2026-07-17T17:32:54.918084
lacharente,bd6t55091420x,,failed,0,0,,no_usable_pages,known,,,bd6t55091420x: no usable pages in manifest.,2026-07-17T17:32:55.904288
lacharente,bd6t55091421b,,failed,0,0,,no_usable_pages,known,,,bd6t55091421b: no usable pages in manifest.,2026-07-17T17:32:56.461593
lacharente,bd6t55091422r,,failed,0,0,,no_usable_pages,known,,,bd6t55091422r: no usable pages in manifest.,2026-07-17T17:32:56.965714
lacharente,bd6t550914235,,failed,0,0,,no_usable_pages,known,,,bd6t550914235: no usable pages in manifest.,2026-07-17T17:32:57.230496
lacharente,bd6t55091424k,,failed,0,0,,no_usable_pages,known,,,bd6t55091424k: no usable pages in manifest.,2026-07-17T17:32:57.950235
lacharente,bd6t550914250,,failed,0,0,,no_usable_pages,known,,,bd6t550914250: no usable pages in manifest.,2026-07-17T17:32:58.531916
lacharente,bd6t55091426d,,failed,0,0,,no_usable_pages,known,,,bd6t55091426d: no usable pages in manifest.,2026-07-17T17:32:59.227330
lacharente,bd6t55091427t,,failed,0,0,,no_usable_pages,known,,,bd6t55091427t: no usable pages in manifest.,2026-07-17T17:32:59.652490
lacharente,bd6t550914287,,failed,0,0,,no_usable_pages,known,,,bd6t550914287: no usable pages in manifest.,2026-07-17T17:33:00.073529
lacharente,bd6t55091429n,,failed,0,0,,no_usable_pages,known,,,bd6t55091429n: no usable pages in manifest.,2026-07-17T17:33:00.894501
lacharente,bd6t550914309,,failed,0,0,,no_usable_pages,known,,,bd6t550914309: no usable pages in manifest.,2026-07-17T17:33:01.205476
lacharente,bd6t55091431q,,failed,0,0,,no_usable_pages,known,,,bd6t55091431q: no usable pages in manifest.,2026-07-17T17:33:01.707543
lacharente,bd6t550914324,,failed,0,0,,no_usable_pages,known,,,bd6t550914324: no usable pages in manifest.,2026-07-17T17:33:02.298731
lacharente,bd6t55091433j,,failed,0,0,,no_usable_pages,known,,,bd6t55091433j: no usable pages in manifest.,2026-07-17T17:33:02.701756
lacharente,bd6t55091434z,,failed,0,0,,no_usable_pages,known,,,bd6t55091434z: no usable pages in manifest.,2026-07-17T17:33:03.022647
lacharente,bd6t55091435c,,failed,0,0,,no_usable_pages,known,,,bd6t55091435c: no usable pages in manifest.,2026-07-17T17:33:03.492131
lacharente,bd6t55091436s,,failed,0,0,,no_usable_pages,known,,,bd6t55091436s: no usable pages in manifest.,2026-07-17T17:33:03.793655
lacharente,bd6t550914376,,failed,0,0,,no_usable_pages,known,,,bd6t550914376: no usable pages in manifest.,2026-07-17T17:33:04.053547
lacharente,bd6t55091438m,,failed,0,0,,no_usable_pages,known,,,bd6t55091438m: no usable pages in manifest.,2026-07-17T17:33:04.730568
lacharente,bd6t550914391,,failed,0,0,,no_usable_pages,known,,,bd6t550914391: no usable pages in manifest.,2026-07-17T17:33:05.177320
lacharente,bd6t55091440p,,failed,0,0,,no_usable_pages,known,,,bd6t55091440p: no usable pages in manifest.,2026-07-17T17:33:05.769577
lacharente,bd6t550914413,,failed,0,0,,no_usable_pages,known,,,bd6t550914413: no usable pages in manifest.,2026-07-17T17:33:06.209667
lacharente,bd6t55091442h,,failed,0,0,,no_usable_pages,known,,,bd6t55091442h: no usable pages in manifest.,2026-07-17T17:33:06.588054
lacharente,bd6t55091443x,,failed,0,0,,no_usable_pages,known,,,bd6t55091443x: no usable pages in manifest.,2026-07-17T17:33:07.003933
lacharente,bd6t55091444b,,failed,0,0,,no_usable_pages,known,,,bd6t55091444b: no usable pages in manifest.,2026-07-17T17:33:07.355380
lacharente,bd6t55091445r,,failed,0,0,,no_usable_pages,known,,,bd6t55091445r: no usable pages in manifest.,2026-07-17T17:33:08.103298
lacharente,bd6t550914465,,failed,0,0,,no_usable_pages,known,,,bd6t550914465: no usable pages in manifest.,2026-07-17T17:33:08.406293
lacharente,bd6t55091447k,,failed,0,0,,no_usable_pages,known,,,bd6t55091447k: no usable pages in manifest.,2026-07-17T17:33:08.678325
lacharente,bd6t550914480,,failed,0,0,,no_usable_pages,known,,,bd6t550914480: no usable pages in manifest.,2026-07-17T17:33:09.265577
lacharente,bd6t55091449d,,failed,0,0,,no_usable_pages,known,,,bd6t55091449d: no usable pages in manifest.,2026-07-17T17:33:09.845809
lacharente,bd6t550914502,,failed,0,0,,no_usable_pages,known,,,bd6t550914502: no usable pages in manifest.,2026-07-17T17:33:10.414191
lacharente,bd6t55091451g,,failed,0,0,,no_usable_pages,known,,,bd6t55091451g: no usable pages in manifest.,2026-07-17T17:33:10.922642
lacharente,bd6t55091452w,,failed,0,0,,no_usable_pages,known,,,bd6t55091452w: no usable pages in manifest.,2026-07-17T17:33:11.126161
lacharente,bd6t550914539,,failed,0,0,,no_usable_pages,known,,,bd6t550914539: no usable pages in manifest.,2026-07-17T17:33:11.656948
lacharente,bd6t55091454q,,failed,0,0,,no_usable_pages,known,,,bd6t55091454q: no usable pages in manifest.,2026-07-17T17:33:11.954012
lacharente,bd6t550914554,,failed,0,0,,no_usable_pages,known,,,bd6t550914554: no usable pages in manifest.,2026-07-17T17:33:12.386548
lacharente,bd6t55091456j,,failed,0,0,,no_usable_pages,known,,,bd6t55091456j: no usable pages in manifest.,2026-07-17T17:33:12.958474
lacharente,bd6t55091457z,,failed,0,0,,no_usable_pages,known,,,bd6t55091457z: no usable pages in manifest.,2026-07-17T17:33:13.442679
lacharente,bd6t55091458c,,failed,0,0,,no_usable_pages,known,,,bd6t55091458c: no usable pages in manifest.,2026-07-17T17:33:13.810424
lacharente,bd6t55091459s,,failed,0,0,,no_usable_pages,known,,,bd6t55091459s: no usable pages in manifest.,2026-07-17T17:33:14.461417
lacharente,bd6t55091460f,,failed,0,0,,no_usable_pages,known,,,bd6t55091460f: no usable pages in manifest.,2026-07-17T17:33:15.049468
lacharente,bd6t55091461v,,failed,0,0,,no_usable_pages,known,,,bd6t55091461v: no usable pages in manifest.,2026-07-17T17:33:15.745147
lacharente,bd6t550914628,,failed,0,0,,no_usable_pages,known,,,bd6t550914628: no usable pages in manifest.,2026-07-17T17:33:16.094079
lacharente,bd6t55091463p,,failed,0,0,,no_usable_pages,known,,,bd6t55091463p: no usable pages in manifest.,2026-07-17T17:33:16.723894
lacharente,bd6t550914643,,failed,0,0,,no_usable_pages,known,,,bd6t550914643: no usable pages in manifest.,2026-07-17T17:33:17.408567
lacharente,bd6t55091465h,,failed,0,0,,no_usable_pages,known,,,bd6t55091465h: no usable pages in manifest.,2026-07-17T17:33:17.797911
lacharente,bd6t55091466x,,failed,0,0,,no_usable_pages,known,,,bd6t55091466x: no usable pages in manifest.,2026-07-17T17:33:18.282346
lacharente,bd6t55091467b,,failed,0,0,,no_usable_pages,known,,,bd6t55091467b: no usable pages in manifest.,2026-07-17T17:33:18.901891
lacharente,bd6t55091468r,,failed,0,0,,no_usable_pages,known,,,bd6t55091468r: no usable pages in manifest.,2026-07-17T17:33:19.430320
lacharente,bd6t550914695,,failed,0,0,,no_usable_pages,known,,,bd6t550914695: no usable pages in manifest.,2026-07-17T17:33:20.033705
lacharente,bd6t55091470t,,failed,0,0,,no_usable_pages,known,,,bd6t55091470t: no usable pages in manifest.,2026-07-17T17:33:20.625525
lacharente,bd6t550914717,,failed,0,0,,no_usable_pages,known,,,bd6t550914717: no usable pages in manifest.,2026-07-17T17:33:21.170128
lacharente,bd6t55091472n,,failed,0,0,,no_usable_pages,known,,,bd6t55091472n: no usable pages in manifest.,2026-07-17T17:33:21.584772
lacharente,bd6t550914732,,failed,0,0,,no_usable_pages,known,,,bd6t550914732: no usable pages in manifest.,2026-07-17T17:33:22.178119
lacharente,bd6t55091474g,,failed,0,0,,no_usable_pages,known,,,bd6t55091474g: no usable pages in manifest.,2026-07-17T17:33:22.683823
lacharente,bd6t55091475w,,failed,0,0,,no_usable_pages,known,,,bd6t55091475w: no usable pages in manifest.,2026-07-17T17:33:23.041202
lacharente,bd6t550914769,,failed,0,0,,no_usable_pages,known,,,bd6t550914769: no usable pages in manifest.,2026-07-17T17:33:23.805738
lacharente,bd6t55091477q,,failed,0,0,,no_usable_pages,known,,,bd6t55091477q: no usable pages in manifest.,2026-07-17T17:33:24.070601
lacharente,bd6t550914784,,failed,0,0,,no_usable_pages,known,,,bd6t550914784: no usable pages in manifest.,2026-07-17T17:33:24.352240
lacharente,bd6t55091479j,,failed,0,0,,no_usable_pages,known,,,bd6t55091479j: no usable pages in manifest.,2026-07-17T17:33:24.837979
lacharente,bd6t550914806,,failed,0,0,,no_usable_pages,known,,,bd6t550914806: no usable pages in manifest.,2026-07-17T17:33:25.209540
lacharente,bd6t55091481m,,failed,0,0,,no_usable_pages,known,,,bd6t55091481m: no usable pages in manifest.,2026-07-17T17:33:25.621856
lacharente,bd6t550914821,,failed,0,0,,no_usable_pages,known,,,bd6t550914821: no usable pages in manifest.,2026-07-17T17:33:26.624589
lacharente,bd6t55091483f,,failed,0,0,,no_usable_pages,known,,,bd6t55091483f: no usable pages in manifest.,2026-07-17T17:33:27.043732
lacharente,bd6t55091484v,,failed,0,0,,no_usable_pages,known,,,bd6t55091484v: no usable pages in manifest.,2026-07-17T17:33:27.595719
lacharente,bd6t550914858,,failed,0,0,,no_usable_pages,known,,,bd6t550914858: no usable pages in manifest.,2026-07-17T17:33:28.155391
lacharente,bd6t55091486p,,failed,0,0,,no_usable_pages,known,,,bd6t55091486p: no usable pages in manifest.,2026-07-17T17:33:28.579502
lacharente,bd6t550914873,,failed,0,0,,no_usable_pages,known,,,bd6t550914873: no usable pages in manifest.,2026-07-17T17:33:28.816951
lacharente,bd6t55091488h,,failed,0,0,,no_usable_pages,known,,,bd6t55091488h: no usable pages in manifest.,2026-07-17T17:33:29.371859
lacharente,bd6t55091489x,,failed,0,0,,no_usable_pages,known,,,bd6t55091489x: no usable pages in manifest.,2026-07-17T17:33:29.736170
lacharente,bd6t55091490k,,failed,0,0,,no_usable_pages,known,,,bd6t55091490k: no usable pages in manifest.,2026-07-17T17:33:30.067192
lacharente,bd6t550914910,,failed,0,0,,no_usable_pages,known,,,bd6t550914910: no usable pages in manifest.,2026-07-17T17:33:30.473538
lacharente,bd6t55091492d,,failed,0,0,,no_usable_pages,known,,,bd6t55091492d: no usable pages in manifest.,2026-07-17T17:33:30.821616
lacharente,bd6t55091493t,,failed,0,0,,no_usable_pages,known,,,bd6t55091493t: no usable pages in manifest.,2026-07-17T17:33:31.039746
lacharente,bd6t550914947,,failed,0,0,,no_usable_pages,known,,,bd6t550914947: no usable pages in manifest.,2026-07-17T17:33:31.326676
lacharente,bd6t55091495n,,failed,0,0,,no_usable_pages,known,,,bd6t55091495n: no usable pages in manifest.,2026-07-17T17:33:32.093320
lacharente,bd6t550914962,,failed,0,0,,no_usable_pages,known,,,bd6t550914962: no usable pages in manifest.,2026-07-17T17:33:32.389115
lacharente,bd6t55091497g,,failed,0,0,,no_usable_pages,known,,,bd6t55091497g: no usable pages in manifest.,2026-07-17T17:33:32.628932
lacharente,bd6t55091498w,,failed,0,0,,no_usable_pages,known,,,bd6t55091498w: no usable pages in manifest.,2026-07-17T17:33:33.170912
lacharente,bd6t550914999,,failed,0,0,,no_usable_pages,known,,,bd6t550914999: no usable pages in manifest.,2026-07-17T17:33:33.528241
lacharente,bd6t55091500h,,failed,0,0,,no_usable_pages,known,,,bd6t55091500h: no usable pages in manifest.,2026-07-17T17:33:34.244629
lacharente,bd6t55091501x,,failed,0,0,,no_usable_pages,known,,,bd6t55091501x: no usable pages in manifest.,2026-07-17T17:33:34.485731
lacharente,bd6t55091502b,,failed,0,0,,no_usable_pages,known,,,bd6t55091502b: no usable pages in manifest.,2026-07-17T17:33:34.865311
lacharente,bd6t55091503r,,failed,0,0,,no_usable_pages,known,,,bd6t55091503r: no usable pages in manifest.,2026-07-17T17:33:35.425569
lacharente,bd6t550915045,,failed,0,0,,no_usable_pages,known,,,bd6t550915045: no usable pages in manifest.,2026-07-17T17:33:35.665904
lacharente,bd6t55091505k,,failed,0,0,,no_usable_pages,known,,,bd6t55091505k: no usable pages in manifest.,2026-07-17T17:33:35.830111
lacharente,bd6t550915060,,failed,0,0,,no_usable_pages,known,,,bd6t550915060: no usable pages in manifest.,2026-07-17T17:33:36.424722
lacharente,bd6t55091507d,,failed,0,0,,no_usable_pages,known,,,bd6t55091507d: no usable pages in manifest.,2026-07-17T17:33:37.042838
lacharente,bd6t55091508t,,failed,0,0,,no_usable_pages,known,,,bd6t55091508t: no usable pages in manifest.,2026-07-17T17:33:37.587605
lacharente,bd6t550915097,,failed,0,0,,no_usable_pages,known,,,bd6t550915097: no usable pages in manifest.,2026-07-17T17:33:38.033455
lacharente,bd6t55091510w,,failed,0,0,,no_usable_pages,known,,,bd6t55091510w: no usable pages in manifest.,2026-07-17T17:33:38.341693
lacharente,bd6t550915119,,failed,0,0,,no_usable_pages,known,,,bd6t550915119: no usable pages in manifest.,2026-07-17T17:33:38.706142
lacharente,bd6t55091512q,,failed,0,0,,no_usable_pages,known,,,bd6t55091512q: no usable pages in manifest.,2026-07-17T17:33:39.189121
lacharente,bd6t550915134,,failed,0,0,,no_usable_pages,known,,,bd6t550915134: no usable pages in manifest.,2026-07-17T17:33:39.592637
lacharente,bd6t55091523h,,failed,0,0,,no_usable_pages,known,,,bd6t55091523h: no usable pages in manifest.,2026-07-17T17:33:39.790974
lacharente,bd6t55091514j,,failed,0,0,,no_usable_pages,known,,,bd6t55091514j: no usable pages in manifest.,2026-07-17T17:33:40.229276
lacharente,bd6t55091515z,,failed,0,0,,no_usable_pages,known,,,bd6t55091515z: no usable pages in manifest.,2026-07-17T17:33:40.480211
lacharente,bd6t55091516c,,failed,0,0,,no_usable_pages,known,,,bd6t55091516c: no usable pages in manifest.,2026-07-17T17:33:41.168967
lacharente,bd6t55091517s,,failed,0,0,,no_usable_pages,known,,,bd6t55091517s: no usable pages in manifest.,2026-07-17T17:33:41.708745
lacharente,bd6t550915186,,failed,0,0,,no_usable_pages,known,,,bd6t550915186: no usable pages in manifest.,2026-07-17T17:33:42.135758
lacharente,bd6t55091519m,,failed,0,0,,no_usable_pages,known,,,bd6t55091519m: no usable pages in manifest.,2026-07-17T17:33:42.378401
lacharente,bd6t550915208,,failed,0,0,,no_usable_pages,known,,,bd6t550915208: no usable pages in manifest.,2026-07-17T17:33:42.742068
lacharente,bd6t55091521p,,failed,0,0,,no_usable_pages,known,,,bd6t55091521p: no usable pages in manifest.,2026-07-17T17:33:43.230320
lacharente,bd6t550915223,,failed,0,0,,no_usable_pages,known,,,bd6t550915223: no usable pages in manifest.,2026-07-17T17:33:43.417391
lacharente,bd6t55091524x,,failed,0,0,,no_usable_pages,known,,,bd6t55091524x: no usable pages in manifest.,2026-07-17T17:33:43.801896
lacharente,bd6t55091525b,,failed,0,0,,no_usable_pages,known,,,bd6t55091525b: no usable pages in manifest.,2026-07-17T17:33:44.057179
lacharente,bd6t55091526r,,failed,0,0,,no_usable_pages,known,,,bd6t55091526r: no usable pages in manifest.,2026-07-17T17:33:44.533072
lacharente,bd6t550915275,,failed,0,0,,no_usable_pages,known,,,bd6t550915275: no usable pages in manifest.,2026-07-17T17:33:45.206183
lacharente,bd6t55091528k,,failed,0,0,,no_usable_pages,known,,,bd6t55091528k: no usable pages in manifest.,2026-07-17T17:33:45.712512
lacharente,bd6t550915290,,failed,0,0,,no_usable_pages,known,,,bd6t550915290: no usable pages in manifest.,2026-07-17T17:33:46.146334
lacharente,bd6t55091530n,,failed,0,0,,no_usable_pages,known,,,bd6t55091530n: no usable pages in manifest.,2026-07-17T17:33:46.826623
lacharente,bd6t550915312,,failed,0,0,,no_usable_pages,known,,,bd6t550915312: no usable pages in manifest.,2026-07-17T17:33:47.173370
lacharente,bd6t55091532g,,failed,0,0,,no_usable_pages,known,,,bd6t55091532g: no usable pages in manifest.,2026-07-17T17:33:47.557312
lacharente,bd6t55091533w,,failed,0,0,,no_usable_pages,known,,,bd6t55091533w: no usable pages in manifest.,2026-07-17T17:33:48.185816
lacharente,bd6t550915349,,failed,0,0,,no_usable_pages,known,,,bd6t550915349: no usable pages in manifest.,2026-07-17T17:33:48.484575
lacharente,bd6t55091535q,,failed,0,0,,no_usable_pages,known,,,bd6t55091535q: no usable pages in manifest.,2026-07-17T17:33:48.966283
lacharente,bd6t550915364,,failed,0,0,,no_usable_pages,known,,,bd6t550915364: no usable pages in manifest.,2026-07-17T17:33:49.487038
lacharente,bd6t55091537j,,failed,0,0,,no_usable_pages,known,,,bd6t55091537j: no usable pages in manifest.,2026-07-17T17:33:49.909757
lacharente,bd6t55091538z,,failed,0,0,,no_usable_pages,known,,,bd6t55091538z: no usable pages in manifest.,2026-07-17T17:33:50.853895
lacharente,bd6t55091539c,,failed,0,0,,no_usable_pages,known,,,bd6t55091539c: no usable pages in manifest.,2026-07-17T17:33:51.485838
lacharente,bd6t550915401,,failed,0,0,,no_usable_pages,known,,,bd6t550915401: no usable pages in manifest.,2026-07-17T17:33:51.899659
lacharente,bd6t55091541f,,failed,0,0,,no_usable_pages,known,,,bd6t55091541f: no usable pages in manifest.,2026-07-17T17:33:52.176868
lacharente,bd6t55091542v,,failed,0,0,,no_usable_pages,known,,,bd6t55091542v: no usable pages in manifest.,2026-07-17T17:33:52.949940
lacharente,bd6t550915438,,failed,0,0,,no_usable_pages,known,,,bd6t550915438: no usable pages in manifest.,2026-07-17T17:33:53.724224
lacharente,bd6t55091544p,,failed,0,0,,no_usable_pages,known,,,bd6t55091544p: no usable pages in manifest.,2026-07-17T17:33:54.280169
lacharente,bd6t550915453,,failed,0,0,,no_usable_pages,known,,,bd6t550915453: no usable pages in manifest.,2026-07-17T17:33:54.712209
lacharente,bd6t55091546h,,failed,0,0,,no_usable_pages,known,,,bd6t55091546h: no usable pages in manifest.,2026-07-17T17:33:55.147856
lacharente,bd6t55091547x,,failed,0,0,,no_usable_pages,known,,,bd6t55091547x: no usable pages in manifest.,2026-07-17T17:33:55.512380
lacharente,bd6t55091548b,,failed,0,0,,no_usable_pages,known,,,bd6t55091548b: no usable pages in manifest.,2026-07-17T17:33:56.107120
lacharente,bd6t55091549r,,failed,0,0,,no_usable_pages,known,,,bd6t55091549r: no usable pages in manifest.,2026-07-17T17:33:56.446928
lacharente,bd6t55091550d,,failed,0,0,,no_usable_pages,known,,,bd6t55091550d: no usable pages in manifest.,2026-07-17T17:33:57.006964
lacharente,bd6t55091551t,,failed,0,0,,no_usable_pages,known,,,bd6t55091551t: no usable pages in manifest.,2026-07-17T17:33:57.472478
lacharente,bd6t550915527,,failed,0,0,,no_usable_pages,known,,,bd6t550915527: no usable pages in manifest.,2026-07-17T17:33:57.878900
lacharente,bd6t55091553n,,failed,0,0,,no_usable_pages,known,,,bd6t55091553n: no usable pages in manifest.,2026-07-17T17:33:58.572194
lacharente,bd6t550915542,,failed,0,0,,no_usable_pages,known,,,bd6t550915542: no usable pages in manifest.,2026-07-17T17:33:58.863991
lacharente,bd6t55091555g,,failed,0,0,,no_usable_pages,known,,,bd6t55091555g: no usable pages in manifest.,2026-07-17T17:33:59.381293
lacharente,bd6t55091556w,,failed,0,0,,no_usable_pages,known,,,bd6t55091556w: no usable pages in manifest.,2026-07-17T17:33:59.747317
lacharente,bd6t550915579,,failed,0,0,,no_usable_pages,known,,,bd6t550915579: no usable pages in manifest.,2026-07-17T17:34:00.363660
lacharente,bd6t55091558q,,failed,0,0,,no_usable_pages,known,,,bd6t55091558q: no usable pages in manifest.,2026-07-17T17:34:01.088366
lacharente,bd6t550915594,,failed,0,0,,no_usable_pages,known,,,bd6t550915594: no usable pages in manifest.,2026-07-17T17:34:01.437387
lacharente,bd6t55091560s,,failed,0,0,,no_usable_pages,known,,,bd6t55091560s: no usable pages in manifest.,2026-07-17T17:34:01.967188
lacharente,bd6t550915616,,failed,0,0,,no_usable_pages,known,,,bd6t550915616: no usable pages in manifest.,2026-07-17T17:34:02.399420
lacharente,bd6t55091562m,,failed,0,0,,no_usable_pages,known,,,bd6t55091562m: no usable pages in manifest.,2026-07-17T17:34:02.783184
lacharente,bd6t550915631,,failed,0,0,,no_usable_pages,known,,,bd6t550915631: no usable pages in manifest.,2026-07-17T17:34:03.200664
lacharente,bd6t55091564f,,failed,0,0,,no_usable_pages,known,,,bd6t55091564f: no usable pages in manifest.,2026-07-17T17:34:04.061213
lacharente,bd6t55091565v,,failed,0,0,,no_usable_pages,known,,,bd6t55091565v: no usable pages in manifest.,2026-07-17T17:34:04.276629
lacharente,bd6t550915668,,failed,0,0,,no_usable_pages,known,,,bd6t550915668: no usable pages in manifest.,2026-07-17T17:34:05.137654
lacharente,bd6t55091567p,,failed,0,0,,no_usable_pages,known,,,bd6t55091567p: no usable pages in manifest.,2026-07-17T17:34:05.398470
lacharente,bd6t550915683,,failed,0,0,,no_usable_pages,known,,,bd6t550915683: no usable pages in manifest.,2026-07-17T17:34:05.754514
lacharente,bd6t55091569h,,failed,0,0,,no_usable_pages,known,,,bd6t55091569h: no usable pages in manifest.,2026-07-17T17:34:06.396285
lacharente,bd6t550915705,,failed,0,0,,no_usable_pages,known,,,bd6t550915705: no usable pages in manifest.,2026-07-17T17:34:06.750122
lacharente,bd6t55091571k,,failed,0,0,,no_usable_pages,known,,,bd6t55091571k: no usable pages in manifest.,2026-07-17T17:34:07.618182
lacharente,bd6t550915720,,failed,0,0,,no_usable_pages,known,,,bd6t550915720: no usable pages in manifest.,2026-07-17T17:34:07.988463
lacharente,bd6t55091573d,,failed,0,0,,no_usable_pages,known,,,bd6t55091573d: no usable pages in manifest.,2026-07-17T17:34:08.919020
lacharente,bd6t55091574t,,failed,0,0,,no_usable_pages,known,,,bd6t55091574t: no usable pages in manifest.,2026-07-17T17:34:09.389065
lacharente,bd6t550915757,,failed,0,0,,no_usable_pages,known,,,bd6t550915757: no usable pages in manifest.,2026-07-17T17:34:09.795621
lacharente,bd6t55091576n,,failed,0,0,,no_usable_pages,known,,,bd6t55091576n: no usable pages in manifest.,2026-07-17T17:34:10.545052
lacharente,bd6t550915772,,failed,0,0,,no_usable_pages,known,,,bd6t550915772: no usable pages in manifest.,2026-07-17T17:34:11.042156
lacharente,bd6t55091578g,,failed,0,0,,no_usable_pages,known,,,bd6t55091578g: no usable pages in manifest.,2026-07-17T17:34:11.698942
lacharente,bd6t55091579w,,failed,0,0,,no_usable_pages,known,,,bd6t55091579w: no usable pages in manifest.,2026-07-17T17:34:11.945718
lacharente,bd6t55091580j,,failed,0,0,,no_usable_pages,known,,,bd6t55091580j: no usable pages in manifest.,2026-07-17T17:34:12.523599
lacharente,bd6t55091581z,,failed,0,0,,no_usable_pages,known,,,bd6t55091581z: no usable pages in manifest.,2026-07-17T17:34:13.150864
lacharente,bd6t55091582c,,failed,0,0,,no_usable_pages,known,,,bd6t55091582c: no usable pages in manifest.,2026-07-17T17:34:13.517955
lacharente,bd6t55091583s,,failed,0,0,,no_usable_pages,known,,,bd6t55091583s: no usable pages in manifest.,2026-07-17T17:34:14.366923
lacharente,bd6t550915846,,failed,0,0,,no_usable_pages,known,,,bd6t550915846: no usable pages in manifest.,2026-07-17T17:34:14.712631
lacharente,bd6t55091585m,,failed,0,0,,no_usable_pages,known,,,bd6t55091585m: no usable pages in manifest.,2026-07-17T17:34:15.114545
lacharente,bd6t550915861,,failed,0,0,,no_usable_pages,known,,,bd6t550915861: no usable pages in manifest.,2026-07-17T17:34:15.814597
lacharente,bd6t55091587f,,failed,0,0,,no_usable_pages,known,,,bd6t55091587f: no usable pages in manifest.,2026-07-17T17:34:16.260893
lacharente,bd6t55091588v,,failed,0,0,,no_usable_pages,known,,,bd6t55091588v: no usable pages in manifest.,2026-07-17T17:34:16.829398
lacharente,bd6t550915898,,failed,0,0,,no_usable_pages,known,,,bd6t550915898: no usable pages in manifest.,2026-07-17T17:34:17.258962
lacharente,bd6t55091590x,,failed,0,0,,no_usable_pages,known,,,bd6t55091590x: no usable pages in manifest.,2026-07-17T17:34:18.117440
lacharente,bd6t55091591b,,failed,0,0,,no_usable_pages,known,,,bd6t55091591b: no usable pages in manifest.,2026-07-17T17:34:18.550074
lacharente,bd6t55091592r,,failed,0,0,,no_usable_pages,known,,,bd6t55091592r: no usable pages in manifest.,2026-07-17T17:34:19.181858
lacharente,bd6t550915935,,failed,0,0,,no_usable_pages,known,,,bd6t550915935: no usable pages in manifest.,2026-07-17T17:34:19.667107
lacharente,bd6t55091594k,,failed,0,0,,no_usable_pages,known,,,bd6t55091594k: no usable pages in manifest.,2026-07-17T17:34:19.973590
lacharente,bd6t550915950,,failed,0,0,,no_usable_pages,known,,,bd6t550915950: no usable pages in manifest.,2026-07-17T17:34:20.706296
lacharente,bd6t55091596d,,failed,0,0,,no_usable_pages,known,,,bd6t55091596d: no usable pages in manifest.,2026-07-17T17:34:21.043284
lacharente,bd6t55091597t,,failed,0,0,,no_usable_pages,known,,,bd6t55091597t: no usable pages in manifest.,2026-07-17T17:34:21.533718
lacharente,bd6t550915987,,failed,0,0,,no_usable_pages,known,,,bd6t550915987: no usable pages in manifest.,2026-07-17T17:34:22.328768
lacharente,bd6t55091599n,,failed,0,0,,no_usable_pages,known,,,bd6t55091599n: no usable pages in manifest.,2026-07-17T17:34:22.867645
lacharente,bd6t55091600v,,failed,0,0,,no_usable_pages,known,,,bd6t55091600v: no usable pages in manifest.,2026-07-17T17:34:23.608036
lacharente,bd6t550916018,,failed,0,0,,no_usable_pages,known,,,bd6t550916018: no usable pages in manifest.,2026-07-17T17:34:23.951687
lacharente,bd6t55091602p,,failed,0,0,,no_usable_pages,known,,,bd6t55091602p: no usable pages in manifest.,2026-07-17T17:34:24.917042
lacharente,bd6t550916033,,failed,0,0,,no_usable_pages,known,,,bd6t550916033: no usable pages in manifest.,2026-07-17T17:34:25.252135
lacharente,bd6t55091604h,,failed,0,0,,no_usable_pages,known,,,bd6t55091604h: no usable pages in manifest.,2026-07-17T17:34:25.647505
lacharente,bd6t55091605x,,failed,0,0,,no_usable_pages,known,,,bd6t55091605x: no usable pages in manifest.,2026-07-17T17:34:26.274393
lacharente,bd6t55091606b,,failed,0,0,,no_usable_pages,known,,,bd6t55091606b: no usable pages in manifest.,2026-07-17T17:34:26.619752
lacharente,bd6t55091607r,,failed,0,0,,no_usable_pages,known,,,bd6t55091607r: no usable pages in manifest.,2026-07-17T17:34:27.625085
lacharente,bd6t550916085,,failed,0,0,,no_usable_pages,known,,,bd6t550916085: no usable pages in manifest.,2026-07-17T17:34:28.169208
lacharente,bd6t55091609k,,failed,0,0,,no_usable_pages,known,,,bd6t55091609k: no usable pages in manifest.,2026-07-17T17:34:28.721623
lacharente,bd6t550916107,,failed,0,0,,no_usable_pages,known,,,bd6t550916107: no usable pages in manifest.,2026-07-17T17:34:29.329519
lacharente,bd6t55091611n,,failed,0,0,,no_usable_pages,known,,,bd6t55091611n: no usable pages in manifest.,2026-07-17T17:34:29.878840
lacharente,bd6t550916122,,failed,0,0,,no_usable_pages,known,,,bd6t550916122: no usable pages in manifest.,2026-07-17T17:34:30.217296
lacharente,bd6t55091613g,,failed,0,0,,no_usable_pages,known,,,bd6t55091613g: no usable pages in manifest.,2026-07-17T17:34:30.675438
lacharente,bd6t55091614w,,failed,0,0,,no_usable_pages,known,,,bd6t55091614w: no usable pages in manifest.,2026-07-17T17:34:31.361159
lacharente,bd6t550916159,,failed,0,0,,no_usable_pages,known,,,bd6t550916159: no usable pages in manifest.,2026-07-17T17:34:31.816486
lacharente,bd6t55091616q,,failed,0,0,,no_usable_pages,known,,,bd6t55091616q: no usable pages in manifest.,2026-07-17T17:34:32.414866
lacharente,bd6t550916174,,failed,0,0,,no_usable_pages,known,,,bd6t550916174: no usable pages in manifest.,2026-07-17T17:34:32.781676
lacharente,bd6t55091618j,,failed,0,0,,no_usable_pages,known,,,bd6t55091618j: no usable pages in manifest.,2026-07-17T17:34:33.273581
lacharente,bd6t55091619z,,failed,0,0,,no_usable_pages,known,,,bd6t55091619z: no usable pages in manifest.,2026-07-17T17:34:34.063816
lacharente,bd6t55091620m,,failed,0,0,,no_usable_pages,known,,,bd6t55091620m: no usable pages in manifest.,2026-07-17T17:34:34.287539
lacharente,bd6t550916211,,failed,0,0,,no_usable_pages,known,,,bd6t550916211: no usable pages in manifest.,2026-07-17T17:34:34.651044
lacharente,bd6t55091622f,,failed,0,0,,no_usable_pages,known,,,bd6t55091622f: no usable pages in manifest.,2026-07-17T17:34:35.471274
lacharente,bd6t55091623v,,failed,0,0,,no_usable_pages,known,,,bd6t55091623v: no usable pages in manifest.,2026-07-17T17:34:36.125268
lacharente,bd6t550916248,,failed,0,0,,no_usable_pages,known,,,bd6t550916248: no usable pages in manifest.,2026-07-17T17:34:36.790744
lacharente,bd6t55091625p,,failed,0,0,,no_usable_pages,known,,,bd6t55091625p: no usable pages in manifest.,2026-07-17T17:34:37.455071
lacharente,bd6t550916263,,failed,0,0,,no_usable_pages,known,,,bd6t550916263: no usable pages in manifest.,2026-07-17T17:34:37.936584
lacharente,bd6t55091627h,,failed,0,0,,no_usable_pages,known,,,bd6t55091627h: no usable pages in manifest.,2026-07-17T17:34:38.389353
lacharente,bd6t55091628x,,failed,0,0,,no_usable_pages,known,,,bd6t55091628x: no usable pages in manifest.,2026-07-17T17:34:38.826906
lacharente,bd6t55091629b,,failed,0,0,,no_usable_pages,known,,,bd6t55091629b: no usable pages in manifest.,2026-07-17T17:34:39.334026
lacharente,bd6t550916300,,failed,0,0,,no_usable_pages,known,,,bd6t550916300: no usable pages in manifest.,2026-07-17T17:34:39.807806
lacharente,bd6t55091631d,,failed,0,0,,no_usable_pages,known,,,bd6t55091631d: no usable pages in manifest.,2026-07-17T17:34:40.145466
lacharente,bd6t55091632t,,failed,0,0,,no_usable_pages,known,,,bd6t55091632t: no usable pages in manifest.,2026-07-17T17:34:40.516373
lacharente,bd6t550916337,,failed,0,0,,no_usable_pages,known,,,bd6t550916337: no usable pages in manifest.,2026-07-17T17:34:40.958416
lacharente,bd6t55091634n,,failed,0,0,,no_usable_pages,known,,,bd6t55091634n: no usable pages in manifest.,2026-07-17T17:34:41.650375
lacharente,bd6t550916352,,failed,0,0,,no_usable_pages,known,,,bd6t550916352: no usable pages in manifest.,2026-07-17T17:34:42.320568
lacharente,bd6t55091636g,,failed,0,0,,no_usable_pages,known,,,bd6t55091636g: no usable pages in manifest.,2026-07-17T17:34:42.997747
lacharente,bd6t55091637w,,failed,0,0,,no_usable_pages,known,,,bd6t55091637w: no usable pages in manifest.,2026-07-17T17:34:43.445913
lacharente,bd6t550916389,,failed,0,0,,no_usable_pages,known,,,bd6t550916389: no usable pages in manifest.,2026-07-17T17:34:43.829460
lacharente,bd6t55091639q,,failed,0,0,,no_usable_pages,known,,,bd6t55091639q: no usable pages in manifest.,2026-07-17T17:34:44.125528
lacharente,bd6t55091640c,,failed,0,0,,no_usable_pages,known,,,bd6t55091640c: no usable pages in manifest.,2026-07-17T17:34:44.746847
lacharente,bd6t55091641s,,failed,0,0,,no_usable_pages,known,,,bd6t55091641s: no usable pages in manifest.,2026-07-17T17:34:45.464509
lacharente,bd6t550916426,,failed,0,0,,no_usable_pages,known,,,bd6t550916426: no usable pages in manifest.,2026-07-17T17:34:45.899986
lacharente,bd6t55091643m,,failed,0,0,,no_usable_pages,known,,,bd6t55091643m: no usable pages in manifest.,2026-07-17T17:34:46.169429
lacharente,bd6t550916441,,failed,0,0,,no_usable_pages,known,,,bd6t550916441: no usable pages in manifest.,2026-07-17T17:34:47.023724
lacharente,bd6t55091645f,,failed,0,0,,no_usable_pages,known,,,bd6t55091645f: no usable pages in manifest.,2026-07-17T17:34:47.416380
lacharente,bd6t55091646v,,failed,0,0,,no_usable_pages,known,,,bd6t55091646v: no usable pages in manifest.,2026-07-17T17:34:48.444596
lacharente,bd6t550916478,,failed,0,0,,no_usable_pages,known,,,bd6t550916478: no usable pages in manifest.,2026-07-17T17:34:48.849585
lacharente,bd6t55091648p,,failed,0,0,,no_usable_pages,known,,,bd6t55091648p: no usable pages in manifest.,2026-07-17T17:34:49.276198
lacharente,bd6t550916493,,failed,0,0,,no_usable_pages,known,,,bd6t550916493: no usable pages in manifest.,2026-07-17T17:34:49.704726
lacharente,bd6t55091650r,,failed,0,0,,no_usable_pages,known,,,bd6t55091650r: no usable pages in manifest.,2026-07-17T17:34:50.068460
lacharente,bd6t550916515,,failed,0,0,,no_usable_pages,known,,,bd6t550916515: no usable pages in manifest.,2026-07-17T17:34:50.882153
lacharente,bd6t55091652k,,failed,0,0,,no_usable_pages,known,,,bd6t55091652k: no usable pages in manifest.,2026-07-17T17:34:51.295138
lacharente,bd6t550916530,,failed,0,0,,no_usable_pages,known,,,bd6t550916530: no usable pages in manifest.,2026-07-17T17:34:52.245437
lacharente,bd6t55091654d,,failed,0,0,,no_usable_pages,known,,,bd6t55091654d: no usable pages in manifest.,2026-07-17T17:34:52.686507
lacharente,bd6t55091655t,,failed,0,0,,no_usable_pages,known,,,bd6t55091655t: no usable pages in manifest.,2026-07-17T17:34:53.197651
lacharente,bd6t550916567,,failed,0,0,,no_usable_pages,known,,,bd6t550916567: no usable pages in manifest.,2026-07-17T17:34:53.997749
lacharente,bd6t55091657n,,failed,0,0,,no_usable_pages,known,,,bd6t55091657n: no usable pages in manifest.,2026-07-17T17:34:54.488519
lacharente,bd6t550916582,,failed,0,0,,no_usable_pages,known,,,bd6t550916582: no usable pages in manifest.,2026-07-17T17:34:54.733508
lacharente,bd6t55091659g,,failed,0,0,,no_usable_pages,known,,,bd6t55091659g: no usable pages in manifest.,2026-07-17T17:34:55.294696
lacharente,bd6t550916604,,failed,0,0,,no_usable_pages,known,,,bd6t550916604: no usable pages in manifest.,2026-07-17T17:34:55.859737
lacharente,bd6t55091661j,,failed,0,0,,no_usable_pages,known,,,bd6t55091661j: no usable pages in manifest.,2026-07-17T17:34:56.441060
lacharente,bd6t55091662z,,failed,0,0,,no_usable_pages,known,,,bd6t55091662z: no usable pages in manifest.,2026-07-17T17:34:57.325200
lacharente,bd6t55091663c,,failed,0,0,,no_usable_pages,known,,,bd6t55091663c: no usable pages in manifest.,2026-07-17T17:34:57.742748
lacharente,bd6t55091664s,,failed,0,0,,no_usable_pages,known,,,bd6t55091664s: no usable pages in manifest.,2026-07-17T17:34:58.554596
lacharente,bd6t550916656,,failed,0,0,,no_usable_pages,known,,,bd6t550916656: no usable pages in manifest.,2026-07-17T17:34:59.052681
lacharente,bd6t55091666m,,failed,0,0,,no_usable_pages,known,,,bd6t55091666m: no usable pages in manifest.,2026-07-17T17:34:59.478279
lacharente,bd6t550916671,,failed,0,0,,no_usable_pages,known,,,bd6t550916671: no usable pages in manifest.,2026-07-17T17:34:59.930866
lacharente,bd6t55091668f,,failed,0,0,,no_usable_pages,known,,,bd6t55091668f: no usable pages in manifest.,2026-07-17T17:35:01.042820
lacharente,bd6t55091669v,,failed,0,0,,no_usable_pages,known,,,bd6t55091669v: no usable pages in manifest.,2026-07-17T17:35:01.448090
lacharente,bd6t55091670h,,failed,0,0,,no_usable_pages,known,,,bd6t55091670h: no usable pages in manifest.,2026-07-17T17:35:01.995992
lacharente,bd6t55091671x,,failed,0,0,,no_usable_pages,known,,,bd6t55091671x: no usable pages in manifest.,2026-07-17T17:35:02.374154
lacharente,bd6t55091672b,,failed,0,0,,no_usable_pages,known,,,bd6t55091672b: no usable pages in manifest.,2026-07-17T17:35:03.021125
lacharente,bd6t55091673r,,failed,0,0,,no_usable_pages,known,,,bd6t55091673r: no usable pages in manifest.,2026-07-17T17:35:03.867078
lacharente,bd6t550916745,,failed,0,0,,no_usable_pages,known,,,bd6t550916745: no usable pages in manifest.,2026-07-17T17:35:04.102115
lacharente,bd6t55091675k,,failed,0,0,,no_usable_pages,known,,,bd6t55091675k: no usable pages in manifest.,2026-07-17T17:35:04.315221
lacharente,bd6t550916760,,failed,0,0,,no_usable_pages,known,,,bd6t550916760: no usable pages in manifest.,2026-07-17T17:35:05.243298
lacharente,bd6t55091677d,,failed,0,0,,no_usable_pages,known,,,bd6t55091677d: no usable pages in manifest.,2026-07-17T17:35:05.556682
lacharente,bd6t55091678t,,failed,0,0,,no_usable_pages,known,,,bd6t55091678t: no usable pages in manifest.,2026-07-17T17:35:05.958653
lacharente,bd6t550916797,,failed,0,0,,no_usable_pages,known,,,bd6t550916797: no usable pages in manifest.,2026-07-17T17:35:06.879617
lacharente,bd6t55091680w,,failed,0,0,,no_usable_pages,known,,,bd6t55091680w: no usable pages in manifest.,2026-07-17T17:35:07.393587
lacharente,bd6t550916819,,failed,0,0,,no_usable_pages,known,,,bd6t550916819: no usable pages in manifest.,2026-07-17T17:35:08.124510
lacharente,bd6t55091682q,,failed,0,0,,no_usable_pages,known,,,bd6t55091682q: no usable pages in manifest.,2026-07-17T17:35:08.554487
lacharente,bd6t550916834,,failed,0,0,,no_usable_pages,known,,,bd6t550916834: no usable pages in manifest.,2026-07-17T17:35:09.356121
lacharente,bd6t55091684j,,failed,0,0,,no_usable_pages,known,,,bd6t55091684j: no usable pages in manifest.,2026-07-17T17:35:09.742202
lacharente,bd6t55091685z,,failed,0,0,,no_usable_pages,known,,,bd6t55091685z: no usable pages in manifest.,2026-07-17T17:35:10.441954
lacharente,bd6t55091686c,,failed,0,0,,no_usable_pages,known,,,bd6t55091686c: no usable pages in manifest.,2026-07-17T17:35:10.774153
lacharente,bd6t55091687s,,failed,0,0,,no_usable_pages,known,,,bd6t55091687s: no usable pages in manifest.,2026-07-17T17:35:11.144656
lacharente,bd6t550916886,,failed,0,0,,no_usable_pages,known,,,bd6t550916886: no usable pages in manifest.,2026-07-17T17:35:11.934628
lacharente,bd6t55091689m,,failed,0,0,,no_usable_pages,known,,,bd6t55091689m: no usable pages in manifest.,2026-07-17T17:35:12.491616
lacharente,bd6t550916908,,failed,0,0,,no_usable_pages,known,,,bd6t550916908: no usable pages in manifest.,2026-07-17T17:35:13.090009
lacharente,bd6t55091691p,,failed,0,0,,no_usable_pages,known,,,bd6t55091691p: no usable pages in manifest.,2026-07-17T17:35:13.648650
lacharente,bd6t550916923,,failed,0,0,,no_usable_pages,known,,,bd6t550916923: no usable pages in manifest.,2026-07-17T17:35:14.155746
lacharente,bd6t55091693h,,failed,0,0,,no_usable_pages,known,,,bd6t55091693h: no usable pages in manifest.,2026-07-17T17:35:14.701820
lacharente,bd6t55091694x,,failed,0,0,,no_usable_pages,known,,,bd6t55091694x: no usable pages in manifest.,2026-07-17T17:35:15.509036
lacharente,bd6t55091695b,,failed,0,0,,no_usable_pages,known,,,bd6t55091695b: no usable pages in manifest.,2026-07-17T17:35:16.286869
lacharente,bd6t55091696r,,failed,0,0,,no_usable_pages,known,,,bd6t55091696r: no usable pages in manifest.,2026-07-17T17:35:16.881609
lacharente,bd6t550916975,,failed,0,0,,no_usable_pages,known,,,bd6t550916975: no usable pages in manifest.,2026-07-17T17:35:17.562375
lacharente,bd6t55091698k,,failed,0,0,,no_usable_pages,known,,,bd6t55091698k: no usable pages in manifest.,2026-07-17T17:35:18.526560
lacharente,bd6t550916990,,failed,0,0,,no_usable_pages,known,,,bd6t550916990: no usable pages in manifest.,2026-07-17T17:35:19.368167
lacharente,bd6t550917006,,failed,0,0,,no_usable_pages,known,,,bd6t550917006: no usable pages in manifest.,2026-07-17T17:35:19.970985
lacharente,bd6t55091701m,,failed,0,0,,no_usable_pages,known,,,bd6t55091701m: no usable pages in manifest.,2026-07-17T17:35:20.505640
lacharente,bd6t550917021,,failed,0,0,,no_usable_pages,known,,,bd6t550917021: no usable pages in manifest.,2026-07-17T17:35:21.145617
lacharente,bd6t55091703f,,failed,0,0,,no_usable_pages,known,,,bd6t55091703f: no usable pages in manifest.,2026-07-17T17:35:21.793480
lacharente,bd6t55091704v,,failed,0,0,,no_usable_pages,known,,,bd6t55091704v: no usable pages in manifest.,2026-07-17T17:35:22.072175
lacharente,bd6t550917058,,failed,0,0,,no_usable_pages,known,,,bd6t550917058: no usable pages in manifest.,2026-07-17T17:35:22.833577
lacharente,bd6t55091706p,,failed,0,0,,no_usable_pages,known,,,bd6t55091706p: no usable pages in manifest.,2026-07-17T17:35:23.763146
lacharente,bd6t550917073,,failed,0,0,,no_usable_pages,known,,,bd6t550917073: no usable pages in manifest.,2026-07-17T17:35:24.295941
lacharente,bd6t55091708h,,failed,0,0,,no_usable_pages,known,,,bd6t55091708h: no usable pages in manifest.,2026-07-17T17:35:25.108457
lacharente,bd6t55091709x,,failed,0,0,,no_usable_pages,known,,,bd6t55091709x: no usable pages in manifest.,2026-07-17T17:35:25.402135
lacharente,bd6t55091710k,,failed,0,0,,no_usable_pages,known,,,bd6t55091710k: no usable pages in manifest.,2026-07-17T17:35:26.144187
lacharente,bd6t550917110,,failed,0,0,,no_usable_pages,known,,,bd6t550917110: no usable pages in manifest.,2026-07-17T17:35:26.516262
lacharente,bd6t55091712d,,failed,0,0,,no_usable_pages,known,,,bd6t55091712d: no usable pages in manifest.,2026-07-17T17:35:27.285050
lacharente,bd6t55091713t,,failed,0,0,,no_usable_pages,known,,,bd6t55091713t: no usable pages in manifest.,2026-07-17T17:35:27.779638
lacharente,bd6t550917147,,failed,0,0,,no_usable_pages,known,,,bd6t550917147: no usable pages in manifest.,2026-07-17T17:35:28.357084
lacharente,bd6t55091715n,,failed,0,0,,no_usable_pages,known,,,bd6t55091715n: no usable pages in manifest.,2026-07-17T17:35:29.032735
lacharente,bd6t550917162,,failed,0,0,,no_usable_pages,known,,,bd6t550917162: no usable pages in manifest.,2026-07-17T17:35:29.705997
lacharente,bd6t55091717g,,failed,0,0,,no_usable_pages,known,,,bd6t55091717g: no usable pages in manifest.,2026-07-17T17:35:30.252631
lacharente,bd6t55091718w,,failed,0,0,,no_usable_pages,known,,,bd6t55091718w: no usable pages in manifest.,2026-07-17T17:35:30.682425
lacharente,bd6t550917199,,failed,0,0,,no_usable_pages,known,,,bd6t550917199: no usable pages in manifest.,2026-07-17T17:35:31.542015
lacharente,bd6t55091720z,,failed,0,0,,no_usable_pages,known,,,bd6t55091720z: no usable pages in manifest.,2026-07-17T17:35:32.095286
lacharente,bd6t55091721c,,failed,0,0,,no_usable_pages,known,,,bd6t55091721c: no usable pages in manifest.,2026-07-17T17:35:32.517741
lacharente,bd6t55091722s,,failed,0,0,,no_usable_pages,known,,,bd6t55091722s: no usable pages in manifest.,2026-07-17T17:35:33.232087
lacharente,bd6t550917236,,failed,0,0,,no_usable_pages,known,,,bd6t550917236: no usable pages in manifest.,2026-07-17T17:35:33.668003
lacharente,bd6t55091724m,,failed,0,0,,no_usable_pages,known,,,bd6t55091724m: no usable pages in manifest.,2026-07-17T17:35:34.325167
lacharente,bd6t550917251,,failed,0,0,,no_usable_pages,known,,,bd6t550917251: no usable pages in manifest.,2026-07-17T17:35:34.922287
lacharente,bd6t55091726f,,failed,0,0,,no_usable_pages,known,,,bd6t55091726f: no usable pages in manifest.,2026-07-17T17:35:35.440935
lacharente,bd6t55091727v,,failed,0,0,,no_usable_pages,known,,,bd6t55091727v: no usable pages in manifest.,2026-07-17T17:35:35.747862
lacharente,bd6t550917288,,failed,0,0,,no_usable_pages,known,,,bd6t550917288: no usable pages in manifest.,2026-07-17T17:35:36.179116
lacharente,bd6t55091729p,,failed,0,0,,no_usable_pages,known,,,bd6t55091729p: no usable pages in manifest.,2026-07-17T17:35:36.523325
lacharente,bd6t55091730b,,failed,0,0,,no_usable_pages,known,,,bd6t55091730b: no usable pages in manifest.,2026-07-17T17:35:36.981484
lacharente,bd6t55091731r,,failed,0,0,,no_usable_pages,known,,,bd6t55091731r: no usable pages in manifest.,2026-07-17T17:35:38.172638
lacharente,bd6t550917325,,failed,0,0,,no_usable_pages,known,,,bd6t550917325: no usable pages in manifest.,2026-07-17T17:35:38.778636
lacharente,bd6t55091733k,,failed,0,0,,no_usable_pages,known,,,bd6t55091733k: no usable pages in manifest.,2026-07-17T17:35:39.410479
lacharente,bd6t550917340,,failed,0,0,,no_usable_pages,known,,,bd6t550917340: no usable pages in manifest.,2026-07-17T17:35:39.943887
lacharente,bd6t55091735d,,failed,0,0,,no_usable_pages,known,,,bd6t55091735d: no usable pages in manifest.,2026-07-17T17:35:40.473414
lacharente,bd6t55091736t,,failed,0,0,,no_usable_pages,known,,,bd6t55091736t: no usable pages in manifest.,2026-07-17T17:35:41.079237
lacharente,bd6t550917377,,failed,0,0,,no_usable_pages,known,,,bd6t550917377: no usable pages in manifest.,2026-07-17T17:35:42.114545
lacharente,bd6t55091738n,,failed,0,0,,no_usable_pages,known,,,bd6t55091738n: no usable pages in manifest.,2026-07-17T17:35:42.887336
lacharente,bd6t550917392,,failed,0,0,,no_usable_pages,known,,,bd6t550917392: no usable pages in manifest.,2026-07-17T17:35:43.225590
lacharente,bd6t55091740q,,failed,0,0,,no_usable_pages,known,,,bd6t55091740q: no usable pages in manifest.,2026-07-17T17:35:43.717109
lacharente,bd6t550917414,,failed,0,0,,no_usable_pages,known,,,bd6t550917414: no usable pages in manifest.,2026-07-17T17:35:44.649218
lacharente,bd6t55091742j,,failed,0,0,,no_usable_pages,known,,,bd6t55091742j: no usable pages in manifest.,2026-07-17T17:35:45.017887
lacharente,bd6t55091743z,,failed,0,0,,no_usable_pages,known,,,bd6t55091743z: no usable pages in manifest.,2026-07-17T17:35:45.631505
lacharente,bd6t55091744c,,failed,0,0,,no_usable_pages,known,,,bd6t55091744c: no usable pages in manifest.,2026-07-17T17:35:46.079648
lacharente,bd6t55091745s,,failed,0,0,,no_usable_pages,known,,,bd6t55091745s: no usable pages in manifest.,2026-07-17T17:35:46.445242
lacharente,bd6t550917466,,failed,0,0,,no_usable_pages,known,,,bd6t550917466: no usable pages in manifest.,2026-07-17T17:35:47.468560
lacharente,bd6t55091747m,,failed,0,0,,no_usable_pages,known,,,bd6t55091747m: no usable pages in manifest.,2026-07-17T17:35:47.892532
lacharente,bd6t550917481,,failed,0,0,,no_usable_pages,known,,,bd6t550917481: no usable pages in manifest.,2026-07-17T17:35:49.036713
lacharente,bd6t55091749f,,failed,0,0,,no_usable_pages,known,,,bd6t55091749f: no usable pages in manifest.,2026-07-17T17:35:49.737091
lacharente,bd6t550917503,,failed,0,0,,no_usable_pages,known,,,bd6t550917503: no usable pages in manifest.,2026-07-17T17:35:50.125573
lacharente,bd6t55091751h,,failed,0,0,,no_usable_pages,known,,,bd6t55091751h: no usable pages in manifest.,2026-07-17T17:35:50.735658
lacharente,bd6t55091752x,,failed,0,0,,no_usable_pages,known,,,bd6t55091752x: no usable pages in manifest.,2026-07-17T17:35:51.708564
lacharente,bd6t55091753b,,failed,0,0,,no_usable_pages,known,,,bd6t55091753b: no usable pages in manifest.,2026-07-17T17:35:52.616256
lacharente,bd6t55091754r,,failed,0,0,,no_usable_pages,known,,,bd6t55091754r: no usable pages in manifest.,2026-07-17T17:35:52.973225
lacharente,bd6t550917555,,failed,0,0,,no_usable_pages,known,,,bd6t550917555: no usable pages in manifest.,2026-07-17T17:35:53.441823
lacharente,bd6t55091756k,,failed,0,0,,no_usable_pages,known,,,bd6t55091756k: no usable pages in manifest.,2026-07-17T17:35:54.059021
lacharente,bd6t550917570,,failed,0,0,,no_usable_pages,known,,,bd6t550917570: no usable pages in manifest.,2026-07-17T17:35:54.543322
lacharente,bd6t55091758d,,failed,0,0,,no_usable_pages,known,,,bd6t55091758d: no usable pages in manifest.,2026-07-17T17:35:54.974099
lacharente,bd6t55091759t,,failed,0,0,,no_usable_pages,known,,,bd6t55091759t: no usable pages in manifest.,2026-07-17T17:35:56.003461
lacharente,bd6t55091760g,,failed,0,0,,no_usable_pages,known,,,bd6t55091760g: no usable pages in manifest.,2026-07-17T17:35:56.480819
lacharente,bd6t55091761w,,failed,0,0,,no_usable_pages,known,,,bd6t55091761w: no usable pages in manifest.,2026-07-17T17:35:57.067414
lacharente,bd6t550917629,,failed,0,0,,no_usable_pages,known,,,bd6t550917629: no usable pages in manifest.,2026-07-17T17:35:57.400662
lacharente,bd6t55091763q,,failed,0,0,,no_usable_pages,known,,,bd6t55091763q: no usable pages in manifest.,2026-07-17T17:35:57.999187
lacharente,bd6t550917644,,failed,0,0,,no_usable_pages,known,,,bd6t550917644: no usable pages in manifest.,2026-07-17T17:35:58.316884
lacharente,bd6t55091765j,,failed,0,0,,no_usable_pages,known,,,bd6t55091765j: no usable pages in manifest.,2026-07-17T17:35:58.956672
lacharente,bd6t55091766z,,failed,0,0,,no_usable_pages,known,,,bd6t55091766z: no usable pages in manifest.,2026-07-17T17:35:59.658825
lacharente,bd6t55091767c,,failed,0,0,,no_usable_pages,known,,,bd6t55091767c: no usable pages in manifest.,2026-07-17T17:36:00.030225
lacharente,bd6t55091768s,,failed,0,0,,no_usable_pages,known,,,bd6t55091768s: no usable pages in manifest.,2026-07-17T17:36:00.525680
lacharente,bd6t550917696,,failed,0,0,,no_usable_pages,known,,,bd6t550917696: no usable pages in manifest.,2026-07-17T17:36:01.082056
lacharente,bd6t55091770v,,failed,0,0,,no_usable_pages,known,,,bd6t55091770v: no usable pages in manifest.,2026-07-17T17:36:01.478704
lacharente,bd6t550917718,,failed,0,0,,no_usable_pages,known,,,bd6t550917718: no usable pages in manifest.,2026-07-17T17:36:02.045845
lacharente,bd6t55091772p,,failed,0,0,,no_usable_pages,known,,,bd6t55091772p: no usable pages in manifest.,2026-07-17T17:36:02.527849
lacharente,bd6t550917733,,failed,0,0,,no_usable_pages,known,,,bd6t550917733: no usable pages in manifest.,2026-07-17T17:36:02.895379
lacharente,bd6t55091774h,,failed,0,0,,no_usable_pages,known,,,bd6t55091774h: no usable pages in manifest.,2026-07-17T17:36:03.567982
lacharente,bd6t55091775x,,failed,0,0,,no_usable_pages,known,,,bd6t55091775x: no usable pages in manifest.,2026-07-17T17:36:04.205533
lacharente,bd6t55091776b,,failed,0,0,,no_usable_pages,known,,,bd6t55091776b: no usable pages in manifest.,2026-07-17T17:36:04.699505
lacharente,bd6t55091777r,,failed,0,0,,no_usable_pages,known,,,bd6t55091777r: no usable pages in manifest.,2026-07-17T17:36:05.390301
lacharente,bd6t550917785,,failed,0,0,,no_usable_pages,known,,,bd6t550917785: no usable pages in manifest.,2026-07-17T17:36:05.795859
lacharente,bd6t55091779k,,failed,0,0,,no_usable_pages,known,,,bd6t55091779k: no usable pages in manifest.,2026-07-17T17:36:06.361629
lacharente,bd6t550917807,,failed,0,0,,no_usable_pages,known,,,bd6t550917807: no usable pages in manifest.,2026-07-17T17:36:07.211071
lacharente,bd6t55091781n,,failed,0,0,,no_usable_pages,known,,,bd6t55091781n: no usable pages in manifest.,2026-07-17T17:36:07.995079
lacharente,bd6t550917822,,failed,0,0,,no_usable_pages,known,,,bd6t550917822: no usable pages in manifest.,2026-07-17T17:36:08.351248
lacharente,bd6t55091783g,,failed,0,0,,no_usable_pages,known,,,bd6t55091783g: no usable pages in manifest.,2026-07-17T17:36:08.656470
lacharente,bd6t55091784w,,failed,0,0,,no_usable_pages,known,,,bd6t55091784w: no usable pages in manifest.,2026-07-17T17:36:09.066286
lacharente,bd6t550917859,,failed,0,0,,no_usable_pages,known,,,bd6t550917859: no usable pages in manifest.,2026-07-17T17:36:09.617215
lacharente,bd6t55091786q,,failed,0,0,,no_usable_pages,known,,,bd6t55091786q: no usable pages in manifest.,2026-07-17T17:36:10.492886
lacharente,bd6t550917874,,failed,0,0,,no_usable_pages,known,,,bd6t550917874: no usable pages in manifest.,2026-07-17T17:36:10.780554
lacharente,bd6t55091788j,,failed,0,0,,no_usable_pages,known,,,bd6t55091788j: no usable pages in manifest.,2026-07-17T17:36:11.506202
lacharente,bd6t55091789z,,failed,0,0,,no_usable_pages,known,,,bd6t55091789z: no usable pages in manifest.,2026-07-17T17:36:12.077397
lacharente,bd6t55091790m,,failed,0,0,,no_usable_pages,known,,,bd6t55091790m: no usable pages in manifest.,2026-07-17T17:36:12.814259
lacharente,bd6t550917911,,failed,0,0,,no_usable_pages,known,,,bd6t550917911: no usable pages in manifest.,2026-07-17T17:36:13.296382
lacharente,bd6t55091792f,,failed,0,0,,no_usable_pages,known,,,bd6t55091792f: no usable pages in manifest.,2026-07-17T17:36:13.964893
lacharente,bd6t55091793v,,failed,0,0,,no_usable_pages,known,,,bd6t55091793v: no usable pages in manifest.,2026-07-17T17:36:14.322342
lacharente,bd6t550917948,,failed,0,0,,no_usable_pages,known,,,bd6t550917948: no usable pages in manifest.,2026-07-17T17:36:14.895401
lacharente,bd6t55091795p,,failed,0,0,,no_usable_pages,known,,,bd6t55091795p: no usable pages in manifest.,2026-07-17T17:36:15.070350
lacharente,bd6t550917963,,failed,0,0,,no_usable_pages,known,,,bd6t550917963: no usable pages in manifest.,2026-07-17T17:36:15.645643
lacharente,bd6t55091797h,,failed,0,0,,no_usable_pages,known,,,bd6t55091797h: no usable pages in manifest.,2026-07-17T17:36:16.276287
lacharente,bd6t55091798x,,failed,0,0,,no_usable_pages,known,,,bd6t55091798x: no usable pages in manifest.,2026-07-17T17:36:16.647659
lacharente,bd6t55091799b,,failed,0,0,,no_usable_pages,known,,,bd6t55091799b: no usable pages in manifest.,2026-07-17T17:36:17.255324
lacharente,bd6t55091800j,,failed,0,0,,no_usable_pages,known,,,bd6t55091800j: no usable pages in manifest.,2026-07-17T17:36:17.612151
lacharente,bd6t55091801z,,failed,0,0,,no_usable_pages,known,,,bd6t55091801z: no usable pages in manifest.,2026-07-17T17:36:18.047354
lacharente,bd6t55091802c,,failed,0,0,,no_usable_pages,known,,,bd6t55091802c: no usable pages in manifest.,2026-07-17T17:36:18.655575
lacharente,bd6t55091803s,,failed,0,0,,no_usable_pages,known,,,bd6t55091803s: no usable pages in manifest.,2026-07-17T17:36:19.172128
lacharente,bd6t550918046,,failed,0,0,,no_usable_pages,known,,,bd6t550918046: no usable pages in manifest.,2026-07-17T17:36:19.671935
lacharente,bd6t55091805m,,failed,0,0,,no_usable_pages,known,,,bd6t55091805m: no usable pages in manifest.,2026-07-17T17:36:20.113023
lacharente,bd6t550918061,,failed,0,0,,no_usable_pages,known,,,bd6t550918061: no usable pages in manifest.,2026-07-17T17:36:20.504469
lacharente,bd6t55091807f,,failed,0,0,,no_usable_pages,known,,,bd6t55091807f: no usable pages in manifest.,2026-07-17T17:36:20.933702
lacharente,bd6t55091808v,,failed,0,0,,no_usable_pages,known,,,bd6t55091808v: no usable pages in manifest.,2026-07-17T17:36:21.257639
lacharente,bd6t550918098,,failed,0,0,,no_usable_pages,known,,,bd6t550918098: no usable pages in manifest.,2026-07-17T17:36:21.707208
lacharente,bd6t55091810x,,failed,0,0,,no_usable_pages,known,,,bd6t55091810x: no usable pages in manifest.,2026-07-17T17:36:22.063772
lacharente,bd6t55091811b,,failed,0,0,,no_usable_pages,known,,,bd6t55091811b: no usable pages in manifest.,2026-07-17T17:36:22.817585
lacharente,bd6t55091812r,,failed,0,0,,no_usable_pages,known,,,bd6t55091812r: no usable pages in manifest.,2026-07-17T17:36:23.204562
lacharente,bd6t550918135,,failed,0,0,,no_usable_pages,known,,,bd6t550918135: no usable pages in manifest.,2026-07-17T17:36:23.519878
lacharente,bd6t55091814k,,failed,0,0,,no_usable_pages,known,,,bd6t55091814k: no usable pages in manifest.,2026-07-17T17:36:24.548140
lacharente,bd6t550918150,,failed,0,0,,no_usable_pages,known,,,bd6t550918150: no usable pages in manifest.,2026-07-17T17:36:25.065113
lacharente,bd6t55091816d,,failed,0,0,,no_usable_pages,known,,,bd6t55091816d: no usable pages in manifest.,2026-07-17T17:36:25.576160
lacharente,bd6t55091817t,,failed,0,0,,no_usable_pages,known,,,bd6t55091817t: no usable pages in manifest.,2026-07-17T17:36:25.900606
lacharente,bd6t550918187,,failed,0,0,,no_usable_pages,known,,,bd6t550918187: no usable pages in manifest.,2026-07-17T17:36:26.507876
lacharente,bd6t55091819n,,failed,0,0,,no_usable_pages,known,,,bd6t55091819n: no usable pages in manifest.,2026-07-17T17:36:26.916160
lacharente,bd6t550918209,,failed,0,0,,no_usable_pages,known,,,bd6t550918209: no usable pages in manifest.,2026-07-17T17:36:27.529953
lacharente,bd6t55091821q,,failed,0,0,,no_usable_pages,known,,,bd6t55091821q: no usable pages in manifest.,2026-07-17T17:36:28.066495
lacharente,bd6t550918224,,failed,0,0,,no_usable_pages,known,,,bd6t550918224: no usable pages in manifest.,2026-07-17T17:36:28.239109
lacharente,bd6t55091823j,,failed,0,0,,no_usable_pages,known,,,bd6t55091823j: no usable pages in manifest.,2026-07-17T17:36:28.767808
lacharente,bd6t55091824z,,failed,0,0,,no_usable_pages,known,,,bd6t55091824z: no usable pages in manifest.,2026-07-17T17:36:29.586359
lacharente,bd6t55091825c,,failed,0,0,,no_usable_pages,known,,,bd6t55091825c: no usable pages in manifest.,2026-07-17T17:36:30.113472
lacharente,bd6t55091826s,,failed,0,0,,no_usable_pages,known,,,bd6t55091826s: no usable pages in manifest.,2026-07-17T17:36:30.878679
lacharente,bd6t550918276,,failed,0,0,,no_usable_pages,known,,,bd6t550918276: no usable pages in manifest.,2026-07-17T17:36:31.247396
lacharente,bd6t55091828m,,failed,0,0,,no_usable_pages,known,,,bd6t55091828m: no usable pages in manifest.,2026-07-17T17:36:31.801270
lacharente,bd6t550918291,,failed,0,0,,no_usable_pages,known,,,bd6t550918291: no usable pages in manifest.,2026-07-17T17:36:32.106694
lacharente,bd6t55091830p,,failed,0,0,,no_usable_pages,known,,,bd6t55091830p: no usable pages in manifest.,2026-07-17T17:36:32.788237
lacharente,bd6t550918313,,failed,0,0,,no_usable_pages,known,,,bd6t550918313: no usable pages in manifest.,2026-07-17T17:36:33.308421
lacharente,bd6t55091832h,,failed,0,0,,no_usable_pages,known,,,bd6t55091832h: no usable pages in manifest.,2026-07-17T17:36:34.002050
lacharente,bd6t55091833x,,failed,0,0,,no_usable_pages,known,,,bd6t55091833x: no usable pages in manifest.,2026-07-17T17:36:34.591602
lacharente,bd6t55091834b,,failed,0,0,,no_usable_pages,known,,,bd6t55091834b: no usable pages in manifest.,2026-07-17T17:36:35.378763
lacharente,bd6t55091835r,,failed,0,0,,no_usable_pages,known,,,bd6t55091835r: no usable pages in manifest.,2026-07-17T17:36:36.090580
lacharente,bd6t550918365,,failed,0,0,,no_usable_pages,known,,,bd6t550918365: no usable pages in manifest.,2026-07-17T17:36:36.514107
lacharente,bd6t55091837k,,failed,0,0,,no_usable_pages,known,,,bd6t55091837k: no usable pages in manifest.,2026-07-17T17:36:37.060900
lacharente,bd6t550918380,,failed,0,0,,no_usable_pages,known,,,bd6t550918380: no usable pages in manifest.,2026-07-17T17:36:37.608118
lacharente,bd6t55091839d,,failed,0,0,,no_usable_pages,known,,,bd6t55091839d: no usable pages in manifest.,2026-07-17T17:36:38.227391
lacharente,bd6t550918402,,failed,0,0,,no_usable_pages,known,,,bd6t550918402: no usable pages in manifest.,2026-07-17T17:36:38.529072
lacharente,bd6t55091841g,,failed,0,0,,no_usable_pages,known,,,bd6t55091841g: no usable pages in manifest.,2026-07-17T17:36:39.347143
lacharente,bd6t55091842w,,failed,0,0,,no_usable_pages,known,,,bd6t55091842w: no usable pages in manifest.,2026-07-17T17:36:39.876346
lacharente,bd6t550918439,,failed,0,0,,no_usable_pages,known,,,bd6t550918439: no usable pages in manifest.,2026-07-17T17:36:40.306617
lacharente,bd6t55091844q,,failed,0,0,,no_usable_pages,known,,,bd6t55091844q: no usable pages in manifest.,2026-07-17T17:36:40.984323
lacharente,bd6t550918454,,failed,0,0,,no_usable_pages,known,,,bd6t550918454: no usable pages in manifest.,2026-07-17T17:36:41.684757
lacharente,bd6t55091846j,,failed,0,0,,no_usable_pages,known,,,bd6t55091846j: no usable pages in manifest.,2026-07-17T17:36:42.111623
lacharente,bd6t55091847z,,failed,0,0,,no_usable_pages,known,,,bd6t55091847z: no usable pages in manifest.,2026-07-17T17:36:42.765138
lacharente,bd6t55091848c,,failed,0,0,,no_usable_pages,known,,,bd6t55091848c: no usable pages in manifest.,2026-07-17T17:36:43.229478
lacharente,bd6t55091849s,,failed,0,0,,no_usable_pages,known,,,bd6t55091849s: no usable pages in manifest.,2026-07-17T17:36:43.547357
lacharente,bd6t55091850f,,failed,0,0,,no_usable_pages,known,,,bd6t55091850f: no usable pages in manifest.,2026-07-17T17:36:44.230551
lacharente,bd6t55091851v,,failed,0,0,,no_usable_pages,known,,,bd6t55091851v: no usable pages in manifest.,2026-07-17T17:36:44.593858
lacharente,bd6t550918528,,failed,0,0,,no_usable_pages,known,,,bd6t550918528: no usable pages in manifest.,2026-07-17T17:36:45.446183
lacharente,bd6t55091853p,,failed,0,0,,no_usable_pages,known,,,bd6t55091853p: no usable pages in manifest.,2026-07-17T17:36:45.831601
lacharente,bd6t550918543,,failed,0,0,,no_usable_pages,known,,,bd6t550918543: no usable pages in manifest.,2026-07-17T17:36:46.178569
lacharente,bd6t55091855h,,failed,0,0,,no_usable_pages,known,,,bd6t55091855h: no usable pages in manifest.,2026-07-17T17:36:46.958195
lacharente,bd6t55091856x,,failed,0,0,,no_usable_pages,known,,,bd6t55091856x: no usable pages in manifest.,2026-07-17T17:36:47.472994
lacharente,bd6t55091857b,,failed,0,0,,no_usable_pages,known,,,bd6t55091857b: no usable pages in manifest.,2026-07-17T17:36:47.996743
lacharente,bd6t55091858r,,failed,0,0,,no_usable_pages,known,,,bd6t55091858r: no usable pages in manifest.,2026-07-17T17:36:48.440571
lacharente,bd6t550918595,,failed,0,0,,no_usable_pages,known,,,bd6t550918595: no usable pages in manifest.,2026-07-17T17:36:48.871231
lacharente,bd6t55091860t,,failed,0,0,,no_usable_pages,known,,,bd6t55091860t: no usable pages in manifest.,2026-07-17T17:36:49.261359
lacharente,bd6t550918617,,failed,0,0,,no_usable_pages,known,,,bd6t550918617: no usable pages in manifest.,2026-07-17T17:36:49.676359
lacharente,bd6t55091862n,,failed,0,0,,no_usable_pages,known,,,bd6t55091862n: no usable pages in manifest.,2026-07-17T17:36:50.286962
lacharente,bd6t550918632,,failed,0,0,,no_usable_pages,known,,,bd6t550918632: no usable pages in manifest.,2026-07-17T17:36:50.555073
lacharente,bd6t55091864g,,failed,0,0,,no_usable_pages,known,,,bd6t55091864g: no usable pages in manifest.,2026-07-17T17:36:51.058764
lacharente,bd6t55091865w,,failed,0,0,,no_usable_pages,known,,,bd6t55091865w: no usable pages in manifest.,2026-07-17T17:36:51.866310
lacharente,bd6t550918669,,failed,0,0,,no_usable_pages,known,,,bd6t550918669: no usable pages in manifest.,2026-07-17T17:36:52.775474
lacharente,bd6t55091867q,,failed,0,0,,no_usable_pages,known,,,bd6t55091867q: no usable pages in manifest.,2026-07-17T17:36:53.077373
lacharente,bd6t550918684,,failed,0,0,,no_usable_pages,known,,,bd6t550918684: no usable pages in manifest.,2026-07-17T17:36:54.014005
lacharente,bd6t55091869j,,failed,0,0,,no_usable_pages,known,,,bd6t55091869j: no usable pages in manifest.,2026-07-17T17:36:54.270860
lacharente,bd6t550918706,,failed,0,0,,no_usable_pages,known,,,bd6t550918706: no usable pages in manifest.,2026-07-17T17:36:54.660882
lacharente,bd6t55091871m,,failed,0,0,,no_usable_pages,known,,,bd6t55091871m: no usable pages in manifest.,2026-07-17T17:36:55.045546
lacharente,bd6t550918721,,failed,0,0,,no_usable_pages,known,,,bd6t550918721: no usable pages in manifest.,2026-07-17T17:36:55.378509
lacharente,bd6t55091873f,,failed,0,0,,no_usable_pages,known,,,bd6t55091873f: no usable pages in manifest.,2026-07-17T17:36:56.054916
lacharente,bd6t55091874v,,failed,0,0,,no_usable_pages,known,,,bd6t55091874v: no usable pages in manifest.,2026-07-17T17:36:56.470474
lacharente,bd6t550918758,,failed,0,0,,no_usable_pages,known,,,bd6t550918758: no usable pages in manifest.,2026-07-17T17:36:56.854137
lacharente,bd6t55091887g,,failed,0,0,,no_usable_pages,known,,,bd6t55091887g: no usable pages in manifest.,2026-07-17T17:36:57.284540
lacharente,bd6t55091876p,,failed,0,0,,no_usable_pages,known,,,bd6t55091876p: no usable pages in manifest.,2026-07-17T17:36:57.933633
lacharente,bd6t550918773,,failed,0,0,,no_usable_pages,known,,,bd6t550918773: no usable pages in manifest.,2026-07-17T17:36:58.473547
lacharente,bd6t55091878h,,failed,0,0,,no_usable_pages,known,,,bd6t55091878h: no usable pages in manifest.,2026-07-17T17:36:59.146674
lacharente,bd6t55091879x,,failed,0,0,,no_usable_pages,known,,,bd6t55091879x: no usable pages in manifest.,2026-07-17T17:36:59.513704
lacharente,bd6t55091880k,,failed,0,0,,no_usable_pages,known,,,bd6t55091880k: no usable pages in manifest.,2026-07-17T17:36:59.782172
lacharente,bd6t550918810,,failed,0,0,,no_usable_pages,known,,,bd6t550918810: no usable pages in manifest.,2026-07-17T17:37:00.770122
lacharente,bd6t55091882d,,failed,0,0,,no_usable_pages,known,,,bd6t55091882d: no usable pages in manifest.,2026-07-17T17:37:01.076084
lacharente,bd6t55091883t,,failed,0,0,,no_usable_pages,known,,,bd6t55091883t: no usable pages in manifest.,2026-07-17T17:37:01.522067
lacharente,bd6t550918847,,failed,0,0,,no_usable_pages,known,,,bd6t550918847: no usable pages in manifest.,2026-07-17T17:37:02.059745
lacharente,bd6t55091885n,,failed,0,0,,no_usable_pages,known,,,bd6t55091885n: no usable pages in manifest.,2026-07-17T17:37:02.403213
lacharente,bd6t550918862,,failed,0,0,,no_usable_pages,known,,,bd6t550918862: no usable pages in manifest.,2026-07-17T17:37:02.997115
lacharente,bd6t55091888w,,failed,0,0,,no_usable_pages,known,,,bd6t55091888w: no usable pages in manifest.,2026-07-17T17:37:03.310574
lacharente,bd6t550918899,,failed,0,0,,no_usable_pages,known,,,bd6t550918899: no usable pages in manifest.,2026-07-17T17:37:03.845364
lacharente,bd6t55091890z,,failed,0,0,,no_usable_pages,known,,,bd6t55091890z: no usable pages in manifest.,2026-07-17T17:37:04.274943
lacharente,bd6t55091891c,,failed,0,0,,no_usable_pages,known,,,bd6t55091891c: no usable pages in manifest.,2026-07-17T17:37:04.554090
lacharente,bd6t55091892s,,failed,0,0,,no_usable_pages,known,,,bd6t55091892s: no usable pages in manifest.,2026-07-17T17:37:05.039337
lacharente,bd6t550918936,,failed,0,0,,no_usable_pages,known,,,bd6t550918936: no usable pages in manifest.,2026-07-17T17:37:05.571469
lacharente,bd6t55091894m,,failed,0,0,,no_usable_pages,known,,,bd6t55091894m: no usable pages in manifest.,2026-07-17T17:37:06.044983
lacharente,bd6t550918951,,failed,0,0,,no_usable_pages,known,,,bd6t550918951: no usable pages in manifest.,2026-07-17T17:37:06.758825
lacharente,bd6t55091896f,,failed,0,0,,no_usable_pages,known,,,bd6t55091896f: no usable pages in manifest.,2026-07-17T17:37:07.148752
lacharente,bd6t55091897v,,failed,0,0,,no_usable_pages,known,,,bd6t55091897v: no usable pages in manifest.,2026-07-17T17:37:07.985936
lacharente,bd6t550918988,,failed,0,0,,no_usable_pages,known,,,bd6t550918988: no usable pages in manifest.,2026-07-17T17:37:08.393305
lacharente,bd6t55091899p,,failed,0,0,,no_usable_pages,known,,,bd6t55091899p: no usable pages in manifest.,2026-07-17T17:37:08.691113
lacharente,bd6t55091900w,,failed,0,0,,no_usable_pages,known,,,bd6t55091900w: no usable pages in manifest.,2026-07-17T17:37:09.271202
lacharente,bd6t550919019,,failed,0,0,,no_usable_pages,known,,,bd6t550919019: no usable pages in manifest.,2026-07-17T17:37:09.576171
lacharente,bd6t55091902q,,failed,0,0,,no_usable_pages,known,,,bd6t55091902q: no usable pages in manifest.,2026-07-17T17:37:09.970907
lacharente,bd6t55091904j,,failed,0,0,,no_usable_pages,known,,,bd6t55091904j: no usable pages in manifest.,2026-07-17T17:37:10.389348
lacharente,bd6t55091905z,,failed,0,0,,no_usable_pages,known,,,bd6t55091905z: no usable pages in manifest.,2026-07-17T17:37:10.646291
lacharente,bd6t55091906c,,failed,0,0,,no_usable_pages,known,,,bd6t55091906c: no usable pages in manifest.,2026-07-17T17:37:10.976831
lacharente,bd6t55091907s,,failed,0,0,,no_usable_pages,known,,,bd6t55091907s: no usable pages in manifest.,2026-07-17T17:37:11.443425
lacharente,bd6t550919086,,failed,0,0,,no_usable_pages,known,,,bd6t550919086: no usable pages in manifest.,2026-07-17T17:37:11.743108
lacharente,bd6t55091909m,,failed,0,0,,no_usable_pages,known,,,bd6t55091909m: no usable pages in manifest.,2026-07-17T17:37:12.429359
lacharente,bd6t550919108,,failed,0,0,,no_usable_pages,known,,,bd6t550919108: no usable pages in manifest.,2026-07-17T17:37:13.177229
lacharente,bd6t55091911p,,failed,0,0,,no_usable_pages,known,,,bd6t55091911p: no usable pages in manifest.,2026-07-17T17:37:13.515573
lacharente,bd6t550919123,,failed,0,0,,no_usable_pages,known,,,bd6t550919123: no usable pages in manifest.,2026-07-17T17:37:14.386860
lacharente,bd6t55091913h,,failed,0,0,,no_usable_pages,known,,,bd6t55091913h: no usable pages in manifest.,2026-07-17T17:37:14.812657
lacharente,bd6t55091914x,,failed,0,0,,no_usable_pages,known,,,bd6t55091914x: no usable pages in manifest.,2026-07-17T17:37:15.630948
lacharente,bd6t55091915b,,failed,0,0,,no_usable_pages,known,,,bd6t55091915b: no usable pages in manifest.,2026-07-17T17:37:15.997242
lacharente,bd6t55091916r,,failed,0,0,,no_usable_pages,known,,,bd6t55091916r: no usable pages in manifest.,2026-07-17T17:37:16.509233
lacharente,bd6t550919175,,failed,0,0,,no_usable_pages,known,,,bd6t550919175: no usable pages in manifest.,2026-07-17T17:37:16.797972
lacharente,bd6t55091918k,,failed,0,0,,no_usable_pages,known,,,bd6t55091918k: no usable pages in manifest.,2026-07-17T17:37:17.110834
lacharente,bd6t550919190,,failed,0,0,,no_usable_pages,known,,,bd6t550919190: no usable pages in manifest.,2026-07-17T17:37:17.752597
lacharente,bd6t55091920n,,failed,0,0,,no_usable_pages,known,,,bd6t55091920n: no usable pages in manifest.,2026-07-17T17:37:18.272909
lacharente,bd6t550919212,,failed,0,0,,no_usable_pages,known,,,bd6t550919212: no usable pages in manifest.,2026-07-17T17:37:18.965063
lacharente,bd6t55091922g,,failed,0,0,,no_usable_pages,known,,,bd6t55091922g: no usable pages in manifest.,2026-07-17T17:37:19.380907
lacharente,bd6t55091923w,,failed,0,0,,no_usable_pages,known,,,bd6t55091923w: no usable pages in manifest.,2026-07-17T17:37:20.025906
lacharente,bd6t550919249,,failed,0,0,,no_usable_pages,known,,,bd6t550919249: no usable pages in manifest.,2026-07-17T17:37:20.559993
lacharente,bd6t55091925q,,failed,0,0,,no_usable_pages,known,,,bd6t55091925q: no usable pages in manifest.,2026-07-17T17:37:21.269115
lacharente,bd6t550919264,,failed,0,0,,no_usable_pages,known,,,bd6t550919264: no usable pages in manifest.,2026-07-17T17:37:21.764704
lacharente,bd6t55091927j,,failed,0,0,,no_usable_pages,known,,,bd6t55091927j: no usable pages in manifest.,2026-07-17T17:37:22.401481
lacharente,bd6t55091928z,,failed,0,0,,no_usable_pages,known,,,bd6t55091928z: no usable pages in manifest.,2026-07-17T17:37:22.697949
lacharente,bd6t55091929c,,failed,0,0,,no_usable_pages,known,,,bd6t55091929c: no usable pages in manifest.,2026-07-17T17:37:23.805741
lacharente,bd6t550919301,,failed,0,0,,no_usable_pages,known,,,bd6t550919301: no usable pages in manifest.,2026-07-17T17:37:24.062030
lacharente,bd6t55091931f,,failed,0,0,,no_usable_pages,known,,,bd6t55091931f: no usable pages in manifest.,2026-07-17T17:37:24.410519
lacharente,bd6t55091932v,,failed,0,0,,no_usable_pages,known,,,bd6t55091932v: no usable pages in manifest.,2026-07-17T17:37:25.028960
lacharente,bd6t550919338,,failed,0,0,,no_usable_pages,known,,,bd6t550919338: no usable pages in manifest.,2026-07-17T17:37:25.294244
lacharente,bd6t55091934p,,failed,0,0,,no_usable_pages,known,,,bd6t55091934p: no usable pages in manifest.,2026-07-17T17:37:25.572816
lacharente,bd6t550919353,,failed,0,0,,no_usable_pages,known,,,bd6t550919353: no usable pages in manifest.,2026-07-17T17:37:26.238826
lacharente,bd6t55091936h,,failed,0,0,,no_usable_pages,known,,,bd6t55091936h: no usable pages in manifest.,2026-07-17T17:37:26.579000
lacharente,bd6t55091937x,,failed,0,0,,no_usable_pages,known,,,bd6t55091937x: no usable pages in manifest.,2026-07-17T17:37:26.970244
lacharente,bd6t55091938b,,failed,0,0,,no_usable_pages,known,,,bd6t55091938b: no usable pages in manifest.,2026-07-17T17:37:27.677259
lacharente,bd6t55091939r,,failed,0,0,,no_usable_pages,known,,,bd6t55091939r: no usable pages in manifest.,2026-07-17T17:37:28.447346
lacharente,bd6t55091940d,,failed,0,0,,no_usable_pages,known,,,bd6t55091940d: no usable pages in manifest.,2026-07-17T17:37:29.131276
lacharente,bd6t55091941t,,failed,0,0,,no_usable_pages,known,,,bd6t55091941t: no usable pages in manifest.,2026-07-17T17:37:29.465969
lacharente,bd6t550919427,,failed,0,0,,no_usable_pages,known,,,bd6t550919427: no usable pages in manifest.,2026-07-17T17:37:29.956690
lacharente,bd6t55091943n,,failed,0,0,,no_usable_pages,known,,,bd6t55091943n: no usable pages in manifest.,2026-07-17T17:37:30.588629
lacharente,bd6t550919442,,failed,0,0,,no_usable_pages,known,,,bd6t550919442: no usable pages in manifest.,2026-07-17T17:37:31.017214
lacharente,bd6t55091945g,,failed,0,0,,no_usable_pages,known,,,bd6t55091945g: no usable pages in manifest.,2026-07-17T17:37:31.560002
lacharente,bd6t55091946w,,failed,0,0,,no_usable_pages,known,,,bd6t55091946w: no usable pages in manifest.,2026-07-17T17:37:31.879066
lacharente,bd6t550919479,,failed,0,0,,no_usable_pages,known,,,bd6t550919479: no usable pages in manifest.,2026-07-17T17:37:32.423760
lacharente,bd6t55091948q,,failed,0,0,,no_usable_pages,known,,,bd6t55091948q: no usable pages in manifest.,2026-07-17T17:37:33.064458
lacharente,bd6t550919494,,failed,0,0,,no_usable_pages,known,,,bd6t550919494: no usable pages in manifest.,2026-07-17T17:37:33.598391
lacharente,bd6t55091950s,,failed,0,0,,no_usable_pages,known,,,bd6t55091950s: no usable pages in manifest.,2026-07-17T17:37:34.148184
lacharente,bd6t550919516,,failed,0,0,,no_usable_pages,known,,,bd6t550919516: no usable pages in manifest.,2026-07-17T17:37:34.720960
lacharente,bd6t55091952m,,failed,0,0,,no_usable_pages,known,,,bd6t55091952m: no usable pages in manifest.,2026-07-17T17:37:35.340245
lacharente,bd6t550919531,,failed,0,0,,no_usable_pages,known,,,bd6t550919531: no usable pages in manifest.,2026-07-17T17:37:35.802507
lacharente,bd6t55091954f,,failed,0,0,,no_usable_pages,known,,,bd6t55091954f: no usable pages in manifest.,2026-07-17T17:37:36.318754
lacharente,bd6t55091955v,,failed,0,0,,no_usable_pages,known,,,bd6t55091955v: no usable pages in manifest.,2026-07-17T17:37:37.106430
lacharente,bd6t550919568,,failed,0,0,,no_usable_pages,known,,,bd6t550919568: no usable pages in manifest.,2026-07-17T17:37:37.422712
lacharente,bd6t55091957p,,failed,0,0,,no_usable_pages,known,,,bd6t55091957p: no usable pages in manifest.,2026-07-17T17:37:38.441338
lacharente,bd6t550919583,,failed,0,0,,no_usable_pages,known,,,bd6t550919583: no usable pages in manifest.,2026-07-17T17:37:38.830173
lacharente,bd6t55091959h,,failed,0,0,,no_usable_pages,known,,,bd6t55091959h: no usable pages in manifest.,2026-07-17T17:37:39.314839
lacharente,bd6t550919605,,failed,0,0,,no_usable_pages,known,,,bd6t550919605: no usable pages in manifest.,2026-07-17T17:37:39.926959
lacharente,bd6t55091961k,,failed,0,0,,no_usable_pages,known,,,bd6t55091961k: no usable pages in manifest.,2026-07-17T17:37:40.361997
lacharente,bd6t550919620,,failed,0,0,,no_usable_pages,known,,,bd6t550919620: no usable pages in manifest.,2026-07-17T17:37:41.102799
lacharente,bd6t55091963d,,failed,0,0,,no_usable_pages,known,,,bd6t55091963d: no usable pages in manifest.,2026-07-17T17:37:41.638279
lacharente,bd6t55091964t,,failed,0,0,,no_usable_pages,known,,,bd6t55091964t: no usable pages in manifest.,2026-07-17T17:37:42.399353
lacharente,bd6t550919657,,failed,0,0,,no_usable_pages,known,,,bd6t550919657: no usable pages in manifest.,2026-07-17T17:37:42.981729
lacharente,bd6t55091966n,,failed,0,0,,no_usable_pages,known,,,bd6t55091966n: no usable pages in manifest.,2026-07-17T17:37:43.416182
lacharente,bd6t55091977f,,failed,0,0,,no_usable_pages,known,,,bd6t55091977f: no usable pages in manifest.,2026-07-17T17:37:44.122306
lacharente,bd6t550919672,,failed,0,0,,no_usable_pages,known,,,bd6t550919672: no usable pages in manifest.,2026-07-17T17:37:44.859353
lacharente,bd6t55091968g,,failed,0,0,,no_usable_pages,known,,,bd6t55091968g: no usable pages in manifest.,2026-07-17T17:37:45.319871
lacharente,bd6t55091969w,,failed,0,0,,no_usable_pages,known,,,bd6t55091969w: no usable pages in manifest.,2026-07-17T17:37:46.100875
lacharente,bd6t55091970j,,failed,0,0,,no_usable_pages,known,,,bd6t55091970j: no usable pages in manifest.,2026-07-17T17:37:46.308218
lacharente,bd6t55091971z,,failed,0,0,,no_usable_pages,known,,,bd6t55091971z: no usable pages in manifest.,2026-07-17T17:37:46.685122
lacharente,bd6t55091972c,,failed,0,0,,no_usable_pages,known,,,bd6t55091972c: no usable pages in manifest.,2026-07-17T17:37:47.229528
lacharente,bd6t55091973s,,failed,0,0,,no_usable_pages,known,,,bd6t55091973s: no usable pages in manifest.,2026-07-17T17:37:47.644091
lacharente,bd6t550919746,,failed,0,0,,no_usable_pages,known,,,bd6t550919746: no usable pages in manifest.,2026-07-17T17:37:48.461655
lacharente,bd6t55091975m,,failed,0,0,,no_usable_pages,known,,,bd6t55091975m: no usable pages in manifest.,2026-07-17T17:37:48.807715
lacharente,bd6t550919761,,failed,0,0,,no_usable_pages,known,,,bd6t550919761: no usable pages in manifest.,2026-07-17T17:37:49.392203
lacharente,bd6t55091978v,,failed,0,0,,no_usable_pages,known,,,bd6t55091978v: no usable pages in manifest.,2026-07-17T17:37:49.969646
lacharente,bd6t550919798,,failed,0,0,,no_usable_pages,known,,,bd6t550919798: no usable pages in manifest.,2026-07-17T17:37:50.581861
lacharente,bd6t55091980x,,failed,0,0,,no_usable_pages,known,,,bd6t55091980x: no usable pages in manifest.,2026-07-17T17:37:51.604648
lacharente,bd6t55091981b,,failed,0,0,,no_usable_pages,known,,,bd6t55091981b: no usable pages in manifest.,2026-07-17T17:37:52.523569
lacharente,bd6t55091982r,,failed,0,0,,no_usable_pages,known,,,bd6t55091982r: no usable pages in manifest.,2026-07-17T17:37:52.751404
lacharente,bd6t550919835,,failed,0,0,,no_usable_pages,known,,,bd6t550919835: no usable pages in manifest.,2026-07-17T17:37:53.295770
lacharente,bd6t55091984k,,failed,0,0,,no_usable_pages,known,,,bd6t55091984k: no usable pages in manifest.,2026-07-17T17:37:53.986952
lacharente,bd6t550919850,,failed,0,0,,no_usable_pages,known,,,bd6t550919850: no usable pages in manifest.,2026-07-17T17:37:55.056235
lacharente,bd6t55091986d,,failed,0,0,,no_usable_pages,known,,,bd6t55091986d: no usable pages in manifest.,2026-07-17T17:37:55.397678
lacharente,bd6t55091987t,,failed,0,0,,no_usable_pages,known,,,bd6t55091987t: no usable pages in manifest.,2026-07-17T17:37:55.925099
lacharente,bd6t550919887,,failed,0,0,,no_usable_pages,known,,,bd6t550919887: no usable pages in manifest.,2026-07-17T17:37:56.239490
lacharente,bd6t55091989n,,failed,0,0,,no_usable_pages,known,,,bd6t55091989n: no usable pages in manifest.,2026-07-17T17:37:56.974803
lacharente,bd6t550919909,,failed,0,0,,no_usable_pages,known,,,bd6t550919909: no usable pages in manifest.,2026-07-17T17:37:57.703219
lacharente,bd6t55091991q,,failed,0,0,,no_usable_pages,known,,,bd6t55091991q: no usable pages in manifest.,2026-07-17T17:37:58.162327
lacharente,bd6t550919924,,failed,0,0,,no_usable_pages,known,,,bd6t550919924: no usable pages in manifest.,2026-07-17T17:37:58.949552
lacharente,bd6t55091993j,,failed,0,0,,no_usable_pages,known,,,bd6t55091993j: no usable pages in manifest.,2026-07-17T17:37:59.324006
lacharente,bd6t55091994z,,failed,0,0,,no_usable_pages,known,,,bd6t55091994z: no usable pages in manifest.,2026-07-17T17:37:59.888951
lacharente,bd6t55091995c,,failed,0,0,,no_usable_pages,known,,,bd6t55091995c: no usable pages in manifest.,2026-07-17T17:38:00.279382
lacharente,bd6t55091996s,,failed,0,0,,no_usable_pages,known,,,bd6t55091996s: no usable pages in manifest.,2026-07-17T17:38:00.683905
lacharente,bd6t550919976,,failed,0,0,,no_usable_pages,known,,,bd6t550919976: no usable pages in manifest.,2026-07-17T17:38:01.535454
lacharente,bd6t55091998m,,failed,0,0,,no_usable_pages,known,,,bd6t55091998m: no usable pages in manifest.,2026-07-17T17:38:02.116006
lacharente,bd6t550919991,,failed,0,0,,no_usable_pages,known,,,bd6t550919991: no usable pages in manifest.,2026-07-17T17:38:02.823179
lacharente,bd6t550920003,,failed,0,0,,no_usable_pages,known,,,bd6t550920003: no usable pages in manifest.,2026-07-17T17:38:03.261709
lacharente,bd6t55092001h,,failed,0,0,,no_usable_pages,known,,,bd6t55092001h: no usable pages in manifest.,2026-07-17T17:38:03.612871
lacharente,bd6t55092002x,,failed,0,0,,no_usable_pages,known,,,bd6t55092002x: no usable pages in manifest.,2026-07-17T17:38:03.950727
lacharente,bd6t55092003b,,failed,0,0,,no_usable_pages,known,,,bd6t55092003b: no usable pages in manifest.,2026-07-17T17:38:04.218634
lacharente,bd6t55092004r,,failed,0,0,,no_usable_pages,known,,,bd6t55092004r: no usable pages in manifest.,2026-07-17T17:38:04.571632
lacharente,bd6t550920055,,failed,0,0,,no_usable_pages,known,,,bd6t550920055: no usable pages in manifest.,2026-07-17T17:38:05.389847
lacharente,bd6t55092006k,,failed,0,0,,no_usable_pages,known,,,bd6t55092006k: no usable pages in manifest.,2026-07-17T17:38:05.732649
lacharente,bd6t550920070,,failed,0,0,,no_usable_pages,known,,,bd6t550920070: no usable pages in manifest.,2026-07-17T17:38:06.335653
lacharente,bd6t55092008d,,failed,0,0,,no_usable_pages,known,,,bd6t55092008d: no usable pages in manifest.,2026-07-17T17:38:06.614610
lacharente,bd6t55092009t,,failed,0,0,,no_usable_pages,known,,,bd6t55092009t: no usable pages in manifest.,2026-07-17T17:38:07.056677
lacharente,bd6t55092010g,,failed,0,0,,no_usable_pages,known,,,bd6t55092010g: no usable pages in manifest.,2026-07-17T17:38:07.709649
lacharente,bd6t55092011w,,failed,0,0,,no_usable_pages,known,,,bd6t55092011w: no usable pages in manifest.,2026-07-17T17:38:08.263824
lacharente,bd6t550920129,,failed,0,0,,no_usable_pages,known,,,bd6t550920129: no usable pages in manifest.,2026-07-17T17:38:08.927706
lacharente,bd6t55092013q,,failed,0,0,,no_usable_pages,known,,,bd6t55092013q: no usable pages in manifest.,2026-07-17T17:38:09.467044
lacharente,bd6t550920218,,failed,0,0,,no_usable_pages,known,,,bd6t550920218: no usable pages in manifest.,2026-07-17T17:38:10.078518
lacharente,bd6t550920144,,failed,0,0,,no_usable_pages,known,,,bd6t550920144: no usable pages in manifest.,2026-07-17T17:38:10.500715
lacharente,bd6t55092015j,,failed,0,0,,no_usable_pages,known,,,bd6t55092015j: no usable pages in manifest.,2026-07-17T17:38:10.945308
lacharente,bd6t55092016z,,failed,0,0,,no_usable_pages,known,,,bd6t55092016z: no usable pages in manifest.,2026-07-17T17:38:11.443948
lacharente,bd6t55092017c,,failed,0,0,,no_usable_pages,known,,,bd6t55092017c: no usable pages in manifest.,2026-07-17T17:38:11.598722
lacharente,bd6t55092018s,,failed,0,0,,no_usable_pages,known,,,bd6t55092018s: no usable pages in manifest.,2026-07-17T17:38:11.949691
lacharente,bd6t550920196,,failed,0,0,,no_usable_pages,known,,,bd6t550920196: no usable pages in manifest.,2026-07-17T17:38:12.352325
lacharente,bd6t55092020v,,failed,0,0,,no_usable_pages,known,,,bd6t55092020v: no usable pages in manifest.,2026-07-17T17:38:12.690950
lacharente,bd6t55092022p,,failed,0,0,,no_usable_pages,known,,,bd6t55092022p: no usable pages in manifest.,2026-07-17T17:38:13.070463
lacharente,bd6t550920233,,failed,0,0,,no_usable_pages,known,,,bd6t550920233: no usable pages in manifest.,2026-07-17T17:38:13.627088
lacharente,bd6t55092024h,,failed,0,0,,no_usable_pages,known,,,bd6t55092024h: no usable pages in manifest.,2026-07-17T17:38:14.001196
lacharente,bd6t55092025x,,failed,0,0,,no_usable_pages,known,,,bd6t55092025x: no usable pages in manifest.,2026-07-17T17:38:14.408493
lacharente,bd6t55092026b,,failed,0,0,,no_usable_pages,known,,,bd6t55092026b: no usable pages in manifest.,2026-07-17T17:38:15.037555
lacharente,bd6t55092027r,,failed,0,0,,no_usable_pages,known,,,bd6t55092027r: no usable pages in manifest.,2026-07-17T17:38:15.526713
lacharente,bd6t550920285,,failed,0,0,,no_usable_pages,known,,,bd6t550920285: no usable pages in manifest.,2026-07-17T17:38:16.233846
lacharente,bd6t55092029k,,failed,0,0,,no_usable_pages,known,,,bd6t55092029k: no usable pages in manifest.,2026-07-17T17:38:16.626113
lacharente,bd6t550920307,,failed,0,0,,no_usable_pages,known,,,bd6t550920307: no usable pages in manifest.,2026-07-17T17:38:17.154024
lacharente,bd6t55092031n,,failed,0,0,,no_usable_pages,known,,,bd6t55092031n: no usable pages in manifest.,2026-07-17T17:38:17.683634
lacharente,bd6t550920322,,failed,0,0,,no_usable_pages,known,,,bd6t550920322: no usable pages in manifest.,2026-07-17T17:38:18.276352
lacharente,bd6t55092033g,,failed,0,0,,no_usable_pages,known,,,bd6t55092033g: no usable pages in manifest.,2026-07-17T17:38:18.996965
lacharente,bd6t55092034w,,failed,0,0,,no_usable_pages,known,,,bd6t55092034w: no usable pages in manifest.,2026-07-17T17:38:19.247172
lacharente,bd6t550927438,,failed,0,0,,no_usable_pages,known,,,bd6t550927438: no usable pages in manifest.,2026-07-17T17:38:19.564659
lacharente,bd6t550920359,,failed,0,0,,no_usable_pages,known,,,bd6t550920359: no usable pages in manifest.,2026-07-17T17:38:20.408968
lacharente,bd6t55092036q,,failed,0,0,,no_usable_pages,known,,,bd6t55092036q: no usable pages in manifest.,2026-07-17T17:38:20.586988
lacharente,bd6t550920374,,failed,0,0,,no_usable_pages,known,,,bd6t550920374: no usable pages in manifest.,2026-07-17T17:38:20.874149
lacharente,bd6t55092038j,,failed,0,0,,no_usable_pages,known,,,bd6t55092038j: no usable pages in manifest.,2026-07-17T17:38:21.682388
lacharente,bd6t55092039z,,failed,0,0,,no_usable_pages,known,,,bd6t55092039z: no usable pages in manifest.,2026-07-17T17:38:22.048738
lacharente,bd6t55092040m,,failed,0,0,,no_usable_pages,known,,,bd6t55092040m: no usable pages in manifest.,2026-07-17T17:38:22.363547
lacharente,bd6t550920411,,failed,0,0,,no_usable_pages,known,,,bd6t550920411: no usable pages in manifest.,2026-07-17T17:38:23.064255
lacharente,bd6t55092042f,,failed,0,0,,no_usable_pages,known,,,bd6t55092042f: no usable pages in manifest.,2026-07-17T17:38:23.304741
lacharente,bd6t55092043v,,failed,0,0,,no_usable_pages,known,,,bd6t55092043v: no usable pages in manifest.,2026-07-17T17:38:24.239293
lacharente,bd6t550920448,,failed,0,0,,no_usable_pages,known,,,bd6t550920448: no usable pages in manifest.,2026-07-17T17:38:24.490259
lacharente,bd6t55092045p,,failed,0,0,,no_usable_pages,known,,,bd6t55092045p: no usable pages in manifest.,2026-07-17T17:38:24.976568
lacharente,bd6t550920463,,failed,0,0,,no_usable_pages,known,,,bd6t550920463: no usable pages in manifest.,2026-07-17T17:38:25.613576
lacharente,bd6t55092047h,,failed,0,0,,no_usable_pages,known,,,bd6t55092047h: no usable pages in manifest.,2026-07-17T17:38:26.000171
lacharente,bd6t55092048x,,failed,0,0,,no_usable_pages,known,,,bd6t55092048x: no usable pages in manifest.,2026-07-17T17:38:26.659501
lacharente,bd6t55092049b,,failed,0,0,,no_usable_pages,known,,,bd6t55092049b: no usable pages in manifest.,2026-07-17T17:38:27.047504
lacharente,bd6t550920500,,failed,0,0,,no_usable_pages,known,,,bd6t550920500: no usable pages in manifest.,2026-07-17T17:38:27.343554
lacharente,bd6t55092051d,,failed,0,0,,no_usable_pages,known,,,bd6t55092051d: no usable pages in manifest.,2026-07-17T17:38:27.705979
lacharente,bd6t55092052t,,failed,0,0,,no_usable_pages,known,,,bd6t55092052t: no usable pages in manifest.,2026-07-17T17:38:28.144132
lacharente,bd6t550920537,,failed,0,0,,no_usable_pages,known,,,bd6t550920537: no usable pages in manifest.,2026-07-17T17:38:28.461874
lacharente,bd6t55092054n,,failed,0,0,,no_usable_pages,known,,,bd6t55092054n: no usable pages in manifest.,2026-07-17T17:38:29.496981
lacharente,bd6t550920552,,failed,0,0,,no_usable_pages,known,,,bd6t550920552: no usable pages in manifest.,2026-07-17T17:38:29.838943
lacharente,bd6t55092056g,,failed,0,0,,no_usable_pages,known,,,bd6t55092056g: no usable pages in manifest.,2026-07-17T17:38:30.437667
lacharente,bd6t55092057w,,failed,0,0,,no_usable_pages,known,,,bd6t55092057w: no usable pages in manifest.,2026-07-17T17:38:30.980152
lacharente,bd6t550920589,,failed,0,0,,no_usable_pages,known,,,bd6t550920589: no usable pages in manifest.,2026-07-17T17:38:31.558040
lacharente,bd6t55092059q,,failed,0,0,,no_usable_pages,known,,,bd6t55092059q: no usable pages in manifest.,2026-07-17T17:38:31.960843
lacharente,bd6t55092060c,,failed,0,0,,no_usable_pages,known,,,bd6t55092060c: no usable pages in manifest.,2026-07-17T17:38:32.265324
lacharente,bd6t55092061s,,failed,0,0,,no_usable_pages,known,,,bd6t55092061s: no usable pages in manifest.,2026-07-17T17:38:32.577465
lacharente,bd6t550920626,,failed,0,0,,no_usable_pages,known,,,bd6t550920626: no usable pages in manifest.,2026-07-17T17:38:32.916347
lacharente,bd6t55092063m,,failed,0,0,,no_usable_pages,known,,,bd6t55092063m: no usable pages in manifest.,2026-07-17T17:38:33.256778
lacharente,bd6t550920641,,failed,0,0,,no_usable_pages,known,,,bd6t550920641: no usable pages in manifest.,2026-07-17T17:38:34.022109
lacharente,bd6t55092065f,,failed,0,0,,no_usable_pages,known,,,bd6t55092065f: no usable pages in manifest.,2026-07-17T17:38:34.466016
lacharente,bd6t55092066v,,failed,0,0,,no_usable_pages,known,,,bd6t55092066v: no usable pages in manifest.,2026-07-17T17:38:34.815102
lacharente,bd6t550920678,,failed,0,0,,no_usable_pages,known,,,bd6t550920678: no usable pages in manifest.,2026-07-17T17:38:35.429449
lacharente,bd6t55092068p,,failed,0,0,,no_usable_pages,known,,,bd6t55092068p: no usable pages in manifest.,2026-07-17T17:38:35.793197
lacharente,bd6t550920693,,failed,0,0,,no_usable_pages,known,,,bd6t550920693: no usable pages in manifest.,2026-07-17T17:38:35.970928
lacharente,bd6t55092070r,,failed,0,0,,no_usable_pages,known,,,bd6t55092070r: no usable pages in manifest.,2026-07-17T17:38:36.659374
lacharente,bd6t550920715,,failed,0,0,,no_usable_pages,known,,,bd6t550920715: no usable pages in manifest.,2026-07-17T17:38:37.070400
lacharente,bd6t55092072k,,failed,0,0,,no_usable_pages,known,,,bd6t55092072k: no usable pages in manifest.,2026-07-17T17:38:37.499242
lacharente,bd6t550920730,,failed,0,0,,no_usable_pages,known,,,bd6t550920730: no usable pages in manifest.,2026-07-17T17:38:37.980567
lacharente,bd6t55092074d,,failed,0,0,,no_usable_pages,known,,,bd6t55092074d: no usable pages in manifest.,2026-07-17T17:38:38.311543
lacharente,bd6t55092075t,,failed,0,0,,no_usable_pages,known,,,bd6t55092075t: no usable pages in manifest.,2026-07-17T17:38:38.871244
lacharente,bd6t550920767,,failed,0,0,,no_usable_pages,known,,,bd6t550920767: no usable pages in manifest.,2026-07-17T17:38:39.554489
lacharente,bd6t55092077n,,failed,0,0,,no_usable_pages,known,,,bd6t55092077n: no usable pages in manifest.,2026-07-17T17:38:40.078688
lacharente,bd6t550920782,,failed,0,0,,no_usable_pages,known,,,bd6t550920782: no usable pages in manifest.,2026-07-17T17:38:40.724246
lacharente,bd6t55092079g,,failed,0,0,,no_usable_pages,known,,,bd6t55092079g: no usable pages in manifest.,2026-07-17T17:38:41.266287
lacharente,bd6t550920804,,failed,0,0,,no_usable_pages,known,,,bd6t550920804: no usable pages in manifest.,2026-07-17T17:38:41.650876
lacharente,bd6t55092081j,,failed,0,0,,no_usable_pages,known,,,bd6t55092081j: no usable pages in manifest.,2026-07-17T17:38:42.255601
lacharente,bd6t55092082z,,failed,0,0,,no_usable_pages,known,,,bd6t55092082z: no usable pages in manifest.,2026-07-17T17:38:42.788633
lacharente,bd6t55092083c,,failed,0,0,,no_usable_pages,known,,,bd6t55092083c: no usable pages in manifest.,2026-07-17T17:38:43.149509
lacharente,bd6t55092084s,,failed,0,0,,no_usable_pages,known,,,bd6t55092084s: no usable pages in manifest.,2026-07-17T17:38:43.425155
lacharente,bd6t550920856,,failed,0,0,,no_usable_pages,known,,,bd6t550920856: no usable pages in manifest.,2026-07-17T17:38:44.088126
lacharente,bd6t55092086m,,failed,0,0,,no_usable_pages,known,,,bd6t55092086m: no usable pages in manifest.,2026-07-17T17:38:44.383732
lacharente,bd6t550920871,,failed,0,0,,no_usable_pages,known,,,bd6t550920871: no usable pages in manifest.,2026-07-17T17:38:44.914211
lacharente,bd6t55092088f,,failed,0,0,,no_usable_pages,known,,,bd6t55092088f: no usable pages in manifest.,2026-07-17T17:38:45.580916
lacharente,bd6t55092089v,,failed,0,0,,no_usable_pages,known,,,bd6t55092089v: no usable pages in manifest.,2026-07-17T17:38:45.986713
lacharente,bd6t55092090h,,failed,0,0,,no_usable_pages,known,,,bd6t55092090h: no usable pages in manifest.,2026-07-17T17:38:46.289367
lacharente,bd6t55092091x,,failed,0,0,,no_usable_pages,known,,,bd6t55092091x: no usable pages in manifest.,2026-07-17T17:38:46.965596
lacharente,bd6t55092092b,,failed,0,0,,no_usable_pages,known,,,bd6t55092092b: no usable pages in manifest.,2026-07-17T17:38:47.530301
lacharente,bd6t55092093r,,failed,0,0,,no_usable_pages,known,,,bd6t55092093r: no usable pages in manifest.,2026-07-17T17:38:47.982493
lacharente,bd6t550920945,,failed,0,0,,no_usable_pages,known,,,bd6t550920945: no usable pages in manifest.,2026-07-17T17:38:48.325138
lacharente,bd6t55092095k,,failed,0,0,,no_usable_pages,known,,,bd6t55092095k: no usable pages in manifest.,2026-07-17T17:38:49.037381
lacharente,bd6t550920960,,failed,0,0,,no_usable_pages,known,,,bd6t550920960: no usable pages in manifest.,2026-07-17T17:38:49.328952
lacharente,bd6t55092097d,,failed,0,0,,no_usable_pages,known,,,bd6t55092097d: no usable pages in manifest.,2026-07-17T17:38:49.594686
lacharente,bd6t55092098t,,failed,0,0,,no_usable_pages,known,,,bd6t55092098t: no usable pages in manifest.,2026-07-17T17:38:50.202656
lacharente,bd6t550920997,,failed,0,0,,no_usable_pages,known,,,bd6t550920997: no usable pages in manifest.,2026-07-17T17:38:50.467413
lacharente,bd6t55092100f,,failed,0,0,,no_usable_pages,known,,,bd6t55092100f: no usable pages in manifest.,2026-07-17T17:38:50.736702
lacharente,bd6t55092101v,,failed,0,0,,no_usable_pages,known,,,bd6t55092101v: no usable pages in manifest.,2026-07-17T17:38:51.872097
lacharente,bd6t550921028,,failed,0,0,,no_usable_pages,known,,,bd6t550921028: no usable pages in manifest.,2026-07-17T17:38:52.553094
lacharente,bd6t55092103p,,failed,0,0,,no_usable_pages,known,,,bd6t55092103p: no usable pages in manifest.,2026-07-17T17:38:53.282968
lacharente,bd6t550921043,,failed,0,0,,no_usable_pages,known,,,bd6t550921043: no usable pages in manifest.,2026-07-17T17:38:53.698139
lacharente,bd6t55092105h,,failed,0,0,,no_usable_pages,known,,,bd6t55092105h: no usable pages in manifest.,2026-07-17T17:38:54.512103
lacharente,bd6t55092106x,,failed,0,0,,no_usable_pages,known,,,bd6t55092106x: no usable pages in manifest.,2026-07-17T17:38:55.078390
lacharente,bd6t55092107b,,failed,0,0,,no_usable_pages,known,,,bd6t55092107b: no usable pages in manifest.,2026-07-17T17:38:55.688749
lacharente,bd6t55092108r,,failed,0,0,,no_usable_pages,known,,,bd6t55092108r: no usable pages in manifest.,2026-07-17T17:38:56.006475
lacharente,bd6t550921095,,failed,0,0,,no_usable_pages,known,,,bd6t550921095: no usable pages in manifest.,2026-07-17T17:38:56.437731
lacharente,bd6t55092110t,,failed,0,0,,no_usable_pages,known,,,bd6t55092110t: no usable pages in manifest.,2026-07-17T17:38:56.941855
lacharente,bd6t550921117,,failed,0,0,,no_usable_pages,known,,,bd6t550921117: no usable pages in manifest.,2026-07-17T17:38:57.575835
lacharente,bd6t55092112n,,failed,0,0,,no_usable_pages,known,,,bd6t55092112n: no usable pages in manifest.,2026-07-17T17:38:58.128871
lacharente,bd6t550921132,,failed,0,0,,no_usable_pages,known,,,bd6t550921132: no usable pages in manifest.,2026-07-17T17:38:58.478814
lacharente,bd6t55092114g,,failed,0,0,,no_usable_pages,known,,,bd6t55092114g: no usable pages in manifest.,2026-07-17T17:38:58.849159
lacharente,bd6t55092115w,,failed,0,0,,no_usable_pages,known,,,bd6t55092115w: no usable pages in manifest.,2026-07-17T17:38:59.063667
lacharente,bd6t550921169,,failed,0,0,,no_usable_pages,known,,,bd6t550921169: no usable pages in manifest.,2026-07-17T17:38:59.886667
lacharente,bd6t55092117q,,failed,0,0,,no_usable_pages,known,,,bd6t55092117q: no usable pages in manifest.,2026-07-17T17:39:00.437866
lacharente,bd6t550921184,,failed,0,0,,no_usable_pages,known,,,bd6t550921184: no usable pages in manifest.,2026-07-17T17:39:00.909450
lacharente,bd6t55092119j,,failed,0,0,,no_usable_pages,known,,,bd6t55092119j: no usable pages in manifest.,2026-07-17T17:39:01.344445
lacharente,bd6t550921206,,failed,0,0,,no_usable_pages,known,,,bd6t550921206: no usable pages in manifest.,2026-07-17T17:39:01.795702
lacharente,bd6t55092121m,,failed,0,0,,no_usable_pages,known,,,bd6t55092121m: no usable pages in manifest.,2026-07-17T17:39:02.168443
lacharente,bd6t550921221,,failed,0,0,,no_usable_pages,known,,,bd6t550921221: no usable pages in manifest.,2026-07-17T17:39:02.624900
lacharente,bd6t55092123f,,failed,0,0,,no_usable_pages,known,,,bd6t55092123f: no usable pages in manifest.,2026-07-17T17:39:03.067560
lacharente,bd6t55092124v,,failed,0,0,,no_usable_pages,known,,,bd6t55092124v: no usable pages in manifest.,2026-07-17T17:39:03.357248
lacharente,bd6t550921258,,failed,0,0,,no_usable_pages,known,,,bd6t550921258: no usable pages in manifest.,2026-07-17T17:39:03.700403
lacharente,bd6t55092126p,,failed,0,0,,no_usable_pages,known,,,bd6t55092126p: no usable pages in manifest.,2026-07-17T17:39:04.273731
lacharente,bd6t550921273,,failed,0,0,,no_usable_pages,known,,,bd6t550921273: no usable pages in manifest.,2026-07-17T17:39:04.620259
lacharente,bd6t55092128h,,failed,0,0,,no_usable_pages,known,,,bd6t55092128h: no usable pages in manifest.,2026-07-17T17:39:05.153102
lacharente,bd6t55092129x,,failed,0,0,,no_usable_pages,known,,,bd6t55092129x: no usable pages in manifest.,2026-07-17T17:39:05.497832
lacharente,bd6t55092130k,,failed,0,0,,no_usable_pages,known,,,bd6t55092130k: no usable pages in manifest.,2026-07-17T17:39:06.076824
lacharente,bd6t550921310,,failed,0,0,,no_usable_pages,known,,,bd6t550921310: no usable pages in manifest.,2026-07-17T17:39:06.843653
lacharente,bd6t55092132d,,failed,0,0,,no_usable_pages,known,,,bd6t55092132d: no usable pages in manifest.,2026-07-17T17:39:07.506387
lacharente,bd6t55092133t,,failed,0,0,,no_usable_pages,known,,,bd6t55092133t: no usable pages in manifest.,2026-07-17T17:39:07.865600
lacharente,bd6t550921347,,failed,0,0,,no_usable_pages,known,,,bd6t550921347: no usable pages in manifest.,2026-07-17T17:39:08.421458
lacharente,bd6t55092135n,,failed,0,0,,no_usable_pages,known,,,bd6t55092135n: no usable pages in manifest.,2026-07-17T17:39:08.918075
lacharente,bd6t550921362,,failed,0,0,,no_usable_pages,known,,,bd6t550921362: no usable pages in manifest.,2026-07-17T17:39:09.224011
lacharente,bd6t55092137g,,failed,0,0,,no_usable_pages,known,,,bd6t55092137g: no usable pages in manifest.,2026-07-17T17:39:09.628280
lacharente,bd6t55092138w,,failed,0,0,,no_usable_pages,known,,,bd6t55092138w: no usable pages in manifest.,2026-07-17T17:39:10.184448
lacharente,bd6t550921399,,failed,0,0,,no_usable_pages,known,,,bd6t550921399: no usable pages in manifest.,2026-07-17T17:39:10.483483
lacharente,bd6t55092140z,,failed,0,0,,no_usable_pages,known,,,bd6t55092140z: no usable pages in manifest.,2026-07-17T17:39:11.290271
lacharente,bd6t55092141c,,failed,0,0,,no_usable_pages,known,,,bd6t55092141c: no usable pages in manifest.,2026-07-17T17:39:11.611576
lacharente,bd6t55092142s,,failed,0,0,,no_usable_pages,known,,,bd6t55092142s: no usable pages in manifest.,2026-07-17T17:39:11.975027
lacharente,bd6t550921436,,failed,0,0,,no_usable_pages,known,,,bd6t550921436: no usable pages in manifest.,2026-07-17T17:39:12.647044
lacharente,bd6t55092144m,,failed,0,0,,no_usable_pages,known,,,bd6t55092144m: no usable pages in manifest.,2026-07-17T17:39:12.910012
lacharente,bd6t550921451,,failed,0,0,,no_usable_pages,known,,,bd6t550921451: no usable pages in manifest.,2026-07-17T17:39:13.665104
lacharente,bd6t55092146f,,failed,0,0,,no_usable_pages,known,,,bd6t55092146f: no usable pages in manifest.,2026-07-17T17:39:13.836751
lacharente,bd6t55092147v,,failed,0,0,,no_usable_pages,known,,,bd6t55092147v: no usable pages in manifest.,2026-07-17T17:39:14.174771
lacharente,bd6t550921488,,failed,0,0,,no_usable_pages,known,,,bd6t550921488: no usable pages in manifest.,2026-07-17T17:39:14.453437
lacharente,bd6t55092149p,,failed,0,0,,no_usable_pages,known,,,bd6t55092149p: no usable pages in manifest.,2026-07-17T17:39:14.791106
lacharente,bd6t55092150b,,failed,0,0,,no_usable_pages,known,,,bd6t55092150b: no usable pages in manifest.,2026-07-17T17:39:15.171994
lacharente,bd6t55092151r,,failed,0,0,,no_usable_pages,known,,,bd6t55092151r: no usable pages in manifest.,2026-07-17T17:39:15.654486
lacharente,bd6t550921525,,failed,0,0,,no_usable_pages,known,,,bd6t550921525: no usable pages in manifest.,2026-07-17T17:39:16.005624
lacharente,bd6t55092153k,,failed,0,0,,no_usable_pages,known,,,bd6t55092153k: no usable pages in manifest.,2026-07-17T17:39:16.264684
lacharente,bd6t550921540,,failed,0,0,,no_usable_pages,known,,,bd6t550921540: no usable pages in manifest.,2026-07-17T17:39:16.611259
lacharente,bd6t55092155d,,failed,0,0,,no_usable_pages,known,,,bd6t55092155d: no usable pages in manifest.,2026-07-17T17:39:17.322070
lacharente,bd6t55092156t,,failed,0,0,,no_usable_pages,known,,,bd6t55092156t: no usable pages in manifest.,2026-07-17T17:39:17.781268
lacharente,bd6t550921577,,failed,0,0,,no_usable_pages,known,,,bd6t550921577: no usable pages in manifest.,2026-07-17T17:39:18.453718
lacharente,bd6t55092158n,,failed,0,0,,no_usable_pages,known,,,bd6t55092158n: no usable pages in manifest.,2026-07-17T17:39:18.701875
lacharente,bd6t550921592,,failed,0,0,,no_usable_pages,known,,,bd6t550921592: no usable pages in manifest.,2026-07-17T17:39:19.116033
lacharente,bd6t55092160q,,failed,0,0,,no_usable_pages,known,,,bd6t55092160q: no usable pages in manifest.,2026-07-17T17:39:19.688690
lacharente,bd6t550921614,,failed,0,0,,no_usable_pages,known,,,bd6t550921614: no usable pages in manifest.,2026-07-17T17:39:19.921726
lacharente,bd6t55092162j,,failed,0,0,,no_usable_pages,known,,,bd6t55092162j: no usable pages in manifest.,2026-07-17T17:39:20.254290
lacharente,bd6t55092163z,,failed,0,0,,no_usable_pages,known,,,bd6t55092163z: no usable pages in manifest.,2026-07-17T17:39:20.880130
lacharente,bd6t55092164c,,failed,0,0,,no_usable_pages,known,,,bd6t55092164c: no usable pages in manifest.,2026-07-17T17:39:21.137154
lacharente,bd6t55092165s,,failed,0,0,,no_usable_pages,known,,,bd6t55092165s: no usable pages in manifest.,2026-07-17T17:39:21.444127
lacharente,bd6t550921666,,failed,0,0,,no_usable_pages,known,,,bd6t550921666: no usable pages in manifest.,2026-07-17T17:39:22.084135
lacharente,bd6t55092167m,,failed,0,0,,no_usable_pages,known,,,bd6t55092167m: no usable pages in manifest.,2026-07-17T17:39:22.261267
lacharente,bd6t550921681,,failed,0,0,,no_usable_pages,known,,,bd6t550921681: no usable pages in manifest.,2026-07-17T17:39:22.599752
lacharente,bd6t55092169f,,failed,0,0,,no_usable_pages,known,,,bd6t55092169f: no usable pages in manifest.,2026-07-17T17:39:23.178364
lacharente,bd6t550921703,,failed,0,0,,no_usable_pages,known,,,bd6t550921703: no usable pages in manifest.,2026-07-17T17:39:23.458177
lacharente,bd6t55092171h,,failed,0,0,,no_usable_pages,known,,,bd6t55092171h: no usable pages in manifest.,2026-07-17T17:39:23.644721
lacharente,bd6t55092172x,,failed,0,0,,no_usable_pages,known,,,bd6t55092172x: no usable pages in manifest.,2026-07-17T17:39:23.906506
lacharente,bd6t55092173b,,failed,0,0,,no_usable_pages,known,,,bd6t55092173b: no usable pages in manifest.,2026-07-17T17:39:24.506383
lacharente,bd6t55092174r,,failed,0,0,,no_usable_pages,known,,,bd6t55092174r: no usable pages in manifest.,2026-07-17T17:39:24.907500
lacharente,bd6t550921755,,failed,0,0,,no_usable_pages,known,,,bd6t550921755: no usable pages in manifest.,2026-07-17T17:39:25.151721
lacharente,bd6t55092176k,,failed,0,0,,no_usable_pages,known,,,bd6t55092176k: no usable pages in manifest.,2026-07-17T17:39:25.799410
lacharente,bd6t550921770,,failed,0,0,,no_usable_pages,known,,,bd6t550921770: no usable pages in manifest.,2026-07-17T17:39:26.192948
lacharente,bd6t55092178d,,failed,0,0,,no_usable_pages,known,,,bd6t55092178d: no usable pages in manifest.,2026-07-17T17:39:26.489213
lacharente,bd6t55092179t,,failed,0,0,,no_usable_pages,known,,,bd6t55092179t: no usable pages in manifest.,2026-07-17T17:39:26.959145
lacharente,bd6t55092180g,,failed,0,0,,no_usable_pages,known,,,bd6t55092180g: no usable pages in manifest.,2026-07-17T17:39:27.282039
lacharente,bd6t55092181w,,failed,0,0,,no_usable_pages,known,,,bd6t55092181w: no usable pages in manifest.,2026-07-17T17:39:27.695551
lacharente,bd6t550921829,,failed,0,0,,no_usable_pages,known,,,bd6t550921829: no usable pages in manifest.,2026-07-17T17:39:28.197598
lacharente,bd6t55092183q,,failed,0,0,,no_usable_pages,known,,,bd6t55092183q: no usable pages in manifest.,2026-07-17T17:39:28.441844
lacharente,bd6t550921844,,failed,0,0,,no_usable_pages,known,,,bd6t550921844: no usable pages in manifest.,2026-07-17T17:39:28.801630
lacharente,bd6t55092185j,,failed,0,0,,no_usable_pages,known,,,bd6t55092185j: no usable pages in manifest.,2026-07-17T17:39:29.500128
lacharente,bd6t55092186z,,failed,0,0,,no_usable_pages,known,,,bd6t55092186z: no usable pages in manifest.,2026-07-17T17:39:29.876609
lacharente,bd6t55092187c,,failed,0,0,,no_usable_pages,known,,,bd6t55092187c: no usable pages in manifest.,2026-07-17T17:39:30.456453
lacharente,bd6t55092188s,,failed,0,0,,no_usable_pages,known,,,bd6t55092188s: no usable pages in manifest.,2026-07-17T17:39:31.034431
lacharente,bd6t550921896,,failed,0,0,,no_usable_pages,known,,,bd6t550921896: no usable pages in manifest.,2026-07-17T17:39:31.587998
lacharente,bd6t55092190v,,failed,0,0,,no_usable_pages,known,,,bd6t55092190v: no usable pages in manifest.,2026-07-17T17:39:32.513664
lacharente,bd6t550921918,,failed,0,0,,no_usable_pages,known,,,bd6t550921918: no usable pages in manifest.,2026-07-17T17:39:32.911760
lacharente,bd6t55092192p,,failed,0,0,,no_usable_pages,known,,,bd6t55092192p: no usable pages in manifest.,2026-07-17T17:39:33.533003
lacharente,bd6t550921933,,failed,0,0,,no_usable_pages,known,,,bd6t550921933: no usable pages in manifest.,2026-07-17T17:39:33.897734
lacharente,bd6t55092194h,,failed,0,0,,no_usable_pages,known,,,bd6t55092194h: no usable pages in manifest.,2026-07-17T17:39:34.347135
lacharente,bd6t55092195x,,failed,0,0,,no_usable_pages,known,,,bd6t55092195x: no usable pages in manifest.,2026-07-17T17:39:34.728897
lacharente,bd6t55092196b,,failed,0,0,,no_usable_pages,known,,,bd6t55092196b: no usable pages in manifest.,2026-07-17T17:39:35.116739
lacharente,bd6t55092197r,,failed,0,0,,no_usable_pages,known,,,bd6t55092197r: no usable pages in manifest.,2026-07-17T17:39:35.882456
lacharente,bd6t550921985,,failed,0,0,,no_usable_pages,known,,,bd6t550921985: no usable pages in manifest.,2026-07-17T17:39:36.158840
lacharente,bd6t55092199k,,failed,0,0,,no_usable_pages,known,,,bd6t55092199k: no usable pages in manifest.,2026-07-17T17:39:36.532762
lacharente,bd6t55092200s,,failed,0,0,,no_usable_pages,known,,,bd6t55092200s: no usable pages in manifest.,2026-07-17T17:39:37.173825
lacharente,bd6t550922016,,failed,0,0,,no_usable_pages,known,,,bd6t550922016: no usable pages in manifest.,2026-07-17T17:39:37.388603
lacharente,bd6t55092202m,,failed,0,0,,no_usable_pages,known,,,bd6t55092202m: no usable pages in manifest.,2026-07-17T17:39:37.681980
lacharente,bd6t550922031,,failed,0,0,,no_usable_pages,known,,,bd6t550922031: no usable pages in manifest.,2026-07-17T17:39:38.368893
lacharente,bd6t55092204f,,failed,0,0,,no_usable_pages,known,,,bd6t55092204f: no usable pages in manifest.,2026-07-17T17:39:38.808184
lacharente,bd6t55092205v,,failed,0,0,,no_usable_pages,known,,,bd6t55092205v: no usable pages in manifest.,2026-07-17T17:39:39.132538
lacharente,bd6t550922068,,failed,0,0,,no_usable_pages,known,,,bd6t550922068: no usable pages in manifest.,2026-07-17T17:39:39.847995
lacharente,bd6t55092207p,,failed,0,0,,no_usable_pages,known,,,bd6t55092207p: no usable pages in manifest.,2026-07-17T17:39:40.002854
lacharente,bd6t550922083,,failed,0,0,,no_usable_pages,known,,,bd6t550922083: no usable pages in manifest.,2026-07-17T17:39:40.568777
lacharente,bd6t55092209h,,failed,0,0,,no_usable_pages,known,,,bd6t55092209h: no usable pages in manifest.,2026-07-17T17:39:41.191234
lacharente,bd6t550922105,,failed,0,0,,no_usable_pages,known,,,bd6t550922105: no usable pages in manifest.,2026-07-17T17:39:41.621877
lacharente,bd6t55092211k,,failed,0,0,,no_usable_pages,known,,,bd6t55092211k: no usable pages in manifest.,2026-07-17T17:39:42.429956
lacharente,bd6t550922120,,failed,0,0,,no_usable_pages,known,,,bd6t550922120: no usable pages in manifest.,2026-07-17T17:39:42.850086
lacharente,bd6t55092213d,,failed,0,0,,no_usable_pages,known,,,bd6t55092213d: no usable pages in manifest.,2026-07-17T17:39:43.126271
lacharente,bd6t55092214t,,failed,0,0,,no_usable_pages,known,,,bd6t55092214t: no usable pages in manifest.,2026-07-17T17:39:43.659410
lacharente,bd6t550922157,,failed,0,0,,no_usable_pages,known,,,bd6t550922157: no usable pages in manifest.,2026-07-17T17:39:44.033527
lacharente,bd6t55092216n,,failed,0,0,,no_usable_pages,known,,,bd6t55092216n: no usable pages in manifest.,2026-07-17T17:39:44.372575
lacharente,bd6t550922172,,failed,0,0,,no_usable_pages,known,,,bd6t550922172: no usable pages in manifest.,2026-07-17T17:39:45.108586
lacharente,bd6t55092218g,,failed,0,0,,no_usable_pages,known,,,bd6t55092218g: no usable pages in manifest.,2026-07-17T17:39:45.452051
lacharente,bd6t55092219w,,failed,0,0,,no_usable_pages,known,,,bd6t55092219w: no usable pages in manifest.,2026-07-17T17:39:46.177689
lacharente,bd6t55092220j,,failed,0,0,,no_usable_pages,known,,,bd6t55092220j: no usable pages in manifest.,2026-07-17T17:39:46.546683
lacharente,bd6t55092221z,,failed,0,0,,no_usable_pages,known,,,bd6t55092221z: no usable pages in manifest.,2026-07-17T17:39:47.164491
lacharente,bd6t55092222c,,failed,0,0,,no_usable_pages,known,,,bd6t55092222c: no usable pages in manifest.,2026-07-17T17:39:47.725491
lacharente,bd6t55092223s,,failed,0,0,,no_usable_pages,known,,,bd6t55092223s: no usable pages in manifest.,2026-07-17T17:39:48.095744
lacharente,bd6t550922246,,failed,0,0,,no_usable_pages,known,,,bd6t550922246: no usable pages in manifest.,2026-07-17T17:39:48.401691
lacharente,bd6t55092225m,,failed,0,0,,no_usable_pages,known,,,bd6t55092225m: no usable pages in manifest.,2026-07-17T17:39:49.059225
lacharente,bd6t550922261,,failed,0,0,,no_usable_pages,known,,,bd6t550922261: no usable pages in manifest.,2026-07-17T17:39:49.463399
lacharente,bd6t55092227f,,failed,0,0,,no_usable_pages,known,,,bd6t55092227f: no usable pages in manifest.,2026-07-17T17:39:50.202522
lacharente,bd6t55092228v,,failed,0,0,,no_usable_pages,known,,,bd6t55092228v: no usable pages in manifest.,2026-07-17T17:39:50.654194
lacharente,bd6t550922298,,failed,0,0,,no_usable_pages,known,,,bd6t550922298: no usable pages in manifest.,2026-07-17T17:39:50.987730
lacharente,bd6t55092230x,,failed,0,0,,no_usable_pages,known,,,bd6t55092230x: no usable pages in manifest.,2026-07-17T17:39:51.477468
lacharente,bd6t55092231b,,failed,0,0,,no_usable_pages,known,,,bd6t55092231b: no usable pages in manifest.,2026-07-17T17:39:52.339862
lacharente,bd6t55092232r,,failed,0,0,,no_usable_pages,known,,,bd6t55092232r: no usable pages in manifest.,2026-07-17T17:39:53.196358
lacharente,bd6t550922335,,failed,0,0,,no_usable_pages,known,,,bd6t550922335: no usable pages in manifest.,2026-07-17T17:39:53.616917
lacharente,bd6t55092234k,,failed,0,0,,no_usable_pages,known,,,bd6t55092234k: no usable pages in manifest.,2026-07-17T17:39:54.712541
lacharente,bd6t550922350,,failed,0,0,,no_usable_pages,known,,,bd6t550922350: no usable pages in manifest.,2026-07-17T17:39:55.344574
lacharente,bd6t55092236d,,failed,0,0,,no_usable_pages,known,,,bd6t55092236d: no usable pages in manifest.,2026-07-17T17:39:55.699306
lacharente,bd6t55092237t,,failed,0,0,,no_usable_pages,known,,,bd6t55092237t: no usable pages in manifest.,2026-07-17T17:39:56.553563
lacharente,bd6t550922387,,failed,0,0,,no_usable_pages,known,,,bd6t550922387: no usable pages in manifest.,2026-07-17T17:39:57.060361
lacharente,bd6t55092239n,,failed,0,0,,no_usable_pages,known,,,bd6t55092239n: no usable pages in manifest.,2026-07-17T17:39:57.343662
lacharente,bd6t550922409,,failed,0,0,,no_usable_pages,known,,,bd6t550922409: no usable pages in manifest.,2026-07-17T17:39:57.902701
lacharente,bd6t55092241q,,failed,0,0,,no_usable_pages,known,,,bd6t55092241q: no usable pages in manifest.,2026-07-17T17:39:58.293242
lacharente,bd6t550922424,,failed,0,0,,no_usable_pages,known,,,bd6t550922424: no usable pages in manifest.,2026-07-17T17:39:58.610076
lacharente,bd6t55092243j,,failed,0,0,,no_usable_pages,known,,,bd6t55092243j: no usable pages in manifest.,2026-07-17T17:39:59.479182
lacharente,bd6t55092244z,,failed,0,0,,no_usable_pages,known,,,bd6t55092244z: no usable pages in manifest.,2026-07-17T17:39:59.974646
lacharente,bd6t55092245c,,failed,0,0,,no_usable_pages,known,,,bd6t55092245c: no usable pages in manifest.,2026-07-17T17:40:00.839306
lacharente,bd6t55092246s,,failed,0,0,,no_usable_pages,known,,,bd6t55092246s: no usable pages in manifest.,2026-07-17T17:40:01.199939
lacharente,bd6t550922476,,failed,0,0,,no_usable_pages,known,,,bd6t550922476: no usable pages in manifest.,2026-07-17T17:40:01.909215
lacharente,bd6t55092248m,,failed,0,0,,no_usable_pages,known,,,bd6t55092248m: no usable pages in manifest.,2026-07-17T17:40:02.433518
lacharente,bd6t550922491,,failed,0,0,,no_usable_pages,known,,,bd6t550922491: no usable pages in manifest.,2026-07-17T17:40:02.986564
lacharente,bd6t55092250p,,failed,0,0,,no_usable_pages,known,,,bd6t55092250p: no usable pages in manifest.,2026-07-17T17:40:03.449020
lacharente,bd6t550922513,,failed,0,0,,no_usable_pages,known,,,bd6t550922513: no usable pages in manifest.,2026-07-17T17:40:03.780761
lacharente,bd6t55092252h,,failed,0,0,,no_usable_pages,known,,,bd6t55092252h: no usable pages in manifest.,2026-07-17T17:40:04.297520
lacharente,bd6t55092253x,,failed,0,0,,no_usable_pages,known,,,bd6t55092253x: no usable pages in manifest.,2026-07-17T17:40:04.802247
lacharente,bd6t55092254b,,failed,0,0,,no_usable_pages,known,,,bd6t55092254b: no usable pages in manifest.,2026-07-17T17:40:05.371464
lacharente,bd6t55092255r,,failed,0,0,,no_usable_pages,known,,,bd6t55092255r: no usable pages in manifest.,2026-07-17T17:40:06.020381
lacharente,bd6t550922565,,failed,0,0,,no_usable_pages,known,,,bd6t550922565: no usable pages in manifest.,2026-07-17T17:40:06.331380
lacharente,bd6t55092257k,,failed,0,0,,no_usable_pages,known,,,bd6t55092257k: no usable pages in manifest.,2026-07-17T17:40:06.733737
lacharente,bd6t550922580,,failed,0,0,,no_usable_pages,known,,,bd6t550922580: no usable pages in manifest.,2026-07-17T17:40:07.296909
lacharente,bd6t55092259d,,failed,0,0,,no_usable_pages,known,,,bd6t55092259d: no usable pages in manifest.,2026-07-17T17:40:07.736229
lacharente,bd6t550922602,,failed,0,0,,no_usable_pages,known,,,bd6t550922602: no usable pages in manifest.,2026-07-17T17:40:08.326126
lacharente,bd6t55092261g,,failed,0,0,,no_usable_pages,known,,,bd6t55092261g: no usable pages in manifest.,2026-07-17T17:40:08.618724
lacharente,bd6t55092262w,,failed,0,0,,no_usable_pages,known,,,bd6t55092262w: no usable pages in manifest.,2026-07-17T17:40:09.025548
lacharente,bd6t550922639,,failed,0,0,,no_usable_pages,known,,,bd6t550922639: no usable pages in manifest.,2026-07-17T17:40:09.748737
lacharente,bd6t55092264q,,failed,0,0,,no_usable_pages,known,,,bd6t55092264q: no usable pages in manifest.,2026-07-17T17:40:10.168906
lacharente,bd6t550922654,,failed,0,0,,no_usable_pages,known,,,bd6t550922654: no usable pages in manifest.,2026-07-17T17:40:10.661429
lacharente,bd6t55092266j,,failed,0,0,,no_usable_pages,known,,,bd6t55092266j: no usable pages in manifest.,2026-07-17T17:40:11.242922
lacharente,bd6t55092267z,,failed,0,0,,no_usable_pages,known,,,bd6t55092267z: no usable pages in manifest.,2026-07-17T17:40:11.797455
lacharente,bd6t55092268c,,failed,0,0,,no_usable_pages,known,,,bd6t55092268c: no usable pages in manifest.,2026-07-17T17:40:12.451733
lacharente,bd6t55092269s,,failed,0,0,,no_usable_pages,known,,,bd6t55092269s: no usable pages in manifest.,2026-07-17T17:40:13.109075
lacharente,bd6t55092271v,,failed,0,0,,no_usable_pages,known,,,bd6t55092271v: no usable pages in manifest.,2026-07-17T17:40:13.563388
lacharente,bd6t550922728,,failed,0,0,,no_usable_pages,known,,,bd6t550922728: no usable pages in manifest.,2026-07-17T17:40:13.973599
lacharente,bd6t55092273p,,failed,0,0,,no_usable_pages,known,,,bd6t55092273p: no usable pages in manifest.,2026-07-17T17:40:14.444957
lacharente,bd6t550922743,,failed,0,0,,no_usable_pages,known,,,bd6t550922743: no usable pages in manifest.,2026-07-17T17:40:15.098957
lacharente,bd6t55092275h,,failed,0,0,,no_usable_pages,known,,,bd6t55092275h: no usable pages in manifest.,2026-07-17T17:40:15.629090
lacharente,bd6t55092276x,,failed,0,0,,no_usable_pages,known,,,bd6t55092276x: no usable pages in manifest.,2026-07-17T17:40:16.305963
lacharente,bd6t55092277b,,failed,0,0,,no_usable_pages,known,,,bd6t55092277b: no usable pages in manifest.,2026-07-17T17:40:16.604638
lacharente,bd6t55092278r,,failed,0,0,,no_usable_pages,known,,,bd6t55092278r: no usable pages in manifest.,2026-07-17T17:40:16.832093
lacharente,bd6t550922795,,failed,0,0,,no_usable_pages,known,,,bd6t550922795: no usable pages in manifest.,2026-07-17T17:40:17.479103
lacharente,bd6t55092280t,,failed,0,0,,no_usable_pages,known,,,bd6t55092280t: no usable pages in manifest.,2026-07-17T17:40:18.110618
lacharente,bd6t550922817,,failed,0,0,,no_usable_pages,known,,,bd6t550922817: no usable pages in manifest.,2026-07-17T17:40:18.738259
lacharente,bd6t55092282n,,failed,0,0,,no_usable_pages,known,,,bd6t55092282n: no usable pages in manifest.,2026-07-17T17:40:19.198293
lacharente,bd6t550922832,,failed,0,0,,no_usable_pages,known,,,bd6t550922832: no usable pages in manifest.,2026-07-17T17:40:19.561816
lacharente,bd6t55092284g,,failed,0,0,,no_usable_pages,known,,,bd6t55092284g: no usable pages in manifest.,2026-07-17T17:40:20.058095
lacharente,bd6t55092285w,,failed,0,0,,no_usable_pages,known,,,bd6t55092285w: no usable pages in manifest.,2026-07-17T17:40:20.655334
lacharente,bd6t550922869,,failed,0,0,,no_usable_pages,known,,,bd6t550922869: no usable pages in manifest.,2026-07-17T17:40:21.225654
lacharente,bd6t55092287q,,failed,0,0,,no_usable_pages,known,,,bd6t55092287q: no usable pages in manifest.,2026-07-17T17:40:21.707240
lacharente,bd6t550922884,,failed,0,0,,no_usable_pages,known,,,bd6t550922884: no usable pages in manifest.,2026-07-17T17:40:21.916582
lacharente,bd6t55092289j,,failed,0,0,,no_usable_pages,known,,,bd6t55092289j: no usable pages in manifest.,2026-07-17T17:40:22.520088
lacharente,bd6t550922906,,failed,0,0,,no_usable_pages,known,,,bd6t550922906: no usable pages in manifest.,2026-07-17T17:40:23.211040
lacharente,bd6t55092291m,,failed,0,0,,no_usable_pages,known,,,bd6t55092291m: no usable pages in manifest.,2026-07-17T17:40:23.870298
lacharente,bd6t550922921,,failed,0,0,,no_usable_pages,known,,,bd6t550922921: no usable pages in manifest.,2026-07-17T17:40:24.277347
lacharente,bd6t55092293f,,failed,0,0,,no_usable_pages,known,,,bd6t55092293f: no usable pages in manifest.,2026-07-17T17:40:24.767845
lacharente,bd6t55092294v,,failed,0,0,,no_usable_pages,known,,,bd6t55092294v: no usable pages in manifest.,2026-07-17T17:40:25.338872
lacharente,bd6t550922958,,failed,0,0,,no_usable_pages,known,,,bd6t550922958: no usable pages in manifest.,2026-07-17T17:40:25.589632
lacharente,bd6t55092296p,,failed,0,0,,no_usable_pages,known,,,bd6t55092296p: no usable pages in manifest.,2026-07-17T17:40:26.166931
lacharente,bd6t550922973,,failed,0,0,,no_usable_pages,known,,,bd6t550922973: no usable pages in manifest.,2026-07-17T17:40:26.595147
lacharente,bd6t55092298h,,failed,0,0,,no_usable_pages,known,,,bd6t55092298h: no usable pages in manifest.,2026-07-17T17:40:27.051093
lacharente,bd6t55092299x,,failed,0,0,,no_usable_pages,known,,,bd6t55092299x: no usable pages in manifest.,2026-07-17T17:40:27.690713
lacharente,bd6t550923004,,failed,0,0,,no_usable_pages,known,,,bd6t550923004: no usable pages in manifest.,2026-07-17T17:40:28.179869
lacharente,bd6t55092301j,,failed,0,0,,no_usable_pages,known,,,bd6t55092301j: no usable pages in manifest.,2026-07-17T17:40:28.474489
lacharente,bd6t55092302z,,failed,0,0,,no_usable_pages,known,,,bd6t55092302z: no usable pages in manifest.,2026-07-17T17:40:29.477458
lacharente,bd6t55092303c,,failed,0,0,,no_usable_pages,known,,,bd6t55092303c: no usable pages in manifest.,2026-07-17T17:40:29.714630
lacharente,bd6t55092304s,,failed,0,0,,no_usable_pages,known,,,bd6t55092304s: no usable pages in manifest.,2026-07-17T17:40:30.749435
lacharente,bd6t550923056,,failed,0,0,,no_usable_pages,known,,,bd6t550923056: no usable pages in manifest.,2026-07-17T17:40:31.180008
lacharente,bd6t55092306m,,failed,0,0,,no_usable_pages,known,,,bd6t55092306m: no usable pages in manifest.,2026-07-17T17:40:31.656610
lacharente,bd6t550923071,,failed,0,0,,no_usable_pages,known,,,bd6t550923071: no usable pages in manifest.,2026-07-17T17:40:32.207685
lacharente,bd6t55092308f,,failed,0,0,,no_usable_pages,known,,,bd6t55092308f: no usable pages in manifest.,2026-07-17T17:40:33.009035
lacharente,bd6t55092309v,,failed,0,0,,no_usable_pages,known,,,bd6t55092309v: no usable pages in manifest.,2026-07-17T17:40:33.268584
lacharente,bd6t55092310h,,failed,0,0,,no_usable_pages,known,,,bd6t55092310h: no usable pages in manifest.,2026-07-17T17:40:33.561889
lacharente,bd6t55092311x,,failed,0,0,,no_usable_pages,known,,,bd6t55092311x: no usable pages in manifest.,2026-07-17T17:40:34.305027
lacharente,bd6t55092312b,,failed,0,0,,no_usable_pages,known,,,bd6t55092312b: no usable pages in manifest.,2026-07-17T17:40:34.673484
lacharente,bd6t55092313r,,failed,0,0,,no_usable_pages,known,,,bd6t55092313r: no usable pages in manifest.,2026-07-17T17:40:35.189416
lacharente,bd6t550923145,,failed,0,0,,no_usable_pages,known,,,bd6t550923145: no usable pages in manifest.,2026-07-17T17:40:35.738352
lacharente,bd6t55092315k,,failed,0,0,,no_usable_pages,known,,,bd6t55092315k: no usable pages in manifest.,2026-07-17T17:40:36.278633
lacharente,bd6t550923160,,failed,0,0,,no_usable_pages,known,,,bd6t550923160: no usable pages in manifest.,2026-07-17T17:40:36.888152
lacharente,bd6t55092317d,,failed,0,0,,no_usable_pages,known,,,bd6t55092317d: no usable pages in manifest.,2026-07-17T17:40:37.241635
lacharente,bd6t55092318t,,failed,0,0,,no_usable_pages,known,,,bd6t55092318t: no usable pages in manifest.,2026-07-17T17:40:37.735228
lacharente,bd6t550923197,,failed,0,0,,no_usable_pages,known,,,bd6t550923197: no usable pages in manifest.,2026-07-17T17:40:38.210577
lacharente,bd6t55092320w,,failed,0,0,,no_usable_pages,known,,,bd6t55092320w: no usable pages in manifest.,2026-07-17T17:40:38.627054
lacharente,bd6t550923219,,failed,0,0,,no_usable_pages,known,,,bd6t550923219: no usable pages in manifest.,2026-07-17T17:40:38.931760
lacharente,bd6t55092322q,,failed,0,0,,no_usable_pages,known,,,bd6t55092322q: no usable pages in manifest.,2026-07-17T17:40:39.558983
lacharente,bd6t550923234,,failed,0,0,,no_usable_pages,known,,,bd6t550923234: no usable pages in manifest.,2026-07-17T17:40:39.805009
lacharente,bd6t55092324j,,failed,0,0,,no_usable_pages,known,,,bd6t55092324j: no usable pages in manifest.,2026-07-17T17:40:40.559341
lacharente,bd6t55092325z,,failed,0,0,,no_usable_pages,known,,,bd6t55092325z: no usable pages in manifest.,2026-07-17T17:40:40.882875
lacharente,bd6t55092326c,,failed,0,0,,no_usable_pages,known,,,bd6t55092326c: no usable pages in manifest.,2026-07-17T17:40:41.142130
lacharente,bd6t55092327s,,failed,0,0,,no_usable_pages,known,,,bd6t55092327s: no usable pages in manifest.,2026-07-17T17:40:41.881920
lacharente,bd6t550923286,,failed,0,0,,no_usable_pages,known,,,bd6t550923286: no usable pages in manifest.,2026-07-17T17:40:42.520779
lacharente,bd6t55092329m,,failed,0,0,,no_usable_pages,known,,,bd6t55092329m: no usable pages in manifest.,2026-07-17T17:40:43.309551
lacharente,bd6t550923308,,failed,0,0,,no_usable_pages,known,,,bd6t550923308: no usable pages in manifest.,2026-07-17T17:40:43.647896
lacharente,bd6t55092331p,,failed,0,0,,no_usable_pages,known,,,bd6t55092331p: no usable pages in manifest.,2026-07-17T17:40:43.957356
lacharente,bd6t550923323,,failed,0,0,,no_usable_pages,known,,,bd6t550923323: no usable pages in manifest.,2026-07-17T17:40:44.680757
lacharente,bd6t55092333h,,failed,0,0,,no_usable_pages,known,,,bd6t55092333h: no usable pages in manifest.,2026-07-17T17:40:45.083919
lacharente,bd6t55092334x,,failed,0,0,,no_usable_pages,known,,,bd6t55092334x: no usable pages in manifest.,2026-07-17T17:40:45.935277
lacharente,bd6t55092335b,,failed,0,0,,no_usable_pages,known,,,bd6t55092335b: no usable pages in manifest.,2026-07-17T17:40:46.194844
lacharente,bd6t55092336r,,failed,0,0,,no_usable_pages,known,,,bd6t55092336r: no usable pages in manifest.,2026-07-17T17:40:46.526024
lacharente,bd6t550923375,,failed,0,0,,no_usable_pages,known,,,bd6t550923375: no usable pages in manifest.,2026-07-17T17:40:47.347296
lacharente,bd6t55092338k,,failed,0,0,,no_usable_pages,known,,,bd6t55092338k: no usable pages in manifest.,2026-07-17T17:40:47.710676
lacharente,bd6t550923390,,failed,0,0,,no_usable_pages,known,,,bd6t550923390: no usable pages in manifest.,2026-07-17T17:40:48.517029
lacharente,bd6t55092340n,,failed,0,0,,no_usable_pages,known,,,bd6t55092340n: no usable pages in manifest.,2026-07-17T17:40:48.837687
lacharente,bd6t550923412,,failed,0,0,,no_usable_pages,known,,,bd6t550923412: no usable pages in manifest.,2026-07-17T17:40:49.546856
lacharente,bd6t55092342g,,failed,0,0,,no_usable_pages,known,,,bd6t55092342g: no usable pages in manifest.,2026-07-17T17:40:49.883197
lacharente,bd6t55092343w,,failed,0,0,,no_usable_pages,known,,,bd6t55092343w: no usable pages in manifest.,2026-07-17T17:40:50.102660
lacharente,bd6t550923449,,failed,0,0,,no_usable_pages,known,,,bd6t550923449: no usable pages in manifest.,2026-07-17T17:40:50.752539
lacharente,bd6t55092345q,,failed,0,0,,no_usable_pages,known,,,bd6t55092345q: no usable pages in manifest.,2026-07-17T17:40:51.266090
lacharente,bd6t550923464,,failed,0,0,,no_usable_pages,known,,,bd6t550923464: no usable pages in manifest.,2026-07-17T17:40:51.986025
lacharente,bd6t55092347j,,failed,0,0,,no_usable_pages,known,,,bd6t55092347j: no usable pages in manifest.,2026-07-17T17:40:52.993415
lacharente,bd6t55092348z,,failed,0,0,,no_usable_pages,known,,,bd6t55092348z: no usable pages in manifest.,2026-07-17T17:40:53.713232
lacharente,bd6t55092349c,,failed,0,0,,no_usable_pages,known,,,bd6t55092349c: no usable pages in manifest.,2026-07-17T17:40:54.144071
lacharente,bd6t550923501,,failed,0,0,,no_usable_pages,known,,,bd6t550923501: no usable pages in manifest.,2026-07-17T17:40:54.432102
lacharente,bd6t55092351f,,failed,0,0,,no_usable_pages,known,,,bd6t55092351f: no usable pages in manifest.,2026-07-17T17:40:55.369166
lacharente,bd6t55092352v,,failed,0,0,,no_usable_pages,known,,,bd6t55092352v: no usable pages in manifest.,2026-07-17T17:40:55.844459
lacharente,bd6t550923538,,failed,0,0,,no_usable_pages,known,,,bd6t550923538: no usable pages in manifest.,2026-07-17T17:40:56.401565
lacharente,bd6t55092354p,,failed,0,0,,no_usable_pages,known,,,bd6t55092354p: no usable pages in manifest.,2026-07-17T17:40:56.873967
lacharente,bd6t550923553,,failed,0,0,,no_usable_pages,known,,,bd6t550923553: no usable pages in manifest.,2026-07-17T17:40:57.148539
lacharente,bd6t55092356h,,failed,0,0,,no_usable_pages,known,,,bd6t55092356h: no usable pages in manifest.,2026-07-17T17:40:57.776297
lacharente,bd6t55092357x,,failed,0,0,,no_usable_pages,known,,,bd6t55092357x: no usable pages in manifest.,2026-07-17T17:40:58.276439
lacharente,bd6t55092358b,,failed,0,0,,no_usable_pages,known,,,bd6t55092358b: no usable pages in manifest.,2026-07-17T17:40:58.957045
lacharente,bd6t55092359r,,failed,0,0,,no_usable_pages,known,,,bd6t55092359r: no usable pages in manifest.,2026-07-17T17:40:59.420658
lacharente,bd6t55092360d,,failed,0,0,,no_usable_pages,known,,,bd6t55092360d: no usable pages in manifest.,2026-07-17T17:41:00.043541
lacharente,bd6t55092361t,,failed,0,0,,no_usable_pages,known,,,bd6t55092361t: no usable pages in manifest.,2026-07-17T17:41:00.530536
lacharente,bd6t550923627,,failed,0,0,,no_usable_pages,known,,,bd6t550923627: no usable pages in manifest.,2026-07-17T17:41:00.835555
lacharente,bd6t55092363n,,failed,0,0,,no_usable_pages,known,,,bd6t55092363n: no usable pages in manifest.,2026-07-17T17:41:01.510043
lacharente,bd6t550923642,,failed,0,0,,no_usable_pages,known,,,bd6t550923642: no usable pages in manifest.,2026-07-17T17:41:01.831825
lacharente,bd6t55092365g,,failed,0,0,,no_usable_pages,known,,,bd6t55092365g: no usable pages in manifest.,2026-07-17T17:41:02.534580
lacharente,bd6t55092366w,,failed,0,0,,no_usable_pages,known,,,bd6t55092366w: no usable pages in manifest.,2026-07-17T17:41:03.051997
lacharente,bd6t550923679,,failed,0,0,,no_usable_pages,known,,,bd6t550923679: no usable pages in manifest.,2026-07-17T17:41:03.862669
lacharente,bd6t55092368q,,failed,0,0,,no_usable_pages,known,,,bd6t55092368q: no usable pages in manifest.,2026-07-17T17:41:04.235089
lacharente,bd6t550923694,,failed,0,0,,no_usable_pages,known,,,bd6t550923694: no usable pages in manifest.,2026-07-17T17:41:04.898850
lacharente,bd6t55092370s,,failed,0,0,,no_usable_pages,known,,,bd6t55092370s: no usable pages in manifest.,2026-07-17T17:41:05.281336
lacharente,bd6t550923716,,failed,0,0,,no_usable_pages,known,,,bd6t550923716: no usable pages in manifest.,2026-07-17T17:41:05.637651
lacharente,bd6t55092372m,,failed,0,0,,no_usable_pages,known,,,bd6t55092372m: no usable pages in manifest.,2026-07-17T17:41:06.213376
lacharente,bd6t550923731,,failed,0,0,,no_usable_pages,known,,,bd6t550923731: no usable pages in manifest.,2026-07-17T17:41:06.706460
lacharente,bd6t55092374f,,failed,0,0,,no_usable_pages,known,,,bd6t55092374f: no usable pages in manifest.,2026-07-17T17:41:07.195200
lacharente,bd6t55092375v,,failed,0,0,,no_usable_pages,known,,,bd6t55092375v: no usable pages in manifest.,2026-07-17T17:41:07.521856
lacharente,bd6t550923768,,failed,0,0,,no_usable_pages,known,,,bd6t550923768: no usable pages in manifest.,2026-07-17T17:41:08.005669
lacharente,bd6t55092377p,,failed,0,0,,no_usable_pages,known,,,bd6t55092377p: no usable pages in manifest.,2026-07-17T17:41:08.633964
lacharente,bd6t550923783,,failed,0,0,,no_usable_pages,known,,,bd6t550923783: no usable pages in manifest.,2026-07-17T17:41:08.990057
lacharente,bd6t55092379h,,failed,0,0,,no_usable_pages,known,,,bd6t55092379h: no usable pages in manifest.,2026-07-17T17:41:09.192098
lacharente,bd6t550923805,,failed,0,0,,no_usable_pages,known,,,bd6t550923805: no usable pages in manifest.,2026-07-17T17:41:09.976808
lacharente,bd6t55092381k,,failed,0,0,,no_usable_pages,known,,,bd6t55092381k: no usable pages in manifest.,2026-07-17T17:41:10.587237
lacharente,bd6t550923820,,failed,0,0,,no_usable_pages,known,,,bd6t550923820: no usable pages in manifest.,2026-07-17T17:41:11.064763
lacharente,bd6t55092383d,,failed,0,0,,no_usable_pages,known,,,bd6t55092383d: no usable pages in manifest.,2026-07-17T17:41:11.296051
lacharente,bd6t55092384t,,failed,0,0,,no_usable_pages,known,,,bd6t55092384t: no usable pages in manifest.,2026-07-17T17:41:11.847079
lacharente,bd6t550923857,,failed,0,0,,no_usable_pages,known,,,bd6t550923857: no usable pages in manifest.,2026-07-17T17:41:12.296596
lacharente,bd6t55092386n,,failed,0,0,,no_usable_pages,known,,,bd6t55092386n: no usable pages in manifest.,2026-07-17T17:41:13.059835
lacharente,bd6t550923872,,failed,0,0,,no_usable_pages,known,,,bd6t550923872: no usable pages in manifest.,2026-07-17T17:41:13.448015
lacharente,bd6t55092388g,,failed,0,0,,no_usable_pages,known,,,bd6t55092388g: no usable pages in manifest.,2026-07-17T17:41:13.709388
lacharente,bd6t55092389w,,failed,0,0,,no_usable_pages,known,,,bd6t55092389w: no usable pages in manifest.,2026-07-17T17:41:14.268250
lacharente,bd6t55092390j,,failed,0,0,,no_usable_pages,known,,,bd6t55092390j: no usable pages in manifest.,2026-07-17T17:41:14.703720
lacharente,bd6t55092391z,,failed,0,0,,no_usable_pages,known,,,bd6t55092391z: no usable pages in manifest.,2026-07-17T17:41:15.065946
lacharente,bd6t55092392c,,failed,0,0,,no_usable_pages,known,,,bd6t55092392c: no usable pages in manifest.,2026-07-17T17:41:15.382472
lacharente,bd6t55092393s,,failed,0,0,,no_usable_pages,known,,,bd6t55092393s: no usable pages in manifest.,2026-07-17T17:41:15.975699
lacharente,bd6t550923946,,failed,0,0,,no_usable_pages,known,,,bd6t550923946: no usable pages in manifest.,2026-07-17T17:41:16.339194
lacharente,bd6t55092395m,,failed,0,0,,no_usable_pages,known,,,bd6t55092395m: no usable pages in manifest.,2026-07-17T17:41:16.978396
lacharente,bd6t550923961,,failed,0,0,,no_usable_pages,known,,,bd6t550923961: no usable pages in manifest.,2026-07-17T17:41:17.363672
lacharente,bd6t55092397f,,failed,0,0,,no_usable_pages,known,,,bd6t55092397f: no usable pages in manifest.,2026-07-17T17:41:18.109313
lacharente,bd6t55092398v,,failed,0,0,,no_usable_pages,known,,,bd6t55092398v: no usable pages in manifest.,2026-07-17T17:41:18.567199
lacharente,bd6t550923998,,failed,0,0,,no_usable_pages,known,,,bd6t550923998: no usable pages in manifest.,2026-07-17T17:41:18.928926
lacharente,bd6t55092400g,,failed,0,0,,no_usable_pages,known,,,bd6t55092400g: no usable pages in manifest.,2026-07-17T17:41:19.517761
lacharente,bd6t55092401w,,failed,0,0,,no_usable_pages,known,,,bd6t55092401w: no usable pages in manifest.,2026-07-17T17:41:20.007001
lacharente,bd6t550924029,,failed,0,0,,no_usable_pages,known,,,bd6t550924029: no usable pages in manifest.,2026-07-17T17:41:20.627052
lacharente,bd6t55092403q,,failed,0,0,,no_usable_pages,known,,,bd6t55092403q: no usable pages in manifest.,2026-07-17T17:41:20.895401
lacharente,bd6t550924044,,failed,0,0,,no_usable_pages,known,,,bd6t550924044: no usable pages in manifest.,2026-07-17T17:41:21.178106
lacharente,bd6t55092405j,,failed,0,0,,no_usable_pages,known,,,bd6t55092405j: no usable pages in manifest.,2026-07-17T17:41:21.737007
lacharente,bd6t55092406z,,failed,0,0,,no_usable_pages,known,,,bd6t55092406z: no usable pages in manifest.,2026-07-17T17:41:22.291706
lacharente,bd6t55092407c,,failed,0,0,,no_usable_pages,known,,,bd6t55092407c: no usable pages in manifest.,2026-07-17T17:41:23.094360
lacharente,bd6t55092408s,,failed,0,0,,no_usable_pages,known,,,bd6t55092408s: no usable pages in manifest.,2026-07-17T17:41:23.468182
lacharente,bd6t550924096,,failed,0,0,,no_usable_pages,known,,,bd6t550924096: no usable pages in manifest.,2026-07-17T17:41:23.642859
lacharente,bd6t55092410v,,failed,0,0,,no_usable_pages,known,,,bd6t55092410v: no usable pages in manifest.,2026-07-17T17:41:24.399966
lacharente,bd6t550924118,,failed,0,0,,no_usable_pages,known,,,bd6t550924118: no usable pages in manifest.,2026-07-17T17:41:24.757125
lacharente,bd6t55092412p,,failed,0,0,,no_usable_pages,known,,,bd6t55092412p: no usable pages in manifest.,2026-07-17T17:41:26.039119
lacharente,bd6t55092473c,,failed,0,0,,no_usable_pages,known,,,bd6t55092473c: no usable pages in manifest.,2026-07-17T17:41:26.601853
lacharente,bd6t550924133,,failed,0,0,,no_usable_pages,known,,,bd6t550924133: no usable pages in manifest.,2026-07-17T17:41:27.090563
lacharente,bd6t55092414h,,failed,0,0,,no_usable_pages,known,,,bd6t55092414h: no usable pages in manifest.,2026-07-17T17:41:28.016256
lacharente,bd6t55092415x,,failed,0,0,,no_usable_pages,known,,,bd6t55092415x: no usable pages in manifest.,2026-07-17T17:41:28.559202
lacharente,bd6t55092416b,,failed,0,0,,no_usable_pages,known,,,bd6t55092416b: no usable pages in manifest.,2026-07-17T17:41:29.177360
lacharente,bd6t55092417r,,failed,0,0,,no_usable_pages,known,,,bd6t55092417r: no usable pages in manifest.,2026-07-17T17:41:29.661357
lacharente,bd6t550924185,,failed,0,0,,no_usable_pages,known,,,bd6t550924185: no usable pages in manifest.,2026-07-17T17:41:30.433550
lacharente,bd6t55092419k,,failed,0,0,,no_usable_pages,known,,,bd6t55092419k: no usable pages in manifest.,2026-07-17T17:41:30.726001
lacharente,bd6t550924207,,failed,0,0,,no_usable_pages,known,,,bd6t550924207: no usable pages in manifest.,2026-07-17T17:41:31.079121
lacharente,bd6t55092421n,,failed,0,0,,no_usable_pages,known,,,bd6t55092421n: no usable pages in manifest.,2026-07-17T17:41:31.799277
lacharente,bd6t550924222,,failed,0,0,,no_usable_pages,known,,,bd6t550924222: no usable pages in manifest.,2026-07-17T17:41:31.997700
lacharente,bd6t55092423g,,failed,0,0,,no_usable_pages,known,,,bd6t55092423g: no usable pages in manifest.,2026-07-17T17:41:32.203200
lacharente,bd6t55092424w,,failed,0,0,,no_usable_pages,known,,,bd6t55092424w: no usable pages in manifest.,2026-07-17T17:41:32.530061
lacharente,bd6t550924860,,failed,0,0,,no_usable_pages,known,,,bd6t550924860: no usable pages in manifest.,2026-07-17T17:41:33.181182
lacharente,bd6t550924259,,failed,0,0,,no_usable_pages,known,,,bd6t550924259: no usable pages in manifest.,2026-07-17T17:41:33.559688
lacharente,bd6t55092426q,,failed,0,0,,no_usable_pages,known,,,bd6t55092426q: no usable pages in manifest.,2026-07-17T17:41:33.962749
lacharente,bd6t550924274,,failed,0,0,,no_usable_pages,known,,,bd6t550924274: no usable pages in manifest.,2026-07-17T17:41:34.777818
lacharente,bd6t55092428j,,failed,0,0,,no_usable_pages,known,,,bd6t55092428j: no usable pages in manifest.,2026-07-17T17:41:35.105982
lacharente,bd6t55092429z,,failed,0,0,,no_usable_pages,known,,,bd6t55092429z: no usable pages in manifest.,2026-07-17T17:41:35.593924
lacharente,bd6t55092430m,,failed,0,0,,no_usable_pages,known,,,bd6t55092430m: no usable pages in manifest.,2026-07-17T17:41:35.944256
lacharente,bd6t550924311,,failed,0,0,,no_usable_pages,known,,,bd6t550924311: no usable pages in manifest.,2026-07-17T17:41:36.379113
lacharente,bd6t55092432f,,failed,0,0,,no_usable_pages,known,,,bd6t55092432f: no usable pages in manifest.,2026-07-17T17:41:36.832357
lacharente,bd6t55092433v,,failed,0,0,,no_usable_pages,known,,,bd6t55092433v: no usable pages in manifest.,2026-07-17T17:41:37.234851
lacharente,bd6t550924348,,failed,0,0,,no_usable_pages,known,,,bd6t550924348: no usable pages in manifest.,2026-07-17T17:41:37.463907
lacharente,bd6t55092435p,,failed,0,0,,no_usable_pages,known,,,bd6t55092435p: no usable pages in manifest.,2026-07-17T17:41:38.086259
lacharente,bd6t550924363,,failed,0,0,,no_usable_pages,known,,,bd6t550924363: no usable pages in manifest.,2026-07-17T17:41:38.454598
lacharente,bd6t55092437h,,failed,0,0,,no_usable_pages,known,,,bd6t55092437h: no usable pages in manifest.,2026-07-17T17:41:38.954688
lacharente,bd6t55092438x,,failed,0,0,,no_usable_pages,known,,,bd6t55092438x: no usable pages in manifest.,2026-07-17T17:41:39.338666
lacharente,bd6t55092439b,,failed,0,0,,no_usable_pages,known,,,bd6t55092439b: no usable pages in manifest.,2026-07-17T17:41:39.727773
lacharente,bd6t550924400,,failed,0,0,,no_usable_pages,known,,,bd6t550924400: no usable pages in manifest.,2026-07-17T17:41:40.083190
lacharente,bd6t55092441d,,failed,0,0,,no_usable_pages,known,,,bd6t55092441d: no usable pages in manifest.,2026-07-17T17:41:40.405737
lacharente,bd6t55092442t,,failed,0,0,,no_usable_pages,known,,,bd6t55092442t: no usable pages in manifest.,2026-07-17T17:41:40.753840
lacharente,bd6t550924437,,failed,0,0,,no_usable_pages,known,,,bd6t550924437: no usable pages in manifest.,2026-07-17T17:41:41.151656
lacharente,bd6t55092444n,,failed,0,0,,no_usable_pages,known,,,bd6t55092444n: no usable pages in manifest.,2026-07-17T17:41:41.661575
lacharente,bd6t550924452,,failed,0,0,,no_usable_pages,known,,,bd6t550924452: no usable pages in manifest.,2026-07-17T17:41:41.984874
lacharente,bd6t55092446g,,failed,0,0,,no_usable_pages,known,,,bd6t55092446g: no usable pages in manifest.,2026-07-17T17:41:42.456913
lacharente,bd6t55092447w,,failed,0,0,,no_usable_pages,known,,,bd6t55092447w: no usable pages in manifest.,2026-07-17T17:41:42.967128
lacharente,bd6t550924489,,failed,0,0,,no_usable_pages,known,,,bd6t550924489: no usable pages in manifest.,2026-07-17T17:41:43.404610
lacharente,bd6t55092449q,,failed,0,0,,no_usable_pages,known,,,bd6t55092449q: no usable pages in manifest.,2026-07-17T17:41:43.804470
lacharente,bd6t55092450c,,failed,0,0,,no_usable_pages,known,,,bd6t55092450c: no usable pages in manifest.,2026-07-17T17:41:44.245450
lacharente,bd6t55092451s,,failed,0,0,,no_usable_pages,known,,,bd6t55092451s: no usable pages in manifest.,2026-07-17T17:41:44.654360
lacharente,bd6t550924526,,failed,0,0,,no_usable_pages,known,,,bd6t550924526: no usable pages in manifest.,2026-07-17T17:41:44.956590
lacharente,bd6t55092453m,,failed,0,0,,no_usable_pages,known,,,bd6t55092453m: no usable pages in manifest.,2026-07-17T17:41:45.410692
lacharente,bd6t550924541,,failed,0,0,,no_usable_pages,known,,,bd6t550924541: no usable pages in manifest.,2026-07-17T17:41:45.828949
lacharente,bd6t55092455f,,failed,0,0,,no_usable_pages,known,,,bd6t55092455f: no usable pages in manifest.,2026-07-17T17:41:46.170473
lacharente,bd6t55092456v,,failed,0,0,,no_usable_pages,known,,,bd6t55092456v: no usable pages in manifest.,2026-07-17T17:41:46.654913
lacharente,bd6t550924578,,failed,0,0,,no_usable_pages,known,,,bd6t550924578: no usable pages in manifest.,2026-07-17T17:41:47.153085
lacharente,bd6t55092458p,,failed,0,0,,no_usable_pages,known,,,bd6t55092458p: no usable pages in manifest.,2026-07-17T17:41:47.586552
lacharente,bd6t550924593,,failed,0,0,,no_usable_pages,known,,,bd6t550924593: no usable pages in manifest.,2026-07-17T17:41:47.810136
lacharente,bd6t55092460r,,failed,0,0,,no_usable_pages,known,,,bd6t55092460r: no usable pages in manifest.,2026-07-17T17:41:48.317316
lacharente,bd6t550924615,,failed,0,0,,no_usable_pages,known,,,bd6t550924615: no usable pages in manifest.,2026-07-17T17:41:48.753505
lacharente,bd6t55092462k,,failed,0,0,,no_usable_pages,known,,,bd6t55092462k: no usable pages in manifest.,2026-07-17T17:41:49.036706
lacharente,bd6t550924630,,failed,0,0,,no_usable_pages,known,,,bd6t550924630: no usable pages in manifest.,2026-07-17T17:41:49.530234
lacharente,bd6t55092464d,,failed,0,0,,no_usable_pages,known,,,bd6t55092464d: no usable pages in manifest.,2026-07-17T17:41:50.054389
lacharente,bd6t55092465t,,failed,0,0,,no_usable_pages,known,,,bd6t55092465t: no usable pages in manifest.,2026-07-17T17:41:50.563625
lacharente,bd6t550924667,,failed,0,0,,no_usable_pages,known,,,bd6t550924667: no usable pages in manifest.,2026-07-17T17:41:50.978358
lacharente,bd6t55092467n,,failed,0,0,,no_usable_pages,known,,,bd6t55092467n: no usable pages in manifest.,2026-07-17T17:41:51.270311
lacharente,bd6t550924682,,failed,0,0,,no_usable_pages,known,,,bd6t550924682: no usable pages in manifest.,2026-07-17T17:41:51.858615
lacharente,bd6t55092469g,,failed,0,0,,no_usable_pages,known,,,bd6t55092469g: no usable pages in manifest.,2026-07-17T17:41:52.175934
lacharente,bd6t550924704,,failed,0,0,,no_usable_pages,known,,,bd6t550924704: no usable pages in manifest.,2026-07-17T17:41:53.142563
lacharente,bd6t55092471j,,failed,0,0,,no_usable_pages,known,,,bd6t55092471j: no usable pages in manifest.,2026-07-17T17:41:53.466129
lacharente,bd6t55092472z,,failed,0,0,,no_usable_pages,known,,,bd6t55092472z: no usable pages in manifest.,2026-07-17T17:41:53.975666
lacharente,bd6t55092474s,,failed,0,0,,no_usable_pages,known,,,bd6t55092474s: no usable pages in manifest.,2026-07-17T17:41:54.368412
lacharente,bd6t550924756,,failed,0,0,,no_usable_pages,known,,,bd6t550924756: no usable pages in manifest.,2026-07-17T17:41:55.152526
lacharente,bd6t55092270f,,failed,0,0,,no_usable_pages,known,,,bd6t55092270f: no usable pages in manifest.,2026-07-17T17:41:55.762417
lacharente,bd6t55092476m,,failed,0,0,,no_usable_pages,known,,,bd6t55092476m: no usable pages in manifest.,2026-07-17T17:41:56.209101
lacharente,bd6t550924771,,failed,0,0,,no_usable_pages,known,,,bd6t550924771: no usable pages in manifest.,2026-07-17T17:41:56.407230
lacharente,bd6t55092478f,,failed,0,0,,no_usable_pages,known,,,bd6t55092478f: no usable pages in manifest.,2026-07-17T17:41:56.793250
lacharente,bd6t55092479v,,failed,0,0,,no_usable_pages,known,,,bd6t55092479v: no usable pages in manifest.,2026-07-17T17:41:57.238675
lacharente,bd6t55092480h,,failed,0,0,,no_usable_pages,known,,,bd6t55092480h: no usable pages in manifest.,2026-07-17T17:41:57.457947
lacharente,bd6t55092481x,,failed,0,0,,no_usable_pages,known,,,bd6t55092481x: no usable pages in manifest.,2026-07-17T17:41:58.019679
lacharente,bd6t55092482b,,failed,0,0,,no_usable_pages,known,,,bd6t55092482b: no usable pages in manifest.,2026-07-17T17:41:58.470735
lacharente,bd6t55092483r,,failed,0,0,,no_usable_pages,known,,,bd6t55092483r: no usable pages in manifest.,2026-07-17T17:41:58.798595
lacharente,bd6t550924845,,failed,0,0,,no_usable_pages,known,,,bd6t550924845: no usable pages in manifest.,2026-07-17T17:41:59.227612
lacharente,bd6t55092485k,,failed,0,0,,no_usable_pages,known,,,bd6t55092485k: no usable pages in manifest.,2026-07-17T17:41:59.574295
lacharente,bd6t55092487d,,failed,0,0,,no_usable_pages,known,,,bd6t55092487d: no usable pages in manifest.,2026-07-17T17:42:00.167189
lacharente,bd6t55092488t,,failed,0,0,,no_usable_pages,known,,,bd6t55092488t: no usable pages in manifest.,2026-07-17T17:42:00.800280
lacharente,bd6t550924897,,failed,0,0,,no_usable_pages,known,,,bd6t550924897: no usable pages in manifest.,2026-07-17T17:42:01.045287
lacharente,bd6t55092490w,,failed,0,0,,no_usable_pages,known,,,bd6t55092490w: no usable pages in manifest.,2026-07-17T17:42:01.347244
lacharente,bd6t550924919,,failed,0,0,,no_usable_pages,known,,,bd6t550924919: no usable pages in manifest.,2026-07-17T17:42:01.717669
lacharente,bd6t55092492q,,failed,0,0,,no_usable_pages,known,,,bd6t55092492q: no usable pages in manifest.,2026-07-17T17:42:01.912525
lacharente,bd6t550924934,,failed,0,0,,no_usable_pages,known,,,bd6t550924934: no usable pages in manifest.,2026-07-17T17:42:02.242814
lacharente,bd6t55092494j,,failed,0,0,,no_usable_pages,known,,,bd6t55092494j: no usable pages in manifest.,2026-07-17T17:42:02.852919
lacharente,bd6t55092495z,,failed,0,0,,no_usable_pages,known,,,bd6t55092495z: no usable pages in manifest.,2026-07-17T17:42:03.336938
lacharente,bd6t55092496c,,failed,0,0,,no_usable_pages,known,,,bd6t55092496c: no usable pages in manifest.,2026-07-17T17:42:03.733678
lacharente,bd6t55092497s,,failed,0,0,,no_usable_pages,known,,,bd6t55092497s: no usable pages in manifest.,2026-07-17T17:42:04.227134
lacharente,bd6t550924986,,failed,0,0,,no_usable_pages,known,,,bd6t550924986: no usable pages in manifest.,2026-07-17T17:42:04.479768
lacharente,bd6t55092499m,,failed,0,0,,no_usable_pages,known,,,bd6t55092499m: no usable pages in manifest.,2026-07-17T17:42:04.955767
lacharente,bd6t55092500t,,failed,0,0,,no_usable_pages,known,,,bd6t55092500t: no usable pages in manifest.,2026-07-17T17:42:05.354966
lacharente,bd6t550925017,,failed,0,0,,no_usable_pages,known,,,bd6t550925017: no usable pages in manifest.,2026-07-17T17:42:05.642528
lacharente,bd6t55092502n,,failed,0,0,,no_usable_pages,known,,,bd6t55092502n: no usable pages in manifest.,2026-07-17T17:42:05.965544
lacharente,bd6t550925032,,failed,0,0,,no_usable_pages,known,,,bd6t550925032: no usable pages in manifest.,2026-07-17T17:42:06.169812
lacharente,bd6t55092504g,,failed,0,0,,no_usable_pages,known,,,bd6t55092504g: no usable pages in manifest.,2026-07-17T17:42:06.759262
lacharente,bd6t55092505w,,failed,0,0,,no_usable_pages,known,,,bd6t55092505w: no usable pages in manifest.,2026-07-17T17:42:07.249350
lacharente,bd6t550925069,,failed,0,0,,no_usable_pages,known,,,bd6t550925069: no usable pages in manifest.,2026-07-17T17:42:07.768349
lacharente,bd6t55092507q,,failed,0,0,,no_usable_pages,known,,,bd6t55092507q: no usable pages in manifest.,2026-07-17T17:42:07.991652
lacharente,bd6t550925084,,failed,0,0,,no_usable_pages,known,,,bd6t550925084: no usable pages in manifest.,2026-07-17T17:42:08.372410
lacharente,bd6t55092509j,,failed,0,0,,no_usable_pages,known,,,bd6t55092509j: no usable pages in manifest.,2026-07-17T17:42:08.903179
lacharente,bd6t550925106,,failed,0,0,,no_usable_pages,known,,,bd6t550925106: no usable pages in manifest.,2026-07-17T17:42:09.112515
lacharente,bd6t55092511m,,failed,0,0,,no_usable_pages,known,,,bd6t55092511m: no usable pages in manifest.,2026-07-17T17:42:09.558064
lacharente,bd6t550925121,,failed,0,0,,no_usable_pages,known,,,bd6t550925121: no usable pages in manifest.,2026-07-17T17:42:10.085195
lacharente,bd6t55092513f,,failed,0,0,,no_usable_pages,known,,,bd6t55092513f: no usable pages in manifest.,2026-07-17T17:42:10.239270
lacharente,bd6t55092514v,,failed,0,0,,no_usable_pages,known,,,bd6t55092514v: no usable pages in manifest.,2026-07-17T17:42:10.444585
lacharente,bd6t550925158,,failed,0,0,,no_usable_pages,known,,,bd6t550925158: no usable pages in manifest.,2026-07-17T17:42:10.975267
lacharente,bd6t55092516p,,failed,0,0,,no_usable_pages,known,,,bd6t55092516p: no usable pages in manifest.,2026-07-17T17:42:11.425558
lacharente,bd6t550925173,,failed,0,0,,no_usable_pages,known,,,bd6t550925173: no usable pages in manifest.,2026-07-17T17:42:11.906284
lacharente,bd6t55092518h,,failed,0,0,,no_usable_pages,known,,,bd6t55092518h: no usable pages in manifest.,2026-07-17T17:42:12.158665
lacharente,bd6t55092519x,,failed,0,0,,no_usable_pages,known,,,bd6t55092519x: no usable pages in manifest.,2026-07-17T17:42:12.623658
lacharente,bd6t55092520k,,failed,0,0,,no_usable_pages,known,,,bd6t55092520k: no usable pages in manifest.,2026-07-17T17:42:12.954612
lacharente,bd6t550925210,,failed,0,0,,no_usable_pages,known,,,bd6t550925210: no usable pages in manifest.,2026-07-17T17:42:13.372649
lacharente,bd6t55092522d,,failed,0,0,,no_usable_pages,known,,,bd6t55092522d: no usable pages in manifest.,2026-07-17T17:42:13.905312
lacharente,bd6t55092523t,,failed,0,0,,no_usable_pages,known,,,bd6t55092523t: no usable pages in manifest.,2026-07-17T17:42:14.173682
lacharente,bd6t550925247,,failed,0,0,,no_usable_pages,known,,,bd6t550925247: no usable pages in manifest.,2026-07-17T17:42:14.392106
lacharente,bd6t55092525n,,failed,0,0,,no_usable_pages,known,,,bd6t55092525n: no usable pages in manifest.,2026-07-17T17:42:14.972877
lacharente,bd6t550925262,,failed,0,0,,no_usable_pages,known,,,bd6t550925262: no usable pages in manifest.,2026-07-17T17:42:15.244330
lacharente,bd6t55092527g,,failed,0,0,,no_usable_pages,known,,,bd6t55092527g: no usable pages in manifest.,2026-07-17T17:42:15.414738
lacharente,bd6t55092528w,,failed,0,0,,no_usable_pages,known,,,bd6t55092528w: no usable pages in manifest.,2026-07-17T17:42:15.936291
lacharente,bd6t550925299,,failed,0,0,,no_usable_pages,known,,,bd6t550925299: no usable pages in manifest.,2026-07-17T17:42:16.343358
lacharente,bd6t55092530z,,failed,0,0,,no_usable_pages,known,,,bd6t55092530z: no usable pages in manifest.,2026-07-17T17:42:16.509318
lacharente,bd6t55092531c,,failed,0,0,,no_usable_pages,known,,,bd6t55092531c: no usable pages in manifest.,2026-07-17T17:42:16.933329
lacharente,bd6t55092532s,,failed,0,0,,no_usable_pages,known,,,bd6t55092532s: no usable pages in manifest.,2026-07-17T17:42:17.621915
lacharente,bd6t550925336,,failed,0,0,,no_usable_pages,known,,,bd6t550925336: no usable pages in manifest.,2026-07-17T17:42:17.978223
lacharente,bd6t55092534m,,failed,0,0,,no_usable_pages,known,,,bd6t55092534m: no usable pages in manifest.,2026-07-17T17:42:18.282651
lacharente,bd6t550925351,,failed,0,0,,no_usable_pages,known,,,bd6t550925351: no usable pages in manifest.,2026-07-17T17:42:18.834834
lacharente,bd6t55092536f,,failed,0,0,,no_usable_pages,known,,,bd6t55092536f: no usable pages in manifest.,2026-07-17T17:42:19.152386
lacharente,bd6t55092537v,,failed,0,0,,no_usable_pages,known,,,bd6t55092537v: no usable pages in manifest.,2026-07-17T17:42:19.398627
lacharente,bd6t550925388,,failed,0,0,,no_usable_pages,known,,,bd6t550925388: no usable pages in manifest.,2026-07-17T17:42:20.149343
lacharente,bd6t55092539p,,failed,0,0,,no_usable_pages,known,,,bd6t55092539p: no usable pages in manifest.,2026-07-17T17:42:20.426742
lacharente,bd6t55092540b,,failed,0,0,,no_usable_pages,known,,,bd6t55092540b: no usable pages in manifest.,2026-07-17T17:42:20.718202
lacharente,bd6t55092541r,,failed,0,0,,no_usable_pages,known,,,bd6t55092541r: no usable pages in manifest.,2026-07-17T17:42:21.128406
lacharente,bd6t550925425,,failed,0,0,,no_usable_pages,known,,,bd6t550925425: no usable pages in manifest.,2026-07-17T17:42:21.683872
lacharente,bd6t55092543k,,failed,0,0,,no_usable_pages,known,,,bd6t55092543k: no usable pages in manifest.,2026-07-17T17:42:21.931892
lacharente,bd6t550925440,,failed,0,0,,no_usable_pages,known,,,bd6t550925440: no usable pages in manifest.,2026-07-17T17:42:22.545114
lacharente,bd6t55092545d,,failed,0,0,,no_usable_pages,known,,,bd6t55092545d: no usable pages in manifest.,2026-07-17T17:42:22.877193
lacharente,bd6t55092546t,,failed,0,0,,no_usable_pages,known,,,bd6t55092546t: no usable pages in manifest.,2026-07-17T17:42:23.140128
lacharente,bd6t550925477,,failed,0,0,,no_usable_pages,known,,,bd6t550925477: no usable pages in manifest.,2026-07-17T17:42:23.707650
lacharente,bd6t55092548n,,failed,0,0,,no_usable_pages,known,,,bd6t55092548n: no usable pages in manifest.,2026-07-17T17:42:23.960723
lacharente,bd6t550925492,,failed,0,0,,no_usable_pages,known,,,bd6t550925492: no usable pages in manifest.,2026-07-17T17:42:24.267164
lacharente,bd6t55092550q,,failed,0,0,,no_usable_pages,known,,,bd6t55092550q: no usable pages in manifest.,2026-07-17T17:42:24.852407
lacharente,bd6t550925514,,failed,0,0,,no_usable_pages,known,,,bd6t550925514: no usable pages in manifest.,2026-07-17T17:42:25.317112
lacharente,bd6t55092552j,,failed,0,0,,no_usable_pages,known,,,bd6t55092552j: no usable pages in manifest.,2026-07-17T17:42:25.775309
lacharente,bd6t55092553z,,failed,0,0,,no_usable_pages,known,,,bd6t55092553z: no usable pages in manifest.,2026-07-17T17:42:26.142989
lacharente,bd6t55092554c,,failed,0,0,,no_usable_pages,known,,,bd6t55092554c: no usable pages in manifest.,2026-07-17T17:42:26.385090
lacharente,bd6t55092555s,,failed,0,0,,no_usable_pages,known,,,bd6t55092555s: no usable pages in manifest.,2026-07-17T17:42:26.626563
lacharente,bd6t550925566,,failed,0,0,,no_usable_pages,known,,,bd6t550925566: no usable pages in manifest.,2026-07-17T17:42:26.917652
lacharente,bd6t55092557m,,failed,0,0,,no_usable_pages,known,,,bd6t55092557m: no usable pages in manifest.,2026-07-17T17:42:27.402346
lacharente,bd6t550925581,,failed,0,0,,no_usable_pages,known,,,bd6t550925581: no usable pages in manifest.,2026-07-17T17:42:27.621564
lacharente,bd6t55092559f,,failed,0,0,,no_usable_pages,known,,,bd6t55092559f: no usable pages in manifest.,2026-07-17T17:42:28.097120
lacharente,bd6t550925603,,failed,0,0,,no_usable_pages,known,,,bd6t550925603: no usable pages in manifest.,2026-07-17T17:42:28.285715
lacharente,bd6t55092561h,,failed,0,0,,no_usable_pages,known,,,bd6t55092561h: no usable pages in manifest.,2026-07-17T17:42:28.723120
lacharente,bd6t55092562x,,failed,0,0,,no_usable_pages,known,,,bd6t55092562x: no usable pages in manifest.,2026-07-17T17:42:29.081736
lacharente,bd6t55092563b,,failed,0,0,,no_usable_pages,known,,,bd6t55092563b: no usable pages in manifest.,2026-07-17T17:42:29.713556
lacharente,bd6t55092564r,,failed,0,0,,no_usable_pages,known,,,bd6t55092564r: no usable pages in manifest.,2026-07-17T17:42:30.066944
lacharente,bd6t550925655,,failed,0,0,,no_usable_pages,known,,,bd6t550925655: no usable pages in manifest.,2026-07-17T17:42:30.571374
lacharente,bd6t55092566k,,failed,0,0,,no_usable_pages,known,,,bd6t55092566k: no usable pages in manifest.,2026-07-17T17:42:30.932674
lacharente,bd6t550925670,,failed,0,0,,no_usable_pages,known,,,bd6t550925670: no usable pages in manifest.,2026-07-17T17:42:31.255849
lacharente,bd6t55092568d,,failed,0,0,,no_usable_pages,known,,,bd6t55092568d: no usable pages in manifest.,2026-07-17T17:42:31.606627
lacharente,bd6t55092569t,,failed,0,0,,no_usable_pages,known,,,bd6t55092569t: no usable pages in manifest.,2026-07-17T17:42:32.009864
lacharente,bd6t55092570g,,failed,0,0,,no_usable_pages,known,,,bd6t55092570g: no usable pages in manifest.,2026-07-17T17:42:32.422028
lacharente,bd6t55092571w,,failed,0,0,,no_usable_pages,known,,,bd6t55092571w: no usable pages in manifest.,2026-07-17T17:42:32.896909
lacharente,bd6t550925729,,failed,0,0,,no_usable_pages,known,,,bd6t550925729: no usable pages in manifest.,2026-07-17T17:42:33.256917
lacharente,bd6t55092573q,,failed,0,0,,no_usable_pages,known,,,bd6t55092573q: no usable pages in manifest.,2026-07-17T17:42:34.067005
lacharente,bd6t550925744,,failed,0,0,,no_usable_pages,known,,,bd6t550925744: no usable pages in manifest.,2026-07-17T17:42:34.425236
lacharente,bd6t55092575j,,failed,0,0,,no_usable_pages,known,,,bd6t55092575j: no usable pages in manifest.,2026-07-17T17:42:34.802253
lacharente,bd6t55092576z,,failed,0,0,,no_usable_pages,known,,,bd6t55092576z: no usable pages in manifest.,2026-07-17T17:42:35.290447
lacharente,bd6t55092577c,,failed,0,0,,no_usable_pages,known,,,bd6t55092577c: no usable pages in manifest.,2026-07-17T17:42:35.504894
lacharente,bd6t55092578s,,failed,0,0,,no_usable_pages,known,,,bd6t55092578s: no usable pages in manifest.,2026-07-17T17:42:35.945577
lacharente,bd6t550925796,,failed,0,0,,no_usable_pages,known,,,bd6t550925796: no usable pages in manifest.,2026-07-17T17:42:36.343150
lacharente,bd6t55092580v,,failed,0,0,,no_usable_pages,known,,,bd6t55092580v: no usable pages in manifest.,2026-07-17T17:42:36.649634
lacharente,bd6t550925818,,failed,0,0,,no_usable_pages,known,,,bd6t550925818: no usable pages in manifest.,2026-07-17T17:42:37.085037
lacharente,bd6t55092582p,,failed,0,0,,no_usable_pages,known,,,bd6t55092582p: no usable pages in manifest.,2026-07-17T17:42:37.503352
lacharente,bd6t550925833,,failed,0,0,,no_usable_pages,known,,,bd6t550925833: no usable pages in manifest.,2026-07-17T17:42:37.958977
lacharente,bd6t55092584h,,failed,0,0,,no_usable_pages,known,,,bd6t55092584h: no usable pages in manifest.,2026-07-17T17:42:38.403389
lacharente,bd6t55092585x,,failed,0,0,,no_usable_pages,known,,,bd6t55092585x: no usable pages in manifest.,2026-07-17T17:42:38.904740
lacharente,bd6t55092586b,,failed,0,0,,no_usable_pages,known,,,bd6t55092586b: no usable pages in manifest.,2026-07-17T17:42:39.246763
lacharente,bd6t55092587r,,failed,0,0,,no_usable_pages,known,,,bd6t55092587r: no usable pages in manifest.,2026-07-17T17:42:39.885751
lacharente,bd6t550925885,,failed,0,0,,no_usable_pages,known,,,bd6t550925885: no usable pages in manifest.,2026-07-17T17:42:40.331883
lacharente,bd6t55092589k,,failed,0,0,,no_usable_pages,known,,,bd6t55092589k: no usable pages in manifest.,2026-07-17T17:42:40.647973
lacharente,bd6t550925907,,failed,0,0,,no_usable_pages,known,,,bd6t550925907: no usable pages in manifest.,2026-07-17T17:42:41.346633
lacharente,bd6t55092591n,,failed,0,0,,no_usable_pages,known,,,bd6t55092591n: no usable pages in manifest.,2026-07-17T17:42:41.595399
lacharente,bd6t550925922,,failed,0,0,,no_usable_pages,known,,,bd6t550925922: no usable pages in manifest.,2026-07-17T17:42:41.913240
lacharente,bd6t55092593g,,failed,0,0,,no_usable_pages,known,,,bd6t55092593g: no usable pages in manifest.,2026-07-17T17:42:42.264563
lacharente,bd6t55092594w,,failed,0,0,,no_usable_pages,known,,,bd6t55092594w: no usable pages in manifest.,2026-07-17T17:42:42.569926
lacharente,bd6t550925959,,failed,0,0,,no_usable_pages,known,,,bd6t550925959: no usable pages in manifest.,2026-07-17T17:42:42.943603
lacharente,bd6t55092596q,,failed,0,0,,no_usable_pages,known,,,bd6t55092596q: no usable pages in manifest.,2026-07-17T17:42:44.058133
lacharente,bd6t550925974,,failed,0,0,,no_usable_pages,known,,,bd6t550925974: no usable pages in manifest.,2026-07-17T17:42:44.442337
lacharente,bd6t55092598j,,failed,0,0,,no_usable_pages,known,,,bd6t55092598j: no usable pages in manifest.,2026-07-17T17:42:44.979475
lacharente,bd6t55092599z,,failed,0,0,,no_usable_pages,known,,,bd6t55092599z: no usable pages in manifest.,2026-07-17T17:42:45.648365
lacharente,bd6t550926005,,failed,0,0,,no_usable_pages,known,,,bd6t550926005: no usable pages in manifest.,2026-07-17T17:42:46.111270
lacharente,bd6t55092601k,,failed,0,0,,no_usable_pages,known,,,bd6t55092601k: no usable pages in manifest.,2026-07-17T17:42:46.550023
lacharente,bd6t550926020,,failed,0,0,,no_usable_pages,known,,,bd6t550926020: no usable pages in manifest.,2026-07-17T17:42:46.831464
lacharente,bd6t55092603d,,failed,0,0,,no_usable_pages,known,,,bd6t55092603d: no usable pages in manifest.,2026-07-17T17:42:47.302364
lacharente,bd6t55092604t,,failed,0,0,,no_usable_pages,known,,,bd6t55092604t: no usable pages in manifest.,2026-07-17T17:42:48.101696
lacharente,bd6t550926057,,failed,0,0,,no_usable_pages,known,,,bd6t550926057: no usable pages in manifest.,2026-07-17T17:42:48.456606
lacharente,bd6t55092606n,,failed,0,0,,no_usable_pages,known,,,bd6t55092606n: no usable pages in manifest.,2026-07-17T17:42:48.992891
lacharente,bd6t550926072,,failed,0,0,,no_usable_pages,known,,,bd6t550926072: no usable pages in manifest.,2026-07-17T17:42:49.379501
lacharente,bd6t55092608g,,failed,0,0,,no_usable_pages,known,,,bd6t55092608g: no usable pages in manifest.,2026-07-17T17:42:49.692632
lacharente,bd6t55092609w,,failed,0,0,,no_usable_pages,known,,,bd6t55092609w: no usable pages in manifest.,2026-07-17T17:42:50.279201
lacharente,bd6t55092610j,,failed,0,0,,no_usable_pages,known,,,bd6t55092610j: no usable pages in manifest.,2026-07-17T17:42:50.619765
lacharente,bd6t55092611z,,failed,0,0,,no_usable_pages,known,,,bd6t55092611z: no usable pages in manifest.,2026-07-17T17:42:50.920410
lacharente,bd6t55092612c,,failed,0,0,,no_usable_pages,known,,,bd6t55092612c: no usable pages in manifest.,2026-07-17T17:42:51.142609
lacharente,bd6t55092613s,,failed,0,0,,no_usable_pages,known,,,bd6t55092613s: no usable pages in manifest.,2026-07-17T17:42:51.705681
lacharente,bd6t550926146,,failed,0,0,,no_usable_pages,known,,,bd6t550926146: no usable pages in manifest.,2026-07-17T17:42:52.085163
lacharente,bd6t55092615m,,failed,0,0,,no_usable_pages,known,,,bd6t55092615m: no usable pages in manifest.,2026-07-17T17:42:52.909243
lacharente,bd6t550926161,,failed,0,0,,no_usable_pages,known,,,bd6t550926161: no usable pages in manifest.,2026-07-17T17:42:53.386180
lacharente,bd6t55092618v,,failed,0,0,,no_usable_pages,known,,,bd6t55092618v: no usable pages in manifest.,2026-07-17T17:42:53.854260
lacharente,bd6t55092617f,,failed,0,0,,no_usable_pages,known,,,bd6t55092617f: no usable pages in manifest.,2026-07-17T17:42:54.195854
lacharente,bd6t550926198,,failed,0,0,,no_usable_pages,known,,,bd6t550926198: no usable pages in manifest.,2026-07-17T17:42:55.493042
lacharente,bd6t55092620x,,failed,0,0,,no_usable_pages,known,,,bd6t55092620x: no usable pages in manifest.,2026-07-17T17:42:56.259022
lacharente,bd6t55092621b,,failed,0,0,,no_usable_pages,known,,,bd6t55092621b: no usable pages in manifest.,2026-07-17T17:42:56.546284
lacharente,bd6t55092622r,,failed,0,0,,no_usable_pages,known,,,bd6t55092622r: no usable pages in manifest.,2026-07-17T17:42:56.899731
lacharente,bd6t550926235,,failed,0,0,,no_usable_pages,known,,,bd6t550926235: no usable pages in manifest.,2026-07-17T17:42:57.091375
lacharente,bd6t55092624k,,failed,0,0,,no_usable_pages,known,,,bd6t55092624k: no usable pages in manifest.,2026-07-17T17:42:57.433770
lacharente,bd6t550926250,,failed,0,0,,no_usable_pages,known,,,bd6t550926250: no usable pages in manifest.,2026-07-17T17:42:57.981205
lacharente,bd6t55092626d,,failed,0,0,,no_usable_pages,known,,,bd6t55092626d: no usable pages in manifest.,2026-07-17T17:42:58.289383
lacharente,bd6t550926287,,failed,0,0,,no_usable_pages,known,,,bd6t550926287: no usable pages in manifest.,2026-07-17T17:42:58.684720
lacharente,bd6t55092627t,,failed,0,0,,no_usable_pages,known,,,bd6t55092627t: no usable pages in manifest.,2026-07-17T17:42:59.326841
lacharente,bd6t55092629n,,failed,0,0,,no_usable_pages,known,,,bd6t55092629n: no usable pages in manifest.,2026-07-17T17:42:59.754590
lacharente,bd6t550926309,,failed,0,0,,no_usable_pages,known,,,bd6t550926309: no usable pages in manifest.,2026-07-17T17:43:00.051182
lacharente,bd6t55092631q,,failed,0,0,,no_usable_pages,known,,,bd6t55092631q: no usable pages in manifest.,2026-07-17T17:43:00.434143
lacharente,bd6t550926324,,failed,0,0,,no_usable_pages,known,,,bd6t550926324: no usable pages in manifest.,2026-07-17T17:43:00.994003
lacharente,bd6t55092633j,,failed,0,0,,no_usable_pages,known,,,bd6t55092633j: no usable pages in manifest.,2026-07-17T17:43:01.510337
lacharente,bd6t55092634z,,failed,0,0,,no_usable_pages,known,,,bd6t55092634z: no usable pages in manifest.,2026-07-17T17:43:01.836012
lacharente,bd6t55092635c,,failed,0,0,,no_usable_pages,known,,,bd6t55092635c: no usable pages in manifest.,2026-07-17T17:43:02.255117
lacharente,bd6t55092636s,,failed,0,0,,no_usable_pages,known,,,bd6t55092636s: no usable pages in manifest.,2026-07-17T17:43:02.723252
lacharente,bd6t550926376,,failed,0,0,,no_usable_pages,known,,,bd6t550926376: no usable pages in manifest.,2026-07-17T17:43:03.135550
lacharente,bd6t55092638m,,failed,0,0,,no_usable_pages,known,,,bd6t55092638m: no usable pages in manifest.,2026-07-17T17:43:03.702581
lacharente,bd6t550926391,,failed,0,0,,no_usable_pages,known,,,bd6t550926391: no usable pages in manifest.,2026-07-17T17:43:04.273723
lacharente,bd6t55092640p,,failed,0,0,,no_usable_pages,known,,,bd6t55092640p: no usable pages in manifest.,2026-07-17T17:43:04.529159
lacharente,bd6t550926413,,failed,0,0,,no_usable_pages,known,,,bd6t550926413: no usable pages in manifest.,2026-07-17T17:43:05.010554
lacharente,bd6t55092642h,,failed,0,0,,no_usable_pages,known,,,bd6t55092642h: no usable pages in manifest.,2026-07-17T17:43:05.654353
lacharente,bd6t55092643x,,failed,0,0,,no_usable_pages,known,,,bd6t55092643x: no usable pages in manifest.,2026-07-17T17:43:06.101447
lacharente,bd6t55092644b,,failed,0,0,,no_usable_pages,known,,,bd6t55092644b: no usable pages in manifest.,2026-07-17T17:43:06.644192
lacharente,bd6t55092645r,,failed,0,0,,no_usable_pages,known,,,bd6t55092645r: no usable pages in manifest.,2026-07-17T17:43:07.052128
lacharente,bd6t550926465,,failed,0,0,,no_usable_pages,known,,,bd6t550926465: no usable pages in manifest.,2026-07-17T17:43:07.492162
lacharente,bd6t55092647k,,failed,0,0,,no_usable_pages,known,,,bd6t55092647k: no usable pages in manifest.,2026-07-17T17:43:07.952578
lacharente,bd6t550926480,,failed,0,0,,no_usable_pages,known,,,bd6t550926480: no usable pages in manifest.,2026-07-17T17:43:08.260778
lacharente,bd6t55092649d,,failed,0,0,,no_usable_pages,known,,,bd6t55092649d: no usable pages in manifest.,2026-07-17T17:43:08.510599
lacharente,bd6t550926502,,failed,0,0,,no_usable_pages,known,,,bd6t550926502: no usable pages in manifest.,2026-07-17T17:43:08.991573
lacharente,bd6t55092651g,,failed,0,0,,no_usable_pages,known,,,bd6t55092651g: no usable pages in manifest.,2026-07-17T17:43:09.452397
lacharente,bd6t55092652w,,failed,0,0,,no_usable_pages,known,,,bd6t55092652w: no usable pages in manifest.,2026-07-17T17:43:09.700674
lacharente,bd6t550926539,,failed,0,0,,no_usable_pages,known,,,bd6t550926539: no usable pages in manifest.,2026-07-17T17:43:10.395499
lacharente,bd6t55092654q,,failed,0,0,,no_usable_pages,known,,,bd6t55092654q: no usable pages in manifest.,2026-07-17T17:43:10.678688
lacharente,bd6t550926554,,failed,0,0,,no_usable_pages,known,,,bd6t550926554: no usable pages in manifest.,2026-07-17T17:43:11.000326
lacharente,bd6t55092656j,,failed,0,0,,no_usable_pages,known,,,bd6t55092656j: no usable pages in manifest.,2026-07-17T17:43:11.603450
lacharente,bd6t55092657z,,failed,0,0,,no_usable_pages,known,,,bd6t55092657z: no usable pages in manifest.,2026-07-17T17:43:11.957587
lacharente,bd6t55092658c,,failed,0,0,,no_usable_pages,known,,,bd6t55092658c: no usable pages in manifest.,2026-07-17T17:43:12.183994
lacharente,bd6t55092659s,,failed,0,0,,no_usable_pages,known,,,bd6t55092659s: no usable pages in manifest.,2026-07-17T17:43:12.848705
lacharente,bd6t55092660f,,failed,0,0,,no_usable_pages,known,,,bd6t55092660f: no usable pages in manifest.,2026-07-17T17:43:13.221432
lacharente,bd6t55092661v,,failed,0,0,,no_usable_pages,known,,,bd6t55092661v: no usable pages in manifest.,2026-07-17T17:43:13.531776
lacharente,bd6t550926628,,failed,0,0,,no_usable_pages,known,,,bd6t550926628: no usable pages in manifest.,2026-07-17T17:43:14.250454
lacharente,bd6t55092663p,,failed,0,0,,no_usable_pages,known,,,bd6t55092663p: no usable pages in manifest.,2026-07-17T17:43:14.670706
lacharente,bd6t550926643,,failed,0,0,,no_usable_pages,known,,,bd6t550926643: no usable pages in manifest.,2026-07-17T17:43:15.232733
lacharente,bd6t55092665h,,failed,0,0,,no_usable_pages,known,,,bd6t55092665h: no usable pages in manifest.,2026-07-17T17:43:15.505695
lacharente,bd6t55092666x,,failed,0,0,,no_usable_pages,known,,,bd6t55092666x: no usable pages in manifest.,2026-07-17T17:43:15.925692
lacharente,bd6t55092667b,,failed,0,0,,no_usable_pages,known,,,bd6t55092667b: no usable pages in manifest.,2026-07-17T17:43:16.367901
lacharente,bd6t55092668r,,failed,0,0,,no_usable_pages,known,,,bd6t55092668r: no usable pages in manifest.,2026-07-17T17:43:16.835120
lacharente,bd6t550926695,,failed,0,0,,no_usable_pages,known,,,bd6t550926695: no usable pages in manifest.,2026-07-17T17:43:17.185314
lacharente,bd6t55092670t,,failed,0,0,,no_usable_pages,known,,,bd6t55092670t: no usable pages in manifest.,2026-07-17T17:43:17.578931
lacharente,bd6t550926717,,failed,0,0,,no_usable_pages,known,,,bd6t550926717: no usable pages in manifest.,2026-07-17T17:43:17.913653
lacharente,bd6t55092672n,,failed,0,0,,no_usable_pages,known,,,bd6t55092672n: no usable pages in manifest.,2026-07-17T17:43:18.356030
lacharente,bd6t550926732,,failed,0,0,,no_usable_pages,known,,,bd6t550926732: no usable pages in manifest.,2026-07-17T17:43:18.943528
lacharente,bd6t55092674g,,failed,0,0,,no_usable_pages,known,,,bd6t55092674g: no usable pages in manifest.,2026-07-17T17:43:19.256951
lacharente,bd6t55092675w,,failed,0,0,,no_usable_pages,known,,,bd6t55092675w: no usable pages in manifest.,2026-07-17T17:43:19.494290
lacharente,bd6t550926769,,failed,0,0,,no_usable_pages,known,,,bd6t550926769: no usable pages in manifest.,2026-07-17T17:43:20.187011
lacharente,bd6t55092677q,,failed,0,0,,no_usable_pages,known,,,bd6t55092677q: no usable pages in manifest.,2026-07-17T17:43:20.451341
lacharente,bd6t550926784,,failed,0,0,,no_usable_pages,known,,,bd6t550926784: no usable pages in manifest.,2026-07-17T17:43:20.690898
lacharente,bd6t55092679j,,failed,0,0,,no_usable_pages,known,,,bd6t55092679j: no usable pages in manifest.,2026-07-17T17:43:21.192039
lacharente,bd6t550926806,,failed,0,0,,no_usable_pages,known,,,bd6t550926806: no usable pages in manifest.,2026-07-17T17:43:21.627604
lacharente,bd6t55092681m,,failed,0,0,,no_usable_pages,known,,,bd6t55092681m: no usable pages in manifest.,2026-07-17T17:43:21.853612
lacharente,bd6t550926821,,failed,0,0,,no_usable_pages,known,,,bd6t550926821: no usable pages in manifest.,2026-07-17T17:43:22.200696
lacharente,bd6t55092683f,,failed,0,0,,no_usable_pages,known,,,bd6t55092683f: no usable pages in manifest.,2026-07-17T17:43:22.635728
lacharente,bd6t55092684v,,failed,0,0,,no_usable_pages,known,,,bd6t55092684v: no usable pages in manifest.,2026-07-17T17:43:22.971200
lacharente,bd6t55092686p,,failed,0,0,,no_usable_pages,known,,,bd6t55092686p: no usable pages in manifest.,2026-07-17T17:43:23.428532
lacharente,bd6t550926873,,failed,0,0,,no_usable_pages,known,,,bd6t550926873: no usable pages in manifest.,2026-07-17T17:43:23.827534
lacharente,bd6t55092688h,,failed,0,0,,no_usable_pages,known,,,bd6t55092688h: no usable pages in manifest.,2026-07-17T17:43:24.162875
lacharente,bd6t55092689x,,failed,0,0,,no_usable_pages,known,,,bd6t55092689x: no usable pages in manifest.,2026-07-17T17:43:24.485921
lacharente,bd6t55092690k,,failed,0,0,,no_usable_pages,known,,,bd6t55092690k: no usable pages in manifest.,2026-07-17T17:43:25.304178
lacharente,bd6t550926910,,failed,0,0,,no_usable_pages,known,,,bd6t550926910: no usable pages in manifest.,2026-07-17T17:43:25.469945
lacharente,bd6t55092692d,,failed,0,0,,no_usable_pages,known,,,bd6t55092692d: no usable pages in manifest.,2026-07-17T17:43:25.884713
lacharente,bd6t55092693t,,failed,0,0,,no_usable_pages,known,,,bd6t55092693t: no usable pages in manifest.,2026-07-17T17:43:26.379593
lacharente,bd6t550926947,,failed,0,0,,no_usable_pages,known,,,bd6t550926947: no usable pages in manifest.,2026-07-17T17:43:26.694373
lacharente,bd6t55092695n,,failed,0,0,,no_usable_pages,known,,,bd6t55092695n: no usable pages in manifest.,2026-07-17T17:43:26.975677
lacharente,bd6t550926962,,failed,0,0,,no_usable_pages,known,,,bd6t550926962: no usable pages in manifest.,2026-07-17T17:43:27.468255
lacharente,bd6t55092697g,,failed,0,0,,no_usable_pages,known,,,bd6t55092697g: no usable pages in manifest.,2026-07-17T17:43:27.747073
lacharente,bd6t55092698w,,failed,0,0,,no_usable_pages,known,,,bd6t55092698w: no usable pages in manifest.,2026-07-17T17:43:27.873690
lacharente,bd6t550926999,,failed,0,0,,no_usable_pages,known,,,bd6t550926999: no usable pages in manifest.,2026-07-17T17:43:28.051267
lacharente,bd6t55092700h,,failed,0,0,,no_usable_pages,known,,,bd6t55092700h: no usable pages in manifest.,2026-07-17T17:43:28.661440
lacharente,bd6t55092701x,,failed,0,0,,no_usable_pages,known,,,bd6t55092701x: no usable pages in manifest.,2026-07-17T17:43:28.887667
lacharente,bd6t55092702b,,failed,0,0,,no_usable_pages,known,,,bd6t55092702b: no usable pages in manifest.,2026-07-17T17:43:29.114909
lacharente,bd6t55092703r,,failed,0,0,,no_usable_pages,known,,,bd6t55092703r: no usable pages in manifest.,2026-07-17T17:43:29.693269
lacharente,bd6t550927045,,failed,0,0,,no_usable_pages,known,,,bd6t550927045: no usable pages in manifest.,2026-07-17T17:43:29.895096
lacharente,bd6t55092705k,,failed,0,0,,no_usable_pages,known,,,bd6t55092705k: no usable pages in manifest.,2026-07-17T17:43:30.314947
lacharente,bd6t550927060,,failed,0,0,,no_usable_pages,known,,,bd6t550927060: no usable pages in manifest.,2026-07-17T17:43:30.997027
lacharente,bd6t55092707d,,failed,0,0,,no_usable_pages,known,,,bd6t55092707d: no usable pages in manifest.,2026-07-17T17:43:31.208114
lacharente,bd6t55092708t,,failed,0,0,,no_usable_pages,known,,,bd6t55092708t: no usable pages in manifest.,2026-07-17T17:43:31.487467
lacharente,bd6t550927097,,failed,0,0,,no_usable_pages,known,,,bd6t550927097: no usable pages in manifest.,2026-07-17T17:43:31.864325
lacharente,bd6t55092710w,,failed,0,0,,no_usable_pages,known,,,bd6t55092710w: no usable pages in manifest.,2026-07-17T17:43:32.224746
lacharente,bd6t550927119,,failed,0,0,,no_usable_pages,known,,,bd6t550927119: no usable pages in manifest.,2026-07-17T17:43:32.628107
lacharente,bd6t55092712q,,failed,0,0,,no_usable_pages,known,,,bd6t55092712q: no usable pages in manifest.,2026-07-17T17:43:33.016447
lacharente,bd6t550927134,,failed,0,0,,no_usable_pages,known,,,bd6t550927134: no usable pages in manifest.,2026-07-17T17:43:33.392661
lacharente,bd6t55092714j,,failed,0,0,,no_usable_pages,known,,,bd6t55092714j: no usable pages in manifest.,2026-07-17T17:43:33.901573
lacharente,bd6t55092715z,,failed,0,0,,no_usable_pages,known,,,bd6t55092715z: no usable pages in manifest.,2026-07-17T17:43:34.439023
lacharente,bd6t55092716c,,failed,0,0,,no_usable_pages,known,,,bd6t55092716c: no usable pages in manifest.,2026-07-17T17:43:34.922218
lacharente,bd6t55092717s,,failed,0,0,,no_usable_pages,known,,,bd6t55092717s: no usable pages in manifest.,2026-07-17T17:43:35.266608
lacharente,bd6t550927186,,failed,0,0,,no_usable_pages,known,,,bd6t550927186: no usable pages in manifest.,2026-07-17T17:43:36.124995
lacharente,bd6t55092719m,,failed,0,0,,no_usable_pages,known,,,bd6t55092719m: no usable pages in manifest.,2026-07-17T17:43:36.371832
lacharente,bd6t550927208,,failed,0,0,,no_usable_pages,known,,,bd6t550927208: no usable pages in manifest.,2026-07-17T17:43:36.987637
lacharente,bd6t55092721p,,failed,0,0,,no_usable_pages,known,,,bd6t55092721p: no usable pages in manifest.,2026-07-17T17:43:37.327654
lacharente,bd6t550927223,,failed,0,0,,no_usable_pages,known,,,bd6t550927223: no usable pages in manifest.,2026-07-17T17:43:37.837446
lacharente,bd6t55092723h,,failed,0,0,,no_usable_pages,known,,,bd6t55092723h: no usable pages in manifest.,2026-07-17T17:43:38.359623
lacharente,bd6t55092724x,,failed,0,0,,no_usable_pages,known,,,bd6t55092724x: no usable pages in manifest.,2026-07-17T17:43:38.747723
lacharente,bd6t55092725b,,failed,0,0,,no_usable_pages,known,,,bd6t55092725b: no usable pages in manifest.,2026-07-17T17:43:38.950173
lacharente,bd6t55092726r,,failed,0,0,,no_usable_pages,known,,,bd6t55092726r: no usable pages in manifest.,2026-07-17T17:43:39.197184
lacharente,bd6t550927275,,failed,0,0,,no_usable_pages,known,,,bd6t550927275: no usable pages in manifest.,2026-07-17T17:43:39.767133
lacharente,bd6t55092728k,,failed,0,0,,no_usable_pages,known,,,bd6t55092728k: no usable pages in manifest.,2026-07-17T17:43:40.014631
lacharente,bd6t550927290,,failed,0,0,,no_usable_pages,known,,,bd6t550927290: no usable pages in manifest.,2026-07-17T17:43:40.472759
lacharente,bd6t55092730n,,failed,0,0,,no_usable_pages,known,,,bd6t55092730n: no usable pages in manifest.,2026-07-17T17:43:41.078598
lacharente,bd6t550927312,,failed,0,0,,no_usable_pages,known,,,bd6t550927312: no usable pages in manifest.,2026-07-17T17:43:41.601225
lacharente,bd6t55092732g,,failed,0,0,,no_usable_pages,known,,,bd6t55092732g: no usable pages in manifest.,2026-07-17T17:43:42.034842
lacharente,bd6t55092733w,,failed,0,0,,no_usable_pages,known,,,bd6t55092733w: no usable pages in manifest.,2026-07-17T17:43:43.032313
lacharente,bd6t550927349,,failed,0,0,,no_usable_pages,known,,,bd6t550927349: no usable pages in manifest.,2026-07-17T17:43:43.332207
lacharente,bd6t55092735q,,failed,0,0,,no_usable_pages,known,,,bd6t55092735q: no usable pages in manifest.,2026-07-17T17:43:43.678954
lacharente,bd6t550927364,,failed,0,0,,no_usable_pages,known,,,bd6t550927364: no usable pages in manifest.,2026-07-17T17:43:44.068200
lacharente,bd6t55092737j,,failed,0,0,,no_usable_pages,known,,,bd6t55092737j: no usable pages in manifest.,2026-07-17T17:43:44.392229
lacharente,bd6t55092738z,,failed,0,0,,no_usable_pages,known,,,bd6t55092738z: no usable pages in manifest.,2026-07-17T17:43:44.706000
lacharente,bd6t55092739c,,failed,0,0,,no_usable_pages,known,,,bd6t55092739c: no usable pages in manifest.,2026-07-17T17:43:45.186135
lacharente,bd6t550927401,,failed,0,0,,no_usable_pages,known,,,bd6t550927401: no usable pages in manifest.,2026-07-17T17:43:45.798054
lacharente,bd6t55092741f,,failed,0,0,,no_usable_pages,known,,,bd6t55092741f: no usable pages in manifest.,2026-07-17T17:43:46.070548
lacharente,bd6t55092742v,,failed,0,0,,no_usable_pages,known,,,bd6t55092742v: no usable pages in manifest.,2026-07-17T17:43:46.744651
lacharente,bd6t55092744p,,failed,0,0,,no_usable_pages,known,,,bd6t55092744p: no usable pages in manifest.,2026-07-17T17:43:47.033634
lacharente,bd6t550927453,,failed,0,0,,no_usable_pages,known,,,bd6t550927453: no usable pages in manifest.,2026-07-17T17:43:47.406827
lacharente,bd6t55092746h,,failed,0,0,,no_usable_pages,known,,,bd6t55092746h: no usable pages in manifest.,2026-07-17T17:43:47.783078
lacharente,bd6t55092747x,,failed,0,0,,no_usable_pages,known,,,bd6t55092747x: no usable pages in manifest.,2026-07-17T17:43:48.015095
lacharente,bd6t55092748b,,failed,0,0,,no_usable_pages,known,,,bd6t55092748b: no usable pages in manifest.,2026-07-17T17:43:48.381146
lacharente,bd6t55092750d,,failed,0,0,,no_usable_pages,known,,,bd6t55092750d: no usable pages in manifest.,2026-07-17T17:43:48.947531
lacharente,bd6t55092749r,,failed,0,0,,no_usable_pages,known,,,bd6t55092749r: no usable pages in manifest.,2026-07-17T17:43:49.233701
lacharente,bd6t55092751t,,failed,0,0,,no_usable_pages,known,,,bd6t55092751t: no usable pages in manifest.,2026-07-17T17:43:49.516698
lacharente,bd6t550927527,,failed,0,0,,no_usable_pages,known,,,bd6t550927527: no usable pages in manifest.,2026-07-17T17:43:49.837335
lacharente,bd6t55092753n,,failed,0,0,,no_usable_pages,known,,,bd6t55092753n: no usable pages in manifest.,2026-07-17T17:43:50.390505
lacharente,bd6t550927542,,failed,0,0,,no_usable_pages,known,,,bd6t550927542: no usable pages in manifest.,2026-07-17T17:43:50.660105
lacharente,bd6t55092755g,,failed,0,0,,no_usable_pages,known,,,bd6t55092755g: no usable pages in manifest.,2026-07-17T17:43:50.905221
lacharente,bd6t55092756w,,failed,0,0,,no_usable_pages,known,,,bd6t55092756w: no usable pages in manifest.,2026-07-17T17:43:51.471098
lacharente,bd6t550927579,,failed,0,0,,no_usable_pages,known,,,bd6t550927579: no usable pages in manifest.,2026-07-17T17:43:52.220742
lacharente,bd6t55092758q,,failed,0,0,,no_usable_pages,known,,,bd6t55092758q: no usable pages in manifest.,2026-07-17T17:43:52.822143
lacharente,bd6t550927594,,failed,0,0,,no_usable_pages,known,,,bd6t550927594: no usable pages in manifest.,2026-07-17T17:43:53.266880
lacharente,bd6t55092760s,,failed,0,0,,no_usable_pages,known,,,bd6t55092760s: no usable pages in manifest.,2026-07-17T17:43:53.674631
lacharente,bd6t550927616,,failed,0,0,,no_usable_pages,known,,,bd6t550927616: no usable pages in manifest.,2026-07-17T17:43:54.024482
lacharente,bd6t55092762m,,failed,0,0,,no_usable_pages,known,,,bd6t55092762m: no usable pages in manifest.,2026-07-17T17:43:54.977572
lacharente,bd6t550927631,,failed,0,0,,no_usable_pages,known,,,bd6t550927631: no usable pages in manifest.,2026-07-17T17:43:55.324409
lacharente,bd6t55092764f,,failed,0,0,,no_usable_pages,known,,,bd6t55092764f: no usable pages in manifest.,2026-07-17T17:43:55.727605
lacharente,bd6t55092765v,,failed,0,0,,no_usable_pages,known,,,bd6t55092765v: no usable pages in manifest.,2026-07-17T17:43:56.255532
lacharente,bd6t550927668,,failed,0,0,,no_usable_pages,known,,,bd6t550927668: no usable pages in manifest.,2026-07-17T17:43:56.537893
lacharente,bd6t55092767p,,failed,0,0,,no_usable_pages,known,,,bd6t55092767p: no usable pages in manifest.,2026-07-17T17:43:56.754033
lacharente,bd6t550927683,,failed,0,0,,no_usable_pages,known,,,bd6t550927683: no usable pages in manifest.,2026-07-17T17:43:57.243615
lacharente,bd6t55092769h,,failed,0,0,,no_usable_pages,known,,,bd6t55092769h: no usable pages in manifest.,2026-07-17T17:43:57.496315
lacharente,bd6t550927705,,failed,0,0,,no_usable_pages,known,,,bd6t550927705: no usable pages in manifest.,2026-07-17T17:43:57.945995
lacharente,bd6t55092771k,,failed,0,0,,no_usable_pages,known,,,bd6t55092771k: no usable pages in manifest.,2026-07-17T17:43:58.407095
lacharente,bd6t550927720,,failed,0,0,,no_usable_pages,known,,,bd6t550927720: no usable pages in manifest.,2026-07-17T17:43:58.737180
lacharente,bd6t55092773d,,failed,0,0,,no_usable_pages,known,,,bd6t55092773d: no usable pages in manifest.,2026-07-17T17:43:59.102096
lacharente,bd6t55092774t,,failed,0,0,,no_usable_pages,known,,,bd6t55092774t: no usable pages in manifest.,2026-07-17T17:43:59.476172
lacharente,bd6t550927757,,failed,0,0,,no_usable_pages,known,,,bd6t550927757: no usable pages in manifest.,2026-07-17T17:43:59.790887
lacharente,bd6t55092776n,,failed,0,0,,no_usable_pages,known,,,bd6t55092776n: no usable pages in manifest.,2026-07-17T17:44:00.373780
lacharente,bd6t550927772,,failed,0,0,,no_usable_pages,known,,,bd6t550927772: no usable pages in manifest.,2026-07-17T17:44:00.871624
lacharente,bd6t55092778g,,failed,0,0,,no_usable_pages,known,,,bd6t55092778g: no usable pages in manifest.,2026-07-17T17:44:01.344569
lacharente,bd6t55092779w,,failed,0,0,,no_usable_pages,known,,,bd6t55092779w: no usable pages in manifest.,2026-07-17T17:44:01.636454
lacharente,bd6t55092780j,,failed,0,0,,no_usable_pages,known,,,bd6t55092780j: no usable pages in manifest.,2026-07-17T17:44:02.102541
lacharente,bd6t55092781z,,failed,0,0,,no_usable_pages,known,,,bd6t55092781z: no usable pages in manifest.,2026-07-17T17:44:02.367503
lacharente,bd6t55092782c,,failed,0,0,,no_usable_pages,known,,,bd6t55092782c: no usable pages in manifest.,2026-07-17T17:44:02.652838
lacharente,bd6t55092783s,,failed,0,0,,no_usable_pages,known,,,bd6t55092783s: no usable pages in manifest.,2026-07-17T17:44:02.952874
lacharente,bd6t550927846,,failed,0,0,,no_usable_pages,known,,,bd6t550927846: no usable pages in manifest.,2026-07-17T17:44:03.261066
lacharente,bd6t55092785m,,failed,0,0,,no_usable_pages,known,,,bd6t55092785m: no usable pages in manifest.,2026-07-17T17:44:03.667995
lacharente,bd6t550927861,,failed,0,0,,no_usable_pages,known,,,bd6t550927861: no usable pages in manifest.,2026-07-17T17:44:03.976264
lacharente,bd6t55092787f,,failed,0,0,,no_usable_pages,known,,,bd6t55092787f: no usable pages in manifest.,2026-07-17T17:44:04.200042
lacharente,bd6t55092788v,,failed,0,0,,no_usable_pages,known,,,bd6t55092788v: no usable pages in manifest.,2026-07-17T17:44:04.685744
lacharente,bd6t550927898,,failed,0,0,,no_usable_pages,known,,,bd6t550927898: no usable pages in manifest.,2026-07-17T17:44:05.148051
lacharente,bd6t55092790x,,failed,0,0,,no_usable_pages,known,,,bd6t55092790x: no usable pages in manifest.,2026-07-17T17:44:05.487465
lacharente,bd6t55092791b,,failed,0,0,,no_usable_pages,known,,,bd6t55092791b: no usable pages in manifest.,2026-07-17T17:44:05.896969
lacharente,bd6t55092792r,,failed,0,0,,no_usable_pages,known,,,bd6t55092792r: no usable pages in manifest.,2026-07-17T17:44:06.442453
lacharente,bd6t550927935,,failed,0,0,,no_usable_pages,known,,,bd6t550927935: no usable pages in manifest.,2026-07-17T17:44:06.907118
lacharente,bd6t55092794k,,failed,0,0,,no_usable_pages,known,,,bd6t55092794k: no usable pages in manifest.,2026-07-17T17:44:07.407949
lacharente,bd6t550927950,,failed,0,0,,no_usable_pages,known,,,bd6t550927950: no usable pages in manifest.,2026-07-17T17:44:07.961048
lacharente,bd6t55092796d,,failed,0,0,,no_usable_pages,known,,,bd6t55092796d: no usable pages in manifest.,2026-07-17T17:44:08.365457
lacharente,bd6t55092797t,,failed,0,0,,no_usable_pages,known,,,bd6t55092797t: no usable pages in manifest.,2026-07-17T17:44:08.629197
lacharente,bd6t550927987,,failed,0,0,,no_usable_pages,known,,,bd6t550927987: no usable pages in manifest.,2026-07-17T17:44:08.963768
lacharente,bd6t55092799n,,failed,0,0,,no_usable_pages,known,,,bd6t55092799n: no usable pages in manifest.,2026-07-17T17:44:09.277380
lacharente,bd6t55092800v,,failed,0,0,,no_usable_pages,known,,,bd6t55092800v: no usable pages in manifest.,2026-07-17T17:44:09.728016
lacharente,bd6t550928018,,failed,0,0,,no_usable_pages,known,,,bd6t550928018: no usable pages in manifest.,2026-07-17T17:44:09.999638
lacharente,bd6t55092802p,,failed,0,0,,no_usable_pages,known,,,bd6t55092802p: no usable pages in manifest.,2026-07-17T17:44:10.248047
lacharente,bd6t550928033,,failed,0,0,,no_usable_pages,known,,,bd6t550928033: no usable pages in manifest.,2026-07-17T17:44:10.531690
lacharente,bd6t55092804h,,failed,0,0,,no_usable_pages,known,,,bd6t55092804h: no usable pages in manifest.,2026-07-17T17:44:10.831028
lacharente,bd6t55092805x,,failed,0,0,,no_usable_pages,known,,,bd6t55092805x: no usable pages in manifest.,2026-07-17T17:44:11.019506
lacharente,bd6t55092806b,,failed,0,0,,no_usable_pages,known,,,bd6t55092806b: no usable pages in manifest.,2026-07-17T17:44:11.255805
lacharente,bd6t55092807r,,failed,0,0,,no_usable_pages,known,,,bd6t55092807r: no usable pages in manifest.,2026-07-17T17:44:11.473181
lacharente,bd6t550928085,,failed,0,0,,no_usable_pages,known,,,bd6t550928085: no usable pages in manifest.,2026-07-17T17:44:12.337970
lacharente,bd6t55092809k,,failed,0,0,,no_usable_pages,known,,,bd6t55092809k: no usable pages in manifest.,2026-07-17T17:44:12.643270
lacharente,bd6t550928107,,failed,0,0,,no_usable_pages,known,,,bd6t550928107: no usable pages in manifest.,2026-07-17T17:44:12.883595
lacharente,bd6t55092811n,,failed,0,0,,no_usable_pages,known,,,bd6t55092811n: no usable pages in manifest.,2026-07-17T17:44:13.391415
lacharente,bd6t550928122,,failed,0,0,,no_usable_pages,known,,,bd6t550928122: no usable pages in manifest.,2026-07-17T17:44:13.827095
lacharente,bd6t55092813g,,failed,0,0,,no_usable_pages,known,,,bd6t55092813g: no usable pages in manifest.,2026-07-17T17:44:14.202332
lacharente,bd6t55092814w,,failed,0,0,,no_usable_pages,known,,,bd6t55092814w: no usable pages in manifest.,2026-07-17T17:44:14.404562
lacharente,bd6t550928159,,failed,0,0,,no_usable_pages,known,,,bd6t550928159: no usable pages in manifest.,2026-07-17T17:44:14.915197
lacharente,bd6t55092816q,,failed,0,0,,no_usable_pages,known,,,bd6t55092816q: no usable pages in manifest.,2026-07-17T17:44:15.281454
lacharente,bd6t550928174,,failed,0,0,,no_usable_pages,known,,,bd6t550928174: no usable pages in manifest.,2026-07-17T17:44:15.750006
lacharente,bd6t55092818j,,failed,0,0,,no_usable_pages,known,,,bd6t55092818j: no usable pages in manifest.,2026-07-17T17:44:16.270284
lacharente,bd6t55092819z,,failed,0,0,,no_usable_pages,known,,,bd6t55092819z: no usable pages in manifest.,2026-07-17T17:44:16.548318
lacharente,bd6t55092820m,,failed,0,0,,no_usable_pages,known,,,bd6t55092820m: no usable pages in manifest.,2026-07-17T17:44:16.742648
lacharente,bd6t550928211,,failed,0,0,,no_usable_pages,known,,,bd6t550928211: no usable pages in manifest.,2026-07-17T17:44:17.144328
lacharente,bd6t55092822f,,failed,0,0,,no_usable_pages,known,,,bd6t55092822f: no usable pages in manifest.,2026-07-17T17:44:17.462258
lacharente,bd6t55092823v,,failed,0,0,,no_usable_pages,known,,,bd6t55092823v: no usable pages in manifest.,2026-07-17T17:44:17.755162
lacharente,bd6t550928248,,failed,0,0,,no_usable_pages,known,,,bd6t550928248: no usable pages in manifest.,2026-07-17T17:44:18.044210
lacharente,bd6t55092825p,,failed,0,0,,no_usable_pages,known,,,bd6t55092825p: no usable pages in manifest.,2026-07-17T17:44:18.548458
lacharente,bd6t550928263,,failed,0,0,,no_usable_pages,known,,,bd6t550928263: no usable pages in manifest.,2026-07-17T17:44:18.969602
lacharente,bd6t55092827h,,failed,0,0,,no_usable_pages,known,,,bd6t55092827h: no usable pages in manifest.,2026-07-17T17:44:19.216175
lacharente,bd6t55092828x,,failed,0,0,,no_usable_pages,known,,,bd6t55092828x: no usable pages in manifest.,2026-07-17T17:44:19.458849
lacharente,bd6t55092829b,,failed,0,0,,no_usable_pages,known,,,bd6t55092829b: no usable pages in manifest.,2026-07-17T17:44:20.106515
lacharente,bd6t550928300,,failed,0,0,,no_usable_pages,known,,,bd6t550928300: no usable pages in manifest.,2026-07-17T17:44:20.353756
lacharente,bd6t55092831d,,failed,0,0,,no_usable_pages,known,,,bd6t55092831d: no usable pages in manifest.,2026-07-17T17:44:20.557894
lacharente,bd6t55092832t,,failed,0,0,,no_usable_pages,known,,,bd6t55092832t: no usable pages in manifest.,2026-07-17T17:44:20.877563
lacharente,bd6t550928337,,failed,0,0,,no_usable_pages,known,,,bd6t550928337: no usable pages in manifest.,2026-07-17T17:44:21.196365
lacharente,bd6t55092834n,,failed,0,0,,no_usable_pages,known,,,bd6t55092834n: no usable pages in manifest.,2026-07-17T17:44:21.456137
lacharente,bd6t550928352,,failed,0,0,,no_usable_pages,known,,,bd6t550928352: no usable pages in manifest.,2026-07-17T17:44:21.761214
lacharente,bd6t55092836g,,failed,0,0,,no_usable_pages,known,,,bd6t55092836g: no usable pages in manifest.,2026-07-17T17:44:22.265211
lacharente,bd6t55092837w,,failed,0,0,,no_usable_pages,known,,,bd6t55092837w: no usable pages in manifest.,2026-07-17T17:44:22.628263
lacharente,bd6t550928389,,failed,0,0,,no_usable_pages,known,,,bd6t550928389: no usable pages in manifest.,2026-07-17T17:44:22.909031
lacharente,bd6t55092839q,,failed,0,0,,no_usable_pages,known,,,bd6t55092839q: no usable pages in manifest.,2026-07-17T17:44:23.255909
lacharente,bd6t55092840c,,failed,0,0,,no_usable_pages,known,,,bd6t55092840c: no usable pages in manifest.,2026-07-17T17:44:23.476185
lacharente,bd6t55092841s,,failed,0,0,,no_usable_pages,known,,,bd6t55092841s: no usable pages in manifest.,2026-07-17T17:44:23.760910
lacharente,bd6t550928426,,failed,0,0,,no_usable_pages,known,,,bd6t550928426: no usable pages in manifest.,2026-07-17T17:44:24.187872
lacharente,bd6t55092843m,,failed,0,0,,no_usable_pages,known,,,bd6t55092843m: no usable pages in manifest.,2026-07-17T17:44:24.940292
lacharente,bd6t550928441,,failed,0,0,,no_usable_pages,known,,,bd6t550928441: no usable pages in manifest.,2026-07-17T17:44:25.326027
lacharente,bd6t55092845f,,failed,0,0,,no_usable_pages,known,,,bd6t55092845f: no usable pages in manifest.,2026-07-17T17:44:25.590151
lacharente,bd6t55092846v,,failed,0,0,,no_usable_pages,known,,,bd6t55092846v: no usable pages in manifest.,2026-07-17T17:44:25.786031
lacharente,bd6t550928478,,failed,0,0,,no_usable_pages,known,,,bd6t550928478: no usable pages in manifest.,2026-07-17T17:44:26.158817
lacharente,bd6t55092848p,,failed,0,0,,no_usable_pages,known,,,bd6t55092848p: no usable pages in manifest.,2026-07-17T17:44:26.474316
lacharente,bd6t550928493,,failed,0,0,,no_usable_pages,known,,,bd6t550928493: no usable pages in manifest.,2026-07-17T17:44:26.760622
lacharente,bd6t55092850r,,failed,0,0,,no_usable_pages,known,,,bd6t55092850r: no usable pages in manifest.,2026-07-17T17:44:27.097312
lacharente,bd6t550928515,,failed,0,0,,no_usable_pages,known,,,bd6t550928515: no usable pages in manifest.,2026-07-17T17:44:27.546553
lacharente,bd6t55092852k,,failed,0,0,,no_usable_pages,known,,,bd6t55092852k: no usable pages in manifest.,2026-07-17T17:44:27.816293
lacharente,bd6t550928530,,failed,0,0,,no_usable_pages,known,,,bd6t550928530: no usable pages in manifest.,2026-07-17T17:44:28.173259
lacharente,bd6t55092854d,,failed,0,0,,no_usable_pages,known,,,bd6t55092854d: no usable pages in manifest.,2026-07-17T17:44:28.488726
lacharente,bd6t55092855t,,failed,0,0,,no_usable_pages,known,,,bd6t55092855t: no usable pages in manifest.,2026-07-17T17:44:28.793514
lacharente,bd6t550928567,,failed,0,0,,no_usable_pages,known,,,bd6t550928567: no usable pages in manifest.,2026-07-17T17:44:29.045903
lacharente,bd6t55092857n,,failed,0,0,,no_usable_pages,known,,,bd6t55092857n: no usable pages in manifest.,2026-07-17T17:44:29.528767
lacharente,bd6t550928582,,failed,0,0,,no_usable_pages,known,,,bd6t550928582: no usable pages in manifest.,2026-07-17T17:44:29.880436
lacharente,bd6t55092859g,,failed,0,0,,no_usable_pages,known,,,bd6t55092859g: no usable pages in manifest.,2026-07-17T17:44:30.148242
lacharente,bd6t550928604,,failed,0,0,,no_usable_pages,known,,,bd6t550928604: no usable pages in manifest.,2026-07-17T17:44:30.446619
lacharente,bd6t55092861j,,failed,0,0,,no_usable_pages,known,,,bd6t55092861j: no usable pages in manifest.,2026-07-17T17:44:30.838647
lacharente,bd6t55092862z,,failed,0,0,,no_usable_pages,known,,,bd6t55092862z: no usable pages in manifest.,2026-07-17T17:44:31.102474
lacharente,bd6t55092863c,,failed,0,0,,no_usable_pages,known,,,bd6t55092863c: no usable pages in manifest.,2026-07-17T17:44:31.424480
lacharente,bd6t55092864s,,failed,0,0,,no_usable_pages,known,,,bd6t55092864s: no usable pages in manifest.,2026-07-17T17:44:31.807146
lacharente,bd6t550928656,,failed,0,0,,no_usable_pages,known,,,bd6t550928656: no usable pages in manifest.,2026-07-17T17:44:32.142063
lacharente,bd6t55092866m,,failed,0,0,,no_usable_pages,known,,,bd6t55092866m: no usable pages in manifest.,2026-07-17T17:44:32.440395
lacharente,bd6t550928671,,failed,0,0,,no_usable_pages,known,,,bd6t550928671: no usable pages in manifest.,2026-07-17T17:44:32.958197
lacharente,bd6t55092868f,,failed,0,0,,no_usable_pages,known,,,bd6t55092868f: no usable pages in manifest.,2026-07-17T17:44:33.357985
lacharente,bd6t55092869v,,failed,0,0,,no_usable_pages,known,,,bd6t55092869v: no usable pages in manifest.,2026-07-17T17:44:33.763259
lacharente,bd6t55092870h,,failed,0,0,,no_usable_pages,known,,,bd6t55092870h: no usable pages in manifest.,2026-07-17T17:44:34.202031
lacharente,bd6t55092871x,,failed,0,0,,no_usable_pages,known,,,bd6t55092871x: no usable pages in manifest.,2026-07-17T17:44:34.536834
lacharente,bd6t55092872b,,failed,0,0,,no_usable_pages,known,,,bd6t55092872b: no usable pages in manifest.,2026-07-17T17:44:34.860634
lacharente,bd6t55092873r,,failed,0,0,,no_usable_pages,known,,,bd6t55092873r: no usable pages in manifest.,2026-07-17T17:44:35.335175
lacharente,bd6t550928745,,failed,0,0,,no_usable_pages,known,,,bd6t550928745: no usable pages in manifest.,2026-07-17T17:44:35.872143
lacharente,bd6t55092875k,,failed,0,0,,no_usable_pages,known,,,bd6t55092875k: no usable pages in manifest.,2026-07-17T17:44:36.060578
lacharente,bd6t550928760,,failed,0,0,,no_usable_pages,known,,,bd6t550928760: no usable pages in manifest.,2026-07-17T17:44:36.785515
lacharente,bd6t55092877d,,failed,0,0,,no_usable_pages,known,,,bd6t55092877d: no usable pages in manifest.,2026-07-17T17:44:37.081519
lacharente,bd6t55092878t,,failed,0,0,,no_usable_pages,known,,,bd6t55092878t: no usable pages in manifest.,2026-07-17T17:44:37.363353
lacharente,bd6t550928797,,failed,0,0,,no_usable_pages,known,,,bd6t550928797: no usable pages in manifest.,2026-07-17T17:44:37.680024
lacharente,bd6t55092880w,,failed,0,0,,no_usable_pages,known,,,bd6t55092880w: no usable pages in manifest.,2026-07-17T17:44:38.094419
lacharente,bd6t550928819,,failed,0,0,,no_usable_pages,known,,,bd6t550928819: no usable pages in manifest.,2026-07-17T17:44:38.375855
lacharente,bd6t55092882q,,failed,0,0,,no_usable_pages,known,,,bd6t55092882q: no usable pages in manifest.,2026-07-17T17:44:38.687212
lacharente,bd6t550928834,,failed,0,0,,no_usable_pages,known,,,bd6t550928834: no usable pages in manifest.,2026-07-17T17:44:39.073411
lacharente,bd6t55092884j,,failed,0,0,,no_usable_pages,known,,,bd6t55092884j: no usable pages in manifest.,2026-07-17T17:44:39.580571
lacharente,bd6t55092885z,,failed,0,0,,no_usable_pages,known,,,bd6t55092885z: no usable pages in manifest.,2026-07-17T17:44:40.164370
lacharente,bd6t55092886c,,failed,0,0,,no_usable_pages,known,,,bd6t55092886c: no usable pages in manifest.,2026-07-17T17:44:40.465773
lacharente,bd6t55092887s,,failed,0,0,,no_usable_pages,known,,,bd6t55092887s: no usable pages in manifest.,2026-07-17T17:44:40.740728
lacharente,bd6t550928886,,failed,0,0,,no_usable_pages,known,,,bd6t550928886: no usable pages in manifest.,2026-07-17T17:44:41.288087
lacharente,bd6t55092889m,,failed,0,0,,no_usable_pages,known,,,bd6t55092889m: no usable pages in manifest.,2026-07-17T17:44:41.579308
lacharente,bd6t550928908,,failed,0,0,,no_usable_pages,known,,,bd6t550928908: no usable pages in manifest.,2026-07-17T17:44:41.848077
lacharente,bd6t55092891p,,failed,0,0,,no_usable_pages,known,,,bd6t55092891p: no usable pages in manifest.,2026-07-17T17:44:42.156024
lacharente,bd6t550928923,,failed,0,0,,no_usable_pages,known,,,bd6t550928923: no usable pages in manifest.,2026-07-17T17:44:42.768258
lacharente,bd6t55092893h,,failed,0,0,,no_usable_pages,known,,,bd6t55092893h: no usable pages in manifest.,2026-07-17T17:44:43.410466
lacharente,bd6t55092894x,,failed,0,0,,no_usable_pages,known,,,bd6t55092894x: no usable pages in manifest.,2026-07-17T17:44:43.737818
lacharente,bd6t55092895b,,failed,0,0,,no_usable_pages,known,,,bd6t55092895b: no usable pages in manifest.,2026-07-17T17:44:44.160322
lacharente,bd6t55092896r,,failed,0,0,,no_usable_pages,known,,,bd6t55092896r: no usable pages in manifest.,2026-07-17T17:44:44.648419
lacharente,bd6t550928975,,failed,0,0,,no_usable_pages,known,,,bd6t550928975: no usable pages in manifest.,2026-07-17T17:44:44.893499
lacharente,bd6t55092898k,,failed,0,0,,no_usable_pages,known,,,bd6t55092898k: no usable pages in manifest.,2026-07-17T17:44:45.133935
lacharente,bd6t550928990,,failed,0,0,,no_usable_pages,known,,,bd6t550928990: no usable pages in manifest.,2026-07-17T17:44:45.553883
lacharente,bd6t550929006,,failed,0,0,,no_usable_pages,known,,,bd6t550929006: no usable pages in manifest.,2026-07-17T17:44:46.155496
lacharente,bd6t55092901m,,failed,0,0,,no_usable_pages,known,,,bd6t55092901m: no usable pages in manifest.,2026-07-17T17:44:46.547412
lacharente,bd6t550929021,,failed,0,0,,no_usable_pages,known,,,bd6t550929021: no usable pages in manifest.,2026-07-17T17:44:47.039467
lacharente,bd6t55092903f,,failed,0,0,,no_usable_pages,known,,,bd6t55092903f: no usable pages in manifest.,2026-07-17T17:44:47.279905
lacharente,bd6t55092904v,,failed,0,0,,no_usable_pages,known,,,bd6t55092904v: no usable pages in manifest.,2026-07-17T17:44:47.528582
lacharente,bd6t550929058,,failed,0,0,,no_usable_pages,known,,,bd6t550929058: no usable pages in manifest.,2026-07-17T17:44:47.758296
lacharente,bd6t55092906p,,failed,0,0,,no_usable_pages,known,,,bd6t55092906p: no usable pages in manifest.,2026-07-17T17:44:48.011354
lacharente,bd6t550929073,,failed,0,0,,no_usable_pages,known,,,bd6t550929073: no usable pages in manifest.,2026-07-17T17:44:48.620219
lacharente,bd6t55092908h,,failed,0,0,,no_usable_pages,known,,,bd6t55092908h: no usable pages in manifest.,2026-07-17T17:44:48.896914
lacharente,bd6t55092909x,,failed,0,0,,no_usable_pages,known,,,bd6t55092909x: no usable pages in manifest.,2026-07-17T17:44:49.283397
lacharente,bd6t55092910k,,failed,0,0,,no_usable_pages,known,,,bd6t55092910k: no usable pages in manifest.,2026-07-17T17:44:49.599069
lacharente,bd6t550929110,,failed,0,0,,no_usable_pages,known,,,bd6t550929110: no usable pages in manifest.,2026-07-17T17:44:49.745844
lacharente,bd6t55092912d,,failed,0,0,,no_usable_pages,known,,,bd6t55092912d: no usable pages in manifest.,2026-07-17T17:44:50.048135
lacharente,bd6t55092913t,,failed,0,0,,no_usable_pages,known,,,bd6t55092913t: no usable pages in manifest.,2026-07-17T17:44:50.423575
lacharente,bd6t550929147,,failed,0,0,,no_usable_pages,known,,,bd6t550929147: no usable pages in manifest.,2026-07-17T17:44:50.906554
lacharente,bd6t55092915n,,failed,0,0,,no_usable_pages,known,,,bd6t55092915n: no usable pages in manifest.,2026-07-17T17:44:51.289684
lacharente,bd6t550929162,,failed,0,0,,no_usable_pages,known,,,bd6t550929162: no usable pages in manifest.,2026-07-17T17:44:51.660292
lacharente,bd6t55092917g,,failed,0,0,,no_usable_pages,known,,,bd6t55092917g: no usable pages in manifest.,2026-07-17T17:44:51.998757
lacharente,bd6t55092918w,,failed,0,0,,no_usable_pages,known,,,bd6t55092918w: no usable pages in manifest.,2026-07-17T17:44:52.651474
lacharente,bd6t550929199,,failed,0,0,,no_usable_pages,known,,,bd6t550929199: no usable pages in manifest.,2026-07-17T17:44:53.215148
lacharente,bd6t55092920z,,failed,0,0,,no_usable_pages,known,,,bd6t55092920z: no usable pages in manifest.,2026-07-17T17:44:53.536087
lacharente,bd6t55092921c,,failed,0,0,,no_usable_pages,known,,,bd6t55092921c: no usable pages in manifest.,2026-07-17T17:44:53.796278
lacharente,bd6t55092922s,,failed,0,0,,no_usable_pages,known,,,bd6t55092922s: no usable pages in manifest.,2026-07-17T17:44:54.217632
lacharente,bd6t550929236,,failed,0,0,,no_usable_pages,known,,,bd6t550929236: no usable pages in manifest.,2026-07-17T17:44:54.726258
lacharente,bd6t55092924m,,failed,0,0,,no_usable_pages,known,,,bd6t55092924m: no usable pages in manifest.,2026-07-17T17:44:55.214098
lacharente,bd6t550929251,,failed,0,0,,no_usable_pages,known,,,bd6t550929251: no usable pages in manifest.,2026-07-17T17:44:55.928954
lacharente,bd6t55092926f,,failed,0,0,,no_usable_pages,known,,,bd6t55092926f: no usable pages in manifest.,2026-07-17T17:44:56.299416
lacharente,bd6t55092927v,,failed,0,0,,no_usable_pages,known,,,bd6t55092927v: no usable pages in manifest.,2026-07-17T17:44:56.704741
lacharente,bd6t550929288,,failed,0,0,,no_usable_pages,known,,,bd6t550929288: no usable pages in manifest.,2026-07-17T17:44:57.019362
lacharente,bd6t55092929p,,failed,0,0,,no_usable_pages,known,,,bd6t55092929p: no usable pages in manifest.,2026-07-17T17:44:57.227084
lacharente,bd6t55092930b,,failed,0,0,,no_usable_pages,known,,,bd6t55092930b: no usable pages in manifest.,2026-07-17T17:44:57.679079
lacharente,bd6t55092931r,,failed,0,0,,no_usable_pages,known,,,bd6t55092931r: no usable pages in manifest.,2026-07-17T17:44:58.125253
lacharente,bd6t550929325,,failed,0,0,,no_usable_pages,known,,,bd6t550929325: no usable pages in manifest.,2026-07-17T17:44:58.351251
lacharente,bd6t55092933k,,failed,0,0,,no_usable_pages,known,,,bd6t55092933k: no usable pages in manifest.,2026-07-17T17:44:58.631729
lacharente,bd6t550929340,,failed,0,0,,no_usable_pages,known,,,bd6t550929340: no usable pages in manifest.,2026-07-17T17:44:59.048095
lacharente,bd6t55092935d,,failed,0,0,,no_usable_pages,known,,,bd6t55092935d: no usable pages in manifest.,2026-07-17T17:44:59.454916
lacharente,bd6t55092936t,,failed,0,0,,no_usable_pages,known,,,bd6t55092936t: no usable pages in manifest.,2026-07-17T17:44:59.824454
lacharente,bd6t550929377,,failed,0,0,,no_usable_pages,known,,,bd6t550929377: no usable pages in manifest.,2026-07-17T17:45:00.339648
lacharente,bd6t55092938n,,failed,0,0,,no_usable_pages,known,,,bd6t55092938n: no usable pages in manifest.,2026-07-17T17:45:00.961682
lacharente,bd6t550929392,,failed,0,0,,no_usable_pages,known,,,bd6t550929392: no usable pages in manifest.,2026-07-17T17:45:01.154090
lacharente,bd6t55092940q,,failed,0,0,,no_usable_pages,known,,,bd6t55092940q: no usable pages in manifest.,2026-07-17T17:45:01.356033
lacharente,bd6t550929414,,failed,0,0,,no_usable_pages,known,,,bd6t550929414: no usable pages in manifest.,2026-07-17T17:45:01.725613
lacharente,bd6t55092942j,,failed,0,0,,no_usable_pages,known,,,bd6t55092942j: no usable pages in manifest.,2026-07-17T17:45:02.182742
lacharente,bd6t55092943z,,failed,0,0,,no_usable_pages,known,,,bd6t55092943z: no usable pages in manifest.,2026-07-17T17:45:02.464640
lacharente,bd6t55092944c,,failed,0,0,,no_usable_pages,known,,,bd6t55092944c: no usable pages in manifest.,2026-07-17T17:45:02.965943
lacharente,bd6t55092945s,,failed,0,0,,no_usable_pages,known,,,bd6t55092945s: no usable pages in manifest.,2026-07-17T17:45:03.424027
lacharente,bd6t550929466,,failed,0,0,,no_usable_pages,known,,,bd6t550929466: no usable pages in manifest.,2026-07-17T17:45:03.819367
lacharente,bd6t55092947m,,failed,0,0,,no_usable_pages,known,,,bd6t55092947m: no usable pages in manifest.,2026-07-17T17:45:04.090004
lacharente,bd6t550929481,,failed,0,0,,no_usable_pages,known,,,bd6t550929481: no usable pages in manifest.,2026-07-17T17:45:04.529566
lacharente,bd6t55092949f,,failed,0,0,,no_usable_pages,known,,,bd6t55092949f: no usable pages in manifest.,2026-07-17T17:45:04.908579
lacharente,bd6t550929503,,failed,0,0,,no_usable_pages,known,,,bd6t550929503: no usable pages in manifest.,2026-07-17T17:45:05.455193
lacharente,bd6t55092951h,,failed,0,0,,no_usable_pages,known,,,bd6t55092951h: no usable pages in manifest.,2026-07-17T17:45:05.787717
lacharente,bd6t55092952x,,failed,0,0,,no_usable_pages,known,,,bd6t55092952x: no usable pages in manifest.,2026-07-17T17:45:06.243319
lacharente,bd6t55092953b,,failed,0,0,,no_usable_pages,known,,,bd6t55092953b: no usable pages in manifest.,2026-07-17T17:45:06.738639
lacharente,bd6t55092954r,,failed,0,0,,no_usable_pages,known,,,bd6t55092954r: no usable pages in manifest.,2026-07-17T17:45:07.063161
lacharente,bd6t550929555,,failed,0,0,,no_usable_pages,known,,,bd6t550929555: no usable pages in manifest.,2026-07-17T17:45:07.443168
lacharente,bd6t55092956k,,failed,0,0,,no_usable_pages,known,,,bd6t55092956k: no usable pages in manifest.,2026-07-17T17:45:07.850506
lacharente,bd6t550929570,,failed,0,0,,no_usable_pages,known,,,bd6t550929570: no usable pages in manifest.,2026-07-17T17:45:08.206682
lacharente,bd6t55092958d,,failed,0,0,,no_usable_pages,known,,,bd6t55092958d: no usable pages in manifest.,2026-07-17T17:45:08.461151
lacharente,bd6t55092959t,,failed,0,0,,no_usable_pages,known,,,bd6t55092959t: no usable pages in manifest.,2026-07-17T17:45:08.794417
lacharente,bd6t55092960g,,failed,0,0,,no_usable_pages,known,,,bd6t55092960g: no usable pages in manifest.,2026-07-17T17:45:08.952317
lacharente,bd6t55092961w,,failed,0,0,,no_usable_pages,known,,,bd6t55092961w: no usable pages in manifest.,2026-07-17T17:45:09.280907
lacharente,bd6t550929629,,failed,0,0,,no_usable_pages,known,,,bd6t550929629: no usable pages in manifest.,2026-07-17T17:45:09.664091
lacharente,bd6t55092963q,,failed,0,0,,no_usable_pages,known,,,bd6t55092963q: no usable pages in manifest.,2026-07-17T17:45:10.125473
lacharente,bd6t550929644,,failed,0,0,,no_usable_pages,known,,,bd6t550929644: no usable pages in manifest.,2026-07-17T17:45:10.389458
lacharente,bd6t55092965j,,failed,0,0,,no_usable_pages,known,,,bd6t55092965j: no usable pages in manifest.,2026-07-17T17:45:10.731891
lacharente,bd6t55092966z,,failed,0,0,,no_usable_pages,known,,,bd6t55092966z: no usable pages in manifest.,2026-07-17T17:45:11.155383
lacharente,bd6t55092967c,,failed,0,0,,no_usable_pages,known,,,bd6t55092967c: no usable pages in manifest.,2026-07-17T17:45:11.447673
lacharente,bd6t55092968s,,failed,0,0,,no_usable_pages,known,,,bd6t55092968s: no usable pages in manifest.,2026-07-17T17:45:11.867856
lacharente,bd6t550929696,,failed,0,0,,no_usable_pages,known,,,bd6t550929696: no usable pages in manifest.,2026-07-17T17:45:12.076523
lacharente,bd6t55092970v,,failed,0,0,,no_usable_pages,known,,,bd6t55092970v: no usable pages in manifest.,2026-07-17T17:45:12.421052
lacharente,bd6t550929718,,failed,0,0,,no_usable_pages,known,,,bd6t550929718: no usable pages in manifest.,2026-07-17T17:45:12.788529
lacharente,bd6t55092972p,,failed,0,0,,no_usable_pages,known,,,bd6t55092972p: no usable pages in manifest.,2026-07-17T17:45:13.099355
lacharente,bd6t550929733,,failed,0,0,,no_usable_pages,known,,,bd6t550929733: no usable pages in manifest.,2026-07-17T17:45:13.405106
lacharente,bd6t55092974h,,failed,0,0,,no_usable_pages,known,,,bd6t55092974h: no usable pages in manifest.,2026-07-17T17:45:13.687715
lacharente,bd6t55092975x,,failed,0,0,,no_usable_pages,known,,,bd6t55092975x: no usable pages in manifest.,2026-07-17T17:45:14.020596
lacharente,bd6t55092976b,,failed,0,0,,no_usable_pages,known,,,bd6t55092976b: no usable pages in manifest.,2026-07-17T17:45:14.378411
lacharente,bd6t55092977r,,failed,0,0,,no_usable_pages,known,,,bd6t55092977r: no usable pages in manifest.,2026-07-17T17:45:14.769762
lacharente,bd6t550929785,,failed,0,0,,no_usable_pages,known,,,bd6t550929785: no usable pages in manifest.,2026-07-17T17:45:15.189648
lacharente,bd6t55092979k,,failed,0,0,,no_usable_pages,known,,,bd6t55092979k: no usable pages in manifest.,2026-07-17T17:45:15.482387
lacharente,bd6t550929807,,failed,0,0,,no_usable_pages,known,,,bd6t550929807: no usable pages in manifest.,2026-07-17T17:45:15.893962
lacharente,bd6t55092981n,,failed,0,0,,no_usable_pages,known,,,bd6t55092981n: no usable pages in manifest.,2026-07-17T17:45:16.150753
lacharente,bd6t550929822,,failed,0,0,,no_usable_pages,known,,,bd6t550929822: no usable pages in manifest.,2026-07-17T17:45:16.323016
lacharente,bd6t55092983g,,failed,0,0,,no_usable_pages,known,,,bd6t55092983g: no usable pages in manifest.,2026-07-17T17:45:16.741570
lacharente,bd6t55092984w,,failed,0,0,,no_usable_pages,known,,,bd6t55092984w: no usable pages in manifest.,2026-07-17T17:45:17.195062
lacharente,bd6t550929859,,failed,0,0,,no_usable_pages,known,,,bd6t550929859: no usable pages in manifest.,2026-07-17T17:45:17.458076
lacharente,bd6t55092986q,,failed,0,0,,no_usable_pages,known,,,bd6t55092986q: no usable pages in manifest.,2026-07-17T17:45:17.859967
lacharente,bd6t550929874,,failed,0,0,,no_usable_pages,known,,,bd6t550929874: no usable pages in manifest.,2026-07-17T17:45:18.146695
lacharente,bd6t55092988j,,failed,0,0,,no_usable_pages,known,,,bd6t55092988j: no usable pages in manifest.,2026-07-17T17:45:18.465021
lacharente,bd6t55092989z,,failed,0,0,,no_usable_pages,known,,,bd6t55092989z: no usable pages in manifest.,2026-07-17T17:45:18.715408
lacharente,bd6t55092990m,,failed,0,0,,no_usable_pages,known,,,bd6t55092990m: no usable pages in manifest.,2026-07-17T17:45:19.070391
lacharente,bd6t550929911,,failed,0,0,,no_usable_pages,known,,,bd6t550929911: no usable pages in manifest.,2026-07-17T17:45:19.379462
lacharente,bd6t55092992f,,failed,0,0,,no_usable_pages,known,,,bd6t55092992f: no usable pages in manifest.,2026-07-17T17:45:19.774403
lacharente,bd6t55092993v,,failed,0,0,,no_usable_pages,known,,,bd6t55092993v: no usable pages in manifest.,2026-07-17T17:45:20.122087
lacharente,bd6t550929948,,failed,0,0,,no_usable_pages,known,,,bd6t550929948: no usable pages in manifest.,2026-07-17T17:45:20.343616
lacharente,bd6t55092995p,,failed,0,0,,no_usable_pages,known,,,bd6t55092995p: no usable pages in manifest.,2026-07-17T17:45:20.892326
lacharente,bd6t550929963,,failed,0,0,,no_usable_pages,known,,,bd6t550929963: no usable pages in manifest.,2026-07-17T17:45:21.160632
lacharente,bd6t55092997h,,failed,0,0,,no_usable_pages,known,,,bd6t55092997h: no usable pages in manifest.,2026-07-17T17:45:21.417924
lacharente,bd6t55092998x,,failed,0,0,,no_usable_pages,known,,,bd6t55092998x: no usable pages in manifest.,2026-07-17T17:45:21.642593
lacharente,bd6t55092999b,,failed,0,0,,no_usable_pages,known,,,bd6t55092999b: no usable pages in manifest.,2026-07-17T17:45:22.191253
lacharente,bd6t55093000d,,failed,0,0,,no_usable_pages,known,,,bd6t55093000d: no usable pages in manifest.,2026-07-17T17:45:22.514993
lacharente,bd6t55093001t,,failed,0,0,,no_usable_pages,known,,,bd6t55093001t: no usable pages in manifest.,2026-07-17T17:45:22.825590
lacharente,bd6t550930027,,failed,0,0,,no_usable_pages,known,,,bd6t550930027: no usable pages in manifest.,2026-07-17T17:45:23.383452
lacharente,bd6t55093003n,,failed,0,0,,no_usable_pages,known,,,bd6t55093003n: no usable pages in manifest.,2026-07-17T17:45:23.607025
lacharente,bd6t550930042,,failed,0,0,,no_usable_pages,known,,,bd6t550930042: no usable pages in manifest.,2026-07-17T17:45:23.824253
lacharente,bd6t55093005g,,failed,0,0,,no_usable_pages,known,,,bd6t55093005g: no usable pages in manifest.,2026-07-17T17:45:23.969880
lacharente,bd6t55093006w,,failed,0,0,,no_usable_pages,known,,,bd6t55093006w: no usable pages in manifest.,2026-07-17T17:45:24.329734
lacharente,bd6t550930079,,failed,0,0,,no_usable_pages,known,,,bd6t550930079: no usable pages in manifest.,2026-07-17T17:45:24.824287
lacharente,bd6t55093008q,,failed,0,0,,no_usable_pages,known,,,bd6t55093008q: no usable pages in manifest.,2026-07-17T17:45:24.998276
lacharente,bd6t550930094,,failed,0,0,,no_usable_pages,known,,,bd6t550930094: no usable pages in manifest.,2026-07-17T17:45:25.347380
lacharente,bd6t55093010s,,failed,0,0,,no_usable_pages,known,,,bd6t55093010s: no usable pages in manifest.,2026-07-17T17:45:25.857690
lacharente,bd6t550930116,,failed,0,0,,no_usable_pages,known,,,bd6t550930116: no usable pages in manifest.,2026-07-17T17:45:26.179779
lacharente,bd6t55093012m,,failed,0,0,,no_usable_pages,known,,,bd6t55093012m: no usable pages in manifest.,2026-07-17T17:45:26.410328
lacharente,bd6t550930131,,failed,0,0,,no_usable_pages,known,,,bd6t550930131: no usable pages in manifest.,2026-07-17T17:45:26.748582
lacharente,bd6t55093014f,,failed,0,0,,no_usable_pages,known,,,bd6t55093014f: no usable pages in manifest.,2026-07-17T17:45:27.159224
lacharente,bd6t55093015v,,failed,0,0,,no_usable_pages,known,,,bd6t55093015v: no usable pages in manifest.,2026-07-17T17:45:27.462133
lacharente,bd6t550930168,,failed,0,0,,no_usable_pages,known,,,bd6t550930168: no usable pages in manifest.,2026-07-17T17:45:27.808701
lacharente,bd6t55093017p,,failed,0,0,,no_usable_pages,known,,,bd6t55093017p: no usable pages in manifest.,2026-07-17T17:45:28.200464
lacharente,bd6t550930183,,failed,0,0,,no_usable_pages,known,,,bd6t550930183: no usable pages in manifest.,2026-07-17T17:45:28.520475
lacharente,bd6t55093019h,,failed,0,0,,no_usable_pages,known,,,bd6t55093019h: no usable pages in manifest.,2026-07-17T17:45:28.772247
lacharente,bd6t550930205,,failed,0,0,,no_usable_pages,known,,,bd6t550930205: no usable pages in manifest.,2026-07-17T17:45:29.257499
lacharente,bd6t55093021k,,failed,0,0,,no_usable_pages,known,,,bd6t55093021k: no usable pages in manifest.,2026-07-17T17:45:29.661143
lacharente,bd6t550930220,,failed,0,0,,no_usable_pages,known,,,bd6t550930220: no usable pages in manifest.,2026-07-17T17:45:29.885041
lacharente,bd6t55093023d,,failed,0,0,,no_usable_pages,known,,,bd6t55093023d: no usable pages in manifest.,2026-07-17T17:45:30.272281
lacharente,bd6t55093024t,,failed,0,0,,no_usable_pages,known,,,bd6t55093024t: no usable pages in manifest.,2026-07-17T17:45:30.445340
lacharente,bd6t550930257,,failed,0,0,,no_usable_pages,known,,,bd6t550930257: no usable pages in manifest.,2026-07-17T17:45:30.927207
lacharente,bd6t55093026n,,failed,0,0,,no_usable_pages,known,,,bd6t55093026n: no usable pages in manifest.,2026-07-17T17:45:31.218595
lacharente,bd6t550930272,,failed,0,0,,no_usable_pages,known,,,bd6t550930272: no usable pages in manifest.,2026-07-17T17:45:31.448534
lacharente,bd6t55093028g,,failed,0,0,,no_usable_pages,known,,,bd6t55093028g: no usable pages in manifest.,2026-07-17T17:45:31.981495
lacharente,bd6t55093029w,,failed,0,0,,no_usable_pages,known,,,bd6t55093029w: no usable pages in manifest.,2026-07-17T17:45:32.175281
lacharente,bd6t55093030j,,failed,0,0,,no_usable_pages,known,,,bd6t55093030j: no usable pages in manifest.,2026-07-17T17:45:32.529874
lacharente,bd6t55093031z,,failed,0,0,,no_usable_pages,known,,,bd6t55093031z: no usable pages in manifest.,2026-07-17T17:45:32.800759
lacharente,bd6t55093032c,,failed,0,0,,no_usable_pages,known,,,bd6t55093032c: no usable pages in manifest.,2026-07-17T17:45:33.197745
lacharente,bd6t55093033s,,failed,0,0,,no_usable_pages,known,,,bd6t55093033s: no usable pages in manifest.,2026-07-17T17:45:33.642819
lacharente,bd6t550909047,,failed,0,0,,no_usable_pages,known,,,bd6t550909047: no usable pages in manifest.,2026-07-17T17:45:33.875522
lacharente,bd6t550930346,,failed,0,0,,no_usable_pages,known,,,bd6t550930346: no usable pages in manifest.,2026-07-17T17:45:34.254710
lacharente,bd6t55093035m,,failed,0,0,,no_usable_pages,known,,,bd6t55093035m: no usable pages in manifest.,2026-07-17T17:45:34.491922
lacharente,bd6t550930361,,failed,0,0,,no_usable_pages,known,,,bd6t550930361: no usable pages in manifest.,2026-07-17T17:45:34.771977
lacharente,bd6t55093037f,,failed,0,0,,no_usable_pages,known,,,bd6t55093037f: no usable pages in manifest.,2026-07-17T17:45:35.012405
lacharente,bd6t55093038v,,failed,0,0,,no_usable_pages,known,,,bd6t55093038v: no usable pages in manifest.,2026-07-17T17:45:35.415697
lacharente,bd6t550930398,,failed,0,0,,no_usable_pages,known,,,bd6t550930398: no usable pages in manifest.,2026-07-17T17:45:35.795636
lacharente,bd6t55093040x,,failed,0,0,,no_usable_pages,known,,,bd6t55093040x: no usable pages in manifest.,2026-07-17T17:45:35.975988
lacharente,bd6t55093041b,,failed,0,0,,no_usable_pages,known,,,bd6t55093041b: no usable pages in manifest.,2026-07-17T17:45:36.397897
lacharente,bd6t55093042r,,failed,0,0,,no_usable_pages,known,,,bd6t55093042r: no usable pages in manifest.,2026-07-17T17:45:36.849468
lacharente,bd6t550930435,,failed,0,0,,no_usable_pages,known,,,bd6t550930435: no usable pages in manifest.,2026-07-17T17:45:37.117610
lacharente,bd6t55093044k,,failed,0,0,,no_usable_pages,known,,,bd6t55093044k: no usable pages in manifest.,2026-07-17T17:45:37.396352
lacharente,bd6t550930450,,failed,0,0,,no_usable_pages,known,,,bd6t550930450: no usable pages in manifest.,2026-07-17T17:45:37.938143
lacharente,bd6t55093046d,,failed,0,0,,no_usable_pages,known,,,bd6t55093046d: no usable pages in manifest.,2026-07-17T17:45:38.172989
lacharente,bd6t55093047t,,failed,0,0,,no_usable_pages,known,,,bd6t55093047t: no usable pages in manifest.,2026-07-17T17:45:38.386307
lacharente,bd6t550930487,,failed,0,0,,no_usable_pages,known,,,bd6t550930487: no usable pages in manifest.,2026-07-17T17:45:38.834200
lacharente,bd6t55093049n,,failed,0,0,,no_usable_pages,known,,,bd6t55093049n: no usable pages in manifest.,2026-07-17T17:45:39.256554
lacharente,bd6t550930509,,failed,0,0,,no_usable_pages,known,,,bd6t550930509: no usable pages in manifest.,2026-07-17T17:45:39.608851
lacharente,bd6t55093051q,,failed,0,0,,no_usable_pages,known,,,bd6t55093051q: no usable pages in manifest.,2026-07-17T17:45:39.903930
lacharente,bd6t550930524,,failed,0,0,,no_usable_pages,known,,,bd6t550930524: no usable pages in manifest.,2026-07-17T17:45:40.186099
lacharente,bd6t55093053j,,failed,0,0,,no_usable_pages,known,,,bd6t55093053j: no usable pages in manifest.,2026-07-17T17:45:40.623738
lacharente,bd6t55093054z,,failed,0,0,,no_usable_pages,known,,,bd6t55093054z: no usable pages in manifest.,2026-07-17T17:45:40.854865
lacharente,bd6t55093055c,,failed,0,0,,no_usable_pages,known,,,bd6t55093055c: no usable pages in manifest.,2026-07-17T17:45:41.228337
lacharente,bd6t55093056s,,failed,0,0,,no_usable_pages,known,,,bd6t55093056s: no usable pages in manifest.,2026-07-17T17:45:41.777183
lacharente,bd6t550930576,,failed,0,0,,no_usable_pages,known,,,bd6t550930576: no usable pages in manifest.,2026-07-17T17:45:42.042163
lacharente,bd6t55093058m,,failed,0,0,,no_usable_pages,known,,,bd6t55093058m: no usable pages in manifest.,2026-07-17T17:45:42.220977
lacharente,bd6t550930591,,failed,0,0,,no_usable_pages,known,,,bd6t550930591: no usable pages in manifest.,2026-07-17T17:45:42.464094
lacharente,bd6t55093060p,,failed,0,0,,no_usable_pages,known,,,bd6t55093060p: no usable pages in manifest.,2026-07-17T17:45:43.248300
lacharente,bd6t550930613,,failed,0,0,,no_usable_pages,known,,,bd6t550930613: no usable pages in manifest.,2026-07-17T17:45:43.569667
lacharente,bd6t55093062h,,failed,0,0,,no_usable_pages,known,,,bd6t55093062h: no usable pages in manifest.,2026-07-17T17:45:44.026974
lacharente,bd6t55093063x,,failed,0,0,,no_usable_pages,known,,,bd6t55093063x: no usable pages in manifest.,2026-07-17T17:45:44.383680
lacharente,bd6t55093064b,,failed,0,0,,no_usable_pages,known,,,bd6t55093064b: no usable pages in manifest.,2026-07-17T17:45:44.751746
lacharente,bd6t55093065r,,failed,0,0,,no_usable_pages,known,,,bd6t55093065r: no usable pages in manifest.,2026-07-17T17:45:44.991975
lacharente,bd6t550930665,,failed,0,0,,no_usable_pages,known,,,bd6t550930665: no usable pages in manifest.,2026-07-17T17:45:45.602726
lacharente,bd6t55093067k,,failed,0,0,,no_usable_pages,known,,,bd6t55093067k: no usable pages in manifest.,2026-07-17T17:45:45.844836
lacharente,bd6t550930680,,failed,0,0,,no_usable_pages,known,,,bd6t550930680: no usable pages in manifest.,2026-07-17T17:45:46.123579
lacharente,bd6t55093069d,,failed,0,0,,no_usable_pages,known,,,bd6t55093069d: no usable pages in manifest.,2026-07-17T17:45:46.735985
lacharente,bd6t550930702,,failed,0,0,,no_usable_pages,known,,,bd6t550930702: no usable pages in manifest.,2026-07-17T17:45:47.187742
lacharente,bd6t55093071g,,failed,0,0,,no_usable_pages,known,,,bd6t55093071g: no usable pages in manifest.,2026-07-17T17:45:47.403768
lacharente,bd6t55093072w,,failed,0,0,,no_usable_pages,known,,,bd6t55093072w: no usable pages in manifest.,2026-07-17T17:45:48.023753
lacharente,bd6t550930739,,failed,0,0,,no_usable_pages,known,,,bd6t550930739: no usable pages in manifest.,2026-07-17T17:45:48.354692
lacharente,bd6t55093074q,,failed,0,0,,no_usable_pages,known,,,bd6t55093074q: no usable pages in manifest.,2026-07-17T17:45:48.861183
lacharente,bd6t550930754,,failed,0,0,,no_usable_pages,known,,,bd6t550930754: no usable pages in manifest.,2026-07-17T17:45:49.309624
lacharente,bd6t55093076j,,failed,0,0,,no_usable_pages,known,,,bd6t55093076j: no usable pages in manifest.,2026-07-17T17:45:49.558760
lacharente,bd6t55093077z,,failed,0,0,,no_usable_pages,known,,,bd6t55093077z: no usable pages in manifest.,2026-07-17T17:45:49.892942
lacharente,bd6t55093078c,,failed,0,0,,no_usable_pages,known,,,bd6t55093078c: no usable pages in manifest.,2026-07-17T17:45:50.394381
lacharente,bd6t55093079s,,failed,0,0,,no_usable_pages,known,,,bd6t55093079s: no usable pages in manifest.,2026-07-17T17:45:50.623075
lacharente,bd6t55093080f,,failed,0,0,,no_usable_pages,known,,,bd6t55093080f: no usable pages in manifest.,2026-07-17T17:45:50.879894
lacharente,bd6t55093081v,,failed,0,0,,no_usable_pages,known,,,bd6t55093081v: no usable pages in manifest.,2026-07-17T17:45:51.115408
lacharente,bd6t550930828,,failed,0,0,,no_usable_pages,known,,,bd6t550930828: no usable pages in manifest.,2026-07-17T17:45:51.564698
lacharente,bd6t55093083p,,failed,0,0,,no_usable_pages,known,,,bd6t55093083p: no usable pages in manifest.,2026-07-17T17:45:51.788410
lacharente,bd6t550930843,,failed,0,0,,no_usable_pages,known,,,bd6t550930843: no usable pages in manifest.,2026-07-17T17:45:52.065847
lacharente,bd6t55093085h,,failed,0,0,,no_usable_pages,known,,,bd6t55093085h: no usable pages in manifest.,2026-07-17T17:45:52.324824
lacharente,bd6t55093086x,,failed,0,0,,no_usable_pages,known,,,bd6t55093086x: no usable pages in manifest.,2026-07-17T17:45:52.961436
lacharente,bd6t55093087b,,failed,0,0,,no_usable_pages,known,,,bd6t55093087b: no usable pages in manifest.,2026-07-17T17:45:53.358162
lacharente,bd6t55093088r,,failed,0,0,,no_usable_pages,known,,,bd6t55093088r: no usable pages in manifest.,2026-07-17T17:45:53.538763
lacharente,bd6t550930895,,failed,0,0,,no_usable_pages,known,,,bd6t550930895: no usable pages in manifest.,2026-07-17T17:45:54.317031
lacharente,bd6t55093090t,,failed,0,0,,no_usable_pages,known,,,bd6t55093090t: no usable pages in manifest.,2026-07-17T17:45:54.591885
lacharente,bd6t550930917,,failed,0,0,,no_usable_pages,known,,,bd6t550930917: no usable pages in manifest.,2026-07-17T17:45:54.977126
lacharente,bd6t55093092n,,failed,0,0,,no_usable_pages,known,,,bd6t55093092n: no usable pages in manifest.,2026-07-17T17:45:55.541311
lacharente,bd6t550930932,,failed,0,0,,no_usable_pages,known,,,bd6t550930932: no usable pages in manifest.,2026-07-17T17:45:55.755041
lacharente,bd6t55093094g,,failed,0,0,,no_usable_pages,known,,,bd6t55093094g: no usable pages in manifest.,2026-07-17T17:45:56.045185
lacharente,bd6t55093095w,,failed,0,0,,no_usable_pages,known,,,bd6t55093095w: no usable pages in manifest.,2026-07-17T17:45:56.296582
lacharente,bd6t550930969,,failed,0,0,,no_usable_pages,known,,,bd6t550930969: no usable pages in manifest.,2026-07-17T17:45:56.781248
lacharente,bd6t55093097q,,failed,0,0,,no_usable_pages,known,,,bd6t55093097q: no usable pages in manifest.,2026-07-17T17:45:57.113063
lacharente,bd6t550930984,,failed,0,0,,no_usable_pages,known,,,bd6t550930984: no usable pages in manifest.,2026-07-17T17:45:57.728093
lacharente,bd6t55093099j,,failed,0,0,,no_usable_pages,known,,,bd6t55093099j: no usable pages in manifest.,2026-07-17T17:45:57.915088
lacharente,bd6t55093100r,,failed,0,0,,no_usable_pages,known,,,bd6t55093100r: no usable pages in manifest.,2026-07-17T17:45:58.241026
lacharente,bd6t550931015,,failed,0,0,,no_usable_pages,known,,,bd6t550931015: no usable pages in manifest.,2026-07-17T17:45:58.669732
lacharente,bd6t55093102k,,failed,0,0,,no_usable_pages,known,,,bd6t55093102k: no usable pages in manifest.,2026-07-17T17:45:58.918346
lacharente,bd6t550931030,,failed,0,0,,no_usable_pages,known,,,bd6t550931030: no usable pages in manifest.,2026-07-17T17:45:59.130976
lacharente,bd6t55093104d,,failed,0,0,,no_usable_pages,known,,,bd6t55093104d: no usable pages in manifest.,2026-07-17T17:45:59.505578
lacharente,bd6t55093105t,,failed,0,0,,no_usable_pages,known,,,bd6t55093105t: no usable pages in manifest.,2026-07-17T17:45:59.801953
lacharente,bd6t550931067,,failed,0,0,,no_usable_pages,known,,,bd6t550931067: no usable pages in manifest.,2026-07-17T17:46:00.224108
lacharente,bd6t55093107n,,failed,0,0,,no_usable_pages,known,,,bd6t55093107n: no usable pages in manifest.,2026-07-17T17:46:00.627284
lacharente,bd6t550931082,,failed,0,0,,no_usable_pages,known,,,bd6t550931082: no usable pages in manifest.,2026-07-17T17:46:01.035873
lacharente,bd6t55093109g,,failed,0,0,,no_usable_pages,known,,,bd6t55093109g: no usable pages in manifest.,2026-07-17T17:46:01.418184
lacharente,bd6t550931104,,failed,0,0,,no_usable_pages,known,,,bd6t550931104: no usable pages in manifest.,2026-07-17T17:46:01.688770
lacharente,bd6t55093111j,,failed,0,0,,no_usable_pages,known,,,bd6t55093111j: no usable pages in manifest.,2026-07-17T17:46:02.027094
lacharente,bd6t55093112z,,failed,0,0,,no_usable_pages,known,,,bd6t55093112z: no usable pages in manifest.,2026-07-17T17:46:02.194828
lacharente,bd6t55093113c,,failed,0,0,,no_usable_pages,known,,,bd6t55093113c: no usable pages in manifest.,2026-07-17T17:46:02.580546
lacharente,bd6t55093114s,,failed,0,0,,no_usable_pages,known,,,bd6t55093114s: no usable pages in manifest.,2026-07-17T17:46:02.858277
lacharente,bd6t550931156,,failed,0,0,,no_usable_pages,known,,,bd6t550931156: no usable pages in manifest.,2026-07-17T17:46:03.129384
lacharente,bd6t55093116m,,failed,0,0,,no_usable_pages,known,,,bd6t55093116m: no usable pages in manifest.,2026-07-17T17:46:03.363657
lacharente,bd6t550931171,,failed,0,0,,no_usable_pages,known,,,bd6t550931171: no usable pages in manifest.,2026-07-17T17:46:03.873593
lacharente,bd6t55093118f,,failed,0,0,,no_usable_pages,known,,,bd6t55093118f: no usable pages in manifest.,2026-07-17T17:46:04.016926
lacharente,bd6t55093119v,,failed,0,0,,no_usable_pages,known,,,bd6t55093119v: no usable pages in manifest.,2026-07-17T17:46:04.351193
lacharente,bd6t55093120h,,failed,0,0,,no_usable_pages,known,,,bd6t55093120h: no usable pages in manifest.,2026-07-17T17:46:04.530458
lacharente,bd6t55093121x,,failed,0,0,,no_usable_pages,known,,,bd6t55093121x: no usable pages in manifest.,2026-07-17T17:46:05.225225
lacharente,bd6t55093122b,,failed,0,0,,no_usable_pages,known,,,bd6t55093122b: no usable pages in manifest.,2026-07-17T17:46:05.462934
lacharente,bd6t55093123r,,failed,0,0,,no_usable_pages,known,,,bd6t55093123r: no usable pages in manifest.,2026-07-17T17:46:05.718992
lacharente,bd6t550931245,,failed,0,0,,no_usable_pages,known,,,bd6t550931245: no usable pages in manifest.,2026-07-17T17:46:06.164954
lacharente,bd6t55093125k,,failed,0,0,,no_usable_pages,known,,,bd6t55093125k: no usable pages in manifest.,2026-07-17T17:46:06.462547
lacharente,bd6t550931260,,failed,0,0,,no_usable_pages,known,,,bd6t550931260: no usable pages in manifest.,2026-07-17T17:46:06.608546
lacharente,bd6t55093127d,,failed,0,0,,no_usable_pages,known,,,bd6t55093127d: no usable pages in manifest.,2026-07-17T17:46:06.851434
lacharente,bd6t55093128t,,failed,0,0,,no_usable_pages,known,,,bd6t55093128t: no usable pages in manifest.,2026-07-17T17:46:07.234349
lacharente,bd6t550931297,,failed,0,0,,no_usable_pages,known,,,bd6t550931297: no usable pages in manifest.,2026-07-17T17:46:07.879395
lacharente,bd6t55093130w,,failed,0,0,,no_usable_pages,known,,,bd6t55093130w: no usable pages in manifest.,2026-07-17T17:46:08.089656
lacharente,bd6t550931319,,failed,0,0,,no_usable_pages,known,,,bd6t550931319: no usable pages in manifest.,2026-07-17T17:46:08.420014
lacharente,bd6t55093132q,,failed,0,0,,no_usable_pages,known,,,bd6t55093132q: no usable pages in manifest.,2026-07-17T17:46:08.744433
lacharente,bd6t550931334,,failed,0,0,,no_usable_pages,known,,,bd6t550931334: no usable pages in manifest.,2026-07-17T17:46:09.168581
lacharente,bd6t55093134j,,failed,0,0,,no_usable_pages,known,,,bd6t55093134j: no usable pages in manifest.,2026-07-17T17:46:09.524131
lacharente,bd6t55093135z,,failed,0,0,,no_usable_pages,known,,,bd6t55093135z: no usable pages in manifest.,2026-07-17T17:46:09.660103
lacharente,bd6t55093136c,,failed,0,0,,no_usable_pages,known,,,bd6t55093136c: no usable pages in manifest.,2026-07-17T17:46:09.932839
lacharente,bd6t55093137s,,failed,0,0,,no_usable_pages,known,,,bd6t55093137s: no usable pages in manifest.,2026-07-17T17:46:10.518277
lacharente,bd6t550931386,,failed,0,0,,no_usable_pages,known,,,bd6t550931386: no usable pages in manifest.,2026-07-17T17:46:10.826095
lacharente,bd6t55093139m,,failed,0,0,,no_usable_pages,known,,,bd6t55093139m: no usable pages in manifest.,2026-07-17T17:46:11.148548
lacharente,bd6t550931408,,failed,0,0,,no_usable_pages,known,,,bd6t550931408: no usable pages in manifest.,2026-07-17T17:46:11.398716
lacharente,bd6t55093141p,,failed,0,0,,no_usable_pages,known,,,bd6t55093141p: no usable pages in manifest.,2026-07-17T17:46:11.669271
lacharente,bd6t550931423,,failed,0,0,,no_usable_pages,known,,,bd6t550931423: no usable pages in manifest.,2026-07-17T17:46:12.021063
lacharente,bd6t55093143h,,failed,0,0,,no_usable_pages,known,,,bd6t55093143h: no usable pages in manifest.,2026-07-17T17:46:12.260936
lacharente,bd6t55093144x,,failed,0,0,,no_usable_pages,known,,,bd6t55093144x: no usable pages in manifest.,2026-07-17T17:46:12.719253
lacharente,bd6t55093145b,,failed,0,0,,no_usable_pages,known,,,bd6t55093145b: no usable pages in manifest.,2026-07-17T17:46:12.938767
lacharente,bd6t55093146r,,failed,0,0,,no_usable_pages,known,,,bd6t55093146r: no usable pages in manifest.,2026-07-17T17:46:13.387462
lacharente,bd6t550931475,,failed,0,0,,no_usable_pages,known,,,bd6t550931475: no usable pages in manifest.,2026-07-17T17:46:13.624028
lacharente,bd6t55093148k,,failed,0,0,,no_usable_pages,known,,,bd6t55093148k: no usable pages in manifest.,2026-07-17T17:46:13.983889
lacharente,bd6t550931490,,failed,0,0,,no_usable_pages,known,,,bd6t550931490: no usable pages in manifest.,2026-07-17T17:46:14.476435
lacharente,bd6t55093150n,,failed,0,0,,no_usable_pages,known,,,bd6t55093150n: no usable pages in manifest.,2026-07-17T17:46:14.823468
lacharente,bd6t550931512,,failed,0,0,,no_usable_pages,known,,,bd6t550931512: no usable pages in manifest.,2026-07-17T17:46:15.077944
lacharente,bd6t55093152g,,failed,0,0,,no_usable_pages,known,,,bd6t55093152g: no usable pages in manifest.,2026-07-17T17:46:15.473610
lacharente,bd6t55093153w,,failed,0,0,,no_usable_pages,known,,,bd6t55093153w: no usable pages in manifest.,2026-07-17T17:46:15.834012
lacharente,bd6t550931549,,failed,0,0,,no_usable_pages,known,,,bd6t550931549: no usable pages in manifest.,2026-07-17T17:46:16.167832
lacharente,bd6t55093155q,,failed,0,0,,no_usable_pages,known,,,bd6t55093155q: no usable pages in manifest.,2026-07-17T17:46:16.481885
lacharente,bd6t550931564,,failed,0,0,,no_usable_pages,known,,,bd6t550931564: no usable pages in manifest.,2026-07-17T17:46:16.737463
lacharente,bd6t55093157j,,failed,0,0,,no_usable_pages,known,,,bd6t55093157j: no usable pages in manifest.,2026-07-17T17:46:17.146972
lacharente,bd6t55093158z,,failed,0,0,,no_usable_pages,known,,,bd6t55093158z: no usable pages in manifest.,2026-07-17T17:46:17.414167
lacharente,bd6t55093159c,,failed,0,0,,no_usable_pages,known,,,bd6t55093159c: no usable pages in manifest.,2026-07-17T17:46:17.675733
lacharente,bd6t550931601,,failed,0,0,,no_usable_pages,known,,,bd6t550931601: no usable pages in manifest.,2026-07-17T17:46:18.108358
lacharente,bd6t55093161f,,failed,0,0,,no_usable_pages,known,,,bd6t55093161f: no usable pages in manifest.,2026-07-17T17:46:18.493913
lacharente,bd6t55093162v,,failed,0,0,,no_usable_pages,known,,,bd6t55093162v: no usable pages in manifest.,2026-07-17T17:46:18.853737
lacharente,bd6t550931638,,failed,0,0,,no_usable_pages,known,,,bd6t550931638: no usable pages in manifest.,2026-07-17T17:46:19.230490
lacharente,bd6t55093164p,,failed,0,0,,no_usable_pages,known,,,bd6t55093164p: no usable pages in manifest.,2026-07-17T17:46:19.578921
lacharente,bd6t550931653,,failed,0,0,,no_usable_pages,known,,,bd6t550931653: no usable pages in manifest.,2026-07-17T17:46:19.749210
lacharente,bd6t55093166h,,failed,0,0,,no_usable_pages,known,,,bd6t55093166h: no usable pages in manifest.,2026-07-17T17:46:19.942227
lacharente,bd6t55093167x,,failed,0,0,,no_usable_pages,known,,,bd6t55093167x: no usable pages in manifest.,2026-07-17T17:46:20.342766
lacharente,bd6t55093168b,,failed,0,0,,no_usable_pages,known,,,bd6t55093168b: no usable pages in manifest.,2026-07-17T17:46:20.732711
lacharente,bd6t55093169r,,failed,0,0,,no_usable_pages,known,,,bd6t55093169r: no usable pages in manifest.,2026-07-17T17:46:20.961054
lacharente,bd6t55093170d,,failed,0,0,,no_usable_pages,known,,,bd6t55093170d: no usable pages in manifest.,2026-07-17T17:46:21.283898
lacharente,bd6t55093171t,,failed,0,0,,no_usable_pages,known,,,bd6t55093171t: no usable pages in manifest.,2026-07-17T17:46:21.647270
lacharente,bd6t550931727,,failed,0,0,,no_usable_pages,known,,,bd6t550931727: no usable pages in manifest.,2026-07-17T17:46:21.850429
lacharente,bd6t55093173n,,failed,0,0,,no_usable_pages,known,,,bd6t55093173n: no usable pages in manifest.,2026-07-17T17:46:22.096666
lacharente,bd6t550931742,,failed,0,0,,no_usable_pages,known,,,bd6t550931742: no usable pages in manifest.,2026-07-17T17:46:22.405944
lacharente,bd6t55093175g,,failed,0,0,,no_usable_pages,known,,,bd6t55093175g: no usable pages in manifest.,2026-07-17T17:46:22.630742
lacharente,bd6t55093176w,,failed,0,0,,no_usable_pages,known,,,bd6t55093176w: no usable pages in manifest.,2026-07-17T17:46:23.070448
lacharente,bd6t550931779,,failed,0,0,,no_usable_pages,known,,,bd6t550931779: no usable pages in manifest.,2026-07-17T17:46:23.334448
lacharente,bd6t55093178q,,failed,0,0,,no_usable_pages,known,,,bd6t55093178q: no usable pages in manifest.,2026-07-17T17:46:23.538815
lacharente,bd6t550931794,,failed,0,0,,no_usable_pages,known,,,bd6t550931794: no usable pages in manifest.,2026-07-17T17:46:24.061124
lacharente,bd6t55093180s,,failed,0,0,,no_usable_pages,known,,,bd6t55093180s: no usable pages in manifest.,2026-07-17T17:46:24.320079
lacharente,bd6t550931816,,failed,0,0,,no_usable_pages,known,,,bd6t550931816: no usable pages in manifest.,2026-07-17T17:46:24.807409
lacharente,bd6t55093182m,,failed,0,0,,no_usable_pages,known,,,bd6t55093182m: no usable pages in manifest.,2026-07-17T17:46:25.137184
lacharente,bd6t550931831,,failed,0,0,,no_usable_pages,known,,,bd6t550931831: no usable pages in manifest.,2026-07-17T17:46:25.347700
lacharente,bd6t55093184f,,failed,0,0,,no_usable_pages,known,,,bd6t55093184f: no usable pages in manifest.,2026-07-17T17:46:25.514450
lacharente,bd6t55093185v,,failed,0,0,,no_usable_pages,known,,,bd6t55093185v: no usable pages in manifest.,2026-07-17T17:46:26.271493
lacharente,bd6t550931868,,failed,0,0,,no_usable_pages,known,,,bd6t550931868: no usable pages in manifest.,2026-07-17T17:46:26.542119
lacharente,bd6t55093187p,,failed,0,0,,no_usable_pages,known,,,bd6t55093187p: no usable pages in manifest.,2026-07-17T17:46:26.690499
lacharente,bd6t550931883,,failed,0,0,,no_usable_pages,known,,,bd6t550931883: no usable pages in manifest.,2026-07-17T17:46:27.011665
lacharente,bd6t55093189h,,failed,0,0,,no_usable_pages,known,,,bd6t55093189h: no usable pages in manifest.,2026-07-17T17:46:27.380221
lacharente,bd6t550931905,,failed,0,0,,no_usable_pages,known,,,bd6t550931905: no usable pages in manifest.,2026-07-17T17:46:27.569957
lacharente,bd6t55093191k,,failed,0,0,,no_usable_pages,known,,,bd6t55093191k: no usable pages in manifest.,2026-07-17T17:46:27.945603
lacharente,bd6t550931920,,failed,0,0,,no_usable_pages,known,,,bd6t550931920: no usable pages in manifest.,2026-07-17T17:46:28.165046
lacharente,bd6t55093193d,,failed,0,0,,no_usable_pages,known,,,bd6t55093193d: no usable pages in manifest.,2026-07-17T17:46:28.632686
lacharente,bd6t55093194t,,failed,0,0,,no_usable_pages,known,,,bd6t55093194t: no usable pages in manifest.,2026-07-17T17:46:28.964982
lacharente,bd6t550931957,,failed,0,0,,no_usable_pages,known,,,bd6t550931957: no usable pages in manifest.,2026-07-17T17:46:29.232044
lacharente,bd6t55093196n,,failed,0,0,,no_usable_pages,known,,,bd6t55093196n: no usable pages in manifest.,2026-07-17T17:46:29.487552
lacharente,bd6t550931972,,failed,0,0,,no_usable_pages,known,,,bd6t550931972: no usable pages in manifest.,2026-07-17T17:46:29.949759
lacharente,bd6t55093198g,,failed,0,0,,no_usable_pages,known,,,bd6t55093198g: no usable pages in manifest.,2026-07-17T17:46:30.232494
lacharente,bd6t55093199w,,failed,0,0,,no_usable_pages,known,,,bd6t55093199w: no usable pages in manifest.,2026-07-17T17:46:30.436951
lacharente,bd6t550932003,,failed,0,0,,no_usable_pages,known,,,bd6t550932003: no usable pages in manifest.,2026-07-17T17:46:30.825471
lacharente,bd6t55093201h,,failed,0,0,,no_usable_pages,known,,,bd6t55093201h: no usable pages in manifest.,2026-07-17T17:46:31.195945
lacharente,bd6t55093202x,,failed,0,0,,no_usable_pages,known,,,bd6t55093202x: no usable pages in manifest.,2026-07-17T17:46:31.433583
lacharente,bd6t55093203b,,failed,0,0,,no_usable_pages,known,,,bd6t55093203b: no usable pages in manifest.,2026-07-17T17:46:31.668202
lacharente,bd6t55093204r,,failed,0,0,,no_usable_pages,known,,,bd6t55093204r: no usable pages in manifest.,2026-07-17T17:46:31.973943
lacharente,bd6t550932055,,failed,0,0,,no_usable_pages,known,,,bd6t550932055: no usable pages in manifest.,2026-07-17T17:46:32.373822
lacharente,bd6t55093206k,,failed,0,0,,no_usable_pages,known,,,bd6t55093206k: no usable pages in manifest.,2026-07-17T17:46:32.623120
lacharente,bd6t550932070,,failed,0,0,,no_usable_pages,known,,,bd6t550932070: no usable pages in manifest.,2026-07-17T17:46:32.849859
lacharente,bd6t55093208d,,failed,0,0,,no_usable_pages,known,,,bd6t55093208d: no usable pages in manifest.,2026-07-17T17:46:33.127184
lacharente,bd6t55093209t,,failed,0,0,,no_usable_pages,known,,,bd6t55093209t: no usable pages in manifest.,2026-07-17T17:46:33.649315
lacharente,bd6t55093210g,,failed,0,0,,no_usable_pages,known,,,bd6t55093210g: no usable pages in manifest.,2026-07-17T17:46:33.893862
lacharente,bd6t55093211w,,failed,0,0,,no_usable_pages,known,,,bd6t55093211w: no usable pages in manifest.,2026-07-17T17:46:34.311893
lacharente,bd6t550932129,,failed,0,0,,no_usable_pages,known,,,bd6t550932129: no usable pages in manifest.,2026-07-17T17:46:34.643980
lacharente,bd6t55093213q,,failed,0,0,,no_usable_pages,known,,,bd6t55093213q: no usable pages in manifest.,2026-07-17T17:46:34.956754
lacharente,bd6t550932144,,failed,0,0,,no_usable_pages,known,,,bd6t550932144: no usable pages in manifest.,2026-07-17T17:46:35.134489
lacharente,bd6t55093215j,,failed,0,0,,no_usable_pages,known,,,bd6t55093215j: no usable pages in manifest.,2026-07-17T17:46:35.484907
lacharente,bd6t55093216z,,failed,0,0,,no_usable_pages,known,,,bd6t55093216z: no usable pages in manifest.,2026-07-17T17:46:35.973156
lacharente,bd6t55093217c,,failed,0,0,,no_usable_pages,known,,,bd6t55093217c: no usable pages in manifest.,2026-07-17T17:46:36.144404
lacharente,bd6t55093218s,,failed,0,0,,no_usable_pages,known,,,bd6t55093218s: no usable pages in manifest.,2026-07-17T17:46:36.518252
lacharente,bd6t550932196,,failed,0,0,,no_usable_pages,known,,,bd6t550932196: no usable pages in manifest.,2026-07-17T17:46:37.031156
lacharente,bd6t55093220v,,failed,0,0,,no_usable_pages,known,,,bd6t55093220v: no usable pages in manifest.,2026-07-17T17:46:37.147625
lacharente,bd6t550932218,,failed,0,0,,no_usable_pages,known,,,bd6t550932218: no usable pages in manifest.,2026-07-17T17:46:37.390965
lacharente,bd6t55093222p,,failed,0,0,,no_usable_pages,known,,,bd6t55093222p: no usable pages in manifest.,2026-07-17T17:46:37.634758
lacharente,bd6t550932233,,failed,0,0,,no_usable_pages,known,,,bd6t550932233: no usable pages in manifest.,2026-07-17T17:46:38.353600
lacharente,bd6t55093224h,,failed,0,0,,no_usable_pages,known,,,bd6t55093224h: no usable pages in manifest.,2026-07-17T17:46:38.553668
lacharente,bd6t55093225x,,failed,0,0,,no_usable_pages,known,,,bd6t55093225x: no usable pages in manifest.,2026-07-17T17:46:38.773265
lacharente,bd6t55093226b,,failed,0,0,,no_usable_pages,known,,,bd6t55093226b: no usable pages in manifest.,2026-07-17T17:46:39.051848
lacharente,bd6t55093227r,,failed,0,0,,no_usable_pages,known,,,bd6t55093227r: no usable pages in manifest.,2026-07-17T17:46:39.860598
lacharente,bd6t550932285,,failed,0,0,,no_usable_pages,known,,,bd6t550932285: no usable pages in manifest.,2026-07-17T17:46:40.342986
lacharente,bd6t55093229k,,failed,0,0,,no_usable_pages,known,,,bd6t55093229k: no usable pages in manifest.,2026-07-17T17:46:40.622563
lacharente,bd6t550932307,,failed,0,0,,no_usable_pages,known,,,bd6t550932307: no usable pages in manifest.,2026-07-17T17:46:40.909114
lacharente,bd6t55093231n,,failed,0,0,,no_usable_pages,known,,,bd6t55093231n: no usable pages in manifest.,2026-07-17T17:46:41.069115
lacharente,bd6t550932322,,failed,0,0,,no_usable_pages,known,,,bd6t550932322: no usable pages in manifest.,2026-07-17T17:46:41.855461
lacharente,bd6t55093233g,,failed,0,0,,no_usable_pages,known,,,bd6t55093233g: no usable pages in manifest.,2026-07-17T17:46:42.258737
lacharente,bd6t55093234w,,failed,0,0,,no_usable_pages,known,,,bd6t55093234w: no usable pages in manifest.,2026-07-17T17:46:42.631317
lacharente,bd6t550932359,,failed,0,0,,no_usable_pages,known,,,bd6t550932359: no usable pages in manifest.,2026-07-17T17:46:42.990777
lacharente,bd6t55093236q,,failed,0,0,,no_usable_pages,known,,,bd6t55093236q: no usable pages in manifest.,2026-07-17T17:46:43.505913
lacharente,bd6t550932374,,failed,0,0,,no_usable_pages,known,,,bd6t550932374: no usable pages in manifest.,2026-07-17T17:46:43.759103
lacharente,bd6t55093238j,,failed,0,0,,no_usable_pages,known,,,bd6t55093238j: no usable pages in manifest.,2026-07-17T17:46:44.045271
lacharente,bd6t55093239z,,failed,0,0,,no_usable_pages,known,,,bd6t55093239z: no usable pages in manifest.,2026-07-17T17:46:44.465139
lacharente,bd6t55093240m,,failed,0,0,,no_usable_pages,known,,,bd6t55093240m: no usable pages in manifest.,2026-07-17T17:46:44.672154
lacharente,bd6t550932411,,failed,0,0,,no_usable_pages,known,,,bd6t550932411: no usable pages in manifest.,2026-07-17T17:46:44.913199
lacharente,bd6t55093242f,,failed,0,0,,no_usable_pages,known,,,bd6t55093242f: no usable pages in manifest.,2026-07-17T17:46:45.493290
lacharente,bd6t55093243v,,failed,0,0,,no_usable_pages,known,,,bd6t55093243v: no usable pages in manifest.,2026-07-17T17:46:45.921104
lacharente,bd6t550932448,,failed,0,0,,no_usable_pages,known,,,bd6t550932448: no usable pages in manifest.,2026-07-17T17:46:46.536641
lacharente,bd6t55093245p,,failed,0,0,,no_usable_pages,known,,,bd6t55093245p: no usable pages in manifest.,2026-07-17T17:46:46.974940
lacharente,bd6t550932463,,failed,0,0,,no_usable_pages,known,,,bd6t550932463: no usable pages in manifest.,2026-07-17T17:46:47.226737
lacharente,bd6t55093247h,,failed,0,0,,no_usable_pages,known,,,bd6t55093247h: no usable pages in manifest.,2026-07-17T17:46:47.618021
lacharente,bd6t55093248x,,failed,0,0,,no_usable_pages,known,,,bd6t55093248x: no usable pages in manifest.,2026-07-17T17:46:47.844596
lacharente,bd6t55093249b,,failed,0,0,,no_usable_pages,known,,,bd6t55093249b: no usable pages in manifest.,2026-07-17T17:46:48.319840
lacharente,bd6t550932500,,failed,0,0,,no_usable_pages,known,,,bd6t550932500: no usable pages in manifest.,2026-07-17T17:46:48.505072
lacharente,bd6t55093251d,,failed,0,0,,no_usable_pages,known,,,bd6t55093251d: no usable pages in manifest.,2026-07-17T17:46:49.092439
lacharente,bd6t55093252t,,failed,0,0,,no_usable_pages,known,,,bd6t55093252t: no usable pages in manifest.,2026-07-17T17:46:49.224514
lacharente,bd6t550932537,,failed,0,0,,no_usable_pages,known,,,bd6t550932537: no usable pages in manifest.,2026-07-17T17:46:49.632623
lacharente,bd6t55093254n,,failed,0,0,,no_usable_pages,known,,,bd6t55093254n: no usable pages in manifest.,2026-07-17T17:46:50.104933
lacharente,bd6t550932552,,failed,0,0,,no_usable_pages,known,,,bd6t550932552: no usable pages in manifest.,2026-07-17T17:46:50.345212
lacharente,bd6t55093256g,,failed,0,0,,no_usable_pages,known,,,bd6t55093256g: no usable pages in manifest.,2026-07-17T17:46:50.468480
lacharente,bd6t55093257w,,failed,0,0,,no_usable_pages,known,,,bd6t55093257w: no usable pages in manifest.,2026-07-17T17:46:51.266286
lacharente,bd6t550932589,,failed,0,0,,no_usable_pages,known,,,bd6t550932589: no usable pages in manifest.,2026-07-17T17:46:51.538197
lacharente,bd6t55093259q,,failed,0,0,,no_usable_pages,known,,,bd6t55093259q: no usable pages in manifest.,2026-07-17T17:46:51.770037
lacharente,bd6t55093260c,,failed,0,0,,no_usable_pages,known,,,bd6t55093260c: no usable pages in manifest.,2026-07-17T17:46:52.175777
lacharente,bd6t55093261s,,failed,0,0,,no_usable_pages,known,,,bd6t55093261s: no usable pages in manifest.,2026-07-17T17:46:52.468066
lacharente,bd6t550932626,,failed,0,0,,no_usable_pages,known,,,bd6t550932626: no usable pages in manifest.,2026-07-17T17:46:53.000690
lacharente,bd6t55093263m,,failed,0,0,,no_usable_pages,known,,,bd6t55093263m: no usable pages in manifest.,2026-07-17T17:46:53.452146
lacharente,bd6t550932641,,failed,0,0,,no_usable_pages,known,,,bd6t550932641: no usable pages in manifest.,2026-07-17T17:46:53.996754
lacharente,bd6t55093265f,,failed,0,0,,no_usable_pages,known,,,bd6t55093265f: no usable pages in manifest.,2026-07-17T17:46:54.444038
lacharente,bd6t55093266v,,failed,0,0,,no_usable_pages,known,,,bd6t55093266v: no usable pages in manifest.,2026-07-17T17:46:54.777352
lacharente,bd6t550932678,,failed,0,0,,no_usable_pages,known,,,bd6t550932678: no usable pages in manifest.,2026-07-17T17:46:55.153176
lacharente,bd6t55093268p,,failed,0,0,,no_usable_pages,known,,,bd6t55093268p: no usable pages in manifest.,2026-07-17T17:46:55.625593
lacharente,bd6t550932693,,failed,0,0,,no_usable_pages,known,,,bd6t550932693: no usable pages in manifest.,2026-07-17T17:46:56.338757
lacharente,bd6t55093270r,,failed,0,0,,no_usable_pages,known,,,bd6t55093270r: no usable pages in manifest.,2026-07-17T17:46:56.651830
lacharente,bd6t550932715,,failed,0,0,,no_usable_pages,known,,,bd6t550932715: no usable pages in manifest.,2026-07-17T17:46:57.179629
lacharente,bd6t55093272k,,failed,0,0,,no_usable_pages,known,,,bd6t55093272k: no usable pages in manifest.,2026-07-17T17:46:57.529609
lacharente,bd6t550932730,,failed,0,0,,no_usable_pages,known,,,bd6t550932730: no usable pages in manifest.,2026-07-17T17:46:57.845649
lacharente,bd6t55093274d,,failed,0,0,,no_usable_pages,known,,,bd6t55093274d: no usable pages in manifest.,2026-07-17T17:46:58.280086
lacharente,bd6t55093275t,,failed,0,0,,no_usable_pages,known,,,bd6t55093275t: no usable pages in manifest.,2026-07-17T17:46:58.536436
lacharente,bd6t550932767,,failed,0,0,,no_usable_pages,known,,,bd6t550932767: no usable pages in manifest.,2026-07-17T17:46:58.866393
lacharente,bd6t55093277n,,failed,0,0,,no_usable_pages,known,,,bd6t55093277n: no usable pages in manifest.,2026-07-17T17:46:59.063504
lacharente,bd6t550932782,,failed,0,0,,no_usable_pages,known,,,bd6t550932782: no usable pages in manifest.,2026-07-17T17:46:59.569774
lacharente,bd6t55093279g,,failed,0,0,,no_usable_pages,known,,,bd6t55093279g: no usable pages in manifest.,2026-07-17T17:47:00.272972
lacharente,bd6t550932804,,failed,0,0,,no_usable_pages,known,,,bd6t550932804: no usable pages in manifest.,2026-07-17T17:47:00.507597
lacharente,bd6t55093281j,,failed,0,0,,no_usable_pages,known,,,bd6t55093281j: no usable pages in manifest.,2026-07-17T17:47:00.936425
lacharente,bd6t55093282z,,failed,0,0,,no_usable_pages,known,,,bd6t55093282z: no usable pages in manifest.,2026-07-17T17:47:01.235175
lacharente,bd6t55093283c,,failed,0,0,,no_usable_pages,known,,,bd6t55093283c: no usable pages in manifest.,2026-07-17T17:47:01.601437
lacharente,bd6t55093284s,,failed,0,0,,no_usable_pages,known,,,bd6t55093284s: no usable pages in manifest.,2026-07-17T17:47:02.108530
lacharente,bd6t550932856,,failed,0,0,,no_usable_pages,known,,,bd6t550932856: no usable pages in manifest.,2026-07-17T17:47:02.430149
lacharente,bd6t55093286m,,failed,0,0,,no_usable_pages,known,,,bd6t55093286m: no usable pages in manifest.,2026-07-17T17:47:02.781574
lacharente,bd6t550932871,,failed,0,0,,no_usable_pages,known,,,bd6t550932871: no usable pages in manifest.,2026-07-17T17:47:03.151503
lacharente,bd6t55093288f,,failed,0,0,,no_usable_pages,known,,,bd6t55093288f: no usable pages in manifest.,2026-07-17T17:47:03.538692
lacharente,bd6t55093289v,,failed,0,0,,no_usable_pages,known,,,bd6t55093289v: no usable pages in manifest.,2026-07-17T17:47:03.968716
lacharente,bd6t55093290h,,failed,0,0,,no_usable_pages,known,,,bd6t55093290h: no usable pages in manifest.,2026-07-17T17:47:04.412707
lacharente,bd6t55093291x,,failed,0,0,,no_usable_pages,known,,,bd6t55093291x: no usable pages in manifest.,2026-07-17T17:47:04.651270
lacharente,bd6t55093292b,,failed,0,0,,no_usable_pages,known,,,bd6t55093292b: no usable pages in manifest.,2026-07-17T17:47:05.210872
lacharente,bd6t55093293r,,failed,0,0,,no_usable_pages,known,,,bd6t55093293r: no usable pages in manifest.,2026-07-17T17:47:05.511650
lacharente,bd6t550932945,,failed,0,0,,no_usable_pages,known,,,bd6t550932945: no usable pages in manifest.,2026-07-17T17:47:05.974454
lacharente,bd6t55093295k,,failed,0,0,,no_usable_pages,known,,,bd6t55093295k: no usable pages in manifest.,2026-07-17T17:47:06.786243
lacharente,bd6t550954257,,failed,0,0,,no_usable_pages,known,,,bd6t550954257: no usable pages in manifest.,2026-07-17T17:47:07.348356
lacharente,bd6t550932960,,failed,0,0,,no_usable_pages,known,,,bd6t550932960: no usable pages in manifest.,2026-07-17T17:47:07.745426
lacharente,bd6t55093297d,,failed,0,0,,no_usable_pages,known,,,bd6t55093297d: no usable pages in manifest.,2026-07-17T17:47:08.239581
lacharente,bd6t55093298t,,failed,0,0,,no_usable_pages,known,,,bd6t55093298t: no usable pages in manifest.,2026-07-17T17:47:08.451011
lacharente,bd6t550932997,,failed,0,0,,no_usable_pages,known,,,bd6t550932997: no usable pages in manifest.,2026-07-17T17:47:08.830307
lacharente,bd6t55093300f,,failed,0,0,,no_usable_pages,known,,,bd6t55093300f: no usable pages in manifest.,2026-07-17T17:47:09.110879
lacharente,bd6t55093301v,,failed,0,0,,no_usable_pages,known,,,bd6t55093301v: no usable pages in manifest.,2026-07-17T17:47:09.464304
lacharente,bd6t550933028,,failed,0,0,,no_usable_pages,known,,,bd6t550933028: no usable pages in manifest.,2026-07-17T17:47:09.624198
lacharente,bd6t55093303p,,failed,0,0,,no_usable_pages,known,,,bd6t55093303p: no usable pages in manifest.,2026-07-17T17:47:10.356066
lacharente,bd6t550933043,,failed,0,0,,no_usable_pages,known,,,bd6t550933043: no usable pages in manifest.,2026-07-17T17:47:10.598914
lacharente,bd6t55093305h,,failed,0,0,,no_usable_pages,known,,,bd6t55093305h: no usable pages in manifest.,2026-07-17T17:47:11.270884
lacharente,bd6t55093306x,,failed,0,0,,no_usable_pages,known,,,bd6t55093306x: no usable pages in manifest.,2026-07-17T17:47:11.894609
lacharente,bd6t55093307b,,failed,0,0,,no_usable_pages,known,,,bd6t55093307b: no usable pages in manifest.,2026-07-17T17:47:12.244847
lacharente,bd6t55093308r,,failed,0,0,,no_usable_pages,known,,,bd6t55093308r: no usable pages in manifest.,2026-07-17T17:47:12.441681
lacharente,bd6t550933095,,failed,0,0,,no_usable_pages,known,,,bd6t550933095: no usable pages in manifest.,2026-07-17T17:47:12.600325
lacharente,bd6t55093310t,,failed,0,0,,no_usable_pages,known,,,bd6t55093310t: no usable pages in manifest.,2026-07-17T17:47:13.287049
lacharente,bd6t550933117,,failed,0,0,,no_usable_pages,known,,,bd6t550933117: no usable pages in manifest.,2026-07-17T17:47:13.719471
lacharente,bd6t55093312n,,failed,0,0,,no_usable_pages,known,,,bd6t55093312n: no usable pages in manifest.,2026-07-17T17:47:13.866358
lacharente,bd6t550933221,,failed,0,0,,no_usable_pages,known,,,bd6t550933221: no usable pages in manifest.,2026-07-17T17:47:14.503202
lacharente,bd6t550933132,,failed,0,0,,no_usable_pages,known,,,bd6t550933132: no usable pages in manifest.,2026-07-17T17:47:14.898397
lacharente,bd6t55093314g,,failed,0,0,,no_usable_pages,known,,,bd6t55093314g: no usable pages in manifest.,2026-07-17T17:47:15.146976
lacharente,bd6t55093315w,,failed,0,0,,no_usable_pages,known,,,bd6t55093315w: no usable pages in manifest.,2026-07-17T17:47:15.698815
lacharente,bd6t550933169,,failed,0,0,,no_usable_pages,known,,,bd6t550933169: no usable pages in manifest.,2026-07-17T17:47:15.970150
lacharente,bd6t55093317q,,failed,0,0,,no_usable_pages,known,,,bd6t55093317q: no usable pages in manifest.,2026-07-17T17:47:16.296204
lacharente,bd6t550933184,,failed,0,0,,no_usable_pages,known,,,bd6t550933184: no usable pages in manifest.,2026-07-17T17:47:16.867524
lacharente,bd6t55093319j,,failed,0,0,,no_usable_pages,known,,,bd6t55093319j: no usable pages in manifest.,2026-07-17T17:47:17.097352
lacharente,bd6t550933206,,failed,0,0,,no_usable_pages,known,,,bd6t550933206: no usable pages in manifest.,2026-07-17T17:47:17.551234
lacharente,bd6t55093321m,,failed,0,0,,no_usable_pages,known,,,bd6t55093321m: no usable pages in manifest.,2026-07-17T17:47:18.149348
lacharente,bd6t55093323f,,failed,0,0,,no_usable_pages,known,,,bd6t55093323f: no usable pages in manifest.,2026-07-17T17:47:18.404961
lacharente,bd6t55093324v,,failed,0,0,,no_usable_pages,known,,,bd6t55093324v: no usable pages in manifest.,2026-07-17T17:47:18.784924
lacharente,bd6t550933258,,failed,0,0,,no_usable_pages,known,,,bd6t550933258: no usable pages in manifest.,2026-07-17T17:47:19.412853
lacharente,bd6t55093326p,,failed,0,0,,no_usable_pages,known,,,bd6t55093326p: no usable pages in manifest.,2026-07-17T17:47:19.636437
lacharente,bd6t550933273,,failed,0,0,,no_usable_pages,known,,,bd6t550933273: no usable pages in manifest.,2026-07-17T17:47:20.264399
lacharente,bd6t55093328h,,failed,0,0,,no_usable_pages,known,,,bd6t55093328h: no usable pages in manifest.,2026-07-17T17:47:20.679555
lacharente,bd6t55093329x,,failed,0,0,,no_usable_pages,known,,,bd6t55093329x: no usable pages in manifest.,2026-07-17T17:47:21.094258
lacharente,bd6t55093330k,,failed,0,0,,no_usable_pages,known,,,bd6t55093330k: no usable pages in manifest.,2026-07-17T17:47:21.638515
lacharente,bd6t550933310,,failed,0,0,,no_usable_pages,known,,,bd6t550933310: no usable pages in manifest.,2026-07-17T17:47:21.869641
lacharente,bd6t55093332d,,failed,0,0,,no_usable_pages,known,,,bd6t55093332d: no usable pages in manifest.,2026-07-17T17:47:22.140761
lacharente,bd6t55093333t,,failed,0,0,,no_usable_pages,known,,,bd6t55093333t: no usable pages in manifest.,2026-07-17T17:47:22.940646
lacharente,bd6t550933347,,failed,0,0,,no_usable_pages,known,,,bd6t550933347: no usable pages in manifest.,2026-07-17T17:47:23.202324
lacharente,bd6t55093335n,,failed,0,0,,no_usable_pages,known,,,bd6t55093335n: no usable pages in manifest.,2026-07-17T17:47:23.402578
lacharente,bd6t550933362,,failed,0,0,,no_usable_pages,known,,,bd6t550933362: no usable pages in manifest.,2026-07-17T17:47:23.941096
lacharente,bd6t55093337g,,failed,0,0,,no_usable_pages,known,,,bd6t55093337g: no usable pages in manifest.,2026-07-17T17:47:24.200120
lacharente,bd6t55093338w,,failed,0,0,,no_usable_pages,known,,,bd6t55093338w: no usable pages in manifest.,2026-07-17T17:47:24.574001
lacharente,bd6t550933399,,failed,0,0,,no_usable_pages,known,,,bd6t550933399: no usable pages in manifest.,2026-07-17T17:47:24.857684
lacharente,bd6t55093340z,,failed,0,0,,no_usable_pages,known,,,bd6t55093340z: no usable pages in manifest.,2026-07-17T17:47:25.220008
lacharente,bd6t55093341c,,failed,0,0,,no_usable_pages,known,,,bd6t55093341c: no usable pages in manifest.,2026-07-17T17:47:25.549828
lacharente,bd6t55093342s,,failed,0,0,,no_usable_pages,known,,,bd6t55093342s: no usable pages in manifest.,2026-07-17T17:47:25.805979
lacharente,bd6t550933436,,failed,0,0,,no_usable_pages,known,,,bd6t550933436: no usable pages in manifest.,2026-07-17T17:47:26.140017
lacharente,bd6t55093344m,,failed,0,0,,no_usable_pages,known,,,bd6t55093344m: no usable pages in manifest.,2026-07-17T17:47:26.727593
lacharente,bd6t550933451,,failed,0,0,,no_usable_pages,known,,,bd6t550933451: no usable pages in manifest.,2026-07-17T17:47:27.104410
lacharente,bd6t55093346f,,failed,0,0,,no_usable_pages,known,,,bd6t55093346f: no usable pages in manifest.,2026-07-17T17:47:27.544123
lacharente,bd6t55093347v,,failed,0,0,,no_usable_pages,known,,,bd6t55093347v: no usable pages in manifest.,2026-07-17T17:47:28.076916
lacharente,bd6t550933488,,failed,0,0,,no_usable_pages,known,,,bd6t550933488: no usable pages in manifest.,2026-07-17T17:47:28.301927
lacharente,bd6t55093349p,,failed,0,0,,no_usable_pages,known,,,bd6t55093349p: no usable pages in manifest.,2026-07-17T17:47:28.612203
lacharente,bd6t55093350b,,failed,0,0,,no_usable_pages,known,,,bd6t55093350b: no usable pages in manifest.,2026-07-17T17:47:28.839962
lacharente,bd6t55093351r,,failed,0,0,,no_usable_pages,known,,,bd6t55093351r: no usable pages in manifest.,2026-07-17T17:47:29.365822
lacharente,bd6t550933525,,failed,0,0,,no_usable_pages,known,,,bd6t550933525: no usable pages in manifest.,2026-07-17T17:47:29.733903
lacharente,bd6t55093353k,,failed,0,0,,no_usable_pages,known,,,bd6t55093353k: no usable pages in manifest.,2026-07-17T17:47:30.206406
lacharente,bd6t550933540,,failed,0,0,,no_usable_pages,known,,,bd6t550933540: no usable pages in manifest.,2026-07-17T17:47:30.523565
lacharente,bd6t55093355d,,failed,0,0,,no_usable_pages,known,,,bd6t55093355d: no usable pages in manifest.,2026-07-17T17:47:30.971196
lacharente,bd6t55093356t,,failed,0,0,,no_usable_pages,known,,,bd6t55093356t: no usable pages in manifest.,2026-07-17T17:47:31.218299
lacharente,bd6t550933577,,failed,0,0,,no_usable_pages,known,,,bd6t550933577: no usable pages in manifest.,2026-07-17T17:47:31.601040
lacharente,bd6t55093358n,,failed,0,0,,no_usable_pages,known,,,bd6t55093358n: no usable pages in manifest.,2026-07-17T17:47:31.986997
lacharente,bd6t550933592,,failed,0,0,,no_usable_pages,known,,,bd6t550933592: no usable pages in manifest.,2026-07-17T17:47:32.293878
lacharente,bd6t55093360q,,failed,0,0,,no_usable_pages,known,,,bd6t55093360q: no usable pages in manifest.,2026-07-17T17:47:32.781114
lacharente,bd6t550933614,,failed,0,0,,no_usable_pages,known,,,bd6t550933614: no usable pages in manifest.,2026-07-17T17:47:33.071619
lacharente,bd6t55093362j,,failed,0,0,,no_usable_pages,known,,,bd6t55093362j: no usable pages in manifest.,2026-07-17T17:47:33.337281
lacharente,bd6t55093363z,,failed,0,0,,no_usable_pages,known,,,bd6t55093363z: no usable pages in manifest.,2026-07-17T17:47:33.667532
lacharente,bd6t55093364c,,failed,0,0,,no_usable_pages,known,,,bd6t55093364c: no usable pages in manifest.,2026-07-17T17:47:34.235595
lacharente,bd6t55093365s,,failed,0,0,,no_usable_pages,known,,,bd6t55093365s: no usable pages in manifest.,2026-07-17T17:47:34.552833
lacharente,bd6t550933666,,failed,0,0,,no_usable_pages,known,,,bd6t550933666: no usable pages in manifest.,2026-07-17T17:47:35.177954
lacharente,bd6t55093367m,,failed,0,0,,no_usable_pages,known,,,bd6t55093367m: no usable pages in manifest.,2026-07-17T17:47:35.451893
lacharente,bd6t550933681,,failed,0,0,,no_usable_pages,known,,,bd6t550933681: no usable pages in manifest.,2026-07-17T17:47:35.786470
lacharente,bd6t55093369f,,failed,0,0,,no_usable_pages,known,,,bd6t55093369f: no usable pages in manifest.,2026-07-17T17:47:36.293541
lacharente,bd6t550933703,,failed,0,0,,no_usable_pages,known,,,bd6t550933703: no usable pages in manifest.,2026-07-17T17:47:36.788637
lacharente,bd6t55093371h,,failed,0,0,,no_usable_pages,known,,,bd6t55093371h: no usable pages in manifest.,2026-07-17T17:47:36.928428
lacharente,bd6t55093372x,,failed,0,0,,no_usable_pages,known,,,bd6t55093372x: no usable pages in manifest.,2026-07-17T17:47:37.384870
lacharente,bd6t55093373b,,failed,0,0,,no_usable_pages,known,,,bd6t55093373b: no usable pages in manifest.,2026-07-17T17:47:37.578227
lacharente,bd6t55093374r,,failed,0,0,,no_usable_pages,known,,,bd6t55093374r: no usable pages in manifest.,2026-07-17T17:47:37.790281
lacharente,bd6t550933755,,failed,0,0,,no_usable_pages,known,,,bd6t550933755: no usable pages in manifest.,2026-07-17T17:47:38.094504
lacharente,bd6t55093376k,,failed,0,0,,no_usable_pages,known,,,bd6t55093376k: no usable pages in manifest.,2026-07-17T17:47:38.772705
lacharente,bd6t550933770,,failed,0,0,,no_usable_pages,known,,,bd6t550933770: no usable pages in manifest.,2026-07-17T17:47:39.033426
lacharente,bd6t55093378d,,failed,0,0,,no_usable_pages,known,,,bd6t55093378d: no usable pages in manifest.,2026-07-17T17:47:39.320905
lacharente,bd6t55093379t,,failed,0,0,,no_usable_pages,known,,,bd6t55093379t: no usable pages in manifest.,2026-07-17T17:47:39.617986
lacharente,bd6t55093380g,,failed,0,0,,no_usable_pages,known,,,bd6t55093380g: no usable pages in manifest.,2026-07-17T17:47:39.928626
lacharente,bd6t55093381w,,failed,0,0,,no_usable_pages,known,,,bd6t55093381w: no usable pages in manifest.,2026-07-17T17:47:40.288296
lacharente,bd6t550933829,,failed,0,0,,no_usable_pages,known,,,bd6t550933829: no usable pages in manifest.,2026-07-17T17:47:40.615001
lacharente,bd6t55093383q,,failed,0,0,,no_usable_pages,known,,,bd6t55093383q: no usable pages in manifest.,2026-07-17T17:47:40.941973
lacharente,bd6t550933844,,failed,0,0,,no_usable_pages,known,,,bd6t550933844: no usable pages in manifest.,2026-07-17T17:47:41.080423
lacharente,bd6t55093385j,,failed,0,0,,no_usable_pages,known,,,bd6t55093385j: no usable pages in manifest.,2026-07-17T17:47:41.480201
lacharente,bd6t55093386z,,failed,0,0,,no_usable_pages,known,,,bd6t55093386z: no usable pages in manifest.,2026-07-17T17:47:41.726453
lacharente,bd6t55093387c,,failed,0,0,,no_usable_pages,known,,,bd6t55093387c: no usable pages in manifest.,2026-07-17T17:47:42.092704
lacharente,bd6t55093388s,,failed,0,0,,no_usable_pages,known,,,bd6t55093388s: no usable pages in manifest.,2026-07-17T17:47:42.401511
lacharente,bd6t550933896,,failed,0,0,,no_usable_pages,known,,,bd6t550933896: no usable pages in manifest.,2026-07-17T17:47:42.862173
lacharente,bd6t55093390v,,failed,0,0,,no_usable_pages,known,,,bd6t55093390v: no usable pages in manifest.,2026-07-17T17:47:43.194249
lacharente,bd6t550933918,,failed,0,0,,no_usable_pages,known,,,bd6t550933918: no usable pages in manifest.,2026-07-17T17:47:43.544533
lacharente,bd6t55093392p,,failed,0,0,,no_usable_pages,known,,,bd6t55093392p: no usable pages in manifest.,2026-07-17T17:47:43.878112
lacharente,bd6t550933933,,failed,0,0,,no_usable_pages,known,,,bd6t550933933: no usable pages in manifest.,2026-07-17T17:47:44.192990
lacharente,bd6t55093394h,,failed,0,0,,no_usable_pages,known,,,bd6t55093394h: no usable pages in manifest.,2026-07-17T17:47:44.378392
lacharente,bd6t55093395x,,failed,0,0,,no_usable_pages,known,,,bd6t55093395x: no usable pages in manifest.,2026-07-17T17:47:45.107237
lacharente,bd6t55093396b,,failed,0,0,,no_usable_pages,known,,,bd6t55093396b: no usable pages in manifest.,2026-07-17T17:47:45.496525
lacharente,bd6t55093397r,,failed,0,0,,no_usable_pages,known,,,bd6t55093397r: no usable pages in manifest.,2026-07-17T17:47:45.746660
lacharente,bd6t550933985,,failed,0,0,,no_usable_pages,known,,,bd6t550933985: no usable pages in manifest.,2026-07-17T17:47:46.176391
lacharente,bd6t55093399k,,failed,0,0,,no_usable_pages,known,,,bd6t55093399k: no usable pages in manifest.,2026-07-17T17:47:46.612724
lacharente,bd6t55093400s,,failed,0,0,,no_usable_pages,known,,,bd6t55093400s: no usable pages in manifest.,2026-07-17T17:47:46.938014
lacharente,bd6t550934016,,failed,0,0,,no_usable_pages,known,,,bd6t550934016: no usable pages in manifest.,2026-07-17T17:47:47.397764
lacharente,bd6t55093407p,,failed,0,0,,no_usable_pages,known,,,bd6t55093407p: no usable pages in manifest.,2026-07-17T17:47:47.729005
lacharente,bd6t55093402m,,failed,0,0,,no_usable_pages,known,,,bd6t55093402m: no usable pages in manifest.,2026-07-17T17:47:47.963037
lacharente,bd6t550934031,,failed,0,0,,no_usable_pages,known,,,bd6t550934031: no usable pages in manifest.,2026-07-17T17:47:48.148510
lacharente,bd6t55093404f,,failed,0,0,,no_usable_pages,known,,,bd6t55093404f: no usable pages in manifest.,2026-07-17T17:47:48.493732
lacharente,bd6t55093405v,,failed,0,0,,no_usable_pages,known,,,bd6t55093405v: no usable pages in manifest.,2026-07-17T17:47:48.655333
lacharente,bd6t550934068,,failed,0,0,,no_usable_pages,known,,,bd6t550934068: no usable pages in manifest.,2026-07-17T17:47:49.286348
lacharente,bd6t550934083,,failed,0,0,,no_usable_pages,known,,,bd6t550934083: no usable pages in manifest.,2026-07-17T17:47:49.651555
lacharente,bd6t55093409h,,failed,0,0,,no_usable_pages,known,,,bd6t55093409h: no usable pages in manifest.,2026-07-17T17:47:49.804246
lacharente,bd6t550934105,,failed,0,0,,no_usable_pages,known,,,bd6t550934105: no usable pages in manifest.,2026-07-17T17:47:50.236544
lacharente,bd6t55093411k,,failed,0,0,,no_usable_pages,known,,,bd6t55093411k: no usable pages in manifest.,2026-07-17T17:47:50.598817
lacharente,bd6t550934120,,failed,0,0,,no_usable_pages,known,,,bd6t550934120: no usable pages in manifest.,2026-07-17T17:47:50.935454
lacharente,bd6t55093413d,,failed,0,0,,no_usable_pages,known,,,bd6t55093413d: no usable pages in manifest.,2026-07-17T17:47:51.238392
lacharente,bd6t55093414t,,failed,0,0,,no_usable_pages,known,,,bd6t55093414t: no usable pages in manifest.,2026-07-17T17:47:51.641722
lacharente,bd6t550934157,,failed,0,0,,no_usable_pages,known,,,bd6t550934157: no usable pages in manifest.,2026-07-17T17:47:52.141430
lacharente,bd6t55093416n,,failed,0,0,,no_usable_pages,known,,,bd6t55093416n: no usable pages in manifest.,2026-07-17T17:47:52.738357
lacharente,bd6t550934172,,failed,0,0,,no_usable_pages,known,,,bd6t550934172: no usable pages in manifest.,2026-07-17T17:47:53.019377
lacharente,bd6t55093418g,,failed,0,0,,no_usable_pages,known,,,bd6t55093418g: no usable pages in manifest.,2026-07-17T17:47:53.636192
lacharente,bd6t55093419w,,failed,0,0,,no_usable_pages,known,,,bd6t55093419w: no usable pages in manifest.,2026-07-17T17:47:53.915831
lacharente,bd6t55093420j,,failed,0,0,,no_usable_pages,known,,,bd6t55093420j: no usable pages in manifest.,2026-07-17T17:47:54.142173
lacharente,bd6t55093421z,,failed,0,0,,no_usable_pages,known,,,bd6t55093421z: no usable pages in manifest.,2026-07-17T17:47:54.453596
lacharente,bd6t55093422c,,failed,0,0,,no_usable_pages,known,,,bd6t55093422c: no usable pages in manifest.,2026-07-17T17:47:55.002603
lacharente,bd6t550934246,,failed,0,0,,no_usable_pages,known,,,bd6t550934246: no usable pages in manifest.,2026-07-17T17:47:55.324846
lacharente,bd6t55093423s,,failed,0,0,,no_usable_pages,known,,,bd6t55093423s: no usable pages in manifest.,2026-07-17T17:47:55.853446
lacharente,bd6t55093425m,,failed,0,0,,no_usable_pages,known,,,bd6t55093425m: no usable pages in manifest.,2026-07-17T17:47:56.141107
lacharente,bd6t550934261,,failed,0,0,,no_usable_pages,known,,,bd6t550934261: no usable pages in manifest.,2026-07-17T17:47:56.469181
lacharente,bd6t55093427f,,failed,0,0,,no_usable_pages,known,,,bd6t55093427f: no usable pages in manifest.,2026-07-17T17:47:57.186158
lacharente,bd6t55093428v,,failed,0,0,,no_usable_pages,known,,,bd6t55093428v: no usable pages in manifest.,2026-07-17T17:47:57.481892
lacharente,bd6t550934298,,failed,0,0,,no_usable_pages,known,,,bd6t550934298: no usable pages in manifest.,2026-07-17T17:47:58.092273
lacharente,bd6t55093430x,,failed,0,0,,no_usable_pages,known,,,bd6t55093430x: no usable pages in manifest.,2026-07-17T17:47:58.713949
lacharente,bd6t55093431b,,failed,0,0,,no_usable_pages,known,,,bd6t55093431b: no usable pages in manifest.,2026-07-17T17:47:59.388891
lacharente,bd6t55093432r,,failed,0,0,,no_usable_pages,known,,,bd6t55093432r: no usable pages in manifest.,2026-07-17T17:47:59.720441
lacharente,bd6t550934335,,failed,0,0,,no_usable_pages,known,,,bd6t550934335: no usable pages in manifest.,2026-07-17T17:48:00.079482
lacharente,bd6t55093434k,,failed,0,0,,no_usable_pages,known,,,bd6t55093434k: no usable pages in manifest.,2026-07-17T17:48:00.592148
lacharente,bd6t550934350,,failed,0,0,,no_usable_pages,known,,,bd6t550934350: no usable pages in manifest.,2026-07-17T17:48:00.829768
lacharente,bd6t55093436d,,failed,0,0,,no_usable_pages,known,,,bd6t55093436d: no usable pages in manifest.,2026-07-17T17:48:01.076648
lacharente,bd6t55093437t,,failed,0,0,,no_usable_pages,known,,,bd6t55093437t: no usable pages in manifest.,2026-07-17T17:48:01.263697
lacharente,bd6t550934387,,failed,0,0,,no_usable_pages,known,,,bd6t550934387: no usable pages in manifest.,2026-07-17T17:48:01.627176
lacharente,bd6t55093439n,,failed,0,0,,no_usable_pages,known,,,bd6t55093439n: no usable pages in manifest.,2026-07-17T17:48:01.890357
lacharente,bd6t550934409,,failed,0,0,,no_usable_pages,known,,,bd6t550934409: no usable pages in manifest.,2026-07-17T17:48:02.128190
lacharente,bd6t55093441q,,failed,0,0,,no_usable_pages,known,,,bd6t55093441q: no usable pages in manifest.,2026-07-17T17:48:02.484755
lacharente,bd6t550934424,,failed,0,0,,no_usable_pages,known,,,bd6t550934424: no usable pages in manifest.,2026-07-17T17:48:02.919871
lacharente,bd6t55093443j,,failed,0,0,,no_usable_pages,known,,,bd6t55093443j: no usable pages in manifest.,2026-07-17T17:48:03.420183
lacharente,bd6t55093444z,,failed,0,0,,no_usable_pages,known,,,bd6t55093444z: no usable pages in manifest.,2026-07-17T17:48:03.698707
lacharente,bd6t55093445c,,failed,0,0,,no_usable_pages,known,,,bd6t55093445c: no usable pages in manifest.,2026-07-17T17:48:04.122236
lacharente,bd6t55093446s,,failed,0,0,,no_usable_pages,known,,,bd6t55093446s: no usable pages in manifest.,2026-07-17T17:48:04.466874
lacharente,bd6t550934476,,failed,0,0,,no_usable_pages,known,,,bd6t550934476: no usable pages in manifest.,2026-07-17T17:48:04.684394
lacharente,bd6t55093448m,,failed,0,0,,no_usable_pages,known,,,bd6t55093448m: no usable pages in manifest.,2026-07-17T17:48:04.972370
lacharente,bd6t550934491,,failed,0,0,,no_usable_pages,known,,,bd6t550934491: no usable pages in manifest.,2026-07-17T17:48:05.568072
lacharente,bd6t55093450p,,failed,0,0,,no_usable_pages,known,,,bd6t55093450p: no usable pages in manifest.,2026-07-17T17:48:05.966484
lacharente,bd6t550934513,,failed,0,0,,no_usable_pages,known,,,bd6t550934513: no usable pages in manifest.,2026-07-17T17:48:06.166641
lacharente,bd6t55093452h,,failed,0,0,,no_usable_pages,known,,,bd6t55093452h: no usable pages in manifest.,2026-07-17T17:48:06.927000
lacharente,bd6t55093453x,,failed,0,0,,no_usable_pages,known,,,bd6t55093453x: no usable pages in manifest.,2026-07-17T17:48:07.177485
lacharente,bd6t55093454b,,failed,0,0,,no_usable_pages,known,,,bd6t55093454b: no usable pages in manifest.,2026-07-17T17:48:07.507017
lacharente,bd6t55093455r,,failed,0,0,,no_usable_pages,known,,,bd6t55093455r: no usable pages in manifest.,2026-07-17T17:48:07.997142
lacharente,bd6t550934565,,failed,0,0,,no_usable_pages,known,,,bd6t550934565: no usable pages in manifest.,2026-07-17T17:48:08.342276
lacharente,bd6t55093457k,,failed,0,0,,no_usable_pages,known,,,bd6t55093457k: no usable pages in manifest.,2026-07-17T17:48:08.692912
lacharente,bd6t550934580,,failed,0,0,,no_usable_pages,known,,,bd6t550934580: no usable pages in manifest.,2026-07-17T17:48:09.044026
lacharente,bd6t55093459d,,failed,0,0,,no_usable_pages,known,,,bd6t55093459d: no usable pages in manifest.,2026-07-17T17:48:09.303457
lacharente,bd6t550934602,,failed,0,0,,no_usable_pages,known,,,bd6t550934602: no usable pages in manifest.,2026-07-17T17:48:09.522932
lacharente,bd6t55093461g,,failed,0,0,,no_usable_pages,known,,,bd6t55093461g: no usable pages in manifest.,2026-07-17T17:48:09.831711
lacharente,bd6t55093462w,,failed,0,0,,no_usable_pages,known,,,bd6t55093462w: no usable pages in manifest.,2026-07-17T17:48:10.321311
lacharente,bd6t550934639,,failed,0,0,,no_usable_pages,known,,,bd6t550934639: no usable pages in manifest.,2026-07-17T17:48:10.451367
lacharente,bd6t55093464q,,failed,0,0,,no_usable_pages,known,,,bd6t55093464q: no usable pages in manifest.,2026-07-17T17:48:10.676818
lacharente,bd6t550934654,,failed,0,0,,no_usable_pages,known,,,bd6t550934654: no usable pages in manifest.,2026-07-17T17:48:10.887749
lacharente,bd6t55093466j,,failed,0,0,,no_usable_pages,known,,,bd6t55093466j: no usable pages in manifest.,2026-07-17T17:48:11.608054
lacharente,bd6t55093467z,,failed,0,0,,no_usable_pages,known,,,bd6t55093467z: no usable pages in manifest.,2026-07-17T17:48:11.867446
lacharente,bd6t55093468c,,failed,0,0,,no_usable_pages,known,,,bd6t55093468c: no usable pages in manifest.,2026-07-17T17:48:12.160264
lacharente,bd6t55093469s,,failed,0,0,,no_usable_pages,known,,,bd6t55093469s: no usable pages in manifest.,2026-07-17T17:48:12.432581
lacharente,bd6t55093470f,,failed,0,0,,no_usable_pages,known,,,bd6t55093470f: no usable pages in manifest.,2026-07-17T17:48:12.908950
lacharente,bd6t55093471v,,failed,0,0,,no_usable_pages,known,,,bd6t55093471v: no usable pages in manifest.,2026-07-17T17:48:13.195706
lacharente,bd6t550934728,,failed,0,0,,no_usable_pages,known,,,bd6t550934728: no usable pages in manifest.,2026-07-17T17:48:13.340303
lacharente,bd6t55093473p,,failed,0,0,,no_usable_pages,known,,,bd6t55093473p: no usable pages in manifest.,2026-07-17T17:48:13.624918
lacharente,bd6t550934743,,failed,0,0,,no_usable_pages,known,,,bd6t550934743: no usable pages in manifest.,2026-07-17T17:48:14.258831
lacharente,bd6t55093475h,,failed,0,0,,no_usable_pages,known,,,bd6t55093475h: no usable pages in manifest.,2026-07-17T17:48:14.437904
lacharente,bd6t55093476x,,failed,0,0,,no_usable_pages,known,,,bd6t55093476x: no usable pages in manifest.,2026-07-17T17:48:14.803926
lacharente,bd6t55093477b,,failed,0,0,,no_usable_pages,known,,,bd6t55093477b: no usable pages in manifest.,2026-07-17T17:48:15.399094
lacharente,bd6t55093478r,,failed,0,0,,no_usable_pages,known,,,bd6t55093478r: no usable pages in manifest.,2026-07-17T17:48:15.524320
lacharente,bd6t550934795,,failed,0,0,,no_usable_pages,known,,,bd6t550934795: no usable pages in manifest.,2026-07-17T17:48:15.728609
lacharente,bd6t55093480t,,failed,0,0,,no_usable_pages,known,,,bd6t55093480t: no usable pages in manifest.,2026-07-17T17:48:16.389449
lacharente,bd6t550934817,,failed,0,0,,no_usable_pages,known,,,bd6t550934817: no usable pages in manifest.,2026-07-17T17:48:16.645512
lacharente,bd6t55093482n,,failed,0,0,,no_usable_pages,known,,,bd6t55093482n: no usable pages in manifest.,2026-07-17T17:48:16.815188
lacharente,bd6t550934832,,failed,0,0,,no_usable_pages,known,,,bd6t550934832: no usable pages in manifest.,2026-07-17T17:48:17.398081
lacharente,bd6t55093484g,,failed,0,0,,no_usable_pages,known,,,bd6t55093484g: no usable pages in manifest.,2026-07-17T17:48:17.837342
lacharente,bd6t55093485w,,failed,0,0,,no_usable_pages,known,,,bd6t55093485w: no usable pages in manifest.,2026-07-17T17:48:18.055451
lacharente,bd6t550934869,,failed,0,0,,no_usable_pages,known,,,bd6t550934869: no usable pages in manifest.,2026-07-17T17:48:18.366136
lacharente,bd6t55093487q,,failed,0,0,,no_usable_pages,known,,,bd6t55093487q: no usable pages in manifest.,2026-07-17T17:48:18.789180
lacharente,bd6t550934884,,failed,0,0,,no_usable_pages,known,,,bd6t550934884: no usable pages in manifest.,2026-07-17T17:48:19.144700
lacharente,bd6t55093489j,,failed,0,0,,no_usable_pages,known,,,bd6t55093489j: no usable pages in manifest.,2026-07-17T17:48:19.484465
lacharente,bd6t550934906,,failed,0,0,,no_usable_pages,known,,,bd6t550934906: no usable pages in manifest.,2026-07-17T17:48:19.942227
lacharente,bd6t55093491m,,failed,0,0,,no_usable_pages,known,,,bd6t55093491m: no usable pages in manifest.,2026-07-17T17:48:20.204321
lacharente,bd6t550934921,,failed,0,0,,no_usable_pages,known,,,bd6t550934921: no usable pages in manifest.,2026-07-17T17:48:20.559707
lacharente,bd6t55093493f,,failed,0,0,,no_usable_pages,known,,,bd6t55093493f: no usable pages in manifest.,2026-07-17T17:48:21.152615
lacharente,bd6t55093494v,,failed,0,0,,no_usable_pages,known,,,bd6t55093494v: no usable pages in manifest.,2026-07-17T17:48:21.399887
lacharente,bd6t550934958,,failed,0,0,,no_usable_pages,known,,,bd6t550934958: no usable pages in manifest.,2026-07-17T17:48:21.845376
lacharente,bd6t55093496p,,failed,0,0,,no_usable_pages,known,,,bd6t55093496p: no usable pages in manifest.,2026-07-17T17:48:22.309103
lacharente,bd6t550934973,,failed,0,0,,no_usable_pages,known,,,bd6t550934973: no usable pages in manifest.,2026-07-17T17:48:22.641422
lacharente,bd6t55093498h,,failed,0,0,,no_usable_pages,known,,,bd6t55093498h: no usable pages in manifest.,2026-07-17T17:48:22.849253
lacharente,bd6t55093499x,,failed,0,0,,no_usable_pages,known,,,bd6t55093499x: no usable pages in manifest.,2026-07-17T17:48:23.425553
lacharente,bd6t550935004,,failed,0,0,,no_usable_pages,known,,,bd6t550935004: no usable pages in manifest.,2026-07-17T17:48:23.865050
lacharente,bd6t55093501j,,failed,0,0,,no_usable_pages,known,,,bd6t55093501j: no usable pages in manifest.,2026-07-17T17:48:24.067538
lacharente,bd6t55093502z,,failed,0,0,,no_usable_pages,known,,,bd6t55093502z: no usable pages in manifest.,2026-07-17T17:48:24.507501
lacharente,bd6t55093503c,,failed,0,0,,no_usable_pages,known,,,bd6t55093503c: no usable pages in manifest.,2026-07-17T17:48:24.947350
lacharente,bd6t55093504s,,failed,0,0,,no_usable_pages,known,,,bd6t55093504s: no usable pages in manifest.,2026-07-17T17:48:25.204721
lacharente,bd6t550935056,,failed,0,0,,no_usable_pages,known,,,bd6t550935056: no usable pages in manifest.,2026-07-17T17:48:25.495322
lacharente,bd6t55093506m,,failed,0,0,,no_usable_pages,known,,,bd6t55093506m: no usable pages in manifest.,2026-07-17T17:48:25.827494
lacharente,bd6t550935071,,failed,0,0,,no_usable_pages,known,,,bd6t550935071: no usable pages in manifest.,2026-07-17T17:48:26.132967
lacharente,bd6t55093508f,,failed,0,0,,no_usable_pages,known,,,bd6t55093508f: no usable pages in manifest.,2026-07-17T17:48:26.757261
lacharente,bd6t55093509v,,failed,0,0,,no_usable_pages,known,,,bd6t55093509v: no usable pages in manifest.,2026-07-17T17:48:27.582931
lacharente,bd6t55093510h,,failed,0,0,,no_usable_pages,known,,,bd6t55093510h: no usable pages in manifest.,2026-07-17T17:48:27.894522
lacharente,bd6t55093511x,,failed,0,0,,no_usable_pages,known,,,bd6t55093511x: no usable pages in manifest.,2026-07-17T17:48:28.062588
lacharente,bd6t55093512b,,failed,0,0,,no_usable_pages,known,,,bd6t55093512b: no usable pages in manifest.,2026-07-17T17:48:28.537759
lacharente,bd6t55093513r,,failed,0,0,,no_usable_pages,known,,,bd6t55093513r: no usable pages in manifest.,2026-07-17T17:48:28.835971
lacharente,bd6t550935145,,failed,0,0,,no_usable_pages,known,,,bd6t550935145: no usable pages in manifest.,2026-07-17T17:48:29.156449
lacharente,bd6t55093515k,,failed,0,0,,no_usable_pages,known,,,bd6t55093515k: no usable pages in manifest.,2026-07-17T17:48:29.712730
lacharente,bd6t550935160,,failed,0,0,,no_usable_pages,known,,,bd6t550935160: no usable pages in manifest.,2026-07-17T17:48:29.947857
lacharente,bd6t55093517d,,failed,0,0,,no_usable_pages,known,,,bd6t55093517d: no usable pages in manifest.,2026-07-17T17:48:30.173908
lacharente,bd6t55093518t,,failed,0,0,,no_usable_pages,known,,,bd6t55093518t: no usable pages in manifest.,2026-07-17T17:48:30.480845
lacharente,bd6t550935197,,failed,0,0,,no_usable_pages,known,,,bd6t550935197: no usable pages in manifest.,2026-07-17T17:48:31.159068
lacharente,bd6t55093520w,,failed,0,0,,no_usable_pages,known,,,bd6t55093520w: no usable pages in manifest.,2026-07-17T17:48:31.353895
lacharente,bd6t550935219,,failed,0,0,,no_usable_pages,known,,,bd6t550935219: no usable pages in manifest.,2026-07-17T17:48:31.583473
lacharente,bd6t55093522q,,failed,0,0,,no_usable_pages,known,,,bd6t55093522q: no usable pages in manifest.,2026-07-17T17:48:31.866587
lacharente,bd6t550935234,,failed,0,0,,no_usable_pages,known,,,bd6t550935234: no usable pages in manifest.,2026-07-17T17:48:32.385738
lacharente,bd6t55093524j,,failed,0,0,,no_usable_pages,known,,,bd6t55093524j: no usable pages in manifest.,2026-07-17T17:48:32.578702
lacharente,bd6t55093525z,,failed,0,0,,no_usable_pages,known,,,bd6t55093525z: no usable pages in manifest.,2026-07-17T17:48:32.720331
lacharente,bd6t55093526c,,failed,0,0,,no_usable_pages,known,,,bd6t55093526c: no usable pages in manifest.,2026-07-17T17:48:32.991761
lacharente,bd6t55093527s,,failed,0,0,,no_usable_pages,known,,,bd6t55093527s: no usable pages in manifest.,2026-07-17T17:48:33.539913
lacharente,bd6t550935286,,failed,0,0,,no_usable_pages,known,,,bd6t550935286: no usable pages in manifest.,2026-07-17T17:48:33.991293
lacharente,bd6t55093529m,,failed,0,0,,no_usable_pages,known,,,bd6t55093529m: no usable pages in manifest.,2026-07-17T17:48:34.427807
lacharente,bd6t550935308,,failed,0,0,,no_usable_pages,known,,,bd6t550935308: no usable pages in manifest.,2026-07-17T17:48:34.899732
lacharente,bd6t55093531p,,failed,0,0,,no_usable_pages,known,,,bd6t55093531p: no usable pages in manifest.,2026-07-17T17:48:35.096899
lacharente,bd6t550935323,,failed,0,0,,no_usable_pages,known,,,bd6t550935323: no usable pages in manifest.,2026-07-17T17:48:35.637650
lacharente,bd6t55093533h,,failed,0,0,,no_usable_pages,known,,,bd6t55093533h: no usable pages in manifest.,2026-07-17T17:48:35.951460
lacharente,bd6t55093534x,,failed,0,0,,no_usable_pages,known,,,bd6t55093534x: no usable pages in manifest.,2026-07-17T17:48:36.276985
lacharente,bd6t55093535b,,failed,0,0,,no_usable_pages,known,,,bd6t55093535b: no usable pages in manifest.,2026-07-17T17:48:36.834343
lacharente,bd6t55093536r,,failed,0,0,,no_usable_pages,known,,,bd6t55093536r: no usable pages in manifest.,2026-07-17T17:48:37.055811
lacharente,bd6t550935375,,failed,0,0,,no_usable_pages,known,,,bd6t550935375: no usable pages in manifest.,2026-07-17T17:48:37.365994
lacharente,bd6t55093538k,,failed,0,0,,no_usable_pages,known,,,bd6t55093538k: no usable pages in manifest.,2026-07-17T17:48:37.757654
lacharente,bd6t550935390,,failed,0,0,,no_usable_pages,known,,,bd6t550935390: no usable pages in manifest.,2026-07-17T17:48:38.191027
lacharente,bd6t55093540n,,failed,0,0,,no_usable_pages,known,,,bd6t55093540n: no usable pages in manifest.,2026-07-17T17:48:38.453378
lacharente,bd6t55095682z,,failed,0,0,,no_usable_pages,known,,,bd6t55095682z: no usable pages in manifest.,2026-07-17T17:48:38.890030
lacharente,bd6t550935412,,failed,0,0,,no_usable_pages,known,,,bd6t550935412: no usable pages in manifest.,2026-07-17T17:48:39.399943
lacharente,bd6t55093542g,,failed,0,0,,no_usable_pages,known,,,bd6t55093542g: no usable pages in manifest.,2026-07-17T17:48:39.715197
lacharente,bd6t55093543w,,failed,0,0,,no_usable_pages,known,,,bd6t55093543w: no usable pages in manifest.,2026-07-17T17:48:40.090758
lacharente,bd6t550935449,,failed,0,0,,no_usable_pages,known,,,bd6t550935449: no usable pages in manifest.,2026-07-17T17:48:40.409918
lacharente,bd6t55093545q,,failed,0,0,,no_usable_pages,known,,,bd6t55093545q: no usable pages in manifest.,2026-07-17T17:48:40.643321
lacharente,bd6t550935464,,failed,0,0,,no_usable_pages,known,,,bd6t550935464: no usable pages in manifest.,2026-07-17T17:48:40.807999
lacharente,bd6t55093547j,,failed,0,0,,no_usable_pages,known,,,bd6t55093547j: no usable pages in manifest.,2026-07-17T17:48:41.167978
lacharente,bd6t55093548z,,failed,0,0,,no_usable_pages,known,,,bd6t55093548z: no usable pages in manifest.,2026-07-17T17:48:41.551618
lacharente,bd6t55093549c,,failed,0,0,,no_usable_pages,known,,,bd6t55093549c: no usable pages in manifest.,2026-07-17T17:48:41.827912
lacharente,bd6t550935501,,failed,0,0,,no_usable_pages,known,,,bd6t550935501: no usable pages in manifest.,2026-07-17T17:48:41.969874
lacharente,bd6t55093551f,,failed,0,0,,no_usable_pages,known,,,bd6t55093551f: no usable pages in manifest.,2026-07-17T17:48:42.204368
lacharente,bd6t55093552v,,failed,0,0,,no_usable_pages,known,,,bd6t55093552v: no usable pages in manifest.,2026-07-17T17:48:42.334598
lacharente,bd6t550935538,,failed,0,0,,no_usable_pages,known,,,bd6t550935538: no usable pages in manifest.,2026-07-17T17:48:42.952366
lacharente,bd6t55093554p,,failed,0,0,,no_usable_pages,known,,,bd6t55093554p: no usable pages in manifest.,2026-07-17T17:48:43.274289
lacharente,bd6t550935553,,failed,0,0,,no_usable_pages,known,,,bd6t550935553: no usable pages in manifest.,2026-07-17T17:48:43.569627
lacharente,bd6t55093556h,,failed,0,0,,no_usable_pages,known,,,bd6t55093556h: no usable pages in manifest.,2026-07-17T17:48:43.934113
lacharente,bd6t55093557x,,failed,0,0,,no_usable_pages,known,,,bd6t55093557x: no usable pages in manifest.,2026-07-17T17:48:44.150042
lacharente,bd6t55093558b,,failed,0,0,,no_usable_pages,known,,,bd6t55093558b: no usable pages in manifest.,2026-07-17T17:48:44.473622
lacharente,bd6t55093559r,,failed,0,0,,no_usable_pages,known,,,bd6t55093559r: no usable pages in manifest.,2026-07-17T17:48:44.887620
lacharente,bd6t55093560d,,failed,0,0,,no_usable_pages,known,,,bd6t55093560d: no usable pages in manifest.,2026-07-17T17:48:45.443361
lacharente,bd6t55093561t,,failed,0,0,,no_usable_pages,known,,,bd6t55093561t: no usable pages in manifest.,2026-07-17T17:48:45.816504
lacharente,bd6t550935627,,failed,0,0,,no_usable_pages,known,,,bd6t550935627: no usable pages in manifest.,2026-07-17T17:48:46.129648
lacharente,bd6t55093563n,,failed,0,0,,no_usable_pages,known,,,bd6t55093563n: no usable pages in manifest.,2026-07-17T17:48:46.639757
lacharente,bd6t550935642,,failed,0,0,,no_usable_pages,known,,,bd6t550935642: no usable pages in manifest.,2026-07-17T17:48:47.024779
lacharente,bd6t55093565g,,failed,0,0,,no_usable_pages,known,,,bd6t55093565g: no usable pages in manifest.,2026-07-17T17:48:47.384967
lacharente,bd6t55093566w,,failed,0,0,,no_usable_pages,known,,,bd6t55093566w: no usable pages in manifest.,2026-07-17T17:48:47.784999
lacharente,bd6t550935679,,failed,0,0,,no_usable_pages,known,,,bd6t550935679: no usable pages in manifest.,2026-07-17T17:48:48.020636
lacharente,bd6t55093568q,,failed,0,0,,no_usable_pages,known,,,bd6t55093568q: no usable pages in manifest.,2026-07-17T17:48:48.346745
lacharente,bd6t550935694,,failed,0,0,,no_usable_pages,known,,,bd6t550935694: no usable pages in manifest.,2026-07-17T17:48:48.755147
lacharente,bd6t55093570s,,failed,0,0,,no_usable_pages,known,,,bd6t55093570s: no usable pages in manifest.,2026-07-17T17:48:49.092110
lacharente,bd6t550935716,,failed,0,0,,no_usable_pages,known,,,bd6t550935716: no usable pages in manifest.,2026-07-17T17:48:49.408217
lacharente,bd6t55093572m,,failed,0,0,,no_usable_pages,known,,,bd6t55093572m: no usable pages in manifest.,2026-07-17T17:48:49.689019
lacharente,bd6t550935731,,failed,0,0,,no_usable_pages,known,,,bd6t550935731: no usable pages in manifest.,2026-07-17T17:48:50.177234
lacharente,bd6t55093574f,,failed,0,0,,no_usable_pages,known,,,bd6t55093574f: no usable pages in manifest.,2026-07-17T17:48:50.447537
lacharente,bd6t55093575v,,failed,0,0,,no_usable_pages,known,,,bd6t55093575v: no usable pages in manifest.,2026-07-17T17:48:50.647530
lacharente,bd6t550935768,,failed,0,0,,no_usable_pages,known,,,bd6t550935768: no usable pages in manifest.,2026-07-17T17:48:50.985947
lacharente,bd6t55093577p,,failed,0,0,,no_usable_pages,known,,,bd6t55093577p: no usable pages in manifest.,2026-07-17T17:48:51.308619
lacharente,bd6t550935783,,failed,0,0,,no_usable_pages,known,,,bd6t550935783: no usable pages in manifest.,2026-07-17T17:48:51.693069
lacharente,bd6t55093579h,,failed,0,0,,no_usable_pages,known,,,bd6t55093579h: no usable pages in manifest.,2026-07-17T17:48:51.968143
lacharente,bd6t550935805,,failed,0,0,,no_usable_pages,known,,,bd6t550935805: no usable pages in manifest.,2026-07-17T17:48:52.245323
lacharente,bd6t55093581k,,failed,0,0,,no_usable_pages,known,,,bd6t55093581k: no usable pages in manifest.,2026-07-17T17:48:52.922476
lacharente,bd6t550935820,,failed,0,0,,no_usable_pages,known,,,bd6t550935820: no usable pages in manifest.,2026-07-17T17:48:53.265257
lacharente,bd6t55093583d,,failed,0,0,,no_usable_pages,known,,,bd6t55093583d: no usable pages in manifest.,2026-07-17T17:48:53.601160
lacharente,bd6t55093584t,,failed,0,0,,no_usable_pages,known,,,bd6t55093584t: no usable pages in manifest.,2026-07-17T17:48:54.035735
lacharente,bd6t550935857,,failed,0,0,,no_usable_pages,known,,,bd6t550935857: no usable pages in manifest.,2026-07-17T17:48:54.249460
lacharente,bd6t55093586n,,failed,0,0,,no_usable_pages,known,,,bd6t55093586n: no usable pages in manifest.,2026-07-17T17:48:54.473598
lacharente,bd6t550935872,,failed,0,0,,no_usable_pages,known,,,bd6t550935872: no usable pages in manifest.,2026-07-17T17:48:54.650500
lacharente,bd6t55093588g,,failed,0,0,,no_usable_pages,known,,,bd6t55093588g: no usable pages in manifest.,2026-07-17T17:48:55.132483
lacharente,bd6t55093589w,,failed,0,0,,no_usable_pages,known,,,bd6t55093589w: no usable pages in manifest.,2026-07-17T17:48:55.385150
lacharente,bd6t55093590j,,failed,0,0,,no_usable_pages,known,,,bd6t55093590j: no usable pages in manifest.,2026-07-17T17:48:55.549937
lacharente,bd6t55093591z,,failed,0,0,,no_usable_pages,known,,,bd6t55093591z: no usable pages in manifest.,2026-07-17T17:48:56.400575
lacharente,bd6t55093592c,,failed,0,0,,no_usable_pages,known,,,bd6t55093592c: no usable pages in manifest.,2026-07-17T17:48:56.742325
lacharente,bd6t55093593s,,failed,0,0,,no_usable_pages,known,,,bd6t55093593s: no usable pages in manifest.,2026-07-17T17:48:57.093605
lacharente,bd6t550935946,,failed,0,0,,no_usable_pages,known,,,bd6t550935946: no usable pages in manifest.,2026-07-17T17:48:57.569023
lacharente,bd6t55093595m,,failed,0,0,,no_usable_pages,known,,,bd6t55093595m: no usable pages in manifest.,2026-07-17T17:48:57.720300
lacharente,bd6t550935961,,failed,0,0,,no_usable_pages,known,,,bd6t550935961: no usable pages in manifest.,2026-07-17T17:48:58.112020
lacharente,bd6t55093597f,,failed,0,0,,no_usable_pages,known,,,bd6t55093597f: no usable pages in manifest.,2026-07-17T17:48:58.469096
lacharente,bd6t55093598v,,failed,0,0,,no_usable_pages,known,,,bd6t55093598v: no usable pages in manifest.,2026-07-17T17:48:58.862308
lacharente,bd6t550935998,,failed,0,0,,no_usable_pages,known,,,bd6t550935998: no usable pages in manifest.,2026-07-17T17:48:59.108627
lacharente,bd6t55093600g,,failed,0,0,,no_usable_pages,known,,,bd6t55093600g: no usable pages in manifest.,2026-07-17T17:48:59.366216
lacharente,bd6t55093601w,,failed,0,0,,no_usable_pages,known,,,bd6t55093601w: no usable pages in manifest.,2026-07-17T17:48:59.899819
lacharente,bd6t550936029,,failed,0,0,,no_usable_pages,known,,,bd6t550936029: no usable pages in manifest.,2026-07-17T17:49:00.203075
lacharente,bd6t55093603q,,failed,0,0,,no_usable_pages,known,,,bd6t55093603q: no usable pages in manifest.,2026-07-17T17:49:00.474062
lacharente,bd6t550936044,,failed,0,0,,no_usable_pages,known,,,bd6t550936044: no usable pages in manifest.,2026-07-17T17:49:01.021961
lacharente,bd6t55093605j,,failed,0,0,,no_usable_pages,known,,,bd6t55093605j: no usable pages in manifest.,2026-07-17T17:49:01.363317
lacharente,bd6t55093606z,,failed,0,0,,no_usable_pages,known,,,bd6t55093606z: no usable pages in manifest.,2026-07-17T17:49:01.573773
lacharente,bd6t55093607c,,failed,0,0,,no_usable_pages,known,,,bd6t55093607c: no usable pages in manifest.,2026-07-17T17:49:01.865138
lacharente,bd6t550936133,,failed,0,0,,no_usable_pages,known,,,bd6t550936133: no usable pages in manifest.,2026-07-17T17:49:02.323151
lacharente,bd6t55093608s,,failed,0,0,,no_usable_pages,known,,,bd6t55093608s: no usable pages in manifest.,2026-07-17T17:49:02.693936
lacharente,bd6t550936096,,failed,0,0,,no_usable_pages,known,,,bd6t550936096: no usable pages in manifest.,2026-07-17T17:49:02.926478
lacharente,bd6t55093610v,,failed,0,0,,no_usable_pages,known,,,bd6t55093610v: no usable pages in manifest.,2026-07-17T17:49:03.374968
lacharente,bd6t550936118,,failed,0,0,,no_usable_pages,known,,,bd6t550936118: no usable pages in manifest.,2026-07-17T17:49:03.783640
lacharente,bd6t55093612p,,failed,0,0,,no_usable_pages,known,,,bd6t55093612p: no usable pages in manifest.,2026-07-17T17:49:04.045547
lacharente,bd6t55093614h,,failed,0,0,,no_usable_pages,known,,,bd6t55093614h: no usable pages in manifest.,2026-07-17T17:49:04.263221
lacharente,bd6t55093615x,,failed,0,0,,no_usable_pages,known,,,bd6t55093615x: no usable pages in manifest.,2026-07-17T17:49:04.670249
lacharente,bd6t55093616b,,failed,0,0,,no_usable_pages,known,,,bd6t55093616b: no usable pages in manifest.,2026-07-17T17:49:04.854367
lacharente,bd6t55093617r,,failed,0,0,,no_usable_pages,known,,,bd6t55093617r: no usable pages in manifest.,2026-07-17T17:49:05.006020
lacharente,bd6t550936185,,failed,0,0,,no_usable_pages,known,,,bd6t550936185: no usable pages in manifest.,2026-07-17T17:49:05.379745
lacharente,bd6t55093619k,,failed,0,0,,no_usable_pages,known,,,bd6t55093619k: no usable pages in manifest.,2026-07-17T17:49:05.794417
lacharente,bd6t550936207,,failed,0,0,,no_usable_pages,known,,,bd6t550936207: no usable pages in manifest.,2026-07-17T17:49:06.004865
lacharente,bd6t55093621n,,failed,0,0,,no_usable_pages,known,,,bd6t55093621n: no usable pages in manifest.,2026-07-17T17:49:06.676966
lacharente,bd6t550936222,,failed,0,0,,no_usable_pages,known,,,bd6t550936222: no usable pages in manifest.,2026-07-17T17:49:07.252094
lacharente,bd6t55093623g,,failed,0,0,,no_usable_pages,known,,,bd6t55093623g: no usable pages in manifest.,2026-07-17T17:49:07.489008
lacharente,bd6t55093624w,,failed,0,0,,no_usable_pages,known,,,bd6t55093624w: no usable pages in manifest.,2026-07-17T17:49:07.856446
lacharente,bd6t550936259,,failed,0,0,,no_usable_pages,known,,,bd6t550936259: no usable pages in manifest.,2026-07-17T17:49:08.217336
lacharente,bd6t55093626q,,failed,0,0,,no_usable_pages,known,,,bd6t55093626q: no usable pages in manifest.,2026-07-17T17:49:08.639242
lacharente,bd6t550936274,,failed,0,0,,no_usable_pages,known,,,bd6t550936274: no usable pages in manifest.,2026-07-17T17:49:08.986426
lacharente,bd6t55093628j,,failed,0,0,,no_usable_pages,known,,,bd6t55093628j: no usable pages in manifest.,2026-07-17T17:49:09.558215
lacharente,bd6t55093629z,,failed,0,0,,no_usable_pages,known,,,bd6t55093629z: no usable pages in manifest.,2026-07-17T17:49:09.900703
lacharente,bd6t55093630m,,failed,0,0,,no_usable_pages,known,,,bd6t55093630m: no usable pages in manifest.,2026-07-17T17:49:10.123481
lacharente,bd6t550936311,,failed,0,0,,no_usable_pages,known,,,bd6t550936311: no usable pages in manifest.,2026-07-17T17:49:10.388882
lacharente,bd6t55093632f,,failed,0,0,,no_usable_pages,known,,,bd6t55093632f: no usable pages in manifest.,2026-07-17T17:49:10.811834
lacharente,bd6t55093633v,,failed,0,0,,no_usable_pages,known,,,bd6t55093633v: no usable pages in manifest.,2026-07-17T17:49:11.052547
lacharente,bd6t550936348,,failed,0,0,,no_usable_pages,known,,,bd6t550936348: no usable pages in manifest.,2026-07-17T17:49:11.478741
lacharente,bd6t55093635p,,failed,0,0,,no_usable_pages,known,,,bd6t55093635p: no usable pages in manifest.,2026-07-17T17:49:11.949858
lacharente,bd6t550936363,,failed,0,0,,no_usable_pages,known,,,bd6t550936363: no usable pages in manifest.,2026-07-17T17:49:12.096509
lacharente,bd6t55093637h,,failed,0,0,,no_usable_pages,known,,,bd6t55093637h: no usable pages in manifest.,2026-07-17T17:49:12.307354
lacharente,bd6t55093638x,,failed,0,0,,no_usable_pages,known,,,bd6t55093638x: no usable pages in manifest.,2026-07-17T17:49:12.904534
lacharente,bd6t55093639b,,failed,0,0,,no_usable_pages,known,,,bd6t55093639b: no usable pages in manifest.,2026-07-17T17:49:13.138118
lacharente,bd6t550936400,,failed,0,0,,no_usable_pages,known,,,bd6t550936400: no usable pages in manifest.,2026-07-17T17:49:13.542278
lacharente,bd6t55093641d,,failed,0,0,,no_usable_pages,known,,,bd6t55093641d: no usable pages in manifest.,2026-07-17T17:49:13.796158
lacharente,bd6t55093642t,,failed,0,0,,no_usable_pages,known,,,bd6t55093642t: no usable pages in manifest.,2026-07-17T17:49:14.255303
lacharente,bd6t550936437,,failed,0,0,,no_usable_pages,known,,,bd6t550936437: no usable pages in manifest.,2026-07-17T17:49:14.564737
lacharente,bd6t55093644n,,failed,0,0,,no_usable_pages,known,,,bd6t55093644n: no usable pages in manifest.,2026-07-17T17:49:14.705639
lacharente,bd6t550936452,,failed,0,0,,no_usable_pages,known,,,bd6t550936452: no usable pages in manifest.,2026-07-17T17:49:15.124934
lacharente,bd6t55093646g,,failed,0,0,,no_usable_pages,known,,,bd6t55093646g: no usable pages in manifest.,2026-07-17T17:49:15.380510
lacharente,bd6t55093647w,,failed,0,0,,no_usable_pages,known,,,bd6t55093647w: no usable pages in manifest.,2026-07-17T17:49:15.637619
lacharente,bd6t550936489,,failed,0,0,,no_usable_pages,known,,,bd6t550936489: no usable pages in manifest.,2026-07-17T17:49:15.997140
lacharente,bd6t55093649q,,failed,0,0,,no_usable_pages,known,,,bd6t55093649q: no usable pages in manifest.,2026-07-17T17:49:16.291718
lacharente,bd6t55093650c,,failed,0,0,,no_usable_pages,known,,,bd6t55093650c: no usable pages in manifest.,2026-07-17T17:49:16.774419
lacharente,bd6t55093651s,,failed,0,0,,no_usable_pages,known,,,bd6t55093651s: no usable pages in manifest.,2026-07-17T17:49:17.070123
lacharente,bd6t550936526,,failed,0,0,,no_usable_pages,known,,,bd6t550936526: no usable pages in manifest.,2026-07-17T17:49:17.338104
lacharente,bd6t55093653m,,failed,0,0,,no_usable_pages,known,,,bd6t55093653m: no usable pages in manifest.,2026-07-17T17:49:17.793632
lacharente,bd6t550936541,,failed,0,0,,no_usable_pages,known,,,bd6t550936541: no usable pages in manifest.,2026-07-17T17:49:18.197293
lacharente,bd6t55093655f,,failed,0,0,,no_usable_pages,known,,,bd6t55093655f: no usable pages in manifest.,2026-07-17T17:49:18.573425
lacharente,bd6t55093656v,,failed,0,0,,no_usable_pages,known,,,bd6t55093656v: no usable pages in manifest.,2026-07-17T17:49:19.028638
lacharente,bd6t550936578,,failed,0,0,,no_usable_pages,known,,,bd6t550936578: no usable pages in manifest.,2026-07-17T17:49:19.383742
lacharente,bd6t55093658p,,failed,0,0,,no_usable_pages,known,,,bd6t55093658p: no usable pages in manifest.,2026-07-17T17:49:19.717474
lacharente,bd6t550936593,,failed,0,0,,no_usable_pages,known,,,bd6t550936593: no usable pages in manifest.,2026-07-17T17:49:20.167456
lacharente,bd6t55093660r,,failed,0,0,,no_usable_pages,known,,,bd6t55093660r: no usable pages in manifest.,2026-07-17T17:49:20.622679
lacharente,bd6t550936615,,failed,0,0,,no_usable_pages,known,,,bd6t550936615: no usable pages in manifest.,2026-07-17T17:49:20.992962
lacharente,bd6t55093662k,,failed,0,0,,no_usable_pages,known,,,bd6t55093662k: no usable pages in manifest.,2026-07-17T17:49:21.331276
lacharente,bd6t550936630,,failed,0,0,,no_usable_pages,known,,,bd6t550936630: no usable pages in manifest.,2026-07-17T17:49:21.825016
lacharente,bd6t55093664d,,failed,0,0,,no_usable_pages,known,,,bd6t55093664d: no usable pages in manifest.,2026-07-17T17:49:22.014515
lacharente,bd6t55093665t,,failed,0,0,,no_usable_pages,known,,,bd6t55093665t: no usable pages in manifest.,2026-07-17T17:49:22.199533
lacharente,bd6t550936667,,failed,0,0,,no_usable_pages,known,,,bd6t550936667: no usable pages in manifest.,2026-07-17T17:49:22.828305
lacharente,bd6t55093667n,,failed,0,0,,no_usable_pages,known,,,bd6t55093667n: no usable pages in manifest.,2026-07-17T17:49:23.030828
lacharente,bd6t550936682,,failed,0,0,,no_usable_pages,known,,,bd6t550936682: no usable pages in manifest.,2026-07-17T17:49:23.202857
lacharente,bd6t55093669g,,failed,0,0,,no_usable_pages,known,,,bd6t55093669g: no usable pages in manifest.,2026-07-17T17:49:23.719018
lacharente,bd6t550936704,,failed,0,0,,no_usable_pages,known,,,bd6t550936704: no usable pages in manifest.,2026-07-17T17:49:23.930145
lacharente,bd6t55093671j,,failed,0,0,,no_usable_pages,known,,,bd6t55093671j: no usable pages in manifest.,2026-07-17T17:49:24.258065
lacharente,bd6t55093672z,,failed,0,0,,no_usable_pages,known,,,bd6t55093672z: no usable pages in manifest.,2026-07-17T17:49:24.493381
lacharente,bd6t55093673c,,failed,0,0,,no_usable_pages,known,,,bd6t55093673c: no usable pages in manifest.,2026-07-17T17:49:24.799229
lacharente,bd6t55093674s,,failed,0,0,,no_usable_pages,known,,,bd6t55093674s: no usable pages in manifest.,2026-07-17T17:49:25.200745
lacharente,bd6t550936756,,failed,0,0,,no_usable_pages,known,,,bd6t550936756: no usable pages in manifest.,2026-07-17T17:49:25.540150
lacharente,bd6t55093676m,,failed,0,0,,no_usable_pages,known,,,bd6t55093676m: no usable pages in manifest.,2026-07-17T17:49:25.795475
lacharente,bd6t550936771,,failed,0,0,,no_usable_pages,known,,,bd6t550936771: no usable pages in manifest.,2026-07-17T17:49:26.149691
lacharente,bd6t55093678f,,failed,0,0,,no_usable_pages,known,,,bd6t55093678f: no usable pages in manifest.,2026-07-17T17:49:26.697148
lacharente,bd6t55093679v,,failed,0,0,,no_usable_pages,known,,,bd6t55093679v: no usable pages in manifest.,2026-07-17T17:49:27.041921
lacharente,bd6t55093680h,,failed,0,0,,no_usable_pages,known,,,bd6t55093680h: no usable pages in manifest.,2026-07-17T17:49:27.435143
lacharente,bd6t55093681x,,failed,0,0,,no_usable_pages,known,,,bd6t55093681x: no usable pages in manifest.,2026-07-17T17:49:27.771298
lacharente,bd6t55093682b,,failed,0,0,,no_usable_pages,known,,,bd6t55093682b: no usable pages in manifest.,2026-07-17T17:49:28.229493
lacharente,bd6t55093683r,,failed,0,0,,no_usable_pages,known,,,bd6t55093683r: no usable pages in manifest.,2026-07-17T17:49:28.548449
lacharente,bd6t550936845,,failed,0,0,,no_usable_pages,known,,,bd6t550936845: no usable pages in manifest.,2026-07-17T17:49:28.757326
lacharente,bd6t55093685k,,failed,0,0,,no_usable_pages,known,,,bd6t55093685k: no usable pages in manifest.,2026-07-17T17:49:29.102742
lacharente,bd6t550936860,,failed,0,0,,no_usable_pages,known,,,bd6t550936860: no usable pages in manifest.,2026-07-17T17:49:29.543282
lacharente,bd6t55093687d,,failed,0,0,,no_usable_pages,known,,,bd6t55093687d: no usable pages in manifest.,2026-07-17T17:49:29.793809
lacharente,bd6t55093688t,,failed,0,0,,no_usable_pages,known,,,bd6t55093688t: no usable pages in manifest.,2026-07-17T17:49:30.151570
lacharente,bd6t550936897,,failed,0,0,,no_usable_pages,known,,,bd6t550936897: no usable pages in manifest.,2026-07-17T17:49:30.488613
lacharente,bd6t55093690w,,failed,0,0,,no_usable_pages,known,,,bd6t55093690w: no usable pages in manifest.,2026-07-17T17:49:30.946684
lacharente,bd6t550936919,,failed,0,0,,no_usable_pages,known,,,bd6t550936919: no usable pages in manifest.,2026-07-17T17:49:31.183516
lacharente,bd6t55093692q,,failed,0,0,,no_usable_pages,known,,,bd6t55093692q: no usable pages in manifest.,2026-07-17T17:49:31.393681
lacharente,bd6t550936934,,failed,0,0,,no_usable_pages,known,,,bd6t550936934: no usable pages in manifest.,2026-07-17T17:49:31.601379
lacharente,bd6t55093694j,,failed,0,0,,no_usable_pages,known,,,bd6t55093694j: no usable pages in manifest.,2026-07-17T17:49:32.196837
lacharente,bd6t55093695z,,failed,0,0,,no_usable_pages,known,,,bd6t55093695z: no usable pages in manifest.,2026-07-17T17:49:32.602346
lacharente,bd6t55093696c,,failed,0,0,,no_usable_pages,known,,,bd6t55093696c: no usable pages in manifest.,2026-07-17T17:49:33.068214
lacharente,bd6t55093697s,,failed,0,0,,no_usable_pages,known,,,bd6t55093697s: no usable pages in manifest.,2026-07-17T17:49:33.338914
lacharente,bd6t550936986,,failed,0,0,,no_usable_pages,known,,,bd6t550936986: no usable pages in manifest.,2026-07-17T17:49:33.674762
lacharente,bd6t55093699m,,failed,0,0,,no_usable_pages,known,,,bd6t55093699m: no usable pages in manifest.,2026-07-17T17:49:34.205768
lacharente,bd6t55093700t,,failed,0,0,,no_usable_pages,known,,,bd6t55093700t: no usable pages in manifest.,2026-07-17T17:49:34.530717
lacharente,bd6t550937017,,failed,0,0,,no_usable_pages,known,,,bd6t550937017: no usable pages in manifest.,2026-07-17T17:49:34.774279
lacharente,bd6t55093702n,,failed,0,0,,no_usable_pages,known,,,bd6t55093702n: no usable pages in manifest.,2026-07-17T17:49:35.037219
lacharente,bd6t550937032,,failed,0,0,,no_usable_pages,known,,,bd6t550937032: no usable pages in manifest.,2026-07-17T17:49:35.438673
lacharente,bd6t55093704g,,failed,0,0,,no_usable_pages,known,,,bd6t55093704g: no usable pages in manifest.,2026-07-17T17:49:35.668268
lacharente,bd6t55093705w,,failed,0,0,,no_usable_pages,known,,,bd6t55093705w: no usable pages in manifest.,2026-07-17T17:49:36.047303
lacharente,bd6t550937069,,failed,0,0,,no_usable_pages,known,,,bd6t550937069: no usable pages in manifest.,2026-07-17T17:49:36.254158
lacharente,bd6t55093707q,,failed,0,0,,no_usable_pages,known,,,bd6t55093707q: no usable pages in manifest.,2026-07-17T17:49:36.790217
lacharente,bd6t550937084,,failed,0,0,,no_usable_pages,known,,,bd6t550937084: no usable pages in manifest.,2026-07-17T17:49:37.119260
lacharente,bd6t55093709j,,failed,0,0,,no_usable_pages,known,,,bd6t55093709j: no usable pages in manifest.,2026-07-17T17:49:37.661738
lacharente,bd6t550937106,,failed,0,0,,no_usable_pages,known,,,bd6t550937106: no usable pages in manifest.,2026-07-17T17:49:38.326331
lacharente,bd6t55093711m,,failed,0,0,,no_usable_pages,known,,,bd6t55093711m: no usable pages in manifest.,2026-07-17T17:49:38.456551
lacharente,bd6t550937121,,failed,0,0,,no_usable_pages,known,,,bd6t550937121: no usable pages in manifest.,2026-07-17T17:49:38.826430
lacharente,bd6t55093713f,,failed,0,0,,no_usable_pages,known,,,bd6t55093713f: no usable pages in manifest.,2026-07-17T17:49:39.180815
lacharente,bd6t55093714v,,failed,0,0,,no_usable_pages,known,,,bd6t55093714v: no usable pages in manifest.,2026-07-17T17:49:39.486198
lacharente,bd6t550937158,,failed,0,0,,no_usable_pages,known,,,bd6t550937158: no usable pages in manifest.,2026-07-17T17:49:39.871815
lacharente,bd6t55093716p,,failed,0,0,,no_usable_pages,known,,,bd6t55093716p: no usable pages in manifest.,2026-07-17T17:49:40.200161
lacharente,bd6t550937173,,failed,0,0,,no_usable_pages,known,,,bd6t550937173: no usable pages in manifest.,2026-07-17T17:49:40.687206
lacharente,bd6t55093718h,,failed,0,0,,no_usable_pages,known,,,bd6t55093718h: no usable pages in manifest.,2026-07-17T17:49:40.950311
lacharente,bd6t55093719x,,failed,0,0,,no_usable_pages,known,,,bd6t55093719x: no usable pages in manifest.,2026-07-17T17:49:41.199919
lacharente,bd6t55093720k,,failed,0,0,,no_usable_pages,known,,,bd6t55093720k: no usable pages in manifest.,2026-07-17T17:49:41.678927
lacharente,bd6t550937210,,failed,0,0,,no_usable_pages,known,,,bd6t550937210: no usable pages in manifest.,2026-07-17T17:49:42.008024
lacharente,bd6t55093722d,,failed,0,0,,no_usable_pages,known,,,bd6t55093722d: no usable pages in manifest.,2026-07-17T17:49:42.308112
lacharente,bd6t55093723t,,failed,0,0,,no_usable_pages,known,,,bd6t55093723t: no usable pages in manifest.,2026-07-17T17:49:42.755364
lacharente,bd6t550937247,,failed,0,0,,no_usable_pages,known,,,bd6t550937247: no usable pages in manifest.,2026-07-17T17:49:43.103571
lacharente,bd6t55093725n,,failed,0,0,,no_usable_pages,known,,,bd6t55093725n: no usable pages in manifest.,2026-07-17T17:49:43.492879
lacharente,bd6t550937262,,failed,0,0,,no_usable_pages,known,,,bd6t550937262: no usable pages in manifest.,2026-07-17T17:49:43.841822
lacharente,bd6t55093727g,,failed,0,0,,no_usable_pages,known,,,bd6t55093727g: no usable pages in manifest.,2026-07-17T17:49:44.549473
lacharente,bd6t55093728w,,failed,0,0,,no_usable_pages,known,,,bd6t55093728w: no usable pages in manifest.,2026-07-17T17:49:44.789038
lacharente,bd6t550937299,,failed,0,0,,no_usable_pages,known,,,bd6t550937299: no usable pages in manifest.,2026-07-17T17:49:45.072347
lacharente,bd6t55093730z,,failed,0,0,,no_usable_pages,known,,,bd6t55093730z: no usable pages in manifest.,2026-07-17T17:49:45.495741
lacharente,bd6t55093731c,,failed,0,0,,no_usable_pages,known,,,bd6t55093731c: no usable pages in manifest.,2026-07-17T17:49:45.992319
lacharente,bd6t55093732s,,failed,0,0,,no_usable_pages,known,,,bd6t55093732s: no usable pages in manifest.,2026-07-17T17:49:46.097258
lacharente,bd6t550937336,,failed,0,0,,no_usable_pages,known,,,bd6t550937336: no usable pages in manifest.,2026-07-17T17:49:46.240590
lacharente,bd6t55093734m,,failed,0,0,,no_usable_pages,known,,,bd6t55093734m: no usable pages in manifest.,2026-07-17T17:49:46.407145
lacharente,bd6t550937351,,failed,0,0,,no_usable_pages,known,,,bd6t550937351: no usable pages in manifest.,2026-07-17T17:49:46.805610
lacharente,bd6t55093736f,,failed,0,0,,no_usable_pages,known,,,bd6t55093736f: no usable pages in manifest.,2026-07-17T17:49:47.314399
lacharente,bd6t55093737v,,failed,0,0,,no_usable_pages,known,,,bd6t55093737v: no usable pages in manifest.,2026-07-17T17:49:47.827680
lacharente,bd6t550937388,,failed,0,0,,no_usable_pages,known,,,bd6t550937388: no usable pages in manifest.,2026-07-17T17:49:48.402059
lacharente,bd6t55093739p,,failed,0,0,,no_usable_pages,known,,,bd6t55093739p: no usable pages in manifest.,2026-07-17T17:49:48.726771
lacharente,bd6t55093740b,,failed,0,0,,no_usable_pages,known,,,bd6t55093740b: no usable pages in manifest.,2026-07-17T17:49:49.036407
lacharente,bd6t55093741r,,failed,0,0,,no_usable_pages,known,,,bd6t55093741r: no usable pages in manifest.,2026-07-17T17:49:49.553377
lacharente,bd6t550937425,,failed,0,0,,no_usable_pages,known,,,bd6t550937425: no usable pages in manifest.,2026-07-17T17:49:49.835026
lacharente,bd6t55093743k,,failed,0,0,,no_usable_pages,known,,,bd6t55093743k: no usable pages in manifest.,2026-07-17T17:49:50.007585
lacharente,bd6t550937440,,failed,0,0,,no_usable_pages,known,,,bd6t550937440: no usable pages in manifest.,2026-07-17T17:49:50.249529
lacharente,bd6t55093745d,,failed,0,0,,no_usable_pages,known,,,bd6t55093745d: no usable pages in manifest.,2026-07-17T17:49:50.710809
lacharente,bd6t55093746t,,failed,0,0,,no_usable_pages,known,,,bd6t55093746t: no usable pages in manifest.,2026-07-17T17:49:50.960994
lacharente,bd6t550937477,,failed,0,0,,no_usable_pages,known,,,bd6t550937477: no usable pages in manifest.,2026-07-17T17:49:51.224154
lacharente,bd6t55093748n,,failed,0,0,,no_usable_pages,known,,,bd6t55093748n: no usable pages in manifest.,2026-07-17T17:49:51.546418
lacharente,bd6t550937492,,failed,0,0,,no_usable_pages,known,,,bd6t550937492: no usable pages in manifest.,2026-07-17T17:49:52.010378
lacharente,bd6t55093750q,,failed,0,0,,no_usable_pages,known,,,bd6t55093750q: no usable pages in manifest.,2026-07-17T17:49:52.471556
lacharente,bd6t550937514,,failed,0,0,,no_usable_pages,known,,,bd6t550937514: no usable pages in manifest.,2026-07-17T17:49:52.803581
lacharente,bd6t55093752j,,failed,0,0,,no_usable_pages,known,,,bd6t55093752j: no usable pages in manifest.,2026-07-17T17:49:53.365363
lacharente,bd6t55093753z,,failed,0,0,,no_usable_pages,known,,,bd6t55093753z: no usable pages in manifest.,2026-07-17T17:49:53.545450
lacharente,bd6t55093754c,,failed,0,0,,no_usable_pages,known,,,bd6t55093754c: no usable pages in manifest.,2026-07-17T17:49:53.732158
lacharente,bd6t55093755s,,failed,0,0,,no_usable_pages,known,,,bd6t55093755s: no usable pages in manifest.,2026-07-17T17:49:54.128701
lacharente,bd6t550937566,,failed,0,0,,no_usable_pages,known,,,bd6t550937566: no usable pages in manifest.,2026-07-17T17:49:54.362838
lacharente,bd6t55093757m,,failed,0,0,,no_usable_pages,known,,,bd6t55093757m: no usable pages in manifest.,2026-07-17T17:49:54.671601
lacharente,bd6t550937581,,failed,0,0,,no_usable_pages,known,,,bd6t550937581: no usable pages in manifest.,2026-07-17T17:49:55.067890
lacharente,bd6t55093759f,,failed,0,0,,no_usable_pages,known,,,bd6t55093759f: no usable pages in manifest.,2026-07-17T17:49:55.591587
lacharente,bd6t550937603,,failed,0,0,,no_usable_pages,known,,,bd6t550937603: no usable pages in manifest.,2026-07-17T17:49:55.916146
lacharente,bd6t55093761h,,failed,0,0,,no_usable_pages,known,,,bd6t55093761h: no usable pages in manifest.,2026-07-17T17:49:56.104960
lacharente,bd6t55093762x,,failed,0,0,,no_usable_pages,known,,,bd6t55093762x: no usable pages in manifest.,2026-07-17T17:49:56.428944
lacharente,bd6t55093763b,,failed,0,0,,no_usable_pages,known,,,bd6t55093763b: no usable pages in manifest.,2026-07-17T17:49:57.220779
lacharente,bd6t55093764r,,failed,0,0,,no_usable_pages,known,,,bd6t55093764r: no usable pages in manifest.,2026-07-17T17:49:57.616916
lacharente,bd6t550937655,,failed,0,0,,no_usable_pages,known,,,bd6t550937655: no usable pages in manifest.,2026-07-17T17:49:57.976273
lacharente,bd6t55093766k,,failed,0,0,,no_usable_pages,known,,,bd6t55093766k: no usable pages in manifest.,2026-07-17T17:49:58.254653
lacharente,bd6t550937670,,failed,0,0,,no_usable_pages,known,,,bd6t550937670: no usable pages in manifest.,2026-07-17T17:49:58.462286
lacharente,bd6t55093768d,,failed,0,0,,no_usable_pages,known,,,bd6t55093768d: no usable pages in manifest.,2026-07-17T17:49:59.076311
lacharente,bd6t55093769t,,failed,0,0,,no_usable_pages,known,,,bd6t55093769t: no usable pages in manifest.,2026-07-17T17:49:59.383211
lacharente,bd6t55093770g,,failed,0,0,,no_usable_pages,known,,,bd6t55093770g: no usable pages in manifest.,2026-07-17T17:49:59.614989
lacharente,bd6t55093771w,,failed,0,0,,no_usable_pages,known,,,bd6t55093771w: no usable pages in manifest.,2026-07-17T17:49:59.898967
lacharente,bd6t550937729,,failed,0,0,,no_usable_pages,known,,,bd6t550937729: no usable pages in manifest.,2026-07-17T17:50:00.498031
lacharente,bd6t55093773q,,failed,0,0,,no_usable_pages,known,,,bd6t55093773q: no usable pages in manifest.,2026-07-17T17:50:00.692133
lacharente,bd6t550937744,,failed,0,0,,no_usable_pages,known,,,bd6t550937744: no usable pages in manifest.,2026-07-17T17:50:00.975577
lacharente,bd6t55093775j,,failed,0,0,,no_usable_pages,known,,,bd6t55093775j: no usable pages in manifest.,2026-07-17T17:50:01.612335
lacharente,bd6t55093776z,,failed,0,0,,no_usable_pages,known,,,bd6t55093776z: no usable pages in manifest.,2026-07-17T17:50:01.817870
lacharente,bd6t55093777c,,failed,0,0,,no_usable_pages,known,,,bd6t55093777c: no usable pages in manifest.,2026-07-17T17:50:02.142323
lacharente,bd6t55093778s,,failed,0,0,,no_usable_pages,known,,,bd6t55093778s: no usable pages in manifest.,2026-07-17T17:50:02.750586
lacharente,bd6t550937796,,failed,0,0,,no_usable_pages,known,,,bd6t550937796: no usable pages in manifest.,2026-07-17T17:50:03.015438
lacharente,bd6t55093780v,,failed,0,0,,no_usable_pages,known,,,bd6t55093780v: no usable pages in manifest.,2026-07-17T17:50:03.193620
lacharente,bd6t550937818,,failed,0,0,,no_usable_pages,known,,,bd6t550937818: no usable pages in manifest.,2026-07-17T17:50:03.467287
lacharente,bd6t55093782p,,failed,0,0,,no_usable_pages,known,,,bd6t55093782p: no usable pages in manifest.,2026-07-17T17:50:04.014458
lacharente,bd6t550937833,,failed,0,0,,no_usable_pages,known,,,bd6t550937833: no usable pages in manifest.,2026-07-17T17:50:04.256124
lacharente,bd6t55093784h,,failed,0,0,,no_usable_pages,known,,,bd6t55093784h: no usable pages in manifest.,2026-07-17T17:50:04.577276
lacharente,bd6t55093785x,,failed,0,0,,no_usable_pages,known,,,bd6t55093785x: no usable pages in manifest.,2026-07-17T17:50:04.980161
lacharente,bd6t55093786b,,failed,0,0,,no_usable_pages,known,,,bd6t55093786b: no usable pages in manifest.,2026-07-17T17:50:05.195676
lacharente,bd6t55093787r,,failed,0,0,,no_usable_pages,known,,,bd6t55093787r: no usable pages in manifest.,2026-07-17T17:50:05.515587
lacharente,bd6t550937885,,failed,0,0,,no_usable_pages,known,,,bd6t550937885: no usable pages in manifest.,2026-07-17T17:50:05.731695
lacharente,bd6t55093789k,,failed,0,0,,no_usable_pages,known,,,bd6t55093789k: no usable pages in manifest.,2026-07-17T17:50:06.256296
lacharente,bd6t550937907,,failed,0,0,,no_usable_pages,known,,,bd6t550937907: no usable pages in manifest.,2026-07-17T17:50:06.409069
lacharente,bd6t55093791n,,failed,0,0,,no_usable_pages,known,,,bd6t55093791n: no usable pages in manifest.,2026-07-17T17:50:06.768713
lacharente,bd6t550937922,,failed,0,0,,no_usable_pages,known,,,bd6t550937922: no usable pages in manifest.,2026-07-17T17:50:07.070854
lacharente,bd6t55093793g,,failed,0,0,,no_usable_pages,known,,,bd6t55093793g: no usable pages in manifest.,2026-07-17T17:50:07.557585
lacharente,bd6t55093794w,,failed,0,0,,no_usable_pages,known,,,bd6t55093794w: no usable pages in manifest.,2026-07-17T17:50:07.882005
lacharente,bd6t550937959,,failed,0,0,,no_usable_pages,known,,,bd6t550937959: no usable pages in manifest.,2026-07-17T17:50:08.144322
lacharente,bd6t55093796q,,failed,0,0,,no_usable_pages,known,,,bd6t55093796q: no usable pages in manifest.,2026-07-17T17:50:08.676388
lacharente,bd6t550937974,,failed,0,0,,no_usable_pages,known,,,bd6t550937974: no usable pages in manifest.,2026-07-17T17:50:08.869084
lacharente,bd6t55093798j,,failed,0,0,,no_usable_pages,known,,,bd6t55093798j: no usable pages in manifest.,2026-07-17T17:50:09.022133
lacharente,bd6t55093799z,,failed,0,0,,no_usable_pages,known,,,bd6t55093799z: no usable pages in manifest.,2026-07-17T17:50:09.525281
lacharente,bd6t550938005,,failed,0,0,,no_usable_pages,known,,,bd6t550938005: no usable pages in manifest.,2026-07-17T17:50:09.915959
lacharente,bd6t55093801k,,failed,0,0,,no_usable_pages,known,,,bd6t55093801k: no usable pages in manifest.,2026-07-17T17:50:10.297033
lacharente,bd6t550938020,,failed,0,0,,no_usable_pages,known,,,bd6t550938020: no usable pages in manifest.,2026-07-17T17:50:10.669631
lacharente,bd6t55093803d,,failed,0,0,,no_usable_pages,known,,,bd6t55093803d: no usable pages in manifest.,2026-07-17T17:50:11.004277
lacharente,bd6t55093804t,,failed,0,0,,no_usable_pages,known,,,bd6t55093804t: no usable pages in manifest.,2026-07-17T17:50:11.272343
lacharente,bd6t550938057,,failed,0,0,,no_usable_pages,known,,,bd6t550938057: no usable pages in manifest.,2026-07-17T17:50:11.757214
lacharente,bd6t55093806n,,failed,0,0,,no_usable_pages,known,,,bd6t55093806n: no usable pages in manifest.,2026-07-17T17:50:12.148592
lacharente,bd6t550938072,,failed,0,0,,no_usable_pages,known,,,bd6t550938072: no usable pages in manifest.,2026-07-17T17:50:12.393611
lacharente,bd6t55093808g,,failed,0,0,,no_usable_pages,known,,,bd6t55093808g: no usable pages in manifest.,2026-07-17T17:50:12.675153
lacharente,bd6t55093809w,,failed,0,0,,no_usable_pages,known,,,bd6t55093809w: no usable pages in manifest.,2026-07-17T17:50:13.029693
lacharente,bd6t55093810j,,failed,0,0,,no_usable_pages,known,,,bd6t55093810j: no usable pages in manifest.,2026-07-17T17:50:13.550080
lacharente,bd6t55093811z,,failed,0,0,,no_usable_pages,known,,,bd6t55093811z: no usable pages in manifest.,2026-07-17T17:50:13.737910
lacharente,bd6t55093812c,,failed,0,0,,no_usable_pages,known,,,bd6t55093812c: no usable pages in manifest.,2026-07-17T17:50:14.034574
lacharente,bd6t55093813s,,failed,0,0,,no_usable_pages,known,,,bd6t55093813s: no usable pages in manifest.,2026-07-17T17:50:14.893461
lacharente,bd6t550938146,,failed,0,0,,no_usable_pages,known,,,bd6t550938146: no usable pages in manifest.,2026-07-17T17:50:15.313996
lacharente,bd6t55093815m,,failed,0,0,,no_usable_pages,known,,,bd6t55093815m: no usable pages in manifest.,2026-07-17T17:50:15.524207
lacharente,bd6t550938161,,failed,0,0,,no_usable_pages,known,,,bd6t550938161: no usable pages in manifest.,2026-07-17T17:50:15.903989
lacharente,bd6t55093817f,,failed,0,0,,no_usable_pages,known,,,bd6t55093817f: no usable pages in manifest.,2026-07-17T17:50:16.295055
lacharente,bd6t55093818v,,failed,0,0,,no_usable_pages,known,,,bd6t55093818v: no usable pages in manifest.,2026-07-17T17:50:16.526740
lacharente,bd6t550938198,,failed,0,0,,no_usable_pages,known,,,bd6t550938198: no usable pages in manifest.,2026-07-17T17:50:16.845593
lacharente,bd6t55093820x,,failed,0,0,,no_usable_pages,known,,,bd6t55093820x: no usable pages in manifest.,2026-07-17T17:50:17.259646
lacharente,bd6t55093821b,,failed,0,0,,no_usable_pages,known,,,bd6t55093821b: no usable pages in manifest.,2026-07-17T17:50:17.931281
lacharente,bd6t55093822r,,failed,0,0,,no_usable_pages,known,,,bd6t55093822r: no usable pages in manifest.,2026-07-17T17:50:18.069507
lacharente,bd6t550938235,,failed,0,0,,no_usable_pages,known,,,bd6t550938235: no usable pages in manifest.,2026-07-17T17:50:18.409162
lacharente,bd6t55093824k,,failed,0,0,,no_usable_pages,known,,,bd6t55093824k: no usable pages in manifest.,2026-07-17T17:50:18.898903
lacharente,bd6t550938250,,failed,0,0,,no_usable_pages,known,,,bd6t550938250: no usable pages in manifest.,2026-07-17T17:50:19.209065
lacharente,bd6t55093826d,,failed,0,0,,no_usable_pages,known,,,bd6t55093826d: no usable pages in manifest.,2026-07-17T17:50:19.514311
lacharente,bd6t55093827t,,failed,0,0,,no_usable_pages,known,,,bd6t55093827t: no usable pages in manifest.,2026-07-17T17:50:20.048679
lacharente,bd6t550938287,,failed,0,0,,no_usable_pages,known,,,bd6t550938287: no usable pages in manifest.,2026-07-17T17:50:20.423365
lacharente,bd6t55093829n,,failed,0,0,,no_usable_pages,known,,,bd6t55093829n: no usable pages in manifest.,2026-07-17T17:50:20.742581
lacharente,bd6t550938309,,failed,0,0,,no_usable_pages,known,,,bd6t550938309: no usable pages in manifest.,2026-07-17T17:50:21.166495
lacharente,bd6t55093831q,,failed,0,0,,no_usable_pages,known,,,bd6t55093831q: no usable pages in manifest.,2026-07-17T17:50:21.435632
lacharente,bd6t550938324,,failed,0,0,,no_usable_pages,known,,,bd6t550938324: no usable pages in manifest.,2026-07-17T17:50:21.562698
lacharente,bd6t55093833j,,failed,0,0,,no_usable_pages,known,,,bd6t55093833j: no usable pages in manifest.,2026-07-17T17:50:22.283693
lacharente,bd6t55093834z,,failed,0,0,,no_usable_pages,known,,,bd6t55093834z: no usable pages in manifest.,2026-07-17T17:50:22.573555
lacharente,bd6t55093835c,,failed,0,0,,no_usable_pages,known,,,bd6t55093835c: no usable pages in manifest.,2026-07-17T17:50:22.807897
lacharente,bd6t55093836s,,failed,0,0,,no_usable_pages,known,,,bd6t55093836s: no usable pages in manifest.,2026-07-17T17:50:23.097494
lacharente,bd6t550938376,,failed,0,0,,no_usable_pages,known,,,bd6t550938376: no usable pages in manifest.,2026-07-17T17:50:23.482130
lacharente,bd6t55093838m,,failed,0,0,,no_usable_pages,known,,,bd6t55093838m: no usable pages in manifest.,2026-07-17T17:50:23.974982
lacharente,bd6t550938391,,failed,0,0,,no_usable_pages,known,,,bd6t550938391: no usable pages in manifest.,2026-07-17T17:50:24.134700
lacharente,bd6t55093840p,,failed,0,0,,no_usable_pages,known,,,bd6t55093840p: no usable pages in manifest.,2026-07-17T17:50:24.597799
lacharente,bd6t550938413,,failed,0,0,,no_usable_pages,known,,,bd6t550938413: no usable pages in manifest.,2026-07-17T17:50:24.954410
lacharente,bd6t55093842h,,failed,0,0,,no_usable_pages,known,,,bd6t55093842h: no usable pages in manifest.,2026-07-17T17:50:25.463370
lacharente,bd6t55093843x,,failed,0,0,,no_usable_pages,known,,,bd6t55093843x: no usable pages in manifest.,2026-07-17T17:50:25.627447
lacharente,bd6t55093844b,,failed,0,0,,no_usable_pages,known,,,bd6t55093844b: no usable pages in manifest.,2026-07-17T17:50:25.846873
lacharente,bd6t55093845r,,failed,0,0,,no_usable_pages,known,,,bd6t55093845r: no usable pages in manifest.,2026-07-17T17:50:26.554615
lacharente,bd6t550938465,,failed,0,0,,no_usable_pages,known,,,bd6t550938465: no usable pages in manifest.,2026-07-17T17:50:28.580601
lacharente,bd6t55093847k,,failed,0,0,,no_usable_pages,known,,,bd6t55093847k: no usable pages in manifest.,2026-07-17T17:50:29.938672
lacharente,bd6t550938480,,failed,0,0,,no_usable_pages,known,,,bd6t550938480: no usable pages in manifest.,2026-07-17T17:50:30.326085
lacharente,bd6t55093849d,,failed,0,0,,no_usable_pages,known,,,bd6t55093849d: no usable pages in manifest.,2026-07-17T17:50:31.198842
lacharente,bd6t550938502,,failed,0,0,,no_usable_pages,known,,,bd6t550938502: no usable pages in manifest.,2026-07-17T17:50:31.465276
lacharente,bd6t55093851g,,failed,0,0,,no_usable_pages,known,,,bd6t55093851g: no usable pages in manifest.,2026-07-17T17:50:31.849330
lacharente,bd6t55093852w,,failed,0,0,,no_usable_pages,known,,,bd6t55093852w: no usable pages in manifest.,2026-07-17T17:50:32.278833
lacharente,bd6t550938539,,failed,0,0,,no_usable_pages,known,,,bd6t550938539: no usable pages in manifest.,2026-07-17T17:50:32.742872
lacharente,bd6t55093854q,,failed,0,0,,no_usable_pages,known,,,bd6t55093854q: no usable pages in manifest.,2026-07-17T17:50:33.251848
lacharente,bd6t550938554,,failed,0,0,,no_usable_pages,known,,,bd6t550938554: no usable pages in manifest.,2026-07-17T17:50:33.681912
lacharente,bd6t55093856j,,failed,0,0,,no_usable_pages,known,,,bd6t55093856j: no usable pages in manifest.,2026-07-17T17:50:33.997026
lacharente,bd6t55093857z,,failed,0,0,,no_usable_pages,known,,,bd6t55093857z: no usable pages in manifest.,2026-07-17T17:50:34.278844
lacharente,bd6t55093858c,,failed,0,0,,no_usable_pages,known,,,bd6t55093858c: no usable pages in manifest.,2026-07-17T17:50:34.476085
lacharente,bd6t55093859s,,failed,0,0,,no_usable_pages,known,,,bd6t55093859s: no usable pages in manifest.,2026-07-17T17:50:34.823367
lacharente,bd6t55093860f,,failed,0,0,,no_usable_pages,known,,,bd6t55093860f: no usable pages in manifest.,2026-07-17T17:50:35.272015
lacharente,bd6t55093861v,,failed,0,0,,no_usable_pages,known,,,bd6t55093861v: no usable pages in manifest.,2026-07-17T17:50:35.469048
lacharente,bd6t550938628,,failed,0,0,,no_usable_pages,known,,,bd6t550938628: no usable pages in manifest.,2026-07-17T17:50:36.051270
lacharente,bd6t55093863p,,failed,0,0,,no_usable_pages,known,,,bd6t55093863p: no usable pages in manifest.,2026-07-17T17:50:36.440206
lacharente,bd6t550938643,,failed,0,0,,no_usable_pages,known,,,bd6t550938643: no usable pages in manifest.,2026-07-17T17:50:36.687482
lacharente,bd6t55093865h,,failed,0,0,,no_usable_pages,known,,,bd6t55093865h: no usable pages in manifest.,2026-07-17T17:50:37.259240
lacharente,bd6t55093866x,,failed,0,0,,no_usable_pages,known,,,bd6t55093866x: no usable pages in manifest.,2026-07-17T17:50:37.630756
lacharente,bd6t55093867b,,failed,0,0,,no_usable_pages,known,,,bd6t55093867b: no usable pages in manifest.,2026-07-17T17:50:38.113861
lacharente,bd6t55093868r,,failed,0,0,,no_usable_pages,known,,,bd6t55093868r: no usable pages in manifest.,2026-07-17T17:50:38.347750
lacharente,bd6t550938695,,failed,0,0,,no_usable_pages,known,,,bd6t550938695: no usable pages in manifest.,2026-07-17T17:50:38.714006
lacharente,bd6t55093870t,,failed,0,0,,no_usable_pages,known,,,bd6t55093870t: no usable pages in manifest.,2026-07-17T17:50:39.151570
lacharente,bd6t550938717,,failed,0,0,,no_usable_pages,known,,,bd6t550938717: no usable pages in manifest.,2026-07-17T17:50:39.329169
lacharente,bd6t55093872n,,failed,0,0,,no_usable_pages,known,,,bd6t55093872n: no usable pages in manifest.,2026-07-17T17:50:39.643709
lacharente,bd6t550938732,,failed,0,0,,no_usable_pages,known,,,bd6t550938732: no usable pages in manifest.,2026-07-17T17:50:40.352056
lacharente,bd6t55093874g,,failed,0,0,,no_usable_pages,known,,,bd6t55093874g: no usable pages in manifest.,2026-07-17T17:50:40.475311
lacharente,bd6t55093875w,,failed,0,0,,no_usable_pages,known,,,bd6t55093875w: no usable pages in manifest.,2026-07-17T17:50:41.137835
lacharente,bd6t550938769,,failed,0,0,,no_usable_pages,known,,,bd6t550938769: no usable pages in manifest.,2026-07-17T17:50:41.664682
lacharente,bd6t55093877q,,failed,0,0,,no_usable_pages,known,,,bd6t55093877q: no usable pages in manifest.,2026-07-17T17:50:42.220153
lacharente,bd6t550938784,,failed,0,0,,no_usable_pages,known,,,bd6t550938784: no usable pages in manifest.,2026-07-17T17:50:42.405010
lacharente,bd6t55093879j,,failed,0,0,,no_usable_pages,known,,,bd6t55093879j: no usable pages in manifest.,2026-07-17T17:50:43.071603
lacharente,bd6t550938806,,failed,0,0,,no_usable_pages,known,,,bd6t550938806: no usable pages in manifest.,2026-07-17T17:50:43.541696
lacharente,bd6t55093881m,,failed,0,0,,no_usable_pages,known,,,bd6t55093881m: no usable pages in manifest.,2026-07-17T17:50:44.220520
lacharente,bd6t550938821,,failed,0,0,,no_usable_pages,known,,,bd6t550938821: no usable pages in manifest.,2026-07-17T17:50:44.601718
lacharente,bd6t55093883f,,failed,0,0,,no_usable_pages,known,,,bd6t55093883f: no usable pages in manifest.,2026-07-17T17:50:44.919000
lacharente,bd6t55093884v,,failed,0,0,,no_usable_pages,known,,,bd6t55093884v: no usable pages in manifest.,2026-07-17T17:50:45.346108
lacharente,bd6t550938858,,failed,0,0,,no_usable_pages,known,,,bd6t550938858: no usable pages in manifest.,2026-07-17T17:50:45.717820
lacharente,bd6t55093886p,,failed,0,0,,no_usable_pages,known,,,bd6t55093886p: no usable pages in manifest.,2026-07-17T17:50:46.238763
lacharente,bd6t550938873,,failed,0,0,,no_usable_pages,known,,,bd6t550938873: no usable pages in manifest.,2026-07-17T17:50:46.472704
lacharente,bd6t55093888h,,failed,0,0,,no_usable_pages,known,,,bd6t55093888h: no usable pages in manifest.,2026-07-17T17:50:46.793398
lacharente,bd6t55093889x,,failed,0,0,,no_usable_pages,known,,,bd6t55093889x: no usable pages in manifest.,2026-07-17T17:50:47.397726
lacharente,bd6t55093890k,,failed,0,0,,no_usable_pages,known,,,bd6t55093890k: no usable pages in manifest.,2026-07-17T17:50:47.756753
lacharente,bd6t55093892d,,failed,0,0,,no_usable_pages,known,,,bd6t55093892d: no usable pages in manifest.,2026-07-17T17:50:48.068521
lacharente,bd6t55093893t,,failed,0,0,,no_usable_pages,known,,,bd6t55093893t: no usable pages in manifest.,2026-07-17T17:50:48.617673
lacharente,bd6t550938947,,failed,0,0,,no_usable_pages,known,,,bd6t550938947: no usable pages in manifest.,2026-07-17T17:50:49.136848
lacharente,bd6t55093895n,,failed,0,0,,no_usable_pages,known,,,bd6t55093895n: no usable pages in manifest.,2026-07-17T17:50:49.632576
lacharente,bd6t550938962,,failed,0,0,,no_usable_pages,known,,,bd6t550938962: no usable pages in manifest.,2026-07-17T17:50:49.934155
lacharente,bd6t55093897g,,failed,0,0,,no_usable_pages,known,,,bd6t55093897g: no usable pages in manifest.,2026-07-17T17:50:50.258889
lacharente,bd6t55093898w,,failed,0,0,,no_usable_pages,known,,,bd6t55093898w: no usable pages in manifest.,2026-07-17T17:50:50.927669
lacharente,bd6t550938999,,failed,0,0,,no_usable_pages,known,,,bd6t550938999: no usable pages in manifest.,2026-07-17T17:50:51.064656
lacharente,bd6t55093900h,,failed,0,0,,no_usable_pages,known,,,bd6t55093900h: no usable pages in manifest.,2026-07-17T17:50:51.690694
lacharente,bd6t55093901x,,failed,0,0,,no_usable_pages,known,,,bd6t55093901x: no usable pages in manifest.,2026-07-17T17:50:52.453008
lacharente,bd6t55093902b,,failed,0,0,,no_usable_pages,known,,,bd6t55093902b: no usable pages in manifest.,2026-07-17T17:50:52.900209
lacharente,bd6t55093903r,,failed,0,0,,no_usable_pages,known,,,bd6t55093903r: no usable pages in manifest.,2026-07-17T17:50:53.246035
lacharente,bd6t550939045,,failed,0,0,,no_usable_pages,known,,,bd6t550939045: no usable pages in manifest.,2026-07-17T17:50:53.858026
lacharente,bd6t55093905k,,failed,0,0,,no_usable_pages,known,,,bd6t55093905k: no usable pages in manifest.,2026-07-17T17:50:54.177138
lacharente,bd6t550939060,,failed,0,0,,no_usable_pages,known,,,bd6t550939060: no usable pages in manifest.,2026-07-17T17:50:54.495002
lacharente,bd6t55093907d,,failed,0,0,,no_usable_pages,known,,,bd6t55093907d: no usable pages in manifest.,2026-07-17T17:50:54.862360
lacharente,bd6t55093908t,,failed,0,0,,no_usable_pages,known,,,bd6t55093908t: no usable pages in manifest.,2026-07-17T17:50:55.086751
lacharente,bd6t550939097,,failed,0,0,,no_usable_pages,known,,,bd6t550939097: no usable pages in manifest.,2026-07-17T17:50:55.353296
lacharente,bd6t55093910w,,failed,0,0,,no_usable_pages,known,,,bd6t55093910w: no usable pages in manifest.,2026-07-17T17:50:55.685927
lacharente,bd6t550939119,,failed,0,0,,no_usable_pages,known,,,bd6t550939119: no usable pages in manifest.,2026-07-17T17:50:56.157463
lacharente,bd6t55093912q,,failed,0,0,,no_usable_pages,known,,,bd6t55093912q: no usable pages in manifest.,2026-07-17T17:50:56.797407
lacharente,bd6t550939134,,failed,0,0,,no_usable_pages,known,,,bd6t550939134: no usable pages in manifest.,2026-07-17T17:50:57.183124
lacharente,bd6t55093914j,,failed,0,0,,no_usable_pages,known,,,bd6t55093914j: no usable pages in manifest.,2026-07-17T17:50:57.565857
lacharente,bd6t55093915z,,failed,0,0,,no_usable_pages,known,,,bd6t55093915z: no usable pages in manifest.,2026-07-17T17:50:58.151094
lacharente,bd6t55093916c,,failed,0,0,,no_usable_pages,known,,,bd6t55093916c: no usable pages in manifest.,2026-07-17T17:50:58.474125
lacharente,bd6t55093917s,,failed,0,0,,no_usable_pages,known,,,bd6t55093917s: no usable pages in manifest.,2026-07-17T17:50:59.186324
lacharente,bd6t550939186,,failed,0,0,,no_usable_pages,known,,,bd6t550939186: no usable pages in manifest.,2026-07-17T17:50:59.436045
lacharente,bd6t55093919m,,failed,0,0,,no_usable_pages,known,,,bd6t55093919m: no usable pages in manifest.,2026-07-17T17:50:59.935306
lacharente,bd6t550939208,,failed,0,0,,no_usable_pages,known,,,bd6t550939208: no usable pages in manifest.,2026-07-17T17:51:00.647488
lacharente,bd6t55093921p,,failed,0,0,,no_usable_pages,known,,,bd6t55093921p: no usable pages in manifest.,2026-07-17T17:51:00.918491
lacharente,bd6t550939527,,failed,0,0,,no_usable_pages,known,,,bd6t550939527: no usable pages in manifest.,2026-07-17T17:51:01.118668
lacharente,bd6t55093923h,,failed,0,0,,no_usable_pages,known,,,bd6t55093923h: no usable pages in manifest.,2026-07-17T17:51:01.678036
lacharente,bd6t55093924x,,failed,0,0,,no_usable_pages,known,,,bd6t55093924x: no usable pages in manifest.,2026-07-17T17:51:02.085672
lacharente,bd6t55093925b,,failed,0,0,,no_usable_pages,known,,,bd6t55093925b: no usable pages in manifest.,2026-07-17T17:51:02.400635
lacharente,bd6t55093926r,,failed,0,0,,no_usable_pages,known,,,bd6t55093926r: no usable pages in manifest.,2026-07-17T17:51:03.078121
lacharente,bd6t550939275,,failed,0,0,,no_usable_pages,known,,,bd6t550939275: no usable pages in manifest.,2026-07-17T17:51:03.336739
lacharente,bd6t55093928k,,failed,0,0,,no_usable_pages,known,,,bd6t55093928k: no usable pages in manifest.,2026-07-17T17:51:03.746499
lacharente,bd6t550939290,,failed,0,0,,no_usable_pages,known,,,bd6t550939290: no usable pages in manifest.,2026-07-17T17:51:04.240847
lacharente,bd6t55093930n,,failed,0,0,,no_usable_pages,known,,,bd6t55093930n: no usable pages in manifest.,2026-07-17T17:51:04.548692
lacharente,bd6t550939312,,failed,0,0,,no_usable_pages,known,,,bd6t550939312: no usable pages in manifest.,2026-07-17T17:51:05.074381
lacharente,bd6t55093932g,,failed,0,0,,no_usable_pages,known,,,bd6t55093932g: no usable pages in manifest.,2026-07-17T17:51:05.557705
lacharente,bd6t55093933w,,failed,0,0,,no_usable_pages,known,,,bd6t55093933w: no usable pages in manifest.,2026-07-17T17:51:05.803273
lacharente,bd6t550939349,,failed,0,0,,no_usable_pages,known,,,bd6t550939349: no usable pages in manifest.,2026-07-17T17:51:06.171089
lacharente,bd6t55093935q,,failed,0,0,,no_usable_pages,known,,,bd6t55093935q: no usable pages in manifest.,2026-07-17T17:51:06.637978
lacharente,bd6t550939364,,failed,0,0,,no_usable_pages,known,,,bd6t550939364: no usable pages in manifest.,2026-07-17T17:51:06.779323
lacharente,bd6t55093938z,,failed,0,0,,no_usable_pages,known,,,bd6t55093938z: no usable pages in manifest.,2026-07-17T17:51:07.437492
lacharente,bd6t55093939c,,failed,0,0,,no_usable_pages,known,,,bd6t55093939c: no usable pages in manifest.,2026-07-17T17:51:07.874077
lacharente,bd6t550939401,,failed,0,0,,no_usable_pages,known,,,bd6t550939401: no usable pages in manifest.,2026-07-17T17:51:08.060472
lacharente,bd6t55093941f,,failed,0,0,,no_usable_pages,known,,,bd6t55093941f: no usable pages in manifest.,2026-07-17T17:51:08.488597
lacharente,bd6t55093942v,,failed,0,0,,no_usable_pages,known,,,bd6t55093942v: no usable pages in manifest.,2026-07-17T17:51:08.993713
lacharente,bd6t550939438,,failed,0,0,,no_usable_pages,known,,,bd6t550939438: no usable pages in manifest.,2026-07-17T17:51:09.285572
lacharente,bd6t55093944p,,failed,0,0,,no_usable_pages,known,,,bd6t55093944p: no usable pages in manifest.,2026-07-17T17:51:09.755744
lacharente,bd6t550939453,,failed,0,0,,no_usable_pages,known,,,bd6t550939453: no usable pages in manifest.,2026-07-17T17:51:10.074810
lacharente,bd6t55093946h,,failed,0,0,,no_usable_pages,known,,,bd6t55093946h: no usable pages in manifest.,2026-07-17T17:51:10.273628
lacharente,bd6t55093947x,,failed,0,0,,no_usable_pages,known,,,bd6t55093947x: no usable pages in manifest.,2026-07-17T17:51:10.507443
lacharente,bd6t55093948b,,failed,0,0,,no_usable_pages,known,,,bd6t55093948b: no usable pages in manifest.,2026-07-17T17:51:10.812560
lacharente,bd6t55093949r,,failed,0,0,,no_usable_pages,known,,,bd6t55093949r: no usable pages in manifest.,2026-07-17T17:51:11.391420
lacharente,bd6t55093950d,,failed,0,0,,no_usable_pages,known,,,bd6t55093950d: no usable pages in manifest.,2026-07-17T17:51:11.647005
lacharente,bd6t55093951t,,failed,0,0,,no_usable_pages,known,,,bd6t55093951t: no usable pages in manifest.,2026-07-17T17:51:12.139380
lacharente,bd6t550938910,,failed,0,0,,no_usable_pages,known,,,bd6t550938910: no usable pages in manifest.,2026-07-17T17:51:12.849625
lacharente,bd6t55093953n,,failed,0,0,,no_usable_pages,known,,,bd6t55093953n: no usable pages in manifest.,2026-07-17T17:51:13.305955
lacharente,bd6t550939542,,failed,0,0,,no_usable_pages,known,,,bd6t550939542: no usable pages in manifest.,2026-07-17T17:51:13.577710
lacharente,bd6t55093955g,,failed,0,0,,no_usable_pages,known,,,bd6t55093955g: no usable pages in manifest.,2026-07-17T17:51:13.994317
lacharente,bd6t55093956w,,failed,0,0,,no_usable_pages,known,,,bd6t55093956w: no usable pages in manifest.,2026-07-17T17:51:14.153839
lacharente,bd6t550939579,,failed,0,0,,no_usable_pages,known,,,bd6t550939579: no usable pages in manifest.,2026-07-17T17:51:14.773911
lacharente,bd6t55093958q,,failed,0,0,,no_usable_pages,known,,,bd6t55093958q: no usable pages in manifest.,2026-07-17T17:51:15.307045
lacharente,bd6t550939594,,failed,0,0,,no_usable_pages,known,,,bd6t550939594: no usable pages in manifest.,2026-07-17T17:51:15.764852
lacharente,bd6t55093960s,,failed,0,0,,no_usable_pages,known,,,bd6t55093960s: no usable pages in manifest.,2026-07-17T17:51:16.112105
lacharente,bd6t550939616,,failed,0,0,,no_usable_pages,known,,,bd6t550939616: no usable pages in manifest.,2026-07-17T17:51:16.512509
lacharente,bd6t55093962m,,failed,0,0,,no_usable_pages,known,,,bd6t55093962m: no usable pages in manifest.,2026-07-17T17:51:17.111539
lacharente,bd6t550939631,,failed,0,0,,no_usable_pages,known,,,bd6t550939631: no usable pages in manifest.,2026-07-17T17:51:17.633642
lacharente,bd6t55093964f,,failed,0,0,,no_usable_pages,known,,,bd6t55093964f: no usable pages in manifest.,2026-07-17T17:51:17.866613
lacharente,bd6t55093965v,,failed,0,0,,no_usable_pages,known,,,bd6t55093965v: no usable pages in manifest.,2026-07-17T17:51:18.142200
lacharente,bd6t550939668,,failed,0,0,,no_usable_pages,known,,,bd6t550939668: no usable pages in manifest.,2026-07-17T17:51:18.475403
lacharente,bd6t55093967p,,failed,0,0,,no_usable_pages,known,,,bd6t55093967p: no usable pages in manifest.,2026-07-17T17:51:18.869053
lacharente,bd6t55093937j,,failed,0,0,,no_usable_pages,known,,,bd6t55093937j: no usable pages in manifest.,2026-07-17T17:51:19.238577
lacharente,bd6t550939683,,failed,0,0,,no_usable_pages,known,,,bd6t550939683: no usable pages in manifest.,2026-07-17T17:51:19.538685
lacharente,bd6t55093969h,,failed,0,0,,no_usable_pages,known,,,bd6t55093969h: no usable pages in manifest.,2026-07-17T17:51:20.038469
lacharente,bd6t550939705,,failed,0,0,,no_usable_pages,known,,,bd6t550939705: no usable pages in manifest.,2026-07-17T17:51:20.384603
lacharente,bd6t55093971k,,failed,0,0,,no_usable_pages,known,,,bd6t55093971k: no usable pages in manifest.,2026-07-17T17:51:20.751397
lacharente,bd6t550939720,,failed,0,0,,no_usable_pages,known,,,bd6t550939720: no usable pages in manifest.,2026-07-17T17:51:21.155158
lacharente,bd6t55093973d,,failed,0,0,,no_usable_pages,known,,,bd6t55093973d: no usable pages in manifest.,2026-07-17T17:51:21.449378
lacharente,bd6t55093974t,,failed,0,0,,no_usable_pages,known,,,bd6t55093974t: no usable pages in manifest.,2026-07-17T17:51:22.257756
lacharente,bd6t550939757,,failed,0,0,,no_usable_pages,known,,,bd6t550939757: no usable pages in manifest.,2026-07-17T17:51:22.548528
lacharente,bd6t55093976n,,failed,0,0,,no_usable_pages,known,,,bd6t55093976n: no usable pages in manifest.,2026-07-17T17:51:23.144730
lacharente,bd6t550939772,,failed,0,0,,no_usable_pages,known,,,bd6t550939772: no usable pages in manifest.,2026-07-17T17:51:23.400357
lacharente,bd6t55093978g,,failed,0,0,,no_usable_pages,known,,,bd6t55093978g: no usable pages in manifest.,2026-07-17T17:51:23.918486
lacharente,bd6t55093979w,,failed,0,0,,no_usable_pages,known,,,bd6t55093979w: no usable pages in manifest.,2026-07-17T17:51:24.129224
lacharente,bd6t55093980j,,failed,0,0,,no_usable_pages,known,,,bd6t55093980j: no usable pages in manifest.,2026-07-17T17:51:24.321495
lacharente,bd6t55093981z,,failed,0,0,,no_usable_pages,known,,,bd6t55093981z: no usable pages in manifest.,2026-07-17T17:51:24.478670
lacharente,bd6t55093982c,,failed,0,0,,no_usable_pages,known,,,bd6t55093982c: no usable pages in manifest.,2026-07-17T17:51:24.711181
lacharente,bd6t55093983s,,failed,0,0,,no_usable_pages,known,,,bd6t55093983s: no usable pages in manifest.,2026-07-17T17:51:25.092704
lacharente,bd6t550939846,,failed,0,0,,no_usable_pages,known,,,bd6t550939846: no usable pages in manifest.,2026-07-17T17:51:25.270533
lacharente,bd6t55093985m,,failed,0,0,,no_usable_pages,known,,,bd6t55093985m: no usable pages in manifest.,2026-07-17T17:51:25.440049
lacharente,bd6t550939861,,failed,0,0,,no_usable_pages,known,,,bd6t550939861: no usable pages in manifest.,2026-07-17T17:51:25.573583
lacharente,bd6t55093987f,,failed,0,0,,no_usable_pages,known,,,bd6t55093987f: no usable pages in manifest.,2026-07-17T17:51:25.801096
lacharente,bd6t55093988v,,failed,0,0,,no_usable_pages,known,,,bd6t55093988v: no usable pages in manifest.,2026-07-17T17:51:26.129576
lacharente,bd6t550939898,,failed,0,0,,no_usable_pages,known,,,bd6t550939898: no usable pages in manifest.,2026-07-17T17:51:26.357439
lacharente,bd6t55093990x,,failed,0,0,,no_usable_pages,known,,,bd6t55093990x: no usable pages in manifest.,2026-07-17T17:51:26.606154
lacharente,bd6t55093991b,,failed,0,0,,no_usable_pages,known,,,bd6t55093991b: no usable pages in manifest.,2026-07-17T17:51:26.779597
lacharente,bd6t55093992r,,failed,0,0,,no_usable_pages,known,,,bd6t55093992r: no usable pages in manifest.,2026-07-17T17:51:27.272707
lacharente,bd6t550939935,,failed,0,0,,no_usable_pages,known,,,bd6t550939935: no usable pages in manifest.,2026-07-17T17:51:27.534037
lacharente,bd6t55093994k,,failed,0,0,,no_usable_pages,known,,,bd6t55093994k: no usable pages in manifest.,2026-07-17T17:51:27.702352
lacharente,bd6t550939950,,failed,0,0,,no_usable_pages,known,,,bd6t550939950: no usable pages in manifest.,2026-07-17T17:51:28.088475
lacharente,bd6t55093996d,,failed,0,0,,no_usable_pages,known,,,bd6t55093996d: no usable pages in manifest.,2026-07-17T17:51:28.426212
lacharente,bd6t55093997t,,failed,0,0,,no_usable_pages,known,,,bd6t55093997t: no usable pages in manifest.,2026-07-17T17:51:28.661974
lacharente,bd6t550939987,,failed,0,0,,no_usable_pages,known,,,bd6t550939987: no usable pages in manifest.,2026-07-17T17:51:28.908276
lacharente,bd6t55093999n,,failed,0,0,,no_usable_pages,known,,,bd6t55093999n: no usable pages in manifest.,2026-07-17T17:51:29.033773
lacharente,bd6t55094000q,,failed,0,0,,no_usable_pages,known,,,bd6t55094000q: no usable pages in manifest.,2026-07-17T17:51:29.287640
lacharente,bd6t550940014,,failed,0,0,,no_usable_pages,known,,,bd6t550940014: no usable pages in manifest.,2026-07-17T17:51:29.468532
lacharente,bd6t55094002j,,failed,0,0,,no_usable_pages,known,,,bd6t55094002j: no usable pages in manifest.,2026-07-17T17:51:29.560512
lacharente,bd6t55094003z,,failed,0,0,,no_usable_pages,known,,,bd6t55094003z: no usable pages in manifest.,2026-07-17T17:51:29.693207
lacharente,bd6t55094004c,,failed,0,0,,no_usable_pages,known,,,bd6t55094004c: no usable pages in manifest.,2026-07-17T17:51:29.824750
lacharente,bd6t55094005s,,failed,0,0,,no_usable_pages,known,,,bd6t55094005s: no usable pages in manifest.,2026-07-17T17:51:29.930112
lacharente,bd6t550940066,,failed,0,0,,no_usable_pages,known,,,bd6t550940066: no usable pages in manifest.,2026-07-17T17:51:30.042291
lacharente,bd6t55094007m,,failed,0,0,,no_usable_pages,known,,,bd6t55094007m: no usable pages in manifest.,2026-07-17T17:51:30.156490
lacharente,bd6t550940081,,failed,0,0,,no_usable_pages,known,,,bd6t550940081: no usable pages in manifest.,2026-07-17T17:51:30.383069
lacharente,bd6t55094009f,,failed,0,0,,no_usable_pages,known,,,bd6t55094009f: no usable pages in manifest.,2026-07-17T17:51:30.607817
lacharente,bd6t550940103,,failed,0,0,,no_usable_pages,known,,,bd6t550940103: no usable pages in manifest.,2026-07-17T17:51:30.749956
lacharente,bd6t55094011h,,failed,0,0,,no_usable_pages,known,,,bd6t55094011h: no usable pages in manifest.,2026-07-17T17:51:31.132329
lacharente,bd6t55094012x,,failed,0,0,,no_usable_pages,known,,,bd6t55094012x: no usable pages in manifest.,2026-07-17T17:51:31.356775
lacharente,bd6t55094013b,,failed,0,0,,no_usable_pages,known,,,bd6t55094013b: no usable pages in manifest.,2026-07-17T17:51:31.610113
lacharente,bd6t55094014r,,failed,0,0,,no_usable_pages,known,,,bd6t55094014r: no usable pages in manifest.,2026-07-17T17:51:31.725725
lacharente,bd6t550940155,,failed,0,0,,no_usable_pages,known,,,bd6t550940155: no usable pages in manifest.,2026-07-17T17:51:31.816406
lacharente,bd6t55094016k,,failed,0,0,,no_usable_pages,known,,,bd6t55094016k: no usable pages in manifest.,2026-07-17T17:51:31.943648
lacharente,bd6t550940170,,failed,0,0,,no_usable_pages,known,,,bd6t550940170: no usable pages in manifest.,2026-07-17T17:51:32.071835
lacharente,bd6t55094018d,,failed,0,0,,no_usable_pages,known,,,bd6t55094018d: no usable pages in manifest.,2026-07-17T17:51:32.211363
lacharente,bd6t55094019t,,failed,0,0,,no_usable_pages,known,,,bd6t55094019t: no usable pages in manifest.,2026-07-17T17:51:32.324711
lacharente,bd6t55094020g,,failed,0,0,,no_usable_pages,known,,,bd6t55094020g: no usable pages in manifest.,2026-07-17T17:51:32.431935
lacharente,bd6t55094021w,,failed,0,0,,no_usable_pages,known,,,bd6t55094021w: no usable pages in manifest.,2026-07-17T17:51:32.553446
lacharente,bd6t550940229,,failed,0,0,,no_usable_pages,known,,,bd6t550940229: no usable pages in manifest.,2026-07-17T17:51:32.756661
lacharente,bd6t55094023q,,failed,0,0,,no_usable_pages,known,,,bd6t55094023q: no usable pages in manifest.,2026-07-17T17:51:32.893384
lacharente,bd6t550940244,,failed,0,0,,no_usable_pages,known,,,bd6t550940244: no usable pages in manifest.,2026-07-17T17:51:33.054121
lacharente,bd6t55094025j,,failed,0,0,,no_usable_pages,known,,,bd6t55094025j: no usable pages in manifest.,2026-07-17T17:51:33.190037
lacharente,bd6t55094026z,,failed,0,0,,no_usable_pages,known,,,bd6t55094026z: no usable pages in manifest.,2026-07-17T17:51:33.311737
lacharente,bd6t55094027c,,failed,0,0,,no_usable_pages,known,,,bd6t55094027c: no usable pages in manifest.,2026-07-17T17:51:33.411752
lacharente,bd6t55094028s,,failed,0,0,,no_usable_pages,known,,,bd6t55094028s: no usable pages in manifest.,2026-07-17T17:51:33.537075
lacharente,bd6t550940296,,failed,0,0,,no_usable_pages,known,,,bd6t550940296: no usable pages in manifest.,2026-07-17T17:51:33.669425
lacharente,bd6t55094030v,,failed,0,0,,no_usable_pages,known,,,bd6t55094030v: no usable pages in manifest.,2026-07-17T17:51:33.961448
lacharente,bd6t550940318,,failed,0,0,,no_usable_pages,known,,,bd6t550940318: no usable pages in manifest.,2026-07-17T17:51:34.052491
lacharente,bd6t55094032p,,failed,0,0,,no_usable_pages,known,,,bd6t55094032p: no usable pages in manifest.,2026-07-17T17:51:34.166081
lacharente,bd6t550940333,,failed,0,0,,no_usable_pages,known,,,bd6t550940333: no usable pages in manifest.,2026-07-17T17:51:34.281287
lacharente,bd6t55094034h,,failed,0,0,,no_usable_pages,known,,,bd6t55094034h: no usable pages in manifest.,2026-07-17T17:51:34.450389
lacharente,bd6t55094035x,,failed,0,0,,no_usable_pages,known,,,bd6t55094035x: no usable pages in manifest.,2026-07-17T17:51:34.550799
lacharente,bd6t55094036b,,failed,0,0,,no_usable_pages,known,,,bd6t55094036b: no usable pages in manifest.,2026-07-17T17:51:34.669854
lacharente,bd6t55094037r,,failed,0,0,,no_usable_pages,known,,,bd6t55094037r: no usable pages in manifest.,2026-07-17T17:51:34.786602
lacharente,bd6t550940385,,failed,0,0,,no_usable_pages,known,,,bd6t550940385: no usable pages in manifest.,2026-07-17T17:51:34.993390
lacharente,bd6t55094039k,,failed,0,0,,no_usable_pages,known,,,bd6t55094039k: no usable pages in manifest.,2026-07-17T17:51:35.097901
lacharente,bd6t550940407,,failed,0,0,,no_usable_pages,known,,,bd6t550940407: no usable pages in manifest.,2026-07-17T17:51:35.234170
lacharente,bd6t55094041n,,failed,0,0,,no_usable_pages,known,,,bd6t55094041n: no usable pages in manifest.,2026-07-17T17:51:35.343917
lacharente,bd6t550940422,,failed,0,0,,no_usable_pages,known,,,bd6t550940422: no usable pages in manifest.,2026-07-17T17:51:35.448397
lacharente,bd6t55094043g,,failed,0,0,,no_usable_pages,known,,,bd6t55094043g: no usable pages in manifest.,2026-07-17T17:51:35.581294
lacharente,bd6t55094044w,,failed,0,0,,no_usable_pages,known,,,bd6t55094044w: no usable pages in manifest.,2026-07-17T17:51:35.716575
lacharente,bd6t550940459,,failed,0,0,,no_usable_pages,known,,,bd6t550940459: no usable pages in manifest.,2026-07-17T17:51:35.856994
lacharente,bd6t55094046q,,failed,0,0,,no_usable_pages,known,,,bd6t55094046q: no usable pages in manifest.,2026-07-17T17:51:36.024019
lacharente,bd6t550940474,,failed,0,0,,no_usable_pages,known,,,bd6t550940474: no usable pages in manifest.,2026-07-17T17:51:36.147409
lacharente,bd6t55094048j,,failed,0,0,,no_usable_pages,known,,,bd6t55094048j: no usable pages in manifest.,2026-07-17T17:51:36.261096
lacharente,bd6t55094049z,,failed,0,0,,no_usable_pages,known,,,bd6t55094049z: no usable pages in manifest.,2026-07-17T17:51:36.352036
lacharente,bd6t55094050m,,failed,0,0,,no_usable_pages,known,,,bd6t55094050m: no usable pages in manifest.,2026-07-17T17:51:36.441730
lacharente,bd6t550940511,,failed,0,0,,no_usable_pages,known,,,bd6t550940511: no usable pages in manifest.,2026-07-17T17:51:36.562171
lacharente,bd6t55094052f,,failed,0,0,,no_usable_pages,known,,,bd6t55094052f: no usable pages in manifest.,2026-07-17T17:51:36.653365
lacharente,bd6t55094053v,,failed,0,0,,no_usable_pages,known,,,bd6t55094053v: no usable pages in manifest.,2026-07-17T17:51:36.928674
lacharente,bd6t550940548,,failed,0,0,,no_usable_pages,known,,,bd6t550940548: no usable pages in manifest.,2026-07-17T17:51:37.227005
lacharente,bd6t55094055p,,failed,0,0,,no_usable_pages,known,,,bd6t55094055p: no usable pages in manifest.,2026-07-17T17:51:37.369540
lacharente,bd6t550940563,,failed,0,0,,no_usable_pages,known,,,bd6t550940563: no usable pages in manifest.,2026-07-17T17:51:37.560070
lacharente,bd6t55094057h,,failed,0,0,,no_usable_pages,known,,,bd6t55094057h: no usable pages in manifest.,2026-07-17T17:51:37.697281
lacharente,bd6t55094058x,,failed,0,0,,no_usable_pages,known,,,bd6t55094058x: no usable pages in manifest.,2026-07-17T17:51:37.863911
lacharente,bd6t55094059b,,failed,0,0,,no_usable_pages,known,,,bd6t55094059b: no usable pages in manifest.,2026-07-17T17:51:37.970694
lacharente,bd6t550940600,,failed,0,0,,no_usable_pages,known,,,bd6t550940600: no usable pages in manifest.,2026-07-17T17:51:38.175380
lacharente,bd6t55094061d,,failed,0,0,,no_usable_pages,known,,,bd6t55094061d: no usable pages in manifest.,2026-07-17T17:51:38.299779
lacharente,bd6t55094062t,,failed,0,0,,no_usable_pages,known,,,bd6t55094062t: no usable pages in manifest.,2026-07-17T17:51:38.470324
lacharente,bd6t550940637,,failed,0,0,,no_usable_pages,known,,,bd6t550940637: no usable pages in manifest.,2026-07-17T17:51:38.585614
lacharente,bd6t55094064n,,failed,0,0,,no_usable_pages,known,,,bd6t55094064n: no usable pages in manifest.,2026-07-17T17:51:38.701235
lacharente,bd6t550940652,,failed,0,0,,no_usable_pages,known,,,bd6t550940652: no usable pages in manifest.,2026-07-17T17:51:38.871063
lacharente,bd6t55094066g,,failed,0,0,,no_usable_pages,known,,,bd6t55094066g: no usable pages in manifest.,2026-07-17T17:51:38.976506
lacharente,bd6t55094067w,,failed,0,0,,no_usable_pages,known,,,bd6t55094067w: no usable pages in manifest.,2026-07-17T17:51:39.082298
lacharente,bd6t550940689,,failed,0,0,,no_usable_pages,known,,,bd6t550940689: no usable pages in manifest.,2026-07-17T17:51:39.269048
lacharente,bd6t55094069q,,failed,0,0,,no_usable_pages,known,,,bd6t55094069q: no usable pages in manifest.,2026-07-17T17:51:39.373049
lacharente,bd6t55094070c,,failed,0,0,,no_usable_pages,known,,,bd6t55094070c: no usable pages in manifest.,2026-07-17T17:51:39.530468
lacharente,bd6t55094071s,,failed,0,0,,no_usable_pages,known,,,bd6t55094071s: no usable pages in manifest.,2026-07-17T17:51:39.648895
lacharente,bd6t550940726,,failed,0,0,,no_usable_pages,known,,,bd6t550940726: no usable pages in manifest.,2026-07-17T17:51:39.764607
lacharente,bd6t55094073m,,failed,0,0,,no_usable_pages,known,,,bd6t55094073m: no usable pages in manifest.,2026-07-17T17:51:39.877966
lacharente,bd6t550940741,,failed,0,0,,no_usable_pages,known,,,bd6t550940741: no usable pages in manifest.,2026-07-17T17:51:39.964586
lacharente,bd6t55094075f,,failed,0,0,,no_usable_pages,known,,,bd6t55094075f: no usable pages in manifest.,2026-07-17T17:51:40.077354
lacharente,bd6t55094076v,,failed,0,0,,no_usable_pages,known,,,bd6t55094076v: no usable pages in manifest.,2026-07-17T17:51:40.185211
lacharente,bd6t550940778,,failed,0,0,,no_usable_pages,known,,,bd6t550940778: no usable pages in manifest.,2026-07-17T17:51:40.381654
lacharente,bd6t55094078p,,failed,0,0,,no_usable_pages,known,,,bd6t55094078p: no usable pages in manifest.,2026-07-17T17:51:40.486276
lacharente,bd6t550940793,,failed,0,0,,no_usable_pages,known,,,bd6t550940793: no usable pages in manifest.,2026-07-17T17:51:40.653273
lacharente,bd6t55094080r,,failed,0,0,,no_usable_pages,known,,,bd6t55094080r: no usable pages in manifest.,2026-07-17T17:51:40.746566
lacharente,bd6t550940815,,failed,0,0,,no_usable_pages,known,,,bd6t550940815: no usable pages in manifest.,2026-07-17T17:51:40.847656
lacharente,bd6t55094082k,,failed,0,0,,no_usable_pages,known,,,bd6t55094082k: no usable pages in manifest.,2026-07-17T17:51:41.007198
lacharente,bd6t550940830,,failed,0,0,,no_usable_pages,known,,,bd6t550940830: no usable pages in manifest.,2026-07-17T17:51:41.136020
lacharente,bd6t55094084d,,failed,0,0,,no_usable_pages,known,,,bd6t55094084d: no usable pages in manifest.,2026-07-17T17:51:41.256262
lacharente,bd6t55094085t,,failed,0,0,,no_usable_pages,known,,,bd6t55094085t: no usable pages in manifest.,2026-07-17T17:51:41.424352
lacharente,bd6t550940867,,failed,0,0,,no_usable_pages,known,,,bd6t550940867: no usable pages in manifest.,2026-07-17T17:51:41.530136
lacharente,bd6t55094087n,,failed,0,0,,no_usable_pages,known,,,bd6t55094087n: no usable pages in manifest.,2026-07-17T17:51:41.682554
lacharente,bd6t550940882,,failed,0,0,,no_usable_pages,known,,,bd6t550940882: no usable pages in manifest.,2026-07-17T17:51:41.827679
lacharente,bd6t55094089g,,failed,0,0,,no_usable_pages,known,,,bd6t55094089g: no usable pages in manifest.,2026-07-17T17:51:41.925276
lacharente,bd6t550940904,,failed,0,0,,no_usable_pages,known,,,bd6t550940904: no usable pages in manifest.,2026-07-17T17:51:42.037340
lacharente,bd6t55094091j,,failed,0,0,,no_usable_pages,known,,,bd6t55094091j: no usable pages in manifest.,2026-07-17T17:51:42.148593
lacharente,bd6t55094092z,,failed,0,0,,no_usable_pages,known,,,bd6t55094092z: no usable pages in manifest.,2026-07-17T17:51:42.316009
lacharente,bd6t55094093c,,failed,0,0,,no_usable_pages,known,,,bd6t55094093c: no usable pages in manifest.,2026-07-17T17:51:42.516969
lacharente,bd6t55094094s,,failed,0,0,,no_usable_pages,known,,,bd6t55094094s: no usable pages in manifest.,2026-07-17T17:51:42.629004
lacharente,bd6t550940956,,failed,0,0,,no_usable_pages,known,,,bd6t550940956: no usable pages in manifest.,2026-07-17T17:51:42.742448
lacharente,bd6t55094096m,,failed,0,0,,no_usable_pages,known,,,bd6t55094096m: no usable pages in manifest.,2026-07-17T17:51:42.837004
lacharente,bd6t550940971,,failed,0,0,,no_usable_pages,known,,,bd6t550940971: no usable pages in manifest.,2026-07-17T17:51:43.227504
lacharente,bd6t55094098f,,failed,0,0,,no_usable_pages,known,,,bd6t55094098f: no usable pages in manifest.,2026-07-17T17:51:43.663462
lacharente,bd6t55094099v,,failed,0,0,,no_usable_pages,known,,,bd6t55094099v: no usable pages in manifest.,2026-07-17T17:51:43.799686
lacharente,bd6t550941002,,failed,0,0,,no_usable_pages,known,,,bd6t550941002: no usable pages in manifest.,2026-07-17T17:51:43.929068
lacharente,bd6t55094101g,,failed,0,0,,no_usable_pages,known,,,bd6t55094101g: no usable pages in manifest.,2026-07-17T17:51:44.056507
lacharente,bd6t55094102w,,failed,0,0,,no_usable_pages,known,,,bd6t55094102w: no usable pages in manifest.,2026-07-17T17:51:44.187442
lacharente,bd6t550941039,,failed,0,0,,no_usable_pages,known,,,bd6t550941039: no usable pages in manifest.,2026-07-17T17:51:44.294151
lacharente,bd6t55094104q,,failed,0,0,,no_usable_pages,known,,,bd6t55094104q: no usable pages in manifest.,2026-07-17T17:51:44.436233
lacharente,bd6t550941054,,failed,0,0,,no_usable_pages,known,,,bd6t550941054: no usable pages in manifest.,2026-07-17T17:51:44.554675
lacharente,bd6t55094106j,,failed,0,0,,no_usable_pages,known,,,bd6t55094106j: no usable pages in manifest.,2026-07-17T17:51:44.764160
lacharente,bd6t55094107z,,failed,0,0,,no_usable_pages,known,,,bd6t55094107z: no usable pages in manifest.,2026-07-17T17:51:44.919279
lacharente,bd6t55094108c,,failed,0,0,,no_usable_pages,known,,,bd6t55094108c: no usable pages in manifest.,2026-07-17T17:51:45.089490
lacharente,bd6t55094109s,,failed,0,0,,no_usable_pages,known,,,bd6t55094109s: no usable pages in manifest.,2026-07-17T17:51:45.239729
lacharente,bd6t55094110f,,failed,0,0,,no_usable_pages,known,,,bd6t55094110f: no usable pages in manifest.,2026-07-17T17:51:45.381811
lacharente,bd6t55094111v,,failed,0,0,,no_usable_pages,known,,,bd6t55094111v: no usable pages in manifest.,2026-07-17T17:51:45.534378
lacharente,bd6t550941128,,failed,0,0,,no_usable_pages,known,,,bd6t550941128: no usable pages in manifest.,2026-07-17T17:51:45.800678
lacharente,bd6t55094113p,,failed,0,0,,no_usable_pages,known,,,bd6t55094113p: no usable pages in manifest.,2026-07-17T17:51:45.945624
lacharente,bd6t550941143,,failed,0,0,,no_usable_pages,known,,,bd6t550941143: no usable pages in manifest.,2026-07-17T17:51:46.248886
lacharente,bd6t55094115h,,failed,0,0,,no_usable_pages,known,,,bd6t55094115h: no usable pages in manifest.,2026-07-17T17:51:46.496429
lacharente,bd6t55094116x,,failed,0,0,,no_usable_pages,known,,,bd6t55094116x: no usable pages in manifest.,2026-07-17T17:51:46.662608
lacharente,bd6t55094117b,,failed,0,0,,no_usable_pages,known,,,bd6t55094117b: no usable pages in manifest.,2026-07-17T17:51:46.855605
lacharente,bd6t55094118r,,failed,0,0,,no_usable_pages,known,,,bd6t55094118r: no usable pages in manifest.,2026-07-17T17:51:47.009355
lacharente,bd6t550941195,,failed,0,0,,no_usable_pages,known,,,bd6t550941195: no usable pages in manifest.,2026-07-17T17:51:47.127520
lacharente,bd6t55094120t,,failed,0,0,,no_usable_pages,known,,,bd6t55094120t: no usable pages in manifest.,2026-07-17T17:51:47.308467
lacharente,bd6t550941217,,failed,0,0,,no_usable_pages,known,,,bd6t550941217: no usable pages in manifest.,2026-07-17T17:51:47.522199
lacharente,bd6t55094122n,,failed,0,0,,no_usable_pages,known,,,bd6t55094122n: no usable pages in manifest.,2026-07-17T17:51:47.656585
lacharente,bd6t550941232,,failed,0,0,,no_usable_pages,known,,,bd6t550941232: no usable pages in manifest.,2026-07-17T17:51:47.760585
lacharente,bd6t55094124g,,failed,0,0,,no_usable_pages,known,,,bd6t55094124g: no usable pages in manifest.,2026-07-17T17:51:47.990280
lacharente,bd6t55094125w,,failed,0,0,,no_usable_pages,known,,,bd6t55094125w: no usable pages in manifest.,2026-07-17T17:51:48.119140
lacharente,bd6t550941269,,failed,0,0,,no_usable_pages,known,,,bd6t550941269: no usable pages in manifest.,2026-07-17T17:51:48.249267
lacharente,bd6t55094127q,,failed,0,0,,no_usable_pages,known,,,bd6t55094127q: no usable pages in manifest.,2026-07-17T17:51:48.371389
lacharente,bd6t550941284,,failed,0,0,,no_usable_pages,known,,,bd6t550941284: no usable pages in manifest.,2026-07-17T17:51:48.481893
lacharente,bd6t55094129j,,failed,0,0,,no_usable_pages,known,,,bd6t55094129j: no usable pages in manifest.,2026-07-17T17:51:48.621023
lacharente,bd6t550941306,,failed,0,0,,no_usable_pages,known,,,bd6t550941306: no usable pages in manifest.,2026-07-17T17:51:48.963831
lacharente,bd6t55094131m,,failed,0,0,,no_usable_pages,known,,,bd6t55094131m: no usable pages in manifest.,2026-07-17T17:51:49.291305
lacharente,bd6t550941321,,failed,0,0,,no_usable_pages,known,,,bd6t550941321: no usable pages in manifest.,2026-07-17T17:51:49.432011
lacharente,bd6t55094133f,,failed,0,0,,no_usable_pages,known,,,bd6t55094133f: no usable pages in manifest.,2026-07-17T17:51:49.540477
lacharente,bd6t55094134v,,failed,0,0,,no_usable_pages,known,,,bd6t55094134v: no usable pages in manifest.,2026-07-17T17:51:49.637601
lacharente,bd6t550941358,,failed,0,0,,no_usable_pages,known,,,bd6t550941358: no usable pages in manifest.,2026-07-17T17:51:49.754584
lacharente,bd6t55094136p,,failed,0,0,,no_usable_pages,known,,,bd6t55094136p: no usable pages in manifest.,2026-07-17T17:51:49.832643
lacharente,bd6t550941373,,failed,0,0,,no_usable_pages,known,,,bd6t550941373: no usable pages in manifest.,2026-07-17T17:51:49.963841
lacharente,bd6t55094138h,,failed,0,0,,no_usable_pages,known,,,bd6t55094138h: no usable pages in manifest.,2026-07-17T17:51:50.070325
lacharente,bd6t55094139x,,failed,0,0,,no_usable_pages,known,,,bd6t55094139x: no usable pages in manifest.,2026-07-17T17:51:50.277258
lacharente,bd6t55094140k,,failed,0,0,,no_usable_pages,known,,,bd6t55094140k: no usable pages in manifest.,2026-07-17T17:51:50.539942
lacharente,bd6t550941410,,failed,0,0,,no_usable_pages,known,,,bd6t550941410: no usable pages in manifest.,2026-07-17T17:51:50.681845
lacharente,bd6t55094142d,,failed,0,0,,no_usable_pages,known,,,bd6t55094142d: no usable pages in manifest.,2026-07-17T17:51:50.821595
lacharente,bd6t55094143t,,failed,0,0,,no_usable_pages,known,,,bd6t55094143t: no usable pages in manifest.,2026-07-17T17:51:50.956317
lacharente,bd6t550941447,,failed,0,0,,no_usable_pages,known,,,bd6t550941447: no usable pages in manifest.,2026-07-17T17:51:51.103027
lacharente,bd6t55094145n,,failed,0,0,,no_usable_pages,known,,,bd6t55094145n: no usable pages in manifest.,2026-07-17T17:51:51.213378
lacharente,bd6t550941462,,failed,0,0,,no_usable_pages,known,,,bd6t550941462: no usable pages in manifest.,2026-07-17T17:51:51.332770
lacharente,bd6t55094147g,,failed,0,0,,no_usable_pages,known,,,bd6t55094147g: no usable pages in manifest.,2026-07-17T17:51:51.559431
lacharente,bd6t55094148w,,failed,0,0,,no_usable_pages,known,,,bd6t55094148w: no usable pages in manifest.,2026-07-17T17:51:51.678228
lacharente,bd6t550941499,,failed,0,0,,no_usable_pages,known,,,bd6t550941499: no usable pages in manifest.,2026-07-17T17:51:51.789406
lacharente,bd6t55094150z,,failed,0,0,,no_usable_pages,known,,,bd6t55094150z: no usable pages in manifest.,2026-07-17T17:51:51.947949
lacharente,bd6t55094151c,,failed,0,0,,no_usable_pages,known,,,bd6t55094151c: no usable pages in manifest.,2026-07-17T17:51:52.050163
lacharente,bd6t55094152s,,failed,0,0,,no_usable_pages,known,,,bd6t55094152s: no usable pages in manifest.,2026-07-17T17:51:52.177253
lacharente,bd6t550941536,,failed,0,0,,no_usable_pages,known,,,bd6t550941536: no usable pages in manifest.,2026-07-17T17:51:52.312325
lacharente,bd6t55094154m,,failed,0,0,,no_usable_pages,known,,,bd6t55094154m: no usable pages in manifest.,2026-07-17T17:51:52.430955
lacharente,bd6t550941551,,failed,0,0,,no_usable_pages,known,,,bd6t550941551: no usable pages in manifest.,2026-07-17T17:51:52.640260
lacharente,bd6t55094156f,,failed,0,0,,no_usable_pages,known,,,bd6t55094156f: no usable pages in manifest.,2026-07-17T17:51:52.926733
lacharente,bd6t55094157v,,failed,0,0,,no_usable_pages,known,,,bd6t55094157v: no usable pages in manifest.,2026-07-17T17:51:53.061287
lacharente,bd6t550941588,,failed,0,0,,no_usable_pages,known,,,bd6t550941588: no usable pages in manifest.,2026-07-17T17:51:53.232295
lacharente,bd6t55094159p,,failed,0,0,,no_usable_pages,known,,,bd6t55094159p: no usable pages in manifest.,2026-07-17T17:51:53.369360
lacharente,bd6t55094160b,,failed,0,0,,no_usable_pages,known,,,bd6t55094160b: no usable pages in manifest.,2026-07-17T17:51:53.479288
lacharente,bd6t55094161r,,failed,0,0,,no_usable_pages,known,,,bd6t55094161r: no usable pages in manifest.,2026-07-17T17:51:53.679773
lacharente,bd6t550941625,,failed,0,0,,no_usable_pages,known,,,bd6t550941625: no usable pages in manifest.,2026-07-17T17:51:53.805810
lacharente,bd6t55094163k,,failed,0,0,,no_usable_pages,known,,,bd6t55094163k: no usable pages in manifest.,2026-07-17T17:51:53.960872
lacharente,bd6t550941640,,failed,0,0,,no_usable_pages,known,,,bd6t550941640: no usable pages in manifest.,2026-07-17T17:51:54.047767
lacharente,bd6t55094165d,,failed,0,0,,no_usable_pages,known,,,bd6t55094165d: no usable pages in manifest.,2026-07-17T17:51:54.151280
lacharente,bd6t55094166t,,failed,0,0,,no_usable_pages,known,,,bd6t55094166t: no usable pages in manifest.,2026-07-17T17:51:54.283918
lacharente,bd6t550941677,,failed,0,0,,no_usable_pages,known,,,bd6t550941677: no usable pages in manifest.,2026-07-17T17:51:54.403242
lacharente,bd6t55094168n,,failed,0,0,,no_usable_pages,known,,,bd6t55094168n: no usable pages in manifest.,2026-07-17T17:51:54.561280
lacharente,bd6t550941692,,failed,0,0,,no_usable_pages,known,,,bd6t550941692: no usable pages in manifest.,2026-07-17T17:51:55.010301
lacharente,bd6t55094170q,,failed,0,0,,no_usable_pages,known,,,bd6t55094170q: no usable pages in manifest.,2026-07-17T17:51:55.136273
lacharente,bd6t550941714,,failed,0,0,,no_usable_pages,known,,,bd6t550941714: no usable pages in manifest.,2026-07-17T17:51:55.241350
lacharente,bd6t55094172j,,failed,0,0,,no_usable_pages,known,,,bd6t55094172j: no usable pages in manifest.,2026-07-17T17:51:55.393350
lacharente,bd6t55094173z,,failed,0,0,,no_usable_pages,known,,,bd6t55094173z: no usable pages in manifest.,2026-07-17T17:51:55.501298
lacharente,bd6t55094174c,,failed,0,0,,no_usable_pages,known,,,bd6t55094174c: no usable pages in manifest.,2026-07-17T17:51:55.619299
lacharente,bd6t55094175s,,failed,0,0,,no_usable_pages,known,,,bd6t55094175s: no usable pages in manifest.,2026-07-17T17:51:55.812297
lacharente,bd6t550941766,,failed,0,0,,no_usable_pages,known,,,bd6t550941766: no usable pages in manifest.,2026-07-17T17:51:55.944291
lacharente,bd6t55094177m,,failed,0,0,,no_usable_pages,known,,,bd6t55094177m: no usable pages in manifest.,2026-07-17T17:51:56.091401
lacharente,bd6t550941781,,failed,0,0,,no_usable_pages,known,,,bd6t550941781: no usable pages in manifest.,2026-07-17T17:51:56.306444
lacharente,bd6t55094179f,,failed,0,0,,no_usable_pages,known,,,bd6t55094179f: no usable pages in manifest.,2026-07-17T17:51:56.540294
lacharente,bd6t550941803,,failed,0,0,,no_usable_pages,known,,,bd6t550941803: no usable pages in manifest.,2026-07-17T17:51:56.704268
lacharente,bd6t55094181h,,failed,0,0,,no_usable_pages,known,,,bd6t55094181h: no usable pages in manifest.,2026-07-17T17:51:56.950097
lacharente,bd6t55094182x,,failed,0,0,,no_usable_pages,known,,,bd6t55094182x: no usable pages in manifest.,2026-07-17T17:51:57.083271
lacharente,bd6t55094183b,,failed,0,0,,no_usable_pages,known,,,bd6t55094183b: no usable pages in manifest.,2026-07-17T17:51:57.195256
lacharente,bd6t55094184r,,failed,0,0,,no_usable_pages,known,,,bd6t55094184r: no usable pages in manifest.,2026-07-17T17:51:57.355276
lacharente,bd6t550941855,,failed,0,0,,no_usable_pages,known,,,bd6t550941855: no usable pages in manifest.,2026-07-17T17:51:57.471098
lacharente,bd6t55094186k,,failed,0,0,,no_usable_pages,known,,,bd6t55094186k: no usable pages in manifest.,2026-07-17T17:51:57.568671
lacharente,bd6t550941870,,failed,0,0,,no_usable_pages,known,,,bd6t550941870: no usable pages in manifest.,2026-07-17T17:51:57.675647
lacharente,bd6t55094188d,,failed,0,0,,no_usable_pages,known,,,bd6t55094188d: no usable pages in manifest.,2026-07-17T17:51:57.801665
lacharente,bd6t55094189t,,failed,0,0,,no_usable_pages,known,,,bd6t55094189t: no usable pages in manifest.,2026-07-17T17:51:57.922330
lacharente,bd6t55094190g,,failed,0,0,,no_usable_pages,known,,,bd6t55094190g: no usable pages in manifest.,2026-07-17T17:51:58.082254
lacharente,bd6t55094191w,,failed,0,0,,no_usable_pages,known,,,bd6t55094191w: no usable pages in manifest.,2026-07-17T17:51:58.200285
lacharente,bd6t550941929,,failed,0,0,,no_usable_pages,known,,,bd6t550941929: no usable pages in manifest.,2026-07-17T17:51:58.342371
lacharente,bd6t55094193q,,failed,0,0,,no_usable_pages,known,,,bd6t55094193q: no usable pages in manifest.,2026-07-17T17:51:58.465271
lacharente,bd6t550941944,,failed,0,0,,no_usable_pages,known,,,bd6t550941944: no usable pages in manifest.,2026-07-17T17:51:58.583151
lacharente,bd6t55094195j,,failed,0,0,,no_usable_pages,known,,,bd6t55094195j: no usable pages in manifest.,2026-07-17T17:51:58.694351
lacharente,bd6t55094196z,,failed,0,0,,no_usable_pages,known,,,bd6t55094196z: no usable pages in manifest.,2026-07-17T17:51:58.804304
lacharente,bd6t55094197c,,failed,0,0,,no_usable_pages,known,,,bd6t55094197c: no usable pages in manifest.,2026-07-17T17:51:58.909274
lacharente,bd6t55094198s,,failed,0,0,,no_usable_pages,known,,,bd6t55094198s: no usable pages in manifest.,2026-07-17T17:51:59.115294
lacharente,bd6t550941996,,failed,0,0,,no_usable_pages,known,,,bd6t550941996: no usable pages in manifest.,2026-07-17T17:51:59.263315
lacharente,bd6t55094200d,,failed,0,0,,no_usable_pages,known,,,bd6t55094200d: no usable pages in manifest.,2026-07-17T17:51:59.403285
lacharente,bd6t55094201t,,failed,0,0,,no_usable_pages,known,,,bd6t55094201t: no usable pages in manifest.,2026-07-17T17:51:59.512274
lacharente,bd6t550942027,,failed,0,0,,no_usable_pages,known,,,bd6t550942027: no usable pages in manifest.,2026-07-17T17:51:59.642249
lacharente,bd6t55094203n,,failed,0,0,,no_usable_pages,known,,,bd6t55094203n: no usable pages in manifest.,2026-07-17T17:51:59.759294
lacharente,bd6t550942042,,failed,0,0,,no_usable_pages,known,,,bd6t550942042: no usable pages in manifest.,2026-07-17T17:51:59.892316
lacharente,bd6t55094205g,,failed,0,0,,no_usable_pages,known,,,bd6t55094205g: no usable pages in manifest.,2026-07-17T17:52:00.000274
lacharente,bd6t55094206w,,failed,0,0,,no_usable_pages,known,,,bd6t55094206w: no usable pages in manifest.,2026-07-17T17:52:00.155396
lacharente,bd6t550942079,,failed,0,0,,no_usable_pages,known,,,bd6t550942079: no usable pages in manifest.,2026-07-17T17:52:00.248335
lacharente,bd6t55094208q,,failed,0,0,,no_usable_pages,known,,,bd6t55094208q: no usable pages in manifest.,2026-07-17T17:52:00.355369
lacharente,bd6t550942094,,failed,0,0,,no_usable_pages,known,,,bd6t550942094: no usable pages in manifest.,2026-07-17T17:52:00.450977
lacharente,bd6t55094210s,,failed,0,0,,no_usable_pages,known,,,bd6t55094210s: no usable pages in manifest.,2026-07-17T17:52:00.639727
lacharente,bd6t550942116,,failed,0,0,,no_usable_pages,known,,,bd6t550942116: no usable pages in manifest.,2026-07-17T17:52:01.042761
lacharente,bd6t55094212m,,failed,0,0,,no_usable_pages,known,,,bd6t55094212m: no usable pages in manifest.,2026-07-17T17:52:01.254015
lacharente,bd6t550942131,,failed,0,0,,no_usable_pages,known,,,bd6t550942131: no usable pages in manifest.,2026-07-17T17:52:01.385289
lacharente,bd6t55094214f,,failed,0,0,,no_usable_pages,known,,,bd6t55094214f: no usable pages in manifest.,2026-07-17T17:52:01.473245
lacharente,bd6t55094215v,,failed,0,0,,no_usable_pages,known,,,bd6t55094215v: no usable pages in manifest.,2026-07-17T17:52:01.611352
lacharente,bd6t550942168,,failed,0,0,,no_usable_pages,known,,,bd6t550942168: no usable pages in manifest.,2026-07-17T17:52:01.722294
lacharente,bd6t55094217p,,failed,0,0,,no_usable_pages,known,,,bd6t55094217p: no usable pages in manifest.,2026-07-17T17:52:01.909382
lacharente,bd6t550942183,,failed,0,0,,no_usable_pages,known,,,bd6t550942183: no usable pages in manifest.,2026-07-17T17:52:02.062341
lacharente,bd6t55094219h,,failed,0,0,,no_usable_pages,known,,,bd6t55094219h: no usable pages in manifest.,2026-07-17T17:52:02.334324
lacharente,bd6t550942205,,failed,0,0,,no_usable_pages,known,,,bd6t550942205: no usable pages in manifest.,2026-07-17T17:52:02.432246
lacharente,bd6t55094221k,,failed,0,0,,no_usable_pages,known,,,bd6t55094221k: no usable pages in manifest.,2026-07-17T17:52:02.544279
lacharente,bd6t550942220,,failed,0,0,,no_usable_pages,known,,,bd6t550942220: no usable pages in manifest.,2026-07-17T17:52:02.665229
lacharente,bd6t55094223d,,failed,0,0,,no_usable_pages,known,,,bd6t55094223d: no usable pages in manifest.,2026-07-17T17:52:02.767252
lacharente,bd6t55094224t,,failed,0,0,,no_usable_pages,known,,,bd6t55094224t: no usable pages in manifest.,2026-07-17T17:52:02.894741
lacharente,bd6t550942257,,failed,0,0,,no_usable_pages,known,,,bd6t550942257: no usable pages in manifest.,2026-07-17T17:52:03.011429
lacharente,bd6t55094226n,,failed,0,0,,no_usable_pages,known,,,bd6t55094226n: no usable pages in manifest.,2026-07-17T17:52:03.157287
lacharente,bd6t550942272,,failed,0,0,,no_usable_pages,known,,,bd6t550942272: no usable pages in manifest.,2026-07-17T17:52:03.373756
lacharente,bd6t55094228g,,failed,0,0,,no_usable_pages,known,,,bd6t55094228g: no usable pages in manifest.,2026-07-17T17:52:03.525126
lacharente,bd6t55094229w,,failed,0,0,,no_usable_pages,known,,,bd6t55094229w: no usable pages in manifest.,2026-07-17T17:52:03.632228
lacharente,bd6t55094230j,,failed,0,0,,no_usable_pages,known,,,bd6t55094230j: no usable pages in manifest.,2026-07-17T17:52:03.726514
lacharente,bd6t55094231z,,failed,0,0,,no_usable_pages,known,,,bd6t55094231z: no usable pages in manifest.,2026-07-17T17:52:03.847718
lacharente,bd6t55094232c,,failed,0,0,,no_usable_pages,known,,,bd6t55094232c: no usable pages in manifest.,2026-07-17T17:52:03.955147
lacharente,bd6t55094233s,,failed,0,0,,no_usable_pages,known,,,bd6t55094233s: no usable pages in manifest.,2026-07-17T17:52:04.157139
lacharente,bd6t550942346,,failed,0,0,,no_usable_pages,known,,,bd6t550942346: no usable pages in manifest.,2026-07-17T17:52:04.314113
lacharente,bd6t55094235m,,failed,0,0,,no_usable_pages,known,,,bd6t55094235m: no usable pages in manifest.,2026-07-17T17:52:04.464078
lacharente,bd6t550942361,,failed,0,0,,no_usable_pages,known,,,bd6t550942361: no usable pages in manifest.,2026-07-17T17:52:04.576246
lacharente,bd6t55094237f,,failed,0,0,,no_usable_pages,known,,,bd6t55094237f: no usable pages in manifest.,2026-07-17T17:52:04.719531
lacharente,bd6t55094238v,,failed,0,0,,no_usable_pages,known,,,bd6t55094238v: no usable pages in manifest.,2026-07-17T17:52:04.848206
lacharente,bd6t550942398,,failed,0,0,,no_usable_pages,known,,,bd6t550942398: no usable pages in manifest.,2026-07-17T17:52:04.979267
lacharente,bd6t55094240x,,failed,0,0,,no_usable_pages,known,,,bd6t55094240x: no usable pages in manifest.,2026-07-17T17:52:05.078477
lacharente,bd6t55094241b,,failed,0,0,,no_usable_pages,known,,,bd6t55094241b: no usable pages in manifest.,2026-07-17T17:52:05.195807
lacharente,bd6t55094242r,,failed,0,0,,no_usable_pages,known,,,bd6t55094242r: no usable pages in manifest.,2026-07-17T17:52:05.332805
lacharente,bd6t550942435,,failed,0,0,,no_usable_pages,known,,,bd6t550942435: no usable pages in manifest.,2026-07-17T17:52:05.572106
lacharente,bd6t55094244k,,failed,0,0,,no_usable_pages,known,,,bd6t55094244k: no usable pages in manifest.,2026-07-17T17:52:05.685342
lacharente,bd6t550942450,,failed,0,0,,no_usable_pages,known,,,bd6t550942450: no usable pages in manifest.,2026-07-17T17:52:05.796620
lacharente,bd6t55094246d,,failed,0,0,,no_usable_pages,known,,,bd6t55094246d: no usable pages in manifest.,2026-07-17T17:52:05.917515
lacharente,bd6t55094247t,,failed,0,0,,no_usable_pages,known,,,bd6t55094247t: no usable pages in manifest.,2026-07-17T17:52:06.019014
lacharente,bd6t550942487,,failed,0,0,,no_usable_pages,known,,,bd6t550942487: no usable pages in manifest.,2026-07-17T17:52:06.133085
lacharente,bd6t55094249n,,failed,0,0,,no_usable_pages,known,,,bd6t55094249n: no usable pages in manifest.,2026-07-17T17:52:06.248960
lacharente,bd6t550942509,,failed,0,0,,no_usable_pages,known,,,bd6t550942509: no usable pages in manifest.,2026-07-17T17:52:06.385983
lacharente,bd6t55094251q,,failed,0,0,,no_usable_pages,known,,,bd6t55094251q: no usable pages in manifest.,2026-07-17T17:52:06.595322
lacharente,bd6t55094253j,,failed,0,0,,no_usable_pages,known,,,bd6t55094253j: no usable pages in manifest.,2026-07-17T17:52:06.762135
lacharente,bd6t55094254z,,failed,0,0,,no_usable_pages,known,,,bd6t55094254z: no usable pages in manifest.,2026-07-17T17:52:06.888287
lacharente,bd6t55094255c,,failed,0,0,,no_usable_pages,known,,,bd6t55094255c: no usable pages in manifest.,2026-07-17T17:52:07.017208
lacharente,bd6t55094256s,,failed,0,0,,no_usable_pages,known,,,bd6t55094256s: no usable pages in manifest.,2026-07-17T17:52:07.446474
lacharente,bd6t550942576,,failed,0,0,,no_usable_pages,known,,,bd6t550942576: no usable pages in manifest.,2026-07-17T17:52:07.734904
lacharente,bd6t55094258m,,failed,0,0,,no_usable_pages,known,,,bd6t55094258m: no usable pages in manifest.,2026-07-17T17:52:07.967394
lacharente,bd6t550942591,,failed,0,0,,no_usable_pages,known,,,bd6t550942591: no usable pages in manifest.,2026-07-17T17:52:08.087968
lacharente,bd6t55094260p,,failed,0,0,,no_usable_pages,known,,,bd6t55094260p: no usable pages in manifest.,2026-07-17T17:52:08.228421
lacharente,bd6t550942613,,failed,0,0,,no_usable_pages,known,,,bd6t550942613: no usable pages in manifest.,2026-07-17T17:52:08.357740
lacharente,bd6t55094262h,,failed,0,0,,no_usable_pages,known,,,bd6t55094262h: no usable pages in manifest.,2026-07-17T17:52:08.494005
lacharente,bd6t55094263x,,failed,0,0,,no_usable_pages,known,,,bd6t55094263x: no usable pages in manifest.,2026-07-17T17:52:08.702491
lacharente,bd6t55094264b,,failed,0,0,,no_usable_pages,known,,,bd6t55094264b: no usable pages in manifest.,2026-07-17T17:52:08.844186
lacharente,bd6t55094265r,,failed,0,0,,no_usable_pages,known,,,bd6t55094265r: no usable pages in manifest.,2026-07-17T17:52:08.980427
lacharente,bd6t550942665,,failed,0,0,,no_usable_pages,known,,,bd6t550942665: no usable pages in manifest.,2026-07-17T17:52:09.094802
lacharente,bd6t55094267k,,failed,0,0,,no_usable_pages,known,,,bd6t55094267k: no usable pages in manifest.,2026-07-17T17:52:09.191841
lacharente,bd6t550942680,,failed,0,0,,no_usable_pages,known,,,bd6t550942680: no usable pages in manifest.,2026-07-17T17:52:09.337356
lacharente,bd6t55094269d,,failed,0,0,,no_usable_pages,known,,,bd6t55094269d: no usable pages in manifest.,2026-07-17T17:52:09.450069
lacharente,bd6t550942702,,failed,0,0,,no_usable_pages,known,,,bd6t550942702: no usable pages in manifest.,2026-07-17T17:52:09.572309
lacharente,bd6t55094271g,,failed,0,0,,no_usable_pages,known,,,bd6t55094271g: no usable pages in manifest.,2026-07-17T17:52:09.774885
lacharente,bd6t55094272w,,failed,0,0,,no_usable_pages,known,,,bd6t55094272w: no usable pages in manifest.,2026-07-17T17:52:09.930507
lacharente,bd6t550942739,,failed,0,0,,no_usable_pages,known,,,bd6t550942739: no usable pages in manifest.,2026-07-17T17:52:10.053925
lacharente,bd6t55094274q,,failed,0,0,,no_usable_pages,known,,,bd6t55094274q: no usable pages in manifest.,2026-07-17T17:52:10.161257
lacharente,bd6t550942754,,failed,0,0,,no_usable_pages,known,,,bd6t550942754: no usable pages in manifest.,2026-07-17T17:52:10.308985
lacharente,bd6t55094276j,,failed,0,0,,no_usable_pages,known,,,bd6t55094276j: no usable pages in manifest.,2026-07-17T17:52:10.425154
lacharente,bd6t55094277z,,failed,0,0,,no_usable_pages,known,,,bd6t55094277z: no usable pages in manifest.,2026-07-17T17:52:10.557070
lacharente,bd6t55094278c,,failed,0,0,,no_usable_pages,known,,,bd6t55094278c: no usable pages in manifest.,2026-07-17T17:52:10.662801
lacharente,bd6t55094279s,,failed,0,0,,no_usable_pages,known,,,bd6t55094279s: no usable pages in manifest.,2026-07-17T17:52:10.862352
lacharente,bd6t55094280f,,failed,0,0,,no_usable_pages,known,,,bd6t55094280f: no usable pages in manifest.,2026-07-17T17:52:10.995344
lacharente,bd6t55094281v,,failed,0,0,,no_usable_pages,known,,,bd6t55094281v: no usable pages in manifest.,2026-07-17T17:52:11.113134
lacharente,bd6t550942828,,failed,0,0,,no_usable_pages,known,,,bd6t550942828: no usable pages in manifest.,2026-07-17T17:52:11.194373
lacharente,bd6t55094283p,,failed,0,0,,no_usable_pages,known,,,bd6t55094283p: no usable pages in manifest.,2026-07-17T17:52:11.346191
lacharente,bd6t550942843,,failed,0,0,,no_usable_pages,known,,,bd6t550942843: no usable pages in manifest.,2026-07-17T17:52:11.476295
lacharente,bd6t55094285h,,failed,0,0,,no_usable_pages,known,,,bd6t55094285h: no usable pages in manifest.,2026-07-17T17:52:11.555855
lacharente,bd6t55094286x,,failed,0,0,,no_usable_pages,known,,,bd6t55094286x: no usable pages in manifest.,2026-07-17T17:52:11.669422
lacharente,bd6t55094287b,,failed,0,0,,no_usable_pages,known,,,bd6t55094287b: no usable pages in manifest.,2026-07-17T17:52:11.792702
lacharente,bd6t55094288r,,failed,0,0,,no_usable_pages,known,,,bd6t55094288r: no usable pages in manifest.,2026-07-17T17:52:11.975893
lacharente,bd6t550942895,,failed,0,0,,no_usable_pages,known,,,bd6t550942895: no usable pages in manifest.,2026-07-17T17:52:12.155143
lacharente,bd6t55094290t,,failed,0,0,,no_usable_pages,known,,,bd6t55094290t: no usable pages in manifest.,2026-07-17T17:52:12.262303
lacharente,bd6t550942917,,failed,0,0,,no_usable_pages,known,,,bd6t550942917: no usable pages in manifest.,2026-07-17T17:52:12.409214
lacharente,bd6t55094292n,,failed,0,0,,no_usable_pages,known,,,bd6t55094292n: no usable pages in manifest.,2026-07-17T17:52:12.516745
lacharente,bd6t550942932,,failed,0,0,,no_usable_pages,known,,,bd6t550942932: no usable pages in manifest.,2026-07-17T17:52:12.584962
lacharente,bd6t55094294g,,failed,0,0,,no_usable_pages,known,,,bd6t55094294g: no usable pages in manifest.,2026-07-17T17:52:12.692292
lacharente,bd6t55094295w,,failed,0,0,,no_usable_pages,known,,,bd6t55094295w: no usable pages in manifest.,2026-07-17T17:52:12.763657
lacharente,bd6t550942969,,failed,0,0,,no_usable_pages,known,,,bd6t550942969: no usable pages in manifest.,2026-07-17T17:52:12.866913
lacharente,bd6t55094297q,,failed,0,0,,no_usable_pages,known,,,bd6t55094297q: no usable pages in manifest.,2026-07-17T17:52:13.277769
lacharente,bd6t550942984,,failed,0,0,,no_usable_pages,known,,,bd6t550942984: no usable pages in manifest.,2026-07-17T17:52:13.490689
lacharente,bd6t55094299j,,failed,0,0,,no_usable_pages,known,,,bd6t55094299j: no usable pages in manifest.,2026-07-17T17:52:13.576686
lacharente,bd6t55094300r,,failed,0,0,,no_usable_pages,known,,,bd6t55094300r: no usable pages in manifest.,2026-07-17T17:52:13.679509
lacharente,bd6t550943015,,failed,0,0,,no_usable_pages,known,,,bd6t550943015: no usable pages in manifest.,2026-07-17T17:52:13.800415
lacharente,bd6t55094302k,,failed,0,0,,no_usable_pages,known,,,bd6t55094302k: no usable pages in manifest.,2026-07-17T17:52:13.936287
lacharente,bd6t550943030,,failed,0,0,,no_usable_pages,known,,,bd6t550943030: no usable pages in manifest.,2026-07-17T17:52:14.099241
lacharente,bd6t55094304d,,failed,0,0,,no_usable_pages,known,,,bd6t55094304d: no usable pages in manifest.,2026-07-17T17:52:14.236339
lacharente,bd6t55094305t,,failed,0,0,,no_usable_pages,known,,,bd6t55094305t: no usable pages in manifest.,2026-07-17T17:52:14.362260
lacharente,bd6t550943067,,failed,0,0,,no_usable_pages,known,,,bd6t550943067: no usable pages in manifest.,2026-07-17T17:52:14.507533
lacharente,bd6t55094307n,,failed,0,0,,no_usable_pages,known,,,bd6t55094307n: no usable pages in manifest.,2026-07-17T17:52:14.707261
lacharente,bd6t550943082,,failed,0,0,,no_usable_pages,known,,,bd6t550943082: no usable pages in manifest.,2026-07-17T17:52:14.789465
lacharente,bd6t55094309g,,failed,0,0,,no_usable_pages,known,,,bd6t55094309g: no usable pages in manifest.,2026-07-17T17:52:14.994943
lacharente,bd6t550943104,,failed,0,0,,no_usable_pages,known,,,bd6t550943104: no usable pages in manifest.,2026-07-17T17:52:15.142081
lacharente,bd6t55094311j,,failed,0,0,,no_usable_pages,known,,,bd6t55094311j: no usable pages in manifest.,2026-07-17T17:52:15.272425
lacharente,bd6t55094312z,,failed,0,0,,no_usable_pages,known,,,bd6t55094312z: no usable pages in manifest.,2026-07-17T17:52:15.389268
lacharente,bd6t55094313c,,failed,0,0,,no_usable_pages,known,,,bd6t55094313c: no usable pages in manifest.,2026-07-17T17:52:15.495079
lacharente,bd6t55094314s,,failed,0,0,,no_usable_pages,known,,,bd6t55094314s: no usable pages in manifest.,2026-07-17T17:52:15.602349
lacharente,bd6t550943156,,failed,0,0,,no_usable_pages,known,,,bd6t550943156: no usable pages in manifest.,2026-07-17T17:52:15.717484
lacharente,bd6t55094316m,,failed,0,0,,no_usable_pages,known,,,bd6t55094316m: no usable pages in manifest.,2026-07-17T17:52:15.842326
lacharente,bd6t550943171,,failed,0,0,,no_usable_pages,known,,,bd6t550943171: no usable pages in manifest.,2026-07-17T17:52:16.011033
lacharente,bd6t55094318f,,failed,0,0,,no_usable_pages,known,,,bd6t55094318f: no usable pages in manifest.,2026-07-17T17:52:16.156378
lacharente,bd6t55094319v,,failed,0,0,,no_usable_pages,known,,,bd6t55094319v: no usable pages in manifest.,2026-07-17T17:52:16.290748
lacharente,bd6t55094320h,,failed,0,0,,no_usable_pages,known,,,bd6t55094320h: no usable pages in manifest.,2026-07-17T17:52:16.413070
lacharente,bd6t550943512,,failed,0,0,,no_usable_pages,known,,,bd6t550943512: no usable pages in manifest.,2026-07-17T17:52:16.522432
lacharente,bd6t55094321x,,failed,0,0,,no_usable_pages,known,,,bd6t55094321x: no usable pages in manifest.,2026-07-17T17:52:16.659927
lacharente,bd6t55094322b,,failed,0,0,,no_usable_pages,known,,,bd6t55094322b: no usable pages in manifest.,2026-07-17T17:52:16.768459
lacharente,bd6t55094323r,,failed,0,0,,no_usable_pages,known,,,bd6t55094323r: no usable pages in manifest.,2026-07-17T17:52:16.883379
lacharente,bd6t550943245,,failed,0,0,,no_usable_pages,known,,,bd6t550943245: no usable pages in manifest.,2026-07-17T17:52:17.069050
lacharente,bd6t55094325k,,failed,0,0,,no_usable_pages,known,,,bd6t55094325k: no usable pages in manifest.,2026-07-17T17:52:17.272350
lacharente,bd6t550943260,,failed,0,0,,no_usable_pages,known,,,bd6t550943260: no usable pages in manifest.,2026-07-17T17:52:17.397128
lacharente,bd6t55094327d,,failed,0,0,,no_usable_pages,known,,,bd6t55094327d: no usable pages in manifest.,2026-07-17T17:52:17.491157
lacharente,bd6t55094328t,,failed,0,0,,no_usable_pages,known,,,bd6t55094328t: no usable pages in manifest.,2026-07-17T17:52:17.579192
lacharente,bd6t550943297,,failed,0,0,,no_usable_pages,known,,,bd6t550943297: no usable pages in manifest.,2026-07-17T17:52:17.671341
lacharente,bd6t55094330w,,failed,0,0,,no_usable_pages,known,,,bd6t55094330w: no usable pages in manifest.,2026-07-17T17:52:17.780930
lacharente,bd6t550943319,,failed,0,0,,no_usable_pages,known,,,bd6t550943319: no usable pages in manifest.,2026-07-17T17:52:17.887605
lacharente,bd6t55094332q,,failed,0,0,,no_usable_pages,known,,,bd6t55094332q: no usable pages in manifest.,2026-07-17T17:52:18.030564
lacharente,bd6t550943334,,failed,0,0,,no_usable_pages,known,,,bd6t550943334: no usable pages in manifest.,2026-07-17T17:52:18.141576
lacharente,bd6t55094334j,,failed,0,0,,no_usable_pages,known,,,bd6t55094334j: no usable pages in manifest.,2026-07-17T17:52:18.305765
lacharente,bd6t55094335z,,failed,0,0,,no_usable_pages,known,,,bd6t55094335z: no usable pages in manifest.,2026-07-17T17:52:18.454234
lacharente,bd6t55094336c,,failed,0,0,,no_usable_pages,known,,,bd6t55094336c: no usable pages in manifest.,2026-07-17T17:52:18.543234
lacharente,bd6t55094337s,,failed,0,0,,no_usable_pages,known,,,bd6t55094337s: no usable pages in manifest.,2026-07-17T17:52:18.685154
lacharente,bd6t550943386,,failed,0,0,,no_usable_pages,known,,,bd6t550943386: no usable pages in manifest.,2026-07-17T17:52:19.085054
lacharente,bd6t55094339m,,failed,0,0,,no_usable_pages,known,,,bd6t55094339m: no usable pages in manifest.,2026-07-17T17:52:19.307144
lacharente,bd6t550943408,,failed,0,0,,no_usable_pages,known,,,bd6t550943408: no usable pages in manifest.,2026-07-17T17:52:19.513661
lacharente,bd6t55094341p,,failed,0,0,,no_usable_pages,known,,,bd6t55094341p: no usable pages in manifest.,2026-07-17T17:52:19.638177
lacharente,bd6t550943423,,failed,0,0,,no_usable_pages,known,,,bd6t550943423: no usable pages in manifest.,2026-07-17T17:52:19.759125
lacharente,bd6t550942524,,failed,0,0,,no_usable_pages,known,,,bd6t550942524: no usable pages in manifest.,2026-07-17T17:52:19.876239
lacharente,bd6t55094343h,,failed,0,0,,no_usable_pages,known,,,bd6t55094343h: no usable pages in manifest.,2026-07-17T17:52:20.021624
lacharente,bd6t55094344x,,failed,0,0,,no_usable_pages,known,,,bd6t55094344x: no usable pages in manifest.,2026-07-17T17:52:20.140238
lacharente,bd6t55094345b,,failed,0,0,,no_usable_pages,known,,,bd6t55094345b: no usable pages in manifest.,2026-07-17T17:52:20.251190
lacharente,bd6t55094346r,,failed,0,0,,no_usable_pages,known,,,bd6t55094346r: no usable pages in manifest.,2026-07-17T17:52:20.370009
lacharente,bd6t550943475,,failed,0,0,,no_usable_pages,known,,,bd6t550943475: no usable pages in manifest.,2026-07-17T17:52:20.537759
lacharente,bd6t55094348k,,failed,0,0,,no_usable_pages,known,,,bd6t55094348k: no usable pages in manifest.,2026-07-17T17:52:20.665566
lacharente,bd6t550943490,,failed,0,0,,no_usable_pages,known,,,bd6t550943490: no usable pages in manifest.,2026-07-17T17:52:20.768126
lacharente,bd6t55094350n,,failed,0,0,,no_usable_pages,known,,,bd6t55094350n: no usable pages in manifest.,2026-07-17T17:52:20.881721
lacharente,bd6t55094352g,,failed,0,0,,no_usable_pages,known,,,bd6t55094352g: no usable pages in manifest.,2026-07-17T17:52:20.993734
lacharente,bd6t55094353w,,failed,0,0,,no_usable_pages,known,,,bd6t55094353w: no usable pages in manifest.,2026-07-17T17:52:21.095059
lacharente,bd6t550943549,,failed,0,0,,no_usable_pages,known,,,bd6t550943549: no usable pages in manifest.,2026-07-17T17:52:21.213543
lacharente,bd6t55094355q,,failed,0,0,,no_usable_pages,known,,,bd6t55094355q: no usable pages in manifest.,2026-07-17T17:52:21.349842
lacharente,bd6t550943564,,failed,0,0,,no_usable_pages,known,,,bd6t550943564: no usable pages in manifest.,2026-07-17T17:52:21.476509
lacharente,bd6t55094357j,,failed,0,0,,no_usable_pages,known,,,bd6t55094357j: no usable pages in manifest.,2026-07-17T17:52:21.643524
lacharente,bd6t55094358z,,failed,0,0,,no_usable_pages,known,,,bd6t55094358z: no usable pages in manifest.,2026-07-17T17:52:21.780342
lacharente,bd6t55094359c,,failed,0,0,,no_usable_pages,known,,,bd6t55094359c: no usable pages in manifest.,2026-07-17T17:52:21.881101
lacharente,bd6t550943601,,failed,0,0,,no_usable_pages,known,,,bd6t550943601: no usable pages in manifest.,2026-07-17T17:52:21.985498
lacharente,bd6t55094361f,,failed,0,0,,no_usable_pages,known,,,bd6t55094361f: no usable pages in manifest.,2026-07-17T17:52:22.102270
lacharente,bd6t55094362v,,failed,0,0,,no_usable_pages,known,,,bd6t55094362v: no usable pages in manifest.,2026-07-17T17:52:22.200605
lacharente,bd6t550943638,,failed,0,0,,no_usable_pages,known,,,bd6t550943638: no usable pages in manifest.,2026-07-17T17:52:22.323892
lacharente,bd6t55094364p,,failed,0,0,,no_usable_pages,known,,,bd6t55094364p: no usable pages in manifest.,2026-07-17T17:52:22.408330
lacharente,bd6t550943653,,failed,0,0,,no_usable_pages,known,,,bd6t550943653: no usable pages in manifest.,2026-07-17T17:52:22.564169
lacharente,bd6t55094366h,,failed,0,0,,no_usable_pages,known,,,bd6t55094366h: no usable pages in manifest.,2026-07-17T17:52:22.702587
lacharente,bd6t55094367x,,failed,0,0,,no_usable_pages,known,,,bd6t55094367x: no usable pages in manifest.,2026-07-17T17:52:22.819920
lacharente,bd6t55094368b,,failed,0,0,,no_usable_pages,known,,,bd6t55094368b: no usable pages in manifest.,2026-07-17T17:52:22.946228
lacharente,bd6t55094369r,,failed,0,0,,no_usable_pages,known,,,bd6t55094369r: no usable pages in manifest.,2026-07-17T17:52:23.058024
lacharente,bd6t55094370d,,failed,0,0,,no_usable_pages,known,,,bd6t55094370d: no usable pages in manifest.,2026-07-17T17:52:23.183258
lacharente,bd6t55094371t,,failed,0,0,,no_usable_pages,known,,,bd6t55094371t: no usable pages in manifest.,2026-07-17T17:52:23.285664
lacharente,bd6t550943727,,failed,0,0,,no_usable_pages,known,,,bd6t550943727: no usable pages in manifest.,2026-07-17T17:52:23.463384
lacharente,bd6t55094373n,,failed,0,0,,no_usable_pages,known,,,bd6t55094373n: no usable pages in manifest.,2026-07-17T17:52:23.610780
lacharente,bd6t550943742,,failed,0,0,,no_usable_pages,known,,,bd6t550943742: no usable pages in manifest.,2026-07-17T17:52:23.813882
lacharente,bd6t55094375g,,failed,0,0,,no_usable_pages,known,,,bd6t55094375g: no usable pages in manifest.,2026-07-17T17:52:23.941630
lacharente,bd6t55094376w,,failed,0,0,,no_usable_pages,known,,,bd6t55094376w: no usable pages in manifest.,2026-07-17T17:52:24.047425
lacharente,bd6t550943779,,failed,0,0,,no_usable_pages,known,,,bd6t550943779: no usable pages in manifest.,2026-07-17T17:52:24.156283
lacharente,bd6t55094378q,,failed,0,0,,no_usable_pages,known,,,bd6t55094378q: no usable pages in manifest.,2026-07-17T17:52:24.252962
lacharente,bd6t550943794,,failed,0,0,,no_usable_pages,known,,,bd6t550943794: no usable pages in manifest.,2026-07-17T17:52:24.363235
lacharente,bd6t55094380s,,failed,0,0,,no_usable_pages,known,,,bd6t55094380s: no usable pages in manifest.,2026-07-17T17:52:24.477592
lacharente,bd6t550943816,,failed,0,0,,no_usable_pages,known,,,bd6t550943816: no usable pages in manifest.,2026-07-17T17:52:24.995855
lacharente,bd6t55094382m,,failed,0,0,,no_usable_pages,known,,,bd6t55094382m: no usable pages in manifest.,2026-07-17T17:52:25.197130
lacharente,bd6t550943831,,failed,0,0,,no_usable_pages,known,,,bd6t550943831: no usable pages in manifest.,2026-07-17T17:52:25.324371
lacharente,bd6t55094384f,,failed,0,0,,no_usable_pages,known,,,bd6t55094384f: no usable pages in manifest.,2026-07-17T17:52:25.426159
lacharente,bd6t55094385v,,failed,0,0,,no_usable_pages,known,,,bd6t55094385v: no usable pages in manifest.,2026-07-17T17:52:25.556738
lacharente,bd6t550943868,,failed,0,0,,no_usable_pages,known,,,bd6t550943868: no usable pages in manifest.,2026-07-17T17:52:25.646838
lacharente,bd6t55094387p,,failed,0,0,,no_usable_pages,known,,,bd6t55094387p: no usable pages in manifest.,2026-07-17T17:52:25.787115
lacharente,bd6t550943883,,failed,0,0,,no_usable_pages,known,,,bd6t550943883: no usable pages in manifest.,2026-07-17T17:52:25.894838
lacharente,bd6t55094389h,,failed,0,0,,no_usable_pages,known,,,bd6t55094389h: no usable pages in manifest.,2026-07-17T17:52:26.012335
lacharente,bd6t550943905,,failed,0,0,,no_usable_pages,known,,,bd6t550943905: no usable pages in manifest.,2026-07-17T17:52:26.144497
lacharente,bd6t55094391k,,failed,0,0,,no_usable_pages,known,,,bd6t55094391k: no usable pages in manifest.,2026-07-17T17:52:26.347028
lacharente,bd6t550943920,,failed,0,0,,no_usable_pages,known,,,bd6t550943920: no usable pages in manifest.,2026-07-17T17:52:26.426016
lacharente,bd6t55094393d,,failed,0,0,,no_usable_pages,known,,,bd6t55094393d: no usable pages in manifest.,2026-07-17T17:52:26.510567
lacharente,bd6t55094394t,,failed,0,0,,no_usable_pages,known,,,bd6t55094394t: no usable pages in manifest.,2026-07-17T17:52:26.637573
lacharente,bd6t550943957,,failed,0,0,,no_usable_pages,known,,,bd6t550943957: no usable pages in manifest.,2026-07-17T17:52:26.773536
lacharente,bd6t55094396n,,failed,0,0,,no_usable_pages,known,,,bd6t55094396n: no usable pages in manifest.,2026-07-17T17:52:26.889130
lacharente,bd6t550943972,,failed,0,0,,no_usable_pages,known,,,bd6t550943972: no usable pages in manifest.,2026-07-17T17:52:26.995736
lacharente,bd6t55094398g,,failed,0,0,,no_usable_pages,known,,,bd6t55094398g: no usable pages in manifest.,2026-07-17T17:52:27.096063
lacharente,bd6t55094399w,,failed,0,0,,no_usable_pages,known,,,bd6t55094399w: no usable pages in manifest.,2026-07-17T17:52:27.218483
lacharente,bd6t550944003,,failed,0,0,,no_usable_pages,known,,,bd6t550944003: no usable pages in manifest.,2026-07-17T17:52:27.394214
lacharente,bd6t55094401h,,failed,0,0,,no_usable_pages,known,,,bd6t55094401h: no usable pages in manifest.,2026-07-17T17:52:27.591362
lacharente,bd6t55094402x,,failed,0,0,,no_usable_pages,known,,,bd6t55094402x: no usable pages in manifest.,2026-07-17T17:52:27.714312
lacharente,bd6t55094403b,,failed,0,0,,no_usable_pages,known,,,bd6t55094403b: no usable pages in manifest.,2026-07-17T17:52:27.838549
lacharente,bd6t55094404r,,failed,0,0,,no_usable_pages,known,,,bd6t55094404r: no usable pages in manifest.,2026-07-17T17:52:27.942097
lacharente,bd6t550944055,,failed,0,0,,no_usable_pages,known,,,bd6t550944055: no usable pages in manifest.,2026-07-17T17:52:28.047672
lacharente,bd6t55094406k,,failed,0,0,,no_usable_pages,known,,,bd6t55094406k: no usable pages in manifest.,2026-07-17T17:52:28.139768
lacharente,bd6t550944070,,failed,0,0,,no_usable_pages,known,,,bd6t550944070: no usable pages in manifest.,2026-07-17T17:52:28.253052
lacharente,bd6t55094408d,,failed,0,0,,no_usable_pages,known,,,bd6t55094408d: no usable pages in manifest.,2026-07-17T17:52:28.396293
lacharente,bd6t55094409t,,failed,0,0,,no_usable_pages,known,,,bd6t55094409t: no usable pages in manifest.,2026-07-17T17:52:28.510605
lacharente,bd6t55094410g,,failed,0,0,,no_usable_pages,known,,,bd6t55094410g: no usable pages in manifest.,2026-07-17T17:52:28.660708
lacharente,bd6t55094411w,,failed,0,0,,no_usable_pages,known,,,bd6t55094411w: no usable pages in manifest.,2026-07-17T17:52:28.773966
lacharente,bd6t550944129,,failed,0,0,,no_usable_pages,known,,,bd6t550944129: no usable pages in manifest.,2026-07-17T17:52:28.947034
lacharente,bd6t55094413q,,failed,0,0,,no_usable_pages,known,,,bd6t55094413q: no usable pages in manifest.,2026-07-17T17:52:29.081279
lacharente,bd6t550944144,,failed,0,0,,no_usable_pages,known,,,bd6t550944144: no usable pages in manifest.,2026-07-17T17:52:29.257669
lacharente,bd6t55094415j,,failed,0,0,,no_usable_pages,known,,,bd6t55094415j: no usable pages in manifest.,2026-07-17T17:52:29.428050
lacharente,bd6t55094416z,,failed,0,0,,no_usable_pages,known,,,bd6t55094416z: no usable pages in manifest.,2026-07-17T17:52:29.609535
lacharente,bd6t55094417c,,failed,0,0,,no_usable_pages,known,,,bd6t55094417c: no usable pages in manifest.,2026-07-17T17:52:29.713225
lacharente,bd6t55094418s,,failed,0,0,,no_usable_pages,known,,,bd6t55094418s: no usable pages in manifest.,2026-07-17T17:52:29.832270
lacharente,bd6t550944196,,failed,0,0,,no_usable_pages,known,,,bd6t550944196: no usable pages in manifest.,2026-07-17T17:52:29.971382
lacharente,bd6t55094420v,,failed,0,0,,no_usable_pages,known,,,bd6t55094420v: no usable pages in manifest.,2026-07-17T17:52:30.074244
lacharente,bd6t550944218,,failed,0,0,,no_usable_pages,known,,,bd6t550944218: no usable pages in manifest.,2026-07-17T17:52:30.197752
lacharente,bd6t55094422p,,failed,0,0,,no_usable_pages,known,,,bd6t55094422p: no usable pages in manifest.,2026-07-17T17:52:30.306277
lacharente,bd6t550944233,,failed,0,0,,no_usable_pages,known,,,bd6t550944233: no usable pages in manifest.,2026-07-17T17:52:30.596494
lacharente,bd6t55094424h,,failed,0,0,,no_usable_pages,known,,,bd6t55094424h: no usable pages in manifest.,2026-07-17T17:52:30.811035
lacharente,bd6t55094425x,,failed,0,0,,no_usable_pages,known,,,bd6t55094425x: no usable pages in manifest.,2026-07-17T17:52:30.956006
lacharente,bd6t55094426b,,failed,0,0,,no_usable_pages,known,,,bd6t55094426b: no usable pages in manifest.,2026-07-17T17:52:31.083102
lacharente,bd6t55094427r,,failed,0,0,,no_usable_pages,known,,,bd6t55094427r: no usable pages in manifest.,2026-07-17T17:52:31.193869
lacharente,bd6t550944285,,failed,0,0,,no_usable_pages,known,,,bd6t550944285: no usable pages in manifest.,2026-07-17T17:52:31.294506
lacharente,bd6t55094429k,,failed,0,0,,no_usable_pages,known,,,bd6t55094429k: no usable pages in manifest.,2026-07-17T17:52:31.378106
lacharente,bd6t550944307,,failed,0,0,,no_usable_pages,known,,,bd6t550944307: no usable pages in manifest.,2026-07-17T17:52:31.482916
lacharente,bd6t55094431n,,failed,0,0,,no_usable_pages,known,,,bd6t55094431n: no usable pages in manifest.,2026-07-17T17:52:31.597935
lacharente,bd6t550944322,,failed,0,0,,no_usable_pages,known,,,bd6t550944322: no usable pages in manifest.,2026-07-17T17:52:31.722852
lacharente,bd6t55094433g,,failed,0,0,,no_usable_pages,known,,,bd6t55094433g: no usable pages in manifest.,2026-07-17T17:52:31.837963
lacharente,bd6t55094434w,,failed,0,0,,no_usable_pages,known,,,bd6t55094434w: no usable pages in manifest.,2026-07-17T17:52:31.955671
lacharente,bd6t55094443v,,failed,0,0,,no_usable_pages,known,,,bd6t55094443v: no usable pages in manifest.,2026-07-17T17:52:32.157087
lacharente,bd6t550944359,,failed,0,0,,no_usable_pages,known,,,bd6t550944359: no usable pages in manifest.,2026-07-17T17:52:32.284669
lacharente,bd6t55094436q,,failed,0,0,,no_usable_pages,known,,,bd6t55094436q: no usable pages in manifest.,2026-07-17T17:52:32.401381
lacharente,bd6t550944374,,failed,0,0,,no_usable_pages,known,,,bd6t550944374: no usable pages in manifest.,2026-07-17T17:52:32.511012
lacharente,bd6t55094438j,,failed,0,0,,no_usable_pages,known,,,bd6t55094438j: no usable pages in manifest.,2026-07-17T17:52:32.630635
lacharente,bd6t55094439z,,failed,0,0,,no_usable_pages,known,,,bd6t55094439z: no usable pages in manifest.,2026-07-17T17:52:32.723562
lacharente,bd6t55094440m,,failed,0,0,,no_usable_pages,known,,,bd6t55094440m: no usable pages in manifest.,2026-07-17T17:52:32.844600
lacharente,bd6t550944411,,failed,0,0,,no_usable_pages,known,,,bd6t550944411: no usable pages in manifest.,2026-07-17T17:52:32.965279
lacharente,bd6t550944448,,failed,0,0,,no_usable_pages,known,,,bd6t550944448: no usable pages in manifest.,2026-07-17T17:52:33.036065
lacharente,bd6t55094445p,,failed,0,0,,no_usable_pages,known,,,bd6t55094445p: no usable pages in manifest.,2026-07-17T17:52:33.174270
lacharente,bd6t550944463,,failed,0,0,,no_usable_pages,known,,,bd6t550944463: no usable pages in manifest.,2026-07-17T17:52:33.288171
lacharente,bd6t55094447h,,failed,0,0,,no_usable_pages,known,,,bd6t55094447h: no usable pages in manifest.,2026-07-17T17:52:33.461390
lacharente,bd6t55094448x,,failed,0,0,,no_usable_pages,known,,,bd6t55094448x: no usable pages in manifest.,2026-07-17T17:52:33.542609
lacharente,bd6t55094449b,,failed,0,0,,no_usable_pages,known,,,bd6t55094449b: no usable pages in manifest.,2026-07-17T17:52:33.731878
lacharente,bd6t550944500,,failed,0,0,,no_usable_pages,known,,,bd6t550944500: no usable pages in manifest.,2026-07-17T17:52:33.862292
lacharente,bd6t55094451d,,failed,0,0,,no_usable_pages,known,,,bd6t55094451d: no usable pages in manifest.,2026-07-17T17:52:34.020221
lacharente,bd6t55094452t,,failed,0,0,,no_usable_pages,known,,,bd6t55094452t: no usable pages in manifest.,2026-07-17T17:52:34.202839
lacharente,bd6t550944537,,failed,0,0,,no_usable_pages,known,,,bd6t550944537: no usable pages in manifest.,2026-07-17T17:52:34.329708
lacharente,bd6t55094454n,,failed,0,0,,no_usable_pages,known,,,bd6t55094454n: no usable pages in manifest.,2026-07-17T17:52:34.467258
lacharente,bd6t550944552,,failed,0,0,,no_usable_pages,known,,,bd6t550944552: no usable pages in manifest.,2026-07-17T17:52:34.569614
lacharente,bd6t55094456g,,failed,0,0,,no_usable_pages,known,,,bd6t55094456g: no usable pages in manifest.,2026-07-17T17:52:34.749803
lacharente,bd6t55094457w,,failed,0,0,,no_usable_pages,known,,,bd6t55094457w: no usable pages in manifest.,2026-07-17T17:52:34.880824
lacharente,bd6t550944589,,failed,0,0,,no_usable_pages,known,,,bd6t550944589: no usable pages in manifest.,2026-07-17T17:52:35.015182
lacharente,bd6t55094459q,,failed,0,0,,no_usable_pages,known,,,bd6t55094459q: no usable pages in manifest.,2026-07-17T17:52:35.117203
lacharente,bd6t55094460c,,failed,0,0,,no_usable_pages,known,,,bd6t55094460c: no usable pages in manifest.,2026-07-17T17:52:35.227393
lacharente,bd6t55094461s,,failed,0,0,,no_usable_pages,known,,,bd6t55094461s: no usable pages in manifest.,2026-07-17T17:52:35.310584
lacharente,bd6t550944626,,failed,0,0,,no_usable_pages,known,,,bd6t550944626: no usable pages in manifest.,2026-07-17T17:52:35.435735
lacharente,bd6t55094463m,,failed,0,0,,no_usable_pages,known,,,bd6t55094463m: no usable pages in manifest.,2026-07-17T17:52:35.528696
lacharente,bd6t550944641,,failed,0,0,,no_usable_pages,known,,,bd6t550944641: no usable pages in manifest.,2026-07-17T17:52:35.654852
lacharente,bd6t55094466v,,failed,0,0,,no_usable_pages,known,,,bd6t55094466v: no usable pages in manifest.,2026-07-17T17:52:35.775181
lacharente,bd6t550944678,,failed,0,0,,no_usable_pages,known,,,bd6t550944678: no usable pages in manifest.,2026-07-17T17:52:35.874125
lacharente,bd6t55094498t,,failed,0,0,,no_usable_pages,known,,,bd6t55094498t: no usable pages in manifest.,2026-07-17T17:52:35.973776
lacharente,bd6t55094468p,,failed,0,0,,no_usable_pages,known,,,bd6t55094468p: no usable pages in manifest.,2026-07-17T17:52:36.158351
lacharente,bd6t550944693,,failed,0,0,,no_usable_pages,known,,,bd6t550944693: no usable pages in manifest.,2026-07-17T17:52:36.629362
lacharente,bd6t55094470r,,failed,0,0,,no_usable_pages,known,,,bd6t55094470r: no usable pages in manifest.,2026-07-17T17:52:36.753457
lacharente,bd6t550944715,,failed,0,0,,no_usable_pages,known,,,bd6t550944715: no usable pages in manifest.,2026-07-17T17:52:36.892700
lacharente,bd6t55094472k,,failed,0,0,,no_usable_pages,known,,,bd6t55094472k: no usable pages in manifest.,2026-07-17T17:52:37.022697
lacharente,bd6t550944730,,failed,0,0,,no_usable_pages,known,,,bd6t550944730: no usable pages in manifest.,2026-07-17T17:52:37.187387
lacharente,bd6t55094474d,,failed,0,0,,no_usable_pages,known,,,bd6t55094474d: no usable pages in manifest.,2026-07-17T17:52:37.284137
lacharente,bd6t55094475t,,failed,0,0,,no_usable_pages,known,,,bd6t55094475t: no usable pages in manifest.,2026-07-17T17:52:37.389109
lacharente,bd6t550944767,,failed,0,0,,no_usable_pages,known,,,bd6t550944767: no usable pages in manifest.,2026-07-17T17:52:37.613644
lacharente,bd6t550944782,,failed,0,0,,no_usable_pages,known,,,bd6t550944782: no usable pages in manifest.,2026-07-17T17:52:37.762966
lacharente,bd6t55094479g,,failed,0,0,,no_usable_pages,known,,,bd6t55094479g: no usable pages in manifest.,2026-07-17T17:52:37.888212
lacharente,bd6t550944804,,failed,0,0,,no_usable_pages,known,,,bd6t550944804: no usable pages in manifest.,2026-07-17T17:52:37.962609
lacharente,bd6t55094481j,,failed,0,0,,no_usable_pages,known,,,bd6t55094481j: no usable pages in manifest.,2026-07-17T17:52:38.062632
lacharente,bd6t55094482z,,failed,0,0,,no_usable_pages,known,,,bd6t55094482z: no usable pages in manifest.,2026-07-17T17:52:38.202532
lacharente,bd6t55094483c,,failed,0,0,,no_usable_pages,known,,,bd6t55094483c: no usable pages in manifest.,2026-07-17T17:52:38.300816
lacharente,bd6t55094484s,,failed,0,0,,no_usable_pages,known,,,bd6t55094484s: no usable pages in manifest.,2026-07-17T17:52:38.384500
lacharente,bd6t550944856,,failed,0,0,,no_usable_pages,known,,,bd6t550944856: no usable pages in manifest.,2026-07-17T17:52:38.486444
lacharente,bd6t55094486m,,failed,0,0,,no_usable_pages,known,,,bd6t55094486m: no usable pages in manifest.,2026-07-17T17:52:38.585440
lacharente,bd6t550944871,,failed,0,0,,no_usable_pages,known,,,bd6t550944871: no usable pages in manifest.,2026-07-17T17:52:38.763577
lacharente,bd6t55094488f,,failed,0,0,,no_usable_pages,known,,,bd6t55094488f: no usable pages in manifest.,2026-07-17T17:52:38.908692
lacharente,bd6t55094489v,,failed,0,0,,no_usable_pages,known,,,bd6t55094489v: no usable pages in manifest.,2026-07-17T17:52:39.109417
lacharente,bd6t55094490h,,failed,0,0,,no_usable_pages,known,,,bd6t55094490h: no usable pages in manifest.,2026-07-17T17:52:39.275908
lacharente,bd6t55094491x,,failed,0,0,,no_usable_pages,known,,,bd6t55094491x: no usable pages in manifest.,2026-07-17T17:52:39.384401
lacharente,bd6t55094492b,,failed,0,0,,no_usable_pages,known,,,bd6t55094492b: no usable pages in manifest.,2026-07-17T17:52:39.497350
lacharente,bd6t55094465f,,failed,0,0,,no_usable_pages,known,,,bd6t55094465f: no usable pages in manifest.,2026-07-17T17:52:39.611476
lacharente,bd6t55094493r,,failed,0,0,,no_usable_pages,known,,,bd6t55094493r: no usable pages in manifest.,2026-07-17T17:52:39.740865
lacharente,bd6t550944945,,failed,0,0,,no_usable_pages,known,,,bd6t550944945: no usable pages in manifest.,2026-07-17T17:52:39.883173
lacharente,bd6t55094495k,,failed,0,0,,no_usable_pages,known,,,bd6t55094495k: no usable pages in manifest.,2026-07-17T17:52:39.987476
lacharente,bd6t550944960,,failed,0,0,,no_usable_pages,known,,,bd6t550944960: no usable pages in manifest.,2026-07-17T17:52:40.146153
lacharente,bd6t55094497d,,failed,0,0,,no_usable_pages,known,,,bd6t55094497d: no usable pages in manifest.,2026-07-17T17:52:40.368555
lacharente,bd6t550944997,,failed,0,0,,no_usable_pages,known,,,bd6t550944997: no usable pages in manifest.,2026-07-17T17:52:40.498656
lacharente,bd6t55094500f,,failed,0,0,,no_usable_pages,known,,,bd6t55094500f: no usable pages in manifest.,2026-07-17T17:52:40.608533
lacharente,bd6t55094442f,,failed,0,0,,no_usable_pages,known,,,bd6t55094442f: no usable pages in manifest.,2026-07-17T17:52:40.713775
lacharente,bd6t55094501v,,failed,0,0,,no_usable_pages,known,,,bd6t55094501v: no usable pages in manifest.,2026-07-17T17:52:40.841977
lacharente,bd6t550945028,,failed,0,0,,no_usable_pages,known,,,bd6t550945028: no usable pages in manifest.,2026-07-17T17:52:40.977597
lacharente,bd6t55094503p,,failed,0,0,,no_usable_pages,known,,,bd6t55094503p: no usable pages in manifest.,2026-07-17T17:52:41.129212
lacharente,bd6t550945043,,failed,0,0,,no_usable_pages,known,,,bd6t550945043: no usable pages in manifest.,2026-07-17T17:52:41.213868
lacharente,bd6t55094505h,,failed,0,0,,no_usable_pages,known,,,bd6t55094505h: no usable pages in manifest.,2026-07-17T17:52:41.408274
lacharente,bd6t55094506x,,failed,0,0,,no_usable_pages,known,,,bd6t55094506x: no usable pages in manifest.,2026-07-17T17:52:41.540417
lacharente,bd6t55094507b,,failed,0,0,,no_usable_pages,known,,,bd6t55094507b: no usable pages in manifest.,2026-07-17T17:52:41.679575
lacharente,bd6t55094508r,,failed,0,0,,no_usable_pages,known,,,bd6t55094508r: no usable pages in manifest.,2026-07-17T17:52:41.779066
lacharente,bd6t550945095,,failed,0,0,,no_usable_pages,known,,,bd6t550945095: no usable pages in manifest.,2026-07-17T17:52:42.248414
lacharente,bd6t55094510t,,failed,0,0,,no_usable_pages,known,,,bd6t55094510t: no usable pages in manifest.,2026-07-17T17:52:42.464102
lacharente,bd6t550945117,,failed,0,0,,no_usable_pages,known,,,bd6t550945117: no usable pages in manifest.,2026-07-17T17:52:42.569240
lacharente,bd6t55094512n,,failed,0,0,,no_usable_pages,known,,,bd6t55094512n: no usable pages in manifest.,2026-07-17T17:52:42.692760
lacharente,bd6t550945132,,failed,0,0,,no_usable_pages,known,,,bd6t550945132: no usable pages in manifest.,2026-07-17T17:52:42.836566
lacharente,bd6t55094514g,,failed,0,0,,no_usable_pages,known,,,bd6t55094514g: no usable pages in manifest.,2026-07-17T17:52:42.947084
lacharente,bd6t55094515w,,failed,0,0,,no_usable_pages,known,,,bd6t55094515w: no usable pages in manifest.,2026-07-17T17:52:43.016923
lacharente,bd6t550945169,,failed,0,0,,no_usable_pages,known,,,bd6t550945169: no usable pages in manifest.,2026-07-17T17:52:43.148443
lacharente,bd6t55094517q,,failed,0,0,,no_usable_pages,known,,,bd6t55094517q: no usable pages in manifest.,2026-07-17T17:52:43.304015
lacharente,bd6t550945184,,failed,0,0,,no_usable_pages,known,,,bd6t550945184: no usable pages in manifest.,2026-07-17T17:52:43.510135
lacharente,bd6t55094519j,,failed,0,0,,no_usable_pages,known,,,bd6t55094519j: no usable pages in manifest.,2026-07-17T17:52:43.680820
lacharente,bd6t550945206,,failed,0,0,,no_usable_pages,known,,,bd6t550945206: no usable pages in manifest.,2026-07-17T17:52:43.850870
lacharente,bd6t55094521m,,failed,0,0,,no_usable_pages,known,,,bd6t55094521m: no usable pages in manifest.,2026-07-17T17:52:43.958893
lacharente,bd6t550945221,,failed,0,0,,no_usable_pages,known,,,bd6t550945221: no usable pages in manifest.,2026-07-17T17:52:44.079686
lacharente,bd6t55094523f,,failed,0,0,,no_usable_pages,known,,,bd6t55094523f: no usable pages in manifest.,2026-07-17T17:52:44.206013
lacharente,bd6t55094524v,,failed,0,0,,no_usable_pages,known,,,bd6t55094524v: no usable pages in manifest.,2026-07-17T17:52:44.327434
lacharente,bd6t550945258,,failed,0,0,,no_usable_pages,known,,,bd6t550945258: no usable pages in manifest.,2026-07-17T17:52:44.513861
lacharente,bd6t55094526p,,failed,0,0,,no_usable_pages,known,,,bd6t55094526p: no usable pages in manifest.,2026-07-17T17:52:44.628253
lacharente,bd6t550945273,,failed,0,0,,no_usable_pages,known,,,bd6t550945273: no usable pages in manifest.,2026-07-17T17:52:44.756725
lacharente,bd6t55094528h,,failed,0,0,,no_usable_pages,known,,,bd6t55094528h: no usable pages in manifest.,2026-07-17T17:52:44.863732
lacharente,bd6t55094529x,,failed,0,0,,no_usable_pages,known,,,bd6t55094529x: no usable pages in manifest.,2026-07-17T17:52:44.973470
lacharente,bd6t55094530k,,failed,0,0,,no_usable_pages,known,,,bd6t55094530k: no usable pages in manifest.,2026-07-17T17:52:45.107740
lacharente,bd6t550945310,,failed,0,0,,no_usable_pages,known,,,bd6t550945310: no usable pages in manifest.,2026-07-17T17:52:45.245453
lacharente,bd6t55094532d,,failed,0,0,,no_usable_pages,known,,,bd6t55094532d: no usable pages in manifest.,2026-07-17T17:52:45.353088
lacharente,bd6t55094533t,,failed,0,0,,no_usable_pages,known,,,bd6t55094533t: no usable pages in manifest.,2026-07-17T17:52:45.635646
lacharente,bd6t550945347,,failed,0,0,,no_usable_pages,known,,,bd6t550945347: no usable pages in manifest.,2026-07-17T17:52:45.797768
lacharente,bd6t55094535n,,failed,0,0,,no_usable_pages,known,,,bd6t55094535n: no usable pages in manifest.,2026-07-17T17:52:45.951128
lacharente,bd6t550945362,,failed,0,0,,no_usable_pages,known,,,bd6t550945362: no usable pages in manifest.,2026-07-17T17:52:46.083896
lacharente,bd6t55094537g,,failed,0,0,,no_usable_pages,known,,,bd6t55094537g: no usable pages in manifest.,2026-07-17T17:52:46.199851
lacharente,bd6t55094538w,,failed,0,0,,no_usable_pages,known,,,bd6t55094538w: no usable pages in manifest.,2026-07-17T17:52:46.375407
lacharente,bd6t550945399,,failed,0,0,,no_usable_pages,known,,,bd6t550945399: no usable pages in manifest.,2026-07-17T17:52:46.487328
lacharente,bd6t55094540z,,failed,0,0,,no_usable_pages,known,,,bd6t55094540z: no usable pages in manifest.,2026-07-17T17:52:46.741439
lacharente,bd6t55094541c,,failed,0,0,,no_usable_pages,known,,,bd6t55094541c: no usable pages in manifest.,2026-07-17T17:52:46.865119
lacharente,bd6t55094542s,,failed,0,0,,no_usable_pages,known,,,bd6t55094542s: no usable pages in manifest.,2026-07-17T17:52:46.967326
lacharente,bd6t550945436,,failed,0,0,,no_usable_pages,known,,,bd6t550945436: no usable pages in manifest.,2026-07-17T17:52:47.079506
lacharente,bd6t55094544m,,failed,0,0,,no_usable_pages,known,,,bd6t55094544m: no usable pages in manifest.,2026-07-17T17:52:47.272292
lacharente,bd6t550945451,,failed,0,0,,no_usable_pages,known,,,bd6t550945451: no usable pages in manifest.,2026-07-17T17:52:47.399268
lacharente,bd6t55094546f,,failed,0,0,,no_usable_pages,known,,,bd6t55094546f: no usable pages in manifest.,2026-07-17T17:52:47.531028
lacharente,bd6t55094547v,,failed,0,0,,no_usable_pages,known,,,bd6t55094547v: no usable pages in manifest.,2026-07-17T17:52:47.731718
lacharente,bd6t550945488,,failed,0,0,,no_usable_pages,known,,,bd6t550945488: no usable pages in manifest.,2026-07-17T17:52:47.851487
lacharente,bd6t55094549p,,failed,0,0,,no_usable_pages,known,,,bd6t55094549p: no usable pages in manifest.,2026-07-17T17:52:48.167517
lacharente,bd6t55094550b,,failed,0,0,,no_usable_pages,known,,,bd6t55094550b: no usable pages in manifest.,2026-07-17T17:52:48.538290
lacharente,bd6t55094551r,,failed,0,0,,no_usable_pages,known,,,bd6t55094551r: no usable pages in manifest.,2026-07-17T17:52:48.682448
lacharente,bd6t550945525,,failed,0,0,,no_usable_pages,known,,,bd6t550945525: no usable pages in manifest.,2026-07-17T17:52:48.915544
lacharente,bd6t55094553k,,failed,0,0,,no_usable_pages,known,,,bd6t55094553k: no usable pages in manifest.,2026-07-17T17:52:49.068825
lacharente,bd6t550945540,,failed,0,0,,no_usable_pages,known,,,bd6t550945540: no usable pages in manifest.,2026-07-17T17:52:49.205864
lacharente,bd6t55094555d,,failed,0,0,,no_usable_pages,known,,,bd6t55094555d: no usable pages in manifest.,2026-07-17T17:52:49.333607
lacharente,bd6t55094556t,,failed,0,0,,no_usable_pages,known,,,bd6t55094556t: no usable pages in manifest.,2026-07-17T17:52:49.423981
lacharente,bd6t550945577,,failed,0,0,,no_usable_pages,known,,,bd6t550945577: no usable pages in manifest.,2026-07-17T17:52:49.611641
lacharente,bd6t55094558n,,failed,0,0,,no_usable_pages,known,,,bd6t55094558n: no usable pages in manifest.,2026-07-17T17:52:49.747700
lacharente,bd6t550945592,,failed,0,0,,no_usable_pages,known,,,bd6t550945592: no usable pages in manifest.,2026-07-17T17:52:49.942525
lacharente,bd6t55094560q,,failed,0,0,,no_usable_pages,known,,,bd6t55094560q: no usable pages in manifest.,2026-07-17T17:52:50.047435
lacharente,bd6t550945614,,failed,0,0,,no_usable_pages,known,,,bd6t550945614: no usable pages in manifest.,2026-07-17T17:52:50.164644
lacharente,bd6t55094562j,,failed,0,0,,no_usable_pages,known,,,bd6t55094562j: no usable pages in manifest.,2026-07-17T17:52:50.263272
lacharente,bd6t55094563z,,failed,0,0,,no_usable_pages,known,,,bd6t55094563z: no usable pages in manifest.,2026-07-17T17:52:50.391807
lacharente,bd6t55094564c,,failed,0,0,,no_usable_pages,known,,,bd6t55094564c: no usable pages in manifest.,2026-07-17T17:52:50.518470
lacharente,bd6t55094565s,,failed,0,0,,no_usable_pages,known,,,bd6t55094565s: no usable pages in manifest.,2026-07-17T17:52:50.636101
lacharente,bd6t550945666,,failed,0,0,,no_usable_pages,known,,,bd6t550945666: no usable pages in manifest.,2026-07-17T17:52:50.798341
lacharente,bd6t55094567m,,failed,0,0,,no_usable_pages,known,,,bd6t55094567m: no usable pages in manifest.,2026-07-17T17:52:51.025372
lacharente,bd6t550945681,,failed,0,0,,no_usable_pages,known,,,bd6t550945681: no usable pages in manifest.,2026-07-17T17:52:51.173253
lacharente,bd6t55094569f,,failed,0,0,,no_usable_pages,known,,,bd6t55094569f: no usable pages in manifest.,2026-07-17T17:52:51.318011
lacharente,bd6t550945703,,failed,0,0,,no_usable_pages,known,,,bd6t550945703: no usable pages in manifest.,2026-07-17T17:52:51.505604
lacharente,bd6t55094571h,,failed,0,0,,no_usable_pages,known,,,bd6t55094571h: no usable pages in manifest.,2026-07-17T17:52:51.617701
lacharente,bd6t55094572x,,failed,0,0,,no_usable_pages,known,,,bd6t55094572x: no usable pages in manifest.,2026-07-17T17:52:51.715119
lacharente,bd6t55094573b,,failed,0,0,,no_usable_pages,known,,,bd6t55094573b: no usable pages in manifest.,2026-07-17T17:52:51.860638
lacharente,bd6t55094574r,,failed,0,0,,no_usable_pages,known,,,bd6t55094574r: no usable pages in manifest.,2026-07-17T17:52:52.019116
lacharente,bd6t550945755,,failed,0,0,,no_usable_pages,known,,,bd6t550945755: no usable pages in manifest.,2026-07-17T17:52:52.153169
lacharente,bd6t55094576k,,failed,0,0,,no_usable_pages,known,,,bd6t55094576k: no usable pages in manifest.,2026-07-17T17:52:52.306363
lacharente,bd6t550945770,,failed,0,0,,no_usable_pages,known,,,bd6t550945770: no usable pages in manifest.,2026-07-17T17:52:52.429832
lacharente,bd6t55094578d,,failed,0,0,,no_usable_pages,known,,,bd6t55094578d: no usable pages in manifest.,2026-07-17T17:52:52.530414
lacharente,bd6t55094579t,,failed,0,0,,no_usable_pages,known,,,bd6t55094579t: no usable pages in manifest.,2026-07-17T17:52:52.621982
lacharente,bd6t55094580g,,failed,0,0,,no_usable_pages,known,,,bd6t55094580g: no usable pages in manifest.,2026-07-17T17:52:52.758317
lacharente,bd6t55094581w,,failed,0,0,,no_usable_pages,known,,,bd6t55094581w: no usable pages in manifest.,2026-07-17T17:52:52.943710
lacharente,bd6t550945829,,failed,0,0,,no_usable_pages,known,,,bd6t550945829: no usable pages in manifest.,2026-07-17T17:52:53.296019
lacharente,bd6t55094583q,,failed,0,0,,no_usable_pages,known,,,bd6t55094583q: no usable pages in manifest.,2026-07-17T17:52:53.504653
lacharente,bd6t550945844,,failed,0,0,,no_usable_pages,known,,,bd6t550945844: no usable pages in manifest.,2026-07-17T17:52:53.667354
lacharente,bd6t55094585j,,failed,0,0,,no_usable_pages,known,,,bd6t55094585j: no usable pages in manifest.,2026-07-17T17:52:53.838928
lacharente,bd6t55094586z,,failed,0,0,,no_usable_pages,known,,,bd6t55094586z: no usable pages in manifest.,2026-07-17T17:52:54.151642
lacharente,bd6t55094587c,,failed,0,0,,no_usable_pages,known,,,bd6t55094587c: no usable pages in manifest.,2026-07-17T17:52:54.368072
lacharente,bd6t55094588s,,failed,0,0,,no_usable_pages,known,,,bd6t55094588s: no usable pages in manifest.,2026-07-17T17:52:54.471964
lacharente,bd6t550945896,,failed,0,0,,no_usable_pages,known,,,bd6t550945896: no usable pages in manifest.,2026-07-17T17:52:54.603107
lacharente,bd6t55094590v,,failed,0,0,,no_usable_pages,known,,,bd6t55094590v: no usable pages in manifest.,2026-07-17T17:52:54.704656
lacharente,bd6t55094592p,,failed,0,0,,no_usable_pages,known,,,bd6t55094592p: no usable pages in manifest.,2026-07-17T17:52:54.854808
lacharente,bd6t550945933,,failed,0,0,,no_usable_pages,known,,,bd6t550945933: no usable pages in manifest.,2026-07-17T17:52:54.964454
lacharente,bd6t55094594h,,failed,0,0,,no_usable_pages,known,,,bd6t55094594h: no usable pages in manifest.,2026-07-17T17:52:55.068429
lacharente,bd6t55094595x,,failed,0,0,,no_usable_pages,known,,,bd6t55094595x: no usable pages in manifest.,2026-07-17T17:52:55.196284
lacharente,bd6t55094596b,,failed,0,0,,no_usable_pages,known,,,bd6t55094596b: no usable pages in manifest.,2026-07-17T17:52:55.377767
lacharente,bd6t55094597r,,failed,0,0,,no_usable_pages,known,,,bd6t55094597r: no usable pages in manifest.,2026-07-17T17:52:55.542940
lacharente,bd6t550945985,,failed,0,0,,no_usable_pages,known,,,bd6t550945985: no usable pages in manifest.,2026-07-17T17:52:55.617572
lacharente,bd6t55094599k,,failed,0,0,,no_usable_pages,known,,,bd6t55094599k: no usable pages in manifest.,2026-07-17T17:52:55.719446
lacharente,bd6t55094600s,,failed,0,0,,no_usable_pages,known,,,bd6t55094600s: no usable pages in manifest.,2026-07-17T17:52:55.839371
lacharente,bd6t550946016,,failed,0,0,,no_usable_pages,known,,,bd6t550946016: no usable pages in manifest.,2026-07-17T17:52:55.985273
lacharente,bd6t55094602m,,failed,0,0,,no_usable_pages,known,,,bd6t55094602m: no usable pages in manifest.,2026-07-17T17:52:56.179805
lacharente,bd6t550946031,,failed,0,0,,no_usable_pages,known,,,bd6t550946031: no usable pages in manifest.,2026-07-17T17:52:56.467136
lacharente,bd6t55094604f,,failed,0,0,,no_usable_pages,known,,,bd6t55094604f: no usable pages in manifest.,2026-07-17T17:52:56.720172
lacharente,bd6t55094605v,,failed,0,0,,no_usable_pages,known,,,bd6t55094605v: no usable pages in manifest.,2026-07-17T17:52:56.838880
lacharente,bd6t550946068,,failed,0,0,,no_usable_pages,known,,,bd6t550946068: no usable pages in manifest.,2026-07-17T17:52:56.979170
lacharente,bd6t55094607p,,failed,0,0,,no_usable_pages,known,,,bd6t55094607p: no usable pages in manifest.,2026-07-17T17:52:57.180259
lacharente,bd6t550946083,,failed,0,0,,no_usable_pages,known,,,bd6t550946083: no usable pages in manifest.,2026-07-17T17:52:57.295827
lacharente,bd6t55094609h,,failed,0,0,,no_usable_pages,known,,,bd6t55094609h: no usable pages in manifest.,2026-07-17T17:52:57.501055
lacharente,bd6t550946105,,failed,0,0,,no_usable_pages,known,,,bd6t550946105: no usable pages in manifest.,2026-07-17T17:52:57.622370
lacharente,bd6t55094611k,,failed,0,0,,no_usable_pages,known,,,bd6t55094611k: no usable pages in manifest.,2026-07-17T17:52:57.727941
lacharente,bd6t550946120,,failed,0,0,,no_usable_pages,known,,,bd6t550946120: no usable pages in manifest.,2026-07-17T17:52:57.841624
lacharente,bd6t55094613d,,failed,0,0,,no_usable_pages,known,,,bd6t55094613d: no usable pages in manifest.,2026-07-17T17:52:57.942262
lacharente,bd6t55094614t,,failed,0,0,,no_usable_pages,known,,,bd6t55094614t: no usable pages in manifest.,2026-07-17T17:52:58.043829
lacharente,bd6t550946157,,failed,0,0,,no_usable_pages,known,,,bd6t550946157: no usable pages in manifest.,2026-07-17T17:52:58.165327
lacharente,bd6t55094616n,,failed,0,0,,no_usable_pages,known,,,bd6t55094616n: no usable pages in manifest.,2026-07-17T17:52:58.256958
lacharente,bd6t550946172,,failed,0,0,,no_usable_pages,known,,,bd6t550946172: no usable pages in manifest.,2026-07-17T17:52:58.369046
lacharente,bd6t55094618g,,failed,0,0,,no_usable_pages,known,,,bd6t55094618g: no usable pages in manifest.,2026-07-17T17:52:58.586272
lacharente,bd6t55094619w,,failed,0,0,,no_usable_pages,known,,,bd6t55094619w: no usable pages in manifest.,2026-07-17T17:52:58.768071
lacharente,bd6t55094620j,,failed,0,0,,no_usable_pages,known,,,bd6t55094620j: no usable pages in manifest.,2026-07-17T17:52:58.890446
lacharente,bd6t55094621z,,failed,0,0,,no_usable_pages,known,,,bd6t55094621z: no usable pages in manifest.,2026-07-17T17:52:59.034196
lacharente,bd6t55094622c,,failed,0,0,,no_usable_pages,known,,,bd6t55094622c: no usable pages in manifest.,2026-07-17T17:52:59.153129
lacharente,bd6t55094623s,,failed,0,0,,no_usable_pages,known,,,bd6t55094623s: no usable pages in manifest.,2026-07-17T17:52:59.272148
lacharente,bd6t550946246,,failed,0,0,,no_usable_pages,known,,,bd6t550946246: no usable pages in manifest.,2026-07-17T17:52:59.463103
lacharente,bd6t55094625m,,failed,0,0,,no_usable_pages,known,,,bd6t55094625m: no usable pages in manifest.,2026-07-17T17:53:00.147589
lacharente,bd6t550946261,,failed,0,0,,no_usable_pages,known,,,bd6t550946261: no usable pages in manifest.,2026-07-17T17:53:00.262960
lacharente,bd6t55094627f,,failed,0,0,,no_usable_pages,known,,,bd6t55094627f: no usable pages in manifest.,2026-07-17T17:53:00.366643
lacharente,bd6t55094628v,,failed,0,0,,no_usable_pages,known,,,bd6t55094628v: no usable pages in manifest.,2026-07-17T17:53:00.486194
lacharente,bd6t550946298,,failed,0,0,,no_usable_pages,known,,,bd6t550946298: no usable pages in manifest.,2026-07-17T17:53:00.598383
lacharente,bd6t55094630x,,failed,0,0,,no_usable_pages,known,,,bd6t55094630x: no usable pages in manifest.,2026-07-17T17:53:00.824215
lacharente,bd6t55094631b,,failed,0,0,,no_usable_pages,known,,,bd6t55094631b: no usable pages in manifest.,2026-07-17T17:53:00.953287
lacharente,bd6t55094632r,,failed,0,0,,no_usable_pages,known,,,bd6t55094632r: no usable pages in manifest.,2026-07-17T17:53:01.090870
lacharente,bd6t550946335,,failed,0,0,,no_usable_pages,known,,,bd6t550946335: no usable pages in manifest.,2026-07-17T17:53:01.228348
lacharente,bd6t55094634k,,failed,0,0,,no_usable_pages,known,,,bd6t55094634k: no usable pages in manifest.,2026-07-17T17:53:01.368364
lacharente,bd6t550946350,,failed,0,0,,no_usable_pages,known,,,bd6t550946350: no usable pages in manifest.,2026-07-17T17:53:01.518495
lacharente,bd6t55094636d,,failed,0,0,,no_usable_pages,known,,,bd6t55094636d: no usable pages in manifest.,2026-07-17T17:53:01.661478
lacharente,bd6t55094637t,,failed,0,0,,no_usable_pages,known,,,bd6t55094637t: no usable pages in manifest.,2026-07-17T17:53:01.873530
lacharente,bd6t55094639n,,failed,0,0,,no_usable_pages,known,,,bd6t55094639n: no usable pages in manifest.,2026-07-17T17:53:02.014482
lacharente,bd6t550946409,,failed,0,0,,no_usable_pages,known,,,bd6t550946409: no usable pages in manifest.,2026-07-17T17:53:02.176459
lacharente,bd6t550946387,,failed,0,0,,no_usable_pages,known,,,bd6t550946387: no usable pages in manifest.,2026-07-17T17:53:02.281616
lacharente,bd6t55094641q,,failed,0,0,,no_usable_pages,known,,,bd6t55094641q: no usable pages in manifest.,2026-07-17T17:53:02.457275
lacharente,bd6t550946424,,failed,0,0,,no_usable_pages,known,,,bd6t550946424: no usable pages in manifest.,2026-07-17T17:53:02.556605
lacharente,bd6t55094643j,,failed,0,0,,no_usable_pages,known,,,bd6t55094643j: no usable pages in manifest.,2026-07-17T17:53:02.721091
lacharente,bd6t55094644z,,failed,0,0,,no_usable_pages,known,,,bd6t55094644z: no usable pages in manifest.,2026-07-17T17:53:02.946285
lacharente,bd6t55094645c,,failed,0,0,,no_usable_pages,known,,,bd6t55094645c: no usable pages in manifest.,2026-07-17T17:53:03.037878
lacharente,bd6t55094646s,,failed,0,0,,no_usable_pages,known,,,bd6t55094646s: no usable pages in manifest.,2026-07-17T17:53:03.162319
lacharente,bd6t550946476,,failed,0,0,,no_usable_pages,known,,,bd6t550946476: no usable pages in manifest.,2026-07-17T17:53:03.264424
lacharente,bd6t55094648m,,failed,0,0,,no_usable_pages,known,,,bd6t55094648m: no usable pages in manifest.,2026-07-17T17:53:03.371458
lacharente,bd6t550946491,,failed,0,0,,no_usable_pages,known,,,bd6t550946491: no usable pages in manifest.,2026-07-17T17:53:03.467394
lacharente,bd6t55094650p,,failed,0,0,,no_usable_pages,known,,,bd6t55094650p: no usable pages in manifest.,2026-07-17T17:53:03.611059
lacharente,bd6t550946513,,failed,0,0,,no_usable_pages,known,,,bd6t550946513: no usable pages in manifest.,2026-07-17T17:53:03.730854
lacharente,bd6t55094652h,,failed,0,0,,no_usable_pages,known,,,bd6t55094652h: no usable pages in manifest.,2026-07-17T17:53:03.924380
lacharente,bd6t550945918,,failed,0,0,,no_usable_pages,known,,,bd6t550945918: no usable pages in manifest.,2026-07-17T17:53:04.104063
lacharente,bd6t55094653x,,failed,0,0,,no_usable_pages,known,,,bd6t55094653x: no usable pages in manifest.,2026-07-17T17:53:04.233332
lacharente,bd6t55094654b,,failed,0,0,,no_usable_pages,known,,,bd6t55094654b: no usable pages in manifest.,2026-07-17T17:53:04.350526
lacharente,bd6t55094655r,,failed,0,0,,no_usable_pages,known,,,bd6t55094655r: no usable pages in manifest.,2026-07-17T17:53:04.466680
lacharente,bd6t550946565,,failed,0,0,,no_usable_pages,known,,,bd6t550946565: no usable pages in manifest.,2026-07-17T17:53:04.666008
lacharente,bd6t55094657k,,failed,0,0,,no_usable_pages,known,,,bd6t55094657k: no usable pages in manifest.,2026-07-17T17:53:04.792372
lacharente,bd6t550946580,,failed,0,0,,no_usable_pages,known,,,bd6t550946580: no usable pages in manifest.,2026-07-17T17:53:04.979388
lacharente,bd6t55094659d,,failed,0,0,,no_usable_pages,known,,,bd6t55094659d: no usable pages in manifest.,2026-07-17T17:53:05.149144
lacharente,bd6t550946602,,failed,0,0,,no_usable_pages,known,,,bd6t550946602: no usable pages in manifest.,2026-07-17T17:53:05.271325
lacharente,bd6t55094661g,,failed,0,0,,no_usable_pages,known,,,bd6t55094661g: no usable pages in manifest.,2026-07-17T17:53:05.375260
lacharente,bd6t55094662w,,failed,0,0,,no_usable_pages,known,,,bd6t55094662w: no usable pages in manifest.,2026-07-17T17:53:05.490863
lacharente,bd6t550946639,,failed,0,0,,no_usable_pages,known,,,bd6t550946639: no usable pages in manifest.,2026-07-17T17:53:05.839844
lacharente,bd6t55094664q,,failed,0,0,,no_usable_pages,known,,,bd6t55094664q: no usable pages in manifest.,2026-07-17T17:53:06.235094
lacharente,bd6t550946654,,failed,0,0,,no_usable_pages,known,,,bd6t550946654: no usable pages in manifest.,2026-07-17T17:53:06.326340
lacharente,bd6t55094666j,,failed,0,0,,no_usable_pages,known,,,bd6t55094666j: no usable pages in manifest.,2026-07-17T17:53:06.431410
lacharente,bd6t55094667z,,failed,0,0,,no_usable_pages,known,,,bd6t55094667z: no usable pages in manifest.,2026-07-17T17:53:06.549566
lacharente,bd6t55094668c,,failed,0,0,,no_usable_pages,known,,,bd6t55094668c: no usable pages in manifest.,2026-07-17T17:53:06.665950
lacharente,bd6t55094669s,,failed,0,0,,no_usable_pages,known,,,bd6t55094669s: no usable pages in manifest.,2026-07-17T17:53:06.792057
lacharente,bd6t55094670f,,failed,0,0,,no_usable_pages,known,,,bd6t55094670f: no usable pages in manifest.,2026-07-17T17:53:06.907049
lacharente,bd6t55094671v,,failed,0,0,,no_usable_pages,known,,,bd6t55094671v: no usable pages in manifest.,2026-07-17T17:53:07.035513
lacharente,bd6t550946728,,failed,0,0,,no_usable_pages,known,,,bd6t550946728: no usable pages in manifest.,2026-07-17T17:53:07.241659
lacharente,bd6t55094673p,,failed,0,0,,no_usable_pages,known,,,bd6t55094673p: no usable pages in manifest.,2026-07-17T17:53:07.375274
lacharente,bd6t550946743,,failed,0,0,,no_usable_pages,known,,,bd6t550946743: no usable pages in manifest.,2026-07-17T17:53:07.511831
lacharente,bd6t55094675h,,failed,0,0,,no_usable_pages,known,,,bd6t55094675h: no usable pages in manifest.,2026-07-17T17:53:07.670612
lacharente,bd6t55094676x,,failed,0,0,,no_usable_pages,known,,,bd6t55094676x: no usable pages in manifest.,2026-07-17T17:53:07.854398
lacharente,bd6t55094677b,,failed,0,0,,no_usable_pages,known,,,bd6t55094677b: no usable pages in manifest.,2026-07-17T17:53:08.015680
lacharente,bd6t55094678r,,failed,0,0,,no_usable_pages,known,,,bd6t55094678r: no usable pages in manifest.,2026-07-17T17:53:08.129041
lacharente,bd6t550946795,,failed,0,0,,no_usable_pages,known,,,bd6t550946795: no usable pages in manifest.,2026-07-17T17:53:08.430349
lacharente,bd6t55094680t,,failed,0,0,,no_usable_pages,known,,,bd6t55094680t: no usable pages in manifest.,2026-07-17T17:53:08.577549
lacharente,bd6t550946817,,failed,0,0,,no_usable_pages,known,,,bd6t550946817: no usable pages in manifest.,2026-07-17T17:53:08.748153
lacharente,bd6t55094682n,,failed,0,0,,no_usable_pages,known,,,bd6t55094682n: no usable pages in manifest.,2026-07-17T17:53:08.870581
lacharente,bd6t550946832,,failed,0,0,,no_usable_pages,known,,,bd6t550946832: no usable pages in manifest.,2026-07-17T17:53:09.021139
lacharente,bd6t55094684g,,failed,0,0,,no_usable_pages,known,,,bd6t55094684g: no usable pages in manifest.,2026-07-17T17:53:09.231621
lacharente,bd6t55094685w,,failed,0,0,,no_usable_pages,known,,,bd6t55094685w: no usable pages in manifest.,2026-07-17T17:53:09.451241
lacharente,bd6t550946869,,failed,0,0,,no_usable_pages,known,,,bd6t550946869: no usable pages in manifest.,2026-07-17T17:53:09.615604
lacharente,bd6t55094687q,,failed,0,0,,no_usable_pages,known,,,bd6t55094687q: no usable pages in manifest.,2026-07-17T17:53:09.739671
lacharente,bd6t550946884,,failed,0,0,,no_usable_pages,known,,,bd6t550946884: no usable pages in manifest.,2026-07-17T17:53:09.947490
lacharente,bd6t55094689j,,failed,0,0,,no_usable_pages,known,,,bd6t55094689j: no usable pages in manifest.,2026-07-17T17:53:10.081644
lacharente,bd6t550946906,,failed,0,0,,no_usable_pages,known,,,bd6t550946906: no usable pages in manifest.,2026-07-17T17:53:10.217098
lacharente,bd6t55094691m,,failed,0,0,,no_usable_pages,known,,,bd6t55094691m: no usable pages in manifest.,2026-07-17T17:53:10.390668
lacharente,bd6t550946921,,failed,0,0,,no_usable_pages,known,,,bd6t550946921: no usable pages in manifest.,2026-07-17T17:53:10.595987
lacharente,bd6t55094693f,,failed,0,0,,no_usable_pages,known,,,bd6t55094693f: no usable pages in manifest.,2026-07-17T17:53:10.710367
lacharente,bd6t55094694v,,failed,0,0,,no_usable_pages,known,,,bd6t55094694v: no usable pages in manifest.,2026-07-17T17:53:10.839566
lacharente,bd6t550946958,,failed,0,0,,no_usable_pages,known,,,bd6t550946958: no usable pages in manifest.,2026-07-17T17:53:10.979306
lacharente,bd6t55094696p,,failed,0,0,,no_usable_pages,known,,,bd6t55094696p: no usable pages in manifest.,2026-07-17T17:53:11.135485
lacharente,bd6t550946973,,failed,0,0,,no_usable_pages,known,,,bd6t550946973: no usable pages in manifest.,2026-07-17T17:53:11.273368
lacharente,bd6t55094698h,,failed,0,0,,no_usable_pages,known,,,bd6t55094698h: no usable pages in manifest.,2026-07-17T17:53:11.788423
lacharente,bd6t55094699x,,failed,0,0,,no_usable_pages,known,,,bd6t55094699x: no usable pages in manifest.,2026-07-17T17:53:11.953605
lacharente,bd6t550947004,,failed,0,0,,no_usable_pages,known,,,bd6t550947004: no usable pages in manifest.,2026-07-17T17:53:12.081659
lacharente,bd6t55094701j,,failed,0,0,,no_usable_pages,known,,,bd6t55094701j: no usable pages in manifest.,2026-07-17T17:53:12.242573
lacharente,bd6t55094702z,,failed,0,0,,no_usable_pages,known,,,bd6t55094702z: no usable pages in manifest.,2026-07-17T17:53:12.377759
lacharente,bd6t55094703c,,failed,0,0,,no_usable_pages,known,,,bd6t55094703c: no usable pages in manifest.,2026-07-17T17:53:12.506418
lacharente,bd6t55094704s,,failed,0,0,,no_usable_pages,known,,,bd6t55094704s: no usable pages in manifest.,2026-07-17T17:53:12.642343
lacharente,bd6t550947056,,failed,0,0,,no_usable_pages,known,,,bd6t550947056: no usable pages in manifest.,2026-07-17T17:53:12.898825
lacharente,bd6t55094706m,,failed,0,0,,no_usable_pages,known,,,bd6t55094706m: no usable pages in manifest.,2026-07-17T17:53:13.067006
lacharente,bd6t550947071,,failed,0,0,,no_usable_pages,known,,,bd6t550947071: no usable pages in manifest.,2026-07-17T17:53:13.216972
lacharente,bd6t55094708f,,failed,0,0,,no_usable_pages,known,,,bd6t55094708f: no usable pages in manifest.,2026-07-17T17:53:13.340135
lacharente,bd6t55094709v,,failed,0,0,,no_usable_pages,known,,,bd6t55094709v: no usable pages in manifest.,2026-07-17T17:53:13.480907
lacharente,bd6t55094710h,,failed,0,0,,no_usable_pages,known,,,bd6t55094710h: no usable pages in manifest.,2026-07-17T17:53:13.706350
lacharente,bd6t55094711x,,failed,0,0,,no_usable_pages,known,,,bd6t55094711x: no usable pages in manifest.,2026-07-17T17:53:13.918686
lacharente,bd6t55094712b,,failed,0,0,,no_usable_pages,known,,,bd6t55094712b: no usable pages in manifest.,2026-07-17T17:53:14.027199
lacharente,bd6t55094713r,,failed,0,0,,no_usable_pages,known,,,bd6t55094713r: no usable pages in manifest.,2026-07-17T17:53:14.145618
lacharente,bd6t550947145,,failed,0,0,,no_usable_pages,known,,,bd6t550947145: no usable pages in manifest.,2026-07-17T17:53:14.256471
lacharente,bd6t55094715k,,failed,0,0,,no_usable_pages,known,,,bd6t55094715k: no usable pages in manifest.,2026-07-17T17:53:14.402346
lacharente,bd6t550947160,,failed,0,0,,no_usable_pages,known,,,bd6t550947160: no usable pages in manifest.,2026-07-17T17:53:14.585059
lacharente,bd6t55094717d,,failed,0,0,,no_usable_pages,known,,,bd6t55094717d: no usable pages in manifest.,2026-07-17T17:53:14.763243
lacharente,bd6t55094718t,,failed,0,0,,no_usable_pages,known,,,bd6t55094718t: no usable pages in manifest.,2026-07-17T17:53:15.030174
lacharente,bd6t550947197,,failed,0,0,,no_usable_pages,known,,,bd6t550947197: no usable pages in manifest.,2026-07-17T17:53:15.197651
lacharente,bd6t55094720w,,failed,0,0,,no_usable_pages,known,,,bd6t55094720w: no usable pages in manifest.,2026-07-17T17:53:15.313883
lacharente,bd6t550947219,,failed,0,0,,no_usable_pages,known,,,bd6t550947219: no usable pages in manifest.,2026-07-17T17:53:15.433715
lacharente,bd6t55094722q,,failed,0,0,,no_usable_pages,known,,,bd6t55094722q: no usable pages in manifest.,2026-07-17T17:53:15.569322
lacharente,bd6t550947234,,failed,0,0,,no_usable_pages,known,,,bd6t550947234: no usable pages in manifest.,2026-07-17T17:53:15.713561
lacharente,bd6t55094724j,,failed,0,0,,no_usable_pages,known,,,bd6t55094724j: no usable pages in manifest.,2026-07-17T17:53:15.934822
lacharente,bd6t55094725z,,failed,0,0,,no_usable_pages,known,,,bd6t55094725z: no usable pages in manifest.,2026-07-17T17:53:16.070964
lacharente,bd6t55094726c,,failed,0,0,,no_usable_pages,known,,,bd6t55094726c: no usable pages in manifest.,2026-07-17T17:53:16.189955
lacharente,bd6t55094727s,,failed,0,0,,no_usable_pages,known,,,bd6t55094727s: no usable pages in manifest.,2026-07-17T17:53:16.327552
lacharente,bd6t550947286,,failed,0,0,,no_usable_pages,known,,,bd6t550947286: no usable pages in manifest.,2026-07-17T17:53:16.474432
lacharente,bd6t55094729m,,failed,0,0,,no_usable_pages,known,,,bd6t55094729m: no usable pages in manifest.,2026-07-17T17:53:16.629130
lacharente,bd6t550947308,,failed,0,0,,no_usable_pages,known,,,bd6t550947308: no usable pages in manifest.,2026-07-17T17:53:16.808512
lacharente,bd6t55094731p,,failed,0,0,,no_usable_pages,known,,,bd6t55094731p: no usable pages in manifest.,2026-07-17T17:53:17.033479
lacharente,bd6t550947323,,failed,0,0,,no_usable_pages,known,,,bd6t550947323: no usable pages in manifest.,2026-07-17T17:53:17.343848
lacharente,bd6t55094733h,,failed,0,0,,no_usable_pages,known,,,bd6t55094733h: no usable pages in manifest.,2026-07-17T17:53:17.778053
lacharente,bd6t55094734x,,failed,0,0,,no_usable_pages,known,,,bd6t55094734x: no usable pages in manifest.,2026-07-17T17:53:17.910990
lacharente,bd6t55094735b,,failed,0,0,,no_usable_pages,known,,,bd6t55094735b: no usable pages in manifest.,2026-07-17T17:53:18.152409
lacharente,bd6t55094736r,,failed,0,0,,no_usable_pages,known,,,bd6t55094736r: no usable pages in manifest.,2026-07-17T17:53:18.335869
lacharente,bd6t550947375,,failed,0,0,,no_usable_pages,known,,,bd6t550947375: no usable pages in manifest.,2026-07-17T17:53:18.466931
lacharente,bd6t55094738k,,failed,0,0,,no_usable_pages,known,,,bd6t55094738k: no usable pages in manifest.,2026-07-17T17:53:18.603495
lacharente,bd6t550947390,,failed,0,0,,no_usable_pages,known,,,bd6t550947390: no usable pages in manifest.,2026-07-17T17:53:18.742949
lacharente,bd6t55094740n,,failed,0,0,,no_usable_pages,known,,,bd6t55094740n: no usable pages in manifest.,2026-07-17T17:53:18.943573
lacharente,bd6t550947412,,failed,0,0,,no_usable_pages,known,,,bd6t550947412: no usable pages in manifest.,2026-07-17T17:53:19.205104
lacharente,bd6t55094742g,,failed,0,0,,no_usable_pages,known,,,bd6t55094742g: no usable pages in manifest.,2026-07-17T17:53:19.404577
lacharente,bd6t55094743w,,failed,0,0,,no_usable_pages,known,,,bd6t55094743w: no usable pages in manifest.,2026-07-17T17:53:19.568475
lacharente,bd6t550947449,,failed,0,0,,no_usable_pages,known,,,bd6t550947449: no usable pages in manifest.,2026-07-17T17:53:19.677268
lacharente,bd6t55094745q,,failed,0,0,,no_usable_pages,known,,,bd6t55094745q: no usable pages in manifest.,2026-07-17T17:53:19.873182
lacharente,bd6t550947464,,failed,0,0,,no_usable_pages,known,,,bd6t550947464: no usable pages in manifest.,2026-07-17T17:53:20.001643
lacharente,bd6t55094747j,,failed,0,0,,no_usable_pages,known,,,bd6t55094747j: no usable pages in manifest.,2026-07-17T17:53:20.150018
lacharente,bd6t55094748z,,failed,0,0,,no_usable_pages,known,,,bd6t55094748z: no usable pages in manifest.,2026-07-17T17:53:20.346505
lacharente,bd6t55094749c,,failed,0,0,,no_usable_pages,known,,,bd6t55094749c: no usable pages in manifest.,2026-07-17T17:53:20.471601
lacharente,bd6t550947501,,failed,0,0,,no_usable_pages,known,,,bd6t550947501: no usable pages in manifest.,2026-07-17T17:53:20.575499
lacharente,bd6t55094751f,,failed,0,0,,no_usable_pages,known,,,bd6t55094751f: no usable pages in manifest.,2026-07-17T17:53:20.691531
lacharente,bd6t55094752v,,failed,0,0,,no_usable_pages,known,,,bd6t55094752v: no usable pages in manifest.,2026-07-17T17:53:20.836671
lacharente,bd6t550947538,,failed,0,0,,no_usable_pages,known,,,bd6t550947538: no usable pages in manifest.,2026-07-17T17:53:20.964139
lacharente,bd6t55094754p,,failed,0,0,,no_usable_pages,known,,,bd6t55094754p: no usable pages in manifest.,2026-07-17T17:53:21.080695
lacharente,bd6t550947553,,failed,0,0,,no_usable_pages,known,,,bd6t550947553: no usable pages in manifest.,2026-07-17T17:53:21.202640
lacharente,bd6t55094756h,,failed,0,0,,no_usable_pages,known,,,bd6t55094756h: no usable pages in manifest.,2026-07-17T17:53:21.415665
lacharente,bd6t55094757x,,failed,0,0,,no_usable_pages,known,,,bd6t55094757x: no usable pages in manifest.,2026-07-17T17:53:21.546945
lacharente,bd6t55094758b,,failed,0,0,,no_usable_pages,known,,,bd6t55094758b: no usable pages in manifest.,2026-07-17T17:53:21.681313
lacharente,bd6t55094759r,,failed,0,0,,no_usable_pages,known,,,bd6t55094759r: no usable pages in manifest.,2026-07-17T17:53:21.772810
lacharente,bd6t55094760d,,failed,0,0,,no_usable_pages,known,,,bd6t55094760d: no usable pages in manifest.,2026-07-17T17:53:21.883995
lacharente,bd6t55094761t,,failed,0,0,,no_usable_pages,known,,,bd6t55094761t: no usable pages in manifest.,2026-07-17T17:53:22.031777
lacharente,bd6t550947627,,failed,0,0,,no_usable_pages,known,,,bd6t550947627: no usable pages in manifest.,2026-07-17T17:53:22.141434
lacharente,bd6t55094763n,,failed,0,0,,no_usable_pages,known,,,bd6t55094763n: no usable pages in manifest.,2026-07-17T17:53:22.242205
lacharente,bd6t550947642,,failed,0,0,,no_usable_pages,known,,,bd6t550947642: no usable pages in manifest.,2026-07-17T17:53:22.498083
lacharente,bd6t55094765g,,failed,0,0,,no_usable_pages,known,,,bd6t55094765g: no usable pages in manifest.,2026-07-17T17:53:22.651771
lacharente,bd6t55094766w,,failed,0,0,,no_usable_pages,known,,,bd6t55094766w: no usable pages in manifest.,2026-07-17T17:53:22.773598
lacharente,bd6t550947679,,failed,0,0,,no_usable_pages,known,,,bd6t550947679: no usable pages in manifest.,2026-07-17T17:53:22.885762
lacharente,bd6t55094768q,,failed,0,0,,no_usable_pages,known,,,bd6t55094768q: no usable pages in manifest.,2026-07-17T17:53:23.007730
lacharente,bd6t550947694,,failed,0,0,,no_usable_pages,known,,,bd6t550947694: no usable pages in manifest.,2026-07-17T17:53:23.105458
lacharente,bd6t55094770s,,failed,0,0,,no_usable_pages,known,,,bd6t55094770s: no usable pages in manifest.,2026-07-17T17:53:23.258728
lacharente,bd6t550947716,,failed,0,0,,no_usable_pages,known,,,bd6t550947716: no usable pages in manifest.,2026-07-17T17:53:23.538864
lacharente,bd6t55094772m,,failed,0,0,,no_usable_pages,known,,,bd6t55094772m: no usable pages in manifest.,2026-07-17T17:53:23.680214
lacharente,bd6t550947731,,failed,0,0,,no_usable_pages,known,,,bd6t550947731: no usable pages in manifest.,2026-07-17T17:53:23.811098
lacharente,bd6t55094774f,,failed,0,0,,no_usable_pages,known,,,bd6t55094774f: no usable pages in manifest.,2026-07-17T17:53:23.936896
lacharente,bd6t55094775v,,failed,0,0,,no_usable_pages,known,,,bd6t55094775v: no usable pages in manifest.,2026-07-17T17:53:24.133703
lacharente,bd6t550947768,,failed,0,0,,no_usable_pages,known,,,bd6t550947768: no usable pages in manifest.,2026-07-17T17:53:24.315843
lacharente,bd6t55094777p,,failed,0,0,,no_usable_pages,known,,,bd6t55094777p: no usable pages in manifest.,2026-07-17T17:53:24.458770
lacharente,bd6t550947783,,failed,0,0,,no_usable_pages,known,,,bd6t550947783: no usable pages in manifest.,2026-07-17T17:53:24.699752
lacharente,bd6t55094779h,,failed,0,0,,no_usable_pages,known,,,bd6t55094779h: no usable pages in manifest.,2026-07-17T17:53:24.832012
lacharente,bd6t550947805,,failed,0,0,,no_usable_pages,known,,,bd6t550947805: no usable pages in manifest.,2026-07-17T17:53:24.970877
lacharente,bd6t55094781k,,failed,0,0,,no_usable_pages,known,,,bd6t55094781k: no usable pages in manifest.,2026-07-17T17:53:25.163983
lacharente,bd6t550947820,,failed,0,0,,no_usable_pages,known,,,bd6t550947820: no usable pages in manifest.,2026-07-17T17:53:25.318407
lacharente,bd6t55094783d,,failed,0,0,,no_usable_pages,known,,,bd6t55094783d: no usable pages in manifest.,2026-07-17T17:53:25.430590
lacharente,bd6t55094784t,,failed,0,0,,no_usable_pages,known,,,bd6t55094784t: no usable pages in manifest.,2026-07-17T17:53:25.607102
lacharente,bd6t550947857,,failed,0,0,,no_usable_pages,known,,,bd6t550947857: no usable pages in manifest.,2026-07-17T17:53:25.850857
lacharente,bd6t55094786n,,failed,0,0,,no_usable_pages,known,,,bd6t55094786n: no usable pages in manifest.,2026-07-17T17:53:25.964707
lacharente,bd6t550947872,,failed,0,0,,no_usable_pages,known,,,bd6t550947872: no usable pages in manifest.,2026-07-17T17:53:26.068382
lacharente,bd6t55094788g,,failed,0,0,,no_usable_pages,known,,,bd6t55094788g: no usable pages in manifest.,2026-07-17T17:53:26.169696
lacharente,bd6t55094789w,,failed,0,0,,no_usable_pages,known,,,bd6t55094789w: no usable pages in manifest.,2026-07-17T17:53:26.301752
lacharente,bd6t55094790j,,failed,0,0,,no_usable_pages,known,,,bd6t55094790j: no usable pages in manifest.,2026-07-17T17:53:26.433996
lacharente,bd6t55094791z,,failed,0,0,,no_usable_pages,known,,,bd6t55094791z: no usable pages in manifest.,2026-07-17T17:53:26.549676
lacharente,bd6t55094792c,,failed,0,0,,no_usable_pages,known,,,bd6t55094792c: no usable pages in manifest.,2026-07-17T17:53:26.659049
lacharente,bd6t55094793s,,failed,0,0,,no_usable_pages,known,,,bd6t55094793s: no usable pages in manifest.,2026-07-17T17:53:26.869718
lacharente,bd6t550947946,,failed,0,0,,no_usable_pages,known,,,bd6t550947946: no usable pages in manifest.,2026-07-17T17:53:26.989840
lacharente,bd6t55094795m,,failed,0,0,,no_usable_pages,known,,,bd6t55094795m: no usable pages in manifest.,2026-07-17T17:53:27.109689
lacharente,bd6t550947961,,failed,0,0,,no_usable_pages,known,,,bd6t550947961: no usable pages in manifest.,2026-07-17T17:53:27.225702
lacharente,bd6t55094798v,,failed,0,0,,no_usable_pages,known,,,bd6t55094798v: no usable pages in manifest.,2026-07-17T17:53:27.418035
lacharente,bd6t550947998,,failed,0,0,,no_usable_pages,known,,,bd6t550947998: no usable pages in manifest.,2026-07-17T17:53:27.596239
lacharente,bd6t55094800g,,failed,0,0,,no_usable_pages,known,,,bd6t55094800g: no usable pages in manifest.,2026-07-17T17:53:27.742409
lacharente,bd6t55094801w,,failed,0,0,,no_usable_pages,known,,,bd6t55094801w: no usable pages in manifest.,2026-07-17T17:53:27.974357
lacharente,bd6t550948029,,failed,0,0,,no_usable_pages,known,,,bd6t550948029: no usable pages in manifest.,2026-07-17T17:53:28.106321
lacharente,bd6t55094803q,,failed,0,0,,no_usable_pages,known,,,bd6t55094803q: no usable pages in manifest.,2026-07-17T17:53:28.238125
lacharente,bd6t550948044,,failed,0,0,,no_usable_pages,known,,,bd6t550948044: no usable pages in manifest.,2026-07-17T17:53:28.409244
lacharente,bd6t55094805j,,failed,0,0,,no_usable_pages,known,,,bd6t55094805j: no usable pages in manifest.,2026-07-17T17:53:28.536391
lacharente,bd6t55094806z,,failed,0,0,,no_usable_pages,known,,,bd6t55094806z: no usable pages in manifest.,2026-07-17T17:53:28.690901
lacharente,bd6t55094807c,,failed,0,0,,no_usable_pages,known,,,bd6t55094807c: no usable pages in manifest.,2026-07-17T17:53:28.904217
lacharente,bd6t55094808s,,failed,0,0,,no_usable_pages,known,,,bd6t55094808s: no usable pages in manifest.,2026-07-17T17:53:29.461700
lacharente,bd6t550948096,,failed,0,0,,no_usable_pages,known,,,bd6t550948096: no usable pages in manifest.,2026-07-17T17:53:29.628067
lacharente,bd6t55094810v,,failed,0,0,,no_usable_pages,known,,,bd6t55094810v: no usable pages in manifest.,2026-07-17T17:53:29.760627
lacharente,bd6t550948118,,failed,0,0,,no_usable_pages,known,,,bd6t550948118: no usable pages in manifest.,2026-07-17T17:53:29.892174
lacharente,bd6t55094812p,,failed,0,0,,no_usable_pages,known,,,bd6t55094812p: no usable pages in manifest.,2026-07-17T17:53:29.979630
lacharente,bd6t550948133,,failed,0,0,,no_usable_pages,known,,,bd6t550948133: no usable pages in manifest.,2026-07-17T17:53:30.168851
lacharente,bd6t55094814h,,failed,0,0,,no_usable_pages,known,,,bd6t55094814h: no usable pages in manifest.,2026-07-17T17:53:30.379599
lacharente,bd6t55094815x,,failed,0,0,,no_usable_pages,known,,,bd6t55094815x: no usable pages in manifest.,2026-07-17T17:53:30.492617
lacharente,bd6t55094816b,,failed,0,0,,no_usable_pages,known,,,bd6t55094816b: no usable pages in manifest.,2026-07-17T17:53:30.629727
lacharente,bd6t55094817r,,failed,0,0,,no_usable_pages,known,,,bd6t55094817r: no usable pages in manifest.,2026-07-17T17:53:30.738136
lacharente,bd6t550948185,,failed,0,0,,no_usable_pages,known,,,bd6t550948185: no usable pages in manifest.,2026-07-17T17:53:30.876567
lacharente,bd6t55094819k,,failed,0,0,,no_usable_pages,known,,,bd6t55094819k: no usable pages in manifest.,2026-07-17T17:53:31.031835
lacharente,bd6t550948207,,failed,0,0,,no_usable_pages,known,,,bd6t550948207: no usable pages in manifest.,2026-07-17T17:53:31.147756
lacharente,bd6t55094821n,,failed,0,0,,no_usable_pages,known,,,bd6t55094821n: no usable pages in manifest.,2026-07-17T17:53:31.298471
lacharente,bd6t550948311,,failed,0,0,,no_usable_pages,known,,,bd6t550948311: no usable pages in manifest.,2026-07-17T17:53:31.527198
lacharente,bd6t550948222,,failed,0,0,,no_usable_pages,known,,,bd6t550948222: no usable pages in manifest.,2026-07-17T17:53:31.665921
lacharente,bd6t55094823g,,failed,0,0,,no_usable_pages,known,,,bd6t55094823g: no usable pages in manifest.,2026-07-17T17:53:31.786132
lacharente,bd6t55094824w,,failed,0,0,,no_usable_pages,known,,,bd6t55094824w: no usable pages in manifest.,2026-07-17T17:53:31.900835
lacharente,bd6t550948259,,failed,0,0,,no_usable_pages,known,,,bd6t550948259: no usable pages in manifest.,2026-07-17T17:53:32.020114
lacharente,bd6t55094826q,,failed,0,0,,no_usable_pages,known,,,bd6t55094826q: no usable pages in manifest.,2026-07-17T17:53:32.099021
lacharente,bd6t550948274,,failed,0,0,,no_usable_pages,known,,,bd6t550948274: no usable pages in manifest.,2026-07-17T17:53:32.214334
lacharente,bd6t55094797f,,failed,0,0,,no_usable_pages,known,,,bd6t55094797f: no usable pages in manifest.,2026-07-17T17:53:32.343311
lacharente,bd6t55094828j,,failed,0,0,,no_usable_pages,known,,,bd6t55094828j: no usable pages in manifest.,2026-07-17T17:53:32.532778
lacharente,bd6t55094829z,,failed,0,0,,no_usable_pages,known,,,bd6t55094829z: no usable pages in manifest.,2026-07-17T17:53:32.742750
lacharente,bd6t55094830m,,failed,0,0,,no_usable_pages,known,,,bd6t55094830m: no usable pages in manifest.,2026-07-17T17:53:32.855917
lacharente,bd6t55094832f,,failed,0,0,,no_usable_pages,known,,,bd6t55094832f: no usable pages in manifest.,2026-07-17T17:53:32.954917
lacharente,bd6t55094833v,,failed,0,0,,no_usable_pages,known,,,bd6t55094833v: no usable pages in manifest.,2026-07-17T17:53:33.085635
lacharente,bd6t550948348,,failed,0,0,,no_usable_pages,known,,,bd6t550948348: no usable pages in manifest.,2026-07-17T17:53:33.203276
lacharente,bd6t55094835p,,failed,0,0,,no_usable_pages,known,,,bd6t55094835p: no usable pages in manifest.,2026-07-17T17:53:33.339276
lacharente,bd6t550948363,,failed,0,0,,no_usable_pages,known,,,bd6t550948363: no usable pages in manifest.,2026-07-17T17:53:33.439332
lacharente,bd6t55094837h,,failed,0,0,,no_usable_pages,known,,,bd6t55094837h: no usable pages in manifest.,2026-07-17T17:53:33.625096
lacharente,bd6t55094838x,,failed,0,0,,no_usable_pages,known,,,bd6t55094838x: no usable pages in manifest.,2026-07-17T17:53:33.789371
lacharente,bd6t55094839b,,failed,0,0,,no_usable_pages,known,,,bd6t55094839b: no usable pages in manifest.,2026-07-17T17:53:33.932842
lacharente,bd6t550948400,,failed,0,0,,no_usable_pages,known,,,bd6t550948400: no usable pages in manifest.,2026-07-17T17:53:34.076862
lacharente,bd6t55094841d,,failed,0,0,,no_usable_pages,known,,,bd6t55094841d: no usable pages in manifest.,2026-07-17T17:53:34.230089
lacharente,bd6t55094842t,,failed,0,0,,no_usable_pages,known,,,bd6t55094842t: no usable pages in manifest.,2026-07-17T17:53:34.343756
lacharente,bd6t550948437,,failed,0,0,,no_usable_pages,known,,,bd6t550948437: no usable pages in manifest.,2026-07-17T17:53:34.520754
lacharente,bd6t55094844n,,failed,0,0,,no_usable_pages,known,,,bd6t55094844n: no usable pages in manifest.,2026-07-17T17:53:34.768621
lacharente,bd6t550948452,,failed,0,0,,no_usable_pages,known,,,bd6t550948452: no usable pages in manifest.,2026-07-17T17:53:34.998528
lacharente,bd6t55094846g,,failed,0,0,,no_usable_pages,known,,,bd6t55094846g: no usable pages in manifest.,2026-07-17T17:53:35.205164
lacharente,bd6t55094847w,,failed,0,0,,no_usable_pages,known,,,bd6t55094847w: no usable pages in manifest.,2026-07-17T17:53:35.301104
lacharente,bd6t550948489,,failed,0,0,,no_usable_pages,known,,,bd6t550948489: no usable pages in manifest.,2026-07-17T17:53:35.420947
lacharente,bd6t55094849q,,failed,0,0,,no_usable_pages,known,,,bd6t55094849q: no usable pages in manifest.,2026-07-17T17:53:35.633642
lacharente,bd6t55094850c,,failed,0,0,,no_usable_pages,known,,,bd6t55094850c: no usable pages in manifest.,2026-07-17T17:53:35.789880
lacharente,bd6t55094851s,,failed,0,0,,no_usable_pages,known,,,bd6t55094851s: no usable pages in manifest.,2026-07-17T17:53:35.899600
lacharente,bd6t550948526,,failed,0,0,,no_usable_pages,known,,,bd6t550948526: no usable pages in manifest.,2026-07-17T17:53:36.015153
lacharente,bd6t55094853m,,failed,0,0,,no_usable_pages,known,,,bd6t55094853m: no usable pages in manifest.,2026-07-17T17:53:36.153317
lacharente,bd6t550948541,,failed,0,0,,no_usable_pages,known,,,bd6t550948541: no usable pages in manifest.,2026-07-17T17:53:36.302283
lacharente,bd6t55094855f,,failed,0,0,,no_usable_pages,known,,,bd6t55094855f: no usable pages in manifest.,2026-07-17T17:53:36.430648
lacharente,bd6t55094856v,,failed,0,0,,no_usable_pages,known,,,bd6t55094856v: no usable pages in manifest.,2026-07-17T17:53:36.582997
lacharente,bd6t550948578,,failed,0,0,,no_usable_pages,known,,,bd6t550948578: no usable pages in manifest.,2026-07-17T17:53:36.710679
lacharente,bd6t55094858p,,failed,0,0,,no_usable_pages,known,,,bd6t55094858p: no usable pages in manifest.,2026-07-17T17:53:36.905066
lacharente,bd6t550948593,,failed,0,0,,no_usable_pages,known,,,bd6t550948593: no usable pages in manifest.,2026-07-17T17:53:37.045592
lacharente,bd6t55094860r,,failed,0,0,,no_usable_pages,known,,,bd6t55094860r: no usable pages in manifest.,2026-07-17T17:53:37.224123
lacharente,bd6t550948615,,failed,0,0,,no_usable_pages,known,,,bd6t550948615: no usable pages in manifest.,2026-07-17T17:53:37.376067
lacharente,bd6t550948630,,failed,0,0,,no_usable_pages,known,,,bd6t550948630: no usable pages in manifest.,2026-07-17T17:53:37.506488
lacharente,bd6t55094864d,,failed,0,0,,no_usable_pages,known,,,bd6t55094864d: no usable pages in manifest.,2026-07-17T17:53:37.675530
lacharente,bd6t55094865t,,failed,0,0,,no_usable_pages,known,,,bd6t55094865t: no usable pages in manifest.,2026-07-17T17:53:37.815240
lacharente,bd6t550948667,,failed,0,0,,no_usable_pages,known,,,bd6t550948667: no usable pages in manifest.,2026-07-17T17:53:38.037848
lacharente,bd6t55094867n,,failed,0,0,,no_usable_pages,known,,,bd6t55094867n: no usable pages in manifest.,2026-07-17T17:53:38.157658
lacharente,bd6t550948682,,failed,0,0,,no_usable_pages,known,,,bd6t550948682: no usable pages in manifest.,2026-07-17T17:53:38.273837
lacharente,bd6t55094869g,,failed,0,0,,no_usable_pages,known,,,bd6t55094869g: no usable pages in manifest.,2026-07-17T17:53:38.389851
lacharente,bd6t550948704,,failed,0,0,,no_usable_pages,known,,,bd6t550948704: no usable pages in manifest.,2026-07-17T17:53:38.538143
lacharente,bd6t55094871j,,failed,0,0,,no_usable_pages,known,,,bd6t55094871j: no usable pages in manifest.,2026-07-17T17:53:38.724620
lacharente,bd6t55094872z,,failed,0,0,,no_usable_pages,known,,,bd6t55094872z: no usable pages in manifest.,2026-07-17T17:53:38.842098
lacharente,bd6t55094873c,,failed,0,0,,no_usable_pages,known,,,bd6t55094873c: no usable pages in manifest.,2026-07-17T17:53:39.070817
lacharente,bd6t55094874s,,failed,0,0,,no_usable_pages,known,,,bd6t55094874s: no usable pages in manifest.,2026-07-17T17:53:39.235741
lacharente,bd6t550948756,,failed,0,0,,no_usable_pages,known,,,bd6t550948756: no usable pages in manifest.,2026-07-17T17:53:39.350159
lacharente,bd6t55094876m,,failed,0,0,,no_usable_pages,known,,,bd6t55094876m: no usable pages in manifest.,2026-07-17T17:53:39.464168
lacharente,bd6t550948771,,failed,0,0,,no_usable_pages,known,,,bd6t550948771: no usable pages in manifest.,2026-07-17T17:53:39.610421
lacharente,bd6t55094878f,,failed,0,0,,no_usable_pages,known,,,bd6t55094878f: no usable pages in manifest.,2026-07-17T17:53:39.773621
lacharente,bd6t55094879v,,failed,0,0,,no_usable_pages,known,,,bd6t55094879v: no usable pages in manifest.,2026-07-17T17:53:39.918241
lacharente,bd6t55094880h,,failed,0,0,,no_usable_pages,known,,,bd6t55094880h: no usable pages in manifest.,2026-07-17T17:53:40.137330
lacharente,bd6t55094881x,,failed,0,0,,no_usable_pages,known,,,bd6t55094881x: no usable pages in manifest.,2026-07-17T17:53:40.279260
lacharente,bd6t55094882b,,failed,0,0,,no_usable_pages,known,,,bd6t55094882b: no usable pages in manifest.,2026-07-17T17:53:40.413666
lacharente,bd6t55094883r,,failed,0,0,,no_usable_pages,known,,,bd6t55094883r: no usable pages in manifest.,2026-07-17T17:53:40.573307
lacharente,bd6t550948845,,failed,0,0,,no_usable_pages,known,,,bd6t550948845: no usable pages in manifest.,2026-07-17T17:53:40.732074
lacharente,bd6t55094885k,,failed,0,0,,no_usable_pages,known,,,bd6t55094885k: no usable pages in manifest.,2026-07-17T17:53:40.934037
lacharente,bd6t550948860,,failed,0,0,,no_usable_pages,known,,,bd6t550948860: no usable pages in manifest.,2026-07-17T17:53:41.169334
lacharente,bd6t55094887d,,failed,0,0,,no_usable_pages,known,,,bd6t55094887d: no usable pages in manifest.,2026-07-17T17:53:41.354201
lacharente,bd6t55094888t,,failed,0,0,,no_usable_pages,known,,,bd6t55094888t: no usable pages in manifest.,2026-07-17T17:53:41.478943
lacharente,bd6t550948897,,failed,0,0,,no_usable_pages,known,,,bd6t550948897: no usable pages in manifest.,2026-07-17T17:53:41.664185
lacharente,bd6t55094890w,,failed,0,0,,no_usable_pages,known,,,bd6t55094890w: no usable pages in manifest.,2026-07-17T17:53:41.783654
lacharente,bd6t550948919,,failed,0,0,,no_usable_pages,known,,,bd6t550948919: no usable pages in manifest.,2026-07-17T17:53:41.915664
lacharente,bd6t55094892q,,failed,0,0,,no_usable_pages,known,,,bd6t55094892q: no usable pages in manifest.,2026-07-17T17:53:42.066892
lacharente,bd6t550948934,,failed,0,0,,no_usable_pages,known,,,bd6t550948934: no usable pages in manifest.,2026-07-17T17:53:42.269652
lacharente,bd6t55094894j,,failed,0,0,,no_usable_pages,known,,,bd6t55094894j: no usable pages in manifest.,2026-07-17T17:53:42.363144
lacharente,bd6t55094895z,,failed,0,0,,no_usable_pages,known,,,bd6t55094895z: no usable pages in manifest.,2026-07-17T17:53:42.513834
lacharente,bd6t55094896c,,failed,0,0,,no_usable_pages,known,,,bd6t55094896c: no usable pages in manifest.,2026-07-17T17:53:42.654433
lacharente,bd6t55094897s,,failed,0,0,,no_usable_pages,known,,,bd6t55094897s: no usable pages in manifest.,2026-07-17T17:53:42.761195
lacharente,bd6t550948986,,failed,0,0,,no_usable_pages,known,,,bd6t550948986: no usable pages in manifest.,2026-07-17T17:53:42.919431
lacharente,bd6t55094899m,,failed,0,0,,no_usable_pages,known,,,bd6t55094899m: no usable pages in manifest.,2026-07-17T17:53:43.030356
lacharente,bd6t55094900t,,failed,0,0,,no_usable_pages,known,,,bd6t55094900t: no usable pages in manifest.,2026-07-17T17:53:43.195751
lacharente,bd6t550949017,,failed,0,0,,no_usable_pages,known,,,bd6t550949017: no usable pages in manifest.,2026-07-17T17:53:43.437289
lacharente,bd6t55094902n,,failed,0,0,,no_usable_pages,known,,,bd6t55094902n: no usable pages in manifest.,2026-07-17T17:53:43.626696
lacharente,bd6t550949032,,failed,0,0,,no_usable_pages,known,,,bd6t550949032: no usable pages in manifest.,2026-07-17T17:53:43.779124
lacharente,bd6t55094904g,,failed,0,0,,no_usable_pages,known,,,bd6t55094904g: no usable pages in manifest.,2026-07-17T17:53:43.978045
lacharente,bd6t55094905w,,failed,0,0,,no_usable_pages,known,,,bd6t55094905w: no usable pages in manifest.,2026-07-17T17:53:44.140992
lacharente,bd6t550949069,,failed,0,0,,no_usable_pages,known,,,bd6t550949069: no usable pages in manifest.,2026-07-17T17:53:44.280230
lacharente,bd6t55094907q,,failed,0,0,,no_usable_pages,known,,,bd6t55094907q: no usable pages in manifest.,2026-07-17T17:53:44.461885
lacharente,bd6t550949084,,failed,0,0,,no_usable_pages,known,,,bd6t550949084: no usable pages in manifest.,2026-07-17T17:53:44.621024
lacharente,bd6t55094909j,,failed,0,0,,no_usable_pages,known,,,bd6t55094909j: no usable pages in manifest.,2026-07-17T17:53:44.751195
lacharente,bd6t550949106,,failed,0,0,,no_usable_pages,known,,,bd6t550949106: no usable pages in manifest.,2026-07-17T17:53:44.920145
lacharente,bd6t55094911m,,failed,0,0,,no_usable_pages,known,,,bd6t55094911m: no usable pages in manifest.,2026-07-17T17:53:45.123188
lacharente,bd6t550949121,,failed,0,0,,no_usable_pages,known,,,bd6t550949121: no usable pages in manifest.,2026-07-17T17:53:45.307056
lacharente,bd6t55094913f,,failed,0,0,,no_usable_pages,known,,,bd6t55094913f: no usable pages in manifest.,2026-07-17T17:53:45.489601
lacharente,bd6t55094914v,,failed,0,0,,no_usable_pages,known,,,bd6t55094914v: no usable pages in manifest.,2026-07-17T17:53:45.666106
lacharente,bd6t550949158,,failed,0,0,,no_usable_pages,known,,,bd6t550949158: no usable pages in manifest.,2026-07-17T17:53:45.818993
lacharente,bd6t55094916p,,failed,0,0,,no_usable_pages,known,,,bd6t55094916p: no usable pages in manifest.,2026-07-17T17:53:45.982603
lacharente,bd6t550949173,,failed,0,0,,no_usable_pages,known,,,bd6t550949173: no usable pages in manifest.,2026-07-17T17:53:46.154023
lacharente,bd6t55094918h,,failed,0,0,,no_usable_pages,known,,,bd6t55094918h: no usable pages in manifest.,2026-07-17T17:53:46.315436
lacharente,bd6t55094919x,,failed,0,0,,no_usable_pages,known,,,bd6t55094919x: no usable pages in manifest.,2026-07-17T17:53:46.463732
lacharente,bd6t55094920k,,failed,0,0,,no_usable_pages,known,,,bd6t55094920k: no usable pages in manifest.,2026-07-17T17:53:46.620615
lacharente,bd6t550949210,,failed,0,0,,no_usable_pages,known,,,bd6t550949210: no usable pages in manifest.,2026-07-17T17:53:46.734862
lacharente,bd6t55094922d,,failed,0,0,,no_usable_pages,known,,,bd6t55094922d: no usable pages in manifest.,2026-07-17T17:53:46.912490
lacharente,bd6t55094923t,,failed,0,0,,no_usable_pages,known,,,bd6t55094923t: no usable pages in manifest.,2026-07-17T17:53:47.254910
lacharente,bd6t550949247,,failed,0,0,,no_usable_pages,known,,,bd6t550949247: no usable pages in manifest.,2026-07-17T17:53:47.434722
lacharente,bd6t55094925n,,failed,0,0,,no_usable_pages,known,,,bd6t55094925n: no usable pages in manifest.,2026-07-17T17:53:47.560051
lacharente,bd6t550949262,,failed,0,0,,no_usable_pages,known,,,bd6t550949262: no usable pages in manifest.,2026-07-17T17:53:47.740607
lacharente,bd6t55094927g,,failed,0,0,,no_usable_pages,known,,,bd6t55094927g: no usable pages in manifest.,2026-07-17T17:53:47.903292
lacharente,bd6t55094928w,,failed,0,0,,no_usable_pages,known,,,bd6t55094928w: no usable pages in manifest.,2026-07-17T17:53:48.112056
lacharente,bd6t550949299,,failed,0,0,,no_usable_pages,known,,,bd6t550949299: no usable pages in manifest.,2026-07-17T17:53:48.285255
lacharente,bd6t55094930z,,failed,0,0,,no_usable_pages,known,,,bd6t55094930z: no usable pages in manifest.,2026-07-17T17:53:48.456609
lacharente,bd6t55094931c,,failed,0,0,,no_usable_pages,known,,,bd6t55094931c: no usable pages in manifest.,2026-07-17T17:53:48.642709
lacharente,bd6t55094932s,,failed,0,0,,no_usable_pages,known,,,bd6t55094932s: no usable pages in manifest.,2026-07-17T17:53:48.805357
lacharente,bd6t550949336,,failed,0,0,,no_usable_pages,known,,,bd6t550949336: no usable pages in manifest.,2026-07-17T17:53:48.939237
lacharente,bd6t55094934m,,failed,0,0,,no_usable_pages,known,,,bd6t55094934m: no usable pages in manifest.,2026-07-17T17:53:49.113227
lacharente,bd6t550949351,,failed,0,0,,no_usable_pages,known,,,bd6t550949351: no usable pages in manifest.,2026-07-17T17:53:49.242459
lacharente,bd6t55094936f,,failed,0,0,,no_usable_pages,known,,,bd6t55094936f: no usable pages in manifest.,2026-07-17T17:53:49.429466
lacharente,bd6t55094937v,,failed,0,0,,no_usable_pages,known,,,bd6t55094937v: no usable pages in manifest.,2026-07-17T17:53:49.599179
lacharente,bd6t550949388,,failed,0,0,,no_usable_pages,known,,,bd6t550949388: no usable pages in manifest.,2026-07-17T17:53:49.743470
lacharente,bd6t55094939p,,failed,0,0,,no_usable_pages,known,,,bd6t55094939p: no usable pages in manifest.,2026-07-17T17:53:49.917184
lacharente,bd6t55094940b,,failed,0,0,,no_usable_pages,known,,,bd6t55094940b: no usable pages in manifest.,2026-07-17T17:53:50.031647
lacharente,bd6t55094941r,,failed,0,0,,no_usable_pages,known,,,bd6t55094941r: no usable pages in manifest.,2026-07-17T17:53:50.214011
lacharente,bd6t550949425,,failed,0,0,,no_usable_pages,known,,,bd6t550949425: no usable pages in manifest.,2026-07-17T17:53:50.390960
lacharente,bd6t55094943k,,failed,0,0,,no_usable_pages,known,,,bd6t55094943k: no usable pages in manifest.,2026-07-17T17:53:50.596738
lacharente,bd6t550949440,,failed,0,0,,no_usable_pages,known,,,bd6t550949440: no usable pages in manifest.,2026-07-17T17:53:50.828283
lacharente,bd6t55094945d,,failed,0,0,,no_usable_pages,known,,,bd6t55094945d: no usable pages in manifest.,2026-07-17T17:53:50.984140
lacharente,bd6t55094946t,,failed,0,0,,no_usable_pages,known,,,bd6t55094946t: no usable pages in manifest.,2026-07-17T17:53:51.125692
lacharente,bd6t550949477,,failed,0,0,,no_usable_pages,known,,,bd6t550949477: no usable pages in manifest.,2026-07-17T17:53:51.273416
lacharente,bd6t55094948n,,failed,0,0,,no_usable_pages,known,,,bd6t55094948n: no usable pages in manifest.,2026-07-17T17:53:51.404087
lacharente,bd6t550949492,,failed,0,0,,no_usable_pages,known,,,bd6t550949492: no usable pages in manifest.,2026-07-17T17:53:51.514950
lacharente,bd6t55094950q,,failed,0,0,,no_usable_pages,known,,,bd6t55094950q: no usable pages in manifest.,2026-07-17T17:53:51.652125
lacharente,bd6t550949514,,failed,0,0,,no_usable_pages,known,,,bd6t550949514: no usable pages in manifest.,2026-07-17T17:53:51.899125
lacharente,bd6t55094952j,,failed,0,0,,no_usable_pages,known,,,bd6t55094952j: no usable pages in manifest.,2026-07-17T17:53:52.070197
lacharente,bd6t55094953z,,failed,0,0,,no_usable_pages,known,,,bd6t55094953z: no usable pages in manifest.,2026-07-17T17:53:52.186662
lacharente,bd6t55094954c,,failed,0,0,,no_usable_pages,known,,,bd6t55094954c: no usable pages in manifest.,2026-07-17T17:53:52.303307
lacharente,bd6t55094955s,,failed,0,0,,no_usable_pages,known,,,bd6t55094955s: no usable pages in manifest.,2026-07-17T17:53:52.469340
lacharente,bd6t550949566,,failed,0,0,,no_usable_pages,known,,,bd6t550949566: no usable pages in manifest.,2026-07-17T17:53:52.587613
lacharente,bd6t55094957m,,failed,0,0,,no_usable_pages,known,,,bd6t55094957m: no usable pages in manifest.,2026-07-17T17:53:52.736000
lacharente,bd6t550949581,,failed,0,0,,no_usable_pages,known,,,bd6t550949581: no usable pages in manifest.,2026-07-17T17:53:53.543103
lacharente,bd6t55094959f,,failed,0,0,,no_usable_pages,known,,,bd6t55094959f: no usable pages in manifest.,2026-07-17T17:53:53.675014
lacharente,bd6t550949603,,failed,0,0,,no_usable_pages,known,,,bd6t550949603: no usable pages in manifest.,2026-07-17T17:53:53.832959
lacharente,bd6t55094961h,,failed,0,0,,no_usable_pages,known,,,bd6t55094961h: no usable pages in manifest.,2026-07-17T17:53:53.950695
lacharente,bd6t55094962x,,failed,0,0,,no_usable_pages,known,,,bd6t55094962x: no usable pages in manifest.,2026-07-17T17:53:54.145643
lacharente,bd6t55094963b,,failed,0,0,,no_usable_pages,known,,,bd6t55094963b: no usable pages in manifest.,2026-07-17T17:53:54.336506
lacharente,bd6t55094964r,,failed,0,0,,no_usable_pages,known,,,bd6t55094964r: no usable pages in manifest.,2026-07-17T17:53:54.503659
lacharente,bd6t550949655,,failed,0,0,,no_usable_pages,known,,,bd6t550949655: no usable pages in manifest.,2026-07-17T17:53:54.630664
lacharente,bd6t55094966k,,failed,0,0,,no_usable_pages,known,,,bd6t55094966k: no usable pages in manifest.,2026-07-17T17:53:54.765339
lacharente,bd6t550949670,,failed,0,0,,no_usable_pages,known,,,bd6t550949670: no usable pages in manifest.,2026-07-17T17:53:54.912530
lacharente,bd6t55094968d,,failed,0,0,,no_usable_pages,known,,,bd6t55094968d: no usable pages in manifest.,2026-07-17T17:53:55.025096
lacharente,bd6t55094969t,,failed,0,0,,no_usable_pages,known,,,bd6t55094969t: no usable pages in manifest.,2026-07-17T17:53:55.154576
lacharente,bd6t55094970g,,failed,0,0,,no_usable_pages,known,,,bd6t55094970g: no usable pages in manifest.,2026-07-17T17:53:55.289519
lacharente,bd6t55094971w,,failed,0,0,,no_usable_pages,known,,,bd6t55094971w: no usable pages in manifest.,2026-07-17T17:53:55.511592
lacharente,bd6t550949729,,failed,0,0,,no_usable_pages,known,,,bd6t550949729: no usable pages in manifest.,2026-07-17T17:53:55.680559
lacharente,bd6t55094973q,,failed,0,0,,no_usable_pages,known,,,bd6t55094973q: no usable pages in manifest.,2026-07-17T17:53:55.823073
lacharente,bd6t550949744,,failed,0,0,,no_usable_pages,known,,,bd6t550949744: no usable pages in manifest.,2026-07-17T17:53:55.988588
lacharente,bd6t55094975j,,failed,0,0,,no_usable_pages,known,,,bd6t55094975j: no usable pages in manifest.,2026-07-17T17:53:56.133694
lacharente,bd6t55094976z,,failed,0,0,,no_usable_pages,known,,,bd6t55094976z: no usable pages in manifest.,2026-07-17T17:53:56.259998
lacharente,bd6t55094977c,,failed,0,0,,no_usable_pages,known,,,bd6t55094977c: no usable pages in manifest.,2026-07-17T17:53:56.658685
lacharente,bd6t55094978s,,failed,0,0,,no_usable_pages,known,,,bd6t55094978s: no usable pages in manifest.,2026-07-17T17:53:56.887923
lacharente,bd6t550949796,,failed,0,0,,no_usable_pages,known,,,bd6t550949796: no usable pages in manifest.,2026-07-17T17:53:57.027687
lacharente,bd6t55094980v,,failed,0,0,,no_usable_pages,known,,,bd6t55094980v: no usable pages in manifest.,2026-07-17T17:53:57.185206
lacharente,bd6t550949818,,failed,0,0,,no_usable_pages,known,,,bd6t550949818: no usable pages in manifest.,2026-07-17T17:53:57.321986
lacharente,bd6t55094982p,,failed,0,0,,no_usable_pages,known,,,bd6t55094982p: no usable pages in manifest.,2026-07-17T17:53:57.447872
lacharente,bd6t550949833,,failed,0,0,,no_usable_pages,known,,,bd6t550949833: no usable pages in manifest.,2026-07-17T17:53:57.654986
lacharente,bd6t55094984h,,failed,0,0,,no_usable_pages,known,,,bd6t55094984h: no usable pages in manifest.,2026-07-17T17:53:57.813467
lacharente,bd6t55094985x,,failed,0,0,,no_usable_pages,known,,,bd6t55094985x: no usable pages in manifest.,2026-07-17T17:53:57.919135
lacharente,bd6t55094986b,,failed,0,0,,no_usable_pages,known,,,bd6t55094986b: no usable pages in manifest.,2026-07-17T17:53:58.090288
lacharente,bd6t55094987r,,failed,0,0,,no_usable_pages,known,,,bd6t55094987r: no usable pages in manifest.,2026-07-17T17:53:58.240584
lacharente,bd6t550949885,,failed,0,0,,no_usable_pages,known,,,bd6t550949885: no usable pages in manifest.,2026-07-17T17:53:58.399090
lacharente,bd6t55094989k,,failed,0,0,,no_usable_pages,known,,,bd6t55094989k: no usable pages in manifest.,2026-07-17T17:53:58.579279
lacharente,bd6t550949907,,failed,0,0,,no_usable_pages,known,,,bd6t550949907: no usable pages in manifest.,2026-07-17T17:53:58.815143
lacharente,bd6t55094991n,,failed,0,0,,no_usable_pages,known,,,bd6t55094991n: no usable pages in manifest.,2026-07-17T17:53:59.035305
lacharente,bd6t550949922,,failed,0,0,,no_usable_pages,known,,,bd6t550949922: no usable pages in manifest.,2026-07-17T17:53:59.439171
lacharente,bd6t55094993g,,failed,0,0,,no_usable_pages,known,,,bd6t55094993g: no usable pages in manifest.,2026-07-17T17:53:59.685086
lacharente,bd6t55094994w,,failed,0,0,,no_usable_pages,known,,,bd6t55094994w: no usable pages in manifest.,2026-07-17T17:53:59.949209
lacharente,bd6t550949959,,failed,0,0,,no_usable_pages,known,,,bd6t550949959: no usable pages in manifest.,2026-07-17T17:54:00.111121
lacharente,bd6t55094996q,,failed,0,0,,no_usable_pages,known,,,bd6t55094996q: no usable pages in manifest.,2026-07-17T17:54:00.237014
lacharente,bd6t550949974,,failed,0,0,,no_usable_pages,known,,,bd6t550949974: no usable pages in manifest.,2026-07-17T17:54:00.408610
lacharente,bd6t55094998j,,failed,0,0,,no_usable_pages,known,,,bd6t55094998j: no usable pages in manifest.,2026-07-17T17:54:00.587228
lacharente,bd6t55094999z,,failed,0,0,,no_usable_pages,known,,,bd6t55094999z: no usable pages in manifest.,2026-07-17T17:54:00.789205
lacharente,bd6t550950001,,failed,0,0,,no_usable_pages,known,,,bd6t550950001: no usable pages in manifest.,2026-07-17T17:54:01.093529
lacharente,bd6t55095001f,,failed,0,0,,no_usable_pages,known,,,bd6t55095001f: no usable pages in manifest.,2026-07-17T17:54:01.214726
lacharente,bd6t55095002v,,failed,0,0,,no_usable_pages,known,,,bd6t55095002v: no usable pages in manifest.,2026-07-17T17:54:01.373356
lacharente,bd6t550950038,,failed,0,0,,no_usable_pages,known,,,bd6t550950038: no usable pages in manifest.,2026-07-17T17:54:01.479683
lacharente,bd6t55095004p,,failed,0,0,,no_usable_pages,known,,,bd6t55095004p: no usable pages in manifest.,2026-07-17T17:54:01.667142
lacharente,bd6t550950053,,failed,0,0,,no_usable_pages,known,,,bd6t550950053: no usable pages in manifest.,2026-07-17T17:54:01.783372
lacharente,bd6t55095006h,,failed,0,0,,no_usable_pages,known,,,bd6t55095006h: no usable pages in manifest.,2026-07-17T17:54:01.906092
lacharente,bd6t55095007x,,failed,0,0,,no_usable_pages,known,,,bd6t55095007x: no usable pages in manifest.,2026-07-17T17:54:02.095588
lacharente,bd6t55095008b,,failed,0,0,,no_usable_pages,known,,,bd6t55095008b: no usable pages in manifest.,2026-07-17T17:54:02.301116
lacharente,bd6t55095009r,,failed,0,0,,no_usable_pages,known,,,bd6t55095009r: no usable pages in manifest.,2026-07-17T17:54:02.450878
lacharente,bd6t55095010d,,failed,0,0,,no_usable_pages,known,,,bd6t55095010d: no usable pages in manifest.,2026-07-17T17:54:02.635391
lacharente,bd6t55095011t,,failed,0,0,,no_usable_pages,known,,,bd6t55095011t: no usable pages in manifest.,2026-07-17T17:54:02.788693
lacharente,bd6t550950127,,failed,0,0,,no_usable_pages,known,,,bd6t550950127: no usable pages in manifest.,2026-07-17T17:54:02.899188
lacharente,bd6t55095013n,,failed,0,0,,no_usable_pages,known,,,bd6t55095013n: no usable pages in manifest.,2026-07-17T17:54:03.094667
lacharente,bd6t550950142,,failed,0,0,,no_usable_pages,known,,,bd6t550950142: no usable pages in manifest.,2026-07-17T17:54:03.259641
lacharente,bd6t55095015g,,failed,0,0,,no_usable_pages,known,,,bd6t55095015g: no usable pages in manifest.,2026-07-17T17:54:03.471417
lacharente,bd6t55095016w,,failed,0,0,,no_usable_pages,known,,,bd6t55095016w: no usable pages in manifest.,2026-07-17T17:54:03.588747
lacharente,bd6t550950179,,failed,0,0,,no_usable_pages,known,,,bd6t550950179: no usable pages in manifest.,2026-07-17T17:54:03.717835
lacharente,bd6t55095018q,,failed,0,0,,no_usable_pages,known,,,bd6t55095018q: no usable pages in manifest.,2026-07-17T17:54:03.863127
lacharente,bd6t550950194,,failed,0,0,,no_usable_pages,known,,,bd6t550950194: no usable pages in manifest.,2026-07-17T17:54:03.993550
lacharente,bd6t55095020s,,failed,0,0,,no_usable_pages,known,,,bd6t55095020s: no usable pages in manifest.,2026-07-17T17:54:04.183409
lacharente,bd6t550950216,,failed,0,0,,no_usable_pages,known,,,bd6t550950216: no usable pages in manifest.,2026-07-17T17:54:04.366252
lacharente,bd6t55095022m,,failed,0,0,,no_usable_pages,known,,,bd6t55095022m: no usable pages in manifest.,2026-07-17T17:54:04.551049
lacharente,bd6t550950231,,failed,0,0,,no_usable_pages,known,,,bd6t550950231: no usable pages in manifest.,2026-07-17T17:54:04.682107
lacharente,bd6t55095024f,,failed,0,0,,no_usable_pages,known,,,bd6t55095024f: no usable pages in manifest.,2026-07-17T17:54:04.853424
lacharente,bd6t55095025v,,failed,0,0,,no_usable_pages,known,,,bd6t55095025v: no usable pages in manifest.,2026-07-17T17:54:04.980770
lacharente,bd6t550950268,,failed,0,0,,no_usable_pages,known,,,bd6t550950268: no usable pages in manifest.,2026-07-17T17:54:05.501374
lacharente,bd6t55095027p,,failed,0,0,,no_usable_pages,known,,,bd6t55095027p: no usable pages in manifest.,2026-07-17T17:54:05.686879
lacharente,bd6t550950283,,failed,0,0,,no_usable_pages,known,,,bd6t550950283: no usable pages in manifest.,2026-07-17T17:54:05.818184
lacharente,bd6t55095029h,,failed,0,0,,no_usable_pages,known,,,bd6t55095029h: no usable pages in manifest.,2026-07-17T17:54:05.929537
lacharente,bd6t550950305,,failed,0,0,,no_usable_pages,known,,,bd6t550950305: no usable pages in manifest.,2026-07-17T17:54:06.047440
lacharente,bd6t55095031k,,failed,0,0,,no_usable_pages,known,,,bd6t55095031k: no usable pages in manifest.,2026-07-17T17:54:06.189244
lacharente,bd6t550950320,,failed,0,0,,no_usable_pages,known,,,bd6t550950320: no usable pages in manifest.,2026-07-17T17:54:06.386189
lacharente,bd6t55095033d,,failed,0,0,,no_usable_pages,known,,,bd6t55095033d: no usable pages in manifest.,2026-07-17T17:54:06.541737
lacharente,bd6t55095034t,,failed,0,0,,no_usable_pages,known,,,bd6t55095034t: no usable pages in manifest.,2026-07-17T17:54:06.726996
lacharente,bd6t550950357,,failed,0,0,,no_usable_pages,known,,,bd6t550950357: no usable pages in manifest.,2026-07-17T17:54:06.889005
lacharente,bd6t55095036n,,failed,0,0,,no_usable_pages,known,,,bd6t55095036n: no usable pages in manifest.,2026-07-17T17:54:07.004268
lacharente,bd6t550950372,,failed,0,0,,no_usable_pages,known,,,bd6t550950372: no usable pages in manifest.,2026-07-17T17:54:07.149292
lacharente,bd6t55095038g,,failed,0,0,,no_usable_pages,known,,,bd6t55095038g: no usable pages in manifest.,2026-07-17T17:54:07.289594
lacharente,bd6t55095039w,,failed,0,0,,no_usable_pages,known,,,bd6t55095039w: no usable pages in manifest.,2026-07-17T17:54:07.485693
lacharente,bd6t55095040j,,failed,0,0,,no_usable_pages,known,,,bd6t55095040j: no usable pages in manifest.,2026-07-17T17:54:07.697090
lacharente,bd6t55095041z,,failed,0,0,,no_usable_pages,known,,,bd6t55095041z: no usable pages in manifest.,2026-07-17T17:54:07.848710
lacharente,bd6t55095042c,,failed,0,0,,no_usable_pages,known,,,bd6t55095042c: no usable pages in manifest.,2026-07-17T17:54:07.981141
lacharente,bd6t55095043s,,failed,0,0,,no_usable_pages,known,,,bd6t55095043s: no usable pages in manifest.,2026-07-17T17:54:08.151497
lacharente,bd6t550950446,,failed,0,0,,no_usable_pages,known,,,bd6t550950446: no usable pages in manifest.,2026-07-17T17:54:08.298744
lacharente,bd6t55095045m,,failed,0,0,,no_usable_pages,known,,,bd6t55095045m: no usable pages in manifest.,2026-07-17T17:54:08.542983
lacharente,bd6t550950461,,failed,0,0,,no_usable_pages,known,,,bd6t550950461: no usable pages in manifest.,2026-07-17T17:54:08.687115
lacharente,bd6t55095047f,,failed,0,0,,no_usable_pages,known,,,bd6t55095047f: no usable pages in manifest.,2026-07-17T17:54:08.882635
lacharente,bd6t55095048v,,failed,0,0,,no_usable_pages,known,,,bd6t55095048v: no usable pages in manifest.,2026-07-17T17:54:09.010304
lacharente,bd6t550950498,,failed,0,0,,no_usable_pages,known,,,bd6t550950498: no usable pages in manifest.,2026-07-17T17:54:09.138859
lacharente,bd6t55095050x,,failed,0,0,,no_usable_pages,known,,,bd6t55095050x: no usable pages in manifest.,2026-07-17T17:54:09.294700
lacharente,bd6t55095051b,,failed,0,0,,no_usable_pages,known,,,bd6t55095051b: no usable pages in manifest.,2026-07-17T17:54:09.455066
lacharente,bd6t55095052r,,failed,0,0,,no_usable_pages,known,,,bd6t55095052r: no usable pages in manifest.,2026-07-17T17:54:09.638177
lacharente,bd6t550950535,,failed,0,0,,no_usable_pages,known,,,bd6t550950535: no usable pages in manifest.,2026-07-17T17:54:09.830953
lacharente,bd6t55095054k,,failed,0,0,,no_usable_pages,known,,,bd6t55095054k: no usable pages in manifest.,2026-07-17T17:54:10.056209
lacharente,bd6t550950550,,failed,0,0,,no_usable_pages,known,,,bd6t550950550: no usable pages in manifest.,2026-07-17T17:54:10.203798
lacharente,bd6t55095056d,,failed,0,0,,no_usable_pages,known,,,bd6t55095056d: no usable pages in manifest.,2026-07-17T17:54:10.392383
lacharente,bd6t55095057t,,failed,0,0,,no_usable_pages,known,,,bd6t55095057t: no usable pages in manifest.,2026-07-17T17:54:10.586136
lacharente,bd6t550950587,,failed,0,0,,no_usable_pages,known,,,bd6t550950587: no usable pages in manifest.,2026-07-17T17:54:10.755643
lacharente,bd6t55095059n,,failed,0,0,,no_usable_pages,known,,,bd6t55095059n: no usable pages in manifest.,2026-07-17T17:54:10.909192
lacharente,bd6t550950609,,failed,0,0,,no_usable_pages,known,,,bd6t550950609: no usable pages in manifest.,2026-07-17T17:54:11.063730
lacharente,bd6t55095061q,,failed,0,0,,no_usable_pages,known,,,bd6t55095061q: no usable pages in manifest.,2026-07-17T17:54:11.211454
lacharente,bd6t550950624,,failed,0,0,,no_usable_pages,known,,,bd6t550950624: no usable pages in manifest.,2026-07-17T17:54:11.641315
lacharente,bd6t55095063j,,failed,0,0,,no_usable_pages,known,,,bd6t55095063j: no usable pages in manifest.,2026-07-17T17:54:11.918949
lacharente,bd6t55095428g,,failed,0,0,,no_usable_pages,known,,,bd6t55095428g: no usable pages in manifest.,2026-07-17T17:54:12.084451
lacharente,bd6t55095064z,,failed,0,0,,no_usable_pages,known,,,bd6t55095064z: no usable pages in manifest.,2026-07-17T17:54:12.269284
lacharente,bd6t55095065c,,failed,0,0,,no_usable_pages,known,,,bd6t55095065c: no usable pages in manifest.,2026-07-17T17:54:12.380358
lacharente,bd6t55095066s,,failed,0,0,,no_usable_pages,known,,,bd6t55095066s: no usable pages in manifest.,2026-07-17T17:54:12.531672
lacharente,bd6t550950676,,failed,0,0,,no_usable_pages,known,,,bd6t550950676: no usable pages in manifest.,2026-07-17T17:54:12.671056
lacharente,bd6t55095432c,,failed,0,0,,no_usable_pages,known,,,bd6t55095432c: no usable pages in manifest.,2026-07-17T17:54:12.805064
lacharente,bd6t55095068m,,failed,0,0,,no_usable_pages,known,,,bd6t55095068m: no usable pages in manifest.,2026-07-17T17:54:13.009498
lacharente,bd6t550950691,,failed,0,0,,no_usable_pages,known,,,bd6t550950691: no usable pages in manifest.,2026-07-17T17:54:13.131968
lacharente,bd6t55095070p,,failed,0,0,,no_usable_pages,known,,,bd6t55095070p: no usable pages in manifest.,2026-07-17T17:54:13.312775
lacharente,bd6t550950713,,failed,0,0,,no_usable_pages,known,,,bd6t550950713: no usable pages in manifest.,2026-07-17T17:54:13.468457
lacharente,bd6t55095072h,,failed,0,0,,no_usable_pages,known,,,bd6t55095072h: no usable pages in manifest.,2026-07-17T17:54:13.583755
lacharente,bd6t550954361,,failed,0,0,,no_usable_pages,known,,,bd6t550954361: no usable pages in manifest.,2026-07-17T17:54:13.700240
lacharente,bd6t55095073x,,failed,0,0,,no_usable_pages,known,,,bd6t55095073x: no usable pages in manifest.,2026-07-17T17:54:13.849827
lacharente,bd6t55095074b,,failed,0,0,,no_usable_pages,known,,,bd6t55095074b: no usable pages in manifest.,2026-07-17T17:54:13.992589
lacharente,bd6t55095075r,,failed,0,0,,no_usable_pages,known,,,bd6t55095075r: no usable pages in manifest.,2026-07-17T17:54:14.126884
lacharente,bd6t550950765,,failed,0,0,,no_usable_pages,known,,,bd6t550950765: no usable pages in manifest.,2026-07-17T17:54:14.305313
lacharente,bd6t55095077k,,failed,0,0,,no_usable_pages,known,,,bd6t55095077k: no usable pages in manifest.,2026-07-17T17:54:14.438094
lacharente,bd6t550950780,,failed,0,0,,no_usable_pages,known,,,bd6t550950780: no usable pages in manifest.,2026-07-17T17:54:14.534271
lacharente,bd6t55095079d,,failed,0,0,,no_usable_pages,known,,,bd6t55095079d: no usable pages in manifest.,2026-07-17T17:54:14.669122
lacharente,bd6t550950802,,failed,0,0,,no_usable_pages,known,,,bd6t550950802: no usable pages in manifest.,2026-07-17T17:54:14.777474
lacharente,bd6t55095081g,,failed,0,0,,no_usable_pages,known,,,bd6t55095081g: no usable pages in manifest.,2026-07-17T17:54:14.916940
lacharente,bd6t55095082w,,failed,0,0,,no_usable_pages,known,,,bd6t55095082w: no usable pages in manifest.,2026-07-17T17:54:15.074009
lacharente,bd6t550950839,,failed,0,0,,no_usable_pages,known,,,bd6t550950839: no usable pages in manifest.,2026-07-17T17:54:15.218135
lacharente,bd6t55095084q,,failed,0,0,,no_usable_pages,known,,,bd6t55095084q: no usable pages in manifest.,2026-07-17T17:54:15.375888
lacharente,bd6t550950854,,failed,0,0,,no_usable_pages,known,,,bd6t550950854: no usable pages in manifest.,2026-07-17T17:54:15.509027
lacharente,bd6t55095086j,,failed,0,0,,no_usable_pages,known,,,bd6t55095086j: no usable pages in manifest.,2026-07-17T17:54:15.634305
lacharente,bd6t55095087z,,failed,0,0,,no_usable_pages,known,,,bd6t55095087z: no usable pages in manifest.,2026-07-17T17:54:15.762071
lacharente,bd6t55095088c,,failed,0,0,,no_usable_pages,known,,,bd6t55095088c: no usable pages in manifest.,2026-07-17T17:54:15.886757
lacharente,bd6t55095089s,,failed,0,0,,no_usable_pages,known,,,bd6t55095089s: no usable pages in manifest.,2026-07-17T17:54:16.077737
lacharente,bd6t55095090f,,failed,0,0,,no_usable_pages,known,,,bd6t55095090f: no usable pages in manifest.,2026-07-17T17:54:16.237849
lacharente,bd6t55095091v,,failed,0,0,,no_usable_pages,known,,,bd6t55095091v: no usable pages in manifest.,2026-07-17T17:54:16.413081
lacharente,bd6t550950928,,failed,0,0,,no_usable_pages,known,,,bd6t550950928: no usable pages in manifest.,2026-07-17T17:54:16.550148
lacharente,bd6t55095093p,,failed,0,0,,no_usable_pages,known,,,bd6t55095093p: no usable pages in manifest.,2026-07-17T17:54:16.703262
lacharente,bd6t550950943,,failed,0,0,,no_usable_pages,known,,,bd6t550950943: no usable pages in manifest.,2026-07-17T17:54:16.819485
lacharente,bd6t55095095h,,failed,0,0,,no_usable_pages,known,,,bd6t55095095h: no usable pages in manifest.,2026-07-17T17:54:16.933220
lacharente,bd6t55095096x,,failed,0,0,,no_usable_pages,known,,,bd6t55095096x: no usable pages in manifest.,2026-07-17T17:54:17.079177
lacharente,bd6t55095097b,,failed,0,0,,no_usable_pages,known,,,bd6t55095097b: no usable pages in manifest.,2026-07-17T17:54:17.613052
lacharente,bd6t55095098r,,failed,0,0,,no_usable_pages,known,,,bd6t55095098r: no usable pages in manifest.,2026-07-17T17:54:17.829491
lacharente,bd6t550950995,,failed,0,0,,no_usable_pages,known,,,bd6t550950995: no usable pages in manifest.,2026-07-17T17:54:17.950061
lacharente,bd6t55095100c,,failed,0,0,,no_usable_pages,known,,,bd6t55095100c: no usable pages in manifest.,2026-07-17T17:54:18.074868
lacharente,bd6t55095101s,,failed,0,0,,no_usable_pages,known,,,bd6t55095101s: no usable pages in manifest.,2026-07-17T17:54:18.188347
lacharente,bd6t550951026,,failed,0,0,,no_usable_pages,known,,,bd6t550951026: no usable pages in manifest.,2026-07-17T17:54:18.372899
lacharente,bd6t55095103m,,failed,0,0,,no_usable_pages,known,,,bd6t55095103m: no usable pages in manifest.,2026-07-17T17:54:18.503831
lacharente,bd6t55095105f,,failed,0,0,,no_usable_pages,known,,,bd6t55095105f: no usable pages in manifest.,2026-07-17T17:54:18.649664
lacharente,bd6t55095106v,,failed,0,0,,no_usable_pages,known,,,bd6t55095106v: no usable pages in manifest.,2026-07-17T17:54:18.814064
lacharente,bd6t550951041,,failed,0,0,,no_usable_pages,known,,,bd6t550951041: no usable pages in manifest.,2026-07-17T17:54:18.945455
lacharente,bd6t550951078,,failed,0,0,,no_usable_pages,known,,,bd6t550951078: no usable pages in manifest.,2026-07-17T17:54:19.136198
lacharente,bd6t55095108p,,failed,0,0,,no_usable_pages,known,,,bd6t55095108p: no usable pages in manifest.,2026-07-17T17:54:19.288691
lacharente,bd6t550951093,,failed,0,0,,no_usable_pages,known,,,bd6t550951093: no usable pages in manifest.,2026-07-17T17:54:19.500425
lacharente,bd6t55095110r,,failed,0,0,,no_usable_pages,known,,,bd6t55095110r: no usable pages in manifest.,2026-07-17T17:54:19.626752
lacharente,bd6t550951115,,failed,0,0,,no_usable_pages,known,,,bd6t550951115: no usable pages in manifest.,2026-07-17T17:54:19.730493
lacharente,bd6t55095112k,,failed,0,0,,no_usable_pages,known,,,bd6t55095112k: no usable pages in manifest.,2026-07-17T17:54:19.902356
lacharente,bd6t550951130,,failed,0,0,,no_usable_pages,known,,,bd6t550951130: no usable pages in manifest.,2026-07-17T17:54:20.054340
lacharente,bd6t55095114d,,failed,0,0,,no_usable_pages,known,,,bd6t55095114d: no usable pages in manifest.,2026-07-17T17:54:20.166056
lacharente,bd6t55095115t,,failed,0,0,,no_usable_pages,known,,,bd6t55095115t: no usable pages in manifest.,2026-07-17T17:54:20.273934
lacharente,bd6t550951167,,failed,0,0,,no_usable_pages,known,,,bd6t550951167: no usable pages in manifest.,2026-07-17T17:54:20.489684
lacharente,bd6t55095117n,,failed,0,0,,no_usable_pages,known,,,bd6t55095117n: no usable pages in manifest.,2026-07-17T17:54:20.679524
lacharente,bd6t550951182,,failed,0,0,,no_usable_pages,known,,,bd6t550951182: no usable pages in manifest.,2026-07-17T17:54:20.787778
lacharente,bd6t55095119g,,failed,0,0,,no_usable_pages,known,,,bd6t55095119g: no usable pages in manifest.,2026-07-17T17:54:20.954648
lacharente,bd6t550951204,,failed,0,0,,no_usable_pages,known,,,bd6t550951204: no usable pages in manifest.,2026-07-17T17:54:21.114406
lacharente,bd6t55095121j,,failed,0,0,,no_usable_pages,known,,,bd6t55095121j: no usable pages in manifest.,2026-07-17T17:54:21.260115
lacharente,bd6t55095122z,,failed,0,0,,no_usable_pages,known,,,bd6t55095122z: no usable pages in manifest.,2026-07-17T17:54:21.374622
lacharente,bd6t55095123c,,failed,0,0,,no_usable_pages,known,,,bd6t55095123c: no usable pages in manifest.,2026-07-17T17:54:21.548432
lacharente,bd6t55095124s,,failed,0,0,,no_usable_pages,known,,,bd6t55095124s: no usable pages in manifest.,2026-07-17T17:54:21.666223
lacharente,bd6t550951256,,failed,0,0,,no_usable_pages,known,,,bd6t550951256: no usable pages in manifest.,2026-07-17T17:54:21.816274
lacharente,bd6t55095126m,,failed,0,0,,no_usable_pages,known,,,bd6t55095126m: no usable pages in manifest.,2026-07-17T17:54:21.974836
lacharente,bd6t550951271,,failed,0,0,,no_usable_pages,known,,,bd6t550951271: no usable pages in manifest.,2026-07-17T17:54:22.118185
lacharente,bd6t55095128f,,failed,0,0,,no_usable_pages,known,,,bd6t55095128f: no usable pages in manifest.,2026-07-17T17:54:22.255467
lacharente,bd6t55095129v,,failed,0,0,,no_usable_pages,known,,,bd6t55095129v: no usable pages in manifest.,2026-07-17T17:54:22.374826
lacharente,bd6t55095130h,,failed,0,0,,no_usable_pages,known,,,bd6t55095130h: no usable pages in manifest.,2026-07-17T17:54:22.561823
lacharente,bd6t55095131x,,failed,0,0,,no_usable_pages,known,,,bd6t55095131x: no usable pages in manifest.,2026-07-17T17:54:22.749322
lacharente,bd6t55095132b,,failed,0,0,,no_usable_pages,known,,,bd6t55095132b: no usable pages in manifest.,2026-07-17T17:54:22.872836
lacharente,bd6t55095133r,,failed,0,0,,no_usable_pages,known,,,bd6t55095133r: no usable pages in manifest.,2026-07-17T17:54:23.164734
lacharente,bd6t550951345,,failed,0,0,,no_usable_pages,known,,,bd6t550951345: no usable pages in manifest.,2026-07-17T17:54:23.284089
lacharente,bd6t55095135k,,failed,0,0,,no_usable_pages,known,,,bd6t55095135k: no usable pages in manifest.,2026-07-17T17:54:23.430499
lacharente,bd6t550951360,,failed,0,0,,no_usable_pages,known,,,bd6t550951360: no usable pages in manifest.,2026-07-17T17:54:23.555871
lacharente,bd6t55095137d,,failed,0,0,,no_usable_pages,known,,,bd6t55095137d: no usable pages in manifest.,2026-07-17T17:54:23.664565
lacharente,bd6t55095138t,,failed,0,0,,no_usable_pages,known,,,bd6t55095138t: no usable pages in manifest.,2026-07-17T17:54:23.869094
lacharente,bd6t550951397,,failed,0,0,,no_usable_pages,known,,,bd6t550951397: no usable pages in manifest.,2026-07-17T17:54:24.017852
lacharente,bd6t55095140w,,failed,0,0,,no_usable_pages,known,,,bd6t55095140w: no usable pages in manifest.,2026-07-17T17:54:24.187478
lacharente,bd6t550951419,,failed,0,0,,no_usable_pages,known,,,bd6t550951419: no usable pages in manifest.,2026-07-17T17:54:24.359753
lacharente,bd6t55095142q,,failed,0,0,,no_usable_pages,known,,,bd6t55095142q: no usable pages in manifest.,2026-07-17T17:54:24.477773
lacharente,bd6t55095144j,,failed,0,0,,no_usable_pages,known,,,bd6t55095144j: no usable pages in manifest.,2026-07-17T17:54:24.633074
lacharente,bd6t55095145z,,failed,0,0,,no_usable_pages,known,,,bd6t55095145z: no usable pages in manifest.,2026-07-17T17:54:24.746975
lacharente,bd6t55095146c,,failed,0,0,,no_usable_pages,known,,,bd6t55095146c: no usable pages in manifest.,2026-07-17T17:54:24.927128
lacharente,bd6t55095147s,,failed,0,0,,no_usable_pages,known,,,bd6t55095147s: no usable pages in manifest.,2026-07-17T17:54:25.008189
lacharente,bd6t550951486,,failed,0,0,,no_usable_pages,known,,,bd6t550951486: no usable pages in manifest.,2026-07-17T17:54:25.109575
lacharente,bd6t55095149m,,failed,0,0,,no_usable_pages,known,,,bd6t55095149m: no usable pages in manifest.,2026-07-17T17:54:25.276378
lacharente,bd6t550951508,,failed,0,0,,no_usable_pages,known,,,bd6t550951508: no usable pages in manifest.,2026-07-17T17:54:25.390701
lacharente,bd6t55095151p,,failed,0,0,,no_usable_pages,known,,,bd6t55095151p: no usable pages in manifest.,2026-07-17T17:54:25.510132
lacharente,bd6t550951523,,failed,0,0,,no_usable_pages,known,,,bd6t550951523: no usable pages in manifest.,2026-07-17T17:54:25.628835
lacharente,bd6t55095153h,,failed,0,0,,no_usable_pages,known,,,bd6t55095153h: no usable pages in manifest.,2026-07-17T17:54:25.770379
lacharente,bd6t55095154x,,failed,0,0,,no_usable_pages,known,,,bd6t55095154x: no usable pages in manifest.,2026-07-17T17:54:25.960010
lacharente,bd6t55095155b,,failed,0,0,,no_usable_pages,known,,,bd6t55095155b: no usable pages in manifest.,2026-07-17T17:54:26.098737
lacharente,bd6t55095156r,,failed,0,0,,no_usable_pages,known,,,bd6t55095156r: no usable pages in manifest.,2026-07-17T17:54:26.274097
lacharente,bd6t550951575,,failed,0,0,,no_usable_pages,known,,,bd6t550951575: no usable pages in manifest.,2026-07-17T17:54:26.390766
lacharente,bd6t55095158k,,failed,0,0,,no_usable_pages,known,,,bd6t55095158k: no usable pages in manifest.,2026-07-17T17:54:26.506523
lacharente,bd6t550951590,,failed,0,0,,no_usable_pages,known,,,bd6t550951590: no usable pages in manifest.,2026-07-17T17:54:26.626575
lacharente,bd6t55095160n,,failed,0,0,,no_usable_pages,known,,,bd6t55095160n: no usable pages in manifest.,2026-07-17T17:54:26.739525
lacharente,bd6t550951612,,failed,0,0,,no_usable_pages,known,,,bd6t550951612: no usable pages in manifest.,2026-07-17T17:54:26.892618
lacharente,bd6t55095162g,,failed,0,0,,no_usable_pages,known,,,bd6t55095162g: no usable pages in manifest.,2026-07-17T17:54:27.047448
lacharente,bd6t55095163w,,failed,0,0,,no_usable_pages,known,,,bd6t55095163w: no usable pages in manifest.,2026-07-17T17:54:27.184582
lacharente,bd6t550951649,,failed,0,0,,no_usable_pages,known,,,bd6t550951649: no usable pages in manifest.,2026-07-17T17:54:27.341353
lacharente,bd6t55095165q,,failed,0,0,,no_usable_pages,known,,,bd6t55095165q: no usable pages in manifest.,2026-07-17T17:54:27.482935
lacharente,bd6t550951664,,failed,0,0,,no_usable_pages,known,,,bd6t550951664: no usable pages in manifest.,2026-07-17T17:54:27.632564
lacharente,bd6t55095167j,,failed,0,0,,no_usable_pages,known,,,bd6t55095167j: no usable pages in manifest.,2026-07-17T17:54:27.757666
lacharente,bd6t55095168z,,failed,0,0,,no_usable_pages,known,,,bd6t55095168z: no usable pages in manifest.,2026-07-17T17:54:27.867357
lacharente,bd6t55095169c,,failed,0,0,,no_usable_pages,known,,,bd6t55095169c: no usable pages in manifest.,2026-07-17T17:54:27.964911
lacharente,bd6t550951701,,failed,0,0,,no_usable_pages,known,,,bd6t550951701: no usable pages in manifest.,2026-07-17T17:54:28.137000
lacharente,bd6t55095171f,,failed,0,0,,no_usable_pages,known,,,bd6t55095171f: no usable pages in manifest.,2026-07-17T17:54:28.241716
lacharente,bd6t55095172v,,failed,0,0,,no_usable_pages,known,,,bd6t55095172v: no usable pages in manifest.,2026-07-17T17:54:28.372215
lacharente,bd6t550951738,,failed,0,0,,no_usable_pages,known,,,bd6t550951738: no usable pages in manifest.,2026-07-17T17:54:28.491862
lacharente,bd6t55095174p,,failed,0,0,,no_usable_pages,known,,,bd6t55095174p: no usable pages in manifest.,2026-07-17T17:54:28.643431
lacharente,bd6t550951753,,failed,0,0,,no_usable_pages,known,,,bd6t550951753: no usable pages in manifest.,2026-07-17T17:54:28.794024
lacharente,bd6t55095176h,,failed,0,0,,no_usable_pages,known,,,bd6t55095176h: no usable pages in manifest.,2026-07-17T17:54:28.999524
lacharente,bd6t55095177x,,failed,0,0,,no_usable_pages,known,,,bd6t55095177x: no usable pages in manifest.,2026-07-17T17:54:29.426081
lacharente,bd6t55095178b,,failed,0,0,,no_usable_pages,known,,,bd6t55095178b: no usable pages in manifest.,2026-07-17T17:54:29.531542
lacharente,bd6t55095179r,,failed,0,0,,no_usable_pages,known,,,bd6t55095179r: no usable pages in manifest.,2026-07-17T17:54:29.627974
lacharente,bd6t55095180d,,failed,0,0,,no_usable_pages,known,,,bd6t55095180d: no usable pages in manifest.,2026-07-17T17:54:29.802115
lacharente,bd6t55095181t,,failed,0,0,,no_usable_pages,known,,,bd6t55095181t: no usable pages in manifest.,2026-07-17T17:54:29.928270
lacharente,bd6t55095183n,,failed,0,0,,no_usable_pages,known,,,bd6t55095183n: no usable pages in manifest.,2026-07-17T17:54:30.021822
lacharente,bd6t550951842,,failed,0,0,,no_usable_pages,known,,,bd6t550951842: no usable pages in manifest.,2026-07-17T17:54:30.149739
lacharente,bd6t55095185g,,failed,0,0,,no_usable_pages,known,,,bd6t55095185g: no usable pages in manifest.,2026-07-17T17:54:30.302323
lacharente,bd6t55095186w,,failed,0,0,,no_usable_pages,known,,,bd6t55095186w: no usable pages in manifest.,2026-07-17T17:54:30.551420
lacharente,bd6t550951879,,failed,0,0,,no_usable_pages,known,,,bd6t550951879: no usable pages in manifest.,2026-07-17T17:54:30.705480
lacharente,bd6t55095188q,,failed,0,0,,no_usable_pages,known,,,bd6t55095188q: no usable pages in manifest.,2026-07-17T17:54:30.862518
lacharente,bd6t550951894,,failed,0,0,,no_usable_pages,known,,,bd6t550951894: no usable pages in manifest.,2026-07-17T17:54:31.005490
lacharente,bd6t55095190s,,failed,0,0,,no_usable_pages,known,,,bd6t55095190s: no usable pages in manifest.,2026-07-17T17:54:31.127619
lacharente,bd6t550951916,,failed,0,0,,no_usable_pages,known,,,bd6t550951916: no usable pages in manifest.,2026-07-17T17:54:31.255316
lacharente,bd6t55095192m,,failed,0,0,,no_usable_pages,known,,,bd6t55095192m: no usable pages in manifest.,2026-07-17T17:54:31.421106
lacharente,bd6t550951931,,failed,0,0,,no_usable_pages,known,,,bd6t550951931: no usable pages in manifest.,2026-07-17T17:54:31.704656
lacharente,bd6t55095194f,,failed,0,0,,no_usable_pages,known,,,bd6t55095194f: no usable pages in manifest.,2026-07-17T17:54:31.816496
lacharente,bd6t55095195v,,failed,0,0,,no_usable_pages,known,,,bd6t55095195v: no usable pages in manifest.,2026-07-17T17:54:31.989607
lacharente,bd6t550951968,,failed,0,0,,no_usable_pages,known,,,bd6t550951968: no usable pages in manifest.,2026-07-17T17:54:32.078374
lacharente,bd6t55095197p,,failed,0,0,,no_usable_pages,known,,,bd6t55095197p: no usable pages in manifest.,2026-07-17T17:54:32.194055
lacharente,bd6t550951983,,failed,0,0,,no_usable_pages,known,,,bd6t550951983: no usable pages in manifest.,2026-07-17T17:54:32.295622
lacharente,bd6t55095199h,,failed,0,0,,no_usable_pages,known,,,bd6t55095199h: no usable pages in manifest.,2026-07-17T17:54:32.425090
lacharente,bd6t55095200q,,failed,0,0,,no_usable_pages,known,,,bd6t55095200q: no usable pages in manifest.,2026-07-17T17:54:32.547568
lacharente,bd6t550952014,,failed,0,0,,no_usable_pages,known,,,bd6t550952014: no usable pages in manifest.,2026-07-17T17:54:32.716954
lacharente,bd6t55095202j,,failed,0,0,,no_usable_pages,known,,,bd6t55095202j: no usable pages in manifest.,2026-07-17T17:54:32.817661
lacharente,bd6t55095203z,,failed,0,0,,no_usable_pages,known,,,bd6t55095203z: no usable pages in manifest.,2026-07-17T17:54:32.963688
lacharente,bd6t550951434,,failed,0,0,,no_usable_pages,known,,,bd6t550951434: no usable pages in manifest.,2026-07-17T17:54:33.119698
lacharente,bd6t55095204c,,failed,0,0,,no_usable_pages,known,,,bd6t55095204c: no usable pages in manifest.,2026-07-17T17:54:33.211990
lacharente,bd6t55095205s,,failed,0,0,,no_usable_pages,known,,,bd6t55095205s: no usable pages in manifest.,2026-07-17T17:54:33.317537
lacharente,bd6t550952066,,failed,0,0,,no_usable_pages,known,,,bd6t550952066: no usable pages in manifest.,2026-07-17T17:54:33.431304
lacharente,bd6t55095207m,,failed,0,0,,no_usable_pages,known,,,bd6t55095207m: no usable pages in manifest.,2026-07-17T17:54:33.577323
lacharente,bd6t550952081,,failed,0,0,,no_usable_pages,known,,,bd6t550952081: no usable pages in manifest.,2026-07-17T17:54:33.835513
lacharente,bd6t55095209f,,failed,0,0,,no_usable_pages,known,,,bd6t55095209f: no usable pages in manifest.,2026-07-17T17:54:33.996185
lacharente,bd6t550951827,,failed,0,0,,no_usable_pages,known,,,bd6t550951827: no usable pages in manifest.,2026-07-17T17:54:34.095041
lacharente,bd6t550952103,,failed,0,0,,no_usable_pages,known,,,bd6t550952103: no usable pages in manifest.,2026-07-17T17:54:34.242109
lacharente,bd6t55095211h,,failed,0,0,,no_usable_pages,known,,,bd6t55095211h: no usable pages in manifest.,2026-07-17T17:54:34.348706
lacharente,bd6t55095212x,,failed,0,0,,no_usable_pages,known,,,bd6t55095212x: no usable pages in manifest.,2026-07-17T17:54:34.460863
lacharente,bd6t55095213b,,failed,0,0,,no_usable_pages,known,,,bd6t55095213b: no usable pages in manifest.,2026-07-17T17:54:34.592940
lacharente,bd6t55095214r,,failed,0,0,,no_usable_pages,known,,,bd6t55095214r: no usable pages in manifest.,2026-07-17T17:54:35.201362
lacharente,bd6t550952155,,failed,0,0,,no_usable_pages,known,,,bd6t550952155: no usable pages in manifest.,2026-07-17T17:54:35.299116
lacharente,bd6t55095216k,,failed,0,0,,no_usable_pages,known,,,bd6t55095216k: no usable pages in manifest.,2026-07-17T17:54:35.416222
lacharente,bd6t550952170,,failed,0,0,,no_usable_pages,known,,,bd6t550952170: no usable pages in manifest.,2026-07-17T17:54:35.533075
lacharente,bd6t55095218d,,failed,0,0,,no_usable_pages,known,,,bd6t55095218d: no usable pages in manifest.,2026-07-17T17:54:35.663371
lacharente,bd6t55095219t,,failed,0,0,,no_usable_pages,known,,,bd6t55095219t: no usable pages in manifest.,2026-07-17T17:54:35.819217
lacharente,bd6t55095220g,,failed,0,0,,no_usable_pages,known,,,bd6t55095220g: no usable pages in manifest.,2026-07-17T17:54:36.025608
lacharente,bd6t55095221w,,failed,0,0,,no_usable_pages,known,,,bd6t55095221w: no usable pages in manifest.,2026-07-17T17:54:36.137325
lacharente,bd6t550952229,,failed,0,0,,no_usable_pages,known,,,bd6t550952229: no usable pages in manifest.,2026-07-17T17:54:36.275225
lacharente,bd6t55095223q,,failed,0,0,,no_usable_pages,known,,,bd6t55095223q: no usable pages in manifest.,2026-07-17T17:54:36.418235
lacharente,bd6t550952244,,failed,0,0,,no_usable_pages,known,,,bd6t550952244: no usable pages in manifest.,2026-07-17T17:54:36.551627
lacharente,bd6t55095225j,,failed,0,0,,no_usable_pages,known,,,bd6t55095225j: no usable pages in manifest.,2026-07-17T17:54:36.668411
lacharente,bd6t55095226z,,failed,0,0,,no_usable_pages,known,,,bd6t55095226z: no usable pages in manifest.,2026-07-17T17:54:36.843812
lacharente,bd6t55095227c,,failed,0,0,,no_usable_pages,known,,,bd6t55095227c: no usable pages in manifest.,2026-07-17T17:54:37.090588
lacharente,bd6t55095228s,,failed,0,0,,no_usable_pages,known,,,bd6t55095228s: no usable pages in manifest.,2026-07-17T17:54:37.218256
lacharente,bd6t550952296,,failed,0,0,,no_usable_pages,known,,,bd6t550952296: no usable pages in manifest.,2026-07-17T17:54:37.347548
lacharente,bd6t55095230v,,failed,0,0,,no_usable_pages,known,,,bd6t55095230v: no usable pages in manifest.,2026-07-17T17:54:37.461403
lacharente,bd6t550952318,,failed,0,0,,no_usable_pages,known,,,bd6t550952318: no usable pages in manifest.,2026-07-17T17:54:37.609199
lacharente,bd6t55095232p,,failed,0,0,,no_usable_pages,known,,,bd6t55095232p: no usable pages in manifest.,2026-07-17T17:54:37.729181
lacharente,bd6t550952333,,failed,0,0,,no_usable_pages,known,,,bd6t550952333: no usable pages in manifest.,2026-07-17T17:54:37.822657
lacharente,bd6t55095234h,,failed,0,0,,no_usable_pages,known,,,bd6t55095234h: no usable pages in manifest.,2026-07-17T17:54:37.919901
lacharente,bd6t55095235x,,failed,0,0,,no_usable_pages,known,,,bd6t55095235x: no usable pages in manifest.,2026-07-17T17:54:38.164603
lacharente,bd6t55095236b,,failed,0,0,,no_usable_pages,known,,,bd6t55095236b: no usable pages in manifest.,2026-07-17T17:54:38.310976
lacharente,bd6t55095237r,,failed,0,0,,no_usable_pages,known,,,bd6t55095237r: no usable pages in manifest.,2026-07-17T17:54:38.433849
lacharente,bd6t550952385,,failed,0,0,,no_usable_pages,known,,,bd6t550952385: no usable pages in manifest.,2026-07-17T17:54:38.587102
lacharente,bd6t55095239k,,failed,0,0,,no_usable_pages,known,,,bd6t55095239k: no usable pages in manifest.,2026-07-17T17:54:38.714017
lacharente,bd6t550952407,,failed,0,0,,no_usable_pages,known,,,bd6t550952407: no usable pages in manifest.,2026-07-17T17:54:38.846947
lacharente,bd6t55095241n,,failed,0,0,,no_usable_pages,known,,,bd6t55095241n: no usable pages in manifest.,2026-07-17T17:54:38.977963
lacharente,bd6t550952422,,failed,0,0,,no_usable_pages,known,,,bd6t550952422: no usable pages in manifest.,2026-07-17T17:54:39.181214
lacharente,bd6t55095243g,,failed,0,0,,no_usable_pages,known,,,bd6t55095243g: no usable pages in manifest.,2026-07-17T17:54:39.350715
lacharente,bd6t55095244w,,failed,0,0,,no_usable_pages,known,,,bd6t55095244w: no usable pages in manifest.,2026-07-17T17:54:39.459898
lacharente,bd6t550952459,,failed,0,0,,no_usable_pages,known,,,bd6t550952459: no usable pages in manifest.,2026-07-17T17:54:39.585600
lacharente,bd6t55095246q,,failed,0,0,,no_usable_pages,known,,,bd6t55095246q: no usable pages in manifest.,2026-07-17T17:54:39.706984
lacharente,bd6t550952474,,failed,0,0,,no_usable_pages,known,,,bd6t550952474: no usable pages in manifest.,2026-07-17T17:54:39.816491
lacharente,bd6t55095248j,,failed,0,0,,no_usable_pages,known,,,bd6t55095248j: no usable pages in manifest.,2026-07-17T17:54:39.955234
lacharente,bd6t55095249z,,failed,0,0,,no_usable_pages,known,,,bd6t55095249z: no usable pages in manifest.,2026-07-17T17:54:40.071754
lacharente,bd6t55095250m,,failed,0,0,,no_usable_pages,known,,,bd6t55095250m: no usable pages in manifest.,2026-07-17T17:54:40.252309
lacharente,bd6t550952511,,failed,0,0,,no_usable_pages,known,,,bd6t550952511: no usable pages in manifest.,2026-07-17T17:54:40.467184
lacharente,bd6t55095252f,,failed,0,0,,no_usable_pages,known,,,bd6t55095252f: no usable pages in manifest.,2026-07-17T17:54:40.683397
lacharente,bd6t55095253v,,failed,0,0,,no_usable_pages,known,,,bd6t55095253v: no usable pages in manifest.,2026-07-17T17:54:40.850672
lacharente,bd6t550952548,,failed,0,0,,no_usable_pages,known,,,bd6t550952548: no usable pages in manifest.,2026-07-17T17:54:40.992516
lacharente,bd6t55095255p,,failed,0,0,,no_usable_pages,known,,,bd6t55095255p: no usable pages in manifest.,2026-07-17T17:54:41.228799
lacharente,bd6t550952563,,failed,0,0,,no_usable_pages,known,,,bd6t550952563: no usable pages in manifest.,2026-07-17T17:54:41.472391
lacharente,bd6t55095257h,,failed,0,0,,no_usable_pages,known,,,bd6t55095257h: no usable pages in manifest.,2026-07-17T17:54:41.617606
lacharente,bd6t55095258x,,failed,0,0,,no_usable_pages,known,,,bd6t55095258x: no usable pages in manifest.,2026-07-17T17:54:41.780071
lacharente,bd6t55095259b,,failed,0,0,,no_usable_pages,known,,,bd6t55095259b: no usable pages in manifest.,2026-07-17T17:54:41.883293
lacharente,bd6t550952600,,failed,0,0,,no_usable_pages,known,,,bd6t550952600: no usable pages in manifest.,2026-07-17T17:54:42.002367
lacharente,bd6t55095261d,,failed,0,0,,no_usable_pages,known,,,bd6t55095261d: no usable pages in manifest.,2026-07-17T17:54:42.133587
lacharente,bd6t55095262t,,failed,0,0,,no_usable_pages,known,,,bd6t55095262t: no usable pages in manifest.,2026-07-17T17:54:42.268427
lacharente,bd6t550952637,,failed,0,0,,no_usable_pages,known,,,bd6t550952637: no usable pages in manifest.,2026-07-17T17:54:42.452942
lacharente,bd6t55095264n,,failed,0,0,,no_usable_pages,known,,,bd6t55095264n: no usable pages in manifest.,2026-07-17T17:54:42.588755
lacharente,bd6t550952652,,failed,0,0,,no_usable_pages,known,,,bd6t550952652: no usable pages in manifest.,2026-07-17T17:54:42.712143
lacharente,bd6t55095266g,,failed,0,0,,no_usable_pages,known,,,bd6t55095266g: no usable pages in manifest.,2026-07-17T17:54:42.838009
lacharente,bd6t55095267w,,failed,0,0,,no_usable_pages,known,,,bd6t55095267w: no usable pages in manifest.,2026-07-17T17:54:42.982525
lacharente,bd6t550952689,,failed,0,0,,no_usable_pages,known,,,bd6t550952689: no usable pages in manifest.,2026-07-17T17:54:43.136266
lacharente,bd6t55095269q,,failed,0,0,,no_usable_pages,known,,,bd6t55095269q: no usable pages in manifest.,2026-07-17T17:54:43.290682
lacharente,bd6t55095270c,,failed,0,0,,no_usable_pages,known,,,bd6t55095270c: no usable pages in manifest.,2026-07-17T17:54:43.531497
lacharente,bd6t55095271s,,failed,0,0,,no_usable_pages,known,,,bd6t55095271s: no usable pages in manifest.,2026-07-17T17:54:43.689210
lacharente,bd6t550952726,,failed,0,0,,no_usable_pages,known,,,bd6t550952726: no usable pages in manifest.,2026-07-17T17:54:43.792854
lacharente,bd6t55095273m,,failed,0,0,,no_usable_pages,known,,,bd6t55095273m: no usable pages in manifest.,2026-07-17T17:54:43.909313
lacharente,bd6t550952741,,failed,0,0,,no_usable_pages,known,,,bd6t550952741: no usable pages in manifest.,2026-07-17T17:54:44.084962
lacharente,bd6t55095275f,,failed,0,0,,no_usable_pages,known,,,bd6t55095275f: no usable pages in manifest.,2026-07-17T17:54:44.203479
lacharente,bd6t55095276v,,failed,0,0,,no_usable_pages,known,,,bd6t55095276v: no usable pages in manifest.,2026-07-17T17:54:44.356095
lacharente,bd6t550952778,,failed,0,0,,no_usable_pages,known,,,bd6t550952778: no usable pages in manifest.,2026-07-17T17:54:44.483328
lacharente,bd6t55095278p,,failed,0,0,,no_usable_pages,known,,,bd6t55095278p: no usable pages in manifest.,2026-07-17T17:54:44.633963
lacharente,bd6t550952793,,failed,0,0,,no_usable_pages,known,,,bd6t550952793: no usable pages in manifest.,2026-07-17T17:54:44.772493
lacharente,bd6t55095280r,,failed,0,0,,no_usable_pages,known,,,bd6t55095280r: no usable pages in manifest.,2026-07-17T17:54:44.872547
lacharente,bd6t550952815,,failed,0,0,,no_usable_pages,known,,,bd6t550952815: no usable pages in manifest.,2026-07-17T17:54:45.002708
lacharente,bd6t55095282k,,failed,0,0,,no_usable_pages,known,,,bd6t55095282k: no usable pages in manifest.,2026-07-17T17:54:45.238204
lacharente,bd6t550952830,,failed,0,0,,no_usable_pages,known,,,bd6t550952830: no usable pages in manifest.,2026-07-17T17:54:45.351495
lacharente,bd6t55095284d,,failed,0,0,,no_usable_pages,known,,,bd6t55095284d: no usable pages in manifest.,2026-07-17T17:54:45.449670
lacharente,bd6t55095285t,,failed,0,0,,no_usable_pages,known,,,bd6t55095285t: no usable pages in manifest.,2026-07-17T17:54:45.673394
lacharente,bd6t550952867,,failed,0,0,,no_usable_pages,known,,,bd6t550952867: no usable pages in manifest.,2026-07-17T17:54:45.799418
lacharente,bd6t55095287n,,failed,0,0,,no_usable_pages,known,,,bd6t55095287n: no usable pages in manifest.,2026-07-17T17:54:45.900542
lacharente,bd6t550952882,,failed,0,0,,no_usable_pages,known,,,bd6t550952882: no usable pages in manifest.,2026-07-17T17:54:46.019170
lacharente,bd6t55095289g,,failed,0,0,,no_usable_pages,known,,,bd6t55095289g: no usable pages in manifest.,2026-07-17T17:54:46.138836
lacharente,bd6t550952904,,failed,0,0,,no_usable_pages,known,,,bd6t550952904: no usable pages in manifest.,2026-07-17T17:54:46.304870
lacharente,bd6t55095291j,,failed,0,0,,no_usable_pages,known,,,bd6t55095291j: no usable pages in manifest.,2026-07-17T17:54:46.394587
lacharente,bd6t55095292z,,failed,0,0,,no_usable_pages,known,,,bd6t55095292z: no usable pages in manifest.,2026-07-17T17:54:46.541082
lacharente,bd6t55095293c,,failed,0,0,,no_usable_pages,known,,,bd6t55095293c: no usable pages in manifest.,2026-07-17T17:54:46.864662
lacharente,bd6t55095294s,,failed,0,0,,no_usable_pages,known,,,bd6t55095294s: no usable pages in manifest.,2026-07-17T17:54:46.984904
lacharente,bd6t550952956,,failed,0,0,,no_usable_pages,known,,,bd6t550952956: no usable pages in manifest.,2026-07-17T17:54:47.109547
lacharente,bd6t55095296m,,failed,0,0,,no_usable_pages,known,,,bd6t55095296m: no usable pages in manifest.,2026-07-17T17:54:47.228642
lacharente,bd6t550952971,,failed,0,0,,no_usable_pages,known,,,bd6t550952971: no usable pages in manifest.,2026-07-17T17:54:47.382612
lacharente,bd6t55095298f,,failed,0,0,,no_usable_pages,known,,,bd6t55095298f: no usable pages in manifest.,2026-07-17T17:54:47.540361
lacharente,bd6t55095299v,,failed,0,0,,no_usable_pages,known,,,bd6t55095299v: no usable pages in manifest.,2026-07-17T17:54:47.676097
lacharente,bd6t550953002,,failed,0,0,,no_usable_pages,known,,,bd6t550953002: no usable pages in manifest.,2026-07-17T17:54:47.855392
lacharente,bd6t55095301g,,failed,0,0,,no_usable_pages,known,,,bd6t55095301g: no usable pages in manifest.,2026-07-17T17:54:48.011286
lacharente,bd6t55095302w,,failed,0,0,,no_usable_pages,known,,,bd6t55095302w: no usable pages in manifest.,2026-07-17T17:54:48.212422
lacharente,bd6t550953039,,failed,0,0,,no_usable_pages,known,,,bd6t550953039: no usable pages in manifest.,2026-07-17T17:54:48.333865
lacharente,bd6t55095304q,,failed,0,0,,no_usable_pages,known,,,bd6t55095304q: no usable pages in manifest.,2026-07-17T17:54:48.480950
lacharente,bd6t550953054,,failed,0,0,,no_usable_pages,known,,,bd6t550953054: no usable pages in manifest.,2026-07-17T17:54:48.649384
lacharente,bd6t55095306j,,failed,0,0,,no_usable_pages,known,,,bd6t55095306j: no usable pages in manifest.,2026-07-17T17:54:48.757332
lacharente,bd6t55095307z,,failed,0,0,,no_usable_pages,known,,,bd6t55095307z: no usable pages in manifest.,2026-07-17T17:54:49.019328
lacharente,bd6t55095308c,,failed,0,0,,no_usable_pages,known,,,bd6t55095308c: no usable pages in manifest.,2026-07-17T17:54:49.136986
lacharente,bd6t55095309s,,failed,0,0,,no_usable_pages,known,,,bd6t55095309s: no usable pages in manifest.,2026-07-17T17:54:49.262888
lacharente,bd6t55095310f,,failed,0,0,,no_usable_pages,known,,,bd6t55095310f: no usable pages in manifest.,2026-07-17T17:54:49.441623
lacharente,bd6t55095311v,,failed,0,0,,no_usable_pages,known,,,bd6t55095311v: no usable pages in manifest.,2026-07-17T17:54:49.559200
lacharente,bd6t550953128,,failed,0,0,,no_usable_pages,known,,,bd6t550953128: no usable pages in manifest.,2026-07-17T17:54:49.685401
lacharente,bd6t55095313p,,failed,0,0,,no_usable_pages,known,,,bd6t55095313p: no usable pages in manifest.,2026-07-17T17:54:49.823503
lacharente,bd6t550953143,,failed,0,0,,no_usable_pages,known,,,bd6t550953143: no usable pages in manifest.,2026-07-17T17:54:49.968086
lacharente,bd6t55095315h,,failed,0,0,,no_usable_pages,known,,,bd6t55095315h: no usable pages in manifest.,2026-07-17T17:54:50.124173
lacharente,bd6t55095316x,,failed,0,0,,no_usable_pages,known,,,bd6t55095316x: no usable pages in manifest.,2026-07-17T17:54:50.214403
lacharente,bd6t55095317b,,failed,0,0,,no_usable_pages,known,,,bd6t55095317b: no usable pages in manifest.,2026-07-17T17:54:50.309436
lacharente,bd6t55095318r,,failed,0,0,,no_usable_pages,known,,,bd6t55095318r: no usable pages in manifest.,2026-07-17T17:54:50.438235
lacharente,bd6t550953195,,failed,0,0,,no_usable_pages,known,,,bd6t550953195: no usable pages in manifest.,2026-07-17T17:54:50.558382
lacharente,bd6t55095320t,,failed,0,0,,no_usable_pages,known,,,bd6t55095320t: no usable pages in manifest.,2026-07-17T17:54:50.673951
lacharente,bd6t550953217,,failed,0,0,,no_usable_pages,known,,,bd6t550953217: no usable pages in manifest.,2026-07-17T17:54:50.755125
lacharente,bd6t55095322n,,failed,0,0,,no_usable_pages,known,,,bd6t55095322n: no usable pages in manifest.,2026-07-17T17:54:50.900864
lacharente,bd6t550953232,,failed,0,0,,no_usable_pages,known,,,bd6t550953232: no usable pages in manifest.,2026-07-17T17:54:51.176578
lacharente,bd6t55095324g,,failed,0,0,,no_usable_pages,known,,,bd6t55095324g: no usable pages in manifest.,2026-07-17T17:54:51.329423
lacharente,bd6t55095325w,,failed,0,0,,no_usable_pages,known,,,bd6t55095325w: no usable pages in manifest.,2026-07-17T17:54:51.449600
lacharente,bd6t550953269,,failed,0,0,,no_usable_pages,known,,,bd6t550953269: no usable pages in manifest.,2026-07-17T17:54:51.598617
lacharente,bd6t55095327q,,failed,0,0,,no_usable_pages,known,,,bd6t55095327q: no usable pages in manifest.,2026-07-17T17:54:51.747500
lacharente,bd6t550953284,,failed,0,0,,no_usable_pages,known,,,bd6t550953284: no usable pages in manifest.,2026-07-17T17:54:51.857876
lacharente,bd6t55095329j,,failed,0,0,,no_usable_pages,known,,,bd6t55095329j: no usable pages in manifest.,2026-07-17T17:54:52.015344
lacharente,bd6t550953306,,failed,0,0,,no_usable_pages,known,,,bd6t550953306: no usable pages in manifest.,2026-07-17T17:54:52.226745
lacharente,bd6t55095331m,,failed,0,0,,no_usable_pages,known,,,bd6t55095331m: no usable pages in manifest.,2026-07-17T17:54:52.331599
lacharente,bd6t550953321,,failed,0,0,,no_usable_pages,known,,,bd6t550953321: no usable pages in manifest.,2026-07-17T17:54:52.483286
lacharente,bd6t55095333f,,failed,0,0,,no_usable_pages,known,,,bd6t55095333f: no usable pages in manifest.,2026-07-17T17:54:52.581331
lacharente,bd6t55095334v,,failed,0,0,,no_usable_pages,known,,,bd6t55095334v: no usable pages in manifest.,2026-07-17T17:54:52.722200
lacharente,bd6t550953358,,failed,0,0,,no_usable_pages,known,,,bd6t550953358: no usable pages in manifest.,2026-07-17T17:54:53.399228
lacharente,bd6t55095336p,,failed,0,0,,no_usable_pages,known,,,bd6t55095336p: no usable pages in manifest.,2026-07-17T17:54:53.550434
lacharente,bd6t550953373,,failed,0,0,,no_usable_pages,known,,,bd6t550953373: no usable pages in manifest.,2026-07-17T17:54:53.708395
lacharente,bd6t55095338h,,failed,0,0,,no_usable_pages,known,,,bd6t55095338h: no usable pages in manifest.,2026-07-17T17:54:53.912772
lacharente,bd6t55095339x,,failed,0,0,,no_usable_pages,known,,,bd6t55095339x: no usable pages in manifest.,2026-07-17T17:54:54.078842
lacharente,bd6t55095340k,,failed,0,0,,no_usable_pages,known,,,bd6t55095340k: no usable pages in manifest.,2026-07-17T17:54:54.225077
lacharente,bd6t550953410,,failed,0,0,,no_usable_pages,known,,,bd6t550953410: no usable pages in manifest.,2026-07-17T17:54:54.524773
lacharente,bd6t55095342d,,failed,0,0,,no_usable_pages,known,,,bd6t55095342d: no usable pages in manifest.,2026-07-17T17:54:54.667017
lacharente,bd6t55095343t,,failed,0,0,,no_usable_pages,known,,,bd6t55095343t: no usable pages in manifest.,2026-07-17T17:54:54.786163
lacharente,bd6t550953447,,failed,0,0,,no_usable_pages,known,,,bd6t550953447: no usable pages in manifest.,2026-07-17T17:54:54.888407
lacharente,bd6t55095345n,,failed,0,0,,no_usable_pages,known,,,bd6t55095345n: no usable pages in manifest.,2026-07-17T17:54:55.002161
lacharente,bd6t550953462,,failed,0,0,,no_usable_pages,known,,,bd6t550953462: no usable pages in manifest.,2026-07-17T17:54:55.137085
lacharente,bd6t55095347g,,failed,0,0,,no_usable_pages,known,,,bd6t55095347g: no usable pages in manifest.,2026-07-17T17:54:55.266756
lacharente,bd6t55095348w,,failed,0,0,,no_usable_pages,known,,,bd6t55095348w: no usable pages in manifest.,2026-07-17T17:54:55.374903
lacharente,bd6t550953499,,failed,0,0,,no_usable_pages,known,,,bd6t550953499: no usable pages in manifest.,2026-07-17T17:54:55.605334
lacharente,bd6t55095350z,,failed,0,0,,no_usable_pages,known,,,bd6t55095350z: no usable pages in manifest.,2026-07-17T17:54:55.740197
lacharente,bd6t55095351c,,failed,0,0,,no_usable_pages,known,,,bd6t55095351c: no usable pages in manifest.,2026-07-17T17:54:55.921061
lacharente,bd6t55095352s,,failed,0,0,,no_usable_pages,known,,,bd6t55095352s: no usable pages in manifest.,2026-07-17T17:54:56.078913
lacharente,bd6t550953536,,failed,0,0,,no_usable_pages,known,,,bd6t550953536: no usable pages in manifest.,2026-07-17T17:54:56.211986
lacharente,bd6t55095354m,,failed,0,0,,no_usable_pages,known,,,bd6t55095354m: no usable pages in manifest.,2026-07-17T17:54:56.332556
lacharente,bd6t550953551,,failed,0,0,,no_usable_pages,known,,,bd6t550953551: no usable pages in manifest.,2026-07-17T17:54:56.423082
lacharente,bd6t55095356f,,failed,0,0,,no_usable_pages,known,,,bd6t55095356f: no usable pages in manifest.,2026-07-17T17:54:56.725735
lacharente,bd6t55095357v,,failed,0,0,,no_usable_pages,known,,,bd6t55095357v: no usable pages in manifest.,2026-07-17T17:54:56.894536
lacharente,bd6t550953588,,failed,0,0,,no_usable_pages,known,,,bd6t550953588: no usable pages in manifest.,2026-07-17T17:54:57.070051
lacharente,bd6t55095359p,,failed,0,0,,no_usable_pages,known,,,bd6t55095359p: no usable pages in manifest.,2026-07-17T17:54:57.205857
lacharente,bd6t55095360b,,failed,0,0,,no_usable_pages,known,,,bd6t55095360b: no usable pages in manifest.,2026-07-17T17:54:57.334541
lacharente,bd6t55095361r,,failed,0,0,,no_usable_pages,known,,,bd6t55095361r: no usable pages in manifest.,2026-07-17T17:54:57.501720
lacharente,bd6t550953625,,failed,0,0,,no_usable_pages,known,,,bd6t550953625: no usable pages in manifest.,2026-07-17T17:54:57.738408
lacharente,bd6t55095363k,,failed,0,0,,no_usable_pages,known,,,bd6t55095363k: no usable pages in manifest.,2026-07-17T17:54:57.857000
lacharente,bd6t550953640,,failed,0,0,,no_usable_pages,known,,,bd6t550953640: no usable pages in manifest.,2026-07-17T17:54:58.021991
lacharente,bd6t55095365d,,failed,0,0,,no_usable_pages,known,,,bd6t55095365d: no usable pages in manifest.,2026-07-17T17:54:58.143067
lacharente,bd6t55095366t,,failed,0,0,,no_usable_pages,known,,,bd6t55095366t: no usable pages in manifest.,2026-07-17T17:54:58.223981
lacharente,bd6t550953677,,failed,0,0,,no_usable_pages,known,,,bd6t550953677: no usable pages in manifest.,2026-07-17T17:54:58.334567
lacharente,bd6t55095368n,,failed,0,0,,no_usable_pages,known,,,bd6t55095368n: no usable pages in manifest.,2026-07-17T17:54:58.451998
lacharente,bd6t550953692,,failed,0,0,,no_usable_pages,known,,,bd6t550953692: no usable pages in manifest.,2026-07-17T17:54:58.599445
lacharente,bd6t55095370q,,failed,0,0,,no_usable_pages,known,,,bd6t55095370q: no usable pages in manifest.,2026-07-17T17:54:58.865630
lacharente,bd6t550953714,,failed,0,0,,no_usable_pages,known,,,bd6t550953714: no usable pages in manifest.,2026-07-17T17:54:59.161471
lacharente,bd6t55095372j,,failed,0,0,,no_usable_pages,known,,,bd6t55095372j: no usable pages in manifest.,2026-07-17T17:54:59.365948
lacharente,bd6t55095373z,,failed,0,0,,no_usable_pages,known,,,bd6t55095373z: no usable pages in manifest.,2026-07-17T17:54:59.489956
lacharente,bd6t55095374c,,failed,0,0,,no_usable_pages,known,,,bd6t55095374c: no usable pages in manifest.,2026-07-17T17:54:59.605479
lacharente,bd6t55095375s,,failed,0,0,,no_usable_pages,known,,,bd6t55095375s: no usable pages in manifest.,2026-07-17T17:54:59.742268
lacharente,bd6t550953766,,failed,0,0,,no_usable_pages,known,,,bd6t550953766: no usable pages in manifest.,2026-07-17T17:54:59.987222
lacharente,bd6t55095377m,,failed,0,0,,no_usable_pages,known,,,bd6t55095377m: no usable pages in manifest.,2026-07-17T17:55:00.206323
lacharente,bd6t550953781,,failed,0,0,,no_usable_pages,known,,,bd6t550953781: no usable pages in manifest.,2026-07-17T17:55:00.345230
lacharente,bd6t55095379f,,failed,0,0,,no_usable_pages,known,,,bd6t55095379f: no usable pages in manifest.,2026-07-17T17:55:00.485918
lacharente,bd6t550953803,,failed,0,0,,no_usable_pages,known,,,bd6t550953803: no usable pages in manifest.,2026-07-17T17:55:00.610534
lacharente,bd6t55095381h,,failed,0,0,,no_usable_pages,known,,,bd6t55095381h: no usable pages in manifest.,2026-07-17T17:55:00.726021
lacharente,bd6t55095382x,,failed,0,0,,no_usable_pages,known,,,bd6t55095382x: no usable pages in manifest.,2026-07-17T17:55:00.913423
lacharente,bd6t55095383b,,failed,0,0,,no_usable_pages,known,,,bd6t55095383b: no usable pages in manifest.,2026-07-17T17:55:01.131516
lacharente,bd6t55095384r,,failed,0,0,,no_usable_pages,known,,,bd6t55095384r: no usable pages in manifest.,2026-07-17T17:55:01.290723
lacharente,bd6t550953855,,failed,0,0,,no_usable_pages,known,,,bd6t550953855: no usable pages in manifest.,2026-07-17T17:55:01.451649
lacharente,bd6t55095386k,,failed,0,0,,no_usable_pages,known,,,bd6t55095386k: no usable pages in manifest.,2026-07-17T17:55:01.608132
lacharente,bd6t550953870,,failed,0,0,,no_usable_pages,known,,,bd6t550953870: no usable pages in manifest.,2026-07-17T17:55:01.784299
lacharente,bd6t55095388d,,failed,0,0,,no_usable_pages,known,,,bd6t55095388d: no usable pages in manifest.,2026-07-17T17:55:01.915694
lacharente,bd6t55095389t,,failed,0,0,,no_usable_pages,known,,,bd6t55095389t: no usable pages in manifest.,2026-07-17T17:55:02.197275
lacharente,bd6t55095390g,,failed,0,0,,no_usable_pages,known,,,bd6t55095390g: no usable pages in manifest.,2026-07-17T17:55:02.329234
lacharente,bd6t55095391w,,failed,0,0,,no_usable_pages,known,,,bd6t55095391w: no usable pages in manifest.,2026-07-17T17:55:02.448768
lacharente,bd6t550953929,,failed,0,0,,no_usable_pages,known,,,bd6t550953929: no usable pages in manifest.,2026-07-17T17:55:02.619449
lacharente,bd6t55095393q,,failed,0,0,,no_usable_pages,known,,,bd6t55095393q: no usable pages in manifest.,2026-07-17T17:55:02.745746
lacharente,bd6t550953944,,failed,0,0,,no_usable_pages,known,,,bd6t550953944: no usable pages in manifest.,2026-07-17T17:55:02.907056
lacharente,bd6t55095395j,,failed,0,0,,no_usable_pages,known,,,bd6t55095395j: no usable pages in manifest.,2026-07-17T17:55:03.039819
lacharente,bd6t55095396z,,failed,0,0,,no_usable_pages,known,,,bd6t55095396z: no usable pages in manifest.,2026-07-17T17:55:03.250763
lacharente,bd6t55095397c,,failed,0,0,,no_usable_pages,known,,,bd6t55095397c: no usable pages in manifest.,2026-07-17T17:55:03.396349
lacharente,bd6t55095398s,,failed,0,0,,no_usable_pages,known,,,bd6t55095398s: no usable pages in manifest.,2026-07-17T17:55:03.587678
lacharente,bd6t550953996,,failed,0,0,,no_usable_pages,known,,,bd6t550953996: no usable pages in manifest.,2026-07-17T17:55:03.705696
lacharente,bd6t55095400d,,failed,0,0,,no_usable_pages,known,,,bd6t55095400d: no usable pages in manifest.,2026-07-17T17:55:03.836513
lacharente,bd6t55095401t,,failed,0,0,,no_usable_pages,known,,,bd6t55095401t: no usable pages in manifest.,2026-07-17T17:55:03.949383
lacharente,bd6t550954027,,failed,0,0,,no_usable_pages,known,,,bd6t550954027: no usable pages in manifest.,2026-07-17T17:55:04.068123
lacharente,bd6t55095403n,,failed,0,0,,no_usable_pages,known,,,bd6t55095403n: no usable pages in manifest.,2026-07-17T17:55:04.228536
lacharente,bd6t550954042,,failed,0,0,,no_usable_pages,known,,,bd6t550954042: no usable pages in manifest.,2026-07-17T17:55:04.680042
lacharente,bd6t55095405g,,failed,0,0,,no_usable_pages,known,,,bd6t55095405g: no usable pages in manifest.,2026-07-17T17:55:04.995443
lacharente,bd6t55095406w,,failed,0,0,,no_usable_pages,known,,,bd6t55095406w: no usable pages in manifest.,2026-07-17T17:55:05.118578
lacharente,bd6t550954079,,failed,0,0,,no_usable_pages,known,,,bd6t550954079: no usable pages in manifest.,2026-07-17T17:55:05.217956
lacharente,bd6t55095408q,,failed,0,0,,no_usable_pages,known,,,bd6t55095408q: no usable pages in manifest.,2026-07-17T17:55:05.347951
lacharente,bd6t550954094,,failed,0,0,,no_usable_pages,known,,,bd6t550954094: no usable pages in manifest.,2026-07-17T17:55:05.561746
lacharente,bd6t55095410s,,failed,0,0,,no_usable_pages,known,,,bd6t55095410s: no usable pages in manifest.,2026-07-17T17:55:05.694084
lacharente,bd6t550954116,,failed,0,0,,no_usable_pages,known,,,bd6t550954116: no usable pages in manifest.,2026-07-17T17:55:05.799556
lacharente,bd6t55095412m,,failed,0,0,,no_usable_pages,known,,,bd6t55095412m: no usable pages in manifest.,2026-07-17T17:55:05.912348
lacharente,bd6t550954131,,failed,0,0,,no_usable_pages,known,,,bd6t550954131: no usable pages in manifest.,2026-07-17T17:55:06.022499
lacharente,bd6t55095414f,,failed,0,0,,no_usable_pages,known,,,bd6t55095414f: no usable pages in manifest.,2026-07-17T17:55:06.127390
lacharente,bd6t55095415v,,failed,0,0,,no_usable_pages,known,,,bd6t55095415v: no usable pages in manifest.,2026-07-17T17:55:06.255816
lacharente,bd6t550954168,,failed,0,0,,no_usable_pages,known,,,bd6t550954168: no usable pages in manifest.,2026-07-17T17:55:06.401079
lacharente,bd6t55095417p,,failed,0,0,,no_usable_pages,known,,,bd6t55095417p: no usable pages in manifest.,2026-07-17T17:55:06.634712
lacharente,bd6t550954183,,failed,0,0,,no_usable_pages,known,,,bd6t550954183: no usable pages in manifest.,2026-07-17T17:55:06.798876
lacharente,bd6t55095419h,,failed,0,0,,no_usable_pages,known,,,bd6t55095419h: no usable pages in manifest.,2026-07-17T17:55:06.889983
lacharente,bd6t550954205,,failed,0,0,,no_usable_pages,known,,,bd6t550954205: no usable pages in manifest.,2026-07-17T17:55:07.007575
lacharente,bd6t55095421k,,failed,0,0,,no_usable_pages,known,,,bd6t55095421k: no usable pages in manifest.,2026-07-17T17:55:07.113779
lacharente,bd6t550954220,,failed,0,0,,no_usable_pages,known,,,bd6t550954220: no usable pages in manifest.,2026-07-17T17:55:07.230114
lacharente,bd6t55095423d,,failed,0,0,,no_usable_pages,known,,,bd6t55095423d: no usable pages in manifest.,2026-07-17T17:55:07.374828
lacharente,bd6t55095424t,,failed,0,0,,no_usable_pages,known,,,bd6t55095424t: no usable pages in manifest.,2026-07-17T17:55:07.602575
lacharente,bd6t55095426n,,failed,0,0,,no_usable_pages,known,,,bd6t55095426n: no usable pages in manifest.,2026-07-17T17:55:07.798667
lacharente,bd6t550954272,,failed,0,0,,no_usable_pages,known,,,bd6t550954272: no usable pages in manifest.,2026-07-17T17:55:07.940224
lacharente,bd6t55095429w,,failed,0,0,,no_usable_pages,known,,,bd6t55095429w: no usable pages in manifest.,2026-07-17T17:55:08.058602
lacharente,bd6t55095430j,,failed,0,0,,no_usable_pages,known,,,bd6t55095430j: no usable pages in manifest.,2026-07-17T17:55:08.180256
lacharente,bd6t55095431z,,failed,0,0,,no_usable_pages,known,,,bd6t55095431z: no usable pages in manifest.,2026-07-17T17:55:08.324471
lacharente,bd6t55095433s,,failed,0,0,,no_usable_pages,known,,,bd6t55095433s: no usable pages in manifest.,2026-07-17T17:55:08.490492
lacharente,bd6t550954346,,failed,0,0,,no_usable_pages,known,,,bd6t550954346: no usable pages in manifest.,2026-07-17T17:55:08.743957
lacharente,bd6t55095435m,,failed,0,0,,no_usable_pages,known,,,bd6t55095435m: no usable pages in manifest.,2026-07-17T17:55:08.917164
lacharente,bd6t55095437f,,failed,0,0,,no_usable_pages,known,,,bd6t55095437f: no usable pages in manifest.,2026-07-17T17:55:09.030325
lacharente,bd6t55095438v,,failed,0,0,,no_usable_pages,known,,,bd6t55095438v: no usable pages in manifest.,2026-07-17T17:55:09.130808
lacharente,bd6t550954398,,failed,0,0,,no_usable_pages,known,,,bd6t550954398: no usable pages in manifest.,2026-07-17T17:55:09.268062
lacharente,bd6t55095440x,,failed,0,0,,no_usable_pages,known,,,bd6t55095440x: no usable pages in manifest.,2026-07-17T17:55:09.443182
lacharente,bd6t55095441b,,failed,0,0,,no_usable_pages,known,,,bd6t55095441b: no usable pages in manifest.,2026-07-17T17:55:09.578939
lacharente,bd6t55095442r,,failed,0,0,,no_usable_pages,known,,,bd6t55095442r: no usable pages in manifest.,2026-07-17T17:55:09.822470
lacharente,bd6t550954435,,failed,0,0,,no_usable_pages,known,,,bd6t550954435: no usable pages in manifest.,2026-07-17T17:55:09.997666
lacharente,bd6t55095444k,,failed,0,0,,no_usable_pages,known,,,bd6t55095444k: no usable pages in manifest.,2026-07-17T17:55:10.111488
lacharente,bd6t55095446d,,failed,0,0,,no_usable_pages,known,,,bd6t55095446d: no usable pages in manifest.,2026-07-17T17:55:10.256504
lacharente,bd6t550954450,,failed,0,0,,no_usable_pages,known,,,bd6t550954450: no usable pages in manifest.,2026-07-17T17:55:10.421002
lacharente,bd6t55095447t,,failed,0,0,,no_usable_pages,known,,,bd6t55095447t: no usable pages in manifest.,2026-07-17T17:55:10.584431
lacharente,bd6t550954487,,failed,0,0,,no_usable_pages,known,,,bd6t550954487: no usable pages in manifest.,2026-07-17T17:55:10.711371
lacharente,bd6t55095449n,,failed,0,0,,no_usable_pages,known,,,bd6t55095449n: no usable pages in manifest.,2026-07-17T17:55:10.858848
lacharente,bd6t550954509,,failed,0,0,,no_usable_pages,known,,,bd6t550954509: no usable pages in manifest.,2026-07-17T17:55:11.060607
lacharente,bd6t55095451q,,failed,0,0,,no_usable_pages,known,,,bd6t55095451q: no usable pages in manifest.,2026-07-17T17:55:11.242052
lacharente,bd6t550954524,,failed,0,0,,no_usable_pages,known,,,bd6t550954524: no usable pages in manifest.,2026-07-17T17:55:11.379290
lacharente,bd6t55095453j,,failed,0,0,,no_usable_pages,known,,,bd6t55095453j: no usable pages in manifest.,2026-07-17T17:55:11.522624
lacharente,bd6t55095455c,,failed,0,0,,no_usable_pages,known,,,bd6t55095455c: no usable pages in manifest.,2026-07-17T17:55:11.643658
lacharente,bd6t55095456s,,failed,0,0,,no_usable_pages,known,,,bd6t55095456s: no usable pages in manifest.,2026-07-17T17:55:11.783870
lacharente,bd6t550954576,,failed,0,0,,no_usable_pages,known,,,bd6t550954576: no usable pages in manifest.,2026-07-17T17:55:11.996684
lacharente,bd6t55095458m,,failed,0,0,,no_usable_pages,known,,,bd6t55095458m: no usable pages in manifest.,2026-07-17T17:55:12.173225
lacharente,bd6t550954591,,failed,0,0,,no_usable_pages,known,,,bd6t550954591: no usable pages in manifest.,2026-07-17T17:55:12.365074
lacharente,bd6t55095460p,,failed,0,0,,no_usable_pages,known,,,bd6t55095460p: no usable pages in manifest.,2026-07-17T17:55:12.544626
lacharente,bd6t550954613,,failed,0,0,,no_usable_pages,known,,,bd6t550954613: no usable pages in manifest.,2026-07-17T17:55:12.685982
lacharente,bd6t55095462h,,failed,0,0,,no_usable_pages,known,,,bd6t55095462h: no usable pages in manifest.,2026-07-17T17:55:12.808899
lacharente,bd6t55095463x,,failed,0,0,,no_usable_pages,known,,,bd6t55095463x: no usable pages in manifest.,2026-07-17T17:55:13.021533
lacharente,bd6t55095464b,,failed,0,0,,no_usable_pages,known,,,bd6t55095464b: no usable pages in manifest.,2026-07-17T17:55:13.161338
lacharente,bd6t55095465r,,failed,0,0,,no_usable_pages,known,,,bd6t55095465r: no usable pages in manifest.,2026-07-17T17:55:13.267265
lacharente,bd6t550954665,,failed,0,0,,no_usable_pages,known,,,bd6t550954665: no usable pages in manifest.,2026-07-17T17:55:13.431970
lacharente,bd6t55095467k,,failed,0,0,,no_usable_pages,known,,,bd6t55095467k: no usable pages in manifest.,2026-07-17T17:55:13.570232
lacharente,bd6t550954680,,failed,0,0,,no_usable_pages,known,,,bd6t550954680: no usable pages in manifest.,2026-07-17T17:55:13.713566
lacharente,bd6t55095469d,,failed,0,0,,no_usable_pages,known,,,bd6t55095469d: no usable pages in manifest.,2026-07-17T17:55:13.828852
lacharente,bd6t550954702,,failed,0,0,,no_usable_pages,known,,,bd6t550954702: no usable pages in manifest.,2026-07-17T17:55:14.020570
lacharente,bd6t55095471g,,failed,0,0,,no_usable_pages,known,,,bd6t55095471g: no usable pages in manifest.,2026-07-17T17:55:14.151902
lacharente,bd6t55095472w,,failed,0,0,,no_usable_pages,known,,,bd6t55095472w: no usable pages in manifest.,2026-07-17T17:55:14.313933
lacharente,bd6t550954739,,failed,0,0,,no_usable_pages,known,,,bd6t550954739: no usable pages in manifest.,2026-07-17T17:55:14.522095
lacharente,bd6t55095474q,,failed,0,0,,no_usable_pages,known,,,bd6t55095474q: no usable pages in manifest.,2026-07-17T17:55:14.678172
lacharente,bd6t550954754,,failed,0,0,,no_usable_pages,known,,,bd6t550954754: no usable pages in manifest.,2026-07-17T17:55:14.788707
lacharente,bd6t55095476j,,failed,0,0,,no_usable_pages,known,,,bd6t55095476j: no usable pages in manifest.,2026-07-17T17:55:14.919658
lacharente,bd6t55095477z,,failed,0,0,,no_usable_pages,known,,,bd6t55095477z: no usable pages in manifest.,2026-07-17T17:55:15.147455
lacharente,bd6t55095478c,,failed,0,0,,no_usable_pages,known,,,bd6t55095478c: no usable pages in manifest.,2026-07-17T17:55:15.286733
lacharente,bd6t55095479s,,failed,0,0,,no_usable_pages,known,,,bd6t55095479s: no usable pages in manifest.,2026-07-17T17:55:15.463226
lacharente,bd6t55095480f,,failed,0,0,,no_usable_pages,known,,,bd6t55095480f: no usable pages in manifest.,2026-07-17T17:55:15.596682
lacharente,bd6t55095481v,,failed,0,0,,no_usable_pages,known,,,bd6t55095481v: no usable pages in manifest.,2026-07-17T17:55:15.740887
lacharente,bd6t550954828,,failed,0,0,,no_usable_pages,known,,,bd6t550954828: no usable pages in manifest.,2026-07-17T17:55:15.876729
lacharente,bd6t55095483p,,failed,0,0,,no_usable_pages,known,,,bd6t55095483p: no usable pages in manifest.,2026-07-17T17:55:16.002072
lacharente,bd6t550954843,,failed,0,0,,no_usable_pages,known,,,bd6t550954843: no usable pages in manifest.,2026-07-17T17:55:16.260564
lacharente,bd6t55095485h,,failed,0,0,,no_usable_pages,known,,,bd6t55095485h: no usable pages in manifest.,2026-07-17T17:55:16.371584
lacharente,bd6t55095486x,,failed,0,0,,no_usable_pages,known,,,bd6t55095486x: no usable pages in manifest.,2026-07-17T17:55:16.564039
lacharente,bd6t55095487b,,failed,0,0,,no_usable_pages,known,,,bd6t55095487b: no usable pages in manifest.,2026-07-17T17:55:16.945654
lacharente,bd6t55095488r,,failed,0,0,,no_usable_pages,known,,,bd6t55095488r: no usable pages in manifest.,2026-07-17T17:55:17.089229
lacharente,bd6t550954895,,failed,0,0,,no_usable_pages,known,,,bd6t550954895: no usable pages in manifest.,2026-07-17T17:55:17.329697
lacharente,bd6t55095490t,,failed,0,0,,no_usable_pages,known,,,bd6t55095490t: no usable pages in manifest.,2026-07-17T17:55:17.475780
lacharente,bd6t550954917,,failed,0,0,,no_usable_pages,known,,,bd6t550954917: no usable pages in manifest.,2026-07-17T17:55:17.686998
lacharente,bd6t55095492n,,failed,0,0,,no_usable_pages,known,,,bd6t55095492n: no usable pages in manifest.,2026-07-17T17:55:17.811342
lacharente,bd6t550954932,,failed,0,0,,no_usable_pages,known,,,bd6t550954932: no usable pages in manifest.,2026-07-17T17:55:17.969661
lacharente,bd6t55095494g,,failed,0,0,,no_usable_pages,known,,,bd6t55095494g: no usable pages in manifest.,2026-07-17T17:55:18.145316
lacharente,bd6t55095495w,,failed,0,0,,no_usable_pages,known,,,bd6t55095495w: no usable pages in manifest.,2026-07-17T17:55:18.324255
lacharente,bd6t550954969,,failed,0,0,,no_usable_pages,known,,,bd6t550954969: no usable pages in manifest.,2026-07-17T17:55:18.446247
lacharente,bd6t55095497q,,failed,0,0,,no_usable_pages,known,,,bd6t55095497q: no usable pages in manifest.,2026-07-17T17:55:18.546309
lacharente,bd6t550954984,,failed,0,0,,no_usable_pages,known,,,bd6t550954984: no usable pages in manifest.,2026-07-17T17:55:18.737018
lacharente,bd6t55095499j,,failed,0,0,,no_usable_pages,known,,,bd6t55095499j: no usable pages in manifest.,2026-07-17T17:55:18.849402
lacharente,bd6t55095500r,,failed,0,0,,no_usable_pages,known,,,bd6t55095500r: no usable pages in manifest.,2026-07-17T17:55:19.044072
lacharente,bd6t550955015,,failed,0,0,,no_usable_pages,known,,,bd6t550955015: no usable pages in manifest.,2026-07-17T17:55:19.168465
lacharente,bd6t55095502k,,failed,0,0,,no_usable_pages,known,,,bd6t55095502k: no usable pages in manifest.,2026-07-17T17:55:19.363028
lacharente,bd6t550955030,,failed,0,0,,no_usable_pages,known,,,bd6t550955030: no usable pages in manifest.,2026-07-17T17:55:19.543350
lacharente,bd6t55095504d,,failed,0,0,,no_usable_pages,known,,,bd6t55095504d: no usable pages in manifest.,2026-07-17T17:55:19.788353
lacharente,bd6t55095505t,,failed,0,0,,no_usable_pages,known,,,bd6t55095505t: no usable pages in manifest.,2026-07-17T17:55:19.914362
lacharente,bd6t550955067,,failed,0,0,,no_usable_pages,known,,,bd6t550955067: no usable pages in manifest.,2026-07-17T17:55:20.013686
lacharente,bd6t55095507n,,failed,0,0,,no_usable_pages,known,,,bd6t55095507n: no usable pages in manifest.,2026-07-17T17:55:20.138838
lacharente,bd6t550955082,,failed,0,0,,no_usable_pages,known,,,bd6t550955082: no usable pages in manifest.,2026-07-17T17:55:20.283264
lacharente,bd6t55095509g,,failed,0,0,,no_usable_pages,known,,,bd6t55095509g: no usable pages in manifest.,2026-07-17T17:55:20.474594
lacharente,bd6t550955104,,failed,0,0,,no_usable_pages,known,,,bd6t550955104: no usable pages in manifest.,2026-07-17T17:55:20.614020
lacharente,bd6t55095511j,,failed,0,0,,no_usable_pages,known,,,bd6t55095511j: no usable pages in manifest.,2026-07-17T17:55:20.818222
lacharente,bd6t55095512z,,failed,0,0,,no_usable_pages,known,,,bd6t55095512z: no usable pages in manifest.,2026-07-17T17:55:20.991213
lacharente,bd6t55095513c,,failed,0,0,,no_usable_pages,known,,,bd6t55095513c: no usable pages in manifest.,2026-07-17T17:55:21.191711
lacharente,bd6t55095514s,,failed,0,0,,no_usable_pages,known,,,bd6t55095514s: no usable pages in manifest.,2026-07-17T17:55:21.333863
lacharente,bd6t550955156,,failed,0,0,,no_usable_pages,known,,,bd6t550955156: no usable pages in manifest.,2026-07-17T17:55:21.631901
lacharente,bd6t55095516m,,failed,0,0,,no_usable_pages,known,,,bd6t55095516m: no usable pages in manifest.,2026-07-17T17:55:21.791320
lacharente,bd6t550955171,,failed,0,0,,no_usable_pages,known,,,bd6t550955171: no usable pages in manifest.,2026-07-17T17:55:21.915525
lacharente,bd6t55095518f,,failed,0,0,,no_usable_pages,known,,,bd6t55095518f: no usable pages in manifest.,2026-07-17T17:55:22.036127
lacharente,bd6t55095519v,,failed,0,0,,no_usable_pages,known,,,bd6t55095519v: no usable pages in manifest.,2026-07-17T17:55:22.167212
lacharente,bd6t55095520h,,failed,0,0,,no_usable_pages,known,,,bd6t55095520h: no usable pages in manifest.,2026-07-17T17:55:22.327666
lacharente,bd6t55095521x,,failed,0,0,,no_usable_pages,known,,,bd6t55095521x: no usable pages in manifest.,2026-07-17T17:55:22.482167
lacharente,bd6t55095522b,,failed,0,0,,no_usable_pages,known,,,bd6t55095522b: no usable pages in manifest.,2026-07-17T17:55:22.648487
lacharente,bd6t55095523r,,failed,0,0,,no_usable_pages,known,,,bd6t55095523r: no usable pages in manifest.,2026-07-17T17:55:23.022095
lacharente,bd6t550955245,,failed,0,0,,no_usable_pages,known,,,bd6t550955245: no usable pages in manifest.,2026-07-17T17:55:23.335378
lacharente,bd6t55095525k,,failed,0,0,,no_usable_pages,known,,,bd6t55095525k: no usable pages in manifest.,2026-07-17T17:55:23.498294
lacharente,bd6t550955260,,failed,0,0,,no_usable_pages,known,,,bd6t550955260: no usable pages in manifest.,2026-07-17T17:55:23.702454
lacharente,bd6t55095527d,,failed,0,0,,no_usable_pages,known,,,bd6t55095527d: no usable pages in manifest.,2026-07-17T17:55:23.836529
lacharente,bd6t55095528t,,failed,0,0,,no_usable_pages,known,,,bd6t55095528t: no usable pages in manifest.,2026-07-17T17:55:23.974136
lacharente,bd6t550955297,,failed,0,0,,no_usable_pages,known,,,bd6t550955297: no usable pages in manifest.,2026-07-17T17:55:24.111426
lacharente,bd6t55095530w,,failed,0,0,,no_usable_pages,known,,,bd6t55095530w: no usable pages in manifest.,2026-07-17T17:55:24.288649
lacharente,bd6t550955319,,failed,0,0,,no_usable_pages,known,,,bd6t550955319: no usable pages in manifest.,2026-07-17T17:55:24.423735
lacharente,bd6t55095532q,,failed,0,0,,no_usable_pages,known,,,bd6t55095532q: no usable pages in manifest.,2026-07-17T17:55:24.557158
lacharente,bd6t550955334,,failed,0,0,,no_usable_pages,known,,,bd6t550955334: no usable pages in manifest.,2026-07-17T17:55:24.800152
lacharente,bd6t55095534j,,failed,0,0,,no_usable_pages,known,,,bd6t55095534j: no usable pages in manifest.,2026-07-17T17:55:24.925775
lacharente,bd6t55095535z,,failed,0,0,,no_usable_pages,known,,,bd6t55095535z: no usable pages in manifest.,2026-07-17T17:55:25.048825
lacharente,bd6t55095536c,,failed,0,0,,no_usable_pages,known,,,bd6t55095536c: no usable pages in manifest.,2026-07-17T17:55:25.194861
lacharente,bd6t55095537s,,failed,0,0,,no_usable_pages,known,,,bd6t55095537s: no usable pages in manifest.,2026-07-17T17:55:25.367769
lacharente,bd6t550955386,,failed,0,0,,no_usable_pages,known,,,bd6t550955386: no usable pages in manifest.,2026-07-17T17:55:25.489639
lacharente,bd6t55095539m,,failed,0,0,,no_usable_pages,known,,,bd6t55095539m: no usable pages in manifest.,2026-07-17T17:55:25.611561
lacharente,bd6t550955408,,failed,0,0,,no_usable_pages,known,,,bd6t550955408: no usable pages in manifest.,2026-07-17T17:55:25.719475
lacharente,bd6t55095541p,,failed,0,0,,no_usable_pages,known,,,bd6t55095541p: no usable pages in manifest.,2026-07-17T17:55:25.874083
lacharente,bd6t550955423,,failed,0,0,,no_usable_pages,known,,,bd6t550955423: no usable pages in manifest.,2026-07-17T17:55:26.000668
lacharente,bd6t55095543h,,failed,0,0,,no_usable_pages,known,,,bd6t55095543h: no usable pages in manifest.,2026-07-17T17:55:26.167144
lacharente,bd6t55095544x,,failed,0,0,,no_usable_pages,known,,,bd6t55095544x: no usable pages in manifest.,2026-07-17T17:55:26.285481
lacharente,bd6t55095545b,,failed,0,0,,no_usable_pages,known,,,bd6t55095545b: no usable pages in manifest.,2026-07-17T17:55:26.476316
lacharente,bd6t55095546r,,failed,0,0,,no_usable_pages,known,,,bd6t55095546r: no usable pages in manifest.,2026-07-17T17:55:26.612232
lacharente,bd6t550955475,,failed,0,0,,no_usable_pages,known,,,bd6t550955475: no usable pages in manifest.,2026-07-17T17:55:26.754315
lacharente,bd6t550955490,,failed,0,0,,no_usable_pages,known,,,bd6t550955490: no usable pages in manifest.,2026-07-17T17:55:26.952101
lacharente,bd6t55095550n,,failed,0,0,,no_usable_pages,known,,,bd6t55095550n: no usable pages in manifest.,2026-07-17T17:55:27.137906
lacharente,bd6t550955512,,failed,0,0,,no_usable_pages,known,,,bd6t550955512: no usable pages in manifest.,2026-07-17T17:55:27.261052
lacharente,bd6t55095552g,,failed,0,0,,no_usable_pages,known,,,bd6t55095552g: no usable pages in manifest.,2026-07-17T17:55:27.366888
lacharente,bd6t55095553w,,failed,0,0,,no_usable_pages,known,,,bd6t55095553w: no usable pages in manifest.,2026-07-17T17:55:27.535433
lacharente,bd6t55095548k,,failed,0,0,,no_usable_pages,known,,,bd6t55095548k: no usable pages in manifest.,2026-07-17T17:55:27.662722
lacharente,bd6t550955549,,failed,0,0,,no_usable_pages,known,,,bd6t550955549: no usable pages in manifest.,2026-07-17T17:55:27.814060
lacharente,bd6t55095555q,,failed,0,0,,no_usable_pages,known,,,bd6t55095555q: no usable pages in manifest.,2026-07-17T17:55:28.037832
lacharente,bd6t550955564,,failed,0,0,,no_usable_pages,known,,,bd6t550955564: no usable pages in manifest.,2026-07-17T17:55:28.197339
lacharente,bd6t55095557j,,failed,0,0,,no_usable_pages,known,,,bd6t55095557j: no usable pages in manifest.,2026-07-17T17:55:28.293820
lacharente,bd6t55095558z,,failed,0,0,,no_usable_pages,known,,,bd6t55095558z: no usable pages in manifest.,2026-07-17T17:55:28.416599
lacharente,bd6t55095559c,,failed,0,0,,no_usable_pages,known,,,bd6t55095559c: no usable pages in manifest.,2026-07-17T17:55:28.566779
lacharente,bd6t550955601,,failed,0,0,,no_usable_pages,known,,,bd6t550955601: no usable pages in manifest.,2026-07-17T17:55:28.676312
lacharente,bd6t55095561f,,failed,0,0,,no_usable_pages,known,,,bd6t55095561f: no usable pages in manifest.,2026-07-17T17:55:28.777346
lacharente,bd6t55095562v,,failed,0,0,,no_usable_pages,known,,,bd6t55095562v: no usable pages in manifest.,2026-07-17T17:55:28.992586
lacharente,bd6t550955638,,failed,0,0,,no_usable_pages,known,,,bd6t550955638: no usable pages in manifest.,2026-07-17T17:55:29.292776
lacharente,bd6t55095564p,,failed,0,0,,no_usable_pages,known,,,bd6t55095564p: no usable pages in manifest.,2026-07-17T17:55:29.387799
lacharente,bd6t550955653,,failed,0,0,,no_usable_pages,known,,,bd6t550955653: no usable pages in manifest.,2026-07-17T17:55:29.498473
lacharente,bd6t55095566h,,failed,0,0,,no_usable_pages,known,,,bd6t55095566h: no usable pages in manifest.,2026-07-17T17:55:29.632880
lacharente,bd6t55095567x,,failed,0,0,,no_usable_pages,known,,,bd6t55095567x: no usable pages in manifest.,2026-07-17T17:55:29.769934
lacharente,bd6t55095568b,,failed,0,0,,no_usable_pages,known,,,bd6t55095568b: no usable pages in manifest.,2026-07-17T17:55:29.875165
lacharente,bd6t55095569r,,failed,0,0,,no_usable_pages,known,,,bd6t55095569r: no usable pages in manifest.,2026-07-17T17:55:30.031339
lacharente,bd6t55095570d,,failed,0,0,,no_usable_pages,known,,,bd6t55095570d: no usable pages in manifest.,2026-07-17T17:55:30.166179
lacharente,bd6t55095571t,,failed,0,0,,no_usable_pages,known,,,bd6t55095571t: no usable pages in manifest.,2026-07-17T17:55:30.358778
lacharente,bd6t550955727,,failed,0,0,,no_usable_pages,known,,,bd6t550955727: no usable pages in manifest.,2026-07-17T17:55:30.465208
lacharente,bd6t55095573n,,failed,0,0,,no_usable_pages,known,,,bd6t55095573n: no usable pages in manifest.,2026-07-17T17:55:30.624311
lacharente,bd6t550955742,,failed,0,0,,no_usable_pages,known,,,bd6t550955742: no usable pages in manifest.,2026-07-17T17:55:30.785129
lacharente,bd6t55095575g,,failed,0,0,,no_usable_pages,known,,,bd6t55095575g: no usable pages in manifest.,2026-07-17T17:55:30.901734
lacharente,bd6t55095576w,,failed,0,0,,no_usable_pages,known,,,bd6t55095576w: no usable pages in manifest.,2026-07-17T17:55:31.032244
lacharente,bd6t550955779,,failed,0,0,,no_usable_pages,known,,,bd6t550955779: no usable pages in manifest.,2026-07-17T17:55:31.162075
lacharente,bd6t55095578q,,failed,0,0,,no_usable_pages,known,,,bd6t55095578q: no usable pages in manifest.,2026-07-17T17:55:31.343306
lacharente,bd6t550955794,,failed,0,0,,no_usable_pages,known,,,bd6t550955794: no usable pages in manifest.,2026-07-17T17:55:31.470353
lacharente,bd6t55095580s,,failed,0,0,,no_usable_pages,known,,,bd6t55095580s: no usable pages in manifest.,2026-07-17T17:55:31.661313
lacharente,bd6t550955816,,failed,0,0,,no_usable_pages,known,,,bd6t550955816: no usable pages in manifest.,2026-07-17T17:55:31.837114
lacharente,bd6t55095582m,,failed,0,0,,no_usable_pages,known,,,bd6t55095582m: no usable pages in manifest.,2026-07-17T17:55:31.946018
lacharente,bd6t550955831,,failed,0,0,,no_usable_pages,known,,,bd6t550955831: no usable pages in manifest.,2026-07-17T17:55:32.118162
lacharente,bd6t55095584f,,failed,0,0,,no_usable_pages,known,,,bd6t55095584f: no usable pages in manifest.,2026-07-17T17:55:32.295685
lacharente,bd6t55095585v,,failed,0,0,,no_usable_pages,known,,,bd6t55095585v: no usable pages in manifest.,2026-07-17T17:55:32.474136
lacharente,bd6t550955868,,failed,0,0,,no_usable_pages,known,,,bd6t550955868: no usable pages in manifest.,2026-07-17T17:55:32.588916
lacharente,bd6t55095587p,,failed,0,0,,no_usable_pages,known,,,bd6t55095587p: no usable pages in manifest.,2026-07-17T17:55:32.705877
lacharente,bd6t550955883,,failed,0,0,,no_usable_pages,known,,,bd6t550955883: no usable pages in manifest.,2026-07-17T17:55:32.894450
lacharente,bd6t55095589h,,failed,0,0,,no_usable_pages,known,,,bd6t55095589h: no usable pages in manifest.,2026-07-17T17:55:33.062010
lacharente,bd6t550955905,,failed,0,0,,no_usable_pages,known,,,bd6t550955905: no usable pages in manifest.,2026-07-17T17:55:33.178604
lacharente,bd6t55095591k,,failed,0,0,,no_usable_pages,known,,,bd6t55095591k: no usable pages in manifest.,2026-07-17T17:55:33.309093
lacharente,bd6t550955920,,failed,0,0,,no_usable_pages,known,,,bd6t550955920: no usable pages in manifest.,2026-07-17T17:55:33.522810
lacharente,bd6t55095593d,,failed,0,0,,no_usable_pages,known,,,bd6t55095593d: no usable pages in manifest.,2026-07-17T17:55:33.713483
lacharente,bd6t55095594t,,failed,0,0,,no_usable_pages,known,,,bd6t55095594t: no usable pages in manifest.,2026-07-17T17:55:33.869597
lacharente,bd6t550955957,,failed,0,0,,no_usable_pages,known,,,bd6t550955957: no usable pages in manifest.,2026-07-17T17:55:34.053526
lacharente,bd6t55095604r,,failed,0,0,,no_usable_pages,known,,,bd6t55095604r: no usable pages in manifest.,2026-07-17T17:55:34.201415
lacharente,bd6t55095596n,,failed,0,0,,no_usable_pages,known,,,bd6t55095596n: no usable pages in manifest.,2026-07-17T17:55:34.337411
lacharente,bd6t550955972,,failed,0,0,,no_usable_pages,known,,,bd6t550955972: no usable pages in manifest.,2026-07-17T17:55:34.521262
lacharente,bd6t55095598g,,failed,0,0,,no_usable_pages,known,,,bd6t55095598g: no usable pages in manifest.,2026-07-17T17:55:34.777995
lacharente,bd6t55095599w,,failed,0,0,,no_usable_pages,known,,,bd6t55095599w: no usable pages in manifest.,2026-07-17T17:55:34.948060
lacharente,bd6t550956003,,failed,0,0,,no_usable_pages,known,,,bd6t550956003: no usable pages in manifest.,2026-07-17T17:55:35.070352
lacharente,bd6t55095601h,,failed,0,0,,no_usable_pages,known,,,bd6t55095601h: no usable pages in manifest.,2026-07-17T17:55:35.191549
lacharente,bd6t55095602x,,failed,0,0,,no_usable_pages,known,,,bd6t55095602x: no usable pages in manifest.,2026-07-17T17:55:35.309311
lacharente,bd6t55095603b,,failed,0,0,,no_usable_pages,known,,,bd6t55095603b: no usable pages in manifest.,2026-07-17T17:55:35.464969
lacharente,bd6t55095454z,,failed,0,0,,no_usable_pages,known,,,bd6t55095454z: no usable pages in manifest.,2026-07-17T17:55:35.593751
lacharente,bd6t550956055,,failed,0,0,,no_usable_pages,known,,,bd6t550956055: no usable pages in manifest.,2026-07-17T17:55:35.822901
lacharente,bd6t55095606k,,failed,0,0,,no_usable_pages,known,,,bd6t55095606k: no usable pages in manifest.,2026-07-17T17:55:36.055286
lacharente,bd6t550956070,,failed,0,0,,no_usable_pages,known,,,bd6t550956070: no usable pages in manifest.,2026-07-17T17:55:36.193858
lacharente,bd6t55095608d,,failed,0,0,,no_usable_pages,known,,,bd6t55095608d: no usable pages in manifest.,2026-07-17T17:55:36.323927
lacharente,bd6t55095609t,,failed,0,0,,no_usable_pages,known,,,bd6t55095609t: no usable pages in manifest.,2026-07-17T17:55:36.433604
lacharente,bd6t55095610g,,failed,0,0,,no_usable_pages,known,,,bd6t55095610g: no usable pages in manifest.,2026-07-17T17:55:36.590908
lacharente,bd6t55095611w,,failed,0,0,,no_usable_pages,known,,,bd6t55095611w: no usable pages in manifest.,2026-07-17T17:55:36.786859
lacharente,bd6t550956129,,failed,0,0,,no_usable_pages,known,,,bd6t550956129: no usable pages in manifest.,2026-07-17T17:55:36.965099
lacharente,bd6t55095613q,,failed,0,0,,no_usable_pages,known,,,bd6t55095613q: no usable pages in manifest.,2026-07-17T17:55:37.125522
lacharente,bd6t550956144,,failed,0,0,,no_usable_pages,known,,,bd6t550956144: no usable pages in manifest.,2026-07-17T17:55:37.288901
lacharente,bd6t55095615j,,failed,0,0,,no_usable_pages,known,,,bd6t55095615j: no usable pages in manifest.,2026-07-17T17:55:37.428071
lacharente,bd6t55095616z,,failed,0,0,,no_usable_pages,known,,,bd6t55095616z: no usable pages in manifest.,2026-07-17T17:55:37.550433
lacharente,bd6t55095617c,,failed,0,0,,no_usable_pages,known,,,bd6t55095617c: no usable pages in manifest.,2026-07-17T17:55:37.699690
lacharente,bd6t55095618s,,failed,0,0,,no_usable_pages,known,,,bd6t55095618s: no usable pages in manifest.,2026-07-17T17:55:37.855186
lacharente,bd6t550956196,,failed,0,0,,no_usable_pages,known,,,bd6t550956196: no usable pages in manifest.,2026-07-17T17:55:37.993082
lacharente,bd6t55095620v,,failed,0,0,,no_usable_pages,known,,,bd6t55095620v: no usable pages in manifest.,2026-07-17T17:55:38.135948
lacharente,bd6t550956218,,failed,0,0,,no_usable_pages,known,,,bd6t550956218: no usable pages in manifest.,2026-07-17T17:55:38.305062
lacharente,bd6t55095622p,,failed,0,0,,no_usable_pages,known,,,bd6t55095622p: no usable pages in manifest.,2026-07-17T17:55:38.491517
lacharente,bd6t550956233,,failed,0,0,,no_usable_pages,known,,,bd6t550956233: no usable pages in manifest.,2026-07-17T17:55:38.696040
lacharente,bd6t55095624h,,failed,0,0,,no_usable_pages,known,,,bd6t55095624h: no usable pages in manifest.,2026-07-17T17:55:38.884204
lacharente,bd6t55095625x,,failed,0,0,,no_usable_pages,known,,,bd6t55095625x: no usable pages in manifest.,2026-07-17T17:55:39.024320
lacharente,bd6t55095626b,,failed,0,0,,no_usable_pages,known,,,bd6t55095626b: no usable pages in manifest.,2026-07-17T17:55:39.135519
lacharente,bd6t55095627r,,failed,0,0,,no_usable_pages,known,,,bd6t55095627r: no usable pages in manifest.,2026-07-17T17:55:39.275197
lacharente,bd6t550956285,,failed,0,0,,no_usable_pages,known,,,bd6t550956285: no usable pages in manifest.,2026-07-17T17:55:39.402435
lacharente,bd6t55095629k,,failed,0,0,,no_usable_pages,known,,,bd6t55095629k: no usable pages in manifest.,2026-07-17T17:55:39.516738
lacharente,bd6t550956307,,failed,0,0,,no_usable_pages,known,,,bd6t550956307: no usable pages in manifest.,2026-07-17T17:55:39.640075
lacharente,bd6t55095631n,,failed,0,0,,no_usable_pages,known,,,bd6t55095631n: no usable pages in manifest.,2026-07-17T17:55:39.795654
lacharente,bd6t550956322,,failed,0,0,,no_usable_pages,known,,,bd6t550956322: no usable pages in manifest.,2026-07-17T17:55:39.975908
lacharente,bd6t55095633g,,failed,0,0,,no_usable_pages,known,,,bd6t55095633g: no usable pages in manifest.,2026-07-17T17:55:40.474166
lacharente,bd6t55095634w,,failed,0,0,,no_usable_pages,known,,,bd6t55095634w: no usable pages in manifest.,2026-07-17T17:55:40.768914
lacharente,bd6t550956359,,failed,0,0,,no_usable_pages,known,,,bd6t550956359: no usable pages in manifest.,2026-07-17T17:55:40.936171
lacharente,bd6t55095636q,,failed,0,0,,no_usable_pages,known,,,bd6t55095636q: no usable pages in manifest.,2026-07-17T17:55:41.090807
lacharente,bd6t550956374,,failed,0,0,,no_usable_pages,known,,,bd6t550956374: no usable pages in manifest.,2026-07-17T17:55:41.270050
lacharente,bd6t55095638j,,failed,0,0,,no_usable_pages,known,,,bd6t55095638j: no usable pages in manifest.,2026-07-17T17:55:41.426776
lacharente,bd6t55095639z,,failed,0,0,,no_usable_pages,known,,,bd6t55095639z: no usable pages in manifest.,2026-07-17T17:55:41.585432
lacharente,bd6t55095640m,,failed,0,0,,no_usable_pages,known,,,bd6t55095640m: no usable pages in manifest.,2026-07-17T17:55:41.814804
lacharente,bd6t550956411,,failed,0,0,,no_usable_pages,known,,,bd6t550956411: no usable pages in manifest.,2026-07-17T17:55:41.958559
lacharente,bd6t55095642f,,failed,0,0,,no_usable_pages,known,,,bd6t55095642f: no usable pages in manifest.,2026-07-17T17:55:42.150982
lacharente,bd6t55095643v,,failed,0,0,,no_usable_pages,known,,,bd6t55095643v: no usable pages in manifest.,2026-07-17T17:55:42.368563
lacharente,bd6t550956448,,failed,0,0,,no_usable_pages,known,,,bd6t550956448: no usable pages in manifest.,2026-07-17T17:55:42.526345
lacharente,bd6t55095645p,,failed,0,0,,no_usable_pages,known,,,bd6t55095645p: no usable pages in manifest.,2026-07-17T17:55:42.725050
lacharente,bd6t550956463,,failed,0,0,,no_usable_pages,known,,,bd6t550956463: no usable pages in manifest.,2026-07-17T17:55:42.875319
lacharente,bd6t55095647h,,failed,0,0,,no_usable_pages,known,,,bd6t55095647h: no usable pages in manifest.,2026-07-17T17:55:43.031657
lacharente,bd6t55095648x,,failed,0,0,,no_usable_pages,known,,,bd6t55095648x: no usable pages in manifest.,2026-07-17T17:55:43.194721
lacharente,bd6t55095649b,,failed,0,0,,no_usable_pages,known,,,bd6t55095649b: no usable pages in manifest.,2026-07-17T17:55:43.372235
lacharente,bd6t550956500,,failed,0,0,,no_usable_pages,known,,,bd6t550956500: no usable pages in manifest.,2026-07-17T17:55:43.560065
lacharente,bd6t55095651d,,failed,0,0,,no_usable_pages,known,,,bd6t55095651d: no usable pages in manifest.,2026-07-17T17:55:43.743626
lacharente,bd6t55095652t,,failed,0,0,,no_usable_pages,known,,,bd6t55095652t: no usable pages in manifest.,2026-07-17T17:55:43.900038
lacharente,bd6t550956537,,failed,0,0,,no_usable_pages,known,,,bd6t550956537: no usable pages in manifest.,2026-07-17T17:55:44.027569
lacharente,bd6t55095654n,,failed,0,0,,no_usable_pages,known,,,bd6t55095654n: no usable pages in manifest.,2026-07-17T17:55:44.154393
lacharente,bd6t550956552,,failed,0,0,,no_usable_pages,known,,,bd6t550956552: no usable pages in manifest.,2026-07-17T17:55:44.317929
lacharente,bd6t55095656g,,failed,0,0,,no_usable_pages,known,,,bd6t55095656g: no usable pages in manifest.,2026-07-17T17:55:44.501395
lacharente,bd6t55095657w,,failed,0,0,,no_usable_pages,known,,,bd6t55095657w: no usable pages in manifest.,2026-07-17T17:55:44.727506
lacharente,bd6t550956589,,failed,0,0,,no_usable_pages,known,,,bd6t550956589: no usable pages in manifest.,2026-07-17T17:55:44.848006
lacharente,bd6t55095659q,,failed,0,0,,no_usable_pages,known,,,bd6t55095659q: no usable pages in manifest.,2026-07-17T17:55:45.042508
lacharente,bd6t55095660c,,failed,0,0,,no_usable_pages,known,,,bd6t55095660c: no usable pages in manifest.,2026-07-17T17:55:45.216219
lacharente,bd6t55095661s,,failed,0,0,,no_usable_pages,known,,,bd6t55095661s: no usable pages in manifest.,2026-07-17T17:55:45.344927
lacharente,bd6t550956626,,failed,0,0,,no_usable_pages,known,,,bd6t550956626: no usable pages in manifest.,2026-07-17T17:55:45.511486
lacharente,bd6t55095663m,,failed,0,0,,no_usable_pages,known,,,bd6t55095663m: no usable pages in manifest.,2026-07-17T17:55:45.636774
lacharente,bd6t550956641,,failed,0,0,,no_usable_pages,known,,,bd6t550956641: no usable pages in manifest.,2026-07-17T17:55:45.756173
lacharente,bd6t55095665f,,failed,0,0,,no_usable_pages,known,,,bd6t55095665f: no usable pages in manifest.,2026-07-17T17:55:46.039426
lacharente,bd6t55095666v,,failed,0,0,,no_usable_pages,known,,,bd6t55095666v: no usable pages in manifest.,2026-07-17T17:55:46.388814
lacharente,bd6t550956678,,failed,0,0,,no_usable_pages,known,,,bd6t550956678: no usable pages in manifest.,2026-07-17T17:55:46.536344
lacharente,bd6t55095668p,,failed,0,0,,no_usable_pages,known,,,bd6t55095668p: no usable pages in manifest.,2026-07-17T17:55:46.679055
lacharente,bd6t550956693,,failed,0,0,,no_usable_pages,known,,,bd6t550956693: no usable pages in manifest.,2026-07-17T17:55:46.826680
lacharente,bd6t55095670r,,failed,0,0,,no_usable_pages,known,,,bd6t55095670r: no usable pages in manifest.,2026-07-17T17:55:46.971910
lacharente,bd6t550956715,,failed,0,0,,no_usable_pages,known,,,bd6t550956715: no usable pages in manifest.,2026-07-17T17:55:47.131406
lacharente,bd6t55095672k,,failed,0,0,,no_usable_pages,known,,,bd6t55095672k: no usable pages in manifest.,2026-07-17T17:55:47.288238
lacharente,bd6t550956730,,failed,0,0,,no_usable_pages,known,,,bd6t550956730: no usable pages in manifest.,2026-07-17T17:55:47.517360
lacharente,bd6t55095674d,,failed,0,0,,no_usable_pages,known,,,bd6t55095674d: no usable pages in manifest.,2026-07-17T17:55:47.696500
lacharente,bd6t55095675t,,failed,0,0,,no_usable_pages,known,,,bd6t55095675t: no usable pages in manifest.,2026-07-17T17:55:47.837229
lacharente,bd6t550956767,,failed,0,0,,no_usable_pages,known,,,bd6t550956767: no usable pages in manifest.,2026-07-17T17:55:47.960693
lacharente,bd6t55095677n,,failed,0,0,,no_usable_pages,known,,,bd6t55095677n: no usable pages in manifest.,2026-07-17T17:55:48.135631
lacharente,bd6t550956782,,failed,0,0,,no_usable_pages,known,,,bd6t550956782: no usable pages in manifest.,2026-07-17T17:55:48.250017
lacharente,bd6t55095681j,,failed,0,0,,no_usable_pages,known,,,bd6t55095681j: no usable pages in manifest.,2026-07-17T17:55:48.387155
lacharente,bd6t550956804,,failed,0,0,,no_usable_pages,known,,,bd6t550956804: no usable pages in manifest.,2026-07-17T17:55:48.561779
lacharente,bd6t55095679g,,failed,0,0,,no_usable_pages,known,,,bd6t55095679g: no usable pages in manifest.,2026-07-17T17:55:48.713177
lacharente,bd6t55095683c,,failed,0,0,,no_usable_pages,known,,,bd6t55095683c: no usable pages in manifest.,2026-07-17T17:55:48.844131
lacharente,bd6t55095684s,,failed,0,0,,no_usable_pages,known,,,bd6t55095684s: no usable pages in manifest.,2026-07-17T17:55:48.933150
lacharente,bd6t550956856,,failed,0,0,,no_usable_pages,known,,,bd6t550956856: no usable pages in manifest.,2026-07-17T17:55:49.076399
lacharente,bd6t55095686m,,failed,0,0,,no_usable_pages,known,,,bd6t55095686m: no usable pages in manifest.,2026-07-17T17:55:49.211237
lacharente,bd6t550956871,,failed,0,0,,no_usable_pages,known,,,bd6t550956871: no usable pages in manifest.,2026-07-17T17:55:49.346213
lacharente,bd6t55095688f,,failed,0,0,,no_usable_pages,known,,,bd6t55095688f: no usable pages in manifest.,2026-07-17T17:55:49.484423
lacharente,bd6t55095689v,,failed,0,0,,no_usable_pages,known,,,bd6t55095689v: no usable pages in manifest.,2026-07-17T17:55:49.683602
lacharente,bd6t55095690h,,failed,0,0,,no_usable_pages,known,,,bd6t55095690h: no usable pages in manifest.,2026-07-17T17:55:49.847855
lacharente,bd6t55095691x,,failed,0,0,,no_usable_pages,known,,,bd6t55095691x: no usable pages in manifest.,2026-07-17T17:55:49.947348
lacharente,bd6t55095692b,,failed,0,0,,no_usable_pages,known,,,bd6t55095692b: no usable pages in manifest.,2026-07-17T17:55:50.046730
lacharente,bd6t55095693r,,failed,0,0,,no_usable_pages,known,,,bd6t55095693r: no usable pages in manifest.,2026-07-17T17:55:50.162055
lacharente,bd6t550956945,,failed,0,0,,no_usable_pages,known,,,bd6t550956945: no usable pages in manifest.,2026-07-17T17:55:50.268660
lacharente,bd6t55095695k,,failed,0,0,,no_usable_pages,known,,,bd6t55095695k: no usable pages in manifest.,2026-07-17T17:55:50.404479
lacharente,bd6t550956960,,failed,0,0,,no_usable_pages,known,,,bd6t550956960: no usable pages in manifest.,2026-07-17T17:55:50.548129
lacharente,bd6t55095697d,,failed,0,0,,no_usable_pages,known,,,bd6t55095697d: no usable pages in manifest.,2026-07-17T17:55:50.759249
lacharente,bd6t55095698t,,failed,0,0,,no_usable_pages,known,,,bd6t55095698t: no usable pages in manifest.,2026-07-17T17:55:50.936318
lacharente,bd6t550956997,,failed,0,0,,no_usable_pages,known,,,bd6t550956997: no usable pages in manifest.,2026-07-17T17:55:51.073047
lacharente,bd6t55095700f,,failed,0,0,,no_usable_pages,known,,,bd6t55095700f: no usable pages in manifest.,2026-07-17T17:55:51.213728
lacharente,bd6t550957028,,failed,0,0,,no_usable_pages,known,,,bd6t550957028: no usable pages in manifest.,2026-07-17T17:55:51.530525
lacharente,bd6t55095703p,,failed,0,0,,no_usable_pages,known,,,bd6t55095703p: no usable pages in manifest.,2026-07-17T17:55:51.972382
lacharente,bd6t55095701v,,failed,0,0,,no_usable_pages,known,,,bd6t55095701v: no usable pages in manifest.,2026-07-17T17:55:52.135248
lacharente,bd6t550957043,,failed,0,0,,no_usable_pages,known,,,bd6t550957043: no usable pages in manifest.,2026-07-17T17:55:52.258010
lacharente,bd6t55095705h,,failed,0,0,,no_usable_pages,known,,,bd6t55095705h: no usable pages in manifest.,2026-07-17T17:55:52.382136
lacharente,bd6t55095706x,,failed,0,0,,no_usable_pages,known,,,bd6t55095706x: no usable pages in manifest.,2026-07-17T17:55:52.544612
lacharente,bd6t55095707b,,failed,0,0,,no_usable_pages,known,,,bd6t55095707b: no usable pages in manifest.,2026-07-17T17:55:52.662832
lacharente,bd6t55095708r,,failed,0,0,,no_usable_pages,known,,,bd6t55095708r: no usable pages in manifest.,2026-07-17T17:55:52.853248
lacharente,bd6t550957095,,failed,0,0,,no_usable_pages,known,,,bd6t550957095: no usable pages in manifest.,2026-07-17T17:55:53.070685
lacharente,bd6t55095710t,,failed,0,0,,no_usable_pages,known,,,bd6t55095710t: no usable pages in manifest.,2026-07-17T17:55:53.195936
lacharente,bd6t550957117,,failed,0,0,,no_usable_pages,known,,,bd6t550957117: no usable pages in manifest.,2026-07-17T17:55:53.377007
lacharente,bd6t55095712n,,failed,0,0,,no_usable_pages,known,,,bd6t55095712n: no usable pages in manifest.,2026-07-17T17:55:53.520561
lacharente,bd6t550957132,,failed,0,0,,no_usable_pages,known,,,bd6t550957132: no usable pages in manifest.,2026-07-17T17:55:53.679662
lacharente,bd6t55095714g,,failed,0,0,,no_usable_pages,known,,,bd6t55095714g: no usable pages in manifest.,2026-07-17T17:55:53.987947
lacharente,bd6t55095715w,,failed,0,0,,no_usable_pages,known,,,bd6t55095715w: no usable pages in manifest.,2026-07-17T17:55:54.313728
lacharente,bd6t550957169,,failed,0,0,,no_usable_pages,known,,,bd6t550957169: no usable pages in manifest.,2026-07-17T17:55:54.505202
lacharente,bd6t55095717q,,failed,0,0,,no_usable_pages,known,,,bd6t55095717q: no usable pages in manifest.,2026-07-17T17:55:54.646500
lacharente,bd6t550957184,,failed,0,0,,no_usable_pages,known,,,bd6t550957184: no usable pages in manifest.,2026-07-17T17:55:54.849183
lacharente,bd6t55095719j,,failed,0,0,,no_usable_pages,known,,,bd6t55095719j: no usable pages in manifest.,2026-07-17T17:55:55.003742
lacharente,bd6t550957206,,failed,0,0,,no_usable_pages,known,,,bd6t550957206: no usable pages in manifest.,2026-07-17T17:55:55.139613
lacharente,bd6t550957221,,failed,0,0,,no_usable_pages,known,,,bd6t550957221: no usable pages in manifest.,2026-07-17T17:55:55.308337
lacharente,bd6t55095721m,,failed,0,0,,no_usable_pages,known,,,bd6t55095721m: no usable pages in manifest.,2026-07-17T17:55:55.427211
lacharente,bd6t55095723f,,failed,0,0,,no_usable_pages,known,,,bd6t55095723f: no usable pages in manifest.,2026-07-17T17:55:55.612105
lacharente,bd6t55095724v,,failed,0,0,,no_usable_pages,known,,,bd6t55095724v: no usable pages in manifest.,2026-07-17T17:55:55.750920
lacharente,bd6t550957258,,failed,0,0,,no_usable_pages,known,,,bd6t550957258: no usable pages in manifest.,2026-07-17T17:55:55.867907
lacharente,bd6t55095726p,,failed,0,0,,no_usable_pages,known,,,bd6t55095726p: no usable pages in manifest.,2026-07-17T17:55:55.993598
lacharente,bd6t550957273,,failed,0,0,,no_usable_pages,known,,,bd6t550957273: no usable pages in manifest.,2026-07-17T17:55:56.108942
lacharente,bd6t55095728h,,failed,0,0,,no_usable_pages,known,,,bd6t55095728h: no usable pages in manifest.,2026-07-17T17:55:56.335651
lacharente,bd6t55095729x,,failed,0,0,,no_usable_pages,known,,,bd6t55095729x: no usable pages in manifest.,2026-07-17T17:55:56.427869
lacharente,bd6t55095730k,,failed,0,0,,no_usable_pages,known,,,bd6t55095730k: no usable pages in manifest.,2026-07-17T17:55:56.548472
lacharente,bd6t550957310,,failed,0,0,,no_usable_pages,known,,,bd6t550957310: no usable pages in manifest.,2026-07-17T17:55:56.676701
lacharente,bd6t55095733t,,failed,0,0,,no_usable_pages,known,,,bd6t55095733t: no usable pages in manifest.,2026-07-17T17:55:56.828019
lacharente,bd6t55095732d,,failed,0,0,,no_usable_pages,known,,,bd6t55095732d: no usable pages in manifest.,2026-07-17T17:55:56.947449
lacharente,bd6t550957347,,failed,0,0,,no_usable_pages,known,,,bd6t550957347: no usable pages in manifest.,2026-07-17T17:55:57.158629
lacharente,bd6t55095735n,,failed,0,0,,no_usable_pages,known,,,bd6t55095735n: no usable pages in manifest.,2026-07-17T17:55:57.687143
lacharente,bd6t550957362,,failed,0,0,,no_usable_pages,known,,,bd6t550957362: no usable pages in manifest.,2026-07-17T17:55:58.254866
lacharente,bd6t55095737g,,failed,0,0,,no_usable_pages,known,,,bd6t55095737g: no usable pages in manifest.,2026-07-17T17:55:58.407727
lacharente,bd6t55095738w,,failed,0,0,,no_usable_pages,known,,,bd6t55095738w: no usable pages in manifest.,2026-07-17T17:55:58.588117
lacharente,bd6t550957399,,failed,0,0,,no_usable_pages,known,,,bd6t550957399: no usable pages in manifest.,2026-07-17T17:55:58.718031
lacharente,bd6t55095740z,,failed,0,0,,no_usable_pages,known,,,bd6t55095740z: no usable pages in manifest.,2026-07-17T17:55:58.846328
lacharente,bd6t55095741c,,failed,0,0,,no_usable_pages,known,,,bd6t55095741c: no usable pages in manifest.,2026-07-17T17:55:58.978603
lacharente,bd6t55095742s,,failed,0,0,,no_usable_pages,known,,,bd6t55095742s: no usable pages in manifest.,2026-07-17T17:55:59.106876
lacharente,bd6t550957436,,failed,0,0,,no_usable_pages,known,,,bd6t550957436: no usable pages in manifest.,2026-07-17T17:55:59.210859
lacharente,bd6t55095744m,,failed,0,0,,no_usable_pages,known,,,bd6t55095744m: no usable pages in manifest.,2026-07-17T17:55:59.354334
lacharente,bd6t550957451,,failed,0,0,,no_usable_pages,known,,,bd6t550957451: no usable pages in manifest.,2026-07-17T17:55:59.512053
lacharente,bd6t55095746f,,failed,0,0,,no_usable_pages,known,,,bd6t55095746f: no usable pages in manifest.,2026-07-17T17:55:59.667677
lacharente,bd6t55095747v,,failed,0,0,,no_usable_pages,known,,,bd6t55095747v: no usable pages in manifest.,2026-07-17T17:55:59.802497
lacharente,bd6t550957488,,failed,0,0,,no_usable_pages,known,,,bd6t550957488: no usable pages in manifest.,2026-07-17T17:55:59.989152
lacharente,bd6t55095749p,,failed,0,0,,no_usable_pages,known,,,bd6t55095749p: no usable pages in manifest.,2026-07-17T17:56:00.084466
lacharente,bd6t55095750b,,failed,0,0,,no_usable_pages,known,,,bd6t55095750b: no usable pages in manifest.,2026-07-17T17:56:00.228220
lacharente,bd6t55095751r,,failed,0,0,,no_usable_pages,known,,,bd6t55095751r: no usable pages in manifest.,2026-07-17T17:56:00.436056
lacharente,bd6t550957525,,failed,0,0,,no_usable_pages,known,,,bd6t550957525: no usable pages in manifest.,2026-07-17T17:56:00.603130
lacharente,bd6t55095753k,,failed,0,0,,no_usable_pages,known,,,bd6t55095753k: no usable pages in manifest.,2026-07-17T17:56:00.779182
lacharente,bd6t550957540,,failed,0,0,,no_usable_pages,known,,,bd6t550957540: no usable pages in manifest.,2026-07-17T17:56:00.980742
lacharente,bd6t55095755d,,failed,0,0,,no_usable_pages,known,,,bd6t55095755d: no usable pages in manifest.,2026-07-17T17:56:01.095749
lacharente,bd6t55095756t,,failed,0,0,,no_usable_pages,known,,,bd6t55095756t: no usable pages in manifest.,2026-07-17T17:56:01.213929
lacharente,bd6t550957577,,failed,0,0,,no_usable_pages,known,,,bd6t550957577: no usable pages in manifest.,2026-07-17T17:56:01.323452
lacharente,bd6t55095758n,,failed,0,0,,no_usable_pages,known,,,bd6t55095758n: no usable pages in manifest.,2026-07-17T17:56:01.437665
lacharente,bd6t550957592,,failed,0,0,,no_usable_pages,known,,,bd6t550957592: no usable pages in manifest.,2026-07-17T17:56:01.673711
lacharente,bd6t55095760q,,failed,0,0,,no_usable_pages,known,,,bd6t55095760q: no usable pages in manifest.,2026-07-17T17:56:01.867614
lacharente,bd6t550957614,,failed,0,0,,no_usable_pages,known,,,bd6t550957614: no usable pages in manifest.,2026-07-17T17:56:01.994383
lacharente,bd6t55095762j,,failed,0,0,,no_usable_pages,known,,,bd6t55095762j: no usable pages in manifest.,2026-07-17T17:56:02.173555
lacharente,bd6t55095763z,,failed,0,0,,no_usable_pages,known,,,bd6t55095763z: no usable pages in manifest.,2026-07-17T17:56:02.365132
lacharente,bd6t55095764c,,failed,0,0,,no_usable_pages,known,,,bd6t55095764c: no usable pages in manifest.,2026-07-17T17:56:02.529167
lacharente,bd6t55095765s,,failed,0,0,,no_usable_pages,known,,,bd6t55095765s: no usable pages in manifest.,2026-07-17T17:56:02.781202
lacharente,bd6t550957666,,failed,0,0,,no_usable_pages,known,,,bd6t550957666: no usable pages in manifest.,2026-07-17T17:56:02.950635
lacharente,bd6t55095767m,,failed,0,0,,no_usable_pages,known,,,bd6t55095767m: no usable pages in manifest.,2026-07-17T17:56:03.099959
lacharente,bd6t550957681,,failed,0,0,,no_usable_pages,known,,,bd6t550957681: no usable pages in manifest.,2026-07-17T17:56:03.229118
lacharente,bd6t55095769f,,failed,0,0,,no_usable_pages,known,,,bd6t55095769f: no usable pages in manifest.,2026-07-17T17:56:03.352916
lacharente,bd6t550957703,,failed,0,0,,no_usable_pages,known,,,bd6t550957703: no usable pages in manifest.,2026-07-17T17:56:03.467569
lacharente,bd6t55095771h,,failed,0,0,,no_usable_pages,known,,,bd6t55095771h: no usable pages in manifest.,2026-07-17T17:56:03.861015
lacharente,bd6t55095772x,,failed,0,0,,no_usable_pages,known,,,bd6t55095772x: no usable pages in manifest.,2026-07-17T17:56:04.078024
lacharente,bd6t550957755,,failed,0,0,,no_usable_pages,known,,,bd6t550957755: no usable pages in manifest.,2026-07-17T17:56:04.308165
lacharente,bd6t55095773b,,failed,0,0,,no_usable_pages,known,,,bd6t55095773b: no usable pages in manifest.,2026-07-17T17:56:04.436677
lacharente,bd6t55095774r,,failed,0,0,,no_usable_pages,known,,,bd6t55095774r: no usable pages in manifest.,2026-07-17T17:56:04.567388
lacharente,bd6t55095776k,,failed,0,0,,no_usable_pages,known,,,bd6t55095776k: no usable pages in manifest.,2026-07-17T17:56:04.701767
lacharente,bd6t550957770,,failed,0,0,,no_usable_pages,known,,,bd6t550957770: no usable pages in manifest.,2026-07-17T17:56:04.849768
lacharente,bd6t55095778d,,failed,0,0,,no_usable_pages,known,,,bd6t55095778d: no usable pages in manifest.,2026-07-17T17:56:04.976718
lacharente,bd6t55095779t,,failed,0,0,,no_usable_pages,known,,,bd6t55095779t: no usable pages in manifest.,2026-07-17T17:56:05.225911
lacharente,bd6t55095780g,,failed,0,0,,no_usable_pages,known,,,bd6t55095780g: no usable pages in manifest.,2026-07-17T17:56:05.355834
lacharente,bd6t55095781w,,failed,0,0,,no_usable_pages,known,,,bd6t55095781w: no usable pages in manifest.,2026-07-17T17:56:05.523585
lacharente,bd6t550957829,,failed,0,0,,no_usable_pages,known,,,bd6t550957829: no usable pages in manifest.,2026-07-17T17:56:05.709304
lacharente,bd6t55095783q,,failed,0,0,,no_usable_pages,known,,,bd6t55095783q: no usable pages in manifest.,2026-07-17T17:56:05.852746
lacharente,bd6t550957844,,failed,0,0,,no_usable_pages,known,,,bd6t550957844: no usable pages in manifest.,2026-07-17T17:56:05.984257
lacharente,bd6t55095785j,,failed,0,0,,no_usable_pages,known,,,bd6t55095785j: no usable pages in manifest.,2026-07-17T17:56:06.169264
lacharente,bd6t55095786z,,failed,0,0,,no_usable_pages,known,,,bd6t55095786z: no usable pages in manifest.,2026-07-17T17:56:06.308487
lacharente,bd6t55095787c,,failed,0,0,,no_usable_pages,known,,,bd6t55095787c: no usable pages in manifest.,2026-07-17T17:56:06.450287
lacharente,bd6t55095788s,,failed,0,0,,no_usable_pages,known,,,bd6t55095788s: no usable pages in manifest.,2026-07-17T17:56:06.551528
lacharente,bd6t550957896,,failed,0,0,,no_usable_pages,known,,,bd6t550957896: no usable pages in manifest.,2026-07-17T17:56:06.662861
lacharente,bd6t55095790v,,failed,0,0,,no_usable_pages,known,,,bd6t55095790v: no usable pages in manifest.,2026-07-17T17:56:06.794836
lacharente,bd6t550957918,,failed,0,0,,no_usable_pages,known,,,bd6t550957918: no usable pages in manifest.,2026-07-17T17:56:06.953619
lacharente,bd6t55095792p,,failed,0,0,,no_usable_pages,known,,,bd6t55095792p: no usable pages in manifest.,2026-07-17T17:56:07.086197
lacharente,bd6t550957933,,failed,0,0,,no_usable_pages,known,,,bd6t550957933: no usable pages in manifest.,2026-07-17T17:56:07.320660
lacharente,bd6t55095794h,,failed,0,0,,no_usable_pages,known,,,bd6t55095794h: no usable pages in manifest.,2026-07-17T17:56:07.447228
lacharente,bd6t55095795x,,failed,0,0,,no_usable_pages,known,,,bd6t55095795x: no usable pages in manifest.,2026-07-17T17:56:07.540684
lacharente,bd6t55095796b,,failed,0,0,,no_usable_pages,known,,,bd6t55095796b: no usable pages in manifest.,2026-07-17T17:56:07.687676
lacharente,bd6t55095797r,,failed,0,0,,no_usable_pages,known,,,bd6t55095797r: no usable pages in manifest.,2026-07-17T17:56:07.795466
lacharente,bd6t550957985,,failed,0,0,,no_usable_pages,known,,,bd6t550957985: no usable pages in manifest.,2026-07-17T17:56:07.915361
lacharente,bd6t55095799k,,failed,0,0,,no_usable_pages,known,,,bd6t55095799k: no usable pages in manifest.,2026-07-17T17:56:08.045193
lacharente,bd6t55095800s,,failed,0,0,,no_usable_pages,known,,,bd6t55095800s: no usable pages in manifest.,2026-07-17T17:56:08.166953
lacharente,bd6t550958016,,failed,0,0,,no_usable_pages,known,,,bd6t550958016: no usable pages in manifest.,2026-07-17T17:56:08.400549
lacharente,bd6t55095802m,,failed,0,0,,no_usable_pages,known,,,bd6t55095802m: no usable pages in manifest.,2026-07-17T17:56:08.577564
lacharente,bd6t550958031,,failed,0,0,,no_usable_pages,known,,,bd6t550958031: no usable pages in manifest.,2026-07-17T17:56:08.701315
lacharente,bd6t55095804f,,failed,0,0,,no_usable_pages,known,,,bd6t55095804f: no usable pages in manifest.,2026-07-17T17:56:08.875892
lacharente,bd6t55095805v,,failed,0,0,,no_usable_pages,known,,,bd6t55095805v: no usable pages in manifest.,2026-07-17T17:56:08.989829
lacharente,bd6t550958068,,failed,0,0,,no_usable_pages,known,,,bd6t550958068: no usable pages in manifest.,2026-07-17T17:56:09.141778
lacharente,bd6t55095807p,,failed,0,0,,no_usable_pages,known,,,bd6t55095807p: no usable pages in manifest.,2026-07-17T17:56:09.291217
lacharente,bd6t550958083,,failed,0,0,,no_usable_pages,known,,,bd6t550958083: no usable pages in manifest.,2026-07-17T17:56:09.900625
lacharente,bd6t55095809h,,failed,0,0,,no_usable_pages,known,,,bd6t55095809h: no usable pages in manifest.,2026-07-17T17:56:10.052946
lacharente,bd6t550958105,,failed,0,0,,no_usable_pages,known,,,bd6t550958105: no usable pages in manifest.,2026-07-17T17:56:10.229951
lacharente,bd6t55095811k,,failed,0,0,,no_usable_pages,known,,,bd6t55095811k: no usable pages in manifest.,2026-07-17T17:56:10.376576
lacharente,bd6t550958120,,failed,0,0,,no_usable_pages,known,,,bd6t550958120: no usable pages in manifest.,2026-07-17T17:56:10.542767
lacharente,bd6t55095813d,,failed,0,0,,no_usable_pages,known,,,bd6t55095813d: no usable pages in manifest.,2026-07-17T17:56:10.697597
lacharente,bd6t55095814t,,failed,0,0,,no_usable_pages,known,,,bd6t55095814t: no usable pages in manifest.,2026-07-17T17:56:10.834885
lacharente,bd6t550958157,,failed,0,0,,no_usable_pages,known,,,bd6t550958157: no usable pages in manifest.,2026-07-17T17:56:10.972745
lacharente,bd6t55095816n,,failed,0,0,,no_usable_pages,known,,,bd6t55095816n: no usable pages in manifest.,2026-07-17T17:56:11.114560
lacharente,bd6t550958172,,failed,0,0,,no_usable_pages,known,,,bd6t550958172: no usable pages in manifest.,2026-07-17T17:56:11.236619
lacharente,bd6t55095818g,,failed,0,0,,no_usable_pages,known,,,bd6t55095818g: no usable pages in manifest.,2026-07-17T17:56:11.377206
lacharente,bd6t55095819w,,failed,0,0,,no_usable_pages,known,,,bd6t55095819w: no usable pages in manifest.,2026-07-17T17:56:11.539879
lacharente,bd6t55095820j,,failed,0,0,,no_usable_pages,known,,,bd6t55095820j: no usable pages in manifest.,2026-07-17T17:56:11.707949
lacharente,bd6t55095821z,,failed,0,0,,no_usable_pages,known,,,bd6t55095821z: no usable pages in manifest.,2026-07-17T17:56:11.885854
lacharente,bd6t55095822c,,failed,0,0,,no_usable_pages,known,,,bd6t55095822c: no usable pages in manifest.,2026-07-17T17:56:12.057899
lacharente,bd6t55095823s,,failed,0,0,,no_usable_pages,known,,,bd6t55095823s: no usable pages in manifest.,2026-07-17T17:56:12.253030
lacharente,bd6t550958246,,failed,0,0,,no_usable_pages,known,,,bd6t550958246: no usable pages in manifest.,2026-07-17T17:56:12.365961
lacharente,bd6t55095825m,,failed,0,0,,no_usable_pages,known,,,bd6t55095825m: no usable pages in manifest.,2026-07-17T17:56:12.589859
lacharente,bd6t550958261,,failed,0,0,,no_usable_pages,known,,,bd6t550958261: no usable pages in manifest.,2026-07-17T17:56:12.792084
lacharente,bd6t55095827f,,failed,0,0,,no_usable_pages,known,,,bd6t55095827f: no usable pages in manifest.,2026-07-17T17:56:12.974182
lacharente,bd6t55095828v,,failed,0,0,,no_usable_pages,known,,,bd6t55095828v: no usable pages in manifest.,2026-07-17T17:56:13.115219
lacharente,bd6t550958298,,failed,0,0,,no_usable_pages,known,,,bd6t550958298: no usable pages in manifest.,2026-07-17T17:56:13.249548
lacharente,bd6t55095830x,,failed,0,0,,no_usable_pages,known,,,bd6t55095830x: no usable pages in manifest.,2026-07-17T17:56:13.364870
lacharente,bd6t55095831b,,failed,0,0,,no_usable_pages,known,,,bd6t55095831b: no usable pages in manifest.,2026-07-17T17:56:13.493590
lacharente,bd6t55095832r,,failed,0,0,,no_usable_pages,known,,,bd6t55095832r: no usable pages in manifest.,2026-07-17T17:56:13.661289
lacharente,bd6t550958335,,failed,0,0,,no_usable_pages,known,,,bd6t550958335: no usable pages in manifest.,2026-07-17T17:56:13.848059
lacharente,bd6t55095834k,,failed,0,0,,no_usable_pages,known,,,bd6t55095834k: no usable pages in manifest.,2026-07-17T17:56:14.000398
lacharente,bd6t550958350,,failed,0,0,,no_usable_pages,known,,,bd6t550958350: no usable pages in manifest.,2026-07-17T17:56:14.118815
lacharente,bd6t55095836d,,failed,0,0,,no_usable_pages,known,,,bd6t55095836d: no usable pages in manifest.,2026-07-17T17:56:14.243050
lacharente,bd6t55095837t,,failed,0,0,,no_usable_pages,known,,,bd6t55095837t: no usable pages in manifest.,2026-07-17T17:56:14.361694
lacharente,bd6t550958387,,failed,0,0,,no_usable_pages,known,,,bd6t550958387: no usable pages in manifest.,2026-07-17T17:56:14.474112
lacharente,bd6t55095839n,,failed,0,0,,no_usable_pages,known,,,bd6t55095839n: no usable pages in manifest.,2026-07-17T17:56:14.612200
lacharente,bd6t550958409,,failed,0,0,,no_usable_pages,known,,,bd6t550958409: no usable pages in manifest.,2026-07-17T17:56:14.735518
lacharente,bd6t55095841q,,failed,0,0,,no_usable_pages,known,,,bd6t55095841q: no usable pages in manifest.,2026-07-17T17:56:14.949457
lacharente,bd6t550958424,,failed,0,0,,no_usable_pages,known,,,bd6t550958424: no usable pages in manifest.,2026-07-17T17:56:15.094618
lacharente,bd6t55095843j,,failed,0,0,,no_usable_pages,known,,,bd6t55095843j: no usable pages in manifest.,2026-07-17T17:56:15.211156
lacharente,bd6t55095844z,,failed,0,0,,no_usable_pages,known,,,bd6t55095844z: no usable pages in manifest.,2026-07-17T17:56:15.343318
lacharente,bd6t55095845c,,failed,0,0,,no_usable_pages,known,,,bd6t55095845c: no usable pages in manifest.,2026-07-17T17:56:15.518327
lacharente,bd6t55095846s,,failed,0,0,,no_usable_pages,known,,,bd6t55095846s: no usable pages in manifest.,2026-07-17T17:56:15.788889
lacharente,bd6t550958476,,failed,0,0,,no_usable_pages,known,,,bd6t550958476: no usable pages in manifest.,2026-07-17T17:56:16.070557
lacharente,bd6t55095848m,,failed,0,0,,no_usable_pages,known,,,bd6t55095848m: no usable pages in manifest.,2026-07-17T17:56:16.226713
lacharente,bd6t550958491,,failed,0,0,,no_usable_pages,known,,,bd6t550958491: no usable pages in manifest.,2026-07-17T17:56:16.419418
lacharente,bd6t55095850p,,failed,0,0,,no_usable_pages,known,,,bd6t55095850p: no usable pages in manifest.,2026-07-17T17:56:16.515302
lacharente,bd6t550958513,,failed,0,0,,no_usable_pages,known,,,bd6t550958513: no usable pages in manifest.,2026-07-17T17:56:16.657124
lacharente,bd6t55095852h,,failed,0,0,,no_usable_pages,known,,,bd6t55095852h: no usable pages in manifest.,2026-07-17T17:56:16.804404
lacharente,bd6t55095853x,,failed,0,0,,no_usable_pages,known,,,bd6t55095853x: no usable pages in manifest.,2026-07-17T17:56:16.958427
lacharente,bd6t55095854b,,failed,0,0,,no_usable_pages,known,,,bd6t55095854b: no usable pages in manifest.,2026-07-17T17:56:17.120072
lacharente,bd6t55095855r,,failed,0,0,,no_usable_pages,known,,,bd6t55095855r: no usable pages in manifest.,2026-07-17T17:56:17.289067
lacharente,bd6t550958565,,failed,0,0,,no_usable_pages,known,,,bd6t550958565: no usable pages in manifest.,2026-07-17T17:56:17.410463
lacharente,bd6t55095857k,,failed,0,0,,no_usable_pages,known,,,bd6t55095857k: no usable pages in manifest.,2026-07-17T17:56:17.520277
lacharente,bd6t550958580,,failed,0,0,,no_usable_pages,known,,,bd6t550958580: no usable pages in manifest.,2026-07-17T17:56:17.642237
lacharente,bd6t55095859d,,failed,0,0,,no_usable_pages,known,,,bd6t55095859d: no usable pages in manifest.,2026-07-17T17:56:17.759344
lacharente,bd6t550958602,,failed,0,0,,no_usable_pages,known,,,bd6t550958602: no usable pages in manifest.,2026-07-17T17:56:17.917383
lacharente,bd6t55095861g,,failed,0,0,,no_usable_pages,known,,,bd6t55095861g: no usable pages in manifest.,2026-07-17T17:56:18.070334
lacharente,bd6t55095862w,,failed,0,0,,no_usable_pages,known,,,bd6t55095862w: no usable pages in manifest.,2026-07-17T17:56:18.264187
lacharente,bd6t550958639,,failed,0,0,,no_usable_pages,known,,,bd6t550958639: no usable pages in manifest.,2026-07-17T17:56:18.394495
lacharente,bd6t55095864q,,failed,0,0,,no_usable_pages,known,,,bd6t55095864q: no usable pages in manifest.,2026-07-17T17:56:18.524475
lacharente,bd6t550958654,,failed,0,0,,no_usable_pages,known,,,bd6t550958654: no usable pages in manifest.,2026-07-17T17:56:18.666019
lacharente,bd6t55095866j,,failed,0,0,,no_usable_pages,known,,,bd6t55095866j: no usable pages in manifest.,2026-07-17T17:56:18.825408
lacharente,bd6t55095867z,,failed,0,0,,no_usable_pages,known,,,bd6t55095867z: no usable pages in manifest.,2026-07-17T17:56:18.987332
lacharente,bd6t55095868c,,failed,0,0,,no_usable_pages,known,,,bd6t55095868c: no usable pages in manifest.,2026-07-17T17:56:19.131757
lacharente,bd6t55095869s,,failed,0,0,,no_usable_pages,known,,,bd6t55095869s: no usable pages in manifest.,2026-07-17T17:56:19.295229
lacharente,bd6t55095870f,,failed,0,0,,no_usable_pages,known,,,bd6t55095870f: no usable pages in manifest.,2026-07-17T17:56:19.405996
lacharente,bd6t55095871v,,failed,0,0,,no_usable_pages,known,,,bd6t55095871v: no usable pages in manifest.,2026-07-17T17:56:19.555889
lacharente,bd6t550958728,,failed,0,0,,no_usable_pages,known,,,bd6t550958728: no usable pages in manifest.,2026-07-17T17:56:19.697392
lacharente,bd6t55095873p,,failed,0,0,,no_usable_pages,known,,,bd6t55095873p: no usable pages in manifest.,2026-07-17T17:56:19.882536
lacharente,bd6t550958743,,failed,0,0,,no_usable_pages,known,,,bd6t550958743: no usable pages in manifest.,2026-07-17T17:56:20.017455
lacharente,bd6t55095875h,,failed,0,0,,no_usable_pages,known,,,bd6t55095875h: no usable pages in manifest.,2026-07-17T17:56:20.197655
lacharente,bd6t55095876x,,failed,0,0,,no_usable_pages,known,,,bd6t55095876x: no usable pages in manifest.,2026-07-17T17:56:20.399721
lacharente,bd6t55095877b,,failed,0,0,,no_usable_pages,known,,,bd6t55095877b: no usable pages in manifest.,2026-07-17T17:56:20.511923
lacharente,bd6t55095878r,,failed,0,0,,no_usable_pages,known,,,bd6t55095878r: no usable pages in manifest.,2026-07-17T17:56:20.675006
lacharente,bd6t550958795,,failed,0,0,,no_usable_pages,known,,,bd6t550958795: no usable pages in manifest.,2026-07-17T17:56:20.764062
lacharente,bd6t55095880t,,failed,0,0,,no_usable_pages,known,,,bd6t55095880t: no usable pages in manifest.,2026-07-17T17:56:20.865145
lacharente,bd6t550958817,,failed,0,0,,no_usable_pages,known,,,bd6t550958817: no usable pages in manifest.,2026-07-17T17:56:21.031102
lacharente,bd6t55095882n,,failed,0,0,,no_usable_pages,known,,,bd6t55095882n: no usable pages in manifest.,2026-07-17T17:56:21.238037
lacharente,bd6t550958832,,failed,0,0,,no_usable_pages,known,,,bd6t550958832: no usable pages in manifest.,2026-07-17T17:56:21.892235
lacharente,bd6t55095884g,,failed,0,0,,no_usable_pages,known,,,bd6t55095884g: no usable pages in manifest.,2026-07-17T17:56:22.065095
lacharente,bd6t55095885w,,failed,0,0,,no_usable_pages,known,,,bd6t55095885w: no usable pages in manifest.,2026-07-17T17:56:22.195725
lacharente,bd6t550958869,,failed,0,0,,no_usable_pages,known,,,bd6t550958869: no usable pages in manifest.,2026-07-17T17:56:22.361132
lacharente,bd6t55095887q,,failed,0,0,,no_usable_pages,known,,,bd6t55095887q: no usable pages in manifest.,2026-07-17T17:56:22.506226
lacharente,bd6t550958884,,failed,0,0,,no_usable_pages,known,,,bd6t550958884: no usable pages in manifest.,2026-07-17T17:56:22.709172
lacharente,bd6t55095889j,,failed,0,0,,no_usable_pages,known,,,bd6t55095889j: no usable pages in manifest.,2026-07-17T17:56:22.898907
lacharente,bd6t550958906,,failed,0,0,,no_usable_pages,known,,,bd6t550958906: no usable pages in manifest.,2026-07-17T17:56:23.061910
lacharente,bd6t55095891m,,failed,0,0,,no_usable_pages,known,,,bd6t55095891m: no usable pages in manifest.,2026-07-17T17:56:23.190029
lacharente,bd6t550958921,,failed,0,0,,no_usable_pages,known,,,bd6t550958921: no usable pages in manifest.,2026-07-17T17:56:23.305429
lacharente,bd6t55095893f,,failed,0,0,,no_usable_pages,known,,,bd6t55095893f: no usable pages in manifest.,2026-07-17T17:56:23.462131
lacharente,bd6t55095894v,,failed,0,0,,no_usable_pages,known,,,bd6t55095894v: no usable pages in manifest.,2026-07-17T17:56:23.604645
lacharente,bd6t550958958,,failed,0,0,,no_usable_pages,known,,,bd6t550958958: no usable pages in manifest.,2026-07-17T17:56:23.795146
lacharente,bd6t55095896p,,failed,0,0,,no_usable_pages,known,,,bd6t55095896p: no usable pages in manifest.,2026-07-17T17:56:23.942350
lacharente,bd6t550958973,,failed,0,0,,no_usable_pages,known,,,bd6t550958973: no usable pages in manifest.,2026-07-17T17:56:24.093489
lacharente,bd6t55095898h,,failed,0,0,,no_usable_pages,known,,,bd6t55095898h: no usable pages in manifest.,2026-07-17T17:56:24.213280
lacharente,bd6t55095899x,,failed,0,0,,no_usable_pages,known,,,bd6t55095899x: no usable pages in manifest.,2026-07-17T17:56:24.334379
lacharente,bd6t550959004,,failed,0,0,,no_usable_pages,known,,,bd6t550959004: no usable pages in manifest.,2026-07-17T17:56:24.460931
lacharente,bd6t55095901j,,failed,0,0,,no_usable_pages,known,,,bd6t55095901j: no usable pages in manifest.,2026-07-17T17:56:24.562995
lacharente,bd6t55095902z,,failed,0,0,,no_usable_pages,known,,,bd6t55095902z: no usable pages in manifest.,2026-07-17T17:56:24.680330
lacharente,bd6t55095903c,,failed,0,0,,no_usable_pages,known,,,bd6t55095903c: no usable pages in manifest.,2026-07-17T17:56:24.843223
lacharente,bd6t55095904s,,failed,0,0,,no_usable_pages,known,,,bd6t55095904s: no usable pages in manifest.,2026-07-17T17:56:25.001571
lacharente,bd6t550959056,,failed,0,0,,no_usable_pages,known,,,bd6t550959056: no usable pages in manifest.,2026-07-17T17:56:25.115503
lacharente,bd6t55095906m,,failed,0,0,,no_usable_pages,known,,,bd6t55095906m: no usable pages in manifest.,2026-07-17T17:56:25.284612
lacharente,bd6t550959071,,failed,0,0,,no_usable_pages,known,,,bd6t550959071: no usable pages in manifest.,2026-07-17T17:56:25.391687
lacharente,bd6t55095908f,,failed,0,0,,no_usable_pages,known,,,bd6t55095908f: no usable pages in manifest.,2026-07-17T17:56:25.502105
lacharente,bd6t55095909v,,failed,0,0,,no_usable_pages,known,,,bd6t55095909v: no usable pages in manifest.,2026-07-17T17:56:25.640927
lacharente,bd6t55095910h,,failed,0,0,,no_usable_pages,known,,,bd6t55095910h: no usable pages in manifest.,2026-07-17T17:56:25.785542
lacharente,bd6t55095911x,,failed,0,0,,no_usable_pages,known,,,bd6t55095911x: no usable pages in manifest.,2026-07-17T17:56:26.016276
lacharente,bd6t55095912b,,failed,0,0,,no_usable_pages,known,,,bd6t55095912b: no usable pages in manifest.,2026-07-17T17:56:26.194914
lacharente,bd6t55095913r,,failed,0,0,,no_usable_pages,known,,,bd6t55095913r: no usable pages in manifest.,2026-07-17T17:56:26.286917
lacharente,bd6t550959145,,failed,0,0,,no_usable_pages,known,,,bd6t550959145: no usable pages in manifest.,2026-07-17T17:56:26.448947
lacharente,bd6t55095915k,,failed,0,0,,no_usable_pages,known,,,bd6t55095915k: no usable pages in manifest.,2026-07-17T17:56:26.554473
lacharente,bd6t550959160,,failed,0,0,,no_usable_pages,known,,,bd6t550959160: no usable pages in manifest.,2026-07-17T17:56:26.664254
lacharente,bd6t55095917d,,failed,0,0,,no_usable_pages,known,,,bd6t55095917d: no usable pages in manifest.,2026-07-17T17:56:26.806445
lacharente,bd6t55095918t,,failed,0,0,,no_usable_pages,known,,,bd6t55095918t: no usable pages in manifest.,2026-07-17T17:56:26.946137
lacharente,bd6t550959197,,failed,0,0,,no_usable_pages,known,,,bd6t550959197: no usable pages in manifest.,2026-07-17T17:56:27.615701
lacharente,bd6t55095920w,,failed,0,0,,no_usable_pages,known,,,bd6t55095920w: no usable pages in manifest.,2026-07-17T17:56:27.717994
lacharente,bd6t550959219,,failed,0,0,,no_usable_pages,known,,,bd6t550959219: no usable pages in manifest.,2026-07-17T17:56:27.831224
lacharente,bd6t55095922q,,failed,0,0,,no_usable_pages,known,,,bd6t55095922q: no usable pages in manifest.,2026-07-17T17:56:27.994852
lacharente,bd6t550959234,,failed,0,0,,no_usable_pages,known,,,bd6t550959234: no usable pages in manifest.,2026-07-17T17:56:28.134182
lacharente,bd6t55095924j,,failed,0,0,,no_usable_pages,known,,,bd6t55095924j: no usable pages in manifest.,2026-07-17T17:56:28.347533
lacharente,bd6t55095925z,,failed,0,0,,no_usable_pages,known,,,bd6t55095925z: no usable pages in manifest.,2026-07-17T17:56:28.495133
lacharente,bd6t55095926c,,failed,0,0,,no_usable_pages,known,,,bd6t55095926c: no usable pages in manifest.,2026-07-17T17:56:28.626152
lacharente,bd6t55095927s,,failed,0,0,,no_usable_pages,known,,,bd6t55095927s: no usable pages in manifest.,2026-07-17T17:56:28.739954
lacharente,bd6t550959286,,failed,0,0,,no_usable_pages,known,,,bd6t550959286: no usable pages in manifest.,2026-07-17T17:56:28.864508
lacharente,bd6t55095929m,,failed,0,0,,no_usable_pages,known,,,bd6t55095929m: no usable pages in manifest.,2026-07-17T17:56:28.990170
lacharente,bd6t550959308,,failed,0,0,,no_usable_pages,known,,,bd6t550959308: no usable pages in manifest.,2026-07-17T17:56:29.157132
lacharente,bd6t55095931p,,failed,0,0,,no_usable_pages,known,,,bd6t55095931p: no usable pages in manifest.,2026-07-17T17:56:29.399975
lacharente,bd6t550959323,,failed,0,0,,no_usable_pages,known,,,bd6t550959323: no usable pages in manifest.,2026-07-17T17:56:29.536957
lacharente,bd6t55095933h,,failed,0,0,,no_usable_pages,known,,,bd6t55095933h: no usable pages in manifest.,2026-07-17T17:56:29.661487
lacharente,bd6t55095934x,,failed,0,0,,no_usable_pages,known,,,bd6t55095934x: no usable pages in manifest.,2026-07-17T17:56:29.760660
lacharente,bd6t55095935b,,failed,0,0,,no_usable_pages,known,,,bd6t55095935b: no usable pages in manifest.,2026-07-17T17:56:29.915508
lacharente,bd6t55095936r,,failed,0,0,,no_usable_pages,known,,,bd6t55095936r: no usable pages in manifest.,2026-07-17T17:56:30.054232
lacharente,bd6t550959375,,failed,0,0,,no_usable_pages,known,,,bd6t550959375: no usable pages in manifest.,2026-07-17T17:56:30.187129
lacharente,bd6t55095938k,,failed,0,0,,no_usable_pages,known,,,bd6t55095938k: no usable pages in manifest.,2026-07-17T17:56:30.353674
lacharente,bd6t550959390,,failed,0,0,,no_usable_pages,known,,,bd6t550959390: no usable pages in manifest.,2026-07-17T17:56:30.506556
lacharente,bd6t55095940n,,failed,0,0,,no_usable_pages,known,,,bd6t55095940n: no usable pages in manifest.,2026-07-17T17:56:30.650599
lacharente,bd6t550959412,,failed,0,0,,no_usable_pages,known,,,bd6t550959412: no usable pages in manifest.,2026-07-17T17:56:30.766697
lacharente,bd6t55095942g,,failed,0,0,,no_usable_pages,known,,,bd6t55095942g: no usable pages in manifest.,2026-07-17T17:56:30.895513
lacharente,bd6t55095943w,,failed,0,0,,no_usable_pages,known,,,bd6t55095943w: no usable pages in manifest.,2026-07-17T17:56:31.016828
lacharente,bd6t550959449,,failed,0,0,,no_usable_pages,known,,,bd6t550959449: no usable pages in manifest.,2026-07-17T17:56:31.138418
lacharente,bd6t55095945q,,failed,0,0,,no_usable_pages,known,,,bd6t55095945q: no usable pages in manifest.,2026-07-17T17:56:31.269196
lacharente,bd6t550959464,,failed,0,0,,no_usable_pages,known,,,bd6t550959464: no usable pages in manifest.,2026-07-17T17:56:31.502442
lacharente,bd6t55095947j,,failed,0,0,,no_usable_pages,known,,,bd6t55095947j: no usable pages in manifest.,2026-07-17T17:56:31.629271
lacharente,bd6t55095948z,,failed,0,0,,no_usable_pages,known,,,bd6t55095948z: no usable pages in manifest.,2026-07-17T17:56:31.850732
lacharente,bd6t55095949c,,failed,0,0,,no_usable_pages,known,,,bd6t55095949c: no usable pages in manifest.,2026-07-17T17:56:31.950604
lacharente,bd6t550959501,,failed,0,0,,no_usable_pages,known,,,bd6t550959501: no usable pages in manifest.,2026-07-17T17:56:32.073445
lacharente,bd6t55095951f,,failed,0,0,,no_usable_pages,known,,,bd6t55095951f: no usable pages in manifest.,2026-07-17T17:56:32.206906
lacharente,bd6t55095952v,,failed,0,0,,no_usable_pages,known,,,bd6t55095952v: no usable pages in manifest.,2026-07-17T17:56:32.317675
lacharente,bd6t550959538,,failed,0,0,,no_usable_pages,known,,,bd6t550959538: no usable pages in manifest.,2026-07-17T17:56:32.515720
lacharente,bd6t55095954p,,failed,0,0,,no_usable_pages,known,,,bd6t55095954p: no usable pages in manifest.,2026-07-17T17:56:32.705512
lacharente,bd6t550959553,,failed,0,0,,no_usable_pages,known,,,bd6t550959553: no usable pages in manifest.,2026-07-17T17:56:32.934562
lacharente,bd6t55095956h,,failed,0,0,,no_usable_pages,known,,,bd6t55095956h: no usable pages in manifest.,2026-07-17T17:56:33.340706
lacharente,bd6t55095957x,,failed,0,0,,no_usable_pages,known,,,bd6t55095957x: no usable pages in manifest.,2026-07-17T17:56:33.615530
lacharente,bd6t55095958b,,failed,0,0,,no_usable_pages,known,,,bd6t55095958b: no usable pages in manifest.,2026-07-17T17:56:33.744876
lacharente,bd6t55095959r,,failed,0,0,,no_usable_pages,known,,,bd6t55095959r: no usable pages in manifest.,2026-07-17T17:56:33.918921
lacharente,bd6t55095960d,,failed,0,0,,no_usable_pages,known,,,bd6t55095960d: no usable pages in manifest.,2026-07-17T17:56:34.057305
lacharente,bd6t55095961t,,failed,0,0,,no_usable_pages,known,,,bd6t55095961t: no usable pages in manifest.,2026-07-17T17:56:34.228215
lacharente,bd6t550959627,,failed,0,0,,no_usable_pages,known,,,bd6t550959627: no usable pages in manifest.,2026-07-17T17:56:34.370208
lacharente,bd6t55095963n,,failed,0,0,,no_usable_pages,known,,,bd6t55095963n: no usable pages in manifest.,2026-07-17T17:56:34.496997
lacharente,bd6t550959642,,failed,0,0,,no_usable_pages,known,,,bd6t550959642: no usable pages in manifest.,2026-07-17T17:56:34.703449
lacharente,bd6t55095965g,,failed,0,0,,no_usable_pages,known,,,bd6t55095965g: no usable pages in manifest.,2026-07-17T17:56:34.839902
lacharente,bd6t55095966w,,failed,0,0,,no_usable_pages,known,,,bd6t55095966w: no usable pages in manifest.,2026-07-17T17:56:34.962240
lacharente,bd6t550959679,,failed,0,0,,no_usable_pages,known,,,bd6t550959679: no usable pages in manifest.,2026-07-17T17:56:35.076477
lacharente,bd6t55095968q,,failed,0,0,,no_usable_pages,known,,,bd6t55095968q: no usable pages in manifest.,2026-07-17T17:56:35.196997
lacharente,bd6t550959694,,failed,0,0,,no_usable_pages,known,,,bd6t550959694: no usable pages in manifest.,2026-07-17T17:56:35.331662
lacharente,bd6t55095970s,,failed,0,0,,no_usable_pages,known,,,bd6t55095970s: no usable pages in manifest.,2026-07-17T17:56:35.492371
lacharente,bd6t550959716,,failed,0,0,,no_usable_pages,known,,,bd6t550959716: no usable pages in manifest.,2026-07-17T17:56:35.742762
lacharente,bd6t55095972m,,failed,0,0,,no_usable_pages,known,,,bd6t55095972m: no usable pages in manifest.,2026-07-17T17:56:35.911181
lacharente,bd6t550959731,,failed,0,0,,no_usable_pages,known,,,bd6t550959731: no usable pages in manifest.,2026-07-17T17:56:36.032511
lacharente,bd6t55095974f,,failed,0,0,,no_usable_pages,known,,,bd6t55095974f: no usable pages in manifest.,2026-07-17T17:56:36.224622
lacharente,bd6t55095975v,,failed,0,0,,no_usable_pages,known,,,bd6t55095975v: no usable pages in manifest.,2026-07-17T17:56:36.331954
lacharente,bd6t550959768,,failed,0,0,,no_usable_pages,known,,,bd6t550959768: no usable pages in manifest.,2026-07-17T17:56:36.440480
lacharente,bd6t55095977p,,failed,0,0,,no_usable_pages,known,,,bd6t55095977p: no usable pages in manifest.,2026-07-17T17:56:36.594835
lacharente,bd6t550959783,,failed,0,0,,no_usable_pages,known,,,bd6t550959783: no usable pages in manifest.,2026-07-17T17:56:36.785831
lacharente,bd6t55095979h,,failed,0,0,,no_usable_pages,known,,,bd6t55095979h: no usable pages in manifest.,2026-07-17T17:56:36.961869
lacharente,bd6t550959805,,failed,0,0,,no_usable_pages,known,,,bd6t550959805: no usable pages in manifest.,2026-07-17T17:56:37.084667
lacharente,bd6t55095981k,,failed,0,0,,no_usable_pages,known,,,bd6t55095981k: no usable pages in manifest.,2026-07-17T17:56:37.215065
lacharente,bd6t550959820,,failed,0,0,,no_usable_pages,known,,,bd6t550959820: no usable pages in manifest.,2026-07-17T17:56:37.342005
lacharente,bd6t55095983d,,failed,0,0,,no_usable_pages,known,,,bd6t55095983d: no usable pages in manifest.,2026-07-17T17:56:37.474651
lacharente,bd6t55095984t,,failed,0,0,,no_usable_pages,known,,,bd6t55095984t: no usable pages in manifest.,2026-07-17T17:56:37.634484
lacharente,bd6t550959857,,failed,0,0,,no_usable_pages,known,,,bd6t550959857: no usable pages in manifest.,2026-07-17T17:56:37.822589
lacharente,bd6t55095986n,,failed,0,0,,no_usable_pages,known,,,bd6t55095986n: no usable pages in manifest.,2026-07-17T17:56:37.982974
lacharente,bd6t550959872,,failed,0,0,,no_usable_pages,known,,,bd6t550959872: no usable pages in manifest.,2026-07-17T17:56:38.106699
lacharente,bd6t55095988g,,failed,0,0,,no_usable_pages,known,,,bd6t55095988g: no usable pages in manifest.,2026-07-17T17:56:38.287615
lacharente,bd6t55095989w,,failed,0,0,,no_usable_pages,known,,,bd6t55095989w: no usable pages in manifest.,2026-07-17T17:56:38.417049
lacharente,bd6t55095990j,,failed,0,0,,no_usable_pages,known,,,bd6t55095990j: no usable pages in manifest.,2026-07-17T17:56:38.589707
lacharente,bd6t55095991z,,failed,0,0,,no_usable_pages,known,,,bd6t55095991z: no usable pages in manifest.,2026-07-17T17:56:38.721311
lacharente,bd6t55095992c,,failed,0,0,,no_usable_pages,known,,,bd6t55095992c: no usable pages in manifest.,2026-07-17T17:56:38.950425
lacharente,bd6t55095993s,,failed,0,0,,no_usable_pages,known,,,bd6t55095993s: no usable pages in manifest.,2026-07-17T17:56:39.494573
lacharente,bd6t550959946,,failed,0,0,,no_usable_pages,known,,,bd6t550959946: no usable pages in manifest.,2026-07-17T17:56:39.667194
lacharente,bd6t55095995m,,failed,0,0,,no_usable_pages,known,,,bd6t55095995m: no usable pages in manifest.,2026-07-17T17:56:39.811220
lacharente,bd6t550959961,,failed,0,0,,no_usable_pages,known,,,bd6t550959961: no usable pages in manifest.,2026-07-17T17:56:39.990755
lacharente,bd6t55095997f,,failed,0,0,,no_usable_pages,known,,,bd6t55095997f: no usable pages in manifest.,2026-07-17T17:56:40.146854
lacharente,bd6t55095998v,,failed,0,0,,no_usable_pages,known,,,bd6t55095998v: no usable pages in manifest.,2026-07-17T17:56:40.290856
lacharente,bd6t550959998,,failed,0,0,,no_usable_pages,known,,,bd6t550959998: no usable pages in manifest.,2026-07-17T17:56:40.402247
lacharente,bd6t55096000b,,failed,0,0,,no_usable_pages,known,,,bd6t55096000b: no usable pages in manifest.,2026-07-17T17:56:40.544108
lacharente,bd6t55096001r,,failed,0,0,,no_usable_pages,known,,,bd6t55096001r: no usable pages in manifest.,2026-07-17T17:56:40.672928
lacharente,bd6t550960025,,failed,0,0,,no_usable_pages,known,,,bd6t550960025: no usable pages in manifest.,2026-07-17T17:56:40.781325
lacharente,bd6t55096003k,,failed,0,0,,no_usable_pages,known,,,bd6t55096003k: no usable pages in manifest.,2026-07-17T17:56:40.888334
lacharente,bd6t550960040,,failed,0,0,,no_usable_pages,known,,,bd6t550960040: no usable pages in manifest.,2026-07-17T17:56:41.075888
lacharente,bd6t55096006t,,failed,0,0,,no_usable_pages,known,,,bd6t55096006t: no usable pages in manifest.,2026-07-17T17:56:41.232169
lacharente,bd6t550960077,,failed,0,0,,no_usable_pages,known,,,bd6t550960077: no usable pages in manifest.,2026-07-17T17:56:41.388226
lacharente,bd6t55096008n,,failed,0,0,,no_usable_pages,known,,,bd6t55096008n: no usable pages in manifest.,2026-07-17T17:56:41.522988
lacharente,bd6t550960092,,failed,0,0,,no_usable_pages,known,,,bd6t550960092: no usable pages in manifest.,2026-07-17T17:56:41.657739
lacharente,bd6t55096010q,,failed,0,0,,no_usable_pages,known,,,bd6t55096010q: no usable pages in manifest.,2026-07-17T17:56:41.811892
lacharente,bd6t550960114,,failed,0,0,,no_usable_pages,known,,,bd6t550960114: no usable pages in manifest.,2026-07-17T17:56:41.991162
lacharente,bd6t55096012j,,failed,0,0,,no_usable_pages,known,,,bd6t55096012j: no usable pages in manifest.,2026-07-17T17:56:42.222559
lacharente,bd6t55096013z,,failed,0,0,,no_usable_pages,known,,,bd6t55096013z: no usable pages in manifest.,2026-07-17T17:56:42.483284
lacharente,bd6t55096014c,,failed,0,0,,no_usable_pages,known,,,bd6t55096014c: no usable pages in manifest.,2026-07-17T17:56:42.610339
lacharente,bd6t55096015s,,failed,0,0,,no_usable_pages,known,,,bd6t55096015s: no usable pages in manifest.,2026-07-17T17:56:42.748946
lacharente,bd6t550960166,,failed,0,0,,no_usable_pages,known,,,bd6t550960166: no usable pages in manifest.,2026-07-17T17:56:42.894092
lacharente,bd6t55096017m,,failed,0,0,,no_usable_pages,known,,,bd6t55096017m: no usable pages in manifest.,2026-07-17T17:56:43.033276
lacharente,bd6t550960181,,failed,0,0,,no_usable_pages,known,,,bd6t550960181: no usable pages in manifest.,2026-07-17T17:56:43.328231
lacharente,bd6t55096019f,,failed,0,0,,no_usable_pages,known,,,bd6t55096019f: no usable pages in manifest.,2026-07-17T17:56:43.509945
lacharente,bd6t550960203,,failed,0,0,,no_usable_pages,known,,,bd6t550960203: no usable pages in manifest.,2026-07-17T17:56:43.637303
lacharente,bd6t55096021h,,failed,0,0,,no_usable_pages,known,,,bd6t55096021h: no usable pages in manifest.,2026-07-17T17:56:43.779369
lacharente,bd6t55096022x,,failed,0,0,,no_usable_pages,known,,,bd6t55096022x: no usable pages in manifest.,2026-07-17T17:56:43.969965
lacharente,bd6t55096023b,,failed,0,0,,no_usable_pages,known,,,bd6t55096023b: no usable pages in manifest.,2026-07-17T17:56:44.099576
lacharente,bd6t55096024r,,failed,0,0,,no_usable_pages,known,,,bd6t55096024r: no usable pages in manifest.,2026-07-17T17:56:44.338010
lacharente,bd6t550960255,,failed,0,0,,no_usable_pages,known,,,bd6t550960255: no usable pages in manifest.,2026-07-17T17:56:44.523944
lacharente,bd6t55096026k,,failed,0,0,,no_usable_pages,known,,,bd6t55096026k: no usable pages in manifest.,2026-07-17T17:56:44.678458
lacharente,bd6t550960270,,failed,0,0,,no_usable_pages,known,,,bd6t550960270: no usable pages in manifest.,2026-07-17T17:56:44.787150
lacharente,bd6t55096028d,,failed,0,0,,no_usable_pages,known,,,bd6t55096028d: no usable pages in manifest.,2026-07-17T17:56:44.940011
lacharente,bd6t55096029t,,failed,0,0,,no_usable_pages,known,,,bd6t55096029t: no usable pages in manifest.,2026-07-17T17:56:45.056135
lacharente,bd6t55096030g,,failed,0,0,,no_usable_pages,known,,,bd6t55096030g: no usable pages in manifest.,2026-07-17T17:56:45.322863
lacharente,bd6t55096031w,,failed,0,0,,no_usable_pages,known,,,bd6t55096031w: no usable pages in manifest.,2026-07-17T17:56:45.452842
lacharente,bd6t550960329,,failed,0,0,,no_usable_pages,known,,,bd6t550960329: no usable pages in manifest.,2026-07-17T17:56:45.625028
lacharente,bd6t55096033q,,failed,0,0,,no_usable_pages,known,,,bd6t55096033q: no usable pages in manifest.,2026-07-17T17:56:45.762851
lacharente,bd6t550960344,,failed,0,0,,no_usable_pages,known,,,bd6t550960344: no usable pages in manifest.,2026-07-17T17:56:45.906466
lacharente,bd6t55096035j,,failed,0,0,,no_usable_pages,known,,,bd6t55096035j: no usable pages in manifest.,2026-07-17T17:56:46.076642
lacharente,bd6t55096005d,,failed,0,0,,no_usable_pages,known,,,bd6t55096005d: no usable pages in manifest.,2026-07-17T17:56:46.181564
lacharente,bd6t55096036z,,failed,0,0,,no_usable_pages,known,,,bd6t55096036z: no usable pages in manifest.,2026-07-17T17:56:46.403224
lacharente,bd6t55096037c,,failed,0,0,,no_usable_pages,known,,,bd6t55096037c: no usable pages in manifest.,2026-07-17T17:56:46.523972
lacharente,bd6t55096038s,,failed,0,0,,no_usable_pages,known,,,bd6t55096038s: no usable pages in manifest.,2026-07-17T17:56:46.711557
lacharente,bd6t550960396,,failed,0,0,,no_usable_pages,known,,,bd6t550960396: no usable pages in manifest.,2026-07-17T17:56:46.851063
lacharente,bd6t55096040v,,failed,0,0,,no_usable_pages,known,,,bd6t55096040v: no usable pages in manifest.,2026-07-17T17:56:46.951618
lacharente,bd6t550960418,,failed,0,0,,no_usable_pages,known,,,bd6t550960418: no usable pages in manifest.,2026-07-17T17:56:47.055988
lacharente,bd6t55096042p,,failed,0,0,,no_usable_pages,known,,,bd6t55096042p: no usable pages in manifest.,2026-07-17T17:56:47.207248
lacharente,bd6t550960433,,failed,0,0,,no_usable_pages,known,,,bd6t550960433: no usable pages in manifest.,2026-07-17T17:56:47.324001
lacharente,bd6t55096044h,,failed,0,0,,no_usable_pages,known,,,bd6t55096044h: no usable pages in manifest.,2026-07-17T17:56:47.527174
lacharente,bd6t55096045x,,failed,0,0,,no_usable_pages,known,,,bd6t55096045x: no usable pages in manifest.,2026-07-17T17:56:47.715544
lacharente,bd6t55096046b,,failed,0,0,,no_usable_pages,known,,,bd6t55096046b: no usable pages in manifest.,2026-07-17T17:56:47.798442
lacharente,bd6t55096047r,,failed,0,0,,no_usable_pages,known,,,bd6t55096047r: no usable pages in manifest.,2026-07-17T17:56:47.939035
lacharente,bd6t550960485,,failed,0,0,,no_usable_pages,known,,,bd6t550960485: no usable pages in manifest.,2026-07-17T17:56:48.071890
lacharente,bd6t55096049k,,failed,0,0,,no_usable_pages,known,,,bd6t55096049k: no usable pages in manifest.,2026-07-17T17:56:48.190146
lacharente,bd6t550960507,,failed,0,0,,no_usable_pages,known,,,bd6t550960507: no usable pages in manifest.,2026-07-17T17:56:48.341998
lacharente,bd6t55096051n,,failed,0,0,,no_usable_pages,known,,,bd6t55096051n: no usable pages in manifest.,2026-07-17T17:56:48.554532
lacharente,bd6t550960522,,failed,0,0,,no_usable_pages,known,,,bd6t550960522: no usable pages in manifest.,2026-07-17T17:56:48.682191
lacharente,bd6t55096053g,,failed,0,0,,no_usable_pages,known,,,bd6t55096053g: no usable pages in manifest.,2026-07-17T17:56:48.888364
lacharente,bd6t55096054w,,failed,0,0,,no_usable_pages,known,,,bd6t55096054w: no usable pages in manifest.,2026-07-17T17:56:49.041626
lacharente,bd6t550960559,,failed,0,0,,no_usable_pages,known,,,bd6t550960559: no usable pages in manifest.,2026-07-17T17:56:49.179511
lacharente,bd6t55096056q,,failed,0,0,,no_usable_pages,known,,,bd6t55096056q: no usable pages in manifest.,2026-07-17T17:56:49.336807
lacharente,bd6t550960574,,failed,0,0,,no_usable_pages,known,,,bd6t550960574: no usable pages in manifest.,2026-07-17T17:56:49.471581
lacharente,bd6t55096058j,,failed,0,0,,no_usable_pages,known,,,bd6t55096058j: no usable pages in manifest.,2026-07-17T17:56:49.646472
lacharente,bd6t55096059z,,failed,0,0,,no_usable_pages,known,,,bd6t55096059z: no usable pages in manifest.,2026-07-17T17:56:49.800342
lacharente,bd6t55096060m,,failed,0,0,,no_usable_pages,known,,,bd6t55096060m: no usable pages in manifest.,2026-07-17T17:56:49.946736
lacharente,bd6t550960611,,failed,0,0,,no_usable_pages,known,,,bd6t550960611: no usable pages in manifest.,2026-07-17T17:56:50.068264
lacharente,bd6t55096062f,,failed,0,0,,no_usable_pages,known,,,bd6t55096062f: no usable pages in manifest.,2026-07-17T17:56:50.229294
lacharente,bd6t55096063v,,failed,0,0,,no_usable_pages,known,,,bd6t55096063v: no usable pages in manifest.,2026-07-17T17:56:50.338255
lacharente,bd6t550960648,,failed,0,0,,no_usable_pages,known,,,bd6t550960648: no usable pages in manifest.,2026-07-17T17:56:50.493476
lacharente,bd6t55096065p,,failed,0,0,,no_usable_pages,known,,,bd6t55096065p: no usable pages in manifest.,2026-07-17T17:56:50.684265
lacharente,bd6t550960663,,failed,0,0,,no_usable_pages,known,,,bd6t550960663: no usable pages in manifest.,2026-07-17T17:56:50.807313
lacharente,bd6t55096067h,,failed,0,0,,no_usable_pages,known,,,bd6t55096067h: no usable pages in manifest.,2026-07-17T17:56:50.952232
lacharente,bd6t55096068x,,failed,0,0,,no_usable_pages,known,,,bd6t55096068x: no usable pages in manifest.,2026-07-17T17:56:51.044326
lacharente,bd6t55096069b,,failed,0,0,,no_usable_pages,known,,,bd6t55096069b: no usable pages in manifest.,2026-07-17T17:56:51.156086
lacharente,bd6t550960700,,failed,0,0,,no_usable_pages,known,,,bd6t550960700: no usable pages in manifest.,2026-07-17T17:56:51.281346
lacharente,bd6t55096071d,,failed,0,0,,no_usable_pages,known,,,bd6t55096071d: no usable pages in manifest.,2026-07-17T17:56:51.391722
lacharente,bd6t55096072t,,failed,0,0,,no_usable_pages,known,,,bd6t55096072t: no usable pages in manifest.,2026-07-17T17:56:51.491053
lacharente,bd6t550960737,,failed,0,0,,no_usable_pages,known,,,bd6t550960737: no usable pages in manifest.,2026-07-17T17:56:51.632372
lacharente,bd6t55096074n,,failed,0,0,,no_usable_pages,known,,,bd6t55096074n: no usable pages in manifest.,2026-07-17T17:56:51.794267
lacharente,bd6t550960752,,failed,0,0,,no_usable_pages,known,,,bd6t550960752: no usable pages in manifest.,2026-07-17T17:56:51.948474
lacharente,bd6t55096076g,,failed,0,0,,no_usable_pages,known,,,bd6t55096076g: no usable pages in manifest.,2026-07-17T17:56:52.090395
lacharente,bd6t55096077w,,failed,0,0,,no_usable_pages,known,,,bd6t55096077w: no usable pages in manifest.,2026-07-17T17:56:52.288638
lacharente,bd6t550960789,,failed,0,0,,no_usable_pages,known,,,bd6t550960789: no usable pages in manifest.,2026-07-17T17:56:52.437503
lacharente,bd6t55096079q,,failed,0,0,,no_usable_pages,known,,,bd6t55096079q: no usable pages in manifest.,2026-07-17T17:56:52.595726
lacharente,bd6t55096080c,,failed,0,0,,no_usable_pages,known,,,bd6t55096080c: no usable pages in manifest.,2026-07-17T17:56:52.824461
lacharente,bd6t55096081s,,failed,0,0,,no_usable_pages,known,,,bd6t55096081s: no usable pages in manifest.,2026-07-17T17:56:52.954904
lacharente,bd6t550960826,,failed,0,0,,no_usable_pages,known,,,bd6t550960826: no usable pages in manifest.,2026-07-17T17:56:53.109844
lacharente,bd6t55096083m,,failed,0,0,,no_usable_pages,known,,,bd6t55096083m: no usable pages in manifest.,2026-07-17T17:56:53.243423
lacharente,bd6t550960841,,failed,0,0,,no_usable_pages,known,,,bd6t550960841: no usable pages in manifest.,2026-07-17T17:56:53.387491
lacharente,bd6t55096085f,,failed,0,0,,no_usable_pages,known,,,bd6t55096085f: no usable pages in manifest.,2026-07-17T17:56:53.503168
lacharente,bd6t55096086v,,failed,0,0,,no_usable_pages,known,,,bd6t55096086v: no usable pages in manifest.,2026-07-17T17:56:53.648562
lacharente,bd6t550960878,,failed,0,0,,no_usable_pages,known,,,bd6t550960878: no usable pages in manifest.,2026-07-17T17:56:53.836081
lacharente,bd6t55096088p,,failed,0,0,,no_usable_pages,known,,,bd6t55096088p: no usable pages in manifest.,2026-07-17T17:56:53.967865
lacharente,bd6t550960893,,failed,0,0,,no_usable_pages,known,,,bd6t550960893: no usable pages in manifest.,2026-07-17T17:56:54.162536
lacharente,bd6t55096090r,,failed,0,0,,no_usable_pages,known,,,bd6t55096090r: no usable pages in manifest.,2026-07-17T17:56:54.332368
lacharente,bd6t550960915,,failed,0,0,,no_usable_pages,known,,,bd6t550960915: no usable pages in manifest.,2026-07-17T17:56:54.470468
lacharente,bd6t55096092k,,failed,0,0,,no_usable_pages,known,,,bd6t55096092k: no usable pages in manifest.,2026-07-17T17:56:54.612560
lacharente,bd6t550960930,,failed,0,0,,no_usable_pages,known,,,bd6t550960930: no usable pages in manifest.,2026-07-17T17:56:54.869561
lacharente,bd6t55096094d,,failed,0,0,,no_usable_pages,known,,,bd6t55096094d: no usable pages in manifest.,2026-07-17T17:56:55.098966
lacharente,bd6t55096095t,,failed,0,0,,no_usable_pages,known,,,bd6t55096095t: no usable pages in manifest.,2026-07-17T17:56:55.290074
lacharente,bd6t550960967,,failed,0,0,,no_usable_pages,known,,,bd6t550960967: no usable pages in manifest.,2026-07-17T17:56:55.421994
lacharente,bd6t55096097n,,failed,0,0,,no_usable_pages,known,,,bd6t55096097n: no usable pages in manifest.,2026-07-17T17:56:55.541771
lacharente,bd6t550960982,,failed,0,0,,no_usable_pages,known,,,bd6t550960982: no usable pages in manifest.,2026-07-17T17:56:55.688023
lacharente,bd6t55096099g,,failed,0,0,,no_usable_pages,known,,,bd6t55096099g: no usable pages in manifest.,2026-07-17T17:56:55.798710
lacharente,bd6t55096100p,,failed,0,0,,no_usable_pages,known,,,bd6t55096100p: no usable pages in manifest.,2026-07-17T17:56:55.977374
lacharente,bd6t550961013,,failed,0,0,,no_usable_pages,known,,,bd6t550961013: no usable pages in manifest.,2026-07-17T17:56:56.133322
lacharente,bd6t55096102h,,failed,0,0,,no_usable_pages,known,,,bd6t55096102h: no usable pages in manifest.,2026-07-17T17:56:56.270622
lacharente,bd6t55096103x,,failed,0,0,,no_usable_pages,known,,,bd6t55096103x: no usable pages in manifest.,2026-07-17T17:56:56.454920
lacharente,bd6t55096104b,,failed,0,0,,no_usable_pages,known,,,bd6t55096104b: no usable pages in manifest.,2026-07-17T17:56:56.571875
lacharente,bd6t55096105r,,failed,0,0,,no_usable_pages,known,,,bd6t55096105r: no usable pages in manifest.,2026-07-17T17:56:56.712281
lacharente,bd6t550961065,,failed,0,0,,no_usable_pages,known,,,bd6t550961065: no usable pages in manifest.,2026-07-17T17:56:56.843281
lacharente,bd6t55096107k,,failed,0,0,,no_usable_pages,known,,,bd6t55096107k: no usable pages in manifest.,2026-07-17T17:56:56.973460
lacharente,bd6t550961080,,failed,0,0,,no_usable_pages,known,,,bd6t550961080: no usable pages in manifest.,2026-07-17T17:56:57.135644
lacharente,bd6t55096109d,,failed,0,0,,no_usable_pages,known,,,bd6t55096109d: no usable pages in manifest.,2026-07-17T17:56:57.315607
lacharente,bd6t550961102,,failed,0,0,,no_usable_pages,known,,,bd6t550961102: no usable pages in manifest.,2026-07-17T17:56:57.467856
lacharente,bd6t55096111g,,failed,0,0,,no_usable_pages,known,,,bd6t55096111g: no usable pages in manifest.,2026-07-17T17:56:57.589681
lacharente,bd6t55096112w,,failed,0,0,,no_usable_pages,known,,,bd6t55096112w: no usable pages in manifest.,2026-07-17T17:56:57.740218
lacharente,bd6t550961139,,failed,0,0,,no_usable_pages,known,,,bd6t550961139: no usable pages in manifest.,2026-07-17T17:56:57.877749
lacharente,bd6t55096114q,,failed,0,0,,no_usable_pages,known,,,bd6t55096114q: no usable pages in manifest.,2026-07-17T17:56:58.169842
lacharente,bd6t550961154,,failed,0,0,,no_usable_pages,known,,,bd6t550961154: no usable pages in manifest.,2026-07-17T17:56:58.347113
lacharente,bd6t55096116j,,failed,0,0,,no_usable_pages,known,,,bd6t55096116j: no usable pages in manifest.,2026-07-17T17:56:58.639209
lacharente,bd6t55096117z,,failed,0,0,,no_usable_pages,known,,,bd6t55096117z: no usable pages in manifest.,2026-07-17T17:56:58.861352
lacharente,bd6t55096118c,,failed,0,0,,no_usable_pages,known,,,bd6t55096118c: no usable pages in manifest.,2026-07-17T17:56:58.968351
lacharente,bd6t55096119s,,failed,0,0,,no_usable_pages,known,,,bd6t55096119s: no usable pages in manifest.,2026-07-17T17:56:59.117673
lacharente,bd6t55096120f,,failed,0,0,,no_usable_pages,known,,,bd6t55096120f: no usable pages in manifest.,2026-07-17T17:56:59.250762
lacharente,bd6t55096121v,,failed,0,0,,no_usable_pages,known,,,bd6t55096121v: no usable pages in manifest.,2026-07-17T17:56:59.397037
lacharente,bd6t550961228,,failed,0,0,,no_usable_pages,known,,,bd6t550961228: no usable pages in manifest.,2026-07-17T17:56:59.504862
lacharente,bd6t55096123p,,failed,0,0,,no_usable_pages,known,,,bd6t55096123p: no usable pages in manifest.,2026-07-17T17:56:59.631591
lacharente,bd6t550961243,,failed,0,0,,no_usable_pages,known,,,bd6t550961243: no usable pages in manifest.,2026-07-17T17:56:59.748920
lacharente,bd6t55096125h,,failed,0,0,,no_usable_pages,known,,,bd6t55096125h: no usable pages in manifest.,2026-07-17T17:56:59.865944
lacharente,bd6t55096126x,,failed,0,0,,no_usable_pages,known,,,bd6t55096126x: no usable pages in manifest.,2026-07-17T17:57:00.033389
lacharente,bd6t55096127b,,failed,0,0,,no_usable_pages,known,,,bd6t55096127b: no usable pages in manifest.,2026-07-17T17:57:00.190826
lacharente,bd6t55096128r,,failed,0,0,,no_usable_pages,known,,,bd6t55096128r: no usable pages in manifest.,2026-07-17T17:57:00.305572
lacharente,bd6t550961295,,failed,0,0,,no_usable_pages,known,,,bd6t550961295: no usable pages in manifest.,2026-07-17T17:57:00.513439
lacharente,bd6t55096130t,,failed,0,0,,no_usable_pages,known,,,bd6t55096130t: no usable pages in manifest.,2026-07-17T17:57:00.715714
lacharente,bd6t550961317,,failed,0,0,,no_usable_pages,known,,,bd6t550961317: no usable pages in manifest.,2026-07-17T17:57:00.852389
lacharente,bd6t55096132n,,failed,0,0,,no_usable_pages,known,,,bd6t55096132n: no usable pages in manifest.,2026-07-17T17:57:00.986570
lacharente,bd6t550961332,,failed,0,0,,no_usable_pages,known,,,bd6t550961332: no usable pages in manifest.,2026-07-17T17:57:01.095685
lacharente,bd6t55096134g,,failed,0,0,,no_usable_pages,known,,,bd6t55096134g: no usable pages in manifest.,2026-07-17T17:57:01.242727
lacharente,bd6t55096135w,,failed,0,0,,no_usable_pages,known,,,bd6t55096135w: no usable pages in manifest.,2026-07-17T17:57:01.412356
lacharente,bd6t550961369,,failed,0,0,,no_usable_pages,known,,,bd6t550961369: no usable pages in manifest.,2026-07-17T17:57:01.552363
lacharente,bd6t55096137q,,failed,0,0,,no_usable_pages,known,,,bd6t55096137q: no usable pages in manifest.,2026-07-17T17:57:01.743128
lacharente,bd6t550961384,,failed,0,0,,no_usable_pages,known,,,bd6t550961384: no usable pages in manifest.,2026-07-17T17:57:01.877257
lacharente,bd6t55096139j,,failed,0,0,,no_usable_pages,known,,,bd6t55096139j: no usable pages in manifest.,2026-07-17T17:57:02.121269
lacharente,bd6t550961406,,failed,0,0,,no_usable_pages,known,,,bd6t550961406: no usable pages in manifest.,2026-07-17T17:57:02.324725
lacharente,bd6t55096141m,,failed,0,0,,no_usable_pages,known,,,bd6t55096141m: no usable pages in manifest.,2026-07-17T17:57:02.462868
lacharente,bd6t550961421,,failed,0,0,,no_usable_pages,known,,,bd6t550961421: no usable pages in manifest.,2026-07-17T17:57:02.627338
lacharente,bd6t55096143f,,failed,0,0,,no_usable_pages,known,,,bd6t55096143f: no usable pages in manifest.,2026-07-17T17:57:02.789171
lacharente,bd6t55096144v,,failed,0,0,,no_usable_pages,known,,,bd6t55096144v: no usable pages in manifest.,2026-07-17T17:57:02.896487
lacharente,bd6t550961458,,failed,0,0,,no_usable_pages,known,,,bd6t550961458: no usable pages in manifest.,2026-07-17T17:57:02.999472
lacharente,bd6t55096146p,,failed,0,0,,no_usable_pages,known,,,bd6t55096146p: no usable pages in manifest.,2026-07-17T17:57:03.135634
lacharente,bd6t550961473,,failed,0,0,,no_usable_pages,known,,,bd6t550961473: no usable pages in manifest.,2026-07-17T17:57:03.288445
lacharente,bd6t55096148h,,failed,0,0,,no_usable_pages,known,,,bd6t55096148h: no usable pages in manifest.,2026-07-17T17:57:03.414378
lacharente,bd6t55096149x,,failed,0,0,,no_usable_pages,known,,,bd6t55096149x: no usable pages in manifest.,2026-07-17T17:57:03.541518
lacharente,bd6t55096150k,,failed,0,0,,no_usable_pages,known,,,bd6t55096150k: no usable pages in manifest.,2026-07-17T17:57:03.669364
lacharente,bd6t550961510,,failed,0,0,,no_usable_pages,known,,,bd6t550961510: no usable pages in manifest.,2026-07-17T17:57:03.781357
lacharente,bd6t55096152d,,failed,0,0,,no_usable_pages,known,,,bd6t55096152d: no usable pages in manifest.,2026-07-17T17:57:04.012940
lacharente,bd6t55096153t,,failed,0,0,,no_usable_pages,known,,,bd6t55096153t: no usable pages in manifest.,2026-07-17T17:57:04.155070
lacharente,bd6t550961547,,failed,0,0,,no_usable_pages,known,,,bd6t550961547: no usable pages in manifest.,2026-07-17T17:57:04.292592
lacharente,bd6t55096155n,,failed,0,0,,no_usable_pages,known,,,bd6t55096155n: no usable pages in manifest.,2026-07-17T17:57:04.449034
lacharente,bd6t550961562,,failed,0,0,,no_usable_pages,known,,,bd6t550961562: no usable pages in manifest.,2026-07-17T17:57:04.616891
lacharente,bd6t55096157g,,failed,0,0,,no_usable_pages,known,,,bd6t55096157g: no usable pages in manifest.,2026-07-17T17:57:04.763020
lacharente,bd6t55096158w,,failed,0,0,,no_usable_pages,known,,,bd6t55096158w: no usable pages in manifest.,2026-07-17T17:57:04.902579
lacharente,bd6t550961599,,failed,0,0,,no_usable_pages,known,,,bd6t550961599: no usable pages in manifest.,2026-07-17T17:57:05.051380
lacharente,bd6t55096160z,,failed,0,0,,no_usable_pages,known,,,bd6t55096160z: no usable pages in manifest.,2026-07-17T17:57:05.176426
lacharente,bd6t55096161c,,failed,0,0,,no_usable_pages,known,,,bd6t55096161c: no usable pages in manifest.,2026-07-17T17:57:05.299672
lacharente,bd6t55096162s,,failed,0,0,,no_usable_pages,known,,,bd6t55096162s: no usable pages in manifest.,2026-07-17T17:57:05.441915
lacharente,bd6t550961636,,failed,0,0,,no_usable_pages,known,,,bd6t550961636: no usable pages in manifest.,2026-07-17T17:57:05.554111
lacharente,bd6t55096164m,,failed,0,0,,no_usable_pages,known,,,bd6t55096164m: no usable pages in manifest.,2026-07-17T17:57:05.662671
lacharente,bd6t550961651,,failed,0,0,,no_usable_pages,known,,,bd6t550961651: no usable pages in manifest.,2026-07-17T17:57:05.819918
lacharente,bd6t55096166f,,failed,0,0,,no_usable_pages,known,,,bd6t55096166f: no usable pages in manifest.,2026-07-17T17:57:05.932753
lacharente,bd6t55096167v,,failed,0,0,,no_usable_pages,known,,,bd6t55096167v: no usable pages in manifest.,2026-07-17T17:57:06.111889
lacharente,bd6t550961688,,failed,0,0,,no_usable_pages,known,,,bd6t550961688: no usable pages in manifest.,2026-07-17T17:57:06.234306
lacharente,bd6t55096169p,,failed,0,0,,no_usable_pages,known,,,bd6t55096169p: no usable pages in manifest.,2026-07-17T17:57:06.360281
lacharente,bd6t55096170b,,failed,0,0,,no_usable_pages,known,,,bd6t55096170b: no usable pages in manifest.,2026-07-17T17:57:06.538715
lacharente,bd6t55096171r,,failed,0,0,,no_usable_pages,known,,,bd6t55096171r: no usable pages in manifest.,2026-07-17T17:57:06.666848
lacharente,bd6t550961725,,failed,0,0,,no_usable_pages,known,,,bd6t550961725: no usable pages in manifest.,2026-07-17T17:57:06.835828
lacharente,bd6t55096173k,,failed,0,0,,no_usable_pages,known,,,bd6t55096173k: no usable pages in manifest.,2026-07-17T17:57:06.988845
lacharente,bd6t550961740,,failed,0,0,,no_usable_pages,known,,,bd6t550961740: no usable pages in manifest.,2026-07-17T17:57:07.133325
lacharente,bd6t55096175d,,failed,0,0,,no_usable_pages,known,,,bd6t55096175d: no usable pages in manifest.,2026-07-17T17:57:07.253339
lacharente,bd6t55096176t,,failed,0,0,,no_usable_pages,known,,,bd6t55096176t: no usable pages in manifest.,2026-07-17T17:57:07.383234
lacharente,bd6t550961777,,failed,0,0,,no_usable_pages,known,,,bd6t550961777: no usable pages in manifest.,2026-07-17T17:57:07.576798
lacharente,bd6t55096178n,,failed,0,0,,no_usable_pages,known,,,bd6t55096178n: no usable pages in manifest.,2026-07-17T17:57:07.725613
lacharente,bd6t550961792,,failed,0,0,,no_usable_pages,known,,,bd6t550961792: no usable pages in manifest.,2026-07-17T17:57:07.884402
lacharente,bd6t55096180q,,failed,0,0,,no_usable_pages,known,,,bd6t55096180q: no usable pages in manifest.,2026-07-17T17:57:08.028421
lacharente,bd6t550961814,,failed,0,0,,no_usable_pages,known,,,bd6t550961814: no usable pages in manifest.,2026-07-17T17:57:08.254570
lacharente,bd6t55096182j,,failed,0,0,,no_usable_pages,known,,,bd6t55096182j: no usable pages in manifest.,2026-07-17T17:57:08.395912
lacharente,bd6t55096183z,,failed,0,0,,no_usable_pages,known,,,bd6t55096183z: no usable pages in manifest.,2026-07-17T17:57:08.519562
lacharente,bd6t55096184c,,failed,0,0,,no_usable_pages,known,,,bd6t55096184c: no usable pages in manifest.,2026-07-17T17:57:08.660729
lacharente,bd6t55096185s,,failed,0,0,,no_usable_pages,known,,,bd6t55096185s: no usable pages in manifest.,2026-07-17T17:57:08.819366
lacharente,bd6t550961866,,failed,0,0,,no_usable_pages,known,,,bd6t550961866: no usable pages in manifest.,2026-07-17T17:57:09.007932
lacharente,bd6t55096187m,,failed,0,0,,no_usable_pages,known,,,bd6t55096187m: no usable pages in manifest.,2026-07-17T17:57:09.147183
lacharente,bd6t550961881,,failed,0,0,,no_usable_pages,known,,,bd6t550961881: no usable pages in manifest.,2026-07-17T17:57:09.361113
lacharente,bd6t55096189f,,failed,0,0,,no_usable_pages,known,,,bd6t55096189f: no usable pages in manifest.,2026-07-17T17:57:09.478748
lacharente,bd6t550961903,,failed,0,0,,no_usable_pages,known,,,bd6t550961903: no usable pages in manifest.,2026-07-17T17:57:09.600921
lacharente,bd6t55096191h,,failed,0,0,,no_usable_pages,known,,,bd6t55096191h: no usable pages in manifest.,2026-07-17T17:57:09.708204
lacharente,bd6t55096192x,,failed,0,0,,no_usable_pages,known,,,bd6t55096192x: no usable pages in manifest.,2026-07-17T17:57:09.887729
lacharente,bd6t55096193b,,failed,0,0,,no_usable_pages,known,,,bd6t55096193b: no usable pages in manifest.,2026-07-17T17:57:10.062283
lacharente,bd6t55096194r,,failed,0,0,,no_usable_pages,known,,,bd6t55096194r: no usable pages in manifest.,2026-07-17T17:57:10.242498
lacharente,bd6t550961955,,failed,0,0,,no_usable_pages,known,,,bd6t550961955: no usable pages in manifest.,2026-07-17T17:57:10.416764
lacharente,bd6t55096196k,,failed,0,0,,no_usable_pages,known,,,bd6t55096196k: no usable pages in manifest.,2026-07-17T17:57:10.548518
lacharente,bd6t550961970,,failed,0,0,,no_usable_pages,known,,,bd6t550961970: no usable pages in manifest.,2026-07-17T17:57:10.679650
lacharente,bd6t55096198d,,failed,0,0,,no_usable_pages,known,,,bd6t55096198d: no usable pages in manifest.,2026-07-17T17:57:10.801205
lacharente,bd6t55096199t,,failed,0,0,,no_usable_pages,known,,,bd6t55096199t: no usable pages in manifest.,2026-07-17T17:57:10.946883
lacharente,bd6t550962001,,failed,0,0,,no_usable_pages,known,,,bd6t550962001: no usable pages in manifest.,2026-07-17T17:57:11.058742
lacharente,bd6t55096201f,,failed,0,0,,no_usable_pages,known,,,bd6t55096201f: no usable pages in manifest.,2026-07-17T17:57:11.187723
lacharente,bd6t55096202v,,failed,0,0,,no_usable_pages,known,,,bd6t55096202v: no usable pages in manifest.,2026-07-17T17:57:11.324361
lacharente,bd6t550962038,,failed,0,0,,no_usable_pages,known,,,bd6t550962038: no usable pages in manifest.,2026-07-17T17:57:11.485730
lacharente,bd6t55096204p,,failed,0,0,,no_usable_pages,known,,,bd6t55096204p: no usable pages in manifest.,2026-07-17T17:57:11.581336
lacharente,bd6t550962053,,failed,0,0,,no_usable_pages,known,,,bd6t550962053: no usable pages in manifest.,2026-07-17T17:57:11.695875
lacharente,bd6t55096206h,,failed,0,0,,no_usable_pages,known,,,bd6t55096206h: no usable pages in manifest.,2026-07-17T17:57:11.821361
lacharente,bd6t55096207x,,failed,0,0,,no_usable_pages,known,,,bd6t55096207x: no usable pages in manifest.,2026-07-17T17:57:11.975811
lacharente,bd6t55096208b,,failed,0,0,,no_usable_pages,known,,,bd6t55096208b: no usable pages in manifest.,2026-07-17T17:57:12.178837
lacharente,bd6t55096252r,,failed,0,0,,no_usable_pages,known,,,bd6t55096252r: no usable pages in manifest.,2026-07-17T17:57:12.339391
lacharente,bd6t55096209r,,failed,0,0,,no_usable_pages,known,,,bd6t55096209r: no usable pages in manifest.,2026-07-17T17:57:12.500419
lacharente,bd6t55096211t,,failed,0,0,,no_usable_pages,known,,,bd6t55096211t: no usable pages in manifest.,2026-07-17T17:57:12.624451
lacharente,bd6t55096210d,,failed,0,0,,no_usable_pages,known,,,bd6t55096210d: no usable pages in manifest.,2026-07-17T17:57:12.796992
lacharente,bd6t550962127,,failed,0,0,,no_usable_pages,known,,,bd6t550962127: no usable pages in manifest.,2026-07-17T17:57:12.939591
lacharente,bd6t55096213n,,failed,0,0,,no_usable_pages,known,,,bd6t55096213n: no usable pages in manifest.,2026-07-17T17:57:13.091069
lacharente,bd6t550962142,,failed,0,0,,no_usable_pages,known,,,bd6t550962142: no usable pages in manifest.,2026-07-17T17:57:13.216303
lacharente,bd6t55096215g,,failed,0,0,,no_usable_pages,known,,,bd6t55096215g: no usable pages in manifest.,2026-07-17T17:57:13.333275
lacharente,bd6t55096216w,,failed,0,0,,no_usable_pages,known,,,bd6t55096216w: no usable pages in manifest.,2026-07-17T17:57:13.472451
lacharente,bd6t550962179,,failed,0,0,,no_usable_pages,known,,,bd6t550962179: no usable pages in manifest.,2026-07-17T17:57:13.631474
lacharente,bd6t55096218q,,failed,0,0,,no_usable_pages,known,,,bd6t55096218q: no usable pages in manifest.,2026-07-17T17:57:13.760334
lacharente,bd6t550962194,,failed,0,0,,no_usable_pages,known,,,bd6t550962194: no usable pages in manifest.,2026-07-17T17:57:13.894353
lacharente,bd6t55096220s,,failed,0,0,,no_usable_pages,known,,,bd6t55096220s: no usable pages in manifest.,2026-07-17T17:57:14.021224
lacharente,bd6t550962216,,failed,0,0,,no_usable_pages,known,,,bd6t550962216: no usable pages in manifest.,2026-07-17T17:57:14.178445
lacharente,bd6t55096222m,,failed,0,0,,no_usable_pages,known,,,bd6t55096222m: no usable pages in manifest.,2026-07-17T17:57:14.370767
lacharente,bd6t55096243s,,failed,0,0,,no_usable_pages,known,,,bd6t55096243s: no usable pages in manifest.,2026-07-17T17:57:14.484382
lacharente,bd6t550962231,,failed,0,0,,no_usable_pages,known,,,bd6t550962231: no usable pages in manifest.,2026-07-17T17:57:14.664745
lacharente,bd6t55096224f,,failed,0,0,,no_usable_pages,known,,,bd6t55096224f: no usable pages in manifest.,2026-07-17T17:57:14.817291
lacharente,bd6t55096225v,,failed,0,0,,no_usable_pages,known,,,bd6t55096225v: no usable pages in manifest.,2026-07-17T17:57:14.952657
lacharente,bd6t550962268,,failed,0,0,,no_usable_pages,known,,,bd6t550962268: no usable pages in manifest.,2026-07-17T17:57:15.107976
lacharente,bd6t55096227p,,failed,0,0,,no_usable_pages,known,,,bd6t55096227p: no usable pages in manifest.,2026-07-17T17:57:15.244426
lacharente,bd6t550962283,,failed,0,0,,no_usable_pages,known,,,bd6t550962283: no usable pages in manifest.,2026-07-17T17:57:15.448675
lacharente,bd6t55096229h,,failed,0,0,,no_usable_pages,known,,,bd6t55096229h: no usable pages in manifest.,2026-07-17T17:57:15.546804
lacharente,bd6t550962305,,failed,0,0,,no_usable_pages,known,,,bd6t550962305: no usable pages in manifest.,2026-07-17T17:57:15.740777
lacharente,bd6t55096231k,,failed,0,0,,no_usable_pages,known,,,bd6t55096231k: no usable pages in manifest.,2026-07-17T17:57:15.859614
lacharente,bd6t550962320,,failed,0,0,,no_usable_pages,known,,,bd6t550962320: no usable pages in manifest.,2026-07-17T17:57:15.963413
lacharente,bd6t55096233d,,failed,0,0,,no_usable_pages,known,,,bd6t55096233d: no usable pages in manifest.,2026-07-17T17:57:16.095738
lacharente,bd6t55096234t,,failed,0,0,,no_usable_pages,known,,,bd6t55096234t: no usable pages in manifest.,2026-07-17T17:57:16.304929
lacharente,bd6t550962357,,failed,0,0,,no_usable_pages,known,,,bd6t550962357: no usable pages in manifest.,2026-07-17T17:57:16.515904
lacharente,bd6t55096236n,,failed,0,0,,no_usable_pages,known,,,bd6t55096236n: no usable pages in manifest.,2026-07-17T17:57:16.662983
lacharente,bd6t550962372,,failed,0,0,,no_usable_pages,known,,,bd6t550962372: no usable pages in manifest.,2026-07-17T17:57:16.827041
lacharente,bd6t55096238g,,failed,0,0,,no_usable_pages,known,,,bd6t55096238g: no usable pages in manifest.,2026-07-17T17:57:16.957018
lacharente,bd6t55096239w,,failed,0,0,,no_usable_pages,known,,,bd6t55096239w: no usable pages in manifest.,2026-07-17T17:57:17.099642
lacharente,bd6t55096240j,,failed,0,0,,no_usable_pages,known,,,bd6t55096240j: no usable pages in manifest.,2026-07-17T17:57:17.220212
lacharente,bd6t55096241z,,failed,0,0,,no_usable_pages,known,,,bd6t55096241z: no usable pages in manifest.,2026-07-17T17:57:17.442687
lacharente,bd6t55096242c,,failed,0,0,,no_usable_pages,known,,,bd6t55096242c: no usable pages in manifest.,2026-07-17T17:57:17.648123
lacharente,bd6t550962446,,failed,0,0,,no_usable_pages,known,,,bd6t550962446: no usable pages in manifest.,2026-07-17T17:57:17.791497
lacharente,bd6t55096245m,,failed,0,0,,no_usable_pages,known,,,bd6t55096245m: no usable pages in manifest.,2026-07-17T17:57:17.947675
lacharente,bd6t550962461,,failed,0,0,,no_usable_pages,known,,,bd6t550962461: no usable pages in manifest.,2026-07-17T17:57:18.075713
lacharente,bd6t55096247f,,failed,0,0,,no_usable_pages,known,,,bd6t55096247f: no usable pages in manifest.,2026-07-17T17:57:18.239602
lacharente,bd6t55096248v,,failed,0,0,,no_usable_pages,known,,,bd6t55096248v: no usable pages in manifest.,2026-07-17T17:57:18.407916
lacharente,bd6t550962498,,failed,0,0,,no_usable_pages,known,,,bd6t550962498: no usable pages in manifest.,2026-07-17T17:57:18.546920
lacharente,bd6t55096250x,,failed,0,0,,no_usable_pages,known,,,bd6t55096250x: no usable pages in manifest.,2026-07-17T17:57:18.732483
lacharente,bd6t55096251b,,failed,0,0,,no_usable_pages,known,,,bd6t55096251b: no usable pages in manifest.,2026-07-17T17:57:18.861899
lacharente,bd6t550962535,,failed,0,0,,no_usable_pages,known,,,bd6t550962535: no usable pages in manifest.,2026-07-17T17:57:18.992061
lacharente,bd6t55096254k,,failed,0,0,,no_usable_pages,known,,,bd6t55096254k: no usable pages in manifest.,2026-07-17T17:57:19.123192
lacharente,bd6t550962550,,failed,0,0,,no_usable_pages,known,,,bd6t550962550: no usable pages in manifest.,2026-07-17T17:57:19.230062
lacharente,bd6t55096256d,,failed,0,0,,no_usable_pages,known,,,bd6t55096256d: no usable pages in manifest.,2026-07-17T17:57:19.349380
lacharente,bd6t55096257t,,failed,0,0,,no_usable_pages,known,,,bd6t55096257t: no usable pages in manifest.,2026-07-17T17:57:19.501943
lacharente,bd6t550962587,,failed,0,0,,no_usable_pages,known,,,bd6t550962587: no usable pages in manifest.,2026-07-17T17:57:19.629557
lacharente,bd6t55096259n,,failed,0,0,,no_usable_pages,known,,,bd6t55096259n: no usable pages in manifest.,2026-07-17T17:57:19.838211
lacharente,bd6t550962609,,failed,0,0,,no_usable_pages,known,,,bd6t550962609: no usable pages in manifest.,2026-07-17T17:57:19.925951
lacharente,bd6t55096261q,,failed,0,0,,no_usable_pages,known,,,bd6t55096261q: no usable pages in manifest.,2026-07-17T17:57:20.108820
lacharente,bd6t550962624,,failed,0,0,,no_usable_pages,known,,,bd6t550962624: no usable pages in manifest.,2026-07-17T17:57:20.217438
lacharente,bd6t55096263j,,failed,0,0,,no_usable_pages,known,,,bd6t55096263j: no usable pages in manifest.,2026-07-17T17:57:20.371912
lacharente,bd6t55096264z,,failed,0,0,,no_usable_pages,known,,,bd6t55096264z: no usable pages in manifest.,2026-07-17T17:57:20.545075
lacharente,bd6t55096265c,,failed,0,0,,no_usable_pages,known,,,bd6t55096265c: no usable pages in manifest.,2026-07-17T17:57:20.708229
lacharente,bd6t55096266s,,failed,0,0,,no_usable_pages,known,,,bd6t55096266s: no usable pages in manifest.,2026-07-17T17:57:20.891661
lacharente,bd6t550962676,,failed,0,0,,no_usable_pages,known,,,bd6t550962676: no usable pages in manifest.,2026-07-17T17:57:21.004294
lacharente,bd6t55096268m,,failed,0,0,,no_usable_pages,known,,,bd6t55096268m: no usable pages in manifest.,2026-07-17T17:57:21.197717
lacharente,bd6t550962691,,failed,0,0,,no_usable_pages,known,,,bd6t550962691: no usable pages in manifest.,2026-07-17T17:57:21.316875
lacharente,bd6t55096270p,,failed,0,0,,no_usable_pages,known,,,bd6t55096270p: no usable pages in manifest.,2026-07-17T17:57:21.513022
lacharente,bd6t550962713,,failed,0,0,,no_usable_pages,known,,,bd6t550962713: no usable pages in manifest.,2026-07-17T17:57:21.655556
lacharente,bd6t55096272h,,failed,0,0,,no_usable_pages,known,,,bd6t55096272h: no usable pages in manifest.,2026-07-17T17:57:21.780805
lacharente,bd6t55096273x,,failed,0,0,,no_usable_pages,known,,,bd6t55096273x: no usable pages in manifest.,2026-07-17T17:57:21.963589
lacharente,bd6t55096274b,,failed,0,0,,no_usable_pages,known,,,bd6t55096274b: no usable pages in manifest.,2026-07-17T17:57:22.071726
lacharente,bd6t55096275r,,failed,0,0,,no_usable_pages,known,,,bd6t55096275r: no usable pages in manifest.,2026-07-17T17:57:22.209743
lacharente,bd6t550962765,,failed,0,0,,no_usable_pages,known,,,bd6t550962765: no usable pages in manifest.,2026-07-17T17:57:22.359659
lacharente,bd6t55096277k,,failed,0,0,,no_usable_pages,known,,,bd6t55096277k: no usable pages in manifest.,2026-07-17T17:57:22.505091
lacharente,bd6t550962780,,failed,0,0,,no_usable_pages,known,,,bd6t550962780: no usable pages in manifest.,2026-07-17T17:57:22.628807
lacharente,bd6t55096279d,,failed,0,0,,no_usable_pages,known,,,bd6t55096279d: no usable pages in manifest.,2026-07-17T17:57:22.792242
lacharente,bd6t550962802,,failed,0,0,,no_usable_pages,known,,,bd6t550962802: no usable pages in manifest.,2026-07-17T17:57:22.989667
lacharente,bd6t55096281g,,failed,0,0,,no_usable_pages,known,,,bd6t55096281g: no usable pages in manifest.,2026-07-17T17:57:23.094175
lacharente,bd6t55096282w,,failed,0,0,,no_usable_pages,known,,,bd6t55096282w: no usable pages in manifest.,2026-07-17T17:57:23.246006
lacharente,bd6t550962839,,failed,0,0,,no_usable_pages,known,,,bd6t550962839: no usable pages in manifest.,2026-07-17T17:57:23.429358
lacharente,bd6t55096284q,,failed,0,0,,no_usable_pages,known,,,bd6t55096284q: no usable pages in manifest.,2026-07-17T17:57:23.545274
lacharente,bd6t550962854,,failed,0,0,,no_usable_pages,known,,,bd6t550962854: no usable pages in manifest.,2026-07-17T17:57:23.696359
lacharente,bd6t55096286j,,failed,0,0,,no_usable_pages,known,,,bd6t55096286j: no usable pages in manifest.,2026-07-17T17:57:23.837382
lacharente,bd6t55096287z,,failed,0,0,,no_usable_pages,known,,,bd6t55096287z: no usable pages in manifest.,2026-07-17T17:57:24.042094
lacharente,bd6t55096288c,,failed,0,0,,no_usable_pages,known,,,bd6t55096288c: no usable pages in manifest.,2026-07-17T17:57:24.235676
lacharente,bd6t55096289s,,failed,0,0,,no_usable_pages,known,,,bd6t55096289s: no usable pages in manifest.,2026-07-17T17:57:24.403466
lacharente,bd6t55096290f,,failed,0,0,,no_usable_pages,known,,,bd6t55096290f: no usable pages in manifest.,2026-07-17T17:57:24.543201
lacharente,bd6t55096291v,,failed,0,0,,no_usable_pages,known,,,bd6t55096291v: no usable pages in manifest.,2026-07-17T17:57:24.692153
lacharente,bd6t550962928,,failed,0,0,,no_usable_pages,known,,,bd6t550962928: no usable pages in manifest.,2026-07-17T17:57:24.952927
lacharente,bd6t55096293p,,failed,0,0,,no_usable_pages,known,,,bd6t55096293p: no usable pages in manifest.,2026-07-17T17:57:25.138703
lacharente,bd6t550962943,,failed,0,0,,no_usable_pages,known,,,bd6t550962943: no usable pages in manifest.,2026-07-17T17:57:25.234069
lacharente,bd6t55096295h,,failed,0,0,,no_usable_pages,known,,,bd6t55096295h: no usable pages in manifest.,2026-07-17T17:57:25.432274
lacharente,bd6t55096296x,,failed,0,0,,no_usable_pages,known,,,bd6t55096296x: no usable pages in manifest.,2026-07-17T17:57:25.575386
lacharente,bd6t55096297b,,failed,0,0,,no_usable_pages,known,,,bd6t55096297b: no usable pages in manifest.,2026-07-17T17:57:25.732341
lacharente,bd6t55096298r,,failed,0,0,,no_usable_pages,known,,,bd6t55096298r: no usable pages in manifest.,2026-07-17T17:57:25.862250
lacharente,bd6t550962995,,failed,0,0,,no_usable_pages,known,,,bd6t550962995: no usable pages in manifest.,2026-07-17T17:57:26.020322
lacharente,bd6t55096300c,,failed,0,0,,no_usable_pages,known,,,bd6t55096300c: no usable pages in manifest.,2026-07-17T17:57:26.171620
lacharente,bd6t55096301s,,failed,0,0,,no_usable_pages,known,,,bd6t55096301s: no usable pages in manifest.,2026-07-17T17:57:26.270040
lacharente,bd6t550963026,,failed,0,0,,no_usable_pages,known,,,bd6t550963026: no usable pages in manifest.,2026-07-17T17:57:26.426598
lacharente,bd6t55096303m,,failed,0,0,,no_usable_pages,known,,,bd6t55096303m: no usable pages in manifest.,2026-07-17T17:57:26.540389
lacharente,bd6t550963041,,failed,0,0,,no_usable_pages,known,,,bd6t550963041: no usable pages in manifest.,2026-07-17T17:57:26.648620
lacharente,bd6t55096305f,,failed,0,0,,no_usable_pages,known,,,bd6t55096305f: no usable pages in manifest.,2026-07-17T17:57:26.779116
lacharente,bd6t55096306v,,failed,0,0,,no_usable_pages,known,,,bd6t55096306v: no usable pages in manifest.,2026-07-17T17:57:26.881293
lacharente,bd6t550963078,,failed,0,0,,no_usable_pages,known,,,bd6t550963078: no usable pages in manifest.,2026-07-17T17:57:27.064593
lacharente,bd6t55096308p,,failed,0,0,,no_usable_pages,known,,,bd6t55096308p: no usable pages in manifest.,2026-07-17T17:57:27.251377
lacharente,bd6t550963093,,failed,0,0,,no_usable_pages,known,,,bd6t550963093: no usable pages in manifest.,2026-07-17T17:57:27.452346
lacharente,bd6t55096310r,,failed,0,0,,no_usable_pages,known,,,bd6t55096310r: no usable pages in manifest.,2026-07-17T17:57:27.583891
lacharente,bd6t550963115,,failed,0,0,,no_usable_pages,known,,,bd6t550963115: no usable pages in manifest.,2026-07-17T17:57:27.727498
lacharente,bd6t55096312k,,failed,0,0,,no_usable_pages,known,,,bd6t55096312k: no usable pages in manifest.,2026-07-17T17:57:27.876717
lacharente,bd6t550963130,,failed,0,0,,no_usable_pages,known,,,bd6t550963130: no usable pages in manifest.,2026-07-17T17:57:28.007687
lacharente,bd6t55096314d,,failed,0,0,,no_usable_pages,known,,,bd6t55096314d: no usable pages in manifest.,2026-07-17T17:57:28.205805
lacharente,bd6t55096315t,,failed,0,0,,no_usable_pages,known,,,bd6t55096315t: no usable pages in manifest.,2026-07-17T17:57:28.309614
lacharente,bd6t550963167,,failed,0,0,,no_usable_pages,known,,,bd6t550963167: no usable pages in manifest.,2026-07-17T17:57:28.450461
lacharente,bd6t55096317n,,failed,0,0,,no_usable_pages,known,,,bd6t55096317n: no usable pages in manifest.,2026-07-17T17:57:28.570688
lacharente,bd6t550963182,,failed,0,0,,no_usable_pages,known,,,bd6t550963182: no usable pages in manifest.,2026-07-17T17:57:28.734159
lacharente,bd6t55096319g,,failed,0,0,,no_usable_pages,known,,,bd6t55096319g: no usable pages in manifest.,2026-07-17T17:57:28.877747
lacharente,bd6t550963204,,failed,0,0,,no_usable_pages,known,,,bd6t550963204: no usable pages in manifest.,2026-07-17T17:57:29.039544
lacharente,bd6t55096321j,,failed,0,0,,no_usable_pages,known,,,bd6t55096321j: no usable pages in manifest.,2026-07-17T17:57:29.158641
lacharente,bd6t55096322z,,failed,0,0,,no_usable_pages,known,,,bd6t55096322z: no usable pages in manifest.,2026-07-17T17:57:29.345629
lacharente,bd6t55096323c,,failed,0,0,,no_usable_pages,known,,,bd6t55096323c: no usable pages in manifest.,2026-07-17T17:57:29.487675
lacharente,bd6t55096324s,,failed,0,0,,no_usable_pages,known,,,bd6t55096324s: no usable pages in manifest.,2026-07-17T17:57:29.593485
lacharente,bd6t550963256,,failed,0,0,,no_usable_pages,known,,,bd6t550963256: no usable pages in manifest.,2026-07-17T17:57:29.774177
lacharente,bd6t55096326m,,failed,0,0,,no_usable_pages,known,,,bd6t55096326m: no usable pages in manifest.,2026-07-17T17:57:29.964605
lacharente,bd6t550963271,,failed,0,0,,no_usable_pages,known,,,bd6t550963271: no usable pages in manifest.,2026-07-17T17:57:30.131597
lacharente,bd6t55096328f,,failed,0,0,,no_usable_pages,known,,,bd6t55096328f: no usable pages in manifest.,2026-07-17T17:57:30.288028
lacharente,bd6t55096329v,,failed,0,0,,no_usable_pages,known,,,bd6t55096329v: no usable pages in manifest.,2026-07-17T17:57:30.443886
lacharente,bd6t55096330h,,failed,0,0,,no_usable_pages,known,,,bd6t55096330h: no usable pages in manifest.,2026-07-17T17:57:30.594020
lacharente,bd6t55096331x,,failed,0,0,,no_usable_pages,known,,,bd6t55096331x: no usable pages in manifest.,2026-07-17T17:57:30.693998
lacharente,bd6t55096332b,,failed,0,0,,no_usable_pages,known,,,bd6t55096332b: no usable pages in manifest.,2026-07-17T17:57:30.833823
lacharente,bd6t55096333r,,failed,0,0,,no_usable_pages,known,,,bd6t55096333r: no usable pages in manifest.,2026-07-17T17:57:30.977938
lacharente,bd6t550963345,,failed,0,0,,no_usable_pages,known,,,bd6t550963345: no usable pages in manifest.,2026-07-17T17:57:31.102834
lacharente,bd6t55096335k,,failed,0,0,,no_usable_pages,known,,,bd6t55096335k: no usable pages in manifest.,2026-07-17T17:57:31.291259
lacharente,bd6t550963360,,failed,0,0,,no_usable_pages,known,,,bd6t550963360: no usable pages in manifest.,2026-07-17T17:57:31.495253
lacharente,bd6t55096337d,,failed,0,0,,no_usable_pages,known,,,bd6t55096337d: no usable pages in manifest.,2026-07-17T17:57:31.623992
lacharente,bd6t55096338t,,failed,0,0,,no_usable_pages,known,,,bd6t55096338t: no usable pages in manifest.,2026-07-17T17:57:31.754889
lacharente,bd6t550963397,,failed,0,0,,no_usable_pages,known,,,bd6t550963397: no usable pages in manifest.,2026-07-17T17:57:31.942933
lacharente,bd6t55096340w,,failed,0,0,,no_usable_pages,known,,,bd6t55096340w: no usable pages in manifest.,2026-07-17T17:57:32.136273
lacharente,bd6t550963419,,failed,0,0,,no_usable_pages,known,,,bd6t550963419: no usable pages in manifest.,2026-07-17T17:57:32.238356
lacharente,bd6t55096342q,,failed,0,0,,no_usable_pages,known,,,bd6t55096342q: no usable pages in manifest.,2026-07-17T17:57:32.359450
lacharente,bd6t550963434,,failed,0,0,,no_usable_pages,known,,,bd6t550963434: no usable pages in manifest.,2026-07-17T17:57:32.625446
lacharente,bd6t55096344j,,failed,0,0,,no_usable_pages,known,,,bd6t55096344j: no usable pages in manifest.,2026-07-17T17:57:32.754346
lacharente,bd6t55096345z,,failed,0,0,,no_usable_pages,known,,,bd6t55096345z: no usable pages in manifest.,2026-07-17T17:57:32.895306
lacharente,bd6t55096346c,,failed,0,0,,no_usable_pages,known,,,bd6t55096346c: no usable pages in manifest.,2026-07-17T17:57:33.019481
lacharente,bd6t55096347s,,failed,0,0,,no_usable_pages,known,,,bd6t55096347s: no usable pages in manifest.,2026-07-17T17:57:33.158060
lacharente,bd6t550963486,,failed,0,0,,no_usable_pages,known,,,bd6t550963486: no usable pages in manifest.,2026-07-17T17:57:33.299479
lacharente,bd6t55096349m,,failed,0,0,,no_usable_pages,known,,,bd6t55096349m: no usable pages in manifest.,2026-07-17T17:57:33.423246
lacharente,bd6t550963508,,failed,0,0,,no_usable_pages,known,,,bd6t550963508: no usable pages in manifest.,2026-07-17T17:57:33.549180
lacharente,bd6t55096351p,,failed,0,0,,no_usable_pages,known,,,bd6t55096351p: no usable pages in manifest.,2026-07-17T17:57:33.827032
lacharente,bd6t550963523,,failed,0,0,,no_usable_pages,known,,,bd6t550963523: no usable pages in manifest.,2026-07-17T17:57:34.031862
lacharente,bd6t55096353h,,failed,0,0,,no_usable_pages,known,,,bd6t55096353h: no usable pages in manifest.,2026-07-17T17:57:34.176291
lacharente,bd6t55096354x,,failed,0,0,,no_usable_pages,known,,,bd6t55096354x: no usable pages in manifest.,2026-07-17T17:57:34.308736
lacharente,bd6t55096355b,,failed,0,0,,no_usable_pages,known,,,bd6t55096355b: no usable pages in manifest.,2026-07-17T17:57:34.451146
lacharente,bd6t55096356r,,failed,0,0,,no_usable_pages,known,,,bd6t55096356r: no usable pages in manifest.,2026-07-17T17:57:34.576751
lacharente,bd6t550963575,,failed,0,0,,no_usable_pages,known,,,bd6t550963575: no usable pages in manifest.,2026-07-17T17:57:34.772306
lacharente,bd6t55096358k,,failed,0,0,,no_usable_pages,known,,,bd6t55096358k: no usable pages in manifest.,2026-07-17T17:57:34.937403
lacharente,bd6t550963590,,failed,0,0,,no_usable_pages,known,,,bd6t550963590: no usable pages in manifest.,2026-07-17T17:57:35.123159
lacharente,bd6t55096360n,,failed,0,0,,no_usable_pages,known,,,bd6t55096360n: no usable pages in manifest.,2026-07-17T17:57:35.295375
lacharente,bd6t550963612,,failed,0,0,,no_usable_pages,known,,,bd6t550963612: no usable pages in manifest.,2026-07-17T17:57:35.423094
lacharente,bd6t55096362g,,failed,0,0,,no_usable_pages,known,,,bd6t55096362g: no usable pages in manifest.,2026-07-17T17:57:35.518572
lacharente,bd6t55096363w,,failed,0,0,,no_usable_pages,known,,,bd6t55096363w: no usable pages in manifest.,2026-07-17T17:57:35.630835
lacharente,bd6t550963649,,failed,0,0,,no_usable_pages,known,,,bd6t550963649: no usable pages in manifest.,2026-07-17T17:57:35.829641
lacharente,bd6t55096365q,,failed,0,0,,no_usable_pages,known,,,bd6t55096365q: no usable pages in manifest.,2026-07-17T17:57:35.964678
lacharente,bd6t550963664,,failed,0,0,,no_usable_pages,known,,,bd6t550963664: no usable pages in manifest.,2026-07-17T17:57:36.100645
lacharente,bd6t55096367j,,failed,0,0,,no_usable_pages,known,,,bd6t55096367j: no usable pages in manifest.,2026-07-17T17:57:36.224214
lacharente,bd6t55096368z,,failed,0,0,,no_usable_pages,known,,,bd6t55096368z: no usable pages in manifest.,2026-07-17T17:57:36.353630
lacharente,bd6t55096369c,,failed,0,0,,no_usable_pages,known,,,bd6t55096369c: no usable pages in manifest.,2026-07-17T17:57:36.472482
lacharente,bd6t550963701,,failed,0,0,,no_usable_pages,known,,,bd6t550963701: no usable pages in manifest.,2026-07-17T17:57:36.634350
lacharente,bd6t55096371f,,failed,0,0,,no_usable_pages,known,,,bd6t55096371f: no usable pages in manifest.,2026-07-17T17:57:36.803534
lacharente,bd6t55096372v,,failed,0,0,,no_usable_pages,known,,,bd6t55096372v: no usable pages in manifest.,2026-07-17T17:57:36.985266
lacharente,bd6t550963738,,failed,0,0,,no_usable_pages,known,,,bd6t550963738: no usable pages in manifest.,2026-07-17T17:57:37.099369
lacharente,bd6t55096374p,,failed,0,0,,no_usable_pages,known,,,bd6t55096374p: no usable pages in manifest.,2026-07-17T17:57:37.262449
lacharente,bd6t550963753,,failed,0,0,,no_usable_pages,known,,,bd6t550963753: no usable pages in manifest.,2026-07-17T17:57:37.374154
lacharente,bd6t55096376h,,failed,0,0,,no_usable_pages,known,,,bd6t55096376h: no usable pages in manifest.,2026-07-17T17:57:37.497431
lacharente,bd6t55096377x,,failed,0,0,,no_usable_pages,known,,,bd6t55096377x: no usable pages in manifest.,2026-07-17T17:57:37.629209
lacharente,bd6t55096378b,,failed,0,0,,no_usable_pages,known,,,bd6t55096378b: no usable pages in manifest.,2026-07-17T17:57:37.786211
lacharente,bd6t55096379r,,failed,0,0,,no_usable_pages,known,,,bd6t55096379r: no usable pages in manifest.,2026-07-17T17:57:37.978529
lacharente,bd6t55096380d,,failed,0,0,,no_usable_pages,known,,,bd6t55096380d: no usable pages in manifest.,2026-07-17T17:57:38.097157
lacharente,bd6t55096381t,,failed,0,0,,no_usable_pages,known,,,bd6t55096381t: no usable pages in manifest.,2026-07-17T17:57:38.252942
lacharente,bd6t550963827,,failed,0,0,,no_usable_pages,known,,,bd6t550963827: no usable pages in manifest.,2026-07-17T17:57:38.390134
lacharente,bd6t55096383n,,failed,0,0,,no_usable_pages,known,,,bd6t55096383n: no usable pages in manifest.,2026-07-17T17:57:38.529250
lacharente,bd6t550963842,,failed,0,0,,no_usable_pages,known,,,bd6t550963842: no usable pages in manifest.,2026-07-17T17:57:38.626253
lacharente,bd6t55096385g,,failed,0,0,,no_usable_pages,known,,,bd6t55096385g: no usable pages in manifest.,2026-07-17T17:57:38.801674
lacharente,bd6t55096386w,,failed,0,0,,no_usable_pages,known,,,bd6t55096386w: no usable pages in manifest.,2026-07-17T17:57:38.917654
lacharente,bd6t550963879,,failed,0,0,,no_usable_pages,known,,,bd6t550963879: no usable pages in manifest.,2026-07-17T17:57:39.046381
lacharente,bd6t55096388q,,failed,0,0,,no_usable_pages,known,,,bd6t55096388q: no usable pages in manifest.,2026-07-17T17:57:39.158111
lacharente,bd6t550963894,,failed,0,0,,no_usable_pages,known,,,bd6t550963894: no usable pages in manifest.,2026-07-17T17:57:39.293666
lacharente,bd6t55096390s,,failed,0,0,,no_usable_pages,known,,,bd6t55096390s: no usable pages in manifest.,2026-07-17T17:57:39.439772
lacharente,bd6t550963916,,failed,0,0,,no_usable_pages,known,,,bd6t550963916: no usable pages in manifest.,2026-07-17T17:57:39.532065
lacharente,bd6t55096392m,,failed,0,0,,no_usable_pages,known,,,bd6t55096392m: no usable pages in manifest.,2026-07-17T17:57:39.650539
lacharente,bd6t550963931,,failed,0,0,,no_usable_pages,known,,,bd6t550963931: no usable pages in manifest.,2026-07-17T17:57:39.780879
lacharente,bd6t55096394f,,failed,0,0,,no_usable_pages,known,,,bd6t55096394f: no usable pages in manifest.,2026-07-17T17:57:39.910836
lacharente,bd6t55096395v,,failed,0,0,,no_usable_pages,known,,,bd6t55096395v: no usable pages in manifest.,2026-07-17T17:57:40.078330
lacharente,bd6t550963968,,failed,0,0,,no_usable_pages,known,,,bd6t550963968: no usable pages in manifest.,2026-07-17T17:57:40.241245
lacharente,bd6t55096399h,,failed,0,0,,no_usable_pages,known,,,bd6t55096399h: no usable pages in manifest.,2026-07-17T17:57:40.377336
lacharente,bd6t55096397p,,failed,0,0,,no_usable_pages,known,,,bd6t55096397p: no usable pages in manifest.,2026-07-17T17:57:40.522801
lacharente,bd6t55096400q,,failed,0,0,,no_usable_pages,known,,,bd6t55096400q: no usable pages in manifest.,2026-07-17T17:57:40.667160
lacharente,bd6t550964014,,failed,0,0,,no_usable_pages,known,,,bd6t550964014: no usable pages in manifest.,2026-07-17T17:57:40.778445
lacharente,bd6t550963983,,failed,0,0,,no_usable_pages,known,,,bd6t550963983: no usable pages in manifest.,2026-07-17T17:57:40.898885
lacharente,bd6t55096402j,,failed,0,0,,no_usable_pages,known,,,bd6t55096402j: no usable pages in manifest.,2026-07-17T17:57:40.999119
lacharente,bd6t55096403z,,failed,0,0,,no_usable_pages,known,,,bd6t55096403z: no usable pages in manifest.,2026-07-17T17:57:41.169844
lacharente,bd6t55096404c,,failed,0,0,,no_usable_pages,known,,,bd6t55096404c: no usable pages in manifest.,2026-07-17T17:57:41.249197
lacharente,bd6t55096405s,,failed,0,0,,no_usable_pages,known,,,bd6t55096405s: no usable pages in manifest.,2026-07-17T17:57:41.365008
lacharente,bd6t550964066,,failed,0,0,,no_usable_pages,known,,,bd6t550964066: no usable pages in manifest.,2026-07-17T17:57:41.451310
lacharente,bd6t55096407m,,failed,0,0,,no_usable_pages,known,,,bd6t55096407m: no usable pages in manifest.,2026-07-17T17:57:41.530314
lacharente,bd6t550964103,,failed,0,0,,no_usable_pages,known,,,bd6t550964103: no usable pages in manifest.,2026-07-17T17:57:41.638950
lacharente,bd6t550964081,,failed,0,0,,no_usable_pages,known,,,bd6t550964081: no usable pages in manifest.,2026-07-17T17:57:41.746337
lacharente,bd6t55096409f,,failed,0,0,,no_usable_pages,known,,,bd6t55096409f: no usable pages in manifest.,2026-07-17T17:57:41.854032
lacharente,bd6t55096411h,,failed,0,0,,no_usable_pages,known,,,bd6t55096411h: no usable pages in manifest.,2026-07-17T17:57:41.967045
lacharente,bd6t55096412x,,failed,0,0,,no_usable_pages,known,,,bd6t55096412x: no usable pages in manifest.,2026-07-17T17:57:42.093523
lacharente,bd6t55096413b,,failed,0,0,,no_usable_pages,known,,,bd6t55096413b: no usable pages in manifest.,2026-07-17T17:57:42.265292
lacharente,bd6t55096414r,,failed,0,0,,no_usable_pages,known,,,bd6t55096414r: no usable pages in manifest.,2026-07-17T17:57:42.389461
lacharente,bd6t550964155,,failed,0,0,,no_usable_pages,known,,,bd6t550964155: no usable pages in manifest.,2026-07-17T17:57:42.559262
lacharente,bd6t55096416k,,failed,0,0,,no_usable_pages,known,,,bd6t55096416k: no usable pages in manifest.,2026-07-17T17:57:42.660894
lacharente,bd6t550964170,,failed,0,0,,no_usable_pages,known,,,bd6t550964170: no usable pages in manifest.,2026-07-17T17:57:42.851659
lacharente,bd6t55096418d,,failed,0,0,,no_usable_pages,known,,,bd6t55096418d: no usable pages in manifest.,2026-07-17T17:57:42.999422
lacharente,bd6t55096419t,,failed,0,0,,no_usable_pages,known,,,bd6t55096419t: no usable pages in manifest.,2026-07-17T17:57:43.199316
lacharente,bd6t55096420g,,failed,0,0,,no_usable_pages,known,,,bd6t55096420g: no usable pages in manifest.,2026-07-17T17:57:43.399487
lacharente,bd6t55096421w,,failed,0,0,,no_usable_pages,known,,,bd6t55096421w: no usable pages in manifest.,2026-07-17T17:57:43.512931
lacharente,bd6t550964229,,failed,0,0,,no_usable_pages,known,,,bd6t550964229: no usable pages in manifest.,2026-07-17T17:57:43.660187
lacharente,bd6t55096423q,,failed,0,0,,no_usable_pages,known,,,bd6t55096423q: no usable pages in manifest.,2026-07-17T17:57:43.797959
lacharente,bd6t550964244,,failed,0,0,,no_usable_pages,known,,,bd6t550964244: no usable pages in manifest.,2026-07-17T17:57:43.909555
lacharente,bd6t55096425j,,failed,0,0,,no_usable_pages,known,,,bd6t55096425j: no usable pages in manifest.,2026-07-17T17:57:44.016684
lacharente,bd6t55096426z,,failed,0,0,,no_usable_pages,known,,,bd6t55096426z: no usable pages in manifest.,2026-07-17T17:57:44.168512
lacharente,bd6t55096427c,,failed,0,0,,no_usable_pages,known,,,bd6t55096427c: no usable pages in manifest.,2026-07-17T17:57:44.313486
lacharente,bd6t55096428s,,failed,0,0,,no_usable_pages,known,,,bd6t55096428s: no usable pages in manifest.,2026-07-17T17:57:44.526215
lacharente,bd6t550964296,,failed,0,0,,no_usable_pages,known,,,bd6t550964296: no usable pages in manifest.,2026-07-17T17:57:44.692065
lacharente,bd6t55096430v,,failed,0,0,,no_usable_pages,known,,,bd6t55096430v: no usable pages in manifest.,2026-07-17T17:57:44.826331
lacharente,bd6t550964318,,failed,0,0,,no_usable_pages,known,,,bd6t550964318: no usable pages in manifest.,2026-07-17T17:57:44.919631
lacharente,bd6t55096432p,,failed,0,0,,no_usable_pages,known,,,bd6t55096432p: no usable pages in manifest.,2026-07-17T17:57:45.024679
lacharente,bd6t550964333,,failed,0,0,,no_usable_pages,known,,,bd6t550964333: no usable pages in manifest.,2026-07-17T17:57:45.167272
lacharente,bd6t55096434h,,failed,0,0,,no_usable_pages,known,,,bd6t55096434h: no usable pages in manifest.,2026-07-17T17:57:45.328475
lacharente,bd6t55096435x,,failed,0,0,,no_usable_pages,known,,,bd6t55096435x: no usable pages in manifest.,2026-07-17T17:57:45.494825
lacharente,bd6t55096436b,,failed,0,0,,no_usable_pages,known,,,bd6t55096436b: no usable pages in manifest.,2026-07-17T17:57:45.599909
lacharente,bd6t55096437r,,failed,0,0,,no_usable_pages,known,,,bd6t55096437r: no usable pages in manifest.,2026-07-17T17:57:45.763777
lacharente,bd6t550964385,,failed,0,0,,no_usable_pages,known,,,bd6t550964385: no usable pages in manifest.,2026-07-17T17:57:45.997029
lacharente,bd6t55096439k,,failed,0,0,,no_usable_pages,known,,,bd6t55096439k: no usable pages in manifest.,2026-07-17T17:57:46.149311
lacharente,bd6t550964407,,failed,0,0,,no_usable_pages,known,,,bd6t550964407: no usable pages in manifest.,2026-07-17T17:57:46.298037
lacharente,bd6t55096441n,,failed,0,0,,no_usable_pages,known,,,bd6t55096441n: no usable pages in manifest.,2026-07-17T17:57:46.420882
lacharente,bd6t550964422,,failed,0,0,,no_usable_pages,known,,,bd6t550964422: no usable pages in manifest.,2026-07-17T17:57:46.652954
lacharente,bd6t55096443g,,failed,0,0,,no_usable_pages,known,,,bd6t55096443g: no usable pages in manifest.,2026-07-17T17:57:46.847556
lacharente,bd6t55096444w,,failed,0,0,,no_usable_pages,known,,,bd6t55096444w: no usable pages in manifest.,2026-07-17T17:57:46.965006
lacharente,bd6t550964459,,failed,0,0,,no_usable_pages,known,,,bd6t550964459: no usable pages in manifest.,2026-07-17T17:57:47.097907
lacharente,bd6t55096446q,,failed,0,0,,no_usable_pages,known,,,bd6t55096446q: no usable pages in manifest.,2026-07-17T17:57:47.203984
lacharente,bd6t550964474,,failed,0,0,,no_usable_pages,known,,,bd6t550964474: no usable pages in manifest.,2026-07-17T17:57:47.335060
lacharente,bd6t55096448j,,failed,0,0,,no_usable_pages,known,,,bd6t55096448j: no usable pages in manifest.,2026-07-17T17:57:47.464947
lacharente,bd6t55096449z,,failed,0,0,,no_usable_pages,known,,,bd6t55096449z: no usable pages in manifest.,2026-07-17T17:57:47.614556
lacharente,bd6t55096450m,,failed,0,0,,no_usable_pages,known,,,bd6t55096450m: no usable pages in manifest.,2026-07-17T17:57:47.732778
lacharente,bd6t550964511,,failed,0,0,,no_usable_pages,known,,,bd6t550964511: no usable pages in manifest.,2026-07-17T17:57:47.916060
lacharente,bd6t55096452f,,failed,0,0,,no_usable_pages,known,,,bd6t55096452f: no usable pages in manifest.,2026-07-17T17:57:48.063591
lacharente,bd6t55096453v,,failed,0,0,,no_usable_pages,known,,,bd6t55096453v: no usable pages in manifest.,2026-07-17T17:57:48.273224
lacharente,bd6t550964548,,failed,0,0,,no_usable_pages,known,,,bd6t550964548: no usable pages in manifest.,2026-07-17T17:57:48.419372
lacharente,bd6t55096455p,,failed,0,0,,no_usable_pages,known,,,bd6t55096455p: no usable pages in manifest.,2026-07-17T17:57:48.543688
lacharente,bd6t550964563,,failed,0,0,,no_usable_pages,known,,,bd6t550964563: no usable pages in manifest.,2026-07-17T17:57:48.739126
lacharente,bd6t55096457h,,failed,0,0,,no_usable_pages,known,,,bd6t55096457h: no usable pages in manifest.,2026-07-17T17:57:48.919580
lacharente,bd6t55096458x,,failed,0,0,,no_usable_pages,known,,,bd6t55096458x: no usable pages in manifest.,2026-07-17T17:57:49.051026
lacharente,bd6t55096459b,,failed,0,0,,no_usable_pages,known,,,bd6t55096459b: no usable pages in manifest.,2026-07-17T17:57:49.222630
lacharente,bd6t550964600,,failed,0,0,,no_usable_pages,known,,,bd6t550964600: no usable pages in manifest.,2026-07-17T17:57:49.357883
lacharente,bd6t55096461d,,failed,0,0,,no_usable_pages,known,,,bd6t55096461d: no usable pages in manifest.,2026-07-17T17:57:49.476501
lacharente,bd6t55096462t,,failed,0,0,,no_usable_pages,known,,,bd6t55096462t: no usable pages in manifest.,2026-07-17T17:57:49.583709
lacharente,bd6t550964637,,failed,0,0,,no_usable_pages,known,,,bd6t550964637: no usable pages in manifest.,2026-07-17T17:57:49.815859
lacharente,bd6t55096464n,,failed,0,0,,no_usable_pages,known,,,bd6t55096464n: no usable pages in manifest.,2026-07-17T17:57:49.948083
lacharente,bd6t550964652,,failed,0,0,,no_usable_pages,known,,,bd6t550964652: no usable pages in manifest.,2026-07-17T17:57:50.084980
lacharente,bd6t55096466g,,failed,0,0,,no_usable_pages,known,,,bd6t55096466g: no usable pages in manifest.,2026-07-17T17:57:50.179560
lacharente,bd6t55096467w,,failed,0,0,,no_usable_pages,known,,,bd6t55096467w: no usable pages in manifest.,2026-07-17T17:57:50.308422
lacharente,bd6t550964689,,failed,0,0,,no_usable_pages,known,,,bd6t550964689: no usable pages in manifest.,2026-07-17T17:57:50.468969
lacharente,bd6t55096469q,,failed,0,0,,no_usable_pages,known,,,bd6t55096469q: no usable pages in manifest.,2026-07-17T17:57:50.619461
lacharente,bd6t55096470c,,failed,0,0,,no_usable_pages,known,,,bd6t55096470c: no usable pages in manifest.,2026-07-17T17:57:50.744132
lacharente,bd6t55096471s,,failed,0,0,,no_usable_pages,known,,,bd6t55096471s: no usable pages in manifest.,2026-07-17T17:57:50.923382
lacharente,bd6t550964726,,failed,0,0,,no_usable_pages,known,,,bd6t550964726: no usable pages in manifest.,2026-07-17T17:57:51.055209
lacharente,bd6t55096473m,,failed,0,0,,no_usable_pages,known,,,bd6t55096473m: no usable pages in manifest.,2026-07-17T17:57:51.190422
lacharente,bd6t550964741,,failed,0,0,,no_usable_pages,known,,,bd6t550964741: no usable pages in manifest.,2026-07-17T17:57:51.309830
lacharente,bd6t55096475f,,failed,0,0,,no_usable_pages,known,,,bd6t55096475f: no usable pages in manifest.,2026-07-17T17:57:51.442027
lacharente,bd6t55096476v,,failed,0,0,,no_usable_pages,known,,,bd6t55096476v: no usable pages in manifest.,2026-07-17T17:57:51.554938
lacharente,bd6t550964778,,failed,0,0,,no_usable_pages,known,,,bd6t550964778: no usable pages in manifest.,2026-07-17T17:57:51.670268
lacharente,bd6t55096478p,,failed,0,0,,no_usable_pages,known,,,bd6t55096478p: no usable pages in manifest.,2026-07-17T17:57:51.843833
lacharente,bd6t550964793,,failed,0,0,,no_usable_pages,known,,,bd6t550964793: no usable pages in manifest.,2026-07-17T17:57:52.016771
lacharente,bd6t55096480r,,failed,0,0,,no_usable_pages,known,,,bd6t55096480r: no usable pages in manifest.,2026-07-17T17:57:52.201901
lacharente,bd6t550964815,,failed,0,0,,no_usable_pages,known,,,bd6t550964815: no usable pages in manifest.,2026-07-17T17:57:52.339271
lacharente,bd6t55096482k,,failed,0,0,,no_usable_pages,known,,,bd6t55096482k: no usable pages in manifest.,2026-07-17T17:57:52.477454
lacharente,bd6t550964830,,failed,0,0,,no_usable_pages,known,,,bd6t550964830: no usable pages in manifest.,2026-07-17T17:57:52.632428
lacharente,bd6t55096484d,,failed,0,0,,no_usable_pages,known,,,bd6t55096484d: no usable pages in manifest.,2026-07-17T17:57:52.802861
lacharente,bd6t55096485t,,failed,0,0,,no_usable_pages,known,,,bd6t55096485t: no usable pages in manifest.,2026-07-17T17:57:53.042134
lacharente,bd6t550964867,,failed,0,0,,no_usable_pages,known,,,bd6t550964867: no usable pages in manifest.,2026-07-17T17:57:53.215656
lacharente,bd6t55096487n,,failed,0,0,,no_usable_pages,known,,,bd6t55096487n: no usable pages in manifest.,2026-07-17T17:57:53.350271
lacharente,bd6t550964882,,failed,0,0,,no_usable_pages,known,,,bd6t550964882: no usable pages in manifest.,2026-07-17T17:57:53.445779
lacharente,bd6t550967816,,failed,0,0,,no_usable_pages,known,,,bd6t550967816: no usable pages in manifest.,2026-07-17T17:57:53.615486
lacharente,bd6t55096489g,,failed,0,0,,no_usable_pages,known,,,bd6t55096489g: no usable pages in manifest.,2026-07-17T17:57:53.797317
lacharente,bd6t550964904,,failed,0,0,,no_usable_pages,known,,,bd6t550964904: no usable pages in manifest.,2026-07-17T17:57:53.922258
lacharente,bd6t55096491j,,failed,0,0,,no_usable_pages,known,,,bd6t55096491j: no usable pages in manifest.,2026-07-17T17:57:54.134229
lacharente,bd6t55096492z,,failed,0,0,,no_usable_pages,known,,,bd6t55096492z: no usable pages in manifest.,2026-07-17T17:57:54.375244
lacharente,bd6t55096493c,,failed,0,0,,no_usable_pages,known,,,bd6t55096493c: no usable pages in manifest.,2026-07-17T17:57:54.639423
lacharente,bd6t55096494s,,failed,0,0,,no_usable_pages,known,,,bd6t55096494s: no usable pages in manifest.,2026-07-17T17:57:54.805533
lacharente,bd6t550964956,,failed,0,0,,no_usable_pages,known,,,bd6t550964956: no usable pages in manifest.,2026-07-17T17:57:54.973120
lacharente,bd6t55096496m,,failed,0,0,,no_usable_pages,known,,,bd6t55096496m: no usable pages in manifest.,2026-07-17T17:57:55.137751
lacharente,bd6t550964971,,failed,0,0,,no_usable_pages,known,,,bd6t550964971: no usable pages in manifest.,2026-07-17T17:57:55.331948
lacharente,bd6t55096498f,,failed,0,0,,no_usable_pages,known,,,bd6t55096498f: no usable pages in manifest.,2026-07-17T17:57:55.539885
lacharente,bd6t55096499v,,failed,0,0,,no_usable_pages,known,,,bd6t55096499v: no usable pages in manifest.,2026-07-17T17:57:55.684482
lacharente,bd6t550965002,,failed,0,0,,no_usable_pages,known,,,bd6t550965002: no usable pages in manifest.,2026-07-17T17:57:55.774157
lacharente,bd6t55096501g,,failed,0,0,,no_usable_pages,known,,,bd6t55096501g: no usable pages in manifest.,2026-07-17T17:57:55.877228
lacharente,bd6t55096502w,,failed,0,0,,no_usable_pages,known,,,bd6t55096502w: no usable pages in manifest.,2026-07-17T17:57:55.983003
lacharente,bd6t550965039,,failed,0,0,,no_usable_pages,known,,,bd6t550965039: no usable pages in manifest.,2026-07-17T17:57:56.098546
lacharente,bd6t55096504q,,failed,0,0,,no_usable_pages,known,,,bd6t55096504q: no usable pages in manifest.,2026-07-17T17:57:56.242310
lacharente,bd6t550965054,,failed,0,0,,no_usable_pages,known,,,bd6t550965054: no usable pages in manifest.,2026-07-17T17:57:56.372058
lacharente,bd6t55096506j,,failed,0,0,,no_usable_pages,known,,,bd6t55096506j: no usable pages in manifest.,2026-07-17T17:57:56.638822
lacharente,bd6t55096507z,,failed,0,0,,no_usable_pages,known,,,bd6t55096507z: no usable pages in manifest.,2026-07-17T17:57:56.782814
lacharente,bd6t55096508c,,failed,0,0,,no_usable_pages,known,,,bd6t55096508c: no usable pages in manifest.,2026-07-17T17:57:56.916098
lacharente,bd6t55096509s,,failed,0,0,,no_usable_pages,known,,,bd6t55096509s: no usable pages in manifest.,2026-07-17T17:57:57.151080
lacharente,bd6t55096510f,,failed,0,0,,no_usable_pages,known,,,bd6t55096510f: no usable pages in manifest.,2026-07-17T17:57:57.347828
lacharente,bd6t55096511v,,failed,0,0,,no_usable_pages,known,,,bd6t55096511v: no usable pages in manifest.,2026-07-17T17:57:57.511161
lacharente,bd6t550965128,,failed,0,0,,no_usable_pages,known,,,bd6t550965128: no usable pages in manifest.,2026-07-17T17:57:57.635461
lacharente,bd6t55096513p,,failed,0,0,,no_usable_pages,known,,,bd6t55096513p: no usable pages in manifest.,2026-07-17T17:57:57.732285
lacharente,bd6t550965143,,failed,0,0,,no_usable_pages,known,,,bd6t550965143: no usable pages in manifest.,2026-07-17T17:57:57.831385
lacharente,bd6t55096515h,,failed,0,0,,no_usable_pages,known,,,bd6t55096515h: no usable pages in manifest.,2026-07-17T17:57:57.936850
lacharente,bd6t55096516x,,failed,0,0,,no_usable_pages,known,,,bd6t55096516x: no usable pages in manifest.,2026-07-17T17:57:58.042304
lacharente,bd6t55096517b,,failed,0,0,,no_usable_pages,known,,,bd6t55096517b: no usable pages in manifest.,2026-07-17T17:57:58.130139
lacharente,bd6t55096518r,,failed,0,0,,no_usable_pages,known,,,bd6t55096518r: no usable pages in manifest.,2026-07-17T17:57:58.233572
lacharente,bd6t550965195,,failed,0,0,,no_usable_pages,known,,,bd6t550965195: no usable pages in manifest.,2026-07-17T17:57:58.543338
lacharente,bd6t55096520t,,failed,0,0,,no_usable_pages,known,,,bd6t55096520t: no usable pages in manifest.,2026-07-17T17:57:58.811273
lacharente,bd6t550965217,,failed,0,0,,no_usable_pages,known,,,bd6t550965217: no usable pages in manifest.,2026-07-17T17:57:58.966732
lacharente,bd6t55096522n,,failed,0,0,,no_usable_pages,known,,,bd6t55096522n: no usable pages in manifest.,2026-07-17T17:57:59.081104
lacharente,bd6t550965232,,failed,0,0,,no_usable_pages,known,,,bd6t550965232: no usable pages in manifest.,2026-07-17T17:57:59.253649
lacharente,bd6t55096524g,,failed,0,0,,no_usable_pages,known,,,bd6t55096524g: no usable pages in manifest.,2026-07-17T17:57:59.437563
lacharente,bd6t55096525w,,failed,0,0,,no_usable_pages,known,,,bd6t55096525w: no usable pages in manifest.,2026-07-17T17:57:59.543503
lacharente,bd6t550965269,,failed,0,0,,no_usable_pages,known,,,bd6t550965269: no usable pages in manifest.,2026-07-17T17:57:59.671055
lacharente,bd6t55096527q,,failed,0,0,,no_usable_pages,known,,,bd6t55096527q: no usable pages in manifest.,2026-07-17T17:57:59.825071
lacharente,bd6t550965284,,failed,0,0,,no_usable_pages,known,,,bd6t550965284: no usable pages in manifest.,2026-07-17T17:57:59.997832
lacharente,bd6t55096529j,,failed,0,0,,no_usable_pages,known,,,bd6t55096529j: no usable pages in manifest.,2026-07-17T17:58:00.134741
lacharente,bd6t550965306,,failed,0,0,,no_usable_pages,known,,,bd6t550965306: no usable pages in manifest.,2026-07-17T17:58:00.284607
lacharente,bd6t55096531m,,failed,0,0,,no_usable_pages,known,,,bd6t55096531m: no usable pages in manifest.,2026-07-17T17:58:00.406319
lacharente,bd6t550965321,,failed,0,0,,no_usable_pages,known,,,bd6t550965321: no usable pages in manifest.,2026-07-17T17:58:00.584115
lacharente,bd6t55096533f,,failed,0,0,,no_usable_pages,known,,,bd6t55096533f: no usable pages in manifest.,2026-07-17T17:58:00.694425
lacharente,bd6t55096534v,,failed,0,0,,no_usable_pages,known,,,bd6t55096534v: no usable pages in manifest.,2026-07-17T17:58:00.838938
lacharente,bd6t550965358,,failed,0,0,,no_usable_pages,known,,,bd6t550965358: no usable pages in manifest.,2026-07-17T17:58:00.927425
lacharente,bd6t55096536p,,failed,0,0,,no_usable_pages,known,,,bd6t55096536p: no usable pages in manifest.,2026-07-17T17:58:01.087001
lacharente,bd6t550965373,,failed,0,0,,no_usable_pages,known,,,bd6t550965373: no usable pages in manifest.,2026-07-17T17:58:01.203072
lacharente,bd6t55096538h,,failed,0,0,,no_usable_pages,known,,,bd6t55096538h: no usable pages in manifest.,2026-07-17T17:58:01.320466
lacharente,bd6t55096539x,,failed,0,0,,no_usable_pages,known,,,bd6t55096539x: no usable pages in manifest.,2026-07-17T17:58:01.491589
lacharente,bd6t55096540k,,failed,0,0,,no_usable_pages,known,,,bd6t55096540k: no usable pages in manifest.,2026-07-17T17:58:01.656212
lacharente,bd6t55096542d,,failed,0,0,,no_usable_pages,known,,,bd6t55096542d: no usable pages in manifest.,2026-07-17T17:58:01.767858
lacharente,bd6t550965410,,failed,0,0,,no_usable_pages,known,,,bd6t550965410: no usable pages in manifest.,2026-07-17T17:58:01.918815
lacharente,bd6t55096543t,,failed,0,0,,no_usable_pages,known,,,bd6t55096543t: no usable pages in manifest.,2026-07-17T17:58:02.049404
lacharente,bd6t550965447,,failed,0,0,,no_usable_pages,known,,,bd6t550965447: no usable pages in manifest.,2026-07-17T17:58:02.152334
lacharente,bd6t55096545n,,failed,0,0,,no_usable_pages,known,,,bd6t55096545n: no usable pages in manifest.,2026-07-17T17:58:02.277528
lacharente,bd6t550965462,,failed,0,0,,no_usable_pages,known,,,bd6t550965462: no usable pages in manifest.,2026-07-17T17:58:02.424197
lacharente,bd6t55096547g,,failed,0,0,,no_usable_pages,known,,,bd6t55096547g: no usable pages in manifest.,2026-07-17T17:58:02.544804
lacharente,bd6t55096548w,,failed,0,0,,no_usable_pages,known,,,bd6t55096548w: no usable pages in manifest.,2026-07-17T17:58:02.796583
lacharente,bd6t550965499,,failed,0,0,,no_usable_pages,known,,,bd6t550965499: no usable pages in manifest.,2026-07-17T17:58:03.035655
lacharente,bd6t55096550z,,failed,0,0,,no_usable_pages,known,,,bd6t55096550z: no usable pages in manifest.,2026-07-17T17:58:03.146289
lacharente,bd6t55096551c,,failed,0,0,,no_usable_pages,known,,,bd6t55096551c: no usable pages in manifest.,2026-07-17T17:58:03.298945
lacharente,bd6t55096552s,,failed,0,0,,no_usable_pages,known,,,bd6t55096552s: no usable pages in manifest.,2026-07-17T17:58:03.406652
lacharente,bd6t550965536,,failed,0,0,,no_usable_pages,known,,,bd6t550965536: no usable pages in manifest.,2026-07-17T17:58:03.507611
lacharente,bd6t55096601t,,failed,0,0,,no_usable_pages,known,,,bd6t55096601t: no usable pages in manifest.,2026-07-17T17:58:03.653977
lacharente,bd6t55096554m,,failed,0,0,,no_usable_pages,known,,,bd6t55096554m: no usable pages in manifest.,2026-07-17T17:58:03.870742
lacharente,bd6t550965551,,failed,0,0,,no_usable_pages,known,,,bd6t550965551: no usable pages in manifest.,2026-07-17T17:58:04.092981
lacharente,bd6t55096556f,,failed,0,0,,no_usable_pages,known,,,bd6t55096556f: no usable pages in manifest.,2026-07-17T17:58:04.230403
lacharente,bd6t55096557v,,failed,0,0,,no_usable_pages,known,,,bd6t55096557v: no usable pages in manifest.,2026-07-17T17:58:04.345171
lacharente,bd6t550965588,,failed,0,0,,no_usable_pages,known,,,bd6t550965588: no usable pages in manifest.,2026-07-17T17:58:04.469009
lacharente,bd6t55096559p,,failed,0,0,,no_usable_pages,known,,,bd6t55096559p: no usable pages in manifest.,2026-07-17T17:58:04.575251
lacharente,bd6t55096560b,,failed,0,0,,no_usable_pages,known,,,bd6t55096560b: no usable pages in manifest.,2026-07-17T17:58:04.800074
lacharente,bd6t55096561r,,failed,0,0,,no_usable_pages,known,,,bd6t55096561r: no usable pages in manifest.,2026-07-17T17:58:04.982192
lacharente,bd6t550965625,,failed,0,0,,no_usable_pages,known,,,bd6t550965625: no usable pages in manifest.,2026-07-17T17:58:05.128089
lacharente,bd6t55096563k,,failed,0,0,,no_usable_pages,known,,,bd6t55096563k: no usable pages in manifest.,2026-07-17T17:58:05.242452
lacharente,bd6t550965640,,failed,0,0,,no_usable_pages,known,,,bd6t550965640: no usable pages in manifest.,2026-07-17T17:58:05.347364
lacharente,bd6t55096565d,,failed,0,0,,no_usable_pages,known,,,bd6t55096565d: no usable pages in manifest.,2026-07-17T17:58:05.447833
lacharente,bd6t55096566t,,failed,0,0,,no_usable_pages,known,,,bd6t55096566t: no usable pages in manifest.,2026-07-17T17:58:05.559580
lacharente,bd6t550965677,,failed,0,0,,no_usable_pages,known,,,bd6t550965677: no usable pages in manifest.,2026-07-17T17:58:05.698982
lacharente,bd6t55096568n,,failed,0,0,,no_usable_pages,known,,,bd6t55096568n: no usable pages in manifest.,2026-07-17T17:58:05.819589
lacharente,bd6t550965692,,failed,0,0,,no_usable_pages,known,,,bd6t550965692: no usable pages in manifest.,2026-07-17T17:58:06.010105
lacharente,bd6t55096570q,,failed,0,0,,no_usable_pages,known,,,bd6t55096570q: no usable pages in manifest.,2026-07-17T17:58:06.180911
lacharente,bd6t550965714,,failed,0,0,,no_usable_pages,known,,,bd6t550965714: no usable pages in manifest.,2026-07-17T17:58:06.313040
lacharente,bd6t55096572j,,failed,0,0,,no_usable_pages,known,,,bd6t55096572j: no usable pages in manifest.,2026-07-17T17:58:06.420297
lacharente,bd6t55096573z,,failed,0,0,,no_usable_pages,known,,,bd6t55096573z: no usable pages in manifest.,2026-07-17T17:58:06.560110
lacharente,bd6t55096574c,,failed,0,0,,no_usable_pages,known,,,bd6t55096574c: no usable pages in manifest.,2026-07-17T17:58:06.672391
lacharente,bd6t55096575s,,failed,0,0,,no_usable_pages,known,,,bd6t55096575s: no usable pages in manifest.,2026-07-17T17:58:06.806245
lacharente,bd6t550965766,,failed,0,0,,no_usable_pages,known,,,bd6t550965766: no usable pages in manifest.,2026-07-17T17:58:06.952595
lacharente,bd6t55096577m,,failed,0,0,,no_usable_pages,known,,,bd6t55096577m: no usable pages in manifest.,2026-07-17T17:58:07.153121
lacharente,bd6t55096579f,,failed,0,0,,no_usable_pages,known,,,bd6t55096579f: no usable pages in manifest.,2026-07-17T17:58:07.308695
lacharente,bd6t550965803,,failed,0,0,,no_usable_pages,known,,,bd6t550965803: no usable pages in manifest.,2026-07-17T17:58:07.456327
lacharente,bd6t55096581h,,failed,0,0,,no_usable_pages,known,,,bd6t55096581h: no usable pages in manifest.,2026-07-17T17:58:07.570455
lacharente,bd6t55096582x,,failed,0,0,,no_usable_pages,known,,,bd6t55096582x: no usable pages in manifest.,2026-07-17T17:58:07.715978
lacharente,bd6t55096583b,,failed,0,0,,no_usable_pages,known,,,bd6t55096583b: no usable pages in manifest.,2026-07-17T17:58:07.838208
lacharente,bd6t55096584r,,failed,0,0,,no_usable_pages,known,,,bd6t55096584r: no usable pages in manifest.,2026-07-17T17:58:07.951495
lacharente,bd6t550965855,,failed,0,0,,no_usable_pages,known,,,bd6t550965855: no usable pages in manifest.,2026-07-17T17:58:08.174130
lacharente,bd6t55096586k,,failed,0,0,,no_usable_pages,known,,,bd6t55096586k: no usable pages in manifest.,2026-07-17T17:58:08.359902
lacharente,bd6t550965870,,failed,0,0,,no_usable_pages,known,,,bd6t550965870: no usable pages in manifest.,2026-07-17T17:58:08.484178
lacharente,bd6t55096588d,,failed,0,0,,no_usable_pages,known,,,bd6t55096588d: no usable pages in manifest.,2026-07-17T17:58:08.648890
lacharente,bd6t55096589t,,failed,0,0,,no_usable_pages,known,,,bd6t55096589t: no usable pages in manifest.,2026-07-17T17:58:08.817362
lacharente,bd6t55096590g,,failed,0,0,,no_usable_pages,known,,,bd6t55096590g: no usable pages in manifest.,2026-07-17T17:58:09.121697
lacharente,bd6t55096591w,,failed,0,0,,no_usable_pages,known,,,bd6t55096591w: no usable pages in manifest.,2026-07-17T17:58:09.324287
lacharente,bd6t550965929,,failed,0,0,,no_usable_pages,known,,,bd6t550965929: no usable pages in manifest.,2026-07-17T17:58:09.507887
lacharente,bd6t55096593q,,failed,0,0,,no_usable_pages,known,,,bd6t55096593q: no usable pages in manifest.,2026-07-17T17:58:09.620226
lacharente,bd6t550965944,,failed,0,0,,no_usable_pages,known,,,bd6t550965944: no usable pages in manifest.,2026-07-17T17:58:09.774862
lacharente,bd6t55096595j,,failed,0,0,,no_usable_pages,known,,,bd6t55096595j: no usable pages in manifest.,2026-07-17T17:58:09.908603
lacharente,bd6t55096596z,,failed,0,0,,no_usable_pages,known,,,bd6t55096596z: no usable pages in manifest.,2026-07-17T17:58:10.030532
lacharente,bd6t55096597c,,failed,0,0,,no_usable_pages,known,,,bd6t55096597c: no usable pages in manifest.,2026-07-17T17:58:10.168310
lacharente,bd6t55096598s,,failed,0,0,,no_usable_pages,known,,,bd6t55096598s: no usable pages in manifest.,2026-07-17T17:58:10.349685
lacharente,bd6t550965996,,failed,0,0,,no_usable_pages,known,,,bd6t550965996: no usable pages in manifest.,2026-07-17T17:58:10.520420
lacharente,bd6t55096600d,,failed,0,0,,no_usable_pages,known,,,bd6t55096600d: no usable pages in manifest.,2026-07-17T17:58:10.681497
lacharente,bd6t550966027,,failed,0,0,,no_usable_pages,known,,,bd6t550966027: no usable pages in manifest.,2026-07-17T17:58:10.846514
lacharente,bd6t55096603n,,failed,0,0,,no_usable_pages,known,,,bd6t55096603n: no usable pages in manifest.,2026-07-17T17:58:10.964409
lacharente,bd6t550966042,,failed,0,0,,no_usable_pages,known,,,bd6t550966042: no usable pages in manifest.,2026-07-17T17:58:11.130909
lacharente,bd6t55096605g,,failed,0,0,,no_usable_pages,known,,,bd6t55096605g: no usable pages in manifest.,2026-07-17T17:58:11.223666
lacharente,bd6t55096606w,,failed,0,0,,no_usable_pages,known,,,bd6t55096606w: no usable pages in manifest.,2026-07-17T17:58:11.395465
lacharente,bd6t55096614f,,failed,0,0,,no_usable_pages,known,,,bd6t55096614f: no usable pages in manifest.,2026-07-17T17:58:11.559981
lacharente,bd6t550966079,,failed,0,0,,no_usable_pages,known,,,bd6t550966079: no usable pages in manifest.,2026-07-17T17:58:11.669856
lacharente,bd6t55096608q,,failed,0,0,,no_usable_pages,known,,,bd6t55096608q: no usable pages in manifest.,2026-07-17T17:58:11.833808
lacharente,bd6t550966094,,failed,0,0,,no_usable_pages,known,,,bd6t550966094: no usable pages in manifest.,2026-07-17T17:58:12.003612
lacharente,bd6t55096610s,,failed,0,0,,no_usable_pages,known,,,bd6t55096610s: no usable pages in manifest.,2026-07-17T17:58:12.154321
lacharente,bd6t550966116,,failed,0,0,,no_usable_pages,known,,,bd6t550966116: no usable pages in manifest.,2026-07-17T17:58:12.276883
lacharente,bd6t55096612m,,failed,0,0,,no_usable_pages,known,,,bd6t55096612m: no usable pages in manifest.,2026-07-17T17:58:12.512252
lacharente,bd6t550966131,,failed,0,0,,no_usable_pages,known,,,bd6t550966131: no usable pages in manifest.,2026-07-17T17:58:12.646658
lacharente,bd6t55096615v,,failed,0,0,,no_usable_pages,known,,,bd6t55096615v: no usable pages in manifest.,2026-07-17T17:58:12.760591
lacharente,bd6t550966168,,failed,0,0,,no_usable_pages,known,,,bd6t550966168: no usable pages in manifest.,2026-07-17T17:58:12.914086
lacharente,bd6t55096617p,,failed,0,0,,no_usable_pages,known,,,bd6t55096617p: no usable pages in manifest.,2026-07-17T17:58:13.016136
lacharente,bd6t550966183,,failed,0,0,,no_usable_pages,known,,,bd6t550966183: no usable pages in manifest.,2026-07-17T17:58:13.147604
lacharente,bd6t55096619h,,failed,0,0,,no_usable_pages,known,,,bd6t55096619h: no usable pages in manifest.,2026-07-17T17:58:13.330905
lacharente,bd6t550966205,,failed,0,0,,no_usable_pages,known,,,bd6t550966205: no usable pages in manifest.,2026-07-17T17:58:13.516098
lacharente,bd6t55096621k,,failed,0,0,,no_usable_pages,known,,,bd6t55096621k: no usable pages in manifest.,2026-07-17T17:58:13.704578
lacharente,bd6t550966220,,failed,0,0,,no_usable_pages,known,,,bd6t550966220: no usable pages in manifest.,2026-07-17T17:58:13.857203
lacharente,bd6t55096623d,,failed,0,0,,no_usable_pages,known,,,bd6t55096623d: no usable pages in manifest.,2026-07-17T17:58:14.100002
lacharente,bd6t55096624t,,failed,0,0,,no_usable_pages,known,,,bd6t55096624t: no usable pages in manifest.,2026-07-17T17:58:14.320536
lacharente,bd6t550966257,,failed,0,0,,no_usable_pages,known,,,bd6t550966257: no usable pages in manifest.,2026-07-17T17:58:14.456993
lacharente,bd6t550965781,,failed,0,0,,no_usable_pages,known,,,bd6t550965781: no usable pages in manifest.,2026-07-17T17:58:14.662756
lacharente,bd6t55096626n,,failed,0,0,,no_usable_pages,known,,,bd6t55096626n: no usable pages in manifest.,2026-07-17T17:58:14.834262
lacharente,bd6t550966272,,failed,0,0,,no_usable_pages,known,,,bd6t550966272: no usable pages in manifest.,2026-07-17T17:58:14.949917
lacharente,bd6t55096628g,,failed,0,0,,no_usable_pages,known,,,bd6t55096628g: no usable pages in manifest.,2026-07-17T17:58:15.056305
lacharente,bd6t55096629w,,failed,0,0,,no_usable_pages,known,,,bd6t55096629w: no usable pages in manifest.,2026-07-17T17:58:15.177094
lacharente,bd6t55096630j,,failed,0,0,,no_usable_pages,known,,,bd6t55096630j: no usable pages in manifest.,2026-07-17T17:58:15.325667
lacharente,bd6t55096631z,,failed,0,0,,no_usable_pages,known,,,bd6t55096631z: no usable pages in manifest.,2026-07-17T17:58:15.463533
lacharente,bd6t55096632c,,failed,0,0,,no_usable_pages,known,,,bd6t55096632c: no usable pages in manifest.,2026-07-17T17:58:15.642501
lacharente,bd6t55096633s,,failed,0,0,,no_usable_pages,known,,,bd6t55096633s: no usable pages in manifest.,2026-07-17T17:58:15.748082
lacharente,bd6t550966346,,failed,0,0,,no_usable_pages,known,,,bd6t550966346: no usable pages in manifest.,2026-07-17T17:58:15.933570
lacharente,bd6t55096635m,,failed,0,0,,no_usable_pages,known,,,bd6t55096635m: no usable pages in manifest.,2026-07-17T17:58:16.113020
lacharente,bd6t550966361,,failed,0,0,,no_usable_pages,known,,,bd6t550966361: no usable pages in manifest.,2026-07-17T17:58:16.269921
lacharente,bd6t55096637f,,failed,0,0,,no_usable_pages,known,,,bd6t55096637f: no usable pages in manifest.,2026-07-17T17:58:16.468730
lacharente,bd6t55096638v,,failed,0,0,,no_usable_pages,known,,,bd6t55096638v: no usable pages in manifest.,2026-07-17T17:58:16.683445
lacharente,bd6t550966398,,failed,0,0,,no_usable_pages,known,,,bd6t550966398: no usable pages in manifest.,2026-07-17T17:58:16.837030
lacharente,bd6t550966450,,failed,0,0,,no_usable_pages,known,,,bd6t550966450: no usable pages in manifest.,2026-07-17T17:58:16.999176
lacharente,bd6t55096640x,,failed,0,0,,no_usable_pages,known,,,bd6t55096640x: no usable pages in manifest.,2026-07-17T17:58:17.105885
lacharente,bd6t55096641b,,failed,0,0,,no_usable_pages,known,,,bd6t55096641b: no usable pages in manifest.,2026-07-17T17:58:17.252406
lacharente,bd6t55096642r,,failed,0,0,,no_usable_pages,known,,,bd6t55096642r: no usable pages in manifest.,2026-07-17T17:58:17.393354
lacharente,bd6t550966435,,failed,0,0,,no_usable_pages,known,,,bd6t550966435: no usable pages in manifest.,2026-07-17T17:58:17.527422
lacharente,bd6t55096644k,,failed,0,0,,no_usable_pages,known,,,bd6t55096644k: no usable pages in manifest.,2026-07-17T17:58:17.709337
lacharente,bd6t55096646d,,failed,0,0,,no_usable_pages,known,,,bd6t55096646d: no usable pages in manifest.,2026-07-17T17:58:17.878692
lacharente,bd6t55096647t,,failed,0,0,,no_usable_pages,known,,,bd6t55096647t: no usable pages in manifest.,2026-07-17T17:58:18.071403
lacharente,bd6t550966487,,failed,0,0,,no_usable_pages,known,,,bd6t550966487: no usable pages in manifest.,2026-07-17T17:58:18.231845
lacharente,bd6t55096649n,,failed,0,0,,no_usable_pages,known,,,bd6t55096649n: no usable pages in manifest.,2026-07-17T17:58:18.356673
lacharente,bd6t550966509,,failed,0,0,,no_usable_pages,known,,,bd6t550966509: no usable pages in manifest.,2026-07-17T17:58:18.476359
lacharente,bd6t55096651q,,failed,0,0,,no_usable_pages,known,,,bd6t55096651q: no usable pages in manifest.,2026-07-17T17:58:18.584987
lacharente,bd6t550966524,,failed,0,0,,no_usable_pages,known,,,bd6t550966524: no usable pages in manifest.,2026-07-17T17:58:18.708886
lacharente,bd6t55096653j,,failed,0,0,,no_usable_pages,known,,,bd6t55096653j: no usable pages in manifest.,2026-07-17T17:58:18.865239
lacharente,bd6t55096654z,,failed,0,0,,no_usable_pages,known,,,bd6t55096654z: no usable pages in manifest.,2026-07-17T17:58:19.024979
lacharente,bd6t55096655c,,failed,0,0,,no_usable_pages,known,,,bd6t55096655c: no usable pages in manifest.,2026-07-17T17:58:19.158610
lacharente,bd6t55096656s,,failed,0,0,,no_usable_pages,known,,,bd6t55096656s: no usable pages in manifest.,2026-07-17T17:58:19.285236
lacharente,bd6t550966576,,failed,0,0,,no_usable_pages,known,,,bd6t550966576: no usable pages in manifest.,2026-07-17T17:58:19.404268
lacharente,bd6t55096658m,,failed,0,0,,no_usable_pages,known,,,bd6t55096658m: no usable pages in manifest.,2026-07-17T17:58:19.506887
lacharente,bd6t550966591,,failed,0,0,,no_usable_pages,known,,,bd6t550966591: no usable pages in manifest.,2026-07-17T17:58:19.611757
lacharente,bd6t55096660p,,failed,0,0,,no_usable_pages,known,,,bd6t55096660p: no usable pages in manifest.,2026-07-17T17:58:19.677234
lacharente,bd6t550966613,,failed,0,0,,no_usable_pages,known,,,bd6t550966613: no usable pages in manifest.,2026-07-17T17:58:19.802185
lacharente,bd6t55096662h,,failed,0,0,,no_usable_pages,known,,,bd6t55096662h: no usable pages in manifest.,2026-07-17T17:58:19.989830
lacharente,bd6t55096663x,,failed,0,0,,no_usable_pages,known,,,bd6t55096663x: no usable pages in manifest.,2026-07-17T17:58:20.111870
lacharente,bd6t55096664b,,failed,0,0,,no_usable_pages,known,,,bd6t55096664b: no usable pages in manifest.,2026-07-17T17:58:20.217626
lacharente,bd6t55096665r,,failed,0,0,,no_usable_pages,known,,,bd6t55096665r: no usable pages in manifest.,2026-07-17T17:58:20.326551
lacharente,bd6t550966665,,failed,0,0,,no_usable_pages,known,,,bd6t550966665: no usable pages in manifest.,2026-07-17T17:58:20.441365
lacharente,bd6t55096667k,,failed,0,0,,no_usable_pages,known,,,bd6t55096667k: no usable pages in manifest.,2026-07-17T17:58:20.609896
lacharente,bd6t550966680,,failed,0,0,,no_usable_pages,known,,,bd6t550966680: no usable pages in manifest.,2026-07-17T17:58:20.749026
lacharente,bd6t55096669d,,failed,0,0,,no_usable_pages,known,,,bd6t55096669d: no usable pages in manifest.,2026-07-17T17:58:20.873336
lacharente,bd6t550966702,,failed,0,0,,no_usable_pages,known,,,bd6t550966702: no usable pages in manifest.,2026-07-17T17:58:21.173817
lacharente,bd6t55096671g,,failed,0,0,,no_usable_pages,known,,,bd6t55096671g: no usable pages in manifest.,2026-07-17T17:58:21.307529
lacharente,bd6t55096672w,,failed,0,0,,no_usable_pages,known,,,bd6t55096672w: no usable pages in manifest.,2026-07-17T17:58:21.468760
lacharente,bd6t550966739,,failed,0,0,,no_usable_pages,known,,,bd6t550966739: no usable pages in manifest.,2026-07-17T17:58:21.633230
lacharente,bd6t55096674q,,failed,0,0,,no_usable_pages,known,,,bd6t55096674q: no usable pages in manifest.,2026-07-17T17:58:21.809644
lacharente,bd6t550966754,,failed,0,0,,no_usable_pages,known,,,bd6t550966754: no usable pages in manifest.,2026-07-17T17:58:21.952292
lacharente,bd6t55096676j,,failed,0,0,,no_usable_pages,known,,,bd6t55096676j: no usable pages in manifest.,2026-07-17T17:58:22.188730
lacharente,bd6t55096677z,,failed,0,0,,no_usable_pages,known,,,bd6t55096677z: no usable pages in manifest.,2026-07-17T17:58:22.287500
lacharente,bd6t55096678c,,failed,0,0,,no_usable_pages,known,,,bd6t55096678c: no usable pages in manifest.,2026-07-17T17:58:22.416425
lacharente,bd6t55096679s,,failed,0,0,,no_usable_pages,known,,,bd6t55096679s: no usable pages in manifest.,2026-07-17T17:58:22.560324
lacharente,bd6t55096680f,,failed,0,0,,no_usable_pages,known,,,bd6t55096680f: no usable pages in manifest.,2026-07-17T17:58:22.687903
lacharente,bd6t55096681v,,failed,0,0,,no_usable_pages,known,,,bd6t55096681v: no usable pages in manifest.,2026-07-17T17:58:22.814378
lacharente,bd6t550966828,,failed,0,0,,no_usable_pages,known,,,bd6t550966828: no usable pages in manifest.,2026-07-17T17:58:22.986578
lacharente,bd6t55096683p,,failed,0,0,,no_usable_pages,known,,,bd6t55096683p: no usable pages in manifest.,2026-07-17T17:58:23.215246
lacharente,bd6t550966843,,failed,0,0,,no_usable_pages,known,,,bd6t550966843: no usable pages in manifest.,2026-07-17T17:58:23.358068
lacharente,bd6t55096685h,,failed,0,0,,no_usable_pages,known,,,bd6t55096685h: no usable pages in manifest.,2026-07-17T17:58:23.498510
lacharente,bd6t55096686x,,failed,0,0,,no_usable_pages,known,,,bd6t55096686x: no usable pages in manifest.,2026-07-17T17:58:23.625263
lacharente,bd6t55096687b,,failed,0,0,,no_usable_pages,known,,,bd6t55096687b: no usable pages in manifest.,2026-07-17T17:58:23.770523
lacharente,bd6t55096688r,,failed,0,0,,no_usable_pages,known,,,bd6t55096688r: no usable pages in manifest.,2026-07-17T17:58:23.940602
lacharente,bd6t550966895,,failed,0,0,,no_usable_pages,known,,,bd6t550966895: no usable pages in manifest.,2026-07-17T17:58:24.051907
lacharente,bd6t55096690t,,failed,0,0,,no_usable_pages,known,,,bd6t55096690t: no usable pages in manifest.,2026-07-17T17:58:24.298511
lacharente,bd6t550966917,,failed,0,0,,no_usable_pages,known,,,bd6t550966917: no usable pages in manifest.,2026-07-17T17:58:24.443473
lacharente,bd6t55096692n,,failed,0,0,,no_usable_pages,known,,,bd6t55096692n: no usable pages in manifest.,2026-07-17T17:58:24.604310
lacharente,bd6t550966932,,failed,0,0,,no_usable_pages,known,,,bd6t550966932: no usable pages in manifest.,2026-07-17T17:58:24.805659
lacharente,bd6t55096694g,,failed,0,0,,no_usable_pages,known,,,bd6t55096694g: no usable pages in manifest.,2026-07-17T17:58:24.911453
lacharente,bd6t55096695w,,failed,0,0,,no_usable_pages,known,,,bd6t55096695w: no usable pages in manifest.,2026-07-17T17:58:25.038292
lacharente,bd6t550966969,,failed,0,0,,no_usable_pages,known,,,bd6t550966969: no usable pages in manifest.,2026-07-17T17:58:25.149520
lacharente,bd6t55096697q,,failed,0,0,,no_usable_pages,known,,,bd6t55096697q: no usable pages in manifest.,2026-07-17T17:58:25.407767
lacharente,bd6t550966984,,failed,0,0,,no_usable_pages,known,,,bd6t550966984: no usable pages in manifest.,2026-07-17T17:58:25.542697
lacharente,bd6t55096699j,,failed,0,0,,no_usable_pages,known,,,bd6t55096699j: no usable pages in manifest.,2026-07-17T17:58:25.677480
lacharente,bd6t55096700r,,failed,0,0,,no_usable_pages,known,,,bd6t55096700r: no usable pages in manifest.,2026-07-17T17:58:25.775936
lacharente,bd6t550967015,,failed,0,0,,no_usable_pages,known,,,bd6t550967015: no usable pages in manifest.,2026-07-17T17:58:25.886057
lacharente,bd6t55096702k,,failed,0,0,,no_usable_pages,known,,,bd6t55096702k: no usable pages in manifest.,2026-07-17T17:58:25.993855
lacharente,bd6t550967030,,failed,0,0,,no_usable_pages,known,,,bd6t550967030: no usable pages in manifest.,2026-07-17T17:58:26.088430
lacharente,bd6t55096704d,,failed,0,0,,no_usable_pages,known,,,bd6t55096704d: no usable pages in manifest.,2026-07-17T17:58:26.225005
lacharente,bd6t55096705t,,failed,0,0,,no_usable_pages,known,,,bd6t55096705t: no usable pages in manifest.,2026-07-17T17:58:26.411551
lacharente,bd6t550967067,,failed,0,0,,no_usable_pages,known,,,bd6t550967067: no usable pages in manifest.,2026-07-17T17:58:26.579286
lacharente,bd6t55096707n,,failed,0,0,,no_usable_pages,known,,,bd6t55096707n: no usable pages in manifest.,2026-07-17T17:58:26.679779
lacharente,bd6t550967082,,failed,0,0,,no_usable_pages,known,,,bd6t550967082: no usable pages in manifest.,2026-07-17T17:58:26.818486
lacharente,bd6t55096709g,,failed,0,0,,no_usable_pages,known,,,bd6t55096709g: no usable pages in manifest.,2026-07-17T17:58:26.935322
lacharente,bd6t550967104,,failed,0,0,,no_usable_pages,known,,,bd6t550967104: no usable pages in manifest.,2026-07-17T17:58:27.050965
lacharente,bd6t55096711j,,failed,0,0,,no_usable_pages,known,,,bd6t55096711j: no usable pages in manifest.,2026-07-17T17:58:27.185238
lacharente,bd6t55096712z,,failed,0,0,,no_usable_pages,known,,,bd6t55096712z: no usable pages in manifest.,2026-07-17T17:58:27.338241
lacharente,bd6t55096713c,,failed,0,0,,no_usable_pages,known,,,bd6t55096713c: no usable pages in manifest.,2026-07-17T17:58:27.544703
lacharente,bd6t55096714s,,failed,0,0,,no_usable_pages,known,,,bd6t55096714s: no usable pages in manifest.,2026-07-17T17:58:27.691698
lacharente,bd6t550967156,,failed,0,0,,no_usable_pages,known,,,bd6t550967156: no usable pages in manifest.,2026-07-17T17:58:27.801776
lacharente,bd6t55096716m,,failed,0,0,,no_usable_pages,known,,,bd6t55096716m: no usable pages in manifest.,2026-07-17T17:58:27.930291
lacharente,bd6t550967171,,failed,0,0,,no_usable_pages,known,,,bd6t550967171: no usable pages in manifest.,2026-07-17T17:58:28.076233
lacharente,bd6t55096718f,,failed,0,0,,no_usable_pages,known,,,bd6t55096718f: no usable pages in manifest.,2026-07-17T17:58:28.166427
lacharente,bd6t55096719v,,failed,0,0,,no_usable_pages,known,,,bd6t55096719v: no usable pages in manifest.,2026-07-17T17:58:28.295624
lacharente,bd6t55096720h,,failed,0,0,,no_usable_pages,known,,,bd6t55096720h: no usable pages in manifest.,2026-07-17T17:58:28.391468
lacharente,bd6t55096721x,,failed,0,0,,no_usable_pages,known,,,bd6t55096721x: no usable pages in manifest.,2026-07-17T17:58:28.724921
lacharente,bd6t55096722b,,failed,0,0,,no_usable_pages,known,,,bd6t55096722b: no usable pages in manifest.,2026-07-17T17:58:28.850121
lacharente,bd6t55096723r,,failed,0,0,,no_usable_pages,known,,,bd6t55096723r: no usable pages in manifest.,2026-07-17T17:58:28.984339
lacharente,bd6t550967245,,failed,0,0,,no_usable_pages,known,,,bd6t550967245: no usable pages in manifest.,2026-07-17T17:58:29.168203
lacharente,bd6t55096725k,,failed,0,0,,no_usable_pages,known,,,bd6t55096725k: no usable pages in manifest.,2026-07-17T17:58:29.309644
lacharente,bd6t550967260,,failed,0,0,,no_usable_pages,known,,,bd6t550967260: no usable pages in manifest.,2026-07-17T17:58:29.432676
lacharente,bd6t55096727d,,failed,0,0,,no_usable_pages,known,,,bd6t55096727d: no usable pages in manifest.,2026-07-17T17:58:29.620609
lacharente,bd6t55096728t,,failed,0,0,,no_usable_pages,known,,,bd6t55096728t: no usable pages in manifest.,2026-07-17T17:58:29.790590
lacharente,bd6t550967297,,failed,0,0,,no_usable_pages,known,,,bd6t550967297: no usable pages in manifest.,2026-07-17T17:58:29.933444
lacharente,bd6t550967319,,failed,0,0,,no_usable_pages,known,,,bd6t550967319: no usable pages in manifest.,2026-07-17T17:58:30.058025
lacharente,bd6t55096732q,,failed,0,0,,no_usable_pages,known,,,bd6t55096732q: no usable pages in manifest.,2026-07-17T17:58:30.198468
lacharente,bd6t550967334,,failed,0,0,,no_usable_pages,known,,,bd6t550967334: no usable pages in manifest.,2026-07-17T17:58:30.333349
lacharente,bd6t55096734j,,failed,0,0,,no_usable_pages,known,,,bd6t55096734j: no usable pages in manifest.,2026-07-17T17:58:30.444956
lacharente,bd6t55096735z,,failed,0,0,,no_usable_pages,known,,,bd6t55096735z: no usable pages in manifest.,2026-07-17T17:58:30.616882
lacharente,bd6t55096736c,,failed,0,0,,no_usable_pages,known,,,bd6t55096736c: no usable pages in manifest.,2026-07-17T17:58:30.762225
lacharente,bd6t55096737s,,failed,0,0,,no_usable_pages,known,,,bd6t55096737s: no usable pages in manifest.,2026-07-17T17:58:30.927145
lacharente,bd6t550967386,,failed,0,0,,no_usable_pages,known,,,bd6t550967386: no usable pages in manifest.,2026-07-17T17:58:31.072433
lacharente,bd6t55096739m,,failed,0,0,,no_usable_pages,known,,,bd6t55096739m: no usable pages in manifest.,2026-07-17T17:58:31.222777
lacharente,bd6t550967408,,failed,0,0,,no_usable_pages,known,,,bd6t550967408: no usable pages in manifest.,2026-07-17T17:58:31.362120
lacharente,bd6t55096741p,,failed,0,0,,no_usable_pages,known,,,bd6t55096741p: no usable pages in manifest.,2026-07-17T17:58:31.527647
lacharente,bd6t550967423,,failed,0,0,,no_usable_pages,known,,,bd6t550967423: no usable pages in manifest.,2026-07-17T17:58:31.716653
lacharente,bd6t55096743h,,failed,0,0,,no_usable_pages,known,,,bd6t55096743h: no usable pages in manifest.,2026-07-17T17:58:31.893732
lacharente,bd6t55096744x,,failed,0,0,,no_usable_pages,known,,,bd6t55096744x: no usable pages in manifest.,2026-07-17T17:58:32.030533
lacharente,bd6t55096745b,,failed,0,0,,no_usable_pages,known,,,bd6t55096745b: no usable pages in manifest.,2026-07-17T17:58:32.211411
lacharente,bd6t55096746r,,failed,0,0,,no_usable_pages,known,,,bd6t55096746r: no usable pages in manifest.,2026-07-17T17:58:32.327453
lacharente,bd6t550967475,,failed,0,0,,no_usable_pages,known,,,bd6t550967475: no usable pages in manifest.,2026-07-17T17:58:32.477826
lacharente,bd6t55096748k,,failed,0,0,,no_usable_pages,known,,,bd6t55096748k: no usable pages in manifest.,2026-07-17T17:58:32.603211
lacharente,bd6t550967490,,failed,0,0,,no_usable_pages,known,,,bd6t550967490: no usable pages in manifest.,2026-07-17T17:58:32.784823
lacharente,bd6t55096750n,,failed,0,0,,no_usable_pages,known,,,bd6t55096750n: no usable pages in manifest.,2026-07-17T17:58:32.965327
lacharente,bd6t550967512,,failed,0,0,,no_usable_pages,known,,,bd6t550967512: no usable pages in manifest.,2026-07-17T17:58:33.114255
lacharente,bd6t55096752g,,failed,0,0,,no_usable_pages,known,,,bd6t55096752g: no usable pages in manifest.,2026-07-17T17:58:33.242238
lacharente,bd6t55096753w,,failed,0,0,,no_usable_pages,known,,,bd6t55096753w: no usable pages in manifest.,2026-07-17T17:58:33.392454
lacharente,bd6t550967549,,failed,0,0,,no_usable_pages,known,,,bd6t550967549: no usable pages in manifest.,2026-07-17T17:58:33.469985
lacharente,bd6t55096755q,,failed,0,0,,no_usable_pages,known,,,bd6t55096755q: no usable pages in manifest.,2026-07-17T17:58:33.596179
lacharente,bd6t550967564,,failed,0,0,,no_usable_pages,known,,,bd6t550967564: no usable pages in manifest.,2026-07-17T17:58:33.802696
lacharente,bd6t55096757j,,failed,0,0,,no_usable_pages,known,,,bd6t55096757j: no usable pages in manifest.,2026-07-17T17:58:34.042327
lacharente,bd6t55096758z,,failed,0,0,,no_usable_pages,known,,,bd6t55096758z: no usable pages in manifest.,2026-07-17T17:58:34.188931
lacharente,bd6t55096759c,,failed,0,0,,no_usable_pages,known,,,bd6t55096759c: no usable pages in manifest.,2026-07-17T17:58:34.333970
lacharente,bd6t550967601,,failed,0,0,,no_usable_pages,known,,,bd6t550967601: no usable pages in manifest.,2026-07-17T17:58:34.409303
lacharente,bd6t55096761f,,failed,0,0,,no_usable_pages,known,,,bd6t55096761f: no usable pages in manifest.,2026-07-17T17:58:34.544892
lacharente,bd6t55096762v,,failed,0,0,,no_usable_pages,known,,,bd6t55096762v: no usable pages in manifest.,2026-07-17T17:58:34.666469
lacharente,bd6t550967638,,failed,0,0,,no_usable_pages,known,,,bd6t550967638: no usable pages in manifest.,2026-07-17T17:58:34.764219
lacharente,bd6t55096764p,,failed,0,0,,no_usable_pages,known,,,bd6t55096764p: no usable pages in manifest.,2026-07-17T17:58:34.912847
lacharente,bd6t550967653,,failed,0,0,,no_usable_pages,known,,,bd6t550967653: no usable pages in manifest.,2026-07-17T17:58:35.112300
lacharente,bd6t55096766h,,failed,0,0,,no_usable_pages,known,,,bd6t55096766h: no usable pages in manifest.,2026-07-17T17:58:35.228595
lacharente,bd6t55096767x,,failed,0,0,,no_usable_pages,known,,,bd6t55096767x: no usable pages in manifest.,2026-07-17T17:58:35.379384
lacharente,bd6t55096768b,,failed,0,0,,no_usable_pages,known,,,bd6t55096768b: no usable pages in manifest.,2026-07-17T17:58:35.486562
lacharente,bd6t55096769r,,failed,0,0,,no_usable_pages,known,,,bd6t55096769r: no usable pages in manifest.,2026-07-17T17:58:35.616207
lacharente,bd6t55096770d,,failed,0,0,,no_usable_pages,known,,,bd6t55096770d: no usable pages in manifest.,2026-07-17T17:58:35.750763
lacharente,bd6t55096771t,,failed,0,0,,no_usable_pages,known,,,bd6t55096771t: no usable pages in manifest.,2026-07-17T17:58:35.922943
lacharente,bd6t550967727,,failed,0,0,,no_usable_pages,known,,,bd6t550967727: no usable pages in manifest.,2026-07-17T17:58:36.081924
lacharente,bd6t55096773n,,failed,0,0,,no_usable_pages,known,,,bd6t55096773n: no usable pages in manifest.,2026-07-17T17:58:36.227759
lacharente,bd6t550967742,,failed,0,0,,no_usable_pages,known,,,bd6t550967742: no usable pages in manifest.,2026-07-17T17:58:36.367093
lacharente,bd6t55096775g,,failed,0,0,,no_usable_pages,known,,,bd6t55096775g: no usable pages in manifest.,2026-07-17T17:58:36.474298
lacharente,bd6t55096776w,,failed,0,0,,no_usable_pages,known,,,bd6t55096776w: no usable pages in manifest.,2026-07-17T17:58:36.604154
lacharente,bd6t550967779,,failed,0,0,,no_usable_pages,known,,,bd6t550967779: no usable pages in manifest.,2026-07-17T17:58:36.755189
lacharente,bd6t55096778q,,failed,0,0,,no_usable_pages,known,,,bd6t55096778q: no usable pages in manifest.,2026-07-17T17:58:36.869979
lacharente,bd6t550967794,,failed,0,0,,no_usable_pages,known,,,bd6t550967794: no usable pages in manifest.,2026-07-17T17:58:37.023862
lacharente,bd6t55096780s,,failed,0,0,,no_usable_pages,known,,,bd6t55096780s: no usable pages in manifest.,2026-07-17T17:58:37.199564
lacharente,bd6t55096782m,,failed,0,0,,no_usable_pages,known,,,bd6t55096782m: no usable pages in manifest.,2026-07-17T17:58:37.315300
lacharente,bd6t550967831,,failed,0,0,,no_usable_pages,known,,,bd6t550967831: no usable pages in manifest.,2026-07-17T17:58:37.475558
lacharente,bd6t55096784f,,failed,0,0,,no_usable_pages,known,,,bd6t55096784f: no usable pages in manifest.,2026-07-17T17:58:37.640553
lacharente,bd6t55096785v,,failed,0,0,,no_usable_pages,known,,,bd6t55096785v: no usable pages in manifest.,2026-07-17T17:58:37.836201
lacharente,bd6t550967868,,failed,0,0,,no_usable_pages,known,,,bd6t550967868: no usable pages in manifest.,2026-07-17T17:58:37.970887
lacharente,bd6t55096787p,,failed,0,0,,no_usable_pages,known,,,bd6t55096787p: no usable pages in manifest.,2026-07-17T17:58:38.256052
lacharente,bd6t550967883,,failed,0,0,,no_usable_pages,known,,,bd6t550967883: no usable pages in manifest.,2026-07-17T17:58:38.383639
lacharente,bd6t55096789h,,failed,0,0,,no_usable_pages,known,,,bd6t55096789h: no usable pages in manifest.,2026-07-17T17:58:38.487267
lacharente,bd6t55096791k,,failed,0,0,,no_usable_pages,known,,,bd6t55096791k: no usable pages in manifest.,2026-07-17T17:58:38.595499
lacharente,bd6t550995623,,failed,0,0,,no_usable_pages,known,,,bd6t550995623: no usable pages in manifest.,2026-07-17T17:58:38.709943
lacharente,bd6t550967920,,failed,0,0,,no_usable_pages,known,,,bd6t550967920: no usable pages in manifest.,2026-07-17T17:58:38.806337
lacharente,bd6t55096793d,,failed,0,0,,no_usable_pages,known,,,bd6t55096793d: no usable pages in manifest.,2026-07-17T17:58:38.934737
lacharente,bd6t55096794t,,failed,0,0,,no_usable_pages,known,,,bd6t55096794t: no usable pages in manifest.,2026-07-17T17:58:39.113046
lacharente,bd6t550967957,,failed,0,0,,no_usable_pages,known,,,bd6t550967957: no usable pages in manifest.,2026-07-17T17:58:39.341110
lacharente,bd6t55096796n,,failed,0,0,,no_usable_pages,known,,,bd6t55096796n: no usable pages in manifest.,2026-07-17T17:58:39.464618
lacharente,bd6t550967972,,failed,0,0,,no_usable_pages,known,,,bd6t550967972: no usable pages in manifest.,2026-07-17T17:58:39.627853
lacharente,bd6t55096798g,,failed,0,0,,no_usable_pages,known,,,bd6t55096798g: no usable pages in manifest.,2026-07-17T17:58:39.775336
lacharente,bd6t55096799w,,failed,0,0,,no_usable_pages,known,,,bd6t55096799w: no usable pages in manifest.,2026-07-17T17:58:39.914753
lacharente,bd6t550968003,,failed,0,0,,no_usable_pages,known,,,bd6t550968003: no usable pages in manifest.,2026-07-17T17:58:40.040033
lacharente,bd6t55096801h,,failed,0,0,,no_usable_pages,known,,,bd6t55096801h: no usable pages in manifest.,2026-07-17T17:58:40.195551
lacharente,bd6t55096802x,,failed,0,0,,no_usable_pages,known,,,bd6t55096802x: no usable pages in manifest.,2026-07-17T17:58:40.423349
lacharente,bd6t55096803b,,failed,0,0,,no_usable_pages,known,,,bd6t55096803b: no usable pages in manifest.,2026-07-17T17:58:40.554576
lacharente,bd6t55096804r,,failed,0,0,,no_usable_pages,known,,,bd6t55096804r: no usable pages in manifest.,2026-07-17T17:58:40.718376
lacharente,bd6t550968055,,failed,0,0,,no_usable_pages,known,,,bd6t550968055: no usable pages in manifest.,2026-07-17T17:58:40.850664
lacharente,bd6t55096806k,,failed,0,0,,no_usable_pages,known,,,bd6t55096806k: no usable pages in manifest.,2026-07-17T17:58:40.996559
lacharente,bd6t550968070,,failed,0,0,,no_usable_pages,known,,,bd6t550968070: no usable pages in manifest.,2026-07-17T17:58:41.121650
lacharente,bd6t55096808d,,failed,0,0,,no_usable_pages,known,,,bd6t55096808d: no usable pages in manifest.,2026-07-17T17:58:41.258684
lacharente,bd6t55096809t,,failed,0,0,,no_usable_pages,known,,,bd6t55096809t: no usable pages in manifest.,2026-07-17T17:58:41.498183
lacharente,bd6t55096810g,,failed,0,0,,no_usable_pages,known,,,bd6t55096810g: no usable pages in manifest.,2026-07-17T17:58:41.642611
lacharente,bd6t55096811w,,failed,0,0,,no_usable_pages,known,,,bd6t55096811w: no usable pages in manifest.,2026-07-17T17:58:41.786397
lacharente,bd6t550968129,,failed,0,0,,no_usable_pages,known,,,bd6t550968129: no usable pages in manifest.,2026-07-17T17:58:41.918432
lacharente,bd6t55096813q,,failed,0,0,,no_usable_pages,known,,,bd6t55096813q: no usable pages in manifest.,2026-07-17T17:58:42.064587
lacharente,bd6t550968144,,failed,0,0,,no_usable_pages,known,,,bd6t550968144: no usable pages in manifest.,2026-07-17T17:58:42.151895
lacharente,bd6t550967905,,failed,0,0,,no_usable_pages,known,,,bd6t550967905: no usable pages in manifest.,2026-07-17T17:58:42.324348
lacharente,bd6t55096815j,,failed,0,0,,no_usable_pages,known,,,bd6t55096815j: no usable pages in manifest.,2026-07-17T17:58:42.572212
lacharente,bd6t55096816z,,failed,0,0,,no_usable_pages,known,,,bd6t55096816z: no usable pages in manifest.,2026-07-17T17:58:42.726061
lacharente,bd6t55096817c,,failed,0,0,,no_usable_pages,known,,,bd6t55096817c: no usable pages in manifest.,2026-07-17T17:58:42.885457
lacharente,bd6t55096818s,,failed,0,0,,no_usable_pages,known,,,bd6t55096818s: no usable pages in manifest.,2026-07-17T17:58:43.007158
lacharente,bd6t550968196,,failed,0,0,,no_usable_pages,known,,,bd6t550968196: no usable pages in manifest.,2026-07-17T17:58:43.214219
lacharente,bd6t55096820v,,failed,0,0,,no_usable_pages,known,,,bd6t55096820v: no usable pages in manifest.,2026-07-17T17:58:43.414419
lacharente,bd6t550968218,,failed,0,0,,no_usable_pages,known,,,bd6t550968218: no usable pages in manifest.,2026-07-17T17:58:43.698021
lacharente,bd6t55096822p,,failed,0,0,,no_usable_pages,known,,,bd6t55096822p: no usable pages in manifest.,2026-07-17T17:58:43.861884
lacharente,bd6t550968233,,failed,0,0,,no_usable_pages,known,,,bd6t550968233: no usable pages in manifest.,2026-07-17T17:58:43.979204
lacharente,bd6t55096824h,,failed,0,0,,no_usable_pages,known,,,bd6t55096824h: no usable pages in manifest.,2026-07-17T17:58:44.096938
lacharente,bd6t55096825x,,failed,0,0,,no_usable_pages,known,,,bd6t55096825x: no usable pages in manifest.,2026-07-17T17:58:44.214368
lacharente,bd6t55096826b,,failed,0,0,,no_usable_pages,known,,,bd6t55096826b: no usable pages in manifest.,2026-07-17T17:58:44.324795
lacharente,bd6t55096827r,,failed,0,0,,no_usable_pages,known,,,bd6t55096827r: no usable pages in manifest.,2026-07-17T17:58:44.441411
lacharente,bd6t550968285,,failed,0,0,,no_usable_pages,known,,,bd6t550968285: no usable pages in manifest.,2026-07-17T17:58:44.687168
lacharente,bd6t55096829k,,failed,0,0,,no_usable_pages,known,,,bd6t55096829k: no usable pages in manifest.,2026-07-17T17:58:44.841742
lacharente,bd6t550968307,,failed,0,0,,no_usable_pages,known,,,bd6t550968307: no usable pages in manifest.,2026-07-17T17:58:45.014711
lacharente,bd6t55096831n,,failed,0,0,,no_usable_pages,known,,,bd6t55096831n: no usable pages in manifest.,2026-07-17T17:58:45.153145
lacharente,bd6t550968322,,failed,0,0,,no_usable_pages,known,,,bd6t550968322: no usable pages in manifest.,2026-07-17T17:58:45.282739
lacharente,bd6t55096833g,,failed,0,0,,no_usable_pages,known,,,bd6t55096833g: no usable pages in manifest.,2026-07-17T17:58:45.435838
lacharente,bd6t55096834w,,failed,0,0,,no_usable_pages,known,,,bd6t55096834w: no usable pages in manifest.,2026-07-17T17:58:45.629117
lacharente,bd6t550968359,,failed,0,0,,no_usable_pages,known,,,bd6t550968359: no usable pages in manifest.,2026-07-17T17:58:45.887268
lacharente,bd6t55096836q,,failed,0,0,,no_usable_pages,known,,,bd6t55096836q: no usable pages in manifest.,2026-07-17T17:58:45.986068
lacharente,bd6t550968374,,failed,0,0,,no_usable_pages,known,,,bd6t550968374: no usable pages in manifest.,2026-07-17T17:58:46.118435
lacharente,bd6t55096838j,,failed,0,0,,no_usable_pages,known,,,bd6t55096838j: no usable pages in manifest.,2026-07-17T17:58:46.242836
lacharente,bd6t55096839z,,failed,0,0,,no_usable_pages,known,,,bd6t55096839z: no usable pages in manifest.,2026-07-17T17:58:46.385297
lacharente,bd6t55096840m,,failed,0,0,,no_usable_pages,known,,,bd6t55096840m: no usable pages in manifest.,2026-07-17T17:58:46.517387
lacharente,bd6t550968411,,failed,0,0,,no_usable_pages,known,,,bd6t550968411: no usable pages in manifest.,2026-07-17T17:58:46.701713
lacharente,bd6t55096842f,,failed,0,0,,no_usable_pages,known,,,bd6t55096842f: no usable pages in manifest.,2026-07-17T17:58:46.920531
lacharente,bd6t55096843v,,failed,0,0,,no_usable_pages,known,,,bd6t55096843v: no usable pages in manifest.,2026-07-17T17:58:47.047389
lacharente,bd6t550968448,,failed,0,0,,no_usable_pages,known,,,bd6t550968448: no usable pages in manifest.,2026-07-17T17:58:47.199436
lacharente,bd6t55096845p,,failed,0,0,,no_usable_pages,known,,,bd6t55096845p: no usable pages in manifest.,2026-07-17T17:58:47.337053
lacharente,bd6t550968463,,failed,0,0,,no_usable_pages,known,,,bd6t550968463: no usable pages in manifest.,2026-07-17T17:58:47.441619
lacharente,bd6t55096847h,,failed,0,0,,no_usable_pages,known,,,bd6t55096847h: no usable pages in manifest.,2026-07-17T17:58:47.583218
lacharente,bd6t55096848x,,failed,0,0,,no_usable_pages,known,,,bd6t55096848x: no usable pages in manifest.,2026-07-17T17:58:47.722376
lacharente,bd6t55096849b,,failed,0,0,,no_usable_pages,known,,,bd6t55096849b: no usable pages in manifest.,2026-07-17T17:58:47.949323
lacharente,bd6t550968500,,failed,0,0,,no_usable_pages,known,,,bd6t550968500: no usable pages in manifest.,2026-07-17T17:58:48.030702
lacharente,bd6t55096851d,,failed,0,0,,no_usable_pages,known,,,bd6t55096851d: no usable pages in manifest.,2026-07-17T17:58:48.150650
lacharente,bd6t55096852t,,failed,0,0,,no_usable_pages,known,,,bd6t55096852t: no usable pages in manifest.,2026-07-17T17:58:48.260364
lacharente,bd6t550968537,,failed,0,0,,no_usable_pages,known,,,bd6t550968537: no usable pages in manifest.,2026-07-17T17:58:48.353160
lacharente,bd6t55096854n,,failed,0,0,,no_usable_pages,known,,,bd6t55096854n: no usable pages in manifest.,2026-07-17T17:58:48.447996
lacharente,bd6t550968552,,failed,0,0,,no_usable_pages,known,,,bd6t550968552: no usable pages in manifest.,2026-07-17T17:58:48.543145
lacharente,bd6t55096856g,,failed,0,0,,no_usable_pages,known,,,bd6t55096856g: no usable pages in manifest.,2026-07-17T17:58:48.670234
lacharente,bd6t55096857w,,failed,0,0,,no_usable_pages,known,,,bd6t55096857w: no usable pages in manifest.,2026-07-17T17:58:48.756293
lacharente,bd6t550968589,,failed,0,0,,no_usable_pages,known,,,bd6t550968589: no usable pages in manifest.,2026-07-17T17:58:48.932822
lacharente,bd6t55096859q,,failed,0,0,,no_usable_pages,known,,,bd6t55096859q: no usable pages in manifest.,2026-07-17T17:58:49.185869
lacharente,bd6t55096860c,,failed,0,0,,no_usable_pages,known,,,bd6t55096860c: no usable pages in manifest.,2026-07-17T17:58:49.311480
lacharente,bd6t55096861s,,failed,0,0,,no_usable_pages,known,,,bd6t55096861s: no usable pages in manifest.,2026-07-17T17:58:49.437164
lacharente,bd6t550968626,,failed,0,0,,no_usable_pages,known,,,bd6t550968626: no usable pages in manifest.,2026-07-17T17:58:49.602084
lacharente,bd6t55096863m,,failed,0,0,,no_usable_pages,known,,,bd6t55096863m: no usable pages in manifest.,2026-07-17T17:58:49.723650
lacharente,bd6t550968641,,failed,0,0,,no_usable_pages,known,,,bd6t550968641: no usable pages in manifest.,2026-07-17T17:58:49.854106
lacharente,bd6t55096865f,,failed,0,0,,no_usable_pages,known,,,bd6t55096865f: no usable pages in manifest.,2026-07-17T17:58:49.967570
lacharente,bd6t55096866v,,failed,0,0,,no_usable_pages,known,,,bd6t55096866v: no usable pages in manifest.,2026-07-17T17:58:50.155820
lacharente,bd6t550968678,,failed,0,0,,no_usable_pages,known,,,bd6t550968678: no usable pages in manifest.,2026-07-17T17:58:50.279713
lacharente,bd6t55096868p,,failed,0,0,,no_usable_pages,known,,,bd6t55096868p: no usable pages in manifest.,2026-07-17T17:58:50.406711
lacharente,bd6t550968693,,failed,0,0,,no_usable_pages,known,,,bd6t550968693: no usable pages in manifest.,2026-07-17T17:58:50.530326
lacharente,bd6t55096870r,,failed,0,0,,no_usable_pages,known,,,bd6t55096870r: no usable pages in manifest.,2026-07-17T17:58:50.671971
lacharente,bd6t550968715,,failed,0,0,,no_usable_pages,known,,,bd6t550968715: no usable pages in manifest.,2026-07-17T17:58:50.798642
lacharente,bd6t55096872k,,failed,0,0,,no_usable_pages,known,,,bd6t55096872k: no usable pages in manifest.,2026-07-17T17:58:50.964643
lacharente,bd6t550968730,,failed,0,0,,no_usable_pages,known,,,bd6t550968730: no usable pages in manifest.,2026-07-17T17:58:51.120238
lacharente,bd6t55096874d,,failed,0,0,,no_usable_pages,known,,,bd6t55096874d: no usable pages in manifest.,2026-07-17T17:58:51.371421
lacharente,bd6t55096875t,,failed,0,0,,no_usable_pages,known,,,bd6t55096875t: no usable pages in manifest.,2026-07-17T17:58:51.608981
lacharente,bd6t550968767,,failed,0,0,,no_usable_pages,known,,,bd6t550968767: no usable pages in manifest.,2026-07-17T17:58:51.806761
lacharente,bd6t55096877n,,failed,0,0,,no_usable_pages,known,,,bd6t55096877n: no usable pages in manifest.,2026-07-17T17:58:51.948982
lacharente,bd6t550968782,,failed,0,0,,no_usable_pages,known,,,bd6t550968782: no usable pages in manifest.,2026-07-17T17:58:52.087042
lacharente,bd6t55096879g,,failed,0,0,,no_usable_pages,known,,,bd6t55096879g: no usable pages in manifest.,2026-07-17T17:58:52.284424
lacharente,bd6t550968804,,failed,0,0,,no_usable_pages,known,,,bd6t550968804: no usable pages in manifest.,2026-07-17T17:58:52.539778
lacharente,bd6t55096881j,,failed,0,0,,no_usable_pages,known,,,bd6t55096881j: no usable pages in manifest.,2026-07-17T17:58:52.717764
lacharente,bd6t55096882z,,failed,0,0,,no_usable_pages,known,,,bd6t55096882z: no usable pages in manifest.,2026-07-17T17:58:52.825160
lacharente,bd6t55096883c,,failed,0,0,,no_usable_pages,known,,,bd6t55096883c: no usable pages in manifest.,2026-07-17T17:58:52.953463
lacharente,bd6t55096884s,,failed,0,0,,no_usable_pages,known,,,bd6t55096884s: no usable pages in manifest.,2026-07-17T17:58:53.138468
lacharente,bd6t550968856,,failed,0,0,,no_usable_pages,known,,,bd6t550968856: no usable pages in manifest.,2026-07-17T17:58:53.335735
lacharente,bd6t55096886m,,failed,0,0,,no_usable_pages,known,,,bd6t55096886m: no usable pages in manifest.,2026-07-17T17:58:53.593617
lacharente,bd6t550968871,,failed,0,0,,no_usable_pages,known,,,bd6t550968871: no usable pages in manifest.,2026-07-17T17:58:53.703540
lacharente,bd6t55096888f,,failed,0,0,,no_usable_pages,known,,,bd6t55096888f: no usable pages in manifest.,2026-07-17T17:58:53.887062
lacharente,bd6t55096889v,,failed,0,0,,no_usable_pages,known,,,bd6t55096889v: no usable pages in manifest.,2026-07-17T17:58:54.069584
lacharente,bd6t55096890h,,failed,0,0,,no_usable_pages,known,,,bd6t55096890h: no usable pages in manifest.,2026-07-17T17:58:54.283355
lacharente,bd6t55096891x,,failed,0,0,,no_usable_pages,known,,,bd6t55096891x: no usable pages in manifest.,2026-07-17T17:58:54.601253
lacharente,bd6t55096892b,,failed,0,0,,no_usable_pages,known,,,bd6t55096892b: no usable pages in manifest.,2026-07-17T17:58:54.767378
lacharente,bd6t55096893r,,failed,0,0,,no_usable_pages,known,,,bd6t55096893r: no usable pages in manifest.,2026-07-17T17:58:54.904979
lacharente,bd6t550968945,,failed,0,0,,no_usable_pages,known,,,bd6t550968945: no usable pages in manifest.,2026-07-17T17:58:55.047443
lacharente,bd6t55096895k,,failed,0,0,,no_usable_pages,known,,,bd6t55096895k: no usable pages in manifest.,2026-07-17T17:58:55.163669
lacharente,bd6t550968960,,failed,0,0,,no_usable_pages,known,,,bd6t550968960: no usable pages in manifest.,2026-07-17T17:58:55.297404
lacharente,bd6t55096897d,,failed,0,0,,no_usable_pages,known,,,bd6t55096897d: no usable pages in manifest.,2026-07-17T17:58:55.412105
lacharente,bd6t55096898t,,failed,0,0,,no_usable_pages,known,,,bd6t55096898t: no usable pages in manifest.,2026-07-17T17:58:55.631771
lacharente,bd6t550968997,,failed,0,0,,no_usable_pages,known,,,bd6t550968997: no usable pages in manifest.,2026-07-17T17:58:55.767966
lacharente,bd6t55096901v,,failed,0,0,,no_usable_pages,known,,,bd6t55096901v: no usable pages in manifest.,2026-07-17T17:58:55.902217
lacharente,bd6t55096900f,,failed,0,0,,no_usable_pages,known,,,bd6t55096900f: no usable pages in manifest.,2026-07-17T17:58:56.038652
lacharente,bd6t550969028,,failed,0,0,,no_usable_pages,known,,,bd6t550969028: no usable pages in manifest.,2026-07-17T17:58:56.175606
lacharente,bd6t55096903p,,failed,0,0,,no_usable_pages,known,,,bd6t55096903p: no usable pages in manifest.,2026-07-17T17:58:56.325134
lacharente,bd6t550969043,,failed,0,0,,no_usable_pages,known,,,bd6t550969043: no usable pages in manifest.,2026-07-17T17:58:56.417285
lacharente,bd6t55096905h,,failed,0,0,,no_usable_pages,known,,,bd6t55096905h: no usable pages in manifest.,2026-07-17T17:58:56.599712
lacharente,bd6t55096906x,,failed,0,0,,no_usable_pages,known,,,bd6t55096906x: no usable pages in manifest.,2026-07-17T17:58:56.789313
lacharente,bd6t55096907b,,failed,0,0,,no_usable_pages,known,,,bd6t55096907b: no usable pages in manifest.,2026-07-17T17:58:56.925302
lacharente,bd6t55096908r,,failed,0,0,,no_usable_pages,known,,,bd6t55096908r: no usable pages in manifest.,2026-07-17T17:58:57.025142
lacharente,bd6t550969095,,failed,0,0,,no_usable_pages,known,,,bd6t550969095: no usable pages in manifest.,2026-07-17T17:58:57.135202
lacharente,bd6t55096910t,,failed,0,0,,no_usable_pages,known,,,bd6t55096910t: no usable pages in manifest.,2026-07-17T17:58:57.267257
lacharente,bd6t550969117,,failed,0,0,,no_usable_pages,known,,,bd6t550969117: no usable pages in manifest.,2026-07-17T17:58:57.398151
lacharente,bd6t55096912n,,failed,0,0,,no_usable_pages,known,,,bd6t55096912n: no usable pages in manifest.,2026-07-17T17:58:57.535182
lacharente,bd6t55096914g,,failed,0,0,,no_usable_pages,known,,,bd6t55096914g: no usable pages in manifest.,2026-07-17T17:58:57.690204
lacharente,bd6t550969132,,failed,0,0,,no_usable_pages,known,,,bd6t550969132: no usable pages in manifest.,2026-07-17T17:58:57.925897
lacharente,bd6t55096915w,,failed,0,0,,no_usable_pages,known,,,bd6t55096915w: no usable pages in manifest.,2026-07-17T17:58:58.040976
lacharente,bd6t550969169,,failed,0,0,,no_usable_pages,known,,,bd6t550969169: no usable pages in manifest.,2026-07-17T17:58:58.199466
lacharente,bd6t55096917q,,failed,0,0,,no_usable_pages,known,,,bd6t55096917q: no usable pages in manifest.,2026-07-17T17:58:58.461872
lacharente,bd6t550969184,,failed,0,0,,no_usable_pages,known,,,bd6t550969184: no usable pages in manifest.,2026-07-17T17:58:58.638824
lacharente,bd6t55096919j,,failed,0,0,,no_usable_pages,known,,,bd6t55096919j: no usable pages in manifest.,2026-07-17T17:58:58.972024
lacharente,bd6t550969206,,failed,0,0,,no_usable_pages,known,,,bd6t550969206: no usable pages in manifest.,2026-07-17T17:58:59.153554
lacharente,bd6t55096921m,,failed,0,0,,no_usable_pages,known,,,bd6t55096921m: no usable pages in manifest.,2026-07-17T17:58:59.293120
lacharente,bd6t550969221,,failed,0,0,,no_usable_pages,known,,,bd6t550969221: no usable pages in manifest.,2026-07-17T17:58:59.448127
lacharente,bd6t55096923f,,failed,0,0,,no_usable_pages,known,,,bd6t55096923f: no usable pages in manifest.,2026-07-17T17:58:59.623503
lacharente,bd6t55096924v,,failed,0,0,,no_usable_pages,known,,,bd6t55096924v: no usable pages in manifest.,2026-07-17T17:58:59.746251
lacharente,bd6t550969258,,failed,0,0,,no_usable_pages,known,,,bd6t550969258: no usable pages in manifest.,2026-07-17T17:59:00.013122
lacharente,bd6t55096926p,,failed,0,0,,no_usable_pages,known,,,bd6t55096926p: no usable pages in manifest.,2026-07-17T17:59:00.161547
lacharente,bd6t550969273,,failed,0,0,,no_usable_pages,known,,,bd6t550969273: no usable pages in manifest.,2026-07-17T17:59:00.324328
lacharente,bd6t55096928h,,failed,0,0,,no_usable_pages,known,,,bd6t55096928h: no usable pages in manifest.,2026-07-17T17:59:00.508491
lacharente,bd6t55096929x,,failed,0,0,,no_usable_pages,known,,,bd6t55096929x: no usable pages in manifest.,2026-07-17T17:59:00.659034
lacharente,bd6t55096930k,,failed,0,0,,no_usable_pages,known,,,bd6t55096930k: no usable pages in manifest.,2026-07-17T17:59:00.791630
lacharente,bd6t550969310,,failed,0,0,,no_usable_pages,known,,,bd6t550969310: no usable pages in manifest.,2026-07-17T17:59:00.989651
lacharente,bd6t55096932d,,failed,0,0,,no_usable_pages,known,,,bd6t55096932d: no usable pages in manifest.,2026-07-17T17:59:01.130304
lacharente,bd6t55096933t,,failed,0,0,,no_usable_pages,known,,,bd6t55096933t: no usable pages in manifest.,2026-07-17T17:59:01.245440
lacharente,bd6t550969347,,failed,0,0,,no_usable_pages,known,,,bd6t550969347: no usable pages in manifest.,2026-07-17T17:59:01.404754
lacharente,bd6t55096935n,,failed,0,0,,no_usable_pages,known,,,bd6t55096935n: no usable pages in manifest.,2026-07-17T17:59:01.528195
lacharente,bd6t550969362,,failed,0,0,,no_usable_pages,known,,,bd6t550969362: no usable pages in manifest.,2026-07-17T17:59:01.680636
lacharente,bd6t55096937g,,failed,0,0,,no_usable_pages,known,,,bd6t55096937g: no usable pages in manifest.,2026-07-17T17:59:01.822175
lacharente,bd6t55096938w,,failed,0,0,,no_usable_pages,known,,,bd6t55096938w: no usable pages in manifest.,2026-07-17T17:59:02.055348
lacharente,bd6t550969399,,failed,0,0,,no_usable_pages,known,,,bd6t550969399: no usable pages in manifest.,2026-07-17T17:59:02.208278
lacharente,bd6t55096940z,,failed,0,0,,no_usable_pages,known,,,bd6t55096940z: no usable pages in manifest.,2026-07-17T17:59:02.359394
lacharente,bd6t55096941c,,failed,0,0,,no_usable_pages,known,,,bd6t55096941c: no usable pages in manifest.,2026-07-17T17:59:02.515071
lacharente,bd6t55096942s,,failed,0,0,,no_usable_pages,known,,,bd6t55096942s: no usable pages in manifest.,2026-07-17T17:59:02.636579
lacharente,bd6t550969436,,failed,0,0,,no_usable_pages,known,,,bd6t550969436: no usable pages in manifest.,2026-07-17T17:59:02.780644
lacharente,bd6t55096944m,,failed,0,0,,no_usable_pages,known,,,bd6t55096944m: no usable pages in manifest.,2026-07-17T17:59:02.956740
lacharente,bd6t550969451,,failed,0,0,,no_usable_pages,known,,,bd6t550969451: no usable pages in manifest.,2026-07-17T17:59:03.131475
lacharente,bd6t55096946f,,failed,0,0,,no_usable_pages,known,,,bd6t55096946f: no usable pages in manifest.,2026-07-17T17:59:03.320367
lacharente,bd6t55096947v,,failed,0,0,,no_usable_pages,known,,,bd6t55096947v: no usable pages in manifest.,2026-07-17T17:59:03.645379
lacharente,bd6t550969488,,failed,0,0,,no_usable_pages,known,,,bd6t550969488: no usable pages in manifest.,2026-07-17T17:59:03.831507
lacharente,bd6t55096949p,,failed,0,0,,no_usable_pages,known,,,bd6t55096949p: no usable pages in manifest.,2026-07-17T17:59:04.017690
lacharente,bd6t55096950b,,failed,0,0,,no_usable_pages,known,,,bd6t55096950b: no usable pages in manifest.,2026-07-17T17:59:04.330975
lacharente,bd6t55096951r,,failed,0,0,,no_usable_pages,known,,,bd6t55096951r: no usable pages in manifest.,2026-07-17T17:59:04.449459
lacharente,bd6t550969525,,failed,0,0,,no_usable_pages,known,,,bd6t550969525: no usable pages in manifest.,2026-07-17T17:59:04.597427
lacharente,bd6t55096953k,,failed,0,0,,no_usable_pages,known,,,bd6t55096953k: no usable pages in manifest.,2026-07-17T17:59:04.738762
lacharente,bd6t550969540,,failed,0,0,,no_usable_pages,known,,,bd6t550969540: no usable pages in manifest.,2026-07-17T17:59:04.892800
lacharente,bd6t55096955d,,failed,0,0,,no_usable_pages,known,,,bd6t55096955d: no usable pages in manifest.,2026-07-17T17:59:05.019815
lacharente,bd6t55096956t,,failed,0,0,,no_usable_pages,known,,,bd6t55096956t: no usable pages in manifest.,2026-07-17T17:59:05.145037
lacharente,bd6t550969577,,failed,0,0,,no_usable_pages,known,,,bd6t550969577: no usable pages in manifest.,2026-07-17T17:59:05.355841
lacharente,bd6t55096958n,,failed,0,0,,no_usable_pages,known,,,bd6t55096958n: no usable pages in manifest.,2026-07-17T17:59:05.454674
lacharente,bd6t550969592,,failed,0,0,,no_usable_pages,known,,,bd6t550969592: no usable pages in manifest.,2026-07-17T17:59:05.569362
lacharente,bd6t55096960q,,failed,0,0,,no_usable_pages,known,,,bd6t55096960q: no usable pages in manifest.,2026-07-17T17:59:05.680156
lacharente,bd6t550969614,,failed,0,0,,no_usable_pages,known,,,bd6t550969614: no usable pages in manifest.,2026-07-17T17:59:05.842811
lacharente,bd6t55096962j,,failed,0,0,,no_usable_pages,known,,,bd6t55096962j: no usable pages in manifest.,2026-07-17T17:59:05.965469
lacharente,bd6t55096963z,,failed,0,0,,no_usable_pages,known,,,bd6t55096963z: no usable pages in manifest.,2026-07-17T17:59:06.087309
lacharente,bd6t55096964c,,failed,0,0,,no_usable_pages,known,,,bd6t55096964c: no usable pages in manifest.,2026-07-17T17:59:06.198625
lacharente,bd6t55096965s,,failed,0,0,,no_usable_pages,known,,,bd6t55096965s: no usable pages in manifest.,2026-07-17T17:59:06.345020
lacharente,bd6t550969666,,failed,0,0,,no_usable_pages,known,,,bd6t550969666: no usable pages in manifest.,2026-07-17T17:59:06.516352
lacharente,bd6t55096967m,,failed,0,0,,no_usable_pages,known,,,bd6t55096967m: no usable pages in manifest.,2026-07-17T17:59:06.635672
lacharente,bd6t550969681,,failed,0,0,,no_usable_pages,known,,,bd6t550969681: no usable pages in manifest.,2026-07-17T17:59:06.756914
lacharente,bd6t55096969f,,failed,0,0,,no_usable_pages,known,,,bd6t55096969f: no usable pages in manifest.,2026-07-17T17:59:06.881265
lacharente,bd6t550969703,,failed,0,0,,no_usable_pages,known,,,bd6t550969703: no usable pages in manifest.,2026-07-17T17:59:06.996107
lacharente,bd6t55096971h,,failed,0,0,,no_usable_pages,known,,,bd6t55096971h: no usable pages in manifest.,2026-07-17T17:59:07.152270
lacharente,bd6t55096972x,,failed,0,0,,no_usable_pages,known,,,bd6t55096972x: no usable pages in manifest.,2026-07-17T17:59:07.248250
lacharente,bd6t55096973b,,failed,0,0,,no_usable_pages,known,,,bd6t55096973b: no usable pages in manifest.,2026-07-17T17:59:07.399765
lacharente,bd6t55096974r,,failed,0,0,,no_usable_pages,known,,,bd6t55096974r: no usable pages in manifest.,2026-07-17T17:59:07.565088
lacharente,bd6t550969755,,failed,0,0,,no_usable_pages,known,,,bd6t550969755: no usable pages in manifest.,2026-07-17T17:59:07.680370
lacharente,bd6t55096976k,,failed,0,0,,no_usable_pages,known,,,bd6t55096976k: no usable pages in manifest.,2026-07-17T17:59:07.836083
lacharente,bd6t550969770,,failed,0,0,,no_usable_pages,known,,,bd6t550969770: no usable pages in manifest.,2026-07-17T17:59:07.944151
lacharente,bd6t55096978d,,failed,0,0,,no_usable_pages,known,,,bd6t55096978d: no usable pages in manifest.,2026-07-17T17:59:08.117671
lacharente,bd6t55096979t,,failed,0,0,,no_usable_pages,known,,,bd6t55096979t: no usable pages in manifest.,2026-07-17T17:59:08.280485
lacharente,bd6t55096980g,,failed,0,0,,no_usable_pages,known,,,bd6t55096980g: no usable pages in manifest.,2026-07-17T17:59:08.493534
lacharente,bd6t55096981w,,failed,0,0,,no_usable_pages,known,,,bd6t55096981w: no usable pages in manifest.,2026-07-17T17:59:08.616907
lacharente,bd6t550969829,,failed,0,0,,no_usable_pages,known,,,bd6t550969829: no usable pages in manifest.,2026-07-17T17:59:08.784885
lacharente,bd6t55096983q,,failed,0,0,,no_usable_pages,known,,,bd6t55096983q: no usable pages in manifest.,2026-07-17T17:59:08.931336
lacharente,bd6t55098823q,,failed,0,0,,no_usable_pages,known,,,bd6t55098823q: no usable pages in manifest.,2026-07-17T17:59:09.025445
lacharente,bd6t550969844,,failed,0,0,,no_usable_pages,known,,,bd6t550969844: no usable pages in manifest.,2026-07-17T17:59:09.204618
lacharente,bd6t55096985j,,failed,0,0,,no_usable_pages,known,,,bd6t55096985j: no usable pages in manifest.,2026-07-17T17:59:09.368273
lacharente,bd6t55096986z,,failed,0,0,,no_usable_pages,known,,,bd6t55096986z: no usable pages in manifest.,2026-07-17T17:59:09.552482
lacharente,bd6t55096987c,,failed,0,0,,no_usable_pages,known,,,bd6t55096987c: no usable pages in manifest.,2026-07-17T17:59:09.741239
lacharente,bd6t55096988s,,failed,0,0,,no_usable_pages,known,,,bd6t55096988s: no usable pages in manifest.,2026-07-17T17:59:09.997540
lacharente,bd6t550969896,,failed,0,0,,no_usable_pages,known,,,bd6t550969896: no usable pages in manifest.,2026-07-17T17:59:10.100209
lacharente,bd6t55096990v,,failed,0,0,,no_usable_pages,known,,,bd6t55096990v: no usable pages in manifest.,2026-07-17T17:59:10.246352
lacharente,bd6t550969918,,failed,0,0,,no_usable_pages,known,,,bd6t550969918: no usable pages in manifest.,2026-07-17T17:59:10.386065
lacharente,bd6t55096992p,,failed,0,0,,no_usable_pages,known,,,bd6t55096992p: no usable pages in manifest.,2026-07-17T17:59:10.592993
lacharente,bd6t550969933,,failed,0,0,,no_usable_pages,known,,,bd6t550969933: no usable pages in manifest.,2026-07-17T17:59:10.795863
lacharente,bd6t55096994h,,failed,0,0,,no_usable_pages,known,,,bd6t55096994h: no usable pages in manifest.,2026-07-17T17:59:10.965030
lacharente,bd6t55096995x,,failed,0,0,,no_usable_pages,known,,,bd6t55096995x: no usable pages in manifest.,2026-07-17T17:59:11.143178
lacharente,bd6t55096996b,,failed,0,0,,no_usable_pages,known,,,bd6t55096996b: no usable pages in manifest.,2026-07-17T17:59:11.299010
lacharente,bd6t55096997r,,failed,0,0,,no_usable_pages,known,,,bd6t55096997r: no usable pages in manifest.,2026-07-17T17:59:11.433469
lacharente,bd6t550969985,,failed,0,0,,no_usable_pages,known,,,bd6t550969985: no usable pages in manifest.,2026-07-17T17:59:11.551467
lacharente,bd6t55096999k,,failed,0,0,,no_usable_pages,known,,,bd6t55096999k: no usable pages in manifest.,2026-07-17T17:59:11.756036
lacharente,bd6t55097000n,,failed,0,0,,no_usable_pages,known,,,bd6t55097000n: no usable pages in manifest.,2026-07-17T17:59:11.905731
lacharente,bd6t550970012,,failed,0,0,,no_usable_pages,known,,,bd6t550970012: no usable pages in manifest.,2026-07-17T17:59:12.100422
lacharente,bd6t55097002g,,failed,0,0,,no_usable_pages,known,,,bd6t55097002g: no usable pages in manifest.,2026-07-17T17:59:12.233770
lacharente,bd6t55097003w,,failed,0,0,,no_usable_pages,known,,,bd6t55097003w: no usable pages in manifest.,2026-07-17T17:59:12.404106
lacharente,bd6t550970049,,failed,0,0,,no_usable_pages,known,,,bd6t550970049: no usable pages in manifest.,2026-07-17T17:59:12.570194
lacharente,bd6t55097005q,,failed,0,0,,no_usable_pages,known,,,bd6t55097005q: no usable pages in manifest.,2026-07-17T17:59:12.778873
lacharente,bd6t550970064,,failed,0,0,,no_usable_pages,known,,,bd6t550970064: no usable pages in manifest.,2026-07-17T17:59:13.009084
lacharente,bd6t55097007j,,failed,0,0,,no_usable_pages,known,,,bd6t55097007j: no usable pages in manifest.,2026-07-17T17:59:13.113628
lacharente,bd6t55097008z,,failed,0,0,,no_usable_pages,known,,,bd6t55097008z: no usable pages in manifest.,2026-07-17T17:59:13.237320
lacharente,bd6t55097009c,,failed,0,0,,no_usable_pages,known,,,bd6t55097009c: no usable pages in manifest.,2026-07-17T17:59:13.393182
lacharente,bd6t550970101,,failed,0,0,,no_usable_pages,known,,,bd6t550970101: no usable pages in manifest.,2026-07-17T17:59:13.513603
lacharente,bd6t55097011f,,failed,0,0,,no_usable_pages,known,,,bd6t55097011f: no usable pages in manifest.,2026-07-17T17:59:13.654249
lacharente,bd6t55097012v,,failed,0,0,,no_usable_pages,known,,,bd6t55097012v: no usable pages in manifest.,2026-07-17T17:59:13.948497
lacharente,bd6t550970138,,failed,0,0,,no_usable_pages,known,,,bd6t550970138: no usable pages in manifest.,2026-07-17T17:59:14.132108
lacharente,bd6t55097014p,,failed,0,0,,no_usable_pages,known,,,bd6t55097014p: no usable pages in manifest.,2026-07-17T17:59:14.297851
lacharente,bd6t550970153,,failed,0,0,,no_usable_pages,known,,,bd6t550970153: no usable pages in manifest.,2026-07-17T17:59:14.431688
lacharente,bd6t55097016h,,failed,0,0,,no_usable_pages,known,,,bd6t55097016h: no usable pages in manifest.,2026-07-17T17:59:14.555566
lacharente,bd6t55097017x,,failed,0,0,,no_usable_pages,known,,,bd6t55097017x: no usable pages in manifest.,2026-07-17T17:59:14.700039
lacharente,bd6t55097018b,,failed,0,0,,no_usable_pages,known,,,bd6t55097018b: no usable pages in manifest.,2026-07-17T17:59:14.847828
lacharente,bd6t55097019r,,failed,0,0,,no_usable_pages,known,,,bd6t55097019r: no usable pages in manifest.,2026-07-17T17:59:15.061196
lacharente,bd6t55097020d,,failed,0,0,,no_usable_pages,known,,,bd6t55097020d: no usable pages in manifest.,2026-07-17T17:59:15.220568
lacharente,bd6t55097021t,,failed,0,0,,no_usable_pages,known,,,bd6t55097021t: no usable pages in manifest.,2026-07-17T17:59:15.350004
lacharente,bd6t550970227,,failed,0,0,,no_usable_pages,known,,,bd6t550970227: no usable pages in manifest.,2026-07-17T17:59:15.467442
lacharente,bd6t55097023n,,failed,0,0,,no_usable_pages,known,,,bd6t55097023n: no usable pages in manifest.,2026-07-17T17:59:15.637953
lacharente,bd6t550970242,,failed,0,0,,no_usable_pages,known,,,bd6t550970242: no usable pages in manifest.,2026-07-17T17:59:15.754179
lacharente,bd6t55097025g,,failed,0,0,,no_usable_pages,known,,,bd6t55097025g: no usable pages in manifest.,2026-07-17T17:59:15.908850
lacharente,bd6t55097026w,,failed,0,0,,no_usable_pages,known,,,bd6t55097026w: no usable pages in manifest.,2026-07-17T17:59:16.047285
lacharente,bd6t550970279,,failed,0,0,,no_usable_pages,known,,,bd6t550970279: no usable pages in manifest.,2026-07-17T17:59:16.158362
lacharente,bd6t55097028q,,failed,0,0,,no_usable_pages,known,,,bd6t55097028q: no usable pages in manifest.,2026-07-17T17:59:16.332802
lacharente,bd6t550970294,,failed,0,0,,no_usable_pages,known,,,bd6t550970294: no usable pages in manifest.,2026-07-17T17:59:16.461380
lacharente,bd6t55097030s,,failed,0,0,,no_usable_pages,known,,,bd6t55097030s: no usable pages in manifest.,2026-07-17T17:59:16.568226
lacharente,bd6t550970316,,failed,0,0,,no_usable_pages,known,,,bd6t550970316: no usable pages in manifest.,2026-07-17T17:59:16.720986
lacharente,bd6t55097032m,,failed,0,0,,no_usable_pages,known,,,bd6t55097032m: no usable pages in manifest.,2026-07-17T17:59:16.851039
lacharente,bd6t550970331,,failed,0,0,,no_usable_pages,known,,,bd6t550970331: no usable pages in manifest.,2026-07-17T17:59:17.037732
lacharente,bd6t55097034f,,failed,0,0,,no_usable_pages,known,,,bd6t55097034f: no usable pages in manifest.,2026-07-17T17:59:17.168619
lacharente,bd6t55097035v,,failed,0,0,,no_usable_pages,known,,,bd6t55097035v: no usable pages in manifest.,2026-07-17T17:59:17.396118
lacharente,bd6t550970368,,failed,0,0,,no_usable_pages,known,,,bd6t550970368: no usable pages in manifest.,2026-07-17T17:59:17.533186
lacharente,bd6t55097037p,,failed,0,0,,no_usable_pages,known,,,bd6t55097037p: no usable pages in manifest.,2026-07-17T17:59:17.651180
lacharente,bd6t550970383,,failed,0,0,,no_usable_pages,known,,,bd6t550970383: no usable pages in manifest.,2026-07-17T17:59:17.778437
lacharente,bd6t55097039h,,failed,0,0,,no_usable_pages,known,,,bd6t55097039h: no usable pages in manifest.,2026-07-17T17:59:17.901305
lacharente,bd6t550970405,,failed,0,0,,no_usable_pages,known,,,bd6t550970405: no usable pages in manifest.,2026-07-17T17:59:18.055506
lacharente,bd6t55097041k,,failed,0,0,,no_usable_pages,known,,,bd6t55097041k: no usable pages in manifest.,2026-07-17T17:59:18.239594
lacharente,bd6t550970420,,failed,0,0,,no_usable_pages,known,,,bd6t550970420: no usable pages in manifest.,2026-07-17T17:59:18.388976
lacharente,bd6t55097043d,,failed,0,0,,no_usable_pages,known,,,bd6t55097043d: no usable pages in manifest.,2026-07-17T17:59:18.519999
lacharente,bd6t55097044t,,failed,0,0,,no_usable_pages,known,,,bd6t55097044t: no usable pages in manifest.,2026-07-17T17:59:18.629596
lacharente,bd6t550970457,,failed,0,0,,no_usable_pages,known,,,bd6t550970457: no usable pages in manifest.,2026-07-17T17:59:18.731220
lacharente,bd6t55097046n,,failed,0,0,,no_usable_pages,known,,,bd6t55097046n: no usable pages in manifest.,2026-07-17T17:59:18.850366
lacharente,bd6t550970472,,failed,0,0,,no_usable_pages,known,,,bd6t550970472: no usable pages in manifest.,2026-07-17T17:59:18.989753
lacharente,bd6t55097048g,,failed,0,0,,no_usable_pages,known,,,bd6t55097048g: no usable pages in manifest.,2026-07-17T17:59:19.166866
lacharente,bd6t55097049w,,failed,0,0,,no_usable_pages,known,,,bd6t55097049w: no usable pages in manifest.,2026-07-17T17:59:19.329615
lacharente,bd6t55097050j,,failed,0,0,,no_usable_pages,known,,,bd6t55097050j: no usable pages in manifest.,2026-07-17T17:59:19.530520
lacharente,bd6t55097051z,,failed,0,0,,no_usable_pages,known,,,bd6t55097051z: no usable pages in manifest.,2026-07-17T17:59:19.732213
lacharente,bd6t55097052c,,failed,0,0,,no_usable_pages,known,,,bd6t55097052c: no usable pages in manifest.,2026-07-17T17:59:19.901930
lacharente,bd6t55097053s,,failed,0,0,,no_usable_pages,known,,,bd6t55097053s: no usable pages in manifest.,2026-07-17T17:59:20.061593
lacharente,bd6t550970546,,failed,0,0,,no_usable_pages,known,,,bd6t550970546: no usable pages in manifest.,2026-07-17T17:59:20.215076
lacharente,bd6t55097055m,,failed,0,0,,no_usable_pages,known,,,bd6t55097055m: no usable pages in manifest.,2026-07-17T17:59:20.381490
lacharente,bd6t550970561,,failed,0,0,,no_usable_pages,known,,,bd6t550970561: no usable pages in manifest.,2026-07-17T17:59:20.489177
lacharente,bd6t55097057f,,failed,0,0,,no_usable_pages,known,,,bd6t55097057f: no usable pages in manifest.,2026-07-17T17:59:20.604471
lacharente,bd6t55097058v,,failed,0,0,,no_usable_pages,known,,,bd6t55097058v: no usable pages in manifest.,2026-07-17T17:59:20.768027
lacharente,bd6t550970598,,failed,0,0,,no_usable_pages,known,,,bd6t550970598: no usable pages in manifest.,2026-07-17T17:59:20.915178
lacharente,bd6t55097060x,,failed,0,0,,no_usable_pages,known,,,bd6t55097060x: no usable pages in manifest.,2026-07-17T17:59:21.038011
lacharente,bd6t55097061b,,failed,0,0,,no_usable_pages,known,,,bd6t55097061b: no usable pages in manifest.,2026-07-17T17:59:21.167899
lacharente,bd6t55097062r,,failed,0,0,,no_usable_pages,known,,,bd6t55097062r: no usable pages in manifest.,2026-07-17T17:59:21.384680
lacharente,bd6t550970635,,failed,0,0,,no_usable_pages,known,,,bd6t550970635: no usable pages in manifest.,2026-07-17T17:59:21.605097
lacharente,bd6t550970650,,failed,0,0,,no_usable_pages,known,,,bd6t550970650: no usable pages in manifest.,2026-07-17T17:59:21.782632
lacharente,bd6t55097066d,,failed,0,0,,no_usable_pages,known,,,bd6t55097066d: no usable pages in manifest.,2026-07-17T17:59:21.941362
lacharente,bd6t55097067t,,failed,0,0,,no_usable_pages,known,,,bd6t55097067t: no usable pages in manifest.,2026-07-17T17:59:22.069852
lacharente,bd6t550970687,,failed,0,0,,no_usable_pages,known,,,bd6t550970687: no usable pages in manifest.,2026-07-17T17:59:22.220610
lacharente,bd6t55097069n,,failed,0,0,,no_usable_pages,known,,,bd6t55097069n: no usable pages in manifest.,2026-07-17T17:59:22.391251
lacharente,bd6t550970709,,failed,0,0,,no_usable_pages,known,,,bd6t550970709: no usable pages in manifest.,2026-07-17T17:59:22.598464
lacharente,bd6t55097071q,,failed,0,0,,no_usable_pages,known,,,bd6t55097071q: no usable pages in manifest.,2026-07-17T17:59:22.691155
lacharente,bd6t550970724,,failed,0,0,,no_usable_pages,known,,,bd6t550970724: no usable pages in manifest.,2026-07-17T17:59:22.853651
lacharente,bd6t55097073j,,failed,0,0,,no_usable_pages,known,,,bd6t55097073j: no usable pages in manifest.,2026-07-17T17:59:23.031455
lacharente,bd6t55097074z,,failed,0,0,,no_usable_pages,known,,,bd6t55097074z: no usable pages in manifest.,2026-07-17T17:59:23.187778
lacharente,bd6t55097075c,,failed,0,0,,no_usable_pages,known,,,bd6t55097075c: no usable pages in manifest.,2026-07-17T17:59:23.369941
lacharente,bd6t55097076s,,failed,0,0,,no_usable_pages,known,,,bd6t55097076s: no usable pages in manifest.,2026-07-17T17:59:23.521823
lacharente,bd6t550970776,,failed,0,0,,no_usable_pages,known,,,bd6t550970776: no usable pages in manifest.,2026-07-17T17:59:23.665225
lacharente,bd6t55097078m,,failed,0,0,,no_usable_pages,known,,,bd6t55097078m: no usable pages in manifest.,2026-07-17T17:59:23.784495
lacharente,bd6t550970791,,failed,0,0,,no_usable_pages,known,,,bd6t550970791: no usable pages in manifest.,2026-07-17T17:59:23.883374
lacharente,bd6t55097080p,,failed,0,0,,no_usable_pages,known,,,bd6t55097080p: no usable pages in manifest.,2026-07-17T17:59:23.978585
lacharente,bd6t550970813,,failed,0,0,,no_usable_pages,known,,,bd6t550970813: no usable pages in manifest.,2026-07-17T17:59:24.068715
lacharente,bd6t55097082h,,failed,0,0,,no_usable_pages,known,,,bd6t55097082h: no usable pages in manifest.,2026-07-17T17:59:24.158155
lacharente,bd6t55097083x,,failed,0,0,,no_usable_pages,known,,,bd6t55097083x: no usable pages in manifest.,2026-07-17T17:59:24.240199
lacharente,bd6t55097084b,,failed,0,0,,no_usable_pages,known,,,bd6t55097084b: no usable pages in manifest.,2026-07-17T17:59:24.357902
lacharente,bd6t55097085r,,failed,0,0,,no_usable_pages,known,,,bd6t55097085r: no usable pages in manifest.,2026-07-17T17:59:24.539150
lacharente,bd6t550970865,,failed,0,0,,no_usable_pages,known,,,bd6t550970865: no usable pages in manifest.,2026-07-17T17:59:24.666217
lacharente,bd6t55097087k,,failed,0,0,,no_usable_pages,known,,,bd6t55097087k: no usable pages in manifest.,2026-07-17T17:59:24.835485
lacharente,bd6t550970880,,failed,0,0,,no_usable_pages,known,,,bd6t550970880: no usable pages in manifest.,2026-07-17T17:59:25.007502
lacharente,bd6t55097089d,,failed,0,0,,no_usable_pages,known,,,bd6t55097089d: no usable pages in manifest.,2026-07-17T17:59:25.165095
lacharente,bd6t550970902,,failed,0,0,,no_usable_pages,known,,,bd6t550970902: no usable pages in manifest.,2026-07-17T17:59:25.280706
lacharente,bd6t55097091g,,failed,0,0,,no_usable_pages,known,,,bd6t55097091g: no usable pages in manifest.,2026-07-17T17:59:25.378404
lacharente,bd6t55097092w,,failed,0,0,,no_usable_pages,known,,,bd6t55097092w: no usable pages in manifest.,2026-07-17T17:59:25.530433
lacharente,bd6t550970939,,failed,0,0,,no_usable_pages,known,,,bd6t550970939: no usable pages in manifest.,2026-07-17T17:59:25.663990
lacharente,bd6t55097094q,,failed,0,0,,no_usable_pages,known,,,bd6t55097094q: no usable pages in manifest.,2026-07-17T17:59:25.812935
lacharente,bd6t550970954,,failed,0,0,,no_usable_pages,known,,,bd6t550970954: no usable pages in manifest.,2026-07-17T17:59:25.939234
lacharente,bd6t55097096j,,failed,0,0,,no_usable_pages,known,,,bd6t55097096j: no usable pages in manifest.,2026-07-17T17:59:26.054051
lacharente,bd6t55097097z,,failed,0,0,,no_usable_pages,known,,,bd6t55097097z: no usable pages in manifest.,2026-07-17T17:59:26.163068
lacharente,bd6t55097098c,,failed,0,0,,no_usable_pages,known,,,bd6t55097098c: no usable pages in manifest.,2026-07-17T17:59:26.278218
lacharente,bd6t55097099s,,failed,0,0,,no_usable_pages,known,,,bd6t55097099s: no usable pages in manifest.,2026-07-17T17:59:26.367666
lacharente,bd6t550971000,,failed,0,0,,no_usable_pages,known,,,bd6t550971000: no usable pages in manifest.,2026-07-17T17:59:26.485376
lacharente,bd6t55097101d,,failed,0,0,,no_usable_pages,known,,,bd6t55097101d: no usable pages in manifest.,2026-07-17T17:59:26.611009
lacharente,bd6t55097102t,,failed,0,0,,no_usable_pages,known,,,bd6t55097102t: no usable pages in manifest.,2026-07-17T17:59:26.743505
lacharente,bd6t550971037,,failed,0,0,,no_usable_pages,known,,,bd6t550971037: no usable pages in manifest.,2026-07-17T17:59:26.880114
lacharente,bd6t55097104n,,failed,0,0,,no_usable_pages,known,,,bd6t55097104n: no usable pages in manifest.,2026-07-17T17:59:26.997713
lacharente,bd6t550971052,,failed,0,0,,no_usable_pages,known,,,bd6t550971052: no usable pages in manifest.,2026-07-17T17:59:27.140861
lacharente,bd6t55097106g,,failed,0,0,,no_usable_pages,known,,,bd6t55097106g: no usable pages in manifest.,2026-07-17T17:59:27.252291
lacharente,bd6t55097107w,,failed,0,0,,no_usable_pages,known,,,bd6t55097107w: no usable pages in manifest.,2026-07-17T17:59:27.424729
lacharente,bd6t550971089,,failed,0,0,,no_usable_pages,known,,,bd6t550971089: no usable pages in manifest.,2026-07-17T17:59:27.512638
lacharente,bd6t55097109q,,failed,0,0,,no_usable_pages,known,,,bd6t55097109q: no usable pages in manifest.,2026-07-17T17:59:27.663418
lacharente,bd6t55097110c,,failed,0,0,,no_usable_pages,known,,,bd6t55097110c: no usable pages in manifest.,2026-07-17T17:59:27.832778
lacharente,bd6t55097111s,,failed,0,0,,no_usable_pages,known,,,bd6t55097111s: no usable pages in manifest.,2026-07-17T17:59:28.020384
lacharente,bd6t550971126,,failed,0,0,,no_usable_pages,known,,,bd6t550971126: no usable pages in manifest.,2026-07-17T17:59:28.177989
lacharente,bd6t55097113m,,failed,0,0,,no_usable_pages,known,,,bd6t55097113m: no usable pages in manifest.,2026-07-17T17:59:28.290450
lacharente,bd6t55097064k,,failed,0,0,,no_usable_pages,known,,,bd6t55097064k: no usable pages in manifest.,2026-07-17T17:59:28.392532
lacharente,bd6t550971141,,failed,0,0,,no_usable_pages,known,,,bd6t550971141: no usable pages in manifest.,2026-07-17T17:59:28.512226
lacharente,bd6t55097115f,,failed,0,0,,no_usable_pages,known,,,bd6t55097115f: no usable pages in manifest.,2026-07-17T17:59:28.647605
lacharente,bd6t55097116v,,failed,0,0,,no_usable_pages,known,,,bd6t55097116v: no usable pages in manifest.,2026-07-17T17:59:28.806422
lacharente,bd6t550971178,,failed,0,0,,no_usable_pages,known,,,bd6t550971178: no usable pages in manifest.,2026-07-17T17:59:28.916029
lacharente,bd6t55097118p,,failed,0,0,,no_usable_pages,known,,,bd6t55097118p: no usable pages in manifest.,2026-07-17T17:59:29.055291
lacharente,bd6t550971193,,failed,0,0,,no_usable_pages,known,,,bd6t550971193: no usable pages in manifest.,2026-07-17T17:59:29.210720
lacharente,bd6t55097120r,,failed,0,0,,no_usable_pages,known,,,bd6t55097120r: no usable pages in manifest.,2026-07-17T17:59:29.362668
lacharente,bd6t550971215,,failed,0,0,,no_usable_pages,known,,,bd6t550971215: no usable pages in manifest.,2026-07-17T17:59:29.492237
lacharente,bd6t55097122k,,failed,0,0,,no_usable_pages,known,,,bd6t55097122k: no usable pages in manifest.,2026-07-17T17:59:29.680212
lacharente,bd6t550971230,,failed,0,0,,no_usable_pages,known,,,bd6t550971230: no usable pages in manifest.,2026-07-17T17:59:29.783539
lacharente,bd6t55097124d,,failed,0,0,,no_usable_pages,known,,,bd6t55097124d: no usable pages in manifest.,2026-07-17T17:59:29.920357
lacharente,bd6t55097127n,,failed,0,0,,no_usable_pages,known,,,bd6t55097127n: no usable pages in manifest.,2026-07-17T17:59:30.021239
lacharente,bd6t55097125t,,failed,0,0,,no_usable_pages,known,,,bd6t55097125t: no usable pages in manifest.,2026-07-17T17:59:30.173187
lacharente,bd6t550971267,,failed,0,0,,no_usable_pages,known,,,bd6t550971267: no usable pages in manifest.,2026-07-17T17:59:30.327198
lacharente,bd6t550971282,,failed,0,0,,no_usable_pages,known,,,bd6t550971282: no usable pages in manifest.,2026-07-17T17:59:30.458597
lacharente,bd6t55097129g,,failed,0,0,,no_usable_pages,known,,,bd6t55097129g: no usable pages in manifest.,2026-07-17T17:59:30.593765
lacharente,bd6t550971304,,failed,0,0,,no_usable_pages,known,,,bd6t550971304: no usable pages in manifest.,2026-07-17T17:59:30.706328
lacharente,bd6t55097131j,,failed,0,0,,no_usable_pages,known,,,bd6t55097131j: no usable pages in manifest.,2026-07-17T17:59:30.831944
lacharente,bd6t55097132z,,failed,0,0,,no_usable_pages,known,,,bd6t55097132z: no usable pages in manifest.,2026-07-17T17:59:31.019926
lacharente,bd6t55097133c,,failed,0,0,,no_usable_pages,known,,,bd6t55097133c: no usable pages in manifest.,2026-07-17T17:59:31.195653
lacharente,bd6t55097134s,,failed,0,0,,no_usable_pages,known,,,bd6t55097134s: no usable pages in manifest.,2026-07-17T17:59:31.362122
lacharente,bd6t550971356,,failed,0,0,,no_usable_pages,known,,,bd6t550971356: no usable pages in manifest.,2026-07-17T17:59:31.496166
lacharente,bd6t55097136m,,failed,0,0,,no_usable_pages,known,,,bd6t55097136m: no usable pages in manifest.,2026-07-17T17:59:31.594683
lacharente,bd6t550971371,,failed,0,0,,no_usable_pages,known,,,bd6t550971371: no usable pages in manifest.,2026-07-17T17:59:31.712355
lacharente,bd6t55097138f,,failed,0,0,,no_usable_pages,known,,,bd6t55097138f: no usable pages in manifest.,2026-07-17T17:59:31.870123
lacharente,bd6t55097139v,,failed,0,0,,no_usable_pages,known,,,bd6t55097139v: no usable pages in manifest.,2026-07-17T17:59:32.008188
lacharente,bd6t55097140h,,failed,0,0,,no_usable_pages,known,,,bd6t55097140h: no usable pages in manifest.,2026-07-17T17:59:32.173515
lacharente,bd6t55097141x,,failed,0,0,,no_usable_pages,known,,,bd6t55097141x: no usable pages in manifest.,2026-07-17T17:59:32.319233
lacharente,bd6t55097142b,,failed,0,0,,no_usable_pages,known,,,bd6t55097142b: no usable pages in manifest.,2026-07-17T17:59:32.461935
lacharente,bd6t55097143r,,failed,0,0,,no_usable_pages,known,,,bd6t55097143r: no usable pages in manifest.,2026-07-17T17:59:32.626400
lacharente,bd6t550971445,,failed,0,0,,no_usable_pages,known,,,bd6t550971445: no usable pages in manifest.,2026-07-17T17:59:32.804672
lacharente,bd6t55097145k,,failed,0,0,,no_usable_pages,known,,,bd6t55097145k: no usable pages in manifest.,2026-07-17T17:59:32.968933
lacharente,bd6t550971460,,failed,0,0,,no_usable_pages,known,,,bd6t550971460: no usable pages in manifest.,2026-07-17T17:59:33.154269
lacharente,bd6t55097147d,,failed,0,0,,no_usable_pages,known,,,bd6t55097147d: no usable pages in manifest.,2026-07-17T17:59:33.319541
lacharente,bd6t55097148t,,failed,0,0,,no_usable_pages,known,,,bd6t55097148t: no usable pages in manifest.,2026-07-17T17:59:33.546126
lacharente,bd6t550971497,,failed,0,0,,no_usable_pages,known,,,bd6t550971497: no usable pages in manifest.,2026-07-17T17:59:33.728888
lacharente,bd6t55097150w,,failed,0,0,,no_usable_pages,known,,,bd6t55097150w: no usable pages in manifest.,2026-07-17T17:59:33.918509
lacharente,bd6t550971519,,failed,0,0,,no_usable_pages,known,,,bd6t550971519: no usable pages in manifest.,2026-07-17T17:59:34.034115
lacharente,bd6t55097152q,,failed,0,0,,no_usable_pages,known,,,bd6t55097152q: no usable pages in manifest.,2026-07-17T17:59:34.146193
lacharente,bd6t550971534,,failed,0,0,,no_usable_pages,known,,,bd6t550971534: no usable pages in manifest.,2026-07-17T17:59:34.334979
lacharente,bd6t55097154j,,failed,0,0,,no_usable_pages,known,,,bd6t55097154j: no usable pages in manifest.,2026-07-17T17:59:34.492055
lacharente,bd6t55097155z,,failed,0,0,,no_usable_pages,known,,,bd6t55097155z: no usable pages in manifest.,2026-07-17T17:59:34.623289
lacharente,bd6t55097156c,,failed,0,0,,no_usable_pages,known,,,bd6t55097156c: no usable pages in manifest.,2026-07-17T17:59:34.790203
lacharente,bd6t55097157s,,failed,0,0,,no_usable_pages,known,,,bd6t55097157s: no usable pages in manifest.,2026-07-17T17:59:34.906047
lacharente,bd6t550971586,,failed,0,0,,no_usable_pages,known,,,bd6t550971586: no usable pages in manifest.,2026-07-17T17:59:35.017490
lacharente,bd6t55097159m,,failed,0,0,,no_usable_pages,known,,,bd6t55097159m: no usable pages in manifest.,2026-07-17T17:59:35.117659
lacharente,bd6t550971608,,failed,0,0,,no_usable_pages,known,,,bd6t550971608: no usable pages in manifest.,2026-07-17T17:59:35.323974
lacharente,bd6t55097161p,,failed,0,0,,no_usable_pages,known,,,bd6t55097161p: no usable pages in manifest.,2026-07-17T17:59:35.497388
lacharente,bd6t550971623,,failed,0,0,,no_usable_pages,known,,,bd6t550971623: no usable pages in manifest.,2026-07-17T17:59:35.679108
lacharente,bd6t55097163h,,failed,0,0,,no_usable_pages,known,,,bd6t55097163h: no usable pages in manifest.,2026-07-17T17:59:35.814342
lacharente,bd6t55097164x,,failed,0,0,,no_usable_pages,known,,,bd6t55097164x: no usable pages in manifest.,2026-07-17T17:59:35.930896
lacharente,bd6t55097165b,,failed,0,0,,no_usable_pages,known,,,bd6t55097165b: no usable pages in manifest.,2026-07-17T17:59:36.075837
lacharente,bd6t55097166r,,failed,0,0,,no_usable_pages,known,,,bd6t55097166r: no usable pages in manifest.,2026-07-17T17:59:36.184447
lacharente,bd6t550971675,,failed,0,0,,no_usable_pages,known,,,bd6t550971675: no usable pages in manifest.,2026-07-17T17:59:36.312552
lacharente,bd6t55097168k,,failed,0,0,,no_usable_pages,known,,,bd6t55097168k: no usable pages in manifest.,2026-07-17T17:59:36.426333
lacharente,bd6t550971690,,failed,0,0,,no_usable_pages,known,,,bd6t550971690: no usable pages in manifest.,2026-07-17T17:59:36.547825
lacharente,bd6t55097170n,,failed,0,0,,no_usable_pages,known,,,bd6t55097170n: no usable pages in manifest.,2026-07-17T17:59:36.734429
lacharente,bd6t550971712,,failed,0,0,,no_usable_pages,known,,,bd6t550971712: no usable pages in manifest.,2026-07-17T17:59:36.853478
lacharente,bd6t55097172g,,failed,0,0,,no_usable_pages,known,,,bd6t55097172g: no usable pages in manifest.,2026-07-17T17:59:36.996834
lacharente,bd6t55097173w,,failed,0,0,,no_usable_pages,known,,,bd6t55097173w: no usable pages in manifest.,2026-07-17T17:59:37.101694
lacharente,bd6t550971749,,failed,0,0,,no_usable_pages,known,,,bd6t550971749: no usable pages in manifest.,2026-07-17T17:59:37.237517
lacharente,bd6t55097175q,,failed,0,0,,no_usable_pages,known,,,bd6t55097175q: no usable pages in manifest.,2026-07-17T17:59:37.379236
lacharente,bd6t550971764,,failed,0,0,,no_usable_pages,known,,,bd6t550971764: no usable pages in manifest.,2026-07-17T17:59:37.523981
lacharente,bd6t55097177j,,failed,0,0,,no_usable_pages,known,,,bd6t55097177j: no usable pages in manifest.,2026-07-17T17:59:37.655202
lacharente,bd6t55097178z,,failed,0,0,,no_usable_pages,known,,,bd6t55097178z: no usable pages in manifest.,2026-07-17T17:59:37.892585
lacharente,bd6t55097179c,,failed,0,0,,no_usable_pages,known,,,bd6t55097179c: no usable pages in manifest.,2026-07-17T17:59:38.053518
lacharente,bd6t550971801,,failed,0,0,,no_usable_pages,known,,,bd6t550971801: no usable pages in manifest.,2026-07-17T17:59:38.217208
lacharente,bd6t55097181f,,failed,0,0,,no_usable_pages,known,,,bd6t55097181f: no usable pages in manifest.,2026-07-17T17:59:38.305740
lacharente,bd6t55097182v,,failed,0,0,,no_usable_pages,known,,,bd6t55097182v: no usable pages in manifest.,2026-07-17T17:59:38.436960
lacharente,bd6t550971838,,failed,0,0,,no_usable_pages,known,,,bd6t550971838: no usable pages in manifest.,2026-07-17T17:59:38.596219
lacharente,bd6t55097184p,,failed,0,0,,no_usable_pages,known,,,bd6t55097184p: no usable pages in manifest.,2026-07-17T17:59:38.730177
lacharente,bd6t550971853,,failed,0,0,,no_usable_pages,known,,,bd6t550971853: no usable pages in manifest.,2026-07-17T17:59:38.919530
lacharente,bd6t55097186h,,failed,0,0,,no_usable_pages,known,,,bd6t55097186h: no usable pages in manifest.,2026-07-17T17:59:39.010486
lacharente,bd6t55097187x,,failed,0,0,,no_usable_pages,known,,,bd6t55097187x: no usable pages in manifest.,2026-07-17T17:59:39.096183
lacharente,bd6t55097188b,,failed,0,0,,no_usable_pages,known,,,bd6t55097188b: no usable pages in manifest.,2026-07-17T17:59:39.180923
lacharente,bd6t55097189r,,failed,0,0,,no_usable_pages,known,,,bd6t55097189r: no usable pages in manifest.,2026-07-17T17:59:39.286555
lacharente,bd6t55097190d,,failed,0,0,,no_usable_pages,known,,,bd6t55097190d: no usable pages in manifest.,2026-07-17T17:59:39.391762
lacharente,bd6t55097191t,,failed,0,0,,no_usable_pages,known,,,bd6t55097191t: no usable pages in manifest.,2026-07-17T17:59:39.544118
lacharente,bd6t550971927,,failed,0,0,,no_usable_pages,known,,,bd6t550971927: no usable pages in manifest.,2026-07-17T17:59:39.663202
lacharente,bd6t55097193n,,failed,0,0,,no_usable_pages,known,,,bd6t55097193n: no usable pages in manifest.,2026-07-17T17:59:39.800392
lacharente,bd6t550971942,,failed,0,0,,no_usable_pages,known,,,bd6t550971942: no usable pages in manifest.,2026-07-17T17:59:39.949939
lacharente,bd6t55097195g,,failed,0,0,,no_usable_pages,known,,,bd6t55097195g: no usable pages in manifest.,2026-07-17T17:59:40.092279
lacharente,bd6t55097196w,,failed,0,0,,no_usable_pages,known,,,bd6t55097196w: no usable pages in manifest.,2026-07-17T17:59:40.210377
lacharente,bd6t550971979,,failed,0,0,,no_usable_pages,known,,,bd6t550971979: no usable pages in manifest.,2026-07-17T17:59:40.363089
lacharente,bd6t55097198q,,failed,0,0,,no_usable_pages,known,,,bd6t55097198q: no usable pages in manifest.,2026-07-17T17:59:40.511490
lacharente,bd6t550971994,,failed,0,0,,no_usable_pages,known,,,bd6t550971994: no usable pages in manifest.,2026-07-17T17:59:40.647034
lacharente,bd6t55097200b,,failed,0,0,,no_usable_pages,known,,,bd6t55097200b: no usable pages in manifest.,2026-07-17T17:59:40.808371
lacharente,bd6t55097201r,,failed,0,0,,no_usable_pages,known,,,bd6t55097201r: no usable pages in manifest.,2026-07-17T17:59:40.970140
lacharente,bd6t550972025,,failed,0,0,,no_usable_pages,known,,,bd6t550972025: no usable pages in manifest.,2026-07-17T17:59:41.109278
lacharente,bd6t55097203k,,failed,0,0,,no_usable_pages,known,,,bd6t55097203k: no usable pages in manifest.,2026-07-17T17:59:41.235463
lacharente,bd6t550972040,,failed,0,0,,no_usable_pages,known,,,bd6t550972040: no usable pages in manifest.,2026-07-17T17:59:41.363036
lacharente,bd6t55097205d,,failed,0,0,,no_usable_pages,known,,,bd6t55097205d: no usable pages in manifest.,2026-07-17T17:59:41.506710
lacharente,bd6t55097206t,,failed,0,0,,no_usable_pages,known,,,bd6t55097206t: no usable pages in manifest.,2026-07-17T17:59:41.634599
lacharente,bd6t550972077,,failed,0,0,,no_usable_pages,known,,,bd6t550972077: no usable pages in manifest.,2026-07-17T17:59:41.761302
lacharente,bd6t55097208n,,failed,0,0,,no_usable_pages,known,,,bd6t55097208n: no usable pages in manifest.,2026-07-17T17:59:41.899266
lacharente,bd6t550972092,,failed,0,0,,no_usable_pages,known,,,bd6t550972092: no usable pages in manifest.,2026-07-17T17:59:42.099152
lacharente,bd6t55097210q,,failed,0,0,,no_usable_pages,known,,,bd6t55097210q: no usable pages in manifest.,2026-07-17T17:59:42.239025
lacharente,bd6t550972114,,failed,0,0,,no_usable_pages,known,,,bd6t550972114: no usable pages in manifest.,2026-07-17T17:59:42.377004
lacharente,bd6t55097212j,,failed,0,0,,no_usable_pages,known,,,bd6t55097212j: no usable pages in manifest.,2026-07-17T17:59:42.594456
lacharente,bd6t55097213z,,failed,0,0,,no_usable_pages,known,,,bd6t55097213z: no usable pages in manifest.,2026-07-17T17:59:42.750386
lacharente,bd6t55097214c,,failed,0,0,,no_usable_pages,known,,,bd6t55097214c: no usable pages in manifest.,2026-07-17T17:59:42.901608
lacharente,bd6t55097215s,,failed,0,0,,no_usable_pages,known,,,bd6t55097215s: no usable pages in manifest.,2026-07-17T17:59:43.081244
lacharente,bd6t550972166,,failed,0,0,,no_usable_pages,known,,,bd6t550972166: no usable pages in manifest.,2026-07-17T17:59:43.265534
lacharente,bd6t55097217m,,failed,0,0,,no_usable_pages,known,,,bd6t55097217m: no usable pages in manifest.,2026-07-17T17:59:43.437675
lacharente,bd6t550972181,,failed,0,0,,no_usable_pages,known,,,bd6t550972181: no usable pages in manifest.,2026-07-17T17:59:43.585156
lacharente,bd6t55097219f,,failed,0,0,,no_usable_pages,known,,,bd6t55097219f: no usable pages in manifest.,2026-07-17T17:59:43.802704
lacharente,bd6t550972203,,failed,0,0,,no_usable_pages,known,,,bd6t550972203: no usable pages in manifest.,2026-07-17T17:59:43.964275
lacharente,bd6t55097221h,,failed,0,0,,no_usable_pages,known,,,bd6t55097221h: no usable pages in manifest.,2026-07-17T17:59:44.155618
lacharente,bd6t55097222x,,failed,0,0,,no_usable_pages,known,,,bd6t55097222x: no usable pages in manifest.,2026-07-17T17:59:44.279155
lacharente,bd6t55097223b,,failed,0,0,,no_usable_pages,known,,,bd6t55097223b: no usable pages in manifest.,2026-07-17T17:59:44.375262
lacharente,bd6t55097224r,,failed,0,0,,no_usable_pages,known,,,bd6t55097224r: no usable pages in manifest.,2026-07-17T17:59:44.492745
lacharente,bd6t550972255,,failed,0,0,,no_usable_pages,known,,,bd6t550972255: no usable pages in manifest.,2026-07-17T17:59:44.606363
lacharente,bd6t55097226k,,failed,0,0,,no_usable_pages,known,,,bd6t55097226k: no usable pages in manifest.,2026-07-17T17:59:44.743491
lacharente,bd6t550972270,,failed,0,0,,no_usable_pages,known,,,bd6t550972270: no usable pages in manifest.,2026-07-17T17:59:44.854471
lacharente,bd6t55097228d,,failed,0,0,,no_usable_pages,known,,,bd6t55097228d: no usable pages in manifest.,2026-07-17T17:59:45.005763
lacharente,bd6t55097229t,,failed,0,0,,no_usable_pages,known,,,bd6t55097229t: no usable pages in manifest.,2026-07-17T17:59:45.303836
lacharente,bd6t55097230g,,failed,0,0,,no_usable_pages,known,,,bd6t55097230g: no usable pages in manifest.,2026-07-17T17:59:45.422592
lacharente,bd6t55097231w,,failed,0,0,,no_usable_pages,known,,,bd6t55097231w: no usable pages in manifest.,2026-07-17T17:59:45.577519
lacharente,bd6t550972329,,failed,0,0,,no_usable_pages,known,,,bd6t550972329: no usable pages in manifest.,2026-07-17T17:59:45.683409
lacharente,bd6t55097233q,,failed,0,0,,no_usable_pages,known,,,bd6t55097233q: no usable pages in manifest.,2026-07-17T17:59:45.823082
lacharente,bd6t550972344,,failed,0,0,,no_usable_pages,known,,,bd6t550972344: no usable pages in manifest.,2026-07-17T17:59:45.981442
lacharente,bd6t55097235j,,failed,0,0,,no_usable_pages,known,,,bd6t55097235j: no usable pages in manifest.,2026-07-17T17:59:46.096228
lacharente,bd6t55097236z,,failed,0,0,,no_usable_pages,known,,,bd6t55097236z: no usable pages in manifest.,2026-07-17T17:59:46.214365
lacharente,bd6t55097237c,,failed,0,0,,no_usable_pages,known,,,bd6t55097237c: no usable pages in manifest.,2026-07-17T17:59:46.443902
lacharente,bd6t55097238s,,failed,0,0,,no_usable_pages,known,,,bd6t55097238s: no usable pages in manifest.,2026-07-17T17:59:46.645867
lacharente,bd6t550972396,,failed,0,0,,no_usable_pages,known,,,bd6t550972396: no usable pages in manifest.,2026-07-17T17:59:46.771380
lacharente,bd6t55097240v,,failed,0,0,,no_usable_pages,known,,,bd6t55097240v: no usable pages in manifest.,2026-07-17T17:59:46.929115
lacharente,bd6t550972418,,failed,0,0,,no_usable_pages,known,,,bd6t550972418: no usable pages in manifest.,2026-07-17T17:59:47.114305
lacharente,bd6t55097242p,,failed,0,0,,no_usable_pages,known,,,bd6t55097242p: no usable pages in manifest.,2026-07-17T17:59:47.261414
lacharente,bd6t550972433,,failed,0,0,,no_usable_pages,known,,,bd6t550972433: no usable pages in manifest.,2026-07-17T17:59:47.464407
lacharente,bd6t55097244h,,failed,0,0,,no_usable_pages,known,,,bd6t55097244h: no usable pages in manifest.,2026-07-17T17:59:47.624333
lacharente,bd6t55097245x,,failed,0,0,,no_usable_pages,known,,,bd6t55097245x: no usable pages in manifest.,2026-07-17T17:59:47.782424
lacharente,bd6t55097246b,,failed,0,0,,no_usable_pages,known,,,bd6t55097246b: no usable pages in manifest.,2026-07-17T17:59:47.891498
lacharente,bd6t55097247r,,failed,0,0,,no_usable_pages,known,,,bd6t55097247r: no usable pages in manifest.,2026-07-17T17:59:48.073108
lacharente,bd6t550972485,,failed,0,0,,no_usable_pages,known,,,bd6t550972485: no usable pages in manifest.,2026-07-17T17:59:48.242741
lacharente,bd6t55097249k,,failed,0,0,,no_usable_pages,known,,,bd6t55097249k: no usable pages in manifest.,2026-07-17T17:59:48.377328
lacharente,bd6t550972507,,failed,0,0,,no_usable_pages,known,,,bd6t550972507: no usable pages in manifest.,2026-07-17T17:59:48.626216
lacharente,bd6t55097251n,,failed,0,0,,no_usable_pages,known,,,bd6t55097251n: no usable pages in manifest.,2026-07-17T17:59:48.794053
lacharente,bd6t550972522,,failed,0,0,,no_usable_pages,known,,,bd6t550972522: no usable pages in manifest.,2026-07-17T17:59:48.934157
lacharente,bd6t55097253g,,failed,0,0,,no_usable_pages,known,,,bd6t55097253g: no usable pages in manifest.,2026-07-17T17:59:49.049065
lacharente,bd6t55097254w,,failed,0,0,,no_usable_pages,known,,,bd6t55097254w: no usable pages in manifest.,2026-07-17T17:59:49.184416
lacharente,bd6t550972559,,failed,0,0,,no_usable_pages,known,,,bd6t550972559: no usable pages in manifest.,2026-07-17T17:59:49.369038
lacharente,bd6t55097256q,,failed,0,0,,no_usable_pages,known,,,bd6t55097256q: no usable pages in manifest.,2026-07-17T17:59:49.587191
lacharente,bd6t550972574,,failed,0,0,,no_usable_pages,known,,,bd6t550972574: no usable pages in manifest.,2026-07-17T17:59:49.696567
lacharente,bd6t55097258j,,failed,0,0,,no_usable_pages,known,,,bd6t55097258j: no usable pages in manifest.,2026-07-17T17:59:49.839157
lacharente,bd6t55097259z,,failed,0,0,,no_usable_pages,known,,,bd6t55097259z: no usable pages in manifest.,2026-07-17T17:59:49.983999
lacharente,bd6t55097260m,,failed,0,0,,no_usable_pages,known,,,bd6t55097260m: no usable pages in manifest.,2026-07-17T17:59:50.100059
lacharente,bd6t550972611,,failed,0,0,,no_usable_pages,known,,,bd6t550972611: no usable pages in manifest.,2026-07-17T17:59:50.242634
lacharente,bd6t55097262f,,failed,0,0,,no_usable_pages,known,,,bd6t55097262f: no usable pages in manifest.,2026-07-17T17:59:50.448821
lacharente,bd6t55097263v,,failed,0,0,,no_usable_pages,known,,,bd6t55097263v: no usable pages in manifest.,2026-07-17T17:59:50.654747
lacharente,bd6t550972648,,failed,0,0,,no_usable_pages,known,,,bd6t550972648: no usable pages in manifest.,2026-07-17T17:59:50.770143
lacharente,bd6t55097265p,,failed,0,0,,no_usable_pages,known,,,bd6t55097265p: no usable pages in manifest.,2026-07-17T17:59:50.912024
lacharente,bd6t550972663,,failed,0,0,,no_usable_pages,known,,,bd6t550972663: no usable pages in manifest.,2026-07-17T17:59:51.036030
lacharente,bd6t55097267h,,failed,0,0,,no_usable_pages,known,,,bd6t55097267h: no usable pages in manifest.,2026-07-17T17:59:51.192382
lacharente,bd6t55097268x,,failed,0,0,,no_usable_pages,known,,,bd6t55097268x: no usable pages in manifest.,2026-07-17T17:59:51.391189
lacharente,bd6t55097269b,,failed,0,0,,no_usable_pages,known,,,bd6t55097269b: no usable pages in manifest.,2026-07-17T17:59:51.598476
lacharente,bd6t550972700,,failed,0,0,,no_usable_pages,known,,,bd6t550972700: no usable pages in manifest.,2026-07-17T17:59:51.869400
lacharente,bd6t55097271d,,failed,0,0,,no_usable_pages,known,,,bd6t55097271d: no usable pages in manifest.,2026-07-17T17:59:52.034961
lacharente,bd6t55097272t,,failed,0,0,,no_usable_pages,known,,,bd6t55097272t: no usable pages in manifest.,2026-07-17T17:59:52.162999
lacharente,bd6t550972737,,failed,0,0,,no_usable_pages,known,,,bd6t550972737: no usable pages in manifest.,2026-07-17T17:59:52.280070
lacharente,bd6t55097274n,,failed,0,0,,no_usable_pages,known,,,bd6t55097274n: no usable pages in manifest.,2026-07-17T17:59:52.395766
lacharente,bd6t550972752,,failed,0,0,,no_usable_pages,known,,,bd6t550972752: no usable pages in manifest.,2026-07-17T17:59:52.575323
lacharente,bd6t55097276g,,failed,0,0,,no_usable_pages,known,,,bd6t55097276g: no usable pages in manifest.,2026-07-17T17:59:52.809476
lacharente,bd6t55097277w,,failed,0,0,,no_usable_pages,known,,,bd6t55097277w: no usable pages in manifest.,2026-07-17T17:59:53.016829
lacharente,bd6t550972789,,failed,0,0,,no_usable_pages,known,,,bd6t550972789: no usable pages in manifest.,2026-07-17T17:59:53.135767
lacharente,bd6t55097279q,,failed,0,0,,no_usable_pages,known,,,bd6t55097279q: no usable pages in manifest.,2026-07-17T17:59:53.298973
lacharente,bd6t55097280c,,failed,0,0,,no_usable_pages,known,,,bd6t55097280c: no usable pages in manifest.,2026-07-17T17:59:53.431915
lacharente,bd6t55097281s,,failed,0,0,,no_usable_pages,known,,,bd6t55097281s: no usable pages in manifest.,2026-07-17T17:59:53.598599
lacharente,bd6t550972826,,failed,0,0,,no_usable_pages,known,,,bd6t550972826: no usable pages in manifest.,2026-07-17T17:59:53.765056
lacharente,bd6t55097283m,,failed,0,0,,no_usable_pages,known,,,bd6t55097283m: no usable pages in manifest.,2026-07-17T17:59:53.980339
lacharente,bd6t550972841,,failed,0,0,,no_usable_pages,known,,,bd6t550972841: no usable pages in manifest.,2026-07-17T17:59:54.181727
lacharente,bd6t55097285f,,failed,0,0,,no_usable_pages,known,,,bd6t55097285f: no usable pages in manifest.,2026-07-17T17:59:54.305554
lacharente,bd6t55097286v,,failed,0,0,,no_usable_pages,known,,,bd6t55097286v: no usable pages in manifest.,2026-07-17T17:59:54.469154
lacharente,bd6t550972878,,failed,0,0,,no_usable_pages,known,,,bd6t550972878: no usable pages in manifest.,2026-07-17T17:59:54.601653
lacharente,bd6t55097288p,,failed,0,0,,no_usable_pages,known,,,bd6t55097288p: no usable pages in manifest.,2026-07-17T17:59:54.833963
lacharente,bd6t550972893,,failed,0,0,,no_usable_pages,known,,,bd6t550972893: no usable pages in manifest.,2026-07-17T17:59:55.202571
lacharente,bd6t55097290r,,failed,0,0,,no_usable_pages,known,,,bd6t55097290r: no usable pages in manifest.,2026-07-17T17:59:55.431694
lacharente,bd6t550972915,,failed,0,0,,no_usable_pages,known,,,bd6t550972915: no usable pages in manifest.,2026-07-17T17:59:55.653938
lacharente,bd6t55097292k,,failed,0,0,,no_usable_pages,known,,,bd6t55097292k: no usable pages in manifest.,2026-07-17T17:59:55.805655
lacharente,bd6t550972930,,failed,0,0,,no_usable_pages,known,,,bd6t550972930: no usable pages in manifest.,2026-07-17T17:59:55.938715
lacharente,bd6t55097294d,,failed,0,0,,no_usable_pages,known,,,bd6t55097294d: no usable pages in manifest.,2026-07-17T17:59:56.104616
lacharente,bd6t55097295t,,failed,0,0,,no_usable_pages,known,,,bd6t55097295t: no usable pages in manifest.,2026-07-17T17:59:56.277852
lacharente,bd6t550972967,,failed,0,0,,no_usable_pages,known,,,bd6t550972967: no usable pages in manifest.,2026-07-17T17:59:56.475087
lacharente,bd6t55097297n,,failed,0,0,,no_usable_pages,known,,,bd6t55097297n: no usable pages in manifest.,2026-07-17T17:59:56.617670
lacharente,bd6t550972982,,failed,0,0,,no_usable_pages,known,,,bd6t550972982: no usable pages in manifest.,2026-07-17T17:59:56.728140
lacharente,bd6t55097299g,,failed,0,0,,no_usable_pages,known,,,bd6t55097299g: no usable pages in manifest.,2026-07-17T17:59:56.862972
lacharente,bd6t55097300p,,failed,0,0,,no_usable_pages,known,,,bd6t55097300p: no usable pages in manifest.,2026-07-17T17:59:57.005938
lacharente,bd6t550973013,,failed,0,0,,no_usable_pages,known,,,bd6t550973013: no usable pages in manifest.,2026-07-17T17:59:57.199518
lacharente,bd6t55097302h,,failed,0,0,,no_usable_pages,known,,,bd6t55097302h: no usable pages in manifest.,2026-07-17T17:59:57.370195
lacharente,bd6t55097303x,,failed,0,0,,no_usable_pages,known,,,bd6t55097303x: no usable pages in manifest.,2026-07-17T17:59:57.563691
lacharente,bd6t55097304b,,failed,0,0,,no_usable_pages,known,,,bd6t55097304b: no usable pages in manifest.,2026-07-17T17:59:57.720689
lacharente,bd6t55097305r,,failed,0,0,,no_usable_pages,known,,,bd6t55097305r: no usable pages in manifest.,2026-07-17T17:59:57.882545
lacharente,bd6t550973065,,failed,0,0,,no_usable_pages,known,,,bd6t550973065: no usable pages in manifest.,2026-07-17T17:59:58.132651
lacharente,bd6t55097307k,,failed,0,0,,no_usable_pages,known,,,bd6t55097307k: no usable pages in manifest.,2026-07-17T17:59:58.550506
lacharente,bd6t550973080,,failed,0,0,,no_usable_pages,known,,,bd6t550973080: no usable pages in manifest.,2026-07-17T17:59:58.748089
lacharente,bd6t55097309d,,failed,0,0,,no_usable_pages,known,,,bd6t55097309d: no usable pages in manifest.,2026-07-17T17:59:58.907461
lacharente,bd6t550973102,,failed,0,0,,no_usable_pages,known,,,bd6t550973102: no usable pages in manifest.,2026-07-17T17:59:59.144667
lacharente,bd6t55097311g,,failed,0,0,,no_usable_pages,known,,,bd6t55097311g: no usable pages in manifest.,2026-07-17T17:59:59.336526
lacharente,bd6t55097312w,,failed,0,0,,no_usable_pages,known,,,bd6t55097312w: no usable pages in manifest.,2026-07-17T17:59:59.517843
lacharente,bd6t550973139,,failed,0,0,,no_usable_pages,known,,,bd6t550973139: no usable pages in manifest.,2026-07-17T17:59:59.655762
lacharente,bd6t55097314q,,failed,0,0,,no_usable_pages,known,,,bd6t55097314q: no usable pages in manifest.,2026-07-17T17:59:59.804370
lacharente,bd6t550973154,,failed,0,0,,no_usable_pages,known,,,bd6t550973154: no usable pages in manifest.,2026-07-17T17:59:59.913449
lacharente,bd6t55097316j,,failed,0,0,,no_usable_pages,known,,,bd6t55097316j: no usable pages in manifest.,2026-07-17T18:00:00.082255
lacharente,bd6t55097317z,,failed,0,0,,no_usable_pages,known,,,bd6t55097317z: no usable pages in manifest.,2026-07-17T18:00:00.252972
lacharente,bd6t55097318c,,failed,0,0,,no_usable_pages,known,,,bd6t55097318c: no usable pages in manifest.,2026-07-17T18:00:00.454583
lacharente,bd6t55097319s,,failed,0,0,,no_usable_pages,known,,,bd6t55097319s: no usable pages in manifest.,2026-07-17T18:00:00.670710
lacharente,bd6t55097320f,,failed,0,0,,no_usable_pages,known,,,bd6t55097320f: no usable pages in manifest.,2026-07-17T18:00:00.784296
lacharente,bd6t55097321v,,failed,0,0,,no_usable_pages,known,,,bd6t55097321v: no usable pages in manifest.,2026-07-17T18:00:00.983330
lacharente,bd6t550973228,,failed,0,0,,no_usable_pages,known,,,bd6t550973228: no usable pages in manifest.,2026-07-17T18:00:01.128098
lacharente,bd6t55097323p,,failed,0,0,,no_usable_pages,known,,,bd6t55097323p: no usable pages in manifest.,2026-07-17T18:00:01.359619
lacharente,bd6t550973243,,failed,0,0,,no_usable_pages,known,,,bd6t550973243: no usable pages in manifest.,2026-07-17T18:00:01.562141
lacharente,bd6t55097325h,,failed,0,0,,no_usable_pages,known,,,bd6t55097325h: no usable pages in manifest.,2026-07-17T18:00:01.789600
lacharente,bd6t55097326x,,failed,0,0,,no_usable_pages,known,,,bd6t55097326x: no usable pages in manifest.,2026-07-17T18:00:01.921838
lacharente,bd6t55097327b,,failed,0,0,,no_usable_pages,known,,,bd6t55097327b: no usable pages in manifest.,2026-07-17T18:00:02.076337
lacharente,bd6t55097328r,,failed,0,0,,no_usable_pages,known,,,bd6t55097328r: no usable pages in manifest.,2026-07-17T18:00:02.262360
lacharente,bd6t550973295,,failed,0,0,,no_usable_pages,known,,,bd6t550973295: no usable pages in manifest.,2026-07-17T18:00:02.472957
lacharente,bd6t55097330t,,failed,0,0,,no_usable_pages,known,,,bd6t55097330t: no usable pages in manifest.,2026-07-17T18:00:02.664497
lacharente,bd6t550973317,,failed,0,0,,no_usable_pages,known,,,bd6t550973317: no usable pages in manifest.,2026-07-17T18:00:02.882920
lacharente,bd6t55097332n,,failed,0,0,,no_usable_pages,known,,,bd6t55097332n: no usable pages in manifest.,2026-07-17T18:00:03.027552
lacharente,bd6t550973332,,failed,0,0,,no_usable_pages,known,,,bd6t550973332: no usable pages in manifest.,2026-07-17T18:00:03.249826
lacharente,bd6t55097334g,,failed,0,0,,no_usable_pages,known,,,bd6t55097334g: no usable pages in manifest.,2026-07-17T18:00:03.406370
lacharente,bd6t55097335w,,failed,0,0,,no_usable_pages,known,,,bd6t55097335w: no usable pages in manifest.,2026-07-17T18:00:03.617301
lacharente,bd6t550973369,,failed,0,0,,no_usable_pages,known,,,bd6t550973369: no usable pages in manifest.,2026-07-17T18:00:03.831906
lacharente,bd6t55097337q,,failed,0,0,,no_usable_pages,known,,,bd6t55097337q: no usable pages in manifest.,2026-07-17T18:00:04.049851
lacharente,bd6t550973384,,failed,0,0,,no_usable_pages,known,,,bd6t550973384: no usable pages in manifest.,2026-07-17T18:00:04.218652
lacharente,bd6t55097339j,,failed,0,0,,no_usable_pages,known,,,bd6t55097339j: no usable pages in manifest.,2026-07-17T18:00:04.350324
lacharente,bd6t550973406,,failed,0,0,,no_usable_pages,known,,,bd6t550973406: no usable pages in manifest.,2026-07-17T18:00:04.498589
lacharente,bd6t55097341m,,failed,0,0,,no_usable_pages,known,,,bd6t55097341m: no usable pages in manifest.,2026-07-17T18:00:04.696399
lacharente,bd6t550973421,,failed,0,0,,no_usable_pages,known,,,bd6t550973421: no usable pages in manifest.,2026-07-17T18:00:04.965307
lacharente,bd6t55097343f,,failed,0,0,,no_usable_pages,known,,,bd6t55097343f: no usable pages in manifest.,2026-07-17T18:00:05.092911
lacharente,bd6t55097344v,,failed,0,0,,no_usable_pages,known,,,bd6t55097344v: no usable pages in manifest.,2026-07-17T18:00:05.244082
lacharente,bd6t550973458,,failed,0,0,,no_usable_pages,known,,,bd6t550973458: no usable pages in manifest.,2026-07-17T18:00:05.357517
lacharente,bd6t55097346p,,failed,0,0,,no_usable_pages,known,,,bd6t55097346p: no usable pages in manifest.,2026-07-17T18:00:05.508720
lacharente,bd6t550973473,,failed,0,0,,no_usable_pages,known,,,bd6t550973473: no usable pages in manifest.,2026-07-17T18:00:05.712261
lacharente,bd6t55097348h,,failed,0,0,,no_usable_pages,known,,,bd6t55097348h: no usable pages in manifest.,2026-07-17T18:00:05.982442
lacharente,bd6t55097349x,,failed,0,0,,no_usable_pages,known,,,bd6t55097349x: no usable pages in manifest.,2026-07-17T18:00:06.161343
lacharente,bd6t55097350k,,failed,0,0,,no_usable_pages,known,,,bd6t55097350k: no usable pages in manifest.,2026-07-17T18:00:06.312582
lacharente,bd6t550973510,,failed,0,0,,no_usable_pages,known,,,bd6t550973510: no usable pages in manifest.,2026-07-17T18:00:06.424097
lacharente,bd6t55097352d,,failed,0,0,,no_usable_pages,known,,,bd6t55097352d: no usable pages in manifest.,2026-07-17T18:00:06.576188
lacharente,bd6t55097353t,,failed,0,0,,no_usable_pages,known,,,bd6t55097353t: no usable pages in manifest.,2026-07-17T18:00:06.672983
lacharente,bd6t550973547,,failed,0,0,,no_usable_pages,known,,,bd6t550973547: no usable pages in manifest.,2026-07-17T18:00:06.791258
lacharente,bd6t55097355n,,failed,0,0,,no_usable_pages,known,,,bd6t55097355n: no usable pages in manifest.,2026-07-17T18:00:07.018157
lacharente,bd6t550973562,,failed,0,0,,no_usable_pages,known,,,bd6t550973562: no usable pages in manifest.,2026-07-17T18:00:07.145895
lacharente,bd6t55097357g,,failed,0,0,,no_usable_pages,known,,,bd6t55097357g: no usable pages in manifest.,2026-07-17T18:00:07.260086
lacharente,bd6t55097358w,,failed,0,0,,no_usable_pages,known,,,bd6t55097358w: no usable pages in manifest.,2026-07-17T18:00:07.349214
lacharente,bd6t550973599,,failed,0,0,,no_usable_pages,known,,,bd6t550973599: no usable pages in manifest.,2026-07-17T18:00:07.491029
lacharente,bd6t55097360z,,failed,0,0,,no_usable_pages,known,,,bd6t55097360z: no usable pages in manifest.,2026-07-17T18:00:07.647199
lacharente,bd6t55097361c,,failed,0,0,,no_usable_pages,known,,,bd6t55097361c: no usable pages in manifest.,2026-07-17T18:00:07.776848
lacharente,bd6t55097362s,,failed,0,0,,no_usable_pages,known,,,bd6t55097362s: no usable pages in manifest.,2026-07-17T18:00:07.946668
lacharente,bd6t550973636,,failed,0,0,,no_usable_pages,known,,,bd6t550973636: no usable pages in manifest.,2026-07-17T18:00:08.171989
lacharente,bd6t55097364m,,failed,0,0,,no_usable_pages,known,,,bd6t55097364m: no usable pages in manifest.,2026-07-17T18:00:08.298042
lacharente,bd6t550973651,,failed,0,0,,no_usable_pages,known,,,bd6t550973651: no usable pages in manifest.,2026-07-17T18:00:08.452033
lacharente,bd6t55097366f,,failed,0,0,,no_usable_pages,known,,,bd6t55097366f: no usable pages in manifest.,2026-07-17T18:00:08.602959
lacharente,bd6t55097367v,,failed,0,0,,no_usable_pages,known,,,bd6t55097367v: no usable pages in manifest.,2026-07-17T18:00:08.807444
lacharente,bd6t550973688,,failed,0,0,,no_usable_pages,known,,,bd6t550973688: no usable pages in manifest.,2026-07-17T18:00:09.007133
lacharente,bd6t55097369p,,failed,0,0,,no_usable_pages,known,,,bd6t55097369p: no usable pages in manifest.,2026-07-17T18:00:09.260271
lacharente,bd6t55097370b,,failed,0,0,,no_usable_pages,known,,,bd6t55097370b: no usable pages in manifest.,2026-07-17T18:00:09.401515
lacharente,bd6t55097371r,,failed,0,0,,no_usable_pages,known,,,bd6t55097371r: no usable pages in manifest.,2026-07-17T18:00:09.583225
lacharente,bd6t550973725,,failed,0,0,,no_usable_pages,known,,,bd6t550973725: no usable pages in manifest.,2026-07-17T18:00:09.770516
lacharente,bd6t55097373k,,failed,0,0,,no_usable_pages,known,,,bd6t55097373k: no usable pages in manifest.,2026-07-17T18:00:09.917392
lacharente,bd6t550973740,,failed,0,0,,no_usable_pages,known,,,bd6t550973740: no usable pages in manifest.,2026-07-17T18:00:10.081162
lacharente,bd6t55097375d,,failed,0,0,,no_usable_pages,known,,,bd6t55097375d: no usable pages in manifest.,2026-07-17T18:00:10.836831
lacharente,bd6t55097376t,,failed,0,0,,no_usable_pages,known,,,bd6t55097376t: no usable pages in manifest.,2026-07-17T18:00:10.963975
lacharente,bd6t550973777,,failed,0,0,,no_usable_pages,known,,,bd6t550973777: no usable pages in manifest.,2026-07-17T18:00:12.551805
lacharente,bd6t55097378n,,failed,0,0,,no_usable_pages,known,,,bd6t55097378n: no usable pages in manifest.,2026-07-17T18:00:12.725623
lacharente,bd6t550973792,,failed,0,0,,no_usable_pages,known,,,bd6t550973792: no usable pages in manifest.,2026-07-17T18:00:12.950641
lacharente,bd6t55097380q,,failed,0,0,,no_usable_pages,known,,,bd6t55097380q: no usable pages in manifest.,2026-07-17T18:00:13.073489
lacharente,bd6t550973814,,failed,0,0,,no_usable_pages,known,,,bd6t550973814: no usable pages in manifest.,2026-07-17T18:00:13.227808
lacharente,bd6t55097382j,,failed,0,0,,no_usable_pages,known,,,bd6t55097382j: no usable pages in manifest.,2026-07-17T18:00:13.473073
lacharente,bd6t55097383z,,failed,0,0,,no_usable_pages,known,,,bd6t55097383z: no usable pages in manifest.,2026-07-17T18:00:13.779608
lacharente,bd6t55097384c,,failed,0,0,,no_usable_pages,known,,,bd6t55097384c: no usable pages in manifest.,2026-07-17T18:00:14.074435
lacharente,bd6t55097385s,,failed,0,0,,no_usable_pages,known,,,bd6t55097385s: no usable pages in manifest.,2026-07-17T18:00:14.191132
lacharente,bd6t550973866,,failed,0,0,,no_usable_pages,known,,,bd6t550973866: no usable pages in manifest.,2026-07-17T18:00:14.358589
lacharente,bd6t55097387m,,failed,0,0,,no_usable_pages,known,,,bd6t55097387m: no usable pages in manifest.,2026-07-17T18:00:14.510727
lacharente,bd6t550973881,,failed,0,0,,no_usable_pages,known,,,bd6t550973881: no usable pages in manifest.,2026-07-17T18:00:14.753495
lacharente,bd6t55097389f,,failed,0,0,,no_usable_pages,known,,,bd6t55097389f: no usable pages in manifest.,2026-07-17T18:00:15.025404
lacharente,bd6t550973903,,failed,0,0,,no_usable_pages,known,,,bd6t550973903: no usable pages in manifest.,2026-07-17T18:00:15.164123
lacharente,bd6t55097391h,,failed,0,0,,no_usable_pages,known,,,bd6t55097391h: no usable pages in manifest.,2026-07-17T18:00:15.361863
lacharente,bd6t55097392x,,failed,0,0,,no_usable_pages,known,,,bd6t55097392x: no usable pages in manifest.,2026-07-17T18:00:15.540334
lacharente,bd6t55097393b,,failed,0,0,,no_usable_pages,known,,,bd6t55097393b: no usable pages in manifest.,2026-07-17T18:00:15.730350
lacharente,bd6t55097394r,,failed,0,0,,no_usable_pages,known,,,bd6t55097394r: no usable pages in manifest.,2026-07-17T18:00:15.903557
lacharente,bd6t550973955,,failed,0,0,,no_usable_pages,known,,,bd6t550973955: no usable pages in manifest.,2026-07-17T18:00:16.153039
lacharente,bd6t55097396k,,failed,0,0,,no_usable_pages,known,,,bd6t55097396k: no usable pages in manifest.,2026-07-17T18:00:16.368545
lacharente,bd6t550973970,,failed,0,0,,no_usable_pages,known,,,bd6t550973970: no usable pages in manifest.,2026-07-17T18:00:16.481241
lacharente,bd6t55097398d,,failed,0,0,,no_usable_pages,known,,,bd6t55097398d: no usable pages in manifest.,2026-07-17T18:00:16.593931
lacharente,bd6t55097399t,,failed,0,0,,no_usable_pages,known,,,bd6t55097399t: no usable pages in manifest.,2026-07-17T18:00:16.736833
lacharente,bd6t550974001,,failed,0,0,,no_usable_pages,known,,,bd6t550974001: no usable pages in manifest.,2026-07-17T18:00:16.903235
lacharente,bd6t55097401f,,failed,0,0,,no_usable_pages,known,,,bd6t55097401f: no usable pages in manifest.,2026-07-17T18:00:17.040959
lacharente,bd6t55097402v,,failed,0,0,,no_usable_pages,known,,,bd6t55097402v: no usable pages in manifest.,2026-07-17T18:00:17.266678
lacharente,bd6t550974038,,failed,0,0,,no_usable_pages,known,,,bd6t550974038: no usable pages in manifest.,2026-07-17T18:00:17.480563
lacharente,bd6t55097404p,,failed,0,0,,no_usable_pages,known,,,bd6t55097404p: no usable pages in manifest.,2026-07-17T18:00:17.642932
lacharente,bd6t550974053,,failed,0,0,,no_usable_pages,known,,,bd6t550974053: no usable pages in manifest.,2026-07-17T18:00:17.868935
lacharente,bd6t55097406h,,failed,0,0,,no_usable_pages,known,,,bd6t55097406h: no usable pages in manifest.,2026-07-17T18:00:18.037423
lacharente,bd6t55097407x,,failed,0,0,,no_usable_pages,known,,,bd6t55097407x: no usable pages in manifest.,2026-07-17T18:00:18.166511
lacharente,bd6t55097408b,,failed,0,0,,no_usable_pages,known,,,bd6t55097408b: no usable pages in manifest.,2026-07-17T18:00:18.348652
lacharente,bd6t55097409r,,failed,0,0,,no_usable_pages,known,,,bd6t55097409r: no usable pages in manifest.,2026-07-17T18:00:18.486546
lacharente,bd6t55097410d,,failed,0,0,,no_usable_pages,known,,,bd6t55097410d: no usable pages in manifest.,2026-07-17T18:00:18.618867
lacharente,bd6t55097411t,,failed,0,0,,no_usable_pages,known,,,bd6t55097411t: no usable pages in manifest.,2026-07-17T18:00:18.774664
lacharente,bd6t550974127,,failed,0,0,,no_usable_pages,known,,,bd6t550974127: no usable pages in manifest.,2026-07-17T18:00:18.937651
lacharente,bd6t55097413n,,failed,0,0,,no_usable_pages,known,,,bd6t55097413n: no usable pages in manifest.,2026-07-17T18:00:19.063624
lacharente,bd6t550974142,,failed,0,0,,no_usable_pages,known,,,bd6t550974142: no usable pages in manifest.,2026-07-17T18:00:19.177997
lacharente,bd6t55097415g,,failed,0,0,,no_usable_pages,known,,,bd6t55097415g: no usable pages in manifest.,2026-07-17T18:00:19.348685
lacharente,bd6t55097416w,,failed,0,0,,no_usable_pages,known,,,bd6t55097416w: no usable pages in manifest.,2026-07-17T18:00:19.532417
lacharente,bd6t550974179,,failed,0,0,,no_usable_pages,known,,,bd6t550974179: no usable pages in manifest.,2026-07-17T18:00:19.687049
lacharente,bd6t55097418q,,failed,0,0,,no_usable_pages,known,,,bd6t55097418q: no usable pages in manifest.,2026-07-17T18:00:19.818522
lacharente,bd6t550974194,,failed,0,0,,no_usable_pages,known,,,bd6t550974194: no usable pages in manifest.,2026-07-17T18:00:20.051630
lacharente,bd6t55097420s,,failed,0,0,,no_usable_pages,known,,,bd6t55097420s: no usable pages in manifest.,2026-07-17T18:00:20.191656
lacharente,bd6t550974216,,failed,0,0,,no_usable_pages,known,,,bd6t550974216: no usable pages in manifest.,2026-07-17T18:00:20.350464
lacharente,bd6t55097422m,,failed,0,0,,no_usable_pages,known,,,bd6t55097422m: no usable pages in manifest.,2026-07-17T18:00:20.486862
lacharente,bd6t550974231,,failed,0,0,,no_usable_pages,known,,,bd6t550974231: no usable pages in manifest.,2026-07-17T18:00:20.598024
lacharente,bd6t55097424f,,failed,0,0,,no_usable_pages,known,,,bd6t55097424f: no usable pages in manifest.,2026-07-17T18:00:20.734284
lacharente,bd6t55097425v,,failed,0,0,,no_usable_pages,known,,,bd6t55097425v: no usable pages in manifest.,2026-07-17T18:00:20.899191
lacharente,bd6t550974268,,failed,0,0,,no_usable_pages,known,,,bd6t550974268: no usable pages in manifest.,2026-07-17T18:00:21.050328
lacharente,bd6t55097427p,,failed,0,0,,no_usable_pages,known,,,bd6t55097427p: no usable pages in manifest.,2026-07-17T18:00:21.199820
lacharente,bd6t550974283,,failed,0,0,,no_usable_pages,known,,,bd6t550974283: no usable pages in manifest.,2026-07-17T18:00:21.349895
lacharente,bd6t55097429h,,failed,0,0,,no_usable_pages,known,,,bd6t55097429h: no usable pages in manifest.,2026-07-17T18:00:21.622244
lacharente,bd6t550974305,,failed,0,0,,no_usable_pages,known,,,bd6t550974305: no usable pages in manifest.,2026-07-17T18:00:21.775463
lacharente,bd6t55097431k,,failed,0,0,,no_usable_pages,known,,,bd6t55097431k: no usable pages in manifest.,2026-07-17T18:00:21.892370
lacharente,bd6t550974320,,failed,0,0,,no_usable_pages,known,,,bd6t550974320: no usable pages in manifest.,2026-07-17T18:00:22.042332
lacharente,bd6t55097433d,,failed,0,0,,no_usable_pages,known,,,bd6t55097433d: no usable pages in manifest.,2026-07-17T18:00:22.235993
lacharente,bd6t55097434t,,failed,0,0,,no_usable_pages,known,,,bd6t55097434t: no usable pages in manifest.,2026-07-17T18:00:22.348626
lacharente,bd6t550974357,,failed,0,0,,no_usable_pages,known,,,bd6t550974357: no usable pages in manifest.,2026-07-17T18:00:22.462536
lacharente,bd6t55097436n,,failed,0,0,,no_usable_pages,known,,,bd6t55097436n: no usable pages in manifest.,2026-07-17T18:00:22.668979
lacharente,bd6t550974372,,failed,0,0,,no_usable_pages,known,,,bd6t550974372: no usable pages in manifest.,2026-07-17T18:00:22.834024
lacharente,bd6t55097438g,,failed,0,0,,no_usable_pages,known,,,bd6t55097438g: no usable pages in manifest.,2026-07-17T18:00:22.956439
lacharente,bd6t55097439w,,failed,0,0,,no_usable_pages,known,,,bd6t55097439w: no usable pages in manifest.,2026-07-17T18:00:23.084221
lacharente,bd6t55097440j,,failed,0,0,,no_usable_pages,known,,,bd6t55097440j: no usable pages in manifest.,2026-07-17T18:00:23.262524
lacharente,bd6t55097441z,,failed,0,0,,no_usable_pages,known,,,bd6t55097441z: no usable pages in manifest.,2026-07-17T18:00:23.418439
lacharente,bd6t55097442c,,failed,0,0,,no_usable_pages,known,,,bd6t55097442c: no usable pages in manifest.,2026-07-17T18:00:23.550297
lacharente,bd6t55097443s,,failed,0,0,,no_usable_pages,known,,,bd6t55097443s: no usable pages in manifest.,2026-07-17T18:00:23.763287
lacharente,bd6t550974446,,failed,0,0,,no_usable_pages,known,,,bd6t550974446: no usable pages in manifest.,2026-07-17T18:00:23.900719
lacharente,bd6t55097445m,,failed,0,0,,no_usable_pages,known,,,bd6t55097445m: no usable pages in manifest.,2026-07-17T18:00:24.051184
lacharente,bd6t550974461,,failed,0,0,,no_usable_pages,known,,,bd6t550974461: no usable pages in manifest.,2026-07-17T18:00:24.249475
lacharente,bd6t55097447f,,failed,0,0,,no_usable_pages,known,,,bd6t55097447f: no usable pages in manifest.,2026-07-17T18:00:24.395270
lacharente,bd6t55097448v,,failed,0,0,,no_usable_pages,known,,,bd6t55097448v: no usable pages in manifest.,2026-07-17T18:00:24.639244
lacharente,bd6t550974498,,failed,0,0,,no_usable_pages,known,,,bd6t550974498: no usable pages in manifest.,2026-07-17T18:00:24.824890
lacharente,bd6t55097450x,,failed,0,0,,no_usable_pages,known,,,bd6t55097450x: no usable pages in manifest.,2026-07-17T18:00:24.974080
lacharente,bd6t55097451b,,failed,0,0,,no_usable_pages,known,,,bd6t55097451b: no usable pages in manifest.,2026-07-17T18:00:25.121476
lacharente,bd6t55097452r,,failed,0,0,,no_usable_pages,known,,,bd6t55097452r: no usable pages in manifest.,2026-07-17T18:00:25.298201
lacharente,bd6t550974535,,failed,0,0,,no_usable_pages,known,,,bd6t550974535: no usable pages in manifest.,2026-07-17T18:00:25.460761
lacharente,bd6t55097454k,,failed,0,0,,no_usable_pages,known,,,bd6t55097454k: no usable pages in manifest.,2026-07-17T18:00:25.639898
lacharente,bd6t550974550,,failed,0,0,,no_usable_pages,known,,,bd6t550974550: no usable pages in manifest.,2026-07-17T18:00:25.795936
lacharente,bd6t55097456d,,failed,0,0,,no_usable_pages,known,,,bd6t55097456d: no usable pages in manifest.,2026-07-17T18:00:25.957141
lacharente,bd6t55097457t,,failed,0,0,,no_usable_pages,known,,,bd6t55097457t: no usable pages in manifest.,2026-07-17T18:00:26.110203
lacharente,bd6t550974587,,failed,0,0,,no_usable_pages,known,,,bd6t550974587: no usable pages in manifest.,2026-07-17T18:00:26.237256
lacharente,bd6t55097459n,,failed,0,0,,no_usable_pages,known,,,bd6t55097459n: no usable pages in manifest.,2026-07-17T18:00:26.429129
lacharente,bd6t550974609,,failed,0,0,,no_usable_pages,known,,,bd6t550974609: no usable pages in manifest.,2026-07-17T18:00:26.593233
lacharente,bd6t55097461q,,failed,0,0,,no_usable_pages,known,,,bd6t55097461q: no usable pages in manifest.,2026-07-17T18:00:26.755116
lacharente,bd6t550974624,,failed,0,0,,no_usable_pages,known,,,bd6t550974624: no usable pages in manifest.,2026-07-17T18:00:26.973921
lacharente,bd6t55097463j,,failed,0,0,,no_usable_pages,known,,,bd6t55097463j: no usable pages in manifest.,2026-07-17T18:00:27.118915
lacharente,bd6t55097464z,,failed,0,0,,no_usable_pages,known,,,bd6t55097464z: no usable pages in manifest.,2026-07-17T18:00:27.254398
lacharente,bd6t55097465c,,failed,0,0,,no_usable_pages,known,,,bd6t55097465c: no usable pages in manifest.,2026-07-17T18:00:27.411464
lacharente,bd6t55097466s,,failed,0,0,,no_usable_pages,known,,,bd6t55097466s: no usable pages in manifest.,2026-07-17T18:00:27.533538
lacharente,bd6t550974676,,failed,0,0,,no_usable_pages,known,,,bd6t550974676: no usable pages in manifest.,2026-07-17T18:00:27.703934
lacharente,bd6t55097468m,,failed,0,0,,no_usable_pages,known,,,bd6t55097468m: no usable pages in manifest.,2026-07-17T18:00:27.874271
lacharente,bd6t550974691,,failed,0,0,,no_usable_pages,known,,,bd6t550974691: no usable pages in manifest.,2026-07-17T18:00:28.111666
lacharente,bd6t55097470p,,failed,0,0,,no_usable_pages,known,,,bd6t55097470p: no usable pages in manifest.,2026-07-17T18:00:28.281117
lacharente,bd6t550974713,,failed,0,0,,no_usable_pages,known,,,bd6t550974713: no usable pages in manifest.,2026-07-17T18:00:28.380911
lacharente,bd6t55097472h,,failed,0,0,,no_usable_pages,known,,,bd6t55097472h: no usable pages in manifest.,2026-07-17T18:00:28.569415
lacharente,bd6t55097473x,,failed,0,0,,no_usable_pages,known,,,bd6t55097473x: no usable pages in manifest.,2026-07-17T18:00:28.731255
lacharente,bd6t55097474b,,failed,0,0,,no_usable_pages,known,,,bd6t55097474b: no usable pages in manifest.,2026-07-17T18:00:28.891743
lacharente,bd6t55097475r,,failed,0,0,,no_usable_pages,known,,,bd6t55097475r: no usable pages in manifest.,2026-07-17T18:00:29.038688
lacharente,bd6t550974765,,failed,0,0,,no_usable_pages,known,,,bd6t550974765: no usable pages in manifest.,2026-07-17T18:00:29.192752
lacharente,bd6t55097477k,,failed,0,0,,no_usable_pages,known,,,bd6t55097477k: no usable pages in manifest.,2026-07-17T18:00:29.295717
lacharente,bd6t550974780,,failed,0,0,,no_usable_pages,known,,,bd6t550974780: no usable pages in manifest.,2026-07-17T18:00:29.415220
lacharente,bd6t55097479d,,failed,0,0,,no_usable_pages,known,,,bd6t55097479d: no usable pages in manifest.,2026-07-17T18:00:29.545922
lacharente,bd6t550974802,,failed,0,0,,no_usable_pages,known,,,bd6t550974802: no usable pages in manifest.,2026-07-17T18:00:29.717545
lacharente,bd6t55097481g,,failed,0,0,,no_usable_pages,known,,,bd6t55097481g: no usable pages in manifest.,2026-07-17T18:00:29.882617
lacharente,bd6t55097482w,,failed,0,0,,no_usable_pages,known,,,bd6t55097482w: no usable pages in manifest.,2026-07-17T18:00:30.077415
lacharente,bd6t550974839,,failed,0,0,,no_usable_pages,known,,,bd6t550974839: no usable pages in manifest.,2026-07-17T18:00:30.290500
lacharente,bd6t55097484q,,failed,0,0,,no_usable_pages,known,,,bd6t55097484q: no usable pages in manifest.,2026-07-17T18:00:30.438576
lacharente,bd6t550974854,,failed,0,0,,no_usable_pages,known,,,bd6t550974854: no usable pages in manifest.,2026-07-17T18:00:30.590870
lacharente,bd6t55097486j,,failed,0,0,,no_usable_pages,known,,,bd6t55097486j: no usable pages in manifest.,2026-07-17T18:00:30.756828
lacharente,bd6t55097487z,,failed,0,0,,no_usable_pages,known,,,bd6t55097487z: no usable pages in manifest.,2026-07-17T18:00:30.981980
lacharente,bd6t55097488c,,failed,0,0,,no_usable_pages,known,,,bd6t55097488c: no usable pages in manifest.,2026-07-17T18:00:31.230026
lacharente,bd6t55097489s,,failed,0,0,,no_usable_pages,known,,,bd6t55097489s: no usable pages in manifest.,2026-07-17T18:00:31.379317
lacharente,bd6t55097490f,,failed,0,0,,no_usable_pages,known,,,bd6t55097490f: no usable pages in manifest.,2026-07-17T18:00:31.540053
lacharente,bd6t55097491v,,failed,0,0,,no_usable_pages,known,,,bd6t55097491v: no usable pages in manifest.,2026-07-17T18:00:31.705500
lacharente,bd6t550974928,,failed,0,0,,no_usable_pages,known,,,bd6t550974928: no usable pages in manifest.,2026-07-17T18:00:31.837043
lacharente,bd6t55097493p,,failed,0,0,,no_usable_pages,known,,,bd6t55097493p: no usable pages in manifest.,2026-07-17T18:00:31.970211
lacharente,bd6t550974943,,failed,0,0,,no_usable_pages,known,,,bd6t550974943: no usable pages in manifest.,2026-07-17T18:00:32.112319
lacharente,bd6t55097495h,,failed,0,0,,no_usable_pages,known,,,bd6t55097495h: no usable pages in manifest.,2026-07-17T18:00:32.314215
lacharente,bd6t55097496x,,failed,0,0,,no_usable_pages,known,,,bd6t55097496x: no usable pages in manifest.,2026-07-17T18:00:32.439811
lacharente,bd6t55097497b,,failed,0,0,,no_usable_pages,known,,,bd6t55097497b: no usable pages in manifest.,2026-07-17T18:00:32.555115
lacharente,bd6t55097498r,,failed,0,0,,no_usable_pages,known,,,bd6t55097498r: no usable pages in manifest.,2026-07-17T18:00:32.688952
lacharente,bd6t550974995,,failed,0,0,,no_usable_pages,known,,,bd6t550974995: no usable pages in manifest.,2026-07-17T18:00:32.821588
lacharente,bd6t55097500c,,failed,0,0,,no_usable_pages,known,,,bd6t55097500c: no usable pages in manifest.,2026-07-17T18:00:32.971315
lacharente,bd6t55097501s,,failed,0,0,,no_usable_pages,known,,,bd6t55097501s: no usable pages in manifest.,2026-07-17T18:00:33.156979
lacharente,bd6t550975026,,failed,0,0,,no_usable_pages,known,,,bd6t550975026: no usable pages in manifest.,2026-07-17T18:00:33.411747
lacharente,bd6t55097503m,,failed,0,0,,no_usable_pages,known,,,bd6t55097503m: no usable pages in manifest.,2026-07-17T18:00:33.548720
lacharente,bd6t550975041,,failed,0,0,,no_usable_pages,known,,,bd6t550975041: no usable pages in manifest.,2026-07-17T18:00:33.718714
lacharente,bd6t55097505f,,failed,0,0,,no_usable_pages,known,,,bd6t55097505f: no usable pages in manifest.,2026-07-17T18:00:33.889755
lacharente,bd6t55097506v,,failed,0,0,,no_usable_pages,known,,,bd6t55097506v: no usable pages in manifest.,2026-07-17T18:00:34.048652
lacharente,bd6t550975078,,failed,0,0,,no_usable_pages,known,,,bd6t550975078: no usable pages in manifest.,2026-07-17T18:00:34.223003
lacharente,bd6t55097508p,,failed,0,0,,no_usable_pages,known,,,bd6t55097508p: no usable pages in manifest.,2026-07-17T18:00:34.589976
lacharente,bd6t550975093,,failed,0,0,,no_usable_pages,known,,,bd6t550975093: no usable pages in manifest.,2026-07-17T18:00:34.714908
lacharente,bd6t55097510r,,failed,0,0,,no_usable_pages,known,,,bd6t55097510r: no usable pages in manifest.,2026-07-17T18:00:34.933140
lacharente,bd6t550975115,,failed,0,0,,no_usable_pages,known,,,bd6t550975115: no usable pages in manifest.,2026-07-17T18:00:35.070175
lacharente,bd6t55097512k,,failed,0,0,,no_usable_pages,known,,,bd6t55097512k: no usable pages in manifest.,2026-07-17T18:00:35.237748
lacharente,bd6t550975130,,failed,0,0,,no_usable_pages,known,,,bd6t550975130: no usable pages in manifest.,2026-07-17T18:00:35.430401
lacharente,bd6t55097514d,,failed,0,0,,no_usable_pages,known,,,bd6t55097514d: no usable pages in manifest.,2026-07-17T18:00:35.745966
lacharente,bd6t55097515t,,failed,0,0,,no_usable_pages,known,,,bd6t55097515t: no usable pages in manifest.,2026-07-17T18:00:35.926408
lacharente,bd6t550975167,,failed,0,0,,no_usable_pages,known,,,bd6t550975167: no usable pages in manifest.,2026-07-17T18:00:36.073906
lacharente,bd6t55097517n,,failed,0,0,,no_usable_pages,known,,,bd6t55097517n: no usable pages in manifest.,2026-07-17T18:00:36.278280
lacharente,bd6t550975182,,failed,0,0,,no_usable_pages,known,,,bd6t550975182: no usable pages in manifest.,2026-07-17T18:00:36.413360
lacharente,bd6t55097519g,,failed,0,0,,no_usable_pages,known,,,bd6t55097519g: no usable pages in manifest.,2026-07-17T18:00:36.714150
lacharente,bd6t550975204,,failed,0,0,,no_usable_pages,known,,,bd6t550975204: no usable pages in manifest.,2026-07-17T18:00:36.865170
lacharente,bd6t55097521j,,failed,0,0,,no_usable_pages,known,,,bd6t55097521j: no usable pages in manifest.,2026-07-17T18:00:37.014355
lacharente,bd6t55097522z,,failed,0,0,,no_usable_pages,known,,,bd6t55097522z: no usable pages in manifest.,2026-07-17T18:00:37.182624
lacharente,bd6t55097523c,,failed,0,0,,no_usable_pages,known,,,bd6t55097523c: no usable pages in manifest.,2026-07-17T18:00:37.326572
lacharente,bd6t55097524s,,failed,0,0,,no_usable_pages,known,,,bd6t55097524s: no usable pages in manifest.,2026-07-17T18:00:37.470187
lacharente,bd6t550975256,,failed,0,0,,no_usable_pages,known,,,bd6t550975256: no usable pages in manifest.,2026-07-17T18:00:37.754621
lacharente,bd6t55097526m,,failed,0,0,,no_usable_pages,known,,,bd6t55097526m: no usable pages in manifest.,2026-07-17T18:00:37.953041
lacharente,bd6t550975271,,failed,0,0,,no_usable_pages,known,,,bd6t550975271: no usable pages in manifest.,2026-07-17T18:00:38.184874
lacharente,bd6t55097528f,,failed,0,0,,no_usable_pages,known,,,bd6t55097528f: no usable pages in manifest.,2026-07-17T18:00:38.308248
lacharente,bd6t55097529v,,failed,0,0,,no_usable_pages,known,,,bd6t55097529v: no usable pages in manifest.,2026-07-17T18:00:38.440319
lacharente,bd6t55097530h,,failed,0,0,,no_usable_pages,known,,,bd6t55097530h: no usable pages in manifest.,2026-07-17T18:00:38.665571
lacharente,bd6t55097531x,,failed,0,0,,no_usable_pages,known,,,bd6t55097531x: no usable pages in manifest.,2026-07-17T18:00:38.864205
lacharente,bd6t55097532b,,failed,0,0,,no_usable_pages,known,,,bd6t55097532b: no usable pages in manifest.,2026-07-17T18:00:39.063697
lacharente,bd6t55097533r,,failed,0,0,,no_usable_pages,known,,,bd6t55097533r: no usable pages in manifest.,2026-07-17T18:00:39.291873
lacharente,bd6t550975345,,failed,0,0,,no_usable_pages,known,,,bd6t550975345: no usable pages in manifest.,2026-07-17T18:00:39.431567
lacharente,bd6t55097535k,,failed,0,0,,no_usable_pages,known,,,bd6t55097535k: no usable pages in manifest.,2026-07-17T18:00:39.569267
lacharente,bd6t550975360,,failed,0,0,,no_usable_pages,known,,,bd6t550975360: no usable pages in manifest.,2026-07-17T18:00:39.760015
lacharente,bd6t55097537d,,failed,0,0,,no_usable_pages,known,,,bd6t55097537d: no usable pages in manifest.,2026-07-17T18:00:39.978221
lacharente,bd6t55097538t,,failed,0,0,,no_usable_pages,known,,,bd6t55097538t: no usable pages in manifest.,2026-07-17T18:00:40.115626
lacharente,bd6t550975397,,failed,0,0,,no_usable_pages,known,,,bd6t550975397: no usable pages in manifest.,2026-07-17T18:00:40.269189
lacharente,bd6t55097540w,,failed,0,0,,no_usable_pages,known,,,bd6t55097540w: no usable pages in manifest.,2026-07-17T18:00:40.435589
lacharente,bd6t550975419,,failed,0,0,,no_usable_pages,known,,,bd6t550975419: no usable pages in manifest.,2026-07-17T18:00:40.582144
lacharente,bd6t55097542q,,failed,0,0,,no_usable_pages,known,,,bd6t55097542q: no usable pages in manifest.,2026-07-17T18:00:40.773396
lacharente,bd6t550975434,,failed,0,0,,no_usable_pages,known,,,bd6t550975434: no usable pages in manifest.,2026-07-17T18:00:41.004496
lacharente,bd6t55097544j,,failed,0,0,,no_usable_pages,known,,,bd6t55097544j: no usable pages in manifest.,2026-07-17T18:00:41.187550
lacharente,bd6t55097545z,,failed,0,0,,no_usable_pages,known,,,bd6t55097545z: no usable pages in manifest.,2026-07-17T18:00:41.369818
lacharente,bd6t55097546c,,failed,0,0,,no_usable_pages,known,,,bd6t55097546c: no usable pages in manifest.,2026-07-17T18:00:41.517834
lacharente,bd6t55097547s,,failed,0,0,,no_usable_pages,known,,,bd6t55097547s: no usable pages in manifest.,2026-07-17T18:00:41.657700
lacharente,bd6t550975486,,failed,0,0,,no_usable_pages,known,,,bd6t550975486: no usable pages in manifest.,2026-07-17T18:00:41.901761
lacharente,bd6t55097549m,,failed,0,0,,no_usable_pages,known,,,bd6t55097549m: no usable pages in manifest.,2026-07-17T18:00:42.126739
lacharente,bd6t550975508,,failed,0,0,,no_usable_pages,known,,,bd6t550975508: no usable pages in manifest.,2026-07-17T18:00:42.270389
lacharente,bd6t55097551p,,failed,0,0,,no_usable_pages,known,,,bd6t55097551p: no usable pages in manifest.,2026-07-17T18:00:42.481593
lacharente,bd6t550975523,,failed,0,0,,no_usable_pages,known,,,bd6t550975523: no usable pages in manifest.,2026-07-17T18:00:42.678499
lacharente,bd6t55097553h,,failed,0,0,,no_usable_pages,known,,,bd6t55097553h: no usable pages in manifest.,2026-07-17T18:00:42.889924
lacharente,bd6t55097554x,,failed,0,0,,no_usable_pages,known,,,bd6t55097554x: no usable pages in manifest.,2026-07-17T18:00:43.267982
lacharente,bd6t55097555b,,failed,0,0,,no_usable_pages,known,,,bd6t55097555b: no usable pages in manifest.,2026-07-17T18:00:43.495344
lacharente,bd6t55097556r,,failed,0,0,,no_usable_pages,known,,,bd6t55097556r: no usable pages in manifest.,2026-07-17T18:00:43.648060
lacharente,bd6t550975575,,failed,0,0,,no_usable_pages,known,,,bd6t550975575: no usable pages in manifest.,2026-07-17T18:00:43.822826
lacharente,bd6t55097558k,,failed,0,0,,no_usable_pages,known,,,bd6t55097558k: no usable pages in manifest.,2026-07-17T18:00:44.036207
lacharente,bd6t550975590,,failed,0,0,,no_usable_pages,known,,,bd6t550975590: no usable pages in manifest.,2026-07-17T18:00:44.377264
lacharente,bd6t55097560n,,failed,0,0,,no_usable_pages,known,,,bd6t55097560n: no usable pages in manifest.,2026-07-17T18:00:44.556070
lacharente,bd6t550975612,,failed,0,0,,no_usable_pages,known,,,bd6t550975612: no usable pages in manifest.,2026-07-17T18:00:44.751407
lacharente,bd6t55097562g,,failed,0,0,,no_usable_pages,known,,,bd6t55097562g: no usable pages in manifest.,2026-07-17T18:00:44.914326
lacharente,bd6t55097563w,,failed,0,0,,no_usable_pages,known,,,bd6t55097563w: no usable pages in manifest.,2026-07-17T18:00:45.109129
lacharente,bd6t550975649,,failed,0,0,,no_usable_pages,known,,,bd6t550975649: no usable pages in manifest.,2026-07-17T18:00:45.433850
lacharente,bd6t55097565q,,failed,0,0,,no_usable_pages,known,,,bd6t55097565q: no usable pages in manifest.,2026-07-17T18:00:45.663492
lacharente,bd6t550975664,,failed,0,0,,no_usable_pages,known,,,bd6t550975664: no usable pages in manifest.,2026-07-17T18:00:45.825281
lacharente,bd6t55097567j,,failed,0,0,,no_usable_pages,known,,,bd6t55097567j: no usable pages in manifest.,2026-07-17T18:00:45.963248
lacharente,bd6t55097568z,,failed,0,0,,no_usable_pages,known,,,bd6t55097568z: no usable pages in manifest.,2026-07-17T18:00:46.125937
lacharente,bd6t55097569c,,failed,0,0,,no_usable_pages,known,,,bd6t55097569c: no usable pages in manifest.,2026-07-17T18:00:46.292672
lacharente,bd6t550975701,,failed,0,0,,no_usable_pages,known,,,bd6t550975701: no usable pages in manifest.,2026-07-17T18:00:46.650031
lacharente,bd6t55097571f,,failed,0,0,,no_usable_pages,known,,,bd6t55097571f: no usable pages in manifest.,2026-07-17T18:00:46.811827
lacharente,bd6t55097572v,,failed,0,0,,no_usable_pages,known,,,bd6t55097572v: no usable pages in manifest.,2026-07-17T18:00:46.954806
lacharente,bd6t550975738,,failed,0,0,,no_usable_pages,known,,,bd6t550975738: no usable pages in manifest.,2026-07-17T18:00:47.134372
lacharente,bd6t55097574p,,failed,0,0,,no_usable_pages,known,,,bd6t55097574p: no usable pages in manifest.,2026-07-17T18:00:47.348521
lacharente,bd6t550975753,,failed,0,0,,no_usable_pages,known,,,bd6t550975753: no usable pages in manifest.,2026-07-17T18:00:47.659327
lacharente,bd6t55097576h,,failed,0,0,,no_usable_pages,known,,,bd6t55097576h: no usable pages in manifest.,2026-07-17T18:00:47.813220
lacharente,bd6t55097577x,,failed,0,0,,no_usable_pages,known,,,bd6t55097577x: no usable pages in manifest.,2026-07-17T18:00:47.955356
lacharente,bd6t55097578b,,failed,0,0,,no_usable_pages,known,,,bd6t55097578b: no usable pages in manifest.,2026-07-17T18:00:48.094316
lacharente,bd6t55097579r,,failed,0,0,,no_usable_pages,known,,,bd6t55097579r: no usable pages in manifest.,2026-07-17T18:00:48.256777
lacharente,bd6t55097580d,,failed,0,0,,no_usable_pages,known,,,bd6t55097580d: no usable pages in manifest.,2026-07-17T18:00:48.415749
lacharente,bd6t55097581t,,failed,0,0,,no_usable_pages,known,,,bd6t55097581t: no usable pages in manifest.,2026-07-17T18:00:48.686266
lacharente,bd6t550975827,,failed,0,0,,no_usable_pages,known,,,bd6t550975827: no usable pages in manifest.,2026-07-17T18:00:48.811479
lacharente,bd6t55097583n,,failed,0,0,,no_usable_pages,known,,,bd6t55097583n: no usable pages in manifest.,2026-07-17T18:00:48.954669
lacharente,bd6t550975842,,failed,0,0,,no_usable_pages,known,,,bd6t550975842: no usable pages in manifest.,2026-07-17T18:00:49.106290
lacharente,bd6t55097585g,,failed,0,0,,no_usable_pages,known,,,bd6t55097585g: no usable pages in manifest.,2026-07-17T18:00:49.259743
lacharente,bd6t55097586w,,failed,0,0,,no_usable_pages,known,,,bd6t55097586w: no usable pages in manifest.,2026-07-17T18:00:49.428973
lacharente,bd6t550975879,,failed,0,0,,no_usable_pages,known,,,bd6t550975879: no usable pages in manifest.,2026-07-17T18:00:49.564968
lacharente,bd6t55097588q,,failed,0,0,,no_usable_pages,known,,,bd6t55097588q: no usable pages in manifest.,2026-07-17T18:00:49.816954
lacharente,bd6t550975894,,failed,0,0,,no_usable_pages,known,,,bd6t550975894: no usable pages in manifest.,2026-07-17T18:00:50.011840
lacharente,bd6t55097590s,,failed,0,0,,no_usable_pages,known,,,bd6t55097590s: no usable pages in manifest.,2026-07-17T18:00:50.174272
lacharente,bd6t550975916,,failed,0,0,,no_usable_pages,known,,,bd6t550975916: no usable pages in manifest.,2026-07-17T18:00:50.314725
lacharente,bd6t55097592m,,failed,0,0,,no_usable_pages,known,,,bd6t55097592m: no usable pages in manifest.,2026-07-17T18:00:50.504423
lacharente,bd6t550975931,,failed,0,0,,no_usable_pages,known,,,bd6t550975931: no usable pages in manifest.,2026-07-17T18:00:50.626170
lacharente,bd6t55097594f,,failed,0,0,,no_usable_pages,known,,,bd6t55097594f: no usable pages in manifest.,2026-07-17T18:00:50.901645
lacharente,bd6t55097595v,,failed,0,0,,no_usable_pages,known,,,bd6t55097595v: no usable pages in manifest.,2026-07-17T18:00:51.083101
lacharente,bd6t550975968,,failed,0,0,,no_usable_pages,known,,,bd6t550975968: no usable pages in manifest.,2026-07-17T18:00:51.267990
lacharente,bd6t55097597p,,failed,0,0,,no_usable_pages,known,,,bd6t55097597p: no usable pages in manifest.,2026-07-17T18:00:51.431314
lacharente,bd6t550975983,,failed,0,0,,no_usable_pages,known,,,bd6t550975983: no usable pages in manifest.,2026-07-17T18:00:51.647516
lacharente,bd6t55097599h,,failed,0,0,,no_usable_pages,known,,,bd6t55097599h: no usable pages in manifest.,2026-07-17T18:00:51.985590
lacharente,bd6t55097600q,,failed,0,0,,no_usable_pages,known,,,bd6t55097600q: no usable pages in manifest.,2026-07-17T18:00:52.187462
lacharente,bd6t550976014,,failed,0,0,,no_usable_pages,known,,,bd6t550976014: no usable pages in manifest.,2026-07-17T18:00:52.453229
lacharente,bd6t55097602j,,failed,0,0,,no_usable_pages,known,,,bd6t55097602j: no usable pages in manifest.,2026-07-17T18:00:52.589741
lacharente,bd6t55097603z,,failed,0,0,,no_usable_pages,known,,,bd6t55097603z: no usable pages in manifest.,2026-07-17T18:00:52.770250
lacharente,bd6t55097604c,,failed,0,0,,no_usable_pages,known,,,bd6t55097604c: no usable pages in manifest.,2026-07-17T18:00:53.051449
lacharente,bd6t55097605s,,failed,0,0,,no_usable_pages,known,,,bd6t55097605s: no usable pages in manifest.,2026-07-17T18:00:53.209704
lacharente,bd6t550976066,,failed,0,0,,no_usable_pages,known,,,bd6t550976066: no usable pages in manifest.,2026-07-17T18:00:53.359623
lacharente,bd6t55097607m,,failed,0,0,,no_usable_pages,known,,,bd6t55097607m: no usable pages in manifest.,2026-07-17T18:00:53.510579
lacharente,bd6t550976081,,failed,0,0,,no_usable_pages,known,,,bd6t550976081: no usable pages in manifest.,2026-07-17T18:00:53.656604
lacharente,bd6t55097609f,,failed,0,0,,no_usable_pages,known,,,bd6t55097609f: no usable pages in manifest.,2026-07-17T18:00:53.811434
lacharente,bd6t550976103,,failed,0,0,,no_usable_pages,known,,,bd6t550976103: no usable pages in manifest.,2026-07-17T18:00:54.112178
lacharente,bd6t55097611h,,failed,0,0,,no_usable_pages,known,,,bd6t55097611h: no usable pages in manifest.,2026-07-17T18:00:54.263766
lacharente,bd6t55097612x,,failed,0,0,,no_usable_pages,known,,,bd6t55097612x: no usable pages in manifest.,2026-07-17T18:00:54.470777
lacharente,bd6t55097613b,,failed,0,0,,no_usable_pages,known,,,bd6t55097613b: no usable pages in manifest.,2026-07-17T18:00:54.614059
lacharente,bd6t55097614r,,failed,0,0,,no_usable_pages,known,,,bd6t55097614r: no usable pages in manifest.,2026-07-17T18:00:54.840713
lacharente,bd6t550976155,,failed,0,0,,no_usable_pages,known,,,bd6t550976155: no usable pages in manifest.,2026-07-17T18:00:55.404221
lacharente,bd6t55097616k,,failed,0,0,,no_usable_pages,known,,,bd6t55097616k: no usable pages in manifest.,2026-07-17T18:00:55.623071
lacharente,bd6t550976170,,failed,0,0,,no_usable_pages,known,,,bd6t550976170: no usable pages in manifest.,2026-07-17T18:00:55.913296
lacharente,bd6t55097618d,,failed,0,0,,no_usable_pages,known,,,bd6t55097618d: no usable pages in manifest.,2026-07-17T18:00:56.197834
lacharente,bd6t55097619t,,failed,0,0,,no_usable_pages,known,,,bd6t55097619t: no usable pages in manifest.,2026-07-17T18:00:56.502523
lacharente,bd6t55097620g,,failed,0,0,,no_usable_pages,known,,,bd6t55097620g: no usable pages in manifest.,2026-07-17T18:00:56.690513
lacharente,bd6t55097621w,,failed,0,0,,no_usable_pages,known,,,bd6t55097621w: no usable pages in manifest.,2026-07-17T18:00:56.845064
lacharente,bd6t550976229,,failed,0,0,,no_usable_pages,known,,,bd6t550976229: no usable pages in manifest.,2026-07-17T18:00:57.009948
lacharente,bd6t55097623q,,failed,0,0,,no_usable_pages,known,,,bd6t55097623q: no usable pages in manifest.,2026-07-17T18:00:57.145143
lacharente,bd6t550976244,,failed,0,0,,no_usable_pages,known,,,bd6t550976244: no usable pages in manifest.,2026-07-17T18:00:57.390448
lacharente,bd6t55097625j,,failed,0,0,,no_usable_pages,known,,,bd6t55097625j: no usable pages in manifest.,2026-07-17T18:00:57.589166
lacharente,bd6t55097626z,,failed,0,0,,no_usable_pages,known,,,bd6t55097626z: no usable pages in manifest.,2026-07-17T18:00:57.910280
lacharente,bd6t55097627c,,failed,0,0,,no_usable_pages,known,,,bd6t55097627c: no usable pages in manifest.,2026-07-17T18:00:58.316031
lacharente,bd6t55097628s,,failed,0,0,,no_usable_pages,known,,,bd6t55097628s: no usable pages in manifest.,2026-07-17T18:00:58.741842
lacharente,bd6t550976296,,failed,0,0,,no_usable_pages,known,,,bd6t550976296: no usable pages in manifest.,2026-07-17T18:00:58.913964
lacharente,bd6t55097630v,,failed,0,0,,no_usable_pages,known,,,bd6t55097630v: no usable pages in manifest.,2026-07-17T18:00:59.191850
lacharente,bd6t550976318,,failed,0,0,,no_usable_pages,known,,,bd6t550976318: no usable pages in manifest.,2026-07-17T18:00:59.376907
lacharente,bd6t55097632p,,failed,0,0,,no_usable_pages,known,,,bd6t55097632p: no usable pages in manifest.,2026-07-17T18:00:59.661112
lacharente,bd6t550976333,,failed,0,0,,no_usable_pages,known,,,bd6t550976333: no usable pages in manifest.,2026-07-17T18:00:59.842663
lacharente,bd6t55097634h,,failed,0,0,,no_usable_pages,known,,,bd6t55097634h: no usable pages in manifest.,2026-07-17T18:01:00.036252
lacharente,bd6t55097635x,,failed,0,0,,no_usable_pages,known,,,bd6t55097635x: no usable pages in manifest.,2026-07-17T18:01:00.248978
lacharente,bd6t55097636b,,failed,0,0,,no_usable_pages,known,,,bd6t55097636b: no usable pages in manifest.,2026-07-17T18:01:00.403463
lacharente,bd6t55097637r,,failed,0,0,,no_usable_pages,known,,,bd6t55097637r: no usable pages in manifest.,2026-07-17T18:01:00.618715
lacharente,bd6t550976385,,failed,0,0,,no_usable_pages,known,,,bd6t550976385: no usable pages in manifest.,2026-07-17T18:01:00.738034
lacharente,bd6t55097639k,,failed,0,0,,no_usable_pages,known,,,bd6t55097639k: no usable pages in manifest.,2026-07-17T18:01:00.908912
lacharente,bd6t550976407,,failed,0,0,,no_usable_pages,known,,,bd6t550976407: no usable pages in manifest.,2026-07-17T18:01:01.069126
lacharente,bd6t55097641n,,failed,0,0,,no_usable_pages,known,,,bd6t55097641n: no usable pages in manifest.,2026-07-17T18:01:01.225885
lacharente,bd6t550976422,,failed,0,0,,no_usable_pages,known,,,bd6t550976422: no usable pages in manifest.,2026-07-17T18:01:01.415729
lacharente,bd6t55097643g,,failed,0,0,,no_usable_pages,known,,,bd6t55097643g: no usable pages in manifest.,2026-07-17T18:01:01.690606
lacharente,bd6t55097644w,,failed,0,0,,no_usable_pages,known,,,bd6t55097644w: no usable pages in manifest.,2026-07-17T18:01:01.914778
lacharente,bd6t550976459,,failed,0,0,,no_usable_pages,known,,,bd6t550976459: no usable pages in manifest.,2026-07-17T18:01:02.147089
lacharente,bd6t55097646q,,failed,0,0,,no_usable_pages,known,,,bd6t55097646q: no usable pages in manifest.,2026-07-17T18:01:02.315135
lacharente,bd6t55097959c,,failed,0,0,,no_usable_pages,known,,,bd6t55097959c: no usable pages in manifest.,2026-07-17T18:01:02.557919
lacharente,bd6t550976474,,failed,0,0,,no_usable_pages,known,,,bd6t550976474: no usable pages in manifest.,2026-07-17T18:01:02.795934
lacharente,bd6t55097648j,,failed,0,0,,no_usable_pages,known,,,bd6t55097648j: no usable pages in manifest.,2026-07-17T18:01:02.962029
lacharente,bd6t55097649z,,failed,0,0,,no_usable_pages,known,,,bd6t55097649z: no usable pages in manifest.,2026-07-17T18:01:03.164002
lacharente,bd6t55097650m,,failed,0,0,,no_usable_pages,known,,,bd6t55097650m: no usable pages in manifest.,2026-07-17T18:01:03.328058
lacharente,bd6t550976511,,failed,0,0,,no_usable_pages,known,,,bd6t550976511: no usable pages in manifest.,2026-07-17T18:01:03.468972
lacharente,bd6t55097652f,,failed,0,0,,no_usable_pages,known,,,bd6t55097652f: no usable pages in manifest.,2026-07-17T18:01:03.751325
lacharente,bd6t55097653v,,failed,0,0,,no_usable_pages,known,,,bd6t55097653v: no usable pages in manifest.,2026-07-17T18:01:04.141710
lacharente,bd6t550976548,,failed,0,0,,no_usable_pages,known,,,bd6t550976548: no usable pages in manifest.,2026-07-17T18:01:04.406333
lacharente,bd6t55097655p,,failed,0,0,,no_usable_pages,known,,,bd6t55097655p: no usable pages in manifest.,2026-07-17T18:01:04.539983
lacharente,bd6t550976563,,failed,0,0,,no_usable_pages,known,,,bd6t550976563: no usable pages in manifest.,2026-07-17T18:01:04.740659
lacharente,bd6t55097657h,,failed,0,0,,no_usable_pages,known,,,bd6t55097657h: no usable pages in manifest.,2026-07-17T18:01:05.108471
lacharente,bd6t55097658x,,failed,0,0,,no_usable_pages,known,,,bd6t55097658x: no usable pages in manifest.,2026-07-17T18:01:05.286697
lacharente,bd6t550976600,,failed,0,0,,no_usable_pages,known,,,bd6t550976600: no usable pages in manifest.,2026-07-17T18:01:05.569426
lacharente,bd6t55097661d,,failed,0,0,,no_usable_pages,known,,,bd6t55097661d: no usable pages in manifest.,2026-07-17T18:01:05.799532
lacharente,bd6t55100776s,,failed,0,0,,no_usable_pages,known,,,bd6t55100776s: no usable pages in manifest.,2026-07-17T18:01:05.965211
lacharente,bd6t55097662t,,failed,0,0,,no_usable_pages,known,,,bd6t55097662t: no usable pages in manifest.,2026-07-17T18:01:06.228314
lacharente,bd6t550976637,,failed,0,0,,no_usable_pages,known,,,bd6t550976637: no usable pages in manifest.,2026-07-17T18:01:06.387326
lacharente,bd6t55097664n,,failed,0,0,,no_usable_pages,known,,,bd6t55097664n: no usable pages in manifest.,2026-07-17T18:01:06.626367
lacharente,bd6t550976652,,failed,0,0,,no_usable_pages,known,,,bd6t550976652: no usable pages in manifest.,2026-07-17T18:01:06.807356
lacharente,bd6t55097666g,,failed,0,0,,no_usable_pages,known,,,bd6t55097666g: no usable pages in manifest.,2026-07-17T18:01:06.978337
lacharente,bd6t55097667w,,failed,0,0,,no_usable_pages,known,,,bd6t55097667w: no usable pages in manifest.,2026-07-17T18:01:07.185049
lacharente,bd6t550976689,,failed,0,0,,no_usable_pages,known,,,bd6t550976689: no usable pages in manifest.,2026-07-17T18:01:07.335268
lacharente,bd6t55097669q,,failed,0,0,,no_usable_pages,known,,,bd6t55097669q: no usable pages in manifest.,2026-07-17T18:01:07.521634
lacharente,bd6t55097670c,,failed,0,0,,no_usable_pages,known,,,bd6t55097670c: no usable pages in manifest.,2026-07-17T18:01:07.717443
lacharente,bd6t55097671s,,failed,0,0,,no_usable_pages,known,,,bd6t55097671s: no usable pages in manifest.,2026-07-17T18:01:07.919313
lacharente,bd6t550976726,,failed,0,0,,no_usable_pages,known,,,bd6t550976726: no usable pages in manifest.,2026-07-17T18:01:08.092031
lacharente,bd6t55097673m,,failed,0,0,,no_usable_pages,known,,,bd6t55097673m: no usable pages in manifest.,2026-07-17T18:01:08.295558
lacharente,bd6t550976741,,failed,0,0,,no_usable_pages,known,,,bd6t550976741: no usable pages in manifest.,2026-07-17T18:01:08.519923
lacharente,bd6t55097675f,,failed,0,0,,no_usable_pages,known,,,bd6t55097675f: no usable pages in manifest.,2026-07-17T18:01:08.743515
lacharente,bd6t55097676v,,failed,0,0,,no_usable_pages,known,,,bd6t55097676v: no usable pages in manifest.,2026-07-17T18:01:09.033197
lacharente,bd6t550976778,,failed,0,0,,no_usable_pages,known,,,bd6t550976778: no usable pages in manifest.,2026-07-17T18:01:09.152088
lacharente,bd6t55097678p,,failed,0,0,,no_usable_pages,known,,,bd6t55097678p: no usable pages in manifest.,2026-07-17T18:01:09.430036
lacharente,bd6t550976793,,failed,0,0,,no_usable_pages,known,,,bd6t550976793: no usable pages in manifest.,2026-07-17T18:01:09.634415
lacharente,bd6t55097680r,,failed,0,0,,no_usable_pages,known,,,bd6t55097680r: no usable pages in manifest.,2026-07-17T18:01:09.831094
lacharente,bd6t550976815,,failed,0,0,,no_usable_pages,known,,,bd6t550976815: no usable pages in manifest.,2026-07-17T18:01:09.978751
lacharente,bd6t55097682k,,failed,0,0,,no_usable_pages,known,,,bd6t55097682k: no usable pages in manifest.,2026-07-17T18:01:10.115456
lacharente,bd6t550976830,,failed,0,0,,no_usable_pages,known,,,bd6t550976830: no usable pages in manifest.,2026-07-17T18:01:10.378666
lacharente,bd6t55097684d,,failed,0,0,,no_usable_pages,known,,,bd6t55097684d: no usable pages in manifest.,2026-07-17T18:01:10.536424
lacharente,bd6t55097685t,,failed,0,0,,no_usable_pages,known,,,bd6t55097685t: no usable pages in manifest.,2026-07-17T18:01:10.680942
lacharente,bd6t550976867,,failed,0,0,,no_usable_pages,known,,,bd6t550976867: no usable pages in manifest.,2026-07-17T18:01:10.853426
lacharente,bd6t55097687n,,failed,0,0,,no_usable_pages,known,,,bd6t55097687n: no usable pages in manifest.,2026-07-17T18:01:10.969755
lacharente,bd6t550976882,,failed,0,0,,no_usable_pages,known,,,bd6t550976882: no usable pages in manifest.,2026-07-17T18:01:11.125569
lacharente,bd6t55097689g,,failed,0,0,,no_usable_pages,known,,,bd6t55097689g: no usable pages in manifest.,2026-07-17T18:01:11.245354
lacharente,bd6t550976904,,failed,0,0,,no_usable_pages,known,,,bd6t550976904: no usable pages in manifest.,2026-07-17T18:01:11.398879
lacharente,bd6t55097691j,,failed,0,0,,no_usable_pages,known,,,bd6t55097691j: no usable pages in manifest.,2026-07-17T18:01:11.499490
lacharente,bd6t55097692z,,failed,0,0,,no_usable_pages,known,,,bd6t55097692z: no usable pages in manifest.,2026-07-17T18:01:11.641985
lacharente,bd6t55097693c,,failed,0,0,,no_usable_pages,known,,,bd6t55097693c: no usable pages in manifest.,2026-07-17T18:01:11.772709
lacharente,bd6t55097694s,,failed,0,0,,no_usable_pages,known,,,bd6t55097694s: no usable pages in manifest.,2026-07-17T18:01:11.964220
lacharente,bd6t550976956,,failed,0,0,,no_usable_pages,known,,,bd6t550976956: no usable pages in manifest.,2026-07-17T18:01:12.085368
lacharente,bd6t55097696m,,failed,0,0,,no_usable_pages,known,,,bd6t55097696m: no usable pages in manifest.,2026-07-17T18:01:12.212580
lacharente,bd6t550976971,,failed,0,0,,no_usable_pages,known,,,bd6t550976971: no usable pages in manifest.,2026-07-17T18:01:12.332602
lacharente,bd6t55097698f,,failed,0,0,,no_usable_pages,known,,,bd6t55097698f: no usable pages in manifest.,2026-07-17T18:01:12.531569
lacharente,bd6t55097699v,,failed,0,0,,no_usable_pages,known,,,bd6t55097699v: no usable pages in manifest.,2026-07-17T18:01:12.667263
lacharente,bd6t550977002,,failed,0,0,,no_usable_pages,known,,,bd6t550977002: no usable pages in manifest.,2026-07-17T18:01:12.793295
lacharente,bd6t55097701g,,failed,0,0,,no_usable_pages,known,,,bd6t55097701g: no usable pages in manifest.,2026-07-17T18:01:12.984012
lacharente,bd6t55097702w,,failed,0,0,,no_usable_pages,known,,,bd6t55097702w: no usable pages in manifest.,2026-07-17T18:01:13.118516
lacharente,bd6t550977039,,failed,0,0,,no_usable_pages,known,,,bd6t550977039: no usable pages in manifest.,2026-07-17T18:01:13.320104
lacharente,bd6t55097704q,,failed,0,0,,no_usable_pages,known,,,bd6t55097704q: no usable pages in manifest.,2026-07-17T18:01:13.462637
lacharente,bd6t550977054,,failed,0,0,,no_usable_pages,known,,,bd6t550977054: no usable pages in manifest.,2026-07-17T18:01:13.685672
lacharente,bd6t55097706j,,failed,0,0,,no_usable_pages,known,,,bd6t55097706j: no usable pages in manifest.,2026-07-17T18:01:13.850541
lacharente,bd6t55097707z,,failed,0,0,,no_usable_pages,known,,,bd6t55097707z: no usable pages in manifest.,2026-07-17T18:01:14.067633
lacharente,bd6t55097708c,,failed,0,0,,no_usable_pages,known,,,bd6t55097708c: no usable pages in manifest.,2026-07-17T18:01:14.249670
lacharente,bd6t55097709s,,failed,0,0,,no_usable_pages,known,,,bd6t55097709s: no usable pages in manifest.,2026-07-17T18:01:14.415122
lacharente,bd6t55097710f,,failed,0,0,,no_usable_pages,known,,,bd6t55097710f: no usable pages in manifest.,2026-07-17T18:01:14.573755
lacharente,bd6t55097711v,,failed,0,0,,no_usable_pages,known,,,bd6t55097711v: no usable pages in manifest.,2026-07-17T18:01:14.863712
lacharente,bd6t55097659b,,failed,0,0,,no_usable_pages,known,,,bd6t55097659b: no usable pages in manifest.,2026-07-17T18:01:15.027612
lacharente,bd6t550977128,,failed,0,0,,no_usable_pages,known,,,bd6t550977128: no usable pages in manifest.,2026-07-17T18:01:15.284766
lacharente,bd6t55097713p,,failed,0,0,,no_usable_pages,known,,,bd6t55097713p: no usable pages in manifest.,2026-07-17T18:01:15.418698
lacharente,bd6t550977143,,failed,0,0,,no_usable_pages,known,,,bd6t550977143: no usable pages in manifest.,2026-07-17T18:01:15.570538
lacharente,bd6t55097715h,,failed,0,0,,no_usable_pages,known,,,bd6t55097715h: no usable pages in manifest.,2026-07-17T18:01:15.871659
lacharente,bd6t55097716x,,failed,0,0,,no_usable_pages,known,,,bd6t55097716x: no usable pages in manifest.,2026-07-17T18:01:16.012683
lacharente,bd6t55097717b,,failed,0,0,,no_usable_pages,known,,,bd6t55097717b: no usable pages in manifest.,2026-07-17T18:01:16.212277
lacharente,bd6t55097718r,,failed,0,0,,no_usable_pages,known,,,bd6t55097718r: no usable pages in manifest.,2026-07-17T18:01:16.363057
lacharente,bd6t550977195,,failed,0,0,,no_usable_pages,known,,,bd6t550977195: no usable pages in manifest.,2026-07-17T18:01:16.497276
lacharente,bd6t55097720t,,failed,0,0,,no_usable_pages,known,,,bd6t55097720t: no usable pages in manifest.,2026-07-17T18:01:16.622235
lacharente,bd6t550977358,,failed,0,0,,no_usable_pages,known,,,bd6t550977358: no usable pages in manifest.,2026-07-17T18:01:16.891583
lacharente,bd6t550977217,,failed,0,0,,no_usable_pages,known,,,bd6t550977217: no usable pages in manifest.,2026-07-17T18:01:17.045190
lacharente,bd6t55097722n,,failed,0,0,,no_usable_pages,known,,,bd6t55097722n: no usable pages in manifest.,2026-07-17T18:01:17.188338
lacharente,bd6t550977232,,failed,0,0,,no_usable_pages,known,,,bd6t550977232: no usable pages in manifest.,2026-07-17T18:01:17.374640
lacharente,bd6t55097724g,,failed,0,0,,no_usable_pages,known,,,bd6t55097724g: no usable pages in manifest.,2026-07-17T18:01:17.505238
lacharente,bd6t55097725w,,failed,0,0,,no_usable_pages,known,,,bd6t55097725w: no usable pages in manifest.,2026-07-17T18:01:17.654504
lacharente,bd6t550977269,,failed,0,0,,no_usable_pages,known,,,bd6t550977269: no usable pages in manifest.,2026-07-17T18:01:17.812561
lacharente,bd6t55097727q,,failed,0,0,,no_usable_pages,known,,,bd6t55097727q: no usable pages in manifest.,2026-07-17T18:01:18.071878
lacharente,bd6t550977284,,failed,0,0,,no_usable_pages,known,,,bd6t550977284: no usable pages in manifest.,2026-07-17T18:01:18.235157
lacharente,bd6t55097729j,,failed,0,0,,no_usable_pages,known,,,bd6t55097729j: no usable pages in manifest.,2026-07-17T18:01:18.372033
lacharente,bd6t550977306,,failed,0,0,,no_usable_pages,known,,,bd6t550977306: no usable pages in manifest.,2026-07-17T18:01:18.554750
lacharente,bd6t55097731m,,failed,0,0,,no_usable_pages,known,,,bd6t55097731m: no usable pages in manifest.,2026-07-17T18:01:18.660978
lacharente,bd6t550977321,,failed,0,0,,no_usable_pages,known,,,bd6t550977321: no usable pages in manifest.,2026-07-17T18:01:18.790748
lacharente,bd6t55097733f,,failed,0,0,,no_usable_pages,known,,,bd6t55097733f: no usable pages in manifest.,2026-07-17T18:01:19.014357
lacharente,bd6t55097734v,,failed,0,0,,no_usable_pages,known,,,bd6t55097734v: no usable pages in manifest.,2026-07-17T18:01:19.195600
lacharente,bd6t55097736p,,failed,0,0,,no_usable_pages,known,,,bd6t55097736p: no usable pages in manifest.,2026-07-17T18:01:19.324148
lacharente,bd6t550977373,,failed,0,0,,no_usable_pages,known,,,bd6t550977373: no usable pages in manifest.,2026-07-17T18:01:19.558397
lacharente,bd6t55097738h,,failed,0,0,,no_usable_pages,known,,,bd6t55097738h: no usable pages in manifest.,2026-07-17T18:01:19.666637
lacharente,bd6t55097739x,,failed,0,0,,no_usable_pages,known,,,bd6t55097739x: no usable pages in manifest.,2026-07-17T18:01:19.813571
lacharente,bd6t55097740k,,failed,0,0,,no_usable_pages,known,,,bd6t55097740k: no usable pages in manifest.,2026-07-17T18:01:19.944564
lacharente,bd6t550977410,,failed,0,0,,no_usable_pages,known,,,bd6t550977410: no usable pages in manifest.,2026-07-17T18:01:20.177168
lacharente,bd6t55097742d,,failed,0,0,,no_usable_pages,known,,,bd6t55097742d: no usable pages in manifest.,2026-07-17T18:01:20.341244
lacharente,bd6t55097743t,,failed,0,0,,no_usable_pages,known,,,bd6t55097743t: no usable pages in manifest.,2026-07-17T18:01:20.512364
lacharente,bd6t550977447,,failed,0,0,,no_usable_pages,known,,,bd6t550977447: no usable pages in manifest.,2026-07-17T18:01:20.704557
lacharente,bd6t55097745n,,failed,0,0,,no_usable_pages,known,,,bd6t55097745n: no usable pages in manifest.,2026-07-17T18:01:20.836361
lacharente,bd6t550977462,,failed,0,0,,no_usable_pages,known,,,bd6t550977462: no usable pages in manifest.,2026-07-17T18:01:20.990105
lacharente,bd6t55097748w,,failed,0,0,,no_usable_pages,known,,,bd6t55097748w: no usable pages in manifest.,2026-07-17T18:01:21.171660
lacharente,bd6t550977499,,failed,0,0,,no_usable_pages,known,,,bd6t550977499: no usable pages in manifest.,2026-07-17T18:01:21.315958
lacharente,bd6t55097750z,,failed,0,0,,no_usable_pages,known,,,bd6t55097750z: no usable pages in manifest.,2026-07-17T18:01:21.437421
lacharente,bd6t55097751c,,failed,0,0,,no_usable_pages,known,,,bd6t55097751c: no usable pages in manifest.,2026-07-17T18:01:21.577308
lacharente,bd6t55097752s,,failed,0,0,,no_usable_pages,known,,,bd6t55097752s: no usable pages in manifest.,2026-07-17T18:01:21.710744
lacharente,bd6t550977536,,failed,0,0,,no_usable_pages,known,,,bd6t550977536: no usable pages in manifest.,2026-07-17T18:01:21.921863
lacharente,bd6t55097754m,,failed,0,0,,no_usable_pages,known,,,bd6t55097754m: no usable pages in manifest.,2026-07-17T18:01:22.031598
lacharente,bd6t550977551,,failed,0,0,,no_usable_pages,known,,,bd6t550977551: no usable pages in manifest.,2026-07-17T18:01:22.203651
lacharente,bd6t55097756f,,failed,0,0,,no_usable_pages,known,,,bd6t55097756f: no usable pages in manifest.,2026-07-17T18:01:22.312162
lacharente,bd6t55097757v,,failed,0,0,,no_usable_pages,known,,,bd6t55097757v: no usable pages in manifest.,2026-07-17T18:01:22.416947
lacharente,bd6t550977588,,failed,0,0,,no_usable_pages,known,,,bd6t550977588: no usable pages in manifest.,2026-07-17T18:01:22.548917
lacharente,bd6t55097759p,,failed,0,0,,no_usable_pages,known,,,bd6t55097759p: no usable pages in manifest.,2026-07-17T18:01:22.739935
lacharente,bd6t55097760b,,failed,0,0,,no_usable_pages,known,,,bd6t55097760b: no usable pages in manifest.,2026-07-17T18:01:22.875931
lacharente,bd6t55097761r,,failed,0,0,,no_usable_pages,known,,,bd6t55097761r: no usable pages in manifest.,2026-07-17T18:01:22.990643
lacharente,bd6t550977625,,failed,0,0,,no_usable_pages,known,,,bd6t550977625: no usable pages in manifest.,2026-07-17T18:01:23.139965
lacharente,bd6t55097763k,,failed,0,0,,no_usable_pages,known,,,bd6t55097763k: no usable pages in manifest.,2026-07-17T18:01:23.367859
lacharente,bd6t550977640,,failed,0,0,,no_usable_pages,known,,,bd6t550977640: no usable pages in manifest.,2026-07-17T18:01:23.472319
lacharente,bd6t55097765d,,failed,0,0,,no_usable_pages,known,,,bd6t55097765d: no usable pages in manifest.,2026-07-17T18:01:23.642641
lacharente,bd6t55097766t,,failed,0,0,,no_usable_pages,known,,,bd6t55097766t: no usable pages in manifest.,2026-07-17T18:01:23.792030
lacharente,bd6t550977677,,failed,0,0,,no_usable_pages,known,,,bd6t550977677: no usable pages in manifest.,2026-07-17T18:01:23.917513
lacharente,bd6t55097768n,,failed,0,0,,no_usable_pages,known,,,bd6t55097768n: no usable pages in manifest.,2026-07-17T18:01:24.026451
lacharente,bd6t550977692,,failed,0,0,,no_usable_pages,known,,,bd6t550977692: no usable pages in manifest.,2026-07-17T18:01:24.157111
lacharente,bd6t55097770q,,failed,0,0,,no_usable_pages,known,,,bd6t55097770q: no usable pages in manifest.,2026-07-17T18:01:24.282917
lacharente,bd6t550977714,,failed,0,0,,no_usable_pages,known,,,bd6t550977714: no usable pages in manifest.,2026-07-17T18:01:24.519106
lacharente,bd6t55097772j,,failed,0,0,,no_usable_pages,known,,,bd6t55097772j: no usable pages in manifest.,2026-07-17T18:01:24.694313
lacharente,bd6t55097773z,,failed,0,0,,no_usable_pages,known,,,bd6t55097773z: no usable pages in manifest.,2026-07-17T18:01:24.875595
lacharente,bd6t55097774c,,failed,0,0,,no_usable_pages,known,,,bd6t55097774c: no usable pages in manifest.,2026-07-17T18:01:25.024622
lacharente,bd6t55097775s,,failed,0,0,,no_usable_pages,known,,,bd6t55097775s: no usable pages in manifest.,2026-07-17T18:01:25.135586
lacharente,bd6t550977766,,failed,0,0,,no_usable_pages,known,,,bd6t550977766: no usable pages in manifest.,2026-07-17T18:01:25.276575
lacharente,bd6t55097777m,,failed,0,0,,no_usable_pages,known,,,bd6t55097777m: no usable pages in manifest.,2026-07-17T18:01:25.558850
lacharente,bd6t550977781,,failed,0,0,,no_usable_pages,known,,,bd6t550977781: no usable pages in manifest.,2026-07-17T18:01:25.797512
lacharente,bd6t55097779f,,failed,0,0,,no_usable_pages,known,,,bd6t55097779f: no usable pages in manifest.,2026-07-17T18:01:25.977570
lacharente,bd6t550977803,,failed,0,0,,no_usable_pages,known,,,bd6t550977803: no usable pages in manifest.,2026-07-17T18:01:26.160491
lacharente,bd6t55097781h,,failed,0,0,,no_usable_pages,known,,,bd6t55097781h: no usable pages in manifest.,2026-07-17T18:01:26.348411
lacharente,bd6t55097782x,,failed,0,0,,no_usable_pages,known,,,bd6t55097782x: no usable pages in manifest.,2026-07-17T18:01:26.530566
lacharente,bd6t55097783b,,failed,0,0,,no_usable_pages,known,,,bd6t55097783b: no usable pages in manifest.,2026-07-17T18:01:26.704321
lacharente,bd6t55097784r,,failed,0,0,,no_usable_pages,known,,,bd6t55097784r: no usable pages in manifest.,2026-07-17T18:01:26.868192
lacharente,bd6t550977855,,failed,0,0,,no_usable_pages,known,,,bd6t550977855: no usable pages in manifest.,2026-07-17T18:01:27.085436
lacharente,bd6t55097786k,,failed,0,0,,no_usable_pages,known,,,bd6t55097786k: no usable pages in manifest.,2026-07-17T18:01:27.268027
lacharente,bd6t550977870,,failed,0,0,,no_usable_pages,known,,,bd6t550977870: no usable pages in manifest.,2026-07-17T18:01:27.429989
lacharente,bd6t55097788d,,failed,0,0,,no_usable_pages,known,,,bd6t55097788d: no usable pages in manifest.,2026-07-17T18:01:27.593045
lacharente,bd6t55097790g,,failed,0,0,,no_usable_pages,known,,,bd6t55097790g: no usable pages in manifest.,2026-07-17T18:01:27.733049
lacharente,bd6t55097791w,,failed,0,0,,no_usable_pages,known,,,bd6t55097791w: no usable pages in manifest.,2026-07-17T18:01:27.838161
lacharente,bd6t550977929,,failed,0,0,,no_usable_pages,known,,,bd6t550977929: no usable pages in manifest.,2026-07-17T18:01:27.943850
lacharente,bd6t55097793q,,failed,0,0,,no_usable_pages,known,,,bd6t55097793q: no usable pages in manifest.,2026-07-17T18:01:28.086884
lacharente,bd6t550977944,,failed,0,0,,no_usable_pages,known,,,bd6t550977944: no usable pages in manifest.,2026-07-17T18:01:28.220558
lacharente,bd6t55097795j,,failed,0,0,,no_usable_pages,known,,,bd6t55097795j: no usable pages in manifest.,2026-07-17T18:01:28.362317
lacharente,bd6t55097796z,,failed,0,0,,no_usable_pages,known,,,bd6t55097796z: no usable pages in manifest.,2026-07-17T18:01:28.530418
lacharente,bd6t55097797c,,failed,0,0,,no_usable_pages,known,,,bd6t55097797c: no usable pages in manifest.,2026-07-17T18:01:28.737308
lacharente,bd6t55097798s,,failed,0,0,,no_usable_pages,known,,,bd6t55097798s: no usable pages in manifest.,2026-07-17T18:01:28.847340
lacharente,bd6t550977996,,failed,0,0,,no_usable_pages,known,,,bd6t550977996: no usable pages in manifest.,2026-07-17T18:01:28.967821
lacharente,bd6t55097800d,,failed,0,0,,no_usable_pages,known,,,bd6t55097800d: no usable pages in manifest.,2026-07-17T18:01:29.130431
lacharente,bd6t55097801t,,failed,0,0,,no_usable_pages,known,,,bd6t55097801t: no usable pages in manifest.,2026-07-17T18:01:29.269436
lacharente,bd6t550978027,,failed,0,0,,no_usable_pages,known,,,bd6t550978027: no usable pages in manifest.,2026-07-17T18:01:29.422331
lacharente,bd6t55097803n,,failed,0,0,,no_usable_pages,known,,,bd6t55097803n: no usable pages in manifest.,2026-07-17T18:01:29.603485
lacharente,bd6t550978042,,failed,0,0,,no_usable_pages,known,,,bd6t550978042: no usable pages in manifest.,2026-07-17T18:01:29.854302
lacharente,bd6t55097805g,,failed,0,0,,no_usable_pages,known,,,bd6t55097805g: no usable pages in manifest.,2026-07-17T18:01:30.052924
lacharente,bd6t55097806w,,failed,0,0,,no_usable_pages,known,,,bd6t55097806w: no usable pages in manifest.,2026-07-17T18:01:30.235884
lacharente,bd6t550978079,,failed,0,0,,no_usable_pages,known,,,bd6t550978079: no usable pages in manifest.,2026-07-17T18:01:30.438708
lacharente,bd6t55097808q,,failed,0,0,,no_usable_pages,known,,,bd6t55097808q: no usable pages in manifest.,2026-07-17T18:01:30.617445
lacharente,bd6t550978094,,failed,0,0,,no_usable_pages,known,,,bd6t550978094: no usable pages in manifest.,2026-07-17T18:01:30.767778
lacharente,bd6t55097810s,,failed,0,0,,no_usable_pages,known,,,bd6t55097810s: no usable pages in manifest.,2026-07-17T18:01:30.988503
lacharente,bd6t550978116,,failed,0,0,,no_usable_pages,known,,,bd6t550978116: no usable pages in manifest.,2026-07-17T18:01:31.155577
lacharente,bd6t55097812m,,failed,0,0,,no_usable_pages,known,,,bd6t55097812m: no usable pages in manifest.,2026-07-17T18:01:31.348323
lacharente,bd6t550978131,,failed,0,0,,no_usable_pages,known,,,bd6t550978131: no usable pages in manifest.,2026-07-17T18:01:31.488303
lacharente,bd6t55097814f,,failed,0,0,,no_usable_pages,known,,,bd6t55097814f: no usable pages in manifest.,2026-07-17T18:01:31.660455
lacharente,bd6t55097815v,,failed,0,0,,no_usable_pages,known,,,bd6t55097815v: no usable pages in manifest.,2026-07-17T18:01:31.778029
lacharente,bd6t550978168,,failed,0,0,,no_usable_pages,known,,,bd6t550978168: no usable pages in manifest.,2026-07-17T18:01:31.990315
lacharente,bd6t55097817p,,failed,0,0,,no_usable_pages,known,,,bd6t55097817p: no usable pages in manifest.,2026-07-17T18:01:32.133687
lacharente,bd6t550978183,,failed,0,0,,no_usable_pages,known,,,bd6t550978183: no usable pages in manifest.,2026-07-17T18:01:32.254606
lacharente,bd6t55097819h,,failed,0,0,,no_usable_pages,known,,,bd6t55097819h: no usable pages in manifest.,2026-07-17T18:01:32.480187
lacharente,bd6t550978205,,failed,0,0,,no_usable_pages,known,,,bd6t550978205: no usable pages in manifest.,2026-07-17T18:01:32.632170
lacharente,bd6t55097821k,,failed,0,0,,no_usable_pages,known,,,bd6t55097821k: no usable pages in manifest.,2026-07-17T18:01:32.765149
lacharente,bd6t550978220,,failed,0,0,,no_usable_pages,known,,,bd6t550978220: no usable pages in manifest.,2026-07-17T18:01:32.889814
lacharente,bd6t55097823d,,failed,0,0,,no_usable_pages,known,,,bd6t55097823d: no usable pages in manifest.,2026-07-17T18:01:33.080432
lacharente,bd6t55097824t,,failed,0,0,,no_usable_pages,known,,,bd6t55097824t: no usable pages in manifest.,2026-07-17T18:01:33.262302
lacharente,bd6t550978257,,failed,0,0,,no_usable_pages,known,,,bd6t550978257: no usable pages in manifest.,2026-07-17T18:01:33.420440
lacharente,bd6t55097826n,,failed,0,0,,no_usable_pages,known,,,bd6t55097826n: no usable pages in manifest.,2026-07-17T18:01:33.561660
lacharente,bd6t550978272,,failed,0,0,,no_usable_pages,known,,,bd6t550978272: no usable pages in manifest.,2026-07-17T18:01:33.776219
lacharente,bd6t55097828g,,failed,0,0,,no_usable_pages,known,,,bd6t55097828g: no usable pages in manifest.,2026-07-17T18:01:33.900942
lacharente,bd6t55097829w,,failed,0,0,,no_usable_pages,known,,,bd6t55097829w: no usable pages in manifest.,2026-07-17T18:01:34.086477
lacharente,bd6t55097830j,,failed,0,0,,no_usable_pages,known,,,bd6t55097830j: no usable pages in manifest.,2026-07-17T18:01:34.208644
lacharente,bd6t55097831z,,failed,0,0,,no_usable_pages,known,,,bd6t55097831z: no usable pages in manifest.,2026-07-17T18:01:34.312775
lacharente,bd6t55097832c,,failed,0,0,,no_usable_pages,known,,,bd6t55097832c: no usable pages in manifest.,2026-07-17T18:01:34.507206
lacharente,bd6t55097833s,,failed,0,0,,no_usable_pages,known,,,bd6t55097833s: no usable pages in manifest.,2026-07-17T18:01:34.642060
lacharente,bd6t550978346,,failed,0,0,,no_usable_pages,known,,,bd6t550978346: no usable pages in manifest.,2026-07-17T18:01:34.782227
lacharente,bd6t55097835m,,failed,0,0,,no_usable_pages,known,,,bd6t55097835m: no usable pages in manifest.,2026-07-17T18:01:34.919076
lacharente,bd6t550978361,,failed,0,0,,no_usable_pages,known,,,bd6t550978361: no usable pages in manifest.,2026-07-17T18:01:35.048205
lacharente,bd6t55097837f,,failed,0,0,,no_usable_pages,known,,,bd6t55097837f: no usable pages in manifest.,2026-07-17T18:01:35.294345
lacharente,bd6t55097838v,,failed,0,0,,no_usable_pages,known,,,bd6t55097838v: no usable pages in manifest.,2026-07-17T18:01:35.527558
lacharente,bd6t550978398,,failed,0,0,,no_usable_pages,known,,,bd6t550978398: no usable pages in manifest.,2026-07-17T18:01:35.778632
lacharente,bd6t55097840x,,failed,0,0,,no_usable_pages,known,,,bd6t55097840x: no usable pages in manifest.,2026-07-17T18:01:35.950222
lacharente,bd6t55097841b,,failed,0,0,,no_usable_pages,known,,,bd6t55097841b: no usable pages in manifest.,2026-07-17T18:01:36.049657
lacharente,bd6t55097842r,,failed,0,0,,no_usable_pages,known,,,bd6t55097842r: no usable pages in manifest.,2026-07-17T18:01:36.200878
lacharente,bd6t550978435,,failed,0,0,,no_usable_pages,known,,,bd6t550978435: no usable pages in manifest.,2026-07-17T18:01:36.406897
lacharente,bd6t55097844k,,failed,0,0,,no_usable_pages,known,,,bd6t55097844k: no usable pages in manifest.,2026-07-17T18:01:36.621871
lacharente,bd6t550978450,,failed,0,0,,no_usable_pages,known,,,bd6t550978450: no usable pages in manifest.,2026-07-17T18:01:36.773380
lacharente,bd6t55097846d,,failed,0,0,,no_usable_pages,known,,,bd6t55097846d: no usable pages in manifest.,2026-07-17T18:01:36.934373
lacharente,bd6t55097847t,,failed,0,0,,no_usable_pages,known,,,bd6t55097847t: no usable pages in manifest.,2026-07-17T18:01:37.150431
lacharente,bd6t550978487,,failed,0,0,,no_usable_pages,known,,,bd6t550978487: no usable pages in manifest.,2026-07-17T18:01:37.306820
lacharente,bd6t55097849n,,failed,0,0,,no_usable_pages,known,,,bd6t55097849n: no usable pages in manifest.,2026-07-17T18:01:37.492141
lacharente,bd6t550978509,,failed,0,0,,no_usable_pages,known,,,bd6t550978509: no usable pages in manifest.,2026-07-17T18:01:37.663111
lacharente,bd6t55097851q,,failed,0,0,,no_usable_pages,known,,,bd6t55097851q: no usable pages in manifest.,2026-07-17T18:01:37.916055
lacharente,bd6t550978524,,failed,0,0,,no_usable_pages,known,,,bd6t550978524: no usable pages in manifest.,2026-07-17T18:01:38.091195
lacharente,bd6t55097853j,,failed,0,0,,no_usable_pages,known,,,bd6t55097853j: no usable pages in manifest.,2026-07-17T18:01:38.253167
lacharente,bd6t55097854z,,failed,0,0,,no_usable_pages,known,,,bd6t55097854z: no usable pages in manifest.,2026-07-17T18:01:38.449423
lacharente,bd6t55097855c,,failed,0,0,,no_usable_pages,known,,,bd6t55097855c: no usable pages in manifest.,2026-07-17T18:01:38.610604
lacharente,bd6t55097856s,,failed,0,0,,no_usable_pages,known,,,bd6t55097856s: no usable pages in manifest.,2026-07-17T18:01:38.810920
lacharente,bd6t550978576,,failed,0,0,,no_usable_pages,known,,,bd6t550978576: no usable pages in manifest.,2026-07-17T18:01:38.987218
lacharente,bd6t55097858m,,failed,0,0,,no_usable_pages,known,,,bd6t55097858m: no usable pages in manifest.,2026-07-17T18:01:39.153705
lacharente,bd6t550978591,,failed,0,0,,no_usable_pages,known,,,bd6t550978591: no usable pages in manifest.,2026-07-17T18:01:39.281334
lacharente,bd6t55097860p,,failed,0,0,,no_usable_pages,known,,,bd6t55097860p: no usable pages in manifest.,2026-07-17T18:01:39.459570
lacharente,bd6t550978613,,failed,0,0,,no_usable_pages,known,,,bd6t550978613: no usable pages in manifest.,2026-07-17T18:01:39.637930
lacharente,bd6t55097862h,,failed,0,0,,no_usable_pages,known,,,bd6t55097862h: no usable pages in manifest.,2026-07-17T18:01:39.762716
lacharente,bd6t55097863x,,failed,0,0,,no_usable_pages,known,,,bd6t55097863x: no usable pages in manifest.,2026-07-17T18:01:39.933335
lacharente,bd6t55097864b,,failed,0,0,,no_usable_pages,known,,,bd6t55097864b: no usable pages in manifest.,2026-07-17T18:01:40.328606
lacharente,bd6t55097865r,,failed,0,0,,no_usable_pages,known,,,bd6t55097865r: no usable pages in manifest.,2026-07-17T18:01:40.700045
lacharente,bd6t550978665,,failed,0,0,,no_usable_pages,known,,,bd6t550978665: no usable pages in manifest.,2026-07-17T18:01:40.957015
lacharente,bd6t55097867k,,failed,0,0,,no_usable_pages,known,,,bd6t55097867k: no usable pages in manifest.,2026-07-17T18:01:41.140897
lacharente,bd6t550978680,,failed,0,0,,no_usable_pages,known,,,bd6t550978680: no usable pages in manifest.,2026-07-17T18:01:41.309630
lacharente,bd6t55097869d,,failed,0,0,,no_usable_pages,known,,,bd6t55097869d: no usable pages in manifest.,2026-07-17T18:01:41.582634
lacharente,bd6t550978702,,failed,0,0,,no_usable_pages,known,,,bd6t550978702: no usable pages in manifest.,2026-07-17T18:01:41.792956
lacharente,bd6t55097871g,,failed,0,0,,no_usable_pages,known,,,bd6t55097871g: no usable pages in manifest.,2026-07-17T18:01:42.183138
lacharente,bd6t55097872w,,failed,0,0,,no_usable_pages,known,,,bd6t55097872w: no usable pages in manifest.,2026-07-17T18:01:42.374063
lacharente,bd6t550978739,,failed,0,0,,no_usable_pages,known,,,bd6t550978739: no usable pages in manifest.,2026-07-17T18:01:42.528719
lacharente,bd6t55097874q,,failed,0,0,,no_usable_pages,known,,,bd6t55097874q: no usable pages in manifest.,2026-07-17T18:01:42.650283
lacharente,bd6t550978754,,failed,0,0,,no_usable_pages,known,,,bd6t550978754: no usable pages in manifest.,2026-07-17T18:01:42.869495
lacharente,bd6t55097876j,,failed,0,0,,no_usable_pages,known,,,bd6t55097876j: no usable pages in manifest.,2026-07-17T18:01:43.130401
lacharente,bd6t55097877z,,failed,0,0,,no_usable_pages,known,,,bd6t55097877z: no usable pages in manifest.,2026-07-17T18:01:43.264730
lacharente,bd6t55097878c,,failed,0,0,,no_usable_pages,known,,,bd6t55097878c: no usable pages in manifest.,2026-07-17T18:01:43.617742
lacharente,bd6t55097879s,,failed,0,0,,no_usable_pages,known,,,bd6t55097879s: no usable pages in manifest.,2026-07-17T18:01:43.793070
lacharente,bd6t55097880f,,failed,0,0,,no_usable_pages,known,,,bd6t55097880f: no usable pages in manifest.,2026-07-17T18:01:44.059447
lacharente,bd6t55097881v,,failed,0,0,,no_usable_pages,known,,,bd6t55097881v: no usable pages in manifest.,2026-07-17T18:01:44.247397
lacharente,bd6t550978828,,failed,0,0,,no_usable_pages,known,,,bd6t550978828: no usable pages in manifest.,2026-07-17T18:01:44.395552
lacharente,bd6t55097883p,,failed,0,0,,no_usable_pages,known,,,bd6t55097883p: no usable pages in manifest.,2026-07-17T18:01:44.677885
lacharente,bd6t550978843,,failed,0,0,,no_usable_pages,known,,,bd6t550978843: no usable pages in manifest.,2026-07-17T18:01:44.877591
lacharente,bd6t55097885h,,failed,0,0,,no_usable_pages,known,,,bd6t55097885h: no usable pages in manifest.,2026-07-17T18:01:45.307753
lacharente,bd6t55097886x,,failed,0,0,,no_usable_pages,known,,,bd6t55097886x: no usable pages in manifest.,2026-07-17T18:01:45.523020
lacharente,bd6t55097887b,,failed,0,0,,no_usable_pages,known,,,bd6t55097887b: no usable pages in manifest.,2026-07-17T18:01:45.758057
lacharente,bd6t55097888r,,failed,0,0,,no_usable_pages,known,,,bd6t55097888r: no usable pages in manifest.,2026-07-17T18:01:45.914097
lacharente,bd6t550978895,,failed,0,0,,no_usable_pages,known,,,bd6t550978895: no usable pages in manifest.,2026-07-17T18:01:46.099646
lacharente,bd6t55097890t,,failed,0,0,,no_usable_pages,known,,,bd6t55097890t: no usable pages in manifest.,2026-07-17T18:01:46.227056
lacharente,bd6t550978917,,failed,0,0,,no_usable_pages,known,,,bd6t550978917: no usable pages in manifest.,2026-07-17T18:01:46.399993
lacharente,bd6t55097892n,,failed,0,0,,no_usable_pages,known,,,bd6t55097892n: no usable pages in manifest.,2026-07-17T18:01:46.604441
lacharente,bd6t550978932,,failed,0,0,,no_usable_pages,known,,,bd6t550978932: no usable pages in manifest.,2026-07-17T18:01:46.915569
lacharente,bd6t55097894g,,failed,0,0,,no_usable_pages,known,,,bd6t55097894g: no usable pages in manifest.,2026-07-17T18:01:47.126733
lacharente,bd6t55097895w,,failed,0,0,,no_usable_pages,known,,,bd6t55097895w: no usable pages in manifest.,2026-07-17T18:01:47.283657
lacharente,bd6t550978969,,failed,0,0,,no_usable_pages,known,,,bd6t550978969: no usable pages in manifest.,2026-07-17T18:01:47.505964
lacharente,bd6t55097897q,,failed,0,0,,no_usable_pages,known,,,bd6t55097897q: no usable pages in manifest.,2026-07-17T18:01:47.766850
lacharente,bd6t550978984,,failed,0,0,,no_usable_pages,known,,,bd6t550978984: no usable pages in manifest.,2026-07-17T18:01:47.949777
lacharente,bd6t55097899j,,failed,0,0,,no_usable_pages,known,,,bd6t55097899j: no usable pages in manifest.,2026-07-17T18:01:48.245068
lacharente,bd6t55097900r,,failed,0,0,,no_usable_pages,known,,,bd6t55097900r: no usable pages in manifest.,2026-07-17T18:01:48.414927
lacharente,bd6t550979015,,failed,0,0,,no_usable_pages,known,,,bd6t550979015: no usable pages in manifest.,2026-07-17T18:01:48.571634
lacharente,bd6t55097902k,,failed,0,0,,no_usable_pages,known,,,bd6t55097902k: no usable pages in manifest.,2026-07-17T18:01:48.787207
lacharente,bd6t550979030,,failed,0,0,,no_usable_pages,known,,,bd6t550979030: no usable pages in manifest.,2026-07-17T18:01:48.959394
lacharente,bd6t55097904d,,failed,0,0,,no_usable_pages,known,,,bd6t55097904d: no usable pages in manifest.,2026-07-17T18:01:49.094364
lacharente,bd6t55097905t,,failed,0,0,,no_usable_pages,known,,,bd6t55097905t: no usable pages in manifest.,2026-07-17T18:01:49.259721
lacharente,bd6t550979067,,failed,0,0,,no_usable_pages,known,,,bd6t550979067: no usable pages in manifest.,2026-07-17T18:01:49.424013
lacharente,bd6t55097907n,,failed,0,0,,no_usable_pages,known,,,bd6t55097907n: no usable pages in manifest.,2026-07-17T18:01:49.617967
lacharente,bd6t550979082,,failed,0,0,,no_usable_pages,known,,,bd6t550979082: no usable pages in manifest.,2026-07-17T18:01:49.786170
lacharente,bd6t55097909g,,failed,0,0,,no_usable_pages,known,,,bd6t55097909g: no usable pages in manifest.,2026-07-17T18:01:49.923524
lacharente,bd6t550979104,,failed,0,0,,no_usable_pages,known,,,bd6t550979104: no usable pages in manifest.,2026-07-17T18:01:50.111017
lacharente,bd6t55097912z,,failed,0,0,,no_usable_pages,known,,,bd6t55097912z: no usable pages in manifest.,2026-07-17T18:01:50.266612
lacharente,bd6t55097913c,,failed,0,0,,no_usable_pages,known,,,bd6t55097913c: no usable pages in manifest.,2026-07-17T18:01:50.452901
lacharente,bd6t55097914s,,failed,0,0,,no_usable_pages,known,,,bd6t55097914s: no usable pages in manifest.,2026-07-17T18:01:50.606102
lacharente,bd6t550979156,,failed,0,0,,no_usable_pages,known,,,bd6t550979156: no usable pages in manifest.,2026-07-17T18:01:50.884179
lacharente,bd6t55097916m,,failed,0,0,,no_usable_pages,known,,,bd6t55097916m: no usable pages in manifest.,2026-07-17T18:01:51.032697
lacharente,bd6t550979171,,failed,0,0,,no_usable_pages,known,,,bd6t550979171: no usable pages in manifest.,2026-07-17T18:01:51.222360
lacharente,bd6t55097918f,,failed,0,0,,no_usable_pages,known,,,bd6t55097918f: no usable pages in manifest.,2026-07-17T18:01:51.417023
lacharente,bd6t55097919v,,failed,0,0,,no_usable_pages,known,,,bd6t55097919v: no usable pages in manifest.,2026-07-17T18:01:51.606423
lacharente,bd6t55097920h,,failed,0,0,,no_usable_pages,known,,,bd6t55097920h: no usable pages in manifest.,2026-07-17T18:01:51.808364
lacharente,bd6t55097921x,,failed,0,0,,no_usable_pages,known,,,bd6t55097921x: no usable pages in manifest.,2026-07-17T18:01:51.984156
lacharente,bd6t55097922b,,failed,0,0,,no_usable_pages,known,,,bd6t55097922b: no usable pages in manifest.,2026-07-17T18:01:52.153428
lacharente,bd6t55097923r,,failed,0,0,,no_usable_pages,known,,,bd6t55097923r: no usable pages in manifest.,2026-07-17T18:01:52.330231
lacharente,bd6t550979245,,failed,0,0,,no_usable_pages,known,,,bd6t550979245: no usable pages in manifest.,2026-07-17T18:01:52.546280
lacharente,bd6t55097925k,,failed,0,0,,no_usable_pages,known,,,bd6t55097925k: no usable pages in manifest.,2026-07-17T18:01:52.681166
lacharente,bd6t550979260,,failed,0,0,,no_usable_pages,known,,,bd6t550979260: no usable pages in manifest.,2026-07-17T18:01:52.873583
lacharente,bd6t55097927d,,failed,0,0,,no_usable_pages,known,,,bd6t55097927d: no usable pages in manifest.,2026-07-17T18:01:53.001582
lacharente,bd6t55097928t,,failed,0,0,,no_usable_pages,known,,,bd6t55097928t: no usable pages in manifest.,2026-07-17T18:01:53.120849
lacharente,bd6t550979297,,failed,0,0,,no_usable_pages,known,,,bd6t550979297: no usable pages in manifest.,2026-07-17T18:01:53.256932
lacharente,bd6t55097930w,,failed,0,0,,no_usable_pages,known,,,bd6t55097930w: no usable pages in manifest.,2026-07-17T18:01:53.465390
lacharente,bd6t550979319,,failed,0,0,,no_usable_pages,known,,,bd6t550979319: no usable pages in manifest.,2026-07-17T18:01:53.666007
lacharente,bd6t55097932q,,failed,0,0,,no_usable_pages,known,,,bd6t55097932q: no usable pages in manifest.,2026-07-17T18:01:53.855103
lacharente,bd6t550979334,,failed,0,0,,no_usable_pages,known,,,bd6t550979334: no usable pages in manifest.,2026-07-17T18:01:54.035595
lacharente,bd6t55097934j,,failed,0,0,,no_usable_pages,known,,,bd6t55097934j: no usable pages in manifest.,2026-07-17T18:01:54.253012
lacharente,bd6t55097935z,,failed,0,0,,no_usable_pages,known,,,bd6t55097935z: no usable pages in manifest.,2026-07-17T18:01:54.457685
lacharente,bd6t55097936c,,failed,0,0,,no_usable_pages,known,,,bd6t55097936c: no usable pages in manifest.,2026-07-17T18:01:54.674559
lacharente,bd6t55097937s,,failed,0,0,,no_usable_pages,known,,,bd6t55097937s: no usable pages in manifest.,2026-07-17T18:01:54.892764
lacharente,bd6t550979386,,failed,0,0,,no_usable_pages,known,,,bd6t550979386: no usable pages in manifest.,2026-07-17T18:01:55.084606
lacharente,bd6t55097911j,,failed,0,0,,no_usable_pages,known,,,bd6t55097911j: no usable pages in manifest.,2026-07-17T18:01:55.226853
lacharente,bd6t55097939m,,failed,0,0,,no_usable_pages,known,,,bd6t55097939m: no usable pages in manifest.,2026-07-17T18:01:55.523929
lacharente,bd6t550979408,,failed,0,0,,no_usable_pages,known,,,bd6t550979408: no usable pages in manifest.,2026-07-17T18:01:55.964511
lacharente,bd6t55097941p,,failed,0,0,,no_usable_pages,known,,,bd6t55097941p: no usable pages in manifest.,2026-07-17T18:01:56.321085
lacharente,bd6t550979423,,failed,0,0,,no_usable_pages,known,,,bd6t550979423: no usable pages in manifest.,2026-07-17T18:01:56.499161
lacharente,bd6t55097943h,,failed,0,0,,no_usable_pages,known,,,bd6t55097943h: no usable pages in manifest.,2026-07-17T18:01:56.666058
lacharente,bd6t55097944x,,failed,0,0,,no_usable_pages,known,,,bd6t55097944x: no usable pages in manifest.,2026-07-17T18:01:56.841142
lacharente,bd6t55097945b,,failed,0,0,,no_usable_pages,known,,,bd6t55097945b: no usable pages in manifest.,2026-07-17T18:01:57.054081
lacharente,bd6t55097946r,,failed,0,0,,no_usable_pages,known,,,bd6t55097946r: no usable pages in manifest.,2026-07-17T18:01:57.296396
lacharente,bd6t550979475,,failed,0,0,,no_usable_pages,known,,,bd6t550979475: no usable pages in manifest.,2026-07-17T18:01:57.465242
lacharente,bd6t55097948k,,failed,0,0,,no_usable_pages,known,,,bd6t55097948k: no usable pages in manifest.,2026-07-17T18:01:57.601945
lacharente,bd6t550979490,,failed,0,0,,no_usable_pages,known,,,bd6t550979490: no usable pages in manifest.,2026-07-17T18:01:57.766681
lacharente,bd6t55097950n,,failed,0,0,,no_usable_pages,known,,,bd6t55097950n: no usable pages in manifest.,2026-07-17T18:01:58.054501
lacharente,bd6t550979512,,failed,0,0,,no_usable_pages,known,,,bd6t550979512: no usable pages in manifest.,2026-07-17T18:01:58.413952
lacharente,bd6t55097952g,,failed,0,0,,no_usable_pages,known,,,bd6t55097952g: no usable pages in manifest.,2026-07-17T18:01:58.647737
lacharente,bd6t55097953w,,failed,0,0,,no_usable_pages,known,,,bd6t55097953w: no usable pages in manifest.,2026-07-17T18:01:58.840868
lacharente,bd6t550979549,,failed,0,0,,no_usable_pages,known,,,bd6t550979549: no usable pages in manifest.,2026-07-17T18:01:59.050535
lacharente,bd6t55097955q,,failed,0,0,,no_usable_pages,known,,,bd6t55097955q: no usable pages in manifest.,2026-07-17T18:01:59.248768
lacharente,bd6t550979564,,failed,0,0,,no_usable_pages,known,,,bd6t550979564: no usable pages in manifest.,2026-07-17T18:01:59.449085
lacharente,bd6t55097957j,,failed,0,0,,no_usable_pages,known,,,bd6t55097957j: no usable pages in manifest.,2026-07-17T18:01:59.634332
lacharente,bd6t55097958z,,failed,0,0,,no_usable_pages,known,,,bd6t55097958z: no usable pages in manifest.,2026-07-17T18:01:59.795952
lacharente,bd6t550979601,,failed,0,0,,no_usable_pages,known,,,bd6t550979601: no usable pages in manifest.,2026-07-17T18:01:59.920879
lacharente,bd6t55097961f,,failed,0,0,,no_usable_pages,known,,,bd6t55097961f: no usable pages in manifest.,2026-07-17T18:02:00.150949
lacharente,bd6t55097962v,,failed,0,0,,no_usable_pages,known,,,bd6t55097962v: no usable pages in manifest.,2026-07-17T18:02:00.372061
lacharente,bd6t550979638,,failed,0,0,,no_usable_pages,known,,,bd6t550979638: no usable pages in manifest.,2026-07-17T18:02:00.535756
lacharente,bd6t55097964p,,failed,0,0,,no_usable_pages,known,,,bd6t55097964p: no usable pages in manifest.,2026-07-17T18:02:00.719174
lacharente,bd6t550979653,,failed,0,0,,no_usable_pages,known,,,bd6t550979653: no usable pages in manifest.,2026-07-17T18:02:00.859683
lacharente,bd6t55097966h,,failed,0,0,,no_usable_pages,known,,,bd6t55097966h: no usable pages in manifest.,2026-07-17T18:02:01.030655
lacharente,bd6t55097967x,,failed,0,0,,no_usable_pages,known,,,bd6t55097967x: no usable pages in manifest.,2026-07-17T18:02:01.218614
lacharente,bd6t55097968b,,failed,0,0,,no_usable_pages,known,,,bd6t55097968b: no usable pages in manifest.,2026-07-17T18:02:01.445250
lacharente,bd6t55097969r,,failed,0,0,,no_usable_pages,known,,,bd6t55097969r: no usable pages in manifest.,2026-07-17T18:02:01.708155
lacharente,bd6t55097970d,,failed,0,0,,no_usable_pages,known,,,bd6t55097970d: no usable pages in manifest.,2026-07-17T18:02:01.834532
lacharente,bd6t55097971t,,failed,0,0,,no_usable_pages,known,,,bd6t55097971t: no usable pages in manifest.,2026-07-17T18:02:01.997116
lacharente,bd6t550979727,,failed,0,0,,no_usable_pages,known,,,bd6t550979727: no usable pages in manifest.,2026-07-17T18:02:02.153597
lacharente,bd6t55097973n,,failed,0,0,,no_usable_pages,known,,,bd6t55097973n: no usable pages in manifest.,2026-07-17T18:02:02.363976
lacharente,bd6t550979742,,failed,0,0,,no_usable_pages,known,,,bd6t550979742: no usable pages in manifest.,2026-07-17T18:02:02.597359
lacharente,bd6t55097975g,,failed,0,0,,no_usable_pages,known,,,bd6t55097975g: no usable pages in manifest.,2026-07-17T18:02:02.853844
lacharente,bd6t55097976w,,failed,0,0,,no_usable_pages,known,,,bd6t55097976w: no usable pages in manifest.,2026-07-17T18:02:03.063350
lacharente,bd6t550979779,,failed,0,0,,no_usable_pages,known,,,bd6t550979779: no usable pages in manifest.,2026-07-17T18:02:03.240142
lacharente,bd6t55097978q,,failed,0,0,,no_usable_pages,known,,,bd6t55097978q: no usable pages in manifest.,2026-07-17T18:02:03.449504
lacharente,bd6t550979794,,failed,0,0,,no_usable_pages,known,,,bd6t550979794: no usable pages in manifest.,2026-07-17T18:02:03.645586
lacharente,bd6t55097980s,,failed,0,0,,no_usable_pages,known,,,bd6t55097980s: no usable pages in manifest.,2026-07-17T18:02:03.821611
lacharente,bd6t550979816,,failed,0,0,,no_usable_pages,known,,,bd6t550979816: no usable pages in manifest.,2026-07-17T18:02:03.993931
lacharente,bd6t55097982m,,failed,0,0,,no_usable_pages,known,,,bd6t55097982m: no usable pages in manifest.,2026-07-17T18:02:04.193402
lacharente,bd6t550979831,,failed,0,0,,no_usable_pages,known,,,bd6t550979831: no usable pages in manifest.,2026-07-17T18:02:04.339603
lacharente,bd6t55097984f,,failed,0,0,,no_usable_pages,known,,,bd6t55097984f: no usable pages in manifest.,2026-07-17T18:02:04.514997
lacharente,bd6t55097985v,,failed,0,0,,no_usable_pages,known,,,bd6t55097985v: no usable pages in manifest.,2026-07-17T18:02:04.721290
lacharente,bd6t550979868,,failed,0,0,,no_usable_pages,known,,,bd6t550979868: no usable pages in manifest.,2026-07-17T18:02:04.911714
lacharente,bd6t55097987p,,failed,0,0,,no_usable_pages,known,,,bd6t55097987p: no usable pages in manifest.,2026-07-17T18:02:05.067728
lacharente,bd6t550979883,,failed,0,0,,no_usable_pages,known,,,bd6t550979883: no usable pages in manifest.,2026-07-17T18:02:05.255450
lacharente,bd6t55097989h,,failed,0,0,,no_usable_pages,known,,,bd6t55097989h: no usable pages in manifest.,2026-07-17T18:02:05.407959
lacharente,bd6t550979905,,failed,0,0,,no_usable_pages,known,,,bd6t550979905: no usable pages in manifest.,2026-07-17T18:02:05.653287
lacharente,bd6t55097991k,,failed,0,0,,no_usable_pages,known,,,bd6t55097991k: no usable pages in manifest.,2026-07-17T18:02:05.867397
lacharente,bd6t550979920,,failed,0,0,,no_usable_pages,known,,,bd6t550979920: no usable pages in manifest.,2026-07-17T18:02:06.035709
lacharente,bd6t55097993d,,failed,0,0,,no_usable_pages,known,,,bd6t55097993d: no usable pages in manifest.,2026-07-17T18:02:06.205418
lacharente,bd6t55097994t,,failed,0,0,,no_usable_pages,known,,,bd6t55097994t: no usable pages in manifest.,2026-07-17T18:02:06.412341
lacharente,bd6t550979957,,failed,0,0,,no_usable_pages,known,,,bd6t550979957: no usable pages in manifest.,2026-07-17T18:02:06.622098
lacharente,bd6t55097996n,,failed,0,0,,no_usable_pages,known,,,bd6t55097996n: no usable pages in manifest.,2026-07-17T18:02:06.765815
lacharente,bd6t550979972,,failed,0,0,,no_usable_pages,known,,,bd6t550979972: no usable pages in manifest.,2026-07-17T18:02:06.940143
lacharente,bd6t55097998g,,failed,0,0,,no_usable_pages,known,,,bd6t55097998g: no usable pages in manifest.,2026-07-17T18:02:07.143290
lacharente,bd6t55097999w,,failed,0,0,,no_usable_pages,known,,,bd6t55097999w: no usable pages in manifest.,2026-07-17T18:02:07.293351
lacharente,bd6t55098000z,,failed,0,0,,no_usable_pages,known,,,bd6t55098000z: no usable pages in manifest.,2026-07-17T18:02:07.515503
lacharente,bd6t55098001c,,failed,0,0,,no_usable_pages,known,,,bd6t55098001c: no usable pages in manifest.,2026-07-17T18:02:07.743478
lacharente,bd6t55098002s,,failed,0,0,,no_usable_pages,known,,,bd6t55098002s: no usable pages in manifest.,2026-07-17T18:02:07.936037
lacharente,bd6t550980036,,failed,0,0,,no_usable_pages,known,,,bd6t550980036: no usable pages in manifest.,2026-07-17T18:02:08.078554
lacharente,bd6t55098004m,,failed,0,0,,no_usable_pages,known,,,bd6t55098004m: no usable pages in manifest.,2026-07-17T18:02:08.225970
lacharente,bd6t550980051,,failed,0,0,,no_usable_pages,known,,,bd6t550980051: no usable pages in manifest.,2026-07-17T18:02:08.374446
lacharente,bd6t55098006f,,failed,0,0,,no_usable_pages,known,,,bd6t55098006f: no usable pages in manifest.,2026-07-17T18:02:08.537180
lacharente,bd6t55098007v,,failed,0,0,,no_usable_pages,known,,,bd6t55098007v: no usable pages in manifest.,2026-07-17T18:02:08.757222
lacharente,bd6t550980088,,failed,0,0,,no_usable_pages,known,,,bd6t550980088: no usable pages in manifest.,2026-07-17T18:02:08.956217
lacharente,bd6t55098009p,,failed,0,0,,no_usable_pages,known,,,bd6t55098009p: no usable pages in manifest.,2026-07-17T18:02:09.118164
lacharente,bd6t55098010b,,failed,0,0,,no_usable_pages,known,,,bd6t55098010b: no usable pages in manifest.,2026-07-17T18:02:09.397468
lacharente,bd6t55098011r,,failed,0,0,,no_usable_pages,known,,,bd6t55098011r: no usable pages in manifest.,2026-07-17T18:02:09.528099
lacharente,bd6t550980125,,failed,0,0,,no_usable_pages,known,,,bd6t550980125: no usable pages in manifest.,2026-07-17T18:02:09.684058
lacharente,bd6t55098013k,,failed,0,0,,no_usable_pages,known,,,bd6t55098013k: no usable pages in manifest.,2026-07-17T18:02:09.885077
lacharente,bd6t550980140,,failed,0,0,,no_usable_pages,known,,,bd6t550980140: no usable pages in manifest.,2026-07-17T18:02:10.013881
lacharente,bd6t55098015d,,failed,0,0,,no_usable_pages,known,,,bd6t55098015d: no usable pages in manifest.,2026-07-17T18:02:10.180206
lacharente,bd6t55098016t,,failed,0,0,,no_usable_pages,known,,,bd6t55098016t: no usable pages in manifest.,2026-07-17T18:02:10.342075
lacharente,bd6t550980177,,failed,0,0,,no_usable_pages,known,,,bd6t550980177: no usable pages in manifest.,2026-07-17T18:02:12.737749
lacharente,bd6t55098018n,,failed,0,0,,no_usable_pages,known,,,bd6t55098018n: no usable pages in manifest.,2026-07-17T18:02:12.976592
lacharente,bd6t550980192,,failed,0,0,,no_usable_pages,known,,,bd6t550980192: no usable pages in manifest.,2026-07-17T18:02:13.103974
lacharente,bd6t55098020q,,failed,0,0,,no_usable_pages,known,,,bd6t55098020q: no usable pages in manifest.,2026-07-17T18:02:13.234598
lacharente,bd6t550980214,,failed,0,0,,no_usable_pages,known,,,bd6t550980214: no usable pages in manifest.,2026-07-17T18:02:13.393184
lacharente,bd6t55098022j,,failed,0,0,,no_usable_pages,known,,,bd6t55098022j: no usable pages in manifest.,2026-07-17T18:02:13.548800
lacharente,bd6t55098023z,,failed,0,0,,no_usable_pages,known,,,bd6t55098023z: no usable pages in manifest.,2026-07-17T18:02:13.652749
lacharente,bd6t55098024c,,failed,0,0,,no_usable_pages,known,,,bd6t55098024c: no usable pages in manifest.,2026-07-17T18:02:13.804821
lacharente,bd6t55098025s,,failed,0,0,,no_usable_pages,known,,,bd6t55098025s: no usable pages in manifest.,2026-07-17T18:02:14.037566
lacharente,bd6t550980266,,failed,0,0,,no_usable_pages,known,,,bd6t550980266: no usable pages in manifest.,2026-07-17T18:02:14.180444
lacharente,bd6t55098027m,,failed,0,0,,no_usable_pages,known,,,bd6t55098027m: no usable pages in manifest.,2026-07-17T18:02:14.339020
lacharente,bd6t550980281,,failed,0,0,,no_usable_pages,known,,,bd6t550980281: no usable pages in manifest.,2026-07-17T18:02:14.512557
lacharente,bd6t55098029f,,failed,0,0,,no_usable_pages,known,,,bd6t55098029f: no usable pages in manifest.,2026-07-17T18:02:14.662285
lacharente,bd6t550980303,,failed,0,0,,no_usable_pages,known,,,bd6t550980303: no usable pages in manifest.,2026-07-17T18:02:14.828740
lacharente,bd6t55098031h,,failed,0,0,,no_usable_pages,known,,,bd6t55098031h: no usable pages in manifest.,2026-07-17T18:02:15.165511
lacharente,bd6t55098032x,,failed,0,0,,no_usable_pages,known,,,bd6t55098032x: no usable pages in manifest.,2026-07-17T18:02:15.360619
lacharente,bd6t55098033b,,failed,0,0,,no_usable_pages,known,,,bd6t55098033b: no usable pages in manifest.,2026-07-17T18:02:15.536612
lacharente,bd6t55098034r,,failed,0,0,,no_usable_pages,known,,,bd6t55098034r: no usable pages in manifest.,2026-07-17T18:02:15.682853
lacharente,bd6t550980355,,failed,0,0,,no_usable_pages,known,,,bd6t550980355: no usable pages in manifest.,2026-07-17T18:02:15.830379
lacharente,bd6t55098036k,,failed,0,0,,no_usable_pages,known,,,bd6t55098036k: no usable pages in manifest.,2026-07-17T18:02:16.001381
lacharente,bd6t550980370,,failed,0,0,,no_usable_pages,known,,,bd6t550980370: no usable pages in manifest.,2026-07-17T18:02:16.258980
lacharente,bd6t55098038d,,failed,0,0,,no_usable_pages,known,,,bd6t55098038d: no usable pages in manifest.,2026-07-17T18:02:16.440581
lacharente,bd6t55098039t,,failed,0,0,,no_usable_pages,known,,,bd6t55098039t: no usable pages in manifest.,2026-07-17T18:02:16.607608
lacharente,bd6t55098040g,,failed,0,0,,no_usable_pages,known,,,bd6t55098040g: no usable pages in manifest.,2026-07-17T18:02:16.762148
lacharente,bd6t55098041w,,failed,0,0,,no_usable_pages,known,,,bd6t55098041w: no usable pages in manifest.,2026-07-17T18:02:16.882034
lacharente,bd6t550980429,,failed,0,0,,no_usable_pages,known,,,bd6t550980429: no usable pages in manifest.,2026-07-17T18:02:17.031023
lacharente,bd6t55098043q,,failed,0,0,,no_usable_pages,known,,,bd6t55098043q: no usable pages in manifest.,2026-07-17T18:02:17.258077
lacharente,bd6t550980444,,failed,0,0,,no_usable_pages,known,,,bd6t550980444: no usable pages in manifest.,2026-07-17T18:02:17.397280
lacharente,bd6t55098045j,,failed,0,0,,no_usable_pages,known,,,bd6t55098045j: no usable pages in manifest.,2026-07-17T18:02:17.586154
lacharente,bd6t55098046z,,failed,0,0,,no_usable_pages,known,,,bd6t55098046z: no usable pages in manifest.,2026-07-17T18:02:17.718737
lacharente,bd6t55098047c,,failed,0,0,,no_usable_pages,known,,,bd6t55098047c: no usable pages in manifest.,2026-07-17T18:02:17.870447
lacharente,bd6t55098048s,,failed,0,0,,no_usable_pages,known,,,bd6t55098048s: no usable pages in manifest.,2026-07-17T18:02:18.086546
lacharente,bd6t550980496,,failed,0,0,,no_usable_pages,known,,,bd6t550980496: no usable pages in manifest.,2026-07-17T18:02:18.391320
lacharente,bd6t55098050v,,failed,0,0,,no_usable_pages,known,,,bd6t55098050v: no usable pages in manifest.,2026-07-17T18:02:18.514179
lacharente,bd6t550980518,,failed,0,0,,no_usable_pages,known,,,bd6t550980518: no usable pages in manifest.,2026-07-17T18:02:18.660530
lacharente,bd6t55098052p,,failed,0,0,,no_usable_pages,known,,,bd6t55098052p: no usable pages in manifest.,2026-07-17T18:02:18.797297
lacharente,bd6t550980533,,failed,0,0,,no_usable_pages,known,,,bd6t550980533: no usable pages in manifest.,2026-07-17T18:02:18.962877
lacharente,bd6t55098054h,,failed,0,0,,no_usable_pages,known,,,bd6t55098054h: no usable pages in manifest.,2026-07-17T18:02:19.156598
lacharente,bd6t55098055x,,failed,0,0,,no_usable_pages,known,,,bd6t55098055x: no usable pages in manifest.,2026-07-17T18:02:19.402352
lacharente,bd6t55098056b,,failed,0,0,,no_usable_pages,known,,,bd6t55098056b: no usable pages in manifest.,2026-07-17T18:02:19.556020
lacharente,bd6t55098057r,,failed,0,0,,no_usable_pages,known,,,bd6t55098057r: no usable pages in manifest.,2026-07-17T18:02:19.666075
lacharente,bd6t550980585,,failed,0,0,,no_usable_pages,known,,,bd6t550980585: no usable pages in manifest.,2026-07-17T18:02:19.797858
lacharente,bd6t55098059k,,failed,0,0,,no_usable_pages,known,,,bd6t55098059k: no usable pages in manifest.,2026-07-17T18:02:19.938216
lacharente,bd6t550980607,,failed,0,0,,no_usable_pages,known,,,bd6t550980607: no usable pages in manifest.,2026-07-17T18:02:20.072041
lacharente,bd6t55098061n,,failed,0,0,,no_usable_pages,known,,,bd6t55098061n: no usable pages in manifest.,2026-07-17T18:02:20.213222
lacharente,bd6t550980622,,failed,0,0,,no_usable_pages,known,,,bd6t550980622: no usable pages in manifest.,2026-07-17T18:02:20.427571
lacharente,bd6t55098063g,,failed,0,0,,no_usable_pages,known,,,bd6t55098063g: no usable pages in manifest.,2026-07-17T18:02:20.535932
lacharente,bd6t55098064w,,failed,0,0,,no_usable_pages,known,,,bd6t55098064w: no usable pages in manifest.,2026-07-17T18:02:20.662162
lacharente,bd6t550980659,,failed,0,0,,no_usable_pages,known,,,bd6t550980659: no usable pages in manifest.,2026-07-17T18:02:20.830317
lacharente,bd6t55098066q,,failed,0,0,,no_usable_pages,known,,,bd6t55098066q: no usable pages in manifest.,2026-07-17T18:02:20.966489
lacharente,bd6t550980674,,failed,0,0,,no_usable_pages,known,,,bd6t550980674: no usable pages in manifest.,2026-07-17T18:02:21.107498
lacharente,bd6t55098068j,,failed,0,0,,no_usable_pages,known,,,bd6t55098068j: no usable pages in manifest.,2026-07-17T18:02:21.228677
lacharente,bd6t55098069z,,failed,0,0,,no_usable_pages,known,,,bd6t55098069z: no usable pages in manifest.,2026-07-17T18:02:21.380511
lacharente,bd6t55098070m,,failed,0,0,,no_usable_pages,known,,,bd6t55098070m: no usable pages in manifest.,2026-07-17T18:02:21.636613
lacharente,bd6t550980711,,failed,0,0,,no_usable_pages,known,,,bd6t550980711: no usable pages in manifest.,2026-07-17T18:02:21.786239
lacharente,bd6t55098072f,,failed,0,0,,no_usable_pages,known,,,bd6t55098072f: no usable pages in manifest.,2026-07-17T18:02:21.916170
lacharente,bd6t55098073v,,failed,0,0,,no_usable_pages,known,,,bd6t55098073v: no usable pages in manifest.,2026-07-17T18:02:22.094905
lacharente,bd6t550980748,,failed,0,0,,no_usable_pages,known,,,bd6t550980748: no usable pages in manifest.,2026-07-17T18:02:22.339390
lacharente,bd6t55098075p,,failed,0,0,,no_usable_pages,known,,,bd6t55098075p: no usable pages in manifest.,2026-07-17T18:02:22.483671
lacharente,bd6t550980763,,failed,0,0,,no_usable_pages,known,,,bd6t550980763: no usable pages in manifest.,2026-07-17T18:02:22.741705
lacharente,bd6t55098077h,,failed,0,0,,no_usable_pages,known,,,bd6t55098077h: no usable pages in manifest.,2026-07-17T18:02:22.872452
lacharente,bd6t55098078x,,failed,0,0,,no_usable_pages,known,,,bd6t55098078x: no usable pages in manifest.,2026-07-17T18:02:23.010909
lacharente,bd6t55098079b,,failed,0,0,,no_usable_pages,known,,,bd6t55098079b: no usable pages in manifest.,2026-07-17T18:02:23.204712
lacharente,bd6t550980800,,failed,0,0,,no_usable_pages,known,,,bd6t550980800: no usable pages in manifest.,2026-07-17T18:02:23.390856
lacharente,bd6t55098081d,,failed,0,0,,no_usable_pages,known,,,bd6t55098081d: no usable pages in manifest.,2026-07-17T18:02:23.547724
lacharente,bd6t55098082t,,failed,0,0,,no_usable_pages,known,,,bd6t55098082t: no usable pages in manifest.,2026-07-17T18:02:23.795367
lacharente,bd6t550980837,,failed,0,0,,no_usable_pages,known,,,bd6t550980837: no usable pages in manifest.,2026-07-17T18:02:23.978552
lacharente,bd6t55098084n,,failed,0,0,,no_usable_pages,known,,,bd6t55098084n: no usable pages in manifest.,2026-07-17T18:02:24.171432
lacharente,bd6t550980852,,failed,0,0,,no_usable_pages,known,,,bd6t550980852: no usable pages in manifest.,2026-07-17T18:02:24.310200
lacharente,bd6t55098086g,,failed,0,0,,no_usable_pages,known,,,bd6t55098086g: no usable pages in manifest.,2026-07-17T18:02:24.464528
lacharente,bd6t55098087w,,failed,0,0,,no_usable_pages,known,,,bd6t55098087w: no usable pages in manifest.,2026-07-17T18:02:24.586521
lacharente,bd6t550980889,,failed,0,0,,no_usable_pages,known,,,bd6t550980889: no usable pages in manifest.,2026-07-17T18:02:24.819144
lacharente,bd6t55098089q,,failed,0,0,,no_usable_pages,known,,,bd6t55098089q: no usable pages in manifest.,2026-07-17T18:02:24.984261
lacharente,bd6t55098090c,,failed,0,0,,no_usable_pages,known,,,bd6t55098090c: no usable pages in manifest.,2026-07-17T18:02:25.091459
lacharente,bd6t55098091s,,failed,0,0,,no_usable_pages,known,,,bd6t55098091s: no usable pages in manifest.,2026-07-17T18:02:25.224030
lacharente,bd6t550980926,,failed,0,0,,no_usable_pages,known,,,bd6t550980926: no usable pages in manifest.,2026-07-17T18:02:25.364768
lacharente,bd6t55098093m,,failed,0,0,,no_usable_pages,known,,,bd6t55098093m: no usable pages in manifest.,2026-07-17T18:02:25.521375
lacharente,bd6t550980941,,failed,0,0,,no_usable_pages,known,,,bd6t550980941: no usable pages in manifest.,2026-07-17T18:02:25.679523
lacharente,bd6t55098095f,,failed,0,0,,no_usable_pages,known,,,bd6t55098095f: no usable pages in manifest.,2026-07-17T18:02:26.026479
lacharente,bd6t55098096v,,failed,0,0,,no_usable_pages,known,,,bd6t55098096v: no usable pages in manifest.,2026-07-17T18:02:26.167320
lacharente,bd6t550980978,,failed,0,0,,no_usable_pages,known,,,bd6t550980978: no usable pages in manifest.,2026-07-17T18:02:26.291232
lacharente,bd6t55098098p,,failed,0,0,,no_usable_pages,known,,,bd6t55098098p: no usable pages in manifest.,2026-07-17T18:02:26.417944
lacharente,bd6t550980993,,failed,0,0,,no_usable_pages,known,,,bd6t550980993: no usable pages in manifest.,2026-07-17T18:02:26.567730
lacharente,bd6t550981009,,failed,0,0,,no_usable_pages,known,,,bd6t550981009: no usable pages in manifest.,2026-07-17T18:02:26.710918
lacharente,bd6t55098101q,,failed,0,0,,no_usable_pages,known,,,bd6t55098101q: no usable pages in manifest.,2026-07-17T18:02:26.909042
lacharente,bd6t550981024,,failed,0,0,,no_usable_pages,known,,,bd6t550981024: no usable pages in manifest.,2026-07-17T18:02:27.074281
lacharente,bd6t55098103j,,failed,0,0,,no_usable_pages,known,,,bd6t55098103j: no usable pages in manifest.,2026-07-17T18:02:27.194689
lacharente,bd6t55098104z,,failed,0,0,,no_usable_pages,known,,,bd6t55098104z: no usable pages in manifest.,2026-07-17T18:02:27.394891
lacharente,bd6t55098105c,,failed,0,0,,no_usable_pages,known,,,bd6t55098105c: no usable pages in manifest.,2026-07-17T18:02:27.487780
lacharente,bd6t55098106s,,failed,0,0,,no_usable_pages,known,,,bd6t55098106s: no usable pages in manifest.,2026-07-17T18:02:27.643512
lacharente,bd6t550981076,,failed,0,0,,no_usable_pages,known,,,bd6t550981076: no usable pages in manifest.,2026-07-17T18:02:27.849317
lacharente,bd6t55098108m,,failed,0,0,,no_usable_pages,known,,,bd6t55098108m: no usable pages in manifest.,2026-07-17T18:02:28.095521
lacharente,bd6t550981091,,failed,0,0,,no_usable_pages,known,,,bd6t550981091: no usable pages in manifest.,2026-07-17T18:02:28.229418
lacharente,bd6t55098110p,,failed,0,0,,no_usable_pages,known,,,bd6t55098110p: no usable pages in manifest.,2026-07-17T18:02:28.401046
lacharente,bd6t550981113,,failed,0,0,,no_usable_pages,known,,,bd6t550981113: no usable pages in manifest.,2026-07-17T18:02:28.640924
lacharente,bd6t55098112h,,failed,0,0,,no_usable_pages,known,,,bd6t55098112h: no usable pages in manifest.,2026-07-17T18:02:28.791049
lacharente,bd6t55098113x,,failed,0,0,,no_usable_pages,known,,,bd6t55098113x: no usable pages in manifest.,2026-07-17T18:02:28.936529
lacharente,bd6t55098114b,,failed,0,0,,no_usable_pages,known,,,bd6t55098114b: no usable pages in manifest.,2026-07-17T18:02:29.136802
lacharente,bd6t55098115r,,failed,0,0,,no_usable_pages,known,,,bd6t55098115r: no usable pages in manifest.,2026-07-17T18:02:29.298204
lacharente,bd6t550981165,,failed,0,0,,no_usable_pages,known,,,bd6t550981165: no usable pages in manifest.,2026-07-17T18:02:29.504212
lacharente,bd6t55098117k,,failed,0,0,,no_usable_pages,known,,,bd6t55098117k: no usable pages in manifest.,2026-07-17T18:02:29.653809
lacharente,bd6t550981180,,failed,0,0,,no_usable_pages,known,,,bd6t550981180: no usable pages in manifest.,2026-07-17T18:02:29.780680
lacharente,bd6t55098119d,,failed,0,0,,no_usable_pages,known,,,bd6t55098119d: no usable pages in manifest.,2026-07-17T18:02:29.975052
lacharente,bd6t550981202,,failed,0,0,,no_usable_pages,known,,,bd6t550981202: no usable pages in manifest.,2026-07-17T18:02:30.257006
lacharente,bd6t55098121g,,failed,0,0,,no_usable_pages,known,,,bd6t55098121g: no usable pages in manifest.,2026-07-17T18:02:30.371827
lacharente,bd6t55098122w,,failed,0,0,,no_usable_pages,known,,,bd6t55098122w: no usable pages in manifest.,2026-07-17T18:02:30.527332
lacharente,bd6t550981239,,failed,0,0,,no_usable_pages,known,,,bd6t550981239: no usable pages in manifest.,2026-07-17T18:02:30.739171
lacharente,bd6t55098124q,,failed,0,0,,no_usable_pages,known,,,bd6t55098124q: no usable pages in manifest.,2026-07-17T18:02:30.887513
lacharente,bd6t550981254,,failed,0,0,,no_usable_pages,known,,,bd6t550981254: no usable pages in manifest.,2026-07-17T18:02:31.038398
lacharente,bd6t55098126j,,failed,0,0,,no_usable_pages,known,,,bd6t55098126j: no usable pages in manifest.,2026-07-17T18:02:31.348888
lacharente,bd6t55098127z,,failed,0,0,,no_usable_pages,known,,,bd6t55098127z: no usable pages in manifest.,2026-07-17T18:02:31.488037
lacharente,bd6t55098128c,,failed,0,0,,no_usable_pages,known,,,bd6t55098128c: no usable pages in manifest.,2026-07-17T18:02:31.764805
lacharente,bd6t55098129s,,failed,0,0,,no_usable_pages,known,,,bd6t55098129s: no usable pages in manifest.,2026-07-17T18:02:31.887095
lacharente,bd6t55098130f,,failed,0,0,,no_usable_pages,known,,,bd6t55098130f: no usable pages in manifest.,2026-07-17T18:02:32.044081
lacharente,bd6t55098131v,,failed,0,0,,no_usable_pages,known,,,bd6t55098131v: no usable pages in manifest.,2026-07-17T18:02:32.212425
lacharente,bd6t550981328,,failed,0,0,,no_usable_pages,known,,,bd6t550981328: no usable pages in manifest.,2026-07-17T18:02:32.475900
lacharente,bd6t55098133p,,failed,0,0,,no_usable_pages,known,,,bd6t55098133p: no usable pages in manifest.,2026-07-17T18:02:32.642989
lacharente,bd6t550981343,,failed,0,0,,no_usable_pages,known,,,bd6t550981343: no usable pages in manifest.,2026-07-17T18:02:32.804332
lacharente,bd6t55098135h,,failed,0,0,,no_usable_pages,known,,,bd6t55098135h: no usable pages in manifest.,2026-07-17T18:02:33.032662
lacharente,bd6t55098136x,,failed,0,0,,no_usable_pages,known,,,bd6t55098136x: no usable pages in manifest.,2026-07-17T18:02:33.182377
lacharente,bd6t55098137b,,failed,0,0,,no_usable_pages,known,,,bd6t55098137b: no usable pages in manifest.,2026-07-17T18:02:33.356926
lacharente,bd6t55098138r,,failed,0,0,,no_usable_pages,known,,,bd6t55098138r: no usable pages in manifest.,2026-07-17T18:02:33.624311
lacharente,bd6t550981395,,failed,0,0,,no_usable_pages,known,,,bd6t550981395: no usable pages in manifest.,2026-07-17T18:02:33.789116
lacharente,bd6t55098140t,,failed,0,0,,no_usable_pages,known,,,bd6t55098140t: no usable pages in manifest.,2026-07-17T18:02:33.954674
lacharente,bd6t550981417,,failed,0,0,,no_usable_pages,known,,,bd6t550981417: no usable pages in manifest.,2026-07-17T18:02:34.139997
lacharente,bd6t55098142n,,failed,0,0,,no_usable_pages,known,,,bd6t55098142n: no usable pages in manifest.,2026-07-17T18:02:34.324545
lacharente,bd6t550981432,,failed,0,0,,no_usable_pages,known,,,bd6t550981432: no usable pages in manifest.,2026-07-17T18:02:34.532542
lacharente,bd6t55098144g,,failed,0,0,,no_usable_pages,known,,,bd6t55098144g: no usable pages in manifest.,2026-07-17T18:02:34.862732
lacharente,bd6t55098145w,,failed,0,0,,no_usable_pages,known,,,bd6t55098145w: no usable pages in manifest.,2026-07-17T18:02:35.039614
lacharente,bd6t550981469,,failed,0,0,,no_usable_pages,known,,,bd6t550981469: no usable pages in manifest.,2026-07-17T18:02:35.203728
lacharente,bd6t55098147q,,failed,0,0,,no_usable_pages,known,,,bd6t55098147q: no usable pages in manifest.,2026-07-17T18:02:35.380252
lacharente,bd6t550981484,,failed,0,0,,no_usable_pages,known,,,bd6t550981484: no usable pages in manifest.,2026-07-17T18:02:35.549259
lacharente,bd6t55098149j,,failed,0,0,,no_usable_pages,known,,,bd6t55098149j: no usable pages in manifest.,2026-07-17T18:02:35.844124
lacharente,bd6t550981506,,failed,0,0,,no_usable_pages,known,,,bd6t550981506: no usable pages in manifest.,2026-07-17T18:02:36.012708
lacharente,bd6t55098151m,,failed,0,0,,no_usable_pages,known,,,bd6t55098151m: no usable pages in manifest.,2026-07-17T18:02:36.194130
lacharente,bd6t550981521,,failed,0,0,,no_usable_pages,known,,,bd6t550981521: no usable pages in manifest.,2026-07-17T18:02:36.410403
lacharente,bd6t55098153f,,failed,0,0,,no_usable_pages,known,,,bd6t55098153f: no usable pages in manifest.,2026-07-17T18:02:36.600571
lacharente,bd6t55098154v,,failed,0,0,,no_usable_pages,known,,,bd6t55098154v: no usable pages in manifest.,2026-07-17T18:02:36.782897
lacharente,bd6t550981558,,failed,0,0,,no_usable_pages,known,,,bd6t550981558: no usable pages in manifest.,2026-07-17T18:02:37.072195
lacharente,bd6t55098156p,,failed,0,0,,no_usable_pages,known,,,bd6t55098156p: no usable pages in manifest.,2026-07-17T18:02:37.307970
lacharente,bd6t550981573,,failed,0,0,,no_usable_pages,known,,,bd6t550981573: no usable pages in manifest.,2026-07-17T18:02:37.487198
lacharente,bd6t55098158h,,failed,0,0,,no_usable_pages,known,,,bd6t55098158h: no usable pages in manifest.,2026-07-17T18:02:37.664623
lacharente,bd6t55098159x,,failed,0,0,,no_usable_pages,known,,,bd6t55098159x: no usable pages in manifest.,2026-07-17T18:02:37.836003
lacharente,bd6t55098160k,,failed,0,0,,no_usable_pages,known,,,bd6t55098160k: no usable pages in manifest.,2026-07-17T18:02:38.118268
lacharente,bd6t550981610,,failed,0,0,,no_usable_pages,known,,,bd6t550981610: no usable pages in manifest.,2026-07-17T18:02:38.285244
lacharente,bd6t55098162d,,failed,0,0,,no_usable_pages,known,,,bd6t55098162d: no usable pages in manifest.,2026-07-17T18:02:38.465128
lacharente,bd6t55098188n,,failed,0,0,,no_usable_pages,known,,,bd6t55098188n: no usable pages in manifest.,2026-07-17T18:02:38.683925
lacharente,bd6t55098163t,,failed,0,0,,no_usable_pages,known,,,bd6t55098163t: no usable pages in manifest.,2026-07-17T18:02:38.876843
lacharente,bd6t550981647,,failed,0,0,,no_usable_pages,known,,,bd6t550981647: no usable pages in manifest.,2026-07-17T18:02:39.308850
lacharente,bd6t55098165n,,failed,0,0,,no_usable_pages,known,,,bd6t55098165n: no usable pages in manifest.,2026-07-17T18:02:39.481354
lacharente,bd6t550981662,,failed,0,0,,no_usable_pages,known,,,bd6t550981662: no usable pages in manifest.,2026-07-17T18:02:39.650482
lacharente,bd6t55098167g,,failed,0,0,,no_usable_pages,known,,,bd6t55098167g: no usable pages in manifest.,2026-07-17T18:02:39.818109
lacharente,bd6t55098168w,,failed,0,0,,no_usable_pages,known,,,bd6t55098168w: no usable pages in manifest.,2026-07-17T18:02:40.076281
lacharente,bd6t550981699,,failed,0,0,,no_usable_pages,known,,,bd6t550981699: no usable pages in manifest.,2026-07-17T18:02:40.406976
lacharente,bd6t55098170z,,failed,0,0,,no_usable_pages,known,,,bd6t55098170z: no usable pages in manifest.,2026-07-17T18:02:40.558733
lacharente,bd6t55098171c,,failed,0,0,,no_usable_pages,known,,,bd6t55098171c: no usable pages in manifest.,2026-07-17T18:02:40.793635
lacharente,bd6t55098172s,,failed,0,0,,no_usable_pages,known,,,bd6t55098172s: no usable pages in manifest.,2026-07-17T18:02:41.035986
lacharente,bd6t550981736,,failed,0,0,,no_usable_pages,known,,,bd6t550981736: no usable pages in manifest.,2026-07-17T18:02:41.202510
lacharente,bd6t55098174m,,failed,0,0,,no_usable_pages,known,,,bd6t55098174m: no usable pages in manifest.,2026-07-17T18:02:41.579565
lacharente,bd6t550981751,,failed,0,0,,no_usable_pages,known,,,bd6t550981751: no usable pages in manifest.,2026-07-17T18:02:41.806650
lacharente,bd6t55098176f,,failed,0,0,,no_usable_pages,known,,,bd6t55098176f: no usable pages in manifest.,2026-07-17T18:02:41.984689
lacharente,bd6t55098177v,,failed,0,0,,no_usable_pages,known,,,bd6t55098177v: no usable pages in manifest.,2026-07-17T18:02:42.161222
lacharente,bd6t550981788,,failed,0,0,,no_usable_pages,known,,,bd6t550981788: no usable pages in manifest.,2026-07-17T18:02:42.339930
lacharente,bd6t55098179p,,failed,0,0,,no_usable_pages,known,,,bd6t55098179p: no usable pages in manifest.,2026-07-17T18:02:42.660324
lacharente,bd6t55098180b,,failed,0,0,,no_usable_pages,known,,,bd6t55098180b: no usable pages in manifest.,2026-07-17T18:02:42.905711
lacharente,bd6t55098181r,,failed,0,0,,no_usable_pages,known,,,bd6t55098181r: no usable pages in manifest.,2026-07-17T18:02:43.112428
lacharente,bd6t550981825,,failed,0,0,,no_usable_pages,known,,,bd6t550981825: no usable pages in manifest.,2026-07-17T18:02:43.342335
lacharente,bd6t55098183k,,failed,0,0,,no_usable_pages,known,,,bd6t55098183k: no usable pages in manifest.,2026-07-17T18:02:43.531891
lacharente,bd6t550981840,,failed,0,0,,no_usable_pages,known,,,bd6t550981840: no usable pages in manifest.,2026-07-17T18:02:43.807525
lacharente,bd6t55098185d,,failed,0,0,,no_usable_pages,known,,,bd6t55098185d: no usable pages in manifest.,2026-07-17T18:02:43.994754
lacharente,bd6t55098186t,,failed,0,0,,no_usable_pages,known,,,bd6t55098186t: no usable pages in manifest.,2026-07-17T18:02:44.208400
lacharente,bd6t550981877,,failed,0,0,,no_usable_pages,known,,,bd6t550981877: no usable pages in manifest.,2026-07-17T18:02:44.419804
lacharente,bd6t550981892,,failed,0,0,,no_usable_pages,known,,,bd6t550981892: no usable pages in manifest.,2026-07-17T18:02:44.588639
lacharente,bd6t55098190q,,failed,0,0,,no_usable_pages,known,,,bd6t55098190q: no usable pages in manifest.,2026-07-17T18:02:44.886697
lacharente,bd6t550981914,,failed,0,0,,no_usable_pages,known,,,bd6t550981914: no usable pages in manifest.,2026-07-17T18:02:45.090283
lacharente,bd6t55098192j,,failed,0,0,,no_usable_pages,known,,,bd6t55098192j: no usable pages in manifest.,2026-07-17T18:02:45.320657
lacharente,bd6t55098193z,,failed,0,0,,no_usable_pages,known,,,bd6t55098193z: no usable pages in manifest.,2026-07-17T18:02:45.470802
lacharente,bd6t55098194c,,failed,0,0,,no_usable_pages,known,,,bd6t55098194c: no usable pages in manifest.,2026-07-17T18:02:45.669842
lacharente,bd6t55098195s,,failed,0,0,,no_usable_pages,known,,,bd6t55098195s: no usable pages in manifest.,2026-07-17T18:02:46.021214
lacharente,bd6t550981966,,failed,0,0,,no_usable_pages,known,,,bd6t550981966: no usable pages in manifest.,2026-07-17T18:02:46.174440
lacharente,bd6t55098197m,,failed,0,0,,no_usable_pages,known,,,bd6t55098197m: no usable pages in manifest.,2026-07-17T18:02:46.440043
lacharente,bd6t550981981,,failed,0,0,,no_usable_pages,known,,,bd6t550981981: no usable pages in manifest.,2026-07-17T18:02:46.673369
lacharente,bd6t55098199f,,failed,0,0,,no_usable_pages,known,,,bd6t55098199f: no usable pages in manifest.,2026-07-17T18:02:47.087306
lacharente,bd6t55098200n,,failed,0,0,,no_usable_pages,known,,,bd6t55098200n: no usable pages in manifest.,2026-07-17T18:02:47.221806
lacharente,bd6t550982012,,failed,0,0,,no_usable_pages,known,,,bd6t550982012: no usable pages in manifest.,2026-07-17T18:02:47.407576
lacharente,bd6t55098202g,,failed,0,0,,no_usable_pages,known,,,bd6t55098202g: no usable pages in manifest.,2026-07-17T18:02:47.590204
lacharente,bd6t55098203w,,failed,0,0,,no_usable_pages,known,,,bd6t55098203w: no usable pages in manifest.,2026-07-17T18:02:47.777117
lacharente,bd6t550982049,,failed,0,0,,no_usable_pages,known,,,bd6t550982049: no usable pages in manifest.,2026-07-17T18:02:47.964214
lacharente,bd6t55098205q,,failed,0,0,,no_usable_pages,known,,,bd6t55098205q: no usable pages in manifest.,2026-07-17T18:02:48.162413
lacharente,bd6t550982064,,failed,0,0,,no_usable_pages,known,,,bd6t550982064: no usable pages in manifest.,2026-07-17T18:02:48.336768
lacharente,bd6t55098207j,,failed,0,0,,no_usable_pages,known,,,bd6t55098207j: no usable pages in manifest.,2026-07-17T18:02:48.544144
lacharente,bd6t55098208z,,failed,0,0,,no_usable_pages,known,,,bd6t55098208z: no usable pages in manifest.,2026-07-17T18:02:48.745980
lacharente,bd6t55098209c,,failed,0,0,,no_usable_pages,known,,,bd6t55098209c: no usable pages in manifest.,2026-07-17T18:02:48.984046
lacharente,bd6t550982101,,failed,0,0,,no_usable_pages,known,,,bd6t550982101: no usable pages in manifest.,2026-07-17T18:02:49.296663
lacharente,bd6t55098211f,,failed,0,0,,no_usable_pages,known,,,bd6t55098211f: no usable pages in manifest.,2026-07-17T18:02:49.528144
lacharente,bd6t55098212v,,failed,0,0,,no_usable_pages,known,,,bd6t55098212v: no usable pages in manifest.,2026-07-17T18:02:49.726830
lacharente,bd6t550982138,,failed,0,0,,no_usable_pages,known,,,bd6t550982138: no usable pages in manifest.,2026-07-17T18:02:49.917249
lacharente,bd6t55098214p,,failed,0,0,,no_usable_pages,known,,,bd6t55098214p: no usable pages in manifest.,2026-07-17T18:02:50.071543
lacharente,bd6t550982153,,failed,0,0,,no_usable_pages,known,,,bd6t550982153: no usable pages in manifest.,2026-07-17T18:02:50.330315
lacharente,bd6t55098216h,,failed,0,0,,no_usable_pages,known,,,bd6t55098216h: no usable pages in manifest.,2026-07-17T18:02:50.519967
lacharente,bd6t55098217x,,failed,0,0,,no_usable_pages,known,,,bd6t55098217x: no usable pages in manifest.,2026-07-17T18:02:50.643542
lacharente,bd6t55098218b,,failed,0,0,,no_usable_pages,known,,,bd6t55098218b: no usable pages in manifest.,2026-07-17T18:02:50.867692
lacharente,bd6t55098219r,,failed,0,0,,no_usable_pages,known,,,bd6t55098219r: no usable pages in manifest.,2026-07-17T18:02:50.983571
lacharente,bd6t55098220d,,failed,0,0,,no_usable_pages,known,,,bd6t55098220d: no usable pages in manifest.,2026-07-17T18:02:51.159203
lacharente,bd6t55098221t,,failed,0,0,,no_usable_pages,known,,,bd6t55098221t: no usable pages in manifest.,2026-07-17T18:02:51.468315
lacharente,bd6t550982227,,failed,0,0,,no_usable_pages,known,,,bd6t550982227: no usable pages in manifest.,2026-07-17T18:02:51.637568
lacharente,bd6t55098223n,,failed,0,0,,no_usable_pages,known,,,bd6t55098223n: no usable pages in manifest.,2026-07-17T18:02:51.811577
lacharente,bd6t550982242,,failed,0,0,,no_usable_pages,known,,,bd6t550982242: no usable pages in manifest.,2026-07-17T18:02:52.039772
lacharente,bd6t55098225g,,failed,0,0,,no_usable_pages,known,,,bd6t55098225g: no usable pages in manifest.,2026-07-17T18:02:52.273225
lacharente,bd6t55098226w,,failed,0,0,,no_usable_pages,known,,,bd6t55098226w: no usable pages in manifest.,2026-07-17T18:02:52.640242
lacharente,bd6t550982279,,failed,0,0,,no_usable_pages,known,,,bd6t550982279: no usable pages in manifest.,2026-07-17T18:02:52.773643
lacharente,bd6t55098228q,,failed,0,0,,no_usable_pages,known,,,bd6t55098228q: no usable pages in manifest.,2026-07-17T18:02:52.935744
lacharente,bd6t550982294,,failed,0,0,,no_usable_pages,known,,,bd6t550982294: no usable pages in manifest.,2026-07-17T18:02:53.071161
lacharente,bd6t55098230s,,failed,0,0,,no_usable_pages,known,,,bd6t55098230s: no usable pages in manifest.,2026-07-17T18:02:53.231547
lacharente,bd6t550982316,,failed,0,0,,no_usable_pages,known,,,bd6t550982316: no usable pages in manifest.,2026-07-17T18:02:53.416410
lacharente,bd6t55098232m,,failed,0,0,,no_usable_pages,known,,,bd6t55098232m: no usable pages in manifest.,2026-07-17T18:02:53.669670
lacharente,bd6t550982331,,failed,0,0,,no_usable_pages,known,,,bd6t550982331: no usable pages in manifest.,2026-07-17T18:02:53.816043
lacharente,bd6t55098234f,,failed,0,0,,no_usable_pages,known,,,bd6t55098234f: no usable pages in manifest.,2026-07-17T18:02:54.025160
lacharente,bd6t55098235v,,failed,0,0,,no_usable_pages,known,,,bd6t55098235v: no usable pages in manifest.,2026-07-17T18:02:54.257770
lacharente,bd6t550982368,,failed,0,0,,no_usable_pages,known,,,bd6t550982368: no usable pages in manifest.,2026-07-17T18:02:54.479168
lacharente,bd6t55098237p,,failed,0,0,,no_usable_pages,known,,,bd6t55098237p: no usable pages in manifest.,2026-07-17T18:02:54.769147
lacharente,bd6t550982383,,failed,0,0,,no_usable_pages,known,,,bd6t550982383: no usable pages in manifest.,2026-07-17T18:02:54.974974
lacharente,bd6t55098239h,,failed,0,0,,no_usable_pages,known,,,bd6t55098239h: no usable pages in manifest.,2026-07-17T18:02:55.191488
lacharente,bd6t550982405,,failed,0,0,,no_usable_pages,known,,,bd6t550982405: no usable pages in manifest.,2026-07-17T18:02:55.423202
lacharente,bd6t55098241k,,failed,0,0,,no_usable_pages,known,,,bd6t55098241k: no usable pages in manifest.,2026-07-17T18:02:55.674419
lacharente,bd6t550982420,,failed,0,0,,no_usable_pages,known,,,bd6t550982420: no usable pages in manifest.,2026-07-17T18:02:55.987231
lacharente,bd6t55098243d,,failed,0,0,,no_usable_pages,known,,,bd6t55098243d: no usable pages in manifest.,2026-07-17T18:02:56.206491
lacharente,bd6t55098244t,,failed,0,0,,no_usable_pages,known,,,bd6t55098244t: no usable pages in manifest.,2026-07-17T18:02:56.381665
lacharente,bd6t550982457,,failed,0,0,,no_usable_pages,known,,,bd6t550982457: no usable pages in manifest.,2026-07-17T18:02:56.620182
lacharente,bd6t55098246n,,failed,0,0,,no_usable_pages,known,,,bd6t55098246n: no usable pages in manifest.,2026-07-17T18:02:56.790632
lacharente,bd6t550982472,,failed,0,0,,no_usable_pages,known,,,bd6t550982472: no usable pages in manifest.,2026-07-17T18:02:57.020003
lacharente,bd6t55098248g,,failed,0,0,,no_usable_pages,known,,,bd6t55098248g: no usable pages in manifest.,2026-07-17T18:02:57.176164
lacharente,bd6t55098249w,,failed,0,0,,no_usable_pages,known,,,bd6t55098249w: no usable pages in manifest.,2026-07-17T18:02:57.320319
lacharente,bd6t55098250j,,failed,0,0,,no_usable_pages,known,,,bd6t55098250j: no usable pages in manifest.,2026-07-17T18:02:57.491336
lacharente,bd6t55098251z,,failed,0,0,,no_usable_pages,known,,,bd6t55098251z: no usable pages in manifest.,2026-07-17T18:02:57.704775
lacharente,bd6t55098252c,,failed,0,0,,no_usable_pages,known,,,bd6t55098252c: no usable pages in manifest.,2026-07-17T18:02:57.910434
lacharente,bd6t55098253s,,failed,0,0,,no_usable_pages,known,,,bd6t55098253s: no usable pages in manifest.,2026-07-17T18:02:58.285409
lacharente,bd6t550982546,,failed,0,0,,no_usable_pages,known,,,bd6t550982546: no usable pages in manifest.,2026-07-17T18:02:58.563055
lacharente,bd6t55098255m,,failed,0,0,,no_usable_pages,known,,,bd6t55098255m: no usable pages in manifest.,2026-07-17T18:02:58.837506
lacharente,bd6t550982561,,failed,0,0,,no_usable_pages,known,,,bd6t550982561: no usable pages in manifest.,2026-07-17T18:02:58.998733
lacharente,bd6t55098257f,,failed,0,0,,no_usable_pages,known,,,bd6t55098257f: no usable pages in manifest.,2026-07-17T18:02:59.330517
lacharente,bd6t55098258v,,failed,0,0,,no_usable_pages,known,,,bd6t55098258v: no usable pages in manifest.,2026-07-17T18:02:59.500382
lacharente,bd6t550982598,,failed,0,0,,no_usable_pages,known,,,bd6t550982598: no usable pages in manifest.,2026-07-17T18:02:59.655968
lacharente,bd6t55098260x,,failed,0,0,,no_usable_pages,known,,,bd6t55098260x: no usable pages in manifest.,2026-07-17T18:02:59.830286
lacharente,bd6t55098261b,,failed,0,0,,no_usable_pages,known,,,bd6t55098261b: no usable pages in manifest.,2026-07-17T18:03:00.047846
lacharente,bd6t55098262r,,failed,0,0,,no_usable_pages,known,,,bd6t55098262r: no usable pages in manifest.,2026-07-17T18:03:00.264383
lacharente,bd6t550982635,,failed,0,0,,no_usable_pages,known,,,bd6t550982635: no usable pages in manifest.,2026-07-17T18:03:00.423767
lacharente,bd6t55098264k,,failed,0,0,,no_usable_pages,known,,,bd6t55098264k: no usable pages in manifest.,2026-07-17T18:03:00.584376
lacharente,bd6t550982650,,failed,0,0,,no_usable_pages,known,,,bd6t550982650: no usable pages in manifest.,2026-07-17T18:03:00.740492
lacharente,bd6t55098266d,,failed,0,0,,no_usable_pages,known,,,bd6t55098266d: no usable pages in manifest.,2026-07-17T18:03:00.917411
lacharente,bd6t55098267t,,failed,0,0,,no_usable_pages,known,,,bd6t55098267t: no usable pages in manifest.,2026-07-17T18:03:01.115893
lacharente,bd6t550982687,,failed,0,0,,no_usable_pages,known,,,bd6t550982687: no usable pages in manifest.,2026-07-17T18:03:01.505541
lacharente,bd6t55098269n,,failed,0,0,,no_usable_pages,known,,,bd6t55098269n: no usable pages in manifest.,2026-07-17T18:03:01.680425
lacharente,bd6t550982709,,failed,0,0,,no_usable_pages,known,,,bd6t550982709: no usable pages in manifest.,2026-07-17T18:03:01.883168
lacharente,bd6t55098271q,,failed,0,0,,no_usable_pages,known,,,bd6t55098271q: no usable pages in manifest.,2026-07-17T18:03:02.084253
lacharente,bd6t550982724,,failed,0,0,,no_usable_pages,known,,,bd6t550982724: no usable pages in manifest.,2026-07-17T18:03:02.218736
lacharente,bd6t55098273j,,failed,0,0,,no_usable_pages,known,,,bd6t55098273j: no usable pages in manifest.,2026-07-17T18:03:02.543917
lacharente,bd6t55098274z,,failed,0,0,,no_usable_pages,known,,,bd6t55098274z: no usable pages in manifest.,2026-07-17T18:03:02.728433
lacharente,bd6t55098275c,,failed,0,0,,no_usable_pages,known,,,bd6t55098275c: no usable pages in manifest.,2026-07-17T18:03:02.960124
lacharente,bd6t55098276s,,failed,0,0,,no_usable_pages,known,,,bd6t55098276s: no usable pages in manifest.,2026-07-17T18:03:03.186457
lacharente,bd6t550982776,,failed,0,0,,no_usable_pages,known,,,bd6t550982776: no usable pages in manifest.,2026-07-17T18:03:03.335027
lacharente,bd6t55098278m,,failed,0,0,,no_usable_pages,known,,,bd6t55098278m: no usable pages in manifest.,2026-07-17T18:03:03.584716
lacharente,bd6t550982791,,failed,0,0,,no_usable_pages,known,,,bd6t550982791: no usable pages in manifest.,2026-07-17T18:03:03.760351
lacharente,bd6t55098280p,,failed,0,0,,no_usable_pages,known,,,bd6t55098280p: no usable pages in manifest.,2026-07-17T18:03:03.932251
lacharente,bd6t550982813,,failed,0,0,,no_usable_pages,known,,,bd6t550982813: no usable pages in manifest.,2026-07-17T18:03:04.129197
lacharente,bd6t55098282h,,failed,0,0,,no_usable_pages,known,,,bd6t55098282h: no usable pages in manifest.,2026-07-17T18:03:04.378071
lacharente,bd6t55098283x,,failed,0,0,,no_usable_pages,known,,,bd6t55098283x: no usable pages in manifest.,2026-07-17T18:03:04.550654
lacharente,bd6t55098284b,,failed,0,0,,no_usable_pages,known,,,bd6t55098284b: no usable pages in manifest.,2026-07-17T18:03:04.926406
lacharente,bd6t55098285r,,failed,0,0,,no_usable_pages,known,,,bd6t55098285r: no usable pages in manifest.,2026-07-17T18:03:05.058083
lacharente,bd6t550982880,,failed,0,0,,no_usable_pages,known,,,bd6t550982880: no usable pages in manifest.,2026-07-17T18:03:05.301469
lacharente,bd6t550982865,,failed,0,0,,no_usable_pages,known,,,bd6t550982865: no usable pages in manifest.,2026-07-17T18:03:05.496965
lacharente,bd6t55098287k,,failed,0,0,,no_usable_pages,known,,,bd6t55098287k: no usable pages in manifest.,2026-07-17T18:03:06.474723
lacharente,bd6t55098289d,,failed,0,0,,no_usable_pages,known,,,bd6t55098289d: no usable pages in manifest.,2026-07-17T18:03:06.582633
lacharente,bd6t550982902,,failed,0,0,,no_usable_pages,known,,,bd6t550982902: no usable pages in manifest.,2026-07-17T18:03:06.716715
lacharente,bd6t55098291g,,failed,0,0,,no_usable_pages,known,,,bd6t55098291g: no usable pages in manifest.,2026-07-17T18:03:06.874176
lacharente,bd6t55098292w,,failed,0,0,,no_usable_pages,known,,,bd6t55098292w: no usable pages in manifest.,2026-07-17T18:03:07.049263
lacharente,bd6t550982939,,failed,0,0,,no_usable_pages,known,,,bd6t550982939: no usable pages in manifest.,2026-07-17T18:03:07.235332
lacharente,bd6t55098294q,,failed,0,0,,no_usable_pages,known,,,bd6t55098294q: no usable pages in manifest.,2026-07-17T18:03:07.415294
lacharente,bd6t550982954,,failed,0,0,,no_usable_pages,known,,,bd6t550982954: no usable pages in manifest.,2026-07-17T18:03:07.629114
lacharente,bd6t55098296j,,failed,0,0,,no_usable_pages,known,,,bd6t55098296j: no usable pages in manifest.,2026-07-17T18:03:07.781850
lacharente,bd6t55098297z,,failed,0,0,,no_usable_pages,known,,,bd6t55098297z: no usable pages in manifest.,2026-07-17T18:03:07.971661
lacharente,bd6t55098298c,,failed,0,0,,no_usable_pages,known,,,bd6t55098298c: no usable pages in manifest.,2026-07-17T18:03:08.200273
lacharente,bd6t55098299s,,failed,0,0,,no_usable_pages,known,,,bd6t55098299s: no usable pages in manifest.,2026-07-17T18:03:08.399353
lacharente,bd6t550983000,,failed,0,0,,no_usable_pages,known,,,bd6t550983000: no usable pages in manifest.,2026-07-17T18:03:08.727928
lacharente,bd6t55098301d,,failed,0,0,,no_usable_pages,known,,,bd6t55098301d: no usable pages in manifest.,2026-07-17T18:03:08.887520
lacharente,bd6t55098302t,,failed,0,0,,no_usable_pages,known,,,bd6t55098302t: no usable pages in manifest.,2026-07-17T18:03:09.076710
lacharente,bd6t550983037,,failed,0,0,,no_usable_pages,known,,,bd6t550983037: no usable pages in manifest.,2026-07-17T18:03:09.288274
lacharente,bd6t55098304n,,failed,0,0,,no_usable_pages,known,,,bd6t55098304n: no usable pages in manifest.,2026-07-17T18:03:09.436445
lacharente,bd6t550983052,,failed,0,0,,no_usable_pages,known,,,bd6t550983052: no usable pages in manifest.,2026-07-17T18:03:09.801705
lacharente,bd6t55098306g,,failed,0,0,,no_usable_pages,known,,,bd6t55098306g: no usable pages in manifest.,2026-07-17T18:03:09.998906
lacharente,bd6t55098307w,,failed,0,0,,no_usable_pages,known,,,bd6t55098307w: no usable pages in manifest.,2026-07-17T18:03:10.148756
lacharente,bd6t550983089,,failed,0,0,,no_usable_pages,known,,,bd6t550983089: no usable pages in manifest.,2026-07-17T18:03:10.306008
lacharente,bd6t55098309q,,failed,0,0,,no_usable_pages,known,,,bd6t55098309q: no usable pages in manifest.,2026-07-17T18:03:10.446857
lacharente,bd6t55098310c,,failed,0,0,,no_usable_pages,known,,,bd6t55098310c: no usable pages in manifest.,2026-07-17T18:03:10.711107
lacharente,bd6t55098311s,,failed,0,0,,no_usable_pages,known,,,bd6t55098311s: no usable pages in manifest.,2026-07-17T18:03:11.072648
lacharente,bd6t550983126,,failed,0,0,,no_usable_pages,known,,,bd6t550983126: no usable pages in manifest.,2026-07-17T18:03:11.241027
lacharente,bd6t55098313m,,failed,0,0,,no_usable_pages,known,,,bd6t55098313m: no usable pages in manifest.,2026-07-17T18:03:11.450329
lacharente,bd6t550983141,,failed,0,0,,no_usable_pages,known,,,bd6t550983141: no usable pages in manifest.,2026-07-17T18:03:11.580722
lacharente,bd6t55098315f,,failed,0,0,,no_usable_pages,known,,,bd6t55098315f: no usable pages in manifest.,2026-07-17T18:03:11.708320
lacharente,bd6t55098316v,,failed,0,0,,no_usable_pages,known,,,bd6t55098316v: no usable pages in manifest.,2026-07-17T18:03:11.970644
lacharente,bd6t550983178,,failed,0,0,,no_usable_pages,known,,,bd6t550983178: no usable pages in manifest.,2026-07-17T18:03:12.258832
lacharente,bd6t55098318p,,failed,0,0,,no_usable_pages,known,,,bd6t55098318p: no usable pages in manifest.,2026-07-17T18:03:12.454557
lacharente,bd6t550983193,,failed,0,0,,no_usable_pages,known,,,bd6t550983193: no usable pages in manifest.,2026-07-17T18:03:12.608315
lacharente,bd6t55098320r,,failed,0,0,,no_usable_pages,known,,,bd6t55098320r: no usable pages in manifest.,2026-07-17T18:03:12.793088
lacharente,bd6t550983215,,failed,0,0,,no_usable_pages,known,,,bd6t550983215: no usable pages in manifest.,2026-07-17T18:03:12.903115
lacharente,bd6t55098322k,,failed,0,0,,no_usable_pages,known,,,bd6t55098322k: no usable pages in manifest.,2026-07-17T18:03:13.123562
lacharente,bd6t550983230,,failed,0,0,,no_usable_pages,known,,,bd6t550983230: no usable pages in manifest.,2026-07-17T18:03:13.294040
lacharente,bd6t55098324d,,failed,0,0,,no_usable_pages,known,,,bd6t55098324d: no usable pages in manifest.,2026-07-17T18:03:13.412195
lacharente,bd6t55098325t,,failed,0,0,,no_usable_pages,known,,,bd6t55098325t: no usable pages in manifest.,2026-07-17T18:03:13.613271
lacharente,bd6t550983267,,failed,0,0,,no_usable_pages,known,,,bd6t550983267: no usable pages in manifest.,2026-07-17T18:03:13.779056
lacharente,bd6t55098327n,,failed,0,0,,no_usable_pages,known,,,bd6t55098327n: no usable pages in manifest.,2026-07-17T18:03:14.084084
lacharente,bd6t550983282,,failed,0,0,,no_usable_pages,known,,,bd6t550983282: no usable pages in manifest.,2026-07-17T18:03:14.348536
lacharente,bd6t55098329g,,failed,0,0,,no_usable_pages,known,,,bd6t55098329g: no usable pages in manifest.,2026-07-17T18:03:14.555136
lacharente,bd6t550983304,,failed,0,0,,no_usable_pages,known,,,bd6t550983304: no usable pages in manifest.,2026-07-17T18:03:14.826760
lacharente,bd6t55098331j,,failed,0,0,,no_usable_pages,known,,,bd6t55098331j: no usable pages in manifest.,2026-07-17T18:03:14.951276
lacharente,bd6t55098332z,,failed,0,0,,no_usable_pages,known,,,bd6t55098332z: no usable pages in manifest.,2026-07-17T18:03:15.076231
lacharente,bd6t55098333c,,failed,0,0,,no_usable_pages,known,,,bd6t55098333c: no usable pages in manifest.,2026-07-17T18:03:15.378593
lacharente,bd6t55098334s,,failed,0,0,,no_usable_pages,known,,,bd6t55098334s: no usable pages in manifest.,2026-07-17T18:03:15.586610
lacharente,bd6t550983356,,failed,0,0,,no_usable_pages,known,,,bd6t550983356: no usable pages in manifest.,2026-07-17T18:03:15.783020
lacharente,bd6t55098336m,,failed,0,0,,no_usable_pages,known,,,bd6t55098336m: no usable pages in manifest.,2026-07-17T18:03:16.003338
lacharente,bd6t550983371,,failed,0,0,,no_usable_pages,known,,,bd6t550983371: no usable pages in manifest.,2026-07-17T18:03:16.286342
lacharente,bd6t55098338f,,failed,0,0,,no_usable_pages,known,,,bd6t55098338f: no usable pages in manifest.,2026-07-17T18:03:16.641301
lacharente,bd6t55098339v,,failed,0,0,,no_usable_pages,known,,,bd6t55098339v: no usable pages in manifest.,2026-07-17T18:03:16.774803
lacharente,bd6t55098340h,,failed,0,0,,no_usable_pages,known,,,bd6t55098340h: no usable pages in manifest.,2026-07-17T18:03:16.930217
lacharente,bd6t55098341x,,failed,0,0,,no_usable_pages,known,,,bd6t55098341x: no usable pages in manifest.,2026-07-17T18:03:17.076855
lacharente,bd6t55098342b,,failed,0,0,,no_usable_pages,known,,,bd6t55098342b: no usable pages in manifest.,2026-07-17T18:03:17.228655
lacharente,bd6t55098343r,,failed,0,0,,no_usable_pages,known,,,bd6t55098343r: no usable pages in manifest.,2026-07-17T18:03:17.356270
lacharente,bd6t550983445,,failed,0,0,,no_usable_pages,known,,,bd6t550983445: no usable pages in manifest.,2026-07-17T18:03:17.567592
lacharente,bd6t55098345k,,failed,0,0,,no_usable_pages,known,,,bd6t55098345k: no usable pages in manifest.,2026-07-17T18:03:17.759393
lacharente,bd6t550983460,,failed,0,0,,no_usable_pages,known,,,bd6t550983460: no usable pages in manifest.,2026-07-17T18:03:17.932398
lacharente,bd6t55098347d,,failed,0,0,,no_usable_pages,known,,,bd6t55098347d: no usable pages in manifest.,2026-07-17T18:03:18.072147
lacharente,bd6t55098348t,,failed,0,0,,no_usable_pages,known,,,bd6t55098348t: no usable pages in manifest.,2026-07-17T18:03:18.227207
lacharente,bd6t550983497,,failed,0,0,,no_usable_pages,known,,,bd6t550983497: no usable pages in manifest.,2026-07-17T18:03:18.391843
lacharente,bd6t55098350w,,failed,0,0,,no_usable_pages,known,,,bd6t55098350w: no usable pages in manifest.,2026-07-17T18:03:18.631421
lacharente,bd6t550983519,,failed,0,0,,no_usable_pages,known,,,bd6t550983519: no usable pages in manifest.,2026-07-17T18:03:18.788529
lacharente,bd6t55098352q,,failed,0,0,,no_usable_pages,known,,,bd6t55098352q: no usable pages in manifest.,2026-07-17T18:03:18.917637
lacharente,bd6t550983534,,failed,0,0,,no_usable_pages,known,,,bd6t550983534: no usable pages in manifest.,2026-07-17T18:03:19.070702
lacharente,bd6t55098354j,,failed,0,0,,no_usable_pages,known,,,bd6t55098354j: no usable pages in manifest.,2026-07-17T18:03:19.210222
lacharente,bd6t55098355z,,failed,0,0,,no_usable_pages,known,,,bd6t55098355z: no usable pages in manifest.,2026-07-17T18:03:19.363737
lacharente,bd6t55098356c,,failed,0,0,,no_usable_pages,known,,,bd6t55098356c: no usable pages in manifest.,2026-07-17T18:03:19.544972
lacharente,bd6t55098357s,,failed,0,0,,no_usable_pages,known,,,bd6t55098357s: no usable pages in manifest.,2026-07-17T18:03:19.735582
lacharente,bd6t550983586,,failed,0,0,,no_usable_pages,known,,,bd6t550983586: no usable pages in manifest.,2026-07-17T18:03:19.942442
lacharente,bd6t55098359m,,failed,0,0,,no_usable_pages,known,,,bd6t55098359m: no usable pages in manifest.,2026-07-17T18:03:20.112434
lacharente,bd6t550983608,,failed,0,0,,no_usable_pages,known,,,bd6t550983608: no usable pages in manifest.,2026-07-17T18:03:20.213068
lacharente,bd6t55098361p,,failed,0,0,,no_usable_pages,known,,,bd6t55098361p: no usable pages in manifest.,2026-07-17T18:03:20.338822
lacharente,bd6t550983623,,failed,0,0,,no_usable_pages,known,,,bd6t550983623: no usable pages in manifest.,2026-07-17T18:03:20.478861
lacharente,bd6t55098363h,,failed,0,0,,no_usable_pages,known,,,bd6t55098363h: no usable pages in manifest.,2026-07-17T18:03:20.624987
lacharente,bd6t55098364x,,failed,0,0,,no_usable_pages,known,,,bd6t55098364x: no usable pages in manifest.,2026-07-17T18:03:20.805591
lacharente,bd6t55098365b,,failed,0,0,,no_usable_pages,known,,,bd6t55098365b: no usable pages in manifest.,2026-07-17T18:03:20.928877
lacharente,bd6t55098366r,,failed,0,0,,no_usable_pages,known,,,bd6t55098366r: no usable pages in manifest.,2026-07-17T18:03:21.064396
lacharente,bd6t550983675,,failed,0,0,,no_usable_pages,known,,,bd6t550983675: no usable pages in manifest.,2026-07-17T18:03:21.174160
lacharente,bd6t55098368k,,failed,0,0,,no_usable_pages,known,,,bd6t55098368k: no usable pages in manifest.,2026-07-17T18:03:21.322542
lacharente,bd6t550983690,,failed,0,0,,no_usable_pages,known,,,bd6t550983690: no usable pages in manifest.,2026-07-17T18:03:21.459660
lacharente,bd6t55098370n,,failed,0,0,,no_usable_pages,known,,,bd6t55098370n: no usable pages in manifest.,2026-07-17T18:03:21.599515
lacharente,bd6t55097747g,,failed,0,0,,no_usable_pages,known,,,bd6t55097747g: no usable pages in manifest.,2026-07-17T18:03:21.846156
lacharente,bd6t550983712,,failed,0,0,,no_usable_pages,known,,,bd6t550983712: no usable pages in manifest.,2026-07-17T18:03:21.989502
lacharente,bd6t55098372g,,failed,0,0,,no_usable_pages,known,,,bd6t55098372g: no usable pages in manifest.,2026-07-17T18:03:22.097897
lacharente,bd6t55098373w,,failed,0,0,,no_usable_pages,known,,,bd6t55098373w: no usable pages in manifest.,2026-07-17T18:03:22.217388
lacharente,bd6t550983749,,failed,0,0,,no_usable_pages,known,,,bd6t550983749: no usable pages in manifest.,2026-07-17T18:03:22.394878
lacharente,bd6t55098375q,,failed,0,0,,no_usable_pages,known,,,bd6t55098375q: no usable pages in manifest.,2026-07-17T18:03:22.547804
lacharente,bd6t550983764,,failed,0,0,,no_usable_pages,known,,,bd6t550983764: no usable pages in manifest.,2026-07-17T18:03:22.699591
lacharente,bd6t55098377j,,failed,0,0,,no_usable_pages,known,,,bd6t55098377j: no usable pages in manifest.,2026-07-17T18:03:22.931199
lacharente,bd6t55098378z,,failed,0,0,,no_usable_pages,known,,,bd6t55098378z: no usable pages in manifest.,2026-07-17T18:03:23.116169
lacharente,bd6t55098379c,,failed,0,0,,no_usable_pages,known,,,bd6t55098379c: no usable pages in manifest.,2026-07-17T18:03:23.264167
lacharente,bd6t550983801,,failed,0,0,,no_usable_pages,known,,,bd6t550983801: no usable pages in manifest.,2026-07-17T18:03:23.385042
lacharente,bd6t55098381f,,failed,0,0,,no_usable_pages,known,,,bd6t55098381f: no usable pages in manifest.,2026-07-17T18:03:23.543739
lacharente,bd6t55098382v,,failed,0,0,,no_usable_pages,known,,,bd6t55098382v: no usable pages in manifest.,2026-07-17T18:03:23.678723
lacharente,bd6t550983838,,failed,0,0,,no_usable_pages,known,,,bd6t550983838: no usable pages in manifest.,2026-07-17T18:03:23.803457
lacharente,bd6t55098384p,,failed,0,0,,no_usable_pages,known,,,bd6t55098384p: no usable pages in manifest.,2026-07-17T18:03:24.013546
lacharente,bd6t550983853,,failed,0,0,,no_usable_pages,known,,,bd6t550983853: no usable pages in manifest.,2026-07-17T18:03:24.189838
lacharente,bd6t55098386h,,failed,0,0,,no_usable_pages,known,,,bd6t55098386h: no usable pages in manifest.,2026-07-17T18:03:24.353233
lacharente,bd6t55098387x,,failed,0,0,,no_usable_pages,known,,,bd6t55098387x: no usable pages in manifest.,2026-07-17T18:03:24.475686
lacharente,bd6t55098388b,,failed,0,0,,no_usable_pages,known,,,bd6t55098388b: no usable pages in manifest.,2026-07-17T18:03:24.678066
lacharente,bd6t55098389r,,failed,0,0,,no_usable_pages,known,,,bd6t55098389r: no usable pages in manifest.,2026-07-17T18:03:24.814979
lacharente,bd6t55098390d,,failed,0,0,,no_usable_pages,known,,,bd6t55098390d: no usable pages in manifest.,2026-07-17T18:03:24.964905
lacharente,bd6t55098391t,,failed,0,0,,no_usable_pages,known,,,bd6t55098391t: no usable pages in manifest.,2026-07-17T18:03:25.321538
lacharente,bd6t550983927,,failed,0,0,,no_usable_pages,known,,,bd6t550983927: no usable pages in manifest.,2026-07-17T18:03:25.545616
lacharente,bd6t55098393n,,failed,0,0,,no_usable_pages,known,,,bd6t55098393n: no usable pages in manifest.,2026-07-17T18:03:25.695261
lacharente,bd6t550983942,,failed,0,0,,no_usable_pages,known,,,bd6t550983942: no usable pages in manifest.,2026-07-17T18:03:25.866331
lacharente,bd6t55098395g,,failed,0,0,,no_usable_pages,known,,,bd6t55098395g: no usable pages in manifest.,2026-07-17T18:03:25.982042
lacharente,bd6t55098396w,,failed,0,0,,no_usable_pages,known,,,bd6t55098396w: no usable pages in manifest.,2026-07-17T18:03:26.223209
lacharente,bd6t550983979,,failed,0,0,,no_usable_pages,known,,,bd6t550983979: no usable pages in manifest.,2026-07-17T18:03:26.399100
lacharente,bd6t55098398q,,failed,0,0,,no_usable_pages,known,,,bd6t55098398q: no usable pages in manifest.,2026-07-17T18:03:26.556544
lacharente,bd6t550983994,,failed,0,0,,no_usable_pages,known,,,bd6t550983994: no usable pages in manifest.,2026-07-17T18:03:26.769578
lacharente,bd6t55098400b,,failed,0,0,,no_usable_pages,known,,,bd6t55098400b: no usable pages in manifest.,2026-07-17T18:03:26.996867
lacharente,bd6t55098401r,,failed,0,0,,no_usable_pages,known,,,bd6t55098401r: no usable pages in manifest.,2026-07-17T18:03:27.163409
lacharente,bd6t550984025,,failed,0,0,,no_usable_pages,known,,,bd6t550984025: no usable pages in manifest.,2026-07-17T18:03:27.380209
lacharente,bd6t55098403k,,failed,0,0,,no_usable_pages,known,,,bd6t55098403k: no usable pages in manifest.,2026-07-17T18:03:27.532027
lacharente,bd6t550984040,,failed,0,0,,no_usable_pages,known,,,bd6t550984040: no usable pages in manifest.,2026-07-17T18:03:27.661842
lacharente,bd6t55098405d,,failed,0,0,,no_usable_pages,known,,,bd6t55098405d: no usable pages in manifest.,2026-07-17T18:03:27.781490
lacharente,bd6t55098406t,,failed,0,0,,no_usable_pages,known,,,bd6t55098406t: no usable pages in manifest.,2026-07-17T18:03:27.957245
lacharente,bd6t550984077,,failed,0,0,,no_usable_pages,known,,,bd6t550984077: no usable pages in manifest.,2026-07-17T18:03:28.115269
lacharente,bd6t55098408n,,failed,0,0,,no_usable_pages,known,,,bd6t55098408n: no usable pages in manifest.,2026-07-17T18:03:28.249684
lacharente,bd6t550984092,,failed,0,0,,no_usable_pages,known,,,bd6t550984092: no usable pages in manifest.,2026-07-17T18:03:28.494719
lacharente,bd6t55098410q,,failed,0,0,,no_usable_pages,known,,,bd6t55098410q: no usable pages in manifest.,2026-07-17T18:03:28.678369
lacharente,bd6t550984114,,failed,0,0,,no_usable_pages,known,,,bd6t550984114: no usable pages in manifest.,2026-07-17T18:03:28.831306
lacharente,bd6t55098412j,,failed,0,0,,no_usable_pages,known,,,bd6t55098412j: no usable pages in manifest.,2026-07-17T18:03:28.985057
lacharente,bd6t55098413z,,failed,0,0,,no_usable_pages,known,,,bd6t55098413z: no usable pages in manifest.,2026-07-17T18:03:29.185040
lacharente,bd6t55098414c,,failed,0,0,,no_usable_pages,known,,,bd6t55098414c: no usable pages in manifest.,2026-07-17T18:03:29.356670
lacharente,bd6t55098415s,,failed,0,0,,no_usable_pages,known,,,bd6t55098415s: no usable pages in manifest.,2026-07-17T18:03:29.629363
lacharente,bd6t550984166,,failed,0,0,,no_usable_pages,known,,,bd6t550984166: no usable pages in manifest.,2026-07-17T18:03:29.786223
lacharente,bd6t55098417m,,failed,0,0,,no_usable_pages,known,,,bd6t55098417m: no usable pages in manifest.,2026-07-17T18:03:29.955864
lacharente,bd6t550984181,,failed,0,0,,no_usable_pages,known,,,bd6t550984181: no usable pages in manifest.,2026-07-17T18:03:30.094941
lacharente,bd6t55098419f,,failed,0,0,,no_usable_pages,known,,,bd6t55098419f: no usable pages in manifest.,2026-07-17T18:03:30.230574
lacharente,bd6t550984203,,failed,0,0,,no_usable_pages,known,,,bd6t550984203: no usable pages in manifest.,2026-07-17T18:03:30.385435
lacharente,bd6t55098421h,,failed,0,0,,no_usable_pages,known,,,bd6t55098421h: no usable pages in manifest.,2026-07-17T18:03:30.639906
lacharente,bd6t55098422x,,failed,0,0,,no_usable_pages,known,,,bd6t55098422x: no usable pages in manifest.,2026-07-17T18:03:30.823306
lacharente,bd6t55098423b,,failed,0,0,,no_usable_pages,known,,,bd6t55098423b: no usable pages in manifest.,2026-07-17T18:03:30.946748
lacharente,bd6t55098424r,,failed,0,0,,no_usable_pages,known,,,bd6t55098424r: no usable pages in manifest.,2026-07-17T18:03:31.141252
lacharente,bd6t550984255,,failed,0,0,,no_usable_pages,known,,,bd6t550984255: no usable pages in manifest.,2026-07-17T18:03:31.278280
lacharente,bd6t55098426k,,failed,0,0,,no_usable_pages,known,,,bd6t55098426k: no usable pages in manifest.,2026-07-17T18:03:31.434729
lacharente,bd6t550984270,,failed,0,0,,no_usable_pages,known,,,bd6t550984270: no usable pages in manifest.,2026-07-17T18:03:31.588843
lacharente,bd6t55098428d,,failed,0,0,,no_usable_pages,known,,,bd6t55098428d: no usable pages in manifest.,2026-07-17T18:03:31.848089
lacharente,bd6t55098429t,,failed,0,0,,no_usable_pages,known,,,bd6t55098429t: no usable pages in manifest.,2026-07-17T18:03:31.987590
lacharente,bd6t55098430g,,failed,0,0,,no_usable_pages,known,,,bd6t55098430g: no usable pages in manifest.,2026-07-17T18:03:32.113139
lacharente,bd6t55098431w,,failed,0,0,,no_usable_pages,known,,,bd6t55098431w: no usable pages in manifest.,2026-07-17T18:03:32.253088
lacharente,bd6t550984329,,failed,0,0,,no_usable_pages,known,,,bd6t550984329: no usable pages in manifest.,2026-07-17T18:03:32.432946
lacharente,bd6t55098433q,,failed,0,0,,no_usable_pages,known,,,bd6t55098433q: no usable pages in manifest.,2026-07-17T18:03:32.593127
lacharente,bd6t550984344,,failed,0,0,,no_usable_pages,known,,,bd6t550984344: no usable pages in manifest.,2026-07-17T18:03:32.824291
lacharente,bd6t55098435j,,failed,0,0,,no_usable_pages,known,,,bd6t55098435j: no usable pages in manifest.,2026-07-17T18:03:32.962142
lacharente,bd6t55098436z,,failed,0,0,,no_usable_pages,known,,,bd6t55098436z: no usable pages in manifest.,2026-07-17T18:03:33.166381
lacharente,bd6t55098437c,,failed,0,0,,no_usable_pages,known,,,bd6t55098437c: no usable pages in manifest.,2026-07-17T18:03:33.278119
lacharente,bd6t55098438s,,failed,0,0,,no_usable_pages,known,,,bd6t55098438s: no usable pages in manifest.,2026-07-17T18:03:33.494649
lacharente,bd6t550984396,,failed,0,0,,no_usable_pages,known,,,bd6t550984396: no usable pages in manifest.,2026-07-17T18:03:33.632057
lacharente,bd6t55098440v,,failed,0,0,,no_usable_pages,known,,,bd6t55098440v: no usable pages in manifest.,2026-07-17T18:03:33.801452
lacharente,bd6t550984418,,failed,0,0,,no_usable_pages,known,,,bd6t550984418: no usable pages in manifest.,2026-07-17T18:03:34.087379
lacharente,bd6t55098442p,,failed,0,0,,no_usable_pages,known,,,bd6t55098442p: no usable pages in manifest.,2026-07-17T18:03:34.231523
lacharente,bd6t550984433,,failed,0,0,,no_usable_pages,known,,,bd6t550984433: no usable pages in manifest.,2026-07-17T18:03:34.367600
lacharente,bd6t55098444h,,failed,0,0,,no_usable_pages,known,,,bd6t55098444h: no usable pages in manifest.,2026-07-17T18:03:34.518372
lacharente,bd6t55098445x,,failed,0,0,,no_usable_pages,known,,,bd6t55098445x: no usable pages in manifest.,2026-07-17T18:03:34.697711
lacharente,bd6t55098446b,,failed,0,0,,no_usable_pages,known,,,bd6t55098446b: no usable pages in manifest.,2026-07-17T18:03:34.802762
lacharente,bd6t55098447r,,failed,0,0,,no_usable_pages,known,,,bd6t55098447r: no usable pages in manifest.,2026-07-17T18:03:34.977099
lacharente,bd6t550984485,,failed,0,0,,no_usable_pages,known,,,bd6t550984485: no usable pages in manifest.,2026-07-17T18:03:35.240611
lacharente,bd6t55098449k,,failed,0,0,,no_usable_pages,known,,,bd6t55098449k: no usable pages in manifest.,2026-07-17T18:03:35.405967
lacharente,bd6t550984507,,failed,0,0,,no_usable_pages,known,,,bd6t550984507: no usable pages in manifest.,2026-07-17T18:03:35.586705
lacharente,bd6t55098451n,,failed,0,0,,no_usable_pages,known,,,bd6t55098451n: no usable pages in manifest.,2026-07-17T18:03:35.742165
lacharente,bd6t550984522,,failed,0,0,,no_usable_pages,known,,,bd6t550984522: no usable pages in manifest.,2026-07-17T18:03:35.913609
lacharente,bd6t55098453g,,failed,0,0,,no_usable_pages,known,,,bd6t55098453g: no usable pages in manifest.,2026-07-17T18:03:36.099129
lacharente,bd6t55098454w,,failed,0,0,,no_usable_pages,known,,,bd6t55098454w: no usable pages in manifest.,2026-07-17T18:03:36.449159
lacharente,bd6t550984559,,failed,0,0,,no_usable_pages,known,,,bd6t550984559: no usable pages in manifest.,2026-07-17T18:03:36.663652
lacharente,bd6t55098456q,,failed,0,0,,no_usable_pages,known,,,bd6t55098456q: no usable pages in manifest.,2026-07-17T18:03:36.831196
lacharente,bd6t550984574,,failed,0,0,,no_usable_pages,known,,,bd6t550984574: no usable pages in manifest.,2026-07-17T18:03:36.974318
lacharente,bd6t55098458j,,failed,0,0,,no_usable_pages,known,,,bd6t55098458j: no usable pages in manifest.,2026-07-17T18:03:37.174920
lacharente,bd6t55098459z,,failed,0,0,,no_usable_pages,known,,,bd6t55098459z: no usable pages in manifest.,2026-07-17T18:03:37.431267
lacharente,bd6t55098460m,,failed,0,0,,no_usable_pages,known,,,bd6t55098460m: no usable pages in manifest.,2026-07-17T18:03:37.568453
lacharente,bd6t550984611,,failed,0,0,,no_usable_pages,known,,,bd6t550984611: no usable pages in manifest.,2026-07-17T18:03:37.695567
lacharente,bd6t55098462f,,failed,0,0,,no_usable_pages,known,,,bd6t55098462f: no usable pages in manifest.,2026-07-17T18:03:37.837861
lacharente,bd6t55098463v,,failed,0,0,,no_usable_pages,known,,,bd6t55098463v: no usable pages in manifest.,2026-07-17T18:03:37.982970
lacharente,bd6t550984648,,failed,0,0,,no_usable_pages,known,,,bd6t550984648: no usable pages in manifest.,2026-07-17T18:03:38.097827
lacharente,bd6t55098465p,,failed,0,0,,no_usable_pages,known,,,bd6t55098465p: no usable pages in manifest.,2026-07-17T18:03:38.264593
lacharente,bd6t550984663,,failed,0,0,,no_usable_pages,known,,,bd6t550984663: no usable pages in manifest.,2026-07-17T18:03:38.460953
lacharente,bd6t55098467h,,failed,0,0,,no_usable_pages,known,,,bd6t55098467h: no usable pages in manifest.,2026-07-17T18:03:38.637914
lacharente,bd6t55098468x,,failed,0,0,,no_usable_pages,known,,,bd6t55098468x: no usable pages in manifest.,2026-07-17T18:03:38.767206
lacharente,bd6t55098469b,,failed,0,0,,no_usable_pages,known,,,bd6t55098469b: no usable pages in manifest.,2026-07-17T18:03:38.909231
lacharente,bd6t550984700,,failed,0,0,,no_usable_pages,known,,,bd6t550984700: no usable pages in manifest.,2026-07-17T18:03:39.032924
lacharente,bd6t55098471d,,failed,0,0,,no_usable_pages,known,,,bd6t55098471d: no usable pages in manifest.,2026-07-17T18:03:39.188563
lacharente,bd6t55098472t,,failed,0,0,,no_usable_pages,known,,,bd6t55098472t: no usable pages in manifest.,2026-07-17T18:03:39.316731
lacharente,bd6t550984737,,failed,0,0,,no_usable_pages,known,,,bd6t550984737: no usable pages in manifest.,2026-07-17T18:03:39.585660
lacharente,bd6t55098474n,,failed,0,0,,no_usable_pages,known,,,bd6t55098474n: no usable pages in manifest.,2026-07-17T18:03:39.735441
lacharente,bd6t550984752,,failed,0,0,,no_usable_pages,known,,,bd6t550984752: no usable pages in manifest.,2026-07-17T18:03:39.878679
lacharente,bd6t55098476g,,failed,0,0,,no_usable_pages,known,,,bd6t55098476g: no usable pages in manifest.,2026-07-17T18:03:40.045217
lacharente,bd6t55098477w,,failed,0,0,,no_usable_pages,known,,,bd6t55098477w: no usable pages in manifest.,2026-07-17T18:03:40.168922
lacharente,bd6t550984789,,failed,0,0,,no_usable_pages,known,,,bd6t550984789: no usable pages in manifest.,2026-07-17T18:03:40.328561
lacharente,bd6t55098479q,,failed,0,0,,no_usable_pages,known,,,bd6t55098479q: no usable pages in manifest.,2026-07-17T18:03:40.474442
lacharente,bd6t55098480c,,failed,0,0,,no_usable_pages,known,,,bd6t55098480c: no usable pages in manifest.,2026-07-17T18:03:40.769800
lacharente,bd6t55098481s,,failed,0,0,,no_usable_pages,known,,,bd6t55098481s: no usable pages in manifest.,2026-07-17T18:03:40.965647
lacharente,bd6t550984826,,failed,0,0,,no_usable_pages,known,,,bd6t550984826: no usable pages in manifest.,2026-07-17T18:03:41.210884
lacharente,bd6t55098483m,,failed,0,0,,no_usable_pages,known,,,bd6t55098483m: no usable pages in manifest.,2026-07-17T18:03:41.364648
lacharente,bd6t550984841,,failed,0,0,,no_usable_pages,known,,,bd6t550984841: no usable pages in manifest.,2026-07-17T18:03:41.492906
lacharente,bd6t55098485f,,failed,0,0,,no_usable_pages,known,,,bd6t55098485f: no usable pages in manifest.,2026-07-17T18:03:41.763670
lacharente,bd6t55098486v,,failed,0,0,,no_usable_pages,known,,,bd6t55098486v: no usable pages in manifest.,2026-07-17T18:03:41.885301
lacharente,bd6t550984878,,failed,0,0,,no_usable_pages,known,,,bd6t550984878: no usable pages in manifest.,2026-07-17T18:03:42.063066
lacharente,bd6t55098488p,,failed,0,0,,no_usable_pages,known,,,bd6t55098488p: no usable pages in manifest.,2026-07-17T18:03:42.225965
lacharente,bd6t550984893,,failed,0,0,,no_usable_pages,known,,,bd6t550984893: no usable pages in manifest.,2026-07-17T18:03:42.360121
lacharente,bd6t55098490r,,failed,0,0,,no_usable_pages,known,,,bd6t55098490r: no usable pages in manifest.,2026-07-17T18:03:42.484982
lacharente,bd6t550984915,,failed,0,0,,no_usable_pages,known,,,bd6t550984915: no usable pages in manifest.,2026-07-17T18:03:42.655136
lacharente,bd6t55098492k,,failed,0,0,,no_usable_pages,known,,,bd6t55098492k: no usable pages in manifest.,2026-07-17T18:03:42.981912
lacharente,bd6t550984930,,failed,0,0,,no_usable_pages,known,,,bd6t550984930: no usable pages in manifest.,2026-07-17T18:03:43.133206
lacharente,bd6t55098494d,,failed,0,0,,no_usable_pages,known,,,bd6t55098494d: no usable pages in manifest.,2026-07-17T18:03:43.303732
lacharente,bd6t550984967,,failed,0,0,,no_usable_pages,known,,,bd6t550984967: no usable pages in manifest.,2026-07-17T18:03:43.510200
lacharente,bd6t55098495t,,failed,0,0,,no_usable_pages,known,,,bd6t55098495t: no usable pages in manifest.,2026-07-17T18:03:43.668429
lacharente,bd6t55098497n,,failed,0,0,,no_usable_pages,known,,,bd6t55098497n: no usable pages in manifest.,2026-07-17T18:03:43.985276
lacharente,bd6t550984982,,failed,0,0,,no_usable_pages,known,,,bd6t550984982: no usable pages in manifest.,2026-07-17T18:03:44.217323
lacharente,bd6t55098499g,,failed,0,0,,no_usable_pages,known,,,bd6t55098499g: no usable pages in manifest.,2026-07-17T18:03:44.382444
lacharente,bd6t55098500p,,failed,0,0,,no_usable_pages,known,,,bd6t55098500p: no usable pages in manifest.,2026-07-17T18:03:44.520822
lacharente,bd6t550985013,,failed,0,0,,no_usable_pages,known,,,bd6t550985013: no usable pages in manifest.,2026-07-17T18:03:44.696838
lacharente,bd6t55098502h,,failed,0,0,,no_usable_pages,known,,,bd6t55098502h: no usable pages in manifest.,2026-07-17T18:03:44.842362
lacharente,bd6t55098503x,,failed,0,0,,no_usable_pages,known,,,bd6t55098503x: no usable pages in manifest.,2026-07-17T18:03:45.094628
lacharente,bd6t55098504b,,failed,0,0,,no_usable_pages,known,,,bd6t55098504b: no usable pages in manifest.,2026-07-17T18:03:45.293329
lacharente,bd6t55098505r,,failed,0,0,,no_usable_pages,known,,,bd6t55098505r: no usable pages in manifest.,2026-07-17T18:03:45.595994
lacharente,bd6t550985065,,failed,0,0,,no_usable_pages,known,,,bd6t550985065: no usable pages in manifest.,2026-07-17T18:03:45.748648
lacharente,bd6t55098507k,,failed,0,0,,no_usable_pages,known,,,bd6t55098507k: no usable pages in manifest.,2026-07-17T18:03:45.875044
lacharente,bd6t550985080,,failed,0,0,,no_usable_pages,known,,,bd6t550985080: no usable pages in manifest.,2026-07-17T18:03:46.068564
lacharente,bd6t55098509d,,failed,0,0,,no_usable_pages,known,,,bd6t55098509d: no usable pages in manifest.,2026-07-17T18:03:46.200458
lacharente,bd6t550985102,,failed,0,0,,no_usable_pages,known,,,bd6t550985102: no usable pages in manifest.,2026-07-17T18:03:46.332102
lacharente,bd6t55098511g,,failed,0,0,,no_usable_pages,known,,,bd6t55098511g: no usable pages in manifest.,2026-07-17T18:03:46.457576
lacharente,bd6t55098512w,,failed,0,0,,no_usable_pages,known,,,bd6t55098512w: no usable pages in manifest.,2026-07-17T18:03:46.585757
lacharente,bd6t550985139,,failed,0,0,,no_usable_pages,known,,,bd6t550985139: no usable pages in manifest.,2026-07-17T18:03:46.752371
lacharente,bd6t55098514q,,failed,0,0,,no_usable_pages,known,,,bd6t55098514q: no usable pages in manifest.,2026-07-17T18:03:46.931444
lacharente,bd6t550985154,,failed,0,0,,no_usable_pages,known,,,bd6t550985154: no usable pages in manifest.,2026-07-17T18:03:47.275093
lacharente,bd6t55098516j,,failed,0,0,,no_usable_pages,known,,,bd6t55098516j: no usable pages in manifest.,2026-07-17T18:03:47.381083
lacharente,bd6t55098517z,,failed,0,0,,no_usable_pages,known,,,bd6t55098517z: no usable pages in manifest.,2026-07-17T18:03:47.560282
lacharente,bd6t55098518c,,failed,0,0,,no_usable_pages,known,,,bd6t55098518c: no usable pages in manifest.,2026-07-17T18:03:48.255933
lacharente,bd6t55098519s,,failed,0,0,,no_usable_pages,known,,,bd6t55098519s: no usable pages in manifest.,2026-07-17T18:03:48.511335
lacharente,bd6t55098520f,,failed,0,0,,no_usable_pages,known,,,bd6t55098520f: no usable pages in manifest.,2026-07-17T18:03:48.655828
lacharente,bd6t55098521v,,failed,0,0,,no_usable_pages,known,,,bd6t55098521v: no usable pages in manifest.,2026-07-17T18:03:48.761058
lacharente,bd6t550985228,,failed,0,0,,no_usable_pages,known,,,bd6t550985228: no usable pages in manifest.,2026-07-17T18:03:48.918686
lacharente,bd6t55098523p,,failed,0,0,,no_usable_pages,known,,,bd6t55098523p: no usable pages in manifest.,2026-07-17T18:03:49.034340
lacharente,bd6t550985243,,failed,0,0,,no_usable_pages,known,,,bd6t550985243: no usable pages in manifest.,2026-07-17T18:03:49.164575
lacharente,bd6t55098525h,,failed,0,0,,no_usable_pages,known,,,bd6t55098525h: no usable pages in manifest.,2026-07-17T18:03:49.303405
lacharente,bd6t55098526x,,failed,0,0,,no_usable_pages,known,,,bd6t55098526x: no usable pages in manifest.,2026-07-17T18:03:49.485399
lacharente,bd6t55098527b,,failed,0,0,,no_usable_pages,known,,,bd6t55098527b: no usable pages in manifest.,2026-07-17T18:03:49.614653
lacharente,bd6t55098528r,,failed,0,0,,no_usable_pages,known,,,bd6t55098528r: no usable pages in manifest.,2026-07-17T18:03:49.779116
lacharente,bd6t550985295,,failed,0,0,,no_usable_pages,known,,,bd6t550985295: no usable pages in manifest.,2026-07-17T18:03:49.905000
lacharente,bd6t55098530t,,failed,0,0,,no_usable_pages,known,,,bd6t55098530t: no usable pages in manifest.,2026-07-17T18:03:50.044561
lacharente,bd6t550985317,,failed,0,0,,no_usable_pages,known,,,bd6t550985317: no usable pages in manifest.,2026-07-17T18:03:50.190960
lacharente,bd6t55098532n,,failed,0,0,,no_usable_pages,known,,,bd6t55098532n: no usable pages in manifest.,2026-07-17T18:03:50.309862
lacharente,bd6t550985332,,failed,0,0,,no_usable_pages,known,,,bd6t550985332: no usable pages in manifest.,2026-07-17T18:03:50.534028
lacharente,bd6t55098534g,,failed,0,0,,no_usable_pages,known,,,bd6t55098534g: no usable pages in manifest.,2026-07-17T18:03:50.744916
lacharente,bd6t55098535w,,failed,0,0,,no_usable_pages,known,,,bd6t55098535w: no usable pages in manifest.,2026-07-17T18:03:50.915154
lacharente,bd6t550985369,,failed,0,0,,no_usable_pages,known,,,bd6t550985369: no usable pages in manifest.,2026-07-17T18:03:51.084767
lacharente,bd6t55098537q,,failed,0,0,,no_usable_pages,known,,,bd6t55098537q: no usable pages in manifest.,2026-07-17T18:03:51.251420
lacharente,bd6t550985384,,failed,0,0,,no_usable_pages,known,,,bd6t550985384: no usable pages in manifest.,2026-07-17T18:03:51.470857
lacharente,bd6t55098539j,,failed,0,0,,no_usable_pages,known,,,bd6t55098539j: no usable pages in manifest.,2026-07-17T18:03:51.802477
lacharente,bd6t550985406,,failed,0,0,,no_usable_pages,known,,,bd6t550985406: no usable pages in manifest.,2026-07-17T18:03:51.953950
lacharente,bd6t55098541m,,failed,0,0,,no_usable_pages,known,,,bd6t55098541m: no usable pages in manifest.,2026-07-17T18:03:52.191276
lacharente,bd6t550985421,,failed,0,0,,no_usable_pages,known,,,bd6t550985421: no usable pages in manifest.,2026-07-17T18:03:52.355171
lacharente,bd6t55098543f,,failed,0,0,,no_usable_pages,known,,,bd6t55098543f: no usable pages in manifest.,2026-07-17T18:03:52.589958
lacharente,bd6t55098544v,,failed,0,0,,no_usable_pages,known,,,bd6t55098544v: no usable pages in manifest.,2026-07-17T18:03:52.979662
lacharente,bd6t550985458,,failed,0,0,,no_usable_pages,known,,,bd6t550985458: no usable pages in manifest.,2026-07-17T18:03:53.341928
lacharente,bd6t55098546p,,failed,0,0,,no_usable_pages,known,,,bd6t55098546p: no usable pages in manifest.,2026-07-17T18:03:53.483762
lacharente,bd6t550985473,,failed,0,0,,no_usable_pages,known,,,bd6t550985473: no usable pages in manifest.,2026-07-17T18:03:53.694214
lacharente,bd6t55098548h,,failed,0,0,,no_usable_pages,known,,,bd6t55098548h: no usable pages in manifest.,2026-07-17T18:03:53.943340
lacharente,bd6t55098549x,,failed,0,0,,no_usable_pages,known,,,bd6t55098549x: no usable pages in manifest.,2026-07-17T18:03:54.102158
lacharente,bd6t55098550k,,failed,0,0,,no_usable_pages,known,,,bd6t55098550k: no usable pages in manifest.,2026-07-17T18:03:54.255539
lacharente,bd6t550985510,,failed,0,0,,no_usable_pages,known,,,bd6t550985510: no usable pages in manifest.,2026-07-17T18:03:54.382459
lacharente,bd6t55098552d,,failed,0,0,,no_usable_pages,known,,,bd6t55098552d: no usable pages in manifest.,2026-07-17T18:03:54.565740
lacharente,bd6t55098553t,,failed,0,0,,no_usable_pages,known,,,bd6t55098553t: no usable pages in manifest.,2026-07-17T18:03:54.733935
lacharente,bd6t550985547,,failed,0,0,,no_usable_pages,known,,,bd6t550985547: no usable pages in manifest.,2026-07-17T18:03:55.122069
lacharente,bd6t55098555n,,failed,0,0,,no_usable_pages,known,,,bd6t55098555n: no usable pages in manifest.,2026-07-17T18:03:55.349641
lacharente,bd6t550985562,,failed,0,0,,no_usable_pages,known,,,bd6t550985562: no usable pages in manifest.,2026-07-17T18:03:55.643307
lacharente,bd6t55098557g,,failed,0,0,,no_usable_pages,known,,,bd6t55098557g: no usable pages in manifest.,2026-07-17T18:03:55.833388
lacharente,bd6t55098558w,,failed,0,0,,no_usable_pages,known,,,bd6t55098558w: no usable pages in manifest.,2026-07-17T18:03:56.161488
lacharente,bd6t550985599,,failed,0,0,,no_usable_pages,known,,,bd6t550985599: no usable pages in manifest.,2026-07-17T18:03:56.285947
lacharente,bd6t55098560z,,failed,0,0,,no_usable_pages,known,,,bd6t55098560z: no usable pages in manifest.,2026-07-17T18:03:56.452047
lacharente,bd6t55098561c,,failed,0,0,,no_usable_pages,known,,,bd6t55098561c: no usable pages in manifest.,2026-07-17T18:03:56.599907
lacharente,bd6t55098562s,,failed,0,0,,no_usable_pages,known,,,bd6t55098562s: no usable pages in manifest.,2026-07-17T18:03:56.840208
lacharente,bd6t550985636,,failed,0,0,,no_usable_pages,known,,,bd6t550985636: no usable pages in manifest.,2026-07-17T18:03:57.052511
lacharente,bd6t55098564m,,failed,0,0,,no_usable_pages,known,,,bd6t55098564m: no usable pages in manifest.,2026-07-17T18:03:57.370715
lacharente,bd6t550985651,,failed,0,0,,no_usable_pages,known,,,bd6t550985651: no usable pages in manifest.,2026-07-17T18:03:57.503828
lacharente,bd6t55098566f,,failed,0,0,,no_usable_pages,known,,,bd6t55098566f: no usable pages in manifest.,2026-07-17T18:03:57.840605
lacharente,bd6t55098567v,,failed,0,0,,no_usable_pages,known,,,bd6t55098567v: no usable pages in manifest.,2026-07-17T18:03:57.974398
lacharente,bd6t550985688,,failed,0,0,,no_usable_pages,known,,,bd6t550985688: no usable pages in manifest.,2026-07-17T18:03:58.148248
lacharente,bd6t55098569p,,failed,0,0,,no_usable_pages,known,,,bd6t55098569p: no usable pages in manifest.,2026-07-17T18:03:58.459086
lacharente,bd6t55098570b,,failed,0,0,,no_usable_pages,known,,,bd6t55098570b: no usable pages in manifest.,2026-07-17T18:03:58.696132
lacharente,bd6t55098571r,,failed,0,0,,no_usable_pages,known,,,bd6t55098571r: no usable pages in manifest.,2026-07-17T18:03:58.891227
lacharente,bd6t550985725,,failed,0,0,,no_usable_pages,known,,,bd6t550985725: no usable pages in manifest.,2026-07-17T18:03:59.066012
lacharente,bd6t55098573k,,failed,0,0,,no_usable_pages,known,,,bd6t55098573k: no usable pages in manifest.,2026-07-17T18:03:59.238475
lacharente,bd6t550985740,,failed,0,0,,no_usable_pages,known,,,bd6t550985740: no usable pages in manifest.,2026-07-17T18:03:59.438877
lacharente,bd6t55098575d,,failed,0,0,,no_usable_pages,known,,,bd6t55098575d: no usable pages in manifest.,2026-07-17T18:03:59.570761
lacharente,bd6t55098576t,,failed,0,0,,no_usable_pages,known,,,bd6t55098576t: no usable pages in manifest.,2026-07-17T18:03:59.747605
lacharente,bd6t550985777,,failed,0,0,,no_usable_pages,known,,,bd6t550985777: no usable pages in manifest.,2026-07-17T18:03:59.901010
lacharente,bd6t55098578n,,failed,0,0,,no_usable_pages,known,,,bd6t55098578n: no usable pages in manifest.,2026-07-17T18:04:00.045150
lacharente,bd6t550985792,,failed,0,0,,no_usable_pages,known,,,bd6t550985792: no usable pages in manifest.,2026-07-17T18:04:00.204967
lacharente,bd6t55098580q,,failed,0,0,,no_usable_pages,known,,,bd6t55098580q: no usable pages in manifest.,2026-07-17T18:04:00.438929
lacharente,bd6t550985814,,failed,0,0,,no_usable_pages,known,,,bd6t550985814: no usable pages in manifest.,2026-07-17T18:04:00.610214
lacharente,bd6t55098582j,,failed,0,0,,no_usable_pages,known,,,bd6t55098582j: no usable pages in manifest.,2026-07-17T18:04:00.766084
lacharente,bd6t55098583z,,failed,0,0,,no_usable_pages,known,,,bd6t55098583z: no usable pages in manifest.,2026-07-17T18:04:00.927208
lacharente,bd6t55098584c,,failed,0,0,,no_usable_pages,known,,,bd6t55098584c: no usable pages in manifest.,2026-07-17T18:04:01.059191
lacharente,bd6t55098585s,,failed,0,0,,no_usable_pages,known,,,bd6t55098585s: no usable pages in manifest.,2026-07-17T18:04:01.232077
lacharente,bd6t550985866,,failed,0,0,,no_usable_pages,known,,,bd6t550985866: no usable pages in manifest.,2026-07-17T18:04:01.501590
lacharente,bd6t55098587m,,failed,0,0,,no_usable_pages,known,,,bd6t55098587m: no usable pages in manifest.,2026-07-17T18:04:01.685058
lacharente,bd6t550985881,,failed,0,0,,no_usable_pages,known,,,bd6t550985881: no usable pages in manifest.,2026-07-17T18:04:01.867696
lacharente,bd6t55098589f,,failed,0,0,,no_usable_pages,known,,,bd6t55098589f: no usable pages in manifest.,2026-07-17T18:04:02.092298
lacharente,bd6t550985903,,failed,0,0,,no_usable_pages,known,,,bd6t550985903: no usable pages in manifest.,2026-07-17T18:04:02.257168
lacharente,bd6t55098591h,,failed,0,0,,no_usable_pages,known,,,bd6t55098591h: no usable pages in manifest.,2026-07-17T18:04:02.490192
lacharente,bd6t55098592x,,failed,0,0,,no_usable_pages,known,,,bd6t55098592x: no usable pages in manifest.,2026-07-17T18:04:02.740118
lacharente,bd6t55098593b,,failed,0,0,,no_usable_pages,known,,,bd6t55098593b: no usable pages in manifest.,2026-07-17T18:04:02.993808
lacharente,bd6t55098594r,,failed,0,0,,no_usable_pages,known,,,bd6t55098594r: no usable pages in manifest.,2026-07-17T18:04:03.122646
lacharente,bd6t550985955,,failed,0,0,,no_usable_pages,known,,,bd6t550985955: no usable pages in manifest.,2026-07-17T18:04:03.322082
lacharente,bd6t55098596k,,failed,0,0,,no_usable_pages,known,,,bd6t55098596k: no usable pages in manifest.,2026-07-17T18:04:03.531754
lacharente,bd6t550985970,,failed,0,0,,no_usable_pages,known,,,bd6t550985970: no usable pages in manifest.,2026-07-17T18:04:03.778133
lacharente,bd6t55098598d,,failed,0,0,,no_usable_pages,known,,,bd6t55098598d: no usable pages in manifest.,2026-07-17T18:04:03.918464
lacharente,bd6t55098599t,,failed,0,0,,no_usable_pages,known,,,bd6t55098599t: no usable pages in manifest.,2026-07-17T18:04:04.078923
lacharente,bd6t550986001,,failed,0,0,,no_usable_pages,known,,,bd6t550986001: no usable pages in manifest.,2026-07-17T18:04:04.219460
lacharente,bd6t55098601f,,failed,0,0,,no_usable_pages,known,,,bd6t55098601f: no usable pages in manifest.,2026-07-17T18:04:04.396430
lacharente,bd6t55098602v,,failed,0,0,,no_usable_pages,known,,,bd6t55098602v: no usable pages in manifest.,2026-07-17T18:04:04.609136
lacharente,bd6t550986038,,failed,0,0,,no_usable_pages,known,,,bd6t550986038: no usable pages in manifest.,2026-07-17T18:04:04.885662
lacharente,bd6t55098604p,,failed,0,0,,no_usable_pages,known,,,bd6t55098604p: no usable pages in manifest.,2026-07-17T18:04:05.080780
lacharente,bd6t550986053,,failed,0,0,,no_usable_pages,known,,,bd6t550986053: no usable pages in manifest.,2026-07-17T18:04:05.257833
lacharente,bd6t55098606h,,failed,0,0,,no_usable_pages,known,,,bd6t55098606h: no usable pages in manifest.,2026-07-17T18:04:05.427257
lacharente,bd6t55098607x,,failed,0,0,,no_usable_pages,known,,,bd6t55098607x: no usable pages in manifest.,2026-07-17T18:04:05.574236
lacharente,bd6t55098608b,,failed,0,0,,no_usable_pages,known,,,bd6t55098608b: no usable pages in manifest.,2026-07-17T18:04:05.806451
lacharente,bd6t55098609r,,failed,0,0,,no_usable_pages,known,,,bd6t55098609r: no usable pages in manifest.,2026-07-17T18:04:06.012480
lacharente,bd6t55098610d,,failed,0,0,,no_usable_pages,known,,,bd6t55098610d: no usable pages in manifest.,2026-07-17T18:04:06.187502
lacharente,bd6t55098611t,,failed,0,0,,no_usable_pages,known,,,bd6t55098611t: no usable pages in manifest.,2026-07-17T18:04:06.314771
lacharente,bd6t550986127,,failed,0,0,,no_usable_pages,known,,,bd6t550986127: no usable pages in manifest.,2026-07-17T18:04:06.505077
lacharente,bd6t55098613n,,failed,0,0,,no_usable_pages,known,,,bd6t55098613n: no usable pages in manifest.,2026-07-17T18:04:06.638456
lacharente,bd6t550986142,,failed,0,0,,no_usable_pages,known,,,bd6t550986142: no usable pages in manifest.,2026-07-17T18:04:06.833759
lacharente,bd6t55098615g,,failed,0,0,,no_usable_pages,known,,,bd6t55098615g: no usable pages in manifest.,2026-07-17T18:04:07.034927
lacharente,bd6t55098616w,,failed,0,0,,no_usable_pages,known,,,bd6t55098616w: no usable pages in manifest.,2026-07-17T18:04:07.212756
lacharente,bd6t550986179,,failed,0,0,,no_usable_pages,known,,,bd6t550986179: no usable pages in manifest.,2026-07-17T18:04:07.386936
lacharente,bd6t55098618q,,failed,0,0,,no_usable_pages,known,,,bd6t55098618q: no usable pages in manifest.,2026-07-17T18:04:07.690398
lacharente,bd6t550986194,,failed,0,0,,no_usable_pages,known,,,bd6t550986194: no usable pages in manifest.,2026-07-17T18:04:07.891730
lacharente,bd6t55098620s,,failed,0,0,,no_usable_pages,known,,,bd6t55098620s: no usable pages in manifest.,2026-07-17T18:04:08.179061
lacharente,bd6t550986216,,failed,0,0,,no_usable_pages,known,,,bd6t550986216: no usable pages in manifest.,2026-07-17T18:04:08.317170
lacharente,bd6t55098622m,,failed,0,0,,no_usable_pages,known,,,bd6t55098622m: no usable pages in manifest.,2026-07-17T18:04:08.453156
lacharente,bd6t550986231,,failed,0,0,,no_usable_pages,known,,,bd6t550986231: no usable pages in manifest.,2026-07-17T18:04:08.628462
lacharente,bd6t55098624f,,failed,0,0,,no_usable_pages,known,,,bd6t55098624f: no usable pages in manifest.,2026-07-17T18:04:08.787165
lacharente,bd6t55098625v,,failed,0,0,,no_usable_pages,known,,,bd6t55098625v: no usable pages in manifest.,2026-07-17T18:04:08.988727
lacharente,bd6t550986268,,failed,0,0,,no_usable_pages,known,,,bd6t550986268: no usable pages in manifest.,2026-07-17T18:04:09.271751
lacharente,bd6t55098627p,,failed,0,0,,no_usable_pages,known,,,bd6t55098627p: no usable pages in manifest.,2026-07-17T18:04:09.442320
lacharente,bd6t550986283,,failed,0,0,,no_usable_pages,known,,,bd6t550986283: no usable pages in manifest.,2026-07-17T18:04:09.625546
lacharente,bd6t55098629h,,failed,0,0,,no_usable_pages,known,,,bd6t55098629h: no usable pages in manifest.,2026-07-17T18:04:09.752169
lacharente,bd6t550986305,,failed,0,0,,no_usable_pages,known,,,bd6t550986305: no usable pages in manifest.,2026-07-17T18:04:09.880279
lacharente,bd6t55098631k,,failed,0,0,,no_usable_pages,known,,,bd6t55098631k: no usable pages in manifest.,2026-07-17T18:04:10.113873
lacharente,bd6t550986320,,failed,0,0,,no_usable_pages,known,,,bd6t550986320: no usable pages in manifest.,2026-07-17T18:04:10.345038
lacharente,bd6t55098633d,,failed,0,0,,no_usable_pages,known,,,bd6t55098633d: no usable pages in manifest.,2026-07-17T18:04:10.498001
lacharente,bd6t55098634t,,failed,0,0,,no_usable_pages,known,,,bd6t55098634t: no usable pages in manifest.,2026-07-17T18:04:10.637252
lacharente,bd6t550986357,,failed,0,0,,no_usable_pages,known,,,bd6t550986357: no usable pages in manifest.,2026-07-17T18:04:10.761160
lacharente,bd6t55098636n,,failed,0,0,,no_usable_pages,known,,,bd6t55098636n: no usable pages in manifest.,2026-07-17T18:04:10.963059
lacharente,bd6t550986372,,failed,0,0,,no_usable_pages,known,,,bd6t550986372: no usable pages in manifest.,2026-07-17T18:04:11.173488
lacharente,bd6t55098638g,,failed,0,0,,no_usable_pages,known,,,bd6t55098638g: no usable pages in manifest.,2026-07-17T18:04:11.422143
lacharente,bd6t55098639w,,failed,0,0,,no_usable_pages,known,,,bd6t55098639w: no usable pages in manifest.,2026-07-17T18:04:11.607065
lacharente,bd6t55098640j,,failed,0,0,,no_usable_pages,known,,,bd6t55098640j: no usable pages in manifest.,2026-07-17T18:04:11.735397
lacharente,bd6t55098641z,,failed,0,0,,no_usable_pages,known,,,bd6t55098641z: no usable pages in manifest.,2026-07-17T18:04:11.882214
lacharente,bd6t55098642c,,failed,0,0,,no_usable_pages,known,,,bd6t55098642c: no usable pages in manifest.,2026-07-17T18:04:12.004648
lacharente,bd6t55098643s,,failed,0,0,,no_usable_pages,known,,,bd6t55098643s: no usable pages in manifest.,2026-07-17T18:04:12.232037
lacharente,bd6t550986446,,failed,0,0,,no_usable_pages,known,,,bd6t550986446: no usable pages in manifest.,2026-07-17T18:04:12.497098
lacharente,bd6t55098645m,,failed,0,0,,no_usable_pages,known,,,bd6t55098645m: no usable pages in manifest.,2026-07-17T18:04:12.667543
lacharente,bd6t550986461,,failed,0,0,,no_usable_pages,known,,,bd6t550986461: no usable pages in manifest.,2026-07-17T18:04:12.897258
lacharente,bd6t55098647f,,failed,0,0,,no_usable_pages,known,,,bd6t55098647f: no usable pages in manifest.,2026-07-17T18:04:13.046701
lacharente,bd6t55098648v,,failed,0,0,,no_usable_pages,known,,,bd6t55098648v: no usable pages in manifest.,2026-07-17T18:04:13.187359
lacharente,bd6t550986498,,failed,0,0,,no_usable_pages,known,,,bd6t550986498: no usable pages in manifest.,2026-07-17T18:04:13.495002
lacharente,bd6t55098650x,,failed,0,0,,no_usable_pages,known,,,bd6t55098650x: no usable pages in manifest.,2026-07-17T18:04:13.681710
lacharente,bd6t55098651b,,failed,0,0,,no_usable_pages,known,,,bd6t55098651b: no usable pages in manifest.,2026-07-17T18:04:13.853494
lacharente,bd6t55098652r,,failed,0,0,,no_usable_pages,known,,,bd6t55098652r: no usable pages in manifest.,2026-07-17T18:04:14.010270
lacharente,bd6t550986535,,failed,0,0,,no_usable_pages,known,,,bd6t550986535: no usable pages in manifest.,2026-07-17T18:04:14.165021
lacharente,bd6t55098654k,,failed,0,0,,no_usable_pages,known,,,bd6t55098654k: no usable pages in manifest.,2026-07-17T18:04:14.290841
lacharente,bd6t550986550,,failed,0,0,,no_usable_pages,known,,,bd6t550986550: no usable pages in manifest.,2026-07-17T18:04:14.579954
lacharente,bd6t55098656d,,failed,0,0,,no_usable_pages,known,,,bd6t55098656d: no usable pages in manifest.,2026-07-17T18:04:14.748071
lacharente,bd6t55098657t,,failed,0,0,,no_usable_pages,known,,,bd6t55098657t: no usable pages in manifest.,2026-07-17T18:04:14.929498
lacharente,bd6t550986587,,failed,0,0,,no_usable_pages,known,,,bd6t550986587: no usable pages in manifest.,2026-07-17T18:04:15.121010
lacharente,bd6t55098659n,,failed,0,0,,no_usable_pages,known,,,bd6t55098659n: no usable pages in manifest.,2026-07-17T18:04:15.344838
lacharente,bd6t550986609,,failed,0,0,,no_usable_pages,known,,,bd6t550986609: no usable pages in manifest.,2026-07-17T18:04:15.640771
lacharente,bd6t55098661q,,failed,0,0,,no_usable_pages,known,,,bd6t55098661q: no usable pages in manifest.,2026-07-17T18:04:15.789769
lacharente,bd6t550986624,,failed,0,0,,no_usable_pages,known,,,bd6t550986624: no usable pages in manifest.,2026-07-17T18:04:15.949145
lacharente,bd6t55098663j,,failed,0,0,,no_usable_pages,known,,,bd6t55098663j: no usable pages in manifest.,2026-07-17T18:04:16.104390
lacharente,bd6t55098664z,,failed,0,0,,no_usable_pages,known,,,bd6t55098664z: no usable pages in manifest.,2026-07-17T18:04:16.228110
lacharente,bd6t55098665c,,failed,0,0,,no_usable_pages,known,,,bd6t55098665c: no usable pages in manifest.,2026-07-17T18:04:16.383878
lacharente,bd6t55098666s,,failed,0,0,,no_usable_pages,known,,,bd6t55098666s: no usable pages in manifest.,2026-07-17T18:04:16.623597
lacharente,bd6t550986676,,failed,0,0,,no_usable_pages,known,,,bd6t550986676: no usable pages in manifest.,2026-07-17T18:04:16.926412
lacharente,bd6t55098668m,,failed,0,0,,no_usable_pages,known,,,bd6t55098668m: no usable pages in manifest.,2026-07-17T18:04:17.129079
lacharente,bd6t550986691,,failed,0,0,,no_usable_pages,known,,,bd6t550986691: no usable pages in manifest.,2026-07-17T18:04:17.340460
lacharente,bd6t55098670p,,failed,0,0,,no_usable_pages,known,,,bd6t55098670p: no usable pages in manifest.,2026-07-17T18:04:17.510519
lacharente,bd6t550986713,,failed,0,0,,no_usable_pages,known,,,bd6t550986713: no usable pages in manifest.,2026-07-17T18:04:17.786924
lacharente,bd6t55098672h,,failed,0,0,,no_usable_pages,known,,,bd6t55098672h: no usable pages in manifest.,2026-07-17T18:04:17.947089
lacharente,bd6t55098673x,,failed,0,0,,no_usable_pages,known,,,bd6t55098673x: no usable pages in manifest.,2026-07-17T18:04:18.196379
lacharente,bd6t55098674b,,failed,0,0,,no_usable_pages,known,,,bd6t55098674b: no usable pages in manifest.,2026-07-17T18:04:18.387228
lacharente,bd6t55098675r,,failed,0,0,,no_usable_pages,known,,,bd6t55098675r: no usable pages in manifest.,2026-07-17T18:04:18.585222
lacharente,bd6t550986765,,failed,0,0,,no_usable_pages,known,,,bd6t550986765: no usable pages in manifest.,2026-07-17T18:04:18.801462
lacharente,bd6t55098677k,,failed,0,0,,no_usable_pages,known,,,bd6t55098677k: no usable pages in manifest.,2026-07-17T18:04:18.957262
lacharente,bd6t550986780,,failed,0,0,,no_usable_pages,known,,,bd6t550986780: no usable pages in manifest.,2026-07-17T18:04:19.192956
lacharente,bd6t55098679d,,failed,0,0,,no_usable_pages,known,,,bd6t55098679d: no usable pages in manifest.,2026-07-17T18:04:19.386545
lacharente,bd6t550986802,,failed,0,0,,no_usable_pages,known,,,bd6t550986802: no usable pages in manifest.,2026-07-17T18:04:19.520099
lacharente,bd6t55098681g,,failed,0,0,,no_usable_pages,known,,,bd6t55098681g: no usable pages in manifest.,2026-07-17T18:04:19.692289
lacharente,bd6t55098682w,,failed,0,0,,no_usable_pages,known,,,bd6t55098682w: no usable pages in manifest.,2026-07-17T18:04:19.887400
lacharente,bd6t550986839,,failed,0,0,,no_usable_pages,known,,,bd6t550986839: no usable pages in manifest.,2026-07-17T18:04:20.030609
lacharente,bd6t55098684q,,failed,0,0,,no_usable_pages,known,,,bd6t55098684q: no usable pages in manifest.,2026-07-17T18:04:20.152348
lacharente,bd6t550986854,,failed,0,0,,no_usable_pages,known,,,bd6t550986854: no usable pages in manifest.,2026-07-17T18:04:20.243541
lacharente,bd6t55098686j,,failed,0,0,,no_usable_pages,known,,,bd6t55098686j: no usable pages in manifest.,2026-07-17T18:04:20.389234
lacharente,bd6t55098687z,,failed,0,0,,no_usable_pages,known,,,bd6t55098687z: no usable pages in manifest.,2026-07-17T18:04:20.554667
lacharente,bd6t55098688c,,failed,0,0,,no_usable_pages,known,,,bd6t55098688c: no usable pages in manifest.,2026-07-17T18:04:20.709621
lacharente,bd6t55098689s,,failed,0,0,,no_usable_pages,known,,,bd6t55098689s: no usable pages in manifest.,2026-07-17T18:04:20.997444
lacharente,bd6t55098690f,,failed,0,0,,no_usable_pages,known,,,bd6t55098690f: no usable pages in manifest.,2026-07-17T18:04:21.157476
lacharente,bd6t55098691v,,failed,0,0,,no_usable_pages,known,,,bd6t55098691v: no usable pages in manifest.,2026-07-17T18:04:21.343405
lacharente,bd6t550986928,,failed,0,0,,no_usable_pages,known,,,bd6t550986928: no usable pages in manifest.,2026-07-17T18:04:21.479604
lacharente,bd6t55098693p,,failed,0,0,,no_usable_pages,known,,,bd6t55098693p: no usable pages in manifest.,2026-07-17T18:04:21.630853
lacharente,bd6t550986943,,failed,0,0,,no_usable_pages,known,,,bd6t550986943: no usable pages in manifest.,2026-07-17T18:04:21.762370
lacharente,bd6t55098695h,,failed,0,0,,no_usable_pages,known,,,bd6t55098695h: no usable pages in manifest.,2026-07-17T18:04:22.048896
lacharente,bd6t55098696x,,failed,0,0,,no_usable_pages,known,,,bd6t55098696x: no usable pages in manifest.,2026-07-17T18:04:22.189374
lacharente,bd6t55098697b,,failed,0,0,,no_usable_pages,known,,,bd6t55098697b: no usable pages in manifest.,2026-07-17T18:04:22.337285
lacharente,bd6t55098698r,,failed,0,0,,no_usable_pages,known,,,bd6t55098698r: no usable pages in manifest.,2026-07-17T18:04:22.449636
lacharente,bd6t550986995,,failed,0,0,,no_usable_pages,known,,,bd6t550986995: no usable pages in manifest.,2026-07-17T18:04:22.591090
lacharente,bd6t55098700c,,failed,0,0,,no_usable_pages,known,,,bd6t55098700c: no usable pages in manifest.,2026-07-17T18:04:22.707717
lacharente,bd6t55098701s,,failed,0,0,,no_usable_pages,known,,,bd6t55098701s: no usable pages in manifest.,2026-07-17T18:04:22.875873
lacharente,bd6t550987026,,failed,0,0,,no_usable_pages,known,,,bd6t550987026: no usable pages in manifest.,2026-07-17T18:04:23.118542
lacharente,bd6t55098703m,,failed,0,0,,no_usable_pages,known,,,bd6t55098703m: no usable pages in manifest.,2026-07-17T18:04:23.255296
lacharente,bd6t550987041,,failed,0,0,,no_usable_pages,known,,,bd6t550987041: no usable pages in manifest.,2026-07-17T18:04:23.379454
lacharente,bd6t55098705f,,failed,0,0,,no_usable_pages,known,,,bd6t55098705f: no usable pages in manifest.,2026-07-17T18:04:23.486850
lacharente,bd6t55098706v,,failed,0,0,,no_usable_pages,known,,,bd6t55098706v: no usable pages in manifest.,2026-07-17T18:04:23.633433
lacharente,bd6t550987078,,failed,0,0,,no_usable_pages,known,,,bd6t550987078: no usable pages in manifest.,2026-07-17T18:04:23.759436
lacharente,bd6t55098708p,,failed,0,0,,no_usable_pages,known,,,bd6t55098708p: no usable pages in manifest.,2026-07-17T18:04:23.873532
lacharente,bd6t550987093,,failed,0,0,,no_usable_pages,known,,,bd6t550987093: no usable pages in manifest.,2026-07-17T18:04:24.088238
lacharente,bd6t55098710r,,failed,0,0,,no_usable_pages,known,,,bd6t55098710r: no usable pages in manifest.,2026-07-17T18:04:24.286932
lacharente,bd6t550987115,,failed,0,0,,no_usable_pages,known,,,bd6t550987115: no usable pages in manifest.,2026-07-17T18:04:24.395033
lacharente,bd6t55098712k,,failed,0,0,,no_usable_pages,known,,,bd6t55098712k: no usable pages in manifest.,2026-07-17T18:04:24.537376
lacharente,bd6t550987130,,failed,0,0,,no_usable_pages,known,,,bd6t550987130: no usable pages in manifest.,2026-07-17T18:04:24.696818
lacharente,bd6t55098714d,,failed,0,0,,no_usable_pages,known,,,bd6t55098714d: no usable pages in manifest.,2026-07-17T18:04:24.854246
lacharente,bd6t55098715t,,failed,0,0,,no_usable_pages,known,,,bd6t55098715t: no usable pages in manifest.,2026-07-17T18:04:24.989364
lacharente,bd6t550987167,,failed,0,0,,no_usable_pages,known,,,bd6t550987167: no usable pages in manifest.,2026-07-17T18:04:25.157296
lacharente,bd6t55098717n,,failed,0,0,,no_usable_pages,known,,,bd6t55098717n: no usable pages in manifest.,2026-07-17T18:04:25.382764
lacharente,bd6t550987182,,failed,0,0,,no_usable_pages,known,,,bd6t550987182: no usable pages in manifest.,2026-07-17T18:04:25.486634
lacharente,bd6t55098719g,,failed,0,0,,no_usable_pages,known,,,bd6t55098719g: no usable pages in manifest.,2026-07-17T18:04:25.616728
lacharente,bd6t550987204,,failed,0,0,,no_usable_pages,known,,,bd6t550987204: no usable pages in manifest.,2026-07-17T18:04:25.768809
lacharente,bd6t55098721j,,failed,0,0,,no_usable_pages,known,,,bd6t55098721j: no usable pages in manifest.,2026-07-17T18:04:25.945629
lacharente,bd6t55098722z,,failed,0,0,,no_usable_pages,known,,,bd6t55098722z: no usable pages in manifest.,2026-07-17T18:04:26.081174
lacharente,bd6t55098723c,,failed,0,0,,no_usable_pages,known,,,bd6t55098723c: no usable pages in manifest.,2026-07-17T18:04:26.247680
lacharente,bd6t55098724s,,failed,0,0,,no_usable_pages,known,,,bd6t55098724s: no usable pages in manifest.,2026-07-17T18:04:26.477034
lacharente,bd6t550987256,,failed,0,0,,no_usable_pages,known,,,bd6t550987256: no usable pages in manifest.,2026-07-17T18:04:26.645628
lacharente,bd6t55098726m,,failed,0,0,,no_usable_pages,known,,,bd6t55098726m: no usable pages in manifest.,2026-07-17T18:04:26.812847
lacharente,bd6t550987271,,failed,0,0,,no_usable_pages,known,,,bd6t550987271: no usable pages in manifest.,2026-07-17T18:04:26.987888
lacharente,bd6t55098728f,,failed,0,0,,no_usable_pages,known,,,bd6t55098728f: no usable pages in manifest.,2026-07-17T18:04:27.231759
lacharente,bd6t55098729v,,failed,0,0,,no_usable_pages,known,,,bd6t55098729v: no usable pages in manifest.,2026-07-17T18:04:27.486690
lacharente,bd6t55098730h,,failed,0,0,,no_usable_pages,known,,,bd6t55098730h: no usable pages in manifest.,2026-07-17T18:04:27.648762
lacharente,bd6t55098731x,,failed,0,0,,no_usable_pages,known,,,bd6t55098731x: no usable pages in manifest.,2026-07-17T18:04:27.835928
lacharente,bd6t55098732b,,failed,0,0,,no_usable_pages,known,,,bd6t55098732b: no usable pages in manifest.,2026-07-17T18:04:28.064116
lacharente,bd6t55098733r,,failed,0,0,,no_usable_pages,known,,,bd6t55098733r: no usable pages in manifest.,2026-07-17T18:04:28.241825
lacharente,bd6t550987345,,failed,0,0,,no_usable_pages,known,,,bd6t550987345: no usable pages in manifest.,2026-07-17T18:04:28.421728
lacharente,bd6t55098735k,,failed,0,0,,no_usable_pages,known,,,bd6t55098735k: no usable pages in manifest.,2026-07-17T18:04:28.699024
lacharente,bd6t550987360,,failed,0,0,,no_usable_pages,known,,,bd6t550987360: no usable pages in manifest.,2026-07-17T18:04:28.940148
lacharente,bd6t55098737d,,failed,0,0,,no_usable_pages,known,,,bd6t55098737d: no usable pages in manifest.,2026-07-17T18:04:29.182347
lacharente,bd6t55098738t,,failed,0,0,,no_usable_pages,known,,,bd6t55098738t: no usable pages in manifest.,2026-07-17T18:04:29.350008
lacharente,bd6t550987397,,failed,0,0,,no_usable_pages,known,,,bd6t550987397: no usable pages in manifest.,2026-07-17T18:04:29.651644
lacharente,bd6t55098740w,,failed,0,0,,no_usable_pages,known,,,bd6t55098740w: no usable pages in manifest.,2026-07-17T18:04:29.798001
lacharente,bd6t550987419,,failed,0,0,,no_usable_pages,known,,,bd6t550987419: no usable pages in manifest.,2026-07-17T18:04:29.993360
lacharente,bd6t55098742q,,failed,0,0,,no_usable_pages,known,,,bd6t55098742q: no usable pages in manifest.,2026-07-17T18:04:30.141422
lacharente,bd6t550987434,,failed,0,0,,no_usable_pages,known,,,bd6t550987434: no usable pages in manifest.,2026-07-17T18:04:30.277775
lacharente,bd6t55098744j,,failed,0,0,,no_usable_pages,known,,,bd6t55098744j: no usable pages in manifest.,2026-07-17T18:04:30.467565
lacharente,bd6t55098745z,,failed,0,0,,no_usable_pages,known,,,bd6t55098745z: no usable pages in manifest.,2026-07-17T18:04:30.774669
lacharente,bd6t55098746c,,failed,0,0,,no_usable_pages,known,,,bd6t55098746c: no usable pages in manifest.,2026-07-17T18:04:30.961853
lacharente,bd6t55098747s,,failed,0,0,,no_usable_pages,known,,,bd6t55098747s: no usable pages in manifest.,2026-07-17T18:04:31.127759
lacharente,bd6t550987486,,failed,0,0,,no_usable_pages,known,,,bd6t550987486: no usable pages in manifest.,2026-07-17T18:04:31.261991
lacharente,bd6t55098749m,,failed,0,0,,no_usable_pages,known,,,bd6t55098749m: no usable pages in manifest.,2026-07-17T18:04:31.484221
lacharente,bd6t550987508,,failed,0,0,,no_usable_pages,known,,,bd6t550987508: no usable pages in manifest.,2026-07-17T18:04:31.717751
lacharente,bd6t55098751p,,failed,0,0,,no_usable_pages,known,,,bd6t55098751p: no usable pages in manifest.,2026-07-17T18:04:31.938246
lacharente,bd6t550987523,,failed,0,0,,no_usable_pages,known,,,bd6t550987523: no usable pages in manifest.,2026-07-17T18:04:32.065912
lacharente,bd6t55098753h,,failed,0,0,,no_usable_pages,known,,,bd6t55098753h: no usable pages in manifest.,2026-07-17T18:04:32.233569
lacharente,bd6t55098754x,,failed,0,0,,no_usable_pages,known,,,bd6t55098754x: no usable pages in manifest.,2026-07-17T18:04:32.386421
lacharente,bd6t55098755b,,failed,0,0,,no_usable_pages,known,,,bd6t55098755b: no usable pages in manifest.,2026-07-17T18:04:32.556865
lacharente,bd6t55098756r,,failed,0,0,,no_usable_pages,known,,,bd6t55098756r: no usable pages in manifest.,2026-07-17T18:04:32.789516
lacharente,bd6t550987575,,failed,0,0,,no_usable_pages,known,,,bd6t550987575: no usable pages in manifest.,2026-07-17T18:04:33.004779
lacharente,bd6t55098758k,,failed,0,0,,no_usable_pages,known,,,bd6t55098758k: no usable pages in manifest.,2026-07-17T18:04:33.106279
lacharente,bd6t550987590,,failed,0,0,,no_usable_pages,known,,,bd6t550987590: no usable pages in manifest.,2026-07-17T18:04:33.291533
lacharente,bd6t55098760n,,failed,0,0,,no_usable_pages,known,,,bd6t55098760n: no usable pages in manifest.,2026-07-17T18:04:33.487932
lacharente,bd6t550987612,,failed,0,0,,no_usable_pages,known,,,bd6t550987612: no usable pages in manifest.,2026-07-17T18:04:33.611235
lacharente,bd6t55098762g,,failed,0,0,,no_usable_pages,known,,,bd6t55098762g: no usable pages in manifest.,2026-07-17T18:04:33.755076
lacharente,bd6t55098763w,,failed,0,0,,no_usable_pages,known,,,bd6t55098763w: no usable pages in manifest.,2026-07-17T18:04:34.019991
lacharente,bd6t550987649,,failed,0,0,,no_usable_pages,known,,,bd6t550987649: no usable pages in manifest.,2026-07-17T18:04:34.140408
lacharente,bd6t55098765q,,failed,0,0,,no_usable_pages,known,,,bd6t55098765q: no usable pages in manifest.,2026-07-17T18:04:34.285641
lacharente,bd6t550987664,,failed,0,0,,no_usable_pages,known,,,bd6t550987664: no usable pages in manifest.,2026-07-17T18:04:34.415346
lacharente,bd6t55098767j,,failed,0,0,,no_usable_pages,known,,,bd6t55098767j: no usable pages in manifest.,2026-07-17T18:04:34.540408
lacharente,bd6t55098768z,,failed,0,0,,no_usable_pages,known,,,bd6t55098768z: no usable pages in manifest.,2026-07-17T18:04:34.688839
lacharente,bd6t55098769c,,failed,0,0,,no_usable_pages,known,,,bd6t55098769c: no usable pages in manifest.,2026-07-17T18:04:34.876124
lacharente,bd6t550987701,,failed,0,0,,no_usable_pages,known,,,bd6t550987701: no usable pages in manifest.,2026-07-17T18:04:35.081664
lacharente,bd6t55098771f,,failed,0,0,,no_usable_pages,known,,,bd6t55098771f: no usable pages in manifest.,2026-07-17T18:04:35.201060
lacharente,bd6t55098772v,,failed,0,0,,no_usable_pages,known,,,bd6t55098772v: no usable pages in manifest.,2026-07-17T18:04:35.341241
lacharente,bd6t550987738,,failed,0,0,,no_usable_pages,known,,,bd6t550987738: no usable pages in manifest.,2026-07-17T18:04:35.461580
lacharente,bd6t55098774p,,failed,0,0,,no_usable_pages,known,,,bd6t55098774p: no usable pages in manifest.,2026-07-17T18:04:35.599464
lacharente,bd6t550987753,,failed,0,0,,no_usable_pages,known,,,bd6t550987753: no usable pages in manifest.,2026-07-17T18:04:35.721592
lacharente,bd6t55098776h,,failed,0,0,,no_usable_pages,known,,,bd6t55098776h: no usable pages in manifest.,2026-07-17T18:04:35.892622
lacharente,bd6t55098777x,,failed,0,0,,no_usable_pages,known,,,bd6t55098777x: no usable pages in manifest.,2026-07-17T18:04:36.055441
lacharente,bd6t55098778b,,failed,0,0,,no_usable_pages,known,,,bd6t55098778b: no usable pages in manifest.,2026-07-17T18:04:36.267208
lacharente,bd6t55098779r,,failed,0,0,,no_usable_pages,known,,,bd6t55098779r: no usable pages in manifest.,2026-07-17T18:04:36.404011
lacharente,bd6t55098780d,,failed,0,0,,no_usable_pages,known,,,bd6t55098780d: no usable pages in manifest.,2026-07-17T18:04:36.557068
lacharente,bd6t55098781t,,failed,0,0,,no_usable_pages,known,,,bd6t55098781t: no usable pages in manifest.,2026-07-17T18:04:36.706156
lacharente,bd6t550987827,,failed,0,0,,no_usable_pages,known,,,bd6t550987827: no usable pages in manifest.,2026-07-17T18:04:36.868062
lacharente,bd6t55098783n,,failed,0,0,,no_usable_pages,known,,,bd6t55098783n: no usable pages in manifest.,2026-07-17T18:04:37.010105
lacharente,bd6t550987842,,failed,0,0,,no_usable_pages,known,,,bd6t550987842: no usable pages in manifest.,2026-07-17T18:04:37.206282
lacharente,bd6t55098785g,,failed,0,0,,no_usable_pages,known,,,bd6t55098785g: no usable pages in manifest.,2026-07-17T18:04:37.466737
lacharente,bd6t55098786w,,failed,0,0,,no_usable_pages,known,,,bd6t55098786w: no usable pages in manifest.,2026-07-17T18:04:37.601612
lacharente,bd6t550987879,,failed,0,0,,no_usable_pages,known,,,bd6t550987879: no usable pages in manifest.,2026-07-17T18:04:37.766127
lacharente,bd6t55098788q,,failed,0,0,,no_usable_pages,known,,,bd6t55098788q: no usable pages in manifest.,2026-07-17T18:04:37.914176
lacharente,bd6t550987894,,failed,0,0,,no_usable_pages,known,,,bd6t550987894: no usable pages in manifest.,2026-07-17T18:04:38.015120
lacharente,bd6t55098790s,,failed,0,0,,no_usable_pages,known,,,bd6t55098790s: no usable pages in manifest.,2026-07-17T18:04:38.228363
lacharente,bd6t550987916,,failed,0,0,,no_usable_pages,known,,,bd6t550987916: no usable pages in manifest.,2026-07-17T18:04:38.373428
lacharente,bd6t55098792m,,failed,0,0,,no_usable_pages,known,,,bd6t55098792m: no usable pages in manifest.,2026-07-17T18:04:38.543216
lacharente,bd6t550987931,,failed,0,0,,no_usable_pages,known,,,bd6t550987931: no usable pages in manifest.,2026-07-17T18:04:38.661200
lacharente,bd6t55098794f,,failed,0,0,,no_usable_pages,known,,,bd6t55098794f: no usable pages in manifest.,2026-07-17T18:04:38.823490
lacharente,bd6t55098795v,,failed,0,0,,no_usable_pages,known,,,bd6t55098795v: no usable pages in manifest.,2026-07-17T18:04:38.968560
lacharente,bd6t550987968,,failed,0,0,,no_usable_pages,known,,,bd6t550987968: no usable pages in manifest.,2026-07-17T18:04:39.167937
lacharente,bd6t55098797p,,failed,0,0,,no_usable_pages,known,,,bd6t55098797p: no usable pages in manifest.,2026-07-17T18:04:39.369522
lacharente,bd6t550987983,,failed,0,0,,no_usable_pages,known,,,bd6t550987983: no usable pages in manifest.,2026-07-17T18:04:39.569076
lacharente,bd6t55098799h,,failed,0,0,,no_usable_pages,known,,,bd6t55098799h: no usable pages in manifest.,2026-07-17T18:04:39.713294
lacharente,bd6t55098800q,,failed,0,0,,no_usable_pages,known,,,bd6t55098800q: no usable pages in manifest.,2026-07-17T18:04:39.868280
lacharente,bd6t550988014,,failed,0,0,,no_usable_pages,known,,,bd6t550988014: no usable pages in manifest.,2026-07-17T18:04:40.063873
lacharente,bd6t55098802j,,failed,0,0,,no_usable_pages,known,,,bd6t55098802j: no usable pages in manifest.,2026-07-17T18:04:40.213441
lacharente,bd6t55098803z,,failed,0,0,,no_usable_pages,known,,,bd6t55098803z: no usable pages in manifest.,2026-07-17T18:04:40.450435
lacharente,bd6t55098804c,,failed,0,0,,no_usable_pages,known,,,bd6t55098804c: no usable pages in manifest.,2026-07-17T18:04:40.616303
lacharente,bd6t55098805s,,failed,0,0,,no_usable_pages,known,,,bd6t55098805s: no usable pages in manifest.,2026-07-17T18:04:40.768352
lacharente,bd6t550988066,,failed,0,0,,no_usable_pages,known,,,bd6t550988066: no usable pages in manifest.,2026-07-17T18:04:40.940623
lacharente,bd6t55098807m,,failed,0,0,,no_usable_pages,known,,,bd6t55098807m: no usable pages in manifest.,2026-07-17T18:04:41.058023
lacharente,bd6t550988081,,failed,0,0,,no_usable_pages,known,,,bd6t550988081: no usable pages in manifest.,2026-07-17T18:04:41.229061
lacharente,bd6t55098809f,,failed,0,0,,no_usable_pages,known,,,bd6t55098809f: no usable pages in manifest.,2026-07-17T18:04:41.444593
lacharente,bd6t550988103,,failed,0,0,,no_usable_pages,known,,,bd6t550988103: no usable pages in manifest.,2026-07-17T18:04:41.636814
lacharente,bd6t55098811h,,failed,0,0,,no_usable_pages,known,,,bd6t55098811h: no usable pages in manifest.,2026-07-17T18:04:41.783686
lacharente,bd6t55098812x,,failed,0,0,,no_usable_pages,known,,,bd6t55098812x: no usable pages in manifest.,2026-07-17T18:04:41.907365
lacharente,bd6t55098813b,,failed,0,0,,no_usable_pages,known,,,bd6t55098813b: no usable pages in manifest.,2026-07-17T18:04:42.080075
lacharente,bd6t55098814r,,failed,0,0,,no_usable_pages,known,,,bd6t55098814r: no usable pages in manifest.,2026-07-17T18:04:42.291927
lacharente,bd6t550988155,,failed,0,0,,no_usable_pages,known,,,bd6t550988155: no usable pages in manifest.,2026-07-17T18:04:42.392664
lacharente,bd6t55098816k,,failed,0,0,,no_usable_pages,known,,,bd6t55098816k: no usable pages in manifest.,2026-07-17T18:04:42.637708
lacharente,bd6t550988170,,failed,0,0,,no_usable_pages,known,,,bd6t550988170: no usable pages in manifest.,2026-07-17T18:04:42.753716
lacharente,bd6t55098818d,,failed,0,0,,no_usable_pages,known,,,bd6t55098818d: no usable pages in manifest.,2026-07-17T18:04:42.863983
lacharente,bd6t55098819t,,failed,0,0,,no_usable_pages,known,,,bd6t55098819t: no usable pages in manifest.,2026-07-17T18:04:43.008496
lacharente,bd6t55098820g,,failed,0,0,,no_usable_pages,known,,,bd6t55098820g: no usable pages in manifest.,2026-07-17T18:04:43.255222
lacharente,bd6t55098821w,,failed,0,0,,no_usable_pages,known,,,bd6t55098821w: no usable pages in manifest.,2026-07-17T18:04:43.422469
lacharente,bd6t550988229,,failed,0,0,,no_usable_pages,known,,,bd6t550988229: no usable pages in manifest.,2026-07-17T18:04:43.662132
lacharente,bd6t550988244,,failed,0,0,,no_usable_pages,known,,,bd6t550988244: no usable pages in manifest.,2026-07-17T18:04:43.834446
lacharente,bd6t55098825j,,failed,0,0,,no_usable_pages,known,,,bd6t55098825j: no usable pages in manifest.,2026-07-17T18:04:43.966993
lacharente,bd6t55098826z,,failed,0,0,,no_usable_pages,known,,,bd6t55098826z: no usable pages in manifest.,2026-07-17T18:04:44.113327
lacharente,bd6t55098827c,,failed,0,0,,no_usable_pages,known,,,bd6t55098827c: no usable pages in manifest.,2026-07-17T18:04:44.292525
lacharente,bd6t55098828s,,failed,0,0,,no_usable_pages,known,,,bd6t55098828s: no usable pages in manifest.,2026-07-17T18:04:44.413336
lacharente,bd6t550988296,,failed,0,0,,no_usable_pages,known,,,bd6t550988296: no usable pages in manifest.,2026-07-17T18:04:44.549380
lacharente,bd6t55098830v,,failed,0,0,,no_usable_pages,known,,,bd6t55098830v: no usable pages in manifest.,2026-07-17T18:04:44.787046
lacharente,bd6t550988318,,failed,0,0,,no_usable_pages,known,,,bd6t550988318: no usable pages in manifest.,2026-07-17T18:04:44.980277
lacharente,bd6t55098832p,,failed,0,0,,no_usable_pages,known,,,bd6t55098832p: no usable pages in manifest.,2026-07-17T18:04:45.144948
lacharente,bd6t550988333,,failed,0,0,,no_usable_pages,known,,,bd6t550988333: no usable pages in manifest.,2026-07-17T18:04:45.312107
lacharente,bd6t55098834h,,failed,0,0,,no_usable_pages,known,,,bd6t55098834h: no usable pages in manifest.,2026-07-17T18:04:45.447382
lacharente,bd6t55098835x,,failed,0,0,,no_usable_pages,known,,,bd6t55098835x: no usable pages in manifest.,2026-07-17T18:04:45.582492
lacharente,bd6t55098836b,,failed,0,0,,no_usable_pages,known,,,bd6t55098836b: no usable pages in manifest.,2026-07-17T18:04:45.800440
lacharente,bd6t55098837r,,failed,0,0,,no_usable_pages,known,,,bd6t55098837r: no usable pages in manifest.,2026-07-17T18:04:46.009586
lacharente,bd6t550988385,,failed,0,0,,no_usable_pages,known,,,bd6t550988385: no usable pages in manifest.,2026-07-17T18:04:46.173511
lacharente,bd6t55098839k,,failed,0,0,,no_usable_pages,known,,,bd6t55098839k: no usable pages in manifest.,2026-07-17T18:04:46.300012
lacharente,bd6t550988407,,failed,0,0,,no_usable_pages,known,,,bd6t550988407: no usable pages in manifest.,2026-07-17T18:04:46.456964
lacharente,bd6t55098841n,,failed,0,0,,no_usable_pages,known,,,bd6t55098841n: no usable pages in manifest.,2026-07-17T18:04:46.622397
lacharente,bd6t550988422,,failed,0,0,,no_usable_pages,known,,,bd6t550988422: no usable pages in manifest.,2026-07-17T18:04:46.942831
lacharente,bd6t55098843g,,failed,0,0,,no_usable_pages,known,,,bd6t55098843g: no usable pages in manifest.,2026-07-17T18:04:47.206593
lacharente,bd6t55098844w,,failed,0,0,,no_usable_pages,known,,,bd6t55098844w: no usable pages in manifest.,2026-07-17T18:04:47.392814
lacharente,bd6t550988459,,failed,0,0,,no_usable_pages,known,,,bd6t550988459: no usable pages in manifest.,2026-07-17T18:04:47.580941
lacharente,bd6t55098846q,,failed,0,0,,no_usable_pages,known,,,bd6t55098846q: no usable pages in manifest.,2026-07-17T18:04:47.770219
lacharente,bd6t550988474,,failed,0,0,,no_usable_pages,known,,,bd6t550988474: no usable pages in manifest.,2026-07-17T18:04:47.989802
lacharente,bd6t55098848j,,failed,0,0,,no_usable_pages,known,,,bd6t55098848j: no usable pages in manifest.,2026-07-17T18:04:48.261748
lacharente,bd6t55098849z,,failed,0,0,,no_usable_pages,known,,,bd6t55098849z: no usable pages in manifest.,2026-07-17T18:04:48.417158
lacharente,bd6t55098850m,,failed,0,0,,no_usable_pages,known,,,bd6t55098850m: no usable pages in manifest.,2026-07-17T18:04:48.608328
lacharente,bd6t550988511,,failed,0,0,,no_usable_pages,known,,,bd6t550988511: no usable pages in manifest.,2026-07-17T18:04:48.783683
lacharente,bd6t55098852f,,failed,0,0,,no_usable_pages,known,,,bd6t55098852f: no usable pages in manifest.,2026-07-17T18:04:48.968452
lacharente,bd6t550988548,,failed,0,0,,no_usable_pages,known,,,bd6t550988548: no usable pages in manifest.,2026-07-17T18:04:49.117022
lacharente,bd6t55098853v,,failed,0,0,,no_usable_pages,known,,,bd6t55098853v: no usable pages in manifest.,2026-07-17T18:04:49.326713
lacharente,bd6t55098855p,,failed,0,0,,no_usable_pages,known,,,bd6t55098855p: no usable pages in manifest.,2026-07-17T18:04:49.533371
lacharente,bd6t550988563,,failed,0,0,,no_usable_pages,known,,,bd6t550988563: no usable pages in manifest.,2026-07-17T18:04:49.708493
lacharente,bd6t55098857h,,failed,0,0,,no_usable_pages,known,,,bd6t55098857h: no usable pages in manifest.,2026-07-17T18:04:49.861974
lacharente,bd6t55098858x,,failed,0,0,,no_usable_pages,known,,,bd6t55098858x: no usable pages in manifest.,2026-07-17T18:04:50.079724
lacharente,bd6t55098859b,,failed,0,0,,no_usable_pages,known,,,bd6t55098859b: no usable pages in manifest.,2026-07-17T18:04:50.250485
lacharente,bd6t550988600,,failed,0,0,,no_usable_pages,known,,,bd6t550988600: no usable pages in manifest.,2026-07-17T18:04:50.451494
lacharente,bd6t55098861d,,failed,0,0,,no_usable_pages,known,,,bd6t55098861d: no usable pages in manifest.,2026-07-17T18:04:50.606998
lacharente,bd6t55098862t,,failed,0,0,,no_usable_pages,known,,,bd6t55098862t: no usable pages in manifest.,2026-07-17T18:04:50.803459
lacharente,bd6t550988637,,failed,0,0,,no_usable_pages,known,,,bd6t550988637: no usable pages in manifest.,2026-07-17T18:04:50.958090
lacharente,bd6t55098864n,,failed,0,0,,no_usable_pages,known,,,bd6t55098864n: no usable pages in manifest.,2026-07-17T18:04:51.141295
lacharente,bd6t550988652,,failed,0,0,,no_usable_pages,known,,,bd6t550988652: no usable pages in manifest.,2026-07-17T18:04:51.353047
lacharente,bd6t55098866g,,failed,0,0,,no_usable_pages,known,,,bd6t55098866g: no usable pages in manifest.,2026-07-17T18:04:51.534319
lacharente,bd6t55098867w,,failed,0,0,,no_usable_pages,known,,,bd6t55098867w: no usable pages in manifest.,2026-07-17T18:04:51.684094
lacharente,bd6t550988689,,failed,0,0,,no_usable_pages,known,,,bd6t550988689: no usable pages in manifest.,2026-07-17T18:04:51.842454
lacharente,bd6t55098869q,,failed,0,0,,no_usable_pages,known,,,bd6t55098869q: no usable pages in manifest.,2026-07-17T18:04:51.989239
lacharente,bd6t55098870c,,failed,0,0,,no_usable_pages,known,,,bd6t55098870c: no usable pages in manifest.,2026-07-17T18:04:52.117230
lacharente,bd6t55098871s,,failed,0,0,,no_usable_pages,known,,,bd6t55098871s: no usable pages in manifest.,2026-07-17T18:04:52.298370
lacharente,bd6t550988726,,failed,0,0,,no_usable_pages,known,,,bd6t550988726: no usable pages in manifest.,2026-07-17T18:04:52.590002
lacharente,bd6t55098873m,,failed,0,0,,no_usable_pages,known,,,bd6t55098873m: no usable pages in manifest.,2026-07-17T18:04:52.713464
lacharente,bd6t550988741,,failed,0,0,,no_usable_pages,known,,,bd6t550988741: no usable pages in manifest.,2026-07-17T18:04:52.844308
lacharente,bd6t55098875f,,failed,0,0,,no_usable_pages,known,,,bd6t55098875f: no usable pages in manifest.,2026-07-17T18:04:53.005907
lacharente,bd6t55098876v,,failed,0,0,,no_usable_pages,known,,,bd6t55098876v: no usable pages in manifest.,2026-07-17T18:04:53.142309
lacharente,bd6t55098878p,,failed,0,0,,no_usable_pages,known,,,bd6t55098878p: no usable pages in manifest.,2026-07-17T18:04:53.287461
lacharente,bd6t550988793,,failed,0,0,,no_usable_pages,known,,,bd6t550988793: no usable pages in manifest.,2026-07-17T18:04:53.574462
lacharente,bd6t55098880r,,failed,0,0,,no_usable_pages,known,,,bd6t55098880r: no usable pages in manifest.,2026-07-17T18:04:53.792884
lacharente,bd6t550988778,,failed,0,0,,no_usable_pages,known,,,bd6t550988778: no usable pages in manifest.,2026-07-17T18:04:53.966565
lacharente,bd6t550988815,,failed,0,0,,no_usable_pages,known,,,bd6t550988815: no usable pages in manifest.,2026-07-17T18:04:54.146852
lacharente,bd6t55098882k,,failed,0,0,,no_usable_pages,known,,,bd6t55098882k: no usable pages in manifest.,2026-07-17T18:04:54.276904
lacharente,bd6t550988830,,failed,0,0,,no_usable_pages,known,,,bd6t550988830: no usable pages in manifest.,2026-07-17T18:04:54.487572
lacharente,bd6t55098884d,,failed,0,0,,no_usable_pages,known,,,bd6t55098884d: no usable pages in manifest.,2026-07-17T18:04:54.839965
lacharente,bd6t55098885t,,failed,0,0,,no_usable_pages,known,,,bd6t55098885t: no usable pages in manifest.,2026-07-17T18:04:54.994585
lacharente,bd6t550988867,,failed,0,0,,no_usable_pages,known,,,bd6t550988867: no usable pages in manifest.,2026-07-17T18:04:55.116747
lacharente,bd6t55098887n,,failed,0,0,,no_usable_pages,known,,,bd6t55098887n: no usable pages in manifest.,2026-07-17T18:04:55.251272
lacharente,bd6t550988882,,failed,0,0,,no_usable_pages,known,,,bd6t550988882: no usable pages in manifest.,2026-07-17T18:04:55.380510
lacharente,bd6t55099198b,,failed,0,0,,no_usable_pages,known,,,bd6t55099198b: no usable pages in manifest.,2026-07-17T18:04:55.505066
lacharente,bd6t55098889g,,failed,0,0,,no_usable_pages,known,,,bd6t55098889g: no usable pages in manifest.,2026-07-17T18:04:56.091037
lacharente,bd6t550988904,,failed,0,0,,no_usable_pages,known,,,bd6t550988904: no usable pages in manifest.,2026-07-17T18:04:56.304046
lacharente,bd6t55098891j,,failed,0,0,,no_usable_pages,known,,,bd6t55098891j: no usable pages in manifest.,2026-07-17T18:04:56.480654
lacharente,bd6t55098892z,,failed,0,0,,no_usable_pages,known,,,bd6t55098892z: no usable pages in manifest.,2026-07-17T18:04:56.661988
lacharente,bd6t55098893c,,failed,0,0,,no_usable_pages,known,,,bd6t55098893c: no usable pages in manifest.,2026-07-17T18:04:56.804324
lacharente,bd6t55098894s,,failed,0,0,,no_usable_pages,known,,,bd6t55098894s: no usable pages in manifest.,2026-07-17T18:04:57.080588
lacharente,bd6t550988956,,failed,0,0,,no_usable_pages,known,,,bd6t550988956: no usable pages in manifest.,2026-07-17T18:04:57.249675
lacharente,bd6t55098896m,,failed,0,0,,no_usable_pages,known,,,bd6t55098896m: no usable pages in manifest.,2026-07-17T18:04:57.415522
lacharente,bd6t550988971,,failed,0,0,,no_usable_pages,known,,,bd6t550988971: no usable pages in manifest.,2026-07-17T18:04:57.618543
lacharente,bd6t55098898f,,failed,0,0,,no_usable_pages,known,,,bd6t55098898f: no usable pages in manifest.,2026-07-17T18:04:57.785585
lacharente,bd6t55098899v,,failed,0,0,,no_usable_pages,known,,,bd6t55098899v: no usable pages in manifest.,2026-07-17T18:04:58.047412
lacharente,bd6t550989002,,failed,0,0,,no_usable_pages,known,,,bd6t550989002: no usable pages in manifest.,2026-07-17T18:04:58.277048
lacharente,bd6t55098901g,,failed,0,0,,no_usable_pages,known,,,bd6t55098901g: no usable pages in manifest.,2026-07-17T18:04:58.470892
lacharente,bd6t55098902w,,failed,0,0,,no_usable_pages,known,,,bd6t55098902w: no usable pages in manifest.,2026-07-17T18:04:58.631952
lacharente,bd6t550989039,,failed,0,0,,no_usable_pages,known,,,bd6t550989039: no usable pages in manifest.,2026-07-17T18:04:58.802543
lacharente,bd6t55098904q,,failed,0,0,,no_usable_pages,known,,,bd6t55098904q: no usable pages in manifest.,2026-07-17T18:04:59.066564
lacharente,bd6t550989054,,failed,0,0,,no_usable_pages,known,,,bd6t550989054: no usable pages in manifest.,2026-07-17T18:04:59.439596
lacharente,bd6t55098906j,,failed,0,0,,no_usable_pages,known,,,bd6t55098906j: no usable pages in manifest.,2026-07-17T18:04:59.609914
lacharente,bd6t55098907z,,failed,0,0,,no_usable_pages,known,,,bd6t55098907z: no usable pages in manifest.,2026-07-17T18:04:59.787712
lacharente,bd6t55098908c,,failed,0,0,,no_usable_pages,known,,,bd6t55098908c: no usable pages in manifest.,2026-07-17T18:04:59.973590
lacharente,bd6t55098909s,,failed,0,0,,no_usable_pages,known,,,bd6t55098909s: no usable pages in manifest.,2026-07-17T18:05:00.254500
lacharente,bd6t55098910f,,failed,0,0,,no_usable_pages,known,,,bd6t55098910f: no usable pages in manifest.,2026-07-17T18:05:00.512729
lacharente,bd6t55098911v,,failed,0,0,,no_usable_pages,known,,,bd6t55098911v: no usable pages in manifest.,2026-07-17T18:05:00.668175
lacharente,bd6t550989128,,failed,0,0,,no_usable_pages,known,,,bd6t550989128: no usable pages in manifest.,2026-07-17T18:05:00.791033
lacharente,bd6t55098913p,,failed,0,0,,no_usable_pages,known,,,bd6t55098913p: no usable pages in manifest.,2026-07-17T18:05:00.980746
lacharente,bd6t550989143,,failed,0,0,,no_usable_pages,known,,,bd6t550989143: no usable pages in manifest.,2026-07-17T18:05:01.204459
lacharente,bd6t55098915h,,failed,0,0,,no_usable_pages,known,,,bd6t55098915h: no usable pages in manifest.,2026-07-17T18:05:01.323044
lacharente,bd6t55098916x,,failed,0,0,,no_usable_pages,known,,,bd6t55098916x: no usable pages in manifest.,2026-07-17T18:05:01.548329
lacharente,bd6t55098917b,,failed,0,0,,no_usable_pages,known,,,bd6t55098917b: no usable pages in manifest.,2026-07-17T18:05:01.683655
lacharente,bd6t55098918r,,failed,0,0,,no_usable_pages,known,,,bd6t55098918r: no usable pages in manifest.,2026-07-17T18:05:01.838483
lacharente,bd6t550989195,,failed,0,0,,no_usable_pages,known,,,bd6t550989195: no usable pages in manifest.,2026-07-17T18:05:02.032815
lacharente,bd6t55098920t,,failed,0,0,,no_usable_pages,known,,,bd6t55098920t: no usable pages in manifest.,2026-07-17T18:05:02.332675
lacharente,bd6t550989217,,failed,0,0,,no_usable_pages,known,,,bd6t550989217: no usable pages in manifest.,2026-07-17T18:05:02.637989
lacharente,bd6t55098922n,,failed,0,0,,no_usable_pages,known,,,bd6t55098922n: no usable pages in manifest.,2026-07-17T18:05:02.836446
lacharente,bd6t550989232,,failed,0,0,,no_usable_pages,known,,,bd6t550989232: no usable pages in manifest.,2026-07-17T18:05:02.995999
lacharente,bd6t55098924g,,failed,0,0,,no_usable_pages,known,,,bd6t55098924g: no usable pages in manifest.,2026-07-17T18:05:03.139764
lacharente,bd6t55098925w,,failed,0,0,,no_usable_pages,known,,,bd6t55098925w: no usable pages in manifest.,2026-07-17T18:05:03.388546
lacharente,bd6t550989269,,failed,0,0,,no_usable_pages,known,,,bd6t550989269: no usable pages in manifest.,2026-07-17T18:05:03.656556
lacharente,bd6t55098927q,,failed,0,0,,no_usable_pages,known,,,bd6t55098927q: no usable pages in manifest.,2026-07-17T18:05:03.848228
lacharente,bd6t550989284,,failed,0,0,,no_usable_pages,known,,,bd6t550989284: no usable pages in manifest.,2026-07-17T18:05:03.997955
lacharente,bd6t55098929j,,failed,0,0,,no_usable_pages,known,,,bd6t55098929j: no usable pages in manifest.,2026-07-17T18:05:04.246576
lacharente,bd6t550989306,,failed,0,0,,no_usable_pages,known,,,bd6t550989306: no usable pages in manifest.,2026-07-17T18:05:04.494980
lacharente,bd6t55098931m,,failed,0,0,,no_usable_pages,known,,,bd6t55098931m: no usable pages in manifest.,2026-07-17T18:05:04.767751
lacharente,bd6t550989321,,failed,0,0,,no_usable_pages,known,,,bd6t550989321: no usable pages in manifest.,2026-07-17T18:05:04.963931
lacharente,bd6t55098933f,,failed,0,0,,no_usable_pages,known,,,bd6t55098933f: no usable pages in manifest.,2026-07-17T18:05:05.165728
lacharente,bd6t55098934v,,failed,0,0,,no_usable_pages,known,,,bd6t55098934v: no usable pages in manifest.,2026-07-17T18:05:05.335547
lacharente,bd6t550989358,,failed,0,0,,no_usable_pages,known,,,bd6t550989358: no usable pages in manifest.,2026-07-17T18:05:05.619419
lacharente,bd6t55098936p,,failed,0,0,,no_usable_pages,known,,,bd6t55098936p: no usable pages in manifest.,2026-07-17T18:05:05.855249
lacharente,bd6t550989373,,failed,0,0,,no_usable_pages,known,,,bd6t550989373: no usable pages in manifest.,2026-07-17T18:05:06.046363
lacharente,bd6t55098938h,,failed,0,0,,no_usable_pages,known,,,bd6t55098938h: no usable pages in manifest.,2026-07-17T18:05:06.235602
lacharente,bd6t55098939x,,failed,0,0,,no_usable_pages,known,,,bd6t55098939x: no usable pages in manifest.,2026-07-17T18:05:06.402046
lacharente,bd6t55098940k,,failed,0,0,,no_usable_pages,known,,,bd6t55098940k: no usable pages in manifest.,2026-07-17T18:05:06.613029
lacharente,bd6t550989410,,failed,0,0,,no_usable_pages,known,,,bd6t550989410: no usable pages in manifest.,2026-07-17T18:05:06.887901
lacharente,bd6t55098942d,,failed,0,0,,no_usable_pages,known,,,bd6t55098942d: no usable pages in manifest.,2026-07-17T18:05:07.120452
lacharente,bd6t55098943t,,failed,0,0,,no_usable_pages,known,,,bd6t55098943t: no usable pages in manifest.,2026-07-17T18:05:07.306129
lacharente,bd6t550989447,,failed,0,0,,no_usable_pages,known,,,bd6t550989447: no usable pages in manifest.,2026-07-17T18:05:07.415814
lacharente,bd6t55098945n,,failed,0,0,,no_usable_pages,known,,,bd6t55098945n: no usable pages in manifest.,2026-07-17T18:05:07.570697
lacharente,bd6t550989462,,failed,0,0,,no_usable_pages,known,,,bd6t550989462: no usable pages in manifest.,2026-07-17T18:05:07.837400
lacharente,bd6t55098947g,,failed,0,0,,no_usable_pages,known,,,bd6t55098947g: no usable pages in manifest.,2026-07-17T18:05:08.026174
lacharente,bd6t55098948w,,failed,0,0,,no_usable_pages,known,,,bd6t55098948w: no usable pages in manifest.,2026-07-17T18:05:08.232109
lacharente,bd6t550989499,,failed,0,0,,no_usable_pages,known,,,bd6t550989499: no usable pages in manifest.,2026-07-17T18:05:08.470132
lacharente,bd6t55098950z,,failed,0,0,,no_usable_pages,known,,,bd6t55098950z: no usable pages in manifest.,2026-07-17T18:05:08.623279
lacharente,bd6t55098951c,,failed,0,0,,no_usable_pages,known,,,bd6t55098951c: no usable pages in manifest.,2026-07-17T18:05:09.599567
lacharente,bd6t55098952s,,failed,0,0,,no_usable_pages,known,,,bd6t55098952s: no usable pages in manifest.,2026-07-17T18:05:10.009553
lacharente,bd6t550989536,,failed,0,0,,no_usable_pages,known,,,bd6t550989536: no usable pages in manifest.,2026-07-17T18:05:10.211971
lacharente,bd6t55098954m,,failed,0,0,,no_usable_pages,known,,,bd6t55098954m: no usable pages in manifest.,2026-07-17T18:05:10.388295
lacharente,bd6t550989551,,failed,0,0,,no_usable_pages,known,,,bd6t550989551: no usable pages in manifest.,2026-07-17T18:05:10.574509
lacharente,bd6t55098956f,,failed,0,0,,no_usable_pages,known,,,bd6t55098956f: no usable pages in manifest.,2026-07-17T18:05:10.743475
lacharente,bd6t55098957v,,failed,0,0,,no_usable_pages,known,,,bd6t55098957v: no usable pages in manifest.,2026-07-17T18:05:11.017868
lacharente,bd6t550989588,,failed,0,0,,no_usable_pages,known,,,bd6t550989588: no usable pages in manifest.,2026-07-17T18:05:11.204459
lacharente,bd6t55098959p,,failed,0,0,,no_usable_pages,known,,,bd6t55098959p: no usable pages in manifest.,2026-07-17T18:05:11.366828
lacharente,bd6t55098960b,,failed,0,0,,no_usable_pages,known,,,bd6t55098960b: no usable pages in manifest.,2026-07-17T18:05:11.508282
lacharente,bd6t55098961r,,failed,0,0,,no_usable_pages,known,,,bd6t55098961r: no usable pages in manifest.,2026-07-17T18:05:11.688013
lacharente,bd6t550989625,,failed,0,0,,no_usable_pages,known,,,bd6t550989625: no usable pages in manifest.,2026-07-17T18:05:11.843370
lacharente,bd6t55098963k,,failed,0,0,,no_usable_pages,known,,,bd6t55098963k: no usable pages in manifest.,2026-07-17T18:05:12.365571
lacharente,bd6t550989640,,failed,0,0,,no_usable_pages,known,,,bd6t550989640: no usable pages in manifest.,2026-07-17T18:05:12.555170
lacharente,bd6t55098965d,,failed,0,0,,no_usable_pages,known,,,bd6t55098965d: no usable pages in manifest.,2026-07-17T18:05:12.697932
lacharente,bd6t55098966t,,failed,0,0,,no_usable_pages,known,,,bd6t55098966t: no usable pages in manifest.,2026-07-17T18:05:12.874328
lacharente,bd6t550989677,,failed,0,0,,no_usable_pages,known,,,bd6t550989677: no usable pages in manifest.,2026-07-17T18:05:13.049157
lacharente,bd6t55098968n,,failed,0,0,,no_usable_pages,known,,,bd6t55098968n: no usable pages in manifest.,2026-07-17T18:05:13.311008
lacharente,bd6t550989692,,failed,0,0,,no_usable_pages,known,,,bd6t550989692: no usable pages in manifest.,2026-07-17T18:05:13.487801
lacharente,bd6t55098970q,,failed,0,0,,no_usable_pages,known,,,bd6t55098970q: no usable pages in manifest.,2026-07-17T18:05:13.672112
lacharente,bd6t550989714,,failed,0,0,,no_usable_pages,known,,,bd6t550989714: no usable pages in manifest.,2026-07-17T18:05:13.850614
lacharente,bd6t55098972j,,failed,0,0,,no_usable_pages,known,,,bd6t55098972j: no usable pages in manifest.,2026-07-17T18:05:14.041243
lacharente,bd6t55098973z,,failed,0,0,,no_usable_pages,known,,,bd6t55098973z: no usable pages in manifest.,2026-07-17T18:05:14.271210
lacharente,bd6t55098974c,,failed,0,0,,no_usable_pages,known,,,bd6t55098974c: no usable pages in manifest.,2026-07-17T18:05:14.487638
lacharente,bd6t55098975s,,failed,0,0,,no_usable_pages,known,,,bd6t55098975s: no usable pages in manifest.,2026-07-17T18:05:14.679540
lacharente,bd6t550989766,,failed,0,0,,no_usable_pages,known,,,bd6t550989766: no usable pages in manifest.,2026-07-17T18:05:14.836161
lacharente,bd6t55098977m,,failed,0,0,,no_usable_pages,known,,,bd6t55098977m: no usable pages in manifest.,2026-07-17T18:05:15.047555
lacharente,bd6t550989781,,failed,0,0,,no_usable_pages,known,,,bd6t550989781: no usable pages in manifest.,2026-07-17T18:05:15.257154
lacharente,bd6t55098979f,,failed,0,0,,no_usable_pages,known,,,bd6t55098979f: no usable pages in manifest.,2026-07-17T18:05:15.627344
lacharente,bd6t550989803,,failed,0,0,,no_usable_pages,known,,,bd6t550989803: no usable pages in manifest.,2026-07-17T18:05:15.874053
lacharente,bd6t55098981h,,failed,0,0,,no_usable_pages,known,,,bd6t55098981h: no usable pages in manifest.,2026-07-17T18:05:16.091121
lacharente,bd6t55098982x,,failed,0,0,,no_usable_pages,known,,,bd6t55098982x: no usable pages in manifest.,2026-07-17T18:05:16.282459
lacharente,bd6t55098983b,,failed,0,0,,no_usable_pages,known,,,bd6t55098983b: no usable pages in manifest.,2026-07-17T18:05:16.581139
lacharente,bd6t55098984r,,failed,0,0,,no_usable_pages,known,,,bd6t55098984r: no usable pages in manifest.,2026-07-17T18:05:16.911354
lacharente,bd6t550989855,,failed,0,0,,no_usable_pages,known,,,bd6t550989855: no usable pages in manifest.,2026-07-17T18:05:17.096323
lacharente,bd6t55098986k,,failed,0,0,,no_usable_pages,known,,,bd6t55098986k: no usable pages in manifest.,2026-07-17T18:05:17.271444
lacharente,bd6t550989870,,failed,0,0,,no_usable_pages,known,,,bd6t550989870: no usable pages in manifest.,2026-07-17T18:05:17.443118
lacharente,bd6t55098988d,,failed,0,0,,no_usable_pages,known,,,bd6t55098988d: no usable pages in manifest.,2026-07-17T18:05:17.709815
lacharente,bd6t55098989t,,failed,0,0,,no_usable_pages,known,,,bd6t55098989t: no usable pages in manifest.,2026-07-17T18:05:17.906637
lacharente,bd6t55098990g,,failed,0,0,,no_usable_pages,known,,,bd6t55098990g: no usable pages in manifest.,2026-07-17T18:05:18.050820
lacharente,bd6t55098991w,,failed,0,0,,no_usable_pages,known,,,bd6t55098991w: no usable pages in manifest.,2026-07-17T18:05:18.220848
lacharente,bd6t550989929,,failed,0,0,,no_usable_pages,known,,,bd6t550989929: no usable pages in manifest.,2026-07-17T18:05:18.406920
lacharente,bd6t55098993q,,failed,0,0,,no_usable_pages,known,,,bd6t55098993q: no usable pages in manifest.,2026-07-17T18:05:18.755212
lacharente,bd6t550989944,,failed,0,0,,no_usable_pages,known,,,bd6t550989944: no usable pages in manifest.,2026-07-17T18:05:18.987637
lacharente,bd6t55098995j,,failed,0,0,,no_usable_pages,known,,,bd6t55098995j: no usable pages in manifest.,2026-07-17T18:05:19.161650
lacharente,bd6t55098996z,,failed,0,0,,no_usable_pages,known,,,bd6t55098996z: no usable pages in manifest.,2026-07-17T18:05:19.315491
lacharente,bd6t55098997c,,failed,0,0,,no_usable_pages,known,,,bd6t55098997c: no usable pages in manifest.,2026-07-17T18:05:19.488512
lacharente,bd6t55098998s,,failed,0,0,,no_usable_pages,known,,,bd6t55098998s: no usable pages in manifest.,2026-07-17T18:05:19.642365
lacharente,bd6t550989996,,failed,0,0,,no_usable_pages,known,,,bd6t550989996: no usable pages in manifest.,2026-07-17T18:05:19.928693
lacharente,bd6t550990008,,failed,0,0,,no_usable_pages,known,,,bd6t550990008: no usable pages in manifest.,2026-07-17T18:05:20.139336
lacharente,bd6t55099001p,,failed,0,0,,no_usable_pages,known,,,bd6t55099001p: no usable pages in manifest.,2026-07-17T18:05:20.290007
lacharente,bd6t550990023,,failed,0,0,,no_usable_pages,known,,,bd6t550990023: no usable pages in manifest.,2026-07-17T18:05:20.465726
lacharente,bd6t55099003h,,failed,0,0,,no_usable_pages,known,,,bd6t55099003h: no usable pages in manifest.,2026-07-17T18:05:20.621142
lacharente,bd6t55099004x,,failed,0,0,,no_usable_pages,known,,,bd6t55099004x: no usable pages in manifest.,2026-07-17T18:05:20.781491
lacharente,bd6t55099005b,,failed,0,0,,no_usable_pages,known,,,bd6t55099005b: no usable pages in manifest.,2026-07-17T18:05:20.985596
lacharente,bd6t55099006r,,failed,0,0,,no_usable_pages,known,,,bd6t55099006r: no usable pages in manifest.,2026-07-17T18:05:21.185303
lacharente,bd6t550990075,,failed,0,0,,no_usable_pages,known,,,bd6t550990075: no usable pages in manifest.,2026-07-17T18:05:21.417096
lacharente,bd6t55099008k,,failed,0,0,,no_usable_pages,known,,,bd6t55099008k: no usable pages in manifest.,2026-07-17T18:05:21.628960
lacharente,bd6t550990090,,failed,0,0,,no_usable_pages,known,,,bd6t550990090: no usable pages in manifest.,2026-07-17T18:05:21.774000
lacharente,bd6t55099010n,,failed,0,0,,no_usable_pages,known,,,bd6t55099010n: no usable pages in manifest.,2026-07-17T18:05:21.929035
lacharente,bd6t550990112,,failed,0,0,,no_usable_pages,known,,,bd6t550990112: no usable pages in manifest.,2026-07-17T18:05:22.295608
lacharente,bd6t55099012g,,failed,0,0,,no_usable_pages,known,,,bd6t55099012g: no usable pages in manifest.,2026-07-17T18:05:22.500020
lacharente,bd6t55099013w,,failed,0,0,,no_usable_pages,known,,,bd6t55099013w: no usable pages in manifest.,2026-07-17T18:05:22.697929
lacharente,bd6t550990149,,failed,0,0,,no_usable_pages,known,,,bd6t550990149: no usable pages in manifest.,2026-07-17T18:05:22.924417
lacharente,bd6t55099015q,,failed,0,0,,no_usable_pages,known,,,bd6t55099015q: no usable pages in manifest.,2026-07-17T18:05:23.097635
lacharente,bd6t550990164,,failed,0,0,,no_usable_pages,known,,,bd6t550990164: no usable pages in manifest.,2026-07-17T18:05:23.379804
lacharente,bd6t55099017j,,failed,0,0,,no_usable_pages,known,,,bd6t55099017j: no usable pages in manifest.,2026-07-17T18:05:23.617989
lacharente,bd6t55099018z,,failed,0,0,,no_usable_pages,known,,,bd6t55099018z: no usable pages in manifest.,2026-07-17T18:05:23.806731
lacharente,bd6t55099019c,,failed,0,0,,no_usable_pages,known,,,bd6t55099019c: no usable pages in manifest.,2026-07-17T18:05:24.025270
lacharente,bd6t550990201,,failed,0,0,,no_usable_pages,known,,,bd6t550990201: no usable pages in manifest.,2026-07-17T18:05:24.165238
lacharente,bd6t55099021f,,failed,0,0,,no_usable_pages,known,,,bd6t55099021f: no usable pages in manifest.,2026-07-17T18:05:24.400425
lacharente,bd6t55099022v,,failed,0,0,,no_usable_pages,known,,,bd6t55099022v: no usable pages in manifest.,2026-07-17T18:05:24.600479
lacharente,bd6t550990238,,failed,0,0,,no_usable_pages,known,,,bd6t550990238: no usable pages in manifest.,2026-07-17T18:05:24.765035
lacharente,bd6t55099024p,,failed,0,0,,no_usable_pages,known,,,bd6t55099024p: no usable pages in manifest.,2026-07-17T18:05:24.943845
lacharente,bd6t550990253,,failed,0,0,,no_usable_pages,known,,,bd6t550990253: no usable pages in manifest.,2026-07-17T18:05:25.104569
lacharente,bd6t55099026h,,failed,0,0,,no_usable_pages,known,,,bd6t55099026h: no usable pages in manifest.,2026-07-17T18:05:25.261008
lacharente,bd6t55099027x,,failed,0,0,,no_usable_pages,known,,,bd6t55099027x: no usable pages in manifest.,2026-07-17T18:05:25.493459
lacharente,bd6t55099028b,,failed,0,0,,no_usable_pages,known,,,bd6t55099028b: no usable pages in manifest.,2026-07-17T18:05:25.721752
lacharente,bd6t55099029r,,failed,0,0,,no_usable_pages,known,,,bd6t55099029r: no usable pages in manifest.,2026-07-17T18:05:25.822441
lacharente,bd6t55099030d,,failed,0,0,,no_usable_pages,known,,,bd6t55099030d: no usable pages in manifest.,2026-07-17T18:05:25.984254
lacharente,bd6t55099031t,,failed,0,0,,no_usable_pages,known,,,bd6t55099031t: no usable pages in manifest.,2026-07-17T18:05:26.139153
lacharente,bd6t550990327,,failed,0,0,,no_usable_pages,known,,,bd6t550990327: no usable pages in manifest.,2026-07-17T18:05:26.340402
lacharente,bd6t55099033n,,failed,0,0,,no_usable_pages,known,,,bd6t55099033n: no usable pages in manifest.,2026-07-17T18:05:26.561946
lacharente,bd6t550990342,,failed,0,0,,no_usable_pages,known,,,bd6t550990342: no usable pages in manifest.,2026-07-17T18:05:26.740215
lacharente,bd6t55099035g,,failed,0,0,,no_usable_pages,known,,,bd6t55099035g: no usable pages in manifest.,2026-07-17T18:05:26.903861
lacharente,bd6t55099036w,,failed,0,0,,no_usable_pages,known,,,bd6t55099036w: no usable pages in manifest.,2026-07-17T18:05:27.111519
lacharente,bd6t550990379,,failed,0,0,,no_usable_pages,known,,,bd6t550990379: no usable pages in manifest.,2026-07-17T18:05:27.291190
lacharente,bd6t55099038q,,failed,0,0,,no_usable_pages,known,,,bd6t55099038q: no usable pages in manifest.,2026-07-17T18:05:27.550603
lacharente,bd6t550990394,,failed,0,0,,no_usable_pages,known,,,bd6t550990394: no usable pages in manifest.,2026-07-17T18:05:27.691180
lacharente,bd6t55099040s,,failed,0,0,,no_usable_pages,known,,,bd6t55099040s: no usable pages in manifest.,2026-07-17T18:05:27.916315
lacharente,bd6t550990416,,failed,0,0,,no_usable_pages,known,,,bd6t550990416: no usable pages in manifest.,2026-07-17T18:05:28.078193
lacharente,bd6t55099042m,,failed,0,0,,no_usable_pages,known,,,bd6t55099042m: no usable pages in manifest.,2026-07-17T18:05:28.210744
lacharente,bd6t550990431,,failed,0,0,,no_usable_pages,known,,,bd6t550990431: no usable pages in manifest.,2026-07-17T18:05:28.438275
lacharente,bd6t55099044f,,failed,0,0,,no_usable_pages,known,,,bd6t55099044f: no usable pages in manifest.,2026-07-17T18:05:28.725424
lacharente,bd6t55099045v,,failed,0,0,,no_usable_pages,known,,,bd6t55099045v: no usable pages in manifest.,2026-07-17T18:05:28.926535
lacharente,bd6t550990468,,failed,0,0,,no_usable_pages,known,,,bd6t550990468: no usable pages in manifest.,2026-07-17T18:05:29.157200
lacharente,bd6t55099047p,,failed,0,0,,no_usable_pages,known,,,bd6t55099047p: no usable pages in manifest.,2026-07-17T18:05:29.344271
lacharente,bd6t550990483,,failed,0,0,,no_usable_pages,known,,,bd6t550990483: no usable pages in manifest.,2026-07-17T18:05:29.547984
lacharente,bd6t55099049h,,failed,0,0,,no_usable_pages,known,,,bd6t55099049h: no usable pages in manifest.,2026-07-17T18:05:29.878511
lacharente,bd6t550990505,,failed,0,0,,no_usable_pages,known,,,bd6t550990505: no usable pages in manifest.,2026-07-17T18:05:30.127555
lacharente,bd6t55099051k,,failed,0,0,,no_usable_pages,known,,,bd6t55099051k: no usable pages in manifest.,2026-07-17T18:05:30.316134
lacharente,bd6t550990520,,failed,0,0,,no_usable_pages,known,,,bd6t550990520: no usable pages in manifest.,2026-07-17T18:05:30.528982
lacharente,bd6t55099053d,,failed,0,0,,no_usable_pages,known,,,bd6t55099053d: no usable pages in manifest.,2026-07-17T18:05:30.706455
lacharente,bd6t55099054t,,failed,0,0,,no_usable_pages,known,,,bd6t55099054t: no usable pages in manifest.,2026-07-17T18:05:30.928565
lacharente,bd6t550990557,,failed,0,0,,no_usable_pages,known,,,bd6t550990557: no usable pages in manifest.,2026-07-17T18:05:31.132985
lacharente,bd6t55099056n,,failed,0,0,,no_usable_pages,known,,,bd6t55099056n: no usable pages in manifest.,2026-07-17T18:05:31.354158
lacharente,bd6t550990572,,failed,0,0,,no_usable_pages,known,,,bd6t550990572: no usable pages in manifest.,2026-07-17T18:05:31.562501
lacharente,bd6t55099058g,,failed,0,0,,no_usable_pages,known,,,bd6t55099058g: no usable pages in manifest.,2026-07-17T18:05:31.751262
lacharente,bd6t55099059w,,failed,0,0,,no_usable_pages,known,,,bd6t55099059w: no usable pages in manifest.,2026-07-17T18:05:32.075895
lacharente,bd6t55099060j,,failed,0,0,,no_usable_pages,known,,,bd6t55099060j: no usable pages in manifest.,2026-07-17T18:05:32.365622
lacharente,bd6t55099061z,,failed,0,0,,no_usable_pages,known,,,bd6t55099061z: no usable pages in manifest.,2026-07-17T18:05:32.546352
lacharente,bd6t55099062c,,failed,0,0,,no_usable_pages,known,,,bd6t55099062c: no usable pages in manifest.,2026-07-17T18:05:32.738645
lacharente,bd6t55099063s,,failed,0,0,,no_usable_pages,known,,,bd6t55099063s: no usable pages in manifest.,2026-07-17T18:05:32.897150
lacharente,bd6t550990646,,failed,0,0,,no_usable_pages,known,,,bd6t550990646: no usable pages in manifest.,2026-07-17T18:05:33.160408
lacharente,bd6t55099065m,,failed,0,0,,no_usable_pages,known,,,bd6t55099065m: no usable pages in manifest.,2026-07-17T18:05:33.429333
lacharente,bd6t550990661,,failed,0,0,,no_usable_pages,known,,,bd6t550990661: no usable pages in manifest.,2026-07-17T18:05:33.549804
lacharente,bd6t55099067f,,failed,0,0,,no_usable_pages,known,,,bd6t55099067f: no usable pages in manifest.,2026-07-17T18:05:33.811873
lacharente,bd6t55099068v,,failed,0,0,,no_usable_pages,known,,,bd6t55099068v: no usable pages in manifest.,2026-07-17T18:05:34.037520
lacharente,bd6t550990698,,failed,0,0,,no_usable_pages,known,,,bd6t550990698: no usable pages in manifest.,2026-07-17T18:05:34.268323
lacharente,bd6t55099070x,,failed,0,0,,no_usable_pages,known,,,bd6t55099070x: no usable pages in manifest.,2026-07-17T18:05:34.435746
lacharente,bd6t55099071b,,failed,0,0,,no_usable_pages,known,,,bd6t55099071b: no usable pages in manifest.,2026-07-17T18:05:34.630217
lacharente,bd6t55099072r,,failed,0,0,,no_usable_pages,known,,,bd6t55099072r: no usable pages in manifest.,2026-07-17T18:05:34.793974
lacharente,bd6t550990735,,failed,0,0,,no_usable_pages,known,,,bd6t550990735: no usable pages in manifest.,2026-07-17T18:05:34.965064
lacharente,bd6t55099074k,,failed,0,0,,no_usable_pages,known,,,bd6t55099074k: no usable pages in manifest.,2026-07-17T18:05:35.113576
lacharente,bd6t550990750,,failed,0,0,,no_usable_pages,known,,,bd6t550990750: no usable pages in manifest.,2026-07-17T18:05:35.434915
lacharente,bd6t55099076d,,failed,0,0,,no_usable_pages,known,,,bd6t55099076d: no usable pages in manifest.,2026-07-17T18:05:35.637450
lacharente,bd6t55099077t,,failed,0,0,,no_usable_pages,known,,,bd6t55099077t: no usable pages in manifest.,2026-07-17T18:05:35.789319
lacharente,bd6t550990787,,failed,0,0,,no_usable_pages,known,,,bd6t550990787: no usable pages in manifest.,2026-07-17T18:05:35.910366
lacharente,bd6t55099079n,,failed,0,0,,no_usable_pages,known,,,bd6t55099079n: no usable pages in manifest.,2026-07-17T18:05:36.115881
lacharente,bd6t550990809,,failed,0,0,,no_usable_pages,known,,,bd6t550990809: no usable pages in manifest.,2026-07-17T18:05:36.440596
lacharente,bd6t55099081q,,failed,0,0,,no_usable_pages,known,,,bd6t55099081q: no usable pages in manifest.,2026-07-17T18:05:36.669837
lacharente,bd6t550990824,,failed,0,0,,no_usable_pages,known,,,bd6t550990824: no usable pages in manifest.,2026-07-17T18:05:36.833887
lacharente,bd6t55099083j,,failed,0,0,,no_usable_pages,known,,,bd6t55099083j: no usable pages in manifest.,2026-07-17T18:05:36.979730
lacharente,bd6t55099084z,,failed,0,0,,no_usable_pages,known,,,bd6t55099084z: no usable pages in manifest.,2026-07-17T18:05:37.149009
lacharente,bd6t55099085c,,failed,0,0,,no_usable_pages,known,,,bd6t55099085c: no usable pages in manifest.,2026-07-17T18:05:37.338113
lacharente,bd6t55099086s,,failed,0,0,,no_usable_pages,known,,,bd6t55099086s: no usable pages in manifest.,2026-07-17T18:05:37.596514
lacharente,bd6t550990876,,failed,0,0,,no_usable_pages,known,,,bd6t550990876: no usable pages in manifest.,2026-07-17T18:05:37.997079
lacharente,bd6t55099088m,,failed,0,0,,no_usable_pages,known,,,bd6t55099088m: no usable pages in manifest.,2026-07-17T18:05:38.177281
lacharente,bd6t550990891,,failed,0,0,,no_usable_pages,known,,,bd6t550990891: no usable pages in manifest.,2026-07-17T18:05:38.362408
lacharente,bd6t55099090p,,failed,0,0,,no_usable_pages,known,,,bd6t55099090p: no usable pages in manifest.,2026-07-17T18:05:38.672377
lacharente,bd6t550990913,,failed,0,0,,no_usable_pages,known,,,bd6t550990913: no usable pages in manifest.,2026-07-17T18:05:38.908554
lacharente,bd6t55099092h,,failed,0,0,,no_usable_pages,known,,,bd6t55099092h: no usable pages in manifest.,2026-07-17T18:05:39.081987
lacharente,bd6t55099093x,,failed,0,0,,no_usable_pages,known,,,bd6t55099093x: no usable pages in manifest.,2026-07-17T18:05:39.244534
lacharente,bd6t55099094b,,failed,0,0,,no_usable_pages,known,,,bd6t55099094b: no usable pages in manifest.,2026-07-17T18:05:39.362026
lacharente,bd6t55099095r,,failed,0,0,,no_usable_pages,known,,,bd6t55099095r: no usable pages in manifest.,2026-07-17T18:05:39.501874
lacharente,bd6t550990965,,failed,0,0,,no_usable_pages,known,,,bd6t550990965: no usable pages in manifest.,2026-07-17T18:05:39.736551
lacharente,bd6t55099097k,,failed,0,0,,no_usable_pages,known,,,bd6t55099097k: no usable pages in manifest.,2026-07-17T18:05:39.934312
lacharente,bd6t550990980,,failed,0,0,,no_usable_pages,known,,,bd6t550990980: no usable pages in manifest.,2026-07-17T18:05:40.084669
lacharente,bd6t55099099d,,failed,0,0,,no_usable_pages,known,,,bd6t55099099d: no usable pages in manifest.,2026-07-17T18:05:40.219256
lacharente,bd6t55099100m,,failed,0,0,,no_usable_pages,known,,,bd6t55099100m: no usable pages in manifest.,2026-07-17T18:05:40.363956
lacharente,bd6t550991011,,failed,0,0,,no_usable_pages,known,,,bd6t550991011: no usable pages in manifest.,2026-07-17T18:05:40.568294
lacharente,bd6t55099102f,,failed,0,0,,no_usable_pages,known,,,bd6t55099102f: no usable pages in manifest.,2026-07-17T18:05:40.832897
lacharente,bd6t55099103v,,failed,0,0,,no_usable_pages,known,,,bd6t55099103v: no usable pages in manifest.,2026-07-17T18:05:41.025481
lacharente,bd6t550991048,,failed,0,0,,no_usable_pages,known,,,bd6t550991048: no usable pages in manifest.,2026-07-17T18:05:41.292368
lacharente,bd6t55099105p,,failed,0,0,,no_usable_pages,known,,,bd6t55099105p: no usable pages in manifest.,2026-07-17T18:05:41.530293
lacharente,bd6t550991063,,failed,0,0,,no_usable_pages,known,,,bd6t550991063: no usable pages in manifest.,2026-07-17T18:05:41.695206
lacharente,bd6t55099107h,,failed,0,0,,no_usable_pages,known,,,bd6t55099107h: no usable pages in manifest.,2026-07-17T18:05:42.002598
lacharente,bd6t55099108x,,failed,0,0,,no_usable_pages,known,,,bd6t55099108x: no usable pages in manifest.,2026-07-17T18:05:42.266595
lacharente,bd6t55099109b,,failed,0,0,,no_usable_pages,known,,,bd6t55099109b: no usable pages in manifest.,2026-07-17T18:05:42.428858
lacharente,bd6t550991100,,failed,0,0,,no_usable_pages,known,,,bd6t550991100: no usable pages in manifest.,2026-07-17T18:05:42.603484
lacharente,bd6t55099111d,,failed,0,0,,no_usable_pages,known,,,bd6t55099111d: no usable pages in manifest.,2026-07-17T18:05:42.773667
lacharente,bd6t55099112t,,failed,0,0,,no_usable_pages,known,,,bd6t55099112t: no usable pages in manifest.,2026-07-17T18:05:43.057659
lacharente,bd6t550991137,,failed,0,0,,no_usable_pages,known,,,bd6t550991137: no usable pages in manifest.,2026-07-17T18:05:43.296057
lacharente,bd6t55099114n,,failed,0,0,,no_usable_pages,known,,,bd6t55099114n: no usable pages in manifest.,2026-07-17T18:05:43.565876
lacharente,bd6t550991152,,failed,0,0,,no_usable_pages,known,,,bd6t550991152: no usable pages in manifest.,2026-07-17T18:05:43.772170
lacharente,bd6t55099116g,,failed,0,0,,no_usable_pages,known,,,bd6t55099116g: no usable pages in manifest.,2026-07-17T18:05:44.025531
lacharente,bd6t55099117w,,failed,0,0,,no_usable_pages,known,,,bd6t55099117w: no usable pages in manifest.,2026-07-17T18:05:44.180627
lacharente,bd6t550991189,,failed,0,0,,no_usable_pages,known,,,bd6t550991189: no usable pages in manifest.,2026-07-17T18:05:44.385533
lacharente,bd6t55099119q,,failed,0,0,,no_usable_pages,known,,,bd6t55099119q: no usable pages in manifest.,2026-07-17T18:05:44.534603
lacharente,bd6t55099120c,,failed,0,0,,no_usable_pages,known,,,bd6t55099120c: no usable pages in manifest.,2026-07-17T18:05:44.655145
lacharente,bd6t55099121s,,failed,0,0,,no_usable_pages,known,,,bd6t55099121s: no usable pages in manifest.,2026-07-17T18:05:44.775891
lacharente,bd6t550991226,,failed,0,0,,no_usable_pages,known,,,bd6t550991226: no usable pages in manifest.,2026-07-17T18:05:44.954351
lacharente,bd6t55099123m,,failed,0,0,,no_usable_pages,known,,,bd6t55099123m: no usable pages in manifest.,2026-07-17T18:05:45.223089
lacharente,bd6t550991241,,failed,0,0,,no_usable_pages,known,,,bd6t550991241: no usable pages in manifest.,2026-07-17T18:05:45.412180
lacharente,bd6t55099125f,,failed,0,0,,no_usable_pages,known,,,bd6t55099125f: no usable pages in manifest.,2026-07-17T18:05:45.544447
lacharente,bd6t55099126v,,failed,0,0,,no_usable_pages,known,,,bd6t55099126v: no usable pages in manifest.,2026-07-17T18:05:45.731686
lacharente,bd6t550991278,,failed,0,0,,no_usable_pages,known,,,bd6t550991278: no usable pages in manifest.,2026-07-17T18:05:45.982214
lacharente,bd6t55099128p,,failed,0,0,,no_usable_pages,known,,,bd6t55099128p: no usable pages in manifest.,2026-07-17T18:05:46.278443
lacharente,bd6t550991293,,failed,0,0,,no_usable_pages,known,,,bd6t550991293: no usable pages in manifest.,2026-07-17T18:05:46.568935
lacharente,bd6t55099130r,,failed,0,0,,no_usable_pages,known,,,bd6t55099130r: no usable pages in manifest.,2026-07-17T18:05:46.721555
lacharente,bd6t550991315,,failed,0,0,,no_usable_pages,known,,,bd6t550991315: no usable pages in manifest.,2026-07-17T18:05:46.983594
lacharente,bd6t55099132k,,failed,0,0,,no_usable_pages,known,,,bd6t55099132k: no usable pages in manifest.,2026-07-17T18:05:47.216647
lacharente,bd6t550991330,,failed,0,0,,no_usable_pages,known,,,bd6t550991330: no usable pages in manifest.,2026-07-17T18:05:47.563608
lacharente,bd6t55099134d,,failed,0,0,,no_usable_pages,known,,,bd6t55099134d: no usable pages in manifest.,2026-07-17T18:05:47.694144
lacharente,bd6t55099135t,,failed,0,0,,no_usable_pages,known,,,bd6t55099135t: no usable pages in manifest.,2026-07-17T18:05:47.918221
lacharente,bd6t550991367,,failed,0,0,,no_usable_pages,known,,,bd6t550991367: no usable pages in manifest.,2026-07-17T18:05:48.151779
lacharente,bd6t55099137n,,failed,0,0,,no_usable_pages,known,,,bd6t55099137n: no usable pages in manifest.,2026-07-17T18:05:48.316695
lacharente,bd6t550991382,,failed,0,0,,no_usable_pages,known,,,bd6t550991382: no usable pages in manifest.,2026-07-17T18:05:48.569913
lacharente,bd6t55099139g,,failed,0,0,,no_usable_pages,known,,,bd6t55099139g: no usable pages in manifest.,2026-07-17T18:05:48.766032
lacharente,bd6t550991404,,failed,0,0,,no_usable_pages,known,,,bd6t550991404: no usable pages in manifest.,2026-07-17T18:05:48.901091
lacharente,bd6t55099141j,,failed,0,0,,no_usable_pages,known,,,bd6t55099141j: no usable pages in manifest.,2026-07-17T18:05:49.062949
lacharente,bd6t55099142z,,failed,0,0,,no_usable_pages,known,,,bd6t55099142z: no usable pages in manifest.,2026-07-17T18:05:49.220481
lacharente,bd6t55099143c,,failed,0,0,,no_usable_pages,known,,,bd6t55099143c: no usable pages in manifest.,2026-07-17T18:05:49.410325
lacharente,bd6t55099144s,,failed,0,0,,no_usable_pages,known,,,bd6t55099144s: no usable pages in manifest.,2026-07-17T18:05:49.805185
lacharente,bd6t550991456,,failed,0,0,,no_usable_pages,known,,,bd6t550991456: no usable pages in manifest.,2026-07-17T18:05:49.979156
lacharente,bd6t55099146m,,failed,0,0,,no_usable_pages,known,,,bd6t55099146m: no usable pages in manifest.,2026-07-17T18:05:50.145040
lacharente,bd6t550991471,,failed,0,0,,no_usable_pages,known,,,bd6t550991471: no usable pages in manifest.,2026-07-17T18:05:50.329536
lacharente,bd6t55099148f,,failed,0,0,,no_usable_pages,known,,,bd6t55099148f: no usable pages in manifest.,2026-07-17T18:05:50.476816
lacharente,bd6t55099149v,,failed,0,0,,no_usable_pages,known,,,bd6t55099149v: no usable pages in manifest.,2026-07-17T18:05:50.720878
lacharente,bd6t55099150h,,failed,0,0,,no_usable_pages,known,,,bd6t55099150h: no usable pages in manifest.,2026-07-17T18:05:50.954222
lacharente,bd6t55099151x,,failed,0,0,,no_usable_pages,known,,,bd6t55099151x: no usable pages in manifest.,2026-07-17T18:05:51.112405
lacharente,bd6t55099152b,,failed,0,0,,no_usable_pages,known,,,bd6t55099152b: no usable pages in manifest.,2026-07-17T18:05:51.288613
lacharente,bd6t55099153r,,failed,0,0,,no_usable_pages,known,,,bd6t55099153r: no usable pages in manifest.,2026-07-17T18:05:51.442867
lacharente,bd6t550991545,,failed,0,0,,no_usable_pages,known,,,bd6t550991545: no usable pages in manifest.,2026-07-17T18:05:51.674396
lacharente,bd6t55099155k,,failed,0,0,,no_usable_pages,known,,,bd6t55099155k: no usable pages in manifest.,2026-07-17T18:05:51.828727
lacharente,bd6t550991560,,failed,0,0,,no_usable_pages,known,,,bd6t550991560: no usable pages in manifest.,2026-07-17T18:05:52.045652
lacharente,bd6t55099157d,,failed,0,0,,no_usable_pages,known,,,bd6t55099157d: no usable pages in manifest.,2026-07-17T18:05:52.197484
lacharente,bd6t55099158t,,failed,0,0,,no_usable_pages,known,,,bd6t55099158t: no usable pages in manifest.,2026-07-17T18:05:52.436812
lacharente,bd6t550991597,,failed,0,0,,no_usable_pages,known,,,bd6t550991597: no usable pages in manifest.,2026-07-17T18:05:52.587970
lacharente,bd6t55099160w,,failed,0,0,,no_usable_pages,known,,,bd6t55099160w: no usable pages in manifest.,2026-07-17T18:05:52.862140
lacharente,bd6t550991619,,failed,0,0,,no_usable_pages,known,,,bd6t550991619: no usable pages in manifest.,2026-07-17T18:05:53.114194
lacharente,bd6t55099162q,,failed,0,0,,no_usable_pages,known,,,bd6t55099162q: no usable pages in manifest.,2026-07-17T18:05:53.291685
lacharente,bd6t550991634,,failed,0,0,,no_usable_pages,known,,,bd6t550991634: no usable pages in manifest.,2026-07-17T18:05:53.438726
lacharente,bd6t55099164j,,failed,0,0,,no_usable_pages,known,,,bd6t55099164j: no usable pages in manifest.,2026-07-17T18:05:53.576281
lacharente,bd6t55099165z,,failed,0,0,,no_usable_pages,known,,,bd6t55099165z: no usable pages in manifest.,2026-07-17T18:05:53.866964
lacharente,bd6t55099166c,,failed,0,0,,no_usable_pages,known,,,bd6t55099166c: no usable pages in manifest.,2026-07-17T18:05:54.071924
lacharente,bd6t55099167s,,failed,0,0,,no_usable_pages,known,,,bd6t55099167s: no usable pages in manifest.,2026-07-17T18:05:54.216871
lacharente,bd6t550991686,,failed,0,0,,no_usable_pages,known,,,bd6t550991686: no usable pages in manifest.,2026-07-17T18:05:54.387368
lacharente,bd6t55099169m,,failed,0,0,,no_usable_pages,known,,,bd6t55099169m: no usable pages in manifest.,2026-07-17T18:05:54.538748
lacharente,bd6t550991708,,failed,0,0,,no_usable_pages,known,,,bd6t550991708: no usable pages in manifest.,2026-07-17T18:05:54.735520
lacharente,bd6t55099171p,,failed,0,0,,no_usable_pages,known,,,bd6t55099171p: no usable pages in manifest.,2026-07-17T18:05:55.005722
lacharente,bd6t550991723,,failed,0,0,,no_usable_pages,known,,,bd6t550991723: no usable pages in manifest.,2026-07-17T18:05:55.147816
lacharente,bd6t55099173h,,failed,0,0,,no_usable_pages,known,,,bd6t55099173h: no usable pages in manifest.,2026-07-17T18:05:55.377613
lacharente,bd6t55099174x,,failed,0,0,,no_usable_pages,known,,,bd6t55099174x: no usable pages in manifest.,2026-07-17T18:05:55.542085
lacharente,bd6t55099175b,,failed,0,0,,no_usable_pages,known,,,bd6t55099175b: no usable pages in manifest.,2026-07-17T18:05:55.675150
lacharente,bd6t55099176r,,failed,0,0,,no_usable_pages,known,,,bd6t55099176r: no usable pages in manifest.,2026-07-17T18:05:55.869556
lacharente,bd6t550991775,,failed,0,0,,no_usable_pages,known,,,bd6t550991775: no usable pages in manifest.,2026-07-17T18:05:56.226491
lacharente,bd6t55099178k,,failed,0,0,,no_usable_pages,known,,,bd6t55099178k: no usable pages in manifest.,2026-07-17T18:05:56.461815
lacharente,bd6t550991790,,failed,0,0,,no_usable_pages,known,,,bd6t550991790: no usable pages in manifest.,2026-07-17T18:05:56.785630
lacharente,bd6t55099180n,,failed,0,0,,no_usable_pages,known,,,bd6t55099180n: no usable pages in manifest.,2026-07-17T18:05:57.093945
lacharente,bd6t550991812,,failed,0,0,,no_usable_pages,known,,,bd6t550991812: no usable pages in manifest.,2026-07-17T18:05:57.468649
lacharente,bd6t55099182g,,failed,0,0,,no_usable_pages,known,,,bd6t55099182g: no usable pages in manifest.,2026-07-17T18:05:57.657473
lacharente,bd6t55099183w,,failed,0,0,,no_usable_pages,known,,,bd6t55099183w: no usable pages in manifest.,2026-07-17T18:05:57.821648
lacharente,bd6t55099185q,,failed,0,0,,no_usable_pages,known,,,bd6t55099185q: no usable pages in manifest.,2026-07-17T18:05:58.024560
lacharente,bd6t550991864,,failed,0,0,,no_usable_pages,known,,,bd6t550991864: no usable pages in manifest.,2026-07-17T18:05:58.156079
lacharente,bd6t55099187j,,failed,0,0,,no_usable_pages,known,,,bd6t55099187j: no usable pages in manifest.,2026-07-17T18:05:58.360841
lacharente,bd6t55099188z,,failed,0,0,,no_usable_pages,known,,,bd6t55099188z: no usable pages in manifest.,2026-07-17T18:05:58.535893
lacharente,bd6t55099189c,,failed,0,0,,no_usable_pages,known,,,bd6t55099189c: no usable pages in manifest.,2026-07-17T18:05:58.732407
lacharente,bd6t550991901,,failed,0,0,,no_usable_pages,known,,,bd6t550991901: no usable pages in manifest.,2026-07-17T18:05:58.896223
lacharente,bd6t55099191f,,failed,0,0,,no_usable_pages,known,,,bd6t55099191f: no usable pages in manifest.,2026-07-17T18:05:59.135418
lacharente,bd6t55099192v,,failed,0,0,,no_usable_pages,known,,,bd6t55099192v: no usable pages in manifest.,2026-07-17T18:05:59.481199
lacharente,bd6t550991938,,failed,0,0,,no_usable_pages,known,,,bd6t550991938: no usable pages in manifest.,2026-07-17T18:05:59.739485
lacharente,bd6t55099194p,,failed,0,0,,no_usable_pages,known,,,bd6t55099194p: no usable pages in manifest.,2026-07-17T18:06:00.013294
lacharente,bd6t550991953,,failed,0,0,,no_usable_pages,known,,,bd6t550991953: no usable pages in manifest.,2026-07-17T18:06:00.185137
lacharente,bd6t55099196h,,failed,0,0,,no_usable_pages,known,,,bd6t55099196h: no usable pages in manifest.,2026-07-17T18:06:00.347319
lacharente,bd6t55099197x,,failed,0,0,,no_usable_pages,known,,,bd6t55099197x: no usable pages in manifest.,2026-07-17T18:06:00.631717
lacharente,bd6t55099199r,,failed,0,0,,no_usable_pages,known,,,bd6t55099199r: no usable pages in manifest.,2026-07-17T18:06:00.820563
lacharente,bd6t55099200z,,failed,0,0,,no_usable_pages,known,,,bd6t55099200z: no usable pages in manifest.,2026-07-17T18:06:00.997662
lacharente,bd6t55099201c,,failed,0,0,,no_usable_pages,known,,,bd6t55099201c: no usable pages in manifest.,2026-07-17T18:06:01.163013
lacharente,bd6t55099202s,,failed,0,0,,no_usable_pages,known,,,bd6t55099202s: no usable pages in manifest.,2026-07-17T18:06:01.351516
lacharente,bd6t550992036,,failed,0,0,,no_usable_pages,known,,,bd6t550992036: no usable pages in manifest.,2026-07-17T18:06:01.578651
lacharente,bd6t55099204m,,failed,0,0,,no_usable_pages,known,,,bd6t55099204m: no usable pages in manifest.,2026-07-17T18:06:01.838733
lacharente,bd6t550992051,,failed,0,0,,no_usable_pages,known,,,bd6t550992051: no usable pages in manifest.,2026-07-17T18:06:02.027013
lacharente,bd6t55099206f,,failed,0,0,,no_usable_pages,known,,,bd6t55099206f: no usable pages in manifest.,2026-07-17T18:06:02.140610
lacharente,bd6t55099207v,,failed,0,0,,no_usable_pages,known,,,bd6t55099207v: no usable pages in manifest.,2026-07-17T18:06:02.335197
lacharente,bd6t550992088,,failed,0,0,,no_usable_pages,known,,,bd6t550992088: no usable pages in manifest.,2026-07-17T18:06:02.786874
lacharente,bd6t55099209p,,failed,0,0,,no_usable_pages,known,,,bd6t55099209p: no usable pages in manifest.,2026-07-17T18:06:02.965296
lacharente,bd6t55099210b,,failed,0,0,,no_usable_pages,known,,,bd6t55099210b: no usable pages in manifest.,2026-07-17T18:06:03.304339
lacharente,bd6t55099211r,,failed,0,0,,no_usable_pages,known,,,bd6t55099211r: no usable pages in manifest.,2026-07-17T18:06:03.454811
lacharente,bd6t550992125,,failed,0,0,,no_usable_pages,known,,,bd6t550992125: no usable pages in manifest.,2026-07-17T18:06:03.906122
lacharente,bd6t55099213k,,failed,0,0,,no_usable_pages,known,,,bd6t55099213k: no usable pages in manifest.,2026-07-17T18:06:04.153466
lacharente,bd6t550992140,,failed,0,0,,no_usable_pages,known,,,bd6t550992140: no usable pages in manifest.,2026-07-17T18:06:04.395585
lacharente,bd6t55099215d,,failed,0,0,,no_usable_pages,known,,,bd6t55099215d: no usable pages in manifest.,2026-07-17T18:06:04.621647
lacharente,bd6t55099216t,,failed,0,0,,no_usable_pages,known,,,bd6t55099216t: no usable pages in manifest.,2026-07-17T18:06:04.917552
lacharente,bd6t550992177,,failed,0,0,,no_usable_pages,known,,,bd6t550992177: no usable pages in manifest.,2026-07-17T18:06:05.063016
lacharente,bd6t55099218n,,failed,0,0,,no_usable_pages,known,,,bd6t55099218n: no usable pages in manifest.,2026-07-17T18:06:05.285306
lacharente,bd6t550992192,,failed,0,0,,no_usable_pages,known,,,bd6t550992192: no usable pages in manifest.,2026-07-17T18:06:05.516583
lacharente,bd6t55099220q,,failed,0,0,,no_usable_pages,known,,,bd6t55099220q: no usable pages in manifest.,2026-07-17T18:06:05.762486
lacharente,bd6t550992214,,failed,0,0,,no_usable_pages,known,,,bd6t550992214: no usable pages in manifest.,2026-07-17T18:06:06.058328
lacharente,bd6t55099222j,,failed,0,0,,no_usable_pages,known,,,bd6t55099222j: no usable pages in manifest.,2026-07-17T18:06:06.220131
lacharente,bd6t55099223z,,failed,0,0,,no_usable_pages,known,,,bd6t55099223z: no usable pages in manifest.,2026-07-17T18:06:06.481836
lacharente,bd6t55099224c,,failed,0,0,,no_usable_pages,known,,,bd6t55099224c: no usable pages in manifest.,2026-07-17T18:06:06.727900
lacharente,bd6t55099225s,,failed,0,0,,no_usable_pages,known,,,bd6t55099225s: no usable pages in manifest.,2026-07-17T18:06:06.987001
lacharente,bd6t550992266,,failed,0,0,,no_usable_pages,known,,,bd6t550992266: no usable pages in manifest.,2026-07-17T18:06:07.295350
lacharente,bd6t55099227m,,failed,0,0,,no_usable_pages,known,,,bd6t55099227m: no usable pages in manifest.,2026-07-17T18:06:07.523458
lacharente,bd6t550992281,,failed,0,0,,no_usable_pages,known,,,bd6t550992281: no usable pages in manifest.,2026-07-17T18:06:07.767262
lacharente,bd6t55099229f,,failed,0,0,,no_usable_pages,known,,,bd6t55099229f: no usable pages in manifest.,2026-07-17T18:06:07.975517
lacharente,bd6t550992303,,failed,0,0,,no_usable_pages,known,,,bd6t550992303: no usable pages in manifest.,2026-07-17T18:06:08.280147
lacharente,bd6t55099231h,,failed,0,0,,no_usable_pages,known,,,bd6t55099231h: no usable pages in manifest.,2026-07-17T18:06:08.475247
lacharente,bd6t550995445,,failed,0,0,,no_usable_pages,known,,,bd6t550995445: no usable pages in manifest.,2026-07-17T18:06:08.650847
lacharente,bd6t55099232x,,failed,0,0,,no_usable_pages,known,,,bd6t55099232x: no usable pages in manifest.,2026-07-17T18:06:08.830170
lacharente,bd6t55099233b,,failed,0,0,,no_usable_pages,known,,,bd6t55099233b: no usable pages in manifest.,2026-07-17T18:06:09.043044
lacharente,bd6t55099234r,,failed,0,0,,no_usable_pages,known,,,bd6t55099234r: no usable pages in manifest.,2026-07-17T18:06:09.236179
lacharente,bd6t550992355,,failed,0,0,,no_usable_pages,known,,,bd6t550992355: no usable pages in manifest.,2026-07-17T18:06:09.504225
lacharente,bd6t55099236k,,failed,0,0,,no_usable_pages,known,,,bd6t55099236k: no usable pages in manifest.,2026-07-17T18:06:09.673185
lacharente,bd6t550992370,,failed,0,0,,no_usable_pages,known,,,bd6t550992370: no usable pages in manifest.,2026-07-17T18:06:09.845641
lacharente,bd6t55099238d,,failed,0,0,,no_usable_pages,known,,,bd6t55099238d: no usable pages in manifest.,2026-07-17T18:06:10.025736
lacharente,bd6t55099239t,,failed,0,0,,no_usable_pages,known,,,bd6t55099239t: no usable pages in manifest.,2026-07-17T18:06:10.193408
lacharente,bd6t55099241w,,failed,0,0,,no_usable_pages,known,,,bd6t55099241w: no usable pages in manifest.,2026-07-17T18:06:10.410277
lacharente,bd6t550992429,,failed,0,0,,no_usable_pages,known,,,bd6t550992429: no usable pages in manifest.,2026-07-17T18:06:10.656829
lacharente,bd6t55099243q,,failed,0,0,,no_usable_pages,known,,,bd6t55099243q: no usable pages in manifest.,2026-07-17T18:06:10.832610
lacharente,bd6t550992444,,failed,0,0,,no_usable_pages,known,,,bd6t550992444: no usable pages in manifest.,2026-07-17T18:06:11.045142
lacharente,bd6t55099245j,,failed,0,0,,no_usable_pages,known,,,bd6t55099245j: no usable pages in manifest.,2026-07-17T18:06:11.286451
lacharente,bd6t55099246z,,failed,0,0,,no_usable_pages,known,,,bd6t55099246z: no usable pages in manifest.,2026-07-17T18:06:11.497732
lacharente,bd6t55099247c,,failed,0,0,,no_usable_pages,known,,,bd6t55099247c: no usable pages in manifest.,2026-07-17T18:06:11.776565
lacharente,bd6t55099248s,,failed,0,0,,no_usable_pages,known,,,bd6t55099248s: no usable pages in manifest.,2026-07-17T18:06:11.992949
lacharente,bd6t550992496,,failed,0,0,,no_usable_pages,known,,,bd6t550992496: no usable pages in manifest.,2026-07-17T18:06:12.253143
lacharente,bd6t55099250v,,failed,0,0,,no_usable_pages,known,,,bd6t55099250v: no usable pages in manifest.,2026-07-17T18:06:12.454711
lacharente,bd6t550992518,,failed,0,0,,no_usable_pages,known,,,bd6t550992518: no usable pages in manifest.,2026-07-17T18:06:12.636011
lacharente,bd6t55099252p,,failed,0,0,,no_usable_pages,known,,,bd6t55099252p: no usable pages in manifest.,2026-07-17T18:06:12.880476
lacharente,bd6t550992533,,failed,0,0,,no_usable_pages,known,,,bd6t550992533: no usable pages in manifest.,2026-07-17T18:06:13.089836
lacharente,bd6t55099254h,,failed,0,0,,no_usable_pages,known,,,bd6t55099254h: no usable pages in manifest.,2026-07-17T18:06:13.389899
lacharente,bd6t55099255x,,failed,0,0,,no_usable_pages,known,,,bd6t55099255x: no usable pages in manifest.,2026-07-17T18:06:13.563500
lacharente,bd6t55099256b,,failed,0,0,,no_usable_pages,known,,,bd6t55099256b: no usable pages in manifest.,2026-07-17T18:06:13.773890
lacharente,bd6t55099257r,,failed,0,0,,no_usable_pages,known,,,bd6t55099257r: no usable pages in manifest.,2026-07-17T18:06:14.133296
lacharente,bd6t550992585,,failed,0,0,,no_usable_pages,known,,,bd6t550992585: no usable pages in manifest.,2026-07-17T18:06:14.412690
lacharente,bd6t55099259k,,failed,0,0,,no_usable_pages,known,,,bd6t55099259k: no usable pages in manifest.,2026-07-17T18:06:14.591460
lacharente,bd6t550992607,,failed,0,0,,no_usable_pages,known,,,bd6t550992607: no usable pages in manifest.,2026-07-17T18:06:14.763485
lacharente,bd6t55099261n,,failed,0,0,,no_usable_pages,known,,,bd6t55099261n: no usable pages in manifest.,2026-07-17T18:06:14.932720
lacharente,bd6t550992622,,failed,0,0,,no_usable_pages,known,,,bd6t550992622: no usable pages in manifest.,2026-07-17T18:06:15.247089
lacharente,bd6t55099263g,,failed,0,0,,no_usable_pages,known,,,bd6t55099263g: no usable pages in manifest.,2026-07-17T18:06:15.460029
lacharente,bd6t55099264w,,failed,0,0,,no_usable_pages,known,,,bd6t55099264w: no usable pages in manifest.,2026-07-17T18:06:15.650774
lacharente,bd6t550992659,,failed,0,0,,no_usable_pages,known,,,bd6t550992659: no usable pages in manifest.,2026-07-17T18:06:15.793828
lacharente,bd6t55099240g,,failed,0,0,,no_usable_pages,known,,,bd6t55099240g: no usable pages in manifest.,2026-07-17T18:06:15.955447
lacharente,bd6t55099266q,,failed,0,0,,no_usable_pages,known,,,bd6t55099266q: no usable pages in manifest.,2026-07-17T18:06:16.197355
lacharente,bd6t550992674,,failed,0,0,,no_usable_pages,known,,,bd6t550992674: no usable pages in manifest.,2026-07-17T18:06:16.347062
lacharente,bd6t55099268j,,failed,0,0,,no_usable_pages,known,,,bd6t55099268j: no usable pages in manifest.,2026-07-17T18:06:16.553585
lacharente,bd6t55099269z,,failed,0,0,,no_usable_pages,known,,,bd6t55099269z: no usable pages in manifest.,2026-07-17T18:06:16.720979
lacharente,bd6t55099270m,,failed,0,0,,no_usable_pages,known,,,bd6t55099270m: no usable pages in manifest.,2026-07-17T18:06:16.918273
lacharente,bd6t550992711,,failed,0,0,,no_usable_pages,known,,,bd6t550992711: no usable pages in manifest.,2026-07-17T18:06:17.120576
lacharente,bd6t55099272f,,failed,0,0,,no_usable_pages,known,,,bd6t55099272f: no usable pages in manifest.,2026-07-17T18:06:17.339481
lacharente,bd6t55099273v,,failed,0,0,,no_usable_pages,known,,,bd6t55099273v: no usable pages in manifest.,2026-07-17T18:06:17.533994
lacharente,bd6t550992748,,failed,0,0,,no_usable_pages,known,,,bd6t550992748: no usable pages in manifest.,2026-07-17T18:06:17.800121
lacharente,bd6t55099275p,,failed,0,0,,no_usable_pages,known,,,bd6t55099275p: no usable pages in manifest.,2026-07-17T18:06:17.966239
lacharente,bd6t550992763,,failed,0,0,,no_usable_pages,known,,,bd6t550992763: no usable pages in manifest.,2026-07-17T18:06:18.185691
lacharente,bd6t55099277h,,failed,0,0,,no_usable_pages,known,,,bd6t55099277h: no usable pages in manifest.,2026-07-17T18:06:18.494221
lacharente,bd6t55099278x,,failed,0,0,,no_usable_pages,known,,,bd6t55099278x: no usable pages in manifest.,2026-07-17T18:06:18.707195
lacharente,bd6t55099279b,,failed,0,0,,no_usable_pages,known,,,bd6t55099279b: no usable pages in manifest.,2026-07-17T18:06:18.886935
lacharente,bd6t550992800,,failed,0,0,,no_usable_pages,known,,,bd6t550992800: no usable pages in manifest.,2026-07-17T18:06:19.065022
lacharente,bd6t55099281d,,failed,0,0,,no_usable_pages,known,,,bd6t55099281d: no usable pages in manifest.,2026-07-17T18:06:19.220810
lacharente,bd6t55099282t,,failed,0,0,,no_usable_pages,known,,,bd6t55099282t: no usable pages in manifest.,2026-07-17T18:06:19.429912
lacharente,bd6t550992837,,failed,0,0,,no_usable_pages,known,,,bd6t550992837: no usable pages in manifest.,2026-07-17T18:06:19.579182
lacharente,bd6t55099284n,,failed,0,0,,no_usable_pages,known,,,bd6t55099284n: no usable pages in manifest.,2026-07-17T18:06:19.767180
lacharente,bd6t550992852,,failed,0,0,,no_usable_pages,known,,,bd6t550992852: no usable pages in manifest.,2026-07-17T18:06:19.978580
lacharente,bd6t55099286g,,failed,0,0,,no_usable_pages,known,,,bd6t55099286g: no usable pages in manifest.,2026-07-17T18:06:20.131403
lacharente,bd6t55099287w,,failed,0,0,,no_usable_pages,known,,,bd6t55099287w: no usable pages in manifest.,2026-07-17T18:06:20.328522
lacharente,bd6t550992889,,failed,0,0,,no_usable_pages,known,,,bd6t550992889: no usable pages in manifest.,2026-07-17T18:06:20.591438
lacharente,bd6t55099289q,,failed,0,0,,no_usable_pages,known,,,bd6t55099289q: no usable pages in manifest.,2026-07-17T18:06:20.756857
lacharente,bd6t55099290c,,failed,0,0,,no_usable_pages,known,,,bd6t55099290c: no usable pages in manifest.,2026-07-17T18:06:20.976922
lacharente,bd6t55099291s,,failed,0,0,,no_usable_pages,known,,,bd6t55099291s: no usable pages in manifest.,2026-07-17T18:06:21.116118
lacharente,bd6t550992926,,failed,0,0,,no_usable_pages,known,,,bd6t550992926: no usable pages in manifest.,2026-07-17T18:06:21.259848
lacharente,bd6t55099293m,,failed,0,0,,no_usable_pages,known,,,bd6t55099293m: no usable pages in manifest.,2026-07-17T18:06:21.460520
lacharente,bd6t550992941,,failed,0,0,,no_usable_pages,known,,,bd6t550992941: no usable pages in manifest.,2026-07-17T18:06:21.694603
lacharente,bd6t55099295f,,failed,0,0,,no_usable_pages,known,,,bd6t55099295f: no usable pages in manifest.,2026-07-17T18:06:21.931723
lacharente,bd6t55099296v,,failed,0,0,,no_usable_pages,known,,,bd6t55099296v: no usable pages in manifest.,2026-07-17T18:06:22.146094
lacharente,bd6t550992978,,failed,0,0,,no_usable_pages,known,,,bd6t550992978: no usable pages in manifest.,2026-07-17T18:06:22.319269
lacharente,bd6t55099298p,,failed,0,0,,no_usable_pages,known,,,bd6t55099298p: no usable pages in manifest.,2026-07-17T18:06:22.524705
lacharente,bd6t550992993,,failed,0,0,,no_usable_pages,known,,,bd6t550992993: no usable pages in manifest.,2026-07-17T18:06:22.888766
lacharente,bd6t550993009,,failed,0,0,,no_usable_pages,known,,,bd6t550993009: no usable pages in manifest.,2026-07-17T18:06:23.093111
lacharente,bd6t55099301q,,failed,0,0,,no_usable_pages,known,,,bd6t55099301q: no usable pages in manifest.,2026-07-17T18:06:23.332738
lacharente,bd6t550993024,,failed,0,0,,no_usable_pages,known,,,bd6t550993024: no usable pages in manifest.,2026-07-17T18:06:23.550944
lacharente,bd6t55099303j,,failed,0,0,,no_usable_pages,known,,,bd6t55099303j: no usable pages in manifest.,2026-07-17T18:06:23.840653
lacharente,bd6t55099304z,,failed,0,0,,no_usable_pages,known,,,bd6t55099304z: no usable pages in manifest.,2026-07-17T18:06:24.033611
lacharente,bd6t55099305c,,failed,0,0,,no_usable_pages,known,,,bd6t55099305c: no usable pages in manifest.,2026-07-17T18:06:24.240246
lacharente,bd6t55099306s,,failed,0,0,,no_usable_pages,known,,,bd6t55099306s: no usable pages in manifest.,2026-07-17T18:06:24.449213
lacharente,bd6t550993076,,failed,0,0,,no_usable_pages,known,,,bd6t550993076: no usable pages in manifest.,2026-07-17T18:06:24.656453
lacharente,bd6t55099308m,,failed,0,0,,no_usable_pages,known,,,bd6t55099308m: no usable pages in manifest.,2026-07-17T18:06:24.950565
lacharente,bd6t550993091,,failed,0,0,,no_usable_pages,known,,,bd6t550993091: no usable pages in manifest.,2026-07-17T18:06:25.195766
lacharente,bd6t55099310p,,failed,0,0,,no_usable_pages,known,,,bd6t55099310p: no usable pages in manifest.,2026-07-17T18:06:25.330592
lacharente,bd6t550993113,,failed,0,0,,no_usable_pages,known,,,bd6t550993113: no usable pages in manifest.,2026-07-17T18:06:25.609195
lacharente,bd6t55099312h,,failed,0,0,,no_usable_pages,known,,,bd6t55099312h: no usable pages in manifest.,2026-07-17T18:06:25.770315
lacharente,bd6t55099313x,,failed,0,0,,no_usable_pages,known,,,bd6t55099313x: no usable pages in manifest.,2026-07-17T18:06:26.040531
lacharente,bd6t55099314b,,failed,0,0,,no_usable_pages,known,,,bd6t55099314b: no usable pages in manifest.,2026-07-17T18:06:26.191011
lacharente,bd6t55099315r,,failed,0,0,,no_usable_pages,known,,,bd6t55099315r: no usable pages in manifest.,2026-07-17T18:06:26.338933
lacharente,bd6t550993165,,failed,0,0,,no_usable_pages,known,,,bd6t550993165: no usable pages in manifest.,2026-07-17T18:06:26.475550
lacharente,bd6t55099317k,,failed,0,0,,no_usable_pages,known,,,bd6t55099317k: no usable pages in manifest.,2026-07-17T18:06:26.694418
lacharente,bd6t550993180,,failed,0,0,,no_usable_pages,known,,,bd6t550993180: no usable pages in manifest.,2026-07-17T18:06:26.866847
lacharente,bd6t55099319d,,failed,0,0,,no_usable_pages,known,,,bd6t55099319d: no usable pages in manifest.,2026-07-17T18:06:27.119193
lacharente,bd6t550993202,,failed,0,0,,no_usable_pages,known,,,bd6t550993202: no usable pages in manifest.,2026-07-17T18:06:27.411628
lacharente,bd6t55099321g,,failed,0,0,,no_usable_pages,known,,,bd6t55099321g: no usable pages in manifest.,2026-07-17T18:06:27.625753
lacharente,bd6t55099322w,,failed,0,0,,no_usable_pages,known,,,bd6t55099322w: no usable pages in manifest.,2026-07-17T18:06:27.881936
lacharente,bd6t550993239,,failed,0,0,,no_usable_pages,known,,,bd6t550993239: no usable pages in manifest.,2026-07-17T18:06:28.206455
lacharente,bd6t55099324q,,failed,0,0,,no_usable_pages,known,,,bd6t55099324q: no usable pages in manifest.,2026-07-17T18:06:28.410843
lacharente,bd6t550993254,,failed,0,0,,no_usable_pages,known,,,bd6t550993254: no usable pages in manifest.,2026-07-17T18:06:28.564512
lacharente,bd6t55099326j,,failed,0,0,,no_usable_pages,known,,,bd6t55099326j: no usable pages in manifest.,2026-07-17T18:06:28.739463
lacharente,bd6t55099327z,,failed,0,0,,no_usable_pages,known,,,bd6t55099327z: no usable pages in manifest.,2026-07-17T18:06:29.158912
lacharente,bd6t55099328c,,failed,0,0,,no_usable_pages,known,,,bd6t55099328c: no usable pages in manifest.,2026-07-17T18:06:29.463318
lacharente,bd6t55099329s,,failed,0,0,,no_usable_pages,known,,,bd6t55099329s: no usable pages in manifest.,2026-07-17T18:06:29.647943
lacharente,bd6t55099330f,,failed,0,0,,no_usable_pages,known,,,bd6t55099330f: no usable pages in manifest.,2026-07-17T18:06:29.849949
lacharente,bd6t55099331v,,failed,0,0,,no_usable_pages,known,,,bd6t55099331v: no usable pages in manifest.,2026-07-17T18:06:30.128713
lacharente,bd6t550993328,,failed,0,0,,no_usable_pages,known,,,bd6t550993328: no usable pages in manifest.,2026-07-17T18:06:30.314729
lacharente,bd6t55099333p,,failed,0,0,,no_usable_pages,known,,,bd6t55099333p: no usable pages in manifest.,2026-07-17T18:06:30.594614
lacharente,bd6t550993343,,failed,0,0,,no_usable_pages,known,,,bd6t550993343: no usable pages in manifest.,2026-07-17T18:06:30.773285
lacharente,bd6t55099335h,,failed,0,0,,no_usable_pages,known,,,bd6t55099335h: no usable pages in manifest.,2026-07-17T18:06:30.955516
lacharente,bd6t55099336x,,failed,0,0,,no_usable_pages,known,,,bd6t55099336x: no usable pages in manifest.,2026-07-17T18:06:31.161362
lacharente,bd6t55099337b,,failed,0,0,,no_usable_pages,known,,,bd6t55099337b: no usable pages in manifest.,2026-07-17T18:06:31.306899
lacharente,bd6t55099338r,,failed,0,0,,no_usable_pages,known,,,bd6t55099338r: no usable pages in manifest.,2026-07-17T18:06:31.463690
lacharente,bd6t550993395,,failed,0,0,,no_usable_pages,known,,,bd6t550993395: no usable pages in manifest.,2026-07-17T18:06:31.717173
lacharente,bd6t55099340t,,failed,0,0,,no_usable_pages,known,,,bd6t55099340t: no usable pages in manifest.,2026-07-17T18:06:31.876635
lacharente,bd6t550993417,,failed,0,0,,no_usable_pages,known,,,bd6t550993417: no usable pages in manifest.,2026-07-17T18:06:32.051361
lacharente,bd6t55099342n,,failed,0,0,,no_usable_pages,known,,,bd6t55099342n: no usable pages in manifest.,2026-07-17T18:06:32.297214
lacharente,bd6t550993432,,failed,0,0,,no_usable_pages,known,,,bd6t550993432: no usable pages in manifest.,2026-07-17T18:06:32.435546
lacharente,bd6t55099344g,,failed,0,0,,no_usable_pages,known,,,bd6t55099344g: no usable pages in manifest.,2026-07-17T18:06:32.696820
lacharente,bd6t55099345w,,failed,0,0,,no_usable_pages,known,,,bd6t55099345w: no usable pages in manifest.,2026-07-17T18:06:32.884563
lacharente,bd6t550993469,,failed,0,0,,no_usable_pages,known,,,bd6t550993469: no usable pages in manifest.,2026-07-17T18:06:33.122648
lacharente,bd6t55099347q,,failed,0,0,,no_usable_pages,known,,,bd6t55099347q: no usable pages in manifest.,2026-07-17T18:06:33.351651
lacharente,bd6t550993484,,failed,0,0,,no_usable_pages,known,,,bd6t550993484: no usable pages in manifest.,2026-07-17T18:06:33.532153
lacharente,bd6t55099349j,,failed,0,0,,no_usable_pages,known,,,bd6t55099349j: no usable pages in manifest.,2026-07-17T18:06:33.823270
lacharente,bd6t550993506,,failed,0,0,,no_usable_pages,known,,,bd6t550993506: no usable pages in manifest.,2026-07-17T18:06:34.063050
lacharente,bd6t55099351m,,failed,0,0,,no_usable_pages,known,,,bd6t55099351m: no usable pages in manifest.,2026-07-17T18:06:34.233031
lacharente,bd6t550993521,,failed,0,0,,no_usable_pages,known,,,bd6t550993521: no usable pages in manifest.,2026-07-17T18:06:34.474505
lacharente,bd6t55099353f,,failed,0,0,,no_usable_pages,known,,,bd6t55099353f: no usable pages in manifest.,2026-07-17T18:06:34.685544
lacharente,bd6t55099354v,,failed,0,0,,no_usable_pages,known,,,bd6t55099354v: no usable pages in manifest.,2026-07-17T18:06:34.962988
lacharente,bd6t550993558,,failed,0,0,,no_usable_pages,known,,,bd6t550993558: no usable pages in manifest.,2026-07-17T18:06:35.135394
lacharente,bd6t55099356p,,failed,0,0,,no_usable_pages,known,,,bd6t55099356p: no usable pages in manifest.,2026-07-17T18:06:35.319229
lacharente,bd6t550993573,,failed,0,0,,no_usable_pages,known,,,bd6t550993573: no usable pages in manifest.,2026-07-17T18:06:35.527253
lacharente,bd6t55099358h,,failed,0,0,,no_usable_pages,known,,,bd6t55099358h: no usable pages in manifest.,2026-07-17T18:06:35.741966
lacharente,bd6t55099359x,,failed,0,0,,no_usable_pages,known,,,bd6t55099359x: no usable pages in manifest.,2026-07-17T18:06:36.035588
lacharente,bd6t55099360k,,failed,0,0,,no_usable_pages,known,,,bd6t55099360k: no usable pages in manifest.,2026-07-17T18:06:36.213911
lacharente,bd6t550993610,,failed,0,0,,no_usable_pages,known,,,bd6t550993610: no usable pages in manifest.,2026-07-17T18:06:36.347521
lacharente,bd6t55099362d,,failed,0,0,,no_usable_pages,known,,,bd6t55099362d: no usable pages in manifest.,2026-07-17T18:06:36.568684
lacharente,bd6t55099363t,,failed,0,0,,no_usable_pages,known,,,bd6t55099363t: no usable pages in manifest.,2026-07-17T18:06:36.742539
lacharente,bd6t550993647,,failed,0,0,,no_usable_pages,known,,,bd6t550993647: no usable pages in manifest.,2026-07-17T18:06:36.929708
lacharente,bd6t55099365n,,failed,0,0,,no_usable_pages,known,,,bd6t55099365n: no usable pages in manifest.,2026-07-17T18:06:37.164016
lacharente,bd6t550993662,,failed,0,0,,no_usable_pages,known,,,bd6t550993662: no usable pages in manifest.,2026-07-17T18:06:37.438582
lacharente,bd6t550991849,,failed,0,0,,no_usable_pages,known,,,bd6t550991849: no usable pages in manifest.,2026-07-17T18:06:37.682642
lacharente,bd6t55099367g,,failed,0,0,,no_usable_pages,known,,,bd6t55099367g: no usable pages in manifest.,2026-07-17T18:06:37.917895
lacharente,bd6t55099368w,,failed,0,0,,no_usable_pages,known,,,bd6t55099368w: no usable pages in manifest.,2026-07-17T18:06:38.222634
lacharente,bd6t550993699,,failed,0,0,,no_usable_pages,known,,,bd6t550993699: no usable pages in manifest.,2026-07-17T18:06:38.394675
lacharente,bd6t55099370z,,failed,0,0,,no_usable_pages,known,,,bd6t55099370z: no usable pages in manifest.,2026-07-17T18:06:38.584675
lacharente,bd6t55099371c,,failed,0,0,,no_usable_pages,known,,,bd6t55099371c: no usable pages in manifest.,2026-07-17T18:06:38.782465
lacharente,bd6t55099372s,,failed,0,0,,no_usable_pages,known,,,bd6t55099372s: no usable pages in manifest.,2026-07-17T18:06:38.936514
lacharente,bd6t550993736,,failed,0,0,,no_usable_pages,known,,,bd6t550993736: no usable pages in manifest.,2026-07-17T18:06:39.139109
lacharente,bd6t55099374m,,failed,0,0,,no_usable_pages,known,,,bd6t55099374m: no usable pages in manifest.,2026-07-17T18:06:39.463982
lacharente,bd6t550993751,,failed,0,0,,no_usable_pages,known,,,bd6t550993751: no usable pages in manifest.,2026-07-17T18:06:39.648068
lacharente,bd6t55099376f,,failed,0,0,,no_usable_pages,known,,,bd6t55099376f: no usable pages in manifest.,2026-07-17T18:06:39.920980
lacharente,bd6t55099377v,,failed,0,0,,no_usable_pages,known,,,bd6t55099377v: no usable pages in manifest.,2026-07-17T18:06:40.141839
lacharente,bd6t550993788,,failed,0,0,,no_usable_pages,known,,,bd6t550993788: no usable pages in manifest.,2026-07-17T18:06:40.374259
lacharente,bd6t55099379p,,failed,0,0,,no_usable_pages,known,,,bd6t55099379p: no usable pages in manifest.,2026-07-17T18:06:40.625684
lacharente,bd6t55099380b,,failed,0,0,,no_usable_pages,known,,,bd6t55099380b: no usable pages in manifest.,2026-07-17T18:06:40.775915
lacharente,bd6t55099381r,,failed,0,0,,no_usable_pages,known,,,bd6t55099381r: no usable pages in manifest.,2026-07-17T18:06:40.992430
lacharente,bd6t550993825,,failed,0,0,,no_usable_pages,known,,,bd6t550993825: no usable pages in manifest.,2026-07-17T18:06:41.172104
lacharente,bd6t55099383k,,failed,0,0,,no_usable_pages,known,,,bd6t55099383k: no usable pages in manifest.,2026-07-17T18:06:41.352390
lacharente,bd6t550993840,,failed,0,0,,no_usable_pages,known,,,bd6t550993840: no usable pages in manifest.,2026-07-17T18:06:41.664164
lacharente,bd6t55099385d,,failed,0,0,,no_usable_pages,known,,,bd6t55099385d: no usable pages in manifest.,2026-07-17T18:06:41.858206
lacharente,bd6t55099386t,,failed,0,0,,no_usable_pages,known,,,bd6t55099386t: no usable pages in manifest.,2026-07-17T18:06:42.122473
lacharente,bd6t550993877,,failed,0,0,,no_usable_pages,known,,,bd6t550993877: no usable pages in manifest.,2026-07-17T18:06:42.305103
lacharente,bd6t55099388n,,failed,0,0,,no_usable_pages,known,,,bd6t55099388n: no usable pages in manifest.,2026-07-17T18:06:42.580210
lacharente,bd6t550993892,,failed,0,0,,no_usable_pages,known,,,bd6t550993892: no usable pages in manifest.,2026-07-17T18:06:42.776439
lacharente,bd6t55099390q,,failed,0,0,,no_usable_pages,known,,,bd6t55099390q: no usable pages in manifest.,2026-07-17T18:06:43.009230
lacharente,bd6t550993914,,failed,0,0,,no_usable_pages,known,,,bd6t550993914: no usable pages in manifest.,2026-07-17T18:06:43.277258
lacharente,bd6t55099392j,,failed,0,0,,no_usable_pages,known,,,bd6t55099392j: no usable pages in manifest.,2026-07-17T18:06:43.439380
lacharente,bd6t55099393z,,failed,0,0,,no_usable_pages,known,,,bd6t55099393z: no usable pages in manifest.,2026-07-17T18:06:43.726571
lacharente,bd6t55099394c,,failed,0,0,,no_usable_pages,known,,,bd6t55099394c: no usable pages in manifest.,2026-07-17T18:06:43.966341
lacharente,bd6t55099395s,,failed,0,0,,no_usable_pages,known,,,bd6t55099395s: no usable pages in manifest.,2026-07-17T18:06:44.235824
lacharente,bd6t550993966,,failed,0,0,,no_usable_pages,known,,,bd6t550993966: no usable pages in manifest.,2026-07-17T18:06:44.478281
lacharente,bd6t55099397m,,failed,0,0,,no_usable_pages,known,,,bd6t55099397m: no usable pages in manifest.,2026-07-17T18:06:44.699445
lacharente,bd6t550993981,,failed,0,0,,no_usable_pages,known,,,bd6t550993981: no usable pages in manifest.,2026-07-17T18:06:44.939625
lacharente,bd6t55099399f,,failed,0,0,,no_usable_pages,known,,,bd6t55099399f: no usable pages in manifest.,2026-07-17T18:06:45.169973
lacharente,bd6t55099400n,,failed,0,0,,no_usable_pages,known,,,bd6t55099400n: no usable pages in manifest.,2026-07-17T18:06:45.418029
lacharente,bd6t550994012,,failed,0,0,,no_usable_pages,known,,,bd6t550994012: no usable pages in manifest.,2026-07-17T18:06:45.562604
lacharente,bd6t55099402g,,failed,0,0,,no_usable_pages,known,,,bd6t55099402g: no usable pages in manifest.,2026-07-17T18:06:45.789414
lacharente,bd6t55099403w,,failed,0,0,,no_usable_pages,known,,,bd6t55099403w: no usable pages in manifest.,2026-07-17T18:06:45.955952
lacharente,bd6t550994049,,failed,0,0,,no_usable_pages,known,,,bd6t550994049: no usable pages in manifest.,2026-07-17T18:06:46.111763
lacharente,bd6t55099405q,,failed,0,0,,no_usable_pages,known,,,bd6t55099405q: no usable pages in manifest.,2026-07-17T18:06:46.278601
lacharente,bd6t550994064,,failed,0,0,,no_usable_pages,known,,,bd6t550994064: no usable pages in manifest.,2026-07-17T18:06:46.525707
lacharente,bd6t55099407j,,failed,0,0,,no_usable_pages,known,,,bd6t55099407j: no usable pages in manifest.,2026-07-17T18:06:46.763318
lacharente,bd6t55099408z,,failed,0,0,,no_usable_pages,known,,,bd6t55099408z: no usable pages in manifest.,2026-07-17T18:06:47.081901
lacharente,bd6t55099409c,,failed,0,0,,no_usable_pages,known,,,bd6t55099409c: no usable pages in manifest.,2026-07-17T18:06:47.303128
lacharente,bd6t550994101,,failed,0,0,,no_usable_pages,known,,,bd6t550994101: no usable pages in manifest.,2026-07-17T18:06:47.606197
lacharente,bd6t55099411f,,failed,0,0,,no_usable_pages,known,,,bd6t55099411f: no usable pages in manifest.,2026-07-17T18:06:47.797194
lacharente,bd6t55099412v,,failed,0,0,,no_usable_pages,known,,,bd6t55099412v: no usable pages in manifest.,2026-07-17T18:06:48.106028
lacharente,bd6t550994138,,failed,0,0,,no_usable_pages,known,,,bd6t550994138: no usable pages in manifest.,2026-07-17T18:06:48.285218
lacharente,bd6t55099414p,,failed,0,0,,no_usable_pages,known,,,bd6t55099414p: no usable pages in manifest.,2026-07-17T18:06:48.504246
lacharente,bd6t550994153,,failed,0,0,,no_usable_pages,known,,,bd6t550994153: no usable pages in manifest.,2026-07-17T18:06:48.713522
lacharente,bd6t55099416h,,failed,0,0,,no_usable_pages,known,,,bd6t55099416h: no usable pages in manifest.,2026-07-17T18:06:48.885636
lacharente,bd6t55099417x,,failed,0,0,,no_usable_pages,known,,,bd6t55099417x: no usable pages in manifest.,2026-07-17T18:06:49.041543
lacharente,bd6t55099418b,,failed,0,0,,no_usable_pages,known,,,bd6t55099418b: no usable pages in manifest.,2026-07-17T18:06:49.263487
lacharente,bd6t55099419r,,failed,0,0,,no_usable_pages,known,,,bd6t55099419r: no usable pages in manifest.,2026-07-17T18:06:49.437377
lacharente,bd6t55099420d,,failed,0,0,,no_usable_pages,known,,,bd6t55099420d: no usable pages in manifest.,2026-07-17T18:06:49.621730
lacharente,bd6t55099421t,,failed,0,0,,no_usable_pages,known,,,bd6t55099421t: no usable pages in manifest.,2026-07-17T18:06:49.887990
lacharente,bd6t550994227,,failed,0,0,,no_usable_pages,known,,,bd6t550994227: no usable pages in manifest.,2026-07-17T18:06:50.081987
lacharente,bd6t55099423n,,failed,0,0,,no_usable_pages,known,,,bd6t55099423n: no usable pages in manifest.,2026-07-17T18:06:50.324549
lacharente,bd6t550994242,,failed,0,0,,no_usable_pages,known,,,bd6t550994242: no usable pages in manifest.,2026-07-17T18:06:50.475130
lacharente,bd6t55099425g,,failed,0,0,,no_usable_pages,known,,,bd6t55099425g: no usable pages in manifest.,2026-07-17T18:06:50.648509
lacharente,bd6t55099426w,,failed,0,0,,no_usable_pages,known,,,bd6t55099426w: no usable pages in manifest.,2026-07-17T18:06:50.846552
lacharente,bd6t550994279,,failed,0,0,,no_usable_pages,known,,,bd6t550994279: no usable pages in manifest.,2026-07-17T18:06:50.989525
lacharente,bd6t55099428q,,failed,0,0,,no_usable_pages,known,,,bd6t55099428q: no usable pages in manifest.,2026-07-17T18:06:51.184062
lacharente,bd6t550994294,,failed,0,0,,no_usable_pages,known,,,bd6t550994294: no usable pages in manifest.,2026-07-17T18:06:51.433554
lacharente,bd6t55099430s,,failed,0,0,,no_usable_pages,known,,,bd6t55099430s: no usable pages in manifest.,2026-07-17T18:06:51.623054
lacharente,bd6t550994316,,failed,0,0,,no_usable_pages,known,,,bd6t550994316: no usable pages in manifest.,2026-07-17T18:06:51.818061
lacharente,bd6t55099432m,,failed,0,0,,no_usable_pages,known,,,bd6t55099432m: no usable pages in manifest.,2026-07-17T18:06:52.059949
lacharente,bd6t550994331,,failed,0,0,,no_usable_pages,known,,,bd6t550994331: no usable pages in manifest.,2026-07-17T18:06:52.221298
lacharente,bd6t55099434f,,failed,0,0,,no_usable_pages,known,,,bd6t55099434f: no usable pages in manifest.,2026-07-17T18:06:52.502115
lacharente,bd6t55099435v,,failed,0,0,,no_usable_pages,known,,,bd6t55099435v: no usable pages in manifest.,2026-07-17T18:06:52.752932
lacharente,bd6t550994368,,failed,0,0,,no_usable_pages,known,,,bd6t550994368: no usable pages in manifest.,2026-07-17T18:06:52.938531
lacharente,bd6t55099437p,,failed,0,0,,no_usable_pages,known,,,bd6t55099437p: no usable pages in manifest.,2026-07-17T18:06:53.221409
lacharente,bd6t550994383,,failed,0,0,,no_usable_pages,known,,,bd6t550994383: no usable pages in manifest.,2026-07-17T18:06:53.403305
lacharente,bd6t55099439h,,failed,0,0,,no_usable_pages,known,,,bd6t55099439h: no usable pages in manifest.,2026-07-17T18:06:53.710477
lacharente,bd6t550994405,,failed,0,0,,no_usable_pages,known,,,bd6t550994405: no usable pages in manifest.,2026-07-17T18:06:53.968347
lacharente,bd6t55099441k,,failed,0,0,,no_usable_pages,known,,,bd6t55099441k: no usable pages in manifest.,2026-07-17T18:06:54.275308
lacharente,bd6t550994420,,failed,0,0,,no_usable_pages,known,,,bd6t550994420: no usable pages in manifest.,2026-07-17T18:06:54.492210
lacharente,bd6t55099443d,,failed,0,0,,no_usable_pages,known,,,bd6t55099443d: no usable pages in manifest.,2026-07-17T18:06:54.770185
lacharente,bd6t55099444t,,failed,0,0,,no_usable_pages,known,,,bd6t55099444t: no usable pages in manifest.,2026-07-17T18:06:54.980110
lacharente,bd6t550994457,,failed,0,0,,no_usable_pages,known,,,bd6t550994457: no usable pages in manifest.,2026-07-17T18:06:55.149650
lacharente,bd6t55099446n,,failed,0,0,,no_usable_pages,known,,,bd6t55099446n: no usable pages in manifest.,2026-07-17T18:06:55.509842
lacharente,bd6t550994472,,failed,0,0,,no_usable_pages,known,,,bd6t550994472: no usable pages in manifest.,2026-07-17T18:06:55.828815
lacharente,bd6t55099448g,,failed,0,0,,no_usable_pages,known,,,bd6t55099448g: no usable pages in manifest.,2026-07-17T18:06:56.020685
lacharente,bd6t55099449w,,failed,0,0,,no_usable_pages,known,,,bd6t55099449w: no usable pages in manifest.,2026-07-17T18:06:56.180624
lacharente,bd6t55099450j,,failed,0,0,,no_usable_pages,known,,,bd6t55099450j: no usable pages in manifest.,2026-07-17T18:06:56.336134
lacharente,bd6t55099451z,,failed,0,0,,no_usable_pages,known,,,bd6t55099451z: no usable pages in manifest.,2026-07-17T18:06:56.587888
lacharente,bd6t55099452c,,failed,0,0,,no_usable_pages,known,,,bd6t55099452c: no usable pages in manifest.,2026-07-17T18:06:57.016941
lacharente,bd6t55099453s,,failed,0,0,,no_usable_pages,known,,,bd6t55099453s: no usable pages in manifest.,2026-07-17T18:06:57.327046
lacharente,bd6t550994546,,failed,0,0,,no_usable_pages,known,,,bd6t550994546: no usable pages in manifest.,2026-07-17T18:06:57.601730
lacharente,bd6t55099455m,,failed,0,0,,no_usable_pages,known,,,bd6t55099455m: no usable pages in manifest.,2026-07-17T18:06:57.776629
lacharente,bd6t550994561,,failed,0,0,,no_usable_pages,known,,,bd6t550994561: no usable pages in manifest.,2026-07-17T18:06:58.082044
lacharente,bd6t55099457f,,failed,0,0,,no_usable_pages,known,,,bd6t55099457f: no usable pages in manifest.,2026-07-17T18:06:58.270775
lacharente,bd6t55099458v,,failed,0,0,,no_usable_pages,known,,,bd6t55099458v: no usable pages in manifest.,2026-07-17T18:06:58.534026
lacharente,bd6t550994598,,failed,0,0,,no_usable_pages,known,,,bd6t550994598: no usable pages in manifest.,2026-07-17T18:06:58.876683
lacharente,bd6t55099460x,,failed,0,0,,no_usable_pages,known,,,bd6t55099460x: no usable pages in manifest.,2026-07-17T18:06:59.328884
lacharente,bd6t55099461b,,failed,0,0,,no_usable_pages,known,,,bd6t55099461b: no usable pages in manifest.,2026-07-17T18:06:59.671768
lacharente,bd6t55099462r,,failed,0,0,,no_usable_pages,known,,,bd6t55099462r: no usable pages in manifest.,2026-07-17T18:06:59.872139
lacharente,bd6t550994635,,failed,0,0,,no_usable_pages,known,,,bd6t550994635: no usable pages in manifest.,2026-07-17T18:07:00.178359
lacharente,bd6t55099464k,,failed,0,0,,no_usable_pages,known,,,bd6t55099464k: no usable pages in manifest.,2026-07-17T18:07:00.519137
lacharente,bd6t550994650,,failed,0,0,,no_usable_pages,known,,,bd6t550994650: no usable pages in manifest.,2026-07-17T18:07:00.717457
lacharente,bd6t55099466d,,failed,0,0,,no_usable_pages,known,,,bd6t55099466d: no usable pages in manifest.,2026-07-17T18:07:00.944303
lacharente,bd6t55099467t,,failed,0,0,,no_usable_pages,known,,,bd6t55099467t: no usable pages in manifest.,2026-07-17T18:07:01.123048
lacharente,bd6t550994687,,failed,0,0,,no_usable_pages,known,,,bd6t550994687: no usable pages in manifest.,2026-07-17T18:07:01.301344
lacharente,bd6t55099469n,,failed,0,0,,no_usable_pages,known,,,bd6t55099469n: no usable pages in manifest.,2026-07-17T18:07:01.557049
lacharente,bd6t550994709,,failed,0,0,,no_usable_pages,known,,,bd6t550994709: no usable pages in manifest.,2026-07-17T18:07:01.754635
lacharente,bd6t55099471q,,failed,0,0,,no_usable_pages,known,,,bd6t55099471q: no usable pages in manifest.,2026-07-17T18:07:01.998273
lacharente,bd6t550994724,,failed,0,0,,no_usable_pages,known,,,bd6t550994724: no usable pages in manifest.,2026-07-17T18:07:02.210471
lacharente,bd6t55099473j,,failed,0,0,,no_usable_pages,known,,,bd6t55099473j: no usable pages in manifest.,2026-07-17T18:07:02.468526
lacharente,bd6t55099474z,,failed,0,0,,no_usable_pages,known,,,bd6t55099474z: no usable pages in manifest.,2026-07-17T18:07:02.787691
lacharente,bd6t55099475c,,failed,0,0,,no_usable_pages,known,,,bd6t55099475c: no usable pages in manifest.,2026-07-17T18:07:03.083299
lacharente,bd6t55099476s,,failed,0,0,,no_usable_pages,known,,,bd6t55099476s: no usable pages in manifest.,2026-07-17T18:07:03.289055
lacharente,bd6t550994776,,failed,0,0,,no_usable_pages,known,,,bd6t550994776: no usable pages in manifest.,2026-07-17T18:07:03.425487
lacharente,bd6t55099478m,,failed,0,0,,no_usable_pages,known,,,bd6t55099478m: no usable pages in manifest.,2026-07-17T18:07:03.583305
lacharente,bd6t550994791,,failed,0,0,,no_usable_pages,known,,,bd6t550994791: no usable pages in manifest.,2026-07-17T18:07:03.902912
lacharente,bd6t55099480p,,failed,0,0,,no_usable_pages,known,,,bd6t55099480p: no usable pages in manifest.,2026-07-17T18:07:04.128541
lacharente,bd6t550994813,,failed,0,0,,no_usable_pages,known,,,bd6t550994813: no usable pages in manifest.,2026-07-17T18:07:04.331391
lacharente,bd6t55099482h,,failed,0,0,,no_usable_pages,known,,,bd6t55099482h: no usable pages in manifest.,2026-07-17T18:07:04.601440
lacharente,bd6t55099483x,,failed,0,0,,no_usable_pages,known,,,bd6t55099483x: no usable pages in manifest.,2026-07-17T18:07:04.834426
lacharente,bd6t55099484b,,failed,0,0,,no_usable_pages,known,,,bd6t55099484b: no usable pages in manifest.,2026-07-17T18:07:05.029677
lacharente,bd6t55099485r,,failed,0,0,,no_usable_pages,known,,,bd6t55099485r: no usable pages in manifest.,2026-07-17T18:07:05.255967
lacharente,bd6t550994865,,failed,0,0,,no_usable_pages,known,,,bd6t550994865: no usable pages in manifest.,2026-07-17T18:07:05.454375
lacharente,bd6t55099487k,,failed,0,0,,no_usable_pages,known,,,bd6t55099487k: no usable pages in manifest.,2026-07-17T18:07:05.589539
lacharente,bd6t550994880,,failed,0,0,,no_usable_pages,known,,,bd6t550994880: no usable pages in manifest.,2026-07-17T18:07:05.794103
lacharente,bd6t55099489d,,failed,0,0,,no_usable_pages,known,,,bd6t55099489d: no usable pages in manifest.,2026-07-17T18:07:05.989221
lacharente,bd6t550994902,,failed,0,0,,no_usable_pages,known,,,bd6t550994902: no usable pages in manifest.,2026-07-17T18:07:06.298227
lacharente,bd6t55099491g,,failed,0,0,,no_usable_pages,known,,,bd6t55099491g: no usable pages in manifest.,2026-07-17T18:07:06.532714
lacharente,bd6t55099492w,,failed,0,0,,no_usable_pages,known,,,bd6t55099492w: no usable pages in manifest.,2026-07-17T18:07:06.685244
lacharente,bd6t550994939,,failed,0,0,,no_usable_pages,known,,,bd6t550994939: no usable pages in manifest.,2026-07-17T18:07:06.928435
lacharente,bd6t55099494q,,failed,0,0,,no_usable_pages,known,,,bd6t55099494q: no usable pages in manifest.,2026-07-17T18:07:07.203625
lacharente,bd6t550994954,,failed,0,0,,no_usable_pages,known,,,bd6t550994954: no usable pages in manifest.,2026-07-17T18:07:07.551766
lacharente,bd6t55099496j,,failed,0,0,,no_usable_pages,known,,,bd6t55099496j: no usable pages in manifest.,2026-07-17T18:07:07.739632
lacharente,bd6t55099497z,,failed,0,0,,no_usable_pages,known,,,bd6t55099497z: no usable pages in manifest.,2026-07-17T18:07:07.904518
lacharente,bd6t55099498c,,failed,0,0,,no_usable_pages,known,,,bd6t55099498c: no usable pages in manifest.,2026-07-17T18:07:08.193588
lacharente,bd6t55099499s,,failed,0,0,,no_usable_pages,known,,,bd6t55099499s: no usable pages in manifest.,2026-07-17T18:07:08.374834
lacharente,bd6t550995000,,failed,0,0,,no_usable_pages,known,,,bd6t550995000: no usable pages in manifest.,2026-07-17T18:07:08.654542
lacharente,bd6t55096730w,,failed,0,0,,no_usable_pages,known,,,bd6t55096730w: no usable pages in manifest.,2026-07-17T18:07:08.886309
lacharente,bd6t55099501d,,failed,0,0,,no_usable_pages,known,,,bd6t55099501d: no usable pages in manifest.,2026-07-17T18:07:09.094363
lacharente,bd6t55099502t,,failed,0,0,,no_usable_pages,known,,,bd6t55099502t: no usable pages in manifest.,2026-07-17T18:07:09.367231
lacharente,bd6t550995037,,failed,0,0,,no_usable_pages,known,,,bd6t550995037: no usable pages in manifest.,2026-07-17T18:07:09.568382
lacharente,bd6t55099504n,,failed,0,0,,no_usable_pages,known,,,bd6t55099504n: no usable pages in manifest.,2026-07-17T18:07:09.810079
lacharente,bd6t550995052,,failed,0,0,,no_usable_pages,known,,,bd6t550995052: no usable pages in manifest.,2026-07-17T18:07:09.962008
lacharente,bd6t55099506g,,failed,0,0,,no_usable_pages,known,,,bd6t55099506g: no usable pages in manifest.,2026-07-17T18:07:10.235410
lacharente,bd6t55099507w,,failed,0,0,,no_usable_pages,known,,,bd6t55099507w: no usable pages in manifest.,2026-07-17T18:07:10.426009
lacharente,bd6t550995089,,failed,0,0,,no_usable_pages,known,,,bd6t550995089: no usable pages in manifest.,2026-07-17T18:07:10.635715
lacharente,bd6t55099509q,,failed,0,0,,no_usable_pages,known,,,bd6t55099509q: no usable pages in manifest.,2026-07-17T18:07:10.871977
lacharente,bd6t55099510c,,failed,0,0,,no_usable_pages,known,,,bd6t55099510c: no usable pages in manifest.,2026-07-17T18:07:11.105902
lacharente,bd6t55099511s,,failed,0,0,,no_usable_pages,known,,,bd6t55099511s: no usable pages in manifest.,2026-07-17T18:07:11.293224
lacharente,bd6t550995126,,failed,0,0,,no_usable_pages,known,,,bd6t550995126: no usable pages in manifest.,2026-07-17T18:07:11.605918
lacharente,bd6t55099513m,,failed,0,0,,no_usable_pages,known,,,bd6t55099513m: no usable pages in manifest.,2026-07-17T18:07:11.898118
lacharente,bd6t550995141,,failed,0,0,,no_usable_pages,known,,,bd6t550995141: no usable pages in manifest.,2026-07-17T18:07:12.060860
lacharente,bd6t55099515f,,failed,0,0,,no_usable_pages,known,,,bd6t55099515f: no usable pages in manifest.,2026-07-17T18:07:12.225204
lacharente,bd6t55099516v,,failed,0,0,,no_usable_pages,known,,,bd6t55099516v: no usable pages in manifest.,2026-07-17T18:07:12.432991
lacharente,bd6t550995178,,failed,0,0,,no_usable_pages,known,,,bd6t550995178: no usable pages in manifest.,2026-07-17T18:07:12.645709
lacharente,bd6t55099518p,,failed,0,0,,no_usable_pages,known,,,bd6t55099518p: no usable pages in manifest.,2026-07-17T18:07:12.841538
lacharente,bd6t550995193,,failed,0,0,,no_usable_pages,known,,,bd6t550995193: no usable pages in manifest.,2026-07-17T18:07:13.107605
lacharente,bd6t55099520r,,failed,0,0,,no_usable_pages,known,,,bd6t55099520r: no usable pages in manifest.,2026-07-17T18:07:13.330849
lacharente,bd6t550995215,,failed,0,0,,no_usable_pages,known,,,bd6t550995215: no usable pages in manifest.,2026-07-17T18:07:13.456800
lacharente,bd6t55099522k,,failed,0,0,,no_usable_pages,known,,,bd6t55099522k: no usable pages in manifest.,2026-07-17T18:07:13.704234
lacharente,bd6t550995230,,failed,0,0,,no_usable_pages,known,,,bd6t550995230: no usable pages in manifest.,2026-07-17T18:07:13.990059
lacharente,bd6t55099524d,,failed,0,0,,no_usable_pages,known,,,bd6t55099524d: no usable pages in manifest.,2026-07-17T18:07:14.246621
lacharente,bd6t55099525t,,failed,0,0,,no_usable_pages,known,,,bd6t55099525t: no usable pages in manifest.,2026-07-17T18:07:14.441686
lacharente,bd6t550995267,,failed,0,0,,no_usable_pages,known,,,bd6t550995267: no usable pages in manifest.,2026-07-17T18:07:14.606878
lacharente,bd6t55099527n,,failed,0,0,,no_usable_pages,known,,,bd6t55099527n: no usable pages in manifest.,2026-07-17T18:07:14.832453
lacharente,bd6t550995282,,failed,0,0,,no_usable_pages,known,,,bd6t550995282: no usable pages in manifest.,2026-07-17T18:07:15.134672
lacharente,bd6t55099529g,,failed,0,0,,no_usable_pages,known,,,bd6t55099529g: no usable pages in manifest.,2026-07-17T18:07:15.434225
lacharente,bd6t550995304,,failed,0,0,,no_usable_pages,known,,,bd6t550995304: no usable pages in manifest.,2026-07-17T18:07:15.616101
lacharente,bd6t55099531j,,failed,0,0,,no_usable_pages,known,,,bd6t55099531j: no usable pages in manifest.,2026-07-17T18:07:15.859293
lacharente,bd6t55099533c,,failed,0,0,,no_usable_pages,known,,,bd6t55099533c: no usable pages in manifest.,2026-07-17T18:07:16.086345
lacharente,bd6t55099534s,,failed,0,0,,no_usable_pages,known,,,bd6t55099534s: no usable pages in manifest.,2026-07-17T18:07:16.295900
lacharente,bd6t550995356,,failed,0,0,,no_usable_pages,known,,,bd6t550995356: no usable pages in manifest.,2026-07-17T18:07:16.569924
lacharente,bd6t55099536m,,failed,0,0,,no_usable_pages,known,,,bd6t55099536m: no usable pages in manifest.,2026-07-17T18:07:16.803901
lacharente,bd6t550995371,,failed,0,0,,no_usable_pages,known,,,bd6t550995371: no usable pages in manifest.,2026-07-17T18:07:17.088528
lacharente,bd6t55099532z,,failed,0,0,,no_usable_pages,known,,,bd6t55099532z: no usable pages in manifest.,2026-07-17T18:07:17.318151
lacharente,bd6t55099538f,,failed,0,0,,no_usable_pages,known,,,bd6t55099538f: no usable pages in manifest.,2026-07-17T18:07:17.531605
lacharente,bd6t55099539v,,failed,0,0,,no_usable_pages,known,,,bd6t55099539v: no usable pages in manifest.,2026-07-17T18:07:17.872565
lacharente,bd6t55099540h,,failed,0,0,,no_usable_pages,known,,,bd6t55099540h: no usable pages in manifest.,2026-07-17T18:07:18.103811
lacharente,bd6t55099541x,,failed,0,0,,no_usable_pages,known,,,bd6t55099541x: no usable pages in manifest.,2026-07-17T18:07:18.420865
lacharente,bd6t55099542b,,failed,0,0,,no_usable_pages,known,,,bd6t55099542b: no usable pages in manifest.,2026-07-17T18:07:18.707965
lacharente,bd6t55099543r,,failed,0,0,,no_usable_pages,known,,,bd6t55099543r: no usable pages in manifest.,2026-07-17T18:07:18.959414
lacharente,bd6t55099545k,,failed,0,0,,no_usable_pages,known,,,bd6t55099545k: no usable pages in manifest.,2026-07-17T18:07:19.201480
lacharente,bd6t550995460,,failed,0,0,,no_usable_pages,known,,,bd6t550995460: no usable pages in manifest.,2026-07-17T18:07:19.386925
lacharente,bd6t55099547d,,failed,0,0,,no_usable_pages,known,,,bd6t55099547d: no usable pages in manifest.,2026-07-17T18:07:19.782983
lacharente,bd6t55099548t,,failed,0,0,,no_usable_pages,known,,,bd6t55099548t: no usable pages in manifest.,2026-07-17T18:07:20.020132
lacharente,bd6t550995497,,failed,0,0,,no_usable_pages,known,,,bd6t550995497: no usable pages in manifest.,2026-07-17T18:07:20.207687
lacharente,bd6t55099550w,,failed,0,0,,no_usable_pages,known,,,bd6t55099550w: no usable pages in manifest.,2026-07-17T18:07:20.390573
lacharente,bd6t550995519,,failed,0,0,,no_usable_pages,known,,,bd6t550995519: no usable pages in manifest.,2026-07-17T18:07:20.629474
lacharente,bd6t55099552q,,failed,0,0,,no_usable_pages,known,,,bd6t55099552q: no usable pages in manifest.,2026-07-17T18:07:20.794700
lacharente,bd6t550995534,,failed,0,0,,no_usable_pages,known,,,bd6t550995534: no usable pages in manifest.,2026-07-17T18:07:21.050979
lacharente,bd6t55099554j,,failed,0,0,,no_usable_pages,known,,,bd6t55099554j: no usable pages in manifest.,2026-07-17T18:07:21.246258
lacharente,bd6t55099555z,,failed,0,0,,no_usable_pages,known,,,bd6t55099555z: no usable pages in manifest.,2026-07-17T18:07:21.438021
lacharente,bd6t55099556c,,failed,0,0,,no_usable_pages,known,,,bd6t55099556c: no usable pages in manifest.,2026-07-17T18:07:21.609747
lacharente,bd6t55099557s,,failed,0,0,,no_usable_pages,known,,,bd6t55099557s: no usable pages in manifest.,2026-07-17T18:07:21.834240
lacharente,bd6t550995586,,failed,0,0,,no_usable_pages,known,,,bd6t550995586: no usable pages in manifest.,2026-07-17T18:07:22.113233
lacharente,bd6t55099559m,,failed,0,0,,no_usable_pages,known,,,bd6t55099559m: no usable pages in manifest.,2026-07-17T18:07:22.311292
lacharente,bd6t550995608,,failed,0,0,,no_usable_pages,known,,,bd6t550995608: no usable pages in manifest.,2026-07-17T18:07:22.489815
lacharente,bd6t55099561p,,failed,0,0,,no_usable_pages,known,,,bd6t55099561p: no usable pages in manifest.,2026-07-17T18:07:22.724737
lacharente,bd6t55099563h,,failed,0,0,,no_usable_pages,known,,,bd6t55099563h: no usable pages in manifest.,2026-07-17T18:07:22.970960
lacharente,bd6t55099564x,,failed,0,0,,no_usable_pages,known,,,bd6t55099564x: no usable pages in manifest.,2026-07-17T18:07:23.168953
lacharente,bd6t55099565b,,failed,0,0,,no_usable_pages,known,,,bd6t55099565b: no usable pages in manifest.,2026-07-17T18:07:23.337911
lacharente,bd6t55099566r,,failed,0,0,,no_usable_pages,known,,,bd6t55099566r: no usable pages in manifest.,2026-07-17T18:07:23.574585
lacharente,bd6t550995675,,failed,0,0,,no_usable_pages,known,,,bd6t550995675: no usable pages in manifest.,2026-07-17T18:07:23.718612
lacharente,bd6t55099568k,,failed,0,0,,no_usable_pages,known,,,bd6t55099568k: no usable pages in manifest.,2026-07-17T18:07:23.957535
lacharente,bd6t550995690,,failed,0,0,,no_usable_pages,known,,,bd6t550995690: no usable pages in manifest.,2026-07-17T18:07:24.201375
lacharente,bd6t55099572g,,failed,0,0,,no_usable_pages,known,,,bd6t55099572g: no usable pages in manifest.,2026-07-17T18:07:24.439369
lacharente,bd6t55099570n,,failed,0,0,,no_usable_pages,known,,,bd6t55099570n: no usable pages in manifest.,2026-07-17T18:07:24.787181
lacharente,bd6t550995712,,failed,0,0,,no_usable_pages,known,,,bd6t550995712: no usable pages in manifest.,2026-07-17T18:07:25.071197
lacharente,bd6t55099573w,,failed,0,0,,no_usable_pages,known,,,bd6t55099573w: no usable pages in manifest.,2026-07-17T18:07:25.279702
lacharente,bd6t550995749,,failed,0,0,,no_usable_pages,known,,,bd6t550995749: no usable pages in manifest.,2026-07-17T18:07:25.453914
lacharente,bd6t55099575q,,failed,0,0,,no_usable_pages,known,,,bd6t55099575q: no usable pages in manifest.,2026-07-17T18:07:25.652436
lacharente,bd6t550995764,,failed,0,0,,no_usable_pages,known,,,bd6t550995764: no usable pages in manifest.,2026-07-17T18:07:25.823003
lacharente,bd6t55099577j,,failed,0,0,,no_usable_pages,known,,,bd6t55099577j: no usable pages in manifest.,2026-07-17T18:07:25.961983
lacharente,bd6t55099578z,,failed,0,0,,no_usable_pages,known,,,bd6t55099578z: no usable pages in manifest.,2026-07-17T18:07:26.157409
lacharente,bd6t55099579c,,failed,0,0,,no_usable_pages,known,,,bd6t55099579c: no usable pages in manifest.,2026-07-17T18:07:26.374151
lacharente,bd6t550995801,,failed,0,0,,no_usable_pages,known,,,bd6t550995801: no usable pages in manifest.,2026-07-17T18:07:26.540998
lacharente,bd6t55099581f,,failed,0,0,,no_usable_pages,known,,,bd6t55099581f: no usable pages in manifest.,2026-07-17T18:07:26.770713
lacharente,bd6t55099582v,,failed,0,0,,no_usable_pages,known,,,bd6t55099582v: no usable pages in manifest.,2026-07-17T18:07:26.961460
lacharente,bd6t550995838,,failed,0,0,,no_usable_pages,known,,,bd6t550995838: no usable pages in manifest.,2026-07-17T18:07:27.131187
lacharente,bd6t55099584p,,failed,0,0,,no_usable_pages,known,,,bd6t55099584p: no usable pages in manifest.,2026-07-17T18:07:27.445762
lacharente,bd6t550995853,,failed,0,0,,no_usable_pages,known,,,bd6t550995853: no usable pages in manifest.,2026-07-17T18:07:27.682621
lacharente,bd6t55099586h,,failed,0,0,,no_usable_pages,known,,,bd6t55099586h: no usable pages in manifest.,2026-07-17T18:07:27.912315
lacharente,bd6t55099587x,,failed,0,0,,no_usable_pages,known,,,bd6t55099587x: no usable pages in manifest.,2026-07-17T18:07:28.116963
lacharente,bd6t55099588b,,failed,0,0,,no_usable_pages,known,,,bd6t55099588b: no usable pages in manifest.,2026-07-17T18:07:28.413851
lacharente,bd6t55099589r,,failed,0,0,,no_usable_pages,known,,,bd6t55099589r: no usable pages in manifest.,2026-07-17T18:07:28.690211
lacharente,bd6t55099590d,,failed,0,0,,no_usable_pages,known,,,bd6t55099590d: no usable pages in manifest.,2026-07-17T18:07:28.872733
lacharente,bd6t55099591t,,failed,0,0,,no_usable_pages,known,,,bd6t55099591t: no usable pages in manifest.,2026-07-17T18:07:29.076757
lacharente,bd6t550995927,,failed,0,0,,no_usable_pages,known,,,bd6t550995927: no usable pages in manifest.,2026-07-17T18:07:29.250951
lacharente,bd6t550999041,,failed,0,0,,no_usable_pages,known,,,bd6t550999041: no usable pages in manifest.,2026-07-17T18:07:29.471855
lacharente,bd6t55099593n,,failed,0,0,,no_usable_pages,known,,,bd6t55099593n: no usable pages in manifest.,2026-07-17T18:07:29.705299
lacharente,bd6t550995942,,failed,0,0,,no_usable_pages,known,,,bd6t550995942: no usable pages in manifest.,2026-07-17T18:07:29.895103
lacharente,bd6t55099595g,,failed,0,0,,no_usable_pages,known,,,bd6t55099595g: no usable pages in manifest.,2026-07-17T18:07:30.134877
lacharente,bd6t55099596w,,failed,0,0,,no_usable_pages,known,,,bd6t55099596w: no usable pages in manifest.,2026-07-17T18:07:30.342338
lacharente,bd6t550995979,,failed,0,0,,no_usable_pages,known,,,bd6t550995979: no usable pages in manifest.,2026-07-17T18:07:30.643189
lacharente,bd6t55099598q,,failed,0,0,,no_usable_pages,known,,,bd6t55099598q: no usable pages in manifest.,2026-07-17T18:07:30.865213
lacharente,bd6t550995994,,failed,0,0,,no_usable_pages,known,,,bd6t550995994: no usable pages in manifest.,2026-07-17T18:07:31.001505
lacharente,bd6t55099600b,,failed,0,0,,no_usable_pages,known,,,bd6t55099600b: no usable pages in manifest.,2026-07-17T18:07:31.203138
lacharente,bd6t55099601r,,failed,0,0,,no_usable_pages,known,,,bd6t55099601r: no usable pages in manifest.,2026-07-17T18:07:31.330388
lacharente,bd6t550996025,,failed,0,0,,no_usable_pages,known,,,bd6t550996025: no usable pages in manifest.,2026-07-17T18:07:31.504172
lacharente,bd6t55099603k,,failed,0,0,,no_usable_pages,known,,,bd6t55099603k: no usable pages in manifest.,2026-07-17T18:07:31.744504
lacharente,bd6t550996040,,failed,0,0,,no_usable_pages,known,,,bd6t550996040: no usable pages in manifest.,2026-07-17T18:07:31.962172
lacharente,bd6t55099605d,,failed,0,0,,no_usable_pages,known,,,bd6t55099605d: no usable pages in manifest.,2026-07-17T18:07:32.175345
lacharente,bd6t55099606t,,failed,0,0,,no_usable_pages,known,,,bd6t55099606t: no usable pages in manifest.,2026-07-17T18:07:32.444596
lacharente,bd6t550996077,,failed,0,0,,no_usable_pages,known,,,bd6t550996077: no usable pages in manifest.,2026-07-17T18:07:32.598761
lacharente,bd6t55099613z,,failed,0,0,,no_usable_pages,known,,,bd6t55099613z: no usable pages in manifest.,2026-07-17T18:07:32.845195
lacharente,bd6t55099608n,,failed,0,0,,no_usable_pages,known,,,bd6t55099608n: no usable pages in manifest.,2026-07-17T18:07:33.043501
lacharente,bd6t550996092,,failed,0,0,,no_usable_pages,known,,,bd6t550996092: no usable pages in manifest.,2026-07-17T18:07:33.267495
lacharente,bd6t55099610q,,failed,0,0,,no_usable_pages,known,,,bd6t55099610q: no usable pages in manifest.,2026-07-17T18:07:33.548895
lacharente,bd6t550996114,,failed,0,0,,no_usable_pages,known,,,bd6t550996114: no usable pages in manifest.,2026-07-17T18:07:33.754147
lacharente,bd6t55099612j,,failed,0,0,,no_usable_pages,known,,,bd6t55099612j: no usable pages in manifest.,2026-07-17T18:07:34.026766
lacharente,bd6t55099614c,,failed,0,0,,no_usable_pages,known,,,bd6t55099614c: no usable pages in manifest.,2026-07-17T18:07:34.215895
lacharente,bd6t55099615s,,failed,0,0,,no_usable_pages,known,,,bd6t55099615s: no usable pages in manifest.,2026-07-17T18:07:34.404763
lacharente,bd6t550996166,,failed,0,0,,no_usable_pages,known,,,bd6t550996166: no usable pages in manifest.,2026-07-17T18:07:34.676325
lacharente,bd6t55099617m,,failed,0,0,,no_usable_pages,known,,,bd6t55099617m: no usable pages in manifest.,2026-07-17T18:07:34.830040
lacharente,bd6t550996181,,failed,0,0,,no_usable_pages,known,,,bd6t550996181: no usable pages in manifest.,2026-07-17T18:07:35.062097
lacharente,bd6t55099619f,,failed,0,0,,no_usable_pages,known,,,bd6t55099619f: no usable pages in manifest.,2026-07-17T18:07:35.356764
lacharente,bd6t550996203,,failed,0,0,,no_usable_pages,known,,,bd6t550996203: no usable pages in manifest.,2026-07-17T18:07:35.519207
lacharente,bd6t55099621h,,failed,0,0,,no_usable_pages,known,,,bd6t55099621h: no usable pages in manifest.,2026-07-17T18:07:35.751253
lacharente,bd6t55099622x,,failed,0,0,,no_usable_pages,known,,,bd6t55099622x: no usable pages in manifest.,2026-07-17T18:07:35.928824
lacharente,bd6t55099623b,,failed,0,0,,no_usable_pages,known,,,bd6t55099623b: no usable pages in manifest.,2026-07-17T18:07:36.133023
lacharente,bd6t55099624r,,failed,0,0,,no_usable_pages,known,,,bd6t55099624r: no usable pages in manifest.,2026-07-17T18:07:36.351363
lacharente,bd6t550996255,,failed,0,0,,no_usable_pages,known,,,bd6t550996255: no usable pages in manifest.,2026-07-17T18:07:36.517664
lacharente,bd6t55099626k,,failed,0,0,,no_usable_pages,known,,,bd6t55099626k: no usable pages in manifest.,2026-07-17T18:07:36.736551
lacharente,bd6t550996270,,failed,0,0,,no_usable_pages,known,,,bd6t550996270: no usable pages in manifest.,2026-07-17T18:07:36.962263
lacharente,bd6t55099628d,,failed,0,0,,no_usable_pages,known,,,bd6t55099628d: no usable pages in manifest.,2026-07-17T18:07:37.297370
lacharente,bd6t55099629t,,failed,0,0,,no_usable_pages,known,,,bd6t55099629t: no usable pages in manifest.,2026-07-17T18:07:37.618320
lacharente,bd6t55099630g,,failed,0,0,,no_usable_pages,known,,,bd6t55099630g: no usable pages in manifest.,2026-07-17T18:07:37.926183
lacharente,bd6t55099631w,,failed,0,0,,no_usable_pages,known,,,bd6t55099631w: no usable pages in manifest.,2026-07-17T18:07:38.112871
lacharente,bd6t550996329,,failed,0,0,,no_usable_pages,known,,,bd6t550996329: no usable pages in manifest.,2026-07-17T18:07:38.387125
lacharente,bd6t55099633q,,failed,0,0,,no_usable_pages,known,,,bd6t55099633q: no usable pages in manifest.,2026-07-17T18:07:38.554017
lacharente,bd6t550996344,,failed,0,0,,no_usable_pages,known,,,bd6t550996344: no usable pages in manifest.,2026-07-17T18:07:38.807579
lacharente,bd6t55099635j,,failed,0,0,,no_usable_pages,known,,,bd6t55099635j: no usable pages in manifest.,2026-07-17T18:07:39.035215
lacharente,bd6t55099636z,,failed,0,0,,no_usable_pages,known,,,bd6t55099636z: no usable pages in manifest.,2026-07-17T18:07:39.249164
lacharente,bd6t55099637c,,failed,0,0,,no_usable_pages,known,,,bd6t55099637c: no usable pages in manifest.,2026-07-17T18:07:39.479934
lacharente,bd6t55099638s,,failed,0,0,,no_usable_pages,known,,,bd6t55099638s: no usable pages in manifest.,2026-07-17T18:07:39.663609
lacharente,bd6t550996396,,failed,0,0,,no_usable_pages,known,,,bd6t550996396: no usable pages in manifest.,2026-07-17T18:07:39.941293
lacharente,bd6t55099640v,,failed,0,0,,no_usable_pages,known,,,bd6t55099640v: no usable pages in manifest.,2026-07-17T18:07:40.157970
lacharente,bd6t550996418,,failed,0,0,,no_usable_pages,known,,,bd6t550996418: no usable pages in manifest.,2026-07-17T18:07:40.342929
lacharente,bd6t55099642p,,failed,0,0,,no_usable_pages,known,,,bd6t55099642p: no usable pages in manifest.,2026-07-17T18:07:40.584969
lacharente,bd6t550996433,,failed,0,0,,no_usable_pages,known,,,bd6t550996433: no usable pages in manifest.,2026-07-17T18:07:40.747096
lacharente,bd6t55099644h,,failed,0,0,,no_usable_pages,known,,,bd6t55099644h: no usable pages in manifest.,2026-07-17T18:07:41.045392
lacharente,bd6t55099645x,,failed,0,0,,no_usable_pages,known,,,bd6t55099645x: no usable pages in manifest.,2026-07-17T18:07:41.361573
lacharente,bd6t55099646b,,failed,0,0,,no_usable_pages,known,,,bd6t55099646b: no usable pages in manifest.,2026-07-17T18:07:41.539605
lacharente,bd6t55099647r,,failed,0,0,,no_usable_pages,known,,,bd6t55099647r: no usable pages in manifest.,2026-07-17T18:07:41.736822
lacharente,bd6t550996485,,failed,0,0,,no_usable_pages,known,,,bd6t550996485: no usable pages in manifest.,2026-07-17T18:07:41.901014
lacharente,bd6t55099649k,,failed,0,0,,no_usable_pages,known,,,bd6t55099649k: no usable pages in manifest.,2026-07-17T18:07:42.130556
lacharente,bd6t550996507,,failed,0,0,,no_usable_pages,known,,,bd6t550996507: no usable pages in manifest.,2026-07-17T18:07:42.403458
lacharente,bd6t55099651n,,failed,0,0,,no_usable_pages,known,,,bd6t55099651n: no usable pages in manifest.,2026-07-17T18:07:42.582530
lacharente,bd6t550996522,,failed,0,0,,no_usable_pages,known,,,bd6t550996522: no usable pages in manifest.,2026-07-17T18:07:42.826270
lacharente,bd6t55099653g,,failed,0,0,,no_usable_pages,known,,,bd6t55099653g: no usable pages in manifest.,2026-07-17T18:07:43.007829
lacharente,bd6t55099654w,,failed,0,0,,no_usable_pages,known,,,bd6t55099654w: no usable pages in manifest.,2026-07-17T18:07:43.344216
lacharente,bd6t550996559,,failed,0,0,,no_usable_pages,known,,,bd6t550996559: no usable pages in manifest.,2026-07-17T18:07:43.566971
lacharente,bd6t55099656q,,failed,0,0,,no_usable_pages,known,,,bd6t55099656q: no usable pages in manifest.,2026-07-17T18:07:43.764903
lacharente,bd6t550996574,,failed,0,0,,no_usable_pages,known,,,bd6t550996574: no usable pages in manifest.,2026-07-17T18:07:44.002300
lacharente,bd6t55099658j,,failed,0,0,,no_usable_pages,known,,,bd6t55099658j: no usable pages in manifest.,2026-07-17T18:07:44.197251
lacharente,bd6t55099659z,,failed,0,0,,no_usable_pages,known,,,bd6t55099659z: no usable pages in manifest.,2026-07-17T18:07:44.455002
lacharente,bd6t55099660m,,failed,0,0,,no_usable_pages,known,,,bd6t55099660m: no usable pages in manifest.,2026-07-17T18:07:44.738462
lacharente,bd6t550996611,,failed,0,0,,no_usable_pages,known,,,bd6t550996611: no usable pages in manifest.,2026-07-17T18:07:44.993074
lacharente,bd6t55099662f,,failed,0,0,,no_usable_pages,known,,,bd6t55099662f: no usable pages in manifest.,2026-07-17T18:07:45.202768
lacharente,bd6t55099663v,,failed,0,0,,no_usable_pages,known,,,bd6t55099663v: no usable pages in manifest.,2026-07-17T18:07:45.504311
lacharente,bd6t550996648,,failed,0,0,,no_usable_pages,known,,,bd6t550996648: no usable pages in manifest.,2026-07-17T18:07:45.730765
lacharente,bd6t55099665p,,failed,0,0,,no_usable_pages,known,,,bd6t55099665p: no usable pages in manifest.,2026-07-17T18:07:45.994622
lacharente,bd6t550996663,,failed,0,0,,no_usable_pages,known,,,bd6t550996663: no usable pages in manifest.,2026-07-17T18:07:46.153609
lacharente,bd6t55099667h,,failed,0,0,,no_usable_pages,known,,,bd6t55099667h: no usable pages in manifest.,2026-07-17T18:07:46.333472
lacharente,bd6t55099668x,,failed,0,0,,no_usable_pages,known,,,bd6t55099668x: no usable pages in manifest.,2026-07-17T18:07:46.590474
lacharente,bd6t55099669b,,failed,0,0,,no_usable_pages,known,,,bd6t55099669b: no usable pages in manifest.,2026-07-17T18:07:46.892182
lacharente,bd6t550996700,,failed,0,0,,no_usable_pages,known,,,bd6t550996700: no usable pages in manifest.,2026-07-17T18:07:47.161055
lacharente,bd6t55099671d,,failed,0,0,,no_usable_pages,known,,,bd6t55099671d: no usable pages in manifest.,2026-07-17T18:07:47.397170
lacharente,bd6t55099672t,,failed,0,0,,no_usable_pages,known,,,bd6t55099672t: no usable pages in manifest.,2026-07-17T18:07:47.673171
lacharente,bd6t550996737,,failed,0,0,,no_usable_pages,known,,,bd6t550996737: no usable pages in manifest.,2026-07-17T18:07:47.907063
lacharente,bd6t55099674n,,failed,0,0,,no_usable_pages,known,,,bd6t55099674n: no usable pages in manifest.,2026-07-17T18:07:48.114717
lacharente,bd6t550996752,,failed,0,0,,no_usable_pages,known,,,bd6t550996752: no usable pages in manifest.,2026-07-17T18:07:48.274075
lacharente,bd6t55099676g,,failed,0,0,,no_usable_pages,known,,,bd6t55099676g: no usable pages in manifest.,2026-07-17T18:07:48.525205
lacharente,bd6t55099677w,,failed,0,0,,no_usable_pages,known,,,bd6t55099677w: no usable pages in manifest.,2026-07-17T18:07:48.787283
lacharente,bd6t550996789,,failed,0,0,,no_usable_pages,known,,,bd6t550996789: no usable pages in manifest.,2026-07-17T18:07:49.221142
lacharente,bd6t55099679q,,failed,0,0,,no_usable_pages,known,,,bd6t55099679q: no usable pages in manifest.,2026-07-17T18:07:49.448501
lacharente,bd6t55099680c,,failed,0,0,,no_usable_pages,known,,,bd6t55099680c: no usable pages in manifest.,2026-07-17T18:07:49.872972
lacharente,bd6t55099681s,,failed,0,0,,no_usable_pages,known,,,bd6t55099681s: no usable pages in manifest.,2026-07-17T18:07:50.173358
lacharente,bd6t550996826,,failed,0,0,,no_usable_pages,known,,,bd6t550996826: no usable pages in manifest.,2026-07-17T18:07:50.415614
lacharente,bd6t55099683m,,failed,0,0,,no_usable_pages,known,,,bd6t55099683m: no usable pages in manifest.,2026-07-17T18:07:50.598773
lacharente,bd6t550996841,,failed,0,0,,no_usable_pages,known,,,bd6t550996841: no usable pages in manifest.,2026-07-17T18:07:50.893119
lacharente,bd6t55099685f,,failed,0,0,,no_usable_pages,known,,,bd6t55099685f: no usable pages in manifest.,2026-07-17T18:07:51.147372
lacharente,bd6t55099686v,,failed,0,0,,no_usable_pages,known,,,bd6t55099686v: no usable pages in manifest.,2026-07-17T18:07:51.395185
lacharente,bd6t550996878,,failed,0,0,,no_usable_pages,known,,,bd6t550996878: no usable pages in manifest.,2026-07-17T18:07:51.603874
lacharente,bd6t55099688p,,failed,0,0,,no_usable_pages,known,,,bd6t55099688p: no usable pages in manifest.,2026-07-17T18:07:51.854199
lacharente,bd6t550996893,,failed,0,0,,no_usable_pages,known,,,bd6t550996893: no usable pages in manifest.,2026-07-17T18:07:52.050546
lacharente,bd6t55099690r,,failed,0,0,,no_usable_pages,known,,,bd6t55099690r: no usable pages in manifest.,2026-07-17T18:07:52.350329
lacharente,bd6t550996915,,failed,0,0,,no_usable_pages,known,,,bd6t550996915: no usable pages in manifest.,2026-07-17T18:07:52.668875
lacharente,bd6t55099692k,,failed,0,0,,no_usable_pages,known,,,bd6t55099692k: no usable pages in manifest.,2026-07-17T18:07:52.862274
lacharente,bd6t550996930,,failed,0,0,,no_usable_pages,known,,,bd6t550996930: no usable pages in manifest.,2026-07-17T18:07:53.115581
lacharente,bd6t55099694d,,failed,0,0,,no_usable_pages,known,,,bd6t55099694d: no usable pages in manifest.,2026-07-17T18:07:53.344112
lacharente,bd6t55099695t,,failed,0,0,,no_usable_pages,known,,,bd6t55099695t: no usable pages in manifest.,2026-07-17T18:07:53.500323
lacharente,bd6t550996967,,failed,0,0,,no_usable_pages,known,,,bd6t550996967: no usable pages in manifest.,2026-07-17T18:07:53.909055
lacharente,bd6t55099697n,,failed,0,0,,no_usable_pages,known,,,bd6t55099697n: no usable pages in manifest.,2026-07-17T18:07:54.098128
lacharente,bd6t550996982,,failed,0,0,,no_usable_pages,known,,,bd6t550996982: no usable pages in manifest.,2026-07-17T18:07:54.355345
lacharente,bd6t55099699g,,failed,0,0,,no_usable_pages,known,,,bd6t55099699g: no usable pages in manifest.,2026-07-17T18:07:54.536571
lacharente,bd6t55099700p,,failed,0,0,,no_usable_pages,known,,,bd6t55099700p: no usable pages in manifest.,2026-07-17T18:07:54.846281
lacharente,bd6t550997013,,failed,0,0,,no_usable_pages,known,,,bd6t550997013: no usable pages in manifest.,2026-07-17T18:07:55.013453
lacharente,bd6t55099702h,,failed,0,0,,no_usable_pages,known,,,bd6t55099702h: no usable pages in manifest.,2026-07-17T18:07:55.205038
lacharente,bd6t55099703x,,failed,0,0,,no_usable_pages,known,,,bd6t55099703x: no usable pages in manifest.,2026-07-17T18:07:55.475697
lacharente,bd6t55099704b,,failed,0,0,,no_usable_pages,known,,,bd6t55099704b: no usable pages in manifest.,2026-07-17T18:07:55.658547
lacharente,bd6t55099705r,,failed,0,0,,no_usable_pages,known,,,bd6t55099705r: no usable pages in manifest.,2026-07-17T18:07:55.918205
lacharente,bd6t550997065,,failed,0,0,,no_usable_pages,known,,,bd6t550997065: no usable pages in manifest.,2026-07-17T18:07:56.125026
lacharente,bd6t55099707k,,failed,0,0,,no_usable_pages,known,,,bd6t55099707k: no usable pages in manifest.,2026-07-17T18:07:56.508664
lacharente,bd6t550997080,,failed,0,0,,no_usable_pages,known,,,bd6t550997080: no usable pages in manifest.,2026-07-17T18:07:56.736059
lacharente,bd6t55099709d,,failed,0,0,,no_usable_pages,known,,,bd6t55099709d: no usable pages in manifest.,2026-07-17T18:07:57.056902
lacharente,bd6t550997102,,failed,0,0,,no_usable_pages,known,,,bd6t550997102: no usable pages in manifest.,2026-07-17T18:07:57.222315
lacharente,bd6t55099711g,,failed,0,0,,no_usable_pages,known,,,bd6t55099711g: no usable pages in manifest.,2026-07-17T18:07:57.480925
lacharente,bd6t55099712w,,failed,0,0,,no_usable_pages,known,,,bd6t55099712w: no usable pages in manifest.,2026-07-17T18:07:57.819716
lacharente,bd6t550997139,,failed,0,0,,no_usable_pages,known,,,bd6t550997139: no usable pages in manifest.,2026-07-17T18:07:58.158864
lacharente,bd6t55099714q,,failed,0,0,,no_usable_pages,known,,,bd6t55099714q: no usable pages in manifest.,2026-07-17T18:07:58.359426
lacharente,bd6t550997154,,failed,0,0,,no_usable_pages,known,,,bd6t550997154: no usable pages in manifest.,2026-07-17T18:07:58.584071
lacharente,bd6t55099716j,,failed,0,0,,no_usable_pages,known,,,bd6t55099716j: no usable pages in manifest.,2026-07-17T18:07:58.780744
lacharente,bd6t55099717z,,failed,0,0,,no_usable_pages,known,,,bd6t55099717z: no usable pages in manifest.,2026-07-17T18:07:59.008664
lacharente,bd6t55099718c,,failed,0,0,,no_usable_pages,known,,,bd6t55099718c: no usable pages in manifest.,2026-07-17T18:07:59.350914
lacharente,bd6t55099719s,,failed,0,0,,no_usable_pages,known,,,bd6t55099719s: no usable pages in manifest.,2026-07-17T18:07:59.549064
lacharente,bd6t55099720f,,failed,0,0,,no_usable_pages,known,,,bd6t55099720f: no usable pages in manifest.,2026-07-17T18:07:59.761485
lacharente,bd6t55099721v,,failed,0,0,,no_usable_pages,known,,,bd6t55099721v: no usable pages in manifest.,2026-07-17T18:08:00.147730
lacharente,bd6t550997228,,failed,0,0,,no_usable_pages,known,,,bd6t550997228: no usable pages in manifest.,2026-07-17T18:08:00.395416
lacharente,bd6t55099723p,,failed,0,0,,no_usable_pages,known,,,bd6t55099723p: no usable pages in manifest.,2026-07-17T18:08:00.573212
lacharente,bd6t550997243,,failed,0,0,,no_usable_pages,known,,,bd6t550997243: no usable pages in manifest.,2026-07-17T18:08:00.737294
lacharente,bd6t55099725h,,failed,0,0,,no_usable_pages,known,,,bd6t55099725h: no usable pages in manifest.,2026-07-17T18:08:00.963516
lacharente,bd6t55099726x,,failed,0,0,,no_usable_pages,known,,,bd6t55099726x: no usable pages in manifest.,2026-07-17T18:08:01.204616
lacharente,bd6t55099727b,,failed,0,0,,no_usable_pages,known,,,bd6t55099727b: no usable pages in manifest.,2026-07-17T18:08:01.418391
lacharente,bd6t55099728r,,failed,0,0,,no_usable_pages,known,,,bd6t55099728r: no usable pages in manifest.,2026-07-17T18:08:01.593311
lacharente,bd6t550997295,,failed,0,0,,no_usable_pages,known,,,bd6t550997295: no usable pages in manifest.,2026-07-17T18:08:01.729822
lacharente,bd6t55099730t,,failed,0,0,,no_usable_pages,known,,,bd6t55099730t: no usable pages in manifest.,2026-07-17T18:08:01.931023
lacharente,bd6t550997317,,failed,0,0,,no_usable_pages,known,,,bd6t550997317: no usable pages in manifest.,2026-07-17T18:08:02.118433
lacharente,bd6t55099732n,,failed,0,0,,no_usable_pages,known,,,bd6t55099732n: no usable pages in manifest.,2026-07-17T18:08:02.469256
lacharente,bd6t550997332,,failed,0,0,,no_usable_pages,known,,,bd6t550997332: no usable pages in manifest.,2026-07-17T18:08:02.708475
lacharente,bd6t55099734g,,failed,0,0,,no_usable_pages,known,,,bd6t55099734g: no usable pages in manifest.,2026-07-17T18:08:02.925081
lacharente,bd6t55099735w,,failed,0,0,,no_usable_pages,known,,,bd6t55099735w: no usable pages in manifest.,2026-07-17T18:08:03.088462
lacharente,bd6t550997369,,failed,0,0,,no_usable_pages,known,,,bd6t550997369: no usable pages in manifest.,2026-07-17T18:08:03.341680
lacharente,bd6t55099737q,,failed,0,0,,no_usable_pages,known,,,bd6t55099737q: no usable pages in manifest.,2026-07-17T18:08:03.636719
lacharente,bd6t550997384,,failed,0,0,,no_usable_pages,known,,,bd6t550997384: no usable pages in manifest.,2026-07-17T18:08:03.869452
lacharente,bd6t55099739j,,failed,0,0,,no_usable_pages,known,,,bd6t55099739j: no usable pages in manifest.,2026-07-17T18:08:04.068133
lacharente,bd6t550997406,,failed,0,0,,no_usable_pages,known,,,bd6t550997406: no usable pages in manifest.,2026-07-17T18:08:04.288328
lacharente,bd6t55099741m,,failed,0,0,,no_usable_pages,known,,,bd6t55099741m: no usable pages in manifest.,2026-07-17T18:08:04.615049
lacharente,bd6t550997421,,failed,0,0,,no_usable_pages,known,,,bd6t550997421: no usable pages in manifest.,2026-07-17T18:08:04.878373
lacharente,bd6t55099743f,,failed,0,0,,no_usable_pages,known,,,bd6t55099743f: no usable pages in manifest.,2026-07-17T18:08:05.087742
lacharente,bd6t55099744v,,failed,0,0,,no_usable_pages,known,,,bd6t55099744v: no usable pages in manifest.,2026-07-17T18:08:05.276324
lacharente,bd6t550997458,,failed,0,0,,no_usable_pages,known,,,bd6t550997458: no usable pages in manifest.,2026-07-17T18:08:05.546587
lacharente,bd6t55099746p,,failed,0,0,,no_usable_pages,known,,,bd6t55099746p: no usable pages in manifest.,2026-07-17T18:08:05.855371
lacharente,bd6t550997473,,failed,0,0,,no_usable_pages,known,,,bd6t550997473: no usable pages in manifest.,2026-07-17T18:08:06.011882
lacharente,bd6t55099748h,,failed,0,0,,no_usable_pages,known,,,bd6t55099748h: no usable pages in manifest.,2026-07-17T18:08:06.183258
lacharente,bd6t55099749x,,failed,0,0,,no_usable_pages,known,,,bd6t55099749x: no usable pages in manifest.,2026-07-17T18:08:06.368046
lacharente,bd6t55099750k,,failed,0,0,,no_usable_pages,known,,,bd6t55099750k: no usable pages in manifest.,2026-07-17T18:08:06.558561
lacharente,bd6t550997510,,failed,0,0,,no_usable_pages,known,,,bd6t550997510: no usable pages in manifest.,2026-07-17T18:08:06.757373
lacharente,bd6t55099752d,,failed,0,0,,no_usable_pages,known,,,bd6t55099752d: no usable pages in manifest.,2026-07-17T18:08:07.030170
lacharente,bd6t55099753t,,failed,0,0,,no_usable_pages,known,,,bd6t55099753t: no usable pages in manifest.,2026-07-17T18:08:07.244098
lacharente,bd6t550997547,,failed,0,0,,no_usable_pages,known,,,bd6t550997547: no usable pages in manifest.,2026-07-17T18:08:07.446156
lacharente,bd6t55099755n,,failed,0,0,,no_usable_pages,known,,,bd6t55099755n: no usable pages in manifest.,2026-07-17T18:08:07.761728
lacharente,bd6t550997562,,failed,0,0,,no_usable_pages,known,,,bd6t550997562: no usable pages in manifest.,2026-07-17T18:08:08.006843
lacharente,bd6t55099757g,,failed,0,0,,no_usable_pages,known,,,bd6t55099757g: no usable pages in manifest.,2026-07-17T18:08:08.176040
lacharente,bd6t55099758w,,failed,0,0,,no_usable_pages,known,,,bd6t55099758w: no usable pages in manifest.,2026-07-17T18:08:08.370544
lacharente,bd6t550997599,,failed,0,0,,no_usable_pages,known,,,bd6t550997599: no usable pages in manifest.,2026-07-17T18:08:08.537592
lacharente,bd6t55099760z,,failed,0,0,,no_usable_pages,known,,,bd6t55099760z: no usable pages in manifest.,2026-07-17T18:08:08.749605
lacharente,bd6t55099761c,,failed,0,0,,no_usable_pages,known,,,bd6t55099761c: no usable pages in manifest.,2026-07-17T18:08:08.999172
lacharente,bd6t55099762s,,failed,0,0,,no_usable_pages,known,,,bd6t55099762s: no usable pages in manifest.,2026-07-17T18:08:09.207170
lacharente,bd6t550997636,,failed,0,0,,no_usable_pages,known,,,bd6t550997636: no usable pages in manifest.,2026-07-17T18:08:09.435652
lacharente,bd6t55099764m,,failed,0,0,,no_usable_pages,known,,,bd6t55099764m: no usable pages in manifest.,2026-07-17T18:08:09.587805
lacharente,bd6t550997651,,failed,0,0,,no_usable_pages,known,,,bd6t550997651: no usable pages in manifest.,2026-07-17T18:08:09.808319
lacharente,bd6t55099766f,,failed,0,0,,no_usable_pages,known,,,bd6t55099766f: no usable pages in manifest.,2026-07-17T18:08:10.087106
lacharente,bd6t55099767v,,failed,0,0,,no_usable_pages,known,,,bd6t55099767v: no usable pages in manifest.,2026-07-17T18:08:10.304389
lacharente,bd6t550997688,,failed,0,0,,no_usable_pages,known,,,bd6t550997688: no usable pages in manifest.,2026-07-17T18:08:10.512154
lacharente,bd6t55099769p,,failed,0,0,,no_usable_pages,known,,,bd6t55099769p: no usable pages in manifest.,2026-07-17T18:08:10.742742
lacharente,bd6t55099770b,,failed,0,0,,no_usable_pages,known,,,bd6t55099770b: no usable pages in manifest.,2026-07-17T18:08:10.962350
lacharente,bd6t55099771r,,failed,0,0,,no_usable_pages,known,,,bd6t55099771r: no usable pages in manifest.,2026-07-17T18:08:11.388691
lacharente,bd6t550997725,,failed,0,0,,no_usable_pages,known,,,bd6t550997725: no usable pages in manifest.,2026-07-17T18:08:11.689884
lacharente,bd6t55099773k,,failed,0,0,,no_usable_pages,known,,,bd6t55099773k: no usable pages in manifest.,2026-07-17T18:08:11.846179
lacharente,bd6t550997740,,failed,0,0,,no_usable_pages,known,,,bd6t550997740: no usable pages in manifest.,2026-07-17T18:08:11.976004
lacharente,bd6t55099775d,,failed,0,0,,no_usable_pages,known,,,bd6t55099775d: no usable pages in manifest.,2026-07-17T18:08:12.217392
lacharente,bd6t55099776t,,failed,0,0,,no_usable_pages,known,,,bd6t55099776t: no usable pages in manifest.,2026-07-17T18:08:12.480139
lacharente,bd6t550997777,,failed,0,0,,no_usable_pages,known,,,bd6t550997777: no usable pages in manifest.,2026-07-17T18:08:12.654535
lacharente,bd6t55099778n,,failed,0,0,,no_usable_pages,known,,,bd6t55099778n: no usable pages in manifest.,2026-07-17T18:08:12.804754
lacharente,bd6t550997792,,failed,0,0,,no_usable_pages,known,,,bd6t550997792: no usable pages in manifest.,2026-07-17T18:08:12.951644
lacharente,bd6t55099780q,,failed,0,0,,no_usable_pages,known,,,bd6t55099780q: no usable pages in manifest.,2026-07-17T18:08:13.177335
lacharente,bd6t550997814,,failed,0,0,,no_usable_pages,known,,,bd6t550997814: no usable pages in manifest.,2026-07-17T18:08:13.374137
lacharente,bd6t55099782j,,failed,0,0,,no_usable_pages,known,,,bd6t55099782j: no usable pages in manifest.,2026-07-17T18:08:13.665446
lacharente,bd6t55099783z,,failed,0,0,,no_usable_pages,known,,,bd6t55099783z: no usable pages in manifest.,2026-07-17T18:08:13.869217
lacharente,bd6t55099784c,,failed,0,0,,no_usable_pages,known,,,bd6t55099784c: no usable pages in manifest.,2026-07-17T18:08:14.141573
lacharente,bd6t55099785s,,failed,0,0,,no_usable_pages,known,,,bd6t55099785s: no usable pages in manifest.,2026-07-17T18:08:14.412717
lacharente,bd6t550997866,,failed,0,0,,no_usable_pages,known,,,bd6t550997866: no usable pages in manifest.,2026-07-17T18:08:14.694880
lacharente,bd6t55099787m,,failed,0,0,,no_usable_pages,known,,,bd6t55099787m: no usable pages in manifest.,2026-07-17T18:08:14.834751
lacharente,bd6t550997881,,failed,0,0,,no_usable_pages,known,,,bd6t550997881: no usable pages in manifest.,2026-07-17T18:08:15.039211
lacharente,bd6t55099789f,,failed,0,0,,no_usable_pages,known,,,bd6t55099789f: no usable pages in manifest.,2026-07-17T18:08:15.182925
lacharente,bd6t550997903,,failed,0,0,,no_usable_pages,known,,,bd6t550997903: no usable pages in manifest.,2026-07-17T18:08:15.358935
lacharente,bd6t55099791h,,failed,0,0,,no_usable_pages,known,,,bd6t55099791h: no usable pages in manifest.,2026-07-17T18:08:15.686512
lacharente,bd6t55099792x,,failed,0,0,,no_usable_pages,known,,,bd6t55099792x: no usable pages in manifest.,2026-07-17T18:08:15.901924
lacharente,bd6t55099793b,,failed,0,0,,no_usable_pages,known,,,bd6t55099793b: no usable pages in manifest.,2026-07-17T18:08:16.070318
lacharente,bd6t55099794r,,failed,0,0,,no_usable_pages,known,,,bd6t55099794r: no usable pages in manifest.,2026-07-17T18:08:16.257917
lacharente,bd6t550997955,,failed,0,0,,no_usable_pages,known,,,bd6t550997955: no usable pages in manifest.,2026-07-17T18:08:16.400151
lacharente,bd6t55099796k,,failed,0,0,,no_usable_pages,known,,,bd6t55099796k: no usable pages in manifest.,2026-07-17T18:08:16.593885
lacharente,bd6t550997970,,failed,0,0,,no_usable_pages,known,,,bd6t550997970: no usable pages in manifest.,2026-07-17T18:08:16.874990
lacharente,bd6t55099798d,,failed,0,0,,no_usable_pages,known,,,bd6t55099798d: no usable pages in manifest.,2026-07-17T18:08:17.101741
lacharente,bd6t55099799t,,failed,0,0,,no_usable_pages,known,,,bd6t55099799t: no usable pages in manifest.,2026-07-17T18:08:17.333012
lacharente,bd6t550998001,,failed,0,0,,no_usable_pages,known,,,bd6t550998001: no usable pages in manifest.,2026-07-17T18:08:17.533030
lacharente,bd6t55099801f,,failed,0,0,,no_usable_pages,known,,,bd6t55099801f: no usable pages in manifest.,2026-07-17T18:08:17.822647
lacharente,bd6t55099802v,,failed,0,0,,no_usable_pages,known,,,bd6t55099802v: no usable pages in manifest.,2026-07-17T18:08:18.028796
lacharente,bd6t550998038,,failed,0,0,,no_usable_pages,known,,,bd6t550998038: no usable pages in manifest.,2026-07-17T18:08:18.293635
lacharente,bd6t55099804p,,failed,0,0,,no_usable_pages,known,,,bd6t55099804p: no usable pages in manifest.,2026-07-17T18:08:18.489598
lacharente,bd6t550998053,,failed,0,0,,no_usable_pages,known,,,bd6t550998053: no usable pages in manifest.,2026-07-17T18:08:18.648182
lacharente,bd6t55099806h,,failed,0,0,,no_usable_pages,known,,,bd6t55099806h: no usable pages in manifest.,2026-07-17T18:08:18.880809
lacharente,bd6t55099807x,,failed,0,0,,no_usable_pages,known,,,bd6t55099807x: no usable pages in manifest.,2026-07-17T18:08:19.053366
lacharente,bd6t55099808b,,failed,0,0,,no_usable_pages,known,,,bd6t55099808b: no usable pages in manifest.,2026-07-17T18:08:19.260897
lacharente,bd6t55099809r,,failed,0,0,,no_usable_pages,known,,,bd6t55099809r: no usable pages in manifest.,2026-07-17T18:08:19.387683
lacharente,bd6t55099810d,,failed,0,0,,no_usable_pages,known,,,bd6t55099810d: no usable pages in manifest.,2026-07-17T18:08:19.534331
lacharente,bd6t55099811t,,failed,0,0,,no_usable_pages,known,,,bd6t55099811t: no usable pages in manifest.,2026-07-17T18:08:19.688301
lacharente,bd6t550998127,,failed,0,0,,no_usable_pages,known,,,bd6t550998127: no usable pages in manifest.,2026-07-17T18:08:19.972815
lacharente,bd6t55099813n,,failed,0,0,,no_usable_pages,known,,,bd6t55099813n: no usable pages in manifest.,2026-07-17T18:08:20.171772
lacharente,bd6t550998142,,failed,0,0,,no_usable_pages,known,,,bd6t550998142: no usable pages in manifest.,2026-07-17T18:08:20.373359
lacharente,bd6t55099815g,,failed,0,0,,no_usable_pages,known,,,bd6t55099815g: no usable pages in manifest.,2026-07-17T18:08:20.648077
lacharente,bd6t55099816w,,failed,0,0,,no_usable_pages,known,,,bd6t55099816w: no usable pages in manifest.,2026-07-17T18:08:20.806479
lacharente,bd6t550998179,,failed,0,0,,no_usable_pages,known,,,bd6t550998179: no usable pages in manifest.,2026-07-17T18:08:21.039695
lacharente,bd6t55099818q,,failed,0,0,,no_usable_pages,known,,,bd6t55099818q: no usable pages in manifest.,2026-07-17T18:08:21.242887
lacharente,bd6t550998194,,failed,0,0,,no_usable_pages,known,,,bd6t550998194: no usable pages in manifest.,2026-07-17T18:08:21.414948
lacharente,bd6t55099820s,,failed,0,0,,no_usable_pages,known,,,bd6t55099820s: no usable pages in manifest.,2026-07-17T18:08:21.579676
lacharente,bd6t550998216,,failed,0,0,,no_usable_pages,known,,,bd6t550998216: no usable pages in manifest.,2026-07-17T18:08:21.800769
lacharente,bd6t55099822m,,failed,0,0,,no_usable_pages,known,,,bd6t55099822m: no usable pages in manifest.,2026-07-17T18:08:21.992522
lacharente,bd6t550998231,,failed,0,0,,no_usable_pages,known,,,bd6t550998231: no usable pages in manifest.,2026-07-17T18:08:22.173779
lacharente,bd6t55099824f,,failed,0,0,,no_usable_pages,known,,,bd6t55099824f: no usable pages in manifest.,2026-07-17T18:08:22.357316
lacharente,bd6t55099825v,,failed,0,0,,no_usable_pages,known,,,bd6t55099825v: no usable pages in manifest.,2026-07-17T18:08:22.564673
lacharente,bd6t550998268,,failed,0,0,,no_usable_pages,known,,,bd6t550998268: no usable pages in manifest.,2026-07-17T18:08:22.723537
lacharente,bd6t55099827p,,failed,0,0,,no_usable_pages,known,,,bd6t55099827p: no usable pages in manifest.,2026-07-17T18:08:22.901611
lacharente,bd6t550998283,,failed,0,0,,no_usable_pages,known,,,bd6t550998283: no usable pages in manifest.,2026-07-17T18:08:23.047891
lacharente,bd6t55099829h,,failed,0,0,,no_usable_pages,known,,,bd6t55099829h: no usable pages in manifest.,2026-07-17T18:08:23.308493
lacharente,bd6t550998305,,failed,0,0,,no_usable_pages,known,,,bd6t550998305: no usable pages in manifest.,2026-07-17T18:08:23.543043
lacharente,bd6t55099831k,,failed,0,0,,no_usable_pages,known,,,bd6t55099831k: no usable pages in manifest.,2026-07-17T18:08:23.772866
lacharente,bd6t550998320,,failed,0,0,,no_usable_pages,known,,,bd6t550998320: no usable pages in manifest.,2026-07-17T18:08:24.002116
lacharente,bd6t55099833d,,failed,0,0,,no_usable_pages,known,,,bd6t55099833d: no usable pages in manifest.,2026-07-17T18:08:24.188005
lacharente,bd6t55099834t,,failed,0,0,,no_usable_pages,known,,,bd6t55099834t: no usable pages in manifest.,2026-07-17T18:08:24.451865
lacharente,bd6t550998357,,failed,0,0,,no_usable_pages,known,,,bd6t550998357: no usable pages in manifest.,2026-07-17T18:08:24.778245
lacharente,bd6t55099836n,,failed,0,0,,no_usable_pages,known,,,bd6t55099836n: no usable pages in manifest.,2026-07-17T18:08:24.989812
lacharente,bd6t550998372,,failed,0,0,,no_usable_pages,known,,,bd6t550998372: no usable pages in manifest.,2026-07-17T18:08:25.243640
lacharente,bd6t55099838g,,failed,0,0,,no_usable_pages,known,,,bd6t55099838g: no usable pages in manifest.,2026-07-17T18:08:25.451528
lacharente,bd6t55099839w,,failed,0,0,,no_usable_pages,known,,,bd6t55099839w: no usable pages in manifest.,2026-07-17T18:08:25.651847
lacharente,bd6t55099840j,,failed,0,0,,no_usable_pages,known,,,bd6t55099840j: no usable pages in manifest.,2026-07-17T18:08:25.877096
lacharente,bd6t55099841z,,failed,0,0,,no_usable_pages,known,,,bd6t55099841z: no usable pages in manifest.,2026-07-17T18:08:26.104701
lacharente,bd6t55099842c,,failed,0,0,,no_usable_pages,known,,,bd6t55099842c: no usable pages in manifest.,2026-07-17T18:08:26.291259
lacharente,bd6t55099843s,,failed,0,0,,no_usable_pages,known,,,bd6t55099843s: no usable pages in manifest.,2026-07-17T18:08:26.511038
lacharente,bd6t550998446,,failed,0,0,,no_usable_pages,known,,,bd6t550998446: no usable pages in manifest.,2026-07-17T18:08:26.687288
lacharente,bd6t55099845m,,failed,0,0,,no_usable_pages,known,,,bd6t55099845m: no usable pages in manifest.,2026-07-17T18:08:26.982666
lacharente,bd6t550998461,,failed,0,0,,no_usable_pages,known,,,bd6t550998461: no usable pages in manifest.,2026-07-17T18:08:27.131933
lacharente,bd6t55099847f,,failed,0,0,,no_usable_pages,known,,,bd6t55099847f: no usable pages in manifest.,2026-07-17T18:08:27.342336
lacharente,bd6t55099848v,,failed,0,0,,no_usable_pages,known,,,bd6t55099848v: no usable pages in manifest.,2026-07-17T18:08:27.598972
lacharente,bd6t550998498,,failed,0,0,,no_usable_pages,known,,,bd6t550998498: no usable pages in manifest.,2026-07-17T18:08:27.773302
lacharente,bd6t55099850x,,failed,0,0,,no_usable_pages,known,,,bd6t55099850x: no usable pages in manifest.,2026-07-17T18:08:27.983753
lacharente,bd6t55099851b,,failed,0,0,,no_usable_pages,known,,,bd6t55099851b: no usable pages in manifest.,2026-07-17T18:08:28.180251
lacharente,bd6t55099852r,,failed,0,0,,no_usable_pages,known,,,bd6t55099852r: no usable pages in manifest.,2026-07-17T18:08:28.370858
lacharente,bd6t550998535,,failed,0,0,,no_usable_pages,known,,,bd6t550998535: no usable pages in manifest.,2026-07-17T18:08:28.674170
lacharente,bd6t55099854k,,failed,0,0,,no_usable_pages,known,,,bd6t55099854k: no usable pages in manifest.,2026-07-17T18:08:28.875023
lacharente,bd6t550998550,,failed,0,0,,no_usable_pages,known,,,bd6t550998550: no usable pages in manifest.,2026-07-17T18:08:29.183084
lacharente,bd6t55099856d,,failed,0,0,,no_usable_pages,known,,,bd6t55099856d: no usable pages in manifest.,2026-07-17T18:08:29.326030
lacharente,bd6t55099857t,,failed,0,0,,no_usable_pages,known,,,bd6t55099857t: no usable pages in manifest.,2026-07-17T18:08:29.468901
lacharente,bd6t550998587,,failed,0,0,,no_usable_pages,known,,,bd6t550998587: no usable pages in manifest.,2026-07-17T18:08:29.696136
lacharente,bd6t55099859n,,failed,0,0,,no_usable_pages,known,,,bd6t55099859n: no usable pages in manifest.,2026-07-17T18:08:29.892345
lacharente,bd6t550998609,,failed,0,0,,no_usable_pages,known,,,bd6t550998609: no usable pages in manifest.,2026-07-17T18:08:30.079554
lacharente,bd6t55099861q,,failed,0,0,,no_usable_pages,known,,,bd6t55099861q: no usable pages in manifest.,2026-07-17T18:08:30.296662
lacharente,bd6t550998624,,failed,0,0,,no_usable_pages,known,,,bd6t550998624: no usable pages in manifest.,2026-07-17T18:08:30.502083
lacharente,bd6t55099863j,,failed,0,0,,no_usable_pages,known,,,bd6t55099863j: no usable pages in manifest.,2026-07-17T18:08:30.641589
lacharente,bd6t55099864z,,failed,0,0,,no_usable_pages,known,,,bd6t55099864z: no usable pages in manifest.,2026-07-17T18:08:30.811222
lacharente,bd6t55099865c,,failed,0,0,,no_usable_pages,known,,,bd6t55099865c: no usable pages in manifest.,2026-07-17T18:08:30.981507
lacharente,bd6t55099866s,,failed,0,0,,no_usable_pages,known,,,bd6t55099866s: no usable pages in manifest.,2026-07-17T18:08:31.112923
lacharente,bd6t550998676,,failed,0,0,,no_usable_pages,known,,,bd6t550998676: no usable pages in manifest.,2026-07-17T18:08:31.389064
lacharente,bd6t55099868m,,failed,0,0,,no_usable_pages,known,,,bd6t55099868m: no usable pages in manifest.,2026-07-17T18:08:31.567661
lacharente,bd6t550998691,,failed,0,0,,no_usable_pages,known,,,bd6t550998691: no usable pages in manifest.,2026-07-17T18:08:31.741978
lacharente,bd6t55099870p,,failed,0,0,,no_usable_pages,known,,,bd6t55099870p: no usable pages in manifest.,2026-07-17T18:08:31.910561
lacharente,bd6t550998713,,failed,0,0,,no_usable_pages,known,,,bd6t550998713: no usable pages in manifest.,2026-07-17T18:08:32.059912
lacharente,bd6t55099872h,,failed,0,0,,no_usable_pages,known,,,bd6t55099872h: no usable pages in manifest.,2026-07-17T18:08:32.217541
lacharente,bd6t55099873x,,failed,0,0,,no_usable_pages,known,,,bd6t55099873x: no usable pages in manifest.,2026-07-17T18:08:32.495334
lacharente,bd6t55099874b,,failed,0,0,,no_usable_pages,known,,,bd6t55099874b: no usable pages in manifest.,2026-07-17T18:08:32.651228
lacharente,bd6t55099875r,,failed,0,0,,no_usable_pages,known,,,bd6t55099875r: no usable pages in manifest.,2026-07-17T18:08:32.804577
lacharente,bd6t550998765,,failed,0,0,,no_usable_pages,known,,,bd6t550998765: no usable pages in manifest.,2026-07-17T18:08:32.983112
lacharente,bd6t55099877k,,failed,0,0,,no_usable_pages,known,,,bd6t55099877k: no usable pages in manifest.,2026-07-17T18:08:33.132475
lacharente,bd6t550998780,,failed,0,0,,no_usable_pages,known,,,bd6t550998780: no usable pages in manifest.,2026-07-17T18:08:33.271019
lacharente,bd6t55099879d,,failed,0,0,,no_usable_pages,known,,,bd6t55099879d: no usable pages in manifest.,2026-07-17T18:08:33.525209
lacharente,bd6t550998802,,failed,0,0,,no_usable_pages,known,,,bd6t550998802: no usable pages in manifest.,2026-07-17T18:08:33.686402
lacharente,bd6t55099881g,,failed,0,0,,no_usable_pages,known,,,bd6t55099881g: no usable pages in manifest.,2026-07-17T18:08:33.862701
lacharente,bd6t55099882w,,failed,0,0,,no_usable_pages,known,,,bd6t55099882w: no usable pages in manifest.,2026-07-17T18:08:34.084162
lacharente,bd6t550998839,,failed,0,0,,no_usable_pages,known,,,bd6t550998839: no usable pages in manifest.,2026-07-17T18:08:34.250177
lacharente,bd6t55099884q,,failed,0,0,,no_usable_pages,known,,,bd6t55099884q: no usable pages in manifest.,2026-07-17T18:08:34.432144
lacharente,bd6t550998854,,failed,0,0,,no_usable_pages,known,,,bd6t550998854: no usable pages in manifest.,2026-07-17T18:08:34.699166
lacharente,bd6t55099886j,,failed,0,0,,no_usable_pages,known,,,bd6t55099886j: no usable pages in manifest.,2026-07-17T18:08:34.924048
lacharente,bd6t55099887z,,failed,0,0,,no_usable_pages,known,,,bd6t55099887z: no usable pages in manifest.,2026-07-17T18:08:35.122192
lacharente,bd6t55099888c,,failed,0,0,,no_usable_pages,known,,,bd6t55099888c: no usable pages in manifest.,2026-07-17T18:08:35.293845
lacharente,bd6t55099889s,,failed,0,0,,no_usable_pages,known,,,bd6t55099889s: no usable pages in manifest.,2026-07-17T18:08:35.441872
lacharente,bd6t55099890f,,failed,0,0,,no_usable_pages,known,,,bd6t55099890f: no usable pages in manifest.,2026-07-17T18:08:35.613576
lacharente,bd6t55099891v,,failed,0,0,,no_usable_pages,known,,,bd6t55099891v: no usable pages in manifest.,2026-07-17T18:08:35.796101
lacharente,bd6t550998928,,failed,0,0,,no_usable_pages,known,,,bd6t550998928: no usable pages in manifest.,2026-07-17T18:08:35.950112
lacharente,bd6t55099893p,,failed,0,0,,no_usable_pages,known,,,bd6t55099893p: no usable pages in manifest.,2026-07-17T18:08:36.147232
lacharente,bd6t550998943,,failed,0,0,,no_usable_pages,known,,,bd6t550998943: no usable pages in manifest.,2026-07-17T18:08:36.323277
lacharente,bd6t55099895h,,failed,0,0,,no_usable_pages,known,,,bd6t55099895h: no usable pages in manifest.,2026-07-17T18:08:36.506133
lacharente,bd6t55099896x,,failed,0,0,,no_usable_pages,known,,,bd6t55099896x: no usable pages in manifest.,2026-07-17T18:08:36.660886
lacharente,bd6t55099897b,,failed,0,0,,no_usable_pages,known,,,bd6t55099897b: no usable pages in manifest.,2026-07-17T18:08:36.866311
lacharente,bd6t55099898r,,failed,0,0,,no_usable_pages,known,,,bd6t55099898r: no usable pages in manifest.,2026-07-17T18:08:37.045040
lacharente,bd6t550998995,,failed,0,0,,no_usable_pages,known,,,bd6t550998995: no usable pages in manifest.,2026-07-17T18:08:37.205612
lacharente,bd6t55099900c,,failed,0,0,,no_usable_pages,known,,,bd6t55099900c: no usable pages in manifest.,2026-07-17T18:08:37.419072
lacharente,bd6t55099901s,,failed,0,0,,no_usable_pages,known,,,bd6t55099901s: no usable pages in manifest.,2026-07-17T18:08:37.545271
lacharente,bd6t550999026,,failed,0,0,,no_usable_pages,known,,,bd6t550999026: no usable pages in manifest.,2026-07-17T18:08:37.742506
lacharente,bd6t55099903m,,failed,0,0,,no_usable_pages,known,,,bd6t55099903m: no usable pages in manifest.,2026-07-17T18:08:38.030576
lacharente,bd6t55099905f,,failed,0,0,,no_usable_pages,known,,,bd6t55099905f: no usable pages in manifest.,2026-07-17T18:08:38.214897
lacharente,bd6t55099906v,,failed,0,0,,no_usable_pages,known,,,bd6t55099906v: no usable pages in manifest.,2026-07-17T18:08:38.479864
lacharente,bd6t550999078,,failed,0,0,,no_usable_pages,known,,,bd6t550999078: no usable pages in manifest.,2026-07-17T18:08:38.632089
lacharente,bd6t55099908p,,failed,0,0,,no_usable_pages,known,,,bd6t55099908p: no usable pages in manifest.,2026-07-17T18:08:38.825193
lacharente,bd6t550999093,,failed,0,0,,no_usable_pages,known,,,bd6t550999093: no usable pages in manifest.,2026-07-17T18:08:39.062420
lacharente,bd6t55099910r,,failed,0,0,,no_usable_pages,known,,,bd6t55099910r: no usable pages in manifest.,2026-07-17T18:08:39.262208
lacharente,bd6t550999115,,failed,0,0,,no_usable_pages,known,,,bd6t550999115: no usable pages in manifest.,2026-07-17T18:08:39.421941
lacharente,bd6t55099912k,,failed,0,0,,no_usable_pages,known,,,bd6t55099912k: no usable pages in manifest.,2026-07-17T18:08:39.613632
lacharente,bd6t550999130,,failed,0,0,,no_usable_pages,known,,,bd6t550999130: no usable pages in manifest.,2026-07-17T18:08:39.734256
lacharente,bd6t55099914d,,failed,0,0,,no_usable_pages,known,,,bd6t55099914d: no usable pages in manifest.,2026-07-17T18:08:39.883317
lacharente,bd6t55099915t,,failed,0,0,,no_usable_pages,known,,,bd6t55099915t: no usable pages in manifest.,2026-07-17T18:08:40.173671
lacharente,bd6t550999167,,failed,0,0,,no_usable_pages,known,,,bd6t550999167: no usable pages in manifest.,2026-07-17T18:08:40.336738
lacharente,bd6t55099917n,,failed,0,0,,no_usable_pages,known,,,bd6t55099917n: no usable pages in manifest.,2026-07-17T18:08:40.484621
lacharente,bd6t550999182,,failed,0,0,,no_usable_pages,known,,,bd6t550999182: no usable pages in manifest.,2026-07-17T18:08:40.800262
lacharente,bd6t55099919g,,failed,0,0,,no_usable_pages,known,,,bd6t55099919g: no usable pages in manifest.,2026-07-17T18:08:41.037506
lacharente,bd6t550999204,,failed,0,0,,no_usable_pages,known,,,bd6t550999204: no usable pages in manifest.,2026-07-17T18:08:41.273770
lacharente,bd6t55099921j,,failed,0,0,,no_usable_pages,known,,,bd6t55099921j: no usable pages in manifest.,2026-07-17T18:08:41.448604
lacharente,bd6t55099922z,,failed,0,0,,no_usable_pages,known,,,bd6t55099922z: no usable pages in manifest.,2026-07-17T18:08:41.608077
lacharente,bd6t55099923c,,failed,0,0,,no_usable_pages,known,,,bd6t55099923c: no usable pages in manifest.,2026-07-17T18:08:41.823941
lacharente,bd6t55099924s,,failed,0,0,,no_usable_pages,known,,,bd6t55099924s: no usable pages in manifest.,2026-07-17T18:08:42.070765
lacharente,bd6t550999256,,failed,0,0,,no_usable_pages,known,,,bd6t550999256: no usable pages in manifest.,2026-07-17T18:08:42.340677
lacharente,bd6t55099926m,,failed,0,0,,no_usable_pages,known,,,bd6t55099926m: no usable pages in manifest.,2026-07-17T18:08:42.590324
lacharente,bd6t550999271,,failed,0,0,,no_usable_pages,known,,,bd6t550999271: no usable pages in manifest.,2026-07-17T18:08:42.738826
lacharente,bd6t55099928f,,failed,0,0,,no_usable_pages,known,,,bd6t55099928f: no usable pages in manifest.,2026-07-17T18:08:42.982872
lacharente,bd6t55099929v,,failed,0,0,,no_usable_pages,known,,,bd6t55099929v: no usable pages in manifest.,2026-07-17T18:08:43.246489
lacharente,bd6t55099930h,,failed,0,0,,no_usable_pages,known,,,bd6t55099930h: no usable pages in manifest.,2026-07-17T18:08:43.510983
lacharente,bd6t55099931x,,failed,0,0,,no_usable_pages,known,,,bd6t55099931x: no usable pages in manifest.,2026-07-17T18:08:43.666767
lacharente,bd6t55099932b,,failed,0,0,,no_usable_pages,known,,,bd6t55099932b: no usable pages in manifest.,2026-07-17T18:08:43.796012
lacharente,bd6t55099933r,,failed,0,0,,no_usable_pages,known,,,bd6t55099933r: no usable pages in manifest.,2026-07-17T18:08:44.000483
lacharente,bd6t550999345,,failed,0,0,,no_usable_pages,known,,,bd6t550999345: no usable pages in manifest.,2026-07-17T18:08:44.167295
lacharente,bd6t55099935k,,failed,0,0,,no_usable_pages,known,,,bd6t55099935k: no usable pages in manifest.,2026-07-17T18:08:44.276150
lacharente,bd6t550999360,,failed,0,0,,no_usable_pages,known,,,bd6t550999360: no usable pages in manifest.,2026-07-17T18:08:44.519650
lacharente,bd6t55099937d,,failed,0,0,,no_usable_pages,known,,,bd6t55099937d: no usable pages in manifest.,2026-07-17T18:08:44.690389
lacharente,bd6t55099938t,,failed,0,0,,no_usable_pages,known,,,bd6t55099938t: no usable pages in manifest.,2026-07-17T18:08:44.884849
lacharente,bd6t550999397,,failed,0,0,,no_usable_pages,known,,,bd6t550999397: no usable pages in manifest.,2026-07-17T18:08:45.125250
lacharente,bd6t55099940w,,failed,0,0,,no_usable_pages,known,,,bd6t55099940w: no usable pages in manifest.,2026-07-17T18:08:45.353322
lacharente,bd6t550999419,,failed,0,0,,no_usable_pages,known,,,bd6t550999419: no usable pages in manifest.,2026-07-17T18:08:45.590046
lacharente,bd6t55099942q,,failed,0,0,,no_usable_pages,known,,,bd6t55099942q: no usable pages in manifest.,2026-07-17T18:08:45.831167
lacharente,bd6t550999434,,failed,0,0,,no_usable_pages,known,,,bd6t550999434: no usable pages in manifest.,2026-07-17T18:08:46.003902
lacharente,bd6t55099944j,,failed,0,0,,no_usable_pages,known,,,bd6t55099944j: no usable pages in manifest.,2026-07-17T18:08:46.212284
lacharente,bd6t55099945z,,failed,0,0,,no_usable_pages,known,,,bd6t55099945z: no usable pages in manifest.,2026-07-17T18:08:46.366401
lacharente,bd6t55099946c,,failed,0,0,,no_usable_pages,known,,,bd6t55099946c: no usable pages in manifest.,2026-07-17T18:08:46.534347
lacharente,bd6t55099947s,,failed,0,0,,no_usable_pages,known,,,bd6t55099947s: no usable pages in manifest.,2026-07-17T18:08:46.789442
lacharente,bd6t550999486,,failed,0,0,,no_usable_pages,known,,,bd6t550999486: no usable pages in manifest.,2026-07-17T18:08:46.949139
lacharente,bd6t55099949m,,failed,0,0,,no_usable_pages,known,,,bd6t55099949m: no usable pages in manifest.,2026-07-17T18:08:47.099689
lacharente,bd6t550999508,,failed,0,0,,no_usable_pages,known,,,bd6t550999508: no usable pages in manifest.,2026-07-17T18:08:47.304377
lacharente,bd6t55099951p,,failed,0,0,,no_usable_pages,known,,,bd6t55099951p: no usable pages in manifest.,2026-07-17T18:08:47.545011
lacharente,bd6t550999523,,failed,0,0,,no_usable_pages,known,,,bd6t550999523: no usable pages in manifest.,2026-07-17T18:08:47.896053
lacharente,bd6t55099953h,,failed,0,0,,no_usable_pages,known,,,bd6t55099953h: no usable pages in manifest.,2026-07-17T18:08:48.028037
lacharente,bd6t55099954x,,failed,0,0,,no_usable_pages,known,,,bd6t55099954x: no usable pages in manifest.,2026-07-17T18:08:48.174526
lacharente,bd6t55099955b,,failed,0,0,,no_usable_pages,known,,,bd6t55099955b: no usable pages in manifest.,2026-07-17T18:08:48.370926
lacharente,bd6t55099956r,,failed,0,0,,no_usable_pages,known,,,bd6t55099956r: no usable pages in manifest.,2026-07-17T18:08:48.579663
lacharente,bd6t550999575,,failed,0,0,,no_usable_pages,known,,,bd6t550999575: no usable pages in manifest.,2026-07-17T18:08:48.874984
lacharente,bd6t55099958k,,failed,0,0,,no_usable_pages,known,,,bd6t55099958k: no usable pages in manifest.,2026-07-17T18:08:49.221514
lacharente,bd6t550999590,,failed,0,0,,no_usable_pages,known,,,bd6t550999590: no usable pages in manifest.,2026-07-17T18:08:49.473775
lacharente,bd6t55099960n,,failed,0,0,,no_usable_pages,known,,,bd6t55099960n: no usable pages in manifest.,2026-07-17T18:08:49.673909
lacharente,bd6t550999612,,failed,0,0,,no_usable_pages,known,,,bd6t550999612: no usable pages in manifest.,2026-07-17T18:08:49.849170
lacharente,bd6t55099962g,,failed,0,0,,no_usable_pages,known,,,bd6t55099962g: no usable pages in manifest.,2026-07-17T18:08:49.983148
lacharente,bd6t55099963w,,failed,0,0,,no_usable_pages,known,,,bd6t55099963w: no usable pages in manifest.,2026-07-17T18:08:50.226740
lacharente,bd6t550999649,,failed,0,0,,no_usable_pages,known,,,bd6t550999649: no usable pages in manifest.,2026-07-17T18:08:50.385668
lacharente,bd6t55099965q,,failed,0,0,,no_usable_pages,known,,,bd6t55099965q: no usable pages in manifest.,2026-07-17T18:08:50.612779
lacharente,bd6t550999664,,failed,0,0,,no_usable_pages,known,,,bd6t550999664: no usable pages in manifest.,2026-07-17T18:08:50.794139
lacharente,bd6t55099967j,,failed,0,0,,no_usable_pages,known,,,bd6t55099967j: no usable pages in manifest.,2026-07-17T18:08:50.935608
lacharente,bd6t55099968z,,failed,0,0,,no_usable_pages,known,,,bd6t55099968z: no usable pages in manifest.,2026-07-17T18:08:51.104086
lacharente,bd6t55099969c,,failed,0,0,,no_usable_pages,known,,,bd6t55099969c: no usable pages in manifest.,2026-07-17T18:08:51.306889
lacharente,bd6t550999701,,failed,0,0,,no_usable_pages,known,,,bd6t550999701: no usable pages in manifest.,2026-07-17T18:08:51.474627
lacharente,bd6t55099971f,,failed,0,0,,no_usable_pages,known,,,bd6t55099971f: no usable pages in manifest.,2026-07-17T18:08:51.674350
lacharente,bd6t55099972v,,failed,0,0,,no_usable_pages,known,,,bd6t55099972v: no usable pages in manifest.,2026-07-17T18:08:51.856359
lacharente,bd6t550999738,,failed,0,0,,no_usable_pages,known,,,bd6t550999738: no usable pages in manifest.,2026-07-17T18:08:52.010056
lacharente,bd6t55099974p,,failed,0,0,,no_usable_pages,known,,,bd6t55099974p: no usable pages in manifest.,2026-07-17T18:08:52.157062
lacharente,bd6t550999753,,failed,0,0,,no_usable_pages,known,,,bd6t550999753: no usable pages in manifest.,2026-07-17T18:08:52.387826
lacharente,bd6t55099976h,,failed,0,0,,no_usable_pages,known,,,bd6t55099976h: no usable pages in manifest.,2026-07-17T18:08:52.609905
lacharente,bd6t55099977x,,failed,0,0,,no_usable_pages,known,,,bd6t55099977x: no usable pages in manifest.,2026-07-17T18:08:52.812700
lacharente,bd6t55099978b,,failed,0,0,,no_usable_pages,known,,,bd6t55099978b: no usable pages in manifest.,2026-07-17T18:08:53.026567
lacharente,bd6t55099979r,,failed,0,0,,no_usable_pages,known,,,bd6t55099979r: no usable pages in manifest.,2026-07-17T18:08:53.172694
lacharente,bd6t55099980d,,failed,0,0,,no_usable_pages,known,,,bd6t55099980d: no usable pages in manifest.,2026-07-17T18:08:53.409267
lacharente,bd6t55099981t,,failed,0,0,,no_usable_pages,known,,,bd6t55099981t: no usable pages in manifest.,2026-07-17T18:08:53.555993
lacharente,bd6t550999827,,failed,0,0,,no_usable_pages,known,,,bd6t550999827: no usable pages in manifest.,2026-07-17T18:08:53.707039
lacharente,bd6t55099983n,,failed,0,0,,no_usable_pages,known,,,bd6t55099983n: no usable pages in manifest.,2026-07-17T18:08:53.910580
lacharente,bd6t550999842,,failed,0,0,,no_usable_pages,known,,,bd6t550999842: no usable pages in manifest.,2026-07-17T18:08:54.067653
lacharente,bd6t55099985g,,failed,0,0,,no_usable_pages,known,,,bd6t55099985g: no usable pages in manifest.,2026-07-17T18:08:54.269380
lacharente,bd6t55099986w,,failed,0,0,,no_usable_pages,known,,,bd6t55099986w: no usable pages in manifest.,2026-07-17T18:08:54.499044
lacharente,bd6t550999879,,failed,0,0,,no_usable_pages,known,,,bd6t550999879: no usable pages in manifest.,2026-07-17T18:08:54.693213
lacharente,bd6t55099988q,,failed,0,0,,no_usable_pages,known,,,bd6t55099988q: no usable pages in manifest.,2026-07-17T18:08:54.963574
lacharente,bd6t550999894,,failed,0,0,,no_usable_pages,known,,,bd6t550999894: no usable pages in manifest.,2026-07-17T18:08:55.121328
lacharente,bd6t55099990s,,failed,0,0,,no_usable_pages,known,,,bd6t55099990s: no usable pages in manifest.,2026-07-17T18:08:55.303395
lacharente,bd6t550999916,,failed,0,0,,no_usable_pages,known,,,bd6t550999916: no usable pages in manifest.,2026-07-17T18:08:55.483508
lacharente,bd6t55099992m,,failed,0,0,,no_usable_pages,known,,,bd6t55099992m: no usable pages in manifest.,2026-07-17T18:08:55.706149
lacharente,bd6t550999931,,failed,0,0,,no_usable_pages,known,,,bd6t550999931: no usable pages in manifest.,2026-07-17T18:08:55.892863
lacharente,bd6t55099994f,,failed,0,0,,no_usable_pages,known,,,bd6t55099994f: no usable pages in manifest.,2026-07-17T18:08:56.109743
lacharente,bd6t55099995v,,failed,0,0,,no_usable_pages,known,,,bd6t55099995v: no usable pages in manifest.,2026-07-17T18:08:56.276208
lacharente,bd6t550999968,,failed,0,0,,no_usable_pages,known,,,bd6t550999968: no usable pages in manifest.,2026-07-17T18:08:56.480706
lacharente,bd6t55099997p,,failed,0,0,,no_usable_pages,known,,,bd6t55099997p: no usable pages in manifest.,2026-07-17T18:08:56.862775
lacharente,bd6t550999983,,failed,0,0,,no_usable_pages,known,,,bd6t550999983: no usable pages in manifest.,2026-07-17T18:08:57.105780
lacharente,bd6t55099999h,,failed,0,0,,no_usable_pages,known,,,bd6t55099999h: no usable pages in manifest.,2026-07-17T18:08:57.335080
lacharente,bd6t551000007,,failed,0,0,,no_usable_pages,known,,,bd6t551000007: no usable pages in manifest.,2026-07-17T18:08:57.493264
lacharente,bd6t55100001n,,failed,0,0,,no_usable_pages,known,,,bd6t55100001n: no usable pages in manifest.,2026-07-17T18:08:57.721636
lacharente,bd6t551000022,,failed,0,0,,no_usable_pages,known,,,bd6t551000022: no usable pages in manifest.,2026-07-17T18:08:58.021572
lacharente,bd6t55100003g,,failed,0,0,,no_usable_pages,known,,,bd6t55100003g: no usable pages in manifest.,2026-07-17T18:08:58.300308
lacharente,bd6t55100004w,,failed,0,0,,no_usable_pages,known,,,bd6t55100004w: no usable pages in manifest.,2026-07-17T18:08:58.462432
lacharente,bd6t551000059,,failed,0,0,,no_usable_pages,known,,,bd6t551000059: no usable pages in manifest.,2026-07-17T18:08:58.622630
lacharente,bd6t55100006q,,failed,0,0,,no_usable_pages,known,,,bd6t55100006q: no usable pages in manifest.,2026-07-17T18:08:58.810684
lacharente,bd6t551000074,,failed,0,0,,no_usable_pages,known,,,bd6t551000074: no usable pages in manifest.,2026-07-17T18:08:59.060422
lacharente,bd6t55100008j,,failed,0,0,,no_usable_pages,known,,,bd6t55100008j: no usable pages in manifest.,2026-07-17T18:08:59.244518
lacharente,bd6t55100009z,,failed,0,0,,no_usable_pages,known,,,bd6t55100009z: no usable pages in manifest.,2026-07-17T18:08:59.581375
lacharente,bd6t55100010m,,failed,0,0,,no_usable_pages,known,,,bd6t55100010m: no usable pages in manifest.,2026-07-17T18:08:59.919699
lacharente,bd6t551000111,,failed,0,0,,no_usable_pages,known,,,bd6t551000111: no usable pages in manifest.,2026-07-17T18:09:00.215943
lacharente,bd6t55100012f,,failed,0,0,,no_usable_pages,known,,,bd6t55100012f: no usable pages in manifest.,2026-07-17T18:09:00.470751
lacharente,bd6t55100013v,,failed,0,0,,no_usable_pages,known,,,bd6t55100013v: no usable pages in manifest.,2026-07-17T18:09:00.677883
lacharente,bd6t551000148,,failed,0,0,,no_usable_pages,known,,,bd6t551000148: no usable pages in manifest.,2026-07-17T18:09:00.860501
lacharente,bd6t55100015p,,failed,0,0,,no_usable_pages,known,,,bd6t55100015p: no usable pages in manifest.,2026-07-17T18:09:01.092376
lacharente,bd6t551000163,,failed,0,0,,no_usable_pages,known,,,bd6t551000163: no usable pages in manifest.,2026-07-17T18:09:01.405828
lacharente,bd6t55100017h,,failed,0,0,,no_usable_pages,known,,,bd6t55100017h: no usable pages in manifest.,2026-07-17T18:09:01.682283
lacharente,bd6t55100018x,,failed,0,0,,no_usable_pages,known,,,bd6t55100018x: no usable pages in manifest.,2026-07-17T18:09:01.861413
lacharente,bd6t55100019b,,failed,0,0,,no_usable_pages,known,,,bd6t55100019b: no usable pages in manifest.,2026-07-17T18:09:02.045181
lacharente,bd6t551000200,,failed,0,0,,no_usable_pages,known,,,bd6t551000200: no usable pages in manifest.,2026-07-17T18:09:02.215238
lacharente,bd6t55100021d,,failed,0,0,,no_usable_pages,known,,,bd6t55100021d: no usable pages in manifest.,2026-07-17T18:09:02.478576
lacharente,bd6t55100022t,,failed,0,0,,no_usable_pages,known,,,bd6t55100022t: no usable pages in manifest.,2026-07-17T18:09:02.719619
lacharente,bd6t551000237,,failed,0,0,,no_usable_pages,known,,,bd6t551000237: no usable pages in manifest.,2026-07-17T18:09:03.013508
lacharente,bd6t55100024n,,failed,0,0,,no_usable_pages,known,,,bd6t55100024n: no usable pages in manifest.,2026-07-17T18:09:03.243739
lacharente,bd6t551000252,,failed,0,0,,no_usable_pages,known,,,bd6t551000252: no usable pages in manifest.,2026-07-17T18:09:03.479371
lacharente,bd6t55100026g,,failed,0,0,,no_usable_pages,known,,,bd6t55100026g: no usable pages in manifest.,2026-07-17T18:09:03.639677
lacharente,bd6t55100027w,,failed,0,0,,no_usable_pages,known,,,bd6t55100027w: no usable pages in manifest.,2026-07-17T18:09:03.788200
lacharente,bd6t551000289,,failed,0,0,,no_usable_pages,known,,,bd6t551000289: no usable pages in manifest.,2026-07-17T18:09:03.972656
lacharente,bd6t55100029q,,failed,0,0,,no_usable_pages,known,,,bd6t55100029q: no usable pages in manifest.,2026-07-17T18:09:04.120955
lacharente,bd6t55100030c,,failed,0,0,,no_usable_pages,known,,,bd6t55100030c: no usable pages in manifest.,2026-07-17T18:09:04.247463
lacharente,bd6t55100031s,,failed,0,0,,no_usable_pages,known,,,bd6t55100031s: no usable pages in manifest.,2026-07-17T18:09:04.434639
lacharente,bd6t551000326,,failed,0,0,,no_usable_pages,known,,,bd6t551000326: no usable pages in manifest.,2026-07-17T18:09:04.715534
lacharente,bd6t55100033m,,failed,0,0,,no_usable_pages,known,,,bd6t55100033m: no usable pages in manifest.,2026-07-17T18:09:04.967133
lacharente,bd6t551000341,,failed,0,0,,no_usable_pages,known,,,bd6t551000341: no usable pages in manifest.,2026-07-17T18:09:05.190212
lacharente,bd6t55100035f,,failed,0,0,,no_usable_pages,known,,,bd6t55100035f: no usable pages in manifest.,2026-07-17T18:09:05.354550
lacharente,bd6t55100036v,,failed,0,0,,no_usable_pages,known,,,bd6t55100036v: no usable pages in manifest.,2026-07-17T18:09:05.543233
lacharente,bd6t551000378,,failed,0,0,,no_usable_pages,known,,,bd6t551000378: no usable pages in manifest.,2026-07-17T18:09:05.799244
lacharente,bd6t55100038p,,failed,0,0,,no_usable_pages,known,,,bd6t55100038p: no usable pages in manifest.,2026-07-17T18:09:05.958347
lacharente,bd6t551000393,,failed,0,0,,no_usable_pages,known,,,bd6t551000393: no usable pages in manifest.,2026-07-17T18:09:06.190735
lacharente,bd6t55100040r,,failed,0,0,,no_usable_pages,known,,,bd6t55100040r: no usable pages in manifest.,2026-07-17T18:09:06.407174
lacharente,bd6t551000415,,failed,0,0,,no_usable_pages,known,,,bd6t551000415: no usable pages in manifest.,2026-07-17T18:09:06.529149
lacharente,bd6t55100042k,,failed,0,0,,no_usable_pages,known,,,bd6t55100042k: no usable pages in manifest.,2026-07-17T18:09:06.777165
lacharente,bpt6k46625415,,failed,0,0,,no_usable_pages,known,,,bpt6k46625415: no usable pages in manifest.,2026-07-17T18:09:06.974729
lacharente,bd6t551000430,,failed,0,0,,no_usable_pages,known,,,bd6t551000430: no usable pages in manifest.,2026-07-17T18:09:07.146627
lacharente,bpt6k4662542k,,failed,0,0,,no_usable_pages,known,,,bpt6k4662542k: no usable pages in manifest.,2026-07-17T18:09:07.349583
lacharente,bd6t55100044d,,failed,0,0,,no_usable_pages,known,,,bd6t55100044d: no usable pages in manifest.,2026-07-17T18:09:07.571429
lacharente,bd6t55100045t,,failed,0,0,,no_usable_pages,known,,,bd6t55100045t: no usable pages in manifest.,2026-07-17T18:09:07.767492
lacharente,bd6t551000467,,failed,0,0,,no_usable_pages,known,,,bd6t551000467: no usable pages in manifest.,2026-07-17T18:09:08.084503
lacharente,bd6t55100047n,,failed,0,0,,no_usable_pages,known,,,bd6t55100047n: no usable pages in manifest.,2026-07-17T18:09:08.263964
lacharente,bpt6k46625467,,failed,0,0,,no_usable_pages,known,,,bpt6k46625467: no usable pages in manifest.,2026-07-17T18:09:08.505185
lacharente,bd6t551000482,,failed,0,0,,no_usable_pages,known,,,bd6t551000482: no usable pages in manifest.,2026-07-17T18:09:08.724379
lacharente,bd6t55100049g,,failed,0,0,,no_usable_pages,known,,,bd6t55100049g: no usable pages in manifest.,2026-07-17T18:09:08.880380
lacharente,bpt6k46625482,,failed,0,0,,no_usable_pages,known,,,bpt6k46625482: no usable pages in manifest.,2026-07-17T18:09:09.131133
lacharente,bd6t551000504,,failed,0,0,,no_usable_pages,known,,,bd6t551000504: no usable pages in manifest.,2026-07-17T18:09:09.328520
lacharente,bd6t55100051j,,failed,0,0,,no_usable_pages,known,,,bd6t55100051j: no usable pages in manifest.,2026-07-17T18:09:09.577912
lacharente,bpt6k46625504,,failed,0,0,,no_usable_pages,known,,,bpt6k46625504: no usable pages in manifest.,2026-07-17T18:09:09.853276
lacharente,bd6t55100052z,,failed,0,0,,no_usable_pages,known,,,bd6t55100052z: no usable pages in manifest.,2026-07-17T18:09:10.134593
lacharente,bd6t55100053c,,failed,0,0,,no_usable_pages,known,,,bd6t55100053c: no usable pages in manifest.,2026-07-17T18:09:10.262141
lacharente,bd6t55100054s,,failed,0,0,,no_usable_pages,known,,,bd6t55100054s: no usable pages in manifest.,2026-07-17T18:09:10.454872
lacharente,bd6t551000556,,failed,0,0,,no_usable_pages,known,,,bd6t551000556: no usable pages in manifest.,2026-07-17T18:09:10.659369
lacharente,bd6t55100056m,,failed,0,0,,no_usable_pages,known,,,bd6t55100056m: no usable pages in manifest.,2026-07-17T18:09:10.819704
lacharente,bd6t551000571,,failed,0,0,,no_usable_pages,known,,,bd6t551000571: no usable pages in manifest.,2026-07-17T18:09:10.979167
lacharente,bd6t55100058f,,failed,0,0,,no_usable_pages,known,,,bd6t55100058f: no usable pages in manifest.,2026-07-17T18:09:11.306717
lacharente,bd6t55100059v,,failed,0,0,,no_usable_pages,known,,,bd6t55100059v: no usable pages in manifest.,2026-07-17T18:09:11.429680
lacharente,bd6t55100061x,,failed,0,0,,no_usable_pages,known,,,bd6t55100061x: no usable pages in manifest.,2026-07-17T18:09:11.607633
lacharente,bd6t55100062b,,failed,0,0,,no_usable_pages,known,,,bd6t55100062b: no usable pages in manifest.,2026-07-17T18:09:11.819697
lacharente,bd6t55100063r,,failed,0,0,,no_usable_pages,known,,,bd6t55100063r: no usable pages in manifest.,2026-07-17T18:09:12.053978
lacharente,bd6t551000645,,failed,0,0,,no_usable_pages,known,,,bd6t551000645: no usable pages in manifest.,2026-07-17T18:09:12.307056
lacharente,bd6t55100065k,,failed,0,0,,no_usable_pages,known,,,bd6t55100065k: no usable pages in manifest.,2026-07-17T18:09:12.506320
lacharente,bd6t551000660,,failed,0,0,,no_usable_pages,known,,,bd6t551000660: no usable pages in manifest.,2026-07-17T18:09:12.739236
lacharente,bd6t55100067d,,failed,0,0,,no_usable_pages,known,,,bd6t55100067d: no usable pages in manifest.,2026-07-17T18:09:12.953079
lacharente,bd6t55100068t,,failed,0,0,,no_usable_pages,known,,,bd6t55100068t: no usable pages in manifest.,2026-07-17T18:09:13.154756
lacharente,bd6t551000697,,failed,0,0,,no_usable_pages,known,,,bd6t551000697: no usable pages in manifest.,2026-07-17T18:09:13.432437
lacharente,bd6t55100070w,,failed,0,0,,no_usable_pages,known,,,bd6t55100070w: no usable pages in manifest.,2026-07-17T18:09:13.568093
lacharente,bd6t551000719,,failed,0,0,,no_usable_pages,known,,,bd6t551000719: no usable pages in manifest.,2026-07-17T18:09:13.712482
lacharente,bd6t55100072q,,failed,0,0,,no_usable_pages,known,,,bd6t55100072q: no usable pages in manifest.,2026-07-17T18:09:13.840631
lacharente,bd6t551000734,,failed,0,0,,no_usable_pages,known,,,bd6t551000734: no usable pages in manifest.,2026-07-17T18:09:14.033308
lacharente,bd6t55100074j,,failed,0,0,,no_usable_pages,known,,,bd6t55100074j: no usable pages in manifest.,2026-07-17T18:09:14.171901
lacharente,bd6t55100075z,,failed,0,0,,no_usable_pages,known,,,bd6t55100075z: no usable pages in manifest.,2026-07-17T18:09:14.399095
lacharente,bd6t55100076c,,failed,0,0,,no_usable_pages,known,,,bd6t55100076c: no usable pages in manifest.,2026-07-17T18:09:14.506346
lacharente,bd6t55100077s,,failed,0,0,,no_usable_pages,known,,,bd6t55100077s: no usable pages in manifest.,2026-07-17T18:09:14.651225
lacharente,bd6t551000786,,failed,0,0,,no_usable_pages,known,,,bd6t551000786: no usable pages in manifest.,2026-07-17T18:09:14.811896
lacharente,bd6t55100079m,,failed,0,0,,no_usable_pages,known,,,bd6t55100079m: no usable pages in manifest.,2026-07-17T18:09:15.012229
lacharente,bd6t551000808,,failed,0,0,,no_usable_pages,known,,,bd6t551000808: no usable pages in manifest.,2026-07-17T18:09:15.183853
lacharente,bd6t55100081p,,failed,0,0,,no_usable_pages,known,,,bd6t55100081p: no usable pages in manifest.,2026-07-17T18:09:15.413322
lacharente,bd6t55100060h,,failed,0,0,,no_usable_pages,known,,,bd6t55100060h: no usable pages in manifest.,2026-07-17T18:09:15.558912
lacharente,bd6t551000823,,failed,0,0,,no_usable_pages,known,,,bd6t551000823: no usable pages in manifest.,2026-07-17T18:09:15.682318
lacharente,bd6t55100083h,,failed,0,0,,no_usable_pages,known,,,bd6t55100083h: no usable pages in manifest.,2026-07-17T18:09:15.792338
lacharente,bd6t55100084x,,failed,0,0,,no_usable_pages,known,,,bd6t55100084x: no usable pages in manifest.,2026-07-17T18:09:15.945579
lacharente,bd6t55100085b,,failed,0,0,,no_usable_pages,known,,,bd6t55100085b: no usable pages in manifest.,2026-07-17T18:09:16.118857
lacharente,bd6t55100086r,,failed,0,0,,no_usable_pages,known,,,bd6t55100086r: no usable pages in manifest.,2026-07-17T18:09:16.264955
lacharente,bd6t551000875,,failed,0,0,,no_usable_pages,known,,,bd6t551000875: no usable pages in manifest.,2026-07-17T18:09:16.450396
lacharente,bd6t55100088k,,failed,0,0,,no_usable_pages,known,,,bd6t55100088k: no usable pages in manifest.,2026-07-17T18:09:16.591921
lacharente,bd6t551000890,,failed,0,0,,no_usable_pages,known,,,bd6t551000890: no usable pages in manifest.,2026-07-17T18:09:16.729720
lacharente,bd6t55100090n,,failed,0,0,,no_usable_pages,known,,,bd6t55100090n: no usable pages in manifest.,2026-07-17T18:09:16.874220
lacharente,bd6t551000912,,failed,0,0,,no_usable_pages,known,,,bd6t551000912: no usable pages in manifest.,2026-07-17T18:09:17.119411
lacharente,bd6t55100092g,,failed,0,0,,no_usable_pages,known,,,bd6t55100092g: no usable pages in manifest.,2026-07-17T18:09:17.261408
lacharente,bd6t55100093w,,failed,0,0,,no_usable_pages,known,,,bd6t55100093w: no usable pages in manifest.,2026-07-17T18:09:17.410174
lacharente,bd6t551000949,,failed,0,0,,no_usable_pages,known,,,bd6t551000949: no usable pages in manifest.,2026-07-17T18:09:17.650903
lacharente,bd6t55100095q,,failed,0,0,,no_usable_pages,known,,,bd6t55100095q: no usable pages in manifest.,2026-07-17T18:09:17.794415
lacharente,bd6t551000964,,failed,0,0,,no_usable_pages,known,,,bd6t551000964: no usable pages in manifest.,2026-07-17T18:09:17.968721
lacharente,bd6t55100097j,,failed,0,0,,no_usable_pages,known,,,bd6t55100097j: no usable pages in manifest.,2026-07-17T18:09:18.200094
lacharente,bd6t55100098z,,failed,0,0,,no_usable_pages,known,,,bd6t55100098z: no usable pages in manifest.,2026-07-17T18:09:18.372210
lacharente,bd6t55100099c,,failed,0,0,,no_usable_pages,known,,,bd6t55100099c: no usable pages in manifest.,2026-07-17T18:09:18.491345
lacharente,bd6t55100100k,,failed,0,0,,no_usable_pages,known,,,bd6t55100100k: no usable pages in manifest.,2026-07-17T18:09:18.686202
lacharente,bd6t551001010,,failed,0,0,,no_usable_pages,known,,,bd6t551001010: no usable pages in manifest.,2026-07-17T18:09:18.827704
lacharente,bd6t55100102d,,failed,0,0,,no_usable_pages,known,,,bd6t55100102d: no usable pages in manifest.,2026-07-17T18:09:18.964451
lacharente,bd6t55100103t,,failed,0,0,,no_usable_pages,known,,,bd6t55100103t: no usable pages in manifest.,2026-07-17T18:09:19.173305
lacharente,bd6t551001047,,failed,0,0,,no_usable_pages,known,,,bd6t551001047: no usable pages in manifest.,2026-07-17T18:09:19.362521
lacharente,bd6t55100105n,,failed,0,0,,no_usable_pages,known,,,bd6t55100105n: no usable pages in manifest.,2026-07-17T18:09:19.543161
lacharente,bd6t551001062,,failed,0,0,,no_usable_pages,known,,,bd6t551001062: no usable pages in manifest.,2026-07-17T18:09:19.798579
lacharente,bd6t55100107g,,failed,0,0,,no_usable_pages,known,,,bd6t55100107g: no usable pages in manifest.,2026-07-17T18:09:19.932547
lacharente,bd6t55100108w,,failed,0,0,,no_usable_pages,known,,,bd6t55100108w: no usable pages in manifest.,2026-07-17T18:09:20.162182
lacharente,bd6t551001099,,failed,0,0,,no_usable_pages,known,,,bd6t551001099: no usable pages in manifest.,2026-07-17T18:09:20.328447
lacharente,bd6t55100110z,,failed,0,0,,no_usable_pages,known,,,bd6t55100110z: no usable pages in manifest.,2026-07-17T18:09:20.485217
lacharente,bd6t55100111c,,failed,0,0,,no_usable_pages,known,,,bd6t55100111c: no usable pages in manifest.,2026-07-17T18:09:20.651540
lacharente,bd6t55100112s,,failed,0,0,,no_usable_pages,known,,,bd6t55100112s: no usable pages in manifest.,2026-07-17T18:09:20.914234
lacharente,bd6t551001136,,failed,0,0,,no_usable_pages,known,,,bd6t551001136: no usable pages in manifest.,2026-07-17T18:09:21.127207
lacharente,bd6t55100114m,,failed,0,0,,no_usable_pages,known,,,bd6t55100114m: no usable pages in manifest.,2026-07-17T18:09:21.282737
lacharente,bd6t551001151,,failed,0,0,,no_usable_pages,known,,,bd6t551001151: no usable pages in manifest.,2026-07-17T18:09:21.436598
lacharente,bd6t55100116f,,failed,0,0,,no_usable_pages,known,,,bd6t55100116f: no usable pages in manifest.,2026-07-17T18:09:21.636628
lacharente,bd6t55100117v,,failed,0,0,,no_usable_pages,known,,,bd6t55100117v: no usable pages in manifest.,2026-07-17T18:09:21.816304
lacharente,bd6t551001188,,failed,0,0,,no_usable_pages,known,,,bd6t551001188: no usable pages in manifest.,2026-07-17T18:09:21.999827
lacharente,bd6t55100119p,,failed,0,0,,no_usable_pages,known,,,bd6t55100119p: no usable pages in manifest.,2026-07-17T18:09:22.157499
lacharente,bd6t55100120b,,failed,0,0,,no_usable_pages,known,,,bd6t55100120b: no usable pages in manifest.,2026-07-17T18:09:22.274160
lacharente,bd6t55100121r,,failed,0,0,,no_usable_pages,known,,,bd6t55100121r: no usable pages in manifest.,2026-07-17T18:09:22.409647
lacharente,bd6t551001225,,failed,0,0,,no_usable_pages,known,,,bd6t551001225: no usable pages in manifest.,2026-07-17T18:09:22.593473
lacharente,bd6t55100123k,,failed,0,0,,no_usable_pages,known,,,bd6t55100123k: no usable pages in manifest.,2026-07-17T18:09:22.827244
lacharente,bd6t551001240,,failed,0,0,,no_usable_pages,known,,,bd6t551001240: no usable pages in manifest.,2026-07-17T18:09:23.128565
lacharente,bd6t55100125d,,failed,0,0,,no_usable_pages,known,,,bd6t55100125d: no usable pages in manifest.,2026-07-17T18:09:23.284880
lacharente,bd6t55100126t,,failed,0,0,,no_usable_pages,known,,,bd6t55100126t: no usable pages in manifest.,2026-07-17T18:09:23.461702
lacharente,bd6t551001277,,failed,0,0,,no_usable_pages,known,,,bd6t551001277: no usable pages in manifest.,2026-07-17T18:09:23.581295
lacharente,bd6t55100128n,,failed,0,0,,no_usable_pages,known,,,bd6t55100128n: no usable pages in manifest.,2026-07-17T18:09:23.719495
lacharente,bd6t551001292,,failed,0,0,,no_usable_pages,known,,,bd6t551001292: no usable pages in manifest.,2026-07-17T18:09:23.970937
lacharente,bd6t55100130q,,failed,0,0,,no_usable_pages,known,,,bd6t55100130q: no usable pages in manifest.,2026-07-17T18:09:24.224284
lacharente,bd6t551001314,,failed,0,0,,no_usable_pages,known,,,bd6t551001314: no usable pages in manifest.,2026-07-17T18:09:24.403762
lacharente,bd6t55100132j,,failed,0,0,,no_usable_pages,known,,,bd6t55100132j: no usable pages in manifest.,2026-07-17T18:09:24.516136
lacharente,bd6t55100133z,,failed,0,0,,no_usable_pages,known,,,bd6t55100133z: no usable pages in manifest.,2026-07-17T18:09:24.658178
lacharente,bd6t55100134c,,failed,0,0,,no_usable_pages,known,,,bd6t55100134c: no usable pages in manifest.,2026-07-17T18:09:24.838321
lacharente,bd6t55100135s,,failed,0,0,,no_usable_pages,known,,,bd6t55100135s: no usable pages in manifest.,2026-07-17T18:09:25.061320
lacharente,bd6t551001366,,failed,0,0,,no_usable_pages,known,,,bd6t551001366: no usable pages in manifest.,2026-07-17T18:09:25.378712
lacharente,bd6t55100137m,,failed,0,0,,no_usable_pages,known,,,bd6t55100137m: no usable pages in manifest.,2026-07-17T18:09:25.540538
lacharente,bd6t551001381,,failed,0,0,,no_usable_pages,known,,,bd6t551001381: no usable pages in manifest.,2026-07-17T18:09:25.707642
lacharente,bd6t55100139f,,failed,0,0,,no_usable_pages,known,,,bd6t55100139f: no usable pages in manifest.,2026-07-17T18:09:25.875297
lacharente,bd6t551001403,,failed,0,0,,no_usable_pages,known,,,bd6t551001403: no usable pages in manifest.,2026-07-17T18:09:26.074703
lacharente,bd6t55100141h,,failed,0,0,,no_usable_pages,known,,,bd6t55100141h: no usable pages in manifest.,2026-07-17T18:09:26.356859
lacharente,bd6t55100142x,,failed,0,0,,no_usable_pages,known,,,bd6t55100142x: no usable pages in manifest.,2026-07-17T18:09:26.552069
lacharente,bd6t55100143b,,failed,0,0,,no_usable_pages,known,,,bd6t55100143b: no usable pages in manifest.,2026-07-17T18:09:26.753883
lacharente,bd6t55100144r,,failed,0,0,,no_usable_pages,known,,,bd6t55100144r: no usable pages in manifest.,2026-07-17T18:09:26.992308
lacharente,bd6t551001455,,failed,0,0,,no_usable_pages,known,,,bd6t551001455: no usable pages in manifest.,2026-07-17T18:09:27.211549
lacharente,bd6t55100146k,,failed,0,0,,no_usable_pages,known,,,bd6t55100146k: no usable pages in manifest.,2026-07-17T18:09:27.455009
lacharente,bd6t551001470,,failed,0,0,,no_usable_pages,known,,,bd6t551001470: no usable pages in manifest.,2026-07-17T18:09:27.601815
lacharente,bd6t55100148d,,failed,0,0,,no_usable_pages,known,,,bd6t55100148d: no usable pages in manifest.,2026-07-17T18:09:27.825338
lacharente,bd6t55100149t,,failed,0,0,,no_usable_pages,known,,,bd6t55100149t: no usable pages in manifest.,2026-07-17T18:09:28.006002
lacharente,bd6t55100150g,,failed,0,0,,no_usable_pages,known,,,bd6t55100150g: no usable pages in manifest.,2026-07-17T18:09:28.208981
lacharente,bd6t55100151w,,failed,0,0,,no_usable_pages,known,,,bd6t55100151w: no usable pages in manifest.,2026-07-17T18:09:28.368618
lacharente,bd6t551001529,,failed,0,0,,no_usable_pages,known,,,bd6t551001529: no usable pages in manifest.,2026-07-17T18:09:28.597798
lacharente,bd6t55100153q,,failed,0,0,,no_usable_pages,known,,,bd6t55100153q: no usable pages in manifest.,2026-07-17T18:09:28.776189
lacharente,bd6t551001544,,failed,0,0,,no_usable_pages,known,,,bd6t551001544: no usable pages in manifest.,2026-07-17T18:09:28.963931
lacharente,bd6t55100155j,,failed,0,0,,no_usable_pages,known,,,bd6t55100155j: no usable pages in manifest.,2026-07-17T18:09:29.119241
lacharente,bd6t55100156z,,failed,0,0,,no_usable_pages,known,,,bd6t55100156z: no usable pages in manifest.,2026-07-17T18:09:29.338438
lacharente,bd6t55100157c,,failed,0,0,,no_usable_pages,known,,,bd6t55100157c: no usable pages in manifest.,2026-07-17T18:09:29.521342
lacharente,bd6t55100158s,,failed,0,0,,no_usable_pages,known,,,bd6t55100158s: no usable pages in manifest.,2026-07-17T18:09:29.738755
lacharente,bd6t551001596,,failed,0,0,,no_usable_pages,known,,,bd6t551001596: no usable pages in manifest.,2026-07-17T18:09:29.883038
lacharente,bd6t55100160v,,failed,0,0,,no_usable_pages,known,,,bd6t55100160v: no usable pages in manifest.,2026-07-17T18:09:30.013251
lacharente,bd6t551001618,,failed,0,0,,no_usable_pages,known,,,bd6t551001618: no usable pages in manifest.,2026-07-17T18:09:30.149605
lacharente,bd6t55100162p,,failed,0,0,,no_usable_pages,known,,,bd6t55100162p: no usable pages in manifest.,2026-07-17T18:09:30.311215
lacharente,bd6t551001633,,failed,0,0,,no_usable_pages,known,,,bd6t551001633: no usable pages in manifest.,2026-07-17T18:09:30.564250
lacharente,bd6t55100164h,,failed,0,0,,no_usable_pages,known,,,bd6t55100164h: no usable pages in manifest.,2026-07-17T18:09:30.792852
lacharente,bd6t55100165x,,failed,0,0,,no_usable_pages,known,,,bd6t55100165x: no usable pages in manifest.,2026-07-17T18:09:30.959582
lacharente,bd6t55100166b,,failed,0,0,,no_usable_pages,known,,,bd6t55100166b: no usable pages in manifest.,2026-07-17T18:09:31.126213
lacharente,bd6t55100167r,,failed,0,0,,no_usable_pages,known,,,bd6t55100167r: no usable pages in manifest.,2026-07-17T18:09:31.296376
lacharente,bd6t551001685,,failed,0,0,,no_usable_pages,known,,,bd6t551001685: no usable pages in manifest.,2026-07-17T18:09:31.600210
lacharente,bd6t55100169k,,failed,0,0,,no_usable_pages,known,,,bd6t55100169k: no usable pages in manifest.,2026-07-17T18:09:31.861951
lacharente,bd6t551001707,,failed,0,0,,no_usable_pages,known,,,bd6t551001707: no usable pages in manifest.,2026-07-17T18:09:32.033558
lacharente,bd6t55100171n,,failed,0,0,,no_usable_pages,known,,,bd6t55100171n: no usable pages in manifest.,2026-07-17T18:09:32.164451
lacharente,bd6t551001722,,failed,0,0,,no_usable_pages,known,,,bd6t551001722: no usable pages in manifest.,2026-07-17T18:09:32.323736
lacharente,bd6t55100173g,,failed,0,0,,no_usable_pages,known,,,bd6t55100173g: no usable pages in manifest.,2026-07-17T18:09:32.495121
lacharente,bd6t55100174w,,failed,0,0,,no_usable_pages,known,,,bd6t55100174w: no usable pages in manifest.,2026-07-17T18:09:32.808028
lacharente,bd6t551001759,,failed,0,0,,no_usable_pages,known,,,bd6t551001759: no usable pages in manifest.,2026-07-17T18:09:33.105718
lacharente,bd6t55100176q,,failed,0,0,,no_usable_pages,known,,,bd6t55100176q: no usable pages in manifest.,2026-07-17T18:09:33.332562
lacharente,bd6t551001774,,failed,0,0,,no_usable_pages,known,,,bd6t551001774: no usable pages in manifest.,2026-07-17T18:09:33.457026
lacharente,bd6t55100178j,,failed,0,0,,no_usable_pages,known,,,bd6t55100178j: no usable pages in manifest.,2026-07-17T18:09:33.653490
lacharente,bd6t55100179z,,failed,0,0,,no_usable_pages,known,,,bd6t55100179z: no usable pages in manifest.,2026-07-17T18:09:33.882392
lacharente,bd6t55100180m,,failed,0,0,,no_usable_pages,known,,,bd6t55100180m: no usable pages in manifest.,2026-07-17T18:09:34.084449
lacharente,bd6t551001811,,failed,0,0,,no_usable_pages,known,,,bd6t551001811: no usable pages in manifest.,2026-07-17T18:09:34.195028
lacharente,bd6t55100182f,,failed,0,0,,no_usable_pages,known,,,bd6t55100182f: no usable pages in manifest.,2026-07-17T18:09:34.464430
lacharente,bd6t55100183v,,failed,0,0,,no_usable_pages,known,,,bd6t55100183v: no usable pages in manifest.,2026-07-17T18:09:34.681496
lacharente,bd6t551001848,,failed,0,0,,no_usable_pages,known,,,bd6t551001848: no usable pages in manifest.,2026-07-17T18:09:34.858736
lacharente,bd6t55100185p,,failed,0,0,,no_usable_pages,known,,,bd6t55100185p: no usable pages in manifest.,2026-07-17T18:09:35.019808
lacharente,bd6t551001863,,failed,0,0,,no_usable_pages,known,,,bd6t551001863: no usable pages in manifest.,2026-07-17T18:09:35.202570
lacharente,bd6t55100187h,,failed,0,0,,no_usable_pages,known,,,bd6t55100187h: no usable pages in manifest.,2026-07-17T18:09:35.379643
lacharente,bd6t55100188x,,failed,0,0,,no_usable_pages,known,,,bd6t55100188x: no usable pages in manifest.,2026-07-17T18:09:35.683689
lacharente,bd6t55100189b,,failed,0,0,,no_usable_pages,known,,,bd6t55100189b: no usable pages in manifest.,2026-07-17T18:09:35.860696
lacharente,bd6t551001900,,failed,0,0,,no_usable_pages,known,,,bd6t551001900: no usable pages in manifest.,2026-07-17T18:09:36.096661
lacharente,bd6t55100191d,,failed,0,0,,no_usable_pages,known,,,bd6t55100191d: no usable pages in manifest.,2026-07-17T18:09:36.299555
lacharente,bd6t55100192t,,failed,0,0,,no_usable_pages,known,,,bd6t55100192t: no usable pages in manifest.,2026-07-17T18:09:36.527670
lacharente,bd6t551001937,,failed,0,0,,no_usable_pages,known,,,bd6t551001937: no usable pages in manifest.,2026-07-17T18:09:36.750887
lacharente,bd6t55100194n,,failed,0,0,,no_usable_pages,known,,,bd6t55100194n: no usable pages in manifest.,2026-07-17T18:09:36.980686
lacharente,bd6t551001952,,failed,0,0,,no_usable_pages,known,,,bd6t551001952: no usable pages in manifest.,2026-07-17T18:09:37.275342
lacharente,bd6t551002213,,failed,0,0,,no_usable_pages,known,,,bd6t551002213: no usable pages in manifest.,2026-07-17T18:09:37.479442
lacharente,bd6t55100196g,,failed,0,0,,no_usable_pages,known,,,bd6t55100196g: no usable pages in manifest.,2026-07-17T18:09:37.706541
lacharente,bd6t55100197w,,failed,0,0,,no_usable_pages,known,,,bd6t55100197w: no usable pages in manifest.,2026-07-17T18:09:37.917040
lacharente,bd6t551001989,,failed,0,0,,no_usable_pages,known,,,bd6t551001989: no usable pages in manifest.,2026-07-17T18:09:38.202010
lacharente,bd6t55100199q,,failed,0,0,,no_usable_pages,known,,,bd6t55100199q: no usable pages in manifest.,2026-07-17T18:09:38.510274
lacharente,bd6t55100200x,,failed,0,0,,no_usable_pages,known,,,bd6t55100200x: no usable pages in manifest.,2026-07-17T18:09:38.666493
lacharente,bd6t55100201b,,failed,0,0,,no_usable_pages,known,,,bd6t55100201b: no usable pages in manifest.,2026-07-17T18:09:38.826567
lacharente,bd6t55100202r,,failed,0,0,,no_usable_pages,known,,,bd6t55100202r: no usable pages in manifest.,2026-07-17T18:09:39.038575
lacharente,bd6t551002035,,failed,0,0,,no_usable_pages,known,,,bd6t551002035: no usable pages in manifest.,2026-07-17T18:09:39.187389
lacharente,bd6t55100204k,,failed,0,0,,no_usable_pages,known,,,bd6t55100204k: no usable pages in manifest.,2026-07-17T18:09:39.442044
lacharente,bd6t551002050,,failed,0,0,,no_usable_pages,known,,,bd6t551002050: no usable pages in manifest.,2026-07-17T18:09:39.665008
lacharente,bd6t55100206d,,failed,0,0,,no_usable_pages,known,,,bd6t55100206d: no usable pages in manifest.,2026-07-17T18:09:39.850521
lacharente,bd6t55100207t,,failed,0,0,,no_usable_pages,known,,,bd6t55100207t: no usable pages in manifest.,2026-07-17T18:09:40.053648
lacharente,bd6t551002087,,failed,0,0,,no_usable_pages,known,,,bd6t551002087: no usable pages in manifest.,2026-07-17T18:09:40.321409
lacharente,bd6t55100209n,,failed,0,0,,no_usable_pages,known,,,bd6t55100209n: no usable pages in manifest.,2026-07-17T18:09:40.500151
lacharente,bd6t551002109,,failed,0,0,,no_usable_pages,known,,,bd6t551002109: no usable pages in manifest.,2026-07-17T18:09:40.693525
lacharente,bd6t55100211q,,failed,0,0,,no_usable_pages,known,,,bd6t55100211q: no usable pages in manifest.,2026-07-17T18:09:40.864360
lacharente,bd6t551002124,,failed,0,0,,no_usable_pages,known,,,bd6t551002124: no usable pages in manifest.,2026-07-17T18:09:41.029176
lacharente,bd6t55100213j,,failed,0,0,,no_usable_pages,known,,,bd6t55100213j: no usable pages in manifest.,2026-07-17T18:09:41.151089
lacharente,bd6t55100214z,,failed,0,0,,no_usable_pages,known,,,bd6t55100214z: no usable pages in manifest.,2026-07-17T18:09:41.321866
lacharente,bd6t55100215c,,failed,0,0,,no_usable_pages,known,,,bd6t55100215c: no usable pages in manifest.,2026-07-17T18:09:41.535498
lacharente,bd6t55100216s,,failed,0,0,,no_usable_pages,known,,,bd6t55100216s: no usable pages in manifest.,2026-07-17T18:09:41.776378
lacharente,bd6t551002176,,failed,0,0,,no_usable_pages,known,,,bd6t551002176: no usable pages in manifest.,2026-07-17T18:09:41.951642
lacharente,bd6t55100218m,,failed,0,0,,no_usable_pages,known,,,bd6t55100218m: no usable pages in manifest.,2026-07-17T18:09:42.216211
lacharente,bd6t551002191,,failed,0,0,,no_usable_pages,known,,,bd6t551002191: no usable pages in manifest.,2026-07-17T18:09:42.389870
lacharente,bd6t55100220p,,failed,0,0,,no_usable_pages,known,,,bd6t55100220p: no usable pages in manifest.,2026-07-17T18:09:42.589723
lacharente,bd6t55100222h,,failed,0,0,,no_usable_pages,known,,,bd6t55100222h: no usable pages in manifest.,2026-07-17T18:09:42.782199
lacharente,bd6t55100223x,,failed,0,0,,no_usable_pages,known,,,bd6t55100223x: no usable pages in manifest.,2026-07-17T18:09:42.990046
lacharente,bd6t55100224b,,failed,0,0,,no_usable_pages,known,,,bd6t55100224b: no usable pages in manifest.,2026-07-17T18:09:43.142140
lacharente,bd6t55100225r,,failed,0,0,,no_usable_pages,known,,,bd6t55100225r: no usable pages in manifest.,2026-07-17T18:09:43.366987
lacharente,bd6t551002265,,failed,0,0,,no_usable_pages,known,,,bd6t551002265: no usable pages in manifest.,2026-07-17T18:09:43.579619
lacharente,bd6t55100227k,,failed,0,0,,no_usable_pages,known,,,bd6t55100227k: no usable pages in manifest.,2026-07-17T18:09:43.838262
lacharente,bd6t551002280,,failed,0,0,,no_usable_pages,known,,,bd6t551002280: no usable pages in manifest.,2026-07-17T18:09:44.113579
lacharente,bd6t55100229d,,failed,0,0,,no_usable_pages,known,,,bd6t55100229d: no usable pages in manifest.,2026-07-17T18:09:44.293865
lacharente,bd6t551002302,,failed,0,0,,no_usable_pages,known,,,bd6t551002302: no usable pages in manifest.,2026-07-17T18:09:44.456063
lacharente,bd6t55100231g,,failed,0,0,,no_usable_pages,known,,,bd6t55100231g: no usable pages in manifest.,2026-07-17T18:09:44.627353
lacharente,bd6t55100232w,,failed,0,0,,no_usable_pages,known,,,bd6t55100232w: no usable pages in manifest.,2026-07-17T18:09:44.847484
lacharente,bd6t551002339,,failed,0,0,,no_usable_pages,known,,,bd6t551002339: no usable pages in manifest.,2026-07-17T18:09:45.109984
lacharente,bd6t55100234q,,failed,0,0,,no_usable_pages,known,,,bd6t55100234q: no usable pages in manifest.,2026-07-17T18:09:45.425867
lacharente,bd6t551002354,,failed,0,0,,no_usable_pages,known,,,bd6t551002354: no usable pages in manifest.,2026-07-17T18:09:45.590094
lacharente,bd6t55100236j,,failed,0,0,,no_usable_pages,known,,,bd6t55100236j: no usable pages in manifest.,2026-07-17T18:09:45.760647
lacharente,bd6t55100237z,,failed,0,0,,no_usable_pages,known,,,bd6t55100237z: no usable pages in manifest.,2026-07-17T18:09:45.982921
lacharente,bd6t55100238c,,failed,0,0,,no_usable_pages,known,,,bd6t55100238c: no usable pages in manifest.,2026-07-17T18:09:46.167248
lacharente,bd6t55100239s,,failed,0,0,,no_usable_pages,known,,,bd6t55100239s: no usable pages in manifest.,2026-07-17T18:09:46.404170
lacharente,bd6t55100240f,,failed,0,0,,no_usable_pages,known,,,bd6t55100240f: no usable pages in manifest.,2026-07-17T18:09:46.574248
lacharente,bd6t55100241v,,failed,0,0,,no_usable_pages,known,,,bd6t55100241v: no usable pages in manifest.,2026-07-17T18:09:46.759383
lacharente,bd6t551002428,,failed,0,0,,no_usable_pages,known,,,bd6t551002428: no usable pages in manifest.,2026-07-17T18:09:46.899332
lacharente,bd6t55100243p,,failed,0,0,,no_usable_pages,known,,,bd6t55100243p: no usable pages in manifest.,2026-07-17T18:09:47.138765
lacharente,bd6t551002443,,failed,0,0,,no_usable_pages,known,,,bd6t551002443: no usable pages in manifest.,2026-07-17T18:09:47.294436
lacharente,bd6t55100245h,,failed,0,0,,no_usable_pages,known,,,bd6t55100245h: no usable pages in manifest.,2026-07-17T18:09:47.515990
lacharente,bd6t55100246x,,failed,0,0,,no_usable_pages,known,,,bd6t55100246x: no usable pages in manifest.,2026-07-17T18:09:47.691026
lacharente,bd6t55100247b,,failed,0,0,,no_usable_pages,known,,,bd6t55100247b: no usable pages in manifest.,2026-07-17T18:09:47.873752
lacharente,bd6t55100248r,,failed,0,0,,no_usable_pages,known,,,bd6t55100248r: no usable pages in manifest.,2026-07-17T18:09:48.038521
lacharente,bd6t551002495,,failed,0,0,,no_usable_pages,known,,,bd6t551002495: no usable pages in manifest.,2026-07-17T18:09:48.273313
lacharente,bd6t55100250t,,failed,0,0,,no_usable_pages,known,,,bd6t55100250t: no usable pages in manifest.,2026-07-17T18:09:48.554920
lacharente,bd6t551002517,,failed,0,0,,no_usable_pages,known,,,bd6t551002517: no usable pages in manifest.,2026-07-17T18:09:48.717665
lacharente,bd6t55100252n,,failed,0,0,,no_usable_pages,known,,,bd6t55100252n: no usable pages in manifest.,2026-07-17T18:09:48.857534
lacharente,bd6t551002532,,failed,0,0,,no_usable_pages,known,,,bd6t551002532: no usable pages in manifest.,2026-07-17T18:09:49.038656
lacharente,bd6t55100254g,,failed,0,0,,no_usable_pages,known,,,bd6t55100254g: no usable pages in manifest.,2026-07-17T18:09:49.266314
lacharente,bd6t55100255w,,failed,0,0,,no_usable_pages,known,,,bd6t55100255w: no usable pages in manifest.,2026-07-17T18:09:49.529333
lacharente,bd6t551002569,,failed,0,0,,no_usable_pages,known,,,bd6t551002569: no usable pages in manifest.,2026-07-17T18:09:49.803086
lacharente,bd6t55100257q,,failed,0,0,,no_usable_pages,known,,,bd6t55100257q: no usable pages in manifest.,2026-07-17T18:09:50.018258
lacharente,bd6t551002584,,failed,0,0,,no_usable_pages,known,,,bd6t551002584: no usable pages in manifest.,2026-07-17T18:09:50.164807
lacharente,bd6t55100259j,,failed,0,0,,no_usable_pages,known,,,bd6t55100259j: no usable pages in manifest.,2026-07-17T18:09:50.353855
lacharente,bd6t551002606,,failed,0,0,,no_usable_pages,known,,,bd6t551002606: no usable pages in manifest.,2026-07-17T18:09:50.539234
lacharente,bd6t55100261m,,failed,0,0,,no_usable_pages,known,,,bd6t55100261m: no usable pages in manifest.,2026-07-17T18:09:50.788772
lacharente,bd6t551002621,,failed,0,0,,no_usable_pages,known,,,bd6t551002621: no usable pages in manifest.,2026-07-17T18:09:50.962350
lacharente,bd6t55100263f,,failed,0,0,,no_usable_pages,known,,,bd6t55100263f: no usable pages in manifest.,2026-07-17T18:09:51.088474
lacharente,bd6t55100264v,,failed,0,0,,no_usable_pages,known,,,bd6t55100264v: no usable pages in manifest.,2026-07-17T18:09:51.229795
lacharente,bd6t551002658,,failed,0,0,,no_usable_pages,known,,,bd6t551002658: no usable pages in manifest.,2026-07-17T18:09:51.396610
lacharente,bd6t55100266p,,failed,0,0,,no_usable_pages,known,,,bd6t55100266p: no usable pages in manifest.,2026-07-17T18:09:51.510066
lacharente,bd6t551002673,,failed,0,0,,no_usable_pages,known,,,bd6t551002673: no usable pages in manifest.,2026-07-17T18:09:51.693549
lacharente,bd6t55100268h,,failed,0,0,,no_usable_pages,known,,,bd6t55100268h: no usable pages in manifest.,2026-07-17T18:09:51.972765
lacharente,bd6t55100269x,,failed,0,0,,no_usable_pages,known,,,bd6t55100269x: no usable pages in manifest.,2026-07-17T18:09:52.085730
lacharente,bd6t55100270k,,failed,0,0,,no_usable_pages,known,,,bd6t55100270k: no usable pages in manifest.,2026-07-17T18:09:52.252849
lacharente,bd6t551002710,,failed,0,0,,no_usable_pages,known,,,bd6t551002710: no usable pages in manifest.,2026-07-17T18:09:52.437182
lacharente,bd6t55100272d,,failed,0,0,,no_usable_pages,known,,,bd6t55100272d: no usable pages in manifest.,2026-07-17T18:09:52.577954
lacharente,bd6t55100273t,,failed,0,0,,no_usable_pages,known,,,bd6t55100273t: no usable pages in manifest.,2026-07-17T18:09:52.815530
lacharente,bd6t551002747,,failed,0,0,,no_usable_pages,known,,,bd6t551002747: no usable pages in manifest.,2026-07-17T18:09:53.044268
lacharente,bd6t55100275n,,failed,0,0,,no_usable_pages,known,,,bd6t55100275n: no usable pages in manifest.,2026-07-17T18:09:53.169483
lacharente,bd6t551002762,,failed,0,0,,no_usable_pages,known,,,bd6t551002762: no usable pages in manifest.,2026-07-17T18:09:53.334105
lacharente,bd6t55100277g,,failed,0,0,,no_usable_pages,known,,,bd6t55100277g: no usable pages in manifest.,2026-07-17T18:09:53.521192
lacharente,bd6t55100278w,,failed,0,0,,no_usable_pages,known,,,bd6t55100278w: no usable pages in manifest.,2026-07-17T18:09:53.681097
lacharente,bd6t551002799,,failed,0,0,,no_usable_pages,known,,,bd6t551002799: no usable pages in manifest.,2026-07-17T18:09:53.897884
lacharente,bd6t55100280z,,failed,0,0,,no_usable_pages,known,,,bd6t55100280z: no usable pages in manifest.,2026-07-17T18:09:54.156582
lacharente,bd6t55100281c,,failed,0,0,,no_usable_pages,known,,,bd6t55100281c: no usable pages in manifest.,2026-07-17T18:09:54.266413
lacharente,bd6t55100282s,,failed,0,0,,no_usable_pages,known,,,bd6t55100282s: no usable pages in manifest.,2026-07-17T18:09:54.469712
lacharente,bd6t551002836,,failed,0,0,,no_usable_pages,known,,,bd6t551002836: no usable pages in manifest.,2026-07-17T18:09:54.694926
lacharente,bd6t55100284m,,failed,0,0,,no_usable_pages,known,,,bd6t55100284m: no usable pages in manifest.,2026-07-17T18:09:54.844425
lacharente,bd6t551002851,,failed,0,0,,no_usable_pages,known,,,bd6t551002851: no usable pages in manifest.,2026-07-17T18:09:55.030730
lacharente,bd6t55100286f,,failed,0,0,,no_usable_pages,known,,,bd6t55100286f: no usable pages in manifest.,2026-07-17T18:09:55.332019
lacharente,bd6t55100287v,,failed,0,0,,no_usable_pages,known,,,bd6t55100287v: no usable pages in manifest.,2026-07-17T18:09:55.471030
lacharente,bd6t551002888,,failed,0,0,,no_usable_pages,known,,,bd6t551002888: no usable pages in manifest.,2026-07-17T18:09:55.634554
lacharente,bd6t55100289p,,failed,0,0,,no_usable_pages,known,,,bd6t55100289p: no usable pages in manifest.,2026-07-17T18:09:55.820331
lacharente,bd6t55100290b,,failed,0,0,,no_usable_pages,known,,,bd6t55100290b: no usable pages in manifest.,2026-07-17T18:09:56.052426
lacharente,bd6t55100291r,,failed,0,0,,no_usable_pages,known,,,bd6t55100291r: no usable pages in manifest.,2026-07-17T18:09:56.371846
lacharente,bd6t551002925,,failed,0,0,,no_usable_pages,known,,,bd6t551002925: no usable pages in manifest.,2026-07-17T18:09:56.522229
lacharente,bd6t55100293k,,failed,0,0,,no_usable_pages,known,,,bd6t55100293k: no usable pages in manifest.,2026-07-17T18:09:56.728657
lacharente,bd6t551002940,,failed,0,0,,no_usable_pages,known,,,bd6t551002940: no usable pages in manifest.,2026-07-17T18:09:56.989415
lacharente,bd6t55100295d,,failed,0,0,,no_usable_pages,known,,,bd6t55100295d: no usable pages in manifest.,2026-07-17T18:09:57.180545
lacharente,bd6t55100296t,,failed,0,0,,no_usable_pages,known,,,bd6t55100296t: no usable pages in manifest.,2026-07-17T18:09:57.466487
lacharente,bd6t551002977,,failed,0,0,,no_usable_pages,known,,,bd6t551002977: no usable pages in manifest.,2026-07-17T18:09:57.617482
lacharente,bd6t55100298n,,failed,0,0,,no_usable_pages,known,,,bd6t55100298n: no usable pages in manifest.,2026-07-17T18:09:57.741654
lacharente,bd6t551002992,,failed,0,0,,no_usable_pages,known,,,bd6t551002992: no usable pages in manifest.,2026-07-17T18:09:57.900354
lacharente,bd6t551003008,,failed,0,0,,no_usable_pages,known,,,bd6t551003008: no usable pages in manifest.,2026-07-17T18:09:58.092160
lacharente,bd6t55100301p,,failed,0,0,,no_usable_pages,known,,,bd6t55100301p: no usable pages in manifest.,2026-07-17T18:09:58.292217
lacharente,bd6t551003023,,failed,0,0,,no_usable_pages,known,,,bd6t551003023: no usable pages in manifest.,2026-07-17T18:09:58.550261
lacharente,bd6t55100303h,,failed,0,0,,no_usable_pages,known,,,bd6t55100303h: no usable pages in manifest.,2026-07-17T18:09:58.759370
lacharente,bd6t55100304x,,failed,0,0,,no_usable_pages,known,,,bd6t55100304x: no usable pages in manifest.,2026-07-17T18:09:58.980817
lacharente,bd6t55100305b,,failed,0,0,,no_usable_pages,known,,,bd6t55100305b: no usable pages in manifest.,2026-07-17T18:09:59.281481
lacharente,bd6t55100306r,,failed,0,0,,no_usable_pages,known,,,bd6t55100306r: no usable pages in manifest.,2026-07-17T18:09:59.495441
lacharente,bd6t551003075,,failed,0,0,,no_usable_pages,known,,,bd6t551003075: no usable pages in manifest.,2026-07-17T18:09:59.778668
lacharente,bd6t55100308k,,failed,0,0,,no_usable_pages,known,,,bd6t55100308k: no usable pages in manifest.,2026-07-17T18:09:59.961447
lacharente,bd6t551003090,,failed,0,0,,no_usable_pages,known,,,bd6t551003090: no usable pages in manifest.,2026-07-17T18:10:00.195094
lacharente,bd6t55100310n,,failed,0,0,,no_usable_pages,known,,,bd6t55100310n: no usable pages in manifest.,2026-07-17T18:10:00.469132
lacharente,bd6t551003112,,failed,0,0,,no_usable_pages,known,,,bd6t551003112: no usable pages in manifest.,2026-07-17T18:10:00.659501
lacharente,bd6t55100312g,,failed,0,0,,no_usable_pages,known,,,bd6t55100312g: no usable pages in manifest.,2026-07-17T18:10:00.910825
lacharente,bd6t55100313w,,failed,0,0,,no_usable_pages,known,,,bd6t55100313w: no usable pages in manifest.,2026-07-17T18:10:01.099932
lacharente,bd6t551003149,,failed,0,0,,no_usable_pages,known,,,bd6t551003149: no usable pages in manifest.,2026-07-17T18:10:01.316906
lacharente,bd6t55100315q,,failed,0,0,,no_usable_pages,known,,,bd6t55100315q: no usable pages in manifest.,2026-07-17T18:10:01.482219
lacharente,bd6t551003164,,failed,0,0,,no_usable_pages,known,,,bd6t551003164: no usable pages in manifest.,2026-07-17T18:10:01.638586
lacharente,bd6t55100317j,,failed,0,0,,no_usable_pages,known,,,bd6t55100317j: no usable pages in manifest.,2026-07-17T18:10:01.812434
lacharente,bd6t55100318z,,failed,0,0,,no_usable_pages,known,,,bd6t55100318z: no usable pages in manifest.,2026-07-17T18:10:02.110446
lacharente,bd6t55100319c,,failed,0,0,,no_usable_pages,known,,,bd6t55100319c: no usable pages in manifest.,2026-07-17T18:10:02.242346
lacharente,bd6t551003201,,failed,0,0,,no_usable_pages,known,,,bd6t551003201: no usable pages in manifest.,2026-07-17T18:10:02.353129
lacharente,bd6t55100321f,,failed,0,0,,no_usable_pages,known,,,bd6t55100321f: no usable pages in manifest.,2026-07-17T18:10:02.519204
lacharente,bd6t55100322v,,failed,0,0,,no_usable_pages,known,,,bd6t55100322v: no usable pages in manifest.,2026-07-17T18:10:02.654425
lacharente,bd6t551003238,,failed,0,0,,no_usable_pages,known,,,bd6t551003238: no usable pages in manifest.,2026-07-17T18:10:02.836936
lacharente,bd6t55100324p,,failed,0,0,,no_usable_pages,known,,,bd6t55100324p: no usable pages in manifest.,2026-07-17T18:10:03.222350
lacharente,bd6t551003253,,failed,0,0,,no_usable_pages,known,,,bd6t551003253: no usable pages in manifest.,2026-07-17T18:10:03.459084
lacharente,bd6t55100326h,,failed,0,0,,no_usable_pages,known,,,bd6t55100326h: no usable pages in manifest.,2026-07-17T18:10:03.839525
lacharente,bd6t55100327x,,failed,0,0,,no_usable_pages,known,,,bd6t55100327x: no usable pages in manifest.,2026-07-17T18:10:04.032066
lacharente,bd6t55100328b,,failed,0,0,,no_usable_pages,known,,,bd6t55100328b: no usable pages in manifest.,2026-07-17T18:10:04.271060
lacharente,bd6t55100329r,,failed,0,0,,no_usable_pages,known,,,bd6t55100329r: no usable pages in manifest.,2026-07-17T18:10:04.476253
lacharente,bd6t55100330d,,failed,0,0,,no_usable_pages,known,,,bd6t55100330d: no usable pages in manifest.,2026-07-17T18:10:04.679242
lacharente,bd6t55100331t,,failed,0,0,,no_usable_pages,known,,,bd6t55100331t: no usable pages in manifest.,2026-07-17T18:10:04.830107
lacharente,bd6t551003327,,failed,0,0,,no_usable_pages,known,,,bd6t551003327: no usable pages in manifest.,2026-07-17T18:10:04.957123
lacharente,bd6t55100333n,,failed,0,0,,no_usable_pages,known,,,bd6t55100333n: no usable pages in manifest.,2026-07-17T18:10:05.080303
lacharente,bd6t551003342,,failed,0,0,,no_usable_pages,known,,,bd6t551003342: no usable pages in manifest.,2026-07-17T18:10:05.292627
lacharente,bd6t55100335g,,failed,0,0,,no_usable_pages,known,,,bd6t55100335g: no usable pages in manifest.,2026-07-17T18:10:05.486490
lacharente,bd6t55100336w,,failed,0,0,,no_usable_pages,known,,,bd6t55100336w: no usable pages in manifest.,2026-07-17T18:10:05.705237
lacharente,bd6t551003379,,failed,0,0,,no_usable_pages,known,,,bd6t551003379: no usable pages in manifest.,2026-07-17T18:10:05.933530
lacharente,bd6t55100338q,,failed,0,0,,no_usable_pages,known,,,bd6t55100338q: no usable pages in manifest.,2026-07-17T18:10:06.067756
lacharente,bd6t551003394,,failed,0,0,,no_usable_pages,known,,,bd6t551003394: no usable pages in manifest.,2026-07-17T18:10:06.253271
lacharente,bd6t55100340s,,failed,0,0,,no_usable_pages,known,,,bd6t55100340s: no usable pages in manifest.,2026-07-17T18:10:06.526984
lacharente,bd6t551003416,,failed,0,0,,no_usable_pages,known,,,bd6t551003416: no usable pages in manifest.,2026-07-17T18:10:06.658806
lacharente,bd6t55100342m,,failed,0,0,,no_usable_pages,known,,,bd6t55100342m: no usable pages in manifest.,2026-07-17T18:10:06.811140
lacharente,bd6t551003431,,failed,0,0,,no_usable_pages,known,,,bd6t551003431: no usable pages in manifest.,2026-07-17T18:10:06.998329
lacharente,bd6t55100344f,,failed,0,0,,no_usable_pages,known,,,bd6t55100344f: no usable pages in manifest.,2026-07-17T18:10:07.139687
lacharente,bd6t55100345v,,failed,0,0,,no_usable_pages,known,,,bd6t55100345v: no usable pages in manifest.,2026-07-17T18:10:07.290326
lacharente,bd6t551003468,,failed,0,0,,no_usable_pages,known,,,bd6t551003468: no usable pages in manifest.,2026-07-17T18:10:07.529290
lacharente,bd6t55100347p,,failed,0,0,,no_usable_pages,known,,,bd6t55100347p: no usable pages in manifest.,2026-07-17T18:10:07.703147
lacharente,bd6t551003483,,failed,0,0,,no_usable_pages,known,,,bd6t551003483: no usable pages in manifest.,2026-07-17T18:10:07.899727
lacharente,bd6t55100349h,,failed,0,0,,no_usable_pages,known,,,bd6t55100349h: no usable pages in manifest.,2026-07-17T18:10:08.106894
lacharente,bd6t551003505,,failed,0,0,,no_usable_pages,known,,,bd6t551003505: no usable pages in manifest.,2026-07-17T18:10:08.313237
lacharente,bd6t55100351k,,failed,0,0,,no_usable_pages,known,,,bd6t55100351k: no usable pages in manifest.,2026-07-17T18:10:08.482270
lacharente,bd6t551003520,,failed,0,0,,no_usable_pages,known,,,bd6t551003520: no usable pages in manifest.,2026-07-17T18:10:08.705662
lacharente,bd6t55100353d,,failed,0,0,,no_usable_pages,known,,,bd6t55100353d: no usable pages in manifest.,2026-07-17T18:10:08.844673
lacharente,bd6t55100354t,,failed,0,0,,no_usable_pages,known,,,bd6t55100354t: no usable pages in manifest.,2026-07-17T18:10:09.210470
lacharente,bd6t551003557,,failed,0,0,,no_usable_pages,known,,,bd6t551003557: no usable pages in manifest.,2026-07-17T18:10:09.380288
lacharente,bd6t55100356n,,failed,0,0,,no_usable_pages,known,,,bd6t55100356n: no usable pages in manifest.,2026-07-17T18:10:09.525251
lacharente,bd6t551003572,,failed,0,0,,no_usable_pages,known,,,bd6t551003572: no usable pages in manifest.,2026-07-17T18:10:10.175235
lacharente,bd6t55100358g,,failed,0,0,,no_usable_pages,known,,,bd6t55100358g: no usable pages in manifest.,2026-07-17T18:10:10.356758
lacharente,bd6t55100359w,,failed,0,0,,no_usable_pages,known,,,bd6t55100359w: no usable pages in manifest.,2026-07-17T18:10:10.521411
lacharente,bd6t55100360j,,failed,0,0,,no_usable_pages,known,,,bd6t55100360j: no usable pages in manifest.,2026-07-17T18:10:10.782098
lacharente,bd6t55100361z,,failed,0,0,,no_usable_pages,known,,,bd6t55100361z: no usable pages in manifest.,2026-07-17T18:10:11.018945
lacharente,bd6t55100362c,,failed,0,0,,no_usable_pages,known,,,bd6t55100362c: no usable pages in manifest.,2026-07-17T18:10:11.193008
lacharente,bd6t55100363s,,failed,0,0,,no_usable_pages,known,,,bd6t55100363s: no usable pages in manifest.,2026-07-17T18:10:11.361736
lacharente,bd6t551003646,,failed,0,0,,no_usable_pages,known,,,bd6t551003646: no usable pages in manifest.,2026-07-17T18:10:11.577062
lacharente,bd6t55100365m,,failed,0,0,,no_usable_pages,known,,,bd6t55100365m: no usable pages in manifest.,2026-07-17T18:10:11.851128
lacharente,bd6t551003661,,failed,0,0,,no_usable_pages,known,,,bd6t551003661: no usable pages in manifest.,2026-07-17T18:10:12.071349
lacharente,bd6t55100367f,,failed,0,0,,no_usable_pages,known,,,bd6t55100367f: no usable pages in manifest.,2026-07-17T18:10:12.261170
lacharente,bd6t55100368v,,failed,0,0,,no_usable_pages,known,,,bd6t55100368v: no usable pages in manifest.,2026-07-17T18:10:12.453893
lacharente,bd6t551003698,,failed,0,0,,no_usable_pages,known,,,bd6t551003698: no usable pages in manifest.,2026-07-17T18:10:12.608520
lacharente,bd6t55100370x,,failed,0,0,,no_usable_pages,known,,,bd6t55100370x: no usable pages in manifest.,2026-07-17T18:10:12.723535
lacharente,bd6t55100371b,,failed,0,0,,no_usable_pages,known,,,bd6t55100371b: no usable pages in manifest.,2026-07-17T18:10:12.950454
lacharente,bd6t55100372r,,failed,0,0,,no_usable_pages,known,,,bd6t55100372r: no usable pages in manifest.,2026-07-17T18:10:13.183361
lacharente,bd6t551003735,,failed,0,0,,no_usable_pages,known,,,bd6t551003735: no usable pages in manifest.,2026-07-17T18:10:13.318243
lacharente,bd6t55100374k,,failed,0,0,,no_usable_pages,known,,,bd6t55100374k: no usable pages in manifest.,2026-07-17T18:10:13.667639
lacharente,bd6t551003750,,failed,0,0,,no_usable_pages,known,,,bd6t551003750: no usable pages in manifest.,2026-07-17T18:10:13.818671
lacharente,bd6t55100376d,,failed,0,0,,no_usable_pages,known,,,bd6t55100376d: no usable pages in manifest.,2026-07-17T18:10:14.032186
lacharente,bd6t55100377t,,failed,0,0,,no_usable_pages,known,,,bd6t55100377t: no usable pages in manifest.,2026-07-17T18:10:14.264655
lacharente,bd6t551003787,,failed,0,0,,no_usable_pages,known,,,bd6t551003787: no usable pages in manifest.,2026-07-17T18:10:14.468325
lacharente,bd6t55100379n,,failed,0,0,,no_usable_pages,known,,,bd6t55100379n: no usable pages in manifest.,2026-07-17T18:10:14.698920
lacharente,bd6t551003809,,failed,0,0,,no_usable_pages,known,,,bd6t551003809: no usable pages in manifest.,2026-07-17T18:10:14.913940
lacharente,bd6t55100381q,,failed,0,0,,no_usable_pages,known,,,bd6t55100381q: no usable pages in manifest.,2026-07-17T18:10:15.088551
lacharente,bd6t551003824,,failed,0,0,,no_usable_pages,known,,,bd6t551003824: no usable pages in manifest.,2026-07-17T18:10:15.319602
lacharente,bd6t55100383j,,failed,0,0,,no_usable_pages,known,,,bd6t55100383j: no usable pages in manifest.,2026-07-17T18:10:15.502306
lacharente,bd6t55100384z,,failed,0,0,,no_usable_pages,known,,,bd6t55100384z: no usable pages in manifest.,2026-07-17T18:10:15.692119
lacharente,bd6t55100385c,,failed,0,0,,no_usable_pages,known,,,bd6t55100385c: no usable pages in manifest.,2026-07-17T18:10:15.890324
lacharente,bd6t55100386s,,failed,0,0,,no_usable_pages,known,,,bd6t55100386s: no usable pages in manifest.,2026-07-17T18:10:16.029769
lacharente,bd6t551003876,,failed,0,0,,no_usable_pages,known,,,bd6t551003876: no usable pages in manifest.,2026-07-17T18:10:16.255748
lacharente,bd6t55100388m,,failed,0,0,,no_usable_pages,known,,,bd6t55100388m: no usable pages in manifest.,2026-07-17T18:10:16.504979
lacharente,bd6t551003891,,failed,0,0,,no_usable_pages,known,,,bd6t551003891: no usable pages in manifest.,2026-07-17T18:10:16.653459
lacharente,bd6t55100390p,,failed,0,0,,no_usable_pages,known,,,bd6t55100390p: no usable pages in manifest.,2026-07-17T18:10:16.825416
lacharente,bd6t551003913,,failed,0,0,,no_usable_pages,known,,,bd6t551003913: no usable pages in manifest.,2026-07-17T18:10:17.014333
lacharente,bd6t55100392h,,failed,0,0,,no_usable_pages,known,,,bd6t55100392h: no usable pages in manifest.,2026-07-17T18:10:17.164591
lacharente,bd6t55100393x,,failed,0,0,,no_usable_pages,known,,,bd6t55100393x: no usable pages in manifest.,2026-07-17T18:10:17.307842
lacharente,bd6t55100394b,,failed,0,0,,no_usable_pages,known,,,bd6t55100394b: no usable pages in manifest.,2026-07-17T18:10:17.520445
lacharente,bd6t55100395r,,failed,0,0,,no_usable_pages,known,,,bd6t55100395r: no usable pages in manifest.,2026-07-17T18:10:17.665392
lacharente,bd6t551003965,,failed,0,0,,no_usable_pages,known,,,bd6t551003965: no usable pages in manifest.,2026-07-17T18:10:17.821316
lacharente,bd6t55100397k,,failed,0,0,,no_usable_pages,known,,,bd6t55100397k: no usable pages in manifest.,2026-07-17T18:10:17.950550
lacharente,bd6t551003980,,failed,0,0,,no_usable_pages,known,,,bd6t551003980: no usable pages in manifest.,2026-07-17T18:10:18.135171
lacharente,bd6t55100399d,,failed,0,0,,no_usable_pages,known,,,bd6t55100399d: no usable pages in manifest.,2026-07-17T18:10:18.340685
lacharente,bd6t55100400m,,failed,0,0,,no_usable_pages,known,,,bd6t55100400m: no usable pages in manifest.,2026-07-17T18:10:18.532645
lacharente,bpt6k4666984j,,failed,0,0,,no_usable_pages,known,,,bpt6k4666984j: no usable pages in manifest.,2026-07-17T18:10:18.669422
lacharente,bd6t551004011,,failed,0,0,,no_usable_pages,known,,,bd6t551004011: no usable pages in manifest.,2026-07-17T18:10:18.788849
lacharente,bpt6k4666986c,,failed,0,0,,no_usable_pages,known,,,bpt6k4666986c: no usable pages in manifest.,2026-07-17T18:10:18.979161
lacharente,bd6t55100403v,,failed,0,0,,no_usable_pages,known,,,bd6t55100403v: no usable pages in manifest.,2026-07-17T18:10:19.151969
lacharente,bd6t551004048,,failed,0,0,,no_usable_pages,known,,,bd6t551004048: no usable pages in manifest.,2026-07-17T18:10:19.384732
lacharente,bpt6k46669886,,failed,0,0,,no_usable_pages,known,,,bpt6k46669886: no usable pages in manifest.,2026-07-17T18:10:19.612195
lacharente,bd6t55100405p,,failed,0,0,,no_usable_pages,known,,,bd6t55100405p: no usable pages in manifest.,2026-07-17T18:10:19.884028
lacharente,bpt6k4666989m,,failed,0,0,,no_usable_pages,known,,,bpt6k4666989m: no usable pages in manifest.,2026-07-17T18:10:20.098323
lacharente,bd6t551004063,,failed,0,0,,no_usable_pages,known,,,bd6t551004063: no usable pages in manifest.,2026-07-17T18:10:20.269218
lacharente,bpt6k46669908,,failed,0,0,,no_usable_pages,known,,,bpt6k46669908: no usable pages in manifest.,2026-07-17T18:10:20.440739
lacharente,bd6t55100407h,,failed,0,0,,no_usable_pages,known,,,bd6t55100407h: no usable pages in manifest.,2026-07-17T18:10:20.604334
lacharente,bpt6k4666991p,,failed,0,0,,no_usable_pages,known,,,bpt6k4666991p: no usable pages in manifest.,2026-07-17T18:10:20.886002
lacharente,bd6t55100408x,,failed,0,0,,no_usable_pages,known,,,bd6t55100408x: no usable pages in manifest.,2026-07-17T18:10:21.080300
lacharente,bpt6k46669923,,failed,0,0,,no_usable_pages,known,,,bpt6k46669923: no usable pages in manifest.,2026-07-17T18:10:21.196420
lacharente,bd6t55100409b,,failed,0,0,,no_usable_pages,known,,,bd6t55100409b: no usable pages in manifest.,2026-07-17T18:10:21.365307
lacharente,bpt6k4666993h,,failed,0,0,,no_usable_pages,known,,,bpt6k4666993h: no usable pages in manifest.,2026-07-17T18:10:21.556151
lacharente,bd6t551004100,,failed,0,0,,no_usable_pages,known,,,bd6t551004100: no usable pages in manifest.,2026-07-17T18:10:21.708271
lacharente,bpt6k4666994x,,failed,0,0,,no_usable_pages,known,,,bpt6k4666994x: no usable pages in manifest.,2026-07-17T18:10:21.916432
lacharente,bd6t55100411d,,failed,0,0,,no_usable_pages,known,,,bd6t55100411d: no usable pages in manifest.,2026-07-17T18:10:22.172615
lacharente,bpt6k4666995b,,failed,0,0,,no_usable_pages,known,,,bpt6k4666995b: no usable pages in manifest.,2026-07-17T18:10:22.337589
lacharente,bd6t55100412t,,failed,0,0,,no_usable_pages,known,,,bd6t55100412t: no usable pages in manifest.,2026-07-17T18:10:22.505243
lacharente,bd6t551004137,,failed,0,0,,no_usable_pages,known,,,bd6t551004137: no usable pages in manifest.,2026-07-17T18:10:22.669335
lacharente,bd6t55100414n,,failed,0,0,,no_usable_pages,known,,,bd6t55100414n: no usable pages in manifest.,2026-07-17T18:10:22.860605
lacharente,bd6t551004152,,failed,0,0,,no_usable_pages,known,,,bd6t551004152: no usable pages in manifest.,2026-07-17T18:10:23.126262
lacharente,bd6t55100416g,,failed,0,0,,no_usable_pages,known,,,bd6t55100416g: no usable pages in manifest.,2026-07-17T18:10:23.362712
lacharente,bd6t55100417w,,failed,0,0,,no_usable_pages,known,,,bd6t55100417w: no usable pages in manifest.,2026-07-17T18:10:23.531253
lacharente,bd6t551004189,,failed,0,0,,no_usable_pages,known,,,bd6t551004189: no usable pages in manifest.,2026-07-17T18:10:23.723625
lacharente,bd6t55100419q,,failed,0,0,,no_usable_pages,known,,,bd6t55100419q: no usable pages in manifest.,2026-07-17T18:10:23.862851
lacharente,bd6t55100420c,,failed,0,0,,no_usable_pages,known,,,bd6t55100420c: no usable pages in manifest.,2026-07-17T18:10:24.164186
lacharente,bd6t55100421s,,failed,0,0,,no_usable_pages,known,,,bd6t55100421s: no usable pages in manifest.,2026-07-17T18:10:24.380340
lacharente,bd6t55100423m,,failed,0,0,,no_usable_pages,known,,,bd6t55100423m: no usable pages in manifest.,2026-07-17T18:10:24.588976
lacharente,bd6t551004241,,failed,0,0,,no_usable_pages,known,,,bd6t551004241: no usable pages in manifest.,2026-07-17T18:10:24.804483
lacharente,bd6t55100425f,,failed,0,0,,no_usable_pages,known,,,bd6t55100425f: no usable pages in manifest.,2026-07-17T18:10:24.970418
lacharente,bd6t551004226,,failed,0,0,,no_usable_pages,known,,,bd6t551004226: no usable pages in manifest.,2026-07-17T18:10:25.205277
lacharente,bd6t55100426v,,failed,0,0,,no_usable_pages,known,,,bd6t55100426v: no usable pages in manifest.,2026-07-17T18:10:25.417208
lacharente,bd6t551004278,,failed,0,0,,no_usable_pages,known,,,bd6t551004278: no usable pages in manifest.,2026-07-17T18:10:25.536458
lacharente,bd6t55100428p,,failed,0,0,,no_usable_pages,known,,,bd6t55100428p: no usable pages in manifest.,2026-07-17T18:10:25.723694
lacharente,bd6t55100402f,,failed,0,0,,no_usable_pages,known,,,bd6t55100402f: no usable pages in manifest.,2026-07-17T18:10:25.871894
lacharente,bd6t551004293,,failed,0,0,,no_usable_pages,known,,,bd6t551004293: no usable pages in manifest.,2026-07-17T18:10:26.011203
lacharente,bd6t55100430r,,failed,0,0,,no_usable_pages,known,,,bd6t55100430r: no usable pages in manifest.,2026-07-17T18:10:26.276461
lacharente,bd6t551004315,,failed,0,0,,no_usable_pages,known,,,bd6t551004315: no usable pages in manifest.,2026-07-17T18:10:26.437010
lacharente,bd6t55100432k,,failed,0,0,,no_usable_pages,known,,,bd6t55100432k: no usable pages in manifest.,2026-07-17T18:10:26.632821
lacharente,bd6t551004330,,failed,0,0,,no_usable_pages,known,,,bd6t551004330: no usable pages in manifest.,2026-07-17T18:10:26.874194
lacharente,bd6t55100434d,,failed,0,0,,no_usable_pages,known,,,bd6t55100434d: no usable pages in manifest.,2026-07-17T18:10:27.052286
lacharente,bd6t55100435t,,failed,0,0,,no_usable_pages,known,,,bd6t55100435t: no usable pages in manifest.,2026-07-17T18:10:27.275794
lacharente,bd6t551004367,,failed,0,0,,no_usable_pages,known,,,bd6t551004367: no usable pages in manifest.,2026-07-17T18:10:27.411992
lacharente,bd6t55100437n,,failed,0,0,,no_usable_pages,known,,,bd6t55100437n: no usable pages in manifest.,2026-07-17T18:10:27.599333
lacharente,bd6t551004382,,failed,0,0,,no_usable_pages,known,,,bd6t551004382: no usable pages in manifest.,2026-07-17T18:10:27.745510
lacharente,bd6t55100439g,,failed,0,0,,no_usable_pages,known,,,bd6t55100439g: no usable pages in manifest.,2026-07-17T18:10:27.877354
lacharente,bd6t551004404,,failed,0,0,,no_usable_pages,known,,,bd6t551004404: no usable pages in manifest.,2026-07-17T18:10:28.045274
lacharente,bd6t55100441j,,failed,0,0,,no_usable_pages,known,,,bd6t55100441j: no usable pages in manifest.,2026-07-17T18:10:28.135465
lacharente,bd6t55100442z,,failed,0,0,,no_usable_pages,known,,,bd6t55100442z: no usable pages in manifest.,2026-07-17T18:10:28.354226
lacharente,bd6t55100443c,,failed,0,0,,no_usable_pages,known,,,bd6t55100443c: no usable pages in manifest.,2026-07-17T18:10:28.534890
lacharente,bd6t55100444s,,failed,0,0,,no_usable_pages,known,,,bd6t55100444s: no usable pages in manifest.,2026-07-17T18:10:28.693948
lacharente,bd6t551004456,,failed,0,0,,no_usable_pages,known,,,bd6t551004456: no usable pages in manifest.,2026-07-17T18:10:28.845649
lacharente,bd6t55100446m,,failed,0,0,,no_usable_pages,known,,,bd6t55100446m: no usable pages in manifest.,2026-07-17T18:10:28.980015
lacharente,bd6t551004471,,failed,0,0,,no_usable_pages,known,,,bd6t551004471: no usable pages in manifest.,2026-07-17T18:10:29.126486
lacharente,bd6t55100448f,,failed,0,0,,no_usable_pages,known,,,bd6t55100448f: no usable pages in manifest.,2026-07-17T18:10:29.262133
lacharente,bd6t55100449v,,failed,0,0,,no_usable_pages,known,,,bd6t55100449v: no usable pages in manifest.,2026-07-17T18:10:29.421285
lacharente,bd6t55100450h,,failed,0,0,,no_usable_pages,known,,,bd6t55100450h: no usable pages in manifest.,2026-07-17T18:10:29.577498
lacharente,bd6t55100451x,,failed,0,0,,no_usable_pages,known,,,bd6t55100451x: no usable pages in manifest.,2026-07-17T18:10:29.830210
lacharente,bd6t55100452b,,failed,0,0,,no_usable_pages,known,,,bd6t55100452b: no usable pages in manifest.,2026-07-17T18:10:30.033934
lacharente,bd6t55100453r,,failed,0,0,,no_usable_pages,known,,,bd6t55100453r: no usable pages in manifest.,2026-07-17T18:10:30.240770
lacharente,bd6t551004545,,failed,0,0,,no_usable_pages,known,,,bd6t551004545: no usable pages in manifest.,2026-07-17T18:10:30.570233
lacharente,bd6t55100455k,,failed,0,0,,no_usable_pages,known,,,bd6t55100455k: no usable pages in manifest.,2026-07-17T18:10:30.980351
lacharente,bd6t551004560,,failed,0,0,,no_usable_pages,known,,,bd6t551004560: no usable pages in manifest.,2026-07-17T18:10:31.169076
lacharente,bd6t55100457d,,failed,0,0,,no_usable_pages,known,,,bd6t55100457d: no usable pages in manifest.,2026-07-17T18:10:31.307374
lacharente,bd6t55100458t,,failed,0,0,,no_usable_pages,known,,,bd6t55100458t: no usable pages in manifest.,2026-07-17T18:10:31.506309
lacharente,bd6t551004597,,failed,0,0,,no_usable_pages,known,,,bd6t551004597: no usable pages in manifest.,2026-07-17T18:10:31.727143
lacharente,bd6t55100460w,,failed,0,0,,no_usable_pages,known,,,bd6t55100460w: no usable pages in manifest.,2026-07-17T18:10:31.993715
lacharente,bd6t551004619,,failed,0,0,,no_usable_pages,known,,,bd6t551004619: no usable pages in manifest.,2026-07-17T18:10:32.184076
lacharente,bd6t55100462q,,failed,0,0,,no_usable_pages,known,,,bd6t55100462q: no usable pages in manifest.,2026-07-17T18:10:32.349542
lacharente,bd6t551004634,,failed,0,0,,no_usable_pages,known,,,bd6t551004634: no usable pages in manifest.,2026-07-17T18:10:32.517789
lacharente,bd6t55100464j,,failed,0,0,,no_usable_pages,known,,,bd6t55100464j: no usable pages in manifest.,2026-07-17T18:10:32.655887
lacharente,bd6t55100465z,,failed,0,0,,no_usable_pages,known,,,bd6t55100465z: no usable pages in manifest.,2026-07-17T18:10:32.781325
lacharente,bd6t55100466c,,failed,0,0,,no_usable_pages,known,,,bd6t55100466c: no usable pages in manifest.,2026-07-17T18:10:32.991640
lacharente,bd6t55100467s,,failed,0,0,,no_usable_pages,known,,,bd6t55100467s: no usable pages in manifest.,2026-07-17T18:10:33.164521
lacharente,bd6t551004686,,failed,0,0,,no_usable_pages,known,,,bd6t551004686: no usable pages in manifest.,2026-07-17T18:10:33.340397
lacharente,bd6t55100469m,,failed,0,0,,no_usable_pages,known,,,bd6t55100469m: no usable pages in manifest.,2026-07-17T18:10:33.454879
lacharente,bd6t551004708,,failed,0,0,,no_usable_pages,known,,,bd6t551004708: no usable pages in manifest.,2026-07-17T18:10:33.684727
lacharente,bd6t55100471p,,failed,0,0,,no_usable_pages,known,,,bd6t55100471p: no usable pages in manifest.,2026-07-17T18:10:33.869169
lacharente,bd6t551004723,,failed,0,0,,no_usable_pages,known,,,bd6t551004723: no usable pages in manifest.,2026-07-17T18:10:34.074900
lacharente,bd6t55100473h,,failed,0,0,,no_usable_pages,known,,,bd6t55100473h: no usable pages in manifest.,2026-07-17T18:10:34.238528
lacharente,bd6t55100474x,,failed,0,0,,no_usable_pages,known,,,bd6t55100474x: no usable pages in manifest.,2026-07-17T18:10:34.389067
lacharente,bd6t55100475b,,failed,0,0,,no_usable_pages,known,,,bd6t55100475b: no usable pages in manifest.,2026-07-17T18:10:34.579679
lacharente,bd6t55100476r,,failed,0,0,,no_usable_pages,known,,,bd6t55100476r: no usable pages in manifest.,2026-07-17T18:10:34.781481
lacharente,bd6t551004775,,failed,0,0,,no_usable_pages,known,,,bd6t551004775: no usable pages in manifest.,2026-07-17T18:10:34.912687
lacharente,bd6t55100478k,,failed,0,0,,no_usable_pages,known,,,bd6t55100478k: no usable pages in manifest.,2026-07-17T18:10:35.133850
lacharente,bd6t551004790,,failed,0,0,,no_usable_pages,known,,,bd6t551004790: no usable pages in manifest.,2026-07-17T18:10:35.374864
lacharente,bd6t55100480n,,failed,0,0,,no_usable_pages,known,,,bd6t55100480n: no usable pages in manifest.,2026-07-17T18:10:35.539174
lacharente,bd6t551004812,,failed,0,0,,no_usable_pages,known,,,bd6t551004812: no usable pages in manifest.,2026-07-17T18:10:35.683625
lacharente,bd6t55100482g,,failed,0,0,,no_usable_pages,known,,,bd6t55100482g: no usable pages in manifest.,2026-07-17T18:10:35.917318
lacharente,bd6t55100483w,,failed,0,0,,no_usable_pages,known,,,bd6t55100483w: no usable pages in manifest.,2026-07-17T18:10:36.070033
lacharente,bd6t551004849,,failed,0,0,,no_usable_pages,known,,,bd6t551004849: no usable pages in manifest.,2026-07-17T18:10:36.306010
lacharente,bd6t55100485q,,failed,0,0,,no_usable_pages,known,,,bd6t55100485q: no usable pages in manifest.,2026-07-17T18:10:36.479379
lacharente,bd6t551004864,,failed,0,0,,no_usable_pages,known,,,bd6t551004864: no usable pages in manifest.,2026-07-17T18:10:36.671992
lacharente,bd6t55100487j,,failed,0,0,,no_usable_pages,known,,,bd6t55100487j: no usable pages in manifest.,2026-07-17T18:10:36.827770
lacharente,bd6t55100488z,,failed,0,0,,no_usable_pages,known,,,bd6t55100488z: no usable pages in manifest.,2026-07-17T18:10:37.109317
lacharente,bd6t55100489c,,failed,0,0,,no_usable_pages,known,,,bd6t55100489c: no usable pages in manifest.,2026-07-17T18:10:37.320922
lacharente,bd6t551004901,,failed,0,0,,no_usable_pages,known,,,bd6t551004901: no usable pages in manifest.,2026-07-17T18:10:37.542511
lacharente,bd6t55100491f,,failed,0,0,,no_usable_pages,known,,,bd6t55100491f: no usable pages in manifest.,2026-07-17T18:10:37.727115
lacharente,bd6t55100492v,,failed,0,0,,no_usable_pages,known,,,bd6t55100492v: no usable pages in manifest.,2026-07-17T18:10:37.896580
lacharente,bd6t551004938,,failed,0,0,,no_usable_pages,known,,,bd6t551004938: no usable pages in manifest.,2026-07-17T18:10:38.075337
lacharente,bd6t55100494p,,failed,0,0,,no_usable_pages,known,,,bd6t55100494p: no usable pages in manifest.,2026-07-17T18:10:38.204352
lacharente,bd6t551004953,,failed,0,0,,no_usable_pages,known,,,bd6t551004953: no usable pages in manifest.,2026-07-17T18:10:38.382503
lacharente,bd6t55100496h,,failed,0,0,,no_usable_pages,known,,,bd6t55100496h: no usable pages in manifest.,2026-07-17T18:10:38.528642
lacharente,bd6t55100497x,,failed,0,0,,no_usable_pages,known,,,bd6t55100497x: no usable pages in manifest.,2026-07-17T18:10:38.715060
lacharente,bd6t55100498b,,failed,0,0,,no_usable_pages,known,,,bd6t55100498b: no usable pages in manifest.,2026-07-17T18:10:38.882173
lacharente,bd6t55100499r,,failed,0,0,,no_usable_pages,known,,,bd6t55100499r: no usable pages in manifest.,2026-07-17T18:10:39.078355
lacharente,bd6t55100500z,,failed,0,0,,no_usable_pages,known,,,bd6t55100500z: no usable pages in manifest.,2026-07-17T18:10:39.276547
lacharente,bd6t55100501c,,failed,0,0,,no_usable_pages,known,,,bd6t55100501c: no usable pages in manifest.,2026-07-17T18:10:39.564921
lacharente,bd6t55100502s,,failed,0,0,,no_usable_pages,known,,,bd6t55100502s: no usable pages in manifest.,2026-07-17T18:10:39.740579
lacharente,bd6t551005036,,failed,0,0,,no_usable_pages,known,,,bd6t551005036: no usable pages in manifest.,2026-07-17T18:10:39.954718
lacharente,bd6t55100504m,,failed,0,0,,no_usable_pages,known,,,bd6t55100504m: no usable pages in manifest.,2026-07-17T18:10:40.137050
lacharente,bd6t551005051,,failed,0,0,,no_usable_pages,known,,,bd6t551005051: no usable pages in manifest.,2026-07-17T18:10:40.301544
lacharente,bd6t55100506f,,failed,0,0,,no_usable_pages,known,,,bd6t55100506f: no usable pages in manifest.,2026-07-17T18:10:40.516355
lacharente,bd6t55100507v,,failed,0,0,,no_usable_pages,known,,,bd6t55100507v: no usable pages in manifest.,2026-07-17T18:10:40.746942
lacharente,bd6t551005088,,failed,0,0,,no_usable_pages,known,,,bd6t551005088: no usable pages in manifest.,2026-07-17T18:10:40.909639
lacharente,bd6t55100509p,,failed,0,0,,no_usable_pages,known,,,bd6t55100509p: no usable pages in manifest.,2026-07-17T18:10:41.088771
lacharente,bd6t55100510b,,failed,0,0,,no_usable_pages,known,,,bd6t55100510b: no usable pages in manifest.,2026-07-17T18:10:41.271749
lacharente,bd6t55100511r,,failed,0,0,,no_usable_pages,known,,,bd6t55100511r: no usable pages in manifest.,2026-07-17T18:10:41.438161
lacharente,bd6t551005125,,failed,0,0,,no_usable_pages,known,,,bd6t551005125: no usable pages in manifest.,2026-07-17T18:10:41.619688
lacharente,bd6t55100513k,,failed,0,0,,no_usable_pages,known,,,bd6t55100513k: no usable pages in manifest.,2026-07-17T18:10:41.838816
lacharente,bd6t551005140,,failed,0,0,,no_usable_pages,known,,,bd6t551005140: no usable pages in manifest.,2026-07-17T18:10:42.095957
lacharente,bd6t55100515d,,failed,0,0,,no_usable_pages,known,,,bd6t55100515d: no usable pages in manifest.,2026-07-17T18:10:42.220365
lacharente,bd6t55100516t,,failed,0,0,,no_usable_pages,known,,,bd6t55100516t: no usable pages in manifest.,2026-07-17T18:10:42.396445
lacharente,bd6t551005177,,failed,0,0,,no_usable_pages,known,,,bd6t551005177: no usable pages in manifest.,2026-07-17T18:10:42.526296
lacharente,bd6t55100518n,,failed,0,0,,no_usable_pages,known,,,bd6t55100518n: no usable pages in manifest.,2026-07-17T18:10:42.710618
lacharente,bd6t551005192,,failed,0,0,,no_usable_pages,known,,,bd6t551005192: no usable pages in manifest.,2026-07-17T18:10:42.968556
lacharente,bd6t55100520q,,failed,0,0,,no_usable_pages,known,,,bd6t55100520q: no usable pages in manifest.,2026-07-17T18:10:43.225611
lacharente,bd6t551005214,,failed,0,0,,no_usable_pages,known,,,bd6t551005214: no usable pages in manifest.,2026-07-17T18:10:43.436117
lacharente,bd6t55100522j,,failed,0,0,,no_usable_pages,known,,,bd6t55100522j: no usable pages in manifest.,2026-07-17T18:10:43.638658
lacharente,bd6t55100523z,,failed,0,0,,no_usable_pages,known,,,bd6t55100523z: no usable pages in manifest.,2026-07-17T18:10:43.793321
lacharente,bd6t55100524c,,failed,0,0,,no_usable_pages,known,,,bd6t55100524c: no usable pages in manifest.,2026-07-17T18:10:43.974644
lacharente,bd6t55100525s,,failed,0,0,,no_usable_pages,known,,,bd6t55100525s: no usable pages in manifest.,2026-07-17T18:10:44.124900
lacharente,bd6t551005266,,failed,0,0,,no_usable_pages,known,,,bd6t551005266: no usable pages in manifest.,2026-07-17T18:10:44.329320
lacharente,bd6t55100527m,,failed,0,0,,no_usable_pages,known,,,bd6t55100527m: no usable pages in manifest.,2026-07-17T18:10:44.498969
lacharente,bd6t551005281,,failed,0,0,,no_usable_pages,known,,,bd6t551005281: no usable pages in manifest.,2026-07-17T18:10:44.672393
lacharente,bd6t55100529f,,failed,0,0,,no_usable_pages,known,,,bd6t55100529f: no usable pages in manifest.,2026-07-17T18:10:44.874767
lacharente,bd6t551005303,,failed,0,0,,no_usable_pages,known,,,bd6t551005303: no usable pages in manifest.,2026-07-17T18:10:45.160427
lacharente,bd6t55100531h,,failed,0,0,,no_usable_pages,known,,,bd6t55100531h: no usable pages in manifest.,2026-07-17T18:10:45.349602
lacharente,bd6t55100532x,,failed,0,0,,no_usable_pages,known,,,bd6t55100532x: no usable pages in manifest.,2026-07-17T18:10:45.594718
lacharente,bd6t55100533b,,failed,0,0,,no_usable_pages,known,,,bd6t55100533b: no usable pages in manifest.,2026-07-17T18:10:45.746019
lacharente,bd6t55100534r,,failed,0,0,,no_usable_pages,known,,,bd6t55100534r: no usable pages in manifest.,2026-07-17T18:10:45.998314
lacharente,bd6t551005355,,failed,0,0,,no_usable_pages,known,,,bd6t551005355: no usable pages in manifest.,2026-07-17T18:10:46.221114
lacharente,bd6t55100536k,,failed,0,0,,no_usable_pages,known,,,bd6t55100536k: no usable pages in manifest.,2026-07-17T18:10:46.463000
lacharente,bd6t551005370,,failed,0,0,,no_usable_pages,known,,,bd6t551005370: no usable pages in manifest.,2026-07-17T18:10:46.717376
lacharente,bd6t55100538d,,failed,0,0,,no_usable_pages,known,,,bd6t55100538d: no usable pages in manifest.,2026-07-17T18:10:46.936912
lacharente,bd6t55100539t,,failed,0,0,,no_usable_pages,known,,,bd6t55100539t: no usable pages in manifest.,2026-07-17T18:10:47.293433
lacharente,bd6t55100540g,,failed,0,0,,no_usable_pages,known,,,bd6t55100540g: no usable pages in manifest.,2026-07-17T18:10:47.455460
lacharente,bd6t55100541w,,failed,0,0,,no_usable_pages,known,,,bd6t55100541w: no usable pages in manifest.,2026-07-17T18:10:47.704066
lacharente,bd6t551005429,,failed,0,0,,no_usable_pages,known,,,bd6t551005429: no usable pages in manifest.,2026-07-17T18:10:47.923371
lacharente,bd6t55100543q,,failed,0,0,,no_usable_pages,known,,,bd6t55100543q: no usable pages in manifest.,2026-07-17T18:10:48.163069
lacharente,bd6t551005444,,failed,0,0,,no_usable_pages,known,,,bd6t551005444: no usable pages in manifest.,2026-07-17T18:10:48.373612
lacharente,bd6t55100545j,,failed,0,0,,no_usable_pages,known,,,bd6t55100545j: no usable pages in manifest.,2026-07-17T18:10:48.537250
lacharente,bd6t55100546z,,failed,0,0,,no_usable_pages,known,,,bd6t55100546z: no usable pages in manifest.,2026-07-17T18:10:48.701919
lacharente,bd6t55100547c,,failed,0,0,,no_usable_pages,known,,,bd6t55100547c: no usable pages in manifest.,2026-07-17T18:10:48.910467
lacharente,bd6t55100548s,,failed,0,0,,no_usable_pages,known,,,bd6t55100548s: no usable pages in manifest.,2026-07-17T18:10:49.074921
lacharente,bd6t551005496,,failed,0,0,,no_usable_pages,known,,,bd6t551005496: no usable pages in manifest.,2026-07-17T18:10:49.249773
lacharente,bd6t55100550v,,failed,0,0,,no_usable_pages,known,,,bd6t55100550v: no usable pages in manifest.,2026-07-17T18:10:49.520848
lacharente,bd6t551005518,,failed,0,0,,no_usable_pages,known,,,bd6t551005518: no usable pages in manifest.,2026-07-17T18:10:49.678949
lacharente,bd6t55100552p,,failed,0,0,,no_usable_pages,known,,,bd6t55100552p: no usable pages in manifest.,2026-07-17T18:10:49.999606
lacharente,bd6t551005533,,failed,0,0,,no_usable_pages,known,,,bd6t551005533: no usable pages in manifest.,2026-07-17T18:10:50.130828
lacharente,bd6t55100554h,,failed,0,0,,no_usable_pages,known,,,bd6t55100554h: no usable pages in manifest.,2026-07-17T18:10:50.352703
lacharente,bd6t55100555x,,failed,0,0,,no_usable_pages,known,,,bd6t55100555x: no usable pages in manifest.,2026-07-17T18:10:50.581185
lacharente,bd6t55100556b,,failed,0,0,,no_usable_pages,known,,,bd6t55100556b: no usable pages in manifest.,2026-07-17T18:10:50.761512
lacharente,bd6t55100557r,,failed,0,0,,no_usable_pages,known,,,bd6t55100557r: no usable pages in manifest.,2026-07-17T18:10:50.974486
lacharente,bd6t551005585,,failed,0,0,,no_usable_pages,known,,,bd6t551005585: no usable pages in manifest.,2026-07-17T18:10:51.225536
lacharente,bd6t55100559k,,failed,0,0,,no_usable_pages,known,,,bd6t55100559k: no usable pages in manifest.,2026-07-17T18:10:51.494626
lacharente,bd6t551005607,,failed,0,0,,no_usable_pages,known,,,bd6t551005607: no usable pages in manifest.,2026-07-17T18:10:51.723157
lacharente,bd6t55100561n,,failed,0,0,,no_usable_pages,known,,,bd6t55100561n: no usable pages in manifest.,2026-07-17T18:10:51.856690
lacharente,bd6t551005622,,failed,0,0,,no_usable_pages,known,,,bd6t551005622: no usable pages in manifest.,2026-07-17T18:10:52.010175
lacharente,bd6t55100563g,,failed,0,0,,no_usable_pages,known,,,bd6t55100563g: no usable pages in manifest.,2026-07-17T18:10:52.159946
lacharente,bd6t55100564w,,failed,0,0,,no_usable_pages,known,,,bd6t55100564w: no usable pages in manifest.,2026-07-17T18:10:52.312069
lacharente,bd6t551005659,,failed,0,0,,no_usable_pages,known,,,bd6t551005659: no usable pages in manifest.,2026-07-17T18:10:52.481173
lacharente,bd6t55100566q,,failed,0,0,,no_usable_pages,known,,,bd6t55100566q: no usable pages in manifest.,2026-07-17T18:10:52.798821
lacharente,bd6t551005674,,failed,0,0,,no_usable_pages,known,,,bd6t551005674: no usable pages in manifest.,2026-07-17T18:10:53.038696
lacharente,bd6t55100568j,,failed,0,0,,no_usable_pages,known,,,bd6t55100568j: no usable pages in manifest.,2026-07-17T18:10:53.235968
lacharente,bd6t55100569z,,failed,0,0,,no_usable_pages,known,,,bd6t55100569z: no usable pages in manifest.,2026-07-17T18:10:53.390492
lacharente,bd6t55100570m,,failed,0,0,,no_usable_pages,known,,,bd6t55100570m: no usable pages in manifest.,2026-07-17T18:10:53.563548
lacharente,bd6t551005711,,failed,0,0,,no_usable_pages,known,,,bd6t551005711: no usable pages in manifest.,2026-07-17T18:10:53.705754
lacharente,bd6t55100572f,,failed,0,0,,no_usable_pages,known,,,bd6t55100572f: no usable pages in manifest.,2026-07-17T18:10:53.908163
lacharente,bd6t55100573v,,failed,0,0,,no_usable_pages,known,,,bd6t55100573v: no usable pages in manifest.,2026-07-17T18:10:54.154223
lacharente,bd6t551005748,,failed,0,0,,no_usable_pages,known,,,bd6t551005748: no usable pages in manifest.,2026-07-17T18:10:54.340692
lacharente,bd6t55100575p,,failed,0,0,,no_usable_pages,known,,,bd6t55100575p: no usable pages in manifest.,2026-07-17T18:10:54.491759
lacharente,bd6t551005763,,failed,0,0,,no_usable_pages,known,,,bd6t551005763: no usable pages in manifest.,2026-07-17T18:10:54.692107
lacharente,bd6t55100577h,,failed,0,0,,no_usable_pages,known,,,bd6t55100577h: no usable pages in manifest.,2026-07-17T18:10:54.909924
lacharente,bd6t55100578x,,failed,0,0,,no_usable_pages,known,,,bd6t55100578x: no usable pages in manifest.,2026-07-17T18:10:55.032243
lacharente,bd6t55100579b,,failed,0,0,,no_usable_pages,known,,,bd6t55100579b: no usable pages in manifest.,2026-07-17T18:10:55.196727
lacharente,bd6t551005800,,failed,0,0,,no_usable_pages,known,,,bd6t551005800: no usable pages in manifest.,2026-07-17T18:10:55.447798
lacharente,bd6t55100581d,,failed,0,0,,no_usable_pages,known,,,bd6t55100581d: no usable pages in manifest.,2026-07-17T18:10:55.637698
lacharente,bd6t55100582t,,failed,0,0,,no_usable_pages,known,,,bd6t55100582t: no usable pages in manifest.,2026-07-17T18:10:55.841698
lacharente,bd6t551005837,,failed,0,0,,no_usable_pages,known,,,bd6t551005837: no usable pages in manifest.,2026-07-17T18:10:56.105127
lacharente,bd6t55100584n,,failed,0,0,,no_usable_pages,known,,,bd6t55100584n: no usable pages in manifest.,2026-07-17T18:10:56.339528
lacharente,bd6t551005852,,failed,0,0,,no_usable_pages,known,,,bd6t551005852: no usable pages in manifest.,2026-07-17T18:10:56.797082
lacharente,bd6t55100586g,,failed,0,0,,no_usable_pages,known,,,bd6t55100586g: no usable pages in manifest.,2026-07-17T18:10:57.107744
lacharente,bd6t55100587w,,failed,0,0,,no_usable_pages,known,,,bd6t55100587w: no usable pages in manifest.,2026-07-17T18:10:57.419496
lacharente,bd6t551005889,,failed,0,0,,no_usable_pages,known,,,bd6t551005889: no usable pages in manifest.,2026-07-17T18:10:57.689975
lacharente,bd6t55100589q,,failed,0,0,,no_usable_pages,known,,,bd6t55100589q: no usable pages in manifest.,2026-07-17T18:10:57.905983
lacharente,bd6t55100590c,,failed,0,0,,no_usable_pages,known,,,bd6t55100590c: no usable pages in manifest.,2026-07-17T18:10:58.150659
lacharente,bd6t55100591s,,failed,0,0,,no_usable_pages,known,,,bd6t55100591s: no usable pages in manifest.,2026-07-17T18:10:58.328487
lacharente,bd6t551005926,,failed,0,0,,no_usable_pages,known,,,bd6t551005926: no usable pages in manifest.,2026-07-17T18:10:58.526828
lacharente,bd6t55100593m,,failed,0,0,,no_usable_pages,known,,,bd6t55100593m: no usable pages in manifest.,2026-07-17T18:10:58.816259
lacharente,bd6t551005941,,failed,0,0,,no_usable_pages,known,,,bd6t551005941: no usable pages in manifest.,2026-07-17T18:10:58.962906
lacharente,bd6t55100595f,,failed,0,0,,no_usable_pages,known,,,bd6t55100595f: no usable pages in manifest.,2026-07-17T18:10:59.125237
lacharente,bd6t55100596v,,failed,0,0,,no_usable_pages,known,,,bd6t55100596v: no usable pages in manifest.,2026-07-17T18:10:59.252406
lacharente,bd6t551005978,,failed,0,0,,no_usable_pages,known,,,bd6t551005978: no usable pages in manifest.,2026-07-17T18:10:59.534442
lacharente,bd6t55100598p,,failed,0,0,,no_usable_pages,known,,,bd6t55100598p: no usable pages in manifest.,2026-07-17T18:10:59.762573
lacharente,bd6t551005993,,failed,0,0,,no_usable_pages,known,,,bd6t551005993: no usable pages in manifest.,2026-07-17T18:11:00.132490
lacharente,bd6t551006009,,failed,0,0,,no_usable_pages,known,,,bd6t551006009: no usable pages in manifest.,2026-07-17T18:11:00.318323
lacharente,bd6t55100601q,,failed,0,0,,no_usable_pages,known,,,bd6t55100601q: no usable pages in manifest.,2026-07-17T18:11:00.643677
lacharente,bd6t551006024,,failed,0,0,,no_usable_pages,known,,,bd6t551006024: no usable pages in manifest.,2026-07-17T18:11:00.892725
lacharente,bd6t55100603j,,failed,0,0,,no_usable_pages,known,,,bd6t55100603j: no usable pages in manifest.,2026-07-17T18:11:01.177946
lacharente,bd6t551006202,,failed,0,0,,no_usable_pages,known,,,bd6t551006202: no usable pages in manifest.,2026-07-17T18:11:01.439553
lacharente,bd6t55100604z,,failed,0,0,,no_usable_pages,known,,,bd6t55100604z: no usable pages in manifest.,2026-07-17T18:11:01.642814
lacharente,bd6t55100605c,,failed,0,0,,no_usable_pages,known,,,bd6t55100605c: no usable pages in manifest.,2026-07-17T18:11:01.895903
lacharente,bd6t55100606s,,failed,0,0,,no_usable_pages,known,,,bd6t55100606s: no usable pages in manifest.,2026-07-17T18:11:02.064326
lacharente,bd6t551006076,,failed,0,0,,no_usable_pages,known,,,bd6t551006076: no usable pages in manifest.,2026-07-17T18:11:02.265881
lacharente,bd6t55100608m,,failed,0,0,,no_usable_pages,known,,,bd6t55100608m: no usable pages in manifest.,2026-07-17T18:11:02.402721
lacharente,bd6t551006091,,failed,0,0,,no_usable_pages,known,,,bd6t551006091: no usable pages in manifest.,2026-07-17T18:11:02.592622
lacharente,bd6t55100610p,,failed,0,0,,no_usable_pages,known,,,bd6t55100610p: no usable pages in manifest.,2026-07-17T18:11:02.801550
lacharente,bd6t551006113,,failed,0,0,,no_usable_pages,known,,,bd6t551006113: no usable pages in manifest.,2026-07-17T18:11:03.012042
lacharente,bd6t55100612h,,failed,0,0,,no_usable_pages,known,,,bd6t55100612h: no usable pages in manifest.,2026-07-17T18:11:03.306976
lacharente,bd6t55100613x,,failed,0,0,,no_usable_pages,known,,,bd6t55100613x: no usable pages in manifest.,2026-07-17T18:11:03.546231
lacharente,bd6t55100614b,,failed,0,0,,no_usable_pages,known,,,bd6t55100614b: no usable pages in manifest.,2026-07-17T18:11:03.739758
lacharente,bd6t55100615r,,failed,0,0,,no_usable_pages,known,,,bd6t55100615r: no usable pages in manifest.,2026-07-17T18:11:04.131509
lacharente,bd6t551006165,,failed,0,0,,no_usable_pages,known,,,bd6t551006165: no usable pages in manifest.,2026-07-17T18:11:04.367704
lacharente,bd6t55100617k,,failed,0,0,,no_usable_pages,known,,,bd6t55100617k: no usable pages in manifest.,2026-07-17T18:11:04.545919
lacharente,bd6t551006180,,failed,0,0,,no_usable_pages,known,,,bd6t551006180: no usable pages in manifest.,2026-07-17T18:11:04.703528
lacharente,bd6t55100619d,,failed,0,0,,no_usable_pages,known,,,bd6t55100619d: no usable pages in manifest.,2026-07-17T18:11:04.874977
lacharente,bd6t55100621g,,failed,0,0,,no_usable_pages,known,,,bd6t55100621g: no usable pages in manifest.,2026-07-17T18:11:05.110732
lacharente,bd6t55100622w,,failed,0,0,,no_usable_pages,known,,,bd6t55100622w: no usable pages in manifest.,2026-07-17T18:11:05.273734
lacharente,bd6t551006239,,failed,0,0,,no_usable_pages,known,,,bd6t551006239: no usable pages in manifest.,2026-07-17T18:11:05.475045
lacharente,bd6t55100624q,,failed,0,0,,no_usable_pages,known,,,bd6t55100624q: no usable pages in manifest.,2026-07-17T18:11:05.601152
lacharente,bd6t551006254,,failed,0,0,,no_usable_pages,known,,,bd6t551006254: no usable pages in manifest.,2026-07-17T18:11:05.744403
lacharente,bd6t55100626j,,failed,0,0,,no_usable_pages,known,,,bd6t55100626j: no usable pages in manifest.,2026-07-17T18:11:05.934381
lacharente,bd6t55100627z,,failed,0,0,,no_usable_pages,known,,,bd6t55100627z: no usable pages in manifest.,2026-07-17T18:11:06.196428
lacharente,bd6t55100628c,,failed,0,0,,no_usable_pages,known,,,bd6t55100628c: no usable pages in manifest.,2026-07-17T18:11:06.351294
lacharente,bd6t55100629s,,failed,0,0,,no_usable_pages,known,,,bd6t55100629s: no usable pages in manifest.,2026-07-17T18:11:06.532430
lacharente,bd6t55100630f,,failed,0,0,,no_usable_pages,known,,,bd6t55100630f: no usable pages in manifest.,2026-07-17T18:11:06.682281
lacharente,bd6t55100631v,,failed,0,0,,no_usable_pages,known,,,bd6t55100631v: no usable pages in manifest.,2026-07-17T18:11:06.849800
lacharente,bd6t551006328,,failed,0,0,,no_usable_pages,known,,,bd6t551006328: no usable pages in manifest.,2026-07-17T18:11:07.009951
lacharente,bd6t55100633p,,failed,0,0,,no_usable_pages,known,,,bd6t55100633p: no usable pages in manifest.,2026-07-17T18:11:07.259547
lacharente,bd6t551006343,,failed,0,0,,no_usable_pages,known,,,bd6t551006343: no usable pages in manifest.,2026-07-17T18:11:07.411365
lacharente,bd6t55100635h,,failed,0,0,,no_usable_pages,known,,,bd6t55100635h: no usable pages in manifest.,2026-07-17T18:11:07.623013
lacharente,bd6t55100636x,,failed,0,0,,no_usable_pages,known,,,bd6t55100636x: no usable pages in manifest.,2026-07-17T18:11:07.783538
lacharente,bd6t55100637b,,failed,0,0,,no_usable_pages,known,,,bd6t55100637b: no usable pages in manifest.,2026-07-17T18:11:07.942754
lacharente,bd6t55100638r,,failed,0,0,,no_usable_pages,known,,,bd6t55100638r: no usable pages in manifest.,2026-07-17T18:11:08.253369
lacharente,bd6t551006395,,failed,0,0,,no_usable_pages,known,,,bd6t551006395: no usable pages in manifest.,2026-07-17T18:11:08.424458
lacharente,bd6t55100640t,,failed,0,0,,no_usable_pages,known,,,bd6t55100640t: no usable pages in manifest.,2026-07-17T18:11:08.557410
lacharente,bd6t551006417,,failed,0,0,,no_usable_pages,known,,,bd6t551006417: no usable pages in manifest.,2026-07-17T18:11:08.795910
lacharente,bd6t55100642n,,failed,0,0,,no_usable_pages,known,,,bd6t55100642n: no usable pages in manifest.,2026-07-17T18:11:08.947094
lacharente,bd6t551006432,,failed,0,0,,no_usable_pages,known,,,bd6t551006432: no usable pages in manifest.,2026-07-17T18:11:09.131942
lacharente,bd6t55100644g,,failed,0,0,,no_usable_pages,known,,,bd6t55100644g: no usable pages in manifest.,2026-07-17T18:11:09.347944
lacharente,bd6t55101579n,,failed,0,0,,no_usable_pages,known,,,bd6t55101579n: no usable pages in manifest.,2026-07-17T18:11:09.496986
lacharente,bd6t55100645w,,failed,0,0,,no_usable_pages,known,,,bd6t55100645w: no usable pages in manifest.,2026-07-17T18:11:09.625370
lacharente,bd6t551006469,,failed,0,0,,no_usable_pages,known,,,bd6t551006469: no usable pages in manifest.,2026-07-17T18:11:09.781367
lacharente,bd6t55100647q,,failed,0,0,,no_usable_pages,known,,,bd6t55100647q: no usable pages in manifest.,2026-07-17T18:11:09.950424
lacharente,bd6t551006484,,failed,0,0,,no_usable_pages,known,,,bd6t551006484: no usable pages in manifest.,2026-07-17T18:11:10.101953
lacharente,bd6t55100649j,,failed,0,0,,no_usable_pages,known,,,bd6t55100649j: no usable pages in manifest.,2026-07-17T18:11:10.398769
lacharente,bd6t551006506,,failed,0,0,,no_usable_pages,known,,,bd6t551006506: no usable pages in manifest.,2026-07-17T18:11:10.512370
lacharente,bd6t55100651m,,failed,0,0,,no_usable_pages,known,,,bd6t55100651m: no usable pages in manifest.,2026-07-17T18:11:10.621244
lacharente,bd6t551006521,,failed,0,0,,no_usable_pages,known,,,bd6t551006521: no usable pages in manifest.,2026-07-17T18:11:10.805364
lacharente,bd6t55100653f,,failed,0,0,,no_usable_pages,known,,,bd6t55100653f: no usable pages in manifest.,2026-07-17T18:11:11.016568
lacharente,bd6t55100654v,,failed,0,0,,no_usable_pages,known,,,bd6t55100654v: no usable pages in manifest.,2026-07-17T18:11:11.282949
lacharente,bd6t551006558,,failed,0,0,,no_usable_pages,known,,,bd6t551006558: no usable pages in manifest.,2026-07-17T18:11:11.534429
lacharente,bd6t55100656p,,failed,0,0,,no_usable_pages,known,,,bd6t55100656p: no usable pages in manifest.,2026-07-17T18:11:11.696406
lacharente,bd6t551006573,,failed,0,0,,no_usable_pages,known,,,bd6t551006573: no usable pages in manifest.,2026-07-17T18:11:11.923292
lacharente,bd6t55100658h,,failed,0,0,,no_usable_pages,known,,,bd6t55100658h: no usable pages in manifest.,2026-07-17T18:11:12.064813
lacharente,bd6t55100659x,,failed,0,0,,no_usable_pages,known,,,bd6t55100659x: no usable pages in manifest.,2026-07-17T18:11:12.221860
lacharente,bd6t55100660k,,failed,0,0,,no_usable_pages,known,,,bd6t55100660k: no usable pages in manifest.,2026-07-17T18:11:12.342235
lacharente,bd6t551006610,,failed,0,0,,no_usable_pages,known,,,bd6t551006610: no usable pages in manifest.,2026-07-17T18:11:12.650215
lacharente,bd6t55100662d,,failed,0,0,,no_usable_pages,known,,,bd6t55100662d: no usable pages in manifest.,2026-07-17T18:11:12.820134
lacharente,bd6t55100663t,,failed,0,0,,no_usable_pages,known,,,bd6t55100663t: no usable pages in manifest.,2026-07-17T18:11:13.081094
lacharente,bd6t551006647,,failed,0,0,,no_usable_pages,known,,,bd6t551006647: no usable pages in manifest.,2026-07-17T18:11:13.231329
lacharente,bd6t55100665n,,failed,0,0,,no_usable_pages,known,,,bd6t55100665n: no usable pages in manifest.,2026-07-17T18:11:13.386162
lacharente,bd6t551006662,,failed,0,0,,no_usable_pages,known,,,bd6t551006662: no usable pages in manifest.,2026-07-17T18:11:13.651522
lacharente,bd6t55100667g,,failed,0,0,,no_usable_pages,known,,,bd6t55100667g: no usable pages in manifest.,2026-07-17T18:11:13.865327
lacharente,bd6t55100668w,,failed,0,0,,no_usable_pages,known,,,bd6t55100668w: no usable pages in manifest.,2026-07-17T18:11:14.056944
lacharente,bd6t551016011,,failed,0,0,,no_usable_pages,known,,,bd6t551016011: no usable pages in manifest.,2026-07-17T18:11:14.195650
lacharente,bd6t551006699,,failed,0,0,,no_usable_pages,known,,,bd6t551006699: no usable pages in manifest.,2026-07-17T18:11:14.325235
lacharente,bd6t55100670z,,failed,0,0,,no_usable_pages,known,,,bd6t55100670z: no usable pages in manifest.,2026-07-17T18:11:14.567512
lacharente,bd6t55100671c,,failed,0,0,,no_usable_pages,known,,,bd6t55100671c: no usable pages in manifest.,2026-07-17T18:11:14.793682
lacharente,bd6t55100672s,,failed,0,0,,no_usable_pages,known,,,bd6t55100672s: no usable pages in manifest.,2026-07-17T18:11:14.932651
lacharente,bd6t551006736,,failed,0,0,,no_usable_pages,known,,,bd6t551006736: no usable pages in manifest.,2026-07-17T18:11:15.106922
lacharente,bd6t55100674m,,failed,0,0,,no_usable_pages,known,,,bd6t55100674m: no usable pages in manifest.,2026-07-17T18:11:15.212220
lacharente,bd6t551006751,,failed,0,0,,no_usable_pages,known,,,bd6t551006751: no usable pages in manifest.,2026-07-17T18:11:15.377723
lacharente,bd6t55100676f,,failed,0,0,,no_usable_pages,known,,,bd6t55100676f: no usable pages in manifest.,2026-07-17T18:11:15.519197
lacharente,bd6t55100677v,,failed,0,0,,no_usable_pages,known,,,bd6t55100677v: no usable pages in manifest.,2026-07-17T18:11:15.788549
lacharente,bd6t551006788,,failed,0,0,,no_usable_pages,known,,,bd6t551006788: no usable pages in manifest.,2026-07-17T18:11:15.985182
lacharente,bd6t55100679p,,failed,0,0,,no_usable_pages,known,,,bd6t55100679p: no usable pages in manifest.,2026-07-17T18:11:16.172704
lacharente,bd6t55100680b,,failed,0,0,,no_usable_pages,known,,,bd6t55100680b: no usable pages in manifest.,2026-07-17T18:11:16.324591
lacharente,bd6t55100681r,,failed,0,0,,no_usable_pages,known,,,bd6t55100681r: no usable pages in manifest.,2026-07-17T18:11:16.486107
lacharente,bd6t551006825,,failed,0,0,,no_usable_pages,known,,,bd6t551006825: no usable pages in manifest.,2026-07-17T18:11:16.646239
lacharente,bd6t55100683k,,failed,0,0,,no_usable_pages,known,,,bd6t55100683k: no usable pages in manifest.,2026-07-17T18:11:16.874222
lacharente,bd6t551006840,,failed,0,0,,no_usable_pages,known,,,bd6t551006840: no usable pages in manifest.,2026-07-17T18:11:17.005666
lacharente,bd6t55100685d,,failed,0,0,,no_usable_pages,known,,,bd6t55100685d: no usable pages in manifest.,2026-07-17T18:11:17.141308
lacharente,bd6t55100686t,,failed,0,0,,no_usable_pages,known,,,bd6t55100686t: no usable pages in manifest.,2026-07-17T18:11:17.283734
lacharente,bd6t551006877,,failed,0,0,,no_usable_pages,known,,,bd6t551006877: no usable pages in manifest.,2026-07-17T18:11:17.468384
lacharente,bd6t55100688n,,failed,0,0,,no_usable_pages,known,,,bd6t55100688n: no usable pages in manifest.,2026-07-17T18:11:17.635931
lacharente,bd6t551006892,,failed,0,0,,no_usable_pages,known,,,bd6t551006892: no usable pages in manifest.,2026-07-17T18:11:17.765732
lacharente,bd6t55100690q,,failed,0,0,,no_usable_pages,known,,,bd6t55100690q: no usable pages in manifest.,2026-07-17T18:11:18.005487
lacharente,bd6t551006914,,failed,0,0,,no_usable_pages,known,,,bd6t551006914: no usable pages in manifest.,2026-07-17T18:11:18.172376
lacharente,bd6t55100692j,,failed,0,0,,no_usable_pages,known,,,bd6t55100692j: no usable pages in manifest.,2026-07-17T18:11:18.388752
lacharente,bd6t55100693z,,failed,0,0,,no_usable_pages,known,,,bd6t55100693z: no usable pages in manifest.,2026-07-17T18:11:18.539028
lacharente,bd6t55100694c,,failed,0,0,,no_usable_pages,known,,,bd6t55100694c: no usable pages in manifest.,2026-07-17T18:11:18.733505
lacharente,bd6t55100695s,,failed,0,0,,no_usable_pages,known,,,bd6t55100695s: no usable pages in manifest.,2026-07-17T18:11:18.852320
lacharente,bd6t551006966,,failed,0,0,,no_usable_pages,known,,,bd6t551006966: no usable pages in manifest.,2026-07-17T18:11:19.037509
lacharente,bd6t55100697m,,failed,0,0,,no_usable_pages,known,,,bd6t55100697m: no usable pages in manifest.,2026-07-17T18:11:19.188765
lacharente,bd6t551006981,,failed,0,0,,no_usable_pages,known,,,bd6t551006981: no usable pages in manifest.,2026-07-17T18:11:19.410262
lacharente,bd6t55100699f,,failed,0,0,,no_usable_pages,known,,,bd6t55100699f: no usable pages in manifest.,2026-07-17T18:11:19.563178
lacharente,bd6t55100700n,,failed,0,0,,no_usable_pages,known,,,bd6t55100700n: no usable pages in manifest.,2026-07-17T18:11:19.737368
lacharente,bd6t551007012,,failed,0,0,,no_usable_pages,known,,,bd6t551007012: no usable pages in manifest.,2026-07-17T18:11:19.903558
lacharente,bd6t55100702g,,failed,0,0,,no_usable_pages,known,,,bd6t55100702g: no usable pages in manifest.,2026-07-17T18:11:20.129609
lacharente,bd6t55100703w,,failed,0,0,,no_usable_pages,known,,,bd6t55100703w: no usable pages in manifest.,2026-07-17T18:11:20.286838
lacharente,bd6t551007049,,failed,0,0,,no_usable_pages,known,,,bd6t551007049: no usable pages in manifest.,2026-07-17T18:11:20.510350
lacharente,bd6t55100705q,,failed,0,0,,no_usable_pages,known,,,bd6t55100705q: no usable pages in manifest.,2026-07-17T18:11:20.679564
lacharente,bd6t551007064,,failed,0,0,,no_usable_pages,known,,,bd6t551007064: no usable pages in manifest.,2026-07-17T18:11:20.882704
lacharente,bd6t55100707j,,failed,0,0,,no_usable_pages,known,,,bd6t55100707j: no usable pages in manifest.,2026-07-17T18:11:21.051920
lacharente,bd6t55100708z,,failed,0,0,,no_usable_pages,known,,,bd6t55100708z: no usable pages in manifest.,2026-07-17T18:11:21.454918
lacharente,bd6t55100709c,,failed,0,0,,no_usable_pages,known,,,bd6t55100709c: no usable pages in manifest.,2026-07-17T18:11:21.716167
lacharente,bd6t551007101,,failed,0,0,,no_usable_pages,known,,,bd6t551007101: no usable pages in manifest.,2026-07-17T18:11:21.850115
lacharente,bd6t55100711f,,failed,0,0,,no_usable_pages,known,,,bd6t55100711f: no usable pages in manifest.,2026-07-17T18:11:21.985354
lacharente,bd6t55100712v,,failed,0,0,,no_usable_pages,known,,,bd6t55100712v: no usable pages in manifest.,2026-07-17T18:11:22.194060
lacharente,bd6t551007138,,failed,0,0,,no_usable_pages,known,,,bd6t551007138: no usable pages in manifest.,2026-07-17T18:11:22.468746
lacharente,bd6t55100714p,,failed,0,0,,no_usable_pages,known,,,bd6t55100714p: no usable pages in manifest.,2026-07-17T18:11:22.671222
lacharente,bd6t551007153,,failed,0,0,,no_usable_pages,known,,,bd6t551007153: no usable pages in manifest.,2026-07-17T18:11:22.832590
lacharente,bd6t55100716h,,failed,0,0,,no_usable_pages,known,,,bd6t55100716h: no usable pages in manifest.,2026-07-17T18:11:23.019341
lacharente,bd6t55100717x,,failed,0,0,,no_usable_pages,known,,,bd6t55100717x: no usable pages in manifest.,2026-07-17T18:11:23.175427
lacharente,bd6t55100718b,,failed,0,0,,no_usable_pages,known,,,bd6t55100718b: no usable pages in manifest.,2026-07-17T18:11:23.418581
lacharente,bd6t55100719r,,failed,0,0,,no_usable_pages,known,,,bd6t55100719r: no usable pages in manifest.,2026-07-17T18:11:23.622584
lacharente,bd6t55100720d,,failed,0,0,,no_usable_pages,known,,,bd6t55100720d: no usable pages in manifest.,2026-07-17T18:11:23.833105
lacharente,bd6t55100721t,,failed,0,0,,no_usable_pages,known,,,bd6t55100721t: no usable pages in manifest.,2026-07-17T18:11:23.985390
lacharente,bd6t551007227,,failed,0,0,,no_usable_pages,known,,,bd6t551007227: no usable pages in manifest.,2026-07-17T18:11:24.188704
lacharente,bd6t55100723n,,failed,0,0,,no_usable_pages,known,,,bd6t55100723n: no usable pages in manifest.,2026-07-17T18:11:24.427237
lacharente,bd6t551007242,,failed,0,0,,no_usable_pages,known,,,bd6t551007242: no usable pages in manifest.,2026-07-17T18:11:24.680400
lacharente,bd6t55100725g,,failed,0,0,,no_usable_pages,known,,,bd6t55100725g: no usable pages in manifest.,2026-07-17T18:11:24.904195
lacharente,bd6t55100726w,,failed,0,0,,no_usable_pages,known,,,bd6t55100726w: no usable pages in manifest.,2026-07-17T18:11:25.124590
lacharente,bd6t551007279,,failed,0,0,,no_usable_pages,known,,,bd6t551007279: no usable pages in manifest.,2026-07-17T18:11:25.315262
lacharente,bd6t55100728q,,failed,0,0,,no_usable_pages,known,,,bd6t55100728q: no usable pages in manifest.,2026-07-17T18:11:25.500990
lacharente,bd6t551007294,,failed,0,0,,no_usable_pages,known,,,bd6t551007294: no usable pages in manifest.,2026-07-17T18:11:25.767940
lacharente,bd6t55100730s,,failed,0,0,,no_usable_pages,known,,,bd6t55100730s: no usable pages in manifest.,2026-07-17T18:11:26.032577
lacharente,bd6t551007316,,failed,0,0,,no_usable_pages,known,,,bd6t551007316: no usable pages in manifest.,2026-07-17T18:11:26.277096
lacharente,bd6t55100732m,,failed,0,0,,no_usable_pages,known,,,bd6t55100732m: no usable pages in manifest.,2026-07-17T18:11:26.457693
lacharente,bd6t551007331,,failed,0,0,,no_usable_pages,known,,,bd6t551007331: no usable pages in manifest.,2026-07-17T18:11:26.630779
lacharente,bd6t55100734f,,failed,0,0,,no_usable_pages,known,,,bd6t55100734f: no usable pages in manifest.,2026-07-17T18:11:26.836966
lacharente,bd6t55100735v,,failed,0,0,,no_usable_pages,known,,,bd6t55100735v: no usable pages in manifest.,2026-07-17T18:11:27.047896
lacharente,bd6t551007368,,failed,0,0,,no_usable_pages,known,,,bd6t551007368: no usable pages in manifest.,2026-07-17T18:11:27.205734
lacharente,bd6t55100737p,,failed,0,0,,no_usable_pages,known,,,bd6t55100737p: no usable pages in manifest.,2026-07-17T18:11:27.384095
lacharente,bd6t551007383,,failed,0,0,,no_usable_pages,known,,,bd6t551007383: no usable pages in manifest.,2026-07-17T18:11:27.530328
lacharente,bd6t55100739h,,failed,0,0,,no_usable_pages,known,,,bd6t55100739h: no usable pages in manifest.,2026-07-17T18:11:27.686964
lacharente,bd6t551007405,,failed,0,0,,no_usable_pages,known,,,bd6t551007405: no usable pages in manifest.,2026-07-17T18:11:27.879747
lacharente,bd6t55100741k,,failed,0,0,,no_usable_pages,known,,,bd6t55100741k: no usable pages in manifest.,2026-07-17T18:11:28.070567
lacharente,bd6t551007420,,failed,0,0,,no_usable_pages,known,,,bd6t551007420: no usable pages in manifest.,2026-07-17T18:11:28.200055
lacharente,bd6t55100743d,,failed,0,0,,no_usable_pages,known,,,bd6t55100743d: no usable pages in manifest.,2026-07-17T18:11:28.350096
lacharente,bd6t55100744t,,failed,0,0,,no_usable_pages,known,,,bd6t55100744t: no usable pages in manifest.,2026-07-17T18:11:28.544553
lacharente,bd6t551007457,,failed,0,0,,no_usable_pages,known,,,bd6t551007457: no usable pages in manifest.,2026-07-17T18:11:28.826516
lacharente,bd6t55100746n,,failed,0,0,,no_usable_pages,known,,,bd6t55100746n: no usable pages in manifest.,2026-07-17T18:11:29.135711
lacharente,bd6t551007472,,failed,0,0,,no_usable_pages,known,,,bd6t551007472: no usable pages in manifest.,2026-07-17T18:11:29.247757
lacharente,bd6t55100748g,,failed,0,0,,no_usable_pages,known,,,bd6t55100748g: no usable pages in manifest.,2026-07-17T18:11:29.420317
lacharente,bd6t55100749w,,failed,0,0,,no_usable_pages,known,,,bd6t55100749w: no usable pages in manifest.,2026-07-17T18:11:29.610430
lacharente,bd6t55100750j,,failed,0,0,,no_usable_pages,known,,,bd6t55100750j: no usable pages in manifest.,2026-07-17T18:11:29.793590
lacharente,bd6t55100751z,,failed,0,0,,no_usable_pages,known,,,bd6t55100751z: no usable pages in manifest.,2026-07-17T18:11:30.053323
lacharente,bd6t55100752c,,failed,0,0,,no_usable_pages,known,,,bd6t55100752c: no usable pages in manifest.,2026-07-17T18:11:30.237440
lacharente,bd6t55100753s,,failed,0,0,,no_usable_pages,known,,,bd6t55100753s: no usable pages in manifest.,2026-07-17T18:11:30.380560
lacharente,bd6t551007546,,failed,0,0,,no_usable_pages,known,,,bd6t551007546: no usable pages in manifest.,2026-07-17T18:11:30.553402
lacharente,bd6t55100755m,,failed,0,0,,no_usable_pages,known,,,bd6t55100755m: no usable pages in manifest.,2026-07-17T18:11:30.753703
lacharente,bd6t551007561,,failed,0,0,,no_usable_pages,known,,,bd6t551007561: no usable pages in manifest.,2026-07-17T18:11:30.892455
lacharente,bd6t55100757f,,failed,0,0,,no_usable_pages,known,,,bd6t55100757f: no usable pages in manifest.,2026-07-17T18:11:31.331862
lacharente,bd6t55100758v,,failed,0,0,,no_usable_pages,known,,,bd6t55100758v: no usable pages in manifest.,2026-07-17T18:11:31.534247
lacharente,bd6t551007598,,failed,0,0,,no_usable_pages,known,,,bd6t551007598: no usable pages in manifest.,2026-07-17T18:11:31.744690
lacharente,bd6t55100760x,,failed,0,0,,no_usable_pages,known,,,bd6t55100760x: no usable pages in manifest.,2026-07-17T18:11:31.875099
lacharente,bd6t55100761b,,failed,0,0,,no_usable_pages,known,,,bd6t55100761b: no usable pages in manifest.,2026-07-17T18:11:32.023348
lacharente,bd6t55100762r,,failed,0,0,,no_usable_pages,known,,,bd6t55100762r: no usable pages in manifest.,2026-07-17T18:11:32.292005
lacharente,bd6t551007635,,failed,0,0,,no_usable_pages,known,,,bd6t551007635: no usable pages in manifest.,2026-07-17T18:11:32.547977
lacharente,bd6t55100764k,,failed,0,0,,no_usable_pages,known,,,bd6t55100764k: no usable pages in manifest.,2026-07-17T18:11:32.750330
lacharente,bd6t551007650,,failed,0,0,,no_usable_pages,known,,,bd6t551007650: no usable pages in manifest.,2026-07-17T18:11:32.954886
lacharente,bd6t55100766d,,failed,0,0,,no_usable_pages,known,,,bd6t55100766d: no usable pages in manifest.,2026-07-17T18:11:33.122165
lacharente,bd6t55100767t,,failed,0,0,,no_usable_pages,known,,,bd6t55100767t: no usable pages in manifest.,2026-07-17T18:11:33.350722
lacharente,bd6t551007687,,failed,0,0,,no_usable_pages,known,,,bd6t551007687: no usable pages in manifest.,2026-07-17T18:11:33.583338
lacharente,bd6t55100769n,,failed,0,0,,no_usable_pages,known,,,bd6t55100769n: no usable pages in manifest.,2026-07-17T18:11:33.782423
lacharente,bd6t551007709,,failed,0,0,,no_usable_pages,known,,,bd6t551007709: no usable pages in manifest.,2026-07-17T18:11:33.996455
lacharente,bd6t55100771q,,failed,0,0,,no_usable_pages,known,,,bd6t55100771q: no usable pages in manifest.,2026-07-17T18:11:34.205277
lacharente,bd6t551007724,,failed,0,0,,no_usable_pages,known,,,bd6t551007724: no usable pages in manifest.,2026-07-17T18:11:34.472167
lacharente,bd6t55100773j,,failed,0,0,,no_usable_pages,known,,,bd6t55100773j: no usable pages in manifest.,2026-07-17T18:11:34.653204
lacharente,bd6t55100774z,,failed,0,0,,no_usable_pages,known,,,bd6t55100774z: no usable pages in manifest.,2026-07-17T18:11:34.826891
lacharente,bd6t55100775c,,failed,0,0,,no_usable_pages,known,,,bd6t55100775c: no usable pages in manifest.,2026-07-17T18:11:34.992364
lacharente,bd6t551007776,,failed,0,0,,no_usable_pages,known,,,bd6t551007776: no usable pages in manifest.,2026-07-17T18:11:35.163597
lacharente,bd6t55100778m,,failed,0,0,,no_usable_pages,known,,,bd6t55100778m: no usable pages in manifest.,2026-07-17T18:11:35.310555
lacharente,bd6t551007791,,failed,0,0,,no_usable_pages,known,,,bd6t551007791: no usable pages in manifest.,2026-07-17T18:11:35.601213
lacharente,bd6t55100780p,,failed,0,0,,no_usable_pages,known,,,bd6t55100780p: no usable pages in manifest.,2026-07-17T18:11:35.832927
lacharente,bd6t551007813,,failed,0,0,,no_usable_pages,known,,,bd6t551007813: no usable pages in manifest.,2026-07-17T18:11:35.988615
lacharente,bd6t55100782h,,failed,0,0,,no_usable_pages,known,,,bd6t55100782h: no usable pages in manifest.,2026-07-17T18:11:36.193681
lacharente,bd6t55100783x,,failed,0,0,,no_usable_pages,known,,,bd6t55100783x: no usable pages in manifest.,2026-07-17T18:11:36.375252
lacharente,bd6t55100784b,,failed,0,0,,no_usable_pages,known,,,bd6t55100784b: no usable pages in manifest.,2026-07-17T18:11:36.613865
lacharente,bd6t55100785r,,failed,0,0,,no_usable_pages,known,,,bd6t55100785r: no usable pages in manifest.,2026-07-17T18:11:36.802535
lacharente,bd6t551007865,,failed,0,0,,no_usable_pages,known,,,bd6t551007865: no usable pages in manifest.,2026-07-17T18:11:36.978737
lacharente,bd6t55100787k,,failed,0,0,,no_usable_pages,known,,,bd6t55100787k: no usable pages in manifest.,2026-07-17T18:11:37.111778
lacharente,bd6t551007880,,failed,0,0,,no_usable_pages,known,,,bd6t551007880: no usable pages in manifest.,2026-07-17T18:11:37.303042
lacharente,bd6t55100789d,,failed,0,0,,no_usable_pages,known,,,bd6t55100789d: no usable pages in manifest.,2026-07-17T18:11:37.559828
lacharente,bd6t551007902,,failed,0,0,,no_usable_pages,known,,,bd6t551007902: no usable pages in manifest.,2026-07-17T18:11:37.815328
lacharente,bd6t55100791g,,failed,0,0,,no_usable_pages,known,,,bd6t55100791g: no usable pages in manifest.,2026-07-17T18:11:37.965357
lacharente,bd6t55100792w,,failed,0,0,,no_usable_pages,known,,,bd6t55100792w: no usable pages in manifest.,2026-07-17T18:11:38.164020
lacharente,bd6t551007939,,failed,0,0,,no_usable_pages,known,,,bd6t551007939: no usable pages in manifest.,2026-07-17T18:11:38.309560
lacharente,bd6t55100794q,,failed,0,0,,no_usable_pages,known,,,bd6t55100794q: no usable pages in manifest.,2026-07-17T18:11:38.468447
lacharente,bd6t551007954,,failed,0,0,,no_usable_pages,known,,,bd6t551007954: no usable pages in manifest.,2026-07-17T18:11:38.632268
lacharente,bd6t55100796j,,failed,0,0,,no_usable_pages,known,,,bd6t55100796j: no usable pages in manifest.,2026-07-17T18:11:38.831946
lacharente,bd6t55100797z,,failed,0,0,,no_usable_pages,known,,,bd6t55100797z: no usable pages in manifest.,2026-07-17T18:11:39.079099
lacharente,bd6t55100798c,,failed,0,0,,no_usable_pages,known,,,bd6t55100798c: no usable pages in manifest.,2026-07-17T18:11:39.251546
lacharente,bd6t55100799s,,failed,0,0,,no_usable_pages,known,,,bd6t55100799s: no usable pages in manifest.,2026-07-17T18:11:39.438314
lacharente,bd6t551008000,,failed,0,0,,no_usable_pages,known,,,bd6t551008000: no usable pages in manifest.,2026-07-17T18:11:39.726288
lacharente,bd6t55100801d,,failed,0,0,,no_usable_pages,known,,,bd6t55100801d: no usable pages in manifest.,2026-07-17T18:11:39.933848
lacharente,bd6t55100802t,,failed,0,0,,no_usable_pages,known,,,bd6t55100802t: no usable pages in manifest.,2026-07-17T18:11:40.165988
lacharente,bd6t551008037,,failed,0,0,,no_usable_pages,known,,,bd6t551008037: no usable pages in manifest.,2026-07-17T18:11:40.362526
lacharente,bd6t55100804n,,failed,0,0,,no_usable_pages,known,,,bd6t55100804n: no usable pages in manifest.,2026-07-17T18:11:40.535941
lacharente,bd6t551008052,,failed,0,0,,no_usable_pages,known,,,bd6t551008052: no usable pages in manifest.,2026-07-17T18:11:40.802770
lacharente,bd6t55100806g,,failed,0,0,,no_usable_pages,known,,,bd6t55100806g: no usable pages in manifest.,2026-07-17T18:11:41.000059
lacharente,bd6t55100807w,,failed,0,0,,no_usable_pages,known,,,bd6t55100807w: no usable pages in manifest.,2026-07-17T18:11:41.235857
lacharente,bd6t551008089,,failed,0,0,,no_usable_pages,known,,,bd6t551008089: no usable pages in manifest.,2026-07-17T18:11:41.436251
lacharente,bd6t55100809q,,failed,0,0,,no_usable_pages,known,,,bd6t55100809q: no usable pages in manifest.,2026-07-17T18:11:41.608363
lacharente,bd6t55100810c,,failed,0,0,,no_usable_pages,known,,,bd6t55100810c: no usable pages in manifest.,2026-07-17T18:11:41.892582
lacharente,bd6t551008927,,failed,0,0,,no_usable_pages,known,,,bd6t551008927: no usable pages in manifest.,2026-07-17T18:11:42.090887
lacharente,bd6t55100811s,,failed,0,0,,no_usable_pages,known,,,bd6t55100811s: no usable pages in manifest.,2026-07-17T18:11:42.288936
lacharente,bd6t551008126,,failed,0,0,,no_usable_pages,known,,,bd6t551008126: no usable pages in manifest.,2026-07-17T18:11:42.457216
lacharente,bd6t55100813m,,failed,0,0,,no_usable_pages,known,,,bd6t55100813m: no usable pages in manifest.,2026-07-17T18:11:42.620044
lacharente,bd6t551008141,,failed,0,0,,no_usable_pages,known,,,bd6t551008141: no usable pages in manifest.,2026-07-17T18:11:42.832935
lacharente,bd6t55100815f,,failed,0,0,,no_usable_pages,known,,,bd6t55100815f: no usable pages in manifest.,2026-07-17T18:11:43.083443
lacharente,bd6t55100816v,,failed,0,0,,no_usable_pages,known,,,bd6t55100816v: no usable pages in manifest.,2026-07-17T18:11:43.309741
lacharente,bd6t551008178,,failed,0,0,,no_usable_pages,known,,,bd6t551008178: no usable pages in manifest.,2026-07-17T18:11:43.511917
lacharente,bd6t55100818p,,failed,0,0,,no_usable_pages,known,,,bd6t55100818p: no usable pages in manifest.,2026-07-17T18:11:43.684488
lacharente,bd6t551008193,,failed,0,0,,no_usable_pages,known,,,bd6t551008193: no usable pages in manifest.,2026-07-17T18:11:43.872807
lacharente,bd6t55100820r,,failed,0,0,,no_usable_pages,known,,,bd6t55100820r: no usable pages in manifest.,2026-07-17T18:11:44.102890
lacharente,bd6t551008215,,failed,0,0,,no_usable_pages,known,,,bd6t551008215: no usable pages in manifest.,2026-07-17T18:11:44.329568
lacharente,bd6t55100822k,,failed,0,0,,no_usable_pages,known,,,bd6t55100822k: no usable pages in manifest.,2026-07-17T18:11:44.531871
lacharente,bd6t551008230,,failed,0,0,,no_usable_pages,known,,,bd6t551008230: no usable pages in manifest.,2026-07-17T18:11:44.739690
lacharente,bd6t55100824d,,failed,0,0,,no_usable_pages,known,,,bd6t55100824d: no usable pages in manifest.,2026-07-17T18:11:44.877194
lacharente,bd6t55100825t,,failed,0,0,,no_usable_pages,known,,,bd6t55100825t: no usable pages in manifest.,2026-07-17T18:11:45.096929
lacharente,bd6t551008267,,failed,0,0,,no_usable_pages,known,,,bd6t551008267: no usable pages in manifest.,2026-07-17T18:11:45.432272
lacharente,bd6t55100827n,,failed,0,0,,no_usable_pages,known,,,bd6t55100827n: no usable pages in manifest.,2026-07-17T18:11:45.671450
lacharente,bd6t551008282,,failed,0,0,,no_usable_pages,known,,,bd6t551008282: no usable pages in manifest.,2026-07-17T18:11:45.845440
lacharente,bd6t55100829g,,failed,0,0,,no_usable_pages,known,,,bd6t55100829g: no usable pages in manifest.,2026-07-17T18:11:46.014921
lacharente,bd6t551008304,,failed,0,0,,no_usable_pages,known,,,bd6t551008304: no usable pages in manifest.,2026-07-17T18:11:46.153078
lacharente,bd6t55100831j,,failed,0,0,,no_usable_pages,known,,,bd6t55100831j: no usable pages in manifest.,2026-07-17T18:11:46.365582
lacharente,bd6t55100832z,,failed,0,0,,no_usable_pages,known,,,bd6t55100832z: no usable pages in manifest.,2026-07-17T18:11:46.538723
lacharente,bd6t55100833c,,failed,0,0,,no_usable_pages,known,,,bd6t55100833c: no usable pages in manifest.,2026-07-17T18:11:46.761523
lacharente,bd6t55100834s,,failed,0,0,,no_usable_pages,known,,,bd6t55100834s: no usable pages in manifest.,2026-07-17T18:11:46.906397
lacharente,bd6t551008356,,failed,0,0,,no_usable_pages,known,,,bd6t551008356: no usable pages in manifest.,2026-07-17T18:11:47.070950
lacharente,bd6t55100836m,,failed,0,0,,no_usable_pages,known,,,bd6t55100836m: no usable pages in manifest.,2026-07-17T18:11:47.256140
lacharente,bd6t551008371,,failed,0,0,,no_usable_pages,known,,,bd6t551008371: no usable pages in manifest.,2026-07-17T18:11:47.474380
lacharente,bd6t55100838f,,failed,0,0,,no_usable_pages,known,,,bd6t55100838f: no usable pages in manifest.,2026-07-17T18:11:47.664285
lacharente,bd6t55100839v,,failed,0,0,,no_usable_pages,known,,,bd6t55100839v: no usable pages in manifest.,2026-07-17T18:11:47.817303
lacharente,bd6t55100840h,,failed,0,0,,no_usable_pages,known,,,bd6t55100840h: no usable pages in manifest.,2026-07-17T18:11:48.054999
lacharente,bd6t55100841x,,failed,0,0,,no_usable_pages,known,,,bd6t55100841x: no usable pages in manifest.,2026-07-17T18:11:48.226330
lacharente,bd6t55100842b,,failed,0,0,,no_usable_pages,known,,,bd6t55100842b: no usable pages in manifest.,2026-07-17T18:11:48.346854
lacharente,bd6t55100843r,,failed,0,0,,no_usable_pages,known,,,bd6t55100843r: no usable pages in manifest.,2026-07-17T18:11:48.626609
lacharente,bd6t551008445,,failed,0,0,,no_usable_pages,known,,,bd6t551008445: no usable pages in manifest.,2026-07-17T18:11:48.873420
lacharente,bd6t55100845k,,failed,0,0,,no_usable_pages,known,,,bd6t55100845k: no usable pages in manifest.,2026-07-17T18:11:49.045364
lacharente,bd6t551008460,,failed,0,0,,no_usable_pages,known,,,bd6t551008460: no usable pages in manifest.,2026-07-17T18:11:49.255182
lacharente,bd6t55100847d,,failed,0,0,,no_usable_pages,known,,,bd6t55100847d: no usable pages in manifest.,2026-07-17T18:11:49.456893
lacharente,bd6t55100848t,,failed,0,0,,no_usable_pages,known,,,bd6t55100848t: no usable pages in manifest.,2026-07-17T18:11:49.677470
lacharente,bd6t551008497,,failed,0,0,,no_usable_pages,known,,,bd6t551008497: no usable pages in manifest.,2026-07-17T18:11:49.828611
lacharente,bd6t55100850w,,failed,0,0,,no_usable_pages,known,,,bd6t55100850w: no usable pages in manifest.,2026-07-17T18:11:50.034553
lacharente,bd6t551008519,,failed,0,0,,no_usable_pages,known,,,bd6t551008519: no usable pages in manifest.,2026-07-17T18:11:50.186074
lacharente,bd6t55100852q,,failed,0,0,,no_usable_pages,known,,,bd6t55100852q: no usable pages in manifest.,2026-07-17T18:11:50.340134
lacharente,bd6t551008534,,failed,0,0,,no_usable_pages,known,,,bd6t551008534: no usable pages in manifest.,2026-07-17T18:11:50.533511
lacharente,bd6t55100854j,,failed,0,0,,no_usable_pages,known,,,bd6t55100854j: no usable pages in manifest.,2026-07-17T18:11:50.811620
lacharente,bd6t55100855z,,failed,0,0,,no_usable_pages,known,,,bd6t55100855z: no usable pages in manifest.,2026-07-17T18:11:51.113844
lacharente,bd6t55100856c,,failed,0,0,,no_usable_pages,known,,,bd6t55100856c: no usable pages in manifest.,2026-07-17T18:11:51.327142
lacharente,bd6t55100857s,,failed,0,0,,no_usable_pages,known,,,bd6t55100857s: no usable pages in manifest.,2026-07-17T18:11:51.490392
lacharente,bd6t551008586,,failed,0,0,,no_usable_pages,known,,,bd6t551008586: no usable pages in manifest.,2026-07-17T18:11:51.692328
lacharente,bd6t55100859m,,failed,0,0,,no_usable_pages,known,,,bd6t55100859m: no usable pages in manifest.,2026-07-17T18:11:51.847338
lacharente,bd6t551008608,,failed,0,0,,no_usable_pages,known,,,bd6t551008608: no usable pages in manifest.,2026-07-17T18:11:52.113938
lacharente,bd6t55100861p,,failed,0,0,,no_usable_pages,known,,,bd6t55100861p: no usable pages in manifest.,2026-07-17T18:11:52.287135
lacharente,bd6t551008623,,failed,0,0,,no_usable_pages,known,,,bd6t551008623: no usable pages in manifest.,2026-07-17T18:11:52.467004
lacharente,bd6t55100863h,,failed,0,0,,no_usable_pages,known,,,bd6t55100863h: no usable pages in manifest.,2026-07-17T18:11:52.614917
lacharente,bd6t55100864x,,failed,0,0,,no_usable_pages,known,,,bd6t55100864x: no usable pages in manifest.,2026-07-17T18:11:52.784962
lacharente,bd6t55100865b,,failed,0,0,,no_usable_pages,known,,,bd6t55100865b: no usable pages in manifest.,2026-07-17T18:11:53.045226
lacharente,bd6t55100866r,,failed,0,0,,no_usable_pages,known,,,bd6t55100866r: no usable pages in manifest.,2026-07-17T18:11:53.261830
lacharente,bd6t551008675,,failed,0,0,,no_usable_pages,known,,,bd6t551008675: no usable pages in manifest.,2026-07-17T18:11:53.465955
lacharente,bd6t55100868k,,failed,0,0,,no_usable_pages,known,,,bd6t55100868k: no usable pages in manifest.,2026-07-17T18:11:53.651133
lacharente,bd6t551008690,,failed,0,0,,no_usable_pages,known,,,bd6t551008690: no usable pages in manifest.,2026-07-17T18:11:53.801537
lacharente,bd6t55100870n,,failed,0,0,,no_usable_pages,known,,,bd6t55100870n: no usable pages in manifest.,2026-07-17T18:11:54.055285
lacharente,bd6t551008712,,failed,0,0,,no_usable_pages,known,,,bd6t551008712: no usable pages in manifest.,2026-07-17T18:11:54.336357
lacharente,bd6t55100872g,,failed,0,0,,no_usable_pages,known,,,bd6t55100872g: no usable pages in manifest.,2026-07-17T18:11:54.538477
lacharente,bd6t55100873w,,failed,0,0,,no_usable_pages,known,,,bd6t55100873w: no usable pages in manifest.,2026-07-17T18:11:54.723239
lacharente,bd6t551008749,,failed,0,0,,no_usable_pages,known,,,bd6t551008749: no usable pages in manifest.,2026-07-17T18:11:54.926725
lacharente,bd6t55100875q,,failed,0,0,,no_usable_pages,known,,,bd6t55100875q: no usable pages in manifest.,2026-07-17T18:11:55.195813
lacharente,bd6t551008764,,failed,0,0,,no_usable_pages,known,,,bd6t551008764: no usable pages in manifest.,2026-07-17T18:11:55.365848
lacharente,bd6t55100877j,,failed,0,0,,no_usable_pages,known,,,bd6t55100877j: no usable pages in manifest.,2026-07-17T18:11:55.506131
lacharente,bd6t55100878z,,failed,0,0,,no_usable_pages,known,,,bd6t55100878z: no usable pages in manifest.,2026-07-17T18:11:55.691064
lacharente,bd6t55100879c,,failed,0,0,,no_usable_pages,known,,,bd6t55100879c: no usable pages in manifest.,2026-07-17T18:11:55.901674
lacharente,bd6t551008801,,failed,0,0,,no_usable_pages,known,,,bd6t551008801: no usable pages in manifest.,2026-07-17T18:11:56.337951
lacharente,bd6t55100881f,,failed,0,0,,no_usable_pages,known,,,bd6t55100881f: no usable pages in manifest.,2026-07-17T18:11:56.587983
lacharente,bd6t55100882v,,failed,0,0,,no_usable_pages,known,,,bd6t55100882v: no usable pages in manifest.,2026-07-17T18:11:56.764622
lacharente,bd6t551008838,,failed,0,0,,no_usable_pages,known,,,bd6t551008838: no usable pages in manifest.,2026-07-17T18:11:56.938965
lacharente,bd6t55100884p,,failed,0,0,,no_usable_pages,known,,,bd6t55100884p: no usable pages in manifest.,2026-07-17T18:11:57.089433
lacharente,bd6t551008853,,failed,0,0,,no_usable_pages,known,,,bd6t551008853: no usable pages in manifest.,2026-07-17T18:11:57.351451
lacharente,bd6t55100886h,,failed,0,0,,no_usable_pages,known,,,bd6t55100886h: no usable pages in manifest.,2026-07-17T18:11:57.529716
lacharente,bd6t55100887x,,failed,0,0,,no_usable_pages,known,,,bd6t55100887x: no usable pages in manifest.,2026-07-17T18:11:57.760823
lacharente,bd6t55100888b,,failed,0,0,,no_usable_pages,known,,,bd6t55100888b: no usable pages in manifest.,2026-07-17T18:11:57.974989
lacharente,bd6t55100889r,,failed,0,0,,no_usable_pages,known,,,bd6t55100889r: no usable pages in manifest.,2026-07-17T18:11:58.163816
lacharente,bd6t55100890d,,failed,0,0,,no_usable_pages,known,,,bd6t55100890d: no usable pages in manifest.,2026-07-17T18:11:58.488897
lacharente,bd6t55100891t,,failed,0,0,,no_usable_pages,known,,,bd6t55100891t: no usable pages in manifest.,2026-07-17T18:11:58.691953
lacharente,bd6t55100893n,,failed,0,0,,no_usable_pages,known,,,bd6t55100893n: no usable pages in manifest.,2026-07-17T18:11:59.047960
lacharente,bd6t551008942,,failed,0,0,,no_usable_pages,known,,,bd6t551008942: no usable pages in manifest.,2026-07-17T18:11:59.233846
lacharente,bd6t55100895g,,failed,0,0,,no_usable_pages,known,,,bd6t55100895g: no usable pages in manifest.,2026-07-17T18:11:59.464046
lacharente,bd6t55100896w,,failed,0,0,,no_usable_pages,known,,,bd6t55100896w: no usable pages in manifest.,2026-07-17T18:11:59.601918
lacharente,bd6t551008979,,failed,0,0,,no_usable_pages,known,,,bd6t551008979: no usable pages in manifest.,2026-07-17T18:11:59.930884
lacharente,bd6t55100898q,,failed,0,0,,no_usable_pages,known,,,bd6t55100898q: no usable pages in manifest.,2026-07-17T18:12:00.295386
lacharente,bd6t551008994,,failed,0,0,,no_usable_pages,known,,,bd6t551008994: no usable pages in manifest.,2026-07-17T18:12:00.728744
lacharente,bd6t55100900b,,failed,0,0,,no_usable_pages,known,,,bd6t55100900b: no usable pages in manifest.,2026-07-17T18:12:00.995435
lacharente,bd6t55100901r,,failed,0,0,,no_usable_pages,known,,,bd6t55100901r: no usable pages in manifest.,2026-07-17T18:12:01.202807
lacharente,bd6t551009025,,failed,0,0,,no_usable_pages,known,,,bd6t551009025: no usable pages in manifest.,2026-07-17T18:12:01.448382
lacharente,bd6t55100903k,,failed,0,0,,no_usable_pages,known,,,bd6t55100903k: no usable pages in manifest.,2026-07-17T18:12:01.603688
lacharente,bd6t551009040,,failed,0,0,,no_usable_pages,known,,,bd6t551009040: no usable pages in manifest.,2026-07-17T18:12:01.881769
lacharente,bd6t55100905d,,failed,0,0,,no_usable_pages,known,,,bd6t55100905d: no usable pages in manifest.,2026-07-17T18:12:02.044004
lacharente,bd6t55100933q,,failed,0,0,,no_usable_pages,known,,,bd6t55100933q: no usable pages in manifest.,2026-07-17T18:12:02.201673
lacharente,bd6t55100906t,,failed,0,0,,no_usable_pages,known,,,bd6t55100906t: no usable pages in manifest.,2026-07-17T18:12:02.426801
lacharente,bd6t551009077,,failed,0,0,,no_usable_pages,known,,,bd6t551009077: no usable pages in manifest.,2026-07-17T18:12:02.604583
lacharente,bd6t55100908n,,failed,0,0,,no_usable_pages,known,,,bd6t55100908n: no usable pages in manifest.,2026-07-17T18:12:02.862067
lacharente,bd6t551009092,,failed,0,0,,no_usable_pages,known,,,bd6t551009092: no usable pages in manifest.,2026-07-17T18:12:03.062495
lacharente,bd6t55100910q,,failed,0,0,,no_usable_pages,known,,,bd6t55100910q: no usable pages in manifest.,2026-07-17T18:12:03.228147
lacharente,bd6t551009114,,failed,0,0,,no_usable_pages,known,,,bd6t551009114: no usable pages in manifest.,2026-07-17T18:12:03.417582
lacharente,bd6t55100912j,,failed,0,0,,no_usable_pages,known,,,bd6t55100912j: no usable pages in manifest.,2026-07-17T18:12:03.573553
lacharente,bd6t55100913z,,failed,0,0,,no_usable_pages,known,,,bd6t55100913z: no usable pages in manifest.,2026-07-17T18:12:03.797502
lacharente,bd6t55100914c,,failed,0,0,,no_usable_pages,known,,,bd6t55100914c: no usable pages in manifest.,2026-07-17T18:12:04.102824
lacharente,bd6t55100915s,,failed,0,0,,no_usable_pages,known,,,bd6t55100915s: no usable pages in manifest.,2026-07-17T18:12:04.379328
lacharente,bd6t551009166,,failed,0,0,,no_usable_pages,known,,,bd6t551009166: no usable pages in manifest.,2026-07-17T18:12:04.549049
lacharente,bd6t55100917m,,failed,0,0,,no_usable_pages,known,,,bd6t55100917m: no usable pages in manifest.,2026-07-17T18:12:04.750706
lacharente,bd6t551009181,,failed,0,0,,no_usable_pages,known,,,bd6t551009181: no usable pages in manifest.,2026-07-17T18:12:04.942486
lacharente,bd6t55100919f,,failed,0,0,,no_usable_pages,known,,,bd6t55100919f: no usable pages in manifest.,2026-07-17T18:12:05.193149
lacharente,bd6t551009203,,failed,0,0,,no_usable_pages,known,,,bd6t551009203: no usable pages in manifest.,2026-07-17T18:12:05.373232
lacharente,bd6t55100921h,,failed,0,0,,no_usable_pages,known,,,bd6t55100921h: no usable pages in manifest.,2026-07-17T18:12:05.610959
lacharente,bd6t55100922x,,failed,0,0,,no_usable_pages,known,,,bd6t55100922x: no usable pages in manifest.,2026-07-17T18:12:05.791498
lacharente,bd6t55100923b,,failed,0,0,,no_usable_pages,known,,,bd6t55100923b: no usable pages in manifest.,2026-07-17T18:12:05.930562
lacharente,bd6t55100924r,,failed,0,0,,no_usable_pages,known,,,bd6t55100924r: no usable pages in manifest.,2026-07-17T18:12:06.183252
lacharente,bd6t551009255,,failed,0,0,,no_usable_pages,known,,,bd6t551009255: no usable pages in manifest.,2026-07-17T18:12:06.415704
lacharente,bd6t55100926k,,failed,0,0,,no_usable_pages,known,,,bd6t55100926k: no usable pages in manifest.,2026-07-17T18:12:06.631753
lacharente,bd6t551009270,,failed,0,0,,no_usable_pages,known,,,bd6t551009270: no usable pages in manifest.,2026-07-17T18:12:06.813305
lacharente,bd6t55100928d,,failed,0,0,,no_usable_pages,known,,,bd6t55100928d: no usable pages in manifest.,2026-07-17T18:12:06.993942
lacharente,bd6t55100929t,,failed,0,0,,no_usable_pages,known,,,bd6t55100929t: no usable pages in manifest.,2026-07-17T18:12:07.191430
lacharente,bd6t55100930g,,failed,0,0,,no_usable_pages,known,,,bd6t55100930g: no usable pages in manifest.,2026-07-17T18:12:07.381483
lacharente,bd6t55100931w,,failed,0,0,,no_usable_pages,known,,,bd6t55100931w: no usable pages in manifest.,2026-07-17T18:12:07.553841
lacharente,bd6t551009329,,failed,0,0,,no_usable_pages,known,,,bd6t551009329: no usable pages in manifest.,2026-07-17T18:12:07.735983
lacharente,bd6t551009344,,failed,0,0,,no_usable_pages,known,,,bd6t551009344: no usable pages in manifest.,2026-07-17T18:12:07.967149
lacharente,bd6t55100935j,,failed,0,0,,no_usable_pages,known,,,bd6t55100935j: no usable pages in manifest.,2026-07-17T18:12:08.186344
lacharente,bd6t55100936z,,failed,0,0,,no_usable_pages,known,,,bd6t55100936z: no usable pages in manifest.,2026-07-17T18:12:08.388441
lacharente,bd6t55100937c,,failed,0,0,,no_usable_pages,known,,,bd6t55100937c: no usable pages in manifest.,2026-07-17T18:12:08.669747
lacharente,bd6t55100938s,,failed,0,0,,no_usable_pages,known,,,bd6t55100938s: no usable pages in manifest.,2026-07-17T18:12:08.830631
lacharente,bd6t551009396,,failed,0,0,,no_usable_pages,known,,,bd6t551009396: no usable pages in manifest.,2026-07-17T18:12:09.104949
lacharente,bd6t55100940v,,failed,0,0,,no_usable_pages,known,,,bd6t55100940v: no usable pages in manifest.,2026-07-17T18:12:09.303169
lacharente,bd6t551009418,,failed,0,0,,no_usable_pages,known,,,bd6t551009418: no usable pages in manifest.,2026-07-17T18:12:09.520661
lacharente,bd6t55100942p,,failed,0,0,,no_usable_pages,known,,,bd6t55100942p: no usable pages in manifest.,2026-07-17T18:12:09.756140
lacharente,bd6t551009433,,failed,0,0,,no_usable_pages,known,,,bd6t551009433: no usable pages in manifest.,2026-07-17T18:12:09.932416
lacharente,bd6t55100944h,,failed,0,0,,no_usable_pages,known,,,bd6t55100944h: no usable pages in manifest.,2026-07-17T18:12:10.174900
lacharente,bd6t55100945x,,failed,0,0,,no_usable_pages,known,,,bd6t55100945x: no usable pages in manifest.,2026-07-17T18:12:10.352073
lacharente,bd6t55100946b,,failed,0,0,,no_usable_pages,known,,,bd6t55100946b: no usable pages in manifest.,2026-07-17T18:12:10.604000
lacharente,bd6t55100947r,,failed,0,0,,no_usable_pages,known,,,bd6t55100947r: no usable pages in manifest.,2026-07-17T18:12:10.862458
lacharente,bd6t551009485,,failed,0,0,,no_usable_pages,known,,,bd6t551009485: no usable pages in manifest.,2026-07-17T18:12:11.051208
lacharente,bd6t55100949k,,failed,0,0,,no_usable_pages,known,,,bd6t55100949k: no usable pages in manifest.,2026-07-17T18:12:11.308861
lacharente,bd6t551009507,,failed,0,0,,no_usable_pages,known,,,bd6t551009507: no usable pages in manifest.,2026-07-17T18:12:11.511160
lacharente,bd6t55100951n,,failed,0,0,,no_usable_pages,known,,,bd6t55100951n: no usable pages in manifest.,2026-07-17T18:12:12.004434
lacharente,bd6t551009522,,failed,0,0,,no_usable_pages,known,,,bd6t551009522: no usable pages in manifest.,2026-07-17T18:12:12.179356
lacharente,bd6t55100953g,,failed,0,0,,no_usable_pages,known,,,bd6t55100953g: no usable pages in manifest.,2026-07-17T18:12:12.359596
lacharente,bd6t55100954w,,failed,0,0,,no_usable_pages,known,,,bd6t55100954w: no usable pages in manifest.,2026-07-17T18:12:12.497963
lacharente,bd6t551009559,,failed,0,0,,no_usable_pages,known,,,bd6t551009559: no usable pages in manifest.,2026-07-17T18:12:12.651566
lacharente,bd6t55100956q,,failed,0,0,,no_usable_pages,known,,,bd6t55100956q: no usable pages in manifest.,2026-07-17T18:12:12.861061
lacharente,bd6t551009574,,failed,0,0,,no_usable_pages,known,,,bd6t551009574: no usable pages in manifest.,2026-07-17T18:12:13.040181
lacharente,bd6t55100958j,,failed,0,0,,no_usable_pages,known,,,bd6t55100958j: no usable pages in manifest.,2026-07-17T18:12:13.203723
lacharente,bd6t55100959z,,failed,0,0,,no_usable_pages,known,,,bd6t55100959z: no usable pages in manifest.,2026-07-17T18:12:13.390320
lacharente,bd6t55100960m,,failed,0,0,,no_usable_pages,known,,,bd6t55100960m: no usable pages in manifest.,2026-07-17T18:12:13.517962
lacharente,bd6t551009611,,failed,0,0,,no_usable_pages,known,,,bd6t551009611: no usable pages in manifest.,2026-07-17T18:12:13.710684
lacharente,bd6t55100962f,,failed,0,0,,no_usable_pages,known,,,bd6t55100962f: no usable pages in manifest.,2026-07-17T18:12:13.903389
lacharente,bd6t55100963v,,failed,0,0,,no_usable_pages,known,,,bd6t55100963v: no usable pages in manifest.,2026-07-17T18:12:14.049248
lacharente,bd6t551009648,,failed,0,0,,no_usable_pages,known,,,bd6t551009648: no usable pages in manifest.,2026-07-17T18:12:14.220426
lacharente,bd6t55100965p,,failed,0,0,,no_usable_pages,known,,,bd6t55100965p: no usable pages in manifest.,2026-07-17T18:12:14.365757
lacharente,bd6t551009663,,failed,0,0,,no_usable_pages,known,,,bd6t551009663: no usable pages in manifest.,2026-07-17T18:12:14.540627
lacharente,bd6t55100967h,,failed,0,0,,no_usable_pages,known,,,bd6t55100967h: no usable pages in manifest.,2026-07-17T18:12:14.753355
lacharente,bd6t55100968x,,failed,0,0,,no_usable_pages,known,,,bd6t55100968x: no usable pages in manifest.,2026-07-17T18:12:14.928748
lacharente,bpt6k46649823,,failed,0,0,,no_usable_pages,known,,,bpt6k46649823: no usable pages in manifest.,2026-07-17T18:12:15.130701
lacharente,bd6t55100969b,,failed,0,0,,no_usable_pages,known,,,bd6t55100969b: no usable pages in manifest.,2026-07-17T18:12:15.336345
lacharente,bpt6k4664983h,,failed,0,0,,no_usable_pages,known,,,bpt6k4664983h: no usable pages in manifest.,2026-07-17T18:12:15.540924
lacharente,bd6t551009700,,failed,0,0,,no_usable_pages,known,,,bd6t551009700: no usable pages in manifest.,2026-07-17T18:12:15.807003
lacharente,bpt6k4664984x,,failed,0,0,,no_usable_pages,known,,,bpt6k4664984x: no usable pages in manifest.,2026-07-17T18:12:16.020912
lacharente,bd6t55100971d,,failed,0,0,,no_usable_pages,known,,,bd6t55100971d: no usable pages in manifest.,2026-07-17T18:12:16.214676
lacharente,bpt6k4664985b,,failed,0,0,,no_usable_pages,known,,,bpt6k4664985b: no usable pages in manifest.,2026-07-17T18:12:16.380093
lacharente,bd6t55100972t,,failed,0,0,,no_usable_pages,known,,,bd6t55100972t: no usable pages in manifest.,2026-07-17T18:12:16.552349
lacharente,bd6t551009737,,failed,0,0,,no_usable_pages,known,,,bd6t551009737: no usable pages in manifest.,2026-07-17T18:12:16.795503
lacharente,bd6t55100974n,,failed,0,0,,no_usable_pages,known,,,bd6t55100974n: no usable pages in manifest.,2026-07-17T18:12:16.975175
lacharente,bpt6k4664988k,,failed,0,0,,no_usable_pages,known,,,bpt6k4664988k: no usable pages in manifest.,2026-07-17T18:12:17.224856
lacharente,bd6t551009752,,failed,0,0,,no_usable_pages,known,,,bd6t551009752: no usable pages in manifest.,2026-07-17T18:12:17.387869
lacharente,bpt6k46649890,,failed,0,0,,no_usable_pages,known,,,bpt6k46649890: no usable pages in manifest.,2026-07-17T18:12:17.552665
lacharente,bd6t55100976g,,failed,0,0,,no_usable_pages,known,,,bd6t55100976g: no usable pages in manifest.,2026-07-17T18:12:17.689765
lacharente,bpt6k4664990n,,failed,0,0,,no_usable_pages,known,,,bpt6k4664990n: no usable pages in manifest.,2026-07-17T18:12:17.922529
lacharente,bd6t55100977w,,failed,0,0,,no_usable_pages,known,,,bd6t55100977w: no usable pages in manifest.,2026-07-17T18:12:18.041488
lacharente,bpt6k46649912,,failed,0,0,,no_usable_pages,known,,,bpt6k46649912: no usable pages in manifest.,2026-07-17T18:12:18.377281
lacharente,bd6t551009789,,failed,0,0,,no_usable_pages,known,,,bd6t551009789: no usable pages in manifest.,2026-07-17T18:12:18.550462
lacharente,bpt6k4664992g,,failed,0,0,,no_usable_pages,known,,,bpt6k4664992g: no usable pages in manifest.,2026-07-17T18:12:18.706177
lacharente,bd6t55100979q,,failed,0,0,,no_usable_pages,known,,,bd6t55100979q: no usable pages in manifest.,2026-07-17T18:12:18.934260
lacharente,bd6t55100980c,,failed,0,0,,no_usable_pages,known,,,bd6t55100980c: no usable pages in manifest.,2026-07-17T18:12:19.068364
lacharente,bd6t55100981s,,failed,0,0,,no_usable_pages,known,,,bd6t55100981s: no usable pages in manifest.,2026-07-17T18:12:19.273840
lacharente,bd6t551009826,,failed,0,0,,no_usable_pages,known,,,bd6t551009826: no usable pages in manifest.,2026-07-17T18:12:19.436858
lacharente,bd6t55100983m,,failed,0,0,,no_usable_pages,known,,,bd6t55100983m: no usable pages in manifest.,2026-07-17T18:12:19.606100
lacharente,bd6t551009841,,failed,0,0,,no_usable_pages,known,,,bd6t551009841: no usable pages in manifest.,2026-07-17T18:12:19.719180
lacharente,bd6t55100985f,,failed,0,0,,no_usable_pages,known,,,bd6t55100985f: no usable pages in manifest.,2026-07-17T18:12:19.859851
lacharente,bd6t55100986v,,failed,0,0,,no_usable_pages,known,,,bd6t55100986v: no usable pages in manifest.,2026-07-17T18:12:20.066602
lacharente,bd6t551009878,,failed,0,0,,no_usable_pages,known,,,bd6t551009878: no usable pages in manifest.,2026-07-17T18:12:20.182520
lacharente,bd6t55100988p,,failed,0,0,,no_usable_pages,known,,,bd6t55100988p: no usable pages in manifest.,2026-07-17T18:12:20.336373
lacharente,bd6t551009893,,failed,0,0,,no_usable_pages,known,,,bd6t551009893: no usable pages in manifest.,2026-07-17T18:12:20.552500
lacharente,bd6t55100990r,,failed,0,0,,no_usable_pages,known,,,bd6t55100990r: no usable pages in manifest.,2026-07-17T18:12:20.677594
lacharente,bd6t551009915,,failed,0,0,,no_usable_pages,known,,,bd6t551009915: no usable pages in manifest.,2026-07-17T18:12:20.870947
lacharente,bd6t55100992k,,failed,0,0,,no_usable_pages,known,,,bd6t55100992k: no usable pages in manifest.,2026-07-17T18:12:21.094651
lacharente,bd6t551009930,,failed,0,0,,no_usable_pages,known,,,bd6t551009930: no usable pages in manifest.,2026-07-17T18:12:21.252151
lacharente,bd6t55100994d,,failed,0,0,,no_usable_pages,known,,,bd6t55100994d: no usable pages in manifest.,2026-07-17T18:12:21.447484
lacharente,bd6t55100995t,,failed,0,0,,no_usable_pages,known,,,bd6t55100995t: no usable pages in manifest.,2026-07-17T18:12:21.691125
lacharente,bd6t551009967,,failed,0,0,,no_usable_pages,known,,,bd6t551009967: no usable pages in manifest.,2026-07-17T18:12:21.879130
lacharente,bd6t55100997n,,failed,0,0,,no_usable_pages,known,,,bd6t55100997n: no usable pages in manifest.,2026-07-17T18:12:22.070434
lacharente,bd6t551009982,,failed,0,0,,no_usable_pages,known,,,bd6t551009982: no usable pages in manifest.,2026-07-17T18:12:22.197562
lacharente,bd6t55100999g,,failed,0,0,,no_usable_pages,known,,,bd6t55100999g: no usable pages in manifest.,2026-07-17T18:12:22.336794
lacharente,bd6t55101000j,,failed,0,0,,no_usable_pages,known,,,bd6t55101000j: no usable pages in manifest.,2026-07-17T18:12:22.511688
lacharente,bd6t55101001z,,failed,0,0,,no_usable_pages,known,,,bd6t55101001z: no usable pages in manifest.,2026-07-17T18:12:22.743058
lacharente,bd6t55101002c,,failed,0,0,,no_usable_pages,known,,,bd6t55101002c: no usable pages in manifest.,2026-07-17T18:12:22.913049
lacharente,bd6t55101003s,,failed,0,0,,no_usable_pages,known,,,bd6t55101003s: no usable pages in manifest.,2026-07-17T18:12:23.084869
lacharente,bd6t551010046,,failed,0,0,,no_usable_pages,known,,,bd6t551010046: no usable pages in manifest.,2026-07-17T18:12:23.260852
lacharente,bd6t55101005m,,failed,0,0,,no_usable_pages,known,,,bd6t55101005m: no usable pages in manifest.,2026-07-17T18:12:23.420441
lacharente,bd6t551010061,,failed,0,0,,no_usable_pages,known,,,bd6t551010061: no usable pages in manifest.,2026-07-17T18:12:23.592313
lacharente,bd6t55101007f,,failed,0,0,,no_usable_pages,known,,,bd6t55101007f: no usable pages in manifest.,2026-07-17T18:12:23.812757
lacharente,bd6t55101008v,,failed,0,0,,no_usable_pages,known,,,bd6t55101008v: no usable pages in manifest.,2026-07-17T18:12:23.967155
lacharente,bd6t551010098,,failed,0,0,,no_usable_pages,known,,,bd6t551010098: no usable pages in manifest.,2026-07-17T18:12:24.158476
lacharente,bd6t55101010x,,failed,0,0,,no_usable_pages,known,,,bd6t55101010x: no usable pages in manifest.,2026-07-17T18:12:24.356630
lacharente,bd6t55101011b,,failed,0,0,,no_usable_pages,known,,,bd6t55101011b: no usable pages in manifest.,2026-07-17T18:12:24.596488
lacharente,bd6t55101012r,,failed,0,0,,no_usable_pages,known,,,bd6t55101012r: no usable pages in manifest.,2026-07-17T18:12:24.865720
lacharente,bd6t551010135,,failed,0,0,,no_usable_pages,known,,,bd6t551010135: no usable pages in manifest.,2026-07-17T18:12:25.063765
lacharente,bd6t55101014k,,failed,0,0,,no_usable_pages,known,,,bd6t55101014k: no usable pages in manifest.,2026-07-17T18:12:25.265069
lacharente,bd6t551010150,,failed,0,0,,no_usable_pages,known,,,bd6t551010150: no usable pages in manifest.,2026-07-17T18:12:25.527847
lacharente,bd6t55101016d,,failed,0,0,,no_usable_pages,known,,,bd6t55101016d: no usable pages in manifest.,2026-07-17T18:12:25.733727
lacharente,bd6t55101017t,,failed,0,0,,no_usable_pages,known,,,bd6t55101017t: no usable pages in manifest.,2026-07-17T18:12:26.033526
lacharente,bd6t551010187,,failed,0,0,,no_usable_pages,known,,,bd6t551010187: no usable pages in manifest.,2026-07-17T18:12:26.223600
lacharente,bd6t55101019n,,failed,0,0,,no_usable_pages,known,,,bd6t55101019n: no usable pages in manifest.,2026-07-17T18:12:26.396186
lacharente,bd6t551010209,,failed,0,0,,no_usable_pages,known,,,bd6t551010209: no usable pages in manifest.,2026-07-17T18:12:26.678278
lacharente,bd6t55101021q,,failed,0,0,,no_usable_pages,known,,,bd6t55101021q: no usable pages in manifest.,2026-07-17T18:12:26.835372
lacharente,bd6t551010224,,failed,0,0,,no_usable_pages,known,,,bd6t551010224: no usable pages in manifest.,2026-07-17T18:12:27.108422
lacharente,bd6t55101023j,,failed,0,0,,no_usable_pages,known,,,bd6t55101023j: no usable pages in manifest.,2026-07-17T18:12:27.300055
lacharente,bd6t55101024z,,failed,0,0,,no_usable_pages,known,,,bd6t55101024z: no usable pages in manifest.,2026-07-17T18:12:27.482007
lacharente,bd6t55101025c,,failed,0,0,,no_usable_pages,known,,,bd6t55101025c: no usable pages in manifest.,2026-07-17T18:12:27.688144
lacharente,bd6t55101026s,,failed,0,0,,no_usable_pages,known,,,bd6t55101026s: no usable pages in manifest.,2026-07-17T18:12:27.827954
lacharente,bd6t551010276,,failed,0,0,,no_usable_pages,known,,,bd6t551010276: no usable pages in manifest.,2026-07-17T18:12:28.118356
lacharente,bd6t55101028m,,failed,0,0,,no_usable_pages,known,,,bd6t55101028m: no usable pages in manifest.,2026-07-17T18:12:28.392565
lacharente,bd6t551010291,,failed,0,0,,no_usable_pages,known,,,bd6t551010291: no usable pages in manifest.,2026-07-17T18:12:28.561006
lacharente,bd6t55101030p,,failed,0,0,,no_usable_pages,known,,,bd6t55101030p: no usable pages in manifest.,2026-07-17T18:12:28.859805
lacharente,bd6t551010313,,failed,0,0,,no_usable_pages,known,,,bd6t551010313: no usable pages in manifest.,2026-07-17T18:12:29.052154
lacharente,bd6t55101032h,,failed,0,0,,no_usable_pages,known,,,bd6t55101032h: no usable pages in manifest.,2026-07-17T18:12:29.265080
lacharente,bd6t55101033x,,failed,0,0,,no_usable_pages,known,,,bd6t55101033x: no usable pages in manifest.,2026-07-17T18:12:29.462919
lacharente,bd6t55101034b,,failed,0,0,,no_usable_pages,known,,,bd6t55101034b: no usable pages in manifest.,2026-07-17T18:12:29.616033
lacharente,bd6t55101035r,,failed,0,0,,no_usable_pages,known,,,bd6t55101035r: no usable pages in manifest.,2026-07-17T18:12:29.806711
lacharente,bd6t551010365,,failed,0,0,,no_usable_pages,known,,,bd6t551010365: no usable pages in manifest.,2026-07-17T18:12:30.031723
lacharente,bd6t55101348d,,failed,0,0,,no_usable_pages,known,,,bd6t55101348d: no usable pages in manifest.,2026-07-17T18:12:30.185172
lacharente,bd6t55101037k,,failed,0,0,,no_usable_pages,known,,,bd6t55101037k: no usable pages in manifest.,2026-07-17T18:12:30.415883
lacharente,bd6t551010380,,failed,0,0,,no_usable_pages,known,,,bd6t551010380: no usable pages in manifest.,2026-07-17T18:12:30.611879
lacharente,bd6t55101039d,,failed,0,0,,no_usable_pages,known,,,bd6t55101039d: no usable pages in manifest.,2026-07-17T18:12:30.811021
lacharente,bd6t551010402,,failed,0,0,,no_usable_pages,known,,,bd6t551010402: no usable pages in manifest.,2026-07-17T18:12:31.104677
lacharente,bd6t55101041g,,failed,0,0,,no_usable_pages,known,,,bd6t55101041g: no usable pages in manifest.,2026-07-17T18:12:31.366105
lacharente,bd6t55101042w,,failed,0,0,,no_usable_pages,known,,,bd6t55101042w: no usable pages in manifest.,2026-07-17T18:12:31.608408
lacharente,bd6t551010439,,failed,0,0,,no_usable_pages,known,,,bd6t551010439: no usable pages in manifest.,2026-07-17T18:12:31.755290
lacharente,bd6t55101044q,,failed,0,0,,no_usable_pages,known,,,bd6t55101044q: no usable pages in manifest.,2026-07-17T18:12:31.964647
lacharente,bd6t551010454,,failed,0,0,,no_usable_pages,known,,,bd6t551010454: no usable pages in manifest.,2026-07-17T18:12:32.175887
lacharente,bd6t55101046j,,failed,0,0,,no_usable_pages,known,,,bd6t55101046j: no usable pages in manifest.,2026-07-17T18:12:32.314661
lacharente,bd6t55101047z,,failed,0,0,,no_usable_pages,known,,,bd6t55101047z: no usable pages in manifest.,2026-07-17T18:12:32.476043
lacharente,bd6t55101048c,,failed,0,0,,no_usable_pages,known,,,bd6t55101048c: no usable pages in manifest.,2026-07-17T18:12:32.721280
lacharente,bd6t55101049s,,failed,0,0,,no_usable_pages,known,,,bd6t55101049s: no usable pages in manifest.,2026-07-17T18:12:32.912620
lacharente,bd6t55101050f,,failed,0,0,,no_usable_pages,known,,,bd6t55101050f: no usable pages in manifest.,2026-07-17T18:12:33.086697
lacharente,bd6t55101051v,,failed,0,0,,no_usable_pages,known,,,bd6t55101051v: no usable pages in manifest.,2026-07-17T18:12:33.291410
lacharente,bd6t551010528,,failed,0,0,,no_usable_pages,known,,,bd6t551010528: no usable pages in manifest.,2026-07-17T18:12:33.482914
lacharente,bd6t55101053p,,failed,0,0,,no_usable_pages,known,,,bd6t55101053p: no usable pages in manifest.,2026-07-17T18:12:33.735016
lacharente,bd6t551010543,,failed,0,0,,no_usable_pages,known,,,bd6t551010543: no usable pages in manifest.,2026-07-17T18:12:33.938452
lacharente,bd6t55101055h,,failed,0,0,,no_usable_pages,known,,,bd6t55101055h: no usable pages in manifest.,2026-07-17T18:12:34.139368
lacharente,bd6t55101056x,,failed,0,0,,no_usable_pages,known,,,bd6t55101056x: no usable pages in manifest.,2026-07-17T18:12:34.344941
lacharente,bd6t55101057b,,failed,0,0,,no_usable_pages,known,,,bd6t55101057b: no usable pages in manifest.,2026-07-17T18:12:34.501046
lacharente,bd6t55101058r,,failed,0,0,,no_usable_pages,known,,,bd6t55101058r: no usable pages in manifest.,2026-07-17T18:12:34.676420
lacharente,bd6t551010595,,failed,0,0,,no_usable_pages,known,,,bd6t551010595: no usable pages in manifest.,2026-07-17T18:12:34.955168
lacharente,bd6t55101060t,,failed,0,0,,no_usable_pages,known,,,bd6t55101060t: no usable pages in manifest.,2026-07-17T18:12:35.122731
lacharente,bd6t551010617,,failed,0,0,,no_usable_pages,known,,,bd6t551010617: no usable pages in manifest.,2026-07-17T18:12:35.293686
lacharente,bd6t55101062n,,failed,0,0,,no_usable_pages,known,,,bd6t55101062n: no usable pages in manifest.,2026-07-17T18:12:35.555808
lacharente,bd6t551010632,,failed,0,0,,no_usable_pages,known,,,bd6t551010632: no usable pages in manifest.,2026-07-17T18:12:35.720331
lacharente,bd6t55101064g,,failed,0,0,,no_usable_pages,known,,,bd6t55101064g: no usable pages in manifest.,2026-07-17T18:12:35.970442
lacharente,bd6t55101065w,,failed,0,0,,no_usable_pages,known,,,bd6t55101065w: no usable pages in manifest.,2026-07-17T18:12:36.140154
lacharente,bd6t551010669,,failed,0,0,,no_usable_pages,known,,,bd6t551010669: no usable pages in manifest.,2026-07-17T18:12:36.293993
lacharente,bd6t55101067q,,failed,0,0,,no_usable_pages,known,,,bd6t55101067q: no usable pages in manifest.,2026-07-17T18:12:36.486949
lacharente,bd6t551010684,,failed,0,0,,no_usable_pages,known,,,bd6t551010684: no usable pages in manifest.,2026-07-17T18:12:36.672826
lacharente,bd6t55101069j,,failed,0,0,,no_usable_pages,known,,,bd6t55101069j: no usable pages in manifest.,2026-07-17T18:12:36.819391
lacharente,bd6t551010706,,failed,0,0,,no_usable_pages,known,,,bd6t551010706: no usable pages in manifest.,2026-07-17T18:12:37.136693
lacharente,bd6t55101097v,,failed,0,0,,no_usable_pages,known,,,bd6t55101097v: no usable pages in manifest.,2026-07-17T18:12:37.323923
lacharente,bd6t55101071m,,failed,0,0,,no_usable_pages,known,,,bd6t55101071m: no usable pages in manifest.,2026-07-17T18:12:37.535347
lacharente,bd6t551010721,,failed,0,0,,no_usable_pages,known,,,bd6t551010721: no usable pages in manifest.,2026-07-17T18:12:37.742852
lacharente,bd6t55101073f,,failed,0,0,,no_usable_pages,known,,,bd6t55101073f: no usable pages in manifest.,2026-07-17T18:12:37.914035
lacharente,bd6t55101074v,,failed,0,0,,no_usable_pages,known,,,bd6t55101074v: no usable pages in manifest.,2026-07-17T18:12:38.081693
lacharente,bd6t551010758,,failed,0,0,,no_usable_pages,known,,,bd6t551010758: no usable pages in manifest.,2026-07-17T18:12:38.320726
lacharente,bd6t55101076p,,failed,0,0,,no_usable_pages,known,,,bd6t55101076p: no usable pages in manifest.,2026-07-17T18:12:38.592552
lacharente,bd6t551010773,,failed,0,0,,no_usable_pages,known,,,bd6t551010773: no usable pages in manifest.,2026-07-17T18:12:38.920588
lacharente,bd6t55101078h,,failed,0,0,,no_usable_pages,known,,,bd6t55101078h: no usable pages in manifest.,2026-07-17T18:12:39.141668
lacharente,bd6t55101079x,,failed,0,0,,no_usable_pages,known,,,bd6t55101079x: no usable pages in manifest.,2026-07-17T18:12:39.436972
lacharente,bd6t55101080k,,failed,0,0,,no_usable_pages,known,,,bd6t55101080k: no usable pages in manifest.,2026-07-17T18:12:39.655348
lacharente,bd6t551010810,,failed,0,0,,no_usable_pages,known,,,bd6t551010810: no usable pages in manifest.,2026-07-17T18:12:39.902544
lacharente,bd6t55101082d,,failed,0,0,,no_usable_pages,known,,,bd6t55101082d: no usable pages in manifest.,2026-07-17T18:12:40.143557
lacharente,bd6t55101083t,,failed,0,0,,no_usable_pages,known,,,bd6t55101083t: no usable pages in manifest.,2026-07-17T18:12:40.298532
lacharente,bd6t551010847,,failed,0,0,,no_usable_pages,known,,,bd6t551010847: no usable pages in manifest.,2026-07-17T18:12:40.604105
lacharente,bd6t55101085n,,failed,0,0,,no_usable_pages,known,,,bd6t55101085n: no usable pages in manifest.,2026-07-17T18:12:40.784881
lacharente,bd6t551010862,,failed,0,0,,no_usable_pages,known,,,bd6t551010862: no usable pages in manifest.,2026-07-17T18:12:41.025543
lacharente,bd6t55101087g,,failed,0,0,,no_usable_pages,known,,,bd6t55101087g: no usable pages in manifest.,2026-07-17T18:12:41.198944
lacharente,bd6t55101088w,,failed,0,0,,no_usable_pages,known,,,bd6t55101088w: no usable pages in manifest.,2026-07-17T18:12:41.402625
lacharente,bd6t551010899,,failed,0,0,,no_usable_pages,known,,,bd6t551010899: no usable pages in manifest.,2026-07-17T18:12:41.697417
lacharente,bd6t55101090z,,failed,0,0,,no_usable_pages,known,,,bd6t55101090z: no usable pages in manifest.,2026-07-17T18:12:42.031569
lacharente,bd6t55101091c,,failed,0,0,,no_usable_pages,known,,,bd6t55101091c: no usable pages in manifest.,2026-07-17T18:12:42.275602
lacharente,bd6t55101092s,,failed,0,0,,no_usable_pages,known,,,bd6t55101092s: no usable pages in manifest.,2026-07-17T18:12:42.442887
lacharente,bd6t551010936,,failed,0,0,,no_usable_pages,known,,,bd6t551010936: no usable pages in manifest.,2026-07-17T18:12:42.695927
lacharente,bd6t55101094m,,failed,0,0,,no_usable_pages,known,,,bd6t55101094m: no usable pages in manifest.,2026-07-17T18:12:42.852585
lacharente,bd6t551010951,,failed,0,0,,no_usable_pages,known,,,bd6t551010951: no usable pages in manifest.,2026-07-17T18:12:42.992820
lacharente,bd6t55101096f,,failed,0,0,,no_usable_pages,known,,,bd6t55101096f: no usable pages in manifest.,2026-07-17T18:12:43.230498
lacharente,bd6t551010988,,failed,0,0,,no_usable_pages,known,,,bd6t551010988: no usable pages in manifest.,2026-07-17T18:12:43.427373
lacharente,bd6t55101099p,,failed,0,0,,no_usable_pages,known,,,bd6t55101099p: no usable pages in manifest.,2026-07-17T18:12:43.572271
lacharente,bd6t55101100w,,failed,0,0,,no_usable_pages,known,,,bd6t55101100w: no usable pages in manifest.,2026-07-17T18:12:43.887509
lacharente,bd6t551011019,,failed,0,0,,no_usable_pages,known,,,bd6t551011019: no usable pages in manifest.,2026-07-17T18:12:44.027912
lacharente,bd6t551011034,,failed,0,0,,no_usable_pages,known,,,bd6t551011034: no usable pages in manifest.,2026-07-17T18:12:44.223713
lacharente,bd6t55101104j,,failed,0,0,,no_usable_pages,known,,,bd6t55101104j: no usable pages in manifest.,2026-07-17T18:12:44.410937
lacharente,bd6t55101105z,,failed,0,0,,no_usable_pages,known,,,bd6t55101105z: no usable pages in manifest.,2026-07-17T18:12:44.516749
lacharente,bd6t55101106c,,failed,0,0,,no_usable_pages,known,,,bd6t55101106c: no usable pages in manifest.,2026-07-17T18:12:44.792748
lacharente,bd6t55101107s,,failed,0,0,,no_usable_pages,known,,,bd6t55101107s: no usable pages in manifest.,2026-07-17T18:12:44.956906
lacharente,bd6t551011086,,failed,0,0,,no_usable_pages,known,,,bd6t551011086: no usable pages in manifest.,2026-07-17T18:12:45.133310
lacharente,bd6t55101109m,,failed,0,0,,no_usable_pages,known,,,bd6t55101109m: no usable pages in manifest.,2026-07-17T18:12:45.322047
lacharente,bd6t551011108,,failed,0,0,,no_usable_pages,known,,,bd6t551011108: no usable pages in manifest.,2026-07-17T18:12:45.565555
lacharente,bd6t55101111p,,failed,0,0,,no_usable_pages,known,,,bd6t55101111p: no usable pages in manifest.,2026-07-17T18:12:45.711258
lacharente,bd6t551011123,,failed,0,0,,no_usable_pages,known,,,bd6t551011123: no usable pages in manifest.,2026-07-17T18:12:45.960326
lacharente,bd6t55101113h,,failed,0,0,,no_usable_pages,known,,,bd6t55101113h: no usable pages in manifest.,2026-07-17T18:12:46.163928
lacharente,bd6t55101114x,,failed,0,0,,no_usable_pages,known,,,bd6t55101114x: no usable pages in manifest.,2026-07-17T18:12:46.375318
lacharente,bd6t55101115b,,failed,0,0,,no_usable_pages,known,,,bd6t55101115b: no usable pages in manifest.,2026-07-17T18:12:46.608353
lacharente,bd6t55101116r,,failed,0,0,,no_usable_pages,known,,,bd6t55101116r: no usable pages in manifest.,2026-07-17T18:12:46.781029
lacharente,bd6t551011175,,failed,0,0,,no_usable_pages,known,,,bd6t551011175: no usable pages in manifest.,2026-07-17T18:12:47.036115
lacharente,bd6t55101118k,,failed,0,0,,no_usable_pages,known,,,bd6t55101118k: no usable pages in manifest.,2026-07-17T18:12:47.242622
lacharente,bd6t551011190,,failed,0,0,,no_usable_pages,known,,,bd6t551011190: no usable pages in manifest.,2026-07-17T18:12:47.410753
lacharente,bd6t55101120n,,failed,0,0,,no_usable_pages,known,,,bd6t55101120n: no usable pages in manifest.,2026-07-17T18:12:47.687152
lacharente,bd6t551011212,,failed,0,0,,no_usable_pages,known,,,bd6t551011212: no usable pages in manifest.,2026-07-17T18:12:47.865481
lacharente,bd6t55101122g,,failed,0,0,,no_usable_pages,known,,,bd6t55101122g: no usable pages in manifest.,2026-07-17T18:12:48.093317
lacharente,bd6t55101123w,,failed,0,0,,no_usable_pages,known,,,bd6t55101123w: no usable pages in manifest.,2026-07-17T18:12:48.307714
lacharente,bd6t551011249,,failed,0,0,,no_usable_pages,known,,,bd6t551011249: no usable pages in manifest.,2026-07-17T18:12:48.474128
lacharente,bd6t55101125q,,failed,0,0,,no_usable_pages,known,,,bd6t55101125q: no usable pages in manifest.,2026-07-17T18:12:48.689437
lacharente,bd6t551011264,,failed,0,0,,no_usable_pages,known,,,bd6t551011264: no usable pages in manifest.,2026-07-17T18:12:48.883341
lacharente,bd6t55101127j,,failed,0,0,,no_usable_pages,known,,,bd6t55101127j: no usable pages in manifest.,2026-07-17T18:12:49.091799
lacharente,bd6t55101128z,,failed,0,0,,no_usable_pages,known,,,bd6t55101128z: no usable pages in manifest.,2026-07-17T18:12:49.294529
lacharente,bd6t55101129c,,failed,0,0,,no_usable_pages,known,,,bd6t55101129c: no usable pages in manifest.,2026-07-17T18:12:49.544917
lacharente,bd6t551011301,,failed,0,0,,no_usable_pages,known,,,bd6t551011301: no usable pages in manifest.,2026-07-17T18:12:49.787567
lacharente,bd6t55101131f,,failed,0,0,,no_usable_pages,known,,,bd6t55101131f: no usable pages in manifest.,2026-07-17T18:12:49.949203
lacharente,bd6t55101132v,,failed,0,0,,no_usable_pages,known,,,bd6t55101132v: no usable pages in manifest.,2026-07-17T18:12:50.181713
lacharente,bd6t551011338,,failed,0,0,,no_usable_pages,known,,,bd6t551011338: no usable pages in manifest.,2026-07-17T18:12:50.351996
lacharente,bd6t55101134p,,failed,0,0,,no_usable_pages,known,,,bd6t55101134p: no usable pages in manifest.,2026-07-17T18:12:50.597406
lacharente,bd6t551011353,,failed,0,0,,no_usable_pages,known,,,bd6t551011353: no usable pages in manifest.,2026-07-17T18:12:50.781024
lacharente,bd6t55101136h,,failed,0,0,,no_usable_pages,known,,,bd6t55101136h: no usable pages in manifest.,2026-07-17T18:12:50.997585
lacharente,bd6t55101137x,,failed,0,0,,no_usable_pages,known,,,bd6t55101137x: no usable pages in manifest.,2026-07-17T18:12:51.220416
lacharente,bd6t55101138b,,failed,0,0,,no_usable_pages,known,,,bd6t55101138b: no usable pages in manifest.,2026-07-17T18:12:51.405378
lacharente,bd6t55101139r,,failed,0,0,,no_usable_pages,known,,,bd6t55101139r: no usable pages in manifest.,2026-07-17T18:12:51.622164
lacharente,bd6t55101140d,,failed,0,0,,no_usable_pages,known,,,bd6t55101140d: no usable pages in manifest.,2026-07-17T18:12:51.816355
lacharente,bd6t55101141t,,failed,0,0,,no_usable_pages,known,,,bd6t55101141t: no usable pages in manifest.,2026-07-17T18:12:52.020099
lacharente,bd6t551011427,,failed,0,0,,no_usable_pages,known,,,bd6t551011427: no usable pages in manifest.,2026-07-17T18:12:52.266356
lacharente,bd6t55101143n,,failed,0,0,,no_usable_pages,known,,,bd6t55101143n: no usable pages in manifest.,2026-07-17T18:12:52.506127
lacharente,bd6t551011442,,failed,0,0,,no_usable_pages,known,,,bd6t551011442: no usable pages in manifest.,2026-07-17T18:12:52.769707
lacharente,bd6t55101145g,,failed,0,0,,no_usable_pages,known,,,bd6t55101145g: no usable pages in manifest.,2026-07-17T18:12:52.939938
lacharente,bd6t55101146w,,failed,0,0,,no_usable_pages,known,,,bd6t55101146w: no usable pages in manifest.,2026-07-17T18:12:53.181604
lacharente,bd6t551011479,,failed,0,0,,no_usable_pages,known,,,bd6t551011479: no usable pages in manifest.,2026-07-17T18:12:53.413484
lacharente,bd6t55101148q,,failed,0,0,,no_usable_pages,known,,,bd6t55101148q: no usable pages in manifest.,2026-07-17T18:12:53.638015
lacharente,bd6t551011494,,failed,0,0,,no_usable_pages,known,,,bd6t551011494: no usable pages in manifest.,2026-07-17T18:12:53.834615
lacharente,bd6t55101150s,,failed,0,0,,no_usable_pages,known,,,bd6t55101150s: no usable pages in manifest.,2026-07-17T18:12:54.006227
lacharente,bd6t551011516,,failed,0,0,,no_usable_pages,known,,,bd6t551011516: no usable pages in manifest.,2026-07-17T18:12:54.227043
lacharente,bd6t55101231s,,failed,0,0,,no_usable_pages,known,,,bd6t55101231s: no usable pages in manifest.,2026-07-17T18:12:54.470287
lacharente,bd6t55101152m,,failed,0,0,,no_usable_pages,known,,,bd6t55101152m: no usable pages in manifest.,2026-07-17T18:12:54.656679
lacharente,bd6t551011531,,failed,0,0,,no_usable_pages,known,,,bd6t551011531: no usable pages in manifest.,2026-07-17T18:12:54.866759
lacharente,bd6t55101154f,,failed,0,0,,no_usable_pages,known,,,bd6t55101154f: no usable pages in manifest.,2026-07-17T18:12:55.055596
lacharente,bd6t55101155v,,failed,0,0,,no_usable_pages,known,,,bd6t55101155v: no usable pages in manifest.,2026-07-17T18:12:55.237503
lacharente,bd6t551011568,,failed,0,0,,no_usable_pages,known,,,bd6t551011568: no usable pages in manifest.,2026-07-17T18:12:55.382227
lacharente,bd6t55101157p,,failed,0,0,,no_usable_pages,known,,,bd6t55101157p: no usable pages in manifest.,2026-07-17T18:12:55.558666
lacharente,bd6t551011583,,failed,0,0,,no_usable_pages,known,,,bd6t551011583: no usable pages in manifest.,2026-07-17T18:12:55.690180
lacharente,bd6t55101159h,,failed,0,0,,no_usable_pages,known,,,bd6t55101159h: no usable pages in manifest.,2026-07-17T18:12:55.901495
lacharente,bd6t551011605,,failed,0,0,,no_usable_pages,known,,,bd6t551011605: no usable pages in manifest.,2026-07-17T18:12:56.129204
lacharente,bd6t55101161k,,failed,0,0,,no_usable_pages,known,,,bd6t55101161k: no usable pages in manifest.,2026-07-17T18:12:56.423812
lacharente,bd6t551011620,,failed,0,0,,no_usable_pages,known,,,bd6t551011620: no usable pages in manifest.,2026-07-17T18:12:56.708268
lacharente,bd6t55101163d,,failed,0,0,,no_usable_pages,known,,,bd6t55101163d: no usable pages in manifest.,2026-07-17T18:12:56.911376
lacharente,bd6t55101164t,,failed,0,0,,no_usable_pages,known,,,bd6t55101164t: no usable pages in manifest.,2026-07-17T18:12:57.106483
lacharente,bd6t551011657,,failed,0,0,,no_usable_pages,known,,,bd6t551011657: no usable pages in manifest.,2026-07-17T18:12:57.241144
lacharente,bd6t55101166n,,failed,0,0,,no_usable_pages,known,,,bd6t55101166n: no usable pages in manifest.,2026-07-17T18:12:57.451265
lacharente,bd6t551011672,,failed,0,0,,no_usable_pages,known,,,bd6t551011672: no usable pages in manifest.,2026-07-17T18:12:57.639931
lacharente,bd6t55101168g,,failed,0,0,,no_usable_pages,known,,,bd6t55101168g: no usable pages in manifest.,2026-07-17T18:12:57.865337
lacharente,bd6t55101169w,,failed,0,0,,no_usable_pages,known,,,bd6t55101169w: no usable pages in manifest.,2026-07-17T18:12:58.140151
lacharente,bd6t55101170j,,failed,0,0,,no_usable_pages,known,,,bd6t55101170j: no usable pages in manifest.,2026-07-17T18:12:58.283452
lacharente,bd6t55101171z,,failed,0,0,,no_usable_pages,known,,,bd6t55101171z: no usable pages in manifest.,2026-07-17T18:12:58.471522
lacharente,bd6t55101172c,,failed,0,0,,no_usable_pages,known,,,bd6t55101172c: no usable pages in manifest.,2026-07-17T18:12:58.655458
lacharente,bd6t55101173s,,failed,0,0,,no_usable_pages,known,,,bd6t55101173s: no usable pages in manifest.,2026-07-17T18:12:58.927379
lacharente,bd6t551011746,,failed,0,0,,no_usable_pages,known,,,bd6t551011746: no usable pages in manifest.,2026-07-17T18:12:59.149981
lacharente,bd6t55101175m,,failed,0,0,,no_usable_pages,known,,,bd6t55101175m: no usable pages in manifest.,2026-07-17T18:12:59.359059
lacharente,bd6t551011761,,failed,0,0,,no_usable_pages,known,,,bd6t551011761: no usable pages in manifest.,2026-07-17T18:12:59.605162
lacharente,bd6t55101177f,,failed,0,0,,no_usable_pages,known,,,bd6t55101177f: no usable pages in manifest.,2026-07-17T18:12:59.863692
lacharente,bd6t55101178v,,failed,0,0,,no_usable_pages,known,,,bd6t55101178v: no usable pages in manifest.,2026-07-17T18:13:00.039553
lacharente,bd6t551011798,,failed,0,0,,no_usable_pages,known,,,bd6t551011798: no usable pages in manifest.,2026-07-17T18:13:00.486383
lacharente,bd6t55101180x,,failed,0,0,,no_usable_pages,known,,,bd6t55101180x: no usable pages in manifest.,2026-07-17T18:13:00.782290
lacharente,bd6t55101181b,,failed,0,0,,no_usable_pages,known,,,bd6t55101181b: no usable pages in manifest.,2026-07-17T18:13:01.051767
lacharente,bd6t55101182r,,failed,0,0,,no_usable_pages,known,,,bd6t55101182r: no usable pages in manifest.,2026-07-17T18:13:01.281033
lacharente,bd6t551011835,,failed,0,0,,no_usable_pages,known,,,bd6t551011835: no usable pages in manifest.,2026-07-17T18:13:01.445547
lacharente,bd6t55101184k,,failed,0,0,,no_usable_pages,known,,,bd6t55101184k: no usable pages in manifest.,2026-07-17T18:13:01.617546
lacharente,bd6t551011850,,failed,0,0,,no_usable_pages,known,,,bd6t551011850: no usable pages in manifest.,2026-07-17T18:13:01.768607
lacharente,bd6t55101186d,,failed,0,0,,no_usable_pages,known,,,bd6t55101186d: no usable pages in manifest.,2026-07-17T18:13:01.957459
lacharente,bd6t55101187t,,failed,0,0,,no_usable_pages,known,,,bd6t55101187t: no usable pages in manifest.,2026-07-17T18:13:02.135210
lacharente,bd6t551011887,,failed,0,0,,no_usable_pages,known,,,bd6t551011887: no usable pages in manifest.,2026-07-17T18:13:02.297425
lacharente,bd6t55101189n,,failed,0,0,,no_usable_pages,known,,,bd6t55101189n: no usable pages in manifest.,2026-07-17T18:13:02.489704
lacharente,bd6t551011909,,failed,0,0,,no_usable_pages,known,,,bd6t551011909: no usable pages in manifest.,2026-07-17T18:13:02.665693
lacharente,bd6t55101191q,,failed,0,0,,no_usable_pages,known,,,bd6t55101191q: no usable pages in manifest.,2026-07-17T18:13:02.862492
lacharente,bd6t551011924,,failed,0,0,,no_usable_pages,known,,,bd6t551011924: no usable pages in manifest.,2026-07-17T18:13:03.109853
lacharente,bd6t55101193j,,failed,0,0,,no_usable_pages,known,,,bd6t55101193j: no usable pages in manifest.,2026-07-17T18:13:03.286982
lacharente,bd6t55101194z,,failed,0,0,,no_usable_pages,known,,,bd6t55101194z: no usable pages in manifest.,2026-07-17T18:13:03.410142
lacharente,bd6t55101195c,,failed,0,0,,no_usable_pages,known,,,bd6t55101195c: no usable pages in manifest.,2026-07-17T18:13:03.551365
lacharente,bd6t55101196s,,failed,0,0,,no_usable_pages,known,,,bd6t55101196s: no usable pages in manifest.,2026-07-17T18:13:03.720630
lacharente,bd6t551011976,,failed,0,0,,no_usable_pages,known,,,bd6t551011976: no usable pages in manifest.,2026-07-17T18:13:03.840921
lacharente,bd6t55101198m,,failed,0,0,,no_usable_pages,known,,,bd6t55101198m: no usable pages in manifest.,2026-07-17T18:13:04.004257
lacharente,bd6t551011991,,failed,0,0,,no_usable_pages,known,,,bd6t551011991: no usable pages in manifest.,2026-07-17T18:13:04.135848
lacharente,bd6t551012007,,failed,0,0,,no_usable_pages,known,,,bd6t551012007: no usable pages in manifest.,2026-07-17T18:13:04.331327
lacharente,bd6t55101201n,,failed,0,0,,no_usable_pages,known,,,bd6t55101201n: no usable pages in manifest.,2026-07-17T18:13:04.545963
lacharente,bd6t551012022,,failed,0,0,,no_usable_pages,known,,,bd6t551012022: no usable pages in manifest.,2026-07-17T18:13:04.777247
lacharente,bd6t55101203g,,failed,0,0,,no_usable_pages,known,,,bd6t55101203g: no usable pages in manifest.,2026-07-17T18:13:04.876186
lacharente,bd6t55101204w,,failed,0,0,,no_usable_pages,known,,,bd6t55101204w: no usable pages in manifest.,2026-07-17T18:13:05.073121
lacharente,bd6t551012059,,failed,0,0,,no_usable_pages,known,,,bd6t551012059: no usable pages in manifest.,2026-07-17T18:13:05.198819
lacharente,bd6t55101206q,,failed,0,0,,no_usable_pages,known,,,bd6t55101206q: no usable pages in manifest.,2026-07-17T18:13:05.360334
lacharente,bd6t551012074,,failed,0,0,,no_usable_pages,known,,,bd6t551012074: no usable pages in manifest.,2026-07-17T18:13:05.476041
lacharente,bd6t55101208j,,failed,0,0,,no_usable_pages,known,,,bd6t55101208j: no usable pages in manifest.,2026-07-17T18:13:05.622292
lacharente,bd6t55101209z,,failed,0,0,,no_usable_pages,known,,,bd6t55101209z: no usable pages in manifest.,2026-07-17T18:13:05.773923
lacharente,bd6t55101210m,,failed,0,0,,no_usable_pages,known,,,bd6t55101210m: no usable pages in manifest.,2026-07-17T18:13:05.866326
lacharente,bd6t551012111,,failed,0,0,,no_usable_pages,known,,,bd6t551012111: no usable pages in manifest.,2026-07-17T18:13:05.988703
lacharente,bd6t55101212f,,failed,0,0,,no_usable_pages,known,,,bd6t55101212f: no usable pages in manifest.,2026-07-17T18:13:06.149605
lacharente,bd6t55101213v,,failed,0,0,,no_usable_pages,known,,,bd6t55101213v: no usable pages in manifest.,2026-07-17T18:13:06.303812
lacharente,bd6t551012148,,failed,0,0,,no_usable_pages,known,,,bd6t551012148: no usable pages in manifest.,2026-07-17T18:13:06.439981
lacharente,bd6t55101215p,,failed,0,0,,no_usable_pages,known,,,bd6t55101215p: no usable pages in manifest.,2026-07-17T18:13:06.575160
lacharente,bd6t551012163,,failed,0,0,,no_usable_pages,known,,,bd6t551012163: no usable pages in manifest.,2026-07-17T18:13:06.708839
lacharente,bd6t55101217h,,failed,0,0,,no_usable_pages,known,,,bd6t55101217h: no usable pages in manifest.,2026-07-17T18:13:06.854281
lacharente,bd6t55101218x,,failed,0,0,,no_usable_pages,known,,,bd6t55101218x: no usable pages in manifest.,2026-07-17T18:13:07.020416
lacharente,bd6t55101219b,,failed,0,0,,no_usable_pages,known,,,bd6t55101219b: no usable pages in manifest.,2026-07-17T18:13:07.238850
lacharente,bd6t551012200,,failed,0,0,,no_usable_pages,known,,,bd6t551012200: no usable pages in manifest.,2026-07-17T18:13:07.415232
lacharente,bd6t55101221d,,failed,0,0,,no_usable_pages,known,,,bd6t55101221d: no usable pages in manifest.,2026-07-17T18:13:07.600220
lacharente,bd6t55101222t,,failed,0,0,,no_usable_pages,known,,,bd6t55101222t: no usable pages in manifest.,2026-07-17T18:13:07.744623
lacharente,bd6t551012237,,failed,0,0,,no_usable_pages,known,,,bd6t551012237: no usable pages in manifest.,2026-07-17T18:13:07.938438
lacharente,bd6t55101224n,,failed,0,0,,no_usable_pages,known,,,bd6t55101224n: no usable pages in manifest.,2026-07-17T18:13:08.062372
lacharente,bd6t551012252,,failed,0,0,,no_usable_pages,known,,,bd6t551012252: no usable pages in manifest.,2026-07-17T18:13:08.171160
lacharente,bd6t55101226g,,failed,0,0,,no_usable_pages,known,,,bd6t55101226g: no usable pages in manifest.,2026-07-17T18:13:08.344721
lacharente,bd6t55101227w,,failed,0,0,,no_usable_pages,known,,,bd6t55101227w: no usable pages in manifest.,2026-07-17T18:13:08.468378
lacharente,bd6t551012289,,failed,0,0,,no_usable_pages,known,,,bd6t551012289: no usable pages in manifest.,2026-07-17T18:13:08.701995
lacharente,bd6t55101229q,,failed,0,0,,no_usable_pages,known,,,bd6t55101229q: no usable pages in manifest.,2026-07-17T18:13:08.863564
lacharente,bd6t55101230c,,failed,0,0,,no_usable_pages,known,,,bd6t55101230c: no usable pages in manifest.,2026-07-17T18:13:09.029612
lacharente,bd6t551012326,,failed,0,0,,no_usable_pages,known,,,bd6t551012326: no usable pages in manifest.,2026-07-17T18:13:09.185746
lacharente,bd6t55101233m,,failed,0,0,,no_usable_pages,known,,,bd6t55101233m: no usable pages in manifest.,2026-07-17T18:13:09.416433
lacharente,bd6t55101102q,,failed,0,0,,no_usable_pages,known,,,bd6t55101102q: no usable pages in manifest.,2026-07-17T18:13:09.599189
lacharente,bd6t551012341,,failed,0,0,,no_usable_pages,known,,,bd6t551012341: no usable pages in manifest.,2026-07-17T18:13:09.812579
lacharente,bd6t55101235f,,failed,0,0,,no_usable_pages,known,,,bd6t55101235f: no usable pages in manifest.,2026-07-17T18:13:09.973915
lacharente,bd6t55101236v,,failed,0,0,,no_usable_pages,known,,,bd6t55101236v: no usable pages in manifest.,2026-07-17T18:13:10.181817
lacharente,bd6t551012378,,failed,0,0,,no_usable_pages,known,,,bd6t551012378: no usable pages in manifest.,2026-07-17T18:13:10.358405
lacharente,bd6t55101238p,,failed,0,0,,no_usable_pages,known,,,bd6t55101238p: no usable pages in manifest.,2026-07-17T18:13:10.572291
lacharente,bd6t551012393,,failed,0,0,,no_usable_pages,known,,,bd6t551012393: no usable pages in manifest.,2026-07-17T18:13:10.794384
lacharente,bd6t55101240r,,failed,0,0,,no_usable_pages,known,,,bd6t55101240r: no usable pages in manifest.,2026-07-17T18:13:11.045644
lacharente,bd6t551012415,,failed,0,0,,no_usable_pages,known,,,bd6t551012415: no usable pages in manifest.,2026-07-17T18:13:11.345003
lacharente,bd6t55101242k,,failed,0,0,,no_usable_pages,known,,,bd6t55101242k: no usable pages in manifest.,2026-07-17T18:13:11.507005
lacharente,bd6t551012430,,failed,0,0,,no_usable_pages,known,,,bd6t551012430: no usable pages in manifest.,2026-07-17T18:13:11.708266
lacharente,bd6t55101244d,,failed,0,0,,no_usable_pages,known,,,bd6t55101244d: no usable pages in manifest.,2026-07-17T18:13:11.946853
lacharente,bd6t55101245t,,failed,0,0,,no_usable_pages,known,,,bd6t55101245t: no usable pages in manifest.,2026-07-17T18:13:12.232653
lacharente,bd6t551012467,,failed,0,0,,no_usable_pages,known,,,bd6t551012467: no usable pages in manifest.,2026-07-17T18:13:12.579309
lacharente,bd6t55101247n,,failed,0,0,,no_usable_pages,known,,,bd6t55101247n: no usable pages in manifest.,2026-07-17T18:13:12.807089
lacharente,bd6t55101249g,,failed,0,0,,no_usable_pages,known,,,bd6t55101249g: no usable pages in manifest.,2026-07-17T18:13:13.057213
lacharente,bd6t551012504,,failed,0,0,,no_usable_pages,known,,,bd6t551012504: no usable pages in manifest.,2026-07-17T18:13:13.212156
lacharente,bd6t55101251j,,failed,0,0,,no_usable_pages,known,,,bd6t55101251j: no usable pages in manifest.,2026-07-17T18:13:13.457151
lacharente,bd6t55101252z,,failed,0,0,,no_usable_pages,known,,,bd6t55101252z: no usable pages in manifest.,2026-07-17T18:13:13.707320
lacharente,bd6t55101253c,,failed,0,0,,no_usable_pages,known,,,bd6t55101253c: no usable pages in manifest.,2026-07-17T18:13:13.949026
lacharente,bd6t55101254s,,failed,0,0,,no_usable_pages,known,,,bd6t55101254s: no usable pages in manifest.,2026-07-17T18:13:14.234252
lacharente,bd6t551012556,,failed,0,0,,no_usable_pages,known,,,bd6t551012556: no usable pages in manifest.,2026-07-17T18:13:14.430255
lacharente,bd6t55101256m,,failed,0,0,,no_usable_pages,known,,,bd6t55101256m: no usable pages in manifest.,2026-07-17T18:13:14.879037
lacharente,bd6t551012571,,failed,0,0,,no_usable_pages,known,,,bd6t551012571: no usable pages in manifest.,2026-07-17T18:13:15.153646
lacharente,bd6t55101258f,,failed,0,0,,no_usable_pages,known,,,bd6t55101258f: no usable pages in manifest.,2026-07-17T18:13:15.367717
lacharente,bd6t55101259v,,failed,0,0,,no_usable_pages,known,,,bd6t55101259v: no usable pages in manifest.,2026-07-17T18:13:15.538423
lacharente,bd6t55101260h,,failed,0,0,,no_usable_pages,known,,,bd6t55101260h: no usable pages in manifest.,2026-07-17T18:13:15.765009
lacharente,bd6t55101261x,,failed,0,0,,no_usable_pages,known,,,bd6t55101261x: no usable pages in manifest.,2026-07-17T18:13:15.963407
lacharente,bd6t55101262b,,failed,0,0,,no_usable_pages,known,,,bd6t55101262b: no usable pages in manifest.,2026-07-17T18:13:16.151209
lacharente,bd6t551015735,,failed,0,0,,no_usable_pages,known,,,bd6t551015735: no usable pages in manifest.,2026-07-17T18:13:16.330007
lacharente,bd6t55101263r,,failed,0,0,,no_usable_pages,known,,,bd6t55101263r: no usable pages in manifest.,2026-07-17T18:13:16.513347
lacharente,bd6t551012645,,failed,0,0,,no_usable_pages,known,,,bd6t551012645: no usable pages in manifest.,2026-07-17T18:13:16.734281
lacharente,bd6t55101265k,,failed,0,0,,no_usable_pages,known,,,bd6t55101265k: no usable pages in manifest.,2026-07-17T18:13:16.905722
lacharente,bd6t551012660,,failed,0,0,,no_usable_pages,known,,,bd6t551012660: no usable pages in manifest.,2026-07-17T18:13:17.079844
lacharente,bd6t55101267d,,failed,0,0,,no_usable_pages,known,,,bd6t55101267d: no usable pages in manifest.,2026-07-17T18:13:17.335036
lacharente,bd6t55101268t,,failed,0,0,,no_usable_pages,known,,,bd6t55101268t: no usable pages in manifest.,2026-07-17T18:13:17.523415
lacharente,bd6t551012697,,failed,0,0,,no_usable_pages,known,,,bd6t551012697: no usable pages in manifest.,2026-07-17T18:13:17.734475
lacharente,bd6t55101270w,,failed,0,0,,no_usable_pages,known,,,bd6t55101270w: no usable pages in manifest.,2026-07-17T18:13:17.979089
lacharente,bd6t551012719,,failed,0,0,,no_usable_pages,known,,,bd6t551012719: no usable pages in manifest.,2026-07-17T18:13:18.112126
lacharente,bd6t55101272q,,failed,0,0,,no_usable_pages,known,,,bd6t55101272q: no usable pages in manifest.,2026-07-17T18:13:18.344343
lacharente,bd6t551012734,,failed,0,0,,no_usable_pages,known,,,bd6t551012734: no usable pages in manifest.,2026-07-17T18:13:18.518299
lacharente,bd6t55101274j,,failed,0,0,,no_usable_pages,known,,,bd6t55101274j: no usable pages in manifest.,2026-07-17T18:13:18.738624
lacharente,bd6t55101275z,,failed,0,0,,no_usable_pages,known,,,bd6t55101275z: no usable pages in manifest.,2026-07-17T18:13:18.993640
lacharente,bd6t55101276c,,failed,0,0,,no_usable_pages,known,,,bd6t55101276c: no usable pages in manifest.,2026-07-17T18:13:19.208465
lacharente,bd6t55101277s,,failed,0,0,,no_usable_pages,known,,,bd6t55101277s: no usable pages in manifest.,2026-07-17T18:13:19.409600
lacharente,bd6t551012786,,failed,0,0,,no_usable_pages,known,,,bd6t551012786: no usable pages in manifest.,2026-07-17T18:13:19.597647
lacharente,bd6t55101279m,,failed,0,0,,no_usable_pages,known,,,bd6t55101279m: no usable pages in manifest.,2026-07-17T18:13:19.870450
lacharente,bd6t551012808,,failed,0,0,,no_usable_pages,known,,,bd6t551012808: no usable pages in manifest.,2026-07-17T18:13:20.085590
lacharente,bd6t55101281p,,failed,0,0,,no_usable_pages,known,,,bd6t55101281p: no usable pages in manifest.,2026-07-17T18:13:20.244134
lacharente,bd6t551012823,,failed,0,0,,no_usable_pages,known,,,bd6t551012823: no usable pages in manifest.,2026-07-17T18:13:20.423991
lacharente,bd6t55101283h,,failed,0,0,,no_usable_pages,known,,,bd6t55101283h: no usable pages in manifest.,2026-07-17T18:13:20.628160
lacharente,bd6t55101284x,,failed,0,0,,no_usable_pages,known,,,bd6t55101284x: no usable pages in manifest.,2026-07-17T18:13:20.827655
lacharente,bd6t55101285b,,failed,0,0,,no_usable_pages,known,,,bd6t55101285b: no usable pages in manifest.,2026-07-17T18:13:21.058635
lacharente,bd6t55101286r,,failed,0,0,,no_usable_pages,known,,,bd6t55101286r: no usable pages in manifest.,2026-07-17T18:13:21.251046
lacharente,bd6t551012875,,failed,0,0,,no_usable_pages,known,,,bd6t551012875: no usable pages in manifest.,2026-07-17T18:13:21.397491
lacharente,bd6t55101288k,,failed,0,0,,no_usable_pages,known,,,bd6t55101288k: no usable pages in manifest.,2026-07-17T18:13:21.710404
lacharente,bd6t55101597k,,failed,0,0,,no_usable_pages,known,,,bd6t55101597k: no usable pages in manifest.,2026-07-17T18:13:21.905638
lacharente,bd6t551012890,,failed,0,0,,no_usable_pages,known,,,bd6t551012890: no usable pages in manifest.,2026-07-17T18:13:22.021257
lacharente,bd6t55101290n,,failed,0,0,,no_usable_pages,known,,,bd6t55101290n: no usable pages in manifest.,2026-07-17T18:13:22.166041
lacharente,bd6t551012912,,failed,0,0,,no_usable_pages,known,,,bd6t551012912: no usable pages in manifest.,2026-07-17T18:13:22.359179
lacharente,bd6t55101292g,,failed,0,0,,no_usable_pages,known,,,bd6t55101292g: no usable pages in manifest.,2026-07-17T18:13:22.543115
lacharente,bd6t55101293w,,failed,0,0,,no_usable_pages,known,,,bd6t55101293w: no usable pages in manifest.,2026-07-17T18:13:22.754510
lacharente,bd6t551012949,,failed,0,0,,no_usable_pages,known,,,bd6t551012949: no usable pages in manifest.,2026-07-17T18:13:22.993113
lacharente,bpt6k4665074r,,failed,0,0,,no_usable_pages,known,,,bpt6k4665074r: no usable pages in manifest.,2026-07-17T18:13:23.152470
lacharente,bd6t55101295q,,failed,0,0,,no_usable_pages,known,,,bd6t55101295q: no usable pages in manifest.,2026-07-17T18:13:23.263309
lacharente,bpt6k46650755,,failed,0,0,,no_usable_pages,known,,,bpt6k46650755: no usable pages in manifest.,2026-07-17T18:13:23.386711
lacharente,bd6t551012964,,failed,0,0,,no_usable_pages,known,,,bd6t551012964: no usable pages in manifest.,2026-07-17T18:13:23.505671
lacharente,bd6t55101297j,,failed,0,0,,no_usable_pages,known,,,bd6t55101297j: no usable pages in manifest.,2026-07-17T18:13:23.618886
lacharente,bpt6k46650770,,failed,0,0,,no_usable_pages,known,,,bpt6k46650770: no usable pages in manifest.,2026-07-17T18:13:23.779657
lacharente,bd6t55101298z,,failed,0,0,,no_usable_pages,known,,,bd6t55101298z: no usable pages in manifest.,2026-07-17T18:13:23.925968
lacharente,bd6t55101299c,,failed,0,0,,no_usable_pages,known,,,bd6t55101299c: no usable pages in manifest.,2026-07-17T18:13:24.061928
lacharente,bd6t55101300k,,failed,0,0,,no_usable_pages,known,,,bd6t55101300k: no usable pages in manifest.,2026-07-17T18:13:24.233840
lacharente,bd6t551013010,,failed,0,0,,no_usable_pages,known,,,bd6t551013010: no usable pages in manifest.,2026-07-17T18:13:24.401340
lacharente,bd6t55101302d,,failed,0,0,,no_usable_pages,known,,,bd6t55101302d: no usable pages in manifest.,2026-07-17T18:13:24.556442
lacharente,bd6t55101303t,,failed,0,0,,no_usable_pages,known,,,bd6t55101303t: no usable pages in manifest.,2026-07-17T18:13:24.694201
lacharente,bd6t551013047,,failed,0,0,,no_usable_pages,known,,,bd6t551013047: no usable pages in manifest.,2026-07-17T18:13:24.852245
lacharente,bd6t55101305n,,failed,0,0,,no_usable_pages,known,,,bd6t55101305n: no usable pages in manifest.,2026-07-17T18:13:24.992022
lacharente,bd6t551013062,,failed,0,0,,no_usable_pages,known,,,bd6t551013062: no usable pages in manifest.,2026-07-17T18:13:25.178037
lacharente,bd6t55101307g,,failed,0,0,,no_usable_pages,known,,,bd6t55101307g: no usable pages in manifest.,2026-07-17T18:13:25.319226
lacharente,bd6t55101308w,,failed,0,0,,no_usable_pages,known,,,bd6t55101308w: no usable pages in manifest.,2026-07-17T18:13:25.503862
lacharente,bd6t551013099,,failed,0,0,,no_usable_pages,known,,,bd6t551013099: no usable pages in manifest.,2026-07-17T18:13:25.693886
lacharente,bd6t55101310z,,failed,0,0,,no_usable_pages,known,,,bd6t55101310z: no usable pages in manifest.,2026-07-17T18:13:25.866734
lacharente,bd6t55101311c,,failed,0,0,,no_usable_pages,known,,,bd6t55101311c: no usable pages in manifest.,2026-07-17T18:13:26.009341
lacharente,bd6t55101312s,,failed,0,0,,no_usable_pages,known,,,bd6t55101312s: no usable pages in manifest.,2026-07-17T18:13:26.192910
lacharente,bd6t551013136,,failed,0,0,,no_usable_pages,known,,,bd6t551013136: no usable pages in manifest.,2026-07-17T18:13:26.359580
lacharente,bd6t55101314m,,failed,0,0,,no_usable_pages,known,,,bd6t55101314m: no usable pages in manifest.,2026-07-17T18:13:26.557168
lacharente,bd6t551013151,,failed,0,0,,no_usable_pages,known,,,bd6t551013151: no usable pages in manifest.,2026-07-17T18:13:26.682440
lacharente,bd6t55101316f,,failed,0,0,,no_usable_pages,known,,,bd6t55101316f: no usable pages in manifest.,2026-07-17T18:13:26.847084
lacharente,bd6t55101317v,,failed,0,0,,no_usable_pages,known,,,bd6t55101317v: no usable pages in manifest.,2026-07-17T18:13:27.022444
lacharente,bd6t551013188,,failed,0,0,,no_usable_pages,known,,,bd6t551013188: no usable pages in manifest.,2026-07-17T18:13:27.261270
lacharente,bd6t55101319p,,failed,0,0,,no_usable_pages,known,,,bd6t55101319p: no usable pages in manifest.,2026-07-17T18:13:27.432711
lacharente,bd6t55101320b,,failed,0,0,,no_usable_pages,known,,,bd6t55101320b: no usable pages in manifest.,2026-07-17T18:13:27.590234
lacharente,bd6t55101321r,,failed,0,0,,no_usable_pages,known,,,bd6t55101321r: no usable pages in manifest.,2026-07-17T18:13:27.727968
lacharente,bd6t551013225,,failed,0,0,,no_usable_pages,known,,,bd6t551013225: no usable pages in manifest.,2026-07-17T18:13:27.865516
lacharente,bd6t55101323k,,failed,0,0,,no_usable_pages,known,,,bd6t55101323k: no usable pages in manifest.,2026-07-17T18:13:28.046298
lacharente,bd6t551013240,,failed,0,0,,no_usable_pages,known,,,bd6t551013240: no usable pages in manifest.,2026-07-17T18:13:28.237078
lacharente,bd6t55101325d,,failed,0,0,,no_usable_pages,known,,,bd6t55101325d: no usable pages in manifest.,2026-07-17T18:13:28.394813
lacharente,bd6t55101326t,,failed,0,0,,no_usable_pages,known,,,bd6t55101326t: no usable pages in manifest.,2026-07-17T18:13:28.517110
lacharente,bd6t551013277,,failed,0,0,,no_usable_pages,known,,,bd6t551013277: no usable pages in manifest.,2026-07-17T18:13:28.722674
lacharente,bd6t55101328n,,failed,0,0,,no_usable_pages,known,,,bd6t55101328n: no usable pages in manifest.,2026-07-17T18:13:28.876657
lacharente,bd6t551013292,,failed,0,0,,no_usable_pages,known,,,bd6t551013292: no usable pages in manifest.,2026-07-17T18:13:29.055150
lacharente,bd6t55101330q,,failed,0,0,,no_usable_pages,known,,,bd6t55101330q: no usable pages in manifest.,2026-07-17T18:13:29.245232
lacharente,bd6t551013314,,failed,0,0,,no_usable_pages,known,,,bd6t551013314: no usable pages in manifest.,2026-07-17T18:13:29.374702
lacharente,bd6t55101332j,,failed,0,0,,no_usable_pages,known,,,bd6t55101332j: no usable pages in manifest.,2026-07-17T18:13:29.483017
lacharente,bd6t55101333z,,failed,0,0,,no_usable_pages,known,,,bd6t55101333z: no usable pages in manifest.,2026-07-17T18:13:29.649258
lacharente,bd6t55101334c,,failed,0,0,,no_usable_pages,known,,,bd6t55101334c: no usable pages in manifest.,2026-07-17T18:13:29.852065
lacharente,bd6t55101335s,,failed,0,0,,no_usable_pages,known,,,bd6t55101335s: no usable pages in manifest.,2026-07-17T18:13:30.032381
lacharente,bd6t551013366,,failed,0,0,,no_usable_pages,known,,,bd6t551013366: no usable pages in manifest.,2026-07-17T18:13:30.297626
lacharente,bd6t55101337m,,failed,0,0,,no_usable_pages,known,,,bd6t55101337m: no usable pages in manifest.,2026-07-17T18:13:30.468936
lacharente,bd6t551013381,,failed,0,0,,no_usable_pages,known,,,bd6t551013381: no usable pages in manifest.,2026-07-17T18:13:30.615318
lacharente,bd6t55101339f,,failed,0,0,,no_usable_pages,known,,,bd6t55101339f: no usable pages in manifest.,2026-07-17T18:13:30.824056
lacharente,bd6t551013403,,failed,0,0,,no_usable_pages,known,,,bd6t551013403: no usable pages in manifest.,2026-07-17T18:13:30.979664
lacharente,bd6t55101341h,,failed,0,0,,no_usable_pages,known,,,bd6t55101341h: no usable pages in manifest.,2026-07-17T18:13:31.131926
lacharente,bd6t55101342x,,failed,0,0,,no_usable_pages,known,,,bd6t55101342x: no usable pages in manifest.,2026-07-17T18:13:31.297988
lacharente,bd6t55101343b,,failed,0,0,,no_usable_pages,known,,,bd6t55101343b: no usable pages in manifest.,2026-07-17T18:13:31.419321
lacharente,bd6t55101344r,,failed,0,0,,no_usable_pages,known,,,bd6t55101344r: no usable pages in manifest.,2026-07-17T18:13:31.620958
lacharente,bd6t551013455,,failed,0,0,,no_usable_pages,known,,,bd6t551013455: no usable pages in manifest.,2026-07-17T18:13:31.754827
lacharente,bd6t55101346k,,failed,0,0,,no_usable_pages,known,,,bd6t55101346k: no usable pages in manifest.,2026-07-17T18:13:31.947476
lacharente,bd6t551013470,,failed,0,0,,no_usable_pages,known,,,bd6t551013470: no usable pages in manifest.,2026-07-17T18:13:32.202864
lacharente,bd6t55101349t,,failed,0,0,,no_usable_pages,known,,,bd6t55101349t: no usable pages in manifest.,2026-07-17T18:13:32.472016
lacharente,bd6t55101350g,,failed,0,0,,no_usable_pages,known,,,bd6t55101350g: no usable pages in manifest.,2026-07-17T18:13:32.644370
lacharente,bd6t55101351w,,failed,0,0,,no_usable_pages,known,,,bd6t55101351w: no usable pages in manifest.,2026-07-17T18:13:32.786316
lacharente,bd6t551013529,,failed,0,0,,no_usable_pages,known,,,bd6t551013529: no usable pages in manifest.,2026-07-17T18:13:32.981509
lacharente,bd6t55101353q,,failed,0,0,,no_usable_pages,known,,,bd6t55101353q: no usable pages in manifest.,2026-07-17T18:13:33.225460
lacharente,bd6t551013544,,failed,0,0,,no_usable_pages,known,,,bd6t551013544: no usable pages in manifest.,2026-07-17T18:13:33.459091
lacharente,bd6t55101355j,,failed,0,0,,no_usable_pages,known,,,bd6t55101355j: no usable pages in manifest.,2026-07-17T18:13:33.757923
lacharente,bd6t55101356z,,failed,0,0,,no_usable_pages,known,,,bd6t55101356z: no usable pages in manifest.,2026-07-17T18:13:33.939570
lacharente,bd6t55101357c,,failed,0,0,,no_usable_pages,known,,,bd6t55101357c: no usable pages in manifest.,2026-07-17T18:13:34.172764
lacharente,bd6t55101358s,,failed,0,0,,no_usable_pages,known,,,bd6t55101358s: no usable pages in manifest.,2026-07-17T18:13:34.311461
lacharente,bd6t551013596,,failed,0,0,,no_usable_pages,known,,,bd6t551013596: no usable pages in manifest.,2026-07-17T18:13:34.467858
lacharente,bd6t55101360v,,failed,0,0,,no_usable_pages,known,,,bd6t55101360v: no usable pages in manifest.,2026-07-17T18:13:34.672547
lacharente,bd6t551013618,,failed,0,0,,no_usable_pages,known,,,bd6t551013618: no usable pages in manifest.,2026-07-17T18:13:34.854842
lacharente,bd6t55101362p,,failed,0,0,,no_usable_pages,known,,,bd6t55101362p: no usable pages in manifest.,2026-07-17T18:13:34.990210
lacharente,bd6t551013633,,failed,0,0,,no_usable_pages,known,,,bd6t551013633: no usable pages in manifest.,2026-07-17T18:13:35.191218
lacharente,bd6t55101364h,,failed,0,0,,no_usable_pages,known,,,bd6t55101364h: no usable pages in manifest.,2026-07-17T18:13:35.310367
lacharente,bd6t55101365x,,failed,0,0,,no_usable_pages,known,,,bd6t55101365x: no usable pages in manifest.,2026-07-17T18:13:35.509908
lacharente,bd6t55101366b,,failed,0,0,,no_usable_pages,known,,,bd6t55101366b: no usable pages in manifest.,2026-07-17T18:13:35.705744
lacharente,bd6t55101367r,,failed,0,0,,no_usable_pages,known,,,bd6t55101367r: no usable pages in manifest.,2026-07-17T18:13:35.958998
lacharente,bd6t551013685,,failed,0,0,,no_usable_pages,known,,,bd6t551013685: no usable pages in manifest.,2026-07-17T18:13:36.206969
lacharente,bd6t55101369k,,failed,0,0,,no_usable_pages,known,,,bd6t55101369k: no usable pages in manifest.,2026-07-17T18:13:36.425443
lacharente,bd6t551013707,,failed,0,0,,no_usable_pages,known,,,bd6t551013707: no usable pages in manifest.,2026-07-17T18:13:36.592907
lacharente,bd6t55101371n,,failed,0,0,,no_usable_pages,known,,,bd6t55101371n: no usable pages in manifest.,2026-07-17T18:13:36.792775
lacharente,bd6t551013722,,failed,0,0,,no_usable_pages,known,,,bd6t551013722: no usable pages in manifest.,2026-07-17T18:13:36.940466
lacharente,bd6t55101373g,,failed,0,0,,no_usable_pages,known,,,bd6t55101373g: no usable pages in manifest.,2026-07-17T18:13:37.126173
lacharente,bd6t55101374w,,failed,0,0,,no_usable_pages,known,,,bd6t55101374w: no usable pages in manifest.,2026-07-17T18:13:37.286814
lacharente,bd6t551013759,,failed,0,0,,no_usable_pages,known,,,bd6t551013759: no usable pages in manifest.,2026-07-17T18:13:37.497930
lacharente,bd6t55101376q,,failed,0,0,,no_usable_pages,known,,,bd6t55101376q: no usable pages in manifest.,2026-07-17T18:13:37.694673
lacharente,bd6t551013774,,failed,0,0,,no_usable_pages,known,,,bd6t551013774: no usable pages in manifest.,2026-07-17T18:13:37.914293
lacharente,bd6t55101378j,,failed,0,0,,no_usable_pages,known,,,bd6t55101378j: no usable pages in manifest.,2026-07-17T18:13:38.044328
lacharente,bd6t55101379z,,failed,0,0,,no_usable_pages,known,,,bd6t55101379z: no usable pages in manifest.,2026-07-17T18:13:38.251297
lacharente,bd6t55101380m,,failed,0,0,,no_usable_pages,known,,,bd6t55101380m: no usable pages in manifest.,2026-07-17T18:13:38.505857
lacharente,bd6t551013811,,failed,0,0,,no_usable_pages,known,,,bd6t551013811: no usable pages in manifest.,2026-07-17T18:13:38.677806
lacharente,bd6t55101382f,,failed,0,0,,no_usable_pages,known,,,bd6t55101382f: no usable pages in manifest.,2026-07-17T18:13:38.873562
lacharente,bd6t55101385p,,failed,0,0,,no_usable_pages,known,,,bd6t55101385p: no usable pages in manifest.,2026-07-17T18:13:39.048221
lacharente,bd6t55101383v,,failed,0,0,,no_usable_pages,known,,,bd6t55101383v: no usable pages in manifest.,2026-07-17T18:13:39.261040
lacharente,bd6t551013848,,failed,0,0,,no_usable_pages,known,,,bd6t551013848: no usable pages in manifest.,2026-07-17T18:13:39.435667
lacharente,bd6t551013863,,failed,0,0,,no_usable_pages,known,,,bd6t551013863: no usable pages in manifest.,2026-07-17T18:13:39.599722
lacharente,bd6t55101387h,,failed,0,0,,no_usable_pages,known,,,bd6t55101387h: no usable pages in manifest.,2026-07-17T18:13:39.813299
lacharente,bd6t55101388x,,failed,0,0,,no_usable_pages,known,,,bd6t55101388x: no usable pages in manifest.,2026-07-17T18:13:40.051901
lacharente,bd6t55101389b,,failed,0,0,,no_usable_pages,known,,,bd6t55101389b: no usable pages in manifest.,2026-07-17T18:13:40.246277
lacharente,bd6t551013900,,failed,0,0,,no_usable_pages,known,,,bd6t551013900: no usable pages in manifest.,2026-07-17T18:13:40.430312
lacharente,bd6t55101391d,,failed,0,0,,no_usable_pages,known,,,bd6t55101391d: no usable pages in manifest.,2026-07-17T18:13:40.630183
lacharente,bd6t55101392t,,failed,0,0,,no_usable_pages,known,,,bd6t55101392t: no usable pages in manifest.,2026-07-17T18:13:40.831915
lacharente,bd6t551013937,,failed,0,0,,no_usable_pages,known,,,bd6t551013937: no usable pages in manifest.,2026-07-17T18:13:41.013779
lacharente,bd6t55101394n,,failed,0,0,,no_usable_pages,known,,,bd6t55101394n: no usable pages in manifest.,2026-07-17T18:13:41.138158
lacharente,bd6t551013952,,failed,0,0,,no_usable_pages,known,,,bd6t551013952: no usable pages in manifest.,2026-07-17T18:13:41.291558
lacharente,bd6t55101396g,,failed,0,0,,no_usable_pages,known,,,bd6t55101396g: no usable pages in manifest.,2026-07-17T18:13:41.485647
lacharente,bd6t55101397w,,failed,0,0,,no_usable_pages,known,,,bd6t55101397w: no usable pages in manifest.,2026-07-17T18:13:41.727542
lacharente,bd6t551013989,,failed,0,0,,no_usable_pages,known,,,bd6t551013989: no usable pages in manifest.,2026-07-17T18:13:41.940671
lacharente,bd6t55101399q,,failed,0,0,,no_usable_pages,known,,,bd6t55101399q: no usable pages in manifest.,2026-07-17T18:13:42.229027
lacharente,bd6t55101400x,,failed,0,0,,no_usable_pages,known,,,bd6t55101400x: no usable pages in manifest.,2026-07-17T18:13:42.399776
lacharente,bd6t55101401b,,failed,0,0,,no_usable_pages,known,,,bd6t55101401b: no usable pages in manifest.,2026-07-17T18:13:42.606570
lacharente,bd6t55101402r,,failed,0,0,,no_usable_pages,known,,,bd6t55101402r: no usable pages in manifest.,2026-07-17T18:13:42.742927
lacharente,bd6t551014035,,failed,0,0,,no_usable_pages,known,,,bd6t551014035: no usable pages in manifest.,2026-07-17T18:13:42.909996
lacharente,bd6t55101404k,,failed,0,0,,no_usable_pages,known,,,bd6t55101404k: no usable pages in manifest.,2026-07-17T18:13:43.061336
lacharente,bd6t551014050,,failed,0,0,,no_usable_pages,known,,,bd6t551014050: no usable pages in manifest.,2026-07-17T18:13:43.229709
lacharente,bd6t55101406d,,failed,0,0,,no_usable_pages,known,,,bd6t55101406d: no usable pages in manifest.,2026-07-17T18:13:43.422687
lacharente,bd6t55101407t,,failed,0,0,,no_usable_pages,known,,,bd6t55101407t: no usable pages in manifest.,2026-07-17T18:13:43.660780
lacharente,bd6t551014087,,failed,0,0,,no_usable_pages,known,,,bd6t551014087: no usable pages in manifest.,2026-07-17T18:13:43.961529
lacharente,bd6t55101409n,,failed,0,0,,no_usable_pages,known,,,bd6t55101409n: no usable pages in manifest.,2026-07-17T18:13:44.163541
lacharente,bd6t551014109,,failed,0,0,,no_usable_pages,known,,,bd6t551014109: no usable pages in manifest.,2026-07-17T18:13:44.352026
lacharente,bd6t55101411q,,failed,0,0,,no_usable_pages,known,,,bd6t55101411q: no usable pages in manifest.,2026-07-17T18:13:44.481053
lacharente,bd6t551014124,,failed,0,0,,no_usable_pages,known,,,bd6t551014124: no usable pages in manifest.,2026-07-17T18:13:44.695168
lacharente,bd6t55101413j,,failed,0,0,,no_usable_pages,known,,,bd6t55101413j: no usable pages in manifest.,2026-07-17T18:13:44.846550
lacharente,bd6t55101414z,,failed,0,0,,no_usable_pages,known,,,bd6t55101414z: no usable pages in manifest.,2026-07-17T18:13:45.105004
lacharente,bd6t55101415c,,failed,0,0,,no_usable_pages,known,,,bd6t55101415c: no usable pages in manifest.,2026-07-17T18:13:45.335578
lacharente,bd6t55101416s,,failed,0,0,,no_usable_pages,known,,,bd6t55101416s: no usable pages in manifest.,2026-07-17T18:13:45.532421
lacharente,bd6t551014176,,failed,0,0,,no_usable_pages,known,,,bd6t551014176: no usable pages in manifest.,2026-07-17T18:13:45.751954
lacharente,bd6t55101418m,,failed,0,0,,no_usable_pages,known,,,bd6t55101418m: no usable pages in manifest.,2026-07-17T18:13:45.921878
lacharente,bd6t551014191,,failed,0,0,,no_usable_pages,known,,,bd6t551014191: no usable pages in manifest.,2026-07-17T18:13:46.122306
lacharente,bd6t55101420p,,failed,0,0,,no_usable_pages,known,,,bd6t55101420p: no usable pages in manifest.,2026-07-17T18:13:46.270592
lacharente,bd6t551014213,,failed,0,0,,no_usable_pages,known,,,bd6t551014213: no usable pages in manifest.,2026-07-17T18:13:46.470988
lacharente,bd6t55101422h,,failed,0,0,,no_usable_pages,known,,,bd6t55101422h: no usable pages in manifest.,2026-07-17T18:13:46.637142
lacharente,bd6t55101423x,,failed,0,0,,no_usable_pages,known,,,bd6t55101423x: no usable pages in manifest.,2026-07-17T18:13:46.823426
lacharente,bd6t55101424b,,failed,0,0,,no_usable_pages,known,,,bd6t55101424b: no usable pages in manifest.,2026-07-17T18:13:47.037041
lacharente,bd6t55101425r,,failed,0,0,,no_usable_pages,known,,,bd6t55101425r: no usable pages in manifest.,2026-07-17T18:13:47.260603
lacharente,bd6t551014265,,failed,0,0,,no_usable_pages,known,,,bd6t551014265: no usable pages in manifest.,2026-07-17T18:13:47.454340
lacharente,bd6t55101427k,,failed,0,0,,no_usable_pages,known,,,bd6t55101427k: no usable pages in manifest.,2026-07-17T18:13:47.615041
lacharente,bd6t551014280,,failed,0,0,,no_usable_pages,known,,,bd6t551014280: no usable pages in manifest.,2026-07-17T18:13:47.768555
lacharente,bd6t55101429d,,failed,0,0,,no_usable_pages,known,,,bd6t55101429d: no usable pages in manifest.,2026-07-17T18:13:47.945754
lacharente,bd6t551014302,,failed,0,0,,no_usable_pages,known,,,bd6t551014302: no usable pages in manifest.,2026-07-17T18:13:48.093335
lacharente,bd6t55101431g,,failed,0,0,,no_usable_pages,known,,,bd6t55101431g: no usable pages in manifest.,2026-07-17T18:13:48.293181
lacharente,bd6t55101432w,,failed,0,0,,no_usable_pages,known,,,bd6t55101432w: no usable pages in manifest.,2026-07-17T18:13:48.531854
lacharente,bd6t551014339,,failed,0,0,,no_usable_pages,known,,,bd6t551014339: no usable pages in manifest.,2026-07-17T18:13:48.755152
lacharente,bd6t55101434q,,failed,0,0,,no_usable_pages,known,,,bd6t55101434q: no usable pages in manifest.,2026-07-17T18:13:48.937018
lacharente,bd6t551014354,,failed,0,0,,no_usable_pages,known,,,bd6t551014354: no usable pages in manifest.,2026-07-17T18:13:49.084588
lacharente,bd6t55101436j,,failed,0,0,,no_usable_pages,known,,,bd6t55101436j: no usable pages in manifest.,2026-07-17T18:13:49.336690
lacharente,bd6t55101437z,,failed,0,0,,no_usable_pages,known,,,bd6t55101437z: no usable pages in manifest.,2026-07-17T18:13:49.610164
lacharente,bd6t55101438c,,failed,0,0,,no_usable_pages,known,,,bd6t55101438c: no usable pages in manifest.,2026-07-17T18:13:49.784860
lacharente,bd6t55101439s,,failed,0,0,,no_usable_pages,known,,,bd6t55101439s: no usable pages in manifest.,2026-07-17T18:13:50.004825
lacharente,bd6t55101440f,,failed,0,0,,no_usable_pages,known,,,bd6t55101440f: no usable pages in manifest.,2026-07-17T18:13:50.178473
lacharente,bd6t55101441v,,failed,0,0,,no_usable_pages,known,,,bd6t55101441v: no usable pages in manifest.,2026-07-17T18:13:50.457380
lacharente,bd6t551014428,,failed,0,0,,no_usable_pages,known,,,bd6t551014428: no usable pages in manifest.,2026-07-17T18:13:50.722251
lacharente,bd6t55101443p,,failed,0,0,,no_usable_pages,known,,,bd6t55101443p: no usable pages in manifest.,2026-07-17T18:13:50.899351
lacharente,bd6t551014443,,failed,0,0,,no_usable_pages,known,,,bd6t551014443: no usable pages in manifest.,2026-07-17T18:13:51.159534
lacharente,bd6t55101445h,,failed,0,0,,no_usable_pages,known,,,bd6t55101445h: no usable pages in manifest.,2026-07-17T18:13:51.313352
lacharente,bd6t55101446x,,failed,0,0,,no_usable_pages,known,,,bd6t55101446x: no usable pages in manifest.,2026-07-17T18:13:51.534446
lacharente,bd6t55101447b,,failed,0,0,,no_usable_pages,known,,,bd6t55101447b: no usable pages in manifest.,2026-07-17T18:13:51.719714
lacharente,bd6t55101448r,,failed,0,0,,no_usable_pages,known,,,bd6t55101448r: no usable pages in manifest.,2026-07-17T18:13:51.988175
lacharente,bd6t551014495,,failed,0,0,,no_usable_pages,known,,,bd6t551014495: no usable pages in manifest.,2026-07-17T18:13:52.181051
lacharente,bd6t55101450t,,failed,0,0,,no_usable_pages,known,,,bd6t55101450t: no usable pages in manifest.,2026-07-17T18:13:52.442358
lacharente,bd6t551014517,,failed,0,0,,no_usable_pages,known,,,bd6t551014517: no usable pages in manifest.,2026-07-17T18:13:52.680457
lacharente,bd6t55101452n,,failed,0,0,,no_usable_pages,known,,,bd6t55101452n: no usable pages in manifest.,2026-07-17T18:13:52.919671
lacharente,bd6t551014532,,failed,0,0,,no_usable_pages,known,,,bd6t551014532: no usable pages in manifest.,2026-07-17T18:13:53.146612
lacharente,bd6t55101454g,,failed,0,0,,no_usable_pages,known,,,bd6t55101454g: no usable pages in manifest.,2026-07-17T18:13:53.415728
lacharente,bd6t55101455w,,failed,0,0,,no_usable_pages,known,,,bd6t55101455w: no usable pages in manifest.,2026-07-17T18:13:53.563204
lacharente,bd6t551014569,,failed,0,0,,no_usable_pages,known,,,bd6t551014569: no usable pages in manifest.,2026-07-17T18:13:53.782725
lacharente,bd6t55101457q,,failed,0,0,,no_usable_pages,known,,,bd6t55101457q: no usable pages in manifest.,2026-07-17T18:13:53.942957
lacharente,bd6t551014584,,failed,0,0,,no_usable_pages,known,,,bd6t551014584: no usable pages in manifest.,2026-07-17T18:13:54.155520
lacharente,bd6t55101459j,,failed,0,0,,no_usable_pages,known,,,bd6t55101459j: no usable pages in manifest.,2026-07-17T18:13:54.379954
lacharente,bd6t551014606,,failed,0,0,,no_usable_pages,known,,,bd6t551014606: no usable pages in manifest.,2026-07-17T18:13:54.533435
lacharente,bd6t55101461m,,failed,0,0,,no_usable_pages,known,,,bd6t55101461m: no usable pages in manifest.,2026-07-17T18:13:54.723277
lacharente,bd6t551014621,,failed,0,0,,no_usable_pages,known,,,bd6t551014621: no usable pages in manifest.,2026-07-17T18:13:54.880021
lacharente,bd6t55101463f,,failed,0,0,,no_usable_pages,known,,,bd6t55101463f: no usable pages in manifest.,2026-07-17T18:13:55.037109
lacharente,bd6t55101464v,,failed,0,0,,no_usable_pages,known,,,bd6t55101464v: no usable pages in manifest.,2026-07-17T18:13:55.253077
lacharente,bd6t551014658,,failed,0,0,,no_usable_pages,known,,,bd6t551014658: no usable pages in manifest.,2026-07-17T18:13:55.427869
lacharente,bd6t55101466p,,failed,0,0,,no_usable_pages,known,,,bd6t55101466p: no usable pages in manifest.,2026-07-17T18:13:55.631893
lacharente,bd6t551014673,,failed,0,0,,no_usable_pages,known,,,bd6t551014673: no usable pages in manifest.,2026-07-17T18:13:55.813003
lacharente,bd6t55101468h,,failed,0,0,,no_usable_pages,known,,,bd6t55101468h: no usable pages in manifest.,2026-07-17T18:13:56.020267
lacharente,bd6t55101469x,,failed,0,0,,no_usable_pages,known,,,bd6t55101469x: no usable pages in manifest.,2026-07-17T18:13:56.258891
lacharente,bd6t55101470k,,failed,0,0,,no_usable_pages,known,,,bd6t55101470k: no usable pages in manifest.,2026-07-17T18:13:56.625410
lacharente,bd6t551014710,,failed,0,0,,no_usable_pages,known,,,bd6t551014710: no usable pages in manifest.,2026-07-17T18:13:56.943919
lacharente,bd6t55101472d,,failed,0,0,,no_usable_pages,known,,,bd6t55101472d: no usable pages in manifest.,2026-07-17T18:13:57.108348
lacharente,bd6t55101473t,,failed,0,0,,no_usable_pages,known,,,bd6t55101473t: no usable pages in manifest.,2026-07-17T18:13:57.325762
lacharente,bd6t551014747,,failed,0,0,,no_usable_pages,known,,,bd6t551014747: no usable pages in manifest.,2026-07-17T18:13:57.521945
lacharente,bd6t55101475n,,failed,0,0,,no_usable_pages,known,,,bd6t55101475n: no usable pages in manifest.,2026-07-17T18:13:57.735623
lacharente,bd6t551014762,,failed,0,0,,no_usable_pages,known,,,bd6t551014762: no usable pages in manifest.,2026-07-17T18:13:57.917706
lacharente,bd6t55101477g,,failed,0,0,,no_usable_pages,known,,,bd6t55101477g: no usable pages in manifest.,2026-07-17T18:13:58.185754
lacharente,bd6t55101478w,,failed,0,0,,no_usable_pages,known,,,bd6t55101478w: no usable pages in manifest.,2026-07-17T18:13:58.359772
lacharente,bd6t551014799,,failed,0,0,,no_usable_pages,known,,,bd6t551014799: no usable pages in manifest.,2026-07-17T18:13:58.585145
lacharente,bd6t55101480z,,failed,0,0,,no_usable_pages,known,,,bd6t55101480z: no usable pages in manifest.,2026-07-17T18:13:58.927733
lacharente,bd6t55101481c,,failed,0,0,,no_usable_pages,known,,,bd6t55101481c: no usable pages in manifest.,2026-07-17T18:13:59.136657
lacharente,bd6t55101482s,,failed,0,0,,no_usable_pages,known,,,bd6t55101482s: no usable pages in manifest.,2026-07-17T18:13:59.303394
lacharente,bd6t551014836,,failed,0,0,,no_usable_pages,known,,,bd6t551014836: no usable pages in manifest.,2026-07-17T18:13:59.508223
lacharente,bd6t55101484m,,failed,0,0,,no_usable_pages,known,,,bd6t55101484m: no usable pages in manifest.,2026-07-17T18:13:59.715683
lacharente,bd6t551014851,,failed,0,0,,no_usable_pages,known,,,bd6t551014851: no usable pages in manifest.,2026-07-17T18:13:59.997325
lacharente,bd6t55101486f,,failed,0,0,,no_usable_pages,known,,,bd6t55101486f: no usable pages in manifest.,2026-07-17T18:14:00.263269
lacharente,bd6t55101487v,,failed,0,0,,no_usable_pages,known,,,bd6t55101487v: no usable pages in manifest.,2026-07-17T18:14:00.441007
lacharente,bd6t551014888,,failed,0,0,,no_usable_pages,known,,,bd6t551014888: no usable pages in manifest.,2026-07-17T18:14:00.933847
lacharente,bd6t55101489p,,failed,0,0,,no_usable_pages,known,,,bd6t55101489p: no usable pages in manifest.,2026-07-17T18:14:01.226708
lacharente,bd6t55101490b,,failed,0,0,,no_usable_pages,known,,,bd6t55101490b: no usable pages in manifest.,2026-07-17T18:14:01.394100
lacharente,bd6t55101491r,,failed,0,0,,no_usable_pages,known,,,bd6t55101491r: no usable pages in manifest.,2026-07-17T18:14:01.556292
lacharente,bd6t551014925,,failed,0,0,,no_usable_pages,known,,,bd6t551014925: no usable pages in manifest.,2026-07-17T18:14:01.792595
lacharente,bd6t55101493k,,failed,0,0,,no_usable_pages,known,,,bd6t55101493k: no usable pages in manifest.,2026-07-17T18:14:02.017362
lacharente,bd6t551014940,,failed,0,0,,no_usable_pages,known,,,bd6t551014940: no usable pages in manifest.,2026-07-17T18:14:02.218481
lacharente,bd6t55101495d,,failed,0,0,,no_usable_pages,known,,,bd6t55101495d: no usable pages in manifest.,2026-07-17T18:14:02.470870
lacharente,bd6t55101496t,,failed,0,0,,no_usable_pages,known,,,bd6t55101496t: no usable pages in manifest.,2026-07-17T18:14:02.744123
lacharente,bd6t551014977,,failed,0,0,,no_usable_pages,known,,,bd6t551014977: no usable pages in manifest.,2026-07-17T18:14:03.081138
lacharente,bd6t55101498n,,failed,0,0,,no_usable_pages,known,,,bd6t55101498n: no usable pages in manifest.,2026-07-17T18:14:03.271119
lacharente,bd6t551014992,,failed,0,0,,no_usable_pages,known,,,bd6t551014992: no usable pages in manifest.,2026-07-17T18:14:03.472975
lacharente,bd6t551015008,,failed,0,0,,no_usable_pages,known,,,bd6t551015008: no usable pages in manifest.,2026-07-17T18:14:04.056981
lacharente,bd6t55101501p,,failed,0,0,,no_usable_pages,known,,,bd6t55101501p: no usable pages in manifest.,2026-07-17T18:14:04.331906
lacharente,bd6t551015023,,failed,0,0,,no_usable_pages,known,,,bd6t551015023: no usable pages in manifest.,2026-07-17T18:14:04.550601
lacharente,bd6t55101503h,,failed,0,0,,no_usable_pages,known,,,bd6t55101503h: no usable pages in manifest.,2026-07-17T18:14:04.756542
lacharente,bd6t55101504x,,failed,0,0,,no_usable_pages,known,,,bd6t55101504x: no usable pages in manifest.,2026-07-17T18:14:04.947940
lacharente,bd6t55101505b,,failed,0,0,,no_usable_pages,known,,,bd6t55101505b: no usable pages in manifest.,2026-07-17T18:14:05.111764
lacharente,bd6t55101506r,,failed,0,0,,no_usable_pages,known,,,bd6t55101506r: no usable pages in manifest.,2026-07-17T18:14:05.382150
lacharente,bd6t551015075,,failed,0,0,,no_usable_pages,known,,,bd6t551015075: no usable pages in manifest.,2026-07-17T18:14:05.595294
lacharente,bd6t55101508k,,failed,0,0,,no_usable_pages,known,,,bd6t55101508k: no usable pages in manifest.,2026-07-17T18:14:05.749711
lacharente,bd6t551015090,,failed,0,0,,no_usable_pages,known,,,bd6t551015090: no usable pages in manifest.,2026-07-17T18:14:05.891472
lacharente,bd6t55101510n,,failed,0,0,,no_usable_pages,known,,,bd6t55101510n: no usable pages in manifest.,2026-07-17T18:14:06.021820
lacharente,bd6t551015112,,failed,0,0,,no_usable_pages,known,,,bd6t551015112: no usable pages in manifest.,2026-07-17T18:14:06.236190
lacharente,bd6t55101512g,,failed,0,0,,no_usable_pages,known,,,bd6t55101512g: no usable pages in manifest.,2026-07-17T18:14:06.499288
lacharente,bd6t55101513w,,failed,0,0,,no_usable_pages,known,,,bd6t55101513w: no usable pages in manifest.,2026-07-17T18:14:06.726706
lacharente,bd6t551015149,,failed,0,0,,no_usable_pages,known,,,bd6t551015149: no usable pages in manifest.,2026-07-17T18:14:06.896629
lacharente,bd6t55101515q,,failed,0,0,,no_usable_pages,known,,,bd6t55101515q: no usable pages in manifest.,2026-07-17T18:14:07.038013
lacharente,bd6t551015164,,failed,0,0,,no_usable_pages,known,,,bd6t551015164: no usable pages in manifest.,2026-07-17T18:14:07.164637
lacharente,bd6t55101517j,,failed,0,0,,no_usable_pages,known,,,bd6t55101517j: no usable pages in manifest.,2026-07-17T18:14:07.311750
lacharente,bd6t55101518z,,failed,0,0,,no_usable_pages,known,,,bd6t55101518z: no usable pages in manifest.,2026-07-17T18:14:07.522441
lacharente,bd6t55101519c,,failed,0,0,,no_usable_pages,known,,,bd6t55101519c: no usable pages in manifest.,2026-07-17T18:14:07.716578
lacharente,bd6t551015201,,failed,0,0,,no_usable_pages,known,,,bd6t551015201: no usable pages in manifest.,2026-07-17T18:14:07.862503
lacharente,bd6t55101521f,,failed,0,0,,no_usable_pages,known,,,bd6t55101521f: no usable pages in manifest.,2026-07-17T18:14:08.022262
lacharente,bd6t55101522v,,failed,0,0,,no_usable_pages,known,,,bd6t55101522v: no usable pages in manifest.,2026-07-17T18:14:08.202613
lacharente,bd6t551015238,,failed,0,0,,no_usable_pages,known,,,bd6t551015238: no usable pages in manifest.,2026-07-17T18:14:08.361258
lacharente,bd6t55101524p,,failed,0,0,,no_usable_pages,known,,,bd6t55101524p: no usable pages in manifest.,2026-07-17T18:14:08.575566
lacharente,bd6t551015253,,failed,0,0,,no_usable_pages,known,,,bd6t551015253: no usable pages in manifest.,2026-07-17T18:14:08.757400
lacharente,bd6t55101526h,,failed,0,0,,no_usable_pages,known,,,bd6t55101526h: no usable pages in manifest.,2026-07-17T18:14:08.931896
lacharente,bd6t55101527x,,failed,0,0,,no_usable_pages,known,,,bd6t55101527x: no usable pages in manifest.,2026-07-17T18:14:09.074175
lacharente,bd6t55101528b,,failed,0,0,,no_usable_pages,known,,,bd6t55101528b: no usable pages in manifest.,2026-07-17T18:14:09.210067
lacharente,bd6t55101529r,,failed,0,0,,no_usable_pages,known,,,bd6t55101529r: no usable pages in manifest.,2026-07-17T18:14:09.381399
lacharente,bd6t55101530d,,failed,0,0,,no_usable_pages,known,,,bd6t55101530d: no usable pages in manifest.,2026-07-17T18:14:09.666302
lacharente,bd6t55101531t,,failed,0,0,,no_usable_pages,known,,,bd6t55101531t: no usable pages in manifest.,2026-07-17T18:14:09.850572
lacharente,bd6t551015327,,failed,0,0,,no_usable_pages,known,,,bd6t551015327: no usable pages in manifest.,2026-07-17T18:14:10.041363
lacharente,bd6t55101533n,,failed,0,0,,no_usable_pages,known,,,bd6t55101533n: no usable pages in manifest.,2026-07-17T18:14:10.176184
lacharente,bd6t551015342,,failed,0,0,,no_usable_pages,known,,,bd6t551015342: no usable pages in manifest.,2026-07-17T18:14:10.364214
lacharente,bd6t55101535g,,failed,0,0,,no_usable_pages,known,,,bd6t55101535g: no usable pages in manifest.,2026-07-17T18:14:10.515699
lacharente,bd6t55101536w,,failed,0,0,,no_usable_pages,known,,,bd6t55101536w: no usable pages in manifest.,2026-07-17T18:14:10.689461
lacharente,bd6t551015379,,failed,0,0,,no_usable_pages,known,,,bd6t551015379: no usable pages in manifest.,2026-07-17T18:14:10.873732
lacharente,bd6t55101538q,,failed,0,0,,no_usable_pages,known,,,bd6t55101538q: no usable pages in manifest.,2026-07-17T18:14:11.086579
lacharente,bd6t551015394,,failed,0,0,,no_usable_pages,known,,,bd6t551015394: no usable pages in manifest.,2026-07-17T18:14:11.242950
lacharente,bd6t55101540s,,failed,0,0,,no_usable_pages,known,,,bd6t55101540s: no usable pages in manifest.,2026-07-17T18:14:11.477621
lacharente,bd6t551015416,,failed,0,0,,no_usable_pages,known,,,bd6t551015416: no usable pages in manifest.,2026-07-17T18:14:11.705388
lacharente,bd6t55101542m,,failed,0,0,,no_usable_pages,known,,,bd6t55101542m: no usable pages in manifest.,2026-07-17T18:14:11.942723
lacharente,bd6t551015431,,failed,0,0,,no_usable_pages,known,,,bd6t551015431: no usable pages in manifest.,2026-07-17T18:14:12.091994
lacharente,bd6t55101544f,,failed,0,0,,no_usable_pages,known,,,bd6t55101544f: no usable pages in manifest.,2026-07-17T18:14:12.280443
lacharente,bd6t55101545v,,failed,0,0,,no_usable_pages,known,,,bd6t55101545v: no usable pages in manifest.,2026-07-17T18:14:12.430061
lacharente,bd6t551015468,,failed,0,0,,no_usable_pages,known,,,bd6t551015468: no usable pages in manifest.,2026-07-17T18:14:12.575548
lacharente,bd6t55101547p,,failed,0,0,,no_usable_pages,known,,,bd6t55101547p: no usable pages in manifest.,2026-07-17T18:14:12.737775
lacharente,bd6t551015483,,failed,0,0,,no_usable_pages,known,,,bd6t551015483: no usable pages in manifest.,2026-07-17T18:14:12.978702
lacharente,bd6t55101549h,,failed,0,0,,no_usable_pages,known,,,bd6t55101549h: no usable pages in manifest.,2026-07-17T18:14:13.139017
lacharente,bd6t551015505,,failed,0,0,,no_usable_pages,known,,,bd6t551015505: no usable pages in manifest.,2026-07-17T18:14:13.356389
lacharente,bd6t55101551k,,failed,0,0,,no_usable_pages,known,,,bd6t55101551k: no usable pages in manifest.,2026-07-17T18:14:13.510486
lacharente,bd6t551015520,,failed,0,0,,no_usable_pages,known,,,bd6t551015520: no usable pages in manifest.,2026-07-17T18:14:13.672089
lacharente,bd6t55101553d,,failed,0,0,,no_usable_pages,known,,,bd6t55101553d: no usable pages in manifest.,2026-07-17T18:14:13.839039
lacharente,bd6t55101554t,,failed,0,0,,no_usable_pages,known,,,bd6t55101554t: no usable pages in manifest.,2026-07-17T18:14:14.135178
lacharente,bd6t551015557,,failed,0,0,,no_usable_pages,known,,,bd6t551015557: no usable pages in manifest.,2026-07-17T18:14:14.306168
lacharente,bd6t55101556n,,failed,0,0,,no_usable_pages,known,,,bd6t55101556n: no usable pages in manifest.,2026-07-17T18:14:14.463994
lacharente,bd6t551015572,,failed,0,0,,no_usable_pages,known,,,bd6t551015572: no usable pages in manifest.,2026-07-17T18:14:14.736432
lacharente,bd6t55101558g,,failed,0,0,,no_usable_pages,known,,,bd6t55101558g: no usable pages in manifest.,2026-07-17T18:14:14.896008
lacharente,bd6t55101559w,,failed,0,0,,no_usable_pages,known,,,bd6t55101559w: no usable pages in manifest.,2026-07-17T18:14:15.193478
lacharente,bd6t55101560j,,failed,0,0,,no_usable_pages,known,,,bd6t55101560j: no usable pages in manifest.,2026-07-17T18:14:15.354254
lacharente,bd6t55101561z,,failed,0,0,,no_usable_pages,known,,,bd6t55101561z: no usable pages in manifest.,2026-07-17T18:14:15.525773
lacharente,bd6t55101562c,,failed,0,0,,no_usable_pages,known,,,bd6t55101562c: no usable pages in manifest.,2026-07-17T18:14:15.684185
lacharente,bd6t55101563s,,failed,0,0,,no_usable_pages,known,,,bd6t55101563s: no usable pages in manifest.,2026-07-17T18:14:15.815826
lacharente,bd6t551015646,,failed,0,0,,no_usable_pages,known,,,bd6t551015646: no usable pages in manifest.,2026-07-17T18:14:15.937650
lacharente,bd6t55101565m,,failed,0,0,,no_usable_pages,known,,,bd6t55101565m: no usable pages in manifest.,2026-07-17T18:14:16.171395
lacharente,bd6t551015661,,failed,0,0,,no_usable_pages,known,,,bd6t551015661: no usable pages in manifest.,2026-07-17T18:14:16.332473
lacharente,bd6t55101567f,,failed,0,0,,no_usable_pages,known,,,bd6t55101567f: no usable pages in manifest.,2026-07-17T18:14:16.626975
lacharente,bd6t55101568v,,failed,0,0,,no_usable_pages,known,,,bd6t55101568v: no usable pages in manifest.,2026-07-17T18:14:16.800092
lacharente,bd6t551015698,,failed,0,0,,no_usable_pages,known,,,bd6t551015698: no usable pages in manifest.,2026-07-17T18:14:17.008546
lacharente,bd6t55101570x,,failed,0,0,,no_usable_pages,known,,,bd6t55101570x: no usable pages in manifest.,2026-07-17T18:14:17.306049
lacharente,bd6t55101571b,,failed,0,0,,no_usable_pages,known,,,bd6t55101571b: no usable pages in manifest.,2026-07-17T18:14:17.518872
lacharente,bd6t55101572r,,failed,0,0,,no_usable_pages,known,,,bd6t55101572r: no usable pages in manifest.,2026-07-17T18:14:17.730241
lacharente,bd6t55101574k,,failed,0,0,,no_usable_pages,known,,,bd6t55101574k: no usable pages in manifest.,2026-07-17T18:14:17.844686
lacharente,bd6t551015750,,failed,0,0,,no_usable_pages,known,,,bd6t551015750: no usable pages in manifest.,2026-07-17T18:14:18.040151
lacharente,bd6t55101576d,,failed,0,0,,no_usable_pages,known,,,bd6t55101576d: no usable pages in manifest.,2026-07-17T18:14:18.146079
lacharente,bd6t55101577t,,failed,0,0,,no_usable_pages,known,,,bd6t55101577t: no usable pages in manifest.,2026-07-17T18:14:18.443105
lacharente,bd6t551015787,,failed,0,0,,no_usable_pages,known,,,bd6t551015787: no usable pages in manifest.,2026-07-17T18:14:18.652395
lacharente,bd6t551015809,,failed,0,0,,no_usable_pages,known,,,bd6t551015809: no usable pages in manifest.,2026-07-17T18:14:18.848528
lacharente,bd6t55101581q,,failed,0,0,,no_usable_pages,known,,,bd6t55101581q: no usable pages in manifest.,2026-07-17T18:14:19.018294
lacharente,bd6t551015824,,failed,0,0,,no_usable_pages,known,,,bd6t551015824: no usable pages in manifest.,2026-07-17T18:14:19.203436
lacharente,bd6t55101583j,,failed,0,0,,no_usable_pages,known,,,bd6t55101583j: no usable pages in manifest.,2026-07-17T18:14:19.506956
lacharente,bpt6k47118603,,failed,0,0,,no_usable_pages,known,,,bpt6k47118603: no usable pages in manifest.,2026-07-17T18:14:19.689820
lacharente,bd6t55101584z,,failed,0,0,,no_usable_pages,known,,,bd6t55101584z: no usable pages in manifest.,2026-07-17T18:14:19.839532
lacharente,bpt6k4711861h,,failed,0,0,,no_usable_pages,known,,,bpt6k4711861h: no usable pages in manifest.,2026-07-17T18:14:20.037067
lacharente,bpt6k46648991,,failed,0,0,,no_usable_pages,known,,,bpt6k46648991: no usable pages in manifest.,2026-07-17T18:14:20.191267
lacharente,bpt6k4711862x,,failed,0,0,,no_usable_pages,known,,,bpt6k4711862x: no usable pages in manifest.,2026-07-17T18:14:20.363491
lacharente,bd6t55101585c,,failed,0,0,,no_usable_pages,known,,,bd6t55101585c: no usable pages in manifest.,2026-07-17T18:14:20.621590
lacharente,bd6t55101586s,,failed,0,0,,no_usable_pages,known,,,bd6t55101586s: no usable pages in manifest.,2026-07-17T18:14:20.766165
lacharente,bpt6k4711864r,,failed,0,0,,no_usable_pages,known,,,bpt6k4711864r: no usable pages in manifest.,2026-07-17T18:14:20.906840
lacharente,bd6t551015876,,failed,0,0,,no_usable_pages,known,,,bd6t551015876: no usable pages in manifest.,2026-07-17T18:14:21.085639
lacharente,bd6t55101588m,,failed,0,0,,no_usable_pages,known,,,bd6t55101588m: no usable pages in manifest.,2026-07-17T18:14:21.283283
lacharente,bd6t551015891,,failed,0,0,,no_usable_pages,known,,,bd6t551015891: no usable pages in manifest.,2026-07-17T18:14:21.493976
lacharente,bd6t55101590p,,failed,0,0,,no_usable_pages,known,,,bd6t55101590p: no usable pages in manifest.,2026-07-17T18:14:21.750641
lacharente,bd6t551015913,,failed,0,0,,no_usable_pages,known,,,bd6t551015913: no usable pages in manifest.,2026-07-17T18:14:21.924355
lacharente,bd6t55101592h,,failed,0,0,,no_usable_pages,known,,,bd6t55101592h: no usable pages in manifest.,2026-07-17T18:14:22.077459
lacharente,bd6t55101593x,,failed,0,0,,no_usable_pages,known,,,bd6t55101593x: no usable pages in manifest.,2026-07-17T18:14:22.212300
lacharente,bd6t55101594b,,failed,0,0,,no_usable_pages,known,,,bd6t55101594b: no usable pages in manifest.,2026-07-17T18:14:22.389225
lacharente,bd6t55101595r,,failed,0,0,,no_usable_pages,known,,,bd6t55101595r: no usable pages in manifest.,2026-07-17T18:14:22.765608
lacharente,bd6t551015965,,failed,0,0,,no_usable_pages,known,,,bd6t551015965: no usable pages in manifest.,2026-07-17T18:14:22.995627
lacharente,bd6t551015980,,failed,0,0,,no_usable_pages,known,,,bd6t551015980: no usable pages in manifest.,2026-07-17T18:14:23.123067
lacharente,bd6t55101599d,,failed,0,0,,no_usable_pages,known,,,bd6t55101599d: no usable pages in manifest.,2026-07-17T18:14:23.308775
lacharente,bd6t55101600m,,failed,0,0,,no_usable_pages,known,,,bd6t55101600m: no usable pages in manifest.,2026-07-17T18:14:23.476412
lacharente,bd6t55101602f,,failed,0,0,,no_usable_pages,known,,,bd6t55101602f: no usable pages in manifest.,2026-07-17T18:14:23.794386
lacharente,bd6t55101603v,,failed,0,0,,no_usable_pages,known,,,bd6t55101603v: no usable pages in manifest.,2026-07-17T18:14:23.969361
lacharente,bd6t551016048,,failed,0,0,,no_usable_pages,known,,,bd6t551016048: no usable pages in manifest.,2026-07-17T18:14:24.095756
lacharente,bd6t55101605p,,failed,0,0,,no_usable_pages,known,,,bd6t55101605p: no usable pages in manifest.,2026-07-17T18:14:24.337297
lacharente,bd6t551016063,,failed,0,0,,no_usable_pages,known,,,bd6t551016063: no usable pages in manifest.,2026-07-17T18:14:24.532672
lacharente,bd6t55101607h,,failed,0,0,,no_usable_pages,known,,,bd6t55101607h: no usable pages in manifest.,2026-07-17T18:14:24.746219
lacharente,bd6t55101608x,,failed,0,0,,no_usable_pages,known,,,bd6t55101608x: no usable pages in manifest.,2026-07-17T18:14:25.058003
lacharente,bd6t55101609b,,failed,0,0,,no_usable_pages,known,,,bd6t55101609b: no usable pages in manifest.,2026-07-17T18:14:25.328516
lacharente,bd6t551016100,,failed,0,0,,no_usable_pages,known,,,bd6t551016100: no usable pages in manifest.,2026-07-17T18:14:25.500583
lacharente,bd6t55101611d,,failed,0,0,,no_usable_pages,known,,,bd6t55101611d: no usable pages in manifest.,2026-07-17T18:14:25.767839
lacharente,bd6t55101612t,,failed,0,0,,no_usable_pages,known,,,bd6t55101612t: no usable pages in manifest.,2026-07-17T18:14:26.075447
lacharente,bd6t551016137,,failed,0,0,,no_usable_pages,known,,,bd6t551016137: no usable pages in manifest.,2026-07-17T18:14:26.266588
lacharente,bd6t55101614n,,failed,0,0,,no_usable_pages,known,,,bd6t55101614n: no usable pages in manifest.,2026-07-17T18:14:26.456024
lacharente,bd6t551016152,,failed,0,0,,no_usable_pages,known,,,bd6t551016152: no usable pages in manifest.,2026-07-17T18:14:26.676219
lacharente,bd6t55101616g,,failed,0,0,,no_usable_pages,known,,,bd6t55101616g: no usable pages in manifest.,2026-07-17T18:14:26.815195
lacharente,bd6t55101617w,,failed,0,0,,no_usable_pages,known,,,bd6t55101617w: no usable pages in manifest.,2026-07-17T18:14:27.149948
lacharente,bd6t551016189,,failed,0,0,,no_usable_pages,known,,,bd6t551016189: no usable pages in manifest.,2026-07-17T18:14:27.491566
lacharente,bd6t55101619q,,failed,0,0,,no_usable_pages,known,,,bd6t55101619q: no usable pages in manifest.,2026-07-17T18:14:27.681639
lacharente,bd6t55101620c,,failed,0,0,,no_usable_pages,known,,,bd6t55101620c: no usable pages in manifest.,2026-07-17T18:14:27.904938
lacharente,bd6t55101621s,,failed,0,0,,no_usable_pages,known,,,bd6t55101621s: no usable pages in manifest.,2026-07-17T18:14:28.250519
lacharente,bd6t551016226,,failed,0,0,,no_usable_pages,known,,,bd6t551016226: no usable pages in manifest.,2026-07-17T18:14:28.522442
lacharente,bd6t55101623m,,failed,0,0,,no_usable_pages,known,,,bd6t55101623m: no usable pages in manifest.,2026-07-17T18:14:28.698970
lacharente,bd6t551016241,,failed,0,0,,no_usable_pages,known,,,bd6t551016241: no usable pages in manifest.,2026-07-17T18:14:28.859779
lacharente,bd6t55101625f,,failed,0,0,,no_usable_pages,known,,,bd6t55101625f: no usable pages in manifest.,2026-07-17T18:14:29.033882
lacharente,bd6t55101626v,,failed,0,0,,no_usable_pages,known,,,bd6t55101626v: no usable pages in manifest.,2026-07-17T18:14:29.257328
lacharente,bd6t551016278,,failed,0,0,,no_usable_pages,known,,,bd6t551016278: no usable pages in manifest.,2026-07-17T18:14:29.497052
lacharente,bd6t55101628p,,failed,0,0,,no_usable_pages,known,,,bd6t55101628p: no usable pages in manifest.,2026-07-17T18:14:29.663731
lacharente,bd6t551016293,,failed,0,0,,no_usable_pages,known,,,bd6t551016293: no usable pages in manifest.,2026-07-17T18:14:29.851028
lacharente,bd6t55101630r,,failed,0,0,,no_usable_pages,known,,,bd6t55101630r: no usable pages in manifest.,2026-07-17T18:14:30.038487
lacharente,bd6t551016315,,failed,0,0,,no_usable_pages,known,,,bd6t551016315: no usable pages in manifest.,2026-07-17T18:14:30.211157
lacharente,bd6t55101632k,,failed,0,0,,no_usable_pages,known,,,bd6t55101632k: no usable pages in manifest.,2026-07-17T18:14:30.506607
lacharente,bd6t551016330,,failed,0,0,,no_usable_pages,known,,,bd6t551016330: no usable pages in manifest.,2026-07-17T18:14:30.684723
lacharente,bd6t55101634d,,failed,0,0,,no_usable_pages,known,,,bd6t55101634d: no usable pages in manifest.,2026-07-17T18:14:30.849487
lacharente,bd6t55101635t,,failed,0,0,,no_usable_pages,known,,,bd6t55101635t: no usable pages in manifest.,2026-07-17T18:14:31.045459
lacharente,bd6t551016367,,failed,0,0,,no_usable_pages,known,,,bd6t551016367: no usable pages in manifest.,2026-07-17T18:14:31.198040
lacharente,bd6t55101637n,,failed,0,0,,no_usable_pages,known,,,bd6t55101637n: no usable pages in manifest.,2026-07-17T18:14:31.382595
lacharente,bd6t551016382,,failed,0,0,,no_usable_pages,known,,,bd6t551016382: no usable pages in manifest.,2026-07-17T18:14:31.637476
lacharente,bd6t55101639g,,failed,0,0,,no_usable_pages,known,,,bd6t55101639g: no usable pages in manifest.,2026-07-17T18:14:31.804959
lacharente,bd6t551016404,,failed,0,0,,no_usable_pages,known,,,bd6t551016404: no usable pages in manifest.,2026-07-17T18:14:31.975394
lacharente,bd6t55101641j,,failed,0,0,,no_usable_pages,known,,,bd6t55101641j: no usable pages in manifest.,2026-07-17T18:14:32.113249
lacharente,bd6t55101642z,,failed,0,0,,no_usable_pages,known,,,bd6t55101642z: no usable pages in manifest.,2026-07-17T18:14:32.423930
lacharente,bd6t55101643c,,failed,0,0,,no_usable_pages,known,,,bd6t55101643c: no usable pages in manifest.,2026-07-17T18:14:32.658013
lacharente,bd6t55101644s,,failed,0,0,,no_usable_pages,known,,,bd6t55101644s: no usable pages in manifest.,2026-07-17T18:14:32.852225
lacharente,bd6t551016456,,failed,0,0,,no_usable_pages,known,,,bd6t551016456: no usable pages in manifest.,2026-07-17T18:14:32.998017
lacharente,bd6t55101646m,,failed,0,0,,no_usable_pages,known,,,bd6t55101646m: no usable pages in manifest.,2026-07-17T18:14:33.149373
lacharente,bd6t551016471,,failed,0,0,,no_usable_pages,known,,,bd6t551016471: no usable pages in manifest.,2026-07-17T18:14:33.359016
lacharente,bd6t55101648f,,failed,0,0,,no_usable_pages,known,,,bd6t55101648f: no usable pages in manifest.,2026-07-17T18:14:33.518406
lacharente,bd6t55101649v,,failed,0,0,,no_usable_pages,known,,,bd6t55101649v: no usable pages in manifest.,2026-07-17T18:14:33.820519
lacharente,bd6t55101650h,,failed,0,0,,no_usable_pages,known,,,bd6t55101650h: no usable pages in manifest.,2026-07-17T18:14:33.967078
lacharente,bd6t55101651x,,failed,0,0,,no_usable_pages,known,,,bd6t55101651x: no usable pages in manifest.,2026-07-17T18:14:34.153082
lacharente,bd6t55101652b,,failed,0,0,,no_usable_pages,known,,,bd6t55101652b: no usable pages in manifest.,2026-07-17T18:14:34.318917
lacharente,bd6t55101653r,,failed,0,0,,no_usable_pages,known,,,bd6t55101653r: no usable pages in manifest.,2026-07-17T18:14:34.488772
lacharente,bd6t551016545,,failed,0,0,,no_usable_pages,known,,,bd6t551016545: no usable pages in manifest.,2026-07-17T18:14:34.617166
lacharente,bd6t55101655k,,failed,0,0,,no_usable_pages,known,,,bd6t55101655k: no usable pages in manifest.,2026-07-17T18:14:34.846708
lacharente,bd6t551016560,,failed,0,0,,no_usable_pages,known,,,bd6t551016560: no usable pages in manifest.,2026-07-17T18:14:35.038767
lacharente,bd6t55101657d,,failed,0,0,,no_usable_pages,known,,,bd6t55101657d: no usable pages in manifest.,2026-07-17T18:14:35.229039
lacharente,bd6t55101658t,,failed,0,0,,no_usable_pages,known,,,bd6t55101658t: no usable pages in manifest.,2026-07-17T18:14:35.448330
lacharente,bd6t551016597,,failed,0,0,,no_usable_pages,known,,,bd6t551016597: no usable pages in manifest.,2026-07-17T18:14:35.661632
lacharente,bd6t55101660w,,failed,0,0,,no_usable_pages,known,,,bd6t55101660w: no usable pages in manifest.,2026-07-17T18:14:35.912108
lacharente,bd6t551016619,,failed,0,0,,no_usable_pages,known,,,bd6t551016619: no usable pages in manifest.,2026-07-17T18:14:36.113988
lacharente,bd6t55101662q,,failed,0,0,,no_usable_pages,known,,,bd6t55101662q: no usable pages in manifest.,2026-07-17T18:14:36.360773
lacharente,bd6t551016634,,failed,0,0,,no_usable_pages,known,,,bd6t551016634: no usable pages in manifest.,2026-07-17T18:14:36.522092
lacharente,bd6t55101664j,,failed,0,0,,no_usable_pages,known,,,bd6t55101664j: no usable pages in manifest.,2026-07-17T18:14:36.682417
lacharente,bd6t55101665z,,failed,0,0,,no_usable_pages,known,,,bd6t55101665z: no usable pages in manifest.,2026-07-17T18:14:36.914601
lacharente,bd6t55101666c,,failed,0,0,,no_usable_pages,known,,,bd6t55101666c: no usable pages in manifest.,2026-07-17T18:14:37.050039
lacharente,bd6t55101667s,,failed,0,0,,no_usable_pages,known,,,bd6t55101667s: no usable pages in manifest.,2026-07-17T18:14:37.200066
lacharente,bd6t551016686,,failed,0,0,,no_usable_pages,known,,,bd6t551016686: no usable pages in manifest.,2026-07-17T18:14:37.409627
lacharente,bd6t55101669m,,failed,0,0,,no_usable_pages,known,,,bd6t55101669m: no usable pages in manifest.,2026-07-17T18:14:37.577032
lacharente,bd6t551016708,,failed,0,0,,no_usable_pages,known,,,bd6t551016708: no usable pages in manifest.,2026-07-17T18:14:37.750986
lacharente,bd6t55101671p,,failed,0,0,,no_usable_pages,known,,,bd6t55101671p: no usable pages in manifest.,2026-07-17T18:14:38.093628
lacharente,bd6t551016723,,failed,0,0,,no_usable_pages,known,,,bd6t551016723: no usable pages in manifest.,2026-07-17T18:14:38.302099
lacharente,bd6t55101673h,,failed,0,0,,no_usable_pages,known,,,bd6t55101673h: no usable pages in manifest.,2026-07-17T18:14:38.484650
lacharente,bd6t55101674x,,failed,0,0,,no_usable_pages,known,,,bd6t55101674x: no usable pages in manifest.,2026-07-17T18:14:38.724468
lacharente,bd6t55101675b,,failed,0,0,,no_usable_pages,known,,,bd6t55101675b: no usable pages in manifest.,2026-07-17T18:14:38.901590
lacharente,bd6t55101676r,,failed,0,0,,no_usable_pages,known,,,bd6t55101676r: no usable pages in manifest.,2026-07-17T18:14:39.211935
lacharente,bd6t551016775,,failed,0,0,,no_usable_pages,known,,,bd6t551016775: no usable pages in manifest.,2026-07-17T18:14:39.402596
lacharente,bd6t55101678k,,failed,0,0,,no_usable_pages,known,,,bd6t55101678k: no usable pages in manifest.,2026-07-17T18:14:39.552542
lacharente,bd6t551016790,,failed,0,0,,no_usable_pages,known,,,bd6t551016790: no usable pages in manifest.,2026-07-17T18:14:39.711711
lacharente,bd6t55101680n,,failed,0,0,,no_usable_pages,known,,,bd6t55101680n: no usable pages in manifest.,2026-07-17T18:14:39.911164
lacharente,bd6t551016812,,failed,0,0,,no_usable_pages,known,,,bd6t551016812: no usable pages in manifest.,2026-07-17T18:14:40.076018
lacharente,bd6t55101682g,,failed,0,0,,no_usable_pages,known,,,bd6t55101682g: no usable pages in manifest.,2026-07-17T18:14:40.289693
lacharente,bd6t55101683w,,failed,0,0,,no_usable_pages,known,,,bd6t55101683w: no usable pages in manifest.,2026-07-17T18:14:40.404868
lacharente,bd6t551016849,,failed,0,0,,no_usable_pages,known,,,bd6t551016849: no usable pages in manifest.,2026-07-17T18:14:40.535451
lacharente,bd6t55101685q,,failed,0,0,,no_usable_pages,known,,,bd6t55101685q: no usable pages in manifest.,2026-07-17T18:14:40.673202
lacharente,bd6t551016864,,failed,0,0,,no_usable_pages,known,,,bd6t551016864: no usable pages in manifest.,2026-07-17T18:14:40.785355
lacharente,bd6t55101687j,,failed,0,0,,no_usable_pages,known,,,bd6t55101687j: no usable pages in manifest.,2026-07-17T18:14:40.924314
lacharente,bd6t55101688z,,failed,0,0,,no_usable_pages,known,,,bd6t55101688z: no usable pages in manifest.,2026-07-17T18:14:41.036977
lacharente,bd6t55101689c,,failed,0,0,,no_usable_pages,known,,,bd6t55101689c: no usable pages in manifest.,2026-07-17T18:14:41.163348
lacharente,bd6t551016901,,failed,0,0,,no_usable_pages,known,,,bd6t551016901: no usable pages in manifest.,2026-07-17T18:14:41.394286
lacharente,bd6t55101691f,,failed,0,0,,no_usable_pages,known,,,bd6t55101691f: no usable pages in manifest.,2026-07-17T18:14:41.513689
lacharente,bd6t55101692v,,failed,0,0,,no_usable_pages,known,,,bd6t55101692v: no usable pages in manifest.,2026-07-17T18:14:41.637664
lacharente,bd6t551016938,,failed,0,0,,no_usable_pages,known,,,bd6t551016938: no usable pages in manifest.,2026-07-17T18:14:41.763700
lacharente,bd6t55101694p,,failed,0,0,,no_usable_pages,known,,,bd6t55101694p: no usable pages in manifest.,2026-07-17T18:14:41.896843
lacharente,bd6t551016953,,failed,0,0,,no_usable_pages,known,,,bd6t551016953: no usable pages in manifest.,2026-07-17T18:14:42.012392
lacharente,bd6t55101696h,,failed,0,0,,no_usable_pages,known,,,bd6t55101696h: no usable pages in manifest.,2026-07-17T18:14:42.153827
lacharente,bd6t55101697x,,failed,0,0,,no_usable_pages,known,,,bd6t55101697x: no usable pages in manifest.,2026-07-17T18:14:42.289106
lacharente,bd6t55101698b,,failed,0,0,,no_usable_pages,known,,,bd6t55101698b: no usable pages in manifest.,2026-07-17T18:14:42.493050
lacharente,bd6t55101699r,,failed,0,0,,no_usable_pages,known,,,bd6t55101699r: no usable pages in manifest.,2026-07-17T18:14:42.610394
lacharente,bd6t55101700z,,failed,0,0,,no_usable_pages,known,,,bd6t55101700z: no usable pages in manifest.,2026-07-17T18:14:42.707020
lacharente,bd6t55101701c,,failed,0,0,,no_usable_pages,known,,,bd6t55101701c: no usable pages in manifest.,2026-07-17T18:14:42.815380
lacharente,bd6t551017036,,failed,0,0,,no_usable_pages,known,,,bd6t551017036: no usable pages in manifest.,2026-07-17T18:14:42.909419
lacharente,bd6t55101704m,,failed,0,0,,no_usable_pages,known,,,bd6t55101704m: no usable pages in manifest.,2026-07-17T18:14:43.015035
lacharente,bd6t551017051,,failed,0,0,,no_usable_pages,known,,,bd6t551017051: no usable pages in manifest.,2026-07-17T18:14:43.109495
lacharente,bd6t55101706f,,failed,0,0,,no_usable_pages,known,,,bd6t55101706f: no usable pages in manifest.,2026-07-17T18:14:43.227108
lacharente,bd6t55101707v,,failed,0,0,,no_usable_pages,known,,,bd6t55101707v: no usable pages in manifest.,2026-07-17T18:14:43.342927
lacharente,bd6t551017088,,failed,0,0,,no_usable_pages,known,,,bd6t551017088: no usable pages in manifest.,2026-07-17T18:14:43.531088
lacharente,bd6t55101709p,,failed,0,0,,no_usable_pages,known,,,bd6t55101709p: no usable pages in manifest.,2026-07-17T18:14:43.662774
lacharente,bd6t55101710b,,failed,0,0,,no_usable_pages,known,,,bd6t55101710b: no usable pages in manifest.,2026-07-17T18:14:43.810255
lacharente,bd6t55101711r,,failed,0,0,,no_usable_pages,known,,,bd6t55101711r: no usable pages in manifest.,2026-07-17T18:14:43.930440
lacharente,bd6t551017125,,failed,0,0,,no_usable_pages,known,,,bd6t551017125: no usable pages in manifest.,2026-07-17T18:14:44.053640
lacharente,bd6t55101713k,,failed,0,0,,no_usable_pages,known,,,bd6t55101713k: no usable pages in manifest.,2026-07-17T18:14:44.171198
lacharente,bd6t551017140,,failed,0,0,,no_usable_pages,known,,,bd6t551017140: no usable pages in manifest.,2026-07-17T18:14:44.314658
lacharente,bd6t55101715d,,failed,0,0,,no_usable_pages,known,,,bd6t55101715d: no usable pages in manifest.,2026-07-17T18:14:44.512559
lacharente,bd6t55101716t,,failed,0,0,,no_usable_pages,known,,,bd6t55101716t: no usable pages in manifest.,2026-07-17T18:14:44.614313
lacharente,bd6t551017177,,failed,0,0,,no_usable_pages,known,,,bd6t551017177: no usable pages in manifest.,2026-07-17T18:14:44.723271
lacharente,bd6t55101718n,,failed,0,0,,no_usable_pages,known,,,bd6t55101718n: no usable pages in manifest.,2026-07-17T18:14:44.867092
lacharente,bd6t551017192,,failed,0,0,,no_usable_pages,known,,,bd6t551017192: no usable pages in manifest.,2026-07-17T18:14:44.971958
lacharente,bd6t55101720q,,failed,0,0,,no_usable_pages,known,,,bd6t55101720q: no usable pages in manifest.,2026-07-17T18:14:45.072639
lacharente,bd6t551017214,,failed,0,0,,no_usable_pages,known,,,bd6t551017214: no usable pages in manifest.,2026-07-17T18:14:45.223223
lacharente,bd6t55101722j,,failed,0,0,,no_usable_pages,known,,,bd6t55101722j: no usable pages in manifest.,2026-07-17T18:14:45.337496
lacharente,bd6t55101723z,,failed,0,0,,no_usable_pages,known,,,bd6t55101723z: no usable pages in manifest.,2026-07-17T18:14:45.521213
lacharente,bd6t55101724c,,failed,0,0,,no_usable_pages,known,,,bd6t55101724c: no usable pages in manifest.,2026-07-17T18:14:45.671838
lacharente,bd6t55101725s,,failed,0,0,,no_usable_pages,known,,,bd6t55101725s: no usable pages in manifest.,2026-07-17T18:14:45.794521
lacharente,bd6t551017266,,failed,0,0,,no_usable_pages,known,,,bd6t551017266: no usable pages in manifest.,2026-07-17T18:14:45.909909
lacharente,bd6t55101727m,,failed,0,0,,no_usable_pages,known,,,bd6t55101727m: no usable pages in manifest.,2026-07-17T18:14:46.022018
lacharente,bd6t551017281,,failed,0,0,,no_usable_pages,known,,,bd6t551017281: no usable pages in manifest.,2026-07-17T18:14:46.143597
lacharente,bd6t55101702s,,failed,0,0,,no_usable_pages,known,,,bd6t55101702s: no usable pages in manifest.,2026-07-17T18:14:46.251696
lacharente,bd6t55101729f,,failed,0,0,,no_usable_pages,known,,,bd6t55101729f: no usable pages in manifest.,2026-07-17T18:14:46.348016
lacharente,bd6t551017303,,failed,0,0,,no_usable_pages,known,,,bd6t551017303: no usable pages in manifest.,2026-07-17T18:14:46.470196
lacharente,bd6t55101731h,,failed,0,0,,no_usable_pages,known,,,bd6t55101731h: no usable pages in manifest.,2026-07-17T18:14:46.722405
lacharente,bd6t55101732x,,failed,0,0,,no_usable_pages,known,,,bd6t55101732x: no usable pages in manifest.,2026-07-17T18:14:46.851597
lacharente,bd6t55101733b,,failed,0,0,,no_usable_pages,known,,,bd6t55101733b: no usable pages in manifest.,2026-07-17T18:14:47.000068
lacharente,bd6t55101734r,,failed,0,0,,no_usable_pages,known,,,bd6t55101734r: no usable pages in manifest.,2026-07-17T18:14:47.150424
lacharente,bd6t551017355,,failed,0,0,,no_usable_pages,known,,,bd6t551017355: no usable pages in manifest.,2026-07-17T18:14:47.263118
lacharente,bd6t55101736k,,failed,0,0,,no_usable_pages,known,,,bd6t55101736k: no usable pages in manifest.,2026-07-17T18:14:47.375292
lacharente,bd6t551017370,,failed,0,0,,no_usable_pages,known,,,bd6t551017370: no usable pages in manifest.,2026-07-17T18:14:47.487198
lacharente,bd6t55101738d,,failed,0,0,,no_usable_pages,known,,,bd6t55101738d: no usable pages in manifest.,2026-07-17T18:14:47.688596
lacharente,bd6t55101739t,,failed,0,0,,no_usable_pages,known,,,bd6t55101739t: no usable pages in manifest.,2026-07-17T18:14:47.810891
lacharente,bd6t55101740g,,failed,0,0,,no_usable_pages,known,,,bd6t55101740g: no usable pages in manifest.,2026-07-17T18:14:47.917063
lacharente,bd6t55101741w,,failed,0,0,,no_usable_pages,known,,,bd6t55101741w: no usable pages in manifest.,2026-07-17T18:14:48.012068
lacharente,bd6t551017429,,failed,0,0,,no_usable_pages,known,,,bd6t551017429: no usable pages in manifest.,2026-07-17T18:14:48.143724
lacharente,bd6t55101743q,,failed,0,0,,no_usable_pages,known,,,bd6t55101743q: no usable pages in manifest.,2026-07-17T18:14:48.274556
lacharente,bd6t551017444,,failed,0,0,,no_usable_pages,known,,,bd6t551017444: no usable pages in manifest.,2026-07-17T18:14:48.429592
lacharente,bd6t55101745j,,failed,0,0,,no_usable_pages,known,,,bd6t55101745j: no usable pages in manifest.,2026-07-17T18:14:48.560774
lacharente,bd6t55101746z,,failed,0,0,,no_usable_pages,known,,,bd6t55101746z: no usable pages in manifest.,2026-07-17T18:14:48.717142
lacharente,bd6t55101747c,,failed,0,0,,no_usable_pages,known,,,bd6t55101747c: no usable pages in manifest.,2026-07-17T18:14:48.876361
lacharente,bd6t55101748s,,failed,0,0,,no_usable_pages,known,,,bd6t55101748s: no usable pages in manifest.,2026-07-17T18:14:49.002052
lacharente,bd6t551017496,,failed,0,0,,no_usable_pages,known,,,bd6t551017496: no usable pages in manifest.,2026-07-17T18:14:49.145208
lacharente,bd6t55101750v,,failed,0,0,,no_usable_pages,known,,,bd6t55101750v: no usable pages in manifest.,2026-07-17T18:14:49.253617
lacharente,bd6t551017518,,failed,0,0,,no_usable_pages,known,,,bd6t551017518: no usable pages in manifest.,2026-07-17T18:14:49.370314
lacharente,bd6t55101752p,,failed,0,0,,no_usable_pages,known,,,bd6t55101752p: no usable pages in manifest.,2026-07-17T18:14:49.470402
lacharente,bd6t551017533,,failed,0,0,,no_usable_pages,known,,,bd6t551017533: no usable pages in manifest.,2026-07-17T18:14:49.602422
lacharente,bd6t55101754h,,failed,0,0,,no_usable_pages,known,,,bd6t55101754h: no usable pages in manifest.,2026-07-17T18:14:49.777534
lacharente,bd6t55101755x,,failed,0,0,,no_usable_pages,known,,,bd6t55101755x: no usable pages in manifest.,2026-07-17T18:14:49.963706
lacharente,bd6t55101756b,,failed,0,0,,no_usable_pages,known,,,bd6t55101756b: no usable pages in manifest.,2026-07-17T18:14:50.097507
lacharente,bd6t55101757r,,failed,0,0,,no_usable_pages,known,,,bd6t55101757r: no usable pages in manifest.,2026-07-17T18:14:50.210569
lacharente,bd6t551017585,,failed,0,0,,no_usable_pages,known,,,bd6t551017585: no usable pages in manifest.,2026-07-17T18:14:50.326511
lacharente,bd6t551017607,,failed,0,0,,no_usable_pages,known,,,bd6t551017607: no usable pages in manifest.,2026-07-17T18:14:50.450139
lacharente,bd6t55101761n,,failed,0,0,,no_usable_pages,known,,,bd6t55101761n: no usable pages in manifest.,2026-07-17T18:14:50.565826
lacharente,bd6t551017622,,failed,0,0,,no_usable_pages,known,,,bd6t551017622: no usable pages in manifest.,2026-07-17T18:14:50.695288
lacharente,bd6t55101763g,,failed,0,0,,no_usable_pages,known,,,bd6t55101763g: no usable pages in manifest.,2026-07-17T18:14:50.851386
lacharente,bd6t55101764w,,failed,0,0,,no_usable_pages,known,,,bd6t55101764w: no usable pages in manifest.,2026-07-17T18:14:50.976574
lacharente,bd6t551017659,,failed,0,0,,no_usable_pages,known,,,bd6t551017659: no usable pages in manifest.,2026-07-17T18:14:51.093160
lacharente,bd6t55101766q,,failed,0,0,,no_usable_pages,known,,,bd6t55101766q: no usable pages in manifest.,2026-07-17T18:14:51.193727
lacharente,bd6t55101759k,,failed,0,0,,no_usable_pages,known,,,bd6t55101759k: no usable pages in manifest.,2026-07-17T18:14:51.300875
lacharente,bd6t551017674,,failed,0,0,,no_usable_pages,known,,,bd6t551017674: no usable pages in manifest.,2026-07-17T18:14:51.425047
lacharente,bd6t55101768j,,failed,0,0,,no_usable_pages,known,,,bd6t55101768j: no usable pages in manifest.,2026-07-17T18:14:51.512414
lacharente,bd6t55101769z,,failed,0,0,,no_usable_pages,known,,,bd6t55101769z: no usable pages in manifest.,2026-07-17T18:14:51.621249
lacharente,bd6t55101770m,,failed,0,0,,no_usable_pages,known,,,bd6t55101770m: no usable pages in manifest.,2026-07-17T18:14:51.797580
lacharente,bd6t551017711,,failed,0,0,,no_usable_pages,known,,,bd6t551017711: no usable pages in manifest.,2026-07-17T18:14:51.965174
lacharente,bd6t55101772f,,failed,0,0,,no_usable_pages,known,,,bd6t55101772f: no usable pages in manifest.,2026-07-17T18:14:52.137738
lacharente,bd6t55101773v,,failed,0,0,,no_usable_pages,known,,,bd6t55101773v: no usable pages in manifest.,2026-07-17T18:14:52.241095
lacharente,bd6t551017748,,failed,0,0,,no_usable_pages,known,,,bd6t551017748: no usable pages in manifest.,2026-07-17T18:14:52.357725
lacharente,bd6t55101775p,,failed,0,0,,no_usable_pages,known,,,bd6t55101775p: no usable pages in manifest.,2026-07-17T18:14:52.507194
lacharente,bd6t551017763,,failed,0,0,,no_usable_pages,known,,,bd6t551017763: no usable pages in manifest.,2026-07-17T18:14:52.689371
lacharente,bd6t55101777h,,failed,0,0,,no_usable_pages,known,,,bd6t55101777h: no usable pages in manifest.,2026-07-17T18:14:52.904525
lacharente,bd6t55101778x,,failed,0,0,,no_usable_pages,known,,,bd6t55101778x: no usable pages in manifest.,2026-07-17T18:14:53.173223
lacharente,bd6t55101779b,,failed,0,0,,no_usable_pages,known,,,bd6t55101779b: no usable pages in manifest.,2026-07-17T18:14:53.266200
lacharente,bd6t551017800,,failed,0,0,,no_usable_pages,known,,,bd6t551017800: no usable pages in manifest.,2026-07-17T18:14:53.391036
lacharente,bd6t55101781d,,failed,0,0,,no_usable_pages,known,,,bd6t55101781d: no usable pages in manifest.,2026-07-17T18:14:53.480298
lacharente,bd6t55101782t,,failed,0,0,,no_usable_pages,known,,,bd6t55101782t: no usable pages in manifest.,2026-07-17T18:14:53.606036
lacharente,bd6t551017837,,failed,0,0,,no_usable_pages,known,,,bd6t551017837: no usable pages in manifest.,2026-07-17T18:14:53.706755
lacharente,bd6t55101784n,,failed,0,0,,no_usable_pages,known,,,bd6t55101784n: no usable pages in manifest.,2026-07-17T18:14:53.821083
lacharente,bd6t551017852,,failed,0,0,,no_usable_pages,known,,,bd6t551017852: no usable pages in manifest.,2026-07-17T18:14:53.935692
lacharente,bd6t55101786g,,failed,0,0,,no_usable_pages,known,,,bd6t55101786g: no usable pages in manifest.,2026-07-17T18:14:54.166910
lacharente,bd6t55101787w,,failed,0,0,,no_usable_pages,known,,,bd6t55101787w: no usable pages in manifest.,2026-07-17T18:14:54.259894
lacharente,bd6t551017889,,failed,0,0,,no_usable_pages,known,,,bd6t551017889: no usable pages in manifest.,2026-07-17T18:14:54.378711
lacharente,bd6t55101789q,,failed,0,0,,no_usable_pages,known,,,bd6t55101789q: no usable pages in manifest.,2026-07-17T18:14:54.492622
lacharente,bd6t55101790c,,failed,0,0,,no_usable_pages,known,,,bd6t55101790c: no usable pages in manifest.,2026-07-17T18:14:54.611029
lacharente,bd6t55101791s,,failed,0,0,,no_usable_pages,known,,,bd6t55101791s: no usable pages in manifest.,2026-07-17T18:14:54.716628
lacharente,bd6t551017926,,failed,0,0,,no_usable_pages,known,,,bd6t551017926: no usable pages in manifest.,2026-07-17T18:14:54.862760
lacharente,bd6t55101793m,,failed,0,0,,no_usable_pages,known,,,bd6t55101793m: no usable pages in manifest.,2026-07-17T18:14:54.954976
lacharente,bd6t551017941,,failed,0,0,,no_usable_pages,known,,,bd6t551017941: no usable pages in manifest.,2026-07-17T18:14:55.081730
lacharente,bd6t55101795f,,failed,0,0,,no_usable_pages,known,,,bd6t55101795f: no usable pages in manifest.,2026-07-17T18:14:55.292462
lacharente,bd6t55101796v,,failed,0,0,,no_usable_pages,known,,,bd6t55101796v: no usable pages in manifest.,2026-07-17T18:14:55.420071
lacharente,bd6t551017978,,failed,0,0,,no_usable_pages,known,,,bd6t551017978: no usable pages in manifest.,2026-07-17T18:14:55.521136
lacharente,bd6t55101798p,,failed,0,0,,no_usable_pages,known,,,bd6t55101798p: no usable pages in manifest.,2026-07-17T18:14:55.667200
lacharente,bd6t551017993,,failed,0,0,,no_usable_pages,known,,,bd6t551017993: no usable pages in manifest.,2026-07-17T18:14:55.774364
lacharente,bd6t551018009,,failed,0,0,,no_usable_pages,known,,,bd6t551018009: no usable pages in manifest.,2026-07-17T18:14:55.903821
lacharente,bd6t55101801q,,failed,0,0,,no_usable_pages,known,,,bd6t55101801q: no usable pages in manifest.,2026-07-17T18:14:56.016145
lacharente,bd6t551018024,,failed,0,0,,no_usable_pages,known,,,bd6t551018024: no usable pages in manifest.,2026-07-17T18:14:56.163996
lacharente,bd6t55101803j,,failed,0,0,,no_usable_pages,known,,,bd6t55101803j: no usable pages in manifest.,2026-07-17T18:14:56.531868
lacharente,bd6t55101804z,,failed,0,0,,no_usable_pages,known,,,bd6t55101804z: no usable pages in manifest.,2026-07-17T18:14:56.709693
lacharente,bd6t55101856p,,failed,0,0,,no_usable_pages,known,,,bd6t55101856p: no usable pages in manifest.,2026-07-17T18:14:56.887428
lacharente,bd6t55101805c,,failed,0,0,,no_usable_pages,known,,,bd6t55101805c: no usable pages in manifest.,2026-07-17T18:14:57.025168
lacharente,bd6t55101806s,,failed,0,0,,no_usable_pages,known,,,bd6t55101806s: no usable pages in manifest.,2026-07-17T18:14:57.188433
lacharente,bd6t551018076,,failed,0,0,,no_usable_pages,known,,,bd6t551018076: no usable pages in manifest.,2026-07-17T18:14:57.415218
lacharente,bd6t55101808m,,failed,0,0,,no_usable_pages,known,,,bd6t55101808m: no usable pages in manifest.,2026-07-17T18:14:57.541953
lacharente,bd6t551018091,,failed,0,0,,no_usable_pages,known,,,bd6t551018091: no usable pages in manifest.,2026-07-17T18:14:57.667041
lacharente,bd6t55101810p,,failed,0,0,,no_usable_pages,known,,,bd6t55101810p: no usable pages in manifest.,2026-07-17T18:14:57.813273
lacharente,bd6t551018113,,failed,0,0,,no_usable_pages,known,,,bd6t551018113: no usable pages in manifest.,2026-07-17T18:14:57.922290
lacharente,bd6t55101812h,,failed,0,0,,no_usable_pages,known,,,bd6t55101812h: no usable pages in manifest.,2026-07-17T18:14:58.063229
lacharente,bd6t55101813x,,failed,0,0,,no_usable_pages,known,,,bd6t55101813x: no usable pages in manifest.,2026-07-17T18:14:58.179466
lacharente,bd6t55101814b,,failed,0,0,,no_usable_pages,known,,,bd6t55101814b: no usable pages in manifest.,2026-07-17T18:14:58.283558
lacharente,bd6t55101815r,,failed,0,0,,no_usable_pages,known,,,bd6t55101815r: no usable pages in manifest.,2026-07-17T18:14:58.483939
lacharente,bd6t551018165,,failed,0,0,,no_usable_pages,known,,,bd6t551018165: no usable pages in manifest.,2026-07-17T18:14:58.603879
lacharente,bd6t55101817k,,failed,0,0,,no_usable_pages,known,,,bd6t55101817k: no usable pages in manifest.,2026-07-17T18:14:58.733386
lacharente,bd6t551018180,,failed,0,0,,no_usable_pages,known,,,bd6t551018180: no usable pages in manifest.,2026-07-17T18:14:58.875699
lacharente,bd6t55101819d,,failed,0,0,,no_usable_pages,known,,,bd6t55101819d: no usable pages in manifest.,2026-07-17T18:14:59.001763
lacharente,bd6t551018202,,failed,0,0,,no_usable_pages,known,,,bd6t551018202: no usable pages in manifest.,2026-07-17T18:14:59.132305
lacharente,bd6t55101821g,,failed,0,0,,no_usable_pages,known,,,bd6t55101821g: no usable pages in manifest.,2026-07-17T18:14:59.230541
lacharente,bd6t55101822w,,failed,0,0,,no_usable_pages,known,,,bd6t55101822w: no usable pages in manifest.,2026-07-17T18:14:59.313342
lacharente,bd6t551018239,,failed,0,0,,no_usable_pages,known,,,bd6t551018239: no usable pages in manifest.,2026-07-17T18:14:59.409559
lacharente,bd6t55101824q,,failed,0,0,,no_usable_pages,known,,,bd6t55101824q: no usable pages in manifest.,2026-07-17T18:14:59.628562
lacharente,bd6t551018254,,failed,0,0,,no_usable_pages,known,,,bd6t551018254: no usable pages in manifest.,2026-07-17T18:14:59.738177
lacharente,bd6t55101826j,,failed,0,0,,no_usable_pages,known,,,bd6t55101826j: no usable pages in manifest.,2026-07-17T18:14:59.838330
lacharente,bd6t55101827z,,failed,0,0,,no_usable_pages,known,,,bd6t55101827z: no usable pages in manifest.,2026-07-17T18:14:59.944850
lacharente,bd6t55101828c,,failed,0,0,,no_usable_pages,known,,,bd6t55101828c: no usable pages in manifest.,2026-07-17T18:15:00.128663
lacharente,bd6t55101829s,,failed,0,0,,no_usable_pages,known,,,bd6t55101829s: no usable pages in manifest.,2026-07-17T18:15:00.414345
lacharente,bd6t55101830f,,failed,0,0,,no_usable_pages,known,,,bd6t55101830f: no usable pages in manifest.,2026-07-17T18:15:00.694655
lacharente,bd6t55101831v,,failed,0,0,,no_usable_pages,known,,,bd6t55101831v: no usable pages in manifest.,2026-07-17T18:15:00.811498
lacharente,bd6t551018328,,failed,0,0,,no_usable_pages,known,,,bd6t551018328: no usable pages in manifest.,2026-07-17T18:15:00.993780
lacharente,bd6t55101833p,,failed,0,0,,no_usable_pages,known,,,bd6t55101833p: no usable pages in manifest.,2026-07-17T18:15:01.105495
lacharente,bd6t551018343,,failed,0,0,,no_usable_pages,known,,,bd6t551018343: no usable pages in manifest.,2026-07-17T18:15:01.238269
lacharente,bd6t55101835h,,failed,0,0,,no_usable_pages,known,,,bd6t55101835h: no usable pages in manifest.,2026-07-17T18:15:01.401813
lacharente,bd6t55101836x,,failed,0,0,,no_usable_pages,known,,,bd6t55101836x: no usable pages in manifest.,2026-07-17T18:15:01.553179
lacharente,bd6t55101837b,,failed,0,0,,no_usable_pages,known,,,bd6t55101837b: no usable pages in manifest.,2026-07-17T18:15:01.770209
lacharente,bd6t55101838r,,failed,0,0,,no_usable_pages,known,,,bd6t55101838r: no usable pages in manifest.,2026-07-17T18:15:01.893169
lacharente,bd6t551018395,,failed,0,0,,no_usable_pages,known,,,bd6t551018395: no usable pages in manifest.,2026-07-17T18:15:02.054667
lacharente,bd6t55101840t,,failed,0,0,,no_usable_pages,known,,,bd6t55101840t: no usable pages in manifest.,2026-07-17T18:15:02.200454
lacharente,bd6t551018417,,failed,0,0,,no_usable_pages,known,,,bd6t551018417: no usable pages in manifest.,2026-07-17T18:15:02.369345
lacharente,bd6t55101842n,,failed,0,0,,no_usable_pages,known,,,bd6t55101842n: no usable pages in manifest.,2026-07-17T18:15:02.535736
lacharente,bd6t551018432,,failed,0,0,,no_usable_pages,known,,,bd6t551018432: no usable pages in manifest.,2026-07-17T18:15:02.707990
lacharente,bd6t55101844g,,failed,0,0,,no_usable_pages,known,,,bd6t55101844g: no usable pages in manifest.,2026-07-17T18:15:02.992310
lacharente,bd6t55101845w,,failed,0,0,,no_usable_pages,known,,,bd6t55101845w: no usable pages in manifest.,2026-07-17T18:15:03.110721
lacharente,bd6t551018469,,failed,0,0,,no_usable_pages,known,,,bd6t551018469: no usable pages in manifest.,2026-07-17T18:15:03.265704
lacharente,bd6t55101847q,,failed,0,0,,no_usable_pages,known,,,bd6t55101847q: no usable pages in manifest.,2026-07-17T18:15:03.414096
lacharente,bd6t551018484,,failed,0,0,,no_usable_pages,known,,,bd6t551018484: no usable pages in manifest.,2026-07-17T18:15:03.529448
lacharente,bd6t55101849j,,failed,0,0,,no_usable_pages,known,,,bd6t55101849j: no usable pages in manifest.,2026-07-17T18:15:03.717070
lacharente,bd6t551018506,,failed,0,0,,no_usable_pages,known,,,bd6t551018506: no usable pages in manifest.,2026-07-17T18:15:03.978347
lacharente,bd6t55101851m,,failed,0,0,,no_usable_pages,known,,,bd6t55101851m: no usable pages in manifest.,2026-07-17T18:15:04.124379
lacharente,bd6t551018521,,failed,0,0,,no_usable_pages,known,,,bd6t551018521: no usable pages in manifest.,2026-07-17T18:15:04.261530
lacharente,bd6t55101853f,,failed,0,0,,no_usable_pages,known,,,bd6t55101853f: no usable pages in manifest.,2026-07-17T18:15:04.425652
lacharente,bd6t55101854v,,failed,0,0,,no_usable_pages,known,,,bd6t55101854v: no usable pages in manifest.,2026-07-17T18:15:04.593610
lacharente,bd6t551018558,,failed,0,0,,no_usable_pages,known,,,bd6t551018558: no usable pages in manifest.,2026-07-17T18:15:04.754818
lacharente,bd6t551018573,,failed,0,0,,no_usable_pages,known,,,bd6t551018573: no usable pages in manifest.,2026-07-17T18:15:04.906436
lacharente,bd6t55101858h,,failed,0,0,,no_usable_pages,known,,,bd6t55101858h: no usable pages in manifest.,2026-07-17T18:15:05.140600
lacharente,bd6t55101859x,,failed,0,0,,no_usable_pages,known,,,bd6t55101859x: no usable pages in manifest.,2026-07-17T18:15:05.237904
lacharente,bd6t55101860k,,failed,0,0,,no_usable_pages,known,,,bd6t55101860k: no usable pages in manifest.,2026-07-17T18:15:05.360743
lacharente,bd6t551018610,,failed,0,0,,no_usable_pages,known,,,bd6t551018610: no usable pages in manifest.,2026-07-17T18:15:05.448558
lacharente,bd6t55101862d,,failed,0,0,,no_usable_pages,known,,,bd6t55101862d: no usable pages in manifest.,2026-07-17T18:15:05.554487
lacharente,bd6t55101863t,,failed,0,0,,no_usable_pages,known,,,bd6t55101863t: no usable pages in manifest.,2026-07-17T18:15:05.689909
lacharente,bd6t551018647,,failed,0,0,,no_usable_pages,known,,,bd6t551018647: no usable pages in manifest.,2026-07-17T18:15:05.816434
lacharente,bd6t55101865n,,failed,0,0,,no_usable_pages,known,,,bd6t55101865n: no usable pages in manifest.,2026-07-17T18:15:05.929705
lacharente,bd6t551018662,,failed,0,0,,no_usable_pages,known,,,bd6t551018662: no usable pages in manifest.,2026-07-17T18:15:06.130414
lacharente,bd6t55101867g,,failed,0,0,,no_usable_pages,known,,,bd6t55101867g: no usable pages in manifest.,2026-07-17T18:15:06.241163
lacharente,bd6t55101868w,,failed,0,0,,no_usable_pages,known,,,bd6t55101868w: no usable pages in manifest.,2026-07-17T18:15:06.406002
lacharente,bd6t551018699,,failed,0,0,,no_usable_pages,known,,,bd6t551018699: no usable pages in manifest.,2026-07-17T18:15:06.507530
lacharente,bd6t55101870z,,failed,0,0,,no_usable_pages,known,,,bd6t55101870z: no usable pages in manifest.,2026-07-17T18:15:06.611295
lacharente,bd6t55101871c,,failed,0,0,,no_usable_pages,known,,,bd6t55101871c: no usable pages in manifest.,2026-07-17T18:15:06.735284
lacharente,bd6t55101872s,,failed,0,0,,no_usable_pages,known,,,bd6t55101872s: no usable pages in manifest.,2026-07-17T18:15:06.868711
lacharente,bd6t551018736,,failed,0,0,,no_usable_pages,known,,,bd6t551018736: no usable pages in manifest.,2026-07-17T18:15:07.011198
lacharente,bd6t55101874m,,failed,0,0,,no_usable_pages,known,,,bd6t55101874m: no usable pages in manifest.,2026-07-17T18:15:07.233349
lacharente,bd6t551018751,,failed,0,0,,no_usable_pages,known,,,bd6t551018751: no usable pages in manifest.,2026-07-17T18:15:07.371234
lacharente,bd6t55101876f,,failed,0,0,,no_usable_pages,known,,,bd6t55101876f: no usable pages in manifest.,2026-07-17T18:15:07.571632
lacharente,bd6t55101877v,,failed,0,0,,no_usable_pages,known,,,bd6t55101877v: no usable pages in manifest.,2026-07-17T18:15:07.755119
lacharente,bd6t551018788,,failed,0,0,,no_usable_pages,known,,,bd6t551018788: no usable pages in manifest.,2026-07-17T18:15:07.887880
lacharente,bd6t55101879p,,failed,0,0,,no_usable_pages,known,,,bd6t55101879p: no usable pages in manifest.,2026-07-17T18:15:08.037057
lacharente,bd6t55101880b,,failed,0,0,,no_usable_pages,known,,,bd6t55101880b: no usable pages in manifest.,2026-07-17T18:15:08.293700
lacharente,bd6t55101881r,,failed,0,0,,no_usable_pages,known,,,bd6t55101881r: no usable pages in manifest.,2026-07-17T18:15:08.447535
lacharente,bd6t551018825,,failed,0,0,,no_usable_pages,known,,,bd6t551018825: no usable pages in manifest.,2026-07-17T18:15:08.578946
lacharente,bd6t551018840,,failed,0,0,,no_usable_pages,known,,,bd6t551018840: no usable pages in manifest.,2026-07-17T18:15:08.720749
lacharente,bd6t55101885d,,failed,0,0,,no_usable_pages,known,,,bd6t55101885d: no usable pages in manifest.,2026-07-17T18:15:08.849919
lacharente,bd6t55101886t,,failed,0,0,,no_usable_pages,known,,,bd6t55101886t: no usable pages in manifest.,2026-07-17T18:15:09.058260
lacharente,bd6t551018877,,failed,0,0,,no_usable_pages,known,,,bd6t551018877: no usable pages in manifest.,2026-07-17T18:15:09.194384
lacharente,bd6t55101888n,,failed,0,0,,no_usable_pages,known,,,bd6t55101888n: no usable pages in manifest.,2026-07-17T18:15:09.429922
lacharente,bd6t551018892,,failed,0,0,,no_usable_pages,known,,,bd6t551018892: no usable pages in manifest.,2026-07-17T18:15:09.573015
lacharente,bd6t55101890q,,failed,0,0,,no_usable_pages,known,,,bd6t55101890q: no usable pages in manifest.,2026-07-17T18:15:09.717686
lacharente,bd6t551018914,,failed,0,0,,no_usable_pages,known,,,bd6t551018914: no usable pages in manifest.,2026-07-17T18:15:09.857001
lacharente,bd6t55101892j,,failed,0,0,,no_usable_pages,known,,,bd6t55101892j: no usable pages in manifest.,2026-07-17T18:15:09.999562
lacharente,bd6t55101893z,,failed,0,0,,no_usable_pages,known,,,bd6t55101893z: no usable pages in manifest.,2026-07-17T18:15:10.134646
lacharente,bd6t55101894c,,failed,0,0,,no_usable_pages,known,,,bd6t55101894c: no usable pages in manifest.,2026-07-17T18:15:10.274334
lacharente,bd6t55101895s,,failed,0,0,,no_usable_pages,known,,,bd6t55101895s: no usable pages in manifest.,2026-07-17T18:15:10.531688
lacharente,bd6t551018966,,failed,0,0,,no_usable_pages,known,,,bd6t551018966: no usable pages in manifest.,2026-07-17T18:15:10.650256
lacharente,bd6t55101897m,,failed,0,0,,no_usable_pages,known,,,bd6t55101897m: no usable pages in manifest.,2026-07-17T18:15:10.865491
lacharente,bd6t551018981,,failed,0,0,,no_usable_pages,known,,,bd6t551018981: no usable pages in manifest.,2026-07-17T18:15:10.987618
lacharente,bd6t55101899f,,failed,0,0,,no_usable_pages,known,,,bd6t55101899f: no usable pages in manifest.,2026-07-17T18:15:11.167400
lacharente,bd6t55101900n,,failed,0,0,,no_usable_pages,known,,,bd6t55101900n: no usable pages in manifest.,2026-07-17T18:15:11.286592
lacharente,bpt6k4662764v,,failed,0,0,,no_usable_pages,known,,,bpt6k4662764v: no usable pages in manifest.,2026-07-17T18:15:11.495994
lacharente,bd6t551019012,,failed,0,0,,no_usable_pages,known,,,bd6t551019012: no usable pages in manifest.,2026-07-17T18:15:11.630847
lacharente,bpt6k46627658,,failed,0,0,,no_usable_pages,known,,,bpt6k46627658: no usable pages in manifest.,2026-07-17T18:15:11.739416
lacharente,bd6t55101902g,,failed,0,0,,no_usable_pages,known,,,bd6t55101902g: no usable pages in manifest.,2026-07-17T18:15:11.854198
lacharente,bd6t55101903w,,failed,0,0,,no_usable_pages,known,,,bd6t55101903w: no usable pages in manifest.,2026-07-17T18:15:11.968090
lacharente,bd6t551019049,,failed,0,0,,no_usable_pages,known,,,bd6t551019049: no usable pages in manifest.,2026-07-17T18:15:12.107595
lacharente,bd6t55101905q,,failed,0,0,,no_usable_pages,known,,,bd6t55101905q: no usable pages in manifest.,2026-07-17T18:15:12.231998
lacharente,bd6t551019064,,failed,0,0,,no_usable_pages,known,,,bd6t551019064: no usable pages in manifest.,2026-07-17T18:15:12.360982
lacharente,bpt6k4662770k,,failed,0,0,,no_usable_pages,known,,,bpt6k4662770k: no usable pages in manifest.,2026-07-17T18:15:12.575641
lacharente,bd6t55101907j,,failed,0,0,,no_usable_pages,known,,,bd6t55101907j: no usable pages in manifest.,2026-07-17T18:15:12.790269
lacharente,bpt6k46627710,,failed,0,0,,no_usable_pages,known,,,bpt6k46627710: no usable pages in manifest.,2026-07-17T18:15:13.033367
lacharente,bd6t55101908z,,failed,0,0,,no_usable_pages,known,,,bd6t55101908z: no usable pages in manifest.,2026-07-17T18:15:13.194099
lacharente,bd6t55101909c,,failed,0,0,,no_usable_pages,known,,,bd6t55101909c: no usable pages in manifest.,2026-07-17T18:15:13.335588
lacharente,bd6t551019101,,failed,0,0,,no_usable_pages,known,,,bd6t551019101: no usable pages in manifest.,2026-07-17T18:15:13.467191
lacharente,bd6t55101883k,,failed,0,0,,no_usable_pages,known,,,bd6t55101883k: no usable pages in manifest.,2026-07-17T18:15:13.730986
lacharente,bpt6k46627747,,failed,0,0,,no_usable_pages,known,,,bpt6k46627747: no usable pages in manifest.,2026-07-17T18:15:13.919435
lacharente,bd6t55101911f,,failed,0,0,,no_usable_pages,known,,,bd6t55101911f: no usable pages in manifest.,2026-07-17T18:15:14.074125
lacharente,bd6t55101912v,,failed,0,0,,no_usable_pages,known,,,bd6t55101912v: no usable pages in manifest.,2026-07-17T18:15:14.211114
lacharente,bpt6k46627762,,failed,0,0,,no_usable_pages,known,,,bpt6k46627762: no usable pages in manifest.,2026-07-17T18:15:14.376524
lacharente,bd6t551019138,,failed,0,0,,no_usable_pages,known,,,bd6t551019138: no usable pages in manifest.,2026-07-17T18:15:14.498988
lacharente,bpt6k4662777g,,failed,0,0,,no_usable_pages,known,,,bpt6k4662777g: no usable pages in manifest.,2026-07-17T18:15:14.724844
lacharente,bd6t55101914p,,failed,0,0,,no_usable_pages,known,,,bd6t55101914p: no usable pages in manifest.,2026-07-17T18:15:14.850300
lacharente,bd6t551019153,,failed,0,0,,no_usable_pages,known,,,bd6t551019153: no usable pages in manifest.,2026-07-17T18:15:15.031029
lacharente,bd6t55101916h,,failed,0,0,,no_usable_pages,known,,,bd6t55101916h: no usable pages in manifest.,2026-07-17T18:15:15.164340
lacharente,bd6t55101917x,,failed,0,0,,no_usable_pages,known,,,bd6t55101917x: no usable pages in manifest.,2026-07-17T18:15:15.356774
lacharente,bd6t55101918b,,failed,0,0,,no_usable_pages,known,,,bd6t55101918b: no usable pages in manifest.,2026-07-17T18:15:15.524100
lacharente,bd6t55101919r,,failed,0,0,,no_usable_pages,known,,,bd6t55101919r: no usable pages in manifest.,2026-07-17T18:15:15.696031
lacharente,bd6t55101920d,,failed,0,0,,no_usable_pages,known,,,bd6t55101920d: no usable pages in manifest.,2026-07-17T18:15:15.924680
lacharente,bd6t55101921t,,failed,0,0,,no_usable_pages,known,,,bd6t55101921t: no usable pages in manifest.,2026-07-17T18:15:16.088440
lacharente,bd6t551019227,,failed,0,0,,no_usable_pages,known,,,bd6t551019227: no usable pages in manifest.,2026-07-17T18:15:16.264222
lacharente,bd6t55101923n,,failed,0,0,,no_usable_pages,known,,,bd6t55101923n: no usable pages in manifest.,2026-07-17T18:15:16.383548
lacharente,bd6t551019242,,failed,0,0,,no_usable_pages,known,,,bd6t551019242: no usable pages in manifest.,2026-07-17T18:15:16.518074
lacharente,bd6t55101925g,,failed,0,0,,no_usable_pages,known,,,bd6t55101925g: no usable pages in manifest.,2026-07-17T18:15:16.685542
lacharente,bd6t55101926w,,failed,0,0,,no_usable_pages,known,,,bd6t55101926w: no usable pages in manifest.,2026-07-17T18:15:16.879939
lacharente,bd6t551019279,,failed,0,0,,no_usable_pages,known,,,bd6t551019279: no usable pages in manifest.,2026-07-17T18:15:17.022913
lacharente,bd6t55101928q,,failed,0,0,,no_usable_pages,known,,,bd6t55101928q: no usable pages in manifest.,2026-07-17T18:15:17.200011
lacharente,bd6t551019294,,failed,0,0,,no_usable_pages,known,,,bd6t551019294: no usable pages in manifest.,2026-07-17T18:15:17.345357
lacharente,bd6t55101930s,,failed,0,0,,no_usable_pages,known,,,bd6t55101930s: no usable pages in manifest.,2026-07-17T18:15:17.469956
lacharente,bd6t551019316,,failed,0,0,,no_usable_pages,known,,,bd6t551019316: no usable pages in manifest.,2026-07-17T18:15:17.615721
lacharente,bd6t55101932m,,failed,0,0,,no_usable_pages,known,,,bd6t55101932m: no usable pages in manifest.,2026-07-17T18:15:17.780675
lacharente,bd6t551019331,,failed,0,0,,no_usable_pages,known,,,bd6t551019331: no usable pages in manifest.,2026-07-17T18:15:18.004977
lacharente,bd6t55101934f,,failed,0,0,,no_usable_pages,known,,,bd6t55101934f: no usable pages in manifest.,2026-07-17T18:15:18.188641
lacharente,bd6t55101935v,,failed,0,0,,no_usable_pages,known,,,bd6t55101935v: no usable pages in manifest.,2026-07-17T18:15:18.388240
lacharente,bd6t551019368,,failed,0,0,,no_usable_pages,known,,,bd6t551019368: no usable pages in manifest.,2026-07-17T18:15:18.608021
lacharente,bd6t55101937p,,failed,0,0,,no_usable_pages,known,,,bd6t55101937p: no usable pages in manifest.,2026-07-17T18:15:18.761028
lacharente,bd6t551019383,,failed,0,0,,no_usable_pages,known,,,bd6t551019383: no usable pages in manifest.,2026-07-17T18:15:18.887305
lacharente,bd6t55101939h,,failed,0,0,,no_usable_pages,known,,,bd6t55101939h: no usable pages in manifest.,2026-07-17T18:15:19.082264
lacharente,bd6t551019405,,failed,0,0,,no_usable_pages,known,,,bd6t551019405: no usable pages in manifest.,2026-07-17T18:15:19.319361
lacharente,bd6t55101941k,,failed,0,0,,no_usable_pages,known,,,bd6t55101941k: no usable pages in manifest.,2026-07-17T18:15:19.485384
lacharente,bd6t551019420,,failed,0,0,,no_usable_pages,known,,,bd6t551019420: no usable pages in manifest.,2026-07-17T18:15:19.589521
lacharente,bd6t55101943d,,failed,0,0,,no_usable_pages,known,,,bd6t55101943d: no usable pages in manifest.,2026-07-17T18:15:19.723312
lacharente,bd6t55101944t,,failed,0,0,,no_usable_pages,known,,,bd6t55101944t: no usable pages in manifest.,2026-07-17T18:15:19.865566
lacharente,bd6t551019457,,failed,0,0,,no_usable_pages,known,,,bd6t551019457: no usable pages in manifest.,2026-07-17T18:15:20.015108
lacharente,bd6t55101946n,,failed,0,0,,no_usable_pages,known,,,bd6t55101946n: no usable pages in manifest.,2026-07-17T18:15:20.187321
lacharente,bd6t551019472,,failed,0,0,,no_usable_pages,known,,,bd6t551019472: no usable pages in manifest.,2026-07-17T18:15:20.395399
lacharente,bd6t55101948g,,failed,0,0,,no_usable_pages,known,,,bd6t55101948g: no usable pages in manifest.,2026-07-17T18:15:20.517541
lacharente,bd6t55101949w,,failed,0,0,,no_usable_pages,known,,,bd6t55101949w: no usable pages in manifest.,2026-07-17T18:15:20.656476
lacharente,bd6t55101950j,,failed,0,0,,no_usable_pages,known,,,bd6t55101950j: no usable pages in manifest.,2026-07-17T18:15:20.794550
lacharente,bd6t55101951z,,failed,0,0,,no_usable_pages,known,,,bd6t55101951z: no usable pages in manifest.,2026-07-17T18:15:20.944950
lacharente,bd6t55101952c,,failed,0,0,,no_usable_pages,known,,,bd6t55101952c: no usable pages in manifest.,2026-07-17T18:15:21.099268
lacharente,bd6t55101953s,,failed,0,0,,no_usable_pages,known,,,bd6t55101953s: no usable pages in manifest.,2026-07-17T18:15:21.250916
lacharente,bd6t551019546,,failed,0,0,,no_usable_pages,known,,,bd6t551019546: no usable pages in manifest.,2026-07-17T18:15:21.497514
lacharente,bd6t55101955m,,failed,0,0,,no_usable_pages,known,,,bd6t55101955m: no usable pages in manifest.,2026-07-17T18:15:21.637195
lacharente,bd6t551019561,,failed,0,0,,no_usable_pages,known,,,bd6t551019561: no usable pages in manifest.,2026-07-17T18:15:21.768339
lacharente,bd6t55101957f,,failed,0,0,,no_usable_pages,known,,,bd6t55101957f: no usable pages in manifest.,2026-07-17T18:15:21.880162
lacharente,bd6t55101958v,,failed,0,0,,no_usable_pages,known,,,bd6t55101958v: no usable pages in manifest.,2026-07-17T18:15:22.009750
lacharente,bd6t551019598,,failed,0,0,,no_usable_pages,known,,,bd6t551019598: no usable pages in manifest.,2026-07-17T18:15:22.157632
lacharente,bd6t55101960x,,failed,0,0,,no_usable_pages,known,,,bd6t55101960x: no usable pages in manifest.,2026-07-17T18:15:22.315035
lacharente,bd6t55101961b,,failed,0,0,,no_usable_pages,known,,,bd6t55101961b: no usable pages in manifest.,2026-07-17T18:15:22.528597
lacharente,bd6t55101962r,,failed,0,0,,no_usable_pages,known,,,bd6t55101962r: no usable pages in manifest.,2026-07-17T18:15:22.686141
lacharente,bd6t551019635,,failed,0,0,,no_usable_pages,known,,,bd6t551019635: no usable pages in manifest.,2026-07-17T18:15:22.828297
lacharente,bd6t55101964k,,failed,0,0,,no_usable_pages,known,,,bd6t55101964k: no usable pages in manifest.,2026-07-17T18:15:22.987631
lacharente,bd6t551019650,,failed,0,0,,no_usable_pages,known,,,bd6t551019650: no usable pages in manifest.,2026-07-17T18:15:23.132116
lacharente,bd6t55101966d,,failed,0,0,,no_usable_pages,known,,,bd6t55101966d: no usable pages in manifest.,2026-07-17T18:15:23.348150
lacharente,bd6t55101967t,,failed,0,0,,no_usable_pages,known,,,bd6t55101967t: no usable pages in manifest.,2026-07-17T18:15:23.676296
lacharente,bd6t551019687,,failed,0,0,,no_usable_pages,known,,,bd6t551019687: no usable pages in manifest.,2026-07-17T18:15:23.868679
lacharente,bd6t55101969n,,failed,0,0,,no_usable_pages,known,,,bd6t55101969n: no usable pages in manifest.,2026-07-17T18:15:24.002870
lacharente,bd6t551019709,,failed,0,0,,no_usable_pages,known,,,bd6t551019709: no usable pages in manifest.,2026-07-17T18:15:24.142376
lacharente,bd6t55101971q,,failed,0,0,,no_usable_pages,known,,,bd6t55101971q: no usable pages in manifest.,2026-07-17T18:15:24.302172
lacharente,bd6t551019724,,failed,0,0,,no_usable_pages,known,,,bd6t551019724: no usable pages in manifest.,2026-07-17T18:15:24.472371
lacharente,bd6t55101973j,,failed,0,0,,no_usable_pages,known,,,bd6t55101973j: no usable pages in manifest.,2026-07-17T18:15:24.669698
lacharente,bd6t55101974z,,failed,0,0,,no_usable_pages,known,,,bd6t55101974z: no usable pages in manifest.,2026-07-17T18:15:24.931849
lacharente,bd6t55101975c,,failed,0,0,,no_usable_pages,known,,,bd6t55101975c: no usable pages in manifest.,2026-07-17T18:15:25.096504
lacharente,bd6t55101976s,,failed,0,0,,no_usable_pages,known,,,bd6t55101976s: no usable pages in manifest.,2026-07-17T18:15:25.273902
lacharente,bd6t551019776,,failed,0,0,,no_usable_pages,known,,,bd6t551019776: no usable pages in manifest.,2026-07-17T18:15:25.403818
lacharente,bd6t55101978m,,failed,0,0,,no_usable_pages,known,,,bd6t55101978m: no usable pages in manifest.,2026-07-17T18:15:25.573717
lacharente,bd6t551019791,,failed,0,0,,no_usable_pages,known,,,bd6t551019791: no usable pages in manifest.,2026-07-17T18:15:25.750124
lacharente,bd6t55101980p,,failed,0,0,,no_usable_pages,known,,,bd6t55101980p: no usable pages in manifest.,2026-07-17T18:15:25.939264
lacharente,bd6t551019813,,failed,0,0,,no_usable_pages,known,,,bd6t551019813: no usable pages in manifest.,2026-07-17T18:15:26.092465
lacharente,bd6t55101982h,,failed,0,0,,no_usable_pages,known,,,bd6t55101982h: no usable pages in manifest.,2026-07-17T18:15:26.209372
lacharente,bd6t55101983x,,failed,0,0,,no_usable_pages,known,,,bd6t55101983x: no usable pages in manifest.,2026-07-17T18:15:26.314241
lacharente,bd6t55101984b,,failed,0,0,,no_usable_pages,known,,,bd6t55101984b: no usable pages in manifest.,2026-07-17T18:15:26.487927
lacharente,bd6t55101985r,,failed,0,0,,no_usable_pages,known,,,bd6t55101985r: no usable pages in manifest.,2026-07-17T18:15:26.658745
lacharente,bd6t551019865,,failed,0,0,,no_usable_pages,known,,,bd6t551019865: no usable pages in manifest.,2026-07-17T18:15:26.855901
lacharente,bd6t55101987k,,failed,0,0,,no_usable_pages,known,,,bd6t55101987k: no usable pages in manifest.,2026-07-17T18:15:27.029642
lacharente,bd6t551019880,,failed,0,0,,no_usable_pages,known,,,bd6t551019880: no usable pages in manifest.,2026-07-17T18:15:27.173557
lacharente,bd6t55101989d,,failed,0,0,,no_usable_pages,known,,,bd6t55101989d: no usable pages in manifest.,2026-07-17T18:15:27.330858
lacharente,bd6t551019902,,failed,0,0,,no_usable_pages,known,,,bd6t551019902: no usable pages in manifest.,2026-07-17T18:15:27.495643
lacharente,bd6t55101992w,,failed,0,0,,no_usable_pages,known,,,bd6t55101992w: no usable pages in manifest.,2026-07-17T18:15:27.732979
lacharente,bd6t55101991g,,failed,0,0,,no_usable_pages,known,,,bd6t55101991g: no usable pages in manifest.,2026-07-17T18:15:27.952301
lacharente,bd6t551019939,,failed,0,0,,no_usable_pages,known,,,bd6t551019939: no usable pages in manifest.,2026-07-17T18:15:28.177355
lacharente,bd6t55101994q,,failed,0,0,,no_usable_pages,known,,,bd6t55101994q: no usable pages in manifest.,2026-07-17T18:15:28.315190
lacharente,bd6t551019954,,failed,0,0,,no_usable_pages,known,,,bd6t551019954: no usable pages in manifest.,2026-07-17T18:15:28.487941
lacharente,bd6t55101996j,,failed,0,0,,no_usable_pages,known,,,bd6t55101996j: no usable pages in manifest.,2026-07-17T18:15:28.632702
lacharente,bd6t55101997z,,failed,0,0,,no_usable_pages,known,,,bd6t55101997z: no usable pages in manifest.,2026-07-17T18:15:28.825706
lacharente,bd6t55101998c,,failed,0,0,,no_usable_pages,known,,,bd6t55101998c: no usable pages in manifest.,2026-07-17T18:15:29.059023
lacharente,bd6t55101999s,,failed,0,0,,no_usable_pages,known,,,bd6t55101999s: no usable pages in manifest.,2026-07-17T18:15:29.269982
lacharente,bd6t55102000v,,failed,0,0,,no_usable_pages,known,,,bd6t55102000v: no usable pages in manifest.,2026-07-17T18:15:29.378684
lacharente,bd6t551020018,,failed,0,0,,no_usable_pages,known,,,bd6t551020018: no usable pages in manifest.,2026-07-17T18:15:29.510325
lacharente,bd6t55102002p,,failed,0,0,,no_usable_pages,known,,,bd6t55102002p: no usable pages in manifest.,2026-07-17T18:15:29.638680
lacharente,bd6t551020033,,failed,0,0,,no_usable_pages,known,,,bd6t551020033: no usable pages in manifest.,2026-07-17T18:15:29.773474
lacharente,bd6t55102004h,,failed,0,0,,no_usable_pages,known,,,bd6t55102004h: no usable pages in manifest.,2026-07-17T18:15:29.952509
lacharente,bd6t55102005x,,failed,0,0,,no_usable_pages,known,,,bd6t55102005x: no usable pages in manifest.,2026-07-17T18:15:30.136194
lacharente,bd6t55102006b,,failed,0,0,,no_usable_pages,known,,,bd6t55102006b: no usable pages in manifest.,2026-07-17T18:15:30.278769
lacharente,bd6t55102007r,,failed,0,0,,no_usable_pages,known,,,bd6t55102007r: no usable pages in manifest.,2026-07-17T18:15:30.411307
lacharente,bd6t551020085,,failed,0,0,,no_usable_pages,known,,,bd6t551020085: no usable pages in manifest.,2026-07-17T18:15:30.584233
lacharente,bd6t55102009k,,failed,0,0,,no_usable_pages,known,,,bd6t55102009k: no usable pages in manifest.,2026-07-17T18:15:30.729322
lacharente,bd6t551020107,,failed,0,0,,no_usable_pages,known,,,bd6t551020107: no usable pages in manifest.,2026-07-17T18:15:30.860065
lacharente,bd6t55102011n,,failed,0,0,,no_usable_pages,known,,,bd6t55102011n: no usable pages in manifest.,2026-07-17T18:15:31.013314
lacharente,bd6t551020122,,failed,0,0,,no_usable_pages,known,,,bd6t551020122: no usable pages in manifest.,2026-07-17T18:15:31.160669
lacharente,bd6t55102013g,,failed,0,0,,no_usable_pages,known,,,bd6t55102013g: no usable pages in manifest.,2026-07-17T18:15:31.373149
lacharente,bd6t55102014w,,failed,0,0,,no_usable_pages,known,,,bd6t55102014w: no usable pages in manifest.,2026-07-17T18:15:31.560206
lacharente,bd6t551020159,,failed,0,0,,no_usable_pages,known,,,bd6t551020159: no usable pages in manifest.,2026-07-17T18:15:31.763262
lacharente,bd6t55102016q,,failed,0,0,,no_usable_pages,known,,,bd6t55102016q: no usable pages in manifest.,2026-07-17T18:15:31.980534
lacharente,bd6t551020174,,failed,0,0,,no_usable_pages,known,,,bd6t551020174: no usable pages in manifest.,2026-07-17T18:15:32.200921
lacharente,bd6t55102018j,,failed,0,0,,no_usable_pages,known,,,bd6t55102018j: no usable pages in manifest.,2026-07-17T18:15:32.345769
lacharente,bd6t55102019z,,failed,0,0,,no_usable_pages,known,,,bd6t55102019z: no usable pages in manifest.,2026-07-17T18:15:32.527713
lacharente,bd6t55102020m,,failed,0,0,,no_usable_pages,known,,,bd6t55102020m: no usable pages in manifest.,2026-07-17T18:15:32.673355
lacharente,bd6t551020211,,failed,0,0,,no_usable_pages,known,,,bd6t551020211: no usable pages in manifest.,2026-07-17T18:15:32.816975
lacharente,bd6t55102022f,,failed,0,0,,no_usable_pages,known,,,bd6t55102022f: no usable pages in manifest.,2026-07-17T18:15:32.999870
lacharente,bd6t55102023v,,failed,0,0,,no_usable_pages,known,,,bd6t55102023v: no usable pages in manifest.,2026-07-17T18:15:33.314412
lacharente,bd6t551020248,,failed,0,0,,no_usable_pages,known,,,bd6t551020248: no usable pages in manifest.,2026-07-17T18:15:33.548486
lacharente,bd6t55102025p,,failed,0,0,,no_usable_pages,known,,,bd6t55102025p: no usable pages in manifest.,2026-07-17T18:15:33.801297
lacharente,bd6t551020263,,failed,0,0,,no_usable_pages,known,,,bd6t551020263: no usable pages in manifest.,2026-07-17T18:15:33.964939
lacharente,bd6t55102027h,,failed,0,0,,no_usable_pages,known,,,bd6t55102027h: no usable pages in manifest.,2026-07-17T18:15:34.090477
lacharente,bd6t55102028x,,failed,0,0,,no_usable_pages,known,,,bd6t55102028x: no usable pages in manifest.,2026-07-17T18:15:34.275755
lacharente,bd6t55102029b,,failed,0,0,,no_usable_pages,known,,,bd6t55102029b: no usable pages in manifest.,2026-07-17T18:15:34.471943
lacharente,bd6t551020300,,failed,0,0,,no_usable_pages,known,,,bd6t551020300: no usable pages in manifest.,2026-07-17T18:15:34.654397
lacharente,bd6t55102031d,,failed,0,0,,no_usable_pages,known,,,bd6t55102031d: no usable pages in manifest.,2026-07-17T18:15:34.804498
lacharente,bd6t55102032t,,failed,0,0,,no_usable_pages,known,,,bd6t55102032t: no usable pages in manifest.,2026-07-17T18:15:34.951952
lacharente,bd6t551020337,,failed,0,0,,no_usable_pages,known,,,bd6t551020337: no usable pages in manifest.,2026-07-17T18:15:35.147204
lacharente,bd6t55102034n,,failed,0,0,,no_usable_pages,known,,,bd6t55102034n: no usable pages in manifest.,2026-07-17T18:15:35.337982
lacharente,bd6t551020352,,failed,0,0,,no_usable_pages,known,,,bd6t551020352: no usable pages in manifest.,2026-07-17T18:15:35.549936
lacharente,bd6t55102036g,,failed,0,0,,no_usable_pages,known,,,bd6t55102036g: no usable pages in manifest.,2026-07-17T18:15:35.718551
lacharente,bd6t55102037w,,failed,0,0,,no_usable_pages,known,,,bd6t55102037w: no usable pages in manifest.,2026-07-17T18:15:35.859959
lacharente,bd6t551020389,,failed,0,0,,no_usable_pages,known,,,bd6t551020389: no usable pages in manifest.,2026-07-17T18:15:36.010969
lacharente,bd6t55102039q,,failed,0,0,,no_usable_pages,known,,,bd6t55102039q: no usable pages in manifest.,2026-07-17T18:15:36.188847
lacharente,bd6t55102040c,,failed,0,0,,no_usable_pages,known,,,bd6t55102040c: no usable pages in manifest.,2026-07-17T18:15:36.361695
lacharente,bd6t55102041s,,failed,0,0,,no_usable_pages,known,,,bd6t55102041s: no usable pages in manifest.,2026-07-17T18:15:36.647436
lacharente,bd6t551020426,,failed,0,0,,no_usable_pages,known,,,bd6t551020426: no usable pages in manifest.,2026-07-17T18:15:36.925658
lacharente,bd6t55102043m,,failed,0,0,,no_usable_pages,known,,,bd6t55102043m: no usable pages in manifest.,2026-07-17T18:15:37.082421
lacharente,bd6t551020441,,failed,0,0,,no_usable_pages,known,,,bd6t551020441: no usable pages in manifest.,2026-07-17T18:15:37.333250
lacharente,bd6t55102045f,,failed,0,0,,no_usable_pages,known,,,bd6t55102045f: no usable pages in manifest.,2026-07-17T18:15:37.734008
lacharente,bd6t55102046v,,failed,0,0,,no_usable_pages,known,,,bd6t55102046v: no usable pages in manifest.,2026-07-17T18:15:38.005584
lacharente,bd6t551020478,,failed,0,0,,no_usable_pages,known,,,bd6t551020478: no usable pages in manifest.,2026-07-17T18:15:38.212281
lacharente,bd6t55102048p,,failed,0,0,,no_usable_pages,known,,,bd6t55102048p: no usable pages in manifest.,2026-07-17T18:15:38.407222
lacharente,bd6t551020493,,failed,0,0,,no_usable_pages,known,,,bd6t551020493: no usable pages in manifest.,2026-07-17T18:15:38.592219
lacharente,bd6t55102050r,,failed,0,0,,no_usable_pages,known,,,bd6t55102050r: no usable pages in manifest.,2026-07-17T18:15:38.866359
lacharente,bd6t551020515,,failed,0,0,,no_usable_pages,known,,,bd6t551020515: no usable pages in manifest.,2026-07-17T18:15:39.115862
lacharente,bd6t55102052k,,failed,0,0,,no_usable_pages,known,,,bd6t55102052k: no usable pages in manifest.,2026-07-17T18:15:39.387973
lacharente,bd6t551020530,,failed,0,0,,no_usable_pages,known,,,bd6t551020530: no usable pages in manifest.,2026-07-17T18:15:39.577471
lacharente,bd6t55102054d,,failed,0,0,,no_usable_pages,known,,,bd6t55102054d: no usable pages in manifest.,2026-07-17T18:15:39.990000
lacharente,bd6t55102055t,,failed,0,0,,no_usable_pages,known,,,bd6t55102055t: no usable pages in manifest.,2026-07-17T18:15:40.285339
lacharente,bd6t551020567,,failed,0,0,,no_usable_pages,known,,,bd6t551020567: no usable pages in manifest.,2026-07-17T18:15:40.460295
lacharente,bd6t55102057n,,failed,0,0,,no_usable_pages,known,,,bd6t55102057n: no usable pages in manifest.,2026-07-17T18:15:40.664012
lacharente,bd6t551020582,,failed,0,0,,no_usable_pages,known,,,bd6t551020582: no usable pages in manifest.,2026-07-17T18:15:40.905576
lacharente,bd6t55102059g,,failed,0,0,,no_usable_pages,known,,,bd6t55102059g: no usable pages in manifest.,2026-07-17T18:15:41.160220
lacharente,bd6t551020604,,failed,0,0,,no_usable_pages,known,,,bd6t551020604: no usable pages in manifest.,2026-07-17T18:15:41.466123
lacharente,bd6t55102061j,,failed,0,0,,no_usable_pages,known,,,bd6t55102061j: no usable pages in manifest.,2026-07-17T18:15:41.655018
lacharente,bd6t55102062z,,failed,0,0,,no_usable_pages,known,,,bd6t55102062z: no usable pages in manifest.,2026-07-17T18:15:41.833817
lacharente,bd6t55102063c,,failed,0,0,,no_usable_pages,known,,,bd6t55102063c: no usable pages in manifest.,2026-07-17T18:15:42.241733
lacharente,bd6t55102064s,,failed,0,0,,no_usable_pages,known,,,bd6t55102064s: no usable pages in manifest.,2026-07-17T18:15:42.494766
lacharente,bd6t551020656,,failed,0,0,,no_usable_pages,known,,,bd6t551020656: no usable pages in manifest.,2026-07-17T18:15:42.620341
lacharente,bd6t55102066m,,failed,0,0,,no_usable_pages,known,,,bd6t55102066m: no usable pages in manifest.,2026-07-17T18:15:42.834774
lacharente,bd6t551020671,,failed,0,0,,no_usable_pages,known,,,bd6t551020671: no usable pages in manifest.,2026-07-17T18:15:43.104057
lacharente,bd6t55102068f,,failed,0,0,,no_usable_pages,known,,,bd6t55102068f: no usable pages in manifest.,2026-07-17T18:15:43.288181
lacharente,bd6t55102069v,,failed,0,0,,no_usable_pages,known,,,bd6t55102069v: no usable pages in manifest.,2026-07-17T18:15:43.495940
lacharente,bd6t55102070h,,failed,0,0,,no_usable_pages,known,,,bd6t55102070h: no usable pages in manifest.,2026-07-17T18:15:43.682079
lacharente,bd6t55102071x,,failed,0,0,,no_usable_pages,known,,,bd6t55102071x: no usable pages in manifest.,2026-07-17T18:15:43.880196
lacharente,bd6t55102072b,,failed,0,0,,no_usable_pages,known,,,bd6t55102072b: no usable pages in manifest.,2026-07-17T18:15:44.042523
lacharente,bd6t55102073r,,failed,0,0,,no_usable_pages,known,,,bd6t55102073r: no usable pages in manifest.,2026-07-17T18:15:44.245897
lacharente,bd6t551020745,,failed,0,0,,no_usable_pages,known,,,bd6t551020745: no usable pages in manifest.,2026-07-17T18:15:44.501009
lacharente,bd6t55102075k,,failed,0,0,,no_usable_pages,known,,,bd6t55102075k: no usable pages in manifest.,2026-07-17T18:15:44.776166
lacharente,bd6t551020760,,failed,0,0,,no_usable_pages,known,,,bd6t551020760: no usable pages in manifest.,2026-07-17T18:15:44.987356
lacharente,bd6t55102077d,,failed,0,0,,no_usable_pages,known,,,bd6t55102077d: no usable pages in manifest.,2026-07-17T18:15:45.338567
lacharente,bd6t55102078t,,failed,0,0,,no_usable_pages,known,,,bd6t55102078t: no usable pages in manifest.,2026-07-17T18:15:45.622040
lacharente,bd6t551020797,,failed,0,0,,no_usable_pages,known,,,bd6t551020797: no usable pages in manifest.,2026-07-17T18:15:45.806252
lacharente,bd6t55102080w,,failed,0,0,,no_usable_pages,known,,,bd6t55102080w: no usable pages in manifest.,2026-07-17T18:15:45.983214
lacharente,bd6t551020819,,failed,0,0,,no_usable_pages,known,,,bd6t551020819: no usable pages in manifest.,2026-07-17T18:15:46.237423
lacharente,bd6t55102082q,,failed,0,0,,no_usable_pages,known,,,bd6t55102082q: no usable pages in manifest.,2026-07-17T18:15:46.424607
lacharente,bd6t551020834,,failed,0,0,,no_usable_pages,known,,,bd6t551020834: no usable pages in manifest.,2026-07-17T18:15:46.734455
lacharente,bd6t55102084j,,failed,0,0,,no_usable_pages,known,,,bd6t55102084j: no usable pages in manifest.,2026-07-17T18:15:46.975887
lacharente,bd6t55102085z,,failed,0,0,,no_usable_pages,known,,,bd6t55102085z: no usable pages in manifest.,2026-07-17T18:15:47.198138
lacharente,bd6t55102086c,,failed,0,0,,no_usable_pages,known,,,bd6t55102086c: no usable pages in manifest.,2026-07-17T18:15:47.365547
lacharente,bd6t55102087s,,failed,0,0,,no_usable_pages,known,,,bd6t55102087s: no usable pages in manifest.,2026-07-17T18:15:47.562066
lacharente,bd6t551020886,,failed,0,0,,no_usable_pages,known,,,bd6t551020886: no usable pages in manifest.,2026-07-17T18:15:47.847435
lacharente,bd6t55102089m,,failed,0,0,,no_usable_pages,known,,,bd6t55102089m: no usable pages in manifest.,2026-07-17T18:15:48.160930
lacharente,bd6t551020908,,failed,0,0,,no_usable_pages,known,,,bd6t551020908: no usable pages in manifest.,2026-07-17T18:15:48.369664
lacharente,bd6t55102091p,,failed,0,0,,no_usable_pages,known,,,bd6t55102091p: no usable pages in manifest.,2026-07-17T18:15:48.590211
lacharente,bd6t551020923,,failed,0,0,,no_usable_pages,known,,,bd6t551020923: no usable pages in manifest.,2026-07-17T18:15:48.904807
lacharente,bd6t55102093h,,failed,0,0,,no_usable_pages,known,,,bd6t55102093h: no usable pages in manifest.,2026-07-17T18:15:49.172385
lacharente,bd6t55102094x,,failed,0,0,,no_usable_pages,known,,,bd6t55102094x: no usable pages in manifest.,2026-07-17T18:15:49.373345
lacharente,bd6t55102095b,,failed,0,0,,no_usable_pages,known,,,bd6t55102095b: no usable pages in manifest.,2026-07-17T18:15:49.535549
lacharente,bd6t55102096r,,failed,0,0,,no_usable_pages,known,,,bd6t55102096r: no usable pages in manifest.,2026-07-17T18:15:49.701599
lacharente,bd6t551020975,,failed,0,0,,no_usable_pages,known,,,bd6t551020975: no usable pages in manifest.,2026-07-17T18:15:49.965468
lacharente,bd6t55102098k,,failed,0,0,,no_usable_pages,known,,,bd6t55102098k: no usable pages in manifest.,2026-07-17T18:15:50.205597
lacharente,bd6t551020990,,failed,0,0,,no_usable_pages,known,,,bd6t551020990: no usable pages in manifest.,2026-07-17T18:15:50.391208
lacharente,bd6t551021006,,failed,0,0,,no_usable_pages,known,,,bd6t551021006: no usable pages in manifest.,2026-07-17T18:15:50.625515
lacharente,bd6t55102101m,,failed,0,0,,no_usable_pages,known,,,bd6t55102101m: no usable pages in manifest.,2026-07-17T18:15:50.864111
lacharente,bd6t551021021,,failed,0,0,,no_usable_pages,known,,,bd6t551021021: no usable pages in manifest.,2026-07-17T18:15:51.142696
lacharente,bd6t55102103f,,failed,0,0,,no_usable_pages,known,,,bd6t55102103f: no usable pages in manifest.,2026-07-17T18:15:51.368403
lacharente,bd6t55102104v,,failed,0,0,,no_usable_pages,known,,,bd6t55102104v: no usable pages in manifest.,2026-07-17T18:15:51.578420
lacharente,bd6t551021058,,failed,0,0,,no_usable_pages,known,,,bd6t551021058: no usable pages in manifest.,2026-07-17T18:15:51.740077
lacharente,bd6t55102106p,,failed,0,0,,no_usable_pages,known,,,bd6t55102106p: no usable pages in manifest.,2026-07-17T18:15:51.928452
lacharente,bd6t551021073,,failed,0,0,,no_usable_pages,known,,,bd6t551021073: no usable pages in manifest.,2026-07-17T18:15:52.195904
lacharente,bd6t55102108h,,failed,0,0,,no_usable_pages,known,,,bd6t55102108h: no usable pages in manifest.,2026-07-17T18:15:52.415758
lacharente,bd6t55102109x,,failed,0,0,,no_usable_pages,known,,,bd6t55102109x: no usable pages in manifest.,2026-07-17T18:15:52.601635
lacharente,bd6t55102110k,,failed,0,0,,no_usable_pages,known,,,bd6t55102110k: no usable pages in manifest.,2026-07-17T18:15:52.786026
lacharente,bd6t551021110,,failed,0,0,,no_usable_pages,known,,,bd6t551021110: no usable pages in manifest.,2026-07-17T18:15:52.954105
lacharente,bd6t55102112d,,failed,0,0,,no_usable_pages,known,,,bd6t55102112d: no usable pages in manifest.,2026-07-17T18:15:53.181022
lacharente,bd6t55102113t,,failed,0,0,,no_usable_pages,known,,,bd6t55102113t: no usable pages in manifest.,2026-07-17T18:15:53.361433
lacharente,bd6t551021147,,failed,0,0,,no_usable_pages,known,,,bd6t551021147: no usable pages in manifest.,2026-07-17T18:15:53.546520
lacharente,bd6t55102115n,,failed,0,0,,no_usable_pages,known,,,bd6t55102115n: no usable pages in manifest.,2026-07-17T18:15:53.735841
lacharente,bd6t551021162,,failed,0,0,,no_usable_pages,known,,,bd6t551021162: no usable pages in manifest.,2026-07-17T18:15:53.923041
lacharente,bd6t55102117g,,failed,0,0,,no_usable_pages,known,,,bd6t55102117g: no usable pages in manifest.,2026-07-17T18:15:54.140414
lacharente,bd6t55102118w,,failed,0,0,,no_usable_pages,known,,,bd6t55102118w: no usable pages in manifest.,2026-07-17T18:15:54.379922
lacharente,bd6t551021199,,failed,0,0,,no_usable_pages,known,,,bd6t551021199: no usable pages in manifest.,2026-07-17T18:15:54.561664
lacharente,bd6t55102120z,,failed,0,0,,no_usable_pages,known,,,bd6t55102120z: no usable pages in manifest.,2026-07-17T18:15:54.705054
lacharente,bd6t55102121c,,failed,0,0,,no_usable_pages,known,,,bd6t55102121c: no usable pages in manifest.,2026-07-17T18:15:54.819937
lacharente,bd6t55102122s,,failed,0,0,,no_usable_pages,known,,,bd6t55102122s: no usable pages in manifest.,2026-07-17T18:15:54.960479
lacharente,bd6t551021236,,failed,0,0,,no_usable_pages,known,,,bd6t551021236: no usable pages in manifest.,2026-07-17T18:15:55.102041
lacharente,bd6t55102124m,,failed,0,0,,no_usable_pages,known,,,bd6t55102124m: no usable pages in manifest.,2026-07-17T18:15:55.235437
lacharente,bd6t551021251,,failed,0,0,,no_usable_pages,known,,,bd6t551021251: no usable pages in manifest.,2026-07-17T18:15:55.485042
lacharente,bd6t55102126f,,failed,0,0,,no_usable_pages,known,,,bd6t55102126f: no usable pages in manifest.,2026-07-17T18:15:55.721581
lacharente,bd6t55102127v,,failed,0,0,,no_usable_pages,known,,,bd6t55102127v: no usable pages in manifest.,2026-07-17T18:15:55.856860
lacharente,bd6t551021288,,failed,0,0,,no_usable_pages,known,,,bd6t551021288: no usable pages in manifest.,2026-07-17T18:15:56.025266
lacharente,bd6t55102129p,,failed,0,0,,no_usable_pages,known,,,bd6t55102129p: no usable pages in manifest.,2026-07-17T18:15:56.223952
lacharente,bd6t55102130b,,failed,0,0,,no_usable_pages,known,,,bd6t55102130b: no usable pages in manifest.,2026-07-17T18:15:56.564135
lacharente,bd6t55102131r,,failed,0,0,,no_usable_pages,known,,,bd6t55102131r: no usable pages in manifest.,2026-07-17T18:15:56.812927
lacharente,bd6t551021325,,failed,0,0,,no_usable_pages,known,,,bd6t551021325: no usable pages in manifest.,2026-07-17T18:15:56.986240
lacharente,bd6t55102133k,,failed,0,0,,no_usable_pages,known,,,bd6t55102133k: no usable pages in manifest.,2026-07-17T18:15:57.320584
lacharente,bd6t551021340,,failed,0,0,,no_usable_pages,known,,,bd6t551021340: no usable pages in manifest.,2026-07-17T18:15:57.764941
lacharente,bd6t55102135d,,failed,0,0,,no_usable_pages,known,,,bd6t55102135d: no usable pages in manifest.,2026-07-17T18:15:58.095112
lacharente,bd6t55102136t,,failed,0,0,,no_usable_pages,known,,,bd6t55102136t: no usable pages in manifest.,2026-07-17T18:15:58.295254
lacharente,bd6t551021377,,failed,0,0,,no_usable_pages,known,,,bd6t551021377: no usable pages in manifest.,2026-07-17T18:15:58.458800
lacharente,bd6t55102138n,,failed,0,0,,no_usable_pages,known,,,bd6t55102138n: no usable pages in manifest.,2026-07-17T18:15:58.826055
lacharente,bd6t551021392,,failed,0,0,,no_usable_pages,known,,,bd6t551021392: no usable pages in manifest.,2026-07-17T18:15:59.142513
lacharente,bd6t55102140q,,failed,0,0,,no_usable_pages,known,,,bd6t55102140q: no usable pages in manifest.,2026-07-17T18:15:59.334000
lacharente,bd6t551021414,,failed,0,0,,no_usable_pages,known,,,bd6t551021414: no usable pages in manifest.,2026-07-17T18:15:59.559055
lacharente,bd6t55102142j,,failed,0,0,,no_usable_pages,known,,,bd6t55102142j: no usable pages in manifest.,2026-07-17T18:15:59.762742
lacharente,bd6t55102143z,,failed,0,0,,no_usable_pages,known,,,bd6t55102143z: no usable pages in manifest.,2026-07-17T18:15:59.981290
lacharente,bd6t55102144c,,failed,0,0,,no_usable_pages,known,,,bd6t55102144c: no usable pages in manifest.,2026-07-17T18:16:00.305239
lacharente,bd6t55102145s,,failed,0,0,,no_usable_pages,known,,,bd6t55102145s: no usable pages in manifest.,2026-07-17T18:16:00.547054
lacharente,bd6t551021466,,failed,0,0,,no_usable_pages,known,,,bd6t551021466: no usable pages in manifest.,2026-07-17T18:16:00.769256
lacharente,bd6t55102147m,,failed,0,0,,no_usable_pages,known,,,bd6t55102147m: no usable pages in manifest.,2026-07-17T18:16:01.111491
lacharente,bd6t551021481,,failed,0,0,,no_usable_pages,known,,,bd6t551021481: no usable pages in manifest.,2026-07-17T18:16:01.313478
lacharente,bd6t55102149f,,failed,0,0,,no_usable_pages,known,,,bd6t55102149f: no usable pages in manifest.,2026-07-17T18:16:01.536089
lacharente,bd6t551021503,,failed,0,0,,no_usable_pages,known,,,bd6t551021503: no usable pages in manifest.,2026-07-17T18:16:01.725953
lacharente,bd6t55102151h,,failed,0,0,,no_usable_pages,known,,,bd6t55102151h: no usable pages in manifest.,2026-07-17T18:16:01.887373
lacharente,bd6t55102152x,,failed,0,0,,no_usable_pages,known,,,bd6t55102152x: no usable pages in manifest.,2026-07-17T18:16:02.183494
lacharente,bd6t55102153b,,failed,0,0,,no_usable_pages,known,,,bd6t55102153b: no usable pages in manifest.,2026-07-17T18:16:02.455459
lacharente,bd6t55102154r,,failed,0,0,,no_usable_pages,known,,,bd6t55102154r: no usable pages in manifest.,2026-07-17T18:16:02.610834
lacharente,bd6t551021555,,failed,0,0,,no_usable_pages,known,,,bd6t551021555: no usable pages in manifest.,2026-07-17T18:16:02.813672
lacharente,bd6t55102156k,,failed,0,0,,no_usable_pages,known,,,bd6t55102156k: no usable pages in manifest.,2026-07-17T18:16:02.971736
lacharente,bd6t551021570,,failed,0,0,,no_usable_pages,known,,,bd6t551021570: no usable pages in manifest.,2026-07-17T18:16:03.284555
lacharente,bd6t55102158d,,failed,0,0,,no_usable_pages,known,,,bd6t55102158d: no usable pages in manifest.,2026-07-17T18:16:03.569460
lacharente,bd6t55102160g,,failed,0,0,,no_usable_pages,known,,,bd6t55102160g: no usable pages in manifest.,2026-07-17T18:16:03.719918
lacharente,bd6t55102161w,,failed,0,0,,no_usable_pages,known,,,bd6t55102161w: no usable pages in manifest.,2026-07-17T18:16:03.925676
lacharente,bd6t551021629,,failed,0,0,,no_usable_pages,known,,,bd6t551021629: no usable pages in manifest.,2026-07-17T18:16:04.100533
lacharente,bd6t55102163q,,failed,0,0,,no_usable_pages,known,,,bd6t55102163q: no usable pages in manifest.,2026-07-17T18:16:04.361649
lacharente,bd6t551021644,,failed,0,0,,no_usable_pages,known,,,bd6t551021644: no usable pages in manifest.,2026-07-17T18:16:04.577818
lacharente,bd6t55102165j,,failed,0,0,,no_usable_pages,known,,,bd6t55102165j: no usable pages in manifest.,2026-07-17T18:16:04.892961
lacharente,bd6t55102166z,,failed,0,0,,no_usable_pages,known,,,bd6t55102166z: no usable pages in manifest.,2026-07-17T18:16:05.069943
lacharente,bd6t55102167c,,failed,0,0,,no_usable_pages,known,,,bd6t55102167c: no usable pages in manifest.,2026-07-17T18:16:05.206736
lacharente,bd6t55102168s,,failed,0,0,,no_usable_pages,known,,,bd6t55102168s: no usable pages in manifest.,2026-07-17T18:16:05.394243
lacharente,bd6t551021696,,failed,0,0,,no_usable_pages,known,,,bd6t551021696: no usable pages in manifest.,2026-07-17T18:16:05.565756
lacharente,bd6t55102170v,,failed,0,0,,no_usable_pages,known,,,bd6t55102170v: no usable pages in manifest.,2026-07-17T18:16:05.796847
lacharente,bd6t551021718,,failed,0,0,,no_usable_pages,known,,,bd6t551021718: no usable pages in manifest.,2026-07-17T18:16:05.904591
lacharente,bd6t55102172p,,failed,0,0,,no_usable_pages,known,,,bd6t55102172p: no usable pages in manifest.,2026-07-17T18:16:06.047500
lacharente,bd6t551021733,,failed,0,0,,no_usable_pages,known,,,bd6t551021733: no usable pages in manifest.,2026-07-17T18:16:06.247058
lacharente,bd6t55102174h,,failed,0,0,,no_usable_pages,known,,,bd6t55102174h: no usable pages in manifest.,2026-07-17T18:16:06.497936
lacharente,bd6t55102175x,,failed,0,0,,no_usable_pages,known,,,bd6t55102175x: no usable pages in manifest.,2026-07-17T18:16:06.614620
lacharente,bd6t55102176b,,failed,0,0,,no_usable_pages,known,,,bd6t55102176b: no usable pages in manifest.,2026-07-17T18:16:06.929727
lacharente,bd6t55102177r,,failed,0,0,,no_usable_pages,known,,,bd6t55102177r: no usable pages in manifest.,2026-07-17T18:16:07.092145
lacharente,bd6t551021785,,failed,0,0,,no_usable_pages,known,,,bd6t551021785: no usable pages in manifest.,2026-07-17T18:16:07.221499
lacharente,bd6t55102179k,,failed,0,0,,no_usable_pages,known,,,bd6t55102179k: no usable pages in manifest.,2026-07-17T18:16:07.375757
lacharente,bd6t551021807,,failed,0,0,,no_usable_pages,known,,,bd6t551021807: no usable pages in manifest.,2026-07-17T18:16:07.703087
lacharente,bd6t55102181n,,failed,0,0,,no_usable_pages,known,,,bd6t55102181n: no usable pages in manifest.,2026-07-17T18:16:07.859507
lacharente,bd6t551021822,,failed,0,0,,no_usable_pages,known,,,bd6t551021822: no usable pages in manifest.,2026-07-17T18:16:08.099666
lacharente,bd6t55102183g,,failed,0,0,,no_usable_pages,known,,,bd6t55102183g: no usable pages in manifest.,2026-07-17T18:16:08.302566
lacharente,bd6t55102184w,,failed,0,0,,no_usable_pages,known,,,bd6t55102184w: no usable pages in manifest.,2026-07-17T18:16:08.501607
lacharente,bd6t551021859,,failed,0,0,,no_usable_pages,known,,,bd6t551021859: no usable pages in manifest.,2026-07-17T18:16:08.764780
lacharente,bd6t55102186q,,failed,0,0,,no_usable_pages,known,,,bd6t55102186q: no usable pages in manifest.,2026-07-17T18:16:09.129144
lacharente,bd6t551021874,,failed,0,0,,no_usable_pages,known,,,bd6t551021874: no usable pages in manifest.,2026-07-17T18:16:09.341060
lacharente,bd6t55102188j,,failed,0,0,,no_usable_pages,known,,,bd6t55102188j: no usable pages in manifest.,2026-07-17T18:16:09.537324
lacharente,bd6t55102189z,,failed,0,0,,no_usable_pages,known,,,bd6t55102189z: no usable pages in manifest.,2026-07-17T18:16:09.812490
lacharente,bd6t55102190m,,failed,0,0,,no_usable_pages,known,,,bd6t55102190m: no usable pages in manifest.,2026-07-17T18:16:10.023312
lacharente,bd6t551021911,,failed,0,0,,no_usable_pages,known,,,bd6t551021911: no usable pages in manifest.,2026-07-17T18:16:10.280773
lacharente,bd6t55102192f,,failed,0,0,,no_usable_pages,known,,,bd6t55102192f: no usable pages in manifest.,2026-07-17T18:16:10.445396
lacharente,bd6t55102193v,,failed,0,0,,no_usable_pages,known,,,bd6t55102193v: no usable pages in manifest.,2026-07-17T18:16:10.633463
lacharente,bd6t551021948,,failed,0,0,,no_usable_pages,known,,,bd6t551021948: no usable pages in manifest.,2026-07-17T18:16:11.400050
lacharente,bd6t55102195p,,failed,0,0,,no_usable_pages,known,,,bd6t55102195p: no usable pages in manifest.,2026-07-17T18:16:11.590192
lacharente,bd6t551021963,,failed,0,0,,no_usable_pages,known,,,bd6t551021963: no usable pages in manifest.,2026-07-17T18:16:11.831864
lacharente,bd6t55102197h,,failed,0,0,,no_usable_pages,known,,,bd6t55102197h: no usable pages in manifest.,2026-07-17T18:16:11.965522
lacharente,bd6t55102198x,,failed,0,0,,no_usable_pages,known,,,bd6t55102198x: no usable pages in manifest.,2026-07-17T18:16:12.254226
lacharente,bd6t55102199b,,failed,0,0,,no_usable_pages,known,,,bd6t55102199b: no usable pages in manifest.,2026-07-17T18:16:12.534319
lacharente,bd6t55102200j,,failed,0,0,,no_usable_pages,known,,,bd6t55102200j: no usable pages in manifest.,2026-07-17T18:16:12.772587
lacharente,bd6t55102201z,,failed,0,0,,no_usable_pages,known,,,bd6t55102201z: no usable pages in manifest.,2026-07-17T18:16:12.999377
lacharente,bd6t55102202c,,failed,0,0,,no_usable_pages,known,,,bd6t55102202c: no usable pages in manifest.,2026-07-17T18:16:13.202895
lacharente,bd6t55102203s,,failed,0,0,,no_usable_pages,known,,,bd6t55102203s: no usable pages in manifest.,2026-07-17T18:16:13.496115
lacharente,bd6t551022046,,failed,0,0,,no_usable_pages,known,,,bd6t551022046: no usable pages in manifest.,2026-07-17T18:16:13.712857
lacharente,bd6t55102205m,,failed,0,0,,no_usable_pages,known,,,bd6t55102205m: no usable pages in manifest.,2026-07-17T18:16:13.873372
lacharente,bd6t551022061,,failed,0,0,,no_usable_pages,known,,,bd6t551022061: no usable pages in manifest.,2026-07-17T18:16:14.029212
lacharente,bd6t55102207f,,failed,0,0,,no_usable_pages,known,,,bd6t55102207f: no usable pages in manifest.,2026-07-17T18:16:14.160714
lacharente,bd6t55102208v,,failed,0,0,,no_usable_pages,known,,,bd6t55102208v: no usable pages in manifest.,2026-07-17T18:16:14.304088
lacharente,bd6t551022098,,failed,0,0,,no_usable_pages,known,,,bd6t551022098: no usable pages in manifest.,2026-07-17T18:16:14.555359
lacharente,bd6t55102210x,,failed,0,0,,no_usable_pages,known,,,bd6t55102210x: no usable pages in manifest.,2026-07-17T18:16:14.752279
lacharente,bd6t55102211b,,failed,0,0,,no_usable_pages,known,,,bd6t55102211b: no usable pages in manifest.,2026-07-17T18:16:14.910585
lacharente,bd6t55102212r,,failed,0,0,,no_usable_pages,known,,,bd6t55102212r: no usable pages in manifest.,2026-07-17T18:16:15.023671
lacharente,bd6t551022135,,failed,0,0,,no_usable_pages,known,,,bd6t551022135: no usable pages in manifest.,2026-07-17T18:16:15.204425
lacharente,bd6t55102214k,,failed,0,0,,no_usable_pages,known,,,bd6t55102214k: no usable pages in manifest.,2026-07-17T18:16:15.380667
lacharente,bd6t551022150,,failed,0,0,,no_usable_pages,known,,,bd6t551022150: no usable pages in manifest.,2026-07-17T18:16:15.666756
lacharente,bd6t55102216d,,failed,0,0,,no_usable_pages,known,,,bd6t55102216d: no usable pages in manifest.,2026-07-17T18:16:15.854357
lacharente,bd6t55102217t,,failed,0,0,,no_usable_pages,known,,,bd6t55102217t: no usable pages in manifest.,2026-07-17T18:16:15.994578
lacharente,bd6t551022187,,failed,0,0,,no_usable_pages,known,,,bd6t551022187: no usable pages in manifest.,2026-07-17T18:16:16.146026
lacharente,bd6t55102219n,,failed,0,0,,no_usable_pages,known,,,bd6t55102219n: no usable pages in manifest.,2026-07-17T18:16:16.366154
lacharente,bd6t551022209,,failed,0,0,,no_usable_pages,known,,,bd6t551022209: no usable pages in manifest.,2026-07-17T18:16:16.541717
lacharente,bd6t55102221q,,failed,0,0,,no_usable_pages,known,,,bd6t55102221q: no usable pages in manifest.,2026-07-17T18:16:16.778035
lacharente,bd6t551022224,,failed,0,0,,no_usable_pages,known,,,bd6t551022224: no usable pages in manifest.,2026-07-17T18:16:16.963532
lacharente,bd6t55102223j,,failed,0,0,,no_usable_pages,known,,,bd6t55102223j: no usable pages in manifest.,2026-07-17T18:16:17.144948
lacharente,bd6t55102224z,,failed,0,0,,no_usable_pages,known,,,bd6t55102224z: no usable pages in manifest.,2026-07-17T18:16:17.359425
lacharente,bd6t55102225c,,failed,0,0,,no_usable_pages,known,,,bd6t55102225c: no usable pages in manifest.,2026-07-17T18:16:17.535998
lacharente,bd6t55102226s,,failed,0,0,,no_usable_pages,known,,,bd6t55102226s: no usable pages in manifest.,2026-07-17T18:16:17.799966
lacharente,bd6t551022276,,failed,0,0,,no_usable_pages,known,,,bd6t551022276: no usable pages in manifest.,2026-07-17T18:16:17.996528
lacharente,bd6t55102228m,,failed,0,0,,no_usable_pages,known,,,bd6t55102228m: no usable pages in manifest.,2026-07-17T18:16:18.179928
lacharente,bd6t551022291,,failed,0,0,,no_usable_pages,known,,,bd6t551022291: no usable pages in manifest.,2026-07-17T18:16:18.358830
lacharente,bd6t55102230p,,failed,0,0,,no_usable_pages,known,,,bd6t55102230p: no usable pages in manifest.,2026-07-17T18:16:18.525404
lacharente,bd6t551022313,,failed,0,0,,no_usable_pages,known,,,bd6t551022313: no usable pages in manifest.,2026-07-17T18:16:18.751927
lacharente,bd6t55102232h,,failed,0,0,,no_usable_pages,known,,,bd6t55102232h: no usable pages in manifest.,2026-07-17T18:16:18.980478
lacharente,bd6t55102233x,,failed,0,0,,no_usable_pages,known,,,bd6t55102233x: no usable pages in manifest.,2026-07-17T18:16:19.196565
lacharente,bd6t55102234b,,failed,0,0,,no_usable_pages,known,,,bd6t55102234b: no usable pages in manifest.,2026-07-17T18:16:19.435409
lacharente,bd6t55102235r,,failed,0,0,,no_usable_pages,known,,,bd6t55102235r: no usable pages in manifest.,2026-07-17T18:16:19.681573
lacharente,bd6t551022365,,failed,0,0,,no_usable_pages,known,,,bd6t551022365: no usable pages in manifest.,2026-07-17T18:16:19.892442
lacharente,bd6t55102237k,,failed,0,0,,no_usable_pages,known,,,bd6t55102237k: no usable pages in manifest.,2026-07-17T18:16:20.231690
lacharente,bd6t551022380,,failed,0,0,,no_usable_pages,known,,,bd6t551022380: no usable pages in manifest.,2026-07-17T18:16:20.365068
lacharente,bd6t55102239d,,failed,0,0,,no_usable_pages,known,,,bd6t55102239d: no usable pages in manifest.,2026-07-17T18:16:20.544456
lacharente,bd6t551022402,,failed,0,0,,no_usable_pages,known,,,bd6t551022402: no usable pages in manifest.,2026-07-17T18:16:20.710226
lacharente,bd6t55102241g,,failed,0,0,,no_usable_pages,known,,,bd6t55102241g: no usable pages in manifest.,2026-07-17T18:16:20.843432
lacharente,bd6t55102242w,,failed,0,0,,no_usable_pages,known,,,bd6t55102242w: no usable pages in manifest.,2026-07-17T18:16:20.990983
lacharente,bd6t551022439,,failed,0,0,,no_usable_pages,known,,,bd6t551022439: no usable pages in manifest.,2026-07-17T18:16:21.313759
lacharente,bd6t55102244q,,failed,0,0,,no_usable_pages,known,,,bd6t55102244q: no usable pages in manifest.,2026-07-17T18:16:21.469332
lacharente,bd6t551022454,,failed,0,0,,no_usable_pages,known,,,bd6t551022454: no usable pages in manifest.,2026-07-17T18:16:21.640739
lacharente,bd6t55102246j,,failed,0,0,,no_usable_pages,known,,,bd6t55102246j: no usable pages in manifest.,2026-07-17T18:16:21.787273
lacharente,bd6t55102247z,,failed,0,0,,no_usable_pages,known,,,bd6t55102247z: no usable pages in manifest.,2026-07-17T18:16:21.973676
lacharente,bd6t55102248c,,failed,0,0,,no_usable_pages,known,,,bd6t55102248c: no usable pages in manifest.,2026-07-17T18:16:22.176961
lacharente,bd6t55102249s,,failed,0,0,,no_usable_pages,known,,,bd6t55102249s: no usable pages in manifest.,2026-07-17T18:16:22.448123
lacharente,bd6t55102250f,,failed,0,0,,no_usable_pages,known,,,bd6t55102250f: no usable pages in manifest.,2026-07-17T18:16:22.665578
lacharente,bd6t55102251v,,failed,0,0,,no_usable_pages,known,,,bd6t55102251v: no usable pages in manifest.,2026-07-17T18:16:22.873021
lacharente,bd6t551022528,,failed,0,0,,no_usable_pages,known,,,bd6t551022528: no usable pages in manifest.,2026-07-17T18:16:23.062022
lacharente,bd6t55102253p,,failed,0,0,,no_usable_pages,known,,,bd6t55102253p: no usable pages in manifest.,2026-07-17T18:16:23.366076
lacharente,bd6t551022543,,failed,0,0,,no_usable_pages,known,,,bd6t551022543: no usable pages in manifest.,2026-07-17T18:16:23.668872
lacharente,bd6t55102255h,,failed,0,0,,no_usable_pages,known,,,bd6t55102255h: no usable pages in manifest.,2026-07-17T18:16:23.828110
lacharente,bd6t55102256x,,failed,0,0,,no_usable_pages,known,,,bd6t55102256x: no usable pages in manifest.,2026-07-17T18:16:24.009394
lacharente,bd6t55102257b,,failed,0,0,,no_usable_pages,known,,,bd6t55102257b: no usable pages in manifest.,2026-07-17T18:16:24.235586
lacharente,bd6t55102258r,,failed,0,0,,no_usable_pages,known,,,bd6t55102258r: no usable pages in manifest.,2026-07-17T18:16:24.468580
lacharente,bd6t551022595,,failed,0,0,,no_usable_pages,known,,,bd6t551022595: no usable pages in manifest.,2026-07-17T18:16:24.671879
lacharente,bd6t55102260t,,failed,0,0,,no_usable_pages,known,,,bd6t55102260t: no usable pages in manifest.,2026-07-17T18:16:24.924134
lacharente,bd6t551022617,,failed,0,0,,no_usable_pages,known,,,bd6t551022617: no usable pages in manifest.,2026-07-17T18:16:25.095668
lacharente,bd6t55102262n,,failed,0,0,,no_usable_pages,known,,,bd6t55102262n: no usable pages in manifest.,2026-07-17T18:16:25.270985
lacharente,bd6t551022632,,failed,0,0,,no_usable_pages,known,,,bd6t551022632: no usable pages in manifest.,2026-07-17T18:16:25.483095
lacharente,bd6t55102264g,,failed,0,0,,no_usable_pages,known,,,bd6t55102264g: no usable pages in manifest.,2026-07-17T18:16:25.659274
lacharente,bd6t55102265w,,failed,0,0,,no_usable_pages,known,,,bd6t55102265w: no usable pages in manifest.,2026-07-17T18:16:25.807433
lacharente,bd6t551022669,,failed,0,0,,no_usable_pages,known,,,bd6t551022669: no usable pages in manifest.,2026-07-17T18:16:25.937383
lacharente,bd6t55102267q,,failed,0,0,,no_usable_pages,known,,,bd6t55102267q: no usable pages in manifest.,2026-07-17T18:16:26.119565
lacharente,bd6t551022684,,failed,0,0,,no_usable_pages,known,,,bd6t551022684: no usable pages in manifest.,2026-07-17T18:16:26.326616
lacharente,bd6t55102269j,,failed,0,0,,no_usable_pages,known,,,bd6t55102269j: no usable pages in manifest.,2026-07-17T18:16:26.602262
lacharente,bd6t551022706,,failed,0,0,,no_usable_pages,known,,,bd6t551022706: no usable pages in manifest.,2026-07-17T18:16:26.937267
lacharente,bd6t55102271m,,failed,0,0,,no_usable_pages,known,,,bd6t55102271m: no usable pages in manifest.,2026-07-17T18:16:27.117094
lacharente,bd6t551022721,,failed,0,0,,no_usable_pages,known,,,bd6t551022721: no usable pages in manifest.,2026-07-17T18:16:27.276566
lacharente,bd6t55102273f,,failed,0,0,,no_usable_pages,known,,,bd6t55102273f: no usable pages in manifest.,2026-07-17T18:16:27.412119
lacharente,bd6t55102274v,,failed,0,0,,no_usable_pages,known,,,bd6t55102274v: no usable pages in manifest.,2026-07-17T18:16:27.742814
lacharente,bd6t551022758,,failed,0,0,,no_usable_pages,known,,,bd6t551022758: no usable pages in manifest.,2026-07-17T18:16:27.998504
lacharente,bd6t55102276p,,failed,0,0,,no_usable_pages,known,,,bd6t55102276p: no usable pages in manifest.,2026-07-17T18:16:28.235033
lacharente,bd6t551022773,,failed,0,0,,no_usable_pages,known,,,bd6t551022773: no usable pages in manifest.,2026-07-17T18:16:28.412575
lacharente,bd6t55102278h,,failed,0,0,,no_usable_pages,known,,,bd6t55102278h: no usable pages in manifest.,2026-07-17T18:16:28.631685
lacharente,bd6t55102279x,,failed,0,0,,no_usable_pages,known,,,bd6t55102279x: no usable pages in manifest.,2026-07-17T18:16:28.972394
lacharente,bd6t55102280k,,failed,0,0,,no_usable_pages,known,,,bd6t55102280k: no usable pages in manifest.,2026-07-17T18:16:29.133384
lacharente,bd6t551022810,,failed,0,0,,no_usable_pages,known,,,bd6t551022810: no usable pages in manifest.,2026-07-17T18:16:29.316023
lacharente,bd6t55102282d,,failed,0,0,,no_usable_pages,known,,,bd6t55102282d: no usable pages in manifest.,2026-07-17T18:16:29.471492
lacharente,bd6t55102283t,,failed,0,0,,no_usable_pages,known,,,bd6t55102283t: no usable pages in manifest.,2026-07-17T18:16:29.630237
lacharente,bd6t551022847,,failed,0,0,,no_usable_pages,known,,,bd6t551022847: no usable pages in manifest.,2026-07-17T18:16:29.869634
lacharente,bd6t55102285n,,failed,0,0,,no_usable_pages,known,,,bd6t55102285n: no usable pages in manifest.,2026-07-17T18:16:30.050680
lacharente,bd6t551022862,,failed,0,0,,no_usable_pages,known,,,bd6t551022862: no usable pages in manifest.,2026-07-17T18:16:30.240923
lacharente,bd6t55102287g,,failed,0,0,,no_usable_pages,known,,,bd6t55102287g: no usable pages in manifest.,2026-07-17T18:16:30.466420
lacharente,bd6t55102288w,,failed,0,0,,no_usable_pages,known,,,bd6t55102288w: no usable pages in manifest.,2026-07-17T18:16:30.650098
lacharente,bd6t551022899,,failed,0,0,,no_usable_pages,known,,,bd6t551022899: no usable pages in manifest.,2026-07-17T18:16:30.828418
lacharente,bd6t55102290z,,failed,0,0,,no_usable_pages,known,,,bd6t55102290z: no usable pages in manifest.,2026-07-17T18:16:31.134239
lacharente,bd6t55102291c,,failed,0,0,,no_usable_pages,known,,,bd6t55102291c: no usable pages in manifest.,2026-07-17T18:16:31.325221
lacharente,bd6t55102292s,,failed,0,0,,no_usable_pages,known,,,bd6t55102292s: no usable pages in manifest.,2026-07-17T18:16:31.454586
lacharente,bd6t551022936,,failed,0,0,,no_usable_pages,known,,,bd6t551022936: no usable pages in manifest.,2026-07-17T18:16:31.620336
lacharente,bd6t55102294m,,failed,0,0,,no_usable_pages,known,,,bd6t55102294m: no usable pages in manifest.,2026-07-17T18:16:31.767881
lacharente,bd6t551022951,,failed,0,0,,no_usable_pages,known,,,bd6t551022951: no usable pages in manifest.,2026-07-17T18:16:31.980988
lacharente,bd6t55102296f,,failed,0,0,,no_usable_pages,known,,,bd6t55102296f: no usable pages in manifest.,2026-07-17T18:16:32.243411
lacharente,bd6t55102297v,,failed,0,0,,no_usable_pages,known,,,bd6t55102297v: no usable pages in manifest.,2026-07-17T18:16:32.475916
lacharente,bd6t551022988,,failed,0,0,,no_usable_pages,known,,,bd6t551022988: no usable pages in manifest.,2026-07-17T18:16:32.667081
lacharente,bd6t55102299p,,failed,0,0,,no_usable_pages,known,,,bd6t55102299p: no usable pages in manifest.,2026-07-17T18:16:32.865150
lacharente,bd6t55102300w,,failed,0,0,,no_usable_pages,known,,,bd6t55102300w: no usable pages in manifest.,2026-07-17T18:16:33.087461
lacharente,bd6t551023019,,failed,0,0,,no_usable_pages,known,,,bd6t551023019: no usable pages in manifest.,2026-07-17T18:16:33.476565
lacharente,bd6t55102302q,,failed,0,0,,no_usable_pages,known,,,bd6t55102302q: no usable pages in manifest.,2026-07-17T18:16:33.695072
lacharente,bd6t551023034,,failed,0,0,,no_usable_pages,known,,,bd6t551023034: no usable pages in manifest.,2026-07-17T18:16:33.859624
lacharente,bd6t55102304j,,failed,0,0,,no_usable_pages,known,,,bd6t55102304j: no usable pages in manifest.,2026-07-17T18:16:34.035953
lacharente,bd6t55102305z,,failed,0,0,,no_usable_pages,known,,,bd6t55102305z: no usable pages in manifest.,2026-07-17T18:16:34.237290
lacharente,bd6t55102306c,,failed,0,0,,no_usable_pages,known,,,bd6t55102306c: no usable pages in manifest.,2026-07-17T18:16:34.665303
lacharente,bd6t55102307s,,failed,0,0,,no_usable_pages,known,,,bd6t55102307s: no usable pages in manifest.,2026-07-17T18:16:34.871387
lacharente,bd6t551023086,,failed,0,0,,no_usable_pages,known,,,bd6t551023086: no usable pages in manifest.,2026-07-17T18:16:35.058023
lacharente,bd6t55102309m,,failed,0,0,,no_usable_pages,known,,,bd6t55102309m: no usable pages in manifest.,2026-07-17T18:16:35.213892
lacharente,bd6t551023108,,failed,0,0,,no_usable_pages,known,,,bd6t551023108: no usable pages in manifest.,2026-07-17T18:16:35.355312
lacharente,bd6t55102311p,,failed,0,0,,no_usable_pages,known,,,bd6t55102311p: no usable pages in manifest.,2026-07-17T18:16:35.619179
lacharente,bd6t551023123,,failed,0,0,,no_usable_pages,known,,,bd6t551023123: no usable pages in manifest.,2026-07-17T18:16:35.792424
lacharente,bd6t55102313h,,failed,0,0,,no_usable_pages,known,,,bd6t55102313h: no usable pages in manifest.,2026-07-17T18:16:35.966193
lacharente,bd6t55102314x,,failed,0,0,,no_usable_pages,known,,,bd6t55102314x: no usable pages in manifest.,2026-07-17T18:16:36.130748
lacharente,bd6t55102315b,,failed,0,0,,no_usable_pages,known,,,bd6t55102315b: no usable pages in manifest.,2026-07-17T18:16:36.258422
lacharente,bd6t55102316r,,failed,0,0,,no_usable_pages,known,,,bd6t55102316r: no usable pages in manifest.,2026-07-17T18:16:36.432904
lacharente,bd6t551023175,,failed,0,0,,no_usable_pages,known,,,bd6t551023175: no usable pages in manifest.,2026-07-17T18:16:36.702093
lacharente,bd6t55102318k,,failed,0,0,,no_usable_pages,known,,,bd6t55102318k: no usable pages in manifest.,2026-07-17T18:16:36.841741
lacharente,bd6t551023190,,failed,0,0,,no_usable_pages,known,,,bd6t551023190: no usable pages in manifest.,2026-07-17T18:16:36.997150
lacharente,bd6t55102320n,,failed,0,0,,no_usable_pages,known,,,bd6t55102320n: no usable pages in manifest.,2026-07-17T18:16:37.141337
lacharente,bd6t551023212,,failed,0,0,,no_usable_pages,known,,,bd6t551023212: no usable pages in manifest.,2026-07-17T18:16:37.308531
lacharente,bd6t55102322g,,failed,0,0,,no_usable_pages,known,,,bd6t55102322g: no usable pages in manifest.,2026-07-17T18:16:37.466213
lacharente,bd6t55102323w,,failed,0,0,,no_usable_pages,known,,,bd6t55102323w: no usable pages in manifest.,2026-07-17T18:16:37.666578
lacharente,bd6t551023249,,failed,0,0,,no_usable_pages,known,,,bd6t551023249: no usable pages in manifest.,2026-07-17T18:16:37.868013
lacharente,bd6t55102325q,,failed,0,0,,no_usable_pages,known,,,bd6t55102325q: no usable pages in manifest.,2026-07-17T18:16:38.005306
lacharente,bd6t551023264,,failed,0,0,,no_usable_pages,known,,,bd6t551023264: no usable pages in manifest.,2026-07-17T18:16:38.134987
lacharente,bd6t55102327j,,failed,0,0,,no_usable_pages,known,,,bd6t55102327j: no usable pages in manifest.,2026-07-17T18:16:38.341311
lacharente,bd6t55102328z,,failed,0,0,,no_usable_pages,known,,,bd6t55102328z: no usable pages in manifest.,2026-07-17T18:16:38.545128
lacharente,bd6t55102329c,,failed,0,0,,no_usable_pages,known,,,bd6t55102329c: no usable pages in manifest.,2026-07-17T18:16:38.862836
lacharente,bd6t551023301,,failed,0,0,,no_usable_pages,known,,,bd6t551023301: no usable pages in manifest.,2026-07-17T18:16:39.070230
lacharente,bd6t55102331f,,failed,0,0,,no_usable_pages,known,,,bd6t55102331f: no usable pages in manifest.,2026-07-17T18:16:39.211984
lacharente,bd6t55102332v,,failed,0,0,,no_usable_pages,known,,,bd6t55102332v: no usable pages in manifest.,2026-07-17T18:16:39.353278
lacharente,bd6t551023338,,failed,0,0,,no_usable_pages,known,,,bd6t551023338: no usable pages in manifest.,2026-07-17T18:16:39.556987
lacharente,bd6t55102334p,,failed,0,0,,no_usable_pages,known,,,bd6t55102334p: no usable pages in manifest.,2026-07-17T18:16:39.801464
lacharente,bd6t551023353,,failed,0,0,,no_usable_pages,known,,,bd6t551023353: no usable pages in manifest.,2026-07-17T18:16:40.084666
lacharente,bd6t55102336h,,failed,0,0,,no_usable_pages,known,,,bd6t55102336h: no usable pages in manifest.,2026-07-17T18:16:40.253653
lacharente,bd6t55102337x,,failed,0,0,,no_usable_pages,known,,,bd6t55102337x: no usable pages in manifest.,2026-07-17T18:16:40.450937
lacharente,bd6t55102338b,,failed,0,0,,no_usable_pages,known,,,bd6t55102338b: no usable pages in manifest.,2026-07-17T18:16:40.588645
lacharente,bd6t55102339r,,failed,0,0,,no_usable_pages,known,,,bd6t55102339r: no usable pages in manifest.,2026-07-17T18:16:40.755553
lacharente,bd6t55102340d,,failed,0,0,,no_usable_pages,known,,,bd6t55102340d: no usable pages in manifest.,2026-07-17T18:16:40.982199
lacharente,bd6t55102341t,,failed,0,0,,no_usable_pages,known,,,bd6t55102341t: no usable pages in manifest.,2026-07-17T18:16:41.297254
lacharente,bd6t551023427,,failed,0,0,,no_usable_pages,known,,,bd6t551023427: no usable pages in manifest.,2026-07-17T18:16:41.470160
lacharente,bd6t55102343n,,failed,0,0,,no_usable_pages,known,,,bd6t55102343n: no usable pages in manifest.,2026-07-17T18:16:41.598722
lacharente,bd6t551023442,,failed,0,0,,no_usable_pages,known,,,bd6t551023442: no usable pages in manifest.,2026-07-17T18:16:41.756151
lacharente,bd6t55102345g,,failed,0,0,,no_usable_pages,known,,,bd6t55102345g: no usable pages in manifest.,2026-07-17T18:16:41.932890
lacharente,bd6t55102346w,,failed,0,0,,no_usable_pages,known,,,bd6t55102346w: no usable pages in manifest.,2026-07-17T18:16:42.131491
lacharente,bd6t551023479,,failed,0,0,,no_usable_pages,known,,,bd6t551023479: no usable pages in manifest.,2026-07-17T18:16:42.415351
lacharente,bd6t55102348q,,failed,0,0,,no_usable_pages,known,,,bd6t55102348q: no usable pages in manifest.,2026-07-17T18:16:42.630465
lacharente,bd6t551023494,,failed,0,0,,no_usable_pages,known,,,bd6t551023494: no usable pages in manifest.,2026-07-17T18:16:42.759937
lacharente,bd6t55102350s,,failed,0,0,,no_usable_pages,known,,,bd6t55102350s: no usable pages in manifest.,2026-07-17T18:16:42.921102
lacharente,bd6t551023516,,failed,0,0,,no_usable_pages,known,,,bd6t551023516: no usable pages in manifest.,2026-07-17T18:16:43.099191
lacharente,bd6t55102352m,,failed,0,0,,no_usable_pages,known,,,bd6t55102352m: no usable pages in manifest.,2026-07-17T18:16:43.302610
lacharente,bd6t551023531,,failed,0,0,,no_usable_pages,known,,,bd6t551023531: no usable pages in manifest.,2026-07-17T18:16:43.630383
lacharente,bd6t55102354f,,failed,0,0,,no_usable_pages,known,,,bd6t55102354f: no usable pages in manifest.,2026-07-17T18:16:43.769461
lacharente,bd6t55102355v,,failed,0,0,,no_usable_pages,known,,,bd6t55102355v: no usable pages in manifest.,2026-07-17T18:16:43.930171
lacharente,bd6t551023568,,failed,0,0,,no_usable_pages,known,,,bd6t551023568: no usable pages in manifest.,2026-07-17T18:16:44.156751
lacharente,bd6t55102357p,,failed,0,0,,no_usable_pages,known,,,bd6t55102357p: no usable pages in manifest.,2026-07-17T18:16:44.363522
lacharente,bd6t551023583,,failed,0,0,,no_usable_pages,known,,,bd6t551023583: no usable pages in manifest.,2026-07-17T18:16:44.830284
lacharente,bd6t55102359h,,failed,0,0,,no_usable_pages,known,,,bd6t55102359h: no usable pages in manifest.,2026-07-17T18:16:44.989347
lacharente,bd6t551023605,,failed,0,0,,no_usable_pages,known,,,bd6t551023605: no usable pages in manifest.,2026-07-17T18:16:45.200485
lacharente,bd6t55102361k,,failed,0,0,,no_usable_pages,known,,,bd6t55102361k: no usable pages in manifest.,2026-07-17T18:16:45.414312
lacharente,bd6t551023620,,failed,0,0,,no_usable_pages,known,,,bd6t551023620: no usable pages in manifest.,2026-07-17T18:16:45.579226
lacharente,bd6t55102363d,,failed,0,0,,no_usable_pages,known,,,bd6t55102363d: no usable pages in manifest.,2026-07-17T18:16:45.747522
lacharente,bd6t55102364t,,failed,0,0,,no_usable_pages,known,,,bd6t55102364t: no usable pages in manifest.,2026-07-17T18:16:45.899864
lacharente,bd6t551023657,,failed,0,0,,no_usable_pages,known,,,bd6t551023657: no usable pages in manifest.,2026-07-17T18:16:46.033709
lacharente,bd6t55102366n,,failed,0,0,,no_usable_pages,known,,,bd6t55102366n: no usable pages in manifest.,2026-07-17T18:16:46.164534
lacharente,bd6t551023672,,failed,0,0,,no_usable_pages,known,,,bd6t551023672: no usable pages in manifest.,2026-07-17T18:16:46.290483
lacharente,bd6t55102368g,,failed,0,0,,no_usable_pages,known,,,bd6t55102368g: no usable pages in manifest.,2026-07-17T18:16:46.459779
lacharente,bd6t55102369w,,failed,0,0,,no_usable_pages,known,,,bd6t55102369w: no usable pages in manifest.,2026-07-17T18:16:46.653213
lacharente,bd6t55102370j,,failed,0,0,,no_usable_pages,known,,,bd6t55102370j: no usable pages in manifest.,2026-07-17T18:16:46.819860
lacharente,bd6t55102371z,,failed,0,0,,no_usable_pages,known,,,bd6t55102371z: no usable pages in manifest.,2026-07-17T18:16:46.972830
lacharente,bd6t55102372c,,failed,0,0,,no_usable_pages,known,,,bd6t55102372c: no usable pages in manifest.,2026-07-17T18:16:47.107273
lacharente,bd6t55102373s,,failed,0,0,,no_usable_pages,known,,,bd6t55102373s: no usable pages in manifest.,2026-07-17T18:16:47.282831
lacharente,bd6t551023746,,failed,0,0,,no_usable_pages,known,,,bd6t551023746: no usable pages in manifest.,2026-07-17T18:16:47.466537
lacharente,bd6t55102375m,,failed,0,0,,no_usable_pages,known,,,bd6t55102375m: no usable pages in manifest.,2026-07-17T18:16:47.640305
lacharente,bd6t551023761,,failed,0,0,,no_usable_pages,known,,,bd6t551023761: no usable pages in manifest.,2026-07-17T18:16:47.813560
lacharente,bd6t55102377f,,failed,0,0,,no_usable_pages,known,,,bd6t55102377f: no usable pages in manifest.,2026-07-17T18:16:47.989251
lacharente,bd6t55102378v,,failed,0,0,,no_usable_pages,known,,,bd6t55102378v: no usable pages in manifest.,2026-07-17T18:16:48.123514
lacharente,bd6t551023798,,failed,0,0,,no_usable_pages,known,,,bd6t551023798: no usable pages in manifest.,2026-07-17T18:16:48.257218
lacharente,bd6t55102380x,,failed,0,0,,no_usable_pages,known,,,bd6t55102380x: no usable pages in manifest.,2026-07-17T18:16:48.417025
lacharente,bd6t55102381b,,failed,0,0,,no_usable_pages,known,,,bd6t55102381b: no usable pages in manifest.,2026-07-17T18:16:48.608559
lacharente,bd6t55102382r,,failed,0,0,,no_usable_pages,known,,,bd6t55102382r: no usable pages in manifest.,2026-07-17T18:16:48.805725
lacharente,bd6t551023835,,failed,0,0,,no_usable_pages,known,,,bd6t551023835: no usable pages in manifest.,2026-07-17T18:16:49.063976
lacharente,bd6t55102384k,,failed,0,0,,no_usable_pages,known,,,bd6t55102384k: no usable pages in manifest.,2026-07-17T18:16:49.200550
lacharente,bd6t551023850,,failed,0,0,,no_usable_pages,known,,,bd6t551023850: no usable pages in manifest.,2026-07-17T18:16:49.384636
lacharente,bd6t55102386d,,failed,0,0,,no_usable_pages,known,,,bd6t55102386d: no usable pages in manifest.,2026-07-17T18:16:49.544295
lacharente,bd6t55102387t,,failed,0,0,,no_usable_pages,known,,,bd6t55102387t: no usable pages in manifest.,2026-07-17T18:16:49.872391
lacharente,bd6t551023887,,failed,0,0,,no_usable_pages,known,,,bd6t551023887: no usable pages in manifest.,2026-07-17T18:16:50.031163
lacharente,bd6t55102389n,,failed,0,0,,no_usable_pages,known,,,bd6t55102389n: no usable pages in manifest.,2026-07-17T18:16:50.237110
lacharente,bd6t551023909,,failed,0,0,,no_usable_pages,known,,,bd6t551023909: no usable pages in manifest.,2026-07-17T18:16:50.377917
lacharente,bd6t55102391q,,failed,0,0,,no_usable_pages,known,,,bd6t55102391q: no usable pages in manifest.,2026-07-17T18:16:50.553349
lacharente,bd6t551023924,,failed,0,0,,no_usable_pages,known,,,bd6t551023924: no usable pages in manifest.,2026-07-17T18:16:50.772098
lacharente,bd6t55102393j,,failed,0,0,,no_usable_pages,known,,,bd6t55102393j: no usable pages in manifest.,2026-07-17T18:16:50.988908
lacharente,bd6t55102394z,,failed,0,0,,no_usable_pages,known,,,bd6t55102394z: no usable pages in manifest.,2026-07-17T18:16:51.183938
lacharente,bd6t55102395c,,failed,0,0,,no_usable_pages,known,,,bd6t55102395c: no usable pages in manifest.,2026-07-17T18:16:51.495213
lacharente,bd6t55102396s,,failed,0,0,,no_usable_pages,known,,,bd6t55102396s: no usable pages in manifest.,2026-07-17T18:16:51.694175
lacharente,bd6t551023976,,failed,0,0,,no_usable_pages,known,,,bd6t551023976: no usable pages in manifest.,2026-07-17T18:16:51.976017
lacharente,bd6t55102398m,,failed,0,0,,no_usable_pages,known,,,bd6t55102398m: no usable pages in manifest.,2026-07-17T18:16:52.147057
lacharente,bd6t551023991,,failed,0,0,,no_usable_pages,known,,,bd6t551023991: no usable pages in manifest.,2026-07-17T18:16:52.333647
lacharente,bd6t551024007,,failed,0,0,,no_usable_pages,known,,,bd6t551024007: no usable pages in manifest.,2026-07-17T18:16:52.545444
lacharente,bd6t55102401n,,failed,0,0,,no_usable_pages,known,,,bd6t55102401n: no usable pages in manifest.,2026-07-17T18:16:52.666260
lacharente,bd6t551024022,,failed,0,0,,no_usable_pages,known,,,bd6t551024022: no usable pages in manifest.,2026-07-17T18:16:52.793512
lacharente,bd6t55102403g,,failed,0,0,,no_usable_pages,known,,,bd6t55102403g: no usable pages in manifest.,2026-07-17T18:16:53.076239
lacharente,bd6t55102404w,,failed,0,0,,no_usable_pages,known,,,bd6t55102404w: no usable pages in manifest.,2026-07-17T18:16:53.268607
lacharente,bd6t551024059,,failed,0,0,,no_usable_pages,known,,,bd6t551024059: no usable pages in manifest.,2026-07-17T18:16:53.453016
lacharente,bd6t55102406q,,failed,0,0,,no_usable_pages,known,,,bd6t55102406q: no usable pages in manifest.,2026-07-17T18:16:53.649275
lacharente,bd6t551024074,,failed,0,0,,no_usable_pages,known,,,bd6t551024074: no usable pages in manifest.,2026-07-17T18:16:53.854245
lacharente,bd6t55102408j,,failed,0,0,,no_usable_pages,known,,,bd6t55102408j: no usable pages in manifest.,2026-07-17T18:16:54.042062
lacharente,bd6t55102409z,,failed,0,0,,no_usable_pages,known,,,bd6t55102409z: no usable pages in manifest.,2026-07-17T18:16:54.232393
lacharente,bd6t55102410m,,failed,0,0,,no_usable_pages,known,,,bd6t55102410m: no usable pages in manifest.,2026-07-17T18:16:54.525094
lacharente,bd6t551024111,,failed,0,0,,no_usable_pages,known,,,bd6t551024111: no usable pages in manifest.,2026-07-17T18:16:54.781944
lacharente,bd6t55102412f,,failed,0,0,,no_usable_pages,known,,,bd6t55102412f: no usable pages in manifest.,2026-07-17T18:16:54.947041
lacharente,bd6t55102413v,,failed,0,0,,no_usable_pages,known,,,bd6t55102413v: no usable pages in manifest.,2026-07-17T18:16:55.196952
lacharente,bd6t551024148,,failed,0,0,,no_usable_pages,known,,,bd6t551024148: no usable pages in manifest.,2026-07-17T18:16:55.413498
lacharente,bd6t55102415p,,failed,0,0,,no_usable_pages,known,,,bd6t55102415p: no usable pages in manifest.,2026-07-17T18:16:55.601925
lacharente,bd6t551024163,,failed,0,0,,no_usable_pages,known,,,bd6t551024163: no usable pages in manifest.,2026-07-17T18:16:55.849539
lacharente,bd6t55102417h,,failed,0,0,,no_usable_pages,known,,,bd6t55102417h: no usable pages in manifest.,2026-07-17T18:16:56.285983
lacharente,bd6t55102418x,,failed,0,0,,no_usable_pages,known,,,bd6t55102418x: no usable pages in manifest.,2026-07-17T18:16:56.592581
lacharente,bd6t55102419b,,failed,0,0,,no_usable_pages,known,,,bd6t55102419b: no usable pages in manifest.,2026-07-17T18:16:56.801425
lacharente,bd6t551024200,,failed,0,0,,no_usable_pages,known,,,bd6t551024200: no usable pages in manifest.,2026-07-17T18:16:57.022331
lacharente,bd6t55102421d,,failed,0,0,,no_usable_pages,known,,,bd6t55102421d: no usable pages in manifest.,2026-07-17T18:16:57.181652
lacharente,bd6t55102422t,,failed,0,0,,no_usable_pages,known,,,bd6t55102422t: no usable pages in manifest.,2026-07-17T18:16:57.357094
lacharente,bd6t551024237,,failed,0,0,,no_usable_pages,known,,,bd6t551024237: no usable pages in manifest.,2026-07-17T18:16:57.598255
lacharente,bd6t55102424n,,failed,0,0,,no_usable_pages,known,,,bd6t55102424n: no usable pages in manifest.,2026-07-17T18:16:57.756416
lacharente,bd6t551024252,,failed,0,0,,no_usable_pages,known,,,bd6t551024252: no usable pages in manifest.,2026-07-17T18:16:57.917295
lacharente,bd6t55102426g,,failed,0,0,,no_usable_pages,known,,,bd6t55102426g: no usable pages in manifest.,2026-07-17T18:16:58.166745
lacharente,bd6t55102427w,,failed,0,0,,no_usable_pages,known,,,bd6t55102427w: no usable pages in manifest.,2026-07-17T18:16:58.532219
lacharente,bd6t551024289,,failed,0,0,,no_usable_pages,known,,,bd6t551024289: no usable pages in manifest.,2026-07-17T18:16:58.804983
lacharente,bd6t55102429q,,failed,0,0,,no_usable_pages,known,,,bd6t55102429q: no usable pages in manifest.,2026-07-17T18:16:58.958205
lacharente,bd6t55102430c,,failed,0,0,,no_usable_pages,known,,,bd6t55102430c: no usable pages in manifest.,2026-07-17T18:16:59.154076
lacharente,bd6t55102431s,,failed,0,0,,no_usable_pages,known,,,bd6t55102431s: no usable pages in manifest.,2026-07-17T18:16:59.358867
lacharente,bd6t551024326,,failed,0,0,,no_usable_pages,known,,,bd6t551024326: no usable pages in manifest.,2026-07-17T18:16:59.521600
lacharente,bd6t55102433m,,failed,0,0,,no_usable_pages,known,,,bd6t55102433m: no usable pages in manifest.,2026-07-17T18:16:59.741930
lacharente,bd6t551024341,,failed,0,0,,no_usable_pages,known,,,bd6t551024341: no usable pages in manifest.,2026-07-17T18:16:59.955193
lacharente,bd6t55102435f,,failed,0,0,,no_usable_pages,known,,,bd6t55102435f: no usable pages in manifest.,2026-07-17T18:17:00.147382
lacharente,bd6t55102436v,,failed,0,0,,no_usable_pages,known,,,bd6t55102436v: no usable pages in manifest.,2026-07-17T18:17:00.421516
lacharente,bd6t551024378,,failed,0,0,,no_usable_pages,known,,,bd6t551024378: no usable pages in manifest.,2026-07-17T18:17:00.619336
lacharente,bd6t55102438p,,failed,0,0,,no_usable_pages,known,,,bd6t55102438p: no usable pages in manifest.,2026-07-17T18:17:00.827253
lacharente,bd6t551024393,,failed,0,0,,no_usable_pages,known,,,bd6t551024393: no usable pages in manifest.,2026-07-17T18:17:01.073851
lacharente,bd6t55102440r,,failed,0,0,,no_usable_pages,known,,,bd6t55102440r: no usable pages in manifest.,2026-07-17T18:17:01.262591
lacharente,bd6t551024415,,failed,0,0,,no_usable_pages,known,,,bd6t551024415: no usable pages in manifest.,2026-07-17T18:17:01.468638
lacharente,bd6t55102442k,,failed,0,0,,no_usable_pages,known,,,bd6t55102442k: no usable pages in manifest.,2026-07-17T18:17:01.668887
lacharente,bd6t551024430,,failed,0,0,,no_usable_pages,known,,,bd6t551024430: no usable pages in manifest.,2026-07-17T18:17:01.889309
lacharente,bd6t55102444d,,failed,0,0,,no_usable_pages,known,,,bd6t55102444d: no usable pages in manifest.,2026-07-17T18:17:02.080092
lacharente,bd6t55102445t,,failed,0,0,,no_usable_pages,known,,,bd6t55102445t: no usable pages in manifest.,2026-07-17T18:17:02.255429
lacharente,bd6t551024467,,failed,0,0,,no_usable_pages,known,,,bd6t551024467: no usable pages in manifest.,2026-07-17T18:17:02.458349
lacharente,bd6t55102447n,,failed,0,0,,no_usable_pages,known,,,bd6t55102447n: no usable pages in manifest.,2026-07-17T18:17:02.634152
lacharente,bd6t551024482,,failed,0,0,,no_usable_pages,known,,,bd6t551024482: no usable pages in manifest.,2026-07-17T18:17:02.835222
lacharente,bd6t55102449g,,failed,0,0,,no_usable_pages,known,,,bd6t55102449g: no usable pages in manifest.,2026-07-17T18:17:03.094104
lacharente,bd6t551024504,,failed,0,0,,no_usable_pages,known,,,bd6t551024504: no usable pages in manifest.,2026-07-17T18:17:03.290010
lacharente,bd6t55102451j,,failed,0,0,,no_usable_pages,known,,,bd6t55102451j: no usable pages in manifest.,2026-07-17T18:17:03.517944
lacharente,bd6t55102452z,,failed,0,0,,no_usable_pages,known,,,bd6t55102452z: no usable pages in manifest.,2026-07-17T18:17:03.703459
lacharente,bd6t55102453c,,failed,0,0,,no_usable_pages,known,,,bd6t55102453c: no usable pages in manifest.,2026-07-17T18:17:03.861318
lacharente,bd6t55102454s,,failed,0,0,,no_usable_pages,known,,,bd6t55102454s: no usable pages in manifest.,2026-07-17T18:17:04.005568
lacharente,bd6t551024556,,failed,0,0,,no_usable_pages,known,,,bd6t551024556: no usable pages in manifest.,2026-07-17T18:17:04.256452
lacharente,bd6t55102456m,,failed,0,0,,no_usable_pages,known,,,bd6t55102456m: no usable pages in manifest.,2026-07-17T18:17:04.568534
lacharente,bd6t551024571,,failed,0,0,,no_usable_pages,known,,,bd6t551024571: no usable pages in manifest.,2026-07-17T18:17:04.802640
lacharente,bd6t55102458f,,failed,0,0,,no_usable_pages,known,,,bd6t55102458f: no usable pages in manifest.,2026-07-17T18:17:05.042505
lacharente,bd6t55102459v,,failed,0,0,,no_usable_pages,known,,,bd6t55102459v: no usable pages in manifest.,2026-07-17T18:17:05.321707
lacharente,bd6t55102460h,,failed,0,0,,no_usable_pages,known,,,bd6t55102460h: no usable pages in manifest.,2026-07-17T18:17:05.539435
lacharente,bd6t55102461x,,failed,0,0,,no_usable_pages,known,,,bd6t55102461x: no usable pages in manifest.,2026-07-17T18:17:05.741713
lacharente,bd6t55102462b,,failed,0,0,,no_usable_pages,known,,,bd6t55102462b: no usable pages in manifest.,2026-07-17T18:17:05.935412
lacharente,bd6t55102463r,,failed,0,0,,no_usable_pages,known,,,bd6t55102463r: no usable pages in manifest.,2026-07-17T18:17:06.101027
lacharente,bd6t551024645,,failed,0,0,,no_usable_pages,known,,,bd6t551024645: no usable pages in manifest.,2026-07-17T18:17:06.276309
lacharente,bd6t55102465k,,failed,0,0,,no_usable_pages,known,,,bd6t55102465k: no usable pages in manifest.,2026-07-17T18:17:06.490487
lacharente,bd6t551024660,,failed,0,0,,no_usable_pages,known,,,bd6t551024660: no usable pages in manifest.,2026-07-17T18:17:06.625549
lacharente,bd6t55102467d,,failed,0,0,,no_usable_pages,known,,,bd6t55102467d: no usable pages in manifest.,2026-07-17T18:17:06.782125
lacharente,bd6t55102468t,,failed,0,0,,no_usable_pages,known,,,bd6t55102468t: no usable pages in manifest.,2026-07-17T18:17:06.948847
lacharente,bd6t551024697,,failed,0,0,,no_usable_pages,known,,,bd6t551024697: no usable pages in manifest.,2026-07-17T18:17:07.133604
lacharente,bd6t55102470w,,failed,0,0,,no_usable_pages,known,,,bd6t55102470w: no usable pages in manifest.,2026-07-17T18:17:07.302229
lacharente,bd6t551024719,,failed,0,0,,no_usable_pages,known,,,bd6t551024719: no usable pages in manifest.,2026-07-17T18:17:07.496563
lacharente,bd6t55102472q,,failed,0,0,,no_usable_pages,known,,,bd6t55102472q: no usable pages in manifest.,2026-07-17T18:17:07.675733
lacharente,bd6t551024734,,failed,0,0,,no_usable_pages,known,,,bd6t551024734: no usable pages in manifest.,2026-07-17T18:17:07.810813
lacharente,bd6t55102474j,,failed,0,0,,no_usable_pages,known,,,bd6t55102474j: no usable pages in manifest.,2026-07-17T18:17:07.937854
lacharente,bd6t55102475z,,failed,0,0,,no_usable_pages,known,,,bd6t55102475z: no usable pages in manifest.,2026-07-17T18:17:08.140105
lacharente,bd6t55102476c,,failed,0,0,,no_usable_pages,known,,,bd6t55102476c: no usable pages in manifest.,2026-07-17T18:17:08.299307
lacharente,bd6t55102477s,,failed,0,0,,no_usable_pages,known,,,bd6t55102477s: no usable pages in manifest.,2026-07-17T18:17:08.550254
lacharente,bd6t551024786,,failed,0,0,,no_usable_pages,known,,,bd6t551024786: no usable pages in manifest.,2026-07-17T18:17:08.737073
lacharente,bd6t55102479m,,failed,0,0,,no_usable_pages,known,,,bd6t55102479m: no usable pages in manifest.,2026-07-17T18:17:08.873358
lacharente,bd6t551024808,,failed,0,0,,no_usable_pages,known,,,bd6t551024808: no usable pages in manifest.,2026-07-17T18:17:09.035484
lacharente,bd6t55102481p,,failed,0,0,,no_usable_pages,known,,,bd6t55102481p: no usable pages in manifest.,2026-07-17T18:17:09.245480
lacharente,bd6t551024823,,failed,0,0,,no_usable_pages,known,,,bd6t551024823: no usable pages in manifest.,2026-07-17T18:17:09.394900
lacharente,bd6t55102483h,,failed,0,0,,no_usable_pages,known,,,bd6t55102483h: no usable pages in manifest.,2026-07-17T18:17:09.690097
lacharente,bd6t55102484x,,failed,0,0,,no_usable_pages,known,,,bd6t55102484x: no usable pages in manifest.,2026-07-17T18:17:09.868023
lacharente,bd6t55102485b,,failed,0,0,,no_usable_pages,known,,,bd6t55102485b: no usable pages in manifest.,2026-07-17T18:17:10.005118
lacharente,bd6t55102486r,,failed,0,0,,no_usable_pages,known,,,bd6t55102486r: no usable pages in manifest.,2026-07-17T18:17:10.163221
lacharente,bd6t551024875,,failed,0,0,,no_usable_pages,known,,,bd6t551024875: no usable pages in manifest.,2026-07-17T18:17:10.389806
lacharente,bd6t55102488k,,failed,0,0,,no_usable_pages,known,,,bd6t55102488k: no usable pages in manifest.,2026-07-17T18:17:10.583153
lacharente,bd6t551024890,,failed,0,0,,no_usable_pages,known,,,bd6t551024890: no usable pages in manifest.,2026-07-17T18:17:10.779122
lacharente,bd6t55102490n,,failed,0,0,,no_usable_pages,known,,,bd6t55102490n: no usable pages in manifest.,2026-07-17T18:17:10.987588
lacharente,bd6t551024912,,failed,0,0,,no_usable_pages,known,,,bd6t551024912: no usable pages in manifest.,2026-07-17T18:17:11.124307
lacharente,bd6t55102492g,,failed,0,0,,no_usable_pages,known,,,bd6t55102492g: no usable pages in manifest.,2026-07-17T18:17:11.287925
lacharente,bd6t55102493w,,failed,0,0,,no_usable_pages,known,,,bd6t55102493w: no usable pages in manifest.,2026-07-17T18:17:11.596636
lacharente,bd6t551024949,,failed,0,0,,no_usable_pages,known,,,bd6t551024949: no usable pages in manifest.,2026-07-17T18:17:11.828920
lacharente,bd6t55102495q,,failed,0,0,,no_usable_pages,known,,,bd6t55102495q: no usable pages in manifest.,2026-07-17T18:17:11.980770
lacharente,bd6t551024964,,failed,0,0,,no_usable_pages,known,,,bd6t551024964: no usable pages in manifest.,2026-07-17T18:17:12.130708
lacharente,bd6t55102497j,,failed,0,0,,no_usable_pages,known,,,bd6t55102497j: no usable pages in manifest.,2026-07-17T18:17:12.345950
lacharente,bd6t55102498z,,failed,0,0,,no_usable_pages,known,,,bd6t55102498z: no usable pages in manifest.,2026-07-17T18:17:12.486520
lacharente,bd6t55102499c,,failed,0,0,,no_usable_pages,known,,,bd6t55102499c: no usable pages in manifest.,2026-07-17T18:17:12.723527
lacharente,bd6t55102500k,,failed,0,0,,no_usable_pages,known,,,bd6t55102500k: no usable pages in manifest.,2026-07-17T18:17:12.984686
lacharente,bd6t551025010,,failed,0,0,,no_usable_pages,known,,,bd6t551025010: no usable pages in manifest.,2026-07-17T18:17:13.137123
lacharente,bd6t55102502d,,failed,0,0,,no_usable_pages,known,,,bd6t55102502d: no usable pages in manifest.,2026-07-17T18:17:13.303913
lacharente,bd6t55102503t,,failed,0,0,,no_usable_pages,known,,,bd6t55102503t: no usable pages in manifest.,2026-07-17T18:17:13.510277
lacharente,bd6t551025047,,failed,0,0,,no_usable_pages,known,,,bd6t551025047: no usable pages in manifest.,2026-07-17T18:17:13.764731
lacharente,bd6t55102505n,,failed,0,0,,no_usable_pages,known,,,bd6t55102505n: no usable pages in manifest.,2026-07-17T18:17:14.103271
lacharente,bd6t551025062,,failed,0,0,,no_usable_pages,known,,,bd6t551025062: no usable pages in manifest.,2026-07-17T18:17:14.272485
lacharente,bd6t55102507g,,failed,0,0,,no_usable_pages,known,,,bd6t55102507g: no usable pages in manifest.,2026-07-17T18:17:14.428593
lacharente,bd6t55102508w,,failed,0,0,,no_usable_pages,known,,,bd6t55102508w: no usable pages in manifest.,2026-07-17T18:17:14.584110
lacharente,bd6t551025099,,failed,0,0,,no_usable_pages,known,,,bd6t551025099: no usable pages in manifest.,2026-07-17T18:17:14.781832
lacharente,bd6t55102510z,,failed,0,0,,no_usable_pages,known,,,bd6t55102510z: no usable pages in manifest.,2026-07-17T18:17:15.098626
lacharente,bd6t55102511c,,failed,0,0,,no_usable_pages,known,,,bd6t55102511c: no usable pages in manifest.,2026-07-17T18:17:15.395041
lacharente,bd6t55102512s,,failed,0,0,,no_usable_pages,known,,,bd6t55102512s: no usable pages in manifest.,2026-07-17T18:17:15.635208
lacharente,bd6t551025136,,failed,0,0,,no_usable_pages,known,,,bd6t551025136: no usable pages in manifest.,2026-07-17T18:17:15.904864
lacharente,bd6t55102514m,,failed,0,0,,no_usable_pages,known,,,bd6t55102514m: no usable pages in manifest.,2026-07-17T18:17:16.076545
lacharente,bd6t551025151,,failed,0,0,,no_usable_pages,known,,,bd6t551025151: no usable pages in manifest.,2026-07-17T18:17:16.259126
lacharente,bd6t55102516f,,failed,0,0,,no_usable_pages,known,,,bd6t55102516f: no usable pages in manifest.,2026-07-17T18:17:16.557489
lacharente,bd6t55102517v,,failed,0,0,,no_usable_pages,known,,,bd6t55102517v: no usable pages in manifest.,2026-07-17T18:17:16.706607
lacharente,bd6t551025188,,failed,0,0,,no_usable_pages,known,,,bd6t551025188: no usable pages in manifest.,2026-07-17T18:17:16.913751
lacharente,bd6t55102519p,,failed,0,0,,no_usable_pages,known,,,bd6t55102519p: no usable pages in manifest.,2026-07-17T18:17:17.095780
lacharente,bd6t55102520b,,failed,0,0,,no_usable_pages,known,,,bd6t55102520b: no usable pages in manifest.,2026-07-17T18:17:17.261178
lacharente,bd6t55102521r,,failed,0,0,,no_usable_pages,known,,,bd6t55102521r: no usable pages in manifest.,2026-07-17T18:17:17.401950
lacharente,bd6t551025225,,failed,0,0,,no_usable_pages,known,,,bd6t551025225: no usable pages in manifest.,2026-07-17T18:17:17.648239
lacharente,bd6t55102523k,,failed,0,0,,no_usable_pages,known,,,bd6t55102523k: no usable pages in manifest.,2026-07-17T18:17:17.766741
lacharente,bd6t551025240,,failed,0,0,,no_usable_pages,known,,,bd6t551025240: no usable pages in manifest.,2026-07-17T18:17:17.975335
lacharente,bd6t55102525d,,failed,0,0,,no_usable_pages,known,,,bd6t55102525d: no usable pages in manifest.,2026-07-17T18:17:18.144467
lacharente,bd6t55102526t,,failed,0,0,,no_usable_pages,known,,,bd6t55102526t: no usable pages in manifest.,2026-07-17T18:17:18.298266
lacharente,bd6t551025277,,failed,0,0,,no_usable_pages,known,,,bd6t551025277: no usable pages in manifest.,2026-07-17T18:17:18.465750
lacharente,bd6t55102528n,,failed,0,0,,no_usable_pages,known,,,bd6t55102528n: no usable pages in manifest.,2026-07-17T18:17:18.814865
lacharente,bd6t551025292,,failed,0,0,,no_usable_pages,known,,,bd6t551025292: no usable pages in manifest.,2026-07-17T18:17:19.089802
lacharente,bd6t55102530q,,failed,0,0,,no_usable_pages,known,,,bd6t55102530q: no usable pages in manifest.,2026-07-17T18:17:19.307833
lacharente,bd6t551025314,,failed,0,0,,no_usable_pages,known,,,bd6t551025314: no usable pages in manifest.,2026-07-17T18:17:19.473600
lacharente,bd6t55102532j,,failed,0,0,,no_usable_pages,known,,,bd6t55102532j: no usable pages in manifest.,2026-07-17T18:17:19.694632
lacharente,bd6t55102533z,,failed,0,0,,no_usable_pages,known,,,bd6t55102533z: no usable pages in manifest.,2026-07-17T18:17:19.910998
lacharente,bd6t55102534c,,failed,0,0,,no_usable_pages,known,,,bd6t55102534c: no usable pages in manifest.,2026-07-17T18:17:20.139830
lacharente,bd6t55102535s,,failed,0,0,,no_usable_pages,known,,,bd6t55102535s: no usable pages in manifest.,2026-07-17T18:17:20.362997
lacharente,bd6t551025366,,failed,0,0,,no_usable_pages,known,,,bd6t551025366: no usable pages in manifest.,2026-07-17T18:17:20.561653
lacharente,bd6t55102537m,,failed,0,0,,no_usable_pages,known,,,bd6t55102537m: no usable pages in manifest.,2026-07-17T18:17:20.827070
lacharente,bd6t551025381,,failed,0,0,,no_usable_pages,known,,,bd6t551025381: no usable pages in manifest.,2026-07-17T18:17:21.077426
lacharente,bd6t55102539f,,failed,0,0,,no_usable_pages,known,,,bd6t55102539f: no usable pages in manifest.,2026-07-17T18:17:21.288402
lacharente,bd6t551025403,,failed,0,0,,no_usable_pages,known,,,bd6t551025403: no usable pages in manifest.,2026-07-17T18:17:21.565005
lacharente,bd6t55102541h,,failed,0,0,,no_usable_pages,known,,,bd6t55102541h: no usable pages in manifest.,2026-07-17T18:17:21.798232
lacharente,bd6t55102542x,,failed,0,0,,no_usable_pages,known,,,bd6t55102542x: no usable pages in manifest.,2026-07-17T18:17:22.072306
lacharente,bd6t55102543b,,failed,0,0,,no_usable_pages,known,,,bd6t55102543b: no usable pages in manifest.,2026-07-17T18:17:22.261437
lacharente,bd6t55102544r,,failed,0,0,,no_usable_pages,known,,,bd6t55102544r: no usable pages in manifest.,2026-07-17T18:17:22.418138
lacharente,bd6t551025455,,failed,0,0,,no_usable_pages,known,,,bd6t551025455: no usable pages in manifest.,2026-07-17T18:17:22.588275
lacharente,bd6t55102546k,,failed,0,0,,no_usable_pages,known,,,bd6t55102546k: no usable pages in manifest.,2026-07-17T18:17:22.772404
lacharente,bd6t551025470,,failed,0,0,,no_usable_pages,known,,,bd6t551025470: no usable pages in manifest.,2026-07-17T18:17:22.906148
lacharente,bd6t55102548d,,failed,0,0,,no_usable_pages,known,,,bd6t55102548d: no usable pages in manifest.,2026-07-17T18:17:23.124087
lacharente,bd6t55102549t,,failed,0,0,,no_usable_pages,known,,,bd6t55102549t: no usable pages in manifest.,2026-07-17T18:17:23.356166
lacharente,bd6t55102550g,,failed,0,0,,no_usable_pages,known,,,bd6t55102550g: no usable pages in manifest.,2026-07-17T18:17:23.555985
lacharente,bd6t55102551w,,failed,0,0,,no_usable_pages,known,,,bd6t55102551w: no usable pages in manifest.,2026-07-17T18:17:23.688379
lacharente,bd6t551025529,,failed,0,0,,no_usable_pages,known,,,bd6t551025529: no usable pages in manifest.,2026-07-17T18:17:23.862389
lacharente,bd6t55102553q,,failed,0,0,,no_usable_pages,known,,,bd6t55102553q: no usable pages in manifest.,2026-07-17T18:17:24.019151
lacharente,bd6t551025544,,failed,0,0,,no_usable_pages,known,,,bd6t551025544: no usable pages in manifest.,2026-07-17T18:17:24.282541
lacharente,bd6t55102555j,,failed,0,0,,no_usable_pages,known,,,bd6t55102555j: no usable pages in manifest.,2026-07-17T18:17:24.460009
lacharente,bd6t55102556z,,failed,0,0,,no_usable_pages,known,,,bd6t55102556z: no usable pages in manifest.,2026-07-17T18:17:24.759933
lacharente,bd6t55102557c,,failed,0,0,,no_usable_pages,known,,,bd6t55102557c: no usable pages in manifest.,2026-07-17T18:17:25.034704
lacharente,bd6t55102558s,,failed,0,0,,no_usable_pages,known,,,bd6t55102558s: no usable pages in manifest.,2026-07-17T18:17:25.288163
lacharente,bd6t551025596,,failed,0,0,,no_usable_pages,known,,,bd6t551025596: no usable pages in manifest.,2026-07-17T18:17:25.447739
lacharente,bd6t55102560v,,failed,0,0,,no_usable_pages,known,,,bd6t55102560v: no usable pages in manifest.,2026-07-17T18:17:25.644154
lacharente,bd6t551025618,,failed,0,0,,no_usable_pages,known,,,bd6t551025618: no usable pages in manifest.,2026-07-17T18:17:25.972779
lacharente,bd6t55102562p,,failed,0,0,,no_usable_pages,known,,,bd6t55102562p: no usable pages in manifest.,2026-07-17T18:17:26.206869
lacharente,bd6t551025633,,failed,0,0,,no_usable_pages,known,,,bd6t551025633: no usable pages in manifest.,2026-07-17T18:17:26.475541
lacharente,bd6t55102564h,,failed,0,0,,no_usable_pages,known,,,bd6t55102564h: no usable pages in manifest.,2026-07-17T18:17:26.621099
lacharente,bd6t55102565x,,failed,0,0,,no_usable_pages,known,,,bd6t55102565x: no usable pages in manifest.,2026-07-17T18:17:26.843752
lacharente,bd6t55102566b,,failed,0,0,,no_usable_pages,known,,,bd6t55102566b: no usable pages in manifest.,2026-07-17T18:17:27.060910
lacharente,bd6t55102567r,,failed,0,0,,no_usable_pages,known,,,bd6t55102567r: no usable pages in manifest.,2026-07-17T18:17:27.325775
lacharente,bd6t551025685,,failed,0,0,,no_usable_pages,known,,,bd6t551025685: no usable pages in manifest.,2026-07-17T18:17:27.614028
lacharente,bd6t55102569k,,failed,0,0,,no_usable_pages,known,,,bd6t55102569k: no usable pages in manifest.,2026-07-17T18:17:27.788308
lacharente,bd6t551025707,,failed,0,0,,no_usable_pages,known,,,bd6t551025707: no usable pages in manifest.,2026-07-17T18:17:27.945600
lacharente,bd6t55102571n,,failed,0,0,,no_usable_pages,known,,,bd6t55102571n: no usable pages in manifest.,2026-07-17T18:17:28.134626
lacharente,bd6t551025722,,failed,0,0,,no_usable_pages,known,,,bd6t551025722: no usable pages in manifest.,2026-07-17T18:17:28.333713
lacharente,bd6t55102573g,,failed,0,0,,no_usable_pages,known,,,bd6t55102573g: no usable pages in manifest.,2026-07-17T18:17:28.621558
lacharente,bd6t55102574w,,failed,0,0,,no_usable_pages,known,,,bd6t55102574w: no usable pages in manifest.,2026-07-17T18:17:28.828982
lacharente,bd6t551025759,,failed,0,0,,no_usable_pages,known,,,bd6t551025759: no usable pages in manifest.,2026-07-17T18:17:29.074164
lacharente,bd6t55102576q,,failed,0,0,,no_usable_pages,known,,,bd6t55102576q: no usable pages in manifest.,2026-07-17T18:17:29.330685
lacharente,bd6t551025774,,failed,0,0,,no_usable_pages,known,,,bd6t551025774: no usable pages in manifest.,2026-07-17T18:17:29.531714
lacharente,bd6t55102578j,,failed,0,0,,no_usable_pages,known,,,bd6t55102578j: no usable pages in manifest.,2026-07-17T18:17:29.738211
lacharente,bd6t55102579z,,failed,0,0,,no_usable_pages,known,,,bd6t55102579z: no usable pages in manifest.,2026-07-17T18:17:29.896357
lacharente,bd6t55102580m,,failed,0,0,,no_usable_pages,known,,,bd6t55102580m: no usable pages in manifest.,2026-07-17T18:17:30.053922
lacharente,bd6t551025811,,failed,0,0,,no_usable_pages,known,,,bd6t551025811: no usable pages in manifest.,2026-07-17T18:17:30.250343
lacharente,bd6t55102582f,,failed,0,0,,no_usable_pages,known,,,bd6t55102582f: no usable pages in manifest.,2026-07-17T18:17:30.502947
lacharente,bd6t55102583v,,failed,0,0,,no_usable_pages,known,,,bd6t55102583v: no usable pages in manifest.,2026-07-17T18:17:30.907013
lacharente,bd6t551025848,,failed,0,0,,no_usable_pages,known,,,bd6t551025848: no usable pages in manifest.,2026-07-17T18:17:31.084516
lacharente,bd6t55102585p,,failed,0,0,,no_usable_pages,known,,,bd6t55102585p: no usable pages in manifest.,2026-07-17T18:17:31.282407
lacharente,bd6t551025863,,failed,0,0,,no_usable_pages,known,,,bd6t551025863: no usable pages in manifest.,2026-07-17T18:17:31.524542
lacharente,bd6t55102587h,,failed,0,0,,no_usable_pages,known,,,bd6t55102587h: no usable pages in manifest.,2026-07-17T18:17:31.737426
lacharente,bd6t55102588x,,failed,0,0,,no_usable_pages,known,,,bd6t55102588x: no usable pages in manifest.,2026-07-17T18:17:31.975179
lacharente,bd6t55102589b,,failed,0,0,,no_usable_pages,known,,,bd6t55102589b: no usable pages in manifest.,2026-07-17T18:17:32.130692
lacharente,bd6t551025900,,failed,0,0,,no_usable_pages,known,,,bd6t551025900: no usable pages in manifest.,2026-07-17T18:17:32.314472
lacharente,bd6t55102591d,,failed,0,0,,no_usable_pages,known,,,bd6t55102591d: no usable pages in manifest.,2026-07-17T18:17:32.475518
lacharente,bd6t55102592t,,failed,0,0,,no_usable_pages,known,,,bd6t55102592t: no usable pages in manifest.,2026-07-17T18:17:32.758590
lacharente,bd6t551025937,,failed,0,0,,no_usable_pages,known,,,bd6t551025937: no usable pages in manifest.,2026-07-17T18:17:33.023305
lacharente,bd6t55102594n,,failed,0,0,,no_usable_pages,known,,,bd6t55102594n: no usable pages in manifest.,2026-07-17T18:17:33.185740
lacharente,bd6t551025952,,failed,0,0,,no_usable_pages,known,,,bd6t551025952: no usable pages in manifest.,2026-07-17T18:17:33.328495
lacharente,bd6t55102596g,,failed,0,0,,no_usable_pages,known,,,bd6t55102596g: no usable pages in manifest.,2026-07-17T18:17:33.542706
lacharente,bd6t55102597w,,failed,0,0,,no_usable_pages,known,,,bd6t55102597w: no usable pages in manifest.,2026-07-17T18:17:33.889258
lacharente,bd6t551025989,,failed,0,0,,no_usable_pages,known,,,bd6t551025989: no usable pages in manifest.,2026-07-17T18:17:34.175590
lacharente,bd6t55102599q,,failed,0,0,,no_usable_pages,known,,,bd6t55102599q: no usable pages in manifest.,2026-07-17T18:17:34.310827
lacharente,bd6t55102600x,,failed,0,0,,no_usable_pages,known,,,bd6t55102600x: no usable pages in manifest.,2026-07-17T18:17:34.520115
lacharente,bd6t55102601b,,failed,0,0,,no_usable_pages,known,,,bd6t55102601b: no usable pages in manifest.,2026-07-17T18:17:34.666770
lacharente,bd6t55102602r,,failed,0,0,,no_usable_pages,known,,,bd6t55102602r: no usable pages in manifest.,2026-07-17T18:17:34.860273
lacharente,bd6t551026035,,failed,0,0,,no_usable_pages,known,,,bd6t551026035: no usable pages in manifest.,2026-07-17T18:17:35.030078
lacharente,bd6t55102604k,,failed,0,0,,no_usable_pages,known,,,bd6t55102604k: no usable pages in manifest.,2026-07-17T18:17:35.316356
lacharente,bd6t551026050,,failed,0,0,,no_usable_pages,known,,,bd6t551026050: no usable pages in manifest.,2026-07-17T18:17:35.513981
lacharente,bd6t55102606d,,failed,0,0,,no_usable_pages,known,,,bd6t55102606d: no usable pages in manifest.,2026-07-17T18:17:35.810275
lacharente,bd6t55102607t,,failed,0,0,,no_usable_pages,known,,,bd6t55102607t: no usable pages in manifest.,2026-07-17T18:17:36.102913
lacharente,bd6t551026087,,failed,0,0,,no_usable_pages,known,,,bd6t551026087: no usable pages in manifest.,2026-07-17T18:17:36.471674
lacharente,bd6t55102609n,,failed,0,0,,no_usable_pages,known,,,bd6t55102609n: no usable pages in manifest.,2026-07-17T18:17:36.660204
lacharente,bd6t551026109,,failed,0,0,,no_usable_pages,known,,,bd6t551026109: no usable pages in manifest.,2026-07-17T18:17:36.859475
lacharente,bd6t55102611q,,failed,0,0,,no_usable_pages,known,,,bd6t55102611q: no usable pages in manifest.,2026-07-17T18:17:37.101770
lacharente,bd6t551026124,,failed,0,0,,no_usable_pages,known,,,bd6t551026124: no usable pages in manifest.,2026-07-17T18:17:37.274398
lacharente,bd6t55102613j,,failed,0,0,,no_usable_pages,known,,,bd6t55102613j: no usable pages in manifest.,2026-07-17T18:17:37.467207
lacharente,bd6t55102614z,,failed,0,0,,no_usable_pages,known,,,bd6t55102614z: no usable pages in manifest.,2026-07-17T18:17:37.601900
lacharente,bd6t55102615c,,failed,0,0,,no_usable_pages,known,,,bd6t55102615c: no usable pages in manifest.,2026-07-17T18:17:37.755611
lacharente,bd6t55102616s,,failed,0,0,,no_usable_pages,known,,,bd6t55102616s: no usable pages in manifest.,2026-07-17T18:17:37.893489
lacharente,bd6t551026176,,failed,0,0,,no_usable_pages,known,,,bd6t551026176: no usable pages in manifest.,2026-07-17T18:17:38.043373
lacharente,bd6t55102618m,,failed,0,0,,no_usable_pages,known,,,bd6t55102618m: no usable pages in manifest.,2026-07-17T18:17:38.260964
lacharente,bd6t551026191,,failed,0,0,,no_usable_pages,known,,,bd6t551026191: no usable pages in manifest.,2026-07-17T18:17:38.498521
lacharente,bd6t55102620p,,failed,0,0,,no_usable_pages,known,,,bd6t55102620p: no usable pages in manifest.,2026-07-17T18:17:38.650074
lacharente,bd6t551026213,,failed,0,0,,no_usable_pages,known,,,bd6t551026213: no usable pages in manifest.,2026-07-17T18:17:38.799464
lacharente,bd6t55102622h,,failed,0,0,,no_usable_pages,known,,,bd6t55102622h: no usable pages in manifest.,2026-07-17T18:17:38.954138
lacharente,bd6t55102623x,,failed,0,0,,no_usable_pages,known,,,bd6t55102623x: no usable pages in manifest.,2026-07-17T18:17:39.095466
lacharente,bd6t55102624b,,failed,0,0,,no_usable_pages,known,,,bd6t55102624b: no usable pages in manifest.,2026-07-17T18:17:39.308087
lacharente,bd6t55102625r,,failed,0,0,,no_usable_pages,known,,,bd6t55102625r: no usable pages in manifest.,2026-07-17T18:17:39.487195
lacharente,bd6t551026265,,failed,0,0,,no_usable_pages,known,,,bd6t551026265: no usable pages in manifest.,2026-07-17T18:17:39.650533
lacharente,bd6t55102627k,,failed,0,0,,no_usable_pages,known,,,bd6t55102627k: no usable pages in manifest.,2026-07-17T18:17:39.812962
lacharente,bd6t551026280,,failed,0,0,,no_usable_pages,known,,,bd6t551026280: no usable pages in manifest.,2026-07-17T18:17:39.985570
lacharente,bd6t55102629d,,failed,0,0,,no_usable_pages,known,,,bd6t55102629d: no usable pages in manifest.,2026-07-17T18:17:40.111991
lacharente,bd6t551026302,,failed,0,0,,no_usable_pages,known,,,bd6t551026302: no usable pages in manifest.,2026-07-17T18:17:40.249450
lacharente,bd6t55102631g,,failed,0,0,,no_usable_pages,known,,,bd6t55102631g: no usable pages in manifest.,2026-07-17T18:17:40.441348
lacharente,bd6t55102632w,,failed,0,0,,no_usable_pages,known,,,bd6t55102632w: no usable pages in manifest.,2026-07-17T18:17:40.690230
lacharente,bd6t551026339,,failed,0,0,,no_usable_pages,known,,,bd6t551026339: no usable pages in manifest.,2026-07-17T18:17:40.837650
lacharente,bd6t55102634q,,failed,0,0,,no_usable_pages,known,,,bd6t55102634q: no usable pages in manifest.,2026-07-17T18:17:41.016386
lacharente,bd6t551026354,,failed,0,0,,no_usable_pages,known,,,bd6t551026354: no usable pages in manifest.,2026-07-17T18:17:41.201562
lacharente,bd6t55102636j,,failed,0,0,,no_usable_pages,known,,,bd6t55102636j: no usable pages in manifest.,2026-07-17T18:17:41.407210
lacharente,bd6t55102637z,,failed,0,0,,no_usable_pages,known,,,bd6t55102637z: no usable pages in manifest.,2026-07-17T18:17:41.655464
lacharente,bd6t55102638c,,failed,0,0,,no_usable_pages,known,,,bd6t55102638c: no usable pages in manifest.,2026-07-17T18:17:41.808402
lacharente,bd6t55102639s,,failed,0,0,,no_usable_pages,known,,,bd6t55102639s: no usable pages in manifest.,2026-07-17T18:17:42.068891
lacharente,bd6t55102640f,,failed,0,0,,no_usable_pages,known,,,bd6t55102640f: no usable pages in manifest.,2026-07-17T18:17:42.251221
lacharente,bd6t55102641v,,failed,0,0,,no_usable_pages,known,,,bd6t55102641v: no usable pages in manifest.,2026-07-17T18:17:42.473846
lacharente,bd6t551026428,,failed,0,0,,no_usable_pages,known,,,bd6t551026428: no usable pages in manifest.,2026-07-17T18:17:42.763494
lacharente,bd6t55102643p,,failed,0,0,,no_usable_pages,known,,,bd6t55102643p: no usable pages in manifest.,2026-07-17T18:17:42.932704
lacharente,bd6t551026443,,failed,0,0,,no_usable_pages,known,,,bd6t551026443: no usable pages in manifest.,2026-07-17T18:17:43.171383
lacharente,bd6t55102645h,,failed,0,0,,no_usable_pages,known,,,bd6t55102645h: no usable pages in manifest.,2026-07-17T18:17:43.305154
lacharente,bd6t551029585,,failed,0,0,,no_usable_pages,known,,,bd6t551029585: no usable pages in manifest.,2026-07-17T18:17:43.534354
lacharente,bd6t55102646x,,failed,0,0,,no_usable_pages,known,,,bd6t55102646x: no usable pages in manifest.,2026-07-17T18:17:43.715736
lacharente,bd6t55102647b,,failed,0,0,,no_usable_pages,known,,,bd6t55102647b: no usable pages in manifest.,2026-07-17T18:17:43.892553
lacharente,bd6t55102648r,,failed,0,0,,no_usable_pages,known,,,bd6t55102648r: no usable pages in manifest.,2026-07-17T18:17:44.134510
lacharente,bd6t551026495,,failed,0,0,,no_usable_pages,known,,,bd6t551026495: no usable pages in manifest.,2026-07-17T18:17:44.291946
lacharente,bd6t55102650t,,failed,0,0,,no_usable_pages,known,,,bd6t55102650t: no usable pages in manifest.,2026-07-17T18:17:44.480374
lacharente,bd6t551026517,,failed,0,0,,no_usable_pages,known,,,bd6t551026517: no usable pages in manifest.,2026-07-17T18:17:44.720342
lacharente,bd6t55102652n,,failed,0,0,,no_usable_pages,known,,,bd6t55102652n: no usable pages in manifest.,2026-07-17T18:17:44.954113
lacharente,bd6t551026532,,failed,0,0,,no_usable_pages,known,,,bd6t551026532: no usable pages in manifest.,2026-07-17T18:17:45.246669
lacharente,bd6t55102654g,,failed,0,0,,no_usable_pages,known,,,bd6t55102654g: no usable pages in manifest.,2026-07-17T18:17:45.444571
lacharente,bd6t55102655w,,failed,0,0,,no_usable_pages,known,,,bd6t55102655w: no usable pages in manifest.,2026-07-17T18:17:45.652727
lacharente,bd6t551026569,,failed,0,0,,no_usable_pages,known,,,bd6t551026569: no usable pages in manifest.,2026-07-17T18:17:45.909906
lacharente,bd6t55102657q,,failed,0,0,,no_usable_pages,known,,,bd6t55102657q: no usable pages in manifest.,2026-07-17T18:17:46.227454
lacharente,bd6t551026584,,failed,0,0,,no_usable_pages,known,,,bd6t551026584: no usable pages in manifest.,2026-07-17T18:17:46.406692
lacharente,bd6t55102659j,,failed,0,0,,no_usable_pages,known,,,bd6t55102659j: no usable pages in manifest.,2026-07-17T18:17:46.630354
lacharente,bd6t551026606,,failed,0,0,,no_usable_pages,known,,,bd6t551026606: no usable pages in manifest.,2026-07-17T18:17:46.787976
lacharente,bd6t55102661m,,failed,0,0,,no_usable_pages,known,,,bd6t55102661m: no usable pages in manifest.,2026-07-17T18:17:47.035171
lacharente,bd6t551026621,,failed,0,0,,no_usable_pages,known,,,bd6t551026621: no usable pages in manifest.,2026-07-17T18:17:47.247855
lacharente,bd6t55102663f,,failed,0,0,,no_usable_pages,known,,,bd6t55102663f: no usable pages in manifest.,2026-07-17T18:17:47.400233
lacharente,bd6t55102664v,,failed,0,0,,no_usable_pages,known,,,bd6t55102664v: no usable pages in manifest.,2026-07-17T18:17:47.708397
lacharente,bd6t551026658,,failed,0,0,,no_usable_pages,known,,,bd6t551026658: no usable pages in manifest.,2026-07-17T18:17:47.884608
lacharente,bd6t55102666p,,failed,0,0,,no_usable_pages,known,,,bd6t55102666p: no usable pages in manifest.,2026-07-17T18:17:48.068649
lacharente,bd6t551026673,,failed,0,0,,no_usable_pages,known,,,bd6t551026673: no usable pages in manifest.,2026-07-17T18:17:48.274407
lacharente,bd6t55102668h,,failed,0,0,,no_usable_pages,known,,,bd6t55102668h: no usable pages in manifest.,2026-07-17T18:17:48.493581
lacharente,bd6t55102669x,,failed,0,0,,no_usable_pages,known,,,bd6t55102669x: no usable pages in manifest.,2026-07-17T18:17:48.718731
lacharente,bd6t55102670k,,failed,0,0,,no_usable_pages,known,,,bd6t55102670k: no usable pages in manifest.,2026-07-17T18:17:48.899004
lacharente,bd6t551026710,,failed,0,0,,no_usable_pages,known,,,bd6t551026710: no usable pages in manifest.,2026-07-17T18:17:49.086526
lacharente,bd6t55102672d,,failed,0,0,,no_usable_pages,known,,,bd6t55102672d: no usable pages in manifest.,2026-07-17T18:17:49.240801
lacharente,bd6t55102673t,,failed,0,0,,no_usable_pages,known,,,bd6t55102673t: no usable pages in manifest.,2026-07-17T18:17:49.453555
lacharente,bd6t551026747,,failed,0,0,,no_usable_pages,known,,,bd6t551026747: no usable pages in manifest.,2026-07-17T18:17:49.644380
lacharente,bd6t55102675n,,failed,0,0,,no_usable_pages,known,,,bd6t55102675n: no usable pages in manifest.,2026-07-17T18:17:49.869232
lacharente,bd6t551026762,,failed,0,0,,no_usable_pages,known,,,bd6t551026762: no usable pages in manifest.,2026-07-17T18:17:50.017470
lacharente,bd6t55102677g,,failed,0,0,,no_usable_pages,known,,,bd6t55102677g: no usable pages in manifest.,2026-07-17T18:17:50.184283
lacharente,bd6t55102678w,,failed,0,0,,no_usable_pages,known,,,bd6t55102678w: no usable pages in manifest.,2026-07-17T18:17:50.349190
lacharente,bd6t551026799,,failed,0,0,,no_usable_pages,known,,,bd6t551026799: no usable pages in manifest.,2026-07-17T18:17:50.505449
lacharente,bd6t55102680z,,failed,0,0,,no_usable_pages,known,,,bd6t55102680z: no usable pages in manifest.,2026-07-17T18:17:50.666270
lacharente,bd6t55102681c,,failed,0,0,,no_usable_pages,known,,,bd6t55102681c: no usable pages in manifest.,2026-07-17T18:17:50.897288
lacharente,bd6t55102682s,,failed,0,0,,no_usable_pages,known,,,bd6t55102682s: no usable pages in manifest.,2026-07-17T18:17:51.134928
lacharente,bd6t551026836,,failed,0,0,,no_usable_pages,known,,,bd6t551026836: no usable pages in manifest.,2026-07-17T18:17:51.407828
lacharente,bd6t55102684m,,failed,0,0,,no_usable_pages,known,,,bd6t55102684m: no usable pages in manifest.,2026-07-17T18:17:51.673385
lacharente,bd6t551026851,,failed,0,0,,no_usable_pages,known,,,bd6t551026851: no usable pages in manifest.,2026-07-17T18:17:51.853569
lacharente,bd6t55102686f,,failed,0,0,,no_usable_pages,known,,,bd6t55102686f: no usable pages in manifest.,2026-07-17T18:17:52.239370
lacharente,bd6t55102687v,,failed,0,0,,no_usable_pages,known,,,bd6t55102687v: no usable pages in manifest.,2026-07-17T18:17:52.487549
lacharente,bd6t551026888,,failed,0,0,,no_usable_pages,known,,,bd6t551026888: no usable pages in manifest.,2026-07-17T18:17:52.713331
lacharente,bd6t55102689p,,failed,0,0,,no_usable_pages,known,,,bd6t55102689p: no usable pages in manifest.,2026-07-17T18:17:52.893474
lacharente,bd6t55102690b,,failed,0,0,,no_usable_pages,known,,,bd6t55102690b: no usable pages in manifest.,2026-07-17T18:17:53.184142
lacharente,bd6t55102691r,,failed,0,0,,no_usable_pages,known,,,bd6t55102691r: no usable pages in manifest.,2026-07-17T18:17:53.331700
lacharente,bd6t551026925,,failed,0,0,,no_usable_pages,known,,,bd6t551026925: no usable pages in manifest.,2026-07-17T18:17:53.606947
lacharente,bd6t55102693k,,failed,0,0,,no_usable_pages,known,,,bd6t55102693k: no usable pages in manifest.,2026-07-17T18:17:53.845318
lacharente,bd6t551026940,,failed,0,0,,no_usable_pages,known,,,bd6t551026940: no usable pages in manifest.,2026-07-17T18:17:54.083776
lacharente,bd6t55102695d,,failed,0,0,,no_usable_pages,known,,,bd6t55102695d: no usable pages in manifest.,2026-07-17T18:17:54.325656
lacharente,bd6t55102696t,,failed,0,0,,no_usable_pages,known,,,bd6t55102696t: no usable pages in manifest.,2026-07-17T18:17:54.606828
lacharente,bd6t551026977,,failed,0,0,,no_usable_pages,known,,,bd6t551026977: no usable pages in manifest.,2026-07-17T18:17:54.752247
lacharente,bd6t55102698n,,failed,0,0,,no_usable_pages,known,,,bd6t55102698n: no usable pages in manifest.,2026-07-17T18:17:54.997860
lacharente,bd6t551026992,,failed,0,0,,no_usable_pages,known,,,bd6t551026992: no usable pages in manifest.,2026-07-17T18:17:55.156402
lacharente,bd6t551027008,,failed,0,0,,no_usable_pages,known,,,bd6t551027008: no usable pages in manifest.,2026-07-17T18:17:55.398756
lacharente,bd6t55102701p,,failed,0,0,,no_usable_pages,known,,,bd6t55102701p: no usable pages in manifest.,2026-07-17T18:17:55.595333
lacharente,bd6t551027023,,failed,0,0,,no_usable_pages,known,,,bd6t551027023: no usable pages in manifest.,2026-07-17T18:17:55.844543
lacharente,bd6t55102703h,,failed,0,0,,no_usable_pages,known,,,bd6t55102703h: no usable pages in manifest.,2026-07-17T18:17:56.151673
lacharente,bd6t55102704x,,failed,0,0,,no_usable_pages,known,,,bd6t55102704x: no usable pages in manifest.,2026-07-17T18:17:56.412504
lacharente,bd6t55102705b,,failed,0,0,,no_usable_pages,known,,,bd6t55102705b: no usable pages in manifest.,2026-07-17T18:17:56.658486
lacharente,bd6t55102706r,,failed,0,0,,no_usable_pages,known,,,bd6t55102706r: no usable pages in manifest.,2026-07-17T18:17:56.974493
lacharente,bd6t551027075,,failed,0,0,,no_usable_pages,known,,,bd6t551027075: no usable pages in manifest.,2026-07-17T18:17:57.269672
lacharente,bd6t55102708k,,failed,0,0,,no_usable_pages,known,,,bd6t55102708k: no usable pages in manifest.,2026-07-17T18:17:57.544280
lacharente,bd6t551027090,,failed,0,0,,no_usable_pages,known,,,bd6t551027090: no usable pages in manifest.,2026-07-17T18:17:57.737433
lacharente,bd6t55102710n,,failed,0,0,,no_usable_pages,known,,,bd6t55102710n: no usable pages in manifest.,2026-07-17T18:17:57.980485
lacharente,bd6t551027112,,failed,0,0,,no_usable_pages,known,,,bd6t551027112: no usable pages in manifest.,2026-07-17T18:17:58.276441
lacharente,bd6t55102712g,,failed,0,0,,no_usable_pages,known,,,bd6t55102712g: no usable pages in manifest.,2026-07-17T18:17:58.518176
lacharente,bd6t55102713w,,failed,0,0,,no_usable_pages,known,,,bd6t55102713w: no usable pages in manifest.,2026-07-17T18:17:58.774646
lacharente,bd6t551027149,,failed,0,0,,no_usable_pages,known,,,bd6t551027149: no usable pages in manifest.,2026-07-17T18:17:59.047378
lacharente,bd6t55102715q,,failed,0,0,,no_usable_pages,known,,,bd6t55102715q: no usable pages in manifest.,2026-07-17T18:17:59.298077
lacharente,bd6t551027164,,failed,0,0,,no_usable_pages,known,,,bd6t551027164: no usable pages in manifest.,2026-07-17T18:17:59.467670
lacharente,bd6t55102717j,,failed,0,0,,no_usable_pages,known,,,bd6t55102717j: no usable pages in manifest.,2026-07-17T18:17:59.678246
lacharente,bd6t55102718z,,failed,0,0,,no_usable_pages,known,,,bd6t55102718z: no usable pages in manifest.,2026-07-17T18:17:59.874305
lacharente,bd6t55102719c,,failed,0,0,,no_usable_pages,known,,,bd6t55102719c: no usable pages in manifest.,2026-07-17T18:18:00.121449
lacharente,bd6t551027201,,failed,0,0,,no_usable_pages,known,,,bd6t551027201: no usable pages in manifest.,2026-07-17T18:18:00.483541
lacharente,bd6t55102721f,,failed,0,0,,no_usable_pages,known,,,bd6t55102721f: no usable pages in manifest.,2026-07-17T18:18:00.826719
lacharente,bd6t55102722v,,failed,0,0,,no_usable_pages,known,,,bd6t55102722v: no usable pages in manifest.,2026-07-17T18:18:01.136172
lacharente,bd6t551027238,,failed,0,0,,no_usable_pages,known,,,bd6t551027238: no usable pages in manifest.,2026-07-17T18:18:01.360201
lacharente,bd6t55102724p,,failed,0,0,,no_usable_pages,known,,,bd6t55102724p: no usable pages in manifest.,2026-07-17T18:18:01.561848
lacharente,bd6t551027253,,failed,0,0,,no_usable_pages,known,,,bd6t551027253: no usable pages in manifest.,2026-07-17T18:18:01.751492
lacharente,bd6t55102726h,,failed,0,0,,no_usable_pages,known,,,bd6t55102726h: no usable pages in manifest.,2026-07-17T18:18:01.943078
lacharente,bd6t55102727x,,failed,0,0,,no_usable_pages,known,,,bd6t55102727x: no usable pages in manifest.,2026-07-17T18:18:02.187666
lacharente,bd6t55102728b,,failed,0,0,,no_usable_pages,known,,,bd6t55102728b: no usable pages in manifest.,2026-07-17T18:18:02.425281
lacharente,bd6t55102729r,,failed,0,0,,no_usable_pages,known,,,bd6t55102729r: no usable pages in manifest.,2026-07-17T18:18:02.653533
lacharente,bd6t55102730d,,failed,0,0,,no_usable_pages,known,,,bd6t55102730d: no usable pages in manifest.,2026-07-17T18:18:02.833777
lacharente,bd6t55102731t,,failed,0,0,,no_usable_pages,known,,,bd6t55102731t: no usable pages in manifest.,2026-07-17T18:18:02.966709
lacharente,bd6t551027327,,failed,0,0,,no_usable_pages,known,,,bd6t551027327: no usable pages in manifest.,2026-07-17T18:18:03.211281
lacharente,bd6t55102733n,,failed,0,0,,no_usable_pages,known,,,bd6t55102733n: no usable pages in manifest.,2026-07-17T18:18:03.470749
lacharente,bd6t551027342,,failed,0,0,,no_usable_pages,known,,,bd6t551027342: no usable pages in manifest.,2026-07-17T18:18:03.674807
lacharente,bd6t55102735g,,failed,0,0,,no_usable_pages,known,,,bd6t55102735g: no usable pages in manifest.,2026-07-17T18:18:03.853586
lacharente,bd6t55102736w,,failed,0,0,,no_usable_pages,known,,,bd6t55102736w: no usable pages in manifest.,2026-07-17T18:18:04.038513
lacharente,bd6t551027379,,failed,0,0,,no_usable_pages,known,,,bd6t551027379: no usable pages in manifest.,2026-07-17T18:18:04.184699
lacharente,bd6t55102738q,,failed,0,0,,no_usable_pages,known,,,bd6t55102738q: no usable pages in manifest.,2026-07-17T18:18:04.401393
lacharente,bd6t551027394,,failed,0,0,,no_usable_pages,known,,,bd6t551027394: no usable pages in manifest.,2026-07-17T18:18:04.614030
lacharente,bd6t55102740s,,failed,0,0,,no_usable_pages,known,,,bd6t55102740s: no usable pages in manifest.,2026-07-17T18:18:04.856993
lacharente,bd6t551027416,,failed,0,0,,no_usable_pages,known,,,bd6t551027416: no usable pages in manifest.,2026-07-17T18:18:05.040132
lacharente,bd6t55102742m,,failed,0,0,,no_usable_pages,known,,,bd6t55102742m: no usable pages in manifest.,2026-07-17T18:18:05.225516
lacharente,bd6t551027431,,failed,0,0,,no_usable_pages,known,,,bd6t551027431: no usable pages in manifest.,2026-07-17T18:18:05.450743
lacharente,bd6t55102744f,,failed,0,0,,no_usable_pages,known,,,bd6t55102744f: no usable pages in manifest.,2026-07-17T18:18:05.745282
lacharente,bd6t55102745v,,failed,0,0,,no_usable_pages,known,,,bd6t55102745v: no usable pages in manifest.,2026-07-17T18:18:05.994822
lacharente,bd6t551027468,,failed,0,0,,no_usable_pages,known,,,bd6t551027468: no usable pages in manifest.,2026-07-17T18:18:06.172447
lacharente,bd6t55102747p,,failed,0,0,,no_usable_pages,known,,,bd6t55102747p: no usable pages in manifest.,2026-07-17T18:18:06.351549
lacharente,bd6t551027483,,failed,0,0,,no_usable_pages,known,,,bd6t551027483: no usable pages in manifest.,2026-07-17T18:18:06.526888
lacharente,bd6t55102749h,,failed,0,0,,no_usable_pages,known,,,bd6t55102749h: no usable pages in manifest.,2026-07-17T18:18:06.779008
lacharente,bd6t551027505,,failed,0,0,,no_usable_pages,known,,,bd6t551027505: no usable pages in manifest.,2026-07-17T18:18:07.028694
lacharente,bd6t55102751k,,failed,0,0,,no_usable_pages,known,,,bd6t55102751k: no usable pages in manifest.,2026-07-17T18:18:07.217622
lacharente,bd6t551027520,,failed,0,0,,no_usable_pages,known,,,bd6t551027520: no usable pages in manifest.,2026-07-17T18:18:07.929240
lacharente,bd6t55102753d,,failed,0,0,,no_usable_pages,known,,,bd6t55102753d: no usable pages in manifest.,2026-07-17T18:18:08.217394
lacharente,bd6t55102754t,,failed,0,0,,no_usable_pages,known,,,bd6t55102754t: no usable pages in manifest.,2026-07-17T18:18:08.402495
lacharente,bd6t551027557,,failed,0,0,,no_usable_pages,known,,,bd6t551027557: no usable pages in manifest.,2026-07-17T18:18:08.598188
lacharente,bd6t55102756n,,failed,0,0,,no_usable_pages,known,,,bd6t55102756n: no usable pages in manifest.,2026-07-17T18:18:08.801101
lacharente,bd6t551027572,,failed,0,0,,no_usable_pages,known,,,bd6t551027572: no usable pages in manifest.,2026-07-17T18:18:09.072125
lacharente,bd6t55102758g,,failed,0,0,,no_usable_pages,known,,,bd6t55102758g: no usable pages in manifest.,2026-07-17T18:18:09.330143
lacharente,bd6t55102759w,,failed,0,0,,no_usable_pages,known,,,bd6t55102759w: no usable pages in manifest.,2026-07-17T18:18:09.528567
lacharente,bd6t55102760j,,failed,0,0,,no_usable_pages,known,,,bd6t55102760j: no usable pages in manifest.,2026-07-17T18:18:09.735282
lacharente,bd6t55102761z,,failed,0,0,,no_usable_pages,known,,,bd6t55102761z: no usable pages in manifest.,2026-07-17T18:18:10.081267
lacharente,bd6t55102762c,,failed,0,0,,no_usable_pages,known,,,bd6t55102762c: no usable pages in manifest.,2026-07-17T18:18:10.313589
lacharente,bd6t55102763s,,failed,0,0,,no_usable_pages,known,,,bd6t55102763s: no usable pages in manifest.,2026-07-17T18:18:10.477506
lacharente,bd6t551027646,,failed,0,0,,no_usable_pages,known,,,bd6t551027646: no usable pages in manifest.,2026-07-17T18:18:10.665865
lacharente,bd6t55102765m,,failed,0,0,,no_usable_pages,known,,,bd6t55102765m: no usable pages in manifest.,2026-07-17T18:18:10.889787
lacharente,bd6t551027661,,failed,0,0,,no_usable_pages,known,,,bd6t551027661: no usable pages in manifest.,2026-07-17T18:18:11.178030
lacharente,bd6t55102767f,,failed,0,0,,no_usable_pages,known,,,bd6t55102767f: no usable pages in manifest.,2026-07-17T18:18:11.480817
lacharente,bd6t55102768v,,failed,0,0,,no_usable_pages,known,,,bd6t55102768v: no usable pages in manifest.,2026-07-17T18:18:11.636618
lacharente,bd6t551027698,,failed,0,0,,no_usable_pages,known,,,bd6t551027698: no usable pages in manifest.,2026-07-17T18:18:11.976212
lacharente,bd6t55102770x,,failed,0,0,,no_usable_pages,known,,,bd6t55102770x: no usable pages in manifest.,2026-07-17T18:18:12.213515
lacharente,bd6t55102771b,,failed,0,0,,no_usable_pages,known,,,bd6t55102771b: no usable pages in manifest.,2026-07-17T18:18:12.445777
lacharente,bd6t55102772r,,failed,0,0,,no_usable_pages,known,,,bd6t55102772r: no usable pages in manifest.,2026-07-17T18:18:12.663055
lacharente,bd6t551027735,,failed,0,0,,no_usable_pages,known,,,bd6t551027735: no usable pages in manifest.,2026-07-17T18:18:12.976451
lacharente,bd6t55102774k,,failed,0,0,,no_usable_pages,known,,,bd6t55102774k: no usable pages in manifest.,2026-07-17T18:18:13.298708
lacharente,bd6t551027750,,failed,0,0,,no_usable_pages,known,,,bd6t551027750: no usable pages in manifest.,2026-07-17T18:18:13.541675
lacharente,bd6t55102776d,,failed,0,0,,no_usable_pages,known,,,bd6t55102776d: no usable pages in manifest.,2026-07-17T18:18:13.743200
lacharente,bd6t55102777t,,failed,0,0,,no_usable_pages,known,,,bd6t55102777t: no usable pages in manifest.,2026-07-17T18:18:14.077064
lacharente,bd6t551027787,,failed,0,0,,no_usable_pages,known,,,bd6t551027787: no usable pages in manifest.,2026-07-17T18:18:14.338001
lacharente,bd6t55102779n,,failed,0,0,,no_usable_pages,known,,,bd6t55102779n: no usable pages in manifest.,2026-07-17T18:18:14.562062
lacharente,bd6t551027809,,failed,0,0,,no_usable_pages,known,,,bd6t551027809: no usable pages in manifest.,2026-07-17T18:18:14.880409
lacharente,bd6t55102781q,,failed,0,0,,no_usable_pages,known,,,bd6t55102781q: no usable pages in manifest.,2026-07-17T18:18:15.146382
lacharente,bd6t551027824,,failed,0,0,,no_usable_pages,known,,,bd6t551027824: no usable pages in manifest.,2026-07-17T18:18:15.503566
lacharente,bd6t55102783j,,failed,0,0,,no_usable_pages,known,,,bd6t55102783j: no usable pages in manifest.,2026-07-17T18:18:15.706019
lacharente,bd6t55102784z,,failed,0,0,,no_usable_pages,known,,,bd6t55102784z: no usable pages in manifest.,2026-07-17T18:18:15.913975
lacharente,bd6t55102785c,,failed,0,0,,no_usable_pages,known,,,bd6t55102785c: no usable pages in manifest.,2026-07-17T18:18:16.111722
lacharente,bd6t55102786s,,failed,0,0,,no_usable_pages,known,,,bd6t55102786s: no usable pages in manifest.,2026-07-17T18:18:16.304881
lacharente,bd6t551027876,,failed,0,0,,no_usable_pages,known,,,bd6t551027876: no usable pages in manifest.,2026-07-17T18:18:16.590005
lacharente,bd6t55102788m,,failed,0,0,,no_usable_pages,known,,,bd6t55102788m: no usable pages in manifest.,2026-07-17T18:18:16.786318
lacharente,bd6t551027891,,failed,0,0,,no_usable_pages,known,,,bd6t551027891: no usable pages in manifest.,2026-07-17T18:18:16.946888
lacharente,bd6t55102790p,,failed,0,0,,no_usable_pages,known,,,bd6t55102790p: no usable pages in manifest.,2026-07-17T18:18:17.061165
lacharente,bd6t551027913,,failed,0,0,,no_usable_pages,known,,,bd6t551027913: no usable pages in manifest.,2026-07-17T18:18:17.192645
lacharente,bd6t55102792h,,failed,0,0,,no_usable_pages,known,,,bd6t55102792h: no usable pages in manifest.,2026-07-17T18:18:17.340504
lacharente,bd6t55102793x,,failed,0,0,,no_usable_pages,known,,,bd6t55102793x: no usable pages in manifest.,2026-07-17T18:18:17.576375
lacharente,bd6t55102794b,,failed,0,0,,no_usable_pages,known,,,bd6t55102794b: no usable pages in manifest.,2026-07-17T18:18:17.719640
lacharente,bd6t55102795r,,failed,0,0,,no_usable_pages,known,,,bd6t55102795r: no usable pages in manifest.,2026-07-17T18:18:17.973008
lacharente,bd6t551027965,,failed,0,0,,no_usable_pages,known,,,bd6t551027965: no usable pages in manifest.,2026-07-17T18:18:18.271527
lacharente,bd6t55102797k,,failed,0,0,,no_usable_pages,known,,,bd6t55102797k: no usable pages in manifest.,2026-07-17T18:18:18.684436
lacharente,bd6t551027980,,failed,0,0,,no_usable_pages,known,,,bd6t551027980: no usable pages in manifest.,2026-07-17T18:18:18.963296
lacharente,bd6t55102799d,,failed,0,0,,no_usable_pages,known,,,bd6t55102799d: no usable pages in manifest.,2026-07-17T18:18:19.279836
lacharente,bd6t55102800m,,failed,0,0,,no_usable_pages,known,,,bd6t55102800m: no usable pages in manifest.,2026-07-17T18:18:19.460337
lacharente,bd6t551028011,,failed,0,0,,no_usable_pages,known,,,bd6t551028011: no usable pages in manifest.,2026-07-17T18:18:19.646228
lacharente,bd6t55102802f,,failed,0,0,,no_usable_pages,known,,,bd6t55102802f: no usable pages in manifest.,2026-07-17T18:18:19.873410
lacharente,bd6t55102803v,,failed,0,0,,no_usable_pages,known,,,bd6t55102803v: no usable pages in manifest.,2026-07-17T18:18:20.161040
lacharente,bd6t551028048,,failed,0,0,,no_usable_pages,known,,,bd6t551028048: no usable pages in manifest.,2026-07-17T18:18:20.364275
lacharente,bd6t55102805p,,failed,0,0,,no_usable_pages,known,,,bd6t55102805p: no usable pages in manifest.,2026-07-17T18:18:20.484209
lacharente,bd6t551028063,,failed,0,0,,no_usable_pages,known,,,bd6t551028063: no usable pages in manifest.,2026-07-17T18:18:20.661714
lacharente,bd6t55102808x,,failed,0,0,,no_usable_pages,known,,,bd6t55102808x: no usable pages in manifest.,2026-07-17T18:18:20.824148
lacharente,bd6t55102809b,,failed,0,0,,no_usable_pages,known,,,bd6t55102809b: no usable pages in manifest.,2026-07-17T18:18:20.983987
lacharente,bd6t551028100,,failed,0,0,,no_usable_pages,known,,,bd6t551028100: no usable pages in manifest.,2026-07-17T18:18:21.210777
lacharente,bd6t55102811d,,failed,0,0,,no_usable_pages,known,,,bd6t55102811d: no usable pages in manifest.,2026-07-17T18:18:21.448107
lacharente,bd6t55102812t,,failed,0,0,,no_usable_pages,known,,,bd6t55102812t: no usable pages in manifest.,2026-07-17T18:18:21.652989
lacharente,bd6t551028137,,failed,0,0,,no_usable_pages,known,,,bd6t551028137: no usable pages in manifest.,2026-07-17T18:18:21.888732
lacharente,bd6t55102814n,,failed,0,0,,no_usable_pages,known,,,bd6t55102814n: no usable pages in manifest.,2026-07-17T18:18:22.058631
lacharente,bd6t551028152,,failed,0,0,,no_usable_pages,known,,,bd6t551028152: no usable pages in manifest.,2026-07-17T18:18:22.383876
lacharente,bd6t55102816g,,failed,0,0,,no_usable_pages,known,,,bd6t55102816g: no usable pages in manifest.,2026-07-17T18:18:22.606028
lacharente,bd6t55102817w,,failed,0,0,,no_usable_pages,known,,,bd6t55102817w: no usable pages in manifest.,2026-07-17T18:18:22.843195
lacharente,bd6t551028189,,failed,0,0,,no_usable_pages,known,,,bd6t551028189: no usable pages in manifest.,2026-07-17T18:18:23.076344
lacharente,bd6t55102819q,,failed,0,0,,no_usable_pages,known,,,bd6t55102819q: no usable pages in manifest.,2026-07-17T18:18:23.356576
lacharente,bd6t55102820c,,failed,0,0,,no_usable_pages,known,,,bd6t55102820c: no usable pages in manifest.,2026-07-17T18:18:23.528687
lacharente,bd6t55102821s,,failed,0,0,,no_usable_pages,known,,,bd6t55102821s: no usable pages in manifest.,2026-07-17T18:18:23.750728
lacharente,bd6t551028226,,failed,0,0,,no_usable_pages,known,,,bd6t551028226: no usable pages in manifest.,2026-07-17T18:18:23.922931
lacharente,bd6t55102823m,,failed,0,0,,no_usable_pages,known,,,bd6t55102823m: no usable pages in manifest.,2026-07-17T18:18:24.079815
lacharente,bd6t551028241,,failed,0,0,,no_usable_pages,known,,,bd6t551028241: no usable pages in manifest.,2026-07-17T18:18:24.268959
lacharente,bd6t55102825f,,failed,0,0,,no_usable_pages,known,,,bd6t55102825f: no usable pages in manifest.,2026-07-17T18:18:24.481959
lacharente,bd6t55102826v,,failed,0,0,,no_usable_pages,known,,,bd6t55102826v: no usable pages in manifest.,2026-07-17T18:18:24.678243
lacharente,bd6t551028278,,failed,0,0,,no_usable_pages,known,,,bd6t551028278: no usable pages in manifest.,2026-07-17T18:18:24.963120
lacharente,bd6t55102828p,,failed,0,0,,no_usable_pages,known,,,bd6t55102828p: no usable pages in manifest.,2026-07-17T18:18:25.197747
lacharente,bd6t551028293,,failed,0,0,,no_usable_pages,known,,,bd6t551028293: no usable pages in manifest.,2026-07-17T18:18:25.435911
lacharente,bd6t55102830r,,failed,0,0,,no_usable_pages,known,,,bd6t55102830r: no usable pages in manifest.,2026-07-17T18:18:25.827270
lacharente,bd6t551028315,,failed,0,0,,no_usable_pages,known,,,bd6t551028315: no usable pages in manifest.,2026-07-17T18:18:26.147707
lacharente,bd6t55102832k,,failed,0,0,,no_usable_pages,known,,,bd6t55102832k: no usable pages in manifest.,2026-07-17T18:18:26.438903
lacharente,bd6t551028330,,failed,0,0,,no_usable_pages,known,,,bd6t551028330: no usable pages in manifest.,2026-07-17T18:18:26.759721
lacharente,bd6t55102834d,,failed,0,0,,no_usable_pages,known,,,bd6t55102834d: no usable pages in manifest.,2026-07-17T18:18:26.896955
lacharente,bd6t55102835t,,failed,0,0,,no_usable_pages,known,,,bd6t55102835t: no usable pages in manifest.,2026-07-17T18:18:27.060870
lacharente,bd6t551028367,,failed,0,0,,no_usable_pages,known,,,bd6t551028367: no usable pages in manifest.,2026-07-17T18:18:27.217947
lacharente,bd6t55102837n,,failed,0,0,,no_usable_pages,known,,,bd6t55102837n: no usable pages in manifest.,2026-07-17T18:18:27.380440
lacharente,bd6t551028382,,failed,0,0,,no_usable_pages,known,,,bd6t551028382: no usable pages in manifest.,2026-07-17T18:18:27.585040
lacharente,bd6t55102839g,,failed,0,0,,no_usable_pages,known,,,bd6t55102839g: no usable pages in manifest.,2026-07-17T18:18:27.797029
lacharente,bd6t551028404,,failed,0,0,,no_usable_pages,known,,,bd6t551028404: no usable pages in manifest.,2026-07-17T18:18:27.920963
lacharente,bd6t55102841j,,failed,0,0,,no_usable_pages,known,,,bd6t55102841j: no usable pages in manifest.,2026-07-17T18:18:28.070543
lacharente,bd6t55102842z,,failed,0,0,,no_usable_pages,known,,,bd6t55102842z: no usable pages in manifest.,2026-07-17T18:18:28.250918
lacharente,bd6t55102843c,,failed,0,0,,no_usable_pages,known,,,bd6t55102843c: no usable pages in manifest.,2026-07-17T18:18:28.440055
lacharente,bd6t55102844s,,failed,0,0,,no_usable_pages,known,,,bd6t55102844s: no usable pages in manifest.,2026-07-17T18:18:28.537654
lacharente,bd6t551028456,,failed,0,0,,no_usable_pages,known,,,bd6t551028456: no usable pages in manifest.,2026-07-17T18:18:28.691380
lacharente,bd6t55102846m,,failed,0,0,,no_usable_pages,known,,,bd6t55102846m: no usable pages in manifest.,2026-07-17T18:18:28.961401
lacharente,bd6t551028471,,failed,0,0,,no_usable_pages,known,,,bd6t551028471: no usable pages in manifest.,2026-07-17T18:18:29.200715
lacharente,bd6t55102848f,,failed,0,0,,no_usable_pages,known,,,bd6t55102848f: no usable pages in manifest.,2026-07-17T18:18:29.425708
lacharente,bd6t55102849v,,failed,0,0,,no_usable_pages,known,,,bd6t55102849v: no usable pages in manifest.,2026-07-17T18:18:29.604638
lacharente,bd6t55102850h,,failed,0,0,,no_usable_pages,known,,,bd6t55102850h: no usable pages in manifest.,2026-07-17T18:18:29.815190
lacharente,bd6t55102851x,,failed,0,0,,no_usable_pages,known,,,bd6t55102851x: no usable pages in manifest.,2026-07-17T18:18:30.121532
lacharente,bd6t55102852b,,failed,0,0,,no_usable_pages,known,,,bd6t55102852b: no usable pages in manifest.,2026-07-17T18:18:30.327618
lacharente,bd6t55102853r,,failed,0,0,,no_usable_pages,known,,,bd6t55102853r: no usable pages in manifest.,2026-07-17T18:18:30.504864
lacharente,bd6t551028545,,failed,0,0,,no_usable_pages,known,,,bd6t551028545: no usable pages in manifest.,2026-07-17T18:18:30.661487
lacharente,bd6t55102855k,,failed,0,0,,no_usable_pages,known,,,bd6t55102855k: no usable pages in manifest.,2026-07-17T18:18:30.846988
lacharente,bd6t551028560,,failed,0,0,,no_usable_pages,known,,,bd6t551028560: no usable pages in manifest.,2026-07-17T18:18:31.089872
lacharente,bd6t55102857d,,failed,0,0,,no_usable_pages,known,,,bd6t55102857d: no usable pages in manifest.,2026-07-17T18:18:31.268612
lacharente,bd6t55102858t,,failed,0,0,,no_usable_pages,known,,,bd6t55102858t: no usable pages in manifest.,2026-07-17T18:18:31.486630
lacharente,bd6t551028597,,failed,0,0,,no_usable_pages,known,,,bd6t551028597: no usable pages in manifest.,2026-07-17T18:18:31.624107
lacharente,bd6t55102807h,,failed,0,0,,no_usable_pages,known,,,bd6t55102807h: no usable pages in manifest.,2026-07-17T18:18:31.799067
lacharente,bd6t55102860w,,failed,0,0,,no_usable_pages,known,,,bd6t55102860w: no usable pages in manifest.,2026-07-17T18:18:31.963293
lacharente,bd6t551028619,,failed,0,0,,no_usable_pages,known,,,bd6t551028619: no usable pages in manifest.,2026-07-17T18:18:32.143718
lacharente,bd6t55102862q,,failed,0,0,,no_usable_pages,known,,,bd6t55102862q: no usable pages in manifest.,2026-07-17T18:18:32.297640
lacharente,bd6t551028634,,failed,0,0,,no_usable_pages,known,,,bd6t551028634: no usable pages in manifest.,2026-07-17T18:18:32.501281
lacharente,bd6t55102864j,,failed,0,0,,no_usable_pages,known,,,bd6t55102864j: no usable pages in manifest.,2026-07-17T18:18:32.635492
lacharente,bd6t55102865z,,failed,0,0,,no_usable_pages,known,,,bd6t55102865z: no usable pages in manifest.,2026-07-17T18:18:32.826416
lacharente,bd6t55102866c,,failed,0,0,,no_usable_pages,known,,,bd6t55102866c: no usable pages in manifest.,2026-07-17T18:18:33.004823
lacharente,bd6t55102867s,,failed,0,0,,no_usable_pages,known,,,bd6t55102867s: no usable pages in manifest.,2026-07-17T18:18:33.237501
lacharente,bd6t551028686,,failed,0,0,,no_usable_pages,known,,,bd6t551028686: no usable pages in manifest.,2026-07-17T18:18:33.378837
lacharente,bd6t55102869m,,failed,0,0,,no_usable_pages,known,,,bd6t55102869m: no usable pages in manifest.,2026-07-17T18:18:33.618024
lacharente,bd6t551028708,,failed,0,0,,no_usable_pages,known,,,bd6t551028708: no usable pages in manifest.,2026-07-17T18:18:33.800271
lacharente,bd6t55102871p,,failed,0,0,,no_usable_pages,known,,,bd6t55102871p: no usable pages in manifest.,2026-07-17T18:18:33.970083
lacharente,bd6t551028723,,failed,0,0,,no_usable_pages,known,,,bd6t551028723: no usable pages in manifest.,2026-07-17T18:18:34.203496
lacharente,bd6t55102873h,,failed,0,0,,no_usable_pages,known,,,bd6t55102873h: no usable pages in manifest.,2026-07-17T18:18:34.359118
lacharente,bd6t55102874x,,failed,0,0,,no_usable_pages,known,,,bd6t55102874x: no usable pages in manifest.,2026-07-17T18:18:34.507855
lacharente,bd6t55102875b,,failed,0,0,,no_usable_pages,known,,,bd6t55102875b: no usable pages in manifest.,2026-07-17T18:18:34.738045
lacharente,bd6t55102876r,,failed,0,0,,no_usable_pages,known,,,bd6t55102876r: no usable pages in manifest.,2026-07-17T18:18:34.950252
lacharente,bd6t551028775,,failed,0,0,,no_usable_pages,known,,,bd6t551028775: no usable pages in manifest.,2026-07-17T18:18:35.205247
lacharente,bd6t55102878k,,failed,0,0,,no_usable_pages,known,,,bd6t55102878k: no usable pages in manifest.,2026-07-17T18:18:35.481930
lacharente,bd6t551028790,,failed,0,0,,no_usable_pages,known,,,bd6t551028790: no usable pages in manifest.,2026-07-17T18:18:35.653170
lacharente,bd6t55102880n,,failed,0,0,,no_usable_pages,known,,,bd6t55102880n: no usable pages in manifest.,2026-07-17T18:18:35.879350
lacharente,bd6t551028812,,failed,0,0,,no_usable_pages,known,,,bd6t551028812: no usable pages in manifest.,2026-07-17T18:18:36.038482
lacharente,bd6t55102882g,,failed,0,0,,no_usable_pages,known,,,bd6t55102882g: no usable pages in manifest.,2026-07-17T18:18:36.156950
lacharente,bd6t55102883w,,failed,0,0,,no_usable_pages,known,,,bd6t55102883w: no usable pages in manifest.,2026-07-17T18:18:36.312177
lacharente,bd6t551028849,,failed,0,0,,no_usable_pages,known,,,bd6t551028849: no usable pages in manifest.,2026-07-17T18:18:36.627069
lacharente,bd6t55102885q,,failed,0,0,,no_usable_pages,known,,,bd6t55102885q: no usable pages in manifest.,2026-07-17T18:18:36.818992
lacharente,bd6t551028864,,failed,0,0,,no_usable_pages,known,,,bd6t551028864: no usable pages in manifest.,2026-07-17T18:18:36.997569
lacharente,bd6t55102887j,,failed,0,0,,no_usable_pages,known,,,bd6t55102887j: no usable pages in manifest.,2026-07-17T18:18:37.143265
lacharente,bd6t55102888z,,failed,0,0,,no_usable_pages,known,,,bd6t55102888z: no usable pages in manifest.,2026-07-17T18:18:37.269536
lacharente,bd6t55102889c,,failed,0,0,,no_usable_pages,known,,,bd6t55102889c: no usable pages in manifest.,2026-07-17T18:18:37.419299
lacharente,bd6t551028901,,failed,0,0,,no_usable_pages,known,,,bd6t551028901: no usable pages in manifest.,2026-07-17T18:18:37.631502
lacharente,bd6t55102891f,,failed,0,0,,no_usable_pages,known,,,bd6t55102891f: no usable pages in manifest.,2026-07-17T18:18:37.752135
lacharente,bd6t55102892v,,failed,0,0,,no_usable_pages,known,,,bd6t55102892v: no usable pages in manifest.,2026-07-17T18:18:37.929049
lacharente,bd6t551028938,,failed,0,0,,no_usable_pages,known,,,bd6t551028938: no usable pages in manifest.,2026-07-17T18:18:38.169076
lacharente,bd6t55102894p,,failed,0,0,,no_usable_pages,known,,,bd6t55102894p: no usable pages in manifest.,2026-07-17T18:18:38.315508
lacharente,bd6t551028953,,failed,0,0,,no_usable_pages,known,,,bd6t551028953: no usable pages in manifest.,2026-07-17T18:18:38.482545
lacharente,bd6t55102896h,,failed,0,0,,no_usable_pages,known,,,bd6t55102896h: no usable pages in manifest.,2026-07-17T18:18:38.733804
lacharente,bd6t55102897x,,failed,0,0,,no_usable_pages,known,,,bd6t55102897x: no usable pages in manifest.,2026-07-17T18:18:38.937593
lacharente,bd6t55102898b,,failed,0,0,,no_usable_pages,known,,,bd6t55102898b: no usable pages in manifest.,2026-07-17T18:18:39.185112
lacharente,bd6t55102899r,,failed,0,0,,no_usable_pages,known,,,bd6t55102899r: no usable pages in manifest.,2026-07-17T18:18:39.320053
lacharente,bd6t55102900z,,failed,0,0,,no_usable_pages,known,,,bd6t55102900z: no usable pages in manifest.,2026-07-17T18:18:39.520124
lacharente,bd6t55102901c,,failed,0,0,,no_usable_pages,known,,,bd6t55102901c: no usable pages in manifest.,2026-07-17T18:18:39.780585
lacharente,bd6t55102902s,,failed,0,0,,no_usable_pages,known,,,bd6t55102902s: no usable pages in manifest.,2026-07-17T18:18:39.958860
lacharente,bd6t551029036,,failed,0,0,,no_usable_pages,known,,,bd6t551029036: no usable pages in manifest.,2026-07-17T18:18:40.224301
lacharente,bd6t55102904m,,failed,0,0,,no_usable_pages,known,,,bd6t55102904m: no usable pages in manifest.,2026-07-17T18:18:40.405919
lacharente,bd6t551029051,,failed,0,0,,no_usable_pages,known,,,bd6t551029051: no usable pages in manifest.,2026-07-17T18:18:40.556763
lacharente,bd6t55102906f,,failed,0,0,,no_usable_pages,known,,,bd6t55102906f: no usable pages in manifest.,2026-07-17T18:18:40.708682
lacharente,bd6t55102907v,,failed,0,0,,no_usable_pages,known,,,bd6t55102907v: no usable pages in manifest.,2026-07-17T18:18:40.957664
lacharente,bd6t551029088,,failed,0,0,,no_usable_pages,known,,,bd6t551029088: no usable pages in manifest.,2026-07-17T18:18:41.129560
lacharente,bd6t55102909p,,failed,0,0,,no_usable_pages,known,,,bd6t55102909p: no usable pages in manifest.,2026-07-17T18:18:41.297909
lacharente,bd6t55102910b,,failed,0,0,,no_usable_pages,known,,,bd6t55102910b: no usable pages in manifest.,2026-07-17T18:18:41.435381
lacharente,bd6t55102911r,,failed,0,0,,no_usable_pages,known,,,bd6t55102911r: no usable pages in manifest.,2026-07-17T18:18:41.559841
lacharente,bd6t551029125,,failed,0,0,,no_usable_pages,known,,,bd6t551029125: no usable pages in manifest.,2026-07-17T18:18:41.699730
lacharente,bd6t55102913k,,failed,0,0,,no_usable_pages,known,,,bd6t55102913k: no usable pages in manifest.,2026-07-17T18:18:41.944581
lacharente,bd6t551029140,,failed,0,0,,no_usable_pages,known,,,bd6t551029140: no usable pages in manifest.,2026-07-17T18:18:42.132065
lacharente,bd6t55102915d,,failed,0,0,,no_usable_pages,known,,,bd6t55102915d: no usable pages in manifest.,2026-07-17T18:18:42.318304
lacharente,bd6t55102916t,,failed,0,0,,no_usable_pages,known,,,bd6t55102916t: no usable pages in manifest.,2026-07-17T18:18:42.450186
lacharente,bd6t551029177,,failed,0,0,,no_usable_pages,known,,,bd6t551029177: no usable pages in manifest.,2026-07-17T18:18:42.572384
lacharente,bd6t55102918n,,failed,0,0,,no_usable_pages,known,,,bd6t55102918n: no usable pages in manifest.,2026-07-17T18:18:42.731102
lacharente,bd6t551029192,,failed,0,0,,no_usable_pages,known,,,bd6t551029192: no usable pages in manifest.,2026-07-17T18:18:42.985275
lacharente,bd6t55102920q,,failed,0,0,,no_usable_pages,known,,,bd6t55102920q: no usable pages in manifest.,2026-07-17T18:18:43.091896
lacharente,bd6t551029214,,failed,0,0,,no_usable_pages,known,,,bd6t551029214: no usable pages in manifest.,2026-07-17T18:18:43.265224
lacharente,bd6t55102922j,,failed,0,0,,no_usable_pages,known,,,bd6t55102922j: no usable pages in manifest.,2026-07-17T18:18:43.511959
lacharente,bd6t55102923z,,failed,0,0,,no_usable_pages,known,,,bd6t55102923z: no usable pages in manifest.,2026-07-17T18:18:43.646630
lacharente,bd6t55102924c,,failed,0,0,,no_usable_pages,known,,,bd6t55102924c: no usable pages in manifest.,2026-07-17T18:18:43.811772
lacharente,bd6t55102925s,,failed,0,0,,no_usable_pages,known,,,bd6t55102925s: no usable pages in manifest.,2026-07-17T18:18:43.951079
lacharente,bd6t551029266,,failed,0,0,,no_usable_pages,known,,,bd6t551029266: no usable pages in manifest.,2026-07-17T18:18:44.242517
lacharente,bd6t55102927m,,failed,0,0,,no_usable_pages,known,,,bd6t55102927m: no usable pages in manifest.,2026-07-17T18:18:44.353268
lacharente,bd6t551029281,,failed,0,0,,no_usable_pages,known,,,bd6t551029281: no usable pages in manifest.,2026-07-17T18:18:44.514568
lacharente,bd6t55102929f,,failed,0,0,,no_usable_pages,known,,,bd6t55102929f: no usable pages in manifest.,2026-07-17T18:18:44.682834
lacharente,bd6t551029303,,failed,0,0,,no_usable_pages,known,,,bd6t551029303: no usable pages in manifest.,2026-07-17T18:18:44.901342
lacharente,bd6t55102931h,,failed,0,0,,no_usable_pages,known,,,bd6t55102931h: no usable pages in manifest.,2026-07-17T18:18:45.312308
lacharente,bd6t55102932x,,failed,0,0,,no_usable_pages,known,,,bd6t55102932x: no usable pages in manifest.,2026-07-17T18:18:45.447778
lacharente,bd6t55102933b,,failed,0,0,,no_usable_pages,known,,,bd6t55102933b: no usable pages in manifest.,2026-07-17T18:18:45.674225
lacharente,bd6t55102934r,,failed,0,0,,no_usable_pages,known,,,bd6t55102934r: no usable pages in manifest.,2026-07-17T18:18:45.842951
lacharente,bd6t551029355,,failed,0,0,,no_usable_pages,known,,,bd6t551029355: no usable pages in manifest.,2026-07-17T18:18:45.991594
lacharente,bd6t55102936k,,failed,0,0,,no_usable_pages,known,,,bd6t55102936k: no usable pages in manifest.,2026-07-17T18:18:46.205503
lacharente,bd6t551029370,,failed,0,0,,no_usable_pages,known,,,bd6t551029370: no usable pages in manifest.,2026-07-17T18:18:46.466682
lacharente,bd6t55102938d,,failed,0,0,,no_usable_pages,known,,,bd6t55102938d: no usable pages in manifest.,2026-07-17T18:18:46.587711
lacharente,bd6t55102939t,,failed,0,0,,no_usable_pages,known,,,bd6t55102939t: no usable pages in manifest.,2026-07-17T18:18:46.738594
lacharente,bd6t55102940g,,failed,0,0,,no_usable_pages,known,,,bd6t55102940g: no usable pages in manifest.,2026-07-17T18:18:46.858822
lacharente,bd6t55102941w,,failed,0,0,,no_usable_pages,known,,,bd6t55102941w: no usable pages in manifest.,2026-07-17T18:18:47.062428
lacharente,bd6t551029429,,failed,0,0,,no_usable_pages,known,,,bd6t551029429: no usable pages in manifest.,2026-07-17T18:18:47.193857
lacharente,bd6t55102943q,,failed,0,0,,no_usable_pages,known,,,bd6t55102943q: no usable pages in manifest.,2026-07-17T18:18:47.472462
lacharente,bd6t551029444,,failed,0,0,,no_usable_pages,known,,,bd6t551029444: no usable pages in manifest.,2026-07-17T18:18:47.732418
lacharente,bd6t55102945j,,failed,0,0,,no_usable_pages,known,,,bd6t55102945j: no usable pages in manifest.,2026-07-17T18:18:47.863273
lacharente,bd6t55102946z,,failed,0,0,,no_usable_pages,known,,,bd6t55102946z: no usable pages in manifest.,2026-07-17T18:18:48.029809
lacharente,bd6t55102947c,,failed,0,0,,no_usable_pages,known,,,bd6t55102947c: no usable pages in manifest.,2026-07-17T18:18:48.182989
lacharente,bd6t55102948s,,failed,0,0,,no_usable_pages,known,,,bd6t55102948s: no usable pages in manifest.,2026-07-17T18:18:48.352340
lacharente,bd6t551029496,,failed,0,0,,no_usable_pages,known,,,bd6t551029496: no usable pages in manifest.,2026-07-17T18:18:48.649512
lacharente,bd6t55102950v,,failed,0,0,,no_usable_pages,known,,,bd6t55102950v: no usable pages in manifest.,2026-07-17T18:18:48.821117
lacharente,bd6t551029518,,failed,0,0,,no_usable_pages,known,,,bd6t551029518: no usable pages in manifest.,2026-07-17T18:18:48.953913
lacharente,bd6t55102952p,,failed,0,0,,no_usable_pages,known,,,bd6t55102952p: no usable pages in manifest.,2026-07-17T18:18:49.064410
lacharente,bd6t551029533,,failed,0,0,,no_usable_pages,known,,,bd6t551029533: no usable pages in manifest.,2026-07-17T18:18:49.235145
lacharente,bd6t55102954h,,failed,0,0,,no_usable_pages,known,,,bd6t55102954h: no usable pages in manifest.,2026-07-17T18:18:49.387665
lacharente,bd6t55102955x,,failed,0,0,,no_usable_pages,known,,,bd6t55102955x: no usable pages in manifest.,2026-07-17T18:18:49.581381
lacharente,bd6t55102956b,,failed,0,0,,no_usable_pages,known,,,bd6t55102956b: no usable pages in manifest.,2026-07-17T18:18:49.780383
lacharente,bd6t55102957r,,failed,0,0,,no_usable_pages,known,,,bd6t55102957r: no usable pages in manifest.,2026-07-17T18:18:50.000419
lacharente,bd6t55102959k,,failed,0,0,,no_usable_pages,known,,,bd6t55102959k: no usable pages in manifest.,2026-07-17T18:18:50.147100
lacharente,bd6t551029607,,failed,0,0,,no_usable_pages,known,,,bd6t551029607: no usable pages in manifest.,2026-07-17T18:18:50.368702
lacharente,bd6t55102961n,,failed,0,0,,no_usable_pages,known,,,bd6t55102961n: no usable pages in manifest.,2026-07-17T18:18:50.575188
lacharente,bd6t551029622,,failed,0,0,,no_usable_pages,known,,,bd6t551029622: no usable pages in manifest.,2026-07-17T18:18:50.882158
lacharente,bd6t55102963g,,failed,0,0,,no_usable_pages,known,,,bd6t55102963g: no usable pages in manifest.,2026-07-17T18:18:51.183341
lacharente,bd6t55102964w,,failed,0,0,,no_usable_pages,known,,,bd6t55102964w: no usable pages in manifest.,2026-07-17T18:18:51.401450
lacharente,bd6t551029659,,failed,0,0,,no_usable_pages,known,,,bd6t551029659: no usable pages in manifest.,2026-07-17T18:18:51.607317
lacharente,bd6t55102966q,,failed,0,0,,no_usable_pages,known,,,bd6t55102966q: no usable pages in manifest.,2026-07-17T18:18:51.858839
lacharente,bd6t551029674,,failed,0,0,,no_usable_pages,known,,,bd6t551029674: no usable pages in manifest.,2026-07-17T18:18:52.090301
lacharente,bd6t55102968j,,failed,0,0,,no_usable_pages,known,,,bd6t55102968j: no usable pages in manifest.,2026-07-17T18:18:52.273657
lacharente,bd6t55102969z,,failed,0,0,,no_usable_pages,known,,,bd6t55102969z: no usable pages in manifest.,2026-07-17T18:18:52.490733
lacharente,bd6t55102970m,,failed,0,0,,no_usable_pages,known,,,bd6t55102970m: no usable pages in manifest.,2026-07-17T18:18:52.707708
lacharente,bd6t551029711,,failed,0,0,,no_usable_pages,known,,,bd6t551029711: no usable pages in manifest.,2026-07-17T18:18:52.984937
lacharente,bd6t55102972f,,failed,0,0,,no_usable_pages,known,,,bd6t55102972f: no usable pages in manifest.,2026-07-17T18:18:53.159362
lacharente,bd6t55102973v,,failed,0,0,,no_usable_pages,known,,,bd6t55102973v: no usable pages in manifest.,2026-07-17T18:18:53.378082
lacharente,bd6t551029748,,failed,0,0,,no_usable_pages,known,,,bd6t551029748: no usable pages in manifest.,2026-07-17T18:18:53.543578
lacharente,bd6t55102975p,,failed,0,0,,no_usable_pages,known,,,bd6t55102975p: no usable pages in manifest.,2026-07-17T18:18:53.716328
lacharente,bd6t551029763,,failed,0,0,,no_usable_pages,known,,,bd6t551029763: no usable pages in manifest.,2026-07-17T18:18:53.999308
lacharente,bd6t55102977h,,failed,0,0,,no_usable_pages,known,,,bd6t55102977h: no usable pages in manifest.,2026-07-17T18:18:54.202467
lacharente,bd6t55102978x,,failed,0,0,,no_usable_pages,known,,,bd6t55102978x: no usable pages in manifest.,2026-07-17T18:18:54.418548
lacharente,bd6t55102979b,,failed,0,0,,no_usable_pages,known,,,bd6t55102979b: no usable pages in manifest.,2026-07-17T18:18:54.596602
lacharente,bd6t551029800,,failed,0,0,,no_usable_pages,known,,,bd6t551029800: no usable pages in manifest.,2026-07-17T18:18:54.903698
lacharente,bd6t55102981d,,failed,0,0,,no_usable_pages,known,,,bd6t55102981d: no usable pages in manifest.,2026-07-17T18:18:55.169624
lacharente,bd6t55102982t,,failed,0,0,,no_usable_pages,known,,,bd6t55102982t: no usable pages in manifest.,2026-07-17T18:18:55.315085
lacharente,bd6t551029837,,failed,0,0,,no_usable_pages,known,,,bd6t551029837: no usable pages in manifest.,2026-07-17T18:18:55.585450
lacharente,bd6t55102984n,,failed,0,0,,no_usable_pages,known,,,bd6t55102984n: no usable pages in manifest.,2026-07-17T18:18:55.823874
lacharente,bd6t551029852,,failed,0,0,,no_usable_pages,known,,,bd6t551029852: no usable pages in manifest.,2026-07-17T18:18:55.976443
lacharente,bd6t55102986g,,failed,0,0,,no_usable_pages,known,,,bd6t55102986g: no usable pages in manifest.,2026-07-17T18:18:56.290241
lacharente,bd6t55102987w,,failed,0,0,,no_usable_pages,known,,,bd6t55102987w: no usable pages in manifest.,2026-07-17T18:18:56.548641
lacharente,bd6t551029889,,failed,0,0,,no_usable_pages,known,,,bd6t551029889: no usable pages in manifest.,2026-07-17T18:18:56.785426
lacharente,bd6t55102989q,,failed,0,0,,no_usable_pages,known,,,bd6t55102989q: no usable pages in manifest.,2026-07-17T18:18:56.969589
lacharente,bd6t55102990c,,failed,0,0,,no_usable_pages,known,,,bd6t55102990c: no usable pages in manifest.,2026-07-17T18:18:57.281642
lacharente,bd6t55102991s,,failed,0,0,,no_usable_pages,known,,,bd6t55102991s: no usable pages in manifest.,2026-07-17T18:18:57.588206
lacharente,bd6t551029926,,failed,0,0,,no_usable_pages,known,,,bd6t551029926: no usable pages in manifest.,2026-07-17T18:18:57.792341
lacharente,bd6t55102993m,,failed,0,0,,no_usable_pages,known,,,bd6t55102993m: no usable pages in manifest.,2026-07-17T18:18:57.949223
lacharente,bd6t551029941,,failed,0,0,,no_usable_pages,known,,,bd6t551029941: no usable pages in manifest.,2026-07-17T18:18:58.107297
lacharente,bd6t55102995f,,failed,0,0,,no_usable_pages,known,,,bd6t55102995f: no usable pages in manifest.,2026-07-17T18:18:58.282651
lacharente,bd6t55102996v,,failed,0,0,,no_usable_pages,known,,,bd6t55102996v: no usable pages in manifest.,2026-07-17T18:18:58.547348
lacharente,bd6t551029978,,failed,0,0,,no_usable_pages,known,,,bd6t551029978: no usable pages in manifest.,2026-07-17T18:18:58.939333
lacharente,bd6t55102998p,,failed,0,0,,no_usable_pages,known,,,bd6t55102998p: no usable pages in manifest.,2026-07-17T18:18:59.105930
lacharente,bd6t551029993,,failed,0,0,,no_usable_pages,known,,,bd6t551029993: no usable pages in manifest.,2026-07-17T18:18:59.292450
lacharente,bd6t551030005,,failed,0,0,,no_usable_pages,known,,,bd6t551030005: no usable pages in manifest.,2026-07-17T18:18:59.479024
lacharente,bd6t55103001k,,failed,0,0,,no_usable_pages,known,,,bd6t55103001k: no usable pages in manifest.,2026-07-17T18:18:59.733713
lacharente,bd6t551030020,,failed,0,0,,no_usable_pages,known,,,bd6t551030020: no usable pages in manifest.,2026-07-17T18:19:00.029930
lacharente,bd6t55103003d,,failed,0,0,,no_usable_pages,known,,,bd6t55103003d: no usable pages in manifest.,2026-07-17T18:19:00.257896
lacharente,bd6t55103004t,,failed,0,0,,no_usable_pages,known,,,bd6t55103004t: no usable pages in manifest.,2026-07-17T18:19:00.475769
lacharente,bd6t551030057,,failed,0,0,,no_usable_pages,known,,,bd6t551030057: no usable pages in manifest.,2026-07-17T18:19:00.727076
lacharente,bd6t55103006n,,failed,0,0,,no_usable_pages,known,,,bd6t55103006n: no usable pages in manifest.,2026-07-17T18:19:00.892129
lacharente,bd6t551030072,,failed,0,0,,no_usable_pages,known,,,bd6t551030072: no usable pages in manifest.,2026-07-17T18:19:01.152109
lacharente,bd6t55103008g,,failed,0,0,,no_usable_pages,known,,,bd6t55103008g: no usable pages in manifest.,2026-07-17T18:19:01.421509
lacharente,bd6t55103009w,,failed,0,0,,no_usable_pages,known,,,bd6t55103009w: no usable pages in manifest.,2026-07-17T18:19:01.595563
lacharente,bd6t55103010j,,failed,0,0,,no_usable_pages,known,,,bd6t55103010j: no usable pages in manifest.,2026-07-17T18:19:01.895481
lacharente,bd6t55103011z,,failed,0,0,,no_usable_pages,known,,,bd6t55103011z: no usable pages in manifest.,2026-07-17T18:19:02.040333
lacharente,bd6t55103012c,,failed,0,0,,no_usable_pages,known,,,bd6t55103012c: no usable pages in manifest.,2026-07-17T18:19:02.281211
lacharente,bd6t55103013s,,failed,0,0,,no_usable_pages,known,,,bd6t55103013s: no usable pages in manifest.,2026-07-17T18:19:02.398546
lacharente,bd6t551030146,,failed,0,0,,no_usable_pages,known,,,bd6t551030146: no usable pages in manifest.,2026-07-17T18:19:02.545644
lacharente,bd6t55103015m,,failed,0,0,,no_usable_pages,known,,,bd6t55103015m: no usable pages in manifest.,2026-07-17T18:19:02.801443
lacharente,bd6t551030161,,failed,0,0,,no_usable_pages,known,,,bd6t551030161: no usable pages in manifest.,2026-07-17T18:19:03.039016
lacharente,bd6t55103017f,,failed,0,0,,no_usable_pages,known,,,bd6t55103017f: no usable pages in manifest.,2026-07-17T18:19:03.273526
lacharente,bd6t55103018v,,failed,0,0,,no_usable_pages,known,,,bd6t55103018v: no usable pages in manifest.,2026-07-17T18:19:03.484614
lacharente,bd6t551030198,,failed,0,0,,no_usable_pages,known,,,bd6t551030198: no usable pages in manifest.,2026-07-17T18:19:03.692428
lacharente,bd6t55103020x,,failed,0,0,,no_usable_pages,known,,,bd6t55103020x: no usable pages in manifest.,2026-07-17T18:19:03.907584
lacharente,bd6t55103021b,,failed,0,0,,no_usable_pages,known,,,bd6t55103021b: no usable pages in manifest.,2026-07-17T18:19:04.088106
lacharente,bd6t55103022r,,failed,0,0,,no_usable_pages,known,,,bd6t55103022r: no usable pages in manifest.,2026-07-17T18:19:04.255928
lacharente,bd6t551030235,,failed,0,0,,no_usable_pages,known,,,bd6t551030235: no usable pages in manifest.,2026-07-17T18:19:04.577539
lacharente,bd6t55103024k,,failed,0,0,,no_usable_pages,known,,,bd6t55103024k: no usable pages in manifest.,2026-07-17T18:19:04.809816
lacharente,bd6t551030250,,failed,0,0,,no_usable_pages,known,,,bd6t551030250: no usable pages in manifest.,2026-07-17T18:19:05.168926
lacharente,bd6t55103026d,,failed,0,0,,no_usable_pages,known,,,bd6t55103026d: no usable pages in manifest.,2026-07-17T18:19:05.350554
lacharente,bd6t55103027t,,failed,0,0,,no_usable_pages,known,,,bd6t55103027t: no usable pages in manifest.,2026-07-17T18:19:05.631286
lacharente,bd6t551030287,,failed,0,0,,no_usable_pages,known,,,bd6t551030287: no usable pages in manifest.,2026-07-17T18:19:05.834337
lacharente,bd6t55103029n,,failed,0,0,,no_usable_pages,known,,,bd6t55103029n: no usable pages in manifest.,2026-07-17T18:19:05.996840
lacharente,bd6t551030309,,failed,0,0,,no_usable_pages,known,,,bd6t551030309: no usable pages in manifest.,2026-07-17T18:19:06.225687
lacharente,bd6t55103031q,,failed,0,0,,no_usable_pages,known,,,bd6t55103031q: no usable pages in manifest.,2026-07-17T18:19:06.437623
lacharente,bd6t551030324,,failed,0,0,,no_usable_pages,known,,,bd6t551030324: no usable pages in manifest.,2026-07-17T18:19:06.746036
lacharente,bd6t55103033j,,failed,0,0,,no_usable_pages,known,,,bd6t55103033j: no usable pages in manifest.,2026-07-17T18:19:06.863171
lacharente,bd6t55103034z,,failed,0,0,,no_usable_pages,known,,,bd6t55103034z: no usable pages in manifest.,2026-07-17T18:19:07.083563
lacharente,bd6t55103035c,,failed,0,0,,no_usable_pages,known,,,bd6t55103035c: no usable pages in manifest.,2026-07-17T18:19:07.308136
lacharente,bd6t55103036s,,failed,0,0,,no_usable_pages,known,,,bd6t55103036s: no usable pages in manifest.,2026-07-17T18:19:07.502462
lacharente,bd6t551030376,,failed,0,0,,no_usable_pages,known,,,bd6t551030376: no usable pages in manifest.,2026-07-17T18:19:07.727276
lacharente,bd6t55103038m,,failed,0,0,,no_usable_pages,known,,,bd6t55103038m: no usable pages in manifest.,2026-07-17T18:19:07.877211
lacharente,bd6t551030391,,failed,0,0,,no_usable_pages,known,,,bd6t551030391: no usable pages in manifest.,2026-07-17T18:19:08.057619
lacharente,bd6t55103040p,,failed,0,0,,no_usable_pages,known,,,bd6t55103040p: no usable pages in manifest.,2026-07-17T18:19:08.208351
lacharente,bd6t551030413,,failed,0,0,,no_usable_pages,known,,,bd6t551030413: no usable pages in manifest.,2026-07-17T18:19:08.433167
lacharente,bd6t55103042h,,failed,0,0,,no_usable_pages,known,,,bd6t55103042h: no usable pages in manifest.,2026-07-17T18:19:08.591370
lacharente,bd6t55103043x,,failed,0,0,,no_usable_pages,known,,,bd6t55103043x: no usable pages in manifest.,2026-07-17T18:19:08.774225
lacharente,bd6t55103044b,,failed,0,0,,no_usable_pages,known,,,bd6t55103044b: no usable pages in manifest.,2026-07-17T18:19:08.978153
lacharente,bd6t55103045r,,failed,0,0,,no_usable_pages,known,,,bd6t55103045r: no usable pages in manifest.,2026-07-17T18:19:09.172295
lacharente,bd6t551030465,,failed,0,0,,no_usable_pages,known,,,bd6t551030465: no usable pages in manifest.,2026-07-17T18:19:09.342044
lacharente,bd6t55103047k,,failed,0,0,,no_usable_pages,known,,,bd6t55103047k: no usable pages in manifest.,2026-07-17T18:19:09.527771
lacharente,bd6t551030480,,failed,0,0,,no_usable_pages,known,,,bd6t551030480: no usable pages in manifest.,2026-07-17T18:19:09.697683
lacharente,bd6t55103049d,,failed,0,0,,no_usable_pages,known,,,bd6t55103049d: no usable pages in manifest.,2026-07-17T18:19:09.890479
lacharente,bd6t551030502,,failed,0,0,,no_usable_pages,known,,,bd6t551030502: no usable pages in manifest.,2026-07-17T18:19:10.082326
lacharente,bd6t55103051g,,failed,0,0,,no_usable_pages,known,,,bd6t55103051g: no usable pages in manifest.,2026-07-17T18:19:10.245233
lacharente,bd6t55103052w,,failed,0,0,,no_usable_pages,known,,,bd6t55103052w: no usable pages in manifest.,2026-07-17T18:19:10.424741
lacharente,bd6t551030539,,failed,0,0,,no_usable_pages,known,,,bd6t551030539: no usable pages in manifest.,2026-07-17T18:19:10.641032
lacharente,bd6t55103054q,,failed,0,0,,no_usable_pages,known,,,bd6t55103054q: no usable pages in manifest.,2026-07-17T18:19:10.773421
lacharente,bd6t551030554,,failed,0,0,,no_usable_pages,known,,,bd6t551030554: no usable pages in manifest.,2026-07-17T18:19:10.987562
lacharente,bd6t55103056j,,failed,0,0,,no_usable_pages,known,,,bd6t55103056j: no usable pages in manifest.,2026-07-17T18:19:11.158045
lacharente,bd6t55103057z,,failed,0,0,,no_usable_pages,known,,,bd6t55103057z: no usable pages in manifest.,2026-07-17T18:19:12.011363
lacharente,bd6t55103058c,,failed,0,0,,no_usable_pages,known,,,bd6t55103058c: no usable pages in manifest.,2026-07-17T18:19:12.379674
lacharente,bd6t55103059s,,failed,0,0,,no_usable_pages,known,,,bd6t55103059s: no usable pages in manifest.,2026-07-17T18:19:12.546585
lacharente,bd6t55103060f,,failed,0,0,,no_usable_pages,known,,,bd6t55103060f: no usable pages in manifest.,2026-07-17T18:19:12.700013
lacharente,bd6t55103061v,,failed,0,0,,no_usable_pages,known,,,bd6t55103061v: no usable pages in manifest.,2026-07-17T18:19:12.908916
lacharente,bd6t551030628,,failed,0,0,,no_usable_pages,known,,,bd6t551030628: no usable pages in manifest.,2026-07-17T18:19:13.101376
lacharente,bd6t55103063p,,failed,0,0,,no_usable_pages,known,,,bd6t55103063p: no usable pages in manifest.,2026-07-17T18:19:13.278061
lacharente,bd6t551030643,,failed,0,0,,no_usable_pages,known,,,bd6t551030643: no usable pages in manifest.,2026-07-17T18:19:13.432003
lacharente,bd6t55103065h,,failed,0,0,,no_usable_pages,known,,,bd6t55103065h: no usable pages in manifest.,2026-07-17T18:19:13.587517
lacharente,bd6t55103066x,,failed,0,0,,no_usable_pages,known,,,bd6t55103066x: no usable pages in manifest.,2026-07-17T18:19:13.808558
lacharente,bd6t55103067b,,failed,0,0,,no_usable_pages,known,,,bd6t55103067b: no usable pages in manifest.,2026-07-17T18:19:14.013272
lacharente,bd6t55103068r,,failed,0,0,,no_usable_pages,known,,,bd6t55103068r: no usable pages in manifest.,2026-07-17T18:19:14.226236
lacharente,bd6t551030695,,failed,0,0,,no_usable_pages,known,,,bd6t551030695: no usable pages in manifest.,2026-07-17T18:19:14.539406
lacharente,bd6t55103070t,,failed,0,0,,no_usable_pages,known,,,bd6t55103070t: no usable pages in manifest.,2026-07-17T18:19:14.719316
lacharente,bd6t551030717,,failed,0,0,,no_usable_pages,known,,,bd6t551030717: no usable pages in manifest.,2026-07-17T18:19:14.899488
lacharente,bd6t55103072n,,failed,0,0,,no_usable_pages,known,,,bd6t55103072n: no usable pages in manifest.,2026-07-17T18:19:15.124599
lacharente,bd6t551030732,,failed,0,0,,no_usable_pages,known,,,bd6t551030732: no usable pages in manifest.,2026-07-17T18:19:15.317849
lacharente,bd6t55103074g,,failed,0,0,,no_usable_pages,known,,,bd6t55103074g: no usable pages in manifest.,2026-07-17T18:19:15.534565
lacharente,bd6t55103075w,,failed,0,0,,no_usable_pages,known,,,bd6t55103075w: no usable pages in manifest.,2026-07-17T18:19:15.796556
lacharente,bd6t551030769,,failed,0,0,,no_usable_pages,known,,,bd6t551030769: no usable pages in manifest.,2026-07-17T18:19:16.067597
lacharente,bd6t55103077q,,failed,0,0,,no_usable_pages,known,,,bd6t55103077q: no usable pages in manifest.,2026-07-17T18:19:16.317426
lacharente,bd6t551030784,,failed,0,0,,no_usable_pages,known,,,bd6t551030784: no usable pages in manifest.,2026-07-17T18:19:16.467596
lacharente,bd6t55103079j,,failed,0,0,,no_usable_pages,known,,,bd6t55103079j: no usable pages in manifest.,2026-07-17T18:19:16.755941
lacharente,bd6t551030806,,failed,0,0,,no_usable_pages,known,,,bd6t551030806: no usable pages in manifest.,2026-07-17T18:19:17.064540
lacharente,bd6t55103081m,,failed,0,0,,no_usable_pages,known,,,bd6t55103081m: no usable pages in manifest.,2026-07-17T18:19:17.331014
lacharente,bd6t551030821,,failed,0,0,,no_usable_pages,known,,,bd6t551030821: no usable pages in manifest.,2026-07-17T18:19:17.599902
lacharente,bd6t55103083f,,failed,0,0,,no_usable_pages,known,,,bd6t55103083f: no usable pages in manifest.,2026-07-17T18:19:17.814633
lacharente,bd6t55103084v,,failed,0,0,,no_usable_pages,known,,,bd6t55103084v: no usable pages in manifest.,2026-07-17T18:19:18.035467
lacharente,bd6t551030858,,failed,0,0,,no_usable_pages,known,,,bd6t551030858: no usable pages in manifest.,2026-07-17T18:19:18.215457
lacharente,bd6t55103086p,,failed,0,0,,no_usable_pages,known,,,bd6t55103086p: no usable pages in manifest.,2026-07-17T18:19:18.464299
lacharente,bd6t551030873,,failed,0,0,,no_usable_pages,known,,,bd6t551030873: no usable pages in manifest.,2026-07-17T18:19:18.635143
lacharente,bd6t55103088h,,failed,0,0,,no_usable_pages,known,,,bd6t55103088h: no usable pages in manifest.,2026-07-17T18:19:18.846428
lacharente,bd6t55103089x,,failed,0,0,,no_usable_pages,known,,,bd6t55103089x: no usable pages in manifest.,2026-07-17T18:19:19.028914
lacharente,bd6t55103090k,,failed,0,0,,no_usable_pages,known,,,bd6t55103090k: no usable pages in manifest.,2026-07-17T18:19:19.224391
lacharente,bd6t551030910,,failed,0,0,,no_usable_pages,known,,,bd6t551030910: no usable pages in manifest.,2026-07-17T18:19:19.483961
lacharente,bd6t55103092d,,failed,0,0,,no_usable_pages,known,,,bd6t55103092d: no usable pages in manifest.,2026-07-17T18:19:19.740195
lacharente,bd6t55103093t,,failed,0,0,,no_usable_pages,known,,,bd6t55103093t: no usable pages in manifest.,2026-07-17T18:19:19.928153
lacharente,bd6t551030947,,failed,0,0,,no_usable_pages,known,,,bd6t551030947: no usable pages in manifest.,2026-07-17T18:19:20.082694
lacharente,bd6t55103095n,,failed,0,0,,no_usable_pages,known,,,bd6t55103095n: no usable pages in manifest.,2026-07-17T18:19:20.306033
lacharente,bd6t551030962,,failed,0,0,,no_usable_pages,known,,,bd6t551030962: no usable pages in manifest.,2026-07-17T18:19:20.518436
lacharente,bd6t55103097g,,failed,0,0,,no_usable_pages,known,,,bd6t55103097g: no usable pages in manifest.,2026-07-17T18:19:20.680852
lacharente,bd6t55103098w,,failed,0,0,,no_usable_pages,known,,,bd6t55103098w: no usable pages in manifest.,2026-07-17T18:19:20.877335
lacharente,bd6t551030999,,failed,0,0,,no_usable_pages,known,,,bd6t551030999: no usable pages in manifest.,2026-07-17T18:19:21.127424
lacharente,bd6t55103100h,,failed,0,0,,no_usable_pages,known,,,bd6t55103100h: no usable pages in manifest.,2026-07-17T18:19:21.272118
lacharente,bd6t55103101x,,failed,0,0,,no_usable_pages,known,,,bd6t55103101x: no usable pages in manifest.,2026-07-17T18:19:21.454115
lacharente,bd6t55103102b,,failed,0,0,,no_usable_pages,known,,,bd6t55103102b: no usable pages in manifest.,2026-07-17T18:19:21.624944
lacharente,bd6t55103103r,,failed,0,0,,no_usable_pages,known,,,bd6t55103103r: no usable pages in manifest.,2026-07-17T18:19:21.749831
lacharente,bd6t551031045,,failed,0,0,,no_usable_pages,known,,,bd6t551031045: no usable pages in manifest.,2026-07-17T18:19:21.948634
lacharente,bd6t55103105k,,failed,0,0,,no_usable_pages,known,,,bd6t55103105k: no usable pages in manifest.,2026-07-17T18:19:22.134577
lacharente,bd6t551031060,,failed,0,0,,no_usable_pages,known,,,bd6t551031060: no usable pages in manifest.,2026-07-17T18:19:22.362073
lacharente,bd6t55103107d,,failed,0,0,,no_usable_pages,known,,,bd6t55103107d: no usable pages in manifest.,2026-07-17T18:19:22.533179
lacharente,bd6t55103108t,,failed,0,0,,no_usable_pages,known,,,bd6t55103108t: no usable pages in manifest.,2026-07-17T18:19:22.696342
lacharente,bd6t551031097,,failed,0,0,,no_usable_pages,known,,,bd6t551031097: no usable pages in manifest.,2026-07-17T18:19:22.854214
lacharente,bd6t55103110w,,failed,0,0,,no_usable_pages,known,,,bd6t55103110w: no usable pages in manifest.,2026-07-17T18:19:23.039518
lacharente,bd6t551031119,,failed,0,0,,no_usable_pages,known,,,bd6t551031119: no usable pages in manifest.,2026-07-17T18:19:23.200854
lacharente,bd6t55103112q,,failed,0,0,,no_usable_pages,known,,,bd6t55103112q: no usable pages in manifest.,2026-07-17T18:19:23.338095
lacharente,bd6t551031134,,failed,0,0,,no_usable_pages,known,,,bd6t551031134: no usable pages in manifest.,2026-07-17T18:19:23.491849
lacharente,bd6t55103114j,,failed,0,0,,no_usable_pages,known,,,bd6t55103114j: no usable pages in manifest.,2026-07-17T18:19:23.605060
lacharente,bd6t55103115z,,failed,0,0,,no_usable_pages,known,,,bd6t55103115z: no usable pages in manifest.,2026-07-17T18:19:23.771295
lacharente,bd6t55103116c,,failed,0,0,,no_usable_pages,known,,,bd6t55103116c: no usable pages in manifest.,2026-07-17T18:19:23.920120
lacharente,bd6t55103117s,,failed,0,0,,no_usable_pages,known,,,bd6t55103117s: no usable pages in manifest.,2026-07-17T18:19:24.022120
lacharente,bd6t551031186,,failed,0,0,,no_usable_pages,known,,,bd6t551031186: no usable pages in manifest.,2026-07-17T18:19:24.168507
lacharente,bd6t55103119m,,failed,0,0,,no_usable_pages,known,,,bd6t55103119m: no usable pages in manifest.,2026-07-17T18:19:24.352751
lacharente,bd6t551031208,,failed,0,0,,no_usable_pages,known,,,bd6t551031208: no usable pages in manifest.,2026-07-17T18:19:24.547976
lacharente,bd6t55103121p,,failed,0,0,,no_usable_pages,known,,,bd6t55103121p: no usable pages in manifest.,2026-07-17T18:19:24.709628
lacharente,bd6t551031223,,failed,0,0,,no_usable_pages,known,,,bd6t551031223: no usable pages in manifest.,2026-07-17T18:19:24.974888
lacharente,bd6t55103123h,,failed,0,0,,no_usable_pages,known,,,bd6t55103123h: no usable pages in manifest.,2026-07-17T18:19:25.179613
lacharente,bd6t55103124x,,failed,0,0,,no_usable_pages,known,,,bd6t55103124x: no usable pages in manifest.,2026-07-17T18:19:25.420719
lacharente,bd6t55103125b,,failed,0,0,,no_usable_pages,known,,,bd6t55103125b: no usable pages in manifest.,2026-07-17T18:19:25.652229
lacharente,bd6t55103126r,,failed,0,0,,no_usable_pages,known,,,bd6t55103126r: no usable pages in manifest.,2026-07-17T18:19:25.854576
lacharente,bd6t551031275,,failed,0,0,,no_usable_pages,known,,,bd6t551031275: no usable pages in manifest.,2026-07-17T18:19:26.083315
lacharente,bd6t55103128k,,failed,0,0,,no_usable_pages,known,,,bd6t55103128k: no usable pages in manifest.,2026-07-17T18:19:26.246381
lacharente,bd6t551031290,,failed,0,0,,no_usable_pages,known,,,bd6t551031290: no usable pages in manifest.,2026-07-17T18:19:26.489743
lacharente,bd6t55103130n,,failed,0,0,,no_usable_pages,known,,,bd6t55103130n: no usable pages in manifest.,2026-07-17T18:19:26.703318
lacharente,bd6t551031312,,failed,0,0,,no_usable_pages,known,,,bd6t551031312: no usable pages in manifest.,2026-07-17T18:19:26.853646
lacharente,bd6t55103132g,,failed,0,0,,no_usable_pages,known,,,bd6t55103132g: no usable pages in manifest.,2026-07-17T18:19:26.986855
lacharente,bd6t55103133w,,failed,0,0,,no_usable_pages,known,,,bd6t55103133w: no usable pages in manifest.,2026-07-17T18:19:27.205844
lacharente,bd6t551031349,,failed,0,0,,no_usable_pages,known,,,bd6t551031349: no usable pages in manifest.,2026-07-17T18:19:27.372707
lacharente,bd6t55103135q,,failed,0,0,,no_usable_pages,known,,,bd6t55103135q: no usable pages in manifest.,2026-07-17T18:19:27.589160
lacharente,bd6t551031364,,failed,0,0,,no_usable_pages,known,,,bd6t551031364: no usable pages in manifest.,2026-07-17T18:19:27.813390
lacharente,bd6t55103137j,,failed,0,0,,no_usable_pages,known,,,bd6t55103137j: no usable pages in manifest.,2026-07-17T18:19:27.983598
lacharente,bd6t55103138z,,failed,0,0,,no_usable_pages,known,,,bd6t55103138z: no usable pages in manifest.,2026-07-17T18:19:28.206373
lacharente,bd6t55103139c,,failed,0,0,,no_usable_pages,known,,,bd6t55103139c: no usable pages in manifest.,2026-07-17T18:19:28.383513
lacharente,bd6t551031401,,failed,0,0,,no_usable_pages,known,,,bd6t551031401: no usable pages in manifest.,2026-07-17T18:19:28.561997
lacharente,bd6t55103141f,,failed,0,0,,no_usable_pages,known,,,bd6t55103141f: no usable pages in manifest.,2026-07-17T18:19:28.754003
lacharente,bd6t55103142v,,failed,0,0,,no_usable_pages,known,,,bd6t55103142v: no usable pages in manifest.,2026-07-17T18:19:28.918124
lacharente,bd6t551031438,,failed,0,0,,no_usable_pages,known,,,bd6t551031438: no usable pages in manifest.,2026-07-17T18:19:29.055680
lacharente,bd6t55103144p,,failed,0,0,,no_usable_pages,known,,,bd6t55103144p: no usable pages in manifest.,2026-07-17T18:19:29.233531
lacharente,bd6t551031453,,failed,0,0,,no_usable_pages,known,,,bd6t551031453: no usable pages in manifest.,2026-07-17T18:19:29.378471
lacharente,bd6t55103146h,,failed,0,0,,no_usable_pages,known,,,bd6t55103146h: no usable pages in manifest.,2026-07-17T18:19:29.475305
lacharente,bd6t55103147x,,failed,0,0,,no_usable_pages,known,,,bd6t55103147x: no usable pages in manifest.,2026-07-17T18:19:29.663037
lacharente,bd6t55103148b,,failed,0,0,,no_usable_pages,known,,,bd6t55103148b: no usable pages in manifest.,2026-07-17T18:19:29.851064
lacharente,bd6t55103149r,,failed,0,0,,no_usable_pages,known,,,bd6t55103149r: no usable pages in manifest.,2026-07-17T18:19:30.021262
lacharente,bd6t55103150d,,failed,0,0,,no_usable_pages,known,,,bd6t55103150d: no usable pages in manifest.,2026-07-17T18:19:30.144951
lacharente,bd6t55103151t,,failed,0,0,,no_usable_pages,known,,,bd6t55103151t: no usable pages in manifest.,2026-07-17T18:19:30.325151
lacharente,bd6t551031527,,failed,0,0,,no_usable_pages,known,,,bd6t551031527: no usable pages in manifest.,2026-07-17T18:19:30.466676
lacharente,bd6t55103153n,,failed,0,0,,no_usable_pages,known,,,bd6t55103153n: no usable pages in manifest.,2026-07-17T18:19:30.618958
lacharente,bd6t551031542,,failed,0,0,,no_usable_pages,known,,,bd6t551031542: no usable pages in manifest.,2026-07-17T18:19:30.744876
lacharente,bd6t55103155g,,failed,0,0,,no_usable_pages,known,,,bd6t55103155g: no usable pages in manifest.,2026-07-17T18:19:30.894080
lacharente,bd6t55103156w,,failed,0,0,,no_usable_pages,known,,,bd6t55103156w: no usable pages in manifest.,2026-07-17T18:19:31.057093
lacharente,bd6t551031579,,failed,0,0,,no_usable_pages,known,,,bd6t551031579: no usable pages in manifest.,2026-07-17T18:19:31.225628
lacharente,bd6t55103158q,,failed,0,0,,no_usable_pages,known,,,bd6t55103158q: no usable pages in manifest.,2026-07-17T18:19:31.447245
lacharente,bd6t551031594,,failed,0,0,,no_usable_pages,known,,,bd6t551031594: no usable pages in manifest.,2026-07-17T18:19:31.588197
lacharente,bd6t55103160s,,failed,0,0,,no_usable_pages,known,,,bd6t55103160s: no usable pages in manifest.,2026-07-17T18:19:31.782740
lacharente,bd6t551031616,,failed,0,0,,no_usable_pages,known,,,bd6t551031616: no usable pages in manifest.,2026-07-17T18:19:32.058966
lacharente,bd6t55103162m,,failed,0,0,,no_usable_pages,known,,,bd6t55103162m: no usable pages in manifest.,2026-07-17T18:19:32.290849
lacharente,bd6t551031631,,failed,0,0,,no_usable_pages,known,,,bd6t551031631: no usable pages in manifest.,2026-07-17T18:19:32.457907
lacharente,bd6t55103164f,,failed,0,0,,no_usable_pages,known,,,bd6t55103164f: no usable pages in manifest.,2026-07-17T18:19:32.657689
lacharente,bd6t55103165v,,failed,0,0,,no_usable_pages,known,,,bd6t55103165v: no usable pages in manifest.,2026-07-17T18:19:32.827345
lacharente,bd6t551031668,,failed,0,0,,no_usable_pages,known,,,bd6t551031668: no usable pages in manifest.,2026-07-17T18:19:33.043821
lacharente,bd6t55103167p,,failed,0,0,,no_usable_pages,known,,,bd6t55103167p: no usable pages in manifest.,2026-07-17T18:19:33.291310
lacharente,bd6t551031683,,failed,0,0,,no_usable_pages,known,,,bd6t551031683: no usable pages in manifest.,2026-07-17T18:19:33.470185
lacharente,bd6t55103169h,,failed,0,0,,no_usable_pages,known,,,bd6t55103169h: no usable pages in manifest.,2026-07-17T18:19:33.688521
lacharente,bd6t551031705,,failed,0,0,,no_usable_pages,known,,,bd6t551031705: no usable pages in manifest.,2026-07-17T18:19:33.874634
lacharente,bd6t55103171k,,failed,0,0,,no_usable_pages,known,,,bd6t55103171k: no usable pages in manifest.,2026-07-17T18:19:34.121729
lacharente,bd6t551031720,,failed,0,0,,no_usable_pages,known,,,bd6t551031720: no usable pages in manifest.,2026-07-17T18:19:34.284328
lacharente,bd6t55103173d,,failed,0,0,,no_usable_pages,known,,,bd6t55103173d: no usable pages in manifest.,2026-07-17T18:19:34.504602
lacharente,bd6t55103174t,,failed,0,0,,no_usable_pages,known,,,bd6t55103174t: no usable pages in manifest.,2026-07-17T18:19:34.706421
lacharente,bd6t551031757,,failed,0,0,,no_usable_pages,known,,,bd6t551031757: no usable pages in manifest.,2026-07-17T18:19:34.899233
lacharente,bd6t55103176n,,failed,0,0,,no_usable_pages,known,,,bd6t55103176n: no usable pages in manifest.,2026-07-17T18:19:35.059519
lacharente,bd6t551031772,,failed,0,0,,no_usable_pages,known,,,bd6t551031772: no usable pages in manifest.,2026-07-17T18:19:35.288966
lacharente,bd6t55103178g,,failed,0,0,,no_usable_pages,known,,,bd6t55103178g: no usable pages in manifest.,2026-07-17T18:19:35.495105
lacharente,bd6t55103179w,,failed,0,0,,no_usable_pages,known,,,bd6t55103179w: no usable pages in manifest.,2026-07-17T18:19:35.672662
lacharente,bd6t55103180j,,failed,0,0,,no_usable_pages,known,,,bd6t55103180j: no usable pages in manifest.,2026-07-17T18:19:35.863120
lacharente,bd6t55103181z,,failed,0,0,,no_usable_pages,known,,,bd6t55103181z: no usable pages in manifest.,2026-07-17T18:19:35.971277
lacharente,bd6t55103182c,,failed,0,0,,no_usable_pages,known,,,bd6t55103182c: no usable pages in manifest.,2026-07-17T18:19:36.133038
lacharente,bd6t55103183s,,failed,0,0,,no_usable_pages,known,,,bd6t55103183s: no usable pages in manifest.,2026-07-17T18:19:36.305918
lacharente,bd6t551031846,,failed,0,0,,no_usable_pages,known,,,bd6t551031846: no usable pages in manifest.,2026-07-17T18:19:36.470009
lacharente,bd6t55103185m,,failed,0,0,,no_usable_pages,known,,,bd6t55103185m: no usable pages in manifest.,2026-07-17T18:19:36.660639
lacharente,bd6t551031861,,failed,0,0,,no_usable_pages,known,,,bd6t551031861: no usable pages in manifest.,2026-07-17T18:19:36.923213
lacharente,bd6t55103187f,,failed,0,0,,no_usable_pages,known,,,bd6t55103187f: no usable pages in manifest.,2026-07-17T18:19:37.126216
lacharente,bd6t55103188v,,failed,0,0,,no_usable_pages,known,,,bd6t55103188v: no usable pages in manifest.,2026-07-17T18:19:37.362772
lacharente,bd6t551031898,,failed,0,0,,no_usable_pages,known,,,bd6t551031898: no usable pages in manifest.,2026-07-17T18:19:37.539489
lacharente,bd6t55103190x,,failed,0,0,,no_usable_pages,known,,,bd6t55103190x: no usable pages in manifest.,2026-07-17T18:19:37.717717
lacharente,bd6t55103191b,,failed,0,0,,no_usable_pages,known,,,bd6t55103191b: no usable pages in manifest.,2026-07-17T18:19:37.834500
lacharente,bd6t55103192r,,failed,0,0,,no_usable_pages,known,,,bd6t55103192r: no usable pages in manifest.,2026-07-17T18:19:38.010807
lacharente,bd6t551031935,,failed,0,0,,no_usable_pages,known,,,bd6t551031935: no usable pages in manifest.,2026-07-17T18:19:38.155489
lacharente,bd6t55103194k,,failed,0,0,,no_usable_pages,known,,,bd6t55103194k: no usable pages in manifest.,2026-07-17T18:19:38.339331
lacharente,bd6t551031950,,failed,0,0,,no_usable_pages,known,,,bd6t551031950: no usable pages in manifest.,2026-07-17T18:19:38.541894
lacharente,bd6t55103196d,,failed,0,0,,no_usable_pages,known,,,bd6t55103196d: no usable pages in manifest.,2026-07-17T18:19:38.750748
lacharente,bd6t55103197t,,failed,0,0,,no_usable_pages,known,,,bd6t55103197t: no usable pages in manifest.,2026-07-17T18:19:38.937823
lacharente,bd6t551031987,,failed,0,0,,no_usable_pages,known,,,bd6t551031987: no usable pages in manifest.,2026-07-17T18:19:39.172150
lacharente,bd6t55103199n,,failed,0,0,,no_usable_pages,known,,,bd6t55103199n: no usable pages in manifest.,2026-07-17T18:19:39.326337
lacharente,bd6t55103200v,,failed,0,0,,no_usable_pages,known,,,bd6t55103200v: no usable pages in manifest.,2026-07-17T18:19:39.478846
lacharente,bd6t551032018,,failed,0,0,,no_usable_pages,known,,,bd6t551032018: no usable pages in manifest.,2026-07-17T18:19:39.670232
lacharente,bd6t55103202p,,failed,0,0,,no_usable_pages,known,,,bd6t55103202p: no usable pages in manifest.,2026-07-17T18:19:39.879219
lacharente,bd6t551032033,,failed,0,0,,no_usable_pages,known,,,bd6t551032033: no usable pages in manifest.,2026-07-17T18:19:40.130485
lacharente,bd6t55103204h,,failed,0,0,,no_usable_pages,known,,,bd6t55103204h: no usable pages in manifest.,2026-07-17T18:19:40.309234
lacharente,bd6t55103205x,,failed,0,0,,no_usable_pages,known,,,bd6t55103205x: no usable pages in manifest.,2026-07-17T18:19:40.495526
lacharente,bd6t55103206b,,failed,0,0,,no_usable_pages,known,,,bd6t55103206b: no usable pages in manifest.,2026-07-17T18:19:40.744253
lacharente,bd6t55103207r,,failed,0,0,,no_usable_pages,known,,,bd6t55103207r: no usable pages in manifest.,2026-07-17T18:19:40.950233
lacharente,bd6t551032085,,failed,0,0,,no_usable_pages,known,,,bd6t551032085: no usable pages in manifest.,2026-07-17T18:19:41.152061
lacharente,bd6t55103209k,,failed,0,0,,no_usable_pages,known,,,bd6t55103209k: no usable pages in manifest.,2026-07-17T18:19:41.344545
lacharente,bd6t551032107,,failed,0,0,,no_usable_pages,known,,,bd6t551032107: no usable pages in manifest.,2026-07-17T18:19:41.511730
lacharente,bd6t55103211n,,failed,0,0,,no_usable_pages,known,,,bd6t55103211n: no usable pages in manifest.,2026-07-17T18:19:41.654259
lacharente,bd6t551032122,,failed,0,0,,no_usable_pages,known,,,bd6t551032122: no usable pages in manifest.,2026-07-17T18:19:41.889306
lacharente,bd6t55103213g,,failed,0,0,,no_usable_pages,known,,,bd6t55103213g: no usable pages in manifest.,2026-07-17T18:19:42.100383
lacharente,bd6t55103214w,,failed,0,0,,no_usable_pages,known,,,bd6t55103214w: no usable pages in manifest.,2026-07-17T18:19:42.273185
lacharente,bd6t551032159,,failed,0,0,,no_usable_pages,known,,,bd6t551032159: no usable pages in manifest.,2026-07-17T18:19:42.460519
lacharente,bd6t55103216q,,failed,0,0,,no_usable_pages,known,,,bd6t55103216q: no usable pages in manifest.,2026-07-17T18:19:42.656231
lacharente,bd6t551032174,,failed,0,0,,no_usable_pages,known,,,bd6t551032174: no usable pages in manifest.,2026-07-17T18:19:42.804827
lacharente,bd6t55103218j,,failed,0,0,,no_usable_pages,known,,,bd6t55103218j: no usable pages in manifest.,2026-07-17T18:19:43.045357
lacharente,bd6t55103219z,,failed,0,0,,no_usable_pages,known,,,bd6t55103219z: no usable pages in manifest.,2026-07-17T18:19:43.209977
lacharente,bd6t55103220m,,failed,0,0,,no_usable_pages,known,,,bd6t55103220m: no usable pages in manifest.,2026-07-17T18:19:43.368616
lacharente,bd6t551032211,,failed,0,0,,no_usable_pages,known,,,bd6t551032211: no usable pages in manifest.,2026-07-17T18:19:43.681552
lacharente,bd6t55103222f,,failed,0,0,,no_usable_pages,known,,,bd6t55103222f: no usable pages in manifest.,2026-07-17T18:19:43.897673
lacharente,bd6t55103223v,,failed,0,0,,no_usable_pages,known,,,bd6t55103223v: no usable pages in manifest.,2026-07-17T18:19:44.238029
lacharente,bd6t551032248,,failed,0,0,,no_usable_pages,known,,,bd6t551032248: no usable pages in manifest.,2026-07-17T18:19:44.430584
lacharente,bd6t55103225p,,failed,0,0,,no_usable_pages,known,,,bd6t55103225p: no usable pages in manifest.,2026-07-17T18:19:44.683371
lacharente,bd6t551032263,,failed,0,0,,no_usable_pages,known,,,bd6t551032263: no usable pages in manifest.,2026-07-17T18:19:44.891943
lacharente,bd6t55103227h,,failed,0,0,,no_usable_pages,known,,,bd6t55103227h: no usable pages in manifest.,2026-07-17T18:19:45.186388
lacharente,bd6t55103228x,,failed,0,0,,no_usable_pages,known,,,bd6t55103228x: no usable pages in manifest.,2026-07-17T18:19:45.391233
lacharente,bd6t55103229b,,failed,0,0,,no_usable_pages,known,,,bd6t55103229b: no usable pages in manifest.,2026-07-17T18:19:45.614111
lacharente,bd6t551032300,,failed,0,0,,no_usable_pages,known,,,bd6t551032300: no usable pages in manifest.,2026-07-17T18:19:45.922493
lacharente,bd6t55103231d,,failed,0,0,,no_usable_pages,known,,,bd6t55103231d: no usable pages in manifest.,2026-07-17T18:19:46.094445
lacharente,bd6t55103232t,,failed,0,0,,no_usable_pages,known,,,bd6t55103232t: no usable pages in manifest.,2026-07-17T18:19:46.453475
lacharente,bd6t551032337,,failed,0,0,,no_usable_pages,known,,,bd6t551032337: no usable pages in manifest.,2026-07-17T18:19:46.678014
lacharente,bd6t55103234n,,failed,0,0,,no_usable_pages,known,,,bd6t55103234n: no usable pages in manifest.,2026-07-17T18:19:46.935369
lacharente,bd6t551032352,,failed,0,0,,no_usable_pages,known,,,bd6t551032352: no usable pages in manifest.,2026-07-17T18:19:47.225449
lacharente,bd6t55103236g,,failed,0,0,,no_usable_pages,known,,,bd6t55103236g: no usable pages in manifest.,2026-07-17T18:19:47.763473
lacharente,bd6t55103237w,,failed,0,0,,no_usable_pages,known,,,bd6t55103237w: no usable pages in manifest.,2026-07-17T18:19:48.066693
lacharente,bd6t551032389,,failed,0,0,,no_usable_pages,known,,,bd6t551032389: no usable pages in manifest.,2026-07-17T18:19:48.267036
lacharente,bd6t55103239q,,failed,0,0,,no_usable_pages,known,,,bd6t55103239q: no usable pages in manifest.,2026-07-17T18:19:48.546129
lacharente,bd6t55103240c,,failed,0,0,,no_usable_pages,known,,,bd6t55103240c: no usable pages in manifest.,2026-07-17T18:19:48.819301
lacharente,bd6t55103241s,,failed,0,0,,no_usable_pages,known,,,bd6t55103241s: no usable pages in manifest.,2026-07-17T18:19:49.032903
lacharente,bd6t551032426,,failed,0,0,,no_usable_pages,known,,,bd6t551032426: no usable pages in manifest.,2026-07-17T18:19:49.299406
lacharente,bd6t55103243m,,failed,0,0,,no_usable_pages,known,,,bd6t55103243m: no usable pages in manifest.,2026-07-17T18:19:49.492766
lacharente,bd6t551032441,,failed,0,0,,no_usable_pages,known,,,bd6t551032441: no usable pages in manifest.,2026-07-17T18:19:49.748575
lacharente,bd6t55103245f,,failed,0,0,,no_usable_pages,known,,,bd6t55103245f: no usable pages in manifest.,2026-07-17T18:19:49.981765
lacharente,bd6t55103246v,,failed,0,0,,no_usable_pages,known,,,bd6t55103246v: no usable pages in manifest.,2026-07-17T18:19:50.168121
lacharente,bd6t551032478,,failed,0,0,,no_usable_pages,known,,,bd6t551032478: no usable pages in manifest.,2026-07-17T18:19:50.464720
lacharente,bd6t55103248p,,failed,0,0,,no_usable_pages,known,,,bd6t55103248p: no usable pages in manifest.,2026-07-17T18:19:50.664657
lacharente,bd6t55103250r,,failed,0,0,,no_usable_pages,known,,,bd6t55103250r: no usable pages in manifest.,2026-07-17T18:19:50.931396
lacharente,bd6t551032493,,failed,0,0,,no_usable_pages,known,,,bd6t551032493: no usable pages in manifest.,2026-07-17T18:19:51.210841
lacharente,bd6t551032515,,failed,0,0,,no_usable_pages,known,,,bd6t551032515: no usable pages in manifest.,2026-07-17T18:19:51.479731
lacharente,bd6t55103252k,,failed,0,0,,no_usable_pages,known,,,bd6t55103252k: no usable pages in manifest.,2026-07-17T18:19:51.660763
lacharente,bd6t551032530,,failed,0,0,,no_usable_pages,known,,,bd6t551032530: no usable pages in manifest.,2026-07-17T18:19:52.073345
lacharente,bd6t55103254d,,failed,0,0,,no_usable_pages,known,,,bd6t55103254d: no usable pages in manifest.,2026-07-17T18:19:52.235948
lacharente,bd6t55103255t,,failed,0,0,,no_usable_pages,known,,,bd6t55103255t: no usable pages in manifest.,2026-07-17T18:19:52.497999
lacharente,bd6t551032567,,failed,0,0,,no_usable_pages,known,,,bd6t551032567: no usable pages in manifest.,2026-07-17T18:19:52.666529
lacharente,bd6t55103257n,,failed,0,0,,no_usable_pages,known,,,bd6t55103257n: no usable pages in manifest.,2026-07-17T18:19:52.900304
lacharente,bd6t551032582,,failed,0,0,,no_usable_pages,known,,,bd6t551032582: no usable pages in manifest.,2026-07-17T18:19:53.217737
lacharente,bd6t55103259g,,failed,0,0,,no_usable_pages,known,,,bd6t55103259g: no usable pages in manifest.,2026-07-17T18:19:53.415075
lacharente,bd6t551032604,,failed,0,0,,no_usable_pages,known,,,bd6t551032604: no usable pages in manifest.,2026-07-17T18:19:53.652178
lacharente,bd6t55103261j,,failed,0,0,,no_usable_pages,known,,,bd6t55103261j: no usable pages in manifest.,2026-07-17T18:19:53.843266
lacharente,bd6t55103262z,,failed,0,0,,no_usable_pages,known,,,bd6t55103262z: no usable pages in manifest.,2026-07-17T18:19:54.085319
lacharente,bd6t55103263c,,failed,0,0,,no_usable_pages,known,,,bd6t55103263c: no usable pages in manifest.,2026-07-17T18:19:54.299377
lacharente,bd6t55103264s,,failed,0,0,,no_usable_pages,known,,,bd6t55103264s: no usable pages in manifest.,2026-07-17T18:19:54.538011
lacharente,bd6t551032656,,failed,0,0,,no_usable_pages,known,,,bd6t551032656: no usable pages in manifest.,2026-07-17T18:19:54.754279
lacharente,bd6t55103266m,,failed,0,0,,no_usable_pages,known,,,bd6t55103266m: no usable pages in manifest.,2026-07-17T18:19:54.949688
lacharente,bd6t551032671,,failed,0,0,,no_usable_pages,known,,,bd6t551032671: no usable pages in manifest.,2026-07-17T18:19:55.118968
lacharente,bd6t55103268f,,failed,0,0,,no_usable_pages,known,,,bd6t55103268f: no usable pages in manifest.,2026-07-17T18:19:55.400117
lacharente,bd6t55103269v,,failed,0,0,,no_usable_pages,known,,,bd6t55103269v: no usable pages in manifest.,2026-07-17T18:19:55.548496
lacharente,bd6t55103270h,,failed,0,0,,no_usable_pages,known,,,bd6t55103270h: no usable pages in manifest.,2026-07-17T18:19:55.800538
lacharente,bd6t55103271x,,failed,0,0,,no_usable_pages,known,,,bd6t55103271x: no usable pages in manifest.,2026-07-17T18:19:55.967554
lacharente,bd6t55103272b,,failed,0,0,,no_usable_pages,known,,,bd6t55103272b: no usable pages in manifest.,2026-07-17T18:19:56.141540
lacharente,bd6t55103273r,,failed,0,0,,no_usable_pages,known,,,bd6t55103273r: no usable pages in manifest.,2026-07-17T18:19:56.263658
lacharente,bd6t551032745,,failed,0,0,,no_usable_pages,known,,,bd6t551032745: no usable pages in manifest.,2026-07-17T18:19:56.493688
lacharente,bd6t55103275k,,failed,0,0,,no_usable_pages,known,,,bd6t55103275k: no usable pages in manifest.,2026-07-17T18:19:56.703576
lacharente,bd6t551032760,,failed,0,0,,no_usable_pages,known,,,bd6t551032760: no usable pages in manifest.,2026-07-17T18:19:57.071175
lacharente,bd6t55103277d,,failed,0,0,,no_usable_pages,known,,,bd6t55103277d: no usable pages in manifest.,2026-07-17T18:19:57.379913
lacharente,bd6t55103278t,,failed,0,0,,no_usable_pages,known,,,bd6t55103278t: no usable pages in manifest.,2026-07-17T18:19:57.720215
lacharente,bd6t551032797,,failed,0,0,,no_usable_pages,known,,,bd6t551032797: no usable pages in manifest.,2026-07-17T18:19:57.943845
lacharente,bd6t55103280w,,failed,0,0,,no_usable_pages,known,,,bd6t55103280w: no usable pages in manifest.,2026-07-17T18:19:58.068910
lacharente,bd6t551032819,,failed,0,0,,no_usable_pages,known,,,bd6t551032819: no usable pages in manifest.,2026-07-17T18:19:58.216706
lacharente,bd6t55103282q,,failed,0,0,,no_usable_pages,known,,,bd6t55103282q: no usable pages in manifest.,2026-07-17T18:19:58.409298
lacharente,bd6t551032834,,failed,0,0,,no_usable_pages,known,,,bd6t551032834: no usable pages in manifest.,2026-07-17T18:19:58.615454
lacharente,bd6t55103284j,,failed,0,0,,no_usable_pages,known,,,bd6t55103284j: no usable pages in manifest.,2026-07-17T18:19:58.837506
lacharente,bd6t55103285z,,failed,0,0,,no_usable_pages,known,,,bd6t55103285z: no usable pages in manifest.,2026-07-17T18:19:59.082201
lacharente,bd6t55103287s,,failed,0,0,,no_usable_pages,known,,,bd6t55103287s: no usable pages in manifest.,2026-07-17T18:19:59.196287
lacharente,bd6t551032886,,failed,0,0,,no_usable_pages,known,,,bd6t551032886: no usable pages in manifest.,2026-07-17T18:19:59.344867
lacharente,bd6t55103289m,,failed,0,0,,no_usable_pages,known,,,bd6t55103289m: no usable pages in manifest.,2026-07-17T18:19:59.488404
lacharente,bd6t551032908,,failed,0,0,,no_usable_pages,known,,,bd6t551032908: no usable pages in manifest.,2026-07-17T18:19:59.657616
lacharente,bd6t55103291p,,failed,0,0,,no_usable_pages,known,,,bd6t55103291p: no usable pages in manifest.,2026-07-17T18:19:59.990987
lacharente,bd6t551032923,,failed,0,0,,no_usable_pages,known,,,bd6t551032923: no usable pages in manifest.,2026-07-17T18:20:00.375521
lacharente,bd6t55103293h,,failed,0,0,,no_usable_pages,known,,,bd6t55103293h: no usable pages in manifest.,2026-07-17T18:20:00.674538
lacharente,bd6t55103294x,,failed,0,0,,no_usable_pages,known,,,bd6t55103294x: no usable pages in manifest.,2026-07-17T18:20:00.953969
lacharente,bd6t55103295b,,failed,0,0,,no_usable_pages,known,,,bd6t55103295b: no usable pages in manifest.,2026-07-17T18:20:01.170419
lacharente,bd6t55103296r,,failed,0,0,,no_usable_pages,known,,,bd6t55103296r: no usable pages in manifest.,2026-07-17T18:20:01.395422
lacharente,bd6t551032975,,failed,0,0,,no_usable_pages,known,,,bd6t551032975: no usable pages in manifest.,2026-07-17T18:20:01.606239
lacharente,bd6t55103298k,,failed,0,0,,no_usable_pages,known,,,bd6t55103298k: no usable pages in manifest.,2026-07-17T18:20:01.792103
lacharente,bd6t551032990,,failed,0,0,,no_usable_pages,known,,,bd6t551032990: no usable pages in manifest.,2026-07-17T18:20:02.054888
lacharente,bd6t551033006,,failed,0,0,,no_usable_pages,known,,,bd6t551033006: no usable pages in manifest.,2026-07-17T18:20:02.310077
lacharente,bd6t55103301m,,failed,0,0,,no_usable_pages,known,,,bd6t55103301m: no usable pages in manifest.,2026-07-17T18:20:02.507138
lacharente,bd6t551033021,,failed,0,0,,no_usable_pages,known,,,bd6t551033021: no usable pages in manifest.,2026-07-17T18:20:02.725056
lacharente,bd6t55103303f,,failed,0,0,,no_usable_pages,known,,,bd6t55103303f: no usable pages in manifest.,2026-07-17T18:20:02.957000
lacharente,bd6t55103304v,,failed,0,0,,no_usable_pages,known,,,bd6t55103304v: no usable pages in manifest.,2026-07-17T18:20:03.210538
lacharente,bd6t551033058,,failed,0,0,,no_usable_pages,known,,,bd6t551033058: no usable pages in manifest.,2026-07-17T18:20:03.444031
lacharente,bd6t55103306p,,failed,0,0,,no_usable_pages,known,,,bd6t55103306p: no usable pages in manifest.,2026-07-17T18:20:03.650695
lacharente,bd6t551033073,,failed,0,0,,no_usable_pages,known,,,bd6t551033073: no usable pages in manifest.,2026-07-17T18:20:03.843818
lacharente,bd6t55103308h,,failed,0,0,,no_usable_pages,known,,,bd6t55103308h: no usable pages in manifest.,2026-07-17T18:20:04.084149
lacharente,bd6t55103309x,,failed,0,0,,no_usable_pages,known,,,bd6t55103309x: no usable pages in manifest.,2026-07-17T18:20:04.388332
lacharente,bd6t55103310k,,failed,0,0,,no_usable_pages,known,,,bd6t55103310k: no usable pages in manifest.,2026-07-17T18:20:04.959483
lacharente,bd6t551033110,,failed,0,0,,no_usable_pages,known,,,bd6t551033110: no usable pages in manifest.,2026-07-17T18:20:05.137153
lacharente,bd6t55103312d,,failed,0,0,,no_usable_pages,known,,,bd6t55103312d: no usable pages in manifest.,2026-07-17T18:20:05.381213
lacharente,bd6t55103313t,,failed,0,0,,no_usable_pages,known,,,bd6t55103313t: no usable pages in manifest.,2026-07-17T18:20:05.576575
lacharente,bd6t551033147,,failed,0,0,,no_usable_pages,known,,,bd6t551033147: no usable pages in manifest.,2026-07-17T18:20:05.788508
lacharente,bd6t55103315n,,failed,0,0,,no_usable_pages,known,,,bd6t55103315n: no usable pages in manifest.,2026-07-17T18:20:06.010669
lacharente,bd6t551033162,,failed,0,0,,no_usable_pages,known,,,bd6t551033162: no usable pages in manifest.,2026-07-17T18:20:06.144992
lacharente,bd6t55103317g,,failed,0,0,,no_usable_pages,known,,,bd6t55103317g: no usable pages in manifest.,2026-07-17T18:20:06.291028
lacharente,bd6t55103318w,,failed,0,0,,no_usable_pages,known,,,bd6t55103318w: no usable pages in manifest.,2026-07-17T18:20:06.492404
lacharente,bd6t551033199,,failed,0,0,,no_usable_pages,known,,,bd6t551033199: no usable pages in manifest.,2026-07-17T18:20:06.686287
lacharente,bd6t55103320z,,failed,0,0,,no_usable_pages,known,,,bd6t55103320z: no usable pages in manifest.,2026-07-17T18:20:07.482923
lacharente,bd6t55103321c,,failed,0,0,,no_usable_pages,known,,,bd6t55103321c: no usable pages in manifest.,2026-07-17T18:20:07.705718
lacharente,bd6t55103322s,,failed,0,0,,no_usable_pages,known,,,bd6t55103322s: no usable pages in manifest.,2026-07-17T18:20:07.928566
lacharente,bd6t551033236,,failed,0,0,,no_usable_pages,known,,,bd6t551033236: no usable pages in manifest.,2026-07-17T18:20:08.160661
lacharente,bd6t55103324m,,failed,0,0,,no_usable_pages,known,,,bd6t55103324m: no usable pages in manifest.,2026-07-17T18:20:08.420601
lacharente,bd6t551033251,,failed,0,0,,no_usable_pages,known,,,bd6t551033251: no usable pages in manifest.,2026-07-17T18:20:08.770452
lacharente,bd6t55103326f,,failed,0,0,,no_usable_pages,known,,,bd6t55103326f: no usable pages in manifest.,2026-07-17T18:20:08.950470
lacharente,bd6t55103327v,,failed,0,0,,no_usable_pages,known,,,bd6t55103327v: no usable pages in manifest.,2026-07-17T18:20:09.148811
lacharente,bd6t551033288,,failed,0,0,,no_usable_pages,known,,,bd6t551033288: no usable pages in manifest.,2026-07-17T18:20:09.283549
lacharente,bd6t55103329p,,failed,0,0,,no_usable_pages,known,,,bd6t55103329p: no usable pages in manifest.,2026-07-17T18:20:09.457842
lacharente,bd6t55103330b,,failed,0,0,,no_usable_pages,known,,,bd6t55103330b: no usable pages in manifest.,2026-07-17T18:20:09.640385
lacharente,bd6t55103331r,,failed,0,0,,no_usable_pages,known,,,bd6t55103331r: no usable pages in manifest.,2026-07-17T18:20:09.888567
lacharente,bd6t551033325,,failed,0,0,,no_usable_pages,known,,,bd6t551033325: no usable pages in manifest.,2026-07-17T18:20:10.038408
lacharente,bd6t55103333k,,failed,0,0,,no_usable_pages,known,,,bd6t55103333k: no usable pages in manifest.,2026-07-17T18:20:10.248188
lacharente,bd6t551033340,,failed,0,0,,no_usable_pages,known,,,bd6t551033340: no usable pages in manifest.,2026-07-17T18:20:10.398340
lacharente,bd6t55103335d,,failed,0,0,,no_usable_pages,known,,,bd6t55103335d: no usable pages in manifest.,2026-07-17T18:20:10.580549
lacharente,bd6t55103336t,,failed,0,0,,no_usable_pages,known,,,bd6t55103336t: no usable pages in manifest.,2026-07-17T18:20:10.811167
lacharente,bd6t551033377,,failed,0,0,,no_usable_pages,known,,,bd6t551033377: no usable pages in manifest.,2026-07-17T18:20:11.143403
lacharente,bd6t55103338n,,failed,0,0,,no_usable_pages,known,,,bd6t55103338n: no usable pages in manifest.,2026-07-17T18:20:11.309539
lacharente,bd6t551033392,,failed,0,0,,no_usable_pages,known,,,bd6t551033392: no usable pages in manifest.,2026-07-17T18:20:11.464016
lacharente,bd6t55103340q,,failed,0,0,,no_usable_pages,known,,,bd6t55103340q: no usable pages in manifest.,2026-07-17T18:20:11.640856
lacharente,bd6t551033414,,failed,0,0,,no_usable_pages,known,,,bd6t551033414: no usable pages in manifest.,2026-07-17T18:20:11.876642
lacharente,bd6t55103342j,,failed,0,0,,no_usable_pages,known,,,bd6t55103342j: no usable pages in manifest.,2026-07-17T18:20:12.943072
lacharente,bd6t55103343z,,failed,0,0,,no_usable_pages,known,,,bd6t55103343z: no usable pages in manifest.,2026-07-17T18:20:13.154590
lacharente,bd6t55103344c,,failed,0,0,,no_usable_pages,known,,,bd6t55103344c: no usable pages in manifest.,2026-07-17T18:20:13.582279
lacharente,bd6t55103345s,,failed,0,0,,no_usable_pages,known,,,bd6t55103345s: no usable pages in manifest.,2026-07-17T18:20:13.707360
lacharente,bd6t551033466,,failed,0,0,,no_usable_pages,known,,,bd6t551033466: no usable pages in manifest.,2026-07-17T18:20:13.891815
lacharente,bd6t55103347m,,failed,0,0,,no_usable_pages,known,,,bd6t55103347m: no usable pages in manifest.,2026-07-17T18:20:14.017015
lacharente,bd6t551033481,,failed,0,0,,no_usable_pages,known,,,bd6t551033481: no usable pages in manifest.,2026-07-17T18:20:14.240496
lacharente,bd6t55103349f,,failed,0,0,,no_usable_pages,known,,,bd6t55103349f: no usable pages in manifest.,2026-07-17T18:20:14.390416
lacharente,bd6t551033503,,failed,0,0,,no_usable_pages,known,,,bd6t551033503: no usable pages in manifest.,2026-07-17T18:20:14.598278
lacharente,bd6t55103351h,,failed,0,0,,no_usable_pages,known,,,bd6t55103351h: no usable pages in manifest.,2026-07-17T18:20:14.739872
lacharente,bd6t55103352x,,failed,0,0,,no_usable_pages,known,,,bd6t55103352x: no usable pages in manifest.,2026-07-17T18:20:14.912217
lacharente,bd6t55103353b,,failed,0,0,,no_usable_pages,known,,,bd6t55103353b: no usable pages in manifest.,2026-07-17T18:20:15.055932
lacharente,bd6t55103354r,,failed,0,0,,no_usable_pages,known,,,bd6t55103354r: no usable pages in manifest.,2026-07-17T18:20:15.300566
lacharente,bd6t551033555,,failed,0,0,,no_usable_pages,known,,,bd6t551033555: no usable pages in manifest.,2026-07-17T18:20:15.474455
lacharente,bd6t55103356k,,failed,0,0,,no_usable_pages,known,,,bd6t55103356k: no usable pages in manifest.,2026-07-17T18:20:15.663900
lacharente,bd6t551033570,,failed,0,0,,no_usable_pages,known,,,bd6t551033570: no usable pages in manifest.,2026-07-17T18:20:15.798145
lacharente,bd6t55103358d,,failed,0,0,,no_usable_pages,known,,,bd6t55103358d: no usable pages in manifest.,2026-07-17T18:20:15.965641
lacharente,bd6t55103359t,,failed,0,0,,no_usable_pages,known,,,bd6t55103359t: no usable pages in manifest.,2026-07-17T18:20:16.094942
lacharente,bd6t55103360g,,failed,0,0,,no_usable_pages,known,,,bd6t55103360g: no usable pages in manifest.,2026-07-17T18:20:16.261236
lacharente,bd6t55103361w,,failed,0,0,,no_usable_pages,known,,,bd6t55103361w: no usable pages in manifest.,2026-07-17T18:20:16.513944
lacharente,bd6t551033629,,failed,0,0,,no_usable_pages,known,,,bd6t551033629: no usable pages in manifest.,2026-07-17T18:20:16.737268
lacharente,bd6t55103363q,,failed,0,0,,no_usable_pages,known,,,bd6t55103363q: no usable pages in manifest.,2026-07-17T18:20:16.903448
lacharente,bd6t551033644,,failed,0,0,,no_usable_pages,known,,,bd6t551033644: no usable pages in manifest.,2026-07-17T18:20:17.054205
lacharente,bd6t55103365j,,failed,0,0,,no_usable_pages,known,,,bd6t55103365j: no usable pages in manifest.,2026-07-17T18:20:17.214206
lacharente,bd6t55103366z,,failed,0,0,,no_usable_pages,known,,,bd6t55103366z: no usable pages in manifest.,2026-07-17T18:20:17.366064
lacharente,bd6t55103367c,,failed,0,0,,no_usable_pages,known,,,bd6t55103367c: no usable pages in manifest.,2026-07-17T18:20:17.604528
lacharente,bd6t55103368s,,failed,0,0,,no_usable_pages,known,,,bd6t55103368s: no usable pages in manifest.,2026-07-17T18:20:17.772100
lacharente,bd6t551033696,,failed,0,0,,no_usable_pages,known,,,bd6t551033696: no usable pages in manifest.,2026-07-17T18:20:17.902373
lacharente,bd6t55103370v,,failed,0,0,,no_usable_pages,known,,,bd6t55103370v: no usable pages in manifest.,2026-07-17T18:20:18.027607
lacharente,bd6t551033718,,failed,0,0,,no_usable_pages,known,,,bd6t551033718: no usable pages in manifest.,2026-07-17T18:20:18.160154
lacharente,bd6t55103372p,,failed,0,0,,no_usable_pages,known,,,bd6t55103372p: no usable pages in manifest.,2026-07-17T18:20:18.313308
lacharente,bd6t551033733,,failed,0,0,,no_usable_pages,known,,,bd6t551033733: no usable pages in manifest.,2026-07-17T18:20:18.494235
lacharente,bd6t55103374h,,failed,0,0,,no_usable_pages,known,,,bd6t55103374h: no usable pages in manifest.,2026-07-17T18:20:18.760673
lacharente,bd6t55103375x,,failed,0,0,,no_usable_pages,known,,,bd6t55103375x: no usable pages in manifest.,2026-07-17T18:20:18.949165
lacharente,bd6t55103376b,,failed,0,0,,no_usable_pages,known,,,bd6t55103376b: no usable pages in manifest.,2026-07-17T18:20:19.102001
lacharente,bd6t55103377r,,failed,0,0,,no_usable_pages,known,,,bd6t55103377r: no usable pages in manifest.,2026-07-17T18:20:19.259315
lacharente,bd6t551033785,,failed,0,0,,no_usable_pages,known,,,bd6t551033785: no usable pages in manifest.,2026-07-17T18:20:19.410336
lacharente,bd6t55103379k,,failed,0,0,,no_usable_pages,known,,,bd6t55103379k: no usable pages in manifest.,2026-07-17T18:20:19.523901
lacharente,bd6t551033807,,failed,0,0,,no_usable_pages,known,,,bd6t551033807: no usable pages in manifest.,2026-07-17T18:20:19.767803
lacharente,bd6t55103381n,,failed,0,0,,no_usable_pages,known,,,bd6t55103381n: no usable pages in manifest.,2026-07-17T18:20:20.008457
lacharente,bd6t551033822,,failed,0,0,,no_usable_pages,known,,,bd6t551033822: no usable pages in manifest.,2026-07-17T18:20:20.165825
lacharente,bd6t55103383g,,failed,0,0,,no_usable_pages,known,,,bd6t55103383g: no usable pages in manifest.,2026-07-17T18:20:20.296954
lacharente,bd6t55103384w,,failed,0,0,,no_usable_pages,known,,,bd6t55103384w: no usable pages in manifest.,2026-07-17T18:20:20.458881
lacharente,bd6t551033859,,failed,0,0,,no_usable_pages,known,,,bd6t551033859: no usable pages in manifest.,2026-07-17T18:20:20.621696
lacharente,bd6t55103386q,,failed,0,0,,no_usable_pages,known,,,bd6t55103386q: no usable pages in manifest.,2026-07-17T18:20:20.828062
lacharente,bd6t551033874,,failed,0,0,,no_usable_pages,known,,,bd6t551033874: no usable pages in manifest.,2026-07-17T18:20:20.990095
lacharente,bd6t55103388j,,failed,0,0,,no_usable_pages,known,,,bd6t55103388j: no usable pages in manifest.,2026-07-17T18:20:21.129811
lacharente,bd6t55103389z,,failed,0,0,,no_usable_pages,known,,,bd6t55103389z: no usable pages in manifest.,2026-07-17T18:20:21.264959
lacharente,bd6t55103390m,,failed,0,0,,no_usable_pages,known,,,bd6t55103390m: no usable pages in manifest.,2026-07-17T18:20:21.436397
lacharente,bd6t551033911,,failed,0,0,,no_usable_pages,known,,,bd6t551033911: no usable pages in manifest.,2026-07-17T18:20:21.584186
lacharente,bd6t55103392f,,failed,0,0,,no_usable_pages,known,,,bd6t55103392f: no usable pages in manifest.,2026-07-17T18:20:21.786132
lacharente,bd6t55103393v,,failed,0,0,,no_usable_pages,known,,,bd6t55103393v: no usable pages in manifest.,2026-07-17T18:20:21.976874
lacharente,bd6t551033948,,failed,0,0,,no_usable_pages,known,,,bd6t551033948: no usable pages in manifest.,2026-07-17T18:20:22.161650
lacharente,bd6t55103395p,,failed,0,0,,no_usable_pages,known,,,bd6t55103395p: no usable pages in manifest.,2026-07-17T18:20:22.284117
lacharente,bd6t551033963,,failed,0,0,,no_usable_pages,known,,,bd6t551033963: no usable pages in manifest.,2026-07-17T18:20:22.427484
lacharente,bd6t55103397h,,failed,0,0,,no_usable_pages,known,,,bd6t55103397h: no usable pages in manifest.,2026-07-17T18:20:22.563194
lacharente,bd6t55103398x,,failed,0,0,,no_usable_pages,known,,,bd6t55103398x: no usable pages in manifest.,2026-07-17T18:20:22.706125
lacharente,bd6t55103399b,,failed,0,0,,no_usable_pages,known,,,bd6t55103399b: no usable pages in manifest.,2026-07-17T18:20:22.880652
lacharente,bd6t55103400j,,failed,0,0,,no_usable_pages,known,,,bd6t55103400j: no usable pages in manifest.,2026-07-17T18:20:23.037686
lacharente,bd6t55103401z,,failed,0,0,,no_usable_pages,known,,,bd6t55103401z: no usable pages in manifest.,2026-07-17T18:20:23.193362
lacharente,bd6t55103402c,,failed,0,0,,no_usable_pages,known,,,bd6t55103402c: no usable pages in manifest.,2026-07-17T18:20:23.328564
lacharente,bd6t55103403s,,failed,0,0,,no_usable_pages,known,,,bd6t55103403s: no usable pages in manifest.,2026-07-17T18:20:23.488373
lacharente,bd6t551034046,,failed,0,0,,no_usable_pages,known,,,bd6t551034046: no usable pages in manifest.,2026-07-17T18:20:23.622592
lacharente,bd6t55103405m,,failed,0,0,,no_usable_pages,known,,,bd6t55103405m: no usable pages in manifest.,2026-07-17T18:20:23.776336
lacharente,bd6t551034061,,failed,0,0,,no_usable_pages,known,,,bd6t551034061: no usable pages in manifest.,2026-07-17T18:20:23.909629
lacharente,bd6t55103407f,,failed,0,0,,no_usable_pages,known,,,bd6t55103407f: no usable pages in manifest.,2026-07-17T18:20:24.076511
lacharente,bd6t55103408v,,failed,0,0,,no_usable_pages,known,,,bd6t55103408v: no usable pages in manifest.,2026-07-17T18:20:24.233674
lacharente,bd6t551034098,,failed,0,0,,no_usable_pages,known,,,bd6t551034098: no usable pages in manifest.,2026-07-17T18:20:24.392751
lacharente,bd6t55103410x,,failed,0,0,,no_usable_pages,known,,,bd6t55103410x: no usable pages in manifest.,2026-07-17T18:20:24.556696
lacharente,bd6t55103411b,,failed,0,0,,no_usable_pages,known,,,bd6t55103411b: no usable pages in manifest.,2026-07-17T18:20:24.694411
lacharente,bd6t55103412r,,failed,0,0,,no_usable_pages,known,,,bd6t55103412r: no usable pages in manifest.,2026-07-17T18:20:24.914603
lacharente,bd6t551034135,,failed,0,0,,no_usable_pages,known,,,bd6t551034135: no usable pages in manifest.,2026-07-17T18:20:25.146945
lacharente,bd6t55103414k,,failed,0,0,,no_usable_pages,known,,,bd6t55103414k: no usable pages in manifest.,2026-07-17T18:20:25.338287
lacharente,bd6t551034150,,failed,0,0,,no_usable_pages,known,,,bd6t551034150: no usable pages in manifest.,2026-07-17T18:20:25.484062
lacharente,bd6t55103416d,,failed,0,0,,no_usable_pages,known,,,bd6t55103416d: no usable pages in manifest.,2026-07-17T18:20:25.671128
lacharente,bd6t55103417t,,failed,0,0,,no_usable_pages,known,,,bd6t55103417t: no usable pages in manifest.,2026-07-17T18:20:25.850312
lacharente,bd6t551034187,,failed,0,0,,no_usable_pages,known,,,bd6t551034187: no usable pages in manifest.,2026-07-17T18:20:25.987112
lacharente,bd6t55103419n,,failed,0,0,,no_usable_pages,known,,,bd6t55103419n: no usable pages in manifest.,2026-07-17T18:20:26.277854
lacharente,bd6t55097789t,,failed,0,0,,no_usable_pages,known,,,bd6t55097789t: no usable pages in manifest.,2026-07-17T18:20:26.483032
lacharente,bd6t550919034,,failed,0,0,,http_manifest,known,403,manifest,"Client error '403 ' for url 'https://openapiproext.bnf.fr/iiif/presentation/v3/ark:/12148/bd6t550919034/manifest.json'
For more information check: https://developer.mozilla.org/en-US/docs/Web/HTTP/Status/403",2026-07-17T18:20:26.820117
lacharente,bd6t550939223,,failed,0,0,,http_manifest,known,403,manifest,"Client error '403 ' for url 'https://openapiproext.bnf.fr/iiif/presentation/v3/ark:/12148/bd6t550939223/manifest.json'
For more information check: https://developer.mozilla.org/en-US/docs/Web/HTTP/Status/403",2026-07-17T18:20:27.930506
lacroix,bpt6k2102478,,failed,0,0,,no_usable_pages,known,,,bpt6k2102478: no usable pages in manifest.,2026-07-17T18:20:28.455735
lacroix,bpt6k210248n,,failed,0,0,,no_usable_pages,known,,,bpt6k210248n: no usable pages in manifest.,2026-07-17T18:20:28.643723
lacroix,bpt6k2102491,,failed,0,0,,no_usable_pages,known,,,bpt6k2102491: no usable pages in manifest.,2026-07-17T18:20:28.828175
lacroix,bpt6k210250z,,failed,0,0,,no_usable_pages,known,,,bpt6k210250z: no usable pages in manifest.,2026-07-17T18:20:28.962862
lacroix,bpt6k210251b,,failed,0,0,,no_usable_pages,known,,,bpt6k210251b: no usable pages in manifest.,2026-07-17T18:20:29.107750
lacroix,bpt6k210252q,,failed,0,0,,no_usable_pages,known,,,bpt6k210252q: no usable pages in manifest.,2026-07-17T18:20:29.373120
lacroix,bpt6k2102533,,failed,0,0,,no_usable_pages,known,,,bpt6k2102533: no usable pages in manifest.,2026-07-17T18:20:29.488430
lacroix,bpt6k210254g,,failed,0,0,,no_usable_pages,known,,,bpt6k210254g: no usable pages in manifest.,2026-07-17T18:20:29.664407
lacroix,bpt6k210255v,,failed,0,0,,no_usable_pages,known,,,bpt6k210255v: no usable pages in manifest.,2026-07-17T18:20:29.797604
lacroix,bpt6k2102567,,failed,0,0,,no_usable_pages,known,,,bpt6k2102567: no usable pages in manifest.,2026-07-17T18:20:29.953296
lacroix,bpt6k210257m,,failed,0,0,,no_usable_pages,known,,,bpt6k210257m: no usable pages in manifest.,2026-07-17T18:20:30.108319
lacroix,bpt6k2102580,,failed,0,0,,no_usable_pages,known,,,bpt6k2102580: no usable pages in manifest.,2026-07-17T18:20:30.288319
lacroix,bpt6k210259c,,failed,0,0,,no_usable_pages,known,,,bpt6k210259c: no usable pages in manifest.,2026-07-17T18:20:30.525134
lacroix,bpt6k2102609,,failed,0,0,,no_usable_pages,known,,,bpt6k2102609: no usable pages in manifest.,2026-07-17T18:20:30.700047
lacroix,bpt6k210261p,,failed,0,0,,no_usable_pages,known,,,bpt6k210261p: no usable pages in manifest.,2026-07-17T18:20:30.860830
lacroix,bpt6k2102622,,failed,0,0,,no_usable_pages,known,,,bpt6k2102622: no usable pages in manifest.,2026-07-17T18:20:31.028092
lacroix,bpt6k210263f,,failed,0,0,,no_usable_pages,known,,,bpt6k210263f: no usable pages in manifest.,2026-07-17T18:20:31.193118
lacroix,bpt6k210264t,,failed,0,0,,no_usable_pages,known,,,bpt6k210264t: no usable pages in manifest.,2026-07-17T18:20:31.338083
lacroix,bpt6k2102656,,failed,0,0,,no_usable_pages,known,,,bpt6k2102656: no usable pages in manifest.,2026-07-17T18:20:31.575838
lacroix,bpt6k210266k,,failed,0,0,,no_usable_pages,known,,,bpt6k210266k: no usable pages in manifest.,2026-07-17T18:20:31.795094
lacroix,bpt6k210267z,,failed,0,0,,no_usable_pages,known,,,bpt6k210267z: no usable pages in manifest.,2026-07-17T18:20:31.933385
lacroix,bpt6k210268b,,failed,0,0,,no_usable_pages,known,,,bpt6k210268b: no usable pages in manifest.,2026-07-17T18:20:32.101610
lacroix,bpt6k210269q,,failed,0,0,,no_usable_pages,known,,,bpt6k210269q: no usable pages in manifest.,2026-07-17T18:20:32.304706
lacroix,bpt6k210270n,,failed,0,0,,no_usable_pages,known,,,bpt6k210270n: no usable pages in manifest.,2026-07-17T18:20:32.474969
lacroix,bpt6k2102711,,failed,0,0,,no_usable_pages,known,,,bpt6k2102711: no usable pages in manifest.,2026-07-17T18:20:32.810130
lacroix,bpt6k210272d,,failed,0,0,,no_usable_pages,known,,,bpt6k210272d: no usable pages in manifest.,2026-07-17T18:20:32.958549
lacroix,bpt6k210273s,,failed,0,0,,no_usable_pages,known,,,bpt6k210273s: no usable pages in manifest.,2026-07-17T18:20:33.104578
lacroix,bpt6k2102745,,failed,0,0,,no_usable_pages,known,,,bpt6k2102745: no usable pages in manifest.,2026-07-17T18:20:33.272402
lacroix,bpt6k210275j,,failed,0,0,,no_usable_pages,known,,,bpt6k210275j: no usable pages in manifest.,2026-07-17T18:20:33.443997
lacroix,bpt6k210276x,,failed,0,0,,no_usable_pages,known,,,bpt6k210276x: no usable pages in manifest.,2026-07-17T18:20:33.671531
lacroix,bpt6k2102779,,failed,0,0,,no_usable_pages,known,,,bpt6k2102779: no usable pages in manifest.,2026-07-17T18:20:33.917675
lacroix,bpt6k210278p,,failed,0,0,,no_usable_pages,known,,,bpt6k210278p: no usable pages in manifest.,2026-07-17T18:20:34.055249
lacroix,bpt6k2102792,,failed,0,0,,no_usable_pages,known,,,bpt6k2102792: no usable pages in manifest.,2026-07-17T18:20:34.236735
lacroix,bpt6k2102800,,failed,0,0,,no_usable_pages,known,,,bpt6k2102800: no usable pages in manifest.,2026-07-17T18:20:34.354877
lacroix,bpt6k210281c,,failed,0,0,,no_usable_pages,known,,,bpt6k210281c: no usable pages in manifest.,2026-07-17T18:20:34.529557
lacroix,bpt6k210282r,,failed,0,0,,no_usable_pages,known,,,bpt6k210282r: no usable pages in manifest.,2026-07-17T18:20:34.663350
lacroix,bpt6k2102834,,failed,0,0,,no_usable_pages,known,,,bpt6k2102834: no usable pages in manifest.,2026-07-17T18:20:34.807443
lacroix,bpt6k210284h,,failed,0,0,,no_usable_pages,known,,,bpt6k210284h: no usable pages in manifest.,2026-07-17T18:20:35.027251
lacroix,bpt6k210285w,,failed,0,0,,no_usable_pages,known,,,bpt6k210285w: no usable pages in manifest.,2026-07-17T18:20:35.166934
lacroix,bpt6k2102868,,failed,0,0,,no_usable_pages,known,,,bpt6k2102868: no usable pages in manifest.,2026-07-17T18:20:35.330378
lacroix,bpt6k210287n,,failed,0,0,,no_usable_pages,known,,,bpt6k210287n: no usable pages in manifest.,2026-07-17T18:20:35.483691
lacroix,bpt6k2102881,,failed,0,0,,no_usable_pages,known,,,bpt6k2102881: no usable pages in manifest.,2026-07-17T18:20:35.636268
lacroix,bpt6k210289d,,failed,0,0,,no_usable_pages,known,,,bpt6k210289d: no usable pages in manifest.,2026-07-17T18:20:35.821581
lacroix,bpt6k210290b,,failed,0,0,,no_usable_pages,known,,,bpt6k210290b: no usable pages in manifest.,2026-07-17T18:20:36.065062
lacroix,bpt6k210291q,,failed,0,0,,no_usable_pages,known,,,bpt6k210291q: no usable pages in manifest.,2026-07-17T18:20:36.201473
lacroix,bpt6k2102923,,failed,0,0,,no_usable_pages,known,,,bpt6k2102923: no usable pages in manifest.,2026-07-17T18:20:36.374829
lacroix,bpt6k210293g,,failed,0,0,,no_usable_pages,known,,,bpt6k210293g: no usable pages in manifest.,2026-07-17T18:20:36.527173
lacroix,bpt6k210294v,,failed,0,0,,no_usable_pages,known,,,bpt6k210294v: no usable pages in manifest.,2026-07-17T18:20:36.696675
lacroix,bpt6k2102957,,failed,0,0,,no_usable_pages,known,,,bpt6k2102957: no usable pages in manifest.,2026-07-17T18:20:36.935814
lacroix,bpt6k210296m,,failed,0,0,,no_usable_pages,known,,,bpt6k210296m: no usable pages in manifest.,2026-07-17T18:20:37.165006
lacroix,bpt6k2102970,,failed,0,0,,no_usable_pages,known,,,bpt6k2102970: no usable pages in manifest.,2026-07-17T18:20:37.311414
lacroix,bpt6k210298c,,failed,0,0,,no_usable_pages,known,,,bpt6k210298c: no usable pages in manifest.,2026-07-17T18:20:37.472940
lacroix,bpt6k210299r,,failed,0,0,,no_usable_pages,known,,,bpt6k210299r: no usable pages in manifest.,2026-07-17T18:20:37.669733
lacroix,bpt6k210300j,,failed,0,0,,no_usable_pages,known,,,bpt6k210300j: no usable pages in manifest.,2026-07-17T18:20:37.952467
lacroix,bpt6k210301x,,failed,0,0,,no_usable_pages,known,,,bpt6k210301x: no usable pages in manifest.,2026-07-17T18:20:38.203541
lacroix,bpt6k2103029,,failed,0,0,,no_usable_pages,known,,,bpt6k2103029: no usable pages in manifest.,2026-07-17T18:20:38.365988
lacroix,bpt6k210303p,,failed,0,0,,no_usable_pages,known,,,bpt6k210303p: no usable pages in manifest.,2026-07-17T18:20:38.552480
lacroix,bpt6k2103042,,failed,0,0,,no_usable_pages,known,,,bpt6k2103042: no usable pages in manifest.,2026-07-17T18:20:38.733230
lacroix,bpt6k210305f,,failed,0,0,,no_usable_pages,known,,,bpt6k210305f: no usable pages in manifest.,2026-07-17T18:20:38.937205
lacroix,bpt6k210306t,,failed,0,0,,no_usable_pages,known,,,bpt6k210306t: no usable pages in manifest.,2026-07-17T18:20:39.131510
lacroix,bpt6k2103076,,failed,0,0,,no_usable_pages,known,,,bpt6k2103076: no usable pages in manifest.,2026-07-17T18:20:39.393249
lacroix,bpt6k210308k,,failed,0,0,,no_usable_pages,known,,,bpt6k210308k: no usable pages in manifest.,2026-07-17T18:20:39.529061
lacroix,bpt6k210309z,,failed,0,0,,no_usable_pages,known,,,bpt6k210309z: no usable pages in manifest.,2026-07-17T18:20:39.659703
lacroix,bpt6k210310w,,failed,0,0,,no_usable_pages,known,,,bpt6k210310w: no usable pages in manifest.,2026-07-17T18:20:39.821042
lacroix,bpt6k2103118,,failed,0,0,,no_usable_pages,known,,,bpt6k2103118: no usable pages in manifest.,2026-07-17T18:20:40.126030
lacroix,bpt6k210312n,,failed,0,0,,no_usable_pages,known,,,bpt6k210312n: no usable pages in manifest.,2026-07-17T18:20:40.293840
lacroix,bpt6k2103131,,failed,0,0,,no_usable_pages,known,,,bpt6k2103131: no usable pages in manifest.,2026-07-17T18:20:40.596630
lacroix,bpt6k210429z,,failed,0,0,,no_usable_pages,known,,,bpt6k210429z: no usable pages in manifest.,2026-07-17T18:20:40.766151
lacroix,bpt6k2105476,,failed,0,0,,no_usable_pages,known,,,bpt6k2105476: no usable pages in manifest.,2026-07-17T18:20:40.956570
lacroix,bpt6k210548k,,failed,0,0,,no_usable_pages,known,,,bpt6k210548k: no usable pages in manifest.,2026-07-17T18:20:41.167014
lacroix,bpt6k210549z,,failed,0,0,,no_usable_pages,known,,,bpt6k210549z: no usable pages in manifest.,2026-07-17T18:20:41.412890
lacroix,bpt6k210550w,,failed,0,0,,no_usable_pages,known,,,bpt6k210550w: no usable pages in manifest.,2026-07-17T18:20:41.674810
lacroix,bpt6k2105518,,failed,0,0,,no_usable_pages,known,,,bpt6k2105518: no usable pages in manifest.,2026-07-17T18:20:41.840753
lacroix,bpt6k210552n,,failed,0,0,,no_usable_pages,known,,,bpt6k210552n: no usable pages in manifest.,2026-07-17T18:20:41.987712
lacroix,bpt6k2105531,,failed,0,0,,no_usable_pages,known,,,bpt6k2105531: no usable pages in manifest.,2026-07-17T18:20:42.210194
lacroix,bpt6k210554d,,failed,0,0,,no_usable_pages,known,,,bpt6k210554d: no usable pages in manifest.,2026-07-17T18:20:42.351999
lacroix,bpt6k210555s,,failed,0,0,,no_usable_pages,known,,,bpt6k210555s: no usable pages in manifest.,2026-07-17T18:20:42.527185
lacroix,bpt6k2105565,,failed,0,0,,no_usable_pages,known,,,bpt6k2105565: no usable pages in manifest.,2026-07-17T18:20:42.795683
lacroix,bpt6k210557j,,failed,0,0,,no_usable_pages,known,,,bpt6k210557j: no usable pages in manifest.,2026-07-17T18:20:42.967447
lacroix,bpt6k210558x,,failed,0,0,,no_usable_pages,known,,,bpt6k210558x: no usable pages in manifest.,2026-07-17T18:20:43.153527
lacroix,bpt6k2105599,,failed,0,0,,no_usable_pages,known,,,bpt6k2105599: no usable pages in manifest.,2026-07-17T18:20:43.388289
lacroix,bpt6k2105607,,failed,0,0,,no_usable_pages,known,,,bpt6k2105607: no usable pages in manifest.,2026-07-17T18:20:43.572799
lacroix,bpt6k210561m,,failed,0,0,,no_usable_pages,known,,,bpt6k210561m: no usable pages in manifest.,2026-07-17T18:20:43.828958
lacroix,bpt6k2105620,,failed,0,0,,no_usable_pages,known,,,bpt6k2105620: no usable pages in manifest.,2026-07-17T18:20:43.985052
lacroix,bpt6k210563c,,failed,0,0,,no_usable_pages,known,,,bpt6k210563c: no usable pages in manifest.,2026-07-17T18:20:44.165416
lacroix,bpt6k210564r,,failed,0,0,,no_usable_pages,known,,,bpt6k210564r: no usable pages in manifest.,2026-07-17T18:20:44.356299
lacroix,bpt6k2105654,,failed,0,0,,no_usable_pages,known,,,bpt6k2105654: no usable pages in manifest.,2026-07-17T18:20:44.622317
lacroix,bpt6k210566h,,failed,0,0,,no_usable_pages,known,,,bpt6k210566h: no usable pages in manifest.,2026-07-17T18:20:44.858142
lacroix,bpt6k210567w,,failed,0,0,,no_usable_pages,known,,,bpt6k210567w: no usable pages in manifest.,2026-07-17T18:20:45.037556
lacroix,bpt6k2105688,,failed,0,0,,no_usable_pages,known,,,bpt6k2105688: no usable pages in manifest.,2026-07-17T18:20:45.284848
lacroix,bpt6k210569n,,failed,0,0,,no_usable_pages,known,,,bpt6k210569n: no usable pages in manifest.,2026-07-17T18:20:45.498074
lacroix,bpt6k210570k,,failed,0,0,,no_usable_pages,known,,,bpt6k210570k: no usable pages in manifest.,2026-07-17T18:20:45.680471
lacroix,bpt6k210571z,,failed,0,0,,no_usable_pages,known,,,bpt6k210571z: no usable pages in manifest.,2026-07-17T18:20:45.959491
lacroix,bpt6k210572b,,failed,0,0,,no_usable_pages,known,,,bpt6k210572b: no usable pages in manifest.,2026-07-17T18:20:46.181277
lacroix,bpt6k210573q,,failed,0,0,,no_usable_pages,known,,,bpt6k210573q: no usable pages in manifest.,2026-07-17T18:20:46.385310
lacroix,bpt6k2105743,,failed,0,0,,no_usable_pages,known,,,bpt6k2105743: no usable pages in manifest.,2026-07-17T18:20:46.569747
lacroix,bpt6k210575g,,failed,0,0,,no_usable_pages,known,,,bpt6k210575g: no usable pages in manifest.,2026-07-17T18:20:46.726681
lacroix,bpt6k210576v,,failed,0,0,,no_usable_pages,known,,,bpt6k210576v: no usable pages in manifest.,2026-07-17T18:20:46.921265
lacroix,bpt6k2105777,,failed,0,0,,no_usable_pages,known,,,bpt6k2105777: no usable pages in manifest.,2026-07-17T18:20:47.188890
lacroix,bpt6k210578m,,failed,0,0,,no_usable_pages,known,,,bpt6k210578m: no usable pages in manifest.,2026-07-17T18:20:47.369451
lacroix,bpt6k2105790,,failed,0,0,,no_usable_pages,known,,,bpt6k2105790: no usable pages in manifest.,2026-07-17T18:20:47.655803
lacroix,bpt6k210580x,,failed,0,0,,no_usable_pages,known,,,bpt6k210580x: no usable pages in manifest.,2026-07-17T18:20:47.811297
lacroix,bpt6k2105819,,failed,0,0,,no_usable_pages,known,,,bpt6k2105819: no usable pages in manifest.,2026-07-17T18:20:47.935501
lacroix,bpt6k210582p,,failed,0,0,,no_usable_pages,known,,,bpt6k210582p: no usable pages in manifest.,2026-07-17T18:20:48.197391
lacroix,bpt6k2105832,,failed,0,0,,no_usable_pages,known,,,bpt6k2105832: no usable pages in manifest.,2026-07-17T18:20:48.357124
lacroix,bpt6k210584f,,failed,0,0,,no_usable_pages,known,,,bpt6k210584f: no usable pages in manifest.,2026-07-17T18:20:48.573567
lacroix,bpt6k210585t,,failed,0,0,,no_usable_pages,known,,,bpt6k210585t: no usable pages in manifest.,2026-07-17T18:20:48.929660
lacroix,bpt6k2105866,,failed,0,0,,no_usable_pages,known,,,bpt6k2105866: no usable pages in manifest.,2026-07-17T18:20:49.275734
lacroix,bpt6k210587k,,failed,0,0,,no_usable_pages,known,,,bpt6k210587k: no usable pages in manifest.,2026-07-17T18:20:49.458742
lacroix,bpt6k210588z,,failed,0,0,,no_usable_pages,known,,,bpt6k210588z: no usable pages in manifest.,2026-07-17T18:20:49.710153
lacroix,bpt6k210589b,,failed,0,0,,no_usable_pages,known,,,bpt6k210589b: no usable pages in manifest.,2026-07-17T18:20:49.942422
lacroix,bpt6k2105908,,failed,0,0,,no_usable_pages,known,,,bpt6k2105908: no usable pages in manifest.,2026-07-17T18:20:50.135017
lacroix,bpt6k210591n,,failed,0,0,,no_usable_pages,known,,,bpt6k210591n: no usable pages in manifest.,2026-07-17T18:20:50.320420
lacroix,bpt6k2105921,,failed,0,0,,no_usable_pages,known,,,bpt6k2105921: no usable pages in manifest.,2026-07-17T18:20:50.504909
lacroix,bpt6k210593d,,failed,0,0,,no_usable_pages,known,,,bpt6k210593d: no usable pages in manifest.,2026-07-17T18:20:50.701582
lacroix,bpt6k210594s,,failed,0,0,,no_usable_pages,known,,,bpt6k210594s: no usable pages in manifest.,2026-07-17T18:20:50.957053
lacroix,bpt6k2105955,,failed,0,0,,no_usable_pages,known,,,bpt6k2105955: no usable pages in manifest.,2026-07-17T18:20:51.146074
lacroix,bpt6k210596j,,failed,0,0,,no_usable_pages,known,,,bpt6k210596j: no usable pages in manifest.,2026-07-17T18:20:51.450585
lacroix,bpt6k210597x,,failed,0,0,,no_usable_pages,known,,,bpt6k210597x: no usable pages in manifest.,2026-07-17T18:20:51.663329
lacroix,bpt6k2105989,,failed,0,0,,no_usable_pages,known,,,bpt6k2105989: no usable pages in manifest.,2026-07-17T18:20:51.827702
lacroix,bpt6k210599p,,failed,0,0,,no_usable_pages,known,,,bpt6k210599p: no usable pages in manifest.,2026-07-17T18:20:52.006713
lacroix,bpt6k210600g,,failed,0,0,,no_usable_pages,known,,,bpt6k210600g: no usable pages in manifest.,2026-07-17T18:20:52.197837
lacroix,bpt6k210601v,,failed,0,0,,no_usable_pages,known,,,bpt6k210601v: no usable pages in manifest.,2026-07-17T18:20:52.396488
lacroix,bpt6k2106027,,failed,0,0,,no_usable_pages,known,,,bpt6k2106027: no usable pages in manifest.,2026-07-17T18:20:52.564013
lacroix,bpt6k210603m,,failed,0,0,,no_usable_pages,known,,,bpt6k210603m: no usable pages in manifest.,2026-07-17T18:20:52.705463
lacroix,bpt6k2106040,,failed,0,0,,no_usable_pages,known,,,bpt6k2106040: no usable pages in manifest.,2026-07-17T18:20:52.850027
lacroix,bpt6k210605c,,failed,0,0,,no_usable_pages,known,,,bpt6k210605c: no usable pages in manifest.,2026-07-17T18:20:53.019598
lacroix,bpt6k210606r,,failed,0,0,,no_usable_pages,known,,,bpt6k210606r: no usable pages in manifest.,2026-07-17T18:20:53.174967
lacroix,bpt6k2106074,,failed,0,0,,no_usable_pages,known,,,bpt6k2106074: no usable pages in manifest.,2026-07-17T18:20:53.375419
lacroix,bpt6k210608h,,failed,0,0,,no_usable_pages,known,,,bpt6k210608h: no usable pages in manifest.,2026-07-17T18:20:53.649473
lacroix,bpt6k210609w,,failed,0,0,,no_usable_pages,known,,,bpt6k210609w: no usable pages in manifest.,2026-07-17T18:20:53.772814
lacroix,bpt6k210610t,,failed,0,0,,no_usable_pages,known,,,bpt6k210610t: no usable pages in manifest.,2026-07-17T18:20:53.942514
lacroix,bpt6k2106116,,failed,0,0,,no_usable_pages,known,,,bpt6k2106116: no usable pages in manifest.,2026-07-17T18:20:54.167483
lacroix,bpt6k210612k,,failed,0,0,,no_usable_pages,known,,,bpt6k210612k: no usable pages in manifest.,2026-07-17T18:20:54.334539
lacroix,bpt6k210613z,,failed,0,0,,no_usable_pages,known,,,bpt6k210613z: no usable pages in manifest.,2026-07-17T18:20:54.493856
lacroix,bpt6k210614b,,failed,0,0,,no_usable_pages,known,,,bpt6k210614b: no usable pages in manifest.,2026-07-17T18:20:54.769589
lacroix,bpt6k210615q,,failed,0,0,,no_usable_pages,known,,,bpt6k210615q: no usable pages in manifest.,2026-07-17T18:20:54.973540
lacroix,bpt6k2106163,,failed,0,0,,no_usable_pages,known,,,bpt6k2106163: no usable pages in manifest.,2026-07-17T18:20:55.274830
lacroix,bpt6k210617g,,failed,0,0,,no_usable_pages,known,,,bpt6k210617g: no usable pages in manifest.,2026-07-17T18:20:55.504349
lacroix,bpt6k210618v,,failed,0,0,,no_usable_pages,known,,,bpt6k210618v: no usable pages in manifest.,2026-07-17T18:20:55.800426
lacroix,bpt6k2116998,,failed,0,0,,no_usable_pages,known,,,bpt6k2116998: no usable pages in manifest.,2026-07-17T18:20:56.008569
lacroix,bpt6k2117002,,failed,0,0,,no_usable_pages,known,,,bpt6k2117002: no usable pages in manifest.,2026-07-17T18:20:56.183477
lacroix,bpt6k211701f,,failed,0,0,,no_usable_pages,known,,,bpt6k211701f: no usable pages in manifest.,2026-07-17T18:20:56.430152
lacroix,bpt6k211707q,,failed,0,0,,no_usable_pages,known,,,bpt6k211707q: no usable pages in manifest.,2026-07-17T18:20:56.581477
lacroix,bpt6k211710d,,failed,0,0,,no_usable_pages,known,,,bpt6k211710d: no usable pages in manifest.,2026-07-17T18:20:56.839173
lacroix,bpt6k2117350,,failed,0,0,,no_usable_pages,known,,,bpt6k2117350: no usable pages in manifest.,2026-07-17T18:20:56.987947
lacroix,bpt6k212037v,,failed,0,0,,no_usable_pages,known,,,bpt6k212037v: no usable pages in manifest.,2026-07-17T18:20:57.170830
lacroix,bpt6k2122706,,failed,0,0,,no_usable_pages,known,,,bpt6k2122706: no usable pages in manifest.,2026-07-17T18:20:57.544478
lacroix,bpt6k212288k,,failed,0,0,,no_usable_pages,known,,,bpt6k212288k: no usable pages in manifest.,2026-07-17T18:20:57.777017
lacroix,bpt6k256800q,,failed,0,0,,no_usable_pages,known,,,bpt6k256800q: no usable pages in manifest.,2026-07-17T18:20:58.055114
lacroix,bpt6k2568013,,failed,0,0,,no_usable_pages,known,,,bpt6k2568013: no usable pages in manifest.,2026-07-17T18:20:58.267474
lacroix,bpt6k256802g,,failed,0,0,,no_usable_pages,known,,,bpt6k256802g: no usable pages in manifest.,2026-07-17T18:20:58.555662
lacroix,bpt6k256803v,,failed,0,0,,no_usable_pages,known,,,bpt6k256803v: no usable pages in manifest.,2026-07-17T18:20:58.749805
lacroix,bpt6k2568047,,failed,0,0,,no_usable_pages,known,,,bpt6k2568047: no usable pages in manifest.,2026-07-17T18:20:58.886041
lacroix,bpt6k256805m,,failed,0,0,,no_usable_pages,known,,,bpt6k256805m: no usable pages in manifest.,2026-07-17T18:20:59.193849
lacroix,bpt6k2568060,,failed,0,0,,no_usable_pages,known,,,bpt6k2568060: no usable pages in manifest.,2026-07-17T18:20:59.360468
lacroix,bpt6k256807c,,failed,0,0,,no_usable_pages,known,,,bpt6k256807c: no usable pages in manifest.,2026-07-17T18:20:59.506843
lacroix,bpt6k256808r,,failed,0,0,,no_usable_pages,known,,,bpt6k256808r: no usable pages in manifest.,2026-07-17T18:20:59.669935
lacroix,bpt6k2568094,,failed,0,0,,no_usable_pages,known,,,bpt6k2568094: no usable pages in manifest.,2026-07-17T18:20:59.877081
lacroix,bpt6k2568102,,failed,0,0,,no_usable_pages,known,,,bpt6k2568102: no usable pages in manifest.,2026-07-17T18:21:00.096697
lacroix,bpt6k256811f,,failed,0,0,,no_usable_pages,known,,,bpt6k256811f: no usable pages in manifest.,2026-07-17T18:21:00.236961
lacroix,bpt6k256812t,,failed,0,0,,no_usable_pages,known,,,bpt6k256812t: no usable pages in manifest.,2026-07-17T18:21:00.505234
lacroix,bpt6k2568136,,failed,0,0,,no_usable_pages,known,,,bpt6k2568136: no usable pages in manifest.,2026-07-17T18:21:00.904198
lacroix,bpt6k256814k,,failed,0,0,,no_usable_pages,known,,,bpt6k256814k: no usable pages in manifest.,2026-07-17T18:21:01.170388
lacroix,bpt6k256815z,,failed,0,0,,no_usable_pages,known,,,bpt6k256815z: no usable pages in manifest.,2026-07-17T18:21:01.355979
lacroix,bpt6k256816b,,failed,0,0,,no_usable_pages,known,,,bpt6k256816b: no usable pages in manifest.,2026-07-17T18:21:01.504438
lacroix,bpt6k256817q,,failed,0,0,,no_usable_pages,known,,,bpt6k256817q: no usable pages in manifest.,2026-07-17T18:21:01.641395
lacroix,bpt6k2568183,,failed,0,0,,no_usable_pages,known,,,bpt6k2568183: no usable pages in manifest.,2026-07-17T18:21:01.814812
lacroix,bpt6k256819g,,failed,0,0,,no_usable_pages,known,,,bpt6k256819g: no usable pages in manifest.,2026-07-17T18:21:02.079551
lacroix,bpt6k256820d,,failed,0,0,,no_usable_pages,known,,,bpt6k256820d: no usable pages in manifest.,2026-07-17T18:21:02.308863
lacroix,bpt6k256821s,,failed,0,0,,no_usable_pages,known,,,bpt6k256821s: no usable pages in manifest.,2026-07-17T18:21:02.487456
lacroix,bpt6k2568225,,failed,0,0,,no_usable_pages,known,,,bpt6k2568225: no usable pages in manifest.,2026-07-17T18:21:02.653976
lacroix,bpt6k256823j,,failed,0,0,,no_usable_pages,known,,,bpt6k256823j: no usable pages in manifest.,2026-07-17T18:21:02.825033
lacroix,bpt6k256824x,,failed,0,0,,no_usable_pages,known,,,bpt6k256824x: no usable pages in manifest.,2026-07-17T18:21:03.078562
lacroix,bpt6k2568259,,failed,0,0,,no_usable_pages,known,,,bpt6k2568259: no usable pages in manifest.,2026-07-17T18:21:03.419604
lacroix,bpt6k256826p,,failed,0,0,,no_usable_pages,known,,,bpt6k256826p: no usable pages in manifest.,2026-07-17T18:21:03.639612
lacroix,bpt6k2568272,,failed,0,0,,no_usable_pages,known,,,bpt6k2568272: no usable pages in manifest.,2026-07-17T18:21:03.779920
lacroix,bpt6k256828f,,failed,0,0,,no_usable_pages,known,,,bpt6k256828f: no usable pages in manifest.,2026-07-17T18:21:03.920641
lacroix,bpt6k256829t,,failed,0,0,,no_usable_pages,known,,,bpt6k256829t: no usable pages in manifest.,2026-07-17T18:21:04.068489
lacroix,bpt6k256830r,,failed,0,0,,no_usable_pages,known,,,bpt6k256830r: no usable pages in manifest.,2026-07-17T18:21:04.185874
lacroix,bpt6k2568314,,failed,0,0,,no_usable_pages,known,,,bpt6k2568314: no usable pages in manifest.,2026-07-17T18:21:04.463917
lacroix,bpt6k256832h,,failed,0,0,,no_usable_pages,known,,,bpt6k256832h: no usable pages in manifest.,2026-07-17T18:21:04.651319
lacroix,bpt6k256833w,,failed,0,0,,no_usable_pages,known,,,bpt6k256833w: no usable pages in manifest.,2026-07-17T18:21:04.842953
lacroix,bpt6k2568348,,failed,0,0,,no_usable_pages,known,,,bpt6k2568348: no usable pages in manifest.,2026-07-17T18:21:05.008561
lacroix,bpt6k256835n,,failed,0,0,,no_usable_pages,known,,,bpt6k256835n: no usable pages in manifest.,2026-07-17T18:21:05.179948
lacroix,bpt6k2568361,,failed,0,0,,no_usable_pages,known,,,bpt6k2568361: no usable pages in manifest.,2026-07-17T18:21:05.336736
lacroix,bpt6k256837d,,failed,0,0,,no_usable_pages,known,,,bpt6k256837d: no usable pages in manifest.,2026-07-17T18:21:05.731178
lacroix,bpt6k256838s,,failed,0,0,,no_usable_pages,known,,,bpt6k256838s: no usable pages in manifest.,2026-07-17T18:21:05.994393
lacroix,bpt6k2568395,,failed,0,0,,no_usable_pages,known,,,bpt6k2568395: no usable pages in manifest.,2026-07-17T18:21:06.206671
lacroix,bpt6k2568403,,failed,0,0,,no_usable_pages,known,,,bpt6k2568403: no usable pages in manifest.,2026-07-17T18:21:06.378184
lacroix,bpt6k256841g,,failed,0,0,,no_usable_pages,known,,,bpt6k256841g: no usable pages in manifest.,2026-07-17T18:21:06.671949
lacroix,bpt6k256842v,,failed,0,0,,no_usable_pages,known,,,bpt6k256842v: no usable pages in manifest.,2026-07-17T18:21:06.798490
lacroix,bpt6k2568437,,failed,0,0,,no_usable_pages,known,,,bpt6k2568437: no usable pages in manifest.,2026-07-17T18:21:06.971430
lacroix,bpt6k256844m,,failed,0,0,,no_usable_pages,known,,,bpt6k256844m: no usable pages in manifest.,2026-07-17T18:21:07.203926
lacroix,bpt6k2568450,,failed,0,0,,no_usable_pages,known,,,bpt6k2568450: no usable pages in manifest.,2026-07-17T18:21:07.362000
lacroix,bpt6k256846c,,failed,0,0,,no_usable_pages,known,,,bpt6k256846c: no usable pages in manifest.,2026-07-17T18:21:07.572457
lacroix,bpt6k256847r,,failed,0,0,,no_usable_pages,known,,,bpt6k256847r: no usable pages in manifest.,2026-07-17T18:21:07.862957
lacroix,bpt6k2568484,,failed,0,0,,no_usable_pages,known,,,bpt6k2568484: no usable pages in manifest.,2026-07-17T18:21:08.065141
lacroix,bpt6k414256r,,failed,0,0,,no_usable_pages,known,,,bpt6k414256r: no usable pages in manifest.,2026-07-17T18:21:08.332310
lacroix,bpt6k4142574,,failed,0,0,,no_usable_pages,known,,,bpt6k4142574: no usable pages in manifest.,2026-07-17T18:21:08.584822
lacroix,bpt6k414258h,,failed,0,0,,no_usable_pages,known,,,bpt6k414258h: no usable pages in manifest.,2026-07-17T18:21:08.960089
lacroix,bpt6k414259w,,failed,0,0,,no_usable_pages,known,,,bpt6k414259w: no usable pages in manifest.,2026-07-17T18:21:09.145366
lacroix,bpt6k414260t,,failed,0,0,,no_usable_pages,known,,,bpt6k414260t: no usable pages in manifest.,2026-07-17T18:21:09.347816
lacroix,bpt6k4142616,,failed,0,0,,no_usable_pages,known,,,bpt6k4142616: no usable pages in manifest.,2026-07-17T18:21:09.527459
lacroix,bpt6k414262k,,failed,0,0,,no_usable_pages,known,,,bpt6k414262k: no usable pages in manifest.,2026-07-17T18:21:09.747662
lacroix,bpt6k414263z,,failed,0,0,,no_usable_pages,known,,,bpt6k414263z: no usable pages in manifest.,2026-07-17T18:21:10.042350
lacroix,bpt6k414264b,,failed,0,0,,no_usable_pages,known,,,bpt6k414264b: no usable pages in manifest.,2026-07-17T18:21:10.192938
lacroix,bpt6k414265q,,failed,0,0,,no_usable_pages,known,,,bpt6k414265q: no usable pages in manifest.,2026-07-17T18:21:10.361594
lacroix,bpt6k4142663,,failed,0,0,,no_usable_pages,known,,,bpt6k4142663: no usable pages in manifest.,2026-07-17T18:21:10.620126
lacroix,bpt6k414267g,,failed,0,0,,no_usable_pages,known,,,bpt6k414267g: no usable pages in manifest.,2026-07-17T18:21:10.872438
lacroix,bpt6k414268v,,failed,0,0,,no_usable_pages,known,,,bpt6k414268v: no usable pages in manifest.,2026-07-17T18:21:11.174423
lacroix,bpt6k4142697,,failed,0,0,,no_usable_pages,known,,,bpt6k4142697: no usable pages in manifest.,2026-07-17T18:21:11.380389
lacroix,bpt6k4142705,,failed,0,0,,no_usable_pages,known,,,bpt6k4142705: no usable pages in manifest.,2026-07-17T18:21:11.653140
lacroix,bpt6k414271j,,failed,0,0,,no_usable_pages,known,,,bpt6k414271j: no usable pages in manifest.,2026-07-17T18:21:11.834375
lacroix,bpt6k414272x,,failed,0,0,,no_usable_pages,known,,,bpt6k414272x: no usable pages in manifest.,2026-07-17T18:21:12.152311
lacroix,bpt6k4142739,,failed,0,0,,no_usable_pages,known,,,bpt6k4142739: no usable pages in manifest.,2026-07-17T18:21:12.465068
lacroix,bpt6k414274p,,failed,0,0,,no_usable_pages,known,,,bpt6k414274p: no usable pages in manifest.,2026-07-17T18:21:12.718703
lacroix,bpt6k4142752,,failed,0,0,,no_usable_pages,known,,,bpt6k4142752: no usable pages in manifest.,2026-07-17T18:21:12.889713
lacroix,bpt6k414276f,,failed,0,0,,no_usable_pages,known,,,bpt6k414276f: no usable pages in manifest.,2026-07-17T18:21:13.044558
lacroix,bpt6k414277t,,failed,0,0,,no_usable_pages,known,,,bpt6k414277t: no usable pages in manifest.,2026-07-17T18:21:13.167503
lacroix,bpt6k4142786,,failed,0,0,,no_usable_pages,known,,,bpt6k4142786: no usable pages in manifest.,2026-07-17T18:21:13.439506
lacroix,bpt6k414279k,,failed,0,0,,no_usable_pages,known,,,bpt6k414279k: no usable pages in manifest.,2026-07-17T18:21:13.640220
lacroix,bpt6k414280h,,failed,0,0,,no_usable_pages,known,,,bpt6k414280h: no usable pages in manifest.,2026-07-17T18:21:13.834042
lacroix,bpt6k414281w,,failed,0,0,,no_usable_pages,known,,,bpt6k414281w: no usable pages in manifest.,2026-07-17T18:21:13.980741
lacroix,bpt6k4142828,,failed,0,0,,no_usable_pages,known,,,bpt6k4142828: no usable pages in manifest.,2026-07-17T18:21:14.199505
lacroix,bpt6k414283n,,failed,0,0,,no_usable_pages,known,,,bpt6k414283n: no usable pages in manifest.,2026-07-17T18:21:14.603295
lacroix,bpt6k4142841,,failed,0,0,,no_usable_pages,known,,,bpt6k4142841: no usable pages in manifest.,2026-07-17T18:21:14.842112
lacroix,bpt6k414285d,,failed,0,0,,no_usable_pages,known,,,bpt6k414285d: no usable pages in manifest.,2026-07-17T18:21:15.138124
lacroix,bpt6k414286s,,failed,0,0,,no_usable_pages,known,,,bpt6k414286s: no usable pages in manifest.,2026-07-17T18:21:15.345920
lacroix,bpt6k4142875,,failed,0,0,,no_usable_pages,known,,,bpt6k4142875: no usable pages in manifest.,2026-07-17T18:21:15.662312
lacroix,bpt6k414288j,,failed,0,0,,no_usable_pages,known,,,bpt6k414288j: no usable pages in manifest.,2026-07-17T18:21:15.908191
lacroix,bpt6k414289x,,failed,0,0,,no_usable_pages,known,,,bpt6k414289x: no usable pages in manifest.,2026-07-17T18:21:16.064952
lacroix,bpt6k414290v,,failed,0,0,,no_usable_pages,known,,,bpt6k414290v: no usable pages in manifest.,2026-07-17T18:21:16.196602
lacroix,bpt6k4142917,,failed,0,0,,no_usable_pages,known,,,bpt6k4142917: no usable pages in manifest.,2026-07-17T18:21:16.322181
lacroix,bpt6k414292m,,failed,0,0,,no_usable_pages,known,,,bpt6k414292m: no usable pages in manifest.,2026-07-17T18:21:16.502947
lacroix,bpt6k4142930,,failed,0,0,,no_usable_pages,known,,,bpt6k4142930: no usable pages in manifest.,2026-07-17T18:21:16.870573
lacroix,bpt6k414294c,,failed,0,0,,no_usable_pages,known,,,bpt6k414294c: no usable pages in manifest.,2026-07-17T18:21:17.032327
lacroix,bpt6k414295r,,failed,0,0,,no_usable_pages,known,,,bpt6k414295r: no usable pages in manifest.,2026-07-17T18:21:17.232279
lacroix,bpt6k4142964,,failed,0,0,,no_usable_pages,known,,,bpt6k4142964: no usable pages in manifest.,2026-07-17T18:21:17.455826
lacroix,bpt6k414297h,,failed,0,0,,no_usable_pages,known,,,bpt6k414297h: no usable pages in manifest.,2026-07-17T18:21:17.634444
lacroix,bpt6k414298w,,failed,0,0,,no_usable_pages,known,,,bpt6k414298w: no usable pages in manifest.,2026-07-17T18:21:17.940395
lacroix,bpt6k4142998,,failed,0,0,,no_usable_pages,known,,,bpt6k4142998: no usable pages in manifest.,2026-07-17T18:21:18.148666
lacroix,bpt6k4143002,,failed,0,0,,no_usable_pages,known,,,bpt6k4143002: no usable pages in manifest.,2026-07-17T18:21:18.370084
lacroix,bpt6k414301f,,failed,0,0,,no_usable_pages,known,,,bpt6k414301f: no usable pages in manifest.,2026-07-17T18:21:18.562842
lacroix,bpt6k414302t,,failed,0,0,,no_usable_pages,known,,,bpt6k414302t: no usable pages in manifest.,2026-07-17T18:21:18.733215
lacroix,bpt6k4143036,,failed,0,0,,no_usable_pages,known,,,bpt6k4143036: no usable pages in manifest.,2026-07-17T18:21:19.081092
lacroix,bpt6k414304k,,failed,0,0,,no_usable_pages,known,,,bpt6k414304k: no usable pages in manifest.,2026-07-17T18:21:19.263399
lacroix,bpt6k414305z,,failed,0,0,,no_usable_pages,known,,,bpt6k414305z: no usable pages in manifest.,2026-07-17T18:21:19.472144
lacroix,bpt6k414306b,,failed,0,0,,no_usable_pages,known,,,bpt6k414306b: no usable pages in manifest.,2026-07-17T18:21:19.662013
lacroix,bpt6k414307q,,failed,0,0,,no_usable_pages,known,,,bpt6k414307q: no usable pages in manifest.,2026-07-17T18:21:19.888432
lacroix,bpt6k4143083,,failed,0,0,,no_usable_pages,known,,,bpt6k4143083: no usable pages in manifest.,2026-07-17T18:21:20.195540
lacroix,bpt6k414309g,,failed,0,0,,no_usable_pages,known,,,bpt6k414309g: no usable pages in manifest.,2026-07-17T18:21:20.351904
lacroix,bpt6k414310d,,failed,0,0,,no_usable_pages,known,,,bpt6k414310d: no usable pages in manifest.,2026-07-17T18:21:20.593054
lacroix,bpt6k414313j,,failed,0,0,,no_usable_pages,known,,,bpt6k414313j: no usable pages in manifest.,2026-07-17T18:21:20.843660
lacroix,bpt6k414314x,,failed,0,0,,no_usable_pages,known,,,bpt6k414314x: no usable pages in manifest.,2026-07-17T18:21:21.063398
lacroix,bpt6k414316p,,failed,0,0,,no_usable_pages,known,,,bpt6k414316p: no usable pages in manifest.,2026-07-17T18:21:21.377949
lacroix,bpt6k4143172,,failed,0,0,,no_usable_pages,known,,,bpt6k4143172: no usable pages in manifest.,2026-07-17T18:21:21.606161
lacroix,bpt6k414318f,,failed,0,0,,no_usable_pages,known,,,bpt6k414318f: no usable pages in manifest.,2026-07-17T18:21:21.791368
lacroix,bpt6k414319t,,failed,0,0,,no_usable_pages,known,,,bpt6k414319t: no usable pages in manifest.,2026-07-17T18:21:21.947246
lacroix,bpt6k414320r,,failed,0,0,,no_usable_pages,known,,,bpt6k414320r: no usable pages in manifest.,2026-07-17T18:21:22.165504
lacroix,bpt6k4143214,,failed,0,0,,no_usable_pages,known,,,bpt6k4143214: no usable pages in manifest.,2026-07-17T18:21:22.480936
lacroix,bpt6k414322h,,failed,0,0,,no_usable_pages,known,,,bpt6k414322h: no usable pages in manifest.,2026-07-17T18:21:22.624889
lacroix,bpt6k414323w,,failed,0,0,,no_usable_pages,known,,,bpt6k414323w: no usable pages in manifest.,2026-07-17T18:21:22.812638
lacroix,bpt6k4143248,,failed,0,0,,no_usable_pages,known,,,bpt6k4143248: no usable pages in manifest.,2026-07-17T18:21:22.961191
lacroix,bpt6k414325n,,failed,0,0,,no_usable_pages,known,,,bpt6k414325n: no usable pages in manifest.,2026-07-17T18:21:23.128851
lacroix,bpt6k4143261,,failed,0,0,,no_usable_pages,known,,,bpt6k4143261: no usable pages in manifest.,2026-07-17T18:21:23.284194
lacroix,bpt6k414327d,,failed,0,0,,no_usable_pages,known,,,bpt6k414327d: no usable pages in manifest.,2026-07-17T18:21:23.595616
lacroix,bpt6k414328s,,failed,0,0,,no_usable_pages,known,,,bpt6k414328s: no usable pages in manifest.,2026-07-17T18:21:23.774864
lacroix,bpt6k4143295,,failed,0,0,,no_usable_pages,known,,,bpt6k4143295: no usable pages in manifest.,2026-07-17T18:21:23.934292
lacroix,bpt6k4143303,,failed,0,0,,no_usable_pages,known,,,bpt6k4143303: no usable pages in manifest.,2026-07-17T18:21:24.116655
lacroix,bpt6k414331g,,failed,0,0,,no_usable_pages,known,,,bpt6k414331g: no usable pages in manifest.,2026-07-17T18:21:24.303294
lacroix,bpt6k414332v,,failed,0,0,,no_usable_pages,known,,,bpt6k414332v: no usable pages in manifest.,2026-07-17T18:21:24.761847
lacroix,bpt6k4143337,,failed,0,0,,no_usable_pages,known,,,bpt6k4143337: no usable pages in manifest.,2026-07-17T18:21:24.976844
lacroix,bpt6k414334m,,failed,0,0,,no_usable_pages,known,,,bpt6k414334m: no usable pages in manifest.,2026-07-17T18:21:25.193138
lacroix,bpt6k4143350,,failed,0,0,,no_usable_pages,known,,,bpt6k4143350: no usable pages in manifest.,2026-07-17T18:21:25.359335
lacroix,bpt6k414336c,,failed,0,0,,no_usable_pages,known,,,bpt6k414336c: no usable pages in manifest.,2026-07-17T18:21:25.588186
lacroix,bpt6k414337r,,failed,0,0,,no_usable_pages,known,,,bpt6k414337r: no usable pages in manifest.,2026-07-17T18:21:25.938936
lacroix,bpt6k4433253,,failed,0,0,,no_usable_pages,known,,,bpt6k4433253: no usable pages in manifest.,2026-07-17T18:21:26.172115
lacroix,bpt6k443330j,,failed,0,0,,no_usable_pages,known,,,bpt6k443330j: no usable pages in manifest.,2026-07-17T18:21:26.367592
lacroix,bpt6k4433329,,failed,0,0,,no_usable_pages,known,,,bpt6k4433329: no usable pages in manifest.,2026-07-17T18:21:26.551638
lacroix,bpt6k443344d,,failed,0,0,,no_usable_pages,known,,,bpt6k443344d: no usable pages in manifest.,2026-07-17T18:21:26.707316
lacroix,bpt6k443609v,,failed,0,0,,no_usable_pages,known,,,bpt6k443609v: no usable pages in manifest.,2026-07-17T18:21:27.003526
lacroix,bpt6k443610s,,failed,0,0,,no_usable_pages,known,,,bpt6k443610s: no usable pages in manifest.,2026-07-17T18:21:27.180911
lacroix,bpt6k4436115,,failed,0,0,,no_usable_pages,known,,,bpt6k4436115: no usable pages in manifest.,2026-07-17T18:21:27.386753
lacroix,bpt6k443612j,,failed,0,0,,no_usable_pages,known,,,bpt6k443612j: no usable pages in manifest.,2026-07-17T18:21:27.556288
lacroix,bpt6k443613x,,failed,0,0,,no_usable_pages,known,,,bpt6k443613x: no usable pages in manifest.,2026-07-17T18:21:27.795131
lacroix,bpt6k4436149,,failed,0,0,,no_usable_pages,known,,,bpt6k4436149: no usable pages in manifest.,2026-07-17T18:21:28.113580
lacroix,bpt6k443615p,,failed,0,0,,no_usable_pages,known,,,bpt6k443615p: no usable pages in manifest.,2026-07-17T18:21:28.295087
lacroix,bpt6k4436162,,failed,0,0,,no_usable_pages,known,,,bpt6k4436162: no usable pages in manifest.,2026-07-17T18:21:28.548620
lacroix,bpt6k443617f,,failed,0,0,,no_usable_pages,known,,,bpt6k443617f: no usable pages in manifest.,2026-07-17T18:21:28.745517
lacroix,bpt6k443618t,,failed,0,0,,no_usable_pages,known,,,bpt6k443618t: no usable pages in manifest.,2026-07-17T18:21:28.979233
lacroix,bpt6k4436196,,failed,0,0,,no_usable_pages,known,,,bpt6k4436196: no usable pages in manifest.,2026-07-17T18:21:29.254389
lacroix,bpt6k4436204,,failed,0,0,,no_usable_pages,known,,,bpt6k4436204: no usable pages in manifest.,2026-07-17T18:21:29.475267
lacroix,bpt6k443626d,,failed,0,0,,no_usable_pages,known,,,bpt6k443626d: no usable pages in manifest.,2026-07-17T18:21:29.638482
lacroix,bpt6k443627s,,failed,0,0,,no_usable_pages,known,,,bpt6k443627s: no usable pages in manifest.,2026-07-17T18:21:29.804912
lacroix,bpt6k4436285,,failed,0,0,,no_usable_pages,known,,,bpt6k4436285: no usable pages in manifest.,2026-07-17T18:21:30.004562
lacroix,bpt6k443629j,,failed,0,0,,no_usable_pages,known,,,bpt6k443629j: no usable pages in manifest.,2026-07-17T18:21:30.351124
lacroix,bpt6k443630g,,failed,0,0,,no_usable_pages,known,,,bpt6k443630g: no usable pages in manifest.,2026-07-17T18:21:30.549660
lacroix,bpt6k443631v,,failed,0,0,,no_usable_pages,known,,,bpt6k443631v: no usable pages in manifest.,2026-07-17T18:21:30.827348
lacroix,bpt6k4436327,,failed,0,0,,no_usable_pages,known,,,bpt6k4436327: no usable pages in manifest.,2026-07-17T18:21:31.061767
lacroix,bpt6k443633m,,failed,0,0,,no_usable_pages,known,,,bpt6k443633m: no usable pages in manifest.,2026-07-17T18:21:31.438310
lacroix,bpt6k4436340,,failed,0,0,,no_usable_pages,known,,,bpt6k4436340: no usable pages in manifest.,2026-07-17T18:21:31.641027
lacroix,bpt6k443635c,,failed,0,0,,no_usable_pages,known,,,bpt6k443635c: no usable pages in manifest.,2026-07-17T18:21:31.777364
lacroix,bpt6k443636r,,failed,0,0,,no_usable_pages,known,,,bpt6k443636r: no usable pages in manifest.,2026-07-17T18:21:31.976174
lacroix,bpt6k4436374,,failed,0,0,,no_usable_pages,known,,,bpt6k4436374: no usable pages in manifest.,2026-07-17T18:21:32.132924
lacroix,bpt6k443638h,,failed,0,0,,no_usable_pages,known,,,bpt6k443638h: no usable pages in manifest.,2026-07-17T18:21:32.348707
lacroix,bpt6k443639w,,failed,0,0,,no_usable_pages,known,,,bpt6k443639w: no usable pages in manifest.,2026-07-17T18:21:32.623089
lacroix,bpt6k443640t,,failed,0,0,,no_usable_pages,known,,,bpt6k443640t: no usable pages in manifest.,2026-07-17T18:21:32.787129
lacroix,bpt6k4436416,,failed,0,0,,no_usable_pages,known,,,bpt6k4436416: no usable pages in manifest.,2026-07-17T18:21:32.922485
lacroix,bpt6k443642k,,failed,0,0,,no_usable_pages,known,,,bpt6k443642k: no usable pages in manifest.,2026-07-17T18:21:33.065471
lacroix,bpt6k443643z,,failed,0,0,,no_usable_pages,known,,,bpt6k443643z: no usable pages in manifest.,2026-07-17T18:21:33.224496
lacroix,bpt6k443644b,,failed,0,0,,no_usable_pages,known,,,bpt6k443644b: no usable pages in manifest.,2026-07-17T18:21:33.416108
lacroix,bpt6k443645q,,failed,0,0,,no_usable_pages,known,,,bpt6k443645q: no usable pages in manifest.,2026-07-17T18:21:33.708872
lacroix,bpt6k4436463,,failed,0,0,,no_usable_pages,known,,,bpt6k4436463: no usable pages in manifest.,2026-07-17T18:21:33.893272
lacroix,bpt6k443647g,,failed,0,0,,no_usable_pages,known,,,bpt6k443647g: no usable pages in manifest.,2026-07-17T18:21:34.042522
lacroix,bpt6k443648v,,failed,0,0,,no_usable_pages,known,,,bpt6k443648v: no usable pages in manifest.,2026-07-17T18:21:34.217149
lacroix,bpt6k4436497,,failed,0,0,,no_usable_pages,known,,,bpt6k4436497: no usable pages in manifest.,2026-07-17T18:21:34.357839
lacroix,bpt6k4436505,,failed,0,0,,no_usable_pages,known,,,bpt6k4436505: no usable pages in manifest.,2026-07-17T18:21:34.539093
lacroix,bpt6k443651j,,failed,0,0,,no_usable_pages,known,,,bpt6k443651j: no usable pages in manifest.,2026-07-17T18:21:34.861002
lacroix,bpt6k443652x,,failed,0,0,,no_usable_pages,known,,,bpt6k443652x: no usable pages in manifest.,2026-07-17T18:21:35.069690
lacroix,bpt6k4436539,,failed,0,0,,no_usable_pages,known,,,bpt6k4436539: no usable pages in manifest.,2026-07-17T18:21:35.266899
lacroix,bpt6k443654p,,failed,0,0,,no_usable_pages,known,,,bpt6k443654p: no usable pages in manifest.,2026-07-17T18:21:35.434185
lacroix,bpt6k4436552,,failed,0,0,,no_usable_pages,known,,,bpt6k4436552: no usable pages in manifest.,2026-07-17T18:21:35.623894
lacroix,bpt6k443656f,,failed,0,0,,no_usable_pages,known,,,bpt6k443656f: no usable pages in manifest.,2026-07-17T18:21:35.947018
lacroix,bpt6k443657t,,failed,0,0,,no_usable_pages,known,,,bpt6k443657t: no usable pages in manifest.,2026-07-17T18:21:36.126245
lacroix,bpt6k4436586,,failed,0,0,,no_usable_pages,known,,,bpt6k4436586: no usable pages in manifest.,2026-07-17T18:21:36.334890
lacroix,bpt6k443659k,,failed,0,0,,no_usable_pages,known,,,bpt6k443659k: no usable pages in manifest.,2026-07-17T18:21:36.541412
lacroix,bpt6k443660h,,failed,0,0,,no_usable_pages,known,,,bpt6k443660h: no usable pages in manifest.,2026-07-17T18:21:36.988543
lacroix,bpt6k443661w,,failed,0,0,,no_usable_pages,known,,,bpt6k443661w: no usable pages in manifest.,2026-07-17T18:21:37.305646
lacroix,bpt6k4436628,,failed,0,0,,no_usable_pages,known,,,bpt6k4436628: no usable pages in manifest.,2026-07-17T18:21:37.558215
lacroix,bpt6k443663n,,failed,0,0,,no_usable_pages,known,,,bpt6k443663n: no usable pages in manifest.,2026-07-17T18:21:37.721430
lacroix,bpt6k4436641,,failed,0,0,,no_usable_pages,known,,,bpt6k4436641: no usable pages in manifest.,2026-07-17T18:21:38.000873
lacroix,bpt6k443665d,,failed,0,0,,no_usable_pages,known,,,bpt6k443665d: no usable pages in manifest.,2026-07-17T18:21:38.142764
lacroix,bpt6k443666s,,failed,0,0,,no_usable_pages,known,,,bpt6k443666s: no usable pages in manifest.,2026-07-17T18:21:38.377090
lacroix,bpt6k4436675,,failed,0,0,,no_usable_pages,known,,,bpt6k4436675: no usable pages in manifest.,2026-07-17T18:21:38.567309
lacroix,bpt6k443668j,,failed,0,0,,no_usable_pages,known,,,bpt6k443668j: no usable pages in manifest.,2026-07-17T18:21:38.798544
lacroix,bpt6k443669x,,failed,0,0,,no_usable_pages,known,,,bpt6k443669x: no usable pages in manifest.,2026-07-17T18:21:39.037024
lacroix,bpt6k443670v,,failed,0,0,,no_usable_pages,known,,,bpt6k443670v: no usable pages in manifest.,2026-07-17T18:21:39.191523
lacroix,bpt6k4436717,,failed,0,0,,no_usable_pages,known,,,bpt6k4436717: no usable pages in manifest.,2026-07-17T18:21:39.376510
lacroix,bpt6k443672m,,failed,0,0,,no_usable_pages,known,,,bpt6k443672m: no usable pages in manifest.,2026-07-17T18:21:39.535855
lacroix,bpt6k4436730,,failed,0,0,,no_usable_pages,known,,,bpt6k4436730: no usable pages in manifest.,2026-07-17T18:21:39.694174
lacroix,bpt6k443674c,,failed,0,0,,no_usable_pages,known,,,bpt6k443674c: no usable pages in manifest.,2026-07-17T18:21:39.841019
lacroix,bpt6k443675r,,failed,0,0,,no_usable_pages,known,,,bpt6k443675r: no usable pages in manifest.,2026-07-17T18:21:40.123425
lacroix,bpt6k4436764,,failed,0,0,,no_usable_pages,known,,,bpt6k4436764: no usable pages in manifest.,2026-07-17T18:21:40.279343
lacroix,bpt6k443677h,,failed,0,0,,no_usable_pages,known,,,bpt6k443677h: no usable pages in manifest.,2026-07-17T18:21:40.493224
lacroix,bpt6k443678w,,failed,0,0,,no_usable_pages,known,,,bpt6k443678w: no usable pages in manifest.,2026-07-17T18:21:40.815643
lacroix,bpt6k4436798,,failed,0,0,,no_usable_pages,known,,,bpt6k4436798: no usable pages in manifest.,2026-07-17T18:21:41.006091
lacroix,bpt6k4436806,,failed,0,0,,no_usable_pages,known,,,bpt6k4436806: no usable pages in manifest.,2026-07-17T18:21:41.302275
lacroix,bpt6k443681k,,failed,0,0,,no_usable_pages,known,,,bpt6k443681k: no usable pages in manifest.,2026-07-17T18:21:41.539748
lacroix,bpt6k443682z,,failed,0,0,,no_usable_pages,known,,,bpt6k443682z: no usable pages in manifest.,2026-07-17T18:21:41.730650
lacroix,bpt6k443683b,,failed,0,0,,no_usable_pages,known,,,bpt6k443683b: no usable pages in manifest.,2026-07-17T18:21:41.859109
lacroix,bpt6k443684q,,failed,0,0,,no_usable_pages,known,,,bpt6k443684q: no usable pages in manifest.,2026-07-17T18:21:41.999482
lacroix,bpt6k4436853,,failed,0,0,,no_usable_pages,known,,,bpt6k4436853: no usable pages in manifest.,2026-07-17T18:21:42.283991
lacroix,bpt6k443686g,,failed,0,0,,no_usable_pages,known,,,bpt6k443686g: no usable pages in manifest.,2026-07-17T18:21:42.480325
lacroix,bpt6k443687v,,failed,0,0,,no_usable_pages,known,,,bpt6k443687v: no usable pages in manifest.,2026-07-17T18:21:42.698932
lacroix,bpt6k4436887,,failed,0,0,,no_usable_pages,known,,,bpt6k4436887: no usable pages in manifest.,2026-07-17T18:21:42.941854
lacroix,bpt6k443689m,,failed,0,0,,no_usable_pages,known,,,bpt6k443689m: no usable pages in manifest.,2026-07-17T18:21:43.168825
lacroix,bpt6k443690j,,failed,0,0,,no_usable_pages,known,,,bpt6k443690j: no usable pages in manifest.,2026-07-17T18:21:43.436264
lacroix,bpt6k443691x,,failed,0,0,,no_usable_pages,known,,,bpt6k443691x: no usable pages in manifest.,2026-07-17T18:21:43.620679
lacroix,bpt6k4436929,,failed,0,0,,no_usable_pages,known,,,bpt6k4436929: no usable pages in manifest.,2026-07-17T18:21:43.837140
lacroix,bpt6k443693p,,failed,0,0,,no_usable_pages,known,,,bpt6k443693p: no usable pages in manifest.,2026-07-17T18:21:44.000304
lacroix,bpt6k4436942,,failed,0,0,,no_usable_pages,known,,,bpt6k4436942: no usable pages in manifest.,2026-07-17T18:21:44.220939
lacroix,bpt6k443695f,,failed,0,0,,no_usable_pages,known,,,bpt6k443695f: no usable pages in manifest.,2026-07-17T18:21:44.591923
lacroix,bpt6k443696t,,failed,0,0,,no_usable_pages,known,,,bpt6k443696t: no usable pages in manifest.,2026-07-17T18:21:44.904616
lacroix,bpt6k4436976,,failed,0,0,,no_usable_pages,known,,,bpt6k4436976: no usable pages in manifest.,2026-07-17T18:21:45.119368
lacroix,bpt6k443698k,,failed,0,0,,no_usable_pages,known,,,bpt6k443698k: no usable pages in manifest.,2026-07-17T18:21:45.297224
lacroix,bpt6k443699z,,failed,0,0,,no_usable_pages,known,,,bpt6k443699z: no usable pages in manifest.,2026-07-17T18:21:45.528461
lacroix,bpt6k443700r,,failed,0,0,,no_usable_pages,known,,,bpt6k443700r: no usable pages in manifest.,2026-07-17T18:21:45.760467
lacroix,bpt6k4437014,,failed,0,0,,no_usable_pages,known,,,bpt6k4437014: no usable pages in manifest.,2026-07-17T18:21:46.032494
lacroix,bpt6k443702h,,failed,0,0,,no_usable_pages,known,,,bpt6k443702h: no usable pages in manifest.,2026-07-17T18:21:46.214654
lacroix,bpt6k443703w,,failed,0,0,,no_usable_pages,known,,,bpt6k443703w: no usable pages in manifest.,2026-07-17T18:21:46.492635
lacroix,bpt6k4437048,,failed,0,0,,no_usable_pages,known,,,bpt6k4437048: no usable pages in manifest.,2026-07-17T18:21:46.800679
lacroix,bpt6k443705n,,failed,0,0,,no_usable_pages,known,,,bpt6k443705n: no usable pages in manifest.,2026-07-17T18:21:47.123318
lacroix,bpt6k4437061,,failed,0,0,,no_usable_pages,known,,,bpt6k4437061: no usable pages in manifest.,2026-07-17T18:21:47.313888
lacroix,bpt6k443707d,,failed,0,0,,no_usable_pages,known,,,bpt6k443707d: no usable pages in manifest.,2026-07-17T18:21:47.548158
lacroix,bpt6k443708s,,failed,0,0,,no_usable_pages,known,,,bpt6k443708s: no usable pages in manifest.,2026-07-17T18:21:47.841336
lacroix,bpt6k4437095,,failed,0,0,,no_usable_pages,known,,,bpt6k4437095: no usable pages in manifest.,2026-07-17T18:21:48.252208
lacroix,bpt6k4437103,,failed,0,0,,no_usable_pages,known,,,bpt6k4437103: no usable pages in manifest.,2026-07-17T18:21:48.421772
lacroix,bpt6k443711g,,failed,0,0,,no_usable_pages,known,,,bpt6k443711g: no usable pages in manifest.,2026-07-17T18:21:48.606694
lacroix,bpt6k443712v,,failed,0,0,,no_usable_pages,known,,,bpt6k443712v: no usable pages in manifest.,2026-07-17T18:21:48.855122
lacroix,bpt6k4437137,,failed,0,0,,no_usable_pages,known,,,bpt6k4437137: no usable pages in manifest.,2026-07-17T18:21:49.229156
lacroix,bpt6k443714m,,failed,0,0,,no_usable_pages,known,,,bpt6k443714m: no usable pages in manifest.,2026-07-17T18:21:49.366034
lacroix,bpt6k4437150,,failed,0,0,,no_usable_pages,known,,,bpt6k4437150: no usable pages in manifest.,2026-07-17T18:21:49.519877
lacroix,bpt6k443716c,,failed,0,0,,no_usable_pages,known,,,bpt6k443716c: no usable pages in manifest.,2026-07-17T18:21:49.719434
lacroix,bpt6k443717r,,failed,0,0,,no_usable_pages,known,,,bpt6k443717r: no usable pages in manifest.,2026-07-17T18:21:49.948769
lacroix,bpt6k4437184,,failed,0,0,,no_usable_pages,known,,,bpt6k4437184: no usable pages in manifest.,2026-07-17T18:21:50.287240
lacroix,bpt6k443719h,,failed,0,0,,no_usable_pages,known,,,bpt6k443719h: no usable pages in manifest.,2026-07-17T18:21:50.499315
lacroix,bpt6k443720f,,failed,0,0,,no_usable_pages,known,,,bpt6k443720f: no usable pages in manifest.,2026-07-17T18:21:50.687730
lacroix,bpt6k443721t,,failed,0,0,,no_usable_pages,known,,,bpt6k443721t: no usable pages in manifest.,2026-07-17T18:21:50.872932
lacroix,bpt6k4437226,,failed,0,0,,no_usable_pages,known,,,bpt6k4437226: no usable pages in manifest.,2026-07-17T18:21:51.062698
lacroix,bpt6k443723k,,failed,0,0,,no_usable_pages,known,,,bpt6k443723k: no usable pages in manifest.,2026-07-17T18:21:51.475816
lacroix,bpt6k443724z,,failed,0,0,,no_usable_pages,known,,,bpt6k443724z: no usable pages in manifest.,2026-07-17T18:21:51.758526
lacroix,bpt6k443725b,,failed,0,0,,no_usable_pages,known,,,bpt6k443725b: no usable pages in manifest.,2026-07-17T18:21:51.964416
lacroix,bpt6k443726q,,failed,0,0,,no_usable_pages,known,,,bpt6k443726q: no usable pages in manifest.,2026-07-17T18:21:52.187995
lacroix,bpt6k4437273,,failed,0,0,,no_usable_pages,known,,,bpt6k4437273: no usable pages in manifest.,2026-07-17T18:21:52.509885
lacroix,bpt6k443728g,,failed,0,0,,no_usable_pages,known,,,bpt6k443728g: no usable pages in manifest.,2026-07-17T18:21:52.691847
lacroix,bpt6k443729v,,failed,0,0,,no_usable_pages,known,,,bpt6k443729v: no usable pages in manifest.,2026-07-17T18:21:52.809451
lacroix,bpt6k443730s,,failed,0,0,,no_usable_pages,known,,,bpt6k443730s: no usable pages in manifest.,2026-07-17T18:21:52.985283
lacroix,bpt6k4437315,,failed,0,0,,no_usable_pages,known,,,bpt6k4437315: no usable pages in manifest.,2026-07-17T18:21:53.218475
lacroix,bpt6k443732j,,failed,0,0,,no_usable_pages,known,,,bpt6k443732j: no usable pages in manifest.,2026-07-17T18:21:53.393619
lacroix,bpt6k443733x,,failed,0,0,,no_usable_pages,known,,,bpt6k443733x: no usable pages in manifest.,2026-07-17T18:21:53.746001
lacroix,bpt6k4437349,,failed,0,0,,no_usable_pages,known,,,bpt6k4437349: no usable pages in manifest.,2026-07-17T18:21:53.929613
lacroix,bpt6k443735p,,failed,0,0,,no_usable_pages,known,,,bpt6k443735p: no usable pages in manifest.,2026-07-17T18:21:54.067484
lacroix,bpt6k4437362,,failed,0,0,,no_usable_pages,known,,,bpt6k4437362: no usable pages in manifest.,2026-07-17T18:21:54.196520
lacroix,bpt6k443737f,,failed,0,0,,no_usable_pages,known,,,bpt6k443737f: no usable pages in manifest.,2026-07-17T18:21:54.451324
lacroix,bpt6k443738t,,failed,0,0,,no_usable_pages,known,,,bpt6k443738t: no usable pages in manifest.,2026-07-17T18:21:54.858622
lacroix,bpt6k4437396,,failed,0,0,,no_usable_pages,known,,,bpt6k4437396: no usable pages in manifest.,2026-07-17T18:21:55.030754
lacroix,bpt6k4437404,,failed,0,0,,no_usable_pages,known,,,bpt6k4437404: no usable pages in manifest.,2026-07-17T18:21:55.215826
lacroix,bpt6k443741h,,failed,0,0,,no_usable_pages,known,,,bpt6k443741h: no usable pages in manifest.,2026-07-17T18:21:55.459349
lacroix,bpt6k443742w,,failed,0,0,,no_usable_pages,known,,,bpt6k443742w: no usable pages in manifest.,2026-07-17T18:21:55.693225
lacroix,bpt6k4437438,,failed,0,0,,no_usable_pages,known,,,bpt6k4437438: no usable pages in manifest.,2026-07-17T18:21:56.066387
lacroix,bpt6k443744n,,failed,0,0,,no_usable_pages,known,,,bpt6k443744n: no usable pages in manifest.,2026-07-17T18:21:56.274477
lacroix,bpt6k4437451,,failed,0,0,,no_usable_pages,known,,,bpt6k4437451: no usable pages in manifest.,2026-07-17T18:21:56.471107
lacroix,bpt6k443746d,,failed,0,0,,no_usable_pages,known,,,bpt6k443746d: no usable pages in manifest.,2026-07-17T18:21:56.587295
lacroix,bpt6k443747s,,failed,0,0,,no_usable_pages,known,,,bpt6k443747s: no usable pages in manifest.,2026-07-17T18:21:56.764528
lacroix,bpt6k4437485,,failed,0,0,,no_usable_pages,known,,,bpt6k4437485: no usable pages in manifest.,2026-07-17T18:21:57.281522
lacroix,bpt6k443749j,,failed,0,0,,no_usable_pages,known,,,bpt6k443749j: no usable pages in manifest.,2026-07-17T18:21:57.489861
lacroix,bpt6k443750g,,failed,0,0,,no_usable_pages,known,,,bpt6k443750g: no usable pages in manifest.,2026-07-17T18:21:57.736315
lacroix,bpt6k443751v,,failed,0,0,,no_usable_pages,known,,,bpt6k443751v: no usable pages in manifest.,2026-07-17T18:21:58.046658
lacroix,bpt6k4437527,,failed,0,0,,no_usable_pages,known,,,bpt6k4437527: no usable pages in manifest.,2026-07-17T18:21:58.517511
lacroix,bpt6k443753m,,failed,0,0,,no_usable_pages,known,,,bpt6k443753m: no usable pages in manifest.,2026-07-17T18:21:58.715079
lacroix,bpt6k4437540,,failed,0,0,,no_usable_pages,known,,,bpt6k4437540: no usable pages in manifest.,2026-07-17T18:21:58.882271
lacroix,bpt6k443755c,,failed,0,0,,no_usable_pages,known,,,bpt6k443755c: no usable pages in manifest.,2026-07-17T18:21:59.077435
lacroix,bpt6k443756r,,failed,0,0,,no_usable_pages,known,,,bpt6k443756r: no usable pages in manifest.,2026-07-17T18:21:59.454456
lacroix,bpt6k4437574,,failed,0,0,,no_usable_pages,known,,,bpt6k4437574: no usable pages in manifest.,2026-07-17T18:21:59.677587
lacroix,bpt6k443758h,,failed,0,0,,no_usable_pages,known,,,bpt6k443758h: no usable pages in manifest.,2026-07-17T18:21:59.961212
lacroix,bpt6k443759w,,failed,0,0,,no_usable_pages,known,,,bpt6k443759w: no usable pages in manifest.,2026-07-17T18:22:00.347225
lacroix,bpt6k443760t,,failed,0,0,,no_usable_pages,known,,,bpt6k443760t: no usable pages in manifest.,2026-07-17T18:22:00.822124
lacroix,bpt6k4437616,,failed,0,0,,no_usable_pages,known,,,bpt6k4437616: no usable pages in manifest.,2026-07-17T18:22:01.014910
lacroix,bpt6k443762k,,failed,0,0,,no_usable_pages,known,,,bpt6k443762k: no usable pages in manifest.,2026-07-17T18:22:01.163692
lacroix,bpt6k443763z,,failed,0,0,,no_usable_pages,known,,,bpt6k443763z: no usable pages in manifest.,2026-07-17T18:22:01.343485
lacroix,bpt6k443764b,,failed,0,0,,no_usable_pages,known,,,bpt6k443764b: no usable pages in manifest.,2026-07-17T18:22:01.488666
lacroix,bpt6k443765q,,failed,0,0,,no_usable_pages,known,,,bpt6k443765q: no usable pages in manifest.,2026-07-17T18:22:01.762371
lacroix,bpt6k4437663,,failed,0,0,,no_usable_pages,known,,,bpt6k4437663: no usable pages in manifest.,2026-07-17T18:22:01.985896
lacroix,bpt6k443767g,,failed,0,0,,no_usable_pages,known,,,bpt6k443767g: no usable pages in manifest.,2026-07-17T18:22:02.196338
lacroix,bpt6k443768v,,failed,0,0,,no_usable_pages,known,,,bpt6k443768v: no usable pages in manifest.,2026-07-17T18:22:02.430693
lacroix,bpt6k4437697,,failed,0,0,,no_usable_pages,known,,,bpt6k4437697: no usable pages in manifest.,2026-07-17T18:22:02.669132
lacroix,bpt6k4437705,,failed,0,0,,no_usable_pages,known,,,bpt6k4437705: no usable pages in manifest.,2026-07-17T18:22:02.958094
lacroix,bpt6k443771j,,failed,0,0,,no_usable_pages,known,,,bpt6k443771j: no usable pages in manifest.,2026-07-17T18:22:03.210330
lacroix,bpt6k443772x,,failed,0,0,,no_usable_pages,known,,,bpt6k443772x: no usable pages in manifest.,2026-07-17T18:22:03.389547
lacroix,bpt6k4437739,,failed,0,0,,no_usable_pages,known,,,bpt6k4437739: no usable pages in manifest.,2026-07-17T18:22:03.569543
lacroix,bpt6k443774p,,failed,0,0,,no_usable_pages,known,,,bpt6k443774p: no usable pages in manifest.,2026-07-17T18:22:03.813095
lacroix,bpt6k4437752,,failed,0,0,,no_usable_pages,known,,,bpt6k4437752: no usable pages in manifest.,2026-07-17T18:22:04.238399
lacroix,bpt6k443776f,,failed,0,0,,no_usable_pages,known,,,bpt6k443776f: no usable pages in manifest.,2026-07-17T18:22:04.494622
lacroix,bpt6k443777t,,failed,0,0,,no_usable_pages,known,,,bpt6k443777t: no usable pages in manifest.,2026-07-17T18:22:04.704320
lacroix,bpt6k4437786,,failed,0,0,,no_usable_pages,known,,,bpt6k4437786: no usable pages in manifest.,2026-07-17T18:22:04.932292
lacroix,bpt6k443779k,,failed,0,0,,no_usable_pages,known,,,bpt6k443779k: no usable pages in manifest.,2026-07-17T18:22:05.307538
lacroix,bpt6k443780h,,failed,0,0,,no_usable_pages,known,,,bpt6k443780h: no usable pages in manifest.,2026-07-17T18:22:05.579296
lacroix,bpt6k443781w,,failed,0,0,,no_usable_pages,known,,,bpt6k443781w: no usable pages in manifest.,2026-07-17T18:22:05.749462
lacroix,bpt6k4437828,,failed,0,0,,no_usable_pages,known,,,bpt6k4437828: no usable pages in manifest.,2026-07-17T18:22:05.940171
lacroix,bpt6k443783n,,failed,0,0,,no_usable_pages,known,,,bpt6k443783n: no usable pages in manifest.,2026-07-17T18:22:06.197073
lacroix,bpt6k4437841,,failed,0,0,,no_usable_pages,known,,,bpt6k4437841: no usable pages in manifest.,2026-07-17T18:22:06.402570
lacroix,bpt6k443785d,,failed,0,0,,no_usable_pages,known,,,bpt6k443785d: no usable pages in manifest.,2026-07-17T18:22:06.549451
lacroix,bpt6k443786s,,failed,0,0,,no_usable_pages,known,,,bpt6k443786s: no usable pages in manifest.,2026-07-17T18:22:06.713938
lacroix,bpt6k4437875,,failed,0,0,,no_usable_pages,known,,,bpt6k4437875: no usable pages in manifest.,2026-07-17T18:22:06.832857
lacroix,bpt6k443788j,,failed,0,0,,no_usable_pages,known,,,bpt6k443788j: no usable pages in manifest.,2026-07-17T18:22:07.071574
lacroix,bpt6k443789x,,failed,0,0,,no_usable_pages,known,,,bpt6k443789x: no usable pages in manifest.,2026-07-17T18:22:07.448215
lacroix,bpt6k443790v,,failed,0,0,,no_usable_pages,known,,,bpt6k443790v: no usable pages in manifest.,2026-07-17T18:22:07.596412
lacroix,bpt6k4437917,,failed,0,0,,no_usable_pages,known,,,bpt6k4437917: no usable pages in manifest.,2026-07-17T18:22:07.783034
lacroix,bpt6k443792m,,failed,0,0,,no_usable_pages,known,,,bpt6k443792m: no usable pages in manifest.,2026-07-17T18:22:07.991921
lacroix,bpt6k4437930,,failed,0,0,,no_usable_pages,known,,,bpt6k4437930: no usable pages in manifest.,2026-07-17T18:22:08.232011
lacroix,bpt6k443794c,,failed,0,0,,no_usable_pages,known,,,bpt6k443794c: no usable pages in manifest.,2026-07-17T18:22:08.595329
lacroix,bpt6k443795r,,failed,0,0,,no_usable_pages,known,,,bpt6k443795r: no usable pages in manifest.,2026-07-17T18:22:08.766918
lacroix,bpt6k4437964,,failed,0,0,,no_usable_pages,known,,,bpt6k4437964: no usable pages in manifest.,2026-07-17T18:22:08.944365
lacroix,bpt6k443797h,,failed,0,0,,no_usable_pages,known,,,bpt6k443797h: no usable pages in manifest.,2026-07-17T18:22:09.111364
lacroix,bpt6k443798w,,failed,0,0,,no_usable_pages,known,,,bpt6k443798w: no usable pages in manifest.,2026-07-17T18:22:09.277276
lacroix,bpt6k4437998,,failed,0,0,,no_usable_pages,known,,,bpt6k4437998: no usable pages in manifest.,2026-07-17T18:22:09.658139
lacroix,bpt6k4438002,,failed,0,0,,no_usable_pages,known,,,bpt6k4438002: no usable pages in manifest.,2026-07-17T18:22:09.830254
lacroix,bpt6k443801f,,failed,0,0,,no_usable_pages,known,,,bpt6k443801f: no usable pages in manifest.,2026-07-17T18:22:10.045840
lacroix,bpt6k443802t,,failed,0,0,,no_usable_pages,known,,,bpt6k443802t: no usable pages in manifest.,2026-07-17T18:22:10.191092
lacroix,bpt6k4438036,,failed,0,0,,no_usable_pages,known,,,bpt6k4438036: no usable pages in manifest.,2026-07-17T18:22:10.433294
lacroix,bpt6k443804k,,failed,0,0,,no_usable_pages,known,,,bpt6k443804k: no usable pages in manifest.,2026-07-17T18:22:10.727183
lacroix,bpt6k443805z,,failed,0,0,,no_usable_pages,known,,,bpt6k443805z: no usable pages in manifest.,2026-07-17T18:22:10.891372
lacroix,bpt6k443806b,,failed,0,0,,no_usable_pages,known,,,bpt6k443806b: no usable pages in manifest.,2026-07-17T18:22:11.075430
lacroix,bpt6k443807q,,failed,0,0,,no_usable_pages,known,,,bpt6k443807q: no usable pages in manifest.,2026-07-17T18:22:11.302005
lacroix,bpt6k4438083,,failed,0,0,,no_usable_pages,known,,,bpt6k4438083: no usable pages in manifest.,2026-07-17T18:22:11.489752
lacroix,bpt6k443809g,,failed,0,0,,no_usable_pages,known,,,bpt6k443809g: no usable pages in manifest.,2026-07-17T18:22:11.800677
lacroix,bpt6k443810d,,failed,0,0,,no_usable_pages,known,,,bpt6k443810d: no usable pages in manifest.,2026-07-17T18:22:11.930957
lacroix,bpt6k443811s,,failed,0,0,,no_usable_pages,known,,,bpt6k443811s: no usable pages in manifest.,2026-07-17T18:22:12.116875
lacroix,bpt6k4438125,,failed,0,0,,no_usable_pages,known,,,bpt6k4438125: no usable pages in manifest.,2026-07-17T18:22:12.277526
lacroix,bpt6k443813j,,failed,0,0,,no_usable_pages,known,,,bpt6k443813j: no usable pages in manifest.,2026-07-17T18:22:12.415885
lacroix,bpt6k443814x,,failed,0,0,,no_usable_pages,known,,,bpt6k443814x: no usable pages in manifest.,2026-07-17T18:22:12.743489
lacroix,bpt6k4438159,,failed,0,0,,no_usable_pages,known,,,bpt6k4438159: no usable pages in manifest.,2026-07-17T18:22:13.090406
lacroix,bpt6k443816p,,failed,0,0,,no_usable_pages,known,,,bpt6k443816p: no usable pages in manifest.,2026-07-17T18:22:13.320762
lacroix,bpt6k4438172,,failed,0,0,,no_usable_pages,known,,,bpt6k4438172: no usable pages in manifest.,2026-07-17T18:22:13.506225
lacroix,bpt6k443818f,,failed,0,0,,no_usable_pages,known,,,bpt6k443818f: no usable pages in manifest.,2026-07-17T18:22:13.687628
lacroix,bpt6k443819t,,failed,0,0,,no_usable_pages,known,,,bpt6k443819t: no usable pages in manifest.,2026-07-17T18:22:13.869664
lacroix,bpt6k443820r,,failed,0,0,,no_usable_pages,known,,,bpt6k443820r: no usable pages in manifest.,2026-07-17T18:22:14.147638
lacroix,bpt6k4438214,,failed,0,0,,no_usable_pages,known,,,bpt6k4438214: no usable pages in manifest.,2026-07-17T18:22:14.326586
lacroix,bpt6k443822h,,failed,0,0,,no_usable_pages,known,,,bpt6k443822h: no usable pages in manifest.,2026-07-17T18:22:14.560577
lacroix,bpt6k443823w,,failed,0,0,,no_usable_pages,known,,,bpt6k443823w: no usable pages in manifest.,2026-07-17T18:22:14.802546
lacroix,bpt6k4438248,,failed,0,0,,no_usable_pages,known,,,bpt6k4438248: no usable pages in manifest.,2026-07-17T18:22:15.044407
lacroix,bpt6k443825n,,failed,0,0,,no_usable_pages,known,,,bpt6k443825n: no usable pages in manifest.,2026-07-17T18:22:15.354868
lacroix,bpt6k4438261,,failed,0,0,,no_usable_pages,known,,,bpt6k4438261: no usable pages in manifest.,2026-07-17T18:22:15.604215
lacroix,bpt6k443827d,,failed,0,0,,no_usable_pages,known,,,bpt6k443827d: no usable pages in manifest.,2026-07-17T18:22:15.792628
lacroix,bpt6k443828s,,failed,0,0,,no_usable_pages,known,,,bpt6k443828s: no usable pages in manifest.,2026-07-17T18:22:15.966235
lacroix,bpt6k4438295,,failed,0,0,,no_usable_pages,known,,,bpt6k4438295: no usable pages in manifest.,2026-07-17T18:22:16.252976
lacroix,bpt6k4438303,,failed,0,0,,no_usable_pages,known,,,bpt6k4438303: no usable pages in manifest.,2026-07-17T18:22:16.597255
lacroix,bpt6k443831g,,failed,0,0,,no_usable_pages,known,,,bpt6k443831g: no usable pages in manifest.,2026-07-17T18:22:16.795626
lacroix,bpt6k443832v,,failed,0,0,,no_usable_pages,known,,,bpt6k443832v: no usable pages in manifest.,2026-07-17T18:22:16.963990
lacroix,bpt6k4438337,,failed,0,0,,no_usable_pages,known,,,bpt6k4438337: no usable pages in manifest.,2026-07-17T18:22:17.154076
lacroix,bpt6k443834m,,failed,0,0,,no_usable_pages,known,,,bpt6k443834m: no usable pages in manifest.,2026-07-17T18:22:17.373308
lacroix,bpt6k4438350,,failed,0,0,,no_usable_pages,known,,,bpt6k4438350: no usable pages in manifest.,2026-07-17T18:22:17.790221
lacroix,bpt6k443836c,,failed,0,0,,no_usable_pages,known,,,bpt6k443836c: no usable pages in manifest.,2026-07-17T18:22:18.003055
lacroix,bpt6k443837r,,failed,0,0,,no_usable_pages,known,,,bpt6k443837r: no usable pages in manifest.,2026-07-17T18:22:18.234860
lacroix,bpt6k4438384,,failed,0,0,,no_usable_pages,known,,,bpt6k4438384: no usable pages in manifest.,2026-07-17T18:22:18.395342
lacroix,bpt6k443839h,,failed,0,0,,no_usable_pages,known,,,bpt6k443839h: no usable pages in manifest.,2026-07-17T18:22:18.702691
lacroix,bpt6k443840f,,failed,0,0,,no_usable_pages,known,,,bpt6k443840f: no usable pages in manifest.,2026-07-17T18:22:19.034891
lacroix,bpt6k443841t,,failed,0,0,,no_usable_pages,known,,,bpt6k443841t: no usable pages in manifest.,2026-07-17T18:22:19.278968
lacroix,bpt6k4438426,,failed,0,0,,no_usable_pages,known,,,bpt6k4438426: no usable pages in manifest.,2026-07-17T18:22:19.478808
lacroix,bpt6k443843k,,failed,0,0,,no_usable_pages,known,,,bpt6k443843k: no usable pages in manifest.,2026-07-17T18:22:19.812489
lacroix,bpt6k443844z,,failed,0,0,,no_usable_pages,known,,,bpt6k443844z: no usable pages in manifest.,2026-07-17T18:22:20.027932
lacroix,bpt6k443845b,,failed,0,0,,no_usable_pages,known,,,bpt6k443845b: no usable pages in manifest.,2026-07-17T18:22:20.233294
lacroix,bpt6k443846q,,failed,0,0,,no_usable_pages,known,,,bpt6k443846q: no usable pages in manifest.,2026-07-17T18:22:20.442391
lacroix,bpt6k4438473,,failed,0,0,,no_usable_pages,known,,,bpt6k4438473: no usable pages in manifest.,2026-07-17T18:22:20.720159
lacroix,bpt6k443848g,,failed,0,0,,no_usable_pages,known,,,bpt6k443848g: no usable pages in manifest.,2026-07-17T18:22:20.917048
lacroix,bpt6k443849v,,failed,0,0,,no_usable_pages,known,,,bpt6k443849v: no usable pages in manifest.,2026-07-17T18:22:21.152418
lacroix,bpt6k443850s,,failed,0,0,,no_usable_pages,known,,,bpt6k443850s: no usable pages in manifest.,2026-07-17T18:22:21.393820
lacroix,bpt6k4438515,,failed,0,0,,no_usable_pages,known,,,bpt6k4438515: no usable pages in manifest.,2026-07-17T18:22:21.560668
lacroix,bpt6k443852j,,failed,0,0,,no_usable_pages,known,,,bpt6k443852j: no usable pages in manifest.,2026-07-17T18:22:21.812640
lacroix,bpt6k443853x,,failed,0,0,,no_usable_pages,known,,,bpt6k443853x: no usable pages in manifest.,2026-07-17T18:22:22.011498
lacroix,bpt6k4438549,,failed,0,0,,no_usable_pages,known,,,bpt6k4438549: no usable pages in manifest.,2026-07-17T18:22:22.249752
lacroix,bpt6k443855p,,failed,0,0,,no_usable_pages,known,,,bpt6k443855p: no usable pages in manifest.,2026-07-17T18:22:22.443004
lacroix,bpt6k4438562,,failed,0,0,,no_usable_pages,known,,,bpt6k4438562: no usable pages in manifest.,2026-07-17T18:22:22.630234
lacroix,bpt6k443857f,,failed,0,0,,no_usable_pages,known,,,bpt6k443857f: no usable pages in manifest.,2026-07-17T18:22:22.875061
lacroix,bpt6k443858t,,failed,0,0,,no_usable_pages,known,,,bpt6k443858t: no usable pages in manifest.,2026-07-17T18:22:23.103419
lacroix,bpt6k4438596,,failed,0,0,,no_usable_pages,known,,,bpt6k4438596: no usable pages in manifest.,2026-07-17T18:22:23.339868
lacroix,bpt6k4438604,,failed,0,0,,no_usable_pages,known,,,bpt6k4438604: no usable pages in manifest.,2026-07-17T18:22:23.495103
lacroix,bpt6k443861h,,failed,0,0,,no_usable_pages,known,,,bpt6k443861h: no usable pages in manifest.,2026-07-17T18:22:23.650970
lacroix,bpt6k443862w,,failed,0,0,,no_usable_pages,known,,,bpt6k443862w: no usable pages in manifest.,2026-07-17T18:22:23.811367
lacroix,bpt6k4438638,,failed,0,0,,no_usable_pages,known,,,bpt6k4438638: no usable pages in manifest.,2026-07-17T18:22:24.029170
lacroix,bpt6k443864n,,failed,0,0,,no_usable_pages,known,,,bpt6k443864n: no usable pages in manifest.,2026-07-17T18:22:24.203463
lacroix,bpt6k4438651,,failed,0,0,,no_usable_pages,known,,,bpt6k4438651: no usable pages in manifest.,2026-07-17T18:22:24.415872
lacroix,bpt6k443866d,,failed,0,0,,no_usable_pages,known,,,bpt6k443866d: no usable pages in manifest.,2026-07-17T18:22:24.568478
lacroix,bpt6k443867s,,failed,0,0,,no_usable_pages,known,,,bpt6k443867s: no usable pages in manifest.,2026-07-17T18:22:24.765410
lacroix,bpt6k4438685,,failed,0,0,,no_usable_pages,known,,,bpt6k4438685: no usable pages in manifest.,2026-07-17T18:22:24.910936
lacroix,bpt6k443869j,,failed,0,0,,no_usable_pages,known,,,bpt6k443869j: no usable pages in manifest.,2026-07-17T18:22:25.241468
lacroix,bpt6k443870g,,failed,0,0,,no_usable_pages,known,,,bpt6k443870g: no usable pages in manifest.,2026-07-17T18:22:25.466082
lacroix,bpt6k443871v,,failed,0,0,,no_usable_pages,known,,,bpt6k443871v: no usable pages in manifest.,2026-07-17T18:22:25.673062
lacroix,bpt6k4438727,,failed,0,0,,no_usable_pages,known,,,bpt6k4438727: no usable pages in manifest.,2026-07-17T18:22:25.830868
lacroix,bpt6k443873m,,failed,0,0,,no_usable_pages,known,,,bpt6k443873m: no usable pages in manifest.,2026-07-17T18:22:25.960658
lacroix,bpt6k4438740,,failed,0,0,,no_usable_pages,known,,,bpt6k4438740: no usable pages in manifest.,2026-07-17T18:22:26.182153
lacroix,bpt6k443875c,,failed,0,0,,no_usable_pages,known,,,bpt6k443875c: no usable pages in manifest.,2026-07-17T18:22:26.362363
lacroix,bpt6k443876r,,failed,0,0,,no_usable_pages,known,,,bpt6k443876r: no usable pages in manifest.,2026-07-17T18:22:26.551700
lacroix,bpt6k4438774,,failed,0,0,,no_usable_pages,known,,,bpt6k4438774: no usable pages in manifest.,2026-07-17T18:22:26.686506
lacroix,bpt6k443878h,,failed,0,0,,no_usable_pages,known,,,bpt6k443878h: no usable pages in manifest.,2026-07-17T18:22:26.854681
lacroix,bpt6k443879w,,failed,0,0,,no_usable_pages,known,,,bpt6k443879w: no usable pages in manifest.,2026-07-17T18:22:27.022082
lacroix,bpt6k443880t,,failed,0,0,,no_usable_pages,known,,,bpt6k443880t: no usable pages in manifest.,2026-07-17T18:22:27.232932
lacroix,bpt6k4438816,,failed,0,0,,no_usable_pages,known,,,bpt6k4438816: no usable pages in manifest.,2026-07-17T18:22:27.374980
lacroix,bpt6k443882k,,failed,0,0,,no_usable_pages,known,,,bpt6k443882k: no usable pages in manifest.,2026-07-17T18:22:27.680851
lacroix,bpt6k443883z,,failed,0,0,,no_usable_pages,known,,,bpt6k443883z: no usable pages in manifest.,2026-07-17T18:22:27.911353
lacroix,bpt6k443884b,,failed,0,0,,no_usable_pages,known,,,bpt6k443884b: no usable pages in manifest.,2026-07-17T18:22:28.135452
lacroix,bpt6k443885q,,failed,0,0,,no_usable_pages,known,,,bpt6k443885q: no usable pages in manifest.,2026-07-17T18:22:28.519338
lacroix,bpt6k4438863,,failed,0,0,,no_usable_pages,known,,,bpt6k4438863: no usable pages in manifest.,2026-07-17T18:22:28.757665
lacroix,bpt6k443887g,,failed,0,0,,no_usable_pages,known,,,bpt6k443887g: no usable pages in manifest.,2026-07-17T18:22:28.932951
lacroix,bpt6k443888v,,failed,0,0,,no_usable_pages,known,,,bpt6k443888v: no usable pages in manifest.,2026-07-17T18:22:29.187578
lacroix,bpt6k4438897,,failed,0,0,,no_usable_pages,known,,,bpt6k4438897: no usable pages in manifest.,2026-07-17T18:22:29.568946
lacroix,bpt6k4438905,,failed,0,0,,no_usable_pages,known,,,bpt6k4438905: no usable pages in manifest.,2026-07-17T18:22:29.770705
lacroix,bpt6k443891j,,failed,0,0,,no_usable_pages,known,,,bpt6k443891j: no usable pages in manifest.,2026-07-17T18:22:29.996318
lacroix,bpt6k443892x,,failed,0,0,,no_usable_pages,known,,,bpt6k443892x: no usable pages in manifest.,2026-07-17T18:22:30.126890
lacroix,bpt6k4438939,,failed,0,0,,no_usable_pages,known,,,bpt6k4438939: no usable pages in manifest.,2026-07-17T18:22:30.306269
lacroix,bpt6k443894p,,failed,0,0,,no_usable_pages,known,,,bpt6k443894p: no usable pages in manifest.,2026-07-17T18:22:30.559080
lacroix,bpt6k4438952,,failed,0,0,,no_usable_pages,known,,,bpt6k4438952: no usable pages in manifest.,2026-07-17T18:22:30.709947
lacroix,bpt6k443896f,,failed,0,0,,no_usable_pages,known,,,bpt6k443896f: no usable pages in manifest.,2026-07-17T18:22:30.939145
lacroix,bpt6k443897t,,failed,0,0,,no_usable_pages,known,,,bpt6k443897t: no usable pages in manifest.,2026-07-17T18:22:31.151863
lacroix,bpt6k4438986,,failed,0,0,,no_usable_pages,known,,,bpt6k4438986: no usable pages in manifest.,2026-07-17T18:22:31.372275
lacroix,bpt6k443899k,,failed,0,0,,no_usable_pages,known,,,bpt6k443899k: no usable pages in manifest.,2026-07-17T18:22:31.620657
lacroix,bpt6k443900c,,failed,0,0,,no_usable_pages,known,,,bpt6k443900c: no usable pages in manifest.,2026-07-17T18:22:31.789217
lacroix,bpt6k443901r,,failed,0,0,,no_usable_pages,known,,,bpt6k443901r: no usable pages in manifest.,2026-07-17T18:22:31.997371
lacroix,bpt6k4439024,,failed,0,0,,no_usable_pages,known,,,bpt6k4439024: no usable pages in manifest.,2026-07-17T18:22:32.196451
lacroix,bpt6k443903h,,failed,0,0,,no_usable_pages,known,,,bpt6k443903h: no usable pages in manifest.,2026-07-17T18:22:32.333360
lacroix,bpt6k443904w,,failed,0,0,,no_usable_pages,known,,,bpt6k443904w: no usable pages in manifest.,2026-07-17T18:22:32.556377
lacroix,bpt6k4439058,,failed,0,0,,no_usable_pages,known,,,bpt6k4439058: no usable pages in manifest.,2026-07-17T18:22:32.789658
lacroix,bpt6k443906n,,failed,0,0,,no_usable_pages,known,,,bpt6k443906n: no usable pages in manifest.,2026-07-17T18:22:32.903905
lacroix,bpt6k4439071,,failed,0,0,,no_usable_pages,known,,,bpt6k4439071: no usable pages in manifest.,2026-07-17T18:22:33.125253
lacroix,bpt6k443908d,,failed,0,0,,no_usable_pages,known,,,bpt6k443908d: no usable pages in manifest.,2026-07-17T18:22:33.320468
lacroix,bpt6k443909s,,failed,0,0,,no_usable_pages,known,,,bpt6k443909s: no usable pages in manifest.,2026-07-17T18:22:33.437586
lacroix,bpt6k443910q,,failed,0,0,,no_usable_pages,known,,,bpt6k443910q: no usable pages in manifest.,2026-07-17T18:22:33.586848
lacroix,bpt6k4439113,,failed,0,0,,no_usable_pages,known,,,bpt6k4439113: no usable pages in manifest.,2026-07-17T18:22:33.946854
lacroix,bpt6k443912g,,failed,0,0,,no_usable_pages,known,,,bpt6k443912g: no usable pages in manifest.,2026-07-17T18:22:34.184371
lacroix,bpt6k443913v,,failed,0,0,,no_usable_pages,known,,,bpt6k443913v: no usable pages in manifest.,2026-07-17T18:22:34.430004
lacroix,bpt6k4439147,,failed,0,0,,no_usable_pages,known,,,bpt6k4439147: no usable pages in manifest.,2026-07-17T18:22:34.595438
lacroix,bpt6k443915m,,failed,0,0,,no_usable_pages,known,,,bpt6k443915m: no usable pages in manifest.,2026-07-17T18:22:34.742395
lacroix,bpt6k443966q,,failed,0,0,,no_usable_pages,known,,,bpt6k443966q: no usable pages in manifest.,2026-07-17T18:22:35.043156
lacroix,bpt6k4439673,,failed,0,0,,no_usable_pages,known,,,bpt6k4439673: no usable pages in manifest.,2026-07-17T18:22:35.231185
lacroix,bpt6k443968g,,failed,0,0,,no_usable_pages,known,,,bpt6k443968g: no usable pages in manifest.,2026-07-17T18:22:35.374191
lacroix,bpt6k443969v,,failed,0,0,,no_usable_pages,known,,,bpt6k443969v: no usable pages in manifest.,2026-07-17T18:22:35.583511
lacroix,bpt6k443970s,,failed,0,0,,no_usable_pages,known,,,bpt6k443970s: no usable pages in manifest.,2026-07-17T18:22:35.740590
lacroix,bpt6k4439715,,failed,0,0,,no_usable_pages,known,,,bpt6k4439715: no usable pages in manifest.,2026-07-17T18:22:35.971608
lacroix,bpt6k443972j,,failed,0,0,,no_usable_pages,known,,,bpt6k443972j: no usable pages in manifest.,2026-07-17T18:22:36.175892
lacroix,bpt6k443973x,,failed,0,0,,no_usable_pages,known,,,bpt6k443973x: no usable pages in manifest.,2026-07-17T18:22:36.358515
lacroix,bpt6k4439749,,failed,0,0,,no_usable_pages,known,,,bpt6k4439749: no usable pages in manifest.,2026-07-17T18:22:36.498886
lacroix,bpt6k443975p,,failed,0,0,,no_usable_pages,known,,,bpt6k443975p: no usable pages in manifest.,2026-07-17T18:22:36.651426
lacroix,bpt6k4439762,,failed,0,0,,no_usable_pages,known,,,bpt6k4439762: no usable pages in manifest.,2026-07-17T18:22:36.840564
lacroix,bpt6k443977f,,failed,0,0,,no_usable_pages,known,,,bpt6k443977f: no usable pages in manifest.,2026-07-17T18:22:37.074652
lacroix,bpt6k443978t,,failed,0,0,,no_usable_pages,known,,,bpt6k443978t: no usable pages in manifest.,2026-07-17T18:22:37.341467
lacroix,bpt6k4439796,,failed,0,0,,no_usable_pages,known,,,bpt6k4439796: no usable pages in manifest.,2026-07-17T18:22:37.552412
lacroix,bpt6k4439804,,failed,0,0,,no_usable_pages,known,,,bpt6k4439804: no usable pages in manifest.,2026-07-17T18:22:37.832890
lacroix,bpt6k443981h,,failed,0,0,,no_usable_pages,known,,,bpt6k443981h: no usable pages in manifest.,2026-07-17T18:22:38.003466
lacroix,bpt6k443982w,,failed,0,0,,no_usable_pages,known,,,bpt6k443982w: no usable pages in manifest.,2026-07-17T18:22:38.264032
lacroix,bpt6k4439838,,failed,0,0,,no_usable_pages,known,,,bpt6k4439838: no usable pages in manifest.,2026-07-17T18:22:38.507307
lacroix,bpt6k443984n,,failed,0,0,,no_usable_pages,known,,,bpt6k443984n: no usable pages in manifest.,2026-07-17T18:22:38.619077
lacroix,bpt6k4439851,,failed,0,0,,no_usable_pages,known,,,bpt6k4439851: no usable pages in manifest.,2026-07-17T18:22:38.770523
lacroix,bpt6k37128050,,failed,0,0,,http_manifest,known,403,manifest,"Client error '403 ' for url 'https://openapiproext.bnf.fr/iiif/presentation/v3/ark:/12148/bpt6k37128050/manifest.json'
For more information check: https://developer.mozilla.org/en-US/docs/Web/HTTP/Status/403",2026-07-17T18:22:38.991256
lacroix,bpt6k3712806d,,failed,0,0,,http_manifest,known,403,manifest,"Client error '403 ' for url 'https://openapiproext.bnf.fr/iiif/presentation/v3/ark:/12148/bpt6k3712806d/manifest.json'
For more information check: https://developer.mozilla.org/en-US/docs/Web/HTTP/Status/403",2026-07-17T18:22:40.084534
lacroix,bpt6k3712807t,,failed,0,0,,http_manifest,known,403,manifest,"Client error '403 ' for url 'https://openapiproext.bnf.fr/iiif/presentation/v3/ark:/12148/bpt6k3712807t/manifest.json'
For more information check: https://developer.mozilla.org/en-US/docs/Web/HTTP/Status/403",2026-07-17T18:22:41.287095
lacroix,bpt6k37128087,,failed,0,0,,http_manifest,known,403,manifest,"Client error '403 ' for url 'https://openapiproext.bnf.fr/iiif/presentation/v3/ark:/12148/bpt6k37128087/manifest.json'
For more information check: https://developer.mozilla.org/en-US/docs/Web/HTTP/Status/403",2026-07-17T18:22:42.490762
lacroix,bpt6k3712809n,,failed,0,0,,http_manifest,known,403,manifest,"Client error '403 ' for url 'https://openapiproext.bnf.fr/iiif/presentation/v3/ark:/12148/bpt6k3712809n/manifest.json'
For more information check: https://developer.mozilla.org/en-US/docs/Web/HTTP/Status/403",2026-07-17T18:22:43.692614
lacroix,bpt6k37128109,,failed,0,0,,http_manifest,known,403,manifest,"Client error '403 ' for url 'https://openapiproext.bnf.fr/iiif/presentation/v3/ark:/12148/bpt6k37128109/manifest.json'
For more information check: https://developer.mozilla.org/en-US/docs/Web/HTTP/Status/403",2026-07-17T18:22:44.913065
lacroix,bpt6k3712811q,,failed,0,0,,http_manifest,known,403,manifest,"Client error '403 ' for url 'https://openapiproext.bnf.fr/iiif/presentation/v3/ark:/12148/bpt6k3712811q/manifest.json'
For more information check: https://developer.mozilla.org/en-US/docs/Web/HTTP/Status/403",2026-07-17T18:22:46.090735
lacroix,bpt6k37128124,,failed,0,0,,http_manifest,known,403,manifest,"Client error '403 ' for url 'https://openapiproext.bnf.fr/iiif/presentation/v3/ark:/12148/bpt6k37128124/manifest.json'
For more information check: https://developer.mozilla.org/en-US/docs/Web/HTTP/Status/403",2026-07-17T18:22:47.298214
lacroix,bpt6k3712813j,,failed,0,0,,http_manifest,known,403,manifest,"Client error '403 ' for url 'https://openapiproext.bnf.fr/iiif/presentation/v3/ark:/12148/bpt6k3712813j/manifest.json'
For more information check: https://developer.mozilla.org/en-US/docs/Web/HTTP/Status/403",2026-07-17T18:22:48.494721
lacroix,bpt6k3712814z,,failed,0,0,,http_manifest,known,403,manifest,"Client error '403 ' for url 'https://openapiproext.bnf.fr/iiif/presentation/v3/ark:/12148/bpt6k3712814z/manifest.json'
For more information check: https://developer.mozilla.org/en-US/docs/Web/HTTP/Status/403",2026-07-17T18:22:49.697326
lacroix,bpt6k3712815c,,failed,0,0,,http_manifest,known,403,manifest,"Client error '403 ' for url 'https://openapiproext.bnf.fr/iiif/presentation/v3/ark:/12148/bpt6k3712815c/manifest.json'
For more information check: https://developer.mozilla.org/en-US/docs/Web/HTTP/Status/403",2026-07-17T18:22:50.933403
lacroix,bpt6k3712816s,,failed,0,0,,http_manifest,known,403,manifest,"Client error '403 ' for url 'https://openapiproext.bnf.fr/iiif/presentation/v3/ark:/12148/bpt6k3712816s/manifest.json'
For more information check: https://developer.mozilla.org/en-US/docs/Web/HTTP/Status/403",2026-07-17T18:22:52.103819
lacroix,bpt6k37128176,,failed,0,0,,http_manifest,known,403,manifest,"Client error '403 ' for url 'https://openapiproext.bnf.fr/iiif/presentation/v3/ark:/12148/bpt6k37128176/manifest.json'
For more information check: https://developer.mozilla.org/en-US/docs/Web/HTTP/Status/403",2026-07-17T18:22:53.302496
lacroix,bpt6k3712818m,,failed,0,0,,http_manifest,known,403,manifest,"Client error '403 ' for url 'https://openapiproext.bnf.fr/iiif/presentation/v3/ark:/12148/bpt6k3712818m/manifest.json'
For more information check: https://developer.mozilla.org/en-US/docs/Web/HTTP/Status/403",2026-07-17T18:22:54.507644
lacroix,bpt6k37128191,,failed,0,0,,http_manifest,known,403,manifest,"Client error '403 ' for url 'https://openapiproext.bnf.fr/iiif/presentation/v3/ark:/12148/bpt6k37128191/manifest.json'
For more information check: https://developer.mozilla.org/en-US/docs/Web/HTTP/Status/403",2026-07-17T18:22:55.706951
lacroix,bpt6k3712820p,,failed,0,0,,http_manifest,known,403,manifest,"Client error '403 ' for url 'https://openapiproext.bnf.fr/iiif/presentation/v3/ark:/12148/bpt6k3712820p/manifest.json'
For more information check: https://developer.mozilla.org/en-US/docs/Web/HTTP/Status/403",2026-07-17T18:22:56.920034
lacroix,bpt6k37128213,,failed,0,0,,http_manifest,known,403,manifest,"Client error '403 ' for url 'https://openapiproext.bnf.fr/iiif/presentation/v3/ark:/12148/bpt6k37128213/manifest.json'
For more information check: https://developer.mozilla.org/en-US/docs/Web/HTTP/Status/403",2026-07-17T18:22:58.112390
lacroix,bpt6k3712822h,,failed,0,0,,http_manifest,known,403,manifest,"Client error '403 ' for url 'https://openapiproext.bnf.fr/iiif/presentation/v3/ark:/12148/bpt6k3712822h/manifest.json'
For more information check: https://developer.mozilla.org/en-US/docs/Web/HTTP/Status/403",2026-07-17T18:22:59.424971
lacroix,bpt6k3712823x,,failed,0,0,,http_manifest,known,403,manifest,"Client error '403 ' for url 'https://openapiproext.bnf.fr/iiif/presentation/v3/ark:/12148/bpt6k3712823x/manifest.json'
For more information check: https://developer.mozilla.org/en-US/docs/Web/HTTP/Status/403",2026-07-17T18:23:00.642925
lacroix,bpt6k3712824b,,failed,0,0,,http_manifest,known,403,manifest,"Client error '403 ' for url 'https://openapiproext.bnf.fr/iiif/presentation/v3/ark:/12148/bpt6k3712824b/manifest.json'
For more information check: https://developer.mozilla.org/en-US/docs/Web/HTTP/Status/403",2026-07-17T18:23:01.945502
lacroix,bpt6k3712825r,,failed,0,0,,http_manifest,known,403,manifest,"Client error '403 ' for url 'https://openapiproext.bnf.fr/iiif/presentation/v3/ark:/12148/bpt6k3712825r/manifest.json'
For more information check: https://developer.mozilla.org/en-US/docs/Web/HTTP/Status/403",2026-07-17T18:23:02.918097
lacroix,bpt6k37128265,,failed,0,0,,http_manifest,known,403,manifest,"Client error '403 ' for url 'https://openapiproext.bnf.fr/iiif/presentation/v3/ark:/12148/bpt6k37128265/manifest.json'
For more information check: https://developer.mozilla.org/en-US/docs/Web/HTTP/Status/403",2026-07-17T18:23:04.156959
lacroix,bpt6k3712827k,,failed,0,0,,http_manifest,known,403,manifest,"Client error '403 ' for url 'https://openapiproext.bnf.fr/iiif/presentation/v3/ark:/12148/bpt6k3712827k/manifest.json'
For more information check: https://developer.mozilla.org/en-US/docs/Web/HTTP/Status/403",2026-07-17T18:23:05.586930
lacroix,bpt6k37128280,,failed,0,0,,http_manifest,known,403,manifest,"Client error '403 ' for url 'https://openapiproext.bnf.fr/iiif/presentation/v3/ark:/12148/bpt6k37128280/manifest.json'
For more information check: https://developer.mozilla.org/en-US/docs/Web/HTTP/Status/403",2026-07-17T18:23:06.781099
lacroix,bpt6k3712829d,,failed,0,0,,http_manifest,known,403,manifest,"Client error '403 ' for url 'https://openapiproext.bnf.fr/iiif/presentation/v3/ark:/12148/bpt6k3712829d/manifest.json'
For more information check: https://developer.mozilla.org/en-US/docs/Web/HTTP/Status/403",2026-07-17T18:23:07.731465
lacroix,bpt6k37128302,,failed,0,0,,http_manifest,known,403,manifest,"Client error '403 ' for url 'https://openapiproext.bnf.fr/iiif/presentation/v3/ark:/12148/bpt6k37128302/manifest.json'
For more information check: https://developer.mozilla.org/en-US/docs/Web/HTTP/Status/403",2026-07-17T18:23:09.091383
lacroix,bpt6k3712831g,,failed,0,0,,http_manifest,known,403,manifest,"Client error '403 ' for url 'https://openapiproext.bnf.fr/iiif/presentation/v3/ark:/12148/bpt6k3712831g/manifest.json'
For more information check: https://developer.mozilla.org/en-US/docs/Web/HTTP/Status/403",2026-07-17T18:23:10.280318
lacroix,bpt6k3712832w,,failed,0,0,,http_manifest,known,403,manifest,"Client error '403 ' for url 'https://openapiproext.bnf.fr/iiif/presentation/v3/ark:/12148/bpt6k3712832w/manifest.json'
For more information check: https://developer.mozilla.org/en-US/docs/Web/HTTP/Status/403",2026-07-17T18:23:11.332319
lacroix,bpt6k37128339,,failed,0,0,,http_manifest,known,403,manifest,"Client error '403 ' for url 'https://openapiproext.bnf.fr/iiif/presentation/v3/ark:/12148/bpt6k37128339/manifest.json'
For more information check: https://developer.mozilla.org/en-US/docs/Web/HTTP/Status/403",2026-07-17T18:23:12.544311
lacroix,bpt6k3712834q,,failed,0,0,,http_manifest,known,403,manifest,"Client error '403 ' for url 'https://openapiproext.bnf.fr/iiif/presentation/v3/ark:/12148/bpt6k3712834q/manifest.json'
For more information check: https://developer.mozilla.org/en-US/docs/Web/HTTP/Status/403",2026-07-17T18:23:13.957916
lacroix,bpt6k37128354,,failed,0,0,,http_manifest,known,403,manifest,"Client error '403 ' for url 'https://openapiproext.bnf.fr/iiif/presentation/v3/ark:/12148/bpt6k37128354/manifest.json'
For more information check: https://developer.mozilla.org/en-US/docs/Web/HTTP/Status/403",2026-07-17T18:23:14.985185
lacroix,bpt6k3712836j,,failed,0,0,,http_manifest,known,403,manifest,"Client error '403 ' for url 'https://openapiproext.bnf.fr/iiif/presentation/v3/ark:/12148/bpt6k3712836j/manifest.json'
For more information check: https://developer.mozilla.org/en-US/docs/Web/HTTP/Status/403",2026-07-17T18:23:16.137861
lacroix,bpt6k3712837z,,failed,0,0,,http_manifest,known,403,manifest,"Client error '403 ' for url 'https://openapiproext.bnf.fr/iiif/presentation/v3/ark:/12148/bpt6k3712837z/manifest.json'
For more information check: https://developer.mozilla.org/en-US/docs/Web/HTTP/Status/403",2026-07-17T18:23:17.341668
lacroix,bpt6k3712838c,,failed,0,0,,http_manifest,known,403,manifest,"Client error '403 ' for url 'https://openapiproext.bnf.fr/iiif/presentation/v3/ark:/12148/bpt6k3712838c/manifest.json'
For more information check: https://developer.mozilla.org/en-US/docs/Web/HTTP/Status/403",2026-07-17T18:23:18.543382
lacroix,bpt6k3712839s,,failed,0,0,,http_manifest,known,403,manifest,"Client error '403 ' for url 'https://openapiproext.bnf.fr/iiif/presentation/v3/ark:/12148/bpt6k3712839s/manifest.json'
For more information check: https://developer.mozilla.org/en-US/docs/Web/HTTP/Status/403",2026-07-17T18:23:19.744919
lacroix,bpt6k3712840f,,failed,0,0,,http_manifest,known,403,manifest,"Client error '403 ' for url 'https://openapiproext.bnf.fr/iiif/presentation/v3/ark:/12148/bpt6k3712840f/manifest.json'
For more information check: https://developer.mozilla.org/en-US/docs/Web/HTTP/Status/403",2026-07-17T18:23:20.945103
lacroix,bpt6k3712841v,,failed,0,0,,http_manifest,known,403,manifest,"Client error '403 ' for url 'https://openapiproext.bnf.fr/iiif/presentation/v3/ark:/12148/bpt6k3712841v/manifest.json'
For more information check: https://developer.mozilla.org/en-US/docs/Web/HTTP/Status/403",2026-07-17T18:23:22.146382
lacroix,bpt6k37128428,,failed,0,0,,http_manifest,known,403,manifest,"Client error '403 ' for url 'https://openapiproext.bnf.fr/iiif/presentation/v3/ark:/12148/bpt6k37128428/manifest.json'
For more information check: https://developer.mozilla.org/en-US/docs/Web/HTTP/Status/403",2026-07-17T18:23:23.343626
lacroix,bpt6k3712843p,,failed,0,0,,http_manifest,known,403,manifest,"Client error '403 ' for url 'https://openapiproext.bnf.fr/iiif/presentation/v3/ark:/12148/bpt6k3712843p/manifest.json'
For more information check: https://developer.mozilla.org/en-US/docs/Web/HTTP/Status/403",2026-07-17T18:23:24.543867
lacroix,bpt6k37128443,,failed,0,0,,http_manifest,known,403,manifest,"Client error '403 ' for url 'https://openapiproext.bnf.fr/iiif/presentation/v3/ark:/12148/bpt6k37128443/manifest.json'
For more information check: https://developer.mozilla.org/en-US/docs/Web/HTTP/Status/403",2026-07-17T18:23:25.772179
lacroix,bpt6k3712845h,,failed,0,0,,http_manifest,known,403,manifest,"Client error '403 ' for url 'https://openapiproext.bnf.fr/iiif/presentation/v3/ark:/12148/bpt6k3712845h/manifest.json'
For more information check: https://developer.mozilla.org/en-US/docs/Web/HTTP/Status/403",2026-07-17T18:23:26.948101
lacroix,bpt6k3712846x,,failed,0,0,,http_manifest,known,403,manifest,"Client error '403 ' for url 'https://openapiproext.bnf.fr/iiif/presentation/v3/ark:/12148/bpt6k3712846x/manifest.json'
For more information check: https://developer.mozilla.org/en-US/docs/Web/HTTP/Status/403",2026-07-17T18:23:28.154247
lacroix,bpt6k3712847b,,failed,0,0,,http_manifest,known,403,manifest,"Client error '403 ' for url 'https://openapiproext.bnf.fr/iiif/presentation/v3/ark:/12148/bpt6k3712847b/manifest.json'
For more information check: https://developer.mozilla.org/en-US/docs/Web/HTTP/Status/403",2026-07-17T18:23:29.350878
lacroix,bpt6k3712848r,,failed,0,0,,http_manifest,known,403,manifest,"Client error '403 ' for url 'https://openapiproext.bnf.fr/iiif/presentation/v3/ark:/12148/bpt6k3712848r/manifest.json'
For more information check: https://developer.mozilla.org/en-US/docs/Web/HTTP/Status/403",2026-07-17T18:23:30.554188
lacroix,bpt6k37128495,,failed,0,0,,http_manifest,known,403,manifest,"Client error '403 ' for url 'https://openapiproext.bnf.fr/iiif/presentation/v3/ark:/12148/bpt6k37128495/manifest.json'
For more information check: https://developer.mozilla.org/en-US/docs/Web/HTTP/Status/403",2026-07-17T18:23:31.780298
lacroix,bpt6k3712850t,,failed,0,0,,http_manifest,known,403,manifest,"Client error '403 ' for url 'https://openapiproext.bnf.fr/iiif/presentation/v3/ark:/12148/bpt6k3712850t/manifest.json'
For more information check: https://developer.mozilla.org/en-US/docs/Web/HTTP/Status/403",2026-07-17T18:23:32.958349
lacroix,bpt6k37128517,,failed,0,0,,http_manifest,known,403,manifest,"Client error '403 ' for url 'https://openapiproext.bnf.fr/iiif/presentation/v3/ark:/12148/bpt6k37128517/manifest.json'
For more information check: https://developer.mozilla.org/en-US/docs/Web/HTTP/Status/403",2026-07-17T18:23:34.158841
lacroix,bpt6k3712852n,,failed,0,0,,http_manifest,known,403,manifest,"Client error '403 ' for url 'https://openapiproext.bnf.fr/iiif/presentation/v3/ark:/12148/bpt6k3712852n/manifest.json'
For more information check: https://developer.mozilla.org/en-US/docs/Web/HTTP/Status/403",2026-07-17T18:23:35.363634
lacroix,bpt6k37128532,,failed,0,0,,http_manifest,known,403,manifest,"Client error '403 ' for url 'https://openapiproext.bnf.fr/iiif/presentation/v3/ark:/12148/bpt6k37128532/manifest.json'
For more information check: https://developer.mozilla.org/en-US/docs/Web/HTTP/Status/403",2026-07-17T18:23:36.569913
lacroix,bpt6k3712854g,,failed,0,0,,http_manifest,known,403,manifest,"Client error '403 ' for url 'https://openapiproext.bnf.fr/iiif/presentation/v3/ark:/12148/bpt6k3712854g/manifest.json'
For more information check: https://developer.mozilla.org/en-US/docs/Web/HTTP/Status/403",2026-07-17T18:23:37.773946
lacroix,bpt6k3712855w,,failed,0,0,,http_manifest,known,403,manifest,"Client error '403 ' for url 'https://openapiproext.bnf.fr/iiif/presentation/v3/ark:/12148/bpt6k3712855w/manifest.json'
For more information check: https://developer.mozilla.org/en-US/docs/Web/HTTP/Status/403",2026-07-17T18:23:38.979462
lacroix,bpt6k37128569,,failed,0,0,,http_manifest,known,403,manifest,"Client error '403 ' for url 'https://openapiproext.bnf.fr/iiif/presentation/v3/ark:/12148/bpt6k37128569/manifest.json'
For more information check: https://developer.mozilla.org/en-US/docs/Web/HTTP/Status/403",2026-07-17T18:23:40.177221
lacroix,bpt6k3712857q,,failed,0,0,,http_manifest,known,403,manifest,"Client error '403 ' for url 'https://openapiproext.bnf.fr/iiif/presentation/v3/ark:/12148/bpt6k3712857q/manifest.json'
For more information check: https://developer.mozilla.org/en-US/docs/Web/HTTP/Status/403",2026-07-17T18:23:41.371985
lacroix,bpt6k37128584,,failed,0,0,,http_manifest,known,403,manifest,"Client error '403 ' for url 'https://openapiproext.bnf.fr/iiif/presentation/v3/ark:/12148/bpt6k37128584/manifest.json'
For more information check: https://developer.mozilla.org/en-US/docs/Web/HTTP/Status/403",2026-07-17T18:23:42.581720
lacroix,bpt6k3712859j,,failed,0,0,,http_manifest,known,403,manifest,"Client error '403 ' for url 'https://openapiproext.bnf.fr/iiif/presentation/v3/ark:/12148/bpt6k3712859j/manifest.json'
For more information check: https://developer.mozilla.org/en-US/docs/Web/HTTP/Status/403",2026-07-17T18:23:43.796164
lacroix,bpt6k37128606,,failed,0,0,,http_manifest,known,403,manifest,"Client error '403 ' for url 'https://openapiproext.bnf.fr/iiif/presentation/v3/ark:/12148/bpt6k37128606/manifest.json'
For more information check: https://developer.mozilla.org/en-US/docs/Web/HTTP/Status/403",2026-07-17T18:23:44.973702
lacroix,bpt6k3712861m,,failed,0,0,,http_manifest,known,403,manifest,"Client error '403 ' for url 'https://openapiproext.bnf.fr/iiif/presentation/v3/ark:/12148/bpt6k3712861m/manifest.json'
For more information check: https://developer.mozilla.org/en-US/docs/Web/HTTP/Status/403",2026-07-17T18:23:46.177168
lacroix,bpt6k37128621,,failed,0,0,,http_manifest,known,403,manifest,"Client error '403 ' for url 'https://openapiproext.bnf.fr/iiif/presentation/v3/ark:/12148/bpt6k37128621/manifest.json'
For more information check: https://developer.mozilla.org/en-US/docs/Web/HTTP/Status/403",2026-07-17T18:23:47.378775
lacroix,bpt6k3712863f,,failed,0,0,,http_manifest,known,403,manifest,"Client error '403 ' for url 'https://openapiproext.bnf.fr/iiif/presentation/v3/ark:/12148/bpt6k3712863f/manifest.json'
For more information check: https://developer.mozilla.org/en-US/docs/Web/HTTP/Status/403",2026-07-17T18:23:48.577958
lacroix,bpt6k3712864v,,failed,0,0,,http_manifest,known,403,manifest,"Client error '403 ' for url 'https://openapiproext.bnf.fr/iiif/presentation/v3/ark:/12148/bpt6k3712864v/manifest.json'
For more information check: https://developer.mozilla.org/en-US/docs/Web/HTTP/Status/403",2026-07-17T18:23:49.780756
lacroix,bpt6k37128658,,failed,0,0,,http_manifest,known,403,manifest,"Client error '403 ' for url 'https://openapiproext.bnf.fr/iiif/presentation/v3/ark:/12148/bpt6k37128658/manifest.json'
For more information check: https://developer.mozilla.org/en-US/docs/Web/HTTP/Status/403",2026-07-17T18:23:50.985367
lacroix,bpt6k3712866p,,failed,0,0,,http_manifest,known,403,manifest,"Client error '403 ' for url 'https://openapiproext.bnf.fr/iiif/presentation/v3/ark:/12148/bpt6k3712866p/manifest.json'
For more information check: https://developer.mozilla.org/en-US/docs/Web/HTTP/Status/403",2026-07-17T18:23:52.187143
lacroix,bpt6k37128673,,failed,0,0,,http_manifest,known,403,manifest,"Client error '403 ' for url 'https://openapiproext.bnf.fr/iiif/presentation/v3/ark:/12148/bpt6k37128673/manifest.json'
For more information check: https://developer.mozilla.org/en-US/docs/Web/HTTP/Status/403",2026-07-17T18:23:53.388381
lacroix,bpt6k3712868h,,failed,0,0,,http_manifest,known,403,manifest,"Client error '403 ' for url 'https://openapiproext.bnf.fr/iiif/presentation/v3/ark:/12148/bpt6k3712868h/manifest.json'
For more information check: https://developer.mozilla.org/en-US/docs/Web/HTTP/Status/403",2026-07-17T18:23:54.588765
lacroix,bpt6k3712869x,,failed,0,0,,http_manifest,known,403,manifest,"Client error '403 ' for url 'https://openapiproext.bnf.fr/iiif/presentation/v3/ark:/12148/bpt6k3712869x/manifest.json'
For more information check: https://developer.mozilla.org/en-US/docs/Web/HTTP/Status/403",2026-07-17T18:23:55.818737
lacroix,bpt6k3712870k,,failed,0,0,,http_manifest,known,403,manifest,"Client error '403 ' for url 'https://openapiproext.bnf.fr/iiif/presentation/v3/ark:/12148/bpt6k3712870k/manifest.json'
For more information check: https://developer.mozilla.org/en-US/docs/Web/HTTP/Status/403",2026-07-17T18:23:56.991942
lacroix,bpt6k37128710,,failed,0,0,,http_manifest,known,403,manifest,"Client error '403 ' for url 'https://openapiproext.bnf.fr/iiif/presentation/v3/ark:/12148/bpt6k37128710/manifest.json'
For more information check: https://developer.mozilla.org/en-US/docs/Web/HTTP/Status/403",2026-07-17T18:23:58.310371
lacroix,bpt6k3712872d,,failed,0,0,,http_manifest,known,403,manifest,"Client error '403 ' for url 'https://openapiproext.bnf.fr/iiif/presentation/v3/ark:/12148/bpt6k3712872d/manifest.json'
For more information check: https://developer.mozilla.org/en-US/docs/Web/HTTP/Status/403",2026-07-17T18:23:59.403717
lacroix,bpt6k3712873t,,failed,0,0,,http_manifest,known,403,manifest,"Client error '403 ' for url 'https://openapiproext.bnf.fr/iiif/presentation/v3/ark:/12148/bpt6k3712873t/manifest.json'
For more information check: https://developer.mozilla.org/en-US/docs/Web/HTTP/Status/403",2026-07-17T18:24:00.606301
lacroix,bpt6k37128747,,failed,0,0,,http_manifest,known,403,manifest,"Client error '403 ' for url 'https://openapiproext.bnf.fr/iiif/presentation/v3/ark:/12148/bpt6k37128747/manifest.json'
For more information check: https://developer.mozilla.org/en-US/docs/Web/HTTP/Status/403",2026-07-17T18:24:01.970175
lacroix,bpt6k3712875n,,failed,0,0,,http_manifest,known,403,manifest,"Client error '403 ' for url 'https://openapiproext.bnf.fr/iiif/presentation/v3/ark:/12148/bpt6k3712875n/manifest.json'
For more information check: https://developer.mozilla.org/en-US/docs/Web/HTTP/Status/403",2026-07-17T18:24:03.012016
lacroix,bpt6k37128762,,failed,0,0,,http_manifest,known,403,manifest,"Client error '403 ' for url 'https://openapiproext.bnf.fr/iiif/presentation/v3/ark:/12148/bpt6k37128762/manifest.json'
For more information check: https://developer.mozilla.org/en-US/docs/Web/HTTP/Status/403",2026-07-17T18:24:04.236603
lacroix,bpt6k3712877g,,failed,0,0,,http_manifest,known,403,manifest,"Client error '403 ' for url 'https://openapiproext.bnf.fr/iiif/presentation/v3/ark:/12148/bpt6k3712877g/manifest.json'
For more information check: https://developer.mozilla.org/en-US/docs/Web/HTTP/Status/403",2026-07-17T18:24:05.408667
lacroix,bpt6k3712878w,,failed,0,0,,http_manifest,known,403,manifest,"Client error '403 ' for url 'https://openapiproext.bnf.fr/iiif/presentation/v3/ark:/12148/bpt6k3712878w/manifest.json'
For more information check: https://developer.mozilla.org/en-US/docs/Web/HTTP/Status/403",2026-07-17T18:24:06.633516
lacroix,bpt6k37128799,,failed,0,0,,http_manifest,known,403,manifest,"Client error '403 ' for url 'https://openapiproext.bnf.fr/iiif/presentation/v3/ark:/12148/bpt6k37128799/manifest.json'
For more information check: https://developer.mozilla.org/en-US/docs/Web/HTTP/Status/403",2026-07-17T18:24:07.805768
lacroix,bpt6k3712880z,,failed,0,0,,http_manifest,known,403,manifest,"Client error '403 ' for url 'https://openapiproext.bnf.fr/iiif/presentation/v3/ark:/12148/bpt6k3712880z/manifest.json'
For more information check: https://developer.mozilla.org/en-US/docs/Web/HTTP/Status/403",2026-07-17T18:24:09.005925
lacroix,bpt6k3712881c,,failed,0,0,,http_manifest,known,403,manifest,"Client error '403 ' for url 'https://openapiproext.bnf.fr/iiif/presentation/v3/ark:/12148/bpt6k3712881c/manifest.json'
For more information check: https://developer.mozilla.org/en-US/docs/Web/HTTP/Status/403",2026-07-17T18:24:10.349945
lacroix,bpt6k3712882s,,failed,0,0,,http_manifest,known,403,manifest,"Client error '403 ' for url 'https://openapiproext.bnf.fr/iiif/presentation/v3/ark:/12148/bpt6k3712882s/manifest.json'
For more information check: https://developer.mozilla.org/en-US/docs/Web/HTTP/Status/403",2026-07-17T18:24:11.411068
lacroix,bpt6k37128836,,failed,0,0,,http_manifest,known,403,manifest,"Client error '403 ' for url 'https://openapiproext.bnf.fr/iiif/presentation/v3/ark:/12148/bpt6k37128836/manifest.json'
For more information check: https://developer.mozilla.org/en-US/docs/Web/HTTP/Status/403",2026-07-17T18:24:12.614552
lacroix,bpt6k3712884m,,failed,0,0,,http_manifest,known,403,manifest,"Client error '403 ' for url 'https://openapiproext.bnf.fr/iiif/presentation/v3/ark:/12148/bpt6k3712884m/manifest.json'
For more information check: https://developer.mozilla.org/en-US/docs/Web/HTTP/Status/403",2026-07-17T18:24:13.828365
lacroix,bpt6k37128851,,failed,0,0,,http_manifest,known,403,manifest,"Client error '403 ' for url 'https://openapiproext.bnf.fr/iiif/presentation/v3/ark:/12148/bpt6k37128851/manifest.json'
For more information check: https://developer.mozilla.org/en-US/docs/Web/HTTP/Status/403",2026-07-17T18:24:15.009192
lacroix,bpt6k3712886f,,failed,0,0,,http_manifest,known,403,manifest,"Client error '403 ' for url 'https://openapiproext.bnf.fr/iiif/presentation/v3/ark:/12148/bpt6k3712886f/manifest.json'
For more information check: https://developer.mozilla.org/en-US/docs/Web/HTTP/Status/403",2026-07-17T18:24:16.434112
lacroix,bpt6k3712887v,,failed,0,0,,http_manifest,known,403,manifest,"Client error '403 ' for url 'https://openapiproext.bnf.fr/iiif/presentation/v3/ark:/12148/bpt6k3712887v/manifest.json'
For more information check: https://developer.mozilla.org/en-US/docs/Web/HTTP/Status/403",2026-07-17T18:24:17.418190
lacroix,bpt6k37128888,,failed,0,0,,http_manifest,known,403,manifest,"Client error '403 ' for url 'https://openapiproext.bnf.fr/iiif/presentation/v3/ark:/12148/bpt6k37128888/manifest.json'
For more information check: https://developer.mozilla.org/en-US/docs/Web/HTTP/Status/403",2026-07-17T18:24:18.668105
lacroix,bpt6k3712889p,,failed,0,0,,http_manifest,known,403,manifest,"Client error '403 ' for url 'https://openapiproext.bnf.fr/iiif/presentation/v3/ark:/12148/bpt6k3712889p/manifest.json'
For more information check: https://developer.mozilla.org/en-US/docs/Web/HTTP/Status/403",2026-07-17T18:24:19.817725
lacroix,bpt6k3712890b,,failed,0,0,,http_manifest,known,403,manifest,"Client error '403 ' for url 'https://openapiproext.bnf.fr/iiif/presentation/v3/ark:/12148/bpt6k3712890b/manifest.json'
For more information check: https://developer.mozilla.org/en-US/docs/Web/HTTP/Status/403",2026-07-17T18:24:21.025968
lacroix,bpt6k3712891r,,failed,0,0,,http_manifest,known,403,manifest,"Client error '403 ' for url 'https://openapiproext.bnf.fr/iiif/presentation/v3/ark:/12148/bpt6k3712891r/manifest.json'
For more information check: https://developer.mozilla.org/en-US/docs/Web/HTTP/Status/403",2026-07-17T18:24:22.225834
lacroix,bpt6k37128925,,failed,0,0,,http_manifest,known,403,manifest,"Client error '403 ' for url 'https://openapiproext.bnf.fr/iiif/presentation/v3/ark:/12148/bpt6k37128925/manifest.json'
For more information check: https://developer.mozilla.org/en-US/docs/Web/HTTP/Status/403",2026-07-17T18:24:23.428521
lacroix,bpt6k3712893k,,failed,0,0,,http_manifest,known,403,manifest,"Client error '403 ' for url 'https://openapiproext.bnf.fr/iiif/presentation/v3/ark:/12148/bpt6k3712893k/manifest.json'
For more information check: https://developer.mozilla.org/en-US/docs/Web/HTTP/Status/403",2026-07-17T18:24:24.626340
lacroix,bpt6k37128940,,failed,0,0,,http_manifest,known,403,manifest,"Client error '403 ' for url 'https://openapiproext.bnf.fr/iiif/presentation/v3/ark:/12148/bpt6k37128940/manifest.json'
For more information check: https://developer.mozilla.org/en-US/docs/Web/HTTP/Status/403",2026-07-17T18:24:25.847096
lacroix,bpt6k3712895d,,failed,0,0,,http_manifest,known,403,manifest,"Client error '403 ' for url 'https://openapiproext.bnf.fr/iiif/presentation/v3/ark:/12148/bpt6k3712895d/manifest.json'
For more information check: https://developer.mozilla.org/en-US/docs/Web/HTTP/Status/403",2026-07-17T18:24:27.029423
lacroix,bpt6k3712896t,,failed,0,0,,http_manifest,known,403,manifest,"Client error '403 ' for url 'https://openapiproext.bnf.fr/iiif/presentation/v3/ark:/12148/bpt6k3712896t/manifest.json'
For more information check: https://developer.mozilla.org/en-US/docs/Web/HTTP/Status/403",2026-07-17T18:24:28.232504
lacroix,bpt6k37128977,,failed,0,0,,http_manifest,known,403,manifest,"Client error '403 ' for url 'https://openapiproext.bnf.fr/iiif/presentation/v3/ark:/12148/bpt6k37128977/manifest.json'
For more information check: https://developer.mozilla.org/en-US/docs/Web/HTTP/Status/403",2026-07-17T18:24:29.433262
lacroix,bpt6k3712898n,,failed,0,0,,http_manifest,known,403,manifest,"Client error '403 ' for url 'https://openapiproext.bnf.fr/iiif/presentation/v3/ark:/12148/bpt6k3712898n/manifest.json'
For more information check: https://developer.mozilla.org/en-US/docs/Web/HTTP/Status/403",2026-07-17T18:24:30.636700
lacroix,bpt6k37128992,,failed,0,0,,http_manifest,known,403,manifest,"Client error '403 ' for url 'https://openapiproext.bnf.fr/iiif/presentation/v3/ark:/12148/bpt6k37128992/manifest.json'
For more information check: https://developer.mozilla.org/en-US/docs/Web/HTTP/Status/403",2026-07-17T18:24:31.856407
lacroix,bpt6k37129008,,failed,0,0,,http_manifest,known,403,manifest,"Client error '403 ' for url 'https://openapiproext.bnf.fr/iiif/presentation/v3/ark:/12148/bpt6k37129008/manifest.json'
For more information check: https://developer.mozilla.org/en-US/docs/Web/HTTP/Status/403",2026-07-17T18:24:33.045705
lacroix,bpt6k3712901p,,failed,0,0,,http_manifest,known,403,manifest,"Client error '403 ' for url 'https://openapiproext.bnf.fr/iiif/presentation/v3/ark:/12148/bpt6k3712901p/manifest.json'
For more information check: https://developer.mozilla.org/en-US/docs/Web/HTTP/Status/403",2026-07-17T18:24:34.240684
lacroix,bpt6k37129023,,failed,0,0,,http_manifest,known,403,manifest,"Client error '403 ' for url 'https://openapiproext.bnf.fr/iiif/presentation/v3/ark:/12148/bpt6k37129023/manifest.json'
For more information check: https://developer.mozilla.org/en-US/docs/Web/HTTP/Status/403",2026-07-17T18:24:35.442979
lacroix,bpt6k3712903h,,failed,0,0,,http_manifest,known,403,manifest,"Client error '403 ' for url 'https://openapiproext.bnf.fr/iiif/presentation/v3/ark:/12148/bpt6k3712903h/manifest.json'
For more information check: https://developer.mozilla.org/en-US/docs/Web/HTTP/Status/403",2026-07-17T18:24:36.646380
lacroix,bpt6k3712904x,,failed,0,0,,http_manifest,known,403,manifest,"Client error '403 ' for url 'https://openapiproext.bnf.fr/iiif/presentation/v3/ark:/12148/bpt6k3712904x/manifest.json'
For more information check: https://developer.mozilla.org/en-US/docs/Web/HTTP/Status/403",2026-07-17T18:24:37.844016
lacroix,bpt6k3712905b,,failed,0,0,,http_manifest,known,403,manifest,"Client error '403 ' for url 'https://openapiproext.bnf.fr/iiif/presentation/v3/ark:/12148/bpt6k3712905b/manifest.json'
For more information check: https://developer.mozilla.org/en-US/docs/Web/HTTP/Status/403",2026-07-17T18:24:39.076994
lacroix,bpt6k3712906r,,failed,0,0,,http_manifest,known,403,manifest,"Client error '403 ' for url 'https://openapiproext.bnf.fr/iiif/presentation/v3/ark:/12148/bpt6k3712906r/manifest.json'
For more information check: https://developer.mozilla.org/en-US/docs/Web/HTTP/Status/403",2026-07-17T18:24:40.274663
lacroix,bpt6k37129075,,failed,0,0,,http_manifest,known,403,manifest,"Client error '403 ' for url 'https://openapiproext.bnf.fr/iiif/presentation/v3/ark:/12148/bpt6k37129075/manifest.json'
For more information check: https://developer.mozilla.org/en-US/docs/Web/HTTP/Status/403",2026-07-17T18:24:41.451965
lacroix,bpt6k3712908k,,failed,0,0,,http_manifest,known,403,manifest,"Client error '403 ' for url 'https://openapiproext.bnf.fr/iiif/presentation/v3/ark:/12148/bpt6k3712908k/manifest.json'
For more information check: https://developer.mozilla.org/en-US/docs/Web/HTTP/Status/403",2026-07-17T18:24:42.657363
lacroix,bpt6k37129090,,failed,0,0,,http_manifest,known,403,manifest,"Client error '403 ' for url 'https://openapiproext.bnf.fr/iiif/presentation/v3/ark:/12148/bpt6k37129090/manifest.json'
For more information check: https://developer.mozilla.org/en-US/docs/Web/HTTP/Status/403",2026-07-17T18:24:43.855169
lacroix,bpt6k3712910n,,failed,0,0,,http_manifest,known,403,manifest,"Client error '403 ' for url 'https://openapiproext.bnf.fr/iiif/presentation/v3/ark:/12148/bpt6k3712910n/manifest.json'
For more information check: https://developer.mozilla.org/en-US/docs/Web/HTTP/Status/403",2026-07-17T18:24:45.056090
lacroix,bpt6k37129112,,failed,0,0,,http_manifest,known,403,manifest,"Client error '403 ' for url 'https://openapiproext.bnf.fr/iiif/presentation/v3/ark:/12148/bpt6k37129112/manifest.json'
For more information check: https://developer.mozilla.org/en-US/docs/Web/HTTP/Status/403",2026-07-17T18:24:46.258646
lacroix,bpt6k3712912g,,failed,0,0,,http_manifest,known,403,manifest,"Client error '403 ' for url 'https://openapiproext.bnf.fr/iiif/presentation/v3/ark:/12148/bpt6k3712912g/manifest.json'
For more information check: https://developer.mozilla.org/en-US/docs/Web/HTTP/Status/403",2026-07-17T18:24:47.460171
lacroix,bpt6k3712913w,,failed,0,0,,http_manifest,known,403,manifest,"Client error '403 ' for url 'https://openapiproext.bnf.fr/iiif/presentation/v3/ark:/12148/bpt6k3712913w/manifest.json'
For more information check: https://developer.mozilla.org/en-US/docs/Web/HTTP/Status/403",2026-07-17T18:24:48.664145
lacroix,bpt6k37129149,,failed,0,0,,http_manifest,known,403,manifest,"Client error '403 ' for url 'https://openapiproext.bnf.fr/iiif/presentation/v3/ark:/12148/bpt6k37129149/manifest.json'
For more information check: https://developer.mozilla.org/en-US/docs/Web/HTTP/Status/403",2026-07-17T18:24:49.866530
lacroix,bpt6k3712915q,,failed,0,0,,http_manifest,known,403,manifest,"Client error '403 ' for url 'https://openapiproext.bnf.fr/iiif/presentation/v3/ark:/12148/bpt6k3712915q/manifest.json'
For more information check: https://developer.mozilla.org/en-US/docs/Web/HTTP/Status/403",2026-07-17T18:24:51.067758
lacroix,bpt6k37129164,,failed,0,0,,http_manifest,known,403,manifest,"Client error '403 ' for url 'https://openapiproext.bnf.fr/iiif/presentation/v3/ark:/12148/bpt6k37129164/manifest.json'
For more information check: https://developer.mozilla.org/en-US/docs/Web/HTTP/Status/403",2026-07-17T18:24:52.296608
lacroix,bpt6k3712917j,,failed,0,0,,http_manifest,known,403,manifest,"Client error '403 ' for url 'https://openapiproext.bnf.fr/iiif/presentation/v3/ark:/12148/bpt6k3712917j/manifest.json'
For more information check: https://developer.mozilla.org/en-US/docs/Web/HTTP/Status/403",2026-07-17T18:24:53.479341
lacroix,bpt6k3712918z,,failed,0,0,,http_manifest,known,403,manifest,"Client error '403 ' for url 'https://openapiproext.bnf.fr/iiif/presentation/v3/ark:/12148/bpt6k3712918z/manifest.json'
For more information check: https://developer.mozilla.org/en-US/docs/Web/HTTP/Status/403",2026-07-17T18:24:54.670502
lacroix,bpt6k3712919c,,failed,0,0,,http_manifest,known,403,manifest,"Client error '403 ' for url 'https://openapiproext.bnf.fr/iiif/presentation/v3/ark:/12148/bpt6k3712919c/manifest.json'
For more information check: https://developer.mozilla.org/en-US/docs/Web/HTTP/Status/403",2026-07-17T18:24:55.880633
lacroix,bpt6k37129201,,failed,0,0,,http_manifest,known,403,manifest,"Client error '403 ' for url 'https://openapiproext.bnf.fr/iiif/presentation/v3/ark:/12148/bpt6k37129201/manifest.json'
For more information check: https://developer.mozilla.org/en-US/docs/Web/HTTP/Status/403",2026-07-17T18:24:57.096548
lacroix,bpt6k3712921f,,failed,0,0,,http_manifest,known,403,manifest,"Client error '403 ' for url 'https://openapiproext.bnf.fr/iiif/presentation/v3/ark:/12148/bpt6k3712921f/manifest.json'
For more information check: https://developer.mozilla.org/en-US/docs/Web/HTTP/Status/403",2026-07-17T18:24:58.529107
lacroix,bpt6k3712922v,,failed,0,0,,http_manifest,known,403,manifest,"Client error '403 ' for url 'https://openapiproext.bnf.fr/iiif/presentation/v3/ark:/12148/bpt6k3712922v/manifest.json'
For more information check: https://developer.mozilla.org/en-US/docs/Web/HTTP/Status/403",2026-07-17T18:24:59.724090
lacroix,bpt6k37129238,,failed,0,0,,http_manifest,known,403,manifest,"Client error '403 ' for url 'https://openapiproext.bnf.fr/iiif/presentation/v3/ark:/12148/bpt6k37129238/manifest.json'
For more information check: https://developer.mozilla.org/en-US/docs/Web/HTTP/Status/403",2026-07-17T18:25:00.683180
lacroix,bpt6k3712924p,,failed,0,0,,http_manifest,known,403,manifest,"Client error '403 ' for url 'https://openapiproext.bnf.fr/iiif/presentation/v3/ark:/12148/bpt6k3712924p/manifest.json'
For more information check: https://developer.mozilla.org/en-US/docs/Web/HTTP/Status/403",2026-07-17T18:25:01.966316
lacroix,bpt6k37129253,,failed,0,0,,http_manifest,known,403,manifest,"Client error '403 ' for url 'https://openapiproext.bnf.fr/iiif/presentation/v3/ark:/12148/bpt6k37129253/manifest.json'
For more information check: https://developer.mozilla.org/en-US/docs/Web/HTTP/Status/403",2026-07-17T18:25:03.079158
lacroix,bpt6k3712926h,,failed,0,0,,http_manifest,known,403,manifest,"Client error '403 ' for url 'https://openapiproext.bnf.fr/iiif/presentation/v3/ark:/12148/bpt6k3712926h/manifest.json'
For more information check: https://developer.mozilla.org/en-US/docs/Web/HTTP/Status/403",2026-07-17T18:25:04.439746
lacroix,bpt6k3712927x,,failed,0,0,,http_manifest,known,403,manifest,"Client error '403 ' for url 'https://openapiproext.bnf.fr/iiif/presentation/v3/ark:/12148/bpt6k3712927x/manifest.json'
For more information check: https://developer.mozilla.org/en-US/docs/Web/HTTP/Status/403",2026-07-17T18:25:05.575024
lacroix,bpt6k3712928b,,failed,0,0,,http_manifest,known,403,manifest,"Client error '403 ' for url 'https://openapiproext.bnf.fr/iiif/presentation/v3/ark:/12148/bpt6k3712928b/manifest.json'
For more information check: https://developer.mozilla.org/en-US/docs/Web/HTTP/Status/403",2026-07-17T18:25:06.918903
lacroix,bpt6k3712929r,,failed,0,0,,http_manifest,known,403,manifest,"Client error '403 ' for url 'https://openapiproext.bnf.fr/iiif/presentation/v3/ark:/12148/bpt6k3712929r/manifest.json'
For more information check: https://developer.mozilla.org/en-US/docs/Web/HTTP/Status/403",2026-07-17T18:25:07.902275
lacroix,bpt6k3712930d,,failed,0,0,,http_manifest,known,403,manifest,"Client error '403 ' for url 'https://openapiproext.bnf.fr/iiif/presentation/v3/ark:/12148/bpt6k3712930d/manifest.json'
For more information check: https://developer.mozilla.org/en-US/docs/Web/HTTP/Status/403",2026-07-17T18:25:09.118954
lacroix,bpt6k3712931t,,failed,0,0,,http_manifest,known,403,manifest,"Client error '403 ' for url 'https://openapiproext.bnf.fr/iiif/presentation/v3/ark:/12148/bpt6k3712931t/manifest.json'
For more information check: https://developer.mozilla.org/en-US/docs/Web/HTTP/Status/403",2026-07-17T18:25:10.355580
lacroix,bpt6k37129327,,failed,0,0,,http_manifest,known,403,manifest,"Client error '403 ' for url 'https://openapiproext.bnf.fr/iiif/presentation/v3/ark:/12148/bpt6k37129327/manifest.json'
For more information check: https://developer.mozilla.org/en-US/docs/Web/HTTP/Status/403",2026-07-17T18:25:11.496121
lacroix,bpt6k3712933n,,failed,0,0,,http_manifest,known,403,manifest,"Client error '403 ' for url 'https://openapiproext.bnf.fr/iiif/presentation/v3/ark:/12148/bpt6k3712933n/manifest.json'
For more information check: https://developer.mozilla.org/en-US/docs/Web/HTTP/Status/403",2026-07-17T18:25:12.869459
lacroix,bpt6k37129342,,failed,0,0,,http_manifest,known,403,manifest,"Client error '403 ' for url 'https://openapiproext.bnf.fr/iiif/presentation/v3/ark:/12148/bpt6k37129342/manifest.json'
For more information check: https://developer.mozilla.org/en-US/docs/Web/HTTP/Status/403",2026-07-17T18:25:14.070839
lacroix,bpt6k3712935g,,failed,0,0,,http_manifest,known,403,manifest,"Client error '403 ' for url 'https://openapiproext.bnf.fr/iiif/presentation/v3/ark:/12148/bpt6k3712935g/manifest.json'
For more information check: https://developer.mozilla.org/en-US/docs/Web/HTTP/Status/403",2026-07-17T18:25:15.150886
lacroix,bpt6k3712936w,,failed,0,0,,http_manifest,known,403,manifest,"Client error '403 ' for url 'https://openapiproext.bnf.fr/iiif/presentation/v3/ark:/12148/bpt6k3712936w/manifest.json'
For more information check: https://developer.mozilla.org/en-US/docs/Web/HTTP/Status/403",2026-07-17T18:25:16.299649
lacroix,bpt6k37129379,,failed,0,0,,http_manifest,known,403,manifest,"Client error '403 ' for url 'https://openapiproext.bnf.fr/iiif/presentation/v3/ark:/12148/bpt6k37129379/manifest.json'
For more information check: https://developer.mozilla.org/en-US/docs/Web/HTTP/Status/403",2026-07-17T18:25:17.508508
lacroix,bpt6k3712938q,,failed,0,0,,http_manifest,known,403,manifest,"Client error '403 ' for url 'https://openapiproext.bnf.fr/iiif/presentation/v3/ark:/12148/bpt6k3712938q/manifest.json'
For more information check: https://developer.mozilla.org/en-US/docs/Web/HTTP/Status/403",2026-07-17T18:25:18.712409
lacroix,bpt6k37129394,,failed,0,0,,http_manifest,known,403,manifest,"Client error '403 ' for url 'https://openapiproext.bnf.fr/iiif/presentation/v3/ark:/12148/bpt6k37129394/manifest.json'
For more information check: https://developer.mozilla.org/en-US/docs/Web/HTTP/Status/403",2026-07-17T18:25:19.911302
lacroix,bpt6k3712940s,,failed,0,0,,http_manifest,known,403,manifest,"Client error '403 ' for url 'https://openapiproext.bnf.fr/iiif/presentation/v3/ark:/12148/bpt6k3712940s/manifest.json'
For more information check: https://developer.mozilla.org/en-US/docs/Web/HTTP/Status/403",2026-07-17T18:25:21.105553
lacroix,bpt6k37129416,,failed,0,0,,http_manifest,known,403,manifest,"Client error '403 ' for url 'https://openapiproext.bnf.fr/iiif/presentation/v3/ark:/12148/bpt6k37129416/manifest.json'
For more information check: https://developer.mozilla.org/en-US/docs/Web/HTTP/Status/403",2026-07-17T18:25:22.331832
lacroix,bpt6k3712942m,,failed,0,0,,http_manifest,known,403,manifest,"Client error '403 ' for url 'https://openapiproext.bnf.fr/iiif/presentation/v3/ark:/12148/bpt6k3712942m/manifest.json'
For more information check: https://developer.mozilla.org/en-US/docs/Web/HTTP/Status/403",2026-07-17T18:25:23.511255
lacroix,bpt6k37129431,,failed,0,0,,http_manifest,known,403,manifest,"Client error '403 ' for url 'https://openapiproext.bnf.fr/iiif/presentation/v3/ark:/12148/bpt6k37129431/manifest.json'
For more information check: https://developer.mozilla.org/en-US/docs/Web/HTTP/Status/403",2026-07-17T18:25:24.722016
lacroix,bpt6k3712944f,,failed,0,0,,http_manifest,known,403,manifest,"Client error '403 ' for url 'https://openapiproext.bnf.fr/iiif/presentation/v3/ark:/12148/bpt6k3712944f/manifest.json'
For more information check: https://developer.mozilla.org/en-US/docs/Web/HTTP/Status/403",2026-07-17T18:25:25.913915
lacroix,bpt6k3712945v,,failed,0,0,,http_manifest,known,403,manifest,"Client error '403 ' for url 'https://openapiproext.bnf.fr/iiif/presentation/v3/ark:/12148/bpt6k3712945v/manifest.json'
For more information check: https://developer.mozilla.org/en-US/docs/Web/HTTP/Status/403",2026-07-17T18:25:27.123419
lacroix,bpt6k37129468,,failed,0,0,,http_manifest,known,403,manifest,"Client error '403 ' for url 'https://openapiproext.bnf.fr/iiif/presentation/v3/ark:/12148/bpt6k37129468/manifest.json'
For more information check: https://developer.mozilla.org/en-US/docs/Web/HTTP/Status/403",2026-07-17T18:25:28.343767
lacroix,bpt6k3712947p,,failed,0,0,,http_manifest,known,403,manifest,"Client error '403 ' for url 'https://openapiproext.bnf.fr/iiif/presentation/v3/ark:/12148/bpt6k3712947p/manifest.json'
For more information check: https://developer.mozilla.org/en-US/docs/Web/HTTP/Status/403",2026-07-17T18:25:29.526754
lacroix,bpt6k37129483,,failed,0,0,,http_manifest,known,403,manifest,"Client error '403 ' for url 'https://openapiproext.bnf.fr/iiif/presentation/v3/ark:/12148/bpt6k37129483/manifest.json'
For more information check: https://developer.mozilla.org/en-US/docs/Web/HTTP/Status/403",2026-07-17T18:25:30.726682
lacroix,bpt6k3712949h,,failed,0,0,,http_manifest,known,403,manifest,"Client error '403 ' for url 'https://openapiproext.bnf.fr/iiif/presentation/v3/ark:/12148/bpt6k3712949h/manifest.json'
For more information check: https://developer.mozilla.org/en-US/docs/Web/HTTP/Status/403",2026-07-17T18:25:31.927657
lacroix,bpt6k37129505,,failed,0,0,,http_manifest,known,403,manifest,"Client error '403 ' for url 'https://openapiproext.bnf.fr/iiif/presentation/v3/ark:/12148/bpt6k37129505/manifest.json'
For more information check: https://developer.mozilla.org/en-US/docs/Web/HTTP/Status/403",2026-07-17T18:25:33.127626
lacroix,bpt6k3712951k,,failed,0,0,,http_manifest,known,403,manifest,"Client error '403 ' for url 'https://openapiproext.bnf.fr/iiif/presentation/v3/ark:/12148/bpt6k3712951k/manifest.json'
For more information check: https://developer.mozilla.org/en-US/docs/Web/HTTP/Status/403",2026-07-17T18:25:34.330200
lacroix,bpt6k37129520,,failed,0,0,,http_manifest,known,403,manifest,"Client error '403 ' for url 'https://openapiproext.bnf.fr/iiif/presentation/v3/ark:/12148/bpt6k37129520/manifest.json'
For more information check: https://developer.mozilla.org/en-US/docs/Web/HTTP/Status/403",2026-07-17T18:25:35.531209
lacroix,bpt6k3712953d,,failed,0,0,,http_manifest,known,403,manifest,"Client error '403 ' for url 'https://openapiproext.bnf.fr/iiif/presentation/v3/ark:/12148/bpt6k3712953d/manifest.json'
For more information check: https://developer.mozilla.org/en-US/docs/Web/HTTP/Status/403",2026-07-17T18:25:36.733889
lacroix,bpt6k3712954t,,failed,0,0,,http_manifest,known,403,manifest,"Client error '403 ' for url 'https://openapiproext.bnf.fr/iiif/presentation/v3/ark:/12148/bpt6k3712954t/manifest.json'
For more information check: https://developer.mozilla.org/en-US/docs/Web/HTTP/Status/403",2026-07-17T18:25:37.934061
lacroix,bpt6k37129557,,failed,0,0,,http_manifest,known,403,manifest,"Client error '403 ' for url 'https://openapiproext.bnf.fr/iiif/presentation/v3/ark:/12148/bpt6k37129557/manifest.json'
For more information check: https://developer.mozilla.org/en-US/docs/Web/HTTP/Status/403",2026-07-17T18:25:39.137744
lacroix,bpt6k3712956n,,failed,0,0,,http_manifest,known,403,manifest,"Client error '403 ' for url 'https://openapiproext.bnf.fr/iiif/presentation/v3/ark:/12148/bpt6k3712956n/manifest.json'
For more information check: https://developer.mozilla.org/en-US/docs/Web/HTTP/Status/403",2026-07-17T18:25:40.353346
lacroix,bpt6k37129572,,failed,0,0,,http_manifest,known,403,manifest,"Client error '403 ' for url 'https://openapiproext.bnf.fr/iiif/presentation/v3/ark:/12148/bpt6k37129572/manifest.json'
For more information check: https://developer.mozilla.org/en-US/docs/Web/HTTP/Status/403",2026-07-17T18:25:41.535010
lacroix,bpt6k3712958g,,failed,0,0,,http_manifest,known,403,manifest,"Client error '403 ' for url 'https://openapiproext.bnf.fr/iiif/presentation/v3/ark:/12148/bpt6k3712958g/manifest.json'
For more information check: https://developer.mozilla.org/en-US/docs/Web/HTTP/Status/403",2026-07-17T18:25:42.739535
lacroix,bpt6k3712959w,,failed,0,0,,http_manifest,known,403,manifest,"Client error '403 ' for url 'https://openapiproext.bnf.fr/iiif/presentation/v3/ark:/12148/bpt6k3712959w/manifest.json'
For more information check: https://developer.mozilla.org/en-US/docs/Web/HTTP/Status/403",2026-07-17T18:25:43.941822
lacroix,bpt6k3712960j,,failed,0,0,,http_manifest,known,403,manifest,"Client error '403 ' for url 'https://openapiproext.bnf.fr/iiif/presentation/v3/ark:/12148/bpt6k3712960j/manifest.json'
For more information check: https://developer.mozilla.org/en-US/docs/Web/HTTP/Status/403",2026-07-17T18:25:45.145165
lacroix,bpt6k3712961z,,failed,0,0,,http_manifest,known,403,manifest,"Client error '403 ' for url 'https://openapiproext.bnf.fr/iiif/presentation/v3/ark:/12148/bpt6k3712961z/manifest.json'
For more information check: https://developer.mozilla.org/en-US/docs/Web/HTTP/Status/403",2026-07-17T18:25:46.440509
lacroix,bpt6k3712962c,,failed,0,0,,http_manifest,known,403,manifest,"Client error '403 ' for url 'https://openapiproext.bnf.fr/iiif/presentation/v3/ark:/12148/bpt6k3712962c/manifest.json'
For more information check: https://developer.mozilla.org/en-US/docs/Web/HTTP/Status/403",2026-07-17T18:25:47.552475
lacroix,bpt6k3712963s,,failed,0,0,,http_manifest,known,403,manifest,"Client error '403 ' for url 'https://openapiproext.bnf.fr/iiif/presentation/v3/ark:/12148/bpt6k3712963s/manifest.json'
For more information check: https://developer.mozilla.org/en-US/docs/Web/HTTP/Status/403",2026-07-17T18:25:48.750977
lacroix,bpt6k37129646,,failed,0,0,,http_manifest,known,403,manifest,"Client error '403 ' for url 'https://openapiproext.bnf.fr/iiif/presentation/v3/ark:/12148/bpt6k37129646/manifest.json'
For more information check: https://developer.mozilla.org/en-US/docs/Web/HTTP/Status/403",2026-07-17T18:25:49.951898
lacroix,bpt6k3712965m,,failed,0,0,,http_manifest,known,403,manifest,"Client error '403 ' for url 'https://openapiproext.bnf.fr/iiif/presentation/v3/ark:/12148/bpt6k3712965m/manifest.json'
For more information check: https://developer.mozilla.org/en-US/docs/Web/HTTP/Status/403",2026-07-17T18:25:51.154933
lacroix,bpt6k37129661,,failed,0,0,,http_manifest,known,403,manifest,"Client error '403 ' for url 'https://openapiproext.bnf.fr/iiif/presentation/v3/ark:/12148/bpt6k37129661/manifest.json'
For more information check: https://developer.mozilla.org/en-US/docs/Web/HTTP/Status/403",2026-07-17T18:25:52.373604
lacroix,bpt6k3712967f,,failed,0,0,,http_manifest,known,403,manifest,"Client error '403 ' for url 'https://openapiproext.bnf.fr/iiif/presentation/v3/ark:/12148/bpt6k3712967f/manifest.json'
For more information check: https://developer.mozilla.org/en-US/docs/Web/HTTP/Status/403",2026-07-17T18:25:53.566348
lacroix,bpt6k3712968v,,failed,0,0,,http_manifest,known,403,manifest,"Client error '403 ' for url 'https://openapiproext.bnf.fr/iiif/presentation/v3/ark:/12148/bpt6k3712968v/manifest.json'
For more information check: https://developer.mozilla.org/en-US/docs/Web/HTTP/Status/403",2026-07-17T18:25:54.765725
lacroix,bpt6k37129698,,failed,0,0,,http_manifest,known,403,manifest,"Client error '403 ' for url 'https://openapiproext.bnf.fr/iiif/presentation/v3/ark:/12148/bpt6k37129698/manifest.json'
For more information check: https://developer.mozilla.org/en-US/docs/Web/HTTP/Status/403",2026-07-17T18:25:55.961977
lacroix,bpt6k3712970x,,failed,0,0,,http_manifest,known,403,manifest,"Client error '403 ' for url 'https://openapiproext.bnf.fr/iiif/presentation/v3/ark:/12148/bpt6k3712970x/manifest.json'
For more information check: https://developer.mozilla.org/en-US/docs/Web/HTTP/Status/403",2026-07-17T18:25:57.162124
lacroix,bpt6k3712971b,,failed,0,0,,http_manifest,known,403,manifest,"Client error '403 ' for url 'https://openapiproext.bnf.fr/iiif/presentation/v3/ark:/12148/bpt6k3712971b/manifest.json'
For more information check: https://developer.mozilla.org/en-US/docs/Web/HTTP/Status/403",2026-07-17T18:25:58.546354
lacroix,bpt6k3712972r,,failed,0,0,,http_manifest,known,403,manifest,"Client error '403 ' for url 'https://openapiproext.bnf.fr/iiif/presentation/v3/ark:/12148/bpt6k3712972r/manifest.json'
For more information check: https://developer.mozilla.org/en-US/docs/Web/HTTP/Status/403",2026-07-17T18:25:59.724764
lacroix,bpt6k37129735,,failed,0,0,,http_manifest,known,403,manifest,"Client error '403 ' for url 'https://openapiproext.bnf.fr/iiif/presentation/v3/ark:/12148/bpt6k37129735/manifest.json'
For more information check: https://developer.mozilla.org/en-US/docs/Web/HTTP/Status/403",2026-07-17T18:26:00.767094
lacroix,bpt6k3712974k,,failed,0,0,,http_manifest,known,403,manifest,"Client error '403 ' for url 'https://openapiproext.bnf.fr/iiif/presentation/v3/ark:/12148/bpt6k3712974k/manifest.json'
For more information check: https://developer.mozilla.org/en-US/docs/Web/HTTP/Status/403",2026-07-17T18:26:02.152060
lacroix,bpt6k37129750,,failed,0,0,,http_manifest,known,403,manifest,"Client error '403 ' for url 'https://openapiproext.bnf.fr/iiif/presentation/v3/ark:/12148/bpt6k37129750/manifest.json'
For more information check: https://developer.mozilla.org/en-US/docs/Web/HTTP/Status/403",2026-07-17T18:26:03.179178
lacroix,bpt6k3712976d,,failed,0,0,,http_manifest,known,403,manifest,"Client error '403 ' for url 'https://openapiproext.bnf.fr/iiif/presentation/v3/ark:/12148/bpt6k3712976d/manifest.json'
For more information check: https://developer.mozilla.org/en-US/docs/Web/HTTP/Status/403",2026-07-17T18:26:04.565197
lacroix,bpt6k3712977t,,failed,0,0,,http_manifest,known,403,manifest,"Client error '403 ' for url 'https://openapiproext.bnf.fr/iiif/presentation/v3/ark:/12148/bpt6k3712977t/manifest.json'
For more information check: https://developer.mozilla.org/en-US/docs/Web/HTTP/Status/403",2026-07-17T18:26:05.796465
lacroix,bpt6k37129787,,failed,0,0,,http_manifest,known,403,manifest,"Client error '403 ' for url 'https://openapiproext.bnf.fr/iiif/presentation/v3/ark:/12148/bpt6k37129787/manifest.json'
For more information check: https://developer.mozilla.org/en-US/docs/Web/HTTP/Status/403",2026-07-17T18:26:07.005143
lacroix,bpt6k3712979n,,failed,0,0,,http_manifest,known,403,manifest,"Client error '403 ' for url 'https://openapiproext.bnf.fr/iiif/presentation/v3/ark:/12148/bpt6k3712979n/manifest.json'
For more information check: https://developer.mozilla.org/en-US/docs/Web/HTTP/Status/403",2026-07-17T18:26:07.973532
lacroix,bpt6k37129809,,failed,0,0,,http_manifest,known,403,manifest,"Client error '403 ' for url 'https://openapiproext.bnf.fr/iiif/presentation/v3/ark:/12148/bpt6k37129809/manifest.json'
For more information check: https://developer.mozilla.org/en-US/docs/Web/HTTP/Status/403",2026-07-17T18:26:09.276762
lacroix,bpt6k3712981q,,failed,0,0,,http_manifest,known,403,manifest,"Client error '403 ' for url 'https://openapiproext.bnf.fr/iiif/presentation/v3/ark:/12148/bpt6k3712981q/manifest.json'
For more information check: https://developer.mozilla.org/en-US/docs/Web/HTTP/Status/403",2026-07-17T18:26:10.402029
lacroix,bpt6k37129824,,failed,0,0,,http_manifest,known,403,manifest,"Client error '403 ' for url 'https://openapiproext.bnf.fr/iiif/presentation/v3/ark:/12148/bpt6k37129824/manifest.json'
For more information check: https://developer.mozilla.org/en-US/docs/Web/HTTP/Status/403",2026-07-17T18:26:11.589526
lacroix,bpt6k3712983j,,failed,0,0,,http_manifest,known,403,manifest,"Client error '403 ' for url 'https://openapiproext.bnf.fr/iiif/presentation/v3/ark:/12148/bpt6k3712983j/manifest.json'
For more information check: https://developer.mozilla.org/en-US/docs/Web/HTTP/Status/403",2026-07-17T18:26:12.941420
lacroix,bpt6k3712984z,,failed,0,0,,http_manifest,known,403,manifest,"Client error '403 ' for url 'https://openapiproext.bnf.fr/iiif/presentation/v3/ark:/12148/bpt6k3712984z/manifest.json'
For more information check: https://developer.mozilla.org/en-US/docs/Web/HTTP/Status/403",2026-07-17T18:26:13.986385
lacroix,bpt6k3712985c,,failed,0,0,,http_manifest,known,403,manifest,"Client error '403 ' for url 'https://openapiproext.bnf.fr/iiif/presentation/v3/ark:/12148/bpt6k3712985c/manifest.json'
For more information check: https://developer.mozilla.org/en-US/docs/Web/HTTP/Status/403",2026-07-17T18:26:15.374058
lacroix,bpt6k3712986s,,failed,0,0,,http_manifest,known,403,manifest,"Client error '403 ' for url 'https://openapiproext.bnf.fr/iiif/presentation/v3/ark:/12148/bpt6k3712986s/manifest.json'
For more information check: https://developer.mozilla.org/en-US/docs/Web/HTTP/Status/403",2026-07-17T18:26:16.388485
lacroix,bpt6k37129876,,failed,0,0,,http_manifest,known,403,manifest,"Client error '403 ' for url 'https://openapiproext.bnf.fr/iiif/presentation/v3/ark:/12148/bpt6k37129876/manifest.json'
For more information check: https://developer.mozilla.org/en-US/docs/Web/HTTP/Status/403",2026-07-17T18:26:17.761233
lacroix,bpt6k3712988m,,failed,0,0,,http_manifest,known,403,manifest,"Client error '403 ' for url 'https://openapiproext.bnf.fr/iiif/presentation/v3/ark:/12148/bpt6k3712988m/manifest.json'
For more information check: https://developer.mozilla.org/en-US/docs/Web/HTTP/Status/403",2026-07-17T18:26:18.813958
lacroix,bpt6k37129891,,failed,0,0,,http_manifest,known,403,manifest,"Client error '403 ' for url 'https://openapiproext.bnf.fr/iiif/presentation/v3/ark:/12148/bpt6k37129891/manifest.json'
For more information check: https://developer.mozilla.org/en-US/docs/Web/HTTP/Status/403",2026-07-17T18:26:20.100407
lacroix,bpt6k3712990p,,failed,0,0,,http_manifest,known,403,manifest,"Client error '403 ' for url 'https://openapiproext.bnf.fr/iiif/presentation/v3/ark:/12148/bpt6k3712990p/manifest.json'
For more information check: https://developer.mozilla.org/en-US/docs/Web/HTTP/Status/403",2026-07-17T18:26:21.196352
lacroix,bpt6k37129913,,failed,0,0,,http_manifest,known,403,manifest,"Client error '403 ' for url 'https://openapiproext.bnf.fr/iiif/presentation/v3/ark:/12148/bpt6k37129913/manifest.json'
For more information check: https://developer.mozilla.org/en-US/docs/Web/HTTP/Status/403",2026-07-17T18:26:22.415295
lacroix,bpt6k3712992h,,failed,0,0,,http_manifest,known,403,manifest,"Client error '403 ' for url 'https://openapiproext.bnf.fr/iiif/presentation/v3/ark:/12148/bpt6k3712992h/manifest.json'
For more information check: https://developer.mozilla.org/en-US/docs/Web/HTTP/Status/403",2026-07-17T18:26:23.599154
lacroix,bpt6k3712993x,,failed,0,0,,http_manifest,known,403,manifest,"Client error '403 ' for url 'https://openapiproext.bnf.fr/iiif/presentation/v3/ark:/12148/bpt6k3712993x/manifest.json'
For more information check: https://developer.mozilla.org/en-US/docs/Web/HTTP/Status/403",2026-07-17T18:26:24.799030
lacroix,bpt6k3712994b,,failed,0,0,,http_manifest,known,403,manifest,"Client error '403 ' for url 'https://openapiproext.bnf.fr/iiif/presentation/v3/ark:/12148/bpt6k3712994b/manifest.json'
For more information check: https://developer.mozilla.org/en-US/docs/Web/HTTP/Status/403",2026-07-17T18:26:26.004660
lacroix,bpt6k3712995r,,failed,0,0,,http_manifest,known,403,manifest,"Client error '403 ' for url 'https://openapiproext.bnf.fr/iiif/presentation/v3/ark:/12148/bpt6k3712995r/manifest.json'
For more information check: https://developer.mozilla.org/en-US/docs/Web/HTTP/Status/403",2026-07-17T18:26:27.208031
lacroix,bpt6k37129965,,failed,0,0,,http_manifest,known,403,manifest,"Client error '403 ' for url 'https://openapiproext.bnf.fr/iiif/presentation/v3/ark:/12148/bpt6k37129965/manifest.json'
For more information check: https://developer.mozilla.org/en-US/docs/Web/HTTP/Status/403",2026-07-17T18:26:28.429185
lacroix,bpt6k3712997k,,failed,0,0,,http_manifest,known,403,manifest,"Client error '403 ' for url 'https://openapiproext.bnf.fr/iiif/presentation/v3/ark:/12148/bpt6k3712997k/manifest.json'
For more information check: https://developer.mozilla.org/en-US/docs/Web/HTTP/Status/403",2026-07-17T18:26:29.603218
lacroix,bpt6k37129980,,failed,0,0,,http_manifest,known,403,manifest,"Client error '403 ' for url 'https://openapiproext.bnf.fr/iiif/presentation/v3/ark:/12148/bpt6k37129980/manifest.json'
For more information check: https://developer.mozilla.org/en-US/docs/Web/HTTP/Status/403",2026-07-17T18:26:30.809552
lacroix,bpt6k3712999d,,failed,0,0,,http_manifest,known,403,manifest,"Client error '403 ' for url 'https://openapiproext.bnf.fr/iiif/presentation/v3/ark:/12148/bpt6k3712999d/manifest.json'
For more information check: https://developer.mozilla.org/en-US/docs/Web/HTTP/Status/403",2026-07-17T18:26:32.007849
lacroix,bpt6k3713000g,,failed,0,0,,http_manifest,known,403,manifest,"Client error '403 ' for url 'https://openapiproext.bnf.fr/iiif/presentation/v3/ark:/12148/bpt6k3713000g/manifest.json'
For more information check: https://developer.mozilla.org/en-US/docs/Web/HTTP/Status/403",2026-07-17T18:26:33.207559
lacroix,bpt6k3713001w,,failed,0,0,,http_manifest,known,403,manifest,"Client error '403 ' for url 'https://openapiproext.bnf.fr/iiif/presentation/v3/ark:/12148/bpt6k3713001w/manifest.json'
For more information check: https://developer.mozilla.org/en-US/docs/Web/HTTP/Status/403",2026-07-17T18:26:34.412295
lacroix,bpt6k37130029,,failed,0,0,,http_manifest,known,403,manifest,"Client error '403 ' for url 'https://openapiproext.bnf.fr/iiif/presentation/v3/ark:/12148/bpt6k37130029/manifest.json'
For more information check: https://developer.mozilla.org/en-US/docs/Web/HTTP/Status/403",2026-07-17T18:26:35.613000
lacroix,bpt6k3713003q,,failed,0,0,,http_manifest,known,403,manifest,"Client error '403 ' for url 'https://openapiproext.bnf.fr/iiif/presentation/v3/ark:/12148/bpt6k3713003q/manifest.json'
For more information check: https://developer.mozilla.org/en-US/docs/Web/HTTP/Status/403",2026-07-17T18:26:36.816571
lacroix,bpt6k37130044,,failed,0,0,,http_manifest,known,403,manifest,"Client error '403 ' for url 'https://openapiproext.bnf.fr/iiif/presentation/v3/ark:/12148/bpt6k37130044/manifest.json'
For more information check: https://developer.mozilla.org/en-US/docs/Web/HTTP/Status/403",2026-07-17T18:26:38.015650
lacroix,bpt6k3713005j,,failed,0,0,,http_manifest,known,403,manifest,"Client error '403 ' for url 'https://openapiproext.bnf.fr/iiif/presentation/v3/ark:/12148/bpt6k3713005j/manifest.json'
For more information check: https://developer.mozilla.org/en-US/docs/Web/HTTP/Status/403",2026-07-17T18:26:39.260170
lacroix,bpt6k3713006z,,failed,0,0,,http_manifest,known,403,manifest,"Client error '403 ' for url 'https://openapiproext.bnf.fr/iiif/presentation/v3/ark:/12148/bpt6k3713006z/manifest.json'
For more information check: https://developer.mozilla.org/en-US/docs/Web/HTTP/Status/403",2026-07-17T18:26:40.421507
lacroix,bpt6k3713007c,,failed,0,0,,http_manifest,known,403,manifest,"Client error '403 ' for url 'https://openapiproext.bnf.fr/iiif/presentation/v3/ark:/12148/bpt6k3713007c/manifest.json'
For more information check: https://developer.mozilla.org/en-US/docs/Web/HTTP/Status/403",2026-07-17T18:26:41.625172
lacroix,bpt6k3713008s,,failed,0,0,,http_manifest,known,403,manifest,"Client error '403 ' for url 'https://openapiproext.bnf.fr/iiif/presentation/v3/ark:/12148/bpt6k3713008s/manifest.json'
For more information check: https://developer.mozilla.org/en-US/docs/Web/HTTP/Status/403",2026-07-17T18:26:42.826899
lacroix,bpt6k37130096,,failed,0,0,,http_manifest,known,403,manifest,"Client error '403 ' for url 'https://openapiproext.bnf.fr/iiif/presentation/v3/ark:/12148/bpt6k37130096/manifest.json'
For more information check: https://developer.mozilla.org/en-US/docs/Web/HTTP/Status/403",2026-07-17T18:26:44.028667
lacroix,bpt6k3713010v,,failed,0,0,,http_manifest,known,403,manifest,"Client error '403 ' for url 'https://openapiproext.bnf.fr/iiif/presentation/v3/ark:/12148/bpt6k3713010v/manifest.json'
For more information check: https://developer.mozilla.org/en-US/docs/Web/HTTP/Status/403",2026-07-17T18:26:45.226313
lacroix,bpt6k37130118,,failed,0,0,,http_manifest,known,403,manifest,"Client error '403 ' for url 'https://openapiproext.bnf.fr/iiif/presentation/v3/ark:/12148/bpt6k37130118/manifest.json'
For more information check: https://developer.mozilla.org/en-US/docs/Web/HTTP/Status/403",2026-07-17T18:26:46.427555
lacroix,bpt6k3713012p,,failed,0,0,,http_manifest,known,403,manifest,"Client error '403 ' for url 'https://openapiproext.bnf.fr/iiif/presentation/v3/ark:/12148/bpt6k3713012p/manifest.json'
For more information check: https://developer.mozilla.org/en-US/docs/Web/HTTP/Status/403",2026-07-17T18:26:47.630814
lacroix,bpt6k37130133,,failed,0,0,,http_manifest,known,403,manifest,"Client error '403 ' for url 'https://openapiproext.bnf.fr/iiif/presentation/v3/ark:/12148/bpt6k37130133/manifest.json'
For more information check: https://developer.mozilla.org/en-US/docs/Web/HTTP/Status/403",2026-07-17T18:26:48.827537
lacroix,bpt6k3713014h,,failed,0,0,,http_manifest,known,403,manifest,"Client error '403 ' for url 'https://openapiproext.bnf.fr/iiif/presentation/v3/ark:/12148/bpt6k3713014h/manifest.json'
For more information check: https://developer.mozilla.org/en-US/docs/Web/HTTP/Status/403",2026-07-17T18:26:50.031760
lacroix,bpt6k3713015x,,failed,0,0,,http_manifest,known,403,manifest,"Client error '403 ' for url 'https://openapiproext.bnf.fr/iiif/presentation/v3/ark:/12148/bpt6k3713015x/manifest.json'
For more information check: https://developer.mozilla.org/en-US/docs/Web/HTTP/Status/403",2026-07-17T18:26:51.235641
lacroix,bpt6k3713016b,,failed,0,0,,http_manifest,known,403,manifest,"Client error '403 ' for url 'https://openapiproext.bnf.fr/iiif/presentation/v3/ark:/12148/bpt6k3713016b/manifest.json'
For more information check: https://developer.mozilla.org/en-US/docs/Web/HTTP/Status/403",2026-07-17T18:26:52.433504
lacroix,bpt6k3713017r,,failed,0,0,,http_manifest,known,403,manifest,"Client error '403 ' for url 'https://openapiproext.bnf.fr/iiif/presentation/v3/ark:/12148/bpt6k3713017r/manifest.json'
For more information check: https://developer.mozilla.org/en-US/docs/Web/HTTP/Status/403",2026-07-17T18:26:53.636298
lacroix,bpt6k37130185,,failed,0,0,,http_manifest,known,403,manifest,"Client error '403 ' for url 'https://openapiproext.bnf.fr/iiif/presentation/v3/ark:/12148/bpt6k37130185/manifest.json'
For more information check: https://developer.mozilla.org/en-US/docs/Web/HTTP/Status/403",2026-07-17T18:26:54.848560
lacroix,bpt6k3713019k,,failed,0,0,,http_manifest,known,403,manifest,"Client error '403 ' for url 'https://openapiproext.bnf.fr/iiif/presentation/v3/ark:/12148/bpt6k3713019k/manifest.json'
For more information check: https://developer.mozilla.org/en-US/docs/Web/HTTP/Status/403",2026-07-17T18:26:56.040196
lacroix,bpt6k37130207,,failed,0,0,,http_manifest,known,403,manifest,"Client error '403 ' for url 'https://openapiproext.bnf.fr/iiif/presentation/v3/ark:/12148/bpt6k37130207/manifest.json'
For more information check: https://developer.mozilla.org/en-US/docs/Web/HTTP/Status/403",2026-07-17T18:26:57.260373
lacroix,bpt6k3713021n,,failed,0,0,,http_manifest,known,403,manifest,"Client error '403 ' for url 'https://openapiproext.bnf.fr/iiif/presentation/v3/ark:/12148/bpt6k3713021n/manifest.json'
For more information check: https://developer.mozilla.org/en-US/docs/Web/HTTP/Status/403",2026-07-17T18:26:58.446085
lacroix,bpt6k37130222,,failed,0,0,,http_manifest,known,403,manifest,"Client error '403 ' for url 'https://openapiproext.bnf.fr/iiif/presentation/v3/ark:/12148/bpt6k37130222/manifest.json'
For more information check: https://developer.mozilla.org/en-US/docs/Web/HTTP/Status/403",2026-07-17T18:26:59.783113
lacroix,bpt6k3713023g,,failed,0,0,,http_manifest,known,403,manifest,"Client error '403 ' for url 'https://openapiproext.bnf.fr/iiif/presentation/v3/ark:/12148/bpt6k3713023g/manifest.json'
For more information check: https://developer.mozilla.org/en-US/docs/Web/HTTP/Status/403",2026-07-17T18:27:00.936641
lacroix,bpt6k3713024w,,failed,0,0,,http_manifest,known,403,manifest,"Client error '403 ' for url 'https://openapiproext.bnf.fr/iiif/presentation/v3/ark:/12148/bpt6k3713024w/manifest.json'
For more information check: https://developer.mozilla.org/en-US/docs/Web/HTTP/Status/403",2026-07-17T18:27:02.049977
lacroix,bpt6k37130259,,failed,0,0,,http_manifest,known,403,manifest,"Client error '403 ' for url 'https://openapiproext.bnf.fr/iiif/presentation/v3/ark:/12148/bpt6k37130259/manifest.json'
For more information check: https://developer.mozilla.org/en-US/docs/Web/HTTP/Status/403",2026-07-17T18:27:03.254487
lacroix,bpt6k3713026q,,failed,0,0,,http_manifest,known,403,manifest,"Client error '403 ' for url 'https://openapiproext.bnf.fr/iiif/presentation/v3/ark:/12148/bpt6k3713026q/manifest.json'
For more information check: https://developer.mozilla.org/en-US/docs/Web/HTTP/Status/403",2026-07-17T18:27:04.699824
lacroix,bpt6k37130274,,failed,0,0,,http_manifest,known,403,manifest,"Client error '403 ' for url 'https://openapiproext.bnf.fr/iiif/presentation/v3/ark:/12148/bpt6k37130274/manifest.json'
For more information check: https://developer.mozilla.org/en-US/docs/Web/HTTP/Status/403",2026-07-17T18:27:05.916657
lacroix,bpt6k3713028j,,failed,0,0,,http_manifest,known,403,manifest,"Client error '403 ' for url 'https://openapiproext.bnf.fr/iiif/presentation/v3/ark:/12148/bpt6k3713028j/manifest.json'
For more information check: https://developer.mozilla.org/en-US/docs/Web/HTTP/Status/403",2026-07-17T18:27:06.931587
lacroix,bpt6k3713029z,,failed,0,0,,http_manifest,known,403,manifest,"Client error '403 ' for url 'https://openapiproext.bnf.fr/iiif/presentation/v3/ark:/12148/bpt6k3713029z/manifest.json'
For more information check: https://developer.mozilla.org/en-US/docs/Web/HTTP/Status/403",2026-07-17T18:27:08.107181
lacroix,bpt6k3713030m,,failed,0,0,,http_manifest,known,403,manifest,"Client error '403 ' for url 'https://openapiproext.bnf.fr/iiif/presentation/v3/ark:/12148/bpt6k3713030m/manifest.json'
For more information check: https://developer.mozilla.org/en-US/docs/Web/HTTP/Status/403",2026-07-17T18:27:09.297039
lacroix,bpt6k37130311,,failed,0,0,,http_manifest,known,403,manifest,"Client error '403 ' for url 'https://openapiproext.bnf.fr/iiif/presentation/v3/ark:/12148/bpt6k37130311/manifest.json'
For more information check: https://developer.mozilla.org/en-US/docs/Web/HTTP/Status/403",2026-07-17T18:27:10.684605
lacroix,bpt6k3713032f,,failed,0,0,,http_manifest,known,403,manifest,"Client error '403 ' for url 'https://openapiproext.bnf.fr/iiif/presentation/v3/ark:/12148/bpt6k3713032f/manifest.json'
For more information check: https://developer.mozilla.org/en-US/docs/Web/HTTP/Status/403",2026-07-17T18:27:11.820305
lacroix,bpt6k3713033v,,failed,0,0,,http_manifest,known,403,manifest,"Client error '403 ' for url 'https://openapiproext.bnf.fr/iiif/presentation/v3/ark:/12148/bpt6k3713033v/manifest.json'
For more information check: https://developer.mozilla.org/en-US/docs/Web/HTTP/Status/403",2026-07-17T18:27:12.901836
lacroix,bpt6k37130348,,failed,0,0,,http_manifest,known,403,manifest,"Client error '403 ' for url 'https://openapiproext.bnf.fr/iiif/presentation/v3/ark:/12148/bpt6k37130348/manifest.json'
For more information check: https://developer.mozilla.org/en-US/docs/Web/HTTP/Status/403",2026-07-17T18:27:14.303835
lacroix,bpt6k3713035p,,failed,0,0,,http_manifest,known,403,manifest,"Client error '403 ' for url 'https://openapiproext.bnf.fr/iiif/presentation/v3/ark:/12148/bpt6k3713035p/manifest.json'
For more information check: https://developer.mozilla.org/en-US/docs/Web/HTTP/Status/403",2026-07-17T18:27:15.278431
lacroix,bpt6k37130363,,failed,0,0,,http_manifest,known,403,manifest,"Client error '403 ' for url 'https://openapiproext.bnf.fr/iiif/presentation/v3/ark:/12148/bpt6k37130363/manifest.json'
For more information check: https://developer.mozilla.org/en-US/docs/Web/HTTP/Status/403",2026-07-17T18:27:16.600321
lacroix,bpt6k3713037h,,failed,0,0,,http_manifest,known,403,manifest,"Client error '403 ' for url 'https://openapiproext.bnf.fr/iiif/presentation/v3/ark:/12148/bpt6k3713037h/manifest.json'
For more information check: https://developer.mozilla.org/en-US/docs/Web/HTTP/Status/403",2026-07-17T18:27:17.673568
lacroix,bpt6k3713038x,,failed,0,0,,http_manifest,known,403,manifest,"Client error '403 ' for url 'https://openapiproext.bnf.fr/iiif/presentation/v3/ark:/12148/bpt6k3713038x/manifest.json'
For more information check: https://developer.mozilla.org/en-US/docs/Web/HTTP/Status/403",2026-07-17T18:27:19.053146
lacroix,bpt6k3713039b,,failed,0,0,,http_manifest,known,403,manifest,"Client error '403 ' for url 'https://openapiproext.bnf.fr/iiif/presentation/v3/ark:/12148/bpt6k3713039b/manifest.json'
For more information check: https://developer.mozilla.org/en-US/docs/Web/HTTP/Status/403",2026-07-17T18:27:20.102658
lacroix,bpt6k37130400,,failed,0,0,,http_manifest,known,403,manifest,"Client error '403 ' for url 'https://openapiproext.bnf.fr/iiif/presentation/v3/ark:/12148/bpt6k37130400/manifest.json'
For more information check: https://developer.mozilla.org/en-US/docs/Web/HTTP/Status/403",2026-07-17T18:27:21.270942
lacroix,bpt6k3713041d,,failed,0,0,,http_manifest,known,403,manifest,"Client error '403 ' for url 'https://openapiproext.bnf.fr/iiif/presentation/v3/ark:/12148/bpt6k3713041d/manifest.json'
For more information check: https://developer.mozilla.org/en-US/docs/Web/HTTP/Status/403",2026-07-17T18:27:22.616434
lacroix,bpt6k3713042t,,failed,0,0,,http_manifest,known,403,manifest,"Client error '403 ' for url 'https://openapiproext.bnf.fr/iiif/presentation/v3/ark:/12148/bpt6k3713042t/manifest.json'
For more information check: https://developer.mozilla.org/en-US/docs/Web/HTTP/Status/403",2026-07-17T18:27:23.734494
lacroix,bpt6k37130437,,failed,0,0,,http_manifest,known,403,manifest,"Client error '403 ' for url 'https://openapiproext.bnf.fr/iiif/presentation/v3/ark:/12148/bpt6k37130437/manifest.json'
For more information check: https://developer.mozilla.org/en-US/docs/Web/HTTP/Status/403",2026-07-17T18:27:24.881605
lacroix,bpt6k3713044n,,failed,0,0,,http_manifest,known,403,manifest,"Client error '403 ' for url 'https://openapiproext.bnf.fr/iiif/presentation/v3/ark:/12148/bpt6k3713044n/manifest.json'
For more information check: https://developer.mozilla.org/en-US/docs/Web/HTTP/Status/403",2026-07-17T18:27:26.110157
lacroix,bpt6k37130452,,failed,0,0,,http_manifest,known,403,manifest,"Client error '403 ' for url 'https://openapiproext.bnf.fr/iiif/presentation/v3/ark:/12148/bpt6k37130452/manifest.json'
For more information check: https://developer.mozilla.org/en-US/docs/Web/HTTP/Status/403",2026-07-17T18:27:27.285865
lacroix,bpt6k3713046g,,failed,0,0,,http_manifest,known,403,manifest,"Client error '403 ' for url 'https://openapiproext.bnf.fr/iiif/presentation/v3/ark:/12148/bpt6k3713046g/manifest.json'
For more information check: https://developer.mozilla.org/en-US/docs/Web/HTTP/Status/403",2026-07-17T18:27:28.487073
lacroix,bpt6k3713047w,,failed,0,0,,http_manifest,known,403,manifest,"Client error '403 ' for url 'https://openapiproext.bnf.fr/iiif/presentation/v3/ark:/12148/bpt6k3713047w/manifest.json'
For more information check: https://developer.mozilla.org/en-US/docs/Web/HTTP/Status/403",2026-07-17T18:27:29.689155
lacroix,bpt6k37130489,,failed,0,0,,http_manifest,known,403,manifest,"Client error '403 ' for url 'https://openapiproext.bnf.fr/iiif/presentation/v3/ark:/12148/bpt6k37130489/manifest.json'
For more information check: https://developer.mozilla.org/en-US/docs/Web/HTTP/Status/403",2026-07-17T18:27:30.889765
lacroix,bpt6k3713049q,,failed,0,0,,http_manifest,known,403,manifest,"Client error '403 ' for url 'https://openapiproext.bnf.fr/iiif/presentation/v3/ark:/12148/bpt6k3713049q/manifest.json'
For more information check: https://developer.mozilla.org/en-US/docs/Web/HTTP/Status/403",2026-07-17T18:27:32.100107
lacroix,bpt6k3713050c,,failed,0,0,,http_manifest,known,403,manifest,"Client error '403 ' for url 'https://openapiproext.bnf.fr/iiif/presentation/v3/ark:/12148/bpt6k3713050c/manifest.json'
For more information check: https://developer.mozilla.org/en-US/docs/Web/HTTP/Status/403",2026-07-17T18:27:33.298393
lacroix,bpt6k3713051s,,failed,0,0,,http_manifest,known,403,manifest,"Client error '403 ' for url 'https://openapiproext.bnf.fr/iiif/presentation/v3/ark:/12148/bpt6k3713051s/manifest.json'
For more information check: https://developer.mozilla.org/en-US/docs/Web/HTTP/Status/403",2026-07-17T18:27:34.497221
lacroix,bpt6k37130526,,failed,0,0,,http_manifest,known,403,manifest,"Client error '403 ' for url 'https://openapiproext.bnf.fr/iiif/presentation/v3/ark:/12148/bpt6k37130526/manifest.json'
For more information check: https://developer.mozilla.org/en-US/docs/Web/HTTP/Status/403",2026-07-17T18:27:35.701480
lacroix,bpt6k3713053m,,failed,0,0,,http_manifest,known,403,manifest,"Client error '403 ' for url 'https://openapiproext.bnf.fr/iiif/presentation/v3/ark:/12148/bpt6k3713053m/manifest.json'
For more information check: https://developer.mozilla.org/en-US/docs/Web/HTTP/Status/403",2026-07-17T18:27:36.901114
lacroix,bpt6k37130541,,failed,0,0,,http_manifest,known,403,manifest,"Client error '403 ' for url 'https://openapiproext.bnf.fr/iiif/presentation/v3/ark:/12148/bpt6k37130541/manifest.json'
For more information check: https://developer.mozilla.org/en-US/docs/Web/HTTP/Status/403",2026-07-17T18:27:38.132705
lacroix,bpt6k3713055f,,failed,0,0,,http_manifest,known,403,manifest,"Client error '403 ' for url 'https://openapiproext.bnf.fr/iiif/presentation/v3/ark:/12148/bpt6k3713055f/manifest.json'
For more information check: https://developer.mozilla.org/en-US/docs/Web/HTTP/Status/403",2026-07-17T18:27:39.307240
lacroix,bpt6k3713056v,,failed,0,0,,http_manifest,known,403,manifest,"Client error '403 ' for url 'https://openapiproext.bnf.fr/iiif/presentation/v3/ark:/12148/bpt6k3713056v/manifest.json'
For more information check: https://developer.mozilla.org/en-US/docs/Web/HTTP/Status/403",2026-07-17T18:27:40.506065
lacroix,bpt6k37130578,,failed,0,0,,http_manifest,known,403,manifest,"Client error '403 ' for url 'https://openapiproext.bnf.fr/iiif/presentation/v3/ark:/12148/bpt6k37130578/manifest.json'
For more information check: https://developer.mozilla.org/en-US/docs/Web/HTTP/Status/403",2026-07-17T18:27:41.706099
lacroix,bpt6k3713058p,,failed,0,0,,http_manifest,known,403,manifest,"Client error '403 ' for url 'https://openapiproext.bnf.fr/iiif/presentation/v3/ark:/12148/bpt6k3713058p/manifest.json'
For more information check: https://developer.mozilla.org/en-US/docs/Web/HTTP/Status/403",2026-07-17T18:27:42.914727
lacroix,bpt6k37130593,,failed,0,0,,http_manifest,known,403,manifest,"Client error '403 ' for url 'https://openapiproext.bnf.fr/iiif/presentation/v3/ark:/12148/bpt6k37130593/manifest.json'
For more information check: https://developer.mozilla.org/en-US/docs/Web/HTTP/Status/403",2026-07-17T18:27:44.117006
lacroix,bpt6k3713060r,,failed,0,0,,http_manifest,known,403,manifest,"Client error '403 ' for url 'https://openapiproext.bnf.fr/iiif/presentation/v3/ark:/12148/bpt6k3713060r/manifest.json'
For more information check: https://developer.mozilla.org/en-US/docs/Web/HTTP/Status/403",2026-07-17T18:27:45.311363
lacroix,bpt6k37130615,,failed,0,0,,http_manifest,known,403,manifest,"Client error '403 ' for url 'https://openapiproext.bnf.fr/iiif/presentation/v3/ark:/12148/bpt6k37130615/manifest.json'
For more information check: https://developer.mozilla.org/en-US/docs/Web/HTTP/Status/403",2026-07-17T18:27:46.511692
lacroix,bpt6k3713062k,,failed,0,0,,http_manifest,known,403,manifest,"Client error '403 ' for url 'https://openapiproext.bnf.fr/iiif/presentation/v3/ark:/12148/bpt6k3713062k/manifest.json'
For more information check: https://developer.mozilla.org/en-US/docs/Web/HTTP/Status/403",2026-07-17T18:27:47.715961
lacroix,bpt6k37130630,,failed,0,0,,http_manifest,known,403,manifest,"Client error '403 ' for url 'https://openapiproext.bnf.fr/iiif/presentation/v3/ark:/12148/bpt6k37130630/manifest.json'
For more information check: https://developer.mozilla.org/en-US/docs/Web/HTTP/Status/403",2026-07-17T18:27:48.916252
lacroix,bpt6k3713064d,,failed,0,0,,http_manifest,known,403,manifest,"Client error '403 ' for url 'https://openapiproext.bnf.fr/iiif/presentation/v3/ark:/12148/bpt6k3713064d/manifest.json'
For more information check: https://developer.mozilla.org/en-US/docs/Web/HTTP/Status/403",2026-07-17T18:27:50.115299
lacroix,bpt6k3713065t,,failed,0,0,,http_manifest,known,403,manifest,"Client error '403 ' for url 'https://openapiproext.bnf.fr/iiif/presentation/v3/ark:/12148/bpt6k3713065t/manifest.json'
For more information check: https://developer.mozilla.org/en-US/docs/Web/HTTP/Status/403",2026-07-17T18:27:51.314312
lacroix,bpt6k37130667,,failed,0,0,,http_manifest,known,403,manifest,"Client error '403 ' for url 'https://openapiproext.bnf.fr/iiif/presentation/v3/ark:/12148/bpt6k37130667/manifest.json'
For more information check: https://developer.mozilla.org/en-US/docs/Web/HTTP/Status/403",2026-07-17T18:27:52.518641
lacroix,bpt6k3713067n,,failed,0,0,,http_manifest,known,403,manifest,"Client error '403 ' for url 'https://openapiproext.bnf.fr/iiif/presentation/v3/ark:/12148/bpt6k3713067n/manifest.json'
For more information check: https://developer.mozilla.org/en-US/docs/Web/HTTP/Status/403",2026-07-17T18:27:53.719814
lacroix,bpt6k37130682,,failed,0,0,,http_manifest,known,403,manifest,"Client error '403 ' for url 'https://openapiproext.bnf.fr/iiif/presentation/v3/ark:/12148/bpt6k37130682/manifest.json'
For more information check: https://developer.mozilla.org/en-US/docs/Web/HTTP/Status/403",2026-07-17T18:27:54.921891
lacroix,bpt6k3713069g,,failed,0,0,,http_manifest,known,403,manifest,"Client error '403 ' for url 'https://openapiproext.bnf.fr/iiif/presentation/v3/ark:/12148/bpt6k3713069g/manifest.json'
For more information check: https://developer.mozilla.org/en-US/docs/Web/HTTP/Status/403",2026-07-17T18:27:56.151288
lacroix,bpt6k37130704,,failed,0,0,,http_manifest,known,403,manifest,"Client error '403 ' for url 'https://openapiproext.bnf.fr/iiif/presentation/v3/ark:/12148/bpt6k37130704/manifest.json'
For more information check: https://developer.mozilla.org/en-US/docs/Web/HTTP/Status/403",2026-07-17T18:27:57.326539
lacroix,bpt6k3713071j,,failed,0,0,,http_manifest,known,403,manifest,"Client error '403 ' for url 'https://openapiproext.bnf.fr/iiif/presentation/v3/ark:/12148/bpt6k3713071j/manifest.json'
For more information check: https://developer.mozilla.org/en-US/docs/Web/HTTP/Status/403",2026-07-17T18:27:58.746695
lacroix,bpt6k3713072z,,failed,0,0,,http_manifest,known,403,manifest,"Client error '403 ' for url 'https://openapiproext.bnf.fr/iiif/presentation/v3/ark:/12148/bpt6k3713072z/manifest.json'
For more information check: https://developer.mozilla.org/en-US/docs/Web/HTTP/Status/403",2026-07-17T18:27:59.920034
lacroix,bpt6k3713073c,,failed,0,0,,http_manifest,known,403,manifest,"Client error '403 ' for url 'https://openapiproext.bnf.fr/iiif/presentation/v3/ark:/12148/bpt6k3713073c/manifest.json'
For more information check: https://developer.mozilla.org/en-US/docs/Web/HTTP/Status/403",2026-07-17T18:28:00.935483
lacroix,bpt6k3713074s,,failed,0,0,,http_manifest,known,403,manifest,"Client error '403 ' for url 'https://openapiproext.bnf.fr/iiif/presentation/v3/ark:/12148/bpt6k3713074s/manifest.json'
For more information check: https://developer.mozilla.org/en-US/docs/Web/HTTP/Status/403",2026-07-17T18:28:02.132967
lacroix,bpt6k37130756,,failed,0,0,,http_manifest,known,403,manifest,"Client error '403 ' for url 'https://openapiproext.bnf.fr/iiif/presentation/v3/ark:/12148/bpt6k37130756/manifest.json'
For more information check: https://developer.mozilla.org/en-US/docs/Web/HTTP/Status/403",2026-07-17T18:28:03.346510
lacroix,bpt6k3713076m,,failed,0,0,,http_manifest,known,403,manifest,"Client error '403 ' for url 'https://openapiproext.bnf.fr/iiif/presentation/v3/ark:/12148/bpt6k3713076m/manifest.json'
For more information check: https://developer.mozilla.org/en-US/docs/Web/HTTP/Status/403",2026-07-17T18:28:04.607824
lacroix,bpt6k37130771,,failed,0,0,,http_manifest,known,403,manifest,"Client error '403 ' for url 'https://openapiproext.bnf.fr/iiif/presentation/v3/ark:/12148/bpt6k37130771/manifest.json'
For more information check: https://developer.mozilla.org/en-US/docs/Web/HTTP/Status/403",2026-07-17T18:28:05.921337
lacroix,bpt6k3713078f,,failed,0,0,,http_manifest,known,403,manifest,"Client error '403 ' for url 'https://openapiproext.bnf.fr/iiif/presentation/v3/ark:/12148/bpt6k3713078f/manifest.json'
For more information check: https://developer.mozilla.org/en-US/docs/Web/HTTP/Status/403",2026-07-17T18:28:07.053446
lacroix,bpt6k3713079v,,failed,0,0,,http_manifest,known,403,manifest,"Client error '403 ' for url 'https://openapiproext.bnf.fr/iiif/presentation/v3/ark:/12148/bpt6k3713079v/manifest.json'
For more information check: https://developer.mozilla.org/en-US/docs/Web/HTTP/Status/403",2026-07-17T18:28:08.140993
lacroix,bpt6k3713080h,,failed,0,0,,http_manifest,known,403,manifest,"Client error '403 ' for url 'https://openapiproext.bnf.fr/iiif/presentation/v3/ark:/12148/bpt6k3713080h/manifest.json'
For more information check: https://developer.mozilla.org/en-US/docs/Web/HTTP/Status/403",2026-07-17T18:28:09.340267
lacroix,bpt6k3713081x,,failed,0,0,,http_manifest,known,403,manifest,"Client error '403 ' for url 'https://openapiproext.bnf.fr/iiif/presentation/v3/ark:/12148/bpt6k3713081x/manifest.json'
For more information check: https://developer.mozilla.org/en-US/docs/Web/HTTP/Status/403",2026-07-17T18:28:10.539100
lacroix,bpt6k3713082b,,failed,0,0,,http_manifest,known,403,manifest,"Client error '403 ' for url 'https://openapiproext.bnf.fr/iiif/presentation/v3/ark:/12148/bpt6k3713082b/manifest.json'
For more information check: https://developer.mozilla.org/en-US/docs/Web/HTTP/Status/403",2026-07-17T18:28:11.742884
lacroix,bpt6k3713083r,,failed,0,0,,http_manifest,known,403,manifest,"Client error '403 ' for url 'https://openapiproext.bnf.fr/iiif/presentation/v3/ark:/12148/bpt6k3713083r/manifest.json'
For more information check: https://developer.mozilla.org/en-US/docs/Web/HTTP/Status/403",2026-07-17T18:28:12.958973
lacroix,bpt6k37130845,,failed,0,0,,http_manifest,known,403,manifest,"Client error '403 ' for url 'https://openapiproext.bnf.fr/iiif/presentation/v3/ark:/12148/bpt6k37130845/manifest.json'
For more information check: https://developer.mozilla.org/en-US/docs/Web/HTTP/Status/403",2026-07-17T18:28:14.394567
lacroix,bpt6k3713085k,,failed,0,0,,http_manifest,known,403,manifest,"Client error '403 ' for url 'https://openapiproext.bnf.fr/iiif/presentation/v3/ark:/12148/bpt6k3713085k/manifest.json'
For more information check: https://developer.mozilla.org/en-US/docs/Web/HTTP/Status/403",2026-07-17T18:28:15.507922
lacroix,bpt6k37130860,,failed,0,0,,http_manifest,known,403,manifest,"Client error '403 ' for url 'https://openapiproext.bnf.fr/iiif/presentation/v3/ark:/12148/bpt6k37130860/manifest.json'
For more information check: https://developer.mozilla.org/en-US/docs/Web/HTTP/Status/403",2026-07-17T18:28:16.555729
lacroix,bpt6k3713087d,,failed,0,0,,http_manifest,known,403,manifest,"Client error '403 ' for url 'https://openapiproext.bnf.fr/iiif/presentation/v3/ark:/12148/bpt6k3713087d/manifest.json'
For more information check: https://developer.mozilla.org/en-US/docs/Web/HTTP/Status/403",2026-07-17T18:28:17.943042
lacroix,bpt6k3713088t,,failed,0,0,,http_manifest,known,403,manifest,"Client error '403 ' for url 'https://openapiproext.bnf.fr/iiif/presentation/v3/ark:/12148/bpt6k3713088t/manifest.json'
For more information check: https://developer.mozilla.org/en-US/docs/Web/HTTP/Status/403",2026-07-17T18:28:19.004072
lacroix,bpt6k37130897,,failed,0,0,,http_manifest,known,403,manifest,"Client error '403 ' for url 'https://openapiproext.bnf.fr/iiif/presentation/v3/ark:/12148/bpt6k37130897/manifest.json'
For more information check: https://developer.mozilla.org/en-US/docs/Web/HTTP/Status/403",2026-07-17T18:28:20.284040
lacroix,bpt6k3713090w,,failed,0,0,,http_manifest,known,403,manifest,"Client error '403 ' for url 'https://openapiproext.bnf.fr/iiif/presentation/v3/ark:/12148/bpt6k3713090w/manifest.json'
For more information check: https://developer.mozilla.org/en-US/docs/Web/HTTP/Status/403",2026-07-17T18:28:21.357947
lacroix,bpt6k37130919,,failed,0,0,,http_manifest,known,403,manifest,"Client error '403 ' for url 'https://openapiproext.bnf.fr/iiif/presentation/v3/ark:/12148/bpt6k37130919/manifest.json'
For more information check: https://developer.mozilla.org/en-US/docs/Web/HTTP/Status/403",2026-07-17T18:28:22.561059
lacroix,bpt6k3713092q,,failed,0,0,,http_manifest,known,403,manifest,"Client error '403 ' for url 'https://openapiproext.bnf.fr/iiif/presentation/v3/ark:/12148/bpt6k3713092q/manifest.json'
For more information check: https://developer.mozilla.org/en-US/docs/Web/HTTP/Status/403",2026-07-17T18:28:23.757862
lacroix,bpt6k37130934,,failed,0,0,,http_manifest,known,403,manifest,"Client error '403 ' for url 'https://openapiproext.bnf.fr/iiif/presentation/v3/ark:/12148/bpt6k37130934/manifest.json'
For more information check: https://developer.mozilla.org/en-US/docs/Web/HTTP/Status/403",2026-07-17T18:28:24.972902
lacroix,bpt6k3713094j,,failed,0,0,,http_manifest,known,403,manifest,"Client error '403 ' for url 'https://openapiproext.bnf.fr/iiif/presentation/v3/ark:/12148/bpt6k3713094j/manifest.json'
For more information check: https://developer.mozilla.org/en-US/docs/Web/HTTP/Status/403",2026-07-17T18:28:26.165505
lacroix,bpt6k3713095z,,failed,0,0,,http_manifest,known,403,manifest,"Client error '403 ' for url 'https://openapiproext.bnf.fr/iiif/presentation/v3/ark:/12148/bpt6k3713095z/manifest.json'
For more information check: https://developer.mozilla.org/en-US/docs/Web/HTTP/Status/403",2026-07-17T18:28:27.377509
lacroix,bpt6k3713096c,,failed,0,0,,http_manifest,known,403,manifest,"Client error '403 ' for url 'https://openapiproext.bnf.fr/iiif/presentation/v3/ark:/12148/bpt6k3713096c/manifest.json'
For more information check: https://developer.mozilla.org/en-US/docs/Web/HTTP/Status/403",2026-07-17T18:28:28.571071
lacroix,bpt6k3713097s,,failed,0,0,,http_manifest,known,403,manifest,"Client error '403 ' for url 'https://openapiproext.bnf.fr/iiif/presentation/v3/ark:/12148/bpt6k3713097s/manifest.json'
For more information check: https://developer.mozilla.org/en-US/docs/Web/HTTP/Status/403",2026-07-17T18:28:29.770918
lacroix,bpt6k37130986,,failed,0,0,,http_manifest,known,403,manifest,"Client error '403 ' for url 'https://openapiproext.bnf.fr/iiif/presentation/v3/ark:/12148/bpt6k37130986/manifest.json'
For more information check: https://developer.mozilla.org/en-US/docs/Web/HTTP/Status/403",2026-07-17T18:28:30.999364
lacroix,bpt6k3713099m,,failed,0,0,,http_manifest,known,403,manifest,"Client error '403 ' for url 'https://openapiproext.bnf.fr/iiif/presentation/v3/ark:/12148/bpt6k3713099m/manifest.json'
For more information check: https://developer.mozilla.org/en-US/docs/Web/HTTP/Status/403",2026-07-17T18:28:32.176537
lacroix,bpt6k3713100t,,failed,0,0,,http_manifest,known,403,manifest,"Client error '403 ' for url 'https://openapiproext.bnf.fr/iiif/presentation/v3/ark:/12148/bpt6k3713100t/manifest.json'
For more information check: https://developer.mozilla.org/en-US/docs/Web/HTTP/Status/403",2026-07-17T18:28:33.377523
lacroix,bpt6k37131017,,failed,0,0,,http_manifest,known,403,manifest,"Client error '403 ' for url 'https://openapiproext.bnf.fr/iiif/presentation/v3/ark:/12148/bpt6k37131017/manifest.json'
For more information check: https://developer.mozilla.org/en-US/docs/Web/HTTP/Status/403",2026-07-17T18:28:34.577374
lacroix,bpt6k3713102n,,failed,0,0,,http_manifest,known,403,manifest,"Client error '403 ' for url 'https://openapiproext.bnf.fr/iiif/presentation/v3/ark:/12148/bpt6k3713102n/manifest.json'
For more information check: https://developer.mozilla.org/en-US/docs/Web/HTTP/Status/403",2026-07-17T18:28:35.779532
lacroix,bpt6k37131032,,failed,0,0,,http_manifest,known,403,manifest,"Client error '403 ' for url 'https://openapiproext.bnf.fr/iiif/presentation/v3/ark:/12148/bpt6k37131032/manifest.json'
For more information check: https://developer.mozilla.org/en-US/docs/Web/HTTP/Status/403",2026-07-17T18:28:37.013614
lacroix,bpt6k3713104g,,failed,0,0,,http_manifest,known,403,manifest,"Client error '403 ' for url 'https://openapiproext.bnf.fr/iiif/presentation/v3/ark:/12148/bpt6k3713104g/manifest.json'
For more information check: https://developer.mozilla.org/en-US/docs/Web/HTTP/Status/403",2026-07-17T18:28:38.185436
lacroix,bpt6k3713105w,,failed,0,0,,http_manifest,known,403,manifest,"Client error '403 ' for url 'https://openapiproext.bnf.fr/iiif/presentation/v3/ark:/12148/bpt6k3713105w/manifest.json'
For more information check: https://developer.mozilla.org/en-US/docs/Web/HTTP/Status/403",2026-07-17T18:28:39.426046
lacroix,bpt6k37131069,,failed,0,0,,http_manifest,known,403,manifest,"Client error '403 ' for url 'https://openapiproext.bnf.fr/iiif/presentation/v3/ark:/12148/bpt6k37131069/manifest.json'
For more information check: https://developer.mozilla.org/en-US/docs/Web/HTTP/Status/403",2026-07-17T18:28:40.591280
lacroix,bpt6k3713107q,,failed,0,0,,http_manifest,known,403,manifest,"Client error '403 ' for url 'https://openapiproext.bnf.fr/iiif/presentation/v3/ark:/12148/bpt6k3713107q/manifest.json'
For more information check: https://developer.mozilla.org/en-US/docs/Web/HTTP/Status/403",2026-07-17T18:28:41.788862
lacroix,bpt6k37131084,,failed,0,0,,http_manifest,known,403,manifest,"Client error '403 ' for url 'https://openapiproext.bnf.fr/iiif/presentation/v3/ark:/12148/bpt6k37131084/manifest.json'
For more information check: https://developer.mozilla.org/en-US/docs/Web/HTTP/Status/403",2026-07-17T18:28:42.992906
lacroix,bpt6k3713109j,,failed,0,0,,http_manifest,known,403,manifest,"Client error '403 ' for url 'https://openapiproext.bnf.fr/iiif/presentation/v3/ark:/12148/bpt6k3713109j/manifest.json'
For more information check: https://developer.mozilla.org/en-US/docs/Web/HTTP/Status/403",2026-07-17T18:28:44.190254
lacroix,bpt6k37131106,,failed,0,0,,http_manifest,known,403,manifest,"Client error '403 ' for url 'https://openapiproext.bnf.fr/iiif/presentation/v3/ark:/12148/bpt6k37131106/manifest.json'
For more information check: https://developer.mozilla.org/en-US/docs/Web/HTTP/Status/403",2026-07-17T18:28:45.416137
lacroix,bpt6k3713111m,,failed,0,0,,http_manifest,known,403,manifest,"Client error '403 ' for url 'https://openapiproext.bnf.fr/iiif/presentation/v3/ark:/12148/bpt6k3713111m/manifest.json'
For more information check: https://developer.mozilla.org/en-US/docs/Web/HTTP/Status/403",2026-07-17T18:28:46.603062
lacroix,bpt6k37131121,,failed,0,0,,http_manifest,known,403,manifest,"Client error '403 ' for url 'https://openapiproext.bnf.fr/iiif/presentation/v3/ark:/12148/bpt6k37131121/manifest.json'
For more information check: https://developer.mozilla.org/en-US/docs/Web/HTTP/Status/403",2026-07-17T18:28:47.799671
lacroix,bpt6k3703559j,,failed,0,0,,http_manifest,known,403,manifest,"Client error '403 ' for url 'https://openapiproext.bnf.fr/iiif/presentation/v3/ark:/12148/bpt6k3703559j/manifest.json'
For more information check: https://developer.mozilla.org/en-US/docs/Web/HTTP/Status/403",2026-07-17T18:28:49.001877
lacroix,bpt6k37035584,,failed,0,0,,http_manifest,known,403,manifest,"Client error '403 ' for url 'https://openapiproext.bnf.fr/iiif/presentation/v3/ark:/12148/bpt6k37035584/manifest.json'
For more information check: https://developer.mozilla.org/en-US/docs/Web/HTTP/Status/403",2026-07-17T18:28:50.198954
lacroix,bpt6k3713120k,,failed,0,0,,http_manifest,known,403,manifest,"Client error '403 ' for url 'https://openapiproext.bnf.fr/iiif/presentation/v3/ark:/12148/bpt6k3713120k/manifest.json'
For more information check: https://developer.mozilla.org/en-US/docs/Web/HTTP/Status/403",2026-07-17T18:28:51.409976
lacroix,bpt6k37131210,,failed,0,0,,http_manifest,known,403,manifest,"Client error '403 ' for url 'https://openapiproext.bnf.fr/iiif/presentation/v3/ark:/12148/bpt6k37131210/manifest.json'
For more information check: https://developer.mozilla.org/en-US/docs/Web/HTTP/Status/403",2026-07-17T18:28:52.607442
lacroix,bpt6k3713122d,,failed,0,0,,http_manifest,known,403,manifest,"Client error '403 ' for url 'https://openapiproext.bnf.fr/iiif/presentation/v3/ark:/12148/bpt6k3713122d/manifest.json'
For more information check: https://developer.mozilla.org/en-US/docs/Web/HTTP/Status/403",2026-07-17T18:28:53.803144
lacroix,bpt6k3713123t,,failed,0,0,,http_manifest,known,403,manifest,"Client error '403 ' for url 'https://openapiproext.bnf.fr/iiif/presentation/v3/ark:/12148/bpt6k3713123t/manifest.json'
For more information check: https://developer.mozilla.org/en-US/docs/Web/HTTP/Status/403",2026-07-17T18:28:55.010767
lacroix,bpt6k37131247,,failed,0,0,,http_manifest,known,403,manifest,"Client error '403 ' for url 'https://openapiproext.bnf.fr/iiif/presentation/v3/ark:/12148/bpt6k37131247/manifest.json'
For more information check: https://developer.mozilla.org/en-US/docs/Web/HTTP/Status/403",2026-07-17T18:28:56.208368
lacroix,bpt6k3713125n,,failed,0,0,,http_manifest,known,403,manifest,"Client error '403 ' for url 'https://openapiproext.bnf.fr/iiif/presentation/v3/ark:/12148/bpt6k3713125n/manifest.json'
For more information check: https://developer.mozilla.org/en-US/docs/Web/HTTP/Status/403",2026-07-17T18:28:57.426427
lacroix,bpt6k37131262,,failed,0,0,,http_manifest,known,403,manifest,"Client error '403 ' for url 'https://openapiproext.bnf.fr/iiif/presentation/v3/ark:/12148/bpt6k37131262/manifest.json'
For more information check: https://developer.mozilla.org/en-US/docs/Web/HTTP/Status/403",2026-07-17T18:28:58.664265
lacroix,bpt6k3713127g,,failed,0,0,,http_manifest,known,403,manifest,"Client error '403 ' for url 'https://openapiproext.bnf.fr/iiif/presentation/v3/ark:/12148/bpt6k3713127g/manifest.json'
For more information check: https://developer.mozilla.org/en-US/docs/Web/HTTP/Status/403",2026-07-17T18:29:00.066482
lacroix,bpt6k3713128w,,failed,0,0,,http_manifest,known,403,manifest,"Client error '403 ' for url 'https://openapiproext.bnf.fr/iiif/presentation/v3/ark:/12148/bpt6k3713128w/manifest.json'
For more information check: https://developer.mozilla.org/en-US/docs/Web/HTTP/Status/403",2026-07-17T18:29:01.131729
lacroix,bpt6k37132821,,failed,0,0,,http_manifest,known,403,manifest,"Client error '403 ' for url 'https://openapiproext.bnf.fr/iiif/presentation/v3/ark:/12148/bpt6k37132821/manifest.json'
For more information check: https://developer.mozilla.org/en-US/docs/Web/HTTP/Status/403",2026-07-17T18:29:02.422239
lacroix,bpt6k37131299,,failed,0,0,,http_manifest,known,403,manifest,"Client error '403 ' for url 'https://openapiproext.bnf.fr/iiif/presentation/v3/ark:/12148/bpt6k37131299/manifest.json'
For more information check: https://developer.mozilla.org/en-US/docs/Web/HTTP/Status/403",2026-07-17T18:29:03.482033
lacroix,bpt6k3713130z,,failed,0,0,,http_manifest,known,403,manifest,"Client error '403 ' for url 'https://openapiproext.bnf.fr/iiif/presentation/v3/ark:/12148/bpt6k3713130z/manifest.json'
For more information check: https://developer.mozilla.org/en-US/docs/Web/HTTP/Status/403",2026-07-17T18:29:04.704385
lacroix,bpt6k3713283f,,failed,0,0,,http_manifest,known,403,manifest,"Client error '403 ' for url 'https://openapiproext.bnf.fr/iiif/presentation/v3/ark:/12148/bpt6k3713283f/manifest.json'
For more information check: https://developer.mozilla.org/en-US/docs/Web/HTTP/Status/403",2026-07-17T18:29:06.048437
lacroix,bpt6k3713284v,,failed,0,0,,http_manifest,known,403,manifest,"Client error '403 ' for url 'https://openapiproext.bnf.fr/iiif/presentation/v3/ark:/12148/bpt6k3713284v/manifest.json'
For more information check: https://developer.mozilla.org/en-US/docs/Web/HTTP/Status/403",2026-07-17T18:29:07.118535
lacroix,bpt6k3713131c,,failed,0,0,,http_manifest,known,403,manifest,"Client error '403 ' for url 'https://openapiproext.bnf.fr/iiif/presentation/v3/ark:/12148/bpt6k3713131c/manifest.json'
For more information check: https://developer.mozilla.org/en-US/docs/Web/HTTP/Status/403",2026-07-17T18:29:08.248007
lacroix,bpt6k37132858,,failed,0,0,,http_manifest,known,403,manifest,"Client error '403 ' for url 'https://openapiproext.bnf.fr/iiif/presentation/v3/ark:/12148/bpt6k37132858/manifest.json'
For more information check: https://developer.mozilla.org/en-US/docs/Web/HTTP/Status/403",2026-07-17T18:29:09.438768
lacroix,bpt6k3713132s,,failed,0,0,,http_manifest,known,403,manifest,"Client error '403 ' for url 'https://openapiproext.bnf.fr/iiif/presentation/v3/ark:/12148/bpt6k3713132s/manifest.json'
For more information check: https://developer.mozilla.org/en-US/docs/Web/HTTP/Status/403",2026-07-17T18:29:10.655825
lacroix,bpt6k3713286p,,failed,0,0,,http_manifest,known,403,manifest,"Client error '403 ' for url 'https://openapiproext.bnf.fr/iiif/presentation/v3/ark:/12148/bpt6k3713286p/manifest.json'
For more information check: https://developer.mozilla.org/en-US/docs/Web/HTTP/Status/403",2026-07-17T18:29:11.832367
lacroix,bpt6k37131336,,failed,0,0,,http_manifest,known,403,manifest,"Client error '403 ' for url 'https://openapiproext.bnf.fr/iiif/presentation/v3/ark:/12148/bpt6k37131336/manifest.json'
For more information check: https://developer.mozilla.org/en-US/docs/Web/HTTP/Status/403",2026-07-17T18:29:13.030684
lacroix,bpt6k37132873,,failed,0,0,,http_manifest,known,403,manifest,"Client error '403 ' for url 'https://openapiproext.bnf.fr/iiif/presentation/v3/ark:/12148/bpt6k37132873/manifest.json'
For more information check: https://developer.mozilla.org/en-US/docs/Web/HTTP/Status/403",2026-07-17T18:29:14.234280
lacroix,bpt6k3713134m,,failed,0,0,,http_manifest,known,403,manifest,"Client error '403 ' for url 'https://openapiproext.bnf.fr/iiif/presentation/v3/ark:/12148/bpt6k3713134m/manifest.json'
For more information check: https://developer.mozilla.org/en-US/docs/Web/HTTP/Status/403",2026-07-17T18:29:15.434980
lacroix,bpt6k3713288h,,failed,0,0,,http_manifest,known,403,manifest,"Client error '403 ' for url 'https://openapiproext.bnf.fr/iiif/presentation/v3/ark:/12148/bpt6k3713288h/manifest.json'
For more information check: https://developer.mozilla.org/en-US/docs/Web/HTTP/Status/403",2026-07-17T18:29:16.647834
lacroix,bpt6k37131351,,failed,0,0,,http_manifest,known,403,manifest,"Client error '403 ' for url 'https://openapiproext.bnf.fr/iiif/presentation/v3/ark:/12148/bpt6k37131351/manifest.json'
For more information check: https://developer.mozilla.org/en-US/docs/Web/HTTP/Status/403",2026-07-17T18:29:17.840313
lacroix,bpt6k3713136f,,failed,0,0,,http_manifest,known,403,manifest,"Client error '403 ' for url 'https://openapiproext.bnf.fr/iiif/presentation/v3/ark:/12148/bpt6k3713136f/manifest.json'
For more information check: https://developer.mozilla.org/en-US/docs/Web/HTTP/Status/403",2026-07-17T18:29:19.039967
lacroix,bpt6k3713137v,,failed,0,0,,http_manifest,known,403,manifest,"Client error '403 ' for url 'https://openapiproext.bnf.fr/iiif/presentation/v3/ark:/12148/bpt6k3713137v/manifest.json'
For more information check: https://developer.mozilla.org/en-US/docs/Web/HTTP/Status/403",2026-07-17T18:29:20.265837
lacroix,bpt6k37131388,,failed,0,0,,http_manifest,known,403,manifest,"Client error '403 ' for url 'https://openapiproext.bnf.fr/iiif/presentation/v3/ark:/12148/bpt6k37131388/manifest.json'
For more information check: https://developer.mozilla.org/en-US/docs/Web/HTTP/Status/403",2026-07-17T18:29:21.438982
lacroix,bpt6k3713139p,,failed,0,0,,http_manifest,known,403,manifest,"Client error '403 ' for url 'https://openapiproext.bnf.fr/iiif/presentation/v3/ark:/12148/bpt6k3713139p/manifest.json'
For more information check: https://developer.mozilla.org/en-US/docs/Web/HTTP/Status/403",2026-07-17T18:29:22.644778
lacroix,bpt6k3713140b,,failed,0,0,,http_manifest,known,403,manifest,"Client error '403 ' for url 'https://openapiproext.bnf.fr/iiif/presentation/v3/ark:/12148/bpt6k3713140b/manifest.json'
For more information check: https://developer.mozilla.org/en-US/docs/Web/HTTP/Status/403",2026-07-17T18:29:23.847072
lacroix,bpt6k3713141r,,failed,0,0,,http_manifest,known,403,manifest,"Client error '403 ' for url 'https://openapiproext.bnf.fr/iiif/presentation/v3/ark:/12148/bpt6k3713141r/manifest.json'
For more information check: https://developer.mozilla.org/en-US/docs/Web/HTTP/Status/403",2026-07-17T18:29:25.045708
lacroix,bpt6k37131425,,failed,0,0,,http_manifest,known,403,manifest,"Client error '403 ' for url 'https://openapiproext.bnf.fr/iiif/presentation/v3/ark:/12148/bpt6k37131425/manifest.json'
For more information check: https://developer.mozilla.org/en-US/docs/Web/HTTP/Status/403",2026-07-17T18:29:26.282258
lacroix,bpt6k3713143k,,failed,0,0,,http_manifest,known,403,manifest,"Client error '403 ' for url 'https://openapiproext.bnf.fr/iiif/presentation/v3/ark:/12148/bpt6k3713143k/manifest.json'
For more information check: https://developer.mozilla.org/en-US/docs/Web/HTTP/Status/403",2026-07-17T18:29:27.454908
lacroix,bpt6k37131440,,failed,0,0,,http_manifest,known,403,manifest,"Client error '403 ' for url 'https://openapiproext.bnf.fr/iiif/presentation/v3/ark:/12148/bpt6k37131440/manifest.json'
For more information check: https://developer.mozilla.org/en-US/docs/Web/HTTP/Status/403",2026-07-17T18:29:28.652851
lacroix,bpt6k3713145d,,failed,0,0,,http_manifest,known,403,manifest,"Client error '403 ' for url 'https://openapiproext.bnf.fr/iiif/presentation/v3/ark:/12148/bpt6k3713145d/manifest.json'
For more information check: https://developer.mozilla.org/en-US/docs/Web/HTTP/Status/403",2026-07-17T18:29:29.851557
lacroix,bpt6k3713146t,,failed,0,0,,http_manifest,known,403,manifest,"Client error '403 ' for url 'https://openapiproext.bnf.fr/iiif/presentation/v3/ark:/12148/bpt6k3713146t/manifest.json'
For more information check: https://developer.mozilla.org/en-US/docs/Web/HTTP/Status/403",2026-07-17T18:29:31.056056
lacroix,bpt6k37131477,,failed,0,0,,http_manifest,known,403,manifest,"Client error '403 ' for url 'https://openapiproext.bnf.fr/iiif/presentation/v3/ark:/12148/bpt6k37131477/manifest.json'
For more information check: https://developer.mozilla.org/en-US/docs/Web/HTTP/Status/403",2026-07-17T18:29:32.257309
lacroix,bpt6k3713148n,,failed,0,0,,http_manifest,known,403,manifest,"Client error '403 ' for url 'https://openapiproext.bnf.fr/iiif/presentation/v3/ark:/12148/bpt6k3713148n/manifest.json'
For more information check: https://developer.mozilla.org/en-US/docs/Web/HTTP/Status/403",2026-07-17T18:29:33.457639
lacroix,bpt6k37131492,,failed,0,0,,http_manifest,known,403,manifest,"Client error '403 ' for url 'https://openapiproext.bnf.fr/iiif/presentation/v3/ark:/12148/bpt6k37131492/manifest.json'
For more information check: https://developer.mozilla.org/en-US/docs/Web/HTTP/Status/403",2026-07-17T18:29:34.661100
lacroix,bpt6k3713150q,,failed,0,0,,http_manifest,known,403,manifest,"Client error '403 ' for url 'https://openapiproext.bnf.fr/iiif/presentation/v3/ark:/12148/bpt6k3713150q/manifest.json'
For more information check: https://developer.mozilla.org/en-US/docs/Web/HTTP/Status/403",2026-07-17T18:29:35.862156
lacroix,bpt6k37131514,,failed,0,0,,http_manifest,known,403,manifest,"Client error '403 ' for url 'https://openapiproext.bnf.fr/iiif/presentation/v3/ark:/12148/bpt6k37131514/manifest.json'
For more information check: https://developer.mozilla.org/en-US/docs/Web/HTTP/Status/403",2026-07-17T18:29:37.062349
lacroix,bpt6k3713152j,,failed,0,0,,http_manifest,known,403,manifest,"Client error '403 ' for url 'https://openapiproext.bnf.fr/iiif/presentation/v3/ark:/12148/bpt6k3713152j/manifest.json'
For more information check: https://developer.mozilla.org/en-US/docs/Web/HTTP/Status/403",2026-07-17T18:29:38.293801
lacroix,bpt6k3713153z,,failed,0,0,,http_manifest,known,403,manifest,"Client error '403 ' for url 'https://openapiproext.bnf.fr/iiif/presentation/v3/ark:/12148/bpt6k3713153z/manifest.json'
For more information check: https://developer.mozilla.org/en-US/docs/Web/HTTP/Status/403",2026-07-17T18:29:39.471919
lacroix,bpt6k3713154c,,failed,0,0,,http_manifest,known,403,manifest,"Client error '403 ' for url 'https://openapiproext.bnf.fr/iiif/presentation/v3/ark:/12148/bpt6k3713154c/manifest.json'
For more information check: https://developer.mozilla.org/en-US/docs/Web/HTTP/Status/403",2026-07-17T18:29:40.676008
lacroix,bpt6k3713155s,,failed,0,0,,http_manifest,known,403,manifest,"Client error '403 ' for url 'https://openapiproext.bnf.fr/iiif/presentation/v3/ark:/12148/bpt6k3713155s/manifest.json'
For more information check: https://developer.mozilla.org/en-US/docs/Web/HTTP/Status/403",2026-07-17T18:29:41.871380
lacroix,bpt6k37131566,,failed,0,0,,http_manifest,known,403,manifest,"Client error '403 ' for url 'https://openapiproext.bnf.fr/iiif/presentation/v3/ark:/12148/bpt6k37131566/manifest.json'
For more information check: https://developer.mozilla.org/en-US/docs/Web/HTTP/Status/403",2026-07-17T18:29:43.072438
lacroix,bpt6k3713157m,,failed,0,0,,http_manifest,known,403,manifest,"Client error '403 ' for url 'https://openapiproext.bnf.fr/iiif/presentation/v3/ark:/12148/bpt6k3713157m/manifest.json'
For more information check: https://developer.mozilla.org/en-US/docs/Web/HTTP/Status/403",2026-07-17T18:29:44.273885
lacroix,bpt6k37131581,,failed,0,0,,http_manifest,known,403,manifest,"Client error '403 ' for url 'https://openapiproext.bnf.fr/iiif/presentation/v3/ark:/12148/bpt6k37131581/manifest.json'
For more information check: https://developer.mozilla.org/en-US/docs/Web/HTTP/Status/403",2026-07-17T18:29:45.477070
lacroix,bpt6k3713159f,,failed,0,0,,http_manifest,known,403,manifest,"Client error '403 ' for url 'https://openapiproext.bnf.fr/iiif/presentation/v3/ark:/12148/bpt6k3713159f/manifest.json'
For more information check: https://developer.mozilla.org/en-US/docs/Web/HTTP/Status/403",2026-07-17T18:29:46.676536
lacroix,bpt6k37131603,,failed,0,0,,http_manifest,known,403,manifest,"Client error '403 ' for url 'https://openapiproext.bnf.fr/iiif/presentation/v3/ark:/12148/bpt6k37131603/manifest.json'
For more information check: https://developer.mozilla.org/en-US/docs/Web/HTTP/Status/403",2026-07-17T18:29:47.879976
lacroix,bpt6k3713161h,,failed,0,0,,http_manifest,known,403,manifest,"Client error '403 ' for url 'https://openapiproext.bnf.fr/iiif/presentation/v3/ark:/12148/bpt6k3713161h/manifest.json'
For more information check: https://developer.mozilla.org/en-US/docs/Web/HTTP/Status/403",2026-07-17T18:29:49.079895
lacroix,bpt6k3713162x,,failed,0,0,,http_manifest,known,403,manifest,"Client error '403 ' for url 'https://openapiproext.bnf.fr/iiif/presentation/v3/ark:/12148/bpt6k3713162x/manifest.json'
For more information check: https://developer.mozilla.org/en-US/docs/Web/HTTP/Status/403",2026-07-17T18:29:50.283284
lacroix,bpt6k3713163b,,failed,0,0,,http_manifest,known,403,manifest,"Client error '403 ' for url 'https://openapiproext.bnf.fr/iiif/presentation/v3/ark:/12148/bpt6k3713163b/manifest.json'
For more information check: https://developer.mozilla.org/en-US/docs/Web/HTTP/Status/403",2026-07-17T18:29:51.484739
lacroix,bpt6k3713289x,,failed,0,0,,http_manifest,known,403,manifest,"Client error '403 ' for url 'https://openapiproext.bnf.fr/iiif/presentation/v3/ark:/12148/bpt6k3713289x/manifest.json'
For more information check: https://developer.mozilla.org/en-US/docs/Web/HTTP/Status/403",2026-07-17T18:29:52.686899
lacroix,bpt6k3713164r,,failed,0,0,,http_manifest,known,403,manifest,"Client error '403 ' for url 'https://openapiproext.bnf.fr/iiif/presentation/v3/ark:/12148/bpt6k3713164r/manifest.json'
For more information check: https://developer.mozilla.org/en-US/docs/Web/HTTP/Status/403",2026-07-17T18:29:53.883758
lacroix,bpt6k37131655,,failed,0,0,,http_manifest,known,403,manifest,"Client error '403 ' for url 'https://openapiproext.bnf.fr/iiif/presentation/v3/ark:/12148/bpt6k37131655/manifest.json'
For more information check: https://developer.mozilla.org/en-US/docs/Web/HTTP/Status/403",2026-07-17T18:29:55.170203
lacroix,bpt6k3713166k,,failed,0,0,,http_manifest,known,403,manifest,"Client error '403 ' for url 'https://openapiproext.bnf.fr/iiif/presentation/v3/ark:/12148/bpt6k3713166k/manifest.json'
For more information check: https://developer.mozilla.org/en-US/docs/Web/HTTP/Status/403",2026-07-17T18:29:56.288621
lacroix,bpt6k37131670,,failed,0,0,,http_manifest,known,403,manifest,"Client error '403 ' for url 'https://openapiproext.bnf.fr/iiif/presentation/v3/ark:/12148/bpt6k37131670/manifest.json'
For more information check: https://developer.mozilla.org/en-US/docs/Web/HTTP/Status/403",2026-07-17T18:29:57.492598
lacroix,bpt6k3713168d,,failed,0,0,,http_manifest,known,403,manifest,"Client error '403 ' for url 'https://openapiproext.bnf.fr/iiif/presentation/v3/ark:/12148/bpt6k3713168d/manifest.json'
For more information check: https://developer.mozilla.org/en-US/docs/Web/HTTP/Status/403",2026-07-17T18:29:58.783928
lacroix,bpt6k3713169t,,failed,0,0,,http_manifest,known,403,manifest,"Client error '403 ' for url 'https://openapiproext.bnf.fr/iiif/presentation/v3/ark:/12148/bpt6k3713169t/manifest.json'
For more information check: https://developer.mozilla.org/en-US/docs/Web/HTTP/Status/403",2026-07-17T18:30:00.081321
lacroix,bpt6k3713170g,,failed,0,0,,http_manifest,known,403,manifest,"Client error '403 ' for url 'https://openapiproext.bnf.fr/iiif/presentation/v3/ark:/12148/bpt6k3713170g/manifest.json'
For more information check: https://developer.mozilla.org/en-US/docs/Web/HTTP/Status/403",2026-07-17T18:30:01.099827
lacroix,bpt6k3713171w,,failed,0,0,,http_manifest,known,403,manifest,"Client error '403 ' for url 'https://openapiproext.bnf.fr/iiif/presentation/v3/ark:/12148/bpt6k3713171w/manifest.json'
For more information check: https://developer.mozilla.org/en-US/docs/Web/HTTP/Status/403",2026-07-17T18:30:02.502759
lacroix,bpt6k37131729,,failed,0,0,,http_manifest,known,403,manifest,"Client error '403 ' for url 'https://openapiproext.bnf.fr/iiif/presentation/v3/ark:/12148/bpt6k37131729/manifest.json'
For more information check: https://developer.mozilla.org/en-US/docs/Web/HTTP/Status/403",2026-07-17T18:30:03.769145
lacroix,bpt6k3713173q,,failed,0,0,,http_manifest,known,403,manifest,"Client error '403 ' for url 'https://openapiproext.bnf.fr/iiif/presentation/v3/ark:/12148/bpt6k3713173q/manifest.json'
For more information check: https://developer.mozilla.org/en-US/docs/Web/HTTP/Status/403",2026-07-17T18:30:04.797800
lacroix,bpt6k37131744,,failed,0,0,,http_manifest,known,403,manifest,"Client error '403 ' for url 'https://openapiproext.bnf.fr/iiif/presentation/v3/ark:/12148/bpt6k37131744/manifest.json'
For more information check: https://developer.mozilla.org/en-US/docs/Web/HTTP/Status/403",2026-07-17T18:30:06.155131
lacroix,bpt6k3713175j,,failed,0,0,,http_manifest,known,403,manifest,"Client error '403 ' for url 'https://openapiproext.bnf.fr/iiif/presentation/v3/ark:/12148/bpt6k3713175j/manifest.json'
For more information check: https://developer.mozilla.org/en-US/docs/Web/HTTP/Status/403",2026-07-17T18:30:07.156441
lacroix,bpt6k3713176z,,failed,0,0,,http_manifest,known,403,manifest,"Client error '403 ' for url 'https://openapiproext.bnf.fr/iiif/presentation/v3/ark:/12148/bpt6k3713176z/manifest.json'
For more information check: https://developer.mozilla.org/en-US/docs/Web/HTTP/Status/403",2026-07-17T18:30:08.314780
lacroix,bpt6k3713177c,,failed,0,0,,http_manifest,known,403,manifest,"Client error '403 ' for url 'https://openapiproext.bnf.fr/iiif/presentation/v3/ark:/12148/bpt6k3713177c/manifest.json'
For more information check: https://developer.mozilla.org/en-US/docs/Web/HTTP/Status/403",2026-07-17T18:30:09.505726
lacroix,bpt6k3713178s,,failed,0,0,,http_manifest,known,403,manifest,"Client error '403 ' for url 'https://openapiproext.bnf.fr/iiif/presentation/v3/ark:/12148/bpt6k3713178s/manifest.json'
For more information check: https://developer.mozilla.org/en-US/docs/Web/HTTP/Status/403",2026-07-17T18:30:10.708725
lacroix,bpt6k37131796,,failed,0,0,,http_manifest,known,403,manifest,"Client error '403 ' for url 'https://openapiproext.bnf.fr/iiif/presentation/v3/ark:/12148/bpt6k37131796/manifest.json'
For more information check: https://developer.mozilla.org/en-US/docs/Web/HTTP/Status/403",2026-07-17T18:30:11.914648
lacroix,bpt6k3713180v,,failed,0,0,,http_manifest,known,403,manifest,"Client error '403 ' for url 'https://openapiproext.bnf.fr/iiif/presentation/v3/ark:/12148/bpt6k3713180v/manifest.json'
For more information check: https://developer.mozilla.org/en-US/docs/Web/HTTP/Status/403",2026-07-17T18:30:13.114133
lacroix,bpt6k37131818,,failed,0,0,,http_manifest,known,403,manifest,"Client error '403 ' for url 'https://openapiproext.bnf.fr/iiif/presentation/v3/ark:/12148/bpt6k37131818/manifest.json'
For more information check: https://developer.mozilla.org/en-US/docs/Web/HTTP/Status/403",2026-07-17T18:30:14.315174
lacroix,bpt6k3713182p,,failed,0,0,,http_manifest,known,403,manifest,"Client error '403 ' for url 'https://openapiproext.bnf.fr/iiif/presentation/v3/ark:/12148/bpt6k3713182p/manifest.json'
For more information check: https://developer.mozilla.org/en-US/docs/Web/HTTP/Status/403",2026-07-17T18:30:15.516483
lacroix,bpt6k37131833,,failed,0,0,,http_manifest,known,403,manifest,"Client error '403 ' for url 'https://openapiproext.bnf.fr/iiif/presentation/v3/ark:/12148/bpt6k37131833/manifest.json'
For more information check: https://developer.mozilla.org/en-US/docs/Web/HTTP/Status/403",2026-07-17T18:30:16.720951
lacroix,bpt6k3713184h,,failed,0,0,,http_manifest,known,403,manifest,"Client error '403 ' for url 'https://openapiproext.bnf.fr/iiif/presentation/v3/ark:/12148/bpt6k3713184h/manifest.json'
For more information check: https://developer.mozilla.org/en-US/docs/Web/HTTP/Status/403",2026-07-17T18:30:17.948013
lacroix,bpt6k3713185x,,failed,0,0,,http_manifest,known,403,manifest,"Client error '403 ' for url 'https://openapiproext.bnf.fr/iiif/presentation/v3/ark:/12148/bpt6k3713185x/manifest.json'
For more information check: https://developer.mozilla.org/en-US/docs/Web/HTTP/Status/403",2026-07-17T18:30:19.123656
lacroix,bpt6k3713186b,,failed,0,0,,http_manifest,known,403,manifest,"Client error '403 ' for url 'https://openapiproext.bnf.fr/iiif/presentation/v3/ark:/12148/bpt6k3713186b/manifest.json'
For more information check: https://developer.mozilla.org/en-US/docs/Web/HTTP/Status/403",2026-07-17T18:30:20.323731
lacroix,bpt6k3713187r,,failed,0,0,,http_manifest,known,403,manifest,"Client error '403 ' for url 'https://openapiproext.bnf.fr/iiif/presentation/v3/ark:/12148/bpt6k3713187r/manifest.json'
For more information check: https://developer.mozilla.org/en-US/docs/Web/HTTP/Status/403",2026-07-17T18:30:21.527210
lacroix,bpt6k37131885,,failed,0,0,,http_manifest,known,403,manifest,"Client error '403 ' for url 'https://openapiproext.bnf.fr/iiif/presentation/v3/ark:/12148/bpt6k37131885/manifest.json'
For more information check: https://developer.mozilla.org/en-US/docs/Web/HTTP/Status/403",2026-07-17T18:30:22.726382
lacroix,bpt6k3713290k,,failed,0,0,,http_manifest,known,403,manifest,"Client error '403 ' for url 'https://openapiproext.bnf.fr/iiif/presentation/v3/ark:/12148/bpt6k3713290k/manifest.json'
For more information check: https://developer.mozilla.org/en-US/docs/Web/HTTP/Status/403",2026-07-17T18:30:23.929141
lacroix,bpt6k3713189k,,failed,0,0,,http_manifest,known,403,manifest,"Client error '403 ' for url 'https://openapiproext.bnf.fr/iiif/presentation/v3/ark:/12148/bpt6k3713189k/manifest.json'
For more information check: https://developer.mozilla.org/en-US/docs/Web/HTTP/Status/403",2026-07-17T18:30:25.134592
lacroix,bpt6k37131907,,failed,0,0,,http_manifest,known,403,manifest,"Client error '403 ' for url 'https://openapiproext.bnf.fr/iiif/presentation/v3/ark:/12148/bpt6k37131907/manifest.json'
For more information check: https://developer.mozilla.org/en-US/docs/Web/HTTP/Status/403",2026-07-17T18:30:26.331180
lacroix,bpt6k3713191n,,failed,0,0,,http_manifest,known,403,manifest,"Client error '403 ' for url 'https://openapiproext.bnf.fr/iiif/presentation/v3/ark:/12148/bpt6k3713191n/manifest.json'
For more information check: https://developer.mozilla.org/en-US/docs/Web/HTTP/Status/403",2026-07-17T18:30:27.534221
lacroix,bpt6k37131922,,failed,0,0,,http_manifest,known,403,manifest,"Client error '403 ' for url 'https://openapiproext.bnf.fr/iiif/presentation/v3/ark:/12148/bpt6k37131922/manifest.json'
For more information check: https://developer.mozilla.org/en-US/docs/Web/HTTP/Status/403",2026-07-17T18:30:28.738475
lacroix,bpt6k3713193g,,failed,0,0,,http_manifest,known,403,manifest,"Client error '403 ' for url 'https://openapiproext.bnf.fr/iiif/presentation/v3/ark:/12148/bpt6k3713193g/manifest.json'
For more information check: https://developer.mozilla.org/en-US/docs/Web/HTTP/Status/403",2026-07-17T18:30:29.964591
lacroix,bpt6k3713194w,,failed,0,0,,http_manifest,known,403,manifest,"Client error '403 ' for url 'https://openapiproext.bnf.fr/iiif/presentation/v3/ark:/12148/bpt6k3713194w/manifest.json'
For more information check: https://developer.mozilla.org/en-US/docs/Web/HTTP/Status/403",2026-07-17T18:30:31.139472
lacroix,bpt6k37131959,,failed,0,0,,http_manifest,known,403,manifest,"Client error '403 ' for url 'https://openapiproext.bnf.fr/iiif/presentation/v3/ark:/12148/bpt6k37131959/manifest.json'
For more information check: https://developer.mozilla.org/en-US/docs/Web/HTTP/Status/403",2026-07-17T18:30:32.337858
lacroix,bpt6k3713196q,,failed,0,0,,http_manifest,known,403,manifest,"Client error '403 ' for url 'https://openapiproext.bnf.fr/iiif/presentation/v3/ark:/12148/bpt6k3713196q/manifest.json'
For more information check: https://developer.mozilla.org/en-US/docs/Web/HTTP/Status/403",2026-07-17T18:30:33.541958
lacroix,bpt6k37131974,,failed,0,0,,http_manifest,known,403,manifest,"Client error '403 ' for url 'https://openapiproext.bnf.fr/iiif/presentation/v3/ark:/12148/bpt6k37131974/manifest.json'
For more information check: https://developer.mozilla.org/en-US/docs/Web/HTTP/Status/403",2026-07-17T18:30:34.741703
lacroix,bpt6k3713198j,,failed,0,0,,http_manifest,known,403,manifest,"Client error '403 ' for url 'https://openapiproext.bnf.fr/iiif/presentation/v3/ark:/12148/bpt6k3713198j/manifest.json'
For more information check: https://developer.mozilla.org/en-US/docs/Web/HTTP/Status/403",2026-07-17T18:30:35.961916
lacroix,bpt6k3713199z,,failed,0,0,,http_manifest,known,403,manifest,"Client error '403 ' for url 'https://openapiproext.bnf.fr/iiif/presentation/v3/ark:/12148/bpt6k3713199z/manifest.json'
For more information check: https://developer.mozilla.org/en-US/docs/Web/HTTP/Status/403",2026-07-17T18:30:37.147047
lacroix,bpt6k37132005,,failed,0,0,,http_manifest,known,403,manifest,"Client error '403 ' for url 'https://openapiproext.bnf.fr/iiif/presentation/v3/ark:/12148/bpt6k37132005/manifest.json'
For more information check: https://developer.mozilla.org/en-US/docs/Web/HTTP/Status/403",2026-07-17T18:30:38.347004
lacroix,bpt6k3713201k,,failed,0,0,,http_manifest,known,403,manifest,"Client error '403 ' for url 'https://openapiproext.bnf.fr/iiif/presentation/v3/ark:/12148/bpt6k3713201k/manifest.json'
For more information check: https://developer.mozilla.org/en-US/docs/Web/HTTP/Status/403",2026-07-17T18:30:39.561276
lacroix,bpt6k37132020,,failed,0,0,,http_manifest,known,403,manifest,"Client error '403 ' for url 'https://openapiproext.bnf.fr/iiif/presentation/v3/ark:/12148/bpt6k37132020/manifest.json'
For more information check: https://developer.mozilla.org/en-US/docs/Web/HTTP/Status/403",2026-07-17T18:30:40.763549
lacroix,bpt6k3713203d,,failed,0,0,,http_manifest,known,403,manifest,"Client error '403 ' for url 'https://openapiproext.bnf.fr/iiif/presentation/v3/ark:/12148/bpt6k3713203d/manifest.json'
For more information check: https://developer.mozilla.org/en-US/docs/Web/HTTP/Status/403",2026-07-17T18:30:41.953242
lacroix,bpt6k3713204t,,failed,0,0,,http_manifest,known,403,manifest,"Client error '403 ' for url 'https://openapiproext.bnf.fr/iiif/presentation/v3/ark:/12148/bpt6k3713204t/manifest.json'
For more information check: https://developer.mozilla.org/en-US/docs/Web/HTTP/Status/403",2026-07-17T18:30:43.154809
lacroix,bpt6k37132057,,failed,0,0,,http_manifest,known,403,manifest,"Client error '403 ' for url 'https://openapiproext.bnf.fr/iiif/presentation/v3/ark:/12148/bpt6k37132057/manifest.json'
For more information check: https://developer.mozilla.org/en-US/docs/Web/HTTP/Status/403",2026-07-17T18:30:44.372908
lacroix,bpt6k3713206n,,failed,0,0,,http_manifest,known,403,manifest,"Client error '403 ' for url 'https://openapiproext.bnf.fr/iiif/presentation/v3/ark:/12148/bpt6k3713206n/manifest.json'
For more information check: https://developer.mozilla.org/en-US/docs/Web/HTTP/Status/403",2026-07-17T18:30:45.560968
lacroix,bpt6k37132072,,failed,0,0,,http_manifest,known,403,manifest,"Client error '403 ' for url 'https://openapiproext.bnf.fr/iiif/presentation/v3/ark:/12148/bpt6k37132072/manifest.json'
For more information check: https://developer.mozilla.org/en-US/docs/Web/HTTP/Status/403",2026-07-17T18:30:46.763856
lacroix,bpt6k3713208g,,failed,0,0,,http_manifest,known,403,manifest,"Client error '403 ' for url 'https://openapiproext.bnf.fr/iiif/presentation/v3/ark:/12148/bpt6k3713208g/manifest.json'
For more information check: https://developer.mozilla.org/en-US/docs/Web/HTTP/Status/403",2026-07-17T18:30:47.961919
lacroix,bpt6k3713209w,,failed,0,0,,http_manifest,known,403,manifest,"Client error '403 ' for url 'https://openapiproext.bnf.fr/iiif/presentation/v3/ark:/12148/bpt6k3713209w/manifest.json'
For more information check: https://developer.mozilla.org/en-US/docs/Web/HTTP/Status/403",2026-07-17T18:30:49.162725
lacroix,bpt6k3713210j,,failed,0,0,,http_manifest,known,403,manifest,"Client error '403 ' for url 'https://openapiproext.bnf.fr/iiif/presentation/v3/ark:/12148/bpt6k3713210j/manifest.json'
For more information check: https://developer.mozilla.org/en-US/docs/Web/HTTP/Status/403",2026-07-17T18:30:50.366040
lacroix,bpt6k3713211z,,failed,0,0,,http_manifest,known,403,manifest,"Client error '403 ' for url 'https://openapiproext.bnf.fr/iiif/presentation/v3/ark:/12148/bpt6k3713211z/manifest.json'
For more information check: https://developer.mozilla.org/en-US/docs/Web/HTTP/Status/403",2026-07-17T18:30:51.564416
lacroix,bpt6k3713212c,,failed,0,0,,http_manifest,known,403,manifest,"Client error '403 ' for url 'https://openapiproext.bnf.fr/iiif/presentation/v3/ark:/12148/bpt6k3713212c/manifest.json'
For more information check: https://developer.mozilla.org/en-US/docs/Web/HTTP/Status/403",2026-07-17T18:30:52.781357
lacroix,bpt6k3713213s,,failed,0,0,,http_manifest,known,403,manifest,"Client error '403 ' for url 'https://openapiproext.bnf.fr/iiif/presentation/v3/ark:/12148/bpt6k3713213s/manifest.json'
For more information check: https://developer.mozilla.org/en-US/docs/Web/HTTP/Status/403",2026-07-17T18:30:53.967647
lacroix,bpt6k37132146,,failed,0,0,,http_manifest,known,403,manifest,"Client error '403 ' for url 'https://openapiproext.bnf.fr/iiif/presentation/v3/ark:/12148/bpt6k37132146/manifest.json'
For more information check: https://developer.mozilla.org/en-US/docs/Web/HTTP/Status/403",2026-07-17T18:30:55.171843
lacroix,bpt6k3713215m,,failed,0,0,,http_manifest,known,403,manifest,"Client error '403 ' for url 'https://openapiproext.bnf.fr/iiif/presentation/v3/ark:/12148/bpt6k3713215m/manifest.json'
For more information check: https://developer.mozilla.org/en-US/docs/Web/HTTP/Status/403",2026-07-17T18:30:56.371371
lacroix,bpt6k37132910,,failed,0,0,,http_manifest,known,403,manifest,"Client error '403 ' for url 'https://openapiproext.bnf.fr/iiif/presentation/v3/ark:/12148/bpt6k37132910/manifest.json'
For more information check: https://developer.mozilla.org/en-US/docs/Web/HTTP/Status/403",2026-07-17T18:30:57.578822
lacroix,bpt6k37132161,,failed,0,0,,http_manifest,known,403,manifest,"Client error '403 ' for url 'https://openapiproext.bnf.fr/iiif/presentation/v3/ark:/12148/bpt6k37132161/manifest.json'
For more information check: https://developer.mozilla.org/en-US/docs/Web/HTTP/Status/403",2026-07-17T18:30:58.793897
lacroix,bpt6k3713217f,,failed,0,0,,http_manifest,known,403,manifest,"Client error '403 ' for url 'https://openapiproext.bnf.fr/iiif/presentation/v3/ark:/12148/bpt6k3713217f/manifest.json'
For more information check: https://developer.mozilla.org/en-US/docs/Web/HTTP/Status/403",2026-07-17T18:31:00.173465
lacroix,bpt6k3713218v,,failed,0,0,,http_manifest,known,403,manifest,"Client error '403 ' for url 'https://openapiproext.bnf.fr/iiif/presentation/v3/ark:/12148/bpt6k3713218v/manifest.json'
For more information check: https://developer.mozilla.org/en-US/docs/Web/HTTP/Status/403",2026-07-17T18:31:01.277720
lacroix,bpt6k37132198,,failed,0,0,,http_manifest,known,403,manifest,"Client error '403 ' for url 'https://openapiproext.bnf.fr/iiif/presentation/v3/ark:/12148/bpt6k37132198/manifest.json'
For more information check: https://developer.mozilla.org/en-US/docs/Web/HTTP/Status/403",2026-07-17T18:31:02.379960
lacroix,bpt6k3713220x,,failed,0,0,,http_manifest,known,403,manifest,"Client error '403 ' for url 'https://openapiproext.bnf.fr/iiif/presentation/v3/ark:/12148/bpt6k3713220x/manifest.json'
For more information check: https://developer.mozilla.org/en-US/docs/Web/HTTP/Status/403",2026-07-17T18:31:03.587082
lacroix,bpt6k3713221b,,failed,0,0,,http_manifest,known,403,manifest,"Client error '403 ' for url 'https://openapiproext.bnf.fr/iiif/presentation/v3/ark:/12148/bpt6k3713221b/manifest.json'
For more information check: https://developer.mozilla.org/en-US/docs/Web/HTTP/Status/403",2026-07-17T18:31:04.833799
lacroix,bpt6k3713222r,,failed,0,0,,http_manifest,known,403,manifest,"Client error '403 ' for url 'https://openapiproext.bnf.fr/iiif/presentation/v3/ark:/12148/bpt6k3713222r/manifest.json'
For more information check: https://developer.mozilla.org/en-US/docs/Web/HTTP/Status/403",2026-07-17T18:31:06.104591
lacroix,bpt6k37132235,,failed,0,0,,http_manifest,known,403,manifest,"Client error '403 ' for url 'https://openapiproext.bnf.fr/iiif/presentation/v3/ark:/12148/bpt6k37132235/manifest.json'
For more information check: https://developer.mozilla.org/en-US/docs/Web/HTTP/Status/403",2026-07-17T18:31:07.440850
lacroix,bpt6k3713224k,,failed,0,0,,http_manifest,known,403,manifest,"Client error '403 ' for url 'https://openapiproext.bnf.fr/iiif/presentation/v3/ark:/12148/bpt6k3713224k/manifest.json'
For more information check: https://developer.mozilla.org/en-US/docs/Web/HTTP/Status/403",2026-07-17T18:31:08.386273
lacroix,bpt6k37132250,,failed,0,0,,http_manifest,known,403,manifest,"Client error '403 ' for url 'https://openapiproext.bnf.fr/iiif/presentation/v3/ark:/12148/bpt6k37132250/manifest.json'
For more information check: https://developer.mozilla.org/en-US/docs/Web/HTTP/Status/403",2026-07-17T18:31:09.604215
lacroix,bpt6k3713226d,,failed,0,0,,http_manifest,known,403,manifest,"Client error '403 ' for url 'https://openapiproext.bnf.fr/iiif/presentation/v3/ark:/12148/bpt6k3713226d/manifest.json'
For more information check: https://developer.mozilla.org/en-US/docs/Web/HTTP/Status/403",2026-07-17T18:31:10.921844
lacroix,bpt6k3713227t,,failed,0,0,,http_manifest,known,403,manifest,"Client error '403 ' for url 'https://openapiproext.bnf.fr/iiif/presentation/v3/ark:/12148/bpt6k3713227t/manifest.json'
For more information check: https://developer.mozilla.org/en-US/docs/Web/HTTP/Status/403",2026-07-17T18:31:11.995379
lacroix,bpt6k37132287,,failed,0,0,,http_manifest,known,403,manifest,"Client error '403 ' for url 'https://openapiproext.bnf.fr/iiif/presentation/v3/ark:/12148/bpt6k37132287/manifest.json'
For more information check: https://developer.mozilla.org/en-US/docs/Web/HTTP/Status/403",2026-07-17T18:31:13.336394
lacroix,bpt6k3713229n,,failed,0,0,,http_manifest,known,403,manifest,"Client error '403 ' for url 'https://openapiproext.bnf.fr/iiif/presentation/v3/ark:/12148/bpt6k3713229n/manifest.json'
For more information check: https://developer.mozilla.org/en-US/docs/Web/HTTP/Status/403",2026-07-17T18:31:14.448253
lacroix,bpt6k37132309,,failed,0,0,,http_manifest,known,403,manifest,"Client error '403 ' for url 'https://openapiproext.bnf.fr/iiif/presentation/v3/ark:/12148/bpt6k37132309/manifest.json'
For more information check: https://developer.mozilla.org/en-US/docs/Web/HTTP/Status/403",2026-07-17T18:31:15.716410
lacroix,bpt6k3713231q,,failed,0,0,,http_manifest,known,403,manifest,"Client error '403 ' for url 'https://openapiproext.bnf.fr/iiif/presentation/v3/ark:/12148/bpt6k3713231q/manifest.json'
For more information check: https://developer.mozilla.org/en-US/docs/Web/HTTP/Status/403",2026-07-17T18:31:17.007450
lacroix,bpt6k37132324,,failed,0,0,,http_manifest,known,403,manifest,"Client error '403 ' for url 'https://openapiproext.bnf.fr/iiif/presentation/v3/ark:/12148/bpt6k37132324/manifest.json'
For more information check: https://developer.mozilla.org/en-US/docs/Web/HTTP/Status/403",2026-07-17T18:31:18.113909
lacroix,bpt6k3713233j,,failed,0,0,,http_manifest,known,403,manifest,"Client error '403 ' for url 'https://openapiproext.bnf.fr/iiif/presentation/v3/ark:/12148/bpt6k3713233j/manifest.json'
For more information check: https://developer.mozilla.org/en-US/docs/Web/HTTP/Status/403",2026-07-17T18:31:19.213294
lacroix,bpt6k3713234z,,failed,0,0,,http_manifest,known,403,manifest,"Client error '403 ' for url 'https://openapiproext.bnf.fr/iiif/presentation/v3/ark:/12148/bpt6k3713234z/manifest.json'
For more information check: https://developer.mozilla.org/en-US/docs/Web/HTTP/Status/403",2026-07-17T18:31:20.410008
lacroix,bpt6k3713235c,,failed,0,0,,http_manifest,known,403,manifest,"Client error '403 ' for url 'https://openapiproext.bnf.fr/iiif/presentation/v3/ark:/12148/bpt6k3713235c/manifest.json'
For more information check: https://developer.mozilla.org/en-US/docs/Web/HTTP/Status/403",2026-07-17T18:31:21.606400
lacroix,bpt6k3713236s,,failed,0,0,,http_manifest,known,403,manifest,"Client error '403 ' for url 'https://openapiproext.bnf.fr/iiif/presentation/v3/ark:/12148/bpt6k3713236s/manifest.json'
For more information check: https://developer.mozilla.org/en-US/docs/Web/HTTP/Status/403",2026-07-17T18:31:22.809124
lacroix,bpt6k37132376,,failed,0,0,,http_manifest,known,403,manifest,"Client error '403 ' for url 'https://openapiproext.bnf.fr/iiif/presentation/v3/ark:/12148/bpt6k37132376/manifest.json'
For more information check: https://developer.mozilla.org/en-US/docs/Web/HTTP/Status/403",2026-07-17T18:31:24.010884
lacroix,bpt6k3713238m,,failed,0,0,,http_manifest,known,403,manifest,"Client error '403 ' for url 'https://openapiproext.bnf.fr/iiif/presentation/v3/ark:/12148/bpt6k3713238m/manifest.json'
For more information check: https://developer.mozilla.org/en-US/docs/Web/HTTP/Status/403",2026-07-17T18:31:25.208949
lacroix,bpt6k37132391,,failed,0,0,,http_manifest,known,403,manifest,"Client error '403 ' for url 'https://openapiproext.bnf.fr/iiif/presentation/v3/ark:/12148/bpt6k37132391/manifest.json'
For more information check: https://developer.mozilla.org/en-US/docs/Web/HTTP/Status/403",2026-07-17T18:31:26.411116
lacroix,bpt6k3713240p,,failed,0,0,,http_manifest,known,403,manifest,"Client error '403 ' for url 'https://openapiproext.bnf.fr/iiif/presentation/v3/ark:/12148/bpt6k3713240p/manifest.json'
For more information check: https://developer.mozilla.org/en-US/docs/Web/HTTP/Status/403",2026-07-17T18:31:27.612939
lacroix,bpt6k3713292d,,failed,0,0,,http_manifest,known,403,manifest,"Client error '403 ' for url 'https://openapiproext.bnf.fr/iiif/presentation/v3/ark:/12148/bpt6k3713292d/manifest.json'
For more information check: https://developer.mozilla.org/en-US/docs/Web/HTTP/Status/403",2026-07-17T18:31:28.817512
lacroix,bpt6k37132413,,failed,0,0,,http_manifest,known,403,manifest,"Client error '403 ' for url 'https://openapiproext.bnf.fr/iiif/presentation/v3/ark:/12148/bpt6k37132413/manifest.json'
For more information check: https://developer.mozilla.org/en-US/docs/Web/HTTP/Status/403",2026-07-17T18:31:30.013570
lacroix,bpt6k3713242h,,failed,0,0,,http_manifest,known,403,manifest,"Client error '403 ' for url 'https://openapiproext.bnf.fr/iiif/presentation/v3/ark:/12148/bpt6k3713242h/manifest.json'
For more information check: https://developer.mozilla.org/en-US/docs/Web/HTTP/Status/403",2026-07-17T18:31:31.219096
lacroix,bpt6k3713243x,,failed,0,0,,http_manifest,known,403,manifest,"Client error '403 ' for url 'https://openapiproext.bnf.fr/iiif/presentation/v3/ark:/12148/bpt6k3713243x/manifest.json'
For more information check: https://developer.mozilla.org/en-US/docs/Web/HTTP/Status/403",2026-07-17T18:31:32.422270
lacroix,bpt6k3713244b,,failed,0,0,,http_manifest,known,403,manifest,"Client error '403 ' for url 'https://openapiproext.bnf.fr/iiif/presentation/v3/ark:/12148/bpt6k3713244b/manifest.json'
For more information check: https://developer.mozilla.org/en-US/docs/Web/HTTP/Status/403",2026-07-17T18:31:33.635679
lacroix,bpt6k3713245r,,failed,0,0,,http_manifest,known,403,manifest,"Client error '403 ' for url 'https://openapiproext.bnf.fr/iiif/presentation/v3/ark:/12148/bpt6k3713245r/manifest.json'
For more information check: https://developer.mozilla.org/en-US/docs/Web/HTTP/Status/403",2026-07-17T18:31:34.821362
lacroix,bpt6k37132465,,failed,0,0,,http_manifest,known,403,manifest,"Client error '403 ' for url 'https://openapiproext.bnf.fr/iiif/presentation/v3/ark:/12148/bpt6k37132465/manifest.json'
For more information check: https://developer.mozilla.org/en-US/docs/Web/HTTP/Status/403",2026-07-17T18:31:36.025005
lacroix,bpt6k3713247k,,failed,0,0,,http_manifest,known,403,manifest,"Client error '403 ' for url 'https://openapiproext.bnf.fr/iiif/presentation/v3/ark:/12148/bpt6k3713247k/manifest.json'
For more information check: https://developer.mozilla.org/en-US/docs/Web/HTTP/Status/403",2026-07-17T18:31:37.225742
lacroix,bpt6k37132480,,failed,0,0,,http_manifest,known,403,manifest,"Client error '403 ' for url 'https://openapiproext.bnf.fr/iiif/presentation/v3/ark:/12148/bpt6k37132480/manifest.json'
For more information check: https://developer.mozilla.org/en-US/docs/Web/HTTP/Status/403",2026-07-17T18:31:38.427901
lacroix,bpt6k3713249d,,failed,0,0,,http_manifest,known,403,manifest,"Client error '403 ' for url 'https://openapiproext.bnf.fr/iiif/presentation/v3/ark:/12148/bpt6k3713249d/manifest.json'
For more information check: https://developer.mozilla.org/en-US/docs/Web/HTTP/Status/403",2026-07-17T18:31:39.630807
lacroix,bpt6k37132502,,failed,0,0,,http_manifest,known,403,manifest,"Client error '403 ' for url 'https://openapiproext.bnf.fr/iiif/presentation/v3/ark:/12148/bpt6k37132502/manifest.json'
For more information check: https://developer.mozilla.org/en-US/docs/Web/HTTP/Status/403",2026-07-17T18:31:40.827171
lacroix,bpt6k3713251g,,failed,0,0,,http_manifest,known,403,manifest,"Client error '403 ' for url 'https://openapiproext.bnf.fr/iiif/presentation/v3/ark:/12148/bpt6k3713251g/manifest.json'
For more information check: https://developer.mozilla.org/en-US/docs/Web/HTTP/Status/403",2026-07-17T18:31:42.031514
lacroix,bpt6k3713252w,,failed,0,0,,http_manifest,known,403,manifest,"Client error '403 ' for url 'https://openapiproext.bnf.fr/iiif/presentation/v3/ark:/12148/bpt6k3713252w/manifest.json'
For more information check: https://developer.mozilla.org/en-US/docs/Web/HTTP/Status/403",2026-07-17T18:31:43.233225
lacroix,bpt6k37132539,,failed,0,0,,http_manifest,known,403,manifest,"Client error '403 ' for url 'https://openapiproext.bnf.fr/iiif/presentation/v3/ark:/12148/bpt6k37132539/manifest.json'
For more information check: https://developer.mozilla.org/en-US/docs/Web/HTTP/Status/403",2026-07-17T18:31:44.433159
lacroix,bpt6k3713254q,,failed,0,0,,http_manifest,known,403,manifest,"Client error '403 ' for url 'https://openapiproext.bnf.fr/iiif/presentation/v3/ark:/12148/bpt6k3713254q/manifest.json'
For more information check: https://developer.mozilla.org/en-US/docs/Web/HTTP/Status/403",2026-07-17T18:31:45.640024
lacroix,bpt6k37132554,,failed,0,0,,http_manifest,known,403,manifest,"Client error '403 ' for url 'https://openapiproext.bnf.fr/iiif/presentation/v3/ark:/12148/bpt6k37132554/manifest.json'
For more information check: https://developer.mozilla.org/en-US/docs/Web/HTTP/Status/403",2026-07-17T18:31:46.840719
lacroix,bpt6k3713256j,,failed,0,0,,http_manifest,known,403,manifest,"Client error '403 ' for url 'https://openapiproext.bnf.fr/iiif/presentation/v3/ark:/12148/bpt6k3713256j/manifest.json'
For more information check: https://developer.mozilla.org/en-US/docs/Web/HTTP/Status/403",2026-07-17T18:31:48.044606
lacroix,bpt6k3713257z,,failed,0,0,,http_manifest,known,403,manifest,"Client error '403 ' for url 'https://openapiproext.bnf.fr/iiif/presentation/v3/ark:/12148/bpt6k3713257z/manifest.json'
For more information check: https://developer.mozilla.org/en-US/docs/Web/HTTP/Status/403",2026-07-17T18:31:49.245921
lacroix,bpt6k3713258c,,failed,0,0,,http_manifest,known,403,manifest,"Client error '403 ' for url 'https://openapiproext.bnf.fr/iiif/presentation/v3/ark:/12148/bpt6k3713258c/manifest.json'
For more information check: https://developer.mozilla.org/en-US/docs/Web/HTTP/Status/403",2026-07-17T18:31:50.443903
lacroix,bpt6k3713259s,,failed,0,0,,http_manifest,known,403,manifest,"Client error '403 ' for url 'https://openapiproext.bnf.fr/iiif/presentation/v3/ark:/12148/bpt6k3713259s/manifest.json'
For more information check: https://developer.mozilla.org/en-US/docs/Web/HTTP/Status/403",2026-07-17T18:31:51.663698
lacroix,bpt6k3713260f,,failed,0,0,,http_manifest,known,403,manifest,"Client error '403 ' for url 'https://openapiproext.bnf.fr/iiif/presentation/v3/ark:/12148/bpt6k3713260f/manifest.json'
For more information check: https://developer.mozilla.org/en-US/docs/Web/HTTP/Status/403",2026-07-17T18:31:52.846534
lacroix,bpt6k3713261v,,failed,0,0,,http_manifest,known,403,manifest,"Client error '403 ' for url 'https://openapiproext.bnf.fr/iiif/presentation/v3/ark:/12148/bpt6k3713261v/manifest.json'
For more information check: https://developer.mozilla.org/en-US/docs/Web/HTTP/Status/403",2026-07-17T18:31:54.049003
lacroix,bpt6k37132628,,failed,0,0,,http_manifest,known,403,manifest,"Client error '403 ' for url 'https://openapiproext.bnf.fr/iiif/presentation/v3/ark:/12148/bpt6k37132628/manifest.json'
For more information check: https://developer.mozilla.org/en-US/docs/Web/HTTP/Status/403",2026-07-17T18:31:55.253085
lacroix,bpt6k3713263p,,failed,0,0,,http_manifest,known,403,manifest,"Client error '403 ' for url 'https://openapiproext.bnf.fr/iiif/presentation/v3/ark:/12148/bpt6k3713263p/manifest.json'
For more information check: https://developer.mozilla.org/en-US/docs/Web/HTTP/Status/403",2026-07-17T18:31:56.451689
lacroix,bpt6k37132643,,failed,0,0,,http_manifest,known,403,manifest,"Client error '403 ' for url 'https://openapiproext.bnf.fr/iiif/presentation/v3/ark:/12148/bpt6k37132643/manifest.json'
For more information check: https://developer.mozilla.org/en-US/docs/Web/HTTP/Status/403",2026-07-17T18:31:57.826641
lacroix,bpt6k3713265h,,failed,0,0,,http_manifest,known,403,manifest,"Client error '403 ' for url 'https://openapiproext.bnf.fr/iiif/presentation/v3/ark:/12148/bpt6k3713265h/manifest.json'
For more information check: https://developer.mozilla.org/en-US/docs/Web/HTTP/Status/403",2026-07-17T18:31:59.124457
lacroix,bpt6k3713266x,,failed,0,0,,http_manifest,known,403,manifest,"Client error '403 ' for url 'https://openapiproext.bnf.fr/iiif/presentation/v3/ark:/12148/bpt6k3713266x/manifest.json'
For more information check: https://developer.mozilla.org/en-US/docs/Web/HTTP/Status/403",2026-07-17T18:32:00.205243
lacroix,bpt6k3713293t,,failed,0,0,,http_manifest,known,403,manifest,"Client error '403 ' for url 'https://openapiproext.bnf.fr/iiif/presentation/v3/ark:/12148/bpt6k3713293t/manifest.json'
For more information check: https://developer.mozilla.org/en-US/docs/Web/HTTP/Status/403",2026-07-17T18:32:01.266874
lacroix,bpt6k3713267b,,failed,0,0,,http_manifest,known,403,manifest,"Client error '403 ' for url 'https://openapiproext.bnf.fr/iiif/presentation/v3/ark:/12148/bpt6k3713267b/manifest.json'
For more information check: https://developer.mozilla.org/en-US/docs/Web/HTTP/Status/403",2026-07-17T18:32:02.464415
lacroix,bpt6k3713268r,,failed,0,0,,http_manifest,known,403,manifest,"Client error '403 ' for url 'https://openapiproext.bnf.fr/iiif/presentation/v3/ark:/12148/bpt6k3713268r/manifest.json'
For more information check: https://developer.mozilla.org/en-US/docs/Web/HTTP/Status/403",2026-07-17T18:32:03.771470
lacroix,bpt6k37132695,,failed,0,0,,http_manifest,known,403,manifest,"Client error '403 ' for url 'https://openapiproext.bnf.fr/iiif/presentation/v3/ark:/12148/bpt6k37132695/manifest.json'
For more information check: https://developer.mozilla.org/en-US/docs/Web/HTTP/Status/403",2026-07-17T18:32:04.989194
lacroix,bpt6k3713270t,,failed,0,0,,http_manifest,known,403,manifest,"Client error '403 ' for url 'https://openapiproext.bnf.fr/iiif/presentation/v3/ark:/12148/bpt6k3713270t/manifest.json'
For more information check: https://developer.mozilla.org/en-US/docs/Web/HTTP/Status/403",2026-07-17T18:32:06.200167
lacroix,bpt6k37132717,,failed,0,0,,http_manifest,known,403,manifest,"Client error '403 ' for url 'https://openapiproext.bnf.fr/iiif/presentation/v3/ark:/12148/bpt6k37132717/manifest.json'
For more information check: https://developer.mozilla.org/en-US/docs/Web/HTTP/Status/403",2026-07-17T18:32:07.453447
lacroix,bpt6k3713272n,,failed,0,0,,http_manifest,known,403,manifest,"Client error '403 ' for url 'https://openapiproext.bnf.fr/iiif/presentation/v3/ark:/12148/bpt6k3713272n/manifest.json'
For more information check: https://developer.mozilla.org/en-US/docs/Web/HTTP/Status/403",2026-07-17T18:32:08.479085
lacroix,bpt6k37132732,,failed,0,0,,http_manifest,known,403,manifest,"Client error '403 ' for url 'https://openapiproext.bnf.fr/iiif/presentation/v3/ark:/12148/bpt6k37132732/manifest.json'
For more information check: https://developer.mozilla.org/en-US/docs/Web/HTTP/Status/403",2026-07-17T18:32:09.808071
lacroix,bpt6k3713274g,,failed,0,0,,http_manifest,known,403,manifest,"Client error '403 ' for url 'https://openapiproext.bnf.fr/iiif/presentation/v3/ark:/12148/bpt6k3713274g/manifest.json'
For more information check: https://developer.mozilla.org/en-US/docs/Web/HTTP/Status/403",2026-07-17T18:32:10.877898
lacroix,bpt6k3713275w,,failed,0,0,,http_manifest,known,403,manifest,"Client error '403 ' for url 'https://openapiproext.bnf.fr/iiif/presentation/v3/ark:/12148/bpt6k3713275w/manifest.json'
For more information check: https://developer.mozilla.org/en-US/docs/Web/HTTP/Status/403",2026-07-17T18:32:12.142547
lacroix,bpt6k37132769,,failed,0,0,,http_manifest,known,403,manifest,"Client error '403 ' for url 'https://openapiproext.bnf.fr/iiif/presentation/v3/ark:/12148/bpt6k37132769/manifest.json'
For more information check: https://developer.mozilla.org/en-US/docs/Web/HTTP/Status/403",2026-07-17T18:32:13.273544
lacroix,bpt6k37132947,,failed,0,0,,http_manifest,known,403,manifest,"Client error '403 ' for url 'https://openapiproext.bnf.fr/iiif/presentation/v3/ark:/12148/bpt6k37132947/manifest.json'
For more information check: https://developer.mozilla.org/en-US/docs/Web/HTTP/Status/403",2026-07-17T18:32:14.757449
lacroix,bpt6k3713295n,,failed,0,0,,http_manifest,known,403,manifest,"Client error '403 ' for url 'https://openapiproext.bnf.fr/iiif/presentation/v3/ark:/12148/bpt6k3713295n/manifest.json'
For more information check: https://developer.mozilla.org/en-US/docs/Web/HTTP/Status/403",2026-07-17T18:32:15.821048
lacroix,bpt6k37132962,,failed,0,0,,http_manifest,known,403,manifest,"Client error '403 ' for url 'https://openapiproext.bnf.fr/iiif/presentation/v3/ark:/12148/bpt6k37132962/manifest.json'
For more information check: https://developer.mozilla.org/en-US/docs/Web/HTTP/Status/403",2026-07-17T18:32:16.880862
lacroix,bpt6k3713297g,,failed,0,0,,http_manifest,known,403,manifest,"Client error '403 ' for url 'https://openapiproext.bnf.fr/iiif/presentation/v3/ark:/12148/bpt6k3713297g/manifest.json'
For more information check: https://developer.mozilla.org/en-US/docs/Web/HTTP/Status/403",2026-07-17T18:32:18.079730
lacroix,bpt6k3713298w,,failed,0,0,,http_manifest,known,403,manifest,"Client error '403 ' for url 'https://openapiproext.bnf.fr/iiif/presentation/v3/ark:/12148/bpt6k3713298w/manifest.json'
For more information check: https://developer.mozilla.org/en-US/docs/Web/HTTP/Status/403",2026-07-17T18:32:19.287199
lacroix,bpt6k37132999,,failed,0,0,,http_manifest,known,403,manifest,"Client error '403 ' for url 'https://openapiproext.bnf.fr/iiif/presentation/v3/ark:/12148/bpt6k37132999/manifest.json'
For more information check: https://developer.mozilla.org/en-US/docs/Web/HTTP/Status/403",2026-07-17T18:32:20.510079
lacroix,bpt6k3713300h,,failed,0,0,,http_manifest,known,403,manifest,"Client error '403 ' for url 'https://openapiproext.bnf.fr/iiif/presentation/v3/ark:/12148/bpt6k3713300h/manifest.json'
For more information check: https://developer.mozilla.org/en-US/docs/Web/HTTP/Status/403",2026-07-17T18:32:21.685957
lacroix,bpt6k3713301x,,failed,0,0,,http_manifest,known,403,manifest,"Client error '403 ' for url 'https://openapiproext.bnf.fr/iiif/presentation/v3/ark:/12148/bpt6k3713301x/manifest.json'
For more information check: https://developer.mozilla.org/en-US/docs/Web/HTTP/Status/403",2026-07-17T18:32:22.893112
lacroix,bpt6k3713302b,,failed,0,0,,http_manifest,known,403,manifest,"Client error '403 ' for url 'https://openapiproext.bnf.fr/iiif/presentation/v3/ark:/12148/bpt6k3713302b/manifest.json'
For more information check: https://developer.mozilla.org/en-US/docs/Web/HTTP/Status/403",2026-07-17T18:32:24.093441
lacroix,bpt6k3713303r,,failed,0,0,,http_manifest,known,403,manifest,"Client error '403 ' for url 'https://openapiproext.bnf.fr/iiif/presentation/v3/ark:/12148/bpt6k3713303r/manifest.json'
For more information check: https://developer.mozilla.org/en-US/docs/Web/HTTP/Status/403",2026-07-17T18:32:25.291630
lacroix,bpt6k3713277q,,failed,0,0,,http_manifest,known,403,manifest,"Client error '403 ' for url 'https://openapiproext.bnf.fr/iiif/presentation/v3/ark:/12148/bpt6k3713277q/manifest.json'
For more information check: https://developer.mozilla.org/en-US/docs/Web/HTTP/Status/403",2026-07-17T18:32:26.496220
lacroix,bpt6k37133045,,failed,0,0,,http_manifest,known,403,manifest,"Client error '403 ' for url 'https://openapiproext.bnf.fr/iiif/presentation/v3/ark:/12148/bpt6k37133045/manifest.json'
For more information check: https://developer.mozilla.org/en-US/docs/Web/HTTP/Status/403",2026-07-17T18:32:27.698055
lacroix,bpt6k3713305k,,failed,0,0,,http_manifest,known,403,manifest,"Client error '403 ' for url 'https://openapiproext.bnf.fr/iiif/presentation/v3/ark:/12148/bpt6k3713305k/manifest.json'
For more information check: https://developer.mozilla.org/en-US/docs/Web/HTTP/Status/403",2026-07-17T18:32:28.899173
lacroix,bpt6k37133060,,failed,0,0,,http_manifest,known,403,manifest,"Client error '403 ' for url 'https://openapiproext.bnf.fr/iiif/presentation/v3/ark:/12148/bpt6k37133060/manifest.json'
For more information check: https://developer.mozilla.org/en-US/docs/Web/HTTP/Status/403",2026-07-17T18:32:30.103092
lacroix,bpt6k3713307d,,failed,0,0,,http_manifest,known,403,manifest,"Client error '403 ' for url 'https://openapiproext.bnf.fr/iiif/presentation/v3/ark:/12148/bpt6k3713307d/manifest.json'
For more information check: https://developer.mozilla.org/en-US/docs/Web/HTTP/Status/403",2026-07-17T18:32:31.302301
lacroix,bpt6k3713308t,,failed,0,0,,http_manifest,known,403,manifest,"Client error '403 ' for url 'https://openapiproext.bnf.fr/iiif/presentation/v3/ark:/12148/bpt6k3713308t/manifest.json'
For more information check: https://developer.mozilla.org/en-US/docs/Web/HTTP/Status/403",2026-07-17T18:32:32.517331
lacroix,bpt6k37133097,,failed,0,0,,http_manifest,known,403,manifest,"Client error '403 ' for url 'https://openapiproext.bnf.fr/iiif/presentation/v3/ark:/12148/bpt6k37133097/manifest.json'
For more information check: https://developer.mozilla.org/en-US/docs/Web/HTTP/Status/403",2026-07-17T18:32:33.704522
lacroix,bpt6k3713310w,,failed,0,0,,http_manifest,known,403,manifest,"Client error '403 ' for url 'https://openapiproext.bnf.fr/iiif/presentation/v3/ark:/12148/bpt6k3713310w/manifest.json'
For more information check: https://developer.mozilla.org/en-US/docs/Web/HTTP/Status/403",2026-07-17T18:32:34.910903
lacroix,bpt6k37133119,,failed,0,0,,http_manifest,known,403,manifest,"Client error '403 ' for url 'https://openapiproext.bnf.fr/iiif/presentation/v3/ark:/12148/bpt6k37133119/manifest.json'
For more information check: https://developer.mozilla.org/en-US/docs/Web/HTTP/Status/403",2026-07-17T18:32:36.108640
lacroix,bpt6k3713312q,,failed,0,0,,http_manifest,known,403,manifest,"Client error '403 ' for url 'https://openapiproext.bnf.fr/iiif/presentation/v3/ark:/12148/bpt6k3713312q/manifest.json'
For more information check: https://developer.mozilla.org/en-US/docs/Web/HTTP/Status/403",2026-07-17T18:32:37.309559
lacroix,bpt6k37133134,,failed,0,0,,http_manifest,known,403,manifest,"Client error '403 ' for url 'https://openapiproext.bnf.fr/iiif/presentation/v3/ark:/12148/bpt6k37133134/manifest.json'
For more information check: https://developer.mozilla.org/en-US/docs/Web/HTTP/Status/403",2026-07-17T18:32:38.528172
lacroix,bpt6k3713314j,,failed,0,0,,http_manifest,known,403,manifest,"Client error '403 ' for url 'https://openapiproext.bnf.fr/iiif/presentation/v3/ark:/12148/bpt6k3713314j/manifest.json'
For more information check: https://developer.mozilla.org/en-US/docs/Web/HTTP/Status/403",2026-07-17T18:32:39.762966
lacroix,bpt6k3713315z,,failed,0,0,,http_manifest,known,403,manifest,"Client error '403 ' for url 'https://openapiproext.bnf.fr/iiif/presentation/v3/ark:/12148/bpt6k3713315z/manifest.json'
For more information check: https://developer.mozilla.org/en-US/docs/Web/HTTP/Status/403",2026-07-17T18:32:40.916392
lacroix,bpt6k3713316c,,failed,0,0,,http_manifest,known,403,manifest,"Client error '403 ' for url 'https://openapiproext.bnf.fr/iiif/presentation/v3/ark:/12148/bpt6k3713316c/manifest.json'
For more information check: https://developer.mozilla.org/en-US/docs/Web/HTTP/Status/403",2026-07-17T18:32:42.119526
lacroix,bpt6k3713317s,,failed,0,0,,http_manifest,known,403,manifest,"Client error '403 ' for url 'https://openapiproext.bnf.fr/iiif/presentation/v3/ark:/12148/bpt6k3713317s/manifest.json'
For more information check: https://developer.mozilla.org/en-US/docs/Web/HTTP/Status/403",2026-07-17T18:32:43.323865
lacroix,bpt6k37133186,,failed,0,0,,http_manifest,known,403,manifest,"Client error '403 ' for url 'https://openapiproext.bnf.fr/iiif/presentation/v3/ark:/12148/bpt6k37133186/manifest.json'
For more information check: https://developer.mozilla.org/en-US/docs/Web/HTTP/Status/403",2026-07-17T18:32:44.521733
lacroix,bpt6k3713319m,,failed,0,0,,http_manifest,known,403,manifest,"Client error '403 ' for url 'https://openapiproext.bnf.fr/iiif/presentation/v3/ark:/12148/bpt6k3713319m/manifest.json'
For more information check: https://developer.mozilla.org/en-US/docs/Web/HTTP/Status/403",2026-07-17T18:32:45.747688
lacroix,bpt6k37133208,,failed,0,0,,http_manifest,known,403,manifest,"Client error '403 ' for url 'https://openapiproext.bnf.fr/iiif/presentation/v3/ark:/12148/bpt6k37133208/manifest.json'
For more information check: https://developer.mozilla.org/en-US/docs/Web/HTTP/Status/403",2026-07-17T18:32:46.924473
lacroix,bpt6k3713321p,,failed,0,0,,http_manifest,known,403,manifest,"Client error '403 ' for url 'https://openapiproext.bnf.fr/iiif/presentation/v3/ark:/12148/bpt6k3713321p/manifest.json'
For more information check: https://developer.mozilla.org/en-US/docs/Web/HTTP/Status/403",2026-07-17T18:32:48.127715
lacroix,bpt6k37133223,,failed,0,0,,http_manifest,known,403,manifest,"Client error '403 ' for url 'https://openapiproext.bnf.fr/iiif/presentation/v3/ark:/12148/bpt6k37133223/manifest.json'
For more information check: https://developer.mozilla.org/en-US/docs/Web/HTTP/Status/403",2026-07-17T18:32:49.324511
lacroix,bpt6k3713323h,,failed,0,0,,http_manifest,known,403,manifest,"Client error '403 ' for url 'https://openapiproext.bnf.fr/iiif/presentation/v3/ark:/12148/bpt6k3713323h/manifest.json'
For more information check: https://developer.mozilla.org/en-US/docs/Web/HTTP/Status/403",2026-07-17T18:32:50.527508
lacroix,bpt6k3713324x,,failed,0,0,,http_manifest,known,403,manifest,"Client error '403 ' for url 'https://openapiproext.bnf.fr/iiif/presentation/v3/ark:/12148/bpt6k3713324x/manifest.json'
For more information check: https://developer.mozilla.org/en-US/docs/Web/HTTP/Status/403",2026-07-17T18:32:51.731260
lacroix,bpt6k3713325b,,failed,0,0,,http_manifest,known,403,manifest,"Client error '403 ' for url 'https://openapiproext.bnf.fr/iiif/presentation/v3/ark:/12148/bpt6k3713325b/manifest.json'
For more information check: https://developer.mozilla.org/en-US/docs/Web/HTTP/Status/403",2026-07-17T18:32:52.947751
lacroix,bpt6k3713326r,,failed,0,0,,http_manifest,known,403,manifest,"Client error '403 ' for url 'https://openapiproext.bnf.fr/iiif/presentation/v3/ark:/12148/bpt6k3713326r/manifest.json'
For more information check: https://developer.mozilla.org/en-US/docs/Web/HTTP/Status/403",2026-07-17T18:32:54.142765
lacroix,bpt6k37133275,,failed,0,0,,http_manifest,known,403,manifest,"Client error '403 ' for url 'https://openapiproext.bnf.fr/iiif/presentation/v3/ark:/12148/bpt6k37133275/manifest.json'
For more information check: https://developer.mozilla.org/en-US/docs/Web/HTTP/Status/403",2026-07-17T18:32:55.336905
lacroix,bpt6k3713328k,,failed,0,0,,http_manifest,known,403,manifest,"Client error '403 ' for url 'https://openapiproext.bnf.fr/iiif/presentation/v3/ark:/12148/bpt6k3713328k/manifest.json'
For more information check: https://developer.mozilla.org/en-US/docs/Web/HTTP/Status/403",2026-07-17T18:32:56.564554
lacroix,bpt6k37133290,,failed,0,0,,http_manifest,known,403,manifest,"Client error '403 ' for url 'https://openapiproext.bnf.fr/iiif/presentation/v3/ark:/12148/bpt6k37133290/manifest.json'
For more information check: https://developer.mozilla.org/en-US/docs/Web/HTTP/Status/403",2026-07-17T18:32:57.742861
lacroix,bpt6k3713330n,,failed,0,0,,http_manifest,known,403,manifest,"Client error '403 ' for url 'https://openapiproext.bnf.fr/iiif/presentation/v3/ark:/12148/bpt6k3713330n/manifest.json'
For more information check: https://developer.mozilla.org/en-US/docs/Web/HTTP/Status/403",2026-07-17T18:32:59.047292
lacroix,bpt6k37132784,,failed,0,0,,http_manifest,known,403,manifest,"Client error '403 ' for url 'https://openapiproext.bnf.fr/iiif/presentation/v3/ark:/12148/bpt6k37132784/manifest.json'
For more information check: https://developer.mozilla.org/en-US/docs/Web/HTTP/Status/403",2026-07-17T18:33:00.322333
lacroix,bpt6k37133312,,failed,0,0,,http_manifest,known,403,manifest,"Client error '403 ' for url 'https://openapiproext.bnf.fr/iiif/presentation/v3/ark:/12148/bpt6k37133312/manifest.json'
For more information check: https://developer.mozilla.org/en-US/docs/Web/HTTP/Status/403",2026-07-17T18:33:01.498506
lacroix,bpt6k3713332g,,failed,0,0,,http_manifest,known,403,manifest,"Client error '403 ' for url 'https://openapiproext.bnf.fr/iiif/presentation/v3/ark:/12148/bpt6k3713332g/manifest.json'
For more information check: https://developer.mozilla.org/en-US/docs/Web/HTTP/Status/403",2026-07-17T18:33:02.565669
lacroix,bpt6k3713333w,,failed,0,0,,http_manifest,known,403,manifest,"Client error '403 ' for url 'https://openapiproext.bnf.fr/iiif/presentation/v3/ark:/12148/bpt6k3713333w/manifest.json'
For more information check: https://developer.mozilla.org/en-US/docs/Web/HTTP/Status/403",2026-07-17T18:33:03.927352
lacroix,bpt6k37133349,,failed,0,0,,http_manifest,known,403,manifest,"Client error '403 ' for url 'https://openapiproext.bnf.fr/iiif/presentation/v3/ark:/12148/bpt6k37133349/manifest.json'
For more information check: https://developer.mozilla.org/en-US/docs/Web/HTTP/Status/403",2026-07-17T18:33:05.182419
lacroix,bpt6k3713335q,,failed,0,0,,http_manifest,known,403,manifest,"Client error '403 ' for url 'https://openapiproext.bnf.fr/iiif/presentation/v3/ark:/12148/bpt6k3713335q/manifest.json'
For more information check: https://developer.mozilla.org/en-US/docs/Web/HTTP/Status/403",2026-07-17T18:33:06.347236
lacroix,bpt6k37133364,,failed,0,0,,http_manifest,known,403,manifest,"Client error '403 ' for url 'https://openapiproext.bnf.fr/iiif/presentation/v3/ark:/12148/bpt6k37133364/manifest.json'
For more information check: https://developer.mozilla.org/en-US/docs/Web/HTTP/Status/403",2026-07-17T18:33:07.426933
lacroix,bpt6k3713337j,,failed,0,0,,http_manifest,known,403,manifest,"Client error '403 ' for url 'https://openapiproext.bnf.fr/iiif/presentation/v3/ark:/12148/bpt6k3713337j/manifest.json'
For more information check: https://developer.mozilla.org/en-US/docs/Web/HTTP/Status/403",2026-07-17T18:33:08.557012
lacroix,bpt6k3713338z,,failed,0,0,,http_manifest,known,403,manifest,"Client error '403 ' for url 'https://openapiproext.bnf.fr/iiif/presentation/v3/ark:/12148/bpt6k3713338z/manifest.json'
For more information check: https://developer.mozilla.org/en-US/docs/Web/HTTP/Status/403",2026-07-17T18:33:09.953501
lacroix,bpt6k3713339c,,failed,0,0,,http_manifest,known,403,manifest,"Client error '403 ' for url 'https://openapiproext.bnf.fr/iiif/presentation/v3/ark:/12148/bpt6k3713339c/manifest.json'
For more information check: https://developer.mozilla.org/en-US/docs/Web/HTTP/Status/403",2026-07-17T18:33:11.063740
lacroix,bpt6k37133401,,failed,0,0,,http_manifest,known,403,manifest,"Client error '403 ' for url 'https://openapiproext.bnf.fr/iiif/presentation/v3/ark:/12148/bpt6k37133401/manifest.json'
For more information check: https://developer.mozilla.org/en-US/docs/Web/HTTP/Status/403",2026-07-17T18:33:12.163519
lacroix,bpt6k3713341f,,failed,0,0,,http_manifest,known,403,manifest,"Client error '403 ' for url 'https://openapiproext.bnf.fr/iiif/presentation/v3/ark:/12148/bpt6k3713341f/manifest.json'
For more information check: https://developer.mozilla.org/en-US/docs/Web/HTTP/Status/403",2026-07-17T18:33:13.557578
lacroix,bpt6k3713342v,,failed,0,0,,http_manifest,known,403,manifest,"Client error '403 ' for url 'https://openapiproext.bnf.fr/iiif/presentation/v3/ark:/12148/bpt6k3713342v/manifest.json'
For more information check: https://developer.mozilla.org/en-US/docs/Web/HTTP/Status/403",2026-07-17T18:33:14.626542
lacroix,bpt6k37133438,,failed,0,0,,http_manifest,known,403,manifest,"Client error '403 ' for url 'https://openapiproext.bnf.fr/iiif/presentation/v3/ark:/12148/bpt6k37133438/manifest.json'
For more information check: https://developer.mozilla.org/en-US/docs/Web/HTTP/Status/403",2026-07-17T18:33:15.886919
lacroix,bpt6k3713344p,,failed,0,0,,http_manifest,known,403,manifest,"Client error '403 ' for url 'https://openapiproext.bnf.fr/iiif/presentation/v3/ark:/12148/bpt6k3713344p/manifest.json'
For more information check: https://developer.mozilla.org/en-US/docs/Web/HTTP/Status/403",2026-07-17T18:33:16.968433
lacroix,bpt6k37133453,,failed,0,0,,http_manifest,known,403,manifest,"Client error '403 ' for url 'https://openapiproext.bnf.fr/iiif/presentation/v3/ark:/12148/bpt6k37133453/manifest.json'
For more information check: https://developer.mozilla.org/en-US/docs/Web/HTTP/Status/403",2026-07-17T18:33:18.169003
lacroix,bpt6k3713346h,,failed,0,0,,http_manifest,known,403,manifest,"Client error '403 ' for url 'https://openapiproext.bnf.fr/iiif/presentation/v3/ark:/12148/bpt6k3713346h/manifest.json'
For more information check: https://developer.mozilla.org/en-US/docs/Web/HTTP/Status/403",2026-07-17T18:33:19.374699
lacroix,bpt6k3713347x,,failed,0,0,,http_manifest,known,403,manifest,"Client error '403 ' for url 'https://openapiproext.bnf.fr/iiif/presentation/v3/ark:/12148/bpt6k3713347x/manifest.json'
For more information check: https://developer.mozilla.org/en-US/docs/Web/HTTP/Status/403",2026-07-17T18:33:20.568869
lacroix,bpt6k3713348b,,failed,0,0,,http_manifest,known,403,manifest,"Client error '403 ' for url 'https://openapiproext.bnf.fr/iiif/presentation/v3/ark:/12148/bpt6k3713348b/manifest.json'
For more information check: https://developer.mozilla.org/en-US/docs/Web/HTTP/Status/403",2026-07-17T18:33:21.772363
lacroix,bpt6k3713349r,,failed,0,0,,http_manifest,known,403,manifest,"Client error '403 ' for url 'https://openapiproext.bnf.fr/iiif/presentation/v3/ark:/12148/bpt6k3713349r/manifest.json'
For more information check: https://developer.mozilla.org/en-US/docs/Web/HTTP/Status/403",2026-07-17T18:33:22.972740
lacroix,bpt6k3713350d,,failed,0,0,,http_manifest,known,403,manifest,"Client error '403 ' for url 'https://openapiproext.bnf.fr/iiif/presentation/v3/ark:/12148/bpt6k3713350d/manifest.json'
For more information check: https://developer.mozilla.org/en-US/docs/Web/HTTP/Status/403",2026-07-17T18:33:24.173108
lacroix,bpt6k3713351t,,failed,0,0,,http_manifest,known,403,manifest,"Client error '403 ' for url 'https://openapiproext.bnf.fr/iiif/presentation/v3/ark:/12148/bpt6k3713351t/manifest.json'
For more information check: https://developer.mozilla.org/en-US/docs/Web/HTTP/Status/403",2026-07-17T18:33:25.406632
lacroix,bpt6k37133527,,failed,0,0,,http_manifest,known,403,manifest,"Client error '403 ' for url 'https://openapiproext.bnf.fr/iiif/presentation/v3/ark:/12148/bpt6k37133527/manifest.json'
For more information check: https://developer.mozilla.org/en-US/docs/Web/HTTP/Status/403",2026-07-17T18:33:26.578412
lacroix,bpt6k3713353n,,failed,0,0,,http_manifest,known,403,manifest,"Client error '403 ' for url 'https://openapiproext.bnf.fr/iiif/presentation/v3/ark:/12148/bpt6k3713353n/manifest.json'
For more information check: https://developer.mozilla.org/en-US/docs/Web/HTTP/Status/403",2026-07-17T18:33:27.781287
lacroix,bpt6k37133542,,failed,0,0,,http_manifest,known,403,manifest,"Client error '403 ' for url 'https://openapiproext.bnf.fr/iiif/presentation/v3/ark:/12148/bpt6k37133542/manifest.json'
For more information check: https://developer.mozilla.org/en-US/docs/Web/HTTP/Status/403",2026-07-17T18:33:28.985019
lacroix,bpt6k3713355g,,failed,0,0,,http_manifest,known,403,manifest,"Client error '403 ' for url 'https://openapiproext.bnf.fr/iiif/presentation/v3/ark:/12148/bpt6k3713355g/manifest.json'
For more information check: https://developer.mozilla.org/en-US/docs/Web/HTTP/Status/403",2026-07-17T18:33:30.183870
lacroix,bpt6k3713356w,,failed,0,0,,http_manifest,known,403,manifest,"Client error '403 ' for url 'https://openapiproext.bnf.fr/iiif/presentation/v3/ark:/12148/bpt6k3713356w/manifest.json'
For more information check: https://developer.mozilla.org/en-US/docs/Web/HTTP/Status/403",2026-07-17T18:33:31.382356
lacroix,bpt6k37133579,,failed,0,0,,http_manifest,known,403,manifest,"Client error '403 ' for url 'https://openapiproext.bnf.fr/iiif/presentation/v3/ark:/12148/bpt6k37133579/manifest.json'
For more information check: https://developer.mozilla.org/en-US/docs/Web/HTTP/Status/403",2026-07-17T18:33:32.587047
lacroix,bpt6k3713279j,,failed,0,0,,http_manifest,known,403,manifest,"Client error '403 ' for url 'https://openapiproext.bnf.fr/iiif/presentation/v3/ark:/12148/bpt6k3713279j/manifest.json'
For more information check: https://developer.mozilla.org/en-US/docs/Web/HTTP/Status/403",2026-07-17T18:33:33.786632
lacroix,bpt6k3713358q,,failed,0,0,,http_manifest,known,403,manifest,"Client error '403 ' for url 'https://openapiproext.bnf.fr/iiif/presentation/v3/ark:/12148/bpt6k3713358q/manifest.json'
For more information check: https://developer.mozilla.org/en-US/docs/Web/HTTP/Status/403",2026-07-17T18:33:34.992134
lacroix,bpt6k37133594,,failed,0,0,,http_manifest,known,403,manifest,"Client error '403 ' for url 'https://openapiproext.bnf.fr/iiif/presentation/v3/ark:/12148/bpt6k37133594/manifest.json'
For more information check: https://developer.mozilla.org/en-US/docs/Web/HTTP/Status/403",2026-07-17T18:33:36.194646
lacroix,bpt6k3713360s,,failed,0,0,,http_manifest,known,403,manifest,"Client error '403 ' for url 'https://openapiproext.bnf.fr/iiif/presentation/v3/ark:/12148/bpt6k3713360s/manifest.json'
For more information check: https://developer.mozilla.org/en-US/docs/Web/HTTP/Status/403",2026-07-17T18:33:37.421182
lacroix,bpt6k37133616,,failed,0,0,,http_manifest,known,403,manifest,"Client error '403 ' for url 'https://openapiproext.bnf.fr/iiif/presentation/v3/ark:/12148/bpt6k37133616/manifest.json'
For more information check: https://developer.mozilla.org/en-US/docs/Web/HTTP/Status/403",2026-07-17T18:33:38.597702
lacroix,bpt6k3713362m,,failed,0,0,,http_manifest,known,403,manifest,"Client error '403 ' for url 'https://openapiproext.bnf.fr/iiif/presentation/v3/ark:/12148/bpt6k3713362m/manifest.json'
For more information check: https://developer.mozilla.org/en-US/docs/Web/HTTP/Status/403",2026-07-17T18:33:39.800226
lacroix,bpt6k37133631,,failed,0,0,,http_manifest,known,403,manifest,"Client error '403 ' for url 'https://openapiproext.bnf.fr/iiif/presentation/v3/ark:/12148/bpt6k37133631/manifest.json'
For more information check: https://developer.mozilla.org/en-US/docs/Web/HTTP/Status/403",2026-07-17T18:33:40.998578
lacroix,bpt6k3713364f,,failed,0,0,,http_manifest,known,403,manifest,"Client error '403 ' for url 'https://openapiproext.bnf.fr/iiif/presentation/v3/ark:/12148/bpt6k3713364f/manifest.json'
For more information check: https://developer.mozilla.org/en-US/docs/Web/HTTP/Status/403",2026-07-17T18:33:42.201573
lacroix,bpt6k3713365v,,failed,0,0,,http_manifest,known,403,manifest,"Client error '403 ' for url 'https://openapiproext.bnf.fr/iiif/presentation/v3/ark:/12148/bpt6k3713365v/manifest.json'
For more information check: https://developer.mozilla.org/en-US/docs/Web/HTTP/Status/403",2026-07-17T18:33:43.408481
lacroix,bpt6k37133668,,failed,0,0,,http_manifest,known,403,manifest,"Client error '403 ' for url 'https://openapiproext.bnf.fr/iiif/presentation/v3/ark:/12148/bpt6k37133668/manifest.json'
For more information check: https://developer.mozilla.org/en-US/docs/Web/HTTP/Status/403",2026-07-17T18:33:44.607047
lacroix,bpt6k3713367p,,failed,0,0,,http_manifest,known,403,manifest,"Client error '403 ' for url 'https://openapiproext.bnf.fr/iiif/presentation/v3/ark:/12148/bpt6k3713367p/manifest.json'
For more information check: https://developer.mozilla.org/en-US/docs/Web/HTTP/Status/403",2026-07-17T18:33:45.814412
lacroix,bpt6k37133683,,failed,0,0,,http_manifest,known,403,manifest,"Client error '403 ' for url 'https://openapiproext.bnf.fr/iiif/presentation/v3/ark:/12148/bpt6k37133683/manifest.json'
For more information check: https://developer.mozilla.org/en-US/docs/Web/HTTP/Status/403",2026-07-17T18:33:47.010301
lacroix,bpt6k3713369h,,failed,0,0,,http_manifest,known,403,manifest,"Client error '403 ' for url 'https://openapiproext.bnf.fr/iiif/presentation/v3/ark:/12148/bpt6k3713369h/manifest.json'
For more information check: https://developer.mozilla.org/en-US/docs/Web/HTTP/Status/403",2026-07-17T18:33:48.236669
lacroix,bpt6k37133705,,failed,0,0,,http_manifest,known,403,manifest,"Client error '403 ' for url 'https://openapiproext.bnf.fr/iiif/presentation/v3/ark:/12148/bpt6k37133705/manifest.json'
For more information check: https://developer.mozilla.org/en-US/docs/Web/HTTP/Status/403",2026-07-17T18:33:49.415263
lacroix,bpt6k3713371k,,failed,0,0,,http_manifest,known,403,manifest,"Client error '403 ' for url 'https://openapiproext.bnf.fr/iiif/presentation/v3/ark:/12148/bpt6k3713371k/manifest.json'
For more information check: https://developer.mozilla.org/en-US/docs/Web/HTTP/Status/403",2026-07-17T18:33:50.615942
lacroix,bpt6k37133720,,failed,0,0,,http_manifest,known,403,manifest,"Client error '403 ' for url 'https://openapiproext.bnf.fr/iiif/presentation/v3/ark:/12148/bpt6k37133720/manifest.json'
For more information check: https://developer.mozilla.org/en-US/docs/Web/HTTP/Status/403",2026-07-17T18:33:51.817501
lacroix,bpt6k3713373d,,failed,0,0,,http_manifest,known,403,manifest,"Client error '403 ' for url 'https://openapiproext.bnf.fr/iiif/presentation/v3/ark:/12148/bpt6k3713373d/manifest.json'
For more information check: https://developer.mozilla.org/en-US/docs/Web/HTTP/Status/403",2026-07-17T18:33:53.022593
lacroix,bpt6k3713374t,,failed,0,0,,http_manifest,known,403,manifest,"Client error '403 ' for url 'https://openapiproext.bnf.fr/iiif/presentation/v3/ark:/12148/bpt6k3713374t/manifest.json'
For more information check: https://developer.mozilla.org/en-US/docs/Web/HTTP/Status/403",2026-07-17T18:33:54.222393
lacroix,bpt6k37133757,,failed,0,0,,http_manifest,known,403,manifest,"Client error '403 ' for url 'https://openapiproext.bnf.fr/iiif/presentation/v3/ark:/12148/bpt6k37133757/manifest.json'
For more information check: https://developer.mozilla.org/en-US/docs/Web/HTTP/Status/403",2026-07-17T18:33:55.421281
lacroix,bpt6k3713376n,,failed,0,0,,http_manifest,known,403,manifest,"Client error '403 ' for url 'https://openapiproext.bnf.fr/iiif/presentation/v3/ark:/12148/bpt6k3713376n/manifest.json'
For more information check: https://developer.mozilla.org/en-US/docs/Web/HTTP/Status/403",2026-07-17T18:33:56.622468
lacroix,bpt6k37133772,,failed,0,0,,http_manifest,known,403,manifest,"Client error '403 ' for url 'https://openapiproext.bnf.fr/iiif/presentation/v3/ark:/12148/bpt6k37133772/manifest.json'
For more information check: https://developer.mozilla.org/en-US/docs/Web/HTTP/Status/403",2026-07-17T18:33:57.864197
lacroix,bpt6k3713378g,,failed,0,0,,http_manifest,known,403,manifest,"Client error '403 ' for url 'https://openapiproext.bnf.fr/iiif/presentation/v3/ark:/12148/bpt6k3713378g/manifest.json'
For more information check: https://developer.mozilla.org/en-US/docs/Web/HTTP/Status/403",2026-07-17T18:33:59.215331
lacroix,bpt6k3713379w,,failed,0,0,,http_manifest,known,403,manifest,"Client error '403 ' for url 'https://openapiproext.bnf.fr/iiif/presentation/v3/ark:/12148/bpt6k3713379w/manifest.json'
For more information check: https://developer.mozilla.org/en-US/docs/Web/HTTP/Status/403",2026-07-17T18:34:00.377374
lacroix,bpt6k3713380j,,failed,0,0,,http_manifest,known,403,manifest,"Client error '403 ' for url 'https://openapiproext.bnf.fr/iiif/presentation/v3/ark:/12148/bpt6k3713380j/manifest.json'
For more information check: https://developer.mozilla.org/en-US/docs/Web/HTTP/Status/403",2026-07-17T18:34:01.507395
lacroix,bpt6k3713381z,,failed,0,0,,http_manifest,known,403,manifest,"Client error '403 ' for url 'https://openapiproext.bnf.fr/iiif/presentation/v3/ark:/12148/bpt6k3713381z/manifest.json'
For more information check: https://developer.mozilla.org/en-US/docs/Web/HTTP/Status/403",2026-07-17T18:34:02.632911
lacroix,bpt6k3713382c,,failed,0,0,,http_manifest,known,403,manifest,"Client error '403 ' for url 'https://openapiproext.bnf.fr/iiif/presentation/v3/ark:/12148/bpt6k3713382c/manifest.json'
For more information check: https://developer.mozilla.org/en-US/docs/Web/HTTP/Status/403",2026-07-17T18:34:03.849419
lacroix,bpt6k3713383s,,failed,0,0,,http_manifest,known,403,manifest,"Client error '403 ' for url 'https://openapiproext.bnf.fr/iiif/presentation/v3/ark:/12148/bpt6k3713383s/manifest.json'
For more information check: https://developer.mozilla.org/en-US/docs/Web/HTTP/Status/403",2026-07-17T18:34:05.142901
lacroix,bpt6k37132806,,failed,0,0,,http_manifest,known,403,manifest,"Client error '403 ' for url 'https://openapiproext.bnf.fr/iiif/presentation/v3/ark:/12148/bpt6k37132806/manifest.json'
For more information check: https://developer.mozilla.org/en-US/docs/Web/HTTP/Status/403",2026-07-17T18:34:06.384184
lacroix,bpt6k37133846,,failed,0,0,,http_manifest,known,403,manifest,"Client error '403 ' for url 'https://openapiproext.bnf.fr/iiif/presentation/v3/ark:/12148/bpt6k37133846/manifest.json'
For more information check: https://developer.mozilla.org/en-US/docs/Web/HTTP/Status/403",2026-07-17T18:34:07.440959
lacroix,bpt6k3713385m,,failed,0,0,,http_manifest,known,403,manifest,"Client error '403 ' for url 'https://openapiproext.bnf.fr/iiif/presentation/v3/ark:/12148/bpt6k3713385m/manifest.json'
For more information check: https://developer.mozilla.org/en-US/docs/Web/HTTP/Status/403",2026-07-17T18:34:08.643677
lacroix,bpt6k37133861,,failed,0,0,,http_manifest,known,403,manifest,"Client error '403 ' for url 'https://openapiproext.bnf.fr/iiif/presentation/v3/ark:/12148/bpt6k37133861/manifest.json'
For more information check: https://developer.mozilla.org/en-US/docs/Web/HTTP/Status/403",2026-07-17T18:34:09.845333
lacroix,bpt6k3713387f,,failed,0,0,,http_manifest,known,403,manifest,"Client error '403 ' for url 'https://openapiproext.bnf.fr/iiif/presentation/v3/ark:/12148/bpt6k3713387f/manifest.json'
For more information check: https://developer.mozilla.org/en-US/docs/Web/HTTP/Status/403",2026-07-17T18:34:11.044369
lacroix,bpt6k3713388v,,failed,0,0,,http_manifest,known,403,manifest,"Client error '403 ' for url 'https://openapiproext.bnf.fr/iiif/presentation/v3/ark:/12148/bpt6k3713388v/manifest.json'
For more information check: https://developer.mozilla.org/en-US/docs/Web/HTTP/Status/403",2026-07-17T18:34:12.250181
lacroix,bpt6k37133898,,failed,0,0,,http_manifest,known,403,manifest,"Client error '403 ' for url 'https://openapiproext.bnf.fr/iiif/presentation/v3/ark:/12148/bpt6k37133898/manifest.json'
For more information check: https://developer.mozilla.org/en-US/docs/Web/HTTP/Status/403",2026-07-17T18:34:13.451244
lacroix,bpt6k3713390x,,failed,0,0,,http_manifest,known,403,manifest,"Client error '403 ' for url 'https://openapiproext.bnf.fr/iiif/presentation/v3/ark:/12148/bpt6k3713390x/manifest.json'
For more information check: https://developer.mozilla.org/en-US/docs/Web/HTTP/Status/403",2026-07-17T18:34:14.655635
lacroix,bpt6k3713391b,,failed,0,0,,http_manifest,known,403,manifest,"Client error '403 ' for url 'https://openapiproext.bnf.fr/iiif/presentation/v3/ark:/12148/bpt6k3713391b/manifest.json'
For more information check: https://developer.mozilla.org/en-US/docs/Web/HTTP/Status/403",2026-07-17T18:34:15.856020
lacroix,bpt6k3713392r,,failed,0,0,,http_manifest,known,403,manifest,"Client error '403 ' for url 'https://openapiproext.bnf.fr/iiif/presentation/v3/ark:/12148/bpt6k3713392r/manifest.json'
For more information check: https://developer.mozilla.org/en-US/docs/Web/HTTP/Status/403",2026-07-17T18:34:17.126320
lacroix,bpt6k37133935,,failed,0,0,,http_manifest,known,403,manifest,"Client error '403 ' for url 'https://openapiproext.bnf.fr/iiif/presentation/v3/ark:/12148/bpt6k37133935/manifest.json'
For more information check: https://developer.mozilla.org/en-US/docs/Web/HTTP/Status/403",2026-07-17T18:34:18.466317
lacroix,bpt6k3713394k,,failed,0,0,,http_manifest,known,403,manifest,"Client error '403 ' for url 'https://openapiproext.bnf.fr/iiif/presentation/v3/ark:/12148/bpt6k3713394k/manifest.json'
For more information check: https://developer.mozilla.org/en-US/docs/Web/HTTP/Status/403",2026-07-17T18:34:19.539409
lacroix,bpt6k37133950,,failed,0,0,,http_manifest,known,403,manifest,"Client error '403 ' for url 'https://openapiproext.bnf.fr/iiif/presentation/v3/ark:/12148/bpt6k37133950/manifest.json'
For more information check: https://developer.mozilla.org/en-US/docs/Web/HTTP/Status/403",2026-07-17T18:34:20.657103
lacroix,bpt6k3713396d,,failed,0,0,,http_manifest,known,403,manifest,"Client error '403 ' for url 'https://openapiproext.bnf.fr/iiif/presentation/v3/ark:/12148/bpt6k3713396d/manifest.json'
For more information check: https://developer.mozilla.org/en-US/docs/Web/HTTP/Status/403",2026-07-17T18:34:21.857024
lacroix,bpt6k3713397t,,failed,0,0,,http_manifest,known,403,manifest,"Client error '403 ' for url 'https://openapiproext.bnf.fr/iiif/presentation/v3/ark:/12148/bpt6k3713397t/manifest.json'
For more information check: https://developer.mozilla.org/en-US/docs/Web/HTTP/Status/403",2026-07-17T18:34:23.061471
lacroix,bpt6k37133987,,failed,0,0,,http_manifest,known,403,manifest,"Client error '403 ' for url 'https://openapiproext.bnf.fr/iiif/presentation/v3/ark:/12148/bpt6k37133987/manifest.json'
For more information check: https://developer.mozilla.org/en-US/docs/Web/HTTP/Status/403",2026-07-17T18:34:24.261761
lacroix,bpt6k3713399n,,failed,0,0,,http_manifest,known,403,manifest,"Client error '403 ' for url 'https://openapiproext.bnf.fr/iiif/presentation/v3/ark:/12148/bpt6k3713399n/manifest.json'
For more information check: https://developer.mozilla.org/en-US/docs/Web/HTTP/Status/403",2026-07-17T18:34:25.461247
lacroix,bpt6k3713400v,,failed,0,0,,http_manifest,known,403,manifest,"Client error '403 ' for url 'https://openapiproext.bnf.fr/iiif/presentation/v3/ark:/12148/bpt6k3713400v/manifest.json'
For more information check: https://developer.mozilla.org/en-US/docs/Web/HTTP/Status/403",2026-07-17T18:34:26.672012
lacroix,bpt6k37134018,,failed,0,0,,http_manifest,known,403,manifest,"Client error '403 ' for url 'https://openapiproext.bnf.fr/iiif/presentation/v3/ark:/12148/bpt6k37134018/manifest.json'
For more information check: https://developer.mozilla.org/en-US/docs/Web/HTTP/Status/403",2026-07-17T18:34:27.867889
lacroix,bpt6k3713402p,,failed,0,0,,http_manifest,known,403,manifest,"Client error '403 ' for url 'https://openapiproext.bnf.fr/iiif/presentation/v3/ark:/12148/bpt6k3713402p/manifest.json'
For more information check: https://developer.mozilla.org/en-US/docs/Web/HTTP/Status/403",2026-07-17T18:34:29.071722
lacroix,bpt6k37134033,,failed,0,0,,http_manifest,known,403,manifest,"Client error '403 ' for url 'https://openapiproext.bnf.fr/iiif/presentation/v3/ark:/12148/bpt6k37134033/manifest.json'
For more information check: https://developer.mozilla.org/en-US/docs/Web/HTTP/Status/403",2026-07-17T18:34:30.293333
lacroix,bpt6k3713404h,,failed,0,0,,http_manifest,known,403,manifest,"Client error '403 ' for url 'https://openapiproext.bnf.fr/iiif/presentation/v3/ark:/12148/bpt6k3713404h/manifest.json'
For more information check: https://developer.mozilla.org/en-US/docs/Web/HTTP/Status/403",2026-07-17T18:34:31.483799
lacroix,bpt6k3713405x,,failed,0,0,,http_manifest,known,403,manifest,"Client error '403 ' for url 'https://openapiproext.bnf.fr/iiif/presentation/v3/ark:/12148/bpt6k3713405x/manifest.json'
For more information check: https://developer.mozilla.org/en-US/docs/Web/HTTP/Status/403",2026-07-17T18:34:32.675213
lacroix,bpt6k3713406b,,failed,0,0,,http_manifest,known,403,manifest,"Client error '403 ' for url 'https://openapiproext.bnf.fr/iiif/presentation/v3/ark:/12148/bpt6k3713406b/manifest.json'
For more information check: https://developer.mozilla.org/en-US/docs/Web/HTTP/Status/403",2026-07-17T18:34:33.876077
lacroix,bpt6k3713407r,,failed,0,0,,http_manifest,known,403,manifest,"Client error '403 ' for url 'https://openapiproext.bnf.fr/iiif/presentation/v3/ark:/12148/bpt6k3713407r/manifest.json'
For more information check: https://developer.mozilla.org/en-US/docs/Web/HTTP/Status/403",2026-07-17T18:34:35.079276
lacroix,bpt6k37134085,,failed,0,0,,http_manifest,known,403,manifest,"Client error '403 ' for url 'https://openapiproext.bnf.fr/iiif/presentation/v3/ark:/12148/bpt6k37134085/manifest.json'
For more information check: https://developer.mozilla.org/en-US/docs/Web/HTTP/Status/403",2026-07-17T18:34:36.293322
lacroix,bpt6k3713409k,,failed,0,0,,http_manifest,known,403,manifest,"Client error '403 ' for url 'https://openapiproext.bnf.fr/iiif/presentation/v3/ark:/12148/bpt6k3713409k/manifest.json'
For more information check: https://developer.mozilla.org/en-US/docs/Web/HTTP/Status/403",2026-07-17T18:34:37.481652
lacroix,bpt6k37134107,,failed,0,0,,http_manifest,known,403,manifest,"Client error '403 ' for url 'https://openapiproext.bnf.fr/iiif/presentation/v3/ark:/12148/bpt6k37134107/manifest.json'
For more information check: https://developer.mozilla.org/en-US/docs/Web/HTTP/Status/403",2026-07-17T18:34:38.684542
lacroix,bpt6k3713281m,,failed,0,0,,http_manifest,known,403,manifest,"Client error '403 ' for url 'https://openapiproext.bnf.fr/iiif/presentation/v3/ark:/12148/bpt6k3713281m/manifest.json'
For more information check: https://developer.mozilla.org/en-US/docs/Web/HTTP/Status/403",2026-07-17T18:34:39.948568
lacroix,bpt6k3713411n,,failed,0,0,,http_manifest,known,403,manifest,"Client error '403 ' for url 'https://openapiproext.bnf.fr/iiif/presentation/v3/ark:/12148/bpt6k3713411n/manifest.json'
For more information check: https://developer.mozilla.org/en-US/docs/Web/HTTP/Status/403",2026-07-17T18:34:41.093854
lacroix,bpt6k37134122,,failed,0,0,,http_manifest,known,403,manifest,"Client error '403 ' for url 'https://openapiproext.bnf.fr/iiif/presentation/v3/ark:/12148/bpt6k37134122/manifest.json'
For more information check: https://developer.mozilla.org/en-US/docs/Web/HTTP/Status/403",2026-07-17T18:34:42.289998
lacroix,bpt6k3713413g,,failed,0,0,,http_manifest,known,403,manifest,"Client error '403 ' for url 'https://openapiproext.bnf.fr/iiif/presentation/v3/ark:/12148/bpt6k3713413g/manifest.json'
For more information check: https://developer.mozilla.org/en-US/docs/Web/HTTP/Status/403",2026-07-17T18:34:43.490952
lacroix,bpt6k3713414w,,failed,0,0,,http_manifest,known,403,manifest,"Client error '403 ' for url 'https://openapiproext.bnf.fr/iiif/presentation/v3/ark:/12148/bpt6k3713414w/manifest.json'
For more information check: https://developer.mozilla.org/en-US/docs/Web/HTTP/Status/403",2026-07-17T18:34:44.697641
lacroix,bpt6k37134159,,failed,0,0,,http_manifest,known,403,manifest,"Client error '403 ' for url 'https://openapiproext.bnf.fr/iiif/presentation/v3/ark:/12148/bpt6k37134159/manifest.json'
For more information check: https://developer.mozilla.org/en-US/docs/Web/HTTP/Status/403",2026-07-17T18:34:45.921276
lacroix,bpt6k3713416q,,failed,0,0,,http_manifest,known,403,manifest,"Client error '403 ' for url 'https://openapiproext.bnf.fr/iiif/presentation/v3/ark:/12148/bpt6k3713416q/manifest.json'
For more information check: https://developer.mozilla.org/en-US/docs/Web/HTTP/Status/403",2026-07-17T18:34:47.102893
lacroix,bpt6k37134174,,failed,0,0,,http_manifest,known,403,manifest,"Client error '403 ' for url 'https://openapiproext.bnf.fr/iiif/presentation/v3/ark:/12148/bpt6k37134174/manifest.json'
For more information check: https://developer.mozilla.org/en-US/docs/Web/HTTP/Status/403",2026-07-17T18:34:48.305193
lacroix,bpt6k3713418j,,failed,0,0,,http_manifest,known,403,manifest,"Client error '403 ' for url 'https://openapiproext.bnf.fr/iiif/presentation/v3/ark:/12148/bpt6k3713418j/manifest.json'
For more information check: https://developer.mozilla.org/en-US/docs/Web/HTTP/Status/403",2026-07-17T18:34:49.500903
lacroix,bpt6k37186871,,failed,0,0,,http_manifest,known,403,manifest,"Client error '403 ' for url 'https://openapiproext.bnf.fr/iiif/presentation/v3/ark:/12148/bpt6k37186871/manifest.json'
For more information check: https://developer.mozilla.org/en-US/docs/Web/HTTP/Status/403",2026-07-17T18:34:50.703412
lacroix,bpt6k3713419z,,failed,0,0,,http_manifest,known,403,manifest,"Client error '403 ' for url 'https://openapiproext.bnf.fr/iiif/presentation/v3/ark:/12148/bpt6k3713419z/manifest.json'
For more information check: https://developer.mozilla.org/en-US/docs/Web/HTTP/Status/403",2026-07-17T18:34:51.931922
lacroix,bpt6k3713420m,,failed,0,0,,http_manifest,known,403,manifest,"Client error '403 ' for url 'https://openapiproext.bnf.fr/iiif/presentation/v3/ark:/12148/bpt6k3713420m/manifest.json'
For more information check: https://developer.mozilla.org/en-US/docs/Web/HTTP/Status/403",2026-07-17T18:34:53.127563
lacroix,bpt6k37134211,,failed,0,0,,http_manifest,known,403,manifest,"Client error '403 ' for url 'https://openapiproext.bnf.fr/iiif/presentation/v3/ark:/12148/bpt6k37134211/manifest.json'
For more information check: https://developer.mozilla.org/en-US/docs/Web/HTTP/Status/403",2026-07-17T18:34:54.311211
lacroix,bpt6k3713422f,,failed,0,0,,http_manifest,known,403,manifest,"Client error '403 ' for url 'https://openapiproext.bnf.fr/iiif/presentation/v3/ark:/12148/bpt6k3713422f/manifest.json'
For more information check: https://developer.mozilla.org/en-US/docs/Web/HTTP/Status/403",2026-07-17T18:34:55.509412
lacroix,bpt6k3713423v,,failed,0,0,,http_manifest,known,403,manifest,"Client error '403 ' for url 'https://openapiproext.bnf.fr/iiif/presentation/v3/ark:/12148/bpt6k3713423v/manifest.json'
For more information check: https://developer.mozilla.org/en-US/docs/Web/HTTP/Status/403",2026-07-17T18:34:56.726803
lacroix,bpt6k37134248,,failed,0,0,,http_manifest,known,403,manifest,"Client error '403 ' for url 'https://openapiproext.bnf.fr/iiif/presentation/v3/ark:/12148/bpt6k37134248/manifest.json'
For more information check: https://developer.mozilla.org/en-US/docs/Web/HTTP/Status/403",2026-07-17T18:34:58.013206
lacroix,bpt6k3713425p,,failed,0,0,,http_manifest,known,403,manifest,"Client error '403 ' for url 'https://openapiproext.bnf.fr/iiif/presentation/v3/ark:/12148/bpt6k3713425p/manifest.json'
For more information check: https://developer.mozilla.org/en-US/docs/Web/HTTP/Status/403",2026-07-17T18:34:59.119933
lacroix,bpt6k37134263,,failed,0,0,,http_manifest,known,403,manifest,"Client error '403 ' for url 'https://openapiproext.bnf.fr/iiif/presentation/v3/ark:/12148/bpt6k37134263/manifest.json'
For more information check: https://developer.mozilla.org/en-US/docs/Web/HTTP/Status/403",2026-07-17T18:35:00.487496
lacroix,bpt6k3713427h,,failed,0,0,,http_manifest,known,403,manifest,"Client error '403 ' for url 'https://openapiproext.bnf.fr/iiif/presentation/v3/ark:/12148/bpt6k3713427h/manifest.json'
For more information check: https://developer.mozilla.org/en-US/docs/Web/HTTP/Status/403",2026-07-17T18:35:01.558965
lacroix,bpt6k3713428x,,failed,0,0,,http_manifest,known,403,manifest,"Client error '403 ' for url 'https://openapiproext.bnf.fr/iiif/presentation/v3/ark:/12148/bpt6k3713428x/manifest.json'
For more information check: https://developer.mozilla.org/en-US/docs/Web/HTTP/Status/403",2026-07-17T18:35:02.721842
lacroix,bpt6k3713429b,,failed,0,0,,http_manifest,known,403,manifest,"Client error '403 ' for url 'https://openapiproext.bnf.fr/iiif/presentation/v3/ark:/12148/bpt6k3713429b/manifest.json'
For more information check: https://developer.mozilla.org/en-US/docs/Web/HTTP/Status/403",2026-07-17T18:35:04.035976
lacroix,bpt6k37134300,,failed,0,0,,http_manifest,known,403,manifest,"Client error '403 ' for url 'https://openapiproext.bnf.fr/iiif/presentation/v3/ark:/12148/bpt6k37134300/manifest.json'
For more information check: https://developer.mozilla.org/en-US/docs/Web/HTTP/Status/403",2026-07-17T18:35:05.279043
lacroix,bpt6k3713431d,,failed,0,0,,http_manifest,known,403,manifest,"Client error '403 ' for url 'https://openapiproext.bnf.fr/iiif/presentation/v3/ark:/12148/bpt6k3713431d/manifest.json'
For more information check: https://developer.mozilla.org/en-US/docs/Web/HTTP/Status/403",2026-07-17T18:35:06.506011
lacroix,bpt6k3713432t,,failed,0,0,,http_manifest,known,403,manifest,"Client error '403 ' for url 'https://openapiproext.bnf.fr/iiif/presentation/v3/ark:/12148/bpt6k3713432t/manifest.json'
For more information check: https://developer.mozilla.org/en-US/docs/Web/HTTP/Status/403",2026-07-17T18:35:07.528831
lacroix,bpt6k37134337,,failed,0,0,,http_manifest,known,403,manifest,"Client error '403 ' for url 'https://openapiproext.bnf.fr/iiif/presentation/v3/ark:/12148/bpt6k37134337/manifest.json'
For more information check: https://developer.mozilla.org/en-US/docs/Web/HTTP/Status/403",2026-07-17T18:35:08.727549
lacroix,bpt6k3713434n,,failed,0,0,,http_manifest,known,403,manifest,"Client error '403 ' for url 'https://openapiproext.bnf.fr/iiif/presentation/v3/ark:/12148/bpt6k3713434n/manifest.json'
For more information check: https://developer.mozilla.org/en-US/docs/Web/HTTP/Status/403",2026-07-17T18:35:10.102542
lacroix,bpt6k37134352,,failed,0,0,,http_manifest,known,403,manifest,"Client error '403 ' for url 'https://openapiproext.bnf.fr/iiif/presentation/v3/ark:/12148/bpt6k37134352/manifest.json'
For more information check: https://developer.mozilla.org/en-US/docs/Web/HTTP/Status/403",2026-07-17T18:35:11.293236
lacroix,bpt6k3713436g,,failed,0,0,,http_manifest,known,403,manifest,"Client error '403 ' for url 'https://openapiproext.bnf.fr/iiif/presentation/v3/ark:/12148/bpt6k3713436g/manifest.json'
For more information check: https://developer.mozilla.org/en-US/docs/Web/HTTP/Status/403",2026-07-17T18:35:12.423516
lacroix,bpt6k3713437w,,failed,0,0,,http_manifest,known,403,manifest,"Client error '403 ' for url 'https://openapiproext.bnf.fr/iiif/presentation/v3/ark:/12148/bpt6k3713437w/manifest.json'
For more information check: https://developer.mozilla.org/en-US/docs/Web/HTTP/Status/403",2026-07-17T18:35:13.681578
lacroix,bpt6k37134389,,failed,0,0,,http_manifest,known,403,manifest,"Client error '403 ' for url 'https://openapiproext.bnf.fr/iiif/presentation/v3/ark:/12148/bpt6k37134389/manifest.json'
For more information check: https://developer.mozilla.org/en-US/docs/Web/HTTP/Status/403",2026-07-17T18:35:14.934044
lacroix,bpt6k3713439q,,failed,0,0,,http_manifest,known,403,manifest,"Client error '403 ' for url 'https://openapiproext.bnf.fr/iiif/presentation/v3/ark:/12148/bpt6k3713439q/manifest.json'
For more information check: https://developer.mozilla.org/en-US/docs/Web/HTTP/Status/403",2026-07-17T18:35:15.957814
lacroix,bpt6k3713440c,,failed,0,0,,http_manifest,known,403,manifest,"Client error '403 ' for url 'https://openapiproext.bnf.fr/iiif/presentation/v3/ark:/12148/bpt6k3713440c/manifest.json'
For more information check: https://developer.mozilla.org/en-US/docs/Web/HTTP/Status/403",2026-07-17T18:35:17.285472
lacroix,bpt6k3713441s,,failed,0,0,,http_manifest,known,403,manifest,"Client error '403 ' for url 'https://openapiproext.bnf.fr/iiif/presentation/v3/ark:/12148/bpt6k3713441s/manifest.json'
For more information check: https://developer.mozilla.org/en-US/docs/Web/HTTP/Status/403",2026-07-17T18:35:18.638593
lacroix,bpt6k37134426,,failed,0,0,,http_manifest,known,403,manifest,"Client error '403 ' for url 'https://openapiproext.bnf.fr/iiif/presentation/v3/ark:/12148/bpt6k37134426/manifest.json'
For more information check: https://developer.mozilla.org/en-US/docs/Web/HTTP/Status/403",2026-07-17T18:35:19.543200
lacroix,bpt6k3713443m,,failed,0,0,,http_manifest,known,403,manifest,"Client error '403 ' for url 'https://openapiproext.bnf.fr/iiif/presentation/v3/ark:/12148/bpt6k3713443m/manifest.json'
For more information check: https://developer.mozilla.org/en-US/docs/Web/HTTP/Status/403",2026-07-17T18:35:20.746512
lacroix,bpt6k37134441,,failed,0,0,,http_manifest,known,403,manifest,"Client error '403 ' for url 'https://openapiproext.bnf.fr/iiif/presentation/v3/ark:/12148/bpt6k37134441/manifest.json'
For more information check: https://developer.mozilla.org/en-US/docs/Web/HTTP/Status/403",2026-07-17T18:35:21.944438
lacroix,bpt6k3713445f,,failed,0,0,,http_manifest,known,403,manifest,"Client error '403 ' for url 'https://openapiproext.bnf.fr/iiif/presentation/v3/ark:/12148/bpt6k3713445f/manifest.json'
For more information check: https://developer.mozilla.org/en-US/docs/Web/HTTP/Status/403",2026-07-17T18:35:23.144555
lacroix,bpt6k3713446v,,failed,0,0,,http_manifest,known,403,manifest,"Client error '403 ' for url 'https://openapiproext.bnf.fr/iiif/presentation/v3/ark:/12148/bpt6k3713446v/manifest.json'
For more information check: https://developer.mozilla.org/en-US/docs/Web/HTTP/Status/403",2026-07-17T18:35:24.342769
lacroix,bpt6k37134478,,failed,0,0,,http_manifest,known,403,manifest,"Client error '403 ' for url 'https://openapiproext.bnf.fr/iiif/presentation/v3/ark:/12148/bpt6k37134478/manifest.json'
For more information check: https://developer.mozilla.org/en-US/docs/Web/HTTP/Status/403",2026-07-17T18:35:25.546520
lacroix,bpt6k3713448p,,failed,0,0,,http_manifest,known,403,manifest,"Client error '403 ' for url 'https://openapiproext.bnf.fr/iiif/presentation/v3/ark:/12148/bpt6k3713448p/manifest.json'
For more information check: https://developer.mozilla.org/en-US/docs/Web/HTTP/Status/403",2026-07-17T18:35:26.746643
lacroix,bpt6k37134493,,failed,0,0,,http_manifest,known,403,manifest,"Client error '403 ' for url 'https://openapiproext.bnf.fr/iiif/presentation/v3/ark:/12148/bpt6k37134493/manifest.json'
For more information check: https://developer.mozilla.org/en-US/docs/Web/HTTP/Status/403",2026-07-17T18:35:27.954457
lacroix,bpt6k3713450r,,failed,0,0,,http_manifest,known,403,manifest,"Client error '403 ' for url 'https://openapiproext.bnf.fr/iiif/presentation/v3/ark:/12148/bpt6k3713450r/manifest.json'
For more information check: https://developer.mozilla.org/en-US/docs/Web/HTTP/Status/403",2026-07-17T18:35:29.155207
lacroix,bpt6k37134515,,failed,0,0,,http_manifest,known,403,manifest,"Client error '403 ' for url 'https://openapiproext.bnf.fr/iiif/presentation/v3/ark:/12148/bpt6k37134515/manifest.json'
For more information check: https://developer.mozilla.org/en-US/docs/Web/HTTP/Status/403",2026-07-17T18:35:30.352025
lacroix,bpt6k3713452k,,failed,0,0,,http_manifest,known,403,manifest,"Client error '403 ' for url 'https://openapiproext.bnf.fr/iiif/presentation/v3/ark:/12148/bpt6k3713452k/manifest.json'
For more information check: https://developer.mozilla.org/en-US/docs/Web/HTTP/Status/403",2026-07-17T18:35:31.551758
lacroix,bpt6k37134530,,failed,0,0,,http_manifest,known,403,manifest,"Client error '403 ' for url 'https://openapiproext.bnf.fr/iiif/presentation/v3/ark:/12148/bpt6k37134530/manifest.json'
For more information check: https://developer.mozilla.org/en-US/docs/Web/HTTP/Status/403",2026-07-17T18:35:32.774778
lacroix,bpt6k3713454d,,failed,0,0,,http_manifest,known,403,manifest,"Client error '403 ' for url 'https://openapiproext.bnf.fr/iiif/presentation/v3/ark:/12148/bpt6k3713454d/manifest.json'
For more information check: https://developer.mozilla.org/en-US/docs/Web/HTTP/Status/403",2026-07-17T18:35:33.954323
lacroix,bpt6k3713455t,,failed,0,0,,http_manifest,known,403,manifest,"Client error '403 ' for url 'https://openapiproext.bnf.fr/iiif/presentation/v3/ark:/12148/bpt6k3713455t/manifest.json'
For more information check: https://developer.mozilla.org/en-US/docs/Web/HTTP/Status/403",2026-07-17T18:35:35.157945
lacroix,bpt6k37134567,,failed,0,0,,http_manifest,known,403,manifest,"Client error '403 ' for url 'https://openapiproext.bnf.fr/iiif/presentation/v3/ark:/12148/bpt6k37134567/manifest.json'
For more information check: https://developer.mozilla.org/en-US/docs/Web/HTTP/Status/403",2026-07-17T18:35:36.361185
lacroix,bpt6k3713457n,,failed,0,0,,http_manifest,known,403,manifest,"Client error '403 ' for url 'https://openapiproext.bnf.fr/iiif/presentation/v3/ark:/12148/bpt6k3713457n/manifest.json'
For more information check: https://developer.mozilla.org/en-US/docs/Web/HTTP/Status/403",2026-07-17T18:35:37.571665
lacroix,bpt6k37134582,,failed,0,0,,http_manifest,known,403,manifest,"Client error '403 ' for url 'https://openapiproext.bnf.fr/iiif/presentation/v3/ark:/12148/bpt6k37134582/manifest.json'
For more information check: https://developer.mozilla.org/en-US/docs/Web/HTTP/Status/403",2026-07-17T18:35:38.764595
lacroix,bpt6k3713459g,,failed,0,0,,http_manifest,known,403,manifest,"Client error '403 ' for url 'https://openapiproext.bnf.fr/iiif/presentation/v3/ark:/12148/bpt6k3713459g/manifest.json'
For more information check: https://developer.mozilla.org/en-US/docs/Web/HTTP/Status/403",2026-07-17T18:35:39.967435
lacroix,bpt6k37134604,,failed,0,0,,http_manifest,known,403,manifest,"Client error '403 ' for url 'https://openapiproext.bnf.fr/iiif/presentation/v3/ark:/12148/bpt6k37134604/manifest.json'
For more information check: https://developer.mozilla.org/en-US/docs/Web/HTTP/Status/403",2026-07-17T18:35:41.168826
lacroix,bpt6k3713461j,,failed,0,0,,http_manifest,known,403,manifest,"Client error '403 ' for url 'https://openapiproext.bnf.fr/iiif/presentation/v3/ark:/12148/bpt6k3713461j/manifest.json'
For more information check: https://developer.mozilla.org/en-US/docs/Web/HTTP/Status/403",2026-07-17T18:35:42.392570
lacroix,bpt6k3713462z,,failed,0,0,,http_manifest,known,403,manifest,"Client error '403 ' for url 'https://openapiproext.bnf.fr/iiif/presentation/v3/ark:/12148/bpt6k3713462z/manifest.json'
For more information check: https://developer.mozilla.org/en-US/docs/Web/HTTP/Status/403",2026-07-17T18:35:43.571758
lacroix,bpt6k3713463c,,failed,0,0,,http_manifest,known,403,manifest,"Client error '403 ' for url 'https://openapiproext.bnf.fr/iiif/presentation/v3/ark:/12148/bpt6k3713463c/manifest.json'
For more information check: https://developer.mozilla.org/en-US/docs/Web/HTTP/Status/403",2026-07-17T18:35:44.780547
lacroix,bpt6k3713464s,,failed,0,0,,http_manifest,known,403,manifest,"Client error '403 ' for url 'https://openapiproext.bnf.fr/iiif/presentation/v3/ark:/12148/bpt6k3713464s/manifest.json'
For more information check: https://developer.mozilla.org/en-US/docs/Web/HTTP/Status/403",2026-07-17T18:35:45.974228
lacroix,bpt6k37134656,,failed,0,0,,http_manifest,known,403,manifest,"Client error '403 ' for url 'https://openapiproext.bnf.fr/iiif/presentation/v3/ark:/12148/bpt6k37134656/manifest.json'
For more information check: https://developer.mozilla.org/en-US/docs/Web/HTTP/Status/403",2026-07-17T18:35:47.182320
lacroix,bpt6k3713466m,,failed,0,0,,http_manifest,known,403,manifest,"Client error '403 ' for url 'https://openapiproext.bnf.fr/iiif/presentation/v3/ark:/12148/bpt6k3713466m/manifest.json'
For more information check: https://developer.mozilla.org/en-US/docs/Web/HTTP/Status/403",2026-07-17T18:35:48.378708
lacroix,bpt6k37134671,,failed,0,0,,http_manifest,known,403,manifest,"Client error '403 ' for url 'https://openapiproext.bnf.fr/iiif/presentation/v3/ark:/12148/bpt6k37134671/manifest.json'
For more information check: https://developer.mozilla.org/en-US/docs/Web/HTTP/Status/403",2026-07-17T18:35:49.578169
lacroix,bpt6k3713468f,,failed,0,0,,http_manifest,known,403,manifest,"Client error '403 ' for url 'https://openapiproext.bnf.fr/iiif/presentation/v3/ark:/12148/bpt6k3713468f/manifest.json'
For more information check: https://developer.mozilla.org/en-US/docs/Web/HTTP/Status/403",2026-07-17T18:35:50.788069
lacroix,bpt6k3713469v,,failed,0,0,,http_manifest,known,403,manifest,"Client error '403 ' for url 'https://openapiproext.bnf.fr/iiif/presentation/v3/ark:/12148/bpt6k3713469v/manifest.json'
For more information check: https://developer.mozilla.org/en-US/docs/Web/HTTP/Status/403",2026-07-17T18:35:51.985636
lacroix,bpt6k3713470h,,failed,0,0,,http_manifest,known,403,manifest,"Client error '403 ' for url 'https://openapiproext.bnf.fr/iiif/presentation/v3/ark:/12148/bpt6k3713470h/manifest.json'
For more information check: https://developer.mozilla.org/en-US/docs/Web/HTTP/Status/403",2026-07-17T18:35:53.190063
lacroix,bpt6k3713471x,,failed,0,0,,http_manifest,known,403,manifest,"Client error '403 ' for url 'https://openapiproext.bnf.fr/iiif/presentation/v3/ark:/12148/bpt6k3713471x/manifest.json'
For more information check: https://developer.mozilla.org/en-US/docs/Web/HTTP/Status/403",2026-07-17T18:35:54.382879
lacroix,bpt6k3713472b,,failed,0,0,,http_manifest,known,403,manifest,"Client error '403 ' for url 'https://openapiproext.bnf.fr/iiif/presentation/v3/ark:/12148/bpt6k3713472b/manifest.json'
For more information check: https://developer.mozilla.org/en-US/docs/Web/HTTP/Status/403",2026-07-17T18:35:55.590462
lacroix,bpt6k3713473r,,failed,0,0,,http_manifest,known,403,manifest,"Client error '403 ' for url 'https://openapiproext.bnf.fr/iiif/presentation/v3/ark:/12148/bpt6k3713473r/manifest.json'
For more information check: https://developer.mozilla.org/en-US/docs/Web/HTTP/Status/403",2026-07-17T18:35:56.797683
lacroix,bpt6k37134745,,failed,0,0,,http_manifest,known,403,manifest,"Client error '403 ' for url 'https://openapiproext.bnf.fr/iiif/presentation/v3/ark:/12148/bpt6k37134745/manifest.json'
For more information check: https://developer.mozilla.org/en-US/docs/Web/HTTP/Status/403",2026-07-17T18:35:57.992797
lacroix,bpt6k3713475k,,failed,0,0,,http_manifest,known,403,manifest,"Client error '403 ' for url 'https://openapiproext.bnf.fr/iiif/presentation/v3/ark:/12148/bpt6k3713475k/manifest.json'
For more information check: https://developer.mozilla.org/en-US/docs/Web/HTTP/Status/403",2026-07-17T18:35:59.248382
lacroix,bpt6k37134760,,failed,0,0,,http_manifest,known,403,manifest,"Client error '403 ' for url 'https://openapiproext.bnf.fr/iiif/presentation/v3/ark:/12148/bpt6k37134760/manifest.json'
For more information check: https://developer.mozilla.org/en-US/docs/Web/HTTP/Status/403",2026-07-17T18:36:00.394437
lacroix,bpt6k3713477d,,failed,0,0,,http_manifest,known,403,manifest,"Client error '403 ' for url 'https://openapiproext.bnf.fr/iiif/presentation/v3/ark:/12148/bpt6k3713477d/manifest.json'
For more information check: https://developer.mozilla.org/en-US/docs/Web/HTTP/Status/403",2026-07-17T18:36:01.705391
lacroix,bpt6k3713478t,,failed,0,0,,http_manifest,known,403,manifest,"Client error '403 ' for url 'https://openapiproext.bnf.fr/iiif/presentation/v3/ark:/12148/bpt6k3713478t/manifest.json'
For more information check: https://developer.mozilla.org/en-US/docs/Web/HTTP/Status/403",2026-07-17T18:36:02.801446
lacroix,bpt6k37134797,,failed,0,0,,http_manifest,known,403,manifest,"Client error '403 ' for url 'https://openapiproext.bnf.fr/iiif/presentation/v3/ark:/12148/bpt6k37134797/manifest.json'
For more information check: https://developer.mozilla.org/en-US/docs/Web/HTTP/Status/403",2026-07-17T18:36:04.058127
lacroix,bpt6k3713480w,,failed,0,0,,http_manifest,known,403,manifest,"Client error '403 ' for url 'https://openapiproext.bnf.fr/iiif/presentation/v3/ark:/12148/bpt6k3713480w/manifest.json'
For more information check: https://developer.mozilla.org/en-US/docs/Web/HTTP/Status/403",2026-07-17T18:36:05.238977
lacroix,bpt6k37134819,,failed,0,0,,http_manifest,known,403,manifest,"Client error '403 ' for url 'https://openapiproext.bnf.fr/iiif/presentation/v3/ark:/12148/bpt6k37134819/manifest.json'
For more information check: https://developer.mozilla.org/en-US/docs/Web/HTTP/Status/403",2026-07-17T18:36:06.490122
lacroix,bpt6k3713482q,,failed,0,0,,http_manifest,known,403,manifest,"Client error '403 ' for url 'https://openapiproext.bnf.fr/iiif/presentation/v3/ark:/12148/bpt6k3713482q/manifest.json'
For more information check: https://developer.mozilla.org/en-US/docs/Web/HTTP/Status/403",2026-07-17T18:36:07.610552
lacroix,bpt6k37134834,,failed,0,0,,http_manifest,known,403,manifest,"Client error '403 ' for url 'https://openapiproext.bnf.fr/iiif/presentation/v3/ark:/12148/bpt6k37134834/manifest.json'
For more information check: https://developer.mozilla.org/en-US/docs/Web/HTTP/Status/403",2026-07-17T18:36:08.968341
lacroix,bpt6k3713484j,,failed,0,0,,http_manifest,known,403,manifest,"Client error '403 ' for url 'https://openapiproext.bnf.fr/iiif/presentation/v3/ark:/12148/bpt6k3713484j/manifest.json'
For more information check: https://developer.mozilla.org/en-US/docs/Web/HTTP/Status/403",2026-07-17T18:36:10.388600
lacroix,bpt6k3713485z,,failed,0,0,,http_manifest,known,403,manifest,"Client error '403 ' for url 'https://openapiproext.bnf.fr/iiif/presentation/v3/ark:/12148/bpt6k3713485z/manifest.json'
For more information check: https://developer.mozilla.org/en-US/docs/Web/HTTP/Status/403",2026-07-17T18:36:11.213106
lacroix,bpt6k3713486c,,failed,0,0,,http_manifest,known,403,manifest,"Client error '403 ' for url 'https://openapiproext.bnf.fr/iiif/presentation/v3/ark:/12148/bpt6k3713486c/manifest.json'
For more information check: https://developer.mozilla.org/en-US/docs/Web/HTTP/Status/403",2026-07-17T18:36:12.535215
lacroix,bpt6k3713487s,,failed,0,0,,http_manifest,known,403,manifest,"Client error '403 ' for url 'https://openapiproext.bnf.fr/iiif/presentation/v3/ark:/12148/bpt6k3713487s/manifest.json'
For more information check: https://developer.mozilla.org/en-US/docs/Web/HTTP/Status/403",2026-07-17T18:36:13.685935
lacroix,bpt6k37134886,,failed,0,0,,http_manifest,known,403,manifest,"Client error '403 ' for url 'https://openapiproext.bnf.fr/iiif/presentation/v3/ark:/12148/bpt6k37134886/manifest.json'
For more information check: https://developer.mozilla.org/en-US/docs/Web/HTTP/Status/403",2026-07-17T18:36:14.986180
lacroix,bpt6k3713489m,,failed,0,0,,http_manifest,known,403,manifest,"Client error '403 ' for url 'https://openapiproext.bnf.fr/iiif/presentation/v3/ark:/12148/bpt6k3713489m/manifest.json'
For more information check: https://developer.mozilla.org/en-US/docs/Web/HTTP/Status/403",2026-07-17T18:36:16.055016
lacroix,bpt6k37134908,,failed,0,0,,http_manifest,known,403,manifest,"Client error '403 ' for url 'https://openapiproext.bnf.fr/iiif/presentation/v3/ark:/12148/bpt6k37134908/manifest.json'
For more information check: https://developer.mozilla.org/en-US/docs/Web/HTTP/Status/403",2026-07-17T18:36:17.257476
lacroix,bpt6k3713491p,,failed,0,0,,http_manifest,known,403,manifest,"Client error '403 ' for url 'https://openapiproext.bnf.fr/iiif/presentation/v3/ark:/12148/bpt6k3713491p/manifest.json'
For more information check: https://developer.mozilla.org/en-US/docs/Web/HTTP/Status/403",2026-07-17T18:36:18.710676
lacroix,bpt6k37134923,,failed,0,0,,http_manifest,known,403,manifest,"Client error '403 ' for url 'https://openapiproext.bnf.fr/iiif/presentation/v3/ark:/12148/bpt6k37134923/manifest.json'
For more information check: https://developer.mozilla.org/en-US/docs/Web/HTTP/Status/403",2026-07-17T18:36:19.627436
lacroix,bpt6k3713493h,,failed,0,0,,http_manifest,known,403,manifest,"Client error '403 ' for url 'https://openapiproext.bnf.fr/iiif/presentation/v3/ark:/12148/bpt6k3713493h/manifest.json'
For more information check: https://developer.mozilla.org/en-US/docs/Web/HTTP/Status/403",2026-07-17T18:36:20.834736
lacroix,bpt6k3713494x,,failed,0,0,,http_manifest,known,403,manifest,"Client error '403 ' for url 'https://openapiproext.bnf.fr/iiif/presentation/v3/ark:/12148/bpt6k3713494x/manifest.json'
For more information check: https://developer.mozilla.org/en-US/docs/Web/HTTP/Status/403",2026-07-17T18:36:22.055582
lacroix,bpt6k3713495b,,failed,0,0,,http_manifest,known,403,manifest,"Client error '403 ' for url 'https://openapiproext.bnf.fr/iiif/presentation/v3/ark:/12148/bpt6k3713495b/manifest.json'
For more information check: https://developer.mozilla.org/en-US/docs/Web/HTTP/Status/403",2026-07-17T18:36:23.231268
lacroix,bpt6k3713496r,,failed,0,0,,http_manifest,known,403,manifest,"Client error '403 ' for url 'https://openapiproext.bnf.fr/iiif/presentation/v3/ark:/12148/bpt6k3713496r/manifest.json'
For more information check: https://developer.mozilla.org/en-US/docs/Web/HTTP/Status/403",2026-07-17T18:36:24.438826
lacroix,bpt6k37134975,,failed,0,0,,http_manifest,known,403,manifest,"Client error '403 ' for url 'https://openapiproext.bnf.fr/iiif/presentation/v3/ark:/12148/bpt6k37134975/manifest.json'
For more information check: https://developer.mozilla.org/en-US/docs/Web/HTTP/Status/403",2026-07-17T18:36:25.634194
lacroix,bpt6k3713498k,,failed,0,0,,http_manifest,known,403,manifest,"Client error '403 ' for url 'https://openapiproext.bnf.fr/iiif/presentation/v3/ark:/12148/bpt6k3713498k/manifest.json'
For more information check: https://developer.mozilla.org/en-US/docs/Web/HTTP/Status/403",2026-07-17T18:36:26.835015
lacroix,bpt6k37134990,,failed,0,0,,http_manifest,known,403,manifest,"Client error '403 ' for url 'https://openapiproext.bnf.fr/iiif/presentation/v3/ark:/12148/bpt6k37134990/manifest.json'
For more information check: https://developer.mozilla.org/en-US/docs/Web/HTTP/Status/403",2026-07-17T18:36:28.033884
lacroix,bpt6k37135006,,failed,0,0,,http_manifest,known,403,manifest,"Client error '403 ' for url 'https://openapiproext.bnf.fr/iiif/presentation/v3/ark:/12148/bpt6k37135006/manifest.json'
For more information check: https://developer.mozilla.org/en-US/docs/Web/HTTP/Status/403",2026-07-17T18:36:29.235225
lacroix,bpt6k3713501m,,failed,0,0,,http_manifest,known,403,manifest,"Client error '403 ' for url 'https://openapiproext.bnf.fr/iiif/presentation/v3/ark:/12148/bpt6k3713501m/manifest.json'
For more information check: https://developer.mozilla.org/en-US/docs/Web/HTTP/Status/403",2026-07-17T18:36:30.443184
lacroix,bpt6k37135021,,failed,0,0,,http_manifest,known,403,manifest,"Client error '403 ' for url 'https://openapiproext.bnf.fr/iiif/presentation/v3/ark:/12148/bpt6k37135021/manifest.json'
For more information check: https://developer.mozilla.org/en-US/docs/Web/HTTP/Status/403",2026-07-17T18:36:31.637586
lacroix,bpt6k3713503f,,failed,0,0,,http_manifest,known,403,manifest,"Client error '403 ' for url 'https://openapiproext.bnf.fr/iiif/presentation/v3/ark:/12148/bpt6k3713503f/manifest.json'
For more information check: https://developer.mozilla.org/en-US/docs/Web/HTTP/Status/403",2026-07-17T18:36:32.840814
lacroix,bpt6k3713504v,,failed,0,0,,http_manifest,known,403,manifest,"Client error '403 ' for url 'https://openapiproext.bnf.fr/iiif/presentation/v3/ark:/12148/bpt6k3713504v/manifest.json'
For more information check: https://developer.mozilla.org/en-US/docs/Web/HTTP/Status/403",2026-07-17T18:36:34.069478
lacroix,bpt6k37135058,,failed,0,0,,http_manifest,known,403,manifest,"Client error '403 ' for url 'https://openapiproext.bnf.fr/iiif/presentation/v3/ark:/12148/bpt6k37135058/manifest.json'
For more information check: https://developer.mozilla.org/en-US/docs/Web/HTTP/Status/403",2026-07-17T18:36:35.241146
lacroix,bpt6k3713506p,,failed,0,0,,http_manifest,known,403,manifest,"Client error '403 ' for url 'https://openapiproext.bnf.fr/iiif/presentation/v3/ark:/12148/bpt6k3713506p/manifest.json'
For more information check: https://developer.mozilla.org/en-US/docs/Web/HTTP/Status/403",2026-07-17T18:36:36.446649
lacroix,bpt6k37135073,,failed,0,0,,http_manifest,known,403,manifest,"Client error '403 ' for url 'https://openapiproext.bnf.fr/iiif/presentation/v3/ark:/12148/bpt6k37135073/manifest.json'
For more information check: https://developer.mozilla.org/en-US/docs/Web/HTTP/Status/403",2026-07-17T18:36:37.646945
lacroix,bpt6k3713508h,,failed,0,0,,http_manifest,known,403,manifest,"Client error '403 ' for url 'https://openapiproext.bnf.fr/iiif/presentation/v3/ark:/12148/bpt6k3713508h/manifest.json'
For more information check: https://developer.mozilla.org/en-US/docs/Web/HTTP/Status/403",2026-07-17T18:36:38.848089
lacroix,bpt6k3713509x,,failed,0,0,,http_manifest,known,403,manifest,"Client error '403 ' for url 'https://openapiproext.bnf.fr/iiif/presentation/v3/ark:/12148/bpt6k3713509x/manifest.json'
For more information check: https://developer.mozilla.org/en-US/docs/Web/HTTP/Status/403",2026-07-17T18:36:40.104204
lacroix,bpt6k3713510k,,failed,0,0,,http_manifest,known,403,manifest,"Client error '403 ' for url 'https://openapiproext.bnf.fr/iiif/presentation/v3/ark:/12148/bpt6k3713510k/manifest.json'
For more information check: https://developer.mozilla.org/en-US/docs/Web/HTTP/Status/403",2026-07-17T18:36:41.251845
lacroix,bpt6k37135110,,failed,0,0,,http_manifest,known,403,manifest,"Client error '403 ' for url 'https://openapiproext.bnf.fr/iiif/presentation/v3/ark:/12148/bpt6k37135110/manifest.json'
For more information check: https://developer.mozilla.org/en-US/docs/Web/HTTP/Status/403",2026-07-17T18:36:42.450863
lacroix,bpt6k3713512d,,failed,0,0,,http_manifest,known,403,manifest,"Client error '403 ' for url 'https://openapiproext.bnf.fr/iiif/presentation/v3/ark:/12148/bpt6k3713512d/manifest.json'
For more information check: https://developer.mozilla.org/en-US/docs/Web/HTTP/Status/403",2026-07-17T18:36:43.654700
lacroix,bpt6k3713513t,,failed,0,0,,http_manifest,known,403,manifest,"Client error '403 ' for url 'https://openapiproext.bnf.fr/iiif/presentation/v3/ark:/12148/bpt6k3713513t/manifest.json'
For more information check: https://developer.mozilla.org/en-US/docs/Web/HTTP/Status/403",2026-07-17T18:36:44.864052
lacroix,bpt6k37135147,,failed,0,0,,http_manifest,known,403,manifest,"Client error '403 ' for url 'https://openapiproext.bnf.fr/iiif/presentation/v3/ark:/12148/bpt6k37135147/manifest.json'
For more information check: https://developer.mozilla.org/en-US/docs/Web/HTTP/Status/403",2026-07-17T18:36:46.058730
lacroix,bpt6k3713515n,,failed,0,0,,http_manifest,known,403,manifest,"Client error '403 ' for url 'https://openapiproext.bnf.fr/iiif/presentation/v3/ark:/12148/bpt6k3713515n/manifest.json'
For more information check: https://developer.mozilla.org/en-US/docs/Web/HTTP/Status/403",2026-07-17T18:36:47.256830
lacroix,bpt6k37135162,,failed,0,0,,http_manifest,known,403,manifest,"Client error '403 ' for url 'https://openapiproext.bnf.fr/iiif/presentation/v3/ark:/12148/bpt6k37135162/manifest.json'
For more information check: https://developer.mozilla.org/en-US/docs/Web/HTTP/Status/403",2026-07-17T18:36:48.460226
lacroix,bpt6k3713517g,,failed,0,0,,http_manifest,known,403,manifest,"Client error '403 ' for url 'https://openapiproext.bnf.fr/iiif/presentation/v3/ark:/12148/bpt6k3713517g/manifest.json'
For more information check: https://developer.mozilla.org/en-US/docs/Web/HTTP/Status/403",2026-07-17T18:36:49.659346
lacroix,bpt6k3713518w,,failed,0,0,,http_manifest,known,403,manifest,"Client error '403 ' for url 'https://openapiproext.bnf.fr/iiif/presentation/v3/ark:/12148/bpt6k3713518w/manifest.json'
For more information check: https://developer.mozilla.org/en-US/docs/Web/HTTP/Status/403",2026-07-17T18:36:50.862729
lacroix,bpt6k37135199,,failed,0,0,,http_manifest,known,403,manifest,"Client error '403 ' for url 'https://openapiproext.bnf.fr/iiif/presentation/v3/ark:/12148/bpt6k37135199/manifest.json'
For more information check: https://developer.mozilla.org/en-US/docs/Web/HTTP/Status/403",2026-07-17T18:36:52.093571
lacroix,bpt6k3713520z,,failed,0,0,,http_manifest,known,403,manifest,"Client error '403 ' for url 'https://openapiproext.bnf.fr/iiif/presentation/v3/ark:/12148/bpt6k3713520z/manifest.json'
For more information check: https://developer.mozilla.org/en-US/docs/Web/HTTP/Status/403",2026-07-17T18:36:53.273110
lacroix,bpt6k3713521c,,failed,0,0,,http_manifest,known,403,manifest,"Client error '403 ' for url 'https://openapiproext.bnf.fr/iiif/presentation/v3/ark:/12148/bpt6k3713521c/manifest.json'
For more information check: https://developer.mozilla.org/en-US/docs/Web/HTTP/Status/403",2026-07-17T18:36:54.467901
lacroix,bpt6k3713522s,,failed,0,0,,http_manifest,known,403,manifest,"Client error '403 ' for url 'https://openapiproext.bnf.fr/iiif/presentation/v3/ark:/12148/bpt6k3713522s/manifest.json'
For more information check: https://developer.mozilla.org/en-US/docs/Web/HTTP/Status/403",2026-07-17T18:36:55.668616
lacroix,bpt6k37135236,,failed,0,0,,http_manifest,known,403,manifest,"Client error '403 ' for url 'https://openapiproext.bnf.fr/iiif/presentation/v3/ark:/12148/bpt6k37135236/manifest.json'
For more information check: https://developer.mozilla.org/en-US/docs/Web/HTTP/Status/403",2026-07-17T18:36:56.869209
lacroix,bpt6k3713524m,,failed,0,0,,http_manifest,known,403,manifest,"Client error '403 ' for url 'https://openapiproext.bnf.fr/iiif/presentation/v3/ark:/12148/bpt6k3713524m/manifest.json'
For more information check: https://developer.mozilla.org/en-US/docs/Web/HTTP/Status/403",2026-07-17T18:36:58.398071
lacroix,bpt6k37135251,,failed,0,0,,http_manifest,known,403,manifest,"Client error '403 ' for url 'https://openapiproext.bnf.fr/iiif/presentation/v3/ark:/12148/bpt6k37135251/manifest.json'
For more information check: https://developer.mozilla.org/en-US/docs/Web/HTTP/Status/403",2026-07-17T18:36:59.377898
lacroix,bpt6k3713526f,,failed,0,0,,http_manifest,known,403,manifest,"Client error '403 ' for url 'https://openapiproext.bnf.fr/iiif/presentation/v3/ark:/12148/bpt6k3713526f/manifest.json'
For more information check: https://developer.mozilla.org/en-US/docs/Web/HTTP/Status/403",2026-07-17T18:37:00.579092
lacroix,bpt6k3713527v,,failed,0,0,,http_manifest,known,403,manifest,"Client error '403 ' for url 'https://openapiproext.bnf.fr/iiif/presentation/v3/ark:/12148/bpt6k3713527v/manifest.json'
For more information check: https://developer.mozilla.org/en-US/docs/Web/HTTP/Status/403",2026-07-17T18:37:01.716191
lacroix,bpt6k37135288,,failed,0,0,,http_manifest,known,403,manifest,"Client error '403 ' for url 'https://openapiproext.bnf.fr/iiif/presentation/v3/ark:/12148/bpt6k37135288/manifest.json'
For more information check: https://developer.mozilla.org/en-US/docs/Web/HTTP/Status/403",2026-07-17T18:37:03.011543
lacroix,bpt6k3713529p,,failed,0,0,,http_manifest,known,403,manifest,"Client error '403 ' for url 'https://openapiproext.bnf.fr/iiif/presentation/v3/ark:/12148/bpt6k3713529p/manifest.json'
For more information check: https://developer.mozilla.org/en-US/docs/Web/HTTP/Status/403",2026-07-17T18:37:04.166168
lacroix,bpt6k3713530b,,failed,0,0,,http_manifest,known,403,manifest,"Client error '403 ' for url 'https://openapiproext.bnf.fr/iiif/presentation/v3/ark:/12148/bpt6k3713530b/manifest.json'
For more information check: https://developer.mozilla.org/en-US/docs/Web/HTTP/Status/403",2026-07-17T18:37:05.409800
lacroix,bpt6k3713531r,,failed,0,0,,http_manifest,known,403,manifest,"Client error '403 ' for url 'https://openapiproext.bnf.fr/iiif/presentation/v3/ark:/12148/bpt6k3713531r/manifest.json'
For more information check: https://developer.mozilla.org/en-US/docs/Web/HTTP/Status/403",2026-07-17T18:37:06.538357
lacroix,bpt6k37135325,,failed,0,0,,http_manifest,known,403,manifest,"Client error '403 ' for url 'https://openapiproext.bnf.fr/iiif/presentation/v3/ark:/12148/bpt6k37135325/manifest.json'
For more information check: https://developer.mozilla.org/en-US/docs/Web/HTTP/Status/403",2026-07-17T18:37:07.685568
lacroix,bpt6k3713533k,,failed,0,0,,http_manifest,known,403,manifest,"Client error '403 ' for url 'https://openapiproext.bnf.fr/iiif/presentation/v3/ark:/12148/bpt6k3713533k/manifest.json'
For more information check: https://developer.mozilla.org/en-US/docs/Web/HTTP/Status/403",2026-07-17T18:37:08.926872
lacroix,bpt6k37135340,,failed,0,0,,http_manifest,known,403,manifest,"Client error '403 ' for url 'https://openapiproext.bnf.fr/iiif/presentation/v3/ark:/12148/bpt6k37135340/manifest.json'
For more information check: https://developer.mozilla.org/en-US/docs/Web/HTTP/Status/403",2026-07-17T18:37:10.368526
lacroix,bpt6k3713535d,,failed,0,0,,http_manifest,known,403,manifest,"Client error '403 ' for url 'https://openapiproext.bnf.fr/iiif/presentation/v3/ark:/12148/bpt6k3713535d/manifest.json'
For more information check: https://developer.mozilla.org/en-US/docs/Web/HTTP/Status/403",2026-07-17T18:37:11.413916
lacroix,bpt6k3713536t,,failed,0,0,,http_manifest,known,403,manifest,"Client error '403 ' for url 'https://openapiproext.bnf.fr/iiif/presentation/v3/ark:/12148/bpt6k3713536t/manifest.json'
For more information check: https://developer.mozilla.org/en-US/docs/Web/HTTP/Status/403",2026-07-17T18:37:12.704710
lacroix,bpt6k37135377,,failed,0,0,,http_manifest,known,403,manifest,"Client error '403 ' for url 'https://openapiproext.bnf.fr/iiif/presentation/v3/ark:/12148/bpt6k37135377/manifest.json'
For more information check: https://developer.mozilla.org/en-US/docs/Web/HTTP/Status/403",2026-07-17T18:37:13.771496
lacroix,bpt6k3713538n,,failed,0,0,,http_manifest,known,403,manifest,"Client error '403 ' for url 'https://openapiproext.bnf.fr/iiif/presentation/v3/ark:/12148/bpt6k3713538n/manifest.json'
For more information check: https://developer.mozilla.org/en-US/docs/Web/HTTP/Status/403",2026-07-17T18:37:14.911097
lacroix,bpt6k37135392,,failed,0,0,,http_manifest,known,403,manifest,"Client error '403 ' for url 'https://openapiproext.bnf.fr/iiif/presentation/v3/ark:/12148/bpt6k37135392/manifest.json'
For more information check: https://developer.mozilla.org/en-US/docs/Web/HTTP/Status/403",2026-07-17T18:37:16.095315
lacroix,bpt6k3713540q,,failed,0,0,,http_manifest,known,403,manifest,"Client error '403 ' for url 'https://openapiproext.bnf.fr/iiif/presentation/v3/ark:/12148/bpt6k3713540q/manifest.json'
For more information check: https://developer.mozilla.org/en-US/docs/Web/HTTP/Status/403",2026-07-17T18:37:17.296694
lacroix,bpt6k37135414,,failed,0,0,,http_manifest,known,403,manifest,"Client error '403 ' for url 'https://openapiproext.bnf.fr/iiif/presentation/v3/ark:/12148/bpt6k37135414/manifest.json'
For more information check: https://developer.mozilla.org/en-US/docs/Web/HTTP/Status/403",2026-07-17T18:37:18.496052
lacroix,bpt6k3713542j,,failed,0,0,,http_manifest,known,403,manifest,"Client error '403 ' for url 'https://openapiproext.bnf.fr/iiif/presentation/v3/ark:/12148/bpt6k3713542j/manifest.json'
For more information check: https://developer.mozilla.org/en-US/docs/Web/HTTP/Status/403",2026-07-17T18:37:19.784324
lacroix,bpt6k3713543z,,failed,0,0,,http_manifest,known,403,manifest,"Client error '403 ' for url 'https://openapiproext.bnf.fr/iiif/presentation/v3/ark:/12148/bpt6k3713543z/manifest.json'
For more information check: https://developer.mozilla.org/en-US/docs/Web/HTTP/Status/403",2026-07-17T18:37:20.902068
lacroix,bpt6k3713544c,,failed,0,0,,http_manifest,known,403,manifest,"Client error '403 ' for url 'https://openapiproext.bnf.fr/iiif/presentation/v3/ark:/12148/bpt6k3713544c/manifest.json'
For more information check: https://developer.mozilla.org/en-US/docs/Web/HTTP/Status/403",2026-07-17T18:37:22.126103
lacroix,bpt6k3713545s,,failed,0,0,,http_manifest,known,403,manifest,"Client error '403 ' for url 'https://openapiproext.bnf.fr/iiif/presentation/v3/ark:/12148/bpt6k3713545s/manifest.json'
For more information check: https://developer.mozilla.org/en-US/docs/Web/HTTP/Status/403",2026-07-17T18:37:23.305365
lacroix,bpt6k37135466,,failed,0,0,,http_manifest,known,403,manifest,"Client error '403 ' for url 'https://openapiproext.bnf.fr/iiif/presentation/v3/ark:/12148/bpt6k37135466/manifest.json'
For more information check: https://developer.mozilla.org/en-US/docs/Web/HTTP/Status/403",2026-07-17T18:37:24.505216
lacroix,bpt6k3713547m,,failed,0,0,,http_manifest,known,403,manifest,"Client error '403 ' for url 'https://openapiproext.bnf.fr/iiif/presentation/v3/ark:/12148/bpt6k3713547m/manifest.json'
For more information check: https://developer.mozilla.org/en-US/docs/Web/HTTP/Status/403",2026-07-17T18:37:25.717767
lacroix,bpt6k37135481,,failed,0,0,,http_manifest,known,403,manifest,"Client error '403 ' for url 'https://openapiproext.bnf.fr/iiif/presentation/v3/ark:/12148/bpt6k37135481/manifest.json'
For more information check: https://developer.mozilla.org/en-US/docs/Web/HTTP/Status/403",2026-07-17T18:37:26.908331
lacroix,bpt6k3713549f,,failed,0,0,,http_manifest,known,403,manifest,"Client error '403 ' for url 'https://openapiproext.bnf.fr/iiif/presentation/v3/ark:/12148/bpt6k3713549f/manifest.json'
For more information check: https://developer.mozilla.org/en-US/docs/Web/HTTP/Status/403",2026-07-17T18:37:28.133533
lacroix,bpt6k37135503,,failed,0,0,,http_manifest,known,403,manifest,"Client error '403 ' for url 'https://openapiproext.bnf.fr/iiif/presentation/v3/ark:/12148/bpt6k37135503/manifest.json'
For more information check: https://developer.mozilla.org/en-US/docs/Web/HTTP/Status/403",2026-07-17T18:37:29.318317
lacroix,bpt6k3713551h,,failed,0,0,,http_manifest,known,403,manifest,"Client error '403 ' for url 'https://openapiproext.bnf.fr/iiif/presentation/v3/ark:/12148/bpt6k3713551h/manifest.json'
For more information check: https://developer.mozilla.org/en-US/docs/Web/HTTP/Status/403",2026-07-17T18:37:30.514591
lacroix,bpt6k3713552x,,failed,0,0,,http_manifest,known,403,manifest,"Client error '403 ' for url 'https://openapiproext.bnf.fr/iiif/presentation/v3/ark:/12148/bpt6k3713552x/manifest.json'
For more information check: https://developer.mozilla.org/en-US/docs/Web/HTTP/Status/403",2026-07-17T18:37:31.713923
lacroix,bpt6k3713553b,,failed,0,0,,http_manifest,known,403,manifest,"Client error '403 ' for url 'https://openapiproext.bnf.fr/iiif/presentation/v3/ark:/12148/bpt6k3713553b/manifest.json'
For more information check: https://developer.mozilla.org/en-US/docs/Web/HTTP/Status/403",2026-07-17T18:37:32.916714
lacroix,bpt6k3713554r,,failed,0,0,,http_manifest,known,403,manifest,"Client error '403 ' for url 'https://openapiproext.bnf.fr/iiif/presentation/v3/ark:/12148/bpt6k3713554r/manifest.json'
For more information check: https://developer.mozilla.org/en-US/docs/Web/HTTP/Status/403",2026-07-17T18:37:34.129599
lacroix,bpt6k37135555,,failed,0,0,,http_manifest,known,403,manifest,"Client error '403 ' for url 'https://openapiproext.bnf.fr/iiif/presentation/v3/ark:/12148/bpt6k37135555/manifest.json'
For more information check: https://developer.mozilla.org/en-US/docs/Web/HTTP/Status/403",2026-07-17T18:37:35.331820
lacroix,bpt6k3713556k,,failed,0,0,,http_manifest,known,403,manifest,"Client error '403 ' for url 'https://openapiproext.bnf.fr/iiif/presentation/v3/ark:/12148/bpt6k3713556k/manifest.json'
For more information check: https://developer.mozilla.org/en-US/docs/Web/HTTP/Status/403",2026-07-17T18:37:36.533520
lacroix,bpt6k37135570,,failed,0,0,,http_manifest,known,403,manifest,"Client error '403 ' for url 'https://openapiproext.bnf.fr/iiif/presentation/v3/ark:/12148/bpt6k37135570/manifest.json'
For more information check: https://developer.mozilla.org/en-US/docs/Web/HTTP/Status/403",2026-07-17T18:37:37.724231
lacroix,bpt6k3713558d,,failed,0,0,,http_manifest,known,403,manifest,"Client error '403 ' for url 'https://openapiproext.bnf.fr/iiif/presentation/v3/ark:/12148/bpt6k3713558d/manifest.json'
For more information check: https://developer.mozilla.org/en-US/docs/Web/HTTP/Status/403",2026-07-17T18:37:38.927682
lacroix,bpt6k3713559t,,failed,0,0,,http_manifest,known,403,manifest,"Client error '403 ' for url 'https://openapiproext.bnf.fr/iiif/presentation/v3/ark:/12148/bpt6k3713559t/manifest.json'
For more information check: https://developer.mozilla.org/en-US/docs/Web/HTTP/Status/403",2026-07-17T18:37:40.150640
lacroix,bpt6k3713560g,,failed,0,0,,http_manifest,known,403,manifest,"Client error '403 ' for url 'https://openapiproext.bnf.fr/iiif/presentation/v3/ark:/12148/bpt6k3713560g/manifest.json'
For more information check: https://developer.mozilla.org/en-US/docs/Web/HTTP/Status/403",2026-07-17T18:37:41.370838
lacroix,bpt6k3713561w,,failed,0,0,,http_manifest,known,403,manifest,"Client error '403 ' for url 'https://openapiproext.bnf.fr/iiif/presentation/v3/ark:/12148/bpt6k3713561w/manifest.json'
For more information check: https://developer.mozilla.org/en-US/docs/Web/HTTP/Status/403",2026-07-17T18:37:42.529117
lacroix,bpt6k37135629,,failed,0,0,,http_manifest,known,403,manifest,"Client error '403 ' for url 'https://openapiproext.bnf.fr/iiif/presentation/v3/ark:/12148/bpt6k37135629/manifest.json'
For more information check: https://developer.mozilla.org/en-US/docs/Web/HTTP/Status/403",2026-07-17T18:37:43.733698
lacroix,bpt6k3713563q,,failed,0,0,,http_manifest,known,403,manifest,"Client error '403 ' for url 'https://openapiproext.bnf.fr/iiif/presentation/v3/ark:/12148/bpt6k3713563q/manifest.json'
For more information check: https://developer.mozilla.org/en-US/docs/Web/HTTP/Status/403",2026-07-17T18:37:44.934775
lacroix,bpt6k37135644,,failed,0,0,,http_manifest,known,403,manifest,"Client error '403 ' for url 'https://openapiproext.bnf.fr/iiif/presentation/v3/ark:/12148/bpt6k37135644/manifest.json'
For more information check: https://developer.mozilla.org/en-US/docs/Web/HTTP/Status/403",2026-07-17T18:37:46.133916
lacroix,bpt6k3713565j,,failed,0,0,,http_manifest,known,403,manifest,"Client error '403 ' for url 'https://openapiproext.bnf.fr/iiif/presentation/v3/ark:/12148/bpt6k3713565j/manifest.json'
For more information check: https://developer.mozilla.org/en-US/docs/Web/HTTP/Status/403",2026-07-17T18:37:47.338647
lacroix,bpt6k3713566z,,failed,0,0,,http_manifest,known,403,manifest,"Client error '403 ' for url 'https://openapiproext.bnf.fr/iiif/presentation/v3/ark:/12148/bpt6k3713566z/manifest.json'
For more information check: https://developer.mozilla.org/en-US/docs/Web/HTTP/Status/403",2026-07-17T18:37:48.539767
lacroix,bpt6k3713567c,,failed,0,0,,http_manifest,known,403,manifest,"Client error '403 ' for url 'https://openapiproext.bnf.fr/iiif/presentation/v3/ark:/12148/bpt6k3713567c/manifest.json'
For more information check: https://developer.mozilla.org/en-US/docs/Web/HTTP/Status/403",2026-07-17T18:37:49.743825
lacroix,bpt6k3713568s,,failed,0,0,,http_manifest,known,403,manifest,"Client error '403 ' for url 'https://openapiproext.bnf.fr/iiif/presentation/v3/ark:/12148/bpt6k3713568s/manifest.json'
For more information check: https://developer.mozilla.org/en-US/docs/Web/HTTP/Status/403",2026-07-17T18:37:50.943034
lacroix,bpt6k37135696,,failed,0,0,,http_manifest,known,403,manifest,"Client error '403 ' for url 'https://openapiproext.bnf.fr/iiif/presentation/v3/ark:/12148/bpt6k37135696/manifest.json'
For more information check: https://developer.mozilla.org/en-US/docs/Web/HTTP/Status/403",2026-07-17T18:37:52.147660
lacroix,bpt6k3713570v,,failed,0,0,,http_manifest,known,403,manifest,"Client error '403 ' for url 'https://openapiproext.bnf.fr/iiif/presentation/v3/ark:/12148/bpt6k3713570v/manifest.json'
For more information check: https://developer.mozilla.org/en-US/docs/Web/HTTP/Status/403",2026-07-17T18:37:53.348418
lacroix,bpt6k37135718,,failed,0,0,,http_manifest,known,403,manifest,"Client error '403 ' for url 'https://openapiproext.bnf.fr/iiif/presentation/v3/ark:/12148/bpt6k37135718/manifest.json'
For more information check: https://developer.mozilla.org/en-US/docs/Web/HTTP/Status/403",2026-07-17T18:37:54.548537
lacroix,bpt6k3713572p,,failed,0,0,,http_manifest,known,403,manifest,"Client error '403 ' for url 'https://openapiproext.bnf.fr/iiif/presentation/v3/ark:/12148/bpt6k3713572p/manifest.json'
For more information check: https://developer.mozilla.org/en-US/docs/Web/HTTP/Status/403",2026-07-17T18:37:55.780509
lacroix,bpt6k37135733,,failed,0,0,,http_manifest,known,403,manifest,"Client error '403 ' for url 'https://openapiproext.bnf.fr/iiif/presentation/v3/ark:/12148/bpt6k37135733/manifest.json'
For more information check: https://developer.mozilla.org/en-US/docs/Web/HTTP/Status/403",2026-07-17T18:37:56.952396
lacroix,bpt6k3713574h,,failed,0,0,,http_manifest,known,403,manifest,"Client error '403 ' for url 'https://openapiproext.bnf.fr/iiif/presentation/v3/ark:/12148/bpt6k3713574h/manifest.json'
For more information check: https://developer.mozilla.org/en-US/docs/Web/HTTP/Status/403",2026-07-17T18:37:58.364518
lacroix,bpt6k3713575x,,failed,0,0,,http_manifest,known,403,manifest,"Client error '403 ' for url 'https://openapiproext.bnf.fr/iiif/presentation/v3/ark:/12148/bpt6k3713575x/manifest.json'
For more information check: https://developer.mozilla.org/en-US/docs/Web/HTTP/Status/403",2026-07-17T18:37:59.555135
lacroix,bpt6k3713576b,,failed,0,0,,http_manifest,known,403,manifest,"Client error '403 ' for url 'https://openapiproext.bnf.fr/iiif/presentation/v3/ark:/12148/bpt6k3713576b/manifest.json'
For more information check: https://developer.mozilla.org/en-US/docs/Web/HTTP/Status/403",2026-07-17T18:38:00.592682
lacroix,bpt6k3713577r,,failed,0,0,,http_manifest,known,403,manifest,"Client error '403 ' for url 'https://openapiproext.bnf.fr/iiif/presentation/v3/ark:/12148/bpt6k3713577r/manifest.json'
For more information check: https://developer.mozilla.org/en-US/docs/Web/HTTP/Status/403",2026-07-17T18:38:01.990917
lacroix,bpt6k37135785,,failed,0,0,,http_manifest,known,403,manifest,"Client error '403 ' for url 'https://openapiproext.bnf.fr/iiif/presentation/v3/ark:/12148/bpt6k37135785/manifest.json'
For more information check: https://developer.mozilla.org/en-US/docs/Web/HTTP/Status/403",2026-07-17T18:38:02.959857
lacroix,bpt6k3713579k,,failed,0,0,,http_manifest,known,403,manifest,"Client error '403 ' for url 'https://openapiproext.bnf.fr/iiif/presentation/v3/ark:/12148/bpt6k3713579k/manifest.json'
For more information check: https://developer.mozilla.org/en-US/docs/Web/HTTP/Status/403",2026-07-17T18:38:04.371078
lacroix,bpt6k37135807,,failed,0,0,,http_manifest,known,403,manifest,"Client error '403 ' for url 'https://openapiproext.bnf.fr/iiif/presentation/v3/ark:/12148/bpt6k37135807/manifest.json'
For more information check: https://developer.mozilla.org/en-US/docs/Web/HTTP/Status/403",2026-07-17T18:38:05.373868
lacroix,bpt6k3713581n,,failed,0,0,,http_manifest,known,403,manifest,"Client error '403 ' for url 'https://openapiproext.bnf.fr/iiif/presentation/v3/ark:/12148/bpt6k3713581n/manifest.json'
For more information check: https://developer.mozilla.org/en-US/docs/Web/HTTP/Status/403",2026-07-17T18:38:06.658947
lacroix,bpt6k37135822,,failed,0,0,,http_manifest,known,403,manifest,"Client error '403 ' for url 'https://openapiproext.bnf.fr/iiif/presentation/v3/ark:/12148/bpt6k37135822/manifest.json'
For more information check: https://developer.mozilla.org/en-US/docs/Web/HTTP/Status/403",2026-07-17T18:38:07.762296
lacroix,bpt6k3713583g,,failed,0,0,,http_manifest,known,403,manifest,"Client error '403 ' for url 'https://openapiproext.bnf.fr/iiif/presentation/v3/ark:/12148/bpt6k3713583g/manifest.json'
For more information check: https://developer.mozilla.org/en-US/docs/Web/HTTP/Status/403",2026-07-17T18:38:08.962254
lacroix,bpt6k3713584w,,failed,0,0,,http_manifest,known,403,manifest,"Client error '403 ' for url 'https://openapiproext.bnf.fr/iiif/presentation/v3/ark:/12148/bpt6k3713584w/manifest.json'
For more information check: https://developer.mozilla.org/en-US/docs/Web/HTTP/Status/403",2026-07-17T18:38:10.165244
lacroix,bpt6k37135859,,failed,0,0,,http_manifest,known,403,manifest,"Client error '403 ' for url 'https://openapiproext.bnf.fr/iiif/presentation/v3/ark:/12148/bpt6k37135859/manifest.json'
For more information check: https://developer.mozilla.org/en-US/docs/Web/HTTP/Status/403",2026-07-17T18:38:11.367427
lacroix,bpt6k3713586q,,failed,0,0,,http_manifest,known,403,manifest,"Client error '403 ' for url 'https://openapiproext.bnf.fr/iiif/presentation/v3/ark:/12148/bpt6k3713586q/manifest.json'
For more information check: https://developer.mozilla.org/en-US/docs/Web/HTTP/Status/403",2026-07-17T18:38:12.608240
lacroix,bpt6k37135874,,failed,0,0,,http_manifest,known,403,manifest,"Client error '403 ' for url 'https://openapiproext.bnf.fr/iiif/presentation/v3/ark:/12148/bpt6k37135874/manifest.json'
For more information check: https://developer.mozilla.org/en-US/docs/Web/HTTP/Status/403",2026-07-17T18:38:13.774661
lacroix,bpt6k3713588j,,failed,0,0,,http_manifest,known,403,manifest,"Client error '403 ' for url 'https://openapiproext.bnf.fr/iiif/presentation/v3/ark:/12148/bpt6k3713588j/manifest.json'
For more information check: https://developer.mozilla.org/en-US/docs/Web/HTTP/Status/403",2026-07-17T18:38:14.972494
lacroix,bpt6k3713589z,,failed,0,0,,http_manifest,known,403,manifest,"Client error '403 ' for url 'https://openapiproext.bnf.fr/iiif/presentation/v3/ark:/12148/bpt6k3713589z/manifest.json'
For more information check: https://developer.mozilla.org/en-US/docs/Web/HTTP/Status/403",2026-07-17T18:38:16.350323
lacroix,bpt6k3713590m,,failed,0,0,,http_manifest,known,403,manifest,"Client error '403 ' for url 'https://openapiproext.bnf.fr/iiif/presentation/v3/ark:/12148/bpt6k3713590m/manifest.json'
For more information check: https://developer.mozilla.org/en-US/docs/Web/HTTP/Status/403",2026-07-17T18:38:17.628281
lacroix,bpt6k37135911,,failed,0,0,,http_manifest,known,403,manifest,"Client error '403 ' for url 'https://openapiproext.bnf.fr/iiif/presentation/v3/ark:/12148/bpt6k37135911/manifest.json'
For more information check: https://developer.mozilla.org/en-US/docs/Web/HTTP/Status/403",2026-07-17T18:38:18.728913
lacroix,bpt6k3713592f,,failed,0,0,,http_manifest,known,403,manifest,"Client error '403 ' for url 'https://openapiproext.bnf.fr/iiif/presentation/v3/ark:/12148/bpt6k3713592f/manifest.json'
For more information check: https://developer.mozilla.org/en-US/docs/Web/HTTP/Status/403",2026-07-17T18:38:19.793047
lacroix,bpt6k3713593v,,failed,0,0,,http_manifest,known,403,manifest,"Client error '403 ' for url 'https://openapiproext.bnf.fr/iiif/presentation/v3/ark:/12148/bpt6k3713593v/manifest.json'
For more information check: https://developer.mozilla.org/en-US/docs/Web/HTTP/Status/403",2026-07-17T18:38:20.983037
lacroix,bpt6k37135948,,failed,0,0,,http_manifest,known,403,manifest,"Client error '403 ' for url 'https://openapiproext.bnf.fr/iiif/presentation/v3/ark:/12148/bpt6k37135948/manifest.json'
For more information check: https://developer.mozilla.org/en-US/docs/Web/HTTP/Status/403",2026-07-17T18:38:22.221970
lacroix,bpt6k3713595p,,failed,0,0,,http_manifest,known,403,manifest,"Client error '403 ' for url 'https://openapiproext.bnf.fr/iiif/presentation/v3/ark:/12148/bpt6k3713595p/manifest.json'
For more information check: https://developer.mozilla.org/en-US/docs/Web/HTTP/Status/403",2026-07-17T18:38:23.405020
lacroix,bpt6k37135963,,failed,0,0,,http_manifest,known,403,manifest,"Client error '403 ' for url 'https://openapiproext.bnf.fr/iiif/presentation/v3/ark:/12148/bpt6k37135963/manifest.json'
For more information check: https://developer.mozilla.org/en-US/docs/Web/HTTP/Status/403",2026-07-17T18:38:24.585078
lacroix,bpt6k3713597h,,failed,0,0,,http_manifest,known,403,manifest,"Client error '403 ' for url 'https://openapiproext.bnf.fr/iiif/presentation/v3/ark:/12148/bpt6k3713597h/manifest.json'
For more information check: https://developer.mozilla.org/en-US/docs/Web/HTTP/Status/403",2026-07-17T18:38:25.786363
lacroix,bpt6k3713598x,,failed,0,0,,http_manifest,known,403,manifest,"Client error '403 ' for url 'https://openapiproext.bnf.fr/iiif/presentation/v3/ark:/12148/bpt6k3713598x/manifest.json'
For more information check: https://developer.mozilla.org/en-US/docs/Web/HTTP/Status/403",2026-07-17T18:38:26.988900
lacroix,bpt6k3713599b,,failed,0,0,,http_manifest,known,403,manifest,"Client error '403 ' for url 'https://openapiproext.bnf.fr/iiif/presentation/v3/ark:/12148/bpt6k3713599b/manifest.json'
For more information check: https://developer.mozilla.org/en-US/docs/Web/HTTP/Status/403",2026-07-17T18:38:28.188523
lacroix,bpt6k3713600j,,failed,0,0,,http_manifest,known,403,manifest,"Client error '403 ' for url 'https://openapiproext.bnf.fr/iiif/presentation/v3/ark:/12148/bpt6k3713600j/manifest.json'
For more information check: https://developer.mozilla.org/en-US/docs/Web/HTTP/Status/403",2026-07-17T18:38:29.419857
lacroix,bpt6k3713601z,,failed,0,0,,http_manifest,known,403,manifest,"Client error '403 ' for url 'https://openapiproext.bnf.fr/iiif/presentation/v3/ark:/12148/bpt6k3713601z/manifest.json'
For more information check: https://developer.mozilla.org/en-US/docs/Web/HTTP/Status/403",2026-07-17T18:38:30.598062
lacroix,bpt6k3713602c,,failed,0,0,,http_manifest,known,403,manifest,"Client error '403 ' for url 'https://openapiproext.bnf.fr/iiif/presentation/v3/ark:/12148/bpt6k3713602c/manifest.json'
For more information check: https://developer.mozilla.org/en-US/docs/Web/HTTP/Status/403",2026-07-17T18:38:31.794161
lacroix,bpt6k3713603s,,failed,0,0,,http_manifest,known,403,manifest,"Client error '403 ' for url 'https://openapiproext.bnf.fr/iiif/presentation/v3/ark:/12148/bpt6k3713603s/manifest.json'
For more information check: https://developer.mozilla.org/en-US/docs/Web/HTTP/Status/403",2026-07-17T18:38:32.997091
lacroix,bpt6k37136046,,failed,0,0,,http_manifest,known,403,manifest,"Client error '403 ' for url 'https://openapiproext.bnf.fr/iiif/presentation/v3/ark:/12148/bpt6k37136046/manifest.json'
For more information check: https://developer.mozilla.org/en-US/docs/Web/HTTP/Status/403",2026-07-17T18:38:34.193723
lacroix,bpt6k3713605m,,failed,0,0,,http_manifest,known,403,manifest,"Client error '403 ' for url 'https://openapiproext.bnf.fr/iiif/presentation/v3/ark:/12148/bpt6k3713605m/manifest.json'
For more information check: https://developer.mozilla.org/en-US/docs/Web/HTTP/Status/403",2026-07-17T18:38:35.397035
lacroix,bpt6k37136061,,failed,0,0,,http_manifest,known,403,manifest,"Client error '403 ' for url 'https://openapiproext.bnf.fr/iiif/presentation/v3/ark:/12148/bpt6k37136061/manifest.json'
For more information check: https://developer.mozilla.org/en-US/docs/Web/HTTP/Status/403",2026-07-17T18:38:36.599481
lacroix,bpt6k3713607f,,failed,0,0,,http_manifest,known,403,manifest,"Client error '403 ' for url 'https://openapiproext.bnf.fr/iiif/presentation/v3/ark:/12148/bpt6k3713607f/manifest.json'
For more information check: https://developer.mozilla.org/en-US/docs/Web/HTTP/Status/403",2026-07-17T18:38:37.802007
lacroix,bpt6k3713608v,,failed,0,0,,http_manifest,known,403,manifest,"Client error '403 ' for url 'https://openapiproext.bnf.fr/iiif/presentation/v3/ark:/12148/bpt6k3713608v/manifest.json'
For more information check: https://developer.mozilla.org/en-US/docs/Web/HTTP/Status/403",2026-07-17T18:38:39.021463
lacroix,bpt6k37136098,,failed,0,0,,http_manifest,known,403,manifest,"Client error '403 ' for url 'https://openapiproext.bnf.fr/iiif/presentation/v3/ark:/12148/bpt6k37136098/manifest.json'
For more information check: https://developer.mozilla.org/en-US/docs/Web/HTTP/Status/403",2026-07-17T18:38:40.254257
lacroix,bpt6k3713610x,,failed,0,0,,http_manifest,known,403,manifest,"Client error '403 ' for url 'https://openapiproext.bnf.fr/iiif/presentation/v3/ark:/12148/bpt6k3713610x/manifest.json'
For more information check: https://developer.mozilla.org/en-US/docs/Web/HTTP/Status/403",2026-07-17T18:38:41.410821
lacroix,bpt6k3713611b,,failed,0,0,,http_manifest,known,403,manifest,"Client error '403 ' for url 'https://openapiproext.bnf.fr/iiif/presentation/v3/ark:/12148/bpt6k3713611b/manifest.json'
For more information check: https://developer.mozilla.org/en-US/docs/Web/HTTP/Status/403",2026-07-17T18:38:42.613460
lacroix,bpt6k3713612r,,failed,0,0,,http_manifest,known,403,manifest,"Client error '403 ' for url 'https://openapiproext.bnf.fr/iiif/presentation/v3/ark:/12148/bpt6k3713612r/manifest.json'
For more information check: https://developer.mozilla.org/en-US/docs/Web/HTTP/Status/403",2026-07-17T18:38:43.809418
lacroix,bpt6k37136135,,failed,0,0,,http_manifest,known,403,manifest,"Client error '403 ' for url 'https://openapiproext.bnf.fr/iiif/presentation/v3/ark:/12148/bpt6k37136135/manifest.json'
For more information check: https://developer.mozilla.org/en-US/docs/Web/HTTP/Status/403",2026-07-17T18:38:45.014684
lacroix,bpt6k3713614k,,failed,0,0,,http_manifest,known,403,manifest,"Client error '403 ' for url 'https://openapiproext.bnf.fr/iiif/presentation/v3/ark:/12148/bpt6k3713614k/manifest.json'
For more information check: https://developer.mozilla.org/en-US/docs/Web/HTTP/Status/403",2026-07-17T18:38:46.216387
lacroix,bpt6k37136150,,failed,0,0,,http_manifest,known,403,manifest,"Client error '403 ' for url 'https://openapiproext.bnf.fr/iiif/presentation/v3/ark:/12148/bpt6k37136150/manifest.json'
For more information check: https://developer.mozilla.org/en-US/docs/Web/HTTP/Status/403",2026-07-17T18:38:47.417169
lacroix,bpt6k3713616d,,failed,0,0,,http_manifest,known,403,manifest,"Client error '403 ' for url 'https://openapiproext.bnf.fr/iiif/presentation/v3/ark:/12148/bpt6k3713616d/manifest.json'
For more information check: https://developer.mozilla.org/en-US/docs/Web/HTTP/Status/403",2026-07-17T18:38:48.616252
lacroix,bpt6k3713617t,,failed,0,0,,http_manifest,known,403,manifest,"Client error '403 ' for url 'https://openapiproext.bnf.fr/iiif/presentation/v3/ark:/12148/bpt6k3713617t/manifest.json'
For more information check: https://developer.mozilla.org/en-US/docs/Web/HTTP/Status/403",2026-07-17T18:38:49.819467
lacroix,bpt6k37136187,,failed,0,0,,http_manifest,known,403,manifest,"Client error '403 ' for url 'https://openapiproext.bnf.fr/iiif/presentation/v3/ark:/12148/bpt6k37136187/manifest.json'
For more information check: https://developer.mozilla.org/en-US/docs/Web/HTTP/Status/403",2026-07-17T18:38:51.019299
lacroix,bpt6k3713619n,,failed,0,0,,http_manifest,known,403,manifest,"Client error '403 ' for url 'https://openapiproext.bnf.fr/iiif/presentation/v3/ark:/12148/bpt6k3713619n/manifest.json'
For more information check: https://developer.mozilla.org/en-US/docs/Web/HTTP/Status/403",2026-07-17T18:38:52.248923
lacroix,bpt6k37136209,,failed,0,0,,http_manifest,known,403,manifest,"Client error '403 ' for url 'https://openapiproext.bnf.fr/iiif/presentation/v3/ark:/12148/bpt6k37136209/manifest.json'
For more information check: https://developer.mozilla.org/en-US/docs/Web/HTTP/Status/403",2026-07-17T18:38:53.422835
lacroix,bpt6k3713621q,,failed,0,0,,http_manifest,known,403,manifest,"Client error '403 ' for url 'https://openapiproext.bnf.fr/iiif/presentation/v3/ark:/12148/bpt6k3713621q/manifest.json'
For more information check: https://developer.mozilla.org/en-US/docs/Web/HTTP/Status/403",2026-07-17T18:38:54.624853
lacroix,bpt6k37136224,,failed,0,0,,http_manifest,known,403,manifest,"Client error '403 ' for url 'https://openapiproext.bnf.fr/iiif/presentation/v3/ark:/12148/bpt6k37136224/manifest.json'
For more information check: https://developer.mozilla.org/en-US/docs/Web/HTTP/Status/403",2026-07-17T18:38:55.830767
lacroix,bpt6k3713623j,,failed,0,0,,http_manifest,known,403,manifest,"Client error '403 ' for url 'https://openapiproext.bnf.fr/iiif/presentation/v3/ark:/12148/bpt6k3713623j/manifest.json'
For more information check: https://developer.mozilla.org/en-US/docs/Web/HTTP/Status/403",2026-07-17T18:38:57.030250
lacroix,bpt6k3713624z,,failed,0,0,,http_manifest,known,403,manifest,"Client error '403 ' for url 'https://openapiproext.bnf.fr/iiif/presentation/v3/ark:/12148/bpt6k3713624z/manifest.json'
For more information check: https://developer.mozilla.org/en-US/docs/Web/HTTP/Status/403",2026-07-17T18:38:58.267453
lacroix,bpt6k3713625c,,failed,0,0,,http_manifest,known,403,manifest,"Client error '403 ' for url 'https://openapiproext.bnf.fr/iiif/presentation/v3/ark:/12148/bpt6k3713625c/manifest.json'
For more information check: https://developer.mozilla.org/en-US/docs/Web/HTTP/Status/403",2026-07-17T18:38:59.686964
lacroix,bpt6k3713626s,,failed,0,0,,http_manifest,known,403,manifest,"Client error '403 ' for url 'https://openapiproext.bnf.fr/iiif/presentation/v3/ark:/12148/bpt6k3713626s/manifest.json'
For more information check: https://developer.mozilla.org/en-US/docs/Web/HTTP/Status/403",2026-07-17T18:39:00.636811
lacroix,bpt6k37136276,,failed,0,0,,http_manifest,known,403,manifest,"Client error '403 ' for url 'https://openapiproext.bnf.fr/iiif/presentation/v3/ark:/12148/bpt6k37136276/manifest.json'
For more information check: https://developer.mozilla.org/en-US/docs/Web/HTTP/Status/403",2026-07-17T18:39:02.056268
lacroix,bpt6k3713628m,,failed,0,0,,http_manifest,known,403,manifest,"Client error '403 ' for url 'https://openapiproext.bnf.fr/iiif/presentation/v3/ark:/12148/bpt6k3713628m/manifest.json'
For more information check: https://developer.mozilla.org/en-US/docs/Web/HTTP/Status/403",2026-07-17T18:39:03.037355
lacroix,bpt6k37136291,,failed,0,0,,http_manifest,known,403,manifest,"Client error '403 ' for url 'https://openapiproext.bnf.fr/iiif/presentation/v3/ark:/12148/bpt6k37136291/manifest.json'
For more information check: https://developer.mozilla.org/en-US/docs/Web/HTTP/Status/403",2026-07-17T18:39:04.287976
lacroix,bpt6k3713630p,,failed,0,0,,http_manifest,known,403,manifest,"Client error '403 ' for url 'https://openapiproext.bnf.fr/iiif/presentation/v3/ark:/12148/bpt6k3713630p/manifest.json'
For more information check: https://developer.mozilla.org/en-US/docs/Web/HTTP/Status/403",2026-07-17T18:39:05.556430
lacroix,bpt6k37136313,,failed,0,0,,http_manifest,known,403,manifest,"Client error '403 ' for url 'https://openapiproext.bnf.fr/iiif/presentation/v3/ark:/12148/bpt6k37136313/manifest.json'
For more information check: https://developer.mozilla.org/en-US/docs/Web/HTTP/Status/403",2026-07-17T18:39:06.765927
lacroix,bpt6k3713632h,,failed,0,0,,http_manifest,known,403,manifest,"Client error '403 ' for url 'https://openapiproext.bnf.fr/iiif/presentation/v3/ark:/12148/bpt6k3713632h/manifest.json'
For more information check: https://developer.mozilla.org/en-US/docs/Web/HTTP/Status/403",2026-07-17T18:39:07.923586
lacroix,bpt6k3713633x,,failed,0,0,,http_manifest,known,403,manifest,"Client error '403 ' for url 'https://openapiproext.bnf.fr/iiif/presentation/v3/ark:/12148/bpt6k3713633x/manifest.json'
For more information check: https://developer.mozilla.org/en-US/docs/Web/HTTP/Status/403",2026-07-17T18:39:09.205204
lacroix,bpt6k3713634b,,failed,0,0,,http_manifest,known,403,manifest,"Client error '403 ' for url 'https://openapiproext.bnf.fr/iiif/presentation/v3/ark:/12148/bpt6k3713634b/manifest.json'
For more information check: https://developer.mozilla.org/en-US/docs/Web/HTTP/Status/403",2026-07-17T18:39:10.433592
lacroix,bpt6k3713635r,,failed,0,0,,http_manifest,known,403,manifest,"Client error '403 ' for url 'https://openapiproext.bnf.fr/iiif/presentation/v3/ark:/12148/bpt6k3713635r/manifest.json'
For more information check: https://developer.mozilla.org/en-US/docs/Web/HTTP/Status/403",2026-07-17T18:39:11.451142
lacroix,bpt6k37136365,,failed,0,0,,http_manifest,known,403,manifest,"Client error '403 ' for url 'https://openapiproext.bnf.fr/iiif/presentation/v3/ark:/12148/bpt6k37136365/manifest.json'
For more information check: https://developer.mozilla.org/en-US/docs/Web/HTTP/Status/403",2026-07-17T18:39:12.653516
lacroix,bpt6k3713637k,,failed,0,0,,http_manifest,known,403,manifest,"Client error '403 ' for url 'https://openapiproext.bnf.fr/iiif/presentation/v3/ark:/12148/bpt6k3713637k/manifest.json'
For more information check: https://developer.mozilla.org/en-US/docs/Web/HTTP/Status/403",2026-07-17T18:39:14.024961
lacroix,bpt6k37136380,,failed,0,0,,http_manifest,known,403,manifest,"Client error '403 ' for url 'https://openapiproext.bnf.fr/iiif/presentation/v3/ark:/12148/bpt6k37136380/manifest.json'
For more information check: https://developer.mozilla.org/en-US/docs/Web/HTTP/Status/403",2026-07-17T18:39:15.057219
lacroix,bpt6k3713639d,,failed,0,0,,http_manifest,known,403,manifest,"Client error '403 ' for url 'https://openapiproext.bnf.fr/iiif/presentation/v3/ark:/12148/bpt6k3713639d/manifest.json'
For more information check: https://developer.mozilla.org/en-US/docs/Web/HTTP/Status/403",2026-07-17T18:39:16.257372
lacroix,bpt6k37136402,,failed,0,0,,http_manifest,known,403,manifest,"Client error '403 ' for url 'https://openapiproext.bnf.fr/iiif/presentation/v3/ark:/12148/bpt6k37136402/manifest.json'
For more information check: https://developer.mozilla.org/en-US/docs/Web/HTTP/Status/403",2026-07-17T18:39:17.463254
lacroix,bpt6k3713641g,,failed,0,0,,http_manifest,known,403,manifest,"Client error '403 ' for url 'https://openapiproext.bnf.fr/iiif/presentation/v3/ark:/12148/bpt6k3713641g/manifest.json'
For more information check: https://developer.mozilla.org/en-US/docs/Web/HTTP/Status/403",2026-07-17T18:39:18.661042
lacroix,bpt6k3713642w,,failed,0,0,,http_manifest,known,403,manifest,"Client error '403 ' for url 'https://openapiproext.bnf.fr/iiif/presentation/v3/ark:/12148/bpt6k3713642w/manifest.json'
For more information check: https://developer.mozilla.org/en-US/docs/Web/HTTP/Status/403",2026-07-17T18:39:19.863771
lacroix,bpt6k37136439,,failed,0,0,,http_manifest,known,403,manifest,"Client error '403 ' for url 'https://openapiproext.bnf.fr/iiif/presentation/v3/ark:/12148/bpt6k37136439/manifest.json'
For more information check: https://developer.mozilla.org/en-US/docs/Web/HTTP/Status/403",2026-07-17T18:39:21.064587
lacroix,bpt6k3713644q,,failed,0,0,,http_manifest,known,403,manifest,"Client error '403 ' for url 'https://openapiproext.bnf.fr/iiif/presentation/v3/ark:/12148/bpt6k3713644q/manifest.json'
For more information check: https://developer.mozilla.org/en-US/docs/Web/HTTP/Status/403",2026-07-17T18:39:22.289699
lacroix,bpt6k37136454,,failed,0,0,,http_manifest,known,403,manifest,"Client error '403 ' for url 'https://openapiproext.bnf.fr/iiif/presentation/v3/ark:/12148/bpt6k37136454/manifest.json'
For more information check: https://developer.mozilla.org/en-US/docs/Web/HTTP/Status/403",2026-07-17T18:39:23.468303
lacroix,bpt6k3713646j,,failed,0,0,,http_manifest,known,403,manifest,"Client error '403 ' for url 'https://openapiproext.bnf.fr/iiif/presentation/v3/ark:/12148/bpt6k3713646j/manifest.json'
For more information check: https://developer.mozilla.org/en-US/docs/Web/HTTP/Status/403",2026-07-17T18:39:24.672311
lacroix,bpt6k3713647z,,failed,0,0,,http_manifest,known,403,manifest,"Client error '403 ' for url 'https://openapiproext.bnf.fr/iiif/presentation/v3/ark:/12148/bpt6k3713647z/manifest.json'
For more information check: https://developer.mozilla.org/en-US/docs/Web/HTTP/Status/403",2026-07-17T18:39:25.870551
lacroix,bpt6k3713648c,,failed,0,0,,http_manifest,known,403,manifest,"Client error '403 ' for url 'https://openapiproext.bnf.fr/iiif/presentation/v3/ark:/12148/bpt6k3713648c/manifest.json'
For more information check: https://developer.mozilla.org/en-US/docs/Web/HTTP/Status/403",2026-07-17T18:39:27.070493
lacroix,bpt6k3713649s,,failed,0,0,,http_manifest,known,403,manifest,"Client error '403 ' for url 'https://openapiproext.bnf.fr/iiif/presentation/v3/ark:/12148/bpt6k3713649s/manifest.json'
For more information check: https://developer.mozilla.org/en-US/docs/Web/HTTP/Status/403",2026-07-17T18:39:28.301820
lacroix,bpt6k3713650f,,failed,0,0,,http_manifest,known,403,manifest,"Client error '403 ' for url 'https://openapiproext.bnf.fr/iiif/presentation/v3/ark:/12148/bpt6k3713650f/manifest.json'
For more information check: https://developer.mozilla.org/en-US/docs/Web/HTTP/Status/403",2026-07-17T18:39:29.491545
lacroix,bpt6k3713651v,,failed,0,0,,http_manifest,known,403,manifest,"Client error '403 ' for url 'https://openapiproext.bnf.fr/iiif/presentation/v3/ark:/12148/bpt6k3713651v/manifest.json'
For more information check: https://developer.mozilla.org/en-US/docs/Web/HTTP/Status/403",2026-07-17T18:39:30.673713
lacroix,bpt6k37136528,,failed,0,0,,http_manifest,known,403,manifest,"Client error '403 ' for url 'https://openapiproext.bnf.fr/iiif/presentation/v3/ark:/12148/bpt6k37136528/manifest.json'
For more information check: https://developer.mozilla.org/en-US/docs/Web/HTTP/Status/403",2026-07-17T18:39:31.880571
lacroix,bpt6k3713653p,,failed,0,0,,http_manifest,known,403,manifest,"Client error '403 ' for url 'https://openapiproext.bnf.fr/iiif/presentation/v3/ark:/12148/bpt6k3713653p/manifest.json'
For more information check: https://developer.mozilla.org/en-US/docs/Web/HTTP/Status/403",2026-07-17T18:39:33.079185
lacroix,bpt6k37136543,,failed,0,0,,http_manifest,known,403,manifest,"Client error '403 ' for url 'https://openapiproext.bnf.fr/iiif/presentation/v3/ark:/12148/bpt6k37136543/manifest.json'
For more information check: https://developer.mozilla.org/en-US/docs/Web/HTTP/Status/403",2026-07-17T18:39:34.285901
lacroix,bpt6k3713655h,,failed,0,0,,http_manifest,known,403,manifest,"Client error '403 ' for url 'https://openapiproext.bnf.fr/iiif/presentation/v3/ark:/12148/bpt6k3713655h/manifest.json'
For more information check: https://developer.mozilla.org/en-US/docs/Web/HTTP/Status/403",2026-07-17T18:39:35.486388
lacroix,bpt6k3713656x,,failed,0,0,,http_manifest,known,403,manifest,"Client error '403 ' for url 'https://openapiproext.bnf.fr/iiif/presentation/v3/ark:/12148/bpt6k3713656x/manifest.json'
For more information check: https://developer.mozilla.org/en-US/docs/Web/HTTP/Status/403",2026-07-17T18:39:36.690817
lacroix,bpt6k3713657b,,failed,0,0,,http_manifest,known,403,manifest,"Client error '403 ' for url 'https://openapiproext.bnf.fr/iiif/presentation/v3/ark:/12148/bpt6k3713657b/manifest.json'
For more information check: https://developer.mozilla.org/en-US/docs/Web/HTTP/Status/403",2026-07-17T18:39:37.886820
lacroix,bpt6k3713658r,,failed,0,0,,http_manifest,known,403,manifest,"Client error '403 ' for url 'https://openapiproext.bnf.fr/iiif/presentation/v3/ark:/12148/bpt6k3713658r/manifest.json'
For more information check: https://developer.mozilla.org/en-US/docs/Web/HTTP/Status/403",2026-07-17T18:39:39.088734
lacroix,bpt6k37136595,,failed,0,0,,http_manifest,known,403,manifest,"Client error '403 ' for url 'https://openapiproext.bnf.fr/iiif/presentation/v3/ark:/12148/bpt6k37136595/manifest.json'
For more information check: https://developer.mozilla.org/en-US/docs/Web/HTTP/Status/403",2026-07-17T18:39:40.329991
lacroix,bpt6k3713660t,,failed,0,0,,http_manifest,known,403,manifest,"Client error '403 ' for url 'https://openapiproext.bnf.fr/iiif/presentation/v3/ark:/12148/bpt6k3713660t/manifest.json'
For more information check: https://developer.mozilla.org/en-US/docs/Web/HTTP/Status/403",2026-07-17T18:39:41.495172
lacroix,bpt6k37136617,,failed,0,0,,http_manifest,known,403,manifest,"Client error '403 ' for url 'https://openapiproext.bnf.fr/iiif/presentation/v3/ark:/12148/bpt6k37136617/manifest.json'
For more information check: https://developer.mozilla.org/en-US/docs/Web/HTTP/Status/403",2026-07-17T18:39:42.696884
lacroix,bpt6k3713662n,,failed,0,0,,http_manifest,known,403,manifest,"Client error '403 ' for url 'https://openapiproext.bnf.fr/iiif/presentation/v3/ark:/12148/bpt6k3713662n/manifest.json'
For more information check: https://developer.mozilla.org/en-US/docs/Web/HTTP/Status/403",2026-07-17T18:39:43.898939
lacroix,bpt6k37136632,,failed,0,0,,http_manifest,known,403,manifest,"Client error '403 ' for url 'https://openapiproext.bnf.fr/iiif/presentation/v3/ark:/12148/bpt6k37136632/manifest.json'
For more information check: https://developer.mozilla.org/en-US/docs/Web/HTTP/Status/403",2026-07-17T18:39:45.100899
lacroix,bpt6k3713664g,,failed,0,0,,http_manifest,known,403,manifest,"Client error '403 ' for url 'https://openapiproext.bnf.fr/iiif/presentation/v3/ark:/12148/bpt6k3713664g/manifest.json'
For more information check: https://developer.mozilla.org/en-US/docs/Web/HTTP/Status/403",2026-07-17T18:39:46.302012
lacroix,bpt6k3713665w,,failed,0,0,,http_manifest,known,403,manifest,"Client error '403 ' for url 'https://openapiproext.bnf.fr/iiif/presentation/v3/ark:/12148/bpt6k3713665w/manifest.json'
For more information check: https://developer.mozilla.org/en-US/docs/Web/HTTP/Status/403",2026-07-17T18:39:47.500443
lacroix,bpt6k37136669,,failed,0,0,,http_manifest,known,403,manifest,"Client error '403 ' for url 'https://openapiproext.bnf.fr/iiif/presentation/v3/ark:/12148/bpt6k37136669/manifest.json'
For more information check: https://developer.mozilla.org/en-US/docs/Web/HTTP/Status/403",2026-07-17T18:39:48.716515
lacroix,bpt6k3713667q,,failed,0,0,,http_manifest,known,403,manifest,"Client error '403 ' for url 'https://openapiproext.bnf.fr/iiif/presentation/v3/ark:/12148/bpt6k3713667q/manifest.json'
For more information check: https://developer.mozilla.org/en-US/docs/Web/HTTP/Status/403",2026-07-17T18:39:49.906084
lacroix,bpt6k37136684,,failed,0,0,,http_manifest,known,403,manifest,"Client error '403 ' for url 'https://openapiproext.bnf.fr/iiif/presentation/v3/ark:/12148/bpt6k37136684/manifest.json'
For more information check: https://developer.mozilla.org/en-US/docs/Web/HTTP/Status/403",2026-07-17T18:39:51.108829
lacroix,bpt6k3713669j,,failed,0,0,,http_manifest,known,403,manifest,"Client error '403 ' for url 'https://openapiproext.bnf.fr/iiif/presentation/v3/ark:/12148/bpt6k3713669j/manifest.json'
For more information check: https://developer.mozilla.org/en-US/docs/Web/HTTP/Status/403",2026-07-17T18:39:52.332940
lacroix,bpt6k37136706,,failed,0,0,,http_manifest,known,403,manifest,"Client error '403 ' for url 'https://openapiproext.bnf.fr/iiif/presentation/v3/ark:/12148/bpt6k37136706/manifest.json'
For more information check: https://developer.mozilla.org/en-US/docs/Web/HTTP/Status/403",2026-07-17T18:39:53.511838
lacroix,bpt6k3713671m,,failed,0,0,,http_manifest,known,403,manifest,"Client error '403 ' for url 'https://openapiproext.bnf.fr/iiif/presentation/v3/ark:/12148/bpt6k3713671m/manifest.json'
For more information check: https://developer.mozilla.org/en-US/docs/Web/HTTP/Status/403",2026-07-17T18:39:54.713091
lacroix,bpt6k37136721,,failed,0,0,,http_manifest,known,403,manifest,"Client error '403 ' for url 'https://openapiproext.bnf.fr/iiif/presentation/v3/ark:/12148/bpt6k37136721/manifest.json'
For more information check: https://developer.mozilla.org/en-US/docs/Web/HTTP/Status/403",2026-07-17T18:39:55.912094
lacroix,bpt6k3713673f,,failed,0,0,,http_manifest,known,403,manifest,"Client error '403 ' for url 'https://openapiproext.bnf.fr/iiif/presentation/v3/ark:/12148/bpt6k3713673f/manifest.json'
For more information check: https://developer.mozilla.org/en-US/docs/Web/HTTP/Status/403",2026-07-17T18:39:57.117167
lacroix,bpt6k3713674v,,failed,0,0,,http_manifest,known,403,manifest,"Client error '403 ' for url 'https://openapiproext.bnf.fr/iiif/presentation/v3/ark:/12148/bpt6k3713674v/manifest.json'
For more information check: https://developer.mozilla.org/en-US/docs/Web/HTTP/Status/403",2026-07-17T18:39:58.514352
lacroix,bpt6k37136758,,failed,0,0,,http_manifest,known,403,manifest,"Client error '403 ' for url 'https://openapiproext.bnf.fr/iiif/presentation/v3/ark:/12148/bpt6k37136758/manifest.json'
For more information check: https://developer.mozilla.org/en-US/docs/Web/HTTP/Status/403",2026-07-17T18:39:59.640157
lacroix,bpt6k3713676p,,failed,0,0,,http_manifest,known,403,manifest,"Client error '403 ' for url 'https://openapiproext.bnf.fr/iiif/presentation/v3/ark:/12148/bpt6k3713676p/manifest.json'
For more information check: https://developer.mozilla.org/en-US/docs/Web/HTTP/Status/403",2026-07-17T18:40:00.728627
lacroix,bpt6k37136773,,failed,0,0,,http_manifest,known,403,manifest,"Client error '403 ' for url 'https://openapiproext.bnf.fr/iiif/presentation/v3/ark:/12148/bpt6k37136773/manifest.json'
For more information check: https://developer.mozilla.org/en-US/docs/Web/HTTP/Status/403",2026-07-17T18:40:02.045867
lacroix,bpt6k3713678h,,failed,0,0,,http_manifest,known,403,manifest,"Client error '403 ' for url 'https://openapiproext.bnf.fr/iiif/presentation/v3/ark:/12148/bpt6k3713678h/manifest.json'
For more information check: https://developer.mozilla.org/en-US/docs/Web/HTTP/Status/403",2026-07-17T18:40:03.125751
lacroix,bpt6k3713679x,,failed,0,0,,http_manifest,known,403,manifest,"Client error '403 ' for url 'https://openapiproext.bnf.fr/iiif/presentation/v3/ark:/12148/bpt6k3713679x/manifest.json'
For more information check: https://developer.mozilla.org/en-US/docs/Web/HTTP/Status/403",2026-07-17T18:40:04.538423
lacroix,bpt6k3713680k,,failed,0,0,,http_manifest,known,403,manifest,"Client error '403 ' for url 'https://openapiproext.bnf.fr/iiif/presentation/v3/ark:/12148/bpt6k3713680k/manifest.json'
For more information check: https://developer.mozilla.org/en-US/docs/Web/HTTP/Status/403",2026-07-17T18:40:05.593979
lacroix,bpt6k37136810,,failed,0,0,,http_manifest,known,403,manifest,"Client error '403 ' for url 'https://openapiproext.bnf.fr/iiif/presentation/v3/ark:/12148/bpt6k37136810/manifest.json'
For more information check: https://developer.mozilla.org/en-US/docs/Web/HTTP/Status/403",2026-07-17T18:40:06.800074
lacroix,bpt6k3713682d,,failed,0,0,,http_manifest,known,403,manifest,"Client error '403 ' for url 'https://openapiproext.bnf.fr/iiif/presentation/v3/ark:/12148/bpt6k3713682d/manifest.json'
For more information check: https://developer.mozilla.org/en-US/docs/Web/HTTP/Status/403",2026-07-17T18:40:07.929981
lacroix,bpt6k3713683t,,failed,0,0,,http_manifest,known,403,manifest,"Client error '403 ' for url 'https://openapiproext.bnf.fr/iiif/presentation/v3/ark:/12148/bpt6k3713683t/manifest.json'
For more information check: https://developer.mozilla.org/en-US/docs/Web/HTTP/Status/403",2026-07-17T18:40:09.133137
lacroix,bpt6k37136847,,failed,0,0,,http_manifest,known,403,manifest,"Client error '403 ' for url 'https://openapiproext.bnf.fr/iiif/presentation/v3/ark:/12148/bpt6k37136847/manifest.json'
For more information check: https://developer.mozilla.org/en-US/docs/Web/HTTP/Status/403",2026-07-17T18:40:10.363330
lacroix,bpt6k3713685n,,failed,0,0,,http_manifest,known,403,manifest,"Client error '403 ' for url 'https://openapiproext.bnf.fr/iiif/presentation/v3/ark:/12148/bpt6k3713685n/manifest.json'
For more information check: https://developer.mozilla.org/en-US/docs/Web/HTTP/Status/403",2026-07-17T18:40:11.669210
lacroix,bpt6k37136862,,failed,0,0,,http_manifest,known,403,manifest,"Client error '403 ' for url 'https://openapiproext.bnf.fr/iiif/presentation/v3/ark:/12148/bpt6k37136862/manifest.json'
For more information check: https://developer.mozilla.org/en-US/docs/Web/HTTP/Status/403",2026-07-17T18:40:12.738102
lacroix,bpt6k3713687g,,failed,0,0,,http_manifest,known,403,manifest,"Client error '403 ' for url 'https://openapiproext.bnf.fr/iiif/presentation/v3/ark:/12148/bpt6k3713687g/manifest.json'
For more information check: https://developer.mozilla.org/en-US/docs/Web/HTTP/Status/403",2026-07-17T18:40:14.146442
lacroix,bpt6k3713688w,,failed,0,0,,http_manifest,known,403,manifest,"Client error '403 ' for url 'https://openapiproext.bnf.fr/iiif/presentation/v3/ark:/12148/bpt6k3713688w/manifest.json'
For more information check: https://developer.mozilla.org/en-US/docs/Web/HTTP/Status/403",2026-07-17T18:40:15.145222
lacroix,bpt6k37136899,,failed,0,0,,http_manifest,known,403,manifest,"Client error '403 ' for url 'https://openapiproext.bnf.fr/iiif/presentation/v3/ark:/12148/bpt6k37136899/manifest.json'
For more information check: https://developer.mozilla.org/en-US/docs/Web/HTTP/Status/403",2026-07-17T18:40:16.371435
lacroix,bpt6k3713690z,,failed,0,0,,http_manifest,known,403,manifest,"Client error '403 ' for url 'https://openapiproext.bnf.fr/iiif/presentation/v3/ark:/12148/bpt6k3713690z/manifest.json'
For more information check: https://developer.mozilla.org/en-US/docs/Web/HTTP/Status/403",2026-07-17T18:40:17.686890
lacroix,bpt6k3713691c,,failed,0,0,,http_manifest,known,403,manifest,"Client error '403 ' for url 'https://openapiproext.bnf.fr/iiif/presentation/v3/ark:/12148/bpt6k3713691c/manifest.json'
For more information check: https://developer.mozilla.org/en-US/docs/Web/HTTP/Status/403",2026-07-17T18:40:19.001097
lacroix,bpt6k3713692s,,failed,0,0,,http_manifest,known,403,manifest,"Client error '403 ' for url 'https://openapiproext.bnf.fr/iiif/presentation/v3/ark:/12148/bpt6k3713692s/manifest.json'
For more information check: https://developer.mozilla.org/en-US/docs/Web/HTTP/Status/403",2026-07-17T18:40:19.953013
lacroix,bpt6k37136936,,failed,0,0,,http_manifest,known,403,manifest,"Client error '403 ' for url 'https://openapiproext.bnf.fr/iiif/presentation/v3/ark:/12148/bpt6k37136936/manifest.json'
For more information check: https://developer.mozilla.org/en-US/docs/Web/HTTP/Status/403",2026-07-17T18:40:21.153433
lacroix,bpt6k3713694m,,failed,0,0,,http_manifest,known,403,manifest,"Client error '403 ' for url 'https://openapiproext.bnf.fr/iiif/presentation/v3/ark:/12148/bpt6k3713694m/manifest.json'
For more information check: https://developer.mozilla.org/en-US/docs/Web/HTTP/Status/403",2026-07-17T18:40:22.356769
lacroix,bpt6k37136951,,failed,0,0,,http_manifest,known,403,manifest,"Client error '403 ' for url 'https://openapiproext.bnf.fr/iiif/presentation/v3/ark:/12148/bpt6k37136951/manifest.json'
For more information check: https://developer.mozilla.org/en-US/docs/Web/HTTP/Status/403",2026-07-17T18:40:23.555202
lacroix,bpt6k3713696f,,failed,0,0,,http_manifest,known,403,manifest,"Client error '403 ' for url 'https://openapiproext.bnf.fr/iiif/presentation/v3/ark:/12148/bpt6k3713696f/manifest.json'
For more information check: https://developer.mozilla.org/en-US/docs/Web/HTTP/Status/403",2026-07-17T18:40:24.754625
lacroix,bpt6k3713697v,,failed,0,0,,http_manifest,known,403,manifest,"Client error '403 ' for url 'https://openapiproext.bnf.fr/iiif/presentation/v3/ark:/12148/bpt6k3713697v/manifest.json'
For more information check: https://developer.mozilla.org/en-US/docs/Web/HTTP/Status/403",2026-07-17T18:40:25.959289
lacroix,bpt6k37136988,,failed,0,0,,http_manifest,known,403,manifest,"Client error '403 ' for url 'https://openapiproext.bnf.fr/iiif/presentation/v3/ark:/12148/bpt6k37136988/manifest.json'
For more information check: https://developer.mozilla.org/en-US/docs/Web/HTTP/Status/403",2026-07-17T18:40:27.160129
lacroix,bpt6k3713699p,,failed,0,0,,http_manifest,known,403,manifest,"Client error '403 ' for url 'https://openapiproext.bnf.fr/iiif/presentation/v3/ark:/12148/bpt6k3713699p/manifest.json'
For more information check: https://developer.mozilla.org/en-US/docs/Web/HTTP/Status/403",2026-07-17T18:40:28.387952
lacroix,bpt6k3713700w,,failed,0,0,,http_manifest,known,403,manifest,"Client error '403 ' for url 'https://openapiproext.bnf.fr/iiif/presentation/v3/ark:/12148/bpt6k3713700w/manifest.json'
For more information check: https://developer.mozilla.org/en-US/docs/Web/HTTP/Status/403",2026-07-17T18:40:29.563619
lacroix,bpt6k37137019,,failed,0,0,,http_manifest,known,403,manifest,"Client error '403 ' for url 'https://openapiproext.bnf.fr/iiif/presentation/v3/ark:/12148/bpt6k37137019/manifest.json'
For more information check: https://developer.mozilla.org/en-US/docs/Web/HTTP/Status/403",2026-07-17T18:40:30.764212
lacroix,bpt6k3713702q,,failed,0,0,,http_manifest,known,403,manifest,"Client error '403 ' for url 'https://openapiproext.bnf.fr/iiif/presentation/v3/ark:/12148/bpt6k3713702q/manifest.json'
For more information check: https://developer.mozilla.org/en-US/docs/Web/HTTP/Status/403",2026-07-17T18:40:31.961215
lacroix,bpt6k37137034,,failed,0,0,,http_manifest,known,403,manifest,"Client error '403 ' for url 'https://openapiproext.bnf.fr/iiif/presentation/v3/ark:/12148/bpt6k37137034/manifest.json'
For more information check: https://developer.mozilla.org/en-US/docs/Web/HTTP/Status/403",2026-07-17T18:40:33.166110
lacroix,bpt6k3713704j,,failed,0,0,,http_manifest,known,403,manifest,"Client error '403 ' for url 'https://openapiproext.bnf.fr/iiif/presentation/v3/ark:/12148/bpt6k3713704j/manifest.json'
For more information check: https://developer.mozilla.org/en-US/docs/Web/HTTP/Status/403",2026-07-17T18:40:34.370011
lacroix,bpt6k3713705z,,failed,0,0,,http_manifest,known,403,manifest,"Client error '403 ' for url 'https://openapiproext.bnf.fr/iiif/presentation/v3/ark:/12148/bpt6k3713705z/manifest.json'
For more information check: https://developer.mozilla.org/en-US/docs/Web/HTTP/Status/403",2026-07-17T18:40:35.572415
lacroix,bpt6k3713706c,,failed,0,0,,http_manifest,known,403,manifest,"Client error '403 ' for url 'https://openapiproext.bnf.fr/iiif/presentation/v3/ark:/12148/bpt6k3713706c/manifest.json'
For more information check: https://developer.mozilla.org/en-US/docs/Web/HTTP/Status/403",2026-07-17T18:40:36.776043
lacroix,bpt6k3713707s,,failed,0,0,,http_manifest,known,403,manifest,"Client error '403 ' for url 'https://openapiproext.bnf.fr/iiif/presentation/v3/ark:/12148/bpt6k3713707s/manifest.json'
For more information check: https://developer.mozilla.org/en-US/docs/Web/HTTP/Status/403",2026-07-17T18:40:37.979700
lacroix,bpt6k37137086,,failed,0,0,,http_manifest,known,403,manifest,"Client error '403 ' for url 'https://openapiproext.bnf.fr/iiif/presentation/v3/ark:/12148/bpt6k37137086/manifest.json'
For more information check: https://developer.mozilla.org/en-US/docs/Web/HTTP/Status/403",2026-07-17T18:40:39.174039
lacroix,bpt6k3713709m,,failed,0,0,,http_manifest,known,403,manifest,"Client error '403 ' for url 'https://openapiproext.bnf.fr/iiif/presentation/v3/ark:/12148/bpt6k3713709m/manifest.json'
For more information check: https://developer.mozilla.org/en-US/docs/Web/HTTP/Status/403",2026-07-17T18:40:40.410468
lacroix,bpt6k37137108,,failed,0,0,,http_manifest,known,403,manifest,"Client error '403 ' for url 'https://openapiproext.bnf.fr/iiif/presentation/v3/ark:/12148/bpt6k37137108/manifest.json'
For more information check: https://developer.mozilla.org/en-US/docs/Web/HTTP/Status/403",2026-07-17T18:40:41.585948
lacroix,bpt6k3713711p,,failed,0,0,,http_manifest,known,403,manifest,"Client error '403 ' for url 'https://openapiproext.bnf.fr/iiif/presentation/v3/ark:/12148/bpt6k3713711p/manifest.json'
For more information check: https://developer.mozilla.org/en-US/docs/Web/HTTP/Status/403",2026-07-17T18:40:42.778602
lacroix,bpt6k37137123,,failed,0,0,,http_manifest,known,403,manifest,"Client error '403 ' for url 'https://openapiproext.bnf.fr/iiif/presentation/v3/ark:/12148/bpt6k37137123/manifest.json'
For more information check: https://developer.mozilla.org/en-US/docs/Web/HTTP/Status/403",2026-07-17T18:40:43.982906
lacroix,bpt6k3713713h,,failed,0,0,,http_manifest,known,403,manifest,"Client error '403 ' for url 'https://openapiproext.bnf.fr/iiif/presentation/v3/ark:/12148/bpt6k3713713h/manifest.json'
For more information check: https://developer.mozilla.org/en-US/docs/Web/HTTP/Status/403",2026-07-17T18:40:45.190064
lacroix,bpt6k3713714x,,failed,0,0,,http_manifest,known,403,manifest,"Client error '403 ' for url 'https://openapiproext.bnf.fr/iiif/presentation/v3/ark:/12148/bpt6k3713714x/manifest.json'
For more information check: https://developer.mozilla.org/en-US/docs/Web/HTTP/Status/403",2026-07-17T18:40:46.383516
lacroix,bpt6k3713715b,,failed,0,0,,http_manifest,known,403,manifest,"Client error '403 ' for url 'https://openapiproext.bnf.fr/iiif/presentation/v3/ark:/12148/bpt6k3713715b/manifest.json'
For more information check: https://developer.mozilla.org/en-US/docs/Web/HTTP/Status/403",2026-07-17T18:40:47.588440
lacroix,bpt6k3713716r,,failed,0,0,,http_manifest,known,403,manifest,"Client error '403 ' for url 'https://openapiproext.bnf.fr/iiif/presentation/v3/ark:/12148/bpt6k3713716r/manifest.json'
For more information check: https://developer.mozilla.org/en-US/docs/Web/HTTP/Status/403",2026-07-17T18:40:48.790406
lacroix,bpt6k37137175,,failed,0,0,,http_manifest,known,403,manifest,"Client error '403 ' for url 'https://openapiproext.bnf.fr/iiif/presentation/v3/ark:/12148/bpt6k37137175/manifest.json'
For more information check: https://developer.mozilla.org/en-US/docs/Web/HTTP/Status/403",2026-07-17T18:40:49.997597
lacroix,bpt6k3713718k,,failed,0,0,,http_manifest,known,403,manifest,"Client error '403 ' for url 'https://openapiproext.bnf.fr/iiif/presentation/v3/ark:/12148/bpt6k3713718k/manifest.json'
For more information check: https://developer.mozilla.org/en-US/docs/Web/HTTP/Status/403",2026-07-17T18:40:51.206100
lacroix,bpt6k37137190,,failed,0,0,,http_manifest,known,403,manifest,"Client error '403 ' for url 'https://openapiproext.bnf.fr/iiif/presentation/v3/ark:/12148/bpt6k37137190/manifest.json'
For more information check: https://developer.mozilla.org/en-US/docs/Web/HTTP/Status/403",2026-07-17T18:40:52.416245
lacroix,bpt6k3713720n,,failed,0,0,,http_manifest,known,403,manifest,"Client error '403 ' for url 'https://openapiproext.bnf.fr/iiif/presentation/v3/ark:/12148/bpt6k3713720n/manifest.json'
For more information check: https://developer.mozilla.org/en-US/docs/Web/HTTP/Status/403",2026-07-17T18:40:53.590973
lacroix,bpt6k37137212,,failed,0,0,,http_manifest,known,403,manifest,"Client error '403 ' for url 'https://openapiproext.bnf.fr/iiif/presentation/v3/ark:/12148/bpt6k37137212/manifest.json'
For more information check: https://developer.mozilla.org/en-US/docs/Web/HTTP/Status/403",2026-07-17T18:40:54.794029
lacroix,bpt6k3713722g,,failed,0,0,,http_manifest,known,403,manifest,"Client error '403 ' for url 'https://openapiproext.bnf.fr/iiif/presentation/v3/ark:/12148/bpt6k3713722g/manifest.json'
For more information check: https://developer.mozilla.org/en-US/docs/Web/HTTP/Status/403",2026-07-17T18:40:55.994437
lacroix,bpt6k3713723w,,failed,0,0,,http_manifest,known,403,manifest,"Client error '403 ' for url 'https://openapiproext.bnf.fr/iiif/presentation/v3/ark:/12148/bpt6k3713723w/manifest.json'
For more information check: https://developer.mozilla.org/en-US/docs/Web/HTTP/Status/403",2026-07-17T18:40:57.203164
lacroix,bpt6k37137249,,failed,0,0,,http_manifest,known,403,manifest,"Client error '403 ' for url 'https://openapiproext.bnf.fr/iiif/presentation/v3/ark:/12148/bpt6k37137249/manifest.json'
For more information check: https://developer.mozilla.org/en-US/docs/Web/HTTP/Status/403",2026-07-17T18:40:58.628539
lacroix,bpt6k3713725q,,failed,0,0,,http_manifest,known,403,manifest,"Client error '403 ' for url 'https://openapiproext.bnf.fr/iiif/presentation/v3/ark:/12148/bpt6k3713725q/manifest.json'
For more information check: https://developer.mozilla.org/en-US/docs/Web/HTTP/Status/403",2026-07-17T18:40:59.808545
lacroix,bpt6k37137264,,failed,0,0,,http_manifest,known,403,manifest,"Client error '403 ' for url 'https://openapiproext.bnf.fr/iiif/presentation/v3/ark:/12148/bpt6k37137264/manifest.json'
For more information check: https://developer.mozilla.org/en-US/docs/Web/HTTP/Status/403",2026-07-17T18:41:00.807907
lacroix,bpt6k3713727j,,failed,0,0,,http_manifest,known,403,manifest,"Client error '403 ' for url 'https://openapiproext.bnf.fr/iiif/presentation/v3/ark:/12148/bpt6k3713727j/manifest.json'
For more information check: https://developer.mozilla.org/en-US/docs/Web/HTTP/Status/403",2026-07-17T18:41:02.013560
lacroix,bpt6k3713728z,,failed,0,0,,http_manifest,known,403,manifest,"Client error '403 ' for url 'https://openapiproext.bnf.fr/iiif/presentation/v3/ark:/12148/bpt6k3713728z/manifest.json'
For more information check: https://developer.mozilla.org/en-US/docs/Web/HTTP/Status/403",2026-07-17T18:41:03.234087
lacroix,bpt6k3713729c,,failed,0,0,,http_manifest,known,403,manifest,"Client error '403 ' for url 'https://openapiproext.bnf.fr/iiif/presentation/v3/ark:/12148/bpt6k3713729c/manifest.json'
For more information check: https://developer.mozilla.org/en-US/docs/Web/HTTP/Status/403",2026-07-17T18:41:04.582743
lacroix,bpt6k37137301,,failed,0,0,,http_manifest,known,403,manifest,"Client error '403 ' for url 'https://openapiproext.bnf.fr/iiif/presentation/v3/ark:/12148/bpt6k37137301/manifest.json'
For more information check: https://developer.mozilla.org/en-US/docs/Web/HTTP/Status/403",2026-07-17T18:41:05.639363
lacroix,bpt6k3713731f,,failed,0,0,,http_manifest,known,403,manifest,"Client error '403 ' for url 'https://openapiproext.bnf.fr/iiif/presentation/v3/ark:/12148/bpt6k3713731f/manifest.json'
For more information check: https://developer.mozilla.org/en-US/docs/Web/HTTP/Status/403",2026-07-17T18:41:06.811265
lacroix,bpt6k3713732v,,failed,0,0,,http_manifest,known,403,manifest,"Client error '403 ' for url 'https://openapiproext.bnf.fr/iiif/presentation/v3/ark:/12148/bpt6k3713732v/manifest.json'
For more information check: https://developer.mozilla.org/en-US/docs/Web/HTTP/Status/403",2026-07-17T18:41:08.033449
lacroix,bpt6k37137338,,failed,0,0,,http_manifest,known,403,manifest,"Client error '403 ' for url 'https://openapiproext.bnf.fr/iiif/presentation/v3/ark:/12148/bpt6k37137338/manifest.json'
For more information check: https://developer.mozilla.org/en-US/docs/Web/HTTP/Status/403",2026-07-17T18:41:09.349262
lacroix,bpt6k3713734p,,failed,0,0,,http_manifest,known,403,manifest,"Client error '403 ' for url 'https://openapiproext.bnf.fr/iiif/presentation/v3/ark:/12148/bpt6k3713734p/manifest.json'
For more information check: https://developer.mozilla.org/en-US/docs/Web/HTTP/Status/403",2026-07-17T18:41:10.600064
lacroix,bpt6k37137353,,failed,0,0,,http_manifest,known,403,manifest,"Client error '403 ' for url 'https://openapiproext.bnf.fr/iiif/presentation/v3/ark:/12148/bpt6k37137353/manifest.json'
For more information check: https://developer.mozilla.org/en-US/docs/Web/HTTP/Status/403",2026-07-17T18:41:11.749072
lacroix,bpt6k3713736h,,failed,0,0,,http_manifest,known,403,manifest,"Client error '403 ' for url 'https://openapiproext.bnf.fr/iiif/presentation/v3/ark:/12148/bpt6k3713736h/manifest.json'
For more information check: https://developer.mozilla.org/en-US/docs/Web/HTTP/Status/403",2026-07-17T18:41:12.915739
lacroix,bpt6k3713737x,,failed,0,0,,http_manifest,known,403,manifest,"Client error '403 ' for url 'https://openapiproext.bnf.fr/iiif/presentation/v3/ark:/12148/bpt6k3713737x/manifest.json'
For more information check: https://developer.mozilla.org/en-US/docs/Web/HTTP/Status/403",2026-07-17T18:41:14.016644
lacroix,bpt6k3713738b,,failed,0,0,,http_manifest,known,403,manifest,"Client error '403 ' for url 'https://openapiproext.bnf.fr/iiif/presentation/v3/ark:/12148/bpt6k3713738b/manifest.json'
For more information check: https://developer.mozilla.org/en-US/docs/Web/HTTP/Status/403",2026-07-17T18:41:15.402892
lacroix,bpt6k3713739r,,failed,0,0,,http_manifest,known,403,manifest,"Client error '403 ' for url 'https://openapiproext.bnf.fr/iiif/presentation/v3/ark:/12148/bpt6k3713739r/manifest.json'
For more information check: https://developer.mozilla.org/en-US/docs/Web/HTTP/Status/403",2026-07-17T18:41:16.459969
lacroix,bpt6k3713740d,,failed,0,0,,http_manifest,known,403,manifest,"Client error '403 ' for url 'https://openapiproext.bnf.fr/iiif/presentation/v3/ark:/12148/bpt6k3713740d/manifest.json'
For more information check: https://developer.mozilla.org/en-US/docs/Web/HTTP/Status/403",2026-07-17T18:41:17.621360
lacroix,bpt6k3713741t,,failed,0,0,,http_manifest,known,403,manifest,"Client error '403 ' for url 'https://openapiproext.bnf.fr/iiif/presentation/v3/ark:/12148/bpt6k3713741t/manifest.json'
For more information check: https://developer.mozilla.org/en-US/docs/Web/HTTP/Status/403",2026-07-17T18:41:18.822763
lacroix,bpt6k37137427,,failed,0,0,,http_manifest,known,403,manifest,"Client error '403 ' for url 'https://openapiproext.bnf.fr/iiif/presentation/v3/ark:/12148/bpt6k37137427/manifest.json'
For more information check: https://developer.mozilla.org/en-US/docs/Web/HTTP/Status/403",2026-07-17T18:41:20.031970
lacroix,bpt6k3713743n,,failed,0,0,,http_manifest,known,403,manifest,"Client error '403 ' for url 'https://openapiproext.bnf.fr/iiif/presentation/v3/ark:/12148/bpt6k3713743n/manifest.json'
For more information check: https://developer.mozilla.org/en-US/docs/Web/HTTP/Status/403",2026-07-17T18:41:21.235666
lacroix,bpt6k37137442,,failed,0,0,,http_manifest,known,403,manifest,"Client error '403 ' for url 'https://openapiproext.bnf.fr/iiif/presentation/v3/ark:/12148/bpt6k37137442/manifest.json'
For more information check: https://developer.mozilla.org/en-US/docs/Web/HTTP/Status/403",2026-07-17T18:41:22.424932
lacroix,bpt6k3713745g,,failed,0,0,,http_manifest,known,403,manifest,"Client error '403 ' for url 'https://openapiproext.bnf.fr/iiif/presentation/v3/ark:/12148/bpt6k3713745g/manifest.json'
For more information check: https://developer.mozilla.org/en-US/docs/Web/HTTP/Status/403",2026-07-17T18:41:23.628515
lacroix,bpt6k3713746w,,failed,0,0,,http_manifest,known,403,manifest,"Client error '403 ' for url 'https://openapiproext.bnf.fr/iiif/presentation/v3/ark:/12148/bpt6k3713746w/manifest.json'
For more information check: https://developer.mozilla.org/en-US/docs/Web/HTTP/Status/403",2026-07-17T18:41:24.828247
lacroix,bpt6k37137479,,failed,0,0,,http_manifest,known,403,manifest,"Client error '403 ' for url 'https://openapiproext.bnf.fr/iiif/presentation/v3/ark:/12148/bpt6k37137479/manifest.json'
For more information check: https://developer.mozilla.org/en-US/docs/Web/HTTP/Status/403",2026-07-17T18:41:26.038412
lacroix,bpt6k3713748q,,failed,0,0,,http_manifest,known,403,manifest,"Client error '403 ' for url 'https://openapiproext.bnf.fr/iiif/presentation/v3/ark:/12148/bpt6k3713748q/manifest.json'
For more information check: https://developer.mozilla.org/en-US/docs/Web/HTTP/Status/403",2026-07-17T18:41:27.236506
lacroix,bpt6k37137494,,failed,0,0,,http_manifest,known,403,manifest,"Client error '403 ' for url 'https://openapiproext.bnf.fr/iiif/presentation/v3/ark:/12148/bpt6k37137494/manifest.json'
For more information check: https://developer.mozilla.org/en-US/docs/Web/HTTP/Status/403",2026-07-17T18:41:28.462861
lacroix,bpt6k3713750s,,failed,0,0,,http_manifest,known,403,manifest,"Client error '403 ' for url 'https://openapiproext.bnf.fr/iiif/presentation/v3/ark:/12148/bpt6k3713750s/manifest.json'
For more information check: https://developer.mozilla.org/en-US/docs/Web/HTTP/Status/403",2026-07-17T18:41:29.638707
lacroix,bpt6k37137516,,failed,0,0,,http_manifest,known,403,manifest,"Client error '403 ' for url 'https://openapiproext.bnf.fr/iiif/presentation/v3/ark:/12148/bpt6k37137516/manifest.json'
For more information check: https://developer.mozilla.org/en-US/docs/Web/HTTP/Status/403",2026-07-17T18:41:30.840863
lacroix,bpt6k3713752m,,failed,0,0,,http_manifest,known,403,manifest,"Client error '403 ' for url 'https://openapiproext.bnf.fr/iiif/presentation/v3/ark:/12148/bpt6k3713752m/manifest.json'
For more information check: https://developer.mozilla.org/en-US/docs/Web/HTTP/Status/403",2026-07-17T18:41:32.048928
lacroix,bpt6k37137531,,failed,0,0,,http_manifest,known,403,manifest,"Client error '403 ' for url 'https://openapiproext.bnf.fr/iiif/presentation/v3/ark:/12148/bpt6k37137531/manifest.json'
For more information check: https://developer.mozilla.org/en-US/docs/Web/HTTP/Status/403",2026-07-17T18:41:33.241498
lacroix,bpt6k3713754f,,failed,0,0,,http_manifest,known,403,manifest,"Client error '403 ' for url 'https://openapiproext.bnf.fr/iiif/presentation/v3/ark:/12148/bpt6k3713754f/manifest.json'
For more information check: https://developer.mozilla.org/en-US/docs/Web/HTTP/Status/403",2026-07-17T18:41:34.445182
lacroix,bpt6k3713755v,,failed,0,0,,http_manifest,known,403,manifest,"Client error '403 ' for url 'https://openapiproext.bnf.fr/iiif/presentation/v3/ark:/12148/bpt6k3713755v/manifest.json'
For more information check: https://developer.mozilla.org/en-US/docs/Web/HTTP/Status/403",2026-07-17T18:41:35.646354
lacroix,bpt6k37137568,,failed,0,0,,http_manifest,known,403,manifest,"Client error '403 ' for url 'https://openapiproext.bnf.fr/iiif/presentation/v3/ark:/12148/bpt6k37137568/manifest.json'
For more information check: https://developer.mozilla.org/en-US/docs/Web/HTTP/Status/403",2026-07-17T18:41:36.849937
lacroix,bpt6k3713757p,,failed,0,0,,http_manifest,known,403,manifest,"Client error '403 ' for url 'https://openapiproext.bnf.fr/iiif/presentation/v3/ark:/12148/bpt6k3713757p/manifest.json'
For more information check: https://developer.mozilla.org/en-US/docs/Web/HTTP/Status/403",2026-07-17T18:41:38.047374
lacroix,bpt6k37137583,,failed,0,0,,http_manifest,known,403,manifest,"Client error '403 ' for url 'https://openapiproext.bnf.fr/iiif/presentation/v3/ark:/12148/bpt6k37137583/manifest.json'
For more information check: https://developer.mozilla.org/en-US/docs/Web/HTTP/Status/403",2026-07-17T18:41:39.249295
lacroix,bpt6k3713759h,,failed,0,0,,http_manifest,known,403,manifest,"Client error '403 ' for url 'https://openapiproext.bnf.fr/iiif/presentation/v3/ark:/12148/bpt6k3713759h/manifest.json'
For more information check: https://developer.mozilla.org/en-US/docs/Web/HTTP/Status/403",2026-07-17T18:41:40.478775
lacroix,bpt6k37137605,,failed,0,0,,http_manifest,known,403,manifest,"Client error '403 ' for url 'https://openapiproext.bnf.fr/iiif/presentation/v3/ark:/12148/bpt6k37137605/manifest.json'
For more information check: https://developer.mozilla.org/en-US/docs/Web/HTTP/Status/403",2026-07-17T18:41:41.652438
lacroix,bpt6k3713761k,,failed,0,0,,http_manifest,known,403,manifest,"Client error '403 ' for url 'https://openapiproext.bnf.fr/iiif/presentation/v3/ark:/12148/bpt6k3713761k/manifest.json'
For more information check: https://developer.mozilla.org/en-US/docs/Web/HTTP/Status/403",2026-07-17T18:41:42.862576
lacroix,bpt6k37137620,,failed,0,0,,http_manifest,known,403,manifest,"Client error '403 ' for url 'https://openapiproext.bnf.fr/iiif/presentation/v3/ark:/12148/bpt6k37137620/manifest.json'
For more information check: https://developer.mozilla.org/en-US/docs/Web/HTTP/Status/403",2026-07-17T18:41:44.056758
lacroix,bpt6k3713763d,,failed,0,0,,http_manifest,known,403,manifest,"Client error '403 ' for url 'https://openapiproext.bnf.fr/iiif/presentation/v3/ark:/12148/bpt6k3713763d/manifest.json'
For more information check: https://developer.mozilla.org/en-US/docs/Web/HTTP/Status/403",2026-07-17T18:41:45.262189
lacroix,bpt6k3713764t,,failed,0,0,,http_manifest,known,403,manifest,"Client error '403 ' for url 'https://openapiproext.bnf.fr/iiif/presentation/v3/ark:/12148/bpt6k3713764t/manifest.json'
For more information check: https://developer.mozilla.org/en-US/docs/Web/HTTP/Status/403",2026-07-17T18:41:46.466454
lacroix,bpt6k37137657,,failed,0,0,,http_manifest,known,403,manifest,"Client error '403 ' for url 'https://openapiproext.bnf.fr/iiif/presentation/v3/ark:/12148/bpt6k37137657/manifest.json'
For more information check: https://developer.mozilla.org/en-US/docs/Web/HTTP/Status/403",2026-07-17T18:41:47.662757
lacroix,bpt6k3713766n,,failed,0,0,,http_manifest,known,403,manifest,"Client error '403 ' for url 'https://openapiproext.bnf.fr/iiif/presentation/v3/ark:/12148/bpt6k3713766n/manifest.json'
For more information check: https://developer.mozilla.org/en-US/docs/Web/HTTP/Status/403",2026-07-17T18:41:48.865567
lacroix,bpt6k37137672,,failed,0,0,,http_manifest,known,403,manifest,"Client error '403 ' for url 'https://openapiproext.bnf.fr/iiif/presentation/v3/ark:/12148/bpt6k37137672/manifest.json'
For more information check: https://developer.mozilla.org/en-US/docs/Web/HTTP/Status/403",2026-07-17T18:41:50.130884
lacroix,bpt6k3713768g,,failed,0,0,,http_manifest,known,403,manifest,"Client error '403 ' for url 'https://openapiproext.bnf.fr/iiif/presentation/v3/ark:/12148/bpt6k3713768g/manifest.json'
For more information check: https://developer.mozilla.org/en-US/docs/Web/HTTP/Status/403",2026-07-17T18:41:51.267530
lacroix,bpt6k3713769w,,failed,0,0,,http_manifest,known,403,manifest,"Client error '403 ' for url 'https://openapiproext.bnf.fr/iiif/presentation/v3/ark:/12148/bpt6k3713769w/manifest.json'
For more information check: https://developer.mozilla.org/en-US/docs/Web/HTTP/Status/403",2026-07-17T18:41:52.494520
lacroix,bpt6k3713770j,,failed,0,0,,http_manifest,known,403,manifest,"Client error '403 ' for url 'https://openapiproext.bnf.fr/iiif/presentation/v3/ark:/12148/bpt6k3713770j/manifest.json'
For more information check: https://developer.mozilla.org/en-US/docs/Web/HTTP/Status/403",2026-07-17T18:41:53.674374
lacroix,bpt6k3713771z,,failed,0,0,,http_manifest,known,403,manifest,"Client error '403 ' for url 'https://openapiproext.bnf.fr/iiif/presentation/v3/ark:/12148/bpt6k3713771z/manifest.json'
For more information check: https://developer.mozilla.org/en-US/docs/Web/HTTP/Status/403",2026-07-17T18:41:54.872859
lacroix,bpt6k3713772c,,failed,0,0,,http_manifest,known,403,manifest,"Client error '403 ' for url 'https://openapiproext.bnf.fr/iiif/presentation/v3/ark:/12148/bpt6k3713772c/manifest.json'
For more information check: https://developer.mozilla.org/en-US/docs/Web/HTTP/Status/403",2026-07-17T18:41:56.074926
lacroix,bpt6k3713773s,,failed,0,0,,http_manifest,known,403,manifest,"Client error '403 ' for url 'https://openapiproext.bnf.fr/iiif/presentation/v3/ark:/12148/bpt6k3713773s/manifest.json'
For more information check: https://developer.mozilla.org/en-US/docs/Web/HTTP/Status/403",2026-07-17T18:41:57.277552
lacroix,bpt6k37137746,,failed,0,0,,http_manifest,known,403,manifest,"Client error '403 ' for url 'https://openapiproext.bnf.fr/iiif/presentation/v3/ark:/12148/bpt6k37137746/manifest.json'
For more information check: https://developer.mozilla.org/en-US/docs/Web/HTTP/Status/403",2026-07-17T18:41:58.661099
lacroix,bpt6k3713775m,,failed,0,0,,http_manifest,known,403,manifest,"Client error '403 ' for url 'https://openapiproext.bnf.fr/iiif/presentation/v3/ark:/12148/bpt6k3713775m/manifest.json'
For more information check: https://developer.mozilla.org/en-US/docs/Web/HTTP/Status/403",2026-07-17T18:41:59.792152
lacroix,bpt6k37137761,,failed,0,0,,http_manifest,known,403,manifest,"Client error '403 ' for url 'https://openapiproext.bnf.fr/iiif/presentation/v3/ark:/12148/bpt6k37137761/manifest.json'
For more information check: https://developer.mozilla.org/en-US/docs/Web/HTTP/Status/403",2026-07-17T18:42:01.055822
lacroix,bpt6k3713777f,,failed,0,0,,http_manifest,known,403,manifest,"Client error '403 ' for url 'https://openapiproext.bnf.fr/iiif/presentation/v3/ark:/12148/bpt6k3713777f/manifest.json'
For more information check: https://developer.mozilla.org/en-US/docs/Web/HTTP/Status/403",2026-07-17T18:42:02.151631
lacroix,bpt6k3713778v,,failed,0,0,,http_manifest,known,403,manifest,"Client error '403 ' for url 'https://openapiproext.bnf.fr/iiif/presentation/v3/ark:/12148/bpt6k3713778v/manifest.json'
For more information check: https://developer.mozilla.org/en-US/docs/Web/HTTP/Status/403",2026-07-17T18:42:03.508048
lacroix,bpt6k37137798,,failed,0,0,,http_manifest,known,403,manifest,"Client error '403 ' for url 'https://openapiproext.bnf.fr/iiif/presentation/v3/ark:/12148/bpt6k37137798/manifest.json'
For more information check: https://developer.mozilla.org/en-US/docs/Web/HTTP/Status/403",2026-07-17T18:42:04.640864
lacroix,bpt6k3713780x,,failed,0,0,,http_manifest,known,403,manifest,"Client error '403 ' for url 'https://openapiproext.bnf.fr/iiif/presentation/v3/ark:/12148/bpt6k3713780x/manifest.json'
For more information check: https://developer.mozilla.org/en-US/docs/Web/HTTP/Status/403",2026-07-17T18:42:05.851655
lacroix,bpt6k3713781b,,failed,0,0,,http_manifest,known,403,manifest,"Client error '403 ' for url 'https://openapiproext.bnf.fr/iiif/presentation/v3/ark:/12148/bpt6k3713781b/manifest.json'
For more information check: https://developer.mozilla.org/en-US/docs/Web/HTTP/Status/403",2026-07-17T18:42:06.976776
lacroix,bpt6k3713782r,,failed,0,0,,http_manifest,known,403,manifest,"Client error '403 ' for url 'https://openapiproext.bnf.fr/iiif/presentation/v3/ark:/12148/bpt6k3713782r/manifest.json'
For more information check: https://developer.mozilla.org/en-US/docs/Web/HTTP/Status/403",2026-07-17T18:42:08.291776
lacroix,bpt6k37137835,,failed,0,0,,http_manifest,known,403,manifest,"Client error '403 ' for url 'https://openapiproext.bnf.fr/iiif/presentation/v3/ark:/12148/bpt6k37137835/manifest.json'
For more information check: https://developer.mozilla.org/en-US/docs/Web/HTTP/Status/403",2026-07-17T18:42:09.437309
lacroix,bpt6k3713784k,,failed,0,0,,http_manifest,known,403,manifest,"Client error '403 ' for url 'https://openapiproext.bnf.fr/iiif/presentation/v3/ark:/12148/bpt6k3713784k/manifest.json'
For more information check: https://developer.mozilla.org/en-US/docs/Web/HTTP/Status/403",2026-07-17T18:42:10.519556
lacroix,bpt6k37137850,,failed,0,0,,http_manifest,known,403,manifest,"Client error '403 ' for url 'https://openapiproext.bnf.fr/iiif/presentation/v3/ark:/12148/bpt6k37137850/manifest.json'
For more information check: https://developer.mozilla.org/en-US/docs/Web/HTTP/Status/403",2026-07-17T18:42:11.853771
lacroix,bpt6k3713786d,,failed,0,0,,http_manifest,known,403,manifest,"Client error '403 ' for url 'https://openapiproext.bnf.fr/iiif/presentation/v3/ark:/12148/bpt6k3713786d/manifest.json'
For more information check: https://developer.mozilla.org/en-US/docs/Web/HTTP/Status/403",2026-07-17T18:42:12.901551
lacroix,bpt6k3713787t,,failed,0,0,,http_manifest,known,403,manifest,"Client error '403 ' for url 'https://openapiproext.bnf.fr/iiif/presentation/v3/ark:/12148/bpt6k3713787t/manifest.json'
For more information check: https://developer.mozilla.org/en-US/docs/Web/HTTP/Status/403",2026-07-17T18:42:14.278310
lacroix,bpt6k37137887,,failed,0,0,,http_manifest,known,403,manifest,"Client error '403 ' for url 'https://openapiproext.bnf.fr/iiif/presentation/v3/ark:/12148/bpt6k37137887/manifest.json'
For more information check: https://developer.mozilla.org/en-US/docs/Web/HTTP/Status/403",2026-07-17T18:42:15.499567
lacroix,bpt6k3713789n,,failed,0,0,,http_manifest,known,403,manifest,"Client error '403 ' for url 'https://openapiproext.bnf.fr/iiif/presentation/v3/ark:/12148/bpt6k3713789n/manifest.json'
For more information check: https://developer.mozilla.org/en-US/docs/Web/HTTP/Status/403",2026-07-17T18:42:16.548010
lacroix,bpt6k37137909,,failed,0,0,,http_manifest,known,403,manifest,"Client error '403 ' for url 'https://openapiproext.bnf.fr/iiif/presentation/v3/ark:/12148/bpt6k37137909/manifest.json'
For more information check: https://developer.mozilla.org/en-US/docs/Web/HTTP/Status/403",2026-07-17T18:42:17.707298
lacroix,bpt6k3713791q,,failed,0,0,,http_manifest,known,403,manifest,"Client error '403 ' for url 'https://openapiproext.bnf.fr/iiif/presentation/v3/ark:/12148/bpt6k3713791q/manifest.json'
For more information check: https://developer.mozilla.org/en-US/docs/Web/HTTP/Status/403",2026-07-17T18:42:18.909037
lacroix,bpt6k37137924,,failed,0,0,,http_manifest,known,403,manifest,"Client error '403 ' for url 'https://openapiproext.bnf.fr/iiif/presentation/v3/ark:/12148/bpt6k37137924/manifest.json'
For more information check: https://developer.mozilla.org/en-US/docs/Web/HTTP/Status/403",2026-07-17T18:42:20.103588
lacroix,bpt6k3713793j,,failed,0,0,,http_manifest,known,403,manifest,"Client error '403 ' for url 'https://openapiproext.bnf.fr/iiif/presentation/v3/ark:/12148/bpt6k3713793j/manifest.json'
For more information check: https://developer.mozilla.org/en-US/docs/Web/HTTP/Status/403",2026-07-17T18:42:21.304315
lacroix,bpt6k3713794z,,failed,0,0,,http_manifest,known,403,manifest,"Client error '403 ' for url 'https://openapiproext.bnf.fr/iiif/presentation/v3/ark:/12148/bpt6k3713794z/manifest.json'
For more information check: https://developer.mozilla.org/en-US/docs/Web/HTTP/Status/403",2026-07-17T18:42:22.533961
lacroix,bpt6k3713795c,,failed,0,0,,http_manifest,known,403,manifest,"Client error '403 ' for url 'https://openapiproext.bnf.fr/iiif/presentation/v3/ark:/12148/bpt6k3713795c/manifest.json'
For more information check: https://developer.mozilla.org/en-US/docs/Web/HTTP/Status/403",2026-07-17T18:42:23.710836
lacroix,bpt6k3713796s,,failed,0,0,,http_manifest,known,403,manifest,"Client error '403 ' for url 'https://openapiproext.bnf.fr/iiif/presentation/v3/ark:/12148/bpt6k3713796s/manifest.json'
For more information check: https://developer.mozilla.org/en-US/docs/Web/HTTP/Status/403",2026-07-17T18:42:24.910071
lacroix,bpt6k37137976,,failed,0,0,,http_manifest,known,403,manifest,"Client error '403 ' for url 'https://openapiproext.bnf.fr/iiif/presentation/v3/ark:/12148/bpt6k37137976/manifest.json'
For more information check: https://developer.mozilla.org/en-US/docs/Web/HTTP/Status/403",2026-07-17T18:42:26.113698
lacroix,bpt6k3713798m,,failed,0,0,,http_manifest,known,403,manifest,"Client error '403 ' for url 'https://openapiproext.bnf.fr/iiif/presentation/v3/ark:/12148/bpt6k3713798m/manifest.json'
For more information check: https://developer.mozilla.org/en-US/docs/Web/HTTP/Status/403",2026-07-17T18:42:27.311890
lacroix,bpt6k37137991,,failed,0,0,,http_manifest,known,403,manifest,"Client error '403 ' for url 'https://openapiproext.bnf.fr/iiif/presentation/v3/ark:/12148/bpt6k37137991/manifest.json'
For more information check: https://developer.mozilla.org/en-US/docs/Web/HTTP/Status/403",2026-07-17T18:42:28.544414
lacroix,bpt6k37138007,,failed,0,0,,http_manifest,known,403,manifest,"Client error '403 ' for url 'https://openapiproext.bnf.fr/iiif/presentation/v3/ark:/12148/bpt6k37138007/manifest.json'
For more information check: https://developer.mozilla.org/en-US/docs/Web/HTTP/Status/403",2026-07-17T18:42:29.716511
lacroix,bpt6k3713801n,,failed,0,0,,http_manifest,known,403,manifest,"Client error '403 ' for url 'https://openapiproext.bnf.fr/iiif/presentation/v3/ark:/12148/bpt6k3713801n/manifest.json'
For more information check: https://developer.mozilla.org/en-US/docs/Web/HTTP/Status/403",2026-07-17T18:42:30.917958
lacroix,bpt6k37138022,,failed,0,0,,http_manifest,known,403,manifest,"Client error '403 ' for url 'https://openapiproext.bnf.fr/iiif/presentation/v3/ark:/12148/bpt6k37138022/manifest.json'
For more information check: https://developer.mozilla.org/en-US/docs/Web/HTTP/Status/403",2026-07-17T18:42:32.118555
lacroix,bpt6k3713803g,,failed,0,0,,http_manifest,known,403,manifest,"Client error '403 ' for url 'https://openapiproext.bnf.fr/iiif/presentation/v3/ark:/12148/bpt6k3713803g/manifest.json'
For more information check: https://developer.mozilla.org/en-US/docs/Web/HTTP/Status/403",2026-07-17T18:42:33.320511
lacroix,bpt6k3713804w,,failed,0,0,,http_manifest,known,403,manifest,"Client error '403 ' for url 'https://openapiproext.bnf.fr/iiif/presentation/v3/ark:/12148/bpt6k3713804w/manifest.json'
For more information check: https://developer.mozilla.org/en-US/docs/Web/HTTP/Status/403",2026-07-17T18:42:34.523584
lacroix,bpt6k37138059,,failed,0,0,,http_manifest,known,403,manifest,"Client error '403 ' for url 'https://openapiproext.bnf.fr/iiif/presentation/v3/ark:/12148/bpt6k37138059/manifest.json'
For more information check: https://developer.mozilla.org/en-US/docs/Web/HTTP/Status/403",2026-07-17T18:42:35.725551
lacroix,bpt6k3713806q,,failed,0,0,,http_manifest,known,403,manifest,"Client error '403 ' for url 'https://openapiproext.bnf.fr/iiif/presentation/v3/ark:/12148/bpt6k3713806q/manifest.json'
For more information check: https://developer.mozilla.org/en-US/docs/Web/HTTP/Status/403",2026-07-17T18:42:36.927613
lacroix,bpt6k37138074,,failed,0,0,,http_manifest,known,403,manifest,"Client error '403 ' for url 'https://openapiproext.bnf.fr/iiif/presentation/v3/ark:/12148/bpt6k37138074/manifest.json'
For more information check: https://developer.mozilla.org/en-US/docs/Web/HTTP/Status/403",2026-07-17T18:42:38.136870
lacroix,bpt6k3713808j,,failed,0,0,,http_manifest,known,403,manifest,"Client error '403 ' for url 'https://openapiproext.bnf.fr/iiif/presentation/v3/ark:/12148/bpt6k3713808j/manifest.json'
For more information check: https://developer.mozilla.org/en-US/docs/Web/HTTP/Status/403",2026-07-17T18:42:39.328837
lacroix,bpt6k3713809z,,failed,0,0,,http_manifest,known,403,manifest,"Client error '403 ' for url 'https://openapiproext.bnf.fr/iiif/presentation/v3/ark:/12148/bpt6k3713809z/manifest.json'
For more information check: https://developer.mozilla.org/en-US/docs/Web/HTTP/Status/403",2026-07-17T18:42:40.575816
lacroix,bpt6k3713810m,,failed,0,0,,http_manifest,known,403,manifest,"Client error '403 ' for url 'https://openapiproext.bnf.fr/iiif/presentation/v3/ark:/12148/bpt6k3713810m/manifest.json'
For more information check: https://developer.mozilla.org/en-US/docs/Web/HTTP/Status/403",2026-07-17T18:42:41.732697
lacroix,bpt6k37138111,,failed,0,0,,http_manifest,known,403,manifest,"Client error '403 ' for url 'https://openapiproext.bnf.fr/iiif/presentation/v3/ark:/12148/bpt6k37138111/manifest.json'
For more information check: https://developer.mozilla.org/en-US/docs/Web/HTTP/Status/403",2026-07-17T18:42:42.934316
lacroix,bpt6k3713812f,,failed,0,0,,http_manifest,known,403,manifest,"Client error '403 ' for url 'https://openapiproext.bnf.fr/iiif/presentation/v3/ark:/12148/bpt6k3713812f/manifest.json'
For more information check: https://developer.mozilla.org/en-US/docs/Web/HTTP/Status/403",2026-07-17T18:42:44.135300
lacroix,bpt6k3713813v,,failed,0,0,,http_manifest,known,403,manifest,"Client error '403 ' for url 'https://openapiproext.bnf.fr/iiif/presentation/v3/ark:/12148/bpt6k3713813v/manifest.json'
For more information check: https://developer.mozilla.org/en-US/docs/Web/HTTP/Status/403",2026-07-17T18:42:45.339567
lacroix,bpt6k37138148,,failed,0,0,,http_manifest,known,403,manifest,"Client error '403 ' for url 'https://openapiproext.bnf.fr/iiif/presentation/v3/ark:/12148/bpt6k37138148/manifest.json'
For more information check: https://developer.mozilla.org/en-US/docs/Web/HTTP/Status/403",2026-07-17T18:42:46.539184
lacroix,bpt6k3713815p,,failed,0,0,,http_manifest,known,403,manifest,"Client error '403 ' for url 'https://openapiproext.bnf.fr/iiif/presentation/v3/ark:/12148/bpt6k3713815p/manifest.json'
For more information check: https://developer.mozilla.org/en-US/docs/Web/HTTP/Status/403",2026-07-17T18:42:47.743266
lacroix,bpt6k37138163,,failed,0,0,,http_manifest,known,403,manifest,"Client error '403 ' for url 'https://openapiproext.bnf.fr/iiif/presentation/v3/ark:/12148/bpt6k37138163/manifest.json'
For more information check: https://developer.mozilla.org/en-US/docs/Web/HTTP/Status/403",2026-07-17T18:42:48.953197
lacroix,bpt6k3713817h,,failed,0,0,,http_manifest,known,403,manifest,"Client error '403 ' for url 'https://openapiproext.bnf.fr/iiif/presentation/v3/ark:/12148/bpt6k3713817h/manifest.json'
For more information check: https://developer.mozilla.org/en-US/docs/Web/HTTP/Status/403",2026-07-17T18:42:50.146777
lacroix,bpt6k3713818x,,failed,0,0,,http_manifest,known,403,manifest,"Client error '403 ' for url 'https://openapiproext.bnf.fr/iiif/presentation/v3/ark:/12148/bpt6k3713818x/manifest.json'
For more information check: https://developer.mozilla.org/en-US/docs/Web/HTTP/Status/403",2026-07-17T18:42:51.350198
lacroix,bpt6k3713819b,,failed,0,0,,http_manifest,known,403,manifest,"Client error '403 ' for url 'https://openapiproext.bnf.fr/iiif/presentation/v3/ark:/12148/bpt6k3713819b/manifest.json'
For more information check: https://developer.mozilla.org/en-US/docs/Web/HTTP/Status/403",2026-07-17T18:42:52.569140
lacroix,bpt6k37138200,,failed,0,0,,http_manifest,known,403,manifest,"Client error '403 ' for url 'https://openapiproext.bnf.fr/iiif/presentation/v3/ark:/12148/bpt6k37138200/manifest.json'
For more information check: https://developer.mozilla.org/en-US/docs/Web/HTTP/Status/403",2026-07-17T18:42:53.751503
lacroix,bpt6k3713821d,,failed,0,0,,http_manifest,known,403,manifest,"Client error '403 ' for url 'https://openapiproext.bnf.fr/iiif/presentation/v3/ark:/12148/bpt6k3713821d/manifest.json'
For more information check: https://developer.mozilla.org/en-US/docs/Web/HTTP/Status/403",2026-07-17T18:42:54.959551
lacroix,bpt6k3713822t,,failed,0,0,,http_manifest,known,403,manifest,"Client error '403 ' for url 'https://openapiproext.bnf.fr/iiif/presentation/v3/ark:/12148/bpt6k3713822t/manifest.json'
For more information check: https://developer.mozilla.org/en-US/docs/Web/HTTP/Status/403",2026-07-17T18:42:56.152425
lacroix,bpt6k37138237,,failed,0,0,,http_manifest,known,403,manifest,"Client error '403 ' for url 'https://openapiproext.bnf.fr/iiif/presentation/v3/ark:/12148/bpt6k37138237/manifest.json'
For more information check: https://developer.mozilla.org/en-US/docs/Web/HTTP/Status/403",2026-07-17T18:42:57.360174
lacroix,bpt6k3713824n,,failed,0,0,,http_manifest,known,403,manifest,"Client error '403 ' for url 'https://openapiproext.bnf.fr/iiif/presentation/v3/ark:/12148/bpt6k3713824n/manifest.json'
For more information check: https://developer.mozilla.org/en-US/docs/Web/HTTP/Status/403",2026-07-17T18:42:58.764834
lacroix,bpt6k37138252,,failed,0,0,,http_manifest,known,403,manifest,"Client error '403 ' for url 'https://openapiproext.bnf.fr/iiif/presentation/v3/ark:/12148/bpt6k37138252/manifest.json'
For more information check: https://developer.mozilla.org/en-US/docs/Web/HTTP/Status/403",2026-07-17T18:42:59.879556
lacroix,bpt6k3713826g,,failed,0,0,,http_manifest,known,403,manifest,"Client error '403 ' for url 'https://openapiproext.bnf.fr/iiif/presentation/v3/ark:/12148/bpt6k3713826g/manifest.json'
For more information check: https://developer.mozilla.org/en-US/docs/Web/HTTP/Status/403",2026-07-17T18:43:01.078768
lacroix,bpt6k3713827w,,failed,0,0,,http_manifest,known,403,manifest,"Client error '403 ' for url 'https://openapiproext.bnf.fr/iiif/presentation/v3/ark:/12148/bpt6k3713827w/manifest.json'
For more information check: https://developer.mozilla.org/en-US/docs/Web/HTTP/Status/403",2026-07-17T18:43:02.271256
lacroix,bpt6k37138289,,failed,0,0,,http_manifest,known,403,manifest,"Client error '403 ' for url 'https://openapiproext.bnf.fr/iiif/presentation/v3/ark:/12148/bpt6k37138289/manifest.json'
For more information check: https://developer.mozilla.org/en-US/docs/Web/HTTP/Status/403",2026-07-17T18:43:03.363097
lacroix,bpt6k3713829q,,failed,0,0,,http_manifest,known,403,manifest,"Client error '403 ' for url 'https://openapiproext.bnf.fr/iiif/presentation/v3/ark:/12148/bpt6k3713829q/manifest.json'
For more information check: https://developer.mozilla.org/en-US/docs/Web/HTTP/Status/403",2026-07-17T18:43:04.761954
lacroix,bpt6k3713830c,,failed,0,0,,http_manifest,known,403,manifest,"Client error '403 ' for url 'https://openapiproext.bnf.fr/iiif/presentation/v3/ark:/12148/bpt6k3713830c/manifest.json'
For more information check: https://developer.mozilla.org/en-US/docs/Web/HTTP/Status/403",2026-07-17T18:43:05.837100
lacroix,bpt6k3713831s,,failed,0,0,,http_manifest,known,403,manifest,"Client error '403 ' for url 'https://openapiproext.bnf.fr/iiif/presentation/v3/ark:/12148/bpt6k3713831s/manifest.json'
For more information check: https://developer.mozilla.org/en-US/docs/Web/HTTP/Status/403",2026-07-17T18:43:06.974516
lacroix,bpt6k37138326,,failed,0,0,,http_manifest,known,403,manifest,"Client error '403 ' for url 'https://openapiproext.bnf.fr/iiif/presentation/v3/ark:/12148/bpt6k37138326/manifest.json'
For more information check: https://developer.mozilla.org/en-US/docs/Web/HTTP/Status/403",2026-07-17T18:43:08.167117
lacroix,bpt6k3713833m,,failed,0,0,,http_manifest,known,403,manifest,"Client error '403 ' for url 'https://openapiproext.bnf.fr/iiif/presentation/v3/ark:/12148/bpt6k3713833m/manifest.json'
For more information check: https://developer.mozilla.org/en-US/docs/Web/HTTP/Status/403",2026-07-17T18:43:09.375535
lacroix,bpt6k37138341,,failed,0,0,,http_manifest,known,403,manifest,"Client error '403 ' for url 'https://openapiproext.bnf.fr/iiif/presentation/v3/ark:/12148/bpt6k37138341/manifest.json'
For more information check: https://developer.mozilla.org/en-US/docs/Web/HTTP/Status/403",2026-07-17T18:43:10.740483
lacroix,bpt6k3713835f,,failed,0,0,,http_manifest,known,403,manifest,"Client error '403 ' for url 'https://openapiproext.bnf.fr/iiif/presentation/v3/ark:/12148/bpt6k3713835f/manifest.json'
For more information check: https://developer.mozilla.org/en-US/docs/Web/HTTP/Status/403",2026-07-17T18:43:11.780622
lacroix,bpt6k3713836v,,failed,0,0,,http_manifest,known,403,manifest,"Client error '403 ' for url 'https://openapiproext.bnf.fr/iiif/presentation/v3/ark:/12148/bpt6k3713836v/manifest.json'
For more information check: https://developer.mozilla.org/en-US/docs/Web/HTTP/Status/403",2026-07-17T18:43:12.977493
lacroix,bpt6k37138378,,failed,0,0,,http_manifest,known,403,manifest,"Client error '403 ' for url 'https://openapiproext.bnf.fr/iiif/presentation/v3/ark:/12148/bpt6k37138378/manifest.json'
For more information check: https://developer.mozilla.org/en-US/docs/Web/HTTP/Status/403",2026-07-17T18:43:14.466414
lacroix,bpt6k3713838p,,failed,0,0,,http_manifest,known,403,manifest,"Client error '403 ' for url 'https://openapiproext.bnf.fr/iiif/presentation/v3/ark:/12148/bpt6k3713838p/manifest.json'
For more information check: https://developer.mozilla.org/en-US/docs/Web/HTTP/Status/403",2026-07-17T18:43:15.387602
lacroix,bpt6k37138393,,failed,0,0,,http_manifest,known,403,manifest,"Client error '403 ' for url 'https://openapiproext.bnf.fr/iiif/presentation/v3/ark:/12148/bpt6k37138393/manifest.json'
For more information check: https://developer.mozilla.org/en-US/docs/Web/HTTP/Status/403",2026-07-17T18:43:16.747567
lacroix,bpt6k3713840r,,failed,0,0,,http_manifest,known,403,manifest,"Client error '403 ' for url 'https://openapiproext.bnf.fr/iiif/presentation/v3/ark:/12148/bpt6k3713840r/manifest.json'
For more information check: https://developer.mozilla.org/en-US/docs/Web/HTTP/Status/403",2026-07-17T18:43:17.916954
lacroix,bpt6k37138415,,failed,0,0,,http_manifest,known,403,manifest,"Client error '403 ' for url 'https://openapiproext.bnf.fr/iiif/presentation/v3/ark:/12148/bpt6k37138415/manifest.json'
For more information check: https://developer.mozilla.org/en-US/docs/Web/HTTP/Status/403",2026-07-17T18:43:19.028059
lacroix,bpt6k3713842k,,failed,0,0,,http_manifest,known,403,manifest,"Client error '403 ' for url 'https://openapiproext.bnf.fr/iiif/presentation/v3/ark:/12148/bpt6k3713842k/manifest.json'
For more information check: https://developer.mozilla.org/en-US/docs/Web/HTTP/Status/403",2026-07-17T18:43:20.189701
lacroix,bpt6k37138430,,failed,0,0,,http_manifest,known,403,manifest,"Client error '403 ' for url 'https://openapiproext.bnf.fr/iiif/presentation/v3/ark:/12148/bpt6k37138430/manifest.json'
For more information check: https://developer.mozilla.org/en-US/docs/Web/HTTP/Status/403",2026-07-17T18:43:21.385481
lacroix,bpt6k3713844d,,failed,0,0,,http_manifest,known,403,manifest,"Client error '403 ' for url 'https://openapiproext.bnf.fr/iiif/presentation/v3/ark:/12148/bpt6k3713844d/manifest.json'
For more information check: https://developer.mozilla.org/en-US/docs/Web/HTTP/Status/403",2026-07-17T18:43:22.588197
lacroix,bpt6k3713845t,,failed,0,0,,http_manifest,known,403,manifest,"Client error '403 ' for url 'https://openapiproext.bnf.fr/iiif/presentation/v3/ark:/12148/bpt6k3713845t/manifest.json'
For more information check: https://developer.mozilla.org/en-US/docs/Web/HTTP/Status/403",2026-07-17T18:43:23.791527
lacroix,bpt6k37138467,,failed,0,0,,http_manifest,known,403,manifest,"Client error '403 ' for url 'https://openapiproext.bnf.fr/iiif/presentation/v3/ark:/12148/bpt6k37138467/manifest.json'
For more information check: https://developer.mozilla.org/en-US/docs/Web/HTTP/Status/403",2026-07-17T18:43:25.013902
lacroix,bpt6k3713847n,,failed,0,0,,http_manifest,known,403,manifest,"Client error '403 ' for url 'https://openapiproext.bnf.fr/iiif/presentation/v3/ark:/12148/bpt6k3713847n/manifest.json'
For more information check: https://developer.mozilla.org/en-US/docs/Web/HTTP/Status/403",2026-07-17T18:43:26.194598
lacroix,bpt6k37138482,,failed,0,0,,http_manifest,known,403,manifest,"Client error '403 ' for url 'https://openapiproext.bnf.fr/iiif/presentation/v3/ark:/12148/bpt6k37138482/manifest.json'
For more information check: https://developer.mozilla.org/en-US/docs/Web/HTTP/Status/403",2026-07-17T18:43:27.393453
lacroix,bpt6k3713849g,,failed,0,0,,http_manifest,known,403,manifest,"Client error '403 ' for url 'https://openapiproext.bnf.fr/iiif/presentation/v3/ark:/12148/bpt6k3713849g/manifest.json'
For more information check: https://developer.mozilla.org/en-US/docs/Web/HTTP/Status/403",2026-07-17T18:43:28.594529
lacroix,bpt6k37138504,,failed,0,0,,http_manifest,known,403,manifest,"Client error '403 ' for url 'https://openapiproext.bnf.fr/iiif/presentation/v3/ark:/12148/bpt6k37138504/manifest.json'
For more information check: https://developer.mozilla.org/en-US/docs/Web/HTTP/Status/403",2026-07-17T18:43:29.798831
lacroix,bpt6k3713851j,,failed,0,0,,http_manifest,known,403,manifest,"Client error '403 ' for url 'https://openapiproext.bnf.fr/iiif/presentation/v3/ark:/12148/bpt6k3713851j/manifest.json'
For more information check: https://developer.mozilla.org/en-US/docs/Web/HTTP/Status/403",2026-07-17T18:43:31.049478
lacroix,bpt6k3713852z,,failed,0,0,,http_manifest,known,403,manifest,"Client error '403 ' for url 'https://openapiproext.bnf.fr/iiif/presentation/v3/ark:/12148/bpt6k3713852z/manifest.json'
For more information check: https://developer.mozilla.org/en-US/docs/Web/HTTP/Status/403",2026-07-17T18:43:32.198941
lacroix,bpt6k3713853c,,failed,0,0,,http_manifest,known,403,manifest,"Client error '403 ' for url 'https://openapiproext.bnf.fr/iiif/presentation/v3/ark:/12148/bpt6k3713853c/manifest.json'
For more information check: https://developer.mozilla.org/en-US/docs/Web/HTTP/Status/403",2026-07-17T18:43:33.401757
lacroix,bpt6k3713854s,,failed,0,0,,http_manifest,known,403,manifest,"Client error '403 ' for url 'https://openapiproext.bnf.fr/iiif/presentation/v3/ark:/12148/bpt6k3713854s/manifest.json'
For more information check: https://developer.mozilla.org/en-US/docs/Web/HTTP/Status/403",2026-07-17T18:43:34.603260
lacroix,bpt6k37138556,,failed,0,0,,http_manifest,known,403,manifest,"Client error '403 ' for url 'https://openapiproext.bnf.fr/iiif/presentation/v3/ark:/12148/bpt6k37138556/manifest.json'
For more information check: https://developer.mozilla.org/en-US/docs/Web/HTTP/Status/403",2026-07-17T18:43:35.805605
lacroix,bpt6k3713856m,,failed,0,0,,http_manifest,known,403,manifest,"Client error '403 ' for url 'https://openapiproext.bnf.fr/iiif/presentation/v3/ark:/12148/bpt6k3713856m/manifest.json'
For more information check: https://developer.mozilla.org/en-US/docs/Web/HTTP/Status/403",2026-07-17T18:43:37.007486
lacroix,bpt6k37138571,,failed,0,0,,http_manifest,known,403,manifest,"Client error '403 ' for url 'https://openapiproext.bnf.fr/iiif/presentation/v3/ark:/12148/bpt6k37138571/manifest.json'
For more information check: https://developer.mozilla.org/en-US/docs/Web/HTTP/Status/403",2026-07-17T18:43:38.212532
lacroix,bpt6k3713858f,,failed,0,0,,http_manifest,known,403,manifest,"Client error '403 ' for url 'https://openapiproext.bnf.fr/iiif/presentation/v3/ark:/12148/bpt6k3713858f/manifest.json'
For more information check: https://developer.mozilla.org/en-US/docs/Web/HTTP/Status/403",2026-07-17T18:43:39.408700
lacroix,bpt6k3713859v,,failed,0,0,,http_manifest,known,403,manifest,"Client error '403 ' for url 'https://openapiproext.bnf.fr/iiif/presentation/v3/ark:/12148/bpt6k3713859v/manifest.json'
For more information check: https://developer.mozilla.org/en-US/docs/Web/HTTP/Status/403",2026-07-17T18:43:40.619145
lacroix,bpt6k3713860h,,failed,0,0,,http_manifest,known,403,manifest,"Client error '403 ' for url 'https://openapiproext.bnf.fr/iiif/presentation/v3/ark:/12148/bpt6k3713860h/manifest.json'
For more information check: https://developer.mozilla.org/en-US/docs/Web/HTTP/Status/403",2026-07-17T18:43:41.811030
lacroix,bpt6k3713861x,,failed,0,0,,http_manifest,known,403,manifest,"Client error '403 ' for url 'https://openapiproext.bnf.fr/iiif/presentation/v3/ark:/12148/bpt6k3713861x/manifest.json'
For more information check: https://developer.mozilla.org/en-US/docs/Web/HTTP/Status/403",2026-07-17T18:43:43.028157
lacroix,bpt6k3713862b,,failed,0,0,,http_manifest,known,403,manifest,"Client error '403 ' for url 'https://openapiproext.bnf.fr/iiif/presentation/v3/ark:/12148/bpt6k3713862b/manifest.json'
For more information check: https://developer.mozilla.org/en-US/docs/Web/HTTP/Status/403",2026-07-17T18:43:44.222720
lacroix,bpt6k3713863r,,failed,0,0,,http_manifest,known,403,manifest,"Client error '403 ' for url 'https://openapiproext.bnf.fr/iiif/presentation/v3/ark:/12148/bpt6k3713863r/manifest.json'
For more information check: https://developer.mozilla.org/en-US/docs/Web/HTTP/Status/403",2026-07-17T18:43:45.417931
lacroix,bpt6k37138645,,failed,0,0,,http_manifest,known,403,manifest,"Client error '403 ' for url 'https://openapiproext.bnf.fr/iiif/presentation/v3/ark:/12148/bpt6k37138645/manifest.json'
For more information check: https://developer.mozilla.org/en-US/docs/Web/HTTP/Status/403",2026-07-17T18:43:46.622339
lacroix,bpt6k3713865k,,failed,0,0,,http_manifest,known,403,manifest,"Client error '403 ' for url 'https://openapiproext.bnf.fr/iiif/presentation/v3/ark:/12148/bpt6k3713865k/manifest.json'
For more information check: https://developer.mozilla.org/en-US/docs/Web/HTTP/Status/403",2026-07-17T18:43:47.821631
lacroix,bpt6k37138660,,failed,0,0,,http_manifest,known,403,manifest,"Client error '403 ' for url 'https://openapiproext.bnf.fr/iiif/presentation/v3/ark:/12148/bpt6k37138660/manifest.json'
For more information check: https://developer.mozilla.org/en-US/docs/Web/HTTP/Status/403",2026-07-17T18:43:49.024406
lacroix,bpt6k3713867d,,failed,0,0,,http_manifest,known,403,manifest,"Client error '403 ' for url 'https://openapiproext.bnf.fr/iiif/presentation/v3/ark:/12148/bpt6k3713867d/manifest.json'
For more information check: https://developer.mozilla.org/en-US/docs/Web/HTTP/Status/403",2026-07-17T18:43:50.223676
lacroix,bpt6k3713868t,,failed,0,0,,http_manifest,known,403,manifest,"Client error '403 ' for url 'https://openapiproext.bnf.fr/iiif/presentation/v3/ark:/12148/bpt6k3713868t/manifest.json'
For more information check: https://developer.mozilla.org/en-US/docs/Web/HTTP/Status/403",2026-07-17T18:43:51.425033
lacroix,bpt6k37138697,,failed,0,0,,http_manifest,known,403,manifest,"Client error '403 ' for url 'https://openapiproext.bnf.fr/iiif/presentation/v3/ark:/12148/bpt6k37138697/manifest.json'
For more information check: https://developer.mozilla.org/en-US/docs/Web/HTTP/Status/403",2026-07-17T18:43:52.628314
lacroix,bpt6k3713870w,,failed,0,0,,http_manifest,known,403,manifest,"Client error '403 ' for url 'https://openapiproext.bnf.fr/iiif/presentation/v3/ark:/12148/bpt6k3713870w/manifest.json'
For more information check: https://developer.mozilla.org/en-US/docs/Web/HTTP/Status/403",2026-07-17T18:43:53.827726
lacroix,bpt6k37138719,,failed,0,0,,http_manifest,known,403,manifest,"Client error '403 ' for url 'https://openapiproext.bnf.fr/iiif/presentation/v3/ark:/12148/bpt6k37138719/manifest.json'
For more information check: https://developer.mozilla.org/en-US/docs/Web/HTTP/Status/403",2026-07-17T18:43:55.057876
lacroix,bpt6k3713872q,,failed,0,0,,http_manifest,known,403,manifest,"Client error '403 ' for url 'https://openapiproext.bnf.fr/iiif/presentation/v3/ark:/12148/bpt6k3713872q/manifest.json'
For more information check: https://developer.mozilla.org/en-US/docs/Web/HTTP/Status/403",2026-07-17T18:43:56.233153
lacroix,bpt6k37138734,,failed,0,0,,http_manifest,known,403,manifest,"Client error '403 ' for url 'https://openapiproext.bnf.fr/iiif/presentation/v3/ark:/12148/bpt6k37138734/manifest.json'
For more information check: https://developer.mozilla.org/en-US/docs/Web/HTTP/Status/403",2026-07-17T18:43:57.726103
lacroix,bpt6k3713874j,,failed,0,0,,http_manifest,known,403,manifest,"Client error '403 ' for url 'https://openapiproext.bnf.fr/iiif/presentation/v3/ark:/12148/bpt6k3713874j/manifest.json'
For more information check: https://developer.mozilla.org/en-US/docs/Web/HTTP/Status/403",2026-07-17T18:43:58.716549
lacroix,bpt6k3713875z,,failed,0,0,,http_manifest,known,403,manifest,"Client error '403 ' for url 'https://openapiproext.bnf.fr/iiif/presentation/v3/ark:/12148/bpt6k3713875z/manifest.json'
For more information check: https://developer.mozilla.org/en-US/docs/Web/HTTP/Status/403",2026-07-17T18:43:59.861596
lacroix,bpt6k3713876c,,failed,0,0,,http_manifest,known,403,manifest,"Client error '403 ' for url 'https://openapiproext.bnf.fr/iiif/presentation/v3/ark:/12148/bpt6k3713876c/manifest.json'
For more information check: https://developer.mozilla.org/en-US/docs/Web/HTTP/Status/403",2026-07-17T18:44:01.076978
lacroix,bpt6k3713877s,,failed,0,0,,http_manifest,known,403,manifest,"Client error '403 ' for url 'https://openapiproext.bnf.fr/iiif/presentation/v3/ark:/12148/bpt6k3713877s/manifest.json'
For more information check: https://developer.mozilla.org/en-US/docs/Web/HTTP/Status/403",2026-07-17T18:44:02.240733
lacroix,bpt6k37138786,,failed,0,0,,http_manifest,known,403,manifest,"Client error '403 ' for url 'https://openapiproext.bnf.fr/iiif/presentation/v3/ark:/12148/bpt6k37138786/manifest.json'
For more information check: https://developer.mozilla.org/en-US/docs/Web/HTTP/Status/403",2026-07-17T18:44:03.643355
lacroix,bpt6k3713879m,,failed,0,0,,http_manifest,known,403,manifest,"Client error '403 ' for url 'https://openapiproext.bnf.fr/iiif/presentation/v3/ark:/12148/bpt6k3713879m/manifest.json'
For more information check: https://developer.mozilla.org/en-US/docs/Web/HTTP/Status/403",2026-07-17T18:44:04.756920
lacroix,bpt6k37138808,,failed,0,0,,http_manifest,known,403,manifest,"Client error '403 ' for url 'https://openapiproext.bnf.fr/iiif/presentation/v3/ark:/12148/bpt6k37138808/manifest.json'
For more information check: https://developer.mozilla.org/en-US/docs/Web/HTTP/Status/403",2026-07-17T18:44:05.909176
lacroix,bpt6k3713881p,,failed,0,0,,http_manifest,known,403,manifest,"Client error '403 ' for url 'https://openapiproext.bnf.fr/iiif/presentation/v3/ark:/12148/bpt6k3713881p/manifest.json'
For more information check: https://developer.mozilla.org/en-US/docs/Web/HTTP/Status/403",2026-07-17T18:44:07.047186
lacroix,bpt6k37138823,,failed,0,0,,http_manifest,known,403,manifest,"Client error '403 ' for url 'https://openapiproext.bnf.fr/iiif/presentation/v3/ark:/12148/bpt6k37138823/manifest.json'
For more information check: https://developer.mozilla.org/en-US/docs/Web/HTTP/Status/403",2026-07-17T18:44:08.249060
lacroix,bpt6k3713883h,,failed,0,0,,http_manifest,known,403,manifest,"Client error '403 ' for url 'https://openapiproext.bnf.fr/iiif/presentation/v3/ark:/12148/bpt6k3713883h/manifest.json'
For more information check: https://developer.mozilla.org/en-US/docs/Web/HTTP/Status/403",2026-07-17T18:44:09.452967
lacroix,bpt6k3713884x,,failed,0,0,,http_manifest,known,403,manifest,"Client error '403 ' for url 'https://openapiproext.bnf.fr/iiif/presentation/v3/ark:/12148/bpt6k3713884x/manifest.json'
For more information check: https://developer.mozilla.org/en-US/docs/Web/HTTP/Status/403",2026-07-17T18:44:10.726994
lacroix,bpt6k3713885b,,failed,0,0,,http_manifest,known,403,manifest,"Client error '403 ' for url 'https://openapiproext.bnf.fr/iiif/presentation/v3/ark:/12148/bpt6k3713885b/manifest.json'
For more information check: https://developer.mozilla.org/en-US/docs/Web/HTTP/Status/403",2026-07-17T18:44:11.908862
lacroix,bpt6k3713886r,,failed,0,0,,http_manifest,known,403,manifest,"Client error '403 ' for url 'https://openapiproext.bnf.fr/iiif/presentation/v3/ark:/12148/bpt6k3713886r/manifest.json'
For more information check: https://developer.mozilla.org/en-US/docs/Web/HTTP/Status/403",2026-07-17T18:44:13.176925
lacroix,bpt6k37138875,,failed,0,0,,http_manifest,known,403,manifest,"Client error '403 ' for url 'https://openapiproext.bnf.fr/iiif/presentation/v3/ark:/12148/bpt6k37138875/manifest.json'
For more information check: https://developer.mozilla.org/en-US/docs/Web/HTTP/Status/403",2026-07-17T18:44:14.423761
lacroix,bpt6k3713888k,,failed,0,0,,http_manifest,known,403,manifest,"Client error '403 ' for url 'https://openapiproext.bnf.fr/iiif/presentation/v3/ark:/12148/bpt6k3713888k/manifest.json'
For more information check: https://developer.mozilla.org/en-US/docs/Web/HTTP/Status/403",2026-07-17T18:44:15.470124
lacroix,bpt6k37138890,,failed,0,0,,http_manifest,known,403,manifest,"Client error '403 ' for url 'https://openapiproext.bnf.fr/iiif/presentation/v3/ark:/12148/bpt6k37138890/manifest.json'
For more information check: https://developer.mozilla.org/en-US/docs/Web/HTTP/Status/403",2026-07-17T18:44:16.670150
lacroix,bpt6k3713890n,,failed,0,0,,http_manifest,known,403,manifest,"Client error '403 ' for url 'https://openapiproext.bnf.fr/iiif/presentation/v3/ark:/12148/bpt6k3713890n/manifest.json'
For more information check: https://developer.mozilla.org/en-US/docs/Web/HTTP/Status/403",2026-07-17T18:44:17.997272
lacroix,bpt6k37138912,,failed,0,0,,http_manifest,known,403,manifest,"Client error '403 ' for url 'https://openapiproext.bnf.fr/iiif/presentation/v3/ark:/12148/bpt6k37138912/manifest.json'
For more information check: https://developer.mozilla.org/en-US/docs/Web/HTTP/Status/403",2026-07-17T18:44:19.064096
lacroix,bpt6k3713892g,,failed,0,0,,http_manifest,known,403,manifest,"Client error '403 ' for url 'https://openapiproext.bnf.fr/iiif/presentation/v3/ark:/12148/bpt6k3713892g/manifest.json'
For more information check: https://developer.mozilla.org/en-US/docs/Web/HTTP/Status/403",2026-07-17T18:44:20.264387
lacroix,bpt6k3713893w,,failed,0,0,,http_manifest,known,403,manifest,"Client error '403 ' for url 'https://openapiproext.bnf.fr/iiif/presentation/v3/ark:/12148/bpt6k3713893w/manifest.json'
For more information check: https://developer.mozilla.org/en-US/docs/Web/HTTP/Status/403",2026-07-17T18:44:21.469619
lacroix,bpt6k37138949,,failed,0,0,,http_manifest,known,403,manifest,"Client error '403 ' for url 'https://openapiproext.bnf.fr/iiif/presentation/v3/ark:/12148/bpt6k37138949/manifest.json'
For more information check: https://developer.mozilla.org/en-US/docs/Web/HTTP/Status/403",2026-07-17T18:44:22.668530
lacroix,bpt6k3713895q,,failed,0,0,,http_manifest,known,403,manifest,"Client error '403 ' for url 'https://openapiproext.bnf.fr/iiif/presentation/v3/ark:/12148/bpt6k3713895q/manifest.json'
For more information check: https://developer.mozilla.org/en-US/docs/Web/HTTP/Status/403",2026-07-17T18:44:23.873646
lacroix,bpt6k37138964,,failed,0,0,,http_manifest,known,403,manifest,"Client error '403 ' for url 'https://openapiproext.bnf.fr/iiif/presentation/v3/ark:/12148/bpt6k37138964/manifest.json'
For more information check: https://developer.mozilla.org/en-US/docs/Web/HTTP/Status/403",2026-07-17T18:44:25.076250
lacroix,bpt6k3713897j,,failed,0,0,,http_manifest,known,403,manifest,"Client error '403 ' for url 'https://openapiproext.bnf.fr/iiif/presentation/v3/ark:/12148/bpt6k3713897j/manifest.json'
For more information check: https://developer.mozilla.org/en-US/docs/Web/HTTP/Status/403",2026-07-17T18:44:26.277874
lacroix,bpt6k3713898z,,failed,0,0,,http_manifest,known,403,manifest,"Client error '403 ' for url 'https://openapiproext.bnf.fr/iiif/presentation/v3/ark:/12148/bpt6k3713898z/manifest.json'
For more information check: https://developer.mozilla.org/en-US/docs/Web/HTTP/Status/403",2026-07-17T18:44:27.473221
lacroix,bpt6k3713899c,,failed,0,0,,http_manifest,known,403,manifest,"Client error '403 ' for url 'https://openapiproext.bnf.fr/iiif/presentation/v3/ark:/12148/bpt6k3713899c/manifest.json'
For more information check: https://developer.mozilla.org/en-US/docs/Web/HTTP/Status/403",2026-07-17T18:44:28.682675
lacroix,bpt6k3713900k,,failed,0,0,,http_manifest,known,403,manifest,"Client error '403 ' for url 'https://openapiproext.bnf.fr/iiif/presentation/v3/ark:/12148/bpt6k3713900k/manifest.json'
For more information check: https://developer.mozilla.org/en-US/docs/Web/HTTP/Status/403",2026-07-17T18:44:29.879359
lacroix,bpt6k37139010,,failed,0,0,,http_manifest,known,403,manifest,"Client error '403 ' for url 'https://openapiproext.bnf.fr/iiif/presentation/v3/ark:/12148/bpt6k37139010/manifest.json'
For more information check: https://developer.mozilla.org/en-US/docs/Web/HTTP/Status/403",2026-07-17T18:44:31.082630
lacroix,bpt6k3713902d,,failed,0,0,,http_manifest,known,403,manifest,"Client error '403 ' for url 'https://openapiproext.bnf.fr/iiif/presentation/v3/ark:/12148/bpt6k3713902d/manifest.json'
For more information check: https://developer.mozilla.org/en-US/docs/Web/HTTP/Status/403",2026-07-17T18:44:32.293854
lacroix,bpt6k3713903t,,failed,0,0,,http_manifest,known,403,manifest,"Client error '403 ' for url 'https://openapiproext.bnf.fr/iiif/presentation/v3/ark:/12148/bpt6k3713903t/manifest.json'
For more information check: https://developer.mozilla.org/en-US/docs/Web/HTTP/Status/403",2026-07-17T18:44:33.487235
lacroix,bpt6k37139047,,failed,0,0,,http_manifest,known,403,manifest,"Client error '403 ' for url 'https://openapiproext.bnf.fr/iiif/presentation/v3/ark:/12148/bpt6k37139047/manifest.json'
For more information check: https://developer.mozilla.org/en-US/docs/Web/HTTP/Status/403",2026-07-17T18:44:34.711510
lacroix,bpt6k3713905n,,failed,0,0,,http_manifest,known,403,manifest,"Client error '403 ' for url 'https://openapiproext.bnf.fr/iiif/presentation/v3/ark:/12148/bpt6k3713905n/manifest.json'
For more information check: https://developer.mozilla.org/en-US/docs/Web/HTTP/Status/403",2026-07-17T18:44:35.891563
lacroix,bpt6k37139062,,failed,0,0,,http_manifest,known,403,manifest,"Client error '403 ' for url 'https://openapiproext.bnf.fr/iiif/presentation/v3/ark:/12148/bpt6k37139062/manifest.json'
For more information check: https://developer.mozilla.org/en-US/docs/Web/HTTP/Status/403",2026-07-17T18:44:37.087675
lacroix,bpt6k3713907g,,failed,0,0,,http_manifest,known,403,manifest,"Client error '403 ' for url 'https://openapiproext.bnf.fr/iiif/presentation/v3/ark:/12148/bpt6k3713907g/manifest.json'
For more information check: https://developer.mozilla.org/en-US/docs/Web/HTTP/Status/403",2026-07-17T18:44:38.299085
lacroix,bpt6k3713908w,,failed,0,0,,http_manifest,known,403,manifest,"Client error '403 ' for url 'https://openapiproext.bnf.fr/iiif/presentation/v3/ark:/12148/bpt6k3713908w/manifest.json'
For more information check: https://developer.mozilla.org/en-US/docs/Web/HTTP/Status/403",2026-07-17T18:44:39.493732
lacroix,bpt6k37139099,,failed,0,0,,http_manifest,known,403,manifest,"Client error '403 ' for url 'https://openapiproext.bnf.fr/iiif/presentation/v3/ark:/12148/bpt6k37139099/manifest.json'
For more information check: https://developer.mozilla.org/en-US/docs/Web/HTTP/Status/403",2026-07-17T18:44:40.761708
lacroix,bpt6k3713910z,,failed,0,0,,http_manifest,known,403,manifest,"Client error '403 ' for url 'https://openapiproext.bnf.fr/iiif/presentation/v3/ark:/12148/bpt6k3713910z/manifest.json'
For more information check: https://developer.mozilla.org/en-US/docs/Web/HTTP/Status/403",2026-07-17T18:44:41.892928
lacroix,bpt6k3713911c,,failed,0,0,,http_manifest,known,403,manifest,"Client error '403 ' for url 'https://openapiproext.bnf.fr/iiif/presentation/v3/ark:/12148/bpt6k3713911c/manifest.json'
For more information check: https://developer.mozilla.org/en-US/docs/Web/HTTP/Status/403",2026-07-17T18:44:43.101881
lacroix,bpt6k3713912s,,failed,0,0,,http_manifest,known,403,manifest,"Client error '403 ' for url 'https://openapiproext.bnf.fr/iiif/presentation/v3/ark:/12148/bpt6k3713912s/manifest.json'
For more information check: https://developer.mozilla.org/en-US/docs/Web/HTTP/Status/403",2026-07-17T18:44:44.304224
lacroix,bpt6k37139136,,failed,0,0,,http_manifest,known,403,manifest,"Client error '403 ' for url 'https://openapiproext.bnf.fr/iiif/presentation/v3/ark:/12148/bpt6k37139136/manifest.json'
For more information check: https://developer.mozilla.org/en-US/docs/Web/HTTP/Status/403",2026-07-17T18:44:45.497950
lacroix,bpt6k3713914m,,failed,0,0,,http_manifest,known,403,manifest,"Client error '403 ' for url 'https://openapiproext.bnf.fr/iiif/presentation/v3/ark:/12148/bpt6k3713914m/manifest.json'
For more information check: https://developer.mozilla.org/en-US/docs/Web/HTTP/Status/403",2026-07-17T18:44:46.709471
lacroix,bpt6k37139151,,failed,0,0,,http_manifest,known,403,manifest,"Client error '403 ' for url 'https://openapiproext.bnf.fr/iiif/presentation/v3/ark:/12148/bpt6k37139151/manifest.json'
For more information check: https://developer.mozilla.org/en-US/docs/Web/HTTP/Status/403",2026-07-17T18:44:47.899215
lacroix,bpt6k3713916f,,failed,0,0,,http_manifest,known,403,manifest,"Client error '403 ' for url 'https://openapiproext.bnf.fr/iiif/presentation/v3/ark:/12148/bpt6k3713916f/manifest.json'
For more information check: https://developer.mozilla.org/en-US/docs/Web/HTTP/Status/403",2026-07-17T18:44:49.100328
lacroix,bpt6k3713917v,,failed,0,0,,http_manifest,known,403,manifest,"Client error '403 ' for url 'https://openapiproext.bnf.fr/iiif/presentation/v3/ark:/12148/bpt6k3713917v/manifest.json'
For more information check: https://developer.mozilla.org/en-US/docs/Web/HTTP/Status/403",2026-07-17T18:44:50.303701
lacroix,bpt6k37139188,,failed,0,0,,http_manifest,known,403,manifest,"Client error '403 ' for url 'https://openapiproext.bnf.fr/iiif/presentation/v3/ark:/12148/bpt6k37139188/manifest.json'
For more information check: https://developer.mozilla.org/en-US/docs/Web/HTTP/Status/403",2026-07-17T18:44:51.511840
lacroix,bpt6k3713919p,,failed,0,0,,http_manifest,known,403,manifest,"Client error '403 ' for url 'https://openapiproext.bnf.fr/iiif/presentation/v3/ark:/12148/bpt6k3713919p/manifest.json'
For more information check: https://developer.mozilla.org/en-US/docs/Web/HTTP/Status/403",2026-07-17T18:44:52.733158
lacroix,bpt6k3713920b,,failed,0,0,,http_manifest,known,403,manifest,"Client error '403 ' for url 'https://openapiproext.bnf.fr/iiif/presentation/v3/ark:/12148/bpt6k3713920b/manifest.json'
For more information check: https://developer.mozilla.org/en-US/docs/Web/HTTP/Status/403",2026-07-17T18:44:53.906684
lacroix,bpt6k3713921r,,failed,0,0,,http_manifest,known,403,manifest,"Client error '403 ' for url 'https://openapiproext.bnf.fr/iiif/presentation/v3/ark:/12148/bpt6k3713921r/manifest.json'
For more information check: https://developer.mozilla.org/en-US/docs/Web/HTTP/Status/403",2026-07-17T18:44:55.116539
lacroix,bpt6k37139225,,failed,0,0,,http_manifest,known,403,manifest,"Client error '403 ' for url 'https://openapiproext.bnf.fr/iiif/presentation/v3/ark:/12148/bpt6k37139225/manifest.json'
For more information check: https://developer.mozilla.org/en-US/docs/Web/HTTP/Status/403",2026-07-17T18:44:56.312931
lacroix,bpt6k3713923k,,failed,0,0,,http_manifest,known,403,manifest,"Client error '403 ' for url 'https://openapiproext.bnf.fr/iiif/presentation/v3/ark:/12148/bpt6k3713923k/manifest.json'
For more information check: https://developer.mozilla.org/en-US/docs/Web/HTTP/Status/403",2026-07-17T18:44:57.876263
lacroix,bpt6k37139240,,failed,0,0,,http_manifest,known,403,manifest,"Client error '403 ' for url 'https://openapiproext.bnf.fr/iiif/presentation/v3/ark:/12148/bpt6k37139240/manifest.json'
For more information check: https://developer.mozilla.org/en-US/docs/Web/HTTP/Status/403",2026-07-17T18:44:58.717893
lacroix,bpt6k3713925d,,failed,0,0,,http_manifest,known,403,manifest,"Client error '403 ' for url 'https://openapiproext.bnf.fr/iiif/presentation/v3/ark:/12148/bpt6k3713925d/manifest.json'
For more information check: https://developer.mozilla.org/en-US/docs/Web/HTTP/Status/403",2026-07-17T18:44:59.963819
lacroix,bpt6k3713926t,,failed,0,0,,http_manifest,known,403,manifest,"Client error '403 ' for url 'https://openapiproext.bnf.fr/iiif/presentation/v3/ark:/12148/bpt6k3713926t/manifest.json'
For more information check: https://developer.mozilla.org/en-US/docs/Web/HTTP/Status/403",2026-07-17T18:45:01.368490
lacroix,bpt6k37139277,,failed,0,0,,http_manifest,known,403,manifest,"Client error '403 ' for url 'https://openapiproext.bnf.fr/iiif/presentation/v3/ark:/12148/bpt6k37139277/manifest.json'
For more information check: https://developer.mozilla.org/en-US/docs/Web/HTTP/Status/403",2026-07-17T18:45:02.494169
lacroix,bpt6k3713928n,,failed,0,0,,http_manifest,known,403,manifest,"Client error '403 ' for url 'https://openapiproext.bnf.fr/iiif/presentation/v3/ark:/12148/bpt6k3713928n/manifest.json'
For more information check: https://developer.mozilla.org/en-US/docs/Web/HTTP/Status/403",2026-07-17T18:45:03.569531
lacroix,bpt6k37139292,,failed,0,0,,http_manifest,known,403,manifest,"Client error '403 ' for url 'https://openapiproext.bnf.fr/iiif/presentation/v3/ark:/12148/bpt6k37139292/manifest.json'
For more information check: https://developer.mozilla.org/en-US/docs/Web/HTTP/Status/403",2026-07-17T18:45:04.771255
lacroix,bpt6k3713930q,,failed,0,0,,http_manifest,known,403,manifest,"Client error '403 ' for url 'https://openapiproext.bnf.fr/iiif/presentation/v3/ark:/12148/bpt6k3713930q/manifest.json'
For more information check: https://developer.mozilla.org/en-US/docs/Web/HTTP/Status/403",2026-07-17T18:45:06.132760
lacroix,bpt6k37139314,,failed,0,0,,http_manifest,known,403,manifest,"Client error '403 ' for url 'https://openapiproext.bnf.fr/iiif/presentation/v3/ark:/12148/bpt6k37139314/manifest.json'
For more information check: https://developer.mozilla.org/en-US/docs/Web/HTTP/Status/403",2026-07-17T18:45:07.261342
lacroix,bpt6k3713932j,,failed,0,0,,http_manifest,known,403,manifest,"Client error '403 ' for url 'https://openapiproext.bnf.fr/iiif/presentation/v3/ark:/12148/bpt6k3713932j/manifest.json'
For more information check: https://developer.mozilla.org/en-US/docs/Web/HTTP/Status/403",2026-07-17T18:45:08.400776
lacroix,bpt6k3713933z,,failed,0,0,,http_manifest,known,403,manifest,"Client error '403 ' for url 'https://openapiproext.bnf.fr/iiif/presentation/v3/ark:/12148/bpt6k3713933z/manifest.json'
For more information check: https://developer.mozilla.org/en-US/docs/Web/HTTP/Status/403",2026-07-17T18:45:09.702237
lacroix,bpt6k3713934c,,failed,0,0,,http_manifest,known,403,manifest,"Client error '403 ' for url 'https://openapiproext.bnf.fr/iiif/presentation/v3/ark:/12148/bpt6k3713934c/manifest.json'
For more information check: https://developer.mozilla.org/en-US/docs/Web/HTTP/Status/403",2026-07-17T18:45:10.730694
lacroix,bpt6k3713935s,,failed,0,0,,http_manifest,known,403,manifest,"Client error '403 ' for url 'https://openapiproext.bnf.fr/iiif/presentation/v3/ark:/12148/bpt6k3713935s/manifest.json'
For more information check: https://developer.mozilla.org/en-US/docs/Web/HTTP/Status/403",2026-07-17T18:45:11.942012
lacroix,bpt6k37139366,,failed,0,0,,http_manifest,known,403,manifest,"Client error '403 ' for url 'https://openapiproext.bnf.fr/iiif/presentation/v3/ark:/12148/bpt6k37139366/manifest.json'
For more information check: https://developer.mozilla.org/en-US/docs/Web/HTTP/Status/403",2026-07-17T18:45:13.146054
lacroix,bpt6k3713937m,,failed,0,0,,http_manifest,known,403,manifest,"Client error '403 ' for url 'https://openapiproext.bnf.fr/iiif/presentation/v3/ark:/12148/bpt6k3713937m/manifest.json'
For more information check: https://developer.mozilla.org/en-US/docs/Web/HTTP/Status/403",2026-07-17T18:45:14.459233
lacroix,bpt6k37139381,,failed,0,0,,http_manifest,known,403,manifest,"Client error '403 ' for url 'https://openapiproext.bnf.fr/iiif/presentation/v3/ark:/12148/bpt6k37139381/manifest.json'
For more information check: https://developer.mozilla.org/en-US/docs/Web/HTTP/Status/403",2026-07-17T18:45:15.538848
lacroix,bpt6k3713939f,,failed,0,0,,http_manifest,known,403,manifest,"Client error '403 ' for url 'https://openapiproext.bnf.fr/iiif/presentation/v3/ark:/12148/bpt6k3713939f/manifest.json'
For more information check: https://developer.mozilla.org/en-US/docs/Web/HTTP/Status/403",2026-07-17T18:45:16.754552
lacroix,bpt6k37139403,,failed,0,0,,http_manifest,known,403,manifest,"Client error '403 ' for url 'https://openapiproext.bnf.fr/iiif/presentation/v3/ark:/12148/bpt6k37139403/manifest.json'
For more information check: https://developer.mozilla.org/en-US/docs/Web/HTTP/Status/403",2026-07-17T18:45:17.940906
lacroix,bpt6k3713941h,,failed,0,0,,http_manifest,known,403,manifest,"Client error '403 ' for url 'https://openapiproext.bnf.fr/iiif/presentation/v3/ark:/12148/bpt6k3713941h/manifest.json'
For more information check: https://developer.mozilla.org/en-US/docs/Web/HTTP/Status/403",2026-07-17T18:45:19.143113
lacroix,bpt6k3713942x,,failed,0,0,,http_manifest,known,403,manifest,"Client error '403 ' for url 'https://openapiproext.bnf.fr/iiif/presentation/v3/ark:/12148/bpt6k3713942x/manifest.json'
For more information check: https://developer.mozilla.org/en-US/docs/Web/HTTP/Status/403",2026-07-17T18:45:20.339935
lacroix,bpt6k3713943b,,failed,0,0,,http_manifest,known,403,manifest,"Client error '403 ' for url 'https://openapiproext.bnf.fr/iiif/presentation/v3/ark:/12148/bpt6k3713943b/manifest.json'
For more information check: https://developer.mozilla.org/en-US/docs/Web/HTTP/Status/403",2026-07-17T18:45:21.575747
lacroix,bpt6k3713944r,,failed,0,0,,http_manifest,known,403,manifest,"Client error '403 ' for url 'https://openapiproext.bnf.fr/iiif/presentation/v3/ark:/12148/bpt6k3713944r/manifest.json'
For more information check: https://developer.mozilla.org/en-US/docs/Web/HTTP/Status/403",2026-07-17T18:45:22.743320
lacroix,bpt6k37139455,,failed,0,0,,http_manifest,known,403,manifest,"Client error '403 ' for url 'https://openapiproext.bnf.fr/iiif/presentation/v3/ark:/12148/bpt6k37139455/manifest.json'
For more information check: https://developer.mozilla.org/en-US/docs/Web/HTTP/Status/403",2026-07-17T18:45:23.946740
lacroix,bpt6k3713946k,,failed,0,0,,http_manifest,known,403,manifest,"Client error '403 ' for url 'https://openapiproext.bnf.fr/iiif/presentation/v3/ark:/12148/bpt6k3713946k/manifest.json'
For more information check: https://developer.mozilla.org/en-US/docs/Web/HTTP/Status/403",2026-07-17T18:45:25.148385
lacroix,bpt6k37139470,,failed,0,0,,http_manifest,known,403,manifest,"Client error '403 ' for url 'https://openapiproext.bnf.fr/iiif/presentation/v3/ark:/12148/bpt6k37139470/manifest.json'
For more information check: https://developer.mozilla.org/en-US/docs/Web/HTTP/Status/403",2026-07-17T18:45:26.353641
lacroix,bpt6k3713948d,,failed,0,0,,http_manifest,known,403,manifest,"Client error '403 ' for url 'https://openapiproext.bnf.fr/iiif/presentation/v3/ark:/12148/bpt6k3713948d/manifest.json'
For more information check: https://developer.mozilla.org/en-US/docs/Web/HTTP/Status/403",2026-07-17T18:45:27.557001
lacroix,bpt6k3713949t,,failed,0,0,,http_manifest,known,403,manifest,"Client error '403 ' for url 'https://openapiproext.bnf.fr/iiif/presentation/v3/ark:/12148/bpt6k3713949t/manifest.json'
For more information check: https://developer.mozilla.org/en-US/docs/Web/HTTP/Status/403",2026-07-17T18:45:28.753171
lacroix,bpt6k3713950g,,failed,0,0,,http_manifest,known,403,manifest,"Client error '403 ' for url 'https://openapiproext.bnf.fr/iiif/presentation/v3/ark:/12148/bpt6k3713950g/manifest.json'
For more information check: https://developer.mozilla.org/en-US/docs/Web/HTTP/Status/403",2026-07-17T18:45:29.957765
lacroix,bpt6k3713951w,,failed,0,0,,http_manifest,known,403,manifest,"Client error '403 ' for url 'https://openapiproext.bnf.fr/iiif/presentation/v3/ark:/12148/bpt6k3713951w/manifest.json'
For more information check: https://developer.mozilla.org/en-US/docs/Web/HTTP/Status/403",2026-07-17T18:45:31.156677
lacroix,bpt6k37139529,,failed,0,0,,http_manifest,known,403,manifest,"Client error '403 ' for url 'https://openapiproext.bnf.fr/iiif/presentation/v3/ark:/12148/bpt6k37139529/manifest.json'
For more information check: https://developer.mozilla.org/en-US/docs/Web/HTTP/Status/403",2026-07-17T18:45:32.364022
lacroix,bpt6k3713953q,,failed,0,0,,http_manifest,known,403,manifest,"Client error '403 ' for url 'https://openapiproext.bnf.fr/iiif/presentation/v3/ark:/12148/bpt6k3713953q/manifest.json'
For more information check: https://developer.mozilla.org/en-US/docs/Web/HTTP/Status/403",2026-07-17T18:45:33.591374
lacroix,bpt6k37139544,,failed,0,0,,http_manifest,known,403,manifest,"Client error '403 ' for url 'https://openapiproext.bnf.fr/iiif/presentation/v3/ark:/12148/bpt6k37139544/manifest.json'
For more information check: https://developer.mozilla.org/en-US/docs/Web/HTTP/Status/403",2026-07-17T18:45:34.765990
lacroix,bpt6k3713955j,,failed,0,0,,http_manifest,known,403,manifest,"Client error '403 ' for url 'https://openapiproext.bnf.fr/iiif/presentation/v3/ark:/12148/bpt6k3713955j/manifest.json'
For more information check: https://developer.mozilla.org/en-US/docs/Web/HTTP/Status/403",2026-07-17T18:45:35.972913
lacroix,bpt6k3713956z,,failed,0,0,,http_manifest,known,403,manifest,"Client error '403 ' for url 'https://openapiproext.bnf.fr/iiif/presentation/v3/ark:/12148/bpt6k3713956z/manifest.json'
For more information check: https://developer.mozilla.org/en-US/docs/Web/HTTP/Status/403",2026-07-17T18:45:37.165831
lacroix,bpt6k3713957c,,failed,0,0,,http_manifest,known,403,manifest,"Client error '403 ' for url 'https://openapiproext.bnf.fr/iiif/presentation/v3/ark:/12148/bpt6k3713957c/manifest.json'
For more information check: https://developer.mozilla.org/en-US/docs/Web/HTTP/Status/403",2026-07-17T18:45:38.364886
lacroix,bpt6k3713958s,,failed,0,0,,http_manifest,known,403,manifest,"Client error '403 ' for url 'https://openapiproext.bnf.fr/iiif/presentation/v3/ark:/12148/bpt6k3713958s/manifest.json'
For more information check: https://developer.mozilla.org/en-US/docs/Web/HTTP/Status/403",2026-07-17T18:45:39.592609
lacroix,bpt6k37139596,,failed,0,0,,http_manifest,known,403,manifest,"Client error '403 ' for url 'https://openapiproext.bnf.fr/iiif/presentation/v3/ark:/12148/bpt6k37139596/manifest.json'
For more information check: https://developer.mozilla.org/en-US/docs/Web/HTTP/Status/403",2026-07-17T18:45:40.773421
lacroix,bpt6k3713960v,,failed,0,0,,http_manifest,known,403,manifest,"Client error '403 ' for url 'https://openapiproext.bnf.fr/iiif/presentation/v3/ark:/12148/bpt6k3713960v/manifest.json'
For more information check: https://developer.mozilla.org/en-US/docs/Web/HTTP/Status/403",2026-07-17T18:45:41.967698
lacroix,bpt6k37139618,,failed,0,0,,http_manifest,known,403,manifest,"Client error '403 ' for url 'https://openapiproext.bnf.fr/iiif/presentation/v3/ark:/12148/bpt6k37139618/manifest.json'
For more information check: https://developer.mozilla.org/en-US/docs/Web/HTTP/Status/403",2026-07-17T18:45:43.170097
lacroix,bpt6k3713962p,,failed,0,0,,http_manifest,known,403,manifest,"Client error '403 ' for url 'https://openapiproext.bnf.fr/iiif/presentation/v3/ark:/12148/bpt6k3713962p/manifest.json'
For more information check: https://developer.mozilla.org/en-US/docs/Web/HTTP/Status/403",2026-07-17T18:45:44.367881
lacroix,bpt6k37139633,,failed,0,0,,http_manifest,known,403,manifest,"Client error '403 ' for url 'https://openapiproext.bnf.fr/iiif/presentation/v3/ark:/12148/bpt6k37139633/manifest.json'
For more information check: https://developer.mozilla.org/en-US/docs/Web/HTTP/Status/403",2026-07-17T18:45:45.576115
lacroix,bpt6k3713964h,,failed,0,0,,http_manifest,known,403,manifest,"Client error '403 ' for url 'https://openapiproext.bnf.fr/iiif/presentation/v3/ark:/12148/bpt6k3713964h/manifest.json'
For more information check: https://developer.mozilla.org/en-US/docs/Web/HTTP/Status/403",2026-07-17T18:45:46.780103
lacroix,bpt6k3713965x,,failed,0,0,,http_manifest,known,403,manifest,"Client error '403 ' for url 'https://openapiproext.bnf.fr/iiif/presentation/v3/ark:/12148/bpt6k3713965x/manifest.json'
For more information check: https://developer.mozilla.org/en-US/docs/Web/HTTP/Status/403",2026-07-17T18:45:47.980219
lacroix,bpt6k3713966b,,failed,0,0,,http_manifest,known,403,manifest,"Client error '403 ' for url 'https://openapiproext.bnf.fr/iiif/presentation/v3/ark:/12148/bpt6k3713966b/manifest.json'
For more information check: https://developer.mozilla.org/en-US/docs/Web/HTTP/Status/403",2026-07-17T18:45:49.179017
lacroix,bpt6k3713967r,,failed,0,0,,http_manifest,known,403,manifest,"Client error '403 ' for url 'https://openapiproext.bnf.fr/iiif/presentation/v3/ark:/12148/bpt6k3713967r/manifest.json'
For more information check: https://developer.mozilla.org/en-US/docs/Web/HTTP/Status/403",2026-07-17T18:45:50.381029
lacroix,bpt6k37139685,,failed,0,0,,http_manifest,known,403,manifest,"Client error '403 ' for url 'https://openapiproext.bnf.fr/iiif/presentation/v3/ark:/12148/bpt6k37139685/manifest.json'
For more information check: https://developer.mozilla.org/en-US/docs/Web/HTTP/Status/403",2026-07-17T18:45:51.608682
lacroix,bpt6k3713969k,,failed,0,0,,http_manifest,known,403,manifest,"Client error '403 ' for url 'https://openapiproext.bnf.fr/iiif/presentation/v3/ark:/12148/bpt6k3713969k/manifest.json'
For more information check: https://developer.mozilla.org/en-US/docs/Web/HTTP/Status/403",2026-07-17T18:45:52.785277
lacroix,bpt6k37139707,,failed,0,0,,http_manifest,known,403,manifest,"Client error '403 ' for url 'https://openapiproext.bnf.fr/iiif/presentation/v3/ark:/12148/bpt6k37139707/manifest.json'
For more information check: https://developer.mozilla.org/en-US/docs/Web/HTTP/Status/403",2026-07-17T18:45:53.987012
lacroix,bpt6k3713971n,,failed,0,0,,http_manifest,known,403,manifest,"Client error '403 ' for url 'https://openapiproext.bnf.fr/iiif/presentation/v3/ark:/12148/bpt6k3713971n/manifest.json'
For more information check: https://developer.mozilla.org/en-US/docs/Web/HTTP/Status/403",2026-07-17T18:45:55.190869
lacroix,bpt6k37139722,,failed,0,0,,http_manifest,known,403,manifest,"Client error '403 ' for url 'https://openapiproext.bnf.fr/iiif/presentation/v3/ark:/12148/bpt6k37139722/manifest.json'
For more information check: https://developer.mozilla.org/en-US/docs/Web/HTTP/Status/403",2026-07-17T18:45:56.390376
lacroix,bpt6k3713973g,,failed,0,0,,http_manifest,known,403,manifest,"Client error '403 ' for url 'https://openapiproext.bnf.fr/iiif/presentation/v3/ark:/12148/bpt6k3713973g/manifest.json'
For more information check: https://developer.mozilla.org/en-US/docs/Web/HTTP/Status/403",2026-07-17T18:45:57.760011
lacroix,bpt6k3713974w,,failed,0,0,,http_manifest,known,403,manifest,"Client error '403 ' for url 'https://openapiproext.bnf.fr/iiif/presentation/v3/ark:/12148/bpt6k3713974w/manifest.json'
For more information check: https://developer.mozilla.org/en-US/docs/Web/HTTP/Status/403",2026-07-17T18:45:58.796199
lacroix,bpt6k37139759,,failed,0,0,,http_manifest,known,403,manifest,"Client error '403 ' for url 'https://openapiproext.bnf.fr/iiif/presentation/v3/ark:/12148/bpt6k37139759/manifest.json'
For more information check: https://developer.mozilla.org/en-US/docs/Web/HTTP/Status/403",2026-07-17T18:46:00.236322
lacroix,bpt6k3713976q,,failed,0,0,,http_manifest,known,403,manifest,"Client error '403 ' for url 'https://openapiproext.bnf.fr/iiif/presentation/v3/ark:/12148/bpt6k3713976q/manifest.json'
For more information check: https://developer.mozilla.org/en-US/docs/Web/HTTP/Status/403",2026-07-17T18:46:01.379556
lacroix,bpt6k37139774,,failed,0,0,,http_manifest,known,403,manifest,"Client error '403 ' for url 'https://openapiproext.bnf.fr/iiif/presentation/v3/ark:/12148/bpt6k37139774/manifest.json'
For more information check: https://developer.mozilla.org/en-US/docs/Web/HTTP/Status/403",2026-07-17T18:46:02.416741
lacroix,bpt6k3713978j,,failed,0,0,,http_manifest,known,403,manifest,"Client error '403 ' for url 'https://openapiproext.bnf.fr/iiif/presentation/v3/ark:/12148/bpt6k3713978j/manifest.json'
For more information check: https://developer.mozilla.org/en-US/docs/Web/HTTP/Status/403",2026-07-17T18:46:03.631005
lacroix,bpt6k3713979z,,failed,0,0,,http_manifest,known,403,manifest,"Client error '403 ' for url 'https://openapiproext.bnf.fr/iiif/presentation/v3/ark:/12148/bpt6k3713979z/manifest.json'
For more information check: https://developer.mozilla.org/en-US/docs/Web/HTTP/Status/403",2026-07-17T18:46:05.042726
lacroix,bpt6k3713980m,,failed,0,0,,http_manifest,known,403,manifest,"Client error '403 ' for url 'https://openapiproext.bnf.fr/iiif/presentation/v3/ark:/12148/bpt6k3713980m/manifest.json'
For more information check: https://developer.mozilla.org/en-US/docs/Web/HTTP/Status/403",2026-07-17T18:46:06.271454
lacroix,bpt6k37139811,,failed,0,0,,http_manifest,known,403,manifest,"Client error '403 ' for url 'https://openapiproext.bnf.fr/iiif/presentation/v3/ark:/12148/bpt6k37139811/manifest.json'
For more information check: https://developer.mozilla.org/en-US/docs/Web/HTTP/Status/403",2026-07-17T18:46:07.236919
lacroix,bpt6k3713982f,,failed,0,0,,http_manifest,known,403,manifest,"Client error '403 ' for url 'https://openapiproext.bnf.fr/iiif/presentation/v3/ark:/12148/bpt6k3713982f/manifest.json'
For more information check: https://developer.mozilla.org/en-US/docs/Web/HTTP/Status/403",2026-07-17T18:46:08.502607
lacroix,bpt6k3713983v,,failed,0,0,,http_manifest,known,403,manifest,"Client error '403 ' for url 'https://openapiproext.bnf.fr/iiif/presentation/v3/ark:/12148/bpt6k3713983v/manifest.json'
For more information check: https://developer.mozilla.org/en-US/docs/Web/HTTP/Status/403",2026-07-17T18:46:09.830862
lacroix,bpt6k37139848,,failed,0,0,,http_manifest,known,403,manifest,"Client error '403 ' for url 'https://openapiproext.bnf.fr/iiif/presentation/v3/ark:/12148/bpt6k37139848/manifest.json'
For more information check: https://developer.mozilla.org/en-US/docs/Web/HTTP/Status/403",2026-07-17T18:46:10.810654
lacroix,bpt6k3713985p,,failed,0,0,,http_manifest,known,403,manifest,"Client error '403 ' for url 'https://openapiproext.bnf.fr/iiif/presentation/v3/ark:/12148/bpt6k3713985p/manifest.json'
For more information check: https://developer.mozilla.org/en-US/docs/Web/HTTP/Status/403",2026-07-17T18:46:12.017956
lacroix,bpt6k37139863,,failed,0,0,,http_manifest,known,403,manifest,"Client error '403 ' for url 'https://openapiproext.bnf.fr/iiif/presentation/v3/ark:/12148/bpt6k37139863/manifest.json'
For more information check: https://developer.mozilla.org/en-US/docs/Web/HTTP/Status/403",2026-07-17T18:46:13.394612
lacroix,bpt6k3713987h,,failed,0,0,,http_manifest,known,403,manifest,"Client error '403 ' for url 'https://openapiproext.bnf.fr/iiif/presentation/v3/ark:/12148/bpt6k3713987h/manifest.json'
For more information check: https://developer.mozilla.org/en-US/docs/Web/HTTP/Status/403",2026-07-17T18:46:14.418813
lacroix,bpt6k3713988x,,failed,0,0,,http_manifest,known,403,manifest,"Client error '403 ' for url 'https://openapiproext.bnf.fr/iiif/presentation/v3/ark:/12148/bpt6k3713988x/manifest.json'
For more information check: https://developer.mozilla.org/en-US/docs/Web/HTTP/Status/403",2026-07-17T18:46:15.692215
lacroix,bpt6k3713989b,,failed,0,0,,http_manifest,known,403,manifest,"Client error '403 ' for url 'https://openapiproext.bnf.fr/iiif/presentation/v3/ark:/12148/bpt6k3713989b/manifest.json'
For more information check: https://developer.mozilla.org/en-US/docs/Web/HTTP/Status/403",2026-07-17T18:46:16.936399
lacroix,bpt6k37139900,,failed,0,0,,http_manifest,known,403,manifest,"Client error '403 ' for url 'https://openapiproext.bnf.fr/iiif/presentation/v3/ark:/12148/bpt6k37139900/manifest.json'
For more information check: https://developer.mozilla.org/en-US/docs/Web/HTTP/Status/403",2026-07-17T18:46:18.021096
lacroix,bpt6k3713991d,,failed,0,0,,http_manifest,known,403,manifest,"Client error '403 ' for url 'https://openapiproext.bnf.fr/iiif/presentation/v3/ark:/12148/bpt6k3713991d/manifest.json'
For more information check: https://developer.mozilla.org/en-US/docs/Web/HTTP/Status/403",2026-07-17T18:46:19.222110
lacroix,bpt6k3713992t,,failed,0,0,,http_manifest,known,403,manifest,"Client error '403 ' for url 'https://openapiproext.bnf.fr/iiif/presentation/v3/ark:/12148/bpt6k3713992t/manifest.json'
For more information check: https://developer.mozilla.org/en-US/docs/Web/HTTP/Status/403",2026-07-17T18:46:20.563193
lacroix,bpt6k37139937,,failed,0,0,,http_manifest,known,403,manifest,"Client error '403 ' for url 'https://openapiproext.bnf.fr/iiif/presentation/v3/ark:/12148/bpt6k37139937/manifest.json'
For more information check: https://developer.mozilla.org/en-US/docs/Web/HTTP/Status/403",2026-07-17T18:46:21.651061
lacroix,bpt6k3713994n,,failed,0,0,,http_manifest,known,403,manifest,"Client error '403 ' for url 'https://openapiproext.bnf.fr/iiif/presentation/v3/ark:/12148/bpt6k3713994n/manifest.json'
For more information check: https://developer.mozilla.org/en-US/docs/Web/HTTP/Status/403",2026-07-17T18:46:22.827263
lacroix,bpt6k37139952,,failed,0,0,,http_manifest,known,403,manifest,"Client error '403 ' for url 'https://openapiproext.bnf.fr/iiif/presentation/v3/ark:/12148/bpt6k37139952/manifest.json'
For more information check: https://developer.mozilla.org/en-US/docs/Web/HTTP/Status/403",2026-07-17T18:46:24.027226
lacroix,bpt6k3713996g,,failed,0,0,,http_manifest,known,403,manifest,"Client error '403 ' for url 'https://openapiproext.bnf.fr/iiif/presentation/v3/ark:/12148/bpt6k3713996g/manifest.json'
For more information check: https://developer.mozilla.org/en-US/docs/Web/HTTP/Status/403",2026-07-17T18:46:25.246239
lacroix,bpt6k3713997w,,failed,0,0,,http_manifest,known,403,manifest,"Client error '403 ' for url 'https://openapiproext.bnf.fr/iiif/presentation/v3/ark:/12148/bpt6k3713997w/manifest.json'
For more information check: https://developer.mozilla.org/en-US/docs/Web/HTTP/Status/403",2026-07-17T18:46:26.432809
lacroix,bpt6k37139989,,failed,0,0,,http_manifest,known,403,manifest,"Client error '403 ' for url 'https://openapiproext.bnf.fr/iiif/presentation/v3/ark:/12148/bpt6k37139989/manifest.json'
For more information check: https://developer.mozilla.org/en-US/docs/Web/HTTP/Status/403",2026-07-17T18:46:27.634764
lacroix,bpt6k3713999q,,failed,0,0,,http_manifest,known,403,manifest,"Client error '403 ' for url 'https://openapiproext.bnf.fr/iiif/presentation/v3/ark:/12148/bpt6k3713999q/manifest.json'
For more information check: https://developer.mozilla.org/en-US/docs/Web/HTTP/Status/403",2026-07-17T18:46:28.835236
lacroix,bpt6k3714000s,,failed,0,0,,http_manifest,known,403,manifest,"Client error '403 ' for url 'https://openapiproext.bnf.fr/iiif/presentation/v3/ark:/12148/bpt6k3714000s/manifest.json'
For more information check: https://developer.mozilla.org/en-US/docs/Web/HTTP/Status/403",2026-07-17T18:46:30.035767
lacroix,bpt6k37140016,,failed,0,0,,http_manifest,known,403,manifest,"Client error '403 ' for url 'https://openapiproext.bnf.fr/iiif/presentation/v3/ark:/12148/bpt6k37140016/manifest.json'
For more information check: https://developer.mozilla.org/en-US/docs/Web/HTTP/Status/403",2026-07-17T18:46:31.245538
lacroix,bpt6k3714002m,,failed,0,0,,http_manifest,known,403,manifest,"Client error '403 ' for url 'https://openapiproext.bnf.fr/iiif/presentation/v3/ark:/12148/bpt6k3714002m/manifest.json'
For more information check: https://developer.mozilla.org/en-US/docs/Web/HTTP/Status/403",2026-07-17T18:46:32.442397
lacroix,bpt6k37140031,,failed,0,0,,http_manifest,known,403,manifest,"Client error '403 ' for url 'https://openapiproext.bnf.fr/iiif/presentation/v3/ark:/12148/bpt6k37140031/manifest.json'
For more information check: https://developer.mozilla.org/en-US/docs/Web/HTTP/Status/403",2026-07-17T18:46:33.669840
lacroix,bpt6k3714004f,,failed,0,0,,http_manifest,known,403,manifest,"Client error '403 ' for url 'https://openapiproext.bnf.fr/iiif/presentation/v3/ark:/12148/bpt6k3714004f/manifest.json'
For more information check: https://developer.mozilla.org/en-US/docs/Web/HTTP/Status/403",2026-07-17T18:46:34.847059
lacroix,bpt6k3714005v,,failed,0,0,,http_manifest,known,403,manifest,"Client error '403 ' for url 'https://openapiproext.bnf.fr/iiif/presentation/v3/ark:/12148/bpt6k3714005v/manifest.json'
For more information check: https://developer.mozilla.org/en-US/docs/Web/HTTP/Status/403",2026-07-17T18:46:36.049915
lacroix,bpt6k37140068,,failed,0,0,,http_manifest,known,403,manifest,"Client error '403 ' for url 'https://openapiproext.bnf.fr/iiif/presentation/v3/ark:/12148/bpt6k37140068/manifest.json'
For more information check: https://developer.mozilla.org/en-US/docs/Web/HTTP/Status/403",2026-07-17T18:46:37.255752
lacroix,bpt6k3714007p,,failed,0,0,,http_manifest,known,403,manifest,"Client error '403 ' for url 'https://openapiproext.bnf.fr/iiif/presentation/v3/ark:/12148/bpt6k3714007p/manifest.json'
For more information check: https://developer.mozilla.org/en-US/docs/Web/HTTP/Status/403",2026-07-17T18:46:38.457574
lacroix,bpt6k37140083,,failed,0,0,,http_manifest,known,403,manifest,"Client error '403 ' for url 'https://openapiproext.bnf.fr/iiif/presentation/v3/ark:/12148/bpt6k37140083/manifest.json'
For more information check: https://developer.mozilla.org/en-US/docs/Web/HTTP/Status/403",2026-07-17T18:46:39.673101
lacroix,bpt6k3714009h,,failed,0,0,,http_manifest,known,403,manifest,"Client error '403 ' for url 'https://openapiproext.bnf.fr/iiif/presentation/v3/ark:/12148/bpt6k3714009h/manifest.json'
For more information check: https://developer.mozilla.org/en-US/docs/Web/HTTP/Status/403",2026-07-17T18:46:41.172485
lacroix,bpt6k37140105,,failed,0,0,,http_manifest,known,403,manifest,"Client error '403 ' for url 'https://openapiproext.bnf.fr/iiif/presentation/v3/ark:/12148/bpt6k37140105/manifest.json'
For more information check: https://developer.mozilla.org/en-US/docs/Web/HTTP/Status/403",2026-07-17T18:46:42.328190
lacroix,bpt6k3714011k,,failed,0,0,,http_manifest,known,403,manifest,"Client error '403 ' for url 'https://openapiproext.bnf.fr/iiif/presentation/v3/ark:/12148/bpt6k3714011k/manifest.json'
For more information check: https://developer.mozilla.org/en-US/docs/Web/HTTP/Status/403",2026-07-17T18:46:43.524547
lacroix,bpt6k37140120,,failed,0,0,,http_manifest,known,403,manifest,"Client error '403 ' for url 'https://openapiproext.bnf.fr/iiif/presentation/v3/ark:/12148/bpt6k37140120/manifest.json'
For more information check: https://developer.mozilla.org/en-US/docs/Web/HTTP/Status/403",2026-07-17T18:46:44.728482
lacroix,bpt6k3714013d,,failed,0,0,,http_manifest,known,403,manifest,"Client error '403 ' for url 'https://openapiproext.bnf.fr/iiif/presentation/v3/ark:/12148/bpt6k3714013d/manifest.json'
For more information check: https://developer.mozilla.org/en-US/docs/Web/HTTP/Status/403",2026-07-17T18:46:45.937766
lacroix,bpt6k3714014t,,failed,0,0,,http_manifest,known,403,manifest,"Client error '403 ' for url 'https://openapiproext.bnf.fr/iiif/presentation/v3/ark:/12148/bpt6k3714014t/manifest.json'
For more information check: https://developer.mozilla.org/en-US/docs/Web/HTTP/Status/403",2026-07-17T18:46:47.147734
lacroix,bpt6k37140157,,failed,0,0,,http_manifest,known,403,manifest,"Client error '403 ' for url 'https://openapiproext.bnf.fr/iiif/presentation/v3/ark:/12148/bpt6k37140157/manifest.json'
For more information check: https://developer.mozilla.org/en-US/docs/Web/HTTP/Status/403",2026-07-17T18:46:48.332504
lacroix,bpt6k3714016n,,failed,0,0,,http_manifest,known,403,manifest,"Client error '403 ' for url 'https://openapiproext.bnf.fr/iiif/presentation/v3/ark:/12148/bpt6k3714016n/manifest.json'
For more information check: https://developer.mozilla.org/en-US/docs/Web/HTTP/Status/403",2026-07-17T18:46:49.534993
lacroix,bpt6k37140172,,failed,0,0,,http_manifest,known,403,manifest,"Client error '403 ' for url 'https://openapiproext.bnf.fr/iiif/presentation/v3/ark:/12148/bpt6k37140172/manifest.json'
For more information check: https://developer.mozilla.org/en-US/docs/Web/HTTP/Status/403",2026-07-17T18:46:50.738876
lacroix,bpt6k3714018g,,failed,0,0,,http_manifest,known,403,manifest,"Client error '403 ' for url 'https://openapiproext.bnf.fr/iiif/presentation/v3/ark:/12148/bpt6k3714018g/manifest.json'
For more information check: https://developer.mozilla.org/en-US/docs/Web/HTTP/Status/403",2026-07-17T18:46:51.937313
lacroix,bpt6k3714019w,,failed,0,0,,http_manifest,known,403,manifest,"Client error '403 ' for url 'https://openapiproext.bnf.fr/iiif/presentation/v3/ark:/12148/bpt6k3714019w/manifest.json'
For more information check: https://developer.mozilla.org/en-US/docs/Web/HTTP/Status/403",2026-07-17T18:46:53.142612
lacroix,bpt6k3714020j,,failed,0,0,,http_manifest,known,403,manifest,"Client error '403 ' for url 'https://openapiproext.bnf.fr/iiif/presentation/v3/ark:/12148/bpt6k3714020j/manifest.json'
For more information check: https://developer.mozilla.org/en-US/docs/Web/HTTP/Status/403",2026-07-17T18:46:54.342865
lacroix,bpt6k3714021z,,failed,0,0,,http_manifest,known,403,manifest,"Client error '403 ' for url 'https://openapiproext.bnf.fr/iiif/presentation/v3/ark:/12148/bpt6k3714021z/manifest.json'
For more information check: https://developer.mozilla.org/en-US/docs/Web/HTTP/Status/403",2026-07-17T18:46:55.542481
lacroix,bpt6k3714022c,,failed,0,0,,http_manifest,known,403,manifest,"Client error '403 ' for url 'https://openapiproext.bnf.fr/iiif/presentation/v3/ark:/12148/bpt6k3714022c/manifest.json'
For more information check: https://developer.mozilla.org/en-US/docs/Web/HTTP/Status/403",2026-07-17T18:46:56.745318
lacroix,bpt6k3714023s,,failed,0,0,,http_manifest,known,403,manifest,"Client error '403 ' for url 'https://openapiproext.bnf.fr/iiif/presentation/v3/ark:/12148/bpt6k3714023s/manifest.json'
For more information check: https://developer.mozilla.org/en-US/docs/Web/HTTP/Status/403",2026-07-17T18:46:57.948587
lacroix,bpt6k37140246,,failed,0,0,,http_manifest,known,403,manifest,"Client error '403 ' for url 'https://openapiproext.bnf.fr/iiif/presentation/v3/ark:/12148/bpt6k37140246/manifest.json'
For more information check: https://developer.mozilla.org/en-US/docs/Web/HTTP/Status/403",2026-07-17T18:46:59.322019
lacroix,bpt6k3714025m,,failed,0,0,,http_manifest,known,403,manifest,"Client error '403 ' for url 'https://openapiproext.bnf.fr/iiif/presentation/v3/ark:/12148/bpt6k3714025m/manifest.json'
For more information check: https://developer.mozilla.org/en-US/docs/Web/HTTP/Status/403",2026-07-17T18:47:00.547411
lacroix,bpt6k37140261,,failed,0,0,,http_manifest,known,403,manifest,"Client error '403 ' for url 'https://openapiproext.bnf.fr/iiif/presentation/v3/ark:/12148/bpt6k37140261/manifest.json'
For more information check: https://developer.mozilla.org/en-US/docs/Web/HTTP/Status/403",2026-07-17T18:47:01.551894
lacroix,bpt6k3714027f,,failed,0,0,,http_manifest,known,403,manifest,"Client error '403 ' for url 'https://openapiproext.bnf.fr/iiif/presentation/v3/ark:/12148/bpt6k3714027f/manifest.json'
For more information check: https://developer.mozilla.org/en-US/docs/Web/HTTP/Status/403",2026-07-17T18:47:02.753282
lacroix,bpt6k3714028v,,failed,0,0,,http_manifest,known,403,manifest,"Client error '403 ' for url 'https://openapiproext.bnf.fr/iiif/presentation/v3/ark:/12148/bpt6k3714028v/manifest.json'
For more information check: https://developer.mozilla.org/en-US/docs/Web/HTTP/Status/403",2026-07-17T18:47:04.144523
lacroix,bpt6k37140298,,failed,0,0,,http_manifest,known,403,manifest,"Client error '403 ' for url 'https://openapiproext.bnf.fr/iiif/presentation/v3/ark:/12148/bpt6k37140298/manifest.json'
For more information check: https://developer.mozilla.org/en-US/docs/Web/HTTP/Status/403",2026-07-17T18:47:05.176301
lacroix,bpt6k3714030x,,failed,0,0,,http_manifest,known,403,manifest,"Client error '403 ' for url 'https://openapiproext.bnf.fr/iiif/presentation/v3/ark:/12148/bpt6k3714030x/manifest.json'
For more information check: https://developer.mozilla.org/en-US/docs/Web/HTTP/Status/403",2026-07-17T18:47:06.518673
lacroix,bpt6k3714031b,,failed,0,0,,http_manifest,known,403,manifest,"Client error '403 ' for url 'https://openapiproext.bnf.fr/iiif/presentation/v3/ark:/12148/bpt6k3714031b/manifest.json'
For more information check: https://developer.mozilla.org/en-US/docs/Web/HTTP/Status/403",2026-07-17T18:47:07.560088
lacroix,bpt6k3714032r,,failed,0,0,,http_manifest,known,403,manifest,"Client error '403 ' for url 'https://openapiproext.bnf.fr/iiif/presentation/v3/ark:/12148/bpt6k3714032r/manifest.json'
For more information check: https://developer.mozilla.org/en-US/docs/Web/HTTP/Status/403",2026-07-17T18:47:08.760991
lacroix,bpt6k37140335,,failed,0,0,,http_manifest,known,403,manifest,"Client error '403 ' for url 'https://openapiproext.bnf.fr/iiif/presentation/v3/ark:/12148/bpt6k37140335/manifest.json'
For more information check: https://developer.mozilla.org/en-US/docs/Web/HTTP/Status/403",2026-07-17T18:47:09.967732
lacroix,bpt6k3714034k,,failed,0,0,,http_manifest,known,403,manifest,"Client error '403 ' for url 'https://openapiproext.bnf.fr/iiif/presentation/v3/ark:/12148/bpt6k3714034k/manifest.json'
For more information check: https://developer.mozilla.org/en-US/docs/Web/HTTP/Status/403",2026-07-17T18:47:11.396913
lacroix,bpt6k3718688f,,failed,0,0,,http_manifest,known,403,manifest,"Client error '403 ' for url 'https://openapiproext.bnf.fr/iiif/presentation/v3/ark:/12148/bpt6k3718688f/manifest.json'
For more information check: https://developer.mozilla.org/en-US/docs/Web/HTTP/Status/403",2026-07-17T18:47:12.547133
lacroix,bpt6k3718169c,,failed,0,0,,http_manifest,known,403,manifest,"Client error '403 ' for url 'https://openapiproext.bnf.fr/iiif/presentation/v3/ark:/12148/bpt6k3718169c/manifest.json'
For more information check: https://developer.mozilla.org/en-US/docs/Web/HTTP/Status/403",2026-07-17T18:47:13.570960
lacroix,bpt6k3718689v,,failed,0,0,,http_manifest,known,403,manifest,"Client error '403 ' for url 'https://openapiproext.bnf.fr/iiif/presentation/v3/ark:/12148/bpt6k3718689v/manifest.json'
For more information check: https://developer.mozilla.org/en-US/docs/Web/HTTP/Status/403",2026-07-17T18:47:14.947592
lacroix,bpt6k3718690h,,failed,0,0,,http_manifest,known,403,manifest,"Client error '403 ' for url 'https://openapiproext.bnf.fr/iiif/presentation/v3/ark:/12148/bpt6k3718690h/manifest.json'
For more information check: https://developer.mozilla.org/en-US/docs/Web/HTTP/Status/403",2026-07-17T18:47:16.019940
lacroix,bpt6k3718691x,,failed,0,0,,http_manifest,known,403,manifest,"Client error '403 ' for url 'https://openapiproext.bnf.fr/iiif/presentation/v3/ark:/12148/bpt6k3718691x/manifest.json'
For more information check: https://developer.mozilla.org/en-US/docs/Web/HTTP/Status/403",2026-07-17T18:47:17.273493
lacroix,bpt6k3718692b,,failed,0,0,,http_manifest,known,403,manifest,"Client error '403 ' for url 'https://openapiproext.bnf.fr/iiif/presentation/v3/ark:/12148/bpt6k3718692b/manifest.json'
For more information check: https://developer.mozilla.org/en-US/docs/Web/HTTP/Status/403",2026-07-17T18:47:18.466586
lacroix,bpt6k3718693r,,failed,0,0,,http_manifest,known,403,manifest,"Client error '403 ' for url 'https://openapiproext.bnf.fr/iiif/presentation/v3/ark:/12148/bpt6k3718693r/manifest.json'
For more information check: https://developer.mozilla.org/en-US/docs/Web/HTTP/Status/403",2026-07-17T18:47:19.576248
lacroix,bpt6k37186945,,failed,0,0,,http_manifest,known,403,manifest,"Client error '403 ' for url 'https://openapiproext.bnf.fr/iiif/presentation/v3/ark:/12148/bpt6k37186945/manifest.json'
For more information check: https://developer.mozilla.org/en-US/docs/Web/HTTP/Status/403",2026-07-17T18:47:20.781584
lacroix,bpt6k3718695k,,failed,0,0,,http_manifest,known,403,manifest,"Client error '403 ' for url 'https://openapiproext.bnf.fr/iiif/presentation/v3/ark:/12148/bpt6k3718695k/manifest.json'
For more information check: https://developer.mozilla.org/en-US/docs/Web/HTTP/Status/403",2026-07-17T18:47:21.988441
lacroix,bpt6k37186960,,failed,0,0,,http_manifest,known,403,manifest,"Client error '403 ' for url 'https://openapiproext.bnf.fr/iiif/presentation/v3/ark:/12148/bpt6k37186960/manifest.json'
For more information check: https://developer.mozilla.org/en-US/docs/Web/HTTP/Status/403",2026-07-17T18:47:23.180479
lacroix,bpt6k3718697d,,failed,0,0,,http_manifest,known,403,manifest,"Client error '403 ' for url 'https://openapiproext.bnf.fr/iiif/presentation/v3/ark:/12148/bpt6k3718697d/manifest.json'
For more information check: https://developer.mozilla.org/en-US/docs/Web/HTTP/Status/403",2026-07-17T18:47:24.381850
lacroix,bpt6k3718698t,,failed,0,0,,http_manifest,known,403,manifest,"Client error '403 ' for url 'https://openapiproext.bnf.fr/iiif/presentation/v3/ark:/12148/bpt6k3718698t/manifest.json'
For more information check: https://developer.mozilla.org/en-US/docs/Web/HTTP/Status/403",2026-07-17T18:47:25.586711
lacroix,bpt6k37186997,,failed,0,0,,http_manifest,known,403,manifest,"Client error '403 ' for url 'https://openapiproext.bnf.fr/iiif/presentation/v3/ark:/12148/bpt6k37186997/manifest.json'
For more information check: https://developer.mozilla.org/en-US/docs/Web/HTTP/Status/403",2026-07-17T18:47:26.797044
lacroix,bpt6k3718700f,,failed,0,0,,http_manifest,known,403,manifest,"Client error '403 ' for url 'https://openapiproext.bnf.fr/iiif/presentation/v3/ark:/12148/bpt6k3718700f/manifest.json'
For more information check: https://developer.mozilla.org/en-US/docs/Web/HTTP/Status/403",2026-07-17T18:47:27.990167
lacroix,bpt6k3718701v,,failed,0,0,,http_manifest,known,403,manifest,"Client error '403 ' for url 'https://openapiproext.bnf.fr/iiif/presentation/v3/ark:/12148/bpt6k3718701v/manifest.json'
For more information check: https://developer.mozilla.org/en-US/docs/Web/HTTP/Status/403",2026-07-17T18:47:29.224723
lacroix,bpt6k37187028,,failed,0,0,,http_manifest,known,403,manifest,"Client error '403 ' for url 'https://openapiproext.bnf.fr/iiif/presentation/v3/ark:/12148/bpt6k37187028/manifest.json'
For more information check: https://developer.mozilla.org/en-US/docs/Web/HTTP/Status/403",2026-07-17T18:47:30.393502
lacroix,bpt6k3718703p,,failed,0,0,,http_manifest,known,403,manifest,"Client error '403 ' for url 'https://openapiproext.bnf.fr/iiif/presentation/v3/ark:/12148/bpt6k3718703p/manifest.json'
For more information check: https://developer.mozilla.org/en-US/docs/Web/HTTP/Status/403",2026-07-17T18:47:31.593705
lacroix,bpt6k37187043,,failed,0,0,,http_manifest,known,403,manifest,"Client error '403 ' for url 'https://openapiproext.bnf.fr/iiif/presentation/v3/ark:/12148/bpt6k37187043/manifest.json'
For more information check: https://developer.mozilla.org/en-US/docs/Web/HTTP/Status/403",2026-07-17T18:47:32.798234
lacroix,bpt6k3718705h,,failed,0,0,,http_manifest,known,403,manifest,"Client error '403 ' for url 'https://openapiproext.bnf.fr/iiif/presentation/v3/ark:/12148/bpt6k3718705h/manifest.json'
For more information check: https://developer.mozilla.org/en-US/docs/Web/HTTP/Status/403",2026-07-17T18:47:33.993365
lacroix,bpt6k3718706x,,failed,0,0,,http_manifest,known,403,manifest,"Client error '403 ' for url 'https://openapiproext.bnf.fr/iiif/presentation/v3/ark:/12148/bpt6k3718706x/manifest.json'
For more information check: https://developer.mozilla.org/en-US/docs/Web/HTTP/Status/403",2026-07-17T18:47:35.203398
lacroix,bpt6k3718707b,,failed,0,0,,http_manifest,known,403,manifest,"Client error '403 ' for url 'https://openapiproext.bnf.fr/iiif/presentation/v3/ark:/12148/bpt6k3718707b/manifest.json'
For more information check: https://developer.mozilla.org/en-US/docs/Web/HTTP/Status/403",2026-07-17T18:47:36.414721
lacroix,bpt6k3718708r,,failed,0,0,,http_manifest,known,403,manifest,"Client error '403 ' for url 'https://openapiproext.bnf.fr/iiif/presentation/v3/ark:/12148/bpt6k3718708r/manifest.json'
For more information check: https://developer.mozilla.org/en-US/docs/Web/HTTP/Status/403",2026-07-17T18:47:37.605271
lacroix,bpt6k37187095,,failed,0,0,,http_manifest,known,403,manifest,"Client error '403 ' for url 'https://openapiproext.bnf.fr/iiif/presentation/v3/ark:/12148/bpt6k37187095/manifest.json'
For more information check: https://developer.mozilla.org/en-US/docs/Web/HTTP/Status/403",2026-07-17T18:47:38.803248
lacroix,bpt6k3718710t,,failed,0,0,,http_manifest,known,403,manifest,"Client error '403 ' for url 'https://openapiproext.bnf.fr/iiif/presentation/v3/ark:/12148/bpt6k3718710t/manifest.json'
For more information check: https://developer.mozilla.org/en-US/docs/Web/HTTP/Status/403",2026-07-17T18:47:40.003779
lacroix,bpt6k37187117,,failed,0,0,,http_manifest,known,403,manifest,"Client error '403 ' for url 'https://openapiproext.bnf.fr/iiif/presentation/v3/ark:/12148/bpt6k37187117/manifest.json'
For more information check: https://developer.mozilla.org/en-US/docs/Web/HTTP/Status/403",2026-07-17T18:47:41.229116
lacroix,bpt6k3718712n,,failed,0,0,,http_manifest,known,403,manifest,"Client error '403 ' for url 'https://openapiproext.bnf.fr/iiif/presentation/v3/ark:/12148/bpt6k3718712n/manifest.json'
For more information check: https://developer.mozilla.org/en-US/docs/Web/HTTP/Status/403",2026-07-17T18:47:42.410854
lacroix,bpt6k37187132,,failed,0,0,,http_manifest,known,403,manifest,"Client error '403 ' for url 'https://openapiproext.bnf.fr/iiif/presentation/v3/ark:/12148/bpt6k37187132/manifest.json'
For more information check: https://developer.mozilla.org/en-US/docs/Web/HTTP/Status/403",2026-07-17T18:47:43.609361
lacroix,bpt6k3718714g,,failed,0,0,,http_manifest,known,403,manifest,"Client error '403 ' for url 'https://openapiproext.bnf.fr/iiif/presentation/v3/ark:/12148/bpt6k3718714g/manifest.json'
For more information check: https://developer.mozilla.org/en-US/docs/Web/HTTP/Status/403",2026-07-17T18:47:44.815570
lacroix,bpt6k3718715w,,failed,0,0,,http_manifest,known,403,manifest,"Client error '403 ' for url 'https://openapiproext.bnf.fr/iiif/presentation/v3/ark:/12148/bpt6k3718715w/manifest.json'
For more information check: https://developer.mozilla.org/en-US/docs/Web/HTTP/Status/403",2026-07-17T18:47:46.013439
lacroix,bpt6k37187169,,failed,0,0,,http_manifest,known,403,manifest,"Client error '403 ' for url 'https://openapiproext.bnf.fr/iiif/presentation/v3/ark:/12148/bpt6k37187169/manifest.json'
For more information check: https://developer.mozilla.org/en-US/docs/Web/HTTP/Status/403",2026-07-17T18:47:47.231931
lacroix,bpt6k3718717q,,failed,0,0,,http_manifest,known,403,manifest,"Client error '403 ' for url 'https://openapiproext.bnf.fr/iiif/presentation/v3/ark:/12148/bpt6k3718717q/manifest.json'
For more information check: https://developer.mozilla.org/en-US/docs/Web/HTTP/Status/403",2026-07-17T18:47:48.417280
lacroix,bpt6k37187184,,failed,0,0,,http_manifest,known,403,manifest,"Client error '403 ' for url 'https://openapiproext.bnf.fr/iiif/presentation/v3/ark:/12148/bpt6k37187184/manifest.json'
For more information check: https://developer.mozilla.org/en-US/docs/Web/HTTP/Status/403",2026-07-17T18:47:49.621073
lacroix,bpt6k3718719j,,failed,0,0,,http_manifest,known,403,manifest,"Client error '403 ' for url 'https://openapiproext.bnf.fr/iiif/presentation/v3/ark:/12148/bpt6k3718719j/manifest.json'
For more information check: https://developer.mozilla.org/en-US/docs/Web/HTTP/Status/403",2026-07-17T18:47:50.819006
lacroix,bpt6k37187206,,failed,0,0,,http_manifest,known,403,manifest,"Client error '403 ' for url 'https://openapiproext.bnf.fr/iiif/presentation/v3/ark:/12148/bpt6k37187206/manifest.json'
For more information check: https://developer.mozilla.org/en-US/docs/Web/HTTP/Status/403",2026-07-17T18:47:52.021998
lacroix,bpt6k3718721m,,failed,0,0,,http_manifest,known,403,manifest,"Client error '403 ' for url 'https://openapiproext.bnf.fr/iiif/presentation/v3/ark:/12148/bpt6k3718721m/manifest.json'
For more information check: https://developer.mozilla.org/en-US/docs/Web/HTTP/Status/403",2026-07-17T18:47:53.222308
lacroix,bpt6k37187221,,failed,0,0,,http_manifest,known,403,manifest,"Client error '403 ' for url 'https://openapiproext.bnf.fr/iiif/presentation/v3/ark:/12148/bpt6k37187221/manifest.json'
For more information check: https://developer.mozilla.org/en-US/docs/Web/HTTP/Status/403",2026-07-17T18:47:54.424173
lacroix,bpt6k3718723f,,failed,0,0,,http_manifest,known,403,manifest,"Client error '403 ' for url 'https://openapiproext.bnf.fr/iiif/presentation/v3/ark:/12148/bpt6k3718723f/manifest.json'
For more information check: https://developer.mozilla.org/en-US/docs/Web/HTTP/Status/403",2026-07-17T18:47:55.624173
lacroix,bpt6k3718724v,,failed,0,0,,http_manifest,known,403,manifest,"Client error '403 ' for url 'https://openapiproext.bnf.fr/iiif/presentation/v3/ark:/12148/bpt6k3718724v/manifest.json'
For more information check: https://developer.mozilla.org/en-US/docs/Web/HTTP/Status/403",2026-07-17T18:47:56.825748
lacroix,bpt6k37187258,,failed,0,0,,http_manifest,known,403,manifest,"Client error '403 ' for url 'https://openapiproext.bnf.fr/iiif/presentation/v3/ark:/12148/bpt6k37187258/manifest.json'
For more information check: https://developer.mozilla.org/en-US/docs/Web/HTTP/Status/403",2026-07-17T18:47:58.201234
lacroix,bpt6k3718726p,,failed,0,0,,http_manifest,known,403,manifest,"Client error '403 ' for url 'https://openapiproext.bnf.fr/iiif/presentation/v3/ark:/12148/bpt6k3718726p/manifest.json'
For more information check: https://developer.mozilla.org/en-US/docs/Web/HTTP/Status/403",2026-07-17T18:47:59.420876
lacroix,bpt6k37187273,,failed,0,0,,http_manifest,known,403,manifest,"Client error '403 ' for url 'https://openapiproext.bnf.fr/iiif/presentation/v3/ark:/12148/bpt6k37187273/manifest.json'
For more information check: https://developer.mozilla.org/en-US/docs/Web/HTTP/Status/403",2026-07-17T18:48:00.449104
lacroix,bpt6k3718728h,,failed,0,0,,http_manifest,known,403,manifest,"Client error '403 ' for url 'https://openapiproext.bnf.fr/iiif/presentation/v3/ark:/12148/bpt6k3718728h/manifest.json'
For more information check: https://developer.mozilla.org/en-US/docs/Web/HTTP/Status/403",2026-07-17T18:48:01.838947
lacroix,bpt6k3718729x,,failed,0,0,,http_manifest,known,403,manifest,"Client error '403 ' for url 'https://openapiproext.bnf.fr/iiif/presentation/v3/ark:/12148/bpt6k3718729x/manifest.json'
For more information check: https://developer.mozilla.org/en-US/docs/Web/HTTP/Status/403",2026-07-17T18:48:02.831634
lacroix,bpt6k3718730k,,failed,0,0,,http_manifest,known,403,manifest,"Client error '403 ' for url 'https://openapiproext.bnf.fr/iiif/presentation/v3/ark:/12148/bpt6k3718730k/manifest.json'
For more information check: https://developer.mozilla.org/en-US/docs/Web/HTTP/Status/403",2026-07-17T18:48:04.182477
lacroix,bpt6k37187310,,failed,0,0,,http_manifest,known,403,manifest,"Client error '403 ' for url 'https://openapiproext.bnf.fr/iiif/presentation/v3/ark:/12148/bpt6k37187310/manifest.json'
For more information check: https://developer.mozilla.org/en-US/docs/Web/HTTP/Status/403",2026-07-17T18:48:05.452210
lacroix,bpt6k3718732d,,failed,0,0,,http_manifest,known,403,manifest,"Client error '403 ' for url 'https://openapiproext.bnf.fr/iiif/presentation/v3/ark:/12148/bpt6k3718732d/manifest.json'
For more information check: https://developer.mozilla.org/en-US/docs/Web/HTTP/Status/403",2026-07-17T18:48:06.603063
lacroix,bpt6k3718733t,,failed,0,0,,http_manifest,known,403,manifest,"Client error '403 ' for url 'https://openapiproext.bnf.fr/iiif/presentation/v3/ark:/12148/bpt6k3718733t/manifest.json'
For more information check: https://developer.mozilla.org/en-US/docs/Web/HTTP/Status/403",2026-07-17T18:48:07.640981
lacroix,bpt6k37187347,,failed,0,0,,http_manifest,known,403,manifest,"Client error '403 ' for url 'https://openapiproext.bnf.fr/iiif/presentation/v3/ark:/12148/bpt6k37187347/manifest.json'
For more information check: https://developer.mozilla.org/en-US/docs/Web/HTTP/Status/403",2026-07-17T18:48:08.845355
lacroix,bpt6k3718735n,,failed,0,0,,http_manifest,known,403,manifest,"Client error '403 ' for url 'https://openapiproext.bnf.fr/iiif/presentation/v3/ark:/12148/bpt6k3718735n/manifest.json'
For more information check: https://developer.mozilla.org/en-US/docs/Web/HTTP/Status/403",2026-07-17T18:48:10.046919
lacroix,bpt6k37187362,,failed,0,0,,http_manifest,known,403,manifest,"Client error '403 ' for url 'https://openapiproext.bnf.fr/iiif/presentation/v3/ark:/12148/bpt6k37187362/manifest.json'
For more information check: https://developer.mozilla.org/en-US/docs/Web/HTTP/Status/403",2026-07-17T18:48:11.274606
lacroix,bpt6k3718737g,,failed,0,0,,http_manifest,known,403,manifest,"Client error '403 ' for url 'https://openapiproext.bnf.fr/iiif/presentation/v3/ark:/12148/bpt6k3718737g/manifest.json'
For more information check: https://developer.mozilla.org/en-US/docs/Web/HTTP/Status/403",2026-07-17T18:48:12.446105
lacroix,bpt6k3718738w,,failed,0,0,,http_manifest,known,403,manifest,"Client error '403 ' for url 'https://openapiproext.bnf.fr/iiif/presentation/v3/ark:/12148/bpt6k3718738w/manifest.json'
For more information check: https://developer.mozilla.org/en-US/docs/Web/HTTP/Status/403",2026-07-17T18:48:13.650423
lacroix,bpt6k37187399,,failed,0,0,,http_manifest,known,403,manifest,"Client error '403 ' for url 'https://openapiproext.bnf.fr/iiif/presentation/v3/ark:/12148/bpt6k37187399/manifest.json'
For more information check: https://developer.mozilla.org/en-US/docs/Web/HTTP/Status/403",2026-07-17T18:48:14.849661
lacroix,bpt6k3718740z,,failed,0,0,,http_manifest,known,403,manifest,"Client error '403 ' for url 'https://openapiproext.bnf.fr/iiif/presentation/v3/ark:/12148/bpt6k3718740z/manifest.json'
For more information check: https://developer.mozilla.org/en-US/docs/Web/HTTP/Status/403",2026-07-17T18:48:16.051372
lacroix,bpt6k3718741c,,failed,0,0,,http_manifest,known,403,manifest,"Client error '403 ' for url 'https://openapiproext.bnf.fr/iiif/presentation/v3/ark:/12148/bpt6k3718741c/manifest.json'
For more information check: https://developer.mozilla.org/en-US/docs/Web/HTTP/Status/403",2026-07-17T18:48:17.277730
lacroix,bpt6k3718742s,,failed,0,0,,http_manifest,known,403,manifest,"Client error '403 ' for url 'https://openapiproext.bnf.fr/iiif/presentation/v3/ark:/12148/bpt6k3718742s/manifest.json'
For more information check: https://developer.mozilla.org/en-US/docs/Web/HTTP/Status/403",2026-07-17T18:48:18.454864
lacroix,bpt6k37187436,,failed,0,0,,http_manifest,known,403,manifest,"Client error '403 ' for url 'https://openapiproext.bnf.fr/iiif/presentation/v3/ark:/12148/bpt6k37187436/manifest.json'
For more information check: https://developer.mozilla.org/en-US/docs/Web/HTTP/Status/403",2026-07-17T18:48:19.656803
lacroix,bpt6k3718744m,,failed,0,0,,http_manifest,known,403,manifest,"Client error '403 ' for url 'https://openapiproext.bnf.fr/iiif/presentation/v3/ark:/12148/bpt6k3718744m/manifest.json'
For more information check: https://developer.mozilla.org/en-US/docs/Web/HTTP/Status/403",2026-07-17T18:48:20.860570
lacroix,bpt6k37187451,,failed,0,0,,http_manifest,known,403,manifest,"Client error '403 ' for url 'https://openapiproext.bnf.fr/iiif/presentation/v3/ark:/12148/bpt6k37187451/manifest.json'
For more information check: https://developer.mozilla.org/en-US/docs/Web/HTTP/Status/403",2026-07-17T18:48:22.057679
lacroix,bpt6k3718746f,,failed,0,0,,http_manifest,known,403,manifest,"Client error '403 ' for url 'https://openapiproext.bnf.fr/iiif/presentation/v3/ark:/12148/bpt6k3718746f/manifest.json'
For more information check: https://developer.mozilla.org/en-US/docs/Web/HTTP/Status/403",2026-07-17T18:48:23.261779
lacroix,bpt6k3718747v,,failed,0,0,,http_manifest,known,403,manifest,"Client error '403 ' for url 'https://openapiproext.bnf.fr/iiif/presentation/v3/ark:/12148/bpt6k3718747v/manifest.json'
For more information check: https://developer.mozilla.org/en-US/docs/Web/HTTP/Status/403",2026-07-17T18:48:24.465515
lacroix,bpt6k37187488,,failed,0,0,,http_manifest,known,403,manifest,"Client error '403 ' for url 'https://openapiproext.bnf.fr/iiif/presentation/v3/ark:/12148/bpt6k37187488/manifest.json'
For more information check: https://developer.mozilla.org/en-US/docs/Web/HTTP/Status/403",2026-07-17T18:48:25.665401
lacroix,bpt6k3718749p,,failed,0,0,,http_manifest,known,403,manifest,"Client error '403 ' for url 'https://openapiproext.bnf.fr/iiif/presentation/v3/ark:/12148/bpt6k3718749p/manifest.json'
For more information check: https://developer.mozilla.org/en-US/docs/Web/HTTP/Status/403",2026-07-17T18:48:26.867852
lacroix,bpt6k3718750b,,failed,0,0,,http_manifest,known,403,manifest,"Client error '403 ' for url 'https://openapiproext.bnf.fr/iiif/presentation/v3/ark:/12148/bpt6k3718750b/manifest.json'
For more information check: https://developer.mozilla.org/en-US/docs/Web/HTTP/Status/403",2026-07-17T18:48:28.072258
lacroix,bpt6k3718751r,,failed,0,0,,http_manifest,known,403,manifest,"Client error '403 ' for url 'https://openapiproext.bnf.fr/iiif/presentation/v3/ark:/12148/bpt6k3718751r/manifest.json'
For more information check: https://developer.mozilla.org/en-US/docs/Web/HTTP/Status/403",2026-07-17T18:48:29.295925
lacroix,bpt6k37187525,,failed,0,0,,http_manifest,known,403,manifest,"Client error '403 ' for url 'https://openapiproext.bnf.fr/iiif/presentation/v3/ark:/12148/bpt6k37187525/manifest.json'
For more information check: https://developer.mozilla.org/en-US/docs/Web/HTTP/Status/403",2026-07-17T18:48:30.476637
lacroix,bpt6k3718753k,,failed,0,0,,http_manifest,known,403,manifest,"Client error '403 ' for url 'https://openapiproext.bnf.fr/iiif/presentation/v3/ark:/12148/bpt6k3718753k/manifest.json'
For more information check: https://developer.mozilla.org/en-US/docs/Web/HTTP/Status/403",2026-07-17T18:48:31.676614
lacroix,bpt6k37187540,,failed,0,0,,http_manifest,known,403,manifest,"Client error '403 ' for url 'https://openapiproext.bnf.fr/iiif/presentation/v3/ark:/12148/bpt6k37187540/manifest.json'
For more information check: https://developer.mozilla.org/en-US/docs/Web/HTTP/Status/403",2026-07-17T18:48:32.875595
lacroix,bpt6k3718755d,,failed,0,0,,http_manifest,known,403,manifest,"Client error '403 ' for url 'https://openapiproext.bnf.fr/iiif/presentation/v3/ark:/12148/bpt6k3718755d/manifest.json'
For more information check: https://developer.mozilla.org/en-US/docs/Web/HTTP/Status/403",2026-07-17T18:48:34.077593
lacroix,bpt6k3718756t,,failed,0,0,,http_manifest,known,403,manifest,"Client error '403 ' for url 'https://openapiproext.bnf.fr/iiif/presentation/v3/ark:/12148/bpt6k3718756t/manifest.json'
For more information check: https://developer.mozilla.org/en-US/docs/Web/HTTP/Status/403",2026-07-17T18:48:35.284444
lacroix,bpt6k37187577,,failed,0,0,,http_manifest,known,403,manifest,"Client error '403 ' for url 'https://openapiproext.bnf.fr/iiif/presentation/v3/ark:/12148/bpt6k37187577/manifest.json'
For more information check: https://developer.mozilla.org/en-US/docs/Web/HTTP/Status/403",2026-07-17T18:48:36.483702
lacroix,bpt6k3718758n,,failed,0,0,,http_manifest,known,403,manifest,"Client error '403 ' for url 'https://openapiproext.bnf.fr/iiif/presentation/v3/ark:/12148/bpt6k3718758n/manifest.json'
For more information check: https://developer.mozilla.org/en-US/docs/Web/HTTP/Status/403",2026-07-17T18:48:37.684852
lacroix,bpt6k37187592,,failed,0,0,,http_manifest,known,403,manifest,"Client error '403 ' for url 'https://openapiproext.bnf.fr/iiif/presentation/v3/ark:/12148/bpt6k37187592/manifest.json'
For more information check: https://developer.mozilla.org/en-US/docs/Web/HTTP/Status/403",2026-07-17T18:48:38.888486
lacroix,bpt6k3718760q,,failed,0,0,,http_manifest,known,403,manifest,"Client error '403 ' for url 'https://openapiproext.bnf.fr/iiif/presentation/v3/ark:/12148/bpt6k3718760q/manifest.json'
For more information check: https://developer.mozilla.org/en-US/docs/Web/HTTP/Status/403",2026-07-17T18:48:40.084546
lacroix,bpt6k37187614,,failed,0,0,,http_manifest,known,403,manifest,"Client error '403 ' for url 'https://openapiproext.bnf.fr/iiif/presentation/v3/ark:/12148/bpt6k37187614/manifest.json'
For more information check: https://developer.mozilla.org/en-US/docs/Web/HTTP/Status/403",2026-07-17T18:48:41.320350
lacroix,bpt6k3718762j,,failed,0,0,,http_manifest,known,403,manifest,"Client error '403 ' for url 'https://openapiproext.bnf.fr/iiif/presentation/v3/ark:/12148/bpt6k3718762j/manifest.json'
For more information check: https://developer.mozilla.org/en-US/docs/Web/HTTP/Status/403",2026-07-17T18:48:42.492689
lacroix,bpt6k3718763z,,failed,0,0,,http_manifest,known,403,manifest,"Client error '403 ' for url 'https://openapiproext.bnf.fr/iiif/presentation/v3/ark:/12148/bpt6k3718763z/manifest.json'
For more information check: https://developer.mozilla.org/en-US/docs/Web/HTTP/Status/403",2026-07-17T18:48:43.691922
lacroix,bpt6k3718764c,,failed,0,0,,http_manifest,known,403,manifest,"Client error '403 ' for url 'https://openapiproext.bnf.fr/iiif/presentation/v3/ark:/12148/bpt6k3718764c/manifest.json'
For more information check: https://developer.mozilla.org/en-US/docs/Web/HTTP/Status/403",2026-07-17T18:48:44.896122
lacroix,bpt6k3718765s,,failed,0,0,,http_manifest,known,403,manifest,"Client error '403 ' for url 'https://openapiproext.bnf.fr/iiif/presentation/v3/ark:/12148/bpt6k3718765s/manifest.json'
For more information check: https://developer.mozilla.org/en-US/docs/Web/HTTP/Status/403",2026-07-17T18:48:46.094644
lacroix,bpt6k37187666,,failed,0,0,,http_manifest,known,403,manifest,"Client error '403 ' for url 'https://openapiproext.bnf.fr/iiif/presentation/v3/ark:/12148/bpt6k37187666/manifest.json'
For more information check: https://developer.mozilla.org/en-US/docs/Web/HTTP/Status/403",2026-07-17T18:48:47.295136
lacroix,bpt6k3718767m,,failed,0,0,,http_manifest,known,403,manifest,"Client error '403 ' for url 'https://openapiproext.bnf.fr/iiif/presentation/v3/ark:/12148/bpt6k3718767m/manifest.json'
For more information check: https://developer.mozilla.org/en-US/docs/Web/HTTP/Status/403",2026-07-17T18:48:48.497027
lacroix,bpt6k37187681,,failed,0,0,,http_manifest,known,403,manifest,"Client error '403 ' for url 'https://openapiproext.bnf.fr/iiif/presentation/v3/ark:/12148/bpt6k37187681/manifest.json'
For more information check: https://developer.mozilla.org/en-US/docs/Web/HTTP/Status/403",2026-07-17T18:48:49.704575
lacroix,bpt6k3718769f,,failed,0,0,,http_manifest,known,403,manifest,"Client error '403 ' for url 'https://openapiproext.bnf.fr/iiif/presentation/v3/ark:/12148/bpt6k3718769f/manifest.json'
For more information check: https://developer.mozilla.org/en-US/docs/Web/HTTP/Status/403",2026-07-17T18:48:50.902843
lacroix,bpt6k37187703,,failed,0,0,,http_manifest,known,403,manifest,"Client error '403 ' for url 'https://openapiproext.bnf.fr/iiif/presentation/v3/ark:/12148/bpt6k37187703/manifest.json'
For more information check: https://developer.mozilla.org/en-US/docs/Web/HTTP/Status/403",2026-07-17T18:48:52.104100
lacroix,bpt6k3718771h,,failed,0,0,,http_manifest,known,403,manifest,"Client error '403 ' for url 'https://openapiproext.bnf.fr/iiif/presentation/v3/ark:/12148/bpt6k3718771h/manifest.json'
For more information check: https://developer.mozilla.org/en-US/docs/Web/HTTP/Status/403",2026-07-17T18:48:53.320984
lacroix,bpt6k3718772x,,failed,0,0,,http_manifest,known,403,manifest,"Client error '403 ' for url 'https://openapiproext.bnf.fr/iiif/presentation/v3/ark:/12148/bpt6k3718772x/manifest.json'
For more information check: https://developer.mozilla.org/en-US/docs/Web/HTTP/Status/403",2026-07-17T18:48:54.506611
lacroix,bpt6k3718773b,,failed,0,0,,http_manifest,known,403,manifest,"Client error '403 ' for url 'https://openapiproext.bnf.fr/iiif/presentation/v3/ark:/12148/bpt6k3718773b/manifest.json'
For more information check: https://developer.mozilla.org/en-US/docs/Web/HTTP/Status/403",2026-07-17T18:48:55.713055
lacroix,bpt6k3718774r,,failed,0,0,,http_manifest,known,403,manifest,"Client error '403 ' for url 'https://openapiproext.bnf.fr/iiif/presentation/v3/ark:/12148/bpt6k3718774r/manifest.json'
For more information check: https://developer.mozilla.org/en-US/docs/Web/HTTP/Status/403",2026-07-17T18:48:56.912014
lacroix,bpt6k37187755,,failed,0,0,,http_manifest,known,403,manifest,"Client error '403 ' for url 'https://openapiproext.bnf.fr/iiif/presentation/v3/ark:/12148/bpt6k37187755/manifest.json'
For more information check: https://developer.mozilla.org/en-US/docs/Web/HTTP/Status/403",2026-07-17T18:48:58.168599
lacroix,bpt6k3718776k,,failed,0,0,,http_manifest,known,403,manifest,"Client error '403 ' for url 'https://openapiproext.bnf.fr/iiif/presentation/v3/ark:/12148/bpt6k3718776k/manifest.json'
For more information check: https://developer.mozilla.org/en-US/docs/Web/HTTP/Status/403",2026-07-17T18:48:59.392869
lacroix,bpt6k37187770,,failed,0,0,,http_manifest,known,403,manifest,"Client error '403 ' for url 'https://openapiproext.bnf.fr/iiif/presentation/v3/ark:/12148/bpt6k37187770/manifest.json'
For more information check: https://developer.mozilla.org/en-US/docs/Web/HTTP/Status/403",2026-07-17T18:49:00.541581
lacroix,bpt6k3718778d,,failed,0,0,,http_manifest,known,403,manifest,"Client error '403 ' for url 'https://openapiproext.bnf.fr/iiif/presentation/v3/ark:/12148/bpt6k3718778d/manifest.json'
For more information check: https://developer.mozilla.org/en-US/docs/Web/HTTP/Status/403",2026-07-17T18:49:01.823065
lacroix,bpt6k3718779t,,failed,0,0,,http_manifest,known,403,manifest,"Client error '403 ' for url 'https://openapiproext.bnf.fr/iiif/presentation/v3/ark:/12148/bpt6k3718779t/manifest.json'
For more information check: https://developer.mozilla.org/en-US/docs/Web/HTTP/Status/403",2026-07-17T18:49:03.130135
lacroix,bpt6k3718780g,,failed,0,0,,http_manifest,known,403,manifest,"Client error '403 ' for url 'https://openapiproext.bnf.fr/iiif/presentation/v3/ark:/12148/bpt6k3718780g/manifest.json'
For more information check: https://developer.mozilla.org/en-US/docs/Web/HTTP/Status/403",2026-07-17T18:49:04.276545
lacroix,bpt6k3718781w,,failed,0,0,,http_manifest,known,403,manifest,"Client error '403 ' for url 'https://openapiproext.bnf.fr/iiif/presentation/v3/ark:/12148/bpt6k3718781w/manifest.json'
For more information check: https://developer.mozilla.org/en-US/docs/Web/HTTP/Status/403",2026-07-17T18:49:05.484203
lacroix,bpt6k37187829,,failed,0,0,,http_manifest,known,403,manifest,"Client error '403 ' for url 'https://openapiproext.bnf.fr/iiif/presentation/v3/ark:/12148/bpt6k37187829/manifest.json'
For more information check: https://developer.mozilla.org/en-US/docs/Web/HTTP/Status/403",2026-07-17T18:49:06.558683
lacroix,bpt6k3718783q,,failed,0,0,,http_manifest,known,403,manifest,"Client error '403 ' for url 'https://openapiproext.bnf.fr/iiif/presentation/v3/ark:/12148/bpt6k3718783q/manifest.json'
For more information check: https://developer.mozilla.org/en-US/docs/Web/HTTP/Status/403",2026-07-17T18:49:07.727202
lacroix,bpt6k37187844,,failed,0,0,,http_manifest,known,403,manifest,"Client error '403 ' for url 'https://openapiproext.bnf.fr/iiif/presentation/v3/ark:/12148/bpt6k37187844/manifest.json'
For more information check: https://developer.mozilla.org/en-US/docs/Web/HTTP/Status/403",2026-07-17T18:49:08.928207
lacroix,bpt6k3718785j,,failed,0,0,,http_manifest,known,403,manifest,"Client error '403 ' for url 'https://openapiproext.bnf.fr/iiif/presentation/v3/ark:/12148/bpt6k3718785j/manifest.json'
For more information check: https://developer.mozilla.org/en-US/docs/Web/HTTP/Status/403",2026-07-17T18:49:10.130516
lacroix,bpt6k3718786z,,failed,0,0,,http_manifest,known,403,manifest,"Client error '403 ' for url 'https://openapiproext.bnf.fr/iiif/presentation/v3/ark:/12148/bpt6k3718786z/manifest.json'
For more information check: https://developer.mozilla.org/en-US/docs/Web/HTTP/Status/403",2026-07-17T18:49:11.354845
lacroix,bpt6k3718787c,,failed,0,0,,http_manifest,known,403,manifest,"Client error '403 ' for url 'https://openapiproext.bnf.fr/iiif/presentation/v3/ark:/12148/bpt6k3718787c/manifest.json'
For more information check: https://developer.mozilla.org/en-US/docs/Web/HTTP/Status/403",2026-07-17T18:49:12.531193
lacroix,bpt6k3718788s,,failed,0,0,,http_manifest,known,403,manifest,"Client error '403 ' for url 'https://openapiproext.bnf.fr/iiif/presentation/v3/ark:/12148/bpt6k3718788s/manifest.json'
For more information check: https://developer.mozilla.org/en-US/docs/Web/HTTP/Status/403",2026-07-17T18:49:13.733988
lacroix,bpt6k37187896,,failed,0,0,,http_manifest,known,403,manifest,"Client error '403 ' for url 'https://openapiproext.bnf.fr/iiif/presentation/v3/ark:/12148/bpt6k37187896/manifest.json'
For more information check: https://developer.mozilla.org/en-US/docs/Web/HTTP/Status/403",2026-07-17T18:49:14.934220
lacroix,bpt6k3718790v,,failed,0,0,,http_manifest,known,403,manifest,"Client error '403 ' for url 'https://openapiproext.bnf.fr/iiif/presentation/v3/ark:/12148/bpt6k3718790v/manifest.json'
For more information check: https://developer.mozilla.org/en-US/docs/Web/HTTP/Status/403",2026-07-17T18:49:16.134723
lacroix,bpt6k37187918,,failed,0,0,,http_manifest,known,403,manifest,"Client error '403 ' for url 'https://openapiproext.bnf.fr/iiif/presentation/v3/ark:/12148/bpt6k37187918/manifest.json'
For more information check: https://developer.mozilla.org/en-US/docs/Web/HTTP/Status/403",2026-07-17T18:49:17.341260
lacroix,bpt6k3718792p,,failed,0,0,,http_manifest,known,403,manifest,"Client error '403 ' for url 'https://openapiproext.bnf.fr/iiif/presentation/v3/ark:/12148/bpt6k3718792p/manifest.json'
For more information check: https://developer.mozilla.org/en-US/docs/Web/HTTP/Status/403",2026-07-17T18:49:18.539482
lacroix,bpt6k37187933,,failed,0,0,,http_manifest,known,403,manifest,"Client error '403 ' for url 'https://openapiproext.bnf.fr/iiif/presentation/v3/ark:/12148/bpt6k37187933/manifest.json'
For more information check: https://developer.mozilla.org/en-US/docs/Web/HTTP/Status/403",2026-07-17T18:49:19.746408
lacroix,bpt6k3718794h,,failed,0,0,,http_manifest,known,403,manifest,"Client error '403 ' for url 'https://openapiproext.bnf.fr/iiif/presentation/v3/ark:/12148/bpt6k3718794h/manifest.json'
For more information check: https://developer.mozilla.org/en-US/docs/Web/HTTP/Status/403",2026-07-17T18:49:20.947807
lacroix,bpt6k3718795x,,failed,0,0,,http_manifest,known,403,manifest,"Client error '403 ' for url 'https://openapiproext.bnf.fr/iiif/presentation/v3/ark:/12148/bpt6k3718795x/manifest.json'
For more information check: https://developer.mozilla.org/en-US/docs/Web/HTTP/Status/403",2026-07-17T18:49:22.148619
lacroix,bpt6k3718796b,,failed,0,0,,http_manifest,known,403,manifest,"Client error '403 ' for url 'https://openapiproext.bnf.fr/iiif/presentation/v3/ark:/12148/bpt6k3718796b/manifest.json'
For more information check: https://developer.mozilla.org/en-US/docs/Web/HTTP/Status/403",2026-07-17T18:49:23.348091
lacroix,bpt6k3718797r,,failed,0,0,,http_manifest,known,403,manifest,"Client error '403 ' for url 'https://openapiproext.bnf.fr/iiif/presentation/v3/ark:/12148/bpt6k3718797r/manifest.json'
For more information check: https://developer.mozilla.org/en-US/docs/Web/HTTP/Status/403",2026-07-17T18:49:24.550382
lacroix,bpt6k37187985,,failed,0,0,,http_manifest,known,403,manifest,"Client error '403 ' for url 'https://openapiproext.bnf.fr/iiif/presentation/v3/ark:/12148/bpt6k37187985/manifest.json'
For more information check: https://developer.mozilla.org/en-US/docs/Web/HTTP/Status/403",2026-07-17T18:49:25.750448
lacroix,bpt6k3718799k,,failed,0,0,,http_manifest,known,403,manifest,"Client error '403 ' for url 'https://openapiproext.bnf.fr/iiif/presentation/v3/ark:/12148/bpt6k3718799k/manifest.json'
For more information check: https://developer.mozilla.org/en-US/docs/Web/HTTP/Status/403",2026-07-17T18:49:26.951603
lacroix,bpt6k3718800s,,failed,0,0,,http_manifest,known,403,manifest,"Client error '403 ' for url 'https://openapiproext.bnf.fr/iiif/presentation/v3/ark:/12148/bpt6k3718800s/manifest.json'
For more information check: https://developer.mozilla.org/en-US/docs/Web/HTTP/Status/403",2026-07-17T18:49:28.152694
lacroix,bpt6k37188016,,failed,0,0,,http_manifest,known,403,manifest,"Client error '403 ' for url 'https://openapiproext.bnf.fr/iiif/presentation/v3/ark:/12148/bpt6k37188016/manifest.json'
For more information check: https://developer.mozilla.org/en-US/docs/Web/HTTP/Status/403",2026-07-17T18:49:29.368307
lacroix,bpt6k3718802m,,failed,0,0,,http_manifest,known,403,manifest,"Client error '403 ' for url 'https://openapiproext.bnf.fr/iiif/presentation/v3/ark:/12148/bpt6k3718802m/manifest.json'
For more information check: https://developer.mozilla.org/en-US/docs/Web/HTTP/Status/403",2026-07-17T18:49:30.558609
lacroix,bpt6k37188031,,failed,0,0,,http_manifest,known,403,manifest,"Client error '403 ' for url 'https://openapiproext.bnf.fr/iiif/presentation/v3/ark:/12148/bpt6k37188031/manifest.json'
For more information check: https://developer.mozilla.org/en-US/docs/Web/HTTP/Status/403",2026-07-17T18:49:31.766331
lacroix,bpt6k3718804f,,failed,0,0,,http_manifest,known,403,manifest,"Client error '403 ' for url 'https://openapiproext.bnf.fr/iiif/presentation/v3/ark:/12148/bpt6k3718804f/manifest.json'
For more information check: https://developer.mozilla.org/en-US/docs/Web/HTTP/Status/403",2026-07-17T18:49:32.959955
lacroix,bpt6k3718805v,,failed,0,0,,http_manifest,known,403,manifest,"Client error '403 ' for url 'https://openapiproext.bnf.fr/iiif/presentation/v3/ark:/12148/bpt6k3718805v/manifest.json'
For more information check: https://developer.mozilla.org/en-US/docs/Web/HTTP/Status/403",2026-07-17T18:49:34.163904
lacroix,bpt6k37188068,,failed,0,0,,http_manifest,known,403,manifest,"Client error '403 ' for url 'https://openapiproext.bnf.fr/iiif/presentation/v3/ark:/12148/bpt6k37188068/manifest.json'
For more information check: https://developer.mozilla.org/en-US/docs/Web/HTTP/Status/403",2026-07-17T18:49:35.365878
lacroix,bpt6k3718807p,,failed,0,0,,http_manifest,known,403,manifest,"Client error '403 ' for url 'https://openapiproext.bnf.fr/iiif/presentation/v3/ark:/12148/bpt6k3718807p/manifest.json'
For more information check: https://developer.mozilla.org/en-US/docs/Web/HTTP/Status/403",2026-07-17T18:49:36.566108
lacroix,bpt6k37188083,,failed,0,0,,http_manifest,known,403,manifest,"Client error '403 ' for url 'https://openapiproext.bnf.fr/iiif/presentation/v3/ark:/12148/bpt6k37188083/manifest.json'
For more information check: https://developer.mozilla.org/en-US/docs/Web/HTTP/Status/403",2026-07-17T18:49:37.768264
lacroix,bpt6k3718809h,,failed,0,0,,http_manifest,known,403,manifest,"Client error '403 ' for url 'https://openapiproext.bnf.fr/iiif/presentation/v3/ark:/12148/bpt6k3718809h/manifest.json'
For more information check: https://developer.mozilla.org/en-US/docs/Web/HTTP/Status/403",2026-07-17T18:49:38.968883
lacroix,bpt6k37188105,,failed,0,0,,http_manifest,known,403,manifest,"Client error '403 ' for url 'https://openapiproext.bnf.fr/iiif/presentation/v3/ark:/12148/bpt6k37188105/manifest.json'
For more information check: https://developer.mozilla.org/en-US/docs/Web/HTTP/Status/403",2026-07-17T18:49:40.172592
lacroix,bpt6k3718811k,,failed,0,0,,http_manifest,known,403,manifest,"Client error '403 ' for url 'https://openapiproext.bnf.fr/iiif/presentation/v3/ark:/12148/bpt6k3718811k/manifest.json'
For more information check: https://developer.mozilla.org/en-US/docs/Web/HTTP/Status/403",2026-07-17T18:49:41.391288
lacroix,bpt6k37188120,,failed,0,0,,http_manifest,known,403,manifest,"Client error '403 ' for url 'https://openapiproext.bnf.fr/iiif/presentation/v3/ark:/12148/bpt6k37188120/manifest.json'
For more information check: https://developer.mozilla.org/en-US/docs/Web/HTTP/Status/403",2026-07-17T18:49:42.572191
lacroix,bpt6k3718813d,,failed,0,0,,http_manifest,known,403,manifest,"Client error '403 ' for url 'https://openapiproext.bnf.fr/iiif/presentation/v3/ark:/12148/bpt6k3718813d/manifest.json'
For more information check: https://developer.mozilla.org/en-US/docs/Web/HTTP/Status/403",2026-07-17T18:49:43.775610
lacroix,bpt6k3718814t,,failed,0,0,,http_manifest,known,403,manifest,"Client error '403 ' for url 'https://openapiproext.bnf.fr/iiif/presentation/v3/ark:/12148/bpt6k3718814t/manifest.json'
For more information check: https://developer.mozilla.org/en-US/docs/Web/HTTP/Status/403",2026-07-17T18:49:44.976115
lacroix,bpt6k37188157,,failed,0,0,,http_manifest,known,403,manifest,"Client error '403 ' for url 'https://openapiproext.bnf.fr/iiif/presentation/v3/ark:/12148/bpt6k37188157/manifest.json'
For more information check: https://developer.mozilla.org/en-US/docs/Web/HTTP/Status/403",2026-07-17T18:49:46.180609
lacroix,bpt6k3718816n,,failed,0,0,,http_manifest,known,403,manifest,"Client error '403 ' for url 'https://openapiproext.bnf.fr/iiif/presentation/v3/ark:/12148/bpt6k3718816n/manifest.json'
For more information check: https://developer.mozilla.org/en-US/docs/Web/HTTP/Status/403",2026-07-17T18:49:47.384007
lacroix,bpt6k37188172,,failed,0,0,,http_manifest,known,403,manifest,"Client error '403 ' for url 'https://openapiproext.bnf.fr/iiif/presentation/v3/ark:/12148/bpt6k37188172/manifest.json'
For more information check: https://developer.mozilla.org/en-US/docs/Web/HTTP/Status/403",2026-07-17T18:49:48.584993
lacroix,bpt6k3718818g,,failed,0,0,,http_manifest,known,403,manifest,"Client error '403 ' for url 'https://openapiproext.bnf.fr/iiif/presentation/v3/ark:/12148/bpt6k3718818g/manifest.json'
For more information check: https://developer.mozilla.org/en-US/docs/Web/HTTP/Status/403",2026-07-17T18:49:49.784419
lacroix,bpt6k3718819w,,failed,0,0,,http_manifest,known,403,manifest,"Client error '403 ' for url 'https://openapiproext.bnf.fr/iiif/presentation/v3/ark:/12148/bpt6k3718819w/manifest.json'
For more information check: https://developer.mozilla.org/en-US/docs/Web/HTTP/Status/403",2026-07-17T18:49:50.983414
lacroix,bpt6k3718820j,,failed,0,0,,http_manifest,known,403,manifest,"Client error '403 ' for url 'https://openapiproext.bnf.fr/iiif/presentation/v3/ark:/12148/bpt6k3718820j/manifest.json'
For more information check: https://developer.mozilla.org/en-US/docs/Web/HTTP/Status/403",2026-07-17T18:49:52.187622
lacroix,bpt6k3718821z,,failed,0,0,,http_manifest,known,403,manifest,"Client error '403 ' for url 'https://openapiproext.bnf.fr/iiif/presentation/v3/ark:/12148/bpt6k3718821z/manifest.json'
For more information check: https://developer.mozilla.org/en-US/docs/Web/HTTP/Status/403",2026-07-17T18:49:53.403320
lacroix,bpt6k3718822c,,failed,0,0,,http_manifest,known,403,manifest,"Client error '403 ' for url 'https://openapiproext.bnf.fr/iiif/presentation/v3/ark:/12148/bpt6k3718822c/manifest.json'
For more information check: https://developer.mozilla.org/en-US/docs/Web/HTTP/Status/403",2026-07-17T18:49:54.592965
lacroix,bpt6k3718823s,,failed,0,0,,http_manifest,known,403,manifest,"Client error '403 ' for url 'https://openapiproext.bnf.fr/iiif/presentation/v3/ark:/12148/bpt6k3718823s/manifest.json'
For more information check: https://developer.mozilla.org/en-US/docs/Web/HTTP/Status/403",2026-07-17T18:49:55.794402
lacroix,bpt6k37188246,,failed,0,0,,http_manifest,known,403,manifest,"Client error '403 ' for url 'https://openapiproext.bnf.fr/iiif/presentation/v3/ark:/12148/bpt6k37188246/manifest.json'
For more information check: https://developer.mozilla.org/en-US/docs/Web/HTTP/Status/403",2026-07-17T18:49:56.997030
lacroix,bpt6k3718825m,,failed,0,0,,http_manifest,known,403,manifest,"Client error '403 ' for url 'https://openapiproext.bnf.fr/iiif/presentation/v3/ark:/12148/bpt6k3718825m/manifest.json'
For more information check: https://developer.mozilla.org/en-US/docs/Web/HTTP/Status/403",2026-07-17T18:49:58.233253
lacroix,bpt6k37188261,,failed,0,0,,http_manifest,known,403,manifest,"Client error '403 ' for url 'https://openapiproext.bnf.fr/iiif/presentation/v3/ark:/12148/bpt6k37188261/manifest.json'
For more information check: https://developer.mozilla.org/en-US/docs/Web/HTTP/Status/403",2026-07-17T18:49:59.521822
lacroix,bpt6k3718827f,,failed,0,0,,http_manifest,known,403,manifest,"Client error '403 ' for url 'https://openapiproext.bnf.fr/iiif/presentation/v3/ark:/12148/bpt6k3718827f/manifest.json'
For more information check: https://developer.mozilla.org/en-US/docs/Web/HTTP/Status/403",2026-07-17T18:50:00.771582
lacroix,bpt6k3718828v,,failed,0,0,,http_manifest,known,403,manifest,"Client error '403 ' for url 'https://openapiproext.bnf.fr/iiif/presentation/v3/ark:/12148/bpt6k3718828v/manifest.json'
For more information check: https://developer.mozilla.org/en-US/docs/Web/HTTP/Status/403",2026-07-17T18:50:01.970663
lacroix,bpt6k37188298,,failed,0,0,,http_manifest,known,403,manifest,"Client error '403 ' for url 'https://openapiproext.bnf.fr/iiif/presentation/v3/ark:/12148/bpt6k37188298/manifest.json'
For more information check: https://developer.mozilla.org/en-US/docs/Web/HTTP/Status/403",2026-07-17T18:50:03.451882
lacroix,bpt6k3718830x,,failed,0,0,,http_manifest,known,403,manifest,"Client error '403 ' for url 'https://openapiproext.bnf.fr/iiif/presentation/v3/ark:/12148/bpt6k3718830x/manifest.json'
For more information check: https://developer.mozilla.org/en-US/docs/Web/HTTP/Status/403",2026-07-17T18:50:04.420759
lacroix,bpt6k3718831b,,failed,0,0,,http_manifest,known,403,manifest,"Client error '403 ' for url 'https://openapiproext.bnf.fr/iiif/presentation/v3/ark:/12148/bpt6k3718831b/manifest.json'
For more information check: https://developer.mozilla.org/en-US/docs/Web/HTTP/Status/403",2026-07-17T18:50:05.488225
lacroix,bpt6k3718832r,,failed,0,0,,http_manifest,known,403,manifest,"Client error '403 ' for url 'https://openapiproext.bnf.fr/iiif/presentation/v3/ark:/12148/bpt6k3718832r/manifest.json'
For more information check: https://developer.mozilla.org/en-US/docs/Web/HTTP/Status/403",2026-07-17T18:50:06.717619
lacroix,bpt6k37188335,,failed,0,0,,http_manifest,known,403,manifest,"Client error '403 ' for url 'https://openapiproext.bnf.fr/iiif/presentation/v3/ark:/12148/bpt6k37188335/manifest.json'
For more information check: https://developer.mozilla.org/en-US/docs/Web/HTTP/Status/403",2026-07-17T18:50:07.814560
lacroix,bpt6k3718834k,,failed,0,0,,http_manifest,known,403,manifest,"Client error '403 ' for url 'https://openapiproext.bnf.fr/iiif/presentation/v3/ark:/12148/bpt6k3718834k/manifest.json'
For more information check: https://developer.mozilla.org/en-US/docs/Web/HTTP/Status/403",2026-07-17T18:50:09.011732
lacroix,bpt6k37188350,,failed,0,0,,http_manifest,known,403,manifest,"Client error '403 ' for url 'https://openapiproext.bnf.fr/iiif/presentation/v3/ark:/12148/bpt6k37188350/manifest.json'
For more information check: https://developer.mozilla.org/en-US/docs/Web/HTTP/Status/403",2026-07-17T18:50:10.229880
lacroix,bpt6k3718836d,,failed,0,0,,http_manifest,known,403,manifest,"Client error '403 ' for url 'https://openapiproext.bnf.fr/iiif/presentation/v3/ark:/12148/bpt6k3718836d/manifest.json'
For more information check: https://developer.mozilla.org/en-US/docs/Web/HTTP/Status/403",2026-07-17T18:50:11.414881
lacroix,bpt6k3718837t,,failed,0,0,,http_manifest,known,403,manifest,"Client error '403 ' for url 'https://openapiproext.bnf.fr/iiif/presentation/v3/ark:/12148/bpt6k3718837t/manifest.json'
For more information check: https://developer.mozilla.org/en-US/docs/Web/HTTP/Status/403",2026-07-17T18:50:12.616971
lacroix,bpt6k37188387,,failed,0,0,,http_manifest,known,403,manifest,"Client error '403 ' for url 'https://openapiproext.bnf.fr/iiif/presentation/v3/ark:/12148/bpt6k37188387/manifest.json'
For more information check: https://developer.mozilla.org/en-US/docs/Web/HTTP/Status/403",2026-07-17T18:50:13.819836
lacroix,bpt6k3718839n,,failed,0,0,,http_manifest,known,403,manifest,"Client error '403 ' for url 'https://openapiproext.bnf.fr/iiif/presentation/v3/ark:/12148/bpt6k3718839n/manifest.json'
For more information check: https://developer.mozilla.org/en-US/docs/Web/HTTP/Status/403",2026-07-17T18:50:15.023750
lacroix,bpt6k37188409,,failed,0,0,,http_manifest,known,403,manifest,"Client error '403 ' for url 'https://openapiproext.bnf.fr/iiif/presentation/v3/ark:/12148/bpt6k37188409/manifest.json'
For more information check: https://developer.mozilla.org/en-US/docs/Web/HTTP/Status/403",2026-07-17T18:50:16.226436
lacroix,bpt6k3718841q,,failed,0,0,,http_manifest,known,403,manifest,"Client error '403 ' for url 'https://openapiproext.bnf.fr/iiif/presentation/v3/ark:/12148/bpt6k3718841q/manifest.json'
For more information check: https://developer.mozilla.org/en-US/docs/Web/HTTP/Status/403",2026-07-17T18:50:17.426120
lacroix,bpt6k37188424,,failed,0,0,,http_manifest,known,403,manifest,"Client error '403 ' for url 'https://openapiproext.bnf.fr/iiif/presentation/v3/ark:/12148/bpt6k37188424/manifest.json'
For more information check: https://developer.mozilla.org/en-US/docs/Web/HTTP/Status/403",2026-07-17T18:50:18.632312
lacroix,bpt6k3718843j,,failed,0,0,,http_manifest,known,403,manifest,"Client error '403 ' for url 'https://openapiproext.bnf.fr/iiif/presentation/v3/ark:/12148/bpt6k3718843j/manifest.json'
For more information check: https://developer.mozilla.org/en-US/docs/Web/HTTP/Status/403",2026-07-17T18:50:19.830910
lacroix,bpt6k3718844z,,failed,0,0,,http_manifest,known,403,manifest,"Client error '403 ' for url 'https://openapiproext.bnf.fr/iiif/presentation/v3/ark:/12148/bpt6k3718844z/manifest.json'
For more information check: https://developer.mozilla.org/en-US/docs/Web/HTTP/Status/403",2026-07-17T18:50:21.033093
lacroix,bpt6k3718845c,,failed,0,0,,http_manifest,known,403,manifest,"Client error '403 ' for url 'https://openapiproext.bnf.fr/iiif/presentation/v3/ark:/12148/bpt6k3718845c/manifest.json'
For more information check: https://developer.mozilla.org/en-US/docs/Web/HTTP/Status/403",2026-07-17T18:50:22.248768
lacroix,bpt6k3718846s,,failed,0,0,,http_manifest,known,403,manifest,"Client error '403 ' for url 'https://openapiproext.bnf.fr/iiif/presentation/v3/ark:/12148/bpt6k3718846s/manifest.json'
For more information check: https://developer.mozilla.org/en-US/docs/Web/HTTP/Status/403",2026-07-17T18:50:23.439133
lacroix,bpt6k37188476,,failed,0,0,,http_manifest,known,403,manifest,"Client error '403 ' for url 'https://openapiproext.bnf.fr/iiif/presentation/v3/ark:/12148/bpt6k37188476/manifest.json'
For more information check: https://developer.mozilla.org/en-US/docs/Web/HTTP/Status/403",2026-07-17T18:50:24.639176
lacroix,bpt6k3718848m,,failed,0,0,,http_manifest,known,403,manifest,"Client error '403 ' for url 'https://openapiproext.bnf.fr/iiif/presentation/v3/ark:/12148/bpt6k3718848m/manifest.json'
For more information check: https://developer.mozilla.org/en-US/docs/Web/HTTP/Status/403",2026-07-17T18:50:25.841303
lacroix,bpt6k37188491,,failed,0,0,,http_manifest,known,403,manifest,"Client error '403 ' for url 'https://openapiproext.bnf.fr/iiif/presentation/v3/ark:/12148/bpt6k37188491/manifest.json'
For more information check: https://developer.mozilla.org/en-US/docs/Web/HTTP/Status/403",2026-07-17T18:50:27.044955
lacroix,bpt6k3718850p,,failed,0,0,,http_manifest,known,403,manifest,"Client error '403 ' for url 'https://openapiproext.bnf.fr/iiif/presentation/v3/ark:/12148/bpt6k3718850p/manifest.json'
For more information check: https://developer.mozilla.org/en-US/docs/Web/HTTP/Status/403",2026-07-17T18:50:28.260026
lacroix,bpt6k37188513,,failed,0,0,,http_manifest,known,403,manifest,"Client error '403 ' for url 'https://openapiproext.bnf.fr/iiif/presentation/v3/ark:/12148/bpt6k37188513/manifest.json'
For more information check: https://developer.mozilla.org/en-US/docs/Web/HTTP/Status/403",2026-07-17T18:50:29.447634
lacroix,bpt6k3718852h,,failed,0,0,,http_manifest,known,403,manifest,"Client error '403 ' for url 'https://openapiproext.bnf.fr/iiif/presentation/v3/ark:/12148/bpt6k3718852h/manifest.json'
For more information check: https://developer.mozilla.org/en-US/docs/Web/HTTP/Status/403",2026-07-17T18:50:30.656889
lacroix,bpt6k3718853x,,failed,0,0,,http_manifest,known,403,manifest,"Client error '403 ' for url 'https://openapiproext.bnf.fr/iiif/presentation/v3/ark:/12148/bpt6k3718853x/manifest.json'
For more information check: https://developer.mozilla.org/en-US/docs/Web/HTTP/Status/403",2026-07-17T18:50:31.851627
lacroix,bpt6k3718854b,,failed,0,0,,http_manifest,known,403,manifest,"Client error '403 ' for url 'https://openapiproext.bnf.fr/iiif/presentation/v3/ark:/12148/bpt6k3718854b/manifest.json'
For more information check: https://developer.mozilla.org/en-US/docs/Web/HTTP/Status/403",2026-07-17T18:50:33.053404
lacroix,bpt6k3718855r,,failed,0,0,,http_manifest,known,403,manifest,"Client error '403 ' for url 'https://openapiproext.bnf.fr/iiif/presentation/v3/ark:/12148/bpt6k3718855r/manifest.json'
For more information check: https://developer.mozilla.org/en-US/docs/Web/HTTP/Status/403",2026-07-17T18:50:34.258821
lacroix,bpt6k37188565,,failed,0,0,,http_manifest,known,403,manifest,"Client error '403 ' for url 'https://openapiproext.bnf.fr/iiif/presentation/v3/ark:/12148/bpt6k37188565/manifest.json'
For more information check: https://developer.mozilla.org/en-US/docs/Web/HTTP/Status/403",2026-07-17T18:50:35.458843
lacroix,bpt6k3718857k,,failed,0,0,,http_manifest,known,403,manifest,"Client error '403 ' for url 'https://openapiproext.bnf.fr/iiif/presentation/v3/ark:/12148/bpt6k3718857k/manifest.json'
For more information check: https://developer.mozilla.org/en-US/docs/Web/HTTP/Status/403",2026-07-17T18:50:36.659363
lacroix,bpt6k37188580,,failed,0,0,,http_manifest,known,403,manifest,"Client error '403 ' for url 'https://openapiproext.bnf.fr/iiif/presentation/v3/ark:/12148/bpt6k37188580/manifest.json'
For more information check: https://developer.mozilla.org/en-US/docs/Web/HTTP/Status/403",2026-07-17T18:50:37.862992
lacroix,bpt6k3718859d,,failed,0,0,,http_manifest,known,403,manifest,"Client error '403 ' for url 'https://openapiproext.bnf.fr/iiif/presentation/v3/ark:/12148/bpt6k3718859d/manifest.json'
For more information check: https://developer.mozilla.org/en-US/docs/Web/HTTP/Status/403",2026-07-17T18:50:39.062820
lacroix,bpt6k37188602,,failed,0,0,,http_manifest,known,403,manifest,"Client error '403 ' for url 'https://openapiproext.bnf.fr/iiif/presentation/v3/ark:/12148/bpt6k37188602/manifest.json'
For more information check: https://developer.mozilla.org/en-US/docs/Web/HTTP/Status/403",2026-07-17T18:50:40.277644
lacroix,bpt6k3718861g,,failed,0,0,,http_manifest,known,403,manifest,"Client error '403 ' for url 'https://openapiproext.bnf.fr/iiif/presentation/v3/ark:/12148/bpt6k3718861g/manifest.json'
For more information check: https://developer.mozilla.org/en-US/docs/Web/HTTP/Status/403",2026-07-17T18:50:41.501934
lacroix,bpt6k3718862w,,failed,0,0,,http_manifest,known,403,manifest,"Client error '403 ' for url 'https://openapiproext.bnf.fr/iiif/presentation/v3/ark:/12148/bpt6k3718862w/manifest.json'
For more information check: https://developer.mozilla.org/en-US/docs/Web/HTTP/Status/403",2026-07-17T18:50:42.665103
lacroix,bpt6k37188639,,failed,0,0,,http_manifest,known,403,manifest,"Client error '403 ' for url 'https://openapiproext.bnf.fr/iiif/presentation/v3/ark:/12148/bpt6k37188639/manifest.json'
For more information check: https://developer.mozilla.org/en-US/docs/Web/HTTP/Status/403",2026-07-17T18:50:43.871658
lacroix,bpt6k3718864q,,failed,0,0,,http_manifest,known,403,manifest,"Client error '403 ' for url 'https://openapiproext.bnf.fr/iiif/presentation/v3/ark:/12148/bpt6k3718864q/manifest.json'
For more information check: https://developer.mozilla.org/en-US/docs/Web/HTTP/Status/403",2026-07-17T18:50:45.077953
lacroix,bpt6k37188654,,failed,0,0,,http_manifest,known,403,manifest,"Client error '403 ' for url 'https://openapiproext.bnf.fr/iiif/presentation/v3/ark:/12148/bpt6k37188654/manifest.json'
For more information check: https://developer.mozilla.org/en-US/docs/Web/HTTP/Status/403",2026-07-17T18:50:46.273636
lacroix,bpt6k3718866j,,failed,0,0,,http_manifest,known,403,manifest,"Client error '403 ' for url 'https://openapiproext.bnf.fr/iiif/presentation/v3/ark:/12148/bpt6k3718866j/manifest.json'
For more information check: https://developer.mozilla.org/en-US/docs/Web/HTTP/Status/403",2026-07-17T18:50:47.475242
lacroix,bpt6k3718867z,,failed,0,0,,http_manifest,known,403,manifest,"Client error '403 ' for url 'https://openapiproext.bnf.fr/iiif/presentation/v3/ark:/12148/bpt6k3718867z/manifest.json'
For more information check: https://developer.mozilla.org/en-US/docs/Web/HTTP/Status/403",2026-07-17T18:50:48.678234
lacroix,bpt6k3718868c,,failed,0,0,,http_manifest,known,403,manifest,"Client error '403 ' for url 'https://openapiproext.bnf.fr/iiif/presentation/v3/ark:/12148/bpt6k3718868c/manifest.json'
For more information check: https://developer.mozilla.org/en-US/docs/Web/HTTP/Status/403",2026-07-17T18:50:49.878704
lacroix,bpt6k3718869s,,failed,0,0,,http_manifest,known,403,manifest,"Client error '403 ' for url 'https://openapiproext.bnf.fr/iiif/presentation/v3/ark:/12148/bpt6k3718869s/manifest.json'
For more information check: https://developer.mozilla.org/en-US/docs/Web/HTTP/Status/403",2026-07-17T18:50:51.080354
lacroix,bpt6k3718870f,,failed,0,0,,http_manifest,known,403,manifest,"Client error '403 ' for url 'https://openapiproext.bnf.fr/iiif/presentation/v3/ark:/12148/bpt6k3718870f/manifest.json'
For more information check: https://developer.mozilla.org/en-US/docs/Web/HTTP/Status/403",2026-07-17T18:50:52.287502
lacroix,bpt6k3718871v,,failed,0,0,,http_manifest,known,403,manifest,"Client error '403 ' for url 'https://openapiproext.bnf.fr/iiif/presentation/v3/ark:/12148/bpt6k3718871v/manifest.json'
For more information check: https://developer.mozilla.org/en-US/docs/Web/HTTP/Status/403",2026-07-17T18:50:53.504372
lacroix,bpt6k37188728,,failed,0,0,,http_manifest,known,403,manifest,"Client error '403 ' for url 'https://openapiproext.bnf.fr/iiif/presentation/v3/ark:/12148/bpt6k37188728/manifest.json'
For more information check: https://developer.mozilla.org/en-US/docs/Web/HTTP/Status/403",2026-07-17T18:50:54.687943
lacroix,bpt6k3718873p,,failed,0,0,,http_manifest,known,403,manifest,"Client error '403 ' for url 'https://openapiproext.bnf.fr/iiif/presentation/v3/ark:/12148/bpt6k3718873p/manifest.json'
For more information check: https://developer.mozilla.org/en-US/docs/Web/HTTP/Status/403",2026-07-17T18:50:55.883234
lacroix,bpt6k37188743,,failed,0,0,,http_manifest,known,403,manifest,"Client error '403 ' for url 'https://openapiproext.bnf.fr/iiif/presentation/v3/ark:/12148/bpt6k37188743/manifest.json'
For more information check: https://developer.mozilla.org/en-US/docs/Web/HTTP/Status/403",2026-07-17T18:50:57.087835
lacroix,bpt6k3718875h,,failed,0,0,,http_manifest,known,403,manifest,"Client error '403 ' for url 'https://openapiproext.bnf.fr/iiif/presentation/v3/ark:/12148/bpt6k3718875h/manifest.json'
For more information check: https://developer.mozilla.org/en-US/docs/Web/HTTP/Status/403",2026-07-17T18:50:58.303736
lacroix,bpt6k3718876x,,failed,0,0,,http_manifest,known,403,manifest,"Client error '403 ' for url 'https://openapiproext.bnf.fr/iiif/presentation/v3/ark:/12148/bpt6k3718876x/manifest.json'
For more information check: https://developer.mozilla.org/en-US/docs/Web/HTTP/Status/403",2026-07-17T18:50:59.687377
lacroix,bpt6k3718877b,,failed,0,0,,http_manifest,known,403,manifest,"Client error '403 ' for url 'https://openapiproext.bnf.fr/iiif/presentation/v3/ark:/12148/bpt6k3718877b/manifest.json'
For more information check: https://developer.mozilla.org/en-US/docs/Web/HTTP/Status/403",2026-07-17T18:51:00.690701
lacroix,bpt6k3718878r,,failed,0,0,,http_manifest,known,403,manifest,"Client error '403 ' for url 'https://openapiproext.bnf.fr/iiif/presentation/v3/ark:/12148/bpt6k3718878r/manifest.json'
For more information check: https://developer.mozilla.org/en-US/docs/Web/HTTP/Status/403",2026-07-17T18:51:02.081427
lacroix,bpt6k37188795,,failed,0,0,,http_manifest,known,403,manifest,"Client error '403 ' for url 'https://openapiproext.bnf.fr/iiif/presentation/v3/ark:/12148/bpt6k37188795/manifest.json'
For more information check: https://developer.mozilla.org/en-US/docs/Web/HTTP/Status/403",2026-07-17T18:51:03.097390
lacroix,bpt6k3718880t,,failed,0,0,,http_manifest,known,403,manifest,"Client error '403 ' for url 'https://openapiproext.bnf.fr/iiif/presentation/v3/ark:/12148/bpt6k3718880t/manifest.json'
For more information check: https://developer.mozilla.org/en-US/docs/Web/HTTP/Status/403",2026-07-17T18:51:04.410740
lacroix,bpt6k37188817,,failed,0,0,,http_manifest,known,403,manifest,"Client error '403 ' for url 'https://openapiproext.bnf.fr/iiif/presentation/v3/ark:/12148/bpt6k37188817/manifest.json'
For more information check: https://developer.mozilla.org/en-US/docs/Web/HTTP/Status/403",2026-07-17T18:51:05.758516
lacroix,bpt6k3718882n,,failed,0,0,,http_manifest,known,403,manifest,"Client error '403 ' for url 'https://openapiproext.bnf.fr/iiif/presentation/v3/ark:/12148/bpt6k3718882n/manifest.json'
For more information check: https://developer.mozilla.org/en-US/docs/Web/HTTP/Status/403",2026-07-17T18:51:06.884764
lacroix,bpt6k37188832,,failed,0,0,,http_manifest,known,403,manifest,"Client error '403 ' for url 'https://openapiproext.bnf.fr/iiif/presentation/v3/ark:/12148/bpt6k37188832/manifest.json'
For more information check: https://developer.mozilla.org/en-US/docs/Web/HTTP/Status/403",2026-07-17T18:51:07.912438
lacroix,bpt6k3718884g,,failed,0,0,,http_manifest,known,403,manifest,"Client error '403 ' for url 'https://openapiproext.bnf.fr/iiif/presentation/v3/ark:/12148/bpt6k3718884g/manifest.json'
For more information check: https://developer.mozilla.org/en-US/docs/Web/HTTP/Status/403",2026-07-17T18:51:09.103468
lacroix,bpt6k3718885w,,failed,0,0,,http_manifest,known,403,manifest,"Client error '403 ' for url 'https://openapiproext.bnf.fr/iiif/presentation/v3/ark:/12148/bpt6k3718885w/manifest.json'
For more information check: https://developer.mozilla.org/en-US/docs/Web/HTTP/Status/403",2026-07-17T18:51:10.308744
lacroix,bpt6k37188869,,failed,0,0,,http_manifest,known,403,manifest,"Client error '403 ' for url 'https://openapiproext.bnf.fr/iiif/presentation/v3/ark:/12148/bpt6k37188869/manifest.json'
For more information check: https://developer.mozilla.org/en-US/docs/Web/HTTP/Status/403",2026-07-17T18:51:11.699201
lacroix,bpt6k3718887q,,failed,0,0,,http_manifest,known,403,manifest,"Client error '403 ' for url 'https://openapiproext.bnf.fr/iiif/presentation/v3/ark:/12148/bpt6k3718887q/manifest.json'
For more information check: https://developer.mozilla.org/en-US/docs/Web/HTTP/Status/403",2026-07-17T18:51:12.791180
lacroix,bpt6k37188884,,failed,0,0,,http_manifest,known,403,manifest,"Client error '403 ' for url 'https://openapiproext.bnf.fr/iiif/presentation/v3/ark:/12148/bpt6k37188884/manifest.json'
For more information check: https://developer.mozilla.org/en-US/docs/Web/HTTP/Status/403",2026-07-17T18:51:14.056017
lacroix,bpt6k3718889j,,failed,0,0,,http_manifest,known,403,manifest,"Client error '403 ' for url 'https://openapiproext.bnf.fr/iiif/presentation/v3/ark:/12148/bpt6k3718889j/manifest.json'
For more information check: https://developer.mozilla.org/en-US/docs/Web/HTTP/Status/403",2026-07-17T18:51:15.111811
lacroix,bpt6k37188906,,failed,0,0,,http_manifest,known,403,manifest,"Client error '403 ' for url 'https://openapiproext.bnf.fr/iiif/presentation/v3/ark:/12148/bpt6k37188906/manifest.json'
For more information check: https://developer.mozilla.org/en-US/docs/Web/HTTP/Status/403",2026-07-17T18:51:16.515983
lacroix,bpt6k3718891m,,failed,0,0,,http_manifest,known,403,manifest,"Client error '403 ' for url 'https://openapiproext.bnf.fr/iiif/presentation/v3/ark:/12148/bpt6k3718891m/manifest.json'
For more information check: https://developer.mozilla.org/en-US/docs/Web/HTTP/Status/403",2026-07-17T18:51:17.655677
lacroix,bpt6k37188921,,failed,0,0,,http_manifest,known,403,manifest,"Client error '403 ' for url 'https://openapiproext.bnf.fr/iiif/presentation/v3/ark:/12148/bpt6k37188921/manifest.json'
For more information check: https://developer.mozilla.org/en-US/docs/Web/HTTP/Status/403",2026-07-17T18:51:18.975275
lacroix,bpt6k3718893f,,failed,0,0,,http_manifest,known,403,manifest,"Client error '403 ' for url 'https://openapiproext.bnf.fr/iiif/presentation/v3/ark:/12148/bpt6k3718893f/manifest.json'
For more information check: https://developer.mozilla.org/en-US/docs/Web/HTTP/Status/403",2026-07-17T18:51:19.919062
lacroix,bpt6k3718894v,,failed,0,0,,http_manifest,known,403,manifest,"Client error '403 ' for url 'https://openapiproext.bnf.fr/iiif/presentation/v3/ark:/12148/bpt6k3718894v/manifest.json'
For more information check: https://developer.mozilla.org/en-US/docs/Web/HTTP/Status/403",2026-07-17T18:51:21.128206
lacroix,bpt6k37188958,,failed,0,0,,http_manifest,known,403,manifest,"Client error '403 ' for url 'https://openapiproext.bnf.fr/iiif/presentation/v3/ark:/12148/bpt6k37188958/manifest.json'
For more information check: https://developer.mozilla.org/en-US/docs/Web/HTTP/Status/403",2026-07-17T18:51:22.322926
lacroix,bpt6k3718896p,,failed,0,0,,http_manifest,known,403,manifest,"Client error '403 ' for url 'https://openapiproext.bnf.fr/iiif/presentation/v3/ark:/12148/bpt6k3718896p/manifest.json'
For more information check: https://developer.mozilla.org/en-US/docs/Web/HTTP/Status/403",2026-07-17T18:51:23.553558
lacroix,bpt6k37188973,,failed,0,0,,http_manifest,known,403,manifest,"Client error '403 ' for url 'https://openapiproext.bnf.fr/iiif/presentation/v3/ark:/12148/bpt6k37188973/manifest.json'
For more information check: https://developer.mozilla.org/en-US/docs/Web/HTTP/Status/403",2026-07-17T18:51:24.724977
lacroix,bpt6k3718898h,,failed,0,0,,http_manifest,known,403,manifest,"Client error '403 ' for url 'https://openapiproext.bnf.fr/iiif/presentation/v3/ark:/12148/bpt6k3718898h/manifest.json'
For more information check: https://developer.mozilla.org/en-US/docs/Web/HTTP/Status/403",2026-07-17T18:51:25.927715
lacroix,bpt6k3718899x,,failed,0,0,,http_manifest,known,403,manifest,"Client error '403 ' for url 'https://openapiproext.bnf.fr/iiif/presentation/v3/ark:/12148/bpt6k3718899x/manifest.json'
For more information check: https://developer.mozilla.org/en-US/docs/Web/HTTP/Status/403",2026-07-17T18:51:27.127639
lacroix,bpt6k37189004,,failed,0,0,,http_manifest,known,403,manifest,"Client error '403 ' for url 'https://openapiproext.bnf.fr/iiif/presentation/v3/ark:/12148/bpt6k37189004/manifest.json'
For more information check: https://developer.mozilla.org/en-US/docs/Web/HTTP/Status/403",2026-07-17T18:51:28.331211
lacroix,bpt6k3718901j,,failed,0,0,,http_manifest,known,403,manifest,"Client error '403 ' for url 'https://openapiproext.bnf.fr/iiif/presentation/v3/ark:/12148/bpt6k3718901j/manifest.json'
For more information check: https://developer.mozilla.org/en-US/docs/Web/HTTP/Status/403",2026-07-17T18:51:29.562333
lacroix,bpt6k3718902z,,failed,0,0,,http_manifest,known,403,manifest,"Client error '403 ' for url 'https://openapiproext.bnf.fr/iiif/presentation/v3/ark:/12148/bpt6k3718902z/manifest.json'
For more information check: https://developer.mozilla.org/en-US/docs/Web/HTTP/Status/403",2026-07-17T18:51:30.729134
lacroix,bpt6k3718903c,,failed,0,0,,http_manifest,known,403,manifest,"Client error '403 ' for url 'https://openapiproext.bnf.fr/iiif/presentation/v3/ark:/12148/bpt6k3718903c/manifest.json'
For more information check: https://developer.mozilla.org/en-US/docs/Web/HTTP/Status/403",2026-07-17T18:51:31.937762
lacroix,bpt6k3718904s,,failed,0,0,,http_manifest,known,403,manifest,"Client error '403 ' for url 'https://openapiproext.bnf.fr/iiif/presentation/v3/ark:/12148/bpt6k3718904s/manifest.json'
For more information check: https://developer.mozilla.org/en-US/docs/Web/HTTP/Status/403",2026-07-17T18:51:33.135508
lacroix,bpt6k37189056,,failed,0,0,,http_manifest,known,403,manifest,"Client error '403 ' for url 'https://openapiproext.bnf.fr/iiif/presentation/v3/ark:/12148/bpt6k37189056/manifest.json'
For more information check: https://developer.mozilla.org/en-US/docs/Web/HTTP/Status/403",2026-07-17T18:51:34.338774
lacroix,bpt6k3718906m,,failed,0,0,,http_manifest,known,403,manifest,"Client error '403 ' for url 'https://openapiproext.bnf.fr/iiif/presentation/v3/ark:/12148/bpt6k3718906m/manifest.json'
For more information check: https://developer.mozilla.org/en-US/docs/Web/HTTP/Status/403",2026-07-17T18:51:35.540730
lacroix,bpt6k37189071,,failed,0,0,,http_manifest,known,403,manifest,"Client error '403 ' for url 'https://openapiproext.bnf.fr/iiif/presentation/v3/ark:/12148/bpt6k37189071/manifest.json'
For more information check: https://developer.mozilla.org/en-US/docs/Web/HTTP/Status/403",2026-07-17T18:51:36.747718
lacroix,bpt6k3718908f,,failed,0,0,,http_manifest,known,403,manifest,"Client error '403 ' for url 'https://openapiproext.bnf.fr/iiif/presentation/v3/ark:/12148/bpt6k3718908f/manifest.json'
For more information check: https://developer.mozilla.org/en-US/docs/Web/HTTP/Status/403",2026-07-17T18:51:37.940085
lacroix,bpt6k3718909v,,failed,0,0,,http_manifest,known,403,manifest,"Client error '403 ' for url 'https://openapiproext.bnf.fr/iiif/presentation/v3/ark:/12148/bpt6k3718909v/manifest.json'
For more information check: https://developer.mozilla.org/en-US/docs/Web/HTTP/Status/403",2026-07-17T18:51:39.144247
lacroix,bpt6k3718910h,,failed,0,0,,http_manifest,known,403,manifest,"Client error '403 ' for url 'https://openapiproext.bnf.fr/iiif/presentation/v3/ark:/12148/bpt6k3718910h/manifest.json'
For more information check: https://developer.mozilla.org/en-US/docs/Web/HTTP/Status/403",2026-07-17T18:51:40.345393
lacroix,bpt6k3718911x,,failed,0,0,,http_manifest,known,403,manifest,"Client error '403 ' for url 'https://openapiproext.bnf.fr/iiif/presentation/v3/ark:/12148/bpt6k3718911x/manifest.json'
For more information check: https://developer.mozilla.org/en-US/docs/Web/HTTP/Status/403",2026-07-17T18:51:41.590285
lacroix,bpt6k3718912b,,failed,0,0,,http_manifest,known,403,manifest,"Client error '403 ' for url 'https://openapiproext.bnf.fr/iiif/presentation/v3/ark:/12148/bpt6k3718912b/manifest.json'
For more information check: https://developer.mozilla.org/en-US/docs/Web/HTTP/Status/403",2026-07-17T18:51:42.750772
lacroix,bpt6k3718913r,,failed,0,0,,http_manifest,known,403,manifest,"Client error '403 ' for url 'https://openapiproext.bnf.fr/iiif/presentation/v3/ark:/12148/bpt6k3718913r/manifest.json'
For more information check: https://developer.mozilla.org/en-US/docs/Web/HTTP/Status/403",2026-07-17T18:51:43.952539
lacroix,bpt6k37189145,,failed,0,0,,http_manifest,known,403,manifest,"Client error '403 ' for url 'https://openapiproext.bnf.fr/iiif/presentation/v3/ark:/12148/bpt6k37189145/manifest.json'
For more information check: https://developer.mozilla.org/en-US/docs/Web/HTTP/Status/403",2026-07-17T18:51:45.155595
lacroix,bpt6k3718915k,,failed,0,0,,http_manifest,known,403,manifest,"Client error '403 ' for url 'https://openapiproext.bnf.fr/iiif/presentation/v3/ark:/12148/bpt6k3718915k/manifest.json'
For more information check: https://developer.mozilla.org/en-US/docs/Web/HTTP/Status/403",2026-07-17T18:51:46.356069
lacroix,bpt6k37189160,,failed,0,0,,http_manifest,known,403,manifest,"Client error '403 ' for url 'https://openapiproext.bnf.fr/iiif/presentation/v3/ark:/12148/bpt6k37189160/manifest.json'
For more information check: https://developer.mozilla.org/en-US/docs/Web/HTTP/Status/403",2026-07-17T18:51:47.564528
lacroix,bpt6k3718917d,,failed,0,0,,http_manifest,known,403,manifest,"Client error '403 ' for url 'https://openapiproext.bnf.fr/iiif/presentation/v3/ark:/12148/bpt6k3718917d/manifest.json'
For more information check: https://developer.mozilla.org/en-US/docs/Web/HTTP/Status/403",2026-07-17T18:51:48.757303
lacroix,bpt6k3718918t,,failed,0,0,,http_manifest,known,403,manifest,"Client error '403 ' for url 'https://openapiproext.bnf.fr/iiif/presentation/v3/ark:/12148/bpt6k3718918t/manifest.json'
For more information check: https://developer.mozilla.org/en-US/docs/Web/HTTP/Status/403",2026-07-17T18:51:49.961688
lacroix,bpt6k37189197,,failed,0,0,,http_manifest,known,403,manifest,"Client error '403 ' for url 'https://openapiproext.bnf.fr/iiif/presentation/v3/ark:/12148/bpt6k37189197/manifest.json'
For more information check: https://developer.mozilla.org/en-US/docs/Web/HTTP/Status/403",2026-07-17T18:51:51.162702
lacroix,bpt6k3718920w,,failed,0,0,,http_manifest,known,403,manifest,"Client error '403 ' for url 'https://openapiproext.bnf.fr/iiif/presentation/v3/ark:/12148/bpt6k3718920w/manifest.json'
For more information check: https://developer.mozilla.org/en-US/docs/Web/HTTP/Status/403",2026-07-17T18:51:52.368520
lacroix,bpt6k37189219,,failed,0,0,,http_manifest,known,403,manifest,"Client error '403 ' for url 'https://openapiproext.bnf.fr/iiif/presentation/v3/ark:/12148/bpt6k37189219/manifest.json'
For more information check: https://developer.mozilla.org/en-US/docs/Web/HTTP/Status/403",2026-07-17T18:51:53.588078
lacroix,bpt6k3718922q,,failed,0,0,,http_manifest,known,403,manifest,"Client error '403 ' for url 'https://openapiproext.bnf.fr/iiif/presentation/v3/ark:/12148/bpt6k3718922q/manifest.json'
For more information check: https://developer.mozilla.org/en-US/docs/Web/HTTP/Status/403",2026-07-17T18:51:54.767682
lacroix,bpt6k37189234,,failed,0,0,,http_manifest,known,403,manifest,"Client error '403 ' for url 'https://openapiproext.bnf.fr/iiif/presentation/v3/ark:/12148/bpt6k37189234/manifest.json'
For more information check: https://developer.mozilla.org/en-US/docs/Web/HTTP/Status/403",2026-07-17T18:51:55.965210
lacroix,bpt6k3718924j,,failed,0,0,,http_manifest,known,403,manifest,"Client error '403 ' for url 'https://openapiproext.bnf.fr/iiif/presentation/v3/ark:/12148/bpt6k3718924j/manifest.json'
For more information check: https://developer.mozilla.org/en-US/docs/Web/HTTP/Status/403",2026-07-17T18:51:57.170753
lacroix,bpt6k3718925z,,failed,0,0,,http_manifest,known,403,manifest,"Client error '403 ' for url 'https://openapiproext.bnf.fr/iiif/presentation/v3/ark:/12148/bpt6k3718925z/manifest.json'
For more information check: https://developer.mozilla.org/en-US/docs/Web/HTTP/Status/403",2026-07-17T18:51:58.409671
lacroix,bpt6k3718926c,,failed,0,0,,http_manifest,known,403,manifest,"Client error '403 ' for url 'https://openapiproext.bnf.fr/iiif/presentation/v3/ark:/12148/bpt6k3718926c/manifest.json'
For more information check: https://developer.mozilla.org/en-US/docs/Web/HTTP/Status/403",2026-07-17T18:51:59.764553
lacroix,bpt6k3718927s,,failed,0,0,,http_manifest,known,403,manifest,"Client error '403 ' for url 'https://openapiproext.bnf.fr/iiif/presentation/v3/ark:/12148/bpt6k3718927s/manifest.json'
For more information check: https://developer.mozilla.org/en-US/docs/Web/HTTP/Status/403",2026-07-17T18:52:00.779889
lacroix,bpt6k37189286,,failed,0,0,,http_manifest,known,403,manifest,"Client error '403 ' for url 'https://openapiproext.bnf.fr/iiif/presentation/v3/ark:/12148/bpt6k37189286/manifest.json'
For more information check: https://developer.mozilla.org/en-US/docs/Web/HTTP/Status/403",2026-07-17T18:52:02.084254
lacroix,bpt6k3718929m,,failed,0,0,,http_manifest,known,403,manifest,"Client error '403 ' for url 'https://openapiproext.bnf.fr/iiif/presentation/v3/ark:/12148/bpt6k3718929m/manifest.json'
For more information check: https://developer.mozilla.org/en-US/docs/Web/HTTP/Status/403",2026-07-17T18:52:03.181572
lacroix,bpt6k37189308,,failed,0,0,,http_manifest,known,403,manifest,"Client error '403 ' for url 'https://openapiproext.bnf.fr/iiif/presentation/v3/ark:/12148/bpt6k37189308/manifest.json'
For more information check: https://developer.mozilla.org/en-US/docs/Web/HTTP/Status/403",2026-07-17T18:52:04.652907
lacroix,bpt6k3718931p,,failed,0,0,,http_manifest,known,403,manifest,"Client error '403 ' for url 'https://openapiproext.bnf.fr/iiif/presentation/v3/ark:/12148/bpt6k3718931p/manifest.json'
For more information check: https://developer.mozilla.org/en-US/docs/Web/HTTP/Status/403",2026-07-17T18:52:05.714832
lacroix,bpt6k37189323,,failed,0,0,,http_manifest,known,403,manifest,"Client error '403 ' for url 'https://openapiproext.bnf.fr/iiif/presentation/v3/ark:/12148/bpt6k37189323/manifest.json'
For more information check: https://developer.mozilla.org/en-US/docs/Web/HTTP/Status/403",2026-07-17T18:52:06.947506
lacroix,bpt6k3718933h,,failed,0,0,,http_manifest,known,403,manifest,"Client error '403 ' for url 'https://openapiproext.bnf.fr/iiif/presentation/v3/ark:/12148/bpt6k3718933h/manifest.json'
For more information check: https://developer.mozilla.org/en-US/docs/Web/HTTP/Status/403",2026-07-17T18:52:07.984570
lacroix,bpt6k3718934x,,failed,0,0,,http_manifest,known,403,manifest,"Client error '403 ' for url 'https://openapiproext.bnf.fr/iiif/presentation/v3/ark:/12148/bpt6k3718934x/manifest.json'
For more information check: https://developer.mozilla.org/en-US/docs/Web/HTTP/Status/403",2026-07-17T18:52:09.191586
lacroix,bpt6k3718972m,,failed,0,0,,http_manifest,known,403,manifest,"Client error '403 ' for url 'https://openapiproext.bnf.fr/iiif/presentation/v3/ark:/12148/bpt6k3718972m/manifest.json'
For more information check: https://developer.mozilla.org/en-US/docs/Web/HTTP/Status/403",2026-07-17T18:52:10.391188
lacroix,bpt6k3718936r,,failed,0,0,,http_manifest,known,403,manifest,"Client error '403 ' for url 'https://openapiproext.bnf.fr/iiif/presentation/v3/ark:/12148/bpt6k3718936r/manifest.json'
For more information check: https://developer.mozilla.org/en-US/docs/Web/HTTP/Status/403",2026-07-17T18:52:11.615876
lacroix,bpt6k37189375,,failed,0,0,,http_manifest,known,403,manifest,"Client error '403 ' for url 'https://openapiproext.bnf.fr/iiif/presentation/v3/ark:/12148/bpt6k37189375/manifest.json'
For more information check: https://developer.mozilla.org/en-US/docs/Web/HTTP/Status/403",2026-07-17T18:52:12.905972
lacroix,bpt6k3718938k,,failed,0,0,,http_manifest,known,403,manifest,"Client error '403 ' for url 'https://openapiproext.bnf.fr/iiif/presentation/v3/ark:/12148/bpt6k3718938k/manifest.json'
For more information check: https://developer.mozilla.org/en-US/docs/Web/HTTP/Status/403",2026-07-17T18:52:13.991549
lacroix,bpt6k37189390,,failed,0,0,,http_manifest,known,403,manifest,"Client error '403 ' for url 'https://openapiproext.bnf.fr/iiif/presentation/v3/ark:/12148/bpt6k37189390/manifest.json'
For more information check: https://developer.mozilla.org/en-US/docs/Web/HTTP/Status/403",2026-07-17T18:52:15.197778
lacroix,bpt6k3718940n,,failed,0,0,,http_manifest,known,403,manifest,"Client error '403 ' for url 'https://openapiproext.bnf.fr/iiif/presentation/v3/ark:/12148/bpt6k3718940n/manifest.json'
For more information check: https://developer.mozilla.org/en-US/docs/Web/HTTP/Status/403",2026-07-17T18:52:16.395478
lacroix,bpt6k37189412,,failed,0,0,,http_manifest,known,403,manifest,"Client error '403 ' for url 'https://openapiproext.bnf.fr/iiif/presentation/v3/ark:/12148/bpt6k37189412/manifest.json'
For more information check: https://developer.mozilla.org/en-US/docs/Web/HTTP/Status/403",2026-07-17T18:52:17.740543
lacroix,bpt6k3718942g,,failed,0,0,,http_manifest,known,403,manifest,"Client error '403 ' for url 'https://openapiproext.bnf.fr/iiif/presentation/v3/ark:/12148/bpt6k3718942g/manifest.json'
For more information check: https://developer.mozilla.org/en-US/docs/Web/HTTP/Status/403",2026-07-17T18:52:19.136158
lacroix,bpt6k3718943w,,failed,0,0,,http_manifest,known,403,manifest,"Client error '403 ' for url 'https://openapiproext.bnf.fr/iiif/presentation/v3/ark:/12148/bpt6k3718943w/manifest.json'
For more information check: https://developer.mozilla.org/en-US/docs/Web/HTTP/Status/403",2026-07-17T18:52:20.033619
lacroix,bpt6k37189449,,failed,0,0,,http_manifest,known,403,manifest,"Client error '403 ' for url 'https://openapiproext.bnf.fr/iiif/presentation/v3/ark:/12148/bpt6k37189449/manifest.json'
For more information check: https://developer.mozilla.org/en-US/docs/Web/HTTP/Status/403",2026-07-17T18:52:21.201662
lacroix,bpt6k3718945q,,failed,0,0,,http_manifest,known,403,manifest,"Client error '403 ' for url 'https://openapiproext.bnf.fr/iiif/presentation/v3/ark:/12148/bpt6k3718945q/manifest.json'
For more information check: https://developer.mozilla.org/en-US/docs/Web/HTTP/Status/403",2026-07-17T18:52:22.407513
lacroix,bpt6k37189464,,failed,0,0,,http_manifest,known,403,manifest,"Client error '403 ' for url 'https://openapiproext.bnf.fr/iiif/presentation/v3/ark:/12148/bpt6k37189464/manifest.json'
For more information check: https://developer.mozilla.org/en-US/docs/Web/HTTP/Status/403",2026-07-17T18:52:23.629660
lacroix,bpt6k3718947j,,failed,0,0,,http_manifest,known,403,manifest,"Client error '403 ' for url 'https://openapiproext.bnf.fr/iiif/presentation/v3/ark:/12148/bpt6k3718947j/manifest.json'
For more information check: https://developer.mozilla.org/en-US/docs/Web/HTTP/Status/403",2026-07-17T18:52:24.808491
lacroix,bpt6k3718948z,,failed,0,0,,http_manifest,known,403,manifest,"Client error '403 ' for url 'https://openapiproext.bnf.fr/iiif/presentation/v3/ark:/12148/bpt6k3718948z/manifest.json'
For more information check: https://developer.mozilla.org/en-US/docs/Web/HTTP/Status/403",2026-07-17T18:52:26.006087
lacroix,bpt6k3718949c,,failed,0,0,,http_manifest,known,403,manifest,"Client error '403 ' for url 'https://openapiproext.bnf.fr/iiif/presentation/v3/ark:/12148/bpt6k3718949c/manifest.json'
For more information check: https://developer.mozilla.org/en-US/docs/Web/HTTP/Status/403",2026-07-17T18:52:27.214374
lacroix,bpt6k37189501,,failed,0,0,,http_manifest,known,403,manifest,"Client error '403 ' for url 'https://openapiproext.bnf.fr/iiif/presentation/v3/ark:/12148/bpt6k37189501/manifest.json'
For more information check: https://developer.mozilla.org/en-US/docs/Web/HTTP/Status/403",2026-07-17T18:52:28.411456
lacroix,bpt6k3718951f,,failed,0,0,,http_manifest,known,403,manifest,"Client error '403 ' for url 'https://openapiproext.bnf.fr/iiif/presentation/v3/ark:/12148/bpt6k3718951f/manifest.json'
For more information check: https://developer.mozilla.org/en-US/docs/Web/HTTP/Status/403",2026-07-17T18:52:29.637537
lacroix,bpt6k3718952v,,failed,0,0,,http_manifest,known,403,manifest,"Client error '403 ' for url 'https://openapiproext.bnf.fr/iiif/presentation/v3/ark:/12148/bpt6k3718952v/manifest.json'
For more information check: https://developer.mozilla.org/en-US/docs/Web/HTTP/Status/403",2026-07-17T18:52:30.813740
lacroix,bpt6k37189538,,failed,0,0,,http_manifest,known,403,manifest,"Client error '403 ' for url 'https://openapiproext.bnf.fr/iiif/presentation/v3/ark:/12148/bpt6k37189538/manifest.json'
For more information check: https://developer.mozilla.org/en-US/docs/Web/HTTP/Status/403",2026-07-17T18:52:32.021976
lacroix,bpt6k3718954p,,failed,0,0,,http_manifest,known,403,manifest,"Client error '403 ' for url 'https://openapiproext.bnf.fr/iiif/presentation/v3/ark:/12148/bpt6k3718954p/manifest.json'
For more information check: https://developer.mozilla.org/en-US/docs/Web/HTTP/Status/403",2026-07-17T18:52:33.219474
lacroix,bpt6k37189553,,failed,0,0,,http_manifest,known,403,manifest,"Client error '403 ' for url 'https://openapiproext.bnf.fr/iiif/presentation/v3/ark:/12148/bpt6k37189553/manifest.json'
For more information check: https://developer.mozilla.org/en-US/docs/Web/HTTP/Status/403",2026-07-17T18:52:34.420657
lacroix,bpt6k3718956h,,failed,0,0,,http_manifest,known,403,manifest,"Client error '403 ' for url 'https://openapiproext.bnf.fr/iiif/presentation/v3/ark:/12148/bpt6k3718956h/manifest.json'
For more information check: https://developer.mozilla.org/en-US/docs/Web/HTTP/Status/403",2026-07-17T18:52:35.622412
lacroix,bpt6k3718957x,,failed,0,0,,http_manifest,known,403,manifest,"Client error '403 ' for url 'https://openapiproext.bnf.fr/iiif/presentation/v3/ark:/12148/bpt6k3718957x/manifest.json'
For more information check: https://developer.mozilla.org/en-US/docs/Web/HTTP/Status/403",2026-07-17T18:52:36.822133
lacroix,bpt6k3718958b,,failed,0,0,,http_manifest,known,403,manifest,"Client error '403 ' for url 'https://openapiproext.bnf.fr/iiif/presentation/v3/ark:/12148/bpt6k3718958b/manifest.json'
For more information check: https://developer.mozilla.org/en-US/docs/Web/HTTP/Status/403",2026-07-17T18:52:38.035724
lacroix,bpt6k3718959r,,failed,0,0,,http_manifest,known,403,manifest,"Client error '403 ' for url 'https://openapiproext.bnf.fr/iiif/presentation/v3/ark:/12148/bpt6k3718959r/manifest.json'
For more information check: https://developer.mozilla.org/en-US/docs/Web/HTTP/Status/403",2026-07-17T18:52:39.223239
lacroix,bpt6k3718960d,,failed,0,0,,http_manifest,known,403,manifest,"Client error '403 ' for url 'https://openapiproext.bnf.fr/iiif/presentation/v3/ark:/12148/bpt6k3718960d/manifest.json'
For more information check: https://developer.mozilla.org/en-US/docs/Web/HTTP/Status/403",2026-07-17T18:52:40.425539
lacroix,bpt6k3718961t,,failed,0,0,,http_manifest,known,403,manifest,"Client error '403 ' for url 'https://openapiproext.bnf.fr/iiif/presentation/v3/ark:/12148/bpt6k3718961t/manifest.json'
For more information check: https://developer.mozilla.org/en-US/docs/Web/HTTP/Status/403",2026-07-17T18:52:41.664714
lacroix,bpt6k37189627,,failed,0,0,,http_manifest,known,403,manifest,"Client error '403 ' for url 'https://openapiproext.bnf.fr/iiif/presentation/v3/ark:/12148/bpt6k37189627/manifest.json'
For more information check: https://developer.mozilla.org/en-US/docs/Web/HTTP/Status/403",2026-07-17T18:52:42.833841
lacroix,bpt6k3718963n,,failed,0,0,,http_manifest,known,403,manifest,"Client error '403 ' for url 'https://openapiproext.bnf.fr/iiif/presentation/v3/ark:/12148/bpt6k3718963n/manifest.json'
For more information check: https://developer.mozilla.org/en-US/docs/Web/HTTP/Status/403",2026-07-17T18:52:44.035422
lacroix,bpt6k37189642,,failed,0,0,,http_manifest,known,403,manifest,"Client error '403 ' for url 'https://openapiproext.bnf.fr/iiif/presentation/v3/ark:/12148/bpt6k37189642/manifest.json'
For more information check: https://developer.mozilla.org/en-US/docs/Web/HTTP/Status/403",2026-07-17T18:52:45.231524
lacroix,bpt6k3718965g,,failed,0,0,,http_manifest,known,403,manifest,"Client error '403 ' for url 'https://openapiproext.bnf.fr/iiif/presentation/v3/ark:/12148/bpt6k3718965g/manifest.json'
For more information check: https://developer.mozilla.org/en-US/docs/Web/HTTP/Status/403",2026-07-17T18:52:46.434054
lacroix,bpt6k3718966w,,failed,0,0,,http_manifest,known,403,manifest,"Client error '403 ' for url 'https://openapiproext.bnf.fr/iiif/presentation/v3/ark:/12148/bpt6k3718966w/manifest.json'
For more information check: https://developer.mozilla.org/en-US/docs/Web/HTTP/Status/403",2026-07-17T18:52:47.640345
lacroix,bpt6k37189679,,failed,0,0,,http_manifest,known,403,manifest,"Client error '403 ' for url 'https://openapiproext.bnf.fr/iiif/presentation/v3/ark:/12148/bpt6k37189679/manifest.json'
For more information check: https://developer.mozilla.org/en-US/docs/Web/HTTP/Status/403",2026-07-17T18:52:48.836403
lacroix,bpt6k3718968q,,failed,0,0,,http_manifest,known,403,manifest,"Client error '403 ' for url 'https://openapiproext.bnf.fr/iiif/presentation/v3/ark:/12148/bpt6k3718968q/manifest.json'
For more information check: https://developer.mozilla.org/en-US/docs/Web/HTTP/Status/403",2026-07-17T18:52:50.044509
lacroix,bpt6k37189694,,failed,0,0,,http_manifest,known,403,manifest,"Client error '403 ' for url 'https://openapiproext.bnf.fr/iiif/presentation/v3/ark:/12148/bpt6k37189694/manifest.json'
For more information check: https://developer.mozilla.org/en-US/docs/Web/HTTP/Status/403",2026-07-17T18:52:51.240681
lacroix,bpt6k3718970s,,failed,0,0,,http_manifest,known,403,manifest,"Client error '403 ' for url 'https://openapiproext.bnf.fr/iiif/presentation/v3/ark:/12148/bpt6k3718970s/manifest.json'
For more information check: https://developer.mozilla.org/en-US/docs/Web/HTTP/Status/403",2026-07-17T18:52:52.441706
lacroix,bpt6k37189716,,failed,0,0,,http_manifest,known,403,manifest,"Client error '403 ' for url 'https://openapiproext.bnf.fr/iiif/presentation/v3/ark:/12148/bpt6k37189716/manifest.json'
For more information check: https://developer.mozilla.org/en-US/docs/Web/HTTP/Status/403",2026-07-17T18:52:53.648868
lacroix,bpt6k37191970,,failed,0,0,,http_manifest,known,403,manifest,"Client error '403 ' for url 'https://openapiproext.bnf.fr/iiif/presentation/v3/ark:/12148/bpt6k37191970/manifest.json'
For more information check: https://developer.mozilla.org/en-US/docs/Web/HTTP/Status/403",2026-07-17T18:52:54.844975
lacroix,bpt6k37189731,,failed,0,0,,http_manifest,known,403,manifest,"Client error '403 ' for url 'https://openapiproext.bnf.fr/iiif/presentation/v3/ark:/12148/bpt6k37189731/manifest.json'
For more information check: https://developer.mozilla.org/en-US/docs/Web/HTTP/Status/403",2026-07-17T18:52:56.049804
lacroix,bpt6k3718974f,,failed,0,0,,http_manifest,known,403,manifest,"Client error '403 ' for url 'https://openapiproext.bnf.fr/iiif/presentation/v3/ark:/12148/bpt6k3718974f/manifest.json'
For more information check: https://developer.mozilla.org/en-US/docs/Web/HTTP/Status/403",2026-07-17T18:52:57.252603
lacroix,bpt6k3718975v,,failed,0,0,,http_manifest,known,403,manifest,"Client error '403 ' for url 'https://openapiproext.bnf.fr/iiif/presentation/v3/ark:/12148/bpt6k3718975v/manifest.json'
For more information check: https://developer.mozilla.org/en-US/docs/Web/HTTP/Status/403",2026-07-17T18:52:58.610671
lacroix,bpt6k37189768,,failed,0,0,,http_manifest,known,403,manifest,"Client error '403 ' for url 'https://openapiproext.bnf.fr/iiif/presentation/v3/ark:/12148/bpt6k37189768/manifest.json'
For more information check: https://developer.mozilla.org/en-US/docs/Web/HTTP/Status/403",2026-07-17T18:52:59.741549
lacroix,bpt6k3718977p,,failed,0,0,,http_manifest,known,403,manifest,"Client error '403 ' for url 'https://openapiproext.bnf.fr/iiif/presentation/v3/ark:/12148/bpt6k3718977p/manifest.json'
For more information check: https://developer.mozilla.org/en-US/docs/Web/HTTP/Status/403",2026-07-17T18:53:01.112496
lacroix,bpt6k37189783,,failed,0,0,,http_manifest,known,403,manifest,"Client error '403 ' for url 'https://openapiproext.bnf.fr/iiif/presentation/v3/ark:/12148/bpt6k37189783/manifest.json'
For more information check: https://developer.mozilla.org/en-US/docs/Web/HTTP/Status/403",2026-07-17T18:53:02.248025
lacroix,bpt6k3718979h,,failed,0,0,,http_manifest,known,403,manifest,"Client error '403 ' for url 'https://openapiproext.bnf.fr/iiif/presentation/v3/ark:/12148/bpt6k3718979h/manifest.json'
For more information check: https://developer.mozilla.org/en-US/docs/Web/HTTP/Status/403",2026-07-17T18:53:03.257403
lacroix,bpt6k37189805,,failed,0,0,,http_manifest,known,403,manifest,"Client error '403 ' for url 'https://openapiproext.bnf.fr/iiif/presentation/v3/ark:/12148/bpt6k37189805/manifest.json'
For more information check: https://developer.mozilla.org/en-US/docs/Web/HTTP/Status/403",2026-07-17T18:53:04.787531
lacroix,bpt6k3718981k,,failed,0,0,,http_manifest,known,403,manifest,"Client error '403 ' for url 'https://openapiproext.bnf.fr/iiif/presentation/v3/ark:/12148/bpt6k3718981k/manifest.json'
For more information check: https://developer.mozilla.org/en-US/docs/Web/HTTP/Status/403",2026-07-17T18:53:05.769207
lacroix,bpt6k37189820,,failed,0,0,,http_manifest,known,403,manifest,"Client error '403 ' for url 'https://openapiproext.bnf.fr/iiif/presentation/v3/ark:/12148/bpt6k37189820/manifest.json'
For more information check: https://developer.mozilla.org/en-US/docs/Web/HTTP/Status/403",2026-07-17T18:53:07.053173
lacroix,bpt6k3718983d,,failed,0,0,,http_manifest,known,403,manifest,"Client error '403 ' for url 'https://openapiproext.bnf.fr/iiif/presentation/v3/ark:/12148/bpt6k3718983d/manifest.json'
For more information check: https://developer.mozilla.org/en-US/docs/Web/HTTP/Status/403",2026-07-17T18:53:08.061545
lacroix,bpt6k3718984t,,failed,0,0,,http_manifest,known,403,manifest,"Client error '403 ' for url 'https://openapiproext.bnf.fr/iiif/presentation/v3/ark:/12148/bpt6k3718984t/manifest.json'
For more information check: https://developer.mozilla.org/en-US/docs/Web/HTTP/Status/403",2026-07-17T18:53:09.263404
lacroix,bpt6k37189857,,failed,0,0,,http_manifest,known,403,manifest,"Client error '403 ' for url 'https://openapiproext.bnf.fr/iiif/presentation/v3/ark:/12148/bpt6k37189857/manifest.json'
For more information check: https://developer.mozilla.org/en-US/docs/Web/HTTP/Status/403",2026-07-17T18:53:10.466234
lacroix,bpt6k3718986n,,failed,0,0,,http_manifest,known,403,manifest,"Client error '403 ' for url 'https://openapiproext.bnf.fr/iiif/presentation/v3/ark:/12148/bpt6k3718986n/manifest.json'
For more information check: https://developer.mozilla.org/en-US/docs/Web/HTTP/Status/403",2026-07-17T18:53:11.668820
lacroix,bpt6k37189872,,failed,0,0,,http_manifest,known,403,manifest,"Client error '403 ' for url 'https://openapiproext.bnf.fr/iiif/presentation/v3/ark:/12148/bpt6k37189872/manifest.json'
For more information check: https://developer.mozilla.org/en-US/docs/Web/HTTP/Status/403",2026-07-17T18:53:12.868085
lacroix,bpt6k3718988g,,failed,0,0,,http_manifest,known,403,manifest,"Client error '403 ' for url 'https://openapiproext.bnf.fr/iiif/presentation/v3/ark:/12148/bpt6k3718988g/manifest.json'
For more information check: https://developer.mozilla.org/en-US/docs/Web/HTTP/Status/403",2026-07-17T18:53:14.070684
lacroix,bpt6k3718989w,,failed,0,0,,http_manifest,known,403,manifest,"Client error '403 ' for url 'https://openapiproext.bnf.fr/iiif/presentation/v3/ark:/12148/bpt6k3718989w/manifest.json'
For more information check: https://developer.mozilla.org/en-US/docs/Web/HTTP/Status/403",2026-07-17T18:53:15.268573
lacroix,bpt6k3718990j,,failed,0,0,,http_manifest,known,403,manifest,"Client error '403 ' for url 'https://openapiproext.bnf.fr/iiif/presentation/v3/ark:/12148/bpt6k3718990j/manifest.json'
For more information check: https://developer.mozilla.org/en-US/docs/Web/HTTP/Status/403",2026-07-17T18:53:16.488805
lacroix,bpt6k3718991z,,failed,0,0,,http_manifest,known,403,manifest,"Client error '403 ' for url 'https://openapiproext.bnf.fr/iiif/presentation/v3/ark:/12148/bpt6k3718991z/manifest.json'
For more information check: https://developer.mozilla.org/en-US/docs/Web/HTTP/Status/403",2026-07-17T18:53:17.683996
lacroix,bpt6k3718992c,,failed,0,0,,http_manifest,known,403,manifest,"Client error '403 ' for url 'https://openapiproext.bnf.fr/iiif/presentation/v3/ark:/12148/bpt6k3718992c/manifest.json'
For more information check: https://developer.mozilla.org/en-US/docs/Web/HTTP/Status/403",2026-07-17T18:53:18.876048
lacroix,bpt6k3718993s,,failed,0,0,,http_manifest,known,403,manifest,"Client error '403 ' for url 'https://openapiproext.bnf.fr/iiif/presentation/v3/ark:/12148/bpt6k3718993s/manifest.json'
For more information check: https://developer.mozilla.org/en-US/docs/Web/HTTP/Status/403",2026-07-17T18:53:20.078869
lacroix,bpt6k37189946,,failed,0,0,,http_manifest,known,403,manifest,"Client error '403 ' for url 'https://openapiproext.bnf.fr/iiif/presentation/v3/ark:/12148/bpt6k37189946/manifest.json'
For more information check: https://developer.mozilla.org/en-US/docs/Web/HTTP/Status/403",2026-07-17T18:53:21.278891
lacroix,bpt6k3718995m,,failed,0,0,,http_manifest,known,403,manifest,"Client error '403 ' for url 'https://openapiproext.bnf.fr/iiif/presentation/v3/ark:/12148/bpt6k3718995m/manifest.json'
For more information check: https://developer.mozilla.org/en-US/docs/Web/HTTP/Status/403",2026-07-17T18:53:22.488844
lacroix,bpt6k37189961,,failed,0,0,,http_manifest,known,403,manifest,"Client error '403 ' for url 'https://openapiproext.bnf.fr/iiif/presentation/v3/ark:/12148/bpt6k37189961/manifest.json'
For more information check: https://developer.mozilla.org/en-US/docs/Web/HTTP/Status/403",2026-07-17T18:53:23.687085
lacroix,bpt6k3718997f,,failed,0,0,,http_manifest,known,403,manifest,"Client error '403 ' for url 'https://openapiproext.bnf.fr/iiif/presentation/v3/ark:/12148/bpt6k3718997f/manifest.json'
For more information check: https://developer.mozilla.org/en-US/docs/Web/HTTP/Status/403",2026-07-17T18:53:24.884515
lacroix,bpt6k3718998v,,failed,0,0,,http_manifest,known,403,manifest,"Client error '403 ' for url 'https://openapiproext.bnf.fr/iiif/presentation/v3/ark:/12148/bpt6k3718998v/manifest.json'
For more information check: https://developer.mozilla.org/en-US/docs/Web/HTTP/Status/403",2026-07-17T18:53:26.087482
lacroix,bpt6k37189998,,failed,0,0,,http_manifest,known,403,manifest,"Client error '403 ' for url 'https://openapiproext.bnf.fr/iiif/presentation/v3/ark:/12148/bpt6k37189998/manifest.json'
For more information check: https://developer.mozilla.org/en-US/docs/Web/HTTP/Status/403",2026-07-17T18:53:27.308042
lacroix,bpt6k3719000b,,failed,0,0,,http_manifest,known,403,manifest,"Client error '403 ' for url 'https://openapiproext.bnf.fr/iiif/presentation/v3/ark:/12148/bpt6k3719000b/manifest.json'
For more information check: https://developer.mozilla.org/en-US/docs/Web/HTTP/Status/403",2026-07-17T18:53:28.489422
lacroix,bpt6k3719001r,,failed,0,0,,http_manifest,known,403,manifest,"Client error '403 ' for url 'https://openapiproext.bnf.fr/iiif/presentation/v3/ark:/12148/bpt6k3719001r/manifest.json'
For more information check: https://developer.mozilla.org/en-US/docs/Web/HTTP/Status/403",2026-07-17T18:53:29.689928
lacroix,bpt6k37190025,,failed,0,0,,http_manifest,known,403,manifest,"Client error '403 ' for url 'https://openapiproext.bnf.fr/iiif/presentation/v3/ark:/12148/bpt6k37190025/manifest.json'
For more information check: https://developer.mozilla.org/en-US/docs/Web/HTTP/Status/403",2026-07-17T18:53:30.892200
lacroix,bpt6k3719003k,,failed,0,0,,http_manifest,known,403,manifest,"Client error '403 ' for url 'https://openapiproext.bnf.fr/iiif/presentation/v3/ark:/12148/bpt6k3719003k/manifest.json'
For more information check: https://developer.mozilla.org/en-US/docs/Web/HTTP/Status/403",2026-07-17T18:53:32.096565
lacroix,bpt6k37190040,,failed,0,0,,http_manifest,known,403,manifest,"Client error '403 ' for url 'https://openapiproext.bnf.fr/iiif/presentation/v3/ark:/12148/bpt6k37190040/manifest.json'
For more information check: https://developer.mozilla.org/en-US/docs/Web/HTTP/Status/403",2026-07-17T18:53:33.296727
lacroix,bpt6k3719005d,,failed,0,0,,http_manifest,known,403,manifest,"Client error '403 ' for url 'https://openapiproext.bnf.fr/iiif/presentation/v3/ark:/12148/bpt6k3719005d/manifest.json'
For more information check: https://developer.mozilla.org/en-US/docs/Web/HTTP/Status/403",2026-07-17T18:53:34.497557
lacroix,bpt6k3719006t,,failed,0,0,,http_manifest,known,403,manifest,"Client error '403 ' for url 'https://openapiproext.bnf.fr/iiif/presentation/v3/ark:/12148/bpt6k3719006t/manifest.json'
For more information check: https://developer.mozilla.org/en-US/docs/Web/HTTP/Status/403",2026-07-17T18:53:35.698600
lacroix,bpt6k37190077,,failed,0,0,,http_manifest,known,403,manifest,"Client error '403 ' for url 'https://openapiproext.bnf.fr/iiif/presentation/v3/ark:/12148/bpt6k37190077/manifest.json'
For more information check: https://developer.mozilla.org/en-US/docs/Web/HTTP/Status/403",2026-07-17T18:53:36.901820
lacroix,bpt6k3719008n,,failed,0,0,,http_manifest,known,403,manifest,"Client error '403 ' for url 'https://openapiproext.bnf.fr/iiif/presentation/v3/ark:/12148/bpt6k3719008n/manifest.json'
For more information check: https://developer.mozilla.org/en-US/docs/Web/HTTP/Status/403",2026-07-17T18:53:38.099437
lacroix,bpt6k37190092,,failed,0,0,,http_manifest,known,403,manifest,"Client error '403 ' for url 'https://openapiproext.bnf.fr/iiif/presentation/v3/ark:/12148/bpt6k37190092/manifest.json'
For more information check: https://developer.mozilla.org/en-US/docs/Web/HTTP/Status/403",2026-07-17T18:53:39.311830
lacroix,bpt6k3719010q,,failed,0,0,,http_manifest,known,403,manifest,"Client error '403 ' for url 'https://openapiproext.bnf.fr/iiif/presentation/v3/ark:/12148/bpt6k3719010q/manifest.json'
For more information check: https://developer.mozilla.org/en-US/docs/Web/HTTP/Status/403",2026-07-17T18:53:40.509733
lacroix,bpt6k37190114,,failed,0,0,,http_manifest,known,403,manifest,"Client error '403 ' for url 'https://openapiproext.bnf.fr/iiif/presentation/v3/ark:/12148/bpt6k37190114/manifest.json'
For more information check: https://developer.mozilla.org/en-US/docs/Web/HTTP/Status/403",2026-07-17T18:53:41.709368
lacroix,bpt6k3719012j,,failed,0,0,,http_manifest,known,403,manifest,"Client error '403 ' for url 'https://openapiproext.bnf.fr/iiif/presentation/v3/ark:/12148/bpt6k3719012j/manifest.json'
For more information check: https://developer.mozilla.org/en-US/docs/Web/HTTP/Status/403",2026-07-17T18:53:42.910067
lacroix,bpt6k3719013z,,failed,0,0,,http_manifest,known,403,manifest,"Client error '403 ' for url 'https://openapiproext.bnf.fr/iiif/presentation/v3/ark:/12148/bpt6k3719013z/manifest.json'
For more information check: https://developer.mozilla.org/en-US/docs/Web/HTTP/Status/403",2026-07-17T18:53:44.185654
lacroix,bpt6k3719014c,,failed,0,0,,http_manifest,known,403,manifest,"Client error '403 ' for url 'https://openapiproext.bnf.fr/iiif/presentation/v3/ark:/12148/bpt6k3719014c/manifest.json'
For more information check: https://developer.mozilla.org/en-US/docs/Web/HTTP/Status/403",2026-07-17T18:53:45.311646
lacroix,bpt6k3719015s,,failed,0,0,,http_manifest,known,403,manifest,"Client error '403 ' for url 'https://openapiproext.bnf.fr/iiif/presentation/v3/ark:/12148/bpt6k3719015s/manifest.json'
For more information check: https://developer.mozilla.org/en-US/docs/Web/HTTP/Status/403",2026-07-17T18:53:46.516482
lacroix,bpt6k37190166,,failed,0,0,,http_manifest,known,403,manifest,"Client error '403 ' for url 'https://openapiproext.bnf.fr/iiif/presentation/v3/ark:/12148/bpt6k37190166/manifest.json'
For more information check: https://developer.mozilla.org/en-US/docs/Web/HTTP/Status/403",2026-07-17T18:53:47.714329
lacroix,bpt6k3719017m,,failed,0,0,,http_manifest,known,403,manifest,"Client error '403 ' for url 'https://openapiproext.bnf.fr/iiif/presentation/v3/ark:/12148/bpt6k3719017m/manifest.json'
For more information check: https://developer.mozilla.org/en-US/docs/Web/HTTP/Status/403",2026-07-17T18:53:48.917101
lacroix,bpt6k37190181,,failed,0,0,,http_manifest,known,403,manifest,"Client error '403 ' for url 'https://openapiproext.bnf.fr/iiif/presentation/v3/ark:/12148/bpt6k37190181/manifest.json'
For more information check: https://developer.mozilla.org/en-US/docs/Web/HTTP/Status/403",2026-07-17T18:53:50.125162
lacroix,bpt6k3719019f,,failed,0,0,,http_manifest,known,403,manifest,"Client error '403 ' for url 'https://openapiproext.bnf.fr/iiif/presentation/v3/ark:/12148/bpt6k3719019f/manifest.json'
For more information check: https://developer.mozilla.org/en-US/docs/Web/HTTP/Status/403",2026-07-17T18:53:51.320923
lacroix,bpt6k37190203,,failed,0,0,,http_manifest,known,403,manifest,"Client error '403 ' for url 'https://openapiproext.bnf.fr/iiif/presentation/v3/ark:/12148/bpt6k37190203/manifest.json'
For more information check: https://developer.mozilla.org/en-US/docs/Web/HTTP/Status/403",2026-07-17T18:53:52.522942
lacroix,bpt6k3719021h,,failed,0,0,,http_manifest,known,403,manifest,"Client error '403 ' for url 'https://openapiproext.bnf.fr/iiif/presentation/v3/ark:/12148/bpt6k3719021h/manifest.json'
For more information check: https://developer.mozilla.org/en-US/docs/Web/HTTP/Status/403",2026-07-17T18:53:53.735109
lacroix,bpt6k3719022x,,failed,0,0,,http_manifest,known,403,manifest,"Client error '403 ' for url 'https://openapiproext.bnf.fr/iiif/presentation/v3/ark:/12148/bpt6k3719022x/manifest.json'
For more information check: https://developer.mozilla.org/en-US/docs/Web/HTTP/Status/403",2026-07-17T18:53:54.925965
lacroix,bpt6k3719023b,,failed,0,0,,http_manifest,known,403,manifest,"Client error '403 ' for url 'https://openapiproext.bnf.fr/iiif/presentation/v3/ark:/12148/bpt6k3719023b/manifest.json'
For more information check: https://developer.mozilla.org/en-US/docs/Web/HTTP/Status/403",2026-07-17T18:53:56.127923
lacroix,bpt6k3719024r,,failed,0,0,,http_manifest,known,403,manifest,"Client error '403 ' for url 'https://openapiproext.bnf.fr/iiif/presentation/v3/ark:/12148/bpt6k3719024r/manifest.json'
For more information check: https://developer.mozilla.org/en-US/docs/Web/HTTP/Status/403",2026-07-17T18:53:57.325215
lacroix,bpt6k37190255,,failed,0,0,,http_manifest,known,403,manifest,"Client error '403 ' for url 'https://openapiproext.bnf.fr/iiif/presentation/v3/ark:/12148/bpt6k37190255/manifest.json'
For more information check: https://developer.mozilla.org/en-US/docs/Web/HTTP/Status/403",2026-07-17T18:53:58.531415
lacroix,bpt6k3719026k,,failed,0,0,,http_manifest,known,403,manifest,"Client error '403 ' for url 'https://openapiproext.bnf.fr/iiif/presentation/v3/ark:/12148/bpt6k3719026k/manifest.json'
For more information check: https://developer.mozilla.org/en-US/docs/Web/HTTP/Status/403",2026-07-17T18:53:59.872974
lacroix,bpt6k37190270,,failed,0,0,,http_manifest,known,403,manifest,"Client error '403 ' for url 'https://openapiproext.bnf.fr/iiif/presentation/v3/ark:/12148/bpt6k37190270/manifest.json'
For more information check: https://developer.mozilla.org/en-US/docs/Web/HTTP/Status/403",2026-07-17T18:54:00.943182
lacroix,bpt6k3719028d,,failed,0,0,,http_manifest,known,403,manifest,"Client error '403 ' for url 'https://openapiproext.bnf.fr/iiif/presentation/v3/ark:/12148/bpt6k3719028d/manifest.json'
For more information check: https://developer.mozilla.org/en-US/docs/Web/HTTP/Status/403",2026-07-17T18:54:02.139224
lacroix,bpt6k3719029t,,failed,0,0,,http_manifest,known,403,manifest,"Client error '403 ' for url 'https://openapiproext.bnf.fr/iiif/presentation/v3/ark:/12148/bpt6k3719029t/manifest.json'
For more information check: https://developer.mozilla.org/en-US/docs/Web/HTTP/Status/403",2026-07-17T18:54:03.342767
lacroix,bpt6k3719030g,,failed,0,0,,http_manifest,known,403,manifest,"Client error '403 ' for url 'https://openapiproext.bnf.fr/iiif/presentation/v3/ark:/12148/bpt6k3719030g/manifest.json'
For more information check: https://developer.mozilla.org/en-US/docs/Web/HTTP/Status/403",2026-07-17T18:54:04.749716
lacroix,bpt6k3719031w,,failed,0,0,,http_manifest,known,403,manifest,"Client error '403 ' for url 'https://openapiproext.bnf.fr/iiif/presentation/v3/ark:/12148/bpt6k3719031w/manifest.json'
For more information check: https://developer.mozilla.org/en-US/docs/Web/HTTP/Status/403",2026-07-17T18:54:06.014312
lacroix,bpt6k37190329,,failed,0,0,,http_manifest,known,403,manifest,"Client error '403 ' for url 'https://openapiproext.bnf.fr/iiif/presentation/v3/ark:/12148/bpt6k37190329/manifest.json'
For more information check: https://developer.mozilla.org/en-US/docs/Web/HTTP/Status/403",2026-07-17T18:54:07.050983
lacroix,bpt6k3719033q,,failed,0,0,,http_manifest,known,403,manifest,"Client error '403 ' for url 'https://openapiproext.bnf.fr/iiif/presentation/v3/ark:/12148/bpt6k3719033q/manifest.json'
For more information check: https://developer.mozilla.org/en-US/docs/Web/HTTP/Status/403",2026-07-17T18:54:08.145266
lacroix,bpt6k37190344,,failed,0,0,,http_manifest,known,403,manifest,"Client error '403 ' for url 'https://openapiproext.bnf.fr/iiif/presentation/v3/ark:/12148/bpt6k37190344/manifest.json'
For more information check: https://developer.mozilla.org/en-US/docs/Web/HTTP/Status/403",2026-07-17T18:54:09.448501
lacroix,bpt6k3719035j,,failed,0,0,,http_manifest,known,403,manifest,"Client error '403 ' for url 'https://openapiproext.bnf.fr/iiif/presentation/v3/ark:/12148/bpt6k3719035j/manifest.json'
For more information check: https://developer.mozilla.org/en-US/docs/Web/HTTP/Status/403",2026-07-17T18:54:10.586920
lacroix,bpt6k3719036z,,failed,0,0,,http_manifest,known,403,manifest,"Client error '403 ' for url 'https://openapiproext.bnf.fr/iiif/presentation/v3/ark:/12148/bpt6k3719036z/manifest.json'
For more information check: https://developer.mozilla.org/en-US/docs/Web/HTTP/Status/403",2026-07-17T18:54:11.748641
lacroix,bpt6k3719037c,,failed,0,0,,http_manifest,known,403,manifest,"Client error '403 ' for url 'https://openapiproext.bnf.fr/iiif/presentation/v3/ark:/12148/bpt6k3719037c/manifest.json'
For more information check: https://developer.mozilla.org/en-US/docs/Web/HTTP/Status/403",2026-07-17T18:54:13.104624
lacroix,bpt6k3719038s,,failed,0,0,,http_manifest,known,403,manifest,"Client error '403 ' for url 'https://openapiproext.bnf.fr/iiif/presentation/v3/ark:/12148/bpt6k3719038s/manifest.json'
For more information check: https://developer.mozilla.org/en-US/docs/Web/HTTP/Status/403",2026-07-17T18:54:14.219944
lacroix,bpt6k37190396,,failed,0,0,,http_manifest,known,403,manifest,"Client error '403 ' for url 'https://openapiproext.bnf.fr/iiif/presentation/v3/ark:/12148/bpt6k37190396/manifest.json'
For more information check: https://developer.mozilla.org/en-US/docs/Web/HTTP/Status/403",2026-07-17T18:54:15.493113
lacroix,bpt6k3719040v,,failed,0,0,,http_manifest,known,403,manifest,"Client error '403 ' for url 'https://openapiproext.bnf.fr/iiif/presentation/v3/ark:/12148/bpt6k3719040v/manifest.json'
For more information check: https://developer.mozilla.org/en-US/docs/Web/HTTP/Status/403",2026-07-17T18:54:16.553326
lacroix,bpt6k37190418,,failed,0,0,,http_manifest,known,403,manifest,"Client error '403 ' for url 'https://openapiproext.bnf.fr/iiif/presentation/v3/ark:/12148/bpt6k37190418/manifest.json'
For more information check: https://developer.mozilla.org/en-US/docs/Web/HTTP/Status/403",2026-07-17T18:54:17.779005
lacroix,bpt6k3719042p,,failed,0,0,,http_manifest,known,403,manifest,"Client error '403 ' for url 'https://openapiproext.bnf.fr/iiif/presentation/v3/ark:/12148/bpt6k3719042p/manifest.json'
For more information check: https://developer.mozilla.org/en-US/docs/Web/HTTP/Status/403",2026-07-17T18:54:18.954985
lacroix,bpt6k37190433,,failed,0,0,,http_manifest,known,403,manifest,"Client error '403 ' for url 'https://openapiproext.bnf.fr/iiif/presentation/v3/ark:/12148/bpt6k37190433/manifest.json'
For more information check: https://developer.mozilla.org/en-US/docs/Web/HTTP/Status/403",2026-07-17T18:54:20.159358
lacroix,bpt6k3719044h,,failed,0,0,,http_manifest,known,403,manifest,"Client error '403 ' for url 'https://openapiproext.bnf.fr/iiif/presentation/v3/ark:/12148/bpt6k3719044h/manifest.json'
For more information check: https://developer.mozilla.org/en-US/docs/Web/HTTP/Status/403",2026-07-17T18:54:21.358253
lacroix,bpt6k3719045x,,failed,0,0,,http_manifest,known,403,manifest,"Client error '403 ' for url 'https://openapiproext.bnf.fr/iiif/presentation/v3/ark:/12148/bpt6k3719045x/manifest.json'
For more information check: https://developer.mozilla.org/en-US/docs/Web/HTTP/Status/403",2026-07-17T18:54:22.560899
lacroix,bpt6k3719046b,,failed,0,0,,http_manifest,known,403,manifest,"Client error '403 ' for url 'https://openapiproext.bnf.fr/iiif/presentation/v3/ark:/12148/bpt6k3719046b/manifest.json'
For more information check: https://developer.mozilla.org/en-US/docs/Web/HTTP/Status/403",2026-07-17T18:54:23.770118
lacroix,bpt6k3719047r,,failed,0,0,,http_manifest,known,403,manifest,"Client error '403 ' for url 'https://openapiproext.bnf.fr/iiif/presentation/v3/ark:/12148/bpt6k3719047r/manifest.json'
For more information check: https://developer.mozilla.org/en-US/docs/Web/HTTP/Status/403",2026-07-17T18:54:24.963349
lacroix,bpt6k37190485,,failed,0,0,,http_manifest,known,403,manifest,"Client error '403 ' for url 'https://openapiproext.bnf.fr/iiif/presentation/v3/ark:/12148/bpt6k37190485/manifest.json'
For more information check: https://developer.mozilla.org/en-US/docs/Web/HTTP/Status/403",2026-07-17T18:54:26.165916
lacroix,bpt6k3719049k,,failed,0,0,,http_manifest,known,403,manifest,"Client error '403 ' for url 'https://openapiproext.bnf.fr/iiif/presentation/v3/ark:/12148/bpt6k3719049k/manifest.json'
For more information check: https://developer.mozilla.org/en-US/docs/Web/HTTP/Status/403",2026-07-17T18:54:27.369486
lacroix,bpt6k37190507,,failed,0,0,,http_manifest,known,403,manifest,"Client error '403 ' for url 'https://openapiproext.bnf.fr/iiif/presentation/v3/ark:/12148/bpt6k37190507/manifest.json'
For more information check: https://developer.mozilla.org/en-US/docs/Web/HTTP/Status/403",2026-07-17T18:54:28.597823
lacroix,bpt6k3719051n,,failed,0,0,,http_manifest,known,403,manifest,"Client error '403 ' for url 'https://openapiproext.bnf.fr/iiif/presentation/v3/ark:/12148/bpt6k3719051n/manifest.json'
For more information check: https://developer.mozilla.org/en-US/docs/Web/HTTP/Status/403",2026-07-17T18:54:29.769411
lacroix,bpt6k37190522,,failed,0,0,,http_manifest,known,403,manifest,"Client error '403 ' for url 'https://openapiproext.bnf.fr/iiif/presentation/v3/ark:/12148/bpt6k37190522/manifest.json'
For more information check: https://developer.mozilla.org/en-US/docs/Web/HTTP/Status/403",2026-07-17T18:54:30.974622
lacroix,bpt6k3719053g,,failed,0,0,,http_manifest,known,403,manifest,"Client error '403 ' for url 'https://openapiproext.bnf.fr/iiif/presentation/v3/ark:/12148/bpt6k3719053g/manifest.json'
For more information check: https://developer.mozilla.org/en-US/docs/Web/HTTP/Status/403",2026-07-17T18:54:32.178197
lacroix,bpt6k3719054w,,failed,0,0,,http_manifest,known,403,manifest,"Client error '403 ' for url 'https://openapiproext.bnf.fr/iiif/presentation/v3/ark:/12148/bpt6k3719054w/manifest.json'
For more information check: https://developer.mozilla.org/en-US/docs/Web/HTTP/Status/403",2026-07-17T18:54:33.374128
lacroix,bpt6k37190559,,failed,0,0,,http_manifest,known,403,manifest,"Client error '403 ' for url 'https://openapiproext.bnf.fr/iiif/presentation/v3/ark:/12148/bpt6k37190559/manifest.json'
For more information check: https://developer.mozilla.org/en-US/docs/Web/HTTP/Status/403",2026-07-17T18:54:34.581254
lacroix,bpt6k3719056q,,failed,0,0,,http_manifest,known,403,manifest,"Client error '403 ' for url 'https://openapiproext.bnf.fr/iiif/presentation/v3/ark:/12148/bpt6k3719056q/manifest.json'
For more information check: https://developer.mozilla.org/en-US/docs/Web/HTTP/Status/403",2026-07-17T18:54:35.783649
lacroix,bpt6k37190574,,failed,0,0,,http_manifest,known,403,manifest,"Client error '403 ' for url 'https://openapiproext.bnf.fr/iiif/presentation/v3/ark:/12148/bpt6k37190574/manifest.json'
For more information check: https://developer.mozilla.org/en-US/docs/Web/HTTP/Status/403",2026-07-17T18:54:36.982472
lacroix,bpt6k3719058j,,failed,0,0,,http_manifest,known,403,manifest,"Client error '403 ' for url 'https://openapiproext.bnf.fr/iiif/presentation/v3/ark:/12148/bpt6k3719058j/manifest.json'
For more information check: https://developer.mozilla.org/en-US/docs/Web/HTTP/Status/403",2026-07-17T18:54:38.186589
lacroix,bpt6k3719059z,,failed,0,0,,http_manifest,known,403,manifest,"Client error '403 ' for url 'https://openapiproext.bnf.fr/iiif/presentation/v3/ark:/12148/bpt6k3719059z/manifest.json'
For more information check: https://developer.mozilla.org/en-US/docs/Web/HTTP/Status/403",2026-07-17T18:54:39.385050
lacroix,bpt6k3719060m,,failed,0,0,,http_manifest,known,403,manifest,"Client error '403 ' for url 'https://openapiproext.bnf.fr/iiif/presentation/v3/ark:/12148/bpt6k3719060m/manifest.json'
For more information check: https://developer.mozilla.org/en-US/docs/Web/HTTP/Status/403",2026-07-17T18:54:40.615116
lacroix,bpt6k37190611,,failed,0,0,,http_manifest,known,403,manifest,"Client error '403 ' for url 'https://openapiproext.bnf.fr/iiif/presentation/v3/ark:/12148/bpt6k37190611/manifest.json'
For more information check: https://developer.mozilla.org/en-US/docs/Web/HTTP/Status/403",2026-07-17T18:54:41.814495
lacroix,bpt6k3719062f,,failed,0,0,,http_manifest,known,403,manifest,"Client error '403 ' for url 'https://openapiproext.bnf.fr/iiif/presentation/v3/ark:/12148/bpt6k3719062f/manifest.json'
For more information check: https://developer.mozilla.org/en-US/docs/Web/HTTP/Status/403",2026-07-17T18:54:42.990816
lacroix,bpt6k3719063v,,failed,0,0,,http_manifest,known,403,manifest,"Client error '403 ' for url 'https://openapiproext.bnf.fr/iiif/presentation/v3/ark:/12148/bpt6k3719063v/manifest.json'
For more information check: https://developer.mozilla.org/en-US/docs/Web/HTTP/Status/403",2026-07-17T18:54:44.195453
lacroix,bpt6k37190648,,failed,0,0,,http_manifest,known,403,manifest,"Client error '403 ' for url 'https://openapiproext.bnf.fr/iiif/presentation/v3/ark:/12148/bpt6k37190648/manifest.json'
For more information check: https://developer.mozilla.org/en-US/docs/Web/HTTP/Status/403",2026-07-17T18:54:45.392542
lacroix,bpt6k3719065p,,failed,0,0,,http_manifest,known,403,manifest,"Client error '403 ' for url 'https://openapiproext.bnf.fr/iiif/presentation/v3/ark:/12148/bpt6k3719065p/manifest.json'
For more information check: https://developer.mozilla.org/en-US/docs/Web/HTTP/Status/403",2026-07-17T18:54:46.635870
lacroix,bpt6k37190663,,failed,0,0,,http_manifest,known,403,manifest,"Client error '403 ' for url 'https://openapiproext.bnf.fr/iiif/presentation/v3/ark:/12148/bpt6k37190663/manifest.json'
For more information check: https://developer.mozilla.org/en-US/docs/Web/HTTP/Status/403",2026-07-17T18:54:47.799985
lacroix,bpt6k3719067h,,failed,0,0,,http_manifest,known,403,manifest,"Client error '403 ' for url 'https://openapiproext.bnf.fr/iiif/presentation/v3/ark:/12148/bpt6k3719067h/manifest.json'
For more information check: https://developer.mozilla.org/en-US/docs/Web/HTTP/Status/403",2026-07-17T18:54:48.998638
lacroix,bpt6k3719068x,,failed,0,0,,http_manifest,known,403,manifest,"Client error '403 ' for url 'https://openapiproext.bnf.fr/iiif/presentation/v3/ark:/12148/bpt6k3719068x/manifest.json'
For more information check: https://developer.mozilla.org/en-US/docs/Web/HTTP/Status/403",2026-07-17T18:54:50.202905
lacroix,bpt6k3719069b,,failed,0,0,,http_manifest,known,403,manifest,"Client error '403 ' for url 'https://openapiproext.bnf.fr/iiif/presentation/v3/ark:/12148/bpt6k3719069b/manifest.json'
For more information check: https://developer.mozilla.org/en-US/docs/Web/HTTP/Status/403",2026-07-17T18:54:51.405076
lacroix,bpt6k37190700,,failed,0,0,,http_manifest,known,403,manifest,"Client error '403 ' for url 'https://openapiproext.bnf.fr/iiif/presentation/v3/ark:/12148/bpt6k37190700/manifest.json'
For more information check: https://developer.mozilla.org/en-US/docs/Web/HTTP/Status/403",2026-07-17T18:54:52.610007
lacroix,bpt6k3719071d,,failed,0,0,,http_manifest,known,403,manifest,"Client error '403 ' for url 'https://openapiproext.bnf.fr/iiif/presentation/v3/ark:/12148/bpt6k3719071d/manifest.json'
For more information check: https://developer.mozilla.org/en-US/docs/Web/HTTP/Status/403",2026-07-17T18:54:53.804999
lacroix,bpt6k3719072t,,failed,0,0,,http_manifest,known,403,manifest,"Client error '403 ' for url 'https://openapiproext.bnf.fr/iiif/presentation/v3/ark:/12148/bpt6k3719072t/manifest.json'
For more information check: https://developer.mozilla.org/en-US/docs/Web/HTTP/Status/403",2026-07-17T18:54:55.009866
lacroix,bpt6k37190737,,failed,0,0,,http_manifest,known,403,manifest,"Client error '403 ' for url 'https://openapiproext.bnf.fr/iiif/presentation/v3/ark:/12148/bpt6k37190737/manifest.json'
For more information check: https://developer.mozilla.org/en-US/docs/Web/HTTP/Status/403",2026-07-17T18:54:56.210887
lacroix,bpt6k3719074n,,failed,0,0,,http_manifest,known,403,manifest,"Client error '403 ' for url 'https://openapiproext.bnf.fr/iiif/presentation/v3/ark:/12148/bpt6k3719074n/manifest.json'
For more information check: https://developer.mozilla.org/en-US/docs/Web/HTTP/Status/403",2026-07-17T18:54:57.413413
lacroix,bpt6k37190752,,failed,0,0,,http_manifest,known,403,manifest,"Client error '403 ' for url 'https://openapiproext.bnf.fr/iiif/presentation/v3/ark:/12148/bpt6k37190752/manifest.json'
For more information check: https://developer.mozilla.org/en-US/docs/Web/HTTP/Status/403",2026-07-17T18:54:58.641280
lacroix,bpt6k3719076g,,failed,0,0,,http_manifest,known,403,manifest,"Client error '403 ' for url 'https://openapiproext.bnf.fr/iiif/presentation/v3/ark:/12148/bpt6k3719076g/manifest.json'
For more information check: https://developer.mozilla.org/en-US/docs/Web/HTTP/Status/403",2026-07-17T18:54:59.827114
lacroix,bpt6k3719077w,,failed,0,0,,http_manifest,known,403,manifest,"Client error '403 ' for url 'https://openapiproext.bnf.fr/iiif/presentation/v3/ark:/12148/bpt6k3719077w/manifest.json'
For more information check: https://developer.mozilla.org/en-US/docs/Web/HTTP/Status/403",2026-07-17T18:55:01.058027
lacroix,bpt6k37190789,,failed,0,0,,http_manifest,known,403,manifest,"Client error '403 ' for url 'https://openapiproext.bnf.fr/iiif/presentation/v3/ark:/12148/bpt6k37190789/manifest.json'
For more information check: https://developer.mozilla.org/en-US/docs/Web/HTTP/Status/403",2026-07-17T18:55:02.222731
lacroix,bpt6k3719079q,,failed,0,0,,http_manifest,known,403,manifest,"Client error '403 ' for url 'https://openapiproext.bnf.fr/iiif/presentation/v3/ark:/12148/bpt6k3719079q/manifest.json'
For more information check: https://developer.mozilla.org/en-US/docs/Web/HTTP/Status/403",2026-07-17T18:55:03.422927
lacroix,bpt6k3719080c,,failed,0,0,,http_manifest,known,403,manifest,"Client error '403 ' for url 'https://openapiproext.bnf.fr/iiif/presentation/v3/ark:/12148/bpt6k3719080c/manifest.json'
For more information check: https://developer.mozilla.org/en-US/docs/Web/HTTP/Status/403",2026-07-17T18:55:04.703400
lacroix,bpt6k3719081s,,failed,0,0,,http_manifest,known,403,manifest,"Client error '403 ' for url 'https://openapiproext.bnf.fr/iiif/presentation/v3/ark:/12148/bpt6k3719081s/manifest.json'
For more information check: https://developer.mozilla.org/en-US/docs/Web/HTTP/Status/403",2026-07-17T18:55:06.018349
lacroix,bpt6k37190826,,failed,0,0,,http_manifest,known,403,manifest,"Client error '403 ' for url 'https://openapiproext.bnf.fr/iiif/presentation/v3/ark:/12148/bpt6k37190826/manifest.json'
For more information check: https://developer.mozilla.org/en-US/docs/Web/HTTP/Status/403",2026-07-17T18:55:07.023152
lacroix,bpt6k3719083m,,failed,0,0,,http_manifest,known,403,manifest,"Client error '403 ' for url 'https://openapiproext.bnf.fr/iiif/presentation/v3/ark:/12148/bpt6k3719083m/manifest.json'
For more information check: https://developer.mozilla.org/en-US/docs/Web/HTTP/Status/403",2026-07-17T18:55:08.500394
lacroix,bpt6k37190841,,failed,0,0,,http_manifest,known,403,manifest,"Client error '403 ' for url 'https://openapiproext.bnf.fr/iiif/presentation/v3/ark:/12148/bpt6k37190841/manifest.json'
For more information check: https://developer.mozilla.org/en-US/docs/Web/HTTP/Status/403",2026-07-17T18:55:09.588640
lacroix,bpt6k3719085f,,failed,0,0,,http_manifest,known,403,manifest,"Client error '403 ' for url 'https://openapiproext.bnf.fr/iiif/presentation/v3/ark:/12148/bpt6k3719085f/manifest.json'
For more information check: https://developer.mozilla.org/en-US/docs/Web/HTTP/Status/403",2026-07-17T18:55:10.900502
lacroix,bpt6k3719086v,,failed,0,0,,http_manifest,known,403,manifest,"Client error '403 ' for url 'https://openapiproext.bnf.fr/iiif/presentation/v3/ark:/12148/bpt6k3719086v/manifest.json'
For more information check: https://developer.mozilla.org/en-US/docs/Web/HTTP/Status/403",2026-07-17T18:55:11.933484
lacroix,bpt6k37190878,,failed,0,0,,http_manifest,known,403,manifest,"Client error '403 ' for url 'https://openapiproext.bnf.fr/iiif/presentation/v3/ark:/12148/bpt6k37190878/manifest.json'
For more information check: https://developer.mozilla.org/en-US/docs/Web/HTTP/Status/403",2026-07-17T18:55:13.159557
lacroix,bpt6k3719088p,,failed,0,0,,http_manifest,known,403,manifest,"Client error '403 ' for url 'https://openapiproext.bnf.fr/iiif/presentation/v3/ark:/12148/bpt6k3719088p/manifest.json'
For more information check: https://developer.mozilla.org/en-US/docs/Web/HTTP/Status/403",2026-07-17T18:55:14.315856
lacroix,bpt6k37190893,,failed,0,0,,http_manifest,known,403,manifest,"Client error '403 ' for url 'https://openapiproext.bnf.fr/iiif/presentation/v3/ark:/12148/bpt6k37190893/manifest.json'
For more information check: https://developer.mozilla.org/en-US/docs/Web/HTTP/Status/403",2026-07-17T18:55:15.564413
lacroix,bpt6k3719090r,,failed,0,0,,http_manifest,known,403,manifest,"Client error '403 ' for url 'https://openapiproext.bnf.fr/iiif/presentation/v3/ark:/12148/bpt6k3719090r/manifest.json'
For more information check: https://developer.mozilla.org/en-US/docs/Web/HTTP/Status/403",2026-07-17T18:55:16.825222
lacroix,bpt6k37190915,,failed,0,0,,http_manifest,known,403,manifest,"Client error '403 ' for url 'https://openapiproext.bnf.fr/iiif/presentation/v3/ark:/12148/bpt6k37190915/manifest.json'
For more information check: https://developer.mozilla.org/en-US/docs/Web/HTTP/Status/403",2026-07-17T18:55:17.835274
lacroix,bpt6k3719092k,,failed,0,0,,http_manifest,known,403,manifest,"Client error '403 ' for url 'https://openapiproext.bnf.fr/iiif/presentation/v3/ark:/12148/bpt6k3719092k/manifest.json'
For more information check: https://developer.mozilla.org/en-US/docs/Web/HTTP/Status/403",2026-07-17T18:55:19.045601
lacroix,bpt6k37190930,,failed,0,0,,http_manifest,known,403,manifest,"Client error '403 ' for url 'https://openapiproext.bnf.fr/iiif/presentation/v3/ark:/12148/bpt6k37190930/manifest.json'
For more information check: https://developer.mozilla.org/en-US/docs/Web/HTTP/Status/403",2026-07-17T18:55:20.241726
lacroix,bpt6k3719094d,,failed,0,0,,http_manifest,known,403,manifest,"Client error '403 ' for url 'https://openapiproext.bnf.fr/iiif/presentation/v3/ark:/12148/bpt6k3719094d/manifest.json'
For more information check: https://developer.mozilla.org/en-US/docs/Web/HTTP/Status/403",2026-07-17T18:55:21.446298
lacroix,bpt6k37190967,,failed,0,0,,http_manifest,known,403,manifest,"Client error '403 ' for url 'https://openapiproext.bnf.fr/iiif/presentation/v3/ark:/12148/bpt6k37190967/manifest.json'
For more information check: https://developer.mozilla.org/en-US/docs/Web/HTTP/Status/403",2026-07-17T18:55:22.643946
lacroix,bpt6k3719095t,,failed,0,0,,http_manifest,known,403,manifest,"Client error '403 ' for url 'https://openapiproext.bnf.fr/iiif/presentation/v3/ark:/12148/bpt6k3719095t/manifest.json'
For more information check: https://developer.mozilla.org/en-US/docs/Web/HTTP/Status/403",2026-07-17T18:55:23.849756
lacroix,bpt6k3719097n,,failed,0,0,,http_manifest,known,403,manifest,"Client error '403 ' for url 'https://openapiproext.bnf.fr/iiif/presentation/v3/ark:/12148/bpt6k3719097n/manifest.json'
For more information check: https://developer.mozilla.org/en-US/docs/Web/HTTP/Status/403",2026-07-17T18:55:25.047179
lacroix,bpt6k37190982,,failed,0,0,,http_manifest,known,403,manifest,"Client error '403 ' for url 'https://openapiproext.bnf.fr/iiif/presentation/v3/ark:/12148/bpt6k37190982/manifest.json'
For more information check: https://developer.mozilla.org/en-US/docs/Web/HTTP/Status/403",2026-07-17T18:55:26.249166
lacroix,bpt6k3719099g,,failed,0,0,,http_manifest,known,403,manifest,"Client error '403 ' for url 'https://openapiproext.bnf.fr/iiif/presentation/v3/ark:/12148/bpt6k3719099g/manifest.json'
For more information check: https://developer.mozilla.org/en-US/docs/Web/HTTP/Status/403",2026-07-17T18:55:27.449725
lacroix,bpt6k3719100p,,failed,0,0,,http_manifest,known,403,manifest,"Client error '403 ' for url 'https://openapiproext.bnf.fr/iiif/presentation/v3/ark:/12148/bpt6k3719100p/manifest.json'
For more information check: https://developer.mozilla.org/en-US/docs/Web/HTTP/Status/403",2026-07-17T18:55:28.680051
lacroix,bpt6k37191013,,failed,0,0,,http_manifest,known,403,manifest,"Client error '403 ' for url 'https://openapiproext.bnf.fr/iiif/presentation/v3/ark:/12148/bpt6k37191013/manifest.json'
For more information check: https://developer.mozilla.org/en-US/docs/Web/HTTP/Status/403",2026-07-17T18:55:29.851963
lacroix,bpt6k3719102h,,failed,0,0,,http_manifest,known,403,manifest,"Client error '403 ' for url 'https://openapiproext.bnf.fr/iiif/presentation/v3/ark:/12148/bpt6k3719102h/manifest.json'
For more information check: https://developer.mozilla.org/en-US/docs/Web/HTTP/Status/403",2026-07-17T18:55:31.054146
lacroix,bpt6k3719103x,,failed,0,0,,http_manifest,known,403,manifest,"Client error '403 ' for url 'https://openapiproext.bnf.fr/iiif/presentation/v3/ark:/12148/bpt6k3719103x/manifest.json'
For more information check: https://developer.mozilla.org/en-US/docs/Web/HTTP/Status/403",2026-07-17T18:55:32.257010
lacroix,bpt6k3719104b,,failed,0,0,,http_manifest,known,403,manifest,"Client error '403 ' for url 'https://openapiproext.bnf.fr/iiif/presentation/v3/ark:/12148/bpt6k3719104b/manifest.json'
For more information check: https://developer.mozilla.org/en-US/docs/Web/HTTP/Status/403",2026-07-17T18:55:33.456461
lacroix,bpt6k3719105r,,failed,0,0,,http_manifest,known,403,manifest,"Client error '403 ' for url 'https://openapiproext.bnf.fr/iiif/presentation/v3/ark:/12148/bpt6k3719105r/manifest.json'
For more information check: https://developer.mozilla.org/en-US/docs/Web/HTTP/Status/403",2026-07-17T18:55:34.661263
lacroix,bpt6k37191065,,failed,0,0,,http_manifest,known,403,manifest,"Client error '403 ' for url 'https://openapiproext.bnf.fr/iiif/presentation/v3/ark:/12148/bpt6k37191065/manifest.json'
For more information check: https://developer.mozilla.org/en-US/docs/Web/HTTP/Status/403",2026-07-17T18:55:35.859319
lacroix,bpt6k3719107k,,failed,0,0,,http_manifest,known,403,manifest,"Client error '403 ' for url 'https://openapiproext.bnf.fr/iiif/presentation/v3/ark:/12148/bpt6k3719107k/manifest.json'
For more information check: https://developer.mozilla.org/en-US/docs/Web/HTTP/Status/403",2026-07-17T18:55:37.062668
lacroix,bpt6k37191080,,failed,0,0,,http_manifest,known,403,manifest,"Client error '403 ' for url 'https://openapiproext.bnf.fr/iiif/presentation/v3/ark:/12148/bpt6k37191080/manifest.json'
For more information check: https://developer.mozilla.org/en-US/docs/Web/HTTP/Status/403",2026-07-17T18:55:38.263855
lacroix,bpt6k3719109d,,failed,0,0,,http_manifest,known,403,manifest,"Client error '403 ' for url 'https://openapiproext.bnf.fr/iiif/presentation/v3/ark:/12148/bpt6k3719109d/manifest.json'
For more information check: https://developer.mozilla.org/en-US/docs/Web/HTTP/Status/403",2026-07-17T18:55:39.466406
lacroix,bpt6k37191102,,failed,0,0,,http_manifest,known,403,manifest,"Client error '403 ' for url 'https://openapiproext.bnf.fr/iiif/presentation/v3/ark:/12148/bpt6k37191102/manifest.json'
For more information check: https://developer.mozilla.org/en-US/docs/Web/HTTP/Status/403",2026-07-17T18:55:40.687638
lacroix,bpt6k3719111g,,failed,0,0,,http_manifest,known,403,manifest,"Client error '403 ' for url 'https://openapiproext.bnf.fr/iiif/presentation/v3/ark:/12148/bpt6k3719111g/manifest.json'
For more information check: https://developer.mozilla.org/en-US/docs/Web/HTTP/Status/403",2026-07-17T18:55:41.868336
lacroix,bpt6k3719112w,,failed,0,0,,http_manifest,known,403,manifest,"Client error '403 ' for url 'https://openapiproext.bnf.fr/iiif/presentation/v3/ark:/12148/bpt6k3719112w/manifest.json'
For more information check: https://developer.mozilla.org/en-US/docs/Web/HTTP/Status/403",2026-07-17T18:55:43.065887
lacroix,bpt6k37191139,,failed,0,0,,http_manifest,known,403,manifest,"Client error '403 ' for url 'https://openapiproext.bnf.fr/iiif/presentation/v3/ark:/12148/bpt6k37191139/manifest.json'
For more information check: https://developer.mozilla.org/en-US/docs/Web/HTTP/Status/403",2026-07-17T18:55:44.271427
lacroix,bpt6k3719114q,,failed,0,0,,http_manifest,known,403,manifest,"Client error '403 ' for url 'https://openapiproext.bnf.fr/iiif/presentation/v3/ark:/12148/bpt6k3719114q/manifest.json'
For more information check: https://developer.mozilla.org/en-US/docs/Web/HTTP/Status/403",2026-07-17T18:55:45.470305
lacroix,bpt6k37191154,,failed,0,0,,http_manifest,known,403,manifest,"Client error '403 ' for url 'https://openapiproext.bnf.fr/iiif/presentation/v3/ark:/12148/bpt6k37191154/manifest.json'
For more information check: https://developer.mozilla.org/en-US/docs/Web/HTTP/Status/403",2026-07-17T18:55:46.696027
lacroix,bpt6k3719116j,,failed,0,0,,http_manifest,known,403,manifest,"Client error '403 ' for url 'https://openapiproext.bnf.fr/iiif/presentation/v3/ark:/12148/bpt6k3719116j/manifest.json'
For more information check: https://developer.mozilla.org/en-US/docs/Web/HTTP/Status/403",2026-07-17T18:55:47.873865
lacroix,bpt6k3719117z,,failed,0,0,,http_manifest,known,403,manifest,"Client error '403 ' for url 'https://openapiproext.bnf.fr/iiif/presentation/v3/ark:/12148/bpt6k3719117z/manifest.json'
For more information check: https://developer.mozilla.org/en-US/docs/Web/HTTP/Status/403",2026-07-17T18:55:49.075595
lacroix,bpt6k3719118c,,failed,0,0,,http_manifest,known,403,manifest,"Client error '403 ' for url 'https://openapiproext.bnf.fr/iiif/presentation/v3/ark:/12148/bpt6k3719118c/manifest.json'
For more information check: https://developer.mozilla.org/en-US/docs/Web/HTTP/Status/403",2026-07-17T18:55:50.278672
lacroix,bpt6k3719119s,,failed,0,0,,http_manifest,known,403,manifest,"Client error '403 ' for url 'https://openapiproext.bnf.fr/iiif/presentation/v3/ark:/12148/bpt6k3719119s/manifest.json'
For more information check: https://developer.mozilla.org/en-US/docs/Web/HTTP/Status/403",2026-07-17T18:55:51.483053
lacroix,bpt6k3719120f,,failed,0,0,,http_manifest,known,403,manifest,"Client error '403 ' for url 'https://openapiproext.bnf.fr/iiif/presentation/v3/ark:/12148/bpt6k3719120f/manifest.json'
For more information check: https://developer.mozilla.org/en-US/docs/Web/HTTP/Status/403",2026-07-17T18:55:52.684594
lacroix,bpt6k3719121v,,failed,0,0,,http_manifest,known,403,manifest,"Client error '403 ' for url 'https://openapiproext.bnf.fr/iiif/presentation/v3/ark:/12148/bpt6k3719121v/manifest.json'
For more information check: https://developer.mozilla.org/en-US/docs/Web/HTTP/Status/403",2026-07-17T18:55:53.884573
lacroix,bpt6k37191228,,failed,0,0,,http_manifest,known,403,manifest,"Client error '403 ' for url 'https://openapiproext.bnf.fr/iiif/presentation/v3/ark:/12148/bpt6k37191228/manifest.json'
For more information check: https://developer.mozilla.org/en-US/docs/Web/HTTP/Status/403",2026-07-17T18:55:55.086588
lacroix,bpt6k3719123p,,failed,0,0,,http_manifest,known,403,manifest,"Client error '403 ' for url 'https://openapiproext.bnf.fr/iiif/presentation/v3/ark:/12148/bpt6k3719123p/manifest.json'
For more information check: https://developer.mozilla.org/en-US/docs/Web/HTTP/Status/403",2026-07-17T18:55:56.287582
lacroix,bpt6k37191243,,failed,0,0,,http_manifest,known,403,manifest,"Client error '403 ' for url 'https://openapiproext.bnf.fr/iiif/presentation/v3/ark:/12148/bpt6k37191243/manifest.json'
For more information check: https://developer.mozilla.org/en-US/docs/Web/HTTP/Status/403",2026-07-17T18:55:57.484621
lacroix,bpt6k3719125h,,failed,0,0,,http_manifest,known,403,manifest,"Client error '403 ' for url 'https://openapiproext.bnf.fr/iiif/presentation/v3/ark:/12148/bpt6k3719125h/manifest.json'
For more information check: https://developer.mozilla.org/en-US/docs/Web/HTTP/Status/403",2026-07-17T18:55:58.708941
lacroix,bpt6k3719126x,,failed,0,0,,http_manifest,known,403,manifest,"Client error '403 ' for url 'https://openapiproext.bnf.fr/iiif/presentation/v3/ark:/12148/bpt6k3719126x/manifest.json'
For more information check: https://developer.mozilla.org/en-US/docs/Web/HTTP/Status/403",2026-07-17T18:56:00.038825
lacroix,bpt6k3719127b,,failed,0,0,,http_manifest,known,403,manifest,"Client error '403 ' for url 'https://openapiproext.bnf.fr/iiif/presentation/v3/ark:/12148/bpt6k3719127b/manifest.json'
For more information check: https://developer.mozilla.org/en-US/docs/Web/HTTP/Status/403",2026-07-17T18:56:01.346757
lacroix,bpt6k3719128r,,failed,0,0,,http_manifest,known,403,manifest,"Client error '403 ' for url 'https://openapiproext.bnf.fr/iiif/presentation/v3/ark:/12148/bpt6k3719128r/manifest.json'
For more information check: https://developer.mozilla.org/en-US/docs/Web/HTTP/Status/403",2026-07-17T18:56:02.331350
lacroix,bpt6k37191295,,failed,0,0,,http_manifest,known,403,manifest,"Client error '403 ' for url 'https://openapiproext.bnf.fr/iiif/presentation/v3/ark:/12148/bpt6k37191295/manifest.json'
For more information check: https://developer.mozilla.org/en-US/docs/Web/HTTP/Status/403",2026-07-17T18:56:03.731762
lacroix,bpt6k3719130t,,failed,0,0,,http_manifest,known,403,manifest,"Client error '403 ' for url 'https://openapiproext.bnf.fr/iiif/presentation/v3/ark:/12148/bpt6k3719130t/manifest.json'
For more information check: https://developer.mozilla.org/en-US/docs/Web/HTTP/Status/403",2026-07-17T18:56:04.902566
lacroix,bpt6k37191317,,failed,0,0,,http_manifest,known,403,manifest,"Client error '403 ' for url 'https://openapiproext.bnf.fr/iiif/presentation/v3/ark:/12148/bpt6k37191317/manifest.json'
For more information check: https://developer.mozilla.org/en-US/docs/Web/HTTP/Status/403",2026-07-17T18:56:06.197579
lacroix,bpt6k3719132n,,failed,0,0,,http_manifest,known,403,manifest,"Client error '403 ' for url 'https://openapiproext.bnf.fr/iiif/presentation/v3/ark:/12148/bpt6k3719132n/manifest.json'
For more information check: https://developer.mozilla.org/en-US/docs/Web/HTTP/Status/403",2026-07-17T18:56:07.252860
lacroix,bpt6k37191332,,failed,0,0,,http_manifest,known,403,manifest,"Client error '403 ' for url 'https://openapiproext.bnf.fr/iiif/presentation/v3/ark:/12148/bpt6k37191332/manifest.json'
For more information check: https://developer.mozilla.org/en-US/docs/Web/HTTP/Status/403",2026-07-17T18:56:08.301342
lacroix,bpt6k3719134g,,failed,0,0,,http_manifest,known,403,manifest,"Client error '403 ' for url 'https://openapiproext.bnf.fr/iiif/presentation/v3/ark:/12148/bpt6k3719134g/manifest.json'
For more information check: https://developer.mozilla.org/en-US/docs/Web/HTTP/Status/403",2026-07-17T18:56:09.534154
lacroix,bpt6k3719135w,,failed,0,0,,http_manifest,known,403,manifest,"Client error '403 ' for url 'https://openapiproext.bnf.fr/iiif/presentation/v3/ark:/12148/bpt6k3719135w/manifest.json'
For more information check: https://developer.mozilla.org/en-US/docs/Web/HTTP/Status/403",2026-07-17T18:56:10.702142
lacroix,bpt6k37191369,,failed,0,0,,http_manifest,known,403,manifest,"Client error '403 ' for url 'https://openapiproext.bnf.fr/iiif/presentation/v3/ark:/12148/bpt6k37191369/manifest.json'
For more information check: https://developer.mozilla.org/en-US/docs/Web/HTTP/Status/403",2026-07-17T18:56:11.911985
lacroix,bpt6k3719137q,,failed,0,0,,http_manifest,known,403,manifest,"Client error '403 ' for url 'https://openapiproext.bnf.fr/iiif/presentation/v3/ark:/12148/bpt6k3719137q/manifest.json'
For more information check: https://developer.mozilla.org/en-US/docs/Web/HTTP/Status/403",2026-07-17T18:56:13.106400
lacroix,bpt6k37191384,,failed,0,0,,http_manifest,known,403,manifest,"Client error '403 ' for url 'https://openapiproext.bnf.fr/iiif/presentation/v3/ark:/12148/bpt6k37191384/manifest.json'
For more information check: https://developer.mozilla.org/en-US/docs/Web/HTTP/Status/403",2026-07-17T18:56:14.307165
lacroix,bpt6k3719139j,,failed,0,0,,http_manifest,known,403,manifest,"Client error '403 ' for url 'https://openapiproext.bnf.fr/iiif/presentation/v3/ark:/12148/bpt6k3719139j/manifest.json'
For more information check: https://developer.mozilla.org/en-US/docs/Web/HTTP/Status/403",2026-07-17T18:56:15.508083
lacroix,bpt6k37191406,,failed,0,0,,http_manifest,known,403,manifest,"Client error '403 ' for url 'https://openapiproext.bnf.fr/iiif/presentation/v3/ark:/12148/bpt6k37191406/manifest.json'
For more information check: https://developer.mozilla.org/en-US/docs/Web/HTTP/Status/403",2026-07-17T18:56:16.709052
lacroix,bpt6k3719141m,,failed,0,0,,http_manifest,known,403,manifest,"Client error '403 ' for url 'https://openapiproext.bnf.fr/iiif/presentation/v3/ark:/12148/bpt6k3719141m/manifest.json'
For more information check: https://developer.mozilla.org/en-US/docs/Web/HTTP/Status/403",2026-07-17T18:56:17.911632
lacroix,bpt6k37191421,,failed,0,0,,http_manifest,known,403,manifest,"Client error '403 ' for url 'https://openapiproext.bnf.fr/iiif/presentation/v3/ark:/12148/bpt6k37191421/manifest.json'
For more information check: https://developer.mozilla.org/en-US/docs/Web/HTTP/Status/403",2026-07-17T18:56:19.110616
lacroix,bpt6k3719143f,,failed,0,0,,http_manifest,known,403,manifest,"Client error '403 ' for url 'https://openapiproext.bnf.fr/iiif/presentation/v3/ark:/12148/bpt6k3719143f/manifest.json'
For more information check: https://developer.mozilla.org/en-US/docs/Web/HTTP/Status/403",2026-07-17T18:56:20.314196
lacroix,bpt6k3719144v,,failed,0,0,,http_manifest,known,403,manifest,"Client error '403 ' for url 'https://openapiproext.bnf.fr/iiif/presentation/v3/ark:/12148/bpt6k3719144v/manifest.json'
For more information check: https://developer.mozilla.org/en-US/docs/Web/HTTP/Status/403",2026-07-17T18:56:21.539578
lacroix,bpt6k37191458,,failed,0,0,,http_manifest,known,403,manifest,"Client error '403 ' for url 'https://openapiproext.bnf.fr/iiif/presentation/v3/ark:/12148/bpt6k37191458/manifest.json'
For more information check: https://developer.mozilla.org/en-US/docs/Web/HTTP/Status/403",2026-07-17T18:56:22.717995
lacroix,bpt6k3719146p,,failed,0,0,,http_manifest,known,403,manifest,"Client error '403 ' for url 'https://openapiproext.bnf.fr/iiif/presentation/v3/ark:/12148/bpt6k3719146p/manifest.json'
For more information check: https://developer.mozilla.org/en-US/docs/Web/HTTP/Status/403",2026-07-17T18:56:23.919296
lacroix,bpt6k37191473,,failed,0,0,,http_manifest,known,403,manifest,"Client error '403 ' for url 'https://openapiproext.bnf.fr/iiif/presentation/v3/ark:/12148/bpt6k37191473/manifest.json'
For more information check: https://developer.mozilla.org/en-US/docs/Web/HTTP/Status/403",2026-07-17T18:56:25.120071
lacroix,bpt6k3719148h,,failed,0,0,,http_manifest,known,403,manifest,"Client error '403 ' for url 'https://openapiproext.bnf.fr/iiif/presentation/v3/ark:/12148/bpt6k3719148h/manifest.json'
For more information check: https://developer.mozilla.org/en-US/docs/Web/HTTP/Status/403",2026-07-17T18:56:26.321995
lacroix,bpt6k3719149x,,failed,0,0,,http_manifest,known,403,manifest,"Client error '403 ' for url 'https://openapiproext.bnf.fr/iiif/presentation/v3/ark:/12148/bpt6k3719149x/manifest.json'
For more information check: https://developer.mozilla.org/en-US/docs/Web/HTTP/Status/403",2026-07-17T18:56:27.546641
lacroix,bpt6k3719150k,,failed,0,0,,http_manifest,known,403,manifest,"Client error '403 ' for url 'https://openapiproext.bnf.fr/iiif/presentation/v3/ark:/12148/bpt6k3719150k/manifest.json'
For more information check: https://developer.mozilla.org/en-US/docs/Web/HTTP/Status/403",2026-07-17T18:56:28.726531
lacroix,bpt6k37191510,,failed,0,0,,http_manifest,known,403,manifest,"Client error '403 ' for url 'https://openapiproext.bnf.fr/iiif/presentation/v3/ark:/12148/bpt6k37191510/manifest.json'
For more information check: https://developer.mozilla.org/en-US/docs/Web/HTTP/Status/403",2026-07-17T18:56:29.924806
lacroix,bpt6k3719152d,,failed,0,0,,http_manifest,known,403,manifest,"Client error '403 ' for url 'https://openapiproext.bnf.fr/iiif/presentation/v3/ark:/12148/bpt6k3719152d/manifest.json'
For more information check: https://developer.mozilla.org/en-US/docs/Web/HTTP/Status/403",2026-07-17T18:56:31.128773
lacroix,bpt6k3719153t,,failed,0,0,,http_manifest,known,403,manifest,"Client error '403 ' for url 'https://openapiproext.bnf.fr/iiif/presentation/v3/ark:/12148/bpt6k3719153t/manifest.json'
For more information check: https://developer.mozilla.org/en-US/docs/Web/HTTP/Status/403",2026-07-17T18:56:32.329158
lacroix,bpt6k37191547,,failed,0,0,,http_manifest,known,403,manifest,"Client error '403 ' for url 'https://openapiproext.bnf.fr/iiif/presentation/v3/ark:/12148/bpt6k37191547/manifest.json'
For more information check: https://developer.mozilla.org/en-US/docs/Web/HTTP/Status/403",2026-07-17T18:56:33.527536
lacroix,bpt6k3719155n,,failed,0,0,,http_manifest,known,403,manifest,"Client error '403 ' for url 'https://openapiproext.bnf.fr/iiif/presentation/v3/ark:/12148/bpt6k3719155n/manifest.json'
For more information check: https://developer.mozilla.org/en-US/docs/Web/HTTP/Status/403",2026-07-17T18:56:34.731254
lacroix,bpt6k37191562,,failed,0,0,,http_manifest,known,403,manifest,"Client error '403 ' for url 'https://openapiproext.bnf.fr/iiif/presentation/v3/ark:/12148/bpt6k37191562/manifest.json'
For more information check: https://developer.mozilla.org/en-US/docs/Web/HTTP/Status/403",2026-07-17T18:56:35.934083
lacroix,bpt6k3719157g,,failed,0,0,,http_manifest,known,403,manifest,"Client error '403 ' for url 'https://openapiproext.bnf.fr/iiif/presentation/v3/ark:/12148/bpt6k3719157g/manifest.json'
For more information check: https://developer.mozilla.org/en-US/docs/Web/HTTP/Status/403",2026-07-17T18:56:37.136503
lacroix,bpt6k3719158w,,failed,0,0,,http_manifest,known,403,manifest,"Client error '403 ' for url 'https://openapiproext.bnf.fr/iiif/presentation/v3/ark:/12148/bpt6k3719158w/manifest.json'
For more information check: https://developer.mozilla.org/en-US/docs/Web/HTTP/Status/403",2026-07-17T18:56:38.337153
lacroix,bpt6k37191599,,failed,0,0,,http_manifest,known,403,manifest,"Client error '403 ' for url 'https://openapiproext.bnf.fr/iiif/presentation/v3/ark:/12148/bpt6k37191599/manifest.json'
For more information check: https://developer.mozilla.org/en-US/docs/Web/HTTP/Status/403",2026-07-17T18:56:39.563337
lacroix,bpt6k3719160z,,failed,0,0,,http_manifest,known,403,manifest,"Client error '403 ' for url 'https://openapiproext.bnf.fr/iiif/presentation/v3/ark:/12148/bpt6k3719160z/manifest.json'
For more information check: https://developer.mozilla.org/en-US/docs/Web/HTTP/Status/403",2026-07-17T18:56:40.741016
lacroix,bpt6k3719161c,,failed,0,0,,http_manifest,known,403,manifest,"Client error '403 ' for url 'https://openapiproext.bnf.fr/iiif/presentation/v3/ark:/12148/bpt6k3719161c/manifest.json'
For more information check: https://developer.mozilla.org/en-US/docs/Web/HTTP/Status/403",2026-07-17T18:56:41.981543
lacroix,bpt6k3719162s,,failed,0,0,,http_manifest,known,403,manifest,"Client error '403 ' for url 'https://openapiproext.bnf.fr/iiif/presentation/v3/ark:/12148/bpt6k3719162s/manifest.json'
For more information check: https://developer.mozilla.org/en-US/docs/Web/HTTP/Status/403",2026-07-17T18:56:43.146088
lacroix,bpt6k37191636,,failed,0,0,,http_manifest,known,403,manifest,"Client error '403 ' for url 'https://openapiproext.bnf.fr/iiif/presentation/v3/ark:/12148/bpt6k37191636/manifest.json'
For more information check: https://developer.mozilla.org/en-US/docs/Web/HTTP/Status/403",2026-07-17T18:56:44.343831
lacroix,bpt6k3719164m,,failed,0,0,,http_manifest,known,403,manifest,"Client error '403 ' for url 'https://openapiproext.bnf.fr/iiif/presentation/v3/ark:/12148/bpt6k3719164m/manifest.json'
For more information check: https://developer.mozilla.org/en-US/docs/Web/HTTP/Status/403",2026-07-17T18:56:45.542981
lacroix,bpt6k37191651,,failed,0,0,,http_manifest,known,403,manifest,"Client error '403 ' for url 'https://openapiproext.bnf.fr/iiif/presentation/v3/ark:/12148/bpt6k37191651/manifest.json'
For more information check: https://developer.mozilla.org/en-US/docs/Web/HTTP/Status/403",2026-07-17T18:56:46.743194
lacroix,bpt6k3719166f,,failed,0,0,,http_manifest,known,403,manifest,"Client error '403 ' for url 'https://openapiproext.bnf.fr/iiif/presentation/v3/ark:/12148/bpt6k3719166f/manifest.json'
For more information check: https://developer.mozilla.org/en-US/docs/Web/HTTP/Status/403",2026-07-17T18:56:47.973759
lacroix,bpt6k3719167v,,failed,0,0,,http_manifest,known,403,manifest,"Client error '403 ' for url 'https://openapiproext.bnf.fr/iiif/presentation/v3/ark:/12148/bpt6k3719167v/manifest.json'
For more information check: https://developer.mozilla.org/en-US/docs/Web/HTTP/Status/403",2026-07-17T18:56:49.149090
lacroix,bpt6k37191688,,failed,0,0,,http_manifest,known,403,manifest,"Client error '403 ' for url 'https://openapiproext.bnf.fr/iiif/presentation/v3/ark:/12148/bpt6k37191688/manifest.json'
For more information check: https://developer.mozilla.org/en-US/docs/Web/HTTP/Status/403",2026-07-17T18:56:50.353156
lacroix,bpt6k3719169p,,failed,0,0,,http_manifest,known,403,manifest,"Client error '403 ' for url 'https://openapiproext.bnf.fr/iiif/presentation/v3/ark:/12148/bpt6k3719169p/manifest.json'
For more information check: https://developer.mozilla.org/en-US/docs/Web/HTTP/Status/403",2026-07-17T18:56:51.552271
lacroix,bpt6k3719170b,,failed,0,0,,http_manifest,known,403,manifest,"Client error '403 ' for url 'https://openapiproext.bnf.fr/iiif/presentation/v3/ark:/12148/bpt6k3719170b/manifest.json'
For more information check: https://developer.mozilla.org/en-US/docs/Web/HTTP/Status/403",2026-07-17T18:56:52.757004
lacroix,bpt6k3719171r,,failed,0,0,,http_manifest,known,403,manifest,"Client error '403 ' for url 'https://openapiproext.bnf.fr/iiif/presentation/v3/ark:/12148/bpt6k3719171r/manifest.json'
For more information check: https://developer.mozilla.org/en-US/docs/Web/HTTP/Status/403",2026-07-17T18:56:53.953976
lacroix,bpt6k37191725,,failed,0,0,,http_manifest,known,403,manifest,"Client error '403 ' for url 'https://openapiproext.bnf.fr/iiif/presentation/v3/ark:/12148/bpt6k37191725/manifest.json'
For more information check: https://developer.mozilla.org/en-US/docs/Web/HTTP/Status/403",2026-07-17T18:56:55.157618
lacroix,bpt6k3719173k,,failed,0,0,,http_manifest,known,403,manifest,"Client error '403 ' for url 'https://openapiproext.bnf.fr/iiif/presentation/v3/ark:/12148/bpt6k3719173k/manifest.json'
For more information check: https://developer.mozilla.org/en-US/docs/Web/HTTP/Status/403",2026-07-17T18:56:56.358399
lacroix,bpt6k37191740,,failed,0,0,,http_manifest,known,403,manifest,"Client error '403 ' for url 'https://openapiproext.bnf.fr/iiif/presentation/v3/ark:/12148/bpt6k37191740/manifest.json'
For more information check: https://developer.mozilla.org/en-US/docs/Web/HTTP/Status/403",2026-07-17T18:56:57.559490
lacroix,bpt6k3719175d,,failed,0,0,,http_manifest,known,403,manifest,"Client error '403 ' for url 'https://openapiproext.bnf.fr/iiif/presentation/v3/ark:/12148/bpt6k3719175d/manifest.json'
For more information check: https://developer.mozilla.org/en-US/docs/Web/HTTP/Status/403",2026-07-17T18:56:58.763649
lacroix,bpt6k3719176t,,failed,0,0,,http_manifest,known,403,manifest,"Client error '403 ' for url 'https://openapiproext.bnf.fr/iiif/presentation/v3/ark:/12148/bpt6k3719176t/manifest.json'
For more information check: https://developer.mozilla.org/en-US/docs/Web/HTTP/Status/403",2026-07-17T18:57:00.165514
lacroix,bpt6k37191777,,failed,0,0,,http_manifest,known,403,manifest,"Client error '403 ' for url 'https://openapiproext.bnf.fr/iiif/presentation/v3/ark:/12148/bpt6k37191777/manifest.json'
For more information check: https://developer.mozilla.org/en-US/docs/Web/HTTP/Status/403",2026-07-17T18:57:01.318117
lacroix,bpt6k3719178n,,failed,0,0,,http_manifest,known,403,manifest,"Client error '403 ' for url 'https://openapiproext.bnf.fr/iiif/presentation/v3/ark:/12148/bpt6k3719178n/manifest.json'
For more information check: https://developer.mozilla.org/en-US/docs/Web/HTTP/Status/403",2026-07-17T18:57:02.370681
lacroix,bpt6k37191792,,failed,0,0,,http_manifest,known,403,manifest,"Client error '403 ' for url 'https://openapiproext.bnf.fr/iiif/presentation/v3/ark:/12148/bpt6k37191792/manifest.json'
For more information check: https://developer.mozilla.org/en-US/docs/Web/HTTP/Status/403",2026-07-17T18:57:03.571557
lacroix,bpt6k3719180q,,failed,0,0,,http_manifest,known,403,manifest,"Client error '403 ' for url 'https://openapiproext.bnf.fr/iiif/presentation/v3/ark:/12148/bpt6k3719180q/manifest.json'
For more information check: https://developer.mozilla.org/en-US/docs/Web/HTTP/Status/403",2026-07-17T18:57:04.957204
lacroix,bpt6k37191814,,failed,0,0,,http_manifest,known,403,manifest,"Client error '403 ' for url 'https://openapiproext.bnf.fr/iiif/presentation/v3/ark:/12148/bpt6k37191814/manifest.json'
For more information check: https://developer.mozilla.org/en-US/docs/Web/HTTP/Status/403",2026-07-17T18:57:05.976628
lacroix,bpt6k3719182j,,failed,0,0,,http_manifest,known,403,manifest,"Client error '403 ' for url 'https://openapiproext.bnf.fr/iiif/presentation/v3/ark:/12148/bpt6k3719182j/manifest.json'
For more information check: https://developer.mozilla.org/en-US/docs/Web/HTTP/Status/403",2026-07-17T18:57:07.368448
lacroix,bpt6k3719183z,,failed,0,0,,http_manifest,known,403,manifest,"Client error '403 ' for url 'https://openapiproext.bnf.fr/iiif/presentation/v3/ark:/12148/bpt6k3719183z/manifest.json'
For more information check: https://developer.mozilla.org/en-US/docs/Web/HTTP/Status/403",2026-07-17T18:57:08.375601
lacroix,bpt6k3719184c,,failed,0,0,,http_manifest,known,403,manifest,"Client error '403 ' for url 'https://openapiproext.bnf.fr/iiif/presentation/v3/ark:/12148/bpt6k3719184c/manifest.json'
For more information check: https://developer.mozilla.org/en-US/docs/Web/HTTP/Status/403",2026-07-17T18:57:09.586815
lacroix,bpt6k37191866,,failed,0,0,,http_manifest,known,403,manifest,"Client error '403 ' for url 'https://openapiproext.bnf.fr/iiif/presentation/v3/ark:/12148/bpt6k37191866/manifest.json'
For more information check: https://developer.mozilla.org/en-US/docs/Web/HTTP/Status/403",2026-07-17T18:57:11.125059
lacroix,bpt6k3719187m,,failed,0,0,,http_manifest,known,403,manifest,"Client error '403 ' for url 'https://openapiproext.bnf.fr/iiif/presentation/v3/ark:/12148/bpt6k3719187m/manifest.json'
For more information check: https://developer.mozilla.org/en-US/docs/Web/HTTP/Status/403",2026-07-17T18:57:11.991698
lacroix,bpt6k37191881,,failed,0,0,,http_manifest,known,403,manifest,"Client error '403 ' for url 'https://openapiproext.bnf.fr/iiif/presentation/v3/ark:/12148/bpt6k37191881/manifest.json'
For more information check: https://developer.mozilla.org/en-US/docs/Web/HTTP/Status/403",2026-07-17T18:57:13.180856
lacroix,bpt6k3719189f,,failed,0,0,,http_manifest,known,403,manifest,"Client error '403 ' for url 'https://openapiproext.bnf.fr/iiif/presentation/v3/ark:/12148/bpt6k3719189f/manifest.json'
For more information check: https://developer.mozilla.org/en-US/docs/Web/HTTP/Status/403",2026-07-17T18:57:14.410314
lacroix,bpt6k37191903,,failed,0,0,,http_manifest,known,403,manifest,"Client error '403 ' for url 'https://openapiproext.bnf.fr/iiif/presentation/v3/ark:/12148/bpt6k37191903/manifest.json'
For more information check: https://developer.mozilla.org/en-US/docs/Web/HTTP/Status/403",2026-07-17T18:57:15.591619
lacroix,bpt6k3719191h,,failed,0,0,,http_manifest,known,403,manifest,"Client error '403 ' for url 'https://openapiproext.bnf.fr/iiif/presentation/v3/ark:/12148/bpt6k3719191h/manifest.json'
For more information check: https://developer.mozilla.org/en-US/docs/Web/HTTP/Status/403",2026-07-17T18:57:16.810835
lacroix,bpt6k3719192x,,failed,0,0,,http_manifest,known,403,manifest,"Client error '403 ' for url 'https://openapiproext.bnf.fr/iiif/presentation/v3/ark:/12148/bpt6k3719192x/manifest.json'
For more information check: https://developer.mozilla.org/en-US/docs/Web/HTTP/Status/403",2026-07-17T18:57:18.134399
lacroix,bpt6k3719193b,,failed,0,0,,http_manifest,known,403,manifest,"Client error '403 ' for url 'https://openapiproext.bnf.fr/iiif/presentation/v3/ark:/12148/bpt6k3719193b/manifest.json'
For more information check: https://developer.mozilla.org/en-US/docs/Web/HTTP/Status/403",2026-07-17T18:57:19.419738
lacroix,bpt6k3719194r,,failed,0,0,,http_manifest,known,403,manifest,"Client error '403 ' for url 'https://openapiproext.bnf.fr/iiif/presentation/v3/ark:/12148/bpt6k3719194r/manifest.json'
For more information check: https://developer.mozilla.org/en-US/docs/Web/HTTP/Status/403",2026-07-17T18:57:20.393157
lacroix,bpt6k37191955,,failed,0,0,,http_manifest,known,403,manifest,"Client error '403 ' for url 'https://openapiproext.bnf.fr/iiif/presentation/v3/ark:/12148/bpt6k37191955/manifest.json'
For more information check: https://developer.mozilla.org/en-US/docs/Web/HTTP/Status/403",2026-07-17T18:57:21.594886
lacroix,bpt6k3719196k,,failed,0,0,,http_manifest,known,403,manifest,"Client error '403 ' for url 'https://openapiproext.bnf.fr/iiif/presentation/v3/ark:/12148/bpt6k3719196k/manifest.json'
For more information check: https://developer.mozilla.org/en-US/docs/Web/HTTP/Status/403",2026-07-17T18:57:22.792319
lacroix,bpt6k37209495,,failed,0,0,,http_manifest,known,403,manifest,"Client error '403 ' for url 'https://openapiproext.bnf.fr/iiif/presentation/v3/ark:/12148/bpt6k37209495/manifest.json'
For more information check: https://developer.mozilla.org/en-US/docs/Web/HTTP/Status/403",2026-07-17T18:57:23.996572
lacroix,bpt6k3719198d,,failed,0,0,,http_manifest,known,403,manifest,"Client error '403 ' for url 'https://openapiproext.bnf.fr/iiif/presentation/v3/ark:/12148/bpt6k3719198d/manifest.json'
For more information check: https://developer.mozilla.org/en-US/docs/Web/HTTP/Status/403",2026-07-17T18:57:25.201353
lacroix,bpt6k3719199t,,failed,0,0,,http_manifest,known,403,manifest,"Client error '403 ' for url 'https://openapiproext.bnf.fr/iiif/presentation/v3/ark:/12148/bpt6k3719199t/manifest.json'
For more information check: https://developer.mozilla.org/en-US/docs/Web/HTTP/Status/403",2026-07-17T18:57:26.412147
lacroix,bpt6k37192001,,failed,0,0,,http_manifest,known,403,manifest,"Client error '403 ' for url 'https://openapiproext.bnf.fr/iiif/presentation/v3/ark:/12148/bpt6k37192001/manifest.json'
For more information check: https://developer.mozilla.org/en-US/docs/Web/HTTP/Status/403",2026-07-17T18:57:27.602102
lacroix,bpt6k3719201f,,failed,0,0,,http_manifest,known,403,manifest,"Client error '403 ' for url 'https://openapiproext.bnf.fr/iiif/presentation/v3/ark:/12148/bpt6k3719201f/manifest.json'
For more information check: https://developer.mozilla.org/en-US/docs/Web/HTTP/Status/403",2026-07-17T18:57:28.838203
lacroix,bpt6k3719202v,,failed,0,0,,http_manifest,known,403,manifest,"Client error '403 ' for url 'https://openapiproext.bnf.fr/iiif/presentation/v3/ark:/12148/bpt6k3719202v/manifest.json'
For more information check: https://developer.mozilla.org/en-US/docs/Web/HTTP/Status/403",2026-07-17T18:57:30.013665
lacroix,bpt6k37192038,,failed,0,0,,http_manifest,known,403,manifest,"Client error '403 ' for url 'https://openapiproext.bnf.fr/iiif/presentation/v3/ark:/12148/bpt6k37192038/manifest.json'
For more information check: https://developer.mozilla.org/en-US/docs/Web/HTTP/Status/403",2026-07-17T18:57:31.205225
lacroix,bpt6k3719204p,,failed,0,0,,http_manifest,known,403,manifest,"Client error '403 ' for url 'https://openapiproext.bnf.fr/iiif/presentation/v3/ark:/12148/bpt6k3719204p/manifest.json'
For more information check: https://developer.mozilla.org/en-US/docs/Web/HTTP/Status/403",2026-07-17T18:57:32.407018
lacroix,bpt6k37192053,,failed,0,0,,http_manifest,known,403,manifest,"Client error '403 ' for url 'https://openapiproext.bnf.fr/iiif/presentation/v3/ark:/12148/bpt6k37192053/manifest.json'
For more information check: https://developer.mozilla.org/en-US/docs/Web/HTTP/Status/403",2026-07-17T18:57:33.609990
lacroix,bpt6k3719206h,,failed,0,0,,http_manifest,known,403,manifest,"Client error '403 ' for url 'https://openapiproext.bnf.fr/iiif/presentation/v3/ark:/12148/bpt6k3719206h/manifest.json'
For more information check: https://developer.mozilla.org/en-US/docs/Web/HTTP/Status/403",2026-07-17T18:57:34.811595
lacroix,bpt6k3719207x,,failed,0,0,,http_manifest,known,403,manifest,"Client error '403 ' for url 'https://openapiproext.bnf.fr/iiif/presentation/v3/ark:/12148/bpt6k3719207x/manifest.json'
For more information check: https://developer.mozilla.org/en-US/docs/Web/HTTP/Status/403",2026-07-17T18:57:36.014336
lacroix,bpt6k3719208b,,failed,0,0,,http_manifest,known,403,manifest,"Client error '403 ' for url 'https://openapiproext.bnf.fr/iiif/presentation/v3/ark:/12148/bpt6k3719208b/manifest.json'
For more information check: https://developer.mozilla.org/en-US/docs/Web/HTTP/Status/403",2026-07-17T18:57:37.216081
lacroix,bpt6k3719209r,,failed,0,0,,http_manifest,known,403,manifest,"Client error '403 ' for url 'https://openapiproext.bnf.fr/iiif/presentation/v3/ark:/12148/bpt6k3719209r/manifest.json'
For more information check: https://developer.mozilla.org/en-US/docs/Web/HTTP/Status/403",2026-07-17T18:57:38.417032
lacroix,bpt6k3719210d,,failed,0,0,,http_manifest,known,403,manifest,"Client error '403 ' for url 'https://openapiproext.bnf.fr/iiif/presentation/v3/ark:/12148/bpt6k3719210d/manifest.json'
For more information check: https://developer.mozilla.org/en-US/docs/Web/HTTP/Status/403",2026-07-17T18:57:39.618995
lacroix,bpt6k3719211t,,failed,0,0,,http_manifest,known,403,manifest,"Client error '403 ' for url 'https://openapiproext.bnf.fr/iiif/presentation/v3/ark:/12148/bpt6k3719211t/manifest.json'
For more information check: https://developer.mozilla.org/en-US/docs/Web/HTTP/Status/403",2026-07-17T18:57:40.847549
lacroix,bpt6k37192127,,failed,0,0,,http_manifest,known,403,manifest,"Client error '403 ' for url 'https://openapiproext.bnf.fr/iiif/presentation/v3/ark:/12148/bpt6k37192127/manifest.json'
For more information check: https://developer.mozilla.org/en-US/docs/Web/HTTP/Status/403",2026-07-17T18:57:42.026580
lacroix,bpt6k3719213n,,failed,0,0,,http_manifest,known,403,manifest,"Client error '403 ' for url 'https://openapiproext.bnf.fr/iiif/presentation/v3/ark:/12148/bpt6k3719213n/manifest.json'
For more information check: https://developer.mozilla.org/en-US/docs/Web/HTTP/Status/403",2026-07-17T18:57:43.222748
lacroix,bpt6k37192142,,failed,0,0,,http_manifest,known,403,manifest,"Client error '403 ' for url 'https://openapiproext.bnf.fr/iiif/presentation/v3/ark:/12148/bpt6k37192142/manifest.json'
For more information check: https://developer.mozilla.org/en-US/docs/Web/HTTP/Status/403",2026-07-17T18:57:44.425925
lacroix,bpt6k3719215g,,failed,0,0,,http_manifest,known,403,manifest,"Client error '403 ' for url 'https://openapiproext.bnf.fr/iiif/presentation/v3/ark:/12148/bpt6k3719215g/manifest.json'
For more information check: https://developer.mozilla.org/en-US/docs/Web/HTTP/Status/403",2026-07-17T18:57:45.633121
lacroix,bpt6k3719216w,,failed,0,0,,http_manifest,known,403,manifest,"Client error '403 ' for url 'https://openapiproext.bnf.fr/iiif/presentation/v3/ark:/12148/bpt6k3719216w/manifest.json'
For more information check: https://developer.mozilla.org/en-US/docs/Web/HTTP/Status/403",2026-07-17T18:57:46.855260
lacroix,bpt6k37192179,,failed,0,0,,http_manifest,known,403,manifest,"Client error '403 ' for url 'https://openapiproext.bnf.fr/iiif/presentation/v3/ark:/12148/bpt6k37192179/manifest.json'
For more information check: https://developer.mozilla.org/en-US/docs/Web/HTTP/Status/403",2026-07-17T18:57:48.031462
lacroix,bpt6k3719218q,,failed,0,0,,http_manifest,known,403,manifest,"Client error '403 ' for url 'https://openapiproext.bnf.fr/iiif/presentation/v3/ark:/12148/bpt6k3719218q/manifest.json'
For more information check: https://developer.mozilla.org/en-US/docs/Web/HTTP/Status/403",2026-07-17T18:57:49.233162
lacroix,bpt6k37192194,,failed,0,0,,http_manifest,known,403,manifest,"Client error '403 ' for url 'https://openapiproext.bnf.fr/iiif/presentation/v3/ark:/12148/bpt6k37192194/manifest.json'
For more information check: https://developer.mozilla.org/en-US/docs/Web/HTTP/Status/403",2026-07-17T18:57:50.436420
lacroix,bpt6k3719220s,,failed,0,0,,http_manifest,known,403,manifest,"Client error '403 ' for url 'https://openapiproext.bnf.fr/iiif/presentation/v3/ark:/12148/bpt6k3719220s/manifest.json'
For more information check: https://developer.mozilla.org/en-US/docs/Web/HTTP/Status/403",2026-07-17T18:57:51.638626
lacroix,bpt6k37192216,,failed,0,0,,http_manifest,known,403,manifest,"Client error '403 ' for url 'https://openapiproext.bnf.fr/iiif/presentation/v3/ark:/12148/bpt6k37192216/manifest.json'
For more information check: https://developer.mozilla.org/en-US/docs/Web/HTTP/Status/403",2026-07-17T18:57:52.838858
lacroix,bpt6k3719222m,,failed,0,0,,http_manifest,known,403,manifest,"Client error '403 ' for url 'https://openapiproext.bnf.fr/iiif/presentation/v3/ark:/12148/bpt6k3719222m/manifest.json'
For more information check: https://developer.mozilla.org/en-US/docs/Web/HTTP/Status/403",2026-07-17T18:57:54.042124
lacroix,bpt6k37192231,,failed,0,0,,http_manifest,known,403,manifest,"Client error '403 ' for url 'https://openapiproext.bnf.fr/iiif/presentation/v3/ark:/12148/bpt6k37192231/manifest.json'
For more information check: https://developer.mozilla.org/en-US/docs/Web/HTTP/Status/403",2026-07-17T18:57:55.240178
lacroix,bpt6k3719224f,,failed,0,0,,http_manifest,known,403,manifest,"Client error '403 ' for url 'https://openapiproext.bnf.fr/iiif/presentation/v3/ark:/12148/bpt6k3719224f/manifest.json'
For more information check: https://developer.mozilla.org/en-US/docs/Web/HTTP/Status/403",2026-07-17T18:57:56.442223
lacroix,bpt6k3719225v,,failed,0,0,,http_manifest,known,403,manifest,"Client error '403 ' for url 'https://openapiproext.bnf.fr/iiif/presentation/v3/ark:/12148/bpt6k3719225v/manifest.json'
For more information check: https://developer.mozilla.org/en-US/docs/Web/HTTP/Status/403",2026-07-17T18:57:57.801990
lacroix,bpt6k37192268,,failed,0,0,,http_manifest,known,403,manifest,"Client error '403 ' for url 'https://openapiproext.bnf.fr/iiif/presentation/v3/ark:/12148/bpt6k37192268/manifest.json'
For more information check: https://developer.mozilla.org/en-US/docs/Web/HTTP/Status/403",2026-07-17T18:57:58.872568
lacroix,bpt6k3719227p,,failed,0,0,,http_manifest,known,403,manifest,"Client error '403 ' for url 'https://openapiproext.bnf.fr/iiif/presentation/v3/ark:/12148/bpt6k3719227p/manifest.json'
For more information check: https://developer.mozilla.org/en-US/docs/Web/HTTP/Status/403",2026-07-17T18:58:00.236763
lacroix,bpt6k37192283,,failed,0,0,,http_manifest,known,403,manifest,"Client error '403 ' for url 'https://openapiproext.bnf.fr/iiif/presentation/v3/ark:/12148/bpt6k37192283/manifest.json'
For more information check: https://developer.mozilla.org/en-US/docs/Web/HTTP/Status/403",2026-07-17T18:58:01.401957
lacroix,bpt6k3719229h,,failed,0,0,,http_manifest,known,403,manifest,"Client error '403 ' for url 'https://openapiproext.bnf.fr/iiif/presentation/v3/ark:/12148/bpt6k3719229h/manifest.json'
For more information check: https://developer.mozilla.org/en-US/docs/Web/HTTP/Status/403",2026-07-17T18:58:02.449903
lacroix,bpt6k3720950t,,failed,0,0,,http_manifest,known,403,manifest,"Client error '403 ' for url 'https://openapiproext.bnf.fr/iiif/presentation/v3/ark:/12148/bpt6k3720950t/manifest.json'
For more information check: https://developer.mozilla.org/en-US/docs/Web/HTTP/Status/403",2026-07-17T18:58:03.723688
lacroix,bpt6k3719231k,,failed,0,0,,http_manifest,known,403,manifest,"Client error '403 ' for url 'https://openapiproext.bnf.fr/iiif/presentation/v3/ark:/12148/bpt6k3719231k/manifest.json'
For more information check: https://developer.mozilla.org/en-US/docs/Web/HTTP/Status/403",2026-07-17T18:58:04.958648
lacroix,bpt6k37192320,,failed,0,0,,http_manifest,known,403,manifest,"Client error '403 ' for url 'https://openapiproext.bnf.fr/iiif/presentation/v3/ark:/12148/bpt6k37192320/manifest.json'
For more information check: https://developer.mozilla.org/en-US/docs/Web/HTTP/Status/403",2026-07-17T18:58:06.194004
lacroix,bpt6k3719233d,,failed,0,0,,http_manifest,known,403,manifest,"Client error '403 ' for url 'https://openapiproext.bnf.fr/iiif/presentation/v3/ark:/12148/bpt6k3719233d/manifest.json'
For more information check: https://developer.mozilla.org/en-US/docs/Web/HTTP/Status/403",2026-07-17T18:58:07.259068
lacroix,bpt6k3719234t,,failed,0,0,,http_manifest,known,403,manifest,"Client error '403 ' for url 'https://openapiproext.bnf.fr/iiif/presentation/v3/ark:/12148/bpt6k3719234t/manifest.json'
For more information check: https://developer.mozilla.org/en-US/docs/Web/HTTP/Status/403",2026-07-17T18:58:08.527392
lacroix,bpt6k37192357,,failed,0,0,,http_manifest,known,403,manifest,"Client error '403 ' for url 'https://openapiproext.bnf.fr/iiif/presentation/v3/ark:/12148/bpt6k37192357/manifest.json'
For more information check: https://developer.mozilla.org/en-US/docs/Web/HTTP/Status/403",2026-07-17T18:58:09.661387
lacroix,bpt6k3719236n,,failed,0,0,,http_manifest,known,403,manifest,"Client error '403 ' for url 'https://openapiproext.bnf.fr/iiif/presentation/v3/ark:/12148/bpt6k3719236n/manifest.json'
For more information check: https://developer.mozilla.org/en-US/docs/Web/HTTP/Status/403",2026-07-17T18:58:11.011911
lacroix,bpt6k37192372,,failed,0,0,,http_manifest,known,403,manifest,"Client error '403 ' for url 'https://openapiproext.bnf.fr/iiif/presentation/v3/ark:/12148/bpt6k37192372/manifest.json'
For more information check: https://developer.mozilla.org/en-US/docs/Web/HTTP/Status/403",2026-07-17T18:58:12.255060
lacroix,bpt6k3719238g,,failed,0,0,,http_manifest,known,403,manifest,"Client error '403 ' for url 'https://openapiproext.bnf.fr/iiif/presentation/v3/ark:/12148/bpt6k3719238g/manifest.json'
For more information check: https://developer.mozilla.org/en-US/docs/Web/HTTP/Status/403",2026-07-17T18:58:13.323497
lacroix,bpt6k3719239w,,failed,0,0,,http_manifest,known,403,manifest,"Client error '403 ' for url 'https://openapiproext.bnf.fr/iiif/presentation/v3/ark:/12148/bpt6k3719239w/manifest.json'
For more information check: https://developer.mozilla.org/en-US/docs/Web/HTTP/Status/403",2026-07-17T18:58:14.562185
lacroix,bpt6k3719240j,,failed,0,0,,http_manifest,known,403,manifest,"Client error '403 ' for url 'https://openapiproext.bnf.fr/iiif/presentation/v3/ark:/12148/bpt6k3719240j/manifest.json'
For more information check: https://developer.mozilla.org/en-US/docs/Web/HTTP/Status/403",2026-07-17T18:58:15.680962
lacroix,bpt6k3719241z,,failed,0,0,,http_manifest,known,403,manifest,"Client error '403 ' for url 'https://openapiproext.bnf.fr/iiif/presentation/v3/ark:/12148/bpt6k3719241z/manifest.json'
For more information check: https://developer.mozilla.org/en-US/docs/Web/HTTP/Status/403",2026-07-17T18:58:16.993743
lacroix,bpt6k3719242c,,failed,0,0,,http_manifest,known,403,manifest,"Client error '403 ' for url 'https://openapiproext.bnf.fr/iiif/presentation/v3/ark:/12148/bpt6k3719242c/manifest.json'
For more information check: https://developer.mozilla.org/en-US/docs/Web/HTTP/Status/403",2026-07-17T18:58:18.310544
lacroix,bpt6k3719243s,,failed,0,0,,http_manifest,known,403,manifest,"Client error '403 ' for url 'https://openapiproext.bnf.fr/iiif/presentation/v3/ark:/12148/bpt6k3719243s/manifest.json'
For more information check: https://developer.mozilla.org/en-US/docs/Web/HTTP/Status/403",2026-07-17T18:58:19.326971
lacroix,bpt6k37192446,,failed,0,0,,http_manifest,known,403,manifest,"Client error '403 ' for url 'https://openapiproext.bnf.fr/iiif/presentation/v3/ark:/12148/bpt6k37192446/manifest.json'
For more information check: https://developer.mozilla.org/en-US/docs/Web/HTTP/Status/403",2026-07-17T18:58:20.474315
lacroix,bpt6k3719245m,,failed,0,0,,http_manifest,known,403,manifest,"Client error '403 ' for url 'https://openapiproext.bnf.fr/iiif/presentation/v3/ark:/12148/bpt6k3719245m/manifest.json'
For more information check: https://developer.mozilla.org/en-US/docs/Web/HTTP/Status/403",2026-07-17T18:58:21.674737
lacroix,bpt6k37192461,,failed,0,0,,http_manifest,known,403,manifest,"Client error '403 ' for url 'https://openapiproext.bnf.fr/iiif/presentation/v3/ark:/12148/bpt6k37192461/manifest.json'
For more information check: https://developer.mozilla.org/en-US/docs/Web/HTTP/Status/403",2026-07-17T18:58:22.876820
lacroix,bpt6k3719247f,,failed,0,0,,http_manifest,known,403,manifest,"Client error '403 ' for url 'https://openapiproext.bnf.fr/iiif/presentation/v3/ark:/12148/bpt6k3719247f/manifest.json'
For more information check: https://developer.mozilla.org/en-US/docs/Web/HTTP/Status/403",2026-07-17T18:58:24.078365
lacroix,bpt6k3719248v,,failed,0,0,,http_manifest,known,403,manifest,"Client error '403 ' for url 'https://openapiproext.bnf.fr/iiif/presentation/v3/ark:/12148/bpt6k3719248v/manifest.json'
For more information check: https://developer.mozilla.org/en-US/docs/Web/HTTP/Status/403",2026-07-17T18:58:25.277691
lacroix,bpt6k37192498,,failed,0,0,,http_manifest,known,403,manifest,"Client error '403 ' for url 'https://openapiproext.bnf.fr/iiif/presentation/v3/ark:/12148/bpt6k37192498/manifest.json'
For more information check: https://developer.mozilla.org/en-US/docs/Web/HTTP/Status/403",2026-07-17T18:58:26.479658
lacroix,bpt6k3719250x,,failed,0,0,,http_manifest,known,403,manifest,"Client error '403 ' for url 'https://openapiproext.bnf.fr/iiif/presentation/v3/ark:/12148/bpt6k3719250x/manifest.json'
For more information check: https://developer.mozilla.org/en-US/docs/Web/HTTP/Status/403",2026-07-17T18:58:27.676271
lacroix,bpt6k3719251b,,failed,0,0,,http_manifest,known,403,manifest,"Client error '403 ' for url 'https://openapiproext.bnf.fr/iiif/presentation/v3/ark:/12148/bpt6k3719251b/manifest.json'
For more information check: https://developer.mozilla.org/en-US/docs/Web/HTTP/Status/403",2026-07-17T18:58:28.907412
lacroix,bpt6k3719252r,,failed,0,0,,http_manifest,known,403,manifest,"Client error '403 ' for url 'https://openapiproext.bnf.fr/iiif/presentation/v3/ark:/12148/bpt6k3719252r/manifest.json'
For more information check: https://developer.mozilla.org/en-US/docs/Web/HTTP/Status/403",2026-07-17T18:58:30.086007
lacroix,bpt6k37192535,,failed,0,0,,http_manifest,known,403,manifest,"Client error '403 ' for url 'https://openapiproext.bnf.fr/iiif/presentation/v3/ark:/12148/bpt6k37192535/manifest.json'
For more information check: https://developer.mozilla.org/en-US/docs/Web/HTTP/Status/403",2026-07-17T18:58:31.291410
lacroix,bpt6k3719254k,,failed,0,0,,http_manifest,known,403,manifest,"Client error '403 ' for url 'https://openapiproext.bnf.fr/iiif/presentation/v3/ark:/12148/bpt6k3719254k/manifest.json'
For more information check: https://developer.mozilla.org/en-US/docs/Web/HTTP/Status/403",2026-07-17T18:58:32.497336
lacroix,bpt6k37192550,,failed,0,0,,http_manifest,known,403,manifest,"Client error '403 ' for url 'https://openapiproext.bnf.fr/iiif/presentation/v3/ark:/12148/bpt6k37192550/manifest.json'
For more information check: https://developer.mozilla.org/en-US/docs/Web/HTTP/Status/403",2026-07-17T18:58:33.688284
lacroix,bpt6k3719256d,,failed,0,0,,http_manifest,known,403,manifest,"Client error '403 ' for url 'https://openapiproext.bnf.fr/iiif/presentation/v3/ark:/12148/bpt6k3719256d/manifest.json'
For more information check: https://developer.mozilla.org/en-US/docs/Web/HTTP/Status/403",2026-07-17T18:58:34.891025
lacroix,bpt6k3719257t,,failed,0,0,,http_manifest,known,403,manifest,"Client error '403 ' for url 'https://openapiproext.bnf.fr/iiif/presentation/v3/ark:/12148/bpt6k3719257t/manifest.json'
For more information check: https://developer.mozilla.org/en-US/docs/Web/HTTP/Status/403",2026-07-17T18:58:36.092476
lacroix,bpt6k37192587,,failed,0,0,,http_manifest,known,403,manifest,"Client error '403 ' for url 'https://openapiproext.bnf.fr/iiif/presentation/v3/ark:/12148/bpt6k37192587/manifest.json'
For more information check: https://developer.mozilla.org/en-US/docs/Web/HTTP/Status/403",2026-07-17T18:58:37.289948
lacroix,bpt6k3719259n,,failed,0,0,,http_manifest,known,403,manifest,"Client error '403 ' for url 'https://openapiproext.bnf.fr/iiif/presentation/v3/ark:/12148/bpt6k3719259n/manifest.json'
For more information check: https://developer.mozilla.org/en-US/docs/Web/HTTP/Status/403",2026-07-17T18:58:38.494524
lacroix,bpt6k37192609,,failed,0,0,,http_manifest,known,403,manifest,"Client error '403 ' for url 'https://openapiproext.bnf.fr/iiif/presentation/v3/ark:/12148/bpt6k37192609/manifest.json'
For more information check: https://developer.mozilla.org/en-US/docs/Web/HTTP/Status/403",2026-07-17T18:58:39.694459
lacroix,bpt6k3719261q,,failed,0,0,,http_manifest,known,403,manifest,"Client error '403 ' for url 'https://openapiproext.bnf.fr/iiif/presentation/v3/ark:/12148/bpt6k3719261q/manifest.json'
For more information check: https://developer.mozilla.org/en-US/docs/Web/HTTP/Status/403",2026-07-17T18:58:40.919251
lacroix,bpt6k37192624,,failed,0,0,,http_manifest,known,403,manifest,"Client error '403 ' for url 'https://openapiproext.bnf.fr/iiif/presentation/v3/ark:/12148/bpt6k37192624/manifest.json'
For more information check: https://developer.mozilla.org/en-US/docs/Web/HTTP/Status/403",2026-07-17T18:58:42.131173
lacroix,bpt6k3719263j,,failed,0,0,,http_manifest,known,403,manifest,"Client error '403 ' for url 'https://openapiproext.bnf.fr/iiif/presentation/v3/ark:/12148/bpt6k3719263j/manifest.json'
For more information check: https://developer.mozilla.org/en-US/docs/Web/HTTP/Status/403",2026-07-17T18:58:43.297512
lacroix,bpt6k3719264z,,failed,0,0,,http_manifest,known,403,manifest,"Client error '403 ' for url 'https://openapiproext.bnf.fr/iiif/presentation/v3/ark:/12148/bpt6k3719264z/manifest.json'
For more information check: https://developer.mozilla.org/en-US/docs/Web/HTTP/Status/403",2026-07-17T18:58:44.497670
lacroix,bpt6k3719265c,,failed,0,0,,http_manifest,known,403,manifest,"Client error '403 ' for url 'https://openapiproext.bnf.fr/iiif/presentation/v3/ark:/12148/bpt6k3719265c/manifest.json'
For more information check: https://developer.mozilla.org/en-US/docs/Web/HTTP/Status/403",2026-07-17T18:58:45.703376
lacroix,bpt6k3719266s,,failed,0,0,,http_manifest,known,403,manifest,"Client error '403 ' for url 'https://openapiproext.bnf.fr/iiif/presentation/v3/ark:/12148/bpt6k3719266s/manifest.json'
For more information check: https://developer.mozilla.org/en-US/docs/Web/HTTP/Status/403",2026-07-17T18:58:46.901895
lacroix,bpt6k37192676,,failed,0,0,,http_manifest,known,403,manifest,"Client error '403 ' for url 'https://openapiproext.bnf.fr/iiif/presentation/v3/ark:/12148/bpt6k37192676/manifest.json'
For more information check: https://developer.mozilla.org/en-US/docs/Web/HTTP/Status/403",2026-07-17T18:58:48.118283
lacroix,bpt6k3719268m,,failed,0,0,,http_manifest,known,403,manifest,"Client error '403 ' for url 'https://openapiproext.bnf.fr/iiif/presentation/v3/ark:/12148/bpt6k3719268m/manifest.json'
For more information check: https://developer.mozilla.org/en-US/docs/Web/HTTP/Status/403",2026-07-17T18:58:49.304717
lacroix,bpt6k37192691,,failed,0,0,,http_manifest,known,403,manifest,"Client error '403 ' for url 'https://openapiproext.bnf.fr/iiif/presentation/v3/ark:/12148/bpt6k37192691/manifest.json'
For more information check: https://developer.mozilla.org/en-US/docs/Web/HTTP/Status/403",2026-07-17T18:58:50.506139
lacroix,bpt6k3719270p,,failed,0,0,,http_manifest,known,403,manifest,"Client error '403 ' for url 'https://openapiproext.bnf.fr/iiif/presentation/v3/ark:/12148/bpt6k3719270p/manifest.json'
For more information check: https://developer.mozilla.org/en-US/docs/Web/HTTP/Status/403",2026-07-17T18:58:51.706760
lacroix,bpt6k37192713,,failed,0,0,,http_manifest,known,403,manifest,"Client error '403 ' for url 'https://openapiproext.bnf.fr/iiif/presentation/v3/ark:/12148/bpt6k37192713/manifest.json'
For more information check: https://developer.mozilla.org/en-US/docs/Web/HTTP/Status/403",2026-07-17T18:58:52.907304
lacroix,bpt6k3719272h,,failed,0,0,,http_manifest,known,403,manifest,"Client error '403 ' for url 'https://openapiproext.bnf.fr/iiif/presentation/v3/ark:/12148/bpt6k3719272h/manifest.json'
For more information check: https://developer.mozilla.org/en-US/docs/Web/HTTP/Status/403",2026-07-17T18:58:54.117865
lacroix,bpt6k3719273x,,failed,0,0,,http_manifest,known,403,manifest,"Client error '403 ' for url 'https://openapiproext.bnf.fr/iiif/presentation/v3/ark:/12148/bpt6k3719273x/manifest.json'
For more information check: https://developer.mozilla.org/en-US/docs/Web/HTTP/Status/403",2026-07-17T18:58:55.313588
lacroix,bpt6k3719274b,,failed,0,0,,http_manifest,known,403,manifest,"Client error '403 ' for url 'https://openapiproext.bnf.fr/iiif/presentation/v3/ark:/12148/bpt6k3719274b/manifest.json'
For more information check: https://developer.mozilla.org/en-US/docs/Web/HTTP/Status/403",2026-07-17T18:58:56.516762
lacroix,bpt6k3719275r,,failed,0,0,,http_manifest,known,403,manifest,"Client error '403 ' for url 'https://openapiproext.bnf.fr/iiif/presentation/v3/ark:/12148/bpt6k3719275r/manifest.json'
For more information check: https://developer.mozilla.org/en-US/docs/Web/HTTP/Status/403",2026-07-17T18:58:57.837773
lacroix,bpt6k37192765,,failed,0,0,,http_manifest,known,403,manifest,"Client error '403 ' for url 'https://openapiproext.bnf.fr/iiif/presentation/v3/ark:/12148/bpt6k37192765/manifest.json'
For more information check: https://developer.mozilla.org/en-US/docs/Web/HTTP/Status/403",2026-07-17T18:58:58.923521
lacroix,bpt6k3719277k,,failed,0,0,,http_manifest,known,403,manifest,"Client error '403 ' for url 'https://openapiproext.bnf.fr/iiif/presentation/v3/ark:/12148/bpt6k3719277k/manifest.json'
For more information check: https://developer.mozilla.org/en-US/docs/Web/HTTP/Status/403",2026-07-17T18:59:00.148960
lacroix,bpt6k37192780,,failed,0,0,,http_manifest,known,403,manifest,"Client error '403 ' for url 'https://openapiproext.bnf.fr/iiif/presentation/v3/ark:/12148/bpt6k37192780/manifest.json'
For more information check: https://developer.mozilla.org/en-US/docs/Web/HTTP/Status/403",2026-07-17T18:59:01.465022
lacroix,bpt6k3719279d,,failed,0,0,,http_manifest,known,403,manifest,"Client error '403 ' for url 'https://openapiproext.bnf.fr/iiif/presentation/v3/ark:/12148/bpt6k3719279d/manifest.json'
For more information check: https://developer.mozilla.org/en-US/docs/Web/HTTP/Status/403",2026-07-17T18:59:02.529374
lacroix,bpt6k37192802,,failed,0,0,,http_manifest,known,403,manifest,"Client error '403 ' for url 'https://openapiproext.bnf.fr/iiif/presentation/v3/ark:/12148/bpt6k37192802/manifest.json'
For more information check: https://developer.mozilla.org/en-US/docs/Web/HTTP/Status/403",2026-07-17T18:59:04.006385
lacroix,bpt6k3719281g,,failed,0,0,,http_manifest,known,403,manifest,"Client error '403 ' for url 'https://openapiproext.bnf.fr/iiif/presentation/v3/ark:/12148/bpt6k3719281g/manifest.json'
For more information check: https://developer.mozilla.org/en-US/docs/Web/HTTP/Status/403",2026-07-17T18:59:05.042382
lacroix,bpt6k3719282w,,failed,0,0,,http_manifest,known,403,manifest,"Client error '403 ' for url 'https://openapiproext.bnf.fr/iiif/presentation/v3/ark:/12148/bpt6k3719282w/manifest.json'
For more information check: https://developer.mozilla.org/en-US/docs/Web/HTTP/Status/403",2026-07-17T18:59:06.214091
lacroix,bpt6k37192839,,failed,0,0,,http_manifest,known,403,manifest,"Client error '403 ' for url 'https://openapiproext.bnf.fr/iiif/presentation/v3/ark:/12148/bpt6k37192839/manifest.json'
For more information check: https://developer.mozilla.org/en-US/docs/Web/HTTP/Status/403",2026-07-17T18:59:07.335309
lacroix,bpt6k3719284q,,failed,0,0,,http_manifest,known,403,manifest,"Client error '403 ' for url 'https://openapiproext.bnf.fr/iiif/presentation/v3/ark:/12148/bpt6k3719284q/manifest.json'
For more information check: https://developer.mozilla.org/en-US/docs/Web/HTTP/Status/403",2026-07-17T18:59:08.536593
lacroix,bpt6k37192854,,failed,0,0,,http_manifest,known,403,manifest,"Client error '403 ' for url 'https://openapiproext.bnf.fr/iiif/presentation/v3/ark:/12148/bpt6k37192854/manifest.json'
For more information check: https://developer.mozilla.org/en-US/docs/Web/HTTP/Status/403",2026-07-17T18:59:09.738275
lacroix,bpt6k3719286j,,failed,0,0,,http_manifest,known,403,manifest,"Client error '403 ' for url 'https://openapiproext.bnf.fr/iiif/presentation/v3/ark:/12148/bpt6k3719286j/manifest.json'
For more information check: https://developer.mozilla.org/en-US/docs/Web/HTTP/Status/403",2026-07-17T18:59:10.958567
lacroix,bpt6k3719287z,,failed,0,0,,http_manifest,known,403,manifest,"Client error '403 ' for url 'https://openapiproext.bnf.fr/iiif/presentation/v3/ark:/12148/bpt6k3719287z/manifest.json'
For more information check: https://developer.mozilla.org/en-US/docs/Web/HTTP/Status/403",2026-07-17T18:59:12.229354
lacroix,bpt6k3719288c,,failed,0,0,,http_manifest,known,403,manifest,"Client error '403 ' for url 'https://openapiproext.bnf.fr/iiif/presentation/v3/ark:/12148/bpt6k3719288c/manifest.json'
For more information check: https://developer.mozilla.org/en-US/docs/Web/HTTP/Status/403",2026-07-17T18:59:13.381526
lacroix,bpt6k3719289s,,failed,0,0,,http_manifest,known,403,manifest,"Client error '403 ' for url 'https://openapiproext.bnf.fr/iiif/presentation/v3/ark:/12148/bpt6k3719289s/manifest.json'
For more information check: https://developer.mozilla.org/en-US/docs/Web/HTTP/Status/403",2026-07-17T18:59:14.543354
lacroix,bpt6k3719290f,,failed,0,0,,http_manifest,known,403,manifest,"Client error '403 ' for url 'https://openapiproext.bnf.fr/iiif/presentation/v3/ark:/12148/bpt6k3719290f/manifest.json'
For more information check: https://developer.mozilla.org/en-US/docs/Web/HTTP/Status/403",2026-07-17T18:59:15.748485
lacroix,bpt6k3719291v,,failed,0,0,,http_manifest,known,403,manifest,"Client error '403 ' for url 'https://openapiproext.bnf.fr/iiif/presentation/v3/ark:/12148/bpt6k3719291v/manifest.json'
For more information check: https://developer.mozilla.org/en-US/docs/Web/HTTP/Status/403",2026-07-17T18:59:17.227660
lacroix,bpt6k37192928,,failed,0,0,,http_manifest,known,403,manifest,"Client error '403 ' for url 'https://openapiproext.bnf.fr/iiif/presentation/v3/ark:/12148/bpt6k37192928/manifest.json'
For more information check: https://developer.mozilla.org/en-US/docs/Web/HTTP/Status/403",2026-07-17T18:59:18.400596
lacroix,bpt6k3719293p,,failed,0,0,,http_manifest,known,403,manifest,"Client error '403 ' for url 'https://openapiproext.bnf.fr/iiif/presentation/v3/ark:/12148/bpt6k3719293p/manifest.json'
For more information check: https://developer.mozilla.org/en-US/docs/Web/HTTP/Status/403",2026-07-17T18:59:19.500050
lacroix,bpt6k37192943,,failed,0,0,,http_manifest,known,403,manifest,"Client error '403 ' for url 'https://openapiproext.bnf.fr/iiif/presentation/v3/ark:/12148/bpt6k37192943/manifest.json'
For more information check: https://developer.mozilla.org/en-US/docs/Web/HTTP/Status/403",2026-07-17T18:59:20.560244
lacroix,bpt6k3719295h,,failed,0,0,,http_manifest,known,403,manifest,"Client error '403 ' for url 'https://openapiproext.bnf.fr/iiif/presentation/v3/ark:/12148/bpt6k3719295h/manifest.json'
For more information check: https://developer.mozilla.org/en-US/docs/Web/HTTP/Status/403",2026-07-17T18:59:21.752061
lacroix,bpt6k3719296x,,failed,0,0,,http_manifest,known,403,manifest,"Client error '403 ' for url 'https://openapiproext.bnf.fr/iiif/presentation/v3/ark:/12148/bpt6k3719296x/manifest.json'
For more information check: https://developer.mozilla.org/en-US/docs/Web/HTTP/Status/403",2026-07-17T18:59:22.971024
lacroix,bpt6k3719297b,,failed,0,0,,http_manifest,known,403,manifest,"Client error '403 ' for url 'https://openapiproext.bnf.fr/iiif/presentation/v3/ark:/12148/bpt6k3719297b/manifest.json'
For more information check: https://developer.mozilla.org/en-US/docs/Web/HTTP/Status/403",2026-07-17T18:59:24.178857
lacroix,bpt6k3719298r,,failed,0,0,,http_manifest,known,403,manifest,"Client error '403 ' for url 'https://openapiproext.bnf.fr/iiif/presentation/v3/ark:/12148/bpt6k3719298r/manifest.json'
For more information check: https://developer.mozilla.org/en-US/docs/Web/HTTP/Status/403",2026-07-17T18:59:25.361231
lacroix,bpt6k37192995,,failed,0,0,,http_manifest,known,403,manifest,"Client error '403 ' for url 'https://openapiproext.bnf.fr/iiif/presentation/v3/ark:/12148/bpt6k37192995/manifest.json'
For more information check: https://developer.mozilla.org/en-US/docs/Web/HTTP/Status/403",2026-07-17T18:59:26.562797
lacroix,bpt6k3719300c,,failed,0,0,,http_manifest,known,403,manifest,"Client error '403 ' for url 'https://openapiproext.bnf.fr/iiif/presentation/v3/ark:/12148/bpt6k3719300c/manifest.json'
For more information check: https://developer.mozilla.org/en-US/docs/Web/HTTP/Status/403",2026-07-17T18:59:27.764829
lacroix,bpt6k3719301s,,failed,0,0,,http_manifest,known,403,manifest,"Client error '403 ' for url 'https://openapiproext.bnf.fr/iiif/presentation/v3/ark:/12148/bpt6k3719301s/manifest.json'
For more information check: https://developer.mozilla.org/en-US/docs/Web/HTTP/Status/403",2026-07-17T18:59:28.980529
lacroix,bpt6k37193026,,failed,0,0,,http_manifest,known,403,manifest,"Client error '403 ' for url 'https://openapiproext.bnf.fr/iiif/presentation/v3/ark:/12148/bpt6k37193026/manifest.json'
For more information check: https://developer.mozilla.org/en-US/docs/Web/HTTP/Status/403",2026-07-17T18:59:30.167447
lacroix,bpt6k3719303m,,failed,0,0,,http_manifest,known,403,manifest,"Client error '403 ' for url 'https://openapiproext.bnf.fr/iiif/presentation/v3/ark:/12148/bpt6k3719303m/manifest.json'
For more information check: https://developer.mozilla.org/en-US/docs/Web/HTTP/Status/403",2026-07-17T18:59:31.371171
lacroix,bpt6k37193041,,failed,0,0,,http_manifest,known,403,manifest,"Client error '403 ' for url 'https://openapiproext.bnf.fr/iiif/presentation/v3/ark:/12148/bpt6k37193041/manifest.json'
For more information check: https://developer.mozilla.org/en-US/docs/Web/HTTP/Status/403",2026-07-17T18:59:32.572017
lacroix,bpt6k3719305f,,failed,0,0,,http_manifest,known,403,manifest,"Client error '403 ' for url 'https://openapiproext.bnf.fr/iiif/presentation/v3/ark:/12148/bpt6k3719305f/manifest.json'
For more information check: https://developer.mozilla.org/en-US/docs/Web/HTTP/Status/403",2026-07-17T18:59:33.776426
lacroix,bpt6k3719306v,,failed,0,0,,http_manifest,known,403,manifest,"Client error '403 ' for url 'https://openapiproext.bnf.fr/iiif/presentation/v3/ark:/12148/bpt6k3719306v/manifest.json'
For more information check: https://developer.mozilla.org/en-US/docs/Web/HTTP/Status/403",2026-07-17T18:59:34.974868
lacroix,bpt6k37193078,,failed,0,0,,http_manifest,known,403,manifest,"Client error '403 ' for url 'https://openapiproext.bnf.fr/iiif/presentation/v3/ark:/12148/bpt6k37193078/manifest.json'
For more information check: https://developer.mozilla.org/en-US/docs/Web/HTTP/Status/403",2026-07-17T18:59:36.179493
lacroix,bpt6k3719308p,,failed,0,0,,http_manifest,known,403,manifest,"Client error '403 ' for url 'https://openapiproext.bnf.fr/iiif/presentation/v3/ark:/12148/bpt6k3719308p/manifest.json'
For more information check: https://developer.mozilla.org/en-US/docs/Web/HTTP/Status/403",2026-07-17T18:59:37.382223
lacroix,bpt6k37193093,,failed,0,0,,http_manifest,known,403,manifest,"Client error '403 ' for url 'https://openapiproext.bnf.fr/iiif/presentation/v3/ark:/12148/bpt6k37193093/manifest.json'
For more information check: https://developer.mozilla.org/en-US/docs/Web/HTTP/Status/403",2026-07-17T18:59:38.580461
lacroix,bpt6k3719310r,,failed,0,0,,http_manifest,known,403,manifest,"Client error '403 ' for url 'https://openapiproext.bnf.fr/iiif/presentation/v3/ark:/12148/bpt6k3719310r/manifest.json'
For more information check: https://developer.mozilla.org/en-US/docs/Web/HTTP/Status/403",2026-07-17T18:59:39.783100
lacroix,bpt6k37193115,,failed,0,0,,http_manifest,known,403,manifest,"Client error '403 ' for url 'https://openapiproext.bnf.fr/iiif/presentation/v3/ark:/12148/bpt6k37193115/manifest.json'
For more information check: https://developer.mozilla.org/en-US/docs/Web/HTTP/Status/403",2026-07-17T18:59:40.984964
lacroix,bpt6k3719312k,,failed,0,0,,http_manifest,known,403,manifest,"Client error '403 ' for url 'https://openapiproext.bnf.fr/iiif/presentation/v3/ark:/12148/bpt6k3719312k/manifest.json'
For more information check: https://developer.mozilla.org/en-US/docs/Web/HTTP/Status/403",2026-07-17T18:59:42.191987
lacroix,bpt6k3720954g,,failed,0,0,,http_manifest,known,403,manifest,"Client error '403 ' for url 'https://openapiproext.bnf.fr/iiif/presentation/v3/ark:/12148/bpt6k3720954g/manifest.json'
For more information check: https://developer.mozilla.org/en-US/docs/Web/HTTP/Status/403",2026-07-17T18:59:43.388733
lacroix,bpt6k37193130,,failed,0,0,,http_manifest,known,403,manifest,"Client error '403 ' for url 'https://openapiproext.bnf.fr/iiif/presentation/v3/ark:/12148/bpt6k37193130/manifest.json'
For more information check: https://developer.mozilla.org/en-US/docs/Web/HTTP/Status/403",2026-07-17T18:59:44.590952
lacroix,bpt6k3719314d,,failed,0,0,,http_manifest,known,403,manifest,"Client error '403 ' for url 'https://openapiproext.bnf.fr/iiif/presentation/v3/ark:/12148/bpt6k3719314d/manifest.json'
For more information check: https://developer.mozilla.org/en-US/docs/Web/HTTP/Status/403",2026-07-17T18:59:45.793402
lacroix,bpt6k3719315t,,failed,0,0,,http_manifest,known,403,manifest,"Client error '403 ' for url 'https://openapiproext.bnf.fr/iiif/presentation/v3/ark:/12148/bpt6k3719315t/manifest.json'
For more information check: https://developer.mozilla.org/en-US/docs/Web/HTTP/Status/403",2026-07-17T18:59:46.994935
lacroix,bpt6k37193167,,failed,0,0,,http_manifest,known,403,manifest,"Client error '403 ' for url 'https://openapiproext.bnf.fr/iiif/presentation/v3/ark:/12148/bpt6k37193167/manifest.json'
For more information check: https://developer.mozilla.org/en-US/docs/Web/HTTP/Status/403",2026-07-17T18:59:48.192800
lacroix,bpt6k3719317n,,failed,0,0,,http_manifest,known,403,manifest,"Client error '403 ' for url 'https://openapiproext.bnf.fr/iiif/presentation/v3/ark:/12148/bpt6k3719317n/manifest.json'
For more information check: https://developer.mozilla.org/en-US/docs/Web/HTTP/Status/403",2026-07-17T18:59:49.393910
lacroix,bpt6k37193182,,failed,0,0,,http_manifest,known,403,manifest,"Client error '403 ' for url 'https://openapiproext.bnf.fr/iiif/presentation/v3/ark:/12148/bpt6k37193182/manifest.json'
For more information check: https://developer.mozilla.org/en-US/docs/Web/HTTP/Status/403",2026-07-17T18:59:50.595027
lacroix,bpt6k3719319g,,failed,0,0,,http_manifest,known,403,manifest,"Client error '403 ' for url 'https://openapiproext.bnf.fr/iiif/presentation/v3/ark:/12148/bpt6k3719319g/manifest.json'
For more information check: https://developer.mozilla.org/en-US/docs/Web/HTTP/Status/403",2026-07-17T18:59:51.802512
lacroix,bpt6k37193204,,failed,0,0,,http_manifest,known,403,manifest,"Client error '403 ' for url 'https://openapiproext.bnf.fr/iiif/presentation/v3/ark:/12148/bpt6k37193204/manifest.json'
For more information check: https://developer.mozilla.org/en-US/docs/Web/HTTP/Status/403",2026-07-17T18:59:53.000542
lacroix,bpt6k3719321j,,failed,0,0,,http_manifest,known,403,manifest,"Client error '403 ' for url 'https://openapiproext.bnf.fr/iiif/presentation/v3/ark:/12148/bpt6k3719321j/manifest.json'
For more information check: https://developer.mozilla.org/en-US/docs/Web/HTTP/Status/403",2026-07-17T18:59:54.201595
lacroix,bpt6k3719322z,,failed,0,0,,http_manifest,known,403,manifest,"Client error '403 ' for url 'https://openapiproext.bnf.fr/iiif/presentation/v3/ark:/12148/bpt6k3719322z/manifest.json'
For more information check: https://developer.mozilla.org/en-US/docs/Web/HTTP/Status/403",2026-07-17T18:59:55.406685
lacroix,bpt6k3719323c,,failed,0,0,,http_manifest,known,403,manifest,"Client error '403 ' for url 'https://openapiproext.bnf.fr/iiif/presentation/v3/ark:/12148/bpt6k3719323c/manifest.json'
For more information check: https://developer.mozilla.org/en-US/docs/Web/HTTP/Status/403",2026-07-17T18:59:56.607233
lacroix,bpt6k3719324s,,failed,0,0,,http_manifest,known,403,manifest,"Client error '403 ' for url 'https://openapiproext.bnf.fr/iiif/presentation/v3/ark:/12148/bpt6k3719324s/manifest.json'
For more information check: https://developer.mozilla.org/en-US/docs/Web/HTTP/Status/403",2026-07-17T18:59:57.807720
lacroix,bpt6k37193256,,failed,0,0,,http_manifest,known,403,manifest,"Client error '403 ' for url 'https://openapiproext.bnf.fr/iiif/presentation/v3/ark:/12148/bpt6k37193256/manifest.json'
For more information check: https://developer.mozilla.org/en-US/docs/Web/HTTP/Status/403",2026-07-17T18:59:59.017423
lacroix,bpt6k3719326m,,failed,0,0,,http_manifest,known,403,manifest,"Client error '403 ' for url 'https://openapiproext.bnf.fr/iiif/presentation/v3/ark:/12148/bpt6k3719326m/manifest.json'
For more information check: https://developer.mozilla.org/en-US/docs/Web/HTTP/Status/403",2026-07-17T19:00:00.214736
lacroix,bpt6k37193271,,failed,0,0,,http_manifest,known,403,manifest,"Client error '403 ' for url 'https://openapiproext.bnf.fr/iiif/presentation/v3/ark:/12148/bpt6k37193271/manifest.json'
For more information check: https://developer.mozilla.org/en-US/docs/Web/HTTP/Status/403",2026-07-17T19:00:01.423553
lacroix,bpt6k3719328f,,failed,0,0,,http_manifest,known,403,manifest,"Client error '403 ' for url 'https://openapiproext.bnf.fr/iiif/presentation/v3/ark:/12148/bpt6k3719328f/manifest.json'
For more information check: https://developer.mozilla.org/en-US/docs/Web/HTTP/Status/403",2026-07-17T19:00:02.633600
lacroix,bpt6k3719329v,,failed,0,0,,http_manifest,known,403,manifest,"Client error '403 ' for url 'https://openapiproext.bnf.fr/iiif/presentation/v3/ark:/12148/bpt6k3719329v/manifest.json'
For more information check: https://developer.mozilla.org/en-US/docs/Web/HTTP/Status/403",2026-07-17T19:00:03.887218
lacroix,bpt6k3719330h,,failed,0,0,,http_manifest,known,403,manifest,"Client error '403 ' for url 'https://openapiproext.bnf.fr/iiif/presentation/v3/ark:/12148/bpt6k3719330h/manifest.json'
For more information check: https://developer.mozilla.org/en-US/docs/Web/HTTP/Status/403",2026-07-17T19:00:05.197449
lacroix,bpt6k3719331x,,failed,0,0,,http_manifest,known,403,manifest,"Client error '403 ' for url 'https://openapiproext.bnf.fr/iiif/presentation/v3/ark:/12148/bpt6k3719331x/manifest.json'
For more information check: https://developer.mozilla.org/en-US/docs/Web/HTTP/Status/403",2026-07-17T19:00:06.270241
lacroix,bpt6k3719332b,,failed,0,0,,http_manifest,known,403,manifest,"Client error '403 ' for url 'https://openapiproext.bnf.fr/iiif/presentation/v3/ark:/12148/bpt6k3719332b/manifest.json'
For more information check: https://developer.mozilla.org/en-US/docs/Web/HTTP/Status/403",2026-07-17T19:00:07.448278
lacroix,bpt6k3719333r,,failed,0,0,,http_manifest,known,403,manifest,"Client error '403 ' for url 'https://openapiproext.bnf.fr/iiif/presentation/v3/ark:/12148/bpt6k3719333r/manifest.json'
For more information check: https://developer.mozilla.org/en-US/docs/Web/HTTP/Status/403",2026-07-17T19:00:08.679964
lacroix,bpt6k37193345,,failed,0,0,,http_manifest,known,403,manifest,"Client error '403 ' for url 'https://openapiproext.bnf.fr/iiif/presentation/v3/ark:/12148/bpt6k37193345/manifest.json'
For more information check: https://developer.mozilla.org/en-US/docs/Web/HTTP/Status/403",2026-07-17T19:00:10.020085
lacroix,bpt6k3719335k,,failed,0,0,,http_manifest,known,403,manifest,"Client error '403 ' for url 'https://openapiproext.bnf.fr/iiif/presentation/v3/ark:/12148/bpt6k3719335k/manifest.json'
For more information check: https://developer.mozilla.org/en-US/docs/Web/HTTP/Status/403",2026-07-17T19:00:11.030863
lacroix,bpt6k37193360,,failed,0,0,,http_manifest,known,403,manifest,"Client error '403 ' for url 'https://openapiproext.bnf.fr/iiif/presentation/v3/ark:/12148/bpt6k37193360/manifest.json'
For more information check: https://developer.mozilla.org/en-US/docs/Web/HTTP/Status/403",2026-07-17T19:00:12.488325
lacroix,bpt6k37209517,,failed,0,0,,http_manifest,known,403,manifest,"Client error '403 ' for url 'https://openapiproext.bnf.fr/iiif/presentation/v3/ark:/12148/bpt6k37209517/manifest.json'
For more information check: https://developer.mozilla.org/en-US/docs/Web/HTTP/Status/403",2026-07-17T19:00:13.472540
lacroix,bpt6k37209532,,failed,0,0,,http_manifest,known,403,manifest,"Client error '403 ' for url 'https://openapiproext.bnf.fr/iiif/presentation/v3/ark:/12148/bpt6k37209532/manifest.json'
For more information check: https://developer.mozilla.org/en-US/docs/Web/HTTP/Status/403",2026-07-17T19:00:14.704699
lacroix,bpt6k3719338t,,failed,0,0,,http_manifest,known,403,manifest,"Client error '403 ' for url 'https://openapiproext.bnf.fr/iiif/presentation/v3/ark:/12148/bpt6k3719338t/manifest.json'
For more information check: https://developer.mozilla.org/en-US/docs/Web/HTTP/Status/403",2026-07-17T19:00:16.055990
lacroix,bpt6k37193397,,failed,0,0,,http_manifest,known,403,manifest,"Client error '403 ' for url 'https://openapiproext.bnf.fr/iiif/presentation/v3/ark:/12148/bpt6k37193397/manifest.json'
For more information check: https://developer.mozilla.org/en-US/docs/Web/HTTP/Status/403",2026-07-17T19:00:17.314224
lacroix,bpt6k3719340w,,failed,0,0,,http_manifest,known,403,manifest,"Client error '403 ' for url 'https://openapiproext.bnf.fr/iiif/presentation/v3/ark:/12148/bpt6k3719340w/manifest.json'
For more information check: https://developer.mozilla.org/en-US/docs/Web/HTTP/Status/403",2026-07-17T19:00:18.534550
lacroix,bpt6k37193419,,failed,0,0,,http_manifest,known,403,manifest,"Client error '403 ' for url 'https://openapiproext.bnf.fr/iiif/presentation/v3/ark:/12148/bpt6k37193419/manifest.json'
For more information check: https://developer.mozilla.org/en-US/docs/Web/HTTP/Status/403",2026-07-17T19:00:19.515450
lacroix,bpt6k3719342q,,failed,0,0,,http_manifest,known,403,manifest,"Client error '403 ' for url 'https://openapiproext.bnf.fr/iiif/presentation/v3/ark:/12148/bpt6k3719342q/manifest.json'
For more information check: https://developer.mozilla.org/en-US/docs/Web/HTTP/Status/403",2026-07-17T19:00:20.639625
lacroix,bpt6k37193434,,failed,0,0,,http_manifest,known,403,manifest,"Client error '403 ' for url 'https://openapiproext.bnf.fr/iiif/presentation/v3/ark:/12148/bpt6k37193434/manifest.json'
For more information check: https://developer.mozilla.org/en-US/docs/Web/HTTP/Status/403",2026-07-17T19:00:21.839665
lacroix,bpt6k3719344j,,failed,0,0,,http_manifest,known,403,manifest,"Client error '403 ' for url 'https://openapiproext.bnf.fr/iiif/presentation/v3/ark:/12148/bpt6k3719344j/manifest.json'
For more information check: https://developer.mozilla.org/en-US/docs/Web/HTTP/Status/403",2026-07-17T19:00:23.043876
lacroix,bpt6k3719345z,,failed,0,0,,http_manifest,known,403,manifest,"Client error '403 ' for url 'https://openapiproext.bnf.fr/iiif/presentation/v3/ark:/12148/bpt6k3719345z/manifest.json'
For more information check: https://developer.mozilla.org/en-US/docs/Web/HTTP/Status/403",2026-07-17T19:00:24.244151
lacroix,bpt6k3719346c,,failed,0,0,,http_manifest,known,403,manifest,"Client error '403 ' for url 'https://openapiproext.bnf.fr/iiif/presentation/v3/ark:/12148/bpt6k3719346c/manifest.json'
For more information check: https://developer.mozilla.org/en-US/docs/Web/HTTP/Status/403",2026-07-17T19:00:25.447743
lacroix,bpt6k3719347s,,failed,0,0,,http_manifest,known,403,manifest,"Client error '403 ' for url 'https://openapiproext.bnf.fr/iiif/presentation/v3/ark:/12148/bpt6k3719347s/manifest.json'
For more information check: https://developer.mozilla.org/en-US/docs/Web/HTTP/Status/403",2026-07-17T19:00:26.647881
lacroix,bpt6k37193486,,failed,0,0,,http_manifest,known,403,manifest,"Client error '403 ' for url 'https://openapiproext.bnf.fr/iiif/presentation/v3/ark:/12148/bpt6k37193486/manifest.json'
For more information check: https://developer.mozilla.org/en-US/docs/Web/HTTP/Status/403",2026-07-17T19:00:27.849724
lacroix,bpt6k3719349m,,failed,0,0,,http_manifest,known,403,manifest,"Client error '403 ' for url 'https://openapiproext.bnf.fr/iiif/presentation/v3/ark:/12148/bpt6k3719349m/manifest.json'
For more information check: https://developer.mozilla.org/en-US/docs/Web/HTTP/Status/403",2026-07-17T19:00:29.052686
lacroix,bpt6k37193508,,failed,0,0,,http_manifest,known,403,manifest,"Client error '403 ' for url 'https://openapiproext.bnf.fr/iiif/presentation/v3/ark:/12148/bpt6k37193508/manifest.json'
For more information check: https://developer.mozilla.org/en-US/docs/Web/HTTP/Status/403",2026-07-17T19:00:30.252391
lacroix,bpt6k3719351p,,failed,0,0,,http_manifest,known,403,manifest,"Client error '403 ' for url 'https://openapiproext.bnf.fr/iiif/presentation/v3/ark:/12148/bpt6k3719351p/manifest.json'
For more information check: https://developer.mozilla.org/en-US/docs/Web/HTTP/Status/403",2026-07-17T19:00:31.454763
lacroix,bpt6k37193523,,failed,0,0,,http_manifest,known,403,manifest,"Client error '403 ' for url 'https://openapiproext.bnf.fr/iiif/presentation/v3/ark:/12148/bpt6k37193523/manifest.json'
For more information check: https://developer.mozilla.org/en-US/docs/Web/HTTP/Status/403",2026-07-17T19:00:32.654605
lacroix,bpt6k3719353h,,failed,0,0,,http_manifest,known,403,manifest,"Client error '403 ' for url 'https://openapiproext.bnf.fr/iiif/presentation/v3/ark:/12148/bpt6k3719353h/manifest.json'
For more information check: https://developer.mozilla.org/en-US/docs/Web/HTTP/Status/403",2026-07-17T19:00:33.854528
lacroix,bpt6k3719354x,,failed,0,0,,http_manifest,known,403,manifest,"Client error '403 ' for url 'https://openapiproext.bnf.fr/iiif/presentation/v3/ark:/12148/bpt6k3719354x/manifest.json'
For more information check: https://developer.mozilla.org/en-US/docs/Web/HTTP/Status/403",2026-07-17T19:00:35.058596
lacroix,bpt6k3719355b,,failed,0,0,,http_manifest,known,403,manifest,"Client error '403 ' for url 'https://openapiproext.bnf.fr/iiif/presentation/v3/ark:/12148/bpt6k3719355b/manifest.json'
For more information check: https://developer.mozilla.org/en-US/docs/Web/HTTP/Status/403",2026-07-17T19:00:36.262996
lacroix,bpt6k3719356r,,failed,0,0,,http_manifest,known,403,manifest,"Client error '403 ' for url 'https://openapiproext.bnf.fr/iiif/presentation/v3/ark:/12148/bpt6k3719356r/manifest.json'
For more information check: https://developer.mozilla.org/en-US/docs/Web/HTTP/Status/403",2026-07-17T19:00:37.463375
lacroix,bpt6k37193575,,failed,0,0,,http_manifest,known,403,manifest,"Client error '403 ' for url 'https://openapiproext.bnf.fr/iiif/presentation/v3/ark:/12148/bpt6k37193575/manifest.json'
For more information check: https://developer.mozilla.org/en-US/docs/Web/HTTP/Status/403",2026-07-17T19:00:38.662322
lacroix,bpt6k3719358k,,failed,0,0,,http_manifest,known,403,manifest,"Client error '403 ' for url 'https://openapiproext.bnf.fr/iiif/presentation/v3/ark:/12148/bpt6k3719358k/manifest.json'
For more information check: https://developer.mozilla.org/en-US/docs/Web/HTTP/Status/403",2026-07-17T19:00:39.864428
lacroix,bpt6k37193590,,failed,0,0,,http_manifest,known,403,manifest,"Client error '403 ' for url 'https://openapiproext.bnf.fr/iiif/presentation/v3/ark:/12148/bpt6k37193590/manifest.json'
For more information check: https://developer.mozilla.org/en-US/docs/Web/HTTP/Status/403",2026-07-17T19:00:41.067281
lacroix,bpt6k3719360n,,failed,0,0,,http_manifest,known,403,manifest,"Client error '403 ' for url 'https://openapiproext.bnf.fr/iiif/presentation/v3/ark:/12148/bpt6k3719360n/manifest.json'
For more information check: https://developer.mozilla.org/en-US/docs/Web/HTTP/Status/403",2026-07-17T19:00:42.292978
lacroix,bpt6k37193612,,failed,0,0,,http_manifest,known,403,manifest,"Client error '403 ' for url 'https://openapiproext.bnf.fr/iiif/presentation/v3/ark:/12148/bpt6k37193612/manifest.json'
For more information check: https://developer.mozilla.org/en-US/docs/Web/HTTP/Status/403",2026-07-17T19:00:43.470602
lacroix,bpt6k3719362g,,failed,0,0,,http_manifest,known,403,manifest,"Client error '403 ' for url 'https://openapiproext.bnf.fr/iiif/presentation/v3/ark:/12148/bpt6k3719362g/manifest.json'
For more information check: https://developer.mozilla.org/en-US/docs/Web/HTTP/Status/403",2026-07-17T19:00:44.670402
lacroix,bpt6k3719363w,,failed,0,0,,http_manifest,known,403,manifest,"Client error '403 ' for url 'https://openapiproext.bnf.fr/iiif/presentation/v3/ark:/12148/bpt6k3719363w/manifest.json'
For more information check: https://developer.mozilla.org/en-US/docs/Web/HTTP/Status/403",2026-07-17T19:00:45.874297
lacroix,bpt6k3720952n,,failed,0,0,,http_manifest,known,403,manifest,"Client error '403 ' for url 'https://openapiproext.bnf.fr/iiif/presentation/v3/ark:/12148/bpt6k3720952n/manifest.json'
For more information check: https://developer.mozilla.org/en-US/docs/Web/HTTP/Status/403",2026-07-17T19:00:47.077082
lacroix,bpt6k3719365q,,failed,0,0,,http_manifest,known,403,manifest,"Client error '403 ' for url 'https://openapiproext.bnf.fr/iiif/presentation/v3/ark:/12148/bpt6k3719365q/manifest.json'
For more information check: https://developer.mozilla.org/en-US/docs/Web/HTTP/Status/403",2026-07-17T19:00:48.273523
lacroix,bpt6k37193664,,failed,0,0,,http_manifest,known,403,manifest,"Client error '403 ' for url 'https://openapiproext.bnf.fr/iiif/presentation/v3/ark:/12148/bpt6k37193664/manifest.json'
For more information check: https://developer.mozilla.org/en-US/docs/Web/HTTP/Status/403",2026-07-17T19:00:49.478172
lacroix,bpt6k3719367j,,failed,0,0,,http_manifest,known,403,manifest,"Client error '403 ' for url 'https://openapiproext.bnf.fr/iiif/presentation/v3/ark:/12148/bpt6k3719367j/manifest.json'
For more information check: https://developer.mozilla.org/en-US/docs/Web/HTTP/Status/403",2026-07-17T19:00:50.678774
lacroix,bpt6k3719368z,,failed,0,0,,http_manifest,known,403,manifest,"Client error '403 ' for url 'https://openapiproext.bnf.fr/iiif/presentation/v3/ark:/12148/bpt6k3719368z/manifest.json'
For more information check: https://developer.mozilla.org/en-US/docs/Web/HTTP/Status/403",2026-07-17T19:00:51.880766
lacroix,bpt6k3719369c,,failed,0,0,,http_manifest,known,403,manifest,"Client error '403 ' for url 'https://openapiproext.bnf.fr/iiif/presentation/v3/ark:/12148/bpt6k3719369c/manifest.json'
For more information check: https://developer.mozilla.org/en-US/docs/Web/HTTP/Status/403",2026-07-17T19:00:53.085566
lacroix,bpt6k37193701,,failed,0,0,,http_manifest,known,403,manifest,"Client error '403 ' for url 'https://openapiproext.bnf.fr/iiif/presentation/v3/ark:/12148/bpt6k37193701/manifest.json'
For more information check: https://developer.mozilla.org/en-US/docs/Web/HTTP/Status/403",2026-07-17T19:00:54.283457
lacroix,bpt6k3719371f,,failed,0,0,,http_manifest,known,403,manifest,"Client error '403 ' for url 'https://openapiproext.bnf.fr/iiif/presentation/v3/ark:/12148/bpt6k3719371f/manifest.json'
For more information check: https://developer.mozilla.org/en-US/docs/Web/HTTP/Status/403",2026-07-17T19:00:55.483720
lacroix,bpt6k3719372v,,failed,0,0,,http_manifest,known,403,manifest,"Client error '403 ' for url 'https://openapiproext.bnf.fr/iiif/presentation/v3/ark:/12148/bpt6k3719372v/manifest.json'
For more information check: https://developer.mozilla.org/en-US/docs/Web/HTTP/Status/403",2026-07-17T19:00:56.689999
lacroix,bpt6k37193738,,failed,0,0,,http_manifest,known,403,manifest,"Client error '403 ' for url 'https://openapiproext.bnf.fr/iiif/presentation/v3/ark:/12148/bpt6k37193738/manifest.json'
For more information check: https://developer.mozilla.org/en-US/docs/Web/HTTP/Status/403",2026-07-17T19:00:58.015210
lacroix,bpt6k3719374p,,failed,0,0,,http_manifest,known,403,manifest,"Client error '403 ' for url 'https://openapiproext.bnf.fr/iiif/presentation/v3/ark:/12148/bpt6k3719374p/manifest.json'
For more information check: https://developer.mozilla.org/en-US/docs/Web/HTTP/Status/403",2026-07-17T19:00:59.180843
lacroix,bpt6k37193753,,failed,0,0,,http_manifest,known,403,manifest,"Client error '403 ' for url 'https://openapiproext.bnf.fr/iiif/presentation/v3/ark:/12148/bpt6k37193753/manifest.json'
For more information check: https://developer.mozilla.org/en-US/docs/Web/HTTP/Status/403",2026-07-17T19:01:00.553870
lacroix,bpt6k3719376h,,failed,0,0,,http_manifest,known,403,manifest,"Client error '403 ' for url 'https://openapiproext.bnf.fr/iiif/presentation/v3/ark:/12148/bpt6k3719376h/manifest.json'
For more information check: https://developer.mozilla.org/en-US/docs/Web/HTTP/Status/403",2026-07-17T19:01:01.639111
lacroix,bpt6k3719377x,,failed,0,0,,http_manifest,known,403,manifest,"Client error '403 ' for url 'https://openapiproext.bnf.fr/iiif/presentation/v3/ark:/12148/bpt6k3719377x/manifest.json'
For more information check: https://developer.mozilla.org/en-US/docs/Web/HTTP/Status/403",2026-07-17T19:01:02.789903
lacroix,bpt6k3719378b,,failed,0,0,,http_manifest,known,403,manifest,"Client error '403 ' for url 'https://openapiproext.bnf.fr/iiif/presentation/v3/ark:/12148/bpt6k3719378b/manifest.json'
For more information check: https://developer.mozilla.org/en-US/docs/Web/HTTP/Status/403",2026-07-17T19:01:03.896869
lacroix,bpt6k3719379r,,failed,0,0,,http_manifest,known,403,manifest,"Client error '403 ' for url 'https://openapiproext.bnf.fr/iiif/presentation/v3/ark:/12148/bpt6k3719379r/manifest.json'
For more information check: https://developer.mozilla.org/en-US/docs/Web/HTTP/Status/403",2026-07-17T19:01:05.273239
lacroix,bpt6k3719380d,,failed,0,0,,http_manifest,known,403,manifest,"Client error '403 ' for url 'https://openapiproext.bnf.fr/iiif/presentation/v3/ark:/12148/bpt6k3719380d/manifest.json'
For more information check: https://developer.mozilla.org/en-US/docs/Web/HTTP/Status/403",2026-07-17T19:01:06.373513
lacroix,bpt6k3719381t,,failed,0,0,,http_manifest,known,403,manifest,"Client error '403 ' for url 'https://openapiproext.bnf.fr/iiif/presentation/v3/ark:/12148/bpt6k3719381t/manifest.json'
For more information check: https://developer.mozilla.org/en-US/docs/Web/HTTP/Status/403",2026-07-17T19:01:07.500903
lacroix,bpt6k37193827,,failed,0,0,,http_manifest,known,403,manifest,"Client error '403 ' for url 'https://openapiproext.bnf.fr/iiif/presentation/v3/ark:/12148/bpt6k37193827/manifest.json'
For more information check: https://developer.mozilla.org/en-US/docs/Web/HTTP/Status/403",2026-07-17T19:01:08.701608
lacroix,bpt6k3719383n,,failed,0,0,,http_manifest,known,403,manifest,"Client error '403 ' for url 'https://openapiproext.bnf.fr/iiif/presentation/v3/ark:/12148/bpt6k3719383n/manifest.json'
For more information check: https://developer.mozilla.org/en-US/docs/Web/HTTP/Status/403",2026-07-17T19:01:09.904758
lacroix,bpt6k37193842,,failed,0,0,,http_manifest,known,403,manifest,"Client error '403 ' for url 'https://openapiproext.bnf.fr/iiif/presentation/v3/ark:/12148/bpt6k37193842/manifest.json'
For more information check: https://developer.mozilla.org/en-US/docs/Web/HTTP/Status/403",2026-07-17T19:01:11.133767
lacroix,bpt6k3719385g,,failed,0,0,,http_manifest,known,403,manifest,"Client error '403 ' for url 'https://openapiproext.bnf.fr/iiif/presentation/v3/ark:/12148/bpt6k3719385g/manifest.json'
For more information check: https://developer.mozilla.org/en-US/docs/Web/HTTP/Status/403",2026-07-17T19:01:12.450114
lacroix,bpt6k3719386w,,failed,0,0,,http_manifest,known,403,manifest,"Client error '403 ' for url 'https://openapiproext.bnf.fr/iiif/presentation/v3/ark:/12148/bpt6k3719386w/manifest.json'
For more information check: https://developer.mozilla.org/en-US/docs/Web/HTTP/Status/403",2026-07-17T19:01:13.763045
lacroix,bpt6k37193879,,failed,0,0,,http_manifest,known,403,manifest,"Client error '403 ' for url 'https://openapiproext.bnf.fr/iiif/presentation/v3/ark:/12148/bpt6k37193879/manifest.json'
For more information check: https://developer.mozilla.org/en-US/docs/Web/HTTP/Status/403",2026-07-17T19:01:14.711136
lacroix,bpt6k3719388q,,failed,0,0,,http_manifest,known,403,manifest,"Client error '403 ' for url 'https://openapiproext.bnf.fr/iiif/presentation/v3/ark:/12148/bpt6k3719388q/manifest.json'
For more information check: https://developer.mozilla.org/en-US/docs/Web/HTTP/Status/403",2026-07-17T19:01:15.913747
lacroix,bpt6k37193894,,failed,0,0,,http_manifest,known,403,manifest,"Client error '403 ' for url 'https://openapiproext.bnf.fr/iiif/presentation/v3/ark:/12148/bpt6k37193894/manifest.json'
For more information check: https://developer.mozilla.org/en-US/docs/Web/HTTP/Status/403",2026-07-17T19:01:17.136637
lacroix,bpt6k3719390s,,failed,0,0,,http_manifest,known,403,manifest,"Client error '403 ' for url 'https://openapiproext.bnf.fr/iiif/presentation/v3/ark:/12148/bpt6k3719390s/manifest.json'
For more information check: https://developer.mozilla.org/en-US/docs/Web/HTTP/Status/403",2026-07-17T19:01:18.424287
lacroix,bpt6k37193916,,failed,0,0,,http_manifest,known,403,manifest,"Client error '403 ' for url 'https://openapiproext.bnf.fr/iiif/presentation/v3/ark:/12148/bpt6k37193916/manifest.json'
For more information check: https://developer.mozilla.org/en-US/docs/Web/HTTP/Status/403",2026-07-17T19:01:19.515068
lacroix,bpt6k3719392m,,failed,0,0,,http_manifest,known,403,manifest,"Client error '403 ' for url 'https://openapiproext.bnf.fr/iiif/presentation/v3/ark:/12148/bpt6k3719392m/manifest.json'
For more information check: https://developer.mozilla.org/en-US/docs/Web/HTTP/Status/403",2026-07-17T19:01:20.719909
lacroix,bpt6k37193931,,failed,0,0,,http_manifest,known,403,manifest,"Client error '403 ' for url 'https://openapiproext.bnf.fr/iiif/presentation/v3/ark:/12148/bpt6k37193931/manifest.json'
For more information check: https://developer.mozilla.org/en-US/docs/Web/HTTP/Status/403",2026-07-17T19:01:21.924065
lacroix,bpt6k3719394f,,failed,0,0,,http_manifest,known,403,manifest,"Client error '403 ' for url 'https://openapiproext.bnf.fr/iiif/presentation/v3/ark:/12148/bpt6k3719394f/manifest.json'
For more information check: https://developer.mozilla.org/en-US/docs/Web/HTTP/Status/403",2026-07-17T19:01:23.122958
lacroix,bpt6k3719395v,,failed,0,0,,http_manifest,known,403,manifest,"Client error '403 ' for url 'https://openapiproext.bnf.fr/iiif/presentation/v3/ark:/12148/bpt6k3719395v/manifest.json'
For more information check: https://developer.mozilla.org/en-US/docs/Web/HTTP/Status/403",2026-07-17T19:01:24.324152
lacroix,bpt6k37193968,,failed,0,0,,http_manifest,known,403,manifest,"Client error '403 ' for url 'https://openapiproext.bnf.fr/iiif/presentation/v3/ark:/12148/bpt6k37193968/manifest.json'
For more information check: https://developer.mozilla.org/en-US/docs/Web/HTTP/Status/403",2026-07-17T19:01:25.525535
lacroix,bpt6k3719397p,,failed,0,0,,http_manifest,known,403,manifest,"Client error '403 ' for url 'https://openapiproext.bnf.fr/iiif/presentation/v3/ark:/12148/bpt6k3719397p/manifest.json'
For more information check: https://developer.mozilla.org/en-US/docs/Web/HTTP/Status/403",2026-07-17T19:01:26.729848
lacroix,bpt6k37193983,,failed,0,0,,http_manifest,known,403,manifest,"Client error '403 ' for url 'https://openapiproext.bnf.fr/iiif/presentation/v3/ark:/12148/bpt6k37193983/manifest.json'
For more information check: https://developer.mozilla.org/en-US/docs/Web/HTTP/Status/403",2026-07-17T19:01:27.929868
lacroix,bpt6k3719399h,,failed,0,0,,http_manifest,known,403,manifest,"Client error '403 ' for url 'https://openapiproext.bnf.fr/iiif/presentation/v3/ark:/12148/bpt6k3719399h/manifest.json'
For more information check: https://developer.mozilla.org/en-US/docs/Web/HTTP/Status/403",2026-07-17T19:01:29.132630
lacroix,bpt6k3719400q,,failed,0,0,,http_manifest,known,403,manifest,"Client error '403 ' for url 'https://openapiproext.bnf.fr/iiif/presentation/v3/ark:/12148/bpt6k3719400q/manifest.json'
For more information check: https://developer.mozilla.org/en-US/docs/Web/HTTP/Status/403",2026-07-17T19:01:30.332907
lacroix,bpt6k37194014,,failed,0,0,,http_manifest,known,403,manifest,"Client error '403 ' for url 'https://openapiproext.bnf.fr/iiif/presentation/v3/ark:/12148/bpt6k37194014/manifest.json'
For more information check: https://developer.mozilla.org/en-US/docs/Web/HTTP/Status/403",2026-07-17T19:01:31.533319
democratiepacifique,bpt6k4768361b,,failed,0,0,,no_usable_pages,known,,,bpt6k4768361b: no usable pages in manifest.,2026-07-17T19:01:31.804304
depechetoulouse,bpt6k4113255w,,failed,0,0,,no_usable_pages,known,,,bpt6k4113255w: no usable pages in manifest.,2026-07-17T19:01:32.066940
depechetoulouse,bpt6k4113293k,,failed,0,0,,no_usable_pages,known,,,bpt6k4113293k: no usable pages in manifest.,2026-07-17T19:01:32.360037
depechetoulouse,bpt6k4115562p,,failed,0,0,,no_usable_pages,known,,,bpt6k4115562p: no usable pages in manifest.,2026-07-17T19:01:32.522168
depechetoulouse,bpt6k4135566w,,failed,0,0,,no_usable_pages,known,,,bpt6k4135566w: no usable pages in manifest.,2026-07-17T19:01:32.784612
depechetoulouse,bpt6k4146154w,,failed,0,0,,no_usable_pages,known,,,bpt6k4146154w: no usable pages in manifest.,2026-07-17T19:01:32.942557
depechetoulouse,bpt6k4146167h,,failed,0,0,,no_usable_pages,known,,,bpt6k4146167h: no usable pages in manifest.,2026-07-17T19:01:33.133196
depechetoulouse,bpt6k41462421,,failed,0,0,,no_usable_pages,known,,,bpt6k41462421: no usable pages in manifest.,2026-07-17T19:01:33.286428
depechetoulouse,bpt6k4146255n,,failed,0,0,,no_usable_pages,known,,,bpt6k4146255n: no usable pages in manifest.,2026-07-17T19:01:33.473402
depechetoulouse,bpt6k4135844b,,failed,0,0,,no_usable_pages,known,,,bpt6k4135844b: no usable pages in manifest.,2026-07-17T19:01:33.919065
depechetoulouse,bpt6k41362094,,failed,0,0,,no_usable_pages,known,,,bpt6k41362094: no usable pages in manifest.,2026-07-17T19:01:34.159451
depechetoulouse,bpt6k4136241b,,failed,0,0,,no_usable_pages,known,,,bpt6k4136241b: no usable pages in manifest.,2026-07-17T19:01:34.307035
depechetoulouse,bpt6k4136271g,,failed,0,0,,no_usable_pages,known,,,bpt6k4136271g: no usable pages in manifest.,2026-07-17T19:01:34.494283
depechetoulouse,bpt6k41363030,,failed,0,0,,no_usable_pages,known,,,bpt6k41363030: no usable pages in manifest.,2026-07-17T19:01:34.663559
depechetoulouse,bpt6k4136334j,,failed,0,0,,no_usable_pages,known,,,bpt6k4136334j: no usable pages in manifest.,2026-07-17T19:01:34.947917
depechetoulouse,bpt6k41363653,,failed,0,0,,no_usable_pages,known,,,bpt6k41363653: no usable pages in manifest.,2026-07-17T19:01:35.089645
depechetoulouse,bpt6k41363972,,failed,0,0,,no_usable_pages,known,,,bpt6k41363972: no usable pages in manifest.,2026-07-17T19:01:35.325629
depechetoulouse,bpt6k4136429k,,failed,0,0,,no_usable_pages,known,,,bpt6k4136429k: no usable pages in manifest.,2026-07-17T19:01:35.479404
depechetoulouse,bpt6k4136461s,,failed,0,0,,no_usable_pages,known,,,bpt6k4136461s: no usable pages in manifest.,2026-07-17T19:01:35.636459
depechetoulouse,bpt6k4136492b,,failed,0,0,,no_usable_pages,known,,,bpt6k4136492b: no usable pages in manifest.,2026-07-17T19:01:35.818694
depechetoulouse,bpt6k4136523f,,failed,0,0,,no_usable_pages,known,,,bpt6k4136523f: no usable pages in manifest.,2026-07-17T19:01:36.047327
depechetoulouse,bpt6k41365540,,failed,0,0,,no_usable_pages,known,,,bpt6k41365540: no usable pages in manifest.,2026-07-17T19:01:36.417418
depechetoulouse,bpt6k4136586z,,failed,0,0,,no_usable_pages,known,,,bpt6k4136586z: no usable pages in manifest.,2026-07-17T19:01:36.581934
depechetoulouse,bpt6k41366172,,failed,0,0,,no_usable_pages,known,,,bpt6k41366172: no usable pages in manifest.,2026-07-17T19:01:36.864576
depechetoulouse,bpt6k4136646s,,failed,0,0,,no_usable_pages,known,,,bpt6k4136646s: no usable pages in manifest.,2026-07-17T19:01:37.102638
depechetoulouse,bpt6k4143811m,,failed,0,0,,no_usable_pages,known,,,bpt6k4143811m: no usable pages in manifest.,2026-07-17T19:01:37.336693
depechetoulouse,bpt6k4143819x,,failed,0,0,,no_usable_pages,known,,,bpt6k4143819x: no usable pages in manifest.,2026-07-17T19:01:37.535369
depechetoulouse,bpt6k41379538,,failed,0,0,,no_usable_pages,known,,,bpt6k41379538: no usable pages in manifest.,2026-07-17T19:01:37.682851
depechetoulouse,bpt6k4138335k,,failed,0,0,,no_usable_pages,known,,,bpt6k4138335k: no usable pages in manifest.,2026-07-17T19:01:37.876997
depechetoulouse,bpt6k4138881j,,failed,0,0,,no_usable_pages,known,,,bpt6k4138881j: no usable pages in manifest.,2026-07-17T19:01:38.039750
lafranceparis,bpt6k1632474r,,failed,0,0,,no_usable_pages,known,,,bpt6k1632474r: no usable pages in manifest.,2026-07-17T19:01:38.792179
lafranceparis,bpt6k16324755,,failed,0,0,,no_usable_pages,known,,,bpt6k16324755: no usable pages in manifest.,2026-07-17T19:01:38.920322
lafranceparis,bpt6k1632476k,,failed,0,0,,no_usable_pages,known,,,bpt6k1632476k: no usable pages in manifest.,2026-07-17T19:01:39.117508
lafranceparis,bpt6k16324770,,failed,0,0,,no_usable_pages,known,,,bpt6k16324770: no usable pages in manifest.,2026-07-17T19:01:39.267125
lafranceparis,bpt6k1632478d,,failed,0,0,,no_usable_pages,known,,,bpt6k1632478d: no usable pages in manifest.,2026-07-17T19:01:39.465257
lafranceparis,bpt6k1632479t,,failed,0,0,,no_usable_pages,known,,,bpt6k1632479t: no usable pages in manifest.,2026-07-17T19:01:39.622535
lafranceparis,bpt6k1632481w,,failed,0,0,,no_usable_pages,known,,,bpt6k1632481w: no usable pages in manifest.,2026-07-17T19:01:39.849421
lafranceparis,bpt6k16324829,,failed,0,0,,no_usable_pages,known,,,bpt6k16324829: no usable pages in manifest.,2026-07-17T19:01:40.015639
lafranceparis,bpt6k1632483q,,failed,0,0,,no_usable_pages,known,,,bpt6k1632483q: no usable pages in manifest.,2026-07-17T19:01:40.243499
lafranceparis,bpt6k16324844,,failed,0,0,,no_usable_pages,known,,,bpt6k16324844: no usable pages in manifest.,2026-07-17T19:01:40.496917
lafranceparis,bpt6k1632487c,,failed,0,0,,no_usable_pages,known,,,bpt6k1632487c: no usable pages in manifest.,2026-07-17T19:01:40.768911
lafranceparis,bpt6k1632488s,,failed,0,0,,no_usable_pages,known,,,bpt6k1632488s: no usable pages in manifest.,2026-07-17T19:01:40.993890
lafranceparis,bpt6k16324896,,failed,0,0,,no_usable_pages,known,,,bpt6k16324896: no usable pages in manifest.,2026-07-17T19:01:41.240538
lafranceparis,bpt6k16324918,,failed,0,0,,no_usable_pages,known,,,bpt6k16324918: no usable pages in manifest.,2026-07-17T19:01:41.445618
lafranceparis,bpt6k1632492p,,failed,0,0,,no_usable_pages,known,,,bpt6k1632492p: no usable pages in manifest.,2026-07-17T19:01:41.685474
lafranceparis,bpt6k4743678j,,failed,0,0,,no_usable_pages,known,,,bpt6k4743678j: no usable pages in manifest.,2026-07-17T19:01:41.826928
lafranceparis,bpt6k4743679z,,failed,0,0,,no_usable_pages,known,,,bpt6k4743679z: no usable pages in manifest.,2026-07-17T19:01:41.986482
lafranceparis,bpt6k4743680m,,failed,0,0,,no_usable_pages,known,,,bpt6k4743680m: no usable pages in manifest.,2026-07-17T19:01:42.109224
lafranceparis,bpt6k1632906n,,failed,0,0,,no_usable_pages,known,,,bpt6k1632906n: no usable pages in manifest.,2026-07-17T19:01:42.300240
lafranceparis,bpt6k16329072,,failed,0,0,,no_usable_pages,known,,,bpt6k16329072: no usable pages in manifest.,2026-07-17T19:01:42.415210
lafranceparis,bpt6k4743682f,,failed,0,0,,no_usable_pages,known,,,bpt6k4743682f: no usable pages in manifest.,2026-07-17T19:01:42.550121
lafranceparis,bpt6k1632908g,,failed,0,0,,no_usable_pages,known,,,bpt6k1632908g: no usable pages in manifest.,2026-07-17T19:01:42.722152
lafranceparis,bpt6k1632909w,,failed,0,0,,no_usable_pages,known,,,bpt6k1632909w: no usable pages in manifest.,2026-07-17T19:01:42.975126
lafranceparis,bpt6k4743683v,,failed,0,0,,no_usable_pages,known,,,bpt6k4743683v: no usable pages in manifest.,2026-07-17T19:01:43.222643
lafranceparis,bpt6k1632910j,,failed,0,0,,no_usable_pages,known,,,bpt6k1632910j: no usable pages in manifest.,2026-07-17T19:01:43.407585
lafranceparis,bpt6k47436848,,failed,0,0,,no_usable_pages,known,,,bpt6k47436848: no usable pages in manifest.,2026-07-17T19:01:43.565764
lafranceparis,bpt6k4743685p,,failed,0,0,,no_usable_pages,known,,,bpt6k4743685p: no usable pages in manifest.,2026-07-17T19:01:43.768421
lafranceparis,bpt6k1632911z,,failed,0,0,,no_usable_pages,known,,,bpt6k1632911z: no usable pages in manifest.,2026-07-17T19:01:43.866349
lafranceparis,bpt6k1632912c,,failed,0,0,,no_usable_pages,known,,,bpt6k1632912c: no usable pages in manifest.,2026-07-17T19:01:43.984552
lafranceparis,bpt6k47436863,,failed,0,0,,no_usable_pages,known,,,bpt6k47436863: no usable pages in manifest.,2026-07-17T19:01:44.163153
lafranceparis,bpt6k16329146,,failed,0,0,,no_usable_pages,known,,,bpt6k16329146: no usable pages in manifest.,2026-07-17T19:01:44.309180
lafranceparis,bpt6k4743317t,,failed,0,0,,no_usable_pages,known,,,bpt6k4743317t: no usable pages in manifest.,2026-07-17T19:01:44.468680
lafranceparis,bpt6k16332677,,failed,0,0,,no_usable_pages,known,,,bpt6k16332677: no usable pages in manifest.,2026-07-17T19:01:44.688083
lafranceparis,bpt6k4743319n,,failed,0,0,,no_usable_pages,known,,,bpt6k4743319n: no usable pages in manifest.,2026-07-17T19:01:44.897222
lafranceparis,bpt6k1633268n,,failed,0,0,,no_usable_pages,known,,,bpt6k1633268n: no usable pages in manifest.,2026-07-17T19:01:45.121660
lafranceparis,bpt6k47433209,,failed,0,0,,no_usable_pages,known,,,bpt6k47433209: no usable pages in manifest.,2026-07-17T19:01:45.366045
lafranceparis,bpt6k16332692,,failed,0,0,,no_usable_pages,known,,,bpt6k16332692: no usable pages in manifest.,2026-07-17T19:01:45.488614
lafranceparis,bpt6k4743321q,,failed,0,0,,no_usable_pages,known,,,bpt6k4743321q: no usable pages in manifest.,2026-07-17T19:01:45.634530
lafranceparis,bpt6k1633270q,,failed,0,0,,no_usable_pages,known,,,bpt6k1633270q: no usable pages in manifest.,2026-07-17T19:01:45.798551
lafranceparis,bpt6k47433224,,failed,0,0,,no_usable_pages,known,,,bpt6k47433224: no usable pages in manifest.,2026-07-17T19:01:46.002901
lafranceparis,bpt6k16332714,,failed,0,0,,no_usable_pages,known,,,bpt6k16332714: no usable pages in manifest.,2026-07-17T19:01:46.128554
lafranceparis,bpt6k4743323j,,failed,0,0,,no_usable_pages,known,,,bpt6k4743323j: no usable pages in manifest.,2026-07-17T19:01:46.262623
lafranceparis,bpt6k1633272j,,failed,0,0,,no_usable_pages,known,,,bpt6k1633272j: no usable pages in manifest.,2026-07-17T19:01:46.416232
lafranceparis,bpt6k4743324z,,failed,0,0,,no_usable_pages,known,,,bpt6k4743324z: no usable pages in manifest.,2026-07-17T19:01:46.543070
lafranceparis,bpt6k4743325c,,failed,0,0,,no_usable_pages,known,,,bpt6k4743325c: no usable pages in manifest.,2026-07-17T19:01:46.631505
lafranceparis,bpt6k4743326s,,failed,0,0,,no_usable_pages,known,,,bpt6k4743326s: no usable pages in manifest.,2026-07-17T19:01:46.725909
lafranceparis,bpt6k1633275s,,failed,0,0,,no_usable_pages,known,,,bpt6k1633275s: no usable pages in manifest.,2026-07-17T19:01:46.860374
lafranceparis,bpt6k47433276,,failed,0,0,,no_usable_pages,known,,,bpt6k47433276: no usable pages in manifest.,2026-07-17T19:01:47.008055
lafranceparis,bpt6k16332766,,failed,0,0,,no_usable_pages,known,,,bpt6k16332766: no usable pages in manifest.,2026-07-17T19:01:47.212700
lafranceparis,bpt6k4743328m,,failed,0,0,,no_usable_pages,known,,,bpt6k4743328m: no usable pages in manifest.,2026-07-17T19:01:47.473909
lafranceparis,bpt6k1633277m,,failed,0,0,,no_usable_pages,known,,,bpt6k1633277m: no usable pages in manifest.,2026-07-17T19:01:47.654656
lafranceparis,bpt6k47433291,,failed,0,0,,no_usable_pages,known,,,bpt6k47433291: no usable pages in manifest.,2026-07-17T19:01:47.851336
lafranceparis,bpt6k16332781,,failed,0,0,,no_usable_pages,known,,,bpt6k16332781: no usable pages in manifest.,2026-07-17T19:01:48.086567
lafranceparis,bpt6k4743330p,,failed,0,0,,no_usable_pages,known,,,bpt6k4743330p: no usable pages in manifest.,2026-07-17T19:01:48.238619
lafranceparis,bpt6k1633279f,,failed,0,0,,no_usable_pages,known,,,bpt6k1633279f: no usable pages in manifest.,2026-07-17T19:01:48.374275
lafranceparis,bpt6k47425428,,failed,0,0,,no_usable_pages,known,,,bpt6k47425428: no usable pages in manifest.,2026-07-17T19:01:48.556688
lafranceparis,bpt6k4742543p,,failed,0,0,,no_usable_pages,known,,,bpt6k4742543p: no usable pages in manifest.,2026-07-17T19:01:48.749762
lafranceparis,bpt6k16335945,,failed,0,0,,no_usable_pages,known,,,bpt6k16335945: no usable pages in manifest.,2026-07-17T19:01:48.953173
lafranceparis,bpt6k47425443,,failed,0,0,,no_usable_pages,known,,,bpt6k47425443: no usable pages in manifest.,2026-07-17T19:01:49.184363
lafranceparis,bpt6k4742545h,,failed,0,0,,no_usable_pages,known,,,bpt6k4742545h: no usable pages in manifest.,2026-07-17T19:01:49.370637
lafranceparis,bpt6k1633595k,,failed,0,0,,no_usable_pages,known,,,bpt6k1633595k: no usable pages in manifest.,2026-07-17T19:01:49.522064
lafranceparis,bpt6k16335960,,failed,0,0,,no_usable_pages,known,,,bpt6k16335960: no usable pages in manifest.,2026-07-17T19:01:49.755293
lafranceparis,bpt6k4742546x,,failed,0,0,,no_usable_pages,known,,,bpt6k4742546x: no usable pages in manifest.,2026-07-17T19:01:49.914895
lafranceparis,bpt6k1633597d,,failed,0,0,,no_usable_pages,known,,,bpt6k1633597d: no usable pages in manifest.,2026-07-17T19:01:50.046345
lafranceparis,bpt6k1633598t,,failed,0,0,,no_usable_pages,known,,,bpt6k1633598t: no usable pages in manifest.,2026-07-17T19:01:50.230578
lafranceparis,bpt6k4742548r,,failed,0,0,,no_usable_pages,known,,,bpt6k4742548r: no usable pages in manifest.,2026-07-17T19:01:50.405228
lafranceparis,bpt6k16335997,,failed,0,0,,no_usable_pages,known,,,bpt6k16335997: no usable pages in manifest.,2026-07-17T19:01:50.582183
lafranceparis,bpt6k47425495,,failed,0,0,,no_usable_pages,known,,,bpt6k47425495: no usable pages in manifest.,2026-07-17T19:01:50.807309
lafranceparis,bpt6k1633600f,,failed,0,0,,no_usable_pages,known,,,bpt6k1633600f: no usable pages in manifest.,2026-07-17T19:01:50.938194
lafranceparis,bpt6k4742550t,,failed,0,0,,no_usable_pages,known,,,bpt6k4742550t: no usable pages in manifest.,2026-07-17T19:01:51.087425
lafranceparis,bpt6k47425517,,failed,0,0,,no_usable_pages,known,,,bpt6k47425517: no usable pages in manifest.,2026-07-17T19:01:51.235856
lafranceparis,bpt6k1633601v,,failed,0,0,,no_usable_pages,known,,,bpt6k1633601v: no usable pages in manifest.,2026-07-17T19:01:51.375095
lafranceparis,bpt6k4742552n,,failed,0,0,,no_usable_pages,known,,,bpt6k4742552n: no usable pages in manifest.,2026-07-17T19:01:51.556571
lafranceparis,bpt6k47429009,,failed,0,0,,no_usable_pages,known,,,bpt6k47429009: no usable pages in manifest.,2026-07-17T19:01:51.718160
lafranceparis,bpt6k4742901q,,failed,0,0,,no_usable_pages,known,,,bpt6k4742901q: no usable pages in manifest.,2026-07-17T19:01:51.942572
lafranceparis,bpt6k1633955f,,failed,0,0,,no_usable_pages,known,,,bpt6k1633955f: no usable pages in manifest.,2026-07-17T19:01:52.070331
lafranceparis,bpt6k1633956v,,failed,0,0,,no_usable_pages,known,,,bpt6k1633956v: no usable pages in manifest.,2026-07-17T19:01:52.278311
lafranceparis,bpt6k47429024,,failed,0,0,,no_usable_pages,known,,,bpt6k47429024: no usable pages in manifest.,2026-07-17T19:01:52.408253
lafranceparis,bpt6k4742903j,,failed,0,0,,no_usable_pages,known,,,bpt6k4742903j: no usable pages in manifest.,2026-07-17T19:01:52.551200
lafranceparis,bpt6k16339578,,failed,0,0,,no_usable_pages,known,,,bpt6k16339578: no usable pages in manifest.,2026-07-17T19:01:52.688201
lafranceparis,bpt6k1633958p,,failed,0,0,,no_usable_pages,known,,,bpt6k1633958p: no usable pages in manifest.,2026-07-17T19:01:52.822599
lafranceparis,bpt6k4742904z,,failed,0,0,,no_usable_pages,known,,,bpt6k4742904z: no usable pages in manifest.,2026-07-17T19:01:53.018232
lafranceparis,bpt6k16339593,,failed,0,0,,no_usable_pages,known,,,bpt6k16339593: no usable pages in manifest.,2026-07-17T19:01:53.184647
lafranceparis,bpt6k4742905c,,failed,0,0,,no_usable_pages,known,,,bpt6k4742905c: no usable pages in manifest.,2026-07-17T19:01:53.384535
lafranceparis,bpt6k1633960r,,failed,0,0,,no_usable_pages,known,,,bpt6k1633960r: no usable pages in manifest.,2026-07-17T19:01:53.506297
lafranceparis,bpt6k4742906s,,failed,0,0,,no_usable_pages,known,,,bpt6k4742906s: no usable pages in manifest.,2026-07-17T19:01:53.653185
lafranceparis,bpt6k16339615,,failed,0,0,,no_usable_pages,known,,,bpt6k16339615: no usable pages in manifest.,2026-07-17T19:01:53.790666
lafranceparis,bpt6k47429076,,failed,0,0,,no_usable_pages,known,,,bpt6k47429076: no usable pages in manifest.,2026-07-17T19:01:53.965484
lafranceparis,bpt6k4742908m,,failed,0,0,,no_usable_pages,known,,,bpt6k4742908m: no usable pages in manifest.,2026-07-17T19:01:54.180930
lafranceparis,bpt6k1633962k,,failed,0,0,,no_usable_pages,known,,,bpt6k1633962k: no usable pages in manifest.,2026-07-17T19:01:54.316196
lafranceparis,bpt6k47429091,,failed,0,0,,no_usable_pages,known,,,bpt6k47429091: no usable pages in manifest.,2026-07-17T19:01:54.539115
lafranceparis,bpt6k16339630,,failed,0,0,,no_usable_pages,known,,,bpt6k16339630: no usable pages in manifest.,2026-07-17T19:01:54.686041
lafranceparis,bpt6k4742910p,,failed,0,0,,no_usable_pages,known,,,bpt6k4742910p: no usable pages in manifest.,2026-07-17T19:01:54.848377
lafranceparis,bpt6k1634312x,,failed,0,0,,no_usable_pages,known,,,bpt6k1634312x: no usable pages in manifest.,2026-07-17T19:01:54.988701
lafranceparis,bpt6k1634313b,,failed,0,0,,no_usable_pages,known,,,bpt6k1634313b: no usable pages in manifest.,2026-07-17T19:01:55.174339
lafranceparis,bpt6k4743985q,,failed,0,0,,no_usable_pages,known,,,bpt6k4743985q: no usable pages in manifest.,2026-07-17T19:01:55.305147
lafranceparis,bpt6k1634314r,,failed,0,0,,no_usable_pages,known,,,bpt6k1634314r: no usable pages in manifest.,2026-07-17T19:01:55.454656
lafranceparis,bpt6k47439864,,failed,0,0,,no_usable_pages,known,,,bpt6k47439864: no usable pages in manifest.,2026-07-17T19:01:55.685223
lafranceparis,bpt6k16343155,,failed,0,0,,no_usable_pages,known,,,bpt6k16343155: no usable pages in manifest.,2026-07-17T19:01:55.815889
lafranceparis,bpt6k1634318d,,failed,0,0,,no_usable_pages,known,,,bpt6k1634318d: no usable pages in manifest.,2026-07-17T19:01:55.982014
lafranceparis,bpt6k4743989c,,failed,0,0,,no_usable_pages,known,,,bpt6k4743989c: no usable pages in manifest.,2026-07-17T19:01:56.256033
lafranceparis,bpt6k1634319t,,failed,0,0,,no_usable_pages,known,,,bpt6k1634319t: no usable pages in manifest.,2026-07-17T19:01:56.400032
lafranceparis,bpt6k47439901,,failed,0,0,,no_usable_pages,known,,,bpt6k47439901: no usable pages in manifest.,2026-07-17T19:01:56.518306
lafranceparis,bpt6k4743991f,,failed,0,0,,no_usable_pages,known,,,bpt6k4743991f: no usable pages in manifest.,2026-07-17T19:01:56.684381
lafranceparis,bpt6k16343229,,failed,0,0,,no_usable_pages,known,,,bpt6k16343229: no usable pages in manifest.,2026-07-17T19:01:56.852458
lafranceparis,bpt6k1634673n,,failed,0,0,,no_usable_pages,known,,,bpt6k1634673n: no usable pages in manifest.,2026-07-17T19:01:56.984735
lafranceparis,bpt6k4744345f,,failed,0,0,,no_usable_pages,known,,,bpt6k4744345f: no usable pages in manifest.,2026-07-17T19:01:57.128243
lafranceparis,bpt6k1634675g,,failed,0,0,,no_usable_pages,known,,,bpt6k1634675g: no usable pages in manifest.,2026-07-17T19:01:57.461762
lafranceparis,bpt6k4744346v,,failed,0,0,,no_usable_pages,known,,,bpt6k4744346v: no usable pages in manifest.,2026-07-17T19:01:57.602334
lafranceparis,bpt6k1634676w,,failed,0,0,,no_usable_pages,known,,,bpt6k1634676w: no usable pages in manifest.,2026-07-17T19:01:57.776652
lafranceparis,bpt6k47443478,,failed,0,0,,no_usable_pages,known,,,bpt6k47443478: no usable pages in manifest.,2026-07-17T19:01:57.918797
lafranceparis,bpt6k16346779,,failed,0,0,,no_usable_pages,known,,,bpt6k16346779: no usable pages in manifest.,2026-07-17T19:01:58.023492
lafranceparis,bpt6k4744348p,,failed,0,0,,no_usable_pages,known,,,bpt6k4744348p: no usable pages in manifest.,2026-07-17T19:01:58.195199
lafranceparis,bpt6k1634678q,,failed,0,0,,no_usable_pages,known,,,bpt6k1634678q: no usable pages in manifest.,2026-07-17T19:01:58.376925
lafranceparis,bpt6k16346794,,failed,0,0,,no_usable_pages,known,,,bpt6k16346794: no usable pages in manifest.,2026-07-17T19:01:58.548895
lafranceparis,bpt6k4744350r,,failed,0,0,,no_usable_pages,known,,,bpt6k4744350r: no usable pages in manifest.,2026-07-17T19:01:58.699105
lafranceparis,bpt6k47443515,,failed,0,0,,no_usable_pages,known,,,bpt6k47443515: no usable pages in manifest.,2026-07-17T19:01:58.881954
lafranceparis,bpt6k16346816,,failed,0,0,,no_usable_pages,known,,,bpt6k16346816: no usable pages in manifest.,2026-07-17T19:01:58.991606
lafranceparis,bpt6k4744352k,,failed,0,0,,no_usable_pages,known,,,bpt6k4744352k: no usable pages in manifest.,2026-07-17T19:01:59.153747
lafranceparis,bpt6k47443530,,failed,0,0,,no_usable_pages,known,,,bpt6k47443530: no usable pages in manifest.,2026-07-17T19:01:59.265096
lafranceparis,bpt6k1634682m,,failed,0,0,,no_usable_pages,known,,,bpt6k1634682m: no usable pages in manifest.,2026-07-17T19:01:59.516740
lafranceparis,bpt6k16346831,,failed,0,0,,no_usable_pages,known,,,bpt6k16346831: no usable pages in manifest.,2026-07-17T19:01:59.677580
lafranceparis,bpt6k4744355t,,failed,0,0,,no_usable_pages,known,,,bpt6k4744355t: no usable pages in manifest.,2026-07-17T19:02:00.019051
lafranceparis,bpt6k1634684f,,failed,0,0,,no_usable_pages,known,,,bpt6k1634684f: no usable pages in manifest.,2026-07-17T19:02:00.140313
lafranceparis,bpt6k1634685v,,failed,0,0,,no_usable_pages,known,,,bpt6k1634685v: no usable pages in manifest.,2026-07-17T19:02:00.277259
lafranceparis,bpt6k47443567,,failed,0,0,,no_usable_pages,known,,,bpt6k47443567: no usable pages in manifest.,2026-07-17T19:02:00.468661
lafranceparis,bpt6k16346868,,failed,0,0,,no_usable_pages,known,,,bpt6k16346868: no usable pages in manifest.,2026-07-17T19:02:00.602572
lafranceparis,bpt6k4744357n,,failed,0,0,,no_usable_pages,known,,,bpt6k4744357n: no usable pages in manifest.,2026-07-17T19:02:00.743111
lajustice,bpt6k7707568,,failed,0,0,,no_usable_pages,known,,,bpt6k7707568: no usable pages in manifest.,2026-07-17T19:02:01.103302
lajustice,bpt6k770815t,,failed,0,0,,no_usable_pages,known,,,bpt6k770815t: no usable pages in manifest.,2026-07-17T19:02:01.240212
lajustice,bpt6k771021f,,failed,0,0,,no_usable_pages,known,,,bpt6k771021f: no usable pages in manifest.,2026-07-17T19:02:01.420844
lajustice,bpt6k773796g,,failed,0,0,,no_usable_pages,known,,,bpt6k773796g: no usable pages in manifest.,2026-07-17T19:02:01.668011
lajustice,bpt6k8278588,,failed,0,0,,no_usable_pages,known,,,bpt6k8278588: no usable pages in manifest.,2026-07-17T19:02:01.902910
lajustice,bpt6k827859n,,failed,0,0,,no_usable_pages,known,,,bpt6k827859n: no usable pages in manifest.,2026-07-17T19:02:02.081932
lajustice,bpt6k827860k,,failed,0,0,,no_usable_pages,known,,,bpt6k827860k: no usable pages in manifest.,2026-07-17T19:02:02.215847
lajustice,bpt6k827861z,,failed,0,0,,no_usable_pages,known,,,bpt6k827861z: no usable pages in manifest.,2026-07-17T19:02:02.340952
lajustice,bpt6k827862b,,failed,0,0,,no_usable_pages,known,,,bpt6k827862b: no usable pages in manifest.,2026-07-17T19:02:02.482484
lajustice,bpt6k827863q,,failed,0,0,,no_usable_pages,known,,,bpt6k827863q: no usable pages in manifest.,2026-07-17T19:02:02.675507
lajustice,bpt6k8278643,,failed,0,0,,no_usable_pages,known,,,bpt6k8278643: no usable pages in manifest.,2026-07-17T19:02:02.829775
lajustice,bpt6k827865g,,failed,0,0,,no_usable_pages,known,,,bpt6k827865g: no usable pages in manifest.,2026-07-17T19:02:03.022802
lajustice,bpt6k827866v,,failed,0,0,,no_usable_pages,known,,,bpt6k827866v: no usable pages in manifest.,2026-07-17T19:02:03.147771
lajustice,bpt6k8278677,,failed,0,0,,no_usable_pages,known,,,bpt6k8278677: no usable pages in manifest.,2026-07-17T19:02:03.306647
lajustice,bpt6k8279665,,failed,0,0,,no_usable_pages,known,,,bpt6k8279665: no usable pages in manifest.,2026-07-17T19:02:03.468261
lajustice,bpt6k828103r,,failed,0,0,,no_usable_pages,known,,,bpt6k828103r: no usable pages in manifest.,2026-07-17T19:02:03.777020
lajustice,bpt6k8281044,,failed,0,0,,no_usable_pages,known,,,bpt6k8281044: no usable pages in manifest.,2026-07-17T19:02:03.963463
lajustice,bpt6k828179f,,failed,0,0,,no_usable_pages,known,,,bpt6k828179f: no usable pages in manifest.,2026-07-17T19:02:04.104849
lajustice,bpt6k828234g,,failed,0,0,,no_usable_pages,known,,,bpt6k828234g: no usable pages in manifest.,2026-07-17T19:02:04.338470
lajustice,bpt6k828273g,,failed,0,0,,no_usable_pages,known,,,bpt6k828273g: no usable pages in manifest.,2026-07-17T19:02:04.493337
lajustice,bpt6k828322p,,failed,0,0,,no_usable_pages,known,,,bpt6k828322p: no usable pages in manifest.,2026-07-17T19:02:04.699669
lajustice,bpt6k828357m,,failed,0,0,,no_usable_pages,known,,,bpt6k828357m: no usable pages in manifest.,2026-07-17T19:02:05.037008
lajustice,bpt6k8283779,,failed,0,0,,no_usable_pages,known,,,bpt6k8283779: no usable pages in manifest.,2026-07-17T19:02:05.223160
lajustice,bpt6k8283970,,failed,0,0,,no_usable_pages,known,,,bpt6k8283970: no usable pages in manifest.,2026-07-17T19:02:05.471906
lajustice,bpt6k828417j,,failed,0,0,,no_usable_pages,known,,,bpt6k828417j: no usable pages in manifest.,2026-07-17T19:02:05.644526
lajustice,bpt6k828442p,,failed,0,0,,no_usable_pages,known,,,bpt6k828442p: no usable pages in manifest.,2026-07-17T19:02:05.816103
lajustice,bpt6k828457x,,failed,0,0,,no_usable_pages,known,,,bpt6k828457x: no usable pages in manifest.,2026-07-17T19:02:06.005672
lajustice,bpt6k828477m,,failed,0,0,,no_usable_pages,known,,,bpt6k828477m: no usable pages in manifest.,2026-07-17T19:02:06.164321
lajustice,bpt6k8284979,,failed,0,0,,no_usable_pages,known,,,bpt6k8284979: no usable pages in manifest.,2026-07-17T19:02:06.277992
lajustice,bpt6k828517v,,failed,0,0,,no_usable_pages,known,,,bpt6k828517v: no usable pages in manifest.,2026-07-17T19:02:06.434745
lajustice,bpt6k828537j,,failed,0,0,,no_usable_pages,known,,,bpt6k828537j: no usable pages in manifest.,2026-07-17T19:02:06.606924
lajustice,bpt6k8285577,,failed,0,0,,no_usable_pages,known,,,bpt6k8285577: no usable pages in manifest.,2026-07-17T19:02:06.786488
lajustice,bpt6k828577x,,failed,0,0,,no_usable_pages,known,,,bpt6k828577x: no usable pages in manifest.,2026-07-17T19:02:06.949184
lajustice,bpt6k828597m,,failed,0,0,,no_usable_pages,known,,,bpt6k828597m: no usable pages in manifest.,2026-07-17T19:02:07.167805
lajustice,bpt6k8286175,,failed,0,0,,no_usable_pages,known,,,bpt6k8286175: no usable pages in manifest.,2026-07-17T19:02:07.343672
lajustice,bpt6k828637v,,failed,0,0,,no_usable_pages,known,,,bpt6k828637v: no usable pages in manifest.,2026-07-17T19:02:07.535641
lajustice,bpt6k828657j,,failed,0,0,,no_usable_pages,known,,,bpt6k828657j: no usable pages in manifest.,2026-07-17T19:02:07.718109
lajustice,bpt6k828678m,,failed,0,0,,no_usable_pages,known,,,bpt6k828678m: no usable pages in manifest.,2026-07-17T19:02:07.850237
lajustice,bpt6k8287629,,failed,0,0,,no_usable_pages,known,,,bpt6k8287629: no usable pages in manifest.,2026-07-17T19:02:08.062951
lajustice,bpt6k8287718,,failed,0,0,,no_usable_pages,known,,,bpt6k8287718: no usable pages in manifest.,2026-07-17T19:02:08.217457
lajustice,bpt6k8287799,,failed,0,0,,no_usable_pages,known,,,bpt6k8287799: no usable pages in manifest.,2026-07-17T19:02:08.395706
lajustice,bpt6k8288185,,failed,0,0,,no_usable_pages,known,,,bpt6k8288185: no usable pages in manifest.,2026-07-17T19:02:08.656324
lajustice,bpt6k828867h,,failed,0,0,,no_usable_pages,known,,,bpt6k828867h: no usable pages in manifest.,2026-07-17T19:02:08.837611
lajustice,bpt6k828922j,,failed,0,0,,no_usable_pages,known,,,bpt6k828922j: no usable pages in manifest.,2026-07-17T19:02:08.992075
lajustice,bpt6k828967t,,failed,0,0,,no_usable_pages,known,,,bpt6k828967t: no usable pages in manifest.,2026-07-17T19:02:09.146496
lajustice,bpt6k829194h,,failed,0,0,,no_usable_pages,known,,,bpt6k829194h: no usable pages in manifest.,2026-07-17T19:02:09.329475
lajustice,bpt6k829215f,,failed,0,0,,no_usable_pages,known,,,bpt6k829215f: no usable pages in manifest.,2026-07-17T19:02:09.425914
lajustice,bpt6k829218k,,failed,0,0,,no_usable_pages,known,,,bpt6k829218k: no usable pages in manifest.,2026-07-17T19:02:09.556410
lajustice,bpt6k829267x,,failed,0,0,,no_usable_pages,known,,,bpt6k829267x: no usable pages in manifest.,2026-07-17T19:02:09.748467
lajustice,bpt6k829460w,,failed,0,0,,no_usable_pages,known,,,bpt6k829460w: no usable pages in manifest.,2026-07-17T19:02:09.949680
lajustice,bpt6k829725b,,failed,0,0,,no_usable_pages,known,,,bpt6k829725b: no usable pages in manifest.,2026-07-17T19:02:10.090525
lajustice,bpt6k8298159,,failed,0,0,,no_usable_pages,known,,,bpt6k8298159: no usable pages in manifest.,2026-07-17T19:02:10.231976
lajustice,bpt6k829816p,,failed,0,0,,no_usable_pages,known,,,bpt6k829816p: no usable pages in manifest.,2026-07-17T19:02:10.440546
lajustice,bpt6k829818f,,failed,0,0,,no_usable_pages,known,,,bpt6k829818f: no usable pages in manifest.,2026-07-17T19:02:10.564667
lajustice,bpt6k829960f,,failed,0,0,,no_usable_pages,known,,,bpt6k829960f: no usable pages in manifest.,2026-07-17T19:02:10.786209
lajustice,bpt6k830059g,,failed,0,0,,no_usable_pages,known,,,bpt6k830059g: no usable pages in manifest.,2026-07-17T19:02:11.068937
laliberte,bpt6k4778719d,,failed,0,0,,no_usable_pages,known,,,bpt6k4778719d: no usable pages in manifest.,2026-07-17T19:02:11.376219
laliberte,bpt6k47789586,,failed,0,0,,no_usable_pages,known,,,bpt6k47789586: no usable pages in manifest.,2026-07-17T19:02:11.579272
laliberte,bpt6k4779004v,,failed,0,0,,no_usable_pages,known,,,bpt6k4779004v: no usable pages in manifest.,2026-07-17T19:02:11.764045
laliberte,bpt6k4789130z,,failed,0,0,,no_usable_pages,known,,,bpt6k4789130z: no usable pages in manifest.,2026-07-17T19:02:12.032552
laliberte,bpt6k4789178s,,failed,0,0,,no_usable_pages,known,,,bpt6k4789178s: no usable pages in manifest.,2026-07-17T19:02:12.176602
laliberte,bpt6k4789198j,,failed,0,0,,no_usable_pages,known,,,bpt6k4789198j: no usable pages in manifest.,2026-07-17T19:02:12.357646
laliberte,bpt6k47884951,,failed,0,0,,no_usable_pages,known,,,bpt6k47884951: no usable pages in manifest.,2026-07-17T19:02:12.652135
laliberte,bpt6k4788647n,,failed,0,0,,no_usable_pages,known,,,bpt6k4788647n: no usable pages in manifest.,2026-07-17T19:02:12.828940
laliberte,bpt6k47984744,,failed,0,0,,no_usable_pages,known,,,bpt6k47984744: no usable pages in manifest.,2026-07-17T19:02:13.116931
laliberte,bpt6k3480507c,,failed,0,0,,no_usable_pages,known,,,bpt6k3480507c: no usable pages in manifest.,2026-07-17T19:02:13.290952
laliberte,bpt6k3480508s,,failed,0,0,,no_usable_pages,known,,,bpt6k3480508s: no usable pages in manifest.,2026-07-17T19:02:13.450648
laliberte,bpt6k34805096,,failed,0,0,,no_usable_pages,known,,,bpt6k34805096: no usable pages in manifest.,2026-07-17T19:02:13.609769
laliberte,bpt6k3480510v,,failed,0,0,,no_usable_pages,known,,,bpt6k3480510v: no usable pages in manifest.,2026-07-17T19:02:13.853398
laliberte,bpt6k4798478s,,failed,0,0,,no_usable_pages,known,,,bpt6k4798478s: no usable pages in manifest.,2026-07-17T19:02:14.013602
laliberte,bpt6k34805118,,failed,0,0,,no_usable_pages,known,,,bpt6k34805118: no usable pages in manifest.,2026-07-17T19:02:14.192932
laliberte,bpt6k3480512p,,failed,0,0,,no_usable_pages,known,,,bpt6k3480512p: no usable pages in manifest.,2026-07-17T19:02:14.294594
laliberte,bpt6k4798480v,,failed,0,0,,no_usable_pages,known,,,bpt6k4798480v: no usable pages in manifest.,2026-07-17T19:02:14.467176
laliberte,bpt6k34805133,,failed,0,0,,no_usable_pages,known,,,bpt6k34805133: no usable pages in manifest.,2026-07-17T19:02:14.627552
laliberte,bpt6k47984818,,failed,0,0,,no_usable_pages,known,,,bpt6k47984818: no usable pages in manifest.,2026-07-17T19:02:14.842966
laliberte,bpt6k3480514h,,failed,0,0,,no_usable_pages,known,,,bpt6k3480514h: no usable pages in manifest.,2026-07-17T19:02:14.975639
laliberte,bpt6k4798482p,,failed,0,0,,no_usable_pages,known,,,bpt6k4798482p: no usable pages in manifest.,2026-07-17T19:02:15.119132
laliberte,bpt6k3480515x,,failed,0,0,,no_usable_pages,known,,,bpt6k3480515x: no usable pages in manifest.,2026-07-17T19:02:15.278944
laliberte,bpt6k4794360h,,failed,0,0,,no_usable_pages,known,,,bpt6k4794360h: no usable pages in manifest.,2026-07-17T19:02:15.490535
laliberte,bpt6k3480896d,,failed,0,0,,no_usable_pages,known,,,bpt6k3480896d: no usable pages in manifest.,2026-07-17T19:02:15.640314
laliberte,bpt6k3480897t,,failed,0,0,,no_usable_pages,known,,,bpt6k3480897t: no usable pages in manifest.,2026-07-17T19:02:15.775875
laliberte,bpt6k34808987,,failed,0,0,,no_usable_pages,known,,,bpt6k34808987: no usable pages in manifest.,2026-07-17T19:02:15.919161
laliberte,bpt6k3480899n,,failed,0,0,,no_usable_pages,known,,,bpt6k3480899n: no usable pages in manifest.,2026-07-17T19:02:16.018144
laliberte,bpt6k47943645,,failed,0,0,,no_usable_pages,known,,,bpt6k47943645: no usable pages in manifest.,2026-07-17T19:02:16.147993
laliberte,bpt6k4794365k,,failed,0,0,,no_usable_pages,known,,,bpt6k4794365k: no usable pages in manifest.,2026-07-17T19:02:16.375296
laliberte,bpt6k3480900v,,failed,0,0,,no_usable_pages,known,,,bpt6k3480900v: no usable pages in manifest.,2026-07-17T19:02:16.524660
laliberte,bpt6k34809018,,failed,0,0,,no_usable_pages,known,,,bpt6k34809018: no usable pages in manifest.,2026-07-17T19:02:16.663719
laliberte,bpt6k47943660,,failed,0,0,,no_usable_pages,known,,,bpt6k47943660: no usable pages in manifest.,2026-07-17T19:02:16.793222
laliberte,bpt6k4794367d,,failed,0,0,,no_usable_pages,known,,,bpt6k4794367d: no usable pages in manifest.,2026-07-17T19:02:16.978849
laliberte,bpt6k34809033,,failed,0,0,,no_usable_pages,known,,,bpt6k34809033: no usable pages in manifest.,2026-07-17T19:02:17.084108
laliberte,bpt6k4794368t,,failed,0,0,,no_usable_pages,known,,,bpt6k4794368t: no usable pages in manifest.,2026-07-17T19:02:17.248869
laliberte,bpt6k47945443,,failed,0,0,,no_usable_pages,known,,,bpt6k47945443: no usable pages in manifest.,2026-07-17T19:02:17.495511
laliberte,bpt6k4798772b,,failed,0,0,,no_usable_pages,known,,,bpt6k4798772b: no usable pages in manifest.,2026-07-17T19:02:17.733127
laliberte,bpt6k4798867c,,failed,0,0,,no_usable_pages,known,,,bpt6k4798867c: no usable pages in manifest.,2026-07-17T19:02:17.892127
laliberte,bpt6k47988696,,failed,0,0,,no_usable_pages,known,,,bpt6k47988696: no usable pages in manifest.,2026-07-17T19:02:18.084566
laliberte,bpt6k2988483w,,failed,0,0,,no_usable_pages,known,,,bpt6k2988483w: no usable pages in manifest.,2026-07-17T19:02:18.240768
laliberte,bpt6k2988619d,,failed,0,0,,no_usable_pages,known,,,bpt6k2988619d: no usable pages in manifest.,2026-07-17T19:02:18.427976
laliberte,bpt6k4798872p,,failed,0,0,,no_usable_pages,known,,,bpt6k4798872p: no usable pages in manifest.,2026-07-17T19:02:18.600119
laliberte,bpt6k29886202,,failed,0,0,,no_usable_pages,known,,,bpt6k29886202: no usable pages in manifest.,2026-07-17T19:02:18.698634
laliberte,bpt6k2988621g,,failed,0,0,,no_usable_pages,known,,,bpt6k2988621g: no usable pages in manifest.,2026-07-17T19:02:18.838580
laliberte,bpt6k29884849,,failed,0,0,,no_usable_pages,known,,,bpt6k29884849: no usable pages in manifest.,2026-07-17T19:02:18.950500
laliberte,bpt6k4798877r,,failed,0,0,,no_usable_pages,known,,,bpt6k4798877r: no usable pages in manifest.,2026-07-17T19:02:19.142076
laliberte,bpt6k2988626j,,failed,0,0,,no_usable_pages,known,,,bpt6k2988626j: no usable pages in manifest.,2026-07-17T19:02:19.322983
laliberte,bpt6k2988627z,,failed,0,0,,no_usable_pages,known,,,bpt6k2988627z: no usable pages in manifest.,2026-07-17T19:02:19.460587
laliberte,bpt6k47988785,,failed,0,0,,no_usable_pages,known,,,bpt6k47988785: no usable pages in manifest.,2026-07-17T19:02:19.589031
laliberte,bpt6k4793567s,,failed,0,0,,no_usable_pages,known,,,bpt6k4793567s: no usable pages in manifest.,2026-07-17T19:02:19.733713
laliberte,bpt6k2988922x,,failed,0,0,,no_usable_pages,known,,,bpt6k2988922x: no usable pages in manifest.,2026-07-17T19:02:19.889069
laliberte,bpt6k47935686,,failed,0,0,,no_usable_pages,known,,,bpt6k47935686: no usable pages in manifest.,2026-07-17T19:02:20.042185
laliberte,bpt6k2988923b,,failed,0,0,,no_usable_pages,known,,,bpt6k2988923b: no usable pages in manifest.,2026-07-17T19:02:20.264732
laliberte,bpt6k2988924r,,failed,0,0,,no_usable_pages,known,,,bpt6k2988924r: no usable pages in manifest.,2026-07-17T19:02:20.441259
laliberte,bpt6k29889255,,failed,0,0,,no_usable_pages,known,,,bpt6k29889255: no usable pages in manifest.,2026-07-17T19:02:20.616985
laliberte,bpt6k4793571p,,failed,0,0,,no_usable_pages,known,,,bpt6k4793571p: no usable pages in manifest.,2026-07-17T19:02:20.773572
laliberte,bpt6k2988926k,,failed,0,0,,no_usable_pages,known,,,bpt6k2988926k: no usable pages in manifest.,2026-07-17T19:02:20.908418
laliberte,bpt6k4793966r,,failed,0,0,,no_usable_pages,known,,,bpt6k4793966r: no usable pages in manifest.,2026-07-17T19:02:21.034360
laliberte,bpt6k2989337m,,failed,0,0,,no_usable_pages,known,,,bpt6k2989337m: no usable pages in manifest.,2026-07-17T19:02:21.175389
laliberte,bpt6k29893381,,failed,0,0,,no_usable_pages,known,,,bpt6k29893381: no usable pages in manifest.,2026-07-17T19:02:21.430973
laliberte,bpt6k4793968k,,failed,0,0,,no_usable_pages,known,,,bpt6k4793968k: no usable pages in manifest.,2026-07-17T19:02:21.678657
laliberte,bpt6k2989339f,,failed,0,0,,no_usable_pages,known,,,bpt6k2989339f: no usable pages in manifest.,2026-07-17T19:02:21.849353
laliberte,bpt6k47939690,,failed,0,0,,no_usable_pages,known,,,bpt6k47939690: no usable pages in manifest.,2026-07-17T19:02:22.041537
laliberte,bpt6k2989341h,,failed,0,0,,no_usable_pages,known,,,bpt6k2989341h: no usable pages in manifest.,2026-07-17T19:02:22.170577
laliberte,bpt6k2989342x,,failed,0,0,,no_usable_pages,known,,,bpt6k2989342x: no usable pages in manifest.,2026-07-17T19:02:22.319910
laliberte,bpt6k47939712,,failed,0,0,,no_usable_pages,known,,,bpt6k47939712: no usable pages in manifest.,2026-07-17T19:02:22.449341
laliberte,bpt6k2989343b,,failed,0,0,,no_usable_pages,known,,,bpt6k2989343b: no usable pages in manifest.,2026-07-17T19:02:22.581178
laliberte,bpt6k2989344r,,failed,0,0,,no_usable_pages,known,,,bpt6k2989344r: no usable pages in manifest.,2026-07-17T19:02:22.792167
laliberte,bpt6k47939749,,failed,0,0,,no_usable_pages,known,,,bpt6k47939749: no usable pages in manifest.,2026-07-17T19:02:22.901225
laliberte,bpt6k29893455,,failed,0,0,,no_usable_pages,known,,,bpt6k29893455: no usable pages in manifest.,2026-07-17T19:02:23.074589
laliberte,bpt6k2989346k,,failed,0,0,,no_usable_pages,known,,,bpt6k2989346k: no usable pages in manifest.,2026-07-17T19:02:23.199357
laliberte,bpt6k2989348d,,failed,0,0,,no_usable_pages,known,,,bpt6k2989348d: no usable pages in manifest.,2026-07-17T19:02:23.363469
laliberte,bpt6k2989350g,,failed,0,0,,no_usable_pages,known,,,bpt6k2989350g: no usable pages in manifest.,2026-07-17T19:02:23.481755
laliberte,bpt6k47921621,,failed,0,0,,no_usable_pages,known,,,bpt6k47921621: no usable pages in manifest.,2026-07-17T19:02:23.676399
laliberte,bpt6k4792163f,,failed,0,0,,no_usable_pages,known,,,bpt6k4792163f: no usable pages in manifest.,2026-07-17T19:02:23.885405
laliberte,bpt6k29897518,,failed,0,0,,no_usable_pages,known,,,bpt6k29897518: no usable pages in manifest.,2026-07-17T19:02:24.022474
laliberte,bpt6k4792164v,,failed,0,0,,no_usable_pages,known,,,bpt6k4792164v: no usable pages in manifest.,2026-07-17T19:02:24.152371
laliberte,bpt6k2989752p,,failed,0,0,,no_usable_pages,known,,,bpt6k2989752p: no usable pages in manifest.,2026-07-17T19:02:24.261273
laliberte,bpt6k4792166p,,failed,0,0,,no_usable_pages,known,,,bpt6k4792166p: no usable pages in manifest.,2026-07-17T19:02:24.453135
laliberte,bpt6k2989754h,,failed,0,0,,no_usable_pages,known,,,bpt6k2989754h: no usable pages in manifest.,2026-07-17T19:02:24.606513
laliberte,bpt6k2989755x,,failed,0,0,,no_usable_pages,known,,,bpt6k2989755x: no usable pages in manifest.,2026-07-17T19:02:24.810295
laliberte,bpt6k4792168h,,failed,0,0,,no_usable_pages,known,,,bpt6k4792168h: no usable pages in manifest.,2026-07-17T19:02:24.936387
laliberte,bpt6k2989757r,,failed,0,0,,no_usable_pages,known,,,bpt6k2989757r: no usable pages in manifest.,2026-07-17T19:02:25.123275
laliberte,bpt6k4792169x,,failed,0,0,,no_usable_pages,known,,,bpt6k4792169x: no usable pages in manifest.,2026-07-17T19:02:25.278719
laliberte,bpt6k29897585,,failed,0,0,,no_usable_pages,known,,,bpt6k29897585: no usable pages in manifest.,2026-07-17T19:02:25.452940
laliberte,bpt6k2990114d,,failed,0,0,,no_usable_pages,known,,,bpt6k2990114d: no usable pages in manifest.,2026-07-17T19:02:25.680314
laliberte,bpt6k2990115t,,failed,0,0,,no_usable_pages,known,,,bpt6k2990115t: no usable pages in manifest.,2026-07-17T19:02:25.832260
laliberte,bpt6k4792527z,,failed,0,0,,no_usable_pages,known,,,bpt6k4792527z: no usable pages in manifest.,2026-07-17T19:02:25.986908
laliberte,bpt6k29901167,,failed,0,0,,no_usable_pages,known,,,bpt6k29901167: no usable pages in manifest.,2026-07-17T19:02:26.138734
laliberte,bpt6k4792528c,,failed,0,0,,no_usable_pages,known,,,bpt6k4792528c: no usable pages in manifest.,2026-07-17T19:02:26.249779
laliberte,bpt6k4792529s,,failed,0,0,,no_usable_pages,known,,,bpt6k4792529s: no usable pages in manifest.,2026-07-17T19:02:26.392562
laliberte,bpt6k4792530f,,failed,0,0,,no_usable_pages,known,,,bpt6k4792530f: no usable pages in manifest.,2026-07-17T19:02:26.580965
laliberte,bpt6k29901182,,failed,0,0,,no_usable_pages,known,,,bpt6k29901182: no usable pages in manifest.,2026-07-17T19:02:26.807904
laliberte,bpt6k2990119g,,failed,0,0,,no_usable_pages,known,,,bpt6k2990119g: no usable pages in manifest.,2026-07-17T19:02:27.069816
laliberte,bpt6k47925328,,failed,0,0,,no_usable_pages,known,,,bpt6k47925328: no usable pages in manifest.,2026-07-17T19:02:27.233628
laliberte,bpt6k29901204,,failed,0,0,,no_usable_pages,known,,,bpt6k29901204: no usable pages in manifest.,2026-07-17T19:02:27.388437
laliberte,bpt6k2990121j,,failed,0,0,,no_usable_pages,known,,,bpt6k2990121j: no usable pages in manifest.,2026-07-17T19:02:27.547000
laliberte,bpt6k4792533p,,failed,0,0,,no_usable_pages,known,,,bpt6k4792533p: no usable pages in manifest.,2026-07-17T19:02:27.648888
laliberte,bpt6k47925343,,failed,0,0,,no_usable_pages,known,,,bpt6k47925343: no usable pages in manifest.,2026-07-17T19:02:27.805656
laliberte,bpt6k2990122z,,failed,0,0,,no_usable_pages,known,,,bpt6k2990122z: no usable pages in manifest.,2026-07-17T19:02:27.980351
laliberte,bpt6k2990123c,,failed,0,0,,no_usable_pages,known,,,bpt6k2990123c: no usable pages in manifest.,2026-07-17T19:02:28.145689
laliberte,bpt6k2990124s,,failed,0,0,,no_usable_pages,known,,,bpt6k2990124s: no usable pages in manifest.,2026-07-17T19:02:28.299279
laliberte,bpt6k4792536x,,failed,0,0,,no_usable_pages,known,,,bpt6k4792536x: no usable pages in manifest.,2026-07-17T19:02:28.416179
laliberte,bpt6k29901256,,failed,0,0,,no_usable_pages,known,,,bpt6k29901256: no usable pages in manifest.,2026-07-17T19:02:28.628026
laliberte,bpt6k4792537b,,failed,0,0,,no_usable_pages,known,,,bpt6k4792537b: no usable pages in manifest.,2026-07-17T19:02:28.772992
laliberte,bpt6k4792538r,,failed,0,0,,no_usable_pages,known,,,bpt6k4792538r: no usable pages in manifest.,2026-07-17T19:02:28.952008
laliberte,bpt6k4793086d,,failed,0,0,,no_usable_pages,known,,,bpt6k4793086d: no usable pages in manifest.,2026-07-17T19:02:29.098313
laliberte,bpt6k4793109z,,failed,0,0,,no_usable_pages,known,,,bpt6k4793109z: no usable pages in manifest.,2026-07-17T19:02:29.306221
laliberte,bpt6k4793151j,,failed,0,0,,no_usable_pages,known,,,bpt6k4793151j: no usable pages in manifest.,2026-07-17T19:02:29.475391
laliberte,bpt6k4793176c,,failed,0,0,,no_usable_pages,known,,,bpt6k4793176c: no usable pages in manifest.,2026-07-17T19:02:29.582969
laliberte,bpt6k4793192g,,failed,0,0,,no_usable_pages,known,,,bpt6k4793192g: no usable pages in manifest.,2026-07-17T19:02:29.697540
laliberte,bpt6k4793233z,,failed,0,0,,no_usable_pages,known,,,bpt6k4793233z: no usable pages in manifest.,2026-07-17T19:02:29.810167
laliberte,bpt6k41025256,,failed,0,0,,no_usable_pages,known,,,bpt6k41025256: no usable pages in manifest.,2026-07-17T19:02:30.050704
laliberte,bpt6k41038014,,failed,0,0,,no_usable_pages,known,,,bpt6k41038014: no usable pages in manifest.,2026-07-17T19:02:30.196812
petitepresse,bpt6k4715194q,,failed,0,0,,no_usable_pages,known,,,bpt6k4715194q: no usable pages in manifest.,2026-07-27T15:58:02.876890
lapresse,bpt6k597140s,,failed,0,0,,no_usable_pages,known,,,bpt6k597140s: no usable pages in manifest.,2026-07-17T19:02:31.051147
lapresse,bpt6k5971797,,failed,0,0,,no_usable_pages,known,,,bpt6k5971797: no usable pages in manifest.,2026-07-17T19:02:31.171182
lapresse,bpt6k601255q,,failed,0,0,,no_usable_pages,known,,,bpt6k601255q: no usable pages in manifest.,2026-07-17T19:02:31.314847
lapresse,bpt6k602633s,,failed,0,0,,no_usable_pages,known,,,bpt6k602633s: no usable pages in manifest.,2026-07-17T19:02:31.458073
lapresse,bpt6k603087f,,failed,0,0,,no_usable_pages,known,,,bpt6k603087f: no usable pages in manifest.,2026-07-17T19:02:31.609180
lapresse,bd6t51184017,,failed,0,0,,http_manifest,known,403,manifest,"Client error '403 ' for url 'https://openapiproext.bnf.fr/iiif/presentation/v3/ark:/12148/bd6t51184017/manifest.json'
For more information check: https://developer.mozilla.org/en-US/docs/Web/HTTP/Status/403",2026-07-17T19:02:31.764305
lapresse,bd6t5118402m,,failed,0,0,,http_manifest,known,403,manifest,"Client error '403 ' for url 'https://openapiproext.bnf.fr/iiif/presentation/v3/ark:/12148/bd6t5118402m/manifest.json'
For more information check: https://developer.mozilla.org/en-US/docs/Web/HTTP/Status/403",2026-07-17T19:02:32.894967
lapresse,bd6t51184030,,failed,0,0,,http_manifest,known,403,manifest,"Client error '403 ' for url 'https://openapiproext.bnf.fr/iiif/presentation/v3/ark:/12148/bd6t51184030/manifest.json'
For more information check: https://developer.mozilla.org/en-US/docs/Web/HTTP/Status/403",2026-07-17T19:02:34.093110
lapresse,bd6t5118404c,,failed,0,0,,http_manifest,known,403,manifest,"Client error '403 ' for url 'https://openapiproext.bnf.fr/iiif/presentation/v3/ark:/12148/bd6t5118404c/manifest.json'
For more information check: https://developer.mozilla.org/en-US/docs/Web/HTTP/Status/403",2026-07-17T19:02:35.313043
lapresse,bd6t5118405r,,failed,0,0,,http_manifest,known,403,manifest,"Client error '403 ' for url 'https://openapiproext.bnf.fr/iiif/presentation/v3/ark:/12148/bd6t5118405r/manifest.json'
For more information check: https://developer.mozilla.org/en-US/docs/Web/HTTP/Status/403",2026-07-17T19:02:36.492751
lapresse,bd6t51184064,,failed,0,0,,http_manifest,known,403,manifest,"Client error '403 ' for url 'https://openapiproext.bnf.fr/iiif/presentation/v3/ark:/12148/bd6t51184064/manifest.json'
For more information check: https://developer.mozilla.org/en-US/docs/Web/HTTP/Status/403",2026-07-17T19:02:37.695821
lapresse,bd6t5118407h,,failed,0,0,,http_manifest,known,403,manifest,"Client error '403 ' for url 'https://openapiproext.bnf.fr/iiif/presentation/v3/ark:/12148/bd6t5118407h/manifest.json'
For more information check: https://developer.mozilla.org/en-US/docs/Web/HTTP/Status/403",2026-07-17T19:02:38.897107
lapresse,bd6t5118408w,,failed,0,0,,http_manifest,known,403,manifest,"Client error '403 ' for url 'https://openapiproext.bnf.fr/iiif/presentation/v3/ark:/12148/bd6t5118408w/manifest.json'
For more information check: https://developer.mozilla.org/en-US/docs/Web/HTTP/Status/403",2026-07-17T19:02:40.101000
lapresse,bd6t51184098,,failed,0,0,,http_manifest,known,403,manifest,"Client error '403 ' for url 'https://openapiproext.bnf.fr/iiif/presentation/v3/ark:/12148/bd6t51184098/manifest.json'
For more information check: https://developer.mozilla.org/en-US/docs/Web/HTTP/Status/403",2026-07-17T19:02:41.298247
lapresse,bd6t51184106,,failed,0,0,,http_manifest,known,403,manifest,"Client error '403 ' for url 'https://openapiproext.bnf.fr/iiif/presentation/v3/ark:/12148/bd6t51184106/manifest.json'
For more information check: https://developer.mozilla.org/en-US/docs/Web/HTTP/Status/403",2026-07-17T19:02:42.502248
lapresse,bd6t5118411k,,failed,0,0,,http_manifest,known,403,manifest,"Client error '403 ' for url 'https://openapiproext.bnf.fr/iiif/presentation/v3/ark:/12148/bd6t5118411k/manifest.json'
For more information check: https://developer.mozilla.org/en-US/docs/Web/HTTP/Status/403",2026-07-17T19:02:43.700952
lapresse,bd6t5118412z,,failed,0,0,,http_manifest,known,403,manifest,"Client error '403 ' for url 'https://openapiproext.bnf.fr/iiif/presentation/v3/ark:/12148/bd6t5118412z/manifest.json'
For more information check: https://developer.mozilla.org/en-US/docs/Web/HTTP/Status/403",2026-07-17T19:02:44.902205
lapresse,bd6t5118413b,,failed,0,0,,http_manifest,known,403,manifest,"Client error '403 ' for url 'https://openapiproext.bnf.fr/iiif/presentation/v3/ark:/12148/bd6t5118413b/manifest.json'
For more information check: https://developer.mozilla.org/en-US/docs/Web/HTTP/Status/403",2026-07-17T19:02:46.109317
lapresse,bd6t5118414q,,failed,0,0,,http_manifest,known,403,manifest,"Client error '403 ' for url 'https://openapiproext.bnf.fr/iiif/presentation/v3/ark:/12148/bd6t5118414q/manifest.json'
For more information check: https://developer.mozilla.org/en-US/docs/Web/HTTP/Status/403",2026-07-17T19:02:47.332908
lapresse,bd6t51184153,,failed,0,0,,http_manifest,known,403,manifest,"Client error '403 ' for url 'https://openapiproext.bnf.fr/iiif/presentation/v3/ark:/12148/bd6t51184153/manifest.json'
For more information check: https://developer.mozilla.org/en-US/docs/Web/HTTP/Status/403",2026-07-17T19:02:48.509329
lapresse,bd6t5118416g,,failed,0,0,,http_manifest,known,403,manifest,"Client error '403 ' for url 'https://openapiproext.bnf.fr/iiif/presentation/v3/ark:/12148/bd6t5118416g/manifest.json'
For more information check: https://developer.mozilla.org/en-US/docs/Web/HTTP/Status/403",2026-07-17T19:02:49.710205
lapresse,bd6t5118417v,,failed,0,0,,http_manifest,known,403,manifest,"Client error '403 ' for url 'https://openapiproext.bnf.fr/iiif/presentation/v3/ark:/12148/bd6t5118417v/manifest.json'
For more information check: https://developer.mozilla.org/en-US/docs/Web/HTTP/Status/403",2026-07-17T19:02:50.910463
lapresse,bd6t51184187,,failed,0,0,,http_manifest,known,403,manifest,"Client error '403 ' for url 'https://openapiproext.bnf.fr/iiif/presentation/v3/ark:/12148/bd6t51184187/manifest.json'
For more information check: https://developer.mozilla.org/en-US/docs/Web/HTTP/Status/403",2026-07-17T19:02:52.125745
lapresse,bd6t5118419m,,failed,0,0,,http_manifest,known,403,manifest,"Client error '403 ' for url 'https://openapiproext.bnf.fr/iiif/presentation/v3/ark:/12148/bd6t5118419m/manifest.json'
For more information check: https://developer.mozilla.org/en-US/docs/Web/HTTP/Status/403",2026-07-17T19:02:53.315465
lapresse,bd6t5118420j,,failed,0,0,,http_manifest,known,403,manifest,"Client error '403 ' for url 'https://openapiproext.bnf.fr/iiif/presentation/v3/ark:/12148/bd6t5118420j/manifest.json'
For more information check: https://developer.mozilla.org/en-US/docs/Web/HTTP/Status/403",2026-07-17T19:02:54.513321
lapresse,bd6t5118421x,,failed,0,0,,http_manifest,known,403,manifest,"Client error '403 ' for url 'https://openapiproext.bnf.fr/iiif/presentation/v3/ark:/12148/bd6t5118421x/manifest.json'
For more information check: https://developer.mozilla.org/en-US/docs/Web/HTTP/Status/403",2026-07-17T19:02:55.717833
lapresse,bd6t51184229,,failed,0,0,,http_manifest,known,403,manifest,"Client error '403 ' for url 'https://openapiproext.bnf.fr/iiif/presentation/v3/ark:/12148/bd6t51184229/manifest.json'
For more information check: https://developer.mozilla.org/en-US/docs/Web/HTTP/Status/403",2026-07-17T19:02:56.920524
lapresse,bd6t5118423p,,failed,0,0,,http_manifest,known,403,manifest,"Client error '403 ' for url 'https://openapiproext.bnf.fr/iiif/presentation/v3/ark:/12148/bd6t5118423p/manifest.json'
For more information check: https://developer.mozilla.org/en-US/docs/Web/HTTP/Status/403",2026-07-17T19:02:58.119077
lapresse,bd6t51184242,,failed,0,0,,http_manifest,known,403,manifest,"Client error '403 ' for url 'https://openapiproext.bnf.fr/iiif/presentation/v3/ark:/12148/bd6t51184242/manifest.json'
For more information check: https://developer.mozilla.org/en-US/docs/Web/HTTP/Status/403",2026-07-17T19:02:59.461146
lapresse,bd6t5118425f,,failed,0,0,,http_manifest,known,403,manifest,"Client error '403 ' for url 'https://openapiproext.bnf.fr/iiif/presentation/v3/ark:/12148/bd6t5118425f/manifest.json'
For more information check: https://developer.mozilla.org/en-US/docs/Web/HTTP/Status/403",2026-07-17T19:03:00.525994
lapresse,bd6t5118426t,,failed,0,0,,http_manifest,known,403,manifest,"Client error '403 ' for url 'https://openapiproext.bnf.fr/iiif/presentation/v3/ark:/12148/bd6t5118426t/manifest.json'
For more information check: https://developer.mozilla.org/en-US/docs/Web/HTTP/Status/403",2026-07-17T19:03:01.725929
lapresse,bd6t51184276,,failed,0,0,,http_manifest,known,403,manifest,"Client error '403 ' for url 'https://openapiproext.bnf.fr/iiif/presentation/v3/ark:/12148/bd6t51184276/manifest.json'
For more information check: https://developer.mozilla.org/en-US/docs/Web/HTTP/Status/403",2026-07-17T19:03:03.050894
lapresse,bd6t5118428k,,failed,0,0,,http_manifest,known,403,manifest,"Client error '403 ' for url 'https://openapiproext.bnf.fr/iiif/presentation/v3/ark:/12148/bd6t5118428k/manifest.json'
For more information check: https://developer.mozilla.org/en-US/docs/Web/HTTP/Status/403",2026-07-17T19:03:04.381200
lapresse,bd6t5118429z,,failed,0,0,,http_manifest,known,403,manifest,"Client error '403 ' for url 'https://openapiproext.bnf.fr/iiif/presentation/v3/ark:/12148/bd6t5118429z/manifest.json'
For more information check: https://developer.mozilla.org/en-US/docs/Web/HTTP/Status/403",2026-07-17T19:03:05.449338
lapresse,bd6t5118430w,,failed,0,0,,http_manifest,known,403,manifest,"Client error '403 ' for url 'https://openapiproext.bnf.fr/iiif/presentation/v3/ark:/12148/bd6t5118430w/manifest.json'
For more information check: https://developer.mozilla.org/en-US/docs/Web/HTTP/Status/403",2026-07-17T19:03:06.731708
lapresse,bd6t51184318,,failed,0,0,,http_manifest,known,403,manifest,"Client error '403 ' for url 'https://openapiproext.bnf.fr/iiif/presentation/v3/ark:/12148/bd6t51184318/manifest.json'
For more information check: https://developer.mozilla.org/en-US/docs/Web/HTTP/Status/403",2026-07-17T19:03:07.733925
lapresse,bd6t5118432n,,failed,0,0,,http_manifest,known,403,manifest,"Client error '403 ' for url 'https://openapiproext.bnf.fr/iiif/presentation/v3/ark:/12148/bd6t5118432n/manifest.json'
For more information check: https://developer.mozilla.org/en-US/docs/Web/HTTP/Status/403",2026-07-17T19:03:08.936228
lapresse,bd6t51177028,,failed,0,0,,http_manifest,known,403,manifest,"Client error '403 ' for url 'https://openapiproext.bnf.fr/iiif/presentation/v3/ark:/12148/bd6t51177028/manifest.json'
For more information check: https://developer.mozilla.org/en-US/docs/Web/HTTP/Status/403",2026-07-17T19:03:10.380600
lapresse,bd6t5117703n,,failed,0,0,,http_manifest,known,403,manifest,"Client error '403 ' for url 'https://openapiproext.bnf.fr/iiif/presentation/v3/ark:/12148/bd6t5117703n/manifest.json'
For more information check: https://developer.mozilla.org/en-US/docs/Web/HTTP/Status/403",2026-07-17T19:03:11.337710
lapresse,bd6t51177041,,failed,0,0,,http_manifest,known,403,manifest,"Client error '403 ' for url 'https://openapiproext.bnf.fr/iiif/presentation/v3/ark:/12148/bd6t51177041/manifest.json'
For more information check: https://developer.mozilla.org/en-US/docs/Web/HTTP/Status/403",2026-07-17T19:03:12.727733
lapresse,bd6t5117705d,,failed,0,0,,http_manifest,known,403,manifest,"Client error '403 ' for url 'https://openapiproext.bnf.fr/iiif/presentation/v3/ark:/12148/bd6t5117705d/manifest.json'
For more information check: https://developer.mozilla.org/en-US/docs/Web/HTTP/Status/403",2026-07-17T19:03:13.778078
lapresse,bd6t5117706s,,failed,0,0,,http_manifest,known,403,manifest,"Client error '403 ' for url 'https://openapiproext.bnf.fr/iiif/presentation/v3/ark:/12148/bd6t5117706s/manifest.json'
For more information check: https://developer.mozilla.org/en-US/docs/Web/HTTP/Status/403",2026-07-17T19:03:15.084309
lapresse,bd6t51177075,,failed,0,0,,http_manifest,known,403,manifest,"Client error '403 ' for url 'https://openapiproext.bnf.fr/iiif/presentation/v3/ark:/12148/bd6t51177075/manifest.json'
For more information check: https://developer.mozilla.org/en-US/docs/Web/HTTP/Status/403",2026-07-17T19:03:16.191509
lapresse,bd6t5117708j,,failed,0,0,,http_manifest,known,403,manifest,"Client error '403 ' for url 'https://openapiproext.bnf.fr/iiif/presentation/v3/ark:/12148/bd6t5117708j/manifest.json'
For more information check: https://developer.mozilla.org/en-US/docs/Web/HTTP/Status/403",2026-07-17T19:03:17.439756
lapresse,bd6t5117709x,,failed,0,0,,http_manifest,known,403,manifest,"Client error '403 ' for url 'https://openapiproext.bnf.fr/iiif/presentation/v3/ark:/12148/bd6t5117709x/manifest.json'
For more information check: https://developer.mozilla.org/en-US/docs/Web/HTTP/Status/403",2026-07-17T19:03:18.722898
lapresse,bd6t5117710v,,failed,0,0,,http_manifest,known,403,manifest,"Client error '403 ' for url 'https://openapiproext.bnf.fr/iiif/presentation/v3/ark:/12148/bd6t5117710v/manifest.json'
For more information check: https://developer.mozilla.org/en-US/docs/Web/HTTP/Status/403",2026-07-17T19:03:19.750857
lapresse,bd6t51177117,,failed,0,0,,http_manifest,known,403,manifest,"Client error '403 ' for url 'https://openapiproext.bnf.fr/iiif/presentation/v3/ark:/12148/bd6t51177117/manifest.json'
For more information check: https://developer.mozilla.org/en-US/docs/Web/HTTP/Status/403",2026-07-17T19:03:20.950764
lapresse,bd6t5117712m,,failed,0,0,,http_manifest,known,403,manifest,"Client error '403 ' for url 'https://openapiproext.bnf.fr/iiif/presentation/v3/ark:/12148/bd6t5117712m/manifest.json'
For more information check: https://developer.mozilla.org/en-US/docs/Web/HTTP/Status/403",2026-07-17T19:03:22.152011
lapresse,bd6t51177130,,failed,0,0,,http_manifest,known,403,manifest,"Client error '403 ' for url 'https://openapiproext.bnf.fr/iiif/presentation/v3/ark:/12148/bd6t51177130/manifest.json'
For more information check: https://developer.mozilla.org/en-US/docs/Web/HTTP/Status/403",2026-07-17T19:03:23.355728
lapresse,bd6t5117714c,,failed,0,0,,http_manifest,known,403,manifest,"Client error '403 ' for url 'https://openapiproext.bnf.fr/iiif/presentation/v3/ark:/12148/bd6t5117714c/manifest.json'
For more information check: https://developer.mozilla.org/en-US/docs/Web/HTTP/Status/403",2026-07-17T19:03:24.557045
lapresse,bd6t5117715r,,failed,0,0,,http_manifest,known,403,manifest,"Client error '403 ' for url 'https://openapiproext.bnf.fr/iiif/presentation/v3/ark:/12148/bd6t5117715r/manifest.json'
For more information check: https://developer.mozilla.org/en-US/docs/Web/HTTP/Status/403",2026-07-17T19:03:25.759270
lapresse,bd6t51177164,,failed,0,0,,http_manifest,known,403,manifest,"Client error '403 ' for url 'https://openapiproext.bnf.fr/iiif/presentation/v3/ark:/12148/bd6t51177164/manifest.json'
For more information check: https://developer.mozilla.org/en-US/docs/Web/HTTP/Status/403",2026-07-17T19:03:26.960728
lapresse,bd6t5117717h,,failed,0,0,,http_manifest,known,403,manifest,"Client error '403 ' for url 'https://openapiproext.bnf.fr/iiif/presentation/v3/ark:/12148/bd6t5117717h/manifest.json'
For more information check: https://developer.mozilla.org/en-US/docs/Web/HTTP/Status/403",2026-07-17T19:03:28.162287
lapresse,bd6t5117718w,,failed,0,0,,http_manifest,known,403,manifest,"Client error '403 ' for url 'https://openapiproext.bnf.fr/iiif/presentation/v3/ark:/12148/bd6t5117718w/manifest.json'
For more information check: https://developer.mozilla.org/en-US/docs/Web/HTTP/Status/403",2026-07-17T19:03:29.380756
lapresse,bd6t51177198,,failed,0,0,,http_manifest,known,403,manifest,"Client error '403 ' for url 'https://openapiproext.bnf.fr/iiif/presentation/v3/ark:/12148/bd6t51177198/manifest.json'
For more information check: https://developer.mozilla.org/en-US/docs/Web/HTTP/Status/403",2026-07-17T19:03:30.564248
lapresse,bd6t51177206,,failed,0,0,,http_manifest,known,403,manifest,"Client error '403 ' for url 'https://openapiproext.bnf.fr/iiif/presentation/v3/ark:/12148/bd6t51177206/manifest.json'
For more information check: https://developer.mozilla.org/en-US/docs/Web/HTTP/Status/403",2026-07-17T19:03:31.768820
lapresse,bd6t5117721k,,failed,0,0,,http_manifest,known,403,manifest,"Client error '403 ' for url 'https://openapiproext.bnf.fr/iiif/presentation/v3/ark:/12148/bd6t5117721k/manifest.json'
For more information check: https://developer.mozilla.org/en-US/docs/Web/HTTP/Status/403",2026-07-17T19:03:32.971808
lapresse,bd6t5117722z,,failed,0,0,,http_manifest,known,403,manifest,"Client error '403 ' for url 'https://openapiproext.bnf.fr/iiif/presentation/v3/ark:/12148/bd6t5117722z/manifest.json'
For more information check: https://developer.mozilla.org/en-US/docs/Web/HTTP/Status/403",2026-07-17T19:03:34.170302
lapresse,bd6t5117436w,,failed,0,0,,http_manifest,known,403,manifest,"Client error '403 ' for url 'https://openapiproext.bnf.fr/iiif/presentation/v3/ark:/12148/bd6t5117436w/manifest.json'
For more information check: https://developer.mozilla.org/en-US/docs/Web/HTTP/Status/403",2026-07-17T19:03:35.387227
lapresse,bd6t51174378,,failed,0,0,,http_manifest,known,403,manifest,"Client error '403 ' for url 'https://openapiproext.bnf.fr/iiif/presentation/v3/ark:/12148/bd6t51174378/manifest.json'
For more information check: https://developer.mozilla.org/en-US/docs/Web/HTTP/Status/403",2026-07-17T19:03:36.578024
lapresse,bd6t5117438n,,failed,0,0,,http_manifest,known,403,manifest,"Client error '403 ' for url 'https://openapiproext.bnf.fr/iiif/presentation/v3/ark:/12148/bd6t5117438n/manifest.json'
For more information check: https://developer.mozilla.org/en-US/docs/Web/HTTP/Status/403",2026-07-17T19:03:37.776623
lapresse,bd6t51174391,,failed,0,0,,http_manifest,known,403,manifest,"Client error '403 ' for url 'https://openapiproext.bnf.fr/iiif/presentation/v3/ark:/12148/bd6t51174391/manifest.json'
For more information check: https://developer.mozilla.org/en-US/docs/Web/HTTP/Status/403",2026-07-17T19:03:38.976875
lapresse,bd6t5117440z,,failed,0,0,,http_manifest,known,403,manifest,"Client error '403 ' for url 'https://openapiproext.bnf.fr/iiif/presentation/v3/ark:/12148/bd6t5117440z/manifest.json'
For more information check: https://developer.mozilla.org/en-US/docs/Web/HTTP/Status/403",2026-07-17T19:03:40.179391
lapresse,bd6t5117441b,,failed,0,0,,http_manifest,known,403,manifest,"Client error '403 ' for url 'https://openapiproext.bnf.fr/iiif/presentation/v3/ark:/12148/bd6t5117441b/manifest.json'
For more information check: https://developer.mozilla.org/en-US/docs/Web/HTTP/Status/403",2026-07-17T19:03:41.420819
lapresse,bd6t5117442q,,failed,0,0,,http_manifest,known,403,manifest,"Client error '403 ' for url 'https://openapiproext.bnf.fr/iiif/presentation/v3/ark:/12148/bd6t5117442q/manifest.json'
For more information check: https://developer.mozilla.org/en-US/docs/Web/HTTP/Status/403",2026-07-17T19:03:42.582381
lapresse,bd6t51174433,,failed,0,0,,http_manifest,known,403,manifest,"Client error '403 ' for url 'https://openapiproext.bnf.fr/iiif/presentation/v3/ark:/12148/bd6t51174433/manifest.json'
For more information check: https://developer.mozilla.org/en-US/docs/Web/HTTP/Status/403",2026-07-17T19:03:43.784442
lapresse,bd6t5117444g,,failed,0,0,,http_manifest,known,403,manifest,"Client error '403 ' for url 'https://openapiproext.bnf.fr/iiif/presentation/v3/ark:/12148/bd6t5117444g/manifest.json'
For more information check: https://developer.mozilla.org/en-US/docs/Web/HTTP/Status/403",2026-07-17T19:03:44.985333
lapresse,bd6t5117445v,,failed,0,0,,http_manifest,known,403,manifest,"Client error '403 ' for url 'https://openapiproext.bnf.fr/iiif/presentation/v3/ark:/12148/bd6t5117445v/manifest.json'
For more information check: https://developer.mozilla.org/en-US/docs/Web/HTTP/Status/403",2026-07-17T19:03:46.185542
lapresse,bd6t51174467,,failed,0,0,,http_manifest,known,403,manifest,"Client error '403 ' for url 'https://openapiproext.bnf.fr/iiif/presentation/v3/ark:/12148/bd6t51174467/manifest.json'
For more information check: https://developer.mozilla.org/en-US/docs/Web/HTTP/Status/403",2026-07-17T19:03:47.394333
lapresse,bd6t5117447m,,failed,0,0,,http_manifest,known,403,manifest,"Client error '403 ' for url 'https://openapiproext.bnf.fr/iiif/presentation/v3/ark:/12148/bd6t5117447m/manifest.json'
For more information check: https://developer.mozilla.org/en-US/docs/Web/HTTP/Status/403",2026-07-17T19:03:48.587414
lapresse,bd6t51174480,,failed,0,0,,http_manifest,known,403,manifest,"Client error '403 ' for url 'https://openapiproext.bnf.fr/iiif/presentation/v3/ark:/12148/bd6t51174480/manifest.json'
For more information check: https://developer.mozilla.org/en-US/docs/Web/HTTP/Status/403",2026-07-17T19:03:49.790837
lapresse,bd6t5117449c,,failed,0,0,,http_manifest,known,403,manifest,"Client error '403 ' for url 'https://openapiproext.bnf.fr/iiif/presentation/v3/ark:/12148/bd6t5117449c/manifest.json'
For more information check: https://developer.mozilla.org/en-US/docs/Web/HTTP/Status/403",2026-07-17T19:03:51.004904
lapresse,bd6t51174509,,failed,0,0,,http_manifest,known,403,manifest,"Client error '403 ' for url 'https://openapiproext.bnf.fr/iiif/presentation/v3/ark:/12148/bd6t51174509/manifest.json'
For more information check: https://developer.mozilla.org/en-US/docs/Web/HTTP/Status/403",2026-07-17T19:03:52.192906
lapresse,bd6t5117451p,,failed,0,0,,http_manifest,known,403,manifest,"Client error '403 ' for url 'https://openapiproext.bnf.fr/iiif/presentation/v3/ark:/12148/bd6t5117451p/manifest.json'
For more information check: https://developer.mozilla.org/en-US/docs/Web/HTTP/Status/403",2026-07-17T19:03:53.422631
lapresse,bd6t51174522,,failed,0,0,,http_manifest,known,403,manifest,"Client error '403 ' for url 'https://openapiproext.bnf.fr/iiif/presentation/v3/ark:/12148/bd6t51174522/manifest.json'
For more information check: https://developer.mozilla.org/en-US/docs/Web/HTTP/Status/403",2026-07-17T19:03:54.598758
lapresse,bd6t5117453f,,failed,0,0,,http_manifest,known,403,manifest,"Client error '403 ' for url 'https://openapiproext.bnf.fr/iiif/presentation/v3/ark:/12148/bd6t5117453f/manifest.json'
For more information check: https://developer.mozilla.org/en-US/docs/Web/HTTP/Status/403",2026-07-17T19:03:55.801418
lapresse,bd6t5117454t,,failed,0,0,,http_manifest,known,403,manifest,"Client error '403 ' for url 'https://openapiproext.bnf.fr/iiif/presentation/v3/ark:/12148/bd6t5117454t/manifest.json'
For more information check: https://developer.mozilla.org/en-US/docs/Web/HTTP/Status/403",2026-07-17T19:03:57.001610
lapresse,bd6t51174556,,failed,0,0,,http_manifest,known,403,manifest,"Client error '403 ' for url 'https://openapiproext.bnf.fr/iiif/presentation/v3/ark:/12148/bd6t51174556/manifest.json'
For more information check: https://developer.mozilla.org/en-US/docs/Web/HTTP/Status/403",2026-07-17T19:03:58.206128
lapresse,bd6t5117456k,,failed,0,0,,http_manifest,known,403,manifest,"Client error '403 ' for url 'https://openapiproext.bnf.fr/iiif/presentation/v3/ark:/12148/bd6t5117456k/manifest.json'
For more information check: https://developer.mozilla.org/en-US/docs/Web/HTTP/Status/403",2026-07-17T19:03:59.543242
lapresse,bd6t5117457z,,failed,0,0,,http_manifest,known,403,manifest,"Client error '403 ' for url 'https://openapiproext.bnf.fr/iiif/presentation/v3/ark:/12148/bd6t5117457z/manifest.json'
For more information check: https://developer.mozilla.org/en-US/docs/Web/HTTP/Status/403",2026-07-17T19:04:00.605611
lapresse,bd6t5117458b,,failed,0,0,,http_manifest,known,403,manifest,"Client error '403 ' for url 'https://openapiproext.bnf.fr/iiif/presentation/v3/ark:/12148/bd6t5117458b/manifest.json'
For more information check: https://developer.mozilla.org/en-US/docs/Web/HTTP/Status/403",2026-07-17T19:04:01.881300
lapresse,bd6t5117459q,,failed,0,0,,http_manifest,known,403,manifest,"Client error '403 ' for url 'https://openapiproext.bnf.fr/iiif/presentation/v3/ark:/12148/bd6t5117459q/manifest.json'
For more information check: https://developer.mozilla.org/en-US/docs/Web/HTTP/Status/403",2026-07-17T19:04:03.019165
lapresse,bd6t5117460n,,failed,0,0,,http_manifest,known,403,manifest,"Client error '403 ' for url 'https://openapiproext.bnf.fr/iiif/presentation/v3/ark:/12148/bd6t5117460n/manifest.json'
For more information check: https://developer.mozilla.org/en-US/docs/Web/HTTP/Status/403",2026-07-17T19:04:04.304917
lapresse,bd6t51174611,,failed,0,0,,http_manifest,known,403,manifest,"Client error '403 ' for url 'https://openapiproext.bnf.fr/iiif/presentation/v3/ark:/12148/bd6t51174611/manifest.json'
For more information check: https://developer.mozilla.org/en-US/docs/Web/HTTP/Status/403",2026-07-17T19:04:05.497350
lapresse,bd6t5117723b,,failed,0,0,,http_manifest,known,403,manifest,"Client error '403 ' for url 'https://openapiproext.bnf.fr/iiif/presentation/v3/ark:/12148/bd6t5117723b/manifest.json'
For more information check: https://developer.mozilla.org/en-US/docs/Web/HTTP/Status/403",2026-07-17T19:04:06.787419
lapresse,bd6t5117724q,,failed,0,0,,http_manifest,known,403,manifest,"Client error '403 ' for url 'https://openapiproext.bnf.fr/iiif/presentation/v3/ark:/12148/bd6t5117724q/manifest.json'
For more information check: https://developer.mozilla.org/en-US/docs/Web/HTTP/Status/403",2026-07-17T19:04:07.827141
lapresse,bd6t51177253,,failed,0,0,,http_manifest,known,403,manifest,"Client error '403 ' for url 'https://openapiproext.bnf.fr/iiif/presentation/v3/ark:/12148/bd6t51177253/manifest.json'
For more information check: https://developer.mozilla.org/en-US/docs/Web/HTTP/Status/403",2026-07-17T19:04:09.106899
lapresse,bd6t5117726g,,failed,0,0,,http_manifest,known,403,manifest,"Client error '403 ' for url 'https://openapiproext.bnf.fr/iiif/presentation/v3/ark:/12148/bd6t5117726g/manifest.json'
For more information check: https://developer.mozilla.org/en-US/docs/Web/HTTP/Status/403",2026-07-17T19:04:10.225160
lapresse,bd6t5117727v,,failed,0,0,,http_manifest,known,403,manifest,"Client error '403 ' for url 'https://openapiproext.bnf.fr/iiif/presentation/v3/ark:/12148/bd6t5117727v/manifest.json'
For more information check: https://developer.mozilla.org/en-US/docs/Web/HTTP/Status/403",2026-07-17T19:04:11.454359
lapresse,bd6t51177287,,failed,0,0,,http_manifest,known,403,manifest,"Client error '403 ' for url 'https://openapiproext.bnf.fr/iiif/presentation/v3/ark:/12148/bd6t51177287/manifest.json'
For more information check: https://developer.mozilla.org/en-US/docs/Web/HTTP/Status/403",2026-07-17T19:04:12.725045
lapresse,bd6t5117729m,,failed,0,0,,http_manifest,known,403,manifest,"Client error '403 ' for url 'https://openapiproext.bnf.fr/iiif/presentation/v3/ark:/12148/bd6t5117729m/manifest.json'
For more information check: https://developer.mozilla.org/en-US/docs/Web/HTTP/Status/403",2026-07-17T19:04:14.028138
lapresse,bd6t5117730j,,failed,0,0,,http_manifest,known,403,manifest,"Client error '403 ' for url 'https://openapiproext.bnf.fr/iiif/presentation/v3/ark:/12148/bd6t5117730j/manifest.json'
For more information check: https://developer.mozilla.org/en-US/docs/Web/HTTP/Status/403",2026-07-17T19:04:15.024218
lapresse,bd6t5117731x,,failed,0,0,,http_manifest,known,403,manifest,"Client error '403 ' for url 'https://openapiproext.bnf.fr/iiif/presentation/v3/ark:/12148/bd6t5117731x/manifest.json'
For more information check: https://developer.mozilla.org/en-US/docs/Web/HTTP/Status/403",2026-07-17T19:04:16.230249
lapresse,bd6t51177329,,failed,0,0,,http_manifest,known,403,manifest,"Client error '403 ' for url 'https://openapiproext.bnf.fr/iiif/presentation/v3/ark:/12148/bd6t51177329/manifest.json'
For more information check: https://developer.mozilla.org/en-US/docs/Web/HTTP/Status/403",2026-07-17T19:04:17.428496
lapresse,bd6t5117733p,,failed,0,0,,http_manifest,known,403,manifest,"Client error '403 ' for url 'https://openapiproext.bnf.fr/iiif/presentation/v3/ark:/12148/bd6t5117733p/manifest.json'
For more information check: https://developer.mozilla.org/en-US/docs/Web/HTTP/Status/403",2026-07-17T19:04:18.629262
lapresse,bd6t51177342,,failed,0,0,,http_manifest,known,403,manifest,"Client error '403 ' for url 'https://openapiproext.bnf.fr/iiif/presentation/v3/ark:/12148/bd6t51177342/manifest.json'
For more information check: https://developer.mozilla.org/en-US/docs/Web/HTTP/Status/403",2026-07-17T19:04:19.830941
lapresse,bd6t5117735f,,failed,0,0,,http_manifest,known,403,manifest,"Client error '403 ' for url 'https://openapiproext.bnf.fr/iiif/presentation/v3/ark:/12148/bd6t5117735f/manifest.json'
For more information check: https://developer.mozilla.org/en-US/docs/Web/HTTP/Status/403",2026-07-17T19:04:21.029773
lapresse,bd6t5117736t,,failed,0,0,,http_manifest,known,403,manifest,"Client error '403 ' for url 'https://openapiproext.bnf.fr/iiif/presentation/v3/ark:/12148/bd6t5117736t/manifest.json'
For more information check: https://developer.mozilla.org/en-US/docs/Web/HTTP/Status/403",2026-07-17T19:04:22.235039
lapresse,bd6t51177376,,failed,0,0,,http_manifest,known,403,manifest,"Client error '403 ' for url 'https://openapiproext.bnf.fr/iiif/presentation/v3/ark:/12148/bd6t51177376/manifest.json'
For more information check: https://developer.mozilla.org/en-US/docs/Web/HTTP/Status/403",2026-07-17T19:04:23.455732
lapresse,bd6t5117738k,,failed,0,0,,http_manifest,known,403,manifest,"Client error '403 ' for url 'https://openapiproext.bnf.fr/iiif/presentation/v3/ark:/12148/bd6t5117738k/manifest.json'
For more information check: https://developer.mozilla.org/en-US/docs/Web/HTTP/Status/403",2026-07-17T19:04:24.636073
lapresse,bd6t5117739z,,failed,0,0,,http_manifest,known,403,manifest,"Client error '403 ' for url 'https://openapiproext.bnf.fr/iiif/presentation/v3/ark:/12148/bd6t5117739z/manifest.json'
For more information check: https://developer.mozilla.org/en-US/docs/Web/HTTP/Status/403",2026-07-17T19:04:25.838470
lapresse,bd6t5117740w,,failed,0,0,,http_manifest,known,403,manifest,"Client error '403 ' for url 'https://openapiproext.bnf.fr/iiif/presentation/v3/ark:/12148/bd6t5117740w/manifest.json'
For more information check: https://developer.mozilla.org/en-US/docs/Web/HTTP/Status/403",2026-07-17T19:04:27.040415
lapresse,bd6t51177418,,failed,0,0,,http_manifest,known,403,manifest,"Client error '403 ' for url 'https://openapiproext.bnf.fr/iiif/presentation/v3/ark:/12148/bd6t51177418/manifest.json'
For more information check: https://developer.mozilla.org/en-US/docs/Web/HTTP/Status/403",2026-07-17T19:04:28.243248
lapresse,bd6t5117742n,,failed,0,0,,http_manifest,known,403,manifest,"Client error '403 ' for url 'https://openapiproext.bnf.fr/iiif/presentation/v3/ark:/12148/bd6t5117742n/manifest.json'
For more information check: https://developer.mozilla.org/en-US/docs/Web/HTTP/Status/403",2026-07-17T19:04:29.465931
lapresse,bd6t51177431,,failed,0,0,,http_manifest,known,403,manifest,"Client error '403 ' for url 'https://openapiproext.bnf.fr/iiif/presentation/v3/ark:/12148/bd6t51177431/manifest.json'
For more information check: https://developer.mozilla.org/en-US/docs/Web/HTTP/Status/403",2026-07-17T19:04:30.646617
lapresse,bd6t5117744d,,failed,0,0,,http_manifest,known,403,manifest,"Client error '403 ' for url 'https://openapiproext.bnf.fr/iiif/presentation/v3/ark:/12148/bd6t5117744d/manifest.json'
For more information check: https://developer.mozilla.org/en-US/docs/Web/HTTP/Status/403",2026-07-17T19:04:31.851961
lapresse,bd6t5117745s,,failed,0,0,,http_manifest,known,403,manifest,"Client error '403 ' for url 'https://openapiproext.bnf.fr/iiif/presentation/v3/ark:/12148/bd6t5117745s/manifest.json'
For more information check: https://developer.mozilla.org/en-US/docs/Web/HTTP/Status/403",2026-07-17T19:04:33.050135
lapresse,bd6t51177465,,failed,0,0,,http_manifest,known,403,manifest,"Client error '403 ' for url 'https://openapiproext.bnf.fr/iiif/presentation/v3/ark:/12148/bd6t51177465/manifest.json'
For more information check: https://developer.mozilla.org/en-US/docs/Web/HTTP/Status/403",2026-07-17T19:04:34.247800
lapresse,bd6t5117747j,,failed,0,0,,http_manifest,known,403,manifest,"Client error '403 ' for url 'https://openapiproext.bnf.fr/iiif/presentation/v3/ark:/12148/bd6t5117747j/manifest.json'
For more information check: https://developer.mozilla.org/en-US/docs/Web/HTTP/Status/403",2026-07-17T19:04:35.453201
lapresse,bd6t5117748x,,failed,0,0,,http_manifest,known,403,manifest,"Client error '403 ' for url 'https://openapiproext.bnf.fr/iiif/presentation/v3/ark:/12148/bd6t5117748x/manifest.json'
For more information check: https://developer.mozilla.org/en-US/docs/Web/HTTP/Status/403",2026-07-17T19:04:36.650082
lapresse,bd6t5117488c,,failed,0,0,,http_manifest,known,403,manifest,"Client error '403 ' for url 'https://openapiproext.bnf.fr/iiif/presentation/v3/ark:/12148/bd6t5117488c/manifest.json'
For more information check: https://developer.mozilla.org/en-US/docs/Web/HTTP/Status/403",2026-07-17T19:04:37.865341
lapresse,bd6t5117489r,,failed,0,0,,http_manifest,known,403,manifest,"Client error '403 ' for url 'https://openapiproext.bnf.fr/iiif/presentation/v3/ark:/12148/bd6t5117489r/manifest.json'
For more information check: https://developer.mozilla.org/en-US/docs/Web/HTTP/Status/403",2026-07-17T19:04:39.058806
lapresse,bd6t5117490p,,failed,0,0,,http_manifest,known,403,manifest,"Client error '403 ' for url 'https://openapiproext.bnf.fr/iiif/presentation/v3/ark:/12148/bd6t5117490p/manifest.json'
For more information check: https://developer.mozilla.org/en-US/docs/Web/HTTP/Status/403",2026-07-17T19:04:40.254351
lapresse,bd6t51174912,,failed,0,0,,http_manifest,known,403,manifest,"Client error '403 ' for url 'https://openapiproext.bnf.fr/iiif/presentation/v3/ark:/12148/bd6t51174912/manifest.json'
For more information check: https://developer.mozilla.org/en-US/docs/Web/HTTP/Status/403",2026-07-17T19:04:41.483161
lapresse,bd6t5117492f,,failed,0,0,,http_manifest,known,403,manifest,"Client error '403 ' for url 'https://openapiproext.bnf.fr/iiif/presentation/v3/ark:/12148/bd6t5117492f/manifest.json'
For more information check: https://developer.mozilla.org/en-US/docs/Web/HTTP/Status/403",2026-07-17T19:04:42.659336
lapresse,bd6t5117493t,,failed,0,0,,http_manifest,known,403,manifest,"Client error '403 ' for url 'https://openapiproext.bnf.fr/iiif/presentation/v3/ark:/12148/bd6t5117493t/manifest.json'
For more information check: https://developer.mozilla.org/en-US/docs/Web/HTTP/Status/403",2026-07-17T19:04:43.861056
lapresse,bd6t51174946,,failed,0,0,,http_manifest,known,403,manifest,"Client error '403 ' for url 'https://openapiproext.bnf.fr/iiif/presentation/v3/ark:/12148/bd6t51174946/manifest.json'
For more information check: https://developer.mozilla.org/en-US/docs/Web/HTTP/Status/403",2026-07-17T19:04:45.064817
lapresse,bd6t5117495k,,failed,0,0,,http_manifest,known,403,manifest,"Client error '403 ' for url 'https://openapiproext.bnf.fr/iiif/presentation/v3/ark:/12148/bd6t5117495k/manifest.json'
For more information check: https://developer.mozilla.org/en-US/docs/Web/HTTP/Status/403",2026-07-17T19:04:46.265930
lapresse,bd6t5117496z,,failed,0,0,,http_manifest,known,403,manifest,"Client error '403 ' for url 'https://openapiproext.bnf.fr/iiif/presentation/v3/ark:/12148/bd6t5117496z/manifest.json'
For more information check: https://developer.mozilla.org/en-US/docs/Web/HTTP/Status/403",2026-07-17T19:04:47.466475
lapresse,bd6t5117497b,,failed,0,0,,http_manifest,known,403,manifest,"Client error '403 ' for url 'https://openapiproext.bnf.fr/iiif/presentation/v3/ark:/12148/bd6t5117497b/manifest.json'
For more information check: https://developer.mozilla.org/en-US/docs/Web/HTTP/Status/403",2026-07-17T19:04:48.666017
lapresse,bd6t5117498q,,failed,0,0,,http_manifest,known,403,manifest,"Client error '403 ' for url 'https://openapiproext.bnf.fr/iiif/presentation/v3/ark:/12148/bd6t5117498q/manifest.json'
For more information check: https://developer.mozilla.org/en-US/docs/Web/HTTP/Status/403",2026-07-17T19:04:49.866579
lapresse,bd6t51174993,,failed,0,0,,http_manifest,known,403,manifest,"Client error '403 ' for url 'https://openapiproext.bnf.fr/iiif/presentation/v3/ark:/12148/bd6t51174993/manifest.json'
For more information check: https://developer.mozilla.org/en-US/docs/Web/HTTP/Status/403",2026-07-17T19:04:51.068526
lapresse,bd6t5117500w,,failed,0,0,,http_manifest,known,403,manifest,"Client error '403 ' for url 'https://openapiproext.bnf.fr/iiif/presentation/v3/ark:/12148/bd6t5117500w/manifest.json'
For more information check: https://developer.mozilla.org/en-US/docs/Web/HTTP/Status/403",2026-07-17T19:04:52.272649
lapresse,bd6t51175018,,failed,0,0,,http_manifest,known,403,manifest,"Client error '403 ' for url 'https://openapiproext.bnf.fr/iiif/presentation/v3/ark:/12148/bd6t51175018/manifest.json'
For more information check: https://developer.mozilla.org/en-US/docs/Web/HTTP/Status/403",2026-07-17T19:04:53.498607
lapresse,bd6t5117502n,,failed,0,0,,http_manifest,known,403,manifest,"Client error '403 ' for url 'https://openapiproext.bnf.fr/iiif/presentation/v3/ark:/12148/bd6t5117502n/manifest.json'
For more information check: https://developer.mozilla.org/en-US/docs/Web/HTTP/Status/403",2026-07-17T19:04:54.673222
lapresse,bd6t51175031,,failed,0,0,,http_manifest,known,403,manifest,"Client error '403 ' for url 'https://openapiproext.bnf.fr/iiif/presentation/v3/ark:/12148/bd6t51175031/manifest.json'
For more information check: https://developer.mozilla.org/en-US/docs/Web/HTTP/Status/403",2026-07-17T19:04:55.875976
lapresse,bd6t5117504d,,failed,0,0,,http_manifest,known,403,manifest,"Client error '403 ' for url 'https://openapiproext.bnf.fr/iiif/presentation/v3/ark:/12148/bd6t5117504d/manifest.json'
For more information check: https://developer.mozilla.org/en-US/docs/Web/HTTP/Status/403",2026-07-17T19:04:57.077825
lapresse,bd6t5117505s,,failed,0,0,,http_manifest,known,403,manifest,"Client error '403 ' for url 'https://openapiproext.bnf.fr/iiif/presentation/v3/ark:/12148/bd6t5117505s/manifest.json'
For more information check: https://developer.mozilla.org/en-US/docs/Web/HTTP/Status/403",2026-07-17T19:04:58.450185
lapresse,bd6t51175065,,failed,0,0,,http_manifest,known,403,manifest,"Client error '403 ' for url 'https://openapiproext.bnf.fr/iiif/presentation/v3/ark:/12148/bd6t51175065/manifest.json'
For more information check: https://developer.mozilla.org/en-US/docs/Web/HTTP/Status/403",2026-07-17T19:04:59.742321
lapresse,bd6t5117507j,,failed,0,0,,http_manifest,known,403,manifest,"Client error '403 ' for url 'https://openapiproext.bnf.fr/iiif/presentation/v3/ark:/12148/bd6t5117507j/manifest.json'
For more information check: https://developer.mozilla.org/en-US/docs/Web/HTTP/Status/403",2026-07-17T19:05:00.682328
lapresse,bd6t5117508x,,failed,0,0,,http_manifest,known,403,manifest,"Client error '403 ' for url 'https://openapiproext.bnf.fr/iiif/presentation/v3/ark:/12148/bd6t5117508x/manifest.json'
For more information check: https://developer.mozilla.org/en-US/docs/Web/HTTP/Status/403",2026-07-17T19:05:01.891732
lapresse,bd6t51175099,,failed,0,0,,http_manifest,known,403,manifest,"Client error '403 ' for url 'https://openapiproext.bnf.fr/iiif/presentation/v3/ark:/12148/bd6t51175099/manifest.json'
For more information check: https://developer.mozilla.org/en-US/docs/Web/HTTP/Status/403",2026-07-17T19:05:03.244266
lapresse,bd6t51175107,,failed,0,0,,http_manifest,known,403,manifest,"Client error '403 ' for url 'https://openapiproext.bnf.fr/iiif/presentation/v3/ark:/12148/bd6t51175107/manifest.json'
For more information check: https://developer.mozilla.org/en-US/docs/Web/HTTP/Status/403",2026-07-17T19:05:04.519964
lapresse,bd6t5117511m,,failed,0,0,,http_manifest,known,403,manifest,"Client error '403 ' for url 'https://openapiproext.bnf.fr/iiif/presentation/v3/ark:/12148/bd6t5117511m/manifest.json'
For more information check: https://developer.mozilla.org/en-US/docs/Web/HTTP/Status/403",2026-07-17T19:05:05.549530
lapresse,bd6t51175120,,failed,0,0,,http_manifest,known,403,manifest,"Client error '403 ' for url 'https://openapiproext.bnf.fr/iiif/presentation/v3/ark:/12148/bd6t51175120/manifest.json'
For more information check: https://developer.mozilla.org/en-US/docs/Web/HTTP/Status/403",2026-07-17T19:05:06.813843
lapresse,bd6t51177499,,failed,0,0,,http_manifest,known,403,manifest,"Client error '403 ' for url 'https://openapiproext.bnf.fr/iiif/presentation/v3/ark:/12148/bd6t51177499/manifest.json'
For more information check: https://developer.mozilla.org/en-US/docs/Web/HTTP/Status/403",2026-07-17T19:05:07.895933
lapresse,bd6t51177507,,failed,0,0,,http_manifest,known,403,manifest,"Client error '403 ' for url 'https://openapiproext.bnf.fr/iiif/presentation/v3/ark:/12148/bd6t51177507/manifest.json'
For more information check: https://developer.mozilla.org/en-US/docs/Web/HTTP/Status/403",2026-07-17T19:05:09.094080
lapresse,bd6t5117751m,,failed,0,0,,http_manifest,known,403,manifest,"Client error '403 ' for url 'https://openapiproext.bnf.fr/iiif/presentation/v3/ark:/12148/bd6t5117751m/manifest.json'
For more information check: https://developer.mozilla.org/en-US/docs/Web/HTTP/Status/403",2026-07-17T19:05:10.292522
lapresse,bd6t51177520,,failed,0,0,,http_manifest,known,403,manifest,"Client error '403 ' for url 'https://openapiproext.bnf.fr/iiif/presentation/v3/ark:/12148/bd6t51177520/manifest.json'
For more information check: https://developer.mozilla.org/en-US/docs/Web/HTTP/Status/403",2026-07-17T19:05:11.569114
lapresse,bd6t5117753c,,failed,0,0,,http_manifest,known,403,manifest,"Client error '403 ' for url 'https://openapiproext.bnf.fr/iiif/presentation/v3/ark:/12148/bd6t5117753c/manifest.json'
For more information check: https://developer.mozilla.org/en-US/docs/Web/HTTP/Status/403",2026-07-17T19:05:12.707169
lapresse,bd6t5117754r,,failed,0,0,,http_manifest,known,403,manifest,"Client error '403 ' for url 'https://openapiproext.bnf.fr/iiif/presentation/v3/ark:/12148/bd6t5117754r/manifest.json'
For more information check: https://developer.mozilla.org/en-US/docs/Web/HTTP/Status/403",2026-07-17T19:05:13.970679
lapresse,bd6t51177554,,failed,0,0,,http_manifest,known,403,manifest,"Client error '403 ' for url 'https://openapiproext.bnf.fr/iiif/presentation/v3/ark:/12148/bd6t51177554/manifest.json'
For more information check: https://developer.mozilla.org/en-US/docs/Web/HTTP/Status/403",2026-07-17T19:05:15.101494
lapresse,bd6t5117756h,,failed,0,0,,http_manifest,known,403,manifest,"Client error '403 ' for url 'https://openapiproext.bnf.fr/iiif/presentation/v3/ark:/12148/bd6t5117756h/manifest.json'
For more information check: https://developer.mozilla.org/en-US/docs/Web/HTTP/Status/403",2026-07-17T19:05:16.351620
lapresse,bd6t5117757w,,failed,0,0,,http_manifest,known,403,manifest,"Client error '403 ' for url 'https://openapiproext.bnf.fr/iiif/presentation/v3/ark:/12148/bd6t5117757w/manifest.json'
For more information check: https://developer.mozilla.org/en-US/docs/Web/HTTP/Status/403",2026-07-17T19:05:17.600799
lapresse,bd6t51177588,,failed,0,0,,http_manifest,known,403,manifest,"Client error '403 ' for url 'https://openapiproext.bnf.fr/iiif/presentation/v3/ark:/12148/bd6t51177588/manifest.json'
For more information check: https://developer.mozilla.org/en-US/docs/Web/HTTP/Status/403",2026-07-17T19:05:18.960383
lapresse,bd6t5117759n,,failed,0,0,,http_manifest,known,403,manifest,"Client error '403 ' for url 'https://openapiproext.bnf.fr/iiif/presentation/v3/ark:/12148/bd6t5117759n/manifest.json'
For more information check: https://developer.mozilla.org/en-US/docs/Web/HTTP/Status/403",2026-07-17T19:05:19.907958
lapresse,bd6t5117760k,,failed,0,0,,http_manifest,known,403,manifest,"Client error '403 ' for url 'https://openapiproext.bnf.fr/iiif/presentation/v3/ark:/12148/bd6t5117760k/manifest.json'
For more information check: https://developer.mozilla.org/en-US/docs/Web/HTTP/Status/403",2026-07-17T19:05:21.114486
lapresse,bd6t5117761z,,failed,0,0,,http_manifest,known,403,manifest,"Client error '403 ' for url 'https://openapiproext.bnf.fr/iiif/presentation/v3/ark:/12148/bd6t5117761z/manifest.json'
For more information check: https://developer.mozilla.org/en-US/docs/Web/HTTP/Status/403",2026-07-17T19:05:22.309865
lapresse,bd6t5117762b,,failed,0,0,,http_manifest,known,403,manifest,"Client error '403 ' for url 'https://openapiproext.bnf.fr/iiif/presentation/v3/ark:/12148/bd6t5117762b/manifest.json'
For more information check: https://developer.mozilla.org/en-US/docs/Web/HTTP/Status/403",2026-07-17T19:05:23.537156
lapresse,bd6t5117763q,,failed,0,0,,http_manifest,known,403,manifest,"Client error '403 ' for url 'https://openapiproext.bnf.fr/iiif/presentation/v3/ark:/12148/bd6t5117763q/manifest.json'
For more information check: https://developer.mozilla.org/en-US/docs/Web/HTTP/Status/403",2026-07-17T19:05:24.714272
lapresse,bd6t51177643,,failed,0,0,,http_manifest,known,403,manifest,"Client error '403 ' for url 'https://openapiproext.bnf.fr/iiif/presentation/v3/ark:/12148/bd6t51177643/manifest.json'
For more information check: https://developer.mozilla.org/en-US/docs/Web/HTTP/Status/403",2026-07-17T19:05:25.911081
lapresse,bd6t5117765g,,failed,0,0,,http_manifest,known,403,manifest,"Client error '403 ' for url 'https://openapiproext.bnf.fr/iiif/presentation/v3/ark:/12148/bd6t5117765g/manifest.json'
For more information check: https://developer.mozilla.org/en-US/docs/Web/HTTP/Status/403",2026-07-17T19:05:27.110743
lapresse,bd6t5117766v,,failed,0,0,,http_manifest,known,403,manifest,"Client error '403 ' for url 'https://openapiproext.bnf.fr/iiif/presentation/v3/ark:/12148/bd6t5117766v/manifest.json'
For more information check: https://developer.mozilla.org/en-US/docs/Web/HTTP/Status/403",2026-07-17T19:05:28.321974
lapresse,bd6t51177677,,failed,0,0,,http_manifest,known,403,manifest,"Client error '403 ' for url 'https://openapiproext.bnf.fr/iiif/presentation/v3/ark:/12148/bd6t51177677/manifest.json'
For more information check: https://developer.mozilla.org/en-US/docs/Web/HTTP/Status/403",2026-07-17T19:05:29.545895
lapresse,bd6t5117768m,,failed,0,0,,http_manifest,known,403,manifest,"Client error '403 ' for url 'https://openapiproext.bnf.fr/iiif/presentation/v3/ark:/12148/bd6t5117768m/manifest.json'
For more information check: https://developer.mozilla.org/en-US/docs/Web/HTTP/Status/403",2026-07-17T19:05:30.722136
lapresse,bd6t51177690,,failed,0,0,,http_manifest,known,403,manifest,"Client error '403 ' for url 'https://openapiproext.bnf.fr/iiif/presentation/v3/ark:/12148/bd6t51177690/manifest.json'
For more information check: https://developer.mozilla.org/en-US/docs/Web/HTTP/Status/403",2026-07-17T19:05:31.925524
lapresse,bd6t5117770x,,failed,0,0,,http_manifest,known,403,manifest,"Client error '403 ' for url 'https://openapiproext.bnf.fr/iiif/presentation/v3/ark:/12148/bd6t5117770x/manifest.json'
For more information check: https://developer.mozilla.org/en-US/docs/Web/HTTP/Status/403",2026-07-17T19:05:33.129843
lapresse,bd6t51177719,,failed,0,0,,http_manifest,known,403,manifest,"Client error '403 ' for url 'https://openapiproext.bnf.fr/iiif/presentation/v3/ark:/12148/bd6t51177719/manifest.json'
For more information check: https://developer.mozilla.org/en-US/docs/Web/HTTP/Status/403",2026-07-17T19:05:34.331218
lapresse,bd6t5117772p,,failed,0,0,,http_manifest,known,403,manifest,"Client error '403 ' for url 'https://openapiproext.bnf.fr/iiif/presentation/v3/ark:/12148/bd6t5117772p/manifest.json'
For more information check: https://developer.mozilla.org/en-US/docs/Web/HTTP/Status/403",2026-07-17T19:05:35.525379
lapresse,bd6t51177732,,failed,0,0,,http_manifest,known,403,manifest,"Client error '403 ' for url 'https://openapiproext.bnf.fr/iiif/presentation/v3/ark:/12148/bd6t51177732/manifest.json'
For more information check: https://developer.mozilla.org/en-US/docs/Web/HTTP/Status/403",2026-07-17T19:05:36.729256
lapresse,bd6t5117774f,,failed,0,0,,http_manifest,known,403,manifest,"Client error '403 ' for url 'https://openapiproext.bnf.fr/iiif/presentation/v3/ark:/12148/bd6t5117774f/manifest.json'
For more information check: https://developer.mozilla.org/en-US/docs/Web/HTTP/Status/403",2026-07-17T19:05:37.927052
lapresse,bd6t5117775t,,failed,0,0,,http_manifest,known,403,manifest,"Client error '403 ' for url 'https://openapiproext.bnf.fr/iiif/presentation/v3/ark:/12148/bd6t5117775t/manifest.json'
For more information check: https://developer.mozilla.org/en-US/docs/Web/HTTP/Status/403",2026-07-17T19:05:39.134979
lapresse,bd6t5117963b,,failed,0,0,,http_manifest,known,403,manifest,"Client error '403 ' for url 'https://openapiproext.bnf.fr/iiif/presentation/v3/ark:/12148/bd6t5117963b/manifest.json'
For more information check: https://developer.mozilla.org/en-US/docs/Web/HTTP/Status/403",2026-07-17T19:05:40.341680
lapresse,bd6t5117964q,,failed,0,0,,http_manifest,known,403,manifest,"Client error '403 ' for url 'https://openapiproext.bnf.fr/iiif/presentation/v3/ark:/12148/bd6t5117964q/manifest.json'
For more information check: https://developer.mozilla.org/en-US/docs/Web/HTTP/Status/403",2026-07-17T19:05:41.545177
lapresse,bd6t51179653,,failed,0,0,,http_manifest,known,403,manifest,"Client error '403 ' for url 'https://openapiproext.bnf.fr/iiif/presentation/v3/ark:/12148/bd6t51179653/manifest.json'
For more information check: https://developer.mozilla.org/en-US/docs/Web/HTTP/Status/403",2026-07-17T19:05:42.733481
lapresse,bd6t5117966g,,failed,0,0,,http_manifest,known,403,manifest,"Client error '403 ' for url 'https://openapiproext.bnf.fr/iiif/presentation/v3/ark:/12148/bd6t5117966g/manifest.json'
For more information check: https://developer.mozilla.org/en-US/docs/Web/HTTP/Status/403",2026-07-17T19:05:43.936822
lapresse,bd6t5117967v,,failed,0,0,,http_manifest,known,403,manifest,"Client error '403 ' for url 'https://openapiproext.bnf.fr/iiif/presentation/v3/ark:/12148/bd6t5117967v/manifest.json'
For more information check: https://developer.mozilla.org/en-US/docs/Web/HTTP/Status/403",2026-07-17T19:05:45.140830
lapresse,bd6t51179687,,failed,0,0,,http_manifest,known,403,manifest,"Client error '403 ' for url 'https://openapiproext.bnf.fr/iiif/presentation/v3/ark:/12148/bd6t51179687/manifest.json'
For more information check: https://developer.mozilla.org/en-US/docs/Web/HTTP/Status/403",2026-07-17T19:05:46.338775
lapresse,bd6t5117969m,,failed,0,0,,http_manifest,known,403,manifest,"Client error '403 ' for url 'https://openapiproext.bnf.fr/iiif/presentation/v3/ark:/12148/bd6t5117969m/manifest.json'
For more information check: https://developer.mozilla.org/en-US/docs/Web/HTTP/Status/403",2026-07-17T19:05:47.544351
lapresse,bd6t5117970j,,failed,0,0,,http_manifest,known,403,manifest,"Client error '403 ' for url 'https://openapiproext.bnf.fr/iiif/presentation/v3/ark:/12148/bd6t5117970j/manifest.json'
For more information check: https://developer.mozilla.org/en-US/docs/Web/HTTP/Status/403",2026-07-17T19:05:48.744326
lapresse,bd6t5117971x,,failed,0,0,,http_manifest,known,403,manifest,"Client error '403 ' for url 'https://openapiproext.bnf.fr/iiif/presentation/v3/ark:/12148/bd6t5117971x/manifest.json'
For more information check: https://developer.mozilla.org/en-US/docs/Web/HTTP/Status/403",2026-07-17T19:05:49.944361
lapresse,bd6t51179729,,failed,0,0,,http_manifest,known,403,manifest,"Client error '403 ' for url 'https://openapiproext.bnf.fr/iiif/presentation/v3/ark:/12148/bd6t51179729/manifest.json'
For more information check: https://developer.mozilla.org/en-US/docs/Web/HTTP/Status/403",2026-07-17T19:05:51.145663
lapresse,bd6t5117973p,,failed,0,0,,http_manifest,known,403,manifest,"Client error '403 ' for url 'https://openapiproext.bnf.fr/iiif/presentation/v3/ark:/12148/bd6t5117973p/manifest.json'
For more information check: https://developer.mozilla.org/en-US/docs/Web/HTTP/Status/403",2026-07-17T19:05:52.348352
lapresse,bd6t51179742,,failed,0,0,,http_manifest,known,403,manifest,"Client error '403 ' for url 'https://openapiproext.bnf.fr/iiif/presentation/v3/ark:/12148/bd6t51179742/manifest.json'
For more information check: https://developer.mozilla.org/en-US/docs/Web/HTTP/Status/403",2026-07-17T19:05:53.550500
lapresse,bd6t5117975f,,failed,0,0,,http_manifest,known,403,manifest,"Client error '403 ' for url 'https://openapiproext.bnf.fr/iiif/presentation/v3/ark:/12148/bd6t5117975f/manifest.json'
For more information check: https://developer.mozilla.org/en-US/docs/Web/HTTP/Status/403",2026-07-17T19:05:54.764045
lapresse,bd6t5117976t,,failed,0,0,,http_manifest,known,403,manifest,"Client error '403 ' for url 'https://openapiproext.bnf.fr/iiif/presentation/v3/ark:/12148/bd6t5117976t/manifest.json'
For more information check: https://developer.mozilla.org/en-US/docs/Web/HTTP/Status/403",2026-07-17T19:05:55.954596
lapresse,bd6t51179776,,failed,0,0,,http_manifest,known,403,manifest,"Client error '403 ' for url 'https://openapiproext.bnf.fr/iiif/presentation/v3/ark:/12148/bd6t51179776/manifest.json'
For more information check: https://developer.mozilla.org/en-US/docs/Web/HTTP/Status/403",2026-07-17T19:05:57.156732
lapresse,bd6t5117978k,,failed,0,0,,http_manifest,known,403,manifest,"Client error '403 ' for url 'https://openapiproext.bnf.fr/iiif/presentation/v3/ark:/12148/bd6t5117978k/manifest.json'
For more information check: https://developer.mozilla.org/en-US/docs/Web/HTTP/Status/403",2026-07-17T19:05:58.452774
lapresse,bd6t5117979z,,failed,0,0,,http_manifest,known,403,manifest,"Client error '403 ' for url 'https://openapiproext.bnf.fr/iiif/presentation/v3/ark:/12148/bd6t5117979z/manifest.json'
For more information check: https://developer.mozilla.org/en-US/docs/Web/HTTP/Status/403",2026-07-17T19:05:59.742980
lapresse,bd6t5117980w,,failed,0,0,,http_manifest,known,403,manifest,"Client error '403 ' for url 'https://openapiproext.bnf.fr/iiif/presentation/v3/ark:/12148/bd6t5117980w/manifest.json'
For more information check: https://developer.mozilla.org/en-US/docs/Web/HTTP/Status/403",2026-07-17T19:06:00.768205
lapresse,bd6t51179818,,failed,0,0,,http_manifest,known,403,manifest,"Client error '403 ' for url 'https://openapiproext.bnf.fr/iiif/presentation/v3/ark:/12148/bd6t51179818/manifest.json'
For more information check: https://developer.mozilla.org/en-US/docs/Web/HTTP/Status/403",2026-07-17T19:06:02.076283
lapresse,bd6t5117982n,,failed,0,0,,http_manifest,known,403,manifest,"Client error '403 ' for url 'https://openapiproext.bnf.fr/iiif/presentation/v3/ark:/12148/bd6t5117982n/manifest.json'
For more information check: https://developer.mozilla.org/en-US/docs/Web/HTTP/Status/403",2026-07-17T19:06:03.167213
lapresse,bd6t51179831,,failed,0,0,,http_manifest,known,403,manifest,"Client error '403 ' for url 'https://openapiproext.bnf.fr/iiif/presentation/v3/ark:/12148/bd6t51179831/manifest.json'
For more information check: https://developer.mozilla.org/en-US/docs/Web/HTTP/Status/403",2026-07-17T19:06:04.484038
lapresse,bd6t5117984d,,failed,0,0,,http_manifest,known,403,manifest,"Client error '403 ' for url 'https://openapiproext.bnf.fr/iiif/presentation/v3/ark:/12148/bd6t5117984d/manifest.json'
For more information check: https://developer.mozilla.org/en-US/docs/Web/HTTP/Status/403",2026-07-17T19:06:05.787768
lapresse,bd6t5117985s,,failed,0,0,,http_manifest,known,403,manifest,"Client error '403 ' for url 'https://openapiproext.bnf.fr/iiif/presentation/v3/ark:/12148/bd6t5117985s/manifest.json'
For more information check: https://developer.mozilla.org/en-US/docs/Web/HTTP/Status/403",2026-07-17T19:06:07.037774
lapresse,bd6t51179865,,failed,0,0,,http_manifest,known,403,manifest,"Client error '403 ' for url 'https://openapiproext.bnf.fr/iiif/presentation/v3/ark:/12148/bd6t51179865/manifest.json'
For more information check: https://developer.mozilla.org/en-US/docs/Web/HTTP/Status/403",2026-07-17T19:06:08.136915
lapresse,bd6t5117987j,,failed,0,0,,http_manifest,known,403,manifest,"Client error '403 ' for url 'https://openapiproext.bnf.fr/iiif/presentation/v3/ark:/12148/bd6t5117987j/manifest.json'
For more information check: https://developer.mozilla.org/en-US/docs/Web/HTTP/Status/403",2026-07-17T19:06:09.175694
lapresse,bd6t5117988x,,failed,0,0,,http_manifest,known,403,manifest,"Client error '403 ' for url 'https://openapiproext.bnf.fr/iiif/presentation/v3/ark:/12148/bd6t5117988x/manifest.json'
For more information check: https://developer.mozilla.org/en-US/docs/Web/HTTP/Status/403",2026-07-17T19:06:10.482087
lapresse,bd6t5117462d,,failed,0,0,,http_manifest,known,403,manifest,"Client error '403 ' for url 'https://openapiproext.bnf.fr/iiif/presentation/v3/ark:/12148/bd6t5117462d/manifest.json'
For more information check: https://developer.mozilla.org/en-US/docs/Web/HTTP/Status/403",2026-07-17T19:06:11.579360
lapresse,bd6t5117463s,,failed,0,0,,http_manifest,known,403,manifest,"Client error '403 ' for url 'https://openapiproext.bnf.fr/iiif/presentation/v3/ark:/12148/bd6t5117463s/manifest.json'
For more information check: https://developer.mozilla.org/en-US/docs/Web/HTTP/Status/403",2026-07-17T19:06:12.799991
lapresse,bd6t51174645,,failed,0,0,,http_manifest,known,403,manifest,"Client error '403 ' for url 'https://openapiproext.bnf.fr/iiif/presentation/v3/ark:/12148/bd6t51174645/manifest.json'
For more information check: https://developer.mozilla.org/en-US/docs/Web/HTTP/Status/403",2026-07-17T19:06:13.989373
lapresse,bd6t5117465j,,failed,0,0,,http_manifest,known,403,manifest,"Client error '403 ' for url 'https://openapiproext.bnf.fr/iiif/presentation/v3/ark:/12148/bd6t5117465j/manifest.json'
For more information check: https://developer.mozilla.org/en-US/docs/Web/HTTP/Status/403",2026-07-17T19:06:15.179949
lapresse,bd6t5117466x,,failed,0,0,,http_manifest,known,403,manifest,"Client error '403 ' for url 'https://openapiproext.bnf.fr/iiif/presentation/v3/ark:/12148/bd6t5117466x/manifest.json'
For more information check: https://developer.mozilla.org/en-US/docs/Web/HTTP/Status/403",2026-07-17T19:06:16.380779
lapresse,bd6t51174679,,failed,0,0,,http_manifest,known,403,manifest,"Client error '403 ' for url 'https://openapiproext.bnf.fr/iiif/presentation/v3/ark:/12148/bd6t51174679/manifest.json'
For more information check: https://developer.mozilla.org/en-US/docs/Web/HTTP/Status/403",2026-07-17T19:06:17.580487
lapresse,bd6t5117468p,,failed,0,0,,http_manifest,known,403,manifest,"Client error '403 ' for url 'https://openapiproext.bnf.fr/iiif/presentation/v3/ark:/12148/bd6t5117468p/manifest.json'
For more information check: https://developer.mozilla.org/en-US/docs/Web/HTTP/Status/403",2026-07-17T19:06:18.788126
lapresse,bd6t51174692,,failed,0,0,,http_manifest,known,403,manifest,"Client error '403 ' for url 'https://openapiproext.bnf.fr/iiif/presentation/v3/ark:/12148/bd6t51174692/manifest.json'
For more information check: https://developer.mozilla.org/en-US/docs/Web/HTTP/Status/403",2026-07-17T19:06:19.985763
lapresse,bd6t51174700,,failed,0,0,,http_manifest,known,403,manifest,"Client error '403 ' for url 'https://openapiproext.bnf.fr/iiif/presentation/v3/ark:/12148/bd6t51174700/manifest.json'
For more information check: https://developer.mozilla.org/en-US/docs/Web/HTTP/Status/403",2026-07-17T19:06:21.190830
lapresse,bd6t5117471c,,failed,0,0,,http_manifest,known,403,manifest,"Client error '403 ' for url 'https://openapiproext.bnf.fr/iiif/presentation/v3/ark:/12148/bd6t5117471c/manifest.json'
For more information check: https://developer.mozilla.org/en-US/docs/Web/HTTP/Status/403",2026-07-17T19:06:22.386020
lapresse,bd6t5117472r,,failed,0,0,,http_manifest,known,403,manifest,"Client error '403 ' for url 'https://openapiproext.bnf.fr/iiif/presentation/v3/ark:/12148/bd6t5117472r/manifest.json'
For more information check: https://developer.mozilla.org/en-US/docs/Web/HTTP/Status/403",2026-07-17T19:06:23.587044
lapresse,bd6t51174734,,failed,0,0,,http_manifest,known,403,manifest,"Client error '403 ' for url 'https://openapiproext.bnf.fr/iiif/presentation/v3/ark:/12148/bd6t51174734/manifest.json'
For more information check: https://developer.mozilla.org/en-US/docs/Web/HTTP/Status/403",2026-07-17T19:06:24.790955
lapresse,bd6t5117474h,,failed,0,0,,http_manifest,known,403,manifest,"Client error '403 ' for url 'https://openapiproext.bnf.fr/iiif/presentation/v3/ark:/12148/bd6t5117474h/manifest.json'
For more information check: https://developer.mozilla.org/en-US/docs/Web/HTTP/Status/403",2026-07-17T19:06:25.992021
lapresse,bd6t5117475w,,failed,0,0,,http_manifest,known,403,manifest,"Client error '403 ' for url 'https://openapiproext.bnf.fr/iiif/presentation/v3/ark:/12148/bd6t5117475w/manifest.json'
For more information check: https://developer.mozilla.org/en-US/docs/Web/HTTP/Status/403",2026-07-17T19:06:27.198058
lapresse,bd6t51174768,,failed,0,0,,http_manifest,known,403,manifest,"Client error '403 ' for url 'https://openapiproext.bnf.fr/iiif/presentation/v3/ark:/12148/bd6t51174768/manifest.json'
For more information check: https://developer.mozilla.org/en-US/docs/Web/HTTP/Status/403",2026-07-17T19:06:28.394713
lapresse,bd6t5117477n,,failed,0,0,,http_manifest,known,403,manifest,"Client error '403 ' for url 'https://openapiproext.bnf.fr/iiif/presentation/v3/ark:/12148/bd6t5117477n/manifest.json'
For more information check: https://developer.mozilla.org/en-US/docs/Web/HTTP/Status/403",2026-07-17T19:06:29.598209
lapresse,bd6t51174781,,failed,0,0,,http_manifest,known,403,manifest,"Client error '403 ' for url 'https://openapiproext.bnf.fr/iiif/presentation/v3/ark:/12148/bd6t51174781/manifest.json'
For more information check: https://developer.mozilla.org/en-US/docs/Web/HTTP/Status/403",2026-07-17T19:06:30.796106
lapresse,bd6t5117479d,,failed,0,0,,http_manifest,known,403,manifest,"Client error '403 ' for url 'https://openapiproext.bnf.fr/iiif/presentation/v3/ark:/12148/bd6t5117479d/manifest.json'
For more information check: https://developer.mozilla.org/en-US/docs/Web/HTTP/Status/403",2026-07-17T19:06:32.004295
lapresse,bd6t5117480b,,failed,0,0,,http_manifest,known,403,manifest,"Client error '403 ' for url 'https://openapiproext.bnf.fr/iiif/presentation/v3/ark:/12148/bd6t5117480b/manifest.json'
For more information check: https://developer.mozilla.org/en-US/docs/Web/HTTP/Status/403",2026-07-17T19:06:33.202310
lapresse,bd6t5117481q,,failed,0,0,,http_manifest,known,403,manifest,"Client error '403 ' for url 'https://openapiproext.bnf.fr/iiif/presentation/v3/ark:/12148/bd6t5117481q/manifest.json'
For more information check: https://developer.mozilla.org/en-US/docs/Web/HTTP/Status/403",2026-07-17T19:06:34.402236
lapresse,bd6t51174823,,failed,0,0,,http_manifest,known,403,manifest,"Client error '403 ' for url 'https://openapiproext.bnf.fr/iiif/presentation/v3/ark:/12148/bd6t51174823/manifest.json'
For more information check: https://developer.mozilla.org/en-US/docs/Web/HTTP/Status/403",2026-07-17T19:06:35.603885
lapresse,bd6t5117483g,,failed,0,0,,http_manifest,known,403,manifest,"Client error '403 ' for url 'https://openapiproext.bnf.fr/iiif/presentation/v3/ark:/12148/bd6t5117483g/manifest.json'
For more information check: https://developer.mozilla.org/en-US/docs/Web/HTTP/Status/403",2026-07-17T19:06:36.806301
lapresse,bd6t5117484v,,failed,0,0,,http_manifest,known,403,manifest,"Client error '403 ' for url 'https://openapiproext.bnf.fr/iiif/presentation/v3/ark:/12148/bd6t5117484v/manifest.json'
For more information check: https://developer.mozilla.org/en-US/docs/Web/HTTP/Status/403",2026-07-17T19:06:38.008119
lapresse,bd6t51174857,,failed,0,0,,http_manifest,known,403,manifest,"Client error '403 ' for url 'https://openapiproext.bnf.fr/iiif/presentation/v3/ark:/12148/bd6t51174857/manifest.json'
For more information check: https://developer.mozilla.org/en-US/docs/Web/HTTP/Status/403",2026-07-17T19:06:39.212252
lapresse,bd6t5117486m,,failed,0,0,,http_manifest,known,403,manifest,"Client error '403 ' for url 'https://openapiproext.bnf.fr/iiif/presentation/v3/ark:/12148/bd6t5117486m/manifest.json'
For more information check: https://developer.mozilla.org/en-US/docs/Web/HTTP/Status/403",2026-07-17T19:06:40.410675
lapresse,bd6t51174870,,failed,0,0,,http_manifest,known,403,manifest,"Client error '403 ' for url 'https://openapiproext.bnf.fr/iiif/presentation/v3/ark:/12148/bd6t51174870/manifest.json'
For more information check: https://developer.mozilla.org/en-US/docs/Web/HTTP/Status/403",2026-07-17T19:06:41.610717
lapresse,bd6t5117513c,,failed,0,0,,http_manifest,known,403,manifest,"Client error '403 ' for url 'https://openapiproext.bnf.fr/iiif/presentation/v3/ark:/12148/bd6t5117513c/manifest.json'
For more information check: https://developer.mozilla.org/en-US/docs/Web/HTTP/Status/403",2026-07-17T19:06:42.812766
lapresse,bd6t5117514r,,failed,0,0,,http_manifest,known,403,manifest,"Client error '403 ' for url 'https://openapiproext.bnf.fr/iiif/presentation/v3/ark:/12148/bd6t5117514r/manifest.json'
For more information check: https://developer.mozilla.org/en-US/docs/Web/HTTP/Status/403",2026-07-17T19:06:44.015937
lapresse,bd6t51175154,,failed,0,0,,http_manifest,known,403,manifest,"Client error '403 ' for url 'https://openapiproext.bnf.fr/iiif/presentation/v3/ark:/12148/bd6t51175154/manifest.json'
For more information check: https://developer.mozilla.org/en-US/docs/Web/HTTP/Status/403",2026-07-17T19:06:45.217036
lapresse,bd6t5117516h,,failed,0,0,,http_manifest,known,403,manifest,"Client error '403 ' for url 'https://openapiproext.bnf.fr/iiif/presentation/v3/ark:/12148/bd6t5117516h/manifest.json'
For more information check: https://developer.mozilla.org/en-US/docs/Web/HTTP/Status/403",2026-07-17T19:06:46.422041
lapresse,bd6t5117517w,,failed,0,0,,http_manifest,known,403,manifest,"Client error '403 ' for url 'https://openapiproext.bnf.fr/iiif/presentation/v3/ark:/12148/bd6t5117517w/manifest.json'
For more information check: https://developer.mozilla.org/en-US/docs/Web/HTTP/Status/403",2026-07-17T19:06:47.623941
lapresse,bd6t51175188,,failed,0,0,,http_manifest,known,403,manifest,"Client error '403 ' for url 'https://openapiproext.bnf.fr/iiif/presentation/v3/ark:/12148/bd6t51175188/manifest.json'
For more information check: https://developer.mozilla.org/en-US/docs/Web/HTTP/Status/403",2026-07-17T19:06:48.822287
lapresse,bd6t5117519n,,failed,0,0,,http_manifest,known,403,manifest,"Client error '403 ' for url 'https://openapiproext.bnf.fr/iiif/presentation/v3/ark:/12148/bd6t5117519n/manifest.json'
For more information check: https://developer.mozilla.org/en-US/docs/Web/HTTP/Status/403",2026-07-17T19:06:50.019768
lapresse,bd6t5117520k,,failed,0,0,,http_manifest,known,403,manifest,"Client error '403 ' for url 'https://openapiproext.bnf.fr/iiif/presentation/v3/ark:/12148/bd6t5117520k/manifest.json'
For more information check: https://developer.mozilla.org/en-US/docs/Web/HTTP/Status/403",2026-07-17T19:06:51.225617
lapresse,bd6t5117521z,,failed,0,0,,http_manifest,known,403,manifest,"Client error '403 ' for url 'https://openapiproext.bnf.fr/iiif/presentation/v3/ark:/12148/bd6t5117521z/manifest.json'
For more information check: https://developer.mozilla.org/en-US/docs/Web/HTTP/Status/403",2026-07-17T19:06:52.431983
lapresse,bd6t5117522b,,failed,0,0,,http_manifest,known,403,manifest,"Client error '403 ' for url 'https://openapiproext.bnf.fr/iiif/presentation/v3/ark:/12148/bd6t5117522b/manifest.json'
For more information check: https://developer.mozilla.org/en-US/docs/Web/HTTP/Status/403",2026-07-17T19:06:53.626455
lapresse,bd6t5117523q,,failed,0,0,,http_manifest,known,403,manifest,"Client error '403 ' for url 'https://openapiproext.bnf.fr/iiif/presentation/v3/ark:/12148/bd6t5117523q/manifest.json'
For more information check: https://developer.mozilla.org/en-US/docs/Web/HTTP/Status/403",2026-07-17T19:06:54.830598
lapresse,bd6t51175243,,failed,0,0,,http_manifest,known,403,manifest,"Client error '403 ' for url 'https://openapiproext.bnf.fr/iiif/presentation/v3/ark:/12148/bd6t51175243/manifest.json'
For more information check: https://developer.mozilla.org/en-US/docs/Web/HTTP/Status/403",2026-07-17T19:06:56.030082
lapresse,bd6t5117525g,,failed,0,0,,http_manifest,known,403,manifest,"Client error '403 ' for url 'https://openapiproext.bnf.fr/iiif/presentation/v3/ark:/12148/bd6t5117525g/manifest.json'
For more information check: https://developer.mozilla.org/en-US/docs/Web/HTTP/Status/403",2026-07-17T19:06:57.235308
lapresse,bd6t5117526v,,failed,0,0,,http_manifest,known,403,manifest,"Client error '403 ' for url 'https://openapiproext.bnf.fr/iiif/presentation/v3/ark:/12148/bd6t5117526v/manifest.json'
For more information check: https://developer.mozilla.org/en-US/docs/Web/HTTP/Status/403",2026-07-17T19:06:58.477349
lapresse,bd6t51175277,,failed,0,0,,http_manifest,known,403,manifest,"Client error '403 ' for url 'https://openapiproext.bnf.fr/iiif/presentation/v3/ark:/12148/bd6t51175277/manifest.json'
For more information check: https://developer.mozilla.org/en-US/docs/Web/HTTP/Status/403",2026-07-17T19:06:59.846950
lapresse,bd6t5117528m,,failed,0,0,,http_manifest,known,403,manifest,"Client error '403 ' for url 'https://openapiproext.bnf.fr/iiif/presentation/v3/ark:/12148/bd6t5117528m/manifest.json'
For more information check: https://developer.mozilla.org/en-US/docs/Web/HTTP/Status/403",2026-07-17T19:07:00.835701
lapresse,bd6t51175290,,failed,0,0,,http_manifest,known,403,manifest,"Client error '403 ' for url 'https://openapiproext.bnf.fr/iiif/presentation/v3/ark:/12148/bd6t51175290/manifest.json'
For more information check: https://developer.mozilla.org/en-US/docs/Web/HTTP/Status/403",2026-07-17T19:07:02.057508
lapresse,bd6t5117530x,,failed,0,0,,http_manifest,known,403,manifest,"Client error '403 ' for url 'https://openapiproext.bnf.fr/iiif/presentation/v3/ark:/12148/bd6t5117530x/manifest.json'
For more information check: https://developer.mozilla.org/en-US/docs/Web/HTTP/Status/403",2026-07-17T19:07:03.237974
lapresse,bd6t51175319,,failed,0,0,,http_manifest,known,403,manifest,"Client error '403 ' for url 'https://openapiproext.bnf.fr/iiif/presentation/v3/ark:/12148/bd6t51175319/manifest.json'
For more information check: https://developer.mozilla.org/en-US/docs/Web/HTTP/Status/403",2026-07-17T19:07:04.510410
lapresse,bd6t5117532p,,failed,0,0,,http_manifest,known,403,manifest,"Client error '403 ' for url 'https://openapiproext.bnf.fr/iiif/presentation/v3/ark:/12148/bd6t5117532p/manifest.json'
For more information check: https://developer.mozilla.org/en-US/docs/Web/HTTP/Status/403",2026-07-17T19:07:05.797142
lapresse,bd6t51175332,,failed,0,0,,http_manifest,known,403,manifest,"Client error '403 ' for url 'https://openapiproext.bnf.fr/iiif/presentation/v3/ark:/12148/bd6t51175332/manifest.json'
For more information check: https://developer.mozilla.org/en-US/docs/Web/HTTP/Status/403",2026-07-17T19:07:07.026660
lapresse,bd6t5117534f,,failed,0,0,,http_manifest,known,403,manifest,"Client error '403 ' for url 'https://openapiproext.bnf.fr/iiif/presentation/v3/ark:/12148/bd6t5117534f/manifest.json'
For more information check: https://developer.mozilla.org/en-US/docs/Web/HTTP/Status/403",2026-07-17T19:07:08.062483
lapresse,bd6t5117535t,,failed,0,0,,http_manifest,known,403,manifest,"Client error '403 ' for url 'https://openapiproext.bnf.fr/iiif/presentation/v3/ark:/12148/bd6t5117535t/manifest.json'
For more information check: https://developer.mozilla.org/en-US/docs/Web/HTTP/Status/403",2026-07-17T19:07:09.248490
lapresse,bd6t51175366,,failed,0,0,,http_manifest,known,403,manifest,"Client error '403 ' for url 'https://openapiproext.bnf.fr/iiif/presentation/v3/ark:/12148/bd6t51175366/manifest.json'
For more information check: https://developer.mozilla.org/en-US/docs/Web/HTTP/Status/403",2026-07-17T19:07:10.451487
lapresse,bd6t5117537k,,failed,0,0,,http_manifest,known,403,manifest,"Client error '403 ' for url 'https://openapiproext.bnf.fr/iiif/presentation/v3/ark:/12148/bd6t5117537k/manifest.json'
For more information check: https://developer.mozilla.org/en-US/docs/Web/HTTP/Status/403",2026-07-17T19:07:11.804917
lapresse,bd6t5117538z,,failed,0,0,,http_manifest,known,403,manifest,"Client error '403 ' for url 'https://openapiproext.bnf.fr/iiif/presentation/v3/ark:/12148/bd6t5117538z/manifest.json'
For more information check: https://developer.mozilla.org/en-US/docs/Web/HTTP/Status/403",2026-07-17T19:07:13.053858
lapresse,bd6t51177766,,failed,0,0,,http_manifest,known,403,manifest,"Client error '403 ' for url 'https://openapiproext.bnf.fr/iiif/presentation/v3/ark:/12148/bd6t51177766/manifest.json'
For more information check: https://developer.mozilla.org/en-US/docs/Web/HTTP/Status/403",2026-07-17T19:07:14.074237
lapresse,bd6t5117777k,,failed,0,0,,http_manifest,known,403,manifest,"Client error '403 ' for url 'https://openapiproext.bnf.fr/iiif/presentation/v3/ark:/12148/bd6t5117777k/manifest.json'
For more information check: https://developer.mozilla.org/en-US/docs/Web/HTTP/Status/403",2026-07-17T19:07:15.347512
lapresse,bd6t5117778z,,failed,0,0,,http_manifest,known,403,manifest,"Client error '403 ' for url 'https://openapiproext.bnf.fr/iiif/presentation/v3/ark:/12148/bd6t5117778z/manifest.json'
For more information check: https://developer.mozilla.org/en-US/docs/Web/HTTP/Status/403",2026-07-17T19:07:16.461241
lapresse,bd6t5117779b,,failed,0,0,,http_manifest,known,403,manifest,"Client error '403 ' for url 'https://openapiproext.bnf.fr/iiif/presentation/v3/ark:/12148/bd6t5117779b/manifest.json'
For more information check: https://developer.mozilla.org/en-US/docs/Web/HTTP/Status/403",2026-07-17T19:07:17.661001
lapresse,bd6t51177808,,failed,0,0,,http_manifest,known,403,manifest,"Client error '403 ' for url 'https://openapiproext.bnf.fr/iiif/presentation/v3/ark:/12148/bd6t51177808/manifest.json'
For more information check: https://developer.mozilla.org/en-US/docs/Web/HTTP/Status/403",2026-07-17T19:07:18.882622
lapresse,bd6t5117781n,,failed,0,0,,http_manifest,known,403,manifest,"Client error '403 ' for url 'https://openapiproext.bnf.fr/iiif/presentation/v3/ark:/12148/bd6t5117781n/manifest.json'
For more information check: https://developer.mozilla.org/en-US/docs/Web/HTTP/Status/403",2026-07-17T19:07:20.058877
lapresse,bd6t51177821,,failed,0,0,,http_manifest,known,403,manifest,"Client error '403 ' for url 'https://openapiproext.bnf.fr/iiif/presentation/v3/ark:/12148/bd6t51177821/manifest.json'
For more information check: https://developer.mozilla.org/en-US/docs/Web/HTTP/Status/403",2026-07-17T19:07:22.199074
lapresse,bd6t5117783d,,failed,0,0,,http_manifest,known,403,manifest,"Client error '403 ' for url 'https://openapiproext.bnf.fr/iiif/presentation/v3/ark:/12148/bd6t5117783d/manifest.json'
For more information check: https://developer.mozilla.org/en-US/docs/Web/HTTP/Status/403",2026-07-17T19:07:22.467254
lapresse,bd6t5117784s,,failed,0,0,,http_manifest,known,403,manifest,"Client error '403 ' for url 'https://openapiproext.bnf.fr/iiif/presentation/v3/ark:/12148/bd6t5117784s/manifest.json'
For more information check: https://developer.mozilla.org/en-US/docs/Web/HTTP/Status/403",2026-07-17T19:07:23.666323
lapresse,bd6t51177855,,failed,0,0,,http_manifest,known,403,manifest,"Client error '403 ' for url 'https://openapiproext.bnf.fr/iiif/presentation/v3/ark:/12148/bd6t51177855/manifest.json'
For more information check: https://developer.mozilla.org/en-US/docs/Web/HTTP/Status/403",2026-07-17T19:07:24.868641
lapresse,bd6t5117786j,,failed,0,0,,http_manifest,known,403,manifest,"Client error '403 ' for url 'https://openapiproext.bnf.fr/iiif/presentation/v3/ark:/12148/bd6t5117786j/manifest.json'
For more information check: https://developer.mozilla.org/en-US/docs/Web/HTTP/Status/403",2026-07-17T19:07:26.077638
lapresse,bd6t5117787x,,failed,0,0,,http_manifest,known,403,manifest,"Client error '403 ' for url 'https://openapiproext.bnf.fr/iiif/presentation/v3/ark:/12148/bd6t5117787x/manifest.json'
For more information check: https://developer.mozilla.org/en-US/docs/Web/HTTP/Status/403",2026-07-17T19:07:27.268999
lapresse,bd6t51177889,,failed,0,0,,http_manifest,known,403,manifest,"Client error '403 ' for url 'https://openapiproext.bnf.fr/iiif/presentation/v3/ark:/12148/bd6t51177889/manifest.json'
For more information check: https://developer.mozilla.org/en-US/docs/Web/HTTP/Status/403",2026-07-17T19:07:28.471387
lapresse,bd6t5117789p,,failed,0,0,,http_manifest,known,403,manifest,"Client error '403 ' for url 'https://openapiproext.bnf.fr/iiif/presentation/v3/ark:/12148/bd6t5117789p/manifest.json'
For more information check: https://developer.mozilla.org/en-US/docs/Web/HTTP/Status/403",2026-07-17T19:07:29.687142
lapresse,bd6t5117790m,,failed,0,0,,http_manifest,known,403,manifest,"Client error '403 ' for url 'https://openapiproext.bnf.fr/iiif/presentation/v3/ark:/12148/bd6t5117790m/manifest.json'
For more information check: https://developer.mozilla.org/en-US/docs/Web/HTTP/Status/403",2026-07-17T19:07:30.876246
lapresse,bd6t51177910,,failed,0,0,,http_manifest,known,403,manifest,"Client error '403 ' for url 'https://openapiproext.bnf.fr/iiif/presentation/v3/ark:/12148/bd6t51177910/manifest.json'
For more information check: https://developer.mozilla.org/en-US/docs/Web/HTTP/Status/403",2026-07-17T19:07:32.082009
lapresse,bd6t5117792c,,failed,0,0,,http_manifest,known,403,manifest,"Client error '403 ' for url 'https://openapiproext.bnf.fr/iiif/presentation/v3/ark:/12148/bd6t5117792c/manifest.json'
For more information check: https://developer.mozilla.org/en-US/docs/Web/HTTP/Status/403",2026-07-17T19:07:33.284406
lapresse,bd6t5117793r,,failed,0,0,,http_manifest,known,403,manifest,"Client error '403 ' for url 'https://openapiproext.bnf.fr/iiif/presentation/v3/ark:/12148/bd6t5117793r/manifest.json'
For more information check: https://developer.mozilla.org/en-US/docs/Web/HTTP/Status/403",2026-07-17T19:07:34.483932
lapresse,bd6t51177944,,failed,0,0,,http_manifest,known,403,manifest,"Client error '403 ' for url 'https://openapiproext.bnf.fr/iiif/presentation/v3/ark:/12148/bd6t51177944/manifest.json'
For more information check: https://developer.mozilla.org/en-US/docs/Web/HTTP/Status/403",2026-07-17T19:07:35.683206
lapresse,bd6t5117795h,,failed,0,0,,http_manifest,known,403,manifest,"Client error '403 ' for url 'https://openapiproext.bnf.fr/iiif/presentation/v3/ark:/12148/bd6t5117795h/manifest.json'
For more information check: https://developer.mozilla.org/en-US/docs/Web/HTTP/Status/403",2026-07-17T19:07:36.883029
lapresse,bd6t5117796w,,failed,0,0,,http_manifest,known,403,manifest,"Client error '403 ' for url 'https://openapiproext.bnf.fr/iiif/presentation/v3/ark:/12148/bd6t5117796w/manifest.json'
For more information check: https://developer.mozilla.org/en-US/docs/Web/HTTP/Status/403",2026-07-17T19:07:38.086275
lapresse,bd6t51177978,,failed,0,0,,http_manifest,known,403,manifest,"Client error '403 ' for url 'https://openapiproext.bnf.fr/iiif/presentation/v3/ark:/12148/bd6t51177978/manifest.json'
For more information check: https://developer.mozilla.org/en-US/docs/Web/HTTP/Status/403",2026-07-17T19:07:39.288477
lapresse,bd6t5117798n,,failed,0,0,,http_manifest,known,403,manifest,"Client error '403 ' for url 'https://openapiproext.bnf.fr/iiif/presentation/v3/ark:/12148/bd6t5117798n/manifest.json'
For more information check: https://developer.mozilla.org/en-US/docs/Web/HTTP/Status/403",2026-07-17T19:07:40.488206
lapresse,bd6t51177991,,failed,0,0,,http_manifest,known,403,manifest,"Client error '403 ' for url 'https://openapiproext.bnf.fr/iiif/presentation/v3/ark:/12148/bd6t51177991/manifest.json'
For more information check: https://developer.mozilla.org/en-US/docs/Web/HTTP/Status/403",2026-07-17T19:07:41.710817
lapresse,bd6t5117800t,,failed,0,0,,http_manifest,known,403,manifest,"Client error '403 ' for url 'https://openapiproext.bnf.fr/iiif/presentation/v3/ark:/12148/bd6t5117800t/manifest.json'
For more information check: https://developer.mozilla.org/en-US/docs/Web/HTTP/Status/403",2026-07-17T19:07:42.894655
lapresse,bd6t51178016,,failed,0,0,,http_manifest,known,403,manifest,"Client error '403 ' for url 'https://openapiproext.bnf.fr/iiif/presentation/v3/ark:/12148/bd6t51178016/manifest.json'
For more information check: https://developer.mozilla.org/en-US/docs/Web/HTTP/Status/403",2026-07-17T19:07:44.096012
lapresse,bd6t51179899,,failed,0,0,,http_manifest,known,403,manifest,"Client error '403 ' for url 'https://openapiproext.bnf.fr/iiif/presentation/v3/ark:/12148/bd6t51179899/manifest.json'
For more information check: https://developer.mozilla.org/en-US/docs/Web/HTTP/Status/403",2026-07-17T19:07:45.332335
lapresse,bd6t51179907,,failed,0,0,,http_manifest,known,403,manifest,"Client error '403 ' for url 'https://openapiproext.bnf.fr/iiif/presentation/v3/ark:/12148/bd6t51179907/manifest.json'
For more information check: https://developer.mozilla.org/en-US/docs/Web/HTTP/Status/403",2026-07-17T19:07:46.504908
lapresse,bd6t5117991m,,failed,0,0,,http_manifest,known,403,manifest,"Client error '403 ' for url 'https://openapiproext.bnf.fr/iiif/presentation/v3/ark:/12148/bd6t5117991m/manifest.json'
For more information check: https://developer.mozilla.org/en-US/docs/Web/HTTP/Status/403",2026-07-17T19:07:47.700417
lapresse,bd6t51179920,,failed,0,0,,http_manifest,known,403,manifest,"Client error '403 ' for url 'https://openapiproext.bnf.fr/iiif/presentation/v3/ark:/12148/bd6t51179920/manifest.json'
For more information check: https://developer.mozilla.org/en-US/docs/Web/HTTP/Status/403",2026-07-17T19:07:48.904457
lapresse,bd6t5117993c,,failed,0,0,,http_manifest,known,403,manifest,"Client error '403 ' for url 'https://openapiproext.bnf.fr/iiif/presentation/v3/ark:/12148/bd6t5117993c/manifest.json'
For more information check: https://developer.mozilla.org/en-US/docs/Web/HTTP/Status/403",2026-07-17T19:07:50.108878
lapresse,bd6t5117994r,,failed,0,0,,http_manifest,known,403,manifest,"Client error '403 ' for url 'https://openapiproext.bnf.fr/iiif/presentation/v3/ark:/12148/bd6t5117994r/manifest.json'
For more information check: https://developer.mozilla.org/en-US/docs/Web/HTTP/Status/403",2026-07-17T19:07:51.333585
lapresse,bd6t51179954,,failed,0,0,,http_manifest,known,403,manifest,"Client error '403 ' for url 'https://openapiproext.bnf.fr/iiif/presentation/v3/ark:/12148/bd6t51179954/manifest.json'
For more information check: https://developer.mozilla.org/en-US/docs/Web/HTTP/Status/403",2026-07-17T19:07:52.513887
lapresse,bd6t5117996h,,failed,0,0,,http_manifest,known,403,manifest,"Client error '403 ' for url 'https://openapiproext.bnf.fr/iiif/presentation/v3/ark:/12148/bd6t5117996h/manifest.json'
For more information check: https://developer.mozilla.org/en-US/docs/Web/HTTP/Status/403",2026-07-17T19:07:53.711613
lapresse,bd6t5117997w,,failed,0,0,,http_manifest,known,403,manifest,"Client error '403 ' for url 'https://openapiproext.bnf.fr/iiif/presentation/v3/ark:/12148/bd6t5117997w/manifest.json'
For more information check: https://developer.mozilla.org/en-US/docs/Web/HTTP/Status/403",2026-07-17T19:07:54.911386
lapresse,bd6t51179988,,failed,0,0,,http_manifest,known,403,manifest,"Client error '403 ' for url 'https://openapiproext.bnf.fr/iiif/presentation/v3/ark:/12148/bd6t51179988/manifest.json'
For more information check: https://developer.mozilla.org/en-US/docs/Web/HTTP/Status/403",2026-07-17T19:07:56.118361
lapresse,bd6t5117999n,,failed,0,0,,http_manifest,known,403,manifest,"Client error '403 ' for url 'https://openapiproext.bnf.fr/iiif/presentation/v3/ark:/12148/bd6t5117999n/manifest.json'
For more information check: https://developer.mozilla.org/en-US/docs/Web/HTTP/Status/403",2026-07-17T19:07:57.315079
lapresse,bd6t5118000m,,failed,0,0,,http_manifest,known,403,manifest,"Client error '403 ' for url 'https://openapiproext.bnf.fr/iiif/presentation/v3/ark:/12148/bd6t5118000m/manifest.json'
For more information check: https://developer.mozilla.org/en-US/docs/Web/HTTP/Status/403",2026-07-17T19:07:58.519096
lapresse,bd6t51180010,,failed,0,0,,http_manifest,known,403,manifest,"Client error '403 ' for url 'https://openapiproext.bnf.fr/iiif/presentation/v3/ark:/12148/bd6t51180010/manifest.json'
For more information check: https://developer.mozilla.org/en-US/docs/Web/HTTP/Status/403",2026-07-17T19:07:59.719129
lapresse,bd6t5118002c,,failed,0,0,,http_manifest,known,403,manifest,"Client error '403 ' for url 'https://openapiproext.bnf.fr/iiif/presentation/v3/ark:/12148/bd6t5118002c/manifest.json'
For more information check: https://developer.mozilla.org/en-US/docs/Web/HTTP/Status/403",2026-07-17T19:08:01.138547
lapresse,bd6t5118003r,,failed,0,0,,http_manifest,known,403,manifest,"Client error '403 ' for url 'https://openapiproext.bnf.fr/iiif/presentation/v3/ark:/12148/bd6t5118003r/manifest.json'
For more information check: https://developer.mozilla.org/en-US/docs/Web/HTTP/Status/403",2026-07-17T19:08:02.122319
lapresse,bd6t51180044,,failed,0,0,,http_manifest,known,403,manifest,"Client error '403 ' for url 'https://openapiproext.bnf.fr/iiif/presentation/v3/ark:/12148/bd6t51180044/manifest.json'
For more information check: https://developer.mozilla.org/en-US/docs/Web/HTTP/Status/403",2026-07-17T19:08:03.334860
lapresse,bd6t5118005h,,failed,0,0,,http_manifest,known,403,manifest,"Client error '403 ' for url 'https://openapiproext.bnf.fr/iiif/presentation/v3/ark:/12148/bd6t5118005h/manifest.json'
For more information check: https://developer.mozilla.org/en-US/docs/Web/HTTP/Status/403",2026-07-17T19:08:04.602562
lapresse,bd6t5118006w,,failed,0,0,,http_manifest,known,403,manifest,"Client error '403 ' for url 'https://openapiproext.bnf.fr/iiif/presentation/v3/ark:/12148/bd6t5118006w/manifest.json'
For more information check: https://developer.mozilla.org/en-US/docs/Web/HTTP/Status/403",2026-07-17T19:08:05.865121
lapresse,bd6t51180078,,failed,0,0,,http_manifest,known,403,manifest,"Client error '403 ' for url 'https://openapiproext.bnf.fr/iiif/presentation/v3/ark:/12148/bd6t51180078/manifest.json'
For more information check: https://developer.mozilla.org/en-US/docs/Web/HTTP/Status/403",2026-07-17T19:08:06.930758
lapresse,bd6t5118008n,,failed,0,0,,http_manifest,known,403,manifest,"Client error '403 ' for url 'https://openapiproext.bnf.fr/iiif/presentation/v3/ark:/12148/bd6t5118008n/manifest.json'
For more information check: https://developer.mozilla.org/en-US/docs/Web/HTTP/Status/403",2026-07-17T19:08:08.126766
lapresse,bd6t51180091,,failed,0,0,,http_manifest,known,403,manifest,"Client error '403 ' for url 'https://openapiproext.bnf.fr/iiif/presentation/v3/ark:/12148/bd6t51180091/manifest.json'
For more information check: https://developer.mozilla.org/en-US/docs/Web/HTTP/Status/403",2026-07-17T19:08:09.334593
lapresse,bd6t5118010z,,failed,0,0,,http_manifest,known,403,manifest,"Client error '403 ' for url 'https://openapiproext.bnf.fr/iiif/presentation/v3/ark:/12148/bd6t5118010z/manifest.json'
For more information check: https://developer.mozilla.org/en-US/docs/Web/HTTP/Status/403",2026-07-17T19:08:10.531041
lapresse,bd6t5118011b,,failed,0,0,,http_manifest,known,403,manifest,"Client error '403 ' for url 'https://openapiproext.bnf.fr/iiif/presentation/v3/ark:/12148/bd6t5118011b/manifest.json'
For more information check: https://developer.mozilla.org/en-US/docs/Web/HTTP/Status/403",2026-07-17T19:08:11.846076
lapresse,bd6t5118012q,,failed,0,0,,http_manifest,known,403,manifest,"Client error '403 ' for url 'https://openapiproext.bnf.fr/iiif/presentation/v3/ark:/12148/bd6t5118012q/manifest.json'
For more information check: https://developer.mozilla.org/en-US/docs/Web/HTTP/Status/403",2026-07-17T19:08:12.944297
lapresse,bd6t51180133,,failed,0,0,,http_manifest,known,403,manifest,"Client error '403 ' for url 'https://openapiproext.bnf.fr/iiif/presentation/v3/ark:/12148/bd6t51180133/manifest.json'
For more information check: https://developer.mozilla.org/en-US/docs/Web/HTTP/Status/403",2026-07-17T19:08:14.138197
lapresse,bd6t5118014g,,failed,0,0,,http_manifest,known,403,manifest,"Client error '403 ' for url 'https://openapiproext.bnf.fr/iiif/presentation/v3/ark:/12148/bd6t5118014g/manifest.json'
For more information check: https://developer.mozilla.org/en-US/docs/Web/HTTP/Status/403",2026-07-17T19:08:15.368293
lapresse,bd6t5118015v,,failed,0,0,,http_manifest,known,403,manifest,"Client error '403 ' for url 'https://openapiproext.bnf.fr/iiif/presentation/v3/ark:/12148/bd6t5118015v/manifest.json'
For more information check: https://developer.mozilla.org/en-US/docs/Web/HTTP/Status/403",2026-07-17T19:08:16.752818
lapresse,bd6t51180167,,failed,0,0,,http_manifest,known,403,manifest,"Client error '403 ' for url 'https://openapiproext.bnf.fr/iiif/presentation/v3/ark:/12148/bd6t51180167/manifest.json'
For more information check: https://developer.mozilla.org/en-US/docs/Web/HTTP/Status/403",2026-07-17T19:08:17.927494
lapresse,bd6t5118017m,,failed,0,0,,http_manifest,known,403,manifest,"Client error '403 ' for url 'https://openapiproext.bnf.fr/iiif/presentation/v3/ark:/12148/bd6t5118017m/manifest.json'
For more information check: https://developer.mozilla.org/en-US/docs/Web/HTTP/Status/403",2026-07-17T19:08:19.118348
lapresse,bd6t51180180,,failed,0,0,,http_manifest,known,403,manifest,"Client error '403 ' for url 'https://openapiproext.bnf.fr/iiif/presentation/v3/ark:/12148/bd6t51180180/manifest.json'
For more information check: https://developer.mozilla.org/en-US/docs/Web/HTTP/Status/403",2026-07-17T19:08:20.147711
lapresse,bd6t5118019c,,failed,0,0,,http_manifest,known,403,manifest,"Client error '403 ' for url 'https://openapiproext.bnf.fr/iiif/presentation/v3/ark:/12148/bd6t5118019c/manifest.json'
For more information check: https://developer.mozilla.org/en-US/docs/Web/HTTP/Status/403",2026-07-17T19:08:21.348607
lapresse,bd6t51180209,,failed,0,0,,http_manifest,known,403,manifest,"Client error '403 ' for url 'https://openapiproext.bnf.fr/iiif/presentation/v3/ark:/12148/bd6t51180209/manifest.json'
For more information check: https://developer.mozilla.org/en-US/docs/Web/HTTP/Status/403",2026-07-17T19:08:22.555462
lapresse,bd6t5118021p,,failed,0,0,,http_manifest,known,403,manifest,"Client error '403 ' for url 'https://openapiproext.bnf.fr/iiif/presentation/v3/ark:/12148/bd6t5118021p/manifest.json'
For more information check: https://developer.mozilla.org/en-US/docs/Web/HTTP/Status/403",2026-07-17T19:08:23.799983
lapresse,bd6t51180222,,failed,0,0,,http_manifest,known,403,manifest,"Client error '403 ' for url 'https://openapiproext.bnf.fr/iiif/presentation/v3/ark:/12148/bd6t51180222/manifest.json'
For more information check: https://developer.mozilla.org/en-US/docs/Web/HTTP/Status/403",2026-07-17T19:08:24.954745
lapresse,bd6t5118023f,,failed,0,0,,http_manifest,known,403,manifest,"Client error '403 ' for url 'https://openapiproext.bnf.fr/iiif/presentation/v3/ark:/12148/bd6t5118023f/manifest.json'
For more information check: https://developer.mozilla.org/en-US/docs/Web/HTTP/Status/403",2026-07-17T19:08:26.160854
lapresse,bd6t5118024t,,failed,0,0,,http_manifest,known,403,manifest,"Client error '403 ' for url 'https://openapiproext.bnf.fr/iiif/presentation/v3/ark:/12148/bd6t5118024t/manifest.json'
For more information check: https://developer.mozilla.org/en-US/docs/Web/HTTP/Status/403",2026-07-17T19:08:27.363353
lapresse,bd6t51180256,,failed,0,0,,http_manifest,known,403,manifest,"Client error '403 ' for url 'https://openapiproext.bnf.fr/iiif/presentation/v3/ark:/12148/bd6t51180256/manifest.json'
For more information check: https://developer.mozilla.org/en-US/docs/Web/HTTP/Status/403",2026-07-17T19:08:28.553347
lapresse,bd6t5118026k,,failed,0,0,,http_manifest,known,403,manifest,"Client error '403 ' for url 'https://openapiproext.bnf.fr/iiif/presentation/v3/ark:/12148/bd6t5118026k/manifest.json'
For more information check: https://developer.mozilla.org/en-US/docs/Web/HTTP/Status/403",2026-07-17T19:08:29.756389
lapresse,bd6t5118027z,,failed,0,0,,http_manifest,known,403,manifest,"Client error '403 ' for url 'https://openapiproext.bnf.fr/iiif/presentation/v3/ark:/12148/bd6t5118027z/manifest.json'
For more information check: https://developer.mozilla.org/en-US/docs/Web/HTTP/Status/403",2026-07-17T19:08:30.984724
lapresse,bd6t5118028b,,failed,0,0,,http_manifest,known,403,manifest,"Client error '403 ' for url 'https://openapiproext.bnf.fr/iiif/presentation/v3/ark:/12148/bd6t5118028b/manifest.json'
For more information check: https://developer.mozilla.org/en-US/docs/Web/HTTP/Status/403",2026-07-17T19:08:32.174241
lapresse,bd6t5118029q,,failed,0,0,,http_manifest,known,403,manifest,"Client error '403 ' for url 'https://openapiproext.bnf.fr/iiif/presentation/v3/ark:/12148/bd6t5118029q/manifest.json'
For more information check: https://developer.mozilla.org/en-US/docs/Web/HTTP/Status/403",2026-07-17T19:08:33.363869
lapresse,bd6t5118030n,,failed,0,0,,http_manifest,known,403,manifest,"Client error '403 ' for url 'https://openapiproext.bnf.fr/iiif/presentation/v3/ark:/12148/bd6t5118030n/manifest.json'
For more information check: https://developer.mozilla.org/en-US/docs/Web/HTTP/Status/403",2026-07-17T19:08:34.566421
lapresse,bd6t51180311,,failed,0,0,,http_manifest,known,403,manifest,"Client error '403 ' for url 'https://openapiproext.bnf.fr/iiif/presentation/v3/ark:/12148/bd6t51180311/manifest.json'
For more information check: https://developer.mozilla.org/en-US/docs/Web/HTTP/Status/403",2026-07-17T19:08:35.772050
lapresse,bd6t5118032d,,failed,0,0,,http_manifest,known,403,manifest,"Client error '403 ' for url 'https://openapiproext.bnf.fr/iiif/presentation/v3/ark:/12148/bd6t5118032d/manifest.json'
For more information check: https://developer.mozilla.org/en-US/docs/Web/HTTP/Status/403",2026-07-17T19:08:36.968007
lapresse,bd6t5118033s,,failed,0,0,,http_manifest,known,403,manifest,"Client error '403 ' for url 'https://openapiproext.bnf.fr/iiif/presentation/v3/ark:/12148/bd6t5118033s/manifest.json'
For more information check: https://developer.mozilla.org/en-US/docs/Web/HTTP/Status/403",2026-07-17T19:08:38.170065
lapresse,bd6t51180345,,failed,0,0,,http_manifest,known,403,manifest,"Client error '403 ' for url 'https://openapiproext.bnf.fr/iiif/presentation/v3/ark:/12148/bd6t51180345/manifest.json'
For more information check: https://developer.mozilla.org/en-US/docs/Web/HTTP/Status/403",2026-07-17T19:08:39.365838
lapresse,bd6t5118035j,,failed,0,0,,http_manifest,known,403,manifest,"Client error '403 ' for url 'https://openapiproext.bnf.fr/iiif/presentation/v3/ark:/12148/bd6t5118035j/manifest.json'
For more information check: https://developer.mozilla.org/en-US/docs/Web/HTTP/Status/403",2026-07-17T19:08:40.574422
lapresse,bd6t5118036x,,failed,0,0,,http_manifest,known,403,manifest,"Client error '403 ' for url 'https://openapiproext.bnf.fr/iiif/presentation/v3/ark:/12148/bd6t5118036x/manifest.json'
For more information check: https://developer.mozilla.org/en-US/docs/Web/HTTP/Status/403",2026-07-17T19:08:41.773237
lapresse,bd6t51180379,,failed,0,0,,http_manifest,known,403,manifest,"Client error '403 ' for url 'https://openapiproext.bnf.fr/iiif/presentation/v3/ark:/12148/bd6t51180379/manifest.json'
For more information check: https://developer.mozilla.org/en-US/docs/Web/HTTP/Status/403",2026-07-17T19:08:42.999666
lapresse,bd6t5118038p,,failed,0,0,,http_manifest,known,403,manifest,"Client error '403 ' for url 'https://openapiproext.bnf.fr/iiif/presentation/v3/ark:/12148/bd6t5118038p/manifest.json'
For more information check: https://developer.mozilla.org/en-US/docs/Web/HTTP/Status/403",2026-07-17T19:08:44.174877
lapresse,bd6t51180392,,failed,0,0,,http_manifest,known,403,manifest,"Client error '403 ' for url 'https://openapiproext.bnf.fr/iiif/presentation/v3/ark:/12148/bd6t51180392/manifest.json'
For more information check: https://developer.mozilla.org/en-US/docs/Web/HTTP/Status/403",2026-07-17T19:08:45.379234
lapresse,bd6t51180400,,failed,0,0,,http_manifest,known,403,manifest,"Client error '403 ' for url 'https://openapiproext.bnf.fr/iiif/presentation/v3/ark:/12148/bd6t51180400/manifest.json'
For more information check: https://developer.mozilla.org/en-US/docs/Web/HTTP/Status/403",2026-07-17T19:08:46.583422
lapresse,bd6t5118041c,,failed,0,0,,http_manifest,known,403,manifest,"Client error '403 ' for url 'https://openapiproext.bnf.fr/iiif/presentation/v3/ark:/12148/bd6t5118041c/manifest.json'
For more information check: https://developer.mozilla.org/en-US/docs/Web/HTTP/Status/403",2026-07-17T19:08:47.786306
lapresse,bd6t51180947,,failed,0,0,,http_manifest,known,403,manifest,"Client error '403 ' for url 'https://openapiproext.bnf.fr/iiif/presentation/v3/ark:/12148/bd6t51180947/manifest.json'
For more information check: https://developer.mozilla.org/en-US/docs/Web/HTTP/Status/403",2026-07-17T19:08:48.986476
lapresse,bd6t5118095m,,failed,0,0,,http_manifest,known,403,manifest,"Client error '403 ' for url 'https://openapiproext.bnf.fr/iiif/presentation/v3/ark:/12148/bd6t5118095m/manifest.json'
For more information check: https://developer.mozilla.org/en-US/docs/Web/HTTP/Status/403",2026-07-17T19:08:50.189032
lapresse,bd6t51180960,,failed,0,0,,http_manifest,known,403,manifest,"Client error '403 ' for url 'https://openapiproext.bnf.fr/iiif/presentation/v3/ark:/12148/bd6t51180960/manifest.json'
For more information check: https://developer.mozilla.org/en-US/docs/Web/HTTP/Status/403",2026-07-17T19:08:51.389845
lapresse,bd6t5118097c,,failed,0,0,,http_manifest,known,403,manifest,"Client error '403 ' for url 'https://openapiproext.bnf.fr/iiif/presentation/v3/ark:/12148/bd6t5118097c/manifest.json'
For more information check: https://developer.mozilla.org/en-US/docs/Web/HTTP/Status/403",2026-07-17T19:08:52.597536
lapresse,bd6t5118098r,,failed,0,0,,http_manifest,known,403,manifest,"Client error '403 ' for url 'https://openapiproext.bnf.fr/iiif/presentation/v3/ark:/12148/bd6t5118098r/manifest.json'
For more information check: https://developer.mozilla.org/en-US/docs/Web/HTTP/Status/403",2026-07-17T19:08:53.792043
lapresse,bd6t51180994,,failed,0,0,,http_manifest,known,403,manifest,"Client error '403 ' for url 'https://openapiproext.bnf.fr/iiif/presentation/v3/ark:/12148/bd6t51180994/manifest.json'
For more information check: https://developer.mozilla.org/en-US/docs/Web/HTTP/Status/403",2026-07-17T19:08:55.018616
lapresse,bd6t5118100x,,failed,0,0,,http_manifest,known,403,manifest,"Client error '403 ' for url 'https://openapiproext.bnf.fr/iiif/presentation/v3/ark:/12148/bd6t5118100x/manifest.json'
For more information check: https://developer.mozilla.org/en-US/docs/Web/HTTP/Status/403",2026-07-17T19:08:56.196844
lapresse,bd6t51181019,,failed,0,0,,http_manifest,known,403,manifest,"Client error '403 ' for url 'https://openapiproext.bnf.fr/iiif/presentation/v3/ark:/12148/bd6t51181019/manifest.json'
For more information check: https://developer.mozilla.org/en-US/docs/Web/HTTP/Status/403",2026-07-17T19:08:57.393775
lapresse,bd6t5118102p,,failed,0,0,,http_manifest,known,403,manifest,"Client error '403 ' for url 'https://openapiproext.bnf.fr/iiif/presentation/v3/ark:/12148/bd6t5118102p/manifest.json'
For more information check: https://developer.mozilla.org/en-US/docs/Web/HTTP/Status/403",2026-07-17T19:08:58.773681
lapresse,bd6t51181032,,failed,0,0,,http_manifest,known,403,manifest,"Client error '403 ' for url 'https://openapiproext.bnf.fr/iiif/presentation/v3/ark:/12148/bd6t51181032/manifest.json'
For more information check: https://developer.mozilla.org/en-US/docs/Web/HTTP/Status/403",2026-07-17T19:08:59.928395
lapresse,bd6t5118104f,,failed,0,0,,http_manifest,known,403,manifest,"Client error '403 ' for url 'https://openapiproext.bnf.fr/iiif/presentation/v3/ark:/12148/bd6t5118104f/manifest.json'
For more information check: https://developer.mozilla.org/en-US/docs/Web/HTTP/Status/403",2026-07-17T19:09:01.034418
lapresse,bd6t5118105t,,failed,0,0,,http_manifest,known,403,manifest,"Client error '403 ' for url 'https://openapiproext.bnf.fr/iiif/presentation/v3/ark:/12148/bd6t5118105t/manifest.json'
For more information check: https://developer.mozilla.org/en-US/docs/Web/HTTP/Status/403",2026-07-17T19:09:02.233816
lapresse,bd6t51181066,,failed,0,0,,http_manifest,known,403,manifest,"Client error '403 ' for url 'https://openapiproext.bnf.fr/iiif/presentation/v3/ark:/12148/bd6t51181066/manifest.json'
For more information check: https://developer.mozilla.org/en-US/docs/Web/HTTP/Status/403",2026-07-17T19:09:03.404969
lapresse,bd6t5118107k,,failed,0,0,,http_manifest,known,403,manifest,"Client error '403 ' for url 'https://openapiproext.bnf.fr/iiif/presentation/v3/ark:/12148/bd6t5118107k/manifest.json'
For more information check: https://developer.mozilla.org/en-US/docs/Web/HTTP/Status/403",2026-07-17T19:09:04.607086
lapresse,bd6t5118108z,,failed,0,0,,http_manifest,known,403,manifest,"Client error '403 ' for url 'https://openapiproext.bnf.fr/iiif/presentation/v3/ark:/12148/bd6t5118108z/manifest.json'
For more information check: https://developer.mozilla.org/en-US/docs/Web/HTTP/Status/403",2026-07-17T19:09:06.045349
lapresse,bd6t5118109b,,failed,0,0,,http_manifest,known,403,manifest,"Client error '403 ' for url 'https://openapiproext.bnf.fr/iiif/presentation/v3/ark:/12148/bd6t5118109b/manifest.json'
For more information check: https://developer.mozilla.org/en-US/docs/Web/HTTP/Status/403",2026-07-17T19:09:07.055405
lapresse,bd6t51181108,,failed,0,0,,http_manifest,known,403,manifest,"Client error '403 ' for url 'https://openapiproext.bnf.fr/iiif/presentation/v3/ark:/12148/bd6t51181108/manifest.json'
For more information check: https://developer.mozilla.org/en-US/docs/Web/HTTP/Status/403",2026-07-17T19:09:08.213082
lapresse,bd6t5118111n,,failed,0,0,,http_manifest,known,403,manifest,"Client error '403 ' for url 'https://openapiproext.bnf.fr/iiif/presentation/v3/ark:/12148/bd6t5118111n/manifest.json'
For more information check: https://developer.mozilla.org/en-US/docs/Web/HTTP/Status/403",2026-07-17T19:09:09.413374
lapresse,bd6t51181121,,failed,0,0,,http_manifest,known,403,manifest,"Client error '403 ' for url 'https://openapiproext.bnf.fr/iiif/presentation/v3/ark:/12148/bd6t51181121/manifest.json'
For more information check: https://developer.mozilla.org/en-US/docs/Web/HTTP/Status/403",2026-07-17T19:09:10.878340
lapresse,bd6t5118113d,,failed,0,0,,http_manifest,known,403,manifest,"Client error '403 ' for url 'https://openapiproext.bnf.fr/iiif/presentation/v3/ark:/12148/bd6t5118113d/manifest.json'
For more information check: https://developer.mozilla.org/en-US/docs/Web/HTTP/Status/403",2026-07-17T19:09:11.908300
lapresse,bd6t5118114s,,failed,0,0,,http_manifest,known,403,manifest,"Client error '403 ' for url 'https://openapiproext.bnf.fr/iiif/presentation/v3/ark:/12148/bd6t5118114s/manifest.json'
For more information check: https://developer.mozilla.org/en-US/docs/Web/HTTP/Status/403",2026-07-17T19:09:13.118072
lapresse,bd6t51181155,,failed,0,0,,http_manifest,known,403,manifest,"Client error '403 ' for url 'https://openapiproext.bnf.fr/iiif/presentation/v3/ark:/12148/bd6t51181155/manifest.json'
For more information check: https://developer.mozilla.org/en-US/docs/Web/HTTP/Status/403",2026-07-17T19:09:14.341866
lapresse,bd6t5118116j,,failed,0,0,,http_manifest,known,403,manifest,"Client error '403 ' for url 'https://openapiproext.bnf.fr/iiif/presentation/v3/ark:/12148/bd6t5118116j/manifest.json'
For more information check: https://developer.mozilla.org/en-US/docs/Web/HTTP/Status/403",2026-07-17T19:09:15.575443
lapresse,bd6t5118117x,,failed,0,0,,http_manifest,known,403,manifest,"Client error '403 ' for url 'https://openapiproext.bnf.fr/iiif/presentation/v3/ark:/12148/bd6t5118117x/manifest.json'
For more information check: https://developer.mozilla.org/en-US/docs/Web/HTTP/Status/403",2026-07-17T19:09:16.739458
lapresse,bd6t51181189,,failed,0,0,,http_manifest,known,403,manifest,"Client error '403 ' for url 'https://openapiproext.bnf.fr/iiif/presentation/v3/ark:/12148/bd6t51181189/manifest.json'
For more information check: https://developer.mozilla.org/en-US/docs/Web/HTTP/Status/403",2026-07-17T19:09:18.029711
lapresse,bd6t5118119p,,failed,0,0,,http_manifest,known,403,manifest,"Client error '403 ' for url 'https://openapiproext.bnf.fr/iiif/presentation/v3/ark:/12148/bd6t5118119p/manifest.json'
For more information check: https://developer.mozilla.org/en-US/docs/Web/HTTP/Status/403",2026-07-17T19:09:19.129022
lapresse,bd6t5118120m,,failed,0,0,,http_manifest,known,403,manifest,"Client error '403 ' for url 'https://openapiproext.bnf.fr/iiif/presentation/v3/ark:/12148/bd6t5118120m/manifest.json'
For more information check: https://developer.mozilla.org/en-US/docs/Web/HTTP/Status/403",2026-07-17T19:09:20.226998
lapresse,bd6t51181210,,failed,0,0,,http_manifest,known,403,manifest,"Client error '403 ' for url 'https://openapiproext.bnf.fr/iiif/presentation/v3/ark:/12148/bd6t51181210/manifest.json'
For more information check: https://developer.mozilla.org/en-US/docs/Web/HTTP/Status/403",2026-07-17T19:09:21.431371
lapresse,bd6t5118122c,,failed,0,0,,http_manifest,known,403,manifest,"Client error '403 ' for url 'https://openapiproext.bnf.fr/iiif/presentation/v3/ark:/12148/bd6t5118122c/manifest.json'
For more information check: https://developer.mozilla.org/en-US/docs/Web/HTTP/Status/403",2026-07-17T19:09:22.630921
lapresse,bd6t5118123r,,failed,0,0,,http_manifest,known,403,manifest,"Client error '403 ' for url 'https://openapiproext.bnf.fr/iiif/presentation/v3/ark:/12148/bd6t5118123r/manifest.json'
For more information check: https://developer.mozilla.org/en-US/docs/Web/HTTP/Status/403",2026-07-17T19:09:23.852158
lapresse,bd6t51181244,,failed,0,0,,http_manifest,known,403,manifest,"Client error '403 ' for url 'https://openapiproext.bnf.fr/iiif/presentation/v3/ark:/12148/bd6t51181244/manifest.json'
For more information check: https://developer.mozilla.org/en-US/docs/Web/HTTP/Status/403",2026-07-17T19:09:25.031868
lapresse,bd6t5118125h,,failed,0,0,,http_manifest,known,403,manifest,"Client error '403 ' for url 'https://openapiproext.bnf.fr/iiif/presentation/v3/ark:/12148/bd6t5118125h/manifest.json'
For more information check: https://developer.mozilla.org/en-US/docs/Web/HTTP/Status/403",2026-07-17T19:09:26.235495
lapresse,bd6t5118126w,,failed,0,0,,http_manifest,known,403,manifest,"Client error '403 ' for url 'https://openapiproext.bnf.fr/iiif/presentation/v3/ark:/12148/bd6t5118126w/manifest.json'
For more information check: https://developer.mozilla.org/en-US/docs/Web/HTTP/Status/403",2026-07-17T19:09:27.433481
lapresse,bd6t51181278,,failed,0,0,,http_manifest,known,403,manifest,"Client error '403 ' for url 'https://openapiproext.bnf.fr/iiif/presentation/v3/ark:/12148/bd6t51181278/manifest.json'
For more information check: https://developer.mozilla.org/en-US/docs/Web/HTTP/Status/403",2026-07-17T19:09:28.637567
lapresse,bd6t5118128n,,failed,0,0,,http_manifest,known,403,manifest,"Client error '403 ' for url 'https://openapiproext.bnf.fr/iiif/presentation/v3/ark:/12148/bd6t5118128n/manifest.json'
For more information check: https://developer.mozilla.org/en-US/docs/Web/HTTP/Status/403",2026-07-17T19:09:29.854490
lapresse,bd6t51181291,,failed,0,0,,http_manifest,known,403,manifest,"Client error '403 ' for url 'https://openapiproext.bnf.fr/iiif/presentation/v3/ark:/12148/bd6t51181291/manifest.json'
For more information check: https://developer.mozilla.org/en-US/docs/Web/HTTP/Status/403",2026-07-17T19:09:31.044260
lapresse,bd6t5118130z,,failed,0,0,,http_manifest,known,403,manifest,"Client error '403 ' for url 'https://openapiproext.bnf.fr/iiif/presentation/v3/ark:/12148/bd6t5118130z/manifest.json'
For more information check: https://developer.mozilla.org/en-US/docs/Web/HTTP/Status/403",2026-07-17T19:09:32.247374
lapresse,bd6t5118131b,,failed,0,0,,http_manifest,known,403,manifest,"Client error '403 ' for url 'https://openapiproext.bnf.fr/iiif/presentation/v3/ark:/12148/bd6t5118131b/manifest.json'
For more information check: https://developer.mozilla.org/en-US/docs/Web/HTTP/Status/403",2026-07-17T19:09:33.442170
lapresse,bd6t5118132q,,failed,0,0,,http_manifest,known,403,manifest,"Client error '403 ' for url 'https://openapiproext.bnf.fr/iiif/presentation/v3/ark:/12148/bd6t5118132q/manifest.json'
For more information check: https://developer.mozilla.org/en-US/docs/Web/HTTP/Status/403",2026-07-17T19:09:34.641485
lapresse,bd6t51181333,,failed,0,0,,http_manifest,known,403,manifest,"Client error '403 ' for url 'https://openapiproext.bnf.fr/iiif/presentation/v3/ark:/12148/bd6t51181333/manifest.json'
For more information check: https://developer.mozilla.org/en-US/docs/Web/HTTP/Status/403",2026-07-17T19:09:35.869663
lapresse,bd6t5118134g,,failed,0,0,,http_manifest,known,403,manifest,"Client error '403 ' for url 'https://openapiproext.bnf.fr/iiif/presentation/v3/ark:/12148/bd6t5118134g/manifest.json'
For more information check: https://developer.mozilla.org/en-US/docs/Web/HTTP/Status/403",2026-07-17T19:09:37.045831
lapresse,bd6t51184331,,failed,0,0,,http_manifest,known,403,manifest,"Client error '403 ' for url 'https://openapiproext.bnf.fr/iiif/presentation/v3/ark:/12148/bd6t51184331/manifest.json'
For more information check: https://developer.mozilla.org/en-US/docs/Web/HTTP/Status/403",2026-07-17T19:09:38.246605
lapresse,bd6t5118434d,,failed,0,0,,http_manifest,known,403,manifest,"Client error '403 ' for url 'https://openapiproext.bnf.fr/iiif/presentation/v3/ark:/12148/bd6t5118434d/manifest.json'
For more information check: https://developer.mozilla.org/en-US/docs/Web/HTTP/Status/403",2026-07-17T19:09:39.449950
lapresse,bd6t5118435s,,failed,0,0,,http_manifest,known,403,manifest,"Client error '403 ' for url 'https://openapiproext.bnf.fr/iiif/presentation/v3/ark:/12148/bd6t5118435s/manifest.json'
For more information check: https://developer.mozilla.org/en-US/docs/Web/HTTP/Status/403",2026-07-17T19:09:40.650868
lapresse,bd6t51184365,,failed,0,0,,http_manifest,known,403,manifest,"Client error '403 ' for url 'https://openapiproext.bnf.fr/iiif/presentation/v3/ark:/12148/bd6t51184365/manifest.json'
For more information check: https://developer.mozilla.org/en-US/docs/Web/HTTP/Status/403",2026-07-17T19:09:41.878911
lapresse,bd6t5118437j,,failed,0,0,,http_manifest,known,403,manifest,"Client error '403 ' for url 'https://openapiproext.bnf.fr/iiif/presentation/v3/ark:/12148/bd6t5118437j/manifest.json'
For more information check: https://developer.mozilla.org/en-US/docs/Web/HTTP/Status/403",2026-07-17T19:09:43.055199
lapresse,bd6t5118438x,,failed,0,0,,http_manifest,known,403,manifest,"Client error '403 ' for url 'https://openapiproext.bnf.fr/iiif/presentation/v3/ark:/12148/bd6t5118438x/manifest.json'
For more information check: https://developer.mozilla.org/en-US/docs/Web/HTTP/Status/403",2026-07-17T19:09:44.277744
lapresse,bd6t51184399,,failed,0,0,,http_manifest,known,403,manifest,"Client error '403 ' for url 'https://openapiproext.bnf.fr/iiif/presentation/v3/ark:/12148/bd6t51184399/manifest.json'
For more information check: https://developer.mozilla.org/en-US/docs/Web/HTTP/Status/403",2026-07-17T19:09:45.456565
lapresse,bd6t51184407,,failed,0,0,,http_manifest,known,403,manifest,"Client error '403 ' for url 'https://openapiproext.bnf.fr/iiif/presentation/v3/ark:/12148/bd6t51184407/manifest.json'
For more information check: https://developer.mozilla.org/en-US/docs/Web/HTTP/Status/403",2026-07-17T19:09:46.656222
lapresse,bd6t5118441m,,failed,0,0,,http_manifest,known,403,manifest,"Client error '403 ' for url 'https://openapiproext.bnf.fr/iiif/presentation/v3/ark:/12148/bd6t5118441m/manifest.json'
For more information check: https://developer.mozilla.org/en-US/docs/Web/HTTP/Status/403",2026-07-17T19:09:47.869736
lapresse,bd6t51184420,,failed,0,0,,http_manifest,known,403,manifest,"Client error '403 ' for url 'https://openapiproext.bnf.fr/iiif/presentation/v3/ark:/12148/bd6t51184420/manifest.json'
For more information check: https://developer.mozilla.org/en-US/docs/Web/HTTP/Status/403",2026-07-17T19:09:49.059524
lapresse,bd6t5118443c,,failed,0,0,,http_manifest,known,403,manifest,"Client error '403 ' for url 'https://openapiproext.bnf.fr/iiif/presentation/v3/ark:/12148/bd6t5118443c/manifest.json'
For more information check: https://developer.mozilla.org/en-US/docs/Web/HTTP/Status/403",2026-07-17T19:09:50.261767
lapresse,bd6t5118444r,,failed,0,0,,http_manifest,known,403,manifest,"Client error '403 ' for url 'https://openapiproext.bnf.fr/iiif/presentation/v3/ark:/12148/bd6t5118444r/manifest.json'
For more information check: https://developer.mozilla.org/en-US/docs/Web/HTTP/Status/403",2026-07-17T19:09:51.460517
lapresse,bd6t51184454,,failed,0,0,,http_manifest,known,403,manifest,"Client error '403 ' for url 'https://openapiproext.bnf.fr/iiif/presentation/v3/ark:/12148/bd6t51184454/manifest.json'
For more information check: https://developer.mozilla.org/en-US/docs/Web/HTTP/Status/403",2026-07-17T19:09:52.659542
lapresse,bd6t5118446h,,failed,0,0,,http_manifest,known,403,manifest,"Client error '403 ' for url 'https://openapiproext.bnf.fr/iiif/presentation/v3/ark:/12148/bd6t5118446h/manifest.json'
For more information check: https://developer.mozilla.org/en-US/docs/Web/HTTP/Status/403",2026-07-17T19:09:53.863348
lapresse,bd6t5118447w,,failed,0,0,,http_manifest,known,403,manifest,"Client error '403 ' for url 'https://openapiproext.bnf.fr/iiif/presentation/v3/ark:/12148/bd6t5118447w/manifest.json'
For more information check: https://developer.mozilla.org/en-US/docs/Web/HTTP/Status/403",2026-07-17T19:09:55.065766
lapresse,bd6t51184488,,failed,0,0,,http_manifest,known,403,manifest,"Client error '403 ' for url 'https://openapiproext.bnf.fr/iiif/presentation/v3/ark:/12148/bd6t51184488/manifest.json'
For more information check: https://developer.mozilla.org/en-US/docs/Web/HTTP/Status/403",2026-07-17T19:09:56.267625
lapresse,bd6t5118449n,,failed,0,0,,http_manifest,known,403,manifest,"Client error '403 ' for url 'https://openapiproext.bnf.fr/iiif/presentation/v3/ark:/12148/bd6t5118449n/manifest.json'
For more information check: https://developer.mozilla.org/en-US/docs/Web/HTTP/Status/403",2026-07-17T19:09:57.466159
lapresse,bd6t5118450k,,failed,0,0,,http_manifest,known,403,manifest,"Client error '403 ' for url 'https://openapiproext.bnf.fr/iiif/presentation/v3/ark:/12148/bd6t5118450k/manifest.json'
For more information check: https://developer.mozilla.org/en-US/docs/Web/HTTP/Status/403",2026-07-17T19:09:58.669448
lapresse,bd6t5118451z,,failed,0,0,,http_manifest,known,403,manifest,"Client error '403 ' for url 'https://openapiproext.bnf.fr/iiif/presentation/v3/ark:/12148/bd6t5118451z/manifest.json'
For more information check: https://developer.mozilla.org/en-US/docs/Web/HTTP/Status/403",2026-07-17T19:10:00.043458
lapresse,bd6t5118452b,,failed,0,0,,http_manifest,known,403,manifest,"Client error '403 ' for url 'https://openapiproext.bnf.fr/iiif/presentation/v3/ark:/12148/bd6t5118452b/manifest.json'
For more information check: https://developer.mozilla.org/en-US/docs/Web/HTTP/Status/403",2026-07-17T19:10:01.266342
lapresse,bd6t5118453q,,failed,0,0,,http_manifest,known,403,manifest,"Client error '403 ' for url 'https://openapiproext.bnf.fr/iiif/presentation/v3/ark:/12148/bd6t5118453q/manifest.json'
For more information check: https://developer.mozilla.org/en-US/docs/Web/HTTP/Status/403",2026-07-17T19:10:02.289660
lapresse,bd6t51184543,,failed,0,0,,http_manifest,known,403,manifest,"Client error '403 ' for url 'https://openapiproext.bnf.fr/iiif/presentation/v3/ark:/12148/bd6t51184543/manifest.json'
For more information check: https://developer.mozilla.org/en-US/docs/Web/HTTP/Status/403",2026-07-17T19:10:03.481181
lapresse,bd6t5118455g,,failed,0,0,,http_manifest,known,403,manifest,"Client error '403 ' for url 'https://openapiproext.bnf.fr/iiif/presentation/v3/ark:/12148/bd6t5118455g/manifest.json'
For more information check: https://developer.mozilla.org/en-US/docs/Web/HTTP/Status/403",2026-07-17T19:10:04.761569
lapresse,bd6t5118456v,,failed,0,0,,http_manifest,known,403,manifest,"Client error '403 ' for url 'https://openapiproext.bnf.fr/iiif/presentation/v3/ark:/12148/bd6t5118456v/manifest.json'
For more information check: https://developer.mozilla.org/en-US/docs/Web/HTTP/Status/403",2026-07-17T19:10:06.040696
lapresse,bd6t51184577,,failed,0,0,,http_manifest,known,403,manifest,"Client error '403 ' for url 'https://openapiproext.bnf.fr/iiif/presentation/v3/ark:/12148/bd6t51184577/manifest.json'
For more information check: https://developer.mozilla.org/en-US/docs/Web/HTTP/Status/403",2026-07-17T19:10:07.082030
lapresse,bd6t5118458m,,failed,0,0,,http_manifest,known,403,manifest,"Client error '403 ' for url 'https://openapiproext.bnf.fr/iiif/presentation/v3/ark:/12148/bd6t5118458m/manifest.json'
For more information check: https://developer.mozilla.org/en-US/docs/Web/HTTP/Status/403",2026-07-17T19:10:08.282554
lapresse,bd6t51184590,,failed,0,0,,http_manifest,known,403,manifest,"Client error '403 ' for url 'https://openapiproext.bnf.fr/iiif/presentation/v3/ark:/12148/bd6t51184590/manifest.json'
For more information check: https://developer.mozilla.org/en-US/docs/Web/HTTP/Status/403",2026-07-17T19:10:09.486344
canardenchaine,bpt6k4602680z,,failed,0,0,,no_usable_pages,known,,,bpt6k4602680z: no usable pages in manifest.,2026-07-17T19:10:09.861448
canardenchaine,bpt6k4600628c,,failed,0,0,,no_usable_pages,known,,,bpt6k4600628c: no usable pages in manifest.,2026-07-17T19:10:10.017401
canardenchaine,bpt6k4601259v,,failed,0,0,,no_usable_pages,known,,,bpt6k4601259v: no usable pages in manifest.,2026-07-17T19:10:10.217388
canardenchaine,bpt6k46006647,,failed,0,0,,no_usable_pages,known,,,bpt6k46006647: no usable pages in manifest.,2026-07-17T19:10:10.400517
canardenchaine,bpt6k41327761,,failed,0,0,,http_manifest,known,403,manifest,"Client error '403 ' for url 'https://openapiproext.bnf.fr/iiif/presentation/v3/ark:/12148/bpt6k41327761/manifest.json'
For more information check: https://developer.mozilla.org/en-US/docs/Web/HTTP/Status/403",2026-07-17T19:10:10.688352
canardenchaine,bpt6k4132777f,,failed,0,0,,http_manifest,known,403,manifest,"Client error '403 ' for url 'https://openapiproext.bnf.fr/iiif/presentation/v3/ark:/12148/bpt6k4132777f/manifest.json'
For more information check: https://developer.mozilla.org/en-US/docs/Web/HTTP/Status/403",2026-07-17T19:10:11.985029
canardenchaine,bpt6k4132778v,,failed,0,0,,http_manifest,known,403,manifest,"Client error '403 ' for url 'https://openapiproext.bnf.fr/iiif/presentation/v3/ark:/12148/bpt6k4132778v/manifest.json'
For more information check: https://developer.mozilla.org/en-US/docs/Web/HTTP/Status/403",2026-07-17T19:10:13.248345
canardenchaine,bpt6k41327798,,failed,0,0,,http_manifest,known,403,manifest,"Client error '403 ' for url 'https://openapiproext.bnf.fr/iiif/presentation/v3/ark:/12148/bpt6k41327798/manifest.json'
For more information check: https://developer.mozilla.org/en-US/docs/Web/HTTP/Status/403",2026-07-17T19:10:14.293892
canardenchaine,bpt6k4132780x,,failed,0,0,,http_manifest,known,403,manifest,"Client error '403 ' for url 'https://openapiproext.bnf.fr/iiif/presentation/v3/ark:/12148/bpt6k4132780x/manifest.json'
For more information check: https://developer.mozilla.org/en-US/docs/Web/HTTP/Status/403",2026-07-17T19:10:15.637935
canardenchaine,bpt6k4132781b,,failed,0,0,,http_manifest,known,403,manifest,"Client error '403 ' for url 'https://openapiproext.bnf.fr/iiif/presentation/v3/ark:/12148/bpt6k4132781b/manifest.json'
For more information check: https://developer.mozilla.org/en-US/docs/Web/HTTP/Status/403",2026-07-17T19:10:16.830006
canardenchaine,bpt6k4132782r,,failed,0,0,,http_manifest,known,403,manifest,"Client error '403 ' for url 'https://openapiproext.bnf.fr/iiif/presentation/v3/ark:/12148/bpt6k4132782r/manifest.json'
For more information check: https://developer.mozilla.org/en-US/docs/Web/HTTP/Status/403",2026-07-17T19:10:17.968368
canardenchaine,bpt6k41327835,,failed,0,0,,http_manifest,known,403,manifest,"Client error '403 ' for url 'https://openapiproext.bnf.fr/iiif/presentation/v3/ark:/12148/bpt6k41327835/manifest.json'
For more information check: https://developer.mozilla.org/en-US/docs/Web/HTTP/Status/403",2026-07-17T19:10:19.230131
canardenchaine,bpt6k4132784k,,failed,0,0,,http_manifest,known,403,manifest,"Client error '403 ' for url 'https://openapiproext.bnf.fr/iiif/presentation/v3/ark:/12148/bpt6k4132784k/manifest.json'
For more information check: https://developer.mozilla.org/en-US/docs/Web/HTTP/Status/403",2026-07-17T19:10:20.298329
canardenchaine,bpt6k41327850,,failed,0,0,,http_manifest,known,403,manifest,"Client error '403 ' for url 'https://openapiproext.bnf.fr/iiif/presentation/v3/ark:/12148/bpt6k41327850/manifest.json'
For more information check: https://developer.mozilla.org/en-US/docs/Web/HTTP/Status/403",2026-07-17T19:10:21.499078
canardenchaine,bpt6k4132786d,,failed,0,0,,http_manifest,known,403,manifest,"Client error '403 ' for url 'https://openapiproext.bnf.fr/iiif/presentation/v3/ark:/12148/bpt6k4132786d/manifest.json'
For more information check: https://developer.mozilla.org/en-US/docs/Web/HTTP/Status/403",2026-07-17T19:10:22.703339
canardenchaine,bpt6k4132787t,,failed,0,0,,http_manifest,known,403,manifest,"Client error '403 ' for url 'https://openapiproext.bnf.fr/iiif/presentation/v3/ark:/12148/bpt6k4132787t/manifest.json'
For more information check: https://developer.mozilla.org/en-US/docs/Web/HTTP/Status/403",2026-07-17T19:10:23.901294
canardenchaine,bpt6k41327887,,failed,0,0,,http_manifest,known,403,manifest,"Client error '403 ' for url 'https://openapiproext.bnf.fr/iiif/presentation/v3/ark:/12148/bpt6k41327887/manifest.json'
For more information check: https://developer.mozilla.org/en-US/docs/Web/HTTP/Status/403",2026-07-17T19:10:25.102401
canardenchaine,bpt6k4132789n,,failed,0,0,,http_manifest,known,403,manifest,"Client error '403 ' for url 'https://openapiproext.bnf.fr/iiif/presentation/v3/ark:/12148/bpt6k4132789n/manifest.json'
For more information check: https://developer.mozilla.org/en-US/docs/Web/HTTP/Status/403",2026-07-17T19:10:26.311007
canardenchaine,bpt6k41327909,,failed,0,0,,http_manifest,known,403,manifest,"Client error '403 ' for url 'https://openapiproext.bnf.fr/iiif/presentation/v3/ark:/12148/bpt6k41327909/manifest.json'
For more information check: https://developer.mozilla.org/en-US/docs/Web/HTTP/Status/403",2026-07-17T19:10:27.505377
canardenchaine,bpt6k4132791q,,failed,0,0,,http_manifest,known,403,manifest,"Client error '403 ' for url 'https://openapiproext.bnf.fr/iiif/presentation/v3/ark:/12148/bpt6k4132791q/manifest.json'
For more information check: https://developer.mozilla.org/en-US/docs/Web/HTTP/Status/403",2026-07-17T19:10:28.722195
canardenchaine,bpt6k41327924,,failed,0,0,,http_manifest,known,403,manifest,"Client error '403 ' for url 'https://openapiproext.bnf.fr/iiif/presentation/v3/ark:/12148/bpt6k41327924/manifest.json'
For more information check: https://developer.mozilla.org/en-US/docs/Web/HTTP/Status/403",2026-07-17T19:10:29.924729
canardenchaine,bpt6k4132793j,,failed,0,0,,http_manifest,known,403,manifest,"Client error '403 ' for url 'https://openapiproext.bnf.fr/iiif/presentation/v3/ark:/12148/bpt6k4132793j/manifest.json'
For more information check: https://developer.mozilla.org/en-US/docs/Web/HTTP/Status/403",2026-07-17T19:10:31.123652
canardenchaine,bpt6k4132794z,,failed,0,0,,http_manifest,known,403,manifest,"Client error '403 ' for url 'https://openapiproext.bnf.fr/iiif/presentation/v3/ark:/12148/bpt6k4132794z/manifest.json'
For more information check: https://developer.mozilla.org/en-US/docs/Web/HTTP/Status/403",2026-07-17T19:10:32.317644
canardenchaine,bpt6k4132795c,,failed,0,0,,http_manifest,known,403,manifest,"Client error '403 ' for url 'https://openapiproext.bnf.fr/iiif/presentation/v3/ark:/12148/bpt6k4132795c/manifest.json'
For more information check: https://developer.mozilla.org/en-US/docs/Web/HTTP/Status/403",2026-07-17T19:10:33.519981
canardenchaine,bpt6k4132796s,,failed,0,0,,http_manifest,known,403,manifest,"Client error '403 ' for url 'https://openapiproext.bnf.fr/iiif/presentation/v3/ark:/12148/bpt6k4132796s/manifest.json'
For more information check: https://developer.mozilla.org/en-US/docs/Web/HTTP/Status/403",2026-07-17T19:10:34.722488
canardenchaine,bpt6k41327976,,failed,0,0,,http_manifest,known,403,manifest,"Client error '403 ' for url 'https://openapiproext.bnf.fr/iiif/presentation/v3/ark:/12148/bpt6k41327976/manifest.json'
For more information check: https://developer.mozilla.org/en-US/docs/Web/HTTP/Status/403",2026-07-17T19:10:35.925123
canardenchaine,bpt6k4132798m,,failed,0,0,,http_manifest,known,403,manifest,"Client error '403 ' for url 'https://openapiproext.bnf.fr/iiif/presentation/v3/ark:/12148/bpt6k4132798m/manifest.json'
For more information check: https://developer.mozilla.org/en-US/docs/Web/HTTP/Status/403",2026-07-17T19:10:37.126001
canardenchaine,bpt6k41327991,,failed,0,0,,http_manifest,known,403,manifest,"Client error '403 ' for url 'https://openapiproext.bnf.fr/iiif/presentation/v3/ark:/12148/bpt6k41327991/manifest.json'
For more information check: https://developer.mozilla.org/en-US/docs/Web/HTTP/Status/403",2026-07-17T19:10:38.324389
canardenchaine,bpt6k41328007,,failed,0,0,,http_manifest,known,403,manifest,"Client error '403 ' for url 'https://openapiproext.bnf.fr/iiif/presentation/v3/ark:/12148/bpt6k41328007/manifest.json'
For more information check: https://developer.mozilla.org/en-US/docs/Web/HTTP/Status/403",2026-07-17T19:10:39.526048
canardenchaine,bpt6k4132801n,,failed,0,0,,http_manifest,known,403,manifest,"Client error '403 ' for url 'https://openapiproext.bnf.fr/iiif/presentation/v3/ark:/12148/bpt6k4132801n/manifest.json'
For more information check: https://developer.mozilla.org/en-US/docs/Web/HTTP/Status/403",2026-07-17T19:10:40.728433
canardenchaine,bpt6k41328022,,failed,0,0,,http_manifest,known,403,manifest,"Client error '403 ' for url 'https://openapiproext.bnf.fr/iiif/presentation/v3/ark:/12148/bpt6k41328022/manifest.json'
For more information check: https://developer.mozilla.org/en-US/docs/Web/HTTP/Status/403",2026-07-17T19:10:41.944528
canardenchaine,bpt6k4132803g,,failed,0,0,,http_manifest,known,403,manifest,"Client error '403 ' for url 'https://openapiproext.bnf.fr/iiif/presentation/v3/ark:/12148/bpt6k4132803g/manifest.json'
For more information check: https://developer.mozilla.org/en-US/docs/Web/HTTP/Status/403",2026-07-17T19:10:43.131218
canardenchaine,bpt6k4132804w,,failed,0,0,,http_manifest,known,403,manifest,"Client error '403 ' for url 'https://openapiproext.bnf.fr/iiif/presentation/v3/ark:/12148/bpt6k4132804w/manifest.json'
For more information check: https://developer.mozilla.org/en-US/docs/Web/HTTP/Status/403",2026-07-17T19:10:44.334750
canardenchaine,bpt6k41328059,,failed,0,0,,http_manifest,known,403,manifest,"Client error '403 ' for url 'https://openapiproext.bnf.fr/iiif/presentation/v3/ark:/12148/bpt6k41328059/manifest.json'
For more information check: https://developer.mozilla.org/en-US/docs/Web/HTTP/Status/403",2026-07-17T19:10:45.533339
canardenchaine,bpt6k4132806q,,failed,0,0,,http_manifest,known,403,manifest,"Client error '403 ' for url 'https://openapiproext.bnf.fr/iiif/presentation/v3/ark:/12148/bpt6k4132806q/manifest.json'
For more information check: https://developer.mozilla.org/en-US/docs/Web/HTTP/Status/403",2026-07-17T19:10:46.734094
canardenchaine,bpt6k41328074,,failed,0,0,,http_manifest,known,403,manifest,"Client error '403 ' for url 'https://openapiproext.bnf.fr/iiif/presentation/v3/ark:/12148/bpt6k41328074/manifest.json'
For more information check: https://developer.mozilla.org/en-US/docs/Web/HTTP/Status/403",2026-07-17T19:10:47.951052
canardenchaine,bpt6k4132808j,,failed,0,0,,http_manifest,known,403,manifest,"Client error '403 ' for url 'https://openapiproext.bnf.fr/iiif/presentation/v3/ark:/12148/bpt6k4132808j/manifest.json'
For more information check: https://developer.mozilla.org/en-US/docs/Web/HTTP/Status/403",2026-07-17T19:10:49.139854
canardenchaine,bpt6k4132809z,,failed,0,0,,http_manifest,known,403,manifest,"Client error '403 ' for url 'https://openapiproext.bnf.fr/iiif/presentation/v3/ark:/12148/bpt6k4132809z/manifest.json'
For more information check: https://developer.mozilla.org/en-US/docs/Web/HTTP/Status/403",2026-07-17T19:10:50.340677
canardenchaine,bpt6k4132810m,,failed,0,0,,http_manifest,known,403,manifest,"Client error '403 ' for url 'https://openapiproext.bnf.fr/iiif/presentation/v3/ark:/12148/bpt6k4132810m/manifest.json'
For more information check: https://developer.mozilla.org/en-US/docs/Web/HTTP/Status/403",2026-07-17T19:10:51.541299
canardenchaine,bpt6k41328111,,failed,0,0,,http_manifest,known,403,manifest,"Client error '403 ' for url 'https://openapiproext.bnf.fr/iiif/presentation/v3/ark:/12148/bpt6k41328111/manifest.json'
For more information check: https://developer.mozilla.org/en-US/docs/Web/HTTP/Status/403",2026-07-17T19:10:52.746899
canardenchaine,bpt6k4132812f,,failed,0,0,,http_manifest,known,403,manifest,"Client error '403 ' for url 'https://openapiproext.bnf.fr/iiif/presentation/v3/ark:/12148/bpt6k4132812f/manifest.json'
For more information check: https://developer.mozilla.org/en-US/docs/Web/HTTP/Status/403",2026-07-17T19:10:53.948388
canardenchaine,bpt6k4132813v,,failed,0,0,,http_manifest,known,403,manifest,"Client error '403 ' for url 'https://openapiproext.bnf.fr/iiif/presentation/v3/ark:/12148/bpt6k4132813v/manifest.json'
For more information check: https://developer.mozilla.org/en-US/docs/Web/HTTP/Status/403",2026-07-17T19:10:55.145511
canardenchaine,bpt6k41328148,,failed,0,0,,http_manifest,known,403,manifest,"Client error '403 ' for url 'https://openapiproext.bnf.fr/iiif/presentation/v3/ark:/12148/bpt6k41328148/manifest.json'
For more information check: https://developer.mozilla.org/en-US/docs/Web/HTTP/Status/403",2026-07-17T19:10:56.348895
canardenchaine,bpt6k4132815p,,failed,0,0,,http_manifest,known,403,manifest,"Client error '403 ' for url 'https://openapiproext.bnf.fr/iiif/presentation/v3/ark:/12148/bpt6k4132815p/manifest.json'
For more information check: https://developer.mozilla.org/en-US/docs/Web/HTTP/Status/403",2026-07-17T19:10:57.554577
canardenchaine,bpt6k41328163,,failed,0,0,,http_manifest,known,403,manifest,"Client error '403 ' for url 'https://openapiproext.bnf.fr/iiif/presentation/v3/ark:/12148/bpt6k41328163/manifest.json'
For more information check: https://developer.mozilla.org/en-US/docs/Web/HTTP/Status/403",2026-07-17T19:10:58.751056
canardenchaine,bpt6k4132817h,,failed,0,0,,http_manifest,known,403,manifest,"Client error '403 ' for url 'https://openapiproext.bnf.fr/iiif/presentation/v3/ark:/12148/bpt6k4132817h/manifest.json'
For more information check: https://developer.mozilla.org/en-US/docs/Web/HTTP/Status/403",2026-07-17T19:11:00.191229
canardenchaine,bpt6k4132818x,,failed,0,0,,http_manifest,known,403,manifest,"Client error '403 ' for url 'https://openapiproext.bnf.fr/iiif/presentation/v3/ark:/12148/bpt6k4132818x/manifest.json'
For more information check: https://developer.mozilla.org/en-US/docs/Web/HTTP/Status/403",2026-07-17T19:11:01.317461
canardenchaine,bpt6k4132819b,,failed,0,0,,http_manifest,known,403,manifest,"Client error '403 ' for url 'https://openapiproext.bnf.fr/iiif/presentation/v3/ark:/12148/bpt6k4132819b/manifest.json'
For more information check: https://developer.mozilla.org/en-US/docs/Web/HTTP/Status/403",2026-07-17T19:11:02.597696
canardenchaine,bpt6k41328200,,failed,0,0,,http_manifest,known,403,manifest,"Client error '403 ' for url 'https://openapiproext.bnf.fr/iiif/presentation/v3/ark:/12148/bpt6k41328200/manifest.json'
For more information check: https://developer.mozilla.org/en-US/docs/Web/HTTP/Status/403",2026-07-17T19:11:03.558216
canardenchaine,bpt6k4132821d,,failed,0,0,,http_manifest,known,403,manifest,"Client error '403 ' for url 'https://openapiproext.bnf.fr/iiif/presentation/v3/ark:/12148/bpt6k4132821d/manifest.json'
For more information check: https://developer.mozilla.org/en-US/docs/Web/HTTP/Status/403",2026-07-17T19:11:04.803837
canardenchaine,bpt6k4132822t,,failed,0,0,,http_manifest,known,403,manifest,"Client error '403 ' for url 'https://openapiproext.bnf.fr/iiif/presentation/v3/ark:/12148/bpt6k4132822t/manifest.json'
For more information check: https://developer.mozilla.org/en-US/docs/Web/HTTP/Status/403",2026-07-17T19:11:06.086636
canardenchaine,bpt6k41328237,,failed,0,0,,http_manifest,known,403,manifest,"Client error '403 ' for url 'https://openapiproext.bnf.fr/iiif/presentation/v3/ark:/12148/bpt6k41328237/manifest.json'
For more information check: https://developer.mozilla.org/en-US/docs/Web/HTTP/Status/403",2026-07-17T19:11:07.327311
canardenchaine,bpt6k4132824n,,failed,0,0,,http_manifest,known,403,manifest,"Client error '403 ' for url 'https://openapiproext.bnf.fr/iiif/presentation/v3/ark:/12148/bpt6k4132824n/manifest.json'
For more information check: https://developer.mozilla.org/en-US/docs/Web/HTTP/Status/403",2026-07-17T19:11:08.366757
canardenchaine,bpt6k41328252,,failed,0,0,,http_manifest,known,403,manifest,"Client error '403 ' for url 'https://openapiproext.bnf.fr/iiif/presentation/v3/ark:/12148/bpt6k41328252/manifest.json'
For more information check: https://developer.mozilla.org/en-US/docs/Web/HTTP/Status/403",2026-07-17T19:11:09.894594
canardenchaine,bpt6k4132826g,,failed,0,0,,http_manifest,known,403,manifest,"Client error '403 ' for url 'https://openapiproext.bnf.fr/iiif/presentation/v3/ark:/12148/bpt6k4132826g/manifest.json'
For more information check: https://developer.mozilla.org/en-US/docs/Web/HTTP/Status/403",2026-07-17T19:11:10.878894
canardenchaine,bpt6k4132827w,,failed,0,0,,http_manifest,known,403,manifest,"Client error '403 ' for url 'https://openapiproext.bnf.fr/iiif/presentation/v3/ark:/12148/bpt6k4132827w/manifest.json'
For more information check: https://developer.mozilla.org/en-US/docs/Web/HTTP/Status/403",2026-07-17T19:11:11.987020
canardenchaine,bd6t560821,,failed,0,0,,http_manifest,known,403,manifest,"Client error '403 ' for url 'https://openapiproext.bnf.fr/iiif/presentation/v3/ark:/12148/bd6t560821/manifest.json'
For more information check: https://developer.mozilla.org/en-US/docs/Web/HTTP/Status/403",2026-07-17T19:11:13.449937
canardenchaine,bd6t56083b,,failed,0,0,,http_manifest,known,403,manifest,"Client error '403 ' for url 'https://openapiproext.bnf.fr/iiif/presentation/v3/ark:/12148/bd6t56083b/manifest.json'
For more information check: https://developer.mozilla.org/en-US/docs/Web/HTTP/Status/403",2026-07-17T19:11:14.410426
canardenchaine,bd6t56084n,,failed,0,0,,http_manifest,known,403,manifest,"Client error '403 ' for url 'https://openapiproext.bnf.fr/iiif/presentation/v3/ark:/12148/bd6t56084n/manifest.json'
For more information check: https://developer.mozilla.org/en-US/docs/Web/HTTP/Status/403",2026-07-17T19:11:15.662450
canardenchaine,bd6t56085z,,failed,0,0,,http_manifest,known,403,manifest,"Client error '403 ' for url 'https://openapiproext.bnf.fr/iiif/presentation/v3/ark:/12148/bd6t56085z/manifest.json'
For more information check: https://developer.mozilla.org/en-US/docs/Web/HTTP/Status/403",2026-07-17T19:11:16.772945
canardenchaine,bd6t560868,,failed,0,0,,http_manifest,known,403,manifest,"Client error '403 ' for url 'https://openapiproext.bnf.fr/iiif/presentation/v3/ark:/12148/bd6t560868/manifest.json'
For more information check: https://developer.mozilla.org/en-US/docs/Web/HTTP/Status/403",2026-07-17T19:11:17.989454
canardenchaine,bd6t56087k,,failed,0,0,,http_manifest,known,403,manifest,"Client error '403 ' for url 'https://openapiproext.bnf.fr/iiif/presentation/v3/ark:/12148/bd6t56087k/manifest.json'
For more information check: https://developer.mozilla.org/en-US/docs/Web/HTTP/Status/403",2026-07-17T19:11:19.179023
canardenchaine,bd6t56088w,,failed,0,0,,http_manifest,known,403,manifest,"Client error '403 ' for url 'https://openapiproext.bnf.fr/iiif/presentation/v3/ark:/12148/bd6t56088w/manifest.json'
For more information check: https://developer.mozilla.org/en-US/docs/Web/HTTP/Status/403",2026-07-17T19:11:20.378731
canardenchaine,bd6t560896,,failed,0,0,,http_manifest,known,403,manifest,"Client error '403 ' for url 'https://openapiproext.bnf.fr/iiif/presentation/v3/ark:/12148/bd6t560896/manifest.json'
For more information check: https://developer.mozilla.org/en-US/docs/Web/HTTP/Status/403",2026-07-17T19:11:21.592746
canardenchaine,bd6t56090p,,failed,0,0,,http_manifest,known,403,manifest,"Client error '403 ' for url 'https://openapiproext.bnf.fr/iiif/presentation/v3/ark:/12148/bd6t56090p/manifest.json'
For more information check: https://developer.mozilla.org/en-US/docs/Web/HTTP/Status/403",2026-07-17T19:11:22.781101
canardenchaine,bd6t560910,,failed,0,0,,http_manifest,known,403,manifest,"Client error '403 ' for url 'https://openapiproext.bnf.fr/iiif/presentation/v3/ark:/12148/bd6t560910/manifest.json'
For more information check: https://developer.mozilla.org/en-US/docs/Web/HTTP/Status/403",2026-07-17T19:11:23.984171
canardenchaine,bd6t560929,,failed,0,0,,http_manifest,known,403,manifest,"Client error '403 ' for url 'https://openapiproext.bnf.fr/iiif/presentation/v3/ark:/12148/bd6t560929/manifest.json'
For more information check: https://developer.mozilla.org/en-US/docs/Web/HTTP/Status/403",2026-07-17T19:11:25.186075
canardenchaine,bd6t56093m,,failed,0,0,,http_manifest,known,403,manifest,"Client error '403 ' for url 'https://openapiproext.bnf.fr/iiif/presentation/v3/ark:/12148/bd6t56093m/manifest.json'
For more information check: https://developer.mozilla.org/en-US/docs/Web/HTTP/Status/403",2026-07-17T19:11:26.388750
canardenchaine,bd6t56094x,,failed,0,0,,http_manifest,known,403,manifest,"Client error '403 ' for url 'https://openapiproext.bnf.fr/iiif/presentation/v3/ark:/12148/bd6t56094x/manifest.json'
For more information check: https://developer.mozilla.org/en-US/docs/Web/HTTP/Status/403",2026-07-17T19:11:27.587950
canardenchaine,bd6t560957,,failed,0,0,,http_manifest,known,403,manifest,"Client error '403 ' for url 'https://openapiproext.bnf.fr/iiif/presentation/v3/ark:/12148/bd6t560957/manifest.json'
For more information check: https://developer.mozilla.org/en-US/docs/Web/HTTP/Status/403",2026-07-17T19:11:28.792601
canardenchaine,bd6t56096j,,failed,0,0,,http_manifest,known,403,manifest,"Client error '403 ' for url 'https://openapiproext.bnf.fr/iiif/presentation/v3/ark:/12148/bd6t56096j/manifest.json'
For more information check: https://developer.mozilla.org/en-US/docs/Web/HTTP/Status/403",2026-07-17T19:11:30.010443
canardenchaine,bd6t56097v,,failed,0,0,,http_manifest,known,403,manifest,"Client error '403 ' for url 'https://openapiproext.bnf.fr/iiif/presentation/v3/ark:/12148/bd6t56097v/manifest.json'
For more information check: https://developer.mozilla.org/en-US/docs/Web/HTTP/Status/403",2026-07-17T19:11:31.195973
canardenchaine,bd6t560985,,failed,0,0,,http_manifest,known,403,manifest,"Client error '403 ' for url 'https://openapiproext.bnf.fr/iiif/presentation/v3/ark:/12148/bd6t560985/manifest.json'
For more information check: https://developer.mozilla.org/en-US/docs/Web/HTTP/Status/403",2026-07-17T19:11:32.398908
canardenchaine,bd6t56099g,,failed,0,0,,http_manifest,known,403,manifest,"Client error '403 ' for url 'https://openapiproext.bnf.fr/iiif/presentation/v3/ark:/12148/bd6t56099g/manifest.json'
For more information check: https://developer.mozilla.org/en-US/docs/Web/HTTP/Status/403",2026-07-17T19:11:33.596606
canardenchaine,bd6t56100f,,failed,0,0,,http_manifest,known,403,manifest,"Client error '403 ' for url 'https://openapiproext.bnf.fr/iiif/presentation/v3/ark:/12148/bd6t56100f/manifest.json'
For more information check: https://developer.mozilla.org/en-US/docs/Web/HTTP/Status/403",2026-07-17T19:11:34.797423
canardenchaine,bd6t56101r,,failed,0,0,,http_manifest,known,403,manifest,"Client error '403 ' for url 'https://openapiproext.bnf.fr/iiif/presentation/v3/ark:/12148/bd6t56101r/manifest.json'
For more information check: https://developer.mozilla.org/en-US/docs/Web/HTTP/Status/403",2026-07-17T19:11:36.008866
canardenchaine,bd6t561022,,failed,0,0,,http_manifest,known,403,manifest,"Client error '403 ' for url 'https://openapiproext.bnf.fr/iiif/presentation/v3/ark:/12148/bd6t561022/manifest.json'
For more information check: https://developer.mozilla.org/en-US/docs/Web/HTTP/Status/403",2026-07-17T19:11:37.199408
canardenchaine,bd6t56103c,,failed,0,0,,http_manifest,known,403,manifest,"Client error '403 ' for url 'https://openapiproext.bnf.fr/iiif/presentation/v3/ark:/12148/bd6t56103c/manifest.json'
For more information check: https://developer.mozilla.org/en-US/docs/Web/HTTP/Status/403",2026-07-17T19:11:38.400980
canardenchaine,bd6t56104p,,failed,0,0,,http_manifest,known,403,manifest,"Client error '403 ' for url 'https://openapiproext.bnf.fr/iiif/presentation/v3/ark:/12148/bd6t56104p/manifest.json'
For more information check: https://developer.mozilla.org/en-US/docs/Web/HTTP/Status/403",2026-07-17T19:11:39.602892
canardenchaine,bd6t561050,,failed,0,0,,http_manifest,known,403,manifest,"Client error '403 ' for url 'https://openapiproext.bnf.fr/iiif/presentation/v3/ark:/12148/bd6t561050/manifest.json'
For more information check: https://developer.mozilla.org/en-US/docs/Web/HTTP/Status/403",2026-07-17T19:11:40.803756
canardenchaine,bd6t561069,,failed,0,0,,http_manifest,known,403,manifest,"Client error '403 ' for url 'https://openapiproext.bnf.fr/iiif/presentation/v3/ark:/12148/bd6t561069/manifest.json'
For more information check: https://developer.mozilla.org/en-US/docs/Web/HTTP/Status/403",2026-07-17T19:11:42.042720
canardenchaine,bd6t56107m,,failed,0,0,,http_manifest,known,403,manifest,"Client error '403 ' for url 'https://openapiproext.bnf.fr/iiif/presentation/v3/ark:/12148/bd6t56107m/manifest.json'
For more information check: https://developer.mozilla.org/en-US/docs/Web/HTTP/Status/403",2026-07-17T19:11:43.207407
canardenchaine,bd6t56108x,,failed,0,0,,http_manifest,known,403,manifest,"Client error '403 ' for url 'https://openapiproext.bnf.fr/iiif/presentation/v3/ark:/12148/bd6t56108x/manifest.json'
For more information check: https://developer.mozilla.org/en-US/docs/Web/HTTP/Status/403",2026-07-17T19:11:44.411044
canardenchaine,bd6t561097,,failed,0,0,,http_manifest,known,403,manifest,"Client error '403 ' for url 'https://openapiproext.bnf.fr/iiif/presentation/v3/ark:/12148/bd6t561097/manifest.json'
For more information check: https://developer.mozilla.org/en-US/docs/Web/HTTP/Status/403",2026-07-17T19:11:45.610651
canardenchaine,bd6t56110q,,failed,0,0,,http_manifest,known,403,manifest,"Client error '403 ' for url 'https://openapiproext.bnf.fr/iiif/presentation/v3/ark:/12148/bd6t56110q/manifest.json'
For more information check: https://developer.mozilla.org/en-US/docs/Web/HTTP/Status/403",2026-07-17T19:11:46.818190
canardenchaine,bd6t561111,,failed,0,0,,http_manifest,known,403,manifest,"Client error '403 ' for url 'https://openapiproext.bnf.fr/iiif/presentation/v3/ark:/12148/bd6t561111/manifest.json'
For more information check: https://developer.mozilla.org/en-US/docs/Web/HTTP/Status/403",2026-07-17T19:11:48.014523
canardenchaine,bd6t56112b,,failed,0,0,,http_manifest,known,403,manifest,"Client error '403 ' for url 'https://openapiproext.bnf.fr/iiif/presentation/v3/ark:/12148/bd6t56112b/manifest.json'
For more information check: https://developer.mozilla.org/en-US/docs/Web/HTTP/Status/403",2026-07-17T19:11:49.216726
canardenchaine,bd6t56113n,,failed,0,0,,http_manifest,known,403,manifest,"Client error '403 ' for url 'https://openapiproext.bnf.fr/iiif/presentation/v3/ark:/12148/bd6t56113n/manifest.json'
For more information check: https://developer.mozilla.org/en-US/docs/Web/HTTP/Status/403",2026-07-17T19:11:50.418806
canardenchaine,bd6t56114z,,failed,0,0,,http_manifest,known,403,manifest,"Client error '403 ' for url 'https://openapiproext.bnf.fr/iiif/presentation/v3/ark:/12148/bd6t56114z/manifest.json'
For more information check: https://developer.mozilla.org/en-US/docs/Web/HTTP/Status/403",2026-07-17T19:11:51.628755
canardenchaine,bd6t561158,,failed,0,0,,http_manifest,known,403,manifest,"Client error '403 ' for url 'https://openapiproext.bnf.fr/iiif/presentation/v3/ark:/12148/bd6t561158/manifest.json'
For more information check: https://developer.mozilla.org/en-US/docs/Web/HTTP/Status/403",2026-07-17T19:11:52.821071
canardenchaine,bd6t56116k,,failed,0,0,,http_manifest,known,403,manifest,"Client error '403 ' for url 'https://openapiproext.bnf.fr/iiif/presentation/v3/ark:/12148/bd6t56116k/manifest.json'
For more information check: https://developer.mozilla.org/en-US/docs/Web/HTTP/Status/403",2026-07-17T19:11:54.051239
canardenchaine,bd6t56117w,,failed,0,0,,http_manifest,known,403,manifest,"Client error '403 ' for url 'https://openapiproext.bnf.fr/iiif/presentation/v3/ark:/12148/bd6t56117w/manifest.json'
For more information check: https://developer.mozilla.org/en-US/docs/Web/HTTP/Status/403",2026-07-17T19:11:55.227538
canardenchaine,bd6t561186,,failed,0,0,,http_manifest,known,403,manifest,"Client error '403 ' for url 'https://openapiproext.bnf.fr/iiif/presentation/v3/ark:/12148/bd6t561186/manifest.json'
For more information check: https://developer.mozilla.org/en-US/docs/Web/HTTP/Status/403",2026-07-17T19:11:56.427102
canardenchaine,bd6t56119h,,failed,0,0,,http_manifest,known,403,manifest,"Client error '403 ' for url 'https://openapiproext.bnf.fr/iiif/presentation/v3/ark:/12148/bd6t56119h/manifest.json'
For more information check: https://developer.mozilla.org/en-US/docs/Web/HTTP/Status/403",2026-07-17T19:11:57.811836
canardenchaine,bd6t561200,,failed,0,0,,http_manifest,known,403,manifest,"Client error '403 ' for url 'https://openapiproext.bnf.fr/iiif/presentation/v3/ark:/12148/bd6t561200/manifest.json'
For more information check: https://developer.mozilla.org/en-US/docs/Web/HTTP/Status/403",2026-07-17T19:11:58.831697
canardenchaine,bd6t561219,,failed,0,0,,http_manifest,known,403,manifest,"Client error '403 ' for url 'https://openapiproext.bnf.fr/iiif/presentation/v3/ark:/12148/bd6t561219/manifest.json'
For more information check: https://developer.mozilla.org/en-US/docs/Web/HTTP/Status/403",2026-07-17T19:12:00.277948
canardenchaine,bd6t56122m,,failed,0,0,,http_manifest,known,403,manifest,"Client error '403 ' for url 'https://openapiproext.bnf.fr/iiif/presentation/v3/ark:/12148/bd6t56122m/manifest.json'
For more information check: https://developer.mozilla.org/en-US/docs/Web/HTTP/Status/403",2026-07-17T19:12:01.422970
canardenchaine,bd6t56123x,,failed,0,0,,http_manifest,known,403,manifest,"Client error '403 ' for url 'https://openapiproext.bnf.fr/iiif/presentation/v3/ark:/12148/bd6t56123x/manifest.json'
For more information check: https://developer.mozilla.org/en-US/docs/Web/HTTP/Status/403",2026-07-17T19:12:02.434996
canardenchaine,bd6t561247,,failed,0,0,,http_manifest,known,403,manifest,"Client error '403 ' for url 'https://openapiproext.bnf.fr/iiif/presentation/v3/ark:/12148/bd6t561247/manifest.json'
For more information check: https://developer.mozilla.org/en-US/docs/Web/HTTP/Status/403",2026-07-17T19:12:03.644530
canardenchaine,bd6t56125j,,failed,0,0,,http_manifest,known,403,manifest,"Client error '403 ' for url 'https://openapiproext.bnf.fr/iiif/presentation/v3/ark:/12148/bd6t56125j/manifest.json'
For more information check: https://developer.mozilla.org/en-US/docs/Web/HTTP/Status/403",2026-07-17T19:12:04.939016
canardenchaine,bd6t56126v,,failed,0,0,,http_manifest,known,403,manifest,"Client error '403 ' for url 'https://openapiproext.bnf.fr/iiif/presentation/v3/ark:/12148/bd6t56126v/manifest.json'
For more information check: https://developer.mozilla.org/en-US/docs/Web/HTTP/Status/403",2026-07-17T19:12:06.244300
canardenchaine,bd6t561275,,failed,0,0,,http_manifest,known,403,manifest,"Client error '403 ' for url 'https://openapiproext.bnf.fr/iiif/presentation/v3/ark:/12148/bd6t561275/manifest.json'
For more information check: https://developer.mozilla.org/en-US/docs/Web/HTTP/Status/403",2026-07-17T19:12:07.242063
canardenchaine,bd6t56128g,,failed,0,0,,http_manifest,known,403,manifest,"Client error '403 ' for url 'https://openapiproext.bnf.fr/iiif/presentation/v3/ark:/12148/bd6t56128g/manifest.json'
For more information check: https://developer.mozilla.org/en-US/docs/Web/HTTP/Status/403",2026-07-17T19:12:08.440456
canardenchaine,bd6t56129s,,failed,0,0,,http_manifest,known,403,manifest,"Client error '403 ' for url 'https://openapiproext.bnf.fr/iiif/presentation/v3/ark:/12148/bd6t56129s/manifest.json'
For more information check: https://developer.mozilla.org/en-US/docs/Web/HTTP/Status/403",2026-07-17T19:12:09.678568
canardenchaine,bd6t561308,,failed,0,0,,http_manifest,known,403,manifest,"Client error '403 ' for url 'https://openapiproext.bnf.fr/iiif/presentation/v3/ark:/12148/bd6t561308/manifest.json'
For more information check: https://developer.mozilla.org/en-US/docs/Web/HTTP/Status/403",2026-07-17T19:12:10.850172
canardenchaine,bd6t56131k,,failed,0,0,,http_manifest,known,403,manifest,"Client error '403 ' for url 'https://openapiproext.bnf.fr/iiif/presentation/v3/ark:/12148/bd6t56131k/manifest.json'
For more information check: https://developer.mozilla.org/en-US/docs/Web/HTTP/Status/403",2026-07-17T19:12:12.072468
canardenchaine,bd6t56132w,,failed,0,0,,http_manifest,known,403,manifest,"Client error '403 ' for url 'https://openapiproext.bnf.fr/iiif/presentation/v3/ark:/12148/bd6t56132w/manifest.json'
For more information check: https://developer.mozilla.org/en-US/docs/Web/HTTP/Status/403",2026-07-17T19:12:13.245754
canardenchaine,bd6t561336,,failed,0,0,,http_manifest,known,403,manifest,"Client error '403 ' for url 'https://openapiproext.bnf.fr/iiif/presentation/v3/ark:/12148/bd6t561336/manifest.json'
For more information check: https://developer.mozilla.org/en-US/docs/Web/HTTP/Status/403",2026-07-17T19:12:14.447594
canardenchaine,bd6t56134h,,failed,0,0,,http_manifest,known,403,manifest,"Client error '403 ' for url 'https://openapiproext.bnf.fr/iiif/presentation/v3/ark:/12148/bd6t56134h/manifest.json'
For more information check: https://developer.mozilla.org/en-US/docs/Web/HTTP/Status/403",2026-07-17T19:12:15.649097
canardenchaine,bd6t56135t,,failed,0,0,,http_manifest,known,403,manifest,"Client error '403 ' for url 'https://openapiproext.bnf.fr/iiif/presentation/v3/ark:/12148/bd6t56135t/manifest.json'
For more information check: https://developer.mozilla.org/en-US/docs/Web/HTTP/Status/403",2026-07-17T19:12:16.853216
canardenchaine,bd6t561364,,failed,0,0,,http_manifest,known,403,manifest,"Client error '403 ' for url 'https://openapiproext.bnf.fr/iiif/presentation/v3/ark:/12148/bd6t561364/manifest.json'
For more information check: https://developer.mozilla.org/en-US/docs/Web/HTTP/Status/403",2026-07-17T19:12:18.058338
canardenchaine,bd6t56137f,,failed,0,0,,http_manifest,known,403,manifest,"Client error '403 ' for url 'https://openapiproext.bnf.fr/iiif/presentation/v3/ark:/12148/bd6t56137f/manifest.json'
For more information check: https://developer.mozilla.org/en-US/docs/Web/HTTP/Status/403",2026-07-17T19:12:19.256030
canardenchaine,bd6t56138r,,failed,0,0,,http_manifest,known,403,manifest,"Client error '403 ' for url 'https://openapiproext.bnf.fr/iiif/presentation/v3/ark:/12148/bd6t56138r/manifest.json'
For more information check: https://developer.mozilla.org/en-US/docs/Web/HTTP/Status/403",2026-07-17T19:12:20.455048
canardenchaine,bd6t561392,,failed,0,0,,http_manifest,known,403,manifest,"Client error '403 ' for url 'https://openapiproext.bnf.fr/iiif/presentation/v3/ark:/12148/bd6t561392/manifest.json'
For more information check: https://developer.mozilla.org/en-US/docs/Web/HTTP/Status/403",2026-07-17T19:12:21.653596
canardenchaine,bd6t56140j,,failed,0,0,,http_manifest,known,403,manifest,"Client error '403 ' for url 'https://openapiproext.bnf.fr/iiif/presentation/v3/ark:/12148/bd6t56140j/manifest.json'
For more information check: https://developer.mozilla.org/en-US/docs/Web/HTTP/Status/403",2026-07-17T19:12:22.860424
canardenchaine,bd6t56141v,,failed,0,0,,http_manifest,known,403,manifest,"Client error '403 ' for url 'https://openapiproext.bnf.fr/iiif/presentation/v3/ark:/12148/bd6t56141v/manifest.json'
For more information check: https://developer.mozilla.org/en-US/docs/Web/HTTP/Status/403",2026-07-17T19:12:24.088810
canardenchaine,bd6t561425,,failed,0,0,,http_manifest,known,403,manifest,"Client error '403 ' for url 'https://openapiproext.bnf.fr/iiif/presentation/v3/ark:/12148/bd6t561425/manifest.json'
For more information check: https://developer.mozilla.org/en-US/docs/Web/HTTP/Status/403",2026-07-17T19:12:25.260385
canardenchaine,bd6t56143g,,failed,0,0,,http_manifest,known,403,manifest,"Client error '403 ' for url 'https://openapiproext.bnf.fr/iiif/presentation/v3/ark:/12148/bd6t56143g/manifest.json'
For more information check: https://developer.mozilla.org/en-US/docs/Web/HTTP/Status/403",2026-07-17T19:12:26.471303
canardenchaine,bd6t56144s,,failed,0,0,,http_manifest,known,403,manifest,"Client error '403 ' for url 'https://openapiproext.bnf.fr/iiif/presentation/v3/ark:/12148/bd6t56144s/manifest.json'
For more information check: https://developer.mozilla.org/en-US/docs/Web/HTTP/Status/403",2026-07-17T19:12:27.663705
canardenchaine,bd6t561453,,failed,0,0,,http_manifest,known,403,manifest,"Client error '403 ' for url 'https://openapiproext.bnf.fr/iiif/presentation/v3/ark:/12148/bd6t561453/manifest.json'
For more information check: https://developer.mozilla.org/en-US/docs/Web/HTTP/Status/403",2026-07-17T19:12:28.866146
canardenchaine,bd6t56146d,,failed,0,0,,http_manifest,known,403,manifest,"Client error '403 ' for url 'https://openapiproext.bnf.fr/iiif/presentation/v3/ark:/12148/bd6t56146d/manifest.json'
For more information check: https://developer.mozilla.org/en-US/docs/Web/HTTP/Status/403",2026-07-17T19:12:30.067620
canardenchaine,bd6t56147q,,failed,0,0,,http_manifest,known,403,manifest,"Client error '403 ' for url 'https://openapiproext.bnf.fr/iiif/presentation/v3/ark:/12148/bd6t56147q/manifest.json'
For more information check: https://developer.mozilla.org/en-US/docs/Web/HTTP/Status/403",2026-07-17T19:12:31.266276
canardenchaine,bd6t561481,,failed,0,0,,http_manifest,known,403,manifest,"Client error '403 ' for url 'https://openapiproext.bnf.fr/iiif/presentation/v3/ark:/12148/bd6t561481/manifest.json'
For more information check: https://developer.mozilla.org/en-US/docs/Web/HTTP/Status/403",2026-07-17T19:12:32.479109
canardenchaine,bd6t56149b,,failed,0,0,,http_manifest,known,403,manifest,"Client error '403 ' for url 'https://openapiproext.bnf.fr/iiif/presentation/v3/ark:/12148/bd6t56149b/manifest.json'
For more information check: https://developer.mozilla.org/en-US/docs/Web/HTTP/Status/403",2026-07-17T19:12:33.673446
canardenchaine,bd6t56150t,,failed,0,0,,http_manifest,known,403,manifest,"Client error '403 ' for url 'https://openapiproext.bnf.fr/iiif/presentation/v3/ark:/12148/bd6t56150t/manifest.json'
For more information check: https://developer.mozilla.org/en-US/docs/Web/HTTP/Status/403",2026-07-17T19:12:34.876114
canardenchaine,bd6t561514,,failed,0,0,,http_manifest,known,403,manifest,"Client error '403 ' for url 'https://openapiproext.bnf.fr/iiif/presentation/v3/ark:/12148/bd6t561514/manifest.json'
For more information check: https://developer.mozilla.org/en-US/docs/Web/HTTP/Status/403",2026-07-17T19:12:36.090980
canardenchaine,bd6t56152f,,failed,0,0,,http_manifest,known,403,manifest,"Client error '403 ' for url 'https://openapiproext.bnf.fr/iiif/presentation/v3/ark:/12148/bd6t56152f/manifest.json'
For more information check: https://developer.mozilla.org/en-US/docs/Web/HTTP/Status/403",2026-07-17T19:12:37.274901
canardenchaine,bd6t56153r,,failed,0,0,,http_manifest,known,403,manifest,"Client error '403 ' for url 'https://openapiproext.bnf.fr/iiif/presentation/v3/ark:/12148/bd6t56153r/manifest.json'
For more information check: https://developer.mozilla.org/en-US/docs/Web/HTTP/Status/403",2026-07-17T19:12:38.478916
canardenchaine,bd6t561542,,failed,0,0,,http_manifest,known,403,manifest,"Client error '403 ' for url 'https://openapiproext.bnf.fr/iiif/presentation/v3/ark:/12148/bd6t561542/manifest.json'
For more information check: https://developer.mozilla.org/en-US/docs/Web/HTTP/Status/403",2026-07-17T19:12:39.675676
canardenchaine,bd6t56155c,,failed,0,0,,http_manifest,known,403,manifest,"Client error '403 ' for url 'https://openapiproext.bnf.fr/iiif/presentation/v3/ark:/12148/bd6t56155c/manifest.json'
For more information check: https://developer.mozilla.org/en-US/docs/Web/HTTP/Status/403",2026-07-17T19:12:40.881104
canardenchaine,bd6t56156p,,failed,0,0,,http_manifest,known,403,manifest,"Client error '403 ' for url 'https://openapiproext.bnf.fr/iiif/presentation/v3/ark:/12148/bd6t56156p/manifest.json'
For more information check: https://developer.mozilla.org/en-US/docs/Web/HTTP/Status/403",2026-07-17T19:12:42.109825
canardenchaine,bd6t561570,,failed,0,0,,http_manifest,known,403,manifest,"Client error '403 ' for url 'https://openapiproext.bnf.fr/iiif/presentation/v3/ark:/12148/bd6t561570/manifest.json'
For more information check: https://developer.mozilla.org/en-US/docs/Web/HTTP/Status/403",2026-07-17T19:12:43.281754
canardenchaine,bd6t561589,,failed,0,0,,http_manifest,known,403,manifest,"Client error '403 ' for url 'https://openapiproext.bnf.fr/iiif/presentation/v3/ark:/12148/bd6t561589/manifest.json'
For more information check: https://developer.mozilla.org/en-US/docs/Web/HTTP/Status/403",2026-07-17T19:12:44.483887
canardenchaine,bd6t56159m,,failed,0,0,,http_manifest,known,403,manifest,"Client error '403 ' for url 'https://openapiproext.bnf.fr/iiif/presentation/v3/ark:/12148/bd6t56159m/manifest.json'
For more information check: https://developer.mozilla.org/en-US/docs/Web/HTTP/Status/403",2026-07-17T19:12:45.696456
canardenchaine,bd6t561603,,failed,0,0,,http_manifest,known,403,manifest,"Client error '403 ' for url 'https://openapiproext.bnf.fr/iiif/presentation/v3/ark:/12148/bd6t561603/manifest.json'
For more information check: https://developer.mozilla.org/en-US/docs/Web/HTTP/Status/403",2026-07-17T19:12:46.890091
canardenchaine,bd6t56161d,,failed,0,0,,http_manifest,known,403,manifest,"Client error '403 ' for url 'https://openapiproext.bnf.fr/iiif/presentation/v3/ark:/12148/bd6t56161d/manifest.json'
For more information check: https://developer.mozilla.org/en-US/docs/Web/HTTP/Status/403",2026-07-17T19:12:48.089962
canardenchaine,bd6t56162q,,failed,0,0,,http_manifest,known,403,manifest,"Client error '403 ' for url 'https://openapiproext.bnf.fr/iiif/presentation/v3/ark:/12148/bd6t56162q/manifest.json'
For more information check: https://developer.mozilla.org/en-US/docs/Web/HTTP/Status/403",2026-07-17T19:12:49.288731
canardenchaine,bd6t561631,,failed,0,0,,http_manifest,known,403,manifest,"Client error '403 ' for url 'https://openapiproext.bnf.fr/iiif/presentation/v3/ark:/12148/bd6t561631/manifest.json'
For more information check: https://developer.mozilla.org/en-US/docs/Web/HTTP/Status/403",2026-07-17T19:12:50.490567
canardenchaine,bd6t56164b,,failed,0,0,,http_manifest,known,403,manifest,"Client error '403 ' for url 'https://openapiproext.bnf.fr/iiif/presentation/v3/ark:/12148/bd6t56164b/manifest.json'
For more information check: https://developer.mozilla.org/en-US/docs/Web/HTTP/Status/403",2026-07-17T19:12:51.695396
canardenchaine,bd6t56165n,,failed,0,0,,http_manifest,known,403,manifest,"Client error '403 ' for url 'https://openapiproext.bnf.fr/iiif/presentation/v3/ark:/12148/bd6t56165n/manifest.json'
For more information check: https://developer.mozilla.org/en-US/docs/Web/HTTP/Status/403",2026-07-17T19:12:52.893458
canardenchaine,bd6t56166z,,failed,0,0,,http_manifest,known,403,manifest,"Client error '403 ' for url 'https://openapiproext.bnf.fr/iiif/presentation/v3/ark:/12148/bd6t56166z/manifest.json'
For more information check: https://developer.mozilla.org/en-US/docs/Web/HTTP/Status/403",2026-07-17T19:12:54.110446
canardenchaine,bd6t561678,,failed,0,0,,http_manifest,known,403,manifest,"Client error '403 ' for url 'https://openapiproext.bnf.fr/iiif/presentation/v3/ark:/12148/bd6t561678/manifest.json'
For more information check: https://developer.mozilla.org/en-US/docs/Web/HTTP/Status/403",2026-07-17T19:12:55.297102
canardenchaine,bd6t56168k,,failed,0,0,,http_manifest,known,403,manifest,"Client error '403 ' for url 'https://openapiproext.bnf.fr/iiif/presentation/v3/ark:/12148/bd6t56168k/manifest.json'
For more information check: https://developer.mozilla.org/en-US/docs/Web/HTTP/Status/403",2026-07-17T19:12:56.506087
canardenchaine,bd6t56169w,,failed,0,0,,http_manifest,known,403,manifest,"Client error '403 ' for url 'https://openapiproext.bnf.fr/iiif/presentation/v3/ark:/12148/bd6t56169w/manifest.json'
For more information check: https://developer.mozilla.org/en-US/docs/Web/HTTP/Status/403",2026-07-17T19:12:57.766381
canardenchaine,bd6t56170c,,failed,0,0,,http_manifest,known,403,manifest,"Client error '403 ' for url 'https://openapiproext.bnf.fr/iiif/presentation/v3/ark:/12148/bd6t56170c/manifest.json'
For more information check: https://developer.mozilla.org/en-US/docs/Web/HTTP/Status/403",2026-07-17T19:12:58.904920
canardenchaine,bd6t56171p,,failed,0,0,,http_manifest,known,403,manifest,"Client error '403 ' for url 'https://openapiproext.bnf.fr/iiif/presentation/v3/ark:/12148/bd6t56171p/manifest.json'
For more information check: https://developer.mozilla.org/en-US/docs/Web/HTTP/Status/403",2026-07-17T19:13:00.257159
canardenchaine,bd6t561720,,failed,0,0,,http_manifest,known,403,manifest,"Client error '403 ' for url 'https://openapiproext.bnf.fr/iiif/presentation/v3/ark:/12148/bd6t561720/manifest.json'
For more information check: https://developer.mozilla.org/en-US/docs/Web/HTTP/Status/403",2026-07-17T19:13:01.348241
canardenchaine,bd6t561739,,failed,0,0,,http_manifest,known,403,manifest,"Client error '403 ' for url 'https://openapiproext.bnf.fr/iiif/presentation/v3/ark:/12148/bd6t561739/manifest.json'
For more information check: https://developer.mozilla.org/en-US/docs/Web/HTTP/Status/403",2026-07-17T19:13:02.504972
canardenchaine,bd6t56174m,,failed,0,0,,http_manifest,known,403,manifest,"Client error '403 ' for url 'https://openapiproext.bnf.fr/iiif/presentation/v3/ark:/12148/bd6t56174m/manifest.json'
For more information check: https://developer.mozilla.org/en-US/docs/Web/HTTP/Status/403",2026-07-17T19:13:03.984239
canardenchaine,bd6t56175x,,failed,0,0,,http_manifest,known,403,manifest,"Client error '403 ' for url 'https://openapiproext.bnf.fr/iiif/presentation/v3/ark:/12148/bd6t56175x/manifest.json'
For more information check: https://developer.mozilla.org/en-US/docs/Web/HTTP/Status/403",2026-07-17T19:13:04.954172
canardenchaine,bd6t561767,,failed,0,0,,http_manifest,known,403,manifest,"Client error '403 ' for url 'https://openapiproext.bnf.fr/iiif/presentation/v3/ark:/12148/bd6t561767/manifest.json'
For more information check: https://developer.mozilla.org/en-US/docs/Web/HTTP/Status/403",2026-07-17T19:13:06.321709
canardenchaine,bd6t56177j,,failed,0,0,,http_manifest,known,403,manifest,"Client error '403 ' for url 'https://openapiproext.bnf.fr/iiif/presentation/v3/ark:/12148/bd6t56177j/manifest.json'
For more information check: https://developer.mozilla.org/en-US/docs/Web/HTTP/Status/403",2026-07-17T19:13:07.314555
canardenchaine,bd6t56178v,,failed,0,0,,http_manifest,known,403,manifest,"Client error '403 ' for url 'https://openapiproext.bnf.fr/iiif/presentation/v3/ark:/12148/bd6t56178v/manifest.json'
For more information check: https://developer.mozilla.org/en-US/docs/Web/HTTP/Status/403",2026-07-17T19:13:08.514149
canardenchaine,bd6t561795,,failed,0,0,,http_manifest,known,403,manifest,"Client error '403 ' for url 'https://openapiproext.bnf.fr/iiif/presentation/v3/ark:/12148/bd6t561795/manifest.json'
For more information check: https://developer.mozilla.org/en-US/docs/Web/HTTP/Status/403",2026-07-17T19:13:09.715227
canardenchaine,bd6t56180n,,failed,0,0,,http_manifest,known,403,manifest,"Client error '403 ' for url 'https://openapiproext.bnf.fr/iiif/presentation/v3/ark:/12148/bd6t56180n/manifest.json'
For more information check: https://developer.mozilla.org/en-US/docs/Web/HTTP/Status/403",2026-07-17T19:13:10.915997
canardenchaine,bd6t56181z,,failed,0,0,,http_manifest,known,403,manifest,"Client error '403 ' for url 'https://openapiproext.bnf.fr/iiif/presentation/v3/ark:/12148/bd6t56181z/manifest.json'
For more information check: https://developer.mozilla.org/en-US/docs/Web/HTTP/Status/403",2026-07-17T19:13:12.311328
canardenchaine,bd6t561828,,failed,0,0,,http_manifest,known,403,manifest,"Client error '403 ' for url 'https://openapiproext.bnf.fr/iiif/presentation/v3/ark:/12148/bd6t561828/manifest.json'
For more information check: https://developer.mozilla.org/en-US/docs/Web/HTTP/Status/403",2026-07-17T19:13:13.322318
canardenchaine,bd6t56183k,,failed,0,0,,http_manifest,known,403,manifest,"Client error '403 ' for url 'https://openapiproext.bnf.fr/iiif/presentation/v3/ark:/12148/bd6t56183k/manifest.json'
For more information check: https://developer.mozilla.org/en-US/docs/Web/HTTP/Status/403",2026-07-17T19:13:14.726868
canardenchaine,bd6t56184w,,failed,0,0,,http_manifest,known,403,manifest,"Client error '403 ' for url 'https://openapiproext.bnf.fr/iiif/presentation/v3/ark:/12148/bd6t56184w/manifest.json'
For more information check: https://developer.mozilla.org/en-US/docs/Web/HTTP/Status/403",2026-07-17T19:13:15.733289
canardenchaine,bd6t561856,,failed,0,0,,http_manifest,known,403,manifest,"Client error '403 ' for url 'https://openapiproext.bnf.fr/iiif/presentation/v3/ark:/12148/bd6t561856/manifest.json'
For more information check: https://developer.mozilla.org/en-US/docs/Web/HTTP/Status/403",2026-07-17T19:13:17.014852
canardenchaine,bd6t56186h,,failed,0,0,,http_manifest,known,403,manifest,"Client error '403 ' for url 'https://openapiproext.bnf.fr/iiif/presentation/v3/ark:/12148/bd6t56186h/manifest.json'
For more information check: https://developer.mozilla.org/en-US/docs/Web/HTTP/Status/403",2026-07-17T19:13:18.129185
canardenchaine,bd6t56187t,,failed,0,0,,http_manifest,known,403,manifest,"Client error '403 ' for url 'https://openapiproext.bnf.fr/iiif/presentation/v3/ark:/12148/bd6t56187t/manifest.json'
For more information check: https://developer.mozilla.org/en-US/docs/Web/HTTP/Status/403",2026-07-17T19:13:19.329273
canardenchaine,bd6t561884,,failed,0,0,,http_manifest,known,403,manifest,"Client error '403 ' for url 'https://openapiproext.bnf.fr/iiif/presentation/v3/ark:/12148/bd6t561884/manifest.json'
For more information check: https://developer.mozilla.org/en-US/docs/Web/HTTP/Status/403",2026-07-17T19:13:20.526481
canardenchaine,bd6t56189f,,failed,0,0,,http_manifest,known,403,manifest,"Client error '403 ' for url 'https://openapiproext.bnf.fr/iiif/presentation/v3/ark:/12148/bd6t56189f/manifest.json'
For more information check: https://developer.mozilla.org/en-US/docs/Web/HTTP/Status/403",2026-07-17T19:13:21.729544
canardenchaine,bd6t56190x,,failed,0,0,,http_manifest,known,403,manifest,"Client error '403 ' for url 'https://openapiproext.bnf.fr/iiif/presentation/v3/ark:/12148/bd6t56190x/manifest.json'
For more information check: https://developer.mozilla.org/en-US/docs/Web/HTTP/Status/403",2026-07-17T19:13:22.931130
canardenchaine,bd6t561917,,failed,0,0,,http_manifest,known,403,manifest,"Client error '403 ' for url 'https://openapiproext.bnf.fr/iiif/presentation/v3/ark:/12148/bd6t561917/manifest.json'
For more information check: https://developer.mozilla.org/en-US/docs/Web/HTTP/Status/403",2026-07-17T19:13:24.162330
canardenchaine,bd6t56192j,,failed,0,0,,http_manifest,known,403,manifest,"Client error '403 ' for url 'https://openapiproext.bnf.fr/iiif/presentation/v3/ark:/12148/bd6t56192j/manifest.json'
For more information check: https://developer.mozilla.org/en-US/docs/Web/HTTP/Status/403",2026-07-17T19:13:25.332323
canardenchaine,bd6t56193v,,failed,0,0,,http_manifest,known,403,manifest,"Client error '403 ' for url 'https://openapiproext.bnf.fr/iiif/presentation/v3/ark:/12148/bd6t56193v/manifest.json'
For more information check: https://developer.mozilla.org/en-US/docs/Web/HTTP/Status/403",2026-07-17T19:13:26.534568
canardenchaine,bd6t561945,,failed,0,0,,http_manifest,known,403,manifest,"Client error '403 ' for url 'https://openapiproext.bnf.fr/iiif/presentation/v3/ark:/12148/bd6t561945/manifest.json'
For more information check: https://developer.mozilla.org/en-US/docs/Web/HTTP/Status/403",2026-07-17T19:13:27.743939
canardenchaine,bd6t56195g,,failed,0,0,,http_manifest,known,403,manifest,"Client error '403 ' for url 'https://openapiproext.bnf.fr/iiif/presentation/v3/ark:/12148/bd6t56195g/manifest.json'
For more information check: https://developer.mozilla.org/en-US/docs/Web/HTTP/Status/403",2026-07-17T19:13:28.941472
canardenchaine,bd6t56196s,,failed,0,0,,http_manifest,known,403,manifest,"Client error '403 ' for url 'https://openapiproext.bnf.fr/iiif/presentation/v3/ark:/12148/bd6t56196s/manifest.json'
For more information check: https://developer.mozilla.org/en-US/docs/Web/HTTP/Status/403",2026-07-17T19:13:30.142106
canardenchaine,bd6t561973,,failed,0,0,,http_manifest,known,403,manifest,"Client error '403 ' for url 'https://openapiproext.bnf.fr/iiif/presentation/v3/ark:/12148/bd6t561973/manifest.json'
For more information check: https://developer.mozilla.org/en-US/docs/Web/HTTP/Status/403",2026-07-17T19:13:31.346320
canardenchaine,bd6t56198d,,failed,0,0,,http_manifest,known,403,manifest,"Client error '403 ' for url 'https://openapiproext.bnf.fr/iiif/presentation/v3/ark:/12148/bd6t56198d/manifest.json'
For more information check: https://developer.mozilla.org/en-US/docs/Web/HTTP/Status/403",2026-07-17T19:13:32.550912
canardenchaine,bd6t56199q,,failed,0,0,,http_manifest,known,403,manifest,"Client error '403 ' for url 'https://openapiproext.bnf.fr/iiif/presentation/v3/ark:/12148/bd6t56199q/manifest.json'
For more information check: https://developer.mozilla.org/en-US/docs/Web/HTTP/Status/403",2026-07-17T19:13:33.744641
canardenchaine,bd6t56200p,,failed,0,0,,http_manifest,known,403,manifest,"Client error '403 ' for url 'https://openapiproext.bnf.fr/iiif/presentation/v3/ark:/12148/bd6t56200p/manifest.json'
For more information check: https://developer.mozilla.org/en-US/docs/Web/HTTP/Status/403",2026-07-17T19:13:34.955573
canardenchaine,bd6t562010,,failed,0,0,,http_manifest,known,403,manifest,"Client error '403 ' for url 'https://openapiproext.bnf.fr/iiif/presentation/v3/ark:/12148/bd6t562010/manifest.json'
For more information check: https://developer.mozilla.org/en-US/docs/Web/HTTP/Status/403",2026-07-17T19:13:36.169954
canardenchaine,bd6t562029,,failed,0,0,,http_manifest,known,403,manifest,"Client error '403 ' for url 'https://openapiproext.bnf.fr/iiif/presentation/v3/ark:/12148/bd6t562029/manifest.json'
For more information check: https://developer.mozilla.org/en-US/docs/Web/HTTP/Status/403",2026-07-17T19:13:37.353007
canardenchaine,bd6t56203m,,failed,0,0,,http_manifest,known,403,manifest,"Client error '403 ' for url 'https://openapiproext.bnf.fr/iiif/presentation/v3/ark:/12148/bd6t56203m/manifest.json'
For more information check: https://developer.mozilla.org/en-US/docs/Web/HTTP/Status/403",2026-07-17T19:13:38.555161
canardenchaine,bd6t56204x,,failed,0,0,,http_manifest,known,403,manifest,"Client error '403 ' for url 'https://openapiproext.bnf.fr/iiif/presentation/v3/ark:/12148/bd6t56204x/manifest.json'
For more information check: https://developer.mozilla.org/en-US/docs/Web/HTTP/Status/403",2026-07-17T19:13:39.755295
canardenchaine,bd6t562057,,failed,0,0,,http_manifest,known,403,manifest,"Client error '403 ' for url 'https://openapiproext.bnf.fr/iiif/presentation/v3/ark:/12148/bd6t562057/manifest.json'
For more information check: https://developer.mozilla.org/en-US/docs/Web/HTTP/Status/403",2026-07-17T19:13:40.954726
canardenchaine,bd6t56206j,,failed,0,0,,http_manifest,known,403,manifest,"Client error '403 ' for url 'https://openapiproext.bnf.fr/iiif/presentation/v3/ark:/12148/bd6t56206j/manifest.json'
For more information check: https://developer.mozilla.org/en-US/docs/Web/HTTP/Status/403",2026-07-17T19:13:42.178153
canardenchaine,bd6t56207v,,failed,0,0,,http_manifest,known,403,manifest,"Client error '403 ' for url 'https://openapiproext.bnf.fr/iiif/presentation/v3/ark:/12148/bd6t56207v/manifest.json'
For more information check: https://developer.mozilla.org/en-US/docs/Web/HTTP/Status/403",2026-07-17T19:13:43.361833
canardenchaine,bd6t562085,,failed,0,0,,http_manifest,known,403,manifest,"Client error '403 ' for url 'https://openapiproext.bnf.fr/iiif/presentation/v3/ark:/12148/bd6t562085/manifest.json'
For more information check: https://developer.mozilla.org/en-US/docs/Web/HTTP/Status/403",2026-07-17T19:13:44.559648
canardenchaine,bd6t56209g,,failed,0,0,,http_manifest,known,403,manifest,"Client error '403 ' for url 'https://openapiproext.bnf.fr/iiif/presentation/v3/ark:/12148/bd6t56209g/manifest.json'
For more information check: https://developer.mozilla.org/en-US/docs/Web/HTTP/Status/403",2026-07-17T19:13:45.761636
canardenchaine,bd6t56210z,,failed,0,0,,http_manifest,known,403,manifest,"Client error '403 ' for url 'https://openapiproext.bnf.fr/iiif/presentation/v3/ark:/12148/bd6t56210z/manifest.json'
For more information check: https://developer.mozilla.org/en-US/docs/Web/HTTP/Status/403",2026-07-17T19:13:46.964562
canardenchaine,bd6t562118,,failed,0,0,,http_manifest,known,403,manifest,"Client error '403 ' for url 'https://openapiproext.bnf.fr/iiif/presentation/v3/ark:/12148/bd6t562118/manifest.json'
For more information check: https://developer.mozilla.org/en-US/docs/Web/HTTP/Status/403",2026-07-17T19:13:48.167039
canardenchaine,bd6t56212k,,failed,0,0,,http_manifest,known,403,manifest,"Client error '403 ' for url 'https://openapiproext.bnf.fr/iiif/presentation/v3/ark:/12148/bd6t56212k/manifest.json'
For more information check: https://developer.mozilla.org/en-US/docs/Web/HTTP/Status/403",2026-07-17T19:13:49.367744
canardenchaine,bd6t56213w,,failed,0,0,,http_manifest,known,403,manifest,"Client error '403 ' for url 'https://openapiproext.bnf.fr/iiif/presentation/v3/ark:/12148/bd6t56213w/manifest.json'
For more information check: https://developer.mozilla.org/en-US/docs/Web/HTTP/Status/403",2026-07-17T19:13:50.570835
canardenchaine,bd6t562146,,failed,0,0,,http_manifest,known,403,manifest,"Client error '403 ' for url 'https://openapiproext.bnf.fr/iiif/presentation/v3/ark:/12148/bd6t562146/manifest.json'
For more information check: https://developer.mozilla.org/en-US/docs/Web/HTTP/Status/403",2026-07-17T19:13:51.849065
canardenchaine,bd6t56215h,,failed,0,0,,http_manifest,known,403,manifest,"Client error '403 ' for url 'https://openapiproext.bnf.fr/iiif/presentation/v3/ark:/12148/bd6t56215h/manifest.json'
For more information check: https://developer.mozilla.org/en-US/docs/Web/HTTP/Status/403",2026-07-17T19:13:52.976971
canardenchaine,bd6t56216t,,failed,0,0,,http_manifest,known,403,manifest,"Client error '403 ' for url 'https://openapiproext.bnf.fr/iiif/presentation/v3/ark:/12148/bd6t56216t/manifest.json'
For more information check: https://developer.mozilla.org/en-US/docs/Web/HTTP/Status/403",2026-07-17T19:13:54.175044
canardenchaine,bd6t562174,,failed,0,0,,http_manifest,known,403,manifest,"Client error '403 ' for url 'https://openapiproext.bnf.fr/iiif/presentation/v3/ark:/12148/bd6t562174/manifest.json'
For more information check: https://developer.mozilla.org/en-US/docs/Web/HTTP/Status/403",2026-07-17T19:13:55.375159
canardenchaine,bd6t56218f,,failed,0,0,,http_manifest,known,403,manifest,"Client error '403 ' for url 'https://openapiproext.bnf.fr/iiif/presentation/v3/ark:/12148/bd6t56218f/manifest.json'
For more information check: https://developer.mozilla.org/en-US/docs/Web/HTTP/Status/403",2026-07-17T19:13:56.574930
canardenchaine,bd6t56219r,,failed,0,0,,http_manifest,known,403,manifest,"Client error '403 ' for url 'https://openapiproext.bnf.fr/iiif/presentation/v3/ark:/12148/bd6t56219r/manifest.json'
For more information check: https://developer.mozilla.org/en-US/docs/Web/HTTP/Status/403",2026-07-17T19:13:57.784078
canardenchaine,bd6t562207,,failed,0,0,,http_manifest,known,403,manifest,"Client error '403 ' for url 'https://openapiproext.bnf.fr/iiif/presentation/v3/ark:/12148/bd6t562207/manifest.json'
For more information check: https://developer.mozilla.org/en-US/docs/Web/HTTP/Status/403",2026-07-17T19:13:58.985770
canardenchaine,bd6t56221j,,failed,0,0,,http_manifest,known,403,manifest,"Client error '403 ' for url 'https://openapiproext.bnf.fr/iiif/presentation/v3/ark:/12148/bd6t56221j/manifest.json'
For more information check: https://developer.mozilla.org/en-US/docs/Web/HTTP/Status/403",2026-07-17T19:14:00.242331
canardenchaine,bd6t56222v,,failed,0,0,,http_manifest,known,403,manifest,"Client error '403 ' for url 'https://openapiproext.bnf.fr/iiif/presentation/v3/ark:/12148/bd6t56222v/manifest.json'
For more information check: https://developer.mozilla.org/en-US/docs/Web/HTTP/Status/403",2026-07-17T19:14:01.512951
canardenchaine,bd6t562235,,failed,0,0,,http_manifest,known,403,manifest,"Client error '403 ' for url 'https://openapiproext.bnf.fr/iiif/presentation/v3/ark:/12148/bd6t562235/manifest.json'
For more information check: https://developer.mozilla.org/en-US/docs/Web/HTTP/Status/403",2026-07-17T19:14:02.584809
canardenchaine,bd6t56224g,,failed,0,0,,http_manifest,known,403,manifest,"Client error '403 ' for url 'https://openapiproext.bnf.fr/iiif/presentation/v3/ark:/12148/bd6t56224g/manifest.json'
For more information check: https://developer.mozilla.org/en-US/docs/Web/HTTP/Status/403",2026-07-17T19:14:03.895643
canardenchaine,bd6t56225s,,failed,0,0,,http_manifest,known,403,manifest,"Client error '403 ' for url 'https://openapiproext.bnf.fr/iiif/presentation/v3/ark:/12148/bd6t56225s/manifest.json'
For more information check: https://developer.mozilla.org/en-US/docs/Web/HTTP/Status/403",2026-07-17T19:14:05.139345
canardenchaine,bd6t562263,,failed,0,0,,http_manifest,known,403,manifest,"Client error '403 ' for url 'https://openapiproext.bnf.fr/iiif/presentation/v3/ark:/12148/bd6t562263/manifest.json'
For more information check: https://developer.mozilla.org/en-US/docs/Web/HTTP/Status/403",2026-07-17T19:14:06.369398
canardenchaine,bd6t56227d,,failed,0,0,,http_manifest,known,403,manifest,"Client error '403 ' for url 'https://openapiproext.bnf.fr/iiif/presentation/v3/ark:/12148/bd6t56227d/manifest.json'
For more information check: https://developer.mozilla.org/en-US/docs/Web/HTTP/Status/403",2026-07-17T19:14:07.519629
canardenchaine,bd6t56228q,,failed,0,0,,http_manifest,known,403,manifest,"Client error '403 ' for url 'https://openapiproext.bnf.fr/iiif/presentation/v3/ark:/12148/bd6t56228q/manifest.json'
For more information check: https://developer.mozilla.org/en-US/docs/Web/HTTP/Status/403",2026-07-17T19:14:08.651390
canardenchaine,bd6t562291,,failed,0,0,,http_manifest,known,403,manifest,"Client error '403 ' for url 'https://openapiproext.bnf.fr/iiif/presentation/v3/ark:/12148/bd6t562291/manifest.json'
For more information check: https://developer.mozilla.org/en-US/docs/Web/HTTP/Status/403",2026-07-17T19:14:10.170619
canardenchaine,bd6t56230h,,failed,0,0,,http_manifest,known,403,manifest,"Client error '403 ' for url 'https://openapiproext.bnf.fr/iiif/presentation/v3/ark:/12148/bd6t56230h/manifest.json'
For more information check: https://developer.mozilla.org/en-US/docs/Web/HTTP/Status/403",2026-07-17T19:14:11.006017
canardenchaine,bd6t56231t,,failed,0,0,,http_manifest,known,403,manifest,"Client error '403 ' for url 'https://openapiproext.bnf.fr/iiif/presentation/v3/ark:/12148/bd6t56231t/manifest.json'
For more information check: https://developer.mozilla.org/en-US/docs/Web/HTTP/Status/403",2026-07-17T19:14:12.224288
canardenchaine,bd6t562324,,failed,0,0,,http_manifest,known,403,manifest,"Client error '403 ' for url 'https://openapiproext.bnf.fr/iiif/presentation/v3/ark:/12148/bd6t562324/manifest.json'
For more information check: https://developer.mozilla.org/en-US/docs/Web/HTTP/Status/403",2026-07-17T19:14:13.597512
canardenchaine,bd6t56233f,,failed,0,0,,http_manifest,known,403,manifest,"Client error '403 ' for url 'https://openapiproext.bnf.fr/iiif/presentation/v3/ark:/12148/bd6t56233f/manifest.json'
For more information check: https://developer.mozilla.org/en-US/docs/Web/HTTP/Status/403",2026-07-17T19:14:14.676813
canardenchaine,bd6t56234r,,failed,0,0,,http_manifest,known,403,manifest,"Client error '403 ' for url 'https://openapiproext.bnf.fr/iiif/presentation/v3/ark:/12148/bd6t56234r/manifest.json'
For more information check: https://developer.mozilla.org/en-US/docs/Web/HTTP/Status/403",2026-07-17T19:14:15.799930
canardenchaine,bd6t572803,,failed,0,0,,http_manifest,known,403,manifest,"Client error '403 ' for url 'https://openapiproext.bnf.fr/iiif/presentation/v3/ark:/12148/bd6t572803/manifest.json'
For more information check: https://developer.mozilla.org/en-US/docs/Web/HTTP/Status/403",2026-07-17T19:14:17.015668
canardenchaine,bd6t57281d,,failed,0,0,,http_manifest,known,403,manifest,"Client error '403 ' for url 'https://openapiproext.bnf.fr/iiif/presentation/v3/ark:/12148/bd6t57281d/manifest.json'
For more information check: https://developer.mozilla.org/en-US/docs/Web/HTTP/Status/403",2026-07-17T19:14:18.227066
canardenchaine,bd6t57282q,,failed,0,0,,http_manifest,known,403,manifest,"Client error '403 ' for url 'https://openapiproext.bnf.fr/iiif/presentation/v3/ark:/12148/bd6t57282q/manifest.json'
For more information check: https://developer.mozilla.org/en-US/docs/Web/HTTP/Status/403",2026-07-17T19:14:19.402656
canardenchaine,bd6t572831,,failed,0,0,,http_manifest,known,403,manifest,"Client error '403 ' for url 'https://openapiproext.bnf.fr/iiif/presentation/v3/ark:/12148/bd6t572831/manifest.json'
For more information check: https://developer.mozilla.org/en-US/docs/Web/HTTP/Status/403",2026-07-17T19:14:20.601480
canardenchaine,bd6t57284b,,failed,0,0,,http_manifest,known,403,manifest,"Client error '403 ' for url 'https://openapiproext.bnf.fr/iiif/presentation/v3/ark:/12148/bd6t57284b/manifest.json'
For more information check: https://developer.mozilla.org/en-US/docs/Web/HTTP/Status/403",2026-07-17T19:14:21.806127
canardenchaine,bd6t57285n,,failed,0,0,,http_manifest,known,403,manifest,"Client error '403 ' for url 'https://openapiproext.bnf.fr/iiif/presentation/v3/ark:/12148/bd6t57285n/manifest.json'
For more information check: https://developer.mozilla.org/en-US/docs/Web/HTTP/Status/403",2026-07-17T19:14:23.015263
canardenchaine,bd6t57286z,,failed,0,0,,http_manifest,known,403,manifest,"Client error '403 ' for url 'https://openapiproext.bnf.fr/iiif/presentation/v3/ark:/12148/bd6t57286z/manifest.json'
For more information check: https://developer.mozilla.org/en-US/docs/Web/HTTP/Status/403",2026-07-17T19:14:24.207483
canardenchaine,bd6t572878,,failed,0,0,,http_manifest,known,403,manifest,"Client error '403 ' for url 'https://openapiproext.bnf.fr/iiif/presentation/v3/ark:/12148/bd6t572878/manifest.json'
For more information check: https://developer.mozilla.org/en-US/docs/Web/HTTP/Status/403",2026-07-17T19:14:25.408426
canardenchaine,bd6t57288k,,failed,0,0,,http_manifest,known,403,manifest,"Client error '403 ' for url 'https://openapiproext.bnf.fr/iiif/presentation/v3/ark:/12148/bd6t57288k/manifest.json'
For more information check: https://developer.mozilla.org/en-US/docs/Web/HTTP/Status/403",2026-07-17T19:14:26.609576
canardenchaine,bd6t57289w,,failed,0,0,,http_manifest,known,403,manifest,"Client error '403 ' for url 'https://openapiproext.bnf.fr/iiif/presentation/v3/ark:/12148/bd6t57289w/manifest.json'
For more information check: https://developer.mozilla.org/en-US/docs/Web/HTTP/Status/403",2026-07-17T19:14:27.811679
canardenchaine,bd6t57290c,,failed,0,0,,http_manifest,known,403,manifest,"Client error '403 ' for url 'https://openapiproext.bnf.fr/iiif/presentation/v3/ark:/12148/bd6t57290c/manifest.json'
For more information check: https://developer.mozilla.org/en-US/docs/Web/HTTP/Status/403",2026-07-17T19:14:29.014129
canardenchaine,bd6t57291p,,failed,0,0,,http_manifest,known,403,manifest,"Client error '403 ' for url 'https://openapiproext.bnf.fr/iiif/presentation/v3/ark:/12148/bd6t57291p/manifest.json'
For more information check: https://developer.mozilla.org/en-US/docs/Web/HTTP/Status/403",2026-07-17T19:14:30.256992
canardenchaine,bd6t572920,,failed,0,0,,http_manifest,known,403,manifest,"Client error '403 ' for url 'https://openapiproext.bnf.fr/iiif/presentation/v3/ark:/12148/bd6t572920/manifest.json'
For more information check: https://developer.mozilla.org/en-US/docs/Web/HTTP/Status/403",2026-07-17T19:14:31.420446
canardenchaine,bd6t572939,,failed,0,0,,http_manifest,known,403,manifest,"Client error '403 ' for url 'https://openapiproext.bnf.fr/iiif/presentation/v3/ark:/12148/bd6t572939/manifest.json'
For more information check: https://developer.mozilla.org/en-US/docs/Web/HTTP/Status/403",2026-07-17T19:14:32.624462
canardenchaine,bd6t57294m,,failed,0,0,,http_manifest,known,403,manifest,"Client error '403 ' for url 'https://openapiproext.bnf.fr/iiif/presentation/v3/ark:/12148/bd6t57294m/manifest.json'
For more information check: https://developer.mozilla.org/en-US/docs/Web/HTTP/Status/403",2026-07-17T19:14:33.823697
canardenchaine,bd6t57295x,,failed,0,0,,http_manifest,known,403,manifest,"Client error '403 ' for url 'https://openapiproext.bnf.fr/iiif/presentation/v3/ark:/12148/bd6t57295x/manifest.json'
For more information check: https://developer.mozilla.org/en-US/docs/Web/HTTP/Status/403",2026-07-17T19:14:35.023554
canardenchaine,bd6t572967,,failed,0,0,,http_manifest,known,403,manifest,"Client error '403 ' for url 'https://openapiproext.bnf.fr/iiif/presentation/v3/ark:/12148/bd6t572967/manifest.json'
For more information check: https://developer.mozilla.org/en-US/docs/Web/HTTP/Status/403",2026-07-17T19:14:36.231053
canardenchaine,bd6t57297j,,failed,0,0,,http_manifest,known,403,manifest,"Client error '403 ' for url 'https://openapiproext.bnf.fr/iiif/presentation/v3/ark:/12148/bd6t57297j/manifest.json'
For more information check: https://developer.mozilla.org/en-US/docs/Web/HTTP/Status/403",2026-07-17T19:14:37.428120
canardenchaine,bd6t57298v,,failed,0,0,,http_manifest,known,403,manifest,"Client error '403 ' for url 'https://openapiproext.bnf.fr/iiif/presentation/v3/ark:/12148/bd6t57298v/manifest.json'
For more information check: https://developer.mozilla.org/en-US/docs/Web/HTTP/Status/403",2026-07-17T19:14:38.631073
canardenchaine,bd6t572995,,failed,0,0,,http_manifest,known,403,manifest,"Client error '403 ' for url 'https://openapiproext.bnf.fr/iiif/presentation/v3/ark:/12148/bd6t572995/manifest.json'
For more information check: https://developer.mozilla.org/en-US/docs/Web/HTTP/Status/403",2026-07-17T19:14:39.831536
canardenchaine,bd6t573004,,failed,0,0,,http_manifest,known,403,manifest,"Client error '403 ' for url 'https://openapiproext.bnf.fr/iiif/presentation/v3/ark:/12148/bd6t573004/manifest.json'
For more information check: https://developer.mozilla.org/en-US/docs/Web/HTTP/Status/403",2026-07-17T19:14:41.034308
canardenchaine,bd6t57301f,,failed,0,0,,http_manifest,known,403,manifest,"Client error '403 ' for url 'https://openapiproext.bnf.fr/iiif/presentation/v3/ark:/12148/bd6t57301f/manifest.json'
For more information check: https://developer.mozilla.org/en-US/docs/Web/HTTP/Status/403",2026-07-17T19:14:42.259076
canardenchaine,bd6t57302r,,failed,0,0,,http_manifest,known,403,manifest,"Client error '403 ' for url 'https://openapiproext.bnf.fr/iiif/presentation/v3/ark:/12148/bd6t57302r/manifest.json'
For more information check: https://developer.mozilla.org/en-US/docs/Web/HTTP/Status/403",2026-07-17T19:14:43.434838
canardenchaine,bd6t573032,,failed,0,0,,http_manifest,known,403,manifest,"Client error '403 ' for url 'https://openapiproext.bnf.fr/iiif/presentation/v3/ark:/12148/bd6t573032/manifest.json'
For more information check: https://developer.mozilla.org/en-US/docs/Web/HTTP/Status/403",2026-07-17T19:14:44.638459
canardenchaine,bd6t57304c,,failed,0,0,,http_manifest,known,403,manifest,"Client error '403 ' for url 'https://openapiproext.bnf.fr/iiif/presentation/v3/ark:/12148/bd6t57304c/manifest.json'
For more information check: https://developer.mozilla.org/en-US/docs/Web/HTTP/Status/403",2026-07-17T19:14:45.840726
canardenchaine,bd6t57305p,,failed,0,0,,http_manifest,known,403,manifest,"Client error '403 ' for url 'https://openapiproext.bnf.fr/iiif/presentation/v3/ark:/12148/bd6t57305p/manifest.json'
For more information check: https://developer.mozilla.org/en-US/docs/Web/HTTP/Status/403",2026-07-17T19:14:47.042265
canardenchaine,bd6t573060,,failed,0,0,,http_manifest,known,403,manifest,"Client error '403 ' for url 'https://openapiproext.bnf.fr/iiif/presentation/v3/ark:/12148/bd6t573060/manifest.json'
For more information check: https://developer.mozilla.org/en-US/docs/Web/HTTP/Status/403",2026-07-17T19:14:48.267247
canardenchaine,bd6t573079,,failed,0,0,,http_manifest,known,403,manifest,"Client error '403 ' for url 'https://openapiproext.bnf.fr/iiif/presentation/v3/ark:/12148/bd6t573079/manifest.json'
For more information check: https://developer.mozilla.org/en-US/docs/Web/HTTP/Status/403",2026-07-17T19:14:49.444330
canardenchaine,bd6t57308m,,failed,0,0,,http_manifest,known,403,manifest,"Client error '403 ' for url 'https://openapiproext.bnf.fr/iiif/presentation/v3/ark:/12148/bd6t57308m/manifest.json'
For more information check: https://developer.mozilla.org/en-US/docs/Web/HTTP/Status/403",2026-07-17T19:14:50.644526
canardenchaine,bd6t57309x,,failed,0,0,,http_manifest,known,403,manifest,"Client error '403 ' for url 'https://openapiproext.bnf.fr/iiif/presentation/v3/ark:/12148/bd6t57309x/manifest.json'
For more information check: https://developer.mozilla.org/en-US/docs/Web/HTTP/Status/403",2026-07-17T19:14:51.850745
canardenchaine,bd6t57310d,,failed,0,0,,http_manifest,known,403,manifest,"Client error '403 ' for url 'https://openapiproext.bnf.fr/iiif/presentation/v3/ark:/12148/bd6t57310d/manifest.json'
For more information check: https://developer.mozilla.org/en-US/docs/Web/HTTP/Status/403",2026-07-17T19:14:53.046473
canardenchaine,bd6t57311q,,failed,0,0,,http_manifest,known,403,manifest,"Client error '403 ' for url 'https://openapiproext.bnf.fr/iiif/presentation/v3/ark:/12148/bd6t57311q/manifest.json'
For more information check: https://developer.mozilla.org/en-US/docs/Web/HTTP/Status/403",2026-07-17T19:14:54.253369
canardenchaine,bd6t573121,,failed,0,0,,http_manifest,known,403,manifest,"Client error '403 ' for url 'https://openapiproext.bnf.fr/iiif/presentation/v3/ark:/12148/bd6t573121/manifest.json'
For more information check: https://developer.mozilla.org/en-US/docs/Web/HTTP/Status/403",2026-07-17T19:14:55.452994
canardenchaine,bd6t57313b,,failed,0,0,,http_manifest,known,403,manifest,"Client error '403 ' for url 'https://openapiproext.bnf.fr/iiif/presentation/v3/ark:/12148/bd6t57313b/manifest.json'
For more information check: https://developer.mozilla.org/en-US/docs/Web/HTTP/Status/403",2026-07-17T19:14:56.653201
canardenchaine,bd6t57314n,,failed,0,0,,http_manifest,known,403,manifest,"Client error '403 ' for url 'https://openapiproext.bnf.fr/iiif/presentation/v3/ark:/12148/bd6t57314n/manifest.json'
For more information check: https://developer.mozilla.org/en-US/docs/Web/HTTP/Status/403",2026-07-17T19:14:57.864931
canardenchaine,bd6t57315z,,failed,0,0,,http_manifest,known,403,manifest,"Client error '403 ' for url 'https://openapiproext.bnf.fr/iiif/presentation/v3/ark:/12148/bd6t57315z/manifest.json'
For more information check: https://developer.mozilla.org/en-US/docs/Web/HTTP/Status/403",2026-07-17T19:14:59.055979
canardenchaine,bd6t573168,,failed,0,0,,http_manifest,known,403,manifest,"Client error '403 ' for url 'https://openapiproext.bnf.fr/iiif/presentation/v3/ark:/12148/bd6t573168/manifest.json'
For more information check: https://developer.mozilla.org/en-US/docs/Web/HTTP/Status/403",2026-07-17T19:15:00.569110
canardenchaine,bd6t57317k,,failed,0,0,,http_manifest,known,403,manifest,"Client error '403 ' for url 'https://openapiproext.bnf.fr/iiif/presentation/v3/ark:/12148/bd6t57317k/manifest.json'
For more information check: https://developer.mozilla.org/en-US/docs/Web/HTTP/Status/403",2026-07-17T19:15:01.465747
canardenchaine,bd6t57318w,,failed,0,0,,http_manifest,known,403,manifest,"Client error '403 ' for url 'https://openapiproext.bnf.fr/iiif/presentation/v3/ark:/12148/bd6t57318w/manifest.json'
For more information check: https://developer.mozilla.org/en-US/docs/Web/HTTP/Status/403",2026-07-17T19:15:02.660430
canardenchaine,bd6t573196,,failed,0,0,,http_manifest,known,403,manifest,"Client error '403 ' for url 'https://openapiproext.bnf.fr/iiif/presentation/v3/ark:/12148/bd6t573196/manifest.json'
For more information check: https://developer.mozilla.org/en-US/docs/Web/HTTP/Status/403",2026-07-17T19:15:03.948314
canardenchaine,bd6t57320p,,failed,0,0,,http_manifest,known,403,manifest,"Client error '403 ' for url 'https://openapiproext.bnf.fr/iiif/presentation/v3/ark:/12148/bd6t57320p/manifest.json'
For more information check: https://developer.mozilla.org/en-US/docs/Web/HTTP/Status/403",2026-07-17T19:15:05.070470
canardenchaine,bd6t573210,,failed,0,0,,http_manifest,known,403,manifest,"Client error '403 ' for url 'https://openapiproext.bnf.fr/iiif/presentation/v3/ark:/12148/bd6t573210/manifest.json'
For more information check: https://developer.mozilla.org/en-US/docs/Web/HTTP/Status/403",2026-07-17T19:15:06.415665
canardenchaine,bd6t573229,,failed,0,0,,http_manifest,known,403,manifest,"Client error '403 ' for url 'https://openapiproext.bnf.fr/iiif/presentation/v3/ark:/12148/bd6t573229/manifest.json'
For more information check: https://developer.mozilla.org/en-US/docs/Web/HTTP/Status/403",2026-07-17T19:15:07.466737
canardenchaine,bd6t57323m,,failed,0,0,,http_manifest,known,403,manifest,"Client error '403 ' for url 'https://openapiproext.bnf.fr/iiif/presentation/v3/ark:/12148/bd6t57323m/manifest.json'
For more information check: https://developer.mozilla.org/en-US/docs/Web/HTTP/Status/403",2026-07-17T19:15:08.667205
canardenchaine,bd6t57324x,,failed,0,0,,http_manifest,known,403,manifest,"Client error '403 ' for url 'https://openapiproext.bnf.fr/iiif/presentation/v3/ark:/12148/bd6t57324x/manifest.json'
For more information check: https://developer.mozilla.org/en-US/docs/Web/HTTP/Status/403",2026-07-17T19:15:09.868868
canardenchaine,bd6t573257,,failed,0,0,,http_manifest,known,403,manifest,"Client error '403 ' for url 'https://openapiproext.bnf.fr/iiif/presentation/v3/ark:/12148/bd6t573257/manifest.json'
For more information check: https://developer.mozilla.org/en-US/docs/Web/HTTP/Status/403",2026-07-17T19:15:11.145822
canardenchaine,bd6t57326j,,failed,0,0,,http_manifest,known,403,manifest,"Client error '403 ' for url 'https://openapiproext.bnf.fr/iiif/presentation/v3/ark:/12148/bd6t57326j/manifest.json'
For more information check: https://developer.mozilla.org/en-US/docs/Web/HTTP/Status/403",2026-07-17T19:15:12.297051
canardenchaine,bd6t57327v,,failed,0,0,,http_manifest,known,403,manifest,"Client error '403 ' for url 'https://openapiproext.bnf.fr/iiif/presentation/v3/ark:/12148/bd6t57327v/manifest.json'
For more information check: https://developer.mozilla.org/en-US/docs/Web/HTTP/Status/403",2026-07-17T19:15:13.715504
canardenchaine,bd6t573285,,failed,0,0,,http_manifest,known,403,manifest,"Client error '403 ' for url 'https://openapiproext.bnf.fr/iiif/presentation/v3/ark:/12148/bd6t573285/manifest.json'
For more information check: https://developer.mozilla.org/en-US/docs/Web/HTTP/Status/403",2026-07-17T19:15:14.733726
canardenchaine,bd6t57329g,,failed,0,0,,http_manifest,known,403,manifest,"Client error '403 ' for url 'https://openapiproext.bnf.fr/iiif/presentation/v3/ark:/12148/bd6t57329g/manifest.json'
For more information check: https://developer.mozilla.org/en-US/docs/Web/HTTP/Status/403",2026-07-17T19:15:15.877145
canardenchaine,bd6t57330z,,failed,0,0,,http_manifest,known,403,manifest,"Client error '403 ' for url 'https://openapiproext.bnf.fr/iiif/presentation/v3/ark:/12148/bd6t57330z/manifest.json'
For more information check: https://developer.mozilla.org/en-US/docs/Web/HTTP/Status/403",2026-07-17T19:15:17.147072
canardenchaine,bd6t573318,,failed,0,0,,http_manifest,known,403,manifest,"Client error '403 ' for url 'https://openapiproext.bnf.fr/iiif/presentation/v3/ark:/12148/bd6t573318/manifest.json'
For more information check: https://developer.mozilla.org/en-US/docs/Web/HTTP/Status/403",2026-07-17T19:15:18.503264
canardenchaine,bd6t563921,,failed,0,0,,http_manifest,known,403,manifest,"Client error '403 ' for url 'https://openapiproext.bnf.fr/iiif/presentation/v3/ark:/12148/bd6t563921/manifest.json'
For more information check: https://developer.mozilla.org/en-US/docs/Web/HTTP/Status/403",2026-07-17T19:15:19.488394
canardenchaine,bd6t56393b,,failed,0,0,,http_manifest,known,403,manifest,"Client error '403 ' for url 'https://openapiproext.bnf.fr/iiif/presentation/v3/ark:/12148/bd6t56393b/manifest.json'
For more information check: https://developer.mozilla.org/en-US/docs/Web/HTTP/Status/403",2026-07-17T19:15:20.681288
canardenchaine,bd6t56394n,,failed,0,0,,http_manifest,known,403,manifest,"Client error '403 ' for url 'https://openapiproext.bnf.fr/iiif/presentation/v3/ark:/12148/bd6t56394n/manifest.json'
For more information check: https://developer.mozilla.org/en-US/docs/Web/HTTP/Status/403",2026-07-17T19:15:21.884954
canardenchaine,bd6t56395z,,failed,0,0,,http_manifest,known,403,manifest,"Client error '403 ' for url 'https://openapiproext.bnf.fr/iiif/presentation/v3/ark:/12148/bd6t56395z/manifest.json'
For more information check: https://developer.mozilla.org/en-US/docs/Web/HTTP/Status/403",2026-07-17T19:15:23.398333
canardenchaine,bd6t563968,,failed,0,0,,http_manifest,known,403,manifest,"Client error '403 ' for url 'https://openapiproext.bnf.fr/iiif/presentation/v3/ark:/12148/bd6t563968/manifest.json'
For more information check: https://developer.mozilla.org/en-US/docs/Web/HTTP/Status/403",2026-07-17T19:15:24.287441
canardenchaine,bd6t56397k,,failed,0,0,,http_manifest,known,403,manifest,"Client error '403 ' for url 'https://openapiproext.bnf.fr/iiif/presentation/v3/ark:/12148/bd6t56397k/manifest.json'
For more information check: https://developer.mozilla.org/en-US/docs/Web/HTTP/Status/403",2026-07-17T19:15:25.489487
canardenchaine,bd6t56398w,,failed,0,0,,http_manifest,known,403,manifest,"Client error '403 ' for url 'https://openapiproext.bnf.fr/iiif/presentation/v3/ark:/12148/bd6t56398w/manifest.json'
For more information check: https://developer.mozilla.org/en-US/docs/Web/HTTP/Status/403",2026-07-17T19:15:26.690059
canardenchaine,bd6t563996,,failed,0,0,,http_manifest,known,403,manifest,"Client error '403 ' for url 'https://openapiproext.bnf.fr/iiif/presentation/v3/ark:/12148/bd6t563996/manifest.json'
For more information check: https://developer.mozilla.org/en-US/docs/Web/HTTP/Status/403",2026-07-17T19:15:27.890709
canardenchaine,bd6t564005,,failed,0,0,,http_manifest,known,403,manifest,"Client error '403 ' for url 'https://openapiproext.bnf.fr/iiif/presentation/v3/ark:/12148/bd6t564005/manifest.json'
For more information check: https://developer.mozilla.org/en-US/docs/Web/HTTP/Status/403",2026-07-17T19:15:29.091142
canardenchaine,bd6t56401g,,failed,0,0,,http_manifest,known,403,manifest,"Client error '403 ' for url 'https://openapiproext.bnf.fr/iiif/presentation/v3/ark:/12148/bd6t56401g/manifest.json'
For more information check: https://developer.mozilla.org/en-US/docs/Web/HTTP/Status/403",2026-07-17T19:15:30.310041
canardenchaine,bd6t56402s,,failed,0,0,,http_manifest,known,403,manifest,"Client error '403 ' for url 'https://openapiproext.bnf.fr/iiif/presentation/v3/ark:/12148/bd6t56402s/manifest.json'
For more information check: https://developer.mozilla.org/en-US/docs/Web/HTTP/Status/403",2026-07-17T19:15:31.494226
canardenchaine,bd6t564033,,failed,0,0,,http_manifest,known,403,manifest,"Client error '403 ' for url 'https://openapiproext.bnf.fr/iiif/presentation/v3/ark:/12148/bd6t564033/manifest.json'
For more information check: https://developer.mozilla.org/en-US/docs/Web/HTTP/Status/403",2026-07-17T19:15:32.699878
canardenchaine,bd6t56404d,,failed,0,0,,http_manifest,known,403,manifest,"Client error '403 ' for url 'https://openapiproext.bnf.fr/iiif/presentation/v3/ark:/12148/bd6t56404d/manifest.json'
For more information check: https://developer.mozilla.org/en-US/docs/Web/HTTP/Status/403",2026-07-17T19:15:33.895959
canardenchaine,bd6t56405q,,failed,0,0,,http_manifest,known,403,manifest,"Client error '403 ' for url 'https://openapiproext.bnf.fr/iiif/presentation/v3/ark:/12148/bd6t56405q/manifest.json'
For more information check: https://developer.mozilla.org/en-US/docs/Web/HTTP/Status/403",2026-07-17T19:15:35.099016
canardenchaine,bd6t564061,,failed,0,0,,http_manifest,known,403,manifest,"Client error '403 ' for url 'https://openapiproext.bnf.fr/iiif/presentation/v3/ark:/12148/bd6t564061/manifest.json'
For more information check: https://developer.mozilla.org/en-US/docs/Web/HTTP/Status/403",2026-07-17T19:15:36.297147
canardenchaine,bd6t56407b,,failed,0,0,,http_manifest,known,403,manifest,"Client error '403 ' for url 'https://openapiproext.bnf.fr/iiif/presentation/v3/ark:/12148/bd6t56407b/manifest.json'
For more information check: https://developer.mozilla.org/en-US/docs/Web/HTTP/Status/403",2026-07-17T19:15:37.538292
canardenchaine,bd6t56408n,,failed,0,0,,http_manifest,known,403,manifest,"Client error '403 ' for url 'https://openapiproext.bnf.fr/iiif/presentation/v3/ark:/12148/bd6t56408n/manifest.json'
For more information check: https://developer.mozilla.org/en-US/docs/Web/HTTP/Status/403",2026-07-17T19:15:38.701970
canardenchaine,bd6t56409z,,failed,0,0,,http_manifest,known,403,manifest,"Client error '403 ' for url 'https://openapiproext.bnf.fr/iiif/presentation/v3/ark:/12148/bd6t56409z/manifest.json'
For more information check: https://developer.mozilla.org/en-US/docs/Web/HTTP/Status/403",2026-07-17T19:15:39.902256
canardenchaine,bd6t56410f,,failed,0,0,,http_manifest,known,403,manifest,"Client error '403 ' for url 'https://openapiproext.bnf.fr/iiif/presentation/v3/ark:/12148/bd6t56410f/manifest.json'
For more information check: https://developer.mozilla.org/en-US/docs/Web/HTTP/Status/403",2026-07-17T19:15:41.107475
canardenchaine,bd6t56411r,,failed,0,0,,http_manifest,known,403,manifest,"Client error '403 ' for url 'https://openapiproext.bnf.fr/iiif/presentation/v3/ark:/12148/bd6t56411r/manifest.json'
For more information check: https://developer.mozilla.org/en-US/docs/Web/HTTP/Status/403",2026-07-17T19:15:42.348995
canardenchaine,bd6t564122,,failed,0,0,,http_manifest,known,403,manifest,"Client error '403 ' for url 'https://openapiproext.bnf.fr/iiif/presentation/v3/ark:/12148/bd6t564122/manifest.json'
For more information check: https://developer.mozilla.org/en-US/docs/Web/HTTP/Status/403",2026-07-17T19:15:43.509415
canardenchaine,bd6t56413c,,failed,0,0,,http_manifest,known,403,manifest,"Client error '403 ' for url 'https://openapiproext.bnf.fr/iiif/presentation/v3/ark:/12148/bd6t56413c/manifest.json'
For more information check: https://developer.mozilla.org/en-US/docs/Web/HTTP/Status/403",2026-07-17T19:15:44.703830
canardenchaine,bd6t56414p,,failed,0,0,,http_manifest,known,403,manifest,"Client error '403 ' for url 'https://openapiproext.bnf.fr/iiif/presentation/v3/ark:/12148/bd6t56414p/manifest.json'
For more information check: https://developer.mozilla.org/en-US/docs/Web/HTTP/Status/403",2026-07-17T19:15:45.906808
canardenchaine,bd6t564150,,failed,0,0,,http_manifest,known,403,manifest,"Client error '403 ' for url 'https://openapiproext.bnf.fr/iiif/presentation/v3/ark:/12148/bd6t564150/manifest.json'
For more information check: https://developer.mozilla.org/en-US/docs/Web/HTTP/Status/403",2026-07-17T19:15:47.108180
canardenchaine,bd6t564169,,failed,0,0,,http_manifest,known,403,manifest,"Client error '403 ' for url 'https://openapiproext.bnf.fr/iiif/presentation/v3/ark:/12148/bd6t564169/manifest.json'
For more information check: https://developer.mozilla.org/en-US/docs/Web/HTTP/Status/403",2026-07-17T19:15:48.335903
canardenchaine,bd6t56417m,,failed,0,0,,http_manifest,known,403,manifest,"Client error '403 ' for url 'https://openapiproext.bnf.fr/iiif/presentation/v3/ark:/12148/bd6t56417m/manifest.json'
For more information check: https://developer.mozilla.org/en-US/docs/Web/HTTP/Status/403",2026-07-17T19:15:49.513769
canardenchaine,bd6t56418x,,failed,0,0,,http_manifest,known,403,manifest,"Client error '403 ' for url 'https://openapiproext.bnf.fr/iiif/presentation/v3/ark:/12148/bd6t56418x/manifest.json'
For more information check: https://developer.mozilla.org/en-US/docs/Web/HTTP/Status/403",2026-07-17T19:15:50.716340
canardenchaine,bd6t564197,,failed,0,0,,http_manifest,known,403,manifest,"Client error '403 ' for url 'https://openapiproext.bnf.fr/iiif/presentation/v3/ark:/12148/bd6t564197/manifest.json'
For more information check: https://developer.mozilla.org/en-US/docs/Web/HTTP/Status/403",2026-07-17T19:15:51.915273
canardenchaine,bd6t56420q,,failed,0,0,,http_manifest,known,403,manifest,"Client error '403 ' for url 'https://openapiproext.bnf.fr/iiif/presentation/v3/ark:/12148/bd6t56420q/manifest.json'
For more information check: https://developer.mozilla.org/en-US/docs/Web/HTTP/Status/403",2026-07-17T19:15:53.116905
canardenchaine,bd6t564211,,failed,0,0,,http_manifest,known,403,manifest,"Client error '403 ' for url 'https://openapiproext.bnf.fr/iiif/presentation/v3/ark:/12148/bd6t564211/manifest.json'
For more information check: https://developer.mozilla.org/en-US/docs/Web/HTTP/Status/403",2026-07-17T19:15:54.315857
canardenchaine,bd6t56422b,,failed,0,0,,http_manifest,known,403,manifest,"Client error '403 ' for url 'https://openapiproext.bnf.fr/iiif/presentation/v3/ark:/12148/bd6t56422b/manifest.json'
For more information check: https://developer.mozilla.org/en-US/docs/Web/HTTP/Status/403",2026-07-17T19:15:55.517688
canardenchaine,bd6t56423n,,failed,0,0,,http_manifest,known,403,manifest,"Client error '403 ' for url 'https://openapiproext.bnf.fr/iiif/presentation/v3/ark:/12148/bd6t56423n/manifest.json'
For more information check: https://developer.mozilla.org/en-US/docs/Web/HTTP/Status/403",2026-07-17T19:15:56.718912
canardenchaine,bd6t56424z,,failed,0,0,,http_manifest,known,403,manifest,"Client error '403 ' for url 'https://openapiproext.bnf.fr/iiif/presentation/v3/ark:/12148/bd6t56424z/manifest.json'
For more information check: https://developer.mozilla.org/en-US/docs/Web/HTTP/Status/403",2026-07-17T19:15:57.921915
canardenchaine,bd6t564258,,failed,0,0,,http_manifest,known,403,manifest,"Client error '403 ' for url 'https://openapiproext.bnf.fr/iiif/presentation/v3/ark:/12148/bd6t564258/manifest.json'
For more information check: https://developer.mozilla.org/en-US/docs/Web/HTTP/Status/403",2026-07-17T19:15:59.119326
canardenchaine,bd6t56426k,,failed,0,0,,http_manifest,known,403,manifest,"Client error '403 ' for url 'https://openapiproext.bnf.fr/iiif/presentation/v3/ark:/12148/bd6t56426k/manifest.json'
For more information check: https://developer.mozilla.org/en-US/docs/Web/HTTP/Status/403",2026-07-17T19:16:00.551287
canardenchaine,bd6t56427w,,failed,0,0,,http_manifest,known,403,manifest,"Client error '403 ' for url 'https://openapiproext.bnf.fr/iiif/presentation/v3/ark:/12148/bd6t56427w/manifest.json'
For more information check: https://developer.mozilla.org/en-US/docs/Web/HTTP/Status/403",2026-07-17T19:16:01.760186
canardenchaine,bd6t564286,,failed,0,0,,http_manifest,known,403,manifest,"Client error '403 ' for url 'https://openapiproext.bnf.fr/iiif/presentation/v3/ark:/12148/bd6t564286/manifest.json'
For more information check: https://developer.mozilla.org/en-US/docs/Web/HTTP/Status/403",2026-07-17T19:16:02.754955
canardenchaine,bd6t56429h,,failed,0,0,,http_manifest,known,403,manifest,"Client error '403 ' for url 'https://openapiproext.bnf.fr/iiif/presentation/v3/ark:/12148/bd6t56429h/manifest.json'
For more information check: https://developer.mozilla.org/en-US/docs/Web/HTTP/Status/403",2026-07-17T19:16:04.066635
canardenchaine,bd6t564300,,failed,0,0,,http_manifest,known,403,manifest,"Client error '403 ' for url 'https://openapiproext.bnf.fr/iiif/presentation/v3/ark:/12148/bd6t564300/manifest.json'
For more information check: https://developer.mozilla.org/en-US/docs/Web/HTTP/Status/403",2026-07-17T19:16:05.272717
canardenchaine,bd6t564319,,failed,0,0,,http_manifest,known,403,manifest,"Client error '403 ' for url 'https://openapiproext.bnf.fr/iiif/presentation/v3/ark:/12148/bd6t564319/manifest.json'
For more information check: https://developer.mozilla.org/en-US/docs/Web/HTTP/Status/403",2026-07-17T19:16:06.546558
canardenchaine,bd6t56432m,,failed,0,0,,http_manifest,known,403,manifest,"Client error '403 ' for url 'https://openapiproext.bnf.fr/iiif/presentation/v3/ark:/12148/bd6t56432m/manifest.json'
For more information check: https://developer.mozilla.org/en-US/docs/Web/HTTP/Status/403",2026-07-17T19:16:07.604875
canardenchaine,bd6t56433x,,failed,0,0,,http_manifest,known,403,manifest,"Client error '403 ' for url 'https://openapiproext.bnf.fr/iiif/presentation/v3/ark:/12148/bd6t56433x/manifest.json'
For more information check: https://developer.mozilla.org/en-US/docs/Web/HTTP/Status/403",2026-07-17T19:16:08.734281
canardenchaine,bd6t564347,,failed,0,0,,http_manifest,known,403,manifest,"Client error '403 ' for url 'https://openapiproext.bnf.fr/iiif/presentation/v3/ark:/12148/bd6t564347/manifest.json'
For more information check: https://developer.mozilla.org/en-US/docs/Web/HTTP/Status/403",2026-07-17T19:16:10.031569
canardenchaine,bd6t56435j,,failed,0,0,,http_manifest,known,403,manifest,"Client error '403 ' for url 'https://openapiproext.bnf.fr/iiif/presentation/v3/ark:/12148/bd6t56435j/manifest.json'
For more information check: https://developer.mozilla.org/en-US/docs/Web/HTTP/Status/403",2026-07-17T19:16:11.137603
canardenchaine,bd6t56436v,,failed,0,0,,http_manifest,known,403,manifest,"Client error '403 ' for url 'https://openapiproext.bnf.fr/iiif/presentation/v3/ark:/12148/bd6t56436v/manifest.json'
For more information check: https://developer.mozilla.org/en-US/docs/Web/HTTP/Status/403",2026-07-17T19:16:12.558983
canardenchaine,bd6t564375,,failed,0,0,,http_manifest,known,403,manifest,"Client error '403 ' for url 'https://openapiproext.bnf.fr/iiif/presentation/v3/ark:/12148/bd6t564375/manifest.json'
For more information check: https://developer.mozilla.org/en-US/docs/Web/HTTP/Status/403",2026-07-17T19:16:13.544265
canardenchaine,bd6t56438g,,failed,0,0,,http_manifest,known,403,manifest,"Client error '403 ' for url 'https://openapiproext.bnf.fr/iiif/presentation/v3/ark:/12148/bd6t56438g/manifest.json'
For more information check: https://developer.mozilla.org/en-US/docs/Web/HTTP/Status/403",2026-07-17T19:16:14.998105
canardenchaine,bd6t56439s,,failed,0,0,,http_manifest,known,403,manifest,"Client error '403 ' for url 'https://openapiproext.bnf.fr/iiif/presentation/v3/ark:/12148/bd6t56439s/manifest.json'
For more information check: https://developer.mozilla.org/en-US/docs/Web/HTTP/Status/403",2026-07-17T19:16:15.943311
canardenchaine,bd6t564408,,failed,0,0,,http_manifest,known,403,manifest,"Client error '403 ' for url 'https://openapiproext.bnf.fr/iiif/presentation/v3/ark:/12148/bd6t564408/manifest.json'
For more information check: https://developer.mozilla.org/en-US/docs/Web/HTTP/Status/403",2026-07-17T19:16:17.146276
canardenchaine,bd6t56441k,,failed,0,0,,http_manifest,known,403,manifest,"Client error '403 ' for url 'https://openapiproext.bnf.fr/iiif/presentation/v3/ark:/12148/bd6t56441k/manifest.json'
For more information check: https://developer.mozilla.org/en-US/docs/Web/HTTP/Status/403",2026-07-17T19:16:18.370565
canardenchaine,bd6t56442w,,failed,0,0,,http_manifest,known,403,manifest,"Client error '403 ' for url 'https://openapiproext.bnf.fr/iiif/presentation/v3/ark:/12148/bd6t56442w/manifest.json'
For more information check: https://developer.mozilla.org/en-US/docs/Web/HTTP/Status/403",2026-07-17T19:16:19.544916
canardenchaine,bd6t564436,,failed,0,0,,http_manifest,known,403,manifest,"Client error '403 ' for url 'https://openapiproext.bnf.fr/iiif/presentation/v3/ark:/12148/bd6t564436/manifest.json'
For more information check: https://developer.mozilla.org/en-US/docs/Web/HTTP/Status/403",2026-07-17T19:16:20.749040
canardenchaine,bd6t562352,,failed,0,0,,http_manifest,known,403,manifest,"Client error '403 ' for url 'https://openapiproext.bnf.fr/iiif/presentation/v3/ark:/12148/bd6t562352/manifest.json'
For more information check: https://developer.mozilla.org/en-US/docs/Web/HTTP/Status/403",2026-07-17T19:16:21.949770
canardenchaine,bd6t56236c,,failed,0,0,,http_manifest,known,403,manifest,"Client error '403 ' for url 'https://openapiproext.bnf.fr/iiif/presentation/v3/ark:/12148/bd6t56236c/manifest.json'
For more information check: https://developer.mozilla.org/en-US/docs/Web/HTTP/Status/403",2026-07-17T19:16:23.149155
canardenchaine,bd6t56237p,,failed,0,0,,http_manifest,known,403,manifest,"Client error '403 ' for url 'https://openapiproext.bnf.fr/iiif/presentation/v3/ark:/12148/bd6t56237p/manifest.json'
For more information check: https://developer.mozilla.org/en-US/docs/Web/HTTP/Status/403",2026-07-17T19:16:24.358208
canardenchaine,bd6t562380,,failed,0,0,,http_manifest,known,403,manifest,"Client error '403 ' for url 'https://openapiproext.bnf.fr/iiif/presentation/v3/ark:/12148/bd6t562380/manifest.json'
For more information check: https://developer.mozilla.org/en-US/docs/Web/HTTP/Status/403",2026-07-17T19:16:25.552978
canardenchaine,bd6t562399,,failed,0,0,,http_manifest,known,403,manifest,"Client error '403 ' for url 'https://openapiproext.bnf.fr/iiif/presentation/v3/ark:/12148/bd6t562399/manifest.json'
For more information check: https://developer.mozilla.org/en-US/docs/Web/HTTP/Status/403",2026-07-17T19:16:26.758011
canardenchaine,bd6t56240s,,failed,0,0,,http_manifest,known,403,manifest,"Client error '403 ' for url 'https://openapiproext.bnf.fr/iiif/presentation/v3/ark:/12148/bd6t56240s/manifest.json'
For more information check: https://developer.mozilla.org/en-US/docs/Web/HTTP/Status/403",2026-07-17T19:16:27.960665
canardenchaine,bd6t562413,,failed,0,0,,http_manifest,known,403,manifest,"Client error '403 ' for url 'https://openapiproext.bnf.fr/iiif/presentation/v3/ark:/12148/bd6t562413/manifest.json'
For more information check: https://developer.mozilla.org/en-US/docs/Web/HTTP/Status/403",2026-07-17T19:16:29.159244
canardenchaine,bd6t56242d,,failed,0,0,,http_manifest,known,403,manifest,"Client error '403 ' for url 'https://openapiproext.bnf.fr/iiif/presentation/v3/ark:/12148/bd6t56242d/manifest.json'
For more information check: https://developer.mozilla.org/en-US/docs/Web/HTTP/Status/403",2026-07-17T19:16:30.387996
canardenchaine,bd6t56243q,,failed,0,0,,http_manifest,known,403,manifest,"Client error '403 ' for url 'https://openapiproext.bnf.fr/iiif/presentation/v3/ark:/12148/bd6t56243q/manifest.json'
For more information check: https://developer.mozilla.org/en-US/docs/Web/HTTP/Status/403",2026-07-17T19:16:31.561689
canardenchaine,bd6t562441,,failed,0,0,,http_manifest,known,403,manifest,"Client error '403 ' for url 'https://openapiproext.bnf.fr/iiif/presentation/v3/ark:/12148/bd6t562441/manifest.json'
For more information check: https://developer.mozilla.org/en-US/docs/Web/HTTP/Status/403",2026-07-17T19:16:32.770864
canardenchaine,bd6t56245b,,failed,0,0,,http_manifest,known,403,manifest,"Client error '403 ' for url 'https://openapiproext.bnf.fr/iiif/presentation/v3/ark:/12148/bd6t56245b/manifest.json'
For more information check: https://developer.mozilla.org/en-US/docs/Web/HTTP/Status/403",2026-07-17T19:16:33.964612
canardenchaine,bd6t56246n,,failed,0,0,,http_manifest,known,403,manifest,"Client error '403 ' for url 'https://openapiproext.bnf.fr/iiif/presentation/v3/ark:/12148/bd6t56246n/manifest.json'
For more information check: https://developer.mozilla.org/en-US/docs/Web/HTTP/Status/403",2026-07-17T19:16:35.164871
canardenchaine,bd6t56247z,,failed,0,0,,http_manifest,known,403,manifest,"Client error '403 ' for url 'https://openapiproext.bnf.fr/iiif/presentation/v3/ark:/12148/bd6t56247z/manifest.json'
For more information check: https://developer.mozilla.org/en-US/docs/Web/HTTP/Status/403",2026-07-17T19:16:36.367848
canardenchaine,bd6t562488,,failed,0,0,,http_manifest,known,403,manifest,"Client error '403 ' for url 'https://openapiproext.bnf.fr/iiif/presentation/v3/ark:/12148/bd6t562488/manifest.json'
For more information check: https://developer.mozilla.org/en-US/docs/Web/HTTP/Status/403",2026-07-17T19:16:37.573522
canardenchaine,bd6t56249k,,failed,0,0,,http_manifest,known,403,manifest,"Client error '403 ' for url 'https://openapiproext.bnf.fr/iiif/presentation/v3/ark:/12148/bd6t56249k/manifest.json'
For more information check: https://developer.mozilla.org/en-US/docs/Web/HTTP/Status/403",2026-07-17T19:16:38.769183
canardenchaine,bd6t562502,,failed,0,0,,http_manifest,known,403,manifest,"Client error '403 ' for url 'https://openapiproext.bnf.fr/iiif/presentation/v3/ark:/12148/bd6t562502/manifest.json'
For more information check: https://developer.mozilla.org/en-US/docs/Web/HTTP/Status/403",2026-07-17T19:16:39.973252
canardenchaine,bd6t56251c,,failed,0,0,,http_manifest,known,403,manifest,"Client error '403 ' for url 'https://openapiproext.bnf.fr/iiif/presentation/v3/ark:/12148/bd6t56251c/manifest.json'
For more information check: https://developer.mozilla.org/en-US/docs/Web/HTTP/Status/403",2026-07-17T19:16:41.172015
canardenchaine,bd6t56252p,,failed,0,0,,http_manifest,known,403,manifest,"Client error '403 ' for url 'https://openapiproext.bnf.fr/iiif/presentation/v3/ark:/12148/bd6t56252p/manifest.json'
For more information check: https://developer.mozilla.org/en-US/docs/Web/HTTP/Status/403",2026-07-17T19:16:42.400268
canardenchaine,bd6t562530,,failed,0,0,,http_manifest,known,403,manifest,"Client error '403 ' for url 'https://openapiproext.bnf.fr/iiif/presentation/v3/ark:/12148/bd6t562530/manifest.json'
For more information check: https://developer.mozilla.org/en-US/docs/Web/HTTP/Status/403",2026-07-17T19:16:43.578321
canardenchaine,bd6t562549,,failed,0,0,,http_manifest,known,403,manifest,"Client error '403 ' for url 'https://openapiproext.bnf.fr/iiif/presentation/v3/ark:/12148/bd6t562549/manifest.json'
For more information check: https://developer.mozilla.org/en-US/docs/Web/HTTP/Status/403",2026-07-17T19:16:44.778879
canardenchaine,bd6t56255m,,failed,0,0,,http_manifest,known,403,manifest,"Client error '403 ' for url 'https://openapiproext.bnf.fr/iiif/presentation/v3/ark:/12148/bd6t56255m/manifest.json'
For more information check: https://developer.mozilla.org/en-US/docs/Web/HTTP/Status/403",2026-07-17T19:16:45.980885
canardenchaine,bd6t56256x,,failed,0,0,,http_manifest,known,403,manifest,"Client error '403 ' for url 'https://openapiproext.bnf.fr/iiif/presentation/v3/ark:/12148/bd6t56256x/manifest.json'
For more information check: https://developer.mozilla.org/en-US/docs/Web/HTTP/Status/403",2026-07-17T19:16:47.180665
canardenchaine,bd6t562577,,failed,0,0,,http_manifest,known,403,manifest,"Client error '403 ' for url 'https://openapiproext.bnf.fr/iiif/presentation/v3/ark:/12148/bd6t562577/manifest.json'
For more information check: https://developer.mozilla.org/en-US/docs/Web/HTTP/Status/403",2026-07-17T19:16:48.416769
canardenchaine,bd6t56258j,,failed,0,0,,http_manifest,known,403,manifest,"Client error '403 ' for url 'https://openapiproext.bnf.fr/iiif/presentation/v3/ark:/12148/bd6t56258j/manifest.json'
For more information check: https://developer.mozilla.org/en-US/docs/Web/HTTP/Status/403",2026-07-17T19:16:49.585169
canardenchaine,bd6t56259v,,failed,0,0,,http_manifest,known,403,manifest,"Client error '403 ' for url 'https://openapiproext.bnf.fr/iiif/presentation/v3/ark:/12148/bd6t56259v/manifest.json'
For more information check: https://developer.mozilla.org/en-US/docs/Web/HTTP/Status/403",2026-07-17T19:16:50.783967
canardenchaine,bd6t56260b,,failed,0,0,,http_manifest,known,403,manifest,"Client error '403 ' for url 'https://openapiproext.bnf.fr/iiif/presentation/v3/ark:/12148/bd6t56260b/manifest.json'
For more information check: https://developer.mozilla.org/en-US/docs/Web/HTTP/Status/403",2026-07-17T19:16:51.986745
canardenchaine,bd6t56261n,,failed,0,0,,http_manifest,known,403,manifest,"Client error '403 ' for url 'https://openapiproext.bnf.fr/iiif/presentation/v3/ark:/12148/bd6t56261n/manifest.json'
For more information check: https://developer.mozilla.org/en-US/docs/Web/HTTP/Status/403",2026-07-17T19:16:53.189294
canardenchaine,bd6t56262z,,failed,0,0,,http_manifest,known,403,manifest,"Client error '403 ' for url 'https://openapiproext.bnf.fr/iiif/presentation/v3/ark:/12148/bd6t56262z/manifest.json'
For more information check: https://developer.mozilla.org/en-US/docs/Web/HTTP/Status/403",2026-07-17T19:16:54.389605
canardenchaine,bd6t562638,,failed,0,0,,http_manifest,known,403,manifest,"Client error '403 ' for url 'https://openapiproext.bnf.fr/iiif/presentation/v3/ark:/12148/bd6t562638/manifest.json'
For more information check: https://developer.mozilla.org/en-US/docs/Web/HTTP/Status/403",2026-07-17T19:16:55.593315
canardenchaine,bd6t56264k,,failed,0,0,,http_manifest,known,403,manifest,"Client error '403 ' for url 'https://openapiproext.bnf.fr/iiif/presentation/v3/ark:/12148/bd6t56264k/manifest.json'
For more information check: https://developer.mozilla.org/en-US/docs/Web/HTTP/Status/403",2026-07-17T19:16:56.796522
canardenchaine,bd6t56265w,,failed,0,0,,http_manifest,known,403,manifest,"Client error '403 ' for url 'https://openapiproext.bnf.fr/iiif/presentation/v3/ark:/12148/bd6t56265w/manifest.json'
For more information check: https://developer.mozilla.org/en-US/docs/Web/HTTP/Status/403",2026-07-17T19:16:58.208082
canardenchaine,bd6t562666,,failed,0,0,,http_manifest,known,403,manifest,"Client error '403 ' for url 'https://openapiproext.bnf.fr/iiif/presentation/v3/ark:/12148/bd6t562666/manifest.json'
For more information check: https://developer.mozilla.org/en-US/docs/Web/HTTP/Status/403",2026-07-17T19:16:59.353770
canardenchaine,bd6t56267h,,failed,0,0,,http_manifest,known,403,manifest,"Client error '403 ' for url 'https://openapiproext.bnf.fr/iiif/presentation/v3/ark:/12148/bd6t56267h/manifest.json'
For more information check: https://developer.mozilla.org/en-US/docs/Web/HTTP/Status/403",2026-07-17T19:17:00.536327
canardenchaine,bd6t56268t,,failed,0,0,,http_manifest,known,403,manifest,"Client error '403 ' for url 'https://openapiproext.bnf.fr/iiif/presentation/v3/ark:/12148/bd6t56268t/manifest.json'
For more information check: https://developer.mozilla.org/en-US/docs/Web/HTTP/Status/403",2026-07-17T19:17:01.681947
canardenchaine,bd6t562694,,failed,0,0,,http_manifest,known,403,manifest,"Client error '403 ' for url 'https://openapiproext.bnf.fr/iiif/presentation/v3/ark:/12148/bd6t562694/manifest.json'
For more information check: https://developer.mozilla.org/en-US/docs/Web/HTTP/Status/403",2026-07-17T19:17:02.803764
canardenchaine,bd6t56270m,,failed,0,0,,http_manifest,known,403,manifest,"Client error '403 ' for url 'https://openapiproext.bnf.fr/iiif/presentation/v3/ark:/12148/bd6t56270m/manifest.json'
For more information check: https://developer.mozilla.org/en-US/docs/Web/HTTP/Status/403",2026-07-17T19:17:04.262085
canardenchaine,bd6t56271x,,failed,0,0,,http_manifest,known,403,manifest,"Client error '403 ' for url 'https://openapiproext.bnf.fr/iiif/presentation/v3/ark:/12148/bd6t56271x/manifest.json'
For more information check: https://developer.mozilla.org/en-US/docs/Web/HTTP/Status/403",2026-07-17T19:17:05.255743
canardenchaine,bd6t562727,,failed,0,0,,http_manifest,known,403,manifest,"Client error '403 ' for url 'https://openapiproext.bnf.fr/iiif/presentation/v3/ark:/12148/bd6t562727/manifest.json'
For more information check: https://developer.mozilla.org/en-US/docs/Web/HTTP/Status/403",2026-07-17T19:17:06.661849
canardenchaine,bd6t56273j,,failed,0,0,,http_manifest,known,403,manifest,"Client error '403 ' for url 'https://openapiproext.bnf.fr/iiif/presentation/v3/ark:/12148/bd6t56273j/manifest.json'
For more information check: https://developer.mozilla.org/en-US/docs/Web/HTTP/Status/403",2026-07-17T19:17:07.610515
canardenchaine,bd6t56274v,,failed,0,0,,http_manifest,known,403,manifest,"Client error '403 ' for url 'https://openapiproext.bnf.fr/iiif/presentation/v3/ark:/12148/bd6t56274v/manifest.json'
For more information check: https://developer.mozilla.org/en-US/docs/Web/HTTP/Status/403",2026-07-17T19:17:08.848900
canardenchaine,bd6t562755,,failed,0,0,,http_manifest,known,403,manifest,"Client error '403 ' for url 'https://openapiproext.bnf.fr/iiif/presentation/v3/ark:/12148/bd6t562755/manifest.json'
For more information check: https://developer.mozilla.org/en-US/docs/Web/HTTP/Status/403",2026-07-17T19:17:10.117453
canardenchaine,bd6t56276g,,failed,0,0,,http_manifest,known,403,manifest,"Client error '403 ' for url 'https://openapiproext.bnf.fr/iiif/presentation/v3/ark:/12148/bd6t56276g/manifest.json'
For more information check: https://developer.mozilla.org/en-US/docs/Web/HTTP/Status/403",2026-07-17T19:17:11.332921
canardenchaine,bd6t56277s,,failed,0,0,,http_manifest,known,403,manifest,"Client error '403 ' for url 'https://openapiproext.bnf.fr/iiif/presentation/v3/ark:/12148/bd6t56277s/manifest.json'
For more information check: https://developer.mozilla.org/en-US/docs/Web/HTTP/Status/403",2026-07-17T19:17:12.420938
canardenchaine,bd6t562783,,failed,0,0,,http_manifest,known,403,manifest,"Client error '403 ' for url 'https://openapiproext.bnf.fr/iiif/presentation/v3/ark:/12148/bd6t562783/manifest.json'
For more information check: https://developer.mozilla.org/en-US/docs/Web/HTTP/Status/403",2026-07-17T19:17:13.738269
canardenchaine,bd6t56279d,,failed,0,0,,http_manifest,known,403,manifest,"Client error '403 ' for url 'https://openapiproext.bnf.fr/iiif/presentation/v3/ark:/12148/bd6t56279d/manifest.json'
For more information check: https://developer.mozilla.org/en-US/docs/Web/HTTP/Status/403",2026-07-17T19:17:15.059006
canardenchaine,bd6t56280w,,failed,0,0,,http_manifest,known,403,manifest,"Client error '403 ' for url 'https://openapiproext.bnf.fr/iiif/presentation/v3/ark:/12148/bd6t56280w/manifest.json'
For more information check: https://developer.mozilla.org/en-US/docs/Web/HTTP/Status/403",2026-07-17T19:17:16.024308
canardenchaine,bd6t562816,,failed,0,0,,http_manifest,known,403,manifest,"Client error '403 ' for url 'https://openapiproext.bnf.fr/iiif/presentation/v3/ark:/12148/bd6t562816/manifest.json'
For more information check: https://developer.mozilla.org/en-US/docs/Web/HTTP/Status/403",2026-07-17T19:17:17.222496
canardenchaine,bd6t56282h,,failed,0,0,,http_manifest,known,403,manifest,"Client error '403 ' for url 'https://openapiproext.bnf.fr/iiif/presentation/v3/ark:/12148/bd6t56282h/manifest.json'
For more information check: https://developer.mozilla.org/en-US/docs/Web/HTTP/Status/403",2026-07-17T19:17:18.438438
canardenchaine,bd6t56283t,,failed,0,0,,http_manifest,known,403,manifest,"Client error '403 ' for url 'https://openapiproext.bnf.fr/iiif/presentation/v3/ark:/12148/bd6t56283t/manifest.json'
For more information check: https://developer.mozilla.org/en-US/docs/Web/HTTP/Status/403",2026-07-17T19:17:19.625655
canardenchaine,bd6t562844,,failed,0,0,,http_manifest,known,403,manifest,"Client error '403 ' for url 'https://openapiproext.bnf.fr/iiif/presentation/v3/ark:/12148/bd6t562844/manifest.json'
For more information check: https://developer.mozilla.org/en-US/docs/Web/HTTP/Status/403",2026-07-17T19:17:20.824846
canardenchaine,bd6t56285f,,failed,0,0,,http_manifest,known,403,manifest,"Client error '403 ' for url 'https://openapiproext.bnf.fr/iiif/presentation/v3/ark:/12148/bd6t56285f/manifest.json'
For more information check: https://developer.mozilla.org/en-US/docs/Web/HTTP/Status/403",2026-07-17T19:17:22.026831
canardenchaine,bd6t56286r,,failed,0,0,,http_manifest,known,403,manifest,"Client error '403 ' for url 'https://openapiproext.bnf.fr/iiif/presentation/v3/ark:/12148/bd6t56286r/manifest.json'
For more information check: https://developer.mozilla.org/en-US/docs/Web/HTTP/Status/403",2026-07-17T19:17:23.229625
canardenchaine,bd6t562872,,failed,0,0,,http_manifest,known,403,manifest,"Client error '403 ' for url 'https://openapiproext.bnf.fr/iiif/presentation/v3/ark:/12148/bd6t562872/manifest.json'
For more information check: https://developer.mozilla.org/en-US/docs/Web/HTTP/Status/403",2026-07-17T19:17:24.430500
canardenchaine,bd6t56288c,,failed,0,0,,http_manifest,known,403,manifest,"Client error '403 ' for url 'https://openapiproext.bnf.fr/iiif/presentation/v3/ark:/12148/bd6t56288c/manifest.json'
For more information check: https://developer.mozilla.org/en-US/docs/Web/HTTP/Status/403",2026-07-17T19:17:25.633719
canardenchaine,bd6t56289p,,failed,0,0,,http_manifest,known,403,manifest,"Client error '403 ' for url 'https://openapiproext.bnf.fr/iiif/presentation/v3/ark:/12148/bd6t56289p/manifest.json'
For more information check: https://developer.mozilla.org/en-US/docs/Web/HTTP/Status/403",2026-07-17T19:17:26.837973
canardenchaine,bd6t562905,,failed,0,0,,http_manifest,known,403,manifest,"Client error '403 ' for url 'https://openapiproext.bnf.fr/iiif/presentation/v3/ark:/12148/bd6t562905/manifest.json'
For more information check: https://developer.mozilla.org/en-US/docs/Web/HTTP/Status/403",2026-07-17T19:17:28.035124
canardenchaine,bd6t56291g,,failed,0,0,,http_manifest,known,403,manifest,"Client error '403 ' for url 'https://openapiproext.bnf.fr/iiif/presentation/v3/ark:/12148/bd6t56291g/manifest.json'
For more information check: https://developer.mozilla.org/en-US/docs/Web/HTTP/Status/403",2026-07-17T19:17:29.238564
canardenchaine,bd6t56292s,,failed,0,0,,http_manifest,known,403,manifest,"Client error '403 ' for url 'https://openapiproext.bnf.fr/iiif/presentation/v3/ark:/12148/bd6t56292s/manifest.json'
For more information check: https://developer.mozilla.org/en-US/docs/Web/HTTP/Status/403",2026-07-17T19:17:30.462293
canardenchaine,bd6t562933,,failed,0,0,,http_manifest,known,403,manifest,"Client error '403 ' for url 'https://openapiproext.bnf.fr/iiif/presentation/v3/ark:/12148/bd6t562933/manifest.json'
For more information check: https://developer.mozilla.org/en-US/docs/Web/HTTP/Status/403",2026-07-17T19:17:31.639874
canardenchaine,bd6t56294d,,failed,0,0,,http_manifest,known,403,manifest,"Client error '403 ' for url 'https://openapiproext.bnf.fr/iiif/presentation/v3/ark:/12148/bd6t56294d/manifest.json'
For more information check: https://developer.mozilla.org/en-US/docs/Web/HTTP/Status/403",2026-07-17T19:17:32.867750
canardenchaine,bd6t56295q,,failed,0,0,,http_manifest,known,403,manifest,"Client error '403 ' for url 'https://openapiproext.bnf.fr/iiif/presentation/v3/ark:/12148/bd6t56295q/manifest.json'
For more information check: https://developer.mozilla.org/en-US/docs/Web/HTTP/Status/403",2026-07-17T19:17:34.045218
canardenchaine,bd6t562961,,failed,0,0,,http_manifest,known,403,manifest,"Client error '403 ' for url 'https://openapiproext.bnf.fr/iiif/presentation/v3/ark:/12148/bd6t562961/manifest.json'
For more information check: https://developer.mozilla.org/en-US/docs/Web/HTTP/Status/403",2026-07-17T19:17:35.244271
canardenchaine,bd6t56297b,,failed,0,0,,http_manifest,known,403,manifest,"Client error '403 ' for url 'https://openapiproext.bnf.fr/iiif/presentation/v3/ark:/12148/bd6t56297b/manifest.json'
For more information check: https://developer.mozilla.org/en-US/docs/Web/HTTP/Status/403",2026-07-17T19:17:36.469243
canardenchaine,bd6t56298n,,failed,0,0,,http_manifest,known,403,manifest,"Client error '403 ' for url 'https://openapiproext.bnf.fr/iiif/presentation/v3/ark:/12148/bd6t56298n/manifest.json'
For more information check: https://developer.mozilla.org/en-US/docs/Web/HTTP/Status/403",2026-07-17T19:17:37.645193
canardenchaine,bd6t56299z,,failed,0,0,,http_manifest,known,403,manifest,"Client error '403 ' for url 'https://openapiproext.bnf.fr/iiif/presentation/v3/ark:/12148/bd6t56299z/manifest.json'
For more information check: https://developer.mozilla.org/en-US/docs/Web/HTTP/Status/403",2026-07-17T19:17:38.850697
canardenchaine,bd6t56300x,,failed,0,0,,http_manifest,known,403,manifest,"Client error '403 ' for url 'https://openapiproext.bnf.fr/iiif/presentation/v3/ark:/12148/bd6t56300x/manifest.json'
For more information check: https://developer.mozilla.org/en-US/docs/Web/HTTP/Status/403",2026-07-17T19:17:40.056057
canardenchaine,bd6t563017,,failed,0,0,,http_manifest,known,403,manifest,"Client error '403 ' for url 'https://openapiproext.bnf.fr/iiif/presentation/v3/ark:/12148/bd6t563017/manifest.json'
For more information check: https://developer.mozilla.org/en-US/docs/Web/HTTP/Status/403",2026-07-17T19:17:41.254838
canardenchaine,bd6t56302j,,failed,0,0,,http_manifest,known,403,manifest,"Client error '403 ' for url 'https://openapiproext.bnf.fr/iiif/presentation/v3/ark:/12148/bd6t56302j/manifest.json'
For more information check: https://developer.mozilla.org/en-US/docs/Web/HTTP/Status/403",2026-07-17T19:17:42.458043
canardenchaine,bd6t56303v,,failed,0,0,,http_manifest,known,403,manifest,"Client error '403 ' for url 'https://openapiproext.bnf.fr/iiif/presentation/v3/ark:/12148/bd6t56303v/manifest.json'
For more information check: https://developer.mozilla.org/en-US/docs/Web/HTTP/Status/403",2026-07-17T19:17:43.656514
canardenchaine,bd6t563045,,failed,0,0,,http_manifest,known,403,manifest,"Client error '403 ' for url 'https://openapiproext.bnf.fr/iiif/presentation/v3/ark:/12148/bd6t563045/manifest.json'
For more information check: https://developer.mozilla.org/en-US/docs/Web/HTTP/Status/403",2026-07-17T19:17:44.857737
canardenchaine,bd6t56305g,,failed,0,0,,http_manifest,known,403,manifest,"Client error '403 ' for url 'https://openapiproext.bnf.fr/iiif/presentation/v3/ark:/12148/bd6t56305g/manifest.json'
For more information check: https://developer.mozilla.org/en-US/docs/Web/HTTP/Status/403",2026-07-17T19:17:46.057537
canardenchaine,bd6t56306s,,failed,0,0,,http_manifest,known,403,manifest,"Client error '403 ' for url 'https://openapiproext.bnf.fr/iiif/presentation/v3/ark:/12148/bd6t56306s/manifest.json'
For more information check: https://developer.mozilla.org/en-US/docs/Web/HTTP/Status/403",2026-07-17T19:17:47.259118
canardenchaine,bd6t563073,,failed,0,0,,http_manifest,known,403,manifest,"Client error '403 ' for url 'https://openapiproext.bnf.fr/iiif/presentation/v3/ark:/12148/bd6t563073/manifest.json'
For more information check: https://developer.mozilla.org/en-US/docs/Web/HTTP/Status/403",2026-07-17T19:17:48.474657
canardenchaine,bd6t56308d,,failed,0,0,,http_manifest,known,403,manifest,"Client error '403 ' for url 'https://openapiproext.bnf.fr/iiif/presentation/v3/ark:/12148/bd6t56308d/manifest.json'
For more information check: https://developer.mozilla.org/en-US/docs/Web/HTTP/Status/403",2026-07-17T19:17:49.662465
canardenchaine,bd6t56309q,,failed,0,0,,http_manifest,known,403,manifest,"Client error '403 ' for url 'https://openapiproext.bnf.fr/iiif/presentation/v3/ark:/12148/bd6t56309q/manifest.json'
For more information check: https://developer.mozilla.org/en-US/docs/Web/HTTP/Status/403",2026-07-17T19:17:50.864429
canardenchaine,bd6t563106,,failed,0,0,,http_manifest,known,403,manifest,"Client error '403 ' for url 'https://openapiproext.bnf.fr/iiif/presentation/v3/ark:/12148/bd6t563106/manifest.json'
For more information check: https://developer.mozilla.org/en-US/docs/Web/HTTP/Status/403",2026-07-17T19:17:52.070058
canardenchaine,bd6t56311h,,failed,0,0,,http_manifest,known,403,manifest,"Client error '403 ' for url 'https://openapiproext.bnf.fr/iiif/presentation/v3/ark:/12148/bd6t56311h/manifest.json'
For more information check: https://developer.mozilla.org/en-US/docs/Web/HTTP/Status/403",2026-07-17T19:17:53.267181
canardenchaine,bd6t56312t,,failed,0,0,,http_manifest,known,403,manifest,"Client error '403 ' for url 'https://openapiproext.bnf.fr/iiif/presentation/v3/ark:/12148/bd6t56312t/manifest.json'
For more information check: https://developer.mozilla.org/en-US/docs/Web/HTTP/Status/403",2026-07-17T19:17:54.468611
canardenchaine,bd6t563134,,failed,0,0,,http_manifest,known,403,manifest,"Client error '403 ' for url 'https://openapiproext.bnf.fr/iiif/presentation/v3/ark:/12148/bd6t563134/manifest.json'
For more information check: https://developer.mozilla.org/en-US/docs/Web/HTTP/Status/403",2026-07-17T19:17:55.672546
canardenchaine,bd6t56314f,,failed,0,0,,http_manifest,known,403,manifest,"Client error '403 ' for url 'https://openapiproext.bnf.fr/iiif/presentation/v3/ark:/12148/bd6t56314f/manifest.json'
For more information check: https://developer.mozilla.org/en-US/docs/Web/HTTP/Status/403",2026-07-17T19:17:56.875075
canardenchaine,bd6t56315r,,failed,0,0,,http_manifest,known,403,manifest,"Client error '403 ' for url 'https://openapiproext.bnf.fr/iiif/presentation/v3/ark:/12148/bd6t56315r/manifest.json'
For more information check: https://developer.mozilla.org/en-US/docs/Web/HTTP/Status/403",2026-07-17T19:17:58.160055
canardenchaine,bd6t563162,,failed,0,0,,http_manifest,known,403,manifest,"Client error '403 ' for url 'https://openapiproext.bnf.fr/iiif/presentation/v3/ark:/12148/bd6t563162/manifest.json'
For more information check: https://developer.mozilla.org/en-US/docs/Web/HTTP/Status/403",2026-07-17T19:17:59.530513
canardenchaine,bd6t56317c,,failed,0,0,,http_manifest,known,403,manifest,"Client error '403 ' for url 'https://openapiproext.bnf.fr/iiif/presentation/v3/ark:/12148/bd6t56317c/manifest.json'
For more information check: https://developer.mozilla.org/en-US/docs/Web/HTTP/Status/403",2026-07-17T19:18:00.478876
canardenchaine,bd6t56318p,,failed,0,0,,http_manifest,known,403,manifest,"Client error '403 ' for url 'https://openapiproext.bnf.fr/iiif/presentation/v3/ark:/12148/bd6t56318p/manifest.json'
For more information check: https://developer.mozilla.org/en-US/docs/Web/HTTP/Status/403",2026-07-17T19:18:01.777972
canardenchaine,bd6t563190,,failed,0,0,,http_manifest,known,403,manifest,"Client error '403 ' for url 'https://openapiproext.bnf.fr/iiif/presentation/v3/ark:/12148/bd6t563190/manifest.json'
For more information check: https://developer.mozilla.org/en-US/docs/Web/HTTP/Status/403",2026-07-17T19:18:02.881439
canardenchaine,bd6t56320g,,failed,0,0,,http_manifest,known,403,manifest,"Client error '403 ' for url 'https://openapiproext.bnf.fr/iiif/presentation/v3/ark:/12148/bd6t56320g/manifest.json'
For more information check: https://developer.mozilla.org/en-US/docs/Web/HTTP/Status/403",2026-07-17T19:18:04.221873
canardenchaine,bd6t56321s,,failed,0,0,,http_manifest,known,403,manifest,"Client error '403 ' for url 'https://openapiproext.bnf.fr/iiif/presentation/v3/ark:/12148/bd6t56321s/manifest.json'
For more information check: https://developer.mozilla.org/en-US/docs/Web/HTTP/Status/403",2026-07-17T19:18:05.453343
canardenchaine,bd6t563223,,failed,0,0,,http_manifest,known,403,manifest,"Client error '403 ' for url 'https://openapiproext.bnf.fr/iiif/presentation/v3/ark:/12148/bd6t563223/manifest.json'
For more information check: https://developer.mozilla.org/en-US/docs/Web/HTTP/Status/403",2026-07-17T19:18:06.686699
canardenchaine,bd6t56323d,,failed,0,0,,http_manifest,known,403,manifest,"Client error '403 ' for url 'https://openapiproext.bnf.fr/iiif/presentation/v3/ark:/12148/bd6t56323d/manifest.json'
For more information check: https://developer.mozilla.org/en-US/docs/Web/HTTP/Status/403",2026-07-17T19:18:07.687655
canardenchaine,bd6t56324q,,failed,0,0,,http_manifest,known,403,manifest,"Client error '403 ' for url 'https://openapiproext.bnf.fr/iiif/presentation/v3/ark:/12148/bd6t56324q/manifest.json'
For more information check: https://developer.mozilla.org/en-US/docs/Web/HTTP/Status/403",2026-07-17T19:18:08.887641
canardenchaine,bd6t563251,,failed,0,0,,http_manifest,known,403,manifest,"Client error '403 ' for url 'https://openapiproext.bnf.fr/iiif/presentation/v3/ark:/12148/bd6t563251/manifest.json'
For more information check: https://developer.mozilla.org/en-US/docs/Web/HTTP/Status/403",2026-07-17T19:18:10.091035
canardenchaine,bd6t56326b,,failed,0,0,,http_manifest,known,403,manifest,"Client error '403 ' for url 'https://openapiproext.bnf.fr/iiif/presentation/v3/ark:/12148/bd6t56326b/manifest.json'
For more information check: https://developer.mozilla.org/en-US/docs/Web/HTTP/Status/403",2026-07-17T19:18:11.318279
canardenchaine,bd6t56327n,,failed,0,0,,http_manifest,known,403,manifest,"Client error '403 ' for url 'https://openapiproext.bnf.fr/iiif/presentation/v3/ark:/12148/bd6t56327n/manifest.json'
For more information check: https://developer.mozilla.org/en-US/docs/Web/HTTP/Status/403",2026-07-17T19:18:12.492364
canardenchaine,bd6t56328z,,failed,0,0,,http_manifest,known,403,manifest,"Client error '403 ' for url 'https://openapiproext.bnf.fr/iiif/presentation/v3/ark:/12148/bd6t56328z/manifest.json'
For more information check: https://developer.mozilla.org/en-US/docs/Web/HTTP/Status/403",2026-07-17T19:18:13.693687
canardenchaine,bd6t563298,,failed,0,0,,http_manifest,known,403,manifest,"Client error '403 ' for url 'https://openapiproext.bnf.fr/iiif/presentation/v3/ark:/12148/bd6t563298/manifest.json'
For more information check: https://developer.mozilla.org/en-US/docs/Web/HTTP/Status/403",2026-07-17T19:18:14.892804
canardenchaine,bd6t56330r,,failed,0,0,,http_manifest,known,403,manifest,"Client error '403 ' for url 'https://openapiproext.bnf.fr/iiif/presentation/v3/ark:/12148/bd6t56330r/manifest.json'
For more information check: https://developer.mozilla.org/en-US/docs/Web/HTTP/Status/403",2026-07-17T19:18:16.096443
canardenchaine,bd6t563312,,failed,0,0,,http_manifest,known,403,manifest,"Client error '403 ' for url 'https://openapiproext.bnf.fr/iiif/presentation/v3/ark:/12148/bd6t563312/manifest.json'
For more information check: https://developer.mozilla.org/en-US/docs/Web/HTTP/Status/403",2026-07-17T19:18:17.435467
canardenchaine,bd6t56332c,,failed,0,0,,http_manifest,known,403,manifest,"Client error '403 ' for url 'https://openapiproext.bnf.fr/iiif/presentation/v3/ark:/12148/bd6t56332c/manifest.json'
For more information check: https://developer.mozilla.org/en-US/docs/Web/HTTP/Status/403",2026-07-17T19:18:18.707561
canardenchaine,bd6t56333p,,failed,0,0,,http_manifest,known,403,manifest,"Client error '403 ' for url 'https://openapiproext.bnf.fr/iiif/presentation/v3/ark:/12148/bd6t56333p/manifest.json'
For more information check: https://developer.mozilla.org/en-US/docs/Web/HTTP/Status/403",2026-07-17T19:18:19.731397
canardenchaine,bd6t563340,,failed,0,0,,http_manifest,known,403,manifest,"Client error '403 ' for url 'https://openapiproext.bnf.fr/iiif/presentation/v3/ark:/12148/bd6t563340/manifest.json'
For more information check: https://developer.mozilla.org/en-US/docs/Web/HTTP/Status/403",2026-07-17T19:18:20.902654
canardenchaine,bd6t563359,,failed,0,0,,http_manifest,known,403,manifest,"Client error '403 ' for url 'https://openapiproext.bnf.fr/iiif/presentation/v3/ark:/12148/bd6t563359/manifest.json'
For more information check: https://developer.mozilla.org/en-US/docs/Web/HTTP/Status/403",2026-07-17T19:18:22.102918
canardenchaine,bd6t56336m,,failed,0,0,,http_manifest,known,403,manifest,"Client error '403 ' for url 'https://openapiproext.bnf.fr/iiif/presentation/v3/ark:/12148/bd6t56336m/manifest.json'
For more information check: https://developer.mozilla.org/en-US/docs/Web/HTTP/Status/403",2026-07-17T19:18:23.309457
canardenchaine,bd6t56337x,,failed,0,0,,http_manifest,known,403,manifest,"Client error '403 ' for url 'https://openapiproext.bnf.fr/iiif/presentation/v3/ark:/12148/bd6t56337x/manifest.json'
For more information check: https://developer.mozilla.org/en-US/docs/Web/HTTP/Status/403",2026-07-17T19:18:24.505643
canardenchaine,bd6t563387,,failed,0,0,,http_manifest,known,403,manifest,"Client error '403 ' for url 'https://openapiproext.bnf.fr/iiif/presentation/v3/ark:/12148/bd6t563387/manifest.json'
For more information check: https://developer.mozilla.org/en-US/docs/Web/HTTP/Status/403",2026-07-17T19:18:25.705942
canardenchaine,bd6t56339j,,failed,0,0,,http_manifest,known,403,manifest,"Client error '403 ' for url 'https://openapiproext.bnf.fr/iiif/presentation/v3/ark:/12148/bd6t56339j/manifest.json'
For more information check: https://developer.mozilla.org/en-US/docs/Web/HTTP/Status/403",2026-07-17T19:18:26.908522
canardenchaine,bd6t563401,,failed,0,0,,http_manifest,known,403,manifest,"Client error '403 ' for url 'https://openapiproext.bnf.fr/iiif/presentation/v3/ark:/12148/bd6t563401/manifest.json'
For more information check: https://developer.mozilla.org/en-US/docs/Web/HTTP/Status/403",2026-07-17T19:18:28.117745
canardenchaine,bd6t56341b,,failed,0,0,,http_manifest,known,403,manifest,"Client error '403 ' for url 'https://openapiproext.bnf.fr/iiif/presentation/v3/ark:/12148/bd6t56341b/manifest.json'
For more information check: https://developer.mozilla.org/en-US/docs/Web/HTTP/Status/403",2026-07-17T19:18:29.332546
canardenchaine,bd6t56342n,,failed,0,0,,http_manifest,known,403,manifest,"Client error '403 ' for url 'https://openapiproext.bnf.fr/iiif/presentation/v3/ark:/12148/bd6t56342n/manifest.json'
For more information check: https://developer.mozilla.org/en-US/docs/Web/HTTP/Status/403",2026-07-17T19:18:30.513754
canardenchaine,bd6t56343z,,failed,0,0,,http_manifest,known,403,manifest,"Client error '403 ' for url 'https://openapiproext.bnf.fr/iiif/presentation/v3/ark:/12148/bd6t56343z/manifest.json'
For more information check: https://developer.mozilla.org/en-US/docs/Web/HTTP/Status/403",2026-07-17T19:18:31.714827
canardenchaine,bd6t563448,,failed,0,0,,http_manifest,known,403,manifest,"Client error '403 ' for url 'https://openapiproext.bnf.fr/iiif/presentation/v3/ark:/12148/bd6t563448/manifest.json'
For more information check: https://developer.mozilla.org/en-US/docs/Web/HTTP/Status/403",2026-07-17T19:18:32.917197
canardenchaine,bd6t56345k,,failed,0,0,,http_manifest,known,403,manifest,"Client error '403 ' for url 'https://openapiproext.bnf.fr/iiif/presentation/v3/ark:/12148/bd6t56345k/manifest.json'
For more information check: https://developer.mozilla.org/en-US/docs/Web/HTTP/Status/403",2026-07-17T19:18:34.116240
canardenchaine,bd6t56346w,,failed,0,0,,http_manifest,known,403,manifest,"Client error '403 ' for url 'https://openapiproext.bnf.fr/iiif/presentation/v3/ark:/12148/bd6t56346w/manifest.json'
For more information check: https://developer.mozilla.org/en-US/docs/Web/HTTP/Status/403",2026-07-17T19:18:35.319068
canardenchaine,bd6t563476,,failed,0,0,,http_manifest,known,403,manifest,"Client error '403 ' for url 'https://openapiproext.bnf.fr/iiif/presentation/v3/ark:/12148/bd6t563476/manifest.json'
For more information check: https://developer.mozilla.org/en-US/docs/Web/HTTP/Status/403",2026-07-17T19:18:36.526988
canardenchaine,bd6t56348h,,failed,0,0,,http_manifest,known,403,manifest,"Client error '403 ' for url 'https://openapiproext.bnf.fr/iiif/presentation/v3/ark:/12148/bd6t56348h/manifest.json'
For more information check: https://developer.mozilla.org/en-US/docs/Web/HTTP/Status/403",2026-07-17T19:18:37.721155
canardenchaine,bd6t56349t,,failed,0,0,,http_manifest,known,403,manifest,"Client error '403 ' for url 'https://openapiproext.bnf.fr/iiif/presentation/v3/ark:/12148/bd6t56349t/manifest.json'
For more information check: https://developer.mozilla.org/en-US/docs/Web/HTTP/Status/403",2026-07-17T19:18:38.925164
canardenchaine,bd6t563509,,failed,0,0,,http_manifest,known,403,manifest,"Client error '403 ' for url 'https://openapiproext.bnf.fr/iiif/presentation/v3/ark:/12148/bd6t563509/manifest.json'
For more information check: https://developer.mozilla.org/en-US/docs/Web/HTTP/Status/403",2026-07-17T19:18:40.127912
canardenchaine,bd6t56351m,,failed,0,0,,http_manifest,known,403,manifest,"Client error '403 ' for url 'https://openapiproext.bnf.fr/iiif/presentation/v3/ark:/12148/bd6t56351m/manifest.json'
For more information check: https://developer.mozilla.org/en-US/docs/Web/HTTP/Status/403",2026-07-17T19:18:41.346170
canardenchaine,bd6t56352x,,failed,0,0,,http_manifest,known,403,manifest,"Client error '403 ' for url 'https://openapiproext.bnf.fr/iiif/presentation/v3/ark:/12148/bd6t56352x/manifest.json'
For more information check: https://developer.mozilla.org/en-US/docs/Web/HTTP/Status/403",2026-07-17T19:18:42.527318
canardenchaine,bd6t563537,,failed,0,0,,http_manifest,known,403,manifest,"Client error '403 ' for url 'https://openapiproext.bnf.fr/iiif/presentation/v3/ark:/12148/bd6t563537/manifest.json'
For more information check: https://developer.mozilla.org/en-US/docs/Web/HTTP/Status/403",2026-07-17T19:18:43.728438
canardenchaine,bd6t56354j,,failed,0,0,,http_manifest,known,403,manifest,"Client error '403 ' for url 'https://openapiproext.bnf.fr/iiif/presentation/v3/ark:/12148/bd6t56354j/manifest.json'
For more information check: https://developer.mozilla.org/en-US/docs/Web/HTTP/Status/403",2026-07-17T19:18:44.935455
canardenchaine,bd6t56355v,,failed,0,0,,http_manifest,known,403,manifest,"Client error '403 ' for url 'https://openapiproext.bnf.fr/iiif/presentation/v3/ark:/12148/bd6t56355v/manifest.json'
For more information check: https://developer.mozilla.org/en-US/docs/Web/HTTP/Status/403",2026-07-17T19:18:46.134022
canardenchaine,bd6t563565,,failed,0,0,,http_manifest,known,403,manifest,"Client error '403 ' for url 'https://openapiproext.bnf.fr/iiif/presentation/v3/ark:/12148/bd6t563565/manifest.json'
For more information check: https://developer.mozilla.org/en-US/docs/Web/HTTP/Status/403",2026-07-17T19:18:47.361038
canardenchaine,bd6t56357g,,failed,0,0,,http_manifest,known,403,manifest,"Client error '403 ' for url 'https://openapiproext.bnf.fr/iiif/presentation/v3/ark:/12148/bd6t56357g/manifest.json'
For more information check: https://developer.mozilla.org/en-US/docs/Web/HTTP/Status/403",2026-07-17T19:18:48.534388
canardenchaine,bd6t56358s,,failed,0,0,,http_manifest,known,403,manifest,"Client error '403 ' for url 'https://openapiproext.bnf.fr/iiif/presentation/v3/ark:/12148/bd6t56358s/manifest.json'
For more information check: https://developer.mozilla.org/en-US/docs/Web/HTTP/Status/403",2026-07-17T19:18:49.735908
canardenchaine,bd6t563593,,failed,0,0,,http_manifest,known,403,manifest,"Client error '403 ' for url 'https://openapiproext.bnf.fr/iiif/presentation/v3/ark:/12148/bd6t563593/manifest.json'
For more information check: https://developer.mozilla.org/en-US/docs/Web/HTTP/Status/403",2026-07-17T19:18:50.935815
canardenchaine,bd6t56360k,,failed,0,0,,http_manifest,known,403,manifest,"Client error '403 ' for url 'https://openapiproext.bnf.fr/iiif/presentation/v3/ark:/12148/bd6t56360k/manifest.json'
For more information check: https://developer.mozilla.org/en-US/docs/Web/HTTP/Status/403",2026-07-17T19:18:52.140401
canardenchaine,bd6t56361w,,failed,0,0,,http_manifest,known,403,manifest,"Client error '403 ' for url 'https://openapiproext.bnf.fr/iiif/presentation/v3/ark:/12148/bd6t56361w/manifest.json'
For more information check: https://developer.mozilla.org/en-US/docs/Web/HTTP/Status/403",2026-07-17T19:18:53.338893
canardenchaine,bd6t563626,,failed,0,0,,http_manifest,known,403,manifest,"Client error '403 ' for url 'https://openapiproext.bnf.fr/iiif/presentation/v3/ark:/12148/bd6t563626/manifest.json'
For more information check: https://developer.mozilla.org/en-US/docs/Web/HTTP/Status/403",2026-07-17T19:18:54.544404
canardenchaine,bd6t56363h,,failed,0,0,,http_manifest,known,403,manifest,"Client error '403 ' for url 'https://openapiproext.bnf.fr/iiif/presentation/v3/ark:/12148/bd6t56363h/manifest.json'
For more information check: https://developer.mozilla.org/en-US/docs/Web/HTTP/Status/403",2026-07-17T19:18:55.745902
canardenchaine,bd6t56364t,,failed,0,0,,http_manifest,known,403,manifest,"Client error '403 ' for url 'https://openapiproext.bnf.fr/iiif/presentation/v3/ark:/12148/bd6t56364t/manifest.json'
For more information check: https://developer.mozilla.org/en-US/docs/Web/HTTP/Status/403",2026-07-17T19:18:56.947404
canardenchaine,bd6t563654,,failed,0,0,,http_manifest,known,403,manifest,"Client error '403 ' for url 'https://openapiproext.bnf.fr/iiif/presentation/v3/ark:/12148/bd6t563654/manifest.json'
For more information check: https://developer.mozilla.org/en-US/docs/Web/HTTP/Status/403",2026-07-17T19:18:58.171815
canardenchaine,bd6t56366f,,failed,0,0,,http_manifest,known,403,manifest,"Client error '403 ' for url 'https://openapiproext.bnf.fr/iiif/presentation/v3/ark:/12148/bd6t56366f/manifest.json'
For more information check: https://developer.mozilla.org/en-US/docs/Web/HTTP/Status/403",2026-07-17T19:18:59.446929
canardenchaine,bd6t56367r,,failed,0,0,,http_manifest,known,403,manifest,"Client error '403 ' for url 'https://openapiproext.bnf.fr/iiif/presentation/v3/ark:/12148/bd6t56367r/manifest.json'
For more information check: https://developer.mozilla.org/en-US/docs/Web/HTTP/Status/403",2026-07-17T19:19:00.606402
canardenchaine,bd6t563682,,failed,0,0,,http_manifest,known,403,manifest,"Client error '403 ' for url 'https://openapiproext.bnf.fr/iiif/presentation/v3/ark:/12148/bd6t563682/manifest.json'
For more information check: https://developer.mozilla.org/en-US/docs/Web/HTTP/Status/403",2026-07-17T19:19:01.754828
canardenchaine,bd6t56369c,,failed,0,0,,http_manifest,known,403,manifest,"Client error '403 ' for url 'https://openapiproext.bnf.fr/iiif/presentation/v3/ark:/12148/bd6t56369c/manifest.json'
For more information check: https://developer.mozilla.org/en-US/docs/Web/HTTP/Status/403",2026-07-17T19:19:02.956104
canardenchaine,bd6t56370v,,failed,0,0,,http_manifest,known,403,manifest,"Client error '403 ' for url 'https://openapiproext.bnf.fr/iiif/presentation/v3/ark:/12148/bd6t56370v/manifest.json'
For more information check: https://developer.mozilla.org/en-US/docs/Web/HTTP/Status/403",2026-07-17T19:19:04.165431
canardenchaine,bd6t563715,,failed,0,0,,http_manifest,known,403,manifest,"Client error '403 ' for url 'https://openapiproext.bnf.fr/iiif/presentation/v3/ark:/12148/bd6t563715/manifest.json'
For more information check: https://developer.mozilla.org/en-US/docs/Web/HTTP/Status/403",2026-07-17T19:19:05.579487
canardenchaine,bd6t56372g,,failed,0,0,,http_manifest,known,403,manifest,"Client error '403 ' for url 'https://openapiproext.bnf.fr/iiif/presentation/v3/ark:/12148/bd6t56372g/manifest.json'
For more information check: https://developer.mozilla.org/en-US/docs/Web/HTTP/Status/403",2026-07-17T19:19:06.772878
canardenchaine,bd6t56373s,,failed,0,0,,http_manifest,known,403,manifest,"Client error '403 ' for url 'https://openapiproext.bnf.fr/iiif/presentation/v3/ark:/12148/bd6t56373s/manifest.json'
For more information check: https://developer.mozilla.org/en-US/docs/Web/HTTP/Status/403",2026-07-17T19:19:07.763954
canardenchaine,bd6t563743,,failed,0,0,,http_manifest,known,403,manifest,"Client error '403 ' for url 'https://openapiproext.bnf.fr/iiif/presentation/v3/ark:/12148/bd6t563743/manifest.json'
For more information check: https://developer.mozilla.org/en-US/docs/Web/HTTP/Status/403",2026-07-17T19:19:08.964667
canardenchaine,bd6t56375d,,failed,0,0,,http_manifest,known,403,manifest,"Client error '403 ' for url 'https://openapiproext.bnf.fr/iiif/presentation/v3/ark:/12148/bd6t56375d/manifest.json'
For more information check: https://developer.mozilla.org/en-US/docs/Web/HTTP/Status/403",2026-07-17T19:19:10.168154
canardenchaine,bd6t56376q,,failed,0,0,,http_manifest,known,403,manifest,"Client error '403 ' for url 'https://openapiproext.bnf.fr/iiif/presentation/v3/ark:/12148/bd6t56376q/manifest.json'
For more information check: https://developer.mozilla.org/en-US/docs/Web/HTTP/Status/403",2026-07-17T19:19:11.391934
canardenchaine,bd6t563771,,failed,0,0,,http_manifest,known,403,manifest,"Client error '403 ' for url 'https://openapiproext.bnf.fr/iiif/presentation/v3/ark:/12148/bd6t563771/manifest.json'
For more information check: https://developer.mozilla.org/en-US/docs/Web/HTTP/Status/403",2026-07-17T19:19:12.576138
canardenchaine,bd6t56378b,,failed,0,0,,http_manifest,known,403,manifest,"Client error '403 ' for url 'https://openapiproext.bnf.fr/iiif/presentation/v3/ark:/12148/bd6t56378b/manifest.json'
For more information check: https://developer.mozilla.org/en-US/docs/Web/HTTP/Status/403",2026-07-17T19:19:13.932678
canardenchaine,bd6t56379n,,failed,0,0,,http_manifest,known,403,manifest,"Client error '403 ' for url 'https://openapiproext.bnf.fr/iiif/presentation/v3/ark:/12148/bd6t56379n/manifest.json'
For more information check: https://developer.mozilla.org/en-US/docs/Web/HTTP/Status/403",2026-07-17T19:19:15.079121
canardenchaine,bd6t563804,,failed,0,0,,http_manifest,known,403,manifest,"Client error '403 ' for url 'https://openapiproext.bnf.fr/iiif/presentation/v3/ark:/12148/bd6t563804/manifest.json'
For more information check: https://developer.mozilla.org/en-US/docs/Web/HTTP/Status/403",2026-07-17T19:19:16.180774
canardenchaine,bd6t56381f,,failed,0,0,,http_manifest,known,403,manifest,"Client error '403 ' for url 'https://openapiproext.bnf.fr/iiif/presentation/v3/ark:/12148/bd6t56381f/manifest.json'
For more information check: https://developer.mozilla.org/en-US/docs/Web/HTTP/Status/403",2026-07-17T19:19:17.528904
canardenchaine,bd6t56382r,,failed,0,0,,http_manifest,known,403,manifest,"Client error '403 ' for url 'https://openapiproext.bnf.fr/iiif/presentation/v3/ark:/12148/bd6t56382r/manifest.json'
For more information check: https://developer.mozilla.org/en-US/docs/Web/HTTP/Status/403",2026-07-17T19:19:18.725923
canardenchaine,bd6t563832,,failed,0,0,,http_manifest,known,403,manifest,"Client error '403 ' for url 'https://openapiproext.bnf.fr/iiif/presentation/v3/ark:/12148/bd6t563832/manifest.json'
For more information check: https://developer.mozilla.org/en-US/docs/Web/HTTP/Status/403",2026-07-17T19:19:19.782570
canardenchaine,bd6t56384c,,failed,0,0,,http_manifest,known,403,manifest,"Client error '403 ' for url 'https://openapiproext.bnf.fr/iiif/presentation/v3/ark:/12148/bd6t56384c/manifest.json'
For more information check: https://developer.mozilla.org/en-US/docs/Web/HTTP/Status/403",2026-07-17T19:19:20.984515
canardenchaine,bd6t56385p,,failed,0,0,,http_manifest,known,403,manifest,"Client error '403 ' for url 'https://openapiproext.bnf.fr/iiif/presentation/v3/ark:/12148/bd6t56385p/manifest.json'
For more information check: https://developer.mozilla.org/en-US/docs/Web/HTTP/Status/403",2026-07-17T19:19:22.184485
canardenchaine,bd6t563860,,failed,0,0,,http_manifest,known,403,manifest,"Client error '403 ' for url 'https://openapiproext.bnf.fr/iiif/presentation/v3/ark:/12148/bd6t563860/manifest.json'
For more information check: https://developer.mozilla.org/en-US/docs/Web/HTTP/Status/403",2026-07-17T19:19:23.383295
canardenchaine,bd6t563879,,failed,0,0,,http_manifest,known,403,manifest,"Client error '403 ' for url 'https://openapiproext.bnf.fr/iiif/presentation/v3/ark:/12148/bd6t563879/manifest.json'
For more information check: https://developer.mozilla.org/en-US/docs/Web/HTTP/Status/403",2026-07-17T19:19:24.586476
canardenchaine,bd6t56388m,,failed,0,0,,http_manifest,known,403,manifest,"Client error '403 ' for url 'https://openapiproext.bnf.fr/iiif/presentation/v3/ark:/12148/bd6t56388m/manifest.json'
For more information check: https://developer.mozilla.org/en-US/docs/Web/HTTP/Status/403",2026-07-17T19:19:25.786967
canardenchaine,bd6t56389x,,failed,0,0,,http_manifest,known,403,manifest,"Client error '403 ' for url 'https://openapiproext.bnf.fr/iiif/presentation/v3/ark:/12148/bd6t56389x/manifest.json'
For more information check: https://developer.mozilla.org/en-US/docs/Web/HTTP/Status/403",2026-07-17T19:19:26.986648
canardenchaine,bd6t56390d,,failed,0,0,,http_manifest,known,403,manifest,"Client error '403 ' for url 'https://openapiproext.bnf.fr/iiif/presentation/v3/ark:/12148/bd6t56390d/manifest.json'
For more information check: https://developer.mozilla.org/en-US/docs/Web/HTTP/Status/403",2026-07-17T19:19:28.191278
canardenchaine,bd6t56391q,,failed,0,0,,http_manifest,known,403,manifest,"Client error '403 ' for url 'https://openapiproext.bnf.fr/iiif/presentation/v3/ark:/12148/bd6t56391q/manifest.json'
For more information check: https://developer.mozilla.org/en-US/docs/Web/HTTP/Status/403",2026-07-17T19:19:29.419992
canardenchaine,bd6t56444h,,failed,0,0,,http_manifest,known,403,manifest,"Client error '403 ' for url 'https://openapiproext.bnf.fr/iiif/presentation/v3/ark:/12148/bd6t56444h/manifest.json'
For more information check: https://developer.mozilla.org/en-US/docs/Web/HTTP/Status/403",2026-07-17T19:19:30.594732
canardenchaine,bd6t56445t,,failed,0,0,,http_manifest,known,403,manifest,"Client error '403 ' for url 'https://openapiproext.bnf.fr/iiif/presentation/v3/ark:/12148/bd6t56445t/manifest.json'
For more information check: https://developer.mozilla.org/en-US/docs/Web/HTTP/Status/403",2026-07-17T19:19:31.794663
canardenchaine,bd6t564464,,failed,0,0,,http_manifest,known,403,manifest,"Client error '403 ' for url 'https://openapiproext.bnf.fr/iiif/presentation/v3/ark:/12148/bd6t564464/manifest.json'
For more information check: https://developer.mozilla.org/en-US/docs/Web/HTTP/Status/403",2026-07-17T19:19:33.005467
canardenchaine,bd6t56447f,,failed,0,0,,http_manifest,known,403,manifest,"Client error '403 ' for url 'https://openapiproext.bnf.fr/iiif/presentation/v3/ark:/12148/bd6t56447f/manifest.json'
For more information check: https://developer.mozilla.org/en-US/docs/Web/HTTP/Status/403",2026-07-17T19:19:34.197642
canardenchaine,bd6t56448r,,failed,0,0,,http_manifest,known,403,manifest,"Client error '403 ' for url 'https://openapiproext.bnf.fr/iiif/presentation/v3/ark:/12148/bd6t56448r/manifest.json'
For more information check: https://developer.mozilla.org/en-US/docs/Web/HTTP/Status/403",2026-07-17T19:19:35.397918
canardenchaine,bd6t564492,,failed,0,0,,http_manifest,known,403,manifest,"Client error '403 ' for url 'https://openapiproext.bnf.fr/iiif/presentation/v3/ark:/12148/bd6t564492/manifest.json'
For more information check: https://developer.mozilla.org/en-US/docs/Web/HTTP/Status/403",2026-07-17T19:19:36.603520
canardenchaine,bd6t56450j,,failed,0,0,,http_manifest,known,403,manifest,"Client error '403 ' for url 'https://openapiproext.bnf.fr/iiif/presentation/v3/ark:/12148/bd6t56450j/manifest.json'
For more information check: https://developer.mozilla.org/en-US/docs/Web/HTTP/Status/403",2026-07-17T19:19:37.804861
canardenchaine,bd6t56451v,,failed,0,0,,http_manifest,known,403,manifest,"Client error '403 ' for url 'https://openapiproext.bnf.fr/iiif/presentation/v3/ark:/12148/bd6t56451v/manifest.json'
For more information check: https://developer.mozilla.org/en-US/docs/Web/HTTP/Status/403",2026-07-17T19:19:39.007249
canardenchaine,bd6t564525,,failed,0,0,,http_manifest,known,403,manifest,"Client error '403 ' for url 'https://openapiproext.bnf.fr/iiif/presentation/v3/ark:/12148/bd6t564525/manifest.json'
For more information check: https://developer.mozilla.org/en-US/docs/Web/HTTP/Status/403",2026-07-17T19:19:40.207931
canardenchaine,bd6t56453g,,failed,0,0,,http_manifest,known,403,manifest,"Client error '403 ' for url 'https://openapiproext.bnf.fr/iiif/presentation/v3/ark:/12148/bd6t56453g/manifest.json'
For more information check: https://developer.mozilla.org/en-US/docs/Web/HTTP/Status/403",2026-07-17T19:19:41.430937
canardenchaine,bd6t56454s,,failed,0,0,,http_manifest,known,403,manifest,"Client error '403 ' for url 'https://openapiproext.bnf.fr/iiif/presentation/v3/ark:/12148/bd6t56454s/manifest.json'
For more information check: https://developer.mozilla.org/en-US/docs/Web/HTTP/Status/403",2026-07-17T19:19:42.646859
canardenchaine,bd6t564553,,failed,0,0,,http_manifest,known,403,manifest,"Client error '403 ' for url 'https://openapiproext.bnf.fr/iiif/presentation/v3/ark:/12148/bd6t564553/manifest.json'
For more information check: https://developer.mozilla.org/en-US/docs/Web/HTTP/Status/403",2026-07-17T19:19:43.822745
canardenchaine,bd6t56456d,,failed,0,0,,http_manifest,known,403,manifest,"Client error '403 ' for url 'https://openapiproext.bnf.fr/iiif/presentation/v3/ark:/12148/bd6t56456d/manifest.json'
For more information check: https://developer.mozilla.org/en-US/docs/Web/HTTP/Status/403",2026-07-17T19:19:45.011845
canardenchaine,bd6t56457q,,failed,0,0,,http_manifest,known,403,manifest,"Client error '403 ' for url 'https://openapiproext.bnf.fr/iiif/presentation/v3/ark:/12148/bd6t56457q/manifest.json'
For more information check: https://developer.mozilla.org/en-US/docs/Web/HTTP/Status/403",2026-07-17T19:19:46.215010
canardenchaine,bd6t564581,,failed,0,0,,http_manifest,known,403,manifest,"Client error '403 ' for url 'https://openapiproext.bnf.fr/iiif/presentation/v3/ark:/12148/bd6t564581/manifest.json'
For more information check: https://developer.mozilla.org/en-US/docs/Web/HTTP/Status/403",2026-07-17T19:19:47.454587
canardenchaine,bd6t56459b,,failed,0,0,,http_manifest,known,403,manifest,"Client error '403 ' for url 'https://openapiproext.bnf.fr/iiif/presentation/v3/ark:/12148/bd6t56459b/manifest.json'
For more information check: https://developer.mozilla.org/en-US/docs/Web/HTTP/Status/403",2026-07-17T19:19:48.620966
canardenchaine,bd6t56460t,,failed,0,0,,http_manifest,known,403,manifest,"Client error '403 ' for url 'https://openapiproext.bnf.fr/iiif/presentation/v3/ark:/12148/bd6t56460t/manifest.json'
For more information check: https://developer.mozilla.org/en-US/docs/Web/HTTP/Status/403",2026-07-17T19:19:49.819295
canardenchaine,bd6t564614,,failed,0,0,,http_manifest,known,403,manifest,"Client error '403 ' for url 'https://openapiproext.bnf.fr/iiif/presentation/v3/ark:/12148/bd6t564614/manifest.json'
For more information check: https://developer.mozilla.org/en-US/docs/Web/HTTP/Status/403",2026-07-17T19:19:51.020477
canardenchaine,bd6t56462f,,failed,0,0,,http_manifest,known,403,manifest,"Client error '403 ' for url 'https://openapiproext.bnf.fr/iiif/presentation/v3/ark:/12148/bd6t56462f/manifest.json'
For more information check: https://developer.mozilla.org/en-US/docs/Web/HTTP/Status/403",2026-07-17T19:19:52.226232
canardenchaine,bd6t56463r,,failed,0,0,,http_manifest,known,403,manifest,"Client error '403 ' for url 'https://openapiproext.bnf.fr/iiif/presentation/v3/ark:/12148/bd6t56463r/manifest.json'
For more information check: https://developer.mozilla.org/en-US/docs/Web/HTTP/Status/403",2026-07-17T19:19:53.426725
canardenchaine,bd6t564642,,failed,0,0,,http_manifest,known,403,manifest,"Client error '403 ' for url 'https://openapiproext.bnf.fr/iiif/presentation/v3/ark:/12148/bd6t564642/manifest.json'
For more information check: https://developer.mozilla.org/en-US/docs/Web/HTTP/Status/403",2026-07-17T19:19:54.626147
canardenchaine,bd6t56465c,,failed,0,0,,http_manifest,known,403,manifest,"Client error '403 ' for url 'https://openapiproext.bnf.fr/iiif/presentation/v3/ark:/12148/bd6t56465c/manifest.json'
For more information check: https://developer.mozilla.org/en-US/docs/Web/HTTP/Status/403",2026-07-17T19:19:55.835610
canardenchaine,bd6t56466p,,failed,0,0,,http_manifest,known,403,manifest,"Client error '403 ' for url 'https://openapiproext.bnf.fr/iiif/presentation/v3/ark:/12148/bd6t56466p/manifest.json'
For more information check: https://developer.mozilla.org/en-US/docs/Web/HTTP/Status/403",2026-07-17T19:19:57.033168
canardenchaine,bd6t564670,,failed,0,0,,http_manifest,known,403,manifest,"Client error '403 ' for url 'https://openapiproext.bnf.fr/iiif/presentation/v3/ark:/12148/bd6t564670/manifest.json'
For more information check: https://developer.mozilla.org/en-US/docs/Web/HTTP/Status/403",2026-07-17T19:19:58.651311
canardenchaine,bd6t564689,,failed,0,0,,http_manifest,known,403,manifest,"Client error '403 ' for url 'https://openapiproext.bnf.fr/iiif/presentation/v3/ark:/12148/bd6t564689/manifest.json'
For more information check: https://developer.mozilla.org/en-US/docs/Web/HTTP/Status/403",2026-07-17T19:19:59.439062
canardenchaine,bd6t56469m,,failed,0,0,,http_manifest,known,403,manifest,"Client error '403 ' for url 'https://openapiproext.bnf.fr/iiif/presentation/v3/ark:/12148/bd6t56469m/manifest.json'
For more information check: https://developer.mozilla.org/en-US/docs/Web/HTTP/Status/403",2026-07-17T19:20:00.642603
canardenchaine,bd6t564703,,failed,0,0,,http_manifest,known,403,manifest,"Client error '403 ' for url 'https://openapiproext.bnf.fr/iiif/presentation/v3/ark:/12148/bd6t564703/manifest.json'
For more information check: https://developer.mozilla.org/en-US/docs/Web/HTTP/Status/403",2026-07-17T19:20:01.955439
canardenchaine,bd6t56471d,,failed,0,0,,http_manifest,known,403,manifest,"Client error '403 ' for url 'https://openapiproext.bnf.fr/iiif/presentation/v3/ark:/12148/bd6t56471d/manifest.json'
For more information check: https://developer.mozilla.org/en-US/docs/Web/HTTP/Status/403",2026-07-17T19:20:03.036188
canardenchaine,bd6t56472q,,failed,0,0,,http_manifest,known,403,manifest,"Client error '403 ' for url 'https://openapiproext.bnf.fr/iiif/presentation/v3/ark:/12148/bd6t56472q/manifest.json'
For more information check: https://developer.mozilla.org/en-US/docs/Web/HTTP/Status/403",2026-07-17T19:20:04.339392
canardenchaine,bd6t564731,,failed,0,0,,http_manifest,known,403,manifest,"Client error '403 ' for url 'https://openapiproext.bnf.fr/iiif/presentation/v3/ark:/12148/bd6t564731/manifest.json'
For more information check: https://developer.mozilla.org/en-US/docs/Web/HTTP/Status/403",2026-07-17T19:20:05.447532
canardenchaine,bd6t56474b,,failed,0,0,,http_manifest,known,403,manifest,"Client error '403 ' for url 'https://openapiproext.bnf.fr/iiif/presentation/v3/ark:/12148/bd6t56474b/manifest.json'
For more information check: https://developer.mozilla.org/en-US/docs/Web/HTTP/Status/403",2026-07-17T19:20:06.783534
canardenchaine,bd6t56475n,,failed,0,0,,http_manifest,known,403,manifest,"Client error '403 ' for url 'https://openapiproext.bnf.fr/iiif/presentation/v3/ark:/12148/bd6t56475n/manifest.json'
For more information check: https://developer.mozilla.org/en-US/docs/Web/HTTP/Status/403",2026-07-17T19:20:07.849463
canardenchaine,bd6t56476z,,failed,0,0,,http_manifest,known,403,manifest,"Client error '403 ' for url 'https://openapiproext.bnf.fr/iiif/presentation/v3/ark:/12148/bd6t56476z/manifest.json'
For more information check: https://developer.mozilla.org/en-US/docs/Web/HTTP/Status/403",2026-07-17T19:20:09.047827
canardenchaine,bd6t564778,,failed,0,0,,http_manifest,known,403,manifest,"Client error '403 ' for url 'https://openapiproext.bnf.fr/iiif/presentation/v3/ark:/12148/bd6t564778/manifest.json'
For more information check: https://developer.mozilla.org/en-US/docs/Web/HTTP/Status/403",2026-07-17T19:20:10.288005
canardenchaine,bd6t56478k,,failed,0,0,,http_manifest,known,403,manifest,"Client error '403 ' for url 'https://openapiproext.bnf.fr/iiif/presentation/v3/ark:/12148/bd6t56478k/manifest.json'
For more information check: https://developer.mozilla.org/en-US/docs/Web/HTTP/Status/403",2026-07-17T19:20:11.450591
canardenchaine,bd6t56479w,,failed,0,0,,http_manifest,known,403,manifest,"Client error '403 ' for url 'https://openapiproext.bnf.fr/iiif/presentation/v3/ark:/12148/bd6t56479w/manifest.json'
For more information check: https://developer.mozilla.org/en-US/docs/Web/HTTP/Status/403",2026-07-17T19:20:12.663119
canardenchaine,bd6t56480c,,failed,0,0,,http_manifest,known,403,manifest,"Client error '403 ' for url 'https://openapiproext.bnf.fr/iiif/presentation/v3/ark:/12148/bd6t56480c/manifest.json'
For more information check: https://developer.mozilla.org/en-US/docs/Web/HTTP/Status/403",2026-07-17T19:20:13.950136
canardenchaine,bd6t56481p,,failed,0,0,,http_manifest,known,403,manifest,"Client error '403 ' for url 'https://openapiproext.bnf.fr/iiif/presentation/v3/ark:/12148/bd6t56481p/manifest.json'
For more information check: https://developer.mozilla.org/en-US/docs/Web/HTTP/Status/403",2026-07-17T19:20:15.056124
canardenchaine,bd6t564820,,failed,0,0,,http_manifest,known,403,manifest,"Client error '403 ' for url 'https://openapiproext.bnf.fr/iiif/presentation/v3/ark:/12148/bd6t564820/manifest.json'
For more information check: https://developer.mozilla.org/en-US/docs/Web/HTTP/Status/403",2026-07-17T19:20:16.345172
canardenchaine,bd6t564839,,failed,0,0,,http_manifest,known,403,manifest,"Client error '403 ' for url 'https://openapiproext.bnf.fr/iiif/presentation/v3/ark:/12148/bd6t564839/manifest.json'
For more information check: https://developer.mozilla.org/en-US/docs/Web/HTTP/Status/403",2026-07-17T19:20:17.495895
canardenchaine,bd6t56484m,,failed,0,0,,http_manifest,known,403,manifest,"Client error '403 ' for url 'https://openapiproext.bnf.fr/iiif/presentation/v3/ark:/12148/bd6t56484m/manifest.json'
For more information check: https://developer.mozilla.org/en-US/docs/Web/HTTP/Status/403",2026-07-17T19:20:18.781882
canardenchaine,bd6t56485x,,failed,0,0,,http_manifest,known,403,manifest,"Client error '403 ' for url 'https://openapiproext.bnf.fr/iiif/presentation/v3/ark:/12148/bd6t56485x/manifest.json'
For more information check: https://developer.mozilla.org/en-US/docs/Web/HTTP/Status/403",2026-07-17T19:20:19.858532
canardenchaine,bd6t564867,,failed,0,0,,http_manifest,known,403,manifest,"Client error '403 ' for url 'https://openapiproext.bnf.fr/iiif/presentation/v3/ark:/12148/bd6t564867/manifest.json'
For more information check: https://developer.mozilla.org/en-US/docs/Web/HTTP/Status/403",2026-07-17T19:20:21.062000
canardenchaine,bd6t56487j,,failed,0,0,,http_manifest,known,403,manifest,"Client error '403 ' for url 'https://openapiproext.bnf.fr/iiif/presentation/v3/ark:/12148/bd6t56487j/manifest.json'
For more information check: https://developer.mozilla.org/en-US/docs/Web/HTTP/Status/403",2026-07-17T19:20:22.263090
canardenchaine,bd6t56488v,,failed,0,0,,http_manifest,known,403,manifest,"Client error '403 ' for url 'https://openapiproext.bnf.fr/iiif/presentation/v3/ark:/12148/bd6t56488v/manifest.json'
For more information check: https://developer.mozilla.org/en-US/docs/Web/HTTP/Status/403",2026-07-17T19:20:23.465812
canardenchaine,bd6t564895,,failed,0,0,,http_manifest,known,403,manifest,"Client error '403 ' for url 'https://openapiproext.bnf.fr/iiif/presentation/v3/ark:/12148/bd6t564895/manifest.json'
For more information check: https://developer.mozilla.org/en-US/docs/Web/HTTP/Status/403",2026-07-17T19:20:24.672550
canardenchaine,bd6t56490n,,failed,0,0,,http_manifest,known,403,manifest,"Client error '403 ' for url 'https://openapiproext.bnf.fr/iiif/presentation/v3/ark:/12148/bd6t56490n/manifest.json'
For more information check: https://developer.mozilla.org/en-US/docs/Web/HTTP/Status/403",2026-07-17T19:20:25.871845
canardenchaine,bd6t56491z,,failed,0,0,,http_manifest,known,403,manifest,"Client error '403 ' for url 'https://openapiproext.bnf.fr/iiif/presentation/v3/ark:/12148/bd6t56491z/manifest.json'
For more information check: https://developer.mozilla.org/en-US/docs/Web/HTTP/Status/403",2026-07-17T19:20:27.097422
canardenchaine,bd6t564928,,failed,0,0,,http_manifest,known,403,manifest,"Client error '403 ' for url 'https://openapiproext.bnf.fr/iiif/presentation/v3/ark:/12148/bd6t564928/manifest.json'
For more information check: https://developer.mozilla.org/en-US/docs/Web/HTTP/Status/403",2026-07-17T19:20:28.270594
canardenchaine,bd6t56493k,,failed,0,0,,http_manifest,known,403,manifest,"Client error '403 ' for url 'https://openapiproext.bnf.fr/iiif/presentation/v3/ark:/12148/bd6t56493k/manifest.json'
For more information check: https://developer.mozilla.org/en-US/docs/Web/HTTP/Status/403",2026-07-17T19:20:29.473565
canardenchaine,bd6t56494w,,failed,0,0,,http_manifest,known,403,manifest,"Client error '403 ' for url 'https://openapiproext.bnf.fr/iiif/presentation/v3/ark:/12148/bd6t56494w/manifest.json'
For more information check: https://developer.mozilla.org/en-US/docs/Web/HTTP/Status/403",2026-07-17T19:20:30.676940
canardenchaine,bd6t564956,,failed,0,0,,http_manifest,known,403,manifest,"Client error '403 ' for url 'https://openapiproext.bnf.fr/iiif/presentation/v3/ark:/12148/bd6t564956/manifest.json'
For more information check: https://developer.mozilla.org/en-US/docs/Web/HTTP/Status/403",2026-07-17T19:20:31.878637
canardenchaine,bd6t56538q,,failed,0,0,,http_manifest,known,403,manifest,"Client error '403 ' for url 'https://openapiproext.bnf.fr/iiif/presentation/v3/ark:/12148/bd6t56538q/manifest.json'
For more information check: https://developer.mozilla.org/en-US/docs/Web/HTTP/Status/403",2026-07-17T19:20:33.085058
canardenchaine,bd6t565391,,failed,0,0,,http_manifest,known,403,manifest,"Client error '403 ' for url 'https://openapiproext.bnf.fr/iiif/presentation/v3/ark:/12148/bd6t565391/manifest.json'
For more information check: https://developer.mozilla.org/en-US/docs/Web/HTTP/Status/403",2026-07-17T19:20:34.280283
canardenchaine,bd6t56540h,,failed,0,0,,http_manifest,known,403,manifest,"Client error '403 ' for url 'https://openapiproext.bnf.fr/iiif/presentation/v3/ark:/12148/bd6t56540h/manifest.json'
For more information check: https://developer.mozilla.org/en-US/docs/Web/HTTP/Status/403",2026-07-17T19:20:35.483048
canardenchaine,bd6t56541t,,failed,0,0,,http_manifest,known,403,manifest,"Client error '403 ' for url 'https://openapiproext.bnf.fr/iiif/presentation/v3/ark:/12148/bd6t56541t/manifest.json'
For more information check: https://developer.mozilla.org/en-US/docs/Web/HTTP/Status/403",2026-07-17T19:20:36.681425
canardenchaine,bd6t565424,,failed,0,0,,http_manifest,known,403,manifest,"Client error '403 ' for url 'https://openapiproext.bnf.fr/iiif/presentation/v3/ark:/12148/bd6t565424/manifest.json'
For more information check: https://developer.mozilla.org/en-US/docs/Web/HTTP/Status/403",2026-07-17T19:20:37.886775
canardenchaine,bd6t56543f,,failed,0,0,,http_manifest,known,403,manifest,"Client error '403 ' for url 'https://openapiproext.bnf.fr/iiif/presentation/v3/ark:/12148/bd6t56543f/manifest.json'
For more information check: https://developer.mozilla.org/en-US/docs/Web/HTTP/Status/403",2026-07-17T19:20:39.113164
canardenchaine,bd6t56544r,,failed,0,0,,http_manifest,known,403,manifest,"Client error '403 ' for url 'https://openapiproext.bnf.fr/iiif/presentation/v3/ark:/12148/bd6t56544r/manifest.json'
For more information check: https://developer.mozilla.org/en-US/docs/Web/HTTP/Status/403",2026-07-17T19:20:40.285711
canardenchaine,bd6t565452,,failed,0,0,,http_manifest,known,403,manifest,"Client error '403 ' for url 'https://openapiproext.bnf.fr/iiif/presentation/v3/ark:/12148/bd6t565452/manifest.json'
For more information check: https://developer.mozilla.org/en-US/docs/Web/HTTP/Status/403",2026-07-17T19:20:41.489174
canardenchaine,bd6t56546c,,failed,0,0,,http_manifest,known,403,manifest,"Client error '403 ' for url 'https://openapiproext.bnf.fr/iiif/presentation/v3/ark:/12148/bd6t56546c/manifest.json'
For more information check: https://developer.mozilla.org/en-US/docs/Web/HTTP/Status/403",2026-07-17T19:20:42.690256
canardenchaine,bd6t56547p,,failed,0,0,,http_manifest,known,403,manifest,"Client error '403 ' for url 'https://openapiproext.bnf.fr/iiif/presentation/v3/ark:/12148/bd6t56547p/manifest.json'
For more information check: https://developer.mozilla.org/en-US/docs/Web/HTTP/Status/403",2026-07-17T19:20:43.890100
canardenchaine,bd6t565480,,failed,0,0,,http_manifest,known,403,manifest,"Client error '403 ' for url 'https://openapiproext.bnf.fr/iiif/presentation/v3/ark:/12148/bd6t565480/manifest.json'
For more information check: https://developer.mozilla.org/en-US/docs/Web/HTTP/Status/403",2026-07-17T19:20:45.101445
canardenchaine,bd6t565499,,failed,0,0,,http_manifest,known,403,manifest,"Client error '403 ' for url 'https://openapiproext.bnf.fr/iiif/presentation/v3/ark:/12148/bd6t565499/manifest.json'
For more information check: https://developer.mozilla.org/en-US/docs/Web/HTTP/Status/403",2026-07-17T19:20:46.293983
canardenchaine,bd6t56550s,,failed,0,0,,http_manifest,known,403,manifest,"Client error '403 ' for url 'https://openapiproext.bnf.fr/iiif/presentation/v3/ark:/12148/bd6t56550s/manifest.json'
For more information check: https://developer.mozilla.org/en-US/docs/Web/HTTP/Status/403",2026-07-17T19:20:47.497450
canardenchaine,bd6t565513,,failed,0,0,,http_manifest,known,403,manifest,"Client error '403 ' for url 'https://openapiproext.bnf.fr/iiif/presentation/v3/ark:/12148/bd6t565513/manifest.json'
For more information check: https://developer.mozilla.org/en-US/docs/Web/HTTP/Status/403",2026-07-17T19:20:48.697275
canardenchaine,bd6t56552d,,failed,0,0,,http_manifest,known,403,manifest,"Client error '403 ' for url 'https://openapiproext.bnf.fr/iiif/presentation/v3/ark:/12148/bd6t56552d/manifest.json'
For more information check: https://developer.mozilla.org/en-US/docs/Web/HTTP/Status/403",2026-07-17T19:20:49.907151
canardenchaine,bd6t56553q,,failed,0,0,,http_manifest,known,403,manifest,"Client error '403 ' for url 'https://openapiproext.bnf.fr/iiif/presentation/v3/ark:/12148/bd6t56553q/manifest.json'
For more information check: https://developer.mozilla.org/en-US/docs/Web/HTTP/Status/403",2026-07-17T19:20:51.101731
canardenchaine,bd6t565541,,failed,0,0,,http_manifest,known,403,manifest,"Client error '403 ' for url 'https://openapiproext.bnf.fr/iiif/presentation/v3/ark:/12148/bd6t565541/manifest.json'
For more information check: https://developer.mozilla.org/en-US/docs/Web/HTTP/Status/403",2026-07-17T19:20:52.306155
canardenchaine,bd6t56555b,,failed,0,0,,http_manifest,known,403,manifest,"Client error '403 ' for url 'https://openapiproext.bnf.fr/iiif/presentation/v3/ark:/12148/bd6t56555b/manifest.json'
For more information check: https://developer.mozilla.org/en-US/docs/Web/HTTP/Status/403",2026-07-17T19:20:53.506393
canardenchaine,bd6t56556n,,failed,0,0,,http_manifest,known,403,manifest,"Client error '403 ' for url 'https://openapiproext.bnf.fr/iiif/presentation/v3/ark:/12148/bd6t56556n/manifest.json'
For more information check: https://developer.mozilla.org/en-US/docs/Web/HTTP/Status/403",2026-07-17T19:20:54.707865
canardenchaine,bd6t56557z,,failed,0,0,,http_manifest,known,403,manifest,"Client error '403 ' for url 'https://openapiproext.bnf.fr/iiif/presentation/v3/ark:/12148/bd6t56557z/manifest.json'
For more information check: https://developer.mozilla.org/en-US/docs/Web/HTTP/Status/403",2026-07-17T19:20:55.908770
canardenchaine,bd6t565588,,failed,0,0,,http_manifest,known,403,manifest,"Client error '403 ' for url 'https://openapiproext.bnf.fr/iiif/presentation/v3/ark:/12148/bd6t565588/manifest.json'
For more information check: https://developer.mozilla.org/en-US/docs/Web/HTTP/Status/403",2026-07-17T19:20:57.108932
canardenchaine,bd6t56559k,,failed,0,0,,http_manifest,known,403,manifest,"Client error '403 ' for url 'https://openapiproext.bnf.fr/iiif/presentation/v3/ark:/12148/bd6t56559k/manifest.json'
For more information check: https://developer.mozilla.org/en-US/docs/Web/HTTP/Status/403",2026-07-17T19:20:58.360046
canardenchaine,bd6t565602,,failed,0,0,,http_manifest,known,403,manifest,"Client error '403 ' for url 'https://openapiproext.bnf.fr/iiif/presentation/v3/ark:/12148/bd6t565602/manifest.json'
For more information check: https://developer.mozilla.org/en-US/docs/Web/HTTP/Status/403",2026-07-17T19:20:59.593135
canardenchaine,bd6t56561c,,failed,0,0,,http_manifest,known,403,manifest,"Client error '403 ' for url 'https://openapiproext.bnf.fr/iiif/presentation/v3/ark:/12148/bd6t56561c/manifest.json'
For more information check: https://developer.mozilla.org/en-US/docs/Web/HTTP/Status/403",2026-07-17T19:21:00.971058
canardenchaine,bd6t56562p,,failed,0,0,,http_manifest,known,403,manifest,"Client error '403 ' for url 'https://openapiproext.bnf.fr/iiif/presentation/v3/ark:/12148/bd6t56562p/manifest.json'
For more information check: https://developer.mozilla.org/en-US/docs/Web/HTTP/Status/403",2026-07-17T19:21:01.921966
canardenchaine,bd6t565630,,failed,0,0,,http_manifest,known,403,manifest,"Client error '403 ' for url 'https://openapiproext.bnf.fr/iiif/presentation/v3/ark:/12148/bd6t565630/manifest.json'
For more information check: https://developer.mozilla.org/en-US/docs/Web/HTTP/Status/403",2026-07-17T19:21:03.125195
canardenchaine,bd6t565649,,failed,0,0,,http_manifest,known,403,manifest,"Client error '403 ' for url 'https://openapiproext.bnf.fr/iiif/presentation/v3/ark:/12148/bd6t565649/manifest.json'
For more information check: https://developer.mozilla.org/en-US/docs/Web/HTTP/Status/403",2026-07-17T19:21:04.508212
canardenchaine,bd6t56565m,,failed,0,0,,http_manifest,known,403,manifest,"Client error '403 ' for url 'https://openapiproext.bnf.fr/iiif/presentation/v3/ark:/12148/bd6t56565m/manifest.json'
For more information check: https://developer.mozilla.org/en-US/docs/Web/HTTP/Status/403",2026-07-17T19:21:05.721954
canardenchaine,bd6t56566x,,failed,0,0,,http_manifest,known,403,manifest,"Client error '403 ' for url 'https://openapiproext.bnf.fr/iiif/presentation/v3/ark:/12148/bd6t56566x/manifest.json'
For more information check: https://developer.mozilla.org/en-US/docs/Web/HTTP/Status/403",2026-07-17T19:21:06.877025
canardenchaine,bd6t565677,,failed,0,0,,http_manifest,known,403,manifest,"Client error '403 ' for url 'https://openapiproext.bnf.fr/iiif/presentation/v3/ark:/12148/bd6t565677/manifest.json'
For more information check: https://developer.mozilla.org/en-US/docs/Web/HTTP/Status/403",2026-07-17T19:21:07.926168
canardenchaine,bd6t56568j,,failed,0,0,,http_manifest,known,403,manifest,"Client error '403 ' for url 'https://openapiproext.bnf.fr/iiif/presentation/v3/ark:/12148/bd6t56568j/manifest.json'
For more information check: https://developer.mozilla.org/en-US/docs/Web/HTTP/Status/403",2026-07-17T19:21:09.415829
canardenchaine,bd6t56569v,,failed,0,0,,http_manifest,known,403,manifest,"Client error '403 ' for url 'https://openapiproext.bnf.fr/iiif/presentation/v3/ark:/12148/bd6t56569v/manifest.json'
For more information check: https://developer.mozilla.org/en-US/docs/Web/HTTP/Status/403",2026-07-17T19:21:10.361350
canardenchaine,bd6t56570b,,failed,0,0,,http_manifest,known,403,manifest,"Client error '403 ' for url 'https://openapiproext.bnf.fr/iiif/presentation/v3/ark:/12148/bd6t56570b/manifest.json'
For more information check: https://developer.mozilla.org/en-US/docs/Web/HTTP/Status/403",2026-07-17T19:21:11.525810
canardenchaine,bd6t56571n,,failed,0,0,,http_manifest,known,403,manifest,"Client error '403 ' for url 'https://openapiproext.bnf.fr/iiif/presentation/v3/ark:/12148/bd6t56571n/manifest.json'
For more information check: https://developer.mozilla.org/en-US/docs/Web/HTTP/Status/403",2026-07-17T19:21:12.733835
canardenchaine,bd6t56572z,,failed,0,0,,http_manifest,known,403,manifest,"Client error '403 ' for url 'https://openapiproext.bnf.fr/iiif/presentation/v3/ark:/12148/bd6t56572z/manifest.json'
For more information check: https://developer.mozilla.org/en-US/docs/Web/HTTP/Status/403",2026-07-17T19:21:13.930961
canardenchaine,bd6t565738,,failed,0,0,,http_manifest,known,403,manifest,"Client error '403 ' for url 'https://openapiproext.bnf.fr/iiif/presentation/v3/ark:/12148/bd6t565738/manifest.json'
For more information check: https://developer.mozilla.org/en-US/docs/Web/HTTP/Status/403",2026-07-17T19:21:15.264323
canardenchaine,bd6t56574k,,failed,0,0,,http_manifest,known,403,manifest,"Client error '403 ' for url 'https://openapiproext.bnf.fr/iiif/presentation/v3/ark:/12148/bd6t56574k/manifest.json'
For more information check: https://developer.mozilla.org/en-US/docs/Web/HTTP/Status/403",2026-07-17T19:21:16.333490
canardenchaine,bd6t56575w,,failed,0,0,,http_manifest,known,403,manifest,"Client error '403 ' for url 'https://openapiproext.bnf.fr/iiif/presentation/v3/ark:/12148/bd6t56575w/manifest.json'
For more information check: https://developer.mozilla.org/en-US/docs/Web/HTTP/Status/403",2026-07-17T19:21:17.535856
canardenchaine,bd6t565766,,failed,0,0,,http_manifest,known,403,manifest,"Client error '403 ' for url 'https://openapiproext.bnf.fr/iiif/presentation/v3/ark:/12148/bd6t565766/manifest.json'
For more information check: https://developer.mozilla.org/en-US/docs/Web/HTTP/Status/403",2026-07-17T19:21:18.750057
canardenchaine,bd6t56577h,,failed,0,0,,http_manifest,known,403,manifest,"Client error '403 ' for url 'https://openapiproext.bnf.fr/iiif/presentation/v3/ark:/12148/bd6t56577h/manifest.json'
For more information check: https://developer.mozilla.org/en-US/docs/Web/HTTP/Status/403",2026-07-17T19:21:19.937996
canardenchaine,bd6t56578t,,failed,0,0,,http_manifest,known,403,manifest,"Client error '403 ' for url 'https://openapiproext.bnf.fr/iiif/presentation/v3/ark:/12148/bd6t56578t/manifest.json'
For more information check: https://developer.mozilla.org/en-US/docs/Web/HTTP/Status/403",2026-07-17T19:21:21.139134
canardenchaine,bd6t565794,,failed,0,0,,http_manifest,known,403,manifest,"Client error '403 ' for url 'https://openapiproext.bnf.fr/iiif/presentation/v3/ark:/12148/bd6t565794/manifest.json'
For more information check: https://developer.mozilla.org/en-US/docs/Web/HTTP/Status/403",2026-07-17T19:21:22.340069
canardenchaine,bd6t56580m,,failed,0,0,,http_manifest,known,403,manifest,"Client error '403 ' for url 'https://openapiproext.bnf.fr/iiif/presentation/v3/ark:/12148/bd6t56580m/manifest.json'
For more information check: https://developer.mozilla.org/en-US/docs/Web/HTTP/Status/403",2026-07-17T19:21:23.544140
canardenchaine,bd6t56581x,,failed,0,0,,http_manifest,known,403,manifest,"Client error '403 ' for url 'https://openapiproext.bnf.fr/iiif/presentation/v3/ark:/12148/bd6t56581x/manifest.json'
For more information check: https://developer.mozilla.org/en-US/docs/Web/HTTP/Status/403",2026-07-17T19:21:24.744579
canardenchaine,bd6t565827,,failed,0,0,,http_manifest,known,403,manifest,"Client error '403 ' for url 'https://openapiproext.bnf.fr/iiif/presentation/v3/ark:/12148/bd6t565827/manifest.json'
For more information check: https://developer.mozilla.org/en-US/docs/Web/HTTP/Status/403",2026-07-17T19:21:25.943212
canardenchaine,bd6t56583j,,failed,0,0,,http_manifest,known,403,manifest,"Client error '403 ' for url 'https://openapiproext.bnf.fr/iiif/presentation/v3/ark:/12148/bd6t56583j/manifest.json'
For more information check: https://developer.mozilla.org/en-US/docs/Web/HTTP/Status/403",2026-07-17T19:21:27.145393
canardenchaine,bd6t56584v,,failed,0,0,,http_manifest,known,403,manifest,"Client error '403 ' for url 'https://openapiproext.bnf.fr/iiif/presentation/v3/ark:/12148/bd6t56584v/manifest.json'
For more information check: https://developer.mozilla.org/en-US/docs/Web/HTTP/Status/403",2026-07-17T19:21:28.350263
canardenchaine,bd6t565855,,failed,0,0,,http_manifest,known,403,manifest,"Client error '403 ' for url 'https://openapiproext.bnf.fr/iiif/presentation/v3/ark:/12148/bd6t565855/manifest.json'
For more information check: https://developer.mozilla.org/en-US/docs/Web/HTTP/Status/403",2026-07-17T19:21:29.550331
canardenchaine,bd6t56586g,,failed,0,0,,http_manifest,known,403,manifest,"Client error '403 ' for url 'https://openapiproext.bnf.fr/iiif/presentation/v3/ark:/12148/bd6t56586g/manifest.json'
For more information check: https://developer.mozilla.org/en-US/docs/Web/HTTP/Status/403",2026-07-17T19:21:30.779231
canardenchaine,bd6t56587s,,failed,0,0,,http_manifest,known,403,manifest,"Client error '403 ' for url 'https://openapiproext.bnf.fr/iiif/presentation/v3/ark:/12148/bd6t56587s/manifest.json'
For more information check: https://developer.mozilla.org/en-US/docs/Web/HTTP/Status/403",2026-07-17T19:21:31.960840
canardenchaine,bd6t565883,,failed,0,0,,http_manifest,known,403,manifest,"Client error '403 ' for url 'https://openapiproext.bnf.fr/iiif/presentation/v3/ark:/12148/bd6t565883/manifest.json'
For more information check: https://developer.mozilla.org/en-US/docs/Web/HTTP/Status/403",2026-07-17T19:21:33.161282
canardenchaine,bd6t56589d,,failed,0,0,,http_manifest,known,403,manifest,"Client error '403 ' for url 'https://openapiproext.bnf.fr/iiif/presentation/v3/ark:/12148/bd6t56589d/manifest.json'
For more information check: https://developer.mozilla.org/en-US/docs/Web/HTTP/Status/403",2026-07-17T19:21:34.363244
canardenchaine,bd6t567508,,failed,0,0,,http_manifest,known,403,manifest,"Client error '403 ' for url 'https://openapiproext.bnf.fr/iiif/presentation/v3/ark:/12148/bd6t567508/manifest.json'
For more information check: https://developer.mozilla.org/en-US/docs/Web/HTTP/Status/403",2026-07-17T19:21:35.558305
canardenchaine,bd6t56751k,,failed,0,0,,http_manifest,known,403,manifest,"Client error '403 ' for url 'https://openapiproext.bnf.fr/iiif/presentation/v3/ark:/12148/bd6t56751k/manifest.json'
For more information check: https://developer.mozilla.org/en-US/docs/Web/HTTP/Status/403",2026-07-17T19:21:36.777981
canardenchaine,bd6t56752w,,failed,0,0,,http_manifest,known,403,manifest,"Client error '403 ' for url 'https://openapiproext.bnf.fr/iiif/presentation/v3/ark:/12148/bd6t56752w/manifest.json'
For more information check: https://developer.mozilla.org/en-US/docs/Web/HTTP/Status/403",2026-07-17T19:21:38.105198
canardenchaine,bd6t567536,,failed,0,0,,http_manifest,known,403,manifest,"Client error '403 ' for url 'https://openapiproext.bnf.fr/iiif/presentation/v3/ark:/12148/bd6t567536/manifest.json'
For more information check: https://developer.mozilla.org/en-US/docs/Web/HTTP/Status/403",2026-07-17T19:21:39.161287
canardenchaine,bd6t56754h,,failed,0,0,,http_manifest,known,403,manifest,"Client error '403 ' for url 'https://openapiproext.bnf.fr/iiif/presentation/v3/ark:/12148/bd6t56754h/manifest.json'
For more information check: https://developer.mozilla.org/en-US/docs/Web/HTTP/Status/403",2026-07-17T19:21:40.373087
canardenchaine,bd6t56755t,,failed,0,0,,http_manifest,known,403,manifest,"Client error '403 ' for url 'https://openapiproext.bnf.fr/iiif/presentation/v3/ark:/12148/bd6t56755t/manifest.json'
For more information check: https://developer.mozilla.org/en-US/docs/Web/HTTP/Status/403",2026-07-17T19:21:41.564234
canardenchaine,bd6t567564,,failed,0,0,,http_manifest,known,403,manifest,"Client error '403 ' for url 'https://openapiproext.bnf.fr/iiif/presentation/v3/ark:/12148/bd6t567564/manifest.json'
For more information check: https://developer.mozilla.org/en-US/docs/Web/HTTP/Status/403",2026-07-17T19:21:42.808030
canardenchaine,bd6t56757f,,failed,0,0,,http_manifest,known,403,manifest,"Client error '403 ' for url 'https://openapiproext.bnf.fr/iiif/presentation/v3/ark:/12148/bd6t56757f/manifest.json'
For more information check: https://developer.mozilla.org/en-US/docs/Web/HTTP/Status/403",2026-07-17T19:21:43.978155
canardenchaine,bd6t56758r,,failed,0,0,,http_manifest,known,403,manifest,"Client error '403 ' for url 'https://openapiproext.bnf.fr/iiif/presentation/v3/ark:/12148/bd6t56758r/manifest.json'
For more information check: https://developer.mozilla.org/en-US/docs/Web/HTTP/Status/403",2026-07-17T19:21:45.170866
canardenchaine,bd6t567592,,failed,0,0,,http_manifest,known,403,manifest,"Client error '403 ' for url 'https://openapiproext.bnf.fr/iiif/presentation/v3/ark:/12148/bd6t567592/manifest.json'
For more information check: https://developer.mozilla.org/en-US/docs/Web/HTTP/Status/403",2026-07-17T19:21:46.370317
canardenchaine,bd6t56760j,,failed,0,0,,http_manifest,known,403,manifest,"Client error '403 ' for url 'https://openapiproext.bnf.fr/iiif/presentation/v3/ark:/12148/bd6t56760j/manifest.json'
For more information check: https://developer.mozilla.org/en-US/docs/Web/HTTP/Status/403",2026-07-17T19:21:47.573917
canardenchaine,bd6t56761v,,failed,0,0,,http_manifest,known,403,manifest,"Client error '403 ' for url 'https://openapiproext.bnf.fr/iiif/presentation/v3/ark:/12148/bd6t56761v/manifest.json'
For more information check: https://developer.mozilla.org/en-US/docs/Web/HTTP/Status/403",2026-07-17T19:21:48.799146
canardenchaine,bd6t567625,,failed,0,0,,http_manifest,known,403,manifest,"Client error '403 ' for url 'https://openapiproext.bnf.fr/iiif/presentation/v3/ark:/12148/bd6t567625/manifest.json'
For more information check: https://developer.mozilla.org/en-US/docs/Web/HTTP/Status/403",2026-07-17T19:21:49.973184
canardenchaine,bd6t56763g,,failed,0,0,,http_manifest,known,403,manifest,"Client error '403 ' for url 'https://openapiproext.bnf.fr/iiif/presentation/v3/ark:/12148/bd6t56763g/manifest.json'
For more information check: https://developer.mozilla.org/en-US/docs/Web/HTTP/Status/403",2026-07-17T19:21:51.174489
canardenchaine,bd6t56764s,,failed,0,0,,http_manifest,known,403,manifest,"Client error '403 ' for url 'https://openapiproext.bnf.fr/iiif/presentation/v3/ark:/12148/bd6t56764s/manifest.json'
For more information check: https://developer.mozilla.org/en-US/docs/Web/HTTP/Status/403",2026-07-17T19:21:52.375722
canardenchaine,bd6t567653,,failed,0,0,,http_manifest,known,403,manifest,"Client error '403 ' for url 'https://openapiproext.bnf.fr/iiif/presentation/v3/ark:/12148/bd6t567653/manifest.json'
For more information check: https://developer.mozilla.org/en-US/docs/Web/HTTP/Status/403",2026-07-17T19:21:53.580211
canardenchaine,bd6t56766d,,failed,0,0,,http_manifest,known,403,manifest,"Client error '403 ' for url 'https://openapiproext.bnf.fr/iiif/presentation/v3/ark:/12148/bd6t56766d/manifest.json'
For more information check: https://developer.mozilla.org/en-US/docs/Web/HTTP/Status/403",2026-07-17T19:21:54.783311
canardenchaine,bd6t56767q,,failed,0,0,,http_manifest,known,403,manifest,"Client error '403 ' for url 'https://openapiproext.bnf.fr/iiif/presentation/v3/ark:/12148/bd6t56767q/manifest.json'
For more information check: https://developer.mozilla.org/en-US/docs/Web/HTTP/Status/403",2026-07-17T19:21:55.981330
canardenchaine,bd6t567681,,failed,0,0,,http_manifest,known,403,manifest,"Client error '403 ' for url 'https://openapiproext.bnf.fr/iiif/presentation/v3/ark:/12148/bd6t567681/manifest.json'
For more information check: https://developer.mozilla.org/en-US/docs/Web/HTTP/Status/403",2026-07-17T19:21:57.182920
canardenchaine,bd6t56769b,,failed,0,0,,http_manifest,known,403,manifest,"Client error '403 ' for url 'https://openapiproext.bnf.fr/iiif/presentation/v3/ark:/12148/bd6t56769b/manifest.json'
For more information check: https://developer.mozilla.org/en-US/docs/Web/HTTP/Status/403",2026-07-17T19:21:58.390637
canardenchaine,bd6t56770t,,failed,0,0,,http_manifest,known,403,manifest,"Client error '403 ' for url 'https://openapiproext.bnf.fr/iiif/presentation/v3/ark:/12148/bd6t56770t/manifest.json'
For more information check: https://developer.mozilla.org/en-US/docs/Web/HTTP/Status/403",2026-07-17T19:21:59.764400
canardenchaine,bd6t567714,,failed,0,0,,http_manifest,known,403,manifest,"Client error '403 ' for url 'https://openapiproext.bnf.fr/iiif/presentation/v3/ark:/12148/bd6t567714/manifest.json'
For more information check: https://developer.mozilla.org/en-US/docs/Web/HTTP/Status/403",2026-07-17T19:22:00.927001
canardenchaine,bd6t56772f,,failed,0,0,,http_manifest,known,403,manifest,"Client error '403 ' for url 'https://openapiproext.bnf.fr/iiif/presentation/v3/ark:/12148/bd6t56772f/manifest.json'
For more information check: https://developer.mozilla.org/en-US/docs/Web/HTTP/Status/403",2026-07-17T19:22:01.992548
canardenchaine,bd6t56773r,,failed,0,0,,http_manifest,known,403,manifest,"Client error '403 ' for url 'https://openapiproext.bnf.fr/iiif/presentation/v3/ark:/12148/bd6t56773r/manifest.json'
For more information check: https://developer.mozilla.org/en-US/docs/Web/HTTP/Status/403",2026-07-17T19:22:03.305643
canardenchaine,bd6t567742,,failed,0,0,,http_manifest,known,403,manifest,"Client error '403 ' for url 'https://openapiproext.bnf.fr/iiif/presentation/v3/ark:/12148/bd6t567742/manifest.json'
For more information check: https://developer.mozilla.org/en-US/docs/Web/HTTP/Status/403",2026-07-17T19:22:04.615600
canardenchaine,bd6t56775c,,failed,0,0,,http_manifest,known,403,manifest,"Client error '403 ' for url 'https://openapiproext.bnf.fr/iiif/presentation/v3/ark:/12148/bd6t56775c/manifest.json'
For more information check: https://developer.mozilla.org/en-US/docs/Web/HTTP/Status/403",2026-07-17T19:22:05.760279
canardenchaine,bd6t56776p,,failed,0,0,,http_manifest,known,403,manifest,"Client error '403 ' for url 'https://openapiproext.bnf.fr/iiif/presentation/v3/ark:/12148/bd6t56776p/manifest.json'
For more information check: https://developer.mozilla.org/en-US/docs/Web/HTTP/Status/403",2026-07-17T19:22:06.800343
canardenchaine,bd6t567770,,failed,0,0,,http_manifest,known,403,manifest,"Client error '403 ' for url 'https://openapiproext.bnf.fr/iiif/presentation/v3/ark:/12148/bd6t567770/manifest.json'
For more information check: https://developer.mozilla.org/en-US/docs/Web/HTTP/Status/403",2026-07-17T19:22:08.007296
canardenchaine,bd6t567789,,failed,0,0,,http_manifest,known,403,manifest,"Client error '403 ' for url 'https://openapiproext.bnf.fr/iiif/presentation/v3/ark:/12148/bd6t567789/manifest.json'
For more information check: https://developer.mozilla.org/en-US/docs/Web/HTTP/Status/403",2026-07-17T19:22:09.201238
canardenchaine,bd6t56779m,,failed,0,0,,http_manifest,known,403,manifest,"Client error '403 ' for url 'https://openapiproext.bnf.fr/iiif/presentation/v3/ark:/12148/bd6t56779m/manifest.json'
For more information check: https://developer.mozilla.org/en-US/docs/Web/HTTP/Status/403",2026-07-17T19:22:10.403089
canardenchaine,bd6t567803,,failed,0,0,,http_manifest,known,403,manifest,"Client error '403 ' for url 'https://openapiproext.bnf.fr/iiif/presentation/v3/ark:/12148/bd6t567803/manifest.json'
For more information check: https://developer.mozilla.org/en-US/docs/Web/HTTP/Status/403",2026-07-17T19:22:11.603249
canardenchaine,bd6t56781d,,failed,0,0,,http_manifest,known,403,manifest,"Client error '403 ' for url 'https://openapiproext.bnf.fr/iiif/presentation/v3/ark:/12148/bd6t56781d/manifest.json'
For more information check: https://developer.mozilla.org/en-US/docs/Web/HTTP/Status/403",2026-07-17T19:22:12.807400
canardenchaine,bd6t56782q,,failed,0,0,,http_manifest,known,403,manifest,"Client error '403 ' for url 'https://openapiproext.bnf.fr/iiif/presentation/v3/ark:/12148/bd6t56782q/manifest.json'
For more information check: https://developer.mozilla.org/en-US/docs/Web/HTTP/Status/403",2026-07-17T19:22:14.007625
canardenchaine,bd6t567831,,failed,0,0,,http_manifest,known,403,manifest,"Client error '403 ' for url 'https://openapiproext.bnf.fr/iiif/presentation/v3/ark:/12148/bd6t567831/manifest.json'
For more information check: https://developer.mozilla.org/en-US/docs/Web/HTTP/Status/403",2026-07-17T19:22:15.206216
canardenchaine,bd6t56784b,,failed,0,0,,http_manifest,known,403,manifest,"Client error '403 ' for url 'https://openapiproext.bnf.fr/iiif/presentation/v3/ark:/12148/bd6t56784b/manifest.json'
For more information check: https://developer.mozilla.org/en-US/docs/Web/HTTP/Status/403",2026-07-17T19:22:16.407867
canardenchaine,bd6t56785n,,failed,0,0,,http_manifest,known,403,manifest,"Client error '403 ' for url 'https://openapiproext.bnf.fr/iiif/presentation/v3/ark:/12148/bd6t56785n/manifest.json'
For more information check: https://developer.mozilla.org/en-US/docs/Web/HTTP/Status/403",2026-07-17T19:22:17.635723
canardenchaine,bd6t56786z,,failed,0,0,,http_manifest,known,403,manifest,"Client error '403 ' for url 'https://openapiproext.bnf.fr/iiif/presentation/v3/ark:/12148/bd6t56786z/manifest.json'
For more information check: https://developer.mozilla.org/en-US/docs/Web/HTTP/Status/403",2026-07-17T19:22:18.810957
canardenchaine,bd6t567878,,failed,0,0,,http_manifest,known,403,manifest,"Client error '403 ' for url 'https://openapiproext.bnf.fr/iiif/presentation/v3/ark:/12148/bd6t567878/manifest.json'
For more information check: https://developer.mozilla.org/en-US/docs/Web/HTTP/Status/403",2026-07-17T19:22:20.013812
canardenchaine,bd6t56788k,,failed,0,0,,http_manifest,known,403,manifest,"Client error '403 ' for url 'https://openapiproext.bnf.fr/iiif/presentation/v3/ark:/12148/bd6t56788k/manifest.json'
For more information check: https://developer.mozilla.org/en-US/docs/Web/HTTP/Status/403",2026-07-17T19:22:21.218341
canardenchaine,bd6t56789w,,failed,0,0,,http_manifest,known,403,manifest,"Client error '403 ' for url 'https://openapiproext.bnf.fr/iiif/presentation/v3/ark:/12148/bd6t56789w/manifest.json'
For more information check: https://developer.mozilla.org/en-US/docs/Web/HTTP/Status/403",2026-07-17T19:22:22.414375
canardenchaine,bd6t56790c,,failed,0,0,,http_manifest,known,403,manifest,"Client error '403 ' for url 'https://openapiproext.bnf.fr/iiif/presentation/v3/ark:/12148/bd6t56790c/manifest.json'
For more information check: https://developer.mozilla.org/en-US/docs/Web/HTTP/Status/403",2026-07-17T19:22:23.615953
canardenchaine,bd6t56791p,,failed,0,0,,http_manifest,known,403,manifest,"Client error '403 ' for url 'https://openapiproext.bnf.fr/iiif/presentation/v3/ark:/12148/bd6t56791p/manifest.json'
For more information check: https://developer.mozilla.org/en-US/docs/Web/HTTP/Status/403",2026-07-17T19:22:24.819505
canardenchaine,bd6t567920,,failed,0,0,,http_manifest,known,403,manifest,"Client error '403 ' for url 'https://openapiproext.bnf.fr/iiif/presentation/v3/ark:/12148/bd6t567920/manifest.json'
For more information check: https://developer.mozilla.org/en-US/docs/Web/HTTP/Status/403",2026-07-17T19:22:26.022369
canardenchaine,bd6t567939,,failed,0,0,,http_manifest,known,403,manifest,"Client error '403 ' for url 'https://openapiproext.bnf.fr/iiif/presentation/v3/ark:/12148/bd6t567939/manifest.json'
For more information check: https://developer.mozilla.org/en-US/docs/Web/HTTP/Status/403",2026-07-17T19:22:27.223246
canardenchaine,bd6t56794m,,failed,0,0,,http_manifest,known,403,manifest,"Client error '403 ' for url 'https://openapiproext.bnf.fr/iiif/presentation/v3/ark:/12148/bd6t56794m/manifest.json'
For more information check: https://developer.mozilla.org/en-US/docs/Web/HTTP/Status/403",2026-07-17T19:22:28.431415
canardenchaine,bd6t56795x,,failed,0,0,,http_manifest,known,403,manifest,"Client error '403 ' for url 'https://openapiproext.bnf.fr/iiif/presentation/v3/ark:/12148/bd6t56795x/manifest.json'
For more information check: https://developer.mozilla.org/en-US/docs/Web/HTTP/Status/403",2026-07-17T19:22:29.631881
canardenchaine,bd6t567967,,failed,0,0,,http_manifest,known,403,manifest,"Client error '403 ' for url 'https://openapiproext.bnf.fr/iiif/presentation/v3/ark:/12148/bd6t567967/manifest.json'
For more information check: https://developer.mozilla.org/en-US/docs/Web/HTTP/Status/403",2026-07-17T19:22:30.855985
canardenchaine,bd6t56797j,,failed,0,0,,http_manifest,known,403,manifest,"Client error '403 ' for url 'https://openapiproext.bnf.fr/iiif/presentation/v3/ark:/12148/bd6t56797j/manifest.json'
For more information check: https://developer.mozilla.org/en-US/docs/Web/HTTP/Status/403",2026-07-17T19:22:32.032778
canardenchaine,bd6t56798v,,failed,0,0,,http_manifest,known,403,manifest,"Client error '403 ' for url 'https://openapiproext.bnf.fr/iiif/presentation/v3/ark:/12148/bd6t56798v/manifest.json'
For more information check: https://developer.mozilla.org/en-US/docs/Web/HTTP/Status/403",2026-07-17T19:22:33.235928
canardenchaine,bd6t567995,,failed,0,0,,http_manifest,known,403,manifest,"Client error '403 ' for url 'https://openapiproext.bnf.fr/iiif/presentation/v3/ark:/12148/bd6t567995/manifest.json'
For more information check: https://developer.mozilla.org/en-US/docs/Web/HTTP/Status/403",2026-07-17T19:22:34.432169
canardenchaine,bd6t568004,,failed,0,0,,http_manifest,known,403,manifest,"Client error '403 ' for url 'https://openapiproext.bnf.fr/iiif/presentation/v3/ark:/12148/bd6t568004/manifest.json'
For more information check: https://developer.mozilla.org/en-US/docs/Web/HTTP/Status/403",2026-07-17T19:22:35.634272
canardenchaine,bd6t56801f,,failed,0,0,,http_manifest,known,403,manifest,"Client error '403 ' for url 'https://openapiproext.bnf.fr/iiif/presentation/v3/ark:/12148/bd6t56801f/manifest.json'
For more information check: https://developer.mozilla.org/en-US/docs/Web/HTTP/Status/403",2026-07-17T19:22:36.837673
canardenchaine,bd6t56590w,,failed,0,0,,http_manifest,known,403,manifest,"Client error '403 ' for url 'https://openapiproext.bnf.fr/iiif/presentation/v3/ark:/12148/bd6t56590w/manifest.json'
For more information check: https://developer.mozilla.org/en-US/docs/Web/HTTP/Status/403",2026-07-17T19:22:38.039378
canardenchaine,bd6t565916,,failed,0,0,,http_manifest,known,403,manifest,"Client error '403 ' for url 'https://openapiproext.bnf.fr/iiif/presentation/v3/ark:/12148/bd6t565916/manifest.json'
For more information check: https://developer.mozilla.org/en-US/docs/Web/HTTP/Status/403",2026-07-17T19:22:39.248239
canardenchaine,bd6t56592h,,failed,0,0,,http_manifest,known,403,manifest,"Client error '403 ' for url 'https://openapiproext.bnf.fr/iiif/presentation/v3/ark:/12148/bd6t56592h/manifest.json'
For more information check: https://developer.mozilla.org/en-US/docs/Web/HTTP/Status/403",2026-07-17T19:22:40.441871
canardenchaine,bd6t56593t,,failed,0,0,,http_manifest,known,403,manifest,"Client error '403 ' for url 'https://openapiproext.bnf.fr/iiif/presentation/v3/ark:/12148/bd6t56593t/manifest.json'
For more information check: https://developer.mozilla.org/en-US/docs/Web/HTTP/Status/403",2026-07-17T19:22:41.643546
canardenchaine,bd6t565944,,failed,0,0,,http_manifest,known,403,manifest,"Client error '403 ' for url 'https://openapiproext.bnf.fr/iiif/presentation/v3/ark:/12148/bd6t565944/manifest.json'
For more information check: https://developer.mozilla.org/en-US/docs/Web/HTTP/Status/403",2026-07-17T19:22:42.867159
canardenchaine,bd6t56595f,,failed,0,0,,http_manifest,known,403,manifest,"Client error '403 ' for url 'https://openapiproext.bnf.fr/iiif/presentation/v3/ark:/12148/bd6t56595f/manifest.json'
For more information check: https://developer.mozilla.org/en-US/docs/Web/HTTP/Status/403",2026-07-17T19:22:44.047183
canardenchaine,bd6t56596r,,failed,0,0,,http_manifest,known,403,manifest,"Client error '403 ' for url 'https://openapiproext.bnf.fr/iiif/presentation/v3/ark:/12148/bd6t56596r/manifest.json'
For more information check: https://developer.mozilla.org/en-US/docs/Web/HTTP/Status/403",2026-07-17T19:22:45.248344
canardenchaine,bd6t565972,,failed,0,0,,http_manifest,known,403,manifest,"Client error '403 ' for url 'https://openapiproext.bnf.fr/iiif/presentation/v3/ark:/12148/bd6t565972/manifest.json'
For more information check: https://developer.mozilla.org/en-US/docs/Web/HTTP/Status/403",2026-07-17T19:22:46.451050
canardenchaine,bd6t56598c,,failed,0,0,,http_manifest,known,403,manifest,"Client error '403 ' for url 'https://openapiproext.bnf.fr/iiif/presentation/v3/ark:/12148/bd6t56598c/manifest.json'
For more information check: https://developer.mozilla.org/en-US/docs/Web/HTTP/Status/403",2026-07-17T19:22:47.650812
canardenchaine,bd6t56599p,,failed,0,0,,http_manifest,known,403,manifest,"Client error '403 ' for url 'https://openapiproext.bnf.fr/iiif/presentation/v3/ark:/12148/bd6t56599p/manifest.json'
For more information check: https://developer.mozilla.org/en-US/docs/Web/HTTP/Status/403",2026-07-17T19:22:48.874997
canardenchaine,bd6t56600n,,failed,0,0,,http_manifest,known,403,manifest,"Client error '403 ' for url 'https://openapiproext.bnf.fr/iiif/presentation/v3/ark:/12148/bd6t56600n/manifest.json'
For more information check: https://developer.mozilla.org/en-US/docs/Web/HTTP/Status/403",2026-07-17T19:22:50.052735
canardenchaine,bd6t56601z,,failed,0,0,,http_manifest,known,403,manifest,"Client error '403 ' for url 'https://openapiproext.bnf.fr/iiif/presentation/v3/ark:/12148/bd6t56601z/manifest.json'
For more information check: https://developer.mozilla.org/en-US/docs/Web/HTTP/Status/403",2026-07-17T19:22:51.252848
canardenchaine,bd6t566028,,failed,0,0,,http_manifest,known,403,manifest,"Client error '403 ' for url 'https://openapiproext.bnf.fr/iiif/presentation/v3/ark:/12148/bd6t566028/manifest.json'
For more information check: https://developer.mozilla.org/en-US/docs/Web/HTTP/Status/403",2026-07-17T19:22:52.455873
canardenchaine,bd6t56603k,,failed,0,0,,http_manifest,known,403,manifest,"Client error '403 ' for url 'https://openapiproext.bnf.fr/iiif/presentation/v3/ark:/12148/bd6t56603k/manifest.json'
For more information check: https://developer.mozilla.org/en-US/docs/Web/HTTP/Status/403",2026-07-17T19:22:53.656095
canardenchaine,bd6t56604w,,failed,0,0,,http_manifest,known,403,manifest,"Client error '403 ' for url 'https://openapiproext.bnf.fr/iiif/presentation/v3/ark:/12148/bd6t56604w/manifest.json'
For more information check: https://developer.mozilla.org/en-US/docs/Web/HTTP/Status/403",2026-07-17T19:22:54.861273
canardenchaine,bd6t566056,,failed,0,0,,http_manifest,known,403,manifest,"Client error '403 ' for url 'https://openapiproext.bnf.fr/iiif/presentation/v3/ark:/12148/bd6t566056/manifest.json'
For more information check: https://developer.mozilla.org/en-US/docs/Web/HTTP/Status/403",2026-07-17T19:22:56.060855
canardenchaine,bd6t56606h,,failed,0,0,,http_manifest,known,403,manifest,"Client error '403 ' for url 'https://openapiproext.bnf.fr/iiif/presentation/v3/ark:/12148/bd6t56606h/manifest.json'
For more information check: https://developer.mozilla.org/en-US/docs/Web/HTTP/Status/403",2026-07-17T19:22:57.262678
canardenchaine,bd6t56607t,,failed,0,0,,http_manifest,known,403,manifest,"Client error '403 ' for url 'https://openapiproext.bnf.fr/iiif/presentation/v3/ark:/12148/bd6t56607t/manifest.json'
For more information check: https://developer.mozilla.org/en-US/docs/Web/HTTP/Status/403",2026-07-17T19:22:58.467141
canardenchaine,bd6t566084,,failed,0,0,,http_manifest,known,403,manifest,"Client error '403 ' for url 'https://openapiproext.bnf.fr/iiif/presentation/v3/ark:/12148/bd6t566084/manifest.json'
For more information check: https://developer.mozilla.org/en-US/docs/Web/HTTP/Status/403",2026-07-17T19:22:59.920825
canardenchaine,bd6t56609f,,failed,0,0,,http_manifest,known,403,manifest,"Client error '403 ' for url 'https://openapiproext.bnf.fr/iiif/presentation/v3/ark:/12148/bd6t56609f/manifest.json'
For more information check: https://developer.mozilla.org/en-US/docs/Web/HTTP/Status/403",2026-07-17T19:23:00.865239
canardenchaine,bd6t56610x,,failed,0,0,,http_manifest,known,403,manifest,"Client error '403 ' for url 'https://openapiproext.bnf.fr/iiif/presentation/v3/ark:/12148/bd6t56610x/manifest.json'
For more information check: https://developer.mozilla.org/en-US/docs/Web/HTTP/Status/403",2026-07-17T19:23:02.143397
canardenchaine,bd6t566117,,failed,0,0,,http_manifest,known,403,manifest,"Client error '403 ' for url 'https://openapiproext.bnf.fr/iiif/presentation/v3/ark:/12148/bd6t566117/manifest.json'
For more information check: https://developer.mozilla.org/en-US/docs/Web/HTTP/Status/403",2026-07-17T19:23:03.275373
canardenchaine,bd6t56612j,,failed,0,0,,http_manifest,known,403,manifest,"Client error '403 ' for url 'https://openapiproext.bnf.fr/iiif/presentation/v3/ark:/12148/bd6t56612j/manifest.json'
For more information check: https://developer.mozilla.org/en-US/docs/Web/HTTP/Status/403",2026-07-17T19:23:04.509877
canardenchaine,bd6t56613v,,failed,0,0,,http_manifest,known,403,manifest,"Client error '403 ' for url 'https://openapiproext.bnf.fr/iiif/presentation/v3/ark:/12148/bd6t56613v/manifest.json'
For more information check: https://developer.mozilla.org/en-US/docs/Web/HTTP/Status/403",2026-07-17T19:23:06.058758
canardenchaine,bd6t566145,,failed,0,0,,http_manifest,known,403,manifest,"Client error '403 ' for url 'https://openapiproext.bnf.fr/iiif/presentation/v3/ark:/12148/bd6t566145/manifest.json'
For more information check: https://developer.mozilla.org/en-US/docs/Web/HTTP/Status/403",2026-07-17T19:23:06.954509
canardenchaine,bd6t56615g,,failed,0,0,,http_manifest,known,403,manifest,"Client error '403 ' for url 'https://openapiproext.bnf.fr/iiif/presentation/v3/ark:/12148/bd6t56615g/manifest.json'
For more information check: https://developer.mozilla.org/en-US/docs/Web/HTTP/Status/403",2026-07-17T19:23:08.271684
canardenchaine,bd6t56616s,,failed,0,0,,http_manifest,known,403,manifest,"Client error '403 ' for url 'https://openapiproext.bnf.fr/iiif/presentation/v3/ark:/12148/bd6t56616s/manifest.json'
For more information check: https://developer.mozilla.org/en-US/docs/Web/HTTP/Status/403",2026-07-17T19:23:09.281900
canardenchaine,bd6t566173,,failed,0,0,,http_manifest,known,403,manifest,"Client error '403 ' for url 'https://openapiproext.bnf.fr/iiif/presentation/v3/ark:/12148/bd6t566173/manifest.json'
For more information check: https://developer.mozilla.org/en-US/docs/Web/HTTP/Status/403",2026-07-17T19:23:10.501271
canardenchaine,bd6t56618d,,failed,0,0,,http_manifest,known,403,manifest,"Client error '403 ' for url 'https://openapiproext.bnf.fr/iiif/presentation/v3/ark:/12148/bd6t56618d/manifest.json'
For more information check: https://developer.mozilla.org/en-US/docs/Web/HTTP/Status/403",2026-07-17T19:23:11.982316
canardenchaine,bd6t56619q,,failed,0,0,,http_manifest,known,403,manifest,"Client error '403 ' for url 'https://openapiproext.bnf.fr/iiif/presentation/v3/ark:/12148/bd6t56619q/manifest.json'
For more information check: https://developer.mozilla.org/en-US/docs/Web/HTTP/Status/403",2026-07-17T19:23:12.884900
canardenchaine,bd6t566206,,failed,0,0,,http_manifest,known,403,manifest,"Client error '403 ' for url 'https://openapiproext.bnf.fr/iiif/presentation/v3/ark:/12148/bd6t566206/manifest.json'
For more information check: https://developer.mozilla.org/en-US/docs/Web/HTTP/Status/403",2026-07-17T19:23:14.336331
canardenchaine,bd6t56621h,,failed,0,0,,http_manifest,known,403,manifest,"Client error '403 ' for url 'https://openapiproext.bnf.fr/iiif/presentation/v3/ark:/12148/bd6t56621h/manifest.json'
For more information check: https://developer.mozilla.org/en-US/docs/Web/HTTP/Status/403",2026-07-17T19:23:15.387350
canardenchaine,bd6t56622t,,failed,0,0,,http_manifest,known,403,manifest,"Client error '403 ' for url 'https://openapiproext.bnf.fr/iiif/presentation/v3/ark:/12148/bd6t56622t/manifest.json'
For more information check: https://developer.mozilla.org/en-US/docs/Web/HTTP/Status/403",2026-07-17T19:23:16.486641
canardenchaine,bd6t566234,,failed,0,0,,http_manifest,known,403,manifest,"Client error '403 ' for url 'https://openapiproext.bnf.fr/iiif/presentation/v3/ark:/12148/bd6t566234/manifest.json'
For more information check: https://developer.mozilla.org/en-US/docs/Web/HTTP/Status/403",2026-07-17T19:23:17.686814
canardenchaine,bd6t56624f,,failed,0,0,,http_manifest,known,403,manifest,"Client error '403 ' for url 'https://openapiproext.bnf.fr/iiif/presentation/v3/ark:/12148/bd6t56624f/manifest.json'
For more information check: https://developer.mozilla.org/en-US/docs/Web/HTTP/Status/403",2026-07-17T19:23:18.895892
canardenchaine,bd6t56625r,,failed,0,0,,http_manifest,known,403,manifest,"Client error '403 ' for url 'https://openapiproext.bnf.fr/iiif/presentation/v3/ark:/12148/bd6t56625r/manifest.json'
For more information check: https://developer.mozilla.org/en-US/docs/Web/HTTP/Status/403",2026-07-17T19:23:20.095223
canardenchaine,bd6t566262,,failed,0,0,,http_manifest,known,403,manifest,"Client error '403 ' for url 'https://openapiproext.bnf.fr/iiif/presentation/v3/ark:/12148/bd6t566262/manifest.json'
For more information check: https://developer.mozilla.org/en-US/docs/Web/HTTP/Status/403",2026-07-17T19:23:21.295161
canardenchaine,bd6t56627c,,failed,0,0,,http_manifest,known,403,manifest,"Client error '403 ' for url 'https://openapiproext.bnf.fr/iiif/presentation/v3/ark:/12148/bd6t56627c/manifest.json'
For more information check: https://developer.mozilla.org/en-US/docs/Web/HTTP/Status/403",2026-07-17T19:23:22.495640
canardenchaine,bd6t56628p,,failed,0,0,,http_manifest,known,403,manifest,"Client error '403 ' for url 'https://openapiproext.bnf.fr/iiif/presentation/v3/ark:/12148/bd6t56628p/manifest.json'
For more information check: https://developer.mozilla.org/en-US/docs/Web/HTTP/Status/403",2026-07-17T19:23:23.696931
canardenchaine,bd6t566290,,failed,0,0,,http_manifest,known,403,manifest,"Client error '403 ' for url 'https://openapiproext.bnf.fr/iiif/presentation/v3/ark:/12148/bd6t566290/manifest.json'
For more information check: https://developer.mozilla.org/en-US/docs/Web/HTTP/Status/403",2026-07-17T19:23:24.904256
canardenchaine,bd6t56630g,,failed,0,0,,http_manifest,known,403,manifest,"Client error '403 ' for url 'https://openapiproext.bnf.fr/iiif/presentation/v3/ark:/12148/bd6t56630g/manifest.json'
For more information check: https://developer.mozilla.org/en-US/docs/Web/HTTP/Status/403",2026-07-17T19:23:26.101425
canardenchaine,bd6t56631s,,failed,0,0,,http_manifest,known,403,manifest,"Client error '403 ' for url 'https://openapiproext.bnf.fr/iiif/presentation/v3/ark:/12148/bd6t56631s/manifest.json'
For more information check: https://developer.mozilla.org/en-US/docs/Web/HTTP/Status/403",2026-07-17T19:23:27.301649
canardenchaine,bd6t566323,,failed,0,0,,http_manifest,known,403,manifest,"Client error '403 ' for url 'https://openapiproext.bnf.fr/iiif/presentation/v3/ark:/12148/bd6t566323/manifest.json'
For more information check: https://developer.mozilla.org/en-US/docs/Web/HTTP/Status/403",2026-07-17T19:23:28.504734
canardenchaine,bd6t56633d,,failed,0,0,,http_manifest,known,403,manifest,"Client error '403 ' for url 'https://openapiproext.bnf.fr/iiif/presentation/v3/ark:/12148/bd6t56633d/manifest.json'
For more information check: https://developer.mozilla.org/en-US/docs/Web/HTTP/Status/403",2026-07-17T19:23:29.700844
canardenchaine,bd6t56634q,,failed,0,0,,http_manifest,known,403,manifest,"Client error '403 ' for url 'https://openapiproext.bnf.fr/iiif/presentation/v3/ark:/12148/bd6t56634q/manifest.json'
For more information check: https://developer.mozilla.org/en-US/docs/Web/HTTP/Status/403",2026-07-17T19:23:30.906187
canardenchaine,bd6t566351,,failed,0,0,,http_manifest,known,403,manifest,"Client error '403 ' for url 'https://openapiproext.bnf.fr/iiif/presentation/v3/ark:/12148/bd6t566351/manifest.json'
For more information check: https://developer.mozilla.org/en-US/docs/Web/HTTP/Status/403",2026-07-17T19:23:32.106931
canardenchaine,bd6t56636b,,failed,0,0,,http_manifest,known,403,manifest,"Client error '403 ' for url 'https://openapiproext.bnf.fr/iiif/presentation/v3/ark:/12148/bd6t56636b/manifest.json'
For more information check: https://developer.mozilla.org/en-US/docs/Web/HTTP/Status/403",2026-07-17T19:23:33.318069
canardenchaine,bd6t56637n,,failed,0,0,,http_manifest,known,403,manifest,"Client error '403 ' for url 'https://openapiproext.bnf.fr/iiif/presentation/v3/ark:/12148/bd6t56637n/manifest.json'
For more information check: https://developer.mozilla.org/en-US/docs/Web/HTTP/Status/403",2026-07-17T19:23:34.508466
canardenchaine,bd6t56638z,,failed,0,0,,http_manifest,known,403,manifest,"Client error '403 ' for url 'https://openapiproext.bnf.fr/iiif/presentation/v3/ark:/12148/bd6t56638z/manifest.json'
For more information check: https://developer.mozilla.org/en-US/docs/Web/HTTP/Status/403",2026-07-17T19:23:35.712209
canardenchaine,bd6t566398,,failed,0,0,,http_manifest,known,403,manifest,"Client error '403 ' for url 'https://openapiproext.bnf.fr/iiif/presentation/v3/ark:/12148/bd6t566398/manifest.json'
For more information check: https://developer.mozilla.org/en-US/docs/Web/HTTP/Status/403",2026-07-17T19:23:36.914175
canardenchaine,bd6t56640r,,failed,0,0,,http_manifest,known,403,manifest,"Client error '403 ' for url 'https://openapiproext.bnf.fr/iiif/presentation/v3/ark:/12148/bd6t56640r/manifest.json'
For more information check: https://developer.mozilla.org/en-US/docs/Web/HTTP/Status/403",2026-07-17T19:23:38.113002
canardenchaine,bd6t566412,,failed,0,0,,http_manifest,known,403,manifest,"Client error '403 ' for url 'https://openapiproext.bnf.fr/iiif/presentation/v3/ark:/12148/bd6t566412/manifest.json'
For more information check: https://developer.mozilla.org/en-US/docs/Web/HTTP/Status/403",2026-07-17T19:23:39.339539
canardenchaine,bd6t56642c,,failed,0,0,,http_manifest,known,403,manifest,"Client error '403 ' for url 'https://openapiproext.bnf.fr/iiif/presentation/v3/ark:/12148/bd6t56642c/manifest.json'
For more information check: https://developer.mozilla.org/en-US/docs/Web/HTTP/Status/403",2026-07-17T19:23:40.517200
canardenchaine,bd6t56643p,,failed,0,0,,http_manifest,known,403,manifest,"Client error '403 ' for url 'https://openapiproext.bnf.fr/iiif/presentation/v3/ark:/12148/bd6t56643p/manifest.json'
For more information check: https://developer.mozilla.org/en-US/docs/Web/HTTP/Status/403",2026-07-17T19:23:41.718744
canardenchaine,bd6t566440,,failed,0,0,,http_manifest,known,403,manifest,"Client error '403 ' for url 'https://openapiproext.bnf.fr/iiif/presentation/v3/ark:/12148/bd6t566440/manifest.json'
For more information check: https://developer.mozilla.org/en-US/docs/Web/HTTP/Status/403",2026-07-17T19:23:42.955120
canardenchaine,bd6t566459,,failed,0,0,,http_manifest,known,403,manifest,"Client error '403 ' for url 'https://openapiproext.bnf.fr/iiif/presentation/v3/ark:/12148/bd6t566459/manifest.json'
For more information check: https://developer.mozilla.org/en-US/docs/Web/HTTP/Status/403",2026-07-17T19:23:44.123752
canardenchaine,bd6t56646m,,failed,0,0,,http_manifest,known,403,manifest,"Client error '403 ' for url 'https://openapiproext.bnf.fr/iiif/presentation/v3/ark:/12148/bd6t56646m/manifest.json'
For more information check: https://developer.mozilla.org/en-US/docs/Web/HTTP/Status/403",2026-07-17T19:23:45.325260
canardenchaine,bd6t56647x,,failed,0,0,,http_manifest,known,403,manifest,"Client error '403 ' for url 'https://openapiproext.bnf.fr/iiif/presentation/v3/ark:/12148/bd6t56647x/manifest.json'
For more information check: https://developer.mozilla.org/en-US/docs/Web/HTTP/Status/403",2026-07-17T19:23:46.525336
canardenchaine,bd6t566487,,failed,0,0,,http_manifest,known,403,manifest,"Client error '403 ' for url 'https://openapiproext.bnf.fr/iiif/presentation/v3/ark:/12148/bd6t566487/manifest.json'
For more information check: https://developer.mozilla.org/en-US/docs/Web/HTTP/Status/403",2026-07-17T19:23:47.729572
canardenchaine,bd6t56649j,,failed,0,0,,http_manifest,known,403,manifest,"Client error '403 ' for url 'https://openapiproext.bnf.fr/iiif/presentation/v3/ark:/12148/bd6t56649j/manifest.json'
For more information check: https://developer.mozilla.org/en-US/docs/Web/HTTP/Status/403",2026-07-17T19:23:48.950902
canardenchaine,bd6t566501,,failed,0,0,,http_manifest,known,403,manifest,"Client error '403 ' for url 'https://openapiproext.bnf.fr/iiif/presentation/v3/ark:/12148/bd6t566501/manifest.json'
For more information check: https://developer.mozilla.org/en-US/docs/Web/HTTP/Status/403",2026-07-17T19:23:50.135547
canardenchaine,bd6t56651b,,failed,0,0,,http_manifest,known,403,manifest,"Client error '403 ' for url 'https://openapiproext.bnf.fr/iiif/presentation/v3/ark:/12148/bd6t56651b/manifest.json'
For more information check: https://developer.mozilla.org/en-US/docs/Web/HTTP/Status/403",2026-07-17T19:23:51.331678
canardenchaine,bd6t56652n,,failed,0,0,,http_manifest,known,403,manifest,"Client error '403 ' for url 'https://openapiproext.bnf.fr/iiif/presentation/v3/ark:/12148/bd6t56652n/manifest.json'
For more information check: https://developer.mozilla.org/en-US/docs/Web/HTTP/Status/403",2026-07-17T19:23:52.531717
canardenchaine,bd6t56653z,,failed,0,0,,http_manifest,known,403,manifest,"Client error '403 ' for url 'https://openapiproext.bnf.fr/iiif/presentation/v3/ark:/12148/bd6t56653z/manifest.json'
For more information check: https://developer.mozilla.org/en-US/docs/Web/HTTP/Status/403",2026-07-17T19:23:53.732592
canardenchaine,bd6t566548,,failed,0,0,,http_manifest,known,403,manifest,"Client error '403 ' for url 'https://openapiproext.bnf.fr/iiif/presentation/v3/ark:/12148/bd6t566548/manifest.json'
For more information check: https://developer.mozilla.org/en-US/docs/Web/HTTP/Status/403",2026-07-17T19:23:54.936665
canardenchaine,bd6t56655k,,failed,0,0,,http_manifest,known,403,manifest,"Client error '403 ' for url 'https://openapiproext.bnf.fr/iiif/presentation/v3/ark:/12148/bd6t56655k/manifest.json'
For more information check: https://developer.mozilla.org/en-US/docs/Web/HTTP/Status/403",2026-07-17T19:23:56.136103
canardenchaine,bd6t56656w,,failed,0,0,,http_manifest,known,403,manifest,"Client error '403 ' for url 'https://openapiproext.bnf.fr/iiif/presentation/v3/ark:/12148/bd6t56656w/manifest.json'
For more information check: https://developer.mozilla.org/en-US/docs/Web/HTTP/Status/403",2026-07-17T19:23:57.339389
canardenchaine,bd6t566576,,failed,0,0,,http_manifest,known,403,manifest,"Client error '403 ' for url 'https://openapiproext.bnf.fr/iiif/presentation/v3/ark:/12148/bd6t566576/manifest.json'
For more information check: https://developer.mozilla.org/en-US/docs/Web/HTTP/Status/403",2026-07-17T19:23:58.634916
canardenchaine,bd6t56658h,,failed,0,0,,http_manifest,known,403,manifest,"Client error '403 ' for url 'https://openapiproext.bnf.fr/iiif/presentation/v3/ark:/12148/bd6t56658h/manifest.json'
For more information check: https://developer.mozilla.org/en-US/docs/Web/HTTP/Status/403",2026-07-17T19:23:59.785976
canardenchaine,bd6t56659t,,failed,0,0,,http_manifest,known,403,manifest,"Client error '403 ' for url 'https://openapiproext.bnf.fr/iiif/presentation/v3/ark:/12148/bd6t56659t/manifest.json'
For more information check: https://developer.mozilla.org/en-US/docs/Web/HTTP/Status/403",2026-07-17T19:24:01.228850
canardenchaine,bd6t566609,,failed,0,0,,http_manifest,known,403,manifest,"Client error '403 ' for url 'https://openapiproext.bnf.fr/iiif/presentation/v3/ark:/12148/bd6t566609/manifest.json'
For more information check: https://developer.mozilla.org/en-US/docs/Web/HTTP/Status/403",2026-07-17T19:24:02.250551
canardenchaine,bd6t56661m,,failed,0,0,,http_manifest,known,403,manifest,"Client error '403 ' for url 'https://openapiproext.bnf.fr/iiif/presentation/v3/ark:/12148/bd6t56661m/manifest.json'
For more information check: https://developer.mozilla.org/en-US/docs/Web/HTTP/Status/403",2026-07-17T19:24:03.342714
canardenchaine,bd6t56662x,,failed,0,0,,http_manifest,known,403,manifest,"Client error '403 ' for url 'https://openapiproext.bnf.fr/iiif/presentation/v3/ark:/12148/bd6t56662x/manifest.json'
For more information check: https://developer.mozilla.org/en-US/docs/Web/HTTP/Status/403",2026-07-17T19:24:04.664966
canardenchaine,bd6t566637,,failed,0,0,,http_manifest,known,403,manifest,"Client error '403 ' for url 'https://openapiproext.bnf.fr/iiif/presentation/v3/ark:/12148/bd6t566637/manifest.json'
For more information check: https://developer.mozilla.org/en-US/docs/Web/HTTP/Status/403",2026-07-17T19:24:05.873925
canardenchaine,bd6t56664j,,failed,0,0,,http_manifest,known,403,manifest,"Client error '403 ' for url 'https://openapiproext.bnf.fr/iiif/presentation/v3/ark:/12148/bd6t56664j/manifest.json'
For more information check: https://developer.mozilla.org/en-US/docs/Web/HTTP/Status/403",2026-07-17T19:24:06.977270
canardenchaine,bd6t56665v,,failed,0,0,,http_manifest,known,403,manifest,"Client error '403 ' for url 'https://openapiproext.bnf.fr/iiif/presentation/v3/ark:/12148/bd6t56665v/manifest.json'
For more information check: https://developer.mozilla.org/en-US/docs/Web/HTTP/Status/403",2026-07-17T19:24:08.203708
canardenchaine,bd6t566665,,failed,0,0,,http_manifest,known,403,manifest,"Client error '403 ' for url 'https://openapiproext.bnf.fr/iiif/presentation/v3/ark:/12148/bd6t566665/manifest.json'
For more information check: https://developer.mozilla.org/en-US/docs/Web/HTTP/Status/403",2026-07-17T19:24:09.357207
canardenchaine,bd6t56667g,,failed,0,0,,http_manifest,known,403,manifest,"Client error '403 ' for url 'https://openapiproext.bnf.fr/iiif/presentation/v3/ark:/12148/bd6t56667g/manifest.json'
For more information check: https://developer.mozilla.org/en-US/docs/Web/HTTP/Status/403",2026-07-17T19:24:10.684960
canardenchaine,bd6t56668s,,failed,0,0,,http_manifest,known,403,manifest,"Client error '403 ' for url 'https://openapiproext.bnf.fr/iiif/presentation/v3/ark:/12148/bd6t56668s/manifest.json'
For more information check: https://developer.mozilla.org/en-US/docs/Web/HTTP/Status/403",2026-07-17T19:24:11.757446
canardenchaine,bd6t566693,,failed,0,0,,http_manifest,known,403,manifest,"Client error '403 ' for url 'https://openapiproext.bnf.fr/iiif/presentation/v3/ark:/12148/bd6t566693/manifest.json'
For more information check: https://developer.mozilla.org/en-US/docs/Web/HTTP/Status/403",2026-07-17T19:24:12.970145
canardenchaine,bd6t56670k,,failed,0,0,,http_manifest,known,403,manifest,"Client error '403 ' for url 'https://openapiproext.bnf.fr/iiif/presentation/v3/ark:/12148/bd6t56670k/manifest.json'
For more information check: https://developer.mozilla.org/en-US/docs/Web/HTTP/Status/403",2026-07-17T19:24:14.250499
canardenchaine,bd6t56671w,,failed,0,0,,http_manifest,known,403,manifest,"Client error '403 ' for url 'https://openapiproext.bnf.fr/iiif/presentation/v3/ark:/12148/bd6t56671w/manifest.json'
For more information check: https://developer.mozilla.org/en-US/docs/Web/HTTP/Status/403",2026-07-17T19:24:15.520452
canardenchaine,bd6t566726,,failed,0,0,,http_manifest,known,403,manifest,"Client error '403 ' for url 'https://openapiproext.bnf.fr/iiif/presentation/v3/ark:/12148/bd6t566726/manifest.json'
For more information check: https://developer.mozilla.org/en-US/docs/Web/HTTP/Status/403",2026-07-17T19:24:16.566735
canardenchaine,bd6t56673h,,failed,0,0,,http_manifest,known,403,manifest,"Client error '403 ' for url 'https://openapiproext.bnf.fr/iiif/presentation/v3/ark:/12148/bd6t56673h/manifest.json'
For more information check: https://developer.mozilla.org/en-US/docs/Web/HTTP/Status/403",2026-07-17T19:24:17.763636
canardenchaine,bd6t56674t,,failed,0,0,,http_manifest,known,403,manifest,"Client error '403 ' for url 'https://openapiproext.bnf.fr/iiif/presentation/v3/ark:/12148/bd6t56674t/manifest.json'
For more information check: https://developer.mozilla.org/en-US/docs/Web/HTTP/Status/403",2026-07-17T19:24:18.991968
canardenchaine,bd6t566754,,failed,0,0,,http_manifest,known,403,manifest,"Client error '403 ' for url 'https://openapiproext.bnf.fr/iiif/presentation/v3/ark:/12148/bd6t566754/manifest.json'
For more information check: https://developer.mozilla.org/en-US/docs/Web/HTTP/Status/403",2026-07-17T19:24:20.172381
canardenchaine,bd6t56676f,,failed,0,0,,http_manifest,known,403,manifest,"Client error '403 ' for url 'https://openapiproext.bnf.fr/iiif/presentation/v3/ark:/12148/bd6t56676f/manifest.json'
For more information check: https://developer.mozilla.org/en-US/docs/Web/HTTP/Status/403",2026-07-17T19:24:21.370143
canardenchaine,bd6t56677r,,failed,0,0,,http_manifest,known,403,manifest,"Client error '403 ' for url 'https://openapiproext.bnf.fr/iiif/presentation/v3/ark:/12148/bd6t56677r/manifest.json'
For more information check: https://developer.mozilla.org/en-US/docs/Web/HTTP/Status/403",2026-07-17T19:24:22.573350
canardenchaine,bd6t566782,,failed,0,0,,http_manifest,known,403,manifest,"Client error '403 ' for url 'https://openapiproext.bnf.fr/iiif/presentation/v3/ark:/12148/bd6t566782/manifest.json'
For more information check: https://developer.mozilla.org/en-US/docs/Web/HTTP/Status/403",2026-07-17T19:24:23.773225
canardenchaine,bd6t56679c,,failed,0,0,,http_manifest,known,403,manifest,"Client error '403 ' for url 'https://openapiproext.bnf.fr/iiif/presentation/v3/ark:/12148/bd6t56679c/manifest.json'
For more information check: https://developer.mozilla.org/en-US/docs/Web/HTTP/Status/403",2026-07-17T19:24:24.982807
canardenchaine,bd6t56680v,,failed,0,0,,http_manifest,known,403,manifest,"Client error '403 ' for url 'https://openapiproext.bnf.fr/iiif/presentation/v3/ark:/12148/bd6t56680v/manifest.json'
For more information check: https://developer.mozilla.org/en-US/docs/Web/HTTP/Status/403",2026-07-17T19:24:26.175045
canardenchaine,bd6t566815,,failed,0,0,,http_manifest,known,403,manifest,"Client error '403 ' for url 'https://openapiproext.bnf.fr/iiif/presentation/v3/ark:/12148/bd6t566815/manifest.json'
For more information check: https://developer.mozilla.org/en-US/docs/Web/HTTP/Status/403",2026-07-17T19:24:27.388588
canardenchaine,bd6t56682g,,failed,0,0,,http_manifest,known,403,manifest,"Client error '403 ' for url 'https://openapiproext.bnf.fr/iiif/presentation/v3/ark:/12148/bd6t56682g/manifest.json'
For more information check: https://developer.mozilla.org/en-US/docs/Web/HTTP/Status/403",2026-07-17T19:24:28.579276
canardenchaine,bd6t56683s,,failed,0,0,,http_manifest,known,403,manifest,"Client error '403 ' for url 'https://openapiproext.bnf.fr/iiif/presentation/v3/ark:/12148/bd6t56683s/manifest.json'
For more information check: https://developer.mozilla.org/en-US/docs/Web/HTTP/Status/403",2026-07-17T19:24:29.788258
canardenchaine,bd6t566843,,failed,0,0,,http_manifest,known,403,manifest,"Client error '403 ' for url 'https://openapiproext.bnf.fr/iiif/presentation/v3/ark:/12148/bd6t566843/manifest.json'
For more information check: https://developer.mozilla.org/en-US/docs/Web/HTTP/Status/403",2026-07-17T19:24:31.012735
canardenchaine,bd6t56685d,,failed,0,0,,http_manifest,known,403,manifest,"Client error '403 ' for url 'https://openapiproext.bnf.fr/iiif/presentation/v3/ark:/12148/bd6t56685d/manifest.json'
For more information check: https://developer.mozilla.org/en-US/docs/Web/HTTP/Status/403",2026-07-17T19:24:32.187185
canardenchaine,bd6t56686q,,failed,0,0,,http_manifest,known,403,manifest,"Client error '403 ' for url 'https://openapiproext.bnf.fr/iiif/presentation/v3/ark:/12148/bd6t56686q/manifest.json'
For more information check: https://developer.mozilla.org/en-US/docs/Web/HTTP/Status/403",2026-07-17T19:24:33.389990
canardenchaine,bd6t566871,,failed,0,0,,http_manifest,known,403,manifest,"Client error '403 ' for url 'https://openapiproext.bnf.fr/iiif/presentation/v3/ark:/12148/bd6t566871/manifest.json'
For more information check: https://developer.mozilla.org/en-US/docs/Web/HTTP/Status/403",2026-07-17T19:24:34.615746
canardenchaine,bd6t56688b,,failed,0,0,,http_manifest,known,403,manifest,"Client error '403 ' for url 'https://openapiproext.bnf.fr/iiif/presentation/v3/ark:/12148/bd6t56688b/manifest.json'
For more information check: https://developer.mozilla.org/en-US/docs/Web/HTTP/Status/403",2026-07-17T19:24:35.792565
canardenchaine,bd6t56689n,,failed,0,0,,http_manifest,known,403,manifest,"Client error '403 ' for url 'https://openapiproext.bnf.fr/iiif/presentation/v3/ark:/12148/bd6t56689n/manifest.json'
For more information check: https://developer.mozilla.org/en-US/docs/Web/HTTP/Status/403",2026-07-17T19:24:37.016272
canardenchaine,bd6t566904,,failed,0,0,,http_manifest,known,403,manifest,"Client error '403 ' for url 'https://openapiproext.bnf.fr/iiif/presentation/v3/ark:/12148/bd6t566904/manifest.json'
For more information check: https://developer.mozilla.org/en-US/docs/Web/HTTP/Status/403",2026-07-17T19:24:38.195686
canardenchaine,bd6t56691f,,failed,0,0,,http_manifest,known,403,manifest,"Client error '403 ' for url 'https://openapiproext.bnf.fr/iiif/presentation/v3/ark:/12148/bd6t56691f/manifest.json'
For more information check: https://developer.mozilla.org/en-US/docs/Web/HTTP/Status/403",2026-07-17T19:24:39.393584
canardenchaine,bd6t56692r,,failed,0,0,,http_manifest,known,403,manifest,"Client error '403 ' for url 'https://openapiproext.bnf.fr/iiif/presentation/v3/ark:/12148/bd6t56692r/manifest.json'
For more information check: https://developer.mozilla.org/en-US/docs/Web/HTTP/Status/403",2026-07-17T19:24:40.597710
canardenchaine,bd6t566932,,failed,0,0,,http_manifest,known,403,manifest,"Client error '403 ' for url 'https://openapiproext.bnf.fr/iiif/presentation/v3/ark:/12148/bd6t566932/manifest.json'
For more information check: https://developer.mozilla.org/en-US/docs/Web/HTTP/Status/403",2026-07-17T19:24:41.797979
canardenchaine,bd6t56694c,,failed,0,0,,http_manifest,known,403,manifest,"Client error '403 ' for url 'https://openapiproext.bnf.fr/iiif/presentation/v3/ark:/12148/bd6t56694c/manifest.json'
For more information check: https://developer.mozilla.org/en-US/docs/Web/HTTP/Status/403",2026-07-17T19:24:43.006644
canardenchaine,bd6t56695p,,failed,0,0,,http_manifest,known,403,manifest,"Client error '403 ' for url 'https://openapiproext.bnf.fr/iiif/presentation/v3/ark:/12148/bd6t56695p/manifest.json'
For more information check: https://developer.mozilla.org/en-US/docs/Web/HTTP/Status/403",2026-07-17T19:24:44.198240
canardenchaine,bd6t566960,,failed,0,0,,http_manifest,known,403,manifest,"Client error '403 ' for url 'https://openapiproext.bnf.fr/iiif/presentation/v3/ark:/12148/bd6t566960/manifest.json'
For more information check: https://developer.mozilla.org/en-US/docs/Web/HTTP/Status/403",2026-07-17T19:24:45.401423
canardenchaine,bd6t566979,,failed,0,0,,http_manifest,known,403,manifest,"Client error '403 ' for url 'https://openapiproext.bnf.fr/iiif/presentation/v3/ark:/12148/bd6t566979/manifest.json'
For more information check: https://developer.mozilla.org/en-US/docs/Web/HTTP/Status/403",2026-07-17T19:24:46.605169
canardenchaine,bd6t56698m,,failed,0,0,,http_manifest,known,403,manifest,"Client error '403 ' for url 'https://openapiproext.bnf.fr/iiif/presentation/v3/ark:/12148/bd6t56698m/manifest.json'
For more information check: https://developer.mozilla.org/en-US/docs/Web/HTTP/Status/403",2026-07-17T19:24:47.803723
canardenchaine,bd6t56699x,,failed,0,0,,http_manifest,known,403,manifest,"Client error '403 ' for url 'https://openapiproext.bnf.fr/iiif/presentation/v3/ark:/12148/bd6t56699x/manifest.json'
For more information check: https://developer.mozilla.org/en-US/docs/Web/HTTP/Status/403",2026-07-17T19:24:49.027828
canardenchaine,bd6t56700w,,failed,0,0,,http_manifest,known,403,manifest,"Client error '403 ' for url 'https://openapiproext.bnf.fr/iiif/presentation/v3/ark:/12148/bd6t56700w/manifest.json'
For more information check: https://developer.mozilla.org/en-US/docs/Web/HTTP/Status/403",2026-07-17T19:24:50.205835
canardenchaine,bd6t567016,,failed,0,0,,http_manifest,known,403,manifest,"Client error '403 ' for url 'https://openapiproext.bnf.fr/iiif/presentation/v3/ark:/12148/bd6t567016/manifest.json'
For more information check: https://developer.mozilla.org/en-US/docs/Web/HTTP/Status/403",2026-07-17T19:24:51.412113
canardenchaine,bd6t56702h,,failed,0,0,,http_manifest,known,403,manifest,"Client error '403 ' for url 'https://openapiproext.bnf.fr/iiif/presentation/v3/ark:/12148/bd6t56702h/manifest.json'
For more information check: https://developer.mozilla.org/en-US/docs/Web/HTTP/Status/403",2026-07-17T19:24:52.605905
canardenchaine,bd6t56703t,,failed,0,0,,http_manifest,known,403,manifest,"Client error '403 ' for url 'https://openapiproext.bnf.fr/iiif/presentation/v3/ark:/12148/bd6t56703t/manifest.json'
For more information check: https://developer.mozilla.org/en-US/docs/Web/HTTP/Status/403",2026-07-17T19:24:53.810632
canardenchaine,bd6t567044,,failed,0,0,,http_manifest,known,403,manifest,"Client error '403 ' for url 'https://openapiproext.bnf.fr/iiif/presentation/v3/ark:/12148/bd6t567044/manifest.json'
For more information check: https://developer.mozilla.org/en-US/docs/Web/HTTP/Status/403",2026-07-17T19:24:55.012200
canardenchaine,bd6t56705f,,failed,0,0,,http_manifest,known,403,manifest,"Client error '403 ' for url 'https://openapiproext.bnf.fr/iiif/presentation/v3/ark:/12148/bd6t56705f/manifest.json'
For more information check: https://developer.mozilla.org/en-US/docs/Web/HTTP/Status/403",2026-07-17T19:24:56.213676
canardenchaine,bd6t56706r,,failed,0,0,,http_manifest,known,403,manifest,"Client error '403 ' for url 'https://openapiproext.bnf.fr/iiif/presentation/v3/ark:/12148/bd6t56706r/manifest.json'
For more information check: https://developer.mozilla.org/en-US/docs/Web/HTTP/Status/403",2026-07-17T19:24:57.416417
canardenchaine,bd6t567072,,failed,0,0,,http_manifest,known,403,manifest,"Client error '403 ' for url 'https://openapiproext.bnf.fr/iiif/presentation/v3/ark:/12148/bd6t567072/manifest.json'
For more information check: https://developer.mozilla.org/en-US/docs/Web/HTTP/Status/403",2026-07-17T19:24:58.708275
canardenchaine,bd6t56708c,,failed,0,0,,http_manifest,known,403,manifest,"Client error '403 ' for url 'https://openapiproext.bnf.fr/iiif/presentation/v3/ark:/12148/bd6t56708c/manifest.json'
For more information check: https://developer.mozilla.org/en-US/docs/Web/HTTP/Status/403",2026-07-17T19:24:59.839060
canardenchaine,bd6t56709p,,failed,0,0,,http_manifest,known,403,manifest,"Client error '403 ' for url 'https://openapiproext.bnf.fr/iiif/presentation/v3/ark:/12148/bd6t56709p/manifest.json'
For more information check: https://developer.mozilla.org/en-US/docs/Web/HTTP/Status/403",2026-07-17T19:25:01.048258
canardenchaine,bd6t567105,,failed,0,0,,http_manifest,known,403,manifest,"Client error '403 ' for url 'https://openapiproext.bnf.fr/iiif/presentation/v3/ark:/12148/bd6t567105/manifest.json'
For more information check: https://developer.mozilla.org/en-US/docs/Web/HTTP/Status/403",2026-07-17T19:25:02.225741
canardenchaine,bd6t56711g,,failed,0,0,,http_manifest,known,403,manifest,"Client error '403 ' for url 'https://openapiproext.bnf.fr/iiif/presentation/v3/ark:/12148/bd6t56711g/manifest.json'
For more information check: https://developer.mozilla.org/en-US/docs/Web/HTTP/Status/403",2026-07-17T19:25:03.726282
canardenchaine,bd6t56712s,,failed,0,0,,http_manifest,known,403,manifest,"Client error '403 ' for url 'https://openapiproext.bnf.fr/iiif/presentation/v3/ark:/12148/bd6t56712s/manifest.json'
For more information check: https://developer.mozilla.org/en-US/docs/Web/HTTP/Status/403",2026-07-17T19:25:04.828797
canardenchaine,bd6t567133,,failed,0,0,,http_manifest,known,403,manifest,"Client error '403 ' for url 'https://openapiproext.bnf.fr/iiif/presentation/v3/ark:/12148/bd6t567133/manifest.json'
For more information check: https://developer.mozilla.org/en-US/docs/Web/HTTP/Status/403",2026-07-17T19:25:05.993221
canardenchaine,bd6t56714d,,failed,0,0,,http_manifest,known,403,manifest,"Client error '403 ' for url 'https://openapiproext.bnf.fr/iiif/presentation/v3/ark:/12148/bd6t56714d/manifest.json'
For more information check: https://developer.mozilla.org/en-US/docs/Web/HTTP/Status/403",2026-07-17T19:25:07.059411
canardenchaine,bd6t56715q,,failed,0,0,,http_manifest,known,403,manifest,"Client error '403 ' for url 'https://openapiproext.bnf.fr/iiif/presentation/v3/ark:/12148/bd6t56715q/manifest.json'
For more information check: https://developer.mozilla.org/en-US/docs/Web/HTTP/Status/403",2026-07-17T19:25:08.230041
canardenchaine,bd6t567161,,failed,0,0,,http_manifest,known,403,manifest,"Client error '403 ' for url 'https://openapiproext.bnf.fr/iiif/presentation/v3/ark:/12148/bd6t567161/manifest.json'
For more information check: https://developer.mozilla.org/en-US/docs/Web/HTTP/Status/403",2026-07-17T19:25:09.431488
canardenchaine,bd6t56717b,,failed,0,0,,http_manifest,known,403,manifest,"Client error '403 ' for url 'https://openapiproext.bnf.fr/iiif/presentation/v3/ark:/12148/bd6t56717b/manifest.json'
For more information check: https://developer.mozilla.org/en-US/docs/Web/HTTP/Status/403",2026-07-17T19:25:10.797676
canardenchaine,bd6t56718n,,failed,0,0,,http_manifest,known,403,manifest,"Client error '403 ' for url 'https://openapiproext.bnf.fr/iiif/presentation/v3/ark:/12148/bd6t56718n/manifest.json'
For more information check: https://developer.mozilla.org/en-US/docs/Web/HTTP/Status/403",2026-07-17T19:25:11.835878
canardenchaine,bd6t56719z,,failed,0,0,,http_manifest,known,403,manifest,"Client error '403 ' for url 'https://openapiproext.bnf.fr/iiif/presentation/v3/ark:/12148/bd6t56719z/manifest.json'
For more information check: https://developer.mozilla.org/en-US/docs/Web/HTTP/Status/403",2026-07-17T19:25:13.038196
canardenchaine,bd6t56720f,,failed,0,0,,http_manifest,known,403,manifest,"Client error '403 ' for url 'https://openapiproext.bnf.fr/iiif/presentation/v3/ark:/12148/bd6t56720f/manifest.json'
For more information check: https://developer.mozilla.org/en-US/docs/Web/HTTP/Status/403",2026-07-17T19:25:14.238043
canardenchaine,bd6t56721r,,failed,0,0,,http_manifest,known,403,manifest,"Client error '403 ' for url 'https://openapiproext.bnf.fr/iiif/presentation/v3/ark:/12148/bd6t56721r/manifest.json'
For more information check: https://developer.mozilla.org/en-US/docs/Web/HTTP/Status/403",2026-07-17T19:25:15.443932
canardenchaine,bd6t567222,,failed,0,0,,http_manifest,known,403,manifest,"Client error '403 ' for url 'https://openapiproext.bnf.fr/iiif/presentation/v3/ark:/12148/bd6t567222/manifest.json'
For more information check: https://developer.mozilla.org/en-US/docs/Web/HTTP/Status/403",2026-07-17T19:25:16.659984
canardenchaine,bd6t56723c,,failed,0,0,,http_manifest,known,403,manifest,"Client error '403 ' for url 'https://openapiproext.bnf.fr/iiif/presentation/v3/ark:/12148/bd6t56723c/manifest.json'
For more information check: https://developer.mozilla.org/en-US/docs/Web/HTTP/Status/403",2026-07-17T19:25:17.935253
canardenchaine,bd6t56724p,,failed,0,0,,http_manifest,known,403,manifest,"Client error '403 ' for url 'https://openapiproext.bnf.fr/iiif/presentation/v3/ark:/12148/bd6t56724p/manifest.json'
For more information check: https://developer.mozilla.org/en-US/docs/Web/HTTP/Status/403",2026-07-17T19:25:19.291019
canardenchaine,bd6t567250,,failed,0,0,,http_manifest,known,403,manifest,"Client error '403 ' for url 'https://openapiproext.bnf.fr/iiif/presentation/v3/ark:/12148/bd6t567250/manifest.json'
For more information check: https://developer.mozilla.org/en-US/docs/Web/HTTP/Status/403",2026-07-17T19:25:20.244177
canardenchaine,bd6t567269,,failed,0,0,,http_manifest,known,403,manifest,"Client error '403 ' for url 'https://openapiproext.bnf.fr/iiif/presentation/v3/ark:/12148/bd6t567269/manifest.json'
For more information check: https://developer.mozilla.org/en-US/docs/Web/HTTP/Status/403",2026-07-17T19:25:21.450971
canardenchaine,bd6t56727m,,failed,0,0,,http_manifest,known,403,manifest,"Client error '403 ' for url 'https://openapiproext.bnf.fr/iiif/presentation/v3/ark:/12148/bd6t56727m/manifest.json'
For more information check: https://developer.mozilla.org/en-US/docs/Web/HTTP/Status/403",2026-07-17T19:25:22.649103
canardenchaine,bd6t56728x,,failed,0,0,,http_manifest,known,403,manifest,"Client error '403 ' for url 'https://openapiproext.bnf.fr/iiif/presentation/v3/ark:/12148/bd6t56728x/manifest.json'
For more information check: https://developer.mozilla.org/en-US/docs/Web/HTTP/Status/403",2026-07-17T19:25:23.853865
canardenchaine,bd6t567297,,failed,0,0,,http_manifest,known,403,manifest,"Client error '403 ' for url 'https://openapiproext.bnf.fr/iiif/presentation/v3/ark:/12148/bd6t567297/manifest.json'
For more information check: https://developer.mozilla.org/en-US/docs/Web/HTTP/Status/403",2026-07-17T19:25:25.052759
canardenchaine,bd6t56730q,,failed,0,0,,http_manifest,known,403,manifest,"Client error '403 ' for url 'https://openapiproext.bnf.fr/iiif/presentation/v3/ark:/12148/bd6t56730q/manifest.json'
For more information check: https://developer.mozilla.org/en-US/docs/Web/HTTP/Status/403",2026-07-17T19:25:26.253140
canardenchaine,bd6t567311,,failed,0,0,,http_manifest,known,403,manifest,"Client error '403 ' for url 'https://openapiproext.bnf.fr/iiif/presentation/v3/ark:/12148/bd6t567311/manifest.json'
For more information check: https://developer.mozilla.org/en-US/docs/Web/HTTP/Status/403",2026-07-17T19:25:27.452421
canardenchaine,bd6t56732b,,failed,0,0,,http_manifest,known,403,manifest,"Client error '403 ' for url 'https://openapiproext.bnf.fr/iiif/presentation/v3/ark:/12148/bd6t56732b/manifest.json'
For more information check: https://developer.mozilla.org/en-US/docs/Web/HTTP/Status/403",2026-07-17T19:25:28.658391
canardenchaine,bd6t56733n,,failed,0,0,,http_manifest,known,403,manifest,"Client error '403 ' for url 'https://openapiproext.bnf.fr/iiif/presentation/v3/ark:/12148/bd6t56733n/manifest.json'
For more information check: https://developer.mozilla.org/en-US/docs/Web/HTTP/Status/403",2026-07-17T19:25:29.872240
canardenchaine,bd6t56734z,,failed,0,0,,http_manifest,known,403,manifest,"Client error '403 ' for url 'https://openapiproext.bnf.fr/iiif/presentation/v3/ark:/12148/bd6t56734z/manifest.json'
For more information check: https://developer.mozilla.org/en-US/docs/Web/HTTP/Status/403",2026-07-17T19:25:31.086290
canardenchaine,bd6t567358,,failed,0,0,,http_manifest,known,403,manifest,"Client error '403 ' for url 'https://openapiproext.bnf.fr/iiif/presentation/v3/ark:/12148/bd6t567358/manifest.json'
For more information check: https://developer.mozilla.org/en-US/docs/Web/HTTP/Status/403",2026-07-17T19:25:32.258284
canardenchaine,bd6t56736k,,failed,0,0,,http_manifest,known,403,manifest,"Client error '403 ' for url 'https://openapiproext.bnf.fr/iiif/presentation/v3/ark:/12148/bd6t56736k/manifest.json'
For more information check: https://developer.mozilla.org/en-US/docs/Web/HTTP/Status/403",2026-07-17T19:25:33.466192
canardenchaine,bd6t56737w,,failed,0,0,,http_manifest,known,403,manifest,"Client error '403 ' for url 'https://openapiproext.bnf.fr/iiif/presentation/v3/ark:/12148/bd6t56737w/manifest.json'
For more information check: https://developer.mozilla.org/en-US/docs/Web/HTTP/Status/403",2026-07-17T19:25:34.660501
canardenchaine,bd6t567386,,failed,0,0,,http_manifest,known,403,manifest,"Client error '403 ' for url 'https://openapiproext.bnf.fr/iiif/presentation/v3/ark:/12148/bd6t567386/manifest.json'
For more information check: https://developer.mozilla.org/en-US/docs/Web/HTTP/Status/403",2026-07-17T19:25:35.864161
canardenchaine,bd6t56739h,,failed,0,0,,http_manifest,known,403,manifest,"Client error '403 ' for url 'https://openapiproext.bnf.fr/iiif/presentation/v3/ark:/12148/bd6t56739h/manifest.json'
For more information check: https://developer.mozilla.org/en-US/docs/Web/HTTP/Status/403",2026-07-17T19:25:37.091004
canardenchaine,bd6t567400,,failed,0,0,,http_manifest,known,403,manifest,"Client error '403 ' for url 'https://openapiproext.bnf.fr/iiif/presentation/v3/ark:/12148/bd6t567400/manifest.json'
For more information check: https://developer.mozilla.org/en-US/docs/Web/HTTP/Status/403",2026-07-17T19:25:38.265192
canardenchaine,bd6t567419,,failed,0,0,,http_manifest,known,403,manifest,"Client error '403 ' for url 'https://openapiproext.bnf.fr/iiif/presentation/v3/ark:/12148/bd6t567419/manifest.json'
For more information check: https://developer.mozilla.org/en-US/docs/Web/HTTP/Status/403",2026-07-17T19:25:39.468177
canardenchaine,bd6t56742m,,failed,0,0,,http_manifest,known,403,manifest,"Client error '403 ' for url 'https://openapiproext.bnf.fr/iiif/presentation/v3/ark:/12148/bd6t56742m/manifest.json'
For more information check: https://developer.mozilla.org/en-US/docs/Web/HTTP/Status/403",2026-07-17T19:25:40.672151
canardenchaine,bd6t56743x,,failed,0,0,,http_manifest,known,403,manifest,"Client error '403 ' for url 'https://openapiproext.bnf.fr/iiif/presentation/v3/ark:/12148/bd6t56743x/manifest.json'
For more information check: https://developer.mozilla.org/en-US/docs/Web/HTTP/Status/403",2026-07-17T19:25:41.869523
canardenchaine,bd6t567447,,failed,0,0,,http_manifest,known,403,manifest,"Client error '403 ' for url 'https://openapiproext.bnf.fr/iiif/presentation/v3/ark:/12148/bd6t567447/manifest.json'
For more information check: https://developer.mozilla.org/en-US/docs/Web/HTTP/Status/403",2026-07-17T19:25:43.120013
canardenchaine,bd6t56745j,,failed,0,0,,http_manifest,known,403,manifest,"Client error '403 ' for url 'https://openapiproext.bnf.fr/iiif/presentation/v3/ark:/12148/bd6t56745j/manifest.json'
For more information check: https://developer.mozilla.org/en-US/docs/Web/HTTP/Status/403",2026-07-17T19:25:44.274918
canardenchaine,bd6t56746v,,failed,0,0,,http_manifest,known,403,manifest,"Client error '403 ' for url 'https://openapiproext.bnf.fr/iiif/presentation/v3/ark:/12148/bd6t56746v/manifest.json'
For more information check: https://developer.mozilla.org/en-US/docs/Web/HTTP/Status/403",2026-07-17T19:25:45.480016
canardenchaine,bd6t567475,,failed,0,0,,http_manifest,known,403,manifest,"Client error '403 ' for url 'https://openapiproext.bnf.fr/iiif/presentation/v3/ark:/12148/bd6t567475/manifest.json'
For more information check: https://developer.mozilla.org/en-US/docs/Web/HTTP/Status/403",2026-07-17T19:25:46.676732
canardenchaine,bd6t56748g,,failed,0,0,,http_manifest,known,403,manifest,"Client error '403 ' for url 'https://openapiproext.bnf.fr/iiif/presentation/v3/ark:/12148/bd6t56748g/manifest.json'
For more information check: https://developer.mozilla.org/en-US/docs/Web/HTTP/Status/403",2026-07-17T19:25:47.876914
canardenchaine,bd6t56749s,,failed,0,0,,http_manifest,known,403,manifest,"Client error '403 ' for url 'https://openapiproext.bnf.fr/iiif/presentation/v3/ark:/12148/bd6t56749s/manifest.json'
For more information check: https://developer.mozilla.org/en-US/docs/Web/HTTP/Status/403",2026-07-17T19:25:49.097099
canardenchaine,bd6t569067,,failed,0,0,,http_manifest,known,403,manifest,"Client error '403 ' for url 'https://openapiproext.bnf.fr/iiif/presentation/v3/ark:/12148/bd6t569067/manifest.json'
For more information check: https://developer.mozilla.org/en-US/docs/Web/HTTP/Status/403",2026-07-17T19:25:50.283673
canardenchaine,bd6t56907j,,failed,0,0,,http_manifest,known,403,manifest,"Client error '403 ' for url 'https://openapiproext.bnf.fr/iiif/presentation/v3/ark:/12148/bd6t56907j/manifest.json'
For more information check: https://developer.mozilla.org/en-US/docs/Web/HTTP/Status/403",2026-07-17T19:25:51.483726
canardenchaine,bd6t56908v,,failed,0,0,,http_manifest,known,403,manifest,"Client error '403 ' for url 'https://openapiproext.bnf.fr/iiif/presentation/v3/ark:/12148/bd6t56908v/manifest.json'
For more information check: https://developer.mozilla.org/en-US/docs/Web/HTTP/Status/403",2026-07-17T19:25:52.686919
canardenchaine,bd6t569095,,failed,0,0,,http_manifest,known,403,manifest,"Client error '403 ' for url 'https://openapiproext.bnf.fr/iiif/presentation/v3/ark:/12148/bd6t569095/manifest.json'
For more information check: https://developer.mozilla.org/en-US/docs/Web/HTTP/Status/403",2026-07-17T19:25:53.887667
canardenchaine,bd6t56910n,,failed,0,0,,http_manifest,known,403,manifest,"Client error '403 ' for url 'https://openapiproext.bnf.fr/iiif/presentation/v3/ark:/12148/bd6t56910n/manifest.json'
For more information check: https://developer.mozilla.org/en-US/docs/Web/HTTP/Status/403",2026-07-17T19:25:55.089656
canardenchaine,bd6t56911z,,failed,0,0,,http_manifest,known,403,manifest,"Client error '403 ' for url 'https://openapiproext.bnf.fr/iiif/presentation/v3/ark:/12148/bd6t56911z/manifest.json'
For more information check: https://developer.mozilla.org/en-US/docs/Web/HTTP/Status/403",2026-07-17T19:25:56.293649
canardenchaine,bd6t569128,,failed,0,0,,http_manifest,known,403,manifest,"Client error '403 ' for url 'https://openapiproext.bnf.fr/iiif/presentation/v3/ark:/12148/bd6t569128/manifest.json'
For more information check: https://developer.mozilla.org/en-US/docs/Web/HTTP/Status/403",2026-07-17T19:25:57.692263
canardenchaine,bd6t56913k,,failed,0,0,,http_manifest,known,403,manifest,"Client error '403 ' for url 'https://openapiproext.bnf.fr/iiif/presentation/v3/ark:/12148/bd6t56913k/manifest.json'
For more information check: https://developer.mozilla.org/en-US/docs/Web/HTTP/Status/403",2026-07-17T19:25:58.797737
canardenchaine,bd6t56914w,,failed,0,0,,http_manifest,known,403,manifest,"Client error '403 ' for url 'https://openapiproext.bnf.fr/iiif/presentation/v3/ark:/12148/bd6t56914w/manifest.json'
For more information check: https://developer.mozilla.org/en-US/docs/Web/HTTP/Status/403",2026-07-17T19:26:00.130041
canardenchaine,bd6t569156,,failed,0,0,,http_manifest,known,403,manifest,"Client error '403 ' for url 'https://openapiproext.bnf.fr/iiif/presentation/v3/ark:/12148/bd6t569156/manifest.json'
For more information check: https://developer.mozilla.org/en-US/docs/Web/HTTP/Status/403",2026-07-17T19:26:01.158883
canardenchaine,bd6t56916h,,failed,0,0,,http_manifest,known,403,manifest,"Client error '403 ' for url 'https://openapiproext.bnf.fr/iiif/presentation/v3/ark:/12148/bd6t56916h/manifest.json'
For more information check: https://developer.mozilla.org/en-US/docs/Web/HTTP/Status/403",2026-07-17T19:26:02.306049
canardenchaine,bd6t56917t,,failed,0,0,,http_manifest,known,403,manifest,"Client error '403 ' for url 'https://openapiproext.bnf.fr/iiif/presentation/v3/ark:/12148/bd6t56917t/manifest.json'
For more information check: https://developer.mozilla.org/en-US/docs/Web/HTTP/Status/403",2026-07-17T19:26:03.503521
canardenchaine,bd6t569184,,failed,0,0,,http_manifest,known,403,manifest,"Client error '403 ' for url 'https://openapiproext.bnf.fr/iiif/presentation/v3/ark:/12148/bd6t569184/manifest.json'
For more information check: https://developer.mozilla.org/en-US/docs/Web/HTTP/Status/403",2026-07-17T19:26:04.799044
canardenchaine,bd6t56919f,,failed,0,0,,http_manifest,known,403,manifest,"Client error '403 ' for url 'https://openapiproext.bnf.fr/iiif/presentation/v3/ark:/12148/bd6t56919f/manifest.json'
For more information check: https://developer.mozilla.org/en-US/docs/Web/HTTP/Status/403",2026-07-17T19:26:06.115225
canardenchaine,bd6t56920x,,failed,0,0,,http_manifest,known,403,manifest,"Client error '403 ' for url 'https://openapiproext.bnf.fr/iiif/presentation/v3/ark:/12148/bd6t56920x/manifest.json'
For more information check: https://developer.mozilla.org/en-US/docs/Web/HTTP/Status/403",2026-07-17T19:26:07.343522
canardenchaine,bd6t569217,,failed,0,0,,http_manifest,known,403,manifest,"Client error '403 ' for url 'https://openapiproext.bnf.fr/iiif/presentation/v3/ark:/12148/bd6t569217/manifest.json'
For more information check: https://developer.mozilla.org/en-US/docs/Web/HTTP/Status/403",2026-07-17T19:26:08.312974
canardenchaine,bd6t56922j,,failed,0,0,,http_manifest,known,403,manifest,"Client error '403 ' for url 'https://openapiproext.bnf.fr/iiif/presentation/v3/ark:/12148/bd6t56922j/manifest.json'
For more information check: https://developer.mozilla.org/en-US/docs/Web/HTTP/Status/403",2026-07-17T19:26:09.687172
canardenchaine,bd6t56923v,,failed,0,0,,http_manifest,known,403,manifest,"Client error '403 ' for url 'https://openapiproext.bnf.fr/iiif/presentation/v3/ark:/12148/bd6t56923v/manifest.json'
For more information check: https://developer.mozilla.org/en-US/docs/Web/HTTP/Status/403",2026-07-17T19:26:10.832546
canardenchaine,bd6t569245,,failed,0,0,,http_manifest,known,403,manifest,"Client error '403 ' for url 'https://openapiproext.bnf.fr/iiif/presentation/v3/ark:/12148/bd6t569245/manifest.json'
For more information check: https://developer.mozilla.org/en-US/docs/Web/HTTP/Status/403",2026-07-17T19:26:11.909159
canardenchaine,bd6t56925g,,failed,0,0,,http_manifest,known,403,manifest,"Client error '403 ' for url 'https://openapiproext.bnf.fr/iiif/presentation/v3/ark:/12148/bd6t56925g/manifest.json'
For more information check: https://developer.mozilla.org/en-US/docs/Web/HTTP/Status/403",2026-07-17T19:26:13.283303
canardenchaine,bd6t56926s,,failed,0,0,,http_manifest,known,403,manifest,"Client error '403 ' for url 'https://openapiproext.bnf.fr/iiif/presentation/v3/ark:/12148/bd6t56926s/manifest.json'
For more information check: https://developer.mozilla.org/en-US/docs/Web/HTTP/Status/403",2026-07-17T19:26:14.419310
canardenchaine,bd6t569273,,failed,0,0,,http_manifest,known,403,manifest,"Client error '403 ' for url 'https://openapiproext.bnf.fr/iiif/presentation/v3/ark:/12148/bd6t569273/manifest.json'
For more information check: https://developer.mozilla.org/en-US/docs/Web/HTTP/Status/403",2026-07-17T19:26:15.519002
canardenchaine,bd6t56928d,,failed,0,0,,http_manifest,known,403,manifest,"Client error '403 ' for url 'https://openapiproext.bnf.fr/iiif/presentation/v3/ark:/12148/bd6t56928d/manifest.json'
For more information check: https://developer.mozilla.org/en-US/docs/Web/HTTP/Status/403",2026-07-17T19:26:16.734090
canardenchaine,bd6t56929q,,failed,0,0,,http_manifest,known,403,manifest,"Client error '403 ' for url 'https://openapiproext.bnf.fr/iiif/presentation/v3/ark:/12148/bd6t56929q/manifest.json'
For more information check: https://developer.mozilla.org/en-US/docs/Web/HTTP/Status/403",2026-07-17T19:26:17.920181
canardenchaine,bd6t569306,,failed,0,0,,http_manifest,known,403,manifest,"Client error '403 ' for url 'https://openapiproext.bnf.fr/iiif/presentation/v3/ark:/12148/bd6t569306/manifest.json'
For more information check: https://developer.mozilla.org/en-US/docs/Web/HTTP/Status/403",2026-07-17T19:26:19.121965
canardenchaine,bd6t56931h,,failed,0,0,,http_manifest,known,403,manifest,"Client error '403 ' for url 'https://openapiproext.bnf.fr/iiif/presentation/v3/ark:/12148/bd6t56931h/manifest.json'
For more information check: https://developer.mozilla.org/en-US/docs/Web/HTTP/Status/403",2026-07-17T19:26:20.321685
canardenchaine,bd6t56932t,,failed,0,0,,http_manifest,known,403,manifest,"Client error '403 ' for url 'https://openapiproext.bnf.fr/iiif/presentation/v3/ark:/12148/bd6t56932t/manifest.json'
For more information check: https://developer.mozilla.org/en-US/docs/Web/HTTP/Status/403",2026-07-17T19:26:21.522523
canardenchaine,bd6t569334,,failed,0,0,,http_manifest,known,403,manifest,"Client error '403 ' for url 'https://openapiproext.bnf.fr/iiif/presentation/v3/ark:/12148/bd6t569334/manifest.json'
For more information check: https://developer.mozilla.org/en-US/docs/Web/HTTP/Status/403",2026-07-17T19:26:22.732197
canardenchaine,bd6t56934f,,failed,0,0,,http_manifest,known,403,manifest,"Client error '403 ' for url 'https://openapiproext.bnf.fr/iiif/presentation/v3/ark:/12148/bd6t56934f/manifest.json'
For more information check: https://developer.mozilla.org/en-US/docs/Web/HTTP/Status/403",2026-07-17T19:26:23.934458
canardenchaine,bd6t56935r,,failed,0,0,,http_manifest,known,403,manifest,"Client error '403 ' for url 'https://openapiproext.bnf.fr/iiif/presentation/v3/ark:/12148/bd6t56935r/manifest.json'
For more information check: https://developer.mozilla.org/en-US/docs/Web/HTTP/Status/403",2026-07-17T19:26:25.128441
canardenchaine,bd6t569362,,failed,0,0,,http_manifest,known,403,manifest,"Client error '403 ' for url 'https://openapiproext.bnf.fr/iiif/presentation/v3/ark:/12148/bd6t569362/manifest.json'
For more information check: https://developer.mozilla.org/en-US/docs/Web/HTTP/Status/403",2026-07-17T19:26:26.332272
canardenchaine,bd6t56937c,,failed,0,0,,http_manifest,known,403,manifest,"Client error '403 ' for url 'https://openapiproext.bnf.fr/iiif/presentation/v3/ark:/12148/bd6t56937c/manifest.json'
For more information check: https://developer.mozilla.org/en-US/docs/Web/HTTP/Status/403",2026-07-17T19:26:27.535268
canardenchaine,bd6t56938p,,failed,0,0,,http_manifest,known,403,manifest,"Client error '403 ' for url 'https://openapiproext.bnf.fr/iiif/presentation/v3/ark:/12148/bd6t56938p/manifest.json'
For more information check: https://developer.mozilla.org/en-US/docs/Web/HTTP/Status/403",2026-07-17T19:26:28.762992
canardenchaine,bd6t569390,,failed,0,0,,http_manifest,known,403,manifest,"Client error '403 ' for url 'https://openapiproext.bnf.fr/iiif/presentation/v3/ark:/12148/bd6t569390/manifest.json'
For more information check: https://developer.mozilla.org/en-US/docs/Web/HTTP/Status/403",2026-07-17T19:26:29.934976
canardenchaine,bd6t56940g,,failed,0,0,,http_manifest,known,403,manifest,"Client error '403 ' for url 'https://openapiproext.bnf.fr/iiif/presentation/v3/ark:/12148/bd6t56940g/manifest.json'
For more information check: https://developer.mozilla.org/en-US/docs/Web/HTTP/Status/403",2026-07-17T19:26:31.136904
canardenchaine,bd6t56941s,,failed,0,0,,http_manifest,known,403,manifest,"Client error '403 ' for url 'https://openapiproext.bnf.fr/iiif/presentation/v3/ark:/12148/bd6t56941s/manifest.json'
For more information check: https://developer.mozilla.org/en-US/docs/Web/HTTP/Status/403",2026-07-17T19:26:32.346944
canardenchaine,bd6t569423,,failed,0,0,,http_manifest,known,403,manifest,"Client error '403 ' for url 'https://openapiproext.bnf.fr/iiif/presentation/v3/ark:/12148/bd6t569423/manifest.json'
For more information check: https://developer.mozilla.org/en-US/docs/Web/HTTP/Status/403",2026-07-17T19:26:33.544947
canardenchaine,bd6t56943d,,failed,0,0,,http_manifest,known,403,manifest,"Client error '403 ' for url 'https://openapiproext.bnf.fr/iiif/presentation/v3/ark:/12148/bd6t56943d/manifest.json'
For more information check: https://developer.mozilla.org/en-US/docs/Web/HTTP/Status/403",2026-07-17T19:26:34.744622
canardenchaine,bd6t56944q,,failed,0,0,,http_manifest,known,403,manifest,"Client error '403 ' for url 'https://openapiproext.bnf.fr/iiif/presentation/v3/ark:/12148/bd6t56944q/manifest.json'
For more information check: https://developer.mozilla.org/en-US/docs/Web/HTTP/Status/403",2026-07-17T19:26:35.946959
canardenchaine,bd6t569451,,failed,0,0,,http_manifest,known,403,manifest,"Client error '403 ' for url 'https://openapiproext.bnf.fr/iiif/presentation/v3/ark:/12148/bd6t569451/manifest.json'
For more information check: https://developer.mozilla.org/en-US/docs/Web/HTTP/Status/403",2026-07-17T19:26:37.147662
canardenchaine,bd6t56946b,,failed,0,0,,http_manifest,known,403,manifest,"Client error '403 ' for url 'https://openapiproext.bnf.fr/iiif/presentation/v3/ark:/12148/bd6t56946b/manifest.json'
For more information check: https://developer.mozilla.org/en-US/docs/Web/HTTP/Status/403",2026-07-17T19:26:38.347805
canardenchaine,bd6t56947n,,failed,0,0,,http_manifest,known,403,manifest,"Client error '403 ' for url 'https://openapiproext.bnf.fr/iiif/presentation/v3/ark:/12148/bd6t56947n/manifest.json'
For more information check: https://developer.mozilla.org/en-US/docs/Web/HTTP/Status/403",2026-07-17T19:26:39.548419
canardenchaine,bd6t56948z,,failed,0,0,,http_manifest,known,403,manifest,"Client error '403 ' for url 'https://openapiproext.bnf.fr/iiif/presentation/v3/ark:/12148/bd6t56948z/manifest.json'
For more information check: https://developer.mozilla.org/en-US/docs/Web/HTTP/Status/403",2026-07-17T19:26:40.750514
canardenchaine,bd6t569498,,failed,0,0,,http_manifest,known,403,manifest,"Client error '403 ' for url 'https://openapiproext.bnf.fr/iiif/presentation/v3/ark:/12148/bd6t569498/manifest.json'
For more information check: https://developer.mozilla.org/en-US/docs/Web/HTTP/Status/403",2026-07-17T19:26:41.952187
canardenchaine,bd6t56950r,,failed,0,0,,http_manifest,known,403,manifest,"Client error '403 ' for url 'https://openapiproext.bnf.fr/iiif/presentation/v3/ark:/12148/bd6t56950r/manifest.json'
For more information check: https://developer.mozilla.org/en-US/docs/Web/HTTP/Status/403",2026-07-17T19:26:43.160941
canardenchaine,bd6t569512,,failed,0,0,,http_manifest,known,403,manifest,"Client error '403 ' for url 'https://openapiproext.bnf.fr/iiif/presentation/v3/ark:/12148/bd6t569512/manifest.json'
For more information check: https://developer.mozilla.org/en-US/docs/Web/HTTP/Status/403",2026-07-17T19:26:44.362675
canardenchaine,bd6t56952c,,failed,0,0,,http_manifest,known,403,manifest,"Client error '403 ' for url 'https://openapiproext.bnf.fr/iiif/presentation/v3/ark:/12148/bd6t56952c/manifest.json'
For more information check: https://developer.mozilla.org/en-US/docs/Web/HTTP/Status/403",2026-07-17T19:26:45.555646
canardenchaine,bd6t56953p,,failed,0,0,,http_manifest,known,403,manifest,"Client error '403 ' for url 'https://openapiproext.bnf.fr/iiif/presentation/v3/ark:/12148/bd6t56953p/manifest.json'
For more information check: https://developer.mozilla.org/en-US/docs/Web/HTTP/Status/403",2026-07-17T19:26:46.756682
canardenchaine,bd6t569540,,failed,0,0,,http_manifest,known,403,manifest,"Client error '403 ' for url 'https://openapiproext.bnf.fr/iiif/presentation/v3/ark:/12148/bd6t569540/manifest.json'
For more information check: https://developer.mozilla.org/en-US/docs/Web/HTTP/Status/403",2026-07-17T19:26:47.974061
canardenchaine,bd6t569559,,failed,0,0,,http_manifest,known,403,manifest,"Client error '403 ' for url 'https://openapiproext.bnf.fr/iiif/presentation/v3/ark:/12148/bd6t569559/manifest.json'
For more information check: https://developer.mozilla.org/en-US/docs/Web/HTTP/Status/403",2026-07-17T19:26:49.160515
canardenchaine,bd6t56956m,,failed,0,0,,http_manifest,known,403,manifest,"Client error '403 ' for url 'https://openapiproext.bnf.fr/iiif/presentation/v3/ark:/12148/bd6t56956m/manifest.json'
For more information check: https://developer.mozilla.org/en-US/docs/Web/HTTP/Status/403",2026-07-17T19:26:50.364114
canardenchaine,bd6t56957x,,failed,0,0,,http_manifest,known,403,manifest,"Client error '403 ' for url 'https://openapiproext.bnf.fr/iiif/presentation/v3/ark:/12148/bd6t56957x/manifest.json'
For more information check: https://developer.mozilla.org/en-US/docs/Web/HTTP/Status/403",2026-07-17T19:26:51.564800
canardenchaine,bd6t569587,,failed,0,0,,http_manifest,known,403,manifest,"Client error '403 ' for url 'https://openapiproext.bnf.fr/iiif/presentation/v3/ark:/12148/bd6t569587/manifest.json'
For more information check: https://developer.mozilla.org/en-US/docs/Web/HTTP/Status/403",2026-07-17T19:26:52.764581
canardenchaine,bd6t56959j,,failed,0,0,,http_manifest,known,403,manifest,"Client error '403 ' for url 'https://openapiproext.bnf.fr/iiif/presentation/v3/ark:/12148/bd6t56959j/manifest.json'
For more information check: https://developer.mozilla.org/en-US/docs/Web/HTTP/Status/403",2026-07-17T19:26:53.966994
canardenchaine,bd6t569601,,failed,0,0,,http_manifest,known,403,manifest,"Client error '403 ' for url 'https://openapiproext.bnf.fr/iiif/presentation/v3/ark:/12148/bd6t569601/manifest.json'
For more information check: https://developer.mozilla.org/en-US/docs/Web/HTTP/Status/403",2026-07-17T19:26:55.167523
canardenchaine,bd6t56961b,,failed,0,0,,http_manifest,known,403,manifest,"Client error '403 ' for url 'https://openapiproext.bnf.fr/iiif/presentation/v3/ark:/12148/bd6t56961b/manifest.json'
For more information check: https://developer.mozilla.org/en-US/docs/Web/HTTP/Status/403",2026-07-17T19:26:56.375952
canardenchaine,bd6t56962n,,failed,0,0,,http_manifest,known,403,manifest,"Client error '403 ' for url 'https://openapiproext.bnf.fr/iiif/presentation/v3/ark:/12148/bd6t56962n/manifest.json'
For more information check: https://developer.mozilla.org/en-US/docs/Web/HTTP/Status/403",2026-07-17T19:26:57.594009
canardenchaine,bd6t56963z,,failed,0,0,,http_manifest,known,403,manifest,"Client error '403 ' for url 'https://openapiproext.bnf.fr/iiif/presentation/v3/ark:/12148/bd6t56963z/manifest.json'
For more information check: https://developer.mozilla.org/en-US/docs/Web/HTTP/Status/403",2026-07-17T19:26:58.803179
canardenchaine,bd6t569648,,failed,0,0,,http_manifest,known,403,manifest,"Client error '403 ' for url 'https://openapiproext.bnf.fr/iiif/presentation/v3/ark:/12148/bd6t569648/manifest.json'
For more information check: https://developer.mozilla.org/en-US/docs/Web/HTTP/Status/403",2026-07-17T19:27:00.209894
canardenchaine,bd6t56965k,,failed,0,0,,http_manifest,known,403,manifest,"Client error '403 ' for url 'https://openapiproext.bnf.fr/iiif/presentation/v3/ark:/12148/bd6t56965k/manifest.json'
For more information check: https://developer.mozilla.org/en-US/docs/Web/HTTP/Status/403",2026-07-17T19:27:01.212128
canardenchaine,bd6t56966w,,failed,0,0,,http_manifest,known,403,manifest,"Client error '403 ' for url 'https://openapiproext.bnf.fr/iiif/presentation/v3/ark:/12148/bd6t56966w/manifest.json'
For more information check: https://developer.mozilla.org/en-US/docs/Web/HTTP/Status/403",2026-07-17T19:27:02.378249
canardenchaine,bd6t569676,,failed,0,0,,http_manifest,known,403,manifest,"Client error '403 ' for url 'https://openapiproext.bnf.fr/iiif/presentation/v3/ark:/12148/bd6t569676/manifest.json'
For more information check: https://developer.mozilla.org/en-US/docs/Web/HTTP/Status/403",2026-07-17T19:27:03.579612
canardenchaine,bd6t56968h,,failed,0,0,,http_manifest,known,403,manifest,"Client error '403 ' for url 'https://openapiproext.bnf.fr/iiif/presentation/v3/ark:/12148/bd6t56968h/manifest.json'
For more information check: https://developer.mozilla.org/en-US/docs/Web/HTTP/Status/403",2026-07-17T19:27:04.878221
canardenchaine,bd6t56969t,,failed,0,0,,http_manifest,known,403,manifest,"Client error '403 ' for url 'https://openapiproext.bnf.fr/iiif/presentation/v3/ark:/12148/bd6t56969t/manifest.json'
For more information check: https://developer.mozilla.org/en-US/docs/Web/HTTP/Status/403",2026-07-17T19:27:06.157720
canardenchaine,bd6t569709,,failed,0,0,,http_manifest,known,403,manifest,"Client error '403 ' for url 'https://openapiproext.bnf.fr/iiif/presentation/v3/ark:/12148/bd6t569709/manifest.json'
For more information check: https://developer.mozilla.org/en-US/docs/Web/HTTP/Status/403",2026-07-17T19:27:07.184064
canardenchaine,bd6t56971m,,failed,0,0,,http_manifest,known,403,manifest,"Client error '403 ' for url 'https://openapiproext.bnf.fr/iiif/presentation/v3/ark:/12148/bd6t56971m/manifest.json'
For more information check: https://developer.mozilla.org/en-US/docs/Web/HTTP/Status/403",2026-07-17T19:27:08.463724
canardenchaine,bd6t56972x,,failed,0,0,,http_manifest,known,403,manifest,"Client error '403 ' for url 'https://openapiproext.bnf.fr/iiif/presentation/v3/ark:/12148/bd6t56972x/manifest.json'
For more information check: https://developer.mozilla.org/en-US/docs/Web/HTTP/Status/403",2026-07-17T19:27:09.762918
canardenchaine,bd6t569737,,failed,0,0,,http_manifest,known,403,manifest,"Client error '403 ' for url 'https://openapiproext.bnf.fr/iiif/presentation/v3/ark:/12148/bd6t569737/manifest.json'
For more information check: https://developer.mozilla.org/en-US/docs/Web/HTTP/Status/403",2026-07-17T19:27:10.928090
canardenchaine,bd6t56974j,,failed,0,0,,http_manifest,known,403,manifest,"Client error '403 ' for url 'https://openapiproext.bnf.fr/iiif/presentation/v3/ark:/12148/bd6t56974j/manifest.json'
For more information check: https://developer.mozilla.org/en-US/docs/Web/HTTP/Status/403",2026-07-17T19:27:12.202908
canardenchaine,bd6t56975v,,failed,0,0,,http_manifest,known,403,manifest,"Client error '403 ' for url 'https://openapiproext.bnf.fr/iiif/presentation/v3/ark:/12148/bd6t56975v/manifest.json'
For more information check: https://developer.mozilla.org/en-US/docs/Web/HTTP/Status/403",2026-07-17T19:27:13.197574
canardenchaine,bd6t569765,,failed,0,0,,http_manifest,known,403,manifest,"Client error '403 ' for url 'https://openapiproext.bnf.fr/iiif/presentation/v3/ark:/12148/bd6t569765/manifest.json'
For more information check: https://developer.mozilla.org/en-US/docs/Web/HTTP/Status/403",2026-07-17T19:27:14.533158
canardenchaine,bd6t56977g,,failed,0,0,,http_manifest,known,403,manifest,"Client error '403 ' for url 'https://openapiproext.bnf.fr/iiif/presentation/v3/ark:/12148/bd6t56977g/manifest.json'
For more information check: https://developer.mozilla.org/en-US/docs/Web/HTTP/Status/403",2026-07-17T19:27:15.879379
canardenchaine,bd6t56978s,,failed,0,0,,http_manifest,known,403,manifest,"Client error '403 ' for url 'https://openapiproext.bnf.fr/iiif/presentation/v3/ark:/12148/bd6t56978s/manifest.json'
For more information check: https://developer.mozilla.org/en-US/docs/Web/HTTP/Status/403",2026-07-17T19:27:16.812947
canardenchaine,bd6t569793,,failed,0,0,,http_manifest,known,403,manifest,"Client error '403 ' for url 'https://openapiproext.bnf.fr/iiif/presentation/v3/ark:/12148/bd6t569793/manifest.json'
For more information check: https://developer.mozilla.org/en-US/docs/Web/HTTP/Status/403",2026-07-17T19:27:17.995884
canardenchaine,bd6t56980k,,failed,0,0,,http_manifest,known,403,manifest,"Client error '403 ' for url 'https://openapiproext.bnf.fr/iiif/presentation/v3/ark:/12148/bd6t56980k/manifest.json'
For more information check: https://developer.mozilla.org/en-US/docs/Web/HTTP/Status/403",2026-07-17T19:27:19.201097
canardenchaine,bd6t56981w,,failed,0,0,,http_manifest,known,403,manifest,"Client error '403 ' for url 'https://openapiproext.bnf.fr/iiif/presentation/v3/ark:/12148/bd6t56981w/manifest.json'
For more information check: https://developer.mozilla.org/en-US/docs/Web/HTTP/Status/403",2026-07-17T19:27:20.398045
canardenchaine,bd6t569826,,failed,0,0,,http_manifest,known,403,manifest,"Client error '403 ' for url 'https://openapiproext.bnf.fr/iiif/presentation/v3/ark:/12148/bd6t569826/manifest.json'
For more information check: https://developer.mozilla.org/en-US/docs/Web/HTTP/Status/403",2026-07-17T19:27:21.601420
canardenchaine,bd6t56983h,,failed,0,0,,http_manifest,known,403,manifest,"Client error '403 ' for url 'https://openapiproext.bnf.fr/iiif/presentation/v3/ark:/12148/bd6t56983h/manifest.json'
For more information check: https://developer.mozilla.org/en-US/docs/Web/HTTP/Status/403",2026-07-17T19:27:22.801029
canardenchaine,bd6t56984t,,failed,0,0,,http_manifest,known,403,manifest,"Client error '403 ' for url 'https://openapiproext.bnf.fr/iiif/presentation/v3/ark:/12148/bd6t56984t/manifest.json'
For more information check: https://developer.mozilla.org/en-US/docs/Web/HTTP/Status/403",2026-07-17T19:27:24.002719
canardenchaine,bd6t569854,,failed,0,0,,http_manifest,known,403,manifest,"Client error '403 ' for url 'https://openapiproext.bnf.fr/iiif/presentation/v3/ark:/12148/bd6t569854/manifest.json'
For more information check: https://developer.mozilla.org/en-US/docs/Web/HTTP/Status/403",2026-07-17T19:27:25.204116
canardenchaine,bd6t56986f,,failed,0,0,,http_manifest,known,403,manifest,"Client error '403 ' for url 'https://openapiproext.bnf.fr/iiif/presentation/v3/ark:/12148/bd6t56986f/manifest.json'
For more information check: https://developer.mozilla.org/en-US/docs/Web/HTTP/Status/403",2026-07-17T19:27:26.407500
canardenchaine,bd6t56987r,,failed,0,0,,http_manifest,known,403,manifest,"Client error '403 ' for url 'https://openapiproext.bnf.fr/iiif/presentation/v3/ark:/12148/bd6t56987r/manifest.json'
For more information check: https://developer.mozilla.org/en-US/docs/Web/HTTP/Status/403",2026-07-17T19:27:27.634333
canardenchaine,bd6t569882,,failed,0,0,,http_manifest,known,403,manifest,"Client error '403 ' for url 'https://openapiproext.bnf.fr/iiif/presentation/v3/ark:/12148/bd6t569882/manifest.json'
For more information check: https://developer.mozilla.org/en-US/docs/Web/HTTP/Status/403",2026-07-17T19:27:28.808600
canardenchaine,bd6t56989c,,failed,0,0,,http_manifest,known,403,manifest,"Client error '403 ' for url 'https://openapiproext.bnf.fr/iiif/presentation/v3/ark:/12148/bd6t56989c/manifest.json'
For more information check: https://developer.mozilla.org/en-US/docs/Web/HTTP/Status/403",2026-07-17T19:27:30.010932
canardenchaine,bd6t56990v,,failed,0,0,,http_manifest,known,403,manifest,"Client error '403 ' for url 'https://openapiproext.bnf.fr/iiif/presentation/v3/ark:/12148/bd6t56990v/manifest.json'
For more information check: https://developer.mozilla.org/en-US/docs/Web/HTTP/Status/403",2026-07-17T19:27:31.212646
canardenchaine,bd6t569915,,failed,0,0,,http_manifest,known,403,manifest,"Client error '403 ' for url 'https://openapiproext.bnf.fr/iiif/presentation/v3/ark:/12148/bd6t569915/manifest.json'
For more information check: https://developer.mozilla.org/en-US/docs/Web/HTTP/Status/403",2026-07-17T19:27:32.419397
canardenchaine,bd6t56992g,,failed,0,0,,http_manifest,known,403,manifest,"Client error '403 ' for url 'https://openapiproext.bnf.fr/iiif/presentation/v3/ark:/12148/bd6t56992g/manifest.json'
For more information check: https://developer.mozilla.org/en-US/docs/Web/HTTP/Status/403",2026-07-17T19:27:33.618617
canardenchaine,bd6t56993s,,failed,0,0,,http_manifest,known,403,manifest,"Client error '403 ' for url 'https://openapiproext.bnf.fr/iiif/presentation/v3/ark:/12148/bd6t56993s/manifest.json'
For more information check: https://developer.mozilla.org/en-US/docs/Web/HTTP/Status/403",2026-07-17T19:27:34.815497
canardenchaine,bd6t569943,,failed,0,0,,http_manifest,known,403,manifest,"Client error '403 ' for url 'https://openapiproext.bnf.fr/iiif/presentation/v3/ark:/12148/bd6t569943/manifest.json'
For more information check: https://developer.mozilla.org/en-US/docs/Web/HTTP/Status/403",2026-07-17T19:27:36.017957
canardenchaine,bd6t56995d,,failed,0,0,,http_manifest,known,403,manifest,"Client error '403 ' for url 'https://openapiproext.bnf.fr/iiif/presentation/v3/ark:/12148/bd6t56995d/manifest.json'
For more information check: https://developer.mozilla.org/en-US/docs/Web/HTTP/Status/403",2026-07-17T19:27:37.221111
canardenchaine,bd6t56996q,,failed,0,0,,http_manifest,known,403,manifest,"Client error '403 ' for url 'https://openapiproext.bnf.fr/iiif/presentation/v3/ark:/12148/bd6t56996q/manifest.json'
For more information check: https://developer.mozilla.org/en-US/docs/Web/HTTP/Status/403",2026-07-17T19:27:38.421906
canardenchaine,bd6t569971,,failed,0,0,,http_manifest,known,403,manifest,"Client error '403 ' for url 'https://openapiproext.bnf.fr/iiif/presentation/v3/ark:/12148/bd6t569971/manifest.json'
For more information check: https://developer.mozilla.org/en-US/docs/Web/HTTP/Status/403",2026-07-17T19:27:39.650423
canardenchaine,bd6t56998b,,failed,0,0,,http_manifest,known,403,manifest,"Client error '403 ' for url 'https://openapiproext.bnf.fr/iiif/presentation/v3/ark:/12148/bd6t56998b/manifest.json'
For more information check: https://developer.mozilla.org/en-US/docs/Web/HTTP/Status/403",2026-07-17T19:27:40.826633
canardenchaine,bd6t56999n,,failed,0,0,,http_manifest,known,403,manifest,"Client error '403 ' for url 'https://openapiproext.bnf.fr/iiif/presentation/v3/ark:/12148/bd6t56999n/manifest.json'
For more information check: https://developer.mozilla.org/en-US/docs/Web/HTTP/Status/403",2026-07-17T19:27:42.026376
canardenchaine,bd6t57000d,,failed,0,0,,http_manifest,known,403,manifest,"Client error '403 ' for url 'https://openapiproext.bnf.fr/iiif/presentation/v3/ark:/12148/bd6t57000d/manifest.json'
For more information check: https://developer.mozilla.org/en-US/docs/Web/HTTP/Status/403",2026-07-17T19:27:43.258066
canardenchaine,bd6t57001q,,failed,0,0,,http_manifest,known,403,manifest,"Client error '403 ' for url 'https://openapiproext.bnf.fr/iiif/presentation/v3/ark:/12148/bd6t57001q/manifest.json'
For more information check: https://developer.mozilla.org/en-US/docs/Web/HTTP/Status/403",2026-07-17T19:27:44.428026
canardenchaine,bd6t570021,,failed,0,0,,http_manifest,known,403,manifest,"Client error '403 ' for url 'https://openapiproext.bnf.fr/iiif/presentation/v3/ark:/12148/bd6t570021/manifest.json'
For more information check: https://developer.mozilla.org/en-US/docs/Web/HTTP/Status/403",2026-07-17T19:27:45.627197
canardenchaine,bd6t57003b,,failed,0,0,,http_manifest,known,403,manifest,"Client error '403 ' for url 'https://openapiproext.bnf.fr/iiif/presentation/v3/ark:/12148/bd6t57003b/manifest.json'
For more information check: https://developer.mozilla.org/en-US/docs/Web/HTTP/Status/403",2026-07-17T19:27:46.836289
canardenchaine,bd6t57004n,,failed,0,0,,http_manifest,known,403,manifest,"Client error '403 ' for url 'https://openapiproext.bnf.fr/iiif/presentation/v3/ark:/12148/bd6t57004n/manifest.json'
For more information check: https://developer.mozilla.org/en-US/docs/Web/HTTP/Status/403",2026-07-17T19:27:48.032224
canardenchaine,bd6t57005z,,failed,0,0,,http_manifest,known,403,manifest,"Client error '403 ' for url 'https://openapiproext.bnf.fr/iiif/presentation/v3/ark:/12148/bd6t57005z/manifest.json'
For more information check: https://developer.mozilla.org/en-US/docs/Web/HTTP/Status/403",2026-07-17T19:27:49.252557
canardenchaine,bd6t570068,,failed,0,0,,http_manifest,known,403,manifest,"Client error '403 ' for url 'https://openapiproext.bnf.fr/iiif/presentation/v3/ark:/12148/bd6t570068/manifest.json'
For more information check: https://developer.mozilla.org/en-US/docs/Web/HTTP/Status/403",2026-07-17T19:27:50.431882
canardenchaine,bd6t57007k,,failed,0,0,,http_manifest,known,403,manifest,"Client error '403 ' for url 'https://openapiproext.bnf.fr/iiif/presentation/v3/ark:/12148/bd6t57007k/manifest.json'
For more information check: https://developer.mozilla.org/en-US/docs/Web/HTTP/Status/403",2026-07-17T19:27:51.636803
canardenchaine,bd6t57008w,,failed,0,0,,http_manifest,known,403,manifest,"Client error '403 ' for url 'https://openapiproext.bnf.fr/iiif/presentation/v3/ark:/12148/bd6t57008w/manifest.json'
For more information check: https://developer.mozilla.org/en-US/docs/Web/HTTP/Status/403",2026-07-17T19:27:52.836191
canardenchaine,bd6t570096,,failed,0,0,,http_manifest,known,403,manifest,"Client error '403 ' for url 'https://openapiproext.bnf.fr/iiif/presentation/v3/ark:/12148/bd6t570096/manifest.json'
For more information check: https://developer.mozilla.org/en-US/docs/Web/HTTP/Status/403",2026-07-17T19:27:54.036883
canardenchaine,bd6t57010p,,failed,0,0,,http_manifest,known,403,manifest,"Client error '403 ' for url 'https://openapiproext.bnf.fr/iiif/presentation/v3/ark:/12148/bd6t57010p/manifest.json'
For more information check: https://developer.mozilla.org/en-US/docs/Web/HTTP/Status/403",2026-07-17T19:27:55.237955
canardenchaine,bd6t570110,,failed,0,0,,http_manifest,known,403,manifest,"Client error '403 ' for url 'https://openapiproext.bnf.fr/iiif/presentation/v3/ark:/12148/bd6t570110/manifest.json'
For more information check: https://developer.mozilla.org/en-US/docs/Web/HTTP/Status/403",2026-07-17T19:27:56.438525
canardenchaine,bd6t56802r,,failed,0,0,,http_manifest,known,403,manifest,"Client error '403 ' for url 'https://openapiproext.bnf.fr/iiif/presentation/v3/ark:/12148/bd6t56802r/manifest.json'
For more information check: https://developer.mozilla.org/en-US/docs/Web/HTTP/Status/403",2026-07-17T19:27:57.833818
canardenchaine,bd6t568032,,failed,0,0,,http_manifest,known,403,manifest,"Client error '403 ' for url 'https://openapiproext.bnf.fr/iiif/presentation/v3/ark:/12148/bd6t568032/manifest.json'
For more information check: https://developer.mozilla.org/en-US/docs/Web/HTTP/Status/403",2026-07-17T19:27:58.847291
canardenchaine,bd6t56804c,,failed,0,0,,http_manifest,known,403,manifest,"Client error '403 ' for url 'https://openapiproext.bnf.fr/iiif/presentation/v3/ark:/12148/bd6t56804c/manifest.json'
For more information check: https://developer.mozilla.org/en-US/docs/Web/HTTP/Status/403",2026-07-17T19:28:00.133599
canardenchaine,bd6t56805p,,failed,0,0,,http_manifest,known,403,manifest,"Client error '403 ' for url 'https://openapiproext.bnf.fr/iiif/presentation/v3/ark:/12148/bd6t56805p/manifest.json'
For more information check: https://developer.mozilla.org/en-US/docs/Web/HTTP/Status/403",2026-07-17T19:28:01.470846
canardenchaine,bd6t568060,,failed,0,0,,http_manifest,known,403,manifest,"Client error '403 ' for url 'https://openapiproext.bnf.fr/iiif/presentation/v3/ark:/12148/bd6t568060/manifest.json'
For more information check: https://developer.mozilla.org/en-US/docs/Web/HTTP/Status/403",2026-07-17T19:28:02.448953
canardenchaine,bd6t568079,,failed,0,0,,http_manifest,known,403,manifest,"Client error '403 ' for url 'https://openapiproext.bnf.fr/iiif/presentation/v3/ark:/12148/bd6t568079/manifest.json'
For more information check: https://developer.mozilla.org/en-US/docs/Web/HTTP/Status/403",2026-07-17T19:28:03.790677
canardenchaine,bd6t56808m,,failed,0,0,,http_manifest,known,403,manifest,"Client error '403 ' for url 'https://openapiproext.bnf.fr/iiif/presentation/v3/ark:/12148/bd6t56808m/manifest.json'
For more information check: https://developer.mozilla.org/en-US/docs/Web/HTTP/Status/403",2026-07-17T19:28:05.078767
canardenchaine,bd6t56809x,,failed,0,0,,http_manifest,known,403,manifest,"Client error '403 ' for url 'https://openapiproext.bnf.fr/iiif/presentation/v3/ark:/12148/bd6t56809x/manifest.json'
For more information check: https://developer.mozilla.org/en-US/docs/Web/HTTP/Status/403",2026-07-17T19:28:06.231867
canardenchaine,bd6t56810d,,failed,0,0,,http_manifest,known,403,manifest,"Client error '403 ' for url 'https://openapiproext.bnf.fr/iiif/presentation/v3/ark:/12148/bd6t56810d/manifest.json'
For more information check: https://developer.mozilla.org/en-US/docs/Web/HTTP/Status/403",2026-07-17T19:28:07.256385
canardenchaine,bd6t56811q,,failed,0,0,,http_manifest,known,403,manifest,"Client error '403 ' for url 'https://openapiproext.bnf.fr/iiif/presentation/v3/ark:/12148/bd6t56811q/manifest.json'
For more information check: https://developer.mozilla.org/en-US/docs/Web/HTTP/Status/403",2026-07-17T19:28:08.455544
canardenchaine,bd6t568121,,failed,0,0,,http_manifest,known,403,manifest,"Client error '403 ' for url 'https://openapiproext.bnf.fr/iiif/presentation/v3/ark:/12148/bd6t568121/manifest.json'
For more information check: https://developer.mozilla.org/en-US/docs/Web/HTTP/Status/403",2026-07-17T19:28:09.660293
canardenchaine,bd6t56813b,,failed,0,0,,http_manifest,known,403,manifest,"Client error '403 ' for url 'https://openapiproext.bnf.fr/iiif/presentation/v3/ark:/12148/bd6t56813b/manifest.json'
For more information check: https://developer.mozilla.org/en-US/docs/Web/HTTP/Status/403",2026-07-17T19:28:10.862930
canardenchaine,bd6t56814n,,failed,0,0,,http_manifest,known,403,manifest,"Client error '403 ' for url 'https://openapiproext.bnf.fr/iiif/presentation/v3/ark:/12148/bd6t56814n/manifest.json'
For more information check: https://developer.mozilla.org/en-US/docs/Web/HTTP/Status/403",2026-07-17T19:28:12.061741
canardenchaine,bd6t56815z,,failed,0,0,,http_manifest,known,403,manifest,"Client error '403 ' for url 'https://openapiproext.bnf.fr/iiif/presentation/v3/ark:/12148/bd6t56815z/manifest.json'
For more information check: https://developer.mozilla.org/en-US/docs/Web/HTTP/Status/403",2026-07-17T19:28:13.277830
canardenchaine,bd6t568168,,failed,0,0,,http_manifest,known,403,manifest,"Client error '403 ' for url 'https://openapiproext.bnf.fr/iiif/presentation/v3/ark:/12148/bd6t568168/manifest.json'
For more information check: https://developer.mozilla.org/en-US/docs/Web/HTTP/Status/403",2026-07-17T19:28:14.463439
canardenchaine,bd6t56817k,,failed,0,0,,http_manifest,known,403,manifest,"Client error '403 ' for url 'https://openapiproext.bnf.fr/iiif/presentation/v3/ark:/12148/bd6t56817k/manifest.json'
For more information check: https://developer.mozilla.org/en-US/docs/Web/HTTP/Status/403",2026-07-17T19:28:15.664954
canardenchaine,bd6t56818w,,failed,0,0,,http_manifest,known,403,manifest,"Client error '403 ' for url 'https://openapiproext.bnf.fr/iiif/presentation/v3/ark:/12148/bd6t56818w/manifest.json'
For more information check: https://developer.mozilla.org/en-US/docs/Web/HTTP/Status/403",2026-07-17T19:28:16.866021
canardenchaine,bd6t568196,,failed,0,0,,http_manifest,known,403,manifest,"Client error '403 ' for url 'https://openapiproext.bnf.fr/iiif/presentation/v3/ark:/12148/bd6t568196/manifest.json'
For more information check: https://developer.mozilla.org/en-US/docs/Web/HTTP/Status/403",2026-07-17T19:28:18.067921
canardenchaine,bd6t56820p,,failed,0,0,,http_manifest,known,403,manifest,"Client error '403 ' for url 'https://openapiproext.bnf.fr/iiif/presentation/v3/ark:/12148/bd6t56820p/manifest.json'
For more information check: https://developer.mozilla.org/en-US/docs/Web/HTTP/Status/403",2026-07-17T19:28:19.283466
canardenchaine,bd6t568210,,failed,0,0,,http_manifest,known,403,manifest,"Client error '403 ' for url 'https://openapiproext.bnf.fr/iiif/presentation/v3/ark:/12148/bd6t568210/manifest.json'
For more information check: https://developer.mozilla.org/en-US/docs/Web/HTTP/Status/403",2026-07-17T19:28:20.478271
canardenchaine,bd6t568229,,failed,0,0,,http_manifest,known,403,manifest,"Client error '403 ' for url 'https://openapiproext.bnf.fr/iiif/presentation/v3/ark:/12148/bd6t568229/manifest.json'
For more information check: https://developer.mozilla.org/en-US/docs/Web/HTTP/Status/403",2026-07-17T19:28:21.673132
canardenchaine,bd6t56823m,,failed,0,0,,http_manifest,known,403,manifest,"Client error '403 ' for url 'https://openapiproext.bnf.fr/iiif/presentation/v3/ark:/12148/bd6t56823m/manifest.json'
For more information check: https://developer.mozilla.org/en-US/docs/Web/HTTP/Status/403",2026-07-17T19:28:22.880983
canardenchaine,bd6t56824x,,failed,0,0,,http_manifest,known,403,manifest,"Client error '403 ' for url 'https://openapiproext.bnf.fr/iiif/presentation/v3/ark:/12148/bd6t56824x/manifest.json'
For more information check: https://developer.mozilla.org/en-US/docs/Web/HTTP/Status/403",2026-07-17T19:28:24.075206
canardenchaine,bd6t568257,,failed,0,0,,http_manifest,known,403,manifest,"Client error '403 ' for url 'https://openapiproext.bnf.fr/iiif/presentation/v3/ark:/12148/bd6t568257/manifest.json'
For more information check: https://developer.mozilla.org/en-US/docs/Web/HTTP/Status/403",2026-07-17T19:28:25.276894
canardenchaine,bd6t56826j,,failed,0,0,,http_manifest,known,403,manifest,"Client error '403 ' for url 'https://openapiproext.bnf.fr/iiif/presentation/v3/ark:/12148/bd6t56826j/manifest.json'
For more information check: https://developer.mozilla.org/en-US/docs/Web/HTTP/Status/403",2026-07-17T19:28:26.480249
canardenchaine,bd6t56827v,,failed,0,0,,http_manifest,known,403,manifest,"Client error '403 ' for url 'https://openapiproext.bnf.fr/iiif/presentation/v3/ark:/12148/bd6t56827v/manifest.json'
For more information check: https://developer.mozilla.org/en-US/docs/Web/HTTP/Status/403",2026-07-17T19:28:27.686737
canardenchaine,bd6t568285,,failed,0,0,,http_manifest,known,403,manifest,"Client error '403 ' for url 'https://openapiproext.bnf.fr/iiif/presentation/v3/ark:/12148/bd6t568285/manifest.json'
For more information check: https://developer.mozilla.org/en-US/docs/Web/HTTP/Status/403",2026-07-17T19:28:28.880669
canardenchaine,bd6t56829g,,failed,0,0,,http_manifest,known,403,manifest,"Client error '403 ' for url 'https://openapiproext.bnf.fr/iiif/presentation/v3/ark:/12148/bd6t56829g/manifest.json'
For more information check: https://developer.mozilla.org/en-US/docs/Web/HTTP/Status/403",2026-07-17T19:28:30.094630
canardenchaine,bd6t56830z,,failed,0,0,,http_manifest,known,403,manifest,"Client error '403 ' for url 'https://openapiproext.bnf.fr/iiif/presentation/v3/ark:/12148/bd6t56830z/manifest.json'
For more information check: https://developer.mozilla.org/en-US/docs/Web/HTTP/Status/403",2026-07-17T19:28:31.297586
canardenchaine,bd6t568318,,failed,0,0,,http_manifest,known,403,manifest,"Client error '403 ' for url 'https://openapiproext.bnf.fr/iiif/presentation/v3/ark:/12148/bd6t568318/manifest.json'
For more information check: https://developer.mozilla.org/en-US/docs/Web/HTTP/Status/403",2026-07-17T19:28:32.487077
canardenchaine,bd6t56832k,,failed,0,0,,http_manifest,known,403,manifest,"Client error '403 ' for url 'https://openapiproext.bnf.fr/iiif/presentation/v3/ark:/12148/bd6t56832k/manifest.json'
For more information check: https://developer.mozilla.org/en-US/docs/Web/HTTP/Status/403",2026-07-17T19:28:33.693578
canardenchaine,bd6t56833w,,failed,0,0,,http_manifest,known,403,manifest,"Client error '403 ' for url 'https://openapiproext.bnf.fr/iiif/presentation/v3/ark:/12148/bd6t56833w/manifest.json'
For more information check: https://developer.mozilla.org/en-US/docs/Web/HTTP/Status/403",2026-07-17T19:28:34.894671
canardenchaine,bd6t568346,,failed,0,0,,http_manifest,known,403,manifest,"Client error '403 ' for url 'https://openapiproext.bnf.fr/iiif/presentation/v3/ark:/12148/bd6t568346/manifest.json'
For more information check: https://developer.mozilla.org/en-US/docs/Web/HTTP/Status/403",2026-07-17T19:28:36.127767
canardenchaine,bd6t56835h,,failed,0,0,,http_manifest,known,403,manifest,"Client error '403 ' for url 'https://openapiproext.bnf.fr/iiif/presentation/v3/ark:/12148/bd6t56835h/manifest.json'
For more information check: https://developer.mozilla.org/en-US/docs/Web/HTTP/Status/403",2026-07-17T19:28:37.292838
canardenchaine,bd6t56836t,,failed,0,0,,http_manifest,known,403,manifest,"Client error '403 ' for url 'https://openapiproext.bnf.fr/iiif/presentation/v3/ark:/12148/bd6t56836t/manifest.json'
For more information check: https://developer.mozilla.org/en-US/docs/Web/HTTP/Status/403",2026-07-17T19:28:38.494620
canardenchaine,bd6t568374,,failed,0,0,,http_manifest,known,403,manifest,"Client error '403 ' for url 'https://openapiproext.bnf.fr/iiif/presentation/v3/ark:/12148/bd6t568374/manifest.json'
For more information check: https://developer.mozilla.org/en-US/docs/Web/HTTP/Status/403",2026-07-17T19:28:39.692724
canardenchaine,bd6t56838f,,failed,0,0,,http_manifest,known,403,manifest,"Client error '403 ' for url 'https://openapiproext.bnf.fr/iiif/presentation/v3/ark:/12148/bd6t56838f/manifest.json'
For more information check: https://developer.mozilla.org/en-US/docs/Web/HTTP/Status/403",2026-07-17T19:28:40.898232
canardenchaine,bd6t56839r,,failed,0,0,,http_manifest,known,403,manifest,"Client error '403 ' for url 'https://openapiproext.bnf.fr/iiif/presentation/v3/ark:/12148/bd6t56839r/manifest.json'
For more information check: https://developer.mozilla.org/en-US/docs/Web/HTTP/Status/403",2026-07-17T19:28:42.099183
canardenchaine,bd6t568407,,failed,0,0,,http_manifest,known,403,manifest,"Client error '403 ' for url 'https://openapiproext.bnf.fr/iiif/presentation/v3/ark:/12148/bd6t568407/manifest.json'
For more information check: https://developer.mozilla.org/en-US/docs/Web/HTTP/Status/403",2026-07-17T19:28:43.314359
canardenchaine,bd6t56841j,,failed,0,0,,http_manifest,known,403,manifest,"Client error '403 ' for url 'https://openapiproext.bnf.fr/iiif/presentation/v3/ark:/12148/bd6t56841j/manifest.json'
For more information check: https://developer.mozilla.org/en-US/docs/Web/HTTP/Status/403",2026-07-17T19:28:44.501938
canardenchaine,bd6t56842v,,failed,0,0,,http_manifest,known,403,manifest,"Client error '403 ' for url 'https://openapiproext.bnf.fr/iiif/presentation/v3/ark:/12148/bd6t56842v/manifest.json'
For more information check: https://developer.mozilla.org/en-US/docs/Web/HTTP/Status/403",2026-07-17T19:28:45.703930
canardenchaine,bd6t568435,,failed,0,0,,http_manifest,known,403,manifest,"Client error '403 ' for url 'https://openapiproext.bnf.fr/iiif/presentation/v3/ark:/12148/bd6t568435/manifest.json'
For more information check: https://developer.mozilla.org/en-US/docs/Web/HTTP/Status/403",2026-07-17T19:28:46.909010
canardenchaine,bd6t56844g,,failed,0,0,,http_manifest,known,403,manifest,"Client error '403 ' for url 'https://openapiproext.bnf.fr/iiif/presentation/v3/ark:/12148/bd6t56844g/manifest.json'
For more information check: https://developer.mozilla.org/en-US/docs/Web/HTTP/Status/403",2026-07-17T19:28:48.107161
canardenchaine,bd6t56845s,,failed,0,0,,http_manifest,known,403,manifest,"Client error '403 ' for url 'https://openapiproext.bnf.fr/iiif/presentation/v3/ark:/12148/bd6t56845s/manifest.json'
For more information check: https://developer.mozilla.org/en-US/docs/Web/HTTP/Status/403",2026-07-17T19:28:49.332192
canardenchaine,bd6t568463,,failed,0,0,,http_manifest,known,403,manifest,"Client error '403 ' for url 'https://openapiproext.bnf.fr/iiif/presentation/v3/ark:/12148/bd6t568463/manifest.json'
For more information check: https://developer.mozilla.org/en-US/docs/Web/HTTP/Status/403",2026-07-17T19:28:50.511969
canardenchaine,bd6t56847d,,failed,0,0,,http_manifest,known,403,manifest,"Client error '403 ' for url 'https://openapiproext.bnf.fr/iiif/presentation/v3/ark:/12148/bd6t56847d/manifest.json'
For more information check: https://developer.mozilla.org/en-US/docs/Web/HTTP/Status/403",2026-07-17T19:28:51.712732
canardenchaine,bd6t56848q,,failed,0,0,,http_manifest,known,403,manifest,"Client error '403 ' for url 'https://openapiproext.bnf.fr/iiif/presentation/v3/ark:/12148/bd6t56848q/manifest.json'
For more information check: https://developer.mozilla.org/en-US/docs/Web/HTTP/Status/403",2026-07-17T19:28:52.922673
canardenchaine,bd6t568491,,failed,0,0,,http_manifest,known,403,manifest,"Client error '403 ' for url 'https://openapiproext.bnf.fr/iiif/presentation/v3/ark:/12148/bd6t568491/manifest.json'
For more information check: https://developer.mozilla.org/en-US/docs/Web/HTTP/Status/403",2026-07-17T19:28:54.115746
canardenchaine,bd6t56850h,,failed,0,0,,http_manifest,known,403,manifest,"Client error '403 ' for url 'https://openapiproext.bnf.fr/iiif/presentation/v3/ark:/12148/bd6t56850h/manifest.json'
For more information check: https://developer.mozilla.org/en-US/docs/Web/HTTP/Status/403",2026-07-17T19:28:55.321409
canardenchaine,bd6t56851t,,failed,0,0,,http_manifest,known,403,manifest,"Client error '403 ' for url 'https://openapiproext.bnf.fr/iiif/presentation/v3/ark:/12148/bd6t56851t/manifest.json'
For more information check: https://developer.mozilla.org/en-US/docs/Web/HTTP/Status/403",2026-07-17T19:28:56.518950
canardenchaine,bd6t568524,,failed,0,0,,http_manifest,known,403,manifest,"Client error '403 ' for url 'https://openapiproext.bnf.fr/iiif/presentation/v3/ark:/12148/bd6t568524/manifest.json'
For more information check: https://developer.mozilla.org/en-US/docs/Web/HTTP/Status/403",2026-07-17T19:28:57.909738
canardenchaine,bd6t56853f,,failed,0,0,,http_manifest,known,403,manifest,"Client error '403 ' for url 'https://openapiproext.bnf.fr/iiif/presentation/v3/ark:/12148/bd6t56853f/manifest.json'
For more information check: https://developer.mozilla.org/en-US/docs/Web/HTTP/Status/403",2026-07-17T19:28:59.129920
canardenchaine,bd6t56854r,,failed,0,0,,http_manifest,known,403,manifest,"Client error '403 ' for url 'https://openapiproext.bnf.fr/iiif/presentation/v3/ark:/12148/bd6t56854r/manifest.json'
For more information check: https://developer.mozilla.org/en-US/docs/Web/HTTP/Status/403",2026-07-17T19:29:00.341815
canardenchaine,bd6t570129,,failed,0,0,,http_manifest,known,403,manifest,"Client error '403 ' for url 'https://openapiproext.bnf.fr/iiif/presentation/v3/ark:/12148/bd6t570129/manifest.json'
For more information check: https://developer.mozilla.org/en-US/docs/Web/HTTP/Status/403",2026-07-17T19:29:01.333586
canardenchaine,bd6t57013m,,failed,0,0,,http_manifest,known,403,manifest,"Client error '403 ' for url 'https://openapiproext.bnf.fr/iiif/presentation/v3/ark:/12148/bd6t57013m/manifest.json'
For more information check: https://developer.mozilla.org/en-US/docs/Web/HTTP/Status/403",2026-07-17T19:29:02.529262
canardenchaine,bd6t57014x,,failed,0,0,,http_manifest,known,403,manifest,"Client error '403 ' for url 'https://openapiproext.bnf.fr/iiif/presentation/v3/ark:/12148/bd6t57014x/manifest.json'
For more information check: https://developer.mozilla.org/en-US/docs/Web/HTTP/Status/403",2026-07-17T19:29:03.747584
canardenchaine,bd6t570157,,failed,0,0,,http_manifest,known,403,manifest,"Client error '403 ' for url 'https://openapiproext.bnf.fr/iiif/presentation/v3/ark:/12148/bd6t570157/manifest.json'
For more information check: https://developer.mozilla.org/en-US/docs/Web/HTTP/Status/403",2026-07-17T19:29:05.058181
canardenchaine,bd6t57016j,,failed,0,0,,http_manifest,known,403,manifest,"Client error '403 ' for url 'https://openapiproext.bnf.fr/iiif/presentation/v3/ark:/12148/bd6t57016j/manifest.json'
For more information check: https://developer.mozilla.org/en-US/docs/Web/HTTP/Status/403",2026-07-17T19:29:06.303387
canardenchaine,bd6t57017v,,failed,0,0,,http_manifest,known,403,manifest,"Client error '403 ' for url 'https://openapiproext.bnf.fr/iiif/presentation/v3/ark:/12148/bd6t57017v/manifest.json'
For more information check: https://developer.mozilla.org/en-US/docs/Web/HTTP/Status/403",2026-07-17T19:29:07.336040
canardenchaine,bd6t570185,,failed,0,0,,http_manifest,known,403,manifest,"Client error '403 ' for url 'https://openapiproext.bnf.fr/iiif/presentation/v3/ark:/12148/bd6t570185/manifest.json'
For more information check: https://developer.mozilla.org/en-US/docs/Web/HTTP/Status/403",2026-07-17T19:29:08.532287
canardenchaine,bd6t57019g,,failed,0,0,,http_manifest,known,403,manifest,"Client error '403 ' for url 'https://openapiproext.bnf.fr/iiif/presentation/v3/ark:/12148/bd6t57019g/manifest.json'
For more information check: https://developer.mozilla.org/en-US/docs/Web/HTTP/Status/403",2026-07-17T19:29:09.737999
canardenchaine,bd6t57020z,,failed,0,0,,http_manifest,known,403,manifest,"Client error '403 ' for url 'https://openapiproext.bnf.fr/iiif/presentation/v3/ark:/12148/bd6t57020z/manifest.json'
For more information check: https://developer.mozilla.org/en-US/docs/Web/HTTP/Status/403",2026-07-17T19:29:10.944647
canardenchaine,bd6t570218,,failed,0,0,,http_manifest,known,403,manifest,"Client error '403 ' for url 'https://openapiproext.bnf.fr/iiif/presentation/v3/ark:/12148/bd6t570218/manifest.json'
For more information check: https://developer.mozilla.org/en-US/docs/Web/HTTP/Status/403",2026-07-17T19:29:12.153310
canardenchaine,bd6t57022k,,failed,0,0,,http_manifest,known,403,manifest,"Client error '403 ' for url 'https://openapiproext.bnf.fr/iiif/presentation/v3/ark:/12148/bd6t57022k/manifest.json'
For more information check: https://developer.mozilla.org/en-US/docs/Web/HTTP/Status/403",2026-07-17T19:29:13.428961
canardenchaine,bd6t57023w,,failed,0,0,,http_manifest,known,403,manifest,"Client error '403 ' for url 'https://openapiproext.bnf.fr/iiif/presentation/v3/ark:/12148/bd6t57023w/manifest.json'
For more information check: https://developer.mozilla.org/en-US/docs/Web/HTTP/Status/403",2026-07-17T19:29:14.541928
canardenchaine,bd6t570246,,failed,0,0,,http_manifest,known,403,manifest,"Client error '403 ' for url 'https://openapiproext.bnf.fr/iiif/presentation/v3/ark:/12148/bd6t570246/manifest.json'
For more information check: https://developer.mozilla.org/en-US/docs/Web/HTTP/Status/403",2026-07-17T19:29:15.741762
canardenchaine,bd6t57025h,,failed,0,0,,http_manifest,known,403,manifest,"Client error '403 ' for url 'https://openapiproext.bnf.fr/iiif/presentation/v3/ark:/12148/bd6t57025h/manifest.json'
For more information check: https://developer.mozilla.org/en-US/docs/Web/HTTP/Status/403",2026-07-17T19:29:17.018562
canardenchaine,bd6t57026t,,failed,0,0,,http_manifest,known,403,manifest,"Client error '403 ' for url 'https://openapiproext.bnf.fr/iiif/presentation/v3/ark:/12148/bd6t57026t/manifest.json'
For more information check: https://developer.mozilla.org/en-US/docs/Web/HTTP/Status/403",2026-07-17T19:29:18.381342
canardenchaine,bd6t570274,,failed,0,0,,http_manifest,known,403,manifest,"Client error '403 ' for url 'https://openapiproext.bnf.fr/iiif/presentation/v3/ark:/12148/bd6t570274/manifest.json'
For more information check: https://developer.mozilla.org/en-US/docs/Web/HTTP/Status/403",2026-07-17T19:29:19.355232
canardenchaine,bd6t57028f,,failed,0,0,,http_manifest,known,403,manifest,"Client error '403 ' for url 'https://openapiproext.bnf.fr/iiif/presentation/v3/ark:/12148/bd6t57028f/manifest.json'
For more information check: https://developer.mozilla.org/en-US/docs/Web/HTTP/Status/403",2026-07-17T19:29:20.549698
canardenchaine,bd6t57029r,,failed,0,0,,http_manifest,known,403,manifest,"Client error '403 ' for url 'https://openapiproext.bnf.fr/iiif/presentation/v3/ark:/12148/bd6t57029r/manifest.json'
For more information check: https://developer.mozilla.org/en-US/docs/Web/HTTP/Status/403",2026-07-17T19:29:21.754765
canardenchaine,bd6t570307,,failed,0,0,,http_manifest,known,403,manifest,"Client error '403 ' for url 'https://openapiproext.bnf.fr/iiif/presentation/v3/ark:/12148/bd6t570307/manifest.json'
For more information check: https://developer.mozilla.org/en-US/docs/Web/HTTP/Status/403",2026-07-17T19:29:22.959581
canardenchaine,bd6t57031j,,failed,0,0,,http_manifest,known,403,manifest,"Client error '403 ' for url 'https://openapiproext.bnf.fr/iiif/presentation/v3/ark:/12148/bd6t57031j/manifest.json'
For more information check: https://developer.mozilla.org/en-US/docs/Web/HTTP/Status/403",2026-07-17T19:29:24.599849
canardenchaine,bd6t57032v,,failed,0,0,,http_manifest,known,403,manifest,"Client error '403 ' for url 'https://openapiproext.bnf.fr/iiif/presentation/v3/ark:/12148/bd6t57032v/manifest.json'
For more information check: https://developer.mozilla.org/en-US/docs/Web/HTTP/Status/403",2026-07-17T19:29:25.357617
canardenchaine,bd6t570335,,failed,0,0,,http_manifest,known,403,manifest,"Client error '403 ' for url 'https://openapiproext.bnf.fr/iiif/presentation/v3/ark:/12148/bd6t570335/manifest.json'
For more information check: https://developer.mozilla.org/en-US/docs/Web/HTTP/Status/403",2026-07-17T19:29:26.558805
canardenchaine,bd6t57034g,,failed,0,0,,http_manifest,known,403,manifest,"Client error '403 ' for url 'https://openapiproext.bnf.fr/iiif/presentation/v3/ark:/12148/bd6t57034g/manifest.json'
For more information check: https://developer.mozilla.org/en-US/docs/Web/HTTP/Status/403",2026-07-17T19:29:27.758031
canardenchaine,bd6t57035s,,failed,0,0,,http_manifest,known,403,manifest,"Client error '403 ' for url 'https://openapiproext.bnf.fr/iiif/presentation/v3/ark:/12148/bd6t57035s/manifest.json'
For more information check: https://developer.mozilla.org/en-US/docs/Web/HTTP/Status/403",2026-07-17T19:29:28.959754
canardenchaine,bd6t570363,,failed,0,0,,http_manifest,known,403,manifest,"Client error '403 ' for url 'https://openapiproext.bnf.fr/iiif/presentation/v3/ark:/12148/bd6t570363/manifest.json'
For more information check: https://developer.mozilla.org/en-US/docs/Web/HTTP/Status/403",2026-07-17T19:29:30.174826
canardenchaine,bd6t57037d,,failed,0,0,,http_manifest,known,403,manifest,"Client error '403 ' for url 'https://openapiproext.bnf.fr/iiif/presentation/v3/ark:/12148/bd6t57037d/manifest.json'
For more information check: https://developer.mozilla.org/en-US/docs/Web/HTTP/Status/403",2026-07-17T19:29:31.365549
canardenchaine,bd6t57038q,,failed,0,0,,http_manifest,known,403,manifest,"Client error '403 ' for url 'https://openapiproext.bnf.fr/iiif/presentation/v3/ark:/12148/bd6t57038q/manifest.json'
For more information check: https://developer.mozilla.org/en-US/docs/Web/HTTP/Status/403",2026-07-17T19:29:32.566663
canardenchaine,bd6t570391,,failed,0,0,,http_manifest,known,403,manifest,"Client error '403 ' for url 'https://openapiproext.bnf.fr/iiif/presentation/v3/ark:/12148/bd6t570391/manifest.json'
For more information check: https://developer.mozilla.org/en-US/docs/Web/HTTP/Status/403",2026-07-17T19:29:33.767096
canardenchaine,bd6t57040h,,failed,0,0,,http_manifest,known,403,manifest,"Client error '403 ' for url 'https://openapiproext.bnf.fr/iiif/presentation/v3/ark:/12148/bd6t57040h/manifest.json'
For more information check: https://developer.mozilla.org/en-US/docs/Web/HTTP/Status/403",2026-07-17T19:29:34.970477
canardenchaine,bd6t57041t,,failed,0,0,,http_manifest,known,403,manifest,"Client error '403 ' for url 'https://openapiproext.bnf.fr/iiif/presentation/v3/ark:/12148/bd6t57041t/manifest.json'
For more information check: https://developer.mozilla.org/en-US/docs/Web/HTTP/Status/403",2026-07-17T19:29:36.166864
canardenchaine,bd6t570424,,failed,0,0,,http_manifest,known,403,manifest,"Client error '403 ' for url 'https://openapiproext.bnf.fr/iiif/presentation/v3/ark:/12148/bd6t570424/manifest.json'
For more information check: https://developer.mozilla.org/en-US/docs/Web/HTTP/Status/403",2026-07-17T19:29:37.368545
canardenchaine,bd6t57043f,,failed,0,0,,http_manifest,known,403,manifest,"Client error '403 ' for url 'https://openapiproext.bnf.fr/iiif/presentation/v3/ark:/12148/bd6t57043f/manifest.json'
For more information check: https://developer.mozilla.org/en-US/docs/Web/HTTP/Status/403",2026-07-17T19:29:38.570102
canardenchaine,bd6t57044r,,failed,0,0,,http_manifest,known,403,manifest,"Client error '403 ' for url 'https://openapiproext.bnf.fr/iiif/presentation/v3/ark:/12148/bd6t57044r/manifest.json'
For more information check: https://developer.mozilla.org/en-US/docs/Web/HTTP/Status/403",2026-07-17T19:29:39.775901
canardenchaine,bd6t570452,,failed,0,0,,http_manifest,known,403,manifest,"Client error '403 ' for url 'https://openapiproext.bnf.fr/iiif/presentation/v3/ark:/12148/bd6t570452/manifest.json'
For more information check: https://developer.mozilla.org/en-US/docs/Web/HTTP/Status/403",2026-07-17T19:29:40.977343
canardenchaine,bd6t57046c,,failed,0,0,,http_manifest,known,403,manifest,"Client error '403 ' for url 'https://openapiproext.bnf.fr/iiif/presentation/v3/ark:/12148/bd6t57046c/manifest.json'
For more information check: https://developer.mozilla.org/en-US/docs/Web/HTTP/Status/403",2026-07-17T19:29:42.190901
canardenchaine,bd6t57047p,,failed,0,0,,http_manifest,known,403,manifest,"Client error '403 ' for url 'https://openapiproext.bnf.fr/iiif/presentation/v3/ark:/12148/bd6t57047p/manifest.json'
For more information check: https://developer.mozilla.org/en-US/docs/Web/HTTP/Status/403",2026-07-17T19:29:43.429628
canardenchaine,bd6t570480,,failed,0,0,,http_manifest,known,403,manifest,"Client error '403 ' for url 'https://openapiproext.bnf.fr/iiif/presentation/v3/ark:/12148/bd6t570480/manifest.json'
For more information check: https://developer.mozilla.org/en-US/docs/Web/HTTP/Status/403",2026-07-17T19:29:44.582952
canardenchaine,bd6t570499,,failed,0,0,,http_manifest,known,403,manifest,"Client error '403 ' for url 'https://openapiproext.bnf.fr/iiif/presentation/v3/ark:/12148/bd6t570499/manifest.json'
For more information check: https://developer.mozilla.org/en-US/docs/Web/HTTP/Status/403",2026-07-17T19:29:45.784021
canardenchaine,bd6t57050s,,failed,0,0,,http_manifest,known,403,manifest,"Client error '403 ' for url 'https://openapiproext.bnf.fr/iiif/presentation/v3/ark:/12148/bd6t57050s/manifest.json'
For more information check: https://developer.mozilla.org/en-US/docs/Web/HTTP/Status/403",2026-07-17T19:29:46.986927
canardenchaine,bd6t570513,,failed,0,0,,http_manifest,known,403,manifest,"Client error '403 ' for url 'https://openapiproext.bnf.fr/iiif/presentation/v3/ark:/12148/bd6t570513/manifest.json'
For more information check: https://developer.mozilla.org/en-US/docs/Web/HTTP/Status/403",2026-07-17T19:29:48.186251
canardenchaine,bd6t57052d,,failed,0,0,,http_manifest,known,403,manifest,"Client error '403 ' for url 'https://openapiproext.bnf.fr/iiif/presentation/v3/ark:/12148/bd6t57052d/manifest.json'
For more information check: https://developer.mozilla.org/en-US/docs/Web/HTTP/Status/403",2026-07-17T19:29:49.414599
canardenchaine,bd6t57053q,,failed,0,0,,http_manifest,known,403,manifest,"Client error '403 ' for url 'https://openapiproext.bnf.fr/iiif/presentation/v3/ark:/12148/bd6t57053q/manifest.json'
For more information check: https://developer.mozilla.org/en-US/docs/Web/HTTP/Status/403",2026-07-17T19:29:50.590527
canardenchaine,bd6t570541,,failed,0,0,,http_manifest,known,403,manifest,"Client error '403 ' for url 'https://openapiproext.bnf.fr/iiif/presentation/v3/ark:/12148/bd6t570541/manifest.json'
For more information check: https://developer.mozilla.org/en-US/docs/Web/HTTP/Status/403",2026-07-17T19:29:51.790882
canardenchaine,bd6t57055b,,failed,0,0,,http_manifest,known,403,manifest,"Client error '403 ' for url 'https://openapiproext.bnf.fr/iiif/presentation/v3/ark:/12148/bd6t57055b/manifest.json'
For more information check: https://developer.mozilla.org/en-US/docs/Web/HTTP/Status/403",2026-07-17T19:29:52.995000
canardenchaine,bd6t57056n,,failed,0,0,,http_manifest,known,403,manifest,"Client error '403 ' for url 'https://openapiproext.bnf.fr/iiif/presentation/v3/ark:/12148/bd6t57056n/manifest.json'
For more information check: https://developer.mozilla.org/en-US/docs/Web/HTTP/Status/403",2026-07-17T19:29:54.195405
canardenchaine,bd6t57057z,,failed,0,0,,http_manifest,known,403,manifest,"Client error '403 ' for url 'https://openapiproext.bnf.fr/iiif/presentation/v3/ark:/12148/bd6t57057z/manifest.json'
For more information check: https://developer.mozilla.org/en-US/docs/Web/HTTP/Status/403",2026-07-17T19:29:55.422924
canardenchaine,bd6t570588,,failed,0,0,,http_manifest,known,403,manifest,"Client error '403 ' for url 'https://openapiproext.bnf.fr/iiif/presentation/v3/ark:/12148/bd6t570588/manifest.json'
For more information check: https://developer.mozilla.org/en-US/docs/Web/HTTP/Status/403",2026-07-17T19:29:56.599596
canardenchaine,bd6t57059k,,failed,0,0,,http_manifest,known,403,manifest,"Client error '403 ' for url 'https://openapiproext.bnf.fr/iiif/presentation/v3/ark:/12148/bd6t57059k/manifest.json'
For more information check: https://developer.mozilla.org/en-US/docs/Web/HTTP/Status/403",2026-07-17T19:29:57.800993
canardenchaine,bd6t570602,,failed,0,0,,http_manifest,known,403,manifest,"Client error '403 ' for url 'https://openapiproext.bnf.fr/iiif/presentation/v3/ark:/12148/bd6t570602/manifest.json'
For more information check: https://developer.mozilla.org/en-US/docs/Web/HTTP/Status/403",2026-07-17T19:29:59.006593
canardenchaine,bd6t57061c,,failed,0,0,,http_manifest,known,403,manifest,"Client error '403 ' for url 'https://openapiproext.bnf.fr/iiif/presentation/v3/ark:/12148/bd6t57061c/manifest.json'
For more information check: https://developer.mozilla.org/en-US/docs/Web/HTTP/Status/403",2026-07-17T19:30:00.205748
canardenchaine,bd6t57062p,,failed,0,0,,http_manifest,known,403,manifest,"Client error '403 ' for url 'https://openapiproext.bnf.fr/iiif/presentation/v3/ark:/12148/bd6t57062p/manifest.json'
For more information check: https://developer.mozilla.org/en-US/docs/Web/HTTP/Status/403",2026-07-17T19:30:01.408905
canardenchaine,bd6t570630,,failed,0,0,,http_manifest,known,403,manifest,"Client error '403 ' for url 'https://openapiproext.bnf.fr/iiif/presentation/v3/ark:/12148/bd6t570630/manifest.json'
For more information check: https://developer.mozilla.org/en-US/docs/Web/HTTP/Status/403",2026-07-17T19:30:02.608017
canardenchaine,bd6t570649,,failed,0,0,,http_manifest,known,403,manifest,"Client error '403 ' for url 'https://openapiproext.bnf.fr/iiif/presentation/v3/ark:/12148/bd6t570649/manifest.json'
For more information check: https://developer.mozilla.org/en-US/docs/Web/HTTP/Status/403",2026-07-17T19:30:03.810859
canardenchaine,bd6t57065m,,failed,0,0,,http_manifest,known,403,manifest,"Client error '403 ' for url 'https://openapiproext.bnf.fr/iiif/presentation/v3/ark:/12148/bd6t57065m/manifest.json'
For more information check: https://developer.mozilla.org/en-US/docs/Web/HTTP/Status/403",2026-07-17T19:30:05.014013
canardenchaine,bd6t57066x,,failed,0,0,,http_manifest,known,403,manifest,"Client error '403 ' for url 'https://openapiproext.bnf.fr/iiif/presentation/v3/ark:/12148/bd6t57066x/manifest.json'
For more information check: https://developer.mozilla.org/en-US/docs/Web/HTTP/Status/403",2026-07-17T19:30:06.211610
canardenchaine,bd6t570677,,failed,0,0,,http_manifest,known,403,manifest,"Client error '403 ' for url 'https://openapiproext.bnf.fr/iiif/presentation/v3/ark:/12148/bd6t570677/manifest.json'
For more information check: https://developer.mozilla.org/en-US/docs/Web/HTTP/Status/403",2026-07-17T19:30:07.436342
canardenchaine,bd6t57068j,,failed,0,0,,http_manifest,known,403,manifest,"Client error '403 ' for url 'https://openapiproext.bnf.fr/iiif/presentation/v3/ark:/12148/bd6t57068j/manifest.json'
For more information check: https://developer.mozilla.org/en-US/docs/Web/HTTP/Status/403",2026-07-17T19:30:08.765730
canardenchaine,bd6t57069v,,failed,0,0,,http_manifest,known,403,manifest,"Client error '403 ' for url 'https://openapiproext.bnf.fr/iiif/presentation/v3/ark:/12148/bd6t57069v/manifest.json'
For more information check: https://developer.mozilla.org/en-US/docs/Web/HTTP/Status/403",2026-07-17T19:30:09.935447
canardenchaine,bd6t57070b,,failed,0,0,,http_manifest,known,403,manifest,"Client error '403 ' for url 'https://openapiproext.bnf.fr/iiif/presentation/v3/ark:/12148/bd6t57070b/manifest.json'
For more information check: https://developer.mozilla.org/en-US/docs/Web/HTTP/Status/403",2026-07-17T19:30:11.025283
canardenchaine,bd6t57071n,,failed,0,0,,http_manifest,known,403,manifest,"Client error '403 ' for url 'https://openapiproext.bnf.fr/iiif/presentation/v3/ark:/12148/bd6t57071n/manifest.json'
For more information check: https://developer.mozilla.org/en-US/docs/Web/HTTP/Status/403",2026-07-17T19:30:12.370151
canardenchaine,bd6t57072z,,failed,0,0,,http_manifest,known,403,manifest,"Client error '403 ' for url 'https://openapiproext.bnf.fr/iiif/presentation/v3/ark:/12148/bd6t57072z/manifest.json'
For more information check: https://developer.mozilla.org/en-US/docs/Web/HTTP/Status/403",2026-07-17T19:30:13.667219
canardenchaine,bd6t570738,,failed,0,0,,http_manifest,known,403,manifest,"Client error '403 ' for url 'https://openapiproext.bnf.fr/iiif/presentation/v3/ark:/12148/bd6t570738/manifest.json'
For more information check: https://developer.mozilla.org/en-US/docs/Web/HTTP/Status/403",2026-07-17T19:30:14.882901
canardenchaine,bd6t57074k,,failed,0,0,,http_manifest,known,403,manifest,"Client error '403 ' for url 'https://openapiproext.bnf.fr/iiif/presentation/v3/ark:/12148/bd6t57074k/manifest.json'
For more information check: https://developer.mozilla.org/en-US/docs/Web/HTTP/Status/403",2026-07-17T19:30:16.037214
canardenchaine,bd6t57075w,,failed,0,0,,http_manifest,known,403,manifest,"Client error '403 ' for url 'https://openapiproext.bnf.fr/iiif/presentation/v3/ark:/12148/bd6t57075w/manifest.json'
For more information check: https://developer.mozilla.org/en-US/docs/Web/HTTP/Status/403",2026-07-17T19:30:17.025747
canardenchaine,bd6t570766,,failed,0,0,,http_manifest,known,403,manifest,"Client error '403 ' for url 'https://openapiproext.bnf.fr/iiif/presentation/v3/ark:/12148/bd6t570766/manifest.json'
For more information check: https://developer.mozilla.org/en-US/docs/Web/HTTP/Status/403",2026-07-17T19:30:18.226078
canardenchaine,bd6t57077h,,failed,0,0,,http_manifest,known,403,manifest,"Client error '403 ' for url 'https://openapiproext.bnf.fr/iiif/presentation/v3/ark:/12148/bd6t57077h/manifest.json'
For more information check: https://developer.mozilla.org/en-US/docs/Web/HTTP/Status/403",2026-07-17T19:30:19.619423
canardenchaine,bd6t57078t,,failed,0,0,,http_manifest,known,403,manifest,"Client error '403 ' for url 'https://openapiproext.bnf.fr/iiif/presentation/v3/ark:/12148/bd6t57078t/manifest.json'
For more information check: https://developer.mozilla.org/en-US/docs/Web/HTTP/Status/403",2026-07-17T19:30:20.627560
canardenchaine,bd6t570794,,failed,0,0,,http_manifest,known,403,manifest,"Client error '403 ' for url 'https://openapiproext.bnf.fr/iiif/presentation/v3/ark:/12148/bd6t570794/manifest.json'
For more information check: https://developer.mozilla.org/en-US/docs/Web/HTTP/Status/403",2026-07-17T19:30:21.828666
canardenchaine,bd6t57080m,,failed,0,0,,http_manifest,known,403,manifest,"Client error '403 ' for url 'https://openapiproext.bnf.fr/iiif/presentation/v3/ark:/12148/bd6t57080m/manifest.json'
For more information check: https://developer.mozilla.org/en-US/docs/Web/HTTP/Status/403",2026-07-17T19:30:23.031639
canardenchaine,bd6t57081x,,failed,0,0,,http_manifest,known,403,manifest,"Client error '403 ' for url 'https://openapiproext.bnf.fr/iiif/presentation/v3/ark:/12148/bd6t57081x/manifest.json'
For more information check: https://developer.mozilla.org/en-US/docs/Web/HTTP/Status/403",2026-07-17T19:30:24.235923
canardenchaine,bd6t570827,,failed,0,0,,http_manifest,known,403,manifest,"Client error '403 ' for url 'https://openapiproext.bnf.fr/iiif/presentation/v3/ark:/12148/bd6t570827/manifest.json'
For more information check: https://developer.mozilla.org/en-US/docs/Web/HTTP/Status/403",2026-07-17T19:30:25.449804
canardenchaine,bd6t57083j,,failed,0,0,,http_manifest,known,403,manifest,"Client error '403 ' for url 'https://openapiproext.bnf.fr/iiif/presentation/v3/ark:/12148/bd6t57083j/manifest.json'
For more information check: https://developer.mozilla.org/en-US/docs/Web/HTTP/Status/403",2026-07-17T19:30:26.631018
canardenchaine,bd6t57084v,,failed,0,0,,http_manifest,known,403,manifest,"Client error '403 ' for url 'https://openapiproext.bnf.fr/iiif/presentation/v3/ark:/12148/bd6t57084v/manifest.json'
For more information check: https://developer.mozilla.org/en-US/docs/Web/HTTP/Status/403",2026-07-17T19:30:27.836749
canardenchaine,bd6t570855,,failed,0,0,,http_manifest,known,403,manifest,"Client error '403 ' for url 'https://openapiproext.bnf.fr/iiif/presentation/v3/ark:/12148/bd6t570855/manifest.json'
For more information check: https://developer.mozilla.org/en-US/docs/Web/HTTP/Status/403",2026-07-17T19:30:29.035815
canardenchaine,bd6t57086g,,failed,0,0,,http_manifest,known,403,manifest,"Client error '403 ' for url 'https://openapiproext.bnf.fr/iiif/presentation/v3/ark:/12148/bd6t57086g/manifest.json'
For more information check: https://developer.mozilla.org/en-US/docs/Web/HTTP/Status/403",2026-07-17T19:30:30.236898
canardenchaine,bd6t57087s,,failed,0,0,,http_manifest,known,403,manifest,"Client error '403 ' for url 'https://openapiproext.bnf.fr/iiif/presentation/v3/ark:/12148/bd6t57087s/manifest.json'
For more information check: https://developer.mozilla.org/en-US/docs/Web/HTTP/Status/403",2026-07-17T19:30:31.440029
canardenchaine,bd6t570883,,failed,0,0,,http_manifest,known,403,manifest,"Client error '403 ' for url 'https://openapiproext.bnf.fr/iiif/presentation/v3/ark:/12148/bd6t570883/manifest.json'
For more information check: https://developer.mozilla.org/en-US/docs/Web/HTTP/Status/403",2026-07-17T19:30:32.644026
canardenchaine,bd6t57089d,,failed,0,0,,http_manifest,known,403,manifest,"Client error '403 ' for url 'https://openapiproext.bnf.fr/iiif/presentation/v3/ark:/12148/bd6t57089d/manifest.json'
For more information check: https://developer.mozilla.org/en-US/docs/Web/HTTP/Status/403",2026-07-17T19:30:33.853169
canardenchaine,bd6t57090w,,failed,0,0,,http_manifest,known,403,manifest,"Client error '403 ' for url 'https://openapiproext.bnf.fr/iiif/presentation/v3/ark:/12148/bd6t57090w/manifest.json'
For more information check: https://developer.mozilla.org/en-US/docs/Web/HTTP/Status/403",2026-07-17T19:30:35.044954
canardenchaine,bd6t570916,,failed,0,0,,http_manifest,known,403,manifest,"Client error '403 ' for url 'https://openapiproext.bnf.fr/iiif/presentation/v3/ark:/12148/bd6t570916/manifest.json'
For more information check: https://developer.mozilla.org/en-US/docs/Web/HTTP/Status/403",2026-07-17T19:30:36.247649
canardenchaine,bd6t57092h,,failed,0,0,,http_manifest,known,403,manifest,"Client error '403 ' for url 'https://openapiproext.bnf.fr/iiif/presentation/v3/ark:/12148/bd6t57092h/manifest.json'
For more information check: https://developer.mozilla.org/en-US/docs/Web/HTTP/Status/403",2026-07-17T19:30:37.471303
canardenchaine,bd6t57093t,,failed,0,0,,http_manifest,known,403,manifest,"Client error '403 ' for url 'https://openapiproext.bnf.fr/iiif/presentation/v3/ark:/12148/bd6t57093t/manifest.json'
For more information check: https://developer.mozilla.org/en-US/docs/Web/HTTP/Status/403",2026-07-17T19:30:38.647309
canardenchaine,bd6t570944,,failed,0,0,,http_manifest,known,403,manifest,"Client error '403 ' for url 'https://openapiproext.bnf.fr/iiif/presentation/v3/ark:/12148/bd6t570944/manifest.json'
For more information check: https://developer.mozilla.org/en-US/docs/Web/HTTP/Status/403",2026-07-17T19:30:39.850340
canardenchaine,bd6t57095f,,failed,0,0,,http_manifest,known,403,manifest,"Client error '403 ' for url 'https://openapiproext.bnf.fr/iiif/presentation/v3/ark:/12148/bd6t57095f/manifest.json'
For more information check: https://developer.mozilla.org/en-US/docs/Web/HTTP/Status/403",2026-07-17T19:30:41.053889
canardenchaine,bd6t57096r,,failed,0,0,,http_manifest,known,403,manifest,"Client error '403 ' for url 'https://openapiproext.bnf.fr/iiif/presentation/v3/ark:/12148/bd6t57096r/manifest.json'
For more information check: https://developer.mozilla.org/en-US/docs/Web/HTTP/Status/403",2026-07-17T19:30:42.280399
canardenchaine,bd6t570972,,failed,0,0,,http_manifest,known,403,manifest,"Client error '403 ' for url 'https://openapiproext.bnf.fr/iiif/presentation/v3/ark:/12148/bd6t570972/manifest.json'
For more information check: https://developer.mozilla.org/en-US/docs/Web/HTTP/Status/403",2026-07-17T19:30:43.489841
canardenchaine,bd6t57098c,,failed,0,0,,http_manifest,known,403,manifest,"Client error '403 ' for url 'https://openapiproext.bnf.fr/iiif/presentation/v3/ark:/12148/bd6t57098c/manifest.json'
For more information check: https://developer.mozilla.org/en-US/docs/Web/HTTP/Status/403",2026-07-17T19:30:44.653023
canardenchaine,bd6t57099p,,failed,0,0,,http_manifest,known,403,manifest,"Client error '403 ' for url 'https://openapiproext.bnf.fr/iiif/presentation/v3/ark:/12148/bd6t57099p/manifest.json'
For more information check: https://developer.mozilla.org/en-US/docs/Web/HTTP/Status/403",2026-07-17T19:30:45.861954
canardenchaine,bd6t57100n,,failed,0,0,,http_manifest,known,403,manifest,"Client error '403 ' for url 'https://openapiproext.bnf.fr/iiif/presentation/v3/ark:/12148/bd6t57100n/manifest.json'
For more information check: https://developer.mozilla.org/en-US/docs/Web/HTTP/Status/403",2026-07-17T19:30:47.059247
canardenchaine,bd6t57101z,,failed,0,0,,http_manifest,known,403,manifest,"Client error '403 ' for url 'https://openapiproext.bnf.fr/iiif/presentation/v3/ark:/12148/bd6t57101z/manifest.json'
For more information check: https://developer.mozilla.org/en-US/docs/Web/HTTP/Status/403",2026-07-17T19:30:48.261753
canardenchaine,bd6t571028,,failed,0,0,,http_manifest,known,403,manifest,"Client error '403 ' for url 'https://openapiproext.bnf.fr/iiif/presentation/v3/ark:/12148/bd6t571028/manifest.json'
For more information check: https://developer.mozilla.org/en-US/docs/Web/HTTP/Status/403",2026-07-17T19:30:49.484338
canardenchaine,bd6t57103k,,failed,0,0,,http_manifest,known,403,manifest,"Client error '403 ' for url 'https://openapiproext.bnf.fr/iiif/presentation/v3/ark:/12148/bd6t57103k/manifest.json'
For more information check: https://developer.mozilla.org/en-US/docs/Web/HTTP/Status/403",2026-07-17T19:30:50.663709
canardenchaine,bd6t57104w,,failed,0,0,,http_manifest,known,403,manifest,"Client error '403 ' for url 'https://openapiproext.bnf.fr/iiif/presentation/v3/ark:/12148/bd6t57104w/manifest.json'
For more information check: https://developer.mozilla.org/en-US/docs/Web/HTTP/Status/403",2026-07-17T19:30:51.865974
canardenchaine,bd6t571056,,failed,0,0,,http_manifest,known,403,manifest,"Client error '403 ' for url 'https://openapiproext.bnf.fr/iiif/presentation/v3/ark:/12148/bd6t571056/manifest.json'
For more information check: https://developer.mozilla.org/en-US/docs/Web/HTTP/Status/403",2026-07-17T19:30:53.068492
canardenchaine,bd6t57106h,,failed,0,0,,http_manifest,known,403,manifest,"Client error '403 ' for url 'https://openapiproext.bnf.fr/iiif/presentation/v3/ark:/12148/bd6t57106h/manifest.json'
For more information check: https://developer.mozilla.org/en-US/docs/Web/HTTP/Status/403",2026-07-17T19:30:54.268633
canardenchaine,bd6t57107t,,failed,0,0,,http_manifest,known,403,manifest,"Client error '403 ' for url 'https://openapiproext.bnf.fr/iiif/presentation/v3/ark:/12148/bd6t57107t/manifest.json'
For more information check: https://developer.mozilla.org/en-US/docs/Web/HTTP/Status/403",2026-07-17T19:30:55.494895
canardenchaine,bd6t571084,,failed,0,0,,http_manifest,known,403,manifest,"Client error '403 ' for url 'https://openapiproext.bnf.fr/iiif/presentation/v3/ark:/12148/bd6t571084/manifest.json'
For more information check: https://developer.mozilla.org/en-US/docs/Web/HTTP/Status/403",2026-07-17T19:30:56.673772
canardenchaine,bd6t57109f,,failed,0,0,,http_manifest,known,403,manifest,"Client error '403 ' for url 'https://openapiproext.bnf.fr/iiif/presentation/v3/ark:/12148/bd6t57109f/manifest.json'
For more information check: https://developer.mozilla.org/en-US/docs/Web/HTTP/Status/403",2026-07-17T19:30:58.039307
canardenchaine,bd6t57110x,,failed,0,0,,http_manifest,known,403,manifest,"Client error '403 ' for url 'https://openapiproext.bnf.fr/iiif/presentation/v3/ark:/12148/bd6t57110x/manifest.json'
For more information check: https://developer.mozilla.org/en-US/docs/Web/HTTP/Status/403",2026-07-17T19:30:59.231357
canardenchaine,bd6t571117,,failed,0,0,,http_manifest,known,403,manifest,"Client error '403 ' for url 'https://openapiproext.bnf.fr/iiif/presentation/v3/ark:/12148/bd6t571117/manifest.json'
For more information check: https://developer.mozilla.org/en-US/docs/Web/HTTP/Status/403",2026-07-17T19:31:00.279198
canardenchaine,bd6t57112j,,failed,0,0,,http_manifest,known,403,manifest,"Client error '403 ' for url 'https://openapiproext.bnf.fr/iiif/presentation/v3/ark:/12148/bd6t57112j/manifest.json'
For more information check: https://developer.mozilla.org/en-US/docs/Web/HTTP/Status/403",2026-07-17T19:31:01.553438
canardenchaine,bd6t57113v,,failed,0,0,,http_manifest,known,403,manifest,"Client error '403 ' for url 'https://openapiproext.bnf.fr/iiif/presentation/v3/ark:/12148/bd6t57113v/manifest.json'
For more information check: https://developer.mozilla.org/en-US/docs/Web/HTTP/Status/403",2026-07-17T19:31:02.680718
canardenchaine,bd6t57115g,,failed,0,0,,http_manifest,known,403,manifest,"Client error '403 ' for url 'https://openapiproext.bnf.fr/iiif/presentation/v3/ark:/12148/bd6t57115g/manifest.json'
For more information check: https://developer.mozilla.org/en-US/docs/Web/HTTP/Status/403",2026-07-17T19:31:04.067083
canardenchaine,bd6t571145,,failed,0,0,,http_manifest,known,403,manifest,"Client error '403 ' for url 'https://openapiproext.bnf.fr/iiif/presentation/v3/ark:/12148/bd6t571145/manifest.json'
For more information check: https://developer.mozilla.org/en-US/docs/Web/HTTP/Status/403",2026-07-17T19:31:05.296985
canardenchaine,bd6t57116s,,failed,0,0,,http_manifest,known,403,manifest,"Client error '403 ' for url 'https://openapiproext.bnf.fr/iiif/presentation/v3/ark:/12148/bd6t57116s/manifest.json'
For more information check: https://developer.mozilla.org/en-US/docs/Web/HTTP/Status/403",2026-07-17T19:31:06.370850
canardenchaine,bd6t571173,,failed,0,0,,http_manifest,known,403,manifest,"Client error '403 ' for url 'https://openapiproext.bnf.fr/iiif/presentation/v3/ark:/12148/bd6t571173/manifest.json'
For more information check: https://developer.mozilla.org/en-US/docs/Web/HTTP/Status/403",2026-07-17T19:31:07.513523
canardenchaine,bd6t57118d,,failed,0,0,,http_manifest,known,403,manifest,"Client error '403 ' for url 'https://openapiproext.bnf.fr/iiif/presentation/v3/ark:/12148/bd6t57118d/manifest.json'
For more information check: https://developer.mozilla.org/en-US/docs/Web/HTTP/Status/403",2026-07-17T19:31:08.872670
canardenchaine,bd6t57119q,,failed,0,0,,http_manifest,known,403,manifest,"Client error '403 ' for url 'https://openapiproext.bnf.fr/iiif/presentation/v3/ark:/12148/bd6t57119q/manifest.json'
For more information check: https://developer.mozilla.org/en-US/docs/Web/HTTP/Status/403",2026-07-17T19:31:09.890086
canardenchaine,bd6t571206,,failed,0,0,,http_manifest,known,403,manifest,"Client error '403 ' for url 'https://openapiproext.bnf.fr/iiif/presentation/v3/ark:/12148/bd6t571206/manifest.json'
For more information check: https://developer.mozilla.org/en-US/docs/Web/HTTP/Status/403",2026-07-17T19:31:11.152568
canardenchaine,bd6t57121h,,failed,0,0,,http_manifest,known,403,manifest,"Client error '403 ' for url 'https://openapiproext.bnf.fr/iiif/presentation/v3/ark:/12148/bd6t57121h/manifest.json'
For more information check: https://developer.mozilla.org/en-US/docs/Web/HTTP/Status/403",2026-07-17T19:31:12.294051
canardenchaine,bd6t57122t,,failed,0,0,,http_manifest,known,403,manifest,"Client error '403 ' for url 'https://openapiproext.bnf.fr/iiif/presentation/v3/ark:/12148/bd6t57122t/manifest.json'
For more information check: https://developer.mozilla.org/en-US/docs/Web/HTTP/Status/403",2026-07-17T19:31:13.493103
canardenchaine,bd6t571234,,failed,0,0,,http_manifest,known,403,manifest,"Client error '403 ' for url 'https://openapiproext.bnf.fr/iiif/presentation/v3/ark:/12148/bd6t571234/manifest.json'
For more information check: https://developer.mozilla.org/en-US/docs/Web/HTTP/Status/403",2026-07-17T19:31:14.698087
canardenchaine,bd6t57124f,,failed,0,0,,http_manifest,known,403,manifest,"Client error '403 ' for url 'https://openapiproext.bnf.fr/iiif/presentation/v3/ark:/12148/bd6t57124f/manifest.json'
For more information check: https://developer.mozilla.org/en-US/docs/Web/HTTP/Status/403",2026-07-17T19:31:15.897153
canardenchaine,bd6t57125r,,failed,0,0,,http_manifest,known,403,manifest,"Client error '403 ' for url 'https://openapiproext.bnf.fr/iiif/presentation/v3/ark:/12148/bd6t57125r/manifest.json'
For more information check: https://developer.mozilla.org/en-US/docs/Web/HTTP/Status/403",2026-07-17T19:31:17.162714
canardenchaine,bd6t571262,,failed,0,0,,http_manifest,known,403,manifest,"Client error '403 ' for url 'https://openapiproext.bnf.fr/iiif/presentation/v3/ark:/12148/bd6t571262/manifest.json'
For more information check: https://developer.mozilla.org/en-US/docs/Web/HTTP/Status/403",2026-07-17T19:31:18.300580
canardenchaine,bd6t57127c,,failed,0,0,,http_manifest,known,403,manifest,"Client error '403 ' for url 'https://openapiproext.bnf.fr/iiif/presentation/v3/ark:/12148/bd6t57127c/manifest.json'
For more information check: https://developer.mozilla.org/en-US/docs/Web/HTTP/Status/403",2026-07-17T19:31:19.526293
canardenchaine,bd6t57128p,,failed,0,0,,http_manifest,known,403,manifest,"Client error '403 ' for url 'https://openapiproext.bnf.fr/iiif/presentation/v3/ark:/12148/bd6t57128p/manifest.json'
For more information check: https://developer.mozilla.org/en-US/docs/Web/HTTP/Status/403",2026-07-17T19:31:20.703110
canardenchaine,bd6t571290,,failed,0,0,,http_manifest,known,403,manifest,"Client error '403 ' for url 'https://openapiproext.bnf.fr/iiif/presentation/v3/ark:/12148/bd6t571290/manifest.json'
For more information check: https://developer.mozilla.org/en-US/docs/Web/HTTP/Status/403",2026-07-17T19:31:21.902171
canardenchaine,bd6t57130g,,failed,0,0,,http_manifest,known,403,manifest,"Client error '403 ' for url 'https://openapiproext.bnf.fr/iiif/presentation/v3/ark:/12148/bd6t57130g/manifest.json'
For more information check: https://developer.mozilla.org/en-US/docs/Web/HTTP/Status/403",2026-07-17T19:31:23.101329
canardenchaine,bd6t57131s,,failed,0,0,,http_manifest,known,403,manifest,"Client error '403 ' for url 'https://openapiproext.bnf.fr/iiif/presentation/v3/ark:/12148/bd6t57131s/manifest.json'
For more information check: https://developer.mozilla.org/en-US/docs/Web/HTTP/Status/403",2026-07-17T19:31:24.303404
canardenchaine,bd6t571323,,failed,0,0,,http_manifest,known,403,manifest,"Client error '403 ' for url 'https://openapiproext.bnf.fr/iiif/presentation/v3/ark:/12148/bd6t571323/manifest.json'
For more information check: https://developer.mozilla.org/en-US/docs/Web/HTTP/Status/403",2026-07-17T19:31:25.526211
canardenchaine,bd6t57133d,,failed,0,0,,http_manifest,known,403,manifest,"Client error '403 ' for url 'https://openapiproext.bnf.fr/iiif/presentation/v3/ark:/12148/bd6t57133d/manifest.json'
For more information check: https://developer.mozilla.org/en-US/docs/Web/HTTP/Status/403",2026-07-17T19:31:26.709835
canardenchaine,bd6t57134q,,failed,0,0,,http_manifest,known,403,manifest,"Client error '403 ' for url 'https://openapiproext.bnf.fr/iiif/presentation/v3/ark:/12148/bd6t57134q/manifest.json'
For more information check: https://developer.mozilla.org/en-US/docs/Web/HTTP/Status/403",2026-07-17T19:31:27.908444
canardenchaine,bd6t571351,,failed,0,0,,http_manifest,known,403,manifest,"Client error '403 ' for url 'https://openapiproext.bnf.fr/iiif/presentation/v3/ark:/12148/bd6t571351/manifest.json'
For more information check: https://developer.mozilla.org/en-US/docs/Web/HTTP/Status/403",2026-07-17T19:31:29.112265
canardenchaine,bd6t57136b,,failed,0,0,,http_manifest,known,403,manifest,"Client error '403 ' for url 'https://openapiproext.bnf.fr/iiif/presentation/v3/ark:/12148/bd6t57136b/manifest.json'
For more information check: https://developer.mozilla.org/en-US/docs/Web/HTTP/Status/403",2026-07-17T19:31:30.310929
canardenchaine,bd6t57138z,,failed,0,0,,http_manifest,known,403,manifest,"Client error '403 ' for url 'https://openapiproext.bnf.fr/iiif/presentation/v3/ark:/12148/bd6t57138z/manifest.json'
For more information check: https://developer.mozilla.org/en-US/docs/Web/HTTP/Status/403",2026-07-17T19:31:31.513509
canardenchaine,bd6t57137n,,failed,0,0,,http_manifest,known,403,manifest,"Client error '403 ' for url 'https://openapiproext.bnf.fr/iiif/presentation/v3/ark:/12148/bd6t57137n/manifest.json'
For more information check: https://developer.mozilla.org/en-US/docs/Web/HTTP/Status/403",2026-07-17T19:31:32.714567
canardenchaine,bd6t571398,,failed,0,0,,http_manifest,known,403,manifest,"Client error '403 ' for url 'https://openapiproext.bnf.fr/iiif/presentation/v3/ark:/12148/bd6t571398/manifest.json'
For more information check: https://developer.mozilla.org/en-US/docs/Web/HTTP/Status/403",2026-07-17T19:31:33.916983
canardenchaine,bd6t57140r,,failed,0,0,,http_manifest,known,403,manifest,"Client error '403 ' for url 'https://openapiproext.bnf.fr/iiif/presentation/v3/ark:/12148/bd6t57140r/manifest.json'
For more information check: https://developer.mozilla.org/en-US/docs/Web/HTTP/Status/403",2026-07-17T19:31:35.116974
canardenchaine,bd6t571412,,failed,0,0,,http_manifest,known,403,manifest,"Client error '403 ' for url 'https://openapiproext.bnf.fr/iiif/presentation/v3/ark:/12148/bd6t571412/manifest.json'
For more information check: https://developer.mozilla.org/en-US/docs/Web/HTTP/Status/403",2026-07-17T19:31:36.331072
canardenchaine,bd6t57142c,,failed,0,0,,http_manifest,known,403,manifest,"Client error '403 ' for url 'https://openapiproext.bnf.fr/iiif/presentation/v3/ark:/12148/bd6t57142c/manifest.json'
For more information check: https://developer.mozilla.org/en-US/docs/Web/HTTP/Status/403",2026-07-17T19:31:37.551507
canardenchaine,bd6t57143p,,failed,0,0,,http_manifest,known,403,manifest,"Client error '403 ' for url 'https://openapiproext.bnf.fr/iiif/presentation/v3/ark:/12148/bd6t57143p/manifest.json'
For more information check: https://developer.mozilla.org/en-US/docs/Web/HTTP/Status/403",2026-07-17T19:31:38.721778
canardenchaine,bd6t571440,,failed,0,0,,http_manifest,known,403,manifest,"Client error '403 ' for url 'https://openapiproext.bnf.fr/iiif/presentation/v3/ark:/12148/bd6t571440/manifest.json'
For more information check: https://developer.mozilla.org/en-US/docs/Web/HTTP/Status/403",2026-07-17T19:31:39.921316
canardenchaine,bd6t571459,,failed,0,0,,http_manifest,known,403,manifest,"Client error '403 ' for url 'https://openapiproext.bnf.fr/iiif/presentation/v3/ark:/12148/bd6t571459/manifest.json'
For more information check: https://developer.mozilla.org/en-US/docs/Web/HTTP/Status/403",2026-07-17T19:31:41.124384
canardenchaine,bd6t57146m,,failed,0,0,,http_manifest,known,403,manifest,"Client error '403 ' for url 'https://openapiproext.bnf.fr/iiif/presentation/v3/ark:/12148/bd6t57146m/manifest.json'
For more information check: https://developer.mozilla.org/en-US/docs/Web/HTTP/Status/403",2026-07-17T19:31:42.322436
canardenchaine,bd6t57147x,,failed,0,0,,http_manifest,known,403,manifest,"Client error '403 ' for url 'https://openapiproext.bnf.fr/iiif/presentation/v3/ark:/12148/bd6t57147x/manifest.json'
For more information check: https://developer.mozilla.org/en-US/docs/Web/HTTP/Status/403",2026-07-17T19:31:43.548307
canardenchaine,bd6t571487,,failed,0,0,,http_manifest,known,403,manifest,"Client error '403 ' for url 'https://openapiproext.bnf.fr/iiif/presentation/v3/ark:/12148/bd6t571487/manifest.json'
For more information check: https://developer.mozilla.org/en-US/docs/Web/HTTP/Status/403",2026-07-17T19:31:44.728340
canardenchaine,bd6t57149j,,failed,0,0,,http_manifest,known,403,manifest,"Client error '403 ' for url 'https://openapiproext.bnf.fr/iiif/presentation/v3/ark:/12148/bd6t57149j/manifest.json'
For more information check: https://developer.mozilla.org/en-US/docs/Web/HTTP/Status/403",2026-07-17T19:31:45.930341
canardenchaine,bd6t571501,,failed,0,0,,http_manifest,known,403,manifest,"Client error '403 ' for url 'https://openapiproext.bnf.fr/iiif/presentation/v3/ark:/12148/bd6t571501/manifest.json'
For more information check: https://developer.mozilla.org/en-US/docs/Web/HTTP/Status/403",2026-07-17T19:31:47.153379
canardenchaine,bd6t57151b,,failed,0,0,,http_manifest,known,403,manifest,"Client error '403 ' for url 'https://openapiproext.bnf.fr/iiif/presentation/v3/ark:/12148/bd6t57151b/manifest.json'
For more information check: https://developer.mozilla.org/en-US/docs/Web/HTTP/Status/403",2026-07-17T19:31:48.331645
canardenchaine,bd6t57152n,,failed,0,0,,http_manifest,known,403,manifest,"Client error '403 ' for url 'https://openapiproext.bnf.fr/iiif/presentation/v3/ark:/12148/bd6t57152n/manifest.json'
For more information check: https://developer.mozilla.org/en-US/docs/Web/HTTP/Status/403",2026-07-17T19:31:49.532712
canardenchaine,bd6t57153z,,failed,0,0,,http_manifest,known,403,manifest,"Client error '403 ' for url 'https://openapiproext.bnf.fr/iiif/presentation/v3/ark:/12148/bd6t57153z/manifest.json'
For more information check: https://developer.mozilla.org/en-US/docs/Web/HTTP/Status/403",2026-07-17T19:31:50.736435
canardenchaine,bd6t571548,,failed,0,0,,http_manifest,known,403,manifest,"Client error '403 ' for url 'https://openapiproext.bnf.fr/iiif/presentation/v3/ark:/12148/bd6t571548/manifest.json'
For more information check: https://developer.mozilla.org/en-US/docs/Web/HTTP/Status/403",2026-07-17T19:31:51.939322
canardenchaine,bd6t57155k,,failed,0,0,,http_manifest,known,403,manifest,"Client error '403 ' for url 'https://openapiproext.bnf.fr/iiif/presentation/v3/ark:/12148/bd6t57155k/manifest.json'
For more information check: https://developer.mozilla.org/en-US/docs/Web/HTTP/Status/403",2026-07-17T19:31:53.140489
canardenchaine,bd6t57156w,,failed,0,0,,http_manifest,known,403,manifest,"Client error '403 ' for url 'https://openapiproext.bnf.fr/iiif/presentation/v3/ark:/12148/bd6t57156w/manifest.json'
For more information check: https://developer.mozilla.org/en-US/docs/Web/HTTP/Status/403",2026-07-17T19:31:54.341627
canardenchaine,bd6t571576,,failed,0,0,,http_manifest,known,403,manifest,"Client error '403 ' for url 'https://openapiproext.bnf.fr/iiif/presentation/v3/ark:/12148/bd6t571576/manifest.json'
For more information check: https://developer.mozilla.org/en-US/docs/Web/HTTP/Status/403",2026-07-17T19:31:55.543148
canardenchaine,bd6t57158h,,failed,0,0,,http_manifest,known,403,manifest,"Client error '403 ' for url 'https://openapiproext.bnf.fr/iiif/presentation/v3/ark:/12148/bd6t57158h/manifest.json'
For more information check: https://developer.mozilla.org/en-US/docs/Web/HTTP/Status/403",2026-07-17T19:31:56.744373
canardenchaine,bd6t57159t,,failed,0,0,,http_manifest,known,403,manifest,"Client error '403 ' for url 'https://openapiproext.bnf.fr/iiif/presentation/v3/ark:/12148/bd6t57159t/manifest.json'
For more information check: https://developer.mozilla.org/en-US/docs/Web/HTTP/Status/403",2026-07-17T19:31:58.119439
canardenchaine,bd6t571609,,failed,0,0,,http_manifest,known,403,manifest,"Client error '403 ' for url 'https://openapiproext.bnf.fr/iiif/presentation/v3/ark:/12148/bd6t571609/manifest.json'
For more information check: https://developer.mozilla.org/en-US/docs/Web/HTTP/Status/403",2026-07-17T19:31:59.300737
canardenchaine,bd6t57161m,,failed,0,0,,http_manifest,known,403,manifest,"Client error '403 ' for url 'https://openapiproext.bnf.fr/iiif/presentation/v3/ark:/12148/bd6t57161m/manifest.json'
For more information check: https://developer.mozilla.org/en-US/docs/Web/HTTP/Status/403",2026-07-17T19:32:00.534224
canardenchaine,bd6t57162x,,failed,0,0,,http_manifest,known,403,manifest,"Client error '403 ' for url 'https://openapiproext.bnf.fr/iiif/presentation/v3/ark:/12148/bd6t57162x/manifest.json'
For more information check: https://developer.mozilla.org/en-US/docs/Web/HTTP/Status/403",2026-07-17T19:32:01.723510
canardenchaine,bd6t571637,,failed,0,0,,http_manifest,known,403,manifest,"Client error '403 ' for url 'https://openapiproext.bnf.fr/iiif/presentation/v3/ark:/12148/bd6t571637/manifest.json'
For more information check: https://developer.mozilla.org/en-US/docs/Web/HTTP/Status/403",2026-07-17T19:32:02.755918
canardenchaine,bd6t57164j,,failed,0,0,,http_manifest,known,403,manifest,"Client error '403 ' for url 'https://openapiproext.bnf.fr/iiif/presentation/v3/ark:/12148/bd6t57164j/manifest.json'
For more information check: https://developer.mozilla.org/en-US/docs/Web/HTTP/Status/403",2026-07-17T19:32:04.312153
canardenchaine,bd6t57165v,,failed,0,0,,http_manifest,known,403,manifest,"Client error '403 ' for url 'https://openapiproext.bnf.fr/iiif/presentation/v3/ark:/12148/bd6t57165v/manifest.json'
For more information check: https://developer.mozilla.org/en-US/docs/Web/HTTP/Status/403",2026-07-17T19:32:05.227756
canardenchaine,bd6t571665,,failed,0,0,,http_manifest,known,403,manifest,"Client error '403 ' for url 'https://openapiproext.bnf.fr/iiif/presentation/v3/ark:/12148/bd6t571665/manifest.json'
For more information check: https://developer.mozilla.org/en-US/docs/Web/HTTP/Status/403",2026-07-17T19:32:06.562170
canardenchaine,bd6t57167g,,failed,0,0,,http_manifest,known,403,manifest,"Client error '403 ' for url 'https://openapiproext.bnf.fr/iiif/presentation/v3/ark:/12148/bd6t57167g/manifest.json'
For more information check: https://developer.mozilla.org/en-US/docs/Web/HTTP/Status/403",2026-07-17T19:32:07.567066
canardenchaine,bd6t57168s,,failed,0,0,,http_manifest,known,403,manifest,"Client error '403 ' for url 'https://openapiproext.bnf.fr/iiif/presentation/v3/ark:/12148/bd6t57168s/manifest.json'
For more information check: https://developer.mozilla.org/en-US/docs/Web/HTTP/Status/403",2026-07-17T19:32:08.803942
canardenchaine,bd6t571693,,failed,0,0,,http_manifest,known,403,manifest,"Client error '403 ' for url 'https://openapiproext.bnf.fr/iiif/presentation/v3/ark:/12148/bd6t571693/manifest.json'
For more information check: https://developer.mozilla.org/en-US/docs/Web/HTTP/Status/403",2026-07-17T19:32:09.983572
canardenchaine,bd6t57170k,,failed,0,0,,http_manifest,known,403,manifest,"Client error '403 ' for url 'https://openapiproext.bnf.fr/iiif/presentation/v3/ark:/12148/bd6t57170k/manifest.json'
For more information check: https://developer.mozilla.org/en-US/docs/Web/HTTP/Status/403",2026-07-17T19:32:11.157824
canardenchaine,bd6t57171w,,failed,0,0,,http_manifest,known,403,manifest,"Client error '403 ' for url 'https://openapiproext.bnf.fr/iiif/presentation/v3/ark:/12148/bd6t57171w/manifest.json'
For more information check: https://developer.mozilla.org/en-US/docs/Web/HTTP/Status/403",2026-07-17T19:32:12.359108
canardenchaine,bd6t571726,,failed,0,0,,http_manifest,known,403,manifest,"Client error '403 ' for url 'https://openapiproext.bnf.fr/iiif/presentation/v3/ark:/12148/bd6t571726/manifest.json'
For more information check: https://developer.mozilla.org/en-US/docs/Web/HTTP/Status/403",2026-07-17T19:32:13.559429
canardenchaine,bd6t57173h,,failed,0,0,,http_manifest,known,403,manifest,"Client error '403 ' for url 'https://openapiproext.bnf.fr/iiif/presentation/v3/ark:/12148/bd6t57173h/manifest.json'
For more information check: https://developer.mozilla.org/en-US/docs/Web/HTTP/Status/403",2026-07-17T19:32:14.764851
canardenchaine,bd6t57174t,,failed,0,0,,http_manifest,known,403,manifest,"Client error '403 ' for url 'https://openapiproext.bnf.fr/iiif/presentation/v3/ark:/12148/bd6t57174t/manifest.json'
For more information check: https://developer.mozilla.org/en-US/docs/Web/HTTP/Status/403",2026-07-17T19:32:15.965184
canardenchaine,bd6t571754,,failed,0,0,,http_manifest,known,403,manifest,"Client error '403 ' for url 'https://openapiproext.bnf.fr/iiif/presentation/v3/ark:/12148/bd6t571754/manifest.json'
For more information check: https://developer.mozilla.org/en-US/docs/Web/HTTP/Status/403",2026-07-17T19:32:17.165275
canardenchaine,bd6t57176f,,failed,0,0,,http_manifest,known,403,manifest,"Client error '403 ' for url 'https://openapiproext.bnf.fr/iiif/presentation/v3/ark:/12148/bd6t57176f/manifest.json'
For more information check: https://developer.mozilla.org/en-US/docs/Web/HTTP/Status/403",2026-07-17T19:32:18.367481
canardenchaine,bd6t57177r,,failed,0,0,,http_manifest,known,403,manifest,"Client error '403 ' for url 'https://openapiproext.bnf.fr/iiif/presentation/v3/ark:/12148/bd6t57177r/manifest.json'
For more information check: https://developer.mozilla.org/en-US/docs/Web/HTTP/Status/403",2026-07-17T19:32:19.575932
canardenchaine,bd6t571782,,failed,0,0,,http_manifest,known,403,manifest,"Client error '403 ' for url 'https://openapiproext.bnf.fr/iiif/presentation/v3/ark:/12148/bd6t571782/manifest.json'
For more information check: https://developer.mozilla.org/en-US/docs/Web/HTTP/Status/403",2026-07-17T19:32:20.771263
canardenchaine,bd6t57179c,,failed,0,0,,http_manifest,known,403,manifest,"Client error '403 ' for url 'https://openapiproext.bnf.fr/iiif/presentation/v3/ark:/12148/bd6t57179c/manifest.json'
For more information check: https://developer.mozilla.org/en-US/docs/Web/HTTP/Status/403",2026-07-17T19:32:21.999205
canardenchaine,bd6t57180v,,failed,0,0,,http_manifest,known,403,manifest,"Client error '403 ' for url 'https://openapiproext.bnf.fr/iiif/presentation/v3/ark:/12148/bd6t57180v/manifest.json'
For more information check: https://developer.mozilla.org/en-US/docs/Web/HTTP/Status/403",2026-07-17T19:32:23.181436
canardenchaine,bd6t571815,,failed,0,0,,http_manifest,known,403,manifest,"Client error '403 ' for url 'https://openapiproext.bnf.fr/iiif/presentation/v3/ark:/12148/bd6t571815/manifest.json'
For more information check: https://developer.mozilla.org/en-US/docs/Web/HTTP/Status/403",2026-07-17T19:32:24.387305
canardenchaine,bd6t57182g,,failed,0,0,,http_manifest,known,403,manifest,"Client error '403 ' for url 'https://openapiproext.bnf.fr/iiif/presentation/v3/ark:/12148/bd6t57182g/manifest.json'
For more information check: https://developer.mozilla.org/en-US/docs/Web/HTTP/Status/403",2026-07-17T19:32:25.579432
canardenchaine,bd6t57183s,,failed,0,0,,http_manifest,known,403,manifest,"Client error '403 ' for url 'https://openapiproext.bnf.fr/iiif/presentation/v3/ark:/12148/bd6t57183s/manifest.json'
For more information check: https://developer.mozilla.org/en-US/docs/Web/HTTP/Status/403",2026-07-17T19:32:26.779837
canardenchaine,bd6t571843,,failed,0,0,,http_manifest,known,403,manifest,"Client error '403 ' for url 'https://openapiproext.bnf.fr/iiif/presentation/v3/ark:/12148/bd6t571843/manifest.json'
For more information check: https://developer.mozilla.org/en-US/docs/Web/HTTP/Status/403",2026-07-17T19:32:28.017240
canardenchaine,bd6t57185d,,failed,0,0,,http_manifest,known,403,manifest,"Client error '403 ' for url 'https://openapiproext.bnf.fr/iiif/presentation/v3/ark:/12148/bd6t57185d/manifest.json'
For more information check: https://developer.mozilla.org/en-US/docs/Web/HTTP/Status/403",2026-07-17T19:32:29.182211
canardenchaine,bd6t57186q,,failed,0,0,,http_manifest,known,403,manifest,"Client error '403 ' for url 'https://openapiproext.bnf.fr/iiif/presentation/v3/ark:/12148/bd6t57186q/manifest.json'
For more information check: https://developer.mozilla.org/en-US/docs/Web/HTTP/Status/403",2026-07-17T19:32:30.384687
canardenchaine,bd6t571871,,failed,0,0,,http_manifest,known,403,manifest,"Client error '403 ' for url 'https://openapiproext.bnf.fr/iiif/presentation/v3/ark:/12148/bd6t571871/manifest.json'
For more information check: https://developer.mozilla.org/en-US/docs/Web/HTTP/Status/403",2026-07-17T19:32:31.583879
canardenchaine,bd6t57188b,,failed,0,0,,http_manifest,known,403,manifest,"Client error '403 ' for url 'https://openapiproext.bnf.fr/iiif/presentation/v3/ark:/12148/bd6t57188b/manifest.json'
For more information check: https://developer.mozilla.org/en-US/docs/Web/HTTP/Status/403",2026-07-17T19:32:32.790661
canardenchaine,bd6t57189n,,failed,0,0,,http_manifest,known,403,manifest,"Client error '403 ' for url 'https://openapiproext.bnf.fr/iiif/presentation/v3/ark:/12148/bd6t57189n/manifest.json'
For more information check: https://developer.mozilla.org/en-US/docs/Web/HTTP/Status/403",2026-07-17T19:32:33.990658
canardenchaine,bd6t571904,,failed,0,0,,http_manifest,known,403,manifest,"Client error '403 ' for url 'https://openapiproext.bnf.fr/iiif/presentation/v3/ark:/12148/bd6t571904/manifest.json'
For more information check: https://developer.mozilla.org/en-US/docs/Web/HTTP/Status/403",2026-07-17T19:32:35.188827
canardenchaine,bd6t57191f,,failed,0,0,,http_manifest,known,403,manifest,"Client error '403 ' for url 'https://openapiproext.bnf.fr/iiif/presentation/v3/ark:/12148/bd6t57191f/manifest.json'
For more information check: https://developer.mozilla.org/en-US/docs/Web/HTTP/Status/403",2026-07-17T19:32:36.387180
canardenchaine,bd6t57192r,,failed,0,0,,http_manifest,known,403,manifest,"Client error '403 ' for url 'https://openapiproext.bnf.fr/iiif/presentation/v3/ark:/12148/bd6t57192r/manifest.json'
For more information check: https://developer.mozilla.org/en-US/docs/Web/HTTP/Status/403",2026-07-17T19:32:37.589105
canardenchaine,bd6t571932,,failed,0,0,,http_manifest,known,403,manifest,"Client error '403 ' for url 'https://openapiproext.bnf.fr/iiif/presentation/v3/ark:/12148/bd6t571932/manifest.json'
For more information check: https://developer.mozilla.org/en-US/docs/Web/HTTP/Status/403",2026-07-17T19:32:38.792179
canardenchaine,bd6t57194c,,failed,0,0,,http_manifest,known,403,manifest,"Client error '403 ' for url 'https://openapiproext.bnf.fr/iiif/presentation/v3/ark:/12148/bd6t57194c/manifest.json'
For more information check: https://developer.mozilla.org/en-US/docs/Web/HTTP/Status/403",2026-07-17T19:32:40.021964
canardenchaine,bd6t57195p,,failed,0,0,,http_manifest,known,403,manifest,"Client error '403 ' for url 'https://openapiproext.bnf.fr/iiif/presentation/v3/ark:/12148/bd6t57195p/manifest.json'
For more information check: https://developer.mozilla.org/en-US/docs/Web/HTTP/Status/403",2026-07-17T19:32:41.194728
canardenchaine,bd6t571960,,failed,0,0,,http_manifest,known,403,manifest,"Client error '403 ' for url 'https://openapiproext.bnf.fr/iiif/presentation/v3/ark:/12148/bd6t571960/manifest.json'
For more information check: https://developer.mozilla.org/en-US/docs/Web/HTTP/Status/403",2026-07-17T19:32:42.402617
canardenchaine,bd6t571979,,failed,0,0,,http_manifest,known,403,manifest,"Client error '403 ' for url 'https://openapiproext.bnf.fr/iiif/presentation/v3/ark:/12148/bd6t571979/manifest.json'
For more information check: https://developer.mozilla.org/en-US/docs/Web/HTTP/Status/403",2026-07-17T19:32:43.598681
canardenchaine,bd6t57198m,,failed,0,0,,http_manifest,known,403,manifest,"Client error '403 ' for url 'https://openapiproext.bnf.fr/iiif/presentation/v3/ark:/12148/bd6t57198m/manifest.json'
For more information check: https://developer.mozilla.org/en-US/docs/Web/HTTP/Status/403",2026-07-17T19:32:44.799715
canardenchaine,bd6t57199x,,failed,0,0,,http_manifest,known,403,manifest,"Client error '403 ' for url 'https://openapiproext.bnf.fr/iiif/presentation/v3/ark:/12148/bd6t57199x/manifest.json'
For more information check: https://developer.mozilla.org/en-US/docs/Web/HTTP/Status/403",2026-07-17T19:32:45.999589
canardenchaine,bd6t57200w,,failed,0,0,,http_manifest,known,403,manifest,"Client error '403 ' for url 'https://openapiproext.bnf.fr/iiif/presentation/v3/ark:/12148/bd6t57200w/manifest.json'
For more information check: https://developer.mozilla.org/en-US/docs/Web/HTTP/Status/403",2026-07-17T19:32:47.202013
canardenchaine,bd6t572016,,failed,0,0,,http_manifest,known,403,manifest,"Client error '403 ' for url 'https://openapiproext.bnf.fr/iiif/presentation/v3/ark:/12148/bd6t572016/manifest.json'
For more information check: https://developer.mozilla.org/en-US/docs/Web/HTTP/Status/403",2026-07-17T19:32:48.404764
canardenchaine,bd6t57202h,,failed,0,0,,http_manifest,known,403,manifest,"Client error '403 ' for url 'https://openapiproext.bnf.fr/iiif/presentation/v3/ark:/12148/bd6t57202h/manifest.json'
For more information check: https://developer.mozilla.org/en-US/docs/Web/HTTP/Status/403",2026-07-17T19:32:49.601341
canardenchaine,bd6t57203t,,failed,0,0,,http_manifest,known,403,manifest,"Client error '403 ' for url 'https://openapiproext.bnf.fr/iiif/presentation/v3/ark:/12148/bd6t57203t/manifest.json'
For more information check: https://developer.mozilla.org/en-US/docs/Web/HTTP/Status/403",2026-07-17T19:32:50.810618
canardenchaine,bd6t572044,,failed,0,0,,http_manifest,known,403,manifest,"Client error '403 ' for url 'https://openapiproext.bnf.fr/iiif/presentation/v3/ark:/12148/bd6t572044/manifest.json'
For more information check: https://developer.mozilla.org/en-US/docs/Web/HTTP/Status/403",2026-07-17T19:32:52.034343
canardenchaine,bd6t57205f,,failed,0,0,,http_manifest,known,403,manifest,"Client error '403 ' for url 'https://openapiproext.bnf.fr/iiif/presentation/v3/ark:/12148/bd6t57205f/manifest.json'
For more information check: https://developer.mozilla.org/en-US/docs/Web/HTTP/Status/403",2026-07-17T19:32:53.211381
canardenchaine,bd6t57206r,,failed,0,0,,http_manifest,known,403,manifest,"Client error '403 ' for url 'https://openapiproext.bnf.fr/iiif/presentation/v3/ark:/12148/bd6t57206r/manifest.json'
For more information check: https://developer.mozilla.org/en-US/docs/Web/HTTP/Status/403",2026-07-17T19:32:54.412526
canardenchaine,bd6t572072,,failed,0,0,,http_manifest,known,403,manifest,"Client error '403 ' for url 'https://openapiproext.bnf.fr/iiif/presentation/v3/ark:/12148/bd6t572072/manifest.json'
For more information check: https://developer.mozilla.org/en-US/docs/Web/HTTP/Status/403",2026-07-17T19:32:55.610019
canardenchaine,bd6t57208c,,failed,0,0,,http_manifest,known,403,manifest,"Client error '403 ' for url 'https://openapiproext.bnf.fr/iiif/presentation/v3/ark:/12148/bd6t57208c/manifest.json'
For more information check: https://developer.mozilla.org/en-US/docs/Web/HTTP/Status/403",2026-07-17T19:32:56.813027
canardenchaine,bd6t57209p,,failed,0,0,,http_manifest,known,403,manifest,"Client error '403 ' for url 'https://openapiproext.bnf.fr/iiif/presentation/v3/ark:/12148/bd6t57209p/manifest.json'
For more information check: https://developer.mozilla.org/en-US/docs/Web/HTTP/Status/403",2026-07-17T19:32:58.037395
canardenchaine,bd6t572105,,failed,0,0,,http_manifest,known,403,manifest,"Client error '403 ' for url 'https://openapiproext.bnf.fr/iiif/presentation/v3/ark:/12148/bd6t572105/manifest.json'
For more information check: https://developer.mozilla.org/en-US/docs/Web/HTTP/Status/403",2026-07-17T19:32:59.215936
canardenchaine,bd6t57211g,,failed,0,0,,http_manifest,known,403,manifest,"Client error '403 ' for url 'https://openapiproext.bnf.fr/iiif/presentation/v3/ark:/12148/bd6t57211g/manifest.json'
For more information check: https://developer.mozilla.org/en-US/docs/Web/HTTP/Status/403",2026-07-17T19:33:00.416643
canardenchaine,bd6t57212s,,failed,0,0,,http_manifest,known,403,manifest,"Client error '403 ' for url 'https://openapiproext.bnf.fr/iiif/presentation/v3/ark:/12148/bd6t57212s/manifest.json'
For more information check: https://developer.mozilla.org/en-US/docs/Web/HTTP/Status/403",2026-07-17T19:33:01.621128
canardenchaine,bd6t572133,,failed,0,0,,http_manifest,known,403,manifest,"Client error '403 ' for url 'https://openapiproext.bnf.fr/iiif/presentation/v3/ark:/12148/bd6t572133/manifest.json'
For more information check: https://developer.mozilla.org/en-US/docs/Web/HTTP/Status/403",2026-07-17T19:33:02.822510
canardenchaine,bd6t57214d,,failed,0,0,,http_manifest,known,403,manifest,"Client error '403 ' for url 'https://openapiproext.bnf.fr/iiif/presentation/v3/ark:/12148/bd6t57214d/manifest.json'
For more information check: https://developer.mozilla.org/en-US/docs/Web/HTTP/Status/403",2026-07-17T19:33:04.168018
canardenchaine,bd6t57215q,,failed,0,0,,http_manifest,known,403,manifest,"Client error '403 ' for url 'https://openapiproext.bnf.fr/iiif/presentation/v3/ark:/12148/bd6t57215q/manifest.json'
For more information check: https://developer.mozilla.org/en-US/docs/Web/HTTP/Status/403",2026-07-17T19:33:05.313758
canardenchaine,bd6t572161,,failed,0,0,,http_manifest,known,403,manifest,"Client error '403 ' for url 'https://openapiproext.bnf.fr/iiif/presentation/v3/ark:/12148/bd6t572161/manifest.json'
For more information check: https://developer.mozilla.org/en-US/docs/Web/HTTP/Status/403",2026-07-17T19:33:06.607793
canardenchaine,bd6t57217b,,failed,0,0,,http_manifest,known,403,manifest,"Client error '403 ' for url 'https://openapiproext.bnf.fr/iiif/presentation/v3/ark:/12148/bd6t57217b/manifest.json'
For more information check: https://developer.mozilla.org/en-US/docs/Web/HTTP/Status/403",2026-07-17T19:33:07.803284
canardenchaine,bd6t57218n,,failed,0,0,,http_manifest,known,403,manifest,"Client error '403 ' for url 'https://openapiproext.bnf.fr/iiif/presentation/v3/ark:/12148/bd6t57218n/manifest.json'
For more information check: https://developer.mozilla.org/en-US/docs/Web/HTTP/Status/403",2026-07-17T19:33:08.829093
canardenchaine,bd6t57219z,,failed,0,0,,http_manifest,known,403,manifest,"Client error '403 ' for url 'https://openapiproext.bnf.fr/iiif/presentation/v3/ark:/12148/bd6t57219z/manifest.json'
For more information check: https://developer.mozilla.org/en-US/docs/Web/HTTP/Status/403",2026-07-17T19:33:10.199080
canardenchaine,bd6t57220f,,failed,0,0,,http_manifest,known,403,manifest,"Client error '403 ' for url 'https://openapiproext.bnf.fr/iiif/presentation/v3/ark:/12148/bd6t57220f/manifest.json'
For more information check: https://developer.mozilla.org/en-US/docs/Web/HTTP/Status/403",2026-07-17T19:33:11.428914
canardenchaine,bd6t57221r,,failed,0,0,,http_manifest,known,403,manifest,"Client error '403 ' for url 'https://openapiproext.bnf.fr/iiif/presentation/v3/ark:/12148/bd6t57221r/manifest.json'
For more information check: https://developer.mozilla.org/en-US/docs/Web/HTTP/Status/403",2026-07-17T19:33:12.434565
canardenchaine,bd6t572222,,failed,0,0,,http_manifest,known,403,manifest,"Client error '403 ' for url 'https://openapiproext.bnf.fr/iiif/presentation/v3/ark:/12148/bd6t572222/manifest.json'
For more information check: https://developer.mozilla.org/en-US/docs/Web/HTTP/Status/403",2026-07-17T19:33:13.833281
canardenchaine,bd6t57223c,,failed,0,0,,http_manifest,known,403,manifest,"Client error '403 ' for url 'https://openapiproext.bnf.fr/iiif/presentation/v3/ark:/12148/bd6t57223c/manifest.json'
For more information check: https://developer.mozilla.org/en-US/docs/Web/HTTP/Status/403",2026-07-17T19:33:15.065095
canardenchaine,bd6t57224p,,failed,0,0,,http_manifest,known,403,manifest,"Client error '403 ' for url 'https://openapiproext.bnf.fr/iiif/presentation/v3/ark:/12148/bd6t57224p/manifest.json'
For more information check: https://developer.mozilla.org/en-US/docs/Web/HTTP/Status/403",2026-07-17T19:33:16.147999
canardenchaine,bd6t572250,,failed,0,0,,http_manifest,known,403,manifest,"Client error '403 ' for url 'https://openapiproext.bnf.fr/iiif/presentation/v3/ark:/12148/bd6t572250/manifest.json'
For more information check: https://developer.mozilla.org/en-US/docs/Web/HTTP/Status/403",2026-07-17T19:33:17.294629
canardenchaine,bd6t572269,,failed,0,0,,http_manifest,known,403,manifest,"Client error '403 ' for url 'https://openapiproext.bnf.fr/iiif/presentation/v3/ark:/12148/bd6t572269/manifest.json'
For more information check: https://developer.mozilla.org/en-US/docs/Web/HTTP/Status/403",2026-07-17T19:33:18.445561
canardenchaine,bd6t57227m,,failed,0,0,,http_manifest,known,403,manifest,"Client error '403 ' for url 'https://openapiproext.bnf.fr/iiif/presentation/v3/ark:/12148/bd6t57227m/manifest.json'
For more information check: https://developer.mozilla.org/en-US/docs/Web/HTTP/Status/403",2026-07-17T19:33:19.645390
canardenchaine,bd6t572297,,failed,0,0,,http_manifest,known,403,manifest,"Client error '403 ' for url 'https://openapiproext.bnf.fr/iiif/presentation/v3/ark:/12148/bd6t572297/manifest.json'
For more information check: https://developer.mozilla.org/en-US/docs/Web/HTTP/Status/403",2026-07-17T19:33:20.843964
canardenchaine,bd6t57228x,,failed,0,0,,http_manifest,known,403,manifest,"Client error '403 ' for url 'https://openapiproext.bnf.fr/iiif/presentation/v3/ark:/12148/bd6t57228x/manifest.json'
For more information check: https://developer.mozilla.org/en-US/docs/Web/HTTP/Status/403",2026-07-17T19:33:22.066173
canardenchaine,bd6t57230q,,failed,0,0,,http_manifest,known,403,manifest,"Client error '403 ' for url 'https://openapiproext.bnf.fr/iiif/presentation/v3/ark:/12148/bd6t57230q/manifest.json'
For more information check: https://developer.mozilla.org/en-US/docs/Web/HTTP/Status/403",2026-07-17T19:33:23.247899
canardenchaine,bd6t572311,,failed,0,0,,http_manifest,known,403,manifest,"Client error '403 ' for url 'https://openapiproext.bnf.fr/iiif/presentation/v3/ark:/12148/bd6t572311/manifest.json'
For more information check: https://developer.mozilla.org/en-US/docs/Web/HTTP/Status/403",2026-07-17T19:33:24.450132
canardenchaine,bd6t57232b,,failed,0,0,,http_manifest,known,403,manifest,"Client error '403 ' for url 'https://openapiproext.bnf.fr/iiif/presentation/v3/ark:/12148/bd6t57232b/manifest.json'
For more information check: https://developer.mozilla.org/en-US/docs/Web/HTTP/Status/403",2026-07-17T19:33:25.650939
canardenchaine,bd6t57233n,,failed,0,0,,http_manifest,known,403,manifest,"Client error '403 ' for url 'https://openapiproext.bnf.fr/iiif/presentation/v3/ark:/12148/bd6t57233n/manifest.json'
For more information check: https://developer.mozilla.org/en-US/docs/Web/HTTP/Status/403",2026-07-17T19:33:26.851653
canardenchaine,bd6t57234z,,failed,0,0,,http_manifest,known,403,manifest,"Client error '403 ' for url 'https://openapiproext.bnf.fr/iiif/presentation/v3/ark:/12148/bd6t57234z/manifest.json'
For more information check: https://developer.mozilla.org/en-US/docs/Web/HTTP/Status/403",2026-07-17T19:33:28.078920
canardenchaine,bd6t57236k,,failed,0,0,,http_manifest,known,403,manifest,"Client error '403 ' for url 'https://openapiproext.bnf.fr/iiif/presentation/v3/ark:/12148/bd6t57236k/manifest.json'
For more information check: https://developer.mozilla.org/en-US/docs/Web/HTTP/Status/403",2026-07-17T19:33:29.263484
canardenchaine,bd6t572358,,failed,0,0,,http_manifest,known,403,manifest,"Client error '403 ' for url 'https://openapiproext.bnf.fr/iiif/presentation/v3/ark:/12148/bd6t572358/manifest.json'
For more information check: https://developer.mozilla.org/en-US/docs/Web/HTTP/Status/403",2026-07-17T19:33:30.465859
canardenchaine,bd6t57237w,,failed,0,0,,http_manifest,known,403,manifest,"Client error '403 ' for url 'https://openapiproext.bnf.fr/iiif/presentation/v3/ark:/12148/bd6t57237w/manifest.json'
For more information check: https://developer.mozilla.org/en-US/docs/Web/HTTP/Status/403",2026-07-17T19:33:31.661193
canardenchaine,bd6t572386,,failed,0,0,,http_manifest,known,403,manifest,"Client error '403 ' for url 'https://openapiproext.bnf.fr/iiif/presentation/v3/ark:/12148/bd6t572386/manifest.json'
For more information check: https://developer.mozilla.org/en-US/docs/Web/HTTP/Status/403",2026-07-17T19:33:32.869019
canardenchaine,bd6t57239h,,failed,0,0,,http_manifest,known,403,manifest,"Client error '403 ' for url 'https://openapiproext.bnf.fr/iiif/presentation/v3/ark:/12148/bd6t57239h/manifest.json'
For more information check: https://developer.mozilla.org/en-US/docs/Web/HTTP/Status/403",2026-07-17T19:33:34.063053
canardenchaine,bd6t572400,,failed,0,0,,http_manifest,known,403,manifest,"Client error '403 ' for url 'https://openapiproext.bnf.fr/iiif/presentation/v3/ark:/12148/bd6t572400/manifest.json'
For more information check: https://developer.mozilla.org/en-US/docs/Web/HTTP/Status/403",2026-07-17T19:33:35.268830
canardenchaine,bd6t572419,,failed,0,0,,http_manifest,known,403,manifest,"Client error '403 ' for url 'https://openapiproext.bnf.fr/iiif/presentation/v3/ark:/12148/bd6t572419/manifest.json'
For more information check: https://developer.mozilla.org/en-US/docs/Web/HTTP/Status/403",2026-07-17T19:33:36.485435
canardenchaine,bd6t57242m,,failed,0,0,,http_manifest,known,403,manifest,"Client error '403 ' for url 'https://openapiproext.bnf.fr/iiif/presentation/v3/ark:/12148/bd6t57242m/manifest.json'
For more information check: https://developer.mozilla.org/en-US/docs/Web/HTTP/Status/403",2026-07-17T19:33:37.669545
canardenchaine,bd6t57243x,,failed,0,0,,http_manifest,known,403,manifest,"Client error '403 ' for url 'https://openapiproext.bnf.fr/iiif/presentation/v3/ark:/12148/bd6t57243x/manifest.json'
For more information check: https://developer.mozilla.org/en-US/docs/Web/HTTP/Status/403",2026-07-17T19:33:38.872470
canardenchaine,bd6t572447,,failed,0,0,,http_manifest,known,403,manifest,"Client error '403 ' for url 'https://openapiproext.bnf.fr/iiif/presentation/v3/ark:/12148/bd6t572447/manifest.json'
For more information check: https://developer.mozilla.org/en-US/docs/Web/HTTP/Status/403",2026-07-17T19:33:40.097218
canardenchaine,bd6t57245j,,failed,0,0,,http_manifest,known,403,manifest,"Client error '403 ' for url 'https://openapiproext.bnf.fr/iiif/presentation/v3/ark:/12148/bd6t57245j/manifest.json'
For more information check: https://developer.mozilla.org/en-US/docs/Web/HTTP/Status/403",2026-07-17T19:33:41.274731
canardenchaine,bd6t57246v,,failed,0,0,,http_manifest,known,403,manifest,"Client error '403 ' for url 'https://openapiproext.bnf.fr/iiif/presentation/v3/ark:/12148/bd6t57246v/manifest.json'
For more information check: https://developer.mozilla.org/en-US/docs/Web/HTTP/Status/403",2026-07-17T19:33:42.470988
canardenchaine,bd6t572475,,failed,0,0,,http_manifest,known,403,manifest,"Client error '403 ' for url 'https://openapiproext.bnf.fr/iiif/presentation/v3/ark:/12148/bd6t572475/manifest.json'
For more information check: https://developer.mozilla.org/en-US/docs/Web/HTTP/Status/403",2026-07-17T19:33:43.699943
canardenchaine,bd6t57248g,,failed,0,0,,http_manifest,known,403,manifest,"Client error '403 ' for url 'https://openapiproext.bnf.fr/iiif/presentation/v3/ark:/12148/bd6t57248g/manifest.json'
For more information check: https://developer.mozilla.org/en-US/docs/Web/HTTP/Status/403",2026-07-17T19:33:44.874773
canardenchaine,bd6t57249s,,failed,0,0,,http_manifest,known,403,manifest,"Client error '403 ' for url 'https://openapiproext.bnf.fr/iiif/presentation/v3/ark:/12148/bd6t57249s/manifest.json'
For more information check: https://developer.mozilla.org/en-US/docs/Web/HTTP/Status/403",2026-07-17T19:33:46.077277
canardenchaine,bd6t572508,,failed,0,0,,http_manifest,known,403,manifest,"Client error '403 ' for url 'https://openapiproext.bnf.fr/iiif/presentation/v3/ark:/12148/bd6t572508/manifest.json'
For more information check: https://developer.mozilla.org/en-US/docs/Web/HTTP/Status/403",2026-07-17T19:33:47.276505
canardenchaine,bd6t57251k,,failed,0,0,,http_manifest,known,403,manifest,"Client error '403 ' for url 'https://openapiproext.bnf.fr/iiif/presentation/v3/ark:/12148/bd6t57251k/manifest.json'
For more information check: https://developer.mozilla.org/en-US/docs/Web/HTTP/Status/403",2026-07-17T19:33:48.477911
canardenchaine,bd6t57252w,,failed,0,0,,http_manifest,known,403,manifest,"Client error '403 ' for url 'https://openapiproext.bnf.fr/iiif/presentation/v3/ark:/12148/bd6t57252w/manifest.json'
For more information check: https://developer.mozilla.org/en-US/docs/Web/HTTP/Status/403",2026-07-17T19:33:49.693869
canardenchaine,bd6t572536,,failed,0,0,,http_manifest,known,403,manifest,"Client error '403 ' for url 'https://openapiproext.bnf.fr/iiif/presentation/v3/ark:/12148/bd6t572536/manifest.json'
For more information check: https://developer.mozilla.org/en-US/docs/Web/HTTP/Status/403",2026-07-17T19:33:50.881281
canardenchaine,bd6t57254h,,failed,0,0,,http_manifest,known,403,manifest,"Client error '403 ' for url 'https://openapiproext.bnf.fr/iiif/presentation/v3/ark:/12148/bd6t57254h/manifest.json'
For more information check: https://developer.mozilla.org/en-US/docs/Web/HTTP/Status/403",2026-07-17T19:33:52.084099
canardenchaine,bd6t57255t,,failed,0,0,,http_manifest,known,403,manifest,"Client error '403 ' for url 'https://openapiproext.bnf.fr/iiif/presentation/v3/ark:/12148/bd6t57255t/manifest.json'
For more information check: https://developer.mozilla.org/en-US/docs/Web/HTTP/Status/403",2026-07-17T19:33:53.284973
canardenchaine,bd6t572564,,failed,0,0,,http_manifest,known,403,manifest,"Client error '403 ' for url 'https://openapiproext.bnf.fr/iiif/presentation/v3/ark:/12148/bd6t572564/manifest.json'
For more information check: https://developer.mozilla.org/en-US/docs/Web/HTTP/Status/403",2026-07-17T19:33:54.483806
canardenchaine,bd6t57257f,,failed,0,0,,http_manifest,known,403,manifest,"Client error '403 ' for url 'https://openapiproext.bnf.fr/iiif/presentation/v3/ark:/12148/bd6t57257f/manifest.json'
For more information check: https://developer.mozilla.org/en-US/docs/Web/HTTP/Status/403",2026-07-17T19:33:55.684628
canardenchaine,bd6t57258r,,failed,0,0,,http_manifest,known,403,manifest,"Client error '403 ' for url 'https://openapiproext.bnf.fr/iiif/presentation/v3/ark:/12148/bd6t57258r/manifest.json'
For more information check: https://developer.mozilla.org/en-US/docs/Web/HTTP/Status/403",2026-07-17T19:33:56.886543
canardenchaine,bd6t572592,,failed,0,0,,http_manifest,known,403,manifest,"Client error '403 ' for url 'https://openapiproext.bnf.fr/iiif/presentation/v3/ark:/12148/bd6t572592/manifest.json'
For more information check: https://developer.mozilla.org/en-US/docs/Web/HTTP/Status/403",2026-07-17T19:33:58.092805
canardenchaine,bd6t57260j,,failed,0,0,,http_manifest,known,403,manifest,"Client error '403 ' for url 'https://openapiproext.bnf.fr/iiif/presentation/v3/ark:/12148/bd6t57260j/manifest.json'
For more information check: https://developer.mozilla.org/en-US/docs/Web/HTTP/Status/403",2026-07-17T19:33:59.506923
canardenchaine,bd6t57261v,,failed,0,0,,http_manifest,known,403,manifest,"Client error '403 ' for url 'https://openapiproext.bnf.fr/iiif/presentation/v3/ark:/12148/bd6t57261v/manifest.json'
For more information check: https://developer.mozilla.org/en-US/docs/Web/HTTP/Status/403",2026-07-17T19:34:00.636615
canardenchaine,bd6t572625,,failed,0,0,,http_manifest,known,403,manifest,"Client error '403 ' for url 'https://openapiproext.bnf.fr/iiif/presentation/v3/ark:/12148/bd6t572625/manifest.json'
For more information check: https://developer.mozilla.org/en-US/docs/Web/HTTP/Status/403",2026-07-17T19:34:01.733312
canardenchaine,bd6t57263g,,failed,0,0,,http_manifest,known,403,manifest,"Client error '403 ' for url 'https://openapiproext.bnf.fr/iiif/presentation/v3/ark:/12148/bd6t57263g/manifest.json'
For more information check: https://developer.mozilla.org/en-US/docs/Web/HTTP/Status/403",2026-07-17T19:34:02.953954
canardenchaine,bd6t57264s,,failed,0,0,,http_manifest,known,403,manifest,"Client error '403 ' for url 'https://openapiproext.bnf.fr/iiif/presentation/v3/ark:/12148/bd6t57264s/manifest.json'
For more information check: https://developer.mozilla.org/en-US/docs/Web/HTTP/Status/403",2026-07-17T19:34:04.192350
canardenchaine,bd6t572653,,failed,0,0,,http_manifest,known,403,manifest,"Client error '403 ' for url 'https://openapiproext.bnf.fr/iiif/presentation/v3/ark:/12148/bd6t572653/manifest.json'
For more information check: https://developer.mozilla.org/en-US/docs/Web/HTTP/Status/403",2026-07-17T19:34:05.492163
canardenchaine,bd6t57266d,,failed,0,0,,http_manifest,known,403,manifest,"Client error '403 ' for url 'https://openapiproext.bnf.fr/iiif/presentation/v3/ark:/12148/bd6t57266d/manifest.json'
For more information check: https://developer.mozilla.org/en-US/docs/Web/HTTP/Status/403",2026-07-17T19:34:06.715031
canardenchaine,bd6t57267q,,failed,0,0,,http_manifest,known,403,manifest,"Client error '403 ' for url 'https://openapiproext.bnf.fr/iiif/presentation/v3/ark:/12148/bd6t57267q/manifest.json'
For more information check: https://developer.mozilla.org/en-US/docs/Web/HTTP/Status/403",2026-07-17T19:34:07.702327
canardenchaine,bd6t572681,,failed,0,0,,http_manifest,known,403,manifest,"Client error '403 ' for url 'https://openapiproext.bnf.fr/iiif/presentation/v3/ark:/12148/bd6t572681/manifest.json'
For more information check: https://developer.mozilla.org/en-US/docs/Web/HTTP/Status/403",2026-07-17T19:34:08.910846
canardenchaine,bd6t57269b,,failed,0,0,,http_manifest,known,403,manifest,"Client error '403 ' for url 'https://openapiproext.bnf.fr/iiif/presentation/v3/ark:/12148/bd6t57269b/manifest.json'
For more information check: https://developer.mozilla.org/en-US/docs/Web/HTTP/Status/403",2026-07-17T19:34:10.189028
canardenchaine,bd6t57270t,,failed,0,0,,http_manifest,known,403,manifest,"Client error '403 ' for url 'https://openapiproext.bnf.fr/iiif/presentation/v3/ark:/12148/bd6t57270t/manifest.json'
For more information check: https://developer.mozilla.org/en-US/docs/Web/HTTP/Status/403",2026-07-17T19:34:11.316158
canardenchaine,bd6t572714,,failed,0,0,,http_manifest,known,403,manifest,"Client error '403 ' for url 'https://openapiproext.bnf.fr/iiif/presentation/v3/ark:/12148/bd6t572714/manifest.json'
For more information check: https://developer.mozilla.org/en-US/docs/Web/HTTP/Status/403",2026-07-17T19:34:12.783122
canardenchaine,bd6t57272f,,failed,0,0,,http_manifest,known,403,manifest,"Client error '403 ' for url 'https://openapiproext.bnf.fr/iiif/presentation/v3/ark:/12148/bd6t57272f/manifest.json'
For more information check: https://developer.mozilla.org/en-US/docs/Web/HTTP/Status/403",2026-07-17T19:34:13.712443
canardenchaine,bd6t57273r,,failed,0,0,,http_manifest,known,403,manifest,"Client error '403 ' for url 'https://openapiproext.bnf.fr/iiif/presentation/v3/ark:/12148/bd6t57273r/manifest.json'
For more information check: https://developer.mozilla.org/en-US/docs/Web/HTTP/Status/403",2026-07-17T19:34:14.910637
canardenchaine,bd6t572742,,failed,0,0,,http_manifest,known,403,manifest,"Client error '403 ' for url 'https://openapiproext.bnf.fr/iiif/presentation/v3/ark:/12148/bd6t572742/manifest.json'
For more information check: https://developer.mozilla.org/en-US/docs/Web/HTTP/Status/403",2026-07-17T19:34:16.231728
canardenchaine,bd6t57275c,,failed,0,0,,http_manifest,known,403,manifest,"Client error '403 ' for url 'https://openapiproext.bnf.fr/iiif/presentation/v3/ark:/12148/bd6t57275c/manifest.json'
For more information check: https://developer.mozilla.org/en-US/docs/Web/HTTP/Status/403",2026-07-17T19:34:17.563037
canardenchaine,bd6t57276p,,failed,0,0,,http_manifest,known,403,manifest,"Client error '403 ' for url 'https://openapiproext.bnf.fr/iiif/presentation/v3/ark:/12148/bd6t57276p/manifest.json'
For more information check: https://developer.mozilla.org/en-US/docs/Web/HTTP/Status/403",2026-07-17T19:34:18.531833
canardenchaine,bd6t572770,,failed,0,0,,http_manifest,known,403,manifest,"Client error '403 ' for url 'https://openapiproext.bnf.fr/iiif/presentation/v3/ark:/12148/bd6t572770/manifest.json'
For more information check: https://developer.mozilla.org/en-US/docs/Web/HTTP/Status/403",2026-07-17T19:34:19.716594
canardenchaine,bd6t572789,,failed,0,0,,http_manifest,known,403,manifest,"Client error '403 ' for url 'https://openapiproext.bnf.fr/iiif/presentation/v3/ark:/12148/bd6t572789/manifest.json'
For more information check: https://developer.mozilla.org/en-US/docs/Web/HTTP/Status/403",2026-07-17T19:34:20.970150
canardenchaine,bd6t57279m,,failed,0,0,,http_manifest,known,403,manifest,"Client error '403 ' for url 'https://openapiproext.bnf.fr/iiif/presentation/v3/ark:/12148/bd6t57279m/manifest.json'
For more information check: https://developer.mozilla.org/en-US/docs/Web/HTTP/Status/403",2026-07-17T19:34:22.124770
canardenchaine,bpt6k1223838b,,failed,0,0,,http_manifest,known,403,manifest,"Client error '403 ' for url 'https://openapiproext.bnf.fr/iiif/presentation/v3/ark:/12148/bpt6k1223838b/manifest.json'
For more information check: https://developer.mozilla.org/en-US/docs/Web/HTTP/Status/403",2026-07-17T19:34:23.327041
canardenchaine,bpt6k1223839r,,failed,0,0,,http_manifest,known,403,manifest,"Client error '403 ' for url 'https://openapiproext.bnf.fr/iiif/presentation/v3/ark:/12148/bpt6k1223839r/manifest.json'
For more information check: https://developer.mozilla.org/en-US/docs/Web/HTTP/Status/403",2026-07-17T19:34:24.524342
canardenchaine,bpt6k1223840d,,failed,0,0,,http_manifest,known,403,manifest,"Client error '403 ' for url 'https://openapiproext.bnf.fr/iiif/presentation/v3/ark:/12148/bpt6k1223840d/manifest.json'
For more information check: https://developer.mozilla.org/en-US/docs/Web/HTTP/Status/403",2026-07-17T19:34:25.722712
canardenchaine,bpt6k1223841t,,failed,0,0,,http_manifest,known,403,manifest,"Client error '403 ' for url 'https://openapiproext.bnf.fr/iiif/presentation/v3/ark:/12148/bpt6k1223841t/manifest.json'
For more information check: https://developer.mozilla.org/en-US/docs/Web/HTTP/Status/403",2026-07-17T19:34:26.925083
canardenchaine,bpt6k12238427,,failed,0,0,,http_manifest,known,403,manifest,"Client error '403 ' for url 'https://openapiproext.bnf.fr/iiif/presentation/v3/ark:/12148/bpt6k12238427/manifest.json'
For more information check: https://developer.mozilla.org/en-US/docs/Web/HTTP/Status/403",2026-07-17T19:34:28.122572
canardenchaine,bpt6k1223843n,,failed,0,0,,http_manifest,known,403,manifest,"Client error '403 ' for url 'https://openapiproext.bnf.fr/iiif/presentation/v3/ark:/12148/bpt6k1223843n/manifest.json'
For more information check: https://developer.mozilla.org/en-US/docs/Web/HTTP/Status/403",2026-07-17T19:34:29.326404
canardenchaine,bpt6k12238442,,failed,0,0,,http_manifest,known,403,manifest,"Client error '403 ' for url 'https://openapiproext.bnf.fr/iiif/presentation/v3/ark:/12148/bpt6k12238442/manifest.json'
For more information check: https://developer.mozilla.org/en-US/docs/Web/HTTP/Status/403",2026-07-17T19:34:30.541651
canardenchaine,bpt6k1223845g,,failed,0,0,,http_manifest,known,403,manifest,"Client error '403 ' for url 'https://openapiproext.bnf.fr/iiif/presentation/v3/ark:/12148/bpt6k1223845g/manifest.json'
For more information check: https://developer.mozilla.org/en-US/docs/Web/HTTP/Status/403",2026-07-17T19:34:31.730193
canardenchaine,bpt6k1223846w,,failed,0,0,,http_manifest,known,403,manifest,"Client error '403 ' for url 'https://openapiproext.bnf.fr/iiif/presentation/v3/ark:/12148/bpt6k1223846w/manifest.json'
For more information check: https://developer.mozilla.org/en-US/docs/Web/HTTP/Status/403",2026-07-17T19:34:32.944303
canardenchaine,bpt6k12238479,,failed,0,0,,http_manifest,known,403,manifest,"Client error '403 ' for url 'https://openapiproext.bnf.fr/iiif/presentation/v3/ark:/12148/bpt6k12238479/manifest.json'
For more information check: https://developer.mozilla.org/en-US/docs/Web/HTTP/Status/403",2026-07-17T19:34:34.135772
canardenchaine,bpt6k1223848q,,failed,0,0,,http_manifest,known,403,manifest,"Client error '403 ' for url 'https://openapiproext.bnf.fr/iiif/presentation/v3/ark:/12148/bpt6k1223848q/manifest.json'
For more information check: https://developer.mozilla.org/en-US/docs/Web/HTTP/Status/403",2026-07-17T19:34:35.336125
canardenchaine,bpt6k12238494,,failed,0,0,,http_manifest,known,403,manifest,"Client error '403 ' for url 'https://openapiproext.bnf.fr/iiif/presentation/v3/ark:/12148/bpt6k12238494/manifest.json'
For more information check: https://developer.mozilla.org/en-US/docs/Web/HTTP/Status/403",2026-07-17T19:34:36.537156
canardenchaine,bpt6k1223850s,,failed,0,0,,http_manifest,known,403,manifest,"Client error '403 ' for url 'https://openapiproext.bnf.fr/iiif/presentation/v3/ark:/12148/bpt6k1223850s/manifest.json'
For more information check: https://developer.mozilla.org/en-US/docs/Web/HTTP/Status/403",2026-07-17T19:34:37.742152
canardenchaine,bpt6k12238516,,failed,0,0,,http_manifest,known,403,manifest,"Client error '403 ' for url 'https://openapiproext.bnf.fr/iiif/presentation/v3/ark:/12148/bpt6k12238516/manifest.json'
For more information check: https://developer.mozilla.org/en-US/docs/Web/HTTP/Status/403",2026-07-17T19:34:38.941394
canardenchaine,bpt6k1223852m,,failed,0,0,,http_manifest,known,403,manifest,"Client error '403 ' for url 'https://openapiproext.bnf.fr/iiif/presentation/v3/ark:/12148/bpt6k1223852m/manifest.json'
For more information check: https://developer.mozilla.org/en-US/docs/Web/HTTP/Status/403",2026-07-17T19:34:40.146528
canardenchaine,bpt6k12238531,,failed,0,0,,http_manifest,known,403,manifest,"Client error '403 ' for url 'https://openapiproext.bnf.fr/iiif/presentation/v3/ark:/12148/bpt6k12238531/manifest.json'
For more information check: https://developer.mozilla.org/en-US/docs/Web/HTTP/Status/403",2026-07-17T19:34:41.342806
canardenchaine,bpt6k1223854f,,failed,0,0,,http_manifest,known,403,manifest,"Client error '403 ' for url 'https://openapiproext.bnf.fr/iiif/presentation/v3/ark:/12148/bpt6k1223854f/manifest.json'
For more information check: https://developer.mozilla.org/en-US/docs/Web/HTTP/Status/403",2026-07-17T19:34:42.557371
canardenchaine,bpt6k1223855v,,failed,0,0,,http_manifest,known,403,manifest,"Client error '403 ' for url 'https://openapiproext.bnf.fr/iiif/presentation/v3/ark:/12148/bpt6k1223855v/manifest.json'
For more information check: https://developer.mozilla.org/en-US/docs/Web/HTTP/Status/403",2026-07-17T19:34:43.745825
canardenchaine,bpt6k12238568,,failed,0,0,,http_manifest,known,403,manifest,"Client error '403 ' for url 'https://openapiproext.bnf.fr/iiif/presentation/v3/ark:/12148/bpt6k12238568/manifest.json'
For more information check: https://developer.mozilla.org/en-US/docs/Web/HTTP/Status/403",2026-07-17T19:34:44.950106
canardenchaine,bpt6k1223857p,,failed,0,0,,http_manifest,known,403,manifest,"Client error '403 ' for url 'https://openapiproext.bnf.fr/iiif/presentation/v3/ark:/12148/bpt6k1223857p/manifest.json'
For more information check: https://developer.mozilla.org/en-US/docs/Web/HTTP/Status/403",2026-07-17T19:34:46.158926
canardenchaine,bpt6k12238583,,failed,0,0,,http_manifest,known,403,manifest,"Client error '403 ' for url 'https://openapiproext.bnf.fr/iiif/presentation/v3/ark:/12148/bpt6k12238583/manifest.json'
For more information check: https://developer.mozilla.org/en-US/docs/Web/HTTP/Status/403",2026-07-17T19:34:47.353222
canardenchaine,bpt6k1223859h,,failed,0,0,,http_manifest,known,403,manifest,"Client error '403 ' for url 'https://openapiproext.bnf.fr/iiif/presentation/v3/ark:/12148/bpt6k1223859h/manifest.json'
For more information check: https://developer.mozilla.org/en-US/docs/Web/HTTP/Status/403",2026-07-17T19:34:48.575838
canardenchaine,bpt6k12238605,,failed,0,0,,http_manifest,known,403,manifest,"Client error '403 ' for url 'https://openapiproext.bnf.fr/iiif/presentation/v3/ark:/12148/bpt6k12238605/manifest.json'
For more information check: https://developer.mozilla.org/en-US/docs/Web/HTTP/Status/403",2026-07-17T19:34:49.757030
canardenchaine,bpt6k1223861k,,failed,0,0,,http_manifest,known,403,manifest,"Client error '403 ' for url 'https://openapiproext.bnf.fr/iiif/presentation/v3/ark:/12148/bpt6k1223861k/manifest.json'
For more information check: https://developer.mozilla.org/en-US/docs/Web/HTTP/Status/403",2026-07-17T19:34:51.008071
canardenchaine,bpt6k12238620,,failed,0,0,,http_manifest,known,403,manifest,"Client error '403 ' for url 'https://openapiproext.bnf.fr/iiif/presentation/v3/ark:/12148/bpt6k12238620/manifest.json'
For more information check: https://developer.mozilla.org/en-US/docs/Web/HTTP/Status/403",2026-07-17T19:34:52.166528
canardenchaine,bpt6k1223863d,,failed,0,0,,http_manifest,known,403,manifest,"Client error '403 ' for url 'https://openapiproext.bnf.fr/iiif/presentation/v3/ark:/12148/bpt6k1223863d/manifest.json'
For more information check: https://developer.mozilla.org/en-US/docs/Web/HTTP/Status/403",2026-07-17T19:34:53.364908
canardenchaine,bpt6k1223864t,,failed,0,0,,http_manifest,known,403,manifest,"Client error '403 ' for url 'https://openapiproext.bnf.fr/iiif/presentation/v3/ark:/12148/bpt6k1223864t/manifest.json'
For more information check: https://developer.mozilla.org/en-US/docs/Web/HTTP/Status/403",2026-07-17T19:34:54.560840
canardenchaine,bpt6k12238657,,failed,0,0,,http_manifest,known,403,manifest,"Client error '403 ' for url 'https://openapiproext.bnf.fr/iiif/presentation/v3/ark:/12148/bpt6k12238657/manifest.json'
For more information check: https://developer.mozilla.org/en-US/docs/Web/HTTP/Status/403",2026-07-17T19:34:55.761160
canardenchaine,bpt6k1223866n,,failed,0,0,,http_manifest,known,403,manifest,"Client error '403 ' for url 'https://openapiproext.bnf.fr/iiif/presentation/v3/ark:/12148/bpt6k1223866n/manifest.json'
For more information check: https://developer.mozilla.org/en-US/docs/Web/HTTP/Status/403",2026-07-17T19:34:56.964400
canardenchaine,bpt6k12238672,,failed,0,0,,http_manifest,known,403,manifest,"Client error '403 ' for url 'https://openapiproext.bnf.fr/iiif/presentation/v3/ark:/12148/bpt6k12238672/manifest.json'
For more information check: https://developer.mozilla.org/en-US/docs/Web/HTTP/Status/403",2026-07-17T19:34:58.167527
canardenchaine,bpt6k1223868g,,failed,0,0,,http_manifest,known,403,manifest,"Client error '403 ' for url 'https://openapiproext.bnf.fr/iiif/presentation/v3/ark:/12148/bpt6k1223868g/manifest.json'
For more information check: https://developer.mozilla.org/en-US/docs/Web/HTTP/Status/403",2026-07-17T19:34:59.533267
canardenchaine,bpt6k1223869w,,failed,0,0,,http_manifest,known,403,manifest,"Client error '403 ' for url 'https://openapiproext.bnf.fr/iiif/presentation/v3/ark:/12148/bpt6k1223869w/manifest.json'
For more information check: https://developer.mozilla.org/en-US/docs/Web/HTTP/Status/403",2026-07-17T19:35:00.584142
canardenchaine,bpt6k1223870j,,failed,0,0,,http_manifest,known,403,manifest,"Client error '403 ' for url 'https://openapiproext.bnf.fr/iiif/presentation/v3/ark:/12148/bpt6k1223870j/manifest.json'
For more information check: https://developer.mozilla.org/en-US/docs/Web/HTTP/Status/403",2026-07-17T19:35:01.862479
canardenchaine,bpt6k1223871z,,failed,0,0,,http_manifest,known,403,manifest,"Client error '403 ' for url 'https://openapiproext.bnf.fr/iiif/presentation/v3/ark:/12148/bpt6k1223871z/manifest.json'
For more information check: https://developer.mozilla.org/en-US/docs/Web/HTTP/Status/403",2026-07-17T19:35:02.969842
canardenchaine,bpt6k1223872c,,failed,0,0,,http_manifest,known,403,manifest,"Client error '403 ' for url 'https://openapiproext.bnf.fr/iiif/presentation/v3/ark:/12148/bpt6k1223872c/manifest.json'
For more information check: https://developer.mozilla.org/en-US/docs/Web/HTTP/Status/403",2026-07-17T19:35:04.172647
canardenchaine,bpt6k1223873s,,failed,0,0,,http_manifest,known,403,manifest,"Client error '403 ' for url 'https://openapiproext.bnf.fr/iiif/presentation/v3/ark:/12148/bpt6k1223873s/manifest.json'
For more information check: https://developer.mozilla.org/en-US/docs/Web/HTTP/Status/403",2026-07-17T19:35:05.637282
canardenchaine,bpt6k12238746,,failed,0,0,,http_manifest,known,403,manifest,"Client error '403 ' for url 'https://openapiproext.bnf.fr/iiif/presentation/v3/ark:/12148/bpt6k12238746/manifest.json'
For more information check: https://developer.mozilla.org/en-US/docs/Web/HTTP/Status/403",2026-07-17T19:35:06.672197
canardenchaine,bpt6k1223875m,,failed,0,0,,http_manifest,known,403,manifest,"Client error '403 ' for url 'https://openapiproext.bnf.fr/iiif/presentation/v3/ark:/12148/bpt6k1223875m/manifest.json'
For more information check: https://developer.mozilla.org/en-US/docs/Web/HTTP/Status/403",2026-07-17T19:35:07.863023
canardenchaine,bpt6k12238761,,failed,0,0,,http_manifest,known,403,manifest,"Client error '403 ' for url 'https://openapiproext.bnf.fr/iiif/presentation/v3/ark:/12148/bpt6k12238761/manifest.json'
For more information check: https://developer.mozilla.org/en-US/docs/Web/HTTP/Status/403",2026-07-17T19:35:08.977412
canardenchaine,bpt6k1223877f,,failed,0,0,,http_manifest,known,403,manifest,"Client error '403 ' for url 'https://openapiproext.bnf.fr/iiif/presentation/v3/ark:/12148/bpt6k1223877f/manifest.json'
For more information check: https://developer.mozilla.org/en-US/docs/Web/HTTP/Status/403",2026-07-17T19:35:10.212843
canardenchaine,bpt6k1223878v,,failed,0,0,,http_manifest,known,403,manifest,"Client error '403 ' for url 'https://openapiproext.bnf.fr/iiif/presentation/v3/ark:/12148/bpt6k1223878v/manifest.json'
For more information check: https://developer.mozilla.org/en-US/docs/Web/HTTP/Status/403",2026-07-17T19:35:11.396769
canardenchaine,bpt6k12238798,,failed,0,0,,http_manifest,known,403,manifest,"Client error '403 ' for url 'https://openapiproext.bnf.fr/iiif/presentation/v3/ark:/12148/bpt6k12238798/manifest.json'
For more information check: https://developer.mozilla.org/en-US/docs/Web/HTTP/Status/403",2026-07-17T19:35:12.585059
canardenchaine,bpt6k1223880x,,failed,0,0,,http_manifest,known,403,manifest,"Client error '403 ' for url 'https://openapiproext.bnf.fr/iiif/presentation/v3/ark:/12148/bpt6k1223880x/manifest.json'
For more information check: https://developer.mozilla.org/en-US/docs/Web/HTTP/Status/403",2026-07-17T19:35:13.785696
canardenchaine,bpt6k1223881b,,failed,0,0,,http_manifest,known,403,manifest,"Client error '403 ' for url 'https://openapiproext.bnf.fr/iiif/presentation/v3/ark:/12148/bpt6k1223881b/manifest.json'
For more information check: https://developer.mozilla.org/en-US/docs/Web/HTTP/Status/403",2026-07-17T19:35:14.988403
canardenchaine,bpt6k1223882r,,failed,0,0,,http_manifest,known,403,manifest,"Client error '403 ' for url 'https://openapiproext.bnf.fr/iiif/presentation/v3/ark:/12148/bpt6k1223882r/manifest.json'
For more information check: https://developer.mozilla.org/en-US/docs/Web/HTTP/Status/403",2026-07-17T19:35:16.192932
canardenchaine,bpt6k12238835,,failed,0,0,,http_manifest,known,403,manifest,"Client error '403 ' for url 'https://openapiproext.bnf.fr/iiif/presentation/v3/ark:/12148/bpt6k12238835/manifest.json'
For more information check: https://developer.mozilla.org/en-US/docs/Web/HTTP/Status/403",2026-07-17T19:35:17.392301
canardenchaine,bpt6k1223884k,,failed,0,0,,http_manifest,known,403,manifest,"Client error '403 ' for url 'https://openapiproext.bnf.fr/iiif/presentation/v3/ark:/12148/bpt6k1223884k/manifest.json'
For more information check: https://developer.mozilla.org/en-US/docs/Web/HTTP/Status/403",2026-07-17T19:35:18.591559
canardenchaine,bpt6k12238850,,failed,0,0,,http_manifest,known,403,manifest,"Client error '403 ' for url 'https://openapiproext.bnf.fr/iiif/presentation/v3/ark:/12148/bpt6k12238850/manifest.json'
For more information check: https://developer.mozilla.org/en-US/docs/Web/HTTP/Status/403",2026-07-17T19:35:19.799618
canardenchaine,bpt6k1223886d,,failed,0,0,,http_manifest,known,403,manifest,"Client error '403 ' for url 'https://openapiproext.bnf.fr/iiif/presentation/v3/ark:/12148/bpt6k1223886d/manifest.json'
For more information check: https://developer.mozilla.org/en-US/docs/Web/HTTP/Status/403",2026-07-17T19:35:20.992834
canardenchaine,bpt6k1223887t,,failed,0,0,,http_manifest,known,403,manifest,"Client error '403 ' for url 'https://openapiproext.bnf.fr/iiif/presentation/v3/ark:/12148/bpt6k1223887t/manifest.json'
For more information check: https://developer.mozilla.org/en-US/docs/Web/HTTP/Status/403",2026-07-17T19:35:22.198190
canardenchaine,bpt6k12238887,,failed,0,0,,http_manifest,known,403,manifest,"Client error '403 ' for url 'https://openapiproext.bnf.fr/iiif/presentation/v3/ark:/12148/bpt6k12238887/manifest.json'
For more information check: https://developer.mozilla.org/en-US/docs/Web/HTTP/Status/403",2026-07-17T19:35:23.410145
canardenchaine,bpt6k1223889n,,failed,0,0,,http_manifest,known,403,manifest,"Client error '403 ' for url 'https://openapiproext.bnf.fr/iiif/presentation/v3/ark:/12148/bpt6k1223889n/manifest.json'
For more information check: https://developer.mozilla.org/en-US/docs/Web/HTTP/Status/403",2026-07-17T19:35:24.597627
canardenchaine,bpt6k12238909,,failed,0,0,,http_manifest,known,403,manifest,"Client error '403 ' for url 'https://openapiproext.bnf.fr/iiif/presentation/v3/ark:/12148/bpt6k12238909/manifest.json'
For more information check: https://developer.mozilla.org/en-US/docs/Web/HTTP/Status/403",2026-07-17T19:35:25.800164
canardenchaine,bpt6k1223891q,,failed,0,0,,http_manifest,known,403,manifest,"Client error '403 ' for url 'https://openapiproext.bnf.fr/iiif/presentation/v3/ark:/12148/bpt6k1223891q/manifest.json'
For more information check: https://developer.mozilla.org/en-US/docs/Web/HTTP/Status/403",2026-07-17T19:35:26.999970
canardenchaine,bpt6k12238924,,failed,0,0,,http_manifest,known,403,manifest,"Client error '403 ' for url 'https://openapiproext.bnf.fr/iiif/presentation/v3/ark:/12148/bpt6k12238924/manifest.json'
For more information check: https://developer.mozilla.org/en-US/docs/Web/HTTP/Status/403",2026-07-17T19:35:28.210939
canardenchaine,bpt6k1223893j,,failed,0,0,,http_manifest,known,403,manifest,"Client error '403 ' for url 'https://openapiproext.bnf.fr/iiif/presentation/v3/ark:/12148/bpt6k1223893j/manifest.json'
For more information check: https://developer.mozilla.org/en-US/docs/Web/HTTP/Status/403",2026-07-17T19:35:29.417883
canardenchaine,bpt6k1223894z,,failed,0,0,,http_manifest,known,403,manifest,"Client error '403 ' for url 'https://openapiproext.bnf.fr/iiif/presentation/v3/ark:/12148/bpt6k1223894z/manifest.json'
For more information check: https://developer.mozilla.org/en-US/docs/Web/HTTP/Status/403",2026-07-17T19:35:30.609242
canardenchaine,bpt6k1223895c,,failed,0,0,,http_manifest,known,403,manifest,"Client error '403 ' for url 'https://openapiproext.bnf.fr/iiif/presentation/v3/ark:/12148/bpt6k1223895c/manifest.json'
For more information check: https://developer.mozilla.org/en-US/docs/Web/HTTP/Status/403",2026-07-17T19:35:31.806264
canardenchaine,bpt6k1223896s,,failed,0,0,,http_manifest,known,403,manifest,"Client error '403 ' for url 'https://openapiproext.bnf.fr/iiif/presentation/v3/ark:/12148/bpt6k1223896s/manifest.json'
For more information check: https://developer.mozilla.org/en-US/docs/Web/HTTP/Status/403",2026-07-17T19:35:33.007155
canardenchaine,bpt6k12238976,,failed,0,0,,http_manifest,known,403,manifest,"Client error '403 ' for url 'https://openapiproext.bnf.fr/iiif/presentation/v3/ark:/12148/bpt6k12238976/manifest.json'
For more information check: https://developer.mozilla.org/en-US/docs/Web/HTTP/Status/403",2026-07-17T19:35:34.211242
canardenchaine,bpt6k1223898m,,failed,0,0,,http_manifest,known,403,manifest,"Client error '403 ' for url 'https://openapiproext.bnf.fr/iiif/presentation/v3/ark:/12148/bpt6k1223898m/manifest.json'
For more information check: https://developer.mozilla.org/en-US/docs/Web/HTTP/Status/403",2026-07-17T19:35:35.410832
canardenchaine,bpt6k12238991,,failed,0,0,,http_manifest,known,403,manifest,"Client error '403 ' for url 'https://openapiproext.bnf.fr/iiif/presentation/v3/ark:/12148/bpt6k12238991/manifest.json'
For more information check: https://developer.mozilla.org/en-US/docs/Web/HTTP/Status/403",2026-07-17T19:35:36.611116
canardenchaine,bpt6k12239007,,failed,0,0,,http_manifest,known,403,manifest,"Client error '403 ' for url 'https://openapiproext.bnf.fr/iiif/presentation/v3/ark:/12148/bpt6k12239007/manifest.json'
For more information check: https://developer.mozilla.org/en-US/docs/Web/HTTP/Status/403",2026-07-17T19:35:37.817212
canardenchaine,bpt6k1223901n,,failed,0,0,,http_manifest,known,403,manifest,"Client error '403 ' for url 'https://openapiproext.bnf.fr/iiif/presentation/v3/ark:/12148/bpt6k1223901n/manifest.json'
For more information check: https://developer.mozilla.org/en-US/docs/Web/HTTP/Status/403",2026-07-17T19:35:39.017064
canardenchaine,bpt6k12239022,,failed,0,0,,http_manifest,known,403,manifest,"Client error '403 ' for url 'https://openapiproext.bnf.fr/iiif/presentation/v3/ark:/12148/bpt6k12239022/manifest.json'
For more information check: https://developer.mozilla.org/en-US/docs/Web/HTTP/Status/403",2026-07-17T19:35:40.225690
canardenchaine,bpt6k1223903g,,failed,0,0,,http_manifest,known,403,manifest,"Client error '403 ' for url 'https://openapiproext.bnf.fr/iiif/presentation/v3/ark:/12148/bpt6k1223903g/manifest.json'
For more information check: https://developer.mozilla.org/en-US/docs/Web/HTTP/Status/403",2026-07-17T19:35:41.435410
canardenchaine,bpt6k1223904w,,failed,0,0,,http_manifest,known,403,manifest,"Client error '403 ' for url 'https://openapiproext.bnf.fr/iiif/presentation/v3/ark:/12148/bpt6k1223904w/manifest.json'
For more information check: https://developer.mozilla.org/en-US/docs/Web/HTTP/Status/403",2026-07-17T19:35:42.619873
canardenchaine,bpt6k12239059,,failed,0,0,,http_manifest,known,403,manifest,"Client error '403 ' for url 'https://openapiproext.bnf.fr/iiif/presentation/v3/ark:/12148/bpt6k12239059/manifest.json'
For more information check: https://developer.mozilla.org/en-US/docs/Web/HTTP/Status/403",2026-07-17T19:35:43.861588
canardenchaine,bpt6k1223906q,,failed,0,0,,http_manifest,known,403,manifest,"Client error '403 ' for url 'https://openapiproext.bnf.fr/iiif/presentation/v3/ark:/12148/bpt6k1223906q/manifest.json'
For more information check: https://developer.mozilla.org/en-US/docs/Web/HTTP/Status/403",2026-07-17T19:35:45.028074
canardenchaine,bpt6k12239074,,failed,0,0,,http_manifest,known,403,manifest,"Client error '403 ' for url 'https://openapiproext.bnf.fr/iiif/presentation/v3/ark:/12148/bpt6k12239074/manifest.json'
For more information check: https://developer.mozilla.org/en-US/docs/Web/HTTP/Status/403",2026-07-17T19:35:46.231048
canardenchaine,bpt6k1223908j,,failed,0,0,,http_manifest,known,403,manifest,"Client error '403 ' for url 'https://openapiproext.bnf.fr/iiif/presentation/v3/ark:/12148/bpt6k1223908j/manifest.json'
For more information check: https://developer.mozilla.org/en-US/docs/Web/HTTP/Status/403",2026-07-17T19:35:47.429978
canardenchaine,bpt6k1223909z,,failed,0,0,,http_manifest,known,403,manifest,"Client error '403 ' for url 'https://openapiproext.bnf.fr/iiif/presentation/v3/ark:/12148/bpt6k1223909z/manifest.json'
For more information check: https://developer.mozilla.org/en-US/docs/Web/HTTP/Status/403",2026-07-17T19:35:48.630262
canardenchaine,bpt6k1223910m,,failed,0,0,,http_manifest,known,403,manifest,"Client error '403 ' for url 'https://openapiproext.bnf.fr/iiif/presentation/v3/ark:/12148/bpt6k1223910m/manifest.json'
For more information check: https://developer.mozilla.org/en-US/docs/Web/HTTP/Status/403",2026-07-17T19:35:49.859367
canardenchaine,bpt6k12239111,,failed,0,0,,http_manifest,known,403,manifest,"Client error '403 ' for url 'https://openapiproext.bnf.fr/iiif/presentation/v3/ark:/12148/bpt6k12239111/manifest.json'
For more information check: https://developer.mozilla.org/en-US/docs/Web/HTTP/Status/403",2026-07-17T19:35:51.035296
canardenchaine,bpt6k1223912f,,failed,0,0,,http_manifest,known,403,manifest,"Client error '403 ' for url 'https://openapiproext.bnf.fr/iiif/presentation/v3/ark:/12148/bpt6k1223912f/manifest.json'
For more information check: https://developer.mozilla.org/en-US/docs/Web/HTTP/Status/403",2026-07-17T19:35:52.237206
canardenchaine,bpt6k1223913v,,failed,0,0,,http_manifest,known,403,manifest,"Client error '403 ' for url 'https://openapiproext.bnf.fr/iiif/presentation/v3/ark:/12148/bpt6k1223913v/manifest.json'
For more information check: https://developer.mozilla.org/en-US/docs/Web/HTTP/Status/403",2026-07-17T19:35:53.436678
canardenchaine,bpt6k12239148,,failed,0,0,,http_manifest,known,403,manifest,"Client error '403 ' for url 'https://openapiproext.bnf.fr/iiif/presentation/v3/ark:/12148/bpt6k12239148/manifest.json'
For more information check: https://developer.mozilla.org/en-US/docs/Web/HTTP/Status/403",2026-07-17T19:35:54.639166
canardenchaine,bpt6k1223915p,,failed,0,0,,http_manifest,known,403,manifest,"Client error '403 ' for url 'https://openapiproext.bnf.fr/iiif/presentation/v3/ark:/12148/bpt6k1223915p/manifest.json'
For more information check: https://developer.mozilla.org/en-US/docs/Web/HTTP/Status/403",2026-07-17T19:35:55.866403
canardenchaine,bpt6k12239163,,failed,0,0,,http_manifest,known,403,manifest,"Client error '403 ' for url 'https://openapiproext.bnf.fr/iiif/presentation/v3/ark:/12148/bpt6k12239163/manifest.json'
For more information check: https://developer.mozilla.org/en-US/docs/Web/HTTP/Status/403",2026-07-17T19:35:57.038958
canardenchaine,bpt6k1223917h,,failed,0,0,,http_manifest,known,403,manifest,"Client error '403 ' for url 'https://openapiproext.bnf.fr/iiif/presentation/v3/ark:/12148/bpt6k1223917h/manifest.json'
For more information check: https://developer.mozilla.org/en-US/docs/Web/HTTP/Status/403",2026-07-17T19:35:58.407744
canardenchaine,bpt6k1223918x,,failed,0,0,,http_manifest,known,403,manifest,"Client error '403 ' for url 'https://openapiproext.bnf.fr/iiif/presentation/v3/ark:/12148/bpt6k1223918x/manifest.json'
For more information check: https://developer.mozilla.org/en-US/docs/Web/HTTP/Status/403",2026-07-17T19:35:59.446277
canardenchaine,bpt6k1223919b,,failed,0,0,,http_manifest,known,403,manifest,"Client error '403 ' for url 'https://openapiproext.bnf.fr/iiif/presentation/v3/ark:/12148/bpt6k1223919b/manifest.json'
For more information check: https://developer.mozilla.org/en-US/docs/Web/HTTP/Status/403",2026-07-17T19:36:00.643238
canardenchaine,bpt6k12239200,,failed,0,0,,http_manifest,known,403,manifest,"Client error '403 ' for url 'https://openapiproext.bnf.fr/iiif/presentation/v3/ark:/12148/bpt6k12239200/manifest.json'
For more information check: https://developer.mozilla.org/en-US/docs/Web/HTTP/Status/403",2026-07-17T19:36:01.847714
canardenchaine,bpt6k1223921d,,failed,0,0,,http_manifest,known,403,manifest,"Client error '403 ' for url 'https://openapiproext.bnf.fr/iiif/presentation/v3/ark:/12148/bpt6k1223921d/manifest.json'
For more information check: https://developer.mozilla.org/en-US/docs/Web/HTTP/Status/403",2026-07-17T19:36:03.052209
canardenchaine,bpt6k1223922t,,failed,0,0,,http_manifest,known,403,manifest,"Client error '403 ' for url 'https://openapiproext.bnf.fr/iiif/presentation/v3/ark:/12148/bpt6k1223922t/manifest.json'
For more information check: https://developer.mozilla.org/en-US/docs/Web/HTTP/Status/403",2026-07-17T19:36:04.254205
canardenchaine,bpt6k12239237,,failed,0,0,,http_manifest,known,403,manifest,"Client error '403 ' for url 'https://openapiproext.bnf.fr/iiif/presentation/v3/ark:/12148/bpt6k12239237/manifest.json'
For more information check: https://developer.mozilla.org/en-US/docs/Web/HTTP/Status/403",2026-07-17T19:36:05.657338
canardenchaine,bpt6k1223924n,,failed,0,0,,http_manifest,known,403,manifest,"Client error '403 ' for url 'https://openapiproext.bnf.fr/iiif/presentation/v3/ark:/12148/bpt6k1223924n/manifest.json'
For more information check: https://developer.mozilla.org/en-US/docs/Web/HTTP/Status/403",2026-07-17T19:36:06.724339
canardenchaine,bpt6k12239252,,failed,0,0,,http_manifest,known,403,manifest,"Client error '403 ' for url 'https://openapiproext.bnf.fr/iiif/presentation/v3/ark:/12148/bpt6k12239252/manifest.json'
For more information check: https://developer.mozilla.org/en-US/docs/Web/HTTP/Status/403",2026-07-17T19:36:07.880831
canardenchaine,bpt6k1223926g,,failed,0,0,,http_manifest,known,403,manifest,"Client error '403 ' for url 'https://openapiproext.bnf.fr/iiif/presentation/v3/ark:/12148/bpt6k1223926g/manifest.json'
For more information check: https://developer.mozilla.org/en-US/docs/Web/HTTP/Status/403",2026-07-17T19:36:09.058934
canardenchaine,bpt6k1223927w,,failed,0,0,,http_manifest,known,403,manifest,"Client error '403 ' for url 'https://openapiproext.bnf.fr/iiif/presentation/v3/ark:/12148/bpt6k1223927w/manifest.json'
For more information check: https://developer.mozilla.org/en-US/docs/Web/HTTP/Status/403",2026-07-17T19:36:10.258960
canardenchaine,bpt6k12239289,,failed,0,0,,http_manifest,known,403,manifest,"Client error '403 ' for url 'https://openapiproext.bnf.fr/iiif/presentation/v3/ark:/12148/bpt6k12239289/manifest.json'
For more information check: https://developer.mozilla.org/en-US/docs/Web/HTTP/Status/403",2026-07-17T19:36:11.587209
canardenchaine,bpt6k1223929q,,failed,0,0,,http_manifest,known,403,manifest,"Client error '403 ' for url 'https://openapiproext.bnf.fr/iiif/presentation/v3/ark:/12148/bpt6k1223929q/manifest.json'
For more information check: https://developer.mozilla.org/en-US/docs/Web/HTTP/Status/403",2026-07-17T19:36:12.660643
canardenchaine,bpt6k1223930c,,failed,0,0,,http_manifest,known,403,manifest,"Client error '403 ' for url 'https://openapiproext.bnf.fr/iiif/presentation/v3/ark:/12148/bpt6k1223930c/manifest.json'
For more information check: https://developer.mozilla.org/en-US/docs/Web/HTTP/Status/403",2026-07-17T19:36:13.955322
canardenchaine,bpt6k1223931s,,failed,0,0,,http_manifest,known,403,manifest,"Client error '403 ' for url 'https://openapiproext.bnf.fr/iiif/presentation/v3/ark:/12148/bpt6k1223931s/manifest.json'
For more information check: https://developer.mozilla.org/en-US/docs/Web/HTTP/Status/403",2026-07-17T19:36:15.081606
canardenchaine,bpt6k12239326,,failed,0,0,,http_manifest,known,403,manifest,"Client error '403 ' for url 'https://openapiproext.bnf.fr/iiif/presentation/v3/ark:/12148/bpt6k12239326/manifest.json'
For more information check: https://developer.mozilla.org/en-US/docs/Web/HTTP/Status/403",2026-07-17T19:36:16.551850
canardenchaine,bpt6k1223933m,,failed,0,0,,http_manifest,known,403,manifest,"Client error '403 ' for url 'https://openapiproext.bnf.fr/iiif/presentation/v3/ark:/12148/bpt6k1223933m/manifest.json'
For more information check: https://developer.mozilla.org/en-US/docs/Web/HTTP/Status/403",2026-07-17T19:36:17.469350
canardenchaine,bpt6k12239341,,failed,0,0,,http_manifest,known,403,manifest,"Client error '403 ' for url 'https://openapiproext.bnf.fr/iiif/presentation/v3/ark:/12148/bpt6k12239341/manifest.json'
For more information check: https://developer.mozilla.org/en-US/docs/Web/HTTP/Status/403",2026-07-17T19:36:18.809247
canardenchaine,bpt6k1223935f,,failed,0,0,,http_manifest,known,403,manifest,"Client error '403 ' for url 'https://openapiproext.bnf.fr/iiif/presentation/v3/ark:/12148/bpt6k1223935f/manifest.json'
For more information check: https://developer.mozilla.org/en-US/docs/Web/HTTP/Status/403",2026-07-17T19:36:19.893861
canardenchaine,bpt6k1223936v,,failed,0,0,,http_manifest,known,403,manifest,"Client error '403 ' for url 'https://openapiproext.bnf.fr/iiif/presentation/v3/ark:/12148/bpt6k1223936v/manifest.json'
For more information check: https://developer.mozilla.org/en-US/docs/Web/HTTP/Status/403",2026-07-17T19:36:21.075176
canardenchaine,bpt6k12239378,,failed,0,0,,http_manifest,known,403,manifest,"Client error '403 ' for url 'https://openapiproext.bnf.fr/iiif/presentation/v3/ark:/12148/bpt6k12239378/manifest.json'
For more information check: https://developer.mozilla.org/en-US/docs/Web/HTTP/Status/403",2026-07-17T19:36:22.270690
canardenchaine,bpt6k1223938p,,failed,0,0,,http_manifest,known,403,manifest,"Client error '403 ' for url 'https://openapiproext.bnf.fr/iiif/presentation/v3/ark:/12148/bpt6k1223938p/manifest.json'
For more information check: https://developer.mozilla.org/en-US/docs/Web/HTTP/Status/403",2026-07-17T19:36:23.477203
canardenchaine,bpt6k12239393,,failed,0,0,,http_manifest,known,403,manifest,"Client error '403 ' for url 'https://openapiproext.bnf.fr/iiif/presentation/v3/ark:/12148/bpt6k12239393/manifest.json'
For more information check: https://developer.mozilla.org/en-US/docs/Web/HTTP/Status/403",2026-07-17T19:36:24.677945
canardenchaine,bpt6k1223940r,,failed,0,0,,http_manifest,known,403,manifest,"Client error '403 ' for url 'https://openapiproext.bnf.fr/iiif/presentation/v3/ark:/12148/bpt6k1223940r/manifest.json'
For more information check: https://developer.mozilla.org/en-US/docs/Web/HTTP/Status/403",2026-07-17T19:36:25.903175
canardenchaine,bpt6k12239415,,failed,0,0,,http_manifest,known,403,manifest,"Client error '403 ' for url 'https://openapiproext.bnf.fr/iiif/presentation/v3/ark:/12148/bpt6k12239415/manifest.json'
For more information check: https://developer.mozilla.org/en-US/docs/Web/HTTP/Status/403",2026-07-17T19:36:27.078386
canardenchaine,bpt6k1223942k,,failed,0,0,,http_manifest,known,403,manifest,"Client error '403 ' for url 'https://openapiproext.bnf.fr/iiif/presentation/v3/ark:/12148/bpt6k1223942k/manifest.json'
For more information check: https://developer.mozilla.org/en-US/docs/Web/HTTP/Status/403",2026-07-17T19:36:28.286027
canardenchaine,bpt6k1224169s,,failed,0,0,,http_manifest,known,403,manifest,"Client error '403 ' for url 'https://openapiproext.bnf.fr/iiif/presentation/v3/ark:/12148/bpt6k1224169s/manifest.json'
For more information check: https://developer.mozilla.org/en-US/docs/Web/HTTP/Status/403",2026-07-17T19:36:29.484315
canardenchaine,bpt6k1224171v,,failed,0,0,,http_manifest,known,403,manifest,"Client error '403 ' for url 'https://openapiproext.bnf.fr/iiif/presentation/v3/ark:/12148/bpt6k1224171v/manifest.json'
For more information check: https://developer.mozilla.org/en-US/docs/Web/HTTP/Status/403",2026-07-17T19:36:30.689953
canardenchaine,bpt6k12241728,,failed,0,0,,http_manifest,known,403,manifest,"Client error '403 ' for url 'https://openapiproext.bnf.fr/iiif/presentation/v3/ark:/12148/bpt6k12241728/manifest.json'
For more information check: https://developer.mozilla.org/en-US/docs/Web/HTTP/Status/403",2026-07-17T19:36:31.886693
canardenchaine,bpt6k1224173p,,failed,0,0,,http_manifest,known,403,manifest,"Client error '403 ' for url 'https://openapiproext.bnf.fr/iiif/presentation/v3/ark:/12148/bpt6k1224173p/manifest.json'
For more information check: https://developer.mozilla.org/en-US/docs/Web/HTTP/Status/403",2026-07-17T19:36:33.088426
canardenchaine,bpt6k12241743,,failed,0,0,,http_manifest,known,403,manifest,"Client error '403 ' for url 'https://openapiproext.bnf.fr/iiif/presentation/v3/ark:/12148/bpt6k12241743/manifest.json'
For more information check: https://developer.mozilla.org/en-US/docs/Web/HTTP/Status/403",2026-07-17T19:36:34.292426
canardenchaine,bpt6k1224175h,,failed,0,0,,http_manifest,known,403,manifest,"Client error '403 ' for url 'https://openapiproext.bnf.fr/iiif/presentation/v3/ark:/12148/bpt6k1224175h/manifest.json'
For more information check: https://developer.mozilla.org/en-US/docs/Web/HTTP/Status/403",2026-07-17T19:36:35.492519
canardenchaine,bpt6k1224176x,,failed,0,0,,http_manifest,known,403,manifest,"Client error '403 ' for url 'https://openapiproext.bnf.fr/iiif/presentation/v3/ark:/12148/bpt6k1224176x/manifest.json'
For more information check: https://developer.mozilla.org/en-US/docs/Web/HTTP/Status/403",2026-07-17T19:36:36.694440
canardenchaine,bpt6k1224177b,,failed,0,0,,http_manifest,known,403,manifest,"Client error '403 ' for url 'https://openapiproext.bnf.fr/iiif/presentation/v3/ark:/12148/bpt6k1224177b/manifest.json'
For more information check: https://developer.mozilla.org/en-US/docs/Web/HTTP/Status/403",2026-07-17T19:36:37.918646
canardenchaine,bpt6k1224178r,,failed,0,0,,http_manifest,known,403,manifest,"Client error '403 ' for url 'https://openapiproext.bnf.fr/iiif/presentation/v3/ark:/12148/bpt6k1224178r/manifest.json'
For more information check: https://developer.mozilla.org/en-US/docs/Web/HTTP/Status/403",2026-07-17T19:36:39.097913
canardenchaine,bpt6k12241795,,failed,0,0,,http_manifest,known,403,manifest,"Client error '403 ' for url 'https://openapiproext.bnf.fr/iiif/presentation/v3/ark:/12148/bpt6k12241795/manifest.json'
For more information check: https://developer.mozilla.org/en-US/docs/Web/HTTP/Status/403",2026-07-17T19:36:40.298460
canardenchaine,bpt6k1224180t,,failed,0,0,,http_manifest,known,403,manifest,"Client error '403 ' for url 'https://openapiproext.bnf.fr/iiif/presentation/v3/ark:/12148/bpt6k1224180t/manifest.json'
For more information check: https://developer.mozilla.org/en-US/docs/Web/HTTP/Status/403",2026-07-17T19:36:41.503225
canardenchaine,bpt6k12241817,,failed,0,0,,http_manifest,known,403,manifest,"Client error '403 ' for url 'https://openapiproext.bnf.fr/iiif/presentation/v3/ark:/12148/bpt6k12241817/manifest.json'
For more information check: https://developer.mozilla.org/en-US/docs/Web/HTTP/Status/403",2026-07-17T19:36:42.703406
canardenchaine,bpt6k1224182n,,failed,0,0,,http_manifest,known,403,manifest,"Client error '403 ' for url 'https://openapiproext.bnf.fr/iiif/presentation/v3/ark:/12148/bpt6k1224182n/manifest.json'
For more information check: https://developer.mozilla.org/en-US/docs/Web/HTTP/Status/403",2026-07-17T19:36:43.905937
canardenchaine,bpt6k12241832,,failed,0,0,,http_manifest,known,403,manifest,"Client error '403 ' for url 'https://openapiproext.bnf.fr/iiif/presentation/v3/ark:/12148/bpt6k12241832/manifest.json'
For more information check: https://developer.mozilla.org/en-US/docs/Web/HTTP/Status/403",2026-07-17T19:36:45.105380
canardenchaine,bpt6k1224184g,,failed,0,0,,http_manifest,known,403,manifest,"Client error '403 ' for url 'https://openapiproext.bnf.fr/iiif/presentation/v3/ark:/12148/bpt6k1224184g/manifest.json'
For more information check: https://developer.mozilla.org/en-US/docs/Web/HTTP/Status/403",2026-07-17T19:36:46.308358
canardenchaine,bpt6k1224185w,,failed,0,0,,http_manifest,known,403,manifest,"Client error '403 ' for url 'https://openapiproext.bnf.fr/iiif/presentation/v3/ark:/12148/bpt6k1224185w/manifest.json'
For more information check: https://developer.mozilla.org/en-US/docs/Web/HTTP/Status/403",2026-07-17T19:36:47.508422
canardenchaine,bpt6k12241869,,failed,0,0,,http_manifest,known,403,manifest,"Client error '403 ' for url 'https://openapiproext.bnf.fr/iiif/presentation/v3/ark:/12148/bpt6k12241869/manifest.json'
For more information check: https://developer.mozilla.org/en-US/docs/Web/HTTP/Status/403",2026-07-17T19:36:48.711094
canardenchaine,bpt6k1224187q,,failed,0,0,,http_manifest,known,403,manifest,"Client error '403 ' for url 'https://openapiproext.bnf.fr/iiif/presentation/v3/ark:/12148/bpt6k1224187q/manifest.json'
For more information check: https://developer.mozilla.org/en-US/docs/Web/HTTP/Status/403",2026-07-17T19:36:49.938011
canardenchaine,bpt6k12241884,,failed,0,0,,http_manifest,known,403,manifest,"Client error '403 ' for url 'https://openapiproext.bnf.fr/iiif/presentation/v3/ark:/12148/bpt6k12241884/manifest.json'
For more information check: https://developer.mozilla.org/en-US/docs/Web/HTTP/Status/403",2026-07-17T19:36:51.111617
canardenchaine,bpt6k1224189j,,failed,0,0,,http_manifest,known,403,manifest,"Client error '403 ' for url 'https://openapiproext.bnf.fr/iiif/presentation/v3/ark:/12148/bpt6k1224189j/manifest.json'
For more information check: https://developer.mozilla.org/en-US/docs/Web/HTTP/Status/403",2026-07-17T19:36:52.317197
canardenchaine,bpt6k12241906,,failed,0,0,,http_manifest,known,403,manifest,"Client error '403 ' for url 'https://openapiproext.bnf.fr/iiif/presentation/v3/ark:/12148/bpt6k12241906/manifest.json'
For more information check: https://developer.mozilla.org/en-US/docs/Web/HTTP/Status/403",2026-07-17T19:36:53.519087
canardenchaine,bpt6k1224191m,,failed,0,0,,http_manifest,known,403,manifest,"Client error '403 ' for url 'https://openapiproext.bnf.fr/iiif/presentation/v3/ark:/12148/bpt6k1224191m/manifest.json'
For more information check: https://developer.mozilla.org/en-US/docs/Web/HTTP/Status/403",2026-07-17T19:36:54.717961
canardenchaine,bpt6k12241921,,failed,0,0,,http_manifest,known,403,manifest,"Client error '403 ' for url 'https://openapiproext.bnf.fr/iiif/presentation/v3/ark:/12148/bpt6k12241921/manifest.json'
For more information check: https://developer.mozilla.org/en-US/docs/Web/HTTP/Status/403",2026-07-17T19:36:55.933004
canardenchaine,bpt6k1224193f,,failed,0,0,,http_manifest,known,403,manifest,"Client error '403 ' for url 'https://openapiproext.bnf.fr/iiif/presentation/v3/ark:/12148/bpt6k1224193f/manifest.json'
For more information check: https://developer.mozilla.org/en-US/docs/Web/HTTP/Status/403",2026-07-17T19:36:57.130376
canardenchaine,bpt6k1224194v,,failed,0,0,,http_manifest,known,403,manifest,"Client error '403 ' for url 'https://openapiproext.bnf.fr/iiif/presentation/v3/ark:/12148/bpt6k1224194v/manifest.json'
For more information check: https://developer.mozilla.org/en-US/docs/Web/HTTP/Status/403",2026-07-17T19:36:58.526357
canardenchaine,bpt6k12241958,,failed,0,0,,http_manifest,known,403,manifest,"Client error '403 ' for url 'https://openapiproext.bnf.fr/iiif/presentation/v3/ark:/12148/bpt6k12241958/manifest.json'
For more information check: https://developer.mozilla.org/en-US/docs/Web/HTTP/Status/403",2026-07-17T19:36:59.557154
canardenchaine,bpt6k1224196p,,failed,0,0,,http_manifest,known,403,manifest,"Client error '403 ' for url 'https://openapiproext.bnf.fr/iiif/presentation/v3/ark:/12148/bpt6k1224196p/manifest.json'
For more information check: https://developer.mozilla.org/en-US/docs/Web/HTTP/Status/403",2026-07-17T19:37:00.790110
canardenchaine,bpt6k12241973,,failed,0,0,,http_manifest,known,403,manifest,"Client error '403 ' for url 'https://openapiproext.bnf.fr/iiif/presentation/v3/ark:/12148/bpt6k12241973/manifest.json'
For more information check: https://developer.mozilla.org/en-US/docs/Web/HTTP/Status/403",2026-07-17T19:37:01.937988
canardenchaine,bpt6k1224198h,,failed,0,0,,http_manifest,known,403,manifest,"Client error '403 ' for url 'https://openapiproext.bnf.fr/iiif/presentation/v3/ark:/12148/bpt6k1224198h/manifest.json'
For more information check: https://developer.mozilla.org/en-US/docs/Web/HTTP/Status/403",2026-07-17T19:37:03.130482
canardenchaine,bpt6k1224199x,,failed,0,0,,http_manifest,known,403,manifest,"Client error '403 ' for url 'https://openapiproext.bnf.fr/iiif/presentation/v3/ark:/12148/bpt6k1224199x/manifest.json'
For more information check: https://developer.mozilla.org/en-US/docs/Web/HTTP/Status/403",2026-07-17T19:37:04.521874
canardenchaine,bpt6k12242004,,failed,0,0,,http_manifest,known,403,manifest,"Client error '403 ' for url 'https://openapiproext.bnf.fr/iiif/presentation/v3/ark:/12148/bpt6k12242004/manifest.json'
For more information check: https://developer.mozilla.org/en-US/docs/Web/HTTP/Status/403",2026-07-17T19:37:05.797210
canardenchaine,bpt6k1224201j,,failed,0,0,,http_manifest,known,403,manifest,"Client error '403 ' for url 'https://openapiproext.bnf.fr/iiif/presentation/v3/ark:/12148/bpt6k1224201j/manifest.json'
For more information check: https://developer.mozilla.org/en-US/docs/Web/HTTP/Status/403",2026-07-17T19:37:06.843552
canardenchaine,bpt6k1224202z,,failed,0,0,,http_manifest,known,403,manifest,"Client error '403 ' for url 'https://openapiproext.bnf.fr/iiif/presentation/v3/ark:/12148/bpt6k1224202z/manifest.json'
For more information check: https://developer.mozilla.org/en-US/docs/Web/HTTP/Status/403",2026-07-17T19:37:08.137983
canardenchaine,bpt6k1224203c,,failed,0,0,,http_manifest,known,403,manifest,"Client error '403 ' for url 'https://openapiproext.bnf.fr/iiif/presentation/v3/ark:/12148/bpt6k1224203c/manifest.json'
For more information check: https://developer.mozilla.org/en-US/docs/Web/HTTP/Status/403",2026-07-17T19:37:09.262052
canardenchaine,bpt6k1224204s,,failed,0,0,,http_manifest,known,403,manifest,"Client error '403 ' for url 'https://openapiproext.bnf.fr/iiif/presentation/v3/ark:/12148/bpt6k1224204s/manifest.json'
For more information check: https://developer.mozilla.org/en-US/docs/Web/HTTP/Status/403",2026-07-17T19:37:10.405498
canardenchaine,bpt6k12242056,,failed,0,0,,http_manifest,known,403,manifest,"Client error '403 ' for url 'https://openapiproext.bnf.fr/iiif/presentation/v3/ark:/12148/bpt6k12242056/manifest.json'
For more information check: https://developer.mozilla.org/en-US/docs/Web/HTTP/Status/403",2026-07-17T19:37:11.537092
canardenchaine,bpt6k1224206m,,failed,0,0,,http_manifest,known,403,manifest,"Client error '403 ' for url 'https://openapiproext.bnf.fr/iiif/presentation/v3/ark:/12148/bpt6k1224206m/manifest.json'
For more information check: https://developer.mozilla.org/en-US/docs/Web/HTTP/Status/403",2026-07-17T19:37:12.943023
canardenchaine,bpt6k12242071,,failed,0,0,,http_manifest,known,403,manifest,"Client error '403 ' for url 'https://openapiproext.bnf.fr/iiif/presentation/v3/ark:/12148/bpt6k12242071/manifest.json'
For more information check: https://developer.mozilla.org/en-US/docs/Web/HTTP/Status/403",2026-07-17T19:37:14.150643
canardenchaine,bpt6k1224208f,,failed,0,0,,http_manifest,known,403,manifest,"Client error '403 ' for url 'https://openapiproext.bnf.fr/iiif/presentation/v3/ark:/12148/bpt6k1224208f/manifest.json'
For more information check: https://developer.mozilla.org/en-US/docs/Web/HTTP/Status/403",2026-07-17T19:37:15.147602
canardenchaine,bpt6k1224209v,,failed,0,0,,http_manifest,known,403,manifest,"Client error '403 ' for url 'https://openapiproext.bnf.fr/iiif/presentation/v3/ark:/12148/bpt6k1224209v/manifest.json'
For more information check: https://developer.mozilla.org/en-US/docs/Web/HTTP/Status/403",2026-07-17T19:37:16.346942
canardenchaine,bpt6k1224210h,,failed,0,0,,http_manifest,known,403,manifest,"Client error '403 ' for url 'https://openapiproext.bnf.fr/iiif/presentation/v3/ark:/12148/bpt6k1224210h/manifest.json'
For more information check: https://developer.mozilla.org/en-US/docs/Web/HTTP/Status/403",2026-07-17T19:37:17.548369
canardenchaine,bpt6k1224211x,,failed,0,0,,http_manifest,known,403,manifest,"Client error '403 ' for url 'https://openapiproext.bnf.fr/iiif/presentation/v3/ark:/12148/bpt6k1224211x/manifest.json'
For more information check: https://developer.mozilla.org/en-US/docs/Web/HTTP/Status/403",2026-07-17T19:37:18.750174
canardenchaine,bpt6k1224212b,,failed,0,0,,http_manifest,known,403,manifest,"Client error '403 ' for url 'https://openapiproext.bnf.fr/iiif/presentation/v3/ark:/12148/bpt6k1224212b/manifest.json'
For more information check: https://developer.mozilla.org/en-US/docs/Web/HTTP/Status/403",2026-07-17T19:37:19.979359
canardenchaine,bpt6k1224213r,,failed,0,0,,http_manifest,known,403,manifest,"Client error '403 ' for url 'https://openapiproext.bnf.fr/iiif/presentation/v3/ark:/12148/bpt6k1224213r/manifest.json'
For more information check: https://developer.mozilla.org/en-US/docs/Web/HTTP/Status/403",2026-07-17T19:37:21.153886
canardenchaine,bpt6k12242145,,failed,0,0,,http_manifest,known,403,manifest,"Client error '403 ' for url 'https://openapiproext.bnf.fr/iiif/presentation/v3/ark:/12148/bpt6k12242145/manifest.json'
For more information check: https://developer.mozilla.org/en-US/docs/Web/HTTP/Status/403",2026-07-17T19:37:22.358736
canardenchaine,bpt6k1224215k,,failed,0,0,,http_manifest,known,403,manifest,"Client error '403 ' for url 'https://openapiproext.bnf.fr/iiif/presentation/v3/ark:/12148/bpt6k1224215k/manifest.json'
For more information check: https://developer.mozilla.org/en-US/docs/Web/HTTP/Status/403",2026-07-17T19:37:23.555906
canardenchaine,bpt6k12242160,,failed,0,0,,http_manifest,known,403,manifest,"Client error '403 ' for url 'https://openapiproext.bnf.fr/iiif/presentation/v3/ark:/12148/bpt6k12242160/manifest.json'
For more information check: https://developer.mozilla.org/en-US/docs/Web/HTTP/Status/403",2026-07-17T19:37:24.758723
canardenchaine,bpt6k1224217d,,failed,0,0,,http_manifest,known,403,manifest,"Client error '403 ' for url 'https://openapiproext.bnf.fr/iiif/presentation/v3/ark:/12148/bpt6k1224217d/manifest.json'
For more information check: https://developer.mozilla.org/en-US/docs/Web/HTTP/Status/403",2026-07-17T19:37:26.003210
canardenchaine,bpt6k1224218t,,failed,0,0,,http_manifest,known,403,manifest,"Client error '403 ' for url 'https://openapiproext.bnf.fr/iiif/presentation/v3/ark:/12148/bpt6k1224218t/manifest.json'
For more information check: https://developer.mozilla.org/en-US/docs/Web/HTTP/Status/403",2026-07-17T19:37:27.157806
canardenchaine,bpt6k12242197,,failed,0,0,,http_manifest,known,403,manifest,"Client error '403 ' for url 'https://openapiproext.bnf.fr/iiif/presentation/v3/ark:/12148/bpt6k12242197/manifest.json'
For more information check: https://developer.mozilla.org/en-US/docs/Web/HTTP/Status/403",2026-07-17T19:37:28.371777
canardenchaine,bpt6k1224220w,,failed,0,0,,http_manifest,known,403,manifest,"Client error '403 ' for url 'https://openapiproext.bnf.fr/iiif/presentation/v3/ark:/12148/bpt6k1224220w/manifest.json'
For more information check: https://developer.mozilla.org/en-US/docs/Web/HTTP/Status/403",2026-07-17T19:37:29.560009
canardenchaine,bpt6k12242219,,failed,0,0,,http_manifest,known,403,manifest,"Client error '403 ' for url 'https://openapiproext.bnf.fr/iiif/presentation/v3/ark:/12148/bpt6k12242219/manifest.json'
For more information check: https://developer.mozilla.org/en-US/docs/Web/HTTP/Status/403",2026-07-17T19:37:30.763199
canardenchaine,bpt6k1224245q,,failed,0,0,,http_manifest,known,403,manifest,"Client error '403 ' for url 'https://openapiproext.bnf.fr/iiif/presentation/v3/ark:/12148/bpt6k1224245q/manifest.json'
For more information check: https://developer.mozilla.org/en-US/docs/Web/HTTP/Status/403",2026-07-17T19:37:31.964455
canardenchaine,bpt6k12242464,,failed,0,0,,http_manifest,known,403,manifest,"Client error '403 ' for url 'https://openapiproext.bnf.fr/iiif/presentation/v3/ark:/12148/bpt6k12242464/manifest.json'
For more information check: https://developer.mozilla.org/en-US/docs/Web/HTTP/Status/403",2026-07-17T19:37:33.166814
canardenchaine,bpt6k1224247j,,failed,0,0,,http_manifest,known,403,manifest,"Client error '403 ' for url 'https://openapiproext.bnf.fr/iiif/presentation/v3/ark:/12148/bpt6k1224247j/manifest.json'
For more information check: https://developer.mozilla.org/en-US/docs/Web/HTTP/Status/403",2026-07-17T19:37:34.372149
canardenchaine,bpt6k1224248z,,failed,0,0,,http_manifest,known,403,manifest,"Client error '403 ' for url 'https://openapiproext.bnf.fr/iiif/presentation/v3/ark:/12148/bpt6k1224248z/manifest.json'
For more information check: https://developer.mozilla.org/en-US/docs/Web/HTTP/Status/403",2026-07-17T19:37:35.569282
canardenchaine,bpt6k1224249c,,failed,0,0,,http_manifest,known,403,manifest,"Client error '403 ' for url 'https://openapiproext.bnf.fr/iiif/presentation/v3/ark:/12148/bpt6k1224249c/manifest.json'
For more information check: https://developer.mozilla.org/en-US/docs/Web/HTTP/Status/403",2026-07-17T19:37:36.778222
canardenchaine,bpt6k12242501,,failed,0,0,,http_manifest,known,403,manifest,"Client error '403 ' for url 'https://openapiproext.bnf.fr/iiif/presentation/v3/ark:/12148/bpt6k12242501/manifest.json'
For more information check: https://developer.mozilla.org/en-US/docs/Web/HTTP/Status/403",2026-07-17T19:37:37.986485
canardenchaine,bpt6k1224251f,,failed,0,0,,http_manifest,known,403,manifest,"Client error '403 ' for url 'https://openapiproext.bnf.fr/iiif/presentation/v3/ark:/12148/bpt6k1224251f/manifest.json'
For more information check: https://developer.mozilla.org/en-US/docs/Web/HTTP/Status/403",2026-07-17T19:37:39.178149
canardenchaine,bpt6k1224252v,,failed,0,0,,http_manifest,known,403,manifest,"Client error '403 ' for url 'https://openapiproext.bnf.fr/iiif/presentation/v3/ark:/12148/bpt6k1224252v/manifest.json'
For more information check: https://developer.mozilla.org/en-US/docs/Web/HTTP/Status/403",2026-07-17T19:37:40.381809
canardenchaine,bpt6k12242538,,failed,0,0,,http_manifest,known,403,manifest,"Client error '403 ' for url 'https://openapiproext.bnf.fr/iiif/presentation/v3/ark:/12148/bpt6k12242538/manifest.json'
For more information check: https://developer.mozilla.org/en-US/docs/Web/HTTP/Status/403",2026-07-17T19:37:41.578121
canardenchaine,bpt6k1224254p,,failed,0,0,,http_manifest,known,403,manifest,"Client error '403 ' for url 'https://openapiproext.bnf.fr/iiif/presentation/v3/ark:/12148/bpt6k1224254p/manifest.json'
For more information check: https://developer.mozilla.org/en-US/docs/Web/HTTP/Status/403",2026-07-17T19:37:42.782082
canardenchaine,bpt6k12242553,,failed,0,0,,http_manifest,known,403,manifest,"Client error '403 ' for url 'https://openapiproext.bnf.fr/iiif/presentation/v3/ark:/12148/bpt6k12242553/manifest.json'
For more information check: https://developer.mozilla.org/en-US/docs/Web/HTTP/Status/403",2026-07-17T19:37:44.009977
canardenchaine,bpt6k1224256h,,failed,0,0,,http_manifest,known,403,manifest,"Client error '403 ' for url 'https://openapiproext.bnf.fr/iiif/presentation/v3/ark:/12148/bpt6k1224256h/manifest.json'
For more information check: https://developer.mozilla.org/en-US/docs/Web/HTTP/Status/403",2026-07-17T19:37:45.180316
canardenchaine,bpt6k1224257x,,failed,0,0,,http_manifest,known,403,manifest,"Client error '403 ' for url 'https://openapiproext.bnf.fr/iiif/presentation/v3/ark:/12148/bpt6k1224257x/manifest.json'
For more information check: https://developer.mozilla.org/en-US/docs/Web/HTTP/Status/403",2026-07-17T19:37:46.388899
canardenchaine,bpt6k1224258b,,failed,0,0,,http_manifest,known,403,manifest,"Client error '403 ' for url 'https://openapiproext.bnf.fr/iiif/presentation/v3/ark:/12148/bpt6k1224258b/manifest.json'
For more information check: https://developer.mozilla.org/en-US/docs/Web/HTTP/Status/403",2026-07-17T19:37:47.585988
canardenchaine,bpt6k1224259r,,failed,0,0,,http_manifest,known,403,manifest,"Client error '403 ' for url 'https://openapiproext.bnf.fr/iiif/presentation/v3/ark:/12148/bpt6k1224259r/manifest.json'
For more information check: https://developer.mozilla.org/en-US/docs/Web/HTTP/Status/403",2026-07-17T19:37:48.787372
canardenchaine,bpt6k1224260d,,failed,0,0,,http_manifest,known,403,manifest,"Client error '403 ' for url 'https://openapiproext.bnf.fr/iiif/presentation/v3/ark:/12148/bpt6k1224260d/manifest.json'
For more information check: https://developer.mozilla.org/en-US/docs/Web/HTTP/Status/403",2026-07-17T19:37:50.006981
canardenchaine,bpt6k1224261t,,failed,0,0,,http_manifest,known,403,manifest,"Client error '403 ' for url 'https://openapiproext.bnf.fr/iiif/presentation/v3/ark:/12148/bpt6k1224261t/manifest.json'
For more information check: https://developer.mozilla.org/en-US/docs/Web/HTTP/Status/403",2026-07-17T19:37:51.197160
canardenchaine,bpt6k12242627,,failed,0,0,,http_manifest,known,403,manifest,"Client error '403 ' for url 'https://openapiproext.bnf.fr/iiif/presentation/v3/ark:/12148/bpt6k12242627/manifest.json'
For more information check: https://developer.mozilla.org/en-US/docs/Web/HTTP/Status/403",2026-07-17T19:37:52.395370
canardenchaine,bpt6k1224263n,,failed,0,0,,http_manifest,known,403,manifest,"Client error '403 ' for url 'https://openapiproext.bnf.fr/iiif/presentation/v3/ark:/12148/bpt6k1224263n/manifest.json'
For more information check: https://developer.mozilla.org/en-US/docs/Web/HTTP/Status/403",2026-07-17T19:37:53.591913
canardenchaine,bpt6k12242642,,failed,0,0,,http_manifest,known,403,manifest,"Client error '403 ' for url 'https://openapiproext.bnf.fr/iiif/presentation/v3/ark:/12148/bpt6k12242642/manifest.json'
For more information check: https://developer.mozilla.org/en-US/docs/Web/HTTP/Status/403",2026-07-17T19:37:54.796222
canardenchaine,bpt6k1224265g,,failed,0,0,,http_manifest,known,403,manifest,"Client error '403 ' for url 'https://openapiproext.bnf.fr/iiif/presentation/v3/ark:/12148/bpt6k1224265g/manifest.json'
For more information check: https://developer.mozilla.org/en-US/docs/Web/HTTP/Status/403",2026-07-17T19:37:55.994996
canardenchaine,bpt6k1224266w,,failed,0,0,,http_manifest,known,403,manifest,"Client error '403 ' for url 'https://openapiproext.bnf.fr/iiif/presentation/v3/ark:/12148/bpt6k1224266w/manifest.json'
For more information check: https://developer.mozilla.org/en-US/docs/Web/HTTP/Status/403",2026-07-17T19:37:57.200047
canardenchaine,bpt6k12242679,,failed,0,0,,http_manifest,known,403,manifest,"Client error '403 ' for url 'https://openapiproext.bnf.fr/iiif/presentation/v3/ark:/12148/bpt6k12242679/manifest.json'
For more information check: https://developer.mozilla.org/en-US/docs/Web/HTTP/Status/403",2026-07-17T19:37:58.614312
canardenchaine,bpt6k1224268q,,failed,0,0,,http_manifest,known,403,manifest,"Client error '403 ' for url 'https://openapiproext.bnf.fr/iiif/presentation/v3/ark:/12148/bpt6k1224268q/manifest.json'
For more information check: https://developer.mozilla.org/en-US/docs/Web/HTTP/Status/403",2026-07-17T19:37:59.741214
canardenchaine,bpt6k12242694,,failed,0,0,,http_manifest,known,403,manifest,"Client error '403 ' for url 'https://openapiproext.bnf.fr/iiif/presentation/v3/ark:/12148/bpt6k12242694/manifest.json'
For more information check: https://developer.mozilla.org/en-US/docs/Web/HTTP/Status/403",2026-07-17T19:38:00.810454
canardenchaine,bpt6k1224270s,,failed,0,0,,http_manifest,known,403,manifest,"Client error '403 ' for url 'https://openapiproext.bnf.fr/iiif/presentation/v3/ark:/12148/bpt6k1224270s/manifest.json'
For more information check: https://developer.mozilla.org/en-US/docs/Web/HTTP/Status/403",2026-07-17T19:38:02.275326
canardenchaine,bpt6k12242716,,failed,0,0,,http_manifest,known,403,manifest,"Client error '403 ' for url 'https://openapiproext.bnf.fr/iiif/presentation/v3/ark:/12148/bpt6k12242716/manifest.json'
For more information check: https://developer.mozilla.org/en-US/docs/Web/HTTP/Status/403",2026-07-17T19:38:03.210673
canardenchaine,bpt6k1224272m,,failed,0,0,,http_manifest,known,403,manifest,"Client error '403 ' for url 'https://openapiproext.bnf.fr/iiif/presentation/v3/ark:/12148/bpt6k1224272m/manifest.json'
For more information check: https://developer.mozilla.org/en-US/docs/Web/HTTP/Status/403",2026-07-17T19:38:04.587260
canardenchaine,bpt6k12242731,,failed,0,0,,http_manifest,known,403,manifest,"Client error '403 ' for url 'https://openapiproext.bnf.fr/iiif/presentation/v3/ark:/12148/bpt6k12242731/manifest.json'
For more information check: https://developer.mozilla.org/en-US/docs/Web/HTTP/Status/403",2026-07-17T19:38:05.825002
canardenchaine,bpt6k1224274f,,failed,0,0,,http_manifest,known,403,manifest,"Client error '403 ' for url 'https://openapiproext.bnf.fr/iiif/presentation/v3/ark:/12148/bpt6k1224274f/manifest.json'
For more information check: https://developer.mozilla.org/en-US/docs/Web/HTTP/Status/403",2026-07-17T19:38:06.915496
canardenchaine,bpt6k1224275v,,failed,0,0,,http_manifest,known,403,manifest,"Client error '403 ' for url 'https://openapiproext.bnf.fr/iiif/presentation/v3/ark:/12148/bpt6k1224275v/manifest.json'
For more information check: https://developer.mozilla.org/en-US/docs/Web/HTTP/Status/403",2026-07-17T19:38:08.026034
canardenchaine,bpt6k12242768,,failed,0,0,,http_manifest,known,403,manifest,"Client error '403 ' for url 'https://openapiproext.bnf.fr/iiif/presentation/v3/ark:/12148/bpt6k12242768/manifest.json'
For more information check: https://developer.mozilla.org/en-US/docs/Web/HTTP/Status/403",2026-07-17T19:38:09.212613
canardenchaine,bpt6k1224277p,,failed,0,0,,http_manifest,known,403,manifest,"Client error '403 ' for url 'https://openapiproext.bnf.fr/iiif/presentation/v3/ark:/12148/bpt6k1224277p/manifest.json'
For more information check: https://developer.mozilla.org/en-US/docs/Web/HTTP/Status/403",2026-07-17T19:38:10.511728
canardenchaine,bpt6k12242783,,failed,0,0,,http_manifest,known,403,manifest,"Client error '403 ' for url 'https://openapiproext.bnf.fr/iiif/presentation/v3/ark:/12148/bpt6k12242783/manifest.json'
For more information check: https://developer.mozilla.org/en-US/docs/Web/HTTP/Status/403",2026-07-17T19:38:11.623903
canardenchaine,bpt6k1224279h,,failed,0,0,,http_manifest,known,403,manifest,"Client error '403 ' for url 'https://openapiproext.bnf.fr/iiif/presentation/v3/ark:/12148/bpt6k1224279h/manifest.json'
For more information check: https://developer.mozilla.org/en-US/docs/Web/HTTP/Status/403",2026-07-17T19:38:12.814984
canardenchaine,bpt6k12242805,,failed,0,0,,http_manifest,known,403,manifest,"Client error '403 ' for url 'https://openapiproext.bnf.fr/iiif/presentation/v3/ark:/12148/bpt6k12242805/manifest.json'
For more information check: https://developer.mozilla.org/en-US/docs/Web/HTTP/Status/403",2026-07-17T19:38:14.016899
canardenchaine,bpt6k1224281k,,failed,0,0,,http_manifest,known,403,manifest,"Client error '403 ' for url 'https://openapiproext.bnf.fr/iiif/presentation/v3/ark:/12148/bpt6k1224281k/manifest.json'
For more information check: https://developer.mozilla.org/en-US/docs/Web/HTTP/Status/403",2026-07-17T19:38:15.223325
canardenchaine,bpt6k12242820,,failed,0,0,,http_manifest,known,403,manifest,"Client error '403 ' for url 'https://openapiproext.bnf.fr/iiif/presentation/v3/ark:/12148/bpt6k12242820/manifest.json'
For more information check: https://developer.mozilla.org/en-US/docs/Web/HTTP/Status/403",2026-07-17T19:38:16.519961
canardenchaine,bpt6k1224283d,,failed,0,0,,http_manifest,known,403,manifest,"Client error '403 ' for url 'https://openapiproext.bnf.fr/iiif/presentation/v3/ark:/12148/bpt6k1224283d/manifest.json'
For more information check: https://developer.mozilla.org/en-US/docs/Web/HTTP/Status/403",2026-07-17T19:38:17.624505
canardenchaine,bpt6k1224284t,,failed,0,0,,http_manifest,known,403,manifest,"Client error '403 ' for url 'https://openapiproext.bnf.fr/iiif/presentation/v3/ark:/12148/bpt6k1224284t/manifest.json'
For more information check: https://developer.mozilla.org/en-US/docs/Web/HTTP/Status/403",2026-07-17T19:38:18.826187
canardenchaine,bpt6k12242857,,failed,0,0,,http_manifest,known,403,manifest,"Client error '403 ' for url 'https://openapiproext.bnf.fr/iiif/presentation/v3/ark:/12148/bpt6k12242857/manifest.json'
For more information check: https://developer.mozilla.org/en-US/docs/Web/HTTP/Status/403",2026-07-17T19:38:20.039549
canardenchaine,bpt6k1224286n,,failed,0,0,,http_manifest,known,403,manifest,"Client error '403 ' for url 'https://openapiproext.bnf.fr/iiif/presentation/v3/ark:/12148/bpt6k1224286n/manifest.json'
For more information check: https://developer.mozilla.org/en-US/docs/Web/HTTP/Status/403",2026-07-17T19:38:21.226168
canardenchaine,bpt6k12242872,,failed,0,0,,http_manifest,known,403,manifest,"Client error '403 ' for url 'https://openapiproext.bnf.fr/iiif/presentation/v3/ark:/12148/bpt6k12242872/manifest.json'
For more information check: https://developer.mozilla.org/en-US/docs/Web/HTTP/Status/403",2026-07-17T19:38:22.432956
canardenchaine,bpt6k1224288g,,failed,0,0,,http_manifest,known,403,manifest,"Client error '403 ' for url 'https://openapiproext.bnf.fr/iiif/presentation/v3/ark:/12148/bpt6k1224288g/manifest.json'
For more information check: https://developer.mozilla.org/en-US/docs/Web/HTTP/Status/403",2026-07-17T19:38:23.628776
canardenchaine,bpt6k1224289w,,failed,0,0,,http_manifest,known,403,manifest,"Client error '403 ' for url 'https://openapiproext.bnf.fr/iiif/presentation/v3/ark:/12148/bpt6k1224289w/manifest.json'
For more information check: https://developer.mozilla.org/en-US/docs/Web/HTTP/Status/403",2026-07-17T19:38:24.829553
canardenchaine,bpt6k1224290j,,failed,0,0,,http_manifest,known,403,manifest,"Client error '403 ' for url 'https://openapiproext.bnf.fr/iiif/presentation/v3/ark:/12148/bpt6k1224290j/manifest.json'
For more information check: https://developer.mozilla.org/en-US/docs/Web/HTTP/Status/403",2026-07-17T19:38:26.032762
canardenchaine,bpt6k1224291z,,failed,0,0,,http_manifest,known,403,manifest,"Client error '403 ' for url 'https://openapiproext.bnf.fr/iiif/presentation/v3/ark:/12148/bpt6k1224291z/manifest.json'
For more information check: https://developer.mozilla.org/en-US/docs/Web/HTTP/Status/403",2026-07-17T19:38:27.233892
canardenchaine,bpt6k1224292c,,failed,0,0,,http_manifest,known,403,manifest,"Client error '403 ' for url 'https://openapiproext.bnf.fr/iiif/presentation/v3/ark:/12148/bpt6k1224292c/manifest.json'
For more information check: https://developer.mozilla.org/en-US/docs/Web/HTTP/Status/403",2026-07-17T19:38:28.445210
canardenchaine,bpt6k1224293s,,failed,0,0,,http_manifest,known,403,manifest,"Client error '403 ' for url 'https://openapiproext.bnf.fr/iiif/presentation/v3/ark:/12148/bpt6k1224293s/manifest.json'
For more information check: https://developer.mozilla.org/en-US/docs/Web/HTTP/Status/403",2026-07-17T19:38:29.638621
canardenchaine,bpt6k12242946,,failed,0,0,,http_manifest,known,403,manifest,"Client error '403 ' for url 'https://openapiproext.bnf.fr/iiif/presentation/v3/ark:/12148/bpt6k12242946/manifest.json'
For more information check: https://developer.mozilla.org/en-US/docs/Web/HTTP/Status/403",2026-07-17T19:38:30.851632
canardenchaine,bpt6k1224295m,,failed,0,0,,http_manifest,known,403,manifest,"Client error '403 ' for url 'https://openapiproext.bnf.fr/iiif/presentation/v3/ark:/12148/bpt6k1224295m/manifest.json'
For more information check: https://developer.mozilla.org/en-US/docs/Web/HTTP/Status/403",2026-07-17T19:38:32.051771
canardenchaine,bpt6k12242961,,failed,0,0,,http_manifest,known,403,manifest,"Client error '403 ' for url 'https://openapiproext.bnf.fr/iiif/presentation/v3/ark:/12148/bpt6k12242961/manifest.json'
For more information check: https://developer.mozilla.org/en-US/docs/Web/HTTP/Status/403",2026-07-17T19:38:33.240273
canardenchaine,bpt6k12234594,,failed,0,0,,http_manifest,known,403,manifest,"Client error '403 ' for url 'https://openapiproext.bnf.fr/iiif/presentation/v3/ark:/12148/bpt6k12234594/manifest.json'
For more information check: https://developer.mozilla.org/en-US/docs/Web/HTTP/Status/403",2026-07-17T19:38:34.439485
canardenchaine,bpt6k1223460s,,failed,0,0,,http_manifest,known,403,manifest,"Client error '403 ' for url 'https://openapiproext.bnf.fr/iiif/presentation/v3/ark:/12148/bpt6k1223460s/manifest.json'
For more information check: https://developer.mozilla.org/en-US/docs/Web/HTTP/Status/403",2026-07-17T19:38:35.643696
canardenchaine,bpt6k12234616,,failed,0,0,,http_manifest,known,403,manifest,"Client error '403 ' for url 'https://openapiproext.bnf.fr/iiif/presentation/v3/ark:/12148/bpt6k12234616/manifest.json'
For more information check: https://developer.mozilla.org/en-US/docs/Web/HTTP/Status/403",2026-07-17T19:38:36.846073
canardenchaine,bpt6k1223462m,,failed,0,0,,http_manifest,known,403,manifest,"Client error '403 ' for url 'https://openapiproext.bnf.fr/iiif/presentation/v3/ark:/12148/bpt6k1223462m/manifest.json'
For more information check: https://developer.mozilla.org/en-US/docs/Web/HTTP/Status/403",2026-07-17T19:38:38.062984
canardenchaine,bpt6k12234631,,failed,0,0,,http_manifest,known,403,manifest,"Client error '403 ' for url 'https://openapiproext.bnf.fr/iiif/presentation/v3/ark:/12148/bpt6k12234631/manifest.json'
For more information check: https://developer.mozilla.org/en-US/docs/Web/HTTP/Status/403",2026-07-17T19:38:39.247695
canardenchaine,bpt6k1223464f,,failed,0,0,,http_manifest,known,403,manifest,"Client error '403 ' for url 'https://openapiproext.bnf.fr/iiif/presentation/v3/ark:/12148/bpt6k1223464f/manifest.json'
For more information check: https://developer.mozilla.org/en-US/docs/Web/HTTP/Status/403",2026-07-17T19:38:40.449775
canardenchaine,bpt6k1223465v,,failed,0,0,,http_manifest,known,403,manifest,"Client error '403 ' for url 'https://openapiproext.bnf.fr/iiif/presentation/v3/ark:/12148/bpt6k1223465v/manifest.json'
For more information check: https://developer.mozilla.org/en-US/docs/Web/HTTP/Status/403",2026-07-17T19:38:41.656044
canardenchaine,bpt6k12234668,,failed,0,0,,http_manifest,known,403,manifest,"Client error '403 ' for url 'https://openapiproext.bnf.fr/iiif/presentation/v3/ark:/12148/bpt6k12234668/manifest.json'
For more information check: https://developer.mozilla.org/en-US/docs/Web/HTTP/Status/403",2026-07-17T19:38:42.854219
canardenchaine,bpt6k1223467p,,failed,0,0,,http_manifest,known,403,manifest,"Client error '403 ' for url 'https://openapiproext.bnf.fr/iiif/presentation/v3/ark:/12148/bpt6k1223467p/manifest.json'
For more information check: https://developer.mozilla.org/en-US/docs/Web/HTTP/Status/403",2026-07-17T19:38:44.053838
canardenchaine,bpt6k12234683,,failed,0,0,,http_manifest,known,403,manifest,"Client error '403 ' for url 'https://openapiproext.bnf.fr/iiif/presentation/v3/ark:/12148/bpt6k12234683/manifest.json'
For more information check: https://developer.mozilla.org/en-US/docs/Web/HTTP/Status/403",2026-07-17T19:38:45.254355
canardenchaine,bpt6k1223469h,,failed,0,0,,http_manifest,known,403,manifest,"Client error '403 ' for url 'https://openapiproext.bnf.fr/iiif/presentation/v3/ark:/12148/bpt6k1223469h/manifest.json'
For more information check: https://developer.mozilla.org/en-US/docs/Web/HTTP/Status/403",2026-07-17T19:38:46.455285
canardenchaine,bpt6k12234705,,failed,0,0,,http_manifest,known,403,manifest,"Client error '403 ' for url 'https://openapiproext.bnf.fr/iiif/presentation/v3/ark:/12148/bpt6k12234705/manifest.json'
For more information check: https://developer.mozilla.org/en-US/docs/Web/HTTP/Status/403",2026-07-17T19:38:47.659737
canardenchaine,bpt6k1223471k,,failed,0,0,,http_manifest,known,403,manifest,"Client error '403 ' for url 'https://openapiproext.bnf.fr/iiif/presentation/v3/ark:/12148/bpt6k1223471k/manifest.json'
For more information check: https://developer.mozilla.org/en-US/docs/Web/HTTP/Status/403",2026-07-17T19:38:48.861354
canardenchaine,bpt6k12234720,,failed,0,0,,http_manifest,known,403,manifest,"Client error '403 ' for url 'https://openapiproext.bnf.fr/iiif/presentation/v3/ark:/12148/bpt6k12234720/manifest.json'
For more information check: https://developer.mozilla.org/en-US/docs/Web/HTTP/Status/403",2026-07-17T19:38:50.077746
canardenchaine,bpt6k1223473d,,failed,0,0,,http_manifest,known,403,manifest,"Client error '403 ' for url 'https://openapiproext.bnf.fr/iiif/presentation/v3/ark:/12148/bpt6k1223473d/manifest.json'
For more information check: https://developer.mozilla.org/en-US/docs/Web/HTTP/Status/403",2026-07-17T19:38:51.266466
canardenchaine,bpt6k1223474t,,failed,0,0,,http_manifest,known,403,manifest,"Client error '403 ' for url 'https://openapiproext.bnf.fr/iiif/presentation/v3/ark:/12148/bpt6k1223474t/manifest.json'
For more information check: https://developer.mozilla.org/en-US/docs/Web/HTTP/Status/403",2026-07-17T19:38:52.472186
canardenchaine,bpt6k12234757,,failed,0,0,,http_manifest,known,403,manifest,"Client error '403 ' for url 'https://openapiproext.bnf.fr/iiif/presentation/v3/ark:/12148/bpt6k12234757/manifest.json'
For more information check: https://developer.mozilla.org/en-US/docs/Web/HTTP/Status/403",2026-07-17T19:38:53.667480
canardenchaine,bpt6k1223476n,,failed,0,0,,http_manifest,known,403,manifest,"Client error '403 ' for url 'https://openapiproext.bnf.fr/iiif/presentation/v3/ark:/12148/bpt6k1223476n/manifest.json'
For more information check: https://developer.mozilla.org/en-US/docs/Web/HTTP/Status/403",2026-07-17T19:38:54.870765
canardenchaine,bpt6k12234772,,failed,0,0,,http_manifest,known,403,manifest,"Client error '403 ' for url 'https://openapiproext.bnf.fr/iiif/presentation/v3/ark:/12148/bpt6k12234772/manifest.json'
For more information check: https://developer.mozilla.org/en-US/docs/Web/HTTP/Status/403",2026-07-17T19:38:56.070996
canardenchaine,bpt6k1223478g,,failed,0,0,,http_manifest,known,403,manifest,"Client error '403 ' for url 'https://openapiproext.bnf.fr/iiif/presentation/v3/ark:/12148/bpt6k1223478g/manifest.json'
For more information check: https://developer.mozilla.org/en-US/docs/Web/HTTP/Status/403",2026-07-17T19:38:57.273662
canardenchaine,bpt6k1223479w,,failed,0,0,,http_manifest,known,403,manifest,"Client error '403 ' for url 'https://openapiproext.bnf.fr/iiif/presentation/v3/ark:/12148/bpt6k1223479w/manifest.json'
For more information check: https://developer.mozilla.org/en-US/docs/Web/HTTP/Status/403",2026-07-17T19:38:58.683860
canardenchaine,bpt6k1223480j,,failed,0,0,,http_manifest,known,403,manifest,"Client error '403 ' for url 'https://openapiproext.bnf.fr/iiif/presentation/v3/ark:/12148/bpt6k1223480j/manifest.json'
For more information check: https://developer.mozilla.org/en-US/docs/Web/HTTP/Status/403",2026-07-17T19:38:59.830983
canardenchaine,bpt6k1223481z,,failed,0,0,,http_manifest,known,403,manifest,"Client error '403 ' for url 'https://openapiproext.bnf.fr/iiif/presentation/v3/ark:/12148/bpt6k1223481z/manifest.json'
For more information check: https://developer.mozilla.org/en-US/docs/Web/HTTP/Status/403",2026-07-17T19:39:00.877939
canardenchaine,bpt6k1223482c,,failed,0,0,,http_manifest,known,403,manifest,"Client error '403 ' for url 'https://openapiproext.bnf.fr/iiif/presentation/v3/ark:/12148/bpt6k1223482c/manifest.json'
For more information check: https://developer.mozilla.org/en-US/docs/Web/HTTP/Status/403",2026-07-17T19:39:02.092185
canardenchaine,bpt6k1223483s,,failed,0,0,,http_manifest,known,403,manifest,"Client error '403 ' for url 'https://openapiproext.bnf.fr/iiif/presentation/v3/ark:/12148/bpt6k1223483s/manifest.json'
For more information check: https://developer.mozilla.org/en-US/docs/Web/HTTP/Status/403",2026-07-17T19:39:03.281208
canardenchaine,bpt6k12234846,,failed,0,0,,http_manifest,known,403,manifest,"Client error '403 ' for url 'https://openapiproext.bnf.fr/iiif/presentation/v3/ark:/12148/bpt6k12234846/manifest.json'
For more information check: https://developer.mozilla.org/en-US/docs/Web/HTTP/Status/403",2026-07-17T19:39:04.486612
canardenchaine,bpt6k1223485m,,failed,0,0,,http_manifest,known,403,manifest,"Client error '403 ' for url 'https://openapiproext.bnf.fr/iiif/presentation/v3/ark:/12148/bpt6k1223485m/manifest.json'
For more information check: https://developer.mozilla.org/en-US/docs/Web/HTTP/Status/403",2026-07-17T19:39:05.687565
canardenchaine,bpt6k12234861,,failed,0,0,,http_manifest,known,403,manifest,"Client error '403 ' for url 'https://openapiproext.bnf.fr/iiif/presentation/v3/ark:/12148/bpt6k12234861/manifest.json'
For more information check: https://developer.mozilla.org/en-US/docs/Web/HTTP/Status/403",2026-07-17T19:39:06.889278
canardenchaine,bpt6k1223487f,,failed,0,0,,http_manifest,known,403,manifest,"Client error '403 ' for url 'https://openapiproext.bnf.fr/iiif/presentation/v3/ark:/12148/bpt6k1223487f/manifest.json'
For more information check: https://developer.mozilla.org/en-US/docs/Web/HTTP/Status/403",2026-07-17T19:39:08.102289
canardenchaine,bpt6k1223488v,,failed,0,0,,http_manifest,known,403,manifest,"Client error '403 ' for url 'https://openapiproext.bnf.fr/iiif/presentation/v3/ark:/12148/bpt6k1223488v/manifest.json'
For more information check: https://developer.mozilla.org/en-US/docs/Web/HTTP/Status/403",2026-07-17T19:39:09.289938
canardenchaine,bpt6k12234898,,failed,0,0,,http_manifest,known,403,manifest,"Client error '403 ' for url 'https://openapiproext.bnf.fr/iiif/presentation/v3/ark:/12148/bpt6k12234898/manifest.json'
For more information check: https://developer.mozilla.org/en-US/docs/Web/HTTP/Status/403",2026-07-17T19:39:10.494114
canardenchaine,bpt6k1223490x,,failed,0,0,,http_manifest,known,403,manifest,"Client error '403 ' for url 'https://openapiproext.bnf.fr/iiif/presentation/v3/ark:/12148/bpt6k1223490x/manifest.json'
For more information check: https://developer.mozilla.org/en-US/docs/Web/HTTP/Status/403",2026-07-17T19:39:11.692229
canardenchaine,bpt6k1223491b,,failed,0,0,,http_manifest,known,403,manifest,"Client error '403 ' for url 'https://openapiproext.bnf.fr/iiif/presentation/v3/ark:/12148/bpt6k1223491b/manifest.json'
For more information check: https://developer.mozilla.org/en-US/docs/Web/HTTP/Status/403",2026-07-17T19:39:13.172494
canardenchaine,bpt6k1223492r,,failed,0,0,,http_manifest,known,403,manifest,"Client error '403 ' for url 'https://openapiproext.bnf.fr/iiif/presentation/v3/ark:/12148/bpt6k1223492r/manifest.json'
For more information check: https://developer.mozilla.org/en-US/docs/Web/HTTP/Status/403",2026-07-17T19:39:14.194257
canardenchaine,bpt6k12234935,,failed,0,0,,http_manifest,known,403,manifest,"Client error '403 ' for url 'https://openapiproext.bnf.fr/iiif/presentation/v3/ark:/12148/bpt6k12234935/manifest.json'
For more information check: https://developer.mozilla.org/en-US/docs/Web/HTTP/Status/403",2026-07-17T19:39:15.421702
canardenchaine,bpt6k1223494k,,failed,0,0,,http_manifest,known,403,manifest,"Client error '403 ' for url 'https://openapiproext.bnf.fr/iiif/presentation/v3/ark:/12148/bpt6k1223494k/manifest.json'
For more information check: https://developer.mozilla.org/en-US/docs/Web/HTTP/Status/403",2026-07-17T19:39:16.718305
canardenchaine,bpt6k12234950,,failed,0,0,,http_manifest,known,403,manifest,"Client error '403 ' for url 'https://openapiproext.bnf.fr/iiif/presentation/v3/ark:/12148/bpt6k12234950/manifest.json'
For more information check: https://developer.mozilla.org/en-US/docs/Web/HTTP/Status/403",2026-07-17T19:39:17.706212
canardenchaine,bpt6k1223496d,,failed,0,0,,http_manifest,known,403,manifest,"Client error '403 ' for url 'https://openapiproext.bnf.fr/iiif/presentation/v3/ark:/12148/bpt6k1223496d/manifest.json'
For more information check: https://developer.mozilla.org/en-US/docs/Web/HTTP/Status/403",2026-07-17T19:39:19.072624
canardenchaine,bpt6k1223497t,,failed,0,0,,http_manifest,known,403,manifest,"Client error '403 ' for url 'https://openapiproext.bnf.fr/iiif/presentation/v3/ark:/12148/bpt6k1223497t/manifest.json'
For more information check: https://developer.mozilla.org/en-US/docs/Web/HTTP/Status/403",2026-07-17T19:39:20.105052
canardenchaine,bpt6k12234987,,failed,0,0,,http_manifest,known,403,manifest,"Client error '403 ' for url 'https://openapiproext.bnf.fr/iiif/presentation/v3/ark:/12148/bpt6k12234987/manifest.json'
For more information check: https://developer.mozilla.org/en-US/docs/Web/HTTP/Status/403",2026-07-17T19:39:21.309808
canardenchaine,bpt6k1223499n,,failed,0,0,,http_manifest,known,403,manifest,"Client error '403 ' for url 'https://openapiproext.bnf.fr/iiif/presentation/v3/ark:/12148/bpt6k1223499n/manifest.json'
For more information check: https://developer.mozilla.org/en-US/docs/Web/HTTP/Status/403",2026-07-17T19:39:22.505972
canardenchaine,bpt6k1223500v,,failed,0,0,,http_manifest,known,403,manifest,"Client error '403 ' for url 'https://openapiproext.bnf.fr/iiif/presentation/v3/ark:/12148/bpt6k1223500v/manifest.json'
For more information check: https://developer.mozilla.org/en-US/docs/Web/HTTP/Status/403",2026-07-17T19:39:23.709337
canardenchaine,bpt6k12235018,,failed,0,0,,http_manifest,known,403,manifest,"Client error '403 ' for url 'https://openapiproext.bnf.fr/iiif/presentation/v3/ark:/12148/bpt6k12235018/manifest.json'
For more information check: https://developer.mozilla.org/en-US/docs/Web/HTTP/Status/403",2026-07-17T19:39:24.910108
canardenchaine,bpt6k1223502p,,failed,0,0,,http_manifest,known,403,manifest,"Client error '403 ' for url 'https://openapiproext.bnf.fr/iiif/presentation/v3/ark:/12148/bpt6k1223502p/manifest.json'
For more information check: https://developer.mozilla.org/en-US/docs/Web/HTTP/Status/403",2026-07-17T19:39:26.110724
canardenchaine,bpt6k12235033,,failed,0,0,,http_manifest,known,403,manifest,"Client error '403 ' for url 'https://openapiproext.bnf.fr/iiif/presentation/v3/ark:/12148/bpt6k12235033/manifest.json'
For more information check: https://developer.mozilla.org/en-US/docs/Web/HTTP/Status/403",2026-07-17T19:39:27.317078
canardenchaine,bpt6k1223504h,,failed,0,0,,http_manifest,known,403,manifest,"Client error '403 ' for url 'https://openapiproext.bnf.fr/iiif/presentation/v3/ark:/12148/bpt6k1223504h/manifest.json'
For more information check: https://developer.mozilla.org/en-US/docs/Web/HTTP/Status/403",2026-07-17T19:39:28.515716
canardenchaine,bpt6k1223505x,,failed,0,0,,http_manifest,known,403,manifest,"Client error '403 ' for url 'https://openapiproext.bnf.fr/iiif/presentation/v3/ark:/12148/bpt6k1223505x/manifest.json'
For more information check: https://developer.mozilla.org/en-US/docs/Web/HTTP/Status/403",2026-07-17T19:39:29.714757
canardenchaine,bpt6k1223506b,,failed,0,0,,http_manifest,known,403,manifest,"Client error '403 ' for url 'https://openapiproext.bnf.fr/iiif/presentation/v3/ark:/12148/bpt6k1223506b/manifest.json'
For more information check: https://developer.mozilla.org/en-US/docs/Web/HTTP/Status/403",2026-07-17T19:39:30.932180
canardenchaine,bpt6k1223507r,,failed,0,0,,http_manifest,known,403,manifest,"Client error '403 ' for url 'https://openapiproext.bnf.fr/iiif/presentation/v3/ark:/12148/bpt6k1223507r/manifest.json'
For more information check: https://developer.mozilla.org/en-US/docs/Web/HTTP/Status/403",2026-07-17T19:39:32.118526
canardenchaine,bpt6k12235085,,failed,0,0,,http_manifest,known,403,manifest,"Client error '403 ' for url 'https://openapiproext.bnf.fr/iiif/presentation/v3/ark:/12148/bpt6k12235085/manifest.json'
For more information check: https://developer.mozilla.org/en-US/docs/Web/HTTP/Status/403",2026-07-17T19:39:33.322130
canardenchaine,bpt6k1223509k,,failed,0,0,,http_manifest,known,403,manifest,"Client error '403 ' for url 'https://openapiproext.bnf.fr/iiif/presentation/v3/ark:/12148/bpt6k1223509k/manifest.json'
For more information check: https://developer.mozilla.org/en-US/docs/Web/HTTP/Status/403",2026-07-17T19:39:34.522475
canardenchaine,bpt6k12235107,,failed,0,0,,http_manifest,known,403,manifest,"Client error '403 ' for url 'https://openapiproext.bnf.fr/iiif/presentation/v3/ark:/12148/bpt6k12235107/manifest.json'
For more information check: https://developer.mozilla.org/en-US/docs/Web/HTTP/Status/403",2026-07-17T19:39:35.731349
canardenchaine,bpt6k12235122,,failed,0,0,,http_manifest,known,403,manifest,"Client error '403 ' for url 'https://openapiproext.bnf.fr/iiif/presentation/v3/ark:/12148/bpt6k12235122/manifest.json'
For more information check: https://developer.mozilla.org/en-US/docs/Web/HTTP/Status/403",2026-07-17T19:39:36.925425
canardenchaine,bpt6k1223513g,,failed,0,0,,http_manifest,known,403,manifest,"Client error '403 ' for url 'https://openapiproext.bnf.fr/iiif/presentation/v3/ark:/12148/bpt6k1223513g/manifest.json'
For more information check: https://developer.mozilla.org/en-US/docs/Web/HTTP/Status/403",2026-07-17T19:39:38.128462
canardenchaine,bpt6k1223514w,,failed,0,0,,http_manifest,known,403,manifest,"Client error '403 ' for url 'https://openapiproext.bnf.fr/iiif/presentation/v3/ark:/12148/bpt6k1223514w/manifest.json'
For more information check: https://developer.mozilla.org/en-US/docs/Web/HTTP/Status/403",2026-07-17T19:39:39.329163
canardenchaine,bpt6k12235159,,failed,0,0,,http_manifest,known,403,manifest,"Client error '403 ' for url 'https://openapiproext.bnf.fr/iiif/presentation/v3/ark:/12148/bpt6k12235159/manifest.json'
For more information check: https://developer.mozilla.org/en-US/docs/Web/HTTP/Status/403",2026-07-17T19:39:40.530955
canardenchaine,bpt6k1223516q,,failed,0,0,,http_manifest,known,403,manifest,"Client error '403 ' for url 'https://openapiproext.bnf.fr/iiif/presentation/v3/ark:/12148/bpt6k1223516q/manifest.json'
For more information check: https://developer.mozilla.org/en-US/docs/Web/HTTP/Status/403",2026-07-17T19:39:41.732980
canardenchaine,bpt6k12235174,,failed,0,0,,http_manifest,known,403,manifest,"Client error '403 ' for url 'https://openapiproext.bnf.fr/iiif/presentation/v3/ark:/12148/bpt6k12235174/manifest.json'
For more information check: https://developer.mozilla.org/en-US/docs/Web/HTTP/Status/403",2026-07-17T19:39:42.947396
canardenchaine,bpt6k1223518j,,failed,0,0,,http_manifest,known,403,manifest,"Client error '403 ' for url 'https://openapiproext.bnf.fr/iiif/presentation/v3/ark:/12148/bpt6k1223518j/manifest.json'
For more information check: https://developer.mozilla.org/en-US/docs/Web/HTTP/Status/403",2026-07-17T19:39:44.158261
canardenchaine,bpt6k1223519z,,failed,0,0,,http_manifest,known,403,manifest,"Client error '403 ' for url 'https://openapiproext.bnf.fr/iiif/presentation/v3/ark:/12148/bpt6k1223519z/manifest.json'
For more information check: https://developer.mozilla.org/en-US/docs/Web/HTTP/Status/403",2026-07-17T19:39:45.338967
canardenchaine,bpt6k1223520m,,failed,0,0,,http_manifest,known,403,manifest,"Client error '403 ' for url 'https://openapiproext.bnf.fr/iiif/presentation/v3/ark:/12148/bpt6k1223520m/manifest.json'
For more information check: https://developer.mozilla.org/en-US/docs/Web/HTTP/Status/403",2026-07-17T19:39:46.540497
canardenchaine,bpt6k12235211,,failed,0,0,,http_manifest,known,403,manifest,"Client error '403 ' for url 'https://openapiproext.bnf.fr/iiif/presentation/v3/ark:/12148/bpt6k12235211/manifest.json'
For more information check: https://developer.mozilla.org/en-US/docs/Web/HTTP/Status/403",2026-07-17T19:39:47.744660
canardenchaine,bpt6k1223522f,,failed,0,0,,http_manifest,known,403,manifest,"Client error '403 ' for url 'https://openapiproext.bnf.fr/iiif/presentation/v3/ark:/12148/bpt6k1223522f/manifest.json'
For more information check: https://developer.mozilla.org/en-US/docs/Web/HTTP/Status/403",2026-07-17T19:39:48.946150
canardenchaine,bpt6k1223523v,,failed,0,0,,http_manifest,known,403,manifest,"Client error '403 ' for url 'https://openapiproext.bnf.fr/iiif/presentation/v3/ark:/12148/bpt6k1223523v/manifest.json'
For more information check: https://developer.mozilla.org/en-US/docs/Web/HTTP/Status/403",2026-07-17T19:39:50.145973
canardenchaine,bpt6k12235248,,failed,0,0,,http_manifest,known,403,manifest,"Client error '403 ' for url 'https://openapiproext.bnf.fr/iiif/presentation/v3/ark:/12148/bpt6k12235248/manifest.json'
For more information check: https://developer.mozilla.org/en-US/docs/Web/HTTP/Status/403",2026-07-17T19:39:51.346754
canardenchaine,bpt6k1223525p,,failed,0,0,,http_manifest,known,403,manifest,"Client error '403 ' for url 'https://openapiproext.bnf.fr/iiif/presentation/v3/ark:/12148/bpt6k1223525p/manifest.json'
For more information check: https://developer.mozilla.org/en-US/docs/Web/HTTP/Status/403",2026-07-17T19:39:52.549519
canardenchaine,bpt6k12235263,,failed,0,0,,http_manifest,known,403,manifest,"Client error '403 ' for url 'https://openapiproext.bnf.fr/iiif/presentation/v3/ark:/12148/bpt6k12235263/manifest.json'
For more information check: https://developer.mozilla.org/en-US/docs/Web/HTTP/Status/403",2026-07-17T19:39:53.751194
canardenchaine,bpt6k1223527h,,failed,0,0,,http_manifest,known,403,manifest,"Client error '403 ' for url 'https://openapiproext.bnf.fr/iiif/presentation/v3/ark:/12148/bpt6k1223527h/manifest.json'
For more information check: https://developer.mozilla.org/en-US/docs/Web/HTTP/Status/403",2026-07-17T19:39:54.976317
canardenchaine,bpt6k1223528x,,failed,0,0,,http_manifest,known,403,manifest,"Client error '403 ' for url 'https://openapiproext.bnf.fr/iiif/presentation/v3/ark:/12148/bpt6k1223528x/manifest.json'
For more information check: https://developer.mozilla.org/en-US/docs/Web/HTTP/Status/403",2026-07-17T19:39:56.155986
canardenchaine,bpt6k1223529b,,failed,0,0,,http_manifest,known,403,manifest,"Client error '403 ' for url 'https://openapiproext.bnf.fr/iiif/presentation/v3/ark:/12148/bpt6k1223529b/manifest.json'
For more information check: https://developer.mozilla.org/en-US/docs/Web/HTTP/Status/403",2026-07-17T19:39:57.354814
canardenchaine,bpt6k12235300,,failed,0,0,,http_manifest,known,403,manifest,"Client error '403 ' for url 'https://openapiproext.bnf.fr/iiif/presentation/v3/ark:/12148/bpt6k12235300/manifest.json'
For more information check: https://developer.mozilla.org/en-US/docs/Web/HTTP/Status/403",2026-07-17T19:39:58.555941
canardenchaine,bpt6k1223531d,,failed,0,0,,http_manifest,known,403,manifest,"Client error '403 ' for url 'https://openapiproext.bnf.fr/iiif/presentation/v3/ark:/12148/bpt6k1223531d/manifest.json'
For more information check: https://developer.mozilla.org/en-US/docs/Web/HTTP/Status/403",2026-07-17T19:39:59.759229
canardenchaine,bpt6k1223532t,,failed,0,0,,http_manifest,known,403,manifest,"Client error '403 ' for url 'https://openapiproext.bnf.fr/iiif/presentation/v3/ark:/12148/bpt6k1223532t/manifest.json'
For more information check: https://developer.mozilla.org/en-US/docs/Web/HTTP/Status/403",2026-07-17T19:40:00.970793
canardenchaine,bpt6k12235337,,failed,0,0,,http_manifest,known,403,manifest,"Client error '403 ' for url 'https://openapiproext.bnf.fr/iiif/presentation/v3/ark:/12148/bpt6k12235337/manifest.json'
For more information check: https://developer.mozilla.org/en-US/docs/Web/HTTP/Status/403",2026-07-17T19:40:02.174331
canardenchaine,bpt6k1223534n,,failed,0,0,,http_manifest,known,403,manifest,"Client error '403 ' for url 'https://openapiproext.bnf.fr/iiif/presentation/v3/ark:/12148/bpt6k1223534n/manifest.json'
For more information check: https://developer.mozilla.org/en-US/docs/Web/HTTP/Status/403",2026-07-17T19:40:03.372647
canardenchaine,bpt6k12235352,,failed,0,0,,http_manifest,known,403,manifest,"Client error '403 ' for url 'https://openapiproext.bnf.fr/iiif/presentation/v3/ark:/12148/bpt6k12235352/manifest.json'
For more information check: https://developer.mozilla.org/en-US/docs/Web/HTTP/Status/403",2026-07-17T19:40:04.724142
canardenchaine,bpt6k1223536g,,failed,0,0,,http_manifest,known,403,manifest,"Client error '403 ' for url 'https://openapiproext.bnf.fr/iiif/presentation/v3/ark:/12148/bpt6k1223536g/manifest.json'
For more information check: https://developer.mozilla.org/en-US/docs/Web/HTTP/Status/403",2026-07-17T19:40:05.959566
canardenchaine,bpt6k1223537w,,failed,0,0,,http_manifest,known,403,manifest,"Client error '403 ' for url 'https://openapiproext.bnf.fr/iiif/presentation/v3/ark:/12148/bpt6k1223537w/manifest.json'
For more information check: https://developer.mozilla.org/en-US/docs/Web/HTTP/Status/403",2026-07-17T19:40:06.972222
canardenchaine,bpt6k12235389,,failed,0,0,,http_manifest,known,403,manifest,"Client error '403 ' for url 'https://openapiproext.bnf.fr/iiif/presentation/v3/ark:/12148/bpt6k12235389/manifest.json'
For more information check: https://developer.mozilla.org/en-US/docs/Web/HTTP/Status/403",2026-07-17T19:40:08.178599
canardenchaine,bpt6k1223539q,,failed,0,0,,http_manifest,known,403,manifest,"Client error '403 ' for url 'https://openapiproext.bnf.fr/iiif/presentation/v3/ark:/12148/bpt6k1223539q/manifest.json'
For more information check: https://developer.mozilla.org/en-US/docs/Web/HTTP/Status/403",2026-07-17T19:40:09.368607
canardenchaine,bpt6k1223540c,,failed,0,0,,http_manifest,known,403,manifest,"Client error '403 ' for url 'https://openapiproext.bnf.fr/iiif/presentation/v3/ark:/12148/bpt6k1223540c/manifest.json'
For more information check: https://developer.mozilla.org/en-US/docs/Web/HTTP/Status/403",2026-07-17T19:40:10.689897
canardenchaine,bpt6k1223541s,,failed,0,0,,http_manifest,known,403,manifest,"Client error '403 ' for url 'https://openapiproext.bnf.fr/iiif/presentation/v3/ark:/12148/bpt6k1223541s/manifest.json'
For more information check: https://developer.mozilla.org/en-US/docs/Web/HTTP/Status/403",2026-07-17T19:40:11.792938
canardenchaine,bpt6k12235426,,failed,0,0,,http_manifest,known,403,manifest,"Client error '403 ' for url 'https://openapiproext.bnf.fr/iiif/presentation/v3/ark:/12148/bpt6k12235426/manifest.json'
For more information check: https://developer.mozilla.org/en-US/docs/Web/HTTP/Status/403",2026-07-17T19:40:13.271221
canardenchaine,bpt6k1223543m,,failed,0,0,,http_manifest,known,403,manifest,"Client error '403 ' for url 'https://openapiproext.bnf.fr/iiif/presentation/v3/ark:/12148/bpt6k1223543m/manifest.json'
For more information check: https://developer.mozilla.org/en-US/docs/Web/HTTP/Status/403",2026-07-17T19:40:14.175100
canardenchaine,bpt6k12235441,,failed,0,0,,http_manifest,known,403,manifest,"Client error '403 ' for url 'https://openapiproext.bnf.fr/iiif/presentation/v3/ark:/12148/bpt6k12235441/manifest.json'
For more information check: https://developer.mozilla.org/en-US/docs/Web/HTTP/Status/403",2026-07-17T19:40:15.405158
canardenchaine,bpt6k1223545f,,failed,0,0,,http_manifest,known,403,manifest,"Client error '403 ' for url 'https://openapiproext.bnf.fr/iiif/presentation/v3/ark:/12148/bpt6k1223545f/manifest.json'
For more information check: https://developer.mozilla.org/en-US/docs/Web/HTTP/Status/403",2026-07-17T19:40:16.692359
canardenchaine,bpt6k1223546v,,failed,0,0,,http_manifest,known,403,manifest,"Client error '403 ' for url 'https://openapiproext.bnf.fr/iiif/presentation/v3/ark:/12148/bpt6k1223546v/manifest.json'
For more information check: https://developer.mozilla.org/en-US/docs/Web/HTTP/Status/403",2026-07-17T19:40:18.058801
canardenchaine,bpt6k12235478,,failed,0,0,,http_manifest,known,403,manifest,"Client error '403 ' for url 'https://openapiproext.bnf.fr/iiif/presentation/v3/ark:/12148/bpt6k12235478/manifest.json'
For more information check: https://developer.mozilla.org/en-US/docs/Web/HTTP/Status/403",2026-07-17T19:40:19.012584
canardenchaine,bpt6k1223548p,,failed,0,0,,http_manifest,known,403,manifest,"Client error '403 ' for url 'https://openapiproext.bnf.fr/iiif/presentation/v3/ark:/12148/bpt6k1223548p/manifest.json'
For more information check: https://developer.mozilla.org/en-US/docs/Web/HTTP/Status/403",2026-07-17T19:40:20.194103
canardenchaine,bpt6k12235493,,failed,0,0,,http_manifest,known,403,manifest,"Client error '403 ' for url 'https://openapiproext.bnf.fr/iiif/presentation/v3/ark:/12148/bpt6k12235493/manifest.json'
For more information check: https://developer.mozilla.org/en-US/docs/Web/HTTP/Status/403",2026-07-17T19:40:21.384486
canardenchaine,bpt6k1223550r,,failed,0,0,,http_manifest,known,403,manifest,"Client error '403 ' for url 'https://openapiproext.bnf.fr/iiif/presentation/v3/ark:/12148/bpt6k1223550r/manifest.json'
For more information check: https://developer.mozilla.org/en-US/docs/Web/HTTP/Status/403",2026-07-17T19:40:22.587937
canardenchaine,bpt6k12235515,,failed,0,0,,http_manifest,known,403,manifest,"Client error '403 ' for url 'https://openapiproext.bnf.fr/iiif/presentation/v3/ark:/12148/bpt6k12235515/manifest.json'
For more information check: https://developer.mozilla.org/en-US/docs/Web/HTTP/Status/403",2026-07-17T19:40:23.812038
canardenchaine,bpt6k1223552k,,failed,0,0,,http_manifest,known,403,manifest,"Client error '403 ' for url 'https://openapiproext.bnf.fr/iiif/presentation/v3/ark:/12148/bpt6k1223552k/manifest.json'
For more information check: https://developer.mozilla.org/en-US/docs/Web/HTTP/Status/403",2026-07-17T19:40:24.990192
canardenchaine,bpt6k12235530,,failed,0,0,,http_manifest,known,403,manifest,"Client error '403 ' for url 'https://openapiproext.bnf.fr/iiif/presentation/v3/ark:/12148/bpt6k12235530/manifest.json'
For more information check: https://developer.mozilla.org/en-US/docs/Web/HTTP/Status/403",2026-07-17T19:40:26.190859
canardenchaine,bpt6k1223554d,,failed,0,0,,http_manifest,known,403,manifest,"Client error '403 ' for url 'https://openapiproext.bnf.fr/iiif/presentation/v3/ark:/12148/bpt6k1223554d/manifest.json'
For more information check: https://developer.mozilla.org/en-US/docs/Web/HTTP/Status/403",2026-07-17T19:40:27.394743
canardenchaine,bpt6k1223555t,,failed,0,0,,http_manifest,known,403,manifest,"Client error '403 ' for url 'https://openapiproext.bnf.fr/iiif/presentation/v3/ark:/12148/bpt6k1223555t/manifest.json'
For more information check: https://developer.mozilla.org/en-US/docs/Web/HTTP/Status/403",2026-07-17T19:40:28.595078
canardenchaine,bpt6k12235567,,failed,0,0,,http_manifest,known,403,manifest,"Client error '403 ' for url 'https://openapiproext.bnf.fr/iiif/presentation/v3/ark:/12148/bpt6k12235567/manifest.json'
For more information check: https://developer.mozilla.org/en-US/docs/Web/HTTP/Status/403",2026-07-17T19:40:29.797460
canardenchaine,bpt6k1223557n,,failed,0,0,,http_manifest,known,403,manifest,"Client error '403 ' for url 'https://openapiproext.bnf.fr/iiif/presentation/v3/ark:/12148/bpt6k1223557n/manifest.json'
For more information check: https://developer.mozilla.org/en-US/docs/Web/HTTP/Status/403",2026-07-17T19:40:30.998451
canardenchaine,bpt6k12235582,,failed,0,0,,http_manifest,known,403,manifest,"Client error '403 ' for url 'https://openapiproext.bnf.fr/iiif/presentation/v3/ark:/12148/bpt6k12235582/manifest.json'
For more information check: https://developer.mozilla.org/en-US/docs/Web/HTTP/Status/403",2026-07-17T19:40:32.202309
canardenchaine,bpt6k1223559g,,failed,0,0,,http_manifest,known,403,manifest,"Client error '403 ' for url 'https://openapiproext.bnf.fr/iiif/presentation/v3/ark:/12148/bpt6k1223559g/manifest.json'
For more information check: https://developer.mozilla.org/en-US/docs/Web/HTTP/Status/403",2026-07-17T19:40:33.403897
canardenchaine,bpt6k12235604,,failed,0,0,,http_manifest,known,403,manifest,"Client error '403 ' for url 'https://openapiproext.bnf.fr/iiif/presentation/v3/ark:/12148/bpt6k12235604/manifest.json'
For more information check: https://developer.mozilla.org/en-US/docs/Web/HTTP/Status/403",2026-07-17T19:40:34.607581
canardenchaine,bpt6k1223561j,,failed,0,0,,http_manifest,known,403,manifest,"Client error '403 ' for url 'https://openapiproext.bnf.fr/iiif/presentation/v3/ark:/12148/bpt6k1223561j/manifest.json'
For more information check: https://developer.mozilla.org/en-US/docs/Web/HTTP/Status/403",2026-07-17T19:40:35.830950
canardenchaine,bpt6k1223562z,,failed,0,0,,http_manifest,known,403,manifest,"Client error '403 ' for url 'https://openapiproext.bnf.fr/iiif/presentation/v3/ark:/12148/bpt6k1223562z/manifest.json'
For more information check: https://developer.mozilla.org/en-US/docs/Web/HTTP/Status/403",2026-07-17T19:40:37.008768
canardenchaine,bpt6k1223563c,,failed,0,0,,http_manifest,known,403,manifest,"Client error '403 ' for url 'https://openapiproext.bnf.fr/iiif/presentation/v3/ark:/12148/bpt6k1223563c/manifest.json'
For more information check: https://developer.mozilla.org/en-US/docs/Web/HTTP/Status/403",2026-07-17T19:40:38.206872
canardenchaine,bpt6k12243682,,failed,0,0,,http_manifest,known,403,manifest,"Client error '403 ' for url 'https://openapiproext.bnf.fr/iiif/presentation/v3/ark:/12148/bpt6k12243682/manifest.json'
For more information check: https://developer.mozilla.org/en-US/docs/Web/HTTP/Status/403",2026-07-17T19:40:39.407057
canardenchaine,bpt6k1224369g,,failed,0,0,,http_manifest,known,403,manifest,"Client error '403 ' for url 'https://openapiproext.bnf.fr/iiif/presentation/v3/ark:/12148/bpt6k1224369g/manifest.json'
For more information check: https://developer.mozilla.org/en-US/docs/Web/HTTP/Status/403",2026-07-17T19:40:40.639400
canardenchaine,bpt6k12243704,,failed,0,0,,http_manifest,known,403,manifest,"Client error '403 ' for url 'https://openapiproext.bnf.fr/iiif/presentation/v3/ark:/12148/bpt6k12243704/manifest.json'
For more information check: https://developer.mozilla.org/en-US/docs/Web/HTTP/Status/403",2026-07-17T19:40:41.832724
canardenchaine,bpt6k1224371j,,failed,0,0,,http_manifest,known,403,manifest,"Client error '403 ' for url 'https://openapiproext.bnf.fr/iiif/presentation/v3/ark:/12148/bpt6k1224371j/manifest.json'
For more information check: https://developer.mozilla.org/en-US/docs/Web/HTTP/Status/403",2026-07-17T19:40:43.013554
canardenchaine,bpt6k1224372z,,failed,0,0,,http_manifest,known,403,manifest,"Client error '403 ' for url 'https://openapiproext.bnf.fr/iiif/presentation/v3/ark:/12148/bpt6k1224372z/manifest.json'
For more information check: https://developer.mozilla.org/en-US/docs/Web/HTTP/Status/403",2026-07-17T19:40:44.221010
canardenchaine,bpt6k1224373c,,failed,0,0,,http_manifest,known,403,manifest,"Client error '403 ' for url 'https://openapiproext.bnf.fr/iiif/presentation/v3/ark:/12148/bpt6k1224373c/manifest.json'
For more information check: https://developer.mozilla.org/en-US/docs/Web/HTTP/Status/403",2026-07-17T19:40:45.423939
canardenchaine,bpt6k1224374s,,failed,0,0,,http_manifest,known,403,manifest,"Client error '403 ' for url 'https://openapiproext.bnf.fr/iiif/presentation/v3/ark:/12148/bpt6k1224374s/manifest.json'
For more information check: https://developer.mozilla.org/en-US/docs/Web/HTTP/Status/403",2026-07-17T19:40:46.619233
canardenchaine,bpt6k12243756,,failed,0,0,,http_manifest,known,403,manifest,"Client error '403 ' for url 'https://openapiproext.bnf.fr/iiif/presentation/v3/ark:/12148/bpt6k12243756/manifest.json'
For more information check: https://developer.mozilla.org/en-US/docs/Web/HTTP/Status/403",2026-07-17T19:40:47.821453
canardenchaine,bpt6k1224376m,,failed,0,0,,http_manifest,known,403,manifest,"Client error '403 ' for url 'https://openapiproext.bnf.fr/iiif/presentation/v3/ark:/12148/bpt6k1224376m/manifest.json'
For more information check: https://developer.mozilla.org/en-US/docs/Web/HTTP/Status/403",2026-07-17T19:40:49.024674
canardenchaine,bpt6k12243771,,failed,0,0,,http_manifest,known,403,manifest,"Client error '403 ' for url 'https://openapiproext.bnf.fr/iiif/presentation/v3/ark:/12148/bpt6k12243771/manifest.json'
For more information check: https://developer.mozilla.org/en-US/docs/Web/HTTP/Status/403",2026-07-17T19:40:50.225959
canardenchaine,bpt6k1224378f,,failed,0,0,,http_manifest,known,403,manifest,"Client error '403 ' for url 'https://openapiproext.bnf.fr/iiif/presentation/v3/ark:/12148/bpt6k1224378f/manifest.json'
For more information check: https://developer.mozilla.org/en-US/docs/Web/HTTP/Status/403",2026-07-17T19:40:51.428590
canardenchaine,bpt6k1224379v,,failed,0,0,,http_manifest,known,403,manifest,"Client error '403 ' for url 'https://openapiproext.bnf.fr/iiif/presentation/v3/ark:/12148/bpt6k1224379v/manifest.json'
For more information check: https://developer.mozilla.org/en-US/docs/Web/HTTP/Status/403",2026-07-17T19:40:52.630699
canardenchaine,bpt6k1224380h,,failed,0,0,,http_manifest,known,403,manifest,"Client error '403 ' for url 'https://openapiproext.bnf.fr/iiif/presentation/v3/ark:/12148/bpt6k1224380h/manifest.json'
For more information check: https://developer.mozilla.org/en-US/docs/Web/HTTP/Status/403",2026-07-17T19:40:53.856006
canardenchaine,bpt6k1224381x,,failed,0,0,,http_manifest,known,403,manifest,"Client error '403 ' for url 'https://openapiproext.bnf.fr/iiif/presentation/v3/ark:/12148/bpt6k1224381x/manifest.json'
For more information check: https://developer.mozilla.org/en-US/docs/Web/HTTP/Status/403",2026-07-17T19:40:55.032916
canardenchaine,bpt6k1224382b,,failed,0,0,,http_manifest,known,403,manifest,"Client error '403 ' for url 'https://openapiproext.bnf.fr/iiif/presentation/v3/ark:/12148/bpt6k1224382b/manifest.json'
For more information check: https://developer.mozilla.org/en-US/docs/Web/HTTP/Status/403",2026-07-17T19:40:56.233466
canardenchaine,bpt6k1224383r,,failed,0,0,,http_manifest,known,403,manifest,"Client error '403 ' for url 'https://openapiproext.bnf.fr/iiif/presentation/v3/ark:/12148/bpt6k1224383r/manifest.json'
For more information check: https://developer.mozilla.org/en-US/docs/Web/HTTP/Status/403",2026-07-17T19:40:57.625025
canardenchaine,bpt6k12243845,,failed,0,0,,http_manifest,known,403,manifest,"Client error '403 ' for url 'https://openapiproext.bnf.fr/iiif/presentation/v3/ark:/12148/bpt6k12243845/manifest.json'
For more information check: https://developer.mozilla.org/en-US/docs/Web/HTTP/Status/403",2026-07-17T19:40:58.701150
canardenchaine,bpt6k1224385k,,failed,0,0,,http_manifest,known,403,manifest,"Client error '403 ' for url 'https://openapiproext.bnf.fr/iiif/presentation/v3/ark:/12148/bpt6k1224385k/manifest.json'
For more information check: https://developer.mozilla.org/en-US/docs/Web/HTTP/Status/403",2026-07-17T19:40:59.904930
canardenchaine,bpt6k12243860,,failed,0,0,,http_manifest,known,403,manifest,"Client error '403 ' for url 'https://openapiproext.bnf.fr/iiif/presentation/v3/ark:/12148/bpt6k12243860/manifest.json'
For more information check: https://developer.mozilla.org/en-US/docs/Web/HTTP/Status/403",2026-07-17T19:41:01.279172
canardenchaine,bpt6k1224387d,,failed,0,0,,http_manifest,known,403,manifest,"Client error '403 ' for url 'https://openapiproext.bnf.fr/iiif/presentation/v3/ark:/12148/bpt6k1224387d/manifest.json'
For more information check: https://developer.mozilla.org/en-US/docs/Web/HTTP/Status/403",2026-07-17T19:41:02.285906
canardenchaine,bpt6k1224388t,,failed,0,0,,http_manifest,known,403,manifest,"Client error '403 ' for url 'https://openapiproext.bnf.fr/iiif/presentation/v3/ark:/12148/bpt6k1224388t/manifest.json'
For more information check: https://developer.mozilla.org/en-US/docs/Web/HTTP/Status/403",2026-07-17T19:41:03.444284
canardenchaine,bpt6k12243897,,failed,0,0,,http_manifest,known,403,manifest,"Client error '403 ' for url 'https://openapiproext.bnf.fr/iiif/presentation/v3/ark:/12148/bpt6k12243897/manifest.json'
For more information check: https://developer.mozilla.org/en-US/docs/Web/HTTP/Status/403",2026-07-17T19:41:04.719073
canardenchaine,bpt6k1224390w,,failed,0,0,,http_manifest,known,403,manifest,"Client error '403 ' for url 'https://openapiproext.bnf.fr/iiif/presentation/v3/ark:/12148/bpt6k1224390w/manifest.json'
For more information check: https://developer.mozilla.org/en-US/docs/Web/HTTP/Status/403",2026-07-17T19:41:06.084335
canardenchaine,bpt6k12243919,,failed,0,0,,http_manifest,known,403,manifest,"Client error '403 ' for url 'https://openapiproext.bnf.fr/iiif/presentation/v3/ark:/12148/bpt6k12243919/manifest.json'
For more information check: https://developer.mozilla.org/en-US/docs/Web/HTTP/Status/403",2026-07-17T19:41:07.061290
canardenchaine,bpt6k1224392q,,failed,0,0,,http_manifest,known,403,manifest,"Client error '403 ' for url 'https://openapiproext.bnf.fr/iiif/presentation/v3/ark:/12148/bpt6k1224392q/manifest.json'
For more information check: https://developer.mozilla.org/en-US/docs/Web/HTTP/Status/403",2026-07-17T19:41:08.285690
canardenchaine,bpt6k12243934,,failed,0,0,,http_manifest,known,403,manifest,"Client error '403 ' for url 'https://openapiproext.bnf.fr/iiif/presentation/v3/ark:/12148/bpt6k12243934/manifest.json'
For more information check: https://developer.mozilla.org/en-US/docs/Web/HTTP/Status/403",2026-07-17T19:41:09.726931
canardenchaine,bpt6k1224394j,,failed,0,0,,http_manifest,known,403,manifest,"Client error '403 ' for url 'https://openapiproext.bnf.fr/iiif/presentation/v3/ark:/12148/bpt6k1224394j/manifest.json'
For more information check: https://developer.mozilla.org/en-US/docs/Web/HTTP/Status/403",2026-07-17T19:41:10.753332
canardenchaine,bpt6k1224395z,,failed,0,0,,http_manifest,known,403,manifest,"Client error '403 ' for url 'https://openapiproext.bnf.fr/iiif/presentation/v3/ark:/12148/bpt6k1224395z/manifest.json'
For more information check: https://developer.mozilla.org/en-US/docs/Web/HTTP/Status/403",2026-07-17T19:41:12.054144
canardenchaine,bpt6k1224396c,,failed,0,0,,http_manifest,known,403,manifest,"Client error '403 ' for url 'https://openapiproext.bnf.fr/iiif/presentation/v3/ark:/12148/bpt6k1224396c/manifest.json'
For more information check: https://developer.mozilla.org/en-US/docs/Web/HTTP/Status/403",2026-07-17T19:41:13.064309
canardenchaine,bpt6k1224397s,,failed,0,0,,http_manifest,known,403,manifest,"Client error '403 ' for url 'https://openapiproext.bnf.fr/iiif/presentation/v3/ark:/12148/bpt6k1224397s/manifest.json'
For more information check: https://developer.mozilla.org/en-US/docs/Web/HTTP/Status/403",2026-07-17T19:41:14.275196
canardenchaine,bpt6k12243986,,failed,0,0,,http_manifest,known,403,manifest,"Client error '403 ' for url 'https://openapiproext.bnf.fr/iiif/presentation/v3/ark:/12148/bpt6k12243986/manifest.json'
For more information check: https://developer.mozilla.org/en-US/docs/Web/HTTP/Status/403",2026-07-17T19:41:15.593321
canardenchaine,bpt6k1224399m,,failed,0,0,,http_manifest,known,403,manifest,"Client error '403 ' for url 'https://openapiproext.bnf.fr/iiif/presentation/v3/ark:/12148/bpt6k1224399m/manifest.json'
For more information check: https://developer.mozilla.org/en-US/docs/Web/HTTP/Status/403",2026-07-17T19:41:16.853329
canardenchaine,bpt6k1224400t,,failed,0,0,,http_manifest,known,403,manifest,"Client error '403 ' for url 'https://openapiproext.bnf.fr/iiif/presentation/v3/ark:/12148/bpt6k1224400t/manifest.json'
For more information check: https://developer.mozilla.org/en-US/docs/Web/HTTP/Status/403",2026-07-17T19:41:17.864474
canardenchaine,bpt6k12244017,,failed,0,0,,http_manifest,known,403,manifest,"Client error '403 ' for url 'https://openapiproext.bnf.fr/iiif/presentation/v3/ark:/12148/bpt6k12244017/manifest.json'
For more information check: https://developer.mozilla.org/en-US/docs/Web/HTTP/Status/403",2026-07-17T19:41:19.064748
canardenchaine,bpt6k1224402n,,failed,0,0,,http_manifest,known,403,manifest,"Client error '403 ' for url 'https://openapiproext.bnf.fr/iiif/presentation/v3/ark:/12148/bpt6k1224402n/manifest.json'
For more information check: https://developer.mozilla.org/en-US/docs/Web/HTTP/Status/403",2026-07-17T19:41:20.265127
canardenchaine,bpt6k12244032,,failed,0,0,,http_manifest,known,403,manifest,"Client error '403 ' for url 'https://openapiproext.bnf.fr/iiif/presentation/v3/ark:/12148/bpt6k12244032/manifest.json'
For more information check: https://developer.mozilla.org/en-US/docs/Web/HTTP/Status/403",2026-07-17T19:41:21.469945
canardenchaine,bpt6k1224404g,,failed,0,0,,http_manifest,known,403,manifest,"Client error '403 ' for url 'https://openapiproext.bnf.fr/iiif/presentation/v3/ark:/12148/bpt6k1224404g/manifest.json'
For more information check: https://developer.mozilla.org/en-US/docs/Web/HTTP/Status/403",2026-07-17T19:41:22.670921
canardenchaine,bpt6k1224405w,,failed,0,0,,http_manifest,known,403,manifest,"Client error '403 ' for url 'https://openapiproext.bnf.fr/iiif/presentation/v3/ark:/12148/bpt6k1224405w/manifest.json'
For more information check: https://developer.mozilla.org/en-US/docs/Web/HTTP/Status/403",2026-07-17T19:41:23.890356
canardenchaine,bpt6k12244069,,failed,0,0,,http_manifest,known,403,manifest,"Client error '403 ' for url 'https://openapiproext.bnf.fr/iiif/presentation/v3/ark:/12148/bpt6k12244069/manifest.json'
For more information check: https://developer.mozilla.org/en-US/docs/Web/HTTP/Status/403",2026-07-17T19:41:25.070697
canardenchaine,bpt6k1224407q,,failed,0,0,,http_manifest,known,403,manifest,"Client error '403 ' for url 'https://openapiproext.bnf.fr/iiif/presentation/v3/ark:/12148/bpt6k1224407q/manifest.json'
For more information check: https://developer.mozilla.org/en-US/docs/Web/HTTP/Status/403",2026-07-17T19:41:26.279600
canardenchaine,bpt6k12244084,,failed,0,0,,http_manifest,known,403,manifest,"Client error '403 ' for url 'https://openapiproext.bnf.fr/iiif/presentation/v3/ark:/12148/bpt6k12244084/manifest.json'
For more information check: https://developer.mozilla.org/en-US/docs/Web/HTTP/Status/403",2026-07-17T19:41:27.483855
canardenchaine,bpt6k1224409j,,failed,0,0,,http_manifest,known,403,manifest,"Client error '403 ' for url 'https://openapiproext.bnf.fr/iiif/presentation/v3/ark:/12148/bpt6k1224409j/manifest.json'
For more information check: https://developer.mozilla.org/en-US/docs/Web/HTTP/Status/403",2026-07-17T19:41:28.682360
canardenchaine,bpt6k12244106,,failed,0,0,,http_manifest,known,403,manifest,"Client error '403 ' for url 'https://openapiproext.bnf.fr/iiif/presentation/v3/ark:/12148/bpt6k12244106/manifest.json'
For more information check: https://developer.mozilla.org/en-US/docs/Web/HTTP/Status/403",2026-07-17T19:41:29.878307
canardenchaine,bpt6k1224411m,,failed,0,0,,http_manifest,known,403,manifest,"Client error '403 ' for url 'https://openapiproext.bnf.fr/iiif/presentation/v3/ark:/12148/bpt6k1224411m/manifest.json'
For more information check: https://developer.mozilla.org/en-US/docs/Web/HTTP/Status/403",2026-07-17T19:41:31.086972
canardenchaine,bpt6k12244121,,failed,0,0,,http_manifest,known,403,manifest,"Client error '403 ' for url 'https://openapiproext.bnf.fr/iiif/presentation/v3/ark:/12148/bpt6k12244121/manifest.json'
For more information check: https://developer.mozilla.org/en-US/docs/Web/HTTP/Status/403",2026-07-17T19:41:32.288686
canardenchaine,bpt6k1224413f,,failed,0,0,,http_manifest,known,403,manifest,"Client error '403 ' for url 'https://openapiproext.bnf.fr/iiif/presentation/v3/ark:/12148/bpt6k1224413f/manifest.json'
For more information check: https://developer.mozilla.org/en-US/docs/Web/HTTP/Status/403",2026-07-17T19:41:33.483086
canardenchaine,bpt6k1224414v,,failed,0,0,,http_manifest,known,403,manifest,"Client error '403 ' for url 'https://openapiproext.bnf.fr/iiif/presentation/v3/ark:/12148/bpt6k1224414v/manifest.json'
For more information check: https://developer.mozilla.org/en-US/docs/Web/HTTP/Status/403",2026-07-17T19:41:34.709455
canardenchaine,bpt6k12244158,,failed,0,0,,http_manifest,known,403,manifest,"Client error '403 ' for url 'https://openapiproext.bnf.fr/iiif/presentation/v3/ark:/12148/bpt6k12244158/manifest.json'
For more information check: https://developer.mozilla.org/en-US/docs/Web/HTTP/Status/403",2026-07-17T19:41:35.890453
canardenchaine,bpt6k1224416p,,failed,0,0,,http_manifest,known,403,manifest,"Client error '403 ' for url 'https://openapiproext.bnf.fr/iiif/presentation/v3/ark:/12148/bpt6k1224416p/manifest.json'
For more information check: https://developer.mozilla.org/en-US/docs/Web/HTTP/Status/403",2026-07-17T19:41:37.090240
canardenchaine,bpt6k12244173,,failed,0,0,,http_manifest,known,403,manifest,"Client error '403 ' for url 'https://openapiproext.bnf.fr/iiif/presentation/v3/ark:/12148/bpt6k12244173/manifest.json'
For more information check: https://developer.mozilla.org/en-US/docs/Web/HTTP/Status/403",2026-07-17T19:41:38.300944
canardenchaine,bpt6k1224418h,,failed,0,0,,http_manifest,known,403,manifest,"Client error '403 ' for url 'https://openapiproext.bnf.fr/iiif/presentation/v3/ark:/12148/bpt6k1224418h/manifest.json'
For more information check: https://developer.mozilla.org/en-US/docs/Web/HTTP/Status/403",2026-07-17T19:41:39.501092
canardenchaine,bpt6k1224419x,,failed,0,0,,http_manifest,known,403,manifest,"Client error '403 ' for url 'https://openapiproext.bnf.fr/iiif/presentation/v3/ark:/12148/bpt6k1224419x/manifest.json'
For more information check: https://developer.mozilla.org/en-US/docs/Web/HTTP/Status/403",2026-07-17T19:41:40.706533
canardenchaine,bpt6k1224420k,,failed,0,0,,http_manifest,known,403,manifest,"Client error '403 ' for url 'https://openapiproext.bnf.fr/iiif/presentation/v3/ark:/12148/bpt6k1224420k/manifest.json'
For more information check: https://developer.mozilla.org/en-US/docs/Web/HTTP/Status/403",2026-07-17T19:41:41.900862
canardenchaine,bpt6k1223511n,,failed,0,0,,http_manifest,known,403,manifest,"Client error '403 ' for url 'https://openapiproext.bnf.fr/iiif/presentation/v3/ark:/12148/bpt6k1223511n/manifest.json'
For more information check: https://developer.mozilla.org/en-US/docs/Web/HTTP/Status/403",2026-07-17T19:41:43.095137
canardenchaine,bpt6k1223564s,,failed,0,0,,http_manifest,known,403,manifest,"Client error '403 ' for url 'https://openapiproext.bnf.fr/iiif/presentation/v3/ark:/12148/bpt6k1223564s/manifest.json'
For more information check: https://developer.mozilla.org/en-US/docs/Web/HTTP/Status/403",2026-07-17T19:41:44.308271
canardenchaine,bpt6k12235656,,failed,0,0,,http_manifest,known,403,manifest,"Client error '403 ' for url 'https://openapiproext.bnf.fr/iiif/presentation/v3/ark:/12148/bpt6k12235656/manifest.json'
For more information check: https://developer.mozilla.org/en-US/docs/Web/HTTP/Status/403",2026-07-17T19:41:45.496938
canardenchaine,bpt6k1223566m,,failed,0,0,,http_manifest,known,403,manifest,"Client error '403 ' for url 'https://openapiproext.bnf.fr/iiif/presentation/v3/ark:/12148/bpt6k1223566m/manifest.json'
For more information check: https://developer.mozilla.org/en-US/docs/Web/HTTP/Status/403",2026-07-17T19:41:46.702342
canardenchaine,bpt6k12235671,,failed,0,0,,http_manifest,known,403,manifest,"Client error '403 ' for url 'https://openapiproext.bnf.fr/iiif/presentation/v3/ark:/12148/bpt6k12235671/manifest.json'
For more information check: https://developer.mozilla.org/en-US/docs/Web/HTTP/Status/403",2026-07-17T19:41:47.902157
canardenchaine,bpt6k1223568f,,failed,0,0,,http_manifest,known,403,manifest,"Client error '403 ' for url 'https://openapiproext.bnf.fr/iiif/presentation/v3/ark:/12148/bpt6k1223568f/manifest.json'
For more information check: https://developer.mozilla.org/en-US/docs/Web/HTTP/Status/403",2026-07-17T19:41:49.103369
canardenchaine,bpt6k1223569v,,failed,0,0,,http_manifest,known,403,manifest,"Client error '403 ' for url 'https://openapiproext.bnf.fr/iiif/presentation/v3/ark:/12148/bpt6k1223569v/manifest.json'
For more information check: https://developer.mozilla.org/en-US/docs/Web/HTTP/Status/403",2026-07-17T19:41:50.306263
canardenchaine,bpt6k1223570h,,failed,0,0,,http_manifest,known,403,manifest,"Client error '403 ' for url 'https://openapiproext.bnf.fr/iiif/presentation/v3/ark:/12148/bpt6k1223570h/manifest.json'
For more information check: https://developer.mozilla.org/en-US/docs/Web/HTTP/Status/403",2026-07-17T19:41:51.519936
canardenchaine,bpt6k1223571x,,failed,0,0,,http_manifest,known,403,manifest,"Client error '403 ' for url 'https://openapiproext.bnf.fr/iiif/presentation/v3/ark:/12148/bpt6k1223571x/manifest.json'
For more information check: https://developer.mozilla.org/en-US/docs/Web/HTTP/Status/403",2026-07-17T19:41:52.721132
canardenchaine,bpt6k1223572b,,failed,0,0,,http_manifest,known,403,manifest,"Client error '403 ' for url 'https://openapiproext.bnf.fr/iiif/presentation/v3/ark:/12148/bpt6k1223572b/manifest.json'
For more information check: https://developer.mozilla.org/en-US/docs/Web/HTTP/Status/403",2026-07-17T19:41:53.909240
canardenchaine,bpt6k1223573r,,failed,0,0,,http_manifest,known,403,manifest,"Client error '403 ' for url 'https://openapiproext.bnf.fr/iiif/presentation/v3/ark:/12148/bpt6k1223573r/manifest.json'
For more information check: https://developer.mozilla.org/en-US/docs/Web/HTTP/Status/403",2026-07-17T19:41:55.117610
canardenchaine,bpt6k12235745,,failed,0,0,,http_manifest,known,403,manifest,"Client error '403 ' for url 'https://openapiproext.bnf.fr/iiif/presentation/v3/ark:/12148/bpt6k12235745/manifest.json'
For more information check: https://developer.mozilla.org/en-US/docs/Web/HTTP/Status/403",2026-07-17T19:41:56.314709
canardenchaine,bpt6k1223575k,,failed,0,0,,http_manifest,known,403,manifest,"Client error '403 ' for url 'https://openapiproext.bnf.fr/iiif/presentation/v3/ark:/12148/bpt6k1223575k/manifest.json'
For more information check: https://developer.mozilla.org/en-US/docs/Web/HTTP/Status/403",2026-07-17T19:41:57.514017
canardenchaine,bpt6k12235760,,failed,0,0,,http_manifest,known,403,manifest,"Client error '403 ' for url 'https://openapiproext.bnf.fr/iiif/presentation/v3/ark:/12148/bpt6k12235760/manifest.json'
For more information check: https://developer.mozilla.org/en-US/docs/Web/HTTP/Status/403",2026-07-17T19:41:58.997200
canardenchaine,bpt6k1223577d,,failed,0,0,,http_manifest,known,403,manifest,"Client error '403 ' for url 'https://openapiproext.bnf.fr/iiif/presentation/v3/ark:/12148/bpt6k1223577d/manifest.json'
For more information check: https://developer.mozilla.org/en-US/docs/Web/HTTP/Status/403",2026-07-17T19:41:59.967412
canardenchaine,bpt6k1223578t,,failed,0,0,,http_manifest,known,403,manifest,"Client error '403 ' for url 'https://openapiproext.bnf.fr/iiif/presentation/v3/ark:/12148/bpt6k1223578t/manifest.json'
For more information check: https://developer.mozilla.org/en-US/docs/Web/HTTP/Status/403",2026-07-17T19:42:01.323585
canardenchaine,bpt6k12235797,,failed,0,0,,http_manifest,known,403,manifest,"Client error '403 ' for url 'https://openapiproext.bnf.fr/iiif/presentation/v3/ark:/12148/bpt6k12235797/manifest.json'
For more information check: https://developer.mozilla.org/en-US/docs/Web/HTTP/Status/403",2026-07-17T19:42:02.375487
canardenchaine,bpt6k1223580w,,failed,0,0,,http_manifest,known,403,manifest,"Client error '403 ' for url 'https://openapiproext.bnf.fr/iiif/presentation/v3/ark:/12148/bpt6k1223580w/manifest.json'
For more information check: https://developer.mozilla.org/en-US/docs/Web/HTTP/Status/403",2026-07-17T19:42:03.762811
canardenchaine,bpt6k12235819,,failed,0,0,,http_manifest,known,403,manifest,"Client error '403 ' for url 'https://openapiproext.bnf.fr/iiif/presentation/v3/ark:/12148/bpt6k12235819/manifest.json'
For more information check: https://developer.mozilla.org/en-US/docs/Web/HTTP/Status/403",2026-07-17T19:42:04.949831
canardenchaine,bpt6k1223582q,,failed,0,0,,http_manifest,known,403,manifest,"Client error '403 ' for url 'https://openapiproext.bnf.fr/iiif/presentation/v3/ark:/12148/bpt6k1223582q/manifest.json'
For more information check: https://developer.mozilla.org/en-US/docs/Web/HTTP/Status/403",2026-07-17T19:42:05.923527
canardenchaine,bpt6k12235834,,failed,0,0,,http_manifest,known,403,manifest,"Client error '403 ' for url 'https://openapiproext.bnf.fr/iiif/presentation/v3/ark:/12148/bpt6k12235834/manifest.json'
For more information check: https://developer.mozilla.org/en-US/docs/Web/HTTP/Status/403",2026-07-17T19:42:07.208691
canardenchaine,bpt6k1223584j,,failed,0,0,,http_manifest,known,403,manifest,"Client error '403 ' for url 'https://openapiproext.bnf.fr/iiif/presentation/v3/ark:/12148/bpt6k1223584j/manifest.json'
For more information check: https://developer.mozilla.org/en-US/docs/Web/HTTP/Status/403",2026-07-17T19:42:08.486217
canardenchaine,bpt6k1223585z,,failed,0,0,,http_manifest,known,403,manifest,"Client error '403 ' for url 'https://openapiproext.bnf.fr/iiif/presentation/v3/ark:/12148/bpt6k1223585z/manifest.json'
For more information check: https://developer.mozilla.org/en-US/docs/Web/HTTP/Status/403",2026-07-17T19:42:09.553294
canardenchaine,bpt6k1223586c,,failed,0,0,,http_manifest,known,403,manifest,"Client error '403 ' for url 'https://openapiproext.bnf.fr/iiif/presentation/v3/ark:/12148/bpt6k1223586c/manifest.json'
For more information check: https://developer.mozilla.org/en-US/docs/Web/HTTP/Status/403",2026-07-17T19:42:10.730238
canardenchaine,bpt6k1223587s,,failed,0,0,,http_manifest,known,403,manifest,"Client error '403 ' for url 'https://openapiproext.bnf.fr/iiif/presentation/v3/ark:/12148/bpt6k1223587s/manifest.json'
For more information check: https://developer.mozilla.org/en-US/docs/Web/HTTP/Status/403",2026-07-17T19:42:11.930456
canardenchaine,bpt6k12235886,,failed,0,0,,http_manifest,known,403,manifest,"Client error '403 ' for url 'https://openapiproext.bnf.fr/iiif/presentation/v3/ark:/12148/bpt6k12235886/manifest.json'
For more information check: https://developer.mozilla.org/en-US/docs/Web/HTTP/Status/403",2026-07-17T19:42:13.283341
canardenchaine,bpt6k1223589m,,failed,0,0,,http_manifest,known,403,manifest,"Client error '403 ' for url 'https://openapiproext.bnf.fr/iiif/presentation/v3/ark:/12148/bpt6k1223589m/manifest.json'
For more information check: https://developer.mozilla.org/en-US/docs/Web/HTTP/Status/403",2026-07-17T19:42:14.489309
canardenchaine,bpt6k12235908,,failed,0,0,,http_manifest,known,403,manifest,"Client error '403 ' for url 'https://openapiproext.bnf.fr/iiif/presentation/v3/ark:/12148/bpt6k12235908/manifest.json'
For more information check: https://developer.mozilla.org/en-US/docs/Web/HTTP/Status/403",2026-07-17T19:42:15.616441
canardenchaine,bpt6k1223591p,,failed,0,0,,http_manifest,known,403,manifest,"Client error '403 ' for url 'https://openapiproext.bnf.fr/iiif/presentation/v3/ark:/12148/bpt6k1223591p/manifest.json'
For more information check: https://developer.mozilla.org/en-US/docs/Web/HTTP/Status/403",2026-07-17T19:42:16.738109
canardenchaine,bpt6k12235923,,failed,0,0,,http_manifest,known,403,manifest,"Client error '403 ' for url 'https://openapiproext.bnf.fr/iiif/presentation/v3/ark:/12148/bpt6k12235923/manifest.json'
For more information check: https://developer.mozilla.org/en-US/docs/Web/HTTP/Status/403",2026-07-17T19:42:17.937752
canardenchaine,bpt6k1223593h,,failed,0,0,,http_manifest,known,403,manifest,"Client error '403 ' for url 'https://openapiproext.bnf.fr/iiif/presentation/v3/ark:/12148/bpt6k1223593h/manifest.json'
For more information check: https://developer.mozilla.org/en-US/docs/Web/HTTP/Status/403",2026-07-17T19:42:19.146102
canardenchaine,bpt6k1223594x,,failed,0,0,,http_manifest,known,403,manifest,"Client error '403 ' for url 'https://openapiproext.bnf.fr/iiif/presentation/v3/ark:/12148/bpt6k1223594x/manifest.json'
For more information check: https://developer.mozilla.org/en-US/docs/Web/HTTP/Status/403",2026-07-17T19:42:20.355675
canardenchaine,bpt6k1223595b,,failed,0,0,,http_manifest,known,403,manifest,"Client error '403 ' for url 'https://openapiproext.bnf.fr/iiif/presentation/v3/ark:/12148/bpt6k1223595b/manifest.json'
For more information check: https://developer.mozilla.org/en-US/docs/Web/HTTP/Status/403",2026-07-17T19:42:21.546376
canardenchaine,bpt6k1223596r,,failed,0,0,,http_manifest,known,403,manifest,"Client error '403 ' for url 'https://openapiproext.bnf.fr/iiif/presentation/v3/ark:/12148/bpt6k1223596r/manifest.json'
For more information check: https://developer.mozilla.org/en-US/docs/Web/HTTP/Status/403",2026-07-17T19:42:22.743966
canardenchaine,bpt6k12235975,,failed,0,0,,http_manifest,known,403,manifest,"Client error '403 ' for url 'https://openapiproext.bnf.fr/iiif/presentation/v3/ark:/12148/bpt6k12235975/manifest.json'
For more information check: https://developer.mozilla.org/en-US/docs/Web/HTTP/Status/403",2026-07-17T19:42:23.944295
canardenchaine,bpt6k1223598k,,failed,0,0,,http_manifest,known,403,manifest,"Client error '403 ' for url 'https://openapiproext.bnf.fr/iiif/presentation/v3/ark:/12148/bpt6k1223598k/manifest.json'
For more information check: https://developer.mozilla.org/en-US/docs/Web/HTTP/Status/403",2026-07-17T19:42:25.144760
canardenchaine,bpt6k12235990,,failed,0,0,,http_manifest,known,403,manifest,"Client error '403 ' for url 'https://openapiproext.bnf.fr/iiif/presentation/v3/ark:/12148/bpt6k12235990/manifest.json'
For more information check: https://developer.mozilla.org/en-US/docs/Web/HTTP/Status/403",2026-07-17T19:42:26.349701
canardenchaine,bpt6k12236006,,failed,0,0,,http_manifest,known,403,manifest,"Client error '403 ' for url 'https://openapiproext.bnf.fr/iiif/presentation/v3/ark:/12148/bpt6k12236006/manifest.json'
For more information check: https://developer.mozilla.org/en-US/docs/Web/HTTP/Status/403",2026-07-17T19:42:27.550129
canardenchaine,bpt6k1223601m,,failed,0,0,,http_manifest,known,403,manifest,"Client error '403 ' for url 'https://openapiproext.bnf.fr/iiif/presentation/v3/ark:/12148/bpt6k1223601m/manifest.json'
For more information check: https://developer.mozilla.org/en-US/docs/Web/HTTP/Status/403",2026-07-17T19:42:28.751769
canardenchaine,bpt6k12236021,,failed,0,0,,http_manifest,known,403,manifest,"Client error '403 ' for url 'https://openapiproext.bnf.fr/iiif/presentation/v3/ark:/12148/bpt6k12236021/manifest.json'
For more information check: https://developer.mozilla.org/en-US/docs/Web/HTTP/Status/403",2026-07-17T19:42:29.951374
canardenchaine,bpt6k1223603f,,failed,0,0,,http_manifest,known,403,manifest,"Client error '403 ' for url 'https://openapiproext.bnf.fr/iiif/presentation/v3/ark:/12148/bpt6k1223603f/manifest.json'
For more information check: https://developer.mozilla.org/en-US/docs/Web/HTTP/Status/403",2026-07-17T19:42:31.170937
canardenchaine,bpt6k1223604v,,failed,0,0,,http_manifest,known,403,manifest,"Client error '403 ' for url 'https://openapiproext.bnf.fr/iiif/presentation/v3/ark:/12148/bpt6k1223604v/manifest.json'
For more information check: https://developer.mozilla.org/en-US/docs/Web/HTTP/Status/403",2026-07-17T19:42:32.353222
canardenchaine,bpt6k12236058,,failed,0,0,,http_manifest,known,403,manifest,"Client error '403 ' for url 'https://openapiproext.bnf.fr/iiif/presentation/v3/ark:/12148/bpt6k12236058/manifest.json'
For more information check: https://developer.mozilla.org/en-US/docs/Web/HTTP/Status/403",2026-07-17T19:42:33.556919
canardenchaine,bpt6k1223606p,,failed,0,0,,http_manifest,known,403,manifest,"Client error '403 ' for url 'https://openapiproext.bnf.fr/iiif/presentation/v3/ark:/12148/bpt6k1223606p/manifest.json'
For more information check: https://developer.mozilla.org/en-US/docs/Web/HTTP/Status/403",2026-07-17T19:42:34.760926
canardenchaine,bpt6k12236073,,failed,0,0,,http_manifest,known,403,manifest,"Client error '403 ' for url 'https://openapiproext.bnf.fr/iiif/presentation/v3/ark:/12148/bpt6k12236073/manifest.json'
For more information check: https://developer.mozilla.org/en-US/docs/Web/HTTP/Status/403",2026-07-17T19:42:35.963826
canardenchaine,bpt6k1223608h,,failed,0,0,,http_manifest,known,403,manifest,"Client error '403 ' for url 'https://openapiproext.bnf.fr/iiif/presentation/v3/ark:/12148/bpt6k1223608h/manifest.json'
For more information check: https://developer.mozilla.org/en-US/docs/Web/HTTP/Status/403",2026-07-17T19:42:37.163394
canardenchaine,bpt6k1223609x,,failed,0,0,,http_manifest,known,403,manifest,"Client error '403 ' for url 'https://openapiproext.bnf.fr/iiif/presentation/v3/ark:/12148/bpt6k1223609x/manifest.json'
For more information check: https://developer.mozilla.org/en-US/docs/Web/HTTP/Status/403",2026-07-17T19:42:38.363268
canardenchaine,bpt6k1223610k,,failed,0,0,,http_manifest,known,403,manifest,"Client error '403 ' for url 'https://openapiproext.bnf.fr/iiif/presentation/v3/ark:/12148/bpt6k1223610k/manifest.json'
For more information check: https://developer.mozilla.org/en-US/docs/Web/HTTP/Status/403",2026-07-17T19:42:39.562342
canardenchaine,bpt6k12236110,,failed,0,0,,http_manifest,known,403,manifest,"Client error '403 ' for url 'https://openapiproext.bnf.fr/iiif/presentation/v3/ark:/12148/bpt6k12236110/manifest.json'
For more information check: https://developer.mozilla.org/en-US/docs/Web/HTTP/Status/403",2026-07-17T19:42:40.763239
canardenchaine,bpt6k1223612d,,failed,0,0,,http_manifest,known,403,manifest,"Client error '403 ' for url 'https://openapiproext.bnf.fr/iiif/presentation/v3/ark:/12148/bpt6k1223612d/manifest.json'
For more information check: https://developer.mozilla.org/en-US/docs/Web/HTTP/Status/403",2026-07-17T19:42:41.970212
canardenchaine,bpt6k1223613t,,failed,0,0,,http_manifest,known,403,manifest,"Client error '403 ' for url 'https://openapiproext.bnf.fr/iiif/presentation/v3/ark:/12148/bpt6k1223613t/manifest.json'
For more information check: https://developer.mozilla.org/en-US/docs/Web/HTTP/Status/403",2026-07-17T19:42:43.168094
canardenchaine,bpt6k12236147,,failed,0,0,,http_manifest,known,403,manifest,"Client error '403 ' for url 'https://openapiproext.bnf.fr/iiif/presentation/v3/ark:/12148/bpt6k12236147/manifest.json'
For more information check: https://developer.mozilla.org/en-US/docs/Web/HTTP/Status/403",2026-07-17T19:42:44.369745
canardenchaine,bpt6k1223744q,,failed,0,0,,http_manifest,known,403,manifest,"Client error '403 ' for url 'https://openapiproext.bnf.fr/iiif/presentation/v3/ark:/12148/bpt6k1223744q/manifest.json'
For more information check: https://developer.mozilla.org/en-US/docs/Web/HTTP/Status/403",2026-07-17T19:42:45.570697
canardenchaine,bpt6k12237454,,failed,0,0,,http_manifest,known,403,manifest,"Client error '403 ' for url 'https://openapiproext.bnf.fr/iiif/presentation/v3/ark:/12148/bpt6k12237454/manifest.json'
For more information check: https://developer.mozilla.org/en-US/docs/Web/HTTP/Status/403",2026-07-17T19:42:46.773266
canardenchaine,bpt6k1223746j,,failed,0,0,,http_manifest,known,403,manifest,"Client error '403 ' for url 'https://openapiproext.bnf.fr/iiif/presentation/v3/ark:/12148/bpt6k1223746j/manifest.json'
For more information check: https://developer.mozilla.org/en-US/docs/Web/HTTP/Status/403",2026-07-17T19:42:47.976047
canardenchaine,bpt6k1223747z,,failed,0,0,,http_manifest,known,403,manifest,"Client error '403 ' for url 'https://openapiproext.bnf.fr/iiif/presentation/v3/ark:/12148/bpt6k1223747z/manifest.json'
For more information check: https://developer.mozilla.org/en-US/docs/Web/HTTP/Status/403",2026-07-17T19:42:49.193292
canardenchaine,bpt6k1223748c,,failed,0,0,,http_manifest,known,403,manifest,"Client error '403 ' for url 'https://openapiproext.bnf.fr/iiif/presentation/v3/ark:/12148/bpt6k1223748c/manifest.json'
For more information check: https://developer.mozilla.org/en-US/docs/Web/HTTP/Status/403",2026-07-17T19:42:50.378452
canardenchaine,bpt6k1223749s,,failed,0,0,,http_manifest,known,403,manifest,"Client error '403 ' for url 'https://openapiproext.bnf.fr/iiif/presentation/v3/ark:/12148/bpt6k1223749s/manifest.json'
For more information check: https://developer.mozilla.org/en-US/docs/Web/HTTP/Status/403",2026-07-17T19:42:51.582240
canardenchaine,bpt6k1223750f,,failed,0,0,,http_manifest,known,403,manifest,"Client error '403 ' for url 'https://openapiproext.bnf.fr/iiif/presentation/v3/ark:/12148/bpt6k1223750f/manifest.json'
For more information check: https://developer.mozilla.org/en-US/docs/Web/HTTP/Status/403",2026-07-17T19:42:52.788679
canardenchaine,bpt6k1223751v,,failed,0,0,,http_manifest,known,403,manifest,"Client error '403 ' for url 'https://openapiproext.bnf.fr/iiif/presentation/v3/ark:/12148/bpt6k1223751v/manifest.json'
For more information check: https://developer.mozilla.org/en-US/docs/Web/HTTP/Status/403",2026-07-17T19:42:53.984519
canardenchaine,bpt6k12237528,,failed,0,0,,http_manifest,known,403,manifest,"Client error '403 ' for url 'https://openapiproext.bnf.fr/iiif/presentation/v3/ark:/12148/bpt6k12237528/manifest.json'
For more information check: https://developer.mozilla.org/en-US/docs/Web/HTTP/Status/403",2026-07-17T19:42:55.185670
canardenchaine,bpt6k1223753p,,failed,0,0,,http_manifest,known,403,manifest,"Client error '403 ' for url 'https://openapiproext.bnf.fr/iiif/presentation/v3/ark:/12148/bpt6k1223753p/manifest.json'
For more information check: https://developer.mozilla.org/en-US/docs/Web/HTTP/Status/403",2026-07-17T19:42:56.387032
canardenchaine,bpt6k12237543,,failed,0,0,,http_manifest,known,403,manifest,"Client error '403 ' for url 'https://openapiproext.bnf.fr/iiif/presentation/v3/ark:/12148/bpt6k12237543/manifest.json'
For more information check: https://developer.mozilla.org/en-US/docs/Web/HTTP/Status/403",2026-07-17T19:42:57.838510
canardenchaine,bpt6k1223755h,,failed,0,0,,http_manifest,known,403,manifest,"Client error '403 ' for url 'https://openapiproext.bnf.fr/iiif/presentation/v3/ark:/12148/bpt6k1223755h/manifest.json'
For more information check: https://developer.mozilla.org/en-US/docs/Web/HTTP/Status/403",2026-07-17T19:42:58.796483
canardenchaine,bpt6k1223756x,,failed,0,0,,http_manifest,known,403,manifest,"Client error '403 ' for url 'https://openapiproext.bnf.fr/iiif/presentation/v3/ark:/12148/bpt6k1223756x/manifest.json'
For more information check: https://developer.mozilla.org/en-US/docs/Web/HTTP/Status/403",2026-07-17T19:43:00.136636
canardenchaine,bpt6k1223757b,,failed,0,0,,http_manifest,known,403,manifest,"Client error '403 ' for url 'https://openapiproext.bnf.fr/iiif/presentation/v3/ark:/12148/bpt6k1223757b/manifest.json'
For more information check: https://developer.mozilla.org/en-US/docs/Web/HTTP/Status/403",2026-07-17T19:43:01.287505
canardenchaine,bpt6k1223758r,,failed,0,0,,http_manifest,known,403,manifest,"Client error '403 ' for url 'https://openapiproext.bnf.fr/iiif/presentation/v3/ark:/12148/bpt6k1223758r/manifest.json'
For more information check: https://developer.mozilla.org/en-US/docs/Web/HTTP/Status/403",2026-07-17T19:43:02.394030
canardenchaine,bpt6k12237595,,failed,0,0,,http_manifest,known,403,manifest,"Client error '403 ' for url 'https://openapiproext.bnf.fr/iiif/presentation/v3/ark:/12148/bpt6k12237595/manifest.json'
For more information check: https://developer.mozilla.org/en-US/docs/Web/HTTP/Status/403",2026-07-17T19:43:03.831380
canardenchaine,bpt6k1223760t,,failed,0,0,,http_manifest,known,403,manifest,"Client error '403 ' for url 'https://openapiproext.bnf.fr/iiif/presentation/v3/ark:/12148/bpt6k1223760t/manifest.json'
For more information check: https://developer.mozilla.org/en-US/docs/Web/HTTP/Status/403",2026-07-17T19:43:04.823455
canardenchaine,bpt6k12237617,,failed,0,0,,http_manifest,known,403,manifest,"Client error '403 ' for url 'https://openapiproext.bnf.fr/iiif/presentation/v3/ark:/12148/bpt6k12237617/manifest.json'
For more information check: https://developer.mozilla.org/en-US/docs/Web/HTTP/Status/403",2026-07-17T19:43:06.166548
canardenchaine,bpt6k1223762n,,failed,0,0,,http_manifest,known,403,manifest,"Client error '403 ' for url 'https://openapiproext.bnf.fr/iiif/presentation/v3/ark:/12148/bpt6k1223762n/manifest.json'
For more information check: https://developer.mozilla.org/en-US/docs/Web/HTTP/Status/403",2026-07-17T19:43:07.198367
canardenchaine,bpt6k12237632,,failed,0,0,,http_manifest,known,403,manifest,"Client error '403 ' for url 'https://openapiproext.bnf.fr/iiif/presentation/v3/ark:/12148/bpt6k12237632/manifest.json'
For more information check: https://developer.mozilla.org/en-US/docs/Web/HTTP/Status/403",2026-07-17T19:43:08.399980
canardenchaine,bpt6k1223764g,,failed,0,0,,http_manifest,known,403,manifest,"Client error '403 ' for url 'https://openapiproext.bnf.fr/iiif/presentation/v3/ark:/12148/bpt6k1223764g/manifest.json'
For more information check: https://developer.mozilla.org/en-US/docs/Web/HTTP/Status/403",2026-07-17T19:43:09.655958
canardenchaine,bpt6k1223765w,,failed,0,0,,http_manifest,known,403,manifest,"Client error '403 ' for url 'https://openapiproext.bnf.fr/iiif/presentation/v3/ark:/12148/bpt6k1223765w/manifest.json'
For more information check: https://developer.mozilla.org/en-US/docs/Web/HTTP/Status/403",2026-07-17T19:43:10.804429
canardenchaine,bpt6k12237669,,failed,0,0,,http_manifest,known,403,manifest,"Client error '403 ' for url 'https://openapiproext.bnf.fr/iiif/presentation/v3/ark:/12148/bpt6k12237669/manifest.json'
For more information check: https://developer.mozilla.org/en-US/docs/Web/HTTP/Status/403",2026-07-17T19:43:12.110897
canardenchaine,bpt6k1223767q,,failed,0,0,,http_manifest,known,403,manifest,"Client error '403 ' for url 'https://openapiproext.bnf.fr/iiif/presentation/v3/ark:/12148/bpt6k1223767q/manifest.json'
For more information check: https://developer.mozilla.org/en-US/docs/Web/HTTP/Status/403",2026-07-17T19:43:13.224915
canardenchaine,bpt6k12237684,,failed,0,0,,http_manifest,known,403,manifest,"Client error '403 ' for url 'https://openapiproext.bnf.fr/iiif/presentation/v3/ark:/12148/bpt6k12237684/manifest.json'
For more information check: https://developer.mozilla.org/en-US/docs/Web/HTTP/Status/403",2026-07-17T19:43:14.576001
canardenchaine,bpt6k1223769j,,failed,0,0,,http_manifest,known,403,manifest,"Client error '403 ' for url 'https://openapiproext.bnf.fr/iiif/presentation/v3/ark:/12148/bpt6k1223769j/manifest.json'
For more information check: https://developer.mozilla.org/en-US/docs/Web/HTTP/Status/403",2026-07-17T19:43:15.616524
canardenchaine,bpt6k12237706,,failed,0,0,,http_manifest,known,403,manifest,"Client error '403 ' for url 'https://openapiproext.bnf.fr/iiif/presentation/v3/ark:/12148/bpt6k12237706/manifest.json'
For more information check: https://developer.mozilla.org/en-US/docs/Web/HTTP/Status/403",2026-07-17T19:43:16.825585
canardenchaine,bpt6k1223771m,,failed,0,0,,http_manifest,known,403,manifest,"Client error '403 ' for url 'https://openapiproext.bnf.fr/iiif/presentation/v3/ark:/12148/bpt6k1223771m/manifest.json'
For more information check: https://developer.mozilla.org/en-US/docs/Web/HTTP/Status/403",2026-07-17T19:43:18.030910
canardenchaine,bpt6k12237721,,failed,0,0,,http_manifest,known,403,manifest,"Client error '403 ' for url 'https://openapiproext.bnf.fr/iiif/presentation/v3/ark:/12148/bpt6k12237721/manifest.json'
For more information check: https://developer.mozilla.org/en-US/docs/Web/HTTP/Status/403",2026-07-17T19:43:19.233976
canardenchaine,bpt6k1223773f,,failed,0,0,,http_manifest,known,403,manifest,"Client error '403 ' for url 'https://openapiproext.bnf.fr/iiif/presentation/v3/ark:/12148/bpt6k1223773f/manifest.json'
For more information check: https://developer.mozilla.org/en-US/docs/Web/HTTP/Status/403",2026-07-17T19:43:20.426031
canardenchaine,bpt6k1223774v,,failed,0,0,,http_manifest,known,403,manifest,"Client error '403 ' for url 'https://openapiproext.bnf.fr/iiif/presentation/v3/ark:/12148/bpt6k1223774v/manifest.json'
For more information check: https://developer.mozilla.org/en-US/docs/Web/HTTP/Status/403",2026-07-17T19:43:21.621256
canardenchaine,bpt6k12237758,,failed,0,0,,http_manifest,known,403,manifest,"Client error '403 ' for url 'https://openapiproext.bnf.fr/iiif/presentation/v3/ark:/12148/bpt6k12237758/manifest.json'
For more information check: https://developer.mozilla.org/en-US/docs/Web/HTTP/Status/403",2026-07-17T19:43:22.825320
canardenchaine,bpt6k1223776p,,failed,0,0,,http_manifest,known,403,manifest,"Client error '403 ' for url 'https://openapiproext.bnf.fr/iiif/presentation/v3/ark:/12148/bpt6k1223776p/manifest.json'
For more information check: https://developer.mozilla.org/en-US/docs/Web/HTTP/Status/403",2026-07-17T19:43:24.027770
canardenchaine,bpt6k12237773,,failed,0,0,,http_manifest,known,403,manifest,"Client error '403 ' for url 'https://openapiproext.bnf.fr/iiif/presentation/v3/ark:/12148/bpt6k12237773/manifest.json'
For more information check: https://developer.mozilla.org/en-US/docs/Web/HTTP/Status/403",2026-07-17T19:43:25.229226
canardenchaine,bpt6k1223778h,,failed,0,0,,http_manifest,known,403,manifest,"Client error '403 ' for url 'https://openapiproext.bnf.fr/iiif/presentation/v3/ark:/12148/bpt6k1223778h/manifest.json'
For more information check: https://developer.mozilla.org/en-US/docs/Web/HTTP/Status/403",2026-07-17T19:43:26.427681
canardenchaine,bpt6k1223779x,,failed,0,0,,http_manifest,known,403,manifest,"Client error '403 ' for url 'https://openapiproext.bnf.fr/iiif/presentation/v3/ark:/12148/bpt6k1223779x/manifest.json'
For more information check: https://developer.mozilla.org/en-US/docs/Web/HTTP/Status/403",2026-07-17T19:43:27.631033
canardenchaine,bpt6k1223780k,,failed,0,0,,http_manifest,known,403,manifest,"Client error '403 ' for url 'https://openapiproext.bnf.fr/iiif/presentation/v3/ark:/12148/bpt6k1223780k/manifest.json'
For more information check: https://developer.mozilla.org/en-US/docs/Web/HTTP/Status/403",2026-07-17T19:43:28.830697
canardenchaine,bpt6k12237810,,failed,0,0,,http_manifest,known,403,manifest,"Client error '403 ' for url 'https://openapiproext.bnf.fr/iiif/presentation/v3/ark:/12148/bpt6k12237810/manifest.json'
For more information check: https://developer.mozilla.org/en-US/docs/Web/HTTP/Status/403",2026-07-17T19:43:30.033300
canardenchaine,bpt6k1223782d,,failed,0,0,,http_manifest,known,403,manifest,"Client error '403 ' for url 'https://openapiproext.bnf.fr/iiif/presentation/v3/ark:/12148/bpt6k1223782d/manifest.json'
For more information check: https://developer.mozilla.org/en-US/docs/Web/HTTP/Status/403",2026-07-17T19:43:31.254185
canardenchaine,bpt6k1223783t,,failed,0,0,,http_manifest,known,403,manifest,"Client error '403 ' for url 'https://openapiproext.bnf.fr/iiif/presentation/v3/ark:/12148/bpt6k1223783t/manifest.json'
For more information check: https://developer.mozilla.org/en-US/docs/Web/HTTP/Status/403",2026-07-17T19:43:32.438248
canardenchaine,bpt6k12237847,,failed,0,0,,http_manifest,known,403,manifest,"Client error '403 ' for url 'https://openapiproext.bnf.fr/iiif/presentation/v3/ark:/12148/bpt6k12237847/manifest.json'
For more information check: https://developer.mozilla.org/en-US/docs/Web/HTTP/Status/403",2026-07-17T19:43:33.642394
canardenchaine,bpt6k1223785n,,failed,0,0,,http_manifest,known,403,manifest,"Client error '403 ' for url 'https://openapiproext.bnf.fr/iiif/presentation/v3/ark:/12148/bpt6k1223785n/manifest.json'
For more information check: https://developer.mozilla.org/en-US/docs/Web/HTTP/Status/403",2026-07-17T19:43:34.840757
canardenchaine,bpt6k12237862,,failed,0,0,,http_manifest,known,403,manifest,"Client error '403 ' for url 'https://openapiproext.bnf.fr/iiif/presentation/v3/ark:/12148/bpt6k12237862/manifest.json'
For more information check: https://developer.mozilla.org/en-US/docs/Web/HTTP/Status/403",2026-07-17T19:43:36.042448
canardenchaine,bpt6k1223787g,,failed,0,0,,http_manifest,known,403,manifest,"Client error '403 ' for url 'https://openapiproext.bnf.fr/iiif/presentation/v3/ark:/12148/bpt6k1223787g/manifest.json'
For more information check: https://developer.mozilla.org/en-US/docs/Web/HTTP/Status/403",2026-07-17T19:43:37.245692
canardenchaine,bpt6k1223788w,,failed,0,0,,http_manifest,known,403,manifest,"Client error '403 ' for url 'https://openapiproext.bnf.fr/iiif/presentation/v3/ark:/12148/bpt6k1223788w/manifest.json'
For more information check: https://developer.mozilla.org/en-US/docs/Web/HTTP/Status/403",2026-07-17T19:43:38.445932
canardenchaine,bpt6k12237899,,failed,0,0,,http_manifest,known,403,manifest,"Client error '403 ' for url 'https://openapiproext.bnf.fr/iiif/presentation/v3/ark:/12148/bpt6k12237899/manifest.json'
For more information check: https://developer.mozilla.org/en-US/docs/Web/HTTP/Status/403",2026-07-17T19:43:39.659001
canardenchaine,bpt6k1223790z,,failed,0,0,,http_manifest,known,403,manifest,"Client error '403 ' for url 'https://openapiproext.bnf.fr/iiif/presentation/v3/ark:/12148/bpt6k1223790z/manifest.json'
For more information check: https://developer.mozilla.org/en-US/docs/Web/HTTP/Status/403",2026-07-17T19:43:40.848247
canardenchaine,bpt6k1223791c,,failed,0,0,,http_manifest,known,403,manifest,"Client error '403 ' for url 'https://openapiproext.bnf.fr/iiif/presentation/v3/ark:/12148/bpt6k1223791c/manifest.json'
For more information check: https://developer.mozilla.org/en-US/docs/Web/HTTP/Status/403",2026-07-17T19:43:42.050350
canardenchaine,bpt6k1223792s,,failed,0,0,,http_manifest,known,403,manifest,"Client error '403 ' for url 'https://openapiproext.bnf.fr/iiif/presentation/v3/ark:/12148/bpt6k1223792s/manifest.json'
For more information check: https://developer.mozilla.org/en-US/docs/Web/HTTP/Status/403",2026-07-17T19:43:43.264512
canardenchaine,bpt6k12237936,,failed,0,0,,http_manifest,known,403,manifest,"Client error '403 ' for url 'https://openapiproext.bnf.fr/iiif/presentation/v3/ark:/12148/bpt6k12237936/manifest.json'
For more information check: https://developer.mozilla.org/en-US/docs/Web/HTTP/Status/403",2026-07-17T19:43:44.490066
canardenchaine,bpt6k1223794m,,failed,0,0,,http_manifest,known,403,manifest,"Client error '403 ' for url 'https://openapiproext.bnf.fr/iiif/presentation/v3/ark:/12148/bpt6k1223794m/manifest.json'
For more information check: https://developer.mozilla.org/en-US/docs/Web/HTTP/Status/403",2026-07-17T19:43:45.653212
canardenchaine,bpt6k12237951,,failed,0,0,,http_manifest,known,403,manifest,"Client error '403 ' for url 'https://openapiproext.bnf.fr/iiif/presentation/v3/ark:/12148/bpt6k12237951/manifest.json'
For more information check: https://developer.mozilla.org/en-US/docs/Web/HTTP/Status/403",2026-07-17T19:43:46.859684
canardenchaine,bpt6k12233554,,failed,0,0,,http_manifest,known,403,manifest,"Client error '403 ' for url 'https://openapiproext.bnf.fr/iiif/presentation/v3/ark:/12148/bpt6k12233554/manifest.json'
For more information check: https://developer.mozilla.org/en-US/docs/Web/HTTP/Status/403",2026-07-17T19:43:48.058297
canardenchaine,bpt6k1223356j,,failed,0,0,,http_manifest,known,403,manifest,"Client error '403 ' for url 'https://openapiproext.bnf.fr/iiif/presentation/v3/ark:/12148/bpt6k1223356j/manifest.json'
For more information check: https://developer.mozilla.org/en-US/docs/Web/HTTP/Status/403",2026-07-17T19:43:49.257779
canardenchaine,bpt6k1223357z,,failed,0,0,,http_manifest,known,403,manifest,"Client error '403 ' for url 'https://openapiproext.bnf.fr/iiif/presentation/v3/ark:/12148/bpt6k1223357z/manifest.json'
For more information check: https://developer.mozilla.org/en-US/docs/Web/HTTP/Status/403",2026-07-17T19:43:50.462820
canardenchaine,bpt6k1223358c,,failed,0,0,,http_manifest,known,403,manifest,"Client error '403 ' for url 'https://openapiproext.bnf.fr/iiif/presentation/v3/ark:/12148/bpt6k1223358c/manifest.json'
For more information check: https://developer.mozilla.org/en-US/docs/Web/HTTP/Status/403",2026-07-17T19:43:51.661279
canardenchaine,bpt6k1223359s,,failed,0,0,,http_manifest,known,403,manifest,"Client error '403 ' for url 'https://openapiproext.bnf.fr/iiif/presentation/v3/ark:/12148/bpt6k1223359s/manifest.json'
For more information check: https://developer.mozilla.org/en-US/docs/Web/HTTP/Status/403",2026-07-17T19:43:52.866580
canardenchaine,bpt6k1223360f,,failed,0,0,,http_manifest,known,403,manifest,"Client error '403 ' for url 'https://openapiproext.bnf.fr/iiif/presentation/v3/ark:/12148/bpt6k1223360f/manifest.json'
For more information check: https://developer.mozilla.org/en-US/docs/Web/HTTP/Status/403",2026-07-17T19:43:54.062914
canardenchaine,bpt6k1223361v,,failed,0,0,,http_manifest,known,403,manifest,"Client error '403 ' for url 'https://openapiproext.bnf.fr/iiif/presentation/v3/ark:/12148/bpt6k1223361v/manifest.json'
For more information check: https://developer.mozilla.org/en-US/docs/Web/HTTP/Status/403",2026-07-17T19:43:55.269277
canardenchaine,bpt6k12233628,,failed,0,0,,http_manifest,known,403,manifest,"Client error '403 ' for url 'https://openapiproext.bnf.fr/iiif/presentation/v3/ark:/12148/bpt6k12233628/manifest.json'
For more information check: https://developer.mozilla.org/en-US/docs/Web/HTTP/Status/403",2026-07-17T19:43:56.492776
canardenchaine,bpt6k1223363p,,failed,0,0,,http_manifest,known,403,manifest,"Client error '403 ' for url 'https://openapiproext.bnf.fr/iiif/presentation/v3/ark:/12148/bpt6k1223363p/manifest.json'
For more information check: https://developer.mozilla.org/en-US/docs/Web/HTTP/Status/403",2026-07-17T19:43:57.667066
canardenchaine,bpt6k12233643,,failed,0,0,,http_manifest,known,403,manifest,"Client error '403 ' for url 'https://openapiproext.bnf.fr/iiif/presentation/v3/ark:/12148/bpt6k12233643/manifest.json'
For more information check: https://developer.mozilla.org/en-US/docs/Web/HTTP/Status/403",2026-07-17T19:43:58.880581
canardenchaine,bpt6k1223365h,,failed,0,0,,http_manifest,known,403,manifest,"Client error '403 ' for url 'https://openapiproext.bnf.fr/iiif/presentation/v3/ark:/12148/bpt6k1223365h/manifest.json'
For more information check: https://developer.mozilla.org/en-US/docs/Web/HTTP/Status/403",2026-07-17T19:44:00.321770
canardenchaine,bpt6k1223366x,,failed,0,0,,http_manifest,known,403,manifest,"Client error '403 ' for url 'https://openapiproext.bnf.fr/iiif/presentation/v3/ark:/12148/bpt6k1223366x/manifest.json'
For more information check: https://developer.mozilla.org/en-US/docs/Web/HTTP/Status/403",2026-07-17T19:44:01.290944
canardenchaine,bpt6k1223367b,,failed,0,0,,http_manifest,known,403,manifest,"Client error '403 ' for url 'https://openapiproext.bnf.fr/iiif/presentation/v3/ark:/12148/bpt6k1223367b/manifest.json'
For more information check: https://developer.mozilla.org/en-US/docs/Web/HTTP/Status/403",2026-07-17T19:44:02.504830
canardenchaine,bpt6k1223368r,,failed,0,0,,http_manifest,known,403,manifest,"Client error '403 ' for url 'https://openapiproext.bnf.fr/iiif/presentation/v3/ark:/12148/bpt6k1223368r/manifest.json'
For more information check: https://developer.mozilla.org/en-US/docs/Web/HTTP/Status/403",2026-07-17T19:44:03.876723
canardenchaine,bpt6k12233695,,failed,0,0,,http_manifest,known,403,manifest,"Client error '403 ' for url 'https://openapiproext.bnf.fr/iiif/presentation/v3/ark:/12148/bpt6k12233695/manifest.json'
For more information check: https://developer.mozilla.org/en-US/docs/Web/HTTP/Status/403",2026-07-17T19:44:05.009135
canardenchaine,bpt6k1223370t,,failed,0,0,,http_manifest,known,403,manifest,"Client error '403 ' for url 'https://openapiproext.bnf.fr/iiif/presentation/v3/ark:/12148/bpt6k1223370t/manifest.json'
For more information check: https://developer.mozilla.org/en-US/docs/Web/HTTP/Status/403",2026-07-17T19:44:06.277866
canardenchaine,bpt6k12233717,,failed,0,0,,http_manifest,known,403,manifest,"Client error '403 ' for url 'https://openapiproext.bnf.fr/iiif/presentation/v3/ark:/12148/bpt6k12233717/manifest.json'
For more information check: https://developer.mozilla.org/en-US/docs/Web/HTTP/Status/403",2026-07-17T19:44:07.516298
canardenchaine,bpt6k1223372n,,failed,0,0,,http_manifest,known,403,manifest,"Client error '403 ' for url 'https://openapiproext.bnf.fr/iiif/presentation/v3/ark:/12148/bpt6k1223372n/manifest.json'
For more information check: https://developer.mozilla.org/en-US/docs/Web/HTTP/Status/403",2026-07-17T19:44:08.480656
canardenchaine,bpt6k12233732,,failed,0,0,,http_manifest,known,403,manifest,"Client error '403 ' for url 'https://openapiproext.bnf.fr/iiif/presentation/v3/ark:/12148/bpt6k12233732/manifest.json'
For more information check: https://developer.mozilla.org/en-US/docs/Web/HTTP/Status/403",2026-07-17T19:44:09.860551
canardenchaine,bpt6k1223374g,,failed,0,0,,http_manifest,known,403,manifest,"Client error '403 ' for url 'https://openapiproext.bnf.fr/iiif/presentation/v3/ark:/12148/bpt6k1223374g/manifest.json'
For more information check: https://developer.mozilla.org/en-US/docs/Web/HTTP/Status/403",2026-07-17T19:44:10.907999
canardenchaine,bpt6k1223375w,,failed,0,0,,http_manifest,known,403,manifest,"Client error '403 ' for url 'https://openapiproext.bnf.fr/iiif/presentation/v3/ark:/12148/bpt6k1223375w/manifest.json'
For more information check: https://developer.mozilla.org/en-US/docs/Web/HTTP/Status/403",2026-07-17T19:44:12.345500
canardenchaine,bpt6k12233769,,failed,0,0,,http_manifest,known,403,manifest,"Client error '403 ' for url 'https://openapiproext.bnf.fr/iiif/presentation/v3/ark:/12148/bpt6k12233769/manifest.json'
For more information check: https://developer.mozilla.org/en-US/docs/Web/HTTP/Status/403",2026-07-17T19:44:13.495602
canardenchaine,bpt6k1223377q,,failed,0,0,,http_manifest,known,403,manifest,"Client error '403 ' for url 'https://openapiproext.bnf.fr/iiif/presentation/v3/ark:/12148/bpt6k1223377q/manifest.json'
For more information check: https://developer.mozilla.org/en-US/docs/Web/HTTP/Status/403",2026-07-17T19:44:14.605549
canardenchaine,bpt6k12233784,,failed,0,0,,http_manifest,known,403,manifest,"Client error '403 ' for url 'https://openapiproext.bnf.fr/iiif/presentation/v3/ark:/12148/bpt6k12233784/manifest.json'
For more information check: https://developer.mozilla.org/en-US/docs/Web/HTTP/Status/403",2026-07-17T19:44:16.120984
canardenchaine,bpt6k1223379j,,failed,0,0,,http_manifest,known,403,manifest,"Client error '403 ' for url 'https://openapiproext.bnf.fr/iiif/presentation/v3/ark:/12148/bpt6k1223379j/manifest.json'
For more information check: https://developer.mozilla.org/en-US/docs/Web/HTTP/Status/403",2026-07-17T19:44:16.917207
canardenchaine,bpt6k12233806,,failed,0,0,,http_manifest,known,403,manifest,"Client error '403 ' for url 'https://openapiproext.bnf.fr/iiif/presentation/v3/ark:/12148/bpt6k12233806/manifest.json'
For more information check: https://developer.mozilla.org/en-US/docs/Web/HTTP/Status/403",2026-07-17T19:44:18.162358
canardenchaine,bpt6k1223381m,,failed,0,0,,http_manifest,known,403,manifest,"Client error '403 ' for url 'https://openapiproext.bnf.fr/iiif/presentation/v3/ark:/12148/bpt6k1223381m/manifest.json'
For more information check: https://developer.mozilla.org/en-US/docs/Web/HTTP/Status/403",2026-07-17T19:44:19.311808
canardenchaine,bpt6k12233821,,failed,0,0,,http_manifest,known,403,manifest,"Client error '403 ' for url 'https://openapiproext.bnf.fr/iiif/presentation/v3/ark:/12148/bpt6k12233821/manifest.json'
For more information check: https://developer.mozilla.org/en-US/docs/Web/HTTP/Status/403",2026-07-17T19:44:20.497622
canardenchaine,bpt6k1223383f,,failed,0,0,,http_manifest,known,403,manifest,"Client error '403 ' for url 'https://openapiproext.bnf.fr/iiif/presentation/v3/ark:/12148/bpt6k1223383f/manifest.json'
For more information check: https://developer.mozilla.org/en-US/docs/Web/HTTP/Status/403",2026-07-17T19:44:21.700673
canardenchaine,bpt6k1223384v,,failed,0,0,,http_manifest,known,403,manifest,"Client error '403 ' for url 'https://openapiproext.bnf.fr/iiif/presentation/v3/ark:/12148/bpt6k1223384v/manifest.json'
For more information check: https://developer.mozilla.org/en-US/docs/Web/HTTP/Status/403",2026-07-17T19:44:22.901181
canardenchaine,bpt6k12233858,,failed,0,0,,http_manifest,known,403,manifest,"Client error '403 ' for url 'https://openapiproext.bnf.fr/iiif/presentation/v3/ark:/12148/bpt6k12233858/manifest.json'
For more information check: https://developer.mozilla.org/en-US/docs/Web/HTTP/Status/403",2026-07-17T19:44:24.103738
canardenchaine,bpt6k1223386p,,failed,0,0,,http_manifest,known,403,manifest,"Client error '403 ' for url 'https://openapiproext.bnf.fr/iiif/presentation/v3/ark:/12148/bpt6k1223386p/manifest.json'
For more information check: https://developer.mozilla.org/en-US/docs/Web/HTTP/Status/403",2026-07-17T19:44:25.304061
canardenchaine,bpt6k12233873,,failed,0,0,,http_manifest,known,403,manifest,"Client error '403 ' for url 'https://openapiproext.bnf.fr/iiif/presentation/v3/ark:/12148/bpt6k12233873/manifest.json'
For more information check: https://developer.mozilla.org/en-US/docs/Web/HTTP/Status/403",2026-07-17T19:44:26.511057
canardenchaine,bpt6k1223388h,,failed,0,0,,http_manifest,known,403,manifest,"Client error '403 ' for url 'https://openapiproext.bnf.fr/iiif/presentation/v3/ark:/12148/bpt6k1223388h/manifest.json'
For more information check: https://developer.mozilla.org/en-US/docs/Web/HTTP/Status/403",2026-07-17T19:44:27.706282
canardenchaine,bpt6k1223389x,,failed,0,0,,http_manifest,known,403,manifest,"Client error '403 ' for url 'https://openapiproext.bnf.fr/iiif/presentation/v3/ark:/12148/bpt6k1223389x/manifest.json'
For more information check: https://developer.mozilla.org/en-US/docs/Web/HTTP/Status/403",2026-07-17T19:44:28.909028
canardenchaine,bpt6k1223390k,,failed,0,0,,http_manifest,known,403,manifest,"Client error '403 ' for url 'https://openapiproext.bnf.fr/iiif/presentation/v3/ark:/12148/bpt6k1223390k/manifest.json'
For more information check: https://developer.mozilla.org/en-US/docs/Web/HTTP/Status/403",2026-07-17T19:44:30.111273
canardenchaine,bpt6k12233910,,failed,0,0,,http_manifest,known,403,manifest,"Client error '403 ' for url 'https://openapiproext.bnf.fr/iiif/presentation/v3/ark:/12148/bpt6k12233910/manifest.json'
For more information check: https://developer.mozilla.org/en-US/docs/Web/HTTP/Status/403",2026-07-17T19:44:31.310874
canardenchaine,bpt6k1223392d,,failed,0,0,,http_manifest,known,403,manifest,"Client error '403 ' for url 'https://openapiproext.bnf.fr/iiif/presentation/v3/ark:/12148/bpt6k1223392d/manifest.json'
For more information check: https://developer.mozilla.org/en-US/docs/Web/HTTP/Status/403",2026-07-17T19:44:32.511416
canardenchaine,bpt6k1223393t,,failed,0,0,,http_manifest,known,403,manifest,"Client error '403 ' for url 'https://openapiproext.bnf.fr/iiif/presentation/v3/ark:/12148/bpt6k1223393t/manifest.json'
For more information check: https://developer.mozilla.org/en-US/docs/Web/HTTP/Status/403",2026-07-17T19:44:33.713633
canardenchaine,bpt6k12233947,,failed,0,0,,http_manifest,known,403,manifest,"Client error '403 ' for url 'https://openapiproext.bnf.fr/iiif/presentation/v3/ark:/12148/bpt6k12233947/manifest.json'
For more information check: https://developer.mozilla.org/en-US/docs/Web/HTTP/Status/403",2026-07-17T19:44:34.917702
canardenchaine,bpt6k1223395n,,failed,0,0,,http_manifest,known,403,manifest,"Client error '403 ' for url 'https://openapiproext.bnf.fr/iiif/presentation/v3/ark:/12148/bpt6k1223395n/manifest.json'
For more information check: https://developer.mozilla.org/en-US/docs/Web/HTTP/Status/403",2026-07-17T19:44:36.123442
canardenchaine,bpt6k12233962,,failed,0,0,,http_manifest,known,403,manifest,"Client error '403 ' for url 'https://openapiproext.bnf.fr/iiif/presentation/v3/ark:/12148/bpt6k12233962/manifest.json'
For more information check: https://developer.mozilla.org/en-US/docs/Web/HTTP/Status/403",2026-07-17T19:44:37.317594
canardenchaine,bpt6k1223397g,,failed,0,0,,http_manifest,known,403,manifest,"Client error '403 ' for url 'https://openapiproext.bnf.fr/iiif/presentation/v3/ark:/12148/bpt6k1223397g/manifest.json'
For more information check: https://developer.mozilla.org/en-US/docs/Web/HTTP/Status/403",2026-07-17T19:44:38.517126
canardenchaine,bpt6k1223398w,,failed,0,0,,http_manifest,known,403,manifest,"Client error '403 ' for url 'https://openapiproext.bnf.fr/iiif/presentation/v3/ark:/12148/bpt6k1223398w/manifest.json'
For more information check: https://developer.mozilla.org/en-US/docs/Web/HTTP/Status/403",2026-07-17T19:44:39.719314
canardenchaine,bpt6k12233999,,failed,0,0,,http_manifest,known,403,manifest,"Client error '403 ' for url 'https://openapiproext.bnf.fr/iiif/presentation/v3/ark:/12148/bpt6k12233999/manifest.json'
For more information check: https://developer.mozilla.org/en-US/docs/Web/HTTP/Status/403",2026-07-17T19:44:40.927659
canardenchaine,bpt6k1223400h,,failed,0,0,,http_manifest,known,403,manifest,"Client error '403 ' for url 'https://openapiproext.bnf.fr/iiif/presentation/v3/ark:/12148/bpt6k1223400h/manifest.json'
For more information check: https://developer.mozilla.org/en-US/docs/Web/HTTP/Status/403",2026-07-17T19:44:42.121092
canardenchaine,bpt6k1223401x,,failed,0,0,,http_manifest,known,403,manifest,"Client error '403 ' for url 'https://openapiproext.bnf.fr/iiif/presentation/v3/ark:/12148/bpt6k1223401x/manifest.json'
For more information check: https://developer.mozilla.org/en-US/docs/Web/HTTP/Status/403",2026-07-17T19:44:43.326580
canardenchaine,bpt6k1223402b,,failed,0,0,,http_manifest,known,403,manifest,"Client error '403 ' for url 'https://openapiproext.bnf.fr/iiif/presentation/v3/ark:/12148/bpt6k1223402b/manifest.json'
For more information check: https://developer.mozilla.org/en-US/docs/Web/HTTP/Status/403",2026-07-17T19:44:44.526417
canardenchaine,bpt6k1223403r,,failed,0,0,,http_manifest,known,403,manifest,"Client error '403 ' for url 'https://openapiproext.bnf.fr/iiif/presentation/v3/ark:/12148/bpt6k1223403r/manifest.json'
For more information check: https://developer.mozilla.org/en-US/docs/Web/HTTP/Status/403",2026-07-17T19:44:45.767200
canardenchaine,bpt6k12234045,,failed,0,0,,http_manifest,known,403,manifest,"Client error '403 ' for url 'https://openapiproext.bnf.fr/iiif/presentation/v3/ark:/12148/bpt6k12234045/manifest.json'
For more information check: https://developer.mozilla.org/en-US/docs/Web/HTTP/Status/403",2026-07-17T19:44:46.929345
canardenchaine,bpt6k1223405k,,failed,0,0,,http_manifest,known,403,manifest,"Client error '403 ' for url 'https://openapiproext.bnf.fr/iiif/presentation/v3/ark:/12148/bpt6k1223405k/manifest.json'
For more information check: https://developer.mozilla.org/en-US/docs/Web/HTTP/Status/403",2026-07-17T19:44:48.130355
canardenchaine,bpt6k12234060,,failed,0,0,,http_manifest,known,403,manifest,"Client error '403 ' for url 'https://openapiproext.bnf.fr/iiif/presentation/v3/ark:/12148/bpt6k12234060/manifest.json'
For more information check: https://developer.mozilla.org/en-US/docs/Web/HTTP/Status/403",2026-07-17T19:44:49.330891
canardenchaine,bpt6k12231934,,failed,0,0,,http_manifest,known,403,manifest,"Client error '403 ' for url 'https://openapiproext.bnf.fr/iiif/presentation/v3/ark:/12148/bpt6k12231934/manifest.json'
For more information check: https://developer.mozilla.org/en-US/docs/Web/HTTP/Status/403",2026-07-17T19:44:50.532647
canardenchaine,bpt6k1223194j,,failed,0,0,,http_manifest,known,403,manifest,"Client error '403 ' for url 'https://openapiproext.bnf.fr/iiif/presentation/v3/ark:/12148/bpt6k1223194j/manifest.json'
For more information check: https://developer.mozilla.org/en-US/docs/Web/HTTP/Status/403",2026-07-17T19:44:51.762135
canardenchaine,bpt6k1223195z,,failed,0,0,,http_manifest,known,403,manifest,"Client error '403 ' for url 'https://openapiproext.bnf.fr/iiif/presentation/v3/ark:/12148/bpt6k1223195z/manifest.json'
For more information check: https://developer.mozilla.org/en-US/docs/Web/HTTP/Status/403",2026-07-17T19:44:52.941388
canardenchaine,bpt6k1223196c,,failed,0,0,,http_manifest,known,403,manifest,"Client error '403 ' for url 'https://openapiproext.bnf.fr/iiif/presentation/v3/ark:/12148/bpt6k1223196c/manifest.json'
For more information check: https://developer.mozilla.org/en-US/docs/Web/HTTP/Status/403",2026-07-17T19:44:54.138085
canardenchaine,bpt6k1223197s,,failed,0,0,,http_manifest,known,403,manifest,"Client error '403 ' for url 'https://openapiproext.bnf.fr/iiif/presentation/v3/ark:/12148/bpt6k1223197s/manifest.json'
For more information check: https://developer.mozilla.org/en-US/docs/Web/HTTP/Status/403",2026-07-17T19:44:55.340662
canardenchaine,bpt6k12231986,,failed,0,0,,http_manifest,known,403,manifest,"Client error '403 ' for url 'https://openapiproext.bnf.fr/iiif/presentation/v3/ark:/12148/bpt6k12231986/manifest.json'
For more information check: https://developer.mozilla.org/en-US/docs/Web/HTTP/Status/403",2026-07-17T19:44:56.540417
canardenchaine,bpt6k1223199m,,failed,0,0,,http_manifest,known,403,manifest,"Client error '403 ' for url 'https://openapiproext.bnf.fr/iiif/presentation/v3/ark:/12148/bpt6k1223199m/manifest.json'
For more information check: https://developer.mozilla.org/en-US/docs/Web/HTTP/Status/403",2026-07-17T19:44:57.762394
canardenchaine,bpt6k1223200t,,failed,0,0,,http_manifest,known,403,manifest,"Client error '403 ' for url 'https://openapiproext.bnf.fr/iiif/presentation/v3/ark:/12148/bpt6k1223200t/manifest.json'
For more information check: https://developer.mozilla.org/en-US/docs/Web/HTTP/Status/403",2026-07-17T19:44:58.949241
canardenchaine,bpt6k12232017,,failed,0,0,,http_manifest,known,403,manifest,"Client error '403 ' for url 'https://openapiproext.bnf.fr/iiif/presentation/v3/ark:/12148/bpt6k12232017/manifest.json'
For more information check: https://developer.mozilla.org/en-US/docs/Web/HTTP/Status/403",2026-07-17T19:45:00.151844
canardenchaine,bpt6k1223202n,,failed,0,0,,http_manifest,known,403,manifest,"Client error '403 ' for url 'https://openapiproext.bnf.fr/iiif/presentation/v3/ark:/12148/bpt6k1223202n/manifest.json'
For more information check: https://developer.mozilla.org/en-US/docs/Web/HTTP/Status/403",2026-07-17T19:45:01.430115
canardenchaine,bpt6k12232032,,failed,0,0,,http_manifest,known,403,manifest,"Client error '403 ' for url 'https://openapiproext.bnf.fr/iiif/presentation/v3/ark:/12148/bpt6k12232032/manifest.json'
For more information check: https://developer.mozilla.org/en-US/docs/Web/HTTP/Status/403",2026-07-17T19:45:02.556679
canardenchaine,bpt6k1223204g,,failed,0,0,,http_manifest,known,403,manifest,"Client error '403 ' for url 'https://openapiproext.bnf.fr/iiif/presentation/v3/ark:/12148/bpt6k1223204g/manifest.json'
For more information check: https://developer.mozilla.org/en-US/docs/Web/HTTP/Status/403",2026-07-17T19:45:03.784546
canardenchaine,bpt6k1223205w,,failed,0,0,,http_manifest,known,403,manifest,"Client error '403 ' for url 'https://openapiproext.bnf.fr/iiif/presentation/v3/ark:/12148/bpt6k1223205w/manifest.json'
For more information check: https://developer.mozilla.org/en-US/docs/Web/HTTP/Status/403",2026-07-17T19:45:05.010278
canardenchaine,bpt6k12232069,,failed,0,0,,http_manifest,known,403,manifest,"Client error '403 ' for url 'https://openapiproext.bnf.fr/iiif/presentation/v3/ark:/12148/bpt6k12232069/manifest.json'
For more information check: https://developer.mozilla.org/en-US/docs/Web/HTTP/Status/403",2026-07-17T19:45:06.242422
canardenchaine,bpt6k1223207q,,failed,0,0,,http_manifest,known,403,manifest,"Client error '403 ' for url 'https://openapiproext.bnf.fr/iiif/presentation/v3/ark:/12148/bpt6k1223207q/manifest.json'
For more information check: https://developer.mozilla.org/en-US/docs/Web/HTTP/Status/403",2026-07-17T19:45:07.587894
canardenchaine,bpt6k12232084,,failed,0,0,,http_manifest,known,403,manifest,"Client error '403 ' for url 'https://openapiproext.bnf.fr/iiif/presentation/v3/ark:/12148/bpt6k12232084/manifest.json'
For more information check: https://developer.mozilla.org/en-US/docs/Web/HTTP/Status/403",2026-07-17T19:45:08.743473
canardenchaine,bpt6k1223209j,,failed,0,0,,http_manifest,known,403,manifest,"Client error '403 ' for url 'https://openapiproext.bnf.fr/iiif/presentation/v3/ark:/12148/bpt6k1223209j/manifest.json'
For more information check: https://developer.mozilla.org/en-US/docs/Web/HTTP/Status/403",2026-07-17T19:45:09.927981
canardenchaine,bpt6k12232106,,failed,0,0,,http_manifest,known,403,manifest,"Client error '403 ' for url 'https://openapiproext.bnf.fr/iiif/presentation/v3/ark:/12148/bpt6k12232106/manifest.json'
For more information check: https://developer.mozilla.org/en-US/docs/Web/HTTP/Status/403",2026-07-17T19:45:10.966733
canardenchaine,bpt6k1223211m,,failed,0,0,,http_manifest,known,403,manifest,"Client error '403 ' for url 'https://openapiproext.bnf.fr/iiif/presentation/v3/ark:/12148/bpt6k1223211m/manifest.json'
For more information check: https://developer.mozilla.org/en-US/docs/Web/HTTP/Status/403",2026-07-17T19:45:12.265778
canardenchaine,bpt6k12232121,,failed,0,0,,http_manifest,known,403,manifest,"Client error '403 ' for url 'https://openapiproext.bnf.fr/iiif/presentation/v3/ark:/12148/bpt6k12232121/manifest.json'
For more information check: https://developer.mozilla.org/en-US/docs/Web/HTTP/Status/403",2026-07-17T19:45:13.518345
canardenchaine,bpt6k1223213f,,failed,0,0,,http_manifest,known,403,manifest,"Client error '403 ' for url 'https://openapiproext.bnf.fr/iiif/presentation/v3/ark:/12148/bpt6k1223213f/manifest.json'
For more information check: https://developer.mozilla.org/en-US/docs/Web/HTTP/Status/403",2026-07-17T19:45:14.665813
canardenchaine,bpt6k1223214v,,failed,0,0,,http_manifest,known,403,manifest,"Client error '403 ' for url 'https://openapiproext.bnf.fr/iiif/presentation/v3/ark:/12148/bpt6k1223214v/manifest.json'
For more information check: https://developer.mozilla.org/en-US/docs/Web/HTTP/Status/403",2026-07-17T19:45:15.805299
canardenchaine,bpt6k12232158,,failed,0,0,,http_manifest,known,403,manifest,"Client error '403 ' for url 'https://openapiproext.bnf.fr/iiif/presentation/v3/ark:/12148/bpt6k12232158/manifest.json'
For more information check: https://developer.mozilla.org/en-US/docs/Web/HTTP/Status/403",2026-07-17T19:45:16.968692
canardenchaine,bpt6k1223216p,,failed,0,0,,http_manifest,known,403,manifest,"Client error '403 ' for url 'https://openapiproext.bnf.fr/iiif/presentation/v3/ark:/12148/bpt6k1223216p/manifest.json'
For more information check: https://developer.mozilla.org/en-US/docs/Web/HTTP/Status/403",2026-07-17T19:45:18.177892
canardenchaine,bpt6k12232173,,failed,0,0,,http_manifest,known,403,manifest,"Client error '403 ' for url 'https://openapiproext.bnf.fr/iiif/presentation/v3/ark:/12148/bpt6k12232173/manifest.json'
For more information check: https://developer.mozilla.org/en-US/docs/Web/HTTP/Status/403",2026-07-17T19:45:19.370271
canardenchaine,bpt6k1223218h,,failed,0,0,,http_manifest,known,403,manifest,"Client error '403 ' for url 'https://openapiproext.bnf.fr/iiif/presentation/v3/ark:/12148/bpt6k1223218h/manifest.json'
For more information check: https://developer.mozilla.org/en-US/docs/Web/HTTP/Status/403",2026-07-17T19:45:20.572382
canardenchaine,bpt6k1223219x,,failed,0,0,,http_manifest,known,403,manifest,"Client error '403 ' for url 'https://openapiproext.bnf.fr/iiif/presentation/v3/ark:/12148/bpt6k1223219x/manifest.json'
For more information check: https://developer.mozilla.org/en-US/docs/Web/HTTP/Status/403",2026-07-17T19:45:21.793399
canardenchaine,bpt6k1223220k,,failed,0,0,,http_manifest,known,403,manifest,"Client error '403 ' for url 'https://openapiproext.bnf.fr/iiif/presentation/v3/ark:/12148/bpt6k1223220k/manifest.json'
For more information check: https://developer.mozilla.org/en-US/docs/Web/HTTP/Status/403",2026-07-17T19:45:22.982626
canardenchaine,bpt6k12232210,,failed,0,0,,http_manifest,known,403,manifest,"Client error '403 ' for url 'https://openapiproext.bnf.fr/iiif/presentation/v3/ark:/12148/bpt6k12232210/manifest.json'
For more information check: https://developer.mozilla.org/en-US/docs/Web/HTTP/Status/403",2026-07-17T19:45:24.178907
canardenchaine,bpt6k1223222d,,failed,0,0,,http_manifest,known,403,manifest,"Client error '403 ' for url 'https://openapiproext.bnf.fr/iiif/presentation/v3/ark:/12148/bpt6k1223222d/manifest.json'
For more information check: https://developer.mozilla.org/en-US/docs/Web/HTTP/Status/403",2026-07-17T19:45:25.379961
canardenchaine,bpt6k1223223t,,failed,0,0,,http_manifest,known,403,manifest,"Client error '403 ' for url 'https://openapiproext.bnf.fr/iiif/presentation/v3/ark:/12148/bpt6k1223223t/manifest.json'
For more information check: https://developer.mozilla.org/en-US/docs/Web/HTTP/Status/403",2026-07-17T19:45:26.579095
canardenchaine,bpt6k12232247,,failed,0,0,,http_manifest,known,403,manifest,"Client error '403 ' for url 'https://openapiproext.bnf.fr/iiif/presentation/v3/ark:/12148/bpt6k12232247/manifest.json'
For more information check: https://developer.mozilla.org/en-US/docs/Web/HTTP/Status/403",2026-07-17T19:45:27.782253
canardenchaine,bpt6k1223225n,,failed,0,0,,http_manifest,known,403,manifest,"Client error '403 ' for url 'https://openapiproext.bnf.fr/iiif/presentation/v3/ark:/12148/bpt6k1223225n/manifest.json'
For more information check: https://developer.mozilla.org/en-US/docs/Web/HTTP/Status/403",2026-07-17T19:45:28.984469
canardenchaine,bpt6k12232262,,failed,0,0,,http_manifest,known,403,manifest,"Client error '403 ' for url 'https://openapiproext.bnf.fr/iiif/presentation/v3/ark:/12148/bpt6k12232262/manifest.json'
For more information check: https://developer.mozilla.org/en-US/docs/Web/HTTP/Status/403",2026-07-17T19:45:30.186762
canardenchaine,bpt6k1223227g,,failed,0,0,,http_manifest,known,403,manifest,"Client error '403 ' for url 'https://openapiproext.bnf.fr/iiif/presentation/v3/ark:/12148/bpt6k1223227g/manifest.json'
For more information check: https://developer.mozilla.org/en-US/docs/Web/HTTP/Status/403",2026-07-17T19:45:31.392846
canardenchaine,bpt6k1223228w,,failed,0,0,,http_manifest,known,403,manifest,"Client error '403 ' for url 'https://openapiproext.bnf.fr/iiif/presentation/v3/ark:/12148/bpt6k1223228w/manifest.json'
For more information check: https://developer.mozilla.org/en-US/docs/Web/HTTP/Status/403",2026-07-17T19:45:32.587085
canardenchaine,bpt6k12232299,,failed,0,0,,http_manifest,known,403,manifest,"Client error '403 ' for url 'https://openapiproext.bnf.fr/iiif/presentation/v3/ark:/12148/bpt6k12232299/manifest.json'
For more information check: https://developer.mozilla.org/en-US/docs/Web/HTTP/Status/403",2026-07-17T19:45:33.807926
canardenchaine,bpt6k1223230z,,failed,0,0,,http_manifest,known,403,manifest,"Client error '403 ' for url 'https://openapiproext.bnf.fr/iiif/presentation/v3/ark:/12148/bpt6k1223230z/manifest.json'
For more information check: https://developer.mozilla.org/en-US/docs/Web/HTTP/Status/403",2026-07-17T19:45:34.991154
canardenchaine,bpt6k1223231c,,failed,0,0,,http_manifest,known,403,manifest,"Client error '403 ' for url 'https://openapiproext.bnf.fr/iiif/presentation/v3/ark:/12148/bpt6k1223231c/manifest.json'
For more information check: https://developer.mozilla.org/en-US/docs/Web/HTTP/Status/403",2026-07-17T19:45:36.190313
canardenchaine,bpt6k1223232s,,failed,0,0,,http_manifest,known,403,manifest,"Client error '403 ' for url 'https://openapiproext.bnf.fr/iiif/presentation/v3/ark:/12148/bpt6k1223232s/manifest.json'
For more information check: https://developer.mozilla.org/en-US/docs/Web/HTTP/Status/403",2026-07-17T19:45:37.390237
canardenchaine,bpt6k12232336,,failed,0,0,,http_manifest,known,403,manifest,"Client error '403 ' for url 'https://openapiproext.bnf.fr/iiif/presentation/v3/ark:/12148/bpt6k12232336/manifest.json'
For more information check: https://developer.mozilla.org/en-US/docs/Web/HTTP/Status/403",2026-07-17T19:45:38.592410
canardenchaine,bpt6k1223234m,,failed,0,0,,http_manifest,known,403,manifest,"Client error '403 ' for url 'https://openapiproext.bnf.fr/iiif/presentation/v3/ark:/12148/bpt6k1223234m/manifest.json'
For more information check: https://developer.mozilla.org/en-US/docs/Web/HTTP/Status/403",2026-07-17T19:45:39.792967
canardenchaine,bpt6k12232351,,failed,0,0,,http_manifest,known,403,manifest,"Client error '403 ' for url 'https://openapiproext.bnf.fr/iiif/presentation/v3/ark:/12148/bpt6k12232351/manifest.json'
For more information check: https://developer.mozilla.org/en-US/docs/Web/HTTP/Status/403",2026-07-17T19:45:41.006216
canardenchaine,bpt6k1223236f,,failed,0,0,,http_manifest,known,403,manifest,"Client error '403 ' for url 'https://openapiproext.bnf.fr/iiif/presentation/v3/ark:/12148/bpt6k1223236f/manifest.json'
For more information check: https://developer.mozilla.org/en-US/docs/Web/HTTP/Status/403",2026-07-17T19:45:42.200844
canardenchaine,bpt6k1223237v,,failed,0,0,,http_manifest,known,403,manifest,"Client error '403 ' for url 'https://openapiproext.bnf.fr/iiif/presentation/v3/ark:/12148/bpt6k1223237v/manifest.json'
For more information check: https://developer.mozilla.org/en-US/docs/Web/HTTP/Status/403",2026-07-17T19:45:43.405096
canardenchaine,bpt6k12232388,,failed,0,0,,http_manifest,known,403,manifest,"Client error '403 ' for url 'https://openapiproext.bnf.fr/iiif/presentation/v3/ark:/12148/bpt6k12232388/manifest.json'
For more information check: https://developer.mozilla.org/en-US/docs/Web/HTTP/Status/403",2026-07-17T19:45:44.645877
canardenchaine,bpt6k1223239p,,failed,0,0,,http_manifest,known,403,manifest,"Client error '403 ' for url 'https://openapiproext.bnf.fr/iiif/presentation/v3/ark:/12148/bpt6k1223239p/manifest.json'
For more information check: https://developer.mozilla.org/en-US/docs/Web/HTTP/Status/403",2026-07-17T19:45:45.803220
canardenchaine,bpt6k1223240b,,failed,0,0,,http_manifest,known,403,manifest,"Client error '403 ' for url 'https://openapiproext.bnf.fr/iiif/presentation/v3/ark:/12148/bpt6k1223240b/manifest.json'
For more information check: https://developer.mozilla.org/en-US/docs/Web/HTTP/Status/403",2026-07-17T19:45:47.003620
canardenchaine,bpt6k1223241r,,failed,0,0,,http_manifest,known,403,manifest,"Client error '403 ' for url 'https://openapiproext.bnf.fr/iiif/presentation/v3/ark:/12148/bpt6k1223241r/manifest.json'
For more information check: https://developer.mozilla.org/en-US/docs/Web/HTTP/Status/403",2026-07-17T19:45:48.217116
canardenchaine,bpt6k12232425,,failed,0,0,,http_manifest,known,403,manifest,"Client error '403 ' for url 'https://openapiproext.bnf.fr/iiif/presentation/v3/ark:/12148/bpt6k12232425/manifest.json'
For more information check: https://developer.mozilla.org/en-US/docs/Web/HTTP/Status/403",2026-07-17T19:45:49.406820
canardenchaine,bpt6k1223243k,,failed,0,0,,http_manifest,known,403,manifest,"Client error '403 ' for url 'https://openapiproext.bnf.fr/iiif/presentation/v3/ark:/12148/bpt6k1223243k/manifest.json'
For more information check: https://developer.mozilla.org/en-US/docs/Web/HTTP/Status/403",2026-07-17T19:45:50.634869
canardenchaine,bpt6k12232440,,failed,0,0,,http_manifest,known,403,manifest,"Client error '403 ' for url 'https://openapiproext.bnf.fr/iiif/presentation/v3/ark:/12148/bpt6k12232440/manifest.json'
For more information check: https://developer.mozilla.org/en-US/docs/Web/HTTP/Status/403",2026-07-17T19:45:51.809459
canardenchaine,bpt6k12231400,,failed,0,0,,http_manifest,known,403,manifest,"Client error '403 ' for url 'https://openapiproext.bnf.fr/iiif/presentation/v3/ark:/12148/bpt6k12231400/manifest.json'
For more information check: https://developer.mozilla.org/en-US/docs/Web/HTTP/Status/403",2026-07-17T19:45:53.014308
canardenchaine,bpt6k1223141d,,failed,0,0,,http_manifest,known,403,manifest,"Client error '403 ' for url 'https://openapiproext.bnf.fr/iiif/presentation/v3/ark:/12148/bpt6k1223141d/manifest.json'
For more information check: https://developer.mozilla.org/en-US/docs/Web/HTTP/Status/403",2026-07-17T19:45:54.214868
canardenchaine,bpt6k1223142t,,failed,0,0,,http_manifest,known,403,manifest,"Client error '403 ' for url 'https://openapiproext.bnf.fr/iiif/presentation/v3/ark:/12148/bpt6k1223142t/manifest.json'
For more information check: https://developer.mozilla.org/en-US/docs/Web/HTTP/Status/403",2026-07-17T19:45:55.416271
canardenchaine,bpt6k12231437,,failed,0,0,,http_manifest,known,403,manifest,"Client error '403 ' for url 'https://openapiproext.bnf.fr/iiif/presentation/v3/ark:/12148/bpt6k12231437/manifest.json'
For more information check: https://developer.mozilla.org/en-US/docs/Web/HTTP/Status/403",2026-07-17T19:45:56.641192
canardenchaine,bpt6k1223144n,,failed,0,0,,http_manifest,known,403,manifest,"Client error '403 ' for url 'https://openapiproext.bnf.fr/iiif/presentation/v3/ark:/12148/bpt6k1223144n/manifest.json'
For more information check: https://developer.mozilla.org/en-US/docs/Web/HTTP/Status/403",2026-07-17T19:45:57.911780
canardenchaine,bpt6k12231452,,failed,0,0,,http_manifest,known,403,manifest,"Client error '403 ' for url 'https://openapiproext.bnf.fr/iiif/presentation/v3/ark:/12148/bpt6k12231452/manifest.json'
For more information check: https://developer.mozilla.org/en-US/docs/Web/HTTP/Status/403",2026-07-17T19:45:59.032589
canardenchaine,bpt6k1223146g,,failed,0,0,,http_manifest,known,403,manifest,"Client error '403 ' for url 'https://openapiproext.bnf.fr/iiif/presentation/v3/ark:/12148/bpt6k1223146g/manifest.json'
For more information check: https://developer.mozilla.org/en-US/docs/Web/HTTP/Status/403",2026-07-17T19:46:00.418002
canardenchaine,bpt6k1223147w,,failed,0,0,,http_manifest,known,403,manifest,"Client error '403 ' for url 'https://openapiproext.bnf.fr/iiif/presentation/v3/ark:/12148/bpt6k1223147w/manifest.json'
For more information check: https://developer.mozilla.org/en-US/docs/Web/HTTP/Status/403",2026-07-17T19:46:01.671918
canardenchaine,bpt6k12231489,,failed,0,0,,http_manifest,known,403,manifest,"Client error '403 ' for url 'https://openapiproext.bnf.fr/iiif/presentation/v3/ark:/12148/bpt6k12231489/manifest.json'
For more information check: https://developer.mozilla.org/en-US/docs/Web/HTTP/Status/403",2026-07-17T19:46:02.625450
canardenchaine,bpt6k1223149q,,failed,0,0,,http_manifest,known,403,manifest,"Client error '403 ' for url 'https://openapiproext.bnf.fr/iiif/presentation/v3/ark:/12148/bpt6k1223149q/manifest.json'
For more information check: https://developer.mozilla.org/en-US/docs/Web/HTTP/Status/403",2026-07-17T19:46:04.036299
canardenchaine,bpt6k1223150c,,failed,0,0,,http_manifest,known,403,manifest,"Client error '403 ' for url 'https://openapiproext.bnf.fr/iiif/presentation/v3/ark:/12148/bpt6k1223150c/manifest.json'
For more information check: https://developer.mozilla.org/en-US/docs/Web/HTTP/Status/403",2026-07-17T19:46:05.055940
canardenchaine,bpt6k1223151s,,failed,0,0,,http_manifest,known,403,manifest,"Client error '403 ' for url 'https://openapiproext.bnf.fr/iiif/presentation/v3/ark:/12148/bpt6k1223151s/manifest.json'
For more information check: https://developer.mozilla.org/en-US/docs/Web/HTTP/Status/403",2026-07-17T19:46:06.403832
canardenchaine,bpt6k12231526,,failed,0,0,,http_manifest,known,403,manifest,"Client error '403 ' for url 'https://openapiproext.bnf.fr/iiif/presentation/v3/ark:/12148/bpt6k12231526/manifest.json'
For more information check: https://developer.mozilla.org/en-US/docs/Web/HTTP/Status/403",2026-07-17T19:46:07.447420
canardenchaine,bpt6k1223153m,,failed,0,0,,http_manifest,known,403,manifest,"Client error '403 ' for url 'https://openapiproext.bnf.fr/iiif/presentation/v3/ark:/12148/bpt6k1223153m/manifest.json'
For more information check: https://developer.mozilla.org/en-US/docs/Web/HTTP/Status/403",2026-07-17T19:46:08.633146
canardenchaine,bpt6k12231541,,failed,0,0,,http_manifest,known,403,manifest,"Client error '403 ' for url 'https://openapiproext.bnf.fr/iiif/presentation/v3/ark:/12148/bpt6k12231541/manifest.json'
For more information check: https://developer.mozilla.org/en-US/docs/Web/HTTP/Status/403",2026-07-17T19:46:09.869543
canardenchaine,bpt6k1223155f,,failed,0,0,,http_manifest,known,403,manifest,"Client error '403 ' for url 'https://openapiproext.bnf.fr/iiif/presentation/v3/ark:/12148/bpt6k1223155f/manifest.json'
For more information check: https://developer.mozilla.org/en-US/docs/Web/HTTP/Status/403",2026-07-17T19:46:11.035940
canardenchaine,bpt6k1223156v,,failed,0,0,,http_manifest,known,403,manifest,"Client error '403 ' for url 'https://openapiproext.bnf.fr/iiif/presentation/v3/ark:/12148/bpt6k1223156v/manifest.json'
For more information check: https://developer.mozilla.org/en-US/docs/Web/HTTP/Status/403",2026-07-17T19:46:12.238767
canardenchaine,bpt6k12231578,,failed,0,0,,http_manifest,known,403,manifest,"Client error '403 ' for url 'https://openapiproext.bnf.fr/iiif/presentation/v3/ark:/12148/bpt6k12231578/manifest.json'
For more information check: https://developer.mozilla.org/en-US/docs/Web/HTTP/Status/403",2026-07-17T19:46:13.608537
canardenchaine,bpt6k1223158p,,failed,0,0,,http_manifest,known,403,manifest,"Client error '403 ' for url 'https://openapiproext.bnf.fr/iiif/presentation/v3/ark:/12148/bpt6k1223158p/manifest.json'
For more information check: https://developer.mozilla.org/en-US/docs/Web/HTTP/Status/403",2026-07-17T19:46:14.641441
canardenchaine,bpt6k12231593,,failed,0,0,,http_manifest,known,403,manifest,"Client error '403 ' for url 'https://openapiproext.bnf.fr/iiif/presentation/v3/ark:/12148/bpt6k12231593/manifest.json'
For more information check: https://developer.mozilla.org/en-US/docs/Web/HTTP/Status/403",2026-07-17T19:46:15.997227
canardenchaine,bpt6k1223160r,,failed,0,0,,http_manifest,known,403,manifest,"Client error '403 ' for url 'https://openapiproext.bnf.fr/iiif/presentation/v3/ark:/12148/bpt6k1223160r/manifest.json'
For more information check: https://developer.mozilla.org/en-US/docs/Web/HTTP/Status/403",2026-07-17T19:46:17.046042
canardenchaine,bpt6k12231615,,failed,0,0,,http_manifest,known,403,manifest,"Client error '403 ' for url 'https://openapiproext.bnf.fr/iiif/presentation/v3/ark:/12148/bpt6k12231615/manifest.json'
For more information check: https://developer.mozilla.org/en-US/docs/Web/HTTP/Status/403",2026-07-17T19:46:18.389419
canardenchaine,bpt6k1223162k,,failed,0,0,,http_manifest,known,403,manifest,"Client error '403 ' for url 'https://openapiproext.bnf.fr/iiif/presentation/v3/ark:/12148/bpt6k1223162k/manifest.json'
For more information check: https://developer.mozilla.org/en-US/docs/Web/HTTP/Status/403",2026-07-17T19:46:19.447260
canardenchaine,bpt6k12231630,,failed,0,0,,http_manifest,known,403,manifest,"Client error '403 ' for url 'https://openapiproext.bnf.fr/iiif/presentation/v3/ark:/12148/bpt6k12231630/manifest.json'
For more information check: https://developer.mozilla.org/en-US/docs/Web/HTTP/Status/403",2026-07-17T19:46:20.647201
canardenchaine,bpt6k1223164d,,failed,0,0,,http_manifest,known,403,manifest,"Client error '403 ' for url 'https://openapiproext.bnf.fr/iiif/presentation/v3/ark:/12148/bpt6k1223164d/manifest.json'
For more information check: https://developer.mozilla.org/en-US/docs/Web/HTTP/Status/403",2026-07-17T19:46:21.848760
canardenchaine,bpt6k1223165t,,failed,0,0,,http_manifest,known,403,manifest,"Client error '403 ' for url 'https://openapiproext.bnf.fr/iiif/presentation/v3/ark:/12148/bpt6k1223165t/manifest.json'
For more information check: https://developer.mozilla.org/en-US/docs/Web/HTTP/Status/403",2026-07-17T19:46:23.050184
canardenchaine,bpt6k12231667,,failed,0,0,,http_manifest,known,403,manifest,"Client error '403 ' for url 'https://openapiproext.bnf.fr/iiif/presentation/v3/ark:/12148/bpt6k12231667/manifest.json'
For more information check: https://developer.mozilla.org/en-US/docs/Web/HTTP/Status/403",2026-07-17T19:46:24.254614
canardenchaine,bpt6k1223167n,,failed,0,0,,http_manifest,known,403,manifest,"Client error '403 ' for url 'https://openapiproext.bnf.fr/iiif/presentation/v3/ark:/12148/bpt6k1223167n/manifest.json'
For more information check: https://developer.mozilla.org/en-US/docs/Web/HTTP/Status/403",2026-07-17T19:46:25.460423
canardenchaine,bpt6k12231682,,failed,0,0,,http_manifest,known,403,manifest,"Client error '403 ' for url 'https://openapiproext.bnf.fr/iiif/presentation/v3/ark:/12148/bpt6k12231682/manifest.json'
For more information check: https://developer.mozilla.org/en-US/docs/Web/HTTP/Status/403",2026-07-17T19:46:26.655138
canardenchaine,bpt6k1223169g,,failed,0,0,,http_manifest,known,403,manifest,"Client error '403 ' for url 'https://openapiproext.bnf.fr/iiif/presentation/v3/ark:/12148/bpt6k1223169g/manifest.json'
For more information check: https://developer.mozilla.org/en-US/docs/Web/HTTP/Status/403",2026-07-17T19:46:27.856762
canardenchaine,bpt6k12231704,,failed,0,0,,http_manifest,known,403,manifest,"Client error '403 ' for url 'https://openapiproext.bnf.fr/iiif/presentation/v3/ark:/12148/bpt6k12231704/manifest.json'
For more information check: https://developer.mozilla.org/en-US/docs/Web/HTTP/Status/403",2026-07-17T19:46:29.059445
canardenchaine,bpt6k1223171j,,failed,0,0,,http_manifest,known,403,manifest,"Client error '403 ' for url 'https://openapiproext.bnf.fr/iiif/presentation/v3/ark:/12148/bpt6k1223171j/manifest.json'
For more information check: https://developer.mozilla.org/en-US/docs/Web/HTTP/Status/403",2026-07-17T19:46:30.259905
canardenchaine,bpt6k1223172z,,failed,0,0,,http_manifest,known,403,manifest,"Client error '403 ' for url 'https://openapiproext.bnf.fr/iiif/presentation/v3/ark:/12148/bpt6k1223172z/manifest.json'
For more information check: https://developer.mozilla.org/en-US/docs/Web/HTTP/Status/403",2026-07-17T19:46:31.500116
canardenchaine,bpt6k1223173c,,failed,0,0,,http_manifest,known,403,manifest,"Client error '403 ' for url 'https://openapiproext.bnf.fr/iiif/presentation/v3/ark:/12148/bpt6k1223173c/manifest.json'
For more information check: https://developer.mozilla.org/en-US/docs/Web/HTTP/Status/403",2026-07-17T19:46:32.661082
canardenchaine,bpt6k1223174s,,failed,0,0,,http_manifest,known,403,manifest,"Client error '403 ' for url 'https://openapiproext.bnf.fr/iiif/presentation/v3/ark:/12148/bpt6k1223174s/manifest.json'
For more information check: https://developer.mozilla.org/en-US/docs/Web/HTTP/Status/403",2026-07-17T19:46:33.863008
canardenchaine,bpt6k12231756,,failed,0,0,,http_manifest,known,403,manifest,"Client error '403 ' for url 'https://openapiproext.bnf.fr/iiif/presentation/v3/ark:/12148/bpt6k12231756/manifest.json'
For more information check: https://developer.mozilla.org/en-US/docs/Web/HTTP/Status/403",2026-07-17T19:46:35.067689
canardenchaine,bpt6k1223176m,,failed,0,0,,http_manifest,known,403,manifest,"Client error '403 ' for url 'https://openapiproext.bnf.fr/iiif/presentation/v3/ark:/12148/bpt6k1223176m/manifest.json'
For more information check: https://developer.mozilla.org/en-US/docs/Web/HTTP/Status/403",2026-07-17T19:46:36.266161
canardenchaine,bpt6k12231771,,failed,0,0,,http_manifest,known,403,manifest,"Client error '403 ' for url 'https://openapiproext.bnf.fr/iiif/presentation/v3/ark:/12148/bpt6k12231771/manifest.json'
For more information check: https://developer.mozilla.org/en-US/docs/Web/HTTP/Status/403",2026-07-17T19:46:37.491576
canardenchaine,bpt6k1223178f,,failed,0,0,,http_manifest,known,403,manifest,"Client error '403 ' for url 'https://openapiproext.bnf.fr/iiif/presentation/v3/ark:/12148/bpt6k1223178f/manifest.json'
For more information check: https://developer.mozilla.org/en-US/docs/Web/HTTP/Status/403",2026-07-17T19:46:38.670833
canardenchaine,bpt6k1223179v,,failed,0,0,,http_manifest,known,403,manifest,"Client error '403 ' for url 'https://openapiproext.bnf.fr/iiif/presentation/v3/ark:/12148/bpt6k1223179v/manifest.json'
For more information check: https://developer.mozilla.org/en-US/docs/Web/HTTP/Status/403",2026-07-17T19:46:39.869740
canardenchaine,bpt6k1223180h,,failed,0,0,,http_manifest,known,403,manifest,"Client error '403 ' for url 'https://openapiproext.bnf.fr/iiif/presentation/v3/ark:/12148/bpt6k1223180h/manifest.json'
For more information check: https://developer.mozilla.org/en-US/docs/Web/HTTP/Status/403",2026-07-17T19:46:41.073710
canardenchaine,bpt6k1223181x,,failed,0,0,,http_manifest,known,403,manifest,"Client error '403 ' for url 'https://openapiproext.bnf.fr/iiif/presentation/v3/ark:/12148/bpt6k1223181x/manifest.json'
For more information check: https://developer.mozilla.org/en-US/docs/Web/HTTP/Status/403",2026-07-17T19:46:42.274821
canardenchaine,bpt6k1223182b,,failed,0,0,,http_manifest,known,403,manifest,"Client error '403 ' for url 'https://openapiproext.bnf.fr/iiif/presentation/v3/ark:/12148/bpt6k1223182b/manifest.json'
For more information check: https://developer.mozilla.org/en-US/docs/Web/HTTP/Status/403",2026-07-17T19:46:43.479421
canardenchaine,bpt6k1223183r,,failed,0,0,,http_manifest,known,403,manifest,"Client error '403 ' for url 'https://openapiproext.bnf.fr/iiif/presentation/v3/ark:/12148/bpt6k1223183r/manifest.json'
For more information check: https://developer.mozilla.org/en-US/docs/Web/HTTP/Status/403",2026-07-17T19:46:44.675560
canardenchaine,bpt6k12231845,,failed,0,0,,http_manifest,known,403,manifest,"Client error '403 ' for url 'https://openapiproext.bnf.fr/iiif/presentation/v3/ark:/12148/bpt6k12231845/manifest.json'
For more information check: https://developer.mozilla.org/en-US/docs/Web/HTTP/Status/403",2026-07-17T19:46:45.883634
canardenchaine,bpt6k1223185k,,failed,0,0,,http_manifest,known,403,manifest,"Client error '403 ' for url 'https://openapiproext.bnf.fr/iiif/presentation/v3/ark:/12148/bpt6k1223185k/manifest.json'
For more information check: https://developer.mozilla.org/en-US/docs/Web/HTTP/Status/403",2026-07-17T19:46:47.080149
canardenchaine,bpt6k12231860,,failed,0,0,,http_manifest,known,403,manifest,"Client error '403 ' for url 'https://openapiproext.bnf.fr/iiif/presentation/v3/ark:/12148/bpt6k12231860/manifest.json'
For more information check: https://developer.mozilla.org/en-US/docs/Web/HTTP/Status/403",2026-07-17T19:46:48.281522
canardenchaine,bpt6k1223187d,,failed,0,0,,http_manifest,known,403,manifest,"Client error '403 ' for url 'https://openapiproext.bnf.fr/iiif/presentation/v3/ark:/12148/bpt6k1223187d/manifest.json'
For more information check: https://developer.mozilla.org/en-US/docs/Web/HTTP/Status/403",2026-07-17T19:46:49.510006
canardenchaine,bpt6k1223188t,,failed,0,0,,http_manifest,known,403,manifest,"Client error '403 ' for url 'https://openapiproext.bnf.fr/iiif/presentation/v3/ark:/12148/bpt6k1223188t/manifest.json'
For more information check: https://developer.mozilla.org/en-US/docs/Web/HTTP/Status/403",2026-07-17T19:46:50.684222
canardenchaine,bpt6k12231897,,failed,0,0,,http_manifest,known,403,manifest,"Client error '403 ' for url 'https://openapiproext.bnf.fr/iiif/presentation/v3/ark:/12148/bpt6k12231897/manifest.json'
For more information check: https://developer.mozilla.org/en-US/docs/Web/HTTP/Status/403",2026-07-17T19:46:51.886903
canardenchaine,bpt6k1223190w,,failed,0,0,,http_manifest,known,403,manifest,"Client error '403 ' for url 'https://openapiproext.bnf.fr/iiif/presentation/v3/ark:/12148/bpt6k1223190w/manifest.json'
For more information check: https://developer.mozilla.org/en-US/docs/Web/HTTP/Status/403",2026-07-17T19:46:53.090437
canardenchaine,bpt6k12231919,,failed,0,0,,http_manifest,known,403,manifest,"Client error '403 ' for url 'https://openapiproext.bnf.fr/iiif/presentation/v3/ark:/12148/bpt6k12231919/manifest.json'
For more information check: https://developer.mozilla.org/en-US/docs/Web/HTTP/Status/403",2026-07-17T19:46:54.294058
canardenchaine,bpt6k1223192q,,failed,0,0,,http_manifest,known,403,manifest,"Client error '403 ' for url 'https://openapiproext.bnf.fr/iiif/presentation/v3/ark:/12148/bpt6k1223192q/manifest.json'
For more information check: https://developer.mozilla.org/en-US/docs/Web/HTTP/Status/403",2026-07-17T19:46:55.491458
canardenchaine,bpt6k1222686d,,failed,0,0,,http_manifest,known,403,manifest,"Client error '403 ' for url 'https://openapiproext.bnf.fr/iiif/presentation/v3/ark:/12148/bpt6k1222686d/manifest.json'
For more information check: https://developer.mozilla.org/en-US/docs/Web/HTTP/Status/403",2026-07-17T19:46:56.694003
canardenchaine,bpt6k1222687t,,failed,0,0,,http_manifest,known,403,manifest,"Client error '403 ' for url 'https://openapiproext.bnf.fr/iiif/presentation/v3/ark:/12148/bpt6k1222687t/manifest.json'
For more information check: https://developer.mozilla.org/en-US/docs/Web/HTTP/Status/403",2026-07-17T19:46:58.064171
canardenchaine,bpt6k12226887,,failed,0,0,,http_manifest,known,403,manifest,"Client error '403 ' for url 'https://openapiproext.bnf.fr/iiif/presentation/v3/ark:/12148/bpt6k12226887/manifest.json'
For more information check: https://developer.mozilla.org/en-US/docs/Web/HTTP/Status/403",2026-07-17T19:46:59.204998
canardenchaine,bpt6k1222689n,,failed,0,0,,http_manifest,known,403,manifest,"Client error '403 ' for url 'https://openapiproext.bnf.fr/iiif/presentation/v3/ark:/12148/bpt6k1222689n/manifest.json'
For more information check: https://developer.mozilla.org/en-US/docs/Web/HTTP/Status/403",2026-07-17T19:47:00.399047
canardenchaine,bpt6k12226909,,failed,0,0,,http_manifest,known,403,manifest,"Client error '403 ' for url 'https://openapiproext.bnf.fr/iiif/presentation/v3/ark:/12148/bpt6k12226909/manifest.json'
For more information check: https://developer.mozilla.org/en-US/docs/Web/HTTP/Status/403",2026-07-17T19:47:01.636178
canardenchaine,bpt6k1222691q,,failed,0,0,,http_manifest,known,403,manifest,"Client error '403 ' for url 'https://openapiproext.bnf.fr/iiif/presentation/v3/ark:/12148/bpt6k1222691q/manifest.json'
For more information check: https://developer.mozilla.org/en-US/docs/Web/HTTP/Status/403",2026-07-17T19:47:02.796433
canardenchaine,bpt6k12226924,,failed,0,0,,http_manifest,known,403,manifest,"Client error '403 ' for url 'https://openapiproext.bnf.fr/iiif/presentation/v3/ark:/12148/bpt6k12226924/manifest.json'
For more information check: https://developer.mozilla.org/en-US/docs/Web/HTTP/Status/403",2026-07-17T19:47:03.902451
canardenchaine,bpt6k1222693j,,failed,0,0,,http_manifest,known,403,manifest,"Client error '403 ' for url 'https://openapiproext.bnf.fr/iiif/presentation/v3/ark:/12148/bpt6k1222693j/manifest.json'
For more information check: https://developer.mozilla.org/en-US/docs/Web/HTTP/Status/403",2026-07-17T19:47:05.111016
canardenchaine,bpt6k1222694z,,failed,0,0,,http_manifest,known,403,manifest,"Client error '403 ' for url 'https://openapiproext.bnf.fr/iiif/presentation/v3/ark:/12148/bpt6k1222694z/manifest.json'
For more information check: https://developer.mozilla.org/en-US/docs/Web/HTTP/Status/403",2026-07-17T19:47:06.413048
canardenchaine,bpt6k1222695c,,failed,0,0,,http_manifest,known,403,manifest,"Client error '403 ' for url 'https://openapiproext.bnf.fr/iiif/presentation/v3/ark:/12148/bpt6k1222695c/manifest.json'
For more information check: https://developer.mozilla.org/en-US/docs/Web/HTTP/Status/403",2026-07-17T19:47:07.506713
canardenchaine,bpt6k1222696s,,failed,0,0,,http_manifest,known,403,manifest,"Client error '403 ' for url 'https://openapiproext.bnf.fr/iiif/presentation/v3/ark:/12148/bpt6k1222696s/manifest.json'
For more information check: https://developer.mozilla.org/en-US/docs/Web/HTTP/Status/403",2026-07-17T19:47:08.707677
canardenchaine,bpt6k12226976,,failed,0,0,,http_manifest,known,403,manifest,"Client error '403 ' for url 'https://openapiproext.bnf.fr/iiif/presentation/v3/ark:/12148/bpt6k12226976/manifest.json'
For more information check: https://developer.mozilla.org/en-US/docs/Web/HTTP/Status/403",2026-07-17T19:47:10.088854
canardenchaine,bpt6k1222698m,,failed,0,0,,http_manifest,known,403,manifest,"Client error '403 ' for url 'https://openapiproext.bnf.fr/iiif/presentation/v3/ark:/12148/bpt6k1222698m/manifest.json'
For more information check: https://developer.mozilla.org/en-US/docs/Web/HTTP/Status/403",2026-07-17T19:47:11.245094
canardenchaine,bpt6k12226991,,failed,0,0,,http_manifest,known,403,manifest,"Client error '403 ' for url 'https://openapiproext.bnf.fr/iiif/presentation/v3/ark:/12148/bpt6k12226991/manifest.json'
For more information check: https://developer.mozilla.org/en-US/docs/Web/HTTP/Status/403",2026-07-17T19:47:12.534810
canardenchaine,bpt6k12227007,,failed,0,0,,http_manifest,known,403,manifest,"Client error '403 ' for url 'https://openapiproext.bnf.fr/iiif/presentation/v3/ark:/12148/bpt6k12227007/manifest.json'
For more information check: https://developer.mozilla.org/en-US/docs/Web/HTTP/Status/403",2026-07-17T19:47:13.611131
canardenchaine,bpt6k1222701n,,failed,0,0,,http_manifest,known,403,manifest,"Client error '403 ' for url 'https://openapiproext.bnf.fr/iiif/presentation/v3/ark:/12148/bpt6k1222701n/manifest.json'
For more information check: https://developer.mozilla.org/en-US/docs/Web/HTTP/Status/403",2026-07-17T19:47:14.919564
canardenchaine,bpt6k12227022,,failed,0,0,,http_manifest,known,403,manifest,"Client error '403 ' for url 'https://openapiproext.bnf.fr/iiif/presentation/v3/ark:/12148/bpt6k12227022/manifest.json'
For more information check: https://developer.mozilla.org/en-US/docs/Web/HTTP/Status/403",2026-07-17T19:47:16.174165
canardenchaine,bpt6k1222703g,,failed,0,0,,http_manifest,known,403,manifest,"Client error '403 ' for url 'https://openapiproext.bnf.fr/iiif/presentation/v3/ark:/12148/bpt6k1222703g/manifest.json'
For more information check: https://developer.mozilla.org/en-US/docs/Web/HTTP/Status/403",2026-07-17T19:47:17.196590
canardenchaine,bpt6k1222704w,,failed,0,0,,http_manifest,known,403,manifest,"Client error '403 ' for url 'https://openapiproext.bnf.fr/iiif/presentation/v3/ark:/12148/bpt6k1222704w/manifest.json'
For more information check: https://developer.mozilla.org/en-US/docs/Web/HTTP/Status/403",2026-07-17T19:47:18.475741
canardenchaine,bpt6k12227059,,failed,0,0,,http_manifest,known,403,manifest,"Client error '403 ' for url 'https://openapiproext.bnf.fr/iiif/presentation/v3/ark:/12148/bpt6k12227059/manifest.json'
For more information check: https://developer.mozilla.org/en-US/docs/Web/HTTP/Status/403",2026-07-17T19:47:19.519407
canardenchaine,bpt6k1222706q,,failed,0,0,,http_manifest,known,403,manifest,"Client error '403 ' for url 'https://openapiproext.bnf.fr/iiif/presentation/v3/ark:/12148/bpt6k1222706q/manifest.json'
For more information check: https://developer.mozilla.org/en-US/docs/Web/HTTP/Status/403",2026-07-17T19:47:20.720832
canardenchaine,bpt6k12227074,,failed,0,0,,http_manifest,known,403,manifest,"Client error '403 ' for url 'https://openapiproext.bnf.fr/iiif/presentation/v3/ark:/12148/bpt6k12227074/manifest.json'
For more information check: https://developer.mozilla.org/en-US/docs/Web/HTTP/Status/403",2026-07-17T19:47:21.923480
canardenchaine,bpt6k1222708j,,failed,0,0,,http_manifest,known,403,manifest,"Client error '403 ' for url 'https://openapiproext.bnf.fr/iiif/presentation/v3/ark:/12148/bpt6k1222708j/manifest.json'
For more information check: https://developer.mozilla.org/en-US/docs/Web/HTTP/Status/403",2026-07-17T19:47:23.123035
canardenchaine,bpt6k1222709z,,failed,0,0,,http_manifest,known,403,manifest,"Client error '403 ' for url 'https://openapiproext.bnf.fr/iiif/presentation/v3/ark:/12148/bpt6k1222709z/manifest.json'
For more information check: https://developer.mozilla.org/en-US/docs/Web/HTTP/Status/403",2026-07-17T19:47:24.326406
canardenchaine,bpt6k1222710m,,failed,0,0,,http_manifest,known,403,manifest,"Client error '403 ' for url 'https://openapiproext.bnf.fr/iiif/presentation/v3/ark:/12148/bpt6k1222710m/manifest.json'
For more information check: https://developer.mozilla.org/en-US/docs/Web/HTTP/Status/403",2026-07-17T19:47:25.526727
canardenchaine,bpt6k12227111,,failed,0,0,,http_manifest,known,403,manifest,"Client error '403 ' for url 'https://openapiproext.bnf.fr/iiif/presentation/v3/ark:/12148/bpt6k12227111/manifest.json'
For more information check: https://developer.mozilla.org/en-US/docs/Web/HTTP/Status/403",2026-07-17T19:47:26.728125
canardenchaine,bpt6k1222712f,,failed,0,0,,http_manifest,known,403,manifest,"Client error '403 ' for url 'https://openapiproext.bnf.fr/iiif/presentation/v3/ark:/12148/bpt6k1222712f/manifest.json'
For more information check: https://developer.mozilla.org/en-US/docs/Web/HTTP/Status/403",2026-07-17T19:47:27.930569
canardenchaine,bpt6k1222713v,,failed,0,0,,http_manifest,known,403,manifest,"Client error '403 ' for url 'https://openapiproext.bnf.fr/iiif/presentation/v3/ark:/12148/bpt6k1222713v/manifest.json'
For more information check: https://developer.mozilla.org/en-US/docs/Web/HTTP/Status/403",2026-07-17T19:47:29.132394
canardenchaine,bpt6k12227148,,failed,0,0,,http_manifest,known,403,manifest,"Client error '403 ' for url 'https://openapiproext.bnf.fr/iiif/presentation/v3/ark:/12148/bpt6k12227148/manifest.json'
For more information check: https://developer.mozilla.org/en-US/docs/Web/HTTP/Status/403",2026-07-17T19:47:30.359240
canardenchaine,bpt6k1222715p,,failed,0,0,,http_manifest,known,403,manifest,"Client error '403 ' for url 'https://openapiproext.bnf.fr/iiif/presentation/v3/ark:/12148/bpt6k1222715p/manifest.json'
For more information check: https://developer.mozilla.org/en-US/docs/Web/HTTP/Status/403",2026-07-17T19:47:31.534749
canardenchaine,bpt6k12227163,,failed,0,0,,http_manifest,known,403,manifest,"Client error '403 ' for url 'https://openapiproext.bnf.fr/iiif/presentation/v3/ark:/12148/bpt6k12227163/manifest.json'
For more information check: https://developer.mozilla.org/en-US/docs/Web/HTTP/Status/403",2026-07-17T19:47:32.737566
canardenchaine,bpt6k1222717h,,failed,0,0,,http_manifest,known,403,manifest,"Client error '403 ' for url 'https://openapiproext.bnf.fr/iiif/presentation/v3/ark:/12148/bpt6k1222717h/manifest.json'
For more information check: https://developer.mozilla.org/en-US/docs/Web/HTTP/Status/403",2026-07-17T19:47:33.938487
canardenchaine,bpt6k1222718x,,failed,0,0,,http_manifest,known,403,manifest,"Client error '403 ' for url 'https://openapiproext.bnf.fr/iiif/presentation/v3/ark:/12148/bpt6k1222718x/manifest.json'
For more information check: https://developer.mozilla.org/en-US/docs/Web/HTTP/Status/403",2026-07-17T19:47:35.139848
canardenchaine,bpt6k1222719b,,failed,0,0,,http_manifest,known,403,manifest,"Client error '403 ' for url 'https://openapiproext.bnf.fr/iiif/presentation/v3/ark:/12148/bpt6k1222719b/manifest.json'
For more information check: https://developer.mozilla.org/en-US/docs/Web/HTTP/Status/403",2026-07-17T19:47:36.340638
canardenchaine,bpt6k12227200,,failed,0,0,,http_manifest,known,403,manifest,"Client error '403 ' for url 'https://openapiproext.bnf.fr/iiif/presentation/v3/ark:/12148/bpt6k12227200/manifest.json'
For more information check: https://developer.mozilla.org/en-US/docs/Web/HTTP/Status/403",2026-07-17T19:47:37.539944
canardenchaine,bpt6k1222721d,,failed,0,0,,http_manifest,known,403,manifest,"Client error '403 ' for url 'https://openapiproext.bnf.fr/iiif/presentation/v3/ark:/12148/bpt6k1222721d/manifest.json'
For more information check: https://developer.mozilla.org/en-US/docs/Web/HTTP/Status/403",2026-07-17T19:47:38.744115
canardenchaine,bpt6k1222722t,,failed,0,0,,http_manifest,known,403,manifest,"Client error '403 ' for url 'https://openapiproext.bnf.fr/iiif/presentation/v3/ark:/12148/bpt6k1222722t/manifest.json'
For more information check: https://developer.mozilla.org/en-US/docs/Web/HTTP/Status/403",2026-07-17T19:47:39.946643
canardenchaine,bpt6k12227237,,failed,0,0,,http_manifest,known,403,manifest,"Client error '403 ' for url 'https://openapiproext.bnf.fr/iiif/presentation/v3/ark:/12148/bpt6k12227237/manifest.json'
For more information check: https://developer.mozilla.org/en-US/docs/Web/HTTP/Status/403",2026-07-17T19:47:41.147245
canardenchaine,bpt6k1222724n,,failed,0,0,,http_manifest,known,403,manifest,"Client error '403 ' for url 'https://openapiproext.bnf.fr/iiif/presentation/v3/ark:/12148/bpt6k1222724n/manifest.json'
For more information check: https://developer.mozilla.org/en-US/docs/Web/HTTP/Status/403",2026-07-17T19:47:42.352329
canardenchaine,bpt6k12227252,,failed,0,0,,http_manifest,known,403,manifest,"Client error '403 ' for url 'https://openapiproext.bnf.fr/iiif/presentation/v3/ark:/12148/bpt6k12227252/manifest.json'
For more information check: https://developer.mozilla.org/en-US/docs/Web/HTTP/Status/403",2026-07-17T19:47:43.548131
canardenchaine,bpt6k1222726g,,failed,0,0,,http_manifest,known,403,manifest,"Client error '403 ' for url 'https://openapiproext.bnf.fr/iiif/presentation/v3/ark:/12148/bpt6k1222726g/manifest.json'
For more information check: https://developer.mozilla.org/en-US/docs/Web/HTTP/Status/403",2026-07-17T19:47:44.797885
canardenchaine,bpt6k1222727w,,failed,0,0,,http_manifest,known,403,manifest,"Client error '403 ' for url 'https://openapiproext.bnf.fr/iiif/presentation/v3/ark:/12148/bpt6k1222727w/manifest.json'
For more information check: https://developer.mozilla.org/en-US/docs/Web/HTTP/Status/403",2026-07-17T19:47:45.953257
canardenchaine,bpt6k12227289,,failed,0,0,,http_manifest,known,403,manifest,"Client error '403 ' for url 'https://openapiproext.bnf.fr/iiif/presentation/v3/ark:/12148/bpt6k12227289/manifest.json'
For more information check: https://developer.mozilla.org/en-US/docs/Web/HTTP/Status/403",2026-07-17T19:47:47.155421
canardenchaine,bpt6k1222729q,,failed,0,0,,http_manifest,known,403,manifest,"Client error '403 ' for url 'https://openapiproext.bnf.fr/iiif/presentation/v3/ark:/12148/bpt6k1222729q/manifest.json'
For more information check: https://developer.mozilla.org/en-US/docs/Web/HTTP/Status/403",2026-07-17T19:47:48.357366
canardenchaine,bpt6k1222730c,,failed,0,0,,http_manifest,known,403,manifest,"Client error '403 ' for url 'https://openapiproext.bnf.fr/iiif/presentation/v3/ark:/12148/bpt6k1222730c/manifest.json'
For more information check: https://developer.mozilla.org/en-US/docs/Web/HTTP/Status/403",2026-07-17T19:47:49.559726
canardenchaine,bpt6k1222731s,,failed,0,0,,http_manifest,known,403,manifest,"Client error '403 ' for url 'https://openapiproext.bnf.fr/iiif/presentation/v3/ark:/12148/bpt6k1222731s/manifest.json'
For more information check: https://developer.mozilla.org/en-US/docs/Web/HTTP/Status/403",2026-07-17T19:47:50.771016
canardenchaine,bpt6k12227326,,failed,0,0,,http_manifest,known,403,manifest,"Client error '403 ' for url 'https://openapiproext.bnf.fr/iiif/presentation/v3/ark:/12148/bpt6k12227326/manifest.json'
For more information check: https://developer.mozilla.org/en-US/docs/Web/HTTP/Status/403",2026-07-17T19:47:51.962206
canardenchaine,bpt6k1222733m,,failed,0,0,,http_manifest,known,403,manifest,"Client error '403 ' for url 'https://openapiproext.bnf.fr/iiif/presentation/v3/ark:/12148/bpt6k1222733m/manifest.json'
For more information check: https://developer.mozilla.org/en-US/docs/Web/HTTP/Status/403",2026-07-17T19:47:53.172717
canardenchaine,bpt6k12227341,,failed,0,0,,http_manifest,known,403,manifest,"Client error '403 ' for url 'https://openapiproext.bnf.fr/iiif/presentation/v3/ark:/12148/bpt6k12227341/manifest.json'
For more information check: https://developer.mozilla.org/en-US/docs/Web/HTTP/Status/403",2026-07-17T19:47:54.367191
canardenchaine,bpt6k1222735f,,failed,0,0,,http_manifest,known,403,manifest,"Client error '403 ' for url 'https://openapiproext.bnf.fr/iiif/presentation/v3/ark:/12148/bpt6k1222735f/manifest.json'
For more information check: https://developer.mozilla.org/en-US/docs/Web/HTTP/Status/403",2026-07-17T19:47:55.568863
canardenchaine,bpt6k1222736v,,failed,0,0,,http_manifest,known,403,manifest,"Client error '403 ' for url 'https://openapiproext.bnf.fr/iiif/presentation/v3/ark:/12148/bpt6k1222736v/manifest.json'
For more information check: https://developer.mozilla.org/en-US/docs/Web/HTTP/Status/403",2026-07-17T19:47:56.792607
canardenchaine,bpt6k12227378,,failed,0,0,,http_manifest,known,403,manifest,"Client error '403 ' for url 'https://openapiproext.bnf.fr/iiif/presentation/v3/ark:/12148/bpt6k12227378/manifest.json'
For more information check: https://developer.mozilla.org/en-US/docs/Web/HTTP/Status/403",2026-07-17T19:47:57.984562
canardenchaine,bpt6k1222738p,,failed,0,0,,http_manifest,known,403,manifest,"Client error '403 ' for url 'https://openapiproext.bnf.fr/iiif/presentation/v3/ark:/12148/bpt6k1222738p/manifest.json'
For more information check: https://developer.mozilla.org/en-US/docs/Web/HTTP/Status/403",2026-07-17T19:47:59.395325
canardenchaine,bpt6k12227393,,failed,0,0,,http_manifest,known,403,manifest,"Client error '403 ' for url 'https://openapiproext.bnf.fr/iiif/presentation/v3/ark:/12148/bpt6k12227393/manifest.json'
For more information check: https://developer.mozilla.org/en-US/docs/Web/HTTP/Status/403",2026-07-17T19:48:00.398710
canardenchaine,bpt6k1222740r,,failed,0,0,,http_manifest,known,403,manifest,"Client error '403 ' for url 'https://openapiproext.bnf.fr/iiif/presentation/v3/ark:/12148/bpt6k1222740r/manifest.json'
For more information check: https://developer.mozilla.org/en-US/docs/Web/HTTP/Status/403",2026-07-17T19:48:01.576093
canardenchaine,bpt6k12227415,,failed,0,0,,http_manifest,known,403,manifest,"Client error '403 ' for url 'https://openapiproext.bnf.fr/iiif/presentation/v3/ark:/12148/bpt6k12227415/manifest.json'
For more information check: https://developer.mozilla.org/en-US/docs/Web/HTTP/Status/403",2026-07-17T19:48:02.779591
canardenchaine,bpt6k1222742k,,failed,0,0,,http_manifest,known,403,manifest,"Client error '403 ' for url 'https://openapiproext.bnf.fr/iiif/presentation/v3/ark:/12148/bpt6k1222742k/manifest.json'
For more information check: https://developer.mozilla.org/en-US/docs/Web/HTTP/Status/403",2026-07-17T19:48:04.078996
canardenchaine,bpt6k12227430,,failed,0,0,,http_manifest,known,403,manifest,"Client error '403 ' for url 'https://openapiproext.bnf.fr/iiif/presentation/v3/ark:/12148/bpt6k12227430/manifest.json'
For more information check: https://developer.mozilla.org/en-US/docs/Web/HTTP/Status/403",2026-07-17T19:48:05.410406
canardenchaine,bpt6k1222744d,,failed,0,0,,http_manifest,known,403,manifest,"Client error '403 ' for url 'https://openapiproext.bnf.fr/iiif/presentation/v3/ark:/12148/bpt6k1222744d/manifest.json'
For more information check: https://developer.mozilla.org/en-US/docs/Web/HTTP/Status/403",2026-07-17T19:48:06.626867
canardenchaine,bpt6k1222745t,,failed,0,0,,http_manifest,known,403,manifest,"Client error '403 ' for url 'https://openapiproext.bnf.fr/iiif/presentation/v3/ark:/12148/bpt6k1222745t/manifest.json'
For more information check: https://developer.mozilla.org/en-US/docs/Web/HTTP/Status/403",2026-07-17T19:48:07.604912
canardenchaine,bpt6k12227467,,failed,0,0,,http_manifest,known,403,manifest,"Client error '403 ' for url 'https://openapiproext.bnf.fr/iiif/presentation/v3/ark:/12148/bpt6k12227467/manifest.json'
For more information check: https://developer.mozilla.org/en-US/docs/Web/HTTP/Status/403",2026-07-17T19:48:08.933056
canardenchaine,bpt6k1222747n,,failed,0,0,,http_manifest,known,403,manifest,"Client error '403 ' for url 'https://openapiproext.bnf.fr/iiif/presentation/v3/ark:/12148/bpt6k1222747n/manifest.json'
For more information check: https://developer.mozilla.org/en-US/docs/Web/HTTP/Status/403",2026-07-17T19:48:10.113148
canardenchaine,bpt6k12227482,,failed,0,0,,http_manifest,known,403,manifest,"Client error '403 ' for url 'https://openapiproext.bnf.fr/iiif/presentation/v3/ark:/12148/bpt6k12227482/manifest.json'
For more information check: https://developer.mozilla.org/en-US/docs/Web/HTTP/Status/403",2026-07-17T19:48:11.383869
canardenchaine,bpt6k1222749g,,failed,0,0,,http_manifest,known,403,manifest,"Client error '403 ' for url 'https://openapiproext.bnf.fr/iiif/presentation/v3/ark:/12148/bpt6k1222749g/manifest.json'
For more information check: https://developer.mozilla.org/en-US/docs/Web/HTTP/Status/403",2026-07-17T19:48:12.656430
canardenchaine,bpt6k12227504,,failed,0,0,,http_manifest,known,403,manifest,"Client error '403 ' for url 'https://openapiproext.bnf.fr/iiif/presentation/v3/ark:/12148/bpt6k12227504/manifest.json'
For more information check: https://developer.mozilla.org/en-US/docs/Web/HTTP/Status/403",2026-07-17T19:48:13.826529
canardenchaine,bpt6k1222751j,,failed,0,0,,http_manifest,known,403,manifest,"Client error '403 ' for url 'https://openapiproext.bnf.fr/iiif/presentation/v3/ark:/12148/bpt6k1222751j/manifest.json'
For more information check: https://developer.mozilla.org/en-US/docs/Web/HTTP/Status/403",2026-07-17T19:48:14.859991
canardenchaine,bpt6k1222752z,,failed,0,0,,http_manifest,known,403,manifest,"Client error '403 ' for url 'https://openapiproext.bnf.fr/iiif/presentation/v3/ark:/12148/bpt6k1222752z/manifest.json'
For more information check: https://developer.mozilla.org/en-US/docs/Web/HTTP/Status/403",2026-07-17T19:48:16.029377
canardenchaine,bpt6k1222753c,,failed,0,0,,http_manifest,known,403,manifest,"Client error '403 ' for url 'https://openapiproext.bnf.fr/iiif/presentation/v3/ark:/12148/bpt6k1222753c/manifest.json'
For more information check: https://developer.mozilla.org/en-US/docs/Web/HTTP/Status/403",2026-07-17T19:48:17.450907
canardenchaine,bpt6k1222754s,,failed,0,0,,http_manifest,known,403,manifest,"Client error '403 ' for url 'https://openapiproext.bnf.fr/iiif/presentation/v3/ark:/12148/bpt6k1222754s/manifest.json'
For more information check: https://developer.mozilla.org/en-US/docs/Web/HTTP/Status/403",2026-07-17T19:48:18.505676
canardenchaine,bpt6k12227556,,failed,0,0,,http_manifest,known,403,manifest,"Client error '403 ' for url 'https://openapiproext.bnf.fr/iiif/presentation/v3/ark:/12148/bpt6k12227556/manifest.json'
For more information check: https://developer.mozilla.org/en-US/docs/Web/HTTP/Status/403",2026-07-17T19:48:19.599685
canardenchaine,bpt6k1222756m,,failed,0,0,,http_manifest,known,403,manifest,"Client error '403 ' for url 'https://openapiproext.bnf.fr/iiif/presentation/v3/ark:/12148/bpt6k1222756m/manifest.json'
For more information check: https://developer.mozilla.org/en-US/docs/Web/HTTP/Status/403",2026-07-17T19:48:20.803915
canardenchaine,bpt6k12227571,,failed,0,0,,http_manifest,known,403,manifest,"Client error '403 ' for url 'https://openapiproext.bnf.fr/iiif/presentation/v3/ark:/12148/bpt6k12227571/manifest.json'
For more information check: https://developer.mozilla.org/en-US/docs/Web/HTTP/Status/403",2026-07-17T19:48:22.003904
canardenchaine,bpt6k1222758f,,failed,0,0,,http_manifest,known,403,manifest,"Client error '403 ' for url 'https://openapiproext.bnf.fr/iiif/presentation/v3/ark:/12148/bpt6k1222758f/manifest.json'
For more information check: https://developer.mozilla.org/en-US/docs/Web/HTTP/Status/403",2026-07-17T19:48:23.211743
canardenchaine,bpt6k1222759v,,failed,0,0,,http_manifest,known,403,manifest,"Client error '403 ' for url 'https://openapiproext.bnf.fr/iiif/presentation/v3/ark:/12148/bpt6k1222759v/manifest.json'
For more information check: https://developer.mozilla.org/en-US/docs/Web/HTTP/Status/403",2026-07-17T19:48:24.407437
canardenchaine,bpt6k1222760h,,failed,0,0,,http_manifest,known,403,manifest,"Client error '403 ' for url 'https://openapiproext.bnf.fr/iiif/presentation/v3/ark:/12148/bpt6k1222760h/manifest.json'
For more information check: https://developer.mozilla.org/en-US/docs/Web/HTTP/Status/403",2026-07-17T19:48:25.608570
canardenchaine,bpt6k1222761x,,failed,0,0,,http_manifest,known,403,manifest,"Client error '403 ' for url 'https://openapiproext.bnf.fr/iiif/presentation/v3/ark:/12148/bpt6k1222761x/manifest.json'
For more information check: https://developer.mozilla.org/en-US/docs/Web/HTTP/Status/403",2026-07-17T19:48:26.807890
canardenchaine,bpt6k1222762b,,failed,0,0,,http_manifest,known,403,manifest,"Client error '403 ' for url 'https://openapiproext.bnf.fr/iiif/presentation/v3/ark:/12148/bpt6k1222762b/manifest.json'
For more information check: https://developer.mozilla.org/en-US/docs/Web/HTTP/Status/403",2026-07-17T19:48:28.012157
canardenchaine,bpt6k1222763r,,failed,0,0,,http_manifest,known,403,manifest,"Client error '403 ' for url 'https://openapiproext.bnf.fr/iiif/presentation/v3/ark:/12148/bpt6k1222763r/manifest.json'
For more information check: https://developer.mozilla.org/en-US/docs/Web/HTTP/Status/403",2026-07-17T19:48:29.212892
canardenchaine,bpt6k12227645,,failed,0,0,,http_manifest,known,403,manifest,"Client error '403 ' for url 'https://openapiproext.bnf.fr/iiif/presentation/v3/ark:/12148/bpt6k12227645/manifest.json'
For more information check: https://developer.mozilla.org/en-US/docs/Web/HTTP/Status/403",2026-07-17T19:48:30.414275
canardenchaine,bpt6k1222765k,,failed,0,0,,http_manifest,known,403,manifest,"Client error '403 ' for url 'https://openapiproext.bnf.fr/iiif/presentation/v3/ark:/12148/bpt6k1222765k/manifest.json'
For more information check: https://developer.mozilla.org/en-US/docs/Web/HTTP/Status/403",2026-07-17T19:48:31.616404
canardenchaine,bpt6k12227660,,failed,0,0,,http_manifest,known,403,manifest,"Client error '403 ' for url 'https://openapiproext.bnf.fr/iiif/presentation/v3/ark:/12148/bpt6k12227660/manifest.json'
For more information check: https://developer.mozilla.org/en-US/docs/Web/HTTP/Status/403",2026-07-17T19:48:32.819189
canardenchaine,bpt6k1222767d,,failed,0,0,,http_manifest,known,403,manifest,"Client error '403 ' for url 'https://openapiproext.bnf.fr/iiif/presentation/v3/ark:/12148/bpt6k1222767d/manifest.json'
For more information check: https://developer.mozilla.org/en-US/docs/Web/HTTP/Status/403",2026-07-17T19:48:34.020038
canardenchaine,bpt6k1222768t,,failed,0,0,,http_manifest,known,403,manifest,"Client error '403 ' for url 'https://openapiproext.bnf.fr/iiif/presentation/v3/ark:/12148/bpt6k1222768t/manifest.json'
For more information check: https://developer.mozilla.org/en-US/docs/Web/HTTP/Status/403",2026-07-17T19:48:35.223619
canardenchaine,bpt6k12227697,,failed,0,0,,http_manifest,known,403,manifest,"Client error '403 ' for url 'https://openapiproext.bnf.fr/iiif/presentation/v3/ark:/12148/bpt6k12227697/manifest.json'
For more information check: https://developer.mozilla.org/en-US/docs/Web/HTTP/Status/403",2026-07-17T19:48:36.446477
canardenchaine,bpt6k1222770w,,failed,0,0,,http_manifest,known,403,manifest,"Client error '403 ' for url 'https://openapiproext.bnf.fr/iiif/presentation/v3/ark:/12148/bpt6k1222770w/manifest.json'
For more information check: https://developer.mozilla.org/en-US/docs/Web/HTTP/Status/403",2026-07-17T19:48:37.628645
canardenchaine,bpt6k12227719,,failed,0,0,,http_manifest,known,403,manifest,"Client error '403 ' for url 'https://openapiproext.bnf.fr/iiif/presentation/v3/ark:/12148/bpt6k12227719/manifest.json'
For more information check: https://developer.mozilla.org/en-US/docs/Web/HTTP/Status/403",2026-07-17T19:48:38.829876
canardenchaine,bpt6k1222772q,,failed,0,0,,http_manifest,known,403,manifest,"Client error '403 ' for url 'https://openapiproext.bnf.fr/iiif/presentation/v3/ark:/12148/bpt6k1222772q/manifest.json'
For more information check: https://developer.mozilla.org/en-US/docs/Web/HTTP/Status/403",2026-07-17T19:48:40.036778
canardenchaine,bpt6k12227734,,failed,0,0,,http_manifest,known,403,manifest,"Client error '403 ' for url 'https://openapiproext.bnf.fr/iiif/presentation/v3/ark:/12148/bpt6k12227734/manifest.json'
For more information check: https://developer.mozilla.org/en-US/docs/Web/HTTP/Status/403",2026-07-17T19:48:41.228999
canardenchaine,bpt6k1222774j,,failed,0,0,,http_manifest,known,403,manifest,"Client error '403 ' for url 'https://openapiproext.bnf.fr/iiif/presentation/v3/ark:/12148/bpt6k1222774j/manifest.json'
For more information check: https://developer.mozilla.org/en-US/docs/Web/HTTP/Status/403",2026-07-17T19:48:42.436090
canardenchaine,bpt6k1222775z,,failed,0,0,,http_manifest,known,403,manifest,"Client error '403 ' for url 'https://openapiproext.bnf.fr/iiif/presentation/v3/ark:/12148/bpt6k1222775z/manifest.json'
For more information check: https://developer.mozilla.org/en-US/docs/Web/HTTP/Status/403",2026-07-17T19:48:43.633483
canardenchaine,bpt6k1222776c,,failed,0,0,,http_manifest,known,403,manifest,"Client error '403 ' for url 'https://openapiproext.bnf.fr/iiif/presentation/v3/ark:/12148/bpt6k1222776c/manifest.json'
For more information check: https://developer.mozilla.org/en-US/docs/Web/HTTP/Status/403",2026-07-17T19:48:44.834033
canardenchaine,bpt6k1222777s,,failed,0,0,,http_manifest,known,403,manifest,"Client error '403 ' for url 'https://openapiproext.bnf.fr/iiif/presentation/v3/ark:/12148/bpt6k1222777s/manifest.json'
For more information check: https://developer.mozilla.org/en-US/docs/Web/HTTP/Status/403",2026-07-17T19:48:46.039315
canardenchaine,bpt6k12227786,,failed,0,0,,http_manifest,known,403,manifest,"Client error '403 ' for url 'https://openapiproext.bnf.fr/iiif/presentation/v3/ark:/12148/bpt6k12227786/manifest.json'
For more information check: https://developer.mozilla.org/en-US/docs/Web/HTTP/Status/403",2026-07-17T19:48:47.240521
canardenchaine,bpt6k1222779m,,failed,0,0,,http_manifest,known,403,manifest,"Client error '403 ' for url 'https://openapiproext.bnf.fr/iiif/presentation/v3/ark:/12148/bpt6k1222779m/manifest.json'
For more information check: https://developer.mozilla.org/en-US/docs/Web/HTTP/Status/403",2026-07-17T19:48:48.464550
canardenchaine,bpt6k12227808,,failed,0,0,,http_manifest,known,403,manifest,"Client error '403 ' for url 'https://openapiproext.bnf.fr/iiif/presentation/v3/ark:/12148/bpt6k12227808/manifest.json'
For more information check: https://developer.mozilla.org/en-US/docs/Web/HTTP/Status/403",2026-07-17T19:48:49.643179
canardenchaine,bpt6k1222781p,,failed,0,0,,http_manifest,known,403,manifest,"Client error '403 ' for url 'https://openapiproext.bnf.fr/iiif/presentation/v3/ark:/12148/bpt6k1222781p/manifest.json'
For more information check: https://developer.mozilla.org/en-US/docs/Web/HTTP/Status/403",2026-07-17T19:48:50.841365
canardenchaine,bpt6k12227823,,failed,0,0,,http_manifest,known,403,manifest,"Client error '403 ' for url 'https://openapiproext.bnf.fr/iiif/presentation/v3/ark:/12148/bpt6k12227823/manifest.json'
For more information check: https://developer.mozilla.org/en-US/docs/Web/HTTP/Status/403",2026-07-17T19:48:52.049442
canardenchaine,bpt6k1222783h,,failed,0,0,,http_manifest,known,403,manifest,"Client error '403 ' for url 'https://openapiproext.bnf.fr/iiif/presentation/v3/ark:/12148/bpt6k1222783h/manifest.json'
For more information check: https://developer.mozilla.org/en-US/docs/Web/HTTP/Status/403",2026-07-17T19:48:53.248965
canardenchaine,bpt6k1222784x,,failed,0,0,,http_manifest,known,403,manifest,"Client error '403 ' for url 'https://openapiproext.bnf.fr/iiif/presentation/v3/ark:/12148/bpt6k1222784x/manifest.json'
For more information check: https://developer.mozilla.org/en-US/docs/Web/HTTP/Status/403",2026-07-17T19:48:54.448809
canardenchaine,bpt6k1222785b,,failed,0,0,,http_manifest,known,403,manifest,"Client error '403 ' for url 'https://openapiproext.bnf.fr/iiif/presentation/v3/ark:/12148/bpt6k1222785b/manifest.json'
For more information check: https://developer.mozilla.org/en-US/docs/Web/HTTP/Status/403",2026-07-17T19:48:55.647395
canardenchaine,bpt6k1222786r,,failed,0,0,,http_manifest,known,403,manifest,"Client error '403 ' for url 'https://openapiproext.bnf.fr/iiif/presentation/v3/ark:/12148/bpt6k1222786r/manifest.json'
For more information check: https://developer.mozilla.org/en-US/docs/Web/HTTP/Status/403",2026-07-17T19:48:56.850401
canardenchaine,bpt6k12227875,,failed,0,0,,http_manifest,known,403,manifest,"Client error '403 ' for url 'https://openapiproext.bnf.fr/iiif/presentation/v3/ark:/12148/bpt6k12227875/manifest.json'
For more information check: https://developer.mozilla.org/en-US/docs/Web/HTTP/Status/403",2026-07-17T19:48:58.054425
canardenchaine,bpt6k1222788k,,failed,0,0,,http_manifest,known,403,manifest,"Client error '403 ' for url 'https://openapiproext.bnf.fr/iiif/presentation/v3/ark:/12148/bpt6k1222788k/manifest.json'
For more information check: https://developer.mozilla.org/en-US/docs/Web/HTTP/Status/403",2026-07-17T19:48:59.252946
canardenchaine,bpt6k12227890,,failed,0,0,,http_manifest,known,403,manifest,"Client error '403 ' for url 'https://openapiproext.bnf.fr/iiif/presentation/v3/ark:/12148/bpt6k12227890/manifest.json'
For more information check: https://developer.mozilla.org/en-US/docs/Web/HTTP/Status/403",2026-07-17T19:49:00.520606
canardenchaine,bpt6k1222530p,,failed,0,0,,http_manifest,known,403,manifest,"Client error '403 ' for url 'https://openapiproext.bnf.fr/iiif/presentation/v3/ark:/12148/bpt6k1222530p/manifest.json'
For more information check: https://developer.mozilla.org/en-US/docs/Web/HTTP/Status/403",2026-07-17T19:49:01.657773
canardenchaine,bpt6k12225313,,failed,0,0,,http_manifest,known,403,manifest,"Client error '403 ' for url 'https://openapiproext.bnf.fr/iiif/presentation/v3/ark:/12148/bpt6k12225313/manifest.json'
For more information check: https://developer.mozilla.org/en-US/docs/Web/HTTP/Status/403",2026-07-17T19:49:02.855918
canardenchaine,bpt6k1222532h,,failed,0,0,,http_manifest,known,403,manifest,"Client error '403 ' for url 'https://openapiproext.bnf.fr/iiif/presentation/v3/ark:/12148/bpt6k1222532h/manifest.json'
For more information check: https://developer.mozilla.org/en-US/docs/Web/HTTP/Status/403",2026-07-17T19:49:04.068990
canardenchaine,bpt6k1222533x,,failed,0,0,,http_manifest,known,403,manifest,"Client error '403 ' for url 'https://openapiproext.bnf.fr/iiif/presentation/v3/ark:/12148/bpt6k1222533x/manifest.json'
For more information check: https://developer.mozilla.org/en-US/docs/Web/HTTP/Status/403",2026-07-17T19:49:05.453759
canardenchaine,bpt6k1222534b,,failed,0,0,,http_manifest,known,403,manifest,"Client error '403 ' for url 'https://openapiproext.bnf.fr/iiif/presentation/v3/ark:/12148/bpt6k1222534b/manifest.json'
For more information check: https://developer.mozilla.org/en-US/docs/Web/HTTP/Status/403",2026-07-17T19:49:06.517727
canardenchaine,bpt6k1222535r,,failed,0,0,,http_manifest,known,403,manifest,"Client error '403 ' for url 'https://openapiproext.bnf.fr/iiif/presentation/v3/ark:/12148/bpt6k1222535r/manifest.json'
For more information check: https://developer.mozilla.org/en-US/docs/Web/HTTP/Status/403",2026-07-17T19:49:07.663000
canardenchaine,bpt6k12225365,,failed,0,0,,http_manifest,known,403,manifest,"Client error '403 ' for url 'https://openapiproext.bnf.fr/iiif/presentation/v3/ark:/12148/bpt6k12225365/manifest.json'
For more information check: https://developer.mozilla.org/en-US/docs/Web/HTTP/Status/403",2026-07-17T19:49:08.863754
canardenchaine,bpt6k1222537k,,failed,0,0,,http_manifest,known,403,manifest,"Client error '403 ' for url 'https://openapiproext.bnf.fr/iiif/presentation/v3/ark:/12148/bpt6k1222537k/manifest.json'
For more information check: https://developer.mozilla.org/en-US/docs/Web/HTTP/Status/403",2026-07-17T19:49:10.229212
canardenchaine,bpt6k12225380,,failed,0,0,,http_manifest,known,403,manifest,"Client error '403 ' for url 'https://openapiproext.bnf.fr/iiif/presentation/v3/ark:/12148/bpt6k12225380/manifest.json'
For more information check: https://developer.mozilla.org/en-US/docs/Web/HTTP/Status/403",2026-07-17T19:49:11.311549
canardenchaine,bpt6k1222539d,,failed,0,0,,http_manifest,known,403,manifest,"Client error '403 ' for url 'https://openapiproext.bnf.fr/iiif/presentation/v3/ark:/12148/bpt6k1222539d/manifest.json'
For more information check: https://developer.mozilla.org/en-US/docs/Web/HTTP/Status/403",2026-07-17T19:49:12.631615
canardenchaine,bpt6k12225402,,failed,0,0,,http_manifest,known,403,manifest,"Client error '403 ' for url 'https://openapiproext.bnf.fr/iiif/presentation/v3/ark:/12148/bpt6k12225402/manifest.json'
For more information check: https://developer.mozilla.org/en-US/docs/Web/HTTP/Status/403",2026-07-17T19:49:13.872252
canardenchaine,bpt6k1222541g,,failed,0,0,,http_manifest,known,403,manifest,"Client error '403 ' for url 'https://openapiproext.bnf.fr/iiif/presentation/v3/ark:/12148/bpt6k1222541g/manifest.json'
For more information check: https://developer.mozilla.org/en-US/docs/Web/HTTP/Status/403",2026-07-17T19:49:14.870757
canardenchaine,bpt6k1222542w,,failed,0,0,,http_manifest,known,403,manifest,"Client error '403 ' for url 'https://openapiproext.bnf.fr/iiif/presentation/v3/ark:/12148/bpt6k1222542w/manifest.json'
For more information check: https://developer.mozilla.org/en-US/docs/Web/HTTP/Status/403",2026-07-17T19:49:16.257087
canardenchaine,bpt6k12225439,,failed,0,0,,http_manifest,known,403,manifest,"Client error '403 ' for url 'https://openapiproext.bnf.fr/iiif/presentation/v3/ark:/12148/bpt6k12225439/manifest.json'
For more information check: https://developer.mozilla.org/en-US/docs/Web/HTTP/Status/403",2026-07-17T19:49:17.466306
canardenchaine,bpt6k1222544q,,failed,0,0,,http_manifest,known,403,manifest,"Client error '403 ' for url 'https://openapiproext.bnf.fr/iiif/presentation/v3/ark:/12148/bpt6k1222544q/manifest.json'
For more information check: https://developer.mozilla.org/en-US/docs/Web/HTTP/Status/403",2026-07-17T19:49:18.557457
canardenchaine,bpt6k12225454,,failed,0,0,,http_manifest,known,403,manifest,"Client error '403 ' for url 'https://openapiproext.bnf.fr/iiif/presentation/v3/ark:/12148/bpt6k12225454/manifest.json'
For more information check: https://developer.mozilla.org/en-US/docs/Web/HTTP/Status/403",2026-07-17T19:49:19.677588
canardenchaine,bpt6k1222546j,,failed,0,0,,http_manifest,known,403,manifest,"Client error '403 ' for url 'https://openapiproext.bnf.fr/iiif/presentation/v3/ark:/12148/bpt6k1222546j/manifest.json'
For more information check: https://developer.mozilla.org/en-US/docs/Web/HTTP/Status/403",2026-07-17T19:49:20.877186
canardenchaine,bpt6k1222547z,,failed,0,0,,http_manifest,known,403,manifest,"Client error '403 ' for url 'https://openapiproext.bnf.fr/iiif/presentation/v3/ark:/12148/bpt6k1222547z/manifest.json'
For more information check: https://developer.mozilla.org/en-US/docs/Web/HTTP/Status/403",2026-07-17T19:49:22.080594
canardenchaine,bpt6k1222548c,,failed,0,0,,http_manifest,known,403,manifest,"Client error '403 ' for url 'https://openapiproext.bnf.fr/iiif/presentation/v3/ark:/12148/bpt6k1222548c/manifest.json'
For more information check: https://developer.mozilla.org/en-US/docs/Web/HTTP/Status/403",2026-07-17T19:49:23.278127
canardenchaine,bpt6k1222549s,,failed,0,0,,http_manifest,known,403,manifest,"Client error '403 ' for url 'https://openapiproext.bnf.fr/iiif/presentation/v3/ark:/12148/bpt6k1222549s/manifest.json'
For more information check: https://developer.mozilla.org/en-US/docs/Web/HTTP/Status/403",2026-07-17T19:49:24.485094
canardenchaine,bpt6k1222550f,,failed,0,0,,http_manifest,known,403,manifest,"Client error '403 ' for url 'https://openapiproext.bnf.fr/iiif/presentation/v3/ark:/12148/bpt6k1222550f/manifest.json'
For more information check: https://developer.mozilla.org/en-US/docs/Web/HTTP/Status/403",2026-07-17T19:49:25.692647
canardenchaine,bpt6k1222551v,,failed,0,0,,http_manifest,known,403,manifest,"Client error '403 ' for url 'https://openapiproext.bnf.fr/iiif/presentation/v3/ark:/12148/bpt6k1222551v/manifest.json'
For more information check: https://developer.mozilla.org/en-US/docs/Web/HTTP/Status/403",2026-07-17T19:49:26.882905
canardenchaine,bpt6k12225528,,failed,0,0,,http_manifest,known,403,manifest,"Client error '403 ' for url 'https://openapiproext.bnf.fr/iiif/presentation/v3/ark:/12148/bpt6k12225528/manifest.json'
For more information check: https://developer.mozilla.org/en-US/docs/Web/HTTP/Status/403",2026-07-17T19:49:28.085189
canardenchaine,bpt6k1222553p,,failed,0,0,,http_manifest,known,403,manifest,"Client error '403 ' for url 'https://openapiproext.bnf.fr/iiif/presentation/v3/ark:/12148/bpt6k1222553p/manifest.json'
For more information check: https://developer.mozilla.org/en-US/docs/Web/HTTP/Status/403",2026-07-17T19:49:29.291213
canardenchaine,bpt6k12225543,,failed,0,0,,http_manifest,known,403,manifest,"Client error '403 ' for url 'https://openapiproext.bnf.fr/iiif/presentation/v3/ark:/12148/bpt6k12225543/manifest.json'
For more information check: https://developer.mozilla.org/en-US/docs/Web/HTTP/Status/403",2026-07-17T19:49:30.514489
canardenchaine,bpt6k1222555h,,failed,0,0,,http_manifest,known,403,manifest,"Client error '403 ' for url 'https://openapiproext.bnf.fr/iiif/presentation/v3/ark:/12148/bpt6k1222555h/manifest.json'
For more information check: https://developer.mozilla.org/en-US/docs/Web/HTTP/Status/403",2026-07-17T19:49:31.697776
canardenchaine,bpt6k1222556x,,failed,0,0,,http_manifest,known,403,manifest,"Client error '403 ' for url 'https://openapiproext.bnf.fr/iiif/presentation/v3/ark:/12148/bpt6k1222556x/manifest.json'
For more information check: https://developer.mozilla.org/en-US/docs/Web/HTTP/Status/403",2026-07-17T19:49:32.892240
canardenchaine,bpt6k1222557b,,failed,0,0,,http_manifest,known,403,manifest,"Client error '403 ' for url 'https://openapiproext.bnf.fr/iiif/presentation/v3/ark:/12148/bpt6k1222557b/manifest.json'
For more information check: https://developer.mozilla.org/en-US/docs/Web/HTTP/Status/403",2026-07-17T19:49:34.092987
canardenchaine,bpt6k1222558r,,failed,0,0,,http_manifest,known,403,manifest,"Client error '403 ' for url 'https://openapiproext.bnf.fr/iiif/presentation/v3/ark:/12148/bpt6k1222558r/manifest.json'
For more information check: https://developer.mozilla.org/en-US/docs/Web/HTTP/Status/403",2026-07-17T19:49:35.296369
canardenchaine,bpt6k12225595,,failed,0,0,,http_manifest,known,403,manifest,"Client error '403 ' for url 'https://openapiproext.bnf.fr/iiif/presentation/v3/ark:/12148/bpt6k12225595/manifest.json'
For more information check: https://developer.mozilla.org/en-US/docs/Web/HTTP/Status/403",2026-07-17T19:49:36.533159
canardenchaine,bpt6k1222560t,,failed,0,0,,http_manifest,known,403,manifest,"Client error '403 ' for url 'https://openapiproext.bnf.fr/iiif/presentation/v3/ark:/12148/bpt6k1222560t/manifest.json'
For more information check: https://developer.mozilla.org/en-US/docs/Web/HTTP/Status/403",2026-07-17T19:49:37.701891
canardenchaine,bpt6k12225617,,failed,0,0,,http_manifest,known,403,manifest,"Client error '403 ' for url 'https://openapiproext.bnf.fr/iiif/presentation/v3/ark:/12148/bpt6k12225617/manifest.json'
For more information check: https://developer.mozilla.org/en-US/docs/Web/HTTP/Status/403",2026-07-17T19:49:38.906208
canardenchaine,bpt6k1222562n,,failed,0,0,,http_manifest,known,403,manifest,"Client error '403 ' for url 'https://openapiproext.bnf.fr/iiif/presentation/v3/ark:/12148/bpt6k1222562n/manifest.json'
For more information check: https://developer.mozilla.org/en-US/docs/Web/HTTP/Status/403",2026-07-17T19:49:40.099142
canardenchaine,bpt6k12225632,,failed,0,0,,http_manifest,known,403,manifest,"Client error '403 ' for url 'https://openapiproext.bnf.fr/iiif/presentation/v3/ark:/12148/bpt6k12225632/manifest.json'
For more information check: https://developer.mozilla.org/en-US/docs/Web/HTTP/Status/403",2026-07-17T19:49:41.307392
canardenchaine,bpt6k1222564g,,failed,0,0,,http_manifest,known,403,manifest,"Client error '403 ' for url 'https://openapiproext.bnf.fr/iiif/presentation/v3/ark:/12148/bpt6k1222564g/manifest.json'
For more information check: https://developer.mozilla.org/en-US/docs/Web/HTTP/Status/403",2026-07-17T19:49:42.502341
canardenchaine,bpt6k1222565w,,failed,0,0,,http_manifest,known,403,manifest,"Client error '403 ' for url 'https://openapiproext.bnf.fr/iiif/presentation/v3/ark:/12148/bpt6k1222565w/manifest.json'
For more information check: https://developer.mozilla.org/en-US/docs/Web/HTTP/Status/403",2026-07-17T19:49:43.706468
canardenchaine,bpt6k12225669,,failed,0,0,,http_manifest,known,403,manifest,"Client error '403 ' for url 'https://openapiproext.bnf.fr/iiif/presentation/v3/ark:/12148/bpt6k12225669/manifest.json'
For more information check: https://developer.mozilla.org/en-US/docs/Web/HTTP/Status/403",2026-07-17T19:49:44.951538
canardenchaine,bpt6k1222567q,,failed,0,0,,http_manifest,known,403,manifest,"Client error '403 ' for url 'https://openapiproext.bnf.fr/iiif/presentation/v3/ark:/12148/bpt6k1222567q/manifest.json'
For more information check: https://developer.mozilla.org/en-US/docs/Web/HTTP/Status/403",2026-07-17T19:49:46.109527
canardenchaine,bpt6k12225684,,failed,0,0,,http_manifest,known,403,manifest,"Client error '403 ' for url 'https://openapiproext.bnf.fr/iiif/presentation/v3/ark:/12148/bpt6k12225684/manifest.json'
For more information check: https://developer.mozilla.org/en-US/docs/Web/HTTP/Status/403",2026-07-17T19:49:47.310509
canardenchaine,bpt6k1222569j,,failed,0,0,,http_manifest,known,403,manifest,"Client error '403 ' for url 'https://openapiproext.bnf.fr/iiif/presentation/v3/ark:/12148/bpt6k1222569j/manifest.json'
For more information check: https://developer.mozilla.org/en-US/docs/Web/HTTP/Status/403",2026-07-17T19:49:48.515184
canardenchaine,bpt6k12225706,,failed,0,0,,http_manifest,known,403,manifest,"Client error '403 ' for url 'https://openapiproext.bnf.fr/iiif/presentation/v3/ark:/12148/bpt6k12225706/manifest.json'
For more information check: https://developer.mozilla.org/en-US/docs/Web/HTTP/Status/403",2026-07-17T19:49:49.722562
canardenchaine,bpt6k1222571m,,failed,0,0,,http_manifest,known,403,manifest,"Client error '403 ' for url 'https://openapiproext.bnf.fr/iiif/presentation/v3/ark:/12148/bpt6k1222571m/manifest.json'
For more information check: https://developer.mozilla.org/en-US/docs/Web/HTTP/Status/403",2026-07-17T19:49:50.927954
canardenchaine,bpt6k12225721,,failed,0,0,,http_manifest,known,403,manifest,"Client error '403 ' for url 'https://openapiproext.bnf.fr/iiif/presentation/v3/ark:/12148/bpt6k12225721/manifest.json'
For more information check: https://developer.mozilla.org/en-US/docs/Web/HTTP/Status/403",2026-07-17T19:49:52.124917
canardenchaine,bpt6k1222573f,,failed,0,0,,http_manifest,known,403,manifest,"Client error '403 ' for url 'https://openapiproext.bnf.fr/iiif/presentation/v3/ark:/12148/bpt6k1222573f/manifest.json'
For more information check: https://developer.mozilla.org/en-US/docs/Web/HTTP/Status/403",2026-07-17T19:49:53.330724
canardenchaine,bpt6k1222574v,,failed,0,0,,http_manifest,known,403,manifest,"Client error '403 ' for url 'https://openapiproext.bnf.fr/iiif/presentation/v3/ark:/12148/bpt6k1222574v/manifest.json'
For more information check: https://developer.mozilla.org/en-US/docs/Web/HTTP/Status/403",2026-07-17T19:49:54.531726
canardenchaine,bpt6k12225758,,failed,0,0,,http_manifest,known,403,manifest,"Client error '403 ' for url 'https://openapiproext.bnf.fr/iiif/presentation/v3/ark:/12148/bpt6k12225758/manifest.json'
For more information check: https://developer.mozilla.org/en-US/docs/Web/HTTP/Status/403",2026-07-17T19:49:55.733726
canardenchaine,bpt6k1222576p,,failed,0,0,,http_manifest,known,403,manifest,"Client error '403 ' for url 'https://openapiproext.bnf.fr/iiif/presentation/v3/ark:/12148/bpt6k1222576p/manifest.json'
For more information check: https://developer.mozilla.org/en-US/docs/Web/HTTP/Status/403",2026-07-17T19:49:56.934434
canardenchaine,bpt6k12225773,,failed,0,0,,http_manifest,known,403,manifest,"Client error '403 ' for url 'https://openapiproext.bnf.fr/iiif/presentation/v3/ark:/12148/bpt6k12225773/manifest.json'
For more information check: https://developer.mozilla.org/en-US/docs/Web/HTTP/Status/403",2026-07-17T19:49:58.138599
canardenchaine,bpt6k1222578h,,failed,0,0,,http_manifest,known,403,manifest,"Client error '403 ' for url 'https://openapiproext.bnf.fr/iiif/presentation/v3/ark:/12148/bpt6k1222578h/manifest.json'
For more information check: https://developer.mozilla.org/en-US/docs/Web/HTTP/Status/403",2026-07-17T19:49:59.563761
canardenchaine,bpt6k1222579x,,failed,0,0,,http_manifest,known,403,manifest,"Client error '403 ' for url 'https://openapiproext.bnf.fr/iiif/presentation/v3/ark:/12148/bpt6k1222579x/manifest.json'
For more information check: https://developer.mozilla.org/en-US/docs/Web/HTTP/Status/403",2026-07-17T19:50:00.538305
canardenchaine,bpt6k1222580k,,failed,0,0,,http_manifest,known,403,manifest,"Client error '403 ' for url 'https://openapiproext.bnf.fr/iiif/presentation/v3/ark:/12148/bpt6k1222580k/manifest.json'
For more information check: https://developer.mozilla.org/en-US/docs/Web/HTTP/Status/403",2026-07-17T19:50:01.794234
canardenchaine,bpt6k12225810,,failed,0,0,,http_manifest,known,403,manifest,"Client error '403 ' for url 'https://openapiproext.bnf.fr/iiif/presentation/v3/ark:/12148/bpt6k12225810/manifest.json'
For more information check: https://developer.mozilla.org/en-US/docs/Web/HTTP/Status/403",2026-07-17T19:50:02.943937
canardenchaine,bpt6k1222582d,,failed,0,0,,http_manifest,known,403,manifest,"Client error '403 ' for url 'https://openapiproext.bnf.fr/iiif/presentation/v3/ark:/12148/bpt6k1222582d/manifest.json'
For more information check: https://developer.mozilla.org/en-US/docs/Web/HTTP/Status/403",2026-07-17T19:50:04.339555
canardenchaine,bpt6k1222583t,,failed,0,0,,http_manifest,known,403,manifest,"Client error '403 ' for url 'https://openapiproext.bnf.fr/iiif/presentation/v3/ark:/12148/bpt6k1222583t/manifest.json'
For more information check: https://developer.mozilla.org/en-US/docs/Web/HTTP/Status/403",2026-07-17T19:50:05.544882
canardenchaine,bpt6k12225847,,failed,0,0,,http_manifest,known,403,manifest,"Client error '403 ' for url 'https://openapiproext.bnf.fr/iiif/presentation/v3/ark:/12148/bpt6k12225847/manifest.json'
For more information check: https://developer.mozilla.org/en-US/docs/Web/HTTP/Status/403",2026-07-17T19:50:06.592074
canardenchaine,bpt6k1222585n,,failed,0,0,,http_manifest,known,403,manifest,"Client error '403 ' for url 'https://openapiproext.bnf.fr/iiif/presentation/v3/ark:/12148/bpt6k1222585n/manifest.json'
For more information check: https://developer.mozilla.org/en-US/docs/Web/HTTP/Status/403",2026-07-17T19:50:07.769488
canardenchaine,bpt6k12225862,,failed,0,0,,http_manifest,known,403,manifest,"Client error '403 ' for url 'https://openapiproext.bnf.fr/iiif/presentation/v3/ark:/12148/bpt6k12225862/manifest.json'
For more information check: https://developer.mozilla.org/en-US/docs/Web/HTTP/Status/403",2026-07-17T19:50:09.124864
canardenchaine,bpt6k1222587g,,failed,0,0,,http_manifest,known,403,manifest,"Client error '403 ' for url 'https://openapiproext.bnf.fr/iiif/presentation/v3/ark:/12148/bpt6k1222587g/manifest.json'
For more information check: https://developer.mozilla.org/en-US/docs/Web/HTTP/Status/403",2026-07-17T19:50:10.322353
canardenchaine,bpt6k1222588w,,failed,0,0,,http_manifest,known,403,manifest,"Client error '403 ' for url 'https://openapiproext.bnf.fr/iiif/presentation/v3/ark:/12148/bpt6k1222588w/manifest.json'
For more information check: https://developer.mozilla.org/en-US/docs/Web/HTTP/Status/403",2026-07-17T19:50:11.350709
canardenchaine,bpt6k12225899,,failed,0,0,,http_manifest,known,403,manifest,"Client error '403 ' for url 'https://openapiproext.bnf.fr/iiif/presentation/v3/ark:/12148/bpt6k12225899/manifest.json'
For more information check: https://developer.mozilla.org/en-US/docs/Web/HTTP/Status/403",2026-07-17T19:50:12.670992
canardenchaine,bpt6k1222590z,,failed,0,0,,http_manifest,known,403,manifest,"Client error '403 ' for url 'https://openapiproext.bnf.fr/iiif/presentation/v3/ark:/12148/bpt6k1222590z/manifest.json'
For more information check: https://developer.mozilla.org/en-US/docs/Web/HTTP/Status/403",2026-07-17T19:50:13.855459
canardenchaine,bpt6k1222591c,,failed,0,0,,http_manifest,known,403,manifest,"Client error '403 ' for url 'https://openapiproext.bnf.fr/iiif/presentation/v3/ark:/12148/bpt6k1222591c/manifest.json'
For more information check: https://developer.mozilla.org/en-US/docs/Web/HTTP/Status/403",2026-07-17T19:50:15.126656
canardenchaine,bpt6k1222592s,,failed,0,0,,http_manifest,known,403,manifest,"Client error '403 ' for url 'https://openapiproext.bnf.fr/iiif/presentation/v3/ark:/12148/bpt6k1222592s/manifest.json'
For more information check: https://developer.mozilla.org/en-US/docs/Web/HTTP/Status/403",2026-07-17T19:50:16.260684
canardenchaine,bpt6k12225936,,failed,0,0,,http_manifest,known,403,manifest,"Client error '403 ' for url 'https://openapiproext.bnf.fr/iiif/presentation/v3/ark:/12148/bpt6k12225936/manifest.json'
For more information check: https://developer.mozilla.org/en-US/docs/Web/HTTP/Status/403",2026-07-17T19:50:17.586762
canardenchaine,bpt6k1222594m,,failed,0,0,,http_manifest,known,403,manifest,"Client error '403 ' for url 'https://openapiproext.bnf.fr/iiif/presentation/v3/ark:/12148/bpt6k1222594m/manifest.json'
For more information check: https://developer.mozilla.org/en-US/docs/Web/HTTP/Status/403",2026-07-17T19:50:18.577617
canardenchaine,bpt6k12225951,,failed,0,0,,http_manifest,known,403,manifest,"Client error '403 ' for url 'https://openapiproext.bnf.fr/iiif/presentation/v3/ark:/12148/bpt6k12225951/manifest.json'
For more information check: https://developer.mozilla.org/en-US/docs/Web/HTTP/Status/403",2026-07-17T19:50:19.762850
canardenchaine,bpt6k1222596f,,failed,0,0,,http_manifest,known,403,manifest,"Client error '403 ' for url 'https://openapiproext.bnf.fr/iiif/presentation/v3/ark:/12148/bpt6k1222596f/manifest.json'
For more information check: https://developer.mozilla.org/en-US/docs/Web/HTTP/Status/403",2026-07-17T19:50:21.040572
canardenchaine,bpt6k1222597v,,failed,0,0,,http_manifest,known,403,manifest,"Client error '403 ' for url 'https://openapiproext.bnf.fr/iiif/presentation/v3/ark:/12148/bpt6k1222597v/manifest.json'
For more information check: https://developer.mozilla.org/en-US/docs/Web/HTTP/Status/403",2026-07-17T19:50:22.165759
canardenchaine,bpt6k12225988,,failed,0,0,,http_manifest,known,403,manifest,"Client error '403 ' for url 'https://openapiproext.bnf.fr/iiif/presentation/v3/ark:/12148/bpt6k12225988/manifest.json'
For more information check: https://developer.mozilla.org/en-US/docs/Web/HTTP/Status/403",2026-07-17T19:50:23.367629
canardenchaine,bpt6k1222599p,,failed,0,0,,http_manifest,known,403,manifest,"Client error '403 ' for url 'https://openapiproext.bnf.fr/iiif/presentation/v3/ark:/12148/bpt6k1222599p/manifest.json'
For more information check: https://developer.mozilla.org/en-US/docs/Web/HTTP/Status/403",2026-07-17T19:50:24.570989
canardenchaine,bpt6k1222600w,,failed,0,0,,http_manifest,known,403,manifest,"Client error '403 ' for url 'https://openapiproext.bnf.fr/iiif/presentation/v3/ark:/12148/bpt6k1222600w/manifest.json'
For more information check: https://developer.mozilla.org/en-US/docs/Web/HTTP/Status/403",2026-07-17T19:50:25.769844
canardenchaine,bpt6k12226019,,failed,0,0,,http_manifest,known,403,manifest,"Client error '403 ' for url 'https://openapiproext.bnf.fr/iiif/presentation/v3/ark:/12148/bpt6k12226019/manifest.json'
For more information check: https://developer.mozilla.org/en-US/docs/Web/HTTP/Status/403",2026-07-17T19:50:26.970399
canardenchaine,bpt6k1222602q,,failed,0,0,,http_manifest,known,403,manifest,"Client error '403 ' for url 'https://openapiproext.bnf.fr/iiif/presentation/v3/ark:/12148/bpt6k1222602q/manifest.json'
For more information check: https://developer.mozilla.org/en-US/docs/Web/HTTP/Status/403",2026-07-17T19:50:28.175180
canardenchaine,bpt6k12226034,,failed,0,0,,http_manifest,known,403,manifest,"Client error '403 ' for url 'https://openapiproext.bnf.fr/iiif/presentation/v3/ark:/12148/bpt6k12226034/manifest.json'
For more information check: https://developer.mozilla.org/en-US/docs/Web/HTTP/Status/403",2026-07-17T19:50:29.374245
canardenchaine,bpt6k1222604j,,failed,0,0,,http_manifest,known,403,manifest,"Client error '403 ' for url 'https://openapiproext.bnf.fr/iiif/presentation/v3/ark:/12148/bpt6k1222604j/manifest.json'
For more information check: https://developer.mozilla.org/en-US/docs/Web/HTTP/Status/403",2026-07-17T19:50:30.602205
canardenchaine,bpt6k1222605z,,failed,0,0,,http_manifest,known,403,manifest,"Client error '403 ' for url 'https://openapiproext.bnf.fr/iiif/presentation/v3/ark:/12148/bpt6k1222605z/manifest.json'
For more information check: https://developer.mozilla.org/en-US/docs/Web/HTTP/Status/403",2026-07-17T19:50:31.775579
canardenchaine,bpt6k1222606c,,failed,0,0,,http_manifest,known,403,manifest,"Client error '403 ' for url 'https://openapiproext.bnf.fr/iiif/presentation/v3/ark:/12148/bpt6k1222606c/manifest.json'
For more information check: https://developer.mozilla.org/en-US/docs/Web/HTTP/Status/403",2026-07-17T19:50:32.976967
canardenchaine,bpt6k1222607s,,failed,0,0,,http_manifest,known,403,manifest,"Client error '403 ' for url 'https://openapiproext.bnf.fr/iiif/presentation/v3/ark:/12148/bpt6k1222607s/manifest.json'
For more information check: https://developer.mozilla.org/en-US/docs/Web/HTTP/Status/403",2026-07-17T19:50:34.180648
canardenchaine,bpt6k12226086,,failed,0,0,,http_manifest,known,403,manifest,"Client error '403 ' for url 'https://openapiproext.bnf.fr/iiif/presentation/v3/ark:/12148/bpt6k12226086/manifest.json'
For more information check: https://developer.mozilla.org/en-US/docs/Web/HTTP/Status/403",2026-07-17T19:50:35.381900
canardenchaine,bpt6k1222609m,,failed,0,0,,http_manifest,known,403,manifest,"Client error '403 ' for url 'https://openapiproext.bnf.fr/iiif/presentation/v3/ark:/12148/bpt6k1222609m/manifest.json'
For more information check: https://developer.mozilla.org/en-US/docs/Web/HTTP/Status/403",2026-07-17T19:50:36.583363
canardenchaine,bpt6k12226108,,failed,0,0,,http_manifest,known,403,manifest,"Client error '403 ' for url 'https://openapiproext.bnf.fr/iiif/presentation/v3/ark:/12148/bpt6k12226108/manifest.json'
For more information check: https://developer.mozilla.org/en-US/docs/Web/HTTP/Status/403",2026-07-17T19:50:37.784496
canardenchaine,bpt6k1222611p,,failed,0,0,,http_manifest,known,403,manifest,"Client error '403 ' for url 'https://openapiproext.bnf.fr/iiif/presentation/v3/ark:/12148/bpt6k1222611p/manifest.json'
For more information check: https://developer.mozilla.org/en-US/docs/Web/HTTP/Status/403",2026-07-17T19:50:38.986299
canardenchaine,bpt6k12226123,,failed,0,0,,http_manifest,known,403,manifest,"Client error '403 ' for url 'https://openapiproext.bnf.fr/iiif/presentation/v3/ark:/12148/bpt6k12226123/manifest.json'
For more information check: https://developer.mozilla.org/en-US/docs/Web/HTTP/Status/403",2026-07-17T19:50:40.189280
canardenchaine,bpt6k1222613h,,failed,0,0,,http_manifest,known,403,manifest,"Client error '403 ' for url 'https://openapiproext.bnf.fr/iiif/presentation/v3/ark:/12148/bpt6k1222613h/manifest.json'
For more information check: https://developer.mozilla.org/en-US/docs/Web/HTTP/Status/403",2026-07-17T19:50:41.388152
canardenchaine,bpt6k1222614x,,failed,0,0,,http_manifest,known,403,manifest,"Client error '403 ' for url 'https://openapiproext.bnf.fr/iiif/presentation/v3/ark:/12148/bpt6k1222614x/manifest.json'
For more information check: https://developer.mozilla.org/en-US/docs/Web/HTTP/Status/403",2026-07-17T19:50:42.614828
canardenchaine,bpt6k1222615b,,failed,0,0,,http_manifest,known,403,manifest,"Client error '403 ' for url 'https://openapiproext.bnf.fr/iiif/presentation/v3/ark:/12148/bpt6k1222615b/manifest.json'
For more information check: https://developer.mozilla.org/en-US/docs/Web/HTTP/Status/403",2026-07-17T19:50:43.789880
canardenchaine,bpt6k1222616r,,failed,0,0,,http_manifest,known,403,manifest,"Client error '403 ' for url 'https://openapiproext.bnf.fr/iiif/presentation/v3/ark:/12148/bpt6k1222616r/manifest.json'
For more information check: https://developer.mozilla.org/en-US/docs/Web/HTTP/Status/403",2026-07-17T19:50:44.990891
canardenchaine,bpt6k12226175,,failed,0,0,,http_manifest,known,403,manifest,"Client error '403 ' for url 'https://openapiproext.bnf.fr/iiif/presentation/v3/ark:/12148/bpt6k12226175/manifest.json'
For more information check: https://developer.mozilla.org/en-US/docs/Web/HTTP/Status/403",2026-07-17T19:50:46.196863
canardenchaine,bpt6k1222618k,,failed,0,0,,http_manifest,known,403,manifest,"Client error '403 ' for url 'https://openapiproext.bnf.fr/iiif/presentation/v3/ark:/12148/bpt6k1222618k/manifest.json'
For more information check: https://developer.mozilla.org/en-US/docs/Web/HTTP/Status/403",2026-07-17T19:50:47.395012
canardenchaine,bpt6k12226190,,failed,0,0,,http_manifest,known,403,manifest,"Client error '403 ' for url 'https://openapiproext.bnf.fr/iiif/presentation/v3/ark:/12148/bpt6k12226190/manifest.json'
For more information check: https://developer.mozilla.org/en-US/docs/Web/HTTP/Status/403",2026-07-17T19:50:48.618746
canardenchaine,bpt6k1222620n,,failed,0,0,,http_manifest,known,403,manifest,"Client error '403 ' for url 'https://openapiproext.bnf.fr/iiif/presentation/v3/ark:/12148/bpt6k1222620n/manifest.json'
For more information check: https://developer.mozilla.org/en-US/docs/Web/HTTP/Status/403",2026-07-17T19:50:49.799813
canardenchaine,bpt6k12226212,,failed,0,0,,http_manifest,known,403,manifest,"Client error '403 ' for url 'https://openapiproext.bnf.fr/iiif/presentation/v3/ark:/12148/bpt6k12226212/manifest.json'
For more information check: https://developer.mozilla.org/en-US/docs/Web/HTTP/Status/403",2026-07-17T19:50:51.004254
canardenchaine,bpt6k1222622g,,failed,0,0,,http_manifest,known,403,manifest,"Client error '403 ' for url 'https://openapiproext.bnf.fr/iiif/presentation/v3/ark:/12148/bpt6k1222622g/manifest.json'
For more information check: https://developer.mozilla.org/en-US/docs/Web/HTTP/Status/403",2026-07-17T19:50:52.198572
canardenchaine,bpt6k1222623w,,failed,0,0,,http_manifest,known,403,manifest,"Client error '403 ' for url 'https://openapiproext.bnf.fr/iiif/presentation/v3/ark:/12148/bpt6k1222623w/manifest.json'
For more information check: https://developer.mozilla.org/en-US/docs/Web/HTTP/Status/403",2026-07-17T19:50:53.404922
canardenchaine,bpt6k12226249,,failed,0,0,,http_manifest,known,403,manifest,"Client error '403 ' for url 'https://openapiproext.bnf.fr/iiif/presentation/v3/ark:/12148/bpt6k12226249/manifest.json'
For more information check: https://developer.mozilla.org/en-US/docs/Web/HTTP/Status/403",2026-07-17T19:50:54.603594
canardenchaine,bpt6k1222625q,,failed,0,0,,http_manifest,known,403,manifest,"Client error '403 ' for url 'https://openapiproext.bnf.fr/iiif/presentation/v3/ark:/12148/bpt6k1222625q/manifest.json'
For more information check: https://developer.mozilla.org/en-US/docs/Web/HTTP/Status/403",2026-07-17T19:50:55.807183
canardenchaine,bpt6k12226264,,failed,0,0,,http_manifest,known,403,manifest,"Client error '403 ' for url 'https://openapiproext.bnf.fr/iiif/presentation/v3/ark:/12148/bpt6k12226264/manifest.json'
For more information check: https://developer.mozilla.org/en-US/docs/Web/HTTP/Status/403",2026-07-17T19:50:57.005037
canardenchaine,bpt6k1222627j,,failed,0,0,,http_manifest,known,403,manifest,"Client error '403 ' for url 'https://openapiproext.bnf.fr/iiif/presentation/v3/ark:/12148/bpt6k1222627j/manifest.json'
For more information check: https://developer.mozilla.org/en-US/docs/Web/HTTP/Status/403",2026-07-17T19:50:58.389214
canardenchaine,bpt6k1222628z,,failed,0,0,,http_manifest,known,403,manifest,"Client error '403 ' for url 'https://openapiproext.bnf.fr/iiif/presentation/v3/ark:/12148/bpt6k1222628z/manifest.json'
For more information check: https://developer.mozilla.org/en-US/docs/Web/HTTP/Status/403",2026-07-17T19:50:59.510206
canardenchaine,bpt6k1222629c,,failed,0,0,,http_manifest,known,403,manifest,"Client error '403 ' for url 'https://openapiproext.bnf.fr/iiif/presentation/v3/ark:/12148/bpt6k1222629c/manifest.json'
For more information check: https://developer.mozilla.org/en-US/docs/Web/HTTP/Status/403",2026-07-17T19:51:00.634334
canardenchaine,bpt6k12226301,,failed,0,0,,http_manifest,known,403,manifest,"Client error '403 ' for url 'https://openapiproext.bnf.fr/iiif/presentation/v3/ark:/12148/bpt6k12226301/manifest.json'
For more information check: https://developer.mozilla.org/en-US/docs/Web/HTTP/Status/403",2026-07-17T19:51:01.977869
canardenchaine,bpt6k1222631f,,failed,0,0,,http_manifest,known,403,manifest,"Client error '403 ' for url 'https://openapiproext.bnf.fr/iiif/presentation/v3/ark:/12148/bpt6k1222631f/manifest.json'
For more information check: https://developer.mozilla.org/en-US/docs/Web/HTTP/Status/403",2026-07-17T19:51:03.011011
canardenchaine,bpt6k1222632v,,failed,0,0,,http_manifest,known,403,manifest,"Client error '403 ' for url 'https://openapiproext.bnf.fr/iiif/presentation/v3/ark:/12148/bpt6k1222632v/manifest.json'
For more information check: https://developer.mozilla.org/en-US/docs/Web/HTTP/Status/403",2026-07-17T19:51:04.442106
canardenchaine,bpt6k12226338,,failed,0,0,,http_manifest,known,403,manifest,"Client error '403 ' for url 'https://openapiproext.bnf.fr/iiif/presentation/v3/ark:/12148/bpt6k12226338/manifest.json'
For more information check: https://developer.mozilla.org/en-US/docs/Web/HTTP/Status/403",2026-07-17T19:51:05.532836
canardenchaine,bpt6k1222634p,,failed,0,0,,http_manifest,known,403,manifest,"Client error '403 ' for url 'https://openapiproext.bnf.fr/iiif/presentation/v3/ark:/12148/bpt6k1222634p/manifest.json'
For more information check: https://developer.mozilla.org/en-US/docs/Web/HTTP/Status/403",2026-07-17T19:51:06.844326
canardenchaine,bpt6k12226353,,failed,0,0,,http_manifest,known,403,manifest,"Client error '403 ' for url 'https://openapiproext.bnf.fr/iiif/presentation/v3/ark:/12148/bpt6k12226353/manifest.json'
For more information check: https://developer.mozilla.org/en-US/docs/Web/HTTP/Status/403",2026-07-17T19:51:07.816846
canardenchaine,bpt6k1222636h,,failed,0,0,,http_manifest,known,403,manifest,"Client error '403 ' for url 'https://openapiproext.bnf.fr/iiif/presentation/v3/ark:/12148/bpt6k1222636h/manifest.json'
For more information check: https://developer.mozilla.org/en-US/docs/Web/HTTP/Status/403",2026-07-17T19:51:09.060433
canardenchaine,bpt6k1222637x,,failed,0,0,,http_manifest,known,403,manifest,"Client error '403 ' for url 'https://openapiproext.bnf.fr/iiif/presentation/v3/ark:/12148/bpt6k1222637x/manifest.json'
For more information check: https://developer.mozilla.org/en-US/docs/Web/HTTP/Status/403",2026-07-17T19:51:10.485839
canardenchaine,bpt6k1222638b,,failed,0,0,,http_manifest,known,403,manifest,"Client error '403 ' for url 'https://openapiproext.bnf.fr/iiif/presentation/v3/ark:/12148/bpt6k1222638b/manifest.json'
For more information check: https://developer.mozilla.org/en-US/docs/Web/HTTP/Status/403",2026-07-17T19:51:11.422697
canardenchaine,bpt6k1222639r,,failed,0,0,,http_manifest,known,403,manifest,"Client error '403 ' for url 'https://openapiproext.bnf.fr/iiif/presentation/v3/ark:/12148/bpt6k1222639r/manifest.json'
For more information check: https://developer.mozilla.org/en-US/docs/Web/HTTP/Status/403",2026-07-17T19:51:12.649820
canardenchaine,bpt6k1222640d,,failed,0,0,,http_manifest,known,403,manifest,"Client error '403 ' for url 'https://openapiproext.bnf.fr/iiif/presentation/v3/ark:/12148/bpt6k1222640d/manifest.json'
For more information check: https://developer.mozilla.org/en-US/docs/Web/HTTP/Status/403",2026-07-17T19:51:13.828216
canardenchaine,bpt6k1222641t,,failed,0,0,,http_manifest,known,403,manifest,"Client error '403 ' for url 'https://openapiproext.bnf.fr/iiif/presentation/v3/ark:/12148/bpt6k1222641t/manifest.json'
For more information check: https://developer.mozilla.org/en-US/docs/Web/HTTP/Status/403",2026-07-17T19:51:15.029856
canardenchaine,bpt6k1222643n,,failed,0,0,,http_manifest,known,403,manifest,"Client error '403 ' for url 'https://openapiproext.bnf.fr/iiif/presentation/v3/ark:/12148/bpt6k1222643n/manifest.json'
For more information check: https://developer.mozilla.org/en-US/docs/Web/HTTP/Status/403",2026-07-17T19:51:16.288023
canardenchaine,bpt6k12226442,,failed,0,0,,http_manifest,known,403,manifest,"Client error '403 ' for url 'https://openapiproext.bnf.fr/iiif/presentation/v3/ark:/12148/bpt6k12226442/manifest.json'
For more information check: https://developer.mozilla.org/en-US/docs/Web/HTTP/Status/403",2026-07-17T19:51:17.549063
canardenchaine,bpt6k1222645g,,failed,0,0,,http_manifest,known,403,manifest,"Client error '403 ' for url 'https://openapiproext.bnf.fr/iiif/presentation/v3/ark:/12148/bpt6k1222645g/manifest.json'
For more information check: https://developer.mozilla.org/en-US/docs/Web/HTTP/Status/403",2026-07-17T19:51:18.667998
canardenchaine,bpt6k1222646w,,failed,0,0,,http_manifest,known,403,manifest,"Client error '403 ' for url 'https://openapiproext.bnf.fr/iiif/presentation/v3/ark:/12148/bpt6k1222646w/manifest.json'
For more information check: https://developer.mozilla.org/en-US/docs/Web/HTTP/Status/403",2026-07-17T19:51:19.832305
canardenchaine,bpt6k12226427,,failed,0,0,,http_manifest,known,403,manifest,"Client error '403 ' for url 'https://openapiproext.bnf.fr/iiif/presentation/v3/ark:/12148/bpt6k12226427/manifest.json'
For more information check: https://developer.mozilla.org/en-US/docs/Web/HTTP/Status/403",2026-07-17T19:51:21.035259
canardenchaine,bpt6k12226479,,failed,0,0,,http_manifest,known,403,manifest,"Client error '403 ' for url 'https://openapiproext.bnf.fr/iiif/presentation/v3/ark:/12148/bpt6k12226479/manifest.json'
For more information check: https://developer.mozilla.org/en-US/docs/Web/HTTP/Status/403",2026-07-17T19:51:22.237024
canardenchaine,bpt6k1222648q,,failed,0,0,,http_manifest,known,403,manifest,"Client error '403 ' for url 'https://openapiproext.bnf.fr/iiif/presentation/v3/ark:/12148/bpt6k1222648q/manifest.json'
For more information check: https://developer.mozilla.org/en-US/docs/Web/HTTP/Status/403",2026-07-17T19:51:23.437281
canardenchaine,bpt6k12226494,,failed,0,0,,http_manifest,known,403,manifest,"Client error '403 ' for url 'https://openapiproext.bnf.fr/iiif/presentation/v3/ark:/12148/bpt6k12226494/manifest.json'
For more information check: https://developer.mozilla.org/en-US/docs/Web/HTTP/Status/403",2026-07-17T19:51:24.641658
canardenchaine,bpt6k1222650s,,failed,0,0,,http_manifest,known,403,manifest,"Client error '403 ' for url 'https://openapiproext.bnf.fr/iiif/presentation/v3/ark:/12148/bpt6k1222650s/manifest.json'
For more information check: https://developer.mozilla.org/en-US/docs/Web/HTTP/Status/403",2026-07-17T19:51:25.842087
canardenchaine,bpt6k12226516,,failed,0,0,,http_manifest,known,403,manifest,"Client error '403 ' for url 'https://openapiproext.bnf.fr/iiif/presentation/v3/ark:/12148/bpt6k12226516/manifest.json'
For more information check: https://developer.mozilla.org/en-US/docs/Web/HTTP/Status/403",2026-07-17T19:51:27.040631
canardenchaine,bpt6k1222652m,,failed,0,0,,http_manifest,known,403,manifest,"Client error '403 ' for url 'https://openapiproext.bnf.fr/iiif/presentation/v3/ark:/12148/bpt6k1222652m/manifest.json'
For more information check: https://developer.mozilla.org/en-US/docs/Web/HTTP/Status/403",2026-07-17T19:51:28.242530
canardenchaine,bpt6k12226531,,failed,0,0,,http_manifest,known,403,manifest,"Client error '403 ' for url 'https://openapiproext.bnf.fr/iiif/presentation/v3/ark:/12148/bpt6k12226531/manifest.json'
For more information check: https://developer.mozilla.org/en-US/docs/Web/HTTP/Status/403",2026-07-17T19:51:29.450209
canardenchaine,bpt6k1222654f,,failed,0,0,,http_manifest,known,403,manifest,"Client error '403 ' for url 'https://openapiproext.bnf.fr/iiif/presentation/v3/ark:/12148/bpt6k1222654f/manifest.json'
For more information check: https://developer.mozilla.org/en-US/docs/Web/HTTP/Status/403",2026-07-17T19:51:30.675341
canardenchaine,bpt6k1222655v,,failed,0,0,,http_manifest,known,403,manifest,"Client error '403 ' for url 'https://openapiproext.bnf.fr/iiif/presentation/v3/ark:/12148/bpt6k1222655v/manifest.json'
For more information check: https://developer.mozilla.org/en-US/docs/Web/HTTP/Status/403",2026-07-17T19:51:31.851993
canardenchaine,bpt6k12226568,,failed,0,0,,http_manifest,known,403,manifest,"Client error '403 ' for url 'https://openapiproext.bnf.fr/iiif/presentation/v3/ark:/12148/bpt6k12226568/manifest.json'
For more information check: https://developer.mozilla.org/en-US/docs/Web/HTTP/Status/403",2026-07-17T19:51:33.054178
canardenchaine,bpt6k1222657p,,failed,0,0,,http_manifest,known,403,manifest,"Client error '403 ' for url 'https://openapiproext.bnf.fr/iiif/presentation/v3/ark:/12148/bpt6k1222657p/manifest.json'
For more information check: https://developer.mozilla.org/en-US/docs/Web/HTTP/Status/403",2026-07-17T19:51:34.255616
canardenchaine,bpt6k12226583,,failed,0,0,,http_manifest,known,403,manifest,"Client error '403 ' for url 'https://openapiproext.bnf.fr/iiif/presentation/v3/ark:/12148/bpt6k12226583/manifest.json'
For more information check: https://developer.mozilla.org/en-US/docs/Web/HTTP/Status/403",2026-07-17T19:51:35.455881
canardenchaine,bpt6k1222659h,,failed,0,0,,http_manifest,known,403,manifest,"Client error '403 ' for url 'https://openapiproext.bnf.fr/iiif/presentation/v3/ark:/12148/bpt6k1222659h/manifest.json'
For more information check: https://developer.mozilla.org/en-US/docs/Web/HTTP/Status/403",2026-07-17T19:51:36.658685
canardenchaine,bpt6k12226605,,failed,0,0,,http_manifest,known,403,manifest,"Client error '403 ' for url 'https://openapiproext.bnf.fr/iiif/presentation/v3/ark:/12148/bpt6k12226605/manifest.json'
For more information check: https://developer.mozilla.org/en-US/docs/Web/HTTP/Status/403",2026-07-17T19:51:37.863140
canardenchaine,bpt6k1222661k,,failed,0,0,,http_manifest,known,403,manifest,"Client error '403 ' for url 'https://openapiproext.bnf.fr/iiif/presentation/v3/ark:/12148/bpt6k1222661k/manifest.json'
For more information check: https://developer.mozilla.org/en-US/docs/Web/HTTP/Status/403",2026-07-17T19:51:39.062114
canardenchaine,bpt6k12226620,,failed,0,0,,http_manifest,known,403,manifest,"Client error '403 ' for url 'https://openapiproext.bnf.fr/iiif/presentation/v3/ark:/12148/bpt6k12226620/manifest.json'
For more information check: https://developer.mozilla.org/en-US/docs/Web/HTTP/Status/403",2026-07-17T19:51:40.265362
canardenchaine,bpt6k1222663d,,failed,0,0,,http_manifest,known,403,manifest,"Client error '403 ' for url 'https://openapiproext.bnf.fr/iiif/presentation/v3/ark:/12148/bpt6k1222663d/manifest.json'
For more information check: https://developer.mozilla.org/en-US/docs/Web/HTTP/Status/403",2026-07-17T19:51:41.503020
canardenchaine,bpt6k1222664t,,failed,0,0,,http_manifest,known,403,manifest,"Client error '403 ' for url 'https://openapiproext.bnf.fr/iiif/presentation/v3/ark:/12148/bpt6k1222664t/manifest.json'
For more information check: https://developer.mozilla.org/en-US/docs/Web/HTTP/Status/403",2026-07-17T19:51:42.668538
canardenchaine,bpt6k12226657,,failed,0,0,,http_manifest,known,403,manifest,"Client error '403 ' for url 'https://openapiproext.bnf.fr/iiif/presentation/v3/ark:/12148/bpt6k12226657/manifest.json'
For more information check: https://developer.mozilla.org/en-US/docs/Web/HTTP/Status/403",2026-07-17T19:51:43.867151
canardenchaine,bpt6k1222666n,,failed,0,0,,http_manifest,known,403,manifest,"Client error '403 ' for url 'https://openapiproext.bnf.fr/iiif/presentation/v3/ark:/12148/bpt6k1222666n/manifest.json'
For more information check: https://developer.mozilla.org/en-US/docs/Web/HTTP/Status/403",2026-07-17T19:51:45.102714
canardenchaine,bpt6k12226672,,failed,0,0,,http_manifest,known,403,manifest,"Client error '403 ' for url 'https://openapiproext.bnf.fr/iiif/presentation/v3/ark:/12148/bpt6k12226672/manifest.json'
For more information check: https://developer.mozilla.org/en-US/docs/Web/HTTP/Status/403",2026-07-17T19:51:46.269674
canardenchaine,bpt6k1222668g,,failed,0,0,,http_manifest,known,403,manifest,"Client error '403 ' for url 'https://openapiproext.bnf.fr/iiif/presentation/v3/ark:/12148/bpt6k1222668g/manifest.json'
For more information check: https://developer.mozilla.org/en-US/docs/Web/HTTP/Status/403",2026-07-17T19:51:47.469279
canardenchaine,bpt6k1222669w,,failed,0,0,,http_manifest,known,403,manifest,"Client error '403 ' for url 'https://openapiproext.bnf.fr/iiif/presentation/v3/ark:/12148/bpt6k1222669w/manifest.json'
For more information check: https://developer.mozilla.org/en-US/docs/Web/HTTP/Status/403",2026-07-17T19:51:48.671543
canardenchaine,bpt6k1222670j,,failed,0,0,,http_manifest,known,403,manifest,"Client error '403 ' for url 'https://openapiproext.bnf.fr/iiif/presentation/v3/ark:/12148/bpt6k1222670j/manifest.json'
For more information check: https://developer.mozilla.org/en-US/docs/Web/HTTP/Status/403",2026-07-17T19:51:49.876320
canardenchaine,bpt6k1222671z,,failed,0,0,,http_manifest,known,403,manifest,"Client error '403 ' for url 'https://openapiproext.bnf.fr/iiif/presentation/v3/ark:/12148/bpt6k1222671z/manifest.json'
For more information check: https://developer.mozilla.org/en-US/docs/Web/HTTP/Status/403",2026-07-17T19:51:51.102400
canardenchaine,bpt6k1222672c,,failed,0,0,,http_manifest,known,403,manifest,"Client error '403 ' for url 'https://openapiproext.bnf.fr/iiif/presentation/v3/ark:/12148/bpt6k1222672c/manifest.json'
For more information check: https://developer.mozilla.org/en-US/docs/Web/HTTP/Status/403",2026-07-17T19:51:52.280329
canardenchaine,bpt6k1222673s,,failed,0,0,,http_manifest,known,403,manifest,"Client error '403 ' for url 'https://openapiproext.bnf.fr/iiif/presentation/v3/ark:/12148/bpt6k1222673s/manifest.json'
For more information check: https://developer.mozilla.org/en-US/docs/Web/HTTP/Status/403",2026-07-17T19:51:53.488121
canardenchaine,bpt6k12226746,,failed,0,0,,http_manifest,known,403,manifest,"Client error '403 ' for url 'https://openapiproext.bnf.fr/iiif/presentation/v3/ark:/12148/bpt6k12226746/manifest.json'
For more information check: https://developer.mozilla.org/en-US/docs/Web/HTTP/Status/403",2026-07-17T19:51:54.682871
canardenchaine,bpt6k1222675m,,failed,0,0,,http_manifest,known,403,manifest,"Client error '403 ' for url 'https://openapiproext.bnf.fr/iiif/presentation/v3/ark:/12148/bpt6k1222675m/manifest.json'
For more information check: https://developer.mozilla.org/en-US/docs/Web/HTTP/Status/403",2026-07-17T19:51:55.886435
canardenchaine,bpt6k12226761,,failed,0,0,,http_manifest,known,403,manifest,"Client error '403 ' for url 'https://openapiproext.bnf.fr/iiif/presentation/v3/ark:/12148/bpt6k12226761/manifest.json'
For more information check: https://developer.mozilla.org/en-US/docs/Web/HTTP/Status/403",2026-07-17T19:51:57.082914
canardenchaine,bpt6k1222677f,,failed,0,0,,http_manifest,known,403,manifest,"Client error '403 ' for url 'https://openapiproext.bnf.fr/iiif/presentation/v3/ark:/12148/bpt6k1222677f/manifest.json'
For more information check: https://developer.mozilla.org/en-US/docs/Web/HTTP/Status/403",2026-07-17T19:51:58.675536
canardenchaine,bpt6k1222678v,,failed,0,0,,http_manifest,known,403,manifest,"Client error '403 ' for url 'https://openapiproext.bnf.fr/iiif/presentation/v3/ark:/12148/bpt6k1222678v/manifest.json'
For more information check: https://developer.mozilla.org/en-US/docs/Web/HTTP/Status/403",2026-07-17T19:51:59.643584
canardenchaine,bpt6k12226798,,failed,0,0,,http_manifest,known,403,manifest,"Client error '403 ' for url 'https://openapiproext.bnf.fr/iiif/presentation/v3/ark:/12148/bpt6k12226798/manifest.json'
For more information check: https://developer.mozilla.org/en-US/docs/Web/HTTP/Status/403",2026-07-17T19:52:00.966521
canardenchaine,bpt6k1222680x,,failed,0,0,,http_manifest,known,403,manifest,"Client error '403 ' for url 'https://openapiproext.bnf.fr/iiif/presentation/v3/ark:/12148/bpt6k1222680x/manifest.json'
For more information check: https://developer.mozilla.org/en-US/docs/Web/HTTP/Status/403",2026-07-17T19:52:02.109020
canardenchaine,bpt6k1222681b,,failed,0,0,,http_manifest,known,403,manifest,"Client error '403 ' for url 'https://openapiproext.bnf.fr/iiif/presentation/v3/ark:/12148/bpt6k1222681b/manifest.json'
For more information check: https://developer.mozilla.org/en-US/docs/Web/HTTP/Status/403",2026-07-17T19:52:03.178807
canardenchaine,bpt6k1222682r,,failed,0,0,,http_manifest,known,403,manifest,"Client error '403 ' for url 'https://openapiproext.bnf.fr/iiif/presentation/v3/ark:/12148/bpt6k1222682r/manifest.json'
For more information check: https://developer.mozilla.org/en-US/docs/Web/HTTP/Status/403",2026-07-17T19:52:04.490695
canardenchaine,bpt6k12226835,,failed,0,0,,http_manifest,known,403,manifest,"Client error '403 ' for url 'https://openapiproext.bnf.fr/iiif/presentation/v3/ark:/12148/bpt6k12226835/manifest.json'
For more information check: https://developer.mozilla.org/en-US/docs/Web/HTTP/Status/403",2026-07-17T19:52:05.613206
canardenchaine,bpt6k1222684k,,failed,0,0,,http_manifest,known,403,manifest,"Client error '403 ' for url 'https://openapiproext.bnf.fr/iiif/presentation/v3/ark:/12148/bpt6k1222684k/manifest.json'
For more information check: https://developer.mozilla.org/en-US/docs/Web/HTTP/Status/403",2026-07-17T19:52:06.700341
canardenchaine,bpt6k12226850,,failed,0,0,,http_manifest,known,403,manifest,"Client error '403 ' for url 'https://openapiproext.bnf.fr/iiif/presentation/v3/ark:/12148/bpt6k12226850/manifest.json'
For more information check: https://developer.mozilla.org/en-US/docs/Web/HTTP/Status/403",2026-07-17T19:52:07.896807
canardenchaine,bpt6k1224780w,,failed,0,0,,http_manifest,known,403,manifest,"Client error '403 ' for url 'https://openapiproext.bnf.fr/iiif/presentation/v3/ark:/12148/bpt6k1224780w/manifest.json'
For more information check: https://developer.mozilla.org/en-US/docs/Web/HTTP/Status/403",2026-07-17T19:52:09.099814
canardenchaine,bpt6k12247819,,failed,0,0,,http_manifest,known,403,manifest,"Client error '403 ' for url 'https://openapiproext.bnf.fr/iiif/presentation/v3/ark:/12148/bpt6k12247819/manifest.json'
For more information check: https://developer.mozilla.org/en-US/docs/Web/HTTP/Status/403",2026-07-17T19:52:10.303299
canardenchaine,bpt6k1224782q,,failed,0,0,,http_manifest,known,403,manifest,"Client error '403 ' for url 'https://openapiproext.bnf.fr/iiif/presentation/v3/ark:/12148/bpt6k1224782q/manifest.json'
For more information check: https://developer.mozilla.org/en-US/docs/Web/HTTP/Status/403",2026-07-17T19:52:11.658407
canardenchaine,bpt6k12247834,,failed,0,0,,http_manifest,known,403,manifest,"Client error '403 ' for url 'https://openapiproext.bnf.fr/iiif/presentation/v3/ark:/12148/bpt6k12247834/manifest.json'
For more information check: https://developer.mozilla.org/en-US/docs/Web/HTTP/Status/403",2026-07-17T19:52:12.738457
canardenchaine,bpt6k1224784j,,failed,0,0,,http_manifest,known,403,manifest,"Client error '403 ' for url 'https://openapiproext.bnf.fr/iiif/presentation/v3/ark:/12148/bpt6k1224784j/manifest.json'
For more information check: https://developer.mozilla.org/en-US/docs/Web/HTTP/Status/403",2026-07-17T19:52:14.117741
canardenchaine,bpt6k1224785z,,failed,0,0,,http_manifest,known,403,manifest,"Client error '403 ' for url 'https://openapiproext.bnf.fr/iiif/presentation/v3/ark:/12148/bpt6k1224785z/manifest.json'
For more information check: https://developer.mozilla.org/en-US/docs/Web/HTTP/Status/403",2026-07-17T19:52:15.104894
canardenchaine,bpt6k1224786c,,failed,0,0,,http_manifest,known,403,manifest,"Client error '403 ' for url 'https://openapiproext.bnf.fr/iiif/presentation/v3/ark:/12148/bpt6k1224786c/manifest.json'
For more information check: https://developer.mozilla.org/en-US/docs/Web/HTTP/Status/403",2026-07-17T19:52:16.305339
canardenchaine,bpt6k1224787s,,failed,0,0,,http_manifest,known,403,manifest,"Client error '403 ' for url 'https://openapiproext.bnf.fr/iiif/presentation/v3/ark:/12148/bpt6k1224787s/manifest.json'
For more information check: https://developer.mozilla.org/en-US/docs/Web/HTTP/Status/403",2026-07-17T19:52:17.666232
canardenchaine,bpt6k12247886,,failed,0,0,,http_manifest,known,403,manifest,"Client error '403 ' for url 'https://openapiproext.bnf.fr/iiif/presentation/v3/ark:/12148/bpt6k12247886/manifest.json'
For more information check: https://developer.mozilla.org/en-US/docs/Web/HTTP/Status/403",2026-07-17T19:52:18.843437
canardenchaine,bpt6k1224789m,,failed,0,0,,http_manifest,known,403,manifest,"Client error '403 ' for url 'https://openapiproext.bnf.fr/iiif/presentation/v3/ark:/12148/bpt6k1224789m/manifest.json'
For more information check: https://developer.mozilla.org/en-US/docs/Web/HTTP/Status/403",2026-07-17T19:52:19.916542
canardenchaine,bpt6k12247908,,failed,0,0,,http_manifest,known,403,manifest,"Client error '403 ' for url 'https://openapiproext.bnf.fr/iiif/presentation/v3/ark:/12148/bpt6k12247908/manifest.json'
For more information check: https://developer.mozilla.org/en-US/docs/Web/HTTP/Status/403",2026-07-17T19:52:21.111688
canardenchaine,bpt6k1224791p,,failed,0,0,,http_manifest,known,403,manifest,"Client error '403 ' for url 'https://openapiproext.bnf.fr/iiif/presentation/v3/ark:/12148/bpt6k1224791p/manifest.json'
For more information check: https://developer.mozilla.org/en-US/docs/Web/HTTP/Status/403",2026-07-17T19:52:22.315044
canardenchaine,bpt6k12247923,,failed,0,0,,http_manifest,known,403,manifest,"Client error '403 ' for url 'https://openapiproext.bnf.fr/iiif/presentation/v3/ark:/12148/bpt6k12247923/manifest.json'
For more information check: https://developer.mozilla.org/en-US/docs/Web/HTTP/Status/403",2026-07-17T19:52:23.516029
canardenchaine,bpt6k1224793h,,failed,0,0,,http_manifest,known,403,manifest,"Client error '403 ' for url 'https://openapiproext.bnf.fr/iiif/presentation/v3/ark:/12148/bpt6k1224793h/manifest.json'
For more information check: https://developer.mozilla.org/en-US/docs/Web/HTTP/Status/403",2026-07-17T19:52:24.717670
canardenchaine,bpt6k1224794x,,failed,0,0,,http_manifest,known,403,manifest,"Client error '403 ' for url 'https://openapiproext.bnf.fr/iiif/presentation/v3/ark:/12148/bpt6k1224794x/manifest.json'
For more information check: https://developer.mozilla.org/en-US/docs/Web/HTTP/Status/403",2026-07-17T19:52:25.950451
canardenchaine,bpt6k1224795b,,failed,0,0,,http_manifest,known,403,manifest,"Client error '403 ' for url 'https://openapiproext.bnf.fr/iiif/presentation/v3/ark:/12148/bpt6k1224795b/manifest.json'
For more information check: https://developer.mozilla.org/en-US/docs/Web/HTTP/Status/403",2026-07-17T19:52:27.122351
canardenchaine,bpt6k1224796r,,failed,0,0,,http_manifest,known,403,manifest,"Client error '403 ' for url 'https://openapiproext.bnf.fr/iiif/presentation/v3/ark:/12148/bpt6k1224796r/manifest.json'
For more information check: https://developer.mozilla.org/en-US/docs/Web/HTTP/Status/403",2026-07-17T19:52:28.323049
canardenchaine,bpt6k12247975,,failed,0,0,,http_manifest,known,403,manifest,"Client error '403 ' for url 'https://openapiproext.bnf.fr/iiif/presentation/v3/ark:/12148/bpt6k12247975/manifest.json'
For more information check: https://developer.mozilla.org/en-US/docs/Web/HTTP/Status/403",2026-07-17T19:52:29.524451
canardenchaine,bpt6k1224798k,,failed,0,0,,http_manifest,known,403,manifest,"Client error '403 ' for url 'https://openapiproext.bnf.fr/iiif/presentation/v3/ark:/12148/bpt6k1224798k/manifest.json'
For more information check: https://developer.mozilla.org/en-US/docs/Web/HTTP/Status/403",2026-07-17T19:52:30.725066
canardenchaine,bpt6k12247990,,failed,0,0,,http_manifest,known,403,manifest,"Client error '403 ' for url 'https://openapiproext.bnf.fr/iiif/presentation/v3/ark:/12148/bpt6k12247990/manifest.json'
For more information check: https://developer.mozilla.org/en-US/docs/Web/HTTP/Status/403",2026-07-17T19:52:31.942146
canardenchaine,bpt6k12248006,,failed,0,0,,http_manifest,known,403,manifest,"Client error '403 ' for url 'https://openapiproext.bnf.fr/iiif/presentation/v3/ark:/12148/bpt6k12248006/manifest.json'
For more information check: https://developer.mozilla.org/en-US/docs/Web/HTTP/Status/403",2026-07-17T19:52:33.129258
canardenchaine,bpt6k1224801m,,failed,0,0,,http_manifest,known,403,manifest,"Client error '403 ' for url 'https://openapiproext.bnf.fr/iiif/presentation/v3/ark:/12148/bpt6k1224801m/manifest.json'
For more information check: https://developer.mozilla.org/en-US/docs/Web/HTTP/Status/403",2026-07-17T19:52:34.330421
canardenchaine,bpt6k12248021,,failed,0,0,,http_manifest,known,403,manifest,"Client error '403 ' for url 'https://openapiproext.bnf.fr/iiif/presentation/v3/ark:/12148/bpt6k12248021/manifest.json'
For more information check: https://developer.mozilla.org/en-US/docs/Web/HTTP/Status/403",2026-07-17T19:52:35.534554
canardenchaine,bpt6k1224803f,,failed,0,0,,http_manifest,known,403,manifest,"Client error '403 ' for url 'https://openapiproext.bnf.fr/iiif/presentation/v3/ark:/12148/bpt6k1224803f/manifest.json'
For more information check: https://developer.mozilla.org/en-US/docs/Web/HTTP/Status/403",2026-07-17T19:52:36.737344
canardenchaine,bpt6k1224804v,,failed,0,0,,http_manifest,known,403,manifest,"Client error '403 ' for url 'https://openapiproext.bnf.fr/iiif/presentation/v3/ark:/12148/bpt6k1224804v/manifest.json'
For more information check: https://developer.mozilla.org/en-US/docs/Web/HTTP/Status/403",2026-07-17T19:52:37.935599
canardenchaine,bpt6k12248058,,failed,0,0,,http_manifest,known,403,manifest,"Client error '403 ' for url 'https://openapiproext.bnf.fr/iiif/presentation/v3/ark:/12148/bpt6k12248058/manifest.json'
For more information check: https://developer.mozilla.org/en-US/docs/Web/HTTP/Status/403",2026-07-17T19:52:39.134541
canardenchaine,bpt6k1224806p,,failed,0,0,,http_manifest,known,403,manifest,"Client error '403 ' for url 'https://openapiproext.bnf.fr/iiif/presentation/v3/ark:/12148/bpt6k1224806p/manifest.json'
For more information check: https://developer.mozilla.org/en-US/docs/Web/HTTP/Status/403",2026-07-17T19:52:40.336405
canardenchaine,bpt6k12248073,,failed,0,0,,http_manifest,known,403,manifest,"Client error '403 ' for url 'https://openapiproext.bnf.fr/iiif/presentation/v3/ark:/12148/bpt6k12248073/manifest.json'
For more information check: https://developer.mozilla.org/en-US/docs/Web/HTTP/Status/403",2026-07-17T19:52:41.540199
canardenchaine,bpt6k1224808h,,failed,0,0,,http_manifest,known,403,manifest,"Client error '403 ' for url 'https://openapiproext.bnf.fr/iiif/presentation/v3/ark:/12148/bpt6k1224808h/manifest.json'
For more information check: https://developer.mozilla.org/en-US/docs/Web/HTTP/Status/403",2026-07-17T19:52:42.743985
canardenchaine,bpt6k1224809x,,failed,0,0,,http_manifest,known,403,manifest,"Client error '403 ' for url 'https://openapiproext.bnf.fr/iiif/presentation/v3/ark:/12148/bpt6k1224809x/manifest.json'
For more information check: https://developer.mozilla.org/en-US/docs/Web/HTTP/Status/403",2026-07-17T19:52:43.970463
canardenchaine,bpt6k1224810k,,failed,0,0,,http_manifest,known,403,manifest,"Client error '403 ' for url 'https://openapiproext.bnf.fr/iiif/presentation/v3/ark:/12148/bpt6k1224810k/manifest.json'
For more information check: https://developer.mozilla.org/en-US/docs/Web/HTTP/Status/403",2026-07-17T19:52:45.142049
canardenchaine,bpt6k12248110,,failed,0,0,,http_manifest,known,403,manifest,"Client error '403 ' for url 'https://openapiproext.bnf.fr/iiif/presentation/v3/ark:/12148/bpt6k12248110/manifest.json'
For more information check: https://developer.mozilla.org/en-US/docs/Web/HTTP/Status/403",2026-07-17T19:52:46.345976
canardenchaine,bpt6k1224812d,,failed,0,0,,http_manifest,known,403,manifest,"Client error '403 ' for url 'https://openapiproext.bnf.fr/iiif/presentation/v3/ark:/12148/bpt6k1224812d/manifest.json'
For more information check: https://developer.mozilla.org/en-US/docs/Web/HTTP/Status/403",2026-07-17T19:52:47.544007
canardenchaine,bpt6k1224813t,,failed,0,0,,http_manifest,known,403,manifest,"Client error '403 ' for url 'https://openapiproext.bnf.fr/iiif/presentation/v3/ark:/12148/bpt6k1224813t/manifest.json'
For more information check: https://developer.mozilla.org/en-US/docs/Web/HTTP/Status/403",2026-07-17T19:52:48.749696
canardenchaine,bpt6k12248147,,failed,0,0,,http_manifest,known,403,manifest,"Client error '403 ' for url 'https://openapiproext.bnf.fr/iiif/presentation/v3/ark:/12148/bpt6k12248147/manifest.json'
For more information check: https://developer.mozilla.org/en-US/docs/Web/HTTP/Status/403",2026-07-17T19:52:49.948546
canardenchaine,bpt6k1224815n,,failed,0,0,,http_manifest,known,403,manifest,"Client error '403 ' for url 'https://openapiproext.bnf.fr/iiif/presentation/v3/ark:/12148/bpt6k1224815n/manifest.json'
For more information check: https://developer.mozilla.org/en-US/docs/Web/HTTP/Status/403",2026-07-17T19:52:51.151145
canardenchaine,bpt6k12248162,,failed,0,0,,http_manifest,known,403,manifest,"Client error '403 ' for url 'https://openapiproext.bnf.fr/iiif/presentation/v3/ark:/12148/bpt6k12248162/manifest.json'
For more information check: https://developer.mozilla.org/en-US/docs/Web/HTTP/Status/403",2026-07-17T19:52:52.354823
canardenchaine,bpt6k1224817g,,failed,0,0,,http_manifest,known,403,manifest,"Client error '403 ' for url 'https://openapiproext.bnf.fr/iiif/presentation/v3/ark:/12148/bpt6k1224817g/manifest.json'
For more information check: https://developer.mozilla.org/en-US/docs/Web/HTTP/Status/403",2026-07-17T19:52:53.553460
canardenchaine,bpt6k1224818w,,failed,0,0,,http_manifest,known,403,manifest,"Client error '403 ' for url 'https://openapiproext.bnf.fr/iiif/presentation/v3/ark:/12148/bpt6k1224818w/manifest.json'
For more information check: https://developer.mozilla.org/en-US/docs/Web/HTTP/Status/403",2026-07-17T19:52:54.755604
canardenchaine,bpt6k12248199,,failed,0,0,,http_manifest,known,403,manifest,"Client error '403 ' for url 'https://openapiproext.bnf.fr/iiif/presentation/v3/ark:/12148/bpt6k12248199/manifest.json'
For more information check: https://developer.mozilla.org/en-US/docs/Web/HTTP/Status/403",2026-07-17T19:52:55.970354
canardenchaine,bpt6k1224820z,,failed,0,0,,http_manifest,known,403,manifest,"Client error '403 ' for url 'https://openapiproext.bnf.fr/iiif/presentation/v3/ark:/12148/bpt6k1224820z/manifest.json'
For more information check: https://developer.mozilla.org/en-US/docs/Web/HTTP/Status/403",2026-07-17T19:52:57.155565
canardenchaine,bpt6k1224821c,,failed,0,0,,http_manifest,known,403,manifest,"Client error '403 ' for url 'https://openapiproext.bnf.fr/iiif/presentation/v3/ark:/12148/bpt6k1224821c/manifest.json'
For more information check: https://developer.mozilla.org/en-US/docs/Web/HTTP/Status/403",2026-07-17T19:52:58.513666
canardenchaine,bpt6k1224822s,,failed,0,0,,http_manifest,known,403,manifest,"Client error '403 ' for url 'https://openapiproext.bnf.fr/iiif/presentation/v3/ark:/12148/bpt6k1224822s/manifest.json'
For more information check: https://developer.mozilla.org/en-US/docs/Web/HTTP/Status/403",2026-07-17T19:52:59.766351
canardenchaine,bpt6k12248236,,failed,0,0,,http_manifest,known,403,manifest,"Client error '403 ' for url 'https://openapiproext.bnf.fr/iiif/presentation/v3/ark:/12148/bpt6k12248236/manifest.json'
For more information check: https://developer.mozilla.org/en-US/docs/Web/HTTP/Status/403",2026-07-17T19:53:00.924128
canardenchaine,bpt6k1224824m,,failed,0,0,,http_manifest,known,403,manifest,"Client error '403 ' for url 'https://openapiproext.bnf.fr/iiif/presentation/v3/ark:/12148/bpt6k1224824m/manifest.json'
For more information check: https://developer.mozilla.org/en-US/docs/Web/HTTP/Status/403",2026-07-17T19:53:02.046312
canardenchaine,bpt6k12248251,,failed,0,0,,http_manifest,known,403,manifest,"Client error '403 ' for url 'https://openapiproext.bnf.fr/iiif/presentation/v3/ark:/12148/bpt6k12248251/manifest.json'
For more information check: https://developer.mozilla.org/en-US/docs/Web/HTTP/Status/403",2026-07-17T19:53:03.165841
canardenchaine,bpt6k1224826f,,failed,0,0,,http_manifest,known,403,manifest,"Client error '403 ' for url 'https://openapiproext.bnf.fr/iiif/presentation/v3/ark:/12148/bpt6k1224826f/manifest.json'
For more information check: https://developer.mozilla.org/en-US/docs/Web/HTTP/Status/403",2026-07-17T19:53:04.429769
canardenchaine,bpt6k1224827v,,failed,0,0,,http_manifest,known,403,manifest,"Client error '403 ' for url 'https://openapiproext.bnf.fr/iiif/presentation/v3/ark:/12148/bpt6k1224827v/manifest.json'
For more information check: https://developer.mozilla.org/en-US/docs/Web/HTTP/Status/403",2026-07-17T19:53:05.698767
canardenchaine,bpt6k12248288,,failed,0,0,,http_manifest,known,403,manifest,"Client error '403 ' for url 'https://openapiproext.bnf.fr/iiif/presentation/v3/ark:/12148/bpt6k12248288/manifest.json'
For more information check: https://developer.mozilla.org/en-US/docs/Web/HTTP/Status/403",2026-07-17T19:53:06.941506
canardenchaine,bpt6k1224829p,,failed,0,0,,http_manifest,known,403,manifest,"Client error '403 ' for url 'https://openapiproext.bnf.fr/iiif/presentation/v3/ark:/12148/bpt6k1224829p/manifest.json'
For more information check: https://developer.mozilla.org/en-US/docs/Web/HTTP/Status/403",2026-07-17T19:53:07.971588
canardenchaine,bpt6k1224830b,,failed,0,0,,http_manifest,known,403,manifest,"Client error '403 ' for url 'https://openapiproext.bnf.fr/iiif/presentation/v3/ark:/12148/bpt6k1224830b/manifest.json'
For more information check: https://developer.mozilla.org/en-US/docs/Web/HTTP/Status/403",2026-07-17T19:53:09.177499
canardenchaine,bpt6k1224831r,,failed,0,0,,http_manifest,known,403,manifest,"Client error '403 ' for url 'https://openapiproext.bnf.fr/iiif/presentation/v3/ark:/12148/bpt6k1224831r/manifest.json'
For more information check: https://developer.mozilla.org/en-US/docs/Web/HTTP/Status/403",2026-07-17T19:53:10.376845
canardenchaine,bpt6k12248325,,failed,0,0,,http_manifest,known,403,manifest,"Client error '403 ' for url 'https://openapiproext.bnf.fr/iiif/presentation/v3/ark:/12148/bpt6k12248325/manifest.json'
For more information check: https://developer.mozilla.org/en-US/docs/Web/HTTP/Status/403",2026-07-17T19:53:11.578413
canardenchaine,bpt6k1224833k,,failed,0,0,,http_manifest,known,403,manifest,"Client error '403 ' for url 'https://openapiproext.bnf.fr/iiif/presentation/v3/ark:/12148/bpt6k1224833k/manifest.json'
For more information check: https://developer.mozilla.org/en-US/docs/Web/HTTP/Status/403",2026-07-17T19:53:12.779519
canardenchaine,bpt6k1224727h,,failed,0,0,,http_manifest,known,403,manifest,"Client error '403 ' for url 'https://openapiproext.bnf.fr/iiif/presentation/v3/ark:/12148/bpt6k1224727h/manifest.json'
For more information check: https://developer.mozilla.org/en-US/docs/Web/HTTP/Status/403",2026-07-17T19:53:14.003462
canardenchaine,bpt6k1224728x,,failed,0,0,,http_manifest,known,403,manifest,"Client error '403 ' for url 'https://openapiproext.bnf.fr/iiif/presentation/v3/ark:/12148/bpt6k1224728x/manifest.json'
For more information check: https://developer.mozilla.org/en-US/docs/Web/HTTP/Status/403",2026-07-17T19:53:15.180074
canardenchaine,bpt6k1224729b,,failed,0,0,,http_manifest,known,403,manifest,"Client error '403 ' for url 'https://openapiproext.bnf.fr/iiif/presentation/v3/ark:/12148/bpt6k1224729b/manifest.json'
For more information check: https://developer.mozilla.org/en-US/docs/Web/HTTP/Status/403",2026-07-17T19:53:16.381778
canardenchaine,bpt6k12247300,,failed,0,0,,http_manifest,known,403,manifest,"Client error '403 ' for url 'https://openapiproext.bnf.fr/iiif/presentation/v3/ark:/12148/bpt6k12247300/manifest.json'
For more information check: https://developer.mozilla.org/en-US/docs/Web/HTTP/Status/403",2026-07-17T19:53:17.586664
canardenchaine,bpt6k1224731d,,failed,0,0,,http_manifest,known,403,manifest,"Client error '403 ' for url 'https://openapiproext.bnf.fr/iiif/presentation/v3/ark:/12148/bpt6k1224731d/manifest.json'
For more information check: https://developer.mozilla.org/en-US/docs/Web/HTTP/Status/403",2026-07-17T19:53:18.790228
canardenchaine,bpt6k1224732t,,failed,0,0,,http_manifest,known,403,manifest,"Client error '403 ' for url 'https://openapiproext.bnf.fr/iiif/presentation/v3/ark:/12148/bpt6k1224732t/manifest.json'
For more information check: https://developer.mozilla.org/en-US/docs/Web/HTTP/Status/403",2026-07-17T19:53:19.987897
canardenchaine,bpt6k12247337,,failed,0,0,,http_manifest,known,403,manifest,"Client error '403 ' for url 'https://openapiproext.bnf.fr/iiif/presentation/v3/ark:/12148/bpt6k12247337/manifest.json'
For more information check: https://developer.mozilla.org/en-US/docs/Web/HTTP/Status/403",2026-07-17T19:53:21.188468
canardenchaine,bpt6k1224734n,,failed,0,0,,http_manifest,known,403,manifest,"Client error '403 ' for url 'https://openapiproext.bnf.fr/iiif/presentation/v3/ark:/12148/bpt6k1224734n/manifest.json'
For more information check: https://developer.mozilla.org/en-US/docs/Web/HTTP/Status/403",2026-07-17T19:53:22.390504
canardenchaine,bpt6k12247352,,failed,0,0,,http_manifest,known,403,manifest,"Client error '403 ' for url 'https://openapiproext.bnf.fr/iiif/presentation/v3/ark:/12148/bpt6k12247352/manifest.json'
For more information check: https://developer.mozilla.org/en-US/docs/Web/HTTP/Status/403",2026-07-17T19:53:23.593855
canardenchaine,bpt6k1224736g,,failed,0,0,,http_manifest,known,403,manifest,"Client error '403 ' for url 'https://openapiproext.bnf.fr/iiif/presentation/v3/ark:/12148/bpt6k1224736g/manifest.json'
For more information check: https://developer.mozilla.org/en-US/docs/Web/HTTP/Status/403",2026-07-17T19:53:24.798940
canardenchaine,bpt6k1224737w,,failed,0,0,,http_manifest,known,403,manifest,"Client error '403 ' for url 'https://openapiproext.bnf.fr/iiif/presentation/v3/ark:/12148/bpt6k1224737w/manifest.json'
For more information check: https://developer.mozilla.org/en-US/docs/Web/HTTP/Status/403",2026-07-17T19:53:26.021945
canardenchaine,bpt6k12247389,,failed,0,0,,http_manifest,known,403,manifest,"Client error '403 ' for url 'https://openapiproext.bnf.fr/iiif/presentation/v3/ark:/12148/bpt6k12247389/manifest.json'
For more information check: https://developer.mozilla.org/en-US/docs/Web/HTTP/Status/403",2026-07-17T19:53:27.202692
canardenchaine,bpt6k1224739q,,failed,0,0,,http_manifest,known,403,manifest,"Client error '403 ' for url 'https://openapiproext.bnf.fr/iiif/presentation/v3/ark:/12148/bpt6k1224739q/manifest.json'
For more information check: https://developer.mozilla.org/en-US/docs/Web/HTTP/Status/403",2026-07-17T19:53:28.399391
canardenchaine,bpt6k1224740c,,failed,0,0,,http_manifest,known,403,manifest,"Client error '403 ' for url 'https://openapiproext.bnf.fr/iiif/presentation/v3/ark:/12148/bpt6k1224740c/manifest.json'
For more information check: https://developer.mozilla.org/en-US/docs/Web/HTTP/Status/403",2026-07-17T19:53:29.600599
canardenchaine,bpt6k1224741s,,failed,0,0,,http_manifest,known,403,manifest,"Client error '403 ' for url 'https://openapiproext.bnf.fr/iiif/presentation/v3/ark:/12148/bpt6k1224741s/manifest.json'
For more information check: https://developer.mozilla.org/en-US/docs/Web/HTTP/Status/403",2026-07-17T19:53:30.807906
canardenchaine,bpt6k12247426,,failed,0,0,,http_manifest,known,403,manifest,"Client error '403 ' for url 'https://openapiproext.bnf.fr/iiif/presentation/v3/ark:/12148/bpt6k12247426/manifest.json'
For more information check: https://developer.mozilla.org/en-US/docs/Web/HTTP/Status/403",2026-07-17T19:53:32.022139
canardenchaine,bpt6k1224743m,,failed,0,0,,http_manifest,known,403,manifest,"Client error '403 ' for url 'https://openapiproext.bnf.fr/iiif/presentation/v3/ark:/12148/bpt6k1224743m/manifest.json'
For more information check: https://developer.mozilla.org/en-US/docs/Web/HTTP/Status/403",2026-07-17T19:53:33.211858
canardenchaine,bpt6k12247441,,failed,0,0,,http_manifest,known,403,manifest,"Client error '403 ' for url 'https://openapiproext.bnf.fr/iiif/presentation/v3/ark:/12148/bpt6k12247441/manifest.json'
For more information check: https://developer.mozilla.org/en-US/docs/Web/HTTP/Status/403",2026-07-17T19:53:34.410999
canardenchaine,bpt6k1224745f,,failed,0,0,,http_manifest,known,403,manifest,"Client error '403 ' for url 'https://openapiproext.bnf.fr/iiif/presentation/v3/ark:/12148/bpt6k1224745f/manifest.json'
For more information check: https://developer.mozilla.org/en-US/docs/Web/HTTP/Status/403",2026-07-17T19:53:35.614721
canardenchaine,bpt6k1224746v,,failed,0,0,,http_manifest,known,403,manifest,"Client error '403 ' for url 'https://openapiproext.bnf.fr/iiif/presentation/v3/ark:/12148/bpt6k1224746v/manifest.json'
For more information check: https://developer.mozilla.org/en-US/docs/Web/HTTP/Status/403",2026-07-17T19:53:36.808247
canardenchaine,bpt6k12247478,,failed,0,0,,http_manifest,known,403,manifest,"Client error '403 ' for url 'https://openapiproext.bnf.fr/iiif/presentation/v3/ark:/12148/bpt6k12247478/manifest.json'
For more information check: https://developer.mozilla.org/en-US/docs/Web/HTTP/Status/403",2026-07-17T19:53:38.019339
canardenchaine,bpt6k1224748p,,failed,0,0,,http_manifest,known,403,manifest,"Client error '403 ' for url 'https://openapiproext.bnf.fr/iiif/presentation/v3/ark:/12148/bpt6k1224748p/manifest.json'
For more information check: https://developer.mozilla.org/en-US/docs/Web/HTTP/Status/403",2026-07-17T19:53:39.214691
canardenchaine,bpt6k12247493,,failed,0,0,,http_manifest,known,403,manifest,"Client error '403 ' for url 'https://openapiproext.bnf.fr/iiif/presentation/v3/ark:/12148/bpt6k12247493/manifest.json'
For more information check: https://developer.mozilla.org/en-US/docs/Web/HTTP/Status/403",2026-07-17T19:53:40.425479
canardenchaine,bpt6k1224750r,,failed,0,0,,http_manifest,known,403,manifest,"Client error '403 ' for url 'https://openapiproext.bnf.fr/iiif/presentation/v3/ark:/12148/bpt6k1224750r/manifest.json'
For more information check: https://developer.mozilla.org/en-US/docs/Web/HTTP/Status/403",2026-07-17T19:53:41.619722
canardenchaine,bpt6k12247515,,failed,0,0,,http_manifest,known,403,manifest,"Client error '403 ' for url 'https://openapiproext.bnf.fr/iiif/presentation/v3/ark:/12148/bpt6k12247515/manifest.json'
For more information check: https://developer.mozilla.org/en-US/docs/Web/HTTP/Status/403",2026-07-17T19:53:42.817619
canardenchaine,bpt6k1224752k,,failed,0,0,,http_manifest,known,403,manifest,"Client error '403 ' for url 'https://openapiproext.bnf.fr/iiif/presentation/v3/ark:/12148/bpt6k1224752k/manifest.json'
For more information check: https://developer.mozilla.org/en-US/docs/Web/HTTP/Status/403",2026-07-17T19:53:44.036829
canardenchaine,bpt6k12247530,,failed,0,0,,http_manifest,known,403,manifest,"Client error '403 ' for url 'https://openapiproext.bnf.fr/iiif/presentation/v3/ark:/12148/bpt6k12247530/manifest.json'
For more information check: https://developer.mozilla.org/en-US/docs/Web/HTTP/Status/403",2026-07-17T19:53:45.269694
canardenchaine,bpt6k1224754d,,failed,0,0,,http_manifest,known,403,manifest,"Client error '403 ' for url 'https://openapiproext.bnf.fr/iiif/presentation/v3/ark:/12148/bpt6k1224754d/manifest.json'
For more information check: https://developer.mozilla.org/en-US/docs/Web/HTTP/Status/403",2026-07-17T19:53:46.424992
canardenchaine,bpt6k1224755t,,failed,0,0,,http_manifest,known,403,manifest,"Client error '403 ' for url 'https://openapiproext.bnf.fr/iiif/presentation/v3/ark:/12148/bpt6k1224755t/manifest.json'
For more information check: https://developer.mozilla.org/en-US/docs/Web/HTTP/Status/403",2026-07-17T19:53:47.628112
canardenchaine,bpt6k12247567,,failed,0,0,,http_manifest,known,403,manifest,"Client error '403 ' for url 'https://openapiproext.bnf.fr/iiif/presentation/v3/ark:/12148/bpt6k12247567/manifest.json'
For more information check: https://developer.mozilla.org/en-US/docs/Web/HTTP/Status/403",2026-07-17T19:53:48.826642
canardenchaine,bpt6k1224757n,,failed,0,0,,http_manifest,known,403,manifest,"Client error '403 ' for url 'https://openapiproext.bnf.fr/iiif/presentation/v3/ark:/12148/bpt6k1224757n/manifest.json'
For more information check: https://developer.mozilla.org/en-US/docs/Web/HTTP/Status/403",2026-07-17T19:53:50.028162
canardenchaine,bpt6k12247582,,failed,0,0,,http_manifest,known,403,manifest,"Client error '403 ' for url 'https://openapiproext.bnf.fr/iiif/presentation/v3/ark:/12148/bpt6k12247582/manifest.json'
For more information check: https://developer.mozilla.org/en-US/docs/Web/HTTP/Status/403",2026-07-17T19:53:51.254005
canardenchaine,bpt6k1224759g,,failed,0,0,,http_manifest,known,403,manifest,"Client error '403 ' for url 'https://openapiproext.bnf.fr/iiif/presentation/v3/ark:/12148/bpt6k1224759g/manifest.json'
For more information check: https://developer.mozilla.org/en-US/docs/Web/HTTP/Status/403",2026-07-17T19:53:52.430150
canardenchaine,bpt6k12247604,,failed,0,0,,http_manifest,known,403,manifest,"Client error '403 ' for url 'https://openapiproext.bnf.fr/iiif/presentation/v3/ark:/12148/bpt6k12247604/manifest.json'
For more information check: https://developer.mozilla.org/en-US/docs/Web/HTTP/Status/403",2026-07-17T19:53:53.631408
canardenchaine,bpt6k1224761j,,failed,0,0,,http_manifest,known,403,manifest,"Client error '403 ' for url 'https://openapiproext.bnf.fr/iiif/presentation/v3/ark:/12148/bpt6k1224761j/manifest.json'
For more information check: https://developer.mozilla.org/en-US/docs/Web/HTTP/Status/403",2026-07-17T19:53:54.836436
canardenchaine,bpt6k1224762z,,failed,0,0,,http_manifest,known,403,manifest,"Client error '403 ' for url 'https://openapiproext.bnf.fr/iiif/presentation/v3/ark:/12148/bpt6k1224762z/manifest.json'
For more information check: https://developer.mozilla.org/en-US/docs/Web/HTTP/Status/403",2026-07-17T19:53:56.033855
canardenchaine,bpt6k1224763c,,failed,0,0,,http_manifest,known,403,manifest,"Client error '403 ' for url 'https://openapiproext.bnf.fr/iiif/presentation/v3/ark:/12148/bpt6k1224763c/manifest.json'
For more information check: https://developer.mozilla.org/en-US/docs/Web/HTTP/Status/403",2026-07-17T19:53:57.257724
canardenchaine,bpt6k1224764s,,failed,0,0,,http_manifest,known,403,manifest,"Client error '403 ' for url 'https://openapiproext.bnf.fr/iiif/presentation/v3/ark:/12148/bpt6k1224764s/manifest.json'
For more information check: https://developer.mozilla.org/en-US/docs/Web/HTTP/Status/403",2026-07-17T19:53:58.602913
canardenchaine,bpt6k12247656,,failed,0,0,,http_manifest,known,403,manifest,"Client error '403 ' for url 'https://openapiproext.bnf.fr/iiif/presentation/v3/ark:/12148/bpt6k12247656/manifest.json'
For more information check: https://developer.mozilla.org/en-US/docs/Web/HTTP/Status/403",2026-07-17T19:53:59.773727
canardenchaine,bpt6k1224766m,,failed,0,0,,http_manifest,known,403,manifest,"Client error '403 ' for url 'https://openapiproext.bnf.fr/iiif/presentation/v3/ark:/12148/bpt6k1224766m/manifest.json'
For more information check: https://developer.mozilla.org/en-US/docs/Web/HTTP/Status/403",2026-07-17T19:54:00.841585
canardenchaine,bpt6k12247671,,failed,0,0,,http_manifest,known,403,manifest,"Client error '403 ' for url 'https://openapiproext.bnf.fr/iiif/presentation/v3/ark:/12148/bpt6k12247671/manifest.json'
For more information check: https://developer.mozilla.org/en-US/docs/Web/HTTP/Status/403",2026-07-17T19:54:02.044541
canardenchaine,bpt6k1224768f,,failed,0,0,,http_manifest,known,403,manifest,"Client error '403 ' for url 'https://openapiproext.bnf.fr/iiif/presentation/v3/ark:/12148/bpt6k1224768f/manifest.json'
For more information check: https://developer.mozilla.org/en-US/docs/Web/HTTP/Status/403",2026-07-17T19:54:03.245239
canardenchaine,bpt6k1224769v,,failed,0,0,,http_manifest,known,403,manifest,"Client error '403 ' for url 'https://openapiproext.bnf.fr/iiif/presentation/v3/ark:/12148/bpt6k1224769v/manifest.json'
For more information check: https://developer.mozilla.org/en-US/docs/Web/HTTP/Status/403",2026-07-17T19:54:04.708693
canardenchaine,bpt6k1224770h,,failed,0,0,,http_manifest,known,403,manifest,"Client error '403 ' for url 'https://openapiproext.bnf.fr/iiif/presentation/v3/ark:/12148/bpt6k1224770h/manifest.json'
For more information check: https://developer.mozilla.org/en-US/docs/Web/HTTP/Status/403",2026-07-17T19:54:05.661073
canardenchaine,bpt6k1224771x,,failed,0,0,,http_manifest,known,403,manifest,"Client error '403 ' for url 'https://openapiproext.bnf.fr/iiif/presentation/v3/ark:/12148/bpt6k1224771x/manifest.json'
For more information check: https://developer.mozilla.org/en-US/docs/Web/HTTP/Status/403",2026-07-17T19:54:06.917060
canardenchaine,bpt6k1224772b,,failed,0,0,,http_manifest,known,403,manifest,"Client error '403 ' for url 'https://openapiproext.bnf.fr/iiif/presentation/v3/ark:/12148/bpt6k1224772b/manifest.json'
For more information check: https://developer.mozilla.org/en-US/docs/Web/HTTP/Status/403",2026-07-17T19:54:08.059539
canardenchaine,bpt6k1224773r,,failed,0,0,,http_manifest,known,403,manifest,"Client error '403 ' for url 'https://openapiproext.bnf.fr/iiif/presentation/v3/ark:/12148/bpt6k1224773r/manifest.json'
For more information check: https://developer.mozilla.org/en-US/docs/Web/HTTP/Status/403",2026-07-17T19:54:09.280536
canardenchaine,bpt6k12247745,,failed,0,0,,http_manifest,known,403,manifest,"Client error '403 ' for url 'https://openapiproext.bnf.fr/iiif/presentation/v3/ark:/12148/bpt6k12247745/manifest.json'
For more information check: https://developer.mozilla.org/en-US/docs/Web/HTTP/Status/403",2026-07-17T19:54:10.503695
canardenchaine,bpt6k1224775k,,failed,0,0,,http_manifest,known,403,manifest,"Client error '403 ' for url 'https://openapiproext.bnf.fr/iiif/presentation/v3/ark:/12148/bpt6k1224775k/manifest.json'
For more information check: https://developer.mozilla.org/en-US/docs/Web/HTTP/Status/403",2026-07-17T19:54:11.652470
canardenchaine,bpt6k12247760,,failed,0,0,,http_manifest,known,403,manifest,"Client error '403 ' for url 'https://openapiproext.bnf.fr/iiif/presentation/v3/ark:/12148/bpt6k12247760/manifest.json'
For more information check: https://developer.mozilla.org/en-US/docs/Web/HTTP/Status/403",2026-07-17T19:54:12.958706
canardenchaine,bpt6k1224777d,,failed,0,0,,http_manifest,known,403,manifest,"Client error '403 ' for url 'https://openapiproext.bnf.fr/iiif/presentation/v3/ark:/12148/bpt6k1224777d/manifest.json'
For more information check: https://developer.mozilla.org/en-US/docs/Web/HTTP/Status/403",2026-07-17T19:54:14.332014
canardenchaine,bpt6k1224778t,,failed,0,0,,http_manifest,known,403,manifest,"Client error '403 ' for url 'https://openapiproext.bnf.fr/iiif/presentation/v3/ark:/12148/bpt6k1224778t/manifest.json'
For more information check: https://developer.mozilla.org/en-US/docs/Web/HTTP/Status/403",2026-07-17T19:54:15.566877
canardenchaine,bpt6k1224565h,,failed,0,0,,http_manifest,known,403,manifest,"Client error '403 ' for url 'https://openapiproext.bnf.fr/iiif/presentation/v3/ark:/12148/bpt6k1224565h/manifest.json'
For more information check: https://developer.mozilla.org/en-US/docs/Web/HTTP/Status/403",2026-07-17T19:54:16.465067
canardenchaine,bpt6k1224566x,,failed,0,0,,http_manifest,known,403,manifest,"Client error '403 ' for url 'https://openapiproext.bnf.fr/iiif/presentation/v3/ark:/12148/bpt6k1224566x/manifest.json'
For more information check: https://developer.mozilla.org/en-US/docs/Web/HTTP/Status/403",2026-07-17T19:54:17.697240
canardenchaine,bpt6k1224567b,,failed,0,0,,http_manifest,known,403,manifest,"Client error '403 ' for url 'https://openapiproext.bnf.fr/iiif/presentation/v3/ark:/12148/bpt6k1224567b/manifest.json'
For more information check: https://developer.mozilla.org/en-US/docs/Web/HTTP/Status/403",2026-07-17T19:54:19.021373
canardenchaine,bpt6k1224568r,,failed,0,0,,http_manifest,known,403,manifest,"Client error '403 ' for url 'https://openapiproext.bnf.fr/iiif/presentation/v3/ark:/12148/bpt6k1224568r/manifest.json'
For more information check: https://developer.mozilla.org/en-US/docs/Web/HTTP/Status/403",2026-07-17T19:54:20.063335
canardenchaine,bpt6k12245695,,failed,0,0,,http_manifest,known,403,manifest,"Client error '403 ' for url 'https://openapiproext.bnf.fr/iiif/presentation/v3/ark:/12148/bpt6k12245695/manifest.json'
For more information check: https://developer.mozilla.org/en-US/docs/Web/HTTP/Status/403",2026-07-17T19:54:21.276805
canardenchaine,bpt6k1224570t,,failed,0,0,,http_manifest,known,403,manifest,"Client error '403 ' for url 'https://openapiproext.bnf.fr/iiif/presentation/v3/ark:/12148/bpt6k1224570t/manifest.json'
For more information check: https://developer.mozilla.org/en-US/docs/Web/HTTP/Status/403",2026-07-17T19:54:22.468487
canardenchaine,bpt6k12245717,,failed,0,0,,http_manifest,known,403,manifest,"Client error '403 ' for url 'https://openapiproext.bnf.fr/iiif/presentation/v3/ark:/12148/bpt6k12245717/manifest.json'
For more information check: https://developer.mozilla.org/en-US/docs/Web/HTTP/Status/403",2026-07-17T19:54:23.669088
canardenchaine,bpt6k1224572n,,failed,0,0,,http_manifest,known,403,manifest,"Client error '403 ' for url 'https://openapiproext.bnf.fr/iiif/presentation/v3/ark:/12148/bpt6k1224572n/manifest.json'
For more information check: https://developer.mozilla.org/en-US/docs/Web/HTTP/Status/403",2026-07-17T19:54:24.873778
canardenchaine,bpt6k12245732,,failed,0,0,,http_manifest,known,403,manifest,"Client error '403 ' for url 'https://openapiproext.bnf.fr/iiif/presentation/v3/ark:/12148/bpt6k12245732/manifest.json'
For more information check: https://developer.mozilla.org/en-US/docs/Web/HTTP/Status/403",2026-07-17T19:54:26.071543
canardenchaine,bpt6k1224574g,,failed,0,0,,http_manifest,known,403,manifest,"Client error '403 ' for url 'https://openapiproext.bnf.fr/iiif/presentation/v3/ark:/12148/bpt6k1224574g/manifest.json'
For more information check: https://developer.mozilla.org/en-US/docs/Web/HTTP/Status/403",2026-07-17T19:54:27.278704
canardenchaine,bpt6k1224575w,,failed,0,0,,http_manifest,known,403,manifest,"Client error '403 ' for url 'https://openapiproext.bnf.fr/iiif/presentation/v3/ark:/12148/bpt6k1224575w/manifest.json'
For more information check: https://developer.mozilla.org/en-US/docs/Web/HTTP/Status/403",2026-07-17T19:54:28.478078
canardenchaine,bpt6k12245769,,failed,0,0,,http_manifest,known,403,manifest,"Client error '403 ' for url 'https://openapiproext.bnf.fr/iiif/presentation/v3/ark:/12148/bpt6k12245769/manifest.json'
For more information check: https://developer.mozilla.org/en-US/docs/Web/HTTP/Status/403",2026-07-17T19:54:29.680712
canardenchaine,bpt6k1224577q,,failed,0,0,,http_manifest,known,403,manifest,"Client error '403 ' for url 'https://openapiproext.bnf.fr/iiif/presentation/v3/ark:/12148/bpt6k1224577q/manifest.json'
For more information check: https://developer.mozilla.org/en-US/docs/Web/HTTP/Status/403",2026-07-17T19:54:30.877954
canardenchaine,bpt6k12245784,,failed,0,0,,http_manifest,known,403,manifest,"Client error '403 ' for url 'https://openapiproext.bnf.fr/iiif/presentation/v3/ark:/12148/bpt6k12245784/manifest.json'
For more information check: https://developer.mozilla.org/en-US/docs/Web/HTTP/Status/403",2026-07-17T19:54:32.079089
canardenchaine,bpt6k1224579j,,failed,0,0,,http_manifest,known,403,manifest,"Client error '403 ' for url 'https://openapiproext.bnf.fr/iiif/presentation/v3/ark:/12148/bpt6k1224579j/manifest.json'
For more information check: https://developer.mozilla.org/en-US/docs/Web/HTTP/Status/403",2026-07-17T19:54:33.279983
canardenchaine,bpt6k12245806,,failed,0,0,,http_manifest,known,403,manifest,"Client error '403 ' for url 'https://openapiproext.bnf.fr/iiif/presentation/v3/ark:/12148/bpt6k12245806/manifest.json'
For more information check: https://developer.mozilla.org/en-US/docs/Web/HTTP/Status/403",2026-07-17T19:54:34.489554
canardenchaine,bpt6k1224581m,,failed,0,0,,http_manifest,known,403,manifest,"Client error '403 ' for url 'https://openapiproext.bnf.fr/iiif/presentation/v3/ark:/12148/bpt6k1224581m/manifest.json'
For more information check: https://developer.mozilla.org/en-US/docs/Web/HTTP/Status/403",2026-07-17T19:54:35.686987
canardenchaine,bpt6k12245821,,failed,0,0,,http_manifest,known,403,manifest,"Client error '403 ' for url 'https://openapiproext.bnf.fr/iiif/presentation/v3/ark:/12148/bpt6k12245821/manifest.json'
For more information check: https://developer.mozilla.org/en-US/docs/Web/HTTP/Status/403",2026-07-17T19:54:36.887762
canardenchaine,bpt6k1224583f,,failed,0,0,,http_manifest,known,403,manifest,"Client error '403 ' for url 'https://openapiproext.bnf.fr/iiif/presentation/v3/ark:/12148/bpt6k1224583f/manifest.json'
For more information check: https://developer.mozilla.org/en-US/docs/Web/HTTP/Status/403",2026-07-17T19:54:38.093813
canardenchaine,bpt6k1224584v,,failed,0,0,,http_manifest,known,403,manifest,"Client error '403 ' for url 'https://openapiproext.bnf.fr/iiif/presentation/v3/ark:/12148/bpt6k1224584v/manifest.json'
For more information check: https://developer.mozilla.org/en-US/docs/Web/HTTP/Status/403",2026-07-17T19:54:39.287615
canardenchaine,bpt6k12245858,,failed,0,0,,http_manifest,known,403,manifest,"Client error '403 ' for url 'https://openapiproext.bnf.fr/iiif/presentation/v3/ark:/12148/bpt6k12245858/manifest.json'
For more information check: https://developer.mozilla.org/en-US/docs/Web/HTTP/Status/403",2026-07-17T19:54:40.491656
canardenchaine,bpt6k1224586p,,failed,0,0,,http_manifest,known,403,manifest,"Client error '403 ' for url 'https://openapiproext.bnf.fr/iiif/presentation/v3/ark:/12148/bpt6k1224586p/manifest.json'
For more information check: https://developer.mozilla.org/en-US/docs/Web/HTTP/Status/403",2026-07-17T19:54:41.721989
canardenchaine,bpt6k12245873,,failed,0,0,,http_manifest,known,403,manifest,"Client error '403 ' for url 'https://openapiproext.bnf.fr/iiif/presentation/v3/ark:/12148/bpt6k12245873/manifest.json'
For more information check: https://developer.mozilla.org/en-US/docs/Web/HTTP/Status/403",2026-07-17T19:54:42.894491
canardenchaine,bpt6k1224588h,,failed,0,0,,http_manifest,known,403,manifest,"Client error '403 ' for url 'https://openapiproext.bnf.fr/iiif/presentation/v3/ark:/12148/bpt6k1224588h/manifest.json'
For more information check: https://developer.mozilla.org/en-US/docs/Web/HTTP/Status/403",2026-07-17T19:54:44.098899
canardenchaine,bpt6k1224589x,,failed,0,0,,http_manifest,known,403,manifest,"Client error '403 ' for url 'https://openapiproext.bnf.fr/iiif/presentation/v3/ark:/12148/bpt6k1224589x/manifest.json'
For more information check: https://developer.mozilla.org/en-US/docs/Web/HTTP/Status/403",2026-07-17T19:54:45.297748
canardenchaine,bpt6k1224590k,,failed,0,0,,http_manifest,known,403,manifest,"Client error '403 ' for url 'https://openapiproext.bnf.fr/iiif/presentation/v3/ark:/12148/bpt6k1224590k/manifest.json'
For more information check: https://developer.mozilla.org/en-US/docs/Web/HTTP/Status/403",2026-07-17T19:54:46.499461
canardenchaine,bpt6k12245910,,failed,0,0,,http_manifest,known,403,manifest,"Client error '403 ' for url 'https://openapiproext.bnf.fr/iiif/presentation/v3/ark:/12148/bpt6k12245910/manifest.json'
For more information check: https://developer.mozilla.org/en-US/docs/Web/HTTP/Status/403",2026-07-17T19:54:47.702919
canardenchaine,bpt6k1224592d,,failed,0,0,,http_manifest,known,403,manifest,"Client error '403 ' for url 'https://openapiproext.bnf.fr/iiif/presentation/v3/ark:/12148/bpt6k1224592d/manifest.json'
For more information check: https://developer.mozilla.org/en-US/docs/Web/HTTP/Status/403",2026-07-17T19:54:48.905442
canardenchaine,bpt6k1224593t,,failed,0,0,,http_manifest,known,403,manifest,"Client error '403 ' for url 'https://openapiproext.bnf.fr/iiif/presentation/v3/ark:/12148/bpt6k1224593t/manifest.json'
For more information check: https://developer.mozilla.org/en-US/docs/Web/HTTP/Status/403",2026-07-17T19:54:50.115882
canardenchaine,bpt6k12245947,,failed,0,0,,http_manifest,known,403,manifest,"Client error '403 ' for url 'https://openapiproext.bnf.fr/iiif/presentation/v3/ark:/12148/bpt6k12245947/manifest.json'
For more information check: https://developer.mozilla.org/en-US/docs/Web/HTTP/Status/403",2026-07-17T19:54:51.304880
canardenchaine,bpt6k1224595n,,failed,0,0,,http_manifest,known,403,manifest,"Client error '403 ' for url 'https://openapiproext.bnf.fr/iiif/presentation/v3/ark:/12148/bpt6k1224595n/manifest.json'
For more information check: https://developer.mozilla.org/en-US/docs/Web/HTTP/Status/403",2026-07-17T19:54:52.506876
canardenchaine,bpt6k12245962,,failed,0,0,,http_manifest,known,403,manifest,"Client error '403 ' for url 'https://openapiproext.bnf.fr/iiif/presentation/v3/ark:/12148/bpt6k12245962/manifest.json'
For more information check: https://developer.mozilla.org/en-US/docs/Web/HTTP/Status/403",2026-07-17T19:54:53.719903
canardenchaine,bpt6k1224597g,,failed,0,0,,http_manifest,known,403,manifest,"Client error '403 ' for url 'https://openapiproext.bnf.fr/iiif/presentation/v3/ark:/12148/bpt6k1224597g/manifest.json'
For more information check: https://developer.mozilla.org/en-US/docs/Web/HTTP/Status/403",2026-07-17T19:54:54.910235
canardenchaine,bpt6k1224598w,,failed,0,0,,http_manifest,known,403,manifest,"Client error '403 ' for url 'https://openapiproext.bnf.fr/iiif/presentation/v3/ark:/12148/bpt6k1224598w/manifest.json'
For more information check: https://developer.mozilla.org/en-US/docs/Web/HTTP/Status/403",2026-07-17T19:54:56.108938
canardenchaine,bpt6k12245999,,failed,0,0,,http_manifest,known,403,manifest,"Client error '403 ' for url 'https://openapiproext.bnf.fr/iiif/presentation/v3/ark:/12148/bpt6k12245999/manifest.json'
For more information check: https://developer.mozilla.org/en-US/docs/Web/HTTP/Status/403",2026-07-17T19:54:57.311521
canardenchaine,bpt6k1224600h,,failed,0,0,,http_manifest,known,403,manifest,"Client error '403 ' for url 'https://openapiproext.bnf.fr/iiif/presentation/v3/ark:/12148/bpt6k1224600h/manifest.json'
For more information check: https://developer.mozilla.org/en-US/docs/Web/HTTP/Status/403",2026-07-17T19:54:58.511636
canardenchaine,bpt6k1224601x,,failed,0,0,,http_manifest,known,403,manifest,"Client error '403 ' for url 'https://openapiproext.bnf.fr/iiif/presentation/v3/ark:/12148/bpt6k1224601x/manifest.json'
For more information check: https://developer.mozilla.org/en-US/docs/Web/HTTP/Status/403",2026-07-17T19:54:59.715955
canardenchaine,bpt6k1224602b,,failed,0,0,,http_manifest,known,403,manifest,"Client error '403 ' for url 'https://openapiproext.bnf.fr/iiif/presentation/v3/ark:/12148/bpt6k1224602b/manifest.json'
For more information check: https://developer.mozilla.org/en-US/docs/Web/HTTP/Status/403",2026-07-17T19:55:00.997733
canardenchaine,bpt6k1224603r,,failed,0,0,,http_manifest,known,403,manifest,"Client error '403 ' for url 'https://openapiproext.bnf.fr/iiif/presentation/v3/ark:/12148/bpt6k1224603r/manifest.json'
For more information check: https://developer.mozilla.org/en-US/docs/Web/HTTP/Status/403",2026-07-17T19:55:02.117573
canardenchaine,bpt6k12246045,,failed,0,0,,http_manifest,known,403,manifest,"Client error '403 ' for url 'https://openapiproext.bnf.fr/iiif/presentation/v3/ark:/12148/bpt6k12246045/manifest.json'
For more information check: https://developer.mozilla.org/en-US/docs/Web/HTTP/Status/403",2026-07-17T19:55:03.508912
canardenchaine,bpt6k1224605k,,failed,0,0,,http_manifest,known,403,manifest,"Client error '403 ' for url 'https://openapiproext.bnf.fr/iiif/presentation/v3/ark:/12148/bpt6k1224605k/manifest.json'
For more information check: https://developer.mozilla.org/en-US/docs/Web/HTTP/Status/403",2026-07-17T19:55:04.671621
canardenchaine,bpt6k12246060,,failed,0,0,,http_manifest,known,403,manifest,"Client error '403 ' for url 'https://openapiproext.bnf.fr/iiif/presentation/v3/ark:/12148/bpt6k12246060/manifest.json'
For more information check: https://developer.mozilla.org/en-US/docs/Web/HTTP/Status/403",2026-07-17T19:55:05.725670
canardenchaine,bpt6k1224607d,,failed,0,0,,http_manifest,known,403,manifest,"Client error '403 ' for url 'https://openapiproext.bnf.fr/iiif/presentation/v3/ark:/12148/bpt6k1224607d/manifest.json'
For more information check: https://developer.mozilla.org/en-US/docs/Web/HTTP/Status/403",2026-07-17T19:55:06.926778
canardenchaine,bpt6k1224608t,,failed,0,0,,http_manifest,known,403,manifest,"Client error '403 ' for url 'https://openapiproext.bnf.fr/iiif/presentation/v3/ark:/12148/bpt6k1224608t/manifest.json'
For more information check: https://developer.mozilla.org/en-US/docs/Web/HTTP/Status/403",2026-07-17T19:55:08.129554
canardenchaine,bpt6k12246097,,failed,0,0,,http_manifest,known,403,manifest,"Client error '403 ' for url 'https://openapiproext.bnf.fr/iiif/presentation/v3/ark:/12148/bpt6k12246097/manifest.json'
For more information check: https://developer.mozilla.org/en-US/docs/Web/HTTP/Status/403",2026-07-17T19:55:09.355883
canardenchaine,bpt6k1224610w,,failed,0,0,,http_manifest,known,403,manifest,"Client error '403 ' for url 'https://openapiproext.bnf.fr/iiif/presentation/v3/ark:/12148/bpt6k1224610w/manifest.json'
For more information check: https://developer.mozilla.org/en-US/docs/Web/HTTP/Status/403",2026-07-17T19:55:10.530679
canardenchaine,bpt6k12246119,,failed,0,0,,http_manifest,known,403,manifest,"Client error '403 ' for url 'https://openapiproext.bnf.fr/iiif/presentation/v3/ark:/12148/bpt6k12246119/manifest.json'
For more information check: https://developer.mozilla.org/en-US/docs/Web/HTTP/Status/403",2026-07-17T19:55:11.863389
canardenchaine,bpt6k1224960t,,failed,0,0,,http_manifest,known,403,manifest,"Client error '403 ' for url 'https://openapiproext.bnf.fr/iiif/presentation/v3/ark:/12148/bpt6k1224960t/manifest.json'
For more information check: https://developer.mozilla.org/en-US/docs/Web/HTTP/Status/403",2026-07-17T19:55:13.106119
canardenchaine,bpt6k1224612q,,failed,0,0,,http_manifest,known,403,manifest,"Client error '403 ' for url 'https://openapiproext.bnf.fr/iiif/presentation/v3/ark:/12148/bpt6k1224612q/manifest.json'
For more information check: https://developer.mozilla.org/en-US/docs/Web/HTTP/Status/403",2026-07-17T19:55:14.287884
canardenchaine,bpt6k12246134,,failed,0,0,,http_manifest,known,403,manifest,"Client error '403 ' for url 'https://openapiproext.bnf.fr/iiif/presentation/v3/ark:/12148/bpt6k12246134/manifest.json'
For more information check: https://developer.mozilla.org/en-US/docs/Web/HTTP/Status/403",2026-07-17T19:55:15.566192
canardenchaine,bpt6k1224614j,,failed,0,0,,http_manifest,known,403,manifest,"Client error '403 ' for url 'https://openapiproext.bnf.fr/iiif/presentation/v3/ark:/12148/bpt6k1224614j/manifest.json'
For more information check: https://developer.mozilla.org/en-US/docs/Web/HTTP/Status/403",2026-07-17T19:55:16.633687
canardenchaine,bpt6k1224615z,,failed,0,0,,http_manifest,known,403,manifest,"Client error '403 ' for url 'https://openapiproext.bnf.fr/iiif/presentation/v3/ark:/12148/bpt6k1224615z/manifest.json'
For more information check: https://developer.mozilla.org/en-US/docs/Web/HTTP/Status/403",2026-07-17T19:55:17.748345
canardenchaine,bpt6k1224836t,,failed,0,0,,http_manifest,known,403,manifest,"Client error '403 ' for url 'https://openapiproext.bnf.fr/iiif/presentation/v3/ark:/12148/bpt6k1224836t/manifest.json'
For more information check: https://developer.mozilla.org/en-US/docs/Web/HTTP/Status/403",2026-07-17T19:55:18.968533
canardenchaine,bpt6k1224893v,,failed,0,0,,http_manifest,known,403,manifest,"Client error '403 ' for url 'https://openapiproext.bnf.fr/iiif/presentation/v3/ark:/12148/bpt6k1224893v/manifest.json'
For more information check: https://developer.mozilla.org/en-US/docs/Web/HTTP/Status/403",2026-07-17T19:55:20.143516
canardenchaine,bpt6k1224843z,,failed,0,0,,http_manifest,known,403,manifest,"Client error '403 ' for url 'https://openapiproext.bnf.fr/iiif/presentation/v3/ark:/12148/bpt6k1224843z/manifest.json'
For more information check: https://developer.mozilla.org/en-US/docs/Web/HTTP/Status/403",2026-07-17T19:55:21.374166
canardenchaine,bpt6k1224844c,,failed,0,0,,http_manifest,known,403,manifest,"Client error '403 ' for url 'https://openapiproext.bnf.fr/iiif/presentation/v3/ark:/12148/bpt6k1224844c/manifest.json'
For more information check: https://developer.mozilla.org/en-US/docs/Web/HTTP/Status/403",2026-07-17T19:55:22.544757
canardenchaine,bpt6k1224845s,,failed,0,0,,http_manifest,known,403,manifest,"Client error '403 ' for url 'https://openapiproext.bnf.fr/iiif/presentation/v3/ark:/12148/bpt6k1224845s/manifest.json'
For more information check: https://developer.mozilla.org/en-US/docs/Web/HTTP/Status/403",2026-07-17T19:55:23.742293
canardenchaine,bpt6k12248466,,failed,0,0,,http_manifest,known,403,manifest,"Client error '403 ' for url 'https://openapiproext.bnf.fr/iiif/presentation/v3/ark:/12148/bpt6k12248466/manifest.json'
For more information check: https://developer.mozilla.org/en-US/docs/Web/HTTP/Status/403",2026-07-17T19:55:24.945830
canardenchaine,bpt6k1224847m,,failed,0,0,,http_manifest,known,403,manifest,"Client error '403 ' for url 'https://openapiproext.bnf.fr/iiif/presentation/v3/ark:/12148/bpt6k1224847m/manifest.json'
For more information check: https://developer.mozilla.org/en-US/docs/Web/HTTP/Status/403",2026-07-17T19:55:26.146823
canardenchaine,bpt6k12248481,,failed,0,0,,http_manifest,known,403,manifest,"Client error '403 ' for url 'https://openapiproext.bnf.fr/iiif/presentation/v3/ark:/12148/bpt6k12248481/manifest.json'
For more information check: https://developer.mozilla.org/en-US/docs/Web/HTTP/Status/403",2026-07-17T19:55:27.373111
canardenchaine,bpt6k1224849f,,failed,0,0,,http_manifest,known,403,manifest,"Client error '403 ' for url 'https://openapiproext.bnf.fr/iiif/presentation/v3/ark:/12148/bpt6k1224849f/manifest.json'
For more information check: https://developer.mozilla.org/en-US/docs/Web/HTTP/Status/403",2026-07-17T19:55:28.549039
canardenchaine,bpt6k12248503,,failed,0,0,,http_manifest,known,403,manifest,"Client error '403 ' for url 'https://openapiproext.bnf.fr/iiif/presentation/v3/ark:/12148/bpt6k12248503/manifest.json'
For more information check: https://developer.mozilla.org/en-US/docs/Web/HTTP/Status/403",2026-07-17T19:55:29.753512
canardenchaine,bpt6k1224851h,,failed,0,0,,http_manifest,known,403,manifest,"Client error '403 ' for url 'https://openapiproext.bnf.fr/iiif/presentation/v3/ark:/12148/bpt6k1224851h/manifest.json'
For more information check: https://developer.mozilla.org/en-US/docs/Web/HTTP/Status/403",2026-07-17T19:55:30.952735
canardenchaine,bpt6k1224852x,,failed,0,0,,http_manifest,known,403,manifest,"Client error '403 ' for url 'https://openapiproext.bnf.fr/iiif/presentation/v3/ark:/12148/bpt6k1224852x/manifest.json'
For more information check: https://developer.mozilla.org/en-US/docs/Web/HTTP/Status/403",2026-07-17T19:55:32.156010
canardenchaine,bpt6k1224853b,,failed,0,0,,http_manifest,known,403,manifest,"Client error '403 ' for url 'https://openapiproext.bnf.fr/iiif/presentation/v3/ark:/12148/bpt6k1224853b/manifest.json'
For more information check: https://developer.mozilla.org/en-US/docs/Web/HTTP/Status/403",2026-07-17T19:55:33.356819
canardenchaine,bpt6k1224854r,,failed,0,0,,http_manifest,known,403,manifest,"Client error '403 ' for url 'https://openapiproext.bnf.fr/iiif/presentation/v3/ark:/12148/bpt6k1224854r/manifest.json'
For more information check: https://developer.mozilla.org/en-US/docs/Web/HTTP/Status/403",2026-07-17T19:55:34.560753
canardenchaine,bpt6k12248555,,failed,0,0,,http_manifest,known,403,manifest,"Client error '403 ' for url 'https://openapiproext.bnf.fr/iiif/presentation/v3/ark:/12148/bpt6k12248555/manifest.json'
For more information check: https://developer.mozilla.org/en-US/docs/Web/HTTP/Status/403",2026-07-17T19:55:35.762221
canardenchaine,bpt6k1224856k,,failed,0,0,,http_manifest,known,403,manifest,"Client error '403 ' for url 'https://openapiproext.bnf.fr/iiif/presentation/v3/ark:/12148/bpt6k1224856k/manifest.json'
For more information check: https://developer.mozilla.org/en-US/docs/Web/HTTP/Status/403",2026-07-17T19:55:36.960873
canardenchaine,bpt6k12248570,,failed,0,0,,http_manifest,known,403,manifest,"Client error '403 ' for url 'https://openapiproext.bnf.fr/iiif/presentation/v3/ark:/12148/bpt6k12248570/manifest.json'
For more information check: https://developer.mozilla.org/en-US/docs/Web/HTTP/Status/403",2026-07-17T19:55:38.184864
canardenchaine,bpt6k1224858d,,failed,0,0,,http_manifest,known,403,manifest,"Client error '403 ' for url 'https://openapiproext.bnf.fr/iiif/presentation/v3/ark:/12148/bpt6k1224858d/manifest.json'
For more information check: https://developer.mozilla.org/en-US/docs/Web/HTTP/Status/403",2026-07-17T19:55:39.363995
canardenchaine,bpt6k1224859t,,failed,0,0,,http_manifest,known,403,manifest,"Client error '403 ' for url 'https://openapiproext.bnf.fr/iiif/presentation/v3/ark:/12148/bpt6k1224859t/manifest.json'
For more information check: https://developer.mozilla.org/en-US/docs/Web/HTTP/Status/403",2026-07-17T19:55:40.573015
canardenchaine,bpt6k1224860g,,failed,0,0,,http_manifest,known,403,manifest,"Client error '403 ' for url 'https://openapiproext.bnf.fr/iiif/presentation/v3/ark:/12148/bpt6k1224860g/manifest.json'
For more information check: https://developer.mozilla.org/en-US/docs/Web/HTTP/Status/403",2026-07-17T19:55:41.768661
canardenchaine,bpt6k1224861w,,failed,0,0,,http_manifest,known,403,manifest,"Client error '403 ' for url 'https://openapiproext.bnf.fr/iiif/presentation/v3/ark:/12148/bpt6k1224861w/manifest.json'
For more information check: https://developer.mozilla.org/en-US/docs/Web/HTTP/Status/403",2026-07-17T19:55:42.968775
canardenchaine,bpt6k12248629,,failed,0,0,,http_manifest,known,403,manifest,"Client error '403 ' for url 'https://openapiproext.bnf.fr/iiif/presentation/v3/ark:/12148/bpt6k12248629/manifest.json'
For more information check: https://developer.mozilla.org/en-US/docs/Web/HTTP/Status/403",2026-07-17T19:55:44.170148
canardenchaine,bpt6k1224863q,,failed,0,0,,http_manifest,known,403,manifest,"Client error '403 ' for url 'https://openapiproext.bnf.fr/iiif/presentation/v3/ark:/12148/bpt6k1224863q/manifest.json'
For more information check: https://developer.mozilla.org/en-US/docs/Web/HTTP/Status/403",2026-07-17T19:55:45.390753
canardenchaine,bpt6k12248644,,failed,0,0,,http_manifest,known,403,manifest,"Client error '403 ' for url 'https://openapiproext.bnf.fr/iiif/presentation/v3/ark:/12148/bpt6k12248644/manifest.json'
For more information check: https://developer.mozilla.org/en-US/docs/Web/HTTP/Status/403",2026-07-17T19:55:46.575388
canardenchaine,bpt6k1224865j,,failed,0,0,,http_manifest,known,403,manifest,"Client error '403 ' for url 'https://openapiproext.bnf.fr/iiif/presentation/v3/ark:/12148/bpt6k1224865j/manifest.json'
For more information check: https://developer.mozilla.org/en-US/docs/Web/HTTP/Status/403",2026-07-17T19:55:47.776757
canardenchaine,bpt6k1224866z,,failed,0,0,,http_manifest,known,403,manifest,"Client error '403 ' for url 'https://openapiproext.bnf.fr/iiif/presentation/v3/ark:/12148/bpt6k1224866z/manifest.json'
For more information check: https://developer.mozilla.org/en-US/docs/Web/HTTP/Status/403",2026-07-17T19:55:48.978623
canardenchaine,bpt6k1224867c,,failed,0,0,,http_manifest,known,403,manifest,"Client error '403 ' for url 'https://openapiproext.bnf.fr/iiif/presentation/v3/ark:/12148/bpt6k1224867c/manifest.json'
For more information check: https://developer.mozilla.org/en-US/docs/Web/HTTP/Status/403",2026-07-17T19:55:50.186288
canardenchaine,bpt6k1224868s,,failed,0,0,,http_manifest,known,403,manifest,"Client error '403 ' for url 'https://openapiproext.bnf.fr/iiif/presentation/v3/ark:/12148/bpt6k1224868s/manifest.json'
For more information check: https://developer.mozilla.org/en-US/docs/Web/HTTP/Status/403",2026-07-17T19:55:51.385274
canardenchaine,bpt6k12248696,,failed,0,0,,http_manifest,known,403,manifest,"Client error '403 ' for url 'https://openapiproext.bnf.fr/iiif/presentation/v3/ark:/12148/bpt6k12248696/manifest.json'
For more information check: https://developer.mozilla.org/en-US/docs/Web/HTTP/Status/403",2026-07-17T19:55:52.589650
canardenchaine,bpt6k1224870v,,failed,0,0,,http_manifest,known,403,manifest,"Client error '403 ' for url 'https://openapiproext.bnf.fr/iiif/presentation/v3/ark:/12148/bpt6k1224870v/manifest.json'
For more information check: https://developer.mozilla.org/en-US/docs/Web/HTTP/Status/403",2026-07-17T19:55:53.791451
canardenchaine,bpt6k12248718,,failed,0,0,,http_manifest,known,403,manifest,"Client error '403 ' for url 'https://openapiproext.bnf.fr/iiif/presentation/v3/ark:/12148/bpt6k12248718/manifest.json'
For more information check: https://developer.mozilla.org/en-US/docs/Web/HTTP/Status/403",2026-07-17T19:55:54.988532
canardenchaine,bpt6k1224872p,,failed,0,0,,http_manifest,known,403,manifest,"Client error '403 ' for url 'https://openapiproext.bnf.fr/iiif/presentation/v3/ark:/12148/bpt6k1224872p/manifest.json'
For more information check: https://developer.mozilla.org/en-US/docs/Web/HTTP/Status/403",2026-07-17T19:55:56.190146
canardenchaine,bpt6k12248733,,failed,0,0,,http_manifest,known,403,manifest,"Client error '403 ' for url 'https://openapiproext.bnf.fr/iiif/presentation/v3/ark:/12148/bpt6k12248733/manifest.json'
For more information check: https://developer.mozilla.org/en-US/docs/Web/HTTP/Status/403",2026-07-17T19:55:57.388125
canardenchaine,bpt6k1224874h,,failed,0,0,,http_manifest,known,403,manifest,"Client error '403 ' for url 'https://openapiproext.bnf.fr/iiif/presentation/v3/ark:/12148/bpt6k1224874h/manifest.json'
For more information check: https://developer.mozilla.org/en-US/docs/Web/HTTP/Status/403",2026-07-17T19:55:58.590845
canardenchaine,bpt6k1224875x,,failed,0,0,,http_manifest,known,403,manifest,"Client error '403 ' for url 'https://openapiproext.bnf.fr/iiif/presentation/v3/ark:/12148/bpt6k1224875x/manifest.json'
For more information check: https://developer.mozilla.org/en-US/docs/Web/HTTP/Status/403",2026-07-17T19:55:59.793455
canardenchaine,bpt6k1224876b,,failed,0,0,,http_manifest,known,403,manifest,"Client error '403 ' for url 'https://openapiproext.bnf.fr/iiif/presentation/v3/ark:/12148/bpt6k1224876b/manifest.json'
For more information check: https://developer.mozilla.org/en-US/docs/Web/HTTP/Status/403",2026-07-17T19:56:00.996802
canardenchaine,bpt6k1224877r,,failed,0,0,,http_manifest,known,403,manifest,"Client error '403 ' for url 'https://openapiproext.bnf.fr/iiif/presentation/v3/ark:/12148/bpt6k1224877r/manifest.json'
For more information check: https://developer.mozilla.org/en-US/docs/Web/HTTP/Status/403",2026-07-17T19:56:02.198456
canardenchaine,bpt6k12248785,,failed,0,0,,http_manifest,known,403,manifest,"Client error '403 ' for url 'https://openapiproext.bnf.fr/iiif/presentation/v3/ark:/12148/bpt6k12248785/manifest.json'
For more information check: https://developer.mozilla.org/en-US/docs/Web/HTTP/Status/403",2026-07-17T19:56:03.395996
canardenchaine,bpt6k1224879k,,failed,0,0,,http_manifest,known,403,manifest,"Client error '403 ' for url 'https://openapiproext.bnf.fr/iiif/presentation/v3/ark:/12148/bpt6k1224879k/manifest.json'
For more information check: https://developer.mozilla.org/en-US/docs/Web/HTTP/Status/403",2026-07-17T19:56:04.609662
canardenchaine,bpt6k12248807,,failed,0,0,,http_manifest,known,403,manifest,"Client error '403 ' for url 'https://openapiproext.bnf.fr/iiif/presentation/v3/ark:/12148/bpt6k12248807/manifest.json'
For more information check: https://developer.mozilla.org/en-US/docs/Web/HTTP/Status/403",2026-07-17T19:56:06.085061
canardenchaine,bpt6k1224881n,,failed,0,0,,http_manifest,known,403,manifest,"Client error '403 ' for url 'https://openapiproext.bnf.fr/iiif/presentation/v3/ark:/12148/bpt6k1224881n/manifest.json'
For more information check: https://developer.mozilla.org/en-US/docs/Web/HTTP/Status/403",2026-07-17T19:56:07.002265
canardenchaine,bpt6k12248822,,failed,0,0,,http_manifest,known,403,manifest,"Client error '403 ' for url 'https://openapiproext.bnf.fr/iiif/presentation/v3/ark:/12148/bpt6k12248822/manifest.json'
For more information check: https://developer.mozilla.org/en-US/docs/Web/HTTP/Status/403",2026-07-17T19:56:08.211163
canardenchaine,bpt6k1224883g,,failed,0,0,,http_manifest,known,403,manifest,"Client error '403 ' for url 'https://openapiproext.bnf.fr/iiif/presentation/v3/ark:/12148/bpt6k1224883g/manifest.json'
For more information check: https://developer.mozilla.org/en-US/docs/Web/HTTP/Status/403",2026-07-17T19:56:09.646032
canardenchaine,bpt6k1224884w,,failed,0,0,,http_manifest,known,403,manifest,"Client error '403 ' for url 'https://openapiproext.bnf.fr/iiif/presentation/v3/ark:/12148/bpt6k1224884w/manifest.json'
For more information check: https://developer.mozilla.org/en-US/docs/Web/HTTP/Status/403",2026-07-17T19:56:10.644362
canardenchaine,bpt6k12248859,,failed,0,0,,http_manifest,known,403,manifest,"Client error '403 ' for url 'https://openapiproext.bnf.fr/iiif/presentation/v3/ark:/12148/bpt6k12248859/manifest.json'
For more information check: https://developer.mozilla.org/en-US/docs/Web/HTTP/Status/403",2026-07-17T19:56:11.813268
canardenchaine,bpt6k1224886q,,failed,0,0,,http_manifest,known,403,manifest,"Client error '403 ' for url 'https://openapiproext.bnf.fr/iiif/presentation/v3/ark:/12148/bpt6k1224886q/manifest.json'
For more information check: https://developer.mozilla.org/en-US/docs/Web/HTTP/Status/403",2026-07-17T19:56:13.106061
canardenchaine,bpt6k12248874,,failed,0,0,,http_manifest,known,403,manifest,"Client error '403 ' for url 'https://openapiproext.bnf.fr/iiif/presentation/v3/ark:/12148/bpt6k12248874/manifest.json'
For more information check: https://developer.mozilla.org/en-US/docs/Web/HTTP/Status/403",2026-07-17T19:56:14.322070
canardenchaine,bpt6k1224888j,,failed,0,0,,http_manifest,known,403,manifest,"Client error '403 ' for url 'https://openapiproext.bnf.fr/iiif/presentation/v3/ark:/12148/bpt6k1224888j/manifest.json'
For more information check: https://developer.mozilla.org/en-US/docs/Web/HTTP/Status/403",2026-07-17T19:56:15.808778
canardenchaine,bpt6k1224889z,,failed,0,0,,http_manifest,known,403,manifest,"Client error '403 ' for url 'https://openapiproext.bnf.fr/iiif/presentation/v3/ark:/12148/bpt6k1224889z/manifest.json'
For more information check: https://developer.mozilla.org/en-US/docs/Web/HTTP/Status/403",2026-07-17T19:56:16.862932
canardenchaine,bpt6k1224890m,,failed,0,0,,http_manifest,known,403,manifest,"Client error '403 ' for url 'https://openapiproext.bnf.fr/iiif/presentation/v3/ark:/12148/bpt6k1224890m/manifest.json'
For more information check: https://developer.mozilla.org/en-US/docs/Web/HTTP/Status/403",2026-07-17T19:56:17.901148
canardenchaine,bpt6k12248911,,failed,0,0,,http_manifest,known,403,manifest,"Client error '403 ' for url 'https://openapiproext.bnf.fr/iiif/presentation/v3/ark:/12148/bpt6k12248911/manifest.json'
For more information check: https://developer.mozilla.org/en-US/docs/Web/HTTP/Status/403",2026-07-17T19:56:19.233299
canardenchaine,bpt6k1224892f,,failed,0,0,,http_manifest,known,403,manifest,"Client error '403 ' for url 'https://openapiproext.bnf.fr/iiif/presentation/v3/ark:/12148/bpt6k1224892f/manifest.json'
For more information check: https://developer.mozilla.org/en-US/docs/Web/HTTP/Status/403",2026-07-17T19:56:20.219143
canardenchaine,bpt6k1224113d,,failed,0,0,,http_manifest,known,403,manifest,"Client error '403 ' for url 'https://openapiproext.bnf.fr/iiif/presentation/v3/ark:/12148/bpt6k1224113d/manifest.json'
For more information check: https://developer.mozilla.org/en-US/docs/Web/HTTP/Status/403",2026-07-17T19:56:21.422112
canardenchaine,bpt6k1224114t,,failed,0,0,,http_manifest,known,403,manifest,"Client error '403 ' for url 'https://openapiproext.bnf.fr/iiif/presentation/v3/ark:/12148/bpt6k1224114t/manifest.json'
For more information check: https://developer.mozilla.org/en-US/docs/Web/HTTP/Status/403",2026-07-17T19:56:22.621586
canardenchaine,bpt6k12241157,,failed,0,0,,http_manifest,known,403,manifest,"Client error '403 ' for url 'https://openapiproext.bnf.fr/iiif/presentation/v3/ark:/12148/bpt6k12241157/manifest.json'
For more information check: https://developer.mozilla.org/en-US/docs/Web/HTTP/Status/403",2026-07-17T19:56:23.823259
canardenchaine,bpt6k1224116n,,failed,0,0,,http_manifest,known,403,manifest,"Client error '403 ' for url 'https://openapiproext.bnf.fr/iiif/presentation/v3/ark:/12148/bpt6k1224116n/manifest.json'
For more information check: https://developer.mozilla.org/en-US/docs/Web/HTTP/Status/403",2026-07-17T19:56:25.023909
canardenchaine,bpt6k12241172,,failed,0,0,,http_manifest,known,403,manifest,"Client error '403 ' for url 'https://openapiproext.bnf.fr/iiif/presentation/v3/ark:/12148/bpt6k12241172/manifest.json'
For more information check: https://developer.mozilla.org/en-US/docs/Web/HTTP/Status/403",2026-07-17T19:56:26.224918
canardenchaine,bpt6k1224118g,,failed,0,0,,http_manifest,known,403,manifest,"Client error '403 ' for url 'https://openapiproext.bnf.fr/iiif/presentation/v3/ark:/12148/bpt6k1224118g/manifest.json'
For more information check: https://developer.mozilla.org/en-US/docs/Web/HTTP/Status/403",2026-07-17T19:56:27.452980
canardenchaine,bpt6k1224119w,,failed,0,0,,http_manifest,known,403,manifest,"Client error '403 ' for url 'https://openapiproext.bnf.fr/iiif/presentation/v3/ark:/12148/bpt6k1224119w/manifest.json'
For more information check: https://developer.mozilla.org/en-US/docs/Web/HTTP/Status/403",2026-07-17T19:56:28.627727
canardenchaine,bpt6k1224120j,,failed,0,0,,http_manifest,known,403,manifest,"Client error '403 ' for url 'https://openapiproext.bnf.fr/iiif/presentation/v3/ark:/12148/bpt6k1224120j/manifest.json'
For more information check: https://developer.mozilla.org/en-US/docs/Web/HTTP/Status/403",2026-07-17T19:56:29.829630
canardenchaine,bpt6k1224121z,,failed,0,0,,http_manifest,known,403,manifest,"Client error '403 ' for url 'https://openapiproext.bnf.fr/iiif/presentation/v3/ark:/12148/bpt6k1224121z/manifest.json'
For more information check: https://developer.mozilla.org/en-US/docs/Web/HTTP/Status/403",2026-07-17T19:56:31.033207
canardenchaine,bpt6k1224122c,,failed,0,0,,http_manifest,known,403,manifest,"Client error '403 ' for url 'https://openapiproext.bnf.fr/iiif/presentation/v3/ark:/12148/bpt6k1224122c/manifest.json'
For more information check: https://developer.mozilla.org/en-US/docs/Web/HTTP/Status/403",2026-07-17T19:56:32.237969
canardenchaine,bpt6k1224123s,,failed,0,0,,http_manifest,known,403,manifest,"Client error '403 ' for url 'https://openapiproext.bnf.fr/iiif/presentation/v3/ark:/12148/bpt6k1224123s/manifest.json'
For more information check: https://developer.mozilla.org/en-US/docs/Web/HTTP/Status/403",2026-07-17T19:56:33.436886
canardenchaine,bpt6k12241246,,failed,0,0,,http_manifest,known,403,manifest,"Client error '403 ' for url 'https://openapiproext.bnf.fr/iiif/presentation/v3/ark:/12148/bpt6k12241246/manifest.json'
For more information check: https://developer.mozilla.org/en-US/docs/Web/HTTP/Status/403",2026-07-17T19:56:34.649875
canardenchaine,bpt6k1224125m,,failed,0,0,,http_manifest,known,403,manifest,"Client error '403 ' for url 'https://openapiproext.bnf.fr/iiif/presentation/v3/ark:/12148/bpt6k1224125m/manifest.json'
For more information check: https://developer.mozilla.org/en-US/docs/Web/HTTP/Status/403",2026-07-17T19:56:35.844538
canardenchaine,bpt6k12241261,,failed,0,0,,http_manifest,known,403,manifest,"Client error '403 ' for url 'https://openapiproext.bnf.fr/iiif/presentation/v3/ark:/12148/bpt6k12241261/manifest.json'
For more information check: https://developer.mozilla.org/en-US/docs/Web/HTTP/Status/403",2026-07-17T19:56:37.041930
canardenchaine,bpt6k1224127f,,failed,0,0,,http_manifest,known,403,manifest,"Client error '403 ' for url 'https://openapiproext.bnf.fr/iiif/presentation/v3/ark:/12148/bpt6k1224127f/manifest.json'
For more information check: https://developer.mozilla.org/en-US/docs/Web/HTTP/Status/403",2026-07-17T19:56:38.243346
canardenchaine,bpt6k1224128v,,failed,0,0,,http_manifest,known,403,manifest,"Client error '403 ' for url 'https://openapiproext.bnf.fr/iiif/presentation/v3/ark:/12148/bpt6k1224128v/manifest.json'
For more information check: https://developer.mozilla.org/en-US/docs/Web/HTTP/Status/403",2026-07-17T19:56:39.470010
canardenchaine,bpt6k12241298,,failed,0,0,,http_manifest,known,403,manifest,"Client error '403 ' for url 'https://openapiproext.bnf.fr/iiif/presentation/v3/ark:/12148/bpt6k12241298/manifest.json'
For more information check: https://developer.mozilla.org/en-US/docs/Web/HTTP/Status/403",2026-07-17T19:56:40.643657
canardenchaine,bpt6k1224130x,,failed,0,0,,http_manifest,known,403,manifest,"Client error '403 ' for url 'https://openapiproext.bnf.fr/iiif/presentation/v3/ark:/12148/bpt6k1224130x/manifest.json'
For more information check: https://developer.mozilla.org/en-US/docs/Web/HTTP/Status/403",2026-07-17T19:56:41.844864
canardenchaine,bpt6k1224131b,,failed,0,0,,http_manifest,known,403,manifest,"Client error '403 ' for url 'https://openapiproext.bnf.fr/iiif/presentation/v3/ark:/12148/bpt6k1224131b/manifest.json'
For more information check: https://developer.mozilla.org/en-US/docs/Web/HTTP/Status/403",2026-07-17T19:56:43.049038
canardenchaine,bpt6k1224132r,,failed,0,0,,http_manifest,known,403,manifest,"Client error '403 ' for url 'https://openapiproext.bnf.fr/iiif/presentation/v3/ark:/12148/bpt6k1224132r/manifest.json'
For more information check: https://developer.mozilla.org/en-US/docs/Web/HTTP/Status/403",2026-07-17T19:56:44.248060
canardenchaine,bpt6k12241335,,failed,0,0,,http_manifest,known,403,manifest,"Client error '403 ' for url 'https://openapiproext.bnf.fr/iiif/presentation/v3/ark:/12148/bpt6k12241335/manifest.json'
For more information check: https://developer.mozilla.org/en-US/docs/Web/HTTP/Status/403",2026-07-17T19:56:45.481974
canardenchaine,bpt6k1224134k,,failed,0,0,,http_manifest,known,403,manifest,"Client error '403 ' for url 'https://openapiproext.bnf.fr/iiif/presentation/v3/ark:/12148/bpt6k1224134k/manifest.json'
For more information check: https://developer.mozilla.org/en-US/docs/Web/HTTP/Status/403",2026-07-17T19:56:46.658260
canardenchaine,bpt6k12241350,,failed,0,0,,http_manifest,known,403,manifest,"Client error '403 ' for url 'https://openapiproext.bnf.fr/iiif/presentation/v3/ark:/12148/bpt6k12241350/manifest.json'
For more information check: https://developer.mozilla.org/en-US/docs/Web/HTTP/Status/403",2026-07-17T19:56:47.853854
canardenchaine,bpt6k1224136d,,failed,0,0,,http_manifest,known,403,manifest,"Client error '403 ' for url 'https://openapiproext.bnf.fr/iiif/presentation/v3/ark:/12148/bpt6k1224136d/manifest.json'
For more information check: https://developer.mozilla.org/en-US/docs/Web/HTTP/Status/403",2026-07-17T19:56:49.056448
canardenchaine,bpt6k1224137t,,failed,0,0,,http_manifest,known,403,manifest,"Client error '403 ' for url 'https://openapiproext.bnf.fr/iiif/presentation/v3/ark:/12148/bpt6k1224137t/manifest.json'
For more information check: https://developer.mozilla.org/en-US/docs/Web/HTTP/Status/403",2026-07-17T19:56:50.258564
canardenchaine,bpt6k12241387,,failed,0,0,,http_manifest,known,403,manifest,"Client error '403 ' for url 'https://openapiproext.bnf.fr/iiif/presentation/v3/ark:/12148/bpt6k12241387/manifest.json'
For more information check: https://developer.mozilla.org/en-US/docs/Web/HTTP/Status/403",2026-07-17T19:56:51.463405
canardenchaine,bpt6k1224139n,,failed,0,0,,http_manifest,known,403,manifest,"Client error '403 ' for url 'https://openapiproext.bnf.fr/iiif/presentation/v3/ark:/12148/bpt6k1224139n/manifest.json'
For more information check: https://developer.mozilla.org/en-US/docs/Web/HTTP/Status/403",2026-07-17T19:56:52.666260
canardenchaine,bpt6k12241409,,failed,0,0,,http_manifest,known,403,manifest,"Client error '403 ' for url 'https://openapiproext.bnf.fr/iiif/presentation/v3/ark:/12148/bpt6k12241409/manifest.json'
For more information check: https://developer.mozilla.org/en-US/docs/Web/HTTP/Status/403",2026-07-17T19:56:53.865736
canardenchaine,bpt6k1224141q,,failed,0,0,,http_manifest,known,403,manifest,"Client error '403 ' for url 'https://openapiproext.bnf.fr/iiif/presentation/v3/ark:/12148/bpt6k1224141q/manifest.json'
For more information check: https://developer.mozilla.org/en-US/docs/Web/HTTP/Status/403",2026-07-17T19:56:55.063569
canardenchaine,bpt6k12241424,,failed,0,0,,http_manifest,known,403,manifest,"Client error '403 ' for url 'https://openapiproext.bnf.fr/iiif/presentation/v3/ark:/12148/bpt6k12241424/manifest.json'
For more information check: https://developer.mozilla.org/en-US/docs/Web/HTTP/Status/403",2026-07-17T19:56:56.267089
canardenchaine,bpt6k1224143j,,failed,0,0,,http_manifest,known,403,manifest,"Client error '403 ' for url 'https://openapiproext.bnf.fr/iiif/presentation/v3/ark:/12148/bpt6k1224143j/manifest.json'
For more information check: https://developer.mozilla.org/en-US/docs/Web/HTTP/Status/403",2026-07-17T19:56:57.570596
canardenchaine,bpt6k1224144z,,failed,0,0,,http_manifest,known,403,manifest,"Client error '403 ' for url 'https://openapiproext.bnf.fr/iiif/presentation/v3/ark:/12148/bpt6k1224144z/manifest.json'
For more information check: https://developer.mozilla.org/en-US/docs/Web/HTTP/Status/403",2026-07-17T19:56:58.667967
canardenchaine,bpt6k1224145c,,failed,0,0,,http_manifest,known,403,manifest,"Client error '403 ' for url 'https://openapiproext.bnf.fr/iiif/presentation/v3/ark:/12148/bpt6k1224145c/manifest.json'
For more information check: https://developer.mozilla.org/en-US/docs/Web/HTTP/Status/403",2026-07-17T19:57:00.036912
canardenchaine,bpt6k1224146s,,failed,0,0,,http_manifest,known,403,manifest,"Client error '403 ' for url 'https://openapiproext.bnf.fr/iiif/presentation/v3/ark:/12148/bpt6k1224146s/manifest.json'
For more information check: https://developer.mozilla.org/en-US/docs/Web/HTTP/Status/403",2026-07-17T19:57:01.080626
canardenchaine,bpt6k12241476,,failed,0,0,,http_manifest,known,403,manifest,"Client error '403 ' for url 'https://openapiproext.bnf.fr/iiif/presentation/v3/ark:/12148/bpt6k12241476/manifest.json'
For more information check: https://developer.mozilla.org/en-US/docs/Web/HTTP/Status/403",2026-07-17T19:57:02.383295
canardenchaine,bpt6k1224148m,,failed,0,0,,http_manifest,known,403,manifest,"Client error '403 ' for url 'https://openapiproext.bnf.fr/iiif/presentation/v3/ark:/12148/bpt6k1224148m/manifest.json'
For more information check: https://developer.mozilla.org/en-US/docs/Web/HTTP/Status/403",2026-07-17T19:57:03.577139
canardenchaine,bpt6k12241491,,failed,0,0,,http_manifest,known,403,manifest,"Client error '403 ' for url 'https://openapiproext.bnf.fr/iiif/presentation/v3/ark:/12148/bpt6k12241491/manifest.json'
For more information check: https://developer.mozilla.org/en-US/docs/Web/HTTP/Status/403",2026-07-17T19:57:04.865547
canardenchaine,bpt6k1224150p,,failed,0,0,,http_manifest,known,403,manifest,"Client error '403 ' for url 'https://openapiproext.bnf.fr/iiif/presentation/v3/ark:/12148/bpt6k1224150p/manifest.json'
For more information check: https://developer.mozilla.org/en-US/docs/Web/HTTP/Status/403",2026-07-17T19:57:05.942309
canardenchaine,bpt6k12241513,,failed,0,0,,http_manifest,known,403,manifest,"Client error '403 ' for url 'https://openapiproext.bnf.fr/iiif/presentation/v3/ark:/12148/bpt6k12241513/manifest.json'
For more information check: https://developer.mozilla.org/en-US/docs/Web/HTTP/Status/403",2026-07-17T19:57:07.085161
canardenchaine,bpt6k1224152h,,failed,0,0,,http_manifest,known,403,manifest,"Client error '403 ' for url 'https://openapiproext.bnf.fr/iiif/presentation/v3/ark:/12148/bpt6k1224152h/manifest.json'
For more information check: https://developer.mozilla.org/en-US/docs/Web/HTTP/Status/403",2026-07-17T19:57:08.285737
canardenchaine,bpt6k1224153x,,failed,0,0,,http_manifest,known,403,manifest,"Client error '403 ' for url 'https://openapiproext.bnf.fr/iiif/presentation/v3/ark:/12148/bpt6k1224153x/manifest.json'
For more information check: https://developer.mozilla.org/en-US/docs/Web/HTTP/Status/403",2026-07-17T19:57:09.508759
canardenchaine,bpt6k1224154b,,failed,0,0,,http_manifest,known,403,manifest,"Client error '403 ' for url 'https://openapiproext.bnf.fr/iiif/presentation/v3/ark:/12148/bpt6k1224154b/manifest.json'
For more information check: https://developer.mozilla.org/en-US/docs/Web/HTTP/Status/403",2026-07-17T19:57:10.691632
canardenchaine,bpt6k1224155r,,failed,0,0,,http_manifest,known,403,manifest,"Client error '403 ' for url 'https://openapiproext.bnf.fr/iiif/presentation/v3/ark:/12148/bpt6k1224155r/manifest.json'
For more information check: https://developer.mozilla.org/en-US/docs/Web/HTTP/Status/403",2026-07-17T19:57:12.125891
canardenchaine,bpt6k12241565,,failed,0,0,,http_manifest,known,403,manifest,"Client error '403 ' for url 'https://openapiproext.bnf.fr/iiif/presentation/v3/ark:/12148/bpt6k12241565/manifest.json'
For more information check: https://developer.mozilla.org/en-US/docs/Web/HTTP/Status/403",2026-07-17T19:57:13.245504
canardenchaine,bpt6k1224157k,,failed,0,0,,http_manifest,known,403,manifest,"Client error '403 ' for url 'https://openapiproext.bnf.fr/iiif/presentation/v3/ark:/12148/bpt6k1224157k/manifest.json'
For more information check: https://developer.mozilla.org/en-US/docs/Web/HTTP/Status/403",2026-07-17T19:57:14.286859
canardenchaine,bpt6k12241580,,failed,0,0,,http_manifest,known,403,manifest,"Client error '403 ' for url 'https://openapiproext.bnf.fr/iiif/presentation/v3/ark:/12148/bpt6k12241580/manifest.json'
For more information check: https://developer.mozilla.org/en-US/docs/Web/HTTP/Status/403",2026-07-17T19:57:15.516569
canardenchaine,bpt6k1224159d,,failed,0,0,,http_manifest,known,403,manifest,"Client error '403 ' for url 'https://openapiproext.bnf.fr/iiif/presentation/v3/ark:/12148/bpt6k1224159d/manifest.json'
For more information check: https://developer.mozilla.org/en-US/docs/Web/HTTP/Status/403",2026-07-17T19:57:16.691636
canardenchaine,bpt6k12241602,,failed,0,0,,http_manifest,known,403,manifest,"Client error '403 ' for url 'https://openapiproext.bnf.fr/iiif/presentation/v3/ark:/12148/bpt6k12241602/manifest.json'
For more information check: https://developer.mozilla.org/en-US/docs/Web/HTTP/Status/403",2026-07-17T19:57:17.903030
canardenchaine,bpt6k1224161g,,failed,0,0,,http_manifest,known,403,manifest,"Client error '403 ' for url 'https://openapiproext.bnf.fr/iiif/presentation/v3/ark:/12148/bpt6k1224161g/manifest.json'
For more information check: https://developer.mozilla.org/en-US/docs/Web/HTTP/Status/403",2026-07-17T19:57:19.095869
canardenchaine,bpt6k1224162w,,failed,0,0,,http_manifest,known,403,manifest,"Client error '403 ' for url 'https://openapiproext.bnf.fr/iiif/presentation/v3/ark:/12148/bpt6k1224162w/manifest.json'
For more information check: https://developer.mozilla.org/en-US/docs/Web/HTTP/Status/403",2026-07-17T19:57:20.299025
canardenchaine,bpt6k12241639,,failed,0,0,,http_manifest,known,403,manifest,"Client error '403 ' for url 'https://openapiproext.bnf.fr/iiif/presentation/v3/ark:/12148/bpt6k12241639/manifest.json'
For more information check: https://developer.mozilla.org/en-US/docs/Web/HTTP/Status/403",2026-07-17T19:57:21.501357
canardenchaine,bpt6k1224164q,,failed,0,0,,http_manifest,known,403,manifest,"Client error '403 ' for url 'https://openapiproext.bnf.fr/iiif/presentation/v3/ark:/12148/bpt6k1224164q/manifest.json'
For more information check: https://developer.mozilla.org/en-US/docs/Web/HTTP/Status/403",2026-07-17T19:57:22.702182
canardenchaine,bpt6k1224616c,,failed,0,0,,http_manifest,known,403,manifest,"Client error '403 ' for url 'https://openapiproext.bnf.fr/iiif/presentation/v3/ark:/12148/bpt6k1224616c/manifest.json'
For more information check: https://developer.mozilla.org/en-US/docs/Web/HTTP/Status/403",2026-07-17T19:57:23.903939
canardenchaine,bpt6k1224617s,,failed,0,0,,http_manifest,known,403,manifest,"Client error '403 ' for url 'https://openapiproext.bnf.fr/iiif/presentation/v3/ark:/12148/bpt6k1224617s/manifest.json'
For more information check: https://developer.mozilla.org/en-US/docs/Web/HTTP/Status/403",2026-07-17T19:57:25.122362
canardenchaine,bpt6k12246186,,failed,0,0,,http_manifest,known,403,manifest,"Client error '403 ' for url 'https://openapiproext.bnf.fr/iiif/presentation/v3/ark:/12148/bpt6k12246186/manifest.json'
For more information check: https://developer.mozilla.org/en-US/docs/Web/HTTP/Status/403",2026-07-17T19:57:26.304774
canardenchaine,bpt6k1224619m,,failed,0,0,,http_manifest,known,403,manifest,"Client error '403 ' for url 'https://openapiproext.bnf.fr/iiif/presentation/v3/ark:/12148/bpt6k1224619m/manifest.json'
For more information check: https://developer.mozilla.org/en-US/docs/Web/HTTP/Status/403",2026-07-17T19:57:27.531321
canardenchaine,bpt6k12246208,,failed,0,0,,http_manifest,known,403,manifest,"Client error '403 ' for url 'https://openapiproext.bnf.fr/iiif/presentation/v3/ark:/12148/bpt6k12246208/manifest.json'
For more information check: https://developer.mozilla.org/en-US/docs/Web/HTTP/Status/403",2026-07-17T19:57:28.713279
canardenchaine,bpt6k1224621p,,failed,0,0,,http_manifest,known,403,manifest,"Client error '403 ' for url 'https://openapiproext.bnf.fr/iiif/presentation/v3/ark:/12148/bpt6k1224621p/manifest.json'
For more information check: https://developer.mozilla.org/en-US/docs/Web/HTTP/Status/403",2026-07-17T19:57:29.920975
canardenchaine,bpt6k12246223,,failed,0,0,,http_manifest,known,403,manifest,"Client error '403 ' for url 'https://openapiproext.bnf.fr/iiif/presentation/v3/ark:/12148/bpt6k12246223/manifest.json'
For more information check: https://developer.mozilla.org/en-US/docs/Web/HTTP/Status/403",2026-07-17T19:57:31.112082
canardenchaine,bpt6k1224623h,,failed,0,0,,http_manifest,known,403,manifest,"Client error '403 ' for url 'https://openapiproext.bnf.fr/iiif/presentation/v3/ark:/12148/bpt6k1224623h/manifest.json'
For more information check: https://developer.mozilla.org/en-US/docs/Web/HTTP/Status/403",2026-07-17T19:57:32.314145
canardenchaine,bpt6k1224624x,,failed,0,0,,http_manifest,known,403,manifest,"Client error '403 ' for url 'https://openapiproext.bnf.fr/iiif/presentation/v3/ark:/12148/bpt6k1224624x/manifest.json'
For more information check: https://developer.mozilla.org/en-US/docs/Web/HTTP/Status/403",2026-07-17T19:57:33.513716
canardenchaine,bpt6k1224625b,,failed,0,0,,http_manifest,known,403,manifest,"Client error '403 ' for url 'https://openapiproext.bnf.fr/iiif/presentation/v3/ark:/12148/bpt6k1224625b/manifest.json'
For more information check: https://developer.mozilla.org/en-US/docs/Web/HTTP/Status/403",2026-07-17T19:57:34.714342
canardenchaine,bpt6k1224626r,,failed,0,0,,http_manifest,known,403,manifest,"Client error '403 ' for url 'https://openapiproext.bnf.fr/iiif/presentation/v3/ark:/12148/bpt6k1224626r/manifest.json'
For more information check: https://developer.mozilla.org/en-US/docs/Web/HTTP/Status/403",2026-07-17T19:57:35.918265
canardenchaine,bpt6k12246275,,failed,0,0,,http_manifest,known,403,manifest,"Client error '403 ' for url 'https://openapiproext.bnf.fr/iiif/presentation/v3/ark:/12148/bpt6k12246275/manifest.json'
For more information check: https://developer.mozilla.org/en-US/docs/Web/HTTP/Status/403",2026-07-17T19:57:37.119605
canardenchaine,bpt6k1224628k,,failed,0,0,,http_manifest,known,403,manifest,"Client error '403 ' for url 'https://openapiproext.bnf.fr/iiif/presentation/v3/ark:/12148/bpt6k1224628k/manifest.json'
For more information check: https://developer.mozilla.org/en-US/docs/Web/HTTP/Status/403",2026-07-17T19:57:38.322155
canardenchaine,bpt6k12246290,,failed,0,0,,http_manifest,known,403,manifest,"Client error '403 ' for url 'https://openapiproext.bnf.fr/iiif/presentation/v3/ark:/12148/bpt6k12246290/manifest.json'
For more information check: https://developer.mozilla.org/en-US/docs/Web/HTTP/Status/403",2026-07-17T19:57:39.544203
canardenchaine,bpt6k1224630n,,failed,0,0,,http_manifest,known,403,manifest,"Client error '403 ' for url 'https://openapiproext.bnf.fr/iiif/presentation/v3/ark:/12148/bpt6k1224630n/manifest.json'
For more information check: https://developer.mozilla.org/en-US/docs/Web/HTTP/Status/403",2026-07-17T19:57:40.724037
canardenchaine,bpt6k12246312,,failed,0,0,,http_manifest,known,403,manifest,"Client error '403 ' for url 'https://openapiproext.bnf.fr/iiif/presentation/v3/ark:/12148/bpt6k12246312/manifest.json'
For more information check: https://developer.mozilla.org/en-US/docs/Web/HTTP/Status/403",2026-07-17T19:57:41.925913
canardenchaine,bpt6k1224632g,,failed,0,0,,http_manifest,known,403,manifest,"Client error '403 ' for url 'https://openapiproext.bnf.fr/iiif/presentation/v3/ark:/12148/bpt6k1224632g/manifest.json'
For more information check: https://developer.mozilla.org/en-US/docs/Web/HTTP/Status/403",2026-07-17T19:57:43.126914
canardenchaine,bpt6k1224633w,,failed,0,0,,http_manifest,known,403,manifest,"Client error '403 ' for url 'https://openapiproext.bnf.fr/iiif/presentation/v3/ark:/12148/bpt6k1224633w/manifest.json'
For more information check: https://developer.mozilla.org/en-US/docs/Web/HTTP/Status/403",2026-07-17T19:57:44.326624
canardenchaine,bpt6k12246349,,failed,0,0,,http_manifest,known,403,manifest,"Client error '403 ' for url 'https://openapiproext.bnf.fr/iiif/presentation/v3/ark:/12148/bpt6k12246349/manifest.json'
For more information check: https://developer.mozilla.org/en-US/docs/Web/HTTP/Status/403",2026-07-17T19:57:45.571034
canardenchaine,bpt6k1224635q,,failed,0,0,,http_manifest,known,403,manifest,"Client error '403 ' for url 'https://openapiproext.bnf.fr/iiif/presentation/v3/ark:/12148/bpt6k1224635q/manifest.json'
For more information check: https://developer.mozilla.org/en-US/docs/Web/HTTP/Status/403",2026-07-17T19:57:46.733299
canardenchaine,bpt6k12246364,,failed,0,0,,http_manifest,known,403,manifest,"Client error '403 ' for url 'https://openapiproext.bnf.fr/iiif/presentation/v3/ark:/12148/bpt6k12246364/manifest.json'
For more information check: https://developer.mozilla.org/en-US/docs/Web/HTTP/Status/403",2026-07-17T19:57:47.938034
canardenchaine,bpt6k1224637j,,failed,0,0,,http_manifest,known,403,manifest,"Client error '403 ' for url 'https://openapiproext.bnf.fr/iiif/presentation/v3/ark:/12148/bpt6k1224637j/manifest.json'
For more information check: https://developer.mozilla.org/en-US/docs/Web/HTTP/Status/403",2026-07-17T19:57:49.136073
canardenchaine,bpt6k1224638z,,failed,0,0,,http_manifest,known,403,manifest,"Client error '403 ' for url 'https://openapiproext.bnf.fr/iiif/presentation/v3/ark:/12148/bpt6k1224638z/manifest.json'
For more information check: https://developer.mozilla.org/en-US/docs/Web/HTTP/Status/403",2026-07-17T19:57:50.337733
canardenchaine,bpt6k1224639c,,failed,0,0,,http_manifest,known,403,manifest,"Client error '403 ' for url 'https://openapiproext.bnf.fr/iiif/presentation/v3/ark:/12148/bpt6k1224639c/manifest.json'
For more information check: https://developer.mozilla.org/en-US/docs/Web/HTTP/Status/403",2026-07-17T19:57:51.560994
canardenchaine,bpt6k12246401,,failed,0,0,,http_manifest,known,403,manifest,"Client error '403 ' for url 'https://openapiproext.bnf.fr/iiif/presentation/v3/ark:/12148/bpt6k12246401/manifest.json'
For more information check: https://developer.mozilla.org/en-US/docs/Web/HTTP/Status/403",2026-07-17T19:57:52.741690
canardenchaine,bpt6k1224641f,,failed,0,0,,http_manifest,known,403,manifest,"Client error '403 ' for url 'https://openapiproext.bnf.fr/iiif/presentation/v3/ark:/12148/bpt6k1224641f/manifest.json'
For more information check: https://developer.mozilla.org/en-US/docs/Web/HTTP/Status/403",2026-07-17T19:57:53.948668
canardenchaine,bpt6k1224642v,,failed,0,0,,http_manifest,known,403,manifest,"Client error '403 ' for url 'https://openapiproext.bnf.fr/iiif/presentation/v3/ark:/12148/bpt6k1224642v/manifest.json'
For more information check: https://developer.mozilla.org/en-US/docs/Web/HTTP/Status/403",2026-07-17T19:57:55.147033
canardenchaine,bpt6k12246438,,failed,0,0,,http_manifest,known,403,manifest,"Client error '403 ' for url 'https://openapiproext.bnf.fr/iiif/presentation/v3/ark:/12148/bpt6k12246438/manifest.json'
For more information check: https://developer.mozilla.org/en-US/docs/Web/HTTP/Status/403",2026-07-17T19:57:56.345278
canardenchaine,bpt6k1224644p,,failed,0,0,,http_manifest,known,403,manifest,"Client error '403 ' for url 'https://openapiproext.bnf.fr/iiif/presentation/v3/ark:/12148/bpt6k1224644p/manifest.json'
For more information check: https://developer.mozilla.org/en-US/docs/Web/HTTP/Status/403",2026-07-17T19:57:57.631557
canardenchaine,bpt6k12246453,,failed,0,0,,http_manifest,known,403,manifest,"Client error '403 ' for url 'https://openapiproext.bnf.fr/iiif/presentation/v3/ark:/12148/bpt6k12246453/manifest.json'
For more information check: https://developer.mozilla.org/en-US/docs/Web/HTTP/Status/403",2026-07-17T19:57:58.751922
canardenchaine,bpt6k1224646h,,failed,0,0,,http_manifest,known,403,manifest,"Client error '403 ' for url 'https://openapiproext.bnf.fr/iiif/presentation/v3/ark:/12148/bpt6k1224646h/manifest.json'
For more information check: https://developer.mozilla.org/en-US/docs/Web/HTTP/Status/403",2026-07-17T19:57:59.982696
canardenchaine,bpt6k1224647x,,failed,0,0,,http_manifest,known,403,manifest,"Client error '403 ' for url 'https://openapiproext.bnf.fr/iiif/presentation/v3/ark:/12148/bpt6k1224647x/manifest.json'
For more information check: https://developer.mozilla.org/en-US/docs/Web/HTTP/Status/403",2026-07-17T19:58:01.153041
canardenchaine,bpt6k1224648b,,failed,0,0,,http_manifest,known,403,manifest,"Client error '403 ' for url 'https://openapiproext.bnf.fr/iiif/presentation/v3/ark:/12148/bpt6k1224648b/manifest.json'
For more information check: https://developer.mozilla.org/en-US/docs/Web/HTTP/Status/403",2026-07-17T19:58:02.374184
canardenchaine,bpt6k1224649r,,failed,0,0,,http_manifest,known,403,manifest,"Client error '403 ' for url 'https://openapiproext.bnf.fr/iiif/presentation/v3/ark:/12148/bpt6k1224649r/manifest.json'
For more information check: https://developer.mozilla.org/en-US/docs/Web/HTTP/Status/403",2026-07-17T19:58:03.556584
canardenchaine,bpt6k1224650d,,failed,0,0,,http_manifest,known,403,manifest,"Client error '403 ' for url 'https://openapiproext.bnf.fr/iiif/presentation/v3/ark:/12148/bpt6k1224650d/manifest.json'
For more information check: https://developer.mozilla.org/en-US/docs/Web/HTTP/Status/403",2026-07-17T19:58:04.759089
canardenchaine,bpt6k1224651t,,failed,0,0,,http_manifest,known,403,manifest,"Client error '403 ' for url 'https://openapiproext.bnf.fr/iiif/presentation/v3/ark:/12148/bpt6k1224651t/manifest.json'
For more information check: https://developer.mozilla.org/en-US/docs/Web/HTTP/Status/403",2026-07-17T19:58:06.088862
canardenchaine,bpt6k12246527,,failed,0,0,,http_manifest,known,403,manifest,"Client error '403 ' for url 'https://openapiproext.bnf.fr/iiif/presentation/v3/ark:/12148/bpt6k12246527/manifest.json'
For more information check: https://developer.mozilla.org/en-US/docs/Web/HTTP/Status/403",2026-07-17T19:58:07.166276
canardenchaine,bpt6k1224653n,,failed,0,0,,http_manifest,known,403,manifest,"Client error '403 ' for url 'https://openapiproext.bnf.fr/iiif/presentation/v3/ark:/12148/bpt6k1224653n/manifest.json'
For more information check: https://developer.mozilla.org/en-US/docs/Web/HTTP/Status/403",2026-07-17T19:58:08.483419
canardenchaine,bpt6k12246542,,failed,0,0,,http_manifest,known,403,manifest,"Client error '403 ' for url 'https://openapiproext.bnf.fr/iiif/presentation/v3/ark:/12148/bpt6k12246542/manifest.json'
For more information check: https://developer.mozilla.org/en-US/docs/Web/HTTP/Status/403",2026-07-17T19:58:09.830636
canardenchaine,bpt6k1224655g,,failed,0,0,,http_manifest,known,403,manifest,"Client error '403 ' for url 'https://openapiproext.bnf.fr/iiif/presentation/v3/ark:/12148/bpt6k1224655g/manifest.json'
For more information check: https://developer.mozilla.org/en-US/docs/Web/HTTP/Status/403",2026-07-17T19:58:10.797973
canardenchaine,bpt6k1224656w,,failed,0,0,,http_manifest,known,403,manifest,"Client error '403 ' for url 'https://openapiproext.bnf.fr/iiif/presentation/v3/ark:/12148/bpt6k1224656w/manifest.json'
For more information check: https://developer.mozilla.org/en-US/docs/Web/HTTP/Status/403",2026-07-17T19:58:12.089225
canardenchaine,bpt6k12246579,,failed,0,0,,http_manifest,known,403,manifest,"Client error '403 ' for url 'https://openapiproext.bnf.fr/iiif/presentation/v3/ark:/12148/bpt6k12246579/manifest.json'
For more information check: https://developer.mozilla.org/en-US/docs/Web/HTTP/Status/403",2026-07-17T19:58:13.165258
canardenchaine,bpt6k1224658q,,failed,0,0,,http_manifest,known,403,manifest,"Client error '403 ' for url 'https://openapiproext.bnf.fr/iiif/presentation/v3/ark:/12148/bpt6k1224658q/manifest.json'
For more information check: https://developer.mozilla.org/en-US/docs/Web/HTTP/Status/403",2026-07-17T19:58:14.458691
canardenchaine,bpt6k12246594,,failed,0,0,,http_manifest,known,403,manifest,"Client error '403 ' for url 'https://openapiproext.bnf.fr/iiif/presentation/v3/ark:/12148/bpt6k12246594/manifest.json'
For more information check: https://developer.mozilla.org/en-US/docs/Web/HTTP/Status/403",2026-07-17T19:58:15.747549
canardenchaine,bpt6k1224660s,,failed,0,0,,http_manifest,known,403,manifest,"Client error '403 ' for url 'https://openapiproext.bnf.fr/iiif/presentation/v3/ark:/12148/bpt6k1224660s/manifest.json'
For more information check: https://developer.mozilla.org/en-US/docs/Web/HTTP/Status/403",2026-07-17T19:58:17.051312
canardenchaine,bpt6k12246616,,failed,0,0,,http_manifest,known,403,manifest,"Client error '403 ' for url 'https://openapiproext.bnf.fr/iiif/presentation/v3/ark:/12148/bpt6k12246616/manifest.json'
For more information check: https://developer.mozilla.org/en-US/docs/Web/HTTP/Status/403",2026-07-17T19:58:18.127824
canardenchaine,bpt6k1224662m,,failed,0,0,,http_manifest,known,403,manifest,"Client error '403 ' for url 'https://openapiproext.bnf.fr/iiif/presentation/v3/ark:/12148/bpt6k1224662m/manifest.json'
For more information check: https://developer.mozilla.org/en-US/docs/Web/HTTP/Status/403",2026-07-17T19:58:19.236239
canardenchaine,bpt6k12246631,,failed,0,0,,http_manifest,known,403,manifest,"Client error '403 ' for url 'https://openapiproext.bnf.fr/iiif/presentation/v3/ark:/12148/bpt6k12246631/manifest.json'
For more information check: https://developer.mozilla.org/en-US/docs/Web/HTTP/Status/403",2026-07-17T19:58:20.379816
canardenchaine,bpt6k1224664f,,failed,0,0,,http_manifest,known,403,manifest,"Client error '403 ' for url 'https://openapiproext.bnf.fr/iiif/presentation/v3/ark:/12148/bpt6k1224664f/manifest.json'
For more information check: https://developer.mozilla.org/en-US/docs/Web/HTTP/Status/403",2026-07-17T19:58:21.610893
canardenchaine,bpt6k1224665v,,failed,0,0,,http_manifest,known,403,manifest,"Client error '403 ' for url 'https://openapiproext.bnf.fr/iiif/presentation/v3/ark:/12148/bpt6k1224665v/manifest.json'
For more information check: https://developer.mozilla.org/en-US/docs/Web/HTTP/Status/403",2026-07-17T19:58:22.783133
canardenchaine,bpt6k12246668,,failed,0,0,,http_manifest,known,403,manifest,"Client error '403 ' for url 'https://openapiproext.bnf.fr/iiif/presentation/v3/ark:/12148/bpt6k12246668/manifest.json'
For more information check: https://developer.mozilla.org/en-US/docs/Web/HTTP/Status/403",2026-07-17T19:58:23.982416
canardenchaine,bpt6k1224667p,,failed,0,0,,http_manifest,known,403,manifest,"Client error '403 ' for url 'https://openapiproext.bnf.fr/iiif/presentation/v3/ark:/12148/bpt6k1224667p/manifest.json'
For more information check: https://developer.mozilla.org/en-US/docs/Web/HTTP/Status/403",2026-07-17T19:58:25.186194
canardenchaine,bpt6k1224669h,,failed,0,0,,http_manifest,known,403,manifest,"Client error '403 ' for url 'https://openapiproext.bnf.fr/iiif/presentation/v3/ark:/12148/bpt6k1224669h/manifest.json'
For more information check: https://developer.mozilla.org/en-US/docs/Web/HTTP/Status/403",2026-07-17T19:58:26.385265
canardenchaine,bpt6k12246705,,failed,0,0,,http_manifest,known,403,manifest,"Client error '403 ' for url 'https://openapiproext.bnf.fr/iiif/presentation/v3/ark:/12148/bpt6k12246705/manifest.json'
For more information check: https://developer.mozilla.org/en-US/docs/Web/HTTP/Status/403",2026-07-17T19:58:27.612146
canardenchaine,bpt6k1224671k,,failed,0,0,,http_manifest,known,403,manifest,"Client error '403 ' for url 'https://openapiproext.bnf.fr/iiif/presentation/v3/ark:/12148/bpt6k1224671k/manifest.json'
For more information check: https://developer.mozilla.org/en-US/docs/Web/HTTP/Status/403",2026-07-17T19:58:28.787956
canardenchaine,bpt6k12246720,,failed,0,0,,http_manifest,known,403,manifest,"Client error '403 ' for url 'https://openapiproext.bnf.fr/iiif/presentation/v3/ark:/12148/bpt6k12246720/manifest.json'
For more information check: https://developer.mozilla.org/en-US/docs/Web/HTTP/Status/403",2026-07-17T19:58:29.992300
canardenchaine,bpt6k1224673d,,failed,0,0,,http_manifest,known,403,manifest,"Client error '403 ' for url 'https://openapiproext.bnf.fr/iiif/presentation/v3/ark:/12148/bpt6k1224673d/manifest.json'
For more information check: https://developer.mozilla.org/en-US/docs/Web/HTTP/Status/403",2026-07-17T19:58:31.190192
canardenchaine,bpt6k1224674t,,failed,0,0,,http_manifest,known,403,manifest,"Client error '403 ' for url 'https://openapiproext.bnf.fr/iiif/presentation/v3/ark:/12148/bpt6k1224674t/manifest.json'
For more information check: https://developer.mozilla.org/en-US/docs/Web/HTTP/Status/403",2026-07-17T19:58:32.401967
canardenchaine,bpt6k12246757,,failed,0,0,,http_manifest,known,403,manifest,"Client error '403 ' for url 'https://openapiproext.bnf.fr/iiif/presentation/v3/ark:/12148/bpt6k12246757/manifest.json'
For more information check: https://developer.mozilla.org/en-US/docs/Web/HTTP/Status/403",2026-07-17T19:58:33.595545
canardenchaine,bpt6k1224676n,,failed,0,0,,http_manifest,known,403,manifest,"Client error '403 ' for url 'https://openapiproext.bnf.fr/iiif/presentation/v3/ark:/12148/bpt6k1224676n/manifest.json'
For more information check: https://developer.mozilla.org/en-US/docs/Web/HTTP/Status/403",2026-07-17T19:58:34.797536
canardenchaine,bpt6k12246772,,failed,0,0,,http_manifest,known,403,manifest,"Client error '403 ' for url 'https://openapiproext.bnf.fr/iiif/presentation/v3/ark:/12148/bpt6k12246772/manifest.json'
For more information check: https://developer.mozilla.org/en-US/docs/Web/HTTP/Status/403",2026-07-17T19:58:35.997899
canardenchaine,bpt6k1224678g,,failed,0,0,,http_manifest,known,403,manifest,"Client error '403 ' for url 'https://openapiproext.bnf.fr/iiif/presentation/v3/ark:/12148/bpt6k1224678g/manifest.json'
For more information check: https://developer.mozilla.org/en-US/docs/Web/HTTP/Status/403",2026-07-17T19:58:37.202892
canardenchaine,bpt6k1224679w,,failed,0,0,,http_manifest,known,403,manifest,"Client error '403 ' for url 'https://openapiproext.bnf.fr/iiif/presentation/v3/ark:/12148/bpt6k1224679w/manifest.json'
For more information check: https://developer.mozilla.org/en-US/docs/Web/HTTP/Status/403",2026-07-17T19:58:38.402024
canardenchaine,bpt6k1224680j,,failed,0,0,,http_manifest,known,403,manifest,"Client error '403 ' for url 'https://openapiproext.bnf.fr/iiif/presentation/v3/ark:/12148/bpt6k1224680j/manifest.json'
For more information check: https://developer.mozilla.org/en-US/docs/Web/HTTP/Status/403",2026-07-17T19:58:39.627801
canardenchaine,bpt6k1224681z,,failed,0,0,,http_manifest,known,403,manifest,"Client error '403 ' for url 'https://openapiproext.bnf.fr/iiif/presentation/v3/ark:/12148/bpt6k1224681z/manifest.json'
For more information check: https://developer.mozilla.org/en-US/docs/Web/HTTP/Status/403",2026-07-17T19:58:40.803304
canardenchaine,bpt6k1224682c,,failed,0,0,,http_manifest,known,403,manifest,"Client error '403 ' for url 'https://openapiproext.bnf.fr/iiif/presentation/v3/ark:/12148/bpt6k1224682c/manifest.json'
For more information check: https://developer.mozilla.org/en-US/docs/Web/HTTP/Status/403",2026-07-17T19:58:42.006444
canardenchaine,bpt6k1224683s,,failed,0,0,,http_manifest,known,403,manifest,"Client error '403 ' for url 'https://openapiproext.bnf.fr/iiif/presentation/v3/ark:/12148/bpt6k1224683s/manifest.json'
For more information check: https://developer.mozilla.org/en-US/docs/Web/HTTP/Status/403",2026-07-17T19:58:43.207438
canardenchaine,bpt6k12246846,,failed,0,0,,http_manifest,known,403,manifest,"Client error '403 ' for url 'https://openapiproext.bnf.fr/iiif/presentation/v3/ark:/12148/bpt6k12246846/manifest.json'
For more information check: https://developer.mozilla.org/en-US/docs/Web/HTTP/Status/403",2026-07-17T19:58:44.409496
canardenchaine,bpt6k1224685m,,failed,0,0,,http_manifest,known,403,manifest,"Client error '403 ' for url 'https://openapiproext.bnf.fr/iiif/presentation/v3/ark:/12148/bpt6k1224685m/manifest.json'
For more information check: https://developer.mozilla.org/en-US/docs/Web/HTTP/Status/403",2026-07-17T19:58:45.613427
canardenchaine,bpt6k12246861,,failed,0,0,,http_manifest,known,403,manifest,"Client error '403 ' for url 'https://openapiproext.bnf.fr/iiif/presentation/v3/ark:/12148/bpt6k12246861/manifest.json'
For more information check: https://developer.mozilla.org/en-US/docs/Web/HTTP/Status/403",2026-07-17T19:58:46.809996
canardenchaine,bpt6k1224687f,,failed,0,0,,http_manifest,known,403,manifest,"Client error '403 ' for url 'https://openapiproext.bnf.fr/iiif/presentation/v3/ark:/12148/bpt6k1224687f/manifest.json'
For more information check: https://developer.mozilla.org/en-US/docs/Web/HTTP/Status/403",2026-07-17T19:58:48.012570
canardenchaine,bpt6k1224688v,,failed,0,0,,http_manifest,known,403,manifest,"Client error '403 ' for url 'https://openapiproext.bnf.fr/iiif/presentation/v3/ark:/12148/bpt6k1224688v/manifest.json'
For more information check: https://developer.mozilla.org/en-US/docs/Web/HTTP/Status/403",2026-07-17T19:58:49.222244
canardenchaine,bpt6k12246898,,failed,0,0,,http_manifest,known,403,manifest,"Client error '403 ' for url 'https://openapiproext.bnf.fr/iiif/presentation/v3/ark:/12148/bpt6k12246898/manifest.json'
For more information check: https://developer.mozilla.org/en-US/docs/Web/HTTP/Status/403",2026-07-17T19:58:50.417609
canardenchaine,bpt6k1224690x,,failed,0,0,,http_manifest,known,403,manifest,"Client error '403 ' for url 'https://openapiproext.bnf.fr/iiif/presentation/v3/ark:/12148/bpt6k1224690x/manifest.json'
For more information check: https://developer.mozilla.org/en-US/docs/Web/HTTP/Status/403",2026-07-17T19:58:51.641904
canardenchaine,bpt6k1224691b,,failed,0,0,,http_manifest,known,403,manifest,"Client error '403 ' for url 'https://openapiproext.bnf.fr/iiif/presentation/v3/ark:/12148/bpt6k1224691b/manifest.json'
For more information check: https://developer.mozilla.org/en-US/docs/Web/HTTP/Status/403",2026-07-17T19:58:52.819064
canardenchaine,bpt6k1224692r,,failed,0,0,,http_manifest,known,403,manifest,"Client error '403 ' for url 'https://openapiproext.bnf.fr/iiif/presentation/v3/ark:/12148/bpt6k1224692r/manifest.json'
For more information check: https://developer.mozilla.org/en-US/docs/Web/HTTP/Status/403",2026-07-17T19:58:54.019872
canardenchaine,bpt6k12246935,,failed,0,0,,http_manifest,known,403,manifest,"Client error '403 ' for url 'https://openapiproext.bnf.fr/iiif/presentation/v3/ark:/12148/bpt6k12246935/manifest.json'
For more information check: https://developer.mozilla.org/en-US/docs/Web/HTTP/Status/403",2026-07-17T19:58:55.223890
canardenchaine,bpt6k1224694k,,failed,0,0,,http_manifest,known,403,manifest,"Client error '403 ' for url 'https://openapiproext.bnf.fr/iiif/presentation/v3/ark:/12148/bpt6k1224694k/manifest.json'
For more information check: https://developer.mozilla.org/en-US/docs/Web/HTTP/Status/403",2026-07-17T19:58:56.424354
canardenchaine,bpt6k12246950,,failed,0,0,,http_manifest,known,403,manifest,"Client error '403 ' for url 'https://openapiproext.bnf.fr/iiif/presentation/v3/ark:/12148/bpt6k12246950/manifest.json'
For more information check: https://developer.mozilla.org/en-US/docs/Web/HTTP/Status/403",2026-07-17T19:58:57.928068
canardenchaine,bpt6k1224696d,,failed,0,0,,http_manifest,known,403,manifest,"Client error '403 ' for url 'https://openapiproext.bnf.fr/iiif/presentation/v3/ark:/12148/bpt6k1224696d/manifest.json'
For more information check: https://developer.mozilla.org/en-US/docs/Web/HTTP/Status/403",2026-07-17T19:58:58.938681
canardenchaine,bpt6k1224697t,,failed,0,0,,http_manifest,known,403,manifest,"Client error '403 ' for url 'https://openapiproext.bnf.fr/iiif/presentation/v3/ark:/12148/bpt6k1224697t/manifest.json'
For more information check: https://developer.mozilla.org/en-US/docs/Web/HTTP/Status/403",2026-07-17T19:59:00.250297
canardenchaine,bpt6k12246987,,failed,0,0,,http_manifest,known,403,manifest,"Client error '403 ' for url 'https://openapiproext.bnf.fr/iiif/presentation/v3/ark:/12148/bpt6k12246987/manifest.json'
For more information check: https://developer.mozilla.org/en-US/docs/Web/HTTP/Status/403",2026-07-17T19:59:01.413547
canardenchaine,bpt6k1224699n,,failed,0,0,,http_manifest,known,403,manifest,"Client error '403 ' for url 'https://openapiproext.bnf.fr/iiif/presentation/v3/ark:/12148/bpt6k1224699n/manifest.json'
For more information check: https://developer.mozilla.org/en-US/docs/Web/HTTP/Status/403",2026-07-17T19:59:02.432449
canardenchaine,bpt6k1224700v,,failed,0,0,,http_manifest,known,403,manifest,"Client error '403 ' for url 'https://openapiproext.bnf.fr/iiif/presentation/v3/ark:/12148/bpt6k1224700v/manifest.json'
For more information check: https://developer.mozilla.org/en-US/docs/Web/HTTP/Status/403",2026-07-17T19:59:03.844743
canardenchaine,bpt6k12247018,,failed,0,0,,http_manifest,known,403,manifest,"Client error '403 ' for url 'https://openapiproext.bnf.fr/iiif/presentation/v3/ark:/12148/bpt6k12247018/manifest.json'
For more information check: https://developer.mozilla.org/en-US/docs/Web/HTTP/Status/403",2026-07-17T19:59:04.935978
canardenchaine,bpt6k1224702p,,failed,0,0,,http_manifest,known,403,manifest,"Client error '403 ' for url 'https://openapiproext.bnf.fr/iiif/presentation/v3/ark:/12148/bpt6k1224702p/manifest.json'
For more information check: https://developer.mozilla.org/en-US/docs/Web/HTTP/Status/403",2026-07-17T19:59:06.197845
canardenchaine,bpt6k12247033,,failed,0,0,,http_manifest,known,403,manifest,"Client error '403 ' for url 'https://openapiproext.bnf.fr/iiif/presentation/v3/ark:/12148/bpt6k12247033/manifest.json'
For more information check: https://developer.mozilla.org/en-US/docs/Web/HTTP/Status/403",2026-07-17T19:59:07.237832
canardenchaine,bpt6k1224704h,,failed,0,0,,http_manifest,known,403,manifest,"Client error '403 ' for url 'https://openapiproext.bnf.fr/iiif/presentation/v3/ark:/12148/bpt6k1224704h/manifest.json'
For more information check: https://developer.mozilla.org/en-US/docs/Web/HTTP/Status/403",2026-07-17T19:59:08.438498
canardenchaine,bpt6k1224705x,,failed,0,0,,http_manifest,known,403,manifest,"Client error '403 ' for url 'https://openapiproext.bnf.fr/iiif/presentation/v3/ark:/12148/bpt6k1224705x/manifest.json'
For more information check: https://developer.mozilla.org/en-US/docs/Web/HTTP/Status/403",2026-07-17T19:59:09.664616
canardenchaine,bpt6k1224706b,,failed,0,0,,http_manifest,known,403,manifest,"Client error '403 ' for url 'https://openapiproext.bnf.fr/iiif/presentation/v3/ark:/12148/bpt6k1224706b/manifest.json'
For more information check: https://developer.mozilla.org/en-US/docs/Web/HTTP/Status/403",2026-07-17T19:59:10.839742
canardenchaine,bpt6k1224707r,,failed,0,0,,http_manifest,known,403,manifest,"Client error '403 ' for url 'https://openapiproext.bnf.fr/iiif/presentation/v3/ark:/12148/bpt6k1224707r/manifest.json'
For more information check: https://developer.mozilla.org/en-US/docs/Web/HTTP/Status/403",2026-07-17T19:59:12.044084
canardenchaine,bpt6k12247085,,failed,0,0,,http_manifest,known,403,manifest,"Client error '403 ' for url 'https://openapiproext.bnf.fr/iiif/presentation/v3/ark:/12148/bpt6k12247085/manifest.json'
For more information check: https://developer.mozilla.org/en-US/docs/Web/HTTP/Status/403",2026-07-17T19:59:13.456716
canardenchaine,bpt6k1224709k,,failed,0,0,,http_manifest,known,403,manifest,"Client error '403 ' for url 'https://openapiproext.bnf.fr/iiif/presentation/v3/ark:/12148/bpt6k1224709k/manifest.json'
For more information check: https://developer.mozilla.org/en-US/docs/Web/HTTP/Status/403",2026-07-17T19:59:14.479202
canardenchaine,bpt6k12247107,,failed,0,0,,http_manifest,known,403,manifest,"Client error '403 ' for url 'https://openapiproext.bnf.fr/iiif/presentation/v3/ark:/12148/bpt6k12247107/manifest.json'
For more information check: https://developer.mozilla.org/en-US/docs/Web/HTTP/Status/403",2026-07-17T19:59:15.663650
canardenchaine,bpt6k1224711n,,failed,0,0,,http_manifest,known,403,manifest,"Client error '403 ' for url 'https://openapiproext.bnf.fr/iiif/presentation/v3/ark:/12148/bpt6k1224711n/manifest.json'
For more information check: https://developer.mozilla.org/en-US/docs/Web/HTTP/Status/403",2026-07-17T19:59:17.065210
canardenchaine,bpt6k12247122,,failed,0,0,,http_manifest,known,403,manifest,"Client error '403 ' for url 'https://openapiproext.bnf.fr/iiif/presentation/v3/ark:/12148/bpt6k12247122/manifest.json'
For more information check: https://developer.mozilla.org/en-US/docs/Web/HTTP/Status/403",2026-07-17T19:59:18.204671
canardenchaine,bpt6k1224713g,,failed,0,0,,http_manifest,known,403,manifest,"Client error '403 ' for url 'https://openapiproext.bnf.fr/iiif/presentation/v3/ark:/12148/bpt6k1224713g/manifest.json'
For more information check: https://developer.mozilla.org/en-US/docs/Web/HTTP/Status/403",2026-07-17T19:59:19.311528
canardenchaine,bpt6k1224714w,,failed,0,0,,http_manifest,known,403,manifest,"Client error '403 ' for url 'https://openapiproext.bnf.fr/iiif/presentation/v3/ark:/12148/bpt6k1224714w/manifest.json'
For more information check: https://developer.mozilla.org/en-US/docs/Web/HTTP/Status/403",2026-07-17T19:59:20.456078
canardenchaine,bpt6k12247159,,failed,0,0,,http_manifest,known,403,manifest,"Client error '403 ' for url 'https://openapiproext.bnf.fr/iiif/presentation/v3/ark:/12148/bpt6k12247159/manifest.json'
For more information check: https://developer.mozilla.org/en-US/docs/Web/HTTP/Status/403",2026-07-17T19:59:21.676201
canardenchaine,bpt6k1224716q,,failed,0,0,,http_manifest,known,403,manifest,"Client error '403 ' for url 'https://openapiproext.bnf.fr/iiif/presentation/v3/ark:/12148/bpt6k1224716q/manifest.json'
For more information check: https://developer.mozilla.org/en-US/docs/Web/HTTP/Status/403",2026-07-17T19:59:22.869013
canardenchaine,bpt6k12247174,,failed,0,0,,http_manifest,known,403,manifest,"Client error '403 ' for url 'https://openapiproext.bnf.fr/iiif/presentation/v3/ark:/12148/bpt6k12247174/manifest.json'
For more information check: https://developer.mozilla.org/en-US/docs/Web/HTTP/Status/403",2026-07-17T19:59:24.059431
canardenchaine,bpt6k1224718j,,failed,0,0,,http_manifest,known,403,manifest,"Client error '403 ' for url 'https://openapiproext.bnf.fr/iiif/presentation/v3/ark:/12148/bpt6k1224718j/manifest.json'
For more information check: https://developer.mozilla.org/en-US/docs/Web/HTTP/Status/403",2026-07-17T19:59:25.261438
canardenchaine,bpt6k1224719z,,failed,0,0,,http_manifest,known,403,manifest,"Client error '403 ' for url 'https://openapiproext.bnf.fr/iiif/presentation/v3/ark:/12148/bpt6k1224719z/manifest.json'
For more information check: https://developer.mozilla.org/en-US/docs/Web/HTTP/Status/403",2026-07-17T19:59:26.463310
canardenchaine,bpt6k1224720m,,failed,0,0,,http_manifest,known,403,manifest,"Client error '403 ' for url 'https://openapiproext.bnf.fr/iiif/presentation/v3/ark:/12148/bpt6k1224720m/manifest.json'
For more information check: https://developer.mozilla.org/en-US/docs/Web/HTTP/Status/403",2026-07-17T19:59:27.689180
canardenchaine,bpt6k12247211,,failed,0,0,,http_manifest,known,403,manifest,"Client error '403 ' for url 'https://openapiproext.bnf.fr/iiif/presentation/v3/ark:/12148/bpt6k12247211/manifest.json'
For more information check: https://developer.mozilla.org/en-US/docs/Web/HTTP/Status/403",2026-07-17T19:59:28.872522
canardenchaine,bpt6k12239571,,failed,0,0,,http_manifest,known,403,manifest,"Client error '403 ' for url 'https://openapiproext.bnf.fr/iiif/presentation/v3/ark:/12148/bpt6k12239571/manifest.json'
For more information check: https://developer.mozilla.org/en-US/docs/Web/HTTP/Status/403",2026-07-17T19:59:30.071405
canardenchaine,bpt6k1223958f,,failed,0,0,,http_manifest,known,403,manifest,"Client error '403 ' for url 'https://openapiproext.bnf.fr/iiif/presentation/v3/ark:/12148/bpt6k1223958f/manifest.json'
For more information check: https://developer.mozilla.org/en-US/docs/Web/HTTP/Status/403",2026-07-17T19:59:31.267119
canardenchaine,bpt6k1223959v,,failed,0,0,,http_manifest,known,403,manifest,"Client error '403 ' for url 'https://openapiproext.bnf.fr/iiif/presentation/v3/ark:/12148/bpt6k1223959v/manifest.json'
For more information check: https://developer.mozilla.org/en-US/docs/Web/HTTP/Status/403",2026-07-17T19:59:32.467012
canardenchaine,bpt6k1223960h,,failed,0,0,,http_manifest,known,403,manifest,"Client error '403 ' for url 'https://openapiproext.bnf.fr/iiif/presentation/v3/ark:/12148/bpt6k1223960h/manifest.json'
For more information check: https://developer.mozilla.org/en-US/docs/Web/HTTP/Status/403",2026-07-17T19:59:33.680017
canardenchaine,bpt6k1223961x,,failed,0,0,,http_manifest,known,403,manifest,"Client error '403 ' for url 'https://openapiproext.bnf.fr/iiif/presentation/v3/ark:/12148/bpt6k1223961x/manifest.json'
For more information check: https://developer.mozilla.org/en-US/docs/Web/HTTP/Status/403",2026-07-17T19:59:34.874347
canardenchaine,bpt6k1223962b,,failed,0,0,,http_manifest,known,403,manifest,"Client error '403 ' for url 'https://openapiproext.bnf.fr/iiif/presentation/v3/ark:/12148/bpt6k1223962b/manifest.json'
For more information check: https://developer.mozilla.org/en-US/docs/Web/HTTP/Status/403",2026-07-17T19:59:36.077314
canardenchaine,bpt6k1223963r,,failed,0,0,,http_manifest,known,403,manifest,"Client error '403 ' for url 'https://openapiproext.bnf.fr/iiif/presentation/v3/ark:/12148/bpt6k1223963r/manifest.json'
For more information check: https://developer.mozilla.org/en-US/docs/Web/HTTP/Status/403",2026-07-17T19:59:37.272178
canardenchaine,bpt6k12239645,,failed,0,0,,http_manifest,known,403,manifest,"Client error '403 ' for url 'https://openapiproext.bnf.fr/iiif/presentation/v3/ark:/12148/bpt6k12239645/manifest.json'
For more information check: https://developer.mozilla.org/en-US/docs/Web/HTTP/Status/403",2026-07-17T19:59:38.483616
canardenchaine,bpt6k1223965k,,failed,0,0,,http_manifest,known,403,manifest,"Client error '403 ' for url 'https://openapiproext.bnf.fr/iiif/presentation/v3/ark:/12148/bpt6k1223965k/manifest.json'
For more information check: https://developer.mozilla.org/en-US/docs/Web/HTTP/Status/403",2026-07-17T19:59:39.699183
canardenchaine,bpt6k12239660,,failed,0,0,,http_manifest,known,403,manifest,"Client error '403 ' for url 'https://openapiproext.bnf.fr/iiif/presentation/v3/ark:/12148/bpt6k12239660/manifest.json'
For more information check: https://developer.mozilla.org/en-US/docs/Web/HTTP/Status/403",2026-07-17T19:59:40.882850
canardenchaine,bpt6k1223967d,,failed,0,0,,http_manifest,known,403,manifest,"Client error '403 ' for url 'https://openapiproext.bnf.fr/iiif/presentation/v3/ark:/12148/bpt6k1223967d/manifest.json'
For more information check: https://developer.mozilla.org/en-US/docs/Web/HTTP/Status/403",2026-07-17T19:59:42.083211
canardenchaine,bpt6k1223968t,,failed,0,0,,http_manifest,known,403,manifest,"Client error '403 ' for url 'https://openapiproext.bnf.fr/iiif/presentation/v3/ark:/12148/bpt6k1223968t/manifest.json'
For more information check: https://developer.mozilla.org/en-US/docs/Web/HTTP/Status/403",2026-07-17T19:59:43.284541
canardenchaine,bpt6k12239697,,failed,0,0,,http_manifest,known,403,manifest,"Client error '403 ' for url 'https://openapiproext.bnf.fr/iiif/presentation/v3/ark:/12148/bpt6k12239697/manifest.json'
For more information check: https://developer.mozilla.org/en-US/docs/Web/HTTP/Status/403",2026-07-17T19:59:44.485745
canardenchaine,bpt6k1223970w,,failed,0,0,,http_manifest,known,403,manifest,"Client error '403 ' for url 'https://openapiproext.bnf.fr/iiif/presentation/v3/ark:/12148/bpt6k1223970w/manifest.json'
For more information check: https://developer.mozilla.org/en-US/docs/Web/HTTP/Status/403",2026-07-17T19:59:45.699069
canardenchaine,bpt6k12239719,,failed,0,0,,http_manifest,known,403,manifest,"Client error '403 ' for url 'https://openapiproext.bnf.fr/iiif/presentation/v3/ark:/12148/bpt6k12239719/manifest.json'
For more information check: https://developer.mozilla.org/en-US/docs/Web/HTTP/Status/403",2026-07-17T19:59:46.887840
canardenchaine,bpt6k1223972q,,failed,0,0,,http_manifest,known,403,manifest,"Client error '403 ' for url 'https://openapiproext.bnf.fr/iiif/presentation/v3/ark:/12148/bpt6k1223972q/manifest.json'
For more information check: https://developer.mozilla.org/en-US/docs/Web/HTTP/Status/403",2026-07-17T19:59:48.094939
canardenchaine,bpt6k12239734,,failed,0,0,,http_manifest,known,403,manifest,"Client error '403 ' for url 'https://openapiproext.bnf.fr/iiif/presentation/v3/ark:/12148/bpt6k12239734/manifest.json'
For more information check: https://developer.mozilla.org/en-US/docs/Web/HTTP/Status/403",2026-07-17T19:59:49.299251
canardenchaine,bpt6k1223974j,,failed,0,0,,http_manifest,known,403,manifest,"Client error '403 ' for url 'https://openapiproext.bnf.fr/iiif/presentation/v3/ark:/12148/bpt6k1223974j/manifest.json'
For more information check: https://developer.mozilla.org/en-US/docs/Web/HTTP/Status/403",2026-07-17T19:59:50.493221
canardenchaine,bpt6k1223975z,,failed,0,0,,http_manifest,known,403,manifest,"Client error '403 ' for url 'https://openapiproext.bnf.fr/iiif/presentation/v3/ark:/12148/bpt6k1223975z/manifest.json'
For more information check: https://developer.mozilla.org/en-US/docs/Web/HTTP/Status/403",2026-07-17T19:59:51.693215
canardenchaine,bpt6k1223976c,,failed,0,0,,http_manifest,known,403,manifest,"Client error '403 ' for url 'https://openapiproext.bnf.fr/iiif/presentation/v3/ark:/12148/bpt6k1223976c/manifest.json'
For more information check: https://developer.mozilla.org/en-US/docs/Web/HTTP/Status/403",2026-07-17T19:59:52.907021
canardenchaine,bpt6k1223977s,,failed,0,0,,http_manifest,known,403,manifest,"Client error '403 ' for url 'https://openapiproext.bnf.fr/iiif/presentation/v3/ark:/12148/bpt6k1223977s/manifest.json'
For more information check: https://developer.mozilla.org/en-US/docs/Web/HTTP/Status/403",2026-07-17T19:59:54.102301
canardenchaine,bpt6k12239786,,failed,0,0,,http_manifest,known,403,manifest,"Client error '403 ' for url 'https://openapiproext.bnf.fr/iiif/presentation/v3/ark:/12148/bpt6k12239786/manifest.json'
For more information check: https://developer.mozilla.org/en-US/docs/Web/HTTP/Status/403",2026-07-17T19:59:55.319026
canardenchaine,bpt6k1223979m,,failed,0,0,,http_manifest,known,403,manifest,"Client error '403 ' for url 'https://openapiproext.bnf.fr/iiif/presentation/v3/ark:/12148/bpt6k1223979m/manifest.json'
For more information check: https://developer.mozilla.org/en-US/docs/Web/HTTP/Status/403",2026-07-17T19:59:56.507266
canardenchaine,bpt6k12239808,,failed,0,0,,http_manifest,known,403,manifest,"Client error '403 ' for url 'https://openapiproext.bnf.fr/iiif/presentation/v3/ark:/12148/bpt6k12239808/manifest.json'
For more information check: https://developer.mozilla.org/en-US/docs/Web/HTTP/Status/403",2026-07-17T19:59:57.810031
canardenchaine,bpt6k1223981p,,failed,0,0,,http_manifest,known,403,manifest,"Client error '403 ' for url 'https://openapiproext.bnf.fr/iiif/presentation/v3/ark:/12148/bpt6k1223981p/manifest.json'
For more information check: https://developer.mozilla.org/en-US/docs/Web/HTTP/Status/403",2026-07-17T19:59:58.900641
canardenchaine,bpt6k12239823,,failed,0,0,,http_manifest,known,403,manifest,"Client error '403 ' for url 'https://openapiproext.bnf.fr/iiif/presentation/v3/ark:/12148/bpt6k12239823/manifest.json'
For more information check: https://developer.mozilla.org/en-US/docs/Web/HTTP/Status/403",2026-07-17T20:00:00.222865
canardenchaine,bpt6k1223983h,,failed,0,0,,http_manifest,known,403,manifest,"Client error '403 ' for url 'https://openapiproext.bnf.fr/iiif/presentation/v3/ark:/12148/bpt6k1223983h/manifest.json'
For more information check: https://developer.mozilla.org/en-US/docs/Web/HTTP/Status/403",2026-07-17T20:00:01.446302
canardenchaine,bpt6k1223984x,,failed,0,0,,http_manifest,known,403,manifest,"Client error '403 ' for url 'https://openapiproext.bnf.fr/iiif/presentation/v3/ark:/12148/bpt6k1223984x/manifest.json'
For more information check: https://developer.mozilla.org/en-US/docs/Web/HTTP/Status/403",2026-07-17T20:00:02.521406
canardenchaine,bpt6k1223985b,,failed,0,0,,http_manifest,known,403,manifest,"Client error '403 ' for url 'https://openapiproext.bnf.fr/iiif/presentation/v3/ark:/12148/bpt6k1223985b/manifest.json'
For more information check: https://developer.mozilla.org/en-US/docs/Web/HTTP/Status/403",2026-07-17T20:00:03.885797
canardenchaine,bpt6k1223986r,,failed,0,0,,http_manifest,known,403,manifest,"Client error '403 ' for url 'https://openapiproext.bnf.fr/iiif/presentation/v3/ark:/12148/bpt6k1223986r/manifest.json'
For more information check: https://developer.mozilla.org/en-US/docs/Web/HTTP/Status/403",2026-07-17T20:00:05.047728
canardenchaine,bpt6k12239875,,failed,0,0,,http_manifest,known,403,manifest,"Client error '403 ' for url 'https://openapiproext.bnf.fr/iiif/presentation/v3/ark:/12148/bpt6k12239875/manifest.json'
For more information check: https://developer.mozilla.org/en-US/docs/Web/HTTP/Status/403",2026-07-17T20:00:06.183482
canardenchaine,bpt6k1223988k,,failed,0,0,,http_manifest,known,403,manifest,"Client error '403 ' for url 'https://openapiproext.bnf.fr/iiif/presentation/v3/ark:/12148/bpt6k1223988k/manifest.json'
For more information check: https://developer.mozilla.org/en-US/docs/Web/HTTP/Status/403",2026-07-17T20:00:07.313832
canardenchaine,bpt6k12239890,,failed,0,0,,http_manifest,known,403,manifest,"Client error '403 ' for url 'https://openapiproext.bnf.fr/iiif/presentation/v3/ark:/12148/bpt6k12239890/manifest.json'
For more information check: https://developer.mozilla.org/en-US/docs/Web/HTTP/Status/403",2026-07-17T20:00:08.514924
canardenchaine,bpt6k1223990n,,failed,0,0,,http_manifest,known,403,manifest,"Client error '403 ' for url 'https://openapiproext.bnf.fr/iiif/presentation/v3/ark:/12148/bpt6k1223990n/manifest.json'
For more information check: https://developer.mozilla.org/en-US/docs/Web/HTTP/Status/403",2026-07-17T20:00:09.812134
canardenchaine,bpt6k12239912,,failed,0,0,,http_manifest,known,403,manifest,"Client error '403 ' for url 'https://openapiproext.bnf.fr/iiif/presentation/v3/ark:/12148/bpt6k12239912/manifest.json'
For more information check: https://developer.mozilla.org/en-US/docs/Web/HTTP/Status/403",2026-07-17T20:00:11.052472
canardenchaine,bpt6k1223992g,,failed,0,0,,http_manifest,known,403,manifest,"Client error '403 ' for url 'https://openapiproext.bnf.fr/iiif/presentation/v3/ark:/12148/bpt6k1223992g/manifest.json'
For more information check: https://developer.mozilla.org/en-US/docs/Web/HTTP/Status/403",2026-07-17T20:00:12.117002
canardenchaine,bpt6k1223993w,,failed,0,0,,http_manifest,known,403,manifest,"Client error '403 ' for url 'https://openapiproext.bnf.fr/iiif/presentation/v3/ark:/12148/bpt6k1223993w/manifest.json'
For more information check: https://developer.mozilla.org/en-US/docs/Web/HTTP/Status/403",2026-07-17T20:00:13.511533
canardenchaine,bpt6k12239949,,failed,0,0,,http_manifest,known,403,manifest,"Client error '403 ' for url 'https://openapiproext.bnf.fr/iiif/presentation/v3/ark:/12148/bpt6k12239949/manifest.json'
For more information check: https://developer.mozilla.org/en-US/docs/Web/HTTP/Status/403",2026-07-17T20:00:14.930243
canardenchaine,bpt6k1223995q,,failed,0,0,,http_manifest,known,403,manifest,"Client error '403 ' for url 'https://openapiproext.bnf.fr/iiif/presentation/v3/ark:/12148/bpt6k1223995q/manifest.json'
For more information check: https://developer.mozilla.org/en-US/docs/Web/HTTP/Status/403",2026-07-17T20:00:15.940033
canardenchaine,bpt6k12239964,,failed,0,0,,http_manifest,known,403,manifest,"Client error '403 ' for url 'https://openapiproext.bnf.fr/iiif/presentation/v3/ark:/12148/bpt6k12239964/manifest.json'
For more information check: https://developer.mozilla.org/en-US/docs/Web/HTTP/Status/403",2026-07-17T20:00:17.234959
canardenchaine,bpt6k1223997j,,failed,0,0,,http_manifest,known,403,manifest,"Client error '403 ' for url 'https://openapiproext.bnf.fr/iiif/presentation/v3/ark:/12148/bpt6k1223997j/manifest.json'
For more information check: https://developer.mozilla.org/en-US/docs/Web/HTTP/Status/403",2026-07-17T20:00:18.302714
canardenchaine,bpt6k1223998z,,failed,0,0,,http_manifest,known,403,manifest,"Client error '403 ' for url 'https://openapiproext.bnf.fr/iiif/presentation/v3/ark:/12148/bpt6k1223998z/manifest.json'
For more information check: https://developer.mozilla.org/en-US/docs/Web/HTTP/Status/403",2026-07-17T20:00:19.502159
canardenchaine,bpt6k1223999c,,failed,0,0,,http_manifest,known,403,manifest,"Client error '403 ' for url 'https://openapiproext.bnf.fr/iiif/presentation/v3/ark:/12148/bpt6k1223999c/manifest.json'
For more information check: https://developer.mozilla.org/en-US/docs/Web/HTTP/Status/403",2026-07-17T20:00:20.703006
canardenchaine,bpt6k1224000f,,failed,0,0,,http_manifest,known,403,manifest,"Client error '403 ' for url 'https://openapiproext.bnf.fr/iiif/presentation/v3/ark:/12148/bpt6k1224000f/manifest.json'
For more information check: https://developer.mozilla.org/en-US/docs/Web/HTTP/Status/403",2026-07-17T20:00:21.906627
canardenchaine,bpt6k1224001v,,failed,0,0,,http_manifest,known,403,manifest,"Client error '403 ' for url 'https://openapiproext.bnf.fr/iiif/presentation/v3/ark:/12148/bpt6k1224001v/manifest.json'
For more information check: https://developer.mozilla.org/en-US/docs/Web/HTTP/Status/403",2026-07-17T20:00:23.107222
canardenchaine,bpt6k12240028,,failed,0,0,,http_manifest,known,403,manifest,"Client error '403 ' for url 'https://openapiproext.bnf.fr/iiif/presentation/v3/ark:/12148/bpt6k12240028/manifest.json'
For more information check: https://developer.mozilla.org/en-US/docs/Web/HTTP/Status/403",2026-07-17T20:00:24.309522
canardenchaine,bpt6k1224003p,,failed,0,0,,http_manifest,known,403,manifest,"Client error '403 ' for url 'https://openapiproext.bnf.fr/iiif/presentation/v3/ark:/12148/bpt6k1224003p/manifest.json'
For more information check: https://developer.mozilla.org/en-US/docs/Web/HTTP/Status/403",2026-07-17T20:00:25.539127
canardenchaine,bpt6k12240043,,failed,0,0,,http_manifest,known,403,manifest,"Client error '403 ' for url 'https://openapiproext.bnf.fr/iiif/presentation/v3/ark:/12148/bpt6k12240043/manifest.json'
For more information check: https://developer.mozilla.org/en-US/docs/Web/HTTP/Status/403",2026-07-17T20:00:26.711626
canardenchaine,bpt6k1224005h,,failed,0,0,,http_manifest,known,403,manifest,"Client error '403 ' for url 'https://openapiproext.bnf.fr/iiif/presentation/v3/ark:/12148/bpt6k1224005h/manifest.json'
For more information check: https://developer.mozilla.org/en-US/docs/Web/HTTP/Status/403",2026-07-17T20:00:27.914739
canardenchaine,bpt6k1224006x,,failed,0,0,,http_manifest,known,403,manifest,"Client error '403 ' for url 'https://openapiproext.bnf.fr/iiif/presentation/v3/ark:/12148/bpt6k1224006x/manifest.json'
For more information check: https://developer.mozilla.org/en-US/docs/Web/HTTP/Status/403",2026-07-17T20:00:29.119233
canardenchaine,bpt6k1224007b,,failed,0,0,,http_manifest,known,403,manifest,"Client error '403 ' for url 'https://openapiproext.bnf.fr/iiif/presentation/v3/ark:/12148/bpt6k1224007b/manifest.json'
For more information check: https://developer.mozilla.org/en-US/docs/Web/HTTP/Status/403",2026-07-17T20:00:30.317304
canardenchaine,bpt6k1224008r,,failed,0,0,,http_manifest,known,403,manifest,"Client error '403 ' for url 'https://openapiproext.bnf.fr/iiif/presentation/v3/ark:/12148/bpt6k1224008r/manifest.json'
For more information check: https://developer.mozilla.org/en-US/docs/Web/HTTP/Status/403",2026-07-17T20:00:31.545334
canardenchaine,bpt6k1223407d,,failed,0,0,,http_manifest,known,403,manifest,"Client error '403 ' for url 'https://openapiproext.bnf.fr/iiif/presentation/v3/ark:/12148/bpt6k1223407d/manifest.json'
For more information check: https://developer.mozilla.org/en-US/docs/Web/HTTP/Status/403",2026-07-17T20:00:32.722205
canardenchaine,bpt6k1223408t,,failed,0,0,,http_manifest,known,403,manifest,"Client error '403 ' for url 'https://openapiproext.bnf.fr/iiif/presentation/v3/ark:/12148/bpt6k1223408t/manifest.json'
For more information check: https://developer.mozilla.org/en-US/docs/Web/HTTP/Status/403",2026-07-17T20:00:33.930625
canardenchaine,bpt6k12234097,,failed,0,0,,http_manifest,known,403,manifest,"Client error '403 ' for url 'https://openapiproext.bnf.fr/iiif/presentation/v3/ark:/12148/bpt6k12234097/manifest.json'
For more information check: https://developer.mozilla.org/en-US/docs/Web/HTTP/Status/403",2026-07-17T20:00:35.124808
canardenchaine,bpt6k1223410w,,failed,0,0,,http_manifest,known,403,manifest,"Client error '403 ' for url 'https://openapiproext.bnf.fr/iiif/presentation/v3/ark:/12148/bpt6k1223410w/manifest.json'
For more information check: https://developer.mozilla.org/en-US/docs/Web/HTTP/Status/403",2026-07-17T20:00:36.328397
canardenchaine,bpt6k12234119,,failed,0,0,,http_manifest,known,403,manifest,"Client error '403 ' for url 'https://openapiproext.bnf.fr/iiif/presentation/v3/ark:/12148/bpt6k12234119/manifest.json'
For more information check: https://developer.mozilla.org/en-US/docs/Web/HTTP/Status/403",2026-07-17T20:00:37.527705
canardenchaine,bpt6k1223412q,,failed,0,0,,http_manifest,known,403,manifest,"Client error '403 ' for url 'https://openapiproext.bnf.fr/iiif/presentation/v3/ark:/12148/bpt6k1223412q/manifest.json'
For more information check: https://developer.mozilla.org/en-US/docs/Web/HTTP/Status/403",2026-07-17T20:00:38.740577
canardenchaine,bpt6k12234134,,failed,0,0,,http_manifest,known,403,manifest,"Client error '403 ' for url 'https://openapiproext.bnf.fr/iiif/presentation/v3/ark:/12148/bpt6k12234134/manifest.json'
For more information check: https://developer.mozilla.org/en-US/docs/Web/HTTP/Status/403",2026-07-17T20:00:39.932317
canardenchaine,bpt6k1223414j,,failed,0,0,,http_manifest,known,403,manifest,"Client error '403 ' for url 'https://openapiproext.bnf.fr/iiif/presentation/v3/ark:/12148/bpt6k1223414j/manifest.json'
For more information check: https://developer.mozilla.org/en-US/docs/Web/HTTP/Status/403",2026-07-17T20:00:41.133708
canardenchaine,bpt6k1223415z,,failed,0,0,,http_manifest,known,403,manifest,"Client error '403 ' for url 'https://openapiproext.bnf.fr/iiif/presentation/v3/ark:/12148/bpt6k1223415z/manifest.json'
For more information check: https://developer.mozilla.org/en-US/docs/Web/HTTP/Status/403",2026-07-17T20:00:42.343669
canardenchaine,bpt6k1223416c,,failed,0,0,,http_manifest,known,403,manifest,"Client error '403 ' for url 'https://openapiproext.bnf.fr/iiif/presentation/v3/ark:/12148/bpt6k1223416c/manifest.json'
For more information check: https://developer.mozilla.org/en-US/docs/Web/HTTP/Status/403",2026-07-17T20:00:43.561435
canardenchaine,bpt6k1223417s,,failed,0,0,,http_manifest,known,403,manifest,"Client error '403 ' for url 'https://openapiproext.bnf.fr/iiif/presentation/v3/ark:/12148/bpt6k1223417s/manifest.json'
For more information check: https://developer.mozilla.org/en-US/docs/Web/HTTP/Status/403",2026-07-17T20:00:44.739541
canardenchaine,bpt6k12234186,,failed,0,0,,http_manifest,known,403,manifest,"Client error '403 ' for url 'https://openapiproext.bnf.fr/iiif/presentation/v3/ark:/12148/bpt6k12234186/manifest.json'
For more information check: https://developer.mozilla.org/en-US/docs/Web/HTTP/Status/403",2026-07-17T20:00:45.942398
canardenchaine,bpt6k1223419m,,failed,0,0,,http_manifest,known,403,manifest,"Client error '403 ' for url 'https://openapiproext.bnf.fr/iiif/presentation/v3/ark:/12148/bpt6k1223419m/manifest.json'
For more information check: https://developer.mozilla.org/en-US/docs/Web/HTTP/Status/403",2026-07-17T20:00:47.140637
canardenchaine,bpt6k12234208,,failed,0,0,,http_manifest,known,403,manifest,"Client error '403 ' for url 'https://openapiproext.bnf.fr/iiif/presentation/v3/ark:/12148/bpt6k12234208/manifest.json'
For more information check: https://developer.mozilla.org/en-US/docs/Web/HTTP/Status/403",2026-07-17T20:00:48.342565
canardenchaine,bpt6k1223421p,,failed,0,0,,http_manifest,known,403,manifest,"Client error '403 ' for url 'https://openapiproext.bnf.fr/iiif/presentation/v3/ark:/12148/bpt6k1223421p/manifest.json'
For more information check: https://developer.mozilla.org/en-US/docs/Web/HTTP/Status/403",2026-07-17T20:00:49.553652
canardenchaine,bpt6k12234223,,failed,0,0,,http_manifest,known,403,manifest,"Client error '403 ' for url 'https://openapiproext.bnf.fr/iiif/presentation/v3/ark:/12148/bpt6k12234223/manifest.json'
For more information check: https://developer.mozilla.org/en-US/docs/Web/HTTP/Status/403",2026-07-17T20:00:50.746112
canardenchaine,bpt6k1223423h,,failed,0,0,,http_manifest,known,403,manifest,"Client error '403 ' for url 'https://openapiproext.bnf.fr/iiif/presentation/v3/ark:/12148/bpt6k1223423h/manifest.json'
For more information check: https://developer.mozilla.org/en-US/docs/Web/HTTP/Status/403",2026-07-17T20:00:51.948889
canardenchaine,bpt6k1223424x,,failed,0,0,,http_manifest,known,403,manifest,"Client error '403 ' for url 'https://openapiproext.bnf.fr/iiif/presentation/v3/ark:/12148/bpt6k1223424x/manifest.json'
For more information check: https://developer.mozilla.org/en-US/docs/Web/HTTP/Status/403",2026-07-17T20:00:53.149463
canardenchaine,bpt6k1223425b,,failed,0,0,,http_manifest,known,403,manifest,"Client error '403 ' for url 'https://openapiproext.bnf.fr/iiif/presentation/v3/ark:/12148/bpt6k1223425b/manifest.json'
For more information check: https://developer.mozilla.org/en-US/docs/Web/HTTP/Status/403",2026-07-17T20:00:54.355956
canardenchaine,bpt6k1223426r,,failed,0,0,,http_manifest,known,403,manifest,"Client error '403 ' for url 'https://openapiproext.bnf.fr/iiif/presentation/v3/ark:/12148/bpt6k1223426r/manifest.json'
For more information check: https://developer.mozilla.org/en-US/docs/Web/HTTP/Status/403",2026-07-17T20:00:55.586555
canardenchaine,bpt6k12234275,,failed,0,0,,http_manifest,known,403,manifest,"Client error '403 ' for url 'https://openapiproext.bnf.fr/iiif/presentation/v3/ark:/12148/bpt6k12234275/manifest.json'
For more information check: https://developer.mozilla.org/en-US/docs/Web/HTTP/Status/403",2026-07-17T20:00:56.762750
canardenchaine,bpt6k1223428k,,failed,0,0,,http_manifest,known,403,manifest,"Client error '403 ' for url 'https://openapiproext.bnf.fr/iiif/presentation/v3/ark:/12148/bpt6k1223428k/manifest.json'
For more information check: https://developer.mozilla.org/en-US/docs/Web/HTTP/Status/403",2026-07-17T20:00:58.127084
canardenchaine,bpt6k12234290,,failed,0,0,,http_manifest,known,403,manifest,"Client error '403 ' for url 'https://openapiproext.bnf.fr/iiif/presentation/v3/ark:/12148/bpt6k12234290/manifest.json'
For more information check: https://developer.mozilla.org/en-US/docs/Web/HTTP/Status/403",2026-07-17T20:00:59.288009
canardenchaine,bpt6k1223430n,,failed,0,0,,http_manifest,known,403,manifest,"Client error '403 ' for url 'https://openapiproext.bnf.fr/iiif/presentation/v3/ark:/12148/bpt6k1223430n/manifest.json'
For more information check: https://developer.mozilla.org/en-US/docs/Web/HTTP/Status/403",2026-07-17T20:01:00.375158
canardenchaine,bpt6k12234312,,failed,0,0,,http_manifest,known,403,manifest,"Client error '403 ' for url 'https://openapiproext.bnf.fr/iiif/presentation/v3/ark:/12148/bpt6k12234312/manifest.json'
For more information check: https://developer.mozilla.org/en-US/docs/Web/HTTP/Status/403",2026-07-17T20:01:01.866482
canardenchaine,bpt6k1223432g,,failed,0,0,,http_manifest,known,403,manifest,"Client error '403 ' for url 'https://openapiproext.bnf.fr/iiif/presentation/v3/ark:/12148/bpt6k1223432g/manifest.json'
For more information check: https://developer.mozilla.org/en-US/docs/Web/HTTP/Status/403",2026-07-17T20:01:02.897856
canardenchaine,bpt6k1223433w,,failed,0,0,,http_manifest,known,403,manifest,"Client error '403 ' for url 'https://openapiproext.bnf.fr/iiif/presentation/v3/ark:/12148/bpt6k1223433w/manifest.json'
For more information check: https://developer.mozilla.org/en-US/docs/Web/HTTP/Status/403",2026-07-17T20:01:04.166683
canardenchaine,bpt6k12234349,,failed,0,0,,http_manifest,known,403,manifest,"Client error '403 ' for url 'https://openapiproext.bnf.fr/iiif/presentation/v3/ark:/12148/bpt6k12234349/manifest.json'
For more information check: https://developer.mozilla.org/en-US/docs/Web/HTTP/Status/403",2026-07-17T20:01:05.479293
canardenchaine,bpt6k1223435q,,failed,0,0,,http_manifest,known,403,manifest,"Client error '403 ' for url 'https://openapiproext.bnf.fr/iiif/presentation/v3/ark:/12148/bpt6k1223435q/manifest.json'
For more information check: https://developer.mozilla.org/en-US/docs/Web/HTTP/Status/403",2026-07-17T20:01:06.489245
canardenchaine,bpt6k12234364,,failed,0,0,,http_manifest,known,403,manifest,"Client error '403 ' for url 'https://openapiproext.bnf.fr/iiif/presentation/v3/ark:/12148/bpt6k12234364/manifest.json'
For more information check: https://developer.mozilla.org/en-US/docs/Web/HTTP/Status/403",2026-07-17T20:01:07.568833
canardenchaine,bpt6k1223437j,,failed,0,0,,http_manifest,known,403,manifest,"Client error '403 ' for url 'https://openapiproext.bnf.fr/iiif/presentation/v3/ark:/12148/bpt6k1223437j/manifest.json'
For more information check: https://developer.mozilla.org/en-US/docs/Web/HTTP/Status/403",2026-07-17T20:01:08.852361
canardenchaine,bpt6k1223438z,,failed,0,0,,http_manifest,known,403,manifest,"Client error '403 ' for url 'https://openapiproext.bnf.fr/iiif/presentation/v3/ark:/12148/bpt6k1223438z/manifest.json'
For more information check: https://developer.mozilla.org/en-US/docs/Web/HTTP/Status/403",2026-07-17T20:01:09.974282
canardenchaine,bpt6k1223439c,,failed,0,0,,http_manifest,known,403,manifest,"Client error '403 ' for url 'https://openapiproext.bnf.fr/iiif/presentation/v3/ark:/12148/bpt6k1223439c/manifest.json'
For more information check: https://developer.mozilla.org/en-US/docs/Web/HTTP/Status/403",2026-07-17T20:01:11.174144
canardenchaine,bpt6k12234401,,failed,0,0,,http_manifest,known,403,manifest,"Client error '403 ' for url 'https://openapiproext.bnf.fr/iiif/presentation/v3/ark:/12148/bpt6k12234401/manifest.json'
For more information check: https://developer.mozilla.org/en-US/docs/Web/HTTP/Status/403",2026-07-17T20:01:12.376952
canardenchaine,bpt6k1223441f,,failed,0,0,,http_manifest,known,403,manifest,"Client error '403 ' for url 'https://openapiproext.bnf.fr/iiif/presentation/v3/ark:/12148/bpt6k1223441f/manifest.json'
For more information check: https://developer.mozilla.org/en-US/docs/Web/HTTP/Status/403",2026-07-17T20:01:13.793059
canardenchaine,bpt6k1223442v,,failed,0,0,,http_manifest,known,403,manifest,"Client error '403 ' for url 'https://openapiproext.bnf.fr/iiif/presentation/v3/ark:/12148/bpt6k1223442v/manifest.json'
For more information check: https://developer.mozilla.org/en-US/docs/Web/HTTP/Status/403",2026-07-17T20:01:14.791432
canardenchaine,bpt6k12234438,,failed,0,0,,http_manifest,known,403,manifest,"Client error '403 ' for url 'https://openapiproext.bnf.fr/iiif/presentation/v3/ark:/12148/bpt6k12234438/manifest.json'
For more information check: https://developer.mozilla.org/en-US/docs/Web/HTTP/Status/403",2026-07-17T20:01:16.106347
canardenchaine,bpt6k1223444p,,failed,0,0,,http_manifest,known,403,manifest,"Client error '403 ' for url 'https://openapiproext.bnf.fr/iiif/presentation/v3/ark:/12148/bpt6k1223444p/manifest.json'
For more information check: https://developer.mozilla.org/en-US/docs/Web/HTTP/Status/403",2026-07-17T20:01:17.433238
canardenchaine,bpt6k12234453,,failed,0,0,,http_manifest,known,403,manifest,"Client error '403 ' for url 'https://openapiproext.bnf.fr/iiif/presentation/v3/ark:/12148/bpt6k12234453/manifest.json'
For more information check: https://developer.mozilla.org/en-US/docs/Web/HTTP/Status/403",2026-07-17T20:01:18.387107
canardenchaine,bpt6k1223446h,,failed,0,0,,http_manifest,known,403,manifest,"Client error '403 ' for url 'https://openapiproext.bnf.fr/iiif/presentation/v3/ark:/12148/bpt6k1223446h/manifest.json'
For more information check: https://developer.mozilla.org/en-US/docs/Web/HTTP/Status/403",2026-07-17T20:01:19.589142
canardenchaine,bpt6k1223447x,,failed,0,0,,http_manifest,known,403,manifest,"Client error '403 ' for url 'https://openapiproext.bnf.fr/iiif/presentation/v3/ark:/12148/bpt6k1223447x/manifest.json'
For more information check: https://developer.mozilla.org/en-US/docs/Web/HTTP/Status/403",2026-07-17T20:01:20.790586
canardenchaine,bpt6k1223448b,,failed,0,0,,http_manifest,known,403,manifest,"Client error '403 ' for url 'https://openapiproext.bnf.fr/iiif/presentation/v3/ark:/12148/bpt6k1223448b/manifest.json'
For more information check: https://developer.mozilla.org/en-US/docs/Web/HTTP/Status/403",2026-07-17T20:01:21.990525
canardenchaine,bpt6k1223449r,,failed,0,0,,http_manifest,known,403,manifest,"Client error '403 ' for url 'https://openapiproext.bnf.fr/iiif/presentation/v3/ark:/12148/bpt6k1223449r/manifest.json'
For more information check: https://developer.mozilla.org/en-US/docs/Web/HTTP/Status/403",2026-07-17T20:01:23.187757
canardenchaine,bpt6k1223450d,,failed,0,0,,http_manifest,known,403,manifest,"Client error '403 ' for url 'https://openapiproext.bnf.fr/iiif/presentation/v3/ark:/12148/bpt6k1223450d/manifest.json'
For more information check: https://developer.mozilla.org/en-US/docs/Web/HTTP/Status/403",2026-07-17T20:01:24.389748
canardenchaine,bpt6k1223451t,,failed,0,0,,http_manifest,known,403,manifest,"Client error '403 ' for url 'https://openapiproext.bnf.fr/iiif/presentation/v3/ark:/12148/bpt6k1223451t/manifest.json'
For more information check: https://developer.mozilla.org/en-US/docs/Web/HTTP/Status/403",2026-07-17T20:01:25.590856
canardenchaine,bpt6k12234527,,failed,0,0,,http_manifest,known,403,manifest,"Client error '403 ' for url 'https://openapiproext.bnf.fr/iiif/presentation/v3/ark:/12148/bpt6k12234527/manifest.json'
For more information check: https://developer.mozilla.org/en-US/docs/Web/HTTP/Status/403",2026-07-17T20:01:26.795761
canardenchaine,bpt6k1223453n,,failed,0,0,,http_manifest,known,403,manifest,"Client error '403 ' for url 'https://openapiproext.bnf.fr/iiif/presentation/v3/ark:/12148/bpt6k1223453n/manifest.json'
For more information check: https://developer.mozilla.org/en-US/docs/Web/HTTP/Status/403",2026-07-17T20:01:27.996753
canardenchaine,bpt6k12234542,,failed,0,0,,http_manifest,known,403,manifest,"Client error '403 ' for url 'https://openapiproext.bnf.fr/iiif/presentation/v3/ark:/12148/bpt6k12234542/manifest.json'
For more information check: https://developer.mozilla.org/en-US/docs/Web/HTTP/Status/403",2026-07-17T20:01:29.205190
canardenchaine,bpt6k1223455g,,failed,0,0,,http_manifest,known,403,manifest,"Client error '403 ' for url 'https://openapiproext.bnf.fr/iiif/presentation/v3/ark:/12148/bpt6k1223455g/manifest.json'
For more information check: https://developer.mozilla.org/en-US/docs/Web/HTTP/Status/403",2026-07-17T20:01:30.399711
canardenchaine,bpt6k1223456w,,failed,0,0,,http_manifest,known,403,manifest,"Client error '403 ' for url 'https://openapiproext.bnf.fr/iiif/presentation/v3/ark:/12148/bpt6k1223456w/manifest.json'
For more information check: https://developer.mozilla.org/en-US/docs/Web/HTTP/Status/403",2026-07-17T20:01:31.612044
canardenchaine,bpt6k12234579,,failed,0,0,,http_manifest,known,403,manifest,"Client error '403 ' for url 'https://openapiproext.bnf.fr/iiif/presentation/v3/ark:/12148/bpt6k12234579/manifest.json'
For more information check: https://developer.mozilla.org/en-US/docs/Web/HTTP/Status/403",2026-07-17T20:01:32.803578
canardenchaine,bpt6k1223458q,,failed,0,0,,http_manifest,known,403,manifest,"Client error '403 ' for url 'https://openapiproext.bnf.fr/iiif/presentation/v3/ark:/12148/bpt6k1223458q/manifest.json'
For more information check: https://developer.mozilla.org/en-US/docs/Web/HTTP/Status/403",2026-07-17T20:01:34.003420
canardenchaine,bpt6k12222668,,failed,0,0,,http_manifest,known,403,manifest,"Client error '403 ' for url 'https://openapiproext.bnf.fr/iiif/presentation/v3/ark:/12148/bpt6k12222668/manifest.json'
For more information check: https://developer.mozilla.org/en-US/docs/Web/HTTP/Status/403",2026-07-17T20:01:35.223994
canardenchaine,bpt6k1222202b,,failed,0,0,,http_manifest,known,403,manifest,"Client error '403 ' for url 'https://openapiproext.bnf.fr/iiif/presentation/v3/ark:/12148/bpt6k1222202b/manifest.json'
For more information check: https://developer.mozilla.org/en-US/docs/Web/HTTP/Status/403",2026-07-17T20:01:36.409388
canardenchaine,bpt6k1222267p,,failed,0,0,,http_manifest,known,403,manifest,"Client error '403 ' for url 'https://openapiproext.bnf.fr/iiif/presentation/v3/ark:/12148/bpt6k1222267p/manifest.json'
For more information check: https://developer.mozilla.org/en-US/docs/Web/HTTP/Status/403",2026-07-17T20:01:37.612261
canardenchaine,bpt6k1222203r,,failed,0,0,,http_manifest,known,403,manifest,"Client error '403 ' for url 'https://openapiproext.bnf.fr/iiif/presentation/v3/ark:/12148/bpt6k1222203r/manifest.json'
For more information check: https://developer.mozilla.org/en-US/docs/Web/HTTP/Status/403",2026-07-17T20:01:38.810843
canardenchaine,bpt6k12222683,,failed,0,0,,http_manifest,known,403,manifest,"Client error '403 ' for url 'https://openapiproext.bnf.fr/iiif/presentation/v3/ark:/12148/bpt6k12222683/manifest.json'
For more information check: https://developer.mozilla.org/en-US/docs/Web/HTTP/Status/403",2026-07-17T20:01:40.011481
canardenchaine,bpt6k12222045,,failed,0,0,,http_manifest,known,403,manifest,"Client error '403 ' for url 'https://openapiproext.bnf.fr/iiif/presentation/v3/ark:/12148/bpt6k12222045/manifest.json'
For more information check: https://developer.mozilla.org/en-US/docs/Web/HTTP/Status/403",2026-07-17T20:01:41.235473
canardenchaine,bpt6k1222269h,,failed,0,0,,http_manifest,known,403,manifest,"Client error '403 ' for url 'https://openapiproext.bnf.fr/iiif/presentation/v3/ark:/12148/bpt6k1222269h/manifest.json'
For more information check: https://developer.mozilla.org/en-US/docs/Web/HTTP/Status/403",2026-07-17T20:01:42.415110
canardenchaine,bpt6k1222205k,,failed,0,0,,http_manifest,known,403,manifest,"Client error '403 ' for url 'https://openapiproext.bnf.fr/iiif/presentation/v3/ark:/12148/bpt6k1222205k/manifest.json'
For more information check: https://developer.mozilla.org/en-US/docs/Web/HTTP/Status/403",2026-07-17T20:01:43.618730
canardenchaine,bpt6k12222705,,failed,0,0,,http_manifest,known,403,manifest,"Client error '403 ' for url 'https://openapiproext.bnf.fr/iiif/presentation/v3/ark:/12148/bpt6k12222705/manifest.json'
For more information check: https://developer.mozilla.org/en-US/docs/Web/HTTP/Status/403",2026-07-17T20:01:44.819780
canardenchaine,bpt6k12222060,,failed,0,0,,http_manifest,known,403,manifest,"Client error '403 ' for url 'https://openapiproext.bnf.fr/iiif/presentation/v3/ark:/12148/bpt6k12222060/manifest.json'
For more information check: https://developer.mozilla.org/en-US/docs/Web/HTTP/Status/403",2026-07-17T20:01:46.072005
canardenchaine,bpt6k1222271k,,failed,0,0,,http_manifest,known,403,manifest,"Client error '403 ' for url 'https://openapiproext.bnf.fr/iiif/presentation/v3/ark:/12148/bpt6k1222271k/manifest.json'
For more information check: https://developer.mozilla.org/en-US/docs/Web/HTTP/Status/403",2026-07-17T20:01:47.223592
canardenchaine,bpt6k1222207d,,failed,0,0,,http_manifest,known,403,manifest,"Client error '403 ' for url 'https://openapiproext.bnf.fr/iiif/presentation/v3/ark:/12148/bpt6k1222207d/manifest.json'
For more information check: https://developer.mozilla.org/en-US/docs/Web/HTTP/Status/403",2026-07-17T20:01:48.429495
canardenchaine,bpt6k1222208t,,failed,0,0,,http_manifest,known,403,manifest,"Client error '403 ' for url 'https://openapiproext.bnf.fr/iiif/presentation/v3/ark:/12148/bpt6k1222208t/manifest.json'
For more information check: https://developer.mozilla.org/en-US/docs/Web/HTTP/Status/403",2026-07-17T20:01:49.626609
canardenchaine,bpt6k12222720,,failed,0,0,,http_manifest,known,403,manifest,"Client error '403 ' for url 'https://openapiproext.bnf.fr/iiif/presentation/v3/ark:/12148/bpt6k12222720/manifest.json'
For more information check: https://developer.mozilla.org/en-US/docs/Web/HTTP/Status/403",2026-07-17T20:01:50.827328
canardenchaine,bpt6k12222097,,failed,0,0,,http_manifest,known,403,manifest,"Client error '403 ' for url 'https://openapiproext.bnf.fr/iiif/presentation/v3/ark:/12148/bpt6k12222097/manifest.json'
For more information check: https://developer.mozilla.org/en-US/docs/Web/HTTP/Status/403",2026-07-17T20:01:52.056825
canardenchaine,bpt6k1222273d,,failed,0,0,,http_manifest,known,403,manifest,"Client error '403 ' for url 'https://openapiproext.bnf.fr/iiif/presentation/v3/ark:/12148/bpt6k1222273d/manifest.json'
For more information check: https://developer.mozilla.org/en-US/docs/Web/HTTP/Status/403",2026-07-17T20:01:53.231719
canardenchaine,bpt6k1222210w,,failed,0,0,,http_manifest,known,403,manifest,"Client error '403 ' for url 'https://openapiproext.bnf.fr/iiif/presentation/v3/ark:/12148/bpt6k1222210w/manifest.json'
For more information check: https://developer.mozilla.org/en-US/docs/Web/HTTP/Status/403",2026-07-17T20:01:54.439108
canardenchaine,bpt6k1222274t,,failed,0,0,,http_manifest,known,403,manifest,"Client error '403 ' for url 'https://openapiproext.bnf.fr/iiif/presentation/v3/ark:/12148/bpt6k1222274t/manifest.json'
For more information check: https://developer.mozilla.org/en-US/docs/Web/HTTP/Status/403",2026-07-17T20:01:55.634931
canardenchaine,bpt6k12222119,,failed,0,0,,http_manifest,known,403,manifest,"Client error '403 ' for url 'https://openapiproext.bnf.fr/iiif/presentation/v3/ark:/12148/bpt6k12222119/manifest.json'
For more information check: https://developer.mozilla.org/en-US/docs/Web/HTTP/Status/403",2026-07-17T20:01:56.840246
canardenchaine,bpt6k12222757,,failed,0,0,,http_manifest,known,403,manifest,"Client error '403 ' for url 'https://openapiproext.bnf.fr/iiif/presentation/v3/ark:/12148/bpt6k12222757/manifest.json'
For more information check: https://developer.mozilla.org/en-US/docs/Web/HTTP/Status/403",2026-07-17T20:01:58.062374
canardenchaine,bpt6k1222276n,,failed,0,0,,http_manifest,known,403,manifest,"Client error '403 ' for url 'https://openapiproext.bnf.fr/iiif/presentation/v3/ark:/12148/bpt6k1222276n/manifest.json'
For more information check: https://developer.mozilla.org/en-US/docs/Web/HTTP/Status/403",2026-07-17T20:01:59.382550
canardenchaine,bpt6k1222212q,,failed,0,0,,http_manifest,known,403,manifest,"Client error '403 ' for url 'https://openapiproext.bnf.fr/iiif/presentation/v3/ark:/12148/bpt6k1222212q/manifest.json'
For more information check: https://developer.mozilla.org/en-US/docs/Web/HTTP/Status/403",2026-07-17T20:02:00.442677
canardenchaine,bpt6k12222134,,failed,0,0,,http_manifest,known,403,manifest,"Client error '403 ' for url 'https://openapiproext.bnf.fr/iiif/presentation/v3/ark:/12148/bpt6k12222134/manifest.json'
For more information check: https://developer.mozilla.org/en-US/docs/Web/HTTP/Status/403",2026-07-17T20:02:01.873106
canardenchaine,bpt6k12222772,,failed,0,0,,http_manifest,known,403,manifest,"Client error '403 ' for url 'https://openapiproext.bnf.fr/iiif/presentation/v3/ark:/12148/bpt6k12222772/manifest.json'
For more information check: https://developer.mozilla.org/en-US/docs/Web/HTTP/Status/403",2026-07-17T20:02:02.843605
canardenchaine,bpt6k1222278g,,failed,0,0,,http_manifest,known,403,manifest,"Client error '403 ' for url 'https://openapiproext.bnf.fr/iiif/presentation/v3/ark:/12148/bpt6k1222278g/manifest.json'
For more information check: https://developer.mozilla.org/en-US/docs/Web/HTTP/Status/403",2026-07-17T20:02:04.187754
canardenchaine,bpt6k1222214j,,failed,0,0,,http_manifest,known,403,manifest,"Client error '403 ' for url 'https://openapiproext.bnf.fr/iiif/presentation/v3/ark:/12148/bpt6k1222214j/manifest.json'
For more information check: https://developer.mozilla.org/en-US/docs/Web/HTTP/Status/403",2026-07-17T20:02:05.489328
canardenchaine,bpt6k1222215z,,failed,0,0,,http_manifest,known,403,manifest,"Client error '403 ' for url 'https://openapiproext.bnf.fr/iiif/presentation/v3/ark:/12148/bpt6k1222215z/manifest.json'
For more information check: https://developer.mozilla.org/en-US/docs/Web/HTTP/Status/403",2026-07-17T20:02:06.448178
canardenchaine,bpt6k1222279w,,failed,0,0,,http_manifest,known,403,manifest,"Client error '403 ' for url 'https://openapiproext.bnf.fr/iiif/presentation/v3/ark:/12148/bpt6k1222279w/manifest.json'
For more information check: https://developer.mozilla.org/en-US/docs/Web/HTTP/Status/403",2026-07-17T20:02:07.682112
canardenchaine,bpt6k1222280j,,failed,0,0,,http_manifest,known,403,manifest,"Client error '403 ' for url 'https://openapiproext.bnf.fr/iiif/presentation/v3/ark:/12148/bpt6k1222280j/manifest.json'
For more information check: https://developer.mozilla.org/en-US/docs/Web/HTTP/Status/403",2026-07-17T20:02:08.850272
canardenchaine,bpt6k1222216c,,failed,0,0,,http_manifest,known,403,manifest,"Client error '403 ' for url 'https://openapiproext.bnf.fr/iiif/presentation/v3/ark:/12148/bpt6k1222216c/manifest.json'
For more information check: https://developer.mozilla.org/en-US/docs/Web/HTTP/Status/403",2026-07-17T20:02:10.118504
canardenchaine,bpt6k1222217s,,failed,0,0,,http_manifest,known,403,manifest,"Client error '403 ' for url 'https://openapiproext.bnf.fr/iiif/presentation/v3/ark:/12148/bpt6k1222217s/manifest.json'
For more information check: https://developer.mozilla.org/en-US/docs/Web/HTTP/Status/403",2026-07-17T20:02:11.477274
canardenchaine,bpt6k1222281z,,failed,0,0,,http_manifest,known,403,manifest,"Client error '403 ' for url 'https://openapiproext.bnf.fr/iiif/presentation/v3/ark:/12148/bpt6k1222281z/manifest.json'
For more information check: https://developer.mozilla.org/en-US/docs/Web/HTTP/Status/403",2026-07-17T20:02:12.456717
canardenchaine,bpt6k12222186,,failed,0,0,,http_manifest,known,403,manifest,"Client error '403 ' for url 'https://openapiproext.bnf.fr/iiif/presentation/v3/ark:/12148/bpt6k12222186/manifest.json'
For more information check: https://developer.mozilla.org/en-US/docs/Web/HTTP/Status/403",2026-07-17T20:02:13.719623
canardenchaine,bpt6k1222282c,,failed,0,0,,http_manifest,known,403,manifest,"Client error '403 ' for url 'https://openapiproext.bnf.fr/iiif/presentation/v3/ark:/12148/bpt6k1222282c/manifest.json'
For more information check: https://developer.mozilla.org/en-US/docs/Web/HTTP/Status/403",2026-07-17T20:02:14.972265
canardenchaine,bpt6k1222283s,,failed,0,0,,http_manifest,known,403,manifest,"Client error '403 ' for url 'https://openapiproext.bnf.fr/iiif/presentation/v3/ark:/12148/bpt6k1222283s/manifest.json'
For more information check: https://developer.mozilla.org/en-US/docs/Web/HTTP/Status/403",2026-07-17T20:02:16.247592
canardenchaine,bpt6k1222219m,,failed,0,0,,http_manifest,known,403,manifest,"Client error '403 ' for url 'https://openapiproext.bnf.fr/iiif/presentation/v3/ark:/12148/bpt6k1222219m/manifest.json'
For more information check: https://developer.mozilla.org/en-US/docs/Web/HTTP/Status/403",2026-07-17T20:02:17.310851
canardenchaine,bpt6k12222208,,failed,0,0,,http_manifest,known,403,manifest,"Client error '403 ' for url 'https://openapiproext.bnf.fr/iiif/presentation/v3/ark:/12148/bpt6k12222208/manifest.json'
For more information check: https://developer.mozilla.org/en-US/docs/Web/HTTP/Status/403",2026-07-17T20:02:18.469058
canardenchaine,bpt6k12222846,,failed,0,0,,http_manifest,known,403,manifest,"Client error '403 ' for url 'https://openapiproext.bnf.fr/iiif/presentation/v3/ark:/12148/bpt6k12222846/manifest.json'
For more information check: https://developer.mozilla.org/en-US/docs/Web/HTTP/Status/403",2026-07-17T20:02:19.670814
canardenchaine,bpt6k1222285m,,failed,0,0,,http_manifest,known,403,manifest,"Client error '403 ' for url 'https://openapiproext.bnf.fr/iiif/presentation/v3/ark:/12148/bpt6k1222285m/manifest.json'
For more information check: https://developer.mozilla.org/en-US/docs/Web/HTTP/Status/403",2026-07-17T20:02:20.871094
canardenchaine,bpt6k1222221p,,failed,0,0,,http_manifest,known,403,manifest,"Client error '403 ' for url 'https://openapiproext.bnf.fr/iiif/presentation/v3/ark:/12148/bpt6k1222221p/manifest.json'
For more information check: https://developer.mozilla.org/en-US/docs/Web/HTTP/Status/403",2026-07-17T20:02:22.064114
canardenchaine,bpt6k12222223,,failed,0,0,,http_manifest,known,403,manifest,"Client error '403 ' for url 'https://openapiproext.bnf.fr/iiif/presentation/v3/ark:/12148/bpt6k12222223/manifest.json'
For more information check: https://developer.mozilla.org/en-US/docs/Web/HTTP/Status/403",2026-07-17T20:02:23.270266
canardenchaine,bpt6k12222861,,failed,0,0,,http_manifest,known,403,manifest,"Client error '403 ' for url 'https://openapiproext.bnf.fr/iiif/presentation/v3/ark:/12148/bpt6k12222861/manifest.json'
For more information check: https://developer.mozilla.org/en-US/docs/Web/HTTP/Status/403",2026-07-17T20:02:24.470529
canardenchaine,bpt6k1222223h,,failed,0,0,,http_manifest,known,403,manifest,"Client error '403 ' for url 'https://openapiproext.bnf.fr/iiif/presentation/v3/ark:/12148/bpt6k1222223h/manifest.json'
For more information check: https://developer.mozilla.org/en-US/docs/Web/HTTP/Status/403",2026-07-17T20:02:25.677462
canardenchaine,bpt6k1222287f,,failed,0,0,,http_manifest,known,403,manifest,"Client error '403 ' for url 'https://openapiproext.bnf.fr/iiif/presentation/v3/ark:/12148/bpt6k1222287f/manifest.json'
For more information check: https://developer.mozilla.org/en-US/docs/Web/HTTP/Status/403",2026-07-17T20:02:26.873584
canardenchaine,bpt6k1222288v,,failed,0,0,,http_manifest,known,403,manifest,"Client error '403 ' for url 'https://openapiproext.bnf.fr/iiif/presentation/v3/ark:/12148/bpt6k1222288v/manifest.json'
For more information check: https://developer.mozilla.org/en-US/docs/Web/HTTP/Status/403",2026-07-17T20:02:28.076315
canardenchaine,bpt6k1222224x,,failed,0,0,,http_manifest,known,403,manifest,"Client error '403 ' for url 'https://openapiproext.bnf.fr/iiif/presentation/v3/ark:/12148/bpt6k1222224x/manifest.json'
For more information check: https://developer.mozilla.org/en-US/docs/Web/HTTP/Status/403",2026-07-17T20:02:29.275737
canardenchaine,bpt6k1222225b,,failed,0,0,,http_manifest,known,403,manifest,"Client error '403 ' for url 'https://openapiproext.bnf.fr/iiif/presentation/v3/ark:/12148/bpt6k1222225b/manifest.json'
For more information check: https://developer.mozilla.org/en-US/docs/Web/HTTP/Status/403",2026-07-17T20:02:30.481908
canardenchaine,bpt6k12222898,,failed,0,0,,http_manifest,known,403,manifest,"Client error '403 ' for url 'https://openapiproext.bnf.fr/iiif/presentation/v3/ark:/12148/bpt6k12222898/manifest.json'
For more information check: https://developer.mozilla.org/en-US/docs/Web/HTTP/Status/403",2026-07-17T20:02:31.680580
canardenchaine,bpt6k1222290x,,failed,0,0,,http_manifest,known,403,manifest,"Client error '403 ' for url 'https://openapiproext.bnf.fr/iiif/presentation/v3/ark:/12148/bpt6k1222290x/manifest.json'
For more information check: https://developer.mozilla.org/en-US/docs/Web/HTTP/Status/403",2026-07-17T20:02:32.903050
canardenchaine,bpt6k1222226r,,failed,0,0,,http_manifest,known,403,manifest,"Client error '403 ' for url 'https://openapiproext.bnf.fr/iiif/presentation/v3/ark:/12148/bpt6k1222226r/manifest.json'
For more information check: https://developer.mozilla.org/en-US/docs/Web/HTTP/Status/403",2026-07-17T20:02:34.085210
canardenchaine,bpt6k12222275,,failed,0,0,,http_manifest,known,403,manifest,"Client error '403 ' for url 'https://openapiproext.bnf.fr/iiif/presentation/v3/ark:/12148/bpt6k12222275/manifest.json'
For more information check: https://developer.mozilla.org/en-US/docs/Web/HTTP/Status/403",2026-07-17T20:02:35.282340
canardenchaine,bpt6k1222291b,,failed,0,0,,http_manifest,known,403,manifest,"Client error '403 ' for url 'https://openapiproext.bnf.fr/iiif/presentation/v3/ark:/12148/bpt6k1222291b/manifest.json'
For more information check: https://developer.mozilla.org/en-US/docs/Web/HTTP/Status/403",2026-07-17T20:02:36.482190
canardenchaine,bpt6k1222292r,,failed,0,0,,http_manifest,known,403,manifest,"Client error '403 ' for url 'https://openapiproext.bnf.fr/iiif/presentation/v3/ark:/12148/bpt6k1222292r/manifest.json'
For more information check: https://developer.mozilla.org/en-US/docs/Web/HTTP/Status/403",2026-07-17T20:02:37.689029
canardenchaine,bpt6k1222228k,,failed,0,0,,http_manifest,known,403,manifest,"Client error '403 ' for url 'https://openapiproext.bnf.fr/iiif/presentation/v3/ark:/12148/bpt6k1222228k/manifest.json'
For more information check: https://developer.mozilla.org/en-US/docs/Web/HTTP/Status/403",2026-07-17T20:02:38.908205
canardenchaine,bpt6k12222935,,failed,0,0,,http_manifest,known,403,manifest,"Client error '403 ' for url 'https://openapiproext.bnf.fr/iiif/presentation/v3/ark:/12148/bpt6k12222935/manifest.json'
For more information check: https://developer.mozilla.org/en-US/docs/Web/HTTP/Status/403",2026-07-17T20:02:40.086245
canardenchaine,bpt6k12222290,,failed,0,0,,http_manifest,known,403,manifest,"Client error '403 ' for url 'https://openapiproext.bnf.fr/iiif/presentation/v3/ark:/12148/bpt6k12222290/manifest.json'
For more information check: https://developer.mozilla.org/en-US/docs/Web/HTTP/Status/403",2026-07-17T20:02:41.290456
canardenchaine,bpt6k1222230n,,failed,0,0,,http_manifest,known,403,manifest,"Client error '403 ' for url 'https://openapiproext.bnf.fr/iiif/presentation/v3/ark:/12148/bpt6k1222230n/manifest.json'
For more information check: https://developer.mozilla.org/en-US/docs/Web/HTTP/Status/403",2026-07-17T20:02:42.494221
canardenchaine,bpt6k1222294k,,failed,0,0,,http_manifest,known,403,manifest,"Client error '403 ' for url 'https://openapiproext.bnf.fr/iiif/presentation/v3/ark:/12148/bpt6k1222294k/manifest.json'
For more information check: https://developer.mozilla.org/en-US/docs/Web/HTTP/Status/403",2026-07-17T20:02:43.693977
canardenchaine,bpt6k12222950,,failed,0,0,,http_manifest,known,403,manifest,"Client error '403 ' for url 'https://openapiproext.bnf.fr/iiif/presentation/v3/ark:/12148/bpt6k12222950/manifest.json'
For more information check: https://developer.mozilla.org/en-US/docs/Web/HTTP/Status/403",2026-07-17T20:02:44.894645
canardenchaine,bpt6k12222312,,failed,0,0,,http_manifest,known,403,manifest,"Client error '403 ' for url 'https://openapiproext.bnf.fr/iiif/presentation/v3/ark:/12148/bpt6k12222312/manifest.json'
For more information check: https://developer.mozilla.org/en-US/docs/Web/HTTP/Status/403",2026-07-17T20:02:46.095573
canardenchaine,bpt6k1222232g,,failed,0,0,,http_manifest,known,403,manifest,"Client error '403 ' for url 'https://openapiproext.bnf.fr/iiif/presentation/v3/ark:/12148/bpt6k1222232g/manifest.json'
For more information check: https://developer.mozilla.org/en-US/docs/Web/HTTP/Status/403",2026-07-17T20:02:47.298770
canardenchaine,bpt6k1222296d,,failed,0,0,,http_manifest,known,403,manifest,"Client error '403 ' for url 'https://openapiproext.bnf.fr/iiif/presentation/v3/ark:/12148/bpt6k1222296d/manifest.json'
For more information check: https://developer.mozilla.org/en-US/docs/Web/HTTP/Status/403",2026-07-17T20:02:48.497365
canardenchaine,bpt6k1222297t,,failed,0,0,,http_manifest,known,403,manifest,"Client error '403 ' for url 'https://openapiproext.bnf.fr/iiif/presentation/v3/ark:/12148/bpt6k1222297t/manifest.json'
For more information check: https://developer.mozilla.org/en-US/docs/Web/HTTP/Status/403",2026-07-17T20:02:49.697749
canardenchaine,bpt6k1222233w,,failed,0,0,,http_manifest,known,403,manifest,"Client error '403 ' for url 'https://openapiproext.bnf.fr/iiif/presentation/v3/ark:/12148/bpt6k1222233w/manifest.json'
For more information check: https://developer.mozilla.org/en-US/docs/Web/HTTP/Status/403",2026-07-17T20:02:50.927689
canardenchaine,bpt6k12222987,,failed,0,0,,http_manifest,known,403,manifest,"Client error '403 ' for url 'https://openapiproext.bnf.fr/iiif/presentation/v3/ark:/12148/bpt6k12222987/manifest.json'
For more information check: https://developer.mozilla.org/en-US/docs/Web/HTTP/Status/403",2026-07-17T20:02:52.096504
canardenchaine,bpt6k12222349,,failed,0,0,,http_manifest,known,403,manifest,"Client error '403 ' for url 'https://openapiproext.bnf.fr/iiif/presentation/v3/ark:/12148/bpt6k12222349/manifest.json'
For more information check: https://developer.mozilla.org/en-US/docs/Web/HTTP/Status/403",2026-07-17T20:02:53.301934
canardenchaine,bpt6k1222299n,,failed,0,0,,http_manifest,known,403,manifest,"Client error '403 ' for url 'https://openapiproext.bnf.fr/iiif/presentation/v3/ark:/12148/bpt6k1222299n/manifest.json'
For more information check: https://developer.mozilla.org/en-US/docs/Web/HTTP/Status/403",2026-07-17T20:02:54.508088
canardenchaine,bpt6k1222235q,,failed,0,0,,http_manifest,known,403,manifest,"Client error '403 ' for url 'https://openapiproext.bnf.fr/iiif/presentation/v3/ark:/12148/bpt6k1222235q/manifest.json'
For more information check: https://developer.mozilla.org/en-US/docs/Web/HTTP/Status/403",2026-07-17T20:02:55.711571
canardenchaine,bpt6k1222300v,,failed,0,0,,http_manifest,known,403,manifest,"Client error '403 ' for url 'https://openapiproext.bnf.fr/iiif/presentation/v3/ark:/12148/bpt6k1222300v/manifest.json'
For more information check: https://developer.mozilla.org/en-US/docs/Web/HTTP/Status/403",2026-07-17T20:02:56.912281
canardenchaine,bpt6k12222364,,failed,0,0,,http_manifest,known,403,manifest,"Client error '403 ' for url 'https://openapiproext.bnf.fr/iiif/presentation/v3/ark:/12148/bpt6k12222364/manifest.json'
For more information check: https://developer.mozilla.org/en-US/docs/Web/HTTP/Status/403",2026-07-17T20:02:58.294703
canardenchaine,bpt6k1222237j,,failed,0,0,,http_manifest,known,403,manifest,"Client error '403 ' for url 'https://openapiproext.bnf.fr/iiif/presentation/v3/ark:/12148/bpt6k1222237j/manifest.json'
For more information check: https://developer.mozilla.org/en-US/docs/Web/HTTP/Status/403",2026-07-17T20:02:59.414162
canardenchaine,bpt6k12223018,,failed,0,0,,http_manifest,known,403,manifest,"Client error '403 ' for url 'https://openapiproext.bnf.fr/iiif/presentation/v3/ark:/12148/bpt6k12223018/manifest.json'
For more information check: https://developer.mozilla.org/en-US/docs/Web/HTTP/Status/403",2026-07-17T20:03:00.644013
canardenchaine,bpt6k1222238z,,failed,0,0,,http_manifest,known,403,manifest,"Client error '403 ' for url 'https://openapiproext.bnf.fr/iiif/presentation/v3/ark:/12148/bpt6k1222238z/manifest.json'
For more information check: https://developer.mozilla.org/en-US/docs/Web/HTTP/Status/403",2026-07-17T20:03:01.887524
canardenchaine,bpt6k1222302p,,failed,0,0,,http_manifest,known,403,manifest,"Client error '403 ' for url 'https://openapiproext.bnf.fr/iiif/presentation/v3/ark:/12148/bpt6k1222302p/manifest.json'
For more information check: https://developer.mozilla.org/en-US/docs/Web/HTTP/Status/403",2026-07-17T20:03:02.931351
canardenchaine,bpt6k1222239c,,failed,0,0,,http_manifest,known,403,manifest,"Client error '403 ' for url 'https://openapiproext.bnf.fr/iiif/presentation/v3/ark:/12148/bpt6k1222239c/manifest.json'
For more information check: https://developer.mozilla.org/en-US/docs/Web/HTTP/Status/403",2026-07-17T20:03:04.198482
canardenchaine,bpt6k12223033,,failed,0,0,,http_manifest,known,403,manifest,"Client error '403 ' for url 'https://openapiproext.bnf.fr/iiif/presentation/v3/ark:/12148/bpt6k12223033/manifest.json'
For more information check: https://developer.mozilla.org/en-US/docs/Web/HTTP/Status/403",2026-07-17T20:03:05.323418
canardenchaine,bpt6k1224529n,,failed,0,0,,http_manifest,known,403,manifest,"Client error '403 ' for url 'https://openapiproext.bnf.fr/iiif/presentation/v3/ark:/12148/bpt6k1224529n/manifest.json'
For more information check: https://developer.mozilla.org/en-US/docs/Web/HTTP/Status/403",2026-07-17T20:03:06.529926
canardenchaine,bpt6k1222304h,,failed,0,0,,http_manifest,known,403,manifest,"Client error '403 ' for url 'https://openapiproext.bnf.fr/iiif/presentation/v3/ark:/12148/bpt6k1222304h/manifest.json'
For more information check: https://developer.mozilla.org/en-US/docs/Web/HTTP/Status/403",2026-07-17T20:03:07.729703
canardenchaine,bpt6k12222401,,failed,0,0,,http_manifest,known,403,manifest,"Client error '403 ' for url 'https://openapiproext.bnf.fr/iiif/presentation/v3/ark:/12148/bpt6k12222401/manifest.json'
For more information check: https://developer.mozilla.org/en-US/docs/Web/HTTP/Status/403",2026-07-17T20:03:08.931002
canardenchaine,bpt6k1222305x,,failed,0,0,,http_manifest,known,403,manifest,"Client error '403 ' for url 'https://openapiproext.bnf.fr/iiif/presentation/v3/ark:/12148/bpt6k1222305x/manifest.json'
For more information check: https://developer.mozilla.org/en-US/docs/Web/HTTP/Status/403",2026-07-17T20:03:10.134044
canardenchaine,bpt6k1222241f,,failed,0,0,,http_manifest,known,403,manifest,"Client error '403 ' for url 'https://openapiproext.bnf.fr/iiif/presentation/v3/ark:/12148/bpt6k1222241f/manifest.json'
For more information check: https://developer.mozilla.org/en-US/docs/Web/HTTP/Status/403",2026-07-17T20:03:11.323761
canardenchaine,bpt6k1222242v,,failed,0,0,,http_manifest,known,403,manifest,"Client error '403 ' for url 'https://openapiproext.bnf.fr/iiif/presentation/v3/ark:/12148/bpt6k1222242v/manifest.json'
For more information check: https://developer.mozilla.org/en-US/docs/Web/HTTP/Status/403",2026-07-17T20:03:12.611267
canardenchaine,bpt6k1222306b,,failed,0,0,,http_manifest,known,403,manifest,"Client error '403 ' for url 'https://openapiproext.bnf.fr/iiif/presentation/v3/ark:/12148/bpt6k1222306b/manifest.json'
For more information check: https://developer.mozilla.org/en-US/docs/Web/HTTP/Status/403",2026-07-17T20:03:13.874321
canardenchaine,bpt6k12222438,,failed,0,0,,http_manifest,known,403,manifest,"Client error '403 ' for url 'https://openapiproext.bnf.fr/iiif/presentation/v3/ark:/12148/bpt6k12222438/manifest.json'
For more information check: https://developer.mozilla.org/en-US/docs/Web/HTTP/Status/403",2026-07-17T20:03:14.929703
canardenchaine,bpt6k1222307r,,failed,0,0,,http_manifest,known,403,manifest,"Client error '403 ' for url 'https://openapiproext.bnf.fr/iiif/presentation/v3/ark:/12148/bpt6k1222307r/manifest.json'
For more information check: https://developer.mozilla.org/en-US/docs/Web/HTTP/Status/403",2026-07-17T20:03:16.180914
canardenchaine,bpt6k1222244p,,failed,0,0,,http_manifest,known,403,manifest,"Client error '403 ' for url 'https://openapiproext.bnf.fr/iiif/presentation/v3/ark:/12148/bpt6k1222244p/manifest.json'
For more information check: https://developer.mozilla.org/en-US/docs/Web/HTTP/Status/403",2026-07-17T20:03:17.492823
canardenchaine,bpt6k12223085,,failed,0,0,,http_manifest,known,403,manifest,"Client error '403 ' for url 'https://openapiproext.bnf.fr/iiif/presentation/v3/ark:/12148/bpt6k12223085/manifest.json'
For more information check: https://developer.mozilla.org/en-US/docs/Web/HTTP/Status/403",2026-07-17T20:03:18.573296
canardenchaine,bpt6k1222309k,,failed,0,0,,http_manifest,known,403,manifest,"Client error '403 ' for url 'https://openapiproext.bnf.fr/iiif/presentation/v3/ark:/12148/bpt6k1222309k/manifest.json'
For more information check: https://developer.mozilla.org/en-US/docs/Web/HTTP/Status/403",2026-07-17T20:03:19.737440
canardenchaine,bpt6k12222453,,failed,0,0,,http_manifest,known,403,manifest,"Client error '403 ' for url 'https://openapiproext.bnf.fr/iiif/presentation/v3/ark:/12148/bpt6k12222453/manifest.json'
For more information check: https://developer.mozilla.org/en-US/docs/Web/HTTP/Status/403",2026-07-17T20:03:20.936388
canardenchaine,bpt6k1222246h,,failed,0,0,,http_manifest,known,403,manifest,"Client error '403 ' for url 'https://openapiproext.bnf.fr/iiif/presentation/v3/ark:/12148/bpt6k1222246h/manifest.json'
For more information check: https://developer.mozilla.org/en-US/docs/Web/HTTP/Status/403",2026-07-17T20:03:22.137975
canardenchaine,bpt6k12223107,,failed,0,0,,http_manifest,known,403,manifest,"Client error '403 ' for url 'https://openapiproext.bnf.fr/iiif/presentation/v3/ark:/12148/bpt6k12223107/manifest.json'
For more information check: https://developer.mozilla.org/en-US/docs/Web/HTTP/Status/403",2026-07-17T20:03:23.341777
canardenchaine,bpt6k1222247x,,failed,0,0,,http_manifest,known,403,manifest,"Client error '403 ' for url 'https://openapiproext.bnf.fr/iiif/presentation/v3/ark:/12148/bpt6k1222247x/manifest.json'
For more information check: https://developer.mozilla.org/en-US/docs/Web/HTTP/Status/403",2026-07-17T20:03:24.541363
canardenchaine,bpt6k1222311n,,failed,0,0,,http_manifest,known,403,manifest,"Client error '403 ' for url 'https://openapiproext.bnf.fr/iiif/presentation/v3/ark:/12148/bpt6k1222311n/manifest.json'
For more information check: https://developer.mozilla.org/en-US/docs/Web/HTTP/Status/403",2026-07-17T20:03:25.741694
canardenchaine,bpt6k1222248b,,failed,0,0,,http_manifest,known,403,manifest,"Client error '403 ' for url 'https://openapiproext.bnf.fr/iiif/presentation/v3/ark:/12148/bpt6k1222248b/manifest.json'
For more information check: https://developer.mozilla.org/en-US/docs/Web/HTTP/Status/403",2026-07-17T20:03:26.942823
canardenchaine,bpt6k12223122,,failed,0,0,,http_manifest,known,403,manifest,"Client error '403 ' for url 'https://openapiproext.bnf.fr/iiif/presentation/v3/ark:/12148/bpt6k12223122/manifest.json'
For more information check: https://developer.mozilla.org/en-US/docs/Web/HTTP/Status/403",2026-07-17T20:03:28.150290
canardenchaine,bpt6k1222249r,,failed,0,0,,http_manifest,known,403,manifest,"Client error '403 ' for url 'https://openapiproext.bnf.fr/iiif/presentation/v3/ark:/12148/bpt6k1222249r/manifest.json'
For more information check: https://developer.mozilla.org/en-US/docs/Web/HTTP/Status/403",2026-07-17T20:03:29.347884
canardenchaine,bpt6k1222313g,,failed,0,0,,http_manifest,known,403,manifest,"Client error '403 ' for url 'https://openapiproext.bnf.fr/iiif/presentation/v3/ark:/12148/bpt6k1222313g/manifest.json'
For more information check: https://developer.mozilla.org/en-US/docs/Web/HTTP/Status/403",2026-07-17T20:03:30.573480
canardenchaine,bpt6k1222314w,,failed,0,0,,http_manifest,known,403,manifest,"Client error '403 ' for url 'https://openapiproext.bnf.fr/iiif/presentation/v3/ark:/12148/bpt6k1222314w/manifest.json'
For more information check: https://developer.mozilla.org/en-US/docs/Web/HTTP/Status/403",2026-07-17T20:03:31.750373
canardenchaine,bpt6k1222250d,,failed,0,0,,http_manifest,known,403,manifest,"Client error '403 ' for url 'https://openapiproext.bnf.fr/iiif/presentation/v3/ark:/12148/bpt6k1222250d/manifest.json'
For more information check: https://developer.mozilla.org/en-US/docs/Web/HTTP/Status/403",2026-07-17T20:03:32.953544
canardenchaine,bpt6k1222251t,,failed,0,0,,http_manifest,known,403,manifest,"Client error '403 ' for url 'https://openapiproext.bnf.fr/iiif/presentation/v3/ark:/12148/bpt6k1222251t/manifest.json'
For more information check: https://developer.mozilla.org/en-US/docs/Web/HTTP/Status/403",2026-07-17T20:03:34.154063
canardenchaine,bpt6k12223159,,failed,0,0,,http_manifest,known,403,manifest,"Client error '403 ' for url 'https://openapiproext.bnf.fr/iiif/presentation/v3/ark:/12148/bpt6k12223159/manifest.json'
For more information check: https://developer.mozilla.org/en-US/docs/Web/HTTP/Status/403",2026-07-17T20:03:35.355211
canardenchaine,bpt6k12222527,,failed,0,0,,http_manifest,known,403,manifest,"Client error '403 ' for url 'https://openapiproext.bnf.fr/iiif/presentation/v3/ark:/12148/bpt6k12222527/manifest.json'
For more information check: https://developer.mozilla.org/en-US/docs/Web/HTTP/Status/403",2026-07-17T20:03:36.561468
canardenchaine,bpt6k1222316q,,failed,0,0,,http_manifest,known,403,manifest,"Client error '403 ' for url 'https://openapiproext.bnf.fr/iiif/presentation/v3/ark:/12148/bpt6k1222316q/manifest.json'
For more information check: https://developer.mozilla.org/en-US/docs/Web/HTTP/Status/403",2026-07-17T20:03:37.764601
canardenchaine,bpt6k12220655,,failed,0,0,,http_manifest,known,403,manifest,"Client error '403 ' for url 'https://openapiproext.bnf.fr/iiif/presentation/v3/ark:/12148/bpt6k12220655/manifest.json'
For more information check: https://developer.mozilla.org/en-US/docs/Web/HTTP/Status/403",2026-07-17T20:03:38.960140
canardenchaine,bpt6k12249617,,failed,0,0,,http_manifest,known,403,manifest,"Client error '403 ' for url 'https://openapiproext.bnf.fr/iiif/presentation/v3/ark:/12148/bpt6k12249617/manifest.json'
For more information check: https://developer.mozilla.org/en-US/docs/Web/HTTP/Status/403",2026-07-17T20:03:40.175474
canardenchaine,bpt6k1222066k,,failed,0,0,,http_manifest,known,403,manifest,"Client error '403 ' for url 'https://openapiproext.bnf.fr/iiif/presentation/v3/ark:/12148/bpt6k1222066k/manifest.json'
For more information check: https://developer.mozilla.org/en-US/docs/Web/HTTP/Status/403",2026-07-17T20:03:41.364192
canardenchaine,bpt6k12220670,,failed,0,0,,http_manifest,known,403,manifest,"Client error '403 ' for url 'https://openapiproext.bnf.fr/iiif/presentation/v3/ark:/12148/bpt6k12220670/manifest.json'
For more information check: https://developer.mozilla.org/en-US/docs/Web/HTTP/Status/403",2026-07-17T20:03:42.594267
canardenchaine,bpt6k1222068d,,failed,0,0,,http_manifest,known,403,manifest,"Client error '403 ' for url 'https://openapiproext.bnf.fr/iiif/presentation/v3/ark:/12148/bpt6k1222068d/manifest.json'
For more information check: https://developer.mozilla.org/en-US/docs/Web/HTTP/Status/403",2026-07-17T20:03:43.768551
canardenchaine,bpt6k1222069t,,failed,0,0,,http_manifest,known,403,manifest,"Client error '403 ' for url 'https://openapiproext.bnf.fr/iiif/presentation/v3/ark:/12148/bpt6k1222069t/manifest.json'
For more information check: https://developer.mozilla.org/en-US/docs/Web/HTTP/Status/403",2026-07-17T20:03:44.972280
canardenchaine,bpt6k1222070g,,failed,0,0,,http_manifest,known,403,manifest,"Client error '403 ' for url 'https://openapiproext.bnf.fr/iiif/presentation/v3/ark:/12148/bpt6k1222070g/manifest.json'
For more information check: https://developer.mozilla.org/en-US/docs/Web/HTTP/Status/403",2026-07-17T20:03:46.214557
canardenchaine,bpt6k1222071w,,failed,0,0,,http_manifest,known,403,manifest,"Client error '403 ' for url 'https://openapiproext.bnf.fr/iiif/presentation/v3/ark:/12148/bpt6k1222071w/manifest.json'
For more information check: https://developer.mozilla.org/en-US/docs/Web/HTTP/Status/403",2026-07-17T20:03:47.378236
canardenchaine,bpt6k12220729,,failed,0,0,,http_manifest,known,403,manifest,"Client error '403 ' for url 'https://openapiproext.bnf.fr/iiif/presentation/v3/ark:/12148/bpt6k12220729/manifest.json'
For more information check: https://developer.mozilla.org/en-US/docs/Web/HTTP/Status/403",2026-07-17T20:03:48.574954
canardenchaine,bpt6k1222073q,,failed,0,0,,http_manifest,known,403,manifest,"Client error '403 ' for url 'https://openapiproext.bnf.fr/iiif/presentation/v3/ark:/12148/bpt6k1222073q/manifest.json'
For more information check: https://developer.mozilla.org/en-US/docs/Web/HTTP/Status/403",2026-07-17T20:03:49.778191
canardenchaine,bpt6k12220744,,failed,0,0,,http_manifest,known,403,manifest,"Client error '403 ' for url 'https://openapiproext.bnf.fr/iiif/presentation/v3/ark:/12148/bpt6k12220744/manifest.json'
For more information check: https://developer.mozilla.org/en-US/docs/Web/HTTP/Status/403",2026-07-17T20:03:50.980712
canardenchaine,bpt6k1222075j,,failed,0,0,,http_manifest,known,403,manifest,"Client error '403 ' for url 'https://openapiproext.bnf.fr/iiif/presentation/v3/ark:/12148/bpt6k1222075j/manifest.json'
For more information check: https://developer.mozilla.org/en-US/docs/Web/HTTP/Status/403",2026-07-17T20:03:52.179978
canardenchaine,bpt6k1222076z,,failed,0,0,,http_manifest,known,403,manifest,"Client error '403 ' for url 'https://openapiproext.bnf.fr/iiif/presentation/v3/ark:/12148/bpt6k1222076z/manifest.json'
For more information check: https://developer.mozilla.org/en-US/docs/Web/HTTP/Status/403",2026-07-17T20:03:53.384968
canardenchaine,bpt6k1222077c,,failed,0,0,,http_manifest,known,403,manifest,"Client error '403 ' for url 'https://openapiproext.bnf.fr/iiif/presentation/v3/ark:/12148/bpt6k1222077c/manifest.json'
For more information check: https://developer.mozilla.org/en-US/docs/Web/HTTP/Status/403",2026-07-17T20:03:54.584998
canardenchaine,bpt6k1222078s,,failed,0,0,,http_manifest,known,403,manifest,"Client error '403 ' for url 'https://openapiproext.bnf.fr/iiif/presentation/v3/ark:/12148/bpt6k1222078s/manifest.json'
For more information check: https://developer.mozilla.org/en-US/docs/Web/HTTP/Status/403",2026-07-17T20:03:55.790299
canardenchaine,bpt6k12220796,,failed,0,0,,http_manifest,known,403,manifest,"Client error '403 ' for url 'https://openapiproext.bnf.fr/iiif/presentation/v3/ark:/12148/bpt6k12220796/manifest.json'
For more information check: https://developer.mozilla.org/en-US/docs/Web/HTTP/Status/403",2026-07-17T20:03:56.987759
canardenchaine,bpt6k1222080v,,failed,0,0,,http_manifest,known,403,manifest,"Client error '403 ' for url 'https://openapiproext.bnf.fr/iiif/presentation/v3/ark:/12148/bpt6k1222080v/manifest.json'
For more information check: https://developer.mozilla.org/en-US/docs/Web/HTTP/Status/403",2026-07-17T20:03:58.401220
canardenchaine,bpt6k12220818,,failed,0,0,,http_manifest,known,403,manifest,"Client error '403 ' for url 'https://openapiproext.bnf.fr/iiif/presentation/v3/ark:/12148/bpt6k12220818/manifest.json'
For more information check: https://developer.mozilla.org/en-US/docs/Web/HTTP/Status/403",2026-07-17T20:03:59.393840
canardenchaine,bpt6k1222082p,,failed,0,0,,http_manifest,known,403,manifest,"Client error '403 ' for url 'https://openapiproext.bnf.fr/iiif/presentation/v3/ark:/12148/bpt6k1222082p/manifest.json'
For more information check: https://developer.mozilla.org/en-US/docs/Web/HTTP/Status/403",2026-07-17T20:04:00.591355
canardenchaine,bpt6k12220833,,failed,0,0,,http_manifest,known,403,manifest,"Client error '403 ' for url 'https://openapiproext.bnf.fr/iiif/presentation/v3/ark:/12148/bpt6k12220833/manifest.json'
For more information check: https://developer.mozilla.org/en-US/docs/Web/HTTP/Status/403",2026-07-17T20:04:02.019604
canardenchaine,bpt6k1222084h,,failed,0,0,,http_manifest,known,403,manifest,"Client error '403 ' for url 'https://openapiproext.bnf.fr/iiif/presentation/v3/ark:/12148/bpt6k1222084h/manifest.json'
For more information check: https://developer.mozilla.org/en-US/docs/Web/HTTP/Status/403",2026-07-17T20:04:03.095922
canardenchaine,bpt6k1222085x,,failed,0,0,,http_manifest,known,403,manifest,"Client error '403 ' for url 'https://openapiproext.bnf.fr/iiif/presentation/v3/ark:/12148/bpt6k1222085x/manifest.json'
For more information check: https://developer.mozilla.org/en-US/docs/Web/HTTP/Status/403",2026-07-17T20:04:04.384248
canardenchaine,bpt6k1222086b,,failed,0,0,,http_manifest,known,403,manifest,"Client error '403 ' for url 'https://openapiproext.bnf.fr/iiif/presentation/v3/ark:/12148/bpt6k1222086b/manifest.json'
For more information check: https://developer.mozilla.org/en-US/docs/Web/HTTP/Status/403",2026-07-17T20:04:05.501693
canardenchaine,bpt6k1222087r,,failed,0,0,,http_manifest,known,403,manifest,"Client error '403 ' for url 'https://openapiproext.bnf.fr/iiif/presentation/v3/ark:/12148/bpt6k1222087r/manifest.json'
For more information check: https://developer.mozilla.org/en-US/docs/Web/HTTP/Status/403",2026-07-17T20:04:06.717896
canardenchaine,bpt6k12220885,,failed,0,0,,http_manifest,known,403,manifest,"Client error '403 ' for url 'https://openapiproext.bnf.fr/iiif/presentation/v3/ark:/12148/bpt6k12220885/manifest.json'
For more information check: https://developer.mozilla.org/en-US/docs/Web/HTTP/Status/403",2026-07-17T20:04:07.796637
canardenchaine,bpt6k1222089k,,failed,0,0,,http_manifest,known,403,manifest,"Client error '403 ' for url 'https://openapiproext.bnf.fr/iiif/presentation/v3/ark:/12148/bpt6k1222089k/manifest.json'
For more information check: https://developer.mozilla.org/en-US/docs/Web/HTTP/Status/403",2026-07-17T20:04:09.004157
canardenchaine,bpt6k12220907,,failed,0,0,,http_manifest,known,403,manifest,"Client error '403 ' for url 'https://openapiproext.bnf.fr/iiif/presentation/v3/ark:/12148/bpt6k12220907/manifest.json'
For more information check: https://developer.mozilla.org/en-US/docs/Web/HTTP/Status/403",2026-07-17T20:04:10.203712
canardenchaine,bpt6k1222091n,,failed,0,0,,http_manifest,known,403,manifest,"Client error '403 ' for url 'https://openapiproext.bnf.fr/iiif/presentation/v3/ark:/12148/bpt6k1222091n/manifest.json'
For more information check: https://developer.mozilla.org/en-US/docs/Web/HTTP/Status/403",2026-07-17T20:04:11.405551
canardenchaine,bpt6k12220922,,failed,0,0,,http_manifest,known,403,manifest,"Client error '403 ' for url 'https://openapiproext.bnf.fr/iiif/presentation/v3/ark:/12148/bpt6k12220922/manifest.json'
For more information check: https://developer.mozilla.org/en-US/docs/Web/HTTP/Status/403",2026-07-17T20:04:12.668558
canardenchaine,bpt6k1222093g,,failed,0,0,,http_manifest,known,403,manifest,"Client error '403 ' for url 'https://openapiproext.bnf.fr/iiif/presentation/v3/ark:/12148/bpt6k1222093g/manifest.json'
For more information check: https://developer.mozilla.org/en-US/docs/Web/HTTP/Status/403",2026-07-17T20:04:13.806635
canardenchaine,bpt6k1222094w,,failed,0,0,,http_manifest,known,403,manifest,"Client error '403 ' for url 'https://openapiproext.bnf.fr/iiif/presentation/v3/ark:/12148/bpt6k1222094w/manifest.json'
For more information check: https://developer.mozilla.org/en-US/docs/Web/HTTP/Status/403",2026-07-17T20:04:15.216538
canardenchaine,bpt6k12220959,,failed,0,0,,http_manifest,known,403,manifest,"Client error '403 ' for url 'https://openapiproext.bnf.fr/iiif/presentation/v3/ark:/12148/bpt6k12220959/manifest.json'
For more information check: https://developer.mozilla.org/en-US/docs/Web/HTTP/Status/403",2026-07-17T20:04:16.212216
canardenchaine,bpt6k1222096q,,failed,0,0,,http_manifest,known,403,manifest,"Client error '403 ' for url 'https://openapiproext.bnf.fr/iiif/presentation/v3/ark:/12148/bpt6k1222096q/manifest.json'
For more information check: https://developer.mozilla.org/en-US/docs/Web/HTTP/Status/403",2026-07-17T20:04:17.495473
canardenchaine,bpt6k12220974,,failed,0,0,,http_manifest,known,403,manifest,"Client error '403 ' for url 'https://openapiproext.bnf.fr/iiif/presentation/v3/ark:/12148/bpt6k12220974/manifest.json'
For more information check: https://developer.mozilla.org/en-US/docs/Web/HTTP/Status/403",2026-07-17T20:04:18.673603
canardenchaine,bpt6k1222098j,,failed,0,0,,http_manifest,known,403,manifest,"Client error '403 ' for url 'https://openapiproext.bnf.fr/iiif/presentation/v3/ark:/12148/bpt6k1222098j/manifest.json'
For more information check: https://developer.mozilla.org/en-US/docs/Web/HTTP/Status/403",2026-07-17T20:04:19.905654
canardenchaine,bpt6k1222099z,,failed,0,0,,http_manifest,known,403,manifest,"Client error '403 ' for url 'https://openapiproext.bnf.fr/iiif/presentation/v3/ark:/12148/bpt6k1222099z/manifest.json'
For more information check: https://developer.mozilla.org/en-US/docs/Web/HTTP/Status/403",2026-07-17T20:04:21.015196
canardenchaine,bpt6k12221005,,failed,0,0,,http_manifest,known,403,manifest,"Client error '403 ' for url 'https://openapiproext.bnf.fr/iiif/presentation/v3/ark:/12148/bpt6k12221005/manifest.json'
For more information check: https://developer.mozilla.org/en-US/docs/Web/HTTP/Status/403",2026-07-17T20:04:22.216391
canardenchaine,bpt6k1222101k,,failed,0,0,,http_manifest,known,403,manifest,"Client error '403 ' for url 'https://openapiproext.bnf.fr/iiif/presentation/v3/ark:/12148/bpt6k1222101k/manifest.json'
For more information check: https://developer.mozilla.org/en-US/docs/Web/HTTP/Status/403",2026-07-17T20:04:23.417440
canardenchaine,bpt6k12221020,,failed,0,0,,http_manifest,known,403,manifest,"Client error '403 ' for url 'https://openapiproext.bnf.fr/iiif/presentation/v3/ark:/12148/bpt6k12221020/manifest.json'
For more information check: https://developer.mozilla.org/en-US/docs/Web/HTTP/Status/403",2026-07-17T20:04:24.617135
canardenchaine,bpt6k1222103d,,failed,0,0,,http_manifest,known,403,manifest,"Client error '403 ' for url 'https://openapiproext.bnf.fr/iiif/presentation/v3/ark:/12148/bpt6k1222103d/manifest.json'
For more information check: https://developer.mozilla.org/en-US/docs/Web/HTTP/Status/403",2026-07-17T20:04:25.819346
canardenchaine,bpt6k1222104t,,failed,0,0,,http_manifest,known,403,manifest,"Client error '403 ' for url 'https://openapiproext.bnf.fr/iiif/presentation/v3/ark:/12148/bpt6k1222104t/manifest.json'
For more information check: https://developer.mozilla.org/en-US/docs/Web/HTTP/Status/403",2026-07-17T20:04:27.043487
canardenchaine,bpt6k12221057,,failed,0,0,,http_manifest,known,403,manifest,"Client error '403 ' for url 'https://openapiproext.bnf.fr/iiif/presentation/v3/ark:/12148/bpt6k12221057/manifest.json'
For more information check: https://developer.mozilla.org/en-US/docs/Web/HTTP/Status/403",2026-07-17T20:04:28.230089
canardenchaine,bpt6k1222106n,,failed,0,0,,http_manifest,known,403,manifest,"Client error '403 ' for url 'https://openapiproext.bnf.fr/iiif/presentation/v3/ark:/12148/bpt6k1222106n/manifest.json'
For more information check: https://developer.mozilla.org/en-US/docs/Web/HTTP/Status/403",2026-07-17T20:04:29.425427
canardenchaine,bpt6k12221072,,failed,0,0,,http_manifest,known,403,manifest,"Client error '403 ' for url 'https://openapiproext.bnf.fr/iiif/presentation/v3/ark:/12148/bpt6k12221072/manifest.json'
For more information check: https://developer.mozilla.org/en-US/docs/Web/HTTP/Status/403",2026-07-17T20:04:30.629697
canardenchaine,bpt6k1222108g,,failed,0,0,,http_manifest,known,403,manifest,"Client error '403 ' for url 'https://openapiproext.bnf.fr/iiif/presentation/v3/ark:/12148/bpt6k1222108g/manifest.json'
For more information check: https://developer.mozilla.org/en-US/docs/Web/HTTP/Status/403",2026-07-17T20:04:31.838561
canardenchaine,bpt6k1222109w,,failed,0,0,,http_manifest,known,403,manifest,"Client error '403 ' for url 'https://openapiproext.bnf.fr/iiif/presentation/v3/ark:/12148/bpt6k1222109w/manifest.json'
For more information check: https://developer.mozilla.org/en-US/docs/Web/HTTP/Status/403",2026-07-17T20:04:33.029071
canardenchaine,bpt6k1222110j,,failed,0,0,,http_manifest,known,403,manifest,"Client error '403 ' for url 'https://openapiproext.bnf.fr/iiif/presentation/v3/ark:/12148/bpt6k1222110j/manifest.json'
For more information check: https://developer.mozilla.org/en-US/docs/Web/HTTP/Status/403",2026-07-17T20:04:34.238640
canardenchaine,bpt6k1222111z,,failed,0,0,,http_manifest,known,403,manifest,"Client error '403 ' for url 'https://openapiproext.bnf.fr/iiif/presentation/v3/ark:/12148/bpt6k1222111z/manifest.json'
For more information check: https://developer.mozilla.org/en-US/docs/Web/HTTP/Status/403",2026-07-17T20:04:35.432074
canardenchaine,bpt6k1222112c,,failed,0,0,,http_manifest,known,403,manifest,"Client error '403 ' for url 'https://openapiproext.bnf.fr/iiif/presentation/v3/ark:/12148/bpt6k1222112c/manifest.json'
For more information check: https://developer.mozilla.org/en-US/docs/Web/HTTP/Status/403",2026-07-17T20:04:36.635609
canardenchaine,bpt6k1222113s,,failed,0,0,,http_manifest,known,403,manifest,"Client error '403 ' for url 'https://openapiproext.bnf.fr/iiif/presentation/v3/ark:/12148/bpt6k1222113s/manifest.json'
For more information check: https://developer.mozilla.org/en-US/docs/Web/HTTP/Status/403",2026-07-17T20:04:37.863302
canardenchaine,bpt6k12221146,,failed,0,0,,http_manifest,known,403,manifest,"Client error '403 ' for url 'https://openapiproext.bnf.fr/iiif/presentation/v3/ark:/12148/bpt6k12221146/manifest.json'
For more information check: https://developer.mozilla.org/en-US/docs/Web/HTTP/Status/403",2026-07-17T20:04:39.038630
canardenchaine,bpt6k1222115m,,failed,0,0,,http_manifest,known,403,manifest,"Client error '403 ' for url 'https://openapiproext.bnf.fr/iiif/presentation/v3/ark:/12148/bpt6k1222115m/manifest.json'
For more information check: https://developer.mozilla.org/en-US/docs/Web/HTTP/Status/403",2026-07-17T20:04:40.238464
canardenchaine,bpt6k12221161,,failed,0,0,,http_manifest,known,403,manifest,"Client error '403 ' for url 'https://openapiproext.bnf.fr/iiif/presentation/v3/ark:/12148/bpt6k12221161/manifest.json'
For more information check: https://developer.mozilla.org/en-US/docs/Web/HTTP/Status/403",2026-07-17T20:04:41.441651
canardenchaine,bpt6k12221376,,failed,0,0,,http_manifest,known,403,manifest,"Client error '403 ' for url 'https://openapiproext.bnf.fr/iiif/presentation/v3/ark:/12148/bpt6k12221376/manifest.json'
For more information check: https://developer.mozilla.org/en-US/docs/Web/HTTP/Status/403",2026-07-17T20:04:42.641639
canardenchaine,bpt6k1222138m,,failed,0,0,,http_manifest,known,403,manifest,"Client error '403 ' for url 'https://openapiproext.bnf.fr/iiif/presentation/v3/ark:/12148/bpt6k1222138m/manifest.json'
For more information check: https://developer.mozilla.org/en-US/docs/Web/HTTP/Status/403",2026-07-17T20:04:43.842666
canardenchaine,bpt6k1224962n,,failed,0,0,,http_manifest,known,403,manifest,"Client error '403 ' for url 'https://openapiproext.bnf.fr/iiif/presentation/v3/ark:/12148/bpt6k1224962n/manifest.json'
For more information check: https://developer.mozilla.org/en-US/docs/Web/HTTP/Status/403",2026-07-17T20:04:45.044526
canardenchaine,bpt6k12249632,,failed,0,0,,http_manifest,known,403,manifest,"Client error '403 ' for url 'https://openapiproext.bnf.fr/iiif/presentation/v3/ark:/12148/bpt6k12249632/manifest.json'
For more information check: https://developer.mozilla.org/en-US/docs/Web/HTTP/Status/403",2026-07-17T20:04:46.241939
canardenchaine,bpt6k12221391,,failed,0,0,,http_manifest,known,403,manifest,"Client error '403 ' for url 'https://openapiproext.bnf.fr/iiif/presentation/v3/ark:/12148/bpt6k12221391/manifest.json'
For more information check: https://developer.mozilla.org/en-US/docs/Web/HTTP/Status/403",2026-07-17T20:04:47.443422
canardenchaine,bpt6k1222140p,,failed,0,0,,http_manifest,known,403,manifest,"Client error '403 ' for url 'https://openapiproext.bnf.fr/iiif/presentation/v3/ark:/12148/bpt6k1222140p/manifest.json'
For more information check: https://developer.mozilla.org/en-US/docs/Web/HTTP/Status/403",2026-07-17T20:04:48.650981
canardenchaine,bpt6k12221413,,failed,0,0,,http_manifest,known,403,manifest,"Client error '403 ' for url 'https://openapiproext.bnf.fr/iiif/presentation/v3/ark:/12148/bpt6k12221413/manifest.json'
For more information check: https://developer.mozilla.org/en-US/docs/Web/HTTP/Status/403",2026-07-17T20:04:49.876858
canardenchaine,bpt6k1222142h,,failed,0,0,,http_manifest,known,403,manifest,"Client error '403 ' for url 'https://openapiproext.bnf.fr/iiif/presentation/v3/ark:/12148/bpt6k1222142h/manifest.json'
For more information check: https://developer.mozilla.org/en-US/docs/Web/HTTP/Status/403",2026-07-17T20:04:51.050991
canardenchaine,bpt6k1222143x,,failed,0,0,,http_manifest,known,403,manifest,"Client error '403 ' for url 'https://openapiproext.bnf.fr/iiif/presentation/v3/ark:/12148/bpt6k1222143x/manifest.json'
For more information check: https://developer.mozilla.org/en-US/docs/Web/HTTP/Status/403",2026-07-17T20:04:52.258666
canardenchaine,bpt6k1222144b,,failed,0,0,,http_manifest,known,403,manifest,"Client error '403 ' for url 'https://openapiproext.bnf.fr/iiif/presentation/v3/ark:/12148/bpt6k1222144b/manifest.json'
For more information check: https://developer.mozilla.org/en-US/docs/Web/HTTP/Status/403",2026-07-17T20:04:53.463839
canardenchaine,bpt6k1222145r,,failed,0,0,,http_manifest,known,403,manifest,"Client error '403 ' for url 'https://openapiproext.bnf.fr/iiif/presentation/v3/ark:/12148/bpt6k1222145r/manifest.json'
For more information check: https://developer.mozilla.org/en-US/docs/Web/HTTP/Status/403",2026-07-17T20:04:54.660538
canardenchaine,bpt6k12221465,,failed,0,0,,http_manifest,known,403,manifest,"Client error '403 ' for url 'https://openapiproext.bnf.fr/iiif/presentation/v3/ark:/12148/bpt6k12221465/manifest.json'
For more information check: https://developer.mozilla.org/en-US/docs/Web/HTTP/Status/403",2026-07-17T20:04:55.866631
canardenchaine,bpt6k1222147k,,failed,0,0,,http_manifest,known,403,manifest,"Client error '403 ' for url 'https://openapiproext.bnf.fr/iiif/presentation/v3/ark:/12148/bpt6k1222147k/manifest.json'
For more information check: https://developer.mozilla.org/en-US/docs/Web/HTTP/Status/403",2026-07-17T20:04:57.057071
canardenchaine,bpt6k12221480,,failed,0,0,,http_manifest,known,403,manifest,"Client error '403 ' for url 'https://openapiproext.bnf.fr/iiif/presentation/v3/ark:/12148/bpt6k12221480/manifest.json'
For more information check: https://developer.mozilla.org/en-US/docs/Web/HTTP/Status/403",2026-07-17T20:04:58.454483
canardenchaine,bpt6k1224964g,,failed,0,0,,http_manifest,known,403,manifest,"Client error '403 ' for url 'https://openapiproext.bnf.fr/iiif/presentation/v3/ark:/12148/bpt6k1224964g/manifest.json'
For more information check: https://developer.mozilla.org/en-US/docs/Web/HTTP/Status/403",2026-07-17T20:04:59.696596
canardenchaine,bpt6k1224965w,,failed,0,0,,http_manifest,known,403,manifest,"Client error '403 ' for url 'https://openapiproext.bnf.fr/iiif/presentation/v3/ark:/12148/bpt6k1224965w/manifest.json'
For more information check: https://developer.mozilla.org/en-US/docs/Web/HTTP/Status/403",2026-07-17T20:05:00.829305
canardenchaine,bpt6k12249669,,failed,0,0,,http_manifest,known,403,manifest,"Client error '403 ' for url 'https://openapiproext.bnf.fr/iiif/presentation/v3/ark:/12148/bpt6k12249669/manifest.json'
For more information check: https://developer.mozilla.org/en-US/docs/Web/HTTP/Status/403",2026-07-17T20:05:01.891185
canardenchaine,bpt6k1222149d,,failed,0,0,,http_manifest,known,403,manifest,"Client error '403 ' for url 'https://openapiproext.bnf.fr/iiif/presentation/v3/ark:/12148/bpt6k1222149d/manifest.json'
For more information check: https://developer.mozilla.org/en-US/docs/Web/HTTP/Status/403",2026-07-17T20:05:03.066617
canardenchaine,bpt6k1224967q,,failed,0,0,,http_manifest,known,403,manifest,"Client error '403 ' for url 'https://openapiproext.bnf.fr/iiif/presentation/v3/ark:/12148/bpt6k1224967q/manifest.json'
For more information check: https://developer.mozilla.org/en-US/docs/Web/HTTP/Status/403",2026-07-17T20:05:04.399046
canardenchaine,bpt6k12221502,,failed,0,0,,http_manifest,known,403,manifest,"Client error '403 ' for url 'https://openapiproext.bnf.fr/iiif/presentation/v3/ark:/12148/bpt6k12221502/manifest.json'
For more information check: https://developer.mozilla.org/en-US/docs/Web/HTTP/Status/403",2026-07-17T20:05:05.645421
canardenchaine,bpt6k12249684,,failed,0,0,,http_manifest,known,403,manifest,"Client error '403 ' for url 'https://openapiproext.bnf.fr/iiif/presentation/v3/ark:/12148/bpt6k12249684/manifest.json'
For more information check: https://developer.mozilla.org/en-US/docs/Web/HTTP/Status/403",2026-07-17T20:05:06.977692
canardenchaine,bpt6k1224969j,,failed,0,0,,http_manifest,known,403,manifest,"Client error '403 ' for url 'https://openapiproext.bnf.fr/iiif/presentation/v3/ark:/12148/bpt6k1224969j/manifest.json'
For more information check: https://developer.mozilla.org/en-US/docs/Web/HTTP/Status/403",2026-07-17T20:05:08.071671
canardenchaine,bpt6k1222151g,,failed,0,0,,http_manifest,known,403,manifest,"Client error '403 ' for url 'https://openapiproext.bnf.fr/iiif/presentation/v3/ark:/12148/bpt6k1222151g/manifest.json'
For more information check: https://developer.mozilla.org/en-US/docs/Web/HTTP/Status/403",2026-07-17T20:05:09.071724
canardenchaine,bpt6k1222152w,,failed,0,0,,http_manifest,known,403,manifest,"Client error '403 ' for url 'https://openapiproext.bnf.fr/iiif/presentation/v3/ark:/12148/bpt6k1222152w/manifest.json'
For more information check: https://developer.mozilla.org/en-US/docs/Web/HTTP/Status/403",2026-07-17T20:05:10.307675
canardenchaine,bpt6k12221539,,failed,0,0,,http_manifest,known,403,manifest,"Client error '403 ' for url 'https://openapiproext.bnf.fr/iiif/presentation/v3/ark:/12148/bpt6k12221539/manifest.json'
For more information check: https://developer.mozilla.org/en-US/docs/Web/HTTP/Status/403",2026-07-17T20:05:11.484758
canardenchaine,bpt6k1222154q,,failed,0,0,,http_manifest,known,403,manifest,"Client error '403 ' for url 'https://openapiproext.bnf.fr/iiif/presentation/v3/ark:/12148/bpt6k1222154q/manifest.json'
For more information check: https://developer.mozilla.org/en-US/docs/Web/HTTP/Status/403",2026-07-17T20:05:12.675574
canardenchaine,bpt6k12221554,,failed,0,0,,http_manifest,known,403,manifest,"Client error '403 ' for url 'https://openapiproext.bnf.fr/iiif/presentation/v3/ark:/12148/bpt6k12221554/manifest.json'
For more information check: https://developer.mozilla.org/en-US/docs/Web/HTTP/Status/403",2026-07-17T20:05:14.163949
canardenchaine,bpt6k1222156j,,failed,0,0,,http_manifest,known,403,manifest,"Client error '403 ' for url 'https://openapiproext.bnf.fr/iiif/presentation/v3/ark:/12148/bpt6k1222156j/manifest.json'
For more information check: https://developer.mozilla.org/en-US/docs/Web/HTTP/Status/403",2026-07-17T20:05:15.095420
canardenchaine,bpt6k1222157z,,failed,0,0,,http_manifest,known,403,manifest,"Client error '403 ' for url 'https://openapiproext.bnf.fr/iiif/presentation/v3/ark:/12148/bpt6k1222157z/manifest.json'
For more information check: https://developer.mozilla.org/en-US/docs/Web/HTTP/Status/403",2026-07-17T20:05:16.277584
canardenchaine,bpt6k1222158c,,failed,0,0,,http_manifest,known,403,manifest,"Client error '403 ' for url 'https://openapiproext.bnf.fr/iiif/presentation/v3/ark:/12148/bpt6k1222158c/manifest.json'
For more information check: https://developer.mozilla.org/en-US/docs/Web/HTTP/Status/403",2026-07-17T20:05:17.479332
canardenchaine,bpt6k1222159s,,failed,0,0,,http_manifest,known,403,manifest,"Client error '403 ' for url 'https://openapiproext.bnf.fr/iiif/presentation/v3/ark:/12148/bpt6k1222159s/manifest.json'
For more information check: https://developer.mozilla.org/en-US/docs/Web/HTTP/Status/403",2026-07-17T20:05:18.706756
canardenchaine,bpt6k1222160f,,failed,0,0,,http_manifest,known,403,manifest,"Client error '403 ' for url 'https://openapiproext.bnf.fr/iiif/presentation/v3/ark:/12148/bpt6k1222160f/manifest.json'
For more information check: https://developer.mozilla.org/en-US/docs/Web/HTTP/Status/403",2026-07-17T20:05:19.889361
canardenchaine,bpt6k1222161v,,failed,0,0,,http_manifest,known,403,manifest,"Client error '403 ' for url 'https://openapiproext.bnf.fr/iiif/presentation/v3/ark:/12148/bpt6k1222161v/manifest.json'
For more information check: https://developer.mozilla.org/en-US/docs/Web/HTTP/Status/403",2026-07-17T20:05:21.089665
canardenchaine,bpt6k12221628,,failed,0,0,,http_manifest,known,403,manifest,"Client error '403 ' for url 'https://openapiproext.bnf.fr/iiif/presentation/v3/ark:/12148/bpt6k12221628/manifest.json'
For more information check: https://developer.mozilla.org/en-US/docs/Web/HTTP/Status/403",2026-07-17T20:05:22.290348
canardenchaine,bpt6k12250727,,failed,0,0,,http_manifest,known,403,manifest,"Client error '403 ' for url 'https://openapiproext.bnf.fr/iiif/presentation/v3/ark:/12148/bpt6k12250727/manifest.json'
For more information check: https://developer.mozilla.org/en-US/docs/Web/HTTP/Status/403",2026-07-17T20:05:23.493181
canardenchaine,bpt6k1222163p,,failed,0,0,,http_manifest,known,403,manifest,"Client error '403 ' for url 'https://openapiproext.bnf.fr/iiif/presentation/v3/ark:/12148/bpt6k1222163p/manifest.json'
For more information check: https://developer.mozilla.org/en-US/docs/Web/HTTP/Status/403",2026-07-17T20:05:24.692603
canardenchaine,bpt6k12221643,,failed,0,0,,http_manifest,known,403,manifest,"Client error '403 ' for url 'https://openapiproext.bnf.fr/iiif/presentation/v3/ark:/12148/bpt6k12221643/manifest.json'
For more information check: https://developer.mozilla.org/en-US/docs/Web/HTTP/Status/403",2026-07-17T20:05:25.895883
canardenchaine,bpt6k1222165h,,failed,0,0,,http_manifest,known,403,manifest,"Client error '403 ' for url 'https://openapiproext.bnf.fr/iiif/presentation/v3/ark:/12148/bpt6k1222165h/manifest.json'
For more information check: https://developer.mozilla.org/en-US/docs/Web/HTTP/Status/403",2026-07-17T20:05:27.096888
canardenchaine,bpt6k1222166x,,failed,0,0,,http_manifest,known,403,manifest,"Client error '403 ' for url 'https://openapiproext.bnf.fr/iiif/presentation/v3/ark:/12148/bpt6k1222166x/manifest.json'
For more information check: https://developer.mozilla.org/en-US/docs/Web/HTTP/Status/403",2026-07-17T20:05:28.297470
canardenchaine,bpt6k12249706,,failed,0,0,,http_manifest,known,403,manifest,"Client error '403 ' for url 'https://openapiproext.bnf.fr/iiif/presentation/v3/ark:/12148/bpt6k12249706/manifest.json'
For more information check: https://developer.mozilla.org/en-US/docs/Web/HTTP/Status/403",2026-07-17T20:05:29.494752
canardenchaine,bpt6k1222167b,,failed,0,0,,http_manifest,known,403,manifest,"Client error '403 ' for url 'https://openapiproext.bnf.fr/iiif/presentation/v3/ark:/12148/bpt6k1222167b/manifest.json'
For more information check: https://developer.mozilla.org/en-US/docs/Web/HTTP/Status/403",2026-07-17T20:05:30.696814
canardenchaine,bpt6k1222168r,,failed,0,0,,http_manifest,known,403,manifest,"Client error '403 ' for url 'https://openapiproext.bnf.fr/iiif/presentation/v3/ark:/12148/bpt6k1222168r/manifest.json'
For more information check: https://developer.mozilla.org/en-US/docs/Web/HTTP/Status/403",2026-07-17T20:05:31.907878
canardenchaine,bpt6k12221695,,failed,0,0,,http_manifest,known,403,manifest,"Client error '403 ' for url 'https://openapiproext.bnf.fr/iiif/presentation/v3/ark:/12148/bpt6k12221695/manifest.json'
For more information check: https://developer.mozilla.org/en-US/docs/Web/HTTP/Status/403",2026-07-17T20:05:33.102031
canardenchaine,bpt6k1222170t,,failed,0,0,,http_manifest,known,403,manifest,"Client error '403 ' for url 'https://openapiproext.bnf.fr/iiif/presentation/v3/ark:/12148/bpt6k1222170t/manifest.json'
For more information check: https://developer.mozilla.org/en-US/docs/Web/HTTP/Status/403",2026-07-17T20:05:34.303909
canardenchaine,bpt6k12221717,,failed,0,0,,http_manifest,known,403,manifest,"Client error '403 ' for url 'https://openapiproext.bnf.fr/iiif/presentation/v3/ark:/12148/bpt6k12221717/manifest.json'
For more information check: https://developer.mozilla.org/en-US/docs/Web/HTTP/Status/403",2026-07-17T20:05:35.512549
canardenchaine,bpt6k1224971m,,failed,0,0,,http_manifest,known,403,manifest,"Client error '403 ' for url 'https://openapiproext.bnf.fr/iiif/presentation/v3/ark:/12148/bpt6k1224971m/manifest.json'
For more information check: https://developer.mozilla.org/en-US/docs/Web/HTTP/Status/403",2026-07-17T20:05:36.709434
canardenchaine,bpt6k1222172n,,failed,0,0,,http_manifest,known,403,manifest,"Client error '403 ' for url 'https://openapiproext.bnf.fr/iiif/presentation/v3/ark:/12148/bpt6k1222172n/manifest.json'
For more information check: https://developer.mozilla.org/en-US/docs/Web/HTTP/Status/403",2026-07-17T20:05:37.907248
canardenchaine,bpt6k12221732,,failed,0,0,,http_manifest,known,403,manifest,"Client error '403 ' for url 'https://openapiproext.bnf.fr/iiif/presentation/v3/ark:/12148/bpt6k12221732/manifest.json'
For more information check: https://developer.mozilla.org/en-US/docs/Web/HTTP/Status/403",2026-07-17T20:05:39.107700
canardenchaine,bpt6k12249721,,failed,0,0,,http_manifest,known,403,manifest,"Client error '403 ' for url 'https://openapiproext.bnf.fr/iiif/presentation/v3/ark:/12148/bpt6k12249721/manifest.json'
For more information check: https://developer.mozilla.org/en-US/docs/Web/HTTP/Status/403",2026-07-17T20:05:40.307373
canardenchaine,bpt6k1222174g,,failed,0,0,,http_manifest,known,403,manifest,"Client error '403 ' for url 'https://openapiproext.bnf.fr/iiif/presentation/v3/ark:/12148/bpt6k1222174g/manifest.json'
For more information check: https://developer.mozilla.org/en-US/docs/Web/HTTP/Status/403",2026-07-17T20:05:41.511254
canardenchaine,bpt6k1222175w,,failed,0,0,,http_manifest,known,403,manifest,"Client error '403 ' for url 'https://openapiproext.bnf.fr/iiif/presentation/v3/ark:/12148/bpt6k1222175w/manifest.json'
For more information check: https://developer.mozilla.org/en-US/docs/Web/HTTP/Status/403",2026-07-17T20:05:42.714206
canardenchaine,bpt6k12221769,,failed,0,0,,http_manifest,known,403,manifest,"Client error '403 ' for url 'https://openapiproext.bnf.fr/iiif/presentation/v3/ark:/12148/bpt6k12221769/manifest.json'
For more information check: https://developer.mozilla.org/en-US/docs/Web/HTTP/Status/403",2026-07-17T20:05:43.913641
canardenchaine,bpt6k12232514,,failed,0,0,,http_manifest,known,403,manifest,"Client error '403 ' for url 'https://openapiproext.bnf.fr/iiif/presentation/v3/ark:/12148/bpt6k12232514/manifest.json'
For more information check: https://developer.mozilla.org/en-US/docs/Web/HTTP/Status/403",2026-07-17T20:05:45.111631
canardenchaine,bpt6k1223252j,,failed,0,0,,http_manifest,known,403,manifest,"Client error '403 ' for url 'https://openapiproext.bnf.fr/iiif/presentation/v3/ark:/12148/bpt6k1223252j/manifest.json'
For more information check: https://developer.mozilla.org/en-US/docs/Web/HTTP/Status/403",2026-07-17T20:05:46.338889
canardenchaine,bpt6k1223253z,,failed,0,0,,http_manifest,known,403,manifest,"Client error '403 ' for url 'https://openapiproext.bnf.fr/iiif/presentation/v3/ark:/12148/bpt6k1223253z/manifest.json'
For more information check: https://developer.mozilla.org/en-US/docs/Web/HTTP/Status/403",2026-07-17T20:05:47.515694
canardenchaine,bpt6k1223254c,,failed,0,0,,http_manifest,known,403,manifest,"Client error '403 ' for url 'https://openapiproext.bnf.fr/iiif/presentation/v3/ark:/12148/bpt6k1223254c/manifest.json'
For more information check: https://developer.mozilla.org/en-US/docs/Web/HTTP/Status/403",2026-07-17T20:05:48.718477
canardenchaine,bpt6k1223255s,,failed,0,0,,http_manifest,known,403,manifest,"Client error '403 ' for url 'https://openapiproext.bnf.fr/iiif/presentation/v3/ark:/12148/bpt6k1223255s/manifest.json'
For more information check: https://developer.mozilla.org/en-US/docs/Web/HTTP/Status/403",2026-07-17T20:05:49.915182
canardenchaine,bpt6k12232566,,failed,0,0,,http_manifest,known,403,manifest,"Client error '403 ' for url 'https://openapiproext.bnf.fr/iiif/presentation/v3/ark:/12148/bpt6k12232566/manifest.json'
For more information check: https://developer.mozilla.org/en-US/docs/Web/HTTP/Status/403",2026-07-17T20:05:51.119354
canardenchaine,bpt6k1223257m,,failed,0,0,,http_manifest,known,403,manifest,"Client error '403 ' for url 'https://openapiproext.bnf.fr/iiif/presentation/v3/ark:/12148/bpt6k1223257m/manifest.json'
For more information check: https://developer.mozilla.org/en-US/docs/Web/HTTP/Status/403",2026-07-17T20:05:52.338365
canardenchaine,bpt6k12232581,,failed,0,0,,http_manifest,known,403,manifest,"Client error '403 ' for url 'https://openapiproext.bnf.fr/iiif/presentation/v3/ark:/12148/bpt6k12232581/manifest.json'
For more information check: https://developer.mozilla.org/en-US/docs/Web/HTTP/Status/403",2026-07-17T20:05:53.524034
canardenchaine,bpt6k1223259f,,failed,0,0,,http_manifest,known,403,manifest,"Client error '403 ' for url 'https://openapiproext.bnf.fr/iiif/presentation/v3/ark:/12148/bpt6k1223259f/manifest.json'
For more information check: https://developer.mozilla.org/en-US/docs/Web/HTTP/Status/403",2026-07-17T20:05:54.735360
canardenchaine,bpt6k12232603,,failed,0,0,,http_manifest,known,403,manifest,"Client error '403 ' for url 'https://openapiproext.bnf.fr/iiif/presentation/v3/ark:/12148/bpt6k12232603/manifest.json'
For more information check: https://developer.mozilla.org/en-US/docs/Web/HTTP/Status/403",2026-07-17T20:05:55.924647
canardenchaine,bpt6k1223261h,,failed,0,0,,http_manifest,known,403,manifest,"Client error '403 ' for url 'https://openapiproext.bnf.fr/iiif/presentation/v3/ark:/12148/bpt6k1223261h/manifest.json'
For more information check: https://developer.mozilla.org/en-US/docs/Web/HTTP/Status/403",2026-07-17T20:05:57.125863
canardenchaine,bpt6k1223262x,,failed,0,0,,http_manifest,known,403,manifest,"Client error '403 ' for url 'https://openapiproext.bnf.fr/iiif/presentation/v3/ark:/12148/bpt6k1223262x/manifest.json'
For more information check: https://developer.mozilla.org/en-US/docs/Web/HTTP/Status/403",2026-07-17T20:05:58.499931
canardenchaine,bpt6k1223263b,,failed,0,0,,http_manifest,known,403,manifest,"Client error '403 ' for url 'https://openapiproext.bnf.fr/iiif/presentation/v3/ark:/12148/bpt6k1223263b/manifest.json'
For more information check: https://developer.mozilla.org/en-US/docs/Web/HTTP/Status/403",2026-07-17T20:05:59.527637
canardenchaine,bpt6k1223264r,,failed,0,0,,http_manifest,known,403,manifest,"Client error '403 ' for url 'https://openapiproext.bnf.fr/iiif/presentation/v3/ark:/12148/bpt6k1223264r/manifest.json'
For more information check: https://developer.mozilla.org/en-US/docs/Web/HTTP/Status/403",2026-07-17T20:06:00.727346
canardenchaine,bpt6k12232655,,failed,0,0,,http_manifest,known,403,manifest,"Client error '403 ' for url 'https://openapiproext.bnf.fr/iiif/presentation/v3/ark:/12148/bpt6k12232655/manifest.json'
For more information check: https://developer.mozilla.org/en-US/docs/Web/HTTP/Status/403",2026-07-17T20:06:02.125574
canardenchaine,bpt6k1223266k,,failed,0,0,,http_manifest,known,403,manifest,"Client error '403 ' for url 'https://openapiproext.bnf.fr/iiif/presentation/v3/ark:/12148/bpt6k1223266k/manifest.json'
For more information check: https://developer.mozilla.org/en-US/docs/Web/HTTP/Status/403",2026-07-17T20:06:03.403217
canardenchaine,bpt6k12232670,,failed,0,0,,http_manifest,known,403,manifest,"Client error '403 ' for url 'https://openapiproext.bnf.fr/iiif/presentation/v3/ark:/12148/bpt6k12232670/manifest.json'
For more information check: https://developer.mozilla.org/en-US/docs/Web/HTTP/Status/403",2026-07-17T20:06:04.358505
canardenchaine,bpt6k1223268d,,failed,0,0,,http_manifest,known,403,manifest,"Client error '403 ' for url 'https://openapiproext.bnf.fr/iiif/presentation/v3/ark:/12148/bpt6k1223268d/manifest.json'
For more information check: https://developer.mozilla.org/en-US/docs/Web/HTTP/Status/403",2026-07-17T20:06:05.617365
canardenchaine,bpt6k1223269t,,failed,0,0,,http_manifest,known,403,manifest,"Client error '403 ' for url 'https://openapiproext.bnf.fr/iiif/presentation/v3/ark:/12148/bpt6k1223269t/manifest.json'
For more information check: https://developer.mozilla.org/en-US/docs/Web/HTTP/Status/403",2026-07-17T20:06:06.871941
canardenchaine,bpt6k1223270g,,failed,0,0,,http_manifest,known,403,manifest,"Client error '403 ' for url 'https://openapiproext.bnf.fr/iiif/presentation/v3/ark:/12148/bpt6k1223270g/manifest.json'
For more information check: https://developer.mozilla.org/en-US/docs/Web/HTTP/Status/403",2026-07-17T20:06:07.989391
canardenchaine,bpt6k1223271w,,failed,0,0,,http_manifest,known,403,manifest,"Client error '403 ' for url 'https://openapiproext.bnf.fr/iiif/presentation/v3/ark:/12148/bpt6k1223271w/manifest.json'
For more information check: https://developer.mozilla.org/en-US/docs/Web/HTTP/Status/403",2026-07-17T20:06:09.142838
canardenchaine,bpt6k12232729,,failed,0,0,,http_manifest,known,403,manifest,"Client error '403 ' for url 'https://openapiproext.bnf.fr/iiif/presentation/v3/ark:/12148/bpt6k12232729/manifest.json'
For more information check: https://developer.mozilla.org/en-US/docs/Web/HTTP/Status/403",2026-07-17T20:06:10.571973
canardenchaine,bpt6k1223273q,,failed,0,0,,http_manifest,known,403,manifest,"Client error '403 ' for url 'https://openapiproext.bnf.fr/iiif/presentation/v3/ark:/12148/bpt6k1223273q/manifest.json'
For more information check: https://developer.mozilla.org/en-US/docs/Web/HTTP/Status/403",2026-07-17T20:06:11.543528
canardenchaine,bpt6k12232744,,failed,0,0,,http_manifest,known,403,manifest,"Client error '403 ' for url 'https://openapiproext.bnf.fr/iiif/presentation/v3/ark:/12148/bpt6k12232744/manifest.json'
For more information check: https://developer.mozilla.org/en-US/docs/Web/HTTP/Status/403",2026-07-17T20:06:12.743886
canardenchaine,bpt6k1223275j,,failed,0,0,,http_manifest,known,403,manifest,"Client error '403 ' for url 'https://openapiproext.bnf.fr/iiif/presentation/v3/ark:/12148/bpt6k1223275j/manifest.json'
For more information check: https://developer.mozilla.org/en-US/docs/Web/HTTP/Status/403",2026-07-17T20:06:13.969892
canardenchaine,bpt6k1223276z,,failed,0,0,,http_manifest,known,403,manifest,"Client error '403 ' for url 'https://openapiproext.bnf.fr/iiif/presentation/v3/ark:/12148/bpt6k1223276z/manifest.json'
For more information check: https://developer.mozilla.org/en-US/docs/Web/HTTP/Status/403",2026-07-17T20:06:15.217561
canardenchaine,bpt6k1223277c,,failed,0,0,,http_manifest,known,403,manifest,"Client error '403 ' for url 'https://openapiproext.bnf.fr/iiif/presentation/v3/ark:/12148/bpt6k1223277c/manifest.json'
For more information check: https://developer.mozilla.org/en-US/docs/Web/HTTP/Status/403",2026-07-17T20:06:16.357822
canardenchaine,bpt6k1223278s,,failed,0,0,,http_manifest,known,403,manifest,"Client error '403 ' for url 'https://openapiproext.bnf.fr/iiif/presentation/v3/ark:/12148/bpt6k1223278s/manifest.json'
For more information check: https://developer.mozilla.org/en-US/docs/Web/HTTP/Status/403",2026-07-17T20:06:17.548166
canardenchaine,bpt6k12232796,,failed,0,0,,http_manifest,known,403,manifest,"Client error '403 ' for url 'https://openapiproext.bnf.fr/iiif/presentation/v3/ark:/12148/bpt6k12232796/manifest.json'
For more information check: https://developer.mozilla.org/en-US/docs/Web/HTTP/Status/403",2026-07-17T20:06:18.755967
canardenchaine,bpt6k1223280v,,failed,0,0,,http_manifest,known,403,manifest,"Client error '403 ' for url 'https://openapiproext.bnf.fr/iiif/presentation/v3/ark:/12148/bpt6k1223280v/manifest.json'
For more information check: https://developer.mozilla.org/en-US/docs/Web/HTTP/Status/403",2026-07-17T20:06:19.952875
canardenchaine,bpt6k12232818,,failed,0,0,,http_manifest,known,403,manifest,"Client error '403 ' for url 'https://openapiproext.bnf.fr/iiif/presentation/v3/ark:/12148/bpt6k12232818/manifest.json'
For more information check: https://developer.mozilla.org/en-US/docs/Web/HTTP/Status/403",2026-07-17T20:06:21.155547
canardenchaine,bpt6k1223282p,,failed,0,0,,http_manifest,known,403,manifest,"Client error '403 ' for url 'https://openapiproext.bnf.fr/iiif/presentation/v3/ark:/12148/bpt6k1223282p/manifest.json'
For more information check: https://developer.mozilla.org/en-US/docs/Web/HTTP/Status/403",2026-07-17T20:06:22.370850
canardenchaine,bpt6k12232833,,failed,0,0,,http_manifest,known,403,manifest,"Client error '403 ' for url 'https://openapiproext.bnf.fr/iiif/presentation/v3/ark:/12148/bpt6k12232833/manifest.json'
For more information check: https://developer.mozilla.org/en-US/docs/Web/HTTP/Status/403",2026-07-17T20:06:23.555826
canardenchaine,bpt6k1223284h,,failed,0,0,,http_manifest,known,403,manifest,"Client error '403 ' for url 'https://openapiproext.bnf.fr/iiif/presentation/v3/ark:/12148/bpt6k1223284h/manifest.json'
For more information check: https://developer.mozilla.org/en-US/docs/Web/HTTP/Status/403",2026-07-17T20:06:24.760512
canardenchaine,bpt6k1223285x,,failed,0,0,,http_manifest,known,403,manifest,"Client error '403 ' for url 'https://openapiproext.bnf.fr/iiif/presentation/v3/ark:/12148/bpt6k1223285x/manifest.json'
For more information check: https://developer.mozilla.org/en-US/docs/Web/HTTP/Status/403",2026-07-17T20:06:25.957709
canardenchaine,bpt6k1223286b,,failed,0,0,,http_manifest,known,403,manifest,"Client error '403 ' for url 'https://openapiproext.bnf.fr/iiif/presentation/v3/ark:/12148/bpt6k1223286b/manifest.json'
For more information check: https://developer.mozilla.org/en-US/docs/Web/HTTP/Status/403",2026-07-17T20:06:27.164814
canardenchaine,bpt6k1223287r,,failed,0,0,,http_manifest,known,403,manifest,"Client error '403 ' for url 'https://openapiproext.bnf.fr/iiif/presentation/v3/ark:/12148/bpt6k1223287r/manifest.json'
For more information check: https://developer.mozilla.org/en-US/docs/Web/HTTP/Status/403",2026-07-17T20:06:28.377946
canardenchaine,bpt6k12232885,,failed,0,0,,http_manifest,known,403,manifest,"Client error '403 ' for url 'https://openapiproext.bnf.fr/iiif/presentation/v3/ark:/12148/bpt6k12232885/manifest.json'
For more information check: https://developer.mozilla.org/en-US/docs/Web/HTTP/Status/403",2026-07-17T20:06:29.564052
canardenchaine,bpt6k1223289k,,failed,0,0,,http_manifest,known,403,manifest,"Client error '403 ' for url 'https://openapiproext.bnf.fr/iiif/presentation/v3/ark:/12148/bpt6k1223289k/manifest.json'
For more information check: https://developer.mozilla.org/en-US/docs/Web/HTTP/Status/403",2026-07-17T20:06:30.765975
canardenchaine,bpt6k12232907,,failed,0,0,,http_manifest,known,403,manifest,"Client error '403 ' for url 'https://openapiproext.bnf.fr/iiif/presentation/v3/ark:/12148/bpt6k12232907/manifest.json'
For more information check: https://developer.mozilla.org/en-US/docs/Web/HTTP/Status/403",2026-07-17T20:06:31.969737
canardenchaine,bpt6k1223291n,,failed,0,0,,http_manifest,known,403,manifest,"Client error '403 ' for url 'https://openapiproext.bnf.fr/iiif/presentation/v3/ark:/12148/bpt6k1223291n/manifest.json'
For more information check: https://developer.mozilla.org/en-US/docs/Web/HTTP/Status/403",2026-07-17T20:06:33.171893
canardenchaine,bpt6k12232922,,failed,0,0,,http_manifest,known,403,manifest,"Client error '403 ' for url 'https://openapiproext.bnf.fr/iiif/presentation/v3/ark:/12148/bpt6k12232922/manifest.json'
For more information check: https://developer.mozilla.org/en-US/docs/Web/HTTP/Status/403",2026-07-17T20:06:34.369991
canardenchaine,bpt6k1223293g,,failed,0,0,,http_manifest,known,403,manifest,"Client error '403 ' for url 'https://openapiproext.bnf.fr/iiif/presentation/v3/ark:/12148/bpt6k1223293g/manifest.json'
For more information check: https://developer.mozilla.org/en-US/docs/Web/HTTP/Status/403",2026-07-17T20:06:35.577831
canardenchaine,bpt6k1223294w,,failed,0,0,,http_manifest,known,403,manifest,"Client error '403 ' for url 'https://openapiproext.bnf.fr/iiif/presentation/v3/ark:/12148/bpt6k1223294w/manifest.json'
For more information check: https://developer.mozilla.org/en-US/docs/Web/HTTP/Status/403",2026-07-17T20:06:36.779010
canardenchaine,bpt6k12232959,,failed,0,0,,http_manifest,known,403,manifest,"Client error '403 ' for url 'https://openapiproext.bnf.fr/iiif/presentation/v3/ark:/12148/bpt6k12232959/manifest.json'
For more information check: https://developer.mozilla.org/en-US/docs/Web/HTTP/Status/403",2026-07-17T20:06:37.977504
canardenchaine,bpt6k1223296q,,failed,0,0,,http_manifest,known,403,manifest,"Client error '403 ' for url 'https://openapiproext.bnf.fr/iiif/presentation/v3/ark:/12148/bpt6k1223296q/manifest.json'
For more information check: https://developer.mozilla.org/en-US/docs/Web/HTTP/Status/403",2026-07-17T20:06:39.183505
canardenchaine,bpt6k12232974,,failed,0,0,,http_manifest,known,403,manifest,"Client error '403 ' for url 'https://openapiproext.bnf.fr/iiif/presentation/v3/ark:/12148/bpt6k12232974/manifest.json'
For more information check: https://developer.mozilla.org/en-US/docs/Web/HTTP/Status/403",2026-07-17T20:06:40.394105
canardenchaine,bpt6k1223298j,,failed,0,0,,http_manifest,known,403,manifest,"Client error '403 ' for url 'https://openapiproext.bnf.fr/iiif/presentation/v3/ark:/12148/bpt6k1223298j/manifest.json'
For more information check: https://developer.mozilla.org/en-US/docs/Web/HTTP/Status/403",2026-07-17T20:06:41.580637
canardenchaine,bpt6k1223299z,,failed,0,0,,http_manifest,known,403,manifest,"Client error '403 ' for url 'https://openapiproext.bnf.fr/iiif/presentation/v3/ark:/12148/bpt6k1223299z/manifest.json'
For more information check: https://developer.mozilla.org/en-US/docs/Web/HTTP/Status/403",2026-07-17T20:06:42.781533
canardenchaine,bpt6k12233005,,failed,0,0,,http_manifest,known,403,manifest,"Client error '403 ' for url 'https://openapiproext.bnf.fr/iiif/presentation/v3/ark:/12148/bpt6k12233005/manifest.json'
For more information check: https://developer.mozilla.org/en-US/docs/Web/HTTP/Status/403",2026-07-17T20:06:43.983661
canardenchaine,bpt6k1223301k,,failed,0,0,,http_manifest,known,403,manifest,"Client error '403 ' for url 'https://openapiproext.bnf.fr/iiif/presentation/v3/ark:/12148/bpt6k1223301k/manifest.json'
For more information check: https://developer.mozilla.org/en-US/docs/Web/HTTP/Status/403",2026-07-17T20:06:45.185956
canardenchaine,bpt6k12233020,,failed,0,0,,http_manifest,known,403,manifest,"Client error '403 ' for url 'https://openapiproext.bnf.fr/iiif/presentation/v3/ark:/12148/bpt6k12233020/manifest.json'
For more information check: https://developer.mozilla.org/en-US/docs/Web/HTTP/Status/403",2026-07-17T20:06:46.386824
canardenchaine,bpt6k1223303d,,failed,0,0,,http_manifest,known,403,manifest,"Client error '403 ' for url 'https://openapiproext.bnf.fr/iiif/presentation/v3/ark:/12148/bpt6k1223303d/manifest.json'
For more information check: https://developer.mozilla.org/en-US/docs/Web/HTTP/Status/403",2026-07-17T20:06:47.589001
canardenchaine,bpt6k1223304t,,failed,0,0,,http_manifest,known,403,manifest,"Client error '403 ' for url 'https://openapiproext.bnf.fr/iiif/presentation/v3/ark:/12148/bpt6k1223304t/manifest.json'
For more information check: https://developer.mozilla.org/en-US/docs/Web/HTTP/Status/403",2026-07-17T20:06:48.789267
canardenchaine,bpt6k12233057,,failed,0,0,,http_manifest,known,403,manifest,"Client error '403 ' for url 'https://openapiproext.bnf.fr/iiif/presentation/v3/ark:/12148/bpt6k12233057/manifest.json'
For more information check: https://developer.mozilla.org/en-US/docs/Web/HTTP/Status/403",2026-07-17T20:06:49.990467
canardenchaine,bpt6k1223306n,,failed,0,0,,http_manifest,known,403,manifest,"Client error '403 ' for url 'https://openapiproext.bnf.fr/iiif/presentation/v3/ark:/12148/bpt6k1223306n/manifest.json'
For more information check: https://developer.mozilla.org/en-US/docs/Web/HTTP/Status/403",2026-07-17T20:06:51.192704
canardenchaine,bpt6k12233072,,failed,0,0,,http_manifest,known,403,manifest,"Client error '403 ' for url 'https://openapiproext.bnf.fr/iiif/presentation/v3/ark:/12148/bpt6k12233072/manifest.json'
For more information check: https://developer.mozilla.org/en-US/docs/Web/HTTP/Status/403",2026-07-17T20:06:52.410065
canardenchaine,bpt6k1223308g,,failed,0,0,,http_manifest,known,403,manifest,"Client error '403 ' for url 'https://openapiproext.bnf.fr/iiif/presentation/v3/ark:/12148/bpt6k1223308g/manifest.json'
For more information check: https://developer.mozilla.org/en-US/docs/Web/HTTP/Status/403",2026-07-17T20:06:53.594651
canardenchaine,bpt6k1223309w,,failed,0,0,,http_manifest,known,403,manifest,"Client error '403 ' for url 'https://openapiproext.bnf.fr/iiif/presentation/v3/ark:/12148/bpt6k1223309w/manifest.json'
For more information check: https://developer.mozilla.org/en-US/docs/Web/HTTP/Status/403",2026-07-17T20:06:54.800292
canardenchaine,bpt6k1223310j,,failed,0,0,,http_manifest,known,403,manifest,"Client error '403 ' for url 'https://openapiproext.bnf.fr/iiif/presentation/v3/ark:/12148/bpt6k1223310j/manifest.json'
For more information check: https://developer.mozilla.org/en-US/docs/Web/HTTP/Status/403",2026-07-17T20:06:55.998046
canardenchaine,bpt6k1223311z,,failed,0,0,,http_manifest,known,403,manifest,"Client error '403 ' for url 'https://openapiproext.bnf.fr/iiif/presentation/v3/ark:/12148/bpt6k1223311z/manifest.json'
For more information check: https://developer.mozilla.org/en-US/docs/Web/HTTP/Status/403",2026-07-17T20:06:57.205973
canardenchaine,bpt6k1223312c,,failed,0,0,,http_manifest,known,403,manifest,"Client error '403 ' for url 'https://openapiproext.bnf.fr/iiif/presentation/v3/ark:/12148/bpt6k1223312c/manifest.json'
For more information check: https://developer.mozilla.org/en-US/docs/Web/HTTP/Status/403",2026-07-17T20:06:58.416095
canardenchaine,bpt6k1223313s,,failed,0,0,,http_manifest,known,403,manifest,"Client error '403 ' for url 'https://openapiproext.bnf.fr/iiif/presentation/v3/ark:/12148/bpt6k1223313s/manifest.json'
For more information check: https://developer.mozilla.org/en-US/docs/Web/HTTP/Status/403",2026-07-17T20:06:59.761270
canardenchaine,bpt6k12233146,,failed,0,0,,http_manifest,known,403,manifest,"Client error '403 ' for url 'https://openapiproext.bnf.fr/iiif/presentation/v3/ark:/12148/bpt6k12233146/manifest.json'
For more information check: https://developer.mozilla.org/en-US/docs/Web/HTTP/Status/403",2026-07-17T20:07:00.879440
canardenchaine,bpt6k1223315m,,failed,0,0,,http_manifest,known,403,manifest,"Client error '403 ' for url 'https://openapiproext.bnf.fr/iiif/presentation/v3/ark:/12148/bpt6k1223315m/manifest.json'
For more information check: https://developer.mozilla.org/en-US/docs/Web/HTTP/Status/403",2026-07-17T20:07:02.104178
canardenchaine,bpt6k12233161,,failed,0,0,,http_manifest,known,403,manifest,"Client error '403 ' for url 'https://openapiproext.bnf.fr/iiif/presentation/v3/ark:/12148/bpt6k12233161/manifest.json'
For more information check: https://developer.mozilla.org/en-US/docs/Web/HTTP/Status/403",2026-07-17T20:07:03.210973
canardenchaine,bpt6k1223317f,,failed,0,0,,http_manifest,known,403,manifest,"Client error '403 ' for url 'https://openapiproext.bnf.fr/iiif/presentation/v3/ark:/12148/bpt6k1223317f/manifest.json'
For more information check: https://developer.mozilla.org/en-US/docs/Web/HTTP/Status/403",2026-07-17T20:07:04.679573
canardenchaine,bpt6k1223318v,,failed,0,0,,http_manifest,known,403,manifest,"Client error '403 ' for url 'https://openapiproext.bnf.fr/iiif/presentation/v3/ark:/12148/bpt6k1223318v/manifest.json'
For more information check: https://developer.mozilla.org/en-US/docs/Web/HTTP/Status/403",2026-07-17T20:07:05.702061
canardenchaine,bpt6k12233198,,failed,0,0,,http_manifest,known,403,manifest,"Client error '403 ' for url 'https://openapiproext.bnf.fr/iiif/presentation/v3/ark:/12148/bpt6k12233198/manifest.json'
For more information check: https://developer.mozilla.org/en-US/docs/Web/HTTP/Status/403",2026-07-17T20:07:06.968863
canardenchaine,bpt6k1223320x,,failed,0,0,,http_manifest,known,403,manifest,"Client error '403 ' for url 'https://openapiproext.bnf.fr/iiif/presentation/v3/ark:/12148/bpt6k1223320x/manifest.json'
For more information check: https://developer.mozilla.org/en-US/docs/Web/HTTP/Status/403",2026-07-17T20:07:08.060002
canardenchaine,bpt6k1223321b,,failed,0,0,,http_manifest,known,403,manifest,"Client error '403 ' for url 'https://openapiproext.bnf.fr/iiif/presentation/v3/ark:/12148/bpt6k1223321b/manifest.json'
For more information check: https://developer.mozilla.org/en-US/docs/Web/HTTP/Status/403",2026-07-17T20:07:09.284655
canardenchaine,bpt6k1223322r,,failed,0,0,,http_manifest,known,403,manifest,"Client error '403 ' for url 'https://openapiproext.bnf.fr/iiif/presentation/v3/ark:/12148/bpt6k1223322r/manifest.json'
For more information check: https://developer.mozilla.org/en-US/docs/Web/HTTP/Status/403",2026-07-17T20:07:10.430917
canardenchaine,bpt6k12233235,,failed,0,0,,http_manifest,known,403,manifest,"Client error '403 ' for url 'https://openapiproext.bnf.fr/iiif/presentation/v3/ark:/12148/bpt6k12233235/manifest.json'
For more information check: https://developer.mozilla.org/en-US/docs/Web/HTTP/Status/403",2026-07-17T20:07:11.618939
canardenchaine,bpt6k1223324k,,failed,0,0,,http_manifest,known,403,manifest,"Client error '403 ' for url 'https://openapiproext.bnf.fr/iiif/presentation/v3/ark:/12148/bpt6k1223324k/manifest.json'
For more information check: https://developer.mozilla.org/en-US/docs/Web/HTTP/Status/403",2026-07-17T20:07:12.929731
canardenchaine,bpt6k12233250,,failed,0,0,,http_manifest,known,403,manifest,"Client error '403 ' for url 'https://openapiproext.bnf.fr/iiif/presentation/v3/ark:/12148/bpt6k12233250/manifest.json'
For more information check: https://developer.mozilla.org/en-US/docs/Web/HTTP/Status/403",2026-07-17T20:07:14.073230
canardenchaine,bpt6k1223326d,,failed,0,0,,http_manifest,known,403,manifest,"Client error '403 ' for url 'https://openapiproext.bnf.fr/iiif/presentation/v3/ark:/12148/bpt6k1223326d/manifest.json'
For more information check: https://developer.mozilla.org/en-US/docs/Web/HTTP/Status/403",2026-07-17T20:07:15.382620
canardenchaine,bpt6k1223327t,,failed,0,0,,http_manifest,known,403,manifest,"Client error '403 ' for url 'https://openapiproext.bnf.fr/iiif/presentation/v3/ark:/12148/bpt6k1223327t/manifest.json'
For more information check: https://developer.mozilla.org/en-US/docs/Web/HTTP/Status/403",2026-07-17T20:07:16.425646
canardenchaine,bpt6k12233287,,failed,0,0,,http_manifest,known,403,manifest,"Client error '403 ' for url 'https://openapiproext.bnf.fr/iiif/presentation/v3/ark:/12148/bpt6k12233287/manifest.json'
For more information check: https://developer.mozilla.org/en-US/docs/Web/HTTP/Status/403",2026-07-17T20:07:17.639387
canardenchaine,bpt6k1223329n,,failed,0,0,,http_manifest,known,403,manifest,"Client error '403 ' for url 'https://openapiproext.bnf.fr/iiif/presentation/v3/ark:/12148/bpt6k1223329n/manifest.json'
For more information check: https://developer.mozilla.org/en-US/docs/Web/HTTP/Status/403",2026-07-17T20:07:18.826901
canardenchaine,bpt6k12233309,,failed,0,0,,http_manifest,known,403,manifest,"Client error '403 ' for url 'https://openapiproext.bnf.fr/iiif/presentation/v3/ark:/12148/bpt6k12233309/manifest.json'
For more information check: https://developer.mozilla.org/en-US/docs/Web/HTTP/Status/403",2026-07-17T20:07:20.028831
canardenchaine,bpt6k1223331q,,failed,0,0,,http_manifest,known,403,manifest,"Client error '403 ' for url 'https://openapiproext.bnf.fr/iiif/presentation/v3/ark:/12148/bpt6k1223331q/manifest.json'
For more information check: https://developer.mozilla.org/en-US/docs/Web/HTTP/Status/403",2026-07-17T20:07:21.234616
canardenchaine,bpt6k12233324,,failed,0,0,,http_manifest,known,403,manifest,"Client error '403 ' for url 'https://openapiproext.bnf.fr/iiif/presentation/v3/ark:/12148/bpt6k12233324/manifest.json'
For more information check: https://developer.mozilla.org/en-US/docs/Web/HTTP/Status/403",2026-07-17T20:07:22.443745
canardenchaine,bpt6k1223333j,,failed,0,0,,http_manifest,known,403,manifest,"Client error '403 ' for url 'https://openapiproext.bnf.fr/iiif/presentation/v3/ark:/12148/bpt6k1223333j/manifest.json'
For more information check: https://developer.mozilla.org/en-US/docs/Web/HTTP/Status/403",2026-07-17T20:07:23.637563
canardenchaine,bpt6k1223334z,,failed,0,0,,http_manifest,known,403,manifest,"Client error '403 ' for url 'https://openapiproext.bnf.fr/iiif/presentation/v3/ark:/12148/bpt6k1223334z/manifest.json'
For more information check: https://developer.mozilla.org/en-US/docs/Web/HTTP/Status/403",2026-07-17T20:07:24.835481
canardenchaine,bpt6k1223335c,,failed,0,0,,http_manifest,known,403,manifest,"Client error '403 ' for url 'https://openapiproext.bnf.fr/iiif/presentation/v3/ark:/12148/bpt6k1223335c/manifest.json'
For more information check: https://developer.mozilla.org/en-US/docs/Web/HTTP/Status/403",2026-07-17T20:07:26.036096
canardenchaine,bpt6k1223336s,,failed,0,0,,http_manifest,known,403,manifest,"Client error '403 ' for url 'https://openapiproext.bnf.fr/iiif/presentation/v3/ark:/12148/bpt6k1223336s/manifest.json'
For more information check: https://developer.mozilla.org/en-US/docs/Web/HTTP/Status/403",2026-07-17T20:07:27.236730
canardenchaine,bpt6k12233376,,failed,0,0,,http_manifest,known,403,manifest,"Client error '403 ' for url 'https://openapiproext.bnf.fr/iiif/presentation/v3/ark:/12148/bpt6k12233376/manifest.json'
For more information check: https://developer.mozilla.org/en-US/docs/Web/HTTP/Status/403",2026-07-17T20:07:28.452913
canardenchaine,bpt6k1223338m,,failed,0,0,,http_manifest,known,403,manifest,"Client error '403 ' for url 'https://openapiproext.bnf.fr/iiif/presentation/v3/ark:/12148/bpt6k1223338m/manifest.json'
For more information check: https://developer.mozilla.org/en-US/docs/Web/HTTP/Status/403",2026-07-17T20:07:29.641406
canardenchaine,bpt6k12233391,,failed,0,0,,http_manifest,known,403,manifest,"Client error '403 ' for url 'https://openapiproext.bnf.fr/iiif/presentation/v3/ark:/12148/bpt6k12233391/manifest.json'
For more information check: https://developer.mozilla.org/en-US/docs/Web/HTTP/Status/403",2026-07-17T20:07:30.843933
canardenchaine,bpt6k1223340p,,failed,0,0,,http_manifest,known,403,manifest,"Client error '403 ' for url 'https://openapiproext.bnf.fr/iiif/presentation/v3/ark:/12148/bpt6k1223340p/manifest.json'
For more information check: https://developer.mozilla.org/en-US/docs/Web/HTTP/Status/403",2026-07-17T20:07:32.042060
canardenchaine,bpt6k12233413,,failed,0,0,,http_manifest,known,403,manifest,"Client error '403 ' for url 'https://openapiproext.bnf.fr/iiif/presentation/v3/ark:/12148/bpt6k12233413/manifest.json'
For more information check: https://developer.mozilla.org/en-US/docs/Web/HTTP/Status/403",2026-07-17T20:07:33.253608
canardenchaine,bpt6k1223342h,,failed,0,0,,http_manifest,known,403,manifest,"Client error '403 ' for url 'https://openapiproext.bnf.fr/iiif/presentation/v3/ark:/12148/bpt6k1223342h/manifest.json'
For more information check: https://developer.mozilla.org/en-US/docs/Web/HTTP/Status/403",2026-07-17T20:07:34.448011
canardenchaine,bpt6k1223343x,,failed,0,0,,http_manifest,known,403,manifest,"Client error '403 ' for url 'https://openapiproext.bnf.fr/iiif/presentation/v3/ark:/12148/bpt6k1223343x/manifest.json'
For more information check: https://developer.mozilla.org/en-US/docs/Web/HTTP/Status/403",2026-07-17T20:07:35.648677
canardenchaine,bpt6k1223344b,,failed,0,0,,http_manifest,known,403,manifest,"Client error '403 ' for url 'https://openapiproext.bnf.fr/iiif/presentation/v3/ark:/12148/bpt6k1223344b/manifest.json'
For more information check: https://developer.mozilla.org/en-US/docs/Web/HTTP/Status/403",2026-07-17T20:07:36.851823
canardenchaine,bpt6k1223345r,,failed,0,0,,http_manifest,known,403,manifest,"Client error '403 ' for url 'https://openapiproext.bnf.fr/iiif/presentation/v3/ark:/12148/bpt6k1223345r/manifest.json'
For more information check: https://developer.mozilla.org/en-US/docs/Web/HTTP/Status/403",2026-07-17T20:07:38.051209
canardenchaine,bpt6k12233465,,failed,0,0,,http_manifest,known,403,manifest,"Client error '403 ' for url 'https://openapiproext.bnf.fr/iiif/presentation/v3/ark:/12148/bpt6k12233465/manifest.json'
For more information check: https://developer.mozilla.org/en-US/docs/Web/HTTP/Status/403",2026-07-17T20:07:39.252717
canardenchaine,bpt6k1223347k,,failed,0,0,,http_manifest,known,403,manifest,"Client error '403 ' for url 'https://openapiproext.bnf.fr/iiif/presentation/v3/ark:/12148/bpt6k1223347k/manifest.json'
For more information check: https://developer.mozilla.org/en-US/docs/Web/HTTP/Status/403",2026-07-17T20:07:40.467901
canardenchaine,bpt6k12233480,,failed,0,0,,http_manifest,known,403,manifest,"Client error '403 ' for url 'https://openapiproext.bnf.fr/iiif/presentation/v3/ark:/12148/bpt6k12233480/manifest.json'
For more information check: https://developer.mozilla.org/en-US/docs/Web/HTTP/Status/403",2026-07-17T20:07:41.654779
canardenchaine,bpt6k1223349d,,failed,0,0,,http_manifest,known,403,manifest,"Client error '403 ' for url 'https://openapiproext.bnf.fr/iiif/presentation/v3/ark:/12148/bpt6k1223349d/manifest.json'
For more information check: https://developer.mozilla.org/en-US/docs/Web/HTTP/Status/403",2026-07-17T20:07:42.859527
canardenchaine,bpt6k12233502,,failed,0,0,,http_manifest,known,403,manifest,"Client error '403 ' for url 'https://openapiproext.bnf.fr/iiif/presentation/v3/ark:/12148/bpt6k12233502/manifest.json'
For more information check: https://developer.mozilla.org/en-US/docs/Web/HTTP/Status/403",2026-07-17T20:07:44.062398
canardenchaine,bpt6k1223351g,,failed,0,0,,http_manifest,known,403,manifest,"Client error '403 ' for url 'https://openapiproext.bnf.fr/iiif/presentation/v3/ark:/12148/bpt6k1223351g/manifest.json'
For more information check: https://developer.mozilla.org/en-US/docs/Web/HTTP/Status/403",2026-07-17T20:07:45.260085
canardenchaine,bpt6k1223352w,,failed,0,0,,http_manifest,known,403,manifest,"Client error '403 ' for url 'https://openapiproext.bnf.fr/iiif/presentation/v3/ark:/12148/bpt6k1223352w/manifest.json'
For more information check: https://developer.mozilla.org/en-US/docs/Web/HTTP/Status/403",2026-07-17T20:07:46.510445
canardenchaine,bpt6k12233539,,failed,0,0,,http_manifest,known,403,manifest,"Client error '403 ' for url 'https://openapiproext.bnf.fr/iiif/presentation/v3/ark:/12148/bpt6k12233539/manifest.json'
For more information check: https://developer.mozilla.org/en-US/docs/Web/HTTP/Status/403",2026-07-17T20:07:47.665437
canardenchaine,bpt6k1223354q,,failed,0,0,,http_manifest,known,403,manifest,"Client error '403 ' for url 'https://openapiproext.bnf.fr/iiif/presentation/v3/ark:/12148/bpt6k1223354q/manifest.json'
For more information check: https://developer.mozilla.org/en-US/docs/Web/HTTP/Status/403",2026-07-17T20:07:48.864671
canardenchaine,bpt6k1221047x,,failed,0,0,,http_manifest,known,403,manifest,"Client error '403 ' for url 'https://openapiproext.bnf.fr/iiif/presentation/v3/ark:/12148/bpt6k1221047x/manifest.json'
For more information check: https://developer.mozilla.org/en-US/docs/Web/HTTP/Status/403",2026-07-17T20:07:50.065448
canardenchaine,bpt6k1221048b,,failed,0,0,,http_manifest,known,403,manifest,"Client error '403 ' for url 'https://openapiproext.bnf.fr/iiif/presentation/v3/ark:/12148/bpt6k1221048b/manifest.json'
For more information check: https://developer.mozilla.org/en-US/docs/Web/HTTP/Status/403",2026-07-17T20:07:51.269349
canardenchaine,bpt6k1221049r,,failed,0,0,,http_manifest,known,403,manifest,"Client error '403 ' for url 'https://openapiproext.bnf.fr/iiif/presentation/v3/ark:/12148/bpt6k1221049r/manifest.json'
For more information check: https://developer.mozilla.org/en-US/docs/Web/HTTP/Status/403",2026-07-17T20:07:52.494726
canardenchaine,bpt6k1221050d,,failed,0,0,,http_manifest,known,403,manifest,"Client error '403 ' for url 'https://openapiproext.bnf.fr/iiif/presentation/v3/ark:/12148/bpt6k1221050d/manifest.json'
For more information check: https://developer.mozilla.org/en-US/docs/Web/HTTP/Status/403",2026-07-17T20:07:53.671752
canardenchaine,bpt6k1221051t,,failed,0,0,,http_manifest,known,403,manifest,"Client error '403 ' for url 'https://openapiproext.bnf.fr/iiif/presentation/v3/ark:/12148/bpt6k1221051t/manifest.json'
For more information check: https://developer.mozilla.org/en-US/docs/Web/HTTP/Status/403",2026-07-17T20:07:54.885111
canardenchaine,bpt6k12210527,,failed,0,0,,http_manifest,known,403,manifest,"Client error '403 ' for url 'https://openapiproext.bnf.fr/iiif/presentation/v3/ark:/12148/bpt6k12210527/manifest.json'
For more information check: https://developer.mozilla.org/en-US/docs/Web/HTTP/Status/403",2026-07-17T20:07:56.086878
canardenchaine,bpt6k1221053n,,failed,0,0,,http_manifest,known,403,manifest,"Client error '403 ' for url 'https://openapiproext.bnf.fr/iiif/presentation/v3/ark:/12148/bpt6k1221053n/manifest.json'
For more information check: https://developer.mozilla.org/en-US/docs/Web/HTTP/Status/403",2026-07-17T20:07:57.288042
canardenchaine,bpt6k12210542,,failed,0,0,,http_manifest,known,403,manifest,"Client error '403 ' for url 'https://openapiproext.bnf.fr/iiif/presentation/v3/ark:/12148/bpt6k12210542/manifest.json'
For more information check: https://developer.mozilla.org/en-US/docs/Web/HTTP/Status/403",2026-07-17T20:07:58.627490
canardenchaine,bpt6k1221055g,,failed,0,0,,http_manifest,known,403,manifest,"Client error '403 ' for url 'https://openapiproext.bnf.fr/iiif/presentation/v3/ark:/12148/bpt6k1221055g/manifest.json'
For more information check: https://developer.mozilla.org/en-US/docs/Web/HTTP/Status/403",2026-07-17T20:07:59.683180
canardenchaine,bpt6k1221056w,,failed,0,0,,http_manifest,known,403,manifest,"Client error '403 ' for url 'https://openapiproext.bnf.fr/iiif/presentation/v3/ark:/12148/bpt6k1221056w/manifest.json'
For more information check: https://developer.mozilla.org/en-US/docs/Web/HTTP/Status/403",2026-07-17T20:08:00.956640
canardenchaine,bpt6k12210579,,failed,0,0,,http_manifest,known,403,manifest,"Client error '403 ' for url 'https://openapiproext.bnf.fr/iiif/presentation/v3/ark:/12148/bpt6k12210579/manifest.json'
For more information check: https://developer.mozilla.org/en-US/docs/Web/HTTP/Status/403",2026-07-17T20:08:02.095231
canardenchaine,bpt6k1221058q,,failed,0,0,,http_manifest,known,403,manifest,"Client error '403 ' for url 'https://openapiproext.bnf.fr/iiif/presentation/v3/ark:/12148/bpt6k1221058q/manifest.json'
For more information check: https://developer.mozilla.org/en-US/docs/Web/HTTP/Status/403",2026-07-17T20:08:03.329859
canardenchaine,bpt6k12210594,,failed,0,0,,http_manifest,known,403,manifest,"Client error '403 ' for url 'https://openapiproext.bnf.fr/iiif/presentation/v3/ark:/12148/bpt6k12210594/manifest.json'
For more information check: https://developer.mozilla.org/en-US/docs/Web/HTTP/Status/403",2026-07-17T20:08:04.610469
canardenchaine,bpt6k1221060s,,failed,0,0,,http_manifest,known,403,manifest,"Client error '403 ' for url 'https://openapiproext.bnf.fr/iiif/presentation/v3/ark:/12148/bpt6k1221060s/manifest.json'
For more information check: https://developer.mozilla.org/en-US/docs/Web/HTTP/Status/403",2026-07-17T20:08:05.865489
canardenchaine,bpt6k12210616,,failed,0,0,,http_manifest,known,403,manifest,"Client error '403 ' for url 'https://openapiproext.bnf.fr/iiif/presentation/v3/ark:/12148/bpt6k12210616/manifest.json'
For more information check: https://developer.mozilla.org/en-US/docs/Web/HTTP/Status/403",2026-07-17T20:08:06.909096
canardenchaine,bpt6k1221062m,,failed,0,0,,http_manifest,known,403,manifest,"Client error '403 ' for url 'https://openapiproext.bnf.fr/iiif/presentation/v3/ark:/12148/bpt6k1221062m/manifest.json'
For more information check: https://developer.mozilla.org/en-US/docs/Web/HTTP/Status/403",2026-07-17T20:08:08.093775
canardenchaine,bpt6k12210631,,failed,0,0,,http_manifest,known,403,manifest,"Client error '403 ' for url 'https://openapiproext.bnf.fr/iiif/presentation/v3/ark:/12148/bpt6k12210631/manifest.json'
For more information check: https://developer.mozilla.org/en-US/docs/Web/HTTP/Status/403",2026-07-17T20:08:09.292528
canardenchaine,bpt6k1221064f,,failed,0,0,,http_manifest,known,403,manifest,"Client error '403 ' for url 'https://openapiproext.bnf.fr/iiif/presentation/v3/ark:/12148/bpt6k1221064f/manifest.json'
For more information check: https://developer.mozilla.org/en-US/docs/Web/HTTP/Status/403",2026-07-17T20:08:10.522040
canardenchaine,bpt6k1221065v,,failed,0,0,,http_manifest,known,403,manifest,"Client error '403 ' for url 'https://openapiproext.bnf.fr/iiif/presentation/v3/ark:/12148/bpt6k1221065v/manifest.json'
For more information check: https://developer.mozilla.org/en-US/docs/Web/HTTP/Status/403",2026-07-17T20:08:11.696093
canardenchaine,bpt6k12210668,,failed,0,0,,http_manifest,known,403,manifest,"Client error '403 ' for url 'https://openapiproext.bnf.fr/iiif/presentation/v3/ark:/12148/bpt6k12210668/manifest.json'
For more information check: https://developer.mozilla.org/en-US/docs/Web/HTTP/Status/403",2026-07-17T20:08:13.065776
canardenchaine,bpt6k1221067p,,failed,0,0,,http_manifest,known,403,manifest,"Client error '403 ' for url 'https://openapiproext.bnf.fr/iiif/presentation/v3/ark:/12148/bpt6k1221067p/manifest.json'
For more information check: https://developer.mozilla.org/en-US/docs/Web/HTTP/Status/403",2026-07-17T20:08:14.208002
canardenchaine,bpt6k12210683,,failed,0,0,,http_manifest,known,403,manifest,"Client error '403 ' for url 'https://openapiproext.bnf.fr/iiif/presentation/v3/ark:/12148/bpt6k12210683/manifest.json'
For more information check: https://developer.mozilla.org/en-US/docs/Web/HTTP/Status/403",2026-07-17T20:08:15.372687
canardenchaine,bpt6k1221069h,,failed,0,0,,http_manifest,known,403,manifest,"Client error '403 ' for url 'https://openapiproext.bnf.fr/iiif/presentation/v3/ark:/12148/bpt6k1221069h/manifest.json'
For more information check: https://developer.mozilla.org/en-US/docs/Web/HTTP/Status/403",2026-07-17T20:08:16.507233
canardenchaine,bpt6k12210705,,failed,0,0,,http_manifest,known,403,manifest,"Client error '403 ' for url 'https://openapiproext.bnf.fr/iiif/presentation/v3/ark:/12148/bpt6k12210705/manifest.json'
For more information check: https://developer.mozilla.org/en-US/docs/Web/HTTP/Status/403",2026-07-17T20:08:17.731250
canardenchaine,bpt6k1221071k,,failed,0,0,,http_manifest,known,403,manifest,"Client error '403 ' for url 'https://openapiproext.bnf.fr/iiif/presentation/v3/ark:/12148/bpt6k1221071k/manifest.json'
For more information check: https://developer.mozilla.org/en-US/docs/Web/HTTP/Status/403",2026-07-17T20:08:19.201993
canardenchaine,bpt6k12210720,,failed,0,0,,http_manifest,known,403,manifest,"Client error '403 ' for url 'https://openapiproext.bnf.fr/iiif/presentation/v3/ark:/12148/bpt6k12210720/manifest.json'
For more information check: https://developer.mozilla.org/en-US/docs/Web/HTTP/Status/403",2026-07-17T20:08:20.128342
canardenchaine,bpt6k1221073d,,failed,0,0,,http_manifest,known,403,manifest,"Client error '403 ' for url 'https://openapiproext.bnf.fr/iiif/presentation/v3/ark:/12148/bpt6k1221073d/manifest.json'
For more information check: https://developer.mozilla.org/en-US/docs/Web/HTTP/Status/403",2026-07-17T20:08:21.310721
canardenchaine,bpt6k1221074t,,failed,0,0,,http_manifest,known,403,manifest,"Client error '403 ' for url 'https://openapiproext.bnf.fr/iiif/presentation/v3/ark:/12148/bpt6k1221074t/manifest.json'
For more information check: https://developer.mozilla.org/en-US/docs/Web/HTTP/Status/403",2026-07-17T20:08:22.537023
canardenchaine,bpt6k1224973f,,failed,0,0,,http_manifest,known,403,manifest,"Client error '403 ' for url 'https://openapiproext.bnf.fr/iiif/presentation/v3/ark:/12148/bpt6k1224973f/manifest.json'
For more information check: https://developer.mozilla.org/en-US/docs/Web/HTTP/Status/403",2026-07-17T20:08:23.712202
canardenchaine,bpt6k12210757,,failed,0,0,,http_manifest,known,403,manifest,"Client error '403 ' for url 'https://openapiproext.bnf.fr/iiif/presentation/v3/ark:/12148/bpt6k12210757/manifest.json'
For more information check: https://developer.mozilla.org/en-US/docs/Web/HTTP/Status/403",2026-07-17T20:08:24.912341
canardenchaine,bpt6k1221076n,,failed,0,0,,http_manifest,known,403,manifest,"Client error '403 ' for url 'https://openapiproext.bnf.fr/iiif/presentation/v3/ark:/12148/bpt6k1221076n/manifest.json'
For more information check: https://developer.mozilla.org/en-US/docs/Web/HTTP/Status/403",2026-07-17T20:08:26.112948
canardenchaine,bpt6k12210772,,failed,0,0,,http_manifest,known,403,manifest,"Client error '403 ' for url 'https://openapiproext.bnf.fr/iiif/presentation/v3/ark:/12148/bpt6k12210772/manifest.json'
For more information check: https://developer.mozilla.org/en-US/docs/Web/HTTP/Status/403",2026-07-17T20:08:27.313669
canardenchaine,bpt6k1221078g,,failed,0,0,,http_manifest,known,403,manifest,"Client error '403 ' for url 'https://openapiproext.bnf.fr/iiif/presentation/v3/ark:/12148/bpt6k1221078g/manifest.json'
For more information check: https://developer.mozilla.org/en-US/docs/Web/HTTP/Status/403",2026-07-17T20:08:28.518922
canardenchaine,bpt6k1221079w,,failed,0,0,,http_manifest,known,403,manifest,"Client error '403 ' for url 'https://openapiproext.bnf.fr/iiif/presentation/v3/ark:/12148/bpt6k1221079w/manifest.json'
For more information check: https://developer.mozilla.org/en-US/docs/Web/HTTP/Status/403",2026-07-17T20:08:29.717553
canardenchaine,bpt6k1221080j,,failed,0,0,,http_manifest,known,403,manifest,"Client error '403 ' for url 'https://openapiproext.bnf.fr/iiif/presentation/v3/ark:/12148/bpt6k1221080j/manifest.json'
For more information check: https://developer.mozilla.org/en-US/docs/Web/HTTP/Status/403",2026-07-17T20:08:30.920170
canardenchaine,bpt6k1221081z,,failed,0,0,,http_manifest,known,403,manifest,"Client error '403 ' for url 'https://openapiproext.bnf.fr/iiif/presentation/v3/ark:/12148/bpt6k1221081z/manifest.json'
For more information check: https://developer.mozilla.org/en-US/docs/Web/HTTP/Status/403",2026-07-17T20:08:32.121524
canardenchaine,bpt6k1221082c,,failed,0,0,,http_manifest,known,403,manifest,"Client error '403 ' for url 'https://openapiproext.bnf.fr/iiif/presentation/v3/ark:/12148/bpt6k1221082c/manifest.json'
For more information check: https://developer.mozilla.org/en-US/docs/Web/HTTP/Status/403",2026-07-17T20:08:33.325483
canardenchaine,bpt6k1221083s,,failed,0,0,,http_manifest,known,403,manifest,"Client error '403 ' for url 'https://openapiproext.bnf.fr/iiif/presentation/v3/ark:/12148/bpt6k1221083s/manifest.json'
For more information check: https://developer.mozilla.org/en-US/docs/Web/HTTP/Status/403",2026-07-17T20:08:34.547767
canardenchaine,bpt6k12210846,,failed,0,0,,http_manifest,known,403,manifest,"Client error '403 ' for url 'https://openapiproext.bnf.fr/iiif/presentation/v3/ark:/12148/bpt6k12210846/manifest.json'
For more information check: https://developer.mozilla.org/en-US/docs/Web/HTTP/Status/403",2026-07-17T20:08:35.728727
canardenchaine,bpt6k1221085m,,failed,0,0,,http_manifest,known,403,manifest,"Client error '403 ' for url 'https://openapiproext.bnf.fr/iiif/presentation/v3/ark:/12148/bpt6k1221085m/manifest.json'
For more information check: https://developer.mozilla.org/en-US/docs/Web/HTTP/Status/403",2026-07-17T20:08:36.932253
canardenchaine,bpt6k12210861,,failed,0,0,,http_manifest,known,403,manifest,"Client error '403 ' for url 'https://openapiproext.bnf.fr/iiif/presentation/v3/ark:/12148/bpt6k12210861/manifest.json'
For more information check: https://developer.mozilla.org/en-US/docs/Web/HTTP/Status/403",2026-07-17T20:08:38.128234
canardenchaine,bpt6k1221087f,,failed,0,0,,http_manifest,known,403,manifest,"Client error '403 ' for url 'https://openapiproext.bnf.fr/iiif/presentation/v3/ark:/12148/bpt6k1221087f/manifest.json'
For more information check: https://developer.mozilla.org/en-US/docs/Web/HTTP/Status/403",2026-07-17T20:08:39.331741
canardenchaine,bpt6k1221088v,,failed,0,0,,http_manifest,known,403,manifest,"Client error '403 ' for url 'https://openapiproext.bnf.fr/iiif/presentation/v3/ark:/12148/bpt6k1221088v/manifest.json'
For more information check: https://developer.mozilla.org/en-US/docs/Web/HTTP/Status/403",2026-07-17T20:08:40.558431
canardenchaine,bpt6k12210898,,failed,0,0,,http_manifest,known,403,manifest,"Client error '403 ' for url 'https://openapiproext.bnf.fr/iiif/presentation/v3/ark:/12148/bpt6k12210898/manifest.json'
For more information check: https://developer.mozilla.org/en-US/docs/Web/HTTP/Status/403",2026-07-17T20:08:41.733186
canardenchaine,bpt6k1221090x,,failed,0,0,,http_manifest,known,403,manifest,"Client error '403 ' for url 'https://openapiproext.bnf.fr/iiif/presentation/v3/ark:/12148/bpt6k1221090x/manifest.json'
For more information check: https://developer.mozilla.org/en-US/docs/Web/HTTP/Status/403",2026-07-17T20:08:42.935054
canardenchaine,bpt6k1221091b,,failed,0,0,,http_manifest,known,403,manifest,"Client error '403 ' for url 'https://openapiproext.bnf.fr/iiif/presentation/v3/ark:/12148/bpt6k1221091b/manifest.json'
For more information check: https://developer.mozilla.org/en-US/docs/Web/HTTP/Status/403",2026-07-17T20:08:44.139712
canardenchaine,bpt6k1221092r,,failed,0,0,,http_manifest,known,403,manifest,"Client error '403 ' for url 'https://openapiproext.bnf.fr/iiif/presentation/v3/ark:/12148/bpt6k1221092r/manifest.json'
For more information check: https://developer.mozilla.org/en-US/docs/Web/HTTP/Status/403",2026-07-17T20:08:45.338487
canardenchaine,bpt6k12210935,,failed,0,0,,http_manifest,known,403,manifest,"Client error '403 ' for url 'https://openapiproext.bnf.fr/iiif/presentation/v3/ark:/12148/bpt6k12210935/manifest.json'
For more information check: https://developer.mozilla.org/en-US/docs/Web/HTTP/Status/403",2026-07-17T20:08:46.539189
canardenchaine,bpt6k1221094k,,failed,0,0,,http_manifest,known,403,manifest,"Client error '403 ' for url 'https://openapiproext.bnf.fr/iiif/presentation/v3/ark:/12148/bpt6k1221094k/manifest.json'
For more information check: https://developer.mozilla.org/en-US/docs/Web/HTTP/Status/403",2026-07-17T20:08:47.739397
canardenchaine,bpt6k12210950,,failed,0,0,,http_manifest,known,403,manifest,"Client error '403 ' for url 'https://openapiproext.bnf.fr/iiif/presentation/v3/ark:/12148/bpt6k12210950/manifest.json'
For more information check: https://developer.mozilla.org/en-US/docs/Web/HTTP/Status/403",2026-07-17T20:08:49.079508
canardenchaine,bpt6k1221096d,,failed,0,0,,http_manifest,known,403,manifest,"Client error '403 ' for url 'https://openapiproext.bnf.fr/iiif/presentation/v3/ark:/12148/bpt6k1221096d/manifest.json'
For more information check: https://developer.mozilla.org/en-US/docs/Web/HTTP/Status/403",2026-07-17T20:08:50.145037
canardenchaine,bpt6k1221097t,,failed,0,0,,http_manifest,known,403,manifest,"Client error '403 ' for url 'https://openapiproext.bnf.fr/iiif/presentation/v3/ark:/12148/bpt6k1221097t/manifest.json'
For more information check: https://developer.mozilla.org/en-US/docs/Web/HTTP/Status/403",2026-07-17T20:08:51.343909
canardenchaine,bpt6k1221326s,,failed,0,0,,http_manifest,known,403,manifest,"Client error '403 ' for url 'https://openapiproext.bnf.fr/iiif/presentation/v3/ark:/12148/bpt6k1221326s/manifest.json'
For more information check: https://developer.mozilla.org/en-US/docs/Web/HTTP/Status/403",2026-07-17T20:08:52.568856
canardenchaine,bpt6k12213276,,failed,0,0,,http_manifest,known,403,manifest,"Client error '403 ' for url 'https://openapiproext.bnf.fr/iiif/presentation/v3/ark:/12148/bpt6k12213276/manifest.json'
For more information check: https://developer.mozilla.org/en-US/docs/Web/HTTP/Status/403",2026-07-17T20:08:53.751067
canardenchaine,bpt6k1221328m,,failed,0,0,,http_manifest,known,403,manifest,"Client error '403 ' for url 'https://openapiproext.bnf.fr/iiif/presentation/v3/ark:/12148/bpt6k1221328m/manifest.json'
For more information check: https://developer.mozilla.org/en-US/docs/Web/HTTP/Status/403",2026-07-17T20:08:54.953552
canardenchaine,bpt6k12213291,,failed,0,0,,http_manifest,known,403,manifest,"Client error '403 ' for url 'https://openapiproext.bnf.fr/iiif/presentation/v3/ark:/12148/bpt6k12213291/manifest.json'
For more information check: https://developer.mozilla.org/en-US/docs/Web/HTTP/Status/403",2026-07-17T20:08:56.150467
canardenchaine,bpt6k1221330p,,failed,0,0,,http_manifest,known,403,manifest,"Client error '403 ' for url 'https://openapiproext.bnf.fr/iiif/presentation/v3/ark:/12148/bpt6k1221330p/manifest.json'
For more information check: https://developer.mozilla.org/en-US/docs/Web/HTTP/Status/403",2026-07-17T20:08:57.353467
canardenchaine,bpt6k12213313,,failed,0,0,,http_manifest,known,403,manifest,"Client error '403 ' for url 'https://openapiproext.bnf.fr/iiif/presentation/v3/ark:/12148/bpt6k12213313/manifest.json'
For more information check: https://developer.mozilla.org/en-US/docs/Web/HTTP/Status/403",2026-07-17T20:08:58.581361
canardenchaine,bpt6k1221332h,,failed,0,0,,http_manifest,known,403,manifest,"Client error '403 ' for url 'https://openapiproext.bnf.fr/iiif/presentation/v3/ark:/12148/bpt6k1221332h/manifest.json'
For more information check: https://developer.mozilla.org/en-US/docs/Web/HTTP/Status/403",2026-07-17T20:08:59.923217
canardenchaine,bpt6k1221333x,,failed,0,0,,http_manifest,known,403,manifest,"Client error '403 ' for url 'https://openapiproext.bnf.fr/iiif/presentation/v3/ark:/12148/bpt6k1221333x/manifest.json'
For more information check: https://developer.mozilla.org/en-US/docs/Web/HTTP/Status/403",2026-07-17T20:09:00.962256
canardenchaine,bpt6k1221334b,,failed,0,0,,http_manifest,known,403,manifest,"Client error '403 ' for url 'https://openapiproext.bnf.fr/iiif/presentation/v3/ark:/12148/bpt6k1221334b/manifest.json'
For more information check: https://developer.mozilla.org/en-US/docs/Web/HTTP/Status/403",2026-07-17T20:09:02.159053
canardenchaine,bpt6k1221335r,,failed,0,0,,http_manifest,known,403,manifest,"Client error '403 ' for url 'https://openapiproext.bnf.fr/iiif/presentation/v3/ark:/12148/bpt6k1221335r/manifest.json'
For more information check: https://developer.mozilla.org/en-US/docs/Web/HTTP/Status/403",2026-07-17T20:09:03.471744
canardenchaine,bpt6k12213365,,failed,0,0,,http_manifest,known,403,manifest,"Client error '403 ' for url 'https://openapiproext.bnf.fr/iiif/presentation/v3/ark:/12148/bpt6k12213365/manifest.json'
For more information check: https://developer.mozilla.org/en-US/docs/Web/HTTP/Status/403",2026-07-17T20:09:04.671046
canardenchaine,bpt6k1221337k,,failed,0,0,,http_manifest,known,403,manifest,"Client error '403 ' for url 'https://openapiproext.bnf.fr/iiif/presentation/v3/ark:/12148/bpt6k1221337k/manifest.json'
For more information check: https://developer.mozilla.org/en-US/docs/Web/HTTP/Status/403",2026-07-17T20:09:06.024035
canardenchaine,bpt6k12213380,,failed,0,0,,http_manifest,known,403,manifest,"Client error '403 ' for url 'https://openapiproext.bnf.fr/iiif/presentation/v3/ark:/12148/bpt6k12213380/manifest.json'
For more information check: https://developer.mozilla.org/en-US/docs/Web/HTTP/Status/403",2026-07-17T20:09:06.967401
canardenchaine,bpt6k1221339d,,failed,0,0,,http_manifest,known,403,manifest,"Client error '403 ' for url 'https://openapiproext.bnf.fr/iiif/presentation/v3/ark:/12148/bpt6k1221339d/manifest.json'
For more information check: https://developer.mozilla.org/en-US/docs/Web/HTTP/Status/403",2026-07-17T20:09:08.182655
canardenchaine,bpt6k12213402,,failed,0,0,,http_manifest,known,403,manifest,"Client error '403 ' for url 'https://openapiproext.bnf.fr/iiif/presentation/v3/ark:/12148/bpt6k12213402/manifest.json'
For more information check: https://developer.mozilla.org/en-US/docs/Web/HTTP/Status/403",2026-07-17T20:09:09.365335
canardenchaine,bpt6k1221341g,,failed,0,0,,http_manifest,known,403,manifest,"Client error '403 ' for url 'https://openapiproext.bnf.fr/iiif/presentation/v3/ark:/12148/bpt6k1221341g/manifest.json'
For more information check: https://developer.mozilla.org/en-US/docs/Web/HTTP/Status/403",2026-07-17T20:09:10.803854
canardenchaine,bpt6k1221342w,,failed,0,0,,http_manifest,known,403,manifest,"Client error '403 ' for url 'https://openapiproext.bnf.fr/iiif/presentation/v3/ark:/12148/bpt6k1221342w/manifest.json'
For more information check: https://developer.mozilla.org/en-US/docs/Web/HTTP/Status/403",2026-07-17T20:09:12.038274
canardenchaine,bpt6k12213439,,failed,0,0,,http_manifest,known,403,manifest,"Client error '403 ' for url 'https://openapiproext.bnf.fr/iiif/presentation/v3/ark:/12148/bpt6k12213439/manifest.json'
For more information check: https://developer.mozilla.org/en-US/docs/Web/HTTP/Status/403",2026-07-17T20:09:12.976764
canardenchaine,bpt6k1221344q,,failed,0,0,,http_manifest,known,403,manifest,"Client error '403 ' for url 'https://openapiproext.bnf.fr/iiif/presentation/v3/ark:/12148/bpt6k1221344q/manifest.json'
For more information check: https://developer.mozilla.org/en-US/docs/Web/HTTP/Status/403",2026-07-17T20:09:14.189742
canardenchaine,bpt6k12213454,,failed,0,0,,http_manifest,known,403,manifest,"Client error '403 ' for url 'https://openapiproext.bnf.fr/iiif/presentation/v3/ark:/12148/bpt6k12213454/manifest.json'
For more information check: https://developer.mozilla.org/en-US/docs/Web/HTTP/Status/403",2026-07-17T20:09:15.438869
canardenchaine,bpt6k1221346j,,failed,0,0,,http_manifest,known,403,manifest,"Client error '403 ' for url 'https://openapiproext.bnf.fr/iiif/presentation/v3/ark:/12148/bpt6k1221346j/manifest.json'
For more information check: https://developer.mozilla.org/en-US/docs/Web/HTTP/Status/403",2026-07-17T20:09:16.769353
canardenchaine,bpt6k1221347z,,failed,0,0,,http_manifest,known,403,manifest,"Client error '403 ' for url 'https://openapiproext.bnf.fr/iiif/presentation/v3/ark:/12148/bpt6k1221347z/manifest.json'
For more information check: https://developer.mozilla.org/en-US/docs/Web/HTTP/Status/403",2026-07-17T20:09:17.778954
canardenchaine,bpt6k1221348c,,failed,0,0,,http_manifest,known,403,manifest,"Client error '403 ' for url 'https://openapiproext.bnf.fr/iiif/presentation/v3/ark:/12148/bpt6k1221348c/manifest.json'
For more information check: https://developer.mozilla.org/en-US/docs/Web/HTTP/Status/403",2026-07-17T20:09:18.976727
canardenchaine,bpt6k1221349s,,failed,0,0,,http_manifest,known,403,manifest,"Client error '403 ' for url 'https://openapiproext.bnf.fr/iiif/presentation/v3/ark:/12148/bpt6k1221349s/manifest.json'
For more information check: https://developer.mozilla.org/en-US/docs/Web/HTTP/Status/403",2026-07-17T20:09:20.176824
canardenchaine,bpt6k1221350f,,failed,0,0,,http_manifest,known,403,manifest,"Client error '403 ' for url 'https://openapiproext.bnf.fr/iiif/presentation/v3/ark:/12148/bpt6k1221350f/manifest.json'
For more information check: https://developer.mozilla.org/en-US/docs/Web/HTTP/Status/403",2026-07-17T20:09:21.377948
canardenchaine,bpt6k1221351v,,failed,0,0,,http_manifest,known,403,manifest,"Client error '403 ' for url 'https://openapiproext.bnf.fr/iiif/presentation/v3/ark:/12148/bpt6k1221351v/manifest.json'
For more information check: https://developer.mozilla.org/en-US/docs/Web/HTTP/Status/403",2026-07-17T20:09:22.603078
canardenchaine,bpt6k12213528,,failed,0,0,,http_manifest,known,403,manifest,"Client error '403 ' for url 'https://openapiproext.bnf.fr/iiif/presentation/v3/ark:/12148/bpt6k12213528/manifest.json'
For more information check: https://developer.mozilla.org/en-US/docs/Web/HTTP/Status/403",2026-07-17T20:09:23.778983
canardenchaine,bpt6k1221353p,,failed,0,0,,http_manifest,known,403,manifest,"Client error '403 ' for url 'https://openapiproext.bnf.fr/iiif/presentation/v3/ark:/12148/bpt6k1221353p/manifest.json'
For more information check: https://developer.mozilla.org/en-US/docs/Web/HTTP/Status/403",2026-07-17T20:09:24.982757
canardenchaine,bpt6k12213543,,failed,0,0,,http_manifest,known,403,manifest,"Client error '403 ' for url 'https://openapiproext.bnf.fr/iiif/presentation/v3/ark:/12148/bpt6k12213543/manifest.json'
For more information check: https://developer.mozilla.org/en-US/docs/Web/HTTP/Status/403",2026-07-17T20:09:26.184126
canardenchaine,bpt6k1221355h,,failed,0,0,,http_manifest,known,403,manifest,"Client error '403 ' for url 'https://openapiproext.bnf.fr/iiif/presentation/v3/ark:/12148/bpt6k1221355h/manifest.json'
For more information check: https://developer.mozilla.org/en-US/docs/Web/HTTP/Status/403",2026-07-17T20:09:27.382910
canardenchaine,bpt6k1221356x,,failed,0,0,,http_manifest,known,403,manifest,"Client error '403 ' for url 'https://openapiproext.bnf.fr/iiif/presentation/v3/ark:/12148/bpt6k1221356x/manifest.json'
For more information check: https://developer.mozilla.org/en-US/docs/Web/HTTP/Status/403",2026-07-17T20:09:28.614259
canardenchaine,bpt6k1221357b,,failed,0,0,,http_manifest,known,403,manifest,"Client error '403 ' for url 'https://openapiproext.bnf.fr/iiif/presentation/v3/ark:/12148/bpt6k1221357b/manifest.json'
For more information check: https://developer.mozilla.org/en-US/docs/Web/HTTP/Status/403",2026-07-17T20:09:29.789949
canardenchaine,bpt6k1221358r,,failed,0,0,,http_manifest,known,403,manifest,"Client error '403 ' for url 'https://openapiproext.bnf.fr/iiif/presentation/v3/ark:/12148/bpt6k1221358r/manifest.json'
For more information check: https://developer.mozilla.org/en-US/docs/Web/HTTP/Status/403",2026-07-17T20:09:30.990883
canardenchaine,bpt6k12213595,,failed,0,0,,http_manifest,known,403,manifest,"Client error '403 ' for url 'https://openapiproext.bnf.fr/iiif/presentation/v3/ark:/12148/bpt6k12213595/manifest.json'
For more information check: https://developer.mozilla.org/en-US/docs/Web/HTTP/Status/403",2026-07-17T20:09:32.195157
canardenchaine,bpt6k1221360t,,failed,0,0,,http_manifest,known,403,manifest,"Client error '403 ' for url 'https://openapiproext.bnf.fr/iiif/presentation/v3/ark:/12148/bpt6k1221360t/manifest.json'
For more information check: https://developer.mozilla.org/en-US/docs/Web/HTTP/Status/403",2026-07-17T20:09:33.399217
canardenchaine,bpt6k12213617,,failed,0,0,,http_manifest,known,403,manifest,"Client error '403 ' for url 'https://openapiproext.bnf.fr/iiif/presentation/v3/ark:/12148/bpt6k12213617/manifest.json'
For more information check: https://developer.mozilla.org/en-US/docs/Web/HTTP/Status/403",2026-07-17T20:09:34.596886
canardenchaine,bpt6k1221362n,,failed,0,0,,http_manifest,known,403,manifest,"Client error '403 ' for url 'https://openapiproext.bnf.fr/iiif/presentation/v3/ark:/12148/bpt6k1221362n/manifest.json'
For more information check: https://developer.mozilla.org/en-US/docs/Web/HTTP/Status/403",2026-07-17T20:09:35.801212
canardenchaine,bpt6k12213632,,failed,0,0,,http_manifest,known,403,manifest,"Client error '403 ' for url 'https://openapiproext.bnf.fr/iiif/presentation/v3/ark:/12148/bpt6k12213632/manifest.json'
For more information check: https://developer.mozilla.org/en-US/docs/Web/HTTP/Status/403",2026-07-17T20:09:37.000449
canardenchaine,bpt6k1221364g,,failed,0,0,,http_manifest,known,403,manifest,"Client error '403 ' for url 'https://openapiproext.bnf.fr/iiif/presentation/v3/ark:/12148/bpt6k1221364g/manifest.json'
For more information check: https://developer.mozilla.org/en-US/docs/Web/HTTP/Status/403",2026-07-17T20:09:38.210996
canardenchaine,bpt6k1221365w,,failed,0,0,,http_manifest,known,403,manifest,"Client error '403 ' for url 'https://openapiproext.bnf.fr/iiif/presentation/v3/ark:/12148/bpt6k1221365w/manifest.json'
For more information check: https://developer.mozilla.org/en-US/docs/Web/HTTP/Status/403",2026-07-17T20:09:39.403580
canardenchaine,bpt6k12213669,,failed,0,0,,http_manifest,known,403,manifest,"Client error '403 ' for url 'https://openapiproext.bnf.fr/iiif/presentation/v3/ark:/12148/bpt6k12213669/manifest.json'
For more information check: https://developer.mozilla.org/en-US/docs/Web/HTTP/Status/403",2026-07-17T20:09:40.628403
canardenchaine,bpt6k1221367q,,failed,0,0,,http_manifest,known,403,manifest,"Client error '403 ' for url 'https://openapiproext.bnf.fr/iiif/presentation/v3/ark:/12148/bpt6k1221367q/manifest.json'
For more information check: https://developer.mozilla.org/en-US/docs/Web/HTTP/Status/403",2026-07-17T20:09:41.805638
canardenchaine,bpt6k12213684,,failed,0,0,,http_manifest,known,403,manifest,"Client error '403 ' for url 'https://openapiproext.bnf.fr/iiif/presentation/v3/ark:/12148/bpt6k12213684/manifest.json'
For more information check: https://developer.mozilla.org/en-US/docs/Web/HTTP/Status/403",2026-07-17T20:09:43.004328
canardenchaine,bpt6k1221369j,,failed,0,0,,http_manifest,known,403,manifest,"Client error '403 ' for url 'https://openapiproext.bnf.fr/iiif/presentation/v3/ark:/12148/bpt6k1221369j/manifest.json'
For more information check: https://developer.mozilla.org/en-US/docs/Web/HTTP/Status/403",2026-07-17T20:09:44.215028
canardenchaine,bpt6k12213706,,failed,0,0,,http_manifest,known,403,manifest,"Client error '403 ' for url 'https://openapiproext.bnf.fr/iiif/presentation/v3/ark:/12148/bpt6k12213706/manifest.json'
For more information check: https://developer.mozilla.org/en-US/docs/Web/HTTP/Status/403",2026-07-17T20:09:45.411462
canardenchaine,bpt6k1221371m,,failed,0,0,,http_manifest,known,403,manifest,"Client error '403 ' for url 'https://openapiproext.bnf.fr/iiif/presentation/v3/ark:/12148/bpt6k1221371m/manifest.json'
For more information check: https://developer.mozilla.org/en-US/docs/Web/HTTP/Status/403",2026-07-17T20:09:46.658929
canardenchaine,bpt6k12213721,,failed,0,0,,http_manifest,known,403,manifest,"Client error '403 ' for url 'https://openapiproext.bnf.fr/iiif/presentation/v3/ark:/12148/bpt6k12213721/manifest.json'
For more information check: https://developer.mozilla.org/en-US/docs/Web/HTTP/Status/403",2026-07-17T20:09:47.817878
canardenchaine,bpt6k1221373f,,failed,0,0,,http_manifest,known,403,manifest,"Client error '403 ' for url 'https://openapiproext.bnf.fr/iiif/presentation/v3/ark:/12148/bpt6k1221373f/manifest.json'
For more information check: https://developer.mozilla.org/en-US/docs/Web/HTTP/Status/403",2026-07-17T20:09:49.021822
canardenchaine,bpt6k1221374v,,failed,0,0,,http_manifest,known,403,manifest,"Client error '403 ' for url 'https://openapiproext.bnf.fr/iiif/presentation/v3/ark:/12148/bpt6k1221374v/manifest.json'
For more information check: https://developer.mozilla.org/en-US/docs/Web/HTTP/Status/403",2026-07-17T20:09:50.225035
canardenchaine,bpt6k12213758,,failed,0,0,,http_manifest,known,403,manifest,"Client error '403 ' for url 'https://openapiproext.bnf.fr/iiif/presentation/v3/ark:/12148/bpt6k12213758/manifest.json'
For more information check: https://developer.mozilla.org/en-US/docs/Web/HTTP/Status/403",2026-07-17T20:09:51.418755
canardenchaine,bpt6k1221376p,,failed,0,0,,http_manifest,known,403,manifest,"Client error '403 ' for url 'https://openapiproext.bnf.fr/iiif/presentation/v3/ark:/12148/bpt6k1221376p/manifest.json'
For more information check: https://developer.mozilla.org/en-US/docs/Web/HTTP/Status/403",2026-07-17T20:09:52.622186
canardenchaine,bpt6k12213773,,failed,0,0,,http_manifest,known,403,manifest,"Client error '403 ' for url 'https://openapiproext.bnf.fr/iiif/presentation/v3/ark:/12148/bpt6k12213773/manifest.json'
For more information check: https://developer.mozilla.org/en-US/docs/Web/HTTP/Status/403",2026-07-17T20:09:53.820798
canardenchaine,bpt6k12219382,,failed,0,0,,http_manifest,known,403,manifest,"Client error '403 ' for url 'https://openapiproext.bnf.fr/iiif/presentation/v3/ark:/12148/bpt6k12219382/manifest.json'
For more information check: https://developer.mozilla.org/en-US/docs/Web/HTTP/Status/403",2026-07-17T20:09:55.028609
canardenchaine,bpt6k1221939g,,failed,0,0,,http_manifest,known,403,manifest,"Client error '403 ' for url 'https://openapiproext.bnf.fr/iiif/presentation/v3/ark:/12148/bpt6k1221939g/manifest.json'
For more information check: https://developer.mozilla.org/en-US/docs/Web/HTTP/Status/403",2026-07-17T20:09:56.239503
canardenchaine,bpt6k12219404,,failed,0,0,,http_manifest,known,403,manifest,"Client error '403 ' for url 'https://openapiproext.bnf.fr/iiif/presentation/v3/ark:/12148/bpt6k12219404/manifest.json'
For more information check: https://developer.mozilla.org/en-US/docs/Web/HTTP/Status/403",2026-07-17T20:09:57.429540
canardenchaine,bpt6k1221941j,,failed,0,0,,http_manifest,known,403,manifest,"Client error '403 ' for url 'https://openapiproext.bnf.fr/iiif/presentation/v3/ark:/12148/bpt6k1221941j/manifest.json'
For more information check: https://developer.mozilla.org/en-US/docs/Web/HTTP/Status/403",2026-07-17T20:09:58.710209
canardenchaine,bpt6k1221942z,,failed,0,0,,http_manifest,known,403,manifest,"Client error '403 ' for url 'https://openapiproext.bnf.fr/iiif/presentation/v3/ark:/12148/bpt6k1221942z/manifest.json'
For more information check: https://developer.mozilla.org/en-US/docs/Web/HTTP/Status/403",2026-07-17T20:09:59.833882
canardenchaine,bpt6k1221943c,,failed,0,0,,http_manifest,known,403,manifest,"Client error '403 ' for url 'https://openapiproext.bnf.fr/iiif/presentation/v3/ark:/12148/bpt6k1221943c/manifest.json'
For more information check: https://developer.mozilla.org/en-US/docs/Web/HTTP/Status/403",2026-07-17T20:10:01.031102
canardenchaine,bpt6k1221944s,,failed,0,0,,http_manifest,known,403,manifest,"Client error '403 ' for url 'https://openapiproext.bnf.fr/iiif/presentation/v3/ark:/12148/bpt6k1221944s/manifest.json'
For more information check: https://developer.mozilla.org/en-US/docs/Web/HTTP/Status/403",2026-07-17T20:10:02.233766
canardenchaine,bpt6k12219456,,failed,0,0,,http_manifest,known,403,manifest,"Client error '403 ' for url 'https://openapiproext.bnf.fr/iiif/presentation/v3/ark:/12148/bpt6k12219456/manifest.json'
For more information check: https://developer.mozilla.org/en-US/docs/Web/HTTP/Status/403",2026-07-17T20:10:03.434635
canardenchaine,bpt6k1221946m,,failed,0,0,,http_manifest,known,403,manifest,"Client error '403 ' for url 'https://openapiproext.bnf.fr/iiif/presentation/v3/ark:/12148/bpt6k1221946m/manifest.json'
For more information check: https://developer.mozilla.org/en-US/docs/Web/HTTP/Status/403",2026-07-17T20:10:04.661935
canardenchaine,bpt6k12219471,,failed,0,0,,http_manifest,known,403,manifest,"Client error '403 ' for url 'https://openapiproext.bnf.fr/iiif/presentation/v3/ark:/12148/bpt6k12219471/manifest.json'
For more information check: https://developer.mozilla.org/en-US/docs/Web/HTTP/Status/403",2026-07-17T20:10:05.856167
canardenchaine,bpt6k1221948f,,failed,0,0,,http_manifest,known,403,manifest,"Client error '403 ' for url 'https://openapiproext.bnf.fr/iiif/presentation/v3/ark:/12148/bpt6k1221948f/manifest.json'
For more information check: https://developer.mozilla.org/en-US/docs/Web/HTTP/Status/403",2026-07-17T20:10:07.043670
canardenchaine,bpt6k1221949v,,failed,0,0,,http_manifest,known,403,manifest,"Client error '403 ' for url 'https://openapiproext.bnf.fr/iiif/presentation/v3/ark:/12148/bpt6k1221949v/manifest.json'
For more information check: https://developer.mozilla.org/en-US/docs/Web/HTTP/Status/403",2026-07-17T20:10:08.240509
canardenchaine,bpt6k1221950h,,failed,0,0,,http_manifest,known,403,manifest,"Client error '403 ' for url 'https://openapiproext.bnf.fr/iiif/presentation/v3/ark:/12148/bpt6k1221950h/manifest.json'
For more information check: https://developer.mozilla.org/en-US/docs/Web/HTTP/Status/403",2026-07-17T20:10:09.441870
canardenchaine,bpt6k1221951x,,failed,0,0,,http_manifest,known,403,manifest,"Client error '403 ' for url 'https://openapiproext.bnf.fr/iiif/presentation/v3/ark:/12148/bpt6k1221951x/manifest.json'
For more information check: https://developer.mozilla.org/en-US/docs/Web/HTTP/Status/403",2026-07-17T20:10:10.805695
canardenchaine,bpt6k1221952b,,failed,0,0,,http_manifest,known,403,manifest,"Client error '403 ' for url 'https://openapiproext.bnf.fr/iiif/presentation/v3/ark:/12148/bpt6k1221952b/manifest.json'
For more information check: https://developer.mozilla.org/en-US/docs/Web/HTTP/Status/403",2026-07-17T20:10:11.963861
canardenchaine,bpt6k1221953r,,failed,0,0,,http_manifest,known,403,manifest,"Client error '403 ' for url 'https://openapiproext.bnf.fr/iiif/presentation/v3/ark:/12148/bpt6k1221953r/manifest.json'
For more information check: https://developer.mozilla.org/en-US/docs/Web/HTTP/Status/403",2026-07-17T20:10:13.293441
canardenchaine,bpt6k12219545,,failed,0,0,,http_manifest,known,403,manifest,"Client error '403 ' for url 'https://openapiproext.bnf.fr/iiif/presentation/v3/ark:/12148/bpt6k12219545/manifest.json'
For more information check: https://developer.mozilla.org/en-US/docs/Web/HTTP/Status/403",2026-07-17T20:10:14.415652
canardenchaine,bpt6k1221955k,,failed,0,0,,http_manifest,known,403,manifest,"Client error '403 ' for url 'https://openapiproext.bnf.fr/iiif/presentation/v3/ark:/12148/bpt6k1221955k/manifest.json'
For more information check: https://developer.mozilla.org/en-US/docs/Web/HTTP/Status/403",2026-07-17T20:10:15.450540
canardenchaine,bpt6k12219560,,failed,0,0,,http_manifest,known,403,manifest,"Client error '403 ' for url 'https://openapiproext.bnf.fr/iiif/presentation/v3/ark:/12148/bpt6k12219560/manifest.json'
For more information check: https://developer.mozilla.org/en-US/docs/Web/HTTP/Status/403",2026-07-17T20:10:16.717682
canardenchaine,bpt6k1221957d,,failed,0,0,,http_manifest,known,403,manifest,"Client error '403 ' for url 'https://openapiproext.bnf.fr/iiif/presentation/v3/ark:/12148/bpt6k1221957d/manifest.json'
For more information check: https://developer.mozilla.org/en-US/docs/Web/HTTP/Status/403",2026-07-17T20:10:18.020245
canardenchaine,bpt6k1221958t,,failed,0,0,,http_manifest,known,403,manifest,"Client error '403 ' for url 'https://openapiproext.bnf.fr/iiif/presentation/v3/ark:/12148/bpt6k1221958t/manifest.json'
For more information check: https://developer.mozilla.org/en-US/docs/Web/HTTP/Status/403",2026-07-17T20:10:19.058217
canardenchaine,bpt6k12219597,,failed,0,0,,http_manifest,known,403,manifest,"Client error '403 ' for url 'https://openapiproext.bnf.fr/iiif/presentation/v3/ark:/12148/bpt6k12219597/manifest.json'
For more information check: https://developer.mozilla.org/en-US/docs/Web/HTTP/Status/403",2026-07-17T20:10:20.255914
canardenchaine,bpt6k1221960w,,failed,0,0,,http_manifest,known,403,manifest,"Client error '403 ' for url 'https://openapiproext.bnf.fr/iiif/presentation/v3/ark:/12148/bpt6k1221960w/manifest.json'
For more information check: https://developer.mozilla.org/en-US/docs/Web/HTTP/Status/403",2026-07-17T20:10:21.450498
canardenchaine,bpt6k12219619,,failed,0,0,,http_manifest,known,403,manifest,"Client error '403 ' for url 'https://openapiproext.bnf.fr/iiif/presentation/v3/ark:/12148/bpt6k12219619/manifest.json'
For more information check: https://developer.mozilla.org/en-US/docs/Web/HTTP/Status/403",2026-07-17T20:10:22.652764
canardenchaine,bpt6k1221962q,,failed,0,0,,http_manifest,known,403,manifest,"Client error '403 ' for url 'https://openapiproext.bnf.fr/iiif/presentation/v3/ark:/12148/bpt6k1221962q/manifest.json'
For more information check: https://developer.mozilla.org/en-US/docs/Web/HTTP/Status/403",2026-07-17T20:10:23.854487
canardenchaine,bpt6k1224974v,,failed,0,0,,http_manifest,known,403,manifest,"Client error '403 ' for url 'https://openapiproext.bnf.fr/iiif/presentation/v3/ark:/12148/bpt6k1224974v/manifest.json'
For more information check: https://developer.mozilla.org/en-US/docs/Web/HTTP/Status/403",2026-07-17T20:10:25.055505
canardenchaine,bpt6k12219634,,failed,0,0,,http_manifest,known,403,manifest,"Client error '403 ' for url 'https://openapiproext.bnf.fr/iiif/presentation/v3/ark:/12148/bpt6k12219634/manifest.json'
For more information check: https://developer.mozilla.org/en-US/docs/Web/HTTP/Status/403",2026-07-17T20:10:26.260427
canardenchaine,bpt6k1221964j,,failed,0,0,,http_manifest,known,403,manifest,"Client error '403 ' for url 'https://openapiproext.bnf.fr/iiif/presentation/v3/ark:/12148/bpt6k1221964j/manifest.json'
For more information check: https://developer.mozilla.org/en-US/docs/Web/HTTP/Status/403",2026-07-17T20:10:27.463890
canardenchaine,bpt6k1221965z,,failed,0,0,,http_manifest,known,403,manifest,"Client error '403 ' for url 'https://openapiproext.bnf.fr/iiif/presentation/v3/ark:/12148/bpt6k1221965z/manifest.json'
For more information check: https://developer.mozilla.org/en-US/docs/Web/HTTP/Status/403",2026-07-17T20:10:28.689062
canardenchaine,bpt6k1221966c,,failed,0,0,,http_manifest,known,403,manifest,"Client error '403 ' for url 'https://openapiproext.bnf.fr/iiif/presentation/v3/ark:/12148/bpt6k1221966c/manifest.json'
For more information check: https://developer.mozilla.org/en-US/docs/Web/HTTP/Status/403",2026-07-17T20:10:29.862609
canardenchaine,bpt6k1221967s,,failed,0,0,,http_manifest,known,403,manifest,"Client error '403 ' for url 'https://openapiproext.bnf.fr/iiif/presentation/v3/ark:/12148/bpt6k1221967s/manifest.json'
For more information check: https://developer.mozilla.org/en-US/docs/Web/HTTP/Status/403",2026-07-17T20:10:31.064350
canardenchaine,bpt6k12219686,,failed,0,0,,http_manifest,known,403,manifest,"Client error '403 ' for url 'https://openapiproext.bnf.fr/iiif/presentation/v3/ark:/12148/bpt6k12219686/manifest.json'
For more information check: https://developer.mozilla.org/en-US/docs/Web/HTTP/Status/403",2026-07-17T20:10:32.265238
canardenchaine,bpt6k1221969m,,failed,0,0,,http_manifest,known,403,manifest,"Client error '403 ' for url 'https://openapiproext.bnf.fr/iiif/presentation/v3/ark:/12148/bpt6k1221969m/manifest.json'
For more information check: https://developer.mozilla.org/en-US/docs/Web/HTTP/Status/403",2026-07-17T20:10:33.477254
canardenchaine,bpt6k12219708,,failed,0,0,,http_manifest,known,403,manifest,"Client error '403 ' for url 'https://openapiproext.bnf.fr/iiif/presentation/v3/ark:/12148/bpt6k12219708/manifest.json'
For more information check: https://developer.mozilla.org/en-US/docs/Web/HTTP/Status/403",2026-07-17T20:10:34.670849
canardenchaine,bpt6k1221971p,,failed,0,0,,http_manifest,known,403,manifest,"Client error '403 ' for url 'https://openapiproext.bnf.fr/iiif/presentation/v3/ark:/12148/bpt6k1221971p/manifest.json'
For more information check: https://developer.mozilla.org/en-US/docs/Web/HTTP/Status/403",2026-07-17T20:10:35.871858
canardenchaine,bpt6k12219723,,failed,0,0,,http_manifest,known,403,manifest,"Client error '403 ' for url 'https://openapiproext.bnf.fr/iiif/presentation/v3/ark:/12148/bpt6k12219723/manifest.json'
For more information check: https://developer.mozilla.org/en-US/docs/Web/HTTP/Status/403",2026-07-17T20:10:37.086268
canardenchaine,bpt6k1221973h,,failed,0,0,,http_manifest,known,403,manifest,"Client error '403 ' for url 'https://openapiproext.bnf.fr/iiif/presentation/v3/ark:/12148/bpt6k1221973h/manifest.json'
For more information check: https://developer.mozilla.org/en-US/docs/Web/HTTP/Status/403",2026-07-17T20:10:38.277469
canardenchaine,bpt6k1221974x,,failed,0,0,,http_manifest,known,403,manifest,"Client error '403 ' for url 'https://openapiproext.bnf.fr/iiif/presentation/v3/ark:/12148/bpt6k1221974x/manifest.json'
For more information check: https://developer.mozilla.org/en-US/docs/Web/HTTP/Status/403",2026-07-17T20:10:39.513687
canardenchaine,bpt6k1221975b,,failed,0,0,,http_manifest,known,403,manifest,"Client error '403 ' for url 'https://openapiproext.bnf.fr/iiif/presentation/v3/ark:/12148/bpt6k1221975b/manifest.json'
For more information check: https://developer.mozilla.org/en-US/docs/Web/HTTP/Status/403",2026-07-17T20:10:40.677229
canardenchaine,bpt6k1221976r,,failed,0,0,,http_manifest,known,403,manifest,"Client error '403 ' for url 'https://openapiproext.bnf.fr/iiif/presentation/v3/ark:/12148/bpt6k1221976r/manifest.json'
For more information check: https://developer.mozilla.org/en-US/docs/Web/HTTP/Status/403",2026-07-17T20:10:41.885805
canardenchaine,bpt6k12219775,,failed,0,0,,http_manifest,known,403,manifest,"Client error '403 ' for url 'https://openapiproext.bnf.fr/iiif/presentation/v3/ark:/12148/bpt6k12219775/manifest.json'
For more information check: https://developer.mozilla.org/en-US/docs/Web/HTTP/Status/403",2026-07-17T20:10:43.083292
canardenchaine,bpt6k1221978k,,failed,0,0,,http_manifest,known,403,manifest,"Client error '403 ' for url 'https://openapiproext.bnf.fr/iiif/presentation/v3/ark:/12148/bpt6k1221978k/manifest.json'
For more information check: https://developer.mozilla.org/en-US/docs/Web/HTTP/Status/403",2026-07-17T20:10:44.284467
canardenchaine,bpt6k12219790,,failed,0,0,,http_manifest,known,403,manifest,"Client error '403 ' for url 'https://openapiproext.bnf.fr/iiif/presentation/v3/ark:/12148/bpt6k12219790/manifest.json'
For more information check: https://developer.mozilla.org/en-US/docs/Web/HTTP/Status/403",2026-07-17T20:10:45.512726
canardenchaine,bpt6k1221980n,,failed,0,0,,http_manifest,known,403,manifest,"Client error '403 ' for url 'https://openapiproext.bnf.fr/iiif/presentation/v3/ark:/12148/bpt6k1221980n/manifest.json'
For more information check: https://developer.mozilla.org/en-US/docs/Web/HTTP/Status/403",2026-07-17T20:10:46.686641
canardenchaine,bpt6k12219812,,failed,0,0,,http_manifest,known,403,manifest,"Client error '403 ' for url 'https://openapiproext.bnf.fr/iiif/presentation/v3/ark:/12148/bpt6k12219812/manifest.json'
For more information check: https://developer.mozilla.org/en-US/docs/Web/HTTP/Status/403",2026-07-17T20:10:47.888763
canardenchaine,bpt6k1221982g,,failed,0,0,,http_manifest,known,403,manifest,"Client error '403 ' for url 'https://openapiproext.bnf.fr/iiif/presentation/v3/ark:/12148/bpt6k1221982g/manifest.json'
For more information check: https://developer.mozilla.org/en-US/docs/Web/HTTP/Status/403",2026-07-17T20:10:49.092385
canardenchaine,bpt6k1221983w,,failed,0,0,,http_manifest,known,403,manifest,"Client error '403 ' for url 'https://openapiproext.bnf.fr/iiif/presentation/v3/ark:/12148/bpt6k1221983w/manifest.json'
For more information check: https://developer.mozilla.org/en-US/docs/Web/HTTP/Status/403",2026-07-17T20:10:50.290087
canardenchaine,bpt6k12219849,,failed,0,0,,http_manifest,known,403,manifest,"Client error '403 ' for url 'https://openapiproext.bnf.fr/iiif/presentation/v3/ark:/12148/bpt6k12219849/manifest.json'
For more information check: https://developer.mozilla.org/en-US/docs/Web/HTTP/Status/403",2026-07-17T20:10:51.491368
canardenchaine,bpt6k1221985q,,failed,0,0,,http_manifest,known,403,manifest,"Client error '403 ' for url 'https://openapiproext.bnf.fr/iiif/presentation/v3/ark:/12148/bpt6k1221985q/manifest.json'
For more information check: https://developer.mozilla.org/en-US/docs/Web/HTTP/Status/403",2026-07-17T20:10:52.696382
canardenchaine,bpt6k12249758,,failed,0,0,,http_manifest,known,403,manifest,"Client error '403 ' for url 'https://openapiproext.bnf.fr/iiif/presentation/v3/ark:/12148/bpt6k12249758/manifest.json'
For more information check: https://developer.mozilla.org/en-US/docs/Web/HTTP/Status/403",2026-07-17T20:10:53.895280
canardenchaine,bpt6k12219864,,failed,0,0,,http_manifest,known,403,manifest,"Client error '403 ' for url 'https://openapiproext.bnf.fr/iiif/presentation/v3/ark:/12148/bpt6k12219864/manifest.json'
For more information check: https://developer.mozilla.org/en-US/docs/Web/HTTP/Status/403",2026-07-17T20:10:55.098816
canardenchaine,bpt6k1221987j,,failed,0,0,,http_manifest,known,403,manifest,"Client error '403 ' for url 'https://openapiproext.bnf.fr/iiif/presentation/v3/ark:/12148/bpt6k1221987j/manifest.json'
For more information check: https://developer.mozilla.org/en-US/docs/Web/HTTP/Status/403",2026-07-17T20:10:56.297523
canardenchaine,bpt6k1221988z,,failed,0,0,,http_manifest,known,403,manifest,"Client error '403 ' for url 'https://openapiproext.bnf.fr/iiif/presentation/v3/ark:/12148/bpt6k1221988z/manifest.json'
For more information check: https://developer.mozilla.org/en-US/docs/Web/HTTP/Status/403",2026-07-17T20:10:57.792307
canardenchaine,bpt6k1221378h,,failed,0,0,,http_manifest,known,403,manifest,"Client error '403 ' for url 'https://openapiproext.bnf.fr/iiif/presentation/v3/ark:/12148/bpt6k1221378h/manifest.json'
For more information check: https://developer.mozilla.org/en-US/docs/Web/HTTP/Status/403",2026-07-17T20:10:58.698638
canardenchaine,bpt6k1221380k,,failed,0,0,,http_manifest,known,403,manifest,"Client error '403 ' for url 'https://openapiproext.bnf.fr/iiif/presentation/v3/ark:/12148/bpt6k1221380k/manifest.json'
For more information check: https://developer.mozilla.org/en-US/docs/Web/HTTP/Status/403",2026-07-17T20:11:00.190945
canardenchaine,bpt6k12213810,,failed,0,0,,http_manifest,known,403,manifest,"Client error '403 ' for url 'https://openapiproext.bnf.fr/iiif/presentation/v3/ark:/12148/bpt6k12213810/manifest.json'
For more information check: https://developer.mozilla.org/en-US/docs/Web/HTTP/Status/403",2026-07-17T20:11:01.338938
canardenchaine,bpt6k1221382d,,failed,0,0,,http_manifest,known,403,manifest,"Client error '403 ' for url 'https://openapiproext.bnf.fr/iiif/presentation/v3/ark:/12148/bpt6k1221382d/manifest.json'
For more information check: https://developer.mozilla.org/en-US/docs/Web/HTTP/Status/403",2026-07-17T20:11:02.366132
canardenchaine,bpt6k1221383t,,failed,0,0,,http_manifest,known,403,manifest,"Client error '403 ' for url 'https://openapiproext.bnf.fr/iiif/presentation/v3/ark:/12148/bpt6k1221383t/manifest.json'
For more information check: https://developer.mozilla.org/en-US/docs/Web/HTTP/Status/403",2026-07-17T20:11:03.508535
canardenchaine,bpt6k12213847,,failed,0,0,,http_manifest,known,403,manifest,"Client error '403 ' for url 'https://openapiproext.bnf.fr/iiif/presentation/v3/ark:/12148/bpt6k12213847/manifest.json'
For more information check: https://developer.mozilla.org/en-US/docs/Web/HTTP/Status/403",2026-07-17T20:11:04.879534
canardenchaine,bpt6k1221385n,,failed,0,0,,http_manifest,known,403,manifest,"Client error '403 ' for url 'https://openapiproext.bnf.fr/iiif/presentation/v3/ark:/12148/bpt6k1221385n/manifest.json'
For more information check: https://developer.mozilla.org/en-US/docs/Web/HTTP/Status/403",2026-07-17T20:11:06.053191
canardenchaine,bpt6k12213862,,failed,0,0,,http_manifest,known,403,manifest,"Client error '403 ' for url 'https://openapiproext.bnf.fr/iiif/presentation/v3/ark:/12148/bpt6k12213862/manifest.json'
For more information check: https://developer.mozilla.org/en-US/docs/Web/HTTP/Status/403",2026-07-17T20:11:07.113107
canardenchaine,bpt6k1221387g,,failed,0,0,,http_manifest,known,403,manifest,"Client error '403 ' for url 'https://openapiproext.bnf.fr/iiif/presentation/v3/ark:/12148/bpt6k1221387g/manifest.json'
For more information check: https://developer.mozilla.org/en-US/docs/Web/HTTP/Status/403",2026-07-17T20:11:08.312327
canardenchaine,bpt6k1221388w,,failed,0,0,,http_manifest,known,403,manifest,"Client error '403 ' for url 'https://openapiproext.bnf.fr/iiif/presentation/v3/ark:/12148/bpt6k1221388w/manifest.json'
For more information check: https://developer.mozilla.org/en-US/docs/Web/HTTP/Status/403",2026-07-17T20:11:09.851911
canardenchaine,bpt6k12213899,,failed,0,0,,http_manifest,known,403,manifest,"Client error '403 ' for url 'https://openapiproext.bnf.fr/iiif/presentation/v3/ark:/12148/bpt6k12213899/manifest.json'
For more information check: https://developer.mozilla.org/en-US/docs/Web/HTTP/Status/403",2026-07-17T20:11:10.717720
canardenchaine,bpt6k1221390z,,failed,0,0,,http_manifest,known,403,manifest,"Client error '403 ' for url 'https://openapiproext.bnf.fr/iiif/presentation/v3/ark:/12148/bpt6k1221390z/manifest.json'
For more information check: https://developer.mozilla.org/en-US/docs/Web/HTTP/Status/403",2026-07-17T20:11:11.923074
canardenchaine,bpt6k1221391c,,failed,0,0,,http_manifest,known,403,manifest,"Client error '403 ' for url 'https://openapiproext.bnf.fr/iiif/presentation/v3/ark:/12148/bpt6k1221391c/manifest.json'
For more information check: https://developer.mozilla.org/en-US/docs/Web/HTTP/Status/403",2026-07-17T20:11:13.118141
canardenchaine,bpt6k1221392s,,failed,0,0,,http_manifest,known,403,manifest,"Client error '403 ' for url 'https://openapiproext.bnf.fr/iiif/presentation/v3/ark:/12148/bpt6k1221392s/manifest.json'
For more information check: https://developer.mozilla.org/en-US/docs/Web/HTTP/Status/403",2026-07-17T20:11:14.473949
canardenchaine,bpt6k12213936,,failed,0,0,,http_manifest,known,403,manifest,"Client error '403 ' for url 'https://openapiproext.bnf.fr/iiif/presentation/v3/ark:/12148/bpt6k12213936/manifest.json'
For more information check: https://developer.mozilla.org/en-US/docs/Web/HTTP/Status/403",2026-07-17T20:11:15.726463
canardenchaine,bpt6k1221394m,,failed,0,0,,http_manifest,known,403,manifest,"Client error '403 ' for url 'https://openapiproext.bnf.fr/iiif/presentation/v3/ark:/12148/bpt6k1221394m/manifest.json'
For more information check: https://developer.mozilla.org/en-US/docs/Web/HTTP/Status/403",2026-07-17T20:11:16.723007
canardenchaine,bpt6k12213951,,failed,0,0,,http_manifest,known,403,manifest,"Client error '403 ' for url 'https://openapiproext.bnf.fr/iiif/presentation/v3/ark:/12148/bpt6k12213951/manifest.json'
For more information check: https://developer.mozilla.org/en-US/docs/Web/HTTP/Status/403",2026-07-17T20:11:17.923975
canardenchaine,bpt6k1221396f,,failed,0,0,,http_manifest,known,403,manifest,"Client error '403 ' for url 'https://openapiproext.bnf.fr/iiif/presentation/v3/ark:/12148/bpt6k1221396f/manifest.json'
For more information check: https://developer.mozilla.org/en-US/docs/Web/HTTP/Status/403",2026-07-17T20:11:19.127946
canardenchaine,bpt6k1221397v,,failed,0,0,,http_manifest,known,403,manifest,"Client error '403 ' for url 'https://openapiproext.bnf.fr/iiif/presentation/v3/ark:/12148/bpt6k1221397v/manifest.json'
For more information check: https://developer.mozilla.org/en-US/docs/Web/HTTP/Status/403",2026-07-17T20:11:20.329625
canardenchaine,bpt6k12213988,,failed,0,0,,http_manifest,known,403,manifest,"Client error '403 ' for url 'https://openapiproext.bnf.fr/iiif/presentation/v3/ark:/12148/bpt6k12213988/manifest.json'
For more information check: https://developer.mozilla.org/en-US/docs/Web/HTTP/Status/403",2026-07-17T20:11:21.537550
canardenchaine,bpt6k1221399p,,failed,0,0,,http_manifest,known,403,manifest,"Client error '403 ' for url 'https://openapiproext.bnf.fr/iiif/presentation/v3/ark:/12148/bpt6k1221399p/manifest.json'
For more information check: https://developer.mozilla.org/en-US/docs/Web/HTTP/Status/403",2026-07-17T20:11:22.726956
canardenchaine,bpt6k1221400w,,failed,0,0,,http_manifest,known,403,manifest,"Client error '403 ' for url 'https://openapiproext.bnf.fr/iiif/presentation/v3/ark:/12148/bpt6k1221400w/manifest.json'
For more information check: https://developer.mozilla.org/en-US/docs/Web/HTTP/Status/403",2026-07-17T20:11:23.931742
canardenchaine,bpt6k12214019,,failed,0,0,,http_manifest,known,403,manifest,"Client error '403 ' for url 'https://openapiproext.bnf.fr/iiif/presentation/v3/ark:/12148/bpt6k12214019/manifest.json'
For more information check: https://developer.mozilla.org/en-US/docs/Web/HTTP/Status/403",2026-07-17T20:11:25.134885
canardenchaine,bpt6k1221402q,,failed,0,0,,http_manifest,known,403,manifest,"Client error '403 ' for url 'https://openapiproext.bnf.fr/iiif/presentation/v3/ark:/12148/bpt6k1221402q/manifest.json'
For more information check: https://developer.mozilla.org/en-US/docs/Web/HTTP/Status/403",2026-07-17T20:11:26.334039
canardenchaine,bpt6k1224976p,,failed,0,0,,http_manifest,known,403,manifest,"Client error '403 ' for url 'https://openapiproext.bnf.fr/iiif/presentation/v3/ark:/12148/bpt6k1224976p/manifest.json'
For more information check: https://developer.mozilla.org/en-US/docs/Web/HTTP/Status/403",2026-07-17T20:11:27.569381
canardenchaine,bpt6k12214034,,failed,0,0,,http_manifest,known,403,manifest,"Client error '403 ' for url 'https://openapiproext.bnf.fr/iiif/presentation/v3/ark:/12148/bpt6k12214034/manifest.json'
For more information check: https://developer.mozilla.org/en-US/docs/Web/HTTP/Status/403",2026-07-17T20:11:28.740496
canardenchaine,bpt6k1221404j,,failed,0,0,,http_manifest,known,403,manifest,"Client error '403 ' for url 'https://openapiproext.bnf.fr/iiif/presentation/v3/ark:/12148/bpt6k1221404j/manifest.json'
For more information check: https://developer.mozilla.org/en-US/docs/Web/HTTP/Status/403",2026-07-17T20:11:29.941045
canardenchaine,bpt6k1221405z,,failed,0,0,,http_manifest,known,403,manifest,"Client error '403 ' for url 'https://openapiproext.bnf.fr/iiif/presentation/v3/ark:/12148/bpt6k1221405z/manifest.json'
For more information check: https://developer.mozilla.org/en-US/docs/Web/HTTP/Status/403",2026-07-17T20:11:31.143692
canardenchaine,bpt6k1221406c,,failed,0,0,,http_manifest,known,403,manifest,"Client error '403 ' for url 'https://openapiproext.bnf.fr/iiif/presentation/v3/ark:/12148/bpt6k1221406c/manifest.json'
For more information check: https://developer.mozilla.org/en-US/docs/Web/HTTP/Status/403",2026-07-17T20:11:32.345352
canardenchaine,bpt6k1221407s,,failed,0,0,,http_manifest,known,403,manifest,"Client error '403 ' for url 'https://openapiproext.bnf.fr/iiif/presentation/v3/ark:/12148/bpt6k1221407s/manifest.json'
For more information check: https://developer.mozilla.org/en-US/docs/Web/HTTP/Status/403",2026-07-17T20:11:33.546729
canardenchaine,bpt6k12214086,,failed,0,0,,http_manifest,known,403,manifest,"Client error '403 ' for url 'https://openapiproext.bnf.fr/iiif/presentation/v3/ark:/12148/bpt6k12214086/manifest.json'
For more information check: https://developer.mozilla.org/en-US/docs/Web/HTTP/Status/403",2026-07-17T20:11:34.747359
canardenchaine,bpt6k1221409m,,failed,0,0,,http_manifest,known,403,manifest,"Client error '403 ' for url 'https://openapiproext.bnf.fr/iiif/presentation/v3/ark:/12148/bpt6k1221409m/manifest.json'
For more information check: https://developer.mozilla.org/en-US/docs/Web/HTTP/Status/403",2026-07-17T20:11:35.950859
canardenchaine,bpt6k12214108,,failed,0,0,,http_manifest,known,403,manifest,"Client error '403 ' for url 'https://openapiproext.bnf.fr/iiif/presentation/v3/ark:/12148/bpt6k12214108/manifest.json'
For more information check: https://developer.mozilla.org/en-US/docs/Web/HTTP/Status/403",2026-07-17T20:11:37.161873
canardenchaine,bpt6k1221411p,,failed,0,0,,http_manifest,known,403,manifest,"Client error '403 ' for url 'https://openapiproext.bnf.fr/iiif/presentation/v3/ark:/12148/bpt6k1221411p/manifest.json'
For more information check: https://developer.mozilla.org/en-US/docs/Web/HTTP/Status/403",2026-07-17T20:11:38.354672
canardenchaine,bpt6k12214123,,failed,0,0,,http_manifest,known,403,manifest,"Client error '403 ' for url 'https://openapiproext.bnf.fr/iiif/presentation/v3/ark:/12148/bpt6k12214123/manifest.json'
For more information check: https://developer.mozilla.org/en-US/docs/Web/HTTP/Status/403",2026-07-17T20:11:39.573469
canardenchaine,bpt6k1221413h,,failed,0,0,,http_manifest,known,403,manifest,"Client error '403 ' for url 'https://openapiproext.bnf.fr/iiif/presentation/v3/ark:/12148/bpt6k1221413h/manifest.json'
For more information check: https://developer.mozilla.org/en-US/docs/Web/HTTP/Status/403",2026-07-17T20:11:40.767160
canardenchaine,bpt6k1221414x,,failed,0,0,,http_manifest,known,403,manifest,"Client error '403 ' for url 'https://openapiproext.bnf.fr/iiif/presentation/v3/ark:/12148/bpt6k1221414x/manifest.json'
For more information check: https://developer.mozilla.org/en-US/docs/Web/HTTP/Status/403",2026-07-17T20:11:41.965712
canardenchaine,bpt6k1221415b,,failed,0,0,,http_manifest,known,403,manifest,"Client error '403 ' for url 'https://openapiproext.bnf.fr/iiif/presentation/v3/ark:/12148/bpt6k1221415b/manifest.json'
For more information check: https://developer.mozilla.org/en-US/docs/Web/HTTP/Status/403",2026-07-17T20:11:43.161311
canardenchaine,bpt6k1221416r,,failed,0,0,,http_manifest,known,403,manifest,"Client error '403 ' for url 'https://openapiproext.bnf.fr/iiif/presentation/v3/ark:/12148/bpt6k1221416r/manifest.json'
For more information check: https://developer.mozilla.org/en-US/docs/Web/HTTP/Status/403",2026-07-17T20:11:44.362595
canardenchaine,bpt6k12214175,,failed,0,0,,http_manifest,known,403,manifest,"Client error '403 ' for url 'https://openapiproext.bnf.fr/iiif/presentation/v3/ark:/12148/bpt6k12214175/manifest.json'
For more information check: https://developer.mozilla.org/en-US/docs/Web/HTTP/Status/403",2026-07-17T20:11:45.588753
canardenchaine,bpt6k1221418k,,failed,0,0,,http_manifest,known,403,manifest,"Client error '403 ' for url 'https://openapiproext.bnf.fr/iiif/presentation/v3/ark:/12148/bpt6k1221418k/manifest.json'
For more information check: https://developer.mozilla.org/en-US/docs/Web/HTTP/Status/403",2026-07-17T20:11:46.810035
canardenchaine,bpt6k12214190,,failed,0,0,,http_manifest,known,403,manifest,"Client error '403 ' for url 'https://openapiproext.bnf.fr/iiif/presentation/v3/ark:/12148/bpt6k12214190/manifest.json'
For more information check: https://developer.mozilla.org/en-US/docs/Web/HTTP/Status/403",2026-07-17T20:11:47.967868
canardenchaine,bpt6k1221420n,,failed,0,0,,http_manifest,known,403,manifest,"Client error '403 ' for url 'https://openapiproext.bnf.fr/iiif/presentation/v3/ark:/12148/bpt6k1221420n/manifest.json'
For more information check: https://developer.mozilla.org/en-US/docs/Web/HTTP/Status/403",2026-07-17T20:11:49.170212
canardenchaine,bpt6k12214212,,failed,0,0,,http_manifest,known,403,manifest,"Client error '403 ' for url 'https://openapiproext.bnf.fr/iiif/presentation/v3/ark:/12148/bpt6k12214212/manifest.json'
For more information check: https://developer.mozilla.org/en-US/docs/Web/HTTP/Status/403",2026-07-17T20:11:50.369439
canardenchaine,bpt6k1221422g,,failed,0,0,,http_manifest,known,403,manifest,"Client error '403 ' for url 'https://openapiproext.bnf.fr/iiif/presentation/v3/ark:/12148/bpt6k1221422g/manifest.json'
For more information check: https://developer.mozilla.org/en-US/docs/Web/HTTP/Status/403",2026-07-17T20:11:51.569822
canardenchaine,bpt6k1221423w,,failed,0,0,,http_manifest,known,403,manifest,"Client error '403 ' for url 'https://openapiproext.bnf.fr/iiif/presentation/v3/ark:/12148/bpt6k1221423w/manifest.json'
For more information check: https://developer.mozilla.org/en-US/docs/Web/HTTP/Status/403",2026-07-17T20:11:52.795689
canardenchaine,bpt6k12214249,,failed,0,0,,http_manifest,known,403,manifest,"Client error '403 ' for url 'https://openapiproext.bnf.fr/iiif/presentation/v3/ark:/12148/bpt6k12214249/manifest.json'
For more information check: https://developer.mozilla.org/en-US/docs/Web/HTTP/Status/403",2026-07-17T20:11:53.976815
canardenchaine,bpt6k1221425q,,failed,0,0,,http_manifest,known,403,manifest,"Client error '403 ' for url 'https://openapiproext.bnf.fr/iiif/presentation/v3/ark:/12148/bpt6k1221425q/manifest.json'
For more information check: https://developer.mozilla.org/en-US/docs/Web/HTTP/Status/403",2026-07-17T20:11:55.174027
canardenchaine,bpt6k12214264,,failed,0,0,,http_manifest,known,403,manifest,"Client error '403 ' for url 'https://openapiproext.bnf.fr/iiif/presentation/v3/ark:/12148/bpt6k12214264/manifest.json'
For more information check: https://developer.mozilla.org/en-US/docs/Web/HTTP/Status/403",2026-07-17T20:11:56.374728
canardenchaine,bpt6k1221427j,,failed,0,0,,http_manifest,known,403,manifest,"Client error '403 ' for url 'https://openapiproext.bnf.fr/iiif/presentation/v3/ark:/12148/bpt6k1221427j/manifest.json'
For more information check: https://developer.mozilla.org/en-US/docs/Web/HTTP/Status/403",2026-07-17T20:11:57.578083
canardenchaine,bpt6k1221428z,,failed,0,0,,http_manifest,known,403,manifest,"Client error '403 ' for url 'https://openapiproext.bnf.fr/iiif/presentation/v3/ark:/12148/bpt6k1221428z/manifest.json'
For more information check: https://developer.mozilla.org/en-US/docs/Web/HTTP/Status/403",2026-07-17T20:11:58.880605
canardenchaine,bpt6k1221429c,,failed,0,0,,http_manifest,known,403,manifest,"Client error '403 ' for url 'https://openapiproext.bnf.fr/iiif/presentation/v3/ark:/12148/bpt6k1221429c/manifest.json'
For more information check: https://developer.mozilla.org/en-US/docs/Web/HTTP/Status/403",2026-07-17T20:11:59.981812
canardenchaine,bpt6k1221480x,,failed,0,0,,http_manifest,known,403,manifest,"Client error '403 ' for url 'https://openapiproext.bnf.fr/iiif/presentation/v3/ark:/12148/bpt6k1221480x/manifest.json'
For more information check: https://developer.mozilla.org/en-US/docs/Web/HTTP/Status/403",2026-07-17T20:12:01.191753
canardenchaine,bpt6k1221481b,,failed,0,0,,http_manifest,known,403,manifest,"Client error '403 ' for url 'https://openapiproext.bnf.fr/iiif/presentation/v3/ark:/12148/bpt6k1221481b/manifest.json'
For more information check: https://developer.mozilla.org/en-US/docs/Web/HTTP/Status/403",2026-07-17T20:12:02.484682
canardenchaine,bpt6k1221482r,,failed,0,0,,http_manifest,known,403,manifest,"Client error '403 ' for url 'https://openapiproext.bnf.fr/iiif/presentation/v3/ark:/12148/bpt6k1221482r/manifest.json'
For more information check: https://developer.mozilla.org/en-US/docs/Web/HTTP/Status/403",2026-07-17T20:12:03.850983
canardenchaine,bpt6k12214835,,failed,0,0,,http_manifest,known,403,manifest,"Client error '403 ' for url 'https://openapiproext.bnf.fr/iiif/presentation/v3/ark:/12148/bpt6k12214835/manifest.json'
For more information check: https://developer.mozilla.org/en-US/docs/Web/HTTP/Status/403",2026-07-17T20:12:05.068518
canardenchaine,bpt6k1221484k,,failed,0,0,,http_manifest,known,403,manifest,"Client error '403 ' for url 'https://openapiproext.bnf.fr/iiif/presentation/v3/ark:/12148/bpt6k1221484k/manifest.json'
For more information check: https://developer.mozilla.org/en-US/docs/Web/HTTP/Status/403",2026-07-17T20:12:06.045297
canardenchaine,bpt6k12214850,,failed,0,0,,http_manifest,known,403,manifest,"Client error '403 ' for url 'https://openapiproext.bnf.fr/iiif/presentation/v3/ark:/12148/bpt6k12214850/manifest.json'
For more information check: https://developer.mozilla.org/en-US/docs/Web/HTTP/Status/403",2026-07-17T20:12:07.191774
canardenchaine,bpt6k1221486d,,failed,0,0,,http_manifest,known,403,manifest,"Client error '403 ' for url 'https://openapiproext.bnf.fr/iiif/presentation/v3/ark:/12148/bpt6k1221486d/manifest.json'
For more information check: https://developer.mozilla.org/en-US/docs/Web/HTTP/Status/403",2026-07-17T20:12:08.390337
canardenchaine,bpt6k1221487t,,failed,0,0,,http_manifest,known,403,manifest,"Client error '403 ' for url 'https://openapiproext.bnf.fr/iiif/presentation/v3/ark:/12148/bpt6k1221487t/manifest.json'
For more information check: https://developer.mozilla.org/en-US/docs/Web/HTTP/Status/403",2026-07-17T20:12:09.635886
canardenchaine,bpt6k12214887,,failed,0,0,,http_manifest,known,403,manifest,"Client error '403 ' for url 'https://openapiproext.bnf.fr/iiif/presentation/v3/ark:/12148/bpt6k12214887/manifest.json'
For more information check: https://developer.mozilla.org/en-US/docs/Web/HTTP/Status/403",2026-07-17T20:12:10.803828
canardenchaine,bpt6k1221489n,,failed,0,0,,http_manifest,known,403,manifest,"Client error '403 ' for url 'https://openapiproext.bnf.fr/iiif/presentation/v3/ark:/12148/bpt6k1221489n/manifest.json'
For more information check: https://developer.mozilla.org/en-US/docs/Web/HTTP/Status/403",2026-07-17T20:12:12.221459
canardenchaine,bpt6k12214909,,failed,0,0,,http_manifest,known,403,manifest,"Client error '403 ' for url 'https://openapiproext.bnf.fr/iiif/presentation/v3/ark:/12148/bpt6k12214909/manifest.json'
For more information check: https://developer.mozilla.org/en-US/docs/Web/HTTP/Status/403",2026-07-17T20:12:13.357754
canardenchaine,bpt6k1221491q,,failed,0,0,,http_manifest,known,403,manifest,"Client error '403 ' for url 'https://openapiproext.bnf.fr/iiif/presentation/v3/ark:/12148/bpt6k1221491q/manifest.json'
For more information check: https://developer.mozilla.org/en-US/docs/Web/HTTP/Status/403",2026-07-17T20:12:14.468011
canardenchaine,bpt6k12214924,,failed,0,0,,http_manifest,known,403,manifest,"Client error '403 ' for url 'https://openapiproext.bnf.fr/iiif/presentation/v3/ark:/12148/bpt6k12214924/manifest.json'
For more information check: https://developer.mozilla.org/en-US/docs/Web/HTTP/Status/403",2026-07-17T20:12:15.658484
canardenchaine,bpt6k1221493j,,failed,0,0,,http_manifest,known,403,manifest,"Client error '403 ' for url 'https://openapiproext.bnf.fr/iiif/presentation/v3/ark:/12148/bpt6k1221493j/manifest.json'
For more information check: https://developer.mozilla.org/en-US/docs/Web/HTTP/Status/403",2026-07-17T20:12:16.876496
canardenchaine,bpt6k1221494z,,failed,0,0,,http_manifest,known,403,manifest,"Client error '403 ' for url 'https://openapiproext.bnf.fr/iiif/presentation/v3/ark:/12148/bpt6k1221494z/manifest.json'
For more information check: https://developer.mozilla.org/en-US/docs/Web/HTTP/Status/403",2026-07-17T20:12:18.007179
canardenchaine,bpt6k1221495c,,failed,0,0,,http_manifest,known,403,manifest,"Client error '403 ' for url 'https://openapiproext.bnf.fr/iiif/presentation/v3/ark:/12148/bpt6k1221495c/manifest.json'
For more information check: https://developer.mozilla.org/en-US/docs/Web/HTTP/Status/403",2026-07-17T20:12:19.206132
canardenchaine,bpt6k1221496s,,failed,0,0,,http_manifest,known,403,manifest,"Client error '403 ' for url 'https://openapiproext.bnf.fr/iiif/presentation/v3/ark:/12148/bpt6k1221496s/manifest.json'
For more information check: https://developer.mozilla.org/en-US/docs/Web/HTTP/Status/403",2026-07-17T20:12:20.409095
canardenchaine,bpt6k12214976,,failed,0,0,,http_manifest,known,403,manifest,"Client error '403 ' for url 'https://openapiproext.bnf.fr/iiif/presentation/v3/ark:/12148/bpt6k12214976/manifest.json'
For more information check: https://developer.mozilla.org/en-US/docs/Web/HTTP/Status/403",2026-07-17T20:12:21.613492
canardenchaine,bpt6k1221498m,,failed,0,0,,http_manifest,known,403,manifest,"Client error '403 ' for url 'https://openapiproext.bnf.fr/iiif/presentation/v3/ark:/12148/bpt6k1221498m/manifest.json'
For more information check: https://developer.mozilla.org/en-US/docs/Web/HTTP/Status/403",2026-07-17T20:12:22.833624
canardenchaine,bpt6k12214991,,failed,0,0,,http_manifest,known,403,manifest,"Client error '403 ' for url 'https://openapiproext.bnf.fr/iiif/presentation/v3/ark:/12148/bpt6k12214991/manifest.json'
For more information check: https://developer.mozilla.org/en-US/docs/Web/HTTP/Status/403",2026-07-17T20:12:24.012774
canardenchaine,bpt6k12215007,,failed,0,0,,http_manifest,known,403,manifest,"Client error '403 ' for url 'https://openapiproext.bnf.fr/iiif/presentation/v3/ark:/12148/bpt6k12215007/manifest.json'
For more information check: https://developer.mozilla.org/en-US/docs/Web/HTTP/Status/403",2026-07-17T20:12:25.216947
canardenchaine,bpt6k1221501n,,failed,0,0,,http_manifest,known,403,manifest,"Client error '403 ' for url 'https://openapiproext.bnf.fr/iiif/presentation/v3/ark:/12148/bpt6k1221501n/manifest.json'
For more information check: https://developer.mozilla.org/en-US/docs/Web/HTTP/Status/403",2026-07-17T20:12:26.420699
canardenchaine,bpt6k12215022,,failed,0,0,,http_manifest,known,403,manifest,"Client error '403 ' for url 'https://openapiproext.bnf.fr/iiif/presentation/v3/ark:/12148/bpt6k12215022/manifest.json'
For more information check: https://developer.mozilla.org/en-US/docs/Web/HTTP/Status/403",2026-07-17T20:12:27.619649
canardenchaine,bpt6k1221503g,,failed,0,0,,http_manifest,known,403,manifest,"Client error '403 ' for url 'https://openapiproext.bnf.fr/iiif/presentation/v3/ark:/12148/bpt6k1221503g/manifest.json'
For more information check: https://developer.mozilla.org/en-US/docs/Web/HTTP/Status/403",2026-07-17T20:12:28.828686
canardenchaine,bpt6k1221504w,,failed,0,0,,http_manifest,known,403,manifest,"Client error '403 ' for url 'https://openapiproext.bnf.fr/iiif/presentation/v3/ark:/12148/bpt6k1221504w/manifest.json'
For more information check: https://developer.mozilla.org/en-US/docs/Web/HTTP/Status/403",2026-07-17T20:12:30.021357
canardenchaine,bpt6k12215059,,failed,0,0,,http_manifest,known,403,manifest,"Client error '403 ' for url 'https://openapiproext.bnf.fr/iiif/presentation/v3/ark:/12148/bpt6k12215059/manifest.json'
For more information check: https://developer.mozilla.org/en-US/docs/Web/HTTP/Status/403",2026-07-17T20:12:31.221098
canardenchaine,bpt6k1221506q,,failed,0,0,,http_manifest,known,403,manifest,"Client error '403 ' for url 'https://openapiproext.bnf.fr/iiif/presentation/v3/ark:/12148/bpt6k1221506q/manifest.json'
For more information check: https://developer.mozilla.org/en-US/docs/Web/HTTP/Status/403",2026-07-17T20:12:32.422130
canardenchaine,bpt6k12215074,,failed,0,0,,http_manifest,known,403,manifest,"Client error '403 ' for url 'https://openapiproext.bnf.fr/iiif/presentation/v3/ark:/12148/bpt6k12215074/manifest.json'
For more information check: https://developer.mozilla.org/en-US/docs/Web/HTTP/Status/403",2026-07-17T20:12:33.626267
canardenchaine,bpt6k1221508j,,failed,0,0,,http_manifest,known,403,manifest,"Client error '403 ' for url 'https://openapiproext.bnf.fr/iiif/presentation/v3/ark:/12148/bpt6k1221508j/manifest.json'
For more information check: https://developer.mozilla.org/en-US/docs/Web/HTTP/Status/403",2026-07-17T20:12:34.849627
canardenchaine,bpt6k1221509z,,failed,0,0,,http_manifest,known,403,manifest,"Client error '403 ' for url 'https://openapiproext.bnf.fr/iiif/presentation/v3/ark:/12148/bpt6k1221509z/manifest.json'
For more information check: https://developer.mozilla.org/en-US/docs/Web/HTTP/Status/403",2026-07-17T20:12:36.027632
canardenchaine,bpt6k1221510m,,failed,0,0,,http_manifest,known,403,manifest,"Client error '403 ' for url 'https://openapiproext.bnf.fr/iiif/presentation/v3/ark:/12148/bpt6k1221510m/manifest.json'
For more information check: https://developer.mozilla.org/en-US/docs/Web/HTTP/Status/403",2026-07-17T20:12:37.232626
canardenchaine,bpt6k12215111,,failed,0,0,,http_manifest,known,403,manifest,"Client error '403 ' for url 'https://openapiproext.bnf.fr/iiif/presentation/v3/ark:/12148/bpt6k12215111/manifest.json'
For more information check: https://developer.mozilla.org/en-US/docs/Web/HTTP/Status/403",2026-07-17T20:12:38.436008
canardenchaine,bpt6k1221512f,,failed,0,0,,http_manifest,known,403,manifest,"Client error '403 ' for url 'https://openapiproext.bnf.fr/iiif/presentation/v3/ark:/12148/bpt6k1221512f/manifest.json'
For more information check: https://developer.mozilla.org/en-US/docs/Web/HTTP/Status/403",2026-07-17T20:12:39.639066
canardenchaine,bpt6k1221513v,,failed,0,0,,http_manifest,known,403,manifest,"Client error '403 ' for url 'https://openapiproext.bnf.fr/iiif/presentation/v3/ark:/12148/bpt6k1221513v/manifest.json'
For more information check: https://developer.mozilla.org/en-US/docs/Web/HTTP/Status/403",2026-07-17T20:12:40.836087
canardenchaine,bpt6k12215148,,failed,0,0,,http_manifest,known,403,manifest,"Client error '403 ' for url 'https://openapiproext.bnf.fr/iiif/presentation/v3/ark:/12148/bpt6k12215148/manifest.json'
For more information check: https://developer.mozilla.org/en-US/docs/Web/HTTP/Status/403",2026-07-17T20:12:42.041702
canardenchaine,bpt6k1221515p,,failed,0,0,,http_manifest,known,403,manifest,"Client error '403 ' for url 'https://openapiproext.bnf.fr/iiif/presentation/v3/ark:/12148/bpt6k1221515p/manifest.json'
For more information check: https://developer.mozilla.org/en-US/docs/Web/HTTP/Status/403",2026-07-17T20:12:43.238229
canardenchaine,bpt6k12215163,,failed,0,0,,http_manifest,known,403,manifest,"Client error '403 ' for url 'https://openapiproext.bnf.fr/iiif/presentation/v3/ark:/12148/bpt6k12215163/manifest.json'
For more information check: https://developer.mozilla.org/en-US/docs/Web/HTTP/Status/403",2026-07-17T20:12:44.438677
canardenchaine,bpt6k1221517h,,failed,0,0,,http_manifest,known,403,manifest,"Client error '403 ' for url 'https://openapiproext.bnf.fr/iiif/presentation/v3/ark:/12148/bpt6k1221517h/manifest.json'
For more information check: https://developer.mozilla.org/en-US/docs/Web/HTTP/Status/403",2026-07-17T20:12:45.639174
canardenchaine,bpt6k1221518x,,failed,0,0,,http_manifest,known,403,manifest,"Client error '403 ' for url 'https://openapiproext.bnf.fr/iiif/presentation/v3/ark:/12148/bpt6k1221518x/manifest.json'
For more information check: https://developer.mozilla.org/en-US/docs/Web/HTTP/Status/403",2026-07-17T20:12:46.865525
canardenchaine,bpt6k1221519b,,failed,0,0,,http_manifest,known,403,manifest,"Client error '403 ' for url 'https://openapiproext.bnf.fr/iiif/presentation/v3/ark:/12148/bpt6k1221519b/manifest.json'
For more information check: https://developer.mozilla.org/en-US/docs/Web/HTTP/Status/403",2026-07-17T20:12:48.045544
canardenchaine,bpt6k12215200,,failed,0,0,,http_manifest,known,403,manifest,"Client error '403 ' for url 'https://openapiproext.bnf.fr/iiif/presentation/v3/ark:/12148/bpt6k12215200/manifest.json'
For more information check: https://developer.mozilla.org/en-US/docs/Web/HTTP/Status/403",2026-07-17T20:12:49.240874
canardenchaine,bpt6k1221521d,,failed,0,0,,http_manifest,known,403,manifest,"Client error '403 ' for url 'https://openapiproext.bnf.fr/iiif/presentation/v3/ark:/12148/bpt6k1221521d/manifest.json'
For more information check: https://developer.mozilla.org/en-US/docs/Web/HTTP/Status/403",2026-07-17T20:12:50.443849
canardenchaine,bpt6k1221522t,,failed,0,0,,http_manifest,known,403,manifest,"Client error '403 ' for url 'https://openapiproext.bnf.fr/iiif/presentation/v3/ark:/12148/bpt6k1221522t/manifest.json'
For more information check: https://developer.mozilla.org/en-US/docs/Web/HTTP/Status/403",2026-07-17T20:12:51.660877
canardenchaine,bpt6k12215237,,failed,0,0,,http_manifest,known,403,manifest,"Client error '403 ' for url 'https://openapiproext.bnf.fr/iiif/presentation/v3/ark:/12148/bpt6k12215237/manifest.json'
For more information check: https://developer.mozilla.org/en-US/docs/Web/HTTP/Status/403",2026-07-17T20:12:52.880157
canardenchaine,bpt6k1221524n,,failed,0,0,,http_manifest,known,403,manifest,"Client error '403 ' for url 'https://openapiproext.bnf.fr/iiif/presentation/v3/ark:/12148/bpt6k1221524n/manifest.json'
For more information check: https://developer.mozilla.org/en-US/docs/Web/HTTP/Status/403",2026-07-17T20:12:54.075015
canardenchaine,bpt6k12215252,,failed,0,0,,http_manifest,known,403,manifest,"Client error '403 ' for url 'https://openapiproext.bnf.fr/iiif/presentation/v3/ark:/12148/bpt6k12215252/manifest.json'
For more information check: https://developer.mozilla.org/en-US/docs/Web/HTTP/Status/403",2026-07-17T20:12:55.260580
canardenchaine,bpt6k1221526g,,failed,0,0,,http_manifest,known,403,manifest,"Client error '403 ' for url 'https://openapiproext.bnf.fr/iiif/presentation/v3/ark:/12148/bpt6k1221526g/manifest.json'
For more information check: https://developer.mozilla.org/en-US/docs/Web/HTTP/Status/403",2026-07-17T20:12:56.456638
canardenchaine,bpt6k1221527w,,failed,0,0,,http_manifest,known,403,manifest,"Client error '403 ' for url 'https://openapiproext.bnf.fr/iiif/presentation/v3/ark:/12148/bpt6k1221527w/manifest.json'
For more information check: https://developer.mozilla.org/en-US/docs/Web/HTTP/Status/403",2026-07-17T20:12:57.689051
canardenchaine,bpt6k12215289,,failed,0,0,,http_manifest,known,403,manifest,"Client error '403 ' for url 'https://openapiproext.bnf.fr/iiif/presentation/v3/ark:/12148/bpt6k12215289/manifest.json'
For more information check: https://developer.mozilla.org/en-US/docs/Web/HTTP/Status/403",2026-07-17T20:12:58.854383
canardenchaine,bpt6k1221529q,,failed,0,0,,http_manifest,known,403,manifest,"Client error '403 ' for url 'https://openapiproext.bnf.fr/iiif/presentation/v3/ark:/12148/bpt6k1221529q/manifest.json'
For more information check: https://developer.mozilla.org/en-US/docs/Web/HTTP/Status/403",2026-07-17T20:13:00.053093
canardenchaine,bpt6k1221530c,,failed,0,0,,http_manifest,known,403,manifest,"Client error '403 ' for url 'https://openapiproext.bnf.fr/iiif/presentation/v3/ark:/12148/bpt6k1221530c/manifest.json'
For more information check: https://developer.mozilla.org/en-US/docs/Web/HTTP/Status/403",2026-07-17T20:13:01.263826
canardenchaine,bpt6k1221531s,,failed,0,0,,http_manifest,known,403,manifest,"Client error '403 ' for url 'https://openapiproext.bnf.fr/iiif/presentation/v3/ark:/12148/bpt6k1221531s/manifest.json'
For more information check: https://developer.mozilla.org/en-US/docs/Web/HTTP/Status/403",2026-07-17T20:13:02.459321
canardenchaine,bpt6k12218876,,failed,0,0,,http_manifest,known,403,manifest,"Client error '403 ' for url 'https://openapiproext.bnf.fr/iiif/presentation/v3/ark:/12148/bpt6k12218876/manifest.json'
For more information check: https://developer.mozilla.org/en-US/docs/Web/HTTP/Status/403",2026-07-17T20:13:03.783834
canardenchaine,bpt6k1221888m,,failed,0,0,,http_manifest,known,403,manifest,"Client error '403 ' for url 'https://openapiproext.bnf.fr/iiif/presentation/v3/ark:/12148/bpt6k1221888m/manifest.json'
For more information check: https://developer.mozilla.org/en-US/docs/Web/HTTP/Status/403",2026-07-17T20:13:05.082315
canardenchaine,bpt6k12218891,,failed,0,0,,http_manifest,known,403,manifest,"Client error '403 ' for url 'https://openapiproext.bnf.fr/iiif/presentation/v3/ark:/12148/bpt6k12218891/manifest.json'
For more information check: https://developer.mozilla.org/en-US/docs/Web/HTTP/Status/403",2026-07-17T20:13:06.078378
canardenchaine,bpt6k1221890p,,failed,0,0,,http_manifest,known,403,manifest,"Client error '403 ' for url 'https://openapiproext.bnf.fr/iiif/presentation/v3/ark:/12148/bpt6k1221890p/manifest.json'
For more information check: https://developer.mozilla.org/en-US/docs/Web/HTTP/Status/403",2026-07-17T20:13:07.366979
canardenchaine,bpt6k12218913,,failed,0,0,,http_manifest,known,403,manifest,"Client error '403 ' for url 'https://openapiproext.bnf.fr/iiif/presentation/v3/ark:/12148/bpt6k12218913/manifest.json'
For more information check: https://developer.mozilla.org/en-US/docs/Web/HTTP/Status/403",2026-07-17T20:13:08.469982
canardenchaine,bpt6k1221892h,,failed,0,0,,http_manifest,known,403,manifest,"Client error '403 ' for url 'https://openapiproext.bnf.fr/iiif/presentation/v3/ark:/12148/bpt6k1221892h/manifest.json'
For more information check: https://developer.mozilla.org/en-US/docs/Web/HTTP/Status/403",2026-07-17T20:13:09.841346
canardenchaine,bpt6k1221893x,,failed,0,0,,http_manifest,known,403,manifest,"Client error '403 ' for url 'https://openapiproext.bnf.fr/iiif/presentation/v3/ark:/12148/bpt6k1221893x/manifest.json'
For more information check: https://developer.mozilla.org/en-US/docs/Web/HTTP/Status/403",2026-07-17T20:13:11.125347
canardenchaine,bpt6k1221894b,,failed,0,0,,http_manifest,known,403,manifest,"Client error '403 ' for url 'https://openapiproext.bnf.fr/iiif/presentation/v3/ark:/12148/bpt6k1221894b/manifest.json'
For more information check: https://developer.mozilla.org/en-US/docs/Web/HTTP/Status/403",2026-07-17T20:13:12.107291
canardenchaine,bpt6k1221895r,,failed,0,0,,http_manifest,known,403,manifest,"Client error '403 ' for url 'https://openapiproext.bnf.fr/iiif/presentation/v3/ark:/12148/bpt6k1221895r/manifest.json'
For more information check: https://developer.mozilla.org/en-US/docs/Web/HTTP/Status/403",2026-07-17T20:13:13.359607
canardenchaine,bpt6k12218965,,failed,0,0,,http_manifest,known,403,manifest,"Client error '403 ' for url 'https://openapiproext.bnf.fr/iiif/presentation/v3/ark:/12148/bpt6k12218965/manifest.json'
For more information check: https://developer.mozilla.org/en-US/docs/Web/HTTP/Status/403",2026-07-17T20:13:14.635611
canardenchaine,bpt6k1221897k,,failed,0,0,,http_manifest,known,403,manifest,"Client error '403 ' for url 'https://openapiproext.bnf.fr/iiif/presentation/v3/ark:/12148/bpt6k1221897k/manifest.json'
For more information check: https://developer.mozilla.org/en-US/docs/Web/HTTP/Status/403",2026-07-17T20:13:15.864415
canardenchaine,bpt6k12218980,,failed,0,0,,http_manifest,known,403,manifest,"Client error '403 ' for url 'https://openapiproext.bnf.fr/iiif/presentation/v3/ark:/12148/bpt6k12218980/manifest.json'
For more information check: https://developer.mozilla.org/en-US/docs/Web/HTTP/Status/403",2026-07-17T20:13:17.160962
canardenchaine,bpt6k1221899d,,failed,0,0,,http_manifest,known,403,manifest,"Client error '403 ' for url 'https://openapiproext.bnf.fr/iiif/presentation/v3/ark:/12148/bpt6k1221899d/manifest.json'
For more information check: https://developer.mozilla.org/en-US/docs/Web/HTTP/Status/403",2026-07-17T20:13:18.079260
canardenchaine,bpt6k1221900m,,failed,0,0,,http_manifest,known,403,manifest,"Client error '403 ' for url 'https://openapiproext.bnf.fr/iiif/presentation/v3/ark:/12148/bpt6k1221900m/manifest.json'
For more information check: https://developer.mozilla.org/en-US/docs/Web/HTTP/Status/403",2026-07-17T20:13:19.356005
canardenchaine,bpt6k12219011,,failed,0,0,,http_manifest,known,403,manifest,"Client error '403 ' for url 'https://openapiproext.bnf.fr/iiif/presentation/v3/ark:/12148/bpt6k12219011/manifest.json'
For more information check: https://developer.mozilla.org/en-US/docs/Web/HTTP/Status/403",2026-07-17T20:13:20.482898
canardenchaine,bpt6k1221902f,,failed,0,0,,http_manifest,known,403,manifest,"Client error '403 ' for url 'https://openapiproext.bnf.fr/iiif/presentation/v3/ark:/12148/bpt6k1221902f/manifest.json'
For more information check: https://developer.mozilla.org/en-US/docs/Web/HTTP/Status/403",2026-07-17T20:13:21.686244
canardenchaine,bpt6k1221903v,,failed,0,0,,http_manifest,known,403,manifest,"Client error '403 ' for url 'https://openapiproext.bnf.fr/iiif/presentation/v3/ark:/12148/bpt6k1221903v/manifest.json'
For more information check: https://developer.mozilla.org/en-US/docs/Web/HTTP/Status/403",2026-07-17T20:13:22.911558
canardenchaine,bpt6k12219048,,failed,0,0,,http_manifest,known,403,manifest,"Client error '403 ' for url 'https://openapiproext.bnf.fr/iiif/presentation/v3/ark:/12148/bpt6k12219048/manifest.json'
For more information check: https://developer.mozilla.org/en-US/docs/Web/HTTP/Status/403",2026-07-17T20:13:24.087150
canardenchaine,bpt6k1221905p,,failed,0,0,,http_manifest,known,403,manifest,"Client error '403 ' for url 'https://openapiproext.bnf.fr/iiif/presentation/v3/ark:/12148/bpt6k1221905p/manifest.json'
For more information check: https://developer.mozilla.org/en-US/docs/Web/HTTP/Status/403",2026-07-17T20:13:25.289549
canardenchaine,bpt6k12219063,,failed,0,0,,http_manifest,known,403,manifest,"Client error '403 ' for url 'https://openapiproext.bnf.fr/iiif/presentation/v3/ark:/12148/bpt6k12219063/manifest.json'
For more information check: https://developer.mozilla.org/en-US/docs/Web/HTTP/Status/403",2026-07-17T20:13:26.490112
canardenchaine,bpt6k1221907h,,failed,0,0,,http_manifest,known,403,manifest,"Client error '403 ' for url 'https://openapiproext.bnf.fr/iiif/presentation/v3/ark:/12148/bpt6k1221907h/manifest.json'
For more information check: https://developer.mozilla.org/en-US/docs/Web/HTTP/Status/403",2026-07-17T20:13:27.691659
canardenchaine,bpt6k1221908x,,failed,0,0,,http_manifest,known,403,manifest,"Client error '403 ' for url 'https://openapiproext.bnf.fr/iiif/presentation/v3/ark:/12148/bpt6k1221908x/manifest.json'
For more information check: https://developer.mozilla.org/en-US/docs/Web/HTTP/Status/403",2026-07-17T20:13:28.893696
canardenchaine,bpt6k1221909b,,failed,0,0,,http_manifest,known,403,manifest,"Client error '403 ' for url 'https://openapiproext.bnf.fr/iiif/presentation/v3/ark:/12148/bpt6k1221909b/manifest.json'
For more information check: https://developer.mozilla.org/en-US/docs/Web/HTTP/Status/403",2026-07-17T20:13:30.100128
canardenchaine,bpt6k12219100,,failed,0,0,,http_manifest,known,403,manifest,"Client error '403 ' for url 'https://openapiproext.bnf.fr/iiif/presentation/v3/ark:/12148/bpt6k12219100/manifest.json'
For more information check: https://developer.mozilla.org/en-US/docs/Web/HTTP/Status/403",2026-07-17T20:13:31.298106
canardenchaine,bpt6k1221911d,,failed,0,0,,http_manifest,known,403,manifest,"Client error '403 ' for url 'https://openapiproext.bnf.fr/iiif/presentation/v3/ark:/12148/bpt6k1221911d/manifest.json'
For more information check: https://developer.mozilla.org/en-US/docs/Web/HTTP/Status/403",2026-07-17T20:13:32.497959
canardenchaine,bpt6k1221912t,,failed,0,0,,http_manifest,known,403,manifest,"Client error '403 ' for url 'https://openapiproext.bnf.fr/iiif/presentation/v3/ark:/12148/bpt6k1221912t/manifest.json'
For more information check: https://developer.mozilla.org/en-US/docs/Web/HTTP/Status/403",2026-07-17T20:13:33.697087
canardenchaine,bpt6k12219137,,failed,0,0,,http_manifest,known,403,manifest,"Client error '403 ' for url 'https://openapiproext.bnf.fr/iiif/presentation/v3/ark:/12148/bpt6k12219137/manifest.json'
For more information check: https://developer.mozilla.org/en-US/docs/Web/HTTP/Status/403",2026-07-17T20:13:34.927513
canardenchaine,bpt6k1221914n,,failed,0,0,,http_manifest,known,403,manifest,"Client error '403 ' for url 'https://openapiproext.bnf.fr/iiif/presentation/v3/ark:/12148/bpt6k1221914n/manifest.json'
For more information check: https://developer.mozilla.org/en-US/docs/Web/HTTP/Status/403",2026-07-17T20:13:36.102973
canardenchaine,bpt6k12219152,,failed,0,0,,http_manifest,known,403,manifest,"Client error '403 ' for url 'https://openapiproext.bnf.fr/iiif/presentation/v3/ark:/12148/bpt6k12219152/manifest.json'
For more information check: https://developer.mozilla.org/en-US/docs/Web/HTTP/Status/403",2026-07-17T20:13:37.306128
canardenchaine,bpt6k1221916g,,failed,0,0,,http_manifest,known,403,manifest,"Client error '403 ' for url 'https://openapiproext.bnf.fr/iiif/presentation/v3/ark:/12148/bpt6k1221916g/manifest.json'
For more information check: https://developer.mozilla.org/en-US/docs/Web/HTTP/Status/403",2026-07-17T20:13:38.506817
canardenchaine,bpt6k1221917w,,failed,0,0,,http_manifest,known,403,manifest,"Client error '403 ' for url 'https://openapiproext.bnf.fr/iiif/presentation/v3/ark:/12148/bpt6k1221917w/manifest.json'
For more information check: https://developer.mozilla.org/en-US/docs/Web/HTTP/Status/403",2026-07-17T20:13:39.704865
canardenchaine,bpt6k12219189,,failed,0,0,,http_manifest,known,403,manifest,"Client error '403 ' for url 'https://openapiproext.bnf.fr/iiif/presentation/v3/ark:/12148/bpt6k12219189/manifest.json'
For more information check: https://developer.mozilla.org/en-US/docs/Web/HTTP/Status/403",2026-07-17T20:13:40.911292
canardenchaine,bpt6k1221919q,,failed,0,0,,http_manifest,known,403,manifest,"Client error '403 ' for url 'https://openapiproext.bnf.fr/iiif/presentation/v3/ark:/12148/bpt6k1221919q/manifest.json'
For more information check: https://developer.mozilla.org/en-US/docs/Web/HTTP/Status/403",2026-07-17T20:13:42.112878
canardenchaine,bpt6k1221920c,,failed,0,0,,http_manifest,known,403,manifest,"Client error '403 ' for url 'https://openapiproext.bnf.fr/iiif/presentation/v3/ark:/12148/bpt6k1221920c/manifest.json'
For more information check: https://developer.mozilla.org/en-US/docs/Web/HTTP/Status/403",2026-07-17T20:13:43.313912
canardenchaine,bpt6k1221921s,,failed,0,0,,http_manifest,known,403,manifest,"Client error '403 ' for url 'https://openapiproext.bnf.fr/iiif/presentation/v3/ark:/12148/bpt6k1221921s/manifest.json'
For more information check: https://developer.mozilla.org/en-US/docs/Web/HTTP/Status/403",2026-07-17T20:13:44.509669
canardenchaine,bpt6k12219226,,failed,0,0,,http_manifest,known,403,manifest,"Client error '403 ' for url 'https://openapiproext.bnf.fr/iiif/presentation/v3/ark:/12148/bpt6k12219226/manifest.json'
For more information check: https://developer.mozilla.org/en-US/docs/Web/HTTP/Status/403",2026-07-17T20:13:45.715113
canardenchaine,bpt6k1221923m,,failed,0,0,,http_manifest,known,403,manifest,"Client error '403 ' for url 'https://openapiproext.bnf.fr/iiif/presentation/v3/ark:/12148/bpt6k1221923m/manifest.json'
For more information check: https://developer.mozilla.org/en-US/docs/Web/HTTP/Status/403",2026-07-17T20:13:46.925949
canardenchaine,bpt6k12219241,,failed,0,0,,http_manifest,known,403,manifest,"Client error '403 ' for url 'https://openapiproext.bnf.fr/iiif/presentation/v3/ark:/12148/bpt6k12219241/manifest.json'
For more information check: https://developer.mozilla.org/en-US/docs/Web/HTTP/Status/403",2026-07-17T20:13:48.117140
canardenchaine,bpt6k1221925f,,failed,0,0,,http_manifest,known,403,manifest,"Client error '403 ' for url 'https://openapiproext.bnf.fr/iiif/presentation/v3/ark:/12148/bpt6k1221925f/manifest.json'
For more information check: https://developer.mozilla.org/en-US/docs/Web/HTTP/Status/403",2026-07-17T20:13:49.330279
canardenchaine,bpt6k1221926v,,failed,0,0,,http_manifest,known,403,manifest,"Client error '403 ' for url 'https://openapiproext.bnf.fr/iiif/presentation/v3/ark:/12148/bpt6k1221926v/manifest.json'
For more information check: https://developer.mozilla.org/en-US/docs/Web/HTTP/Status/403",2026-07-17T20:13:50.520511
canardenchaine,bpt6k12219278,,failed,0,0,,http_manifest,known,403,manifest,"Client error '403 ' for url 'https://openapiproext.bnf.fr/iiif/presentation/v3/ark:/12148/bpt6k12219278/manifest.json'
For more information check: https://developer.mozilla.org/en-US/docs/Web/HTTP/Status/403",2026-07-17T20:13:51.718771
canardenchaine,bpt6k12249773,,failed,0,0,,http_manifest,known,403,manifest,"Client error '403 ' for url 'https://openapiproext.bnf.fr/iiif/presentation/v3/ark:/12148/bpt6k12249773/manifest.json'
For more information check: https://developer.mozilla.org/en-US/docs/Web/HTTP/Status/403",2026-07-17T20:13:52.923092
canardenchaine,bpt6k1221928p,,failed,0,0,,http_manifest,known,403,manifest,"Client error '403 ' for url 'https://openapiproext.bnf.fr/iiif/presentation/v3/ark:/12148/bpt6k1221928p/manifest.json'
For more information check: https://developer.mozilla.org/en-US/docs/Web/HTTP/Status/403",2026-07-17T20:13:54.122284
canardenchaine,bpt6k12219293,,failed,0,0,,http_manifest,known,403,manifest,"Client error '403 ' for url 'https://openapiproext.bnf.fr/iiif/presentation/v3/ark:/12148/bpt6k12219293/manifest.json'
For more information check: https://developer.mozilla.org/en-US/docs/Web/HTTP/Status/403",2026-07-17T20:13:55.325750
canardenchaine,bpt6k1221930r,,failed,0,0,,http_manifest,known,403,manifest,"Client error '403 ' for url 'https://openapiproext.bnf.fr/iiif/presentation/v3/ark:/12148/bpt6k1221930r/manifest.json'
For more information check: https://developer.mozilla.org/en-US/docs/Web/HTTP/Status/403",2026-07-17T20:13:56.527014
canardenchaine,bpt6k12219315,,failed,0,0,,http_manifest,known,403,manifest,"Client error '403 ' for url 'https://openapiproext.bnf.fr/iiif/presentation/v3/ark:/12148/bpt6k12219315/manifest.json'
For more information check: https://developer.mozilla.org/en-US/docs/Web/HTTP/Status/403",2026-07-17T20:13:57.838669
canardenchaine,bpt6k1221932k,,failed,0,0,,http_manifest,known,403,manifest,"Client error '403 ' for url 'https://openapiproext.bnf.fr/iiif/presentation/v3/ark:/12148/bpt6k1221932k/manifest.json'
For more information check: https://developer.mozilla.org/en-US/docs/Web/HTTP/Status/403",2026-07-17T20:13:58.929913
canardenchaine,bpt6k12219330,,failed,0,0,,http_manifest,known,403,manifest,"Client error '403 ' for url 'https://openapiproext.bnf.fr/iiif/presentation/v3/ark:/12148/bpt6k12219330/manifest.json'
For more information check: https://developer.mozilla.org/en-US/docs/Web/HTTP/Status/403",2026-07-17T20:14:00.224257
canardenchaine,bpt6k1221934d,,failed,0,0,,http_manifest,known,403,manifest,"Client error '403 ' for url 'https://openapiproext.bnf.fr/iiif/presentation/v3/ark:/12148/bpt6k1221934d/manifest.json'
For more information check: https://developer.mozilla.org/en-US/docs/Web/HTTP/Status/403",2026-07-17T20:14:01.369145
canardenchaine,bpt6k1221935t,,failed,0,0,,http_manifest,known,403,manifest,"Client error '403 ' for url 'https://openapiproext.bnf.fr/iiif/presentation/v3/ark:/12148/bpt6k1221935t/manifest.json'
For more information check: https://developer.mozilla.org/en-US/docs/Web/HTTP/Status/403",2026-07-17T20:14:02.533601
canardenchaine,bpt6k12219367,,failed,0,0,,http_manifest,known,403,manifest,"Client error '403 ' for url 'https://openapiproext.bnf.fr/iiif/presentation/v3/ark:/12148/bpt6k12219367/manifest.json'
For more information check: https://developer.mozilla.org/en-US/docs/Web/HTTP/Status/403",2026-07-17T20:14:03.889471
canardenchaine,bpt6k1221937n,,failed,0,0,,http_manifest,known,403,manifest,"Client error '403 ' for url 'https://openapiproext.bnf.fr/iiif/presentation/v3/ark:/12148/bpt6k1221937n/manifest.json'
For more information check: https://developer.mozilla.org/en-US/docs/Web/HTTP/Status/403",2026-07-17T20:14:04.972184
canardenchaine,bpt6k12210987,,failed,0,0,,http_manifest,known,403,manifest,"Client error '403 ' for url 'https://openapiproext.bnf.fr/iiif/presentation/v3/ark:/12148/bpt6k12210987/manifest.json'
For more information check: https://developer.mozilla.org/en-US/docs/Web/HTTP/Status/403",2026-07-17T20:14:06.289017
canardenchaine,bpt6k1221099n,,failed,0,0,,http_manifest,known,403,manifest,"Client error '403 ' for url 'https://openapiproext.bnf.fr/iiif/presentation/v3/ark:/12148/bpt6k1221099n/manifest.json'
For more information check: https://developer.mozilla.org/en-US/docs/Web/HTTP/Status/403",2026-07-17T20:14:07.441974
canardenchaine,bpt6k1221100v,,failed,0,0,,http_manifest,known,403,manifest,"Client error '403 ' for url 'https://openapiproext.bnf.fr/iiif/presentation/v3/ark:/12148/bpt6k1221100v/manifest.json'
For more information check: https://developer.mozilla.org/en-US/docs/Web/HTTP/Status/403",2026-07-17T20:14:08.687131
canardenchaine,bpt6k12211018,,failed,0,0,,http_manifest,known,403,manifest,"Client error '403 ' for url 'https://openapiproext.bnf.fr/iiif/presentation/v3/ark:/12148/bpt6k12211018/manifest.json'
For more information check: https://developer.mozilla.org/en-US/docs/Web/HTTP/Status/403",2026-07-17T20:14:09.750654
canardenchaine,bpt6k1221102p,,failed,0,0,,http_manifest,known,403,manifest,"Client error '403 ' for url 'https://openapiproext.bnf.fr/iiif/presentation/v3/ark:/12148/bpt6k1221102p/manifest.json'
For more information check: https://developer.mozilla.org/en-US/docs/Web/HTTP/Status/403",2026-07-17T20:14:10.944716
canardenchaine,bpt6k12211033,,failed,0,0,,http_manifest,known,403,manifest,"Client error '403 ' for url 'https://openapiproext.bnf.fr/iiif/presentation/v3/ark:/12148/bpt6k12211033/manifest.json'
For more information check: https://developer.mozilla.org/en-US/docs/Web/HTTP/Status/403",2026-07-17T20:14:12.140598
canardenchaine,bpt6k1221104h,,failed,0,0,,http_manifest,known,403,manifest,"Client error '403 ' for url 'https://openapiproext.bnf.fr/iiif/presentation/v3/ark:/12148/bpt6k1221104h/manifest.json'
For more information check: https://developer.mozilla.org/en-US/docs/Web/HTTP/Status/403",2026-07-17T20:14:13.619917
canardenchaine,bpt6k1221105x,,failed,0,0,,http_manifest,known,403,manifest,"Client error '403 ' for url 'https://openapiproext.bnf.fr/iiif/presentation/v3/ark:/12148/bpt6k1221105x/manifest.json'
For more information check: https://developer.mozilla.org/en-US/docs/Web/HTTP/Status/403",2026-07-17T20:14:14.548070
canardenchaine,bpt6k1221106b,,failed,0,0,,http_manifest,known,403,manifest,"Client error '403 ' for url 'https://openapiproext.bnf.fr/iiif/presentation/v3/ark:/12148/bpt6k1221106b/manifest.json'
For more information check: https://developer.mozilla.org/en-US/docs/Web/HTTP/Status/403",2026-07-17T20:14:15.746172
canardenchaine,bpt6k1221107r,,failed,0,0,,http_manifest,known,403,manifest,"Client error '403 ' for url 'https://openapiproext.bnf.fr/iiif/presentation/v3/ark:/12148/bpt6k1221107r/manifest.json'
For more information check: https://developer.mozilla.org/en-US/docs/Web/HTTP/Status/403",2026-07-17T20:14:16.948777
canardenchaine,bpt6k12211085,,failed,0,0,,http_manifest,known,403,manifest,"Client error '403 ' for url 'https://openapiproext.bnf.fr/iiif/presentation/v3/ark:/12148/bpt6k12211085/manifest.json'
For more information check: https://developer.mozilla.org/en-US/docs/Web/HTTP/Status/403",2026-07-17T20:14:18.154252
canardenchaine,bpt6k1221109k,,failed,0,0,,http_manifest,known,403,manifest,"Client error '403 ' for url 'https://openapiproext.bnf.fr/iiif/presentation/v3/ark:/12148/bpt6k1221109k/manifest.json'
For more information check: https://developer.mozilla.org/en-US/docs/Web/HTTP/Status/403",2026-07-17T20:14:19.367638
canardenchaine,bpt6k12211107,,failed,0,0,,http_manifest,known,403,manifest,"Client error '403 ' for url 'https://openapiproext.bnf.fr/iiif/presentation/v3/ark:/12148/bpt6k12211107/manifest.json'
For more information check: https://developer.mozilla.org/en-US/docs/Web/HTTP/Status/403",2026-07-17T20:14:20.551823
canardenchaine,bpt6k1221111n,,failed,0,0,,http_manifest,known,403,manifest,"Client error '403 ' for url 'https://openapiproext.bnf.fr/iiif/presentation/v3/ark:/12148/bpt6k1221111n/manifest.json'
For more information check: https://developer.mozilla.org/en-US/docs/Web/HTTP/Status/403",2026-07-17T20:14:21.755095
canardenchaine,bpt6k12211122,,failed,0,0,,http_manifest,known,403,manifest,"Client error '403 ' for url 'https://openapiproext.bnf.fr/iiif/presentation/v3/ark:/12148/bpt6k12211122/manifest.json'
For more information check: https://developer.mozilla.org/en-US/docs/Web/HTTP/Status/403",2026-07-17T20:14:22.954820
canardenchaine,bpt6k1221113g,,failed,0,0,,http_manifest,known,403,manifest,"Client error '403 ' for url 'https://openapiproext.bnf.fr/iiif/presentation/v3/ark:/12148/bpt6k1221113g/manifest.json'
For more information check: https://developer.mozilla.org/en-US/docs/Web/HTTP/Status/403",2026-07-17T20:14:24.155339
canardenchaine,bpt6k1221114w,,failed,0,0,,http_manifest,known,403,manifest,"Client error '403 ' for url 'https://openapiproext.bnf.fr/iiif/presentation/v3/ark:/12148/bpt6k1221114w/manifest.json'
For more information check: https://developer.mozilla.org/en-US/docs/Web/HTTP/Status/403",2026-07-17T20:14:25.359093
canardenchaine,bpt6k12211159,,failed,0,0,,http_manifest,known,403,manifest,"Client error '403 ' for url 'https://openapiproext.bnf.fr/iiif/presentation/v3/ark:/12148/bpt6k12211159/manifest.json'
For more information check: https://developer.mozilla.org/en-US/docs/Web/HTTP/Status/403",2026-07-17T20:14:26.564886
canardenchaine,bpt6k1221116q,,failed,0,0,,http_manifest,known,403,manifest,"Client error '403 ' for url 'https://openapiproext.bnf.fr/iiif/presentation/v3/ark:/12148/bpt6k1221116q/manifest.json'
For more information check: https://developer.mozilla.org/en-US/docs/Web/HTTP/Status/403",2026-07-17T20:14:27.760048
canardenchaine,bpt6k12211174,,failed,0,0,,http_manifest,known,403,manifest,"Client error '403 ' for url 'https://openapiproext.bnf.fr/iiif/presentation/v3/ark:/12148/bpt6k12211174/manifest.json'
For more information check: https://developer.mozilla.org/en-US/docs/Web/HTTP/Status/403",2026-07-17T20:14:28.961953
canardenchaine,bpt6k1221118j,,failed,0,0,,http_manifest,known,403,manifest,"Client error '403 ' for url 'https://openapiproext.bnf.fr/iiif/presentation/v3/ark:/12148/bpt6k1221118j/manifest.json'
For more information check: https://developer.mozilla.org/en-US/docs/Web/HTTP/Status/403",2026-07-17T20:14:30.163878
canardenchaine,bpt6k1221119z,,failed,0,0,,http_manifest,known,403,manifest,"Client error '403 ' for url 'https://openapiproext.bnf.fr/iiif/presentation/v3/ark:/12148/bpt6k1221119z/manifest.json'
For more information check: https://developer.mozilla.org/en-US/docs/Web/HTTP/Status/403",2026-07-17T20:14:31.377198
canardenchaine,bpt6k1221120m,,failed,0,0,,http_manifest,known,403,manifest,"Client error '403 ' for url 'https://openapiproext.bnf.fr/iiif/presentation/v3/ark:/12148/bpt6k1221120m/manifest.json'
For more information check: https://developer.mozilla.org/en-US/docs/Web/HTTP/Status/403",2026-07-17T20:14:32.566560
canardenchaine,bpt6k12211211,,failed,0,0,,http_manifest,known,403,manifest,"Client error '403 ' for url 'https://openapiproext.bnf.fr/iiif/presentation/v3/ark:/12148/bpt6k12211211/manifest.json'
For more information check: https://developer.mozilla.org/en-US/docs/Web/HTTP/Status/403",2026-07-17T20:14:33.765203
canardenchaine,bpt6k1221122f,,failed,0,0,,http_manifest,known,403,manifest,"Client error '403 ' for url 'https://openapiproext.bnf.fr/iiif/presentation/v3/ark:/12148/bpt6k1221122f/manifest.json'
For more information check: https://developer.mozilla.org/en-US/docs/Web/HTTP/Status/403",2026-07-17T20:14:34.964868
canardenchaine,bpt6k1221123v,,failed,0,0,,http_manifest,known,403,manifest,"Client error '403 ' for url 'https://openapiproext.bnf.fr/iiif/presentation/v3/ark:/12148/bpt6k1221123v/manifest.json'
For more information check: https://developer.mozilla.org/en-US/docs/Web/HTTP/Status/403",2026-07-17T20:14:36.168112
canardenchaine,bpt6k12211248,,failed,0,0,,http_manifest,known,403,manifest,"Client error '403 ' for url 'https://openapiproext.bnf.fr/iiif/presentation/v3/ark:/12148/bpt6k12211248/manifest.json'
For more information check: https://developer.mozilla.org/en-US/docs/Web/HTTP/Status/403",2026-07-17T20:14:37.371251
canardenchaine,bpt6k1221125p,,failed,0,0,,http_manifest,known,403,manifest,"Client error '403 ' for url 'https://openapiproext.bnf.fr/iiif/presentation/v3/ark:/12148/bpt6k1221125p/manifest.json'
For more information check: https://developer.mozilla.org/en-US/docs/Web/HTTP/Status/403",2026-07-17T20:14:38.571088
canardenchaine,bpt6k12211263,,failed,0,0,,http_manifest,known,403,manifest,"Client error '403 ' for url 'https://openapiproext.bnf.fr/iiif/presentation/v3/ark:/12148/bpt6k12211263/manifest.json'
For more information check: https://developer.mozilla.org/en-US/docs/Web/HTTP/Status/403",2026-07-17T20:14:39.773257
canardenchaine,bpt6k1221127h,,failed,0,0,,http_manifest,known,403,manifest,"Client error '403 ' for url 'https://openapiproext.bnf.fr/iiif/presentation/v3/ark:/12148/bpt6k1221127h/manifest.json'
For more information check: https://developer.mozilla.org/en-US/docs/Web/HTTP/Status/403",2026-07-17T20:14:40.980085
canardenchaine,bpt6k1221128x,,failed,0,0,,http_manifest,known,403,manifest,"Client error '403 ' for url 'https://openapiproext.bnf.fr/iiif/presentation/v3/ark:/12148/bpt6k1221128x/manifest.json'
For more information check: https://developer.mozilla.org/en-US/docs/Web/HTTP/Status/403",2026-07-17T20:14:42.178321
canardenchaine,bpt6k1221129b,,failed,0,0,,http_manifest,known,403,manifest,"Client error '403 ' for url 'https://openapiproext.bnf.fr/iiif/presentation/v3/ark:/12148/bpt6k1221129b/manifest.json'
For more information check: https://developer.mozilla.org/en-US/docs/Web/HTTP/Status/403",2026-07-17T20:14:43.392187
canardenchaine,bpt6k12211300,,failed,0,0,,http_manifest,known,403,manifest,"Client error '403 ' for url 'https://openapiproext.bnf.fr/iiif/presentation/v3/ark:/12148/bpt6k12211300/manifest.json'
For more information check: https://developer.mozilla.org/en-US/docs/Web/HTTP/Status/403",2026-07-17T20:14:44.588282
canardenchaine,bpt6k1221131d,,failed,0,0,,http_manifest,known,403,manifest,"Client error '403 ' for url 'https://openapiproext.bnf.fr/iiif/presentation/v3/ark:/12148/bpt6k1221131d/manifest.json'
For more information check: https://developer.mozilla.org/en-US/docs/Web/HTTP/Status/403",2026-07-17T20:14:45.780879
canardenchaine,bpt6k1221132t,,failed,0,0,,http_manifest,known,403,manifest,"Client error '403 ' for url 'https://openapiproext.bnf.fr/iiif/presentation/v3/ark:/12148/bpt6k1221132t/manifest.json'
For more information check: https://developer.mozilla.org/en-US/docs/Web/HTTP/Status/403",2026-07-17T20:14:46.984377
canardenchaine,bpt6k12211337,,failed,0,0,,http_manifest,known,403,manifest,"Client error '403 ' for url 'https://openapiproext.bnf.fr/iiif/presentation/v3/ark:/12148/bpt6k12211337/manifest.json'
For more information check: https://developer.mozilla.org/en-US/docs/Web/HTTP/Status/403",2026-07-17T20:14:48.182029
canardenchaine,bpt6k1221134n,,failed,0,0,,http_manifest,known,403,manifest,"Client error '403 ' for url 'https://openapiproext.bnf.fr/iiif/presentation/v3/ark:/12148/bpt6k1221134n/manifest.json'
For more information check: https://developer.mozilla.org/en-US/docs/Web/HTTP/Status/403",2026-07-17T20:14:49.401352
canardenchaine,bpt6k12211352,,failed,0,0,,http_manifest,known,403,manifest,"Client error '403 ' for url 'https://openapiproext.bnf.fr/iiif/presentation/v3/ark:/12148/bpt6k12211352/manifest.json'
For more information check: https://developer.mozilla.org/en-US/docs/Web/HTTP/Status/403",2026-07-17T20:14:50.588899
canardenchaine,bpt6k1221136g,,failed,0,0,,http_manifest,known,403,manifest,"Client error '403 ' for url 'https://openapiproext.bnf.fr/iiif/presentation/v3/ark:/12148/bpt6k1221136g/manifest.json'
For more information check: https://developer.mozilla.org/en-US/docs/Web/HTTP/Status/403",2026-07-17T20:14:51.790930
canardenchaine,bpt6k1221137w,,failed,0,0,,http_manifest,known,403,manifest,"Client error '403 ' for url 'https://openapiproext.bnf.fr/iiif/presentation/v3/ark:/12148/bpt6k1221137w/manifest.json'
For more information check: https://developer.mozilla.org/en-US/docs/Web/HTTP/Status/403",2026-07-17T20:14:52.996419
canardenchaine,bpt6k12211389,,failed,0,0,,http_manifest,known,403,manifest,"Client error '403 ' for url 'https://openapiproext.bnf.fr/iiif/presentation/v3/ark:/12148/bpt6k12211389/manifest.json'
For more information check: https://developer.mozilla.org/en-US/docs/Web/HTTP/Status/403",2026-07-17T20:14:54.193512
canardenchaine,bpt6k1221139q,,failed,0,0,,http_manifest,known,403,manifest,"Client error '403 ' for url 'https://openapiproext.bnf.fr/iiif/presentation/v3/ark:/12148/bpt6k1221139q/manifest.json'
For more information check: https://developer.mozilla.org/en-US/docs/Web/HTTP/Status/403",2026-07-17T20:14:55.409891
canardenchaine,bpt6k1221140c,,failed,0,0,,http_manifest,known,403,manifest,"Client error '403 ' for url 'https://openapiproext.bnf.fr/iiif/presentation/v3/ark:/12148/bpt6k1221140c/manifest.json'
For more information check: https://developer.mozilla.org/en-US/docs/Web/HTTP/Status/403",2026-07-17T20:14:56.598071
canardenchaine,bpt6k1221141s,,failed,0,0,,http_manifest,known,403,manifest,"Client error '403 ' for url 'https://openapiproext.bnf.fr/iiif/presentation/v3/ark:/12148/bpt6k1221141s/manifest.json'
For more information check: https://developer.mozilla.org/en-US/docs/Web/HTTP/Status/403",2026-07-17T20:14:57.798934
canardenchaine,bpt6k12211426,,failed,0,0,,http_manifest,known,403,manifest,"Client error '403 ' for url 'https://openapiproext.bnf.fr/iiif/presentation/v3/ark:/12148/bpt6k12211426/manifest.json'
For more information check: https://developer.mozilla.org/en-US/docs/Web/HTTP/Status/403",2026-07-17T20:14:59.159588
canardenchaine,bpt6k1221143m,,failed,0,0,,http_manifest,known,403,manifest,"Client error '403 ' for url 'https://openapiproext.bnf.fr/iiif/presentation/v3/ark:/12148/bpt6k1221143m/manifest.json'
For more information check: https://developer.mozilla.org/en-US/docs/Web/HTTP/Status/403",2026-07-17T20:15:00.207046
canardenchaine,bpt6k12211441,,failed,0,0,,http_manifest,known,403,manifest,"Client error '403 ' for url 'https://openapiproext.bnf.fr/iiif/presentation/v3/ark:/12148/bpt6k12211441/manifest.json'
For more information check: https://developer.mozilla.org/en-US/docs/Web/HTTP/Status/403",2026-07-17T20:15:01.404067
canardenchaine,bpt6k1221145f,,failed,0,0,,http_manifest,known,403,manifest,"Client error '403 ' for url 'https://openapiproext.bnf.fr/iiif/presentation/v3/ark:/12148/bpt6k1221145f/manifest.json'
For more information check: https://developer.mozilla.org/en-US/docs/Web/HTTP/Status/403",2026-07-17T20:15:02.606666
canardenchaine,bpt6k1221146v,,failed,0,0,,http_manifest,known,403,manifest,"Client error '403 ' for url 'https://openapiproext.bnf.fr/iiif/presentation/v3/ark:/12148/bpt6k1221146v/manifest.json'
For more information check: https://developer.mozilla.org/en-US/docs/Web/HTTP/Status/403",2026-07-17T20:15:03.999895
canardenchaine,bpt6k12211478,,failed,0,0,,http_manifest,known,403,manifest,"Client error '403 ' for url 'https://openapiproext.bnf.fr/iiif/presentation/v3/ark:/12148/bpt6k12211478/manifest.json'
For more information check: https://developer.mozilla.org/en-US/docs/Web/HTTP/Status/403",2026-07-17T20:15:05.019898
canardenchaine,bpt6k1221148p,,failed,0,0,,http_manifest,known,403,manifest,"Client error '403 ' for url 'https://openapiproext.bnf.fr/iiif/presentation/v3/ark:/12148/bpt6k1221148p/manifest.json'
For more information check: https://developer.mozilla.org/en-US/docs/Web/HTTP/Status/403",2026-07-17T20:15:06.287729
canardenchaine,bpt6k12211493,,failed,0,0,,http_manifest,known,403,manifest,"Client error '403 ' for url 'https://openapiproext.bnf.fr/iiif/presentation/v3/ark:/12148/bpt6k12211493/manifest.json'
For more information check: https://developer.mozilla.org/en-US/docs/Web/HTTP/Status/403",2026-07-17T20:15:07.596219
canardenchaine,bpt6k1223670v,,failed,0,0,,http_manifest,known,403,manifest,"Client error '403 ' for url 'https://openapiproext.bnf.fr/iiif/presentation/v3/ark:/12148/bpt6k1223670v/manifest.json'
For more information check: https://developer.mozilla.org/en-US/docs/Web/HTTP/Status/403",2026-07-17T20:15:08.777330
canardenchaine,bpt6k12236718,,failed,0,0,,http_manifest,known,403,manifest,"Client error '403 ' for url 'https://openapiproext.bnf.fr/iiif/presentation/v3/ark:/12148/bpt6k12236718/manifest.json'
For more information check: https://developer.mozilla.org/en-US/docs/Web/HTTP/Status/403",2026-07-17T20:15:09.864832
canardenchaine,bpt6k1223672p,,failed,0,0,,http_manifest,known,403,manifest,"Client error '403 ' for url 'https://openapiproext.bnf.fr/iiif/presentation/v3/ark:/12148/bpt6k1223672p/manifest.json'
For more information check: https://developer.mozilla.org/en-US/docs/Web/HTTP/Status/403",2026-07-17T20:15:11.026437
canardenchaine,bpt6k12236733,,failed,0,0,,http_manifest,known,403,manifest,"Client error '403 ' for url 'https://openapiproext.bnf.fr/iiif/presentation/v3/ark:/12148/bpt6k12236733/manifest.json'
For more information check: https://developer.mozilla.org/en-US/docs/Web/HTTP/Status/403",2026-07-17T20:15:12.217189
canardenchaine,bpt6k1223674h,,failed,0,0,,http_manifest,known,403,manifest,"Client error '403 ' for url 'https://openapiproext.bnf.fr/iiif/presentation/v3/ark:/12148/bpt6k1223674h/manifest.json'
For more information check: https://developer.mozilla.org/en-US/docs/Web/HTTP/Status/403",2026-07-17T20:15:13.595074
canardenchaine,bpt6k1223675x,,failed,0,0,,http_manifest,known,403,manifest,"Client error '403 ' for url 'https://openapiproext.bnf.fr/iiif/presentation/v3/ark:/12148/bpt6k1223675x/manifest.json'
For more information check: https://developer.mozilla.org/en-US/docs/Web/HTTP/Status/403",2026-07-17T20:15:14.811890
canardenchaine,bpt6k1223676b,,failed,0,0,,http_manifest,known,403,manifest,"Client error '403 ' for url 'https://openapiproext.bnf.fr/iiif/presentation/v3/ark:/12148/bpt6k1223676b/manifest.json'
For more information check: https://developer.mozilla.org/en-US/docs/Web/HTTP/Status/403",2026-07-17T20:15:16.055340
canardenchaine,bpt6k1223677r,,failed,0,0,,http_manifest,known,403,manifest,"Client error '403 ' for url 'https://openapiproext.bnf.fr/iiif/presentation/v3/ark:/12148/bpt6k1223677r/manifest.json'
For more information check: https://developer.mozilla.org/en-US/docs/Web/HTTP/Status/403",2026-07-17T20:15:17.155122
canardenchaine,bpt6k12236785,,failed,0,0,,http_manifest,known,403,manifest,"Client error '403 ' for url 'https://openapiproext.bnf.fr/iiif/presentation/v3/ark:/12148/bpt6k12236785/manifest.json'
For more information check: https://developer.mozilla.org/en-US/docs/Web/HTTP/Status/403",2026-07-17T20:15:18.246065
canardenchaine,bpt6k1223679k,,failed,0,0,,http_manifest,known,403,manifest,"Client error '403 ' for url 'https://openapiproext.bnf.fr/iiif/presentation/v3/ark:/12148/bpt6k1223679k/manifest.json'
For more information check: https://developer.mozilla.org/en-US/docs/Web/HTTP/Status/403",2026-07-17T20:15:19.488685
canardenchaine,bpt6k12236807,,failed,0,0,,http_manifest,known,403,manifest,"Client error '403 ' for url 'https://openapiproext.bnf.fr/iiif/presentation/v3/ark:/12148/bpt6k12236807/manifest.json'
For more information check: https://developer.mozilla.org/en-US/docs/Web/HTTP/Status/403",2026-07-17T20:15:20.627278
canardenchaine,bpt6k1223681n,,failed,0,0,,http_manifest,known,403,manifest,"Client error '403 ' for url 'https://openapiproext.bnf.fr/iiif/presentation/v3/ark:/12148/bpt6k1223681n/manifest.json'
For more information check: https://developer.mozilla.org/en-US/docs/Web/HTTP/Status/403",2026-07-17T20:15:21.829686
canardenchaine,bpt6k12236822,,failed,0,0,,http_manifest,known,403,manifest,"Client error '403 ' for url 'https://openapiproext.bnf.fr/iiif/presentation/v3/ark:/12148/bpt6k12236822/manifest.json'
For more information check: https://developer.mozilla.org/en-US/docs/Web/HTTP/Status/403",2026-07-17T20:15:23.028431
canardenchaine,bpt6k1223683g,,failed,0,0,,http_manifest,known,403,manifest,"Client error '403 ' for url 'https://openapiproext.bnf.fr/iiif/presentation/v3/ark:/12148/bpt6k1223683g/manifest.json'
For more information check: https://developer.mozilla.org/en-US/docs/Web/HTTP/Status/403",2026-07-17T20:15:24.231911
canardenchaine,bpt6k1223684w,,failed,0,0,,http_manifest,known,403,manifest,"Client error '403 ' for url 'https://openapiproext.bnf.fr/iiif/presentation/v3/ark:/12148/bpt6k1223684w/manifest.json'
For more information check: https://developer.mozilla.org/en-US/docs/Web/HTTP/Status/403",2026-07-17T20:15:25.437344
canardenchaine,bpt6k12236859,,failed,0,0,,http_manifest,known,403,manifest,"Client error '403 ' for url 'https://openapiproext.bnf.fr/iiif/presentation/v3/ark:/12148/bpt6k12236859/manifest.json'
For more information check: https://developer.mozilla.org/en-US/docs/Web/HTTP/Status/403",2026-07-17T20:15:26.635126
canardenchaine,bpt6k1223686q,,failed,0,0,,http_manifest,known,403,manifest,"Client error '403 ' for url 'https://openapiproext.bnf.fr/iiif/presentation/v3/ark:/12148/bpt6k1223686q/manifest.json'
For more information check: https://developer.mozilla.org/en-US/docs/Web/HTTP/Status/403",2026-07-17T20:15:27.838598
canardenchaine,bpt6k12236874,,failed,0,0,,http_manifest,known,403,manifest,"Client error '403 ' for url 'https://openapiproext.bnf.fr/iiif/presentation/v3/ark:/12148/bpt6k12236874/manifest.json'
For more information check: https://developer.mozilla.org/en-US/docs/Web/HTTP/Status/403",2026-07-17T20:15:29.048140
canardenchaine,bpt6k1223688j,,failed,0,0,,http_manifest,known,403,manifest,"Client error '403 ' for url 'https://openapiproext.bnf.fr/iiif/presentation/v3/ark:/12148/bpt6k1223688j/manifest.json'
For more information check: https://developer.mozilla.org/en-US/docs/Web/HTTP/Status/403",2026-07-17T20:15:30.245225
canardenchaine,bpt6k1223689z,,failed,0,0,,http_manifest,known,403,manifest,"Client error '403 ' for url 'https://openapiproext.bnf.fr/iiif/presentation/v3/ark:/12148/bpt6k1223689z/manifest.json'
For more information check: https://developer.mozilla.org/en-US/docs/Web/HTTP/Status/403",2026-07-17T20:15:31.442723
canardenchaine,bpt6k1223690m,,failed,0,0,,http_manifest,known,403,manifest,"Client error '403 ' for url 'https://openapiproext.bnf.fr/iiif/presentation/v3/ark:/12148/bpt6k1223690m/manifest.json'
For more information check: https://developer.mozilla.org/en-US/docs/Web/HTTP/Status/403",2026-07-17T20:15:32.644662
canardenchaine,bpt6k12236911,,failed,0,0,,http_manifest,known,403,manifest,"Client error '403 ' for url 'https://openapiproext.bnf.fr/iiif/presentation/v3/ark:/12148/bpt6k12236911/manifest.json'
For more information check: https://developer.mozilla.org/en-US/docs/Web/HTTP/Status/403",2026-07-17T20:15:33.847447
canardenchaine,bpt6k1223692f,,failed,0,0,,http_manifest,known,403,manifest,"Client error '403 ' for url 'https://openapiproext.bnf.fr/iiif/presentation/v3/ark:/12148/bpt6k1223692f/manifest.json'
For more information check: https://developer.mozilla.org/en-US/docs/Web/HTTP/Status/403",2026-07-17T20:15:35.049380
canardenchaine,bpt6k1223693v,,failed,0,0,,http_manifest,known,403,manifest,"Client error '403 ' for url 'https://openapiproext.bnf.fr/iiif/presentation/v3/ark:/12148/bpt6k1223693v/manifest.json'
For more information check: https://developer.mozilla.org/en-US/docs/Web/HTTP/Status/403",2026-07-17T20:15:36.248704
canardenchaine,bpt6k12236948,,failed,0,0,,http_manifest,known,403,manifest,"Client error '403 ' for url 'https://openapiproext.bnf.fr/iiif/presentation/v3/ark:/12148/bpt6k12236948/manifest.json'
For more information check: https://developer.mozilla.org/en-US/docs/Web/HTTP/Status/403",2026-07-17T20:15:37.451527
canardenchaine,bpt6k1223695p,,failed,0,0,,http_manifest,known,403,manifest,"Client error '403 ' for url 'https://openapiproext.bnf.fr/iiif/presentation/v3/ark:/12148/bpt6k1223695p/manifest.json'
For more information check: https://developer.mozilla.org/en-US/docs/Web/HTTP/Status/403",2026-07-17T20:15:38.654275
canardenchaine,bpt6k12236963,,failed,0,0,,http_manifest,known,403,manifest,"Client error '403 ' for url 'https://openapiproext.bnf.fr/iiif/presentation/v3/ark:/12148/bpt6k12236963/manifest.json'
For more information check: https://developer.mozilla.org/en-US/docs/Web/HTTP/Status/403",2026-07-17T20:15:39.853943
canardenchaine,bpt6k1223697h,,failed,0,0,,http_manifest,known,403,manifest,"Client error '403 ' for url 'https://openapiproext.bnf.fr/iiif/presentation/v3/ark:/12148/bpt6k1223697h/manifest.json'
For more information check: https://developer.mozilla.org/en-US/docs/Web/HTTP/Status/403",2026-07-17T20:15:41.071065
canardenchaine,bpt6k1223698x,,failed,0,0,,http_manifest,known,403,manifest,"Client error '403 ' for url 'https://openapiproext.bnf.fr/iiif/presentation/v3/ark:/12148/bpt6k1223698x/manifest.json'
For more information check: https://developer.mozilla.org/en-US/docs/Web/HTTP/Status/403",2026-07-17T20:15:42.258513
canardenchaine,bpt6k1223699b,,failed,0,0,,http_manifest,known,403,manifest,"Client error '403 ' for url 'https://openapiproext.bnf.fr/iiif/presentation/v3/ark:/12148/bpt6k1223699b/manifest.json'
For more information check: https://developer.mozilla.org/en-US/docs/Web/HTTP/Status/403",2026-07-17T20:15:43.458235
canardenchaine,bpt6k1223700j,,failed,0,0,,http_manifest,known,403,manifest,"Client error '403 ' for url 'https://openapiproext.bnf.fr/iiif/presentation/v3/ark:/12148/bpt6k1223700j/manifest.json'
For more information check: https://developer.mozilla.org/en-US/docs/Web/HTTP/Status/403",2026-07-17T20:15:44.667073
canardenchaine,bpt6k1223701z,,failed,0,0,,http_manifest,known,403,manifest,"Client error '403 ' for url 'https://openapiproext.bnf.fr/iiif/presentation/v3/ark:/12148/bpt6k1223701z/manifest.json'
For more information check: https://developer.mozilla.org/en-US/docs/Web/HTTP/Status/403",2026-07-17T20:15:45.861733
canardenchaine,bpt6k1223702c,,failed,0,0,,http_manifest,known,403,manifest,"Client error '403 ' for url 'https://openapiproext.bnf.fr/iiif/presentation/v3/ark:/12148/bpt6k1223702c/manifest.json'
For more information check: https://developer.mozilla.org/en-US/docs/Web/HTTP/Status/403",2026-07-17T20:15:47.122522
canardenchaine,bpt6k1223703s,,failed,0,0,,http_manifest,known,403,manifest,"Client error '403 ' for url 'https://openapiproext.bnf.fr/iiif/presentation/v3/ark:/12148/bpt6k1223703s/manifest.json'
For more information check: https://developer.mozilla.org/en-US/docs/Web/HTTP/Status/403",2026-07-17T20:15:48.270456
canardenchaine,bpt6k12237046,,failed,0,0,,http_manifest,known,403,manifest,"Client error '403 ' for url 'https://openapiproext.bnf.fr/iiif/presentation/v3/ark:/12148/bpt6k12237046/manifest.json'
For more information check: https://developer.mozilla.org/en-US/docs/Web/HTTP/Status/403",2026-07-17T20:15:49.468557
canardenchaine,bpt6k1223705m,,failed,0,0,,http_manifest,known,403,manifest,"Client error '403 ' for url 'https://openapiproext.bnf.fr/iiif/presentation/v3/ark:/12148/bpt6k1223705m/manifest.json'
For more information check: https://developer.mozilla.org/en-US/docs/Web/HTTP/Status/403",2026-07-17T20:15:50.670239
canardenchaine,bpt6k1224978h,,failed,0,0,,http_manifest,known,403,manifest,"Client error '403 ' for url 'https://openapiproext.bnf.fr/iiif/presentation/v3/ark:/12148/bpt6k1224978h/manifest.json'
For more information check: https://developer.mozilla.org/en-US/docs/Web/HTTP/Status/403",2026-07-17T20:15:51.875426
canardenchaine,bpt6k12237061,,failed,0,0,,http_manifest,known,403,manifest,"Client error '403 ' for url 'https://openapiproext.bnf.fr/iiif/presentation/v3/ark:/12148/bpt6k12237061/manifest.json'
For more information check: https://developer.mozilla.org/en-US/docs/Web/HTTP/Status/403",2026-07-17T20:15:53.105624
canardenchaine,bpt6k1223707f,,failed,0,0,,http_manifest,known,403,manifest,"Client error '403 ' for url 'https://openapiproext.bnf.fr/iiif/presentation/v3/ark:/12148/bpt6k1223707f/manifest.json'
For more information check: https://developer.mozilla.org/en-US/docs/Web/HTTP/Status/403",2026-07-17T20:15:54.278450
canardenchaine,bpt6k1223708v,,failed,0,0,,http_manifest,known,403,manifest,"Client error '403 ' for url 'https://openapiproext.bnf.fr/iiif/presentation/v3/ark:/12148/bpt6k1223708v/manifest.json'
For more information check: https://developer.mozilla.org/en-US/docs/Web/HTTP/Status/403",2026-07-17T20:15:55.481870
canardenchaine,bpt6k12237098,,failed,0,0,,http_manifest,known,403,manifest,"Client error '403 ' for url 'https://openapiproext.bnf.fr/iiif/presentation/v3/ark:/12148/bpt6k12237098/manifest.json'
For more information check: https://developer.mozilla.org/en-US/docs/Web/HTTP/Status/403",2026-07-17T20:15:56.682994
canardenchaine,bpt6k1223710x,,failed,0,0,,http_manifest,known,403,manifest,"Client error '403 ' for url 'https://openapiproext.bnf.fr/iiif/presentation/v3/ark:/12148/bpt6k1223710x/manifest.json'
For more information check: https://developer.mozilla.org/en-US/docs/Web/HTTP/Status/403",2026-07-17T20:15:58.112624
canardenchaine,bpt6k1223711b,,failed,0,0,,http_manifest,known,403,manifest,"Client error '403 ' for url 'https://openapiproext.bnf.fr/iiif/presentation/v3/ark:/12148/bpt6k1223711b/manifest.json'
For more information check: https://developer.mozilla.org/en-US/docs/Web/HTTP/Status/403",2026-07-17T20:15:59.442477
canardenchaine,bpt6k1223712r,,failed,0,0,,http_manifest,known,403,manifest,"Client error '403 ' for url 'https://openapiproext.bnf.fr/iiif/presentation/v3/ark:/12148/bpt6k1223712r/manifest.json'
For more information check: https://developer.mozilla.org/en-US/docs/Web/HTTP/Status/403",2026-07-17T20:16:00.474218
canardenchaine,bpt6k12237135,,failed,0,0,,http_manifest,known,403,manifest,"Client error '403 ' for url 'https://openapiproext.bnf.fr/iiif/presentation/v3/ark:/12148/bpt6k12237135/manifest.json'
For more information check: https://developer.mozilla.org/en-US/docs/Web/HTTP/Status/403",2026-07-17T20:16:01.666431
canardenchaine,bpt6k1223714k,,failed,0,0,,http_manifest,known,403,manifest,"Client error '403 ' for url 'https://openapiproext.bnf.fr/iiif/presentation/v3/ark:/12148/bpt6k1223714k/manifest.json'
For more information check: https://developer.mozilla.org/en-US/docs/Web/HTTP/Status/403",2026-07-17T20:16:02.684250
canardenchaine,bpt6k12237150,,failed,0,0,,http_manifest,known,403,manifest,"Client error '403 ' for url 'https://openapiproext.bnf.fr/iiif/presentation/v3/ark:/12148/bpt6k12237150/manifest.json'
For more information check: https://developer.mozilla.org/en-US/docs/Web/HTTP/Status/403",2026-07-17T20:16:04.189210
canardenchaine,bpt6k1223716d,,failed,0,0,,http_manifest,known,403,manifest,"Client error '403 ' for url 'https://openapiproext.bnf.fr/iiif/presentation/v3/ark:/12148/bpt6k1223716d/manifest.json'
For more information check: https://developer.mozilla.org/en-US/docs/Web/HTTP/Status/403",2026-07-17T20:16:05.332234
canardenchaine,bpt6k1223717t,,failed,0,0,,http_manifest,known,403,manifest,"Client error '403 ' for url 'https://openapiproext.bnf.fr/iiif/presentation/v3/ark:/12148/bpt6k1223717t/manifest.json'
For more information check: https://developer.mozilla.org/en-US/docs/Web/HTTP/Status/403",2026-07-17T20:16:06.399206
canardenchaine,bpt6k12237187,,failed,0,0,,http_manifest,known,403,manifest,"Client error '403 ' for url 'https://openapiproext.bnf.fr/iiif/presentation/v3/ark:/12148/bpt6k12237187/manifest.json'
For more information check: https://developer.mozilla.org/en-US/docs/Web/HTTP/Status/403",2026-07-17T20:16:07.496978
canardenchaine,bpt6k1223719n,,failed,0,0,,http_manifest,known,403,manifest,"Client error '403 ' for url 'https://openapiproext.bnf.fr/iiif/presentation/v3/ark:/12148/bpt6k1223719n/manifest.json'
For more information check: https://developer.mozilla.org/en-US/docs/Web/HTTP/Status/403",2026-07-17T20:16:08.694604
canardenchaine,bpt6k12237209,,failed,0,0,,http_manifest,known,403,manifest,"Client error '403 ' for url 'https://openapiproext.bnf.fr/iiif/presentation/v3/ark:/12148/bpt6k12237209/manifest.json'
For more information check: https://developer.mozilla.org/en-US/docs/Web/HTTP/Status/403",2026-07-17T20:16:09.898094
canardenchaine,bpt6k1223617g,,failed,0,0,,http_manifest,known,403,manifest,"Client error '403 ' for url 'https://openapiproext.bnf.fr/iiif/presentation/v3/ark:/12148/bpt6k1223617g/manifest.json'
For more information check: https://developer.mozilla.org/en-US/docs/Web/HTTP/Status/403",2026-07-17T20:16:11.095458
canardenchaine,bpt6k1223618w,,failed,0,0,,http_manifest,known,403,manifest,"Client error '403 ' for url 'https://openapiproext.bnf.fr/iiif/presentation/v3/ark:/12148/bpt6k1223618w/manifest.json'
For more information check: https://developer.mozilla.org/en-US/docs/Web/HTTP/Status/403",2026-07-17T20:16:12.297979
canardenchaine,bpt6k12236199,,failed,0,0,,http_manifest,known,403,manifest,"Client error '403 ' for url 'https://openapiproext.bnf.fr/iiif/presentation/v3/ark:/12148/bpt6k12236199/manifest.json'
For more information check: https://developer.mozilla.org/en-US/docs/Web/HTTP/Status/403",2026-07-17T20:16:13.497656
canardenchaine,bpt6k1223620z,,failed,0,0,,http_manifest,known,403,manifest,"Client error '403 ' for url 'https://openapiproext.bnf.fr/iiif/presentation/v3/ark:/12148/bpt6k1223620z/manifest.json'
For more information check: https://developer.mozilla.org/en-US/docs/Web/HTTP/Status/403",2026-07-17T20:16:14.700596
canardenchaine,bpt6k1223621c,,failed,0,0,,http_manifest,known,403,manifest,"Client error '403 ' for url 'https://openapiproext.bnf.fr/iiif/presentation/v3/ark:/12148/bpt6k1223621c/manifest.json'
For more information check: https://developer.mozilla.org/en-US/docs/Web/HTTP/Status/403",2026-07-17T20:16:15.898546
canardenchaine,bpt6k1223622s,,failed,0,0,,http_manifest,known,403,manifest,"Client error '403 ' for url 'https://openapiproext.bnf.fr/iiif/presentation/v3/ark:/12148/bpt6k1223622s/manifest.json'
For more information check: https://developer.mozilla.org/en-US/docs/Web/HTTP/Status/403",2026-07-17T20:16:17.103144
canardenchaine,bpt6k12236236,,failed,0,0,,http_manifest,known,403,manifest,"Client error '403 ' for url 'https://openapiproext.bnf.fr/iiif/presentation/v3/ark:/12148/bpt6k12236236/manifest.json'
For more information check: https://developer.mozilla.org/en-US/docs/Web/HTTP/Status/403",2026-07-17T20:16:18.302193
canardenchaine,bpt6k1223624m,,failed,0,0,,http_manifest,known,403,manifest,"Client error '403 ' for url 'https://openapiproext.bnf.fr/iiif/presentation/v3/ark:/12148/bpt6k1223624m/manifest.json'
For more information check: https://developer.mozilla.org/en-US/docs/Web/HTTP/Status/403",2026-07-17T20:16:19.510719
canardenchaine,bpt6k12236251,,failed,0,0,,http_manifest,known,403,manifest,"Client error '403 ' for url 'https://openapiproext.bnf.fr/iiif/presentation/v3/ark:/12148/bpt6k12236251/manifest.json'
For more information check: https://developer.mozilla.org/en-US/docs/Web/HTTP/Status/403",2026-07-17T20:16:20.704055
canardenchaine,bpt6k1223626f,,failed,0,0,,http_manifest,known,403,manifest,"Client error '403 ' for url 'https://openapiproext.bnf.fr/iiif/presentation/v3/ark:/12148/bpt6k1223626f/manifest.json'
For more information check: https://developer.mozilla.org/en-US/docs/Web/HTTP/Status/403",2026-07-17T20:16:21.909546
canardenchaine,bpt6k1223627v,,failed,0,0,,http_manifest,known,403,manifest,"Client error '403 ' for url 'https://openapiproext.bnf.fr/iiif/presentation/v3/ark:/12148/bpt6k1223627v/manifest.json'
For more information check: https://developer.mozilla.org/en-US/docs/Web/HTTP/Status/403",2026-07-17T20:16:23.109659
canardenchaine,bpt6k12236288,,failed,0,0,,http_manifest,known,403,manifest,"Client error '403 ' for url 'https://openapiproext.bnf.fr/iiif/presentation/v3/ark:/12148/bpt6k12236288/manifest.json'
For more information check: https://developer.mozilla.org/en-US/docs/Web/HTTP/Status/403",2026-07-17T20:16:24.311461
canardenchaine,bpt6k1223629p,,failed,0,0,,http_manifest,known,403,manifest,"Client error '403 ' for url 'https://openapiproext.bnf.fr/iiif/presentation/v3/ark:/12148/bpt6k1223629p/manifest.json'
For more information check: https://developer.mozilla.org/en-US/docs/Web/HTTP/Status/403",2026-07-17T20:16:25.514622
canardenchaine,bpt6k1223630b,,failed,0,0,,http_manifest,known,403,manifest,"Client error '403 ' for url 'https://openapiproext.bnf.fr/iiif/presentation/v3/ark:/12148/bpt6k1223630b/manifest.json'
For more information check: https://developer.mozilla.org/en-US/docs/Web/HTTP/Status/403",2026-07-17T20:16:26.712864
canardenchaine,bpt6k1223631r,,failed,0,0,,http_manifest,known,403,manifest,"Client error '403 ' for url 'https://openapiproext.bnf.fr/iiif/presentation/v3/ark:/12148/bpt6k1223631r/manifest.json'
For more information check: https://developer.mozilla.org/en-US/docs/Web/HTTP/Status/403",2026-07-17T20:16:27.914227
canardenchaine,bpt6k12236325,,failed,0,0,,http_manifest,known,403,manifest,"Client error '403 ' for url 'https://openapiproext.bnf.fr/iiif/presentation/v3/ark:/12148/bpt6k12236325/manifest.json'
For more information check: https://developer.mozilla.org/en-US/docs/Web/HTTP/Status/403",2026-07-17T20:16:29.114420
canardenchaine,bpt6k1223633k,,failed,0,0,,http_manifest,known,403,manifest,"Client error '403 ' for url 'https://openapiproext.bnf.fr/iiif/presentation/v3/ark:/12148/bpt6k1223633k/manifest.json'
For more information check: https://developer.mozilla.org/en-US/docs/Web/HTTP/Status/403",2026-07-17T20:16:30.329561
canardenchaine,bpt6k12236340,,failed,0,0,,http_manifest,known,403,manifest,"Client error '403 ' for url 'https://openapiproext.bnf.fr/iiif/presentation/v3/ark:/12148/bpt6k12236340/manifest.json'
For more information check: https://developer.mozilla.org/en-US/docs/Web/HTTP/Status/403",2026-07-17T20:16:31.542640
canardenchaine,bpt6k1223635d,,failed,0,0,,http_manifest,known,403,manifest,"Client error '403 ' for url 'https://openapiproext.bnf.fr/iiif/presentation/v3/ark:/12148/bpt6k1223635d/manifest.json'
For more information check: https://developer.mozilla.org/en-US/docs/Web/HTTP/Status/403",2026-07-17T20:16:32.720823
canardenchaine,bpt6k1223636t,,failed,0,0,,http_manifest,known,403,manifest,"Client error '403 ' for url 'https://openapiproext.bnf.fr/iiif/presentation/v3/ark:/12148/bpt6k1223636t/manifest.json'
For more information check: https://developer.mozilla.org/en-US/docs/Web/HTTP/Status/403",2026-07-17T20:16:33.922499
canardenchaine,bpt6k12236377,,failed,0,0,,http_manifest,known,403,manifest,"Client error '403 ' for url 'https://openapiproext.bnf.fr/iiif/presentation/v3/ark:/12148/bpt6k12236377/manifest.json'
For more information check: https://developer.mozilla.org/en-US/docs/Web/HTTP/Status/403",2026-07-17T20:16:35.124740
canardenchaine,bpt6k1223638n,,failed,0,0,,http_manifest,known,403,manifest,"Client error '403 ' for url 'https://openapiproext.bnf.fr/iiif/presentation/v3/ark:/12148/bpt6k1223638n/manifest.json'
For more information check: https://developer.mozilla.org/en-US/docs/Web/HTTP/Status/403",2026-07-17T20:16:36.326289
canardenchaine,bpt6k12236392,,failed,0,0,,http_manifest,known,403,manifest,"Client error '403 ' for url 'https://openapiproext.bnf.fr/iiif/presentation/v3/ark:/12148/bpt6k12236392/manifest.json'
For more information check: https://developer.mozilla.org/en-US/docs/Web/HTTP/Status/403",2026-07-17T20:16:37.530006
canardenchaine,bpt6k1223640q,,failed,0,0,,http_manifest,known,403,manifest,"Client error '403 ' for url 'https://openapiproext.bnf.fr/iiif/presentation/v3/ark:/12148/bpt6k1223640q/manifest.json'
For more information check: https://developer.mozilla.org/en-US/docs/Web/HTTP/Status/403",2026-07-17T20:16:38.730113
canardenchaine,bpt6k12236414,,failed,0,0,,http_manifest,known,403,manifest,"Client error '403 ' for url 'https://openapiproext.bnf.fr/iiif/presentation/v3/ark:/12148/bpt6k12236414/manifest.json'
For more information check: https://developer.mozilla.org/en-US/docs/Web/HTTP/Status/403",2026-07-17T20:16:39.932211
canardenchaine,bpt6k1223642j,,failed,0,0,,http_manifest,known,403,manifest,"Client error '403 ' for url 'https://openapiproext.bnf.fr/iiif/presentation/v3/ark:/12148/bpt6k1223642j/manifest.json'
For more information check: https://developer.mozilla.org/en-US/docs/Web/HTTP/Status/403",2026-07-17T20:16:41.131516
canardenchaine,bpt6k1223643z,,failed,0,0,,http_manifest,known,403,manifest,"Client error '403 ' for url 'https://openapiproext.bnf.fr/iiif/presentation/v3/ark:/12148/bpt6k1223643z/manifest.json'
For more information check: https://developer.mozilla.org/en-US/docs/Web/HTTP/Status/403",2026-07-17T20:16:42.337237
canardenchaine,bpt6k1223644c,,failed,0,0,,http_manifest,known,403,manifest,"Client error '403 ' for url 'https://openapiproext.bnf.fr/iiif/presentation/v3/ark:/12148/bpt6k1223644c/manifest.json'
For more information check: https://developer.mozilla.org/en-US/docs/Web/HTTP/Status/403",2026-07-17T20:16:43.550013
canardenchaine,bpt6k1223645s,,failed,0,0,,http_manifest,known,403,manifest,"Client error '403 ' for url 'https://openapiproext.bnf.fr/iiif/presentation/v3/ark:/12148/bpt6k1223645s/manifest.json'
For more information check: https://developer.mozilla.org/en-US/docs/Web/HTTP/Status/403",2026-07-17T20:16:44.733962
canardenchaine,bpt6k12236466,,failed,0,0,,http_manifest,known,403,manifest,"Client error '403 ' for url 'https://openapiproext.bnf.fr/iiif/presentation/v3/ark:/12148/bpt6k12236466/manifest.json'
For more information check: https://developer.mozilla.org/en-US/docs/Web/HTTP/Status/403",2026-07-17T20:16:45.938868
canardenchaine,bpt6k1223647m,,failed,0,0,,http_manifest,known,403,manifest,"Client error '403 ' for url 'https://openapiproext.bnf.fr/iiif/presentation/v3/ark:/12148/bpt6k1223647m/manifest.json'
For more information check: https://developer.mozilla.org/en-US/docs/Web/HTTP/Status/403",2026-07-17T20:16:47.140158
canardenchaine,bpt6k12236481,,failed,0,0,,http_manifest,known,403,manifest,"Client error '403 ' for url 'https://openapiproext.bnf.fr/iiif/presentation/v3/ark:/12148/bpt6k12236481/manifest.json'
For more information check: https://developer.mozilla.org/en-US/docs/Web/HTTP/Status/403",2026-07-17T20:16:48.347576
canardenchaine,bpt6k1223649f,,failed,0,0,,http_manifest,known,403,manifest,"Client error '403 ' for url 'https://openapiproext.bnf.fr/iiif/presentation/v3/ark:/12148/bpt6k1223649f/manifest.json'
For more information check: https://developer.mozilla.org/en-US/docs/Web/HTTP/Status/403",2026-07-17T20:16:49.566293
canardenchaine,bpt6k12236503,,failed,0,0,,http_manifest,known,403,manifest,"Client error '403 ' for url 'https://openapiproext.bnf.fr/iiif/presentation/v3/ark:/12148/bpt6k12236503/manifest.json'
For more information check: https://developer.mozilla.org/en-US/docs/Web/HTTP/Status/403",2026-07-17T20:16:50.743609
canardenchaine,bpt6k1223651h,,failed,0,0,,http_manifest,known,403,manifest,"Client error '403 ' for url 'https://openapiproext.bnf.fr/iiif/presentation/v3/ark:/12148/bpt6k1223651h/manifest.json'
For more information check: https://developer.mozilla.org/en-US/docs/Web/HTTP/Status/403",2026-07-17T20:16:51.951755
canardenchaine,bpt6k1223652x,,failed,0,0,,http_manifest,known,403,manifest,"Client error '403 ' for url 'https://openapiproext.bnf.fr/iiif/presentation/v3/ark:/12148/bpt6k1223652x/manifest.json'
For more information check: https://developer.mozilla.org/en-US/docs/Web/HTTP/Status/403",2026-07-17T20:16:53.148013
canardenchaine,bpt6k1223653b,,failed,0,0,,http_manifest,known,403,manifest,"Client error '403 ' for url 'https://openapiproext.bnf.fr/iiif/presentation/v3/ark:/12148/bpt6k1223653b/manifest.json'
For more information check: https://developer.mozilla.org/en-US/docs/Web/HTTP/Status/403",2026-07-17T20:16:54.347281
canardenchaine,bpt6k1223654r,,failed,0,0,,http_manifest,known,403,manifest,"Client error '403 ' for url 'https://openapiproext.bnf.fr/iiif/presentation/v3/ark:/12148/bpt6k1223654r/manifest.json'
For more information check: https://developer.mozilla.org/en-US/docs/Web/HTTP/Status/403",2026-07-17T20:16:55.566021
canardenchaine,bpt6k12236555,,failed,0,0,,http_manifest,known,403,manifest,"Client error '403 ' for url 'https://openapiproext.bnf.fr/iiif/presentation/v3/ark:/12148/bpt6k12236555/manifest.json'
For more information check: https://developer.mozilla.org/en-US/docs/Web/HTTP/Status/403",2026-07-17T20:16:56.755730
canardenchaine,bpt6k1223656k,,failed,0,0,,http_manifest,known,403,manifest,"Client error '403 ' for url 'https://openapiproext.bnf.fr/iiif/presentation/v3/ark:/12148/bpt6k1223656k/manifest.json'
For more information check: https://developer.mozilla.org/en-US/docs/Web/HTTP/Status/403",2026-07-17T20:16:58.109155
canardenchaine,bpt6k12236570,,failed,0,0,,http_manifest,known,403,manifest,"Client error '403 ' for url 'https://openapiproext.bnf.fr/iiif/presentation/v3/ark:/12148/bpt6k12236570/manifest.json'
For more information check: https://developer.mozilla.org/en-US/docs/Web/HTTP/Status/403",2026-07-17T20:16:59.172913
canardenchaine,bpt6k1223658d,,failed,0,0,,http_manifest,known,403,manifest,"Client error '403 ' for url 'https://openapiproext.bnf.fr/iiif/presentation/v3/ark:/12148/bpt6k1223658d/manifest.json'
For more information check: https://developer.mozilla.org/en-US/docs/Web/HTTP/Status/403",2026-07-17T20:17:00.356615
canardenchaine,bpt6k1223659t,,failed,0,0,,http_manifest,known,403,manifest,"Client error '403 ' for url 'https://openapiproext.bnf.fr/iiif/presentation/v3/ark:/12148/bpt6k1223659t/manifest.json'
For more information check: https://developer.mozilla.org/en-US/docs/Web/HTTP/Status/403",2026-07-17T20:17:01.587220
canardenchaine,bpt6k1223660g,,failed,0,0,,http_manifest,known,403,manifest,"Client error '403 ' for url 'https://openapiproext.bnf.fr/iiif/presentation/v3/ark:/12148/bpt6k1223660g/manifest.json'
For more information check: https://developer.mozilla.org/en-US/docs/Web/HTTP/Status/403",2026-07-17T20:17:02.757999
canardenchaine,bpt6k1223661w,,failed,0,0,,http_manifest,known,403,manifest,"Client error '403 ' for url 'https://openapiproext.bnf.fr/iiif/presentation/v3/ark:/12148/bpt6k1223661w/manifest.json'
For more information check: https://developer.mozilla.org/en-US/docs/Web/HTTP/Status/403",2026-07-17T20:17:03.963761
canardenchaine,bpt6k12236629,,failed,0,0,,http_manifest,known,403,manifest,"Client error '403 ' for url 'https://openapiproext.bnf.fr/iiif/presentation/v3/ark:/12148/bpt6k12236629/manifest.json'
For more information check: https://developer.mozilla.org/en-US/docs/Web/HTTP/Status/403",2026-07-17T20:17:05.171524
canardenchaine,bpt6k1223663q,,failed,0,0,,http_manifest,known,403,manifest,"Client error '403 ' for url 'https://openapiproext.bnf.fr/iiif/presentation/v3/ark:/12148/bpt6k1223663q/manifest.json'
For more information check: https://developer.mozilla.org/en-US/docs/Web/HTTP/Status/403",2026-07-17T20:17:06.521269
canardenchaine,bpt6k12236644,,failed,0,0,,http_manifest,known,403,manifest,"Client error '403 ' for url 'https://openapiproext.bnf.fr/iiif/presentation/v3/ark:/12148/bpt6k12236644/manifest.json'
For more information check: https://developer.mozilla.org/en-US/docs/Web/HTTP/Status/403",2026-07-17T20:17:07.564468
canardenchaine,bpt6k1223665j,,failed,0,0,,http_manifest,known,403,manifest,"Client error '403 ' for url 'https://openapiproext.bnf.fr/iiif/presentation/v3/ark:/12148/bpt6k1223665j/manifest.json'
For more information check: https://developer.mozilla.org/en-US/docs/Web/HTTP/Status/403",2026-07-17T20:17:08.974219
canardenchaine,bpt6k1223666z,,failed,0,0,,http_manifest,known,403,manifest,"Client error '403 ' for url 'https://openapiproext.bnf.fr/iiif/presentation/v3/ark:/12148/bpt6k1223666z/manifest.json'
For more information check: https://developer.mozilla.org/en-US/docs/Web/HTTP/Status/403",2026-07-17T20:17:10.031891
canardenchaine,bpt6k1223667c,,failed,0,0,,http_manifest,known,403,manifest,"Client error '403 ' for url 'https://openapiproext.bnf.fr/iiif/presentation/v3/ark:/12148/bpt6k1223667c/manifest.json'
For more information check: https://developer.mozilla.org/en-US/docs/Web/HTTP/Status/403",2026-07-17T20:17:11.326080
canardenchaine,bpt6k1223668s,,failed,0,0,,http_manifest,known,403,manifest,"Client error '403 ' for url 'https://openapiproext.bnf.fr/iiif/presentation/v3/ark:/12148/bpt6k1223668s/manifest.json'
For more information check: https://developer.mozilla.org/en-US/docs/Web/HTTP/Status/403",2026-07-17T20:17:12.654494
canardenchaine,bpt6k12236696,,failed,0,0,,http_manifest,known,403,manifest,"Client error '403 ' for url 'https://openapiproext.bnf.fr/iiif/presentation/v3/ark:/12148/bpt6k12236696/manifest.json'
For more information check: https://developer.mozilla.org/en-US/docs/Web/HTTP/Status/403",2026-07-17T20:17:13.581192
canardenchaine,bpt6k1223088g,,failed,0,0,,http_manifest,known,403,manifest,"Client error '403 ' for url 'https://openapiproext.bnf.fr/iiif/presentation/v3/ark:/12148/bpt6k1223088g/manifest.json'
For more information check: https://developer.mozilla.org/en-US/docs/Web/HTTP/Status/403",2026-07-17T20:17:14.782606
canardenchaine,bpt6k1223089w,,failed,0,0,,http_manifest,known,403,manifest,"Client error '403 ' for url 'https://openapiproext.bnf.fr/iiif/presentation/v3/ark:/12148/bpt6k1223089w/manifest.json'
For more information check: https://developer.mozilla.org/en-US/docs/Web/HTTP/Status/403",2026-07-17T20:17:15.991042
canardenchaine,bpt6k1223090j,,failed,0,0,,http_manifest,known,403,manifest,"Client error '403 ' for url 'https://openapiproext.bnf.fr/iiif/presentation/v3/ark:/12148/bpt6k1223090j/manifest.json'
For more information check: https://developer.mozilla.org/en-US/docs/Web/HTTP/Status/403",2026-07-17T20:17:17.202453
canardenchaine,bpt6k1223091z,,failed,0,0,,http_manifest,known,403,manifest,"Client error '403 ' for url 'https://openapiproext.bnf.fr/iiif/presentation/v3/ark:/12148/bpt6k1223091z/manifest.json'
For more information check: https://developer.mozilla.org/en-US/docs/Web/HTTP/Status/403",2026-07-17T20:17:18.524671
canardenchaine,bpt6k1223092c,,failed,0,0,,http_manifest,known,403,manifest,"Client error '403 ' for url 'https://openapiproext.bnf.fr/iiif/presentation/v3/ark:/12148/bpt6k1223092c/manifest.json'
For more information check: https://developer.mozilla.org/en-US/docs/Web/HTTP/Status/403",2026-07-17T20:17:19.579750
canardenchaine,bpt6k1223093s,,failed,0,0,,http_manifest,known,403,manifest,"Client error '403 ' for url 'https://openapiproext.bnf.fr/iiif/presentation/v3/ark:/12148/bpt6k1223093s/manifest.json'
For more information check: https://developer.mozilla.org/en-US/docs/Web/HTTP/Status/403",2026-07-17T20:17:20.780812
canardenchaine,bpt6k12230946,,failed,0,0,,http_manifest,known,403,manifest,"Client error '403 ' for url 'https://openapiproext.bnf.fr/iiif/presentation/v3/ark:/12148/bpt6k12230946/manifest.json'
For more information check: https://developer.mozilla.org/en-US/docs/Web/HTTP/Status/403",2026-07-17T20:17:21.986956
canardenchaine,bpt6k1223095m,,failed,0,0,,http_manifest,known,403,manifest,"Client error '403 ' for url 'https://openapiproext.bnf.fr/iiif/presentation/v3/ark:/12148/bpt6k1223095m/manifest.json'
For more information check: https://developer.mozilla.org/en-US/docs/Web/HTTP/Status/403",2026-07-17T20:17:23.190431
canardenchaine,bpt6k12230961,,failed,0,0,,http_manifest,known,403,manifest,"Client error '403 ' for url 'https://openapiproext.bnf.fr/iiif/presentation/v3/ark:/12148/bpt6k12230961/manifest.json'
For more information check: https://developer.mozilla.org/en-US/docs/Web/HTTP/Status/403",2026-07-17T20:17:24.404903
canardenchaine,bpt6k1223097f,,failed,0,0,,http_manifest,known,403,manifest,"Client error '403 ' for url 'https://openapiproext.bnf.fr/iiif/presentation/v3/ark:/12148/bpt6k1223097f/manifest.json'
For more information check: https://developer.mozilla.org/en-US/docs/Web/HTTP/Status/403",2026-07-17T20:17:25.584030
canardenchaine,bpt6k1223098v,,failed,0,0,,http_manifest,known,403,manifest,"Client error '403 ' for url 'https://openapiproext.bnf.fr/iiif/presentation/v3/ark:/12148/bpt6k1223098v/manifest.json'
For more information check: https://developer.mozilla.org/en-US/docs/Web/HTTP/Status/403",2026-07-17T20:17:26.788178
canardenchaine,bpt6k12230998,,failed,0,0,,http_manifest,known,403,manifest,"Client error '403 ' for url 'https://openapiproext.bnf.fr/iiif/presentation/v3/ark:/12148/bpt6k12230998/manifest.json'
For more information check: https://developer.mozilla.org/en-US/docs/Web/HTTP/Status/403",2026-07-17T20:17:27.991134
canardenchaine,bpt6k1223100g,,failed,0,0,,http_manifest,known,403,manifest,"Client error '403 ' for url 'https://openapiproext.bnf.fr/iiif/presentation/v3/ark:/12148/bpt6k1223100g/manifest.json'
For more information check: https://developer.mozilla.org/en-US/docs/Web/HTTP/Status/403",2026-07-17T20:17:29.193430
canardenchaine,bpt6k1223101w,,failed,0,0,,http_manifest,known,403,manifest,"Client error '403 ' for url 'https://openapiproext.bnf.fr/iiif/presentation/v3/ark:/12148/bpt6k1223101w/manifest.json'
For more information check: https://developer.mozilla.org/en-US/docs/Web/HTTP/Status/403",2026-07-17T20:17:30.416179
canardenchaine,bpt6k12231029,,failed,0,0,,http_manifest,known,403,manifest,"Client error '403 ' for url 'https://openapiproext.bnf.fr/iiif/presentation/v3/ark:/12148/bpt6k12231029/manifest.json'
For more information check: https://developer.mozilla.org/en-US/docs/Web/HTTP/Status/403",2026-07-17T20:17:31.591532
canardenchaine,bpt6k1223103q,,failed,0,0,,http_manifest,known,403,manifest,"Client error '403 ' for url 'https://openapiproext.bnf.fr/iiif/presentation/v3/ark:/12148/bpt6k1223103q/manifest.json'
For more information check: https://developer.mozilla.org/en-US/docs/Web/HTTP/Status/403",2026-07-17T20:17:32.796067
canardenchaine,bpt6k12231044,,failed,0,0,,http_manifest,known,403,manifest,"Client error '403 ' for url 'https://openapiproext.bnf.fr/iiif/presentation/v3/ark:/12148/bpt6k12231044/manifest.json'
For more information check: https://developer.mozilla.org/en-US/docs/Web/HTTP/Status/403",2026-07-17T20:17:33.995747
canardenchaine,bpt6k1223105j,,failed,0,0,,http_manifest,known,403,manifest,"Client error '403 ' for url 'https://openapiproext.bnf.fr/iiif/presentation/v3/ark:/12148/bpt6k1223105j/manifest.json'
For more information check: https://developer.mozilla.org/en-US/docs/Web/HTTP/Status/403",2026-07-17T20:17:35.198294
canardenchaine,bpt6k1223106z,,failed,0,0,,http_manifest,known,403,manifest,"Client error '403 ' for url 'https://openapiproext.bnf.fr/iiif/presentation/v3/ark:/12148/bpt6k1223106z/manifest.json'
For more information check: https://developer.mozilla.org/en-US/docs/Web/HTTP/Status/403",2026-07-17T20:17:36.401215
canardenchaine,bpt6k1223107c,,failed,0,0,,http_manifest,known,403,manifest,"Client error '403 ' for url 'https://openapiproext.bnf.fr/iiif/presentation/v3/ark:/12148/bpt6k1223107c/manifest.json'
For more information check: https://developer.mozilla.org/en-US/docs/Web/HTTP/Status/403",2026-07-17T20:17:37.600593
canardenchaine,bpt6k1223108s,,failed,0,0,,http_manifest,known,403,manifest,"Client error '403 ' for url 'https://openapiproext.bnf.fr/iiif/presentation/v3/ark:/12148/bpt6k1223108s/manifest.json'
For more information check: https://developer.mozilla.org/en-US/docs/Web/HTTP/Status/403",2026-07-17T20:17:38.804700
canardenchaine,bpt6k12231096,,failed,0,0,,http_manifest,known,403,manifest,"Client error '403 ' for url 'https://openapiproext.bnf.fr/iiif/presentation/v3/ark:/12148/bpt6k12231096/manifest.json'
For more information check: https://developer.mozilla.org/en-US/docs/Web/HTTP/Status/403",2026-07-17T20:17:40.004636
canardenchaine,bpt6k1223110v,,failed,0,0,,http_manifest,known,403,manifest,"Client error '403 ' for url 'https://openapiproext.bnf.fr/iiif/presentation/v3/ark:/12148/bpt6k1223110v/manifest.json'
For more information check: https://developer.mozilla.org/en-US/docs/Web/HTTP/Status/403",2026-07-17T20:17:41.206702
canardenchaine,bpt6k12231118,,failed,0,0,,http_manifest,known,403,manifest,"Client error '403 ' for url 'https://openapiproext.bnf.fr/iiif/presentation/v3/ark:/12148/bpt6k12231118/manifest.json'
For more information check: https://developer.mozilla.org/en-US/docs/Web/HTTP/Status/403",2026-07-17T20:17:42.409539
canardenchaine,bpt6k1223112p,,failed,0,0,,http_manifest,known,403,manifest,"Client error '403 ' for url 'https://openapiproext.bnf.fr/iiif/presentation/v3/ark:/12148/bpt6k1223112p/manifest.json'
For more information check: https://developer.mozilla.org/en-US/docs/Web/HTTP/Status/403",2026-07-17T20:17:43.607711
canardenchaine,bpt6k12231133,,failed,0,0,,http_manifest,known,403,manifest,"Client error '403 ' for url 'https://openapiproext.bnf.fr/iiif/presentation/v3/ark:/12148/bpt6k12231133/manifest.json'
For more information check: https://developer.mozilla.org/en-US/docs/Web/HTTP/Status/403",2026-07-17T20:17:44.806413
canardenchaine,bpt6k1223114h,,failed,0,0,,http_manifest,known,403,manifest,"Client error '403 ' for url 'https://openapiproext.bnf.fr/iiif/presentation/v3/ark:/12148/bpt6k1223114h/manifest.json'
For more information check: https://developer.mozilla.org/en-US/docs/Web/HTTP/Status/403",2026-07-17T20:17:46.012682
canardenchaine,bpt6k1223115x,,failed,0,0,,http_manifest,known,403,manifest,"Client error '403 ' for url 'https://openapiproext.bnf.fr/iiif/presentation/v3/ark:/12148/bpt6k1223115x/manifest.json'
For more information check: https://developer.mozilla.org/en-US/docs/Web/HTTP/Status/403",2026-07-17T20:17:47.258381
canardenchaine,bpt6k1223116b,,failed,0,0,,http_manifest,known,403,manifest,"Client error '403 ' for url 'https://openapiproext.bnf.fr/iiif/presentation/v3/ark:/12148/bpt6k1223116b/manifest.json'
For more information check: https://developer.mozilla.org/en-US/docs/Web/HTTP/Status/403",2026-07-17T20:17:48.415228
canardenchaine,bpt6k1223117r,,failed,0,0,,http_manifest,known,403,manifest,"Client error '403 ' for url 'https://openapiproext.bnf.fr/iiif/presentation/v3/ark:/12148/bpt6k1223117r/manifest.json'
For more information check: https://developer.mozilla.org/en-US/docs/Web/HTTP/Status/403",2026-07-17T20:17:49.615436
canardenchaine,bpt6k12231185,,failed,0,0,,http_manifest,known,403,manifest,"Client error '403 ' for url 'https://openapiproext.bnf.fr/iiif/presentation/v3/ark:/12148/bpt6k12231185/manifest.json'
For more information check: https://developer.mozilla.org/en-US/docs/Web/HTTP/Status/403",2026-07-17T20:17:50.816457
canardenchaine,bpt6k1223119k,,failed,0,0,,http_manifest,known,403,manifest,"Client error '403 ' for url 'https://openapiproext.bnf.fr/iiif/presentation/v3/ark:/12148/bpt6k1223119k/manifest.json'
For more information check: https://developer.mozilla.org/en-US/docs/Web/HTTP/Status/403",2026-07-17T20:17:52.019026
canardenchaine,bpt6k12231207,,failed,0,0,,http_manifest,known,403,manifest,"Client error '403 ' for url 'https://openapiproext.bnf.fr/iiif/presentation/v3/ark:/12148/bpt6k12231207/manifest.json'
For more information check: https://developer.mozilla.org/en-US/docs/Web/HTTP/Status/403",2026-07-17T20:17:53.225667
canardenchaine,bpt6k1223121n,,failed,0,0,,http_manifest,known,403,manifest,"Client error '403 ' for url 'https://openapiproext.bnf.fr/iiif/presentation/v3/ark:/12148/bpt6k1223121n/manifest.json'
For more information check: https://developer.mozilla.org/en-US/docs/Web/HTTP/Status/403",2026-07-17T20:17:54.422097
canardenchaine,bpt6k12231222,,failed,0,0,,http_manifest,known,403,manifest,"Client error '403 ' for url 'https://openapiproext.bnf.fr/iiif/presentation/v3/ark:/12148/bpt6k12231222/manifest.json'
For more information check: https://developer.mozilla.org/en-US/docs/Web/HTTP/Status/403",2026-07-17T20:17:55.625631
canardenchaine,bpt6k1223123g,,failed,0,0,,http_manifest,known,403,manifest,"Client error '403 ' for url 'https://openapiproext.bnf.fr/iiif/presentation/v3/ark:/12148/bpt6k1223123g/manifest.json'
For more information check: https://developer.mozilla.org/en-US/docs/Web/HTTP/Status/403",2026-07-17T20:17:56.822816
canardenchaine,bpt6k1223124w,,failed,0,0,,http_manifest,known,403,manifest,"Client error '403 ' for url 'https://openapiproext.bnf.fr/iiif/presentation/v3/ark:/12148/bpt6k1223124w/manifest.json'
For more information check: https://developer.mozilla.org/en-US/docs/Web/HTTP/Status/403",2026-07-17T20:17:58.262052
canardenchaine,bpt6k12231259,,failed,0,0,,http_manifest,known,403,manifest,"Client error '403 ' for url 'https://openapiproext.bnf.fr/iiif/presentation/v3/ark:/12148/bpt6k12231259/manifest.json'
For more information check: https://developer.mozilla.org/en-US/docs/Web/HTTP/Status/403",2026-07-17T20:17:59.297494
canardenchaine,bpt6k1223126q,,failed,0,0,,http_manifest,known,403,manifest,"Client error '403 ' for url 'https://openapiproext.bnf.fr/iiif/presentation/v3/ark:/12148/bpt6k1223126q/manifest.json'
For more information check: https://developer.mozilla.org/en-US/docs/Web/HTTP/Status/403",2026-07-17T20:18:00.523853
canardenchaine,bpt6k12231274,,failed,0,0,,http_manifest,known,403,manifest,"Client error '403 ' for url 'https://openapiproext.bnf.fr/iiif/presentation/v3/ark:/12148/bpt6k12231274/manifest.json'
For more information check: https://developer.mozilla.org/en-US/docs/Web/HTTP/Status/403",2026-07-17T20:18:01.817612
canardenchaine,bpt6k1223128j,,failed,0,0,,http_manifest,known,403,manifest,"Client error '403 ' for url 'https://openapiproext.bnf.fr/iiif/presentation/v3/ark:/12148/bpt6k1223128j/manifest.json'
For more information check: https://developer.mozilla.org/en-US/docs/Web/HTTP/Status/403",2026-07-17T20:18:02.829730
canardenchaine,bpt6k1223129z,,failed,0,0,,http_manifest,known,403,manifest,"Client error '403 ' for url 'https://openapiproext.bnf.fr/iiif/presentation/v3/ark:/12148/bpt6k1223129z/manifest.json'
For more information check: https://developer.mozilla.org/en-US/docs/Web/HTTP/Status/403",2026-07-17T20:18:04.115171
canardenchaine,bpt6k1223130m,,failed,0,0,,http_manifest,known,403,manifest,"Client error '403 ' for url 'https://openapiproext.bnf.fr/iiif/presentation/v3/ark:/12148/bpt6k1223130m/manifest.json'
For more information check: https://developer.mozilla.org/en-US/docs/Web/HTTP/Status/403",2026-07-17T20:18:05.326697
canardenchaine,bpt6k12231311,,failed,0,0,,http_manifest,known,403,manifest,"Client error '403 ' for url 'https://openapiproext.bnf.fr/iiif/presentation/v3/ark:/12148/bpt6k12231311/manifest.json'
For more information check: https://developer.mozilla.org/en-US/docs/Web/HTTP/Status/403",2026-07-17T20:18:06.785402
canardenchaine,bpt6k1223132f,,failed,0,0,,http_manifest,known,403,manifest,"Client error '403 ' for url 'https://openapiproext.bnf.fr/iiif/presentation/v3/ark:/12148/bpt6k1223132f/manifest.json'
For more information check: https://developer.mozilla.org/en-US/docs/Web/HTTP/Status/403",2026-07-17T20:18:07.639198
canardenchaine,bpt6k1223133v,,failed,0,0,,http_manifest,known,403,manifest,"Client error '403 ' for url 'https://openapiproext.bnf.fr/iiif/presentation/v3/ark:/12148/bpt6k1223133v/manifest.json'
For more information check: https://developer.mozilla.org/en-US/docs/Web/HTTP/Status/403",2026-07-17T20:18:08.836052
canardenchaine,bpt6k12231348,,failed,0,0,,http_manifest,known,403,manifest,"Client error '403 ' for url 'https://openapiproext.bnf.fr/iiif/presentation/v3/ark:/12148/bpt6k12231348/manifest.json'
For more information check: https://developer.mozilla.org/en-US/docs/Web/HTTP/Status/403",2026-07-17T20:18:10.064162
canardenchaine,bpt6k1223135p,,failed,0,0,,http_manifest,known,403,manifest,"Client error '403 ' for url 'https://openapiproext.bnf.fr/iiif/presentation/v3/ark:/12148/bpt6k1223135p/manifest.json'
For more information check: https://developer.mozilla.org/en-US/docs/Web/HTTP/Status/403",2026-07-17T20:18:11.242632
canardenchaine,bpt6k12231363,,failed,0,0,,http_manifest,known,403,manifest,"Client error '403 ' for url 'https://openapiproext.bnf.fr/iiif/presentation/v3/ark:/12148/bpt6k12231363/manifest.json'
For more information check: https://developer.mozilla.org/en-US/docs/Web/HTTP/Status/403",2026-07-17T20:18:12.447188
canardenchaine,bpt6k1223137h,,failed,0,0,,http_manifest,known,403,manifest,"Client error '403 ' for url 'https://openapiproext.bnf.fr/iiif/presentation/v3/ark:/12148/bpt6k1223137h/manifest.json'
For more information check: https://developer.mozilla.org/en-US/docs/Web/HTTP/Status/403",2026-07-17T20:18:13.646948
canardenchaine,bpt6k1223138x,,failed,0,0,,http_manifest,known,403,manifest,"Client error '403 ' for url 'https://openapiproext.bnf.fr/iiif/presentation/v3/ark:/12148/bpt6k1223138x/manifest.json'
For more information check: https://developer.mozilla.org/en-US/docs/Web/HTTP/Status/403",2026-07-17T20:18:14.843856
canardenchaine,bpt6k1223139b,,failed,0,0,,http_manifest,known,403,manifest,"Client error '403 ' for url 'https://openapiproext.bnf.fr/iiif/presentation/v3/ark:/12148/bpt6k1223139b/manifest.json'
For more information check: https://developer.mozilla.org/en-US/docs/Web/HTTP/Status/403",2026-07-17T20:18:16.049050
canardenchaine,bpt6k1221163c,,failed,0,0,,http_manifest,known,403,manifest,"Client error '403 ' for url 'https://openapiproext.bnf.fr/iiif/presentation/v3/ark:/12148/bpt6k1221163c/manifest.json'
For more information check: https://developer.mozilla.org/en-US/docs/Web/HTTP/Status/403",2026-07-17T20:18:17.247864
canardenchaine,bpt6k1221164s,,failed,0,0,,http_manifest,known,403,manifest,"Client error '403 ' for url 'https://openapiproext.bnf.fr/iiif/presentation/v3/ark:/12148/bpt6k1221164s/manifest.json'
For more information check: https://developer.mozilla.org/en-US/docs/Web/HTTP/Status/403",2026-07-17T20:18:18.449564
canardenchaine,bpt6k12211656,,failed,0,0,,http_manifest,known,403,manifest,"Client error '403 ' for url 'https://openapiproext.bnf.fr/iiif/presentation/v3/ark:/12148/bpt6k12211656/manifest.json'
For more information check: https://developer.mozilla.org/en-US/docs/Web/HTTP/Status/403",2026-07-17T20:18:19.649642
canardenchaine,bpt6k1221166m,,failed,0,0,,http_manifest,known,403,manifest,"Client error '403 ' for url 'https://openapiproext.bnf.fr/iiif/presentation/v3/ark:/12148/bpt6k1221166m/manifest.json'
For more information check: https://developer.mozilla.org/en-US/docs/Web/HTTP/Status/403",2026-07-17T20:18:20.851239
canardenchaine,bpt6k12211671,,failed,0,0,,http_manifest,known,403,manifest,"Client error '403 ' for url 'https://openapiproext.bnf.fr/iiif/presentation/v3/ark:/12148/bpt6k12211671/manifest.json'
For more information check: https://developer.mozilla.org/en-US/docs/Web/HTTP/Status/403",2026-07-17T20:18:22.084502
canardenchaine,bpt6k1221168f,,failed,0,0,,http_manifest,known,403,manifest,"Client error '403 ' for url 'https://openapiproext.bnf.fr/iiif/presentation/v3/ark:/12148/bpt6k1221168f/manifest.json'
For more information check: https://developer.mozilla.org/en-US/docs/Web/HTTP/Status/403",2026-07-17T20:18:23.254620
canardenchaine,bpt6k1221169v,,failed,0,0,,http_manifest,known,403,manifest,"Client error '403 ' for url 'https://openapiproext.bnf.fr/iiif/presentation/v3/ark:/12148/bpt6k1221169v/manifest.json'
For more information check: https://developer.mozilla.org/en-US/docs/Web/HTTP/Status/403",2026-07-17T20:18:24.454485
canardenchaine,bpt6k1221170h,,failed,0,0,,http_manifest,known,403,manifest,"Client error '403 ' for url 'https://openapiproext.bnf.fr/iiif/presentation/v3/ark:/12148/bpt6k1221170h/manifest.json'
For more information check: https://developer.mozilla.org/en-US/docs/Web/HTTP/Status/403",2026-07-17T20:18:25.663843
canardenchaine,bpt6k1221171x,,failed,0,0,,http_manifest,known,403,manifest,"Client error '403 ' for url 'https://openapiproext.bnf.fr/iiif/presentation/v3/ark:/12148/bpt6k1221171x/manifest.json'
For more information check: https://developer.mozilla.org/en-US/docs/Web/HTTP/Status/403",2026-07-17T20:18:26.856601
canardenchaine,bpt6k1221172b,,failed,0,0,,http_manifest,known,403,manifest,"Client error '403 ' for url 'https://openapiproext.bnf.fr/iiif/presentation/v3/ark:/12148/bpt6k1221172b/manifest.json'
For more information check: https://developer.mozilla.org/en-US/docs/Web/HTTP/Status/403",2026-07-17T20:18:28.084437
canardenchaine,bpt6k1221173r,,failed,0,0,,http_manifest,known,403,manifest,"Client error '403 ' for url 'https://openapiproext.bnf.fr/iiif/presentation/v3/ark:/12148/bpt6k1221173r/manifest.json'
For more information check: https://developer.mozilla.org/en-US/docs/Web/HTTP/Status/403",2026-07-17T20:18:29.263020
canardenchaine,bpt6k12211745,,failed,0,0,,http_manifest,known,403,manifest,"Client error '403 ' for url 'https://openapiproext.bnf.fr/iiif/presentation/v3/ark:/12148/bpt6k12211745/manifest.json'
For more information check: https://developer.mozilla.org/en-US/docs/Web/HTTP/Status/403",2026-07-17T20:18:30.463852
canardenchaine,bpt6k1221175k,,failed,0,0,,http_manifest,known,403,manifest,"Client error '403 ' for url 'https://openapiproext.bnf.fr/iiif/presentation/v3/ark:/12148/bpt6k1221175k/manifest.json'
For more information check: https://developer.mozilla.org/en-US/docs/Web/HTTP/Status/403",2026-07-17T20:18:31.661106
canardenchaine,bpt6k12211760,,failed,0,0,,http_manifest,known,403,manifest,"Client error '403 ' for url 'https://openapiproext.bnf.fr/iiif/presentation/v3/ark:/12148/bpt6k12211760/manifest.json'
For more information check: https://developer.mozilla.org/en-US/docs/Web/HTTP/Status/403",2026-07-17T20:18:32.864509
canardenchaine,bpt6k1221177d,,failed,0,0,,http_manifest,known,403,manifest,"Client error '403 ' for url 'https://openapiproext.bnf.fr/iiif/presentation/v3/ark:/12148/bpt6k1221177d/manifest.json'
For more information check: https://developer.mozilla.org/en-US/docs/Web/HTTP/Status/403",2026-07-17T20:18:34.065968
canardenchaine,bpt6k1221178t,,failed,0,0,,http_manifest,known,403,manifest,"Client error '403 ' for url 'https://openapiproext.bnf.fr/iiif/presentation/v3/ark:/12148/bpt6k1221178t/manifest.json'
For more information check: https://developer.mozilla.org/en-US/docs/Web/HTTP/Status/403",2026-07-17T20:18:35.267901
canardenchaine,bpt6k12211797,,failed,0,0,,http_manifest,known,403,manifest,"Client error '403 ' for url 'https://openapiproext.bnf.fr/iiif/presentation/v3/ark:/12148/bpt6k12211797/manifest.json'
For more information check: https://developer.mozilla.org/en-US/docs/Web/HTTP/Status/403",2026-07-17T20:18:36.469699
canardenchaine,bpt6k1221180w,,failed,0,0,,http_manifest,known,403,manifest,"Client error '403 ' for url 'https://openapiproext.bnf.fr/iiif/presentation/v3/ark:/12148/bpt6k1221180w/manifest.json'
For more information check: https://developer.mozilla.org/en-US/docs/Web/HTTP/Status/403",2026-07-17T20:18:37.671062
canardenchaine,bpt6k12211819,,failed,0,0,,http_manifest,known,403,manifest,"Client error '403 ' for url 'https://openapiproext.bnf.fr/iiif/presentation/v3/ark:/12148/bpt6k12211819/manifest.json'
For more information check: https://developer.mozilla.org/en-US/docs/Web/HTTP/Status/403",2026-07-17T20:18:38.872908
canardenchaine,bpt6k1221185z,,failed,0,0,,http_manifest,known,403,manifest,"Client error '403 ' for url 'https://openapiproext.bnf.fr/iiif/presentation/v3/ark:/12148/bpt6k1221185z/manifest.json'
For more information check: https://developer.mozilla.org/en-US/docs/Web/HTTP/Status/403",2026-07-17T20:18:40.108259
canardenchaine,bpt6k1221184j,,failed,0,0,,http_manifest,known,403,manifest,"Client error '403 ' for url 'https://openapiproext.bnf.fr/iiif/presentation/v3/ark:/12148/bpt6k1221184j/manifest.json'
For more information check: https://developer.mozilla.org/en-US/docs/Web/HTTP/Status/403",2026-07-17T20:18:41.274557
canardenchaine,bpt6k12211834,,failed,0,0,,http_manifest,known,403,manifest,"Client error '403 ' for url 'https://openapiproext.bnf.fr/iiif/presentation/v3/ark:/12148/bpt6k12211834/manifest.json'
For more information check: https://developer.mozilla.org/en-US/docs/Web/HTTP/Status/403",2026-07-17T20:18:42.476133
canardenchaine,bpt6k1221182q,,failed,0,0,,http_manifest,known,403,manifest,"Client error '403 ' for url 'https://openapiproext.bnf.fr/iiif/presentation/v3/ark:/12148/bpt6k1221182q/manifest.json'
For more information check: https://developer.mozilla.org/en-US/docs/Web/HTTP/Status/403",2026-07-17T20:18:43.678431
canardenchaine,bpt6k1221186c,,failed,0,0,,http_manifest,known,403,manifest,"Client error '403 ' for url 'https://openapiproext.bnf.fr/iiif/presentation/v3/ark:/12148/bpt6k1221186c/manifest.json'
For more information check: https://developer.mozilla.org/en-US/docs/Web/HTTP/Status/403",2026-07-17T20:18:44.876600
canardenchaine,bpt6k1221187s,,failed,0,0,,http_manifest,known,403,manifest,"Client error '403 ' for url 'https://openapiproext.bnf.fr/iiif/presentation/v3/ark:/12148/bpt6k1221187s/manifest.json'
For more information check: https://developer.mozilla.org/en-US/docs/Web/HTTP/Status/403",2026-07-17T20:18:46.076669
canardenchaine,bpt6k1221189m,,failed,0,0,,http_manifest,known,403,manifest,"Client error '403 ' for url 'https://openapiproext.bnf.fr/iiif/presentation/v3/ark:/12148/bpt6k1221189m/manifest.json'
For more information check: https://developer.mozilla.org/en-US/docs/Web/HTTP/Status/403",2026-07-17T20:18:47.285896
canardenchaine,bpt6k12211886,,failed,0,0,,http_manifest,known,403,manifest,"Client error '403 ' for url 'https://openapiproext.bnf.fr/iiif/presentation/v3/ark:/12148/bpt6k12211886/manifest.json'
For more information check: https://developer.mozilla.org/en-US/docs/Web/HTTP/Status/403",2026-07-17T20:18:48.479301
canardenchaine,bpt6k12211908,,failed,0,0,,http_manifest,known,403,manifest,"Client error '403 ' for url 'https://openapiproext.bnf.fr/iiif/presentation/v3/ark:/12148/bpt6k12211908/manifest.json'
For more information check: https://developer.mozilla.org/en-US/docs/Web/HTTP/Status/403",2026-07-17T20:18:49.683201
canardenchaine,bpt6k1221191p,,failed,0,0,,http_manifest,known,403,manifest,"Client error '403 ' for url 'https://openapiproext.bnf.fr/iiif/presentation/v3/ark:/12148/bpt6k1221191p/manifest.json'
For more information check: https://developer.mozilla.org/en-US/docs/Web/HTTP/Status/403",2026-07-17T20:18:50.885124
canardenchaine,bpt6k12211923,,failed,0,0,,http_manifest,known,403,manifest,"Client error '403 ' for url 'https://openapiproext.bnf.fr/iiif/presentation/v3/ark:/12148/bpt6k12211923/manifest.json'
For more information check: https://developer.mozilla.org/en-US/docs/Web/HTTP/Status/403",2026-07-17T20:18:52.111549
canardenchaine,bpt6k1221193h,,failed,0,0,,http_manifest,known,403,manifest,"Client error '403 ' for url 'https://openapiproext.bnf.fr/iiif/presentation/v3/ark:/12148/bpt6k1221193h/manifest.json'
For more information check: https://developer.mozilla.org/en-US/docs/Web/HTTP/Status/403",2026-07-17T20:18:53.289168
canardenchaine,bpt6k1221194x,,failed,0,0,,http_manifest,known,403,manifest,"Client error '403 ' for url 'https://openapiproext.bnf.fr/iiif/presentation/v3/ark:/12148/bpt6k1221194x/manifest.json'
For more information check: https://developer.mozilla.org/en-US/docs/Web/HTTP/Status/403",2026-07-17T20:18:54.491328
canardenchaine,bpt6k1221195b,,failed,0,0,,http_manifest,known,403,manifest,"Client error '403 ' for url 'https://openapiproext.bnf.fr/iiif/presentation/v3/ark:/12148/bpt6k1221195b/manifest.json'
For more information check: https://developer.mozilla.org/en-US/docs/Web/HTTP/Status/403",2026-07-17T20:18:55.694727
canardenchaine,bpt6k1221196r,,failed,0,0,,http_manifest,known,403,manifest,"Client error '403 ' for url 'https://openapiproext.bnf.fr/iiif/presentation/v3/ark:/12148/bpt6k1221196r/manifest.json'
For more information check: https://developer.mozilla.org/en-US/docs/Web/HTTP/Status/403",2026-07-17T20:18:56.894095
canardenchaine,bpt6k12211975,,failed,0,0,,http_manifest,known,403,manifest,"Client error '403 ' for url 'https://openapiproext.bnf.fr/iiif/presentation/v3/ark:/12148/bpt6k12211975/manifest.json'
For more information check: https://developer.mozilla.org/en-US/docs/Web/HTTP/Status/403",2026-07-17T20:18:58.124125
canardenchaine,bpt6k1221198k,,failed,0,0,,http_manifest,known,403,manifest,"Client error '403 ' for url 'https://openapiproext.bnf.fr/iiif/presentation/v3/ark:/12148/bpt6k1221198k/manifest.json'
For more information check: https://developer.mozilla.org/en-US/docs/Web/HTTP/Status/403",2026-07-17T20:18:59.444241
canardenchaine,bpt6k12211990,,failed,0,0,,http_manifest,known,403,manifest,"Client error '403 ' for url 'https://openapiproext.bnf.fr/iiif/presentation/v3/ark:/12148/bpt6k12211990/manifest.json'
For more information check: https://developer.mozilla.org/en-US/docs/Web/HTTP/Status/403",2026-07-17T20:19:00.503402
canardenchaine,bpt6k12212006,,failed,0,0,,http_manifest,known,403,manifest,"Client error '403 ' for url 'https://openapiproext.bnf.fr/iiif/presentation/v3/ark:/12148/bpt6k12212006/manifest.json'
For more information check: https://developer.mozilla.org/en-US/docs/Web/HTTP/Status/403",2026-07-17T20:19:01.704279
canardenchaine,bpt6k1221201m,,failed,0,0,,http_manifest,known,403,manifest,"Client error '403 ' for url 'https://openapiproext.bnf.fr/iiif/presentation/v3/ark:/12148/bpt6k1221201m/manifest.json'
For more information check: https://developer.mozilla.org/en-US/docs/Web/HTTP/Status/403",2026-07-17T20:19:02.899102
canardenchaine,bpt6k12212021,,failed,0,0,,http_manifest,known,403,manifest,"Client error '403 ' for url 'https://openapiproext.bnf.fr/iiif/presentation/v3/ark:/12148/bpt6k12212021/manifest.json'
For more information check: https://developer.mozilla.org/en-US/docs/Web/HTTP/Status/403",2026-07-17T20:19:04.228656
canardenchaine,bpt6k1221203f,,failed,0,0,,http_manifest,known,403,manifest,"Client error '403 ' for url 'https://openapiproext.bnf.fr/iiif/presentation/v3/ark:/12148/bpt6k1221203f/manifest.json'
For more information check: https://developer.mozilla.org/en-US/docs/Web/HTTP/Status/403",2026-07-17T20:19:05.421166
canardenchaine,bpt6k1221204v,,failed,0,0,,http_manifest,known,403,manifest,"Client error '403 ' for url 'https://openapiproext.bnf.fr/iiif/presentation/v3/ark:/12148/bpt6k1221204v/manifest.json'
For more information check: https://developer.mozilla.org/en-US/docs/Web/HTTP/Status/403",2026-07-17T20:19:06.674544
canardenchaine,bpt6k12212058,,failed,0,0,,http_manifest,known,403,manifest,"Client error '403 ' for url 'https://openapiproext.bnf.fr/iiif/presentation/v3/ark:/12148/bpt6k12212058/manifest.json'
For more information check: https://developer.mozilla.org/en-US/docs/Web/HTTP/Status/403",2026-07-17T20:19:07.704360
canardenchaine,bpt6k1221206p,,failed,0,0,,http_manifest,known,403,manifest,"Client error '403 ' for url 'https://openapiproext.bnf.fr/iiif/presentation/v3/ark:/12148/bpt6k1221206p/manifest.json'
For more information check: https://developer.mozilla.org/en-US/docs/Web/HTTP/Status/403",2026-07-17T20:19:09.313286
canardenchaine,bpt6k12212073,,failed,0,0,,http_manifest,known,403,manifest,"Client error '403 ' for url 'https://openapiproext.bnf.fr/iiif/presentation/v3/ark:/12148/bpt6k12212073/manifest.json'
For more information check: https://developer.mozilla.org/en-US/docs/Web/HTTP/Status/403",2026-07-17T20:19:10.156893
canardenchaine,bpt6k1221208h,,failed,0,0,,http_manifest,known,403,manifest,"Client error '403 ' for url 'https://openapiproext.bnf.fr/iiif/presentation/v3/ark:/12148/bpt6k1221208h/manifest.json'
For more information check: https://developer.mozilla.org/en-US/docs/Web/HTTP/Status/403",2026-07-17T20:19:11.414626
canardenchaine,bpt6k1221209x,,failed,0,0,,http_manifest,known,403,manifest,"Client error '403 ' for url 'https://openapiproext.bnf.fr/iiif/presentation/v3/ark:/12148/bpt6k1221209x/manifest.json'
For more information check: https://developer.mozilla.org/en-US/docs/Web/HTTP/Status/403",2026-07-17T20:19:12.519771
canardenchaine,bpt6k1221210k,,failed,0,0,,http_manifest,known,403,manifest,"Client error '403 ' for url 'https://openapiproext.bnf.fr/iiif/presentation/v3/ark:/12148/bpt6k1221210k/manifest.json'
For more information check: https://developer.mozilla.org/en-US/docs/Web/HTTP/Status/403",2026-07-17T20:19:13.915394
canardenchaine,bpt6k12212110,,failed,0,0,,http_manifest,known,403,manifest,"Client error '403 ' for url 'https://openapiproext.bnf.fr/iiif/presentation/v3/ark:/12148/bpt6k12212110/manifest.json'
For more information check: https://developer.mozilla.org/en-US/docs/Web/HTTP/Status/403",2026-07-17T20:19:15.125892
canardenchaine,bpt6k1221212d,,failed,0,0,,http_manifest,known,403,manifest,"Client error '403 ' for url 'https://openapiproext.bnf.fr/iiif/presentation/v3/ark:/12148/bpt6k1221212d/manifest.json'
For more information check: https://developer.mozilla.org/en-US/docs/Web/HTTP/Status/403",2026-07-17T20:19:16.336564
canardenchaine,bpt6k1221213t,,failed,0,0,,http_manifest,known,403,manifest,"Client error '403 ' for url 'https://openapiproext.bnf.fr/iiif/presentation/v3/ark:/12148/bpt6k1221213t/manifest.json'
For more information check: https://developer.mozilla.org/en-US/docs/Web/HTTP/Status/403",2026-07-17T20:19:17.319641
canardenchaine,bpt6k12212147,,failed,0,0,,http_manifest,known,403,manifest,"Client error '403 ' for url 'https://openapiproext.bnf.fr/iiif/presentation/v3/ark:/12148/bpt6k12212147/manifest.json'
For more information check: https://developer.mozilla.org/en-US/docs/Web/HTTP/Status/403",2026-07-17T20:19:18.523984
canardenchaine,bpt6k1221215n,,failed,0,0,,http_manifest,known,403,manifest,"Client error '403 ' for url 'https://openapiproext.bnf.fr/iiif/presentation/v3/ark:/12148/bpt6k1221215n/manifest.json'
For more information check: https://developer.mozilla.org/en-US/docs/Web/HTTP/Status/403",2026-07-17T20:19:19.727989
canardenchaine,bpt6k1221217g,,failed,0,0,,http_manifest,known,403,manifest,"Client error '403 ' for url 'https://openapiproext.bnf.fr/iiif/presentation/v3/ark:/12148/bpt6k1221217g/manifest.json'
For more information check: https://developer.mozilla.org/en-US/docs/Web/HTTP/Status/403",2026-07-17T20:19:20.953629
canardenchaine,bpt6k1221218w,,failed,0,0,,http_manifest,known,403,manifest,"Client error '403 ' for url 'https://openapiproext.bnf.fr/iiif/presentation/v3/ark:/12148/bpt6k1221218w/manifest.json'
For more information check: https://developer.mozilla.org/en-US/docs/Web/HTTP/Status/403",2026-07-17T20:19:22.123390
canardenchaine,bpt6k12212199,,failed,0,0,,http_manifest,known,403,manifest,"Client error '403 ' for url 'https://openapiproext.bnf.fr/iiif/presentation/v3/ark:/12148/bpt6k12212199/manifest.json'
For more information check: https://developer.mozilla.org/en-US/docs/Web/HTTP/Status/403",2026-07-17T20:19:23.328341
canardenchaine,bpt6k1221220z,,failed,0,0,,http_manifest,known,403,manifest,"Client error '403 ' for url 'https://openapiproext.bnf.fr/iiif/presentation/v3/ark:/12148/bpt6k1221220z/manifest.json'
For more information check: https://developer.mozilla.org/en-US/docs/Web/HTTP/Status/403",2026-07-17T20:19:24.542980
canardenchaine,bpt6k1221221c,,failed,0,0,,http_manifest,known,403,manifest,"Client error '403 ' for url 'https://openapiproext.bnf.fr/iiif/presentation/v3/ark:/12148/bpt6k1221221c/manifest.json'
For more information check: https://developer.mozilla.org/en-US/docs/Web/HTTP/Status/403",2026-07-17T20:19:25.727520
canardenchaine,bpt6k1221222s,,failed,0,0,,http_manifest,known,403,manifest,"Client error '403 ' for url 'https://openapiproext.bnf.fr/iiif/presentation/v3/ark:/12148/bpt6k1221222s/manifest.json'
For more information check: https://developer.mozilla.org/en-US/docs/Web/HTTP/Status/403",2026-07-17T20:19:26.951644
canardenchaine,bpt6k12212236,,failed,0,0,,http_manifest,known,403,manifest,"Client error '403 ' for url 'https://openapiproext.bnf.fr/iiif/presentation/v3/ark:/12148/bpt6k12212236/manifest.json'
For more information check: https://developer.mozilla.org/en-US/docs/Web/HTTP/Status/403",2026-07-17T20:19:28.128612
canardenchaine,bpt6k1221224m,,failed,0,0,,http_manifest,known,403,manifest,"Client error '403 ' for url 'https://openapiproext.bnf.fr/iiif/presentation/v3/ark:/12148/bpt6k1221224m/manifest.json'
For more information check: https://developer.mozilla.org/en-US/docs/Web/HTTP/Status/403",2026-07-17T20:19:29.330937
canardenchaine,bpt6k12212251,,failed,0,0,,http_manifest,known,403,manifest,"Client error '403 ' for url 'https://openapiproext.bnf.fr/iiif/presentation/v3/ark:/12148/bpt6k12212251/manifest.json'
For more information check: https://developer.mozilla.org/en-US/docs/Web/HTTP/Status/403",2026-07-17T20:19:30.531593
canardenchaine,bpt6k1221226f,,failed,0,0,,http_manifest,known,403,manifest,"Client error '403 ' for url 'https://openapiproext.bnf.fr/iiif/presentation/v3/ark:/12148/bpt6k1221226f/manifest.json'
For more information check: https://developer.mozilla.org/en-US/docs/Web/HTTP/Status/403",2026-07-17T20:19:31.734104
canardenchaine,bpt6k1221227v,,failed,0,0,,http_manifest,known,403,manifest,"Client error '403 ' for url 'https://openapiproext.bnf.fr/iiif/presentation/v3/ark:/12148/bpt6k1221227v/manifest.json'
For more information check: https://developer.mozilla.org/en-US/docs/Web/HTTP/Status/403",2026-07-17T20:19:32.938194
canardenchaine,bpt6k12212288,,failed,0,0,,http_manifest,known,403,manifest,"Client error '403 ' for url 'https://openapiproext.bnf.fr/iiif/presentation/v3/ark:/12148/bpt6k12212288/manifest.json'
For more information check: https://developer.mozilla.org/en-US/docs/Web/HTTP/Status/403",2026-07-17T20:19:34.136021
canardenchaine,bpt6k1221229p,,failed,0,0,,http_manifest,known,403,manifest,"Client error '403 ' for url 'https://openapiproext.bnf.fr/iiif/presentation/v3/ark:/12148/bpt6k1221229p/manifest.json'
For more information check: https://developer.mozilla.org/en-US/docs/Web/HTTP/Status/403",2026-07-17T20:19:35.340032
canardenchaine,bpt6k1221230b,,failed,0,0,,http_manifest,known,403,manifest,"Client error '403 ' for url 'https://openapiproext.bnf.fr/iiif/presentation/v3/ark:/12148/bpt6k1221230b/manifest.json'
For more information check: https://developer.mozilla.org/en-US/docs/Web/HTTP/Status/403",2026-07-17T20:19:36.543232
canardenchaine,bpt6k1221231r,,failed,0,0,,http_manifest,known,403,manifest,"Client error '403 ' for url 'https://openapiproext.bnf.fr/iiif/presentation/v3/ark:/12148/bpt6k1221231r/manifest.json'
For more information check: https://developer.mozilla.org/en-US/docs/Web/HTTP/Status/403",2026-07-17T20:19:37.745280
canardenchaine,bpt6k12212325,,failed,0,0,,http_manifest,known,403,manifest,"Client error '403 ' for url 'https://openapiproext.bnf.fr/iiif/presentation/v3/ark:/12148/bpt6k12212325/manifest.json'
For more information check: https://developer.mozilla.org/en-US/docs/Web/HTTP/Status/403",2026-07-17T20:19:38.968998
canardenchaine,bpt6k1221233k,,failed,0,0,,http_manifest,known,403,manifest,"Client error '403 ' for url 'https://openapiproext.bnf.fr/iiif/presentation/v3/ark:/12148/bpt6k1221233k/manifest.json'
For more information check: https://developer.mozilla.org/en-US/docs/Web/HTTP/Status/403",2026-07-17T20:19:40.144963
canardenchaine,bpt6k12212340,,failed,0,0,,http_manifest,known,403,manifest,"Client error '403 ' for url 'https://openapiproext.bnf.fr/iiif/presentation/v3/ark:/12148/bpt6k12212340/manifest.json'
For more information check: https://developer.mozilla.org/en-US/docs/Web/HTTP/Status/403",2026-07-17T20:19:41.349590
canardenchaine,bpt6k1221235d,,failed,0,0,,http_manifest,known,403,manifest,"Client error '403 ' for url 'https://openapiproext.bnf.fr/iiif/presentation/v3/ark:/12148/bpt6k1221235d/manifest.json'
For more information check: https://developer.mozilla.org/en-US/docs/Web/HTTP/Status/403",2026-07-17T20:19:42.551591
canardenchaine,bpt6k1221236t,,failed,0,0,,http_manifest,known,403,manifest,"Client error '403 ' for url 'https://openapiproext.bnf.fr/iiif/presentation/v3/ark:/12148/bpt6k1221236t/manifest.json'
For more information check: https://developer.mozilla.org/en-US/docs/Web/HTTP/Status/403",2026-07-17T20:19:43.753231
canardenchaine,bpt6k12212377,,failed,0,0,,http_manifest,known,403,manifest,"Client error '403 ' for url 'https://openapiproext.bnf.fr/iiif/presentation/v3/ark:/12148/bpt6k12212377/manifest.json'
For more information check: https://developer.mozilla.org/en-US/docs/Web/HTTP/Status/403",2026-07-17T20:19:44.951272
canardenchaine,bpt6k1221238n,,failed,0,0,,http_manifest,known,403,manifest,"Client error '403 ' for url 'https://openapiproext.bnf.fr/iiif/presentation/v3/ark:/12148/bpt6k1221238n/manifest.json'
For more information check: https://developer.mozilla.org/en-US/docs/Web/HTTP/Status/403",2026-07-17T20:19:46.156458
canardenchaine,bpt6k12212392,,failed,0,0,,http_manifest,known,403,manifest,"Client error '403 ' for url 'https://openapiproext.bnf.fr/iiif/presentation/v3/ark:/12148/bpt6k12212392/manifest.json'
For more information check: https://developer.mozilla.org/en-US/docs/Web/HTTP/Status/403",2026-07-17T20:19:47.375327
canardenchaine,bpt6k1221240q,,failed,0,0,,http_manifest,known,403,manifest,"Client error '403 ' for url 'https://openapiproext.bnf.fr/iiif/presentation/v3/ark:/12148/bpt6k1221240q/manifest.json'
For more information check: https://developer.mozilla.org/en-US/docs/Web/HTTP/Status/403",2026-07-17T20:19:48.554179
canardenchaine,bpt6k12212414,,failed,0,0,,http_manifest,known,403,manifest,"Client error '403 ' for url 'https://openapiproext.bnf.fr/iiif/presentation/v3/ark:/12148/bpt6k12212414/manifest.json'
For more information check: https://developer.mozilla.org/en-US/docs/Web/HTTP/Status/403",2026-07-17T20:19:49.755763
canardenchaine,bpt6k1221242j,,failed,0,0,,http_manifest,known,403,manifest,"Client error '403 ' for url 'https://openapiproext.bnf.fr/iiif/presentation/v3/ark:/12148/bpt6k1221242j/manifest.json'
For more information check: https://developer.mozilla.org/en-US/docs/Web/HTTP/Status/403",2026-07-17T20:19:50.958257
canardenchaine,bpt6k1221243z,,failed,0,0,,http_manifest,known,403,manifest,"Client error '403 ' for url 'https://openapiproext.bnf.fr/iiif/presentation/v3/ark:/12148/bpt6k1221243z/manifest.json'
For more information check: https://developer.mozilla.org/en-US/docs/Web/HTTP/Status/403",2026-07-17T20:19:52.156692
canardenchaine,bpt6k1221244c,,failed,0,0,,http_manifest,known,403,manifest,"Client error '403 ' for url 'https://openapiproext.bnf.fr/iiif/presentation/v3/ark:/12148/bpt6k1221244c/manifest.json'
For more information check: https://developer.mozilla.org/en-US/docs/Web/HTTP/Status/403",2026-07-17T20:19:53.373323
canardenchaine,bpt6k1221245s,,failed,0,0,,http_manifest,known,403,manifest,"Client error '403 ' for url 'https://openapiproext.bnf.fr/iiif/presentation/v3/ark:/12148/bpt6k1221245s/manifest.json'
For more information check: https://developer.mozilla.org/en-US/docs/Web/HTTP/Status/403",2026-07-17T20:19:54.571116
canardenchaine,bpt6k12212466,,failed,0,0,,http_manifest,known,403,manifest,"Client error '403 ' for url 'https://openapiproext.bnf.fr/iiif/presentation/v3/ark:/12148/bpt6k12212466/manifest.json'
For more information check: https://developer.mozilla.org/en-US/docs/Web/HTTP/Status/403",2026-07-17T20:19:55.762854
canardenchaine,bpt6k1221247m,,failed,0,0,,http_manifest,known,403,manifest,"Client error '403 ' for url 'https://openapiproext.bnf.fr/iiif/presentation/v3/ark:/12148/bpt6k1221247m/manifest.json'
For more information check: https://developer.mozilla.org/en-US/docs/Web/HTTP/Status/403",2026-07-17T20:19:56.965043
canardenchaine,bpt6k12212481,,failed,0,0,,http_manifest,known,403,manifest,"Client error '403 ' for url 'https://openapiproext.bnf.fr/iiif/presentation/v3/ark:/12148/bpt6k12212481/manifest.json'
For more information check: https://developer.mozilla.org/en-US/docs/Web/HTTP/Status/403",2026-07-17T20:19:58.165065
canardenchaine,bpt6k1221249f,,failed,0,0,,http_manifest,known,403,manifest,"Client error '403 ' for url 'https://openapiproext.bnf.fr/iiif/presentation/v3/ark:/12148/bpt6k1221249f/manifest.json'
For more information check: https://developer.mozilla.org/en-US/docs/Web/HTTP/Status/403",2026-07-17T20:19:59.511430
canardenchaine,bpt6k12212503,,failed,0,0,,http_manifest,known,403,manifest,"Client error '403 ' for url 'https://openapiproext.bnf.fr/iiif/presentation/v3/ark:/12148/bpt6k12212503/manifest.json'
For more information check: https://developer.mozilla.org/en-US/docs/Web/HTTP/Status/403",2026-07-17T20:20:00.567431
canardenchaine,bpt6k1221251h,,failed,0,0,,http_manifest,known,403,manifest,"Client error '403 ' for url 'https://openapiproext.bnf.fr/iiif/presentation/v3/ark:/12148/bpt6k1221251h/manifest.json'
For more information check: https://developer.mozilla.org/en-US/docs/Web/HTTP/Status/403",2026-07-17T20:20:01.820636
canardenchaine,bpt6k1221252x,,failed,0,0,,http_manifest,known,403,manifest,"Client error '403 ' for url 'https://openapiproext.bnf.fr/iiif/presentation/v3/ark:/12148/bpt6k1221252x/manifest.json'
For more information check: https://developer.mozilla.org/en-US/docs/Web/HTTP/Status/403",2026-07-17T20:20:02.971081
canardenchaine,bpt6k1221253b,,failed,0,0,,http_manifest,known,403,manifest,"Client error '403 ' for url 'https://openapiproext.bnf.fr/iiif/presentation/v3/ark:/12148/bpt6k1221253b/manifest.json'
For more information check: https://developer.mozilla.org/en-US/docs/Web/HTTP/Status/403",2026-07-17T20:20:04.171710
canardenchaine,bpt6k1221254r,,failed,0,0,,http_manifest,known,403,manifest,"Client error '403 ' for url 'https://openapiproext.bnf.fr/iiif/presentation/v3/ark:/12148/bpt6k1221254r/manifest.json'
For more information check: https://developer.mozilla.org/en-US/docs/Web/HTTP/Status/403",2026-07-17T20:20:05.393222
canardenchaine,bpt6k12212555,,failed,0,0,,http_manifest,known,403,manifest,"Client error '403 ' for url 'https://openapiproext.bnf.fr/iiif/presentation/v3/ark:/12148/bpt6k12212555/manifest.json'
For more information check: https://developer.mozilla.org/en-US/docs/Web/HTTP/Status/403",2026-07-17T20:20:06.581449
canardenchaine,bpt6k1221256k,,failed,0,0,,http_manifest,known,403,manifest,"Client error '403 ' for url 'https://openapiproext.bnf.fr/iiif/presentation/v3/ark:/12148/bpt6k1221256k/manifest.json'
For more information check: https://developer.mozilla.org/en-US/docs/Web/HTTP/Status/403",2026-07-17T20:20:07.942225
canardenchaine,bpt6k12212570,,failed,0,0,,http_manifest,known,403,manifest,"Client error '403 ' for url 'https://openapiproext.bnf.fr/iiif/presentation/v3/ark:/12148/bpt6k12212570/manifest.json'
For more information check: https://developer.mozilla.org/en-US/docs/Web/HTTP/Status/403",2026-07-17T20:20:09.224173
canardenchaine,bpt6k1221258d,,failed,0,0,,http_manifest,known,403,manifest,"Client error '403 ' for url 'https://openapiproext.bnf.fr/iiif/presentation/v3/ark:/12148/bpt6k1221258d/manifest.json'
For more information check: https://developer.mozilla.org/en-US/docs/Web/HTTP/Status/403",2026-07-17T20:20:10.178244
canardenchaine,bpt6k1221259t,,failed,0,0,,http_manifest,known,403,manifest,"Client error '403 ' for url 'https://openapiproext.bnf.fr/iiif/presentation/v3/ark:/12148/bpt6k1221259t/manifest.json'
For more information check: https://developer.mozilla.org/en-US/docs/Web/HTTP/Status/403",2026-07-17T20:20:11.544209
canardenchaine,bpt6k1221260g,,failed,0,0,,http_manifest,known,403,manifest,"Client error '403 ' for url 'https://openapiproext.bnf.fr/iiif/presentation/v3/ark:/12148/bpt6k1221260g/manifest.json'
For more information check: https://developer.mozilla.org/en-US/docs/Web/HTTP/Status/403",2026-07-17T20:20:12.580886
canardenchaine,bpt6k1221261w,,failed,0,0,,http_manifest,known,403,manifest,"Client error '403 ' for url 'https://openapiproext.bnf.fr/iiif/presentation/v3/ark:/12148/bpt6k1221261w/manifest.json'
For more information check: https://developer.mozilla.org/en-US/docs/Web/HTTP/Status/403",2026-07-17T20:20:13.873015
canardenchaine,bpt6k12212629,,failed,0,0,,http_manifest,known,403,manifest,"Client error '403 ' for url 'https://openapiproext.bnf.fr/iiif/presentation/v3/ark:/12148/bpt6k12212629/manifest.json'
For more information check: https://developer.mozilla.org/en-US/docs/Web/HTTP/Status/403",2026-07-17T20:20:15.096158
canardenchaine,bpt6k1221263q,,failed,0,0,,http_manifest,known,403,manifest,"Client error '403 ' for url 'https://openapiproext.bnf.fr/iiif/presentation/v3/ark:/12148/bpt6k1221263q/manifest.json'
For more information check: https://developer.mozilla.org/en-US/docs/Web/HTTP/Status/403",2026-07-17T20:20:16.373775
canardenchaine,bpt6k12212644,,failed,0,0,,http_manifest,known,403,manifest,"Client error '403 ' for url 'https://openapiproext.bnf.fr/iiif/presentation/v3/ark:/12148/bpt6k12212644/manifest.json'
For more information check: https://developer.mozilla.org/en-US/docs/Web/HTTP/Status/403",2026-07-17T20:20:17.385986
canardenchaine,bpt6k1221265j,,failed,0,0,,http_manifest,known,403,manifest,"Client error '403 ' for url 'https://openapiproext.bnf.fr/iiif/presentation/v3/ark:/12148/bpt6k1221265j/manifest.json'
For more information check: https://developer.mozilla.org/en-US/docs/Web/HTTP/Status/403",2026-07-17T20:20:18.683142
canardenchaine,bpt6k1221266z,,failed,0,0,,http_manifest,known,403,manifest,"Client error '403 ' for url 'https://openapiproext.bnf.fr/iiif/presentation/v3/ark:/12148/bpt6k1221266z/manifest.json'
For more information check: https://developer.mozilla.org/en-US/docs/Web/HTTP/Status/403",2026-07-17T20:20:19.791443
canardenchaine,bpt6k1221267c,,failed,0,0,,http_manifest,known,403,manifest,"Client error '403 ' for url 'https://openapiproext.bnf.fr/iiif/presentation/v3/ark:/12148/bpt6k1221267c/manifest.json'
For more information check: https://developer.mozilla.org/en-US/docs/Web/HTTP/Status/403",2026-07-17T20:20:20.990360
canardenchaine,bpt6k1221268s,,failed,0,0,,http_manifest,known,403,manifest,"Client error '403 ' for url 'https://openapiproext.bnf.fr/iiif/presentation/v3/ark:/12148/bpt6k1221268s/manifest.json'
For more information check: https://developer.mozilla.org/en-US/docs/Web/HTTP/Status/403",2026-07-17T20:20:22.194744
canardenchaine,bpt6k12212696,,failed,0,0,,http_manifest,known,403,manifest,"Client error '403 ' for url 'https://openapiproext.bnf.fr/iiif/presentation/v3/ark:/12148/bpt6k12212696/manifest.json'
For more information check: https://developer.mozilla.org/en-US/docs/Web/HTTP/Status/403",2026-07-17T20:20:23.409229
canardenchaine,bpt6k1221270v,,failed,0,0,,http_manifest,known,403,manifest,"Client error '403 ' for url 'https://openapiproext.bnf.fr/iiif/presentation/v3/ark:/12148/bpt6k1221270v/manifest.json'
For more information check: https://developer.mozilla.org/en-US/docs/Web/HTTP/Status/403",2026-07-17T20:20:24.598397
canardenchaine,bpt6k12212718,,failed,0,0,,http_manifest,known,403,manifest,"Client error '403 ' for url 'https://openapiproext.bnf.fr/iiif/presentation/v3/ark:/12148/bpt6k12212718/manifest.json'
For more information check: https://developer.mozilla.org/en-US/docs/Web/HTTP/Status/403",2026-07-17T20:20:25.799650
canardenchaine,bpt6k1221272p,,failed,0,0,,http_manifest,known,403,manifest,"Client error '403 ' for url 'https://openapiproext.bnf.fr/iiif/presentation/v3/ark:/12148/bpt6k1221272p/manifest.json'
For more information check: https://developer.mozilla.org/en-US/docs/Web/HTTP/Status/403",2026-07-17T20:20:27.002551
canardenchaine,bpt6k12212733,,failed,0,0,,http_manifest,known,403,manifest,"Client error '403 ' for url 'https://openapiproext.bnf.fr/iiif/presentation/v3/ark:/12148/bpt6k12212733/manifest.json'
For more information check: https://developer.mozilla.org/en-US/docs/Web/HTTP/Status/403",2026-07-17T20:20:28.204572
canardenchaine,bpt6k1221274h,,failed,0,0,,http_manifest,known,403,manifest,"Client error '403 ' for url 'https://openapiproext.bnf.fr/iiif/presentation/v3/ark:/12148/bpt6k1221274h/manifest.json'
For more information check: https://developer.mozilla.org/en-US/docs/Web/HTTP/Status/403",2026-07-17T20:20:29.420565
canardenchaine,bpt6k1221275x,,failed,0,0,,http_manifest,known,403,manifest,"Client error '403 ' for url 'https://openapiproext.bnf.fr/iiif/presentation/v3/ark:/12148/bpt6k1221275x/manifest.json'
For more information check: https://developer.mozilla.org/en-US/docs/Web/HTTP/Status/403",2026-07-17T20:20:30.609695
canardenchaine,bpt6k1221276b,,failed,0,0,,http_manifest,known,403,manifest,"Client error '403 ' for url 'https://openapiproext.bnf.fr/iiif/presentation/v3/ark:/12148/bpt6k1221276b/manifest.json'
For more information check: https://developer.mozilla.org/en-US/docs/Web/HTTP/Status/403",2026-07-17T20:20:31.804922
canardenchaine,bpt6k1221277r,,failed,0,0,,http_manifest,known,403,manifest,"Client error '403 ' for url 'https://openapiproext.bnf.fr/iiif/presentation/v3/ark:/12148/bpt6k1221277r/manifest.json'
For more information check: https://developer.mozilla.org/en-US/docs/Web/HTTP/Status/403",2026-07-17T20:20:33.014861
canardenchaine,bpt6k12212785,,failed,0,0,,http_manifest,known,403,manifest,"Client error '403 ' for url 'https://openapiproext.bnf.fr/iiif/presentation/v3/ark:/12148/bpt6k12212785/manifest.json'
For more information check: https://developer.mozilla.org/en-US/docs/Web/HTTP/Status/403",2026-07-17T20:20:34.211230
canardenchaine,bpt6k1221279k,,failed,0,0,,http_manifest,known,403,manifest,"Client error '403 ' for url 'https://openapiproext.bnf.fr/iiif/presentation/v3/ark:/12148/bpt6k1221279k/manifest.json'
For more information check: https://developer.mozilla.org/en-US/docs/Web/HTTP/Status/403",2026-07-17T20:20:35.414112
canardenchaine,bpt6k12212807,,failed,0,0,,http_manifest,known,403,manifest,"Client error '403 ' for url 'https://openapiproext.bnf.fr/iiif/presentation/v3/ark:/12148/bpt6k12212807/manifest.json'
For more information check: https://developer.mozilla.org/en-US/docs/Web/HTTP/Status/403",2026-07-17T20:20:36.613891
canardenchaine,bpt6k1221281n,,failed,0,0,,http_manifest,known,403,manifest,"Client error '403 ' for url 'https://openapiproext.bnf.fr/iiif/presentation/v3/ark:/12148/bpt6k1221281n/manifest.json'
For more information check: https://developer.mozilla.org/en-US/docs/Web/HTTP/Status/403",2026-07-17T20:20:37.820635
canardenchaine,bpt6k12212822,,failed,0,0,,http_manifest,known,403,manifest,"Client error '403 ' for url 'https://openapiproext.bnf.fr/iiif/presentation/v3/ark:/12148/bpt6k12212822/manifest.json'
For more information check: https://developer.mozilla.org/en-US/docs/Web/HTTP/Status/403",2026-07-17T20:20:39.017806
canardenchaine,bpt6k1221283g,,failed,0,0,,http_manifest,known,403,manifest,"Client error '403 ' for url 'https://openapiproext.bnf.fr/iiif/presentation/v3/ark:/12148/bpt6k1221283g/manifest.json'
For more information check: https://developer.mozilla.org/en-US/docs/Web/HTTP/Status/403",2026-07-17T20:20:40.219494
canardenchaine,bpt6k1221284w,,failed,0,0,,http_manifest,known,403,manifest,"Client error '403 ' for url 'https://openapiproext.bnf.fr/iiif/presentation/v3/ark:/12148/bpt6k1221284w/manifest.json'
For more information check: https://developer.mozilla.org/en-US/docs/Web/HTTP/Status/403",2026-07-17T20:20:41.431877
canardenchaine,bpt6k12212859,,failed,0,0,,http_manifest,known,403,manifest,"Client error '403 ' for url 'https://openapiproext.bnf.fr/iiif/presentation/v3/ark:/12148/bpt6k12212859/manifest.json'
For more information check: https://developer.mozilla.org/en-US/docs/Web/HTTP/Status/403",2026-07-17T20:20:42.626779
canardenchaine,bpt6k1221286q,,failed,0,0,,http_manifest,known,403,manifest,"Client error '403 ' for url 'https://openapiproext.bnf.fr/iiif/presentation/v3/ark:/12148/bpt6k1221286q/manifest.json'
For more information check: https://developer.mozilla.org/en-US/docs/Web/HTTP/Status/403",2026-07-17T20:20:43.825667
canardenchaine,bpt6k12212874,,failed,0,0,,http_manifest,known,403,manifest,"Client error '403 ' for url 'https://openapiproext.bnf.fr/iiif/presentation/v3/ark:/12148/bpt6k12212874/manifest.json'
For more information check: https://developer.mozilla.org/en-US/docs/Web/HTTP/Status/403",2026-07-17T20:20:45.027399
canardenchaine,bpt6k1221288j,,failed,0,0,,http_manifest,known,403,manifest,"Client error '403 ' for url 'https://openapiproext.bnf.fr/iiif/presentation/v3/ark:/12148/bpt6k1221288j/manifest.json'
For more information check: https://developer.mozilla.org/en-US/docs/Web/HTTP/Status/403",2026-07-17T20:20:46.227511
canardenchaine,bpt6k1221289z,,failed,0,0,,http_manifest,known,403,manifest,"Client error '403 ' for url 'https://openapiproext.bnf.fr/iiif/presentation/v3/ark:/12148/bpt6k1221289z/manifest.json'
For more information check: https://developer.mozilla.org/en-US/docs/Web/HTTP/Status/403",2026-07-17T20:20:47.429445
canardenchaine,bpt6k1221290m,,failed,0,0,,http_manifest,known,403,manifest,"Client error '403 ' for url 'https://openapiproext.bnf.fr/iiif/presentation/v3/ark:/12148/bpt6k1221290m/manifest.json'
For more information check: https://developer.mozilla.org/en-US/docs/Web/HTTP/Status/403",2026-07-17T20:20:48.629616
canardenchaine,bpt6k12212911,,failed,0,0,,http_manifest,known,403,manifest,"Client error '403 ' for url 'https://openapiproext.bnf.fr/iiif/presentation/v3/ark:/12148/bpt6k12212911/manifest.json'
For more information check: https://developer.mozilla.org/en-US/docs/Web/HTTP/Status/403",2026-07-17T20:20:49.831513
canardenchaine,bpt6k1221292f,,failed,0,0,,http_manifest,known,403,manifest,"Client error '403 ' for url 'https://openapiproext.bnf.fr/iiif/presentation/v3/ark:/12148/bpt6k1221292f/manifest.json'
For more information check: https://developer.mozilla.org/en-US/docs/Web/HTTP/Status/403",2026-07-17T20:20:51.035549
canardenchaine,bpt6k1221293v,,failed,0,0,,http_manifest,known,403,manifest,"Client error '403 ' for url 'https://openapiproext.bnf.fr/iiif/presentation/v3/ark:/12148/bpt6k1221293v/manifest.json'
For more information check: https://developer.mozilla.org/en-US/docs/Web/HTTP/Status/403",2026-07-17T20:20:52.240275
canardenchaine,bpt6k12212948,,failed,0,0,,http_manifest,known,403,manifest,"Client error '403 ' for url 'https://openapiproext.bnf.fr/iiif/presentation/v3/ark:/12148/bpt6k12212948/manifest.json'
For more information check: https://developer.mozilla.org/en-US/docs/Web/HTTP/Status/403",2026-07-17T20:20:53.453023
canardenchaine,bpt6k1221295p,,failed,0,0,,http_manifest,known,403,manifest,"Client error '403 ' for url 'https://openapiproext.bnf.fr/iiif/presentation/v3/ark:/12148/bpt6k1221295p/manifest.json'
For more information check: https://developer.mozilla.org/en-US/docs/Web/HTTP/Status/403",2026-07-17T20:20:54.642273
canardenchaine,bpt6k12212963,,failed,0,0,,http_manifest,known,403,manifest,"Client error '403 ' for url 'https://openapiproext.bnf.fr/iiif/presentation/v3/ark:/12148/bpt6k12212963/manifest.json'
For more information check: https://developer.mozilla.org/en-US/docs/Web/HTTP/Status/403",2026-07-17T20:20:55.840711
canardenchaine,bpt6k1221297h,,failed,0,0,,http_manifest,known,403,manifest,"Client error '403 ' for url 'https://openapiproext.bnf.fr/iiif/presentation/v3/ark:/12148/bpt6k1221297h/manifest.json'
For more information check: https://developer.mozilla.org/en-US/docs/Web/HTTP/Status/403",2026-07-17T20:20:57.046277
canardenchaine,bpt6k1221298x,,failed,0,0,,http_manifest,known,403,manifest,"Client error '403 ' for url 'https://openapiproext.bnf.fr/iiif/presentation/v3/ark:/12148/bpt6k1221298x/manifest.json'
For more information check: https://developer.mozilla.org/en-US/docs/Web/HTTP/Status/403",2026-07-17T20:20:58.246968
canardenchaine,bpt6k1221299b,,failed,0,0,,http_manifest,known,403,manifest,"Client error '403 ' for url 'https://openapiproext.bnf.fr/iiif/presentation/v3/ark:/12148/bpt6k1221299b/manifest.json'
For more information check: https://developer.mozilla.org/en-US/docs/Web/HTTP/Status/403",2026-07-17T20:20:59.505433
canardenchaine,bpt6k1221300j,,failed,0,0,,http_manifest,known,403,manifest,"Client error '403 ' for url 'https://openapiproext.bnf.fr/iiif/presentation/v3/ark:/12148/bpt6k1221300j/manifest.json'
For more information check: https://developer.mozilla.org/en-US/docs/Web/HTTP/Status/403",2026-07-17T20:21:00.690150
canardenchaine,bpt6k1221301z,,failed,0,0,,http_manifest,known,403,manifest,"Client error '403 ' for url 'https://openapiproext.bnf.fr/iiif/presentation/v3/ark:/12148/bpt6k1221301z/manifest.json'
For more information check: https://developer.mozilla.org/en-US/docs/Web/HTTP/Status/403",2026-07-17T20:21:01.851657
canardenchaine,bpt6k1221302c,,failed,0,0,,http_manifest,known,403,manifest,"Client error '403 ' for url 'https://openapiproext.bnf.fr/iiif/presentation/v3/ark:/12148/bpt6k1221302c/manifest.json'
For more information check: https://developer.mozilla.org/en-US/docs/Web/HTTP/Status/403",2026-07-17T20:21:03.211114
canardenchaine,bpt6k1221303s,,failed,0,0,,http_manifest,known,403,manifest,"Client error '403 ' for url 'https://openapiproext.bnf.fr/iiif/presentation/v3/ark:/12148/bpt6k1221303s/manifest.json'
For more information check: https://developer.mozilla.org/en-US/docs/Web/HTTP/Status/403",2026-07-17T20:21:04.373404
canardenchaine,bpt6k12213046,,failed,0,0,,http_manifest,known,403,manifest,"Client error '403 ' for url 'https://openapiproext.bnf.fr/iiif/presentation/v3/ark:/12148/bpt6k12213046/manifest.json'
For more information check: https://developer.mozilla.org/en-US/docs/Web/HTTP/Status/403",2026-07-17T20:21:05.617638
canardenchaine,bpt6k1221305m,,failed,0,0,,http_manifest,known,403,manifest,"Client error '403 ' for url 'https://openapiproext.bnf.fr/iiif/presentation/v3/ark:/12148/bpt6k1221305m/manifest.json'
For more information check: https://developer.mozilla.org/en-US/docs/Web/HTTP/Status/403",2026-07-17T20:21:06.773511
canardenchaine,bpt6k12213061,,failed,0,0,,http_manifest,known,403,manifest,"Client error '403 ' for url 'https://openapiproext.bnf.fr/iiif/presentation/v3/ark:/12148/bpt6k12213061/manifest.json'
For more information check: https://developer.mozilla.org/en-US/docs/Web/HTTP/Status/403",2026-07-17T20:21:07.862543
canardenchaine,bpt6k1221307f,,failed,0,0,,http_manifest,known,403,manifest,"Client error '403 ' for url 'https://openapiproext.bnf.fr/iiif/presentation/v3/ark:/12148/bpt6k1221307f/manifest.json'
For more information check: https://developer.mozilla.org/en-US/docs/Web/HTTP/Status/403",2026-07-17T20:21:09.197001
canardenchaine,bpt6k1221308v,,failed,0,0,,http_manifest,known,403,manifest,"Client error '403 ' for url 'https://openapiproext.bnf.fr/iiif/presentation/v3/ark:/12148/bpt6k1221308v/manifest.json'
For more information check: https://developer.mozilla.org/en-US/docs/Web/HTTP/Status/403",2026-07-17T20:21:10.456302
canardenchaine,bpt6k12213098,,failed,0,0,,http_manifest,known,403,manifest,"Client error '403 ' for url 'https://openapiproext.bnf.fr/iiif/presentation/v3/ark:/12148/bpt6k12213098/manifest.json'
For more information check: https://developer.mozilla.org/en-US/docs/Web/HTTP/Status/403",2026-07-17T20:21:11.602444
canardenchaine,bpt6k1221310x,,failed,0,0,,http_manifest,known,403,manifest,"Client error '403 ' for url 'https://openapiproext.bnf.fr/iiif/presentation/v3/ark:/12148/bpt6k1221310x/manifest.json'
For more information check: https://developer.mozilla.org/en-US/docs/Web/HTTP/Status/403",2026-07-17T20:21:12.852048
canardenchaine,bpt6k1221311b,,failed,0,0,,http_manifest,known,403,manifest,"Client error '403 ' for url 'https://openapiproext.bnf.fr/iiif/presentation/v3/ark:/12148/bpt6k1221311b/manifest.json'
For more information check: https://developer.mozilla.org/en-US/docs/Web/HTTP/Status/403",2026-07-17T20:21:14.013324
canardenchaine,bpt6k1221312r,,failed,0,0,,http_manifest,known,403,manifest,"Client error '403 ' for url 'https://openapiproext.bnf.fr/iiif/presentation/v3/ark:/12148/bpt6k1221312r/manifest.json'
For more information check: https://developer.mozilla.org/en-US/docs/Web/HTTP/Status/403",2026-07-17T20:21:15.276752
canardenchaine,bpt6k12213135,,failed,0,0,,http_manifest,known,403,manifest,"Client error '403 ' for url 'https://openapiproext.bnf.fr/iiif/presentation/v3/ark:/12148/bpt6k12213135/manifest.json'
For more information check: https://developer.mozilla.org/en-US/docs/Web/HTTP/Status/403",2026-07-17T20:21:16.341316
canardenchaine,bpt6k1221314k,,failed,0,0,,http_manifest,known,403,manifest,"Client error '403 ' for url 'https://openapiproext.bnf.fr/iiif/presentation/v3/ark:/12148/bpt6k1221314k/manifest.json'
For more information check: https://developer.mozilla.org/en-US/docs/Web/HTTP/Status/403",2026-07-17T20:21:17.564927
canardenchaine,bpt6k12213150,,failed,0,0,,http_manifest,known,403,manifest,"Client error '403 ' for url 'https://openapiproext.bnf.fr/iiif/presentation/v3/ark:/12148/bpt6k12213150/manifest.json'
For more information check: https://developer.mozilla.org/en-US/docs/Web/HTTP/Status/403",2026-07-17T20:21:18.913336
canardenchaine,bpt6k1221316d,,failed,0,0,,http_manifest,known,403,manifest,"Client error '403 ' for url 'https://openapiproext.bnf.fr/iiif/presentation/v3/ark:/12148/bpt6k1221316d/manifest.json'
For more information check: https://developer.mozilla.org/en-US/docs/Web/HTTP/Status/403",2026-07-17T20:21:19.873978
canardenchaine,bpt6k1221317t,,failed,0,0,,http_manifest,known,403,manifest,"Client error '403 ' for url 'https://openapiproext.bnf.fr/iiif/presentation/v3/ark:/12148/bpt6k1221317t/manifest.json'
For more information check: https://developer.mozilla.org/en-US/docs/Web/HTTP/Status/403",2026-07-17T20:21:21.073778
canardenchaine,bpt6k12213187,,failed,0,0,,http_manifest,known,403,manifest,"Client error '403 ' for url 'https://openapiproext.bnf.fr/iiif/presentation/v3/ark:/12148/bpt6k12213187/manifest.json'
For more information check: https://developer.mozilla.org/en-US/docs/Web/HTTP/Status/403",2026-07-17T20:21:22.273379
canardenchaine,bpt6k1221319n,,failed,0,0,,http_manifest,known,403,manifest,"Client error '403 ' for url 'https://openapiproext.bnf.fr/iiif/presentation/v3/ark:/12148/bpt6k1221319n/manifest.json'
For more information check: https://developer.mozilla.org/en-US/docs/Web/HTTP/Status/403",2026-07-17T20:21:23.491189
leconstitutionnel,bpt6k649435t,,failed,0,0,,no_usable_pages,known,,,bpt6k649435t: no usable pages in manifest.,2026-07-17T20:21:23.830586
leconstitutionnel,bpt6k6494366,,failed,0,0,,no_usable_pages,known,,,bpt6k6494366: no usable pages in manifest.,2026-07-17T20:21:23.964459
leconstitutionnel,bpt6k649437k,,failed,0,0,,no_usable_pages,known,,,bpt6k649437k: no usable pages in manifest.,2026-07-17T20:21:24.078991
leconstitutionnel,bpt6k649438z,,failed,0,0,,no_usable_pages,known,,,bpt6k649438z: no usable pages in manifest.,2026-07-17T20:21:24.200391
leconstitutionnel,bpt6k649439b,,failed,0,0,,no_usable_pages,known,,,bpt6k649439b: no usable pages in manifest.,2026-07-17T20:21:24.308399
leconstitutionnel,bpt6k6494408,,failed,0,0,,no_usable_pages,known,,,bpt6k6494408: no usable pages in manifest.,2026-07-17T20:21:24.408919
leconstitutionnel,bpt6k649441n,,failed,0,0,,no_usable_pages,known,,,bpt6k649441n: no usable pages in manifest.,2026-07-17T20:21:24.502933
leconstitutionnel,bpt6k6494421,,failed,0,0,,no_usable_pages,known,,,bpt6k6494421: no usable pages in manifest.,2026-07-17T20:21:24.638093
leconstitutionnel,bpt6k649443d,,failed,0,0,,no_usable_pages,known,,,bpt6k649443d: no usable pages in manifest.,2026-07-17T20:21:24.790522
leconstitutionnel,bpt6k649444s,,failed,0,0,,no_usable_pages,known,,,bpt6k649444s: no usable pages in manifest.,2026-07-17T20:21:24.901038
leconstitutionnel,bpt6k6494455,,failed,0,0,,no_usable_pages,known,,,bpt6k6494455: no usable pages in manifest.,2026-07-17T20:21:24.983211
leconstitutionnel,bpt6k649446j,,failed,0,0,,no_usable_pages,known,,,bpt6k649446j: no usable pages in manifest.,2026-07-17T20:21:25.072177
leconstitutionnel,bpt6k649447x,,failed,0,0,,no_usable_pages,known,,,bpt6k649447x: no usable pages in manifest.,2026-07-17T20:21:25.143645
leconstitutionnel,bpt6k6494489,,failed,0,0,,no_usable_pages,known,,,bpt6k6494489: no usable pages in manifest.,2026-07-17T20:21:25.210505
leconstitutionnel,bpt6k649449p,,failed,0,0,,no_usable_pages,known,,,bpt6k649449p: no usable pages in manifest.,2026-07-17T20:21:25.292611
leconstitutionnel,bpt6k649450m,,failed,0,0,,no_usable_pages,known,,,bpt6k649450m: no usable pages in manifest.,2026-07-17T20:21:25.367979
leconstitutionnel,bpt6k6494510,,failed,0,0,,no_usable_pages,known,,,bpt6k6494510: no usable pages in manifest.,2026-07-17T20:21:25.432497
leconstitutionnel,bpt6k649452c,,failed,0,0,,no_usable_pages,known,,,bpt6k649452c: no usable pages in manifest.,2026-07-17T20:21:25.552440
leconstitutionnel,bpt6k649453r,,failed,0,0,,no_usable_pages,known,,,bpt6k649453r: no usable pages in manifest.,2026-07-17T20:21:25.623853
leconstitutionnel,bpt6k6494544,,failed,0,0,,no_usable_pages,known,,,bpt6k6494544: no usable pages in manifest.,2026-07-17T20:21:25.704481
leconstitutionnel,bpt6k649455h,,failed,0,0,,no_usable_pages,known,,,bpt6k649455h: no usable pages in manifest.,2026-07-17T20:21:25.829341
leconstitutionnel,bpt6k649456w,,failed,0,0,,no_usable_pages,known,,,bpt6k649456w: no usable pages in manifest.,2026-07-17T20:21:25.906248
leconstitutionnel,bpt6k6494578,,failed,0,0,,no_usable_pages,known,,,bpt6k6494578: no usable pages in manifest.,2026-07-17T20:21:25.987018
leconstitutionnel,bpt6k649458n,,failed,0,0,,no_usable_pages,known,,,bpt6k649458n: no usable pages in manifest.,2026-07-17T20:21:26.064446
leconstitutionnel,bpt6k6494591,,failed,0,0,,no_usable_pages,known,,,bpt6k6494591: no usable pages in manifest.,2026-07-17T20:21:26.160439
leconstitutionnel,bpt6k649460z,,failed,0,0,,no_usable_pages,known,,,bpt6k649460z: no usable pages in manifest.,2026-07-17T20:21:26.277007
leconstitutionnel,bpt6k649461b,,failed,0,0,,no_usable_pages,known,,,bpt6k649461b: no usable pages in manifest.,2026-07-17T20:21:26.377401
leconstitutionnel,bpt6k649462q,,failed,0,0,,no_usable_pages,known,,,bpt6k649462q: no usable pages in manifest.,2026-07-17T20:21:26.508337
leconstitutionnel,bpt6k6494633,,failed,0,0,,no_usable_pages,known,,,bpt6k6494633: no usable pages in manifest.,2026-07-17T20:21:26.608190
leconstitutionnel,bpt6k649464g,,failed,0,0,,no_usable_pages,known,,,bpt6k649464g: no usable pages in manifest.,2026-07-17T20:21:26.703550
leconstitutionnel,bpt6k649465v,,failed,0,0,,no_usable_pages,known,,,bpt6k649465v: no usable pages in manifest.,2026-07-17T20:21:26.790066
leconstitutionnel,bpt6k6494667,,failed,0,0,,no_usable_pages,known,,,bpt6k6494667: no usable pages in manifest.,2026-07-17T20:21:26.939976
leconstitutionnel,bpt6k649467m,,failed,0,0,,no_usable_pages,known,,,bpt6k649467m: no usable pages in manifest.,2026-07-17T20:21:27.038015
leconstitutionnel,bpt6k6494680,,failed,0,0,,no_usable_pages,known,,,bpt6k6494680: no usable pages in manifest.,2026-07-17T20:21:27.127639
leconstitutionnel,bpt6k649469c,,failed,0,0,,no_usable_pages,known,,,bpt6k649469c: no usable pages in manifest.,2026-07-17T20:21:27.229380
leconstitutionnel,bpt6k6494709,,failed,0,0,,no_usable_pages,known,,,bpt6k6494709: no usable pages in manifest.,2026-07-17T20:21:27.334632
leconstitutionnel,bpt6k649471p,,failed,0,0,,no_usable_pages,known,,,bpt6k649471p: no usable pages in manifest.,2026-07-17T20:21:27.430141
leconstitutionnel,bpt6k6494722,,failed,0,0,,no_usable_pages,known,,,bpt6k6494722: no usable pages in manifest.,2026-07-17T20:21:27.524985
leconstitutionnel,bpt6k649473f,,failed,0,0,,no_usable_pages,known,,,bpt6k649473f: no usable pages in manifest.,2026-07-17T20:21:27.591640
leconstitutionnel,bpt6k649474t,,failed,0,0,,no_usable_pages,known,,,bpt6k649474t: no usable pages in manifest.,2026-07-17T20:21:27.664751
leconstitutionnel,bpt6k6494756,,failed,0,0,,no_usable_pages,known,,,bpt6k6494756: no usable pages in manifest.,2026-07-17T20:21:27.778414
leconstitutionnel,bpt6k649476k,,failed,0,0,,no_usable_pages,known,,,bpt6k649476k: no usable pages in manifest.,2026-07-17T20:21:27.876303
leconstitutionnel,bpt6k649477z,,failed,0,0,,no_usable_pages,known,,,bpt6k649477z: no usable pages in manifest.,2026-07-17T20:21:27.958575
leconstitutionnel,bpt6k649478b,,failed,0,0,,no_usable_pages,known,,,bpt6k649478b: no usable pages in manifest.,2026-07-17T20:21:28.046050
leconstitutionnel,bpt6k649479q,,failed,0,0,,no_usable_pages,known,,,bpt6k649479q: no usable pages in manifest.,2026-07-17T20:21:28.158447
leconstitutionnel,bpt6k649480n,,failed,0,0,,no_usable_pages,known,,,bpt6k649480n: no usable pages in manifest.,2026-07-17T20:21:28.236594
leconstitutionnel,bpt6k6494811,,failed,0,0,,no_usable_pages,known,,,bpt6k6494811: no usable pages in manifest.,2026-07-17T20:21:28.320133
leconstitutionnel,bpt6k649482d,,failed,0,0,,no_usable_pages,known,,,bpt6k649482d: no usable pages in manifest.,2026-07-17T20:21:28.449896
leconstitutionnel,bpt6k649483s,,failed,0,0,,no_usable_pages,known,,,bpt6k649483s: no usable pages in manifest.,2026-07-17T20:21:28.558614
leconstitutionnel,bpt6k6494845,,failed,0,0,,no_usable_pages,known,,,bpt6k6494845: no usable pages in manifest.,2026-07-17T20:21:28.641273
leconstitutionnel,bpt6k649485j,,failed,0,0,,no_usable_pages,known,,,bpt6k649485j: no usable pages in manifest.,2026-07-17T20:21:28.740401
leconstitutionnel,bpt6k649486x,,failed,0,0,,no_usable_pages,known,,,bpt6k649486x: no usable pages in manifest.,2026-07-17T20:21:28.830618
leconstitutionnel,bpt6k6494879,,failed,0,0,,no_usable_pages,known,,,bpt6k6494879: no usable pages in manifest.,2026-07-17T20:21:28.944925
leconstitutionnel,bpt6k649488p,,failed,0,0,,no_usable_pages,known,,,bpt6k649488p: no usable pages in manifest.,2026-07-17T20:21:29.028126
leconstitutionnel,bpt6k6494892,,failed,0,0,,no_usable_pages,known,,,bpt6k6494892: no usable pages in manifest.,2026-07-17T20:21:29.118090
leconstitutionnel,bpt6k6494900,,failed,0,0,,no_usable_pages,known,,,bpt6k6494900: no usable pages in manifest.,2026-07-17T20:21:29.195752
leconstitutionnel,bpt6k649491c,,failed,0,0,,no_usable_pages,known,,,bpt6k649491c: no usable pages in manifest.,2026-07-17T20:21:29.267560
leconstitutionnel,bpt6k649492r,,failed,0,0,,no_usable_pages,known,,,bpt6k649492r: no usable pages in manifest.,2026-07-17T20:21:29.377621
leconstitutionnel,bpt6k6494934,,failed,0,0,,no_usable_pages,known,,,bpt6k6494934: no usable pages in manifest.,2026-07-17T20:21:29.490226
leconstitutionnel,bpt6k649494h,,failed,0,0,,no_usable_pages,known,,,bpt6k649494h: no usable pages in manifest.,2026-07-17T20:21:29.600983
leconstitutionnel,bpt6k649495w,,failed,0,0,,no_usable_pages,known,,,bpt6k649495w: no usable pages in manifest.,2026-07-17T20:21:29.691202
leconstitutionnel,bpt6k6494968,,failed,0,0,,no_usable_pages,known,,,bpt6k6494968: no usable pages in manifest.,2026-07-17T20:21:29.767222
leconstitutionnel,bpt6k649497n,,failed,0,0,,no_usable_pages,known,,,bpt6k649497n: no usable pages in manifest.,2026-07-17T20:21:29.850817
leconstitutionnel,bpt6k6494981,,failed,0,0,,no_usable_pages,known,,,bpt6k6494981: no usable pages in manifest.,2026-07-17T20:21:30.011892
leconstitutionnel,bpt6k649499d,,failed,0,0,,no_usable_pages,known,,,bpt6k649499d: no usable pages in manifest.,2026-07-17T20:21:30.095550
leconstitutionnel,bpt6k6495006,,failed,0,0,,no_usable_pages,known,,,bpt6k6495006: no usable pages in manifest.,2026-07-17T20:21:30.230977
leconstitutionnel,bpt6k649501k,,failed,0,0,,no_usable_pages,known,,,bpt6k649501k: no usable pages in manifest.,2026-07-17T20:21:30.331940
leconstitutionnel,bpt6k649502z,,failed,0,0,,no_usable_pages,known,,,bpt6k649502z: no usable pages in manifest.,2026-07-17T20:21:30.408088
leconstitutionnel,bpt6k649503b,,failed,0,0,,no_usable_pages,known,,,bpt6k649503b: no usable pages in manifest.,2026-07-17T20:21:30.528246
leconstitutionnel,bpt6k649504q,,failed,0,0,,no_usable_pages,known,,,bpt6k649504q: no usable pages in manifest.,2026-07-17T20:21:30.636627
leconstitutionnel,bpt6k6495053,,failed,0,0,,no_usable_pages,known,,,bpt6k6495053: no usable pages in manifest.,2026-07-17T20:21:30.733505
leconstitutionnel,bpt6k649506g,,failed,0,0,,no_usable_pages,known,,,bpt6k649506g: no usable pages in manifest.,2026-07-17T20:21:30.806016
leconstitutionnel,bpt6k649507v,,failed,0,0,,no_usable_pages,known,,,bpt6k649507v: no usable pages in manifest.,2026-07-17T20:21:30.911818
leconstitutionnel,bpt6k6495087,,failed,0,0,,no_usable_pages,known,,,bpt6k6495087: no usable pages in manifest.,2026-07-17T20:21:30.993653
leconstitutionnel,bpt6k649509m,,failed,0,0,,no_usable_pages,known,,,bpt6k649509m: no usable pages in manifest.,2026-07-17T20:21:31.119035
leconstitutionnel,bpt6k649510j,,failed,0,0,,no_usable_pages,known,,,bpt6k649510j: no usable pages in manifest.,2026-07-17T20:21:31.227464
leconstitutionnel,bpt6k649511x,,failed,0,0,,no_usable_pages,known,,,bpt6k649511x: no usable pages in manifest.,2026-07-17T20:21:31.308354
leconstitutionnel,bpt6k6495129,,failed,0,0,,no_usable_pages,known,,,bpt6k6495129: no usable pages in manifest.,2026-07-17T20:21:31.368443
leconstitutionnel,bpt6k649513p,,failed,0,0,,no_usable_pages,known,,,bpt6k649513p: no usable pages in manifest.,2026-07-17T20:21:31.434831
leconstitutionnel,bpt6k6495142,,failed,0,0,,no_usable_pages,known,,,bpt6k6495142: no usable pages in manifest.,2026-07-17T20:21:31.565685
leconstitutionnel,bpt6k649515f,,failed,0,0,,no_usable_pages,known,,,bpt6k649515f: no usable pages in manifest.,2026-07-17T20:21:31.665703
leconstitutionnel,bpt6k649516t,,failed,0,0,,no_usable_pages,known,,,bpt6k649516t: no usable pages in manifest.,2026-07-17T20:21:31.757347
leconstitutionnel,bpt6k6495176,,failed,0,0,,no_usable_pages,known,,,bpt6k6495176: no usable pages in manifest.,2026-07-17T20:21:31.833864
leconstitutionnel,bpt6k649518k,,failed,0,0,,no_usable_pages,known,,,bpt6k649518k: no usable pages in manifest.,2026-07-17T20:21:31.925432
leconstitutionnel,bpt6k649519z,,failed,0,0,,no_usable_pages,known,,,bpt6k649519z: no usable pages in manifest.,2026-07-17T20:21:32.002612
leconstitutionnel,bpt6k649520w,,failed,0,0,,no_usable_pages,known,,,bpt6k649520w: no usable pages in manifest.,2026-07-17T20:21:32.122390
leconstitutionnel,bpt6k6495218,,failed,0,0,,no_usable_pages,known,,,bpt6k6495218: no usable pages in manifest.,2026-07-17T20:21:32.245846
leconstitutionnel,bpt6k649522n,,failed,0,0,,no_usable_pages,known,,,bpt6k649522n: no usable pages in manifest.,2026-07-17T20:21:32.306738
leconstitutionnel,bpt6k6495231,,failed,0,0,,no_usable_pages,known,,,bpt6k6495231: no usable pages in manifest.,2026-07-17T20:21:32.379070
leconstitutionnel,bpt6k649524d,,failed,0,0,,no_usable_pages,known,,,bpt6k649524d: no usable pages in manifest.,2026-07-17T20:21:32.455509
leconstitutionnel,bpt6k649525s,,failed,0,0,,no_usable_pages,known,,,bpt6k649525s: no usable pages in manifest.,2026-07-17T20:21:32.541243
leconstitutionnel,bpt6k6495265,,failed,0,0,,no_usable_pages,known,,,bpt6k6495265: no usable pages in manifest.,2026-07-17T20:21:32.634479
leconstitutionnel,bpt6k649527j,,failed,0,0,,no_usable_pages,known,,,bpt6k649527j: no usable pages in manifest.,2026-07-17T20:21:32.724970
leconstitutionnel,bpt6k649528x,,failed,0,0,,no_usable_pages,known,,,bpt6k649528x: no usable pages in manifest.,2026-07-17T20:21:32.811356
leconstitutionnel,bpt6k6495299,,failed,0,0,,no_usable_pages,known,,,bpt6k6495299: no usable pages in manifest.,2026-07-17T20:21:32.895543
leconstitutionnel,bpt6k6495307,,failed,0,0,,no_usable_pages,known,,,bpt6k6495307: no usable pages in manifest.,2026-07-17T20:21:33.009701
leconstitutionnel,bpt6k649531m,,failed,0,0,,no_usable_pages,known,,,bpt6k649531m: no usable pages in manifest.,2026-07-17T20:21:33.177445
leconstitutionnel,bpt6k6495320,,failed,0,0,,no_usable_pages,known,,,bpt6k6495320: no usable pages in manifest.,2026-07-17T20:21:33.260546
leconstitutionnel,bpt6k649533c,,failed,0,0,,no_usable_pages,known,,,bpt6k649533c: no usable pages in manifest.,2026-07-17T20:21:33.318591
leconstitutionnel,bpt6k649534r,,failed,0,0,,no_usable_pages,known,,,bpt6k649534r: no usable pages in manifest.,2026-07-17T20:21:33.423893
leconstitutionnel,bpt6k6495354,,failed,0,0,,no_usable_pages,known,,,bpt6k6495354: no usable pages in manifest.,2026-07-17T20:21:33.514106
leconstitutionnel,bpt6k649536h,,failed,0,0,,no_usable_pages,known,,,bpt6k649536h: no usable pages in manifest.,2026-07-17T20:21:33.647730
leconstitutionnel,bpt6k649537w,,failed,0,0,,no_usable_pages,known,,,bpt6k649537w: no usable pages in manifest.,2026-07-17T20:21:33.751196
leconstitutionnel,bpt6k6495388,,failed,0,0,,no_usable_pages,known,,,bpt6k6495388: no usable pages in manifest.,2026-07-17T20:21:33.864321
leconstitutionnel,bpt6k649539n,,failed,0,0,,no_usable_pages,known,,,bpt6k649539n: no usable pages in manifest.,2026-07-17T20:21:33.946882
leconstitutionnel,bpt6k649540k,,failed,0,0,,no_usable_pages,known,,,bpt6k649540k: no usable pages in manifest.,2026-07-17T20:21:34.029129
leconstitutionnel,bpt6k649541z,,failed,0,0,,no_usable_pages,known,,,bpt6k649541z: no usable pages in manifest.,2026-07-17T20:21:34.110140
leconstitutionnel,bpt6k649542b,,failed,0,0,,no_usable_pages,known,,,bpt6k649542b: no usable pages in manifest.,2026-07-17T20:21:34.281915
leconstitutionnel,bpt6k649543q,,failed,0,0,,no_usable_pages,known,,,bpt6k649543q: no usable pages in manifest.,2026-07-17T20:21:34.376635
leconstitutionnel,bpt6k6495443,,failed,0,0,,no_usable_pages,known,,,bpt6k6495443: no usable pages in manifest.,2026-07-17T20:21:34.474442
leconstitutionnel,bpt6k649545g,,failed,0,0,,no_usable_pages,known,,,bpt6k649545g: no usable pages in manifest.,2026-07-17T20:21:34.574937
leconstitutionnel,bpt6k649546v,,failed,0,0,,no_usable_pages,known,,,bpt6k649546v: no usable pages in manifest.,2026-07-17T20:21:34.663801
leconstitutionnel,bpt6k6495477,,failed,0,0,,no_usable_pages,known,,,bpt6k6495477: no usable pages in manifest.,2026-07-17T20:21:34.825807
leconstitutionnel,bpt6k649548m,,failed,0,0,,no_usable_pages,known,,,bpt6k649548m: no usable pages in manifest.,2026-07-17T20:21:34.920681
leconstitutionnel,bpt6k6495490,,failed,0,0,,no_usable_pages,known,,,bpt6k6495490: no usable pages in manifest.,2026-07-17T20:21:35.014617
leconstitutionnel,bpt6k649550x,,failed,0,0,,no_usable_pages,known,,,bpt6k649550x: no usable pages in manifest.,2026-07-17T20:21:35.092244
leconstitutionnel,bpt6k6495519,,failed,0,0,,no_usable_pages,known,,,bpt6k6495519: no usable pages in manifest.,2026-07-17T20:21:35.170386
leconstitutionnel,bpt6k649552p,,failed,0,0,,no_usable_pages,known,,,bpt6k649552p: no usable pages in manifest.,2026-07-17T20:21:35.287402
leconstitutionnel,bpt6k6495532,,failed,0,0,,no_usable_pages,known,,,bpt6k6495532: no usable pages in manifest.,2026-07-17T20:21:35.349002
leconstitutionnel,bpt6k649554f,,failed,0,0,,no_usable_pages,known,,,bpt6k649554f: no usable pages in manifest.,2026-07-17T20:21:35.430401
leconstitutionnel,bpt6k649555t,,failed,0,0,,no_usable_pages,known,,,bpt6k649555t: no usable pages in manifest.,2026-07-17T20:21:35.539453
leconstitutionnel,bpt6k6495566,,failed,0,0,,no_usable_pages,known,,,bpt6k6495566: no usable pages in manifest.,2026-07-17T20:21:35.645236
leconstitutionnel,bpt6k649557k,,failed,0,0,,no_usable_pages,known,,,bpt6k649557k: no usable pages in manifest.,2026-07-17T20:21:35.749199
leconstitutionnel,bpt6k649558z,,failed,0,0,,no_usable_pages,known,,,bpt6k649558z: no usable pages in manifest.,2026-07-17T20:21:35.849356
leconstitutionnel,bpt6k649559b,,failed,0,0,,no_usable_pages,known,,,bpt6k649559b: no usable pages in manifest.,2026-07-17T20:21:35.934498
leconstitutionnel,bpt6k6495608,,failed,0,0,,no_usable_pages,known,,,bpt6k6495608: no usable pages in manifest.,2026-07-17T20:21:36.023071
leconstitutionnel,bpt6k649561n,,failed,0,0,,no_usable_pages,known,,,bpt6k649561n: no usable pages in manifest.,2026-07-17T20:21:36.110647
leconstitutionnel,bpt6k6495621,,failed,0,0,,no_usable_pages,known,,,bpt6k6495621: no usable pages in manifest.,2026-07-17T20:21:36.246903
leconstitutionnel,bpt6k649563d,,failed,0,0,,no_usable_pages,known,,,bpt6k649563d: no usable pages in manifest.,2026-07-17T20:21:36.445909
leconstitutionnel,bpt6k649564s,,failed,0,0,,no_usable_pages,known,,,bpt6k649564s: no usable pages in manifest.,2026-07-17T20:21:36.552856
leconstitutionnel,bpt6k6495655,,failed,0,0,,no_usable_pages,known,,,bpt6k6495655: no usable pages in manifest.,2026-07-17T20:21:36.642029
leconstitutionnel,bpt6k649566j,,failed,0,0,,no_usable_pages,known,,,bpt6k649566j: no usable pages in manifest.,2026-07-17T20:21:36.736152
leconstitutionnel,bpt6k649567x,,failed,0,0,,no_usable_pages,known,,,bpt6k649567x: no usable pages in manifest.,2026-07-17T20:21:36.823666
leconstitutionnel,bpt6k6495689,,failed,0,0,,no_usable_pages,known,,,bpt6k6495689: no usable pages in manifest.,2026-07-17T20:21:36.924007
leconstitutionnel,bpt6k649569p,,failed,0,0,,no_usable_pages,known,,,bpt6k649569p: no usable pages in manifest.,2026-07-17T20:21:36.990820
leconstitutionnel,bpt6k649570m,,failed,0,0,,no_usable_pages,known,,,bpt6k649570m: no usable pages in manifest.,2026-07-17T20:21:37.073311
leconstitutionnel,bpt6k6495710,,failed,0,0,,no_usable_pages,known,,,bpt6k6495710: no usable pages in manifest.,2026-07-17T20:21:37.169740
leconstitutionnel,bpt6k649572c,,failed,0,0,,no_usable_pages,known,,,bpt6k649572c: no usable pages in manifest.,2026-07-17T20:21:37.255119
leconstitutionnel,bpt6k649573r,,failed,0,0,,no_usable_pages,known,,,bpt6k649573r: no usable pages in manifest.,2026-07-17T20:21:37.348841
leconstitutionnel,bpt6k6495744,,failed,0,0,,no_usable_pages,known,,,bpt6k6495744: no usable pages in manifest.,2026-07-17T20:21:37.554403
leconstitutionnel,bpt6k649575h,,failed,0,0,,no_usable_pages,known,,,bpt6k649575h: no usable pages in manifest.,2026-07-17T20:21:37.652517
leconstitutionnel,bpt6k649576w,,failed,0,0,,no_usable_pages,known,,,bpt6k649576w: no usable pages in manifest.,2026-07-17T20:21:37.739985
leconstitutionnel,bpt6k6495778,,failed,0,0,,no_usable_pages,known,,,bpt6k6495778: no usable pages in manifest.,2026-07-17T20:21:37.811181
leconstitutionnel,bpt6k649578n,,failed,0,0,,no_usable_pages,known,,,bpt6k649578n: no usable pages in manifest.,2026-07-17T20:21:37.897553
leconstitutionnel,bpt6k6495791,,failed,0,0,,no_usable_pages,known,,,bpt6k6495791: no usable pages in manifest.,2026-07-17T20:21:37.997521
leconstitutionnel,bpt6k649580z,,failed,0,0,,no_usable_pages,known,,,bpt6k649580z: no usable pages in manifest.,2026-07-17T20:21:38.070433
leconstitutionnel,bpt6k649581b,,failed,0,0,,no_usable_pages,known,,,bpt6k649581b: no usable pages in manifest.,2026-07-17T20:21:38.156087
leconstitutionnel,bpt6k649582q,,failed,0,0,,no_usable_pages,known,,,bpt6k649582q: no usable pages in manifest.,2026-07-17T20:21:38.228064
leconstitutionnel,bpt6k6495833,,failed,0,0,,no_usable_pages,known,,,bpt6k6495833: no usable pages in manifest.,2026-07-17T20:21:38.305616
leconstitutionnel,bpt6k649584g,,failed,0,0,,no_usable_pages,known,,,bpt6k649584g: no usable pages in manifest.,2026-07-17T20:21:38.424622
leconstitutionnel,bpt6k649585v,,failed,0,0,,no_usable_pages,known,,,bpt6k649585v: no usable pages in manifest.,2026-07-17T20:21:38.543253
leconstitutionnel,bpt6k6495867,,failed,0,0,,no_usable_pages,known,,,bpt6k6495867: no usable pages in manifest.,2026-07-17T20:21:38.616282
leconstitutionnel,bpt6k649587m,,failed,0,0,,no_usable_pages,known,,,bpt6k649587m: no usable pages in manifest.,2026-07-17T20:21:38.695744
leconstitutionnel,bpt6k6495880,,failed,0,0,,no_usable_pages,known,,,bpt6k6495880: no usable pages in manifest.,2026-07-17T20:21:38.784710
leconstitutionnel,bpt6k649589c,,failed,0,0,,no_usable_pages,known,,,bpt6k649589c: no usable pages in manifest.,2026-07-17T20:21:38.878757
leconstitutionnel,bpt6k6495909,,failed,0,0,,no_usable_pages,known,,,bpt6k6495909: no usable pages in manifest.,2026-07-17T20:21:38.955966
leconstitutionnel,bpt6k649591p,,failed,0,0,,no_usable_pages,known,,,bpt6k649591p: no usable pages in manifest.,2026-07-17T20:21:39.037507
leconstitutionnel,bpt6k6495922,,failed,0,0,,no_usable_pages,known,,,bpt6k6495922: no usable pages in manifest.,2026-07-17T20:21:39.113595
leconstitutionnel,bpt6k649593f,,failed,0,0,,no_usable_pages,known,,,bpt6k649593f: no usable pages in manifest.,2026-07-17T20:21:39.203487
leconstitutionnel,bpt6k649594t,,failed,0,0,,no_usable_pages,known,,,bpt6k649594t: no usable pages in manifest.,2026-07-17T20:21:39.272771
leconstitutionnel,bpt6k6495956,,failed,0,0,,no_usable_pages,known,,,bpt6k6495956: no usable pages in manifest.,2026-07-17T20:21:39.361738
leconstitutionnel,bpt6k649596k,,failed,0,0,,no_usable_pages,known,,,bpt6k649596k: no usable pages in manifest.,2026-07-17T20:21:39.464472
leconstitutionnel,bpt6k649597z,,failed,0,0,,no_usable_pages,known,,,bpt6k649597z: no usable pages in manifest.,2026-07-17T20:21:39.622011
leconstitutionnel,bpt6k649598b,,failed,0,0,,no_usable_pages,known,,,bpt6k649598b: no usable pages in manifest.,2026-07-17T20:21:39.696851
leconstitutionnel,bpt6k649599q,,failed,0,0,,no_usable_pages,known,,,bpt6k649599q: no usable pages in manifest.,2026-07-17T20:21:39.780176
leconstitutionnel,bpt6k649600h,,failed,0,0,,no_usable_pages,known,,,bpt6k649600h: no usable pages in manifest.,2026-07-17T20:21:39.875026
leconstitutionnel,bpt6k649601w,,failed,0,0,,no_usable_pages,known,,,bpt6k649601w: no usable pages in manifest.,2026-07-17T20:21:39.972489
leconstitutionnel,bpt6k6496028,,failed,0,0,,no_usable_pages,known,,,bpt6k6496028: no usable pages in manifest.,2026-07-17T20:21:40.057687
leconstitutionnel,bpt6k649603n,,failed,0,0,,no_usable_pages,known,,,bpt6k649603n: no usable pages in manifest.,2026-07-17T20:21:40.130397
leconstitutionnel,bpt6k6496041,,failed,0,0,,no_usable_pages,known,,,bpt6k6496041: no usable pages in manifest.,2026-07-17T20:21:40.217295
leconstitutionnel,bpt6k649605d,,failed,0,0,,no_usable_pages,known,,,bpt6k649605d: no usable pages in manifest.,2026-07-17T20:21:40.314117
leconstitutionnel,bpt6k649606s,,failed,0,0,,no_usable_pages,known,,,bpt6k649606s: no usable pages in manifest.,2026-07-17T20:21:40.412485
leconstitutionnel,bpt6k6496075,,failed,0,0,,no_usable_pages,known,,,bpt6k6496075: no usable pages in manifest.,2026-07-17T20:21:40.531121
leconstitutionnel,bpt6k649608j,,failed,0,0,,no_usable_pages,known,,,bpt6k649608j: no usable pages in manifest.,2026-07-17T20:21:40.696391
leconstitutionnel,bpt6k649609x,,failed,0,0,,no_usable_pages,known,,,bpt6k649609x: no usable pages in manifest.,2026-07-17T20:21:40.792464
leconstitutionnel,bpt6k649610v,,failed,0,0,,no_usable_pages,known,,,bpt6k649610v: no usable pages in manifest.,2026-07-17T20:21:40.870121
leconstitutionnel,bpt6k6496117,,failed,0,0,,no_usable_pages,known,,,bpt6k6496117: no usable pages in manifest.,2026-07-17T20:21:40.976523
leconstitutionnel,bpt6k649612m,,failed,0,0,,no_usable_pages,known,,,bpt6k649612m: no usable pages in manifest.,2026-07-17T20:21:41.058221
leconstitutionnel,bpt6k6496130,,failed,0,0,,no_usable_pages,known,,,bpt6k6496130: no usable pages in manifest.,2026-07-17T20:21:41.161997
leconstitutionnel,bpt6k649614c,,failed,0,0,,no_usable_pages,known,,,bpt6k649614c: no usable pages in manifest.,2026-07-17T20:21:41.224472
leconstitutionnel,bpt6k649615r,,failed,0,0,,no_usable_pages,known,,,bpt6k649615r: no usable pages in manifest.,2026-07-17T20:21:41.270616
leconstitutionnel,bpt6k6496164,,failed,0,0,,no_usable_pages,known,,,bpt6k6496164: no usable pages in manifest.,2026-07-17T20:21:41.347549
leconstitutionnel,bpt6k649617h,,failed,0,0,,no_usable_pages,known,,,bpt6k649617h: no usable pages in manifest.,2026-07-17T20:21:41.410771
leconstitutionnel,bpt6k649618w,,failed,0,0,,no_usable_pages,known,,,bpt6k649618w: no usable pages in manifest.,2026-07-17T20:21:41.496296
leconstitutionnel,bpt6k6496198,,failed,0,0,,no_usable_pages,known,,,bpt6k6496198: no usable pages in manifest.,2026-07-17T20:21:41.596319
leconstitutionnel,bpt6k6496206,,failed,0,0,,no_usable_pages,known,,,bpt6k6496206: no usable pages in manifest.,2026-07-17T20:21:41.776602
leconstitutionnel,bpt6k649621k,,failed,0,0,,no_usable_pages,known,,,bpt6k649621k: no usable pages in manifest.,2026-07-17T20:21:41.866125
leconstitutionnel,bpt6k649622z,,failed,0,0,,no_usable_pages,known,,,bpt6k649622z: no usable pages in manifest.,2026-07-17T20:21:41.957702
leconstitutionnel,bpt6k649623b,,failed,0,0,,no_usable_pages,known,,,bpt6k649623b: no usable pages in manifest.,2026-07-17T20:21:42.040305
leconstitutionnel,bpt6k649624q,,failed,0,0,,no_usable_pages,known,,,bpt6k649624q: no usable pages in manifest.,2026-07-17T20:21:42.151869
leconstitutionnel,bpt6k6496253,,failed,0,0,,no_usable_pages,known,,,bpt6k6496253: no usable pages in manifest.,2026-07-17T20:21:42.227948
leconstitutionnel,bpt6k649626g,,failed,0,0,,no_usable_pages,known,,,bpt6k649626g: no usable pages in manifest.,2026-07-17T20:21:42.320681
leconstitutionnel,bpt6k649627v,,failed,0,0,,no_usable_pages,known,,,bpt6k649627v: no usable pages in manifest.,2026-07-17T20:21:42.410133
leconstitutionnel,bpt6k6496287,,failed,0,0,,no_usable_pages,known,,,bpt6k6496287: no usable pages in manifest.,2026-07-17T20:21:42.493485
leconstitutionnel,bpt6k649629m,,failed,0,0,,no_usable_pages,known,,,bpt6k649629m: no usable pages in manifest.,2026-07-17T20:21:42.576557
leconstitutionnel,bpt6k649630j,,failed,0,0,,no_usable_pages,known,,,bpt6k649630j: no usable pages in manifest.,2026-07-17T20:21:42.666037
leconstitutionnel,bpt6k649631x,,failed,0,0,,no_usable_pages,known,,,bpt6k649631x: no usable pages in manifest.,2026-07-17T20:21:42.817353
leconstitutionnel,bpt6k6496329,,failed,0,0,,no_usable_pages,known,,,bpt6k6496329: no usable pages in manifest.,2026-07-17T20:21:42.926175
leconstitutionnel,bpt6k649633p,,failed,0,0,,no_usable_pages,known,,,bpt6k649633p: no usable pages in manifest.,2026-07-17T20:21:43.017965
leconstitutionnel,bpt6k6496342,,failed,0,0,,no_usable_pages,known,,,bpt6k6496342: no usable pages in manifest.,2026-07-17T20:21:43.088326
leconstitutionnel,bpt6k649635f,,failed,0,0,,no_usable_pages,known,,,bpt6k649635f: no usable pages in manifest.,2026-07-17T20:21:43.167630
leconstitutionnel,bpt6k649636t,,failed,0,0,,no_usable_pages,known,,,bpt6k649636t: no usable pages in manifest.,2026-07-17T20:21:43.262539
leconstitutionnel,bpt6k6496376,,failed,0,0,,no_usable_pages,known,,,bpt6k6496376: no usable pages in manifest.,2026-07-17T20:21:43.345500
leconstitutionnel,bpt6k649638k,,failed,0,0,,no_usable_pages,known,,,bpt6k649638k: no usable pages in manifest.,2026-07-17T20:21:43.433880
leconstitutionnel,bpt6k649639z,,failed,0,0,,no_usable_pages,known,,,bpt6k649639z: no usable pages in manifest.,2026-07-17T20:21:43.548550
leconstitutionnel,bpt6k649640w,,failed,0,0,,no_usable_pages,known,,,bpt6k649640w: no usable pages in manifest.,2026-07-17T20:21:43.640982
leconstitutionnel,bpt6k6496418,,failed,0,0,,no_usable_pages,known,,,bpt6k6496418: no usable pages in manifest.,2026-07-17T20:21:43.720299
leconstitutionnel,bpt6k649642n,,failed,0,0,,no_usable_pages,known,,,bpt6k649642n: no usable pages in manifest.,2026-07-17T20:21:43.860833
leconstitutionnel,bpt6k6496431,,failed,0,0,,no_usable_pages,known,,,bpt6k6496431: no usable pages in manifest.,2026-07-17T20:21:43.930181
leconstitutionnel,bpt6k649644d,,failed,0,0,,no_usable_pages,known,,,bpt6k649644d: no usable pages in manifest.,2026-07-17T20:21:44.033887
leconstitutionnel,bpt6k649645s,,failed,0,0,,no_usable_pages,known,,,bpt6k649645s: no usable pages in manifest.,2026-07-17T20:21:44.213070
leconstitutionnel,bpt6k6496465,,failed,0,0,,no_usable_pages,known,,,bpt6k6496465: no usable pages in manifest.,2026-07-17T20:21:44.328323
leconstitutionnel,bpt6k649647j,,failed,0,0,,no_usable_pages,known,,,bpt6k649647j: no usable pages in manifest.,2026-07-17T20:21:44.409284
leconstitutionnel,bpt6k649648x,,failed,0,0,,no_usable_pages,known,,,bpt6k649648x: no usable pages in manifest.,2026-07-17T20:21:44.511155
leconstitutionnel,bpt6k6496499,,failed,0,0,,no_usable_pages,known,,,bpt6k6496499: no usable pages in manifest.,2026-07-17T20:21:44.628732
leconstitutionnel,bpt6k6496507,,failed,0,0,,no_usable_pages,known,,,bpt6k6496507: no usable pages in manifest.,2026-07-17T20:21:44.757456
leconstitutionnel,bpt6k649651m,,failed,0,0,,no_usable_pages,known,,,bpt6k649651m: no usable pages in manifest.,2026-07-17T20:21:44.917113
leconstitutionnel,bpt6k6496520,,failed,0,0,,no_usable_pages,known,,,bpt6k6496520: no usable pages in manifest.,2026-07-17T20:21:45.009509
leconstitutionnel,bpt6k649653c,,failed,0,0,,no_usable_pages,known,,,bpt6k649653c: no usable pages in manifest.,2026-07-17T20:21:45.150112
leconstitutionnel,bpt6k649654r,,failed,0,0,,no_usable_pages,known,,,bpt6k649654r: no usable pages in manifest.,2026-07-17T20:21:45.258408
leconstitutionnel,bpt6k6496554,,failed,0,0,,no_usable_pages,known,,,bpt6k6496554: no usable pages in manifest.,2026-07-17T20:21:45.349244
leconstitutionnel,bpt6k649656h,,failed,0,0,,no_usable_pages,known,,,bpt6k649656h: no usable pages in manifest.,2026-07-17T20:21:45.468007
leconstitutionnel,bpt6k649657w,,failed,0,0,,no_usable_pages,known,,,bpt6k649657w: no usable pages in manifest.,2026-07-17T20:21:45.577631
leconstitutionnel,bpt6k6496588,,failed,0,0,,no_usable_pages,known,,,bpt6k6496588: no usable pages in manifest.,2026-07-17T20:21:45.689552
leconstitutionnel,bpt6k649659n,,failed,0,0,,no_usable_pages,known,,,bpt6k649659n: no usable pages in manifest.,2026-07-17T20:21:45.803679
leconstitutionnel,bpt6k649660k,,failed,0,0,,no_usable_pages,known,,,bpt6k649660k: no usable pages in manifest.,2026-07-17T20:21:45.935070
leconstitutionnel,bpt6k649661z,,failed,0,0,,no_usable_pages,known,,,bpt6k649661z: no usable pages in manifest.,2026-07-17T20:21:46.032841
leconstitutionnel,bpt6k649662b,,failed,0,0,,no_usable_pages,known,,,bpt6k649662b: no usable pages in manifest.,2026-07-17T20:21:46.108449
leconstitutionnel,bpt6k649663q,,failed,0,0,,no_usable_pages,known,,,bpt6k649663q: no usable pages in manifest.,2026-07-17T20:21:46.196613
leconstitutionnel,bpt6k6496643,,failed,0,0,,no_usable_pages,known,,,bpt6k6496643: no usable pages in manifest.,2026-07-17T20:21:46.273653
leconstitutionnel,bpt6k649665g,,failed,0,0,,no_usable_pages,known,,,bpt6k649665g: no usable pages in manifest.,2026-07-17T20:21:46.337486
leconstitutionnel,bpt6k649666v,,failed,0,0,,no_usable_pages,known,,,bpt6k649666v: no usable pages in manifest.,2026-07-17T20:21:46.418474
leconstitutionnel,bpt6k6496677,,failed,0,0,,no_usable_pages,known,,,bpt6k6496677: no usable pages in manifest.,2026-07-17T20:21:46.542583
leconstitutionnel,bpt6k649668m,,failed,0,0,,no_usable_pages,known,,,bpt6k649668m: no usable pages in manifest.,2026-07-17T20:21:46.615600
leconstitutionnel,bpt6k6496690,,failed,0,0,,no_usable_pages,known,,,bpt6k6496690: no usable pages in manifest.,2026-07-17T20:21:46.712150
leconstitutionnel,bpt6k649670x,,failed,0,0,,no_usable_pages,known,,,bpt6k649670x: no usable pages in manifest.,2026-07-17T20:21:46.782978
leconstitutionnel,bpt6k6496719,,failed,0,0,,no_usable_pages,known,,,bpt6k6496719: no usable pages in manifest.,2026-07-17T20:21:46.859685
leconstitutionnel,bpt6k649672p,,failed,0,0,,no_usable_pages,known,,,bpt6k649672p: no usable pages in manifest.,2026-07-17T20:21:46.994960
leconstitutionnel,bpt6k6496732,,failed,0,0,,no_usable_pages,known,,,bpt6k6496732: no usable pages in manifest.,2026-07-17T20:21:47.099378
leconstitutionnel,bpt6k649674f,,failed,0,0,,no_usable_pages,known,,,bpt6k649674f: no usable pages in manifest.,2026-07-17T20:21:47.167431
leconstitutionnel,bpt6k649675t,,failed,0,0,,no_usable_pages,known,,,bpt6k649675t: no usable pages in manifest.,2026-07-17T20:21:47.252474
leconstitutionnel,bpt6k6496766,,failed,0,0,,no_usable_pages,known,,,bpt6k6496766: no usable pages in manifest.,2026-07-17T20:21:47.340514
leconstitutionnel,bpt6k649677k,,failed,0,0,,no_usable_pages,known,,,bpt6k649677k: no usable pages in manifest.,2026-07-17T20:21:47.438942
leconstitutionnel,bpt6k649678z,,failed,0,0,,no_usable_pages,known,,,bpt6k649678z: no usable pages in manifest.,2026-07-17T20:21:47.507596
leconstitutionnel,bpt6k649679b,,failed,0,0,,no_usable_pages,known,,,bpt6k649679b: no usable pages in manifest.,2026-07-17T20:21:47.581424
leconstitutionnel,bpt6k6496808,,failed,0,0,,no_usable_pages,known,,,bpt6k6496808: no usable pages in manifest.,2026-07-17T20:21:47.659892
leconstitutionnel,bpt6k649681n,,failed,0,0,,no_usable_pages,known,,,bpt6k649681n: no usable pages in manifest.,2026-07-17T20:21:47.737399
leconstitutionnel,bpt6k6496821,,failed,0,0,,no_usable_pages,known,,,bpt6k6496821: no usable pages in manifest.,2026-07-17T20:21:47.816087
leconstitutionnel,bpt6k649683d,,failed,0,0,,no_usable_pages,known,,,bpt6k649683d: no usable pages in manifest.,2026-07-17T20:21:47.889317
leconstitutionnel,bpt6k649684s,,failed,0,0,,no_usable_pages,known,,,bpt6k649684s: no usable pages in manifest.,2026-07-17T20:21:48.009446
leconstitutionnel,bpt6k6496855,,failed,0,0,,no_usable_pages,known,,,bpt6k6496855: no usable pages in manifest.,2026-07-17T20:21:48.091395
leconstitutionnel,bpt6k649686j,,failed,0,0,,no_usable_pages,known,,,bpt6k649686j: no usable pages in manifest.,2026-07-17T20:21:48.188265
leconstitutionnel,bpt6k649687x,,failed,0,0,,no_usable_pages,known,,,bpt6k649687x: no usable pages in manifest.,2026-07-17T20:21:48.247849
leconstitutionnel,bpt6k6496889,,failed,0,0,,no_usable_pages,known,,,bpt6k6496889: no usable pages in manifest.,2026-07-17T20:21:48.343941
leconstitutionnel,bpt6k649689p,,failed,0,0,,no_usable_pages,known,,,bpt6k649689p: no usable pages in manifest.,2026-07-17T20:21:48.426670
leconstitutionnel,bpt6k649690m,,failed,0,0,,no_usable_pages,known,,,bpt6k649690m: no usable pages in manifest.,2026-07-17T20:21:48.538841
leconstitutionnel,bpt6k6496910,,failed,0,0,,no_usable_pages,known,,,bpt6k6496910: no usable pages in manifest.,2026-07-17T20:21:48.624775
leconstitutionnel,bpt6k649692c,,failed,0,0,,no_usable_pages,known,,,bpt6k649692c: no usable pages in manifest.,2026-07-17T20:21:48.701629
leconstitutionnel,bpt6k649693r,,failed,0,0,,no_usable_pages,known,,,bpt6k649693r: no usable pages in manifest.,2026-07-17T20:21:48.776182
leconstitutionnel,bpt6k6496944,,failed,0,0,,no_usable_pages,known,,,bpt6k6496944: no usable pages in manifest.,2026-07-17T20:21:48.849167
leconstitutionnel,bpt6k649695h,,failed,0,0,,no_usable_pages,known,,,bpt6k649695h: no usable pages in manifest.,2026-07-17T20:21:48.926348
leconstitutionnel,bpt6k649696w,,failed,0,0,,no_usable_pages,known,,,bpt6k649696w: no usable pages in manifest.,2026-07-17T20:21:49.075218
leconstitutionnel,bpt6k6496978,,failed,0,0,,no_usable_pages,known,,,bpt6k6496978: no usable pages in manifest.,2026-07-17T20:21:49.152955
leconstitutionnel,bpt6k649698n,,failed,0,0,,no_usable_pages,known,,,bpt6k649698n: no usable pages in manifest.,2026-07-17T20:21:49.246476
leconstitutionnel,bpt6k6496991,,failed,0,0,,no_usable_pages,known,,,bpt6k6496991: no usable pages in manifest.,2026-07-17T20:21:49.318469
leconstitutionnel,bpt6k649700t,,failed,0,0,,no_usable_pages,known,,,bpt6k649700t: no usable pages in manifest.,2026-07-17T20:21:49.401677
leconstitutionnel,bpt6k6497016,,failed,0,0,,no_usable_pages,known,,,bpt6k6497016: no usable pages in manifest.,2026-07-17T20:21:49.488622
leconstitutionnel,bpt6k649702k,,failed,0,0,,no_usable_pages,known,,,bpt6k649702k: no usable pages in manifest.,2026-07-17T20:21:49.604501
leconstitutionnel,bpt6k649703z,,failed,0,0,,no_usable_pages,known,,,bpt6k649703z: no usable pages in manifest.,2026-07-17T20:21:49.663099
leconstitutionnel,bpt6k649704b,,failed,0,0,,no_usable_pages,known,,,bpt6k649704b: no usable pages in manifest.,2026-07-17T20:21:49.744852
leconstitutionnel,bpt6k649705q,,failed,0,0,,no_usable_pages,known,,,bpt6k649705q: no usable pages in manifest.,2026-07-17T20:21:49.822729
leconstitutionnel,bpt6k6497063,,failed,0,0,,no_usable_pages,known,,,bpt6k6497063: no usable pages in manifest.,2026-07-17T20:21:49.898527
leconstitutionnel,bpt6k649707g,,failed,0,0,,no_usable_pages,known,,,bpt6k649707g: no usable pages in manifest.,2026-07-17T20:21:50.017013
leconstitutionnel,bpt6k649708v,,failed,0,0,,no_usable_pages,known,,,bpt6k649708v: no usable pages in manifest.,2026-07-17T20:21:50.153290
leconstitutionnel,bpt6k6497097,,failed,0,0,,no_usable_pages,known,,,bpt6k6497097: no usable pages in manifest.,2026-07-17T20:21:50.235861
leconstitutionnel,bpt6k6497105,,failed,0,0,,no_usable_pages,known,,,bpt6k6497105: no usable pages in manifest.,2026-07-17T20:21:50.301171
leconstitutionnel,bpt6k649711j,,failed,0,0,,no_usable_pages,known,,,bpt6k649711j: no usable pages in manifest.,2026-07-17T20:21:50.415904
leconstitutionnel,bpt6k649712x,,failed,0,0,,no_usable_pages,known,,,bpt6k649712x: no usable pages in manifest.,2026-07-17T20:21:50.499646
leconstitutionnel,bpt6k6497139,,failed,0,0,,no_usable_pages,known,,,bpt6k6497139: no usable pages in manifest.,2026-07-17T20:21:50.605580
leconstitutionnel,bpt6k649714p,,failed,0,0,,no_usable_pages,known,,,bpt6k649714p: no usable pages in manifest.,2026-07-17T20:21:50.682673
leconstitutionnel,bpt6k6497152,,failed,0,0,,no_usable_pages,known,,,bpt6k6497152: no usable pages in manifest.,2026-07-17T20:21:50.753295
leconstitutionnel,bpt6k649716f,,failed,0,0,,no_usable_pages,known,,,bpt6k649716f: no usable pages in manifest.,2026-07-17T20:21:50.837375
leconstitutionnel,bpt6k649717t,,failed,0,0,,no_usable_pages,known,,,bpt6k649717t: no usable pages in manifest.,2026-07-17T20:21:50.929699
leconstitutionnel,bpt6k6497186,,failed,0,0,,no_usable_pages,known,,,bpt6k6497186: no usable pages in manifest.,2026-07-17T20:21:51.012136
leconstitutionnel,bpt6k649719k,,failed,0,0,,no_usable_pages,known,,,bpt6k649719k: no usable pages in manifest.,2026-07-17T20:21:51.088399
leconstitutionnel,bpt6k649720h,,failed,0,0,,no_usable_pages,known,,,bpt6k649720h: no usable pages in manifest.,2026-07-17T20:21:51.259388
leconstitutionnel,bpt6k649721w,,failed,0,0,,no_usable_pages,known,,,bpt6k649721w: no usable pages in manifest.,2026-07-17T20:21:51.322709
leconstitutionnel,bpt6k6497228,,failed,0,0,,no_usable_pages,known,,,bpt6k6497228: no usable pages in manifest.,2026-07-17T20:21:51.385045
leconstitutionnel,bpt6k649723n,,failed,0,0,,no_usable_pages,known,,,bpt6k649723n: no usable pages in manifest.,2026-07-17T20:21:51.475917
leconstitutionnel,bpt6k6497241,,failed,0,0,,no_usable_pages,known,,,bpt6k6497241: no usable pages in manifest.,2026-07-17T20:21:51.561475
leconstitutionnel,bpt6k649725d,,failed,0,0,,no_usable_pages,known,,,bpt6k649725d: no usable pages in manifest.,2026-07-17T20:21:51.682605
leconstitutionnel,bpt6k649726s,,failed,0,0,,no_usable_pages,known,,,bpt6k649726s: no usable pages in manifest.,2026-07-17T20:21:51.783384
leconstitutionnel,bpt6k6497275,,failed,0,0,,no_usable_pages,known,,,bpt6k6497275: no usable pages in manifest.,2026-07-17T20:21:51.874904
leconstitutionnel,bpt6k649728j,,failed,0,0,,no_usable_pages,known,,,bpt6k649728j: no usable pages in manifest.,2026-07-17T20:21:51.951742
leconstitutionnel,bpt6k649729x,,failed,0,0,,no_usable_pages,known,,,bpt6k649729x: no usable pages in manifest.,2026-07-17T20:21:52.051346
leconstitutionnel,bpt6k649730v,,failed,0,0,,no_usable_pages,known,,,bpt6k649730v: no usable pages in manifest.,2026-07-17T20:21:52.118998
leconstitutionnel,bpt6k6497317,,failed,0,0,,no_usable_pages,known,,,bpt6k6497317: no usable pages in manifest.,2026-07-17T20:21:52.261132
leconstitutionnel,bpt6k649732m,,failed,0,0,,no_usable_pages,known,,,bpt6k649732m: no usable pages in manifest.,2026-07-17T20:21:52.384978
leconstitutionnel,bpt6k6497330,,failed,0,0,,no_usable_pages,known,,,bpt6k6497330: no usable pages in manifest.,2026-07-17T20:21:52.465398
leconstitutionnel,bpt6k649734c,,failed,0,0,,no_usable_pages,known,,,bpt6k649734c: no usable pages in manifest.,2026-07-17T20:21:52.543647
leconstitutionnel,bpt6k649735r,,failed,0,0,,no_usable_pages,known,,,bpt6k649735r: no usable pages in manifest.,2026-07-17T20:21:52.617479
leconstitutionnel,bpt6k6497364,,failed,0,0,,no_usable_pages,known,,,bpt6k6497364: no usable pages in manifest.,2026-07-17T20:21:52.710943
leconstitutionnel,bpt6k649737h,,failed,0,0,,no_usable_pages,known,,,bpt6k649737h: no usable pages in manifest.,2026-07-17T20:21:52.794336
leconstitutionnel,bpt6k649738w,,failed,0,0,,no_usable_pages,known,,,bpt6k649738w: no usable pages in manifest.,2026-07-17T20:21:52.865525
leconstitutionnel,bpt6k6497398,,failed,0,0,,no_usable_pages,known,,,bpt6k6497398: no usable pages in manifest.,2026-07-17T20:21:52.950869
leconstitutionnel,bpt6k6497406,,failed,0,0,,no_usable_pages,known,,,bpt6k6497406: no usable pages in manifest.,2026-07-17T20:21:53.022583
leconstitutionnel,bpt6k649741k,,failed,0,0,,no_usable_pages,known,,,bpt6k649741k: no usable pages in manifest.,2026-07-17T20:21:53.095579
leconstitutionnel,bpt6k649742z,,failed,0,0,,no_usable_pages,known,,,bpt6k649742z: no usable pages in manifest.,2026-07-17T20:21:53.199438
leconstitutionnel,bpt6k649743b,,failed,0,0,,no_usable_pages,known,,,bpt6k649743b: no usable pages in manifest.,2026-07-17T20:21:53.340607
leconstitutionnel,bpt6k649744q,,failed,0,0,,no_usable_pages,known,,,bpt6k649744q: no usable pages in manifest.,2026-07-17T20:21:53.429216
leconstitutionnel,bpt6k6497453,,failed,0,0,,no_usable_pages,known,,,bpt6k6497453: no usable pages in manifest.,2026-07-17T20:21:53.512396
leconstitutionnel,bpt6k649746g,,failed,0,0,,no_usable_pages,known,,,bpt6k649746g: no usable pages in manifest.,2026-07-17T20:21:53.606069
leconstitutionnel,bpt6k649747v,,failed,0,0,,no_usable_pages,known,,,bpt6k649747v: no usable pages in manifest.,2026-07-17T20:21:53.684568
leconstitutionnel,bpt6k6497487,,failed,0,0,,no_usable_pages,known,,,bpt6k6497487: no usable pages in manifest.,2026-07-17T20:21:53.746961
leconstitutionnel,bpt6k649749m,,failed,0,0,,no_usable_pages,known,,,bpt6k649749m: no usable pages in manifest.,2026-07-17T20:21:53.824177
leconstitutionnel,bpt6k649750j,,failed,0,0,,no_usable_pages,known,,,bpt6k649750j: no usable pages in manifest.,2026-07-17T20:21:53.902001
leconstitutionnel,bpt6k649751x,,failed,0,0,,no_usable_pages,known,,,bpt6k649751x: no usable pages in manifest.,2026-07-17T20:21:53.977122
leconstitutionnel,bpt6k6497529,,failed,0,0,,no_usable_pages,known,,,bpt6k6497529: no usable pages in manifest.,2026-07-17T20:21:54.048696
leconstitutionnel,bpt6k649753p,,failed,0,0,,no_usable_pages,known,,,bpt6k649753p: no usable pages in manifest.,2026-07-17T20:21:54.122542
leconstitutionnel,bpt6k6497542,,failed,0,0,,no_usable_pages,known,,,bpt6k6497542: no usable pages in manifest.,2026-07-17T20:21:54.200979
leconstitutionnel,bpt6k649755f,,failed,0,0,,no_usable_pages,known,,,bpt6k649755f: no usable pages in manifest.,2026-07-17T20:21:54.268279
leconstitutionnel,bpt6k649756t,,failed,0,0,,no_usable_pages,known,,,bpt6k649756t: no usable pages in manifest.,2026-07-17T20:21:54.414385
leconstitutionnel,bpt6k6497576,,failed,0,0,,no_usable_pages,known,,,bpt6k6497576: no usable pages in manifest.,2026-07-17T20:21:54.519051
leconstitutionnel,bpt6k649759z,,failed,0,0,,no_usable_pages,known,,,bpt6k649759z: no usable pages in manifest.,2026-07-17T20:21:54.616502
leconstitutionnel,bpt6k649758k,,failed,0,0,,no_usable_pages,known,,,bpt6k649758k: no usable pages in manifest.,2026-07-17T20:21:54.743353
leconstitutionnel,bpt6k649760w,,failed,0,0,,no_usable_pages,known,,,bpt6k649760w: no usable pages in manifest.,2026-07-17T20:21:54.874004
leconstitutionnel,bpt6k6497618,,failed,0,0,,no_usable_pages,known,,,bpt6k6497618: no usable pages in manifest.,2026-07-17T20:21:54.978529
leconstitutionnel,bpt6k649762n,,failed,0,0,,no_usable_pages,known,,,bpt6k649762n: no usable pages in manifest.,2026-07-17T20:21:55.068658
leconstitutionnel,bpt6k6497631,,failed,0,0,,no_usable_pages,known,,,bpt6k6497631: no usable pages in manifest.,2026-07-17T20:21:55.193664
leconstitutionnel,bpt6k649764d,,failed,0,0,,no_usable_pages,known,,,bpt6k649764d: no usable pages in manifest.,2026-07-17T20:21:55.298187
leconstitutionnel,bpt6k649765s,,failed,0,0,,no_usable_pages,known,,,bpt6k649765s: no usable pages in manifest.,2026-07-17T20:21:55.411679
leconstitutionnel,bpt6k6497665,,failed,0,0,,no_usable_pages,known,,,bpt6k6497665: no usable pages in manifest.,2026-07-17T20:21:55.513439
leconstitutionnel,bpt6k649767j,,failed,0,0,,no_usable_pages,known,,,bpt6k649767j: no usable pages in manifest.,2026-07-17T20:21:55.587655
leconstitutionnel,bpt6k649768x,,failed,0,0,,no_usable_pages,known,,,bpt6k649768x: no usable pages in manifest.,2026-07-17T20:21:55.699050
leconstitutionnel,bpt6k6497699,,failed,0,0,,no_usable_pages,known,,,bpt6k6497699: no usable pages in manifest.,2026-07-17T20:21:55.781938
leconstitutionnel,bpt6k6497707,,failed,0,0,,no_usable_pages,known,,,bpt6k6497707: no usable pages in manifest.,2026-07-17T20:21:55.826200
leconstitutionnel,bpt6k649771m,,failed,0,0,,no_usable_pages,known,,,bpt6k649771m: no usable pages in manifest.,2026-07-17T20:21:55.913574
leconstitutionnel,bpt6k6497720,,failed,0,0,,no_usable_pages,known,,,bpt6k6497720: no usable pages in manifest.,2026-07-17T20:21:56.022985
leconstitutionnel,bpt6k649773c,,failed,0,0,,no_usable_pages,known,,,bpt6k649773c: no usable pages in manifest.,2026-07-17T20:21:56.134021
leconstitutionnel,bpt6k649774r,,failed,0,0,,no_usable_pages,known,,,bpt6k649774r: no usable pages in manifest.,2026-07-17T20:21:56.218449
leconstitutionnel,bpt6k6497754,,failed,0,0,,no_usable_pages,known,,,bpt6k6497754: no usable pages in manifest.,2026-07-17T20:21:56.307480
leconstitutionnel,bpt6k649776h,,failed,0,0,,no_usable_pages,known,,,bpt6k649776h: no usable pages in manifest.,2026-07-17T20:21:56.438261
leconstitutionnel,bpt6k649777w,,failed,0,0,,no_usable_pages,known,,,bpt6k649777w: no usable pages in manifest.,2026-07-17T20:21:56.564400
leconstitutionnel,bpt6k6497788,,failed,0,0,,no_usable_pages,known,,,bpt6k6497788: no usable pages in manifest.,2026-07-17T20:21:56.647879
leconstitutionnel,bpt6k649779n,,failed,0,0,,no_usable_pages,known,,,bpt6k649779n: no usable pages in manifest.,2026-07-17T20:21:56.729265
leconstitutionnel,bpt6k649780k,,failed,0,0,,no_usable_pages,known,,,bpt6k649780k: no usable pages in manifest.,2026-07-17T20:21:56.825964
leconstitutionnel,bpt6k649781z,,failed,0,0,,no_usable_pages,known,,,bpt6k649781z: no usable pages in manifest.,2026-07-17T20:21:56.962528
leconstitutionnel,bpt6k649782b,,failed,0,0,,no_usable_pages,known,,,bpt6k649782b: no usable pages in manifest.,2026-07-17T20:21:57.046594
leconstitutionnel,bpt6k649783q,,failed,0,0,,no_usable_pages,known,,,bpt6k649783q: no usable pages in manifest.,2026-07-17T20:21:57.155613
leconstitutionnel,bpt6k6497843,,failed,0,0,,no_usable_pages,known,,,bpt6k6497843: no usable pages in manifest.,2026-07-17T20:21:57.230744
leconstitutionnel,bpt6k649785g,,failed,0,0,,no_usable_pages,known,,,bpt6k649785g: no usable pages in manifest.,2026-07-17T20:21:57.323012
leconstitutionnel,bpt6k649786v,,failed,0,0,,no_usable_pages,known,,,bpt6k649786v: no usable pages in manifest.,2026-07-17T20:21:57.505770
leconstitutionnel,bpt6k6497877,,failed,0,0,,no_usable_pages,known,,,bpt6k6497877: no usable pages in manifest.,2026-07-17T20:21:57.583427
leconstitutionnel,bpt6k649788m,,failed,0,0,,no_usable_pages,known,,,bpt6k649788m: no usable pages in manifest.,2026-07-17T20:21:57.671222
leconstitutionnel,bpt6k6497890,,failed,0,0,,no_usable_pages,known,,,bpt6k6497890: no usable pages in manifest.,2026-07-17T20:21:57.756415
leconstitutionnel,bpt6k649790x,,failed,0,0,,no_usable_pages,known,,,bpt6k649790x: no usable pages in manifest.,2026-07-17T20:21:57.830887
leconstitutionnel,bpt6k6497919,,failed,0,0,,no_usable_pages,known,,,bpt6k6497919: no usable pages in manifest.,2026-07-17T20:21:57.919576
leconstitutionnel,bpt6k649792p,,failed,0,0,,no_usable_pages,known,,,bpt6k649792p: no usable pages in manifest.,2026-07-17T20:21:57.997842
leconstitutionnel,bpt6k6497932,,failed,0,0,,no_usable_pages,known,,,bpt6k6497932: no usable pages in manifest.,2026-07-17T20:21:58.122047
leconstitutionnel,bpt6k649794f,,failed,0,0,,no_usable_pages,known,,,bpt6k649794f: no usable pages in manifest.,2026-07-17T20:21:58.233550
leconstitutionnel,bpt6k649795t,,failed,0,0,,no_usable_pages,known,,,bpt6k649795t: no usable pages in manifest.,2026-07-17T20:21:58.295201
leconstitutionnel,bpt6k6497966,,failed,0,0,,no_usable_pages,known,,,bpt6k6497966: no usable pages in manifest.,2026-07-17T20:21:58.380066
leconstitutionnel,bpt6k649797k,,failed,0,0,,no_usable_pages,known,,,bpt6k649797k: no usable pages in manifest.,2026-07-17T20:21:58.533593
leconstitutionnel,bpt6k649798z,,failed,0,0,,no_usable_pages,known,,,bpt6k649798z: no usable pages in manifest.,2026-07-17T20:21:58.620229
leconstitutionnel,bpt6k649799b,,failed,0,0,,no_usable_pages,known,,,bpt6k649799b: no usable pages in manifest.,2026-07-17T20:21:58.735772
leconstitutionnel,bpt6k6498004,,failed,0,0,,no_usable_pages,known,,,bpt6k6498004: no usable pages in manifest.,2026-07-17T20:21:58.834655
leconstitutionnel,bpt6k649801h,,failed,0,0,,no_usable_pages,known,,,bpt6k649801h: no usable pages in manifest.,2026-07-17T20:21:58.909753
leconstitutionnel,bpt6k649802w,,failed,0,0,,no_usable_pages,known,,,bpt6k649802w: no usable pages in manifest.,2026-07-17T20:21:58.984594
leconstitutionnel,bpt6k6498038,,failed,0,0,,no_usable_pages,known,,,bpt6k6498038: no usable pages in manifest.,2026-07-17T20:21:59.046540
leconstitutionnel,bpt6k649804n,,failed,0,0,,no_usable_pages,known,,,bpt6k649804n: no usable pages in manifest.,2026-07-17T20:21:59.134511
leconstitutionnel,bpt6k6498051,,failed,0,0,,no_usable_pages,known,,,bpt6k6498051: no usable pages in manifest.,2026-07-17T20:21:59.221996
leconstitutionnel,bpt6k649806d,,failed,0,0,,no_usable_pages,known,,,bpt6k649806d: no usable pages in manifest.,2026-07-17T20:21:59.293876
leconstitutionnel,bpt6k649807s,,failed,0,0,,no_usable_pages,known,,,bpt6k649807s: no usable pages in manifest.,2026-07-17T20:21:59.396646
leconstitutionnel,bpt6k6498085,,failed,0,0,,no_usable_pages,known,,,bpt6k6498085: no usable pages in manifest.,2026-07-17T20:21:59.580088
leconstitutionnel,bpt6k649809j,,failed,0,0,,no_usable_pages,known,,,bpt6k649809j: no usable pages in manifest.,2026-07-17T20:21:59.656594
leconstitutionnel,bpt6k649810g,,failed,0,0,,no_usable_pages,known,,,bpt6k649810g: no usable pages in manifest.,2026-07-17T20:21:59.735463
leconstitutionnel,bpt6k649811v,,failed,0,0,,no_usable_pages,known,,,bpt6k649811v: no usable pages in manifest.,2026-07-17T20:21:59.827953
leconstitutionnel,bpt6k6498127,,failed,0,0,,no_usable_pages,known,,,bpt6k6498127: no usable pages in manifest.,2026-07-17T20:21:59.963322
leconstitutionnel,bpt6k649813m,,failed,0,0,,no_usable_pages,known,,,bpt6k649813m: no usable pages in manifest.,2026-07-17T20:22:00.088714
leconstitutionnel,bpt6k6498140,,failed,0,0,,no_usable_pages,known,,,bpt6k6498140: no usable pages in manifest.,2026-07-17T20:22:00.168899
leconstitutionnel,bpt6k649815c,,failed,0,0,,no_usable_pages,known,,,bpt6k649815c: no usable pages in manifest.,2026-07-17T20:22:00.267991
leconstitutionnel,bpt6k649816r,,failed,0,0,,no_usable_pages,known,,,bpt6k649816r: no usable pages in manifest.,2026-07-17T20:22:00.333886
leconstitutionnel,bpt6k6498174,,failed,0,0,,no_usable_pages,known,,,bpt6k6498174: no usable pages in manifest.,2026-07-17T20:22:00.428044
leconstitutionnel,bpt6k649818h,,failed,0,0,,no_usable_pages,known,,,bpt6k649818h: no usable pages in manifest.,2026-07-17T20:22:00.639646
leconstitutionnel,bpt6k649819w,,failed,0,0,,no_usable_pages,known,,,bpt6k649819w: no usable pages in manifest.,2026-07-17T20:22:00.738206
leconstitutionnel,bpt6k649820t,,failed,0,0,,no_usable_pages,known,,,bpt6k649820t: no usable pages in manifest.,2026-07-17T20:22:00.826869
leconstitutionnel,bpt6k6498216,,failed,0,0,,no_usable_pages,known,,,bpt6k6498216: no usable pages in manifest.,2026-07-17T20:22:00.936862
leconstitutionnel,bpt6k649822k,,failed,0,0,,no_usable_pages,known,,,bpt6k649822k: no usable pages in manifest.,2026-07-17T20:22:01.009954
leconstitutionnel,bpt6k649823z,,failed,0,0,,no_usable_pages,known,,,bpt6k649823z: no usable pages in manifest.,2026-07-17T20:22:01.110870
leconstitutionnel,bpt6k649824b,,failed,0,0,,no_usable_pages,known,,,bpt6k649824b: no usable pages in manifest.,2026-07-17T20:22:01.205179
leconstitutionnel,bpt6k649825q,,failed,0,0,,no_usable_pages,known,,,bpt6k649825q: no usable pages in manifest.,2026-07-17T20:22:01.289330
leconstitutionnel,bpt6k6498263,,failed,0,0,,no_usable_pages,known,,,bpt6k6498263: no usable pages in manifest.,2026-07-17T20:22:01.391483
leconstitutionnel,bpt6k649827g,,failed,0,0,,no_usable_pages,known,,,bpt6k649827g: no usable pages in manifest.,2026-07-17T20:22:01.471910
leconstitutionnel,bpt6k649828v,,failed,0,0,,no_usable_pages,known,,,bpt6k649828v: no usable pages in manifest.,2026-07-17T20:22:01.547774
leconstitutionnel,bpt6k6498297,,failed,0,0,,no_usable_pages,known,,,bpt6k6498297: no usable pages in manifest.,2026-07-17T20:22:01.708124
leconstitutionnel,bpt6k6498305,,failed,0,0,,no_usable_pages,known,,,bpt6k6498305: no usable pages in manifest.,2026-07-17T20:22:01.801744
leconstitutionnel,bpt6k649831j,,failed,0,0,,no_usable_pages,known,,,bpt6k649831j: no usable pages in manifest.,2026-07-17T20:22:01.878297
leconstitutionnel,bpt6k649832x,,failed,0,0,,no_usable_pages,known,,,bpt6k649832x: no usable pages in manifest.,2026-07-17T20:22:01.959259
leconstitutionnel,bpt6k6498339,,failed,0,0,,no_usable_pages,known,,,bpt6k6498339: no usable pages in manifest.,2026-07-17T20:22:02.040415
leconstitutionnel,bpt6k649834p,,failed,0,0,,no_usable_pages,known,,,bpt6k649834p: no usable pages in manifest.,2026-07-17T20:22:02.146228
leconstitutionnel,bpt6k6498352,,failed,0,0,,no_usable_pages,known,,,bpt6k6498352: no usable pages in manifest.,2026-07-17T20:22:02.233050
leconstitutionnel,bpt6k649836f,,failed,0,0,,no_usable_pages,known,,,bpt6k649836f: no usable pages in manifest.,2026-07-17T20:22:02.303390
leconstitutionnel,bpt6k649837t,,failed,0,0,,no_usable_pages,known,,,bpt6k649837t: no usable pages in manifest.,2026-07-17T20:22:02.382010
leconstitutionnel,bpt6k6498386,,failed,0,0,,no_usable_pages,known,,,bpt6k6498386: no usable pages in manifest.,2026-07-17T20:22:02.460725
leconstitutionnel,bpt6k649839k,,failed,0,0,,no_usable_pages,known,,,bpt6k649839k: no usable pages in manifest.,2026-07-17T20:22:02.528247
leconstitutionnel,bpt6k649840h,,failed,0,0,,no_usable_pages,known,,,bpt6k649840h: no usable pages in manifest.,2026-07-17T20:22:02.611672
leconstitutionnel,bpt6k649841w,,failed,0,0,,no_usable_pages,known,,,bpt6k649841w: no usable pages in manifest.,2026-07-17T20:22:02.798105
leconstitutionnel,bpt6k6498428,,failed,0,0,,no_usable_pages,known,,,bpt6k6498428: no usable pages in manifest.,2026-07-17T20:22:02.871908
leconstitutionnel,bpt6k649843n,,failed,0,0,,no_usable_pages,known,,,bpt6k649843n: no usable pages in manifest.,2026-07-17T20:22:02.952086
leconstitutionnel,bpt6k6498441,,failed,0,0,,no_usable_pages,known,,,bpt6k6498441: no usable pages in manifest.,2026-07-17T20:22:03.041993
leconstitutionnel,bpt6k649845d,,failed,0,0,,no_usable_pages,known,,,bpt6k649845d: no usable pages in manifest.,2026-07-17T20:22:03.117087
leconstitutionnel,bpt6k649846s,,failed,0,0,,no_usable_pages,known,,,bpt6k649846s: no usable pages in manifest.,2026-07-17T20:22:03.208259
leconstitutionnel,bpt6k6498475,,failed,0,0,,no_usable_pages,known,,,bpt6k6498475: no usable pages in manifest.,2026-07-17T20:22:03.288172
leconstitutionnel,bpt6k649848j,,failed,0,0,,no_usable_pages,known,,,bpt6k649848j: no usable pages in manifest.,2026-07-17T20:22:03.358875
leconstitutionnel,bpt6k649849x,,failed,0,0,,no_usable_pages,known,,,bpt6k649849x: no usable pages in manifest.,2026-07-17T20:22:03.431168
leconstitutionnel,bpt6k649850v,,failed,0,0,,no_usable_pages,known,,,bpt6k649850v: no usable pages in manifest.,2026-07-17T20:22:03.499742
leconstitutionnel,bpt6k6498517,,failed,0,0,,no_usable_pages,known,,,bpt6k6498517: no usable pages in manifest.,2026-07-17T20:22:03.606241
leconstitutionnel,bpt6k649852m,,failed,0,0,,no_usable_pages,known,,,bpt6k649852m: no usable pages in manifest.,2026-07-17T20:22:03.857229
leconstitutionnel,bpt6k6498530,,failed,0,0,,no_usable_pages,known,,,bpt6k6498530: no usable pages in manifest.,2026-07-17T20:22:03.970385
leconstitutionnel,bpt6k649854c,,failed,0,0,,no_usable_pages,known,,,bpt6k649854c: no usable pages in manifest.,2026-07-17T20:22:04.085389
leconstitutionnel,bpt6k649855r,,failed,0,0,,no_usable_pages,known,,,bpt6k649855r: no usable pages in manifest.,2026-07-17T20:22:04.181172
leconstitutionnel,bpt6k6498564,,failed,0,0,,no_usable_pages,known,,,bpt6k6498564: no usable pages in manifest.,2026-07-17T20:22:04.251529
leconstitutionnel,bpt6k649857h,,failed,0,0,,no_usable_pages,known,,,bpt6k649857h: no usable pages in manifest.,2026-07-17T20:22:04.315779
leconstitutionnel,bpt6k649858w,,failed,0,0,,no_usable_pages,known,,,bpt6k649858w: no usable pages in manifest.,2026-07-17T20:22:04.397470
leconstitutionnel,bpt6k6498598,,failed,0,0,,no_usable_pages,known,,,bpt6k6498598: no usable pages in manifest.,2026-07-17T20:22:04.453556
leconstitutionnel,bpt6k6498606,,failed,0,0,,no_usable_pages,known,,,bpt6k6498606: no usable pages in manifest.,2026-07-17T20:22:04.558066
leconstitutionnel,bpt6k649861k,,failed,0,0,,no_usable_pages,known,,,bpt6k649861k: no usable pages in manifest.,2026-07-17T20:22:04.658320
leconstitutionnel,bpt6k649862z,,failed,0,0,,no_usable_pages,known,,,bpt6k649862z: no usable pages in manifest.,2026-07-17T20:22:04.885049
leconstitutionnel,bpt6k649863b,,failed,0,0,,no_usable_pages,known,,,bpt6k649863b: no usable pages in manifest.,2026-07-17T20:22:04.983754
leconstitutionnel,bpt6k649864q,,failed,0,0,,no_usable_pages,known,,,bpt6k649864q: no usable pages in manifest.,2026-07-17T20:22:05.058598
leconstitutionnel,bpt6k6498653,,failed,0,0,,no_usable_pages,known,,,bpt6k6498653: no usable pages in manifest.,2026-07-17T20:22:05.175062
leconstitutionnel,bpt6k649866g,,failed,0,0,,no_usable_pages,known,,,bpt6k649866g: no usable pages in manifest.,2026-07-17T20:22:05.285310
leconstitutionnel,bpt6k649867v,,failed,0,0,,no_usable_pages,known,,,bpt6k649867v: no usable pages in manifest.,2026-07-17T20:22:05.427626
leconstitutionnel,bpt6k6498687,,failed,0,0,,no_usable_pages,known,,,bpt6k6498687: no usable pages in manifest.,2026-07-17T20:22:05.570574
leconstitutionnel,bpt6k649869m,,failed,0,0,,no_usable_pages,known,,,bpt6k649869m: no usable pages in manifest.,2026-07-17T20:22:05.682961
leconstitutionnel,bpt6k649870j,,failed,0,0,,no_usable_pages,known,,,bpt6k649870j: no usable pages in manifest.,2026-07-17T20:22:05.788928
leconstitutionnel,bpt6k649871x,,failed,0,0,,no_usable_pages,known,,,bpt6k649871x: no usable pages in manifest.,2026-07-17T20:22:05.933548
leconstitutionnel,bpt6k6498729,,failed,0,0,,no_usable_pages,known,,,bpt6k6498729: no usable pages in manifest.,2026-07-17T20:22:06.022130
leconstitutionnel,bpt6k649873p,,failed,0,0,,no_usable_pages,known,,,bpt6k649873p: no usable pages in manifest.,2026-07-17T20:22:06.098447
leconstitutionnel,bpt6k6498742,,failed,0,0,,no_usable_pages,known,,,bpt6k6498742: no usable pages in manifest.,2026-07-17T20:22:06.172109
leconstitutionnel,bpt6k649875f,,failed,0,0,,no_usable_pages,known,,,bpt6k649875f: no usable pages in manifest.,2026-07-17T20:22:06.249497
leconstitutionnel,bpt6k649876t,,failed,0,0,,no_usable_pages,known,,,bpt6k649876t: no usable pages in manifest.,2026-07-17T20:22:06.339510
leconstitutionnel,bpt6k6498776,,failed,0,0,,no_usable_pages,known,,,bpt6k6498776: no usable pages in manifest.,2026-07-17T20:22:06.406483
leconstitutionnel,bpt6k649878k,,failed,0,0,,no_usable_pages,known,,,bpt6k649878k: no usable pages in manifest.,2026-07-17T20:22:06.478337
leconstitutionnel,bpt6k649879z,,failed,0,0,,no_usable_pages,known,,,bpt6k649879z: no usable pages in manifest.,2026-07-17T20:22:06.572511
leconstitutionnel,bpt6k649880w,,failed,0,0,,no_usable_pages,known,,,bpt6k649880w: no usable pages in manifest.,2026-07-17T20:22:06.739851
leconstitutionnel,bpt6k6498818,,failed,0,0,,no_usable_pages,known,,,bpt6k6498818: no usable pages in manifest.,2026-07-17T20:22:06.840649
leconstitutionnel,bpt6k649882n,,failed,0,0,,no_usable_pages,known,,,bpt6k649882n: no usable pages in manifest.,2026-07-17T20:22:06.984954
leconstitutionnel,bpt6k6498831,,failed,0,0,,no_usable_pages,known,,,bpt6k6498831: no usable pages in manifest.,2026-07-17T20:22:07.089637
leconstitutionnel,bpt6k649884d,,failed,0,0,,no_usable_pages,known,,,bpt6k649884d: no usable pages in manifest.,2026-07-17T20:22:07.171670
leconstitutionnel,bpt6k649885s,,failed,0,0,,no_usable_pages,known,,,bpt6k649885s: no usable pages in manifest.,2026-07-17T20:22:07.259184
leconstitutionnel,bpt6k6498865,,failed,0,0,,no_usable_pages,known,,,bpt6k6498865: no usable pages in manifest.,2026-07-17T20:22:07.329476
leconstitutionnel,bpt6k649887j,,failed,0,0,,no_usable_pages,known,,,bpt6k649887j: no usable pages in manifest.,2026-07-17T20:22:07.401050
leconstitutionnel,bpt6k649888x,,failed,0,0,,no_usable_pages,known,,,bpt6k649888x: no usable pages in manifest.,2026-07-17T20:22:07.509151
leconstitutionnel,bpt6k6498899,,failed,0,0,,no_usable_pages,known,,,bpt6k6498899: no usable pages in manifest.,2026-07-17T20:22:07.606840
leconstitutionnel,bpt6k6498907,,failed,0,0,,no_usable_pages,known,,,bpt6k6498907: no usable pages in manifest.,2026-07-17T20:22:07.720150
leconstitutionnel,bpt6k649891m,,failed,0,0,,no_usable_pages,known,,,bpt6k649891m: no usable pages in manifest.,2026-07-17T20:22:07.795187
leconstitutionnel,bpt6k6498920,,failed,0,0,,no_usable_pages,known,,,bpt6k6498920: no usable pages in manifest.,2026-07-17T20:22:07.905629
leconstitutionnel,bpt6k649893c,,failed,0,0,,no_usable_pages,known,,,bpt6k649893c: no usable pages in manifest.,2026-07-17T20:22:08.154116
leconstitutionnel,bpt6k649894r,,failed,0,0,,no_usable_pages,known,,,bpt6k649894r: no usable pages in manifest.,2026-07-17T20:22:08.253564
leconstitutionnel,bpt6k6498954,,failed,0,0,,no_usable_pages,known,,,bpt6k6498954: no usable pages in manifest.,2026-07-17T20:22:08.343392
leconstitutionnel,bpt6k649896h,,failed,0,0,,no_usable_pages,known,,,bpt6k649896h: no usable pages in manifest.,2026-07-17T20:22:08.462725
leconstitutionnel,bpt6k649897w,,failed,0,0,,no_usable_pages,known,,,bpt6k649897w: no usable pages in manifest.,2026-07-17T20:22:08.638577
leconstitutionnel,bpt6k6498988,,failed,0,0,,no_usable_pages,known,,,bpt6k6498988: no usable pages in manifest.,2026-07-17T20:22:08.714605
leconstitutionnel,bpt6k649899n,,failed,0,0,,no_usable_pages,known,,,bpt6k649899n: no usable pages in manifest.,2026-07-17T20:22:08.789990
leconstitutionnel,bpt6k649900f,,failed,0,0,,no_usable_pages,known,,,bpt6k649900f: no usable pages in manifest.,2026-07-17T20:22:08.859430
leconstitutionnel,bpt6k649901t,,failed,0,0,,no_usable_pages,known,,,bpt6k649901t: no usable pages in manifest.,2026-07-17T20:22:08.935488
leconstitutionnel,bpt6k6499026,,failed,0,0,,no_usable_pages,known,,,bpt6k6499026: no usable pages in manifest.,2026-07-17T20:22:09.116160
leconstitutionnel,bpt6k649903k,,failed,0,0,,no_usable_pages,known,,,bpt6k649903k: no usable pages in manifest.,2026-07-17T20:22:09.203877
leconstitutionnel,bpt6k649904z,,failed,0,0,,no_usable_pages,known,,,bpt6k649904z: no usable pages in manifest.,2026-07-17T20:22:09.266337
leconstitutionnel,bpt6k649905b,,failed,0,0,,no_usable_pages,known,,,bpt6k649905b: no usable pages in manifest.,2026-07-17T20:22:09.367763
leconstitutionnel,bpt6k649906q,,failed,0,0,,no_usable_pages,known,,,bpt6k649906q: no usable pages in manifest.,2026-07-17T20:22:09.476896
leconstitutionnel,bpt6k6499073,,failed,0,0,,no_usable_pages,known,,,bpt6k6499073: no usable pages in manifest.,2026-07-17T20:22:09.564607
leconstitutionnel,bpt6k649908g,,failed,0,0,,no_usable_pages,known,,,bpt6k649908g: no usable pages in manifest.,2026-07-17T20:22:09.654495
leconstitutionnel,bpt6k649909v,,failed,0,0,,no_usable_pages,known,,,bpt6k649909v: no usable pages in manifest.,2026-07-17T20:22:09.764691
leconstitutionnel,bpt6k649910s,,failed,0,0,,no_usable_pages,known,,,bpt6k649910s: no usable pages in manifest.,2026-07-17T20:22:09.867138
leconstitutionnel,bpt6k6499115,,failed,0,0,,no_usable_pages,known,,,bpt6k6499115: no usable pages in manifest.,2026-07-17T20:22:09.970315
leconstitutionnel,bpt6k649912j,,failed,0,0,,no_usable_pages,known,,,bpt6k649912j: no usable pages in manifest.,2026-07-17T20:22:10.178359
leconstitutionnel,bpt6k649913x,,failed,0,0,,no_usable_pages,known,,,bpt6k649913x: no usable pages in manifest.,2026-07-17T20:22:10.276849
leconstitutionnel,bpt6k6499149,,failed,0,0,,no_usable_pages,known,,,bpt6k6499149: no usable pages in manifest.,2026-07-17T20:22:10.358931
leconstitutionnel,bpt6k649915p,,failed,0,0,,no_usable_pages,known,,,bpt6k649915p: no usable pages in manifest.,2026-07-17T20:22:10.463626
leconstitutionnel,bpt6k6499162,,failed,0,0,,no_usable_pages,known,,,bpt6k6499162: no usable pages in manifest.,2026-07-17T20:22:10.569501
leconstitutionnel,bpt6k649917f,,failed,0,0,,no_usable_pages,known,,,bpt6k649917f: no usable pages in manifest.,2026-07-17T20:22:10.664461
leconstitutionnel,bpt6k649918t,,failed,0,0,,no_usable_pages,known,,,bpt6k649918t: no usable pages in manifest.,2026-07-17T20:22:10.770461
leconstitutionnel,bpt6k6499196,,failed,0,0,,no_usable_pages,known,,,bpt6k6499196: no usable pages in manifest.,2026-07-17T20:22:10.869105
leconstitutionnel,bpt6k6499204,,failed,0,0,,no_usable_pages,known,,,bpt6k6499204: no usable pages in manifest.,2026-07-17T20:22:10.971108
leconstitutionnel,bpt6k649921h,,failed,0,0,,no_usable_pages,known,,,bpt6k649921h: no usable pages in manifest.,2026-07-17T20:22:11.139883
leconstitutionnel,bpt6k649922w,,failed,0,0,,no_usable_pages,known,,,bpt6k649922w: no usable pages in manifest.,2026-07-17T20:22:11.230339
leconstitutionnel,bpt6k6499238,,failed,0,0,,no_usable_pages,known,,,bpt6k6499238: no usable pages in manifest.,2026-07-17T20:22:11.333503
leconstitutionnel,bpt6k649924n,,failed,0,0,,no_usable_pages,known,,,bpt6k649924n: no usable pages in manifest.,2026-07-17T20:22:11.414951
leconstitutionnel,bpt6k6499251,,failed,0,0,,no_usable_pages,known,,,bpt6k6499251: no usable pages in manifest.,2026-07-17T20:22:11.517204
leconstitutionnel,bpt6k649926d,,failed,0,0,,no_usable_pages,known,,,bpt6k649926d: no usable pages in manifest.,2026-07-17T20:22:11.620901
leconstitutionnel,bpt6k649927s,,failed,0,0,,no_usable_pages,known,,,bpt6k649927s: no usable pages in manifest.,2026-07-17T20:22:11.712735
leconstitutionnel,bpt6k6499285,,failed,0,0,,no_usable_pages,known,,,bpt6k6499285: no usable pages in manifest.,2026-07-17T20:22:11.819988
leconstitutionnel,bpt6k649929j,,failed,0,0,,no_usable_pages,known,,,bpt6k649929j: no usable pages in manifest.,2026-07-17T20:22:11.902334
leconstitutionnel,bpt6k649930g,,failed,0,0,,no_usable_pages,known,,,bpt6k649930g: no usable pages in manifest.,2026-07-17T20:22:11.988837
leconstitutionnel,bpt6k649931v,,failed,0,0,,no_usable_pages,known,,,bpt6k649931v: no usable pages in manifest.,2026-07-17T20:22:12.101249
leconstitutionnel,bpt6k6499327,,failed,0,0,,no_usable_pages,known,,,bpt6k6499327: no usable pages in manifest.,2026-07-17T20:22:12.285352
leconstitutionnel,bpt6k649933m,,failed,0,0,,no_usable_pages,known,,,bpt6k649933m: no usable pages in manifest.,2026-07-17T20:22:12.369991
leconstitutionnel,bpt6k6499340,,failed,0,0,,no_usable_pages,known,,,bpt6k6499340: no usable pages in manifest.,2026-07-17T20:22:12.454771
leconstitutionnel,bpt6k649935c,,failed,0,0,,no_usable_pages,known,,,bpt6k649935c: no usable pages in manifest.,2026-07-17T20:22:12.536496
leconstitutionnel,bpt6k649936r,,failed,0,0,,no_usable_pages,known,,,bpt6k649936r: no usable pages in manifest.,2026-07-17T20:22:12.611836
leconstitutionnel,bpt6k6499374,,failed,0,0,,no_usable_pages,known,,,bpt6k6499374: no usable pages in manifest.,2026-07-17T20:22:12.693082
leconstitutionnel,bpt6k649938h,,failed,0,0,,no_usable_pages,known,,,bpt6k649938h: no usable pages in manifest.,2026-07-17T20:22:12.780591
leconstitutionnel,bpt6k649939w,,failed,0,0,,no_usable_pages,known,,,bpt6k649939w: no usable pages in manifest.,2026-07-17T20:22:12.880399
leconstitutionnel,bpt6k649940t,,failed,0,0,,no_usable_pages,known,,,bpt6k649940t: no usable pages in manifest.,2026-07-17T20:22:12.959374
leconstitutionnel,bpt6k6499416,,failed,0,0,,no_usable_pages,known,,,bpt6k6499416: no usable pages in manifest.,2026-07-17T20:22:13.041536
leconstitutionnel,bpt6k649942k,,failed,0,0,,no_usable_pages,known,,,bpt6k649942k: no usable pages in manifest.,2026-07-17T20:22:13.114417
leconstitutionnel,bpt6k649943z,,failed,0,0,,no_usable_pages,known,,,bpt6k649943z: no usable pages in manifest.,2026-07-17T20:22:13.217422
leconstitutionnel,bpt6k649944b,,failed,0,0,,no_usable_pages,known,,,bpt6k649944b: no usable pages in manifest.,2026-07-17T20:22:13.414287
leconstitutionnel,bpt6k649945q,,failed,0,0,,no_usable_pages,known,,,bpt6k649945q: no usable pages in manifest.,2026-07-17T20:22:13.539290
leconstitutionnel,bpt6k6499463,,failed,0,0,,no_usable_pages,known,,,bpt6k6499463: no usable pages in manifest.,2026-07-17T20:22:13.615164
leconstitutionnel,bpt6k649947g,,failed,0,0,,no_usable_pages,known,,,bpt6k649947g: no usable pages in manifest.,2026-07-17T20:22:13.719735
leconstitutionnel,bpt6k649948v,,failed,0,0,,no_usable_pages,known,,,bpt6k649948v: no usable pages in manifest.,2026-07-17T20:22:13.814104
leconstitutionnel,bpt6k6499497,,failed,0,0,,no_usable_pages,known,,,bpt6k6499497: no usable pages in manifest.,2026-07-17T20:22:13.909185
leconstitutionnel,bpt6k6499505,,failed,0,0,,no_usable_pages,known,,,bpt6k6499505: no usable pages in manifest.,2026-07-17T20:22:14.004633
leconstitutionnel,bpt6k649951j,,failed,0,0,,no_usable_pages,known,,,bpt6k649951j: no usable pages in manifest.,2026-07-17T20:22:14.072090
leconstitutionnel,bpt6k649952x,,failed,0,0,,no_usable_pages,known,,,bpt6k649952x: no usable pages in manifest.,2026-07-17T20:22:14.159066
leconstitutionnel,bpt6k6499539,,failed,0,0,,no_usable_pages,known,,,bpt6k6499539: no usable pages in manifest.,2026-07-17T20:22:14.252056
leconstitutionnel,bpt6k649954p,,failed,0,0,,no_usable_pages,known,,,bpt6k649954p: no usable pages in manifest.,2026-07-17T20:22:14.381937
leconstitutionnel,bpt6k6499552,,failed,0,0,,no_usable_pages,known,,,bpt6k6499552: no usable pages in manifest.,2026-07-17T20:22:14.498178
leconstitutionnel,bpt6k649956f,,failed,0,0,,no_usable_pages,known,,,bpt6k649956f: no usable pages in manifest.,2026-07-17T20:22:14.614504
leconstitutionnel,bpt6k649957t,,failed,0,0,,no_usable_pages,known,,,bpt6k649957t: no usable pages in manifest.,2026-07-17T20:22:14.719128
leconstitutionnel,bpt6k6499586,,failed,0,0,,no_usable_pages,known,,,bpt6k6499586: no usable pages in manifest.,2026-07-17T20:22:14.802400
leconstitutionnel,bpt6k649959k,,failed,0,0,,no_usable_pages,known,,,bpt6k649959k: no usable pages in manifest.,2026-07-17T20:22:14.913636
leconstitutionnel,bpt6k649960h,,failed,0,0,,no_usable_pages,known,,,bpt6k649960h: no usable pages in manifest.,2026-07-17T20:22:15.057578
leconstitutionnel,bpt6k649961w,,failed,0,0,,no_usable_pages,known,,,bpt6k649961w: no usable pages in manifest.,2026-07-17T20:22:15.179445
leconstitutionnel,bpt6k6499628,,failed,0,0,,no_usable_pages,known,,,bpt6k6499628: no usable pages in manifest.,2026-07-17T20:22:15.299251
leconstitutionnel,bpt6k649963n,,failed,0,0,,no_usable_pages,known,,,bpt6k649963n: no usable pages in manifest.,2026-07-17T20:22:15.454059
leconstitutionnel,bpt6k6499641,,failed,0,0,,no_usable_pages,known,,,bpt6k6499641: no usable pages in manifest.,2026-07-17T20:22:15.572511
leconstitutionnel,bpt6k649965d,,failed,0,0,,no_usable_pages,known,,,bpt6k649965d: no usable pages in manifest.,2026-07-17T20:22:15.726760
leconstitutionnel,bpt6k649966s,,failed,0,0,,no_usable_pages,known,,,bpt6k649966s: no usable pages in manifest.,2026-07-17T20:22:15.843078
leconstitutionnel,bpt6k6499675,,failed,0,0,,no_usable_pages,known,,,bpt6k6499675: no usable pages in manifest.,2026-07-17T20:22:15.980376
leconstitutionnel,bpt6k649968j,,failed,0,0,,no_usable_pages,known,,,bpt6k649968j: no usable pages in manifest.,2026-07-17T20:22:16.095971
leconstitutionnel,bpt6k649969x,,failed,0,0,,no_usable_pages,known,,,bpt6k649969x: no usable pages in manifest.,2026-07-17T20:22:16.177926
leconstitutionnel,bpt6k649970v,,failed,0,0,,no_usable_pages,known,,,bpt6k649970v: no usable pages in manifest.,2026-07-17T20:22:16.267748
leconstitutionnel,bpt6k6499717,,failed,0,0,,no_usable_pages,known,,,bpt6k6499717: no usable pages in manifest.,2026-07-17T20:22:16.449151
leconstitutionnel,bpt6k649972m,,failed,0,0,,no_usable_pages,known,,,bpt6k649972m: no usable pages in manifest.,2026-07-17T20:22:16.525241
leconstitutionnel,bpt6k6499730,,failed,0,0,,no_usable_pages,known,,,bpt6k6499730: no usable pages in manifest.,2026-07-17T20:22:16.616627
leconstitutionnel,bpt6k649974c,,failed,0,0,,no_usable_pages,known,,,bpt6k649974c: no usable pages in manifest.,2026-07-17T20:22:16.712993
leconstitutionnel,bpt6k649975r,,failed,0,0,,no_usable_pages,known,,,bpt6k649975r: no usable pages in manifest.,2026-07-17T20:22:16.795072
leconstitutionnel,bpt6k6499764,,failed,0,0,,no_usable_pages,known,,,bpt6k6499764: no usable pages in manifest.,2026-07-17T20:22:16.877132
leconstitutionnel,bpt6k649977h,,failed,0,0,,no_usable_pages,known,,,bpt6k649977h: no usable pages in manifest.,2026-07-17T20:22:16.973605
leconstitutionnel,bpt6k649978w,,failed,0,0,,no_usable_pages,known,,,bpt6k649978w: no usable pages in manifest.,2026-07-17T20:22:17.068321
leconstitutionnel,bpt6k6499798,,failed,0,0,,no_usable_pages,known,,,bpt6k6499798: no usable pages in manifest.,2026-07-17T20:22:17.164834
leconstitutionnel,bpt6k6499806,,failed,0,0,,no_usable_pages,known,,,bpt6k6499806: no usable pages in manifest.,2026-07-17T20:22:17.263577
leconstitutionnel,bpt6k649981k,,failed,0,0,,no_usable_pages,known,,,bpt6k649981k: no usable pages in manifest.,2026-07-17T20:22:17.408587
leconstitutionnel,bpt6k649982z,,failed,0,0,,no_usable_pages,known,,,bpt6k649982z: no usable pages in manifest.,2026-07-17T20:22:17.554508
leconstitutionnel,bpt6k649983b,,failed,0,0,,no_usable_pages,known,,,bpt6k649983b: no usable pages in manifest.,2026-07-17T20:22:17.664079
leconstitutionnel,bpt6k649984q,,failed,0,0,,no_usable_pages,known,,,bpt6k649984q: no usable pages in manifest.,2026-07-17T20:22:17.804204
leconstitutionnel,bpt6k6499853,,failed,0,0,,no_usable_pages,known,,,bpt6k6499853: no usable pages in manifest.,2026-07-17T20:22:17.892450
leconstitutionnel,bpt6k649986g,,failed,0,0,,no_usable_pages,known,,,bpt6k649986g: no usable pages in manifest.,2026-07-17T20:22:17.985505
leconstitutionnel,bpt6k649987v,,failed,0,0,,no_usable_pages,known,,,bpt6k649987v: no usable pages in manifest.,2026-07-17T20:22:18.092016
leconstitutionnel,bpt6k6499887,,failed,0,0,,no_usable_pages,known,,,bpt6k6499887: no usable pages in manifest.,2026-07-17T20:22:18.198371
leconstitutionnel,bpt6k649989m,,failed,0,0,,no_usable_pages,known,,,bpt6k649989m: no usable pages in manifest.,2026-07-17T20:22:18.280932
leconstitutionnel,bpt6k649990j,,failed,0,0,,no_usable_pages,known,,,bpt6k649990j: no usable pages in manifest.,2026-07-17T20:22:18.397866
leconstitutionnel,bpt6k649991x,,failed,0,0,,no_usable_pages,known,,,bpt6k649991x: no usable pages in manifest.,2026-07-17T20:22:18.543876
leconstitutionnel,bpt6k6499929,,failed,0,0,,no_usable_pages,known,,,bpt6k6499929: no usable pages in manifest.,2026-07-17T20:22:18.682704
leconstitutionnel,bpt6k649993p,,failed,0,0,,no_usable_pages,known,,,bpt6k649993p: no usable pages in manifest.,2026-07-17T20:22:18.781103
leconstitutionnel,bpt6k6499942,,failed,0,0,,no_usable_pages,known,,,bpt6k6499942: no usable pages in manifest.,2026-07-17T20:22:18.882181
leconstitutionnel,bpt6k649995f,,failed,0,0,,no_usable_pages,known,,,bpt6k649995f: no usable pages in manifest.,2026-07-17T20:22:18.945518
leconstitutionnel,bpt6k649996t,,failed,0,0,,no_usable_pages,known,,,bpt6k649996t: no usable pages in manifest.,2026-07-17T20:22:19.006509
leconstitutionnel,bpt6k6499976,,failed,0,0,,no_usable_pages,known,,,bpt6k6499976: no usable pages in manifest.,2026-07-17T20:22:19.093448
leconstitutionnel,bpt6k649998k,,failed,0,0,,no_usable_pages,known,,,bpt6k649998k: no usable pages in manifest.,2026-07-17T20:22:19.171908
leconstitutionnel,bpt6k649999z,,failed,0,0,,no_usable_pages,known,,,bpt6k649999z: no usable pages in manifest.,2026-07-17T20:22:19.252196
leconstitutionnel,bpt6k650000d,,failed,0,0,,no_usable_pages,known,,,bpt6k650000d: no usable pages in manifest.,2026-07-17T20:22:19.320282
leconstitutionnel,bpt6k650001s,,failed,0,0,,no_usable_pages,known,,,bpt6k650001s: no usable pages in manifest.,2026-07-17T20:22:19.394841
leconstitutionnel,bpt6k6500025,,failed,0,0,,no_usable_pages,known,,,bpt6k6500025: no usable pages in manifest.,2026-07-17T20:22:19.455386
leconstitutionnel,bpt6k650003j,,failed,0,0,,no_usable_pages,known,,,bpt6k650003j: no usable pages in manifest.,2026-07-17T20:22:19.587934
leconstitutionnel,bpt6k650004x,,failed,0,0,,no_usable_pages,known,,,bpt6k650004x: no usable pages in manifest.,2026-07-17T20:22:19.699383
leconstitutionnel,bpt6k6500059,,failed,0,0,,no_usable_pages,known,,,bpt6k6500059: no usable pages in manifest.,2026-07-17T20:22:19.790663
leconstitutionnel,bpt6k650006p,,failed,0,0,,no_usable_pages,known,,,bpt6k650006p: no usable pages in manifest.,2026-07-17T20:22:19.865398
leconstitutionnel,bpt6k6500072,,failed,0,0,,no_usable_pages,known,,,bpt6k6500072: no usable pages in manifest.,2026-07-17T20:22:19.943815
leconstitutionnel,bpt6k650008f,,failed,0,0,,no_usable_pages,known,,,bpt6k650008f: no usable pages in manifest.,2026-07-17T20:22:20.021948
leconstitutionnel,bpt6k650009t,,failed,0,0,,no_usable_pages,known,,,bpt6k650009t: no usable pages in manifest.,2026-07-17T20:22:20.140780
leconstitutionnel,bpt6k650010r,,failed,0,0,,no_usable_pages,known,,,bpt6k650010r: no usable pages in manifest.,2026-07-17T20:22:20.235368
leconstitutionnel,bpt6k6500114,,failed,0,0,,no_usable_pages,known,,,bpt6k6500114: no usable pages in manifest.,2026-07-17T20:22:20.333992
leconstitutionnel,bpt6k650012h,,failed,0,0,,no_usable_pages,known,,,bpt6k650012h: no usable pages in manifest.,2026-07-17T20:22:20.420367
leconstitutionnel,bpt6k650013w,,failed,0,0,,no_usable_pages,known,,,bpt6k650013w: no usable pages in manifest.,2026-07-17T20:22:20.494627
leconstitutionnel,bpt6k6500148,,failed,0,0,,no_usable_pages,known,,,bpt6k6500148: no usable pages in manifest.,2026-07-17T20:22:20.633075
leconstitutionnel,bpt6k650015n,,failed,0,0,,no_usable_pages,known,,,bpt6k650015n: no usable pages in manifest.,2026-07-17T20:22:20.750577
leconstitutionnel,bpt6k6500161,,failed,0,0,,no_usable_pages,known,,,bpt6k6500161: no usable pages in manifest.,2026-07-17T20:22:20.828355
leconstitutionnel,bpt6k650017d,,failed,0,0,,no_usable_pages,known,,,bpt6k650017d: no usable pages in manifest.,2026-07-17T20:22:20.905383
leconstitutionnel,bpt6k650018s,,failed,0,0,,no_usable_pages,known,,,bpt6k650018s: no usable pages in manifest.,2026-07-17T20:22:21.002135
leconstitutionnel,bpt6k6500195,,failed,0,0,,no_usable_pages,known,,,bpt6k6500195: no usable pages in manifest.,2026-07-17T20:22:21.112240
leconstitutionnel,bpt6k6500203,,failed,0,0,,no_usable_pages,known,,,bpt6k6500203: no usable pages in manifest.,2026-07-17T20:22:21.200157
leconstitutionnel,bpt6k650021g,,failed,0,0,,no_usable_pages,known,,,bpt6k650021g: no usable pages in manifest.,2026-07-17T20:22:21.304638
leconstitutionnel,bpt6k650022v,,failed,0,0,,no_usable_pages,known,,,bpt6k650022v: no usable pages in manifest.,2026-07-17T20:22:21.447685
leconstitutionnel,bpt6k6500237,,failed,0,0,,no_usable_pages,known,,,bpt6k6500237: no usable pages in manifest.,2026-07-17T20:22:21.561185
leconstitutionnel,bpt6k650024m,,failed,0,0,,no_usable_pages,known,,,bpt6k650024m: no usable pages in manifest.,2026-07-17T20:22:21.717212
leconstitutionnel,bpt6k6500250,,failed,0,0,,no_usable_pages,known,,,bpt6k6500250: no usable pages in manifest.,2026-07-17T20:22:21.842676
leconstitutionnel,bpt6k650026c,,failed,0,0,,no_usable_pages,known,,,bpt6k650026c: no usable pages in manifest.,2026-07-17T20:22:21.915318
leconstitutionnel,bpt6k650027r,,failed,0,0,,no_usable_pages,known,,,bpt6k650027r: no usable pages in manifest.,2026-07-17T20:22:21.998840
leconstitutionnel,bpt6k6500284,,failed,0,0,,no_usable_pages,known,,,bpt6k6500284: no usable pages in manifest.,2026-07-17T20:22:22.061225
leconstitutionnel,bpt6k650029h,,failed,0,0,,no_usable_pages,known,,,bpt6k650029h: no usable pages in manifest.,2026-07-17T20:22:22.156534
leconstitutionnel,bpt6k650030f,,failed,0,0,,no_usable_pages,known,,,bpt6k650030f: no usable pages in manifest.,2026-07-17T20:22:22.240377
leconstitutionnel,bpt6k650031t,,failed,0,0,,no_usable_pages,known,,,bpt6k650031t: no usable pages in manifest.,2026-07-17T20:22:22.333183
leconstitutionnel,bpt6k6500326,,failed,0,0,,no_usable_pages,known,,,bpt6k6500326: no usable pages in manifest.,2026-07-17T20:22:22.396460
leconstitutionnel,bpt6k650033k,,failed,0,0,,no_usable_pages,known,,,bpt6k650033k: no usable pages in manifest.,2026-07-17T20:22:22.464923
leconstitutionnel,bpt6k650034z,,failed,0,0,,no_usable_pages,known,,,bpt6k650034z: no usable pages in manifest.,2026-07-17T20:22:22.589606
leconstitutionnel,bpt6k650035b,,failed,0,0,,no_usable_pages,known,,,bpt6k650035b: no usable pages in manifest.,2026-07-17T20:22:22.750663
leconstitutionnel,bpt6k650036q,,failed,0,0,,no_usable_pages,known,,,bpt6k650036q: no usable pages in manifest.,2026-07-17T20:22:22.895824
leconstitutionnel,bpt6k6500373,,failed,0,0,,no_usable_pages,known,,,bpt6k6500373: no usable pages in manifest.,2026-07-17T20:22:23.003607
leconstitutionnel,bpt6k650038g,,failed,0,0,,no_usable_pages,known,,,bpt6k650038g: no usable pages in manifest.,2026-07-17T20:22:23.084308
leconstitutionnel,bpt6k650039v,,failed,0,0,,no_usable_pages,known,,,bpt6k650039v: no usable pages in manifest.,2026-07-17T20:22:23.179340
leconstitutionnel,bpt6k650040s,,failed,0,0,,no_usable_pages,known,,,bpt6k650040s: no usable pages in manifest.,2026-07-17T20:22:23.277130
leconstitutionnel,bpt6k6500415,,failed,0,0,,no_usable_pages,known,,,bpt6k6500415: no usable pages in manifest.,2026-07-17T20:22:23.372900
leconstitutionnel,bpt6k650395b,,failed,0,0,,no_usable_pages,known,,,bpt6k650395b: no usable pages in manifest.,2026-07-17T20:22:23.492113
leconstitutionnel,bpt6k650449f,,failed,0,0,,no_usable_pages,known,,,bpt6k650449f: no usable pages in manifest.,2026-07-17T20:22:23.567918
leconstitutionnel,bpt6k650500z,,failed,0,0,,no_usable_pages,known,,,bpt6k650500z: no usable pages in manifest.,2026-07-17T20:22:23.667356
leconstitutionnel,bpt6k650501b,,failed,0,0,,no_usable_pages,known,,,bpt6k650501b: no usable pages in manifest.,2026-07-17T20:22:23.790406
leconstitutionnel,bpt6k650502q,,failed,0,0,,no_usable_pages,known,,,bpt6k650502q: no usable pages in manifest.,2026-07-17T20:22:23.958302
leconstitutionnel,bpt6k6505033,,failed,0,0,,no_usable_pages,known,,,bpt6k6505033: no usable pages in manifest.,2026-07-17T20:22:24.028185
leconstitutionnel,bpt6k650504g,,failed,0,0,,no_usable_pages,known,,,bpt6k650504g: no usable pages in manifest.,2026-07-17T20:22:24.102876
leconstitutionnel,bpt6k650505v,,failed,0,0,,no_usable_pages,known,,,bpt6k650505v: no usable pages in manifest.,2026-07-17T20:22:24.185356
leconstitutionnel,bpt6k6505067,,failed,0,0,,no_usable_pages,known,,,bpt6k6505067: no usable pages in manifest.,2026-07-17T20:22:24.258531
leconstitutionnel,bpt6k650507m,,failed,0,0,,no_usable_pages,known,,,bpt6k650507m: no usable pages in manifest.,2026-07-17T20:22:24.343759
leconstitutionnel,bpt6k6505080,,failed,0,0,,no_usable_pages,known,,,bpt6k6505080: no usable pages in manifest.,2026-07-17T20:22:24.420306
leconstitutionnel,bpt6k650509c,,failed,0,0,,no_usable_pages,known,,,bpt6k650509c: no usable pages in manifest.,2026-07-17T20:22:24.494088
leconstitutionnel,bpt6k6505109,,failed,0,0,,no_usable_pages,known,,,bpt6k6505109: no usable pages in manifest.,2026-07-17T20:22:24.578096
leconstitutionnel,bpt6k6505122,,failed,0,0,,no_usable_pages,known,,,bpt6k6505122: no usable pages in manifest.,2026-07-17T20:22:24.676268
leconstitutionnel,bpt6k650513f,,failed,0,0,,no_usable_pages,known,,,bpt6k650513f: no usable pages in manifest.,2026-07-17T20:22:24.804915
leconstitutionnel,bpt6k6505156,,failed,0,0,,no_usable_pages,known,,,bpt6k6505156: no usable pages in manifest.,2026-07-17T20:22:24.919622
leconstitutionnel,bpt6k650918k,,failed,0,0,,no_usable_pages,known,,,bpt6k650918k: no usable pages in manifest.,2026-07-17T20:22:25.059384
leconstitutionnel,bpt6k650959b,,failed,0,0,,no_usable_pages,known,,,bpt6k650959b: no usable pages in manifest.,2026-07-17T20:22:25.152181
leconstitutionnel,bpt6k6511594,,failed,0,0,,no_usable_pages,known,,,bpt6k6511594: no usable pages in manifest.,2026-07-17T20:22:25.235352
leconstitutionnel,bpt6k651201p,,failed,0,0,,no_usable_pages,known,,,bpt6k651201p: no usable pages in manifest.,2026-07-17T20:22:25.322655
leconstitutionnel,bpt6k6512446,,failed,0,0,,no_usable_pages,known,,,bpt6k6512446: no usable pages in manifest.,2026-07-17T20:22:25.415235
leconstitutionnel,bpt6k651245k,,failed,0,0,,no_usable_pages,known,,,bpt6k651245k: no usable pages in manifest.,2026-07-17T20:22:25.496898
leconstitutionnel,bpt6k651247b,,failed,0,0,,no_usable_pages,known,,,bpt6k651247b: no usable pages in manifest.,2026-07-17T20:22:25.581436
leconstitutionnel,bpt6k6512493,,failed,0,0,,no_usable_pages,known,,,bpt6k6512493: no usable pages in manifest.,2026-07-17T20:22:25.680040
leconstitutionnel,bpt6k6512501,,failed,0,0,,no_usable_pages,known,,,bpt6k6512501: no usable pages in manifest.,2026-07-17T20:22:25.772545
leconstitutionnel,bpt6k651252s,,failed,0,0,,no_usable_pages,known,,,bpt6k651252s: no usable pages in manifest.,2026-07-17T20:22:25.928375
leconstitutionnel,bpt6k6512535,,failed,0,0,,no_usable_pages,known,,,bpt6k6512535: no usable pages in manifest.,2026-07-17T20:22:26.099894
leconstitutionnel,bpt6k651254j,,failed,0,0,,no_usable_pages,known,,,bpt6k651254j: no usable pages in manifest.,2026-07-17T20:22:26.212451
leconstitutionnel,bpt6k651255x,,failed,0,0,,no_usable_pages,known,,,bpt6k651255x: no usable pages in manifest.,2026-07-17T20:22:26.301514
leconstitutionnel,bpt6k651257p,,failed,0,0,,no_usable_pages,known,,,bpt6k651257p: no usable pages in manifest.,2026-07-17T20:22:26.378980
leconstitutionnel,bpt6k6512582,,failed,0,0,,no_usable_pages,known,,,bpt6k6512582: no usable pages in manifest.,2026-07-17T20:22:26.466958
leconstitutionnel,bpt6k651259f,,failed,0,0,,no_usable_pages,known,,,bpt6k651259f: no usable pages in manifest.,2026-07-17T20:22:26.653119
leconstitutionnel,bpt6k651263h,,failed,0,0,,no_usable_pages,known,,,bpt6k651263h: no usable pages in manifest.,2026-07-17T20:22:26.752380
leconstitutionnel,bpt6k651264w,,failed,0,0,,no_usable_pages,known,,,bpt6k651264w: no usable pages in manifest.,2026-07-17T20:22:26.831639
leconstitutionnel,bpt6k6512658,,failed,0,0,,no_usable_pages,known,,,bpt6k6512658: no usable pages in manifest.,2026-07-17T20:22:26.970676
leconstitutionnel,bpt6k651266n,,failed,0,0,,no_usable_pages,known,,,bpt6k651266n: no usable pages in manifest.,2026-07-17T20:22:27.067169
leconstitutionnel,bpt6k6512671,,failed,0,0,,no_usable_pages,known,,,bpt6k6512671: no usable pages in manifest.,2026-07-17T20:22:27.164708
leconstitutionnel,bpt6k651268d,,failed,0,0,,no_usable_pages,known,,,bpt6k651268d: no usable pages in manifest.,2026-07-17T20:22:27.272182
leconstitutionnel,bpt6k651269s,,failed,0,0,,no_usable_pages,known,,,bpt6k651269s: no usable pages in manifest.,2026-07-17T20:22:27.360669
leconstitutionnel,bpt6k651270q,,failed,0,0,,no_usable_pages,known,,,bpt6k651270q: no usable pages in manifest.,2026-07-17T20:22:27.468016
leconstitutionnel,bpt6k651478c,,failed,0,0,,no_usable_pages,known,,,bpt6k651478c: no usable pages in manifest.,2026-07-17T20:22:27.557315
leconstitutionnel,bpt6k651482f,,failed,0,0,,no_usable_pages,known,,,bpt6k651482f: no usable pages in manifest.,2026-07-17T20:22:27.621352
leconstitutionnel,bpt6k651872b,,failed,0,0,,no_usable_pages,known,,,bpt6k651872b: no usable pages in manifest.,2026-07-17T20:22:27.699148
leconstitutionnel,bpt6k6519040,,failed,0,0,,no_usable_pages,known,,,bpt6k6519040: no usable pages in manifest.,2026-07-17T20:22:27.774192
leconstitutionnel,bpt6k651905c,,failed,0,0,,no_usable_pages,known,,,bpt6k651905c: no usable pages in manifest.,2026-07-17T20:22:27.875363
leconstitutionnel,bpt6k651906r,,failed,0,0,,no_usable_pages,known,,,bpt6k651906r: no usable pages in manifest.,2026-07-17T20:22:27.998534
leconstitutionnel,bpt6k6519074,,failed,0,0,,no_usable_pages,known,,,bpt6k6519074: no usable pages in manifest.,2026-07-17T20:22:28.109871
leconstitutionnel,bpt6k651908h,,failed,0,0,,no_usable_pages,known,,,bpt6k651908h: no usable pages in manifest.,2026-07-17T20:22:28.239755
leconstitutionnel,bpt6k651909w,,failed,0,0,,no_usable_pages,known,,,bpt6k651909w: no usable pages in manifest.,2026-07-17T20:22:28.323755
leconstitutionnel,bpt6k651938j,,failed,0,0,,no_usable_pages,known,,,bpt6k651938j: no usable pages in manifest.,2026-07-17T20:22:28.458144
leconstitutionnel,bpt6k652014t,,failed,0,0,,no_usable_pages,known,,,bpt6k652014t: no usable pages in manifest.,2026-07-17T20:22:28.566386
leconstitutionnel,bpt6k652037n,,failed,0,0,,no_usable_pages,known,,,bpt6k652037n: no usable pages in manifest.,2026-07-17T20:22:28.727433
leconstitutionnel,bpt6k6521568,,failed,0,0,,no_usable_pages,known,,,bpt6k6521568: no usable pages in manifest.,2026-07-17T20:22:28.861916
leconstitutionnel,bpt6k652157n,,failed,0,0,,no_usable_pages,known,,,bpt6k652157n: no usable pages in manifest.,2026-07-17T20:22:29.092134
leconstitutionnel,bpt6k652184j,,failed,0,0,,no_usable_pages,known,,,bpt6k652184j: no usable pages in manifest.,2026-07-17T20:22:29.231240
leconstitutionnel,bpt6k652185x,,failed,0,0,,no_usable_pages,known,,,bpt6k652185x: no usable pages in manifest.,2026-07-17T20:22:29.310272
leconstitutionnel,bpt6k6521869,,failed,0,0,,no_usable_pages,known,,,bpt6k6521869: no usable pages in manifest.,2026-07-17T20:22:29.389536
leconstitutionnel,bpt6k652187p,,failed,0,0,,no_usable_pages,known,,,bpt6k652187p: no usable pages in manifest.,2026-07-17T20:22:29.460227
leconstitutionnel,bpt6k6521882,,failed,0,0,,no_usable_pages,known,,,bpt6k6521882: no usable pages in manifest.,2026-07-17T20:22:29.537731
leconstitutionnel,bpt6k652189f,,failed,0,0,,no_usable_pages,known,,,bpt6k652189f: no usable pages in manifest.,2026-07-17T20:22:29.623173
leconstitutionnel,bpt6k652190c,,failed,0,0,,no_usable_pages,known,,,bpt6k652190c: no usable pages in manifest.,2026-07-17T20:22:29.694112
leconstitutionnel,bpt6k652191r,,failed,0,0,,no_usable_pages,known,,,bpt6k652191r: no usable pages in manifest.,2026-07-17T20:22:29.779283
leconstitutionnel,bpt6k6521924,,failed,0,0,,no_usable_pages,known,,,bpt6k6521924: no usable pages in manifest.,2026-07-17T20:22:29.855826
leconstitutionnel,bpt6k652193h,,failed,0,0,,no_usable_pages,known,,,bpt6k652193h: no usable pages in manifest.,2026-07-17T20:22:29.967847
leconstitutionnel,bpt6k652206v,,failed,0,0,,no_usable_pages,known,,,bpt6k652206v: no usable pages in manifest.,2026-07-17T20:22:30.061745
leconstitutionnel,bpt6k6522077,,failed,0,0,,no_usable_pages,known,,,bpt6k6522077: no usable pages in manifest.,2026-07-17T20:22:30.202435
leconstitutionnel,bpt6k652208m,,failed,0,0,,no_usable_pages,known,,,bpt6k652208m: no usable pages in manifest.,2026-07-17T20:22:30.275145
leconstitutionnel,bpt6k6522090,,failed,0,0,,no_usable_pages,known,,,bpt6k6522090: no usable pages in manifest.,2026-07-17T20:22:30.354625
leconstitutionnel,bpt6k652210x,,failed,0,0,,no_usable_pages,known,,,bpt6k652210x: no usable pages in manifest.,2026-07-17T20:22:30.451239
leconstitutionnel,bpt6k6522119,,failed,0,0,,no_usable_pages,known,,,bpt6k6522119: no usable pages in manifest.,2026-07-17T20:22:30.531876
leconstitutionnel,bpt6k652212p,,failed,0,0,,no_usable_pages,known,,,bpt6k652212p: no usable pages in manifest.,2026-07-17T20:22:30.608482
leconstitutionnel,bpt6k6522132,,failed,0,0,,no_usable_pages,known,,,bpt6k6522132: no usable pages in manifest.,2026-07-17T20:22:30.681255
leconstitutionnel,bpt6k652214f,,failed,0,0,,no_usable_pages,known,,,bpt6k652214f: no usable pages in manifest.,2026-07-17T20:22:30.767974
leconstitutionnel,bpt6k652215t,,failed,0,0,,no_usable_pages,known,,,bpt6k652215t: no usable pages in manifest.,2026-07-17T20:22:30.858167
leconstitutionnel,bpt6k6522166,,failed,0,0,,no_usable_pages,known,,,bpt6k6522166: no usable pages in manifest.,2026-07-17T20:22:30.938713
leconstitutionnel,bpt6k652217k,,failed,0,0,,no_usable_pages,known,,,bpt6k652217k: no usable pages in manifest.,2026-07-17T20:22:31.015916
leconstitutionnel,bpt6k652218z,,failed,0,0,,no_usable_pages,known,,,bpt6k652218z: no usable pages in manifest.,2026-07-17T20:22:31.119944
leconstitutionnel,bpt6k652219b,,failed,0,0,,no_usable_pages,known,,,bpt6k652219b: no usable pages in manifest.,2026-07-17T20:22:31.238501
leconstitutionnel,bpt6k6522208,,failed,0,0,,no_usable_pages,known,,,bpt6k6522208: no usable pages in manifest.,2026-07-17T20:22:31.350921
leconstitutionnel,bpt6k652221n,,failed,0,0,,no_usable_pages,known,,,bpt6k652221n: no usable pages in manifest.,2026-07-17T20:22:31.430671
leconstitutionnel,bpt6k6522221,,failed,0,0,,no_usable_pages,known,,,bpt6k6522221: no usable pages in manifest.,2026-07-17T20:22:31.503436
leconstitutionnel,bpt6k652223d,,failed,0,0,,no_usable_pages,known,,,bpt6k652223d: no usable pages in manifest.,2026-07-17T20:22:31.588328
leconstitutionnel,bpt6k652224s,,failed,0,0,,no_usable_pages,known,,,bpt6k652224s: no usable pages in manifest.,2026-07-17T20:22:31.705655
leconstitutionnel,bpt6k6522255,,failed,0,0,,no_usable_pages,known,,,bpt6k6522255: no usable pages in manifest.,2026-07-17T20:22:31.781137
leconstitutionnel,bpt6k652226j,,failed,0,0,,no_usable_pages,known,,,bpt6k652226j: no usable pages in manifest.,2026-07-17T20:22:31.855874
leconstitutionnel,bpt6k652227x,,failed,0,0,,no_usable_pages,known,,,bpt6k652227x: no usable pages in manifest.,2026-07-17T20:22:31.931974
leconstitutionnel,bpt6k6522289,,failed,0,0,,no_usable_pages,known,,,bpt6k6522289: no usable pages in manifest.,2026-07-17T20:22:31.988530
leconstitutionnel,bpt6k652229p,,failed,0,0,,no_usable_pages,known,,,bpt6k652229p: no usable pages in manifest.,2026-07-17T20:22:32.085816
leconstitutionnel,bpt6k652230m,,failed,0,0,,no_usable_pages,known,,,bpt6k652230m: no usable pages in manifest.,2026-07-17T20:22:32.186724
leconstitutionnel,bpt6k6522310,,failed,0,0,,no_usable_pages,known,,,bpt6k6522310: no usable pages in manifest.,2026-07-17T20:22:32.306272
leconstitutionnel,bpt6k652232c,,failed,0,0,,no_usable_pages,known,,,bpt6k652232c: no usable pages in manifest.,2026-07-17T20:22:32.420244
leconstitutionnel,bpt6k652233r,,failed,0,0,,no_usable_pages,known,,,bpt6k652233r: no usable pages in manifest.,2026-07-17T20:22:32.510548
leconstitutionnel,bpt6k6522344,,failed,0,0,,no_usable_pages,known,,,bpt6k6522344: no usable pages in manifest.,2026-07-17T20:22:32.597208
leconstitutionnel,bpt6k652235h,,failed,0,0,,no_usable_pages,known,,,bpt6k652235h: no usable pages in manifest.,2026-07-17T20:22:32.698944
leconstitutionnel,bpt6k652236w,,failed,0,0,,no_usable_pages,known,,,bpt6k652236w: no usable pages in manifest.,2026-07-17T20:22:32.775947
leconstitutionnel,bpt6k6522378,,failed,0,0,,no_usable_pages,known,,,bpt6k6522378: no usable pages in manifest.,2026-07-17T20:22:32.856727
leconstitutionnel,bpt6k652238n,,failed,0,0,,no_usable_pages,known,,,bpt6k652238n: no usable pages in manifest.,2026-07-17T20:22:32.946127
leconstitutionnel,bpt6k6522391,,failed,0,0,,no_usable_pages,known,,,bpt6k6522391: no usable pages in manifest.,2026-07-17T20:22:33.012559
leconstitutionnel,bpt6k652240z,,failed,0,0,,no_usable_pages,known,,,bpt6k652240z: no usable pages in manifest.,2026-07-17T20:22:33.094255
leconstitutionnel,bpt6k652241b,,failed,0,0,,no_usable_pages,known,,,bpt6k652241b: no usable pages in manifest.,2026-07-17T20:22:33.203668
leconstitutionnel,bpt6k6522433,,failed,0,0,,no_usable_pages,known,,,bpt6k6522433: no usable pages in manifest.,2026-07-17T20:22:33.309853
leconstitutionnel,bpt6k652244g,,failed,0,0,,no_usable_pages,known,,,bpt6k652244g: no usable pages in manifest.,2026-07-17T20:22:33.425612
leconstitutionnel,bpt6k652245v,,failed,0,0,,no_usable_pages,known,,,bpt6k652245v: no usable pages in manifest.,2026-07-17T20:22:33.524573
leconstitutionnel,bpt6k6522467,,failed,0,0,,no_usable_pages,known,,,bpt6k6522467: no usable pages in manifest.,2026-07-17T20:22:33.637223
leconstitutionnel,bpt6k652247m,,failed,0,0,,no_usable_pages,known,,,bpt6k652247m: no usable pages in manifest.,2026-07-17T20:22:33.774998
leconstitutionnel,bpt6k6522480,,failed,0,0,,no_usable_pages,known,,,bpt6k6522480: no usable pages in manifest.,2026-07-17T20:22:33.858360
leconstitutionnel,bpt6k652249c,,failed,0,0,,no_usable_pages,known,,,bpt6k652249c: no usable pages in manifest.,2026-07-17T20:22:33.953169
leconstitutionnel,bpt6k652251p,,failed,0,0,,no_usable_pages,known,,,bpt6k652251p: no usable pages in manifest.,2026-07-17T20:22:34.032554
leconstitutionnel,bpt6k6522509,,failed,0,0,,no_usable_pages,known,,,bpt6k6522509: no usable pages in manifest.,2026-07-17T20:22:34.158808
leconstitutionnel,bpt6k6522522,,failed,0,0,,no_usable_pages,known,,,bpt6k6522522: no usable pages in manifest.,2026-07-17T20:22:34.259199
leconstitutionnel,bpt6k652253f,,failed,0,0,,no_usable_pages,known,,,bpt6k652253f: no usable pages in manifest.,2026-07-17T20:22:34.353637
leconstitutionnel,bpt6k652254t,,failed,0,0,,no_usable_pages,known,,,bpt6k652254t: no usable pages in manifest.,2026-07-17T20:22:34.452156
leconstitutionnel,bpt6k6522556,,failed,0,0,,no_usable_pages,known,,,bpt6k6522556: no usable pages in manifest.,2026-07-17T20:22:34.517911
leconstitutionnel,bpt6k652256k,,failed,0,0,,no_usable_pages,known,,,bpt6k652256k: no usable pages in manifest.,2026-07-17T20:22:34.599714
leconstitutionnel,bpt6k652257z,,failed,0,0,,no_usable_pages,known,,,bpt6k652257z: no usable pages in manifest.,2026-07-17T20:22:34.672833
leconstitutionnel,bpt6k652258b,,failed,0,0,,no_usable_pages,known,,,bpt6k652258b: no usable pages in manifest.,2026-07-17T20:22:34.794560
leconstitutionnel,bpt6k652259q,,failed,0,0,,no_usable_pages,known,,,bpt6k652259q: no usable pages in manifest.,2026-07-17T20:22:34.867658
leconstitutionnel,bpt6k652260n,,failed,0,0,,no_usable_pages,known,,,bpt6k652260n: no usable pages in manifest.,2026-07-17T20:22:34.957244
leconstitutionnel,bpt6k6522611,,failed,0,0,,no_usable_pages,known,,,bpt6k6522611: no usable pages in manifest.,2026-07-17T20:22:35.028918
leconstitutionnel,bpt6k652262d,,failed,0,0,,no_usable_pages,known,,,bpt6k652262d: no usable pages in manifest.,2026-07-17T20:22:35.107633
leconstitutionnel,bpt6k652263s,,failed,0,0,,no_usable_pages,known,,,bpt6k652263s: no usable pages in manifest.,2026-07-17T20:22:35.194191
leconstitutionnel,bpt6k6522645,,failed,0,0,,no_usable_pages,known,,,bpt6k6522645: no usable pages in manifest.,2026-07-17T20:22:35.283265
leconstitutionnel,bpt6k652265j,,failed,0,0,,no_usable_pages,known,,,bpt6k652265j: no usable pages in manifest.,2026-07-17T20:22:35.399820
leconstitutionnel,bpt6k652266x,,failed,0,0,,no_usable_pages,known,,,bpt6k652266x: no usable pages in manifest.,2026-07-17T20:22:35.491822
leconstitutionnel,bpt6k6522679,,failed,0,0,,no_usable_pages,known,,,bpt6k6522679: no usable pages in manifest.,2026-07-17T20:22:35.579778
leconstitutionnel,bpt6k652268p,,failed,0,0,,no_usable_pages,known,,,bpt6k652268p: no usable pages in manifest.,2026-07-17T20:22:35.668647
leconstitutionnel,bpt6k6522692,,failed,0,0,,no_usable_pages,known,,,bpt6k6522692: no usable pages in manifest.,2026-07-17T20:22:35.736024
leconstitutionnel,bpt6k6522700,,failed,0,0,,no_usable_pages,known,,,bpt6k6522700: no usable pages in manifest.,2026-07-17T20:22:35.791663
leconstitutionnel,bpt6k652271c,,failed,0,0,,no_usable_pages,known,,,bpt6k652271c: no usable pages in manifest.,2026-07-17T20:22:35.843546
leconstitutionnel,bpt6k652272r,,failed,0,0,,no_usable_pages,known,,,bpt6k652272r: no usable pages in manifest.,2026-07-17T20:22:35.919554
leconstitutionnel,bpt6k6522734,,failed,0,0,,no_usable_pages,known,,,bpt6k6522734: no usable pages in manifest.,2026-07-17T20:22:35.997428
leconstitutionnel,bpt6k652274h,,failed,0,0,,no_usable_pages,known,,,bpt6k652274h: no usable pages in manifest.,2026-07-17T20:22:36.092098
leconstitutionnel,bpt6k652275w,,failed,0,0,,no_usable_pages,known,,,bpt6k652275w: no usable pages in manifest.,2026-07-17T20:22:36.198164
leconstitutionnel,bpt6k6522768,,failed,0,0,,no_usable_pages,known,,,bpt6k6522768: no usable pages in manifest.,2026-07-17T20:22:36.297260
leconstitutionnel,bpt6k652277n,,failed,0,0,,no_usable_pages,known,,,bpt6k652277n: no usable pages in manifest.,2026-07-17T20:22:36.438052
leconstitutionnel,bpt6k6522781,,failed,0,0,,no_usable_pages,known,,,bpt6k6522781: no usable pages in manifest.,2026-07-17T20:22:36.538746
leconstitutionnel,bpt6k652279d,,failed,0,0,,no_usable_pages,known,,,bpt6k652279d: no usable pages in manifest.,2026-07-17T20:22:36.649249
leconstitutionnel,bpt6k652280b,,failed,0,0,,no_usable_pages,known,,,bpt6k652280b: no usable pages in manifest.,2026-07-17T20:22:36.751330
leconstitutionnel,bpt6k652281q,,failed,0,0,,no_usable_pages,known,,,bpt6k652281q: no usable pages in manifest.,2026-07-17T20:22:36.829360
leconstitutionnel,bpt6k6522823,,failed,0,0,,no_usable_pages,known,,,bpt6k6522823: no usable pages in manifest.,2026-07-17T20:22:36.897549
leconstitutionnel,bpt6k652283g,,failed,0,0,,no_usable_pages,known,,,bpt6k652283g: no usable pages in manifest.,2026-07-17T20:22:36.972219
leconstitutionnel,bpt6k652284v,,failed,0,0,,no_usable_pages,known,,,bpt6k652284v: no usable pages in manifest.,2026-07-17T20:22:37.036004
leconstitutionnel,bpt6k6522857,,failed,0,0,,no_usable_pages,known,,,bpt6k6522857: no usable pages in manifest.,2026-07-17T20:22:37.113289
leconstitutionnel,bpt6k652286m,,failed,0,0,,no_usable_pages,known,,,bpt6k652286m: no usable pages in manifest.,2026-07-17T20:22:37.190095
leconstitutionnel,bpt6k6522870,,failed,0,0,,no_usable_pages,known,,,bpt6k6522870: no usable pages in manifest.,2026-07-17T20:22:37.346596
leconstitutionnel,bpt6k652288c,,failed,0,0,,no_usable_pages,known,,,bpt6k652288c: no usable pages in manifest.,2026-07-17T20:22:37.430494
leconstitutionnel,bpt6k652289r,,failed,0,0,,no_usable_pages,known,,,bpt6k652289r: no usable pages in manifest.,2026-07-17T20:22:37.499898
leconstitutionnel,bpt6k652290p,,failed,0,0,,no_usable_pages,known,,,bpt6k652290p: no usable pages in manifest.,2026-07-17T20:22:37.641430
leconstitutionnel,bpt6k6522912,,failed,0,0,,no_usable_pages,known,,,bpt6k6522912: no usable pages in manifest.,2026-07-17T20:22:37.761099
leconstitutionnel,bpt6k652292f,,failed,0,0,,no_usable_pages,known,,,bpt6k652292f: no usable pages in manifest.,2026-07-17T20:22:37.890016
leconstitutionnel,bpt6k652293t,,failed,0,0,,no_usable_pages,known,,,bpt6k652293t: no usable pages in manifest.,2026-07-17T20:22:37.960660
leconstitutionnel,bpt6k6522946,,failed,0,0,,no_usable_pages,known,,,bpt6k6522946: no usable pages in manifest.,2026-07-17T20:22:38.069744
leconstitutionnel,bpt6k652295k,,failed,0,0,,no_usable_pages,known,,,bpt6k652295k: no usable pages in manifest.,2026-07-17T20:22:38.148059
leconstitutionnel,bpt6k652297b,,failed,0,0,,no_usable_pages,known,,,bpt6k652297b: no usable pages in manifest.,2026-07-17T20:22:38.213187
leconstitutionnel,bpt6k652296z,,failed,0,0,,no_usable_pages,known,,,bpt6k652296z: no usable pages in manifest.,2026-07-17T20:22:38.273457
leconstitutionnel,bpt6k652298q,,failed,0,0,,no_usable_pages,known,,,bpt6k652298q: no usable pages in manifest.,2026-07-17T20:22:38.366376
leconstitutionnel,bpt6k6522993,,failed,0,0,,no_usable_pages,known,,,bpt6k6522993: no usable pages in manifest.,2026-07-17T20:22:38.453630
leconstitutionnel,bpt6k652300w,,failed,0,0,,no_usable_pages,known,,,bpt6k652300w: no usable pages in manifest.,2026-07-17T20:22:38.540033
leconstitutionnel,bpt6k6523018,,failed,0,0,,no_usable_pages,known,,,bpt6k6523018: no usable pages in manifest.,2026-07-17T20:22:38.625434
leconstitutionnel,bpt6k652302n,,failed,0,0,,no_usable_pages,known,,,bpt6k652302n: no usable pages in manifest.,2026-07-17T20:22:38.730747
leconstitutionnel,bpt6k6523031,,failed,0,0,,no_usable_pages,known,,,bpt6k6523031: no usable pages in manifest.,2026-07-17T20:22:38.812612
leconstitutionnel,bpt6k652304d,,failed,0,0,,no_usable_pages,known,,,bpt6k652304d: no usable pages in manifest.,2026-07-17T20:22:38.889634
leconstitutionnel,bpt6k652305s,,failed,0,0,,no_usable_pages,known,,,bpt6k652305s: no usable pages in manifest.,2026-07-17T20:22:38.946192
leconstitutionnel,bpt6k6523065,,failed,0,0,,no_usable_pages,known,,,bpt6k6523065: no usable pages in manifest.,2026-07-17T20:22:39.018402
leconstitutionnel,bpt6k652307j,,failed,0,0,,no_usable_pages,known,,,bpt6k652307j: no usable pages in manifest.,2026-07-17T20:22:39.108687
leconstitutionnel,bpt6k652308x,,failed,0,0,,no_usable_pages,known,,,bpt6k652308x: no usable pages in manifest.,2026-07-17T20:22:39.195241
leconstitutionnel,bpt6k6523099,,failed,0,0,,no_usable_pages,known,,,bpt6k6523099: no usable pages in manifest.,2026-07-17T20:22:39.284122
leconstitutionnel,bpt6k6523107,,failed,0,0,,no_usable_pages,known,,,bpt6k6523107: no usable pages in manifest.,2026-07-17T20:22:39.367075
leconstitutionnel,bpt6k652311m,,failed,0,0,,no_usable_pages,known,,,bpt6k652311m: no usable pages in manifest.,2026-07-17T20:22:39.550366
leconstitutionnel,bpt6k6523120,,failed,0,0,,no_usable_pages,known,,,bpt6k6523120: no usable pages in manifest.,2026-07-17T20:22:39.653275
leconstitutionnel,bpt6k652313c,,failed,0,0,,no_usable_pages,known,,,bpt6k652313c: no usable pages in manifest.,2026-07-17T20:22:39.725483
leconstitutionnel,bpt6k652314r,,failed,0,0,,no_usable_pages,known,,,bpt6k652314r: no usable pages in manifest.,2026-07-17T20:22:39.815755
leconstitutionnel,bpt6k6523154,,failed,0,0,,no_usable_pages,known,,,bpt6k6523154: no usable pages in manifest.,2026-07-17T20:22:39.892819
leconstitutionnel,bpt6k652316h,,failed,0,0,,no_usable_pages,known,,,bpt6k652316h: no usable pages in manifest.,2026-07-17T20:22:39.980306
leconstitutionnel,bpt6k652317w,,failed,0,0,,no_usable_pages,known,,,bpt6k652317w: no usable pages in manifest.,2026-07-17T20:22:40.093139
leconstitutionnel,bpt6k6523188,,failed,0,0,,no_usable_pages,known,,,bpt6k6523188: no usable pages in manifest.,2026-07-17T20:22:40.161288
leconstitutionnel,bpt6k652319n,,failed,0,0,,no_usable_pages,known,,,bpt6k652319n: no usable pages in manifest.,2026-07-17T20:22:40.244927
leconstitutionnel,bpt6k652320k,,failed,0,0,,no_usable_pages,known,,,bpt6k652320k: no usable pages in manifest.,2026-07-17T20:22:40.299461
leconstitutionnel,bpt6k652321z,,failed,0,0,,no_usable_pages,known,,,bpt6k652321z: no usable pages in manifest.,2026-07-17T20:22:40.378875
leconstitutionnel,bpt6k652322b,,failed,0,0,,no_usable_pages,known,,,bpt6k652322b: no usable pages in manifest.,2026-07-17T20:22:40.480815
leconstitutionnel,bpt6k652323q,,failed,0,0,,no_usable_pages,known,,,bpt6k652323q: no usable pages in manifest.,2026-07-17T20:22:40.557597
leconstitutionnel,bpt6k6523243,,failed,0,0,,no_usable_pages,known,,,bpt6k6523243: no usable pages in manifest.,2026-07-17T20:22:40.693312
leconstitutionnel,bpt6k652325g,,failed,0,0,,no_usable_pages,known,,,bpt6k652325g: no usable pages in manifest.,2026-07-17T20:22:40.797870
leconstitutionnel,bpt6k652326v,,failed,0,0,,no_usable_pages,known,,,bpt6k652326v: no usable pages in manifest.,2026-07-17T20:22:40.884963
leconstitutionnel,bpt6k6523277,,failed,0,0,,no_usable_pages,known,,,bpt6k6523277: no usable pages in manifest.,2026-07-17T20:22:40.952910
leconstitutionnel,bpt6k652328m,,failed,0,0,,no_usable_pages,known,,,bpt6k652328m: no usable pages in manifest.,2026-07-17T20:22:41.061720
leconstitutionnel,bpt6k6523290,,failed,0,0,,no_usable_pages,known,,,bpt6k6523290: no usable pages in manifest.,2026-07-17T20:22:41.163243
leconstitutionnel,bpt6k652330x,,failed,0,0,,no_usable_pages,known,,,bpt6k652330x: no usable pages in manifest.,2026-07-17T20:22:41.231263
leconstitutionnel,bpt6k6523319,,failed,0,0,,no_usable_pages,known,,,bpt6k6523319: no usable pages in manifest.,2026-07-17T20:22:41.311850
leconstitutionnel,bpt6k652332p,,failed,0,0,,no_usable_pages,known,,,bpt6k652332p: no usable pages in manifest.,2026-07-17T20:22:41.391383
leconstitutionnel,bpt6k6523332,,failed,0,0,,no_usable_pages,known,,,bpt6k6523332: no usable pages in manifest.,2026-07-17T20:22:41.505746
leconstitutionnel,bpt6k652334f,,failed,0,0,,no_usable_pages,known,,,bpt6k652334f: no usable pages in manifest.,2026-07-17T20:22:41.650650
leconstitutionnel,bpt6k652335t,,failed,0,0,,no_usable_pages,known,,,bpt6k652335t: no usable pages in manifest.,2026-07-17T20:22:41.735608
leconstitutionnel,bpt6k6523366,,failed,0,0,,no_usable_pages,known,,,bpt6k6523366: no usable pages in manifest.,2026-07-17T20:22:41.859151
leconstitutionnel,bpt6k652337k,,failed,0,0,,no_usable_pages,known,,,bpt6k652337k: no usable pages in manifest.,2026-07-17T20:22:41.925339
leconstitutionnel,bpt6k652338z,,failed,0,0,,no_usable_pages,known,,,bpt6k652338z: no usable pages in manifest.,2026-07-17T20:22:42.006613
leconstitutionnel,bpt6k652339b,,failed,0,0,,no_usable_pages,known,,,bpt6k652339b: no usable pages in manifest.,2026-07-17T20:22:42.078337
leconstitutionnel,bpt6k6523408,,failed,0,0,,no_usable_pages,known,,,bpt6k6523408: no usable pages in manifest.,2026-07-17T20:22:42.158868
leconstitutionnel,bpt6k652341n,,failed,0,0,,no_usable_pages,known,,,bpt6k652341n: no usable pages in manifest.,2026-07-17T20:22:42.242881
leconstitutionnel,bpt6k6523421,,failed,0,0,,no_usable_pages,known,,,bpt6k6523421: no usable pages in manifest.,2026-07-17T20:22:42.308155
leconstitutionnel,bpt6k652343d,,failed,0,0,,no_usable_pages,known,,,bpt6k652343d: no usable pages in manifest.,2026-07-17T20:22:42.391568
leconstitutionnel,bpt6k652344s,,failed,0,0,,no_usable_pages,known,,,bpt6k652344s: no usable pages in manifest.,2026-07-17T20:22:42.479543
leconstitutionnel,bpt6k6523455,,failed,0,0,,no_usable_pages,known,,,bpt6k6523455: no usable pages in manifest.,2026-07-17T20:22:42.577487
leconstitutionnel,bpt6k652346j,,failed,0,0,,no_usable_pages,known,,,bpt6k652346j: no usable pages in manifest.,2026-07-17T20:22:42.728090
leconstitutionnel,bpt6k6523489,,failed,0,0,,no_usable_pages,known,,,bpt6k6523489: no usable pages in manifest.,2026-07-17T20:22:42.800186
leconstitutionnel,bpt6k652347x,,failed,0,0,,no_usable_pages,known,,,bpt6k652347x: no usable pages in manifest.,2026-07-17T20:22:42.896945
leconstitutionnel,bpt6k652349p,,failed,0,0,,no_usable_pages,known,,,bpt6k652349p: no usable pages in manifest.,2026-07-17T20:22:42.971650
leconstitutionnel,bpt6k652350m,,failed,0,0,,no_usable_pages,known,,,bpt6k652350m: no usable pages in manifest.,2026-07-17T20:22:43.065010
leconstitutionnel,bpt6k6523510,,failed,0,0,,no_usable_pages,known,,,bpt6k6523510: no usable pages in manifest.,2026-07-17T20:22:43.136016
leconstitutionnel,bpt6k652352c,,failed,0,0,,no_usable_pages,known,,,bpt6k652352c: no usable pages in manifest.,2026-07-17T20:22:43.224199
leconstitutionnel,bpt6k652353r,,failed,0,0,,no_usable_pages,known,,,bpt6k652353r: no usable pages in manifest.,2026-07-17T20:22:43.294467
leconstitutionnel,bpt6k6523544,,failed,0,0,,no_usable_pages,known,,,bpt6k6523544: no usable pages in manifest.,2026-07-17T20:22:43.375581
leconstitutionnel,bpt6k652355h,,failed,0,0,,no_usable_pages,known,,,bpt6k652355h: no usable pages in manifest.,2026-07-17T20:22:43.470215
leconstitutionnel,bpt6k652356w,,failed,0,0,,no_usable_pages,known,,,bpt6k652356w: no usable pages in manifest.,2026-07-17T20:22:43.547462
leconstitutionnel,bpt6k6523578,,failed,0,0,,no_usable_pages,known,,,bpt6k6523578: no usable pages in manifest.,2026-07-17T20:22:43.645734
leconstitutionnel,bpt6k652358n,,failed,0,0,,no_usable_pages,known,,,bpt6k652358n: no usable pages in manifest.,2026-07-17T20:22:43.763917
leconstitutionnel,bpt6k6523591,,failed,0,0,,no_usable_pages,known,,,bpt6k6523591: no usable pages in manifest.,2026-07-17T20:22:43.838068
leconstitutionnel,bpt6k652360z,,failed,0,0,,no_usable_pages,known,,,bpt6k652360z: no usable pages in manifest.,2026-07-17T20:22:43.954040
leconstitutionnel,bpt6k652361b,,failed,0,0,,no_usable_pages,known,,,bpt6k652361b: no usable pages in manifest.,2026-07-17T20:22:44.044232
leconstitutionnel,bpt6k652362q,,failed,0,0,,no_usable_pages,known,,,bpt6k652362q: no usable pages in manifest.,2026-07-17T20:22:44.117146
leconstitutionnel,bpt6k6523633,,failed,0,0,,no_usable_pages,known,,,bpt6k6523633: no usable pages in manifest.,2026-07-17T20:22:44.230922
leconstitutionnel,bpt6k652364g,,failed,0,0,,no_usable_pages,known,,,bpt6k652364g: no usable pages in manifest.,2026-07-17T20:22:44.306063
leconstitutionnel,bpt6k652365v,,failed,0,0,,no_usable_pages,known,,,bpt6k652365v: no usable pages in manifest.,2026-07-17T20:22:44.383361
leconstitutionnel,bpt6k6523667,,failed,0,0,,no_usable_pages,known,,,bpt6k6523667: no usable pages in manifest.,2026-07-17T20:22:44.444622
leconstitutionnel,bpt6k652367m,,failed,0,0,,no_usable_pages,known,,,bpt6k652367m: no usable pages in manifest.,2026-07-17T20:22:44.552335
leconstitutionnel,bpt6k6523680,,failed,0,0,,no_usable_pages,known,,,bpt6k6523680: no usable pages in manifest.,2026-07-17T20:22:44.652120
leconstitutionnel,bpt6k652369c,,failed,0,0,,no_usable_pages,known,,,bpt6k652369c: no usable pages in manifest.,2026-07-17T20:22:44.750910
leconstitutionnel,bpt6k6523709,,failed,0,0,,no_usable_pages,known,,,bpt6k6523709: no usable pages in manifest.,2026-07-17T20:22:44.852581
leconstitutionnel,bpt6k652371p,,failed,0,0,,no_usable_pages,known,,,bpt6k652371p: no usable pages in manifest.,2026-07-17T20:22:44.925075
leconstitutionnel,bpt6k6523722,,failed,0,0,,no_usable_pages,known,,,bpt6k6523722: no usable pages in manifest.,2026-07-17T20:22:45.022693
leconstitutionnel,bpt6k652373f,,failed,0,0,,no_usable_pages,known,,,bpt6k652373f: no usable pages in manifest.,2026-07-17T20:22:45.113278
leconstitutionnel,bpt6k652374t,,failed,0,0,,no_usable_pages,known,,,bpt6k652374t: no usable pages in manifest.,2026-07-17T20:22:45.257160
leconstitutionnel,bpt6k652376k,,failed,0,0,,no_usable_pages,known,,,bpt6k652376k: no usable pages in manifest.,2026-07-17T20:22:45.332946
leconstitutionnel,bpt6k6523756,,failed,0,0,,no_usable_pages,known,,,bpt6k6523756: no usable pages in manifest.,2026-07-17T20:22:45.396251
leconstitutionnel,bpt6k652377z,,failed,0,0,,no_usable_pages,known,,,bpt6k652377z: no usable pages in manifest.,2026-07-17T20:22:45.462323
leconstitutionnel,bpt6k652378b,,failed,0,0,,no_usable_pages,known,,,bpt6k652378b: no usable pages in manifest.,2026-07-17T20:22:45.588678
leconstitutionnel,bpt6k652379q,,failed,0,0,,no_usable_pages,known,,,bpt6k652379q: no usable pages in manifest.,2026-07-17T20:22:45.666480
leconstitutionnel,bpt6k652380n,,failed,0,0,,no_usable_pages,known,,,bpt6k652380n: no usable pages in manifest.,2026-07-17T20:22:45.727477
leconstitutionnel,bpt6k6523811,,failed,0,0,,no_usable_pages,known,,,bpt6k6523811: no usable pages in manifest.,2026-07-17T20:22:45.826014
leconstitutionnel,bpt6k652382d,,failed,0,0,,no_usable_pages,known,,,bpt6k652382d: no usable pages in manifest.,2026-07-17T20:22:45.971239
leconstitutionnel,bpt6k652383s,,failed,0,0,,no_usable_pages,known,,,bpt6k652383s: no usable pages in manifest.,2026-07-17T20:22:46.116274
leconstitutionnel,bpt6k6523845,,failed,0,0,,no_usable_pages,known,,,bpt6k6523845: no usable pages in manifest.,2026-07-17T20:22:46.209153
leconstitutionnel,bpt6k652385j,,failed,0,0,,no_usable_pages,known,,,bpt6k652385j: no usable pages in manifest.,2026-07-17T20:22:46.283374
leconstitutionnel,bpt6k652386x,,failed,0,0,,no_usable_pages,known,,,bpt6k652386x: no usable pages in manifest.,2026-07-17T20:22:46.378986
leconstitutionnel,bpt6k6523879,,failed,0,0,,no_usable_pages,known,,,bpt6k6523879: no usable pages in manifest.,2026-07-17T20:22:46.455107
leconstitutionnel,bpt6k652388p,,failed,0,0,,no_usable_pages,known,,,bpt6k652388p: no usable pages in manifest.,2026-07-17T20:22:46.523162
leconstitutionnel,bpt6k6523892,,failed,0,0,,no_usable_pages,known,,,bpt6k6523892: no usable pages in manifest.,2026-07-17T20:22:46.597394
leconstitutionnel,bpt6k6523900,,failed,0,0,,no_usable_pages,known,,,bpt6k6523900: no usable pages in manifest.,2026-07-17T20:22:46.713491
leconstitutionnel,bpt6k652391c,,failed,0,0,,no_usable_pages,known,,,bpt6k652391c: no usable pages in manifest.,2026-07-17T20:22:46.812951
leconstitutionnel,bpt6k652392r,,failed,0,0,,no_usable_pages,known,,,bpt6k652392r: no usable pages in manifest.,2026-07-17T20:22:46.890990
leconstitutionnel,bpt6k6523934,,failed,0,0,,no_usable_pages,known,,,bpt6k6523934: no usable pages in manifest.,2026-07-17T20:22:47.024012
leconstitutionnel,bpt6k652394h,,failed,0,0,,no_usable_pages,known,,,bpt6k652394h: no usable pages in manifest.,2026-07-17T20:22:47.134402
leconstitutionnel,bpt6k652395w,,failed,0,0,,no_usable_pages,known,,,bpt6k652395w: no usable pages in manifest.,2026-07-17T20:22:47.204569
leconstitutionnel,bpt6k6523968,,failed,0,0,,no_usable_pages,known,,,bpt6k6523968: no usable pages in manifest.,2026-07-17T20:22:47.288326
leconstitutionnel,bpt6k652397n,,failed,0,0,,no_usable_pages,known,,,bpt6k652397n: no usable pages in manifest.,2026-07-17T20:22:47.361675
leconstitutionnel,bpt6k6523981,,failed,0,0,,no_usable_pages,known,,,bpt6k6523981: no usable pages in manifest.,2026-07-17T20:22:47.464847
leconstitutionnel,bpt6k652399d,,failed,0,0,,no_usable_pages,known,,,bpt6k652399d: no usable pages in manifest.,2026-07-17T20:22:47.548310
leconstitutionnel,bpt6k6524006,,failed,0,0,,no_usable_pages,known,,,bpt6k6524006: no usable pages in manifest.,2026-07-17T20:22:47.661590
leconstitutionnel,bpt6k652401k,,failed,0,0,,no_usable_pages,known,,,bpt6k652401k: no usable pages in manifest.,2026-07-17T20:22:47.733546
leconstitutionnel,bpt6k652402z,,failed,0,0,,no_usable_pages,known,,,bpt6k652402z: no usable pages in manifest.,2026-07-17T20:22:47.841463
leconstitutionnel,bpt6k652403b,,failed,0,0,,no_usable_pages,known,,,bpt6k652403b: no usable pages in manifest.,2026-07-17T20:22:47.943273
leconstitutionnel,bpt6k652404q,,failed,0,0,,no_usable_pages,known,,,bpt6k652404q: no usable pages in manifest.,2026-07-17T20:22:48.044627
leconstitutionnel,bpt6k6524053,,failed,0,0,,no_usable_pages,known,,,bpt6k6524053: no usable pages in manifest.,2026-07-17T20:22:48.142568
leconstitutionnel,bpt6k652406g,,failed,0,0,,no_usable_pages,known,,,bpt6k652406g: no usable pages in manifest.,2026-07-17T20:22:48.243614
leconstitutionnel,bpt6k652407v,,failed,0,0,,no_usable_pages,known,,,bpt6k652407v: no usable pages in manifest.,2026-07-17T20:22:48.312697
leconstitutionnel,bpt6k6524087,,failed,0,0,,no_usable_pages,known,,,bpt6k6524087: no usable pages in manifest.,2026-07-17T20:22:48.424643
leconstitutionnel,bpt6k652409m,,failed,0,0,,no_usable_pages,known,,,bpt6k652409m: no usable pages in manifest.,2026-07-17T20:22:48.481338
leconstitutionnel,bpt6k652410j,,failed,0,0,,no_usable_pages,known,,,bpt6k652410j: no usable pages in manifest.,2026-07-17T20:22:48.555212
leconstitutionnel,bpt6k652411x,,failed,0,0,,no_usable_pages,known,,,bpt6k652411x: no usable pages in manifest.,2026-07-17T20:22:48.684255
leconstitutionnel,bpt6k6524129,,failed,0,0,,no_usable_pages,known,,,bpt6k6524129: no usable pages in manifest.,2026-07-17T20:22:48.758869
leconstitutionnel,bpt6k652413p,,failed,0,0,,no_usable_pages,known,,,bpt6k652413p: no usable pages in manifest.,2026-07-17T20:22:48.833119
leconstitutionnel,bpt6k6524142,,failed,0,0,,no_usable_pages,known,,,bpt6k6524142: no usable pages in manifest.,2026-07-17T20:22:48.922437
leconstitutionnel,bpt6k652415f,,failed,0,0,,no_usable_pages,known,,,bpt6k652415f: no usable pages in manifest.,2026-07-17T20:22:49.012820
leconstitutionnel,bpt6k652416t,,failed,0,0,,no_usable_pages,known,,,bpt6k652416t: no usable pages in manifest.,2026-07-17T20:22:49.124835
leconstitutionnel,bpt6k6524176,,failed,0,0,,no_usable_pages,known,,,bpt6k6524176: no usable pages in manifest.,2026-07-17T20:22:49.214153
leconstitutionnel,bpt6k652418k,,failed,0,0,,no_usable_pages,known,,,bpt6k652418k: no usable pages in manifest.,2026-07-17T20:22:49.310065
leconstitutionnel,bpt6k652419z,,failed,0,0,,no_usable_pages,known,,,bpt6k652419z: no usable pages in manifest.,2026-07-17T20:22:49.387631
leconstitutionnel,bpt6k652420w,,failed,0,0,,no_usable_pages,known,,,bpt6k652420w: no usable pages in manifest.,2026-07-17T20:22:49.484506
leconstitutionnel,bpt6k6524218,,failed,0,0,,no_usable_pages,known,,,bpt6k6524218: no usable pages in manifest.,2026-07-17T20:22:49.599182
leconstitutionnel,bpt6k652422n,,failed,0,0,,no_usable_pages,known,,,bpt6k652422n: no usable pages in manifest.,2026-07-17T20:22:49.695292
leconstitutionnel,bpt6k6524231,,failed,0,0,,no_usable_pages,known,,,bpt6k6524231: no usable pages in manifest.,2026-07-17T20:22:49.794796
leconstitutionnel,bpt6k652424d,,failed,0,0,,no_usable_pages,known,,,bpt6k652424d: no usable pages in manifest.,2026-07-17T20:22:49.926245
leconstitutionnel,bpt6k652425s,,failed,0,0,,no_usable_pages,known,,,bpt6k652425s: no usable pages in manifest.,2026-07-17T20:22:50.023148
leconstitutionnel,bpt6k6524265,,failed,0,0,,no_usable_pages,known,,,bpt6k6524265: no usable pages in manifest.,2026-07-17T20:22:50.146285
leconstitutionnel,bpt6k652427j,,failed,0,0,,no_usable_pages,known,,,bpt6k652427j: no usable pages in manifest.,2026-07-17T20:22:50.241779
leconstitutionnel,bpt6k652428x,,failed,0,0,,no_usable_pages,known,,,bpt6k652428x: no usable pages in manifest.,2026-07-17T20:22:50.306888
leconstitutionnel,bpt6k6524299,,failed,0,0,,no_usable_pages,known,,,bpt6k6524299: no usable pages in manifest.,2026-07-17T20:22:50.437113
leconstitutionnel,bpt6k6524307,,failed,0,0,,no_usable_pages,known,,,bpt6k6524307: no usable pages in manifest.,2026-07-17T20:22:50.541144
leconstitutionnel,bpt6k652431m,,failed,0,0,,no_usable_pages,known,,,bpt6k652431m: no usable pages in manifest.,2026-07-17T20:22:50.633023
leconstitutionnel,bpt6k6524320,,failed,0,0,,no_usable_pages,known,,,bpt6k6524320: no usable pages in manifest.,2026-07-17T20:22:50.721557
leconstitutionnel,bpt6k652433c,,failed,0,0,,no_usable_pages,known,,,bpt6k652433c: no usable pages in manifest.,2026-07-17T20:22:50.788742
leconstitutionnel,bpt6k652434r,,failed,0,0,,no_usable_pages,known,,,bpt6k652434r: no usable pages in manifest.,2026-07-17T20:22:50.862173
leconstitutionnel,bpt6k6524354,,failed,0,0,,no_usable_pages,known,,,bpt6k6524354: no usable pages in manifest.,2026-07-17T20:22:51.018570
leconstitutionnel,bpt6k652436h,,failed,0,0,,no_usable_pages,known,,,bpt6k652436h: no usable pages in manifest.,2026-07-17T20:22:51.132594
leconstitutionnel,bpt6k652437w,,failed,0,0,,no_usable_pages,known,,,bpt6k652437w: no usable pages in manifest.,2026-07-17T20:22:51.265511
leconstitutionnel,bpt6k6524388,,failed,0,0,,no_usable_pages,known,,,bpt6k6524388: no usable pages in manifest.,2026-07-17T20:22:51.334328
leconstitutionnel,bpt6k652439n,,failed,0,0,,no_usable_pages,known,,,bpt6k652439n: no usable pages in manifest.,2026-07-17T20:22:51.414731
leconstitutionnel,bpt6k652440k,,failed,0,0,,no_usable_pages,known,,,bpt6k652440k: no usable pages in manifest.,2026-07-17T20:22:51.480964
leconstitutionnel,bpt6k652441z,,failed,0,0,,no_usable_pages,known,,,bpt6k652441z: no usable pages in manifest.,2026-07-17T20:22:51.537058
leconstitutionnel,bpt6k652442b,,failed,0,0,,no_usable_pages,known,,,bpt6k652442b: no usable pages in manifest.,2026-07-17T20:22:51.637403
leconstitutionnel,bpt6k652443q,,failed,0,0,,no_usable_pages,known,,,bpt6k652443q: no usable pages in manifest.,2026-07-17T20:22:51.712312
leconstitutionnel,bpt6k6524443,,failed,0,0,,no_usable_pages,known,,,bpt6k6524443: no usable pages in manifest.,2026-07-17T20:22:51.809627
leconstitutionnel,bpt6k652445g,,failed,0,0,,no_usable_pages,known,,,bpt6k652445g: no usable pages in manifest.,2026-07-17T20:22:51.884079
leconstitutionnel,bpt6k652446v,,failed,0,0,,no_usable_pages,known,,,bpt6k652446v: no usable pages in manifest.,2026-07-17T20:22:51.988026
leconstitutionnel,bpt6k6524477,,failed,0,0,,no_usable_pages,known,,,bpt6k6524477: no usable pages in manifest.,2026-07-17T20:22:52.094561
leconstitutionnel,bpt6k652448m,,failed,0,0,,no_usable_pages,known,,,bpt6k652448m: no usable pages in manifest.,2026-07-17T20:22:52.190034
leconstitutionnel,bpt6k6524490,,failed,0,0,,no_usable_pages,known,,,bpt6k6524490: no usable pages in manifest.,2026-07-17T20:22:52.338536
leconstitutionnel,bpt6k652450x,,failed,0,0,,no_usable_pages,known,,,bpt6k652450x: no usable pages in manifest.,2026-07-17T20:22:52.460180
leconstitutionnel,bpt6k6524519,,failed,0,0,,no_usable_pages,known,,,bpt6k6524519: no usable pages in manifest.,2026-07-17T20:22:52.542425
leconstitutionnel,bpt6k652452p,,failed,0,0,,no_usable_pages,known,,,bpt6k652452p: no usable pages in manifest.,2026-07-17T20:22:52.644451
leconstitutionnel,bpt6k6524532,,failed,0,0,,no_usable_pages,known,,,bpt6k6524532: no usable pages in manifest.,2026-07-17T20:22:52.767728
leconstitutionnel,bpt6k652454f,,failed,0,0,,no_usable_pages,known,,,bpt6k652454f: no usable pages in manifest.,2026-07-17T20:22:52.925507
leconstitutionnel,bpt6k652455t,,failed,0,0,,no_usable_pages,known,,,bpt6k652455t: no usable pages in manifest.,2026-07-17T20:22:53.046459
leconstitutionnel,bpt6k6524566,,failed,0,0,,no_usable_pages,known,,,bpt6k6524566: no usable pages in manifest.,2026-07-17T20:22:53.135924
leconstitutionnel,bpt6k652457k,,failed,0,0,,no_usable_pages,known,,,bpt6k652457k: no usable pages in manifest.,2026-07-17T20:22:53.247225
leconstitutionnel,bpt6k652458z,,failed,0,0,,no_usable_pages,known,,,bpt6k652458z: no usable pages in manifest.,2026-07-17T20:22:53.408938
leconstitutionnel,bpt6k652459b,,failed,0,0,,no_usable_pages,known,,,bpt6k652459b: no usable pages in manifest.,2026-07-17T20:22:53.480135
leconstitutionnel,bpt6k6524608,,failed,0,0,,no_usable_pages,known,,,bpt6k6524608: no usable pages in manifest.,2026-07-17T20:22:53.593481
leconstitutionnel,bpt6k652461n,,failed,0,0,,no_usable_pages,known,,,bpt6k652461n: no usable pages in manifest.,2026-07-17T20:22:53.698746
leconstitutionnel,bpt6k6524621,,failed,0,0,,no_usable_pages,known,,,bpt6k6524621: no usable pages in manifest.,2026-07-17T20:22:53.784550
leconstitutionnel,bpt6k652463d,,failed,0,0,,no_usable_pages,known,,,bpt6k652463d: no usable pages in manifest.,2026-07-17T20:22:53.872151
leconstitutionnel,bpt6k652464s,,failed,0,0,,no_usable_pages,known,,,bpt6k652464s: no usable pages in manifest.,2026-07-17T20:22:53.946620
leconstitutionnel,bpt6k6524655,,failed,0,0,,no_usable_pages,known,,,bpt6k6524655: no usable pages in manifest.,2026-07-17T20:22:54.018315
leconstitutionnel,bpt6k652466j,,failed,0,0,,no_usable_pages,known,,,bpt6k652466j: no usable pages in manifest.,2026-07-17T20:22:54.110264
leconstitutionnel,bpt6k652467x,,failed,0,0,,no_usable_pages,known,,,bpt6k652467x: no usable pages in manifest.,2026-07-17T20:22:54.194505
leconstitutionnel,bpt6k6524689,,failed,0,0,,no_usable_pages,known,,,bpt6k6524689: no usable pages in manifest.,2026-07-17T20:22:54.282962
leconstitutionnel,bpt6k652469p,,failed,0,0,,no_usable_pages,known,,,bpt6k652469p: no usable pages in manifest.,2026-07-17T20:22:54.508767
leconstitutionnel,bpt6k652470m,,failed,0,0,,no_usable_pages,known,,,bpt6k652470m: no usable pages in manifest.,2026-07-17T20:22:54.584575
leconstitutionnel,bpt6k6524710,,failed,0,0,,no_usable_pages,known,,,bpt6k6524710: no usable pages in manifest.,2026-07-17T20:22:54.705059
leconstitutionnel,bpt6k652472c,,failed,0,0,,no_usable_pages,known,,,bpt6k652472c: no usable pages in manifest.,2026-07-17T20:22:54.820149
leconstitutionnel,bpt6k652473r,,failed,0,0,,no_usable_pages,known,,,bpt6k652473r: no usable pages in manifest.,2026-07-17T20:22:54.906462
leconstitutionnel,bpt6k6524744,,failed,0,0,,no_usable_pages,known,,,bpt6k6524744: no usable pages in manifest.,2026-07-17T20:22:54.983691
leconstitutionnel,bpt6k652475h,,failed,0,0,,no_usable_pages,known,,,bpt6k652475h: no usable pages in manifest.,2026-07-17T20:22:55.070176
leconstitutionnel,bpt6k652476w,,failed,0,0,,no_usable_pages,known,,,bpt6k652476w: no usable pages in manifest.,2026-07-17T20:22:55.156612
leconstitutionnel,bpt6k6524778,,failed,0,0,,no_usable_pages,known,,,bpt6k6524778: no usable pages in manifest.,2026-07-17T20:22:55.237830
leconstitutionnel,bpt6k652478n,,failed,0,0,,no_usable_pages,known,,,bpt6k652478n: no usable pages in manifest.,2026-07-17T20:22:55.305966
leconstitutionnel,bpt6k6524791,,failed,0,0,,no_usable_pages,known,,,bpt6k6524791: no usable pages in manifest.,2026-07-17T20:22:55.429188
leconstitutionnel,bpt6k652480z,,failed,0,0,,no_usable_pages,known,,,bpt6k652480z: no usable pages in manifest.,2026-07-17T20:22:55.497694
leconstitutionnel,bpt6k652481b,,failed,0,0,,no_usable_pages,known,,,bpt6k652481b: no usable pages in manifest.,2026-07-17T20:22:55.582480
leconstitutionnel,bpt6k652482q,,failed,0,0,,no_usable_pages,known,,,bpt6k652482q: no usable pages in manifest.,2026-07-17T20:22:55.661230
leconstitutionnel,bpt6k6524833,,failed,0,0,,no_usable_pages,known,,,bpt6k6524833: no usable pages in manifest.,2026-07-17T20:22:55.731072
leconstitutionnel,bpt6k652484g,,failed,0,0,,no_usable_pages,known,,,bpt6k652484g: no usable pages in manifest.,2026-07-17T20:22:55.807516
leconstitutionnel,bpt6k652485v,,failed,0,0,,no_usable_pages,known,,,bpt6k652485v: no usable pages in manifest.,2026-07-17T20:22:55.873419
leconstitutionnel,bpt6k6524867,,failed,0,0,,no_usable_pages,known,,,bpt6k6524867: no usable pages in manifest.,2026-07-17T20:22:55.944333
leconstitutionnel,bpt6k652487m,,failed,0,0,,no_usable_pages,known,,,bpt6k652487m: no usable pages in manifest.,2026-07-17T20:22:56.014509
leconstitutionnel,bpt6k6524880,,failed,0,0,,no_usable_pages,known,,,bpt6k6524880: no usable pages in manifest.,2026-07-17T20:22:56.133810
leconstitutionnel,bpt6k652489c,,failed,0,0,,no_usable_pages,known,,,bpt6k652489c: no usable pages in manifest.,2026-07-17T20:22:56.238381
leconstitutionnel,bpt6k6524909,,failed,0,0,,no_usable_pages,known,,,bpt6k6524909: no usable pages in manifest.,2026-07-17T20:22:56.333188
leconstitutionnel,bpt6k652491p,,failed,0,0,,no_usable_pages,known,,,bpt6k652491p: no usable pages in manifest.,2026-07-17T20:22:56.502904
leconstitutionnel,bpt6k6524922,,failed,0,0,,no_usable_pages,known,,,bpt6k6524922: no usable pages in manifest.,2026-07-17T20:22:56.597240
leconstitutionnel,bpt6k652493f,,failed,0,0,,no_usable_pages,known,,,bpt6k652493f: no usable pages in manifest.,2026-07-17T20:22:56.696738
leconstitutionnel,bpt6k652494t,,failed,0,0,,no_usable_pages,known,,,bpt6k652494t: no usable pages in manifest.,2026-07-17T20:22:56.790596
leconstitutionnel,bpt6k6524956,,failed,0,0,,no_usable_pages,known,,,bpt6k6524956: no usable pages in manifest.,2026-07-17T20:22:56.871128
leconstitutionnel,bpt6k652496k,,failed,0,0,,no_usable_pages,known,,,bpt6k652496k: no usable pages in manifest.,2026-07-17T20:22:56.938296
leconstitutionnel,bpt6k652497z,,failed,0,0,,no_usable_pages,known,,,bpt6k652497z: no usable pages in manifest.,2026-07-17T20:22:57.012244
leconstitutionnel,bpt6k652498b,,failed,0,0,,no_usable_pages,known,,,bpt6k652498b: no usable pages in manifest.,2026-07-17T20:22:57.086651
leconstitutionnel,bpt6k652499q,,failed,0,0,,no_usable_pages,known,,,bpt6k652499q: no usable pages in manifest.,2026-07-17T20:22:57.178620
leconstitutionnel,bpt6k652500h,,failed,0,0,,no_usable_pages,known,,,bpt6k652500h: no usable pages in manifest.,2026-07-17T20:22:57.331625
leconstitutionnel,bpt6k652501w,,failed,0,0,,no_usable_pages,known,,,bpt6k652501w: no usable pages in manifest.,2026-07-17T20:22:57.412164
leconstitutionnel,bpt6k6525028,,failed,0,0,,no_usable_pages,known,,,bpt6k6525028: no usable pages in manifest.,2026-07-17T20:22:57.515208
leconstitutionnel,bpt6k652503n,,failed,0,0,,no_usable_pages,known,,,bpt6k652503n: no usable pages in manifest.,2026-07-17T20:22:57.616332
leconstitutionnel,bpt6k6525041,,failed,0,0,,no_usable_pages,known,,,bpt6k6525041: no usable pages in manifest.,2026-07-17T20:22:57.720660
leconstitutionnel,bpt6k652505d,,failed,0,0,,no_usable_pages,known,,,bpt6k652505d: no usable pages in manifest.,2026-07-17T20:22:57.785490
leconstitutionnel,bpt6k652506s,,failed,0,0,,no_usable_pages,known,,,bpt6k652506s: no usable pages in manifest.,2026-07-17T20:22:57.866600
leconstitutionnel,bpt6k6525075,,failed,0,0,,no_usable_pages,known,,,bpt6k6525075: no usable pages in manifest.,2026-07-17T20:22:57.942553
leconstitutionnel,bpt6k652508j,,failed,0,0,,no_usable_pages,known,,,bpt6k652508j: no usable pages in manifest.,2026-07-17T20:22:58.010339
leconstitutionnel,bpt6k652509x,,failed,0,0,,no_usable_pages,known,,,bpt6k652509x: no usable pages in manifest.,2026-07-17T20:22:58.076552
leconstitutionnel,bpt6k652510v,,failed,0,0,,no_usable_pages,known,,,bpt6k652510v: no usable pages in manifest.,2026-07-17T20:22:58.189232
leconstitutionnel,bpt6k6525117,,failed,0,0,,no_usable_pages,known,,,bpt6k6525117: no usable pages in manifest.,2026-07-17T20:22:58.259004
leconstitutionnel,bpt6k652512m,,failed,0,0,,no_usable_pages,known,,,bpt6k652512m: no usable pages in manifest.,2026-07-17T20:22:58.329191
leconstitutionnel,bpt6k6525130,,failed,0,0,,no_usable_pages,known,,,bpt6k6525130: no usable pages in manifest.,2026-07-17T20:22:58.436640
leconstitutionnel,bpt6k652514c,,failed,0,0,,no_usable_pages,known,,,bpt6k652514c: no usable pages in manifest.,2026-07-17T20:22:58.562530
leconstitutionnel,bpt6k652515r,,failed,0,0,,no_usable_pages,known,,,bpt6k652515r: no usable pages in manifest.,2026-07-17T20:22:58.709409
leconstitutionnel,bpt6k6525164,,failed,0,0,,no_usable_pages,known,,,bpt6k6525164: no usable pages in manifest.,2026-07-17T20:22:58.793650
leconstitutionnel,bpt6k652517h,,failed,0,0,,no_usable_pages,known,,,bpt6k652517h: no usable pages in manifest.,2026-07-17T20:22:58.905250
leconstitutionnel,bpt6k652518w,,failed,0,0,,no_usable_pages,known,,,bpt6k652518w: no usable pages in manifest.,2026-07-17T20:22:58.984037
leconstitutionnel,bpt6k6525198,,failed,0,0,,no_usable_pages,known,,,bpt6k6525198: no usable pages in manifest.,2026-07-17T20:22:59.046753
leconstitutionnel,bpt6k6525206,,failed,0,0,,no_usable_pages,known,,,bpt6k6525206: no usable pages in manifest.,2026-07-17T20:22:59.131853
leconstitutionnel,bpt6k652521k,,failed,0,0,,no_usable_pages,known,,,bpt6k652521k: no usable pages in manifest.,2026-07-17T20:22:59.219555
leconstitutionnel,bpt6k652522z,,failed,0,0,,no_usable_pages,known,,,bpt6k652522z: no usable pages in manifest.,2026-07-17T20:22:59.305871
leconstitutionnel,bpt6k652523b,,failed,0,0,,no_usable_pages,known,,,bpt6k652523b: no usable pages in manifest.,2026-07-17T20:22:59.390759
leconstitutionnel,bpt6k652524q,,failed,0,0,,no_usable_pages,known,,,bpt6k652524q: no usable pages in manifest.,2026-07-17T20:22:59.482997
leconstitutionnel,bpt6k6525253,,failed,0,0,,no_usable_pages,known,,,bpt6k6525253: no usable pages in manifest.,2026-07-17T20:22:59.669586
leconstitutionnel,bpt6k652526g,,failed,0,0,,no_usable_pages,known,,,bpt6k652526g: no usable pages in manifest.,2026-07-17T20:22:59.754153
leconstitutionnel,bpt6k652527v,,failed,0,0,,no_usable_pages,known,,,bpt6k652527v: no usable pages in manifest.,2026-07-17T20:22:59.824373
leconstitutionnel,bpt6k6525287,,failed,0,0,,no_usable_pages,known,,,bpt6k6525287: no usable pages in manifest.,2026-07-17T20:22:59.912072
leconstitutionnel,bpt6k652529m,,failed,0,0,,no_usable_pages,known,,,bpt6k652529m: no usable pages in manifest.,2026-07-17T20:23:00.008629
leconstitutionnel,bpt6k652530j,,failed,0,0,,no_usable_pages,known,,,bpt6k652530j: no usable pages in manifest.,2026-07-17T20:23:00.111322
leconstitutionnel,bpt6k652531x,,failed,0,0,,no_usable_pages,known,,,bpt6k652531x: no usable pages in manifest.,2026-07-17T20:23:00.188462
leconstitutionnel,bpt6k6525329,,failed,0,0,,no_usable_pages,known,,,bpt6k6525329: no usable pages in manifest.,2026-07-17T20:23:00.294963
leconstitutionnel,bpt6k652533p,,failed,0,0,,no_usable_pages,known,,,bpt6k652533p: no usable pages in manifest.,2026-07-17T20:23:00.443138
leconstitutionnel,bpt6k6525342,,failed,0,0,,no_usable_pages,known,,,bpt6k6525342: no usable pages in manifest.,2026-07-17T20:23:00.624634
leconstitutionnel,bpt6k652535f,,failed,0,0,,no_usable_pages,known,,,bpt6k652535f: no usable pages in manifest.,2026-07-17T20:23:00.804719
leconstitutionnel,bpt6k652536t,,failed,0,0,,no_usable_pages,known,,,bpt6k652536t: no usable pages in manifest.,2026-07-17T20:23:00.916551
leconstitutionnel,bpt6k6525376,,failed,0,0,,no_usable_pages,known,,,bpt6k6525376: no usable pages in manifest.,2026-07-17T20:23:01.043459
leconstitutionnel,bpt6k652538k,,failed,0,0,,no_usable_pages,known,,,bpt6k652538k: no usable pages in manifest.,2026-07-17T20:23:01.141567
leconstitutionnel,bpt6k652539z,,failed,0,0,,no_usable_pages,known,,,bpt6k652539z: no usable pages in manifest.,2026-07-17T20:23:01.229029
leconstitutionnel,bpt6k652540w,,failed,0,0,,no_usable_pages,known,,,bpt6k652540w: no usable pages in manifest.,2026-07-17T20:23:01.294115
leconstitutionnel,bpt6k6525418,,failed,0,0,,no_usable_pages,known,,,bpt6k6525418: no usable pages in manifest.,2026-07-17T20:23:01.379066
leconstitutionnel,bpt6k652542n,,failed,0,0,,no_usable_pages,known,,,bpt6k652542n: no usable pages in manifest.,2026-07-17T20:23:01.456867
leconstitutionnel,bpt6k6525431,,failed,0,0,,no_usable_pages,known,,,bpt6k6525431: no usable pages in manifest.,2026-07-17T20:23:01.597900
leconstitutionnel,bpt6k652544d,,failed,0,0,,no_usable_pages,known,,,bpt6k652544d: no usable pages in manifest.,2026-07-17T20:23:01.735089
leconstitutionnel,bpt6k6525465,,failed,0,0,,no_usable_pages,known,,,bpt6k6525465: no usable pages in manifest.,2026-07-17T20:23:01.906663
leconstitutionnel,bpt6k652545s,,failed,0,0,,no_usable_pages,known,,,bpt6k652545s: no usable pages in manifest.,2026-07-17T20:23:01.985171
leconstitutionnel,bpt6k652547j,,failed,0,0,,no_usable_pages,known,,,bpt6k652547j: no usable pages in manifest.,2026-07-17T20:23:02.070373
leconstitutionnel,bpt6k652548x,,failed,0,0,,no_usable_pages,known,,,bpt6k652548x: no usable pages in manifest.,2026-07-17T20:23:02.150932
leconstitutionnel,bpt6k6525499,,failed,0,0,,no_usable_pages,known,,,bpt6k6525499: no usable pages in manifest.,2026-07-17T20:23:02.224219
leconstitutionnel,bpt6k6525507,,failed,0,0,,no_usable_pages,known,,,bpt6k6525507: no usable pages in manifest.,2026-07-17T20:23:02.307088
leconstitutionnel,bpt6k652551m,,failed,0,0,,no_usable_pages,known,,,bpt6k652551m: no usable pages in manifest.,2026-07-17T20:23:02.397675
leconstitutionnel,bpt6k6525520,,failed,0,0,,no_usable_pages,known,,,bpt6k6525520: no usable pages in manifest.,2026-07-17T20:23:02.456398
leconstitutionnel,bpt6k652553c,,failed,0,0,,no_usable_pages,known,,,bpt6k652553c: no usable pages in manifest.,2026-07-17T20:23:02.536549
leconstitutionnel,bpt6k652554r,,failed,0,0,,no_usable_pages,known,,,bpt6k652554r: no usable pages in manifest.,2026-07-17T20:23:02.622099
leconstitutionnel,bpt6k6525554,,failed,0,0,,no_usable_pages,known,,,bpt6k6525554: no usable pages in manifest.,2026-07-17T20:23:02.717927
leconstitutionnel,bpt6k652556h,,failed,0,0,,no_usable_pages,known,,,bpt6k652556h: no usable pages in manifest.,2026-07-17T20:23:02.805878
leconstitutionnel,bpt6k652557w,,failed,0,0,,no_usable_pages,known,,,bpt6k652557w: no usable pages in manifest.,2026-07-17T20:23:02.952298
leconstitutionnel,bpt6k6525588,,failed,0,0,,no_usable_pages,known,,,bpt6k6525588: no usable pages in manifest.,2026-07-17T20:23:03.029097
leconstitutionnel,bpt6k652559n,,failed,0,0,,no_usable_pages,known,,,bpt6k652559n: no usable pages in manifest.,2026-07-17T20:23:03.141604
leconstitutionnel,bpt6k652560k,,failed,0,0,,no_usable_pages,known,,,bpt6k652560k: no usable pages in manifest.,2026-07-17T20:23:03.222661
leconstitutionnel,bpt6k652561z,,failed,0,0,,no_usable_pages,known,,,bpt6k652561z: no usable pages in manifest.,2026-07-17T20:23:03.320066
leconstitutionnel,bpt6k652562b,,failed,0,0,,no_usable_pages,known,,,bpt6k652562b: no usable pages in manifest.,2026-07-17T20:23:03.428358
leconstitutionnel,bpt6k652563q,,failed,0,0,,no_usable_pages,known,,,bpt6k652563q: no usable pages in manifest.,2026-07-17T20:23:03.501913
leconstitutionnel,bpt6k6525643,,failed,0,0,,no_usable_pages,known,,,bpt6k6525643: no usable pages in manifest.,2026-07-17T20:23:03.634642
leconstitutionnel,bpt6k652565g,,failed,0,0,,no_usable_pages,known,,,bpt6k652565g: no usable pages in manifest.,2026-07-17T20:23:03.718222
leconstitutionnel,bpt6k652566v,,failed,0,0,,no_usable_pages,known,,,bpt6k652566v: no usable pages in manifest.,2026-07-17T20:23:03.786947
leconstitutionnel,bpt6k6525677,,failed,0,0,,no_usable_pages,known,,,bpt6k6525677: no usable pages in manifest.,2026-07-17T20:23:03.880611
leconstitutionnel,bpt6k652568m,,failed,0,0,,no_usable_pages,known,,,bpt6k652568m: no usable pages in manifest.,2026-07-17T20:23:04.027407
leconstitutionnel,bpt6k6525690,,failed,0,0,,no_usable_pages,known,,,bpt6k6525690: no usable pages in manifest.,2026-07-17T20:23:04.112484
leconstitutionnel,bpt6k652570x,,failed,0,0,,no_usable_pages,known,,,bpt6k652570x: no usable pages in manifest.,2026-07-17T20:23:04.228826
leconstitutionnel,bpt6k6525719,,failed,0,0,,no_usable_pages,known,,,bpt6k6525719: no usable pages in manifest.,2026-07-17T20:23:04.333473
leconstitutionnel,bpt6k652572p,,failed,0,0,,no_usable_pages,known,,,bpt6k652572p: no usable pages in manifest.,2026-07-17T20:23:04.414626
leconstitutionnel,bpt6k6525732,,failed,0,0,,no_usable_pages,known,,,bpt6k6525732: no usable pages in manifest.,2026-07-17T20:23:04.490406
leconstitutionnel,bpt6k652574f,,failed,0,0,,no_usable_pages,known,,,bpt6k652574f: no usable pages in manifest.,2026-07-17T20:23:04.573065
leconstitutionnel,bpt6k652575t,,failed,0,0,,no_usable_pages,known,,,bpt6k652575t: no usable pages in manifest.,2026-07-17T20:23:04.656543
leconstitutionnel,bpt6k6525766,,failed,0,0,,no_usable_pages,known,,,bpt6k6525766: no usable pages in manifest.,2026-07-17T20:23:04.747049
leconstitutionnel,bpt6k652577k,,failed,0,0,,no_usable_pages,known,,,bpt6k652577k: no usable pages in manifest.,2026-07-17T20:23:04.835335
leconstitutionnel,bpt6k652578z,,failed,0,0,,no_usable_pages,known,,,bpt6k652578z: no usable pages in manifest.,2026-07-17T20:23:04.909761
leconstitutionnel,bpt6k652579b,,failed,0,0,,no_usable_pages,known,,,bpt6k652579b: no usable pages in manifest.,2026-07-17T20:23:05.077107
leconstitutionnel,bpt6k6525808,,failed,0,0,,no_usable_pages,known,,,bpt6k6525808: no usable pages in manifest.,2026-07-17T20:23:05.178535
leconstitutionnel,bpt6k652581n,,failed,0,0,,no_usable_pages,known,,,bpt6k652581n: no usable pages in manifest.,2026-07-17T20:23:05.238022
leconstitutionnel,bpt6k6525821,,failed,0,0,,no_usable_pages,known,,,bpt6k6525821: no usable pages in manifest.,2026-07-17T20:23:05.280636
leconstitutionnel,bpt6k652583d,,failed,0,0,,no_usable_pages,known,,,bpt6k652583d: no usable pages in manifest.,2026-07-17T20:23:05.339943
leconstitutionnel,bpt6k652584s,,failed,0,0,,no_usable_pages,known,,,bpt6k652584s: no usable pages in manifest.,2026-07-17T20:23:05.407333
leconstitutionnel,bpt6k6525855,,failed,0,0,,no_usable_pages,known,,,bpt6k6525855: no usable pages in manifest.,2026-07-17T20:23:05.473360
leconstitutionnel,bpt6k652586j,,failed,0,0,,no_usable_pages,known,,,bpt6k652586j: no usable pages in manifest.,2026-07-17T20:23:05.548717
leconstitutionnel,bpt6k652587x,,failed,0,0,,no_usable_pages,known,,,bpt6k652587x: no usable pages in manifest.,2026-07-17T20:23:05.629507
leconstitutionnel,bpt6k6525889,,failed,0,0,,no_usable_pages,known,,,bpt6k6525889: no usable pages in manifest.,2026-07-17T20:23:05.685645
leconstitutionnel,bpt6k652589p,,failed,0,0,,no_usable_pages,known,,,bpt6k652589p: no usable pages in manifest.,2026-07-17T20:23:05.753020
leconstitutionnel,bpt6k652590m,,failed,0,0,,no_usable_pages,known,,,bpt6k652590m: no usable pages in manifest.,2026-07-17T20:23:05.857680
leconstitutionnel,bpt6k6525910,,failed,0,0,,no_usable_pages,known,,,bpt6k6525910: no usable pages in manifest.,2026-07-17T20:23:05.959351
leconstitutionnel,bpt6k652592c,,failed,0,0,,no_usable_pages,known,,,bpt6k652592c: no usable pages in manifest.,2026-07-17T20:23:06.137394
leconstitutionnel,bpt6k652593r,,failed,0,0,,no_usable_pages,known,,,bpt6k652593r: no usable pages in manifest.,2026-07-17T20:23:06.225753
leconstitutionnel,bpt6k6525944,,failed,0,0,,no_usable_pages,known,,,bpt6k6525944: no usable pages in manifest.,2026-07-17T20:23:06.305527
leconstitutionnel,bpt6k652595h,,failed,0,0,,no_usable_pages,known,,,bpt6k652595h: no usable pages in manifest.,2026-07-17T20:23:06.401772
leconstitutionnel,bpt6k652596w,,failed,0,0,,no_usable_pages,known,,,bpt6k652596w: no usable pages in manifest.,2026-07-17T20:23:06.478514
leconstitutionnel,bpt6k6525978,,failed,0,0,,no_usable_pages,known,,,bpt6k6525978: no usable pages in manifest.,2026-07-17T20:23:06.556995
leconstitutionnel,bpt6k652598n,,failed,0,0,,no_usable_pages,known,,,bpt6k652598n: no usable pages in manifest.,2026-07-17T20:23:06.635144
leconstitutionnel,bpt6k6525991,,failed,0,0,,no_usable_pages,known,,,bpt6k6525991: no usable pages in manifest.,2026-07-17T20:23:06.711981
leconstitutionnel,bpt6k652600t,,failed,0,0,,no_usable_pages,known,,,bpt6k652600t: no usable pages in manifest.,2026-07-17T20:23:06.779479
leconstitutionnel,bpt6k6526016,,failed,0,0,,no_usable_pages,known,,,bpt6k6526016: no usable pages in manifest.,2026-07-17T20:23:06.860819
leconstitutionnel,bpt6k652602k,,failed,0,0,,no_usable_pages,known,,,bpt6k652602k: no usable pages in manifest.,2026-07-17T20:23:06.936027
leconstitutionnel,bpt6k652603z,,failed,0,0,,no_usable_pages,known,,,bpt6k652603z: no usable pages in manifest.,2026-07-17T20:23:06.996346
leconstitutionnel,bpt6k652604b,,failed,0,0,,no_usable_pages,known,,,bpt6k652604b: no usable pages in manifest.,2026-07-17T20:23:07.118945
leconstitutionnel,bpt6k652605q,,failed,0,0,,no_usable_pages,known,,,bpt6k652605q: no usable pages in manifest.,2026-07-17T20:23:07.208907
leconstitutionnel,bpt6k6526063,,failed,0,0,,no_usable_pages,known,,,bpt6k6526063: no usable pages in manifest.,2026-07-17T20:23:07.280647
leconstitutionnel,bpt6k652607g,,failed,0,0,,no_usable_pages,known,,,bpt6k652607g: no usable pages in manifest.,2026-07-17T20:23:07.405432
leconstitutionnel,bpt6k652608v,,failed,0,0,,no_usable_pages,known,,,bpt6k652608v: no usable pages in manifest.,2026-07-17T20:23:07.472004
leconstitutionnel,bpt6k6526097,,failed,0,0,,no_usable_pages,known,,,bpt6k6526097: no usable pages in manifest.,2026-07-17T20:23:07.511730
leconstitutionnel,bpt6k6526105,,failed,0,0,,no_usable_pages,known,,,bpt6k6526105: no usable pages in manifest.,2026-07-17T20:23:07.593769
leconstitutionnel,bpt6k652611j,,failed,0,0,,no_usable_pages,known,,,bpt6k652611j: no usable pages in manifest.,2026-07-17T20:23:07.703427
leconstitutionnel,bpt6k652612x,,failed,0,0,,no_usable_pages,known,,,bpt6k652612x: no usable pages in manifest.,2026-07-17T20:23:07.774862
leconstitutionnel,bpt6k6526139,,failed,0,0,,no_usable_pages,known,,,bpt6k6526139: no usable pages in manifest.,2026-07-17T20:23:07.848186
leconstitutionnel,bpt6k652614p,,failed,0,0,,no_usable_pages,known,,,bpt6k652614p: no usable pages in manifest.,2026-07-17T20:23:07.933819
leconstitutionnel,bpt6k6526152,,failed,0,0,,no_usable_pages,known,,,bpt6k6526152: no usable pages in manifest.,2026-07-17T20:23:08.043661
leconstitutionnel,bpt6k652616f,,failed,0,0,,no_usable_pages,known,,,bpt6k652616f: no usable pages in manifest.,2026-07-17T20:23:08.187545
leconstitutionnel,bpt6k652617t,,failed,0,0,,no_usable_pages,known,,,bpt6k652617t: no usable pages in manifest.,2026-07-17T20:23:08.268470
leconstitutionnel,bpt6k6526186,,failed,0,0,,no_usable_pages,known,,,bpt6k6526186: no usable pages in manifest.,2026-07-17T20:23:08.353156
leconstitutionnel,bpt6k652619k,,failed,0,0,,no_usable_pages,known,,,bpt6k652619k: no usable pages in manifest.,2026-07-17T20:23:08.423636
leconstitutionnel,bpt6k652620h,,failed,0,0,,no_usable_pages,known,,,bpt6k652620h: no usable pages in manifest.,2026-07-17T20:23:08.508688
leconstitutionnel,bpt6k652621w,,failed,0,0,,no_usable_pages,known,,,bpt6k652621w: no usable pages in manifest.,2026-07-17T20:23:08.587107
leconstitutionnel,bpt6k6526228,,failed,0,0,,no_usable_pages,known,,,bpt6k6526228: no usable pages in manifest.,2026-07-17T20:23:08.671556
leconstitutionnel,bpt6k652623n,,failed,0,0,,no_usable_pages,known,,,bpt6k652623n: no usable pages in manifest.,2026-07-17T20:23:08.786216
leconstitutionnel,bpt6k6526241,,failed,0,0,,no_usable_pages,known,,,bpt6k6526241: no usable pages in manifest.,2026-07-17T20:23:08.868344
leconstitutionnel,bpt6k652625d,,failed,0,0,,no_usable_pages,known,,,bpt6k652625d: no usable pages in manifest.,2026-07-17T20:23:08.963510
leconstitutionnel,bpt6k652626s,,failed,0,0,,no_usable_pages,known,,,bpt6k652626s: no usable pages in manifest.,2026-07-17T20:23:09.089714
leconstitutionnel,bpt6k6526275,,failed,0,0,,no_usable_pages,known,,,bpt6k6526275: no usable pages in manifest.,2026-07-17T20:23:09.242948
leconstitutionnel,bpt6k652628j,,failed,0,0,,no_usable_pages,known,,,bpt6k652628j: no usable pages in manifest.,2026-07-17T20:23:09.374271
leconstitutionnel,bpt6k652711v,,failed,0,0,,no_usable_pages,known,,,bpt6k652711v: no usable pages in manifest.,2026-07-17T20:23:09.467536
leconstitutionnel,bpt6k6527127,,failed,0,0,,no_usable_pages,known,,,bpt6k6527127: no usable pages in manifest.,2026-07-17T20:23:09.537376
leconstitutionnel,bpt6k652713m,,failed,0,0,,no_usable_pages,known,,,bpt6k652713m: no usable pages in manifest.,2026-07-17T20:23:09.660758
leconstitutionnel,bpt6k6527140,,failed,0,0,,no_usable_pages,known,,,bpt6k6527140: no usable pages in manifest.,2026-07-17T20:23:09.758655
leconstitutionnel,bpt6k652715c,,failed,0,0,,no_usable_pages,known,,,bpt6k652715c: no usable pages in manifest.,2026-07-17T20:23:09.874823
leconstitutionnel,bpt6k652716r,,failed,0,0,,no_usable_pages,known,,,bpt6k652716r: no usable pages in manifest.,2026-07-17T20:23:09.958613
leconstitutionnel,bpt6k6527174,,failed,0,0,,no_usable_pages,known,,,bpt6k6527174: no usable pages in manifest.,2026-07-17T20:23:10.043089
leconstitutionnel,bpt6k652718h,,failed,0,0,,no_usable_pages,known,,,bpt6k652718h: no usable pages in manifest.,2026-07-17T20:23:10.110523
leconstitutionnel,bpt6k652719w,,failed,0,0,,no_usable_pages,known,,,bpt6k652719w: no usable pages in manifest.,2026-07-17T20:23:10.191823
leconstitutionnel,bpt6k652720t,,failed,0,0,,no_usable_pages,known,,,bpt6k652720t: no usable pages in manifest.,2026-07-17T20:23:10.320135
leconstitutionnel,bpt6k6527216,,failed,0,0,,no_usable_pages,known,,,bpt6k6527216: no usable pages in manifest.,2026-07-17T20:23:10.436364
leconstitutionnel,bpt6k652722k,,failed,0,0,,no_usable_pages,known,,,bpt6k652722k: no usable pages in manifest.,2026-07-17T20:23:10.523115
leconstitutionnel,bpt6k652895f,,failed,0,0,,no_usable_pages,known,,,bpt6k652895f: no usable pages in manifest.,2026-07-17T20:23:10.646653
leconstitutionnel,bpt6k652898k,,failed,0,0,,no_usable_pages,known,,,bpt6k652898k: no usable pages in manifest.,2026-07-17T20:23:10.751241
leconstitutionnel,bpt6k652899z,,failed,0,0,,no_usable_pages,known,,,bpt6k652899z: no usable pages in manifest.,2026-07-17T20:23:10.895351
leconstitutionnel,bpt6k652900r,,failed,0,0,,no_usable_pages,known,,,bpt6k652900r: no usable pages in manifest.,2026-07-17T20:23:10.981489
leconstitutionnel,bpt6k6529014,,failed,0,0,,no_usable_pages,known,,,bpt6k6529014: no usable pages in manifest.,2026-07-17T20:23:11.063606
leconstitutionnel,bpt6k652902h,,failed,0,0,,no_usable_pages,known,,,bpt6k652902h: no usable pages in manifest.,2026-07-17T20:23:11.152376
leconstitutionnel,bpt6k652923k,,failed,0,0,,no_usable_pages,known,,,bpt6k652923k: no usable pages in manifest.,2026-07-17T20:23:11.239820
leconstitutionnel,bpt6k652924z,,failed,0,0,,no_usable_pages,known,,,bpt6k652924z: no usable pages in manifest.,2026-07-17T20:23:11.331028
leconstitutionnel,bpt6k652925b,,failed,0,0,,no_usable_pages,known,,,bpt6k652925b: no usable pages in manifest.,2026-07-17T20:23:11.409022
leconstitutionnel,bpt6k652926q,,failed,0,0,,no_usable_pages,known,,,bpt6k652926q: no usable pages in manifest.,2026-07-17T20:23:11.534949
leconstitutionnel,bpt6k6529273,,failed,0,0,,no_usable_pages,known,,,bpt6k6529273: no usable pages in manifest.,2026-07-17T20:23:11.673141
leconstitutionnel,bpt6k652928g,,failed,0,0,,no_usable_pages,known,,,bpt6k652928g: no usable pages in manifest.,2026-07-17T20:23:11.758608
leconstitutionnel,bpt6k652929v,,failed,0,0,,no_usable_pages,known,,,bpt6k652929v: no usable pages in manifest.,2026-07-17T20:23:11.841703
leconstitutionnel,bpt6k652930s,,failed,0,0,,no_usable_pages,known,,,bpt6k652930s: no usable pages in manifest.,2026-07-17T20:23:11.940513
leconstitutionnel,bpt6k6529315,,failed,0,0,,no_usable_pages,known,,,bpt6k6529315: no usable pages in manifest.,2026-07-17T20:23:12.037964
leconstitutionnel,bpt6k652932j,,failed,0,0,,no_usable_pages,known,,,bpt6k652932j: no usable pages in manifest.,2026-07-17T20:23:12.124204
leconstitutionnel,bpt6k652933x,,failed,0,0,,no_usable_pages,known,,,bpt6k652933x: no usable pages in manifest.,2026-07-17T20:23:12.198462
leconstitutionnel,bpt6k6529349,,failed,0,0,,no_usable_pages,known,,,bpt6k6529349: no usable pages in manifest.,2026-07-17T20:23:12.304330
leconstitutionnel,bpt6k652935p,,failed,0,0,,no_usable_pages,known,,,bpt6k652935p: no usable pages in manifest.,2026-07-17T20:23:12.391947
leconstitutionnel,bpt6k653301j,,failed,0,0,,no_usable_pages,known,,,bpt6k653301j: no usable pages in manifest.,2026-07-17T20:23:12.490880
leconstitutionnel,bpt6k653302x,,failed,0,0,,no_usable_pages,known,,,bpt6k653302x: no usable pages in manifest.,2026-07-17T20:23:12.580490
leconstitutionnel,bpt6k6533039,,failed,0,0,,no_usable_pages,known,,,bpt6k6533039: no usable pages in manifest.,2026-07-17T20:23:12.667273
leconstitutionnel,bpt6k653304p,,failed,0,0,,no_usable_pages,known,,,bpt6k653304p: no usable pages in manifest.,2026-07-17T20:23:12.761591
leconstitutionnel,bpt6k6533052,,failed,0,0,,no_usable_pages,known,,,bpt6k6533052: no usable pages in manifest.,2026-07-17T20:23:12.840665
leconstitutionnel,bpt6k653306f,,failed,0,0,,no_usable_pages,known,,,bpt6k653306f: no usable pages in manifest.,2026-07-17T20:23:12.908843
leconstitutionnel,bpt6k653307t,,failed,0,0,,no_usable_pages,known,,,bpt6k653307t: no usable pages in manifest.,2026-07-17T20:23:12.987779
leconstitutionnel,bpt6k6533086,,failed,0,0,,no_usable_pages,known,,,bpt6k6533086: no usable pages in manifest.,2026-07-17T20:23:13.071721
leconstitutionnel,bpt6k653309k,,failed,0,0,,no_usable_pages,known,,,bpt6k653309k: no usable pages in manifest.,2026-07-17T20:23:13.143557
leconstitutionnel,bpt6k653310h,,failed,0,0,,no_usable_pages,known,,,bpt6k653310h: no usable pages in manifest.,2026-07-17T20:23:13.241481
leconstitutionnel,bpt6k653311w,,failed,0,0,,no_usable_pages,known,,,bpt6k653311w: no usable pages in manifest.,2026-07-17T20:23:13.337559
leconstitutionnel,bpt6k6533128,,failed,0,0,,no_usable_pages,known,,,bpt6k6533128: no usable pages in manifest.,2026-07-17T20:23:13.429825
leconstitutionnel,bpt6k653313n,,failed,0,0,,no_usable_pages,known,,,bpt6k653313n: no usable pages in manifest.,2026-07-17T20:23:13.534985
leconstitutionnel,bpt6k6533141,,failed,0,0,,no_usable_pages,known,,,bpt6k6533141: no usable pages in manifest.,2026-07-17T20:23:13.630356
leconstitutionnel,bpt6k653315d,,failed,0,0,,no_usable_pages,known,,,bpt6k653315d: no usable pages in manifest.,2026-07-17T20:23:13.704482
leconstitutionnel,bpt6k653316s,,failed,0,0,,no_usable_pages,known,,,bpt6k653316s: no usable pages in manifest.,2026-07-17T20:23:13.794955
leconstitutionnel,bpt6k6533175,,failed,0,0,,no_usable_pages,known,,,bpt6k6533175: no usable pages in manifest.,2026-07-17T20:23:13.878569
leconstitutionnel,bpt6k653318j,,failed,0,0,,no_usable_pages,known,,,bpt6k653318j: no usable pages in manifest.,2026-07-17T20:23:13.939648
leconstitutionnel,bpt6k653319x,,failed,0,0,,no_usable_pages,known,,,bpt6k653319x: no usable pages in manifest.,2026-07-17T20:23:14.023655
leconstitutionnel,bpt6k653320v,,failed,0,0,,no_usable_pages,known,,,bpt6k653320v: no usable pages in manifest.,2026-07-17T20:23:14.103989
leconstitutionnel,bpt6k6533217,,failed,0,0,,no_usable_pages,known,,,bpt6k6533217: no usable pages in manifest.,2026-07-17T20:23:14.189780
leconstitutionnel,bpt6k653322m,,failed,0,0,,no_usable_pages,known,,,bpt6k653322m: no usable pages in manifest.,2026-07-17T20:23:14.268952
leconstitutionnel,bpt6k6533230,,failed,0,0,,no_usable_pages,known,,,bpt6k6533230: no usable pages in manifest.,2026-07-17T20:23:14.388889
leconstitutionnel,bpt6k653324c,,failed,0,0,,no_usable_pages,known,,,bpt6k653324c: no usable pages in manifest.,2026-07-17T20:23:14.505916
leconstitutionnel,bpt6k653325r,,failed,0,0,,no_usable_pages,known,,,bpt6k653325r: no usable pages in manifest.,2026-07-17T20:23:14.628946
leconstitutionnel,bpt6k6533264,,failed,0,0,,no_usable_pages,known,,,bpt6k6533264: no usable pages in manifest.,2026-07-17T20:23:14.702649
leconstitutionnel,bpt6k653327h,,failed,0,0,,no_usable_pages,known,,,bpt6k653327h: no usable pages in manifest.,2026-07-17T20:23:14.771937
leconstitutionnel,bpt6k653328w,,failed,0,0,,no_usable_pages,known,,,bpt6k653328w: no usable pages in manifest.,2026-07-17T20:23:14.884181
leconstitutionnel,bpt6k6533298,,failed,0,0,,no_usable_pages,known,,,bpt6k6533298: no usable pages in manifest.,2026-07-17T20:23:14.971203
leconstitutionnel,bpt6k6533306,,failed,0,0,,no_usable_pages,known,,,bpt6k6533306: no usable pages in manifest.,2026-07-17T20:23:15.062140
leconstitutionnel,bpt6k653331k,,failed,0,0,,no_usable_pages,known,,,bpt6k653331k: no usable pages in manifest.,2026-07-17T20:23:15.140820
leconstitutionnel,bpt6k653332z,,failed,0,0,,no_usable_pages,known,,,bpt6k653332z: no usable pages in manifest.,2026-07-17T20:23:15.240152
leconstitutionnel,bpt6k653333b,,failed,0,0,,no_usable_pages,known,,,bpt6k653333b: no usable pages in manifest.,2026-07-17T20:23:15.315153
leconstitutionnel,bpt6k653334q,,failed,0,0,,no_usable_pages,known,,,bpt6k653334q: no usable pages in manifest.,2026-07-17T20:23:15.433574
leconstitutionnel,bpt6k6533353,,failed,0,0,,no_usable_pages,known,,,bpt6k6533353: no usable pages in manifest.,2026-07-17T20:23:15.545497
leconstitutionnel,bpt6k653336g,,failed,0,0,,no_usable_pages,known,,,bpt6k653336g: no usable pages in manifest.,2026-07-17T20:23:15.668717
leconstitutionnel,bpt6k653337v,,failed,0,0,,no_usable_pages,known,,,bpt6k653337v: no usable pages in manifest.,2026-07-17T20:23:15.771869
leconstitutionnel,bpt6k6533387,,failed,0,0,,no_usable_pages,known,,,bpt6k6533387: no usable pages in manifest.,2026-07-17T20:23:15.870496
leconstitutionnel,bpt6k653339m,,failed,0,0,,no_usable_pages,known,,,bpt6k653339m: no usable pages in manifest.,2026-07-17T20:23:15.949723
leconstitutionnel,bpt6k653340j,,failed,0,0,,no_usable_pages,known,,,bpt6k653340j: no usable pages in manifest.,2026-07-17T20:23:16.021618
leconstitutionnel,bpt6k653341x,,failed,0,0,,no_usable_pages,known,,,bpt6k653341x: no usable pages in manifest.,2026-07-17T20:23:16.105896
leconstitutionnel,bpt6k6533429,,failed,0,0,,no_usable_pages,known,,,bpt6k6533429: no usable pages in manifest.,2026-07-17T20:23:16.242779
leconstitutionnel,bpt6k653343p,,failed,0,0,,no_usable_pages,known,,,bpt6k653343p: no usable pages in manifest.,2026-07-17T20:23:16.345575
leconstitutionnel,bpt6k6533442,,failed,0,0,,no_usable_pages,known,,,bpt6k6533442: no usable pages in manifest.,2026-07-17T20:23:16.442984
leconstitutionnel,bpt6k653345f,,failed,0,0,,no_usable_pages,known,,,bpt6k653345f: no usable pages in manifest.,2026-07-17T20:23:16.608474
leconstitutionnel,bpt6k653346t,,failed,0,0,,no_usable_pages,known,,,bpt6k653346t: no usable pages in manifest.,2026-07-17T20:23:16.709170
leconstitutionnel,bpt6k6533476,,failed,0,0,,no_usable_pages,known,,,bpt6k6533476: no usable pages in manifest.,2026-07-17T20:23:16.817076
leconstitutionnel,bpt6k653348k,,failed,0,0,,no_usable_pages,known,,,bpt6k653348k: no usable pages in manifest.,2026-07-17T20:23:16.927265
leconstitutionnel,bpt6k653349z,,failed,0,0,,no_usable_pages,known,,,bpt6k653349z: no usable pages in manifest.,2026-07-17T20:23:17.021502
leconstitutionnel,bpt6k653350w,,failed,0,0,,no_usable_pages,known,,,bpt6k653350w: no usable pages in manifest.,2026-07-17T20:23:17.127648
leconstitutionnel,bpt6k6533518,,failed,0,0,,no_usable_pages,known,,,bpt6k6533518: no usable pages in manifest.,2026-07-17T20:23:17.245197
leconstitutionnel,bpt6k653352n,,failed,0,0,,no_usable_pages,known,,,bpt6k653352n: no usable pages in manifest.,2026-07-17T20:23:17.338374
leconstitutionnel,bpt6k6533531,,failed,0,0,,no_usable_pages,known,,,bpt6k6533531: no usable pages in manifest.,2026-07-17T20:23:17.473242
leconstitutionnel,bpt6k653354d,,failed,0,0,,no_usable_pages,known,,,bpt6k653354d: no usable pages in manifest.,2026-07-17T20:23:17.600404
leconstitutionnel,bpt6k653355s,,failed,0,0,,no_usable_pages,known,,,bpt6k653355s: no usable pages in manifest.,2026-07-17T20:23:17.721324
leconstitutionnel,bpt6k6533565,,failed,0,0,,no_usable_pages,known,,,bpt6k6533565: no usable pages in manifest.,2026-07-17T20:23:17.818253
leconstitutionnel,bpt6k653357j,,failed,0,0,,no_usable_pages,known,,,bpt6k653357j: no usable pages in manifest.,2026-07-17T20:23:17.912548
leconstitutionnel,bpt6k653358x,,failed,0,0,,no_usable_pages,known,,,bpt6k653358x: no usable pages in manifest.,2026-07-17T20:23:18.005204
leconstitutionnel,bpt6k6533599,,failed,0,0,,no_usable_pages,known,,,bpt6k6533599: no usable pages in manifest.,2026-07-17T20:23:18.097104
leconstitutionnel,bpt6k6533607,,failed,0,0,,no_usable_pages,known,,,bpt6k6533607: no usable pages in manifest.,2026-07-17T20:23:18.195120
leconstitutionnel,bpt6k653361m,,failed,0,0,,no_usable_pages,known,,,bpt6k653361m: no usable pages in manifest.,2026-07-17T20:23:18.332947
leconstitutionnel,bpt6k6533620,,failed,0,0,,no_usable_pages,known,,,bpt6k6533620: no usable pages in manifest.,2026-07-17T20:23:18.472076
leconstitutionnel,bpt6k653363c,,failed,0,0,,no_usable_pages,known,,,bpt6k653363c: no usable pages in manifest.,2026-07-17T20:23:18.584510
leconstitutionnel,bpt6k653364r,,failed,0,0,,no_usable_pages,known,,,bpt6k653364r: no usable pages in manifest.,2026-07-17T20:23:18.712173
leconstitutionnel,bpt6k6533654,,failed,0,0,,no_usable_pages,known,,,bpt6k6533654: no usable pages in manifest.,2026-07-17T20:23:18.801378
leconstitutionnel,bpt6k653366h,,failed,0,0,,no_usable_pages,known,,,bpt6k653366h: no usable pages in manifest.,2026-07-17T20:23:18.874854
leconstitutionnel,bpt6k653367w,,failed,0,0,,no_usable_pages,known,,,bpt6k653367w: no usable pages in manifest.,2026-07-17T20:23:18.944465
leconstitutionnel,bpt6k6533688,,failed,0,0,,no_usable_pages,known,,,bpt6k6533688: no usable pages in manifest.,2026-07-17T20:23:19.010631
leconstitutionnel,bpt6k653369n,,failed,0,0,,no_usable_pages,known,,,bpt6k653369n: no usable pages in manifest.,2026-07-17T20:23:19.102122
leconstitutionnel,bpt6k653370k,,failed,0,0,,no_usable_pages,known,,,bpt6k653370k: no usable pages in manifest.,2026-07-17T20:23:19.185184
leconstitutionnel,bpt6k653371z,,failed,0,0,,no_usable_pages,known,,,bpt6k653371z: no usable pages in manifest.,2026-07-17T20:23:19.260533
leconstitutionnel,bpt6k653372b,,failed,0,0,,no_usable_pages,known,,,bpt6k653372b: no usable pages in manifest.,2026-07-17T20:23:19.361635
leconstitutionnel,bpt6k653373q,,failed,0,0,,no_usable_pages,known,,,bpt6k653373q: no usable pages in manifest.,2026-07-17T20:23:19.445663
leconstitutionnel,bpt6k6533743,,failed,0,0,,no_usable_pages,known,,,bpt6k6533743: no usable pages in manifest.,2026-07-17T20:23:19.512271
leconstitutionnel,bpt6k653375g,,failed,0,0,,no_usable_pages,known,,,bpt6k653375g: no usable pages in manifest.,2026-07-17T20:23:19.631274
leconstitutionnel,bpt6k653376v,,failed,0,0,,no_usable_pages,known,,,bpt6k653376v: no usable pages in manifest.,2026-07-17T20:23:19.779963
leconstitutionnel,bpt6k6533777,,failed,0,0,,no_usable_pages,known,,,bpt6k6533777: no usable pages in manifest.,2026-07-17T20:23:19.874236
leconstitutionnel,bpt6k653378m,,failed,0,0,,no_usable_pages,known,,,bpt6k653378m: no usable pages in manifest.,2026-07-17T20:23:19.941974
leconstitutionnel,bpt6k6533790,,failed,0,0,,no_usable_pages,known,,,bpt6k6533790: no usable pages in manifest.,2026-07-17T20:23:20.012966
leconstitutionnel,bpt6k653380x,,failed,0,0,,no_usable_pages,known,,,bpt6k653380x: no usable pages in manifest.,2026-07-17T20:23:20.087834
leconstitutionnel,bpt6k6533819,,failed,0,0,,no_usable_pages,known,,,bpt6k6533819: no usable pages in manifest.,2026-07-17T20:23:20.187604
leconstitutionnel,bpt6k653382p,,failed,0,0,,no_usable_pages,known,,,bpt6k653382p: no usable pages in manifest.,2026-07-17T20:23:20.288305
leconstitutionnel,bpt6k6533832,,failed,0,0,,no_usable_pages,known,,,bpt6k6533832: no usable pages in manifest.,2026-07-17T20:23:20.369603
leconstitutionnel,bpt6k653384f,,failed,0,0,,no_usable_pages,known,,,bpt6k653384f: no usable pages in manifest.,2026-07-17T20:23:20.450009
leconstitutionnel,bpt6k653385t,,failed,0,0,,no_usable_pages,known,,,bpt6k653385t: no usable pages in manifest.,2026-07-17T20:23:20.532924
leconstitutionnel,bpt6k6533866,,failed,0,0,,no_usable_pages,known,,,bpt6k6533866: no usable pages in manifest.,2026-07-17T20:23:20.618222
leconstitutionnel,bpt6k653387k,,failed,0,0,,no_usable_pages,known,,,bpt6k653387k: no usable pages in manifest.,2026-07-17T20:23:20.715094
leconstitutionnel,bpt6k653388z,,failed,0,0,,no_usable_pages,known,,,bpt6k653388z: no usable pages in manifest.,2026-07-17T20:23:20.790863
leconstitutionnel,bpt6k653389b,,failed,0,0,,no_usable_pages,known,,,bpt6k653389b: no usable pages in manifest.,2026-07-17T20:23:20.914892
leconstitutionnel,bpt6k6533908,,failed,0,0,,no_usable_pages,known,,,bpt6k6533908: no usable pages in manifest.,2026-07-17T20:23:21.020075
leconstitutionnel,bpt6k653391n,,failed,0,0,,no_usable_pages,known,,,bpt6k653391n: no usable pages in manifest.,2026-07-17T20:23:21.121072
leconstitutionnel,bpt6k6533921,,failed,0,0,,no_usable_pages,known,,,bpt6k6533921: no usable pages in manifest.,2026-07-17T20:23:21.218531
leconstitutionnel,bpt6k653393d,,failed,0,0,,no_usable_pages,known,,,bpt6k653393d: no usable pages in manifest.,2026-07-17T20:23:21.340559
leconstitutionnel,bpt6k653394s,,failed,0,0,,no_usable_pages,known,,,bpt6k653394s: no usable pages in manifest.,2026-07-17T20:23:21.422335
leconstitutionnel,bpt6k6533955,,failed,0,0,,no_usable_pages,known,,,bpt6k6533955: no usable pages in manifest.,2026-07-17T20:23:21.497618
leconstitutionnel,bpt6k653396j,,failed,0,0,,no_usable_pages,known,,,bpt6k653396j: no usable pages in manifest.,2026-07-17T20:23:21.577096
leconstitutionnel,bpt6k653397x,,failed,0,0,,no_usable_pages,known,,,bpt6k653397x: no usable pages in manifest.,2026-07-17T20:23:21.727021
leconstitutionnel,bpt6k6533989,,failed,0,0,,no_usable_pages,known,,,bpt6k6533989: no usable pages in manifest.,2026-07-17T20:23:21.838326
leconstitutionnel,bpt6k653399p,,failed,0,0,,no_usable_pages,known,,,bpt6k653399p: no usable pages in manifest.,2026-07-17T20:23:21.961808
leconstitutionnel,bpt6k653400g,,failed,0,0,,no_usable_pages,known,,,bpt6k653400g: no usable pages in manifest.,2026-07-17T20:23:22.030888
leconstitutionnel,bpt6k653401v,,failed,0,0,,no_usable_pages,known,,,bpt6k653401v: no usable pages in manifest.,2026-07-17T20:23:22.119888
leconstitutionnel,bpt6k6534027,,failed,0,0,,no_usable_pages,known,,,bpt6k6534027: no usable pages in manifest.,2026-07-17T20:23:22.209741
leconstitutionnel,bpt6k653403m,,failed,0,0,,no_usable_pages,known,,,bpt6k653403m: no usable pages in manifest.,2026-07-17T20:23:22.277661
leconstitutionnel,bpt6k6534040,,failed,0,0,,no_usable_pages,known,,,bpt6k6534040: no usable pages in manifest.,2026-07-17T20:23:22.360655
leconstitutionnel,bpt6k653405c,,failed,0,0,,no_usable_pages,known,,,bpt6k653405c: no usable pages in manifest.,2026-07-17T20:23:22.460491
leconstitutionnel,bpt6k653406r,,failed,0,0,,no_usable_pages,known,,,bpt6k653406r: no usable pages in manifest.,2026-07-17T20:23:22.537449
leconstitutionnel,bpt6k6534074,,failed,0,0,,no_usable_pages,known,,,bpt6k6534074: no usable pages in manifest.,2026-07-17T20:23:22.602260
leconstitutionnel,bpt6k653408h,,failed,0,0,,no_usable_pages,known,,,bpt6k653408h: no usable pages in manifest.,2026-07-17T20:23:22.743564
leconstitutionnel,bpt6k653409w,,failed,0,0,,no_usable_pages,known,,,bpt6k653409w: no usable pages in manifest.,2026-07-17T20:23:22.809894
leconstitutionnel,bpt6k653410t,,failed,0,0,,no_usable_pages,known,,,bpt6k653410t: no usable pages in manifest.,2026-07-17T20:23:22.894822
leconstitutionnel,bpt6k6534116,,failed,0,0,,no_usable_pages,known,,,bpt6k6534116: no usable pages in manifest.,2026-07-17T20:23:23.015483
leconstitutionnel,bpt6k653412k,,failed,0,0,,no_usable_pages,known,,,bpt6k653412k: no usable pages in manifest.,2026-07-17T20:23:23.082943
leconstitutionnel,bpt6k653413z,,failed,0,0,,no_usable_pages,known,,,bpt6k653413z: no usable pages in manifest.,2026-07-17T20:23:23.166492
leconstitutionnel,bpt6k653414b,,failed,0,0,,no_usable_pages,known,,,bpt6k653414b: no usable pages in manifest.,2026-07-17T20:23:23.249594
leconstitutionnel,bpt6k653415q,,failed,0,0,,no_usable_pages,known,,,bpt6k653415q: no usable pages in manifest.,2026-07-17T20:23:23.319634
leconstitutionnel,bpt6k6534163,,failed,0,0,,no_usable_pages,known,,,bpt6k6534163: no usable pages in manifest.,2026-07-17T20:23:23.401656
leconstitutionnel,bpt6k653417g,,failed,0,0,,no_usable_pages,known,,,bpt6k653417g: no usable pages in manifest.,2026-07-17T20:23:23.477775
leconstitutionnel,bpt6k653418v,,failed,0,0,,no_usable_pages,known,,,bpt6k653418v: no usable pages in manifest.,2026-07-17T20:23:23.586678
leconstitutionnel,bpt6k6534197,,failed,0,0,,no_usable_pages,known,,,bpt6k6534197: no usable pages in manifest.,2026-07-17T20:23:23.662210
leconstitutionnel,bpt6k6534205,,failed,0,0,,no_usable_pages,known,,,bpt6k6534205: no usable pages in manifest.,2026-07-17T20:23:23.795242
leconstitutionnel,bpt6k653421j,,failed,0,0,,no_usable_pages,known,,,bpt6k653421j: no usable pages in manifest.,2026-07-17T20:23:23.916636
leconstitutionnel,bpt6k653422x,,failed,0,0,,no_usable_pages,known,,,bpt6k653422x: no usable pages in manifest.,2026-07-17T20:23:24.067683
leconstitutionnel,bpt6k6534239,,failed,0,0,,no_usable_pages,known,,,bpt6k6534239: no usable pages in manifest.,2026-07-17T20:23:24.180352
leconstitutionnel,bpt6k653424p,,failed,0,0,,no_usable_pages,known,,,bpt6k653424p: no usable pages in manifest.,2026-07-17T20:23:24.288364
leconstitutionnel,bpt6k6534252,,failed,0,0,,no_usable_pages,known,,,bpt6k6534252: no usable pages in manifest.,2026-07-17T20:23:24.379832
leconstitutionnel,bpt6k653426f,,failed,0,0,,no_usable_pages,known,,,bpt6k653426f: no usable pages in manifest.,2026-07-17T20:23:24.489429
leconstitutionnel,bpt6k653427t,,failed,0,0,,no_usable_pages,known,,,bpt6k653427t: no usable pages in manifest.,2026-07-17T20:23:24.571938
leconstitutionnel,bpt6k6534286,,failed,0,0,,no_usable_pages,known,,,bpt6k6534286: no usable pages in manifest.,2026-07-17T20:23:24.678254
leconstitutionnel,bpt6k653429k,,failed,0,0,,no_usable_pages,known,,,bpt6k653429k: no usable pages in manifest.,2026-07-17T20:23:24.793404
leconstitutionnel,bpt6k653430h,,failed,0,0,,no_usable_pages,known,,,bpt6k653430h: no usable pages in manifest.,2026-07-17T20:23:24.870648
leconstitutionnel,bpt6k653431w,,failed,0,0,,no_usable_pages,known,,,bpt6k653431w: no usable pages in manifest.,2026-07-17T20:23:24.970753
leconstitutionnel,bpt6k6534328,,failed,0,0,,no_usable_pages,known,,,bpt6k6534328: no usable pages in manifest.,2026-07-17T20:23:25.105103
leconstitutionnel,bpt6k653433n,,failed,0,0,,no_usable_pages,known,,,bpt6k653433n: no usable pages in manifest.,2026-07-17T20:23:25.222279
leconstitutionnel,bpt6k6534341,,failed,0,0,,no_usable_pages,known,,,bpt6k6534341: no usable pages in manifest.,2026-07-17T20:23:25.294278
leconstitutionnel,bpt6k653435d,,failed,0,0,,no_usable_pages,known,,,bpt6k653435d: no usable pages in manifest.,2026-07-17T20:23:25.378709
leconstitutionnel,bpt6k653436s,,failed,0,0,,no_usable_pages,known,,,bpt6k653436s: no usable pages in manifest.,2026-07-17T20:23:25.456053
leconstitutionnel,bpt6k6534375,,failed,0,0,,no_usable_pages,known,,,bpt6k6534375: no usable pages in manifest.,2026-07-17T20:23:25.543802
leconstitutionnel,bpt6k653438j,,failed,0,0,,no_usable_pages,known,,,bpt6k653438j: no usable pages in manifest.,2026-07-17T20:23:25.633117
leconstitutionnel,bpt6k653439x,,failed,0,0,,no_usable_pages,known,,,bpt6k653439x: no usable pages in manifest.,2026-07-17T20:23:25.710453
leconstitutionnel,bpt6k653440v,,failed,0,0,,no_usable_pages,known,,,bpt6k653440v: no usable pages in manifest.,2026-07-17T20:23:25.827639
leconstitutionnel,bpt6k6534417,,failed,0,0,,no_usable_pages,known,,,bpt6k6534417: no usable pages in manifest.,2026-07-17T20:23:25.914618
leconstitutionnel,bpt6k653442m,,failed,0,0,,no_usable_pages,known,,,bpt6k653442m: no usable pages in manifest.,2026-07-17T20:23:25.986297
leconstitutionnel,bpt6k6534430,,failed,0,0,,no_usable_pages,known,,,bpt6k6534430: no usable pages in manifest.,2026-07-17T20:23:26.080758
leconstitutionnel,bpt6k653444c,,failed,0,0,,no_usable_pages,known,,,bpt6k653444c: no usable pages in manifest.,2026-07-17T20:23:26.196754
leconstitutionnel,bpt6k653445r,,failed,0,0,,no_usable_pages,known,,,bpt6k653445r: no usable pages in manifest.,2026-07-17T20:23:26.293182
leconstitutionnel,bpt6k6534464,,failed,0,0,,no_usable_pages,known,,,bpt6k6534464: no usable pages in manifest.,2026-07-17T20:23:26.389151
leconstitutionnel,bpt6k653447h,,failed,0,0,,no_usable_pages,known,,,bpt6k653447h: no usable pages in manifest.,2026-07-17T20:23:26.492690
leconstitutionnel,bpt6k653448w,,failed,0,0,,no_usable_pages,known,,,bpt6k653448w: no usable pages in manifest.,2026-07-17T20:23:26.573487
leconstitutionnel,bpt6k6534498,,failed,0,0,,no_usable_pages,known,,,bpt6k6534498: no usable pages in manifest.,2026-07-17T20:23:26.670118
leconstitutionnel,bpt6k6534506,,failed,0,0,,no_usable_pages,known,,,bpt6k6534506: no usable pages in manifest.,2026-07-17T20:23:26.790951
leconstitutionnel,bpt6k653451k,,failed,0,0,,no_usable_pages,known,,,bpt6k653451k: no usable pages in manifest.,2026-07-17T20:23:26.913070
leconstitutionnel,bpt6k653452z,,failed,0,0,,no_usable_pages,known,,,bpt6k653452z: no usable pages in manifest.,2026-07-17T20:23:27.052112
leconstitutionnel,bpt6k653453b,,failed,0,0,,no_usable_pages,known,,,bpt6k653453b: no usable pages in manifest.,2026-07-17T20:23:27.185143
leconstitutionnel,bpt6k653454q,,failed,0,0,,no_usable_pages,known,,,bpt6k653454q: no usable pages in manifest.,2026-07-17T20:23:27.261900
leconstitutionnel,bpt6k6534553,,failed,0,0,,no_usable_pages,known,,,bpt6k6534553: no usable pages in manifest.,2026-07-17T20:23:27.357014
leconstitutionnel,bpt6k653456g,,failed,0,0,,no_usable_pages,known,,,bpt6k653456g: no usable pages in manifest.,2026-07-17T20:23:27.451750
leconstitutionnel,bpt6k653457v,,failed,0,0,,no_usable_pages,known,,,bpt6k653457v: no usable pages in manifest.,2026-07-17T20:23:27.530120
leconstitutionnel,bpt6k6534587,,failed,0,0,,no_usable_pages,known,,,bpt6k6534587: no usable pages in manifest.,2026-07-17T20:23:27.629870
leconstitutionnel,bpt6k653459m,,failed,0,0,,no_usable_pages,known,,,bpt6k653459m: no usable pages in manifest.,2026-07-17T20:23:27.716038
leconstitutionnel,bpt6k653460j,,failed,0,0,,no_usable_pages,known,,,bpt6k653460j: no usable pages in manifest.,2026-07-17T20:23:27.820287
leconstitutionnel,bpt6k653461x,,failed,0,0,,no_usable_pages,known,,,bpt6k653461x: no usable pages in manifest.,2026-07-17T20:23:27.994261
leconstitutionnel,bpt6k6534629,,failed,0,0,,no_usable_pages,known,,,bpt6k6534629: no usable pages in manifest.,2026-07-17T20:23:28.089883
leconstitutionnel,bpt6k653463p,,failed,0,0,,no_usable_pages,known,,,bpt6k653463p: no usable pages in manifest.,2026-07-17T20:23:28.207034
leconstitutionnel,bpt6k6534642,,failed,0,0,,no_usable_pages,known,,,bpt6k6534642: no usable pages in manifest.,2026-07-17T20:23:28.299558
leconstitutionnel,bpt6k653465f,,failed,0,0,,no_usable_pages,known,,,bpt6k653465f: no usable pages in manifest.,2026-07-17T20:23:28.387512
leconstitutionnel,bpt6k653466t,,failed,0,0,,no_usable_pages,known,,,bpt6k653466t: no usable pages in manifest.,2026-07-17T20:23:28.461480
leconstitutionnel,bpt6k6534676,,failed,0,0,,no_usable_pages,known,,,bpt6k6534676: no usable pages in manifest.,2026-07-17T20:23:28.563291
leconstitutionnel,bpt6k653468k,,failed,0,0,,no_usable_pages,known,,,bpt6k653468k: no usable pages in manifest.,2026-07-17T20:23:28.669573
leconstitutionnel,bpt6k653469z,,failed,0,0,,no_usable_pages,known,,,bpt6k653469z: no usable pages in manifest.,2026-07-17T20:23:28.754247
leconstitutionnel,bpt6k653470w,,failed,0,0,,no_usable_pages,known,,,bpt6k653470w: no usable pages in manifest.,2026-07-17T20:23:28.834716
leconstitutionnel,bpt6k6534718,,failed,0,0,,no_usable_pages,known,,,bpt6k6534718: no usable pages in manifest.,2026-07-17T20:23:28.923035
leconstitutionnel,bpt6k653472n,,failed,0,0,,no_usable_pages,known,,,bpt6k653472n: no usable pages in manifest.,2026-07-17T20:23:29.013970
leconstitutionnel,bpt6k6534731,,failed,0,0,,no_usable_pages,known,,,bpt6k6534731: no usable pages in manifest.,2026-07-17T20:23:29.103084
leconstitutionnel,bpt6k653474d,,failed,0,0,,no_usable_pages,known,,,bpt6k653474d: no usable pages in manifest.,2026-07-17T20:23:29.205466
leconstitutionnel,bpt6k653475s,,failed,0,0,,no_usable_pages,known,,,bpt6k653475s: no usable pages in manifest.,2026-07-17T20:23:29.309875
leconstitutionnel,bpt6k6534765,,failed,0,0,,no_usable_pages,known,,,bpt6k6534765: no usable pages in manifest.,2026-07-17T20:23:29.377138
leconstitutionnel,bpt6k653477j,,failed,0,0,,no_usable_pages,known,,,bpt6k653477j: no usable pages in manifest.,2026-07-17T20:23:29.446602
leconstitutionnel,bpt6k653478x,,failed,0,0,,no_usable_pages,known,,,bpt6k653478x: no usable pages in manifest.,2026-07-17T20:23:29.510439
leconstitutionnel,bpt6k6534799,,failed,0,0,,no_usable_pages,known,,,bpt6k6534799: no usable pages in manifest.,2026-07-17T20:23:29.584718
leconstitutionnel,bpt6k6534807,,failed,0,0,,no_usable_pages,known,,,bpt6k6534807: no usable pages in manifest.,2026-07-17T20:23:29.676709
leconstitutionnel,bpt6k653481m,,failed,0,0,,no_usable_pages,known,,,bpt6k653481m: no usable pages in manifest.,2026-07-17T20:23:29.743803
leconstitutionnel,bpt6k6534820,,failed,0,0,,no_usable_pages,known,,,bpt6k6534820: no usable pages in manifest.,2026-07-17T20:23:29.822671
leconstitutionnel,bpt6k653483c,,failed,0,0,,no_usable_pages,known,,,bpt6k653483c: no usable pages in manifest.,2026-07-17T20:23:29.895931
leconstitutionnel,bpt6k653484r,,failed,0,0,,no_usable_pages,known,,,bpt6k653484r: no usable pages in manifest.,2026-07-17T20:23:29.981722
leconstitutionnel,bpt6k6534854,,failed,0,0,,no_usable_pages,known,,,bpt6k6534854: no usable pages in manifest.,2026-07-17T20:23:30.075127
leconstitutionnel,bpt6k653486h,,failed,0,0,,no_usable_pages,known,,,bpt6k653486h: no usable pages in manifest.,2026-07-17T20:23:30.138087
leconstitutionnel,bpt6k653487w,,failed,0,0,,no_usable_pages,known,,,bpt6k653487w: no usable pages in manifest.,2026-07-17T20:23:30.266179
leconstitutionnel,bpt6k6534888,,failed,0,0,,no_usable_pages,known,,,bpt6k6534888: no usable pages in manifest.,2026-07-17T20:23:30.375879
leconstitutionnel,bpt6k653489n,,failed,0,0,,no_usable_pages,known,,,bpt6k653489n: no usable pages in manifest.,2026-07-17T20:23:30.453702
leconstitutionnel,bpt6k653490k,,failed,0,0,,no_usable_pages,known,,,bpt6k653490k: no usable pages in manifest.,2026-07-17T20:23:30.526210
leconstitutionnel,bpt6k653491z,,failed,0,0,,no_usable_pages,known,,,bpt6k653491z: no usable pages in manifest.,2026-07-17T20:23:30.594976
leconstitutionnel,bpt6k653492b,,failed,0,0,,no_usable_pages,known,,,bpt6k653492b: no usable pages in manifest.,2026-07-17T20:23:30.661419
leconstitutionnel,bpt6k653493q,,failed,0,0,,no_usable_pages,known,,,bpt6k653493q: no usable pages in manifest.,2026-07-17T20:23:30.732114
leconstitutionnel,bpt6k6534943,,failed,0,0,,no_usable_pages,known,,,bpt6k6534943: no usable pages in manifest.,2026-07-17T20:23:30.848968
leconstitutionnel,bpt6k653495g,,failed,0,0,,no_usable_pages,known,,,bpt6k653495g: no usable pages in manifest.,2026-07-17T20:23:30.911226
leconstitutionnel,bpt6k653496v,,failed,0,0,,no_usable_pages,known,,,bpt6k653496v: no usable pages in manifest.,2026-07-17T20:23:31.021352
leconstitutionnel,bpt6k6534977,,failed,0,0,,no_usable_pages,known,,,bpt6k6534977: no usable pages in manifest.,2026-07-17T20:23:31.103614
leconstitutionnel,bpt6k653498m,,failed,0,0,,no_usable_pages,known,,,bpt6k653498m: no usable pages in manifest.,2026-07-17T20:23:31.183469
leconstitutionnel,bpt6k6534990,,failed,0,0,,no_usable_pages,known,,,bpt6k6534990: no usable pages in manifest.,2026-07-17T20:23:31.307334
leconstitutionnel,bpt6k653500s,,failed,0,0,,no_usable_pages,known,,,bpt6k653500s: no usable pages in manifest.,2026-07-17T20:23:31.411332
leconstitutionnel,bpt6k6535015,,failed,0,0,,no_usable_pages,known,,,bpt6k6535015: no usable pages in manifest.,2026-07-17T20:23:31.498956
leconstitutionnel,bpt6k653502j,,failed,0,0,,no_usable_pages,known,,,bpt6k653502j: no usable pages in manifest.,2026-07-17T20:23:31.563944
leconstitutionnel,bpt6k653503x,,failed,0,0,,no_usable_pages,known,,,bpt6k653503x: no usable pages in manifest.,2026-07-17T20:23:31.657767
leconstitutionnel,bpt6k6535049,,failed,0,0,,no_usable_pages,known,,,bpt6k6535049: no usable pages in manifest.,2026-07-17T20:23:31.722492
leconstitutionnel,bpt6k653505p,,failed,0,0,,no_usable_pages,known,,,bpt6k653505p: no usable pages in manifest.,2026-07-17T20:23:31.800664
leconstitutionnel,bpt6k6535062,,failed,0,0,,no_usable_pages,known,,,bpt6k6535062: no usable pages in manifest.,2026-07-17T20:23:31.866173
leconstitutionnel,bpt6k653507f,,failed,0,0,,no_usable_pages,known,,,bpt6k653507f: no usable pages in manifest.,2026-07-17T20:23:31.944920
leconstitutionnel,bpt6k653508t,,failed,0,0,,no_usable_pages,known,,,bpt6k653508t: no usable pages in manifest.,2026-07-17T20:23:32.106374
leconstitutionnel,bpt6k6535104,,failed,0,0,,no_usable_pages,known,,,bpt6k6535104: no usable pages in manifest.,2026-07-17T20:23:32.158460
leconstitutionnel,bpt6k6535096,,failed,0,0,,no_usable_pages,known,,,bpt6k6535096: no usable pages in manifest.,2026-07-17T20:23:32.235991
leconstitutionnel,bpt6k653511h,,failed,0,0,,no_usable_pages,known,,,bpt6k653511h: no usable pages in manifest.,2026-07-17T20:23:32.329671
leconstitutionnel,bpt6k653512w,,failed,0,0,,no_usable_pages,known,,,bpt6k653512w: no usable pages in manifest.,2026-07-17T20:23:32.415062
leconstitutionnel,bpt6k6535138,,failed,0,0,,no_usable_pages,known,,,bpt6k6535138: no usable pages in manifest.,2026-07-17T20:23:32.516132
leconstitutionnel,bpt6k653514n,,failed,0,0,,no_usable_pages,known,,,bpt6k653514n: no usable pages in manifest.,2026-07-17T20:23:32.603593
leconstitutionnel,bpt6k6535151,,failed,0,0,,no_usable_pages,known,,,bpt6k6535151: no usable pages in manifest.,2026-07-17T20:23:32.670363
leconstitutionnel,bpt6k653517s,,failed,0,0,,no_usable_pages,known,,,bpt6k653517s: no usable pages in manifest.,2026-07-17T20:23:32.744152
leconstitutionnel,bpt6k653516d,,failed,0,0,,no_usable_pages,known,,,bpt6k653516d: no usable pages in manifest.,2026-07-17T20:23:32.825905
leconstitutionnel,bpt6k6535185,,failed,0,0,,no_usable_pages,known,,,bpt6k6535185: no usable pages in manifest.,2026-07-17T20:23:32.905282
leconstitutionnel,bpt6k653519j,,failed,0,0,,no_usable_pages,known,,,bpt6k653519j: no usable pages in manifest.,2026-07-17T20:23:33.003192
leconstitutionnel,bpt6k653521v,,failed,0,0,,no_usable_pages,known,,,bpt6k653521v: no usable pages in manifest.,2026-07-17T20:23:33.142823
leconstitutionnel,bpt6k653520g,,failed,0,0,,no_usable_pages,known,,,bpt6k653520g: no usable pages in manifest.,2026-07-17T20:23:33.234080
leconstitutionnel,bpt6k6535227,,failed,0,0,,no_usable_pages,known,,,bpt6k6535227: no usable pages in manifest.,2026-07-17T20:23:33.340008
leconstitutionnel,bpt6k653523m,,failed,0,0,,no_usable_pages,known,,,bpt6k653523m: no usable pages in manifest.,2026-07-17T20:23:33.422999
leconstitutionnel,bpt6k6535240,,failed,0,0,,no_usable_pages,known,,,bpt6k6535240: no usable pages in manifest.,2026-07-17T20:23:33.526611
leconstitutionnel,bpt6k653525c,,failed,0,0,,no_usable_pages,known,,,bpt6k653525c: no usable pages in manifest.,2026-07-17T20:23:33.618002
leconstitutionnel,bpt6k653526r,,failed,0,0,,no_usable_pages,known,,,bpt6k653526r: no usable pages in manifest.,2026-07-17T20:23:33.732019
leconstitutionnel,bpt6k653528h,,failed,0,0,,no_usable_pages,known,,,bpt6k653528h: no usable pages in manifest.,2026-07-17T20:23:33.831685
leconstitutionnel,bpt6k6535274,,failed,0,0,,no_usable_pages,known,,,bpt6k6535274: no usable pages in manifest.,2026-07-17T20:23:33.929552
leconstitutionnel,bpt6k653529w,,failed,0,0,,no_usable_pages,known,,,bpt6k653529w: no usable pages in manifest.,2026-07-17T20:23:34.007283
leconstitutionnel,bpt6k653530t,,failed,0,0,,no_usable_pages,known,,,bpt6k653530t: no usable pages in manifest.,2026-07-17T20:23:34.094775
leconstitutionnel,bpt6k6535316,,failed,0,0,,no_usable_pages,known,,,bpt6k6535316: no usable pages in manifest.,2026-07-17T20:23:34.197646
leconstitutionnel,bpt6k653532k,,failed,0,0,,no_usable_pages,known,,,bpt6k653532k: no usable pages in manifest.,2026-07-17T20:23:34.309472
leconstitutionnel,bpt6k653533z,,failed,0,0,,no_usable_pages,known,,,bpt6k653533z: no usable pages in manifest.,2026-07-17T20:23:34.416124
leconstitutionnel,bpt6k653535q,,failed,0,0,,no_usable_pages,known,,,bpt6k653535q: no usable pages in manifest.,2026-07-17T20:23:34.480067
leconstitutionnel,bpt6k653534b,,failed,0,0,,no_usable_pages,known,,,bpt6k653534b: no usable pages in manifest.,2026-07-17T20:23:34.586653
leconstitutionnel,bpt6k6535363,,failed,0,0,,no_usable_pages,known,,,bpt6k6535363: no usable pages in manifest.,2026-07-17T20:23:34.666180
leconstitutionnel,bpt6k653537g,,failed,0,0,,no_usable_pages,known,,,bpt6k653537g: no usable pages in manifest.,2026-07-17T20:23:34.731054
leconstitutionnel,bpt6k653538v,,failed,0,0,,no_usable_pages,known,,,bpt6k653538v: no usable pages in manifest.,2026-07-17T20:23:34.809896
leconstitutionnel,bpt6k6535397,,failed,0,0,,no_usable_pages,known,,,bpt6k6535397: no usable pages in manifest.,2026-07-17T20:23:34.934920
leconstitutionnel,bpt6k6535405,,failed,0,0,,no_usable_pages,known,,,bpt6k6535405: no usable pages in manifest.,2026-07-17T20:23:35.044222
leconstitutionnel,bpt6k653541j,,failed,0,0,,no_usable_pages,known,,,bpt6k653541j: no usable pages in manifest.,2026-07-17T20:23:35.108698
leconstitutionnel,bpt6k653542x,,failed,0,0,,no_usable_pages,known,,,bpt6k653542x: no usable pages in manifest.,2026-07-17T20:23:35.199908
leconstitutionnel,bpt6k6535439,,failed,0,0,,no_usable_pages,known,,,bpt6k6535439: no usable pages in manifest.,2026-07-17T20:23:35.262682
leconstitutionnel,bpt6k653544p,,failed,0,0,,no_usable_pages,known,,,bpt6k653544p: no usable pages in manifest.,2026-07-17T20:23:35.343285
leconstitutionnel,bpt6k6535452,,failed,0,0,,no_usable_pages,known,,,bpt6k6535452: no usable pages in manifest.,2026-07-17T20:23:35.429942
leconstitutionnel,bpt6k653546f,,failed,0,0,,no_usable_pages,known,,,bpt6k653546f: no usable pages in manifest.,2026-07-17T20:23:35.506221
leconstitutionnel,bpt6k653547t,,failed,0,0,,no_usable_pages,known,,,bpt6k653547t: no usable pages in manifest.,2026-07-17T20:23:35.582486
leconstitutionnel,bpt6k6535486,,failed,0,0,,no_usable_pages,known,,,bpt6k6535486: no usable pages in manifest.,2026-07-17T20:23:35.673478
leconstitutionnel,bpt6k653549k,,failed,0,0,,no_usable_pages,known,,,bpt6k653549k: no usable pages in manifest.,2026-07-17T20:23:35.741896
leconstitutionnel,bpt6k653550h,,failed,0,0,,no_usable_pages,known,,,bpt6k653550h: no usable pages in manifest.,2026-07-17T20:23:35.876494
leconstitutionnel,bpt6k653551w,,failed,0,0,,no_usable_pages,known,,,bpt6k653551w: no usable pages in manifest.,2026-07-17T20:23:35.948743
leconstitutionnel,bpt6k6535528,,failed,0,0,,no_usable_pages,known,,,bpt6k6535528: no usable pages in manifest.,2026-07-17T20:23:36.026372
leconstitutionnel,bpt6k653553n,,failed,0,0,,no_usable_pages,known,,,bpt6k653553n: no usable pages in manifest.,2026-07-17T20:23:36.154409
leconstitutionnel,bpt6k6535541,,failed,0,0,,no_usable_pages,known,,,bpt6k6535541: no usable pages in manifest.,2026-07-17T20:23:36.324279
leconstitutionnel,bpt6k653555d,,failed,0,0,,no_usable_pages,known,,,bpt6k653555d: no usable pages in manifest.,2026-07-17T20:23:36.439724
leconstitutionnel,bpt6k653556s,,failed,0,0,,no_usable_pages,known,,,bpt6k653556s: no usable pages in manifest.,2026-07-17T20:23:36.553164
leconstitutionnel,bpt6k6535575,,failed,0,0,,no_usable_pages,known,,,bpt6k6535575: no usable pages in manifest.,2026-07-17T20:23:36.664146
leconstitutionnel,bpt6k653558j,,failed,0,0,,no_usable_pages,known,,,bpt6k653558j: no usable pages in manifest.,2026-07-17T20:23:36.739506
leconstitutionnel,bpt6k653559x,,failed,0,0,,no_usable_pages,known,,,bpt6k653559x: no usable pages in manifest.,2026-07-17T20:23:36.829771
leconstitutionnel,bpt6k653560v,,failed,0,0,,no_usable_pages,known,,,bpt6k653560v: no usable pages in manifest.,2026-07-17T20:23:36.901848
leconstitutionnel,bpt6k6535617,,failed,0,0,,no_usable_pages,known,,,bpt6k6535617: no usable pages in manifest.,2026-07-17T20:23:36.991088
leconstitutionnel,bpt6k653562m,,failed,0,0,,no_usable_pages,known,,,bpt6k653562m: no usable pages in manifest.,2026-07-17T20:23:37.066859
leconstitutionnel,bpt6k6535630,,failed,0,0,,no_usable_pages,known,,,bpt6k6535630: no usable pages in manifest.,2026-07-17T20:23:37.144467
leconstitutionnel,bpt6k653564c,,failed,0,0,,no_usable_pages,known,,,bpt6k653564c: no usable pages in manifest.,2026-07-17T20:23:37.217739
leconstitutionnel,bpt6k653565r,,failed,0,0,,no_usable_pages,known,,,bpt6k653565r: no usable pages in manifest.,2026-07-17T20:23:37.301673
leconstitutionnel,bpt6k6535664,,failed,0,0,,no_usable_pages,known,,,bpt6k6535664: no usable pages in manifest.,2026-07-17T20:23:37.402635
leconstitutionnel,bpt6k653567h,,failed,0,0,,no_usable_pages,known,,,bpt6k653567h: no usable pages in manifest.,2026-07-17T20:23:37.494536
leconstitutionnel,bpt6k653568w,,failed,0,0,,no_usable_pages,known,,,bpt6k653568w: no usable pages in manifest.,2026-07-17T20:23:37.572686
leconstitutionnel,bpt6k6535698,,failed,0,0,,no_usable_pages,known,,,bpt6k6535698: no usable pages in manifest.,2026-07-17T20:23:37.664932
leconstitutionnel,bpt6k6535706,,failed,0,0,,no_usable_pages,known,,,bpt6k6535706: no usable pages in manifest.,2026-07-17T20:23:37.755107
leconstitutionnel,bpt6k653571k,,failed,0,0,,no_usable_pages,known,,,bpt6k653571k: no usable pages in manifest.,2026-07-17T20:23:37.823940
leconstitutionnel,bpt6k653572z,,failed,0,0,,no_usable_pages,known,,,bpt6k653572z: no usable pages in manifest.,2026-07-17T20:23:37.903134
leconstitutionnel,bpt6k653573b,,failed,0,0,,no_usable_pages,known,,,bpt6k653573b: no usable pages in manifest.,2026-07-17T20:23:37.964623
leconstitutionnel,bpt6k653574q,,failed,0,0,,no_usable_pages,known,,,bpt6k653574q: no usable pages in manifest.,2026-07-17T20:23:38.053517
leconstitutionnel,bpt6k6535753,,failed,0,0,,no_usable_pages,known,,,bpt6k6535753: no usable pages in manifest.,2026-07-17T20:23:38.140975
leconstitutionnel,bpt6k653576g,,failed,0,0,,no_usable_pages,known,,,bpt6k653576g: no usable pages in manifest.,2026-07-17T20:23:38.218614
leconstitutionnel,bpt6k653577v,,failed,0,0,,no_usable_pages,known,,,bpt6k653577v: no usable pages in manifest.,2026-07-17T20:23:38.332410
leconstitutionnel,bpt6k6535787,,failed,0,0,,no_usable_pages,known,,,bpt6k6535787: no usable pages in manifest.,2026-07-17T20:23:38.412112
leconstitutionnel,bpt6k653579m,,failed,0,0,,no_usable_pages,known,,,bpt6k653579m: no usable pages in manifest.,2026-07-17T20:23:38.530751
leconstitutionnel,bpt6k653580j,,failed,0,0,,no_usable_pages,known,,,bpt6k653580j: no usable pages in manifest.,2026-07-17T20:23:38.614135
leconstitutionnel,bpt6k653581x,,failed,0,0,,no_usable_pages,known,,,bpt6k653581x: no usable pages in manifest.,2026-07-17T20:23:38.738248
leconstitutionnel,bpt6k6535829,,failed,0,0,,no_usable_pages,known,,,bpt6k6535829: no usable pages in manifest.,2026-07-17T20:23:38.831994
leconstitutionnel,bpt6k653583p,,failed,0,0,,no_usable_pages,known,,,bpt6k653583p: no usable pages in manifest.,2026-07-17T20:23:38.909450
leconstitutionnel,bpt6k6535842,,failed,0,0,,no_usable_pages,known,,,bpt6k6535842: no usable pages in manifest.,2026-07-17T20:23:38.971754
leconstitutionnel,bpt6k653585f,,failed,0,0,,no_usable_pages,known,,,bpt6k653585f: no usable pages in manifest.,2026-07-17T20:23:39.050357
leconstitutionnel,bpt6k653586t,,failed,0,0,,no_usable_pages,known,,,bpt6k653586t: no usable pages in manifest.,2026-07-17T20:23:39.122764
leconstitutionnel,bpt6k6535876,,failed,0,0,,no_usable_pages,known,,,bpt6k6535876: no usable pages in manifest.,2026-07-17T20:23:39.202507
leconstitutionnel,bpt6k653588k,,failed,0,0,,no_usable_pages,known,,,bpt6k653588k: no usable pages in manifest.,2026-07-17T20:23:39.281537
leconstitutionnel,bpt6k653589z,,failed,0,0,,no_usable_pages,known,,,bpt6k653589z: no usable pages in manifest.,2026-07-17T20:23:39.384278
leconstitutionnel,bpt6k653590w,,failed,0,0,,no_usable_pages,known,,,bpt6k653590w: no usable pages in manifest.,2026-07-17T20:23:39.472203
leconstitutionnel,bpt6k6535918,,failed,0,0,,no_usable_pages,known,,,bpt6k6535918: no usable pages in manifest.,2026-07-17T20:23:39.597819
leconstitutionnel,bpt6k653592n,,failed,0,0,,no_usable_pages,known,,,bpt6k653592n: no usable pages in manifest.,2026-07-17T20:23:39.686397
leconstitutionnel,bpt6k6535931,,failed,0,0,,no_usable_pages,known,,,bpt6k6535931: no usable pages in manifest.,2026-07-17T20:23:39.754513
leconstitutionnel,bpt6k653594d,,failed,0,0,,no_usable_pages,known,,,bpt6k653594d: no usable pages in manifest.,2026-07-17T20:23:39.840943
leconstitutionnel,bpt6k653595s,,failed,0,0,,no_usable_pages,known,,,bpt6k653595s: no usable pages in manifest.,2026-07-17T20:23:39.924750
leconstitutionnel,bpt6k6535965,,failed,0,0,,no_usable_pages,known,,,bpt6k6535965: no usable pages in manifest.,2026-07-17T20:23:39.996134
leconstitutionnel,bpt6k653597j,,failed,0,0,,no_usable_pages,known,,,bpt6k653597j: no usable pages in manifest.,2026-07-17T20:23:40.058612
leconstitutionnel,bpt6k653598x,,failed,0,0,,no_usable_pages,known,,,bpt6k653598x: no usable pages in manifest.,2026-07-17T20:23:40.147428
leconstitutionnel,bpt6k6535999,,failed,0,0,,no_usable_pages,known,,,bpt6k6535999: no usable pages in manifest.,2026-07-17T20:23:40.231077
leconstitutionnel,bpt6k6536003,,failed,0,0,,no_usable_pages,known,,,bpt6k6536003: no usable pages in manifest.,2026-07-17T20:23:40.326850
leconstitutionnel,bpt6k653601g,,failed,0,0,,no_usable_pages,known,,,bpt6k653601g: no usable pages in manifest.,2026-07-17T20:23:40.424702
leconstitutionnel,bpt6k653602v,,failed,0,0,,no_usable_pages,known,,,bpt6k653602v: no usable pages in manifest.,2026-07-17T20:23:40.492898
leconstitutionnel,bpt6k6536037,,failed,0,0,,no_usable_pages,known,,,bpt6k6536037: no usable pages in manifest.,2026-07-17T20:23:40.596933
leconstitutionnel,bpt6k653604m,,failed,0,0,,no_usable_pages,known,,,bpt6k653604m: no usable pages in manifest.,2026-07-17T20:23:40.734213
leconstitutionnel,bpt6k6536050,,failed,0,0,,no_usable_pages,known,,,bpt6k6536050: no usable pages in manifest.,2026-07-17T20:23:40.897608
leconstitutionnel,bpt6k653606c,,failed,0,0,,no_usable_pages,known,,,bpt6k653606c: no usable pages in manifest.,2026-07-17T20:23:40.979902
leconstitutionnel,bpt6k653607r,,failed,0,0,,no_usable_pages,known,,,bpt6k653607r: no usable pages in manifest.,2026-07-17T20:23:41.057890
leconstitutionnel,bpt6k6536084,,failed,0,0,,no_usable_pages,known,,,bpt6k6536084: no usable pages in manifest.,2026-07-17T20:23:41.137727
leconstitutionnel,bpt6k653609h,,failed,0,0,,no_usable_pages,known,,,bpt6k653609h: no usable pages in manifest.,2026-07-17T20:23:41.216414
leconstitutionnel,bpt6k653610f,,failed,0,0,,no_usable_pages,known,,,bpt6k653610f: no usable pages in manifest.,2026-07-17T20:23:41.307684
leconstitutionnel,bpt6k653611t,,failed,0,0,,no_usable_pages,known,,,bpt6k653611t: no usable pages in manifest.,2026-07-17T20:23:41.383804
leconstitutionnel,bpt6k6536126,,failed,0,0,,no_usable_pages,known,,,bpt6k6536126: no usable pages in manifest.,2026-07-17T20:23:41.512926
leconstitutionnel,bpt6k653613k,,failed,0,0,,no_usable_pages,known,,,bpt6k653613k: no usable pages in manifest.,2026-07-17T20:23:41.626134
leconstitutionnel,bpt6k653614z,,failed,0,0,,no_usable_pages,known,,,bpt6k653614z: no usable pages in manifest.,2026-07-17T20:23:41.701298
leconstitutionnel,bpt6k653615b,,failed,0,0,,no_usable_pages,known,,,bpt6k653615b: no usable pages in manifest.,2026-07-17T20:23:41.792419
leconstitutionnel,bpt6k653616q,,failed,0,0,,no_usable_pages,known,,,bpt6k653616q: no usable pages in manifest.,2026-07-17T20:23:41.909669
leconstitutionnel,bpt6k6536173,,failed,0,0,,no_usable_pages,known,,,bpt6k6536173: no usable pages in manifest.,2026-07-17T20:23:41.992577
leconstitutionnel,bpt6k653618g,,failed,0,0,,no_usable_pages,known,,,bpt6k653618g: no usable pages in manifest.,2026-07-17T20:23:42.070443
leconstitutionnel,bpt6k653620s,,failed,0,0,,no_usable_pages,known,,,bpt6k653620s: no usable pages in manifest.,2026-07-17T20:23:42.143698
leconstitutionnel,bpt6k653619v,,failed,0,0,,no_usable_pages,known,,,bpt6k653619v: no usable pages in manifest.,2026-07-17T20:23:42.237626
leconstitutionnel,bpt6k6536215,,failed,0,0,,no_usable_pages,known,,,bpt6k6536215: no usable pages in manifest.,2026-07-17T20:23:42.298979
leconstitutionnel,bpt6k653622j,,failed,0,0,,no_usable_pages,known,,,bpt6k653622j: no usable pages in manifest.,2026-07-17T20:23:42.369992
leconstitutionnel,bpt6k653623x,,failed,0,0,,no_usable_pages,known,,,bpt6k653623x: no usable pages in manifest.,2026-07-17T20:23:42.448536
leconstitutionnel,bpt6k6536249,,failed,0,0,,no_usable_pages,known,,,bpt6k6536249: no usable pages in manifest.,2026-07-17T20:23:42.598232
leconstitutionnel,bpt6k653625p,,failed,0,0,,no_usable_pages,known,,,bpt6k653625p: no usable pages in manifest.,2026-07-17T20:23:42.719898
leconstitutionnel,bpt6k6536262,,failed,0,0,,no_usable_pages,known,,,bpt6k6536262: no usable pages in manifest.,2026-07-17T20:23:42.799860
leconstitutionnel,bpt6k653627f,,failed,0,0,,no_usable_pages,known,,,bpt6k653627f: no usable pages in manifest.,2026-07-17T20:23:42.935239
leconstitutionnel,bpt6k653628t,,failed,0,0,,no_usable_pages,known,,,bpt6k653628t: no usable pages in manifest.,2026-07-17T20:23:43.066169
leconstitutionnel,bpt6k6536296,,failed,0,0,,no_usable_pages,known,,,bpt6k6536296: no usable pages in manifest.,2026-07-17T20:23:43.166459
leconstitutionnel,bpt6k6536304,,failed,0,0,,no_usable_pages,known,,,bpt6k6536304: no usable pages in manifest.,2026-07-17T20:23:43.261480
leconstitutionnel,bpt6k653631h,,failed,0,0,,no_usable_pages,known,,,bpt6k653631h: no usable pages in manifest.,2026-07-17T20:23:43.339691
leconstitutionnel,bpt6k653632w,,failed,0,0,,no_usable_pages,known,,,bpt6k653632w: no usable pages in manifest.,2026-07-17T20:23:43.424599
leconstitutionnel,bpt6k6536338,,failed,0,0,,no_usable_pages,known,,,bpt6k6536338: no usable pages in manifest.,2026-07-17T20:23:43.493106
leconstitutionnel,bpt6k653634n,,failed,0,0,,no_usable_pages,known,,,bpt6k653634n: no usable pages in manifest.,2026-07-17T20:23:43.603488
leconstitutionnel,bpt6k6536351,,failed,0,0,,no_usable_pages,known,,,bpt6k6536351: no usable pages in manifest.,2026-07-17T20:23:43.724625
leconstitutionnel,bpt6k653636d,,failed,0,0,,no_usable_pages,known,,,bpt6k653636d: no usable pages in manifest.,2026-07-17T20:23:43.845535
leconstitutionnel,bpt6k653637s,,failed,0,0,,no_usable_pages,known,,,bpt6k653637s: no usable pages in manifest.,2026-07-17T20:23:43.935709
leconstitutionnel,bpt6k6536385,,failed,0,0,,no_usable_pages,known,,,bpt6k6536385: no usable pages in manifest.,2026-07-17T20:23:44.108959
leconstitutionnel,bpt6k653639j,,failed,0,0,,no_usable_pages,known,,,bpt6k653639j: no usable pages in manifest.,2026-07-17T20:23:44.213697
leconstitutionnel,bpt6k653640g,,failed,0,0,,no_usable_pages,known,,,bpt6k653640g: no usable pages in manifest.,2026-07-17T20:23:44.314465
leconstitutionnel,bpt6k653641v,,failed,0,0,,no_usable_pages,known,,,bpt6k653641v: no usable pages in manifest.,2026-07-17T20:23:44.389873
leconstitutionnel,bpt6k6536427,,failed,0,0,,no_usable_pages,known,,,bpt6k6536427: no usable pages in manifest.,2026-07-17T20:23:44.488304
leconstitutionnel,bpt6k653643m,,failed,0,0,,no_usable_pages,known,,,bpt6k653643m: no usable pages in manifest.,2026-07-17T20:23:44.616756
leconstitutionnel,bpt6k6536440,,failed,0,0,,no_usable_pages,known,,,bpt6k6536440: no usable pages in manifest.,2026-07-17T20:23:44.716746
leconstitutionnel,bpt6k653645c,,failed,0,0,,no_usable_pages,known,,,bpt6k653645c: no usable pages in manifest.,2026-07-17T20:23:44.868269
leconstitutionnel,bpt6k653646r,,failed,0,0,,no_usable_pages,known,,,bpt6k653646r: no usable pages in manifest.,2026-07-17T20:23:44.993639
leconstitutionnel,bpt6k6536474,,failed,0,0,,no_usable_pages,known,,,bpt6k6536474: no usable pages in manifest.,2026-07-17T20:23:45.098343
leconstitutionnel,bpt6k653648h,,failed,0,0,,no_usable_pages,known,,,bpt6k653648h: no usable pages in manifest.,2026-07-17T20:23:45.242533
leconstitutionnel,bpt6k653649w,,failed,0,0,,no_usable_pages,known,,,bpt6k653649w: no usable pages in manifest.,2026-07-17T20:23:45.380439
leconstitutionnel,bpt6k653650t,,failed,0,0,,no_usable_pages,known,,,bpt6k653650t: no usable pages in manifest.,2026-07-17T20:23:45.470539
leconstitutionnel,bpt6k6536516,,failed,0,0,,no_usable_pages,known,,,bpt6k6536516: no usable pages in manifest.,2026-07-17T20:23:45.553295
leconstitutionnel,bpt6k653652k,,failed,0,0,,no_usable_pages,known,,,bpt6k653652k: no usable pages in manifest.,2026-07-17T20:23:45.668342
leconstitutionnel,bpt6k653653z,,failed,0,0,,no_usable_pages,known,,,bpt6k653653z: no usable pages in manifest.,2026-07-17T20:23:45.757353
leconstitutionnel,bpt6k653654b,,failed,0,0,,no_usable_pages,known,,,bpt6k653654b: no usable pages in manifest.,2026-07-17T20:23:45.862355
leconstitutionnel,bpt6k653655q,,failed,0,0,,no_usable_pages,known,,,bpt6k653655q: no usable pages in manifest.,2026-07-17T20:23:45.947447
leconstitutionnel,bpt6k6536563,,failed,0,0,,no_usable_pages,known,,,bpt6k6536563: no usable pages in manifest.,2026-07-17T20:23:46.033036
leconstitutionnel,bpt6k653657g,,failed,0,0,,no_usable_pages,known,,,bpt6k653657g: no usable pages in manifest.,2026-07-17T20:23:46.101556
leconstitutionnel,bpt6k653658v,,failed,0,0,,no_usable_pages,known,,,bpt6k653658v: no usable pages in manifest.,2026-07-17T20:23:46.193494
leconstitutionnel,bpt6k6536597,,failed,0,0,,no_usable_pages,known,,,bpt6k6536597: no usable pages in manifest.,2026-07-17T20:23:46.281380
leconstitutionnel,bpt6k6536605,,failed,0,0,,no_usable_pages,known,,,bpt6k6536605: no usable pages in manifest.,2026-07-17T20:23:46.397677
leconstitutionnel,bpt6k653661j,,failed,0,0,,no_usable_pages,known,,,bpt6k653661j: no usable pages in manifest.,2026-07-17T20:23:46.482995
leconstitutionnel,bpt6k653662x,,failed,0,0,,no_usable_pages,known,,,bpt6k653662x: no usable pages in manifest.,2026-07-17T20:23:46.553020
leconstitutionnel,bpt6k6536639,,failed,0,0,,no_usable_pages,known,,,bpt6k6536639: no usable pages in manifest.,2026-07-17T20:23:46.623387
leconstitutionnel,bpt6k653664p,,failed,0,0,,no_usable_pages,known,,,bpt6k653664p: no usable pages in manifest.,2026-07-17T20:23:46.752412
leconstitutionnel,bpt6k6536652,,failed,0,0,,no_usable_pages,known,,,bpt6k6536652: no usable pages in manifest.,2026-07-17T20:23:46.807564
leconstitutionnel,bpt6k653666f,,failed,0,0,,no_usable_pages,known,,,bpt6k653666f: no usable pages in manifest.,2026-07-17T20:23:46.923480
leconstitutionnel,bpt6k653667t,,failed,0,0,,no_usable_pages,known,,,bpt6k653667t: no usable pages in manifest.,2026-07-17T20:23:47.055258
leconstitutionnel,bpt6k6536686,,failed,0,0,,no_usable_pages,known,,,bpt6k6536686: no usable pages in manifest.,2026-07-17T20:23:47.174902
leconstitutionnel,bpt6k653669k,,failed,0,0,,no_usable_pages,known,,,bpt6k653669k: no usable pages in manifest.,2026-07-17T20:23:47.254307
leconstitutionnel,bpt6k653670h,,failed,0,0,,no_usable_pages,known,,,bpt6k653670h: no usable pages in manifest.,2026-07-17T20:23:47.369663
leconstitutionnel,bpt6k653671w,,failed,0,0,,no_usable_pages,known,,,bpt6k653671w: no usable pages in manifest.,2026-07-17T20:23:47.496863
leconstitutionnel,bpt6k6536728,,failed,0,0,,no_usable_pages,known,,,bpt6k6536728: no usable pages in manifest.,2026-07-17T20:23:47.575346
leconstitutionnel,bpt6k653673n,,failed,0,0,,no_usable_pages,known,,,bpt6k653673n: no usable pages in manifest.,2026-07-17T20:23:47.655529
leconstitutionnel,bpt6k6536741,,failed,0,0,,no_usable_pages,known,,,bpt6k6536741: no usable pages in manifest.,2026-07-17T20:23:47.764606
leconstitutionnel,bpt6k653675d,,failed,0,0,,no_usable_pages,known,,,bpt6k653675d: no usable pages in manifest.,2026-07-17T20:23:47.856205
leconstitutionnel,bpt6k653676s,,failed,0,0,,no_usable_pages,known,,,bpt6k653676s: no usable pages in manifest.,2026-07-17T20:23:47.941449
leconstitutionnel,bpt6k6536775,,failed,0,0,,no_usable_pages,known,,,bpt6k6536775: no usable pages in manifest.,2026-07-17T20:23:48.007200
leconstitutionnel,bpt6k653678j,,failed,0,0,,no_usable_pages,known,,,bpt6k653678j: no usable pages in manifest.,2026-07-17T20:23:48.104441
leconstitutionnel,bpt6k653679x,,failed,0,0,,no_usable_pages,known,,,bpt6k653679x: no usable pages in manifest.,2026-07-17T20:23:48.194655
leconstitutionnel,bpt6k653680v,,failed,0,0,,no_usable_pages,known,,,bpt6k653680v: no usable pages in manifest.,2026-07-17T20:23:48.286869
leconstitutionnel,bpt6k6536817,,failed,0,0,,no_usable_pages,known,,,bpt6k6536817: no usable pages in manifest.,2026-07-17T20:23:48.378192
leconstitutionnel,bpt6k653682m,,failed,0,0,,no_usable_pages,known,,,bpt6k653682m: no usable pages in manifest.,2026-07-17T20:23:48.441270
leconstitutionnel,bpt6k6536830,,failed,0,0,,no_usable_pages,known,,,bpt6k6536830: no usable pages in manifest.,2026-07-17T20:23:48.514303
leconstitutionnel,bpt6k653684c,,failed,0,0,,no_usable_pages,known,,,bpt6k653684c: no usable pages in manifest.,2026-07-17T20:23:48.614137
leconstitutionnel,bpt6k653685r,,failed,0,0,,no_usable_pages,known,,,bpt6k653685r: no usable pages in manifest.,2026-07-17T20:23:48.698947
leconstitutionnel,bpt6k6536864,,failed,0,0,,no_usable_pages,known,,,bpt6k6536864: no usable pages in manifest.,2026-07-17T20:23:48.785202
leconstitutionnel,bpt6k653687h,,failed,0,0,,no_usable_pages,known,,,bpt6k653687h: no usable pages in manifest.,2026-07-17T20:23:48.861479
leconstitutionnel,bpt6k653688w,,failed,0,0,,no_usable_pages,known,,,bpt6k653688w: no usable pages in manifest.,2026-07-17T20:23:48.983733
leconstitutionnel,bpt6k6536898,,failed,0,0,,no_usable_pages,known,,,bpt6k6536898: no usable pages in manifest.,2026-07-17T20:23:49.078171
leconstitutionnel,bpt6k6536906,,failed,0,0,,no_usable_pages,known,,,bpt6k6536906: no usable pages in manifest.,2026-07-17T20:23:49.183247
leconstitutionnel,bpt6k653691k,,failed,0,0,,no_usable_pages,known,,,bpt6k653691k: no usable pages in manifest.,2026-07-17T20:23:49.273671
leconstitutionnel,bpt6k653692z,,failed,0,0,,no_usable_pages,known,,,bpt6k653692z: no usable pages in manifest.,2026-07-17T20:23:49.346477
leconstitutionnel,bpt6k653693b,,failed,0,0,,no_usable_pages,known,,,bpt6k653693b: no usable pages in manifest.,2026-07-17T20:23:49.455156
leconstitutionnel,bpt6k653694q,,failed,0,0,,no_usable_pages,known,,,bpt6k653694q: no usable pages in manifest.,2026-07-17T20:23:49.538443
leconstitutionnel,bpt6k6536953,,failed,0,0,,no_usable_pages,known,,,bpt6k6536953: no usable pages in manifest.,2026-07-17T20:23:49.611273
leconstitutionnel,bpt6k653696g,,failed,0,0,,no_usable_pages,known,,,bpt6k653696g: no usable pages in manifest.,2026-07-17T20:23:49.701369
leconstitutionnel,bpt6k653697v,,failed,0,0,,no_usable_pages,known,,,bpt6k653697v: no usable pages in manifest.,2026-07-17T20:23:49.850849
leconstitutionnel,bpt6k6536987,,failed,0,0,,no_usable_pages,known,,,bpt6k6536987: no usable pages in manifest.,2026-07-17T20:23:49.960741
leconstitutionnel,bpt6k653699m,,failed,0,0,,no_usable_pages,known,,,bpt6k653699m: no usable pages in manifest.,2026-07-17T20:23:50.076277
leconstitutionnel,bpt6k653700d,,failed,0,0,,no_usable_pages,known,,,bpt6k653700d: no usable pages in manifest.,2026-07-17T20:23:50.183178
leconstitutionnel,bpt6k653701s,,failed,0,0,,no_usable_pages,known,,,bpt6k653701s: no usable pages in manifest.,2026-07-17T20:23:50.270306
leconstitutionnel,bpt6k6537025,,failed,0,0,,no_usable_pages,known,,,bpt6k6537025: no usable pages in manifest.,2026-07-17T20:23:50.356260
leconstitutionnel,bpt6k653703j,,failed,0,0,,no_usable_pages,known,,,bpt6k653703j: no usable pages in manifest.,2026-07-17T20:23:50.448644
leconstitutionnel,bpt6k653704x,,failed,0,0,,no_usable_pages,known,,,bpt6k653704x: no usable pages in manifest.,2026-07-17T20:23:50.525591
leconstitutionnel,bpt6k6537059,,failed,0,0,,no_usable_pages,known,,,bpt6k6537059: no usable pages in manifest.,2026-07-17T20:23:50.602926
leconstitutionnel,bpt6k653706p,,failed,0,0,,no_usable_pages,known,,,bpt6k653706p: no usable pages in manifest.,2026-07-17T20:23:50.667779
leconstitutionnel,bpt6k6537072,,failed,0,0,,no_usable_pages,known,,,bpt6k6537072: no usable pages in manifest.,2026-07-17T20:23:50.741560
leconstitutionnel,bpt6k653708f,,failed,0,0,,no_usable_pages,known,,,bpt6k653708f: no usable pages in manifest.,2026-07-17T20:23:50.827316
leconstitutionnel,bpt6k653709t,,failed,0,0,,no_usable_pages,known,,,bpt6k653709t: no usable pages in manifest.,2026-07-17T20:23:50.920836
leconstitutionnel,bpt6k653710r,,failed,0,0,,no_usable_pages,known,,,bpt6k653710r: no usable pages in manifest.,2026-07-17T20:23:50.989751
leconstitutionnel,bpt6k6537114,,failed,0,0,,no_usable_pages,known,,,bpt6k6537114: no usable pages in manifest.,2026-07-17T20:23:51.096039
leconstitutionnel,bpt6k653712h,,failed,0,0,,no_usable_pages,known,,,bpt6k653712h: no usable pages in manifest.,2026-07-17T20:23:51.200148
leconstitutionnel,bpt6k653713w,,failed,0,0,,no_usable_pages,known,,,bpt6k653713w: no usable pages in manifest.,2026-07-17T20:23:51.268242
leconstitutionnel,bpt6k6537148,,failed,0,0,,no_usable_pages,known,,,bpt6k6537148: no usable pages in manifest.,2026-07-17T20:23:51.328869
leconstitutionnel,bpt6k653715n,,failed,0,0,,no_usable_pages,known,,,bpt6k653715n: no usable pages in manifest.,2026-07-17T20:23:51.418958
leconstitutionnel,bpt6k6537161,,failed,0,0,,no_usable_pages,known,,,bpt6k6537161: no usable pages in manifest.,2026-07-17T20:23:51.523376
leconstitutionnel,bpt6k653717d,,failed,0,0,,no_usable_pages,known,,,bpt6k653717d: no usable pages in manifest.,2026-07-17T20:23:51.620125
leconstitutionnel,bpt6k653718s,,failed,0,0,,no_usable_pages,known,,,bpt6k653718s: no usable pages in manifest.,2026-07-17T20:23:51.753856
leconstitutionnel,bpt6k6537195,,failed,0,0,,no_usable_pages,known,,,bpt6k6537195: no usable pages in manifest.,2026-07-17T20:23:51.828147
leconstitutionnel,bpt6k6537203,,failed,0,0,,no_usable_pages,known,,,bpt6k6537203: no usable pages in manifest.,2026-07-17T20:23:51.889150
leconstitutionnel,bpt6k653721g,,failed,0,0,,no_usable_pages,known,,,bpt6k653721g: no usable pages in manifest.,2026-07-17T20:23:51.998928
leconstitutionnel,bpt6k653722v,,failed,0,0,,no_usable_pages,known,,,bpt6k653722v: no usable pages in manifest.,2026-07-17T20:23:52.121069
leconstitutionnel,bpt6k6537237,,failed,0,0,,no_usable_pages,known,,,bpt6k6537237: no usable pages in manifest.,2026-07-17T20:23:52.243999
leconstitutionnel,bpt6k653724m,,failed,0,0,,no_usable_pages,known,,,bpt6k653724m: no usable pages in manifest.,2026-07-17T20:23:52.327331
leconstitutionnel,bpt6k6537250,,failed,0,0,,no_usable_pages,known,,,bpt6k6537250: no usable pages in manifest.,2026-07-17T20:23:52.409454
leconstitutionnel,bpt6k653726c,,failed,0,0,,no_usable_pages,known,,,bpt6k653726c: no usable pages in manifest.,2026-07-17T20:23:52.490056
leconstitutionnel,bpt6k653727r,,failed,0,0,,no_usable_pages,known,,,bpt6k653727r: no usable pages in manifest.,2026-07-17T20:23:52.601037
leconstitutionnel,bpt6k6537284,,failed,0,0,,no_usable_pages,known,,,bpt6k6537284: no usable pages in manifest.,2026-07-17T20:23:52.678383
leconstitutionnel,bpt6k653729h,,failed,0,0,,no_usable_pages,known,,,bpt6k653729h: no usable pages in manifest.,2026-07-17T20:23:52.755080
leconstitutionnel,bpt6k653730f,,failed,0,0,,no_usable_pages,known,,,bpt6k653730f: no usable pages in manifest.,2026-07-17T20:23:52.830599
leconstitutionnel,bpt6k653731t,,failed,0,0,,no_usable_pages,known,,,bpt6k653731t: no usable pages in manifest.,2026-07-17T20:23:52.903023
leconstitutionnel,bpt6k6537326,,failed,0,0,,no_usable_pages,known,,,bpt6k6537326: no usable pages in manifest.,2026-07-17T20:23:53.075131
leconstitutionnel,bpt6k653733k,,failed,0,0,,no_usable_pages,known,,,bpt6k653733k: no usable pages in manifest.,2026-07-17T20:23:53.180687
leconstitutionnel,bpt6k653734z,,failed,0,0,,no_usable_pages,known,,,bpt6k653734z: no usable pages in manifest.,2026-07-17T20:23:53.259680
leconstitutionnel,bpt6k653735b,,failed,0,0,,no_usable_pages,known,,,bpt6k653735b: no usable pages in manifest.,2026-07-17T20:23:53.358596
leconstitutionnel,bpt6k653736q,,failed,0,0,,no_usable_pages,known,,,bpt6k653736q: no usable pages in manifest.,2026-07-17T20:23:53.448478
leconstitutionnel,bpt6k6537373,,failed,0,0,,no_usable_pages,known,,,bpt6k6537373: no usable pages in manifest.,2026-07-17T20:23:53.525270
leconstitutionnel,bpt6k653738g,,failed,0,0,,no_usable_pages,known,,,bpt6k653738g: no usable pages in manifest.,2026-07-17T20:23:53.678673
leconstitutionnel,bpt6k653739v,,failed,0,0,,no_usable_pages,known,,,bpt6k653739v: no usable pages in manifest.,2026-07-17T20:23:53.763279
leconstitutionnel,bpt6k653740s,,failed,0,0,,no_usable_pages,known,,,bpt6k653740s: no usable pages in manifest.,2026-07-17T20:23:53.844712
leconstitutionnel,bpt6k6537415,,failed,0,0,,no_usable_pages,known,,,bpt6k6537415: no usable pages in manifest.,2026-07-17T20:23:53.948011
leconstitutionnel,bpt6k653742j,,failed,0,0,,no_usable_pages,known,,,bpt6k653742j: no usable pages in manifest.,2026-07-17T20:23:54.038597
leconstitutionnel,bpt6k653743x,,failed,0,0,,no_usable_pages,known,,,bpt6k653743x: no usable pages in manifest.,2026-07-17T20:23:54.095058
leconstitutionnel,bpt6k6537449,,failed,0,0,,no_usable_pages,known,,,bpt6k6537449: no usable pages in manifest.,2026-07-17T20:23:54.167254
leconstitutionnel,bpt6k653745p,,failed,0,0,,no_usable_pages,known,,,bpt6k653745p: no usable pages in manifest.,2026-07-17T20:23:54.252486
leconstitutionnel,bpt6k6537462,,failed,0,0,,no_usable_pages,known,,,bpt6k6537462: no usable pages in manifest.,2026-07-17T20:23:54.318242
leconstitutionnel,bpt6k653747f,,failed,0,0,,no_usable_pages,known,,,bpt6k653747f: no usable pages in manifest.,2026-07-17T20:23:54.402024
leconstitutionnel,bpt6k653748t,,failed,0,0,,no_usable_pages,known,,,bpt6k653748t: no usable pages in manifest.,2026-07-17T20:23:54.494616
leconstitutionnel,bpt6k6537496,,failed,0,0,,no_usable_pages,known,,,bpt6k6537496: no usable pages in manifest.,2026-07-17T20:23:54.566803
leconstitutionnel,bpt6k6537504,,failed,0,0,,no_usable_pages,known,,,bpt6k6537504: no usable pages in manifest.,2026-07-17T20:23:54.704445
leconstitutionnel,bpt6k653751h,,failed,0,0,,no_usable_pages,known,,,bpt6k653751h: no usable pages in manifest.,2026-07-17T20:23:54.799554
leconstitutionnel,bpt6k653752w,,failed,0,0,,no_usable_pages,known,,,bpt6k653752w: no usable pages in manifest.,2026-07-17T20:23:54.880626
leconstitutionnel,bpt6k6537538,,failed,0,0,,no_usable_pages,known,,,bpt6k6537538: no usable pages in manifest.,2026-07-17T20:23:54.977423
leconstitutionnel,bpt6k653754n,,failed,0,0,,no_usable_pages,known,,,bpt6k653754n: no usable pages in manifest.,2026-07-17T20:23:55.092067
leconstitutionnel,bpt6k6537551,,failed,0,0,,no_usable_pages,known,,,bpt6k6537551: no usable pages in manifest.,2026-07-17T20:23:55.171211
leconstitutionnel,bpt6k653756d,,failed,0,0,,no_usable_pages,known,,,bpt6k653756d: no usable pages in manifest.,2026-07-17T20:23:55.258637
leconstitutionnel,bpt6k653757s,,failed,0,0,,no_usable_pages,known,,,bpt6k653757s: no usable pages in manifest.,2026-07-17T20:23:55.378693
leconstitutionnel,bpt6k6537585,,failed,0,0,,no_usable_pages,known,,,bpt6k6537585: no usable pages in manifest.,2026-07-17T20:23:55.464823
leconstitutionnel,bpt6k653759j,,failed,0,0,,no_usable_pages,known,,,bpt6k653759j: no usable pages in manifest.,2026-07-17T20:23:55.546097
leconstitutionnel,bpt6k653760g,,failed,0,0,,no_usable_pages,known,,,bpt6k653760g: no usable pages in manifest.,2026-07-17T20:23:55.669836
leconstitutionnel,bpt6k653761v,,failed,0,0,,no_usable_pages,known,,,bpt6k653761v: no usable pages in manifest.,2026-07-17T20:23:55.770423
leconstitutionnel,bpt6k6537627,,failed,0,0,,no_usable_pages,known,,,bpt6k6537627: no usable pages in manifest.,2026-07-17T20:23:55.843437
leconstitutionnel,bpt6k653763m,,failed,0,0,,no_usable_pages,known,,,bpt6k653763m: no usable pages in manifest.,2026-07-17T20:23:55.906221
leconstitutionnel,bpt6k6537640,,failed,0,0,,no_usable_pages,known,,,bpt6k6537640: no usable pages in manifest.,2026-07-17T20:23:56.019519
leconstitutionnel,bpt6k653765c,,failed,0,0,,no_usable_pages,known,,,bpt6k653765c: no usable pages in manifest.,2026-07-17T20:23:56.110634
leconstitutionnel,bpt6k653766r,,failed,0,0,,no_usable_pages,known,,,bpt6k653766r: no usable pages in manifest.,2026-07-17T20:23:56.182598
leconstitutionnel,bpt6k6537674,,failed,0,0,,no_usable_pages,known,,,bpt6k6537674: no usable pages in manifest.,2026-07-17T20:23:56.269471
leconstitutionnel,bpt6k653768h,,failed,0,0,,no_usable_pages,known,,,bpt6k653768h: no usable pages in manifest.,2026-07-17T20:23:56.390423
leconstitutionnel,bpt6k653769w,,failed,0,0,,no_usable_pages,known,,,bpt6k653769w: no usable pages in manifest.,2026-07-17T20:23:56.499489
leconstitutionnel,bpt6k653770t,,failed,0,0,,no_usable_pages,known,,,bpt6k653770t: no usable pages in manifest.,2026-07-17T20:23:56.579626
leconstitutionnel,bpt6k6537716,,failed,0,0,,no_usable_pages,known,,,bpt6k6537716: no usable pages in manifest.,2026-07-17T20:23:56.668549
leconstitutionnel,bpt6k653772k,,failed,0,0,,no_usable_pages,known,,,bpt6k653772k: no usable pages in manifest.,2026-07-17T20:23:56.790836
leconstitutionnel,bpt6k653773z,,failed,0,0,,no_usable_pages,known,,,bpt6k653773z: no usable pages in manifest.,2026-07-17T20:23:56.874529
leconstitutionnel,bpt6k653774b,,failed,0,0,,no_usable_pages,known,,,bpt6k653774b: no usable pages in manifest.,2026-07-17T20:23:56.952665
leconstitutionnel,bpt6k653775q,,failed,0,0,,no_usable_pages,known,,,bpt6k653775q: no usable pages in manifest.,2026-07-17T20:23:57.027720
leconstitutionnel,bpt6k6537763,,failed,0,0,,no_usable_pages,known,,,bpt6k6537763: no usable pages in manifest.,2026-07-17T20:23:57.103409
leconstitutionnel,bpt6k653777g,,failed,0,0,,no_usable_pages,known,,,bpt6k653777g: no usable pages in manifest.,2026-07-17T20:23:57.228138
leconstitutionnel,bpt6k653778v,,failed,0,0,,no_usable_pages,known,,,bpt6k653778v: no usable pages in manifest.,2026-07-17T20:23:57.311247
leconstitutionnel,bpt6k6537797,,failed,0,0,,no_usable_pages,known,,,bpt6k6537797: no usable pages in manifest.,2026-07-17T20:23:57.412152
leconstitutionnel,bpt6k6537805,,failed,0,0,,no_usable_pages,known,,,bpt6k6537805: no usable pages in manifest.,2026-07-17T20:23:57.535087
leconstitutionnel,bpt6k653781j,,failed,0,0,,no_usable_pages,known,,,bpt6k653781j: no usable pages in manifest.,2026-07-17T20:23:57.655584
leconstitutionnel,bpt6k653782x,,failed,0,0,,no_usable_pages,known,,,bpt6k653782x: no usable pages in manifest.,2026-07-17T20:23:57.750181
leconstitutionnel,bpt6k6537839,,failed,0,0,,no_usable_pages,known,,,bpt6k6537839: no usable pages in manifest.,2026-07-17T20:23:57.907553
leconstitutionnel,bpt6k653784p,,failed,0,0,,no_usable_pages,known,,,bpt6k653784p: no usable pages in manifest.,2026-07-17T20:23:58.034911
leconstitutionnel,bpt6k6537852,,failed,0,0,,no_usable_pages,known,,,bpt6k6537852: no usable pages in manifest.,2026-07-17T20:23:58.128512
leconstitutionnel,bpt6k653786f,,failed,0,0,,no_usable_pages,known,,,bpt6k653786f: no usable pages in manifest.,2026-07-17T20:23:58.220074
leconstitutionnel,bpt6k653787t,,failed,0,0,,no_usable_pages,known,,,bpt6k653787t: no usable pages in manifest.,2026-07-17T20:23:58.285263
leconstitutionnel,bpt6k6537886,,failed,0,0,,no_usable_pages,known,,,bpt6k6537886: no usable pages in manifest.,2026-07-17T20:23:58.397364
leconstitutionnel,bpt6k653789k,,failed,0,0,,no_usable_pages,known,,,bpt6k653789k: no usable pages in manifest.,2026-07-17T20:23:58.507043
leconstitutionnel,bpt6k653790h,,failed,0,0,,no_usable_pages,known,,,bpt6k653790h: no usable pages in manifest.,2026-07-17T20:23:58.587106
leconstitutionnel,bpt6k6537928,,failed,0,0,,no_usable_pages,known,,,bpt6k6537928: no usable pages in manifest.,2026-07-17T20:23:58.668303
leconstitutionnel,bpt6k653791w,,failed,0,0,,no_usable_pages,known,,,bpt6k653791w: no usable pages in manifest.,2026-07-17T20:23:58.774373
leconstitutionnel,bpt6k653793n,,failed,0,0,,no_usable_pages,known,,,bpt6k653793n: no usable pages in manifest.,2026-07-17T20:23:58.898068
leconstitutionnel,bpt6k6537941,,failed,0,0,,no_usable_pages,known,,,bpt6k6537941: no usable pages in manifest.,2026-07-17T20:23:58.995298
leconstitutionnel,bpt6k653795d,,failed,0,0,,no_usable_pages,known,,,bpt6k653795d: no usable pages in manifest.,2026-07-17T20:23:59.022297
leconstitutionnel,bpt6k653796s,,failed,0,0,,no_usable_pages,known,,,bpt6k653796s: no usable pages in manifest.,2026-07-17T20:23:59.086385
leconstitutionnel,bpt6k6537975,,failed,0,0,,no_usable_pages,known,,,bpt6k6537975: no usable pages in manifest.,2026-07-17T20:23:59.175190
leconstitutionnel,bpt6k653798j,,failed,0,0,,no_usable_pages,known,,,bpt6k653798j: no usable pages in manifest.,2026-07-17T20:23:59.262353
leconstitutionnel,bpt6k653799x,,failed,0,0,,no_usable_pages,known,,,bpt6k653799x: no usable pages in manifest.,2026-07-17T20:23:59.404671
leconstitutionnel,bpt6k653800q,,failed,0,0,,no_usable_pages,known,,,bpt6k653800q: no usable pages in manifest.,2026-07-17T20:23:59.482716
leconstitutionnel,bpt6k6538013,,failed,0,0,,no_usable_pages,known,,,bpt6k6538013: no usable pages in manifest.,2026-07-17T20:23:59.562443
leconstitutionnel,bpt6k653802g,,failed,0,0,,no_usable_pages,known,,,bpt6k653802g: no usable pages in manifest.,2026-07-17T20:23:59.694901
leconstitutionnel,bpt6k653803v,,failed,0,0,,no_usable_pages,known,,,bpt6k653803v: no usable pages in manifest.,2026-07-17T20:23:59.778998
leconstitutionnel,bpt6k6538047,,failed,0,0,,no_usable_pages,known,,,bpt6k6538047: no usable pages in manifest.,2026-07-17T20:23:59.852245
leconstitutionnel,bpt6k653805m,,failed,0,0,,no_usable_pages,known,,,bpt6k653805m: no usable pages in manifest.,2026-07-17T20:23:59.940039
leconstitutionnel,bpt6k6538060,,failed,0,0,,no_usable_pages,known,,,bpt6k6538060: no usable pages in manifest.,2026-07-17T20:24:00.021285
leconstitutionnel,bpt6k653807c,,failed,0,0,,no_usable_pages,known,,,bpt6k653807c: no usable pages in manifest.,2026-07-17T20:24:00.114824
leconstitutionnel,bpt6k653808r,,failed,0,0,,no_usable_pages,known,,,bpt6k653808r: no usable pages in manifest.,2026-07-17T20:24:00.199945
leconstitutionnel,bpt6k6538094,,failed,0,0,,no_usable_pages,known,,,bpt6k6538094: no usable pages in manifest.,2026-07-17T20:24:00.301104
leconstitutionnel,bpt6k6538102,,failed,0,0,,no_usable_pages,known,,,bpt6k6538102: no usable pages in manifest.,2026-07-17T20:24:00.382338
leconstitutionnel,bpt6k653811f,,failed,0,0,,no_usable_pages,known,,,bpt6k653811f: no usable pages in manifest.,2026-07-17T20:24:00.480480
leconstitutionnel,bpt6k653812t,,failed,0,0,,no_usable_pages,known,,,bpt6k653812t: no usable pages in manifest.,2026-07-17T20:24:00.572150
leconstitutionnel,bpt6k6538136,,failed,0,0,,no_usable_pages,known,,,bpt6k6538136: no usable pages in manifest.,2026-07-17T20:24:00.723744
leconstitutionnel,bpt6k653814k,,failed,0,0,,no_usable_pages,known,,,bpt6k653814k: no usable pages in manifest.,2026-07-17T20:24:00.826474
leconstitutionnel,bpt6k653815z,,failed,0,0,,no_usable_pages,known,,,bpt6k653815z: no usable pages in manifest.,2026-07-17T20:24:00.908346
leconstitutionnel,bpt6k653816b,,failed,0,0,,no_usable_pages,known,,,bpt6k653816b: no usable pages in manifest.,2026-07-17T20:24:01.014735
leconstitutionnel,bpt6k653817q,,failed,0,0,,no_usable_pages,known,,,bpt6k653817q: no usable pages in manifest.,2026-07-17T20:24:01.104484
leconstitutionnel,bpt6k6538183,,failed,0,0,,no_usable_pages,known,,,bpt6k6538183: no usable pages in manifest.,2026-07-17T20:24:01.203006
leconstitutionnel,bpt6k653819g,,failed,0,0,,no_usable_pages,known,,,bpt6k653819g: no usable pages in manifest.,2026-07-17T20:24:01.305493
leconstitutionnel,bpt6k653820d,,failed,0,0,,no_usable_pages,known,,,bpt6k653820d: no usable pages in manifest.,2026-07-17T20:24:01.399613
leconstitutionnel,bpt6k653821s,,failed,0,0,,no_usable_pages,known,,,bpt6k653821s: no usable pages in manifest.,2026-07-17T20:24:01.494356
leconstitutionnel,bpt6k6538225,,failed,0,0,,no_usable_pages,known,,,bpt6k6538225: no usable pages in manifest.,2026-07-17T20:24:01.595154
leconstitutionnel,bpt6k653823j,,failed,0,0,,no_usable_pages,known,,,bpt6k653823j: no usable pages in manifest.,2026-07-17T20:24:01.749183
leconstitutionnel,bpt6k653824x,,failed,0,0,,no_usable_pages,known,,,bpt6k653824x: no usable pages in manifest.,2026-07-17T20:24:01.857015
leconstitutionnel,bpt6k6538259,,failed,0,0,,no_usable_pages,known,,,bpt6k6538259: no usable pages in manifest.,2026-07-17T20:24:01.959818
leconstitutionnel,bpt6k653826p,,failed,0,0,,no_usable_pages,known,,,bpt6k653826p: no usable pages in manifest.,2026-07-17T20:24:02.090077
leconstitutionnel,bpt6k6538272,,failed,0,0,,no_usable_pages,known,,,bpt6k6538272: no usable pages in manifest.,2026-07-17T20:24:02.180712
leconstitutionnel,bpt6k653828f,,failed,0,0,,no_usable_pages,known,,,bpt6k653828f: no usable pages in manifest.,2026-07-17T20:24:02.286469
leconstitutionnel,bpt6k653829t,,failed,0,0,,no_usable_pages,known,,,bpt6k653829t: no usable pages in manifest.,2026-07-17T20:24:02.432940
leconstitutionnel,bpt6k653830r,,failed,0,0,,no_usable_pages,known,,,bpt6k653830r: no usable pages in manifest.,2026-07-17T20:24:02.549610
leconstitutionnel,bpt6k6538314,,failed,0,0,,no_usable_pages,known,,,bpt6k6538314: no usable pages in manifest.,2026-07-17T20:24:02.691357
leconstitutionnel,bpt6k653832h,,failed,0,0,,no_usable_pages,known,,,bpt6k653832h: no usable pages in manifest.,2026-07-17T20:24:02.793248
leconstitutionnel,bpt6k653833w,,failed,0,0,,no_usable_pages,known,,,bpt6k653833w: no usable pages in manifest.,2026-07-17T20:24:02.889818
leconstitutionnel,bpt6k6538348,,failed,0,0,,no_usable_pages,known,,,bpt6k6538348: no usable pages in manifest.,2026-07-17T20:24:02.983071
leconstitutionnel,bpt6k653835n,,failed,0,0,,no_usable_pages,known,,,bpt6k653835n: no usable pages in manifest.,2026-07-17T20:24:03.169098
leconstitutionnel,bpt6k6538361,,failed,0,0,,no_usable_pages,known,,,bpt6k6538361: no usable pages in manifest.,2026-07-17T20:24:03.255234
leconstitutionnel,bpt6k653837d,,failed,0,0,,no_usable_pages,known,,,bpt6k653837d: no usable pages in manifest.,2026-07-17T20:24:03.328813
leconstitutionnel,bpt6k653838s,,failed,0,0,,no_usable_pages,known,,,bpt6k653838s: no usable pages in manifest.,2026-07-17T20:24:03.427720
leconstitutionnel,bpt6k6538395,,failed,0,0,,no_usable_pages,known,,,bpt6k6538395: no usable pages in manifest.,2026-07-17T20:24:03.518459
leconstitutionnel,bpt6k6538403,,failed,0,0,,no_usable_pages,known,,,bpt6k6538403: no usable pages in manifest.,2026-07-17T20:24:03.634320
leconstitutionnel,bpt6k653841g,,failed,0,0,,no_usable_pages,known,,,bpt6k653841g: no usable pages in manifest.,2026-07-17T20:24:03.735944
leconstitutionnel,bpt6k653842v,,failed,0,0,,no_usable_pages,known,,,bpt6k653842v: no usable pages in manifest.,2026-07-17T20:24:03.836943
leconstitutionnel,bpt6k6538437,,failed,0,0,,no_usable_pages,known,,,bpt6k6538437: no usable pages in manifest.,2026-07-17T20:24:03.914974
leconstitutionnel,bpt6k653844m,,failed,0,0,,no_usable_pages,known,,,bpt6k653844m: no usable pages in manifest.,2026-07-17T20:24:04.033591
leconstitutionnel,bpt6k6538450,,failed,0,0,,no_usable_pages,known,,,bpt6k6538450: no usable pages in manifest.,2026-07-17T20:24:04.135685
leconstitutionnel,bpt6k653846c,,failed,0,0,,no_usable_pages,known,,,bpt6k653846c: no usable pages in manifest.,2026-07-17T20:24:04.264894
leconstitutionnel,bpt6k653847r,,failed,0,0,,no_usable_pages,known,,,bpt6k653847r: no usable pages in manifest.,2026-07-17T20:24:04.396050
leconstitutionnel,bpt6k6538484,,failed,0,0,,no_usable_pages,known,,,bpt6k6538484: no usable pages in manifest.,2026-07-17T20:24:04.492188
leconstitutionnel,bpt6k653849h,,failed,0,0,,no_usable_pages,known,,,bpt6k653849h: no usable pages in manifest.,2026-07-17T20:24:04.572350
leconstitutionnel,bpt6k653850f,,failed,0,0,,no_usable_pages,known,,,bpt6k653850f: no usable pages in manifest.,2026-07-17T20:24:04.676770
leconstitutionnel,bpt6k653851t,,failed,0,0,,no_usable_pages,known,,,bpt6k653851t: no usable pages in manifest.,2026-07-17T20:24:04.746161
leconstitutionnel,bpt6k6538526,,failed,0,0,,no_usable_pages,known,,,bpt6k6538526: no usable pages in manifest.,2026-07-17T20:24:04.826039
leconstitutionnel,bpt6k653853k,,failed,0,0,,no_usable_pages,known,,,bpt6k653853k: no usable pages in manifest.,2026-07-17T20:24:04.888957
leconstitutionnel,bpt6k653854z,,failed,0,0,,no_usable_pages,known,,,bpt6k653854z: no usable pages in manifest.,2026-07-17T20:24:04.997758
leconstitutionnel,bpt6k653855b,,failed,0,0,,no_usable_pages,known,,,bpt6k653855b: no usable pages in manifest.,2026-07-17T20:24:05.090985
leconstitutionnel,bpt6k653856q,,failed,0,0,,no_usable_pages,known,,,bpt6k653856q: no usable pages in manifest.,2026-07-17T20:24:05.178612
leconstitutionnel,bpt6k6538573,,failed,0,0,,no_usable_pages,known,,,bpt6k6538573: no usable pages in manifest.,2026-07-17T20:24:05.285303
leconstitutionnel,bpt6k653858g,,failed,0,0,,no_usable_pages,known,,,bpt6k653858g: no usable pages in manifest.,2026-07-17T20:24:05.349155
leconstitutionnel,bpt6k653859v,,failed,0,0,,no_usable_pages,known,,,bpt6k653859v: no usable pages in manifest.,2026-07-17T20:24:05.415523
leconstitutionnel,bpt6k653860s,,failed,0,0,,no_usable_pages,known,,,bpt6k653860s: no usable pages in manifest.,2026-07-17T20:24:05.541165
leconstitutionnel,bpt6k6538615,,failed,0,0,,no_usable_pages,known,,,bpt6k6538615: no usable pages in manifest.,2026-07-17T20:24:05.633828
leconstitutionnel,bpt6k653862j,,failed,0,0,,no_usable_pages,known,,,bpt6k653862j: no usable pages in manifest.,2026-07-17T20:24:05.729188
leconstitutionnel,bpt6k653863x,,failed,0,0,,no_usable_pages,known,,,bpt6k653863x: no usable pages in manifest.,2026-07-17T20:24:05.842063
leconstitutionnel,bpt6k6538649,,failed,0,0,,no_usable_pages,known,,,bpt6k6538649: no usable pages in manifest.,2026-07-17T20:24:05.928928
leconstitutionnel,bpt6k653865p,,failed,0,0,,no_usable_pages,known,,,bpt6k653865p: no usable pages in manifest.,2026-07-17T20:24:06.006286
leconstitutionnel,bpt6k6538662,,failed,0,0,,no_usable_pages,known,,,bpt6k6538662: no usable pages in manifest.,2026-07-17T20:24:06.090626
leconstitutionnel,bpt6k653867f,,failed,0,0,,no_usable_pages,known,,,bpt6k653867f: no usable pages in manifest.,2026-07-17T20:24:06.162470
leconstitutionnel,bpt6k653868t,,failed,0,0,,no_usable_pages,known,,,bpt6k653868t: no usable pages in manifest.,2026-07-17T20:24:06.253739
leconstitutionnel,bpt6k6538696,,failed,0,0,,no_usable_pages,known,,,bpt6k6538696: no usable pages in manifest.,2026-07-17T20:24:06.403957
leconstitutionnel,bpt6k6538704,,failed,0,0,,no_usable_pages,known,,,bpt6k6538704: no usable pages in manifest.,2026-07-17T20:24:06.513410
leconstitutionnel,bpt6k653871h,,failed,0,0,,no_usable_pages,known,,,bpt6k653871h: no usable pages in manifest.,2026-07-17T20:24:06.655456
leconstitutionnel,bpt6k653872w,,failed,0,0,,no_usable_pages,known,,,bpt6k653872w: no usable pages in manifest.,2026-07-17T20:24:06.747545
leconstitutionnel,bpt6k6538738,,failed,0,0,,no_usable_pages,known,,,bpt6k6538738: no usable pages in manifest.,2026-07-17T20:24:06.818886
leconstitutionnel,bpt6k653874n,,failed,0,0,,no_usable_pages,known,,,bpt6k653874n: no usable pages in manifest.,2026-07-17T20:24:06.914629
leconstitutionnel,bpt6k6538751,,failed,0,0,,no_usable_pages,known,,,bpt6k6538751: no usable pages in manifest.,2026-07-17T20:24:07.024191
leconstitutionnel,bpt6k653876d,,failed,0,0,,no_usable_pages,known,,,bpt6k653876d: no usable pages in manifest.,2026-07-17T20:24:07.116852
leconstitutionnel,bpt6k653877s,,failed,0,0,,no_usable_pages,known,,,bpt6k653877s: no usable pages in manifest.,2026-07-17T20:24:07.205628
leconstitutionnel,bpt6k6538785,,failed,0,0,,no_usable_pages,known,,,bpt6k6538785: no usable pages in manifest.,2026-07-17T20:24:07.303152
leconstitutionnel,bpt6k653879j,,failed,0,0,,no_usable_pages,known,,,bpt6k653879j: no usable pages in manifest.,2026-07-17T20:24:07.449439
leconstitutionnel,bpt6k653880g,,failed,0,0,,no_usable_pages,known,,,bpt6k653880g: no usable pages in manifest.,2026-07-17T20:24:07.590678
leconstitutionnel,bpt6k653881v,,failed,0,0,,no_usable_pages,known,,,bpt6k653881v: no usable pages in manifest.,2026-07-17T20:24:07.731257
leconstitutionnel,bpt6k6538827,,failed,0,0,,no_usable_pages,known,,,bpt6k6538827: no usable pages in manifest.,2026-07-17T20:24:07.838696
leconstitutionnel,bpt6k653883m,,failed,0,0,,no_usable_pages,known,,,bpt6k653883m: no usable pages in manifest.,2026-07-17T20:24:07.948773
leconstitutionnel,bpt6k6538840,,failed,0,0,,no_usable_pages,known,,,bpt6k6538840: no usable pages in manifest.,2026-07-17T20:24:08.044631
leconstitutionnel,bpt6k653885c,,failed,0,0,,no_usable_pages,known,,,bpt6k653885c: no usable pages in manifest.,2026-07-17T20:24:08.140548
leconstitutionnel,bpt6k653886r,,failed,0,0,,no_usable_pages,known,,,bpt6k653886r: no usable pages in manifest.,2026-07-17T20:24:08.239993
leconstitutionnel,bpt6k6538874,,failed,0,0,,no_usable_pages,known,,,bpt6k6538874: no usable pages in manifest.,2026-07-17T20:24:08.355814
leconstitutionnel,bpt6k653888h,,failed,0,0,,no_usable_pages,known,,,bpt6k653888h: no usable pages in manifest.,2026-07-17T20:24:08.432114
leconstitutionnel,bpt6k653889w,,failed,0,0,,no_usable_pages,known,,,bpt6k653889w: no usable pages in manifest.,2026-07-17T20:24:08.539454
leconstitutionnel,bpt6k653890t,,failed,0,0,,no_usable_pages,known,,,bpt6k653890t: no usable pages in manifest.,2026-07-17T20:24:08.646671
leconstitutionnel,bpt6k6538916,,failed,0,0,,no_usable_pages,known,,,bpt6k6538916: no usable pages in manifest.,2026-07-17T20:24:08.738662
leconstitutionnel,bpt6k653892k,,failed,0,0,,no_usable_pages,known,,,bpt6k653892k: no usable pages in manifest.,2026-07-17T20:24:08.862118
leconstitutionnel,bpt6k653893z,,failed,0,0,,no_usable_pages,known,,,bpt6k653893z: no usable pages in manifest.,2026-07-17T20:24:08.958641
leconstitutionnel,bpt6k653894b,,failed,0,0,,no_usable_pages,known,,,bpt6k653894b: no usable pages in manifest.,2026-07-17T20:24:09.076956
leconstitutionnel,bpt6k653895q,,failed,0,0,,no_usable_pages,known,,,bpt6k653895q: no usable pages in manifest.,2026-07-17T20:24:09.162845
leconstitutionnel,bpt6k6538963,,failed,0,0,,no_usable_pages,known,,,bpt6k6538963: no usable pages in manifest.,2026-07-17T20:24:09.265565
leconstitutionnel,bpt6k653897g,,failed,0,0,,no_usable_pages,known,,,bpt6k653897g: no usable pages in manifest.,2026-07-17T20:24:09.372461
leconstitutionnel,bpt6k653898v,,failed,0,0,,no_usable_pages,known,,,bpt6k653898v: no usable pages in manifest.,2026-07-17T20:24:09.495340
leconstitutionnel,bpt6k6538997,,failed,0,0,,no_usable_pages,known,,,bpt6k6538997: no usable pages in manifest.,2026-07-17T20:24:09.579011
leconstitutionnel,bpt6k6539001,,failed,0,0,,no_usable_pages,known,,,bpt6k6539001: no usable pages in manifest.,2026-07-17T20:24:09.690318
leconstitutionnel,bpt6k653901d,,failed,0,0,,no_usable_pages,known,,,bpt6k653901d: no usable pages in manifest.,2026-07-17T20:24:09.819503
leconstitutionnel,bpt6k653902s,,failed,0,0,,no_usable_pages,known,,,bpt6k653902s: no usable pages in manifest.,2026-07-17T20:24:09.991281
leconstitutionnel,bpt6k6539035,,failed,0,0,,no_usable_pages,known,,,bpt6k6539035: no usable pages in manifest.,2026-07-17T20:24:10.108062
leconstitutionnel,bpt6k653904j,,failed,0,0,,no_usable_pages,known,,,bpt6k653904j: no usable pages in manifest.,2026-07-17T20:24:10.210009
leconstitutionnel,bpt6k653905x,,failed,0,0,,no_usable_pages,known,,,bpt6k653905x: no usable pages in manifest.,2026-07-17T20:24:10.314221
leconstitutionnel,bpt6k6539069,,failed,0,0,,no_usable_pages,known,,,bpt6k6539069: no usable pages in manifest.,2026-07-17T20:24:10.438513
leconstitutionnel,bpt6k653907p,,failed,0,0,,no_usable_pages,known,,,bpt6k653907p: no usable pages in manifest.,2026-07-17T20:24:10.552425
leconstitutionnel,bpt6k6539082,,failed,0,0,,no_usable_pages,known,,,bpt6k6539082: no usable pages in manifest.,2026-07-17T20:24:10.661984
leconstitutionnel,bpt6k653909f,,failed,0,0,,no_usable_pages,known,,,bpt6k653909f: no usable pages in manifest.,2026-07-17T20:24:10.849151
leconstitutionnel,bpt6k653910c,,failed,0,0,,no_usable_pages,known,,,bpt6k653910c: no usable pages in manifest.,2026-07-17T20:24:10.958200
leconstitutionnel,bpt6k653911r,,failed,0,0,,no_usable_pages,known,,,bpt6k653911r: no usable pages in manifest.,2026-07-17T20:24:11.066131
leconstitutionnel,bpt6k6539124,,failed,0,0,,no_usable_pages,known,,,bpt6k6539124: no usable pages in manifest.,2026-07-17T20:24:11.159036
leconstitutionnel,bpt6k653913h,,failed,0,0,,no_usable_pages,known,,,bpt6k653913h: no usable pages in manifest.,2026-07-17T20:24:11.227553
leconstitutionnel,bpt6k653914w,,failed,0,0,,no_usable_pages,known,,,bpt6k653914w: no usable pages in manifest.,2026-07-17T20:24:11.309960
leconstitutionnel,bpt6k6539158,,failed,0,0,,no_usable_pages,known,,,bpt6k6539158: no usable pages in manifest.,2026-07-17T20:24:11.380094
leconstitutionnel,bpt6k653916n,,failed,0,0,,no_usable_pages,known,,,bpt6k653916n: no usable pages in manifest.,2026-07-17T20:24:11.435068
leconstitutionnel,bpt6k6539171,,failed,0,0,,no_usable_pages,known,,,bpt6k6539171: no usable pages in manifest.,2026-07-17T20:24:11.524120
leconstitutionnel,bpt6k653918d,,failed,0,0,,no_usable_pages,known,,,bpt6k653918d: no usable pages in manifest.,2026-07-17T20:24:11.644270
leconstitutionnel,bpt6k653919s,,failed,0,0,,no_usable_pages,known,,,bpt6k653919s: no usable pages in manifest.,2026-07-17T20:24:11.717564
leconstitutionnel,bpt6k653920q,,failed,0,0,,no_usable_pages,known,,,bpt6k653920q: no usable pages in manifest.,2026-07-17T20:24:11.806417
leconstitutionnel,bpt6k6539213,,failed,0,0,,no_usable_pages,known,,,bpt6k6539213: no usable pages in manifest.,2026-07-17T20:24:11.912888
leconstitutionnel,bpt6k653922g,,failed,0,0,,no_usable_pages,known,,,bpt6k653922g: no usable pages in manifest.,2026-07-17T20:24:11.998455
leconstitutionnel,bpt6k653923v,,failed,0,0,,no_usable_pages,known,,,bpt6k653923v: no usable pages in manifest.,2026-07-17T20:24:12.071114
leconstitutionnel,bpt6k6539247,,failed,0,0,,no_usable_pages,known,,,bpt6k6539247: no usable pages in manifest.,2026-07-17T20:24:12.156384
leconstitutionnel,bpt6k653925m,,failed,0,0,,no_usable_pages,known,,,bpt6k653925m: no usable pages in manifest.,2026-07-17T20:24:12.229414
leconstitutionnel,bpt6k6539260,,failed,0,0,,no_usable_pages,known,,,bpt6k6539260: no usable pages in manifest.,2026-07-17T20:24:12.309334
leconstitutionnel,bpt6k653927c,,failed,0,0,,no_usable_pages,known,,,bpt6k653927c: no usable pages in manifest.,2026-07-17T20:24:12.425009
leconstitutionnel,bpt6k653928r,,failed,0,0,,no_usable_pages,known,,,bpt6k653928r: no usable pages in manifest.,2026-07-17T20:24:12.510031
leconstitutionnel,bpt6k6539294,,failed,0,0,,no_usable_pages,known,,,bpt6k6539294: no usable pages in manifest.,2026-07-17T20:24:12.611682
leconstitutionnel,bpt6k6539302,,failed,0,0,,no_usable_pages,known,,,bpt6k6539302: no usable pages in manifest.,2026-07-17T20:24:12.765736
leconstitutionnel,bpt6k653931f,,failed,0,0,,no_usable_pages,known,,,bpt6k653931f: no usable pages in manifest.,2026-07-17T20:24:12.832022
leconstitutionnel,bpt6k653932t,,failed,0,0,,no_usable_pages,known,,,bpt6k653932t: no usable pages in manifest.,2026-07-17T20:24:12.933160
leconstitutionnel,bpt6k653934k,,failed,0,0,,no_usable_pages,known,,,bpt6k653934k: no usable pages in manifest.,2026-07-17T20:24:13.029137
leconstitutionnel,bpt6k6539336,,failed,0,0,,no_usable_pages,known,,,bpt6k6539336: no usable pages in manifest.,2026-07-17T20:24:13.099557
leconstitutionnel,bpt6k653935z,,failed,0,0,,no_usable_pages,known,,,bpt6k653935z: no usable pages in manifest.,2026-07-17T20:24:13.183757
leconstitutionnel,bpt6k653937q,,failed,0,0,,no_usable_pages,known,,,bpt6k653937q: no usable pages in manifest.,2026-07-17T20:24:13.282312
leconstitutionnel,bpt6k653936b,,failed,0,0,,no_usable_pages,known,,,bpt6k653936b: no usable pages in manifest.,2026-07-17T20:24:13.390265
leconstitutionnel,bpt6k6539383,,failed,0,0,,no_usable_pages,known,,,bpt6k6539383: no usable pages in manifest.,2026-07-17T20:24:13.457409
leconstitutionnel,bpt6k653939g,,failed,0,0,,no_usable_pages,known,,,bpt6k653939g: no usable pages in manifest.,2026-07-17T20:24:13.522249
leconstitutionnel,bpt6k653941s,,failed,0,0,,no_usable_pages,known,,,bpt6k653941s: no usable pages in manifest.,2026-07-17T20:24:13.594215
leconstitutionnel,bpt6k653940d,,failed,0,0,,no_usable_pages,known,,,bpt6k653940d: no usable pages in manifest.,2026-07-17T20:24:13.702692
leconstitutionnel,bpt6k6539425,,failed,0,0,,no_usable_pages,known,,,bpt6k6539425: no usable pages in manifest.,2026-07-17T20:24:13.797691
leconstitutionnel,bpt6k653943j,,failed,0,0,,no_usable_pages,known,,,bpt6k653943j: no usable pages in manifest.,2026-07-17T20:24:13.866394
leconstitutionnel,bpt6k653944x,,failed,0,0,,no_usable_pages,known,,,bpt6k653944x: no usable pages in manifest.,2026-07-17T20:24:13.971542
leconstitutionnel,bpt6k6539459,,failed,0,0,,no_usable_pages,known,,,bpt6k6539459: no usable pages in manifest.,2026-07-17T20:24:14.060295
leconstitutionnel,bpt6k653946p,,failed,0,0,,no_usable_pages,known,,,bpt6k653946p: no usable pages in manifest.,2026-07-17T20:24:14.185560
leconstitutionnel,bpt6k6539472,,failed,0,0,,no_usable_pages,known,,,bpt6k6539472: no usable pages in manifest.,2026-07-17T20:24:14.268574
leconstitutionnel,bpt6k653948f,,failed,0,0,,no_usable_pages,known,,,bpt6k653948f: no usable pages in manifest.,2026-07-17T20:24:14.378538
leconstitutionnel,bpt6k653949t,,failed,0,0,,no_usable_pages,known,,,bpt6k653949t: no usable pages in manifest.,2026-07-17T20:24:14.487681
leconstitutionnel,bpt6k653950r,,failed,0,0,,no_usable_pages,known,,,bpt6k653950r: no usable pages in manifest.,2026-07-17T20:24:14.636010
leconstitutionnel,bpt6k6539514,,failed,0,0,,no_usable_pages,known,,,bpt6k6539514: no usable pages in manifest.,2026-07-17T20:24:14.736313
leconstitutionnel,bpt6k653952h,,failed,0,0,,no_usable_pages,known,,,bpt6k653952h: no usable pages in manifest.,2026-07-17T20:24:14.855236
leconstitutionnel,bpt6k653953w,,failed,0,0,,no_usable_pages,known,,,bpt6k653953w: no usable pages in manifest.,2026-07-17T20:24:15.018487
leconstitutionnel,bpt6k6539548,,failed,0,0,,no_usable_pages,known,,,bpt6k6539548: no usable pages in manifest.,2026-07-17T20:24:15.141214
leconstitutionnel,bpt6k653955n,,failed,0,0,,no_usable_pages,known,,,bpt6k653955n: no usable pages in manifest.,2026-07-17T20:24:15.229248
leconstitutionnel,bpt6k6539561,,failed,0,0,,no_usable_pages,known,,,bpt6k6539561: no usable pages in manifest.,2026-07-17T20:24:15.308703
leconstitutionnel,bpt6k653957d,,failed,0,0,,no_usable_pages,known,,,bpt6k653957d: no usable pages in manifest.,2026-07-17T20:24:15.385146
leconstitutionnel,bpt6k653958s,,failed,0,0,,no_usable_pages,known,,,bpt6k653958s: no usable pages in manifest.,2026-07-17T20:24:15.480252
leconstitutionnel,bpt6k6539595,,failed,0,0,,no_usable_pages,known,,,bpt6k6539595: no usable pages in manifest.,2026-07-17T20:24:15.577645
leconstitutionnel,bpt6k6539603,,failed,0,0,,no_usable_pages,known,,,bpt6k6539603: no usable pages in manifest.,2026-07-17T20:24:15.708511
leconstitutionnel,bpt6k653961g,,failed,0,0,,no_usable_pages,known,,,bpt6k653961g: no usable pages in manifest.,2026-07-17T20:24:15.789511
leconstitutionnel,bpt6k653962v,,failed,0,0,,no_usable_pages,known,,,bpt6k653962v: no usable pages in manifest.,2026-07-17T20:24:15.912763
leconstitutionnel,bpt6k6539637,,failed,0,0,,no_usable_pages,known,,,bpt6k6539637: no usable pages in manifest.,2026-07-17T20:24:16.013870
leconstitutionnel,bpt6k653964m,,failed,0,0,,no_usable_pages,known,,,bpt6k653964m: no usable pages in manifest.,2026-07-17T20:24:16.092430
leconstitutionnel,bpt6k6539650,,failed,0,0,,no_usable_pages,known,,,bpt6k6539650: no usable pages in manifest.,2026-07-17T20:24:16.196493
leconstitutionnel,bpt6k653966c,,failed,0,0,,no_usable_pages,known,,,bpt6k653966c: no usable pages in manifest.,2026-07-17T20:24:16.265316
leconstitutionnel,bpt6k653967r,,failed,0,0,,no_usable_pages,known,,,bpt6k653967r: no usable pages in manifest.,2026-07-17T20:24:16.339449
leconstitutionnel,bpt6k6539684,,failed,0,0,,no_usable_pages,known,,,bpt6k6539684: no usable pages in manifest.,2026-07-17T20:24:16.430775
leconstitutionnel,bpt6k653969h,,failed,0,0,,no_usable_pages,known,,,bpt6k653969h: no usable pages in manifest.,2026-07-17T20:24:16.523716
leconstitutionnel,bpt6k653970f,,failed,0,0,,no_usable_pages,known,,,bpt6k653970f: no usable pages in manifest.,2026-07-17T20:24:16.617884
leconstitutionnel,bpt6k653971t,,failed,0,0,,no_usable_pages,known,,,bpt6k653971t: no usable pages in manifest.,2026-07-17T20:24:16.690236
leconstitutionnel,bpt6k6539726,,failed,0,0,,no_usable_pages,known,,,bpt6k6539726: no usable pages in manifest.,2026-07-17T20:24:16.805278
leconstitutionnel,bpt6k653973k,,failed,0,0,,no_usable_pages,known,,,bpt6k653973k: no usable pages in manifest.,2026-07-17T20:24:16.900088
leconstitutionnel,bpt6k653974z,,failed,0,0,,no_usable_pages,known,,,bpt6k653974z: no usable pages in manifest.,2026-07-17T20:24:16.974335
leconstitutionnel,bpt6k653975b,,failed,0,0,,no_usable_pages,known,,,bpt6k653975b: no usable pages in manifest.,2026-07-17T20:24:17.071457
leconstitutionnel,bpt6k653976q,,failed,0,0,,no_usable_pages,known,,,bpt6k653976q: no usable pages in manifest.,2026-07-17T20:24:17.155212
leconstitutionnel,bpt6k6539773,,failed,0,0,,no_usable_pages,known,,,bpt6k6539773: no usable pages in manifest.,2026-07-17T20:24:17.275047
leconstitutionnel,bpt6k653978g,,failed,0,0,,no_usable_pages,known,,,bpt6k653978g: no usable pages in manifest.,2026-07-17T20:24:17.397538
leconstitutionnel,bpt6k653979v,,failed,0,0,,no_usable_pages,known,,,bpt6k653979v: no usable pages in manifest.,2026-07-17T20:24:17.532724
leconstitutionnel,bpt6k653980s,,failed,0,0,,no_usable_pages,known,,,bpt6k653980s: no usable pages in manifest.,2026-07-17T20:24:17.669773
leconstitutionnel,bpt6k6539815,,failed,0,0,,no_usable_pages,known,,,bpt6k6539815: no usable pages in manifest.,2026-07-17T20:24:17.769048
leconstitutionnel,bpt6k653982j,,failed,0,0,,no_usable_pages,known,,,bpt6k653982j: no usable pages in manifest.,2026-07-17T20:24:17.856246
leconstitutionnel,bpt6k653983x,,failed,0,0,,no_usable_pages,known,,,bpt6k653983x: no usable pages in manifest.,2026-07-17T20:24:17.985671
leconstitutionnel,bpt6k6539849,,failed,0,0,,no_usable_pages,known,,,bpt6k6539849: no usable pages in manifest.,2026-07-17T20:24:18.097727
leconstitutionnel,bpt6k653985p,,failed,0,0,,no_usable_pages,known,,,bpt6k653985p: no usable pages in manifest.,2026-07-17T20:24:18.190919
leconstitutionnel,bpt6k6539862,,failed,0,0,,no_usable_pages,known,,,bpt6k6539862: no usable pages in manifest.,2026-07-17T20:24:18.356704
leconstitutionnel,bpt6k653987f,,failed,0,0,,no_usable_pages,known,,,bpt6k653987f: no usable pages in manifest.,2026-07-17T20:24:18.440121
leconstitutionnel,bpt6k653988t,,failed,0,0,,no_usable_pages,known,,,bpt6k653988t: no usable pages in manifest.,2026-07-17T20:24:18.566129
leconstitutionnel,bpt6k6539896,,failed,0,0,,no_usable_pages,known,,,bpt6k6539896: no usable pages in manifest.,2026-07-17T20:24:18.662663
leconstitutionnel,bpt6k6539904,,failed,0,0,,no_usable_pages,known,,,bpt6k6539904: no usable pages in manifest.,2026-07-17T20:24:18.770889
leconstitutionnel,bpt6k653991h,,failed,0,0,,no_usable_pages,known,,,bpt6k653991h: no usable pages in manifest.,2026-07-17T20:24:18.876920
leconstitutionnel,bpt6k653992w,,failed,0,0,,no_usable_pages,known,,,bpt6k653992w: no usable pages in manifest.,2026-07-17T20:24:19.003933
leconstitutionnel,bpt6k6539938,,failed,0,0,,no_usable_pages,known,,,bpt6k6539938: no usable pages in manifest.,2026-07-17T20:24:19.136577
leconstitutionnel,bpt6k6539951,,failed,0,0,,no_usable_pages,known,,,bpt6k6539951: no usable pages in manifest.,2026-07-17T20:24:19.235656
leconstitutionnel,bpt6k653994n,,failed,0,0,,no_usable_pages,known,,,bpt6k653994n: no usable pages in manifest.,2026-07-17T20:24:19.388996
leconstitutionnel,bpt6k653996d,,failed,0,0,,no_usable_pages,known,,,bpt6k653996d: no usable pages in manifest.,2026-07-17T20:24:19.506412
leconstitutionnel,bpt6k653997s,,failed,0,0,,no_usable_pages,known,,,bpt6k653997s: no usable pages in manifest.,2026-07-17T20:24:19.613957
leconstitutionnel,bpt6k6539985,,failed,0,0,,no_usable_pages,known,,,bpt6k6539985: no usable pages in manifest.,2026-07-17T20:24:19.702676
leconstitutionnel,bpt6k653999j,,failed,0,0,,no_usable_pages,known,,,bpt6k653999j: no usable pages in manifest.,2026-07-17T20:24:19.792376
leconstitutionnel,bpt6k654000h,,failed,0,0,,no_usable_pages,known,,,bpt6k654000h: no usable pages in manifest.,2026-07-17T20:24:19.884997
leconstitutionnel,bpt6k654001w,,failed,0,0,,no_usable_pages,known,,,bpt6k654001w: no usable pages in manifest.,2026-07-17T20:24:19.971197
leconstitutionnel,bpt6k6540028,,failed,0,0,,no_usable_pages,known,,,bpt6k6540028: no usable pages in manifest.,2026-07-17T20:24:20.117411
leconstitutionnel,bpt6k654003n,,failed,0,0,,no_usable_pages,known,,,bpt6k654003n: no usable pages in manifest.,2026-07-17T20:24:20.218179
leconstitutionnel,bpt6k6540041,,failed,0,0,,no_usable_pages,known,,,bpt6k6540041: no usable pages in manifest.,2026-07-17T20:24:20.306045
leconstitutionnel,bpt6k654005d,,failed,0,0,,no_usable_pages,known,,,bpt6k654005d: no usable pages in manifest.,2026-07-17T20:24:20.400135
leconstitutionnel,bpt6k654006s,,failed,0,0,,no_usable_pages,known,,,bpt6k654006s: no usable pages in manifest.,2026-07-17T20:24:20.453673
leconstitutionnel,bpt6k6540075,,failed,0,0,,no_usable_pages,known,,,bpt6k6540075: no usable pages in manifest.,2026-07-17T20:24:20.539328
leconstitutionnel,bpt6k654008j,,failed,0,0,,no_usable_pages,known,,,bpt6k654008j: no usable pages in manifest.,2026-07-17T20:24:20.629536
leconstitutionnel,bpt6k654009x,,failed,0,0,,no_usable_pages,known,,,bpt6k654009x: no usable pages in manifest.,2026-07-17T20:24:20.708939
leconstitutionnel,bpt6k654010v,,failed,0,0,,no_usable_pages,known,,,bpt6k654010v: no usable pages in manifest.,2026-07-17T20:24:20.781436
leconstitutionnel,bpt6k6540117,,failed,0,0,,no_usable_pages,known,,,bpt6k6540117: no usable pages in manifest.,2026-07-17T20:24:20.866009
leconstitutionnel,bpt6k654012m,,failed,0,0,,no_usable_pages,known,,,bpt6k654012m: no usable pages in manifest.,2026-07-17T20:24:20.936165
leconstitutionnel,bpt6k6540130,,failed,0,0,,no_usable_pages,known,,,bpt6k6540130: no usable pages in manifest.,2026-07-17T20:24:21.038431
leconstitutionnel,bpt6k654014c,,failed,0,0,,no_usable_pages,known,,,bpt6k654014c: no usable pages in manifest.,2026-07-17T20:24:21.154834
leconstitutionnel,bpt6k654015r,,failed,0,0,,no_usable_pages,known,,,bpt6k654015r: no usable pages in manifest.,2026-07-17T20:24:21.286072
leconstitutionnel,bpt6k6540164,,failed,0,0,,no_usable_pages,known,,,bpt6k6540164: no usable pages in manifest.,2026-07-17T20:24:21.372884
leconstitutionnel,bpt6k654017h,,failed,0,0,,no_usable_pages,known,,,bpt6k654017h: no usable pages in manifest.,2026-07-17T20:24:21.491672
leconstitutionnel,bpt6k654018w,,failed,0,0,,no_usable_pages,known,,,bpt6k654018w: no usable pages in manifest.,2026-07-17T20:24:21.607881
leconstitutionnel,bpt6k6540198,,failed,0,0,,no_usable_pages,known,,,bpt6k6540198: no usable pages in manifest.,2026-07-17T20:24:21.718833
leconstitutionnel,bpt6k6540206,,failed,0,0,,no_usable_pages,known,,,bpt6k6540206: no usable pages in manifest.,2026-07-17T20:24:21.805565
leconstitutionnel,bpt6k654021k,,failed,0,0,,no_usable_pages,known,,,bpt6k654021k: no usable pages in manifest.,2026-07-17T20:24:21.903816
leconstitutionnel,bpt6k654022z,,failed,0,0,,no_usable_pages,known,,,bpt6k654022z: no usable pages in manifest.,2026-07-17T20:24:21.975224
leconstitutionnel,bpt6k654023b,,failed,0,0,,no_usable_pages,known,,,bpt6k654023b: no usable pages in manifest.,2026-07-17T20:24:22.085703
leconstitutionnel,bpt6k654024q,,failed,0,0,,no_usable_pages,known,,,bpt6k654024q: no usable pages in manifest.,2026-07-17T20:24:22.203160
leconstitutionnel,bpt6k6540253,,failed,0,0,,no_usable_pages,known,,,bpt6k6540253: no usable pages in manifest.,2026-07-17T20:24:22.301383
leconstitutionnel,bpt6k654026g,,failed,0,0,,no_usable_pages,known,,,bpt6k654026g: no usable pages in manifest.,2026-07-17T20:24:22.380532
leconstitutionnel,bpt6k654027v,,failed,0,0,,no_usable_pages,known,,,bpt6k654027v: no usable pages in manifest.,2026-07-17T20:24:22.471266
leconstitutionnel,bpt6k6540287,,failed,0,0,,no_usable_pages,known,,,bpt6k6540287: no usable pages in manifest.,2026-07-17T20:24:22.547722
leconstitutionnel,bpt6k654029m,,failed,0,0,,no_usable_pages,known,,,bpt6k654029m: no usable pages in manifest.,2026-07-17T20:24:22.623567
leconstitutionnel,bpt6k654030j,,failed,0,0,,no_usable_pages,known,,,bpt6k654030j: no usable pages in manifest.,2026-07-17T20:24:22.690936
leconstitutionnel,bpt6k654031x,,failed,0,0,,no_usable_pages,known,,,bpt6k654031x: no usable pages in manifest.,2026-07-17T20:24:22.799534
leconstitutionnel,bpt6k6540329,,failed,0,0,,no_usable_pages,known,,,bpt6k6540329: no usable pages in manifest.,2026-07-17T20:24:22.905254
leconstitutionnel,bpt6k654033p,,failed,0,0,,no_usable_pages,known,,,bpt6k654033p: no usable pages in manifest.,2026-07-17T20:24:22.995368
leconstitutionnel,bpt6k6540342,,failed,0,0,,no_usable_pages,known,,,bpt6k6540342: no usable pages in manifest.,2026-07-17T20:24:23.157437
leconstitutionnel,bpt6k654035f,,failed,0,0,,no_usable_pages,known,,,bpt6k654035f: no usable pages in manifest.,2026-07-17T20:24:23.320558
leconstitutionnel,bpt6k6540376,,failed,0,0,,no_usable_pages,known,,,bpt6k6540376: no usable pages in manifest.,2026-07-17T20:24:23.409600
leconstitutionnel,bpt6k654036t,,failed,0,0,,no_usable_pages,known,,,bpt6k654036t: no usable pages in manifest.,2026-07-17T20:24:23.504173
leconstitutionnel,bpt6k654038k,,failed,0,0,,no_usable_pages,known,,,bpt6k654038k: no usable pages in manifest.,2026-07-17T20:24:23.611778
leconstitutionnel,bpt6k654039z,,failed,0,0,,no_usable_pages,known,,,bpt6k654039z: no usable pages in manifest.,2026-07-17T20:24:23.704131
leconstitutionnel,bpt6k654040w,,failed,0,0,,no_usable_pages,known,,,bpt6k654040w: no usable pages in manifest.,2026-07-17T20:24:23.829637
leconstitutionnel,bpt6k6540418,,failed,0,0,,no_usable_pages,known,,,bpt6k6540418: no usable pages in manifest.,2026-07-17T20:24:23.940648
leconstitutionnel,bpt6k654042n,,failed,0,0,,no_usable_pages,known,,,bpt6k654042n: no usable pages in manifest.,2026-07-17T20:24:24.036104
leconstitutionnel,bpt6k6540431,,failed,0,0,,no_usable_pages,known,,,bpt6k6540431: no usable pages in manifest.,2026-07-17T20:24:24.136898
leconstitutionnel,bpt6k654044d,,failed,0,0,,no_usable_pages,known,,,bpt6k654044d: no usable pages in manifest.,2026-07-17T20:24:24.220592
leconstitutionnel,bpt6k654045s,,failed,0,0,,no_usable_pages,known,,,bpt6k654045s: no usable pages in manifest.,2026-07-17T20:24:24.319380
leconstitutionnel,bpt6k6540465,,failed,0,0,,no_usable_pages,known,,,bpt6k6540465: no usable pages in manifest.,2026-07-17T20:24:24.424361
leconstitutionnel,bpt6k654047j,,failed,0,0,,no_usable_pages,known,,,bpt6k654047j: no usable pages in manifest.,2026-07-17T20:24:24.510046
leconstitutionnel,bpt6k654048x,,failed,0,0,,no_usable_pages,known,,,bpt6k654048x: no usable pages in manifest.,2026-07-17T20:24:24.635710
leconstitutionnel,bpt6k6540499,,failed,0,0,,no_usable_pages,known,,,bpt6k6540499: no usable pages in manifest.,2026-07-17T20:24:24.727388
leconstitutionnel,bpt6k6540507,,failed,0,0,,no_usable_pages,known,,,bpt6k6540507: no usable pages in manifest.,2026-07-17T20:24:24.845497
leconstitutionnel,bpt6k654051m,,failed,0,0,,no_usable_pages,known,,,bpt6k654051m: no usable pages in manifest.,2026-07-17T20:24:24.942424
leconstitutionnel,bpt6k6540520,,failed,0,0,,no_usable_pages,known,,,bpt6k6540520: no usable pages in manifest.,2026-07-17T20:24:25.036581
leconstitutionnel,bpt6k654053c,,failed,0,0,,no_usable_pages,known,,,bpt6k654053c: no usable pages in manifest.,2026-07-17T20:24:25.122281
leconstitutionnel,bpt6k654054r,,failed,0,0,,no_usable_pages,known,,,bpt6k654054r: no usable pages in manifest.,2026-07-17T20:24:25.203078
leconstitutionnel,bpt6k6540554,,failed,0,0,,no_usable_pages,known,,,bpt6k6540554: no usable pages in manifest.,2026-07-17T20:24:25.293876
leconstitutionnel,bpt6k654056h,,failed,0,0,,no_usable_pages,known,,,bpt6k654056h: no usable pages in manifest.,2026-07-17T20:24:25.396719
leconstitutionnel,bpt6k654057w,,failed,0,0,,no_usable_pages,known,,,bpt6k654057w: no usable pages in manifest.,2026-07-17T20:24:25.493844
leconstitutionnel,bpt6k6540588,,failed,0,0,,no_usable_pages,known,,,bpt6k6540588: no usable pages in manifest.,2026-07-17T20:24:25.572229
leconstitutionnel,bpt6k654059n,,failed,0,0,,no_usable_pages,known,,,bpt6k654059n: no usable pages in manifest.,2026-07-17T20:24:25.673260
leconstitutionnel,bpt6k654060k,,failed,0,0,,no_usable_pages,known,,,bpt6k654060k: no usable pages in manifest.,2026-07-17T20:24:25.755943
leconstitutionnel,bpt6k654061z,,failed,0,0,,no_usable_pages,known,,,bpt6k654061z: no usable pages in manifest.,2026-07-17T20:24:25.832445
leconstitutionnel,bpt6k654062b,,failed,0,0,,no_usable_pages,known,,,bpt6k654062b: no usable pages in manifest.,2026-07-17T20:24:25.902514
leconstitutionnel,bpt6k654063q,,failed,0,0,,no_usable_pages,known,,,bpt6k654063q: no usable pages in manifest.,2026-07-17T20:24:26.023372
leconstitutionnel,bpt6k6540643,,failed,0,0,,no_usable_pages,known,,,bpt6k6540643: no usable pages in manifest.,2026-07-17T20:24:26.118927
leconstitutionnel,bpt6k654065g,,failed,0,0,,no_usable_pages,known,,,bpt6k654065g: no usable pages in manifest.,2026-07-17T20:24:26.188896
leconstitutionnel,bpt6k654066v,,failed,0,0,,no_usable_pages,known,,,bpt6k654066v: no usable pages in manifest.,2026-07-17T20:24:26.280698
leconstitutionnel,bpt6k6540677,,failed,0,0,,no_usable_pages,known,,,bpt6k6540677: no usable pages in manifest.,2026-07-17T20:24:26.379443
leconstitutionnel,bpt6k654068m,,failed,0,0,,no_usable_pages,known,,,bpt6k654068m: no usable pages in manifest.,2026-07-17T20:24:26.471011
leconstitutionnel,bpt6k6540690,,failed,0,0,,no_usable_pages,known,,,bpt6k6540690: no usable pages in manifest.,2026-07-17T20:24:26.561744
leconstitutionnel,bpt6k654070x,,failed,0,0,,no_usable_pages,known,,,bpt6k654070x: no usable pages in manifest.,2026-07-17T20:24:26.693872
leconstitutionnel,bpt6k6540719,,failed,0,0,,no_usable_pages,known,,,bpt6k6540719: no usable pages in manifest.,2026-07-17T20:24:26.798913
leconstitutionnel,bpt6k654072p,,failed,0,0,,no_usable_pages,known,,,bpt6k654072p: no usable pages in manifest.,2026-07-17T20:24:26.935234
leconstitutionnel,bpt6k6540732,,failed,0,0,,no_usable_pages,known,,,bpt6k6540732: no usable pages in manifest.,2026-07-17T20:24:27.018546
leconstitutionnel,bpt6k654074f,,failed,0,0,,no_usable_pages,known,,,bpt6k654074f: no usable pages in manifest.,2026-07-17T20:24:27.129166
leconstitutionnel,bpt6k654075t,,failed,0,0,,no_usable_pages,known,,,bpt6k654075t: no usable pages in manifest.,2026-07-17T20:24:27.271581
leconstitutionnel,bpt6k6540766,,failed,0,0,,no_usable_pages,known,,,bpt6k6540766: no usable pages in manifest.,2026-07-17T20:24:27.346602
leconstitutionnel,bpt6k654077k,,failed,0,0,,no_usable_pages,known,,,bpt6k654077k: no usable pages in manifest.,2026-07-17T20:24:27.459705
leconstitutionnel,bpt6k654078z,,failed,0,0,,no_usable_pages,known,,,bpt6k654078z: no usable pages in manifest.,2026-07-17T20:24:27.624201
leconstitutionnel,bpt6k654079b,,failed,0,0,,no_usable_pages,known,,,bpt6k654079b: no usable pages in manifest.,2026-07-17T20:24:27.724501
leconstitutionnel,bpt6k6540808,,failed,0,0,,no_usable_pages,known,,,bpt6k6540808: no usable pages in manifest.,2026-07-17T20:24:27.830883
leconstitutionnel,bpt6k654081n,,failed,0,0,,no_usable_pages,known,,,bpt6k654081n: no usable pages in manifest.,2026-07-17T20:24:27.939955
leconstitutionnel,bpt6k6540821,,failed,0,0,,no_usable_pages,known,,,bpt6k6540821: no usable pages in manifest.,2026-07-17T20:24:28.034421
leconstitutionnel,bpt6k654083d,,failed,0,0,,no_usable_pages,known,,,bpt6k654083d: no usable pages in manifest.,2026-07-17T20:24:28.108486
leconstitutionnel,bpt6k654084s,,failed,0,0,,no_usable_pages,known,,,bpt6k654084s: no usable pages in manifest.,2026-07-17T20:24:28.233988
leconstitutionnel,bpt6k6540855,,failed,0,0,,no_usable_pages,known,,,bpt6k6540855: no usable pages in manifest.,2026-07-17T20:24:28.292277
leconstitutionnel,bpt6k654086j,,failed,0,0,,no_usable_pages,known,,,bpt6k654086j: no usable pages in manifest.,2026-07-17T20:24:28.356386
leconstitutionnel,bpt6k654087x,,failed,0,0,,no_usable_pages,known,,,bpt6k654087x: no usable pages in manifest.,2026-07-17T20:24:28.449093
leconstitutionnel,bpt6k6540889,,failed,0,0,,no_usable_pages,known,,,bpt6k6540889: no usable pages in manifest.,2026-07-17T20:24:28.546990
leconstitutionnel,bpt6k654089p,,failed,0,0,,no_usable_pages,known,,,bpt6k654089p: no usable pages in manifest.,2026-07-17T20:24:28.689404
leconstitutionnel,bpt6k654090m,,failed,0,0,,no_usable_pages,known,,,bpt6k654090m: no usable pages in manifest.,2026-07-17T20:24:28.770970
leconstitutionnel,bpt6k6540910,,failed,0,0,,no_usable_pages,known,,,bpt6k6540910: no usable pages in manifest.,2026-07-17T20:24:28.861939
leconstitutionnel,bpt6k654092c,,failed,0,0,,no_usable_pages,known,,,bpt6k654092c: no usable pages in manifest.,2026-07-17T20:24:28.986427
leconstitutionnel,bpt6k654093r,,failed,0,0,,no_usable_pages,known,,,bpt6k654093r: no usable pages in manifest.,2026-07-17T20:24:29.093447
leconstitutionnel,bpt6k6540944,,failed,0,0,,no_usable_pages,known,,,bpt6k6540944: no usable pages in manifest.,2026-07-17T20:24:29.175513
leconstitutionnel,bpt6k654095h,,failed,0,0,,no_usable_pages,known,,,bpt6k654095h: no usable pages in manifest.,2026-07-17T20:24:29.276883
leconstitutionnel,bpt6k654096w,,failed,0,0,,no_usable_pages,known,,,bpt6k654096w: no usable pages in manifest.,2026-07-17T20:24:29.381116
leconstitutionnel,bpt6k6540978,,failed,0,0,,no_usable_pages,known,,,bpt6k6540978: no usable pages in manifest.,2026-07-17T20:24:29.450433
leconstitutionnel,bpt6k654098n,,failed,0,0,,no_usable_pages,known,,,bpt6k654098n: no usable pages in manifest.,2026-07-17T20:24:29.520598
leconstitutionnel,bpt6k6540991,,failed,0,0,,no_usable_pages,known,,,bpt6k6540991: no usable pages in manifest.,2026-07-17T20:24:29.614184
leconstitutionnel,bpt6k654100t,,failed,0,0,,no_usable_pages,known,,,bpt6k654100t: no usable pages in manifest.,2026-07-17T20:24:29.728512
leconstitutionnel,bpt6k6541016,,failed,0,0,,no_usable_pages,known,,,bpt6k6541016: no usable pages in manifest.,2026-07-17T20:24:29.823868
leconstitutionnel,bpt6k654102k,,failed,0,0,,no_usable_pages,known,,,bpt6k654102k: no usable pages in manifest.,2026-07-17T20:24:29.917110
leconstitutionnel,bpt6k654103z,,failed,0,0,,no_usable_pages,known,,,bpt6k654103z: no usable pages in manifest.,2026-07-17T20:24:30.004851
leconstitutionnel,bpt6k654104b,,failed,0,0,,no_usable_pages,known,,,bpt6k654104b: no usable pages in manifest.,2026-07-17T20:24:30.086999
leconstitutionnel,bpt6k654105q,,failed,0,0,,no_usable_pages,known,,,bpt6k654105q: no usable pages in manifest.,2026-07-17T20:24:30.170477
leconstitutionnel,bpt6k6541063,,failed,0,0,,no_usable_pages,known,,,bpt6k6541063: no usable pages in manifest.,2026-07-17T20:24:30.263705
leconstitutionnel,bpt6k654107g,,failed,0,0,,no_usable_pages,known,,,bpt6k654107g: no usable pages in manifest.,2026-07-17T20:24:30.341561
leconstitutionnel,bpt6k654108v,,failed,0,0,,no_usable_pages,known,,,bpt6k654108v: no usable pages in manifest.,2026-07-17T20:24:30.393533
leconstitutionnel,bpt6k6541097,,failed,0,0,,no_usable_pages,known,,,bpt6k6541097: no usable pages in manifest.,2026-07-17T20:24:30.457986
leconstitutionnel,bpt6k6541105,,failed,0,0,,no_usable_pages,known,,,bpt6k6541105: no usable pages in manifest.,2026-07-17T20:24:30.534030
leconstitutionnel,bpt6k654111j,,failed,0,0,,no_usable_pages,known,,,bpt6k654111j: no usable pages in manifest.,2026-07-17T20:24:30.630031
leconstitutionnel,bpt6k654112x,,failed,0,0,,no_usable_pages,known,,,bpt6k654112x: no usable pages in manifest.,2026-07-17T20:24:30.780736
leconstitutionnel,bpt6k6541139,,failed,0,0,,no_usable_pages,known,,,bpt6k6541139: no usable pages in manifest.,2026-07-17T20:24:30.863693
leconstitutionnel,bpt6k654114p,,failed,0,0,,no_usable_pages,known,,,bpt6k654114p: no usable pages in manifest.,2026-07-17T20:24:30.962123
leconstitutionnel,bpt6k6541152,,failed,0,0,,no_usable_pages,known,,,bpt6k6541152: no usable pages in manifest.,2026-07-17T20:24:31.049497
leconstitutionnel,bpt6k654116f,,failed,0,0,,no_usable_pages,known,,,bpt6k654116f: no usable pages in manifest.,2026-07-17T20:24:31.127332
leconstitutionnel,bpt6k654117t,,failed,0,0,,no_usable_pages,known,,,bpt6k654117t: no usable pages in manifest.,2026-07-17T20:24:31.195520
leconstitutionnel,bpt6k6541186,,failed,0,0,,no_usable_pages,known,,,bpt6k6541186: no usable pages in manifest.,2026-07-17T20:24:31.265674
leconstitutionnel,bpt6k654119k,,failed,0,0,,no_usable_pages,known,,,bpt6k654119k: no usable pages in manifest.,2026-07-17T20:24:31.333655
leconstitutionnel,bpt6k654120h,,failed,0,0,,no_usable_pages,known,,,bpt6k654120h: no usable pages in manifest.,2026-07-17T20:24:31.429896
leconstitutionnel,bpt6k654121w,,failed,0,0,,no_usable_pages,known,,,bpt6k654121w: no usable pages in manifest.,2026-07-17T20:24:31.517386
leconstitutionnel,bpt6k6541228,,failed,0,0,,no_usable_pages,known,,,bpt6k6541228: no usable pages in manifest.,2026-07-17T20:24:31.599638
leconstitutionnel,bpt6k654123n,,failed,0,0,,no_usable_pages,known,,,bpt6k654123n: no usable pages in manifest.,2026-07-17T20:24:31.679581
leconstitutionnel,bpt6k6541241,,failed,0,0,,no_usable_pages,known,,,bpt6k6541241: no usable pages in manifest.,2026-07-17T20:24:31.798245
leconstitutionnel,bpt6k654125d,,failed,0,0,,no_usable_pages,known,,,bpt6k654125d: no usable pages in manifest.,2026-07-17T20:24:31.917173
leconstitutionnel,bpt6k654126s,,failed,0,0,,no_usable_pages,known,,,bpt6k654126s: no usable pages in manifest.,2026-07-17T20:24:32.026957
leconstitutionnel,bpt6k6541275,,failed,0,0,,no_usable_pages,known,,,bpt6k6541275: no usable pages in manifest.,2026-07-17T20:24:32.120811
leconstitutionnel,bpt6k654128j,,failed,0,0,,no_usable_pages,known,,,bpt6k654128j: no usable pages in manifest.,2026-07-17T20:24:32.238995
leconstitutionnel,bpt6k654129x,,failed,0,0,,no_usable_pages,known,,,bpt6k654129x: no usable pages in manifest.,2026-07-17T20:24:32.313213
leconstitutionnel,bpt6k654130v,,failed,0,0,,no_usable_pages,known,,,bpt6k654130v: no usable pages in manifest.,2026-07-17T20:24:32.387876
leconstitutionnel,bpt6k6541317,,failed,0,0,,no_usable_pages,known,,,bpt6k6541317: no usable pages in manifest.,2026-07-17T20:24:32.460008
leconstitutionnel,bpt6k654132m,,failed,0,0,,no_usable_pages,known,,,bpt6k654132m: no usable pages in manifest.,2026-07-17T20:24:32.538638
leconstitutionnel,bpt6k6541330,,failed,0,0,,no_usable_pages,known,,,bpt6k6541330: no usable pages in manifest.,2026-07-17T20:24:32.654099
leconstitutionnel,bpt6k654134c,,failed,0,0,,no_usable_pages,known,,,bpt6k654134c: no usable pages in manifest.,2026-07-17T20:24:32.740910
leconstitutionnel,bpt6k654135r,,failed,0,0,,no_usable_pages,known,,,bpt6k654135r: no usable pages in manifest.,2026-07-17T20:24:32.909009
leconstitutionnel,bpt6k6541364,,failed,0,0,,no_usable_pages,known,,,bpt6k6541364: no usable pages in manifest.,2026-07-17T20:24:32.999227
leconstitutionnel,bpt6k654137h,,failed,0,0,,no_usable_pages,known,,,bpt6k654137h: no usable pages in manifest.,2026-07-17T20:24:33.078380
leconstitutionnel,bpt6k654138w,,failed,0,0,,no_usable_pages,known,,,bpt6k654138w: no usable pages in manifest.,2026-07-17T20:24:33.152814
leconstitutionnel,bpt6k6541398,,failed,0,0,,no_usable_pages,known,,,bpt6k6541398: no usable pages in manifest.,2026-07-17T20:24:33.257426
leconstitutionnel,bpt6k6541406,,failed,0,0,,no_usable_pages,known,,,bpt6k6541406: no usable pages in manifest.,2026-07-17T20:24:33.357206
leconstitutionnel,bpt6k654141k,,failed,0,0,,no_usable_pages,known,,,bpt6k654141k: no usable pages in manifest.,2026-07-17T20:24:33.468569
leconstitutionnel,bpt6k654142z,,failed,0,0,,no_usable_pages,known,,,bpt6k654142z: no usable pages in manifest.,2026-07-17T20:24:33.551025
leconstitutionnel,bpt6k654143b,,failed,0,0,,no_usable_pages,known,,,bpt6k654143b: no usable pages in manifest.,2026-07-17T20:24:33.716227
leconstitutionnel,bpt6k654144q,,failed,0,0,,no_usable_pages,known,,,bpt6k654144q: no usable pages in manifest.,2026-07-17T20:24:33.998836
leconstitutionnel,bpt6k6541453,,failed,0,0,,no_usable_pages,known,,,bpt6k6541453: no usable pages in manifest.,2026-07-17T20:24:34.110529
leconstitutionnel,bpt6k654146g,,failed,0,0,,no_usable_pages,known,,,bpt6k654146g: no usable pages in manifest.,2026-07-17T20:24:34.197845
leconstitutionnel,bpt6k654147v,,failed,0,0,,no_usable_pages,known,,,bpt6k654147v: no usable pages in manifest.,2026-07-17T20:24:34.285086
leconstitutionnel,bpt6k6541487,,failed,0,0,,no_usable_pages,known,,,bpt6k6541487: no usable pages in manifest.,2026-07-17T20:24:34.378518
leconstitutionnel,bpt6k654149m,,failed,0,0,,no_usable_pages,known,,,bpt6k654149m: no usable pages in manifest.,2026-07-17T20:24:34.463751
leconstitutionnel,bpt6k654150j,,failed,0,0,,no_usable_pages,known,,,bpt6k654150j: no usable pages in manifest.,2026-07-17T20:24:34.555628
leconstitutionnel,bpt6k654151x,,failed,0,0,,no_usable_pages,known,,,bpt6k654151x: no usable pages in manifest.,2026-07-17T20:24:34.645172
leconstitutionnel,bpt6k6541529,,failed,0,0,,no_usable_pages,known,,,bpt6k6541529: no usable pages in manifest.,2026-07-17T20:24:34.715440
leconstitutionnel,bpt6k654153p,,failed,0,0,,no_usable_pages,known,,,bpt6k654153p: no usable pages in manifest.,2026-07-17T20:24:34.798395
leconstitutionnel,bpt6k6541542,,failed,0,0,,no_usable_pages,known,,,bpt6k6541542: no usable pages in manifest.,2026-07-17T20:24:34.885774
leconstitutionnel,bpt6k654155f,,failed,0,0,,no_usable_pages,known,,,bpt6k654155f: no usable pages in manifest.,2026-07-17T20:24:34.994848
leconstitutionnel,bpt6k654156t,,failed,0,0,,no_usable_pages,known,,,bpt6k654156t: no usable pages in manifest.,2026-07-17T20:24:35.114897
leconstitutionnel,bpt6k6541576,,failed,0,0,,no_usable_pages,known,,,bpt6k6541576: no usable pages in manifest.,2026-07-17T20:24:35.200248
leconstitutionnel,bpt6k654158k,,failed,0,0,,no_usable_pages,known,,,bpt6k654158k: no usable pages in manifest.,2026-07-17T20:24:35.266987
leconstitutionnel,bpt6k654159z,,failed,0,0,,no_usable_pages,known,,,bpt6k654159z: no usable pages in manifest.,2026-07-17T20:24:35.348051
leconstitutionnel,bpt6k654160w,,failed,0,0,,no_usable_pages,known,,,bpt6k654160w: no usable pages in manifest.,2026-07-17T20:24:35.425010
leconstitutionnel,bpt6k6541618,,failed,0,0,,no_usable_pages,known,,,bpt6k6541618: no usable pages in manifest.,2026-07-17T20:24:35.488087
leconstitutionnel,bpt6k654162n,,failed,0,0,,no_usable_pages,known,,,bpt6k654162n: no usable pages in manifest.,2026-07-17T20:24:35.566430
leconstitutionnel,bpt6k6541631,,failed,0,0,,no_usable_pages,known,,,bpt6k6541631: no usable pages in manifest.,2026-07-17T20:24:35.643006
leconstitutionnel,bpt6k654164d,,failed,0,0,,no_usable_pages,known,,,bpt6k654164d: no usable pages in manifest.,2026-07-17T20:24:35.727084
leconstitutionnel,bpt6k654165s,,failed,0,0,,no_usable_pages,known,,,bpt6k654165s: no usable pages in manifest.,2026-07-17T20:24:35.799469
leconstitutionnel,bpt6k6541665,,failed,0,0,,no_usable_pages,known,,,bpt6k6541665: no usable pages in manifest.,2026-07-17T20:24:35.888458
leconstitutionnel,bpt6k654167j,,failed,0,0,,no_usable_pages,known,,,bpt6k654167j: no usable pages in manifest.,2026-07-17T20:24:35.995226
leconstitutionnel,bpt6k654168x,,failed,0,0,,no_usable_pages,known,,,bpt6k654168x: no usable pages in manifest.,2026-07-17T20:24:36.078956
leconstitutionnel,bpt6k6541699,,failed,0,0,,no_usable_pages,known,,,bpt6k6541699: no usable pages in manifest.,2026-07-17T20:24:36.221631
leconstitutionnel,bpt6k6541707,,failed,0,0,,no_usable_pages,known,,,bpt6k6541707: no usable pages in manifest.,2026-07-17T20:24:36.294002
leconstitutionnel,bpt6k654171m,,failed,0,0,,no_usable_pages,known,,,bpt6k654171m: no usable pages in manifest.,2026-07-17T20:24:36.359699
leconstitutionnel,bpt6k6541720,,failed,0,0,,no_usable_pages,known,,,bpt6k6541720: no usable pages in manifest.,2026-07-17T20:24:36.444469
leconstitutionnel,bpt6k654173c,,failed,0,0,,no_usable_pages,known,,,bpt6k654173c: no usable pages in manifest.,2026-07-17T20:24:36.530215
leconstitutionnel,bpt6k654174r,,failed,0,0,,no_usable_pages,known,,,bpt6k654174r: no usable pages in manifest.,2026-07-17T20:24:36.606260
leconstitutionnel,bpt6k6541754,,failed,0,0,,no_usable_pages,known,,,bpt6k6541754: no usable pages in manifest.,2026-07-17T20:24:36.675418
leconstitutionnel,bpt6k654176h,,failed,0,0,,no_usable_pages,known,,,bpt6k654176h: no usable pages in manifest.,2026-07-17T20:24:36.737714
leconstitutionnel,bpt6k654177w,,failed,0,0,,no_usable_pages,known,,,bpt6k654177w: no usable pages in manifest.,2026-07-17T20:24:36.805498
leconstitutionnel,bpt6k6541788,,failed,0,0,,no_usable_pages,known,,,bpt6k6541788: no usable pages in manifest.,2026-07-17T20:24:36.880381
leconstitutionnel,bpt6k654179n,,failed,0,0,,no_usable_pages,known,,,bpt6k654179n: no usable pages in manifest.,2026-07-17T20:24:36.965450
leconstitutionnel,bpt6k654180k,,failed,0,0,,no_usable_pages,known,,,bpt6k654180k: no usable pages in manifest.,2026-07-17T20:24:37.100195
leconstitutionnel,bpt6k654181z,,failed,0,0,,no_usable_pages,known,,,bpt6k654181z: no usable pages in manifest.,2026-07-17T20:24:37.196082
leconstitutionnel,bpt6k654182b,,failed,0,0,,no_usable_pages,known,,,bpt6k654182b: no usable pages in manifest.,2026-07-17T20:24:37.270230
leconstitutionnel,bpt6k654183q,,failed,0,0,,no_usable_pages,known,,,bpt6k654183q: no usable pages in manifest.,2026-07-17T20:24:37.348271
leconstitutionnel,bpt6k6541843,,failed,0,0,,no_usable_pages,known,,,bpt6k6541843: no usable pages in manifest.,2026-07-17T20:24:37.415899
leconstitutionnel,bpt6k654185g,,failed,0,0,,no_usable_pages,known,,,bpt6k654185g: no usable pages in manifest.,2026-07-17T20:24:37.490095
leconstitutionnel,bpt6k654186v,,failed,0,0,,no_usable_pages,known,,,bpt6k654186v: no usable pages in manifest.,2026-07-17T20:24:37.578620
leconstitutionnel,bpt6k6541877,,failed,0,0,,no_usable_pages,known,,,bpt6k6541877: no usable pages in manifest.,2026-07-17T20:24:37.667510
leconstitutionnel,bpt6k654188m,,failed,0,0,,no_usable_pages,known,,,bpt6k654188m: no usable pages in manifest.,2026-07-17T20:24:37.748013
leconstitutionnel,bpt6k6541890,,failed,0,0,,no_usable_pages,known,,,bpt6k6541890: no usable pages in manifest.,2026-07-17T20:24:37.876200
leconstitutionnel,bpt6k654190x,,failed,0,0,,no_usable_pages,known,,,bpt6k654190x: no usable pages in manifest.,2026-07-17T20:24:37.993709
leconstitutionnel,bpt6k6541919,,failed,0,0,,no_usable_pages,known,,,bpt6k6541919: no usable pages in manifest.,2026-07-17T20:24:38.170815
leconstitutionnel,bpt6k654192p,,failed,0,0,,no_usable_pages,known,,,bpt6k654192p: no usable pages in manifest.,2026-07-17T20:24:38.274197
leconstitutionnel,bpt6k6541932,,failed,0,0,,no_usable_pages,known,,,bpt6k6541932: no usable pages in manifest.,2026-07-17T20:24:38.351497
leconstitutionnel,bpt6k654194f,,failed,0,0,,no_usable_pages,known,,,bpt6k654194f: no usable pages in manifest.,2026-07-17T20:24:38.447280
leconstitutionnel,bpt6k654195t,,failed,0,0,,no_usable_pages,known,,,bpt6k654195t: no usable pages in manifest.,2026-07-17T20:24:38.545189
leconstitutionnel,bpt6k6541966,,failed,0,0,,no_usable_pages,known,,,bpt6k6541966: no usable pages in manifest.,2026-07-17T20:24:38.623554
leconstitutionnel,bpt6k654197k,,failed,0,0,,no_usable_pages,known,,,bpt6k654197k: no usable pages in manifest.,2026-07-17T20:24:38.727817
leconstitutionnel,bpt6k654198z,,failed,0,0,,no_usable_pages,known,,,bpt6k654198z: no usable pages in manifest.,2026-07-17T20:24:38.819262
leconstitutionnel,bpt6k654199b,,failed,0,0,,no_usable_pages,known,,,bpt6k654199b: no usable pages in manifest.,2026-07-17T20:24:38.909859
leconstitutionnel,bpt6k6542004,,failed,0,0,,no_usable_pages,known,,,bpt6k6542004: no usable pages in manifest.,2026-07-17T20:24:38.973102
leconstitutionnel,bpt6k654201h,,failed,0,0,,no_usable_pages,known,,,bpt6k654201h: no usable pages in manifest.,2026-07-17T20:24:39.034873
leconstitutionnel,bpt6k654202w,,failed,0,0,,no_usable_pages,known,,,bpt6k654202w: no usable pages in manifest.,2026-07-17T20:24:39.123578
leconstitutionnel,bpt6k6542038,,failed,0,0,,no_usable_pages,known,,,bpt6k6542038: no usable pages in manifest.,2026-07-17T20:24:39.261733
leconstitutionnel,bpt6k654204n,,failed,0,0,,no_usable_pages,known,,,bpt6k654204n: no usable pages in manifest.,2026-07-17T20:24:39.344736
leconstitutionnel,bpt6k6542051,,failed,0,0,,no_usable_pages,known,,,bpt6k6542051: no usable pages in manifest.,2026-07-17T20:24:39.433631
leconstitutionnel,bpt6k654206d,,failed,0,0,,no_usable_pages,known,,,bpt6k654206d: no usable pages in manifest.,2026-07-17T20:24:39.540554
leconstitutionnel,bpt6k654207s,,failed,0,0,,no_usable_pages,known,,,bpt6k654207s: no usable pages in manifest.,2026-07-17T20:24:39.618418
leconstitutionnel,bpt6k6542085,,failed,0,0,,no_usable_pages,known,,,bpt6k6542085: no usable pages in manifest.,2026-07-17T20:24:39.705360
leconstitutionnel,bpt6k654209j,,failed,0,0,,no_usable_pages,known,,,bpt6k654209j: no usable pages in manifest.,2026-07-17T20:24:39.799259
leconstitutionnel,bpt6k654210g,,failed,0,0,,no_usable_pages,known,,,bpt6k654210g: no usable pages in manifest.,2026-07-17T20:24:39.901370
leconstitutionnel,bpt6k654211v,,failed,0,0,,no_usable_pages,known,,,bpt6k654211v: no usable pages in manifest.,2026-07-17T20:24:39.974748
leconstitutionnel,bpt6k6542127,,failed,0,0,,no_usable_pages,known,,,bpt6k6542127: no usable pages in manifest.,2026-07-17T20:24:40.050837
leconstitutionnel,bpt6k654213m,,failed,0,0,,no_usable_pages,known,,,bpt6k654213m: no usable pages in manifest.,2026-07-17T20:24:40.131298
leconstitutionnel,bpt6k6542140,,failed,0,0,,no_usable_pages,known,,,bpt6k6542140: no usable pages in manifest.,2026-07-17T20:24:40.236633
leconstitutionnel,bpt6k654215c,,failed,0,0,,no_usable_pages,known,,,bpt6k654215c: no usable pages in manifest.,2026-07-17T20:24:40.332072
leconstitutionnel,bpt6k654216r,,failed,0,0,,no_usable_pages,known,,,bpt6k654216r: no usable pages in manifest.,2026-07-17T20:24:40.406427
leconstitutionnel,bpt6k6542174,,failed,0,0,,no_usable_pages,known,,,bpt6k6542174: no usable pages in manifest.,2026-07-17T20:24:40.543306
leconstitutionnel,bpt6k654218h,,failed,0,0,,no_usable_pages,known,,,bpt6k654218h: no usable pages in manifest.,2026-07-17T20:24:40.652087
leconstitutionnel,bpt6k654219w,,failed,0,0,,no_usable_pages,known,,,bpt6k654219w: no usable pages in manifest.,2026-07-17T20:24:40.723769
leconstitutionnel,bpt6k654220t,,failed,0,0,,no_usable_pages,known,,,bpt6k654220t: no usable pages in manifest.,2026-07-17T20:24:40.807614
leconstitutionnel,bpt6k6542216,,failed,0,0,,no_usable_pages,known,,,bpt6k6542216: no usable pages in manifest.,2026-07-17T20:24:40.889908
leconstitutionnel,bpt6k654222k,,failed,0,0,,no_usable_pages,known,,,bpt6k654222k: no usable pages in manifest.,2026-07-17T20:24:40.989198
leconstitutionnel,bpt6k654223z,,failed,0,0,,no_usable_pages,known,,,bpt6k654223z: no usable pages in manifest.,2026-07-17T20:24:41.076956
leconstitutionnel,bpt6k654224b,,failed,0,0,,no_usable_pages,known,,,bpt6k654224b: no usable pages in manifest.,2026-07-17T20:24:41.148503
leconstitutionnel,bpt6k654225q,,failed,0,0,,no_usable_pages,known,,,bpt6k654225q: no usable pages in manifest.,2026-07-17T20:24:41.291683
leconstitutionnel,bpt6k6542263,,failed,0,0,,no_usable_pages,known,,,bpt6k6542263: no usable pages in manifest.,2026-07-17T20:24:41.447964
leconstitutionnel,bpt6k654227g,,failed,0,0,,no_usable_pages,known,,,bpt6k654227g: no usable pages in manifest.,2026-07-17T20:24:41.563426
leconstitutionnel,bpt6k654228v,,failed,0,0,,no_usable_pages,known,,,bpt6k654228v: no usable pages in manifest.,2026-07-17T20:24:41.680613
leconstitutionnel,bpt6k6542297,,failed,0,0,,no_usable_pages,known,,,bpt6k6542297: no usable pages in manifest.,2026-07-17T20:24:41.769312
leconstitutionnel,bpt6k6542305,,failed,0,0,,no_usable_pages,known,,,bpt6k6542305: no usable pages in manifest.,2026-07-17T20:24:41.841666
leconstitutionnel,bpt6k654231j,,failed,0,0,,no_usable_pages,known,,,bpt6k654231j: no usable pages in manifest.,2026-07-17T20:24:41.923683
leconstitutionnel,bpt6k654232x,,failed,0,0,,no_usable_pages,known,,,bpt6k654232x: no usable pages in manifest.,2026-07-17T20:24:41.990751
leconstitutionnel,bpt6k6542339,,failed,0,0,,no_usable_pages,known,,,bpt6k6542339: no usable pages in manifest.,2026-07-17T20:24:42.070624
leconstitutionnel,bpt6k654234p,,failed,0,0,,no_usable_pages,known,,,bpt6k654234p: no usable pages in manifest.,2026-07-17T20:24:42.148115
leconstitutionnel,bpt6k6542352,,failed,0,0,,no_usable_pages,known,,,bpt6k6542352: no usable pages in manifest.,2026-07-17T20:24:42.222097
leconstitutionnel,bpt6k654236f,,failed,0,0,,no_usable_pages,known,,,bpt6k654236f: no usable pages in manifest.,2026-07-17T20:24:42.350103
leconstitutionnel,bpt6k654237t,,failed,0,0,,no_usable_pages,known,,,bpt6k654237t: no usable pages in manifest.,2026-07-17T20:24:42.476665
leconstitutionnel,bpt6k6542386,,failed,0,0,,no_usable_pages,known,,,bpt6k6542386: no usable pages in manifest.,2026-07-17T20:24:42.561847
leconstitutionnel,bpt6k654239k,,failed,0,0,,no_usable_pages,known,,,bpt6k654239k: no usable pages in manifest.,2026-07-17T20:24:42.629976
leconstitutionnel,bpt6k654240h,,failed,0,0,,no_usable_pages,known,,,bpt6k654240h: no usable pages in manifest.,2026-07-17T20:24:42.723271
leconstitutionnel,bpt6k654241w,,failed,0,0,,no_usable_pages,known,,,bpt6k654241w: no usable pages in manifest.,2026-07-17T20:24:42.808076
leconstitutionnel,bpt6k6542428,,failed,0,0,,no_usable_pages,known,,,bpt6k6542428: no usable pages in manifest.,2026-07-17T20:24:42.891257
leconstitutionnel,bpt6k654243n,,failed,0,0,,no_usable_pages,known,,,bpt6k654243n: no usable pages in manifest.,2026-07-17T20:24:42.978953
leconstitutionnel,bpt6k6542441,,failed,0,0,,no_usable_pages,known,,,bpt6k6542441: no usable pages in manifest.,2026-07-17T20:24:43.051217
leconstitutionnel,bpt6k654245d,,failed,0,0,,no_usable_pages,known,,,bpt6k654245d: no usable pages in manifest.,2026-07-17T20:24:43.134023
leconstitutionnel,bpt6k654246s,,failed,0,0,,no_usable_pages,known,,,bpt6k654246s: no usable pages in manifest.,2026-07-17T20:24:43.216855
leconstitutionnel,bpt6k6542475,,failed,0,0,,no_usable_pages,known,,,bpt6k6542475: no usable pages in manifest.,2026-07-17T20:24:43.350526
leconstitutionnel,bpt6k654248j,,failed,0,0,,no_usable_pages,known,,,bpt6k654248j: no usable pages in manifest.,2026-07-17T20:24:43.447954
leconstitutionnel,bpt6k654249x,,failed,0,0,,no_usable_pages,known,,,bpt6k654249x: no usable pages in manifest.,2026-07-17T20:24:43.542263
leconstitutionnel,bpt6k654250v,,failed,0,0,,no_usable_pages,known,,,bpt6k654250v: no usable pages in manifest.,2026-07-17T20:24:43.623205
leconstitutionnel,bpt6k6542517,,failed,0,0,,no_usable_pages,known,,,bpt6k6542517: no usable pages in manifest.,2026-07-17T20:24:43.704351
leconstitutionnel,bpt6k654252m,,failed,0,0,,no_usable_pages,known,,,bpt6k654252m: no usable pages in manifest.,2026-07-17T20:24:43.796571
leconstitutionnel,bpt6k6542530,,failed,0,0,,no_usable_pages,known,,,bpt6k6542530: no usable pages in manifest.,2026-07-17T20:24:43.898473
leconstitutionnel,bpt6k654254c,,failed,0,0,,no_usable_pages,known,,,bpt6k654254c: no usable pages in manifest.,2026-07-17T20:24:43.987975
leconstitutionnel,bpt6k654255r,,failed,0,0,,no_usable_pages,known,,,bpt6k654255r: no usable pages in manifest.,2026-07-17T20:24:44.053475
leconstitutionnel,bpt6k6542564,,failed,0,0,,no_usable_pages,known,,,bpt6k6542564: no usable pages in manifest.,2026-07-17T20:24:44.149593
leconstitutionnel,bpt6k654257h,,failed,0,0,,no_usable_pages,known,,,bpt6k654257h: no usable pages in manifest.,2026-07-17T20:24:44.222936
leconstitutionnel,bpt6k654258w,,failed,0,0,,no_usable_pages,known,,,bpt6k654258w: no usable pages in manifest.,2026-07-17T20:24:44.295268
leconstitutionnel,bpt6k6542598,,failed,0,0,,no_usable_pages,known,,,bpt6k6542598: no usable pages in manifest.,2026-07-17T20:24:44.416848
leconstitutionnel,bpt6k6542606,,failed,0,0,,no_usable_pages,known,,,bpt6k6542606: no usable pages in manifest.,2026-07-17T20:24:44.483814
leconstitutionnel,bpt6k654261k,,failed,0,0,,no_usable_pages,known,,,bpt6k654261k: no usable pages in manifest.,2026-07-17T20:24:44.641006
leconstitutionnel,bpt6k654262z,,failed,0,0,,no_usable_pages,known,,,bpt6k654262z: no usable pages in manifest.,2026-07-17T20:24:44.735827
leconstitutionnel,bpt6k654263b,,failed,0,0,,no_usable_pages,known,,,bpt6k654263b: no usable pages in manifest.,2026-07-17T20:24:44.848389
leconstitutionnel,bpt6k654264q,,failed,0,0,,no_usable_pages,known,,,bpt6k654264q: no usable pages in manifest.,2026-07-17T20:24:44.928298
leconstitutionnel,bpt6k6542653,,failed,0,0,,no_usable_pages,known,,,bpt6k6542653: no usable pages in manifest.,2026-07-17T20:24:44.997498
leconstitutionnel,bpt6k654266g,,failed,0,0,,no_usable_pages,known,,,bpt6k654266g: no usable pages in manifest.,2026-07-17T20:24:45.147424
leconstitutionnel,bpt6k654267v,,failed,0,0,,no_usable_pages,known,,,bpt6k654267v: no usable pages in manifest.,2026-07-17T20:24:45.262431
leconstitutionnel,bpt6k6542687,,failed,0,0,,no_usable_pages,known,,,bpt6k6542687: no usable pages in manifest.,2026-07-17T20:24:45.349000
leconstitutionnel,bpt6k654269m,,failed,0,0,,no_usable_pages,known,,,bpt6k654269m: no usable pages in manifest.,2026-07-17T20:24:45.454080
leconstitutionnel,bpt6k654270j,,failed,0,0,,no_usable_pages,known,,,bpt6k654270j: no usable pages in manifest.,2026-07-17T20:24:45.583230
leconstitutionnel,bpt6k654271x,,failed,0,0,,no_usable_pages,known,,,bpt6k654271x: no usable pages in manifest.,2026-07-17T20:24:45.665162
leconstitutionnel,bpt6k6542729,,failed,0,0,,no_usable_pages,known,,,bpt6k6542729: no usable pages in manifest.,2026-07-17T20:24:45.746847
leconstitutionnel,bpt6k654273p,,failed,0,0,,no_usable_pages,known,,,bpt6k654273p: no usable pages in manifest.,2026-07-17T20:24:45.828698
leconstitutionnel,bpt6k6542742,,failed,0,0,,no_usable_pages,known,,,bpt6k6542742: no usable pages in manifest.,2026-07-17T20:24:45.902364
leconstitutionnel,bpt6k654275f,,failed,0,0,,no_usable_pages,known,,,bpt6k654275f: no usable pages in manifest.,2026-07-17T20:24:45.982563
leconstitutionnel,bpt6k654276t,,failed,0,0,,no_usable_pages,known,,,bpt6k654276t: no usable pages in manifest.,2026-07-17T20:24:46.076744
leconstitutionnel,bpt6k6542776,,failed,0,0,,no_usable_pages,known,,,bpt6k6542776: no usable pages in manifest.,2026-07-17T20:24:46.154162
leconstitutionnel,bpt6k654278k,,failed,0,0,,no_usable_pages,known,,,bpt6k654278k: no usable pages in manifest.,2026-07-17T20:24:46.244211
leconstitutionnel,bpt6k654279z,,failed,0,0,,no_usable_pages,known,,,bpt6k654279z: no usable pages in manifest.,2026-07-17T20:24:46.313857
leconstitutionnel,bpt6k654280w,,failed,0,0,,no_usable_pages,known,,,bpt6k654280w: no usable pages in manifest.,2026-07-17T20:24:46.385128
leconstitutionnel,bpt6k6542818,,failed,0,0,,no_usable_pages,known,,,bpt6k6542818: no usable pages in manifest.,2026-07-17T20:24:46.496113
leconstitutionnel,bpt6k654282n,,failed,0,0,,no_usable_pages,known,,,bpt6k654282n: no usable pages in manifest.,2026-07-17T20:24:46.579930
leconstitutionnel,bpt6k6542831,,failed,0,0,,no_usable_pages,known,,,bpt6k6542831: no usable pages in manifest.,2026-07-17T20:24:46.691149
leconstitutionnel,bpt6k654284d,,failed,0,0,,no_usable_pages,known,,,bpt6k654284d: no usable pages in manifest.,2026-07-17T20:24:46.789772
leconstitutionnel,bpt6k654285s,,failed,0,0,,no_usable_pages,known,,,bpt6k654285s: no usable pages in manifest.,2026-07-17T20:24:46.881985
leconstitutionnel,bpt6k6542865,,failed,0,0,,no_usable_pages,known,,,bpt6k6542865: no usable pages in manifest.,2026-07-17T20:24:46.978908
leconstitutionnel,bpt6k654287j,,failed,0,0,,no_usable_pages,known,,,bpt6k654287j: no usable pages in manifest.,2026-07-17T20:24:47.073464
leconstitutionnel,bpt6k654288x,,failed,0,0,,no_usable_pages,known,,,bpt6k654288x: no usable pages in manifest.,2026-07-17T20:24:47.182695
leconstitutionnel,bpt6k6542899,,failed,0,0,,no_usable_pages,known,,,bpt6k6542899: no usable pages in manifest.,2026-07-17T20:24:47.303446
leconstitutionnel,bpt6k6542907,,failed,0,0,,no_usable_pages,known,,,bpt6k6542907: no usable pages in manifest.,2026-07-17T20:24:47.389069
leconstitutionnel,bpt6k654291m,,failed,0,0,,no_usable_pages,known,,,bpt6k654291m: no usable pages in manifest.,2026-07-17T20:24:47.516323
leconstitutionnel,bpt6k6542920,,failed,0,0,,no_usable_pages,known,,,bpt6k6542920: no usable pages in manifest.,2026-07-17T20:24:47.575706
leconstitutionnel,bpt6k654293c,,failed,0,0,,no_usable_pages,known,,,bpt6k654293c: no usable pages in manifest.,2026-07-17T20:24:47.644201
leconstitutionnel,bpt6k654294r,,failed,0,0,,no_usable_pages,known,,,bpt6k654294r: no usable pages in manifest.,2026-07-17T20:24:47.736707
leconstitutionnel,bpt6k6542954,,failed,0,0,,no_usable_pages,known,,,bpt6k6542954: no usable pages in manifest.,2026-07-17T20:24:47.841304
leconstitutionnel,bpt6k654296h,,failed,0,0,,no_usable_pages,known,,,bpt6k654296h: no usable pages in manifest.,2026-07-17T20:24:47.961910
leconstitutionnel,bpt6k654297w,,failed,0,0,,no_usable_pages,known,,,bpt6k654297w: no usable pages in manifest.,2026-07-17T20:24:48.048985
leconstitutionnel,bpt6k6542988,,failed,0,0,,no_usable_pages,known,,,bpt6k6542988: no usable pages in manifest.,2026-07-17T20:24:48.121245
leconstitutionnel,bpt6k654299n,,failed,0,0,,no_usable_pages,known,,,bpt6k654299n: no usable pages in manifest.,2026-07-17T20:24:48.199867
leconstitutionnel,bpt6k654300f,,failed,0,0,,no_usable_pages,known,,,bpt6k654300f: no usable pages in manifest.,2026-07-17T20:24:48.308567
leconstitutionnel,bpt6k654301t,,failed,0,0,,no_usable_pages,known,,,bpt6k654301t: no usable pages in manifest.,2026-07-17T20:24:48.394011
leconstitutionnel,bpt6k6543026,,failed,0,0,,no_usable_pages,known,,,bpt6k6543026: no usable pages in manifest.,2026-07-17T20:24:48.500505
leconstitutionnel,bpt6k654303k,,failed,0,0,,no_usable_pages,known,,,bpt6k654303k: no usable pages in manifest.,2026-07-17T20:24:48.649679
leconstitutionnel,bpt6k654304z,,failed,0,0,,no_usable_pages,known,,,bpt6k654304z: no usable pages in manifest.,2026-07-17T20:24:48.770453
leconstitutionnel,bpt6k654305b,,failed,0,0,,no_usable_pages,known,,,bpt6k654305b: no usable pages in manifest.,2026-07-17T20:24:48.870201
leconstitutionnel,bpt6k654306q,,failed,0,0,,no_usable_pages,known,,,bpt6k654306q: no usable pages in manifest.,2026-07-17T20:24:48.944226
leconstitutionnel,bpt6k6543073,,failed,0,0,,no_usable_pages,known,,,bpt6k6543073: no usable pages in manifest.,2026-07-17T20:24:49.045210
leconstitutionnel,bpt6k654308g,,failed,0,0,,no_usable_pages,known,,,bpt6k654308g: no usable pages in manifest.,2026-07-17T20:24:49.155380
leconstitutionnel,bpt6k654309v,,failed,0,0,,no_usable_pages,known,,,bpt6k654309v: no usable pages in manifest.,2026-07-17T20:24:49.250410
leconstitutionnel,bpt6k654310s,,failed,0,0,,no_usable_pages,known,,,bpt6k654310s: no usable pages in manifest.,2026-07-17T20:24:49.334451
leconstitutionnel,bpt6k6543115,,failed,0,0,,no_usable_pages,known,,,bpt6k6543115: no usable pages in manifest.,2026-07-17T20:24:49.430740
leconstitutionnel,bpt6k654312j,,failed,0,0,,no_usable_pages,known,,,bpt6k654312j: no usable pages in manifest.,2026-07-17T20:24:49.499282
leconstitutionnel,bpt6k654313x,,failed,0,0,,no_usable_pages,known,,,bpt6k654313x: no usable pages in manifest.,2026-07-17T20:24:49.586515
leconstitutionnel,bpt6k6543149,,failed,0,0,,no_usable_pages,known,,,bpt6k6543149: no usable pages in manifest.,2026-07-17T20:24:49.719009
leconstitutionnel,bpt6k654315p,,failed,0,0,,no_usable_pages,known,,,bpt6k654315p: no usable pages in manifest.,2026-07-17T20:24:49.819308
leconstitutionnel,bpt6k6543162,,failed,0,0,,no_usable_pages,known,,,bpt6k6543162: no usable pages in manifest.,2026-07-17T20:24:49.948985
leconstitutionnel,bpt6k654317f,,failed,0,0,,no_usable_pages,known,,,bpt6k654317f: no usable pages in manifest.,2026-07-17T20:24:50.034395
leconstitutionnel,bpt6k654318t,,failed,0,0,,no_usable_pages,known,,,bpt6k654318t: no usable pages in manifest.,2026-07-17T20:24:50.124590
leconstitutionnel,bpt6k6543196,,failed,0,0,,no_usable_pages,known,,,bpt6k6543196: no usable pages in manifest.,2026-07-17T20:24:50.222092
leconstitutionnel,bpt6k6543204,,failed,0,0,,no_usable_pages,known,,,bpt6k6543204: no usable pages in manifest.,2026-07-17T20:24:50.310375
leconstitutionnel,bpt6k654321h,,failed,0,0,,no_usable_pages,known,,,bpt6k654321h: no usable pages in manifest.,2026-07-17T20:24:50.379767
leconstitutionnel,bpt6k654322w,,failed,0,0,,no_usable_pages,known,,,bpt6k654322w: no usable pages in manifest.,2026-07-17T20:24:50.470347
leconstitutionnel,bpt6k6543238,,failed,0,0,,no_usable_pages,known,,,bpt6k6543238: no usable pages in manifest.,2026-07-17T20:24:50.537340
leconstitutionnel,bpt6k654324n,,failed,0,0,,no_usable_pages,known,,,bpt6k654324n: no usable pages in manifest.,2026-07-17T20:24:50.647673
leconstitutionnel,bpt6k6543251,,failed,0,0,,no_usable_pages,known,,,bpt6k6543251: no usable pages in manifest.,2026-07-17T20:24:50.763608
leconstitutionnel,bpt6k654326d,,failed,0,0,,no_usable_pages,known,,,bpt6k654326d: no usable pages in manifest.,2026-07-17T20:24:50.858605
leconstitutionnel,bpt6k654327s,,failed,0,0,,no_usable_pages,known,,,bpt6k654327s: no usable pages in manifest.,2026-07-17T20:24:50.947695
leconstitutionnel,bpt6k6543285,,failed,0,0,,no_usable_pages,known,,,bpt6k6543285: no usable pages in manifest.,2026-07-17T20:24:51.015234
leconstitutionnel,bpt6k654329j,,failed,0,0,,no_usable_pages,known,,,bpt6k654329j: no usable pages in manifest.,2026-07-17T20:24:51.110705
leconstitutionnel,bpt6k654330g,,failed,0,0,,no_usable_pages,known,,,bpt6k654330g: no usable pages in manifest.,2026-07-17T20:24:51.169257
leconstitutionnel,bpt6k654331v,,failed,0,0,,no_usable_pages,known,,,bpt6k654331v: no usable pages in manifest.,2026-07-17T20:24:51.241104
leconstitutionnel,bpt6k6543327,,failed,0,0,,no_usable_pages,known,,,bpt6k6543327: no usable pages in manifest.,2026-07-17T20:24:51.334466
leconstitutionnel,bpt6k654333m,,failed,0,0,,no_usable_pages,known,,,bpt6k654333m: no usable pages in manifest.,2026-07-17T20:24:51.436240
leconstitutionnel,bpt6k6543340,,failed,0,0,,no_usable_pages,known,,,bpt6k6543340: no usable pages in manifest.,2026-07-17T20:24:51.518868
leconstitutionnel,bpt6k654335c,,failed,0,0,,no_usable_pages,known,,,bpt6k654335c: no usable pages in manifest.,2026-07-17T20:24:51.643543
leconstitutionnel,bpt6k654336r,,failed,0,0,,no_usable_pages,known,,,bpt6k654336r: no usable pages in manifest.,2026-07-17T20:24:51.806260
leconstitutionnel,bpt6k6543374,,failed,0,0,,no_usable_pages,known,,,bpt6k6543374: no usable pages in manifest.,2026-07-17T20:24:51.931745
leconstitutionnel,bpt6k654338h,,failed,0,0,,no_usable_pages,known,,,bpt6k654338h: no usable pages in manifest.,2026-07-17T20:24:52.029728
leconstitutionnel,bpt6k654339w,,failed,0,0,,no_usable_pages,known,,,bpt6k654339w: no usable pages in manifest.,2026-07-17T20:24:52.119922
leconstitutionnel,bpt6k654340t,,failed,0,0,,no_usable_pages,known,,,bpt6k654340t: no usable pages in manifest.,2026-07-17T20:24:52.233589
leconstitutionnel,bpt6k6543416,,failed,0,0,,no_usable_pages,known,,,bpt6k6543416: no usable pages in manifest.,2026-07-17T20:24:52.312270
leconstitutionnel,bpt6k654342k,,failed,0,0,,no_usable_pages,known,,,bpt6k654342k: no usable pages in manifest.,2026-07-17T20:24:52.387957
leconstitutionnel,bpt6k654343z,,failed,0,0,,no_usable_pages,known,,,bpt6k654343z: no usable pages in manifest.,2026-07-17T20:24:52.449556
leconstitutionnel,bpt6k654344b,,failed,0,0,,no_usable_pages,known,,,bpt6k654344b: no usable pages in manifest.,2026-07-17T20:24:52.524400
leconstitutionnel,bpt6k654345q,,failed,0,0,,no_usable_pages,known,,,bpt6k654345q: no usable pages in manifest.,2026-07-17T20:24:52.610134
leconstitutionnel,bpt6k6543463,,failed,0,0,,no_usable_pages,known,,,bpt6k6543463: no usable pages in manifest.,2026-07-17T20:24:52.693228
leconstitutionnel,bpt6k654347g,,failed,0,0,,no_usable_pages,known,,,bpt6k654347g: no usable pages in manifest.,2026-07-17T20:24:52.845022
leconstitutionnel,bpt6k654348v,,failed,0,0,,no_usable_pages,known,,,bpt6k654348v: no usable pages in manifest.,2026-07-17T20:24:53.001876
leconstitutionnel,bpt6k6543497,,failed,0,0,,no_usable_pages,known,,,bpt6k6543497: no usable pages in manifest.,2026-07-17T20:24:53.105869
leconstitutionnel,bpt6k6543505,,failed,0,0,,no_usable_pages,known,,,bpt6k6543505: no usable pages in manifest.,2026-07-17T20:24:53.193035
leconstitutionnel,bpt6k654351j,,failed,0,0,,no_usable_pages,known,,,bpt6k654351j: no usable pages in manifest.,2026-07-17T20:24:53.264570
leconstitutionnel,bpt6k654352x,,failed,0,0,,no_usable_pages,known,,,bpt6k654352x: no usable pages in manifest.,2026-07-17T20:24:53.342899
leconstitutionnel,bpt6k6543539,,failed,0,0,,no_usable_pages,known,,,bpt6k6543539: no usable pages in manifest.,2026-07-17T20:24:53.421121
leconstitutionnel,bpt6k654354p,,failed,0,0,,no_usable_pages,known,,,bpt6k654354p: no usable pages in manifest.,2026-07-17T20:24:53.495469
leconstitutionnel,bpt6k6543552,,failed,0,0,,no_usable_pages,known,,,bpt6k6543552: no usable pages in manifest.,2026-07-17T20:24:53.562686
leconstitutionnel,bpt6k654356f,,failed,0,0,,no_usable_pages,known,,,bpt6k654356f: no usable pages in manifest.,2026-07-17T20:24:53.697520
leconstitutionnel,bpt6k654357t,,failed,0,0,,no_usable_pages,known,,,bpt6k654357t: no usable pages in manifest.,2026-07-17T20:24:53.821981
leconstitutionnel,bpt6k6543586,,failed,0,0,,no_usable_pages,known,,,bpt6k6543586: no usable pages in manifest.,2026-07-17T20:24:53.956216
leconstitutionnel,bpt6k654359k,,failed,0,0,,no_usable_pages,known,,,bpt6k654359k: no usable pages in manifest.,2026-07-17T20:24:54.038775
leconstitutionnel,bpt6k654360h,,failed,0,0,,no_usable_pages,known,,,bpt6k654360h: no usable pages in manifest.,2026-07-17T20:24:54.126943
leconstitutionnel,bpt6k654361w,,failed,0,0,,no_usable_pages,known,,,bpt6k654361w: no usable pages in manifest.,2026-07-17T20:24:54.184135
leconstitutionnel,bpt6k6543628,,failed,0,0,,no_usable_pages,known,,,bpt6k6543628: no usable pages in manifest.,2026-07-17T20:24:54.262069
leconstitutionnel,bpt6k654363n,,failed,0,0,,no_usable_pages,known,,,bpt6k654363n: no usable pages in manifest.,2026-07-17T20:24:54.387557
leconstitutionnel,bpt6k6543641,,failed,0,0,,no_usable_pages,known,,,bpt6k6543641: no usable pages in manifest.,2026-07-17T20:24:54.503767
leconstitutionnel,bpt6k654365d,,failed,0,0,,no_usable_pages,known,,,bpt6k654365d: no usable pages in manifest.,2026-07-17T20:24:54.602366
leconstitutionnel,bpt6k654366s,,failed,0,0,,no_usable_pages,known,,,bpt6k654366s: no usable pages in manifest.,2026-07-17T20:24:54.715369
leconstitutionnel,bpt6k6543675,,failed,0,0,,no_usable_pages,known,,,bpt6k6543675: no usable pages in manifest.,2026-07-17T20:24:54.840615
leconstitutionnel,bpt6k654368j,,failed,0,0,,no_usable_pages,known,,,bpt6k654368j: no usable pages in manifest.,2026-07-17T20:24:54.945644
leconstitutionnel,bpt6k654369x,,failed,0,0,,no_usable_pages,known,,,bpt6k654369x: no usable pages in manifest.,2026-07-17T20:24:55.028584
leconstitutionnel,bpt6k654370v,,failed,0,0,,no_usable_pages,known,,,bpt6k654370v: no usable pages in manifest.,2026-07-17T20:24:55.113018
leconstitutionnel,bpt6k6543717,,failed,0,0,,no_usable_pages,known,,,bpt6k6543717: no usable pages in manifest.,2026-07-17T20:24:55.196200
leconstitutionnel,bpt6k654372m,,failed,0,0,,no_usable_pages,known,,,bpt6k654372m: no usable pages in manifest.,2026-07-17T20:24:55.263312
leconstitutionnel,bpt6k6543730,,failed,0,0,,no_usable_pages,known,,,bpt6k6543730: no usable pages in manifest.,2026-07-17T20:24:55.321803
leconstitutionnel,bpt6k654374c,,failed,0,0,,no_usable_pages,known,,,bpt6k654374c: no usable pages in manifest.,2026-07-17T20:24:55.430602
leconstitutionnel,bpt6k654375r,,failed,0,0,,no_usable_pages,known,,,bpt6k654375r: no usable pages in manifest.,2026-07-17T20:24:55.492194
leconstitutionnel,bpt6k6543764,,failed,0,0,,no_usable_pages,known,,,bpt6k6543764: no usable pages in manifest.,2026-07-17T20:24:55.610855
leconstitutionnel,bpt6k654377h,,failed,0,0,,no_usable_pages,known,,,bpt6k654377h: no usable pages in manifest.,2026-07-17T20:24:55.695609
leconstitutionnel,bpt6k654378w,,failed,0,0,,no_usable_pages,known,,,bpt6k654378w: no usable pages in manifest.,2026-07-17T20:24:55.780617
leconstitutionnel,bpt6k6543798,,failed,0,0,,no_usable_pages,known,,,bpt6k6543798: no usable pages in manifest.,2026-07-17T20:24:55.869464
leconstitutionnel,bpt6k6543806,,failed,0,0,,no_usable_pages,known,,,bpt6k6543806: no usable pages in manifest.,2026-07-17T20:24:55.997372
leconstitutionnel,bpt6k654381k,,failed,0,0,,no_usable_pages,known,,,bpt6k654381k: no usable pages in manifest.,2026-07-17T20:24:56.145525
leconstitutionnel,bpt6k654382z,,failed,0,0,,no_usable_pages,known,,,bpt6k654382z: no usable pages in manifest.,2026-07-17T20:24:56.232624
leconstitutionnel,bpt6k654383b,,failed,0,0,,no_usable_pages,known,,,bpt6k654383b: no usable pages in manifest.,2026-07-17T20:24:56.335925
leconstitutionnel,bpt6k654384q,,failed,0,0,,no_usable_pages,known,,,bpt6k654384q: no usable pages in manifest.,2026-07-17T20:24:56.419469
leconstitutionnel,bpt6k6543853,,failed,0,0,,no_usable_pages,known,,,bpt6k6543853: no usable pages in manifest.,2026-07-17T20:24:56.513801
leconstitutionnel,bpt6k654386g,,failed,0,0,,no_usable_pages,known,,,bpt6k654386g: no usable pages in manifest.,2026-07-17T20:24:56.615125
leconstitutionnel,bpt6k654387v,,failed,0,0,,no_usable_pages,known,,,bpt6k654387v: no usable pages in manifest.,2026-07-17T20:24:56.716291
leconstitutionnel,bpt6k6543887,,failed,0,0,,no_usable_pages,known,,,bpt6k6543887: no usable pages in manifest.,2026-07-17T20:24:56.793618
leconstitutionnel,bpt6k654389m,,failed,0,0,,no_usable_pages,known,,,bpt6k654389m: no usable pages in manifest.,2026-07-17T20:24:56.886026
leconstitutionnel,bpt6k654390j,,failed,0,0,,no_usable_pages,known,,,bpt6k654390j: no usable pages in manifest.,2026-07-17T20:24:57.001535
leconstitutionnel,bpt6k654391x,,failed,0,0,,no_usable_pages,known,,,bpt6k654391x: no usable pages in manifest.,2026-07-17T20:24:57.080838
leconstitutionnel,bpt6k6543929,,failed,0,0,,no_usable_pages,known,,,bpt6k6543929: no usable pages in manifest.,2026-07-17T20:24:57.173884
leconstitutionnel,bpt6k654393p,,failed,0,0,,no_usable_pages,known,,,bpt6k654393p: no usable pages in manifest.,2026-07-17T20:24:57.251358
leconstitutionnel,bpt6k6543942,,failed,0,0,,no_usable_pages,known,,,bpt6k6543942: no usable pages in manifest.,2026-07-17T20:24:57.329433
leconstitutionnel,bpt6k654395f,,failed,0,0,,no_usable_pages,known,,,bpt6k654395f: no usable pages in manifest.,2026-07-17T20:24:57.410534
leconstitutionnel,bpt6k654396t,,failed,0,0,,no_usable_pages,known,,,bpt6k654396t: no usable pages in manifest.,2026-07-17T20:24:57.532817
leconstitutionnel,bpt6k6543976,,failed,0,0,,no_usable_pages,known,,,bpt6k6543976: no usable pages in manifest.,2026-07-17T20:24:57.624354
leconstitutionnel,bpt6k654398k,,failed,0,0,,no_usable_pages,known,,,bpt6k654398k: no usable pages in manifest.,2026-07-17T20:24:57.712541
leconstitutionnel,bpt6k654399z,,failed,0,0,,no_usable_pages,known,,,bpt6k654399z: no usable pages in manifest.,2026-07-17T20:24:57.784805
leconstitutionnel,bpt6k654400r,,failed,0,0,,no_usable_pages,known,,,bpt6k654400r: no usable pages in manifest.,2026-07-17T20:24:57.865406
leconstitutionnel,bpt6k6544014,,failed,0,0,,no_usable_pages,known,,,bpt6k6544014: no usable pages in manifest.,2026-07-17T20:24:57.968184
leconstitutionnel,bpt6k654402h,,failed,0,0,,no_usable_pages,known,,,bpt6k654402h: no usable pages in manifest.,2026-07-17T20:24:58.098364
leconstitutionnel,bpt6k654403w,,failed,0,0,,no_usable_pages,known,,,bpt6k654403w: no usable pages in manifest.,2026-07-17T20:24:58.202337
leconstitutionnel,bpt6k6544048,,failed,0,0,,no_usable_pages,known,,,bpt6k6544048: no usable pages in manifest.,2026-07-17T20:24:58.307874
leconstitutionnel,bpt6k654405n,,failed,0,0,,no_usable_pages,known,,,bpt6k654405n: no usable pages in manifest.,2026-07-17T20:24:58.427570
leconstitutionnel,bpt6k6544061,,failed,0,0,,no_usable_pages,known,,,bpt6k6544061: no usable pages in manifest.,2026-07-17T20:24:58.499987
leconstitutionnel,bpt6k654407d,,failed,0,0,,no_usable_pages,known,,,bpt6k654407d: no usable pages in manifest.,2026-07-17T20:24:58.587703
leconstitutionnel,bpt6k654408s,,failed,0,0,,no_usable_pages,known,,,bpt6k654408s: no usable pages in manifest.,2026-07-17T20:24:58.708816
leconstitutionnel,bpt6k6544095,,failed,0,0,,no_usable_pages,known,,,bpt6k6544095: no usable pages in manifest.,2026-07-17T20:24:58.764942
leconstitutionnel,bpt6k6544103,,failed,0,0,,no_usable_pages,known,,,bpt6k6544103: no usable pages in manifest.,2026-07-17T20:24:58.850835
leconstitutionnel,bpt6k654411g,,failed,0,0,,no_usable_pages,known,,,bpt6k654411g: no usable pages in manifest.,2026-07-17T20:24:58.949195
leconstitutionnel,bpt6k654412v,,failed,0,0,,no_usable_pages,known,,,bpt6k654412v: no usable pages in manifest.,2026-07-17T20:24:59.052175
leconstitutionnel,bpt6k6544137,,failed,0,0,,no_usable_pages,known,,,bpt6k6544137: no usable pages in manifest.,2026-07-17T20:24:59.166321
leconstitutionnel,bpt6k654414m,,failed,0,0,,no_usable_pages,known,,,bpt6k654414m: no usable pages in manifest.,2026-07-17T20:24:59.274185
leconstitutionnel,bpt6k6544150,,failed,0,0,,no_usable_pages,known,,,bpt6k6544150: no usable pages in manifest.,2026-07-17T20:24:59.338072
leconstitutionnel,bpt6k654416c,,failed,0,0,,no_usable_pages,known,,,bpt6k654416c: no usable pages in manifest.,2026-07-17T20:24:59.457634
leconstitutionnel,bpt6k654417r,,failed,0,0,,no_usable_pages,known,,,bpt6k654417r: no usable pages in manifest.,2026-07-17T20:24:59.528110
leconstitutionnel,bpt6k6544184,,failed,0,0,,no_usable_pages,known,,,bpt6k6544184: no usable pages in manifest.,2026-07-17T20:24:59.642425
leconstitutionnel,bpt6k654419h,,failed,0,0,,no_usable_pages,known,,,bpt6k654419h: no usable pages in manifest.,2026-07-17T20:24:59.744366
leconstitutionnel,bpt6k654420f,,failed,0,0,,no_usable_pages,known,,,bpt6k654420f: no usable pages in manifest.,2026-07-17T20:24:59.842128
leconstitutionnel,bpt6k654421t,,failed,0,0,,no_usable_pages,known,,,bpt6k654421t: no usable pages in manifest.,2026-07-17T20:24:59.954967
leconstitutionnel,bpt6k6544226,,failed,0,0,,no_usable_pages,known,,,bpt6k6544226: no usable pages in manifest.,2026-07-17T20:25:00.120678
leconstitutionnel,bpt6k654423k,,failed,0,0,,no_usable_pages,known,,,bpt6k654423k: no usable pages in manifest.,2026-07-17T20:25:00.289512
leconstitutionnel,bpt6k654424z,,failed,0,0,,no_usable_pages,known,,,bpt6k654424z: no usable pages in manifest.,2026-07-17T20:25:00.373614
leconstitutionnel,bpt6k654425b,,failed,0,0,,no_usable_pages,known,,,bpt6k654425b: no usable pages in manifest.,2026-07-17T20:25:00.474862
leconstitutionnel,bpt6k654426q,,failed,0,0,,no_usable_pages,known,,,bpt6k654426q: no usable pages in manifest.,2026-07-17T20:25:00.565318
leconstitutionnel,bpt6k6544273,,failed,0,0,,no_usable_pages,known,,,bpt6k6544273: no usable pages in manifest.,2026-07-17T20:25:00.658938
leconstitutionnel,bpt6k654428g,,failed,0,0,,no_usable_pages,known,,,bpt6k654428g: no usable pages in manifest.,2026-07-17T20:25:00.729603
leconstitutionnel,bpt6k654429v,,failed,0,0,,no_usable_pages,known,,,bpt6k654429v: no usable pages in manifest.,2026-07-17T20:25:00.807840
leconstitutionnel,bpt6k654430s,,failed,0,0,,no_usable_pages,known,,,bpt6k654430s: no usable pages in manifest.,2026-07-17T20:25:00.884405
leconstitutionnel,bpt6k6544315,,failed,0,0,,no_usable_pages,known,,,bpt6k6544315: no usable pages in manifest.,2026-07-17T20:25:00.969930
leconstitutionnel,bpt6k654432j,,failed,0,0,,no_usable_pages,known,,,bpt6k654432j: no usable pages in manifest.,2026-07-17T20:25:01.038376
leconstitutionnel,bpt6k654433x,,failed,0,0,,no_usable_pages,known,,,bpt6k654433x: no usable pages in manifest.,2026-07-17T20:25:01.094140
leconstitutionnel,bpt6k6544349,,failed,0,0,,no_usable_pages,known,,,bpt6k6544349: no usable pages in manifest.,2026-07-17T20:25:01.174080
leconstitutionnel,bpt6k654435p,,failed,0,0,,no_usable_pages,known,,,bpt6k654435p: no usable pages in manifest.,2026-07-17T20:25:01.310293
leconstitutionnel,bpt6k6544362,,failed,0,0,,no_usable_pages,known,,,bpt6k6544362: no usable pages in manifest.,2026-07-17T20:25:01.418584
leconstitutionnel,bpt6k654437f,,failed,0,0,,no_usable_pages,known,,,bpt6k654437f: no usable pages in manifest.,2026-07-17T20:25:01.504131
leconstitutionnel,bpt6k654438t,,failed,0,0,,no_usable_pages,known,,,bpt6k654438t: no usable pages in manifest.,2026-07-17T20:25:01.593759
leconstitutionnel,bpt6k6544396,,failed,0,0,,no_usable_pages,known,,,bpt6k6544396: no usable pages in manifest.,2026-07-17T20:25:01.681449
leconstitutionnel,bpt6k6544404,,failed,0,0,,no_usable_pages,known,,,bpt6k6544404: no usable pages in manifest.,2026-07-17T20:25:01.772027
leconstitutionnel,bpt6k654441h,,failed,0,0,,no_usable_pages,known,,,bpt6k654441h: no usable pages in manifest.,2026-07-17T20:25:01.835695
leconstitutionnel,bpt6k654442w,,failed,0,0,,no_usable_pages,known,,,bpt6k654442w: no usable pages in manifest.,2026-07-17T20:25:01.888076
leconstitutionnel,bpt6k6544438,,failed,0,0,,no_usable_pages,known,,,bpt6k6544438: no usable pages in manifest.,2026-07-17T20:25:01.956979
leconstitutionnel,bpt6k654444n,,failed,0,0,,no_usable_pages,known,,,bpt6k654444n: no usable pages in manifest.,2026-07-17T20:25:02.057011
leconstitutionnel,bpt6k6544451,,failed,0,0,,no_usable_pages,known,,,bpt6k6544451: no usable pages in manifest.,2026-07-17T20:25:02.138920
leconstitutionnel,bpt6k654446d,,failed,0,0,,no_usable_pages,known,,,bpt6k654446d: no usable pages in manifest.,2026-07-17T20:25:02.218245
leconstitutionnel,bpt6k654447s,,failed,0,0,,no_usable_pages,known,,,bpt6k654447s: no usable pages in manifest.,2026-07-17T20:25:02.406971
leconstitutionnel,bpt6k6544485,,failed,0,0,,no_usable_pages,known,,,bpt6k6544485: no usable pages in manifest.,2026-07-17T20:25:02.508506
leconstitutionnel,bpt6k654449j,,failed,0,0,,no_usable_pages,known,,,bpt6k654449j: no usable pages in manifest.,2026-07-17T20:25:02.588917
leconstitutionnel,bpt6k654450g,,failed,0,0,,no_usable_pages,known,,,bpt6k654450g: no usable pages in manifest.,2026-07-17T20:25:02.673690
leconstitutionnel,bpt6k654451v,,failed,0,0,,no_usable_pages,known,,,bpt6k654451v: no usable pages in manifest.,2026-07-17T20:25:02.727149
leconstitutionnel,bpt6k6544527,,failed,0,0,,no_usable_pages,known,,,bpt6k6544527: no usable pages in manifest.,2026-07-17T20:25:02.801077
leconstitutionnel,bpt6k654453m,,failed,0,0,,no_usable_pages,known,,,bpt6k654453m: no usable pages in manifest.,2026-07-17T20:25:02.873749
leconstitutionnel,bpt6k6544540,,failed,0,0,,no_usable_pages,known,,,bpt6k6544540: no usable pages in manifest.,2026-07-17T20:25:02.957602
leconstitutionnel,bpt6k654455c,,failed,0,0,,no_usable_pages,known,,,bpt6k654455c: no usable pages in manifest.,2026-07-17T20:25:03.030862
leconstitutionnel,bpt6k654456r,,failed,0,0,,no_usable_pages,known,,,bpt6k654456r: no usable pages in manifest.,2026-07-17T20:25:03.114745
leconstitutionnel,bpt6k6544574,,failed,0,0,,no_usable_pages,known,,,bpt6k6544574: no usable pages in manifest.,2026-07-17T20:25:03.193614
leconstitutionnel,bpt6k654458h,,failed,0,0,,no_usable_pages,known,,,bpt6k654458h: no usable pages in manifest.,2026-07-17T20:25:03.276821
leconstitutionnel,bpt6k654459w,,failed,0,0,,no_usable_pages,known,,,bpt6k654459w: no usable pages in manifest.,2026-07-17T20:25:03.407411
leconstitutionnel,bpt6k654460t,,failed,0,0,,no_usable_pages,known,,,bpt6k654460t: no usable pages in manifest.,2026-07-17T20:25:03.495858
leconstitutionnel,bpt6k6544616,,failed,0,0,,no_usable_pages,known,,,bpt6k6544616: no usable pages in manifest.,2026-07-17T20:25:03.582701
leconstitutionnel,bpt6k654462k,,failed,0,0,,no_usable_pages,known,,,bpt6k654462k: no usable pages in manifest.,2026-07-17T20:25:03.668595
leconstitutionnel,bpt6k654463z,,failed,0,0,,no_usable_pages,known,,,bpt6k654463z: no usable pages in manifest.,2026-07-17T20:25:03.744759
leconstitutionnel,bpt6k654464b,,failed,0,0,,no_usable_pages,known,,,bpt6k654464b: no usable pages in manifest.,2026-07-17T20:25:03.845284
leconstitutionnel,bpt6k654465q,,failed,0,0,,no_usable_pages,known,,,bpt6k654465q: no usable pages in manifest.,2026-07-17T20:25:03.910337
leconstitutionnel,bpt6k6544663,,failed,0,0,,no_usable_pages,known,,,bpt6k6544663: no usable pages in manifest.,2026-07-17T20:25:03.995155
leconstitutionnel,bpt6k654467g,,failed,0,0,,no_usable_pages,known,,,bpt6k654467g: no usable pages in manifest.,2026-07-17T20:25:04.053909
leconstitutionnel,bpt6k654468v,,failed,0,0,,no_usable_pages,known,,,bpt6k654468v: no usable pages in manifest.,2026-07-17T20:25:04.127285
leconstitutionnel,bpt6k6544697,,failed,0,0,,no_usable_pages,known,,,bpt6k6544697: no usable pages in manifest.,2026-07-17T20:25:04.192835
leconstitutionnel,bpt6k6544705,,failed,0,0,,no_usable_pages,known,,,bpt6k6544705: no usable pages in manifest.,2026-07-17T20:25:04.294036
leconstitutionnel,bpt6k654471j,,failed,0,0,,no_usable_pages,known,,,bpt6k654471j: no usable pages in manifest.,2026-07-17T20:25:04.414413
leconstitutionnel,bpt6k654472x,,failed,0,0,,no_usable_pages,known,,,bpt6k654472x: no usable pages in manifest.,2026-07-17T20:25:04.509625
leconstitutionnel,bpt6k6544739,,failed,0,0,,no_usable_pages,known,,,bpt6k6544739: no usable pages in manifest.,2026-07-17T20:25:04.593800
leconstitutionnel,bpt6k654474p,,failed,0,0,,no_usable_pages,known,,,bpt6k654474p: no usable pages in manifest.,2026-07-17T20:25:04.665417
leconstitutionnel,bpt6k6544752,,failed,0,0,,no_usable_pages,known,,,bpt6k6544752: no usable pages in manifest.,2026-07-17T20:25:04.741994
leconstitutionnel,bpt6k654476f,,failed,0,0,,no_usable_pages,known,,,bpt6k654476f: no usable pages in manifest.,2026-07-17T20:25:04.821192
leconstitutionnel,bpt6k654477t,,failed,0,0,,no_usable_pages,known,,,bpt6k654477t: no usable pages in manifest.,2026-07-17T20:25:04.938299
leconstitutionnel,bpt6k6544786,,failed,0,0,,no_usable_pages,known,,,bpt6k6544786: no usable pages in manifest.,2026-07-17T20:25:05.043764
leconstitutionnel,bpt6k654479k,,failed,0,0,,no_usable_pages,known,,,bpt6k654479k: no usable pages in manifest.,2026-07-17T20:25:05.116132
leconstitutionnel,bpt6k654480h,,failed,0,0,,no_usable_pages,known,,,bpt6k654480h: no usable pages in manifest.,2026-07-17T20:25:05.200022
leconstitutionnel,bpt6k654481w,,failed,0,0,,no_usable_pages,known,,,bpt6k654481w: no usable pages in manifest.,2026-07-17T20:25:05.302904
leconstitutionnel,bpt6k6544828,,failed,0,0,,no_usable_pages,known,,,bpt6k6544828: no usable pages in manifest.,2026-07-17T20:25:05.427269
leconstitutionnel,bpt6k654483n,,failed,0,0,,no_usable_pages,known,,,bpt6k654483n: no usable pages in manifest.,2026-07-17T20:25:05.497866
leconstitutionnel,bpt6k6544841,,failed,0,0,,no_usable_pages,known,,,bpt6k6544841: no usable pages in manifest.,2026-07-17T20:25:05.573412
leconstitutionnel,bpt6k654485d,,failed,0,0,,no_usable_pages,known,,,bpt6k654485d: no usable pages in manifest.,2026-07-17T20:25:05.650104
leconstitutionnel,bpt6k654486s,,failed,0,0,,no_usable_pages,known,,,bpt6k654486s: no usable pages in manifest.,2026-07-17T20:25:05.758512
leconstitutionnel,bpt6k6544875,,failed,0,0,,no_usable_pages,known,,,bpt6k6544875: no usable pages in manifest.,2026-07-17T20:25:05.879244
leconstitutionnel,bpt6k654488j,,failed,0,0,,no_usable_pages,known,,,bpt6k654488j: no usable pages in manifest.,2026-07-17T20:25:05.967526
leconstitutionnel,bpt6k654489x,,failed,0,0,,no_usable_pages,known,,,bpt6k654489x: no usable pages in manifest.,2026-07-17T20:25:06.070083
leconstitutionnel,bpt6k654490v,,failed,0,0,,no_usable_pages,known,,,bpt6k654490v: no usable pages in manifest.,2026-07-17T20:25:06.156226
leconstitutionnel,bpt6k6544917,,failed,0,0,,no_usable_pages,known,,,bpt6k6544917: no usable pages in manifest.,2026-07-17T20:25:06.244370
leconstitutionnel,bpt6k654492m,,failed,0,0,,no_usable_pages,known,,,bpt6k654492m: no usable pages in manifest.,2026-07-17T20:25:06.318243
leconstitutionnel,bpt6k6544930,,failed,0,0,,no_usable_pages,known,,,bpt6k6544930: no usable pages in manifest.,2026-07-17T20:25:06.411843
leconstitutionnel,bpt6k654494c,,failed,0,0,,no_usable_pages,known,,,bpt6k654494c: no usable pages in manifest.,2026-07-17T20:25:06.653877
leconstitutionnel,bpt6k654495r,,failed,0,0,,no_usable_pages,known,,,bpt6k654495r: no usable pages in manifest.,2026-07-17T20:25:06.782798
leconstitutionnel,bpt6k6544964,,failed,0,0,,no_usable_pages,known,,,bpt6k6544964: no usable pages in manifest.,2026-07-17T20:25:06.888622
leconstitutionnel,bpt6k654497h,,failed,0,0,,no_usable_pages,known,,,bpt6k654497h: no usable pages in manifest.,2026-07-17T20:25:06.993958
leconstitutionnel,bpt6k654498w,,failed,0,0,,no_usable_pages,known,,,bpt6k654498w: no usable pages in manifest.,2026-07-17T20:25:07.080769
leconstitutionnel,bpt6k6544998,,failed,0,0,,no_usable_pages,known,,,bpt6k6544998: no usable pages in manifest.,2026-07-17T20:25:07.173286
leconstitutionnel,bpt6k6545002,,failed,0,0,,no_usable_pages,known,,,bpt6k6545002: no usable pages in manifest.,2026-07-17T20:25:07.269161
leconstitutionnel,bpt6k654501f,,failed,0,0,,no_usable_pages,known,,,bpt6k654501f: no usable pages in manifest.,2026-07-17T20:25:07.343706
leconstitutionnel,bpt6k654502t,,failed,0,0,,no_usable_pages,known,,,bpt6k654502t: no usable pages in manifest.,2026-07-17T20:25:07.415386
leconstitutionnel,bpt6k6545036,,failed,0,0,,no_usable_pages,known,,,bpt6k6545036: no usable pages in manifest.,2026-07-17T20:25:07.539074
leconstitutionnel,bpt6k654504k,,failed,0,0,,no_usable_pages,known,,,bpt6k654504k: no usable pages in manifest.,2026-07-17T20:25:07.646977
leconstitutionnel,bpt6k654505z,,failed,0,0,,no_usable_pages,known,,,bpt6k654505z: no usable pages in manifest.,2026-07-17T20:25:07.746576
leconstitutionnel,bpt6k654506b,,failed,0,0,,no_usable_pages,known,,,bpt6k654506b: no usable pages in manifest.,2026-07-17T20:25:07.857869
leconstitutionnel,bpt6k654507q,,failed,0,0,,no_usable_pages,known,,,bpt6k654507q: no usable pages in manifest.,2026-07-17T20:25:07.926646
leconstitutionnel,bpt6k6545083,,failed,0,0,,no_usable_pages,known,,,bpt6k6545083: no usable pages in manifest.,2026-07-17T20:25:08.032444
leconstitutionnel,bpt6k654509g,,failed,0,0,,no_usable_pages,known,,,bpt6k654509g: no usable pages in manifest.,2026-07-17T20:25:08.114044
leconstitutionnel,bpt6k654510d,,failed,0,0,,no_usable_pages,known,,,bpt6k654510d: no usable pages in manifest.,2026-07-17T20:25:08.194668
leconstitutionnel,bpt6k654511s,,failed,0,0,,no_usable_pages,known,,,bpt6k654511s: no usable pages in manifest.,2026-07-17T20:25:08.289390
leconstitutionnel,bpt6k6545125,,failed,0,0,,no_usable_pages,known,,,bpt6k6545125: no usable pages in manifest.,2026-07-17T20:25:08.363855
leconstitutionnel,bpt6k654513j,,failed,0,0,,no_usable_pages,known,,,bpt6k654513j: no usable pages in manifest.,2026-07-17T20:25:08.436751
leconstitutionnel,bpt6k654514x,,failed,0,0,,no_usable_pages,known,,,bpt6k654514x: no usable pages in manifest.,2026-07-17T20:25:08.630298
leconstitutionnel,bpt6k6545159,,failed,0,0,,no_usable_pages,known,,,bpt6k6545159: no usable pages in manifest.,2026-07-17T20:25:08.762820
leconstitutionnel,bpt6k654516p,,failed,0,0,,no_usable_pages,known,,,bpt6k654516p: no usable pages in manifest.,2026-07-17T20:25:08.924383
leconstitutionnel,bpt6k6545172,,failed,0,0,,no_usable_pages,known,,,bpt6k6545172: no usable pages in manifest.,2026-07-17T20:25:09.028032
leconstitutionnel,bpt6k654518f,,failed,0,0,,no_usable_pages,known,,,bpt6k654518f: no usable pages in manifest.,2026-07-17T20:25:09.130967
leconstitutionnel,bpt6k654519t,,failed,0,0,,no_usable_pages,known,,,bpt6k654519t: no usable pages in manifest.,2026-07-17T20:25:09.209437
leconstitutionnel,bpt6k654520r,,failed,0,0,,no_usable_pages,known,,,bpt6k654520r: no usable pages in manifest.,2026-07-17T20:25:09.273980
leconstitutionnel,bpt6k6545214,,failed,0,0,,no_usable_pages,known,,,bpt6k6545214: no usable pages in manifest.,2026-07-17T20:25:09.325201
leconstitutionnel,bpt6k654522h,,failed,0,0,,no_usable_pages,known,,,bpt6k654522h: no usable pages in manifest.,2026-07-17T20:25:09.403664
leconstitutionnel,bpt6k654523w,,failed,0,0,,no_usable_pages,known,,,bpt6k654523w: no usable pages in manifest.,2026-07-17T20:25:09.467085
leconstitutionnel,bpt6k6545248,,failed,0,0,,no_usable_pages,known,,,bpt6k6545248: no usable pages in manifest.,2026-07-17T20:25:09.595445
leconstitutionnel,bpt6k654525n,,failed,0,0,,no_usable_pages,known,,,bpt6k654525n: no usable pages in manifest.,2026-07-17T20:25:09.720221
leconstitutionnel,bpt6k6545261,,failed,0,0,,no_usable_pages,known,,,bpt6k6545261: no usable pages in manifest.,2026-07-17T20:25:09.800284
leconstitutionnel,bpt6k654527d,,failed,0,0,,no_usable_pages,known,,,bpt6k654527d: no usable pages in manifest.,2026-07-17T20:25:09.921799
leconstitutionnel,bpt6k654528s,,failed,0,0,,no_usable_pages,known,,,bpt6k654528s: no usable pages in manifest.,2026-07-17T20:25:10.025183
leconstitutionnel,bpt6k6545295,,failed,0,0,,no_usable_pages,known,,,bpt6k6545295: no usable pages in manifest.,2026-07-17T20:25:10.113516
leconstitutionnel,bpt6k6545303,,failed,0,0,,no_usable_pages,known,,,bpt6k6545303: no usable pages in manifest.,2026-07-17T20:25:10.234638
leconstitutionnel,bpt6k654531g,,failed,0,0,,no_usable_pages,known,,,bpt6k654531g: no usable pages in manifest.,2026-07-17T20:25:10.316218
leconstitutionnel,bpt6k654532v,,failed,0,0,,no_usable_pages,known,,,bpt6k654532v: no usable pages in manifest.,2026-07-17T20:25:10.402065
leconstitutionnel,bpt6k6545337,,failed,0,0,,no_usable_pages,known,,,bpt6k6545337: no usable pages in manifest.,2026-07-17T20:25:10.468034
leconstitutionnel,bpt6k654534m,,failed,0,0,,no_usable_pages,known,,,bpt6k654534m: no usable pages in manifest.,2026-07-17T20:25:10.566476
leconstitutionnel,bpt6k6545350,,failed,0,0,,no_usable_pages,known,,,bpt6k6545350: no usable pages in manifest.,2026-07-17T20:25:10.744574
leconstitutionnel,bpt6k654536c,,failed,0,0,,no_usable_pages,known,,,bpt6k654536c: no usable pages in manifest.,2026-07-17T20:25:10.839530
leconstitutionnel,bpt6k654537r,,failed,0,0,,no_usable_pages,known,,,bpt6k654537r: no usable pages in manifest.,2026-07-17T20:25:10.970987
leconstitutionnel,bpt6k6545384,,failed,0,0,,no_usable_pages,known,,,bpt6k6545384: no usable pages in manifest.,2026-07-17T20:25:11.102246
leconstitutionnel,bpt6k654539h,,failed,0,0,,no_usable_pages,known,,,bpt6k654539h: no usable pages in manifest.,2026-07-17T20:25:11.208675
leconstitutionnel,bpt6k654540f,,failed,0,0,,no_usable_pages,known,,,bpt6k654540f: no usable pages in manifest.,2026-07-17T20:25:11.323343
leconstitutionnel,bpt6k654541t,,failed,0,0,,no_usable_pages,known,,,bpt6k654541t: no usable pages in manifest.,2026-07-17T20:25:11.384352
leconstitutionnel,bpt6k6545426,,failed,0,0,,no_usable_pages,known,,,bpt6k6545426: no usable pages in manifest.,2026-07-17T20:25:11.466339
leconstitutionnel,bpt6k654543k,,failed,0,0,,no_usable_pages,known,,,bpt6k654543k: no usable pages in manifest.,2026-07-17T20:25:11.534472
leconstitutionnel,bpt6k654544z,,failed,0,0,,no_usable_pages,known,,,bpt6k654544z: no usable pages in manifest.,2026-07-17T20:25:11.600143
leconstitutionnel,bpt6k654545b,,failed,0,0,,no_usable_pages,known,,,bpt6k654545b: no usable pages in manifest.,2026-07-17T20:25:11.676911
leconstitutionnel,bpt6k654546q,,failed,0,0,,no_usable_pages,known,,,bpt6k654546q: no usable pages in manifest.,2026-07-17T20:25:11.827771
leconstitutionnel,bpt6k6545473,,failed,0,0,,no_usable_pages,known,,,bpt6k6545473: no usable pages in manifest.,2026-07-17T20:25:11.914896
leconstitutionnel,bpt6k654548g,,failed,0,0,,no_usable_pages,known,,,bpt6k654548g: no usable pages in manifest.,2026-07-17T20:25:12.029698
leconstitutionnel,bpt6k654549v,,failed,0,0,,no_usable_pages,known,,,bpt6k654549v: no usable pages in manifest.,2026-07-17T20:25:12.118054
leconstitutionnel,bpt6k654550s,,failed,0,0,,no_usable_pages,known,,,bpt6k654550s: no usable pages in manifest.,2026-07-17T20:25:12.204585
leconstitutionnel,bpt6k6545515,,failed,0,0,,no_usable_pages,known,,,bpt6k6545515: no usable pages in manifest.,2026-07-17T20:25:12.284548
leconstitutionnel,bpt6k654552j,,failed,0,0,,no_usable_pages,known,,,bpt6k654552j: no usable pages in manifest.,2026-07-17T20:25:12.363973
leconstitutionnel,bpt6k654553x,,failed,0,0,,no_usable_pages,known,,,bpt6k654553x: no usable pages in manifest.,2026-07-17T20:25:12.439560
leconstitutionnel,bpt6k6545549,,failed,0,0,,no_usable_pages,known,,,bpt6k6545549: no usable pages in manifest.,2026-07-17T20:25:12.528007
leconstitutionnel,bpt6k654555p,,failed,0,0,,no_usable_pages,known,,,bpt6k654555p: no usable pages in manifest.,2026-07-17T20:25:12.637281
leconstitutionnel,bpt6k6545562,,failed,0,0,,no_usable_pages,known,,,bpt6k6545562: no usable pages in manifest.,2026-07-17T20:25:12.720435
leconstitutionnel,bpt6k654557f,,failed,0,0,,no_usable_pages,known,,,bpt6k654557f: no usable pages in manifest.,2026-07-17T20:25:12.857630
leconstitutionnel,bpt6k654558t,,failed,0,0,,no_usable_pages,known,,,bpt6k654558t: no usable pages in manifest.,2026-07-17T20:25:12.940951
leconstitutionnel,bpt6k6545596,,failed,0,0,,no_usable_pages,known,,,bpt6k6545596: no usable pages in manifest.,2026-07-17T20:25:13.010058
leconstitutionnel,bpt6k6545604,,failed,0,0,,no_usable_pages,known,,,bpt6k6545604: no usable pages in manifest.,2026-07-17T20:25:13.101874
leconstitutionnel,bpt6k654561h,,failed,0,0,,no_usable_pages,known,,,bpt6k654561h: no usable pages in manifest.,2026-07-17T20:25:13.177250
leconstitutionnel,bpt6k654562w,,failed,0,0,,no_usable_pages,known,,,bpt6k654562w: no usable pages in manifest.,2026-07-17T20:25:13.306956
leconstitutionnel,bpt6k6545638,,failed,0,0,,no_usable_pages,known,,,bpt6k6545638: no usable pages in manifest.,2026-07-17T20:25:13.394585
leconstitutionnel,bpt6k654564n,,failed,0,0,,no_usable_pages,known,,,bpt6k654564n: no usable pages in manifest.,2026-07-17T20:25:13.467943
leconstitutionnel,bpt6k6545651,,failed,0,0,,no_usable_pages,known,,,bpt6k6545651: no usable pages in manifest.,2026-07-17T20:25:13.552390
leconstitutionnel,bpt6k654566d,,failed,0,0,,no_usable_pages,known,,,bpt6k654566d: no usable pages in manifest.,2026-07-17T20:25:13.653215
leconstitutionnel,bpt6k654567s,,failed,0,0,,no_usable_pages,known,,,bpt6k654567s: no usable pages in manifest.,2026-07-17T20:25:13.763304
leconstitutionnel,bpt6k6545685,,failed,0,0,,no_usable_pages,known,,,bpt6k6545685: no usable pages in manifest.,2026-07-17T20:25:13.912733
leconstitutionnel,bpt6k654569j,,failed,0,0,,no_usable_pages,known,,,bpt6k654569j: no usable pages in manifest.,2026-07-17T20:25:14.000124
leconstitutionnel,bpt6k654570g,,failed,0,0,,no_usable_pages,known,,,bpt6k654570g: no usable pages in manifest.,2026-07-17T20:25:14.080420
leconstitutionnel,bpt6k654571v,,failed,0,0,,no_usable_pages,known,,,bpt6k654571v: no usable pages in manifest.,2026-07-17T20:25:14.175112
leconstitutionnel,bpt6k6545727,,failed,0,0,,no_usable_pages,known,,,bpt6k6545727: no usable pages in manifest.,2026-07-17T20:25:14.256535
leconstitutionnel,bpt6k654573m,,failed,0,0,,no_usable_pages,known,,,bpt6k654573m: no usable pages in manifest.,2026-07-17T20:25:14.341308
leconstitutionnel,bpt6k6545740,,failed,0,0,,no_usable_pages,known,,,bpt6k6545740: no usable pages in manifest.,2026-07-17T20:25:14.445584
leconstitutionnel,bpt6k654575c,,failed,0,0,,no_usable_pages,known,,,bpt6k654575c: no usable pages in manifest.,2026-07-17T20:25:14.547631
leconstitutionnel,bpt6k654576r,,failed,0,0,,no_usable_pages,known,,,bpt6k654576r: no usable pages in manifest.,2026-07-17T20:25:14.678201
leconstitutionnel,bpt6k6545774,,failed,0,0,,no_usable_pages,known,,,bpt6k6545774: no usable pages in manifest.,2026-07-17T20:25:14.840194
leconstitutionnel,bpt6k654578h,,failed,0,0,,no_usable_pages,known,,,bpt6k654578h: no usable pages in manifest.,2026-07-17T20:25:15.060035
leconstitutionnel,bpt6k654579w,,failed,0,0,,no_usable_pages,known,,,bpt6k654579w: no usable pages in manifest.,2026-07-17T20:25:15.140216
leconstitutionnel,bpt6k654580t,,failed,0,0,,no_usable_pages,known,,,bpt6k654580t: no usable pages in manifest.,2026-07-17T20:25:15.218807
leconstitutionnel,bpt6k6545816,,failed,0,0,,no_usable_pages,known,,,bpt6k6545816: no usable pages in manifest.,2026-07-17T20:25:15.349192
leconstitutionnel,bpt6k654582k,,failed,0,0,,no_usable_pages,known,,,bpt6k654582k: no usable pages in manifest.,2026-07-17T20:25:15.442552
leconstitutionnel,bpt6k654583z,,failed,0,0,,no_usable_pages,known,,,bpt6k654583z: no usable pages in manifest.,2026-07-17T20:25:15.547742
leconstitutionnel,bpt6k654584b,,failed,0,0,,no_usable_pages,known,,,bpt6k654584b: no usable pages in manifest.,2026-07-17T20:25:15.669166
leconstitutionnel,bpt6k654585q,,failed,0,0,,no_usable_pages,known,,,bpt6k654585q: no usable pages in manifest.,2026-07-17T20:25:15.762421
leconstitutionnel,bpt6k6545863,,failed,0,0,,no_usable_pages,known,,,bpt6k6545863: no usable pages in manifest.,2026-07-17T20:25:15.835884
leconstitutionnel,bpt6k654587g,,failed,0,0,,no_usable_pages,known,,,bpt6k654587g: no usable pages in manifest.,2026-07-17T20:25:15.909561
leconstitutionnel,bpt6k654588v,,failed,0,0,,no_usable_pages,known,,,bpt6k654588v: no usable pages in manifest.,2026-07-17T20:25:16.053694
leconstitutionnel,bpt6k6545897,,failed,0,0,,no_usable_pages,known,,,bpt6k6545897: no usable pages in manifest.,2026-07-17T20:25:16.116972
leconstitutionnel,bpt6k6545905,,failed,0,0,,no_usable_pages,known,,,bpt6k6545905: no usable pages in manifest.,2026-07-17T20:25:16.188341
leconstitutionnel,bpt6k654591j,,failed,0,0,,no_usable_pages,known,,,bpt6k654591j: no usable pages in manifest.,2026-07-17T20:25:16.313118
leconstitutionnel,bpt6k654592x,,failed,0,0,,no_usable_pages,known,,,bpt6k654592x: no usable pages in manifest.,2026-07-17T20:25:16.475618
leconstitutionnel,bpt6k6545939,,failed,0,0,,no_usable_pages,known,,,bpt6k6545939: no usable pages in manifest.,2026-07-17T20:25:16.590247
leconstitutionnel,bpt6k654594p,,failed,0,0,,no_usable_pages,known,,,bpt6k654594p: no usable pages in manifest.,2026-07-17T20:25:16.667366
leconstitutionnel,bpt6k6545952,,failed,0,0,,no_usable_pages,known,,,bpt6k6545952: no usable pages in manifest.,2026-07-17T20:25:16.742404
leconstitutionnel,bpt6k654596f,,failed,0,0,,no_usable_pages,known,,,bpt6k654596f: no usable pages in manifest.,2026-07-17T20:25:16.839859
leconstitutionnel,bpt6k654597t,,failed,0,0,,no_usable_pages,known,,,bpt6k654597t: no usable pages in manifest.,2026-07-17T20:25:16.908059
leconstitutionnel,bpt6k6545986,,failed,0,0,,no_usable_pages,known,,,bpt6k6545986: no usable pages in manifest.,2026-07-17T20:25:16.960286
leconstitutionnel,bpt6k654599k,,failed,0,0,,no_usable_pages,known,,,bpt6k654599k: no usable pages in manifest.,2026-07-17T20:25:17.130943
leconstitutionnel,bpt6k654600c,,failed,0,0,,no_usable_pages,known,,,bpt6k654600c: no usable pages in manifest.,2026-07-17T20:25:17.240938
leconstitutionnel,bpt6k654601r,,failed,0,0,,no_usable_pages,known,,,bpt6k654601r: no usable pages in manifest.,2026-07-17T20:25:17.363850
leconstitutionnel,bpt6k6546024,,failed,0,0,,no_usable_pages,known,,,bpt6k6546024: no usable pages in manifest.,2026-07-17T20:25:17.475550
leconstitutionnel,bpt6k654603h,,failed,0,0,,no_usable_pages,known,,,bpt6k654603h: no usable pages in manifest.,2026-07-17T20:25:17.619979
leconstitutionnel,bpt6k654604w,,failed,0,0,,no_usable_pages,known,,,bpt6k654604w: no usable pages in manifest.,2026-07-17T20:25:17.755547
leconstitutionnel,bpt6k6546058,,failed,0,0,,no_usable_pages,known,,,bpt6k6546058: no usable pages in manifest.,2026-07-17T20:25:17.861377
leconstitutionnel,bpt6k654606n,,failed,0,0,,no_usable_pages,known,,,bpt6k654606n: no usable pages in manifest.,2026-07-17T20:25:17.943003
leconstitutionnel,bpt6k6546071,,failed,0,0,,no_usable_pages,known,,,bpt6k6546071: no usable pages in manifest.,2026-07-17T20:25:18.132018
leconstitutionnel,bpt6k654608d,,failed,0,0,,no_usable_pages,known,,,bpt6k654608d: no usable pages in manifest.,2026-07-17T20:25:18.295837
leconstitutionnel,bpt6k654609s,,failed,0,0,,no_usable_pages,known,,,bpt6k654609s: no usable pages in manifest.,2026-07-17T20:25:18.382039
leconstitutionnel,bpt6k654610q,,failed,0,0,,no_usable_pages,known,,,bpt6k654610q: no usable pages in manifest.,2026-07-17T20:25:18.493232
leconstitutionnel,bpt6k6546113,,failed,0,0,,no_usable_pages,known,,,bpt6k6546113: no usable pages in manifest.,2026-07-17T20:25:18.579041
leconstitutionnel,bpt6k654612g,,failed,0,0,,no_usable_pages,known,,,bpt6k654612g: no usable pages in manifest.,2026-07-17T20:25:18.652079
leconstitutionnel,bpt6k654613v,,failed,0,0,,no_usable_pages,known,,,bpt6k654613v: no usable pages in manifest.,2026-07-17T20:25:18.721170
leconstitutionnel,bpt6k6546147,,failed,0,0,,no_usable_pages,known,,,bpt6k6546147: no usable pages in manifest.,2026-07-17T20:25:18.868127
leconstitutionnel,bpt6k654615m,,failed,0,0,,no_usable_pages,known,,,bpt6k654615m: no usable pages in manifest.,2026-07-17T20:25:18.938503
leconstitutionnel,bpt6k6546160,,failed,0,0,,no_usable_pages,known,,,bpt6k6546160: no usable pages in manifest.,2026-07-17T20:25:19.039258
leconstitutionnel,bpt6k654617c,,failed,0,0,,no_usable_pages,known,,,bpt6k654617c: no usable pages in manifest.,2026-07-17T20:25:19.171984
leconstitutionnel,bpt6k654618r,,failed,0,0,,no_usable_pages,known,,,bpt6k654618r: no usable pages in manifest.,2026-07-17T20:25:19.239098
leconstitutionnel,bpt6k6546194,,failed,0,0,,no_usable_pages,known,,,bpt6k6546194: no usable pages in manifest.,2026-07-17T20:25:19.301740
leconstitutionnel,bpt6k6546202,,failed,0,0,,no_usable_pages,known,,,bpt6k6546202: no usable pages in manifest.,2026-07-17T20:25:19.429600
leconstitutionnel,bpt6k654621f,,failed,0,0,,no_usable_pages,known,,,bpt6k654621f: no usable pages in manifest.,2026-07-17T20:25:19.528671
leconstitutionnel,bpt6k654622t,,failed,0,0,,no_usable_pages,known,,,bpt6k654622t: no usable pages in manifest.,2026-07-17T20:25:19.631272
leconstitutionnel,bpt6k6546236,,failed,0,0,,no_usable_pages,known,,,bpt6k6546236: no usable pages in manifest.,2026-07-17T20:25:19.711438
leconstitutionnel,bpt6k654624k,,failed,0,0,,no_usable_pages,known,,,bpt6k654624k: no usable pages in manifest.,2026-07-17T20:25:19.850654
leconstitutionnel,bpt6k654625z,,failed,0,0,,no_usable_pages,known,,,bpt6k654625z: no usable pages in manifest.,2026-07-17T20:25:19.923752
leconstitutionnel,bpt6k654626b,,failed,0,0,,no_usable_pages,known,,,bpt6k654626b: no usable pages in manifest.,2026-07-17T20:25:20.007493
leconstitutionnel,bpt6k654627q,,failed,0,0,,no_usable_pages,known,,,bpt6k654627q: no usable pages in manifest.,2026-07-17T20:25:20.080723
leconstitutionnel,bpt6k6546283,,failed,0,0,,no_usable_pages,known,,,bpt6k6546283: no usable pages in manifest.,2026-07-17T20:25:20.226089
leconstitutionnel,bpt6k654629g,,failed,0,0,,no_usable_pages,known,,,bpt6k654629g: no usable pages in manifest.,2026-07-17T20:25:20.321652
leconstitutionnel,bpt6k654630d,,failed,0,0,,no_usable_pages,known,,,bpt6k654630d: no usable pages in manifest.,2026-07-17T20:25:20.423485
leconstitutionnel,bpt6k654631s,,failed,0,0,,no_usable_pages,known,,,bpt6k654631s: no usable pages in manifest.,2026-07-17T20:25:20.540945
leconstitutionnel,bpt6k6546325,,failed,0,0,,no_usable_pages,known,,,bpt6k6546325: no usable pages in manifest.,2026-07-17T20:25:20.643688
leconstitutionnel,bpt6k654633j,,failed,0,0,,no_usable_pages,known,,,bpt6k654633j: no usable pages in manifest.,2026-07-17T20:25:20.740972
leconstitutionnel,bpt6k654634x,,failed,0,0,,no_usable_pages,known,,,bpt6k654634x: no usable pages in manifest.,2026-07-17T20:25:20.811643
leconstitutionnel,bpt6k6546359,,failed,0,0,,no_usable_pages,known,,,bpt6k6546359: no usable pages in manifest.,2026-07-17T20:25:20.943403
leconstitutionnel,bpt6k654636p,,failed,0,0,,no_usable_pages,known,,,bpt6k654636p: no usable pages in manifest.,2026-07-17T20:25:21.059317
leconstitutionnel,bpt6k6546372,,failed,0,0,,no_usable_pages,known,,,bpt6k6546372: no usable pages in manifest.,2026-07-17T20:25:21.133429
leconstitutionnel,bpt6k654638f,,failed,0,0,,no_usable_pages,known,,,bpt6k654638f: no usable pages in manifest.,2026-07-17T20:25:21.293013
leconstitutionnel,bpt6k654639t,,failed,0,0,,no_usable_pages,known,,,bpt6k654639t: no usable pages in manifest.,2026-07-17T20:25:21.369973
leconstitutionnel,bpt6k654640r,,failed,0,0,,no_usable_pages,known,,,bpt6k654640r: no usable pages in manifest.,2026-07-17T20:25:21.504109
leconstitutionnel,bpt6k6546414,,failed,0,0,,no_usable_pages,known,,,bpt6k6546414: no usable pages in manifest.,2026-07-17T20:25:21.603424
leconstitutionnel,bpt6k654642h,,failed,0,0,,no_usable_pages,known,,,bpt6k654642h: no usable pages in manifest.,2026-07-17T20:25:21.704401
leconstitutionnel,bpt6k654643w,,failed,0,0,,no_usable_pages,known,,,bpt6k654643w: no usable pages in manifest.,2026-07-17T20:25:21.784896
leconstitutionnel,bpt6k6546448,,failed,0,0,,no_usable_pages,known,,,bpt6k6546448: no usable pages in manifest.,2026-07-17T20:25:21.862563
leconstitutionnel,bpt6k654645n,,failed,0,0,,no_usable_pages,known,,,bpt6k654645n: no usable pages in manifest.,2026-07-17T20:25:21.930061
leconstitutionnel,bpt6k6546461,,failed,0,0,,no_usable_pages,known,,,bpt6k6546461: no usable pages in manifest.,2026-07-17T20:25:22.026557
leconstitutionnel,bpt6k654647d,,failed,0,0,,no_usable_pages,known,,,bpt6k654647d: no usable pages in manifest.,2026-07-17T20:25:22.152300
leconstitutionnel,bpt6k654648s,,failed,0,0,,no_usable_pages,known,,,bpt6k654648s: no usable pages in manifest.,2026-07-17T20:25:22.350427
leconstitutionnel,bpt6k6546495,,failed,0,0,,no_usable_pages,known,,,bpt6k6546495: no usable pages in manifest.,2026-07-17T20:25:22.450375
leconstitutionnel,bpt6k6546503,,failed,0,0,,no_usable_pages,known,,,bpt6k6546503: no usable pages in manifest.,2026-07-17T20:25:22.579010
leconstitutionnel,bpt6k654651g,,failed,0,0,,no_usable_pages,known,,,bpt6k654651g: no usable pages in manifest.,2026-07-17T20:25:22.727191
leconstitutionnel,bpt6k654652v,,failed,0,0,,no_usable_pages,known,,,bpt6k654652v: no usable pages in manifest.,2026-07-17T20:25:22.828282
leconstitutionnel,bpt6k6546537,,failed,0,0,,no_usable_pages,known,,,bpt6k6546537: no usable pages in manifest.,2026-07-17T20:25:22.915867
leconstitutionnel,bpt6k654654m,,failed,0,0,,no_usable_pages,known,,,bpt6k654654m: no usable pages in manifest.,2026-07-17T20:25:23.007413
leconstitutionnel,bpt6k6546550,,failed,0,0,,no_usable_pages,known,,,bpt6k6546550: no usable pages in manifest.,2026-07-17T20:25:23.158163
leconstitutionnel,bpt6k654656c,,failed,0,0,,no_usable_pages,known,,,bpt6k654656c: no usable pages in manifest.,2026-07-17T20:25:23.298944
leconstitutionnel,bpt6k654657r,,failed,0,0,,no_usable_pages,known,,,bpt6k654657r: no usable pages in manifest.,2026-07-17T20:25:23.432229
leconstitutionnel,bpt6k6546584,,failed,0,0,,no_usable_pages,known,,,bpt6k6546584: no usable pages in manifest.,2026-07-17T20:25:23.531685
leconstitutionnel,bpt6k654659h,,failed,0,0,,no_usable_pages,known,,,bpt6k654659h: no usable pages in manifest.,2026-07-17T20:25:23.614920
leconstitutionnel,bpt6k654660f,,failed,0,0,,no_usable_pages,known,,,bpt6k654660f: no usable pages in manifest.,2026-07-17T20:25:23.712362
leconstitutionnel,bpt6k654661t,,failed,0,0,,no_usable_pages,known,,,bpt6k654661t: no usable pages in manifest.,2026-07-17T20:25:23.794615
leconstitutionnel,bpt6k6546626,,failed,0,0,,no_usable_pages,known,,,bpt6k6546626: no usable pages in manifest.,2026-07-17T20:25:23.868963
leconstitutionnel,bpt6k654663k,,failed,0,0,,no_usable_pages,known,,,bpt6k654663k: no usable pages in manifest.,2026-07-17T20:25:23.947003
leconstitutionnel,bpt6k654664z,,failed,0,0,,no_usable_pages,known,,,bpt6k654664z: no usable pages in manifest.,2026-07-17T20:25:24.037757
leconstitutionnel,bpt6k654665b,,failed,0,0,,no_usable_pages,known,,,bpt6k654665b: no usable pages in manifest.,2026-07-17T20:25:24.117985
leconstitutionnel,bpt6k654666q,,failed,0,0,,no_usable_pages,known,,,bpt6k654666q: no usable pages in manifest.,2026-07-17T20:25:24.195063
leconstitutionnel,bpt6k6546673,,failed,0,0,,no_usable_pages,known,,,bpt6k6546673: no usable pages in manifest.,2026-07-17T20:25:24.338997
leconstitutionnel,bpt6k654668g,,failed,0,0,,no_usable_pages,known,,,bpt6k654668g: no usable pages in manifest.,2026-07-17T20:25:24.495923
leconstitutionnel,bpt6k654669v,,failed,0,0,,no_usable_pages,known,,,bpt6k654669v: no usable pages in manifest.,2026-07-17T20:25:24.601996
leconstitutionnel,bpt6k654670s,,failed,0,0,,no_usable_pages,known,,,bpt6k654670s: no usable pages in manifest.,2026-07-17T20:25:24.709758
leconstitutionnel,bpt6k6546715,,failed,0,0,,no_usable_pages,known,,,bpt6k6546715: no usable pages in manifest.,2026-07-17T20:25:24.786127
leconstitutionnel,bpt6k654672j,,failed,0,0,,no_usable_pages,known,,,bpt6k654672j: no usable pages in manifest.,2026-07-17T20:25:24.856167
leconstitutionnel,bpt6k654673x,,failed,0,0,,no_usable_pages,known,,,bpt6k654673x: no usable pages in manifest.,2026-07-17T20:25:24.934361
leconstitutionnel,bpt6k6546749,,failed,0,0,,no_usable_pages,known,,,bpt6k6546749: no usable pages in manifest.,2026-07-17T20:25:24.994809
leconstitutionnel,bpt6k654675p,,failed,0,0,,no_usable_pages,known,,,bpt6k654675p: no usable pages in manifest.,2026-07-17T20:25:25.081762
leconstitutionnel,bpt6k6546762,,failed,0,0,,no_usable_pages,known,,,bpt6k6546762: no usable pages in manifest.,2026-07-17T20:25:25.192392
leconstitutionnel,bpt6k654677f,,failed,0,0,,no_usable_pages,known,,,bpt6k654677f: no usable pages in manifest.,2026-07-17T20:25:25.378186
leconstitutionnel,bpt6k654678t,,failed,0,0,,no_usable_pages,known,,,bpt6k654678t: no usable pages in manifest.,2026-07-17T20:25:25.469281
leconstitutionnel,bpt6k6546796,,failed,0,0,,no_usable_pages,known,,,bpt6k6546796: no usable pages in manifest.,2026-07-17T20:25:25.543894
leconstitutionnel,bpt6k6546804,,failed,0,0,,no_usable_pages,known,,,bpt6k6546804: no usable pages in manifest.,2026-07-17T20:25:25.674846
leconstitutionnel,bpt6k654681h,,failed,0,0,,no_usable_pages,known,,,bpt6k654681h: no usable pages in manifest.,2026-07-17T20:25:25.752010
leconstitutionnel,bpt6k654682w,,failed,0,0,,no_usable_pages,known,,,bpt6k654682w: no usable pages in manifest.,2026-07-17T20:25:25.901476
leconstitutionnel,bpt6k6546838,,failed,0,0,,no_usable_pages,known,,,bpt6k6546838: no usable pages in manifest.,2026-07-17T20:25:26.018617
leconstitutionnel,bpt6k654684n,,failed,0,0,,no_usable_pages,known,,,bpt6k654684n: no usable pages in manifest.,2026-07-17T20:25:26.106435
leconstitutionnel,bpt6k6546851,,failed,0,0,,no_usable_pages,known,,,bpt6k6546851: no usable pages in manifest.,2026-07-17T20:25:26.214873
leconstitutionnel,bpt6k654686d,,failed,0,0,,no_usable_pages,known,,,bpt6k654686d: no usable pages in manifest.,2026-07-17T20:25:26.302713
leconstitutionnel,bpt6k654687s,,failed,0,0,,no_usable_pages,known,,,bpt6k654687s: no usable pages in manifest.,2026-07-17T20:25:26.416699
leconstitutionnel,bpt6k6546885,,failed,0,0,,no_usable_pages,known,,,bpt6k6546885: no usable pages in manifest.,2026-07-17T20:25:26.514816
leconstitutionnel,bpt6k654689j,,failed,0,0,,no_usable_pages,known,,,bpt6k654689j: no usable pages in manifest.,2026-07-17T20:25:26.585584
leconstitutionnel,bpt6k654690g,,failed,0,0,,no_usable_pages,known,,,bpt6k654690g: no usable pages in manifest.,2026-07-17T20:25:26.673672
leconstitutionnel,bpt6k654691v,,failed,0,0,,no_usable_pages,known,,,bpt6k654691v: no usable pages in manifest.,2026-07-17T20:25:26.790475
leconstitutionnel,bpt6k6546927,,failed,0,0,,no_usable_pages,known,,,bpt6k6546927: no usable pages in manifest.,2026-07-17T20:25:26.862744
leconstitutionnel,bpt6k654693m,,failed,0,0,,no_usable_pages,known,,,bpt6k654693m: no usable pages in manifest.,2026-07-17T20:25:26.940240
leconstitutionnel,bpt6k6546940,,failed,0,0,,no_usable_pages,known,,,bpt6k6546940: no usable pages in manifest.,2026-07-17T20:25:27.032511
leconstitutionnel,bpt6k654695c,,failed,0,0,,no_usable_pages,known,,,bpt6k654695c: no usable pages in manifest.,2026-07-17T20:25:27.171841
leconstitutionnel,bpt6k654696r,,failed,0,0,,no_usable_pages,known,,,bpt6k654696r: no usable pages in manifest.,2026-07-17T20:25:27.270739
leconstitutionnel,bpt6k6546974,,failed,0,0,,no_usable_pages,known,,,bpt6k6546974: no usable pages in manifest.,2026-07-17T20:25:27.387622
leconstitutionnel,bpt6k654698h,,failed,0,0,,no_usable_pages,known,,,bpt6k654698h: no usable pages in manifest.,2026-07-17T20:25:27.492603
leconstitutionnel,bpt6k654699w,,failed,0,0,,no_usable_pages,known,,,bpt6k654699w: no usable pages in manifest.,2026-07-17T20:25:27.579893
leconstitutionnel,bpt6k654700p,,failed,0,0,,no_usable_pages,known,,,bpt6k654700p: no usable pages in manifest.,2026-07-17T20:25:27.663156
leconstitutionnel,bpt6k6547012,,failed,0,0,,no_usable_pages,known,,,bpt6k6547012: no usable pages in manifest.,2026-07-17T20:25:27.761132
leconstitutionnel,bpt6k654702f,,failed,0,0,,no_usable_pages,known,,,bpt6k654702f: no usable pages in manifest.,2026-07-17T20:25:27.847664
leconstitutionnel,bpt6k654703t,,failed,0,0,,no_usable_pages,known,,,bpt6k654703t: no usable pages in manifest.,2026-07-17T20:25:27.927616
leconstitutionnel,bpt6k6547046,,failed,0,0,,no_usable_pages,known,,,bpt6k6547046: no usable pages in manifest.,2026-07-17T20:25:28.014756
leconstitutionnel,bpt6k654705k,,failed,0,0,,no_usable_pages,known,,,bpt6k654705k: no usable pages in manifest.,2026-07-17T20:25:28.085414
leconstitutionnel,bpt6k654706z,,failed,0,0,,no_usable_pages,known,,,bpt6k654706z: no usable pages in manifest.,2026-07-17T20:25:28.186397
leconstitutionnel,bpt6k654707b,,failed,0,0,,no_usable_pages,known,,,bpt6k654707b: no usable pages in manifest.,2026-07-17T20:25:28.268003
leconstitutionnel,bpt6k654708q,,failed,0,0,,no_usable_pages,known,,,bpt6k654708q: no usable pages in manifest.,2026-07-17T20:25:28.374939
leconstitutionnel,bpt6k6547093,,failed,0,0,,no_usable_pages,known,,,bpt6k6547093: no usable pages in manifest.,2026-07-17T20:25:28.540452
leconstitutionnel,bpt6k6547101,,failed,0,0,,no_usable_pages,known,,,bpt6k6547101: no usable pages in manifest.,2026-07-17T20:25:28.664897
leconstitutionnel,bpt6k654711d,,failed,0,0,,no_usable_pages,known,,,bpt6k654711d: no usable pages in manifest.,2026-07-17T20:25:28.768157
leconstitutionnel,bpt6k654712s,,failed,0,0,,no_usable_pages,known,,,bpt6k654712s: no usable pages in manifest.,2026-07-17T20:25:28.870168
leconstitutionnel,bpt6k6547135,,failed,0,0,,no_usable_pages,known,,,bpt6k6547135: no usable pages in manifest.,2026-07-17T20:25:29.016472
leconstitutionnel,bpt6k654714j,,failed,0,0,,no_usable_pages,known,,,bpt6k654714j: no usable pages in manifest.,2026-07-17T20:25:29.100932
leconstitutionnel,bpt6k654715x,,failed,0,0,,no_usable_pages,known,,,bpt6k654715x: no usable pages in manifest.,2026-07-17T20:25:29.182168
leconstitutionnel,bpt6k6547169,,failed,0,0,,no_usable_pages,known,,,bpt6k6547169: no usable pages in manifest.,2026-07-17T20:25:29.265563
leconstitutionnel,bpt6k654717p,,failed,0,0,,no_usable_pages,known,,,bpt6k654717p: no usable pages in manifest.,2026-07-17T20:25:29.360980
leconstitutionnel,bpt6k6547182,,failed,0,0,,no_usable_pages,known,,,bpt6k6547182: no usable pages in manifest.,2026-07-17T20:25:29.429323
leconstitutionnel,bpt6k654719f,,failed,0,0,,no_usable_pages,known,,,bpt6k654719f: no usable pages in manifest.,2026-07-17T20:25:29.603956
leconstitutionnel,bpt6k654720c,,failed,0,0,,no_usable_pages,known,,,bpt6k654720c: no usable pages in manifest.,2026-07-17T20:25:29.739230
leconstitutionnel,bpt6k654721r,,failed,0,0,,no_usable_pages,known,,,bpt6k654721r: no usable pages in manifest.,2026-07-17T20:25:29.833553
leconstitutionnel,bpt6k6547224,,failed,0,0,,no_usable_pages,known,,,bpt6k6547224: no usable pages in manifest.,2026-07-17T20:25:29.946707
leconstitutionnel,bpt6k654723h,,failed,0,0,,no_usable_pages,known,,,bpt6k654723h: no usable pages in manifest.,2026-07-17T20:25:30.031312
leconstitutionnel,bpt6k654724w,,failed,0,0,,no_usable_pages,known,,,bpt6k654724w: no usable pages in manifest.,2026-07-17T20:25:30.115275
leconstitutionnel,bpt6k6547258,,failed,0,0,,no_usable_pages,known,,,bpt6k6547258: no usable pages in manifest.,2026-07-17T20:25:30.206554
leconstitutionnel,bpt6k654726n,,failed,0,0,,no_usable_pages,known,,,bpt6k654726n: no usable pages in manifest.,2026-07-17T20:25:30.335529
leconstitutionnel,bpt6k6547271,,failed,0,0,,no_usable_pages,known,,,bpt6k6547271: no usable pages in manifest.,2026-07-17T20:25:30.439092
leconstitutionnel,bpt6k654728d,,failed,0,0,,no_usable_pages,known,,,bpt6k654728d: no usable pages in manifest.,2026-07-17T20:25:30.538413
leconstitutionnel,bpt6k654729s,,failed,0,0,,no_usable_pages,known,,,bpt6k654729s: no usable pages in manifest.,2026-07-17T20:25:30.659053
leconstitutionnel,bpt6k654730q,,failed,0,0,,no_usable_pages,known,,,bpt6k654730q: no usable pages in manifest.,2026-07-17T20:25:30.753500
leconstitutionnel,bpt6k6547313,,failed,0,0,,no_usable_pages,known,,,bpt6k6547313: no usable pages in manifest.,2026-07-17T20:25:30.826276
leconstitutionnel,bpt6k654732g,,failed,0,0,,no_usable_pages,known,,,bpt6k654732g: no usable pages in manifest.,2026-07-17T20:25:30.952167
leconstitutionnel,bpt6k654733v,,failed,0,0,,no_usable_pages,known,,,bpt6k654733v: no usable pages in manifest.,2026-07-17T20:25:31.043003
leconstitutionnel,bpt6k6547347,,failed,0,0,,no_usable_pages,known,,,bpt6k6547347: no usable pages in manifest.,2026-07-17T20:25:31.115974
leconstitutionnel,bpt6k654735m,,failed,0,0,,no_usable_pages,known,,,bpt6k654735m: no usable pages in manifest.,2026-07-17T20:25:31.211484
leconstitutionnel,bpt6k6547360,,failed,0,0,,no_usable_pages,known,,,bpt6k6547360: no usable pages in manifest.,2026-07-17T20:25:31.286434
leconstitutionnel,bpt6k654737c,,failed,0,0,,no_usable_pages,known,,,bpt6k654737c: no usable pages in manifest.,2026-07-17T20:25:31.370098
leconstitutionnel,bpt6k654738r,,failed,0,0,,no_usable_pages,known,,,bpt6k654738r: no usable pages in manifest.,2026-07-17T20:25:31.445177
leconstitutionnel,bpt6k6547394,,failed,0,0,,no_usable_pages,known,,,bpt6k6547394: no usable pages in manifest.,2026-07-17T20:25:31.537864
leconstitutionnel,bpt6k6547402,,failed,0,0,,no_usable_pages,known,,,bpt6k6547402: no usable pages in manifest.,2026-07-17T20:25:31.666526
leconstitutionnel,bpt6k654741f,,failed,0,0,,no_usable_pages,known,,,bpt6k654741f: no usable pages in manifest.,2026-07-17T20:25:31.807728
leconstitutionnel,bpt6k654742t,,failed,0,0,,no_usable_pages,known,,,bpt6k654742t: no usable pages in manifest.,2026-07-17T20:25:31.901990
leconstitutionnel,bpt6k6547436,,failed,0,0,,no_usable_pages,known,,,bpt6k6547436: no usable pages in manifest.,2026-07-17T20:25:31.998042
leconstitutionnel,bpt6k654744k,,failed,0,0,,no_usable_pages,known,,,bpt6k654744k: no usable pages in manifest.,2026-07-17T20:25:32.107834
leconstitutionnel,bpt6k654745z,,failed,0,0,,no_usable_pages,known,,,bpt6k654745z: no usable pages in manifest.,2026-07-17T20:25:32.203584
leconstitutionnel,bpt6k654746b,,failed,0,0,,no_usable_pages,known,,,bpt6k654746b: no usable pages in manifest.,2026-07-17T20:25:32.296741
leconstitutionnel,bpt6k654747q,,failed,0,0,,no_usable_pages,known,,,bpt6k654747q: no usable pages in manifest.,2026-07-17T20:25:32.381840
leconstitutionnel,bpt6k6547483,,failed,0,0,,no_usable_pages,known,,,bpt6k6547483: no usable pages in manifest.,2026-07-17T20:25:32.470892
leconstitutionnel,bpt6k654749g,,failed,0,0,,no_usable_pages,known,,,bpt6k654749g: no usable pages in manifest.,2026-07-17T20:25:32.552693
leconstitutionnel,bpt6k654750d,,failed,0,0,,no_usable_pages,known,,,bpt6k654750d: no usable pages in manifest.,2026-07-17T20:25:32.686712
leconstitutionnel,bpt6k654751s,,failed,0,0,,no_usable_pages,known,,,bpt6k654751s: no usable pages in manifest.,2026-07-17T20:25:32.829111
leconstitutionnel,bpt6k6547525,,failed,0,0,,no_usable_pages,known,,,bpt6k6547525: no usable pages in manifest.,2026-07-17T20:25:32.921092
leconstitutionnel,bpt6k654753j,,failed,0,0,,no_usable_pages,known,,,bpt6k654753j: no usable pages in manifest.,2026-07-17T20:25:33.017669
leconstitutionnel,bpt6k654754x,,failed,0,0,,no_usable_pages,known,,,bpt6k654754x: no usable pages in manifest.,2026-07-17T20:25:33.106393
leconstitutionnel,bpt6k6547559,,failed,0,0,,no_usable_pages,known,,,bpt6k6547559: no usable pages in manifest.,2026-07-17T20:25:33.184674
leconstitutionnel,bpt6k654756p,,failed,0,0,,no_usable_pages,known,,,bpt6k654756p: no usable pages in manifest.,2026-07-17T20:25:33.268680
leconstitutionnel,bpt6k6547572,,failed,0,0,,no_usable_pages,known,,,bpt6k6547572: no usable pages in manifest.,2026-07-17T20:25:33.354512
leconstitutionnel,bpt6k654758f,,failed,0,0,,no_usable_pages,known,,,bpt6k654758f: no usable pages in manifest.,2026-07-17T20:25:33.476054
leconstitutionnel,bpt6k654759t,,failed,0,0,,no_usable_pages,known,,,bpt6k654759t: no usable pages in manifest.,2026-07-17T20:25:33.601035
leconstitutionnel,bpt6k654760r,,failed,0,0,,no_usable_pages,known,,,bpt6k654760r: no usable pages in manifest.,2026-07-17T20:25:33.719962
leconstitutionnel,bpt6k6547614,,failed,0,0,,no_usable_pages,known,,,bpt6k6547614: no usable pages in manifest.,2026-07-17T20:25:33.902421
leconstitutionnel,bpt6k654762h,,failed,0,0,,no_usable_pages,known,,,bpt6k654762h: no usable pages in manifest.,2026-07-17T20:25:33.985544
leconstitutionnel,bpt6k654763w,,failed,0,0,,no_usable_pages,known,,,bpt6k654763w: no usable pages in manifest.,2026-07-17T20:25:34.061997
leconstitutionnel,bpt6k6547648,,failed,0,0,,no_usable_pages,known,,,bpt6k6547648: no usable pages in manifest.,2026-07-17T20:25:34.165651
leconstitutionnel,bpt6k654765n,,failed,0,0,,no_usable_pages,known,,,bpt6k654765n: no usable pages in manifest.,2026-07-17T20:25:34.253642
leconstitutionnel,bpt6k6547661,,failed,0,0,,no_usable_pages,known,,,bpt6k6547661: no usable pages in manifest.,2026-07-17T20:25:34.319492
leconstitutionnel,bpt6k654767d,,failed,0,0,,no_usable_pages,known,,,bpt6k654767d: no usable pages in manifest.,2026-07-17T20:25:34.420816
leconstitutionnel,bpt6k654768s,,failed,0,0,,no_usable_pages,known,,,bpt6k654768s: no usable pages in manifest.,2026-07-17T20:25:34.487866
leconstitutionnel,bpt6k6547695,,failed,0,0,,no_usable_pages,known,,,bpt6k6547695: no usable pages in manifest.,2026-07-17T20:25:34.582197
leconstitutionnel,bpt6k6547703,,failed,0,0,,no_usable_pages,known,,,bpt6k6547703: no usable pages in manifest.,2026-07-17T20:25:34.694021
leconstitutionnel,bpt6k654771g,,failed,0,0,,no_usable_pages,known,,,bpt6k654771g: no usable pages in manifest.,2026-07-17T20:25:34.786502
leconstitutionnel,bpt6k654772v,,failed,0,0,,no_usable_pages,known,,,bpt6k654772v: no usable pages in manifest.,2026-07-17T20:25:34.931690
leconstitutionnel,bpt6k6547737,,failed,0,0,,no_usable_pages,known,,,bpt6k6547737: no usable pages in manifest.,2026-07-17T20:25:35.007717
leconstitutionnel,bpt6k654774m,,failed,0,0,,no_usable_pages,known,,,bpt6k654774m: no usable pages in manifest.,2026-07-17T20:25:35.113826
leconstitutionnel,bpt6k6547750,,failed,0,0,,no_usable_pages,known,,,bpt6k6547750: no usable pages in manifest.,2026-07-17T20:25:35.183394
leconstitutionnel,bpt6k654776c,,failed,0,0,,no_usable_pages,known,,,bpt6k654776c: no usable pages in manifest.,2026-07-17T20:25:35.265009
leconstitutionnel,bpt6k654777r,,failed,0,0,,no_usable_pages,known,,,bpt6k654777r: no usable pages in manifest.,2026-07-17T20:25:35.330470
leconstitutionnel,bpt6k6547784,,failed,0,0,,no_usable_pages,known,,,bpt6k6547784: no usable pages in manifest.,2026-07-17T20:25:35.437006
leconstitutionnel,bpt6k654779h,,failed,0,0,,no_usable_pages,known,,,bpt6k654779h: no usable pages in manifest.,2026-07-17T20:25:35.521150
leconstitutionnel,bpt6k654780f,,failed,0,0,,no_usable_pages,known,,,bpt6k654780f: no usable pages in manifest.,2026-07-17T20:25:35.625252
leconstitutionnel,bpt6k654781t,,failed,0,0,,no_usable_pages,known,,,bpt6k654781t: no usable pages in manifest.,2026-07-17T20:25:35.723479
leconstitutionnel,bpt6k6547826,,failed,0,0,,no_usable_pages,known,,,bpt6k6547826: no usable pages in manifest.,2026-07-17T20:25:35.806588
leconstitutionnel,bpt6k654783k,,failed,0,0,,no_usable_pages,known,,,bpt6k654783k: no usable pages in manifest.,2026-07-17T20:25:35.959208
leconstitutionnel,bpt6k654784z,,failed,0,0,,no_usable_pages,known,,,bpt6k654784z: no usable pages in manifest.,2026-07-17T20:25:36.064462
leconstitutionnel,bpt6k654785b,,failed,0,0,,no_usable_pages,known,,,bpt6k654785b: no usable pages in manifest.,2026-07-17T20:25:36.124411
leconstitutionnel,bpt6k654786q,,failed,0,0,,no_usable_pages,known,,,bpt6k654786q: no usable pages in manifest.,2026-07-17T20:25:36.213357
leconstitutionnel,bpt6k6547873,,failed,0,0,,no_usable_pages,known,,,bpt6k6547873: no usable pages in manifest.,2026-07-17T20:25:36.324224
leconstitutionnel,bpt6k654788g,,failed,0,0,,no_usable_pages,known,,,bpt6k654788g: no usable pages in manifest.,2026-07-17T20:25:36.417273
leconstitutionnel,bpt6k654789v,,failed,0,0,,no_usable_pages,known,,,bpt6k654789v: no usable pages in manifest.,2026-07-17T20:25:36.529283
leconstitutionnel,bpt6k654790s,,failed,0,0,,no_usable_pages,known,,,bpt6k654790s: no usable pages in manifest.,2026-07-17T20:25:36.633990
leconstitutionnel,bpt6k6547915,,failed,0,0,,no_usable_pages,known,,,bpt6k6547915: no usable pages in manifest.,2026-07-17T20:25:36.721554
leconstitutionnel,bpt6k654792j,,failed,0,0,,no_usable_pages,known,,,bpt6k654792j: no usable pages in manifest.,2026-07-17T20:25:36.776978
leconstitutionnel,bpt6k654793x,,failed,0,0,,no_usable_pages,known,,,bpt6k654793x: no usable pages in manifest.,2026-07-17T20:25:36.862531
leconstitutionnel,bpt6k6547949,,failed,0,0,,no_usable_pages,known,,,bpt6k6547949: no usable pages in manifest.,2026-07-17T20:25:37.029151
leconstitutionnel,bpt6k654795p,,failed,0,0,,no_usable_pages,known,,,bpt6k654795p: no usable pages in manifest.,2026-07-17T20:25:37.148963
leconstitutionnel,bpt6k6547962,,failed,0,0,,no_usable_pages,known,,,bpt6k6547962: no usable pages in manifest.,2026-07-17T20:25:37.230704
leconstitutionnel,bpt6k654797f,,failed,0,0,,no_usable_pages,known,,,bpt6k654797f: no usable pages in manifest.,2026-07-17T20:25:37.309451
leconstitutionnel,bpt6k654798t,,failed,0,0,,no_usable_pages,known,,,bpt6k654798t: no usable pages in manifest.,2026-07-17T20:25:37.392083
leconstitutionnel,bpt6k6547996,,failed,0,0,,no_usable_pages,known,,,bpt6k6547996: no usable pages in manifest.,2026-07-17T20:25:37.488596
leconstitutionnel,bpt6k6548000,,failed,0,0,,no_usable_pages,known,,,bpt6k6548000: no usable pages in manifest.,2026-07-17T20:25:37.610666
leconstitutionnel,bpt6k654801c,,failed,0,0,,no_usable_pages,known,,,bpt6k654801c: no usable pages in manifest.,2026-07-17T20:25:37.696687
leconstitutionnel,bpt6k654802r,,failed,0,0,,no_usable_pages,known,,,bpt6k654802r: no usable pages in manifest.,2026-07-17T20:25:37.774681
leconstitutionnel,bpt6k6548034,,failed,0,0,,no_usable_pages,known,,,bpt6k6548034: no usable pages in manifest.,2026-07-17T20:25:37.856899
leconstitutionnel,bpt6k654804h,,failed,0,0,,no_usable_pages,known,,,bpt6k654804h: no usable pages in manifest.,2026-07-17T20:25:37.934962
leconstitutionnel,bpt6k654805w,,failed,0,0,,no_usable_pages,known,,,bpt6k654805w: no usable pages in manifest.,2026-07-17T20:25:38.087967
leconstitutionnel,bpt6k6548068,,failed,0,0,,no_usable_pages,known,,,bpt6k6548068: no usable pages in manifest.,2026-07-17T20:25:38.184913
leconstitutionnel,bpt6k654807n,,failed,0,0,,no_usable_pages,known,,,bpt6k654807n: no usable pages in manifest.,2026-07-17T20:25:38.279006
leconstitutionnel,bpt6k6548081,,failed,0,0,,no_usable_pages,known,,,bpt6k6548081: no usable pages in manifest.,2026-07-17T20:25:38.399752
leconstitutionnel,bpt6k654809d,,failed,0,0,,no_usable_pages,known,,,bpt6k654809d: no usable pages in manifest.,2026-07-17T20:25:38.501582
leconstitutionnel,bpt6k654810b,,failed,0,0,,no_usable_pages,known,,,bpt6k654810b: no usable pages in manifest.,2026-07-17T20:25:38.603545
leconstitutionnel,bpt6k654811q,,failed,0,0,,no_usable_pages,known,,,bpt6k654811q: no usable pages in manifest.,2026-07-17T20:25:38.726759
leconstitutionnel,bpt6k6548123,,failed,0,0,,no_usable_pages,known,,,bpt6k6548123: no usable pages in manifest.,2026-07-17T20:25:38.802417
leconstitutionnel,bpt6k654813g,,failed,0,0,,no_usable_pages,known,,,bpt6k654813g: no usable pages in manifest.,2026-07-17T20:25:38.911623
leconstitutionnel,bpt6k654814v,,failed,0,0,,no_usable_pages,known,,,bpt6k654814v: no usable pages in manifest.,2026-07-17T20:25:38.984105
leconstitutionnel,bpt6k6548157,,failed,0,0,,no_usable_pages,known,,,bpt6k6548157: no usable pages in manifest.,2026-07-17T20:25:39.187284
leconstitutionnel,bpt6k654816m,,failed,0,0,,no_usable_pages,known,,,bpt6k654816m: no usable pages in manifest.,2026-07-17T20:25:39.267405
leconstitutionnel,bpt6k6548170,,failed,0,0,,no_usable_pages,known,,,bpt6k6548170: no usable pages in manifest.,2026-07-17T20:25:39.365313
leconstitutionnel,bpt6k654818c,,failed,0,0,,no_usable_pages,known,,,bpt6k654818c: no usable pages in manifest.,2026-07-17T20:25:39.461746
leconstitutionnel,bpt6k654819r,,failed,0,0,,no_usable_pages,known,,,bpt6k654819r: no usable pages in manifest.,2026-07-17T20:25:39.547224
leconstitutionnel,bpt6k654820p,,failed,0,0,,no_usable_pages,known,,,bpt6k654820p: no usable pages in manifest.,2026-07-17T20:25:39.628510
leconstitutionnel,bpt6k6548212,,failed,0,0,,no_usable_pages,known,,,bpt6k6548212: no usable pages in manifest.,2026-07-17T20:25:39.735686
leconstitutionnel,bpt6k654822f,,failed,0,0,,no_usable_pages,known,,,bpt6k654822f: no usable pages in manifest.,2026-07-17T20:25:39.839241
leconstitutionnel,bpt6k654823t,,failed,0,0,,no_usable_pages,known,,,bpt6k654823t: no usable pages in manifest.,2026-07-17T20:25:39.938160
leconstitutionnel,bpt6k6548246,,failed,0,0,,no_usable_pages,known,,,bpt6k6548246: no usable pages in manifest.,2026-07-17T20:25:40.036379
leconstitutionnel,bpt6k654825k,,failed,0,0,,no_usable_pages,known,,,bpt6k654825k: no usable pages in manifest.,2026-07-17T20:25:40.196432
leconstitutionnel,bpt6k654826z,,failed,0,0,,no_usable_pages,known,,,bpt6k654826z: no usable pages in manifest.,2026-07-17T20:25:40.287199
leconstitutionnel,bpt6k654827b,,failed,0,0,,no_usable_pages,known,,,bpt6k654827b: no usable pages in manifest.,2026-07-17T20:25:40.379885
leconstitutionnel,bpt6k654828q,,failed,0,0,,no_usable_pages,known,,,bpt6k654828q: no usable pages in manifest.,2026-07-17T20:25:40.492922
leconstitutionnel,bpt6k6548293,,failed,0,0,,no_usable_pages,known,,,bpt6k6548293: no usable pages in manifest.,2026-07-17T20:25:40.588894
leconstitutionnel,bpt6k6548301,,failed,0,0,,no_usable_pages,known,,,bpt6k6548301: no usable pages in manifest.,2026-07-17T20:25:40.683167
leconstitutionnel,bpt6k654831d,,failed,0,0,,no_usable_pages,known,,,bpt6k654831d: no usable pages in manifest.,2026-07-17T20:25:40.752486
leconstitutionnel,bpt6k654832s,,failed,0,0,,no_usable_pages,known,,,bpt6k654832s: no usable pages in manifest.,2026-07-17T20:25:40.823365
leconstitutionnel,bpt6k6548335,,failed,0,0,,no_usable_pages,known,,,bpt6k6548335: no usable pages in manifest.,2026-07-17T20:25:40.908241
leconstitutionnel,bpt6k654834j,,failed,0,0,,no_usable_pages,known,,,bpt6k654834j: no usable pages in manifest.,2026-07-17T20:25:41.002812
leconstitutionnel,bpt6k654835x,,failed,0,0,,no_usable_pages,known,,,bpt6k654835x: no usable pages in manifest.,2026-07-17T20:25:41.213732
leconstitutionnel,bpt6k6548369,,failed,0,0,,no_usable_pages,known,,,bpt6k6548369: no usable pages in manifest.,2026-07-17T20:25:41.290546
leconstitutionnel,bpt6k654837p,,failed,0,0,,no_usable_pages,known,,,bpt6k654837p: no usable pages in manifest.,2026-07-17T20:25:41.379214
leconstitutionnel,bpt6k6548382,,failed,0,0,,no_usable_pages,known,,,bpt6k6548382: no usable pages in manifest.,2026-07-17T20:25:41.485259
leconstitutionnel,bpt6k654839f,,failed,0,0,,no_usable_pages,known,,,bpt6k654839f: no usable pages in manifest.,2026-07-17T20:25:41.573064
leconstitutionnel,bpt6k654840c,,failed,0,0,,no_usable_pages,known,,,bpt6k654840c: no usable pages in manifest.,2026-07-17T20:25:41.654419
leconstitutionnel,bpt6k654841r,,failed,0,0,,no_usable_pages,known,,,bpt6k654841r: no usable pages in manifest.,2026-07-17T20:25:41.718021
leconstitutionnel,bpt6k6548424,,failed,0,0,,no_usable_pages,known,,,bpt6k6548424: no usable pages in manifest.,2026-07-17T20:25:41.785762
leconstitutionnel,bpt6k654843h,,failed,0,0,,no_usable_pages,known,,,bpt6k654843h: no usable pages in manifest.,2026-07-17T20:25:41.869202
leconstitutionnel,bpt6k654844w,,failed,0,0,,no_usable_pages,known,,,bpt6k654844w: no usable pages in manifest.,2026-07-17T20:25:41.969559
leconstitutionnel,bpt6k6548458,,failed,0,0,,no_usable_pages,known,,,bpt6k6548458: no usable pages in manifest.,2026-07-17T20:25:42.046769
leconstitutionnel,bpt6k654846n,,failed,0,0,,no_usable_pages,known,,,bpt6k654846n: no usable pages in manifest.,2026-07-17T20:25:42.124850
leconstitutionnel,bpt6k6548471,,failed,0,0,,no_usable_pages,known,,,bpt6k6548471: no usable pages in manifest.,2026-07-17T20:25:42.299393
leconstitutionnel,bpt6k654848d,,failed,0,0,,no_usable_pages,known,,,bpt6k654848d: no usable pages in manifest.,2026-07-17T20:25:42.371324
leconstitutionnel,bpt6k654849s,,failed,0,0,,no_usable_pages,known,,,bpt6k654849s: no usable pages in manifest.,2026-07-17T20:25:42.459251
leconstitutionnel,bpt6k654850q,,failed,0,0,,no_usable_pages,known,,,bpt6k654850q: no usable pages in manifest.,2026-07-17T20:25:42.569665
leconstitutionnel,bpt6k6548513,,failed,0,0,,no_usable_pages,known,,,bpt6k6548513: no usable pages in manifest.,2026-07-17T20:25:42.672865
leconstitutionnel,bpt6k654852g,,failed,0,0,,no_usable_pages,known,,,bpt6k654852g: no usable pages in manifest.,2026-07-17T20:25:42.769221
leconstitutionnel,bpt6k654853v,,failed,0,0,,no_usable_pages,known,,,bpt6k654853v: no usable pages in manifest.,2026-07-17T20:25:42.859055
leconstitutionnel,bpt6k6548547,,failed,0,0,,no_usable_pages,known,,,bpt6k6548547: no usable pages in manifest.,2026-07-17T20:25:42.942714
leconstitutionnel,bpt6k654855m,,failed,0,0,,no_usable_pages,known,,,bpt6k654855m: no usable pages in manifest.,2026-07-17T20:25:43.021294
leconstitutionnel,bpt6k6548560,,failed,0,0,,no_usable_pages,known,,,bpt6k6548560: no usable pages in manifest.,2026-07-17T20:25:43.108444
leconstitutionnel,bpt6k654857c,,failed,0,0,,no_usable_pages,known,,,bpt6k654857c: no usable pages in manifest.,2026-07-17T20:25:43.214386
leconstitutionnel,bpt6k654858r,,failed,0,0,,no_usable_pages,known,,,bpt6k654858r: no usable pages in manifest.,2026-07-17T20:25:43.370918
leconstitutionnel,bpt6k6548594,,failed,0,0,,no_usable_pages,known,,,bpt6k6548594: no usable pages in manifest.,2026-07-17T20:25:43.460085
leconstitutionnel,bpt6k6548602,,failed,0,0,,no_usable_pages,known,,,bpt6k6548602: no usable pages in manifest.,2026-07-17T20:25:43.562976
leconstitutionnel,bpt6k654861f,,failed,0,0,,no_usable_pages,known,,,bpt6k654861f: no usable pages in manifest.,2026-07-17T20:25:43.648272
leconstitutionnel,bpt6k654862t,,failed,0,0,,no_usable_pages,known,,,bpt6k654862t: no usable pages in manifest.,2026-07-17T20:25:43.719558
leconstitutionnel,bpt6k6548636,,failed,0,0,,no_usable_pages,known,,,bpt6k6548636: no usable pages in manifest.,2026-07-17T20:25:43.795875
leconstitutionnel,bpt6k654864k,,failed,0,0,,no_usable_pages,known,,,bpt6k654864k: no usable pages in manifest.,2026-07-17T20:25:43.894373
leconstitutionnel,bpt6k654865z,,failed,0,0,,no_usable_pages,known,,,bpt6k654865z: no usable pages in manifest.,2026-07-17T20:25:43.991650
leconstitutionnel,bpt6k654866b,,failed,0,0,,no_usable_pages,known,,,bpt6k654866b: no usable pages in manifest.,2026-07-17T20:25:44.108863
leconstitutionnel,bpt6k654867q,,failed,0,0,,no_usable_pages,known,,,bpt6k654867q: no usable pages in manifest.,2026-07-17T20:25:44.188024
leconstitutionnel,bpt6k6548683,,failed,0,0,,no_usable_pages,known,,,bpt6k6548683: no usable pages in manifest.,2026-07-17T20:25:44.266564
leconstitutionnel,bpt6k654869g,,failed,0,0,,no_usable_pages,known,,,bpt6k654869g: no usable pages in manifest.,2026-07-17T20:25:44.438154
leconstitutionnel,bpt6k654870d,,failed,0,0,,no_usable_pages,known,,,bpt6k654870d: no usable pages in manifest.,2026-07-17T20:25:44.521447
leconstitutionnel,bpt6k654871s,,failed,0,0,,no_usable_pages,known,,,bpt6k654871s: no usable pages in manifest.,2026-07-17T20:25:44.611802
leconstitutionnel,bpt6k6548725,,failed,0,0,,no_usable_pages,known,,,bpt6k6548725: no usable pages in manifest.,2026-07-17T20:25:44.698479
leconstitutionnel,bpt6k654873j,,failed,0,0,,no_usable_pages,known,,,bpt6k654873j: no usable pages in manifest.,2026-07-17T20:25:44.797553
leconstitutionnel,bpt6k654874x,,failed,0,0,,no_usable_pages,known,,,bpt6k654874x: no usable pages in manifest.,2026-07-17T20:25:44.892578
leconstitutionnel,bpt6k6548759,,failed,0,0,,no_usable_pages,known,,,bpt6k6548759: no usable pages in manifest.,2026-07-17T20:25:44.960979
leconstitutionnel,bpt6k654876p,,failed,0,0,,no_usable_pages,known,,,bpt6k654876p: no usable pages in manifest.,2026-07-17T20:25:45.059883
leconstitutionnel,bpt6k6548772,,failed,0,0,,no_usable_pages,known,,,bpt6k6548772: no usable pages in manifest.,2026-07-17T20:25:45.165812
leconstitutionnel,bpt6k654878f,,failed,0,0,,no_usable_pages,known,,,bpt6k654878f: no usable pages in manifest.,2026-07-17T20:25:45.274557
leconstitutionnel,bpt6k654879t,,failed,0,0,,no_usable_pages,known,,,bpt6k654879t: no usable pages in manifest.,2026-07-17T20:25:45.378255
leconstitutionnel,bpt6k654880r,,failed,0,0,,no_usable_pages,known,,,bpt6k654880r: no usable pages in manifest.,2026-07-17T20:25:45.495998
leconstitutionnel,bpt6k6548814,,failed,0,0,,no_usable_pages,known,,,bpt6k6548814: no usable pages in manifest.,2026-07-17T20:25:45.592525
leconstitutionnel,bpt6k654882h,,failed,0,0,,no_usable_pages,known,,,bpt6k654882h: no usable pages in manifest.,2026-07-17T20:25:45.660157
leconstitutionnel,bpt6k654883w,,failed,0,0,,no_usable_pages,known,,,bpt6k654883w: no usable pages in manifest.,2026-07-17T20:25:45.750933
leconstitutionnel,bpt6k6548848,,failed,0,0,,no_usable_pages,known,,,bpt6k6548848: no usable pages in manifest.,2026-07-17T20:25:45.840146
leconstitutionnel,bpt6k654885n,,failed,0,0,,no_usable_pages,known,,,bpt6k654885n: no usable pages in manifest.,2026-07-17T20:25:45.914976
leconstitutionnel,bpt6k6548861,,failed,0,0,,no_usable_pages,known,,,bpt6k6548861: no usable pages in manifest.,2026-07-17T20:25:45.991887
leconstitutionnel,bpt6k654887d,,failed,0,0,,no_usable_pages,known,,,bpt6k654887d: no usable pages in manifest.,2026-07-17T20:25:46.094843
leconstitutionnel,bpt6k654888s,,failed,0,0,,no_usable_pages,known,,,bpt6k654888s: no usable pages in manifest.,2026-07-17T20:25:46.182998
leconstitutionnel,bpt6k6548895,,failed,0,0,,no_usable_pages,known,,,bpt6k6548895: no usable pages in manifest.,2026-07-17T20:25:46.275582
leconstitutionnel,bpt6k6548903,,failed,0,0,,no_usable_pages,known,,,bpt6k6548903: no usable pages in manifest.,2026-07-17T20:25:46.346376
leconstitutionnel,bpt6k654891g,,failed,0,0,,no_usable_pages,known,,,bpt6k654891g: no usable pages in manifest.,2026-07-17T20:25:46.430001
leconstitutionnel,bpt6k654892v,,failed,0,0,,no_usable_pages,known,,,bpt6k654892v: no usable pages in manifest.,2026-07-17T20:25:46.574428
leconstitutionnel,bpt6k6548937,,failed,0,0,,no_usable_pages,known,,,bpt6k6548937: no usable pages in manifest.,2026-07-17T20:25:46.702059
leconstitutionnel,bpt6k654894m,,failed,0,0,,no_usable_pages,known,,,bpt6k654894m: no usable pages in manifest.,2026-07-17T20:25:46.796996
leconstitutionnel,bpt6k6548950,,failed,0,0,,no_usable_pages,known,,,bpt6k6548950: no usable pages in manifest.,2026-07-17T20:25:46.869557
leconstitutionnel,bpt6k654896c,,failed,0,0,,no_usable_pages,known,,,bpt6k654896c: no usable pages in manifest.,2026-07-17T20:25:46.958550
leconstitutionnel,bpt6k654897r,,failed,0,0,,no_usable_pages,known,,,bpt6k654897r: no usable pages in manifest.,2026-07-17T20:25:47.041650
leconstitutionnel,bpt6k6548984,,failed,0,0,,no_usable_pages,known,,,bpt6k6548984: no usable pages in manifest.,2026-07-17T20:25:47.111732
leconstitutionnel,bpt6k654899h,,failed,0,0,,no_usable_pages,known,,,bpt6k654899h: no usable pages in manifest.,2026-07-17T20:25:47.221336
leconstitutionnel,bpt6k6549009,,failed,0,0,,no_usable_pages,known,,,bpt6k6549009: no usable pages in manifest.,2026-07-17T20:25:47.347153
leconstitutionnel,bpt6k654901p,,failed,0,0,,no_usable_pages,known,,,bpt6k654901p: no usable pages in manifest.,2026-07-17T20:25:47.488602
leconstitutionnel,bpt6k6549022,,failed,0,0,,no_usable_pages,known,,,bpt6k6549022: no usable pages in manifest.,2026-07-17T20:25:47.602218
leconstitutionnel,bpt6k654903f,,failed,0,0,,no_usable_pages,known,,,bpt6k654903f: no usable pages in manifest.,2026-07-17T20:25:47.703003
leconstitutionnel,bpt6k654904t,,failed,0,0,,no_usable_pages,known,,,bpt6k654904t: no usable pages in manifest.,2026-07-17T20:25:47.779471
leconstitutionnel,bpt6k6549056,,failed,0,0,,no_usable_pages,known,,,bpt6k6549056: no usable pages in manifest.,2026-07-17T20:25:47.885686
leconstitutionnel,bpt6k654906k,,failed,0,0,,no_usable_pages,known,,,bpt6k654906k: no usable pages in manifest.,2026-07-17T20:25:47.972567
leconstitutionnel,bpt6k654907z,,failed,0,0,,no_usable_pages,known,,,bpt6k654907z: no usable pages in manifest.,2026-07-17T20:25:48.129642
leconstitutionnel,bpt6k654908b,,failed,0,0,,no_usable_pages,known,,,bpt6k654908b: no usable pages in manifest.,2026-07-17T20:25:48.258636
leconstitutionnel,bpt6k654909q,,failed,0,0,,no_usable_pages,known,,,bpt6k654909q: no usable pages in manifest.,2026-07-17T20:25:48.332431
leconstitutionnel,bpt6k654910n,,failed,0,0,,no_usable_pages,known,,,bpt6k654910n: no usable pages in manifest.,2026-07-17T20:25:48.414745
leconstitutionnel,bpt6k6549111,,failed,0,0,,no_usable_pages,known,,,bpt6k6549111: no usable pages in manifest.,2026-07-17T20:25:48.505008
leconstitutionnel,bpt6k654912d,,failed,0,0,,no_usable_pages,known,,,bpt6k654912d: no usable pages in manifest.,2026-07-17T20:25:48.660502
leconstitutionnel,bpt6k654913s,,failed,0,0,,no_usable_pages,known,,,bpt6k654913s: no usable pages in manifest.,2026-07-17T20:25:48.725629
leconstitutionnel,bpt6k6549145,,failed,0,0,,no_usable_pages,known,,,bpt6k6549145: no usable pages in manifest.,2026-07-17T20:25:48.795942
leconstitutionnel,bpt6k654915j,,failed,0,0,,no_usable_pages,known,,,bpt6k654915j: no usable pages in manifest.,2026-07-17T20:25:48.896447
leconstitutionnel,bpt6k654916x,,failed,0,0,,no_usable_pages,known,,,bpt6k654916x: no usable pages in manifest.,2026-07-17T20:25:48.966060
leconstitutionnel,bpt6k6549179,,failed,0,0,,no_usable_pages,known,,,bpt6k6549179: no usable pages in manifest.,2026-07-17T20:25:49.060923
leconstitutionnel,bpt6k654918p,,failed,0,0,,no_usable_pages,known,,,bpt6k654918p: no usable pages in manifest.,2026-07-17T20:25:49.112883
leconstitutionnel,bpt6k6549192,,failed,0,0,,no_usable_pages,known,,,bpt6k6549192: no usable pages in manifest.,2026-07-17T20:25:49.197692
leconstitutionnel,bpt6k6549200,,failed,0,0,,no_usable_pages,known,,,bpt6k6549200: no usable pages in manifest.,2026-07-17T20:25:49.264890
leconstitutionnel,bpt6k654921c,,failed,0,0,,no_usable_pages,known,,,bpt6k654921c: no usable pages in manifest.,2026-07-17T20:25:49.330885
leconstitutionnel,bpt6k654922r,,failed,0,0,,no_usable_pages,known,,,bpt6k654922r: no usable pages in manifest.,2026-07-17T20:25:49.427591
leconstitutionnel,bpt6k6549234,,failed,0,0,,no_usable_pages,known,,,bpt6k6549234: no usable pages in manifest.,2026-07-17T20:25:49.500851
leconstitutionnel,bpt6k654924h,,failed,0,0,,no_usable_pages,known,,,bpt6k654924h: no usable pages in manifest.,2026-07-17T20:25:49.591542
leconstitutionnel,bpt6k654925w,,failed,0,0,,no_usable_pages,known,,,bpt6k654925w: no usable pages in manifest.,2026-07-17T20:25:49.740178
leconstitutionnel,bpt6k6549268,,failed,0,0,,no_usable_pages,known,,,bpt6k6549268: no usable pages in manifest.,2026-07-17T20:25:49.823145
leconstitutionnel,bpt6k654927n,,failed,0,0,,no_usable_pages,known,,,bpt6k654927n: no usable pages in manifest.,2026-07-17T20:25:49.929633
leconstitutionnel,bpt6k6549281,,failed,0,0,,no_usable_pages,known,,,bpt6k6549281: no usable pages in manifest.,2026-07-17T20:25:50.001274
leconstitutionnel,bpt6k654929d,,failed,0,0,,no_usable_pages,known,,,bpt6k654929d: no usable pages in manifest.,2026-07-17T20:25:50.081086
leconstitutionnel,bpt6k654930b,,failed,0,0,,no_usable_pages,known,,,bpt6k654930b: no usable pages in manifest.,2026-07-17T20:25:50.171108
leconstitutionnel,bpt6k654931q,,failed,0,0,,no_usable_pages,known,,,bpt6k654931q: no usable pages in manifest.,2026-07-17T20:25:50.257730
leconstitutionnel,bpt6k6549323,,failed,0,0,,no_usable_pages,known,,,bpt6k6549323: no usable pages in manifest.,2026-07-17T20:25:50.325035
leconstitutionnel,bpt6k654933g,,failed,0,0,,no_usable_pages,known,,,bpt6k654933g: no usable pages in manifest.,2026-07-17T20:25:50.416821
leconstitutionnel,bpt6k654934v,,failed,0,0,,no_usable_pages,known,,,bpt6k654934v: no usable pages in manifest.,2026-07-17T20:25:50.509678
leconstitutionnel,bpt6k6549357,,failed,0,0,,no_usable_pages,known,,,bpt6k6549357: no usable pages in manifest.,2026-07-17T20:25:50.602497
leconstitutionnel,bpt6k654936m,,failed,0,0,,no_usable_pages,known,,,bpt6k654936m: no usable pages in manifest.,2026-07-17T20:25:50.715144
leconstitutionnel,bpt6k6549370,,failed,0,0,,no_usable_pages,known,,,bpt6k6549370: no usable pages in manifest.,2026-07-17T20:25:50.797596
leconstitutionnel,bpt6k654938c,,failed,0,0,,no_usable_pages,known,,,bpt6k654938c: no usable pages in manifest.,2026-07-17T20:25:50.892848
leconstitutionnel,bpt6k654939r,,failed,0,0,,no_usable_pages,known,,,bpt6k654939r: no usable pages in manifest.,2026-07-17T20:25:50.988698
leconstitutionnel,bpt6k654940p,,failed,0,0,,no_usable_pages,known,,,bpt6k654940p: no usable pages in manifest.,2026-07-17T20:25:51.064503
leconstitutionnel,bpt6k6549412,,failed,0,0,,no_usable_pages,known,,,bpt6k6549412: no usable pages in manifest.,2026-07-17T20:25:51.158938
leconstitutionnel,bpt6k654942f,,failed,0,0,,no_usable_pages,known,,,bpt6k654942f: no usable pages in manifest.,2026-07-17T20:25:51.255222
leconstitutionnel,bpt6k654943t,,failed,0,0,,no_usable_pages,known,,,bpt6k654943t: no usable pages in manifest.,2026-07-17T20:25:51.333683
leconstitutionnel,bpt6k6549446,,failed,0,0,,no_usable_pages,known,,,bpt6k6549446: no usable pages in manifest.,2026-07-17T20:25:51.410011
leconstitutionnel,bpt6k654945k,,failed,0,0,,no_usable_pages,known,,,bpt6k654945k: no usable pages in manifest.,2026-07-17T20:25:51.499172
leconstitutionnel,bpt6k654946z,,failed,0,0,,no_usable_pages,known,,,bpt6k654946z: no usable pages in manifest.,2026-07-17T20:25:51.576908
leconstitutionnel,bpt6k654947b,,failed,0,0,,no_usable_pages,known,,,bpt6k654947b: no usable pages in manifest.,2026-07-17T20:25:51.681154
leconstitutionnel,bpt6k654948q,,failed,0,0,,no_usable_pages,known,,,bpt6k654948q: no usable pages in manifest.,2026-07-17T20:25:51.781999
leconstitutionnel,bpt6k6549493,,failed,0,0,,no_usable_pages,known,,,bpt6k6549493: no usable pages in manifest.,2026-07-17T20:25:51.883506
leconstitutionnel,bpt6k6549501,,failed,0,0,,no_usable_pages,known,,,bpt6k6549501: no usable pages in manifest.,2026-07-17T20:25:52.023985
leconstitutionnel,bpt6k654951d,,failed,0,0,,no_usable_pages,known,,,bpt6k654951d: no usable pages in manifest.,2026-07-17T20:25:52.172680
leconstitutionnel,bpt6k654952s,,failed,0,0,,no_usable_pages,known,,,bpt6k654952s: no usable pages in manifest.,2026-07-17T20:25:52.261874
leconstitutionnel,bpt6k6549535,,failed,0,0,,no_usable_pages,known,,,bpt6k6549535: no usable pages in manifest.,2026-07-17T20:25:52.332360
leconstitutionnel,bpt6k654954j,,failed,0,0,,no_usable_pages,known,,,bpt6k654954j: no usable pages in manifest.,2026-07-17T20:25:52.440763
leconstitutionnel,bpt6k654955x,,failed,0,0,,no_usable_pages,known,,,bpt6k654955x: no usable pages in manifest.,2026-07-17T20:25:52.564132
leconstitutionnel,bpt6k6549569,,failed,0,0,,no_usable_pages,known,,,bpt6k6549569: no usable pages in manifest.,2026-07-17T20:25:52.670380
leconstitutionnel,bpt6k654957p,,failed,0,0,,no_usable_pages,known,,,bpt6k654957p: no usable pages in manifest.,2026-07-17T20:25:52.839771
leconstitutionnel,bpt6k6549582,,failed,0,0,,no_usable_pages,known,,,bpt6k6549582: no usable pages in manifest.,2026-07-17T20:25:52.963319
leconstitutionnel,bpt6k654959f,,failed,0,0,,no_usable_pages,known,,,bpt6k654959f: no usable pages in manifest.,2026-07-17T20:25:53.039050
leconstitutionnel,bpt6k654960c,,failed,0,0,,no_usable_pages,known,,,bpt6k654960c: no usable pages in manifest.,2026-07-17T20:25:53.115721
leconstitutionnel,bpt6k654961r,,failed,0,0,,no_usable_pages,known,,,bpt6k654961r: no usable pages in manifest.,2026-07-17T20:25:53.214586
leconstitutionnel,bpt6k6549624,,failed,0,0,,no_usable_pages,known,,,bpt6k6549624: no usable pages in manifest.,2026-07-17T20:25:53.287541
leconstitutionnel,bpt6k654963h,,failed,0,0,,no_usable_pages,known,,,bpt6k654963h: no usable pages in manifest.,2026-07-17T20:25:53.385683
leconstitutionnel,bpt6k654964w,,failed,0,0,,no_usable_pages,known,,,bpt6k654964w: no usable pages in manifest.,2026-07-17T20:25:53.448581
leconstitutionnel,bpt6k6549658,,failed,0,0,,no_usable_pages,known,,,bpt6k6549658: no usable pages in manifest.,2026-07-17T20:25:53.532286
leconstitutionnel,bpt6k654966n,,failed,0,0,,no_usable_pages,known,,,bpt6k654966n: no usable pages in manifest.,2026-07-17T20:25:53.609243
leconstitutionnel,bpt6k6549671,,failed,0,0,,no_usable_pages,known,,,bpt6k6549671: no usable pages in manifest.,2026-07-17T20:25:53.720196
leconstitutionnel,bpt6k654968d,,failed,0,0,,no_usable_pages,known,,,bpt6k654968d: no usable pages in manifest.,2026-07-17T20:25:53.894468
leconstitutionnel,bpt6k654969s,,failed,0,0,,no_usable_pages,known,,,bpt6k654969s: no usable pages in manifest.,2026-07-17T20:25:53.973298
leconstitutionnel,bpt6k654970q,,failed,0,0,,no_usable_pages,known,,,bpt6k654970q: no usable pages in manifest.,2026-07-17T20:25:54.049990
leconstitutionnel,bpt6k6549713,,failed,0,0,,no_usable_pages,known,,,bpt6k6549713: no usable pages in manifest.,2026-07-17T20:25:54.129539
leconstitutionnel,bpt6k654972g,,failed,0,0,,no_usable_pages,known,,,bpt6k654972g: no usable pages in manifest.,2026-07-17T20:25:54.224295
leconstitutionnel,bpt6k654973v,,failed,0,0,,no_usable_pages,known,,,bpt6k654973v: no usable pages in manifest.,2026-07-17T20:25:54.288429
leconstitutionnel,bpt6k6549747,,failed,0,0,,no_usable_pages,known,,,bpt6k6549747: no usable pages in manifest.,2026-07-17T20:25:54.350179
leconstitutionnel,bpt6k654975m,,failed,0,0,,no_usable_pages,known,,,bpt6k654975m: no usable pages in manifest.,2026-07-17T20:25:54.412175
leconstitutionnel,bpt6k6549760,,failed,0,0,,no_usable_pages,known,,,bpt6k6549760: no usable pages in manifest.,2026-07-17T20:25:54.484427
leconstitutionnel,bpt6k654977c,,failed,0,0,,no_usable_pages,known,,,bpt6k654977c: no usable pages in manifest.,2026-07-17T20:25:54.598476
leconstitutionnel,bpt6k654978r,,failed,0,0,,no_usable_pages,known,,,bpt6k654978r: no usable pages in manifest.,2026-07-17T20:25:54.685410
leconstitutionnel,bpt6k6549794,,failed,0,0,,no_usable_pages,known,,,bpt6k6549794: no usable pages in manifest.,2026-07-17T20:25:54.762672
leconstitutionnel,bpt6k6549802,,failed,0,0,,no_usable_pages,known,,,bpt6k6549802: no usable pages in manifest.,2026-07-17T20:25:54.867209
leconstitutionnel,bpt6k654981f,,failed,0,0,,no_usable_pages,known,,,bpt6k654981f: no usable pages in manifest.,2026-07-17T20:25:54.972453
leconstitutionnel,bpt6k654982t,,failed,0,0,,no_usable_pages,known,,,bpt6k654982t: no usable pages in manifest.,2026-07-17T20:25:55.038172
leconstitutionnel,bpt6k6549836,,failed,0,0,,no_usable_pages,known,,,bpt6k6549836: no usable pages in manifest.,2026-07-17T20:25:55.094944
leconstitutionnel,bpt6k654984k,,failed,0,0,,no_usable_pages,known,,,bpt6k654984k: no usable pages in manifest.,2026-07-17T20:25:55.167153
leconstitutionnel,bpt6k654985z,,failed,0,0,,no_usable_pages,known,,,bpt6k654985z: no usable pages in manifest.,2026-07-17T20:25:55.241207
leconstitutionnel,bpt6k654986b,,failed,0,0,,no_usable_pages,known,,,bpt6k654986b: no usable pages in manifest.,2026-07-17T20:25:55.319713
leconstitutionnel,bpt6k654987q,,failed,0,0,,no_usable_pages,known,,,bpt6k654987q: no usable pages in manifest.,2026-07-17T20:25:55.406481
leconstitutionnel,bpt6k6549883,,failed,0,0,,no_usable_pages,known,,,bpt6k6549883: no usable pages in manifest.,2026-07-17T20:25:55.484231
leconstitutionnel,bpt6k654989g,,failed,0,0,,no_usable_pages,known,,,bpt6k654989g: no usable pages in manifest.,2026-07-17T20:25:55.563295
leconstitutionnel,bpt6k654990d,,failed,0,0,,no_usable_pages,known,,,bpt6k654990d: no usable pages in manifest.,2026-07-17T20:25:55.644071
leconstitutionnel,bpt6k654991s,,failed,0,0,,no_usable_pages,known,,,bpt6k654991s: no usable pages in manifest.,2026-07-17T20:25:55.715861
leconstitutionnel,bpt6k6549925,,failed,0,0,,no_usable_pages,known,,,bpt6k6549925: no usable pages in manifest.,2026-07-17T20:25:55.811679
leconstitutionnel,bpt6k654993j,,failed,0,0,,no_usable_pages,known,,,bpt6k654993j: no usable pages in manifest.,2026-07-17T20:25:56.008116
leconstitutionnel,bpt6k654994x,,failed,0,0,,no_usable_pages,known,,,bpt6k654994x: no usable pages in manifest.,2026-07-17T20:25:56.125909
leconstitutionnel,bpt6k6549959,,failed,0,0,,no_usable_pages,known,,,bpt6k6549959: no usable pages in manifest.,2026-07-17T20:25:56.194348
leconstitutionnel,bpt6k654996p,,failed,0,0,,no_usable_pages,known,,,bpt6k654996p: no usable pages in manifest.,2026-07-17T20:25:56.267717
leconstitutionnel,bpt6k6549972,,failed,0,0,,no_usable_pages,known,,,bpt6k6549972: no usable pages in manifest.,2026-07-17T20:25:56.345121
leconstitutionnel,bpt6k654998f,,failed,0,0,,no_usable_pages,known,,,bpt6k654998f: no usable pages in manifest.,2026-07-17T20:25:56.430953
leconstitutionnel,bpt6k654999t,,failed,0,0,,no_usable_pages,known,,,bpt6k654999t: no usable pages in manifest.,2026-07-17T20:25:56.509283
leconstitutionnel,bpt6k655000s,,failed,0,0,,no_usable_pages,known,,,bpt6k655000s: no usable pages in manifest.,2026-07-17T20:25:56.607749
leconstitutionnel,bpt6k6550015,,failed,0,0,,no_usable_pages,known,,,bpt6k6550015: no usable pages in manifest.,2026-07-17T20:25:56.709340
leconstitutionnel,bpt6k655002j,,failed,0,0,,no_usable_pages,known,,,bpt6k655002j: no usable pages in manifest.,2026-07-17T20:25:56.775321
leconstitutionnel,bpt6k655003x,,failed,0,0,,no_usable_pages,known,,,bpt6k655003x: no usable pages in manifest.,2026-07-17T20:25:56.869840
leconstitutionnel,bpt6k6550049,,failed,0,0,,no_usable_pages,known,,,bpt6k6550049: no usable pages in manifest.,2026-07-17T20:25:56.958339
leconstitutionnel,bpt6k655005p,,failed,0,0,,no_usable_pages,known,,,bpt6k655005p: no usable pages in manifest.,2026-07-17T20:25:57.046930
leconstitutionnel,bpt6k6550062,,failed,0,0,,no_usable_pages,known,,,bpt6k6550062: no usable pages in manifest.,2026-07-17T20:25:57.124544
leconstitutionnel,bpt6k655007f,,failed,0,0,,no_usable_pages,known,,,bpt6k655007f: no usable pages in manifest.,2026-07-17T20:25:57.197740
leconstitutionnel,bpt6k655008t,,failed,0,0,,no_usable_pages,known,,,bpt6k655008t: no usable pages in manifest.,2026-07-17T20:25:57.272672
leconstitutionnel,bpt6k6550096,,failed,0,0,,no_usable_pages,known,,,bpt6k6550096: no usable pages in manifest.,2026-07-17T20:25:57.355473
leconstitutionnel,bpt6k6550104,,failed,0,0,,no_usable_pages,known,,,bpt6k6550104: no usable pages in manifest.,2026-07-17T20:25:57.436663
leconstitutionnel,bpt6k655011h,,failed,0,0,,no_usable_pages,known,,,bpt6k655011h: no usable pages in manifest.,2026-07-17T20:25:57.524435
leconstitutionnel,bpt6k655012w,,failed,0,0,,no_usable_pages,known,,,bpt6k655012w: no usable pages in manifest.,2026-07-17T20:25:57.600101
leconstitutionnel,bpt6k6550138,,failed,0,0,,no_usable_pages,known,,,bpt6k6550138: no usable pages in manifest.,2026-07-17T20:25:57.702194
leconstitutionnel,bpt6k655014n,,failed,0,0,,no_usable_pages,known,,,bpt6k655014n: no usable pages in manifest.,2026-07-17T20:25:57.777131
leconstitutionnel,bpt6k6550151,,failed,0,0,,no_usable_pages,known,,,bpt6k6550151: no usable pages in manifest.,2026-07-17T20:25:57.860406
leconstitutionnel,bpt6k655016d,,failed,0,0,,no_usable_pages,known,,,bpt6k655016d: no usable pages in manifest.,2026-07-17T20:25:57.999124
leconstitutionnel,bpt6k655017s,,failed,0,0,,no_usable_pages,known,,,bpt6k655017s: no usable pages in manifest.,2026-07-17T20:25:58.107836
leconstitutionnel,bpt6k6550185,,failed,0,0,,no_usable_pages,known,,,bpt6k6550185: no usable pages in manifest.,2026-07-17T20:25:58.206081
leconstitutionnel,bpt6k655019j,,failed,0,0,,no_usable_pages,known,,,bpt6k655019j: no usable pages in manifest.,2026-07-17T20:25:58.296233
leconstitutionnel,bpt6k655020g,,failed,0,0,,no_usable_pages,known,,,bpt6k655020g: no usable pages in manifest.,2026-07-17T20:25:58.379446
leconstitutionnel,bpt6k655021v,,failed,0,0,,no_usable_pages,known,,,bpt6k655021v: no usable pages in manifest.,2026-07-17T20:25:58.453293
leconstitutionnel,bpt6k6550227,,failed,0,0,,no_usable_pages,known,,,bpt6k6550227: no usable pages in manifest.,2026-07-17T20:25:58.531639
leconstitutionnel,bpt6k655023m,,failed,0,0,,no_usable_pages,known,,,bpt6k655023m: no usable pages in manifest.,2026-07-17T20:25:58.625684
leconstitutionnel,bpt6k6550240,,failed,0,0,,no_usable_pages,known,,,bpt6k6550240: no usable pages in manifest.,2026-07-17T20:25:58.686585
leconstitutionnel,bpt6k655025c,,failed,0,0,,no_usable_pages,known,,,bpt6k655025c: no usable pages in manifest.,2026-07-17T20:25:58.751721
leconstitutionnel,bpt6k655026r,,failed,0,0,,no_usable_pages,known,,,bpt6k655026r: no usable pages in manifest.,2026-07-17T20:25:58.828095
leconstitutionnel,bpt6k6550274,,failed,0,0,,no_usable_pages,known,,,bpt6k6550274: no usable pages in manifest.,2026-07-17T20:25:58.929618
leconstitutionnel,bpt6k655028h,,failed,0,0,,no_usable_pages,known,,,bpt6k655028h: no usable pages in manifest.,2026-07-17T20:25:59.047623
leconstitutionnel,bpt6k655029w,,failed,0,0,,no_usable_pages,known,,,bpt6k655029w: no usable pages in manifest.,2026-07-17T20:25:59.151414
leconstitutionnel,bpt6k655030t,,failed,0,0,,no_usable_pages,known,,,bpt6k655030t: no usable pages in manifest.,2026-07-17T20:25:59.236999
leconstitutionnel,bpt6k6550316,,failed,0,0,,no_usable_pages,known,,,bpt6k6550316: no usable pages in manifest.,2026-07-17T20:25:59.315149
leconstitutionnel,bpt6k655032k,,failed,0,0,,no_usable_pages,known,,,bpt6k655032k: no usable pages in manifest.,2026-07-17T20:25:59.382217
leconstitutionnel,bpt6k655033z,,failed,0,0,,no_usable_pages,known,,,bpt6k655033z: no usable pages in manifest.,2026-07-17T20:25:59.466443
leconstitutionnel,bpt6k655034b,,failed,0,0,,no_usable_pages,known,,,bpt6k655034b: no usable pages in manifest.,2026-07-17T20:25:59.547439
leconstitutionnel,bpt6k655035q,,failed,0,0,,no_usable_pages,known,,,bpt6k655035q: no usable pages in manifest.,2026-07-17T20:25:59.632234
leconstitutionnel,bpt6k6550363,,failed,0,0,,no_usable_pages,known,,,bpt6k6550363: no usable pages in manifest.,2026-07-17T20:25:59.697241
leconstitutionnel,bpt6k655037g,,failed,0,0,,no_usable_pages,known,,,bpt6k655037g: no usable pages in manifest.,2026-07-17T20:25:59.765590
leconstitutionnel,bpt6k655038v,,failed,0,0,,no_usable_pages,known,,,bpt6k655038v: no usable pages in manifest.,2026-07-17T20:25:59.827487
leconstitutionnel,bpt6k6550397,,failed,0,0,,no_usable_pages,known,,,bpt6k6550397: no usable pages in manifest.,2026-07-17T20:25:59.952859
leconstitutionnel,bpt6k6550405,,failed,0,0,,no_usable_pages,known,,,bpt6k6550405: no usable pages in manifest.,2026-07-17T20:26:00.080599
leconstitutionnel,bpt6k655041j,,failed,0,0,,no_usable_pages,known,,,bpt6k655041j: no usable pages in manifest.,2026-07-17T20:26:00.194147
leconstitutionnel,bpt6k655042x,,failed,0,0,,no_usable_pages,known,,,bpt6k655042x: no usable pages in manifest.,2026-07-17T20:26:00.281933
leconstitutionnel,bpt6k6550439,,failed,0,0,,no_usable_pages,known,,,bpt6k6550439: no usable pages in manifest.,2026-07-17T20:26:00.369211
leconstitutionnel,bpt6k655044p,,failed,0,0,,no_usable_pages,known,,,bpt6k655044p: no usable pages in manifest.,2026-07-17T20:26:00.465231
leconstitutionnel,bpt6k6550452,,failed,0,0,,no_usable_pages,known,,,bpt6k6550452: no usable pages in manifest.,2026-07-17T20:26:00.565418
leconstitutionnel,bpt6k655046f,,failed,0,0,,no_usable_pages,known,,,bpt6k655046f: no usable pages in manifest.,2026-07-17T20:26:00.705884
leconstitutionnel,bpt6k655047t,,failed,0,0,,no_usable_pages,known,,,bpt6k655047t: no usable pages in manifest.,2026-07-17T20:26:00.808413
leconstitutionnel,bpt6k6550486,,failed,0,0,,no_usable_pages,known,,,bpt6k6550486: no usable pages in manifest.,2026-07-17T20:26:00.921664
leconstitutionnel,bpt6k655049k,,failed,0,0,,no_usable_pages,known,,,bpt6k655049k: no usable pages in manifest.,2026-07-17T20:26:01.041651
leconstitutionnel,bpt6k655050h,,failed,0,0,,no_usable_pages,known,,,bpt6k655050h: no usable pages in manifest.,2026-07-17T20:26:01.146687
leconstitutionnel,bpt6k655051w,,failed,0,0,,no_usable_pages,known,,,bpt6k655051w: no usable pages in manifest.,2026-07-17T20:26:01.241377
leconstitutionnel,bpt6k6550528,,failed,0,0,,no_usable_pages,known,,,bpt6k6550528: no usable pages in manifest.,2026-07-17T20:26:01.345335
leconstitutionnel,bpt6k655053n,,failed,0,0,,no_usable_pages,known,,,bpt6k655053n: no usable pages in manifest.,2026-07-17T20:26:01.420721
leconstitutionnel,bpt6k6550541,,failed,0,0,,no_usable_pages,known,,,bpt6k6550541: no usable pages in manifest.,2026-07-17T20:26:01.517902
leconstitutionnel,bpt6k655055d,,failed,0,0,,no_usable_pages,known,,,bpt6k655055d: no usable pages in manifest.,2026-07-17T20:26:01.592424
leconstitutionnel,bpt6k655056s,,failed,0,0,,no_usable_pages,known,,,bpt6k655056s: no usable pages in manifest.,2026-07-17T20:26:01.713035
leconstitutionnel,bpt6k6550575,,failed,0,0,,no_usable_pages,known,,,bpt6k6550575: no usable pages in manifest.,2026-07-17T20:26:01.792201
leconstitutionnel,bpt6k655058j,,failed,0,0,,no_usable_pages,known,,,bpt6k655058j: no usable pages in manifest.,2026-07-17T20:26:01.935047
leconstitutionnel,bpt6k655059x,,failed,0,0,,no_usable_pages,known,,,bpt6k655059x: no usable pages in manifest.,2026-07-17T20:26:01.989480
leconstitutionnel,bpt6k655060v,,failed,0,0,,no_usable_pages,known,,,bpt6k655060v: no usable pages in manifest.,2026-07-17T20:26:02.074762
leconstitutionnel,bpt6k6550617,,failed,0,0,,no_usable_pages,known,,,bpt6k6550617: no usable pages in manifest.,2026-07-17T20:26:02.188804
leconstitutionnel,bpt6k655062m,,failed,0,0,,no_usable_pages,known,,,bpt6k655062m: no usable pages in manifest.,2026-07-17T20:26:02.292310
leconstitutionnel,bpt6k6550630,,failed,0,0,,no_usable_pages,known,,,bpt6k6550630: no usable pages in manifest.,2026-07-17T20:26:02.374001
leconstitutionnel,bpt6k655064c,,failed,0,0,,no_usable_pages,known,,,bpt6k655064c: no usable pages in manifest.,2026-07-17T20:26:02.465068
leconstitutionnel,bpt6k655065r,,failed,0,0,,no_usable_pages,known,,,bpt6k655065r: no usable pages in manifest.,2026-07-17T20:26:02.572119
leconstitutionnel,bpt6k6550664,,failed,0,0,,no_usable_pages,known,,,bpt6k6550664: no usable pages in manifest.,2026-07-17T20:26:02.668982
leconstitutionnel,bpt6k655067h,,failed,0,0,,no_usable_pages,known,,,bpt6k655067h: no usable pages in manifest.,2026-07-17T20:26:02.753754
leconstitutionnel,bpt6k655068w,,failed,0,0,,no_usable_pages,known,,,bpt6k655068w: no usable pages in manifest.,2026-07-17T20:26:02.843222
leconstitutionnel,bpt6k6550698,,failed,0,0,,no_usable_pages,known,,,bpt6k6550698: no usable pages in manifest.,2026-07-17T20:26:02.931325
leconstitutionnel,bpt6k6550706,,failed,0,0,,no_usable_pages,known,,,bpt6k6550706: no usable pages in manifest.,2026-07-17T20:26:03.057200
leconstitutionnel,bpt6k655071k,,failed,0,0,,no_usable_pages,known,,,bpt6k655071k: no usable pages in manifest.,2026-07-17T20:26:03.126928
leconstitutionnel,bpt6k655072z,,failed,0,0,,no_usable_pages,known,,,bpt6k655072z: no usable pages in manifest.,2026-07-17T20:26:03.234161
leconstitutionnel,bpt6k655073b,,failed,0,0,,no_usable_pages,known,,,bpt6k655073b: no usable pages in manifest.,2026-07-17T20:26:03.353469
leconstitutionnel,bpt6k655074q,,failed,0,0,,no_usable_pages,known,,,bpt6k655074q: no usable pages in manifest.,2026-07-17T20:26:03.440263
leconstitutionnel,bpt6k6550753,,failed,0,0,,no_usable_pages,known,,,bpt6k6550753: no usable pages in manifest.,2026-07-17T20:26:03.508191
leconstitutionnel,bpt6k655076g,,failed,0,0,,no_usable_pages,known,,,bpt6k655076g: no usable pages in manifest.,2026-07-17T20:26:03.573386
leconstitutionnel,bpt6k655077v,,failed,0,0,,no_usable_pages,known,,,bpt6k655077v: no usable pages in manifest.,2026-07-17T20:26:03.705434
leconstitutionnel,bpt6k6550787,,failed,0,0,,no_usable_pages,known,,,bpt6k6550787: no usable pages in manifest.,2026-07-17T20:26:03.779342
leconstitutionnel,bpt6k655079m,,failed,0,0,,no_usable_pages,known,,,bpt6k655079m: no usable pages in manifest.,2026-07-17T20:26:03.862483
leconstitutionnel,bpt6k655080j,,failed,0,0,,no_usable_pages,known,,,bpt6k655080j: no usable pages in manifest.,2026-07-17T20:26:03.960198
leconstitutionnel,bpt6k655081x,,failed,0,0,,no_usable_pages,known,,,bpt6k655081x: no usable pages in manifest.,2026-07-17T20:26:04.064461
leconstitutionnel,bpt6k6550829,,failed,0,0,,no_usable_pages,known,,,bpt6k6550829: no usable pages in manifest.,2026-07-17T20:26:04.169037
leconstitutionnel,bpt6k655083p,,failed,0,0,,no_usable_pages,known,,,bpt6k655083p: no usable pages in manifest.,2026-07-17T20:26:04.287163
leconstitutionnel,bpt6k6550842,,failed,0,0,,no_usable_pages,known,,,bpt6k6550842: no usable pages in manifest.,2026-07-17T20:26:04.428249
leconstitutionnel,bpt6k655085f,,failed,0,0,,no_usable_pages,known,,,bpt6k655085f: no usable pages in manifest.,2026-07-17T20:26:04.495915
leconstitutionnel,bpt6k655086t,,failed,0,0,,no_usable_pages,known,,,bpt6k655086t: no usable pages in manifest.,2026-07-17T20:26:04.591221
leconstitutionnel,bpt6k6550876,,failed,0,0,,no_usable_pages,known,,,bpt6k6550876: no usable pages in manifest.,2026-07-17T20:26:04.676492
leconstitutionnel,bpt6k655088k,,failed,0,0,,no_usable_pages,known,,,bpt6k655088k: no usable pages in manifest.,2026-07-17T20:26:04.773444
leconstitutionnel,bpt6k655089z,,failed,0,0,,no_usable_pages,known,,,bpt6k655089z: no usable pages in manifest.,2026-07-17T20:26:04.852404
leconstitutionnel,bpt6k655090w,,failed,0,0,,no_usable_pages,known,,,bpt6k655090w: no usable pages in manifest.,2026-07-17T20:26:04.933652
leconstitutionnel,bpt6k6550918,,failed,0,0,,no_usable_pages,known,,,bpt6k6550918: no usable pages in manifest.,2026-07-17T20:26:05.010619
leconstitutionnel,bpt6k655092n,,failed,0,0,,no_usable_pages,known,,,bpt6k655092n: no usable pages in manifest.,2026-07-17T20:26:05.066277
leconstitutionnel,bpt6k6550931,,failed,0,0,,no_usable_pages,known,,,bpt6k6550931: no usable pages in manifest.,2026-07-17T20:26:05.147514
leconstitutionnel,bpt6k655094d,,failed,0,0,,no_usable_pages,known,,,bpt6k655094d: no usable pages in manifest.,2026-07-17T20:26:05.212683
leconstitutionnel,bpt6k655095s,,failed,0,0,,no_usable_pages,known,,,bpt6k655095s: no usable pages in manifest.,2026-07-17T20:26:05.335268
leconstitutionnel,bpt6k6550965,,failed,0,0,,no_usable_pages,known,,,bpt6k6550965: no usable pages in manifest.,2026-07-17T20:26:05.484814
leconstitutionnel,bpt6k655097j,,failed,0,0,,no_usable_pages,known,,,bpt6k655097j: no usable pages in manifest.,2026-07-17T20:26:05.606006
leconstitutionnel,bpt6k655098x,,failed,0,0,,no_usable_pages,known,,,bpt6k655098x: no usable pages in manifest.,2026-07-17T20:26:05.685681
leconstitutionnel,bpt6k6550999,,failed,0,0,,no_usable_pages,known,,,bpt6k6550999: no usable pages in manifest.,2026-07-17T20:26:05.780126
leconstitutionnel,bpt6k6551003,,failed,0,0,,no_usable_pages,known,,,bpt6k6551003: no usable pages in manifest.,2026-07-17T20:26:05.848774
leconstitutionnel,bpt6k655101g,,failed,0,0,,no_usable_pages,known,,,bpt6k655101g: no usable pages in manifest.,2026-07-17T20:26:05.904136
leconstitutionnel,bpt6k655102v,,failed,0,0,,no_usable_pages,known,,,bpt6k655102v: no usable pages in manifest.,2026-07-17T20:26:05.972127
leconstitutionnel,bpt6k6551037,,failed,0,0,,no_usable_pages,known,,,bpt6k6551037: no usable pages in manifest.,2026-07-17T20:26:06.058217
leconstitutionnel,bpt6k655104m,,failed,0,0,,no_usable_pages,known,,,bpt6k655104m: no usable pages in manifest.,2026-07-17T20:26:06.128137
leconstitutionnel,bpt6k6551050,,failed,0,0,,no_usable_pages,known,,,bpt6k6551050: no usable pages in manifest.,2026-07-17T20:26:06.192574
leconstitutionnel,bpt6k655106c,,failed,0,0,,no_usable_pages,known,,,bpt6k655106c: no usable pages in manifest.,2026-07-17T20:26:06.265274
leconstitutionnel,bpt6k655107r,,failed,0,0,,no_usable_pages,known,,,bpt6k655107r: no usable pages in manifest.,2026-07-17T20:26:06.389944
leconstitutionnel,bpt6k6551084,,failed,0,0,,no_usable_pages,known,,,bpt6k6551084: no usable pages in manifest.,2026-07-17T20:26:06.493447
leconstitutionnel,bpt6k655109h,,failed,0,0,,no_usable_pages,known,,,bpt6k655109h: no usable pages in manifest.,2026-07-17T20:26:06.602208
leconstitutionnel,bpt6k655110f,,failed,0,0,,no_usable_pages,known,,,bpt6k655110f: no usable pages in manifest.,2026-07-17T20:26:06.698552
leconstitutionnel,bpt6k655111t,,failed,0,0,,no_usable_pages,known,,,bpt6k655111t: no usable pages in manifest.,2026-07-17T20:26:06.774357
leconstitutionnel,bpt6k6551126,,failed,0,0,,no_usable_pages,known,,,bpt6k6551126: no usable pages in manifest.,2026-07-17T20:26:06.854532
leconstitutionnel,bpt6k655113k,,failed,0,0,,no_usable_pages,known,,,bpt6k655113k: no usable pages in manifest.,2026-07-17T20:26:06.920968
leconstitutionnel,bpt6k655114z,,failed,0,0,,no_usable_pages,known,,,bpt6k655114z: no usable pages in manifest.,2026-07-17T20:26:06.994247
leconstitutionnel,bpt6k655115b,,failed,0,0,,no_usable_pages,known,,,bpt6k655115b: no usable pages in manifest.,2026-07-17T20:26:07.079170
leconstitutionnel,bpt6k655116q,,failed,0,0,,no_usable_pages,known,,,bpt6k655116q: no usable pages in manifest.,2026-07-17T20:26:07.158183
leconstitutionnel,bpt6k6551173,,failed,0,0,,no_usable_pages,known,,,bpt6k6551173: no usable pages in manifest.,2026-07-17T20:26:07.222683
leconstitutionnel,bpt6k655118g,,failed,0,0,,no_usable_pages,known,,,bpt6k655118g: no usable pages in manifest.,2026-07-17T20:26:07.356939
leconstitutionnel,bpt6k655119v,,failed,0,0,,no_usable_pages,known,,,bpt6k655119v: no usable pages in manifest.,2026-07-17T20:26:07.474867
leconstitutionnel,bpt6k655120s,,failed,0,0,,no_usable_pages,known,,,bpt6k655120s: no usable pages in manifest.,2026-07-17T20:26:07.552943
leconstitutionnel,bpt6k6551215,,failed,0,0,,no_usable_pages,known,,,bpt6k6551215: no usable pages in manifest.,2026-07-17T20:26:07.643728
leconstitutionnel,bpt6k655122j,,failed,0,0,,no_usable_pages,known,,,bpt6k655122j: no usable pages in manifest.,2026-07-17T20:26:07.739381
leconstitutionnel,bpt6k655123x,,failed,0,0,,no_usable_pages,known,,,bpt6k655123x: no usable pages in manifest.,2026-07-17T20:26:07.826664
leconstitutionnel,bpt6k6551249,,failed,0,0,,no_usable_pages,known,,,bpt6k6551249: no usable pages in manifest.,2026-07-17T20:26:07.912499
leconstitutionnel,bpt6k655125p,,failed,0,0,,no_usable_pages,known,,,bpt6k655125p: no usable pages in manifest.,2026-07-17T20:26:07.982925
leconstitutionnel,bpt6k6551262,,failed,0,0,,no_usable_pages,known,,,bpt6k6551262: no usable pages in manifest.,2026-07-17T20:26:08.055686
leconstitutionnel,bpt6k655127f,,failed,0,0,,no_usable_pages,known,,,bpt6k655127f: no usable pages in manifest.,2026-07-17T20:26:08.128823
leconstitutionnel,bpt6k655128t,,failed,0,0,,no_usable_pages,known,,,bpt6k655128t: no usable pages in manifest.,2026-07-17T20:26:08.200439
leconstitutionnel,bpt6k6551296,,failed,0,0,,no_usable_pages,known,,,bpt6k6551296: no usable pages in manifest.,2026-07-17T20:26:08.315165
leconstitutionnel,bpt6k6551304,,failed,0,0,,no_usable_pages,known,,,bpt6k6551304: no usable pages in manifest.,2026-07-17T20:26:08.421028
leconstitutionnel,bpt6k655131h,,failed,0,0,,no_usable_pages,known,,,bpt6k655131h: no usable pages in manifest.,2026-07-17T20:26:08.630064
leconstitutionnel,bpt6k655132w,,failed,0,0,,no_usable_pages,known,,,bpt6k655132w: no usable pages in manifest.,2026-07-17T20:26:08.713609
leconstitutionnel,bpt6k6551338,,failed,0,0,,no_usable_pages,known,,,bpt6k6551338: no usable pages in manifest.,2026-07-17T20:26:08.804370
leconstitutionnel,bpt6k655134n,,failed,0,0,,no_usable_pages,known,,,bpt6k655134n: no usable pages in manifest.,2026-07-17T20:26:08.917983
leconstitutionnel,bpt6k6551351,,failed,0,0,,no_usable_pages,known,,,bpt6k6551351: no usable pages in manifest.,2026-07-17T20:26:08.988621
leconstitutionnel,bpt6k655136d,,failed,0,0,,no_usable_pages,known,,,bpt6k655136d: no usable pages in manifest.,2026-07-17T20:26:09.061866
leconstitutionnel,bpt6k655137s,,failed,0,0,,no_usable_pages,known,,,bpt6k655137s: no usable pages in manifest.,2026-07-17T20:26:09.158330
leconstitutionnel,bpt6k6551385,,failed,0,0,,no_usable_pages,known,,,bpt6k6551385: no usable pages in manifest.,2026-07-17T20:26:09.243027
leconstitutionnel,bpt6k655139j,,failed,0,0,,no_usable_pages,known,,,bpt6k655139j: no usable pages in manifest.,2026-07-17T20:26:09.333153
leconstitutionnel,bpt6k655140g,,failed,0,0,,no_usable_pages,known,,,bpt6k655140g: no usable pages in manifest.,2026-07-17T20:26:09.413442
leconstitutionnel,bpt6k655141v,,failed,0,0,,no_usable_pages,known,,,bpt6k655141v: no usable pages in manifest.,2026-07-17T20:26:09.496396
leconstitutionnel,bpt6k6551427,,failed,0,0,,no_usable_pages,known,,,bpt6k6551427: no usable pages in manifest.,2026-07-17T20:26:09.661528
leconstitutionnel,bpt6k655143m,,failed,0,0,,no_usable_pages,known,,,bpt6k655143m: no usable pages in manifest.,2026-07-17T20:26:09.735722
leconstitutionnel,bpt6k6551440,,failed,0,0,,no_usable_pages,known,,,bpt6k6551440: no usable pages in manifest.,2026-07-17T20:26:09.810287
leconstitutionnel,bpt6k655145c,,failed,0,0,,no_usable_pages,known,,,bpt6k655145c: no usable pages in manifest.,2026-07-17T20:26:09.877157
leconstitutionnel,bpt6k655146r,,failed,0,0,,no_usable_pages,known,,,bpt6k655146r: no usable pages in manifest.,2026-07-17T20:26:09.973419
leconstitutionnel,bpt6k6551474,,failed,0,0,,no_usable_pages,known,,,bpt6k6551474: no usable pages in manifest.,2026-07-17T20:26:10.070268
leconstitutionnel,bpt6k655148h,,failed,0,0,,no_usable_pages,known,,,bpt6k655148h: no usable pages in manifest.,2026-07-17T20:26:10.179143
leconstitutionnel,bpt6k655149w,,failed,0,0,,no_usable_pages,known,,,bpt6k655149w: no usable pages in manifest.,2026-07-17T20:26:10.259454
leconstitutionnel,bpt6k655150t,,failed,0,0,,no_usable_pages,known,,,bpt6k655150t: no usable pages in manifest.,2026-07-17T20:26:10.338448
leconstitutionnel,bpt6k6551516,,failed,0,0,,no_usable_pages,known,,,bpt6k6551516: no usable pages in manifest.,2026-07-17T20:26:10.428047
leconstitutionnel,bpt6k655152k,,failed,0,0,,no_usable_pages,known,,,bpt6k655152k: no usable pages in manifest.,2026-07-17T20:26:10.495531
leconstitutionnel,bpt6k655153z,,failed,0,0,,no_usable_pages,known,,,bpt6k655153z: no usable pages in manifest.,2026-07-17T20:26:10.704966
leconstitutionnel,bpt6k655154b,,failed,0,0,,no_usable_pages,known,,,bpt6k655154b: no usable pages in manifest.,2026-07-17T20:26:10.796926
leconstitutionnel,bpt6k655155q,,failed,0,0,,no_usable_pages,known,,,bpt6k655155q: no usable pages in manifest.,2026-07-17T20:26:10.871699
leconstitutionnel,bpt6k6551563,,failed,0,0,,no_usable_pages,known,,,bpt6k6551563: no usable pages in manifest.,2026-07-17T20:26:10.943535
leconstitutionnel,bpt6k655157g,,failed,0,0,,no_usable_pages,known,,,bpt6k655157g: no usable pages in manifest.,2026-07-17T20:26:11.015756
leconstitutionnel,bpt6k655158v,,failed,0,0,,no_usable_pages,known,,,bpt6k655158v: no usable pages in manifest.,2026-07-17T20:26:11.081954
leconstitutionnel,bpt6k6551597,,failed,0,0,,no_usable_pages,known,,,bpt6k6551597: no usable pages in manifest.,2026-07-17T20:26:11.206991
leconstitutionnel,bpt6k6551605,,failed,0,0,,no_usable_pages,known,,,bpt6k6551605: no usable pages in manifest.,2026-07-17T20:26:11.268688
leconstitutionnel,bpt6k655161j,,failed,0,0,,no_usable_pages,known,,,bpt6k655161j: no usable pages in manifest.,2026-07-17T20:26:11.335945
leconstitutionnel,bpt6k655162x,,failed,0,0,,no_usable_pages,known,,,bpt6k655162x: no usable pages in manifest.,2026-07-17T20:26:11.415082
leconstitutionnel,bpt6k6551639,,failed,0,0,,no_usable_pages,known,,,bpt6k6551639: no usable pages in manifest.,2026-07-17T20:26:11.471921
leconstitutionnel,bpt6k655164p,,failed,0,0,,no_usable_pages,known,,,bpt6k655164p: no usable pages in manifest.,2026-07-17T20:26:11.518467
leconstitutionnel,bpt6k6551652,,failed,0,0,,no_usable_pages,known,,,bpt6k6551652: no usable pages in manifest.,2026-07-17T20:26:11.606746
leconstitutionnel,bpt6k655166f,,failed,0,0,,no_usable_pages,known,,,bpt6k655166f: no usable pages in manifest.,2026-07-17T20:26:11.735522
leconstitutionnel,bpt6k655167t,,failed,0,0,,no_usable_pages,known,,,bpt6k655167t: no usable pages in manifest.,2026-07-17T20:26:11.806193
leconstitutionnel,bpt6k6551686,,failed,0,0,,no_usable_pages,known,,,bpt6k6551686: no usable pages in manifest.,2026-07-17T20:26:11.911822
leconstitutionnel,bpt6k655169k,,failed,0,0,,no_usable_pages,known,,,bpt6k655169k: no usable pages in manifest.,2026-07-17T20:26:11.978331
leconstitutionnel,bpt6k655170h,,failed,0,0,,no_usable_pages,known,,,bpt6k655170h: no usable pages in manifest.,2026-07-17T20:26:12.050196
leconstitutionnel,bpt6k655171w,,failed,0,0,,no_usable_pages,known,,,bpt6k655171w: no usable pages in manifest.,2026-07-17T20:26:12.122742
leconstitutionnel,bpt6k6551728,,failed,0,0,,no_usable_pages,known,,,bpt6k6551728: no usable pages in manifest.,2026-07-17T20:26:12.214225
leconstitutionnel,bpt6k655173n,,failed,0,0,,no_usable_pages,known,,,bpt6k655173n: no usable pages in manifest.,2026-07-17T20:26:12.294994
leconstitutionnel,bpt6k6551741,,failed,0,0,,no_usable_pages,known,,,bpt6k6551741: no usable pages in manifest.,2026-07-17T20:26:12.382989
leconstitutionnel,bpt6k655175d,,failed,0,0,,no_usable_pages,known,,,bpt6k655175d: no usable pages in manifest.,2026-07-17T20:26:12.470368
leconstitutionnel,bpt6k655176s,,failed,0,0,,no_usable_pages,known,,,bpt6k655176s: no usable pages in manifest.,2026-07-17T20:26:12.552805
leconstitutionnel,bpt6k6551775,,failed,0,0,,no_usable_pages,known,,,bpt6k6551775: no usable pages in manifest.,2026-07-17T20:26:12.649076
leconstitutionnel,bpt6k655178j,,failed,0,0,,no_usable_pages,known,,,bpt6k655178j: no usable pages in manifest.,2026-07-17T20:26:12.809859
leconstitutionnel,bpt6k655179x,,failed,0,0,,no_usable_pages,known,,,bpt6k655179x: no usable pages in manifest.,2026-07-17T20:26:12.900038
leconstitutionnel,bpt6k655180v,,failed,0,0,,no_usable_pages,known,,,bpt6k655180v: no usable pages in manifest.,2026-07-17T20:26:12.985708
leconstitutionnel,bpt6k6551817,,failed,0,0,,no_usable_pages,known,,,bpt6k6551817: no usable pages in manifest.,2026-07-17T20:26:13.075179
leconstitutionnel,bpt6k655182m,,failed,0,0,,no_usable_pages,known,,,bpt6k655182m: no usable pages in manifest.,2026-07-17T20:26:13.171011
leconstitutionnel,bpt6k6551830,,failed,0,0,,no_usable_pages,known,,,bpt6k6551830: no usable pages in manifest.,2026-07-17T20:26:13.267704
leconstitutionnel,bpt6k655184c,,failed,0,0,,no_usable_pages,known,,,bpt6k655184c: no usable pages in manifest.,2026-07-17T20:26:13.331995
leconstitutionnel,bpt6k655185r,,failed,0,0,,no_usable_pages,known,,,bpt6k655185r: no usable pages in manifest.,2026-07-17T20:26:13.381710
leconstitutionnel,bpt6k6551864,,failed,0,0,,no_usable_pages,known,,,bpt6k6551864: no usable pages in manifest.,2026-07-17T20:26:13.446488
leconstitutionnel,bpt6k655187h,,failed,0,0,,no_usable_pages,known,,,bpt6k655187h: no usable pages in manifest.,2026-07-17T20:26:13.516398
leconstitutionnel,bpt6k655188w,,failed,0,0,,no_usable_pages,known,,,bpt6k655188w: no usable pages in manifest.,2026-07-17T20:26:13.577597
leconstitutionnel,bpt6k6551898,,failed,0,0,,no_usable_pages,known,,,bpt6k6551898: no usable pages in manifest.,2026-07-17T20:26:13.677854
leconstitutionnel,bpt6k6551906,,failed,0,0,,no_usable_pages,known,,,bpt6k6551906: no usable pages in manifest.,2026-07-17T20:26:13.865951
leconstitutionnel,bpt6k655191k,,failed,0,0,,no_usable_pages,known,,,bpt6k655191k: no usable pages in manifest.,2026-07-17T20:26:13.982421
leconstitutionnel,bpt6k655192z,,failed,0,0,,no_usable_pages,known,,,bpt6k655192z: no usable pages in manifest.,2026-07-17T20:26:14.088961
leconstitutionnel,bpt6k655193b,,failed,0,0,,no_usable_pages,known,,,bpt6k655193b: no usable pages in manifest.,2026-07-17T20:26:14.185955
leconstitutionnel,bpt6k655194q,,failed,0,0,,no_usable_pages,known,,,bpt6k655194q: no usable pages in manifest.,2026-07-17T20:26:14.282314
leconstitutionnel,bpt6k6551953,,failed,0,0,,no_usable_pages,known,,,bpt6k6551953: no usable pages in manifest.,2026-07-17T20:26:14.358114
leconstitutionnel,bpt6k655196g,,failed,0,0,,no_usable_pages,known,,,bpt6k655196g: no usable pages in manifest.,2026-07-17T20:26:14.451174
leconstitutionnel,bpt6k655197v,,failed,0,0,,no_usable_pages,known,,,bpt6k655197v: no usable pages in manifest.,2026-07-17T20:26:14.587539
leconstitutionnel,bpt6k6551987,,failed,0,0,,no_usable_pages,known,,,bpt6k6551987: no usable pages in manifest.,2026-07-17T20:26:14.685435
leconstitutionnel,bpt6k655199m,,failed,0,0,,no_usable_pages,known,,,bpt6k655199m: no usable pages in manifest.,2026-07-17T20:26:14.752907
leconstitutionnel,bpt6k655200d,,failed,0,0,,no_usable_pages,known,,,bpt6k655200d: no usable pages in manifest.,2026-07-17T20:26:14.918219
leconstitutionnel,bpt6k655201s,,failed,0,0,,no_usable_pages,known,,,bpt6k655201s: no usable pages in manifest.,2026-07-17T20:26:14.997856
leconstitutionnel,bpt6k6552025,,failed,0,0,,no_usable_pages,known,,,bpt6k6552025: no usable pages in manifest.,2026-07-17T20:26:15.074620
leconstitutionnel,bpt6k655203j,,failed,0,0,,no_usable_pages,known,,,bpt6k655203j: no usable pages in manifest.,2026-07-17T20:26:15.140676
leconstitutionnel,bpt6k655204x,,failed,0,0,,no_usable_pages,known,,,bpt6k655204x: no usable pages in manifest.,2026-07-17T20:26:15.229806
leconstitutionnel,bpt6k6552059,,failed,0,0,,no_usable_pages,known,,,bpt6k6552059: no usable pages in manifest.,2026-07-17T20:26:15.291086
leconstitutionnel,bpt6k655206p,,failed,0,0,,no_usable_pages,known,,,bpt6k655206p: no usable pages in manifest.,2026-07-17T20:26:15.373423
leconstitutionnel,bpt6k6552072,,failed,0,0,,no_usable_pages,known,,,bpt6k6552072: no usable pages in manifest.,2026-07-17T20:26:15.475357
leconstitutionnel,bpt6k655208f,,failed,0,0,,no_usable_pages,known,,,bpt6k655208f: no usable pages in manifest.,2026-07-17T20:26:15.597915
leconstitutionnel,bpt6k655209t,,failed,0,0,,no_usable_pages,known,,,bpt6k655209t: no usable pages in manifest.,2026-07-17T20:26:15.714493
leconstitutionnel,bpt6k655210r,,failed,0,0,,no_usable_pages,known,,,bpt6k655210r: no usable pages in manifest.,2026-07-17T20:26:15.828871
leconstitutionnel,bpt6k6552114,,failed,0,0,,no_usable_pages,known,,,bpt6k6552114: no usable pages in manifest.,2026-07-17T20:26:15.929770
leconstitutionnel,bpt6k655212h,,failed,0,0,,no_usable_pages,known,,,bpt6k655212h: no usable pages in manifest.,2026-07-17T20:26:16.011496
leconstitutionnel,bpt6k655213w,,failed,0,0,,no_usable_pages,known,,,bpt6k655213w: no usable pages in manifest.,2026-07-17T20:26:16.166766
leconstitutionnel,bpt6k6552148,,failed,0,0,,no_usable_pages,known,,,bpt6k6552148: no usable pages in manifest.,2026-07-17T20:26:16.263117
leconstitutionnel,bpt6k655215n,,failed,0,0,,no_usable_pages,known,,,bpt6k655215n: no usable pages in manifest.,2026-07-17T20:26:16.330014
leconstitutionnel,bpt6k6552161,,failed,0,0,,no_usable_pages,known,,,bpt6k6552161: no usable pages in manifest.,2026-07-17T20:26:16.420657
leconstitutionnel,bpt6k655217d,,failed,0,0,,no_usable_pages,known,,,bpt6k655217d: no usable pages in manifest.,2026-07-17T20:26:16.503874
leconstitutionnel,bpt6k655218s,,failed,0,0,,no_usable_pages,known,,,bpt6k655218s: no usable pages in manifest.,2026-07-17T20:26:16.566779
leconstitutionnel,bpt6k6552195,,failed,0,0,,no_usable_pages,known,,,bpt6k6552195: no usable pages in manifest.,2026-07-17T20:26:16.651026
leconstitutionnel,bpt6k6552203,,failed,0,0,,no_usable_pages,known,,,bpt6k6552203: no usable pages in manifest.,2026-07-17T20:26:16.745966
leconstitutionnel,bpt6k655221g,,failed,0,0,,no_usable_pages,known,,,bpt6k655221g: no usable pages in manifest.,2026-07-17T20:26:16.878856
leconstitutionnel,bpt6k655222v,,failed,0,0,,no_usable_pages,known,,,bpt6k655222v: no usable pages in manifest.,2026-07-17T20:26:17.049037
leconstitutionnel,bpt6k6552237,,failed,0,0,,no_usable_pages,known,,,bpt6k6552237: no usable pages in manifest.,2026-07-17T20:26:17.207902
leconstitutionnel,bpt6k655224m,,failed,0,0,,no_usable_pages,known,,,bpt6k655224m: no usable pages in manifest.,2026-07-17T20:26:17.330613
leconstitutionnel,bpt6k6552250,,failed,0,0,,no_usable_pages,known,,,bpt6k6552250: no usable pages in manifest.,2026-07-17T20:26:17.411805
leconstitutionnel,bpt6k655226c,,failed,0,0,,no_usable_pages,known,,,bpt6k655226c: no usable pages in manifest.,2026-07-17T20:26:17.495104
leconstitutionnel,bpt6k655227r,,failed,0,0,,no_usable_pages,known,,,bpt6k655227r: no usable pages in manifest.,2026-07-17T20:26:17.586636
leconstitutionnel,bpt6k6552284,,failed,0,0,,no_usable_pages,known,,,bpt6k6552284: no usable pages in manifest.,2026-07-17T20:26:17.675556
leconstitutionnel,bpt6k655229h,,failed,0,0,,no_usable_pages,known,,,bpt6k655229h: no usable pages in manifest.,2026-07-17T20:26:17.769402
leconstitutionnel,bpt6k655230f,,failed,0,0,,no_usable_pages,known,,,bpt6k655230f: no usable pages in manifest.,2026-07-17T20:26:17.842911
leconstitutionnel,bpt6k655231t,,failed,0,0,,no_usable_pages,known,,,bpt6k655231t: no usable pages in manifest.,2026-07-17T20:26:18.056950
leconstitutionnel,bpt6k6552326,,failed,0,0,,no_usable_pages,known,,,bpt6k6552326: no usable pages in manifest.,2026-07-17T20:26:18.170536
leconstitutionnel,bpt6k655233k,,failed,0,0,,no_usable_pages,known,,,bpt6k655233k: no usable pages in manifest.,2026-07-17T20:26:18.260551
leconstitutionnel,bpt6k655234z,,failed,0,0,,no_usable_pages,known,,,bpt6k655234z: no usable pages in manifest.,2026-07-17T20:26:18.419597
leconstitutionnel,bpt6k655235b,,failed,0,0,,no_usable_pages,known,,,bpt6k655235b: no usable pages in manifest.,2026-07-17T20:26:18.530357
leconstitutionnel,bpt6k655236q,,failed,0,0,,no_usable_pages,known,,,bpt6k655236q: no usable pages in manifest.,2026-07-17T20:26:18.593564
leconstitutionnel,bpt6k6552373,,failed,0,0,,no_usable_pages,known,,,bpt6k6552373: no usable pages in manifest.,2026-07-17T20:26:18.673504
leconstitutionnel,bpt6k655238g,,failed,0,0,,no_usable_pages,known,,,bpt6k655238g: no usable pages in manifest.,2026-07-17T20:26:18.758836
leconstitutionnel,bpt6k655239v,,failed,0,0,,no_usable_pages,known,,,bpt6k655239v: no usable pages in manifest.,2026-07-17T20:26:18.863440
leconstitutionnel,bpt6k655240s,,failed,0,0,,no_usable_pages,known,,,bpt6k655240s: no usable pages in manifest.,2026-07-17T20:26:18.966478
leconstitutionnel,bpt6k6552415,,failed,0,0,,no_usable_pages,known,,,bpt6k6552415: no usable pages in manifest.,2026-07-17T20:26:19.153328
leconstitutionnel,bpt6k655242j,,failed,0,0,,no_usable_pages,known,,,bpt6k655242j: no usable pages in manifest.,2026-07-17T20:26:19.275654
leconstitutionnel,bpt6k655243x,,failed,0,0,,no_usable_pages,known,,,bpt6k655243x: no usable pages in manifest.,2026-07-17T20:26:19.354101
leconstitutionnel,bpt6k6552449,,failed,0,0,,no_usable_pages,known,,,bpt6k6552449: no usable pages in manifest.,2026-07-17T20:26:19.433992
leconstitutionnel,bpt6k655245p,,failed,0,0,,no_usable_pages,known,,,bpt6k655245p: no usable pages in manifest.,2026-07-17T20:26:19.510560
leconstitutionnel,bpt6k6552462,,failed,0,0,,no_usable_pages,known,,,bpt6k6552462: no usable pages in manifest.,2026-07-17T20:26:19.573565
leconstitutionnel,bpt6k655247f,,failed,0,0,,no_usable_pages,known,,,bpt6k655247f: no usable pages in manifest.,2026-07-17T20:26:19.627592
leconstitutionnel,bpt6k655248t,,failed,0,0,,no_usable_pages,known,,,bpt6k655248t: no usable pages in manifest.,2026-07-17T20:26:19.722607
leconstitutionnel,bpt6k6552496,,failed,0,0,,no_usable_pages,known,,,bpt6k6552496: no usable pages in manifest.,2026-07-17T20:26:19.808319
leconstitutionnel,bpt6k6552504,,failed,0,0,,no_usable_pages,known,,,bpt6k6552504: no usable pages in manifest.,2026-07-17T20:26:19.895838
leconstitutionnel,bpt6k655251h,,failed,0,0,,no_usable_pages,known,,,bpt6k655251h: no usable pages in manifest.,2026-07-17T20:26:20.020036
leconstitutionnel,bpt6k655252w,,failed,0,0,,no_usable_pages,known,,,bpt6k655252w: no usable pages in manifest.,2026-07-17T20:26:20.212244
leconstitutionnel,bpt6k6552538,,failed,0,0,,no_usable_pages,known,,,bpt6k6552538: no usable pages in manifest.,2026-07-17T20:26:20.282474
leconstitutionnel,bpt6k655254n,,failed,0,0,,no_usable_pages,known,,,bpt6k655254n: no usable pages in manifest.,2026-07-17T20:26:20.384754
leconstitutionnel,bpt6k6552551,,failed,0,0,,no_usable_pages,known,,,bpt6k6552551: no usable pages in manifest.,2026-07-17T20:26:20.473645
leconstitutionnel,bpt6k655256d,,failed,0,0,,no_usable_pages,known,,,bpt6k655256d: no usable pages in manifest.,2026-07-17T20:26:20.546834
leconstitutionnel,bpt6k655257s,,failed,0,0,,no_usable_pages,known,,,bpt6k655257s: no usable pages in manifest.,2026-07-17T20:26:20.628746
leconstitutionnel,bpt6k6552585,,failed,0,0,,no_usable_pages,known,,,bpt6k6552585: no usable pages in manifest.,2026-07-17T20:26:20.695713
leconstitutionnel,bpt6k655259j,,failed,0,0,,no_usable_pages,known,,,bpt6k655259j: no usable pages in manifest.,2026-07-17T20:26:20.778779
leconstitutionnel,bpt6k655260g,,failed,0,0,,no_usable_pages,known,,,bpt6k655260g: no usable pages in manifest.,2026-07-17T20:26:20.855308
leconstitutionnel,bpt6k655261v,,failed,0,0,,no_usable_pages,known,,,bpt6k655261v: no usable pages in manifest.,2026-07-17T20:26:20.951849
leconstitutionnel,bpt6k6552627,,failed,0,0,,no_usable_pages,known,,,bpt6k6552627: no usable pages in manifest.,2026-07-17T20:26:21.061657
leconstitutionnel,bpt6k655263m,,failed,0,0,,no_usable_pages,known,,,bpt6k655263m: no usable pages in manifest.,2026-07-17T20:26:21.273853
leconstitutionnel,bpt6k6552640,,failed,0,0,,no_usable_pages,known,,,bpt6k6552640: no usable pages in manifest.,2026-07-17T20:26:21.397309
leconstitutionnel,bpt6k655265c,,failed,0,0,,no_usable_pages,known,,,bpt6k655265c: no usable pages in manifest.,2026-07-17T20:26:21.515140
leconstitutionnel,bpt6k655266r,,failed,0,0,,no_usable_pages,known,,,bpt6k655266r: no usable pages in manifest.,2026-07-17T20:26:21.611573
leconstitutionnel,bpt6k6552674,,failed,0,0,,no_usable_pages,known,,,bpt6k6552674: no usable pages in manifest.,2026-07-17T20:26:21.708484
leconstitutionnel,bpt6k655268h,,failed,0,0,,no_usable_pages,known,,,bpt6k655268h: no usable pages in manifest.,2026-07-17T20:26:21.798490
leconstitutionnel,bpt6k655269w,,failed,0,0,,no_usable_pages,known,,,bpt6k655269w: no usable pages in manifest.,2026-07-17T20:26:21.906667
leconstitutionnel,bpt6k655270t,,failed,0,0,,no_usable_pages,known,,,bpt6k655270t: no usable pages in manifest.,2026-07-17T20:26:22.000387
leconstitutionnel,bpt6k6552716,,failed,0,0,,no_usable_pages,known,,,bpt6k6552716: no usable pages in manifest.,2026-07-17T20:26:22.103669
leconstitutionnel,bpt6k655272k,,failed,0,0,,no_usable_pages,known,,,bpt6k655272k: no usable pages in manifest.,2026-07-17T20:26:22.260306
leconstitutionnel,bpt6k655273z,,failed,0,0,,no_usable_pages,known,,,bpt6k655273z: no usable pages in manifest.,2026-07-17T20:26:22.359644
leconstitutionnel,bpt6k655274b,,failed,0,0,,no_usable_pages,known,,,bpt6k655274b: no usable pages in manifest.,2026-07-17T20:26:22.491076
leconstitutionnel,bpt6k655275q,,failed,0,0,,no_usable_pages,known,,,bpt6k655275q: no usable pages in manifest.,2026-07-17T20:26:22.582337
leconstitutionnel,bpt6k6552763,,failed,0,0,,no_usable_pages,known,,,bpt6k6552763: no usable pages in manifest.,2026-07-17T20:26:22.661808
leconstitutionnel,bpt6k655277g,,failed,0,0,,no_usable_pages,known,,,bpt6k655277g: no usable pages in manifest.,2026-07-17T20:26:22.739635
leconstitutionnel,bpt6k655278v,,failed,0,0,,no_usable_pages,known,,,bpt6k655278v: no usable pages in manifest.,2026-07-17T20:26:22.809652
leconstitutionnel,bpt6k6552797,,failed,0,0,,no_usable_pages,known,,,bpt6k6552797: no usable pages in manifest.,2026-07-17T20:26:22.886403
leconstitutionnel,bpt6k6552805,,failed,0,0,,no_usable_pages,known,,,bpt6k6552805: no usable pages in manifest.,2026-07-17T20:26:22.997702
leconstitutionnel,bpt6k655281j,,failed,0,0,,no_usable_pages,known,,,bpt6k655281j: no usable pages in manifest.,2026-07-17T20:26:23.088212
leconstitutionnel,bpt6k655282x,,failed,0,0,,no_usable_pages,known,,,bpt6k655282x: no usable pages in manifest.,2026-07-17T20:26:23.169988
leconstitutionnel,bpt6k6552839,,failed,0,0,,no_usable_pages,known,,,bpt6k6552839: no usable pages in manifest.,2026-07-17T20:26:23.326869
leconstitutionnel,bpt6k655284p,,failed,0,0,,no_usable_pages,known,,,bpt6k655284p: no usable pages in manifest.,2026-07-17T20:26:23.477539
leconstitutionnel,bpt6k6552852,,failed,0,0,,no_usable_pages,known,,,bpt6k6552852: no usable pages in manifest.,2026-07-17T20:26:23.564862
leconstitutionnel,bpt6k655286f,,failed,0,0,,no_usable_pages,known,,,bpt6k655286f: no usable pages in manifest.,2026-07-17T20:26:23.645927
leconstitutionnel,bpt6k655287t,,failed,0,0,,no_usable_pages,known,,,bpt6k655287t: no usable pages in manifest.,2026-07-17T20:26:23.740156
leconstitutionnel,bpt6k6552886,,failed,0,0,,no_usable_pages,known,,,bpt6k6552886: no usable pages in manifest.,2026-07-17T20:26:23.827727
leconstitutionnel,bpt6k655289k,,failed,0,0,,no_usable_pages,known,,,bpt6k655289k: no usable pages in manifest.,2026-07-17T20:26:23.919641
leconstitutionnel,bpt6k655290h,,failed,0,0,,no_usable_pages,known,,,bpt6k655290h: no usable pages in manifest.,2026-07-17T20:26:24.037827
leconstitutionnel,bpt6k655291w,,failed,0,0,,no_usable_pages,known,,,bpt6k655291w: no usable pages in manifest.,2026-07-17T20:26:24.142117
leconstitutionnel,bpt6k6552928,,failed,0,0,,no_usable_pages,known,,,bpt6k6552928: no usable pages in manifest.,2026-07-17T20:26:24.224723
leconstitutionnel,bpt6k655293n,,failed,0,0,,no_usable_pages,known,,,bpt6k655293n: no usable pages in manifest.,2026-07-17T20:26:24.364701
leconstitutionnel,bpt6k6552941,,failed,0,0,,no_usable_pages,known,,,bpt6k6552941: no usable pages in manifest.,2026-07-17T20:26:24.435613
leconstitutionnel,bpt6k655295d,,failed,0,0,,no_usable_pages,known,,,bpt6k655295d: no usable pages in manifest.,2026-07-17T20:26:24.524487
leconstitutionnel,bpt6k655296s,,failed,0,0,,no_usable_pages,known,,,bpt6k655296s: no usable pages in manifest.,2026-07-17T20:26:24.641366
leconstitutionnel,bpt6k6552975,,failed,0,0,,no_usable_pages,known,,,bpt6k6552975: no usable pages in manifest.,2026-07-17T20:26:24.713990
leconstitutionnel,bpt6k655298j,,failed,0,0,,no_usable_pages,known,,,bpt6k655298j: no usable pages in manifest.,2026-07-17T20:26:24.832042
leconstitutionnel,bpt6k655299x,,failed,0,0,,no_usable_pages,known,,,bpt6k655299x: no usable pages in manifest.,2026-07-17T20:26:24.931115
leconstitutionnel,bpt6k655300q,,failed,0,0,,no_usable_pages,known,,,bpt6k655300q: no usable pages in manifest.,2026-07-17T20:26:25.005556
leconstitutionnel,bpt6k6553013,,failed,0,0,,no_usable_pages,known,,,bpt6k6553013: no usable pages in manifest.,2026-07-17T20:26:25.083348
leconstitutionnel,bpt6k655302g,,failed,0,0,,no_usable_pages,known,,,bpt6k655302g: no usable pages in manifest.,2026-07-17T20:26:25.153670
leconstitutionnel,bpt6k655303v,,failed,0,0,,no_usable_pages,known,,,bpt6k655303v: no usable pages in manifest.,2026-07-17T20:26:25.243491
leconstitutionnel,bpt6k6553047,,failed,0,0,,no_usable_pages,known,,,bpt6k6553047: no usable pages in manifest.,2026-07-17T20:26:25.384191
leconstitutionnel,bpt6k655305m,,failed,0,0,,no_usable_pages,known,,,bpt6k655305m: no usable pages in manifest.,2026-07-17T20:26:25.472449
leconstitutionnel,bpt6k6553060,,failed,0,0,,no_usable_pages,known,,,bpt6k6553060: no usable pages in manifest.,2026-07-17T20:26:25.627627
leconstitutionnel,bpt6k655307c,,failed,0,0,,no_usable_pages,known,,,bpt6k655307c: no usable pages in manifest.,2026-07-17T20:26:25.737204
leconstitutionnel,bpt6k655308r,,failed,0,0,,no_usable_pages,known,,,bpt6k655308r: no usable pages in manifest.,2026-07-17T20:26:25.815886
leconstitutionnel,bpt6k6553094,,failed,0,0,,no_usable_pages,known,,,bpt6k6553094: no usable pages in manifest.,2026-07-17T20:26:25.910921
leconstitutionnel,bpt6k6553102,,failed,0,0,,no_usable_pages,known,,,bpt6k6553102: no usable pages in manifest.,2026-07-17T20:26:25.997586
leconstitutionnel,bpt6k655311f,,failed,0,0,,no_usable_pages,known,,,bpt6k655311f: no usable pages in manifest.,2026-07-17T20:26:26.100819
leconstitutionnel,bpt6k655312t,,failed,0,0,,no_usable_pages,known,,,bpt6k655312t: no usable pages in manifest.,2026-07-17T20:26:26.177279
leconstitutionnel,bpt6k6553136,,failed,0,0,,no_usable_pages,known,,,bpt6k6553136: no usable pages in manifest.,2026-07-17T20:26:26.268878
leconstitutionnel,bpt6k655314k,,failed,0,0,,no_usable_pages,known,,,bpt6k655314k: no usable pages in manifest.,2026-07-17T20:26:26.428539
leconstitutionnel,bpt6k655315z,,failed,0,0,,no_usable_pages,known,,,bpt6k655315z: no usable pages in manifest.,2026-07-17T20:26:26.510078
leconstitutionnel,bpt6k655316b,,failed,0,0,,no_usable_pages,known,,,bpt6k655316b: no usable pages in manifest.,2026-07-17T20:26:26.620538
leconstitutionnel,bpt6k655317q,,failed,0,0,,no_usable_pages,known,,,bpt6k655317q: no usable pages in manifest.,2026-07-17T20:26:26.701685
leconstitutionnel,bpt6k6553183,,failed,0,0,,no_usable_pages,known,,,bpt6k6553183: no usable pages in manifest.,2026-07-17T20:26:26.776189
leconstitutionnel,bpt6k655319g,,failed,0,0,,no_usable_pages,known,,,bpt6k655319g: no usable pages in manifest.,2026-07-17T20:26:26.853159
leconstitutionnel,bpt6k655320d,,failed,0,0,,no_usable_pages,known,,,bpt6k655320d: no usable pages in manifest.,2026-07-17T20:26:26.926950
leconstitutionnel,bpt6k655321s,,failed,0,0,,no_usable_pages,known,,,bpt6k655321s: no usable pages in manifest.,2026-07-17T20:26:27.014195
leconstitutionnel,bpt6k6553225,,failed,0,0,,no_usable_pages,known,,,bpt6k6553225: no usable pages in manifest.,2026-07-17T20:26:27.095602
leconstitutionnel,bpt6k655323j,,failed,0,0,,no_usable_pages,known,,,bpt6k655323j: no usable pages in manifest.,2026-07-17T20:26:27.175669
leconstitutionnel,bpt6k655324x,,failed,0,0,,no_usable_pages,known,,,bpt6k655324x: no usable pages in manifest.,2026-07-17T20:26:27.266483
leconstitutionnel,bpt6k6553259,,failed,0,0,,no_usable_pages,known,,,bpt6k6553259: no usable pages in manifest.,2026-07-17T20:26:27.368901
leconstitutionnel,bpt6k655326p,,failed,0,0,,no_usable_pages,known,,,bpt6k655326p: no usable pages in manifest.,2026-07-17T20:26:27.546274
leconstitutionnel,bpt6k6553272,,failed,0,0,,no_usable_pages,known,,,bpt6k6553272: no usable pages in manifest.,2026-07-17T20:26:27.616689
leconstitutionnel,bpt6k655328f,,failed,0,0,,no_usable_pages,known,,,bpt6k655328f: no usable pages in manifest.,2026-07-17T20:26:27.691584
leconstitutionnel,bpt6k655329t,,failed,0,0,,no_usable_pages,known,,,bpt6k655329t: no usable pages in manifest.,2026-07-17T20:26:27.768871
leconstitutionnel,bpt6k655330r,,failed,0,0,,no_usable_pages,known,,,bpt6k655330r: no usable pages in manifest.,2026-07-17T20:26:27.855556
leconstitutionnel,bpt6k6553314,,failed,0,0,,no_usable_pages,known,,,bpt6k6553314: no usable pages in manifest.,2026-07-17T20:26:27.929917
leconstitutionnel,bpt6k655332h,,failed,0,0,,no_usable_pages,known,,,bpt6k655332h: no usable pages in manifest.,2026-07-17T20:26:28.001807
leconstitutionnel,bpt6k655333w,,failed,0,0,,no_usable_pages,known,,,bpt6k655333w: no usable pages in manifest.,2026-07-17T20:26:28.067126
leconstitutionnel,bpt6k6553348,,failed,0,0,,no_usable_pages,known,,,bpt6k6553348: no usable pages in manifest.,2026-07-17T20:26:28.151064
leconstitutionnel,bpt6k655335n,,failed,0,0,,no_usable_pages,known,,,bpt6k655335n: no usable pages in manifest.,2026-07-17T20:26:28.250819
leconstitutionnel,bpt6k6553361,,failed,0,0,,no_usable_pages,known,,,bpt6k6553361: no usable pages in manifest.,2026-07-17T20:26:28.355254
leconstitutionnel,bpt6k655337d,,failed,0,0,,no_usable_pages,known,,,bpt6k655337d: no usable pages in manifest.,2026-07-17T20:26:28.441356
leconstitutionnel,bpt6k655338s,,failed,0,0,,no_usable_pages,known,,,bpt6k655338s: no usable pages in manifest.,2026-07-17T20:26:28.584162
leconstitutionnel,bpt6k6553395,,failed,0,0,,no_usable_pages,known,,,bpt6k6553395: no usable pages in manifest.,2026-07-17T20:26:28.688587
leconstitutionnel,bpt6k6553403,,failed,0,0,,no_usable_pages,known,,,bpt6k6553403: no usable pages in manifest.,2026-07-17T20:26:28.801382
leconstitutionnel,bpt6k655341g,,failed,0,0,,no_usable_pages,known,,,bpt6k655341g: no usable pages in manifest.,2026-07-17T20:26:28.901123
leconstitutionnel,bpt6k655342v,,failed,0,0,,no_usable_pages,known,,,bpt6k655342v: no usable pages in manifest.,2026-07-17T20:26:29.001701
leconstitutionnel,bpt6k6553437,,failed,0,0,,no_usable_pages,known,,,bpt6k6553437: no usable pages in manifest.,2026-07-17T20:26:29.077425
leconstitutionnel,bpt6k655344m,,failed,0,0,,no_usable_pages,known,,,bpt6k655344m: no usable pages in manifest.,2026-07-17T20:26:29.185556
leconstitutionnel,bpt6k6553450,,failed,0,0,,no_usable_pages,known,,,bpt6k6553450: no usable pages in manifest.,2026-07-17T20:26:29.307633
leconstitutionnel,bpt6k655346c,,failed,0,0,,no_usable_pages,known,,,bpt6k655346c: no usable pages in manifest.,2026-07-17T20:26:29.398438
leconstitutionnel,bpt6k655347r,,failed,0,0,,no_usable_pages,known,,,bpt6k655347r: no usable pages in manifest.,2026-07-17T20:26:29.482243
leconstitutionnel,bpt6k6553484,,failed,0,0,,no_usable_pages,known,,,bpt6k6553484: no usable pages in manifest.,2026-07-17T20:26:29.621981
leconstitutionnel,bpt6k655349h,,failed,0,0,,no_usable_pages,known,,,bpt6k655349h: no usable pages in manifest.,2026-07-17T20:26:29.703668
leconstitutionnel,bpt6k655350f,,failed,0,0,,no_usable_pages,known,,,bpt6k655350f: no usable pages in manifest.,2026-07-17T20:26:29.785916
leconstitutionnel,bpt6k655351t,,failed,0,0,,no_usable_pages,known,,,bpt6k655351t: no usable pages in manifest.,2026-07-17T20:26:29.867055
leconstitutionnel,bpt6k6553526,,failed,0,0,,no_usable_pages,known,,,bpt6k6553526: no usable pages in manifest.,2026-07-17T20:26:29.939473
leconstitutionnel,bpt6k655353k,,failed,0,0,,no_usable_pages,known,,,bpt6k655353k: no usable pages in manifest.,2026-07-17T20:26:30.013539
leconstitutionnel,bpt6k655354z,,failed,0,0,,no_usable_pages,known,,,bpt6k655354z: no usable pages in manifest.,2026-07-17T20:26:30.074765
leconstitutionnel,bpt6k655355b,,failed,0,0,,no_usable_pages,known,,,bpt6k655355b: no usable pages in manifest.,2026-07-17T20:26:30.157263
leconstitutionnel,bpt6k655356q,,failed,0,0,,no_usable_pages,known,,,bpt6k655356q: no usable pages in manifest.,2026-07-17T20:26:30.241949
leconstitutionnel,bpt6k6553573,,failed,0,0,,no_usable_pages,known,,,bpt6k6553573: no usable pages in manifest.,2026-07-17T20:26:30.342537
leconstitutionnel,bpt6k655358g,,failed,0,0,,no_usable_pages,known,,,bpt6k655358g: no usable pages in manifest.,2026-07-17T20:26:30.438544
leconstitutionnel,bpt6k655359v,,failed,0,0,,no_usable_pages,known,,,bpt6k655359v: no usable pages in manifest.,2026-07-17T20:26:30.502364
leconstitutionnel,bpt6k655360s,,failed,0,0,,no_usable_pages,known,,,bpt6k655360s: no usable pages in manifest.,2026-07-17T20:26:30.709612
leconstitutionnel,bpt6k6553615,,failed,0,0,,no_usable_pages,known,,,bpt6k6553615: no usable pages in manifest.,2026-07-17T20:26:30.790182
leconstitutionnel,bpt6k655362j,,failed,0,0,,no_usable_pages,known,,,bpt6k655362j: no usable pages in manifest.,2026-07-17T20:26:30.877764
leconstitutionnel,bpt6k655363x,,failed,0,0,,no_usable_pages,known,,,bpt6k655363x: no usable pages in manifest.,2026-07-17T20:26:30.994359
leconstitutionnel,bpt6k6553649,,failed,0,0,,no_usable_pages,known,,,bpt6k6553649: no usable pages in manifest.,2026-07-17T20:26:31.084022
leconstitutionnel,bpt6k655365p,,failed,0,0,,no_usable_pages,known,,,bpt6k655365p: no usable pages in manifest.,2026-07-17T20:26:31.165499
leconstitutionnel,bpt6k6553662,,failed,0,0,,no_usable_pages,known,,,bpt6k6553662: no usable pages in manifest.,2026-07-17T20:26:31.229465
leconstitutionnel,bpt6k655367f,,failed,0,0,,no_usable_pages,known,,,bpt6k655367f: no usable pages in manifest.,2026-07-17T20:26:31.312498
leconstitutionnel,bpt6k655368t,,failed,0,0,,no_usable_pages,known,,,bpt6k655368t: no usable pages in manifest.,2026-07-17T20:26:31.398041
leconstitutionnel,bpt6k6553696,,failed,0,0,,no_usable_pages,known,,,bpt6k6553696: no usable pages in manifest.,2026-07-17T20:26:31.488420
leconstitutionnel,bpt6k6553704,,failed,0,0,,no_usable_pages,known,,,bpt6k6553704: no usable pages in manifest.,2026-07-17T20:26:31.569535
leconstitutionnel,bpt6k655371h,,failed,0,0,,no_usable_pages,known,,,bpt6k655371h: no usable pages in manifest.,2026-07-17T20:26:31.658545
leconstitutionnel,bpt6k655372w,,failed,0,0,,no_usable_pages,known,,,bpt6k655372w: no usable pages in manifest.,2026-07-17T20:26:31.781364
leconstitutionnel,bpt6k6553738,,failed,0,0,,no_usable_pages,known,,,bpt6k6553738: no usable pages in manifest.,2026-07-17T20:26:31.862655
leconstitutionnel,bpt6k655374n,,failed,0,0,,no_usable_pages,known,,,bpt6k655374n: no usable pages in manifest.,2026-07-17T20:26:31.937586
leconstitutionnel,bpt6k6553751,,failed,0,0,,no_usable_pages,known,,,bpt6k6553751: no usable pages in manifest.,2026-07-17T20:26:32.015257
leconstitutionnel,bpt6k655376d,,failed,0,0,,no_usable_pages,known,,,bpt6k655376d: no usable pages in manifest.,2026-07-17T20:26:32.076699
leconstitutionnel,bpt6k655377s,,failed,0,0,,no_usable_pages,known,,,bpt6k655377s: no usable pages in manifest.,2026-07-17T20:26:32.175707
leconstitutionnel,bpt6k6553785,,failed,0,0,,no_usable_pages,known,,,bpt6k6553785: no usable pages in manifest.,2026-07-17T20:26:32.285856
leconstitutionnel,bpt6k655379j,,failed,0,0,,no_usable_pages,known,,,bpt6k655379j: no usable pages in manifest.,2026-07-17T20:26:32.363726
leconstitutionnel,bpt6k655380g,,failed,0,0,,no_usable_pages,known,,,bpt6k655380g: no usable pages in manifest.,2026-07-17T20:26:32.440127
leconstitutionnel,bpt6k655381v,,failed,0,0,,no_usable_pages,known,,,bpt6k655381v: no usable pages in manifest.,2026-07-17T20:26:32.532559
leconstitutionnel,bpt6k6553827,,failed,0,0,,no_usable_pages,known,,,bpt6k6553827: no usable pages in manifest.,2026-07-17T20:26:32.628780
leconstitutionnel,bpt6k655383m,,failed,0,0,,no_usable_pages,known,,,bpt6k655383m: no usable pages in manifest.,2026-07-17T20:26:32.711646
leconstitutionnel,bpt6k6553840,,failed,0,0,,no_usable_pages,known,,,bpt6k6553840: no usable pages in manifest.,2026-07-17T20:26:32.819173
leconstitutionnel,bpt6k655385c,,failed,0,0,,no_usable_pages,known,,,bpt6k655385c: no usable pages in manifest.,2026-07-17T20:26:32.895192
leconstitutionnel,bpt6k655386r,,failed,0,0,,no_usable_pages,known,,,bpt6k655386r: no usable pages in manifest.,2026-07-17T20:26:32.964430
leconstitutionnel,bpt6k6553874,,failed,0,0,,no_usable_pages,known,,,bpt6k6553874: no usable pages in manifest.,2026-07-17T20:26:33.031830
leconstitutionnel,bpt6k655388h,,failed,0,0,,no_usable_pages,known,,,bpt6k655388h: no usable pages in manifest.,2026-07-17T20:26:33.105178
leconstitutionnel,bpt6k655389w,,failed,0,0,,no_usable_pages,known,,,bpt6k655389w: no usable pages in manifest.,2026-07-17T20:26:33.220532
leconstitutionnel,bpt6k655390t,,failed,0,0,,no_usable_pages,known,,,bpt6k655390t: no usable pages in manifest.,2026-07-17T20:26:33.309345
leconstitutionnel,bpt6k6553916,,failed,0,0,,no_usable_pages,known,,,bpt6k6553916: no usable pages in manifest.,2026-07-17T20:26:33.388183
leconstitutionnel,bpt6k655392k,,failed,0,0,,no_usable_pages,known,,,bpt6k655392k: no usable pages in manifest.,2026-07-17T20:26:33.469740
leconstitutionnel,bpt6k655393z,,failed,0,0,,no_usable_pages,known,,,bpt6k655393z: no usable pages in manifest.,2026-07-17T20:26:33.551684
leconstitutionnel,bpt6k655394b,,failed,0,0,,no_usable_pages,known,,,bpt6k655394b: no usable pages in manifest.,2026-07-17T20:26:33.652633
leconstitutionnel,bpt6k655395q,,failed,0,0,,no_usable_pages,known,,,bpt6k655395q: no usable pages in manifest.,2026-07-17T20:26:33.795276
leconstitutionnel,bpt6k6553963,,failed,0,0,,no_usable_pages,known,,,bpt6k6553963: no usable pages in manifest.,2026-07-17T20:26:33.897504
leconstitutionnel,bpt6k655397g,,failed,0,0,,no_usable_pages,known,,,bpt6k655397g: no usable pages in manifest.,2026-07-17T20:26:33.990258
leconstitutionnel,bpt6k655398v,,failed,0,0,,no_usable_pages,known,,,bpt6k655398v: no usable pages in manifest.,2026-07-17T20:26:34.057068
leconstitutionnel,bpt6k6553997,,failed,0,0,,no_usable_pages,known,,,bpt6k6553997: no usable pages in manifest.,2026-07-17T20:26:34.146017
leconstitutionnel,bpt6k6554001,,failed,0,0,,no_usable_pages,known,,,bpt6k6554001: no usable pages in manifest.,2026-07-17T20:26:34.240549
leconstitutionnel,bpt6k655401d,,failed,0,0,,no_usable_pages,known,,,bpt6k655401d: no usable pages in manifest.,2026-07-17T20:26:34.321254
leconstitutionnel,bpt6k655402s,,failed,0,0,,no_usable_pages,known,,,bpt6k655402s: no usable pages in manifest.,2026-07-17T20:26:34.405439
leconstitutionnel,bpt6k6554035,,failed,0,0,,no_usable_pages,known,,,bpt6k6554035: no usable pages in manifest.,2026-07-17T20:26:34.479858
leconstitutionnel,bpt6k655404j,,failed,0,0,,no_usable_pages,known,,,bpt6k655404j: no usable pages in manifest.,2026-07-17T20:26:34.552435
leconstitutionnel,bpt6k655405x,,failed,0,0,,no_usable_pages,known,,,bpt6k655405x: no usable pages in manifest.,2026-07-17T20:26:34.662727
leconstitutionnel,bpt6k6554069,,failed,0,0,,no_usable_pages,known,,,bpt6k6554069: no usable pages in manifest.,2026-07-17T20:26:34.767378
leconstitutionnel,bpt6k655407p,,failed,0,0,,no_usable_pages,known,,,bpt6k655407p: no usable pages in manifest.,2026-07-17T20:26:34.868907
leconstitutionnel,bpt6k6554082,,failed,0,0,,no_usable_pages,known,,,bpt6k6554082: no usable pages in manifest.,2026-07-17T20:26:34.982750
leconstitutionnel,bpt6k655409f,,failed,0,0,,no_usable_pages,known,,,bpt6k655409f: no usable pages in manifest.,2026-07-17T20:26:35.120619
leconstitutionnel,bpt6k655410c,,failed,0,0,,no_usable_pages,known,,,bpt6k655410c: no usable pages in manifest.,2026-07-17T20:26:35.269902
leconstitutionnel,bpt6k655411r,,failed,0,0,,no_usable_pages,known,,,bpt6k655411r: no usable pages in manifest.,2026-07-17T20:26:35.382896
leconstitutionnel,bpt6k6554124,,failed,0,0,,no_usable_pages,known,,,bpt6k6554124: no usable pages in manifest.,2026-07-17T20:26:35.461451
leconstitutionnel,bpt6k655413h,,failed,0,0,,no_usable_pages,known,,,bpt6k655413h: no usable pages in manifest.,2026-07-17T20:26:35.549569
leconstitutionnel,bpt6k655414w,,failed,0,0,,no_usable_pages,known,,,bpt6k655414w: no usable pages in manifest.,2026-07-17T20:26:35.638429
leconstitutionnel,bpt6k6554158,,failed,0,0,,no_usable_pages,known,,,bpt6k6554158: no usable pages in manifest.,2026-07-17T20:26:35.713526
leconstitutionnel,bpt6k655416n,,failed,0,0,,no_usable_pages,known,,,bpt6k655416n: no usable pages in manifest.,2026-07-17T20:26:35.857581
leconstitutionnel,bpt6k6554171,,failed,0,0,,no_usable_pages,known,,,bpt6k6554171: no usable pages in manifest.,2026-07-17T20:26:35.991175
leconstitutionnel,bpt6k655418d,,failed,0,0,,no_usable_pages,known,,,bpt6k655418d: no usable pages in manifest.,2026-07-17T20:26:36.106548
leconstitutionnel,bpt6k655419s,,failed,0,0,,no_usable_pages,known,,,bpt6k655419s: no usable pages in manifest.,2026-07-17T20:26:36.159495
leconstitutionnel,bpt6k655420q,,failed,0,0,,no_usable_pages,known,,,bpt6k655420q: no usable pages in manifest.,2026-07-17T20:26:36.260127
leconstitutionnel,bpt6k6554213,,failed,0,0,,no_usable_pages,known,,,bpt6k6554213: no usable pages in manifest.,2026-07-17T20:26:36.348574
leconstitutionnel,bpt6k655422g,,failed,0,0,,no_usable_pages,known,,,bpt6k655422g: no usable pages in manifest.,2026-07-17T20:26:36.439341
leconstitutionnel,bpt6k655423v,,failed,0,0,,no_usable_pages,known,,,bpt6k655423v: no usable pages in manifest.,2026-07-17T20:26:36.504081
leconstitutionnel,bpt6k6554247,,failed,0,0,,no_usable_pages,known,,,bpt6k6554247: no usable pages in manifest.,2026-07-17T20:26:36.595361
leconstitutionnel,bpt6k655425m,,failed,0,0,,no_usable_pages,known,,,bpt6k655425m: no usable pages in manifest.,2026-07-17T20:26:36.666185
leconstitutionnel,bpt6k6554260,,failed,0,0,,no_usable_pages,known,,,bpt6k6554260: no usable pages in manifest.,2026-07-17T20:26:36.774894
leconstitutionnel,bpt6k655427c,,failed,0,0,,no_usable_pages,known,,,bpt6k655427c: no usable pages in manifest.,2026-07-17T20:26:36.889695
leconstitutionnel,bpt6k655428r,,failed,0,0,,no_usable_pages,known,,,bpt6k655428r: no usable pages in manifest.,2026-07-17T20:26:36.962721
leconstitutionnel,bpt6k6554294,,failed,0,0,,no_usable_pages,known,,,bpt6k6554294: no usable pages in manifest.,2026-07-17T20:26:37.049576
leconstitutionnel,bpt6k6554302,,failed,0,0,,no_usable_pages,known,,,bpt6k6554302: no usable pages in manifest.,2026-07-17T20:26:37.163445
leconstitutionnel,bpt6k655431f,,failed,0,0,,no_usable_pages,known,,,bpt6k655431f: no usable pages in manifest.,2026-07-17T20:26:37.235978
leconstitutionnel,bpt6k655432t,,failed,0,0,,no_usable_pages,known,,,bpt6k655432t: no usable pages in manifest.,2026-07-17T20:26:37.320567
leconstitutionnel,bpt6k6554336,,failed,0,0,,no_usable_pages,known,,,bpt6k6554336: no usable pages in manifest.,2026-07-17T20:26:37.390584
leconstitutionnel,bpt6k655434k,,failed,0,0,,no_usable_pages,known,,,bpt6k655434k: no usable pages in manifest.,2026-07-17T20:26:37.473327
leconstitutionnel,bpt6k655435z,,failed,0,0,,no_usable_pages,known,,,bpt6k655435z: no usable pages in manifest.,2026-07-17T20:26:37.559141
leconstitutionnel,bpt6k655436b,,failed,0,0,,no_usable_pages,known,,,bpt6k655436b: no usable pages in manifest.,2026-07-17T20:26:37.637308
leconstitutionnel,bpt6k655437q,,failed,0,0,,no_usable_pages,known,,,bpt6k655437q: no usable pages in manifest.,2026-07-17T20:26:37.704332
leconstitutionnel,bpt6k6554383,,failed,0,0,,no_usable_pages,known,,,bpt6k6554383: no usable pages in manifest.,2026-07-17T20:26:37.774887
leconstitutionnel,bpt6k655439g,,failed,0,0,,no_usable_pages,known,,,bpt6k655439g: no usable pages in manifest.,2026-07-17T20:26:37.860090
leconstitutionnel,bpt6k655440d,,failed,0,0,,no_usable_pages,known,,,bpt6k655440d: no usable pages in manifest.,2026-07-17T20:26:37.962753
leconstitutionnel,bpt6k655441s,,failed,0,0,,no_usable_pages,known,,,bpt6k655441s: no usable pages in manifest.,2026-07-17T20:26:38.069977
leconstitutionnel,bpt6k6554425,,failed,0,0,,no_usable_pages,known,,,bpt6k6554425: no usable pages in manifest.,2026-07-17T20:26:38.212120
leconstitutionnel,bpt6k655443j,,failed,0,0,,no_usable_pages,known,,,bpt6k655443j: no usable pages in manifest.,2026-07-17T20:26:38.314652
leconstitutionnel,bpt6k655444x,,failed,0,0,,no_usable_pages,known,,,bpt6k655444x: no usable pages in manifest.,2026-07-17T20:26:38.398018
leconstitutionnel,bpt6k6554459,,failed,0,0,,no_usable_pages,known,,,bpt6k6554459: no usable pages in manifest.,2026-07-17T20:26:38.524348
leconstitutionnel,bpt6k655446p,,failed,0,0,,no_usable_pages,known,,,bpt6k655446p: no usable pages in manifest.,2026-07-17T20:26:38.618900
leconstitutionnel,bpt6k6554472,,failed,0,0,,no_usable_pages,known,,,bpt6k6554472: no usable pages in manifest.,2026-07-17T20:26:38.734166
leconstitutionnel,bpt6k655448f,,failed,0,0,,no_usable_pages,known,,,bpt6k655448f: no usable pages in manifest.,2026-07-17T20:26:38.794688
leconstitutionnel,bpt6k655449t,,failed,0,0,,no_usable_pages,known,,,bpt6k655449t: no usable pages in manifest.,2026-07-17T20:26:38.888022
leconstitutionnel,bpt6k655450r,,failed,0,0,,no_usable_pages,known,,,bpt6k655450r: no usable pages in manifest.,2026-07-17T20:26:38.984401
leconstitutionnel,bpt6k6554514,,failed,0,0,,no_usable_pages,known,,,bpt6k6554514: no usable pages in manifest.,2026-07-17T20:26:39.057616
leconstitutionnel,bpt6k655452h,,failed,0,0,,no_usable_pages,known,,,bpt6k655452h: no usable pages in manifest.,2026-07-17T20:26:39.211861
leconstitutionnel,bpt6k655453w,,failed,0,0,,no_usable_pages,known,,,bpt6k655453w: no usable pages in manifest.,2026-07-17T20:26:39.288200
leconstitutionnel,bpt6k6554548,,failed,0,0,,no_usable_pages,known,,,bpt6k6554548: no usable pages in manifest.,2026-07-17T20:26:39.368667
leconstitutionnel,bpt6k655455n,,failed,0,0,,no_usable_pages,known,,,bpt6k655455n: no usable pages in manifest.,2026-07-17T20:26:39.452482
leconstitutionnel,bpt6k6554561,,failed,0,0,,no_usable_pages,known,,,bpt6k6554561: no usable pages in manifest.,2026-07-17T20:26:39.538020
leconstitutionnel,bpt6k655457d,,failed,0,0,,no_usable_pages,known,,,bpt6k655457d: no usable pages in manifest.,2026-07-17T20:26:39.622934
leconstitutionnel,bpt6k655458s,,failed,0,0,,no_usable_pages,known,,,bpt6k655458s: no usable pages in manifest.,2026-07-17T20:26:39.691874
leconstitutionnel,bpt6k6554595,,failed,0,0,,no_usable_pages,known,,,bpt6k6554595: no usable pages in manifest.,2026-07-17T20:26:39.776689
leconstitutionnel,bpt6k6554603,,failed,0,0,,no_usable_pages,known,,,bpt6k6554603: no usable pages in manifest.,2026-07-17T20:26:39.835374
leconstitutionnel,bpt6k655461g,,failed,0,0,,no_usable_pages,known,,,bpt6k655461g: no usable pages in manifest.,2026-07-17T20:26:39.901473
leconstitutionnel,bpt6k655462v,,failed,0,0,,no_usable_pages,known,,,bpt6k655462v: no usable pages in manifest.,2026-07-17T20:26:40.007443
leconstitutionnel,bpt6k6554637,,failed,0,0,,no_usable_pages,known,,,bpt6k6554637: no usable pages in manifest.,2026-07-17T20:26:40.083733
leconstitutionnel,bpt6k655464m,,failed,0,0,,no_usable_pages,known,,,bpt6k655464m: no usable pages in manifest.,2026-07-17T20:26:40.165630
leconstitutionnel,bpt6k6554650,,failed,0,0,,no_usable_pages,known,,,bpt6k6554650: no usable pages in manifest.,2026-07-17T20:26:40.259201
leconstitutionnel,bpt6k655466c,,failed,0,0,,no_usable_pages,known,,,bpt6k655466c: no usable pages in manifest.,2026-07-17T20:26:40.372057
leconstitutionnel,bpt6k655467r,,failed,0,0,,no_usable_pages,known,,,bpt6k655467r: no usable pages in manifest.,2026-07-17T20:26:40.458618
leconstitutionnel,bpt6k6554684,,failed,0,0,,no_usable_pages,known,,,bpt6k6554684: no usable pages in manifest.,2026-07-17T20:26:40.550236
leconstitutionnel,bpt6k655469h,,failed,0,0,,no_usable_pages,known,,,bpt6k655469h: no usable pages in manifest.,2026-07-17T20:26:40.685462
leconstitutionnel,bpt6k655470f,,failed,0,0,,no_usable_pages,known,,,bpt6k655470f: no usable pages in manifest.,2026-07-17T20:26:40.771401
leconstitutionnel,bpt6k655471t,,failed,0,0,,no_usable_pages,known,,,bpt6k655471t: no usable pages in manifest.,2026-07-17T20:26:40.845315
leconstitutionnel,bpt6k6554726,,failed,0,0,,no_usable_pages,known,,,bpt6k6554726: no usable pages in manifest.,2026-07-17T20:26:40.927911
leconstitutionnel,bpt6k655473k,,failed,0,0,,no_usable_pages,known,,,bpt6k655473k: no usable pages in manifest.,2026-07-17T20:26:41.056315
leconstitutionnel,bpt6k655474z,,failed,0,0,,no_usable_pages,known,,,bpt6k655474z: no usable pages in manifest.,2026-07-17T20:26:41.172804
leconstitutionnel,bpt6k655475b,,failed,0,0,,no_usable_pages,known,,,bpt6k655475b: no usable pages in manifest.,2026-07-17T20:26:41.259934
leconstitutionnel,bpt6k655476q,,failed,0,0,,no_usable_pages,known,,,bpt6k655476q: no usable pages in manifest.,2026-07-17T20:26:41.350370
leconstitutionnel,bpt6k6554773,,failed,0,0,,no_usable_pages,known,,,bpt6k6554773: no usable pages in manifest.,2026-07-17T20:26:41.461059
leconstitutionnel,bpt6k655478g,,failed,0,0,,no_usable_pages,known,,,bpt6k655478g: no usable pages in manifest.,2026-07-17T20:26:41.544846
leconstitutionnel,bpt6k655479v,,failed,0,0,,no_usable_pages,known,,,bpt6k655479v: no usable pages in manifest.,2026-07-17T20:26:41.631872
leconstitutionnel,bpt6k655480s,,failed,0,0,,no_usable_pages,known,,,bpt6k655480s: no usable pages in manifest.,2026-07-17T20:26:41.720625
leconstitutionnel,bpt6k6554815,,failed,0,0,,no_usable_pages,known,,,bpt6k6554815: no usable pages in manifest.,2026-07-17T20:26:41.781199
leconstitutionnel,bpt6k655482j,,failed,0,0,,no_usable_pages,known,,,bpt6k655482j: no usable pages in manifest.,2026-07-17T20:26:41.869141
leconstitutionnel,bpt6k655483x,,failed,0,0,,no_usable_pages,known,,,bpt6k655483x: no usable pages in manifest.,2026-07-17T20:26:41.936447
leconstitutionnel,bpt6k6554849,,failed,0,0,,no_usable_pages,known,,,bpt6k6554849: no usable pages in manifest.,2026-07-17T20:26:42.025043
leconstitutionnel,bpt6k655485p,,failed,0,0,,no_usable_pages,known,,,bpt6k655485p: no usable pages in manifest.,2026-07-17T20:26:42.168341
leconstitutionnel,bpt6k6554862,,failed,0,0,,no_usable_pages,known,,,bpt6k6554862: no usable pages in manifest.,2026-07-17T20:26:42.240171
leconstitutionnel,bpt6k655487f,,failed,0,0,,no_usable_pages,known,,,bpt6k655487f: no usable pages in manifest.,2026-07-17T20:26:42.339006
leconstitutionnel,bpt6k655488t,,failed,0,0,,no_usable_pages,known,,,bpt6k655488t: no usable pages in manifest.,2026-07-17T20:26:42.396664
leconstitutionnel,bpt6k6554896,,failed,0,0,,no_usable_pages,known,,,bpt6k6554896: no usable pages in manifest.,2026-07-17T20:26:42.476863
leconstitutionnel,bpt6k6554904,,failed,0,0,,no_usable_pages,known,,,bpt6k6554904: no usable pages in manifest.,2026-07-17T20:26:42.559738
leconstitutionnel,bpt6k655491h,,failed,0,0,,no_usable_pages,known,,,bpt6k655491h: no usable pages in manifest.,2026-07-17T20:26:42.642254
leconstitutionnel,bpt6k655492w,,failed,0,0,,no_usable_pages,known,,,bpt6k655492w: no usable pages in manifest.,2026-07-17T20:26:42.756744
leconstitutionnel,bpt6k6554938,,failed,0,0,,no_usable_pages,known,,,bpt6k6554938: no usable pages in manifest.,2026-07-17T20:26:42.819542
leconstitutionnel,bpt6k655494n,,failed,0,0,,no_usable_pages,known,,,bpt6k655494n: no usable pages in manifest.,2026-07-17T20:26:42.897317
leconstitutionnel,bpt6k6554951,,failed,0,0,,no_usable_pages,known,,,bpt6k6554951: no usable pages in manifest.,2026-07-17T20:26:42.979512
leconstitutionnel,bpt6k655496d,,failed,0,0,,no_usable_pages,known,,,bpt6k655496d: no usable pages in manifest.,2026-07-17T20:26:43.097911
leconstitutionnel,bpt6k655497s,,failed,0,0,,no_usable_pages,known,,,bpt6k655497s: no usable pages in manifest.,2026-07-17T20:26:43.179083
leconstitutionnel,bpt6k6554985,,failed,0,0,,no_usable_pages,known,,,bpt6k6554985: no usable pages in manifest.,2026-07-17T20:26:43.275501
leconstitutionnel,bpt6k655499j,,failed,0,0,,no_usable_pages,known,,,bpt6k655499j: no usable pages in manifest.,2026-07-17T20:26:43.400024
leconstitutionnel,bpt6k655500b,,failed,0,0,,no_usable_pages,known,,,bpt6k655500b: no usable pages in manifest.,2026-07-17T20:26:43.510093
leconstitutionnel,bpt6k655501q,,failed,0,0,,no_usable_pages,known,,,bpt6k655501q: no usable pages in manifest.,2026-07-17T20:26:43.587760
leconstitutionnel,bpt6k6555023,,failed,0,0,,no_usable_pages,known,,,bpt6k6555023: no usable pages in manifest.,2026-07-17T20:26:43.681248
leconstitutionnel,bpt6k655503g,,failed,0,0,,no_usable_pages,known,,,bpt6k655503g: no usable pages in manifest.,2026-07-17T20:26:43.749864
leconstitutionnel,bpt6k655504v,,failed,0,0,,no_usable_pages,known,,,bpt6k655504v: no usable pages in manifest.,2026-07-17T20:26:43.840071
leconstitutionnel,bpt6k6555057,,failed,0,0,,no_usable_pages,known,,,bpt6k6555057: no usable pages in manifest.,2026-07-17T20:26:43.916046
leconstitutionnel,bpt6k655506m,,failed,0,0,,no_usable_pages,known,,,bpt6k655506m: no usable pages in manifest.,2026-07-17T20:26:43.978282
leconstitutionnel,bpt6k6555070,,failed,0,0,,no_usable_pages,known,,,bpt6k6555070: no usable pages in manifest.,2026-07-17T20:26:44.069210
leconstitutionnel,bpt6k655508c,,failed,0,0,,no_usable_pages,known,,,bpt6k655508c: no usable pages in manifest.,2026-07-17T20:26:44.136767
leconstitutionnel,bpt6k655509r,,failed,0,0,,no_usable_pages,known,,,bpt6k655509r: no usable pages in manifest.,2026-07-17T20:26:44.234090
leconstitutionnel,bpt6k655510p,,failed,0,0,,no_usable_pages,known,,,bpt6k655510p: no usable pages in manifest.,2026-07-17T20:26:44.332475
leconstitutionnel,bpt6k6555112,,failed,0,0,,no_usable_pages,known,,,bpt6k6555112: no usable pages in manifest.,2026-07-17T20:26:44.432202
leconstitutionnel,bpt6k655512f,,failed,0,0,,no_usable_pages,known,,,bpt6k655512f: no usable pages in manifest.,2026-07-17T20:26:44.511160
leconstitutionnel,bpt6k655513t,,failed,0,0,,no_usable_pages,known,,,bpt6k655513t: no usable pages in manifest.,2026-07-17T20:26:44.595411
leconstitutionnel,bpt6k6555146,,failed,0,0,,no_usable_pages,known,,,bpt6k6555146: no usable pages in manifest.,2026-07-17T20:26:44.676265
leconstitutionnel,bpt6k655515k,,failed,0,0,,no_usable_pages,known,,,bpt6k655515k: no usable pages in manifest.,2026-07-17T20:26:44.752112
leconstitutionnel,bpt6k655516z,,failed,0,0,,no_usable_pages,known,,,bpt6k655516z: no usable pages in manifest.,2026-07-17T20:26:44.823666
leconstitutionnel,bpt6k655517b,,failed,0,0,,no_usable_pages,known,,,bpt6k655517b: no usable pages in manifest.,2026-07-17T20:26:44.887825
leconstitutionnel,bpt6k655518q,,failed,0,0,,no_usable_pages,known,,,bpt6k655518q: no usable pages in manifest.,2026-07-17T20:26:44.965737
leconstitutionnel,bpt6k6555193,,failed,0,0,,no_usable_pages,known,,,bpt6k6555193: no usable pages in manifest.,2026-07-17T20:26:45.084248
leconstitutionnel,bpt6k6555201,,failed,0,0,,no_usable_pages,known,,,bpt6k6555201: no usable pages in manifest.,2026-07-17T20:26:45.164207
leconstitutionnel,bpt6k655521d,,failed,0,0,,no_usable_pages,known,,,bpt6k655521d: no usable pages in manifest.,2026-07-17T20:26:45.262856
leconstitutionnel,bpt6k655522s,,failed,0,0,,no_usable_pages,known,,,bpt6k655522s: no usable pages in manifest.,2026-07-17T20:26:45.337022
leconstitutionnel,bpt6k6555235,,failed,0,0,,no_usable_pages,known,,,bpt6k6555235: no usable pages in manifest.,2026-07-17T20:26:45.467363
leconstitutionnel,bpt6k655524j,,failed,0,0,,no_usable_pages,known,,,bpt6k655524j: no usable pages in manifest.,2026-07-17T20:26:45.601344
leconstitutionnel,bpt6k655525x,,failed,0,0,,no_usable_pages,known,,,bpt6k655525x: no usable pages in manifest.,2026-07-17T20:26:45.742985
leconstitutionnel,bpt6k6555269,,failed,0,0,,no_usable_pages,known,,,bpt6k6555269: no usable pages in manifest.,2026-07-17T20:26:45.836462
leconstitutionnel,bpt6k655527p,,failed,0,0,,no_usable_pages,known,,,bpt6k655527p: no usable pages in manifest.,2026-07-17T20:26:45.899775
leconstitutionnel,bpt6k6555282,,failed,0,0,,no_usable_pages,known,,,bpt6k6555282: no usable pages in manifest.,2026-07-17T20:26:45.974192
leconstitutionnel,bpt6k655529f,,failed,0,0,,no_usable_pages,known,,,bpt6k655529f: no usable pages in manifest.,2026-07-17T20:26:46.068056
leconstitutionnel,bpt6k655530c,,failed,0,0,,no_usable_pages,known,,,bpt6k655530c: no usable pages in manifest.,2026-07-17T20:26:46.187687
leconstitutionnel,bpt6k655531r,,failed,0,0,,no_usable_pages,known,,,bpt6k655531r: no usable pages in manifest.,2026-07-17T20:26:46.300174
leconstitutionnel,bpt6k6555324,,failed,0,0,,no_usable_pages,known,,,bpt6k6555324: no usable pages in manifest.,2026-07-17T20:26:46.374855
leconstitutionnel,bpt6k655533h,,failed,0,0,,no_usable_pages,known,,,bpt6k655533h: no usable pages in manifest.,2026-07-17T20:26:46.474279
leconstitutionnel,bpt6k655534w,,failed,0,0,,no_usable_pages,known,,,bpt6k655534w: no usable pages in manifest.,2026-07-17T20:26:46.564319
leconstitutionnel,bpt6k6555358,,failed,0,0,,no_usable_pages,known,,,bpt6k6555358: no usable pages in manifest.,2026-07-17T20:26:46.668153
leconstitutionnel,bpt6k655536n,,failed,0,0,,no_usable_pages,known,,,bpt6k655536n: no usable pages in manifest.,2026-07-17T20:26:46.779509
leconstitutionnel,bpt6k6555371,,failed,0,0,,no_usable_pages,known,,,bpt6k6555371: no usable pages in manifest.,2026-07-17T20:26:46.850328
leconstitutionnel,bpt6k655538d,,failed,0,0,,no_usable_pages,known,,,bpt6k655538d: no usable pages in manifest.,2026-07-17T20:26:46.948210
leconstitutionnel,bpt6k655539s,,failed,0,0,,no_usable_pages,known,,,bpt6k655539s: no usable pages in manifest.,2026-07-17T20:26:47.035161
leconstitutionnel,bpt6k655540q,,failed,0,0,,no_usable_pages,known,,,bpt6k655540q: no usable pages in manifest.,2026-07-17T20:26:47.104979
leconstitutionnel,bpt6k6555413,,failed,0,0,,no_usable_pages,known,,,bpt6k6555413: no usable pages in manifest.,2026-07-17T20:26:47.189905
leconstitutionnel,bpt6k655542g,,failed,0,0,,no_usable_pages,known,,,bpt6k655542g: no usable pages in manifest.,2026-07-17T20:26:47.321320
leconstitutionnel,bpt6k655543v,,failed,0,0,,no_usable_pages,known,,,bpt6k655543v: no usable pages in manifest.,2026-07-17T20:26:47.392651
leconstitutionnel,bpt6k6555447,,failed,0,0,,no_usable_pages,known,,,bpt6k6555447: no usable pages in manifest.,2026-07-17T20:26:47.459109
leconstitutionnel,bpt6k655545m,,failed,0,0,,no_usable_pages,known,,,bpt6k655545m: no usable pages in manifest.,2026-07-17T20:26:47.527715
leconstitutionnel,bpt6k6555460,,failed,0,0,,no_usable_pages,known,,,bpt6k6555460: no usable pages in manifest.,2026-07-17T20:26:47.587462
leconstitutionnel,bpt6k655547c,,failed,0,0,,no_usable_pages,known,,,bpt6k655547c: no usable pages in manifest.,2026-07-17T20:26:47.696149
leconstitutionnel,bpt6k655548r,,failed,0,0,,no_usable_pages,known,,,bpt6k655548r: no usable pages in manifest.,2026-07-17T20:26:47.773545
leconstitutionnel,bpt6k6555494,,failed,0,0,,no_usable_pages,known,,,bpt6k6555494: no usable pages in manifest.,2026-07-17T20:26:47.866503
leconstitutionnel,bpt6k6555502,,failed,0,0,,no_usable_pages,known,,,bpt6k6555502: no usable pages in manifest.,2026-07-17T20:26:47.926909
leconstitutionnel,bpt6k655551f,,failed,0,0,,no_usable_pages,known,,,bpt6k655551f: no usable pages in manifest.,2026-07-17T20:26:48.014543
leconstitutionnel,bpt6k655552t,,failed,0,0,,no_usable_pages,known,,,bpt6k655552t: no usable pages in manifest.,2026-07-17T20:26:48.086428
leconstitutionnel,bpt6k6555536,,failed,0,0,,no_usable_pages,known,,,bpt6k6555536: no usable pages in manifest.,2026-07-17T20:26:48.175475
leconstitutionnel,bpt6k655554k,,failed,0,0,,no_usable_pages,known,,,bpt6k655554k: no usable pages in manifest.,2026-07-17T20:26:48.245043
leconstitutionnel,bpt6k655555z,,failed,0,0,,no_usable_pages,known,,,bpt6k655555z: no usable pages in manifest.,2026-07-17T20:26:48.426211
leconstitutionnel,bpt6k655556b,,failed,0,0,,no_usable_pages,known,,,bpt6k655556b: no usable pages in manifest.,2026-07-17T20:26:48.520390
leconstitutionnel,bpt6k655557q,,failed,0,0,,no_usable_pages,known,,,bpt6k655557q: no usable pages in manifest.,2026-07-17T20:26:48.646984
leconstitutionnel,bpt6k6555583,,failed,0,0,,no_usable_pages,known,,,bpt6k6555583: no usable pages in manifest.,2026-07-17T20:26:48.761164
leconstitutionnel,bpt6k655559g,,failed,0,0,,no_usable_pages,known,,,bpt6k655559g: no usable pages in manifest.,2026-07-17T20:26:48.856550
leconstitutionnel,bpt6k655560d,,failed,0,0,,no_usable_pages,known,,,bpt6k655560d: no usable pages in manifest.,2026-07-17T20:26:48.937850
leconstitutionnel,bpt6k655561s,,failed,0,0,,no_usable_pages,known,,,bpt6k655561s: no usable pages in manifest.,2026-07-17T20:26:49.030742
leconstitutionnel,bpt6k6555625,,failed,0,0,,no_usable_pages,known,,,bpt6k6555625: no usable pages in manifest.,2026-07-17T20:26:49.108489
leconstitutionnel,bpt6k655563j,,failed,0,0,,no_usable_pages,known,,,bpt6k655563j: no usable pages in manifest.,2026-07-17T20:26:49.194048
leconstitutionnel,bpt6k655564x,,failed,0,0,,no_usable_pages,known,,,bpt6k655564x: no usable pages in manifest.,2026-07-17T20:26:49.276439
leconstitutionnel,bpt6k6555659,,failed,0,0,,no_usable_pages,known,,,bpt6k6555659: no usable pages in manifest.,2026-07-17T20:26:49.357249
leconstitutionnel,bpt6k655566p,,failed,0,0,,no_usable_pages,known,,,bpt6k655566p: no usable pages in manifest.,2026-07-17T20:26:49.451341
leconstitutionnel,bpt6k6555672,,failed,0,0,,no_usable_pages,known,,,bpt6k6555672: no usable pages in manifest.,2026-07-17T20:26:49.518635
leconstitutionnel,bpt6k655568f,,failed,0,0,,no_usable_pages,known,,,bpt6k655568f: no usable pages in manifest.,2026-07-17T20:26:49.597000
leconstitutionnel,bpt6k655569t,,failed,0,0,,no_usable_pages,known,,,bpt6k655569t: no usable pages in manifest.,2026-07-17T20:26:49.690884
leconstitutionnel,bpt6k655570r,,failed,0,0,,no_usable_pages,known,,,bpt6k655570r: no usable pages in manifest.,2026-07-17T20:26:49.797775
leconstitutionnel,bpt6k6555714,,failed,0,0,,no_usable_pages,known,,,bpt6k6555714: no usable pages in manifest.,2026-07-17T20:26:49.865405
leconstitutionnel,bpt6k655572h,,failed,0,0,,no_usable_pages,known,,,bpt6k655572h: no usable pages in manifest.,2026-07-17T20:26:49.936007
leconstitutionnel,bpt6k655573w,,failed,0,0,,no_usable_pages,known,,,bpt6k655573w: no usable pages in manifest.,2026-07-17T20:26:50.018002
leconstitutionnel,bpt6k6555748,,failed,0,0,,no_usable_pages,known,,,bpt6k6555748: no usable pages in manifest.,2026-07-17T20:26:50.094921
leconstitutionnel,bpt6k655575n,,failed,0,0,,no_usable_pages,known,,,bpt6k655575n: no usable pages in manifest.,2026-07-17T20:26:50.185374
leconstitutionnel,bpt6k6555761,,failed,0,0,,no_usable_pages,known,,,bpt6k6555761: no usable pages in manifest.,2026-07-17T20:26:50.258108
leconstitutionnel,bpt6k655577d,,failed,0,0,,no_usable_pages,known,,,bpt6k655577d: no usable pages in manifest.,2026-07-17T20:26:50.367901
leconstitutionnel,bpt6k655578s,,failed,0,0,,no_usable_pages,known,,,bpt6k655578s: no usable pages in manifest.,2026-07-17T20:26:50.465040
leconstitutionnel,bpt6k6555795,,failed,0,0,,no_usable_pages,known,,,bpt6k6555795: no usable pages in manifest.,2026-07-17T20:26:50.531059
leconstitutionnel,bpt6k6555803,,failed,0,0,,no_usable_pages,known,,,bpt6k6555803: no usable pages in manifest.,2026-07-17T20:26:50.617299
leconstitutionnel,bpt6k655581g,,failed,0,0,,no_usable_pages,known,,,bpt6k655581g: no usable pages in manifest.,2026-07-17T20:26:50.702622
leconstitutionnel,bpt6k655582v,,failed,0,0,,no_usable_pages,known,,,bpt6k655582v: no usable pages in manifest.,2026-07-17T20:26:50.785466
leconstitutionnel,bpt6k6555837,,failed,0,0,,no_usable_pages,known,,,bpt6k6555837: no usable pages in manifest.,2026-07-17T20:26:50.856125
leconstitutionnel,bpt6k655584m,,failed,0,0,,no_usable_pages,known,,,bpt6k655584m: no usable pages in manifest.,2026-07-17T20:26:50.933512
leconstitutionnel,bpt6k6555850,,failed,0,0,,no_usable_pages,known,,,bpt6k6555850: no usable pages in manifest.,2026-07-17T20:26:51.004000
leconstitutionnel,bpt6k655586c,,failed,0,0,,no_usable_pages,known,,,bpt6k655586c: no usable pages in manifest.,2026-07-17T20:26:51.075823
leconstitutionnel,bpt6k655587r,,failed,0,0,,no_usable_pages,known,,,bpt6k655587r: no usable pages in manifest.,2026-07-17T20:26:51.154069
leconstitutionnel,bpt6k6555884,,failed,0,0,,no_usable_pages,known,,,bpt6k6555884: no usable pages in manifest.,2026-07-17T20:26:51.240069
leconstitutionnel,bpt6k655589h,,failed,0,0,,no_usable_pages,known,,,bpt6k655589h: no usable pages in manifest.,2026-07-17T20:26:51.341563
leconstitutionnel,bpt6k655590f,,failed,0,0,,no_usable_pages,known,,,bpt6k655590f: no usable pages in manifest.,2026-07-17T20:26:51.404308
leconstitutionnel,bpt6k655591t,,failed,0,0,,no_usable_pages,known,,,bpt6k655591t: no usable pages in manifest.,2026-07-17T20:26:51.495011
leconstitutionnel,bpt6k6555926,,failed,0,0,,no_usable_pages,known,,,bpt6k6555926: no usable pages in manifest.,2026-07-17T20:26:51.572958
leconstitutionnel,bpt6k655593k,,failed,0,0,,no_usable_pages,known,,,bpt6k655593k: no usable pages in manifest.,2026-07-17T20:26:51.642636
leconstitutionnel,bpt6k655594z,,failed,0,0,,no_usable_pages,known,,,bpt6k655594z: no usable pages in manifest.,2026-07-17T20:26:51.744409
leconstitutionnel,bpt6k655595b,,failed,0,0,,no_usable_pages,known,,,bpt6k655595b: no usable pages in manifest.,2026-07-17T20:26:51.854705
leconstitutionnel,bpt6k655596q,,failed,0,0,,no_usable_pages,known,,,bpt6k655596q: no usable pages in manifest.,2026-07-17T20:26:51.993075
leconstitutionnel,bpt6k6555973,,failed,0,0,,no_usable_pages,known,,,bpt6k6555973: no usable pages in manifest.,2026-07-17T20:26:52.074435
leconstitutionnel,bpt6k655598g,,failed,0,0,,no_usable_pages,known,,,bpt6k655598g: no usable pages in manifest.,2026-07-17T20:26:52.170226
leconstitutionnel,bpt6k655599v,,failed,0,0,,no_usable_pages,known,,,bpt6k655599v: no usable pages in manifest.,2026-07-17T20:26:52.238559
leconstitutionnel,bpt6k655600n,,failed,0,0,,no_usable_pages,known,,,bpt6k655600n: no usable pages in manifest.,2026-07-17T20:26:52.311840
leconstitutionnel,bpt6k6556011,,failed,0,0,,no_usable_pages,known,,,bpt6k6556011: no usable pages in manifest.,2026-07-17T20:26:52.396590
leconstitutionnel,bpt6k655602d,,failed,0,0,,no_usable_pages,known,,,bpt6k655602d: no usable pages in manifest.,2026-07-17T20:26:52.488285
leconstitutionnel,bpt6k655603s,,failed,0,0,,no_usable_pages,known,,,bpt6k655603s: no usable pages in manifest.,2026-07-17T20:26:52.627868
leconstitutionnel,bpt6k6556045,,failed,0,0,,no_usable_pages,known,,,bpt6k6556045: no usable pages in manifest.,2026-07-17T20:26:52.778517
leconstitutionnel,bpt6k655605j,,failed,0,0,,no_usable_pages,known,,,bpt6k655605j: no usable pages in manifest.,2026-07-17T20:26:52.877128
leconstitutionnel,bpt6k655606x,,failed,0,0,,no_usable_pages,known,,,bpt6k655606x: no usable pages in manifest.,2026-07-17T20:26:52.965123
leconstitutionnel,bpt6k6556079,,failed,0,0,,no_usable_pages,known,,,bpt6k6556079: no usable pages in manifest.,2026-07-17T20:26:53.066334
leconstitutionnel,bpt6k655608p,,failed,0,0,,no_usable_pages,known,,,bpt6k655608p: no usable pages in manifest.,2026-07-17T20:26:53.139566
leconstitutionnel,bpt6k6556092,,failed,0,0,,no_usable_pages,known,,,bpt6k6556092: no usable pages in manifest.,2026-07-17T20:26:53.209996
leconstitutionnel,bpt6k6556100,,failed,0,0,,no_usable_pages,known,,,bpt6k6556100: no usable pages in manifest.,2026-07-17T20:26:53.284657
leconstitutionnel,bpt6k655611c,,failed,0,0,,no_usable_pages,known,,,bpt6k655611c: no usable pages in manifest.,2026-07-17T20:26:53.378198
leconstitutionnel,bpt6k655612r,,failed,0,0,,no_usable_pages,known,,,bpt6k655612r: no usable pages in manifest.,2026-07-17T20:26:53.452920
leconstitutionnel,bpt6k6556134,,failed,0,0,,no_usable_pages,known,,,bpt6k6556134: no usable pages in manifest.,2026-07-17T20:26:53.514234
leconstitutionnel,bpt6k655614h,,failed,0,0,,no_usable_pages,known,,,bpt6k655614h: no usable pages in manifest.,2026-07-17T20:26:53.607660
leconstitutionnel,bpt6k655615w,,failed,0,0,,no_usable_pages,known,,,bpt6k655615w: no usable pages in manifest.,2026-07-17T20:26:53.687314
leconstitutionnel,bpt6k6556168,,failed,0,0,,no_usable_pages,known,,,bpt6k6556168: no usable pages in manifest.,2026-07-17T20:26:53.784938
leconstitutionnel,bpt6k655617n,,failed,0,0,,no_usable_pages,known,,,bpt6k655617n: no usable pages in manifest.,2026-07-17T20:26:53.930912
leconstitutionnel,bpt6k6556181,,failed,0,0,,no_usable_pages,known,,,bpt6k6556181: no usable pages in manifest.,2026-07-17T20:26:54.029935
leconstitutionnel,bpt6k655619d,,failed,0,0,,no_usable_pages,known,,,bpt6k655619d: no usable pages in manifest.,2026-07-17T20:26:54.093622
leconstitutionnel,bpt6k655620b,,failed,0,0,,no_usable_pages,known,,,bpt6k655620b: no usable pages in manifest.,2026-07-17T20:26:54.178181
leconstitutionnel,bpt6k655621q,,failed,0,0,,no_usable_pages,known,,,bpt6k655621q: no usable pages in manifest.,2026-07-17T20:26:54.260382
leconstitutionnel,bpt6k6556223,,failed,0,0,,no_usable_pages,known,,,bpt6k6556223: no usable pages in manifest.,2026-07-17T20:26:54.331856
leconstitutionnel,bpt6k655623g,,failed,0,0,,no_usable_pages,known,,,bpt6k655623g: no usable pages in manifest.,2026-07-17T20:26:54.404936
leconstitutionnel,bpt6k655624v,,failed,0,0,,no_usable_pages,known,,,bpt6k655624v: no usable pages in manifest.,2026-07-17T20:26:54.494754
leconstitutionnel,bpt6k6556257,,failed,0,0,,no_usable_pages,known,,,bpt6k6556257: no usable pages in manifest.,2026-07-17T20:26:54.558400
leconstitutionnel,bpt6k655626m,,failed,0,0,,no_usable_pages,known,,,bpt6k655626m: no usable pages in manifest.,2026-07-17T20:26:54.646129
leconstitutionnel,bpt6k6556270,,failed,0,0,,no_usable_pages,known,,,bpt6k6556270: no usable pages in manifest.,2026-07-17T20:26:54.750191
leconstitutionnel,bpt6k655628c,,failed,0,0,,no_usable_pages,known,,,bpt6k655628c: no usable pages in manifest.,2026-07-17T20:26:54.867018
leconstitutionnel,bpt6k655629r,,failed,0,0,,no_usable_pages,known,,,bpt6k655629r: no usable pages in manifest.,2026-07-17T20:26:54.954411
leconstitutionnel,bpt6k655630p,,failed,0,0,,no_usable_pages,known,,,bpt6k655630p: no usable pages in manifest.,2026-07-17T20:26:55.019541
leconstitutionnel,bpt6k6556312,,failed,0,0,,no_usable_pages,known,,,bpt6k6556312: no usable pages in manifest.,2026-07-17T20:26:55.095933
leconstitutionnel,bpt6k655632f,,failed,0,0,,no_usable_pages,known,,,bpt6k655632f: no usable pages in manifest.,2026-07-17T20:26:55.173363
leconstitutionnel,bpt6k655633t,,failed,0,0,,no_usable_pages,known,,,bpt6k655633t: no usable pages in manifest.,2026-07-17T20:26:55.235675
leconstitutionnel,bpt6k6556346,,failed,0,0,,no_usable_pages,known,,,bpt6k6556346: no usable pages in manifest.,2026-07-17T20:26:55.305307
leconstitutionnel,bpt6k655635k,,failed,0,0,,no_usable_pages,known,,,bpt6k655635k: no usable pages in manifest.,2026-07-17T20:26:55.379163
leconstitutionnel,bpt6k655636z,,failed,0,0,,no_usable_pages,known,,,bpt6k655636z: no usable pages in manifest.,2026-07-17T20:26:55.443317
leconstitutionnel,bpt6k655637b,,failed,0,0,,no_usable_pages,known,,,bpt6k655637b: no usable pages in manifest.,2026-07-17T20:26:55.537628
leconstitutionnel,bpt6k655638q,,failed,0,0,,no_usable_pages,known,,,bpt6k655638q: no usable pages in manifest.,2026-07-17T20:26:55.618992
leconstitutionnel,bpt6k6556393,,failed,0,0,,no_usable_pages,known,,,bpt6k6556393: no usable pages in manifest.,2026-07-17T20:26:55.748886
leconstitutionnel,bpt6k6556401,,failed,0,0,,no_usable_pages,known,,,bpt6k6556401: no usable pages in manifest.,2026-07-17T20:26:55.861081
leconstitutionnel,bpt6k655641d,,failed,0,0,,no_usable_pages,known,,,bpt6k655641d: no usable pages in manifest.,2026-07-17T20:26:56.023323
leconstitutionnel,bpt6k655642s,,failed,0,0,,no_usable_pages,known,,,bpt6k655642s: no usable pages in manifest.,2026-07-17T20:26:56.113710
leconstitutionnel,bpt6k6556435,,failed,0,0,,no_usable_pages,known,,,bpt6k6556435: no usable pages in manifest.,2026-07-17T20:26:56.215628
leconstitutionnel,bpt6k655644j,,failed,0,0,,no_usable_pages,known,,,bpt6k655644j: no usable pages in manifest.,2026-07-17T20:26:56.287570
leconstitutionnel,bpt6k655645x,,failed,0,0,,no_usable_pages,known,,,bpt6k655645x: no usable pages in manifest.,2026-07-17T20:26:56.367610
leconstitutionnel,bpt6k6556469,,failed,0,0,,no_usable_pages,known,,,bpt6k6556469: no usable pages in manifest.,2026-07-17T20:26:56.468274
leconstitutionnel,bpt6k655647p,,failed,0,0,,no_usable_pages,known,,,bpt6k655647p: no usable pages in manifest.,2026-07-17T20:26:56.574160
leconstitutionnel,bpt6k6556482,,failed,0,0,,no_usable_pages,known,,,bpt6k6556482: no usable pages in manifest.,2026-07-17T20:26:56.637219
leconstitutionnel,bpt6k655649f,,failed,0,0,,no_usable_pages,known,,,bpt6k655649f: no usable pages in manifest.,2026-07-17T20:26:56.723997
leconstitutionnel,bpt6k655650c,,failed,0,0,,no_usable_pages,known,,,bpt6k655650c: no usable pages in manifest.,2026-07-17T20:26:56.805601
leconstitutionnel,bpt6k655651r,,failed,0,0,,no_usable_pages,known,,,bpt6k655651r: no usable pages in manifest.,2026-07-17T20:26:56.922849
leconstitutionnel,bpt6k6556524,,failed,0,0,,no_usable_pages,known,,,bpt6k6556524: no usable pages in manifest.,2026-07-17T20:26:57.034226
leconstitutionnel,bpt6k655653h,,failed,0,0,,no_usable_pages,known,,,bpt6k655653h: no usable pages in manifest.,2026-07-17T20:26:57.105872
leconstitutionnel,bpt6k655654w,,failed,0,0,,no_usable_pages,known,,,bpt6k655654w: no usable pages in manifest.,2026-07-17T20:26:57.178465
leconstitutionnel,bpt6k6556558,,failed,0,0,,no_usable_pages,known,,,bpt6k6556558: no usable pages in manifest.,2026-07-17T20:26:57.269377
leconstitutionnel,bpt6k655656n,,failed,0,0,,no_usable_pages,known,,,bpt6k655656n: no usable pages in manifest.,2026-07-17T20:26:57.352026
leconstitutionnel,bpt6k6556571,,failed,0,0,,no_usable_pages,known,,,bpt6k6556571: no usable pages in manifest.,2026-07-17T20:26:57.422188
leconstitutionnel,bpt6k655658d,,failed,0,0,,no_usable_pages,known,,,bpt6k655658d: no usable pages in manifest.,2026-07-17T20:26:57.516517
leconstitutionnel,bpt6k655659s,,failed,0,0,,no_usable_pages,known,,,bpt6k655659s: no usable pages in manifest.,2026-07-17T20:26:57.580161
leconstitutionnel,bpt6k655660q,,failed,0,0,,no_usable_pages,known,,,bpt6k655660q: no usable pages in manifest.,2026-07-17T20:26:57.690588
leconstitutionnel,bpt6k6556613,,failed,0,0,,no_usable_pages,known,,,bpt6k6556613: no usable pages in manifest.,2026-07-17T20:26:57.820632
leconstitutionnel,bpt6k655662g,,failed,0,0,,no_usable_pages,known,,,bpt6k655662g: no usable pages in manifest.,2026-07-17T20:26:57.936866
leconstitutionnel,bpt6k655663v,,failed,0,0,,no_usable_pages,known,,,bpt6k655663v: no usable pages in manifest.,2026-07-17T20:26:58.057485
leconstitutionnel,bpt6k6556647,,failed,0,0,,no_usable_pages,known,,,bpt6k6556647: no usable pages in manifest.,2026-07-17T20:26:58.146506
leconstitutionnel,bpt6k655665m,,failed,0,0,,no_usable_pages,known,,,bpt6k655665m: no usable pages in manifest.,2026-07-17T20:26:58.216566
leconstitutionnel,bpt6k6556660,,failed,0,0,,no_usable_pages,known,,,bpt6k6556660: no usable pages in manifest.,2026-07-17T20:26:58.287316
leconstitutionnel,bpt6k655667c,,failed,0,0,,no_usable_pages,known,,,bpt6k655667c: no usable pages in manifest.,2026-07-17T20:26:58.376771
leconstitutionnel,bpt6k655668r,,failed,0,0,,no_usable_pages,known,,,bpt6k655668r: no usable pages in manifest.,2026-07-17T20:26:58.463074
leconstitutionnel,bpt6k6556694,,failed,0,0,,no_usable_pages,known,,,bpt6k6556694: no usable pages in manifest.,2026-07-17T20:26:58.538394
leconstitutionnel,bpt6k6556702,,failed,0,0,,no_usable_pages,known,,,bpt6k6556702: no usable pages in manifest.,2026-07-17T20:26:58.618603
leconstitutionnel,bpt6k655671f,,failed,0,0,,no_usable_pages,known,,,bpt6k655671f: no usable pages in manifest.,2026-07-17T20:26:58.702767
leconstitutionnel,bpt6k655672t,,failed,0,0,,no_usable_pages,known,,,bpt6k655672t: no usable pages in manifest.,2026-07-17T20:26:58.802895
leconstitutionnel,bpt6k6556736,,failed,0,0,,no_usable_pages,known,,,bpt6k6556736: no usable pages in manifest.,2026-07-17T20:26:58.896554
leconstitutionnel,bpt6k655674k,,failed,0,0,,no_usable_pages,known,,,bpt6k655674k: no usable pages in manifest.,2026-07-17T20:26:58.978132
leconstitutionnel,bpt6k655675z,,failed,0,0,,no_usable_pages,known,,,bpt6k655675z: no usable pages in manifest.,2026-07-17T20:26:59.074029
leconstitutionnel,bpt6k655676b,,failed,0,0,,no_usable_pages,known,,,bpt6k655676b: no usable pages in manifest.,2026-07-17T20:26:59.176757
leconstitutionnel,bpt6k655677q,,failed,0,0,,no_usable_pages,known,,,bpt6k655677q: no usable pages in manifest.,2026-07-17T20:26:59.254046
leconstitutionnel,bpt6k6556783,,failed,0,0,,no_usable_pages,known,,,bpt6k6556783: no usable pages in manifest.,2026-07-17T20:26:59.360284
leconstitutionnel,bpt6k655679g,,failed,0,0,,no_usable_pages,known,,,bpt6k655679g: no usable pages in manifest.,2026-07-17T20:26:59.428698
leconstitutionnel,bpt6k655680d,,failed,0,0,,no_usable_pages,known,,,bpt6k655680d: no usable pages in manifest.,2026-07-17T20:26:59.480701
leconstitutionnel,bpt6k655681s,,failed,0,0,,no_usable_pages,known,,,bpt6k655681s: no usable pages in manifest.,2026-07-17T20:26:59.582712
leconstitutionnel,bpt6k6556825,,failed,0,0,,no_usable_pages,known,,,bpt6k6556825: no usable pages in manifest.,2026-07-17T20:26:59.773027
leconstitutionnel,bpt6k655683j,,failed,0,0,,no_usable_pages,known,,,bpt6k655683j: no usable pages in manifest.,2026-07-17T20:26:59.973561
leconstitutionnel,bpt6k655684x,,failed,0,0,,no_usable_pages,known,,,bpt6k655684x: no usable pages in manifest.,2026-07-17T20:27:00.121064
leconstitutionnel,bpt6k6556859,,failed,0,0,,no_usable_pages,known,,,bpt6k6556859: no usable pages in manifest.,2026-07-17T20:27:00.229115
leconstitutionnel,bpt6k655686p,,failed,0,0,,no_usable_pages,known,,,bpt6k655686p: no usable pages in manifest.,2026-07-17T20:27:00.298956
leconstitutionnel,bpt6k6556872,,failed,0,0,,no_usable_pages,known,,,bpt6k6556872: no usable pages in manifest.,2026-07-17T20:27:00.420714
leconstitutionnel,bpt6k655688f,,failed,0,0,,no_usable_pages,known,,,bpt6k655688f: no usable pages in manifest.,2026-07-17T20:27:00.500318
leconstitutionnel,bpt6k655689t,,failed,0,0,,no_usable_pages,known,,,bpt6k655689t: no usable pages in manifest.,2026-07-17T20:27:00.579680
leconstitutionnel,bpt6k655690r,,failed,0,0,,no_usable_pages,known,,,bpt6k655690r: no usable pages in manifest.,2026-07-17T20:27:00.639172
leconstitutionnel,bpt6k6556914,,failed,0,0,,no_usable_pages,known,,,bpt6k6556914: no usable pages in manifest.,2026-07-17T20:27:00.727221
leconstitutionnel,bpt6k655692h,,failed,0,0,,no_usable_pages,known,,,bpt6k655692h: no usable pages in manifest.,2026-07-17T20:27:00.816653
leconstitutionnel,bpt6k655693w,,failed,0,0,,no_usable_pages,known,,,bpt6k655693w: no usable pages in manifest.,2026-07-17T20:27:00.921648
leconstitutionnel,bpt6k6556948,,failed,0,0,,no_usable_pages,known,,,bpt6k6556948: no usable pages in manifest.,2026-07-17T20:27:00.986187
leconstitutionnel,bpt6k655695n,,failed,0,0,,no_usable_pages,known,,,bpt6k655695n: no usable pages in manifest.,2026-07-17T20:27:01.146151
leconstitutionnel,bpt6k6556961,,failed,0,0,,no_usable_pages,known,,,bpt6k6556961: no usable pages in manifest.,2026-07-17T20:27:01.258894
leconstitutionnel,bpt6k655697d,,failed,0,0,,no_usable_pages,known,,,bpt6k655697d: no usable pages in manifest.,2026-07-17T20:27:01.373244
leconstitutionnel,bpt6k655698s,,failed,0,0,,no_usable_pages,known,,,bpt6k655698s: no usable pages in manifest.,2026-07-17T20:27:01.454829
leconstitutionnel,bpt6k6556995,,failed,0,0,,no_usable_pages,known,,,bpt6k6556995: no usable pages in manifest.,2026-07-17T20:27:01.523061
leconstitutionnel,bpt6k655700z,,failed,0,0,,no_usable_pages,known,,,bpt6k655700z: no usable pages in manifest.,2026-07-17T20:27:01.600458
leconstitutionnel,bpt6k655701b,,failed,0,0,,no_usable_pages,known,,,bpt6k655701b: no usable pages in manifest.,2026-07-17T20:27:01.717174
leconstitutionnel,bpt6k655702q,,failed,0,0,,no_usable_pages,known,,,bpt6k655702q: no usable pages in manifest.,2026-07-17T20:27:01.790985
leconstitutionnel,bpt6k6557033,,failed,0,0,,no_usable_pages,known,,,bpt6k6557033: no usable pages in manifest.,2026-07-17T20:27:01.858289
leconstitutionnel,bpt6k655704g,,failed,0,0,,no_usable_pages,known,,,bpt6k655704g: no usable pages in manifest.,2026-07-17T20:27:01.963580
leconstitutionnel,bpt6k655705v,,failed,0,0,,no_usable_pages,known,,,bpt6k655705v: no usable pages in manifest.,2026-07-17T20:27:02.064330
leconstitutionnel,bpt6k6557067,,failed,0,0,,no_usable_pages,known,,,bpt6k6557067: no usable pages in manifest.,2026-07-17T20:27:02.193547
leconstitutionnel,bpt6k655707m,,failed,0,0,,no_usable_pages,known,,,bpt6k655707m: no usable pages in manifest.,2026-07-17T20:27:02.293496
leconstitutionnel,bpt6k6557080,,failed,0,0,,no_usable_pages,known,,,bpt6k6557080: no usable pages in manifest.,2026-07-17T20:27:02.363433
leconstitutionnel,bpt6k655709c,,failed,0,0,,no_usable_pages,known,,,bpt6k655709c: no usable pages in manifest.,2026-07-17T20:27:02.425680
leconstitutionnel,bpt6k6557109,,failed,0,0,,no_usable_pages,known,,,bpt6k6557109: no usable pages in manifest.,2026-07-17T20:27:02.514556
leconstitutionnel,bpt6k655711p,,failed,0,0,,no_usable_pages,known,,,bpt6k655711p: no usable pages in manifest.,2026-07-17T20:27:02.637991
leconstitutionnel,bpt6k6557122,,failed,0,0,,no_usable_pages,known,,,bpt6k6557122: no usable pages in manifest.,2026-07-17T20:27:02.715081
leconstitutionnel,bpt6k655713f,,failed,0,0,,no_usable_pages,known,,,bpt6k655713f: no usable pages in manifest.,2026-07-17T20:27:02.783758
leconstitutionnel,bpt6k655714t,,failed,0,0,,no_usable_pages,known,,,bpt6k655714t: no usable pages in manifest.,2026-07-17T20:27:02.858899
leconstitutionnel,bpt6k6557156,,failed,0,0,,no_usable_pages,known,,,bpt6k6557156: no usable pages in manifest.,2026-07-17T20:27:02.937465
leconstitutionnel,bpt6k655716k,,failed,0,0,,no_usable_pages,known,,,bpt6k655716k: no usable pages in manifest.,2026-07-17T20:27:03.042239
leconstitutionnel,bpt6k655717z,,failed,0,0,,no_usable_pages,known,,,bpt6k655717z: no usable pages in manifest.,2026-07-17T20:27:03.129092
leconstitutionnel,bpt6k655718b,,failed,0,0,,no_usable_pages,known,,,bpt6k655718b: no usable pages in manifest.,2026-07-17T20:27:03.251138
leconstitutionnel,bpt6k655719q,,failed,0,0,,no_usable_pages,known,,,bpt6k655719q: no usable pages in manifest.,2026-07-17T20:27:03.335213
leconstitutionnel,bpt6k655720n,,failed,0,0,,no_usable_pages,known,,,bpt6k655720n: no usable pages in manifest.,2026-07-17T20:27:03.410547
leconstitutionnel,bpt6k6557211,,failed,0,0,,no_usable_pages,known,,,bpt6k6557211: no usable pages in manifest.,2026-07-17T20:27:03.517744
leconstitutionnel,bpt6k655722d,,failed,0,0,,no_usable_pages,known,,,bpt6k655722d: no usable pages in manifest.,2026-07-17T20:27:03.592758
leconstitutionnel,bpt6k655723s,,failed,0,0,,no_usable_pages,known,,,bpt6k655723s: no usable pages in manifest.,2026-07-17T20:27:03.673860
leconstitutionnel,bpt6k6557245,,failed,0,0,,no_usable_pages,known,,,bpt6k6557245: no usable pages in manifest.,2026-07-17T20:27:03.761602
leconstitutionnel,bpt6k655725j,,failed,0,0,,no_usable_pages,known,,,bpt6k655725j: no usable pages in manifest.,2026-07-17T20:27:03.855166
leconstitutionnel,bpt6k655726x,,failed,0,0,,no_usable_pages,known,,,bpt6k655726x: no usable pages in manifest.,2026-07-17T20:27:03.922376
leconstitutionnel,bpt6k6557279,,failed,0,0,,no_usable_pages,known,,,bpt6k6557279: no usable pages in manifest.,2026-07-17T20:27:04.044277
leconstitutionnel,bpt6k655728p,,failed,0,0,,no_usable_pages,known,,,bpt6k655728p: no usable pages in manifest.,2026-07-17T20:27:04.139201
leconstitutionnel,bpt6k6557292,,failed,0,0,,no_usable_pages,known,,,bpt6k6557292: no usable pages in manifest.,2026-07-17T20:27:04.201958
leconstitutionnel,bpt6k6557300,,failed,0,0,,no_usable_pages,known,,,bpt6k6557300: no usable pages in manifest.,2026-07-17T20:27:04.306255
leconstitutionnel,bpt6k655731c,,failed,0,0,,no_usable_pages,known,,,bpt6k655731c: no usable pages in manifest.,2026-07-17T20:27:04.401110
leconstitutionnel,bpt6k655732r,,failed,0,0,,no_usable_pages,known,,,bpt6k655732r: no usable pages in manifest.,2026-07-17T20:27:04.502547
leconstitutionnel,bpt6k6557334,,failed,0,0,,no_usable_pages,known,,,bpt6k6557334: no usable pages in manifest.,2026-07-17T20:27:04.589004
leconstitutionnel,bpt6k655734h,,failed,0,0,,no_usable_pages,known,,,bpt6k655734h: no usable pages in manifest.,2026-07-17T20:27:04.650107
leconstitutionnel,bpt6k655735w,,failed,0,0,,no_usable_pages,known,,,bpt6k655735w: no usable pages in manifest.,2026-07-17T20:27:04.722102
leconstitutionnel,bpt6k6557368,,failed,0,0,,no_usable_pages,known,,,bpt6k6557368: no usable pages in manifest.,2026-07-17T20:27:04.806470
leconstitutionnel,bpt6k655737n,,failed,0,0,,no_usable_pages,known,,,bpt6k655737n: no usable pages in manifest.,2026-07-17T20:27:04.878374
leconstitutionnel,bpt6k6557381,,failed,0,0,,no_usable_pages,known,,,bpt6k6557381: no usable pages in manifest.,2026-07-17T20:27:04.951158
leconstitutionnel,bpt6k655739d,,failed,0,0,,no_usable_pages,known,,,bpt6k655739d: no usable pages in manifest.,2026-07-17T20:27:05.065996
leconstitutionnel,bpt6k655740b,,failed,0,0,,no_usable_pages,known,,,bpt6k655740b: no usable pages in manifest.,2026-07-17T20:27:05.156389
leconstitutionnel,bpt6k655741q,,failed,0,0,,no_usable_pages,known,,,bpt6k655741q: no usable pages in manifest.,2026-07-17T20:27:05.229766
leconstitutionnel,bpt6k6557423,,failed,0,0,,no_usable_pages,known,,,bpt6k6557423: no usable pages in manifest.,2026-07-17T20:27:05.319679
leconstitutionnel,bpt6k655743g,,failed,0,0,,no_usable_pages,known,,,bpt6k655743g: no usable pages in manifest.,2026-07-17T20:27:05.440564
leconstitutionnel,bpt6k655744v,,failed,0,0,,no_usable_pages,known,,,bpt6k655744v: no usable pages in manifest.,2026-07-17T20:27:05.575983
leconstitutionnel,bpt6k6557457,,failed,0,0,,no_usable_pages,known,,,bpt6k6557457: no usable pages in manifest.,2026-07-17T20:27:05.641472
leconstitutionnel,bpt6k655746m,,failed,0,0,,no_usable_pages,known,,,bpt6k655746m: no usable pages in manifest.,2026-07-17T20:27:05.700892
leconstitutionnel,bpt6k6557470,,failed,0,0,,no_usable_pages,known,,,bpt6k6557470: no usable pages in manifest.,2026-07-17T20:27:05.771006
leconstitutionnel,bpt6k655748c,,failed,0,0,,no_usable_pages,known,,,bpt6k655748c: no usable pages in manifest.,2026-07-17T20:27:05.861668
leconstitutionnel,bpt6k655749r,,failed,0,0,,no_usable_pages,known,,,bpt6k655749r: no usable pages in manifest.,2026-07-17T20:27:05.922209
leconstitutionnel,bpt6k655750p,,failed,0,0,,no_usable_pages,known,,,bpt6k655750p: no usable pages in manifest.,2026-07-17T20:27:06.008170
leconstitutionnel,bpt6k6557512,,failed,0,0,,no_usable_pages,known,,,bpt6k6557512: no usable pages in manifest.,2026-07-17T20:27:06.105980
leconstitutionnel,bpt6k655752f,,failed,0,0,,no_usable_pages,known,,,bpt6k655752f: no usable pages in manifest.,2026-07-17T20:27:06.192986
leconstitutionnel,bpt6k655753t,,failed,0,0,,no_usable_pages,known,,,bpt6k655753t: no usable pages in manifest.,2026-07-17T20:27:06.288274
leconstitutionnel,bpt6k6557546,,failed,0,0,,no_usable_pages,known,,,bpt6k6557546: no usable pages in manifest.,2026-07-17T20:27:06.416448
leconstitutionnel,bpt6k655755k,,failed,0,0,,no_usable_pages,known,,,bpt6k655755k: no usable pages in manifest.,2026-07-17T20:27:06.574293
leconstitutionnel,bpt6k655756z,,failed,0,0,,no_usable_pages,known,,,bpt6k655756z: no usable pages in manifest.,2026-07-17T20:27:06.667614
leconstitutionnel,bpt6k655757b,,failed,0,0,,no_usable_pages,known,,,bpt6k655757b: no usable pages in manifest.,2026-07-17T20:27:06.736393
leconstitutionnel,bpt6k655758q,,failed,0,0,,no_usable_pages,known,,,bpt6k655758q: no usable pages in manifest.,2026-07-17T20:27:06.861070
leconstitutionnel,bpt6k6557593,,failed,0,0,,no_usable_pages,known,,,bpt6k6557593: no usable pages in manifest.,2026-07-17T20:27:06.937953
leconstitutionnel,bpt6k6557601,,failed,0,0,,no_usable_pages,known,,,bpt6k6557601: no usable pages in manifest.,2026-07-17T20:27:06.996476
leconstitutionnel,bpt6k655761d,,failed,0,0,,no_usable_pages,known,,,bpt6k655761d: no usable pages in manifest.,2026-07-17T20:27:07.052999
leconstitutionnel,bpt6k655762s,,failed,0,0,,no_usable_pages,known,,,bpt6k655762s: no usable pages in manifest.,2026-07-17T20:27:07.183461
leconstitutionnel,bpt6k6557635,,failed,0,0,,no_usable_pages,known,,,bpt6k6557635: no usable pages in manifest.,2026-07-17T20:27:07.275039
leconstitutionnel,bpt6k655764j,,failed,0,0,,no_usable_pages,known,,,bpt6k655764j: no usable pages in manifest.,2026-07-17T20:27:07.347474
leconstitutionnel,bpt6k655765x,,failed,0,0,,no_usable_pages,known,,,bpt6k655765x: no usable pages in manifest.,2026-07-17T20:27:07.445326
leconstitutionnel,bpt6k6557669,,failed,0,0,,no_usable_pages,known,,,bpt6k6557669: no usable pages in manifest.,2026-07-17T20:27:07.550912
leconstitutionnel,bpt6k655767p,,failed,0,0,,no_usable_pages,known,,,bpt6k655767p: no usable pages in manifest.,2026-07-17T20:27:07.625612
leconstitutionnel,bpt6k6557682,,failed,0,0,,no_usable_pages,known,,,bpt6k6557682: no usable pages in manifest.,2026-07-17T20:27:07.699348
leconstitutionnel,bpt6k655769f,,failed,0,0,,no_usable_pages,known,,,bpt6k655769f: no usable pages in manifest.,2026-07-17T20:27:07.789762
leconstitutionnel,bpt6k655770c,,failed,0,0,,no_usable_pages,known,,,bpt6k655770c: no usable pages in manifest.,2026-07-17T20:27:07.857779
leconstitutionnel,bpt6k655771r,,failed,0,0,,no_usable_pages,known,,,bpt6k655771r: no usable pages in manifest.,2026-07-17T20:27:07.948023
leconstitutionnel,bpt6k6557724,,failed,0,0,,no_usable_pages,known,,,bpt6k6557724: no usable pages in manifest.,2026-07-17T20:27:08.097730
leconstitutionnel,bpt6k655773h,,failed,0,0,,no_usable_pages,known,,,bpt6k655773h: no usable pages in manifest.,2026-07-17T20:27:08.219976
leconstitutionnel,bpt6k655774w,,failed,0,0,,no_usable_pages,known,,,bpt6k655774w: no usable pages in manifest.,2026-07-17T20:27:08.290200
leconstitutionnel,bpt6k6557758,,failed,0,0,,no_usable_pages,known,,,bpt6k6557758: no usable pages in manifest.,2026-07-17T20:27:08.407137
leconstitutionnel,bpt6k655776n,,failed,0,0,,no_usable_pages,known,,,bpt6k655776n: no usable pages in manifest.,2026-07-17T20:27:08.512560
leconstitutionnel,bpt6k6557771,,failed,0,0,,no_usable_pages,known,,,bpt6k6557771: no usable pages in manifest.,2026-07-17T20:27:08.656295
leconstitutionnel,bpt6k655778d,,failed,0,0,,no_usable_pages,known,,,bpt6k655778d: no usable pages in manifest.,2026-07-17T20:27:08.741155
leconstitutionnel,bpt6k655779s,,failed,0,0,,no_usable_pages,known,,,bpt6k655779s: no usable pages in manifest.,2026-07-17T20:27:08.827877
leconstitutionnel,bpt6k655780q,,failed,0,0,,no_usable_pages,known,,,bpt6k655780q: no usable pages in manifest.,2026-07-17T20:27:08.895353
leconstitutionnel,bpt6k6557813,,failed,0,0,,no_usable_pages,known,,,bpt6k6557813: no usable pages in manifest.,2026-07-17T20:27:08.969464
leconstitutionnel,bpt6k655782g,,failed,0,0,,no_usable_pages,known,,,bpt6k655782g: no usable pages in manifest.,2026-07-17T20:27:09.071623
leconstitutionnel,bpt6k655783v,,failed,0,0,,no_usable_pages,known,,,bpt6k655783v: no usable pages in manifest.,2026-07-17T20:27:09.145433
leconstitutionnel,bpt6k6557847,,failed,0,0,,no_usable_pages,known,,,bpt6k6557847: no usable pages in manifest.,2026-07-17T20:27:09.255163
leconstitutionnel,bpt6k655785m,,failed,0,0,,no_usable_pages,known,,,bpt6k655785m: no usable pages in manifest.,2026-07-17T20:27:09.331654
leconstitutionnel,bpt6k6557860,,failed,0,0,,no_usable_pages,known,,,bpt6k6557860: no usable pages in manifest.,2026-07-17T20:27:09.417523
leconstitutionnel,bpt6k655787c,,failed,0,0,,no_usable_pages,known,,,bpt6k655787c: no usable pages in manifest.,2026-07-17T20:27:09.498054
leconstitutionnel,bpt6k655788r,,failed,0,0,,no_usable_pages,known,,,bpt6k655788r: no usable pages in manifest.,2026-07-17T20:27:09.570916
leconstitutionnel,bpt6k6557894,,failed,0,0,,no_usable_pages,known,,,bpt6k6557894: no usable pages in manifest.,2026-07-17T20:27:09.702617
leconstitutionnel,bpt6k6557902,,failed,0,0,,no_usable_pages,known,,,bpt6k6557902: no usable pages in manifest.,2026-07-17T20:27:09.795195
leconstitutionnel,bpt6k655791f,,failed,0,0,,no_usable_pages,known,,,bpt6k655791f: no usable pages in manifest.,2026-07-17T20:27:09.899111
leconstitutionnel,bpt6k655792t,,failed,0,0,,no_usable_pages,known,,,bpt6k655792t: no usable pages in manifest.,2026-07-17T20:27:10.022814
leconstitutionnel,bpt6k6557936,,failed,0,0,,no_usable_pages,known,,,bpt6k6557936: no usable pages in manifest.,2026-07-17T20:27:10.085358
leconstitutionnel,bpt6k655794k,,failed,0,0,,no_usable_pages,known,,,bpt6k655794k: no usable pages in manifest.,2026-07-17T20:27:10.172932
leconstitutionnel,bpt6k655795z,,failed,0,0,,no_usable_pages,known,,,bpt6k655795z: no usable pages in manifest.,2026-07-17T20:27:10.339209
leconstitutionnel,bpt6k655796b,,failed,0,0,,no_usable_pages,known,,,bpt6k655796b: no usable pages in manifest.,2026-07-17T20:27:10.418711
leconstitutionnel,bpt6k655797q,,failed,0,0,,no_usable_pages,known,,,bpt6k655797q: no usable pages in manifest.,2026-07-17T20:27:10.487267
leconstitutionnel,bpt6k6557983,,failed,0,0,,no_usable_pages,known,,,bpt6k6557983: no usable pages in manifest.,2026-07-17T20:27:10.564819
leconstitutionnel,bpt6k655799g,,failed,0,0,,no_usable_pages,known,,,bpt6k655799g: no usable pages in manifest.,2026-07-17T20:27:10.633236
leconstitutionnel,bpt6k6558008,,failed,0,0,,no_usable_pages,known,,,bpt6k6558008: no usable pages in manifest.,2026-07-17T20:27:10.720874
leconstitutionnel,bpt6k655801n,,failed,0,0,,no_usable_pages,known,,,bpt6k655801n: no usable pages in manifest.,2026-07-17T20:27:10.786723
leconstitutionnel,bpt6k6558021,,failed,0,0,,no_usable_pages,known,,,bpt6k6558021: no usable pages in manifest.,2026-07-17T20:27:10.877229
leconstitutionnel,bpt6k655803d,,failed,0,0,,no_usable_pages,known,,,bpt6k655803d: no usable pages in manifest.,2026-07-17T20:27:11.009598
leconstitutionnel,bpt6k655804s,,failed,0,0,,no_usable_pages,known,,,bpt6k655804s: no usable pages in manifest.,2026-07-17T20:27:11.094458
leconstitutionnel,bpt6k6558055,,failed,0,0,,no_usable_pages,known,,,bpt6k6558055: no usable pages in manifest.,2026-07-17T20:27:11.174518
leconstitutionnel,bpt6k655806j,,failed,0,0,,no_usable_pages,known,,,bpt6k655806j: no usable pages in manifest.,2026-07-17T20:27:11.259155
leconstitutionnel,bpt6k655807x,,failed,0,0,,no_usable_pages,known,,,bpt6k655807x: no usable pages in manifest.,2026-07-17T20:27:11.357890
leconstitutionnel,bpt6k6558089,,failed,0,0,,no_usable_pages,known,,,bpt6k6558089: no usable pages in manifest.,2026-07-17T20:27:11.458002
leconstitutionnel,bpt6k655809p,,failed,0,0,,no_usable_pages,known,,,bpt6k655809p: no usable pages in manifest.,2026-07-17T20:27:11.543183
leconstitutionnel,bpt6k655810m,,failed,0,0,,no_usable_pages,known,,,bpt6k655810m: no usable pages in manifest.,2026-07-17T20:27:11.643387
leconstitutionnel,bpt6k6558110,,failed,0,0,,no_usable_pages,known,,,bpt6k6558110: no usable pages in manifest.,2026-07-17T20:27:11.748451
leconstitutionnel,bpt6k655812c,,failed,0,0,,no_usable_pages,known,,,bpt6k655812c: no usable pages in manifest.,2026-07-17T20:27:11.815495
leconstitutionnel,bpt6k655813r,,failed,0,0,,no_usable_pages,known,,,bpt6k655813r: no usable pages in manifest.,2026-07-17T20:27:11.886876
leconstitutionnel,bpt6k6558144,,failed,0,0,,no_usable_pages,known,,,bpt6k6558144: no usable pages in manifest.,2026-07-17T20:27:11.964475
leconstitutionnel,bpt6k655815h,,failed,0,0,,no_usable_pages,known,,,bpt6k655815h: no usable pages in manifest.,2026-07-17T20:27:12.059134
leconstitutionnel,bpt6k655816w,,failed,0,0,,no_usable_pages,known,,,bpt6k655816w: no usable pages in manifest.,2026-07-17T20:27:12.152388
leconstitutionnel,bpt6k6558178,,failed,0,0,,no_usable_pages,known,,,bpt6k6558178: no usable pages in manifest.,2026-07-17T20:27:12.220285
leconstitutionnel,bpt6k655818n,,failed,0,0,,no_usable_pages,known,,,bpt6k655818n: no usable pages in manifest.,2026-07-17T20:27:12.294031
leconstitutionnel,bpt6k6558191,,failed,0,0,,no_usable_pages,known,,,bpt6k6558191: no usable pages in manifest.,2026-07-17T20:27:12.410528
leconstitutionnel,bpt6k655820z,,failed,0,0,,no_usable_pages,known,,,bpt6k655820z: no usable pages in manifest.,2026-07-17T20:27:12.489491
leconstitutionnel,bpt6k655821b,,failed,0,0,,no_usable_pages,known,,,bpt6k655821b: no usable pages in manifest.,2026-07-17T20:27:12.573812
leconstitutionnel,bpt6k655822q,,failed,0,0,,no_usable_pages,known,,,bpt6k655822q: no usable pages in manifest.,2026-07-17T20:27:12.632914
leconstitutionnel,bpt6k6558233,,failed,0,0,,no_usable_pages,known,,,bpt6k6558233: no usable pages in manifest.,2026-07-17T20:27:12.725376
leconstitutionnel,bpt6k655824g,,failed,0,0,,no_usable_pages,known,,,bpt6k655824g: no usable pages in manifest.,2026-07-17T20:27:12.816620
leconstitutionnel,bpt6k655825v,,failed,0,0,,no_usable_pages,known,,,bpt6k655825v: no usable pages in manifest.,2026-07-17T20:27:12.892974
leconstitutionnel,bpt6k6558267,,failed,0,0,,no_usable_pages,known,,,bpt6k6558267: no usable pages in manifest.,2026-07-17T20:27:12.963944
leconstitutionnel,bpt6k655827m,,failed,0,0,,no_usable_pages,known,,,bpt6k655827m: no usable pages in manifest.,2026-07-17T20:27:13.049092
leconstitutionnel,bpt6k6558280,,failed,0,0,,no_usable_pages,known,,,bpt6k6558280: no usable pages in manifest.,2026-07-17T20:27:13.145598
leconstitutionnel,bpt6k655829c,,failed,0,0,,no_usable_pages,known,,,bpt6k655829c: no usable pages in manifest.,2026-07-17T20:27:13.244653
leconstitutionnel,bpt6k6558309,,failed,0,0,,no_usable_pages,known,,,bpt6k6558309: no usable pages in manifest.,2026-07-17T20:27:13.322136
leconstitutionnel,bpt6k655831p,,failed,0,0,,no_usable_pages,known,,,bpt6k655831p: no usable pages in manifest.,2026-07-17T20:27:13.410159
leconstitutionnel,bpt6k6558322,,failed,0,0,,no_usable_pages,known,,,bpt6k6558322: no usable pages in manifest.,2026-07-17T20:27:13.485301
leconstitutionnel,bpt6k655833f,,failed,0,0,,no_usable_pages,known,,,bpt6k655833f: no usable pages in manifest.,2026-07-17T20:27:13.568244
leconstitutionnel,bpt6k655834t,,failed,0,0,,no_usable_pages,known,,,bpt6k655834t: no usable pages in manifest.,2026-07-17T20:27:13.675328
leconstitutionnel,bpt6k6558356,,failed,0,0,,no_usable_pages,known,,,bpt6k6558356: no usable pages in manifest.,2026-07-17T20:27:13.736561
leconstitutionnel,bpt6k655836k,,failed,0,0,,no_usable_pages,known,,,bpt6k655836k: no usable pages in manifest.,2026-07-17T20:27:13.833009
leconstitutionnel,bpt6k655837z,,failed,0,0,,no_usable_pages,known,,,bpt6k655837z: no usable pages in manifest.,2026-07-17T20:27:13.911494
leconstitutionnel,bpt6k655838b,,failed,0,0,,no_usable_pages,known,,,bpt6k655838b: no usable pages in manifest.,2026-07-17T20:27:13.965913
leconstitutionnel,bpt6k655839q,,failed,0,0,,no_usable_pages,known,,,bpt6k655839q: no usable pages in manifest.,2026-07-17T20:27:14.051965
leconstitutionnel,bpt6k655840n,,failed,0,0,,no_usable_pages,known,,,bpt6k655840n: no usable pages in manifest.,2026-07-17T20:27:14.119062
leconstitutionnel,bpt6k6558411,,failed,0,0,,no_usable_pages,known,,,bpt6k6558411: no usable pages in manifest.,2026-07-17T20:27:14.173580
leconstitutionnel,bpt6k655842d,,failed,0,0,,no_usable_pages,known,,,bpt6k655842d: no usable pages in manifest.,2026-07-17T20:27:14.261137
leconstitutionnel,bpt6k655843s,,failed,0,0,,no_usable_pages,known,,,bpt6k655843s: no usable pages in manifest.,2026-07-17T20:27:14.340075
leconstitutionnel,bpt6k6558445,,failed,0,0,,no_usable_pages,known,,,bpt6k6558445: no usable pages in manifest.,2026-07-17T20:27:14.422023
leconstitutionnel,bpt6k655845j,,failed,0,0,,no_usable_pages,known,,,bpt6k655845j: no usable pages in manifest.,2026-07-17T20:27:14.555610
leconstitutionnel,bpt6k655846x,,failed,0,0,,no_usable_pages,known,,,bpt6k655846x: no usable pages in manifest.,2026-07-17T20:27:14.676743
leconstitutionnel,bpt6k6558479,,failed,0,0,,no_usable_pages,known,,,bpt6k6558479: no usable pages in manifest.,2026-07-17T20:27:14.814021
leconstitutionnel,bpt6k655848p,,failed,0,0,,no_usable_pages,known,,,bpt6k655848p: no usable pages in manifest.,2026-07-17T20:27:14.965660
leconstitutionnel,bpt6k6558492,,failed,0,0,,no_usable_pages,known,,,bpt6k6558492: no usable pages in manifest.,2026-07-17T20:27:15.061088
leconstitutionnel,bpt6k6558500,,failed,0,0,,no_usable_pages,known,,,bpt6k6558500: no usable pages in manifest.,2026-07-17T20:27:15.168336
leconstitutionnel,bpt6k655851c,,failed,0,0,,no_usable_pages,known,,,bpt6k655851c: no usable pages in manifest.,2026-07-17T20:27:15.279710
leconstitutionnel,bpt6k655852r,,failed,0,0,,no_usable_pages,known,,,bpt6k655852r: no usable pages in manifest.,2026-07-17T20:27:15.392855
leconstitutionnel,bpt6k6558534,,failed,0,0,,no_usable_pages,known,,,bpt6k6558534: no usable pages in manifest.,2026-07-17T20:27:15.504255
leconstitutionnel,bpt6k655854h,,failed,0,0,,no_usable_pages,known,,,bpt6k655854h: no usable pages in manifest.,2026-07-17T20:27:15.623076
leconstitutionnel,bpt6k655855w,,failed,0,0,,no_usable_pages,known,,,bpt6k655855w: no usable pages in manifest.,2026-07-17T20:27:15.692209
leconstitutionnel,bpt6k6558568,,failed,0,0,,no_usable_pages,known,,,bpt6k6558568: no usable pages in manifest.,2026-07-17T20:27:15.819954
leconstitutionnel,bpt6k655857n,,failed,0,0,,no_usable_pages,known,,,bpt6k655857n: no usable pages in manifest.,2026-07-17T20:27:15.948025
leconstitutionnel,bpt6k6558581,,failed,0,0,,no_usable_pages,known,,,bpt6k6558581: no usable pages in manifest.,2026-07-17T20:27:16.053159
leconstitutionnel,bpt6k655859d,,failed,0,0,,no_usable_pages,known,,,bpt6k655859d: no usable pages in manifest.,2026-07-17T20:27:16.128590
leconstitutionnel,bpt6k655860b,,failed,0,0,,no_usable_pages,known,,,bpt6k655860b: no usable pages in manifest.,2026-07-17T20:27:16.214743
leconstitutionnel,bpt6k655861q,,failed,0,0,,no_usable_pages,known,,,bpt6k655861q: no usable pages in manifest.,2026-07-17T20:27:16.284901
leconstitutionnel,bpt6k6558623,,failed,0,0,,no_usable_pages,known,,,bpt6k6558623: no usable pages in manifest.,2026-07-17T20:27:16.392378
leconstitutionnel,bpt6k655863g,,failed,0,0,,no_usable_pages,known,,,bpt6k655863g: no usable pages in manifest.,2026-07-17T20:27:16.465164
leconstitutionnel,bpt6k655864v,,failed,0,0,,no_usable_pages,known,,,bpt6k655864v: no usable pages in manifest.,2026-07-17T20:27:16.576006
leconstitutionnel,bpt6k6558657,,failed,0,0,,no_usable_pages,known,,,bpt6k6558657: no usable pages in manifest.,2026-07-17T20:27:16.692765
leconstitutionnel,bpt6k655866m,,failed,0,0,,no_usable_pages,known,,,bpt6k655866m: no usable pages in manifest.,2026-07-17T20:27:16.778697
leconstitutionnel,bpt6k6558670,,failed,0,0,,no_usable_pages,known,,,bpt6k6558670: no usable pages in manifest.,2026-07-17T20:27:16.875954
leconstitutionnel,bpt6k655868c,,failed,0,0,,no_usable_pages,known,,,bpt6k655868c: no usable pages in manifest.,2026-07-17T20:27:16.992388
leconstitutionnel,bpt6k655869r,,failed,0,0,,no_usable_pages,known,,,bpt6k655869r: no usable pages in manifest.,2026-07-17T20:27:17.066933
leconstitutionnel,bpt6k655870p,,failed,0,0,,no_usable_pages,known,,,bpt6k655870p: no usable pages in manifest.,2026-07-17T20:27:17.144889
leconstitutionnel,bpt6k6558712,,failed,0,0,,no_usable_pages,known,,,bpt6k6558712: no usable pages in manifest.,2026-07-17T20:27:17.202953
leconstitutionnel,bpt6k655872f,,failed,0,0,,no_usable_pages,known,,,bpt6k655872f: no usable pages in manifest.,2026-07-17T20:27:17.314174
leconstitutionnel,bpt6k655873t,,failed,0,0,,no_usable_pages,known,,,bpt6k655873t: no usable pages in manifest.,2026-07-17T20:27:17.427714
leconstitutionnel,bpt6k6558746,,failed,0,0,,no_usable_pages,known,,,bpt6k6558746: no usable pages in manifest.,2026-07-17T20:27:17.512616
leconstitutionnel,bpt6k655875k,,failed,0,0,,no_usable_pages,known,,,bpt6k655875k: no usable pages in manifest.,2026-07-17T20:27:17.598836
leconstitutionnel,bpt6k655876z,,failed,0,0,,no_usable_pages,known,,,bpt6k655876z: no usable pages in manifest.,2026-07-17T20:27:17.742332
leconstitutionnel,bpt6k655877b,,failed,0,0,,no_usable_pages,known,,,bpt6k655877b: no usable pages in manifest.,2026-07-17T20:27:17.864521
leconstitutionnel,bpt6k655878q,,failed,0,0,,no_usable_pages,known,,,bpt6k655878q: no usable pages in manifest.,2026-07-17T20:27:17.976944
leconstitutionnel,bpt6k6558793,,failed,0,0,,no_usable_pages,known,,,bpt6k6558793: no usable pages in manifest.,2026-07-17T20:27:18.092191
leconstitutionnel,bpt6k6558801,,failed,0,0,,no_usable_pages,known,,,bpt6k6558801: no usable pages in manifest.,2026-07-17T20:27:18.168025
leconstitutionnel,bpt6k655881d,,failed,0,0,,no_usable_pages,known,,,bpt6k655881d: no usable pages in manifest.,2026-07-17T20:27:18.267491
leconstitutionnel,bpt6k655882s,,failed,0,0,,no_usable_pages,known,,,bpt6k655882s: no usable pages in manifest.,2026-07-17T20:27:18.344997
leconstitutionnel,bpt6k6558835,,failed,0,0,,no_usable_pages,known,,,bpt6k6558835: no usable pages in manifest.,2026-07-17T20:27:18.435205
leconstitutionnel,bpt6k655884j,,failed,0,0,,no_usable_pages,known,,,bpt6k655884j: no usable pages in manifest.,2026-07-17T20:27:18.508914
leconstitutionnel,bpt6k655885x,,failed,0,0,,no_usable_pages,known,,,bpt6k655885x: no usable pages in manifest.,2026-07-17T20:27:18.593497
leconstitutionnel,bpt6k6558869,,failed,0,0,,no_usable_pages,known,,,bpt6k6558869: no usable pages in manifest.,2026-07-17T20:27:18.684214
leconstitutionnel,bpt6k655887p,,failed,0,0,,no_usable_pages,known,,,bpt6k655887p: no usable pages in manifest.,2026-07-17T20:27:18.763695
leconstitutionnel,bpt6k6558882,,failed,0,0,,no_usable_pages,known,,,bpt6k6558882: no usable pages in manifest.,2026-07-17T20:27:18.864010
leconstitutionnel,bpt6k655889f,,failed,0,0,,no_usable_pages,known,,,bpt6k655889f: no usable pages in manifest.,2026-07-17T20:27:19.021744
leconstitutionnel,bpt6k655890c,,failed,0,0,,no_usable_pages,known,,,bpt6k655890c: no usable pages in manifest.,2026-07-17T20:27:19.151250
leconstitutionnel,bpt6k655891r,,failed,0,0,,no_usable_pages,known,,,bpt6k655891r: no usable pages in manifest.,2026-07-17T20:27:19.244557
leconstitutionnel,bpt6k6558924,,failed,0,0,,no_usable_pages,known,,,bpt6k6558924: no usable pages in manifest.,2026-07-17T20:27:19.321139
leconstitutionnel,bpt6k655893h,,failed,0,0,,no_usable_pages,known,,,bpt6k655893h: no usable pages in manifest.,2026-07-17T20:27:19.397354
leconstitutionnel,bpt6k655894w,,failed,0,0,,no_usable_pages,known,,,bpt6k655894w: no usable pages in manifest.,2026-07-17T20:27:19.472229
leconstitutionnel,bpt6k6558958,,failed,0,0,,no_usable_pages,known,,,bpt6k6558958: no usable pages in manifest.,2026-07-17T20:27:19.508460
leconstitutionnel,bpt6k655896n,,failed,0,0,,no_usable_pages,known,,,bpt6k655896n: no usable pages in manifest.,2026-07-17T20:27:19.590130
leconstitutionnel,bpt6k6558971,,failed,0,0,,no_usable_pages,known,,,bpt6k6558971: no usable pages in manifest.,2026-07-17T20:27:19.652423
leconstitutionnel,bpt6k655898d,,failed,0,0,,no_usable_pages,known,,,bpt6k655898d: no usable pages in manifest.,2026-07-17T20:27:19.730321
leconstitutionnel,bpt6k655899s,,failed,0,0,,no_usable_pages,known,,,bpt6k655899s: no usable pages in manifest.,2026-07-17T20:27:19.812455
leconstitutionnel,bpt6k655900k,,failed,0,0,,no_usable_pages,known,,,bpt6k655900k: no usable pages in manifest.,2026-07-17T20:27:19.893278
leconstitutionnel,bpt6k655901z,,failed,0,0,,no_usable_pages,known,,,bpt6k655901z: no usable pages in manifest.,2026-07-17T20:27:19.965849
leconstitutionnel,bpt6k655902b,,failed,0,0,,no_usable_pages,known,,,bpt6k655902b: no usable pages in manifest.,2026-07-17T20:27:20.062919
leconstitutionnel,bpt6k655903q,,failed,0,0,,no_usable_pages,known,,,bpt6k655903q: no usable pages in manifest.,2026-07-17T20:27:20.151586
leconstitutionnel,bpt6k6559043,,failed,0,0,,no_usable_pages,known,,,bpt6k6559043: no usable pages in manifest.,2026-07-17T20:27:20.230825
leconstitutionnel,bpt6k655905g,,failed,0,0,,no_usable_pages,known,,,bpt6k655905g: no usable pages in manifest.,2026-07-17T20:27:20.307516
leconstitutionnel,bpt6k655906v,,failed,0,0,,no_usable_pages,known,,,bpt6k655906v: no usable pages in manifest.,2026-07-17T20:27:20.402383
leconstitutionnel,bpt6k6559077,,failed,0,0,,no_usable_pages,known,,,bpt6k6559077: no usable pages in manifest.,2026-07-17T20:27:20.487174
leconstitutionnel,bpt6k655908m,,failed,0,0,,no_usable_pages,known,,,bpt6k655908m: no usable pages in manifest.,2026-07-17T20:27:20.580624
leconstitutionnel,bpt6k6559090,,failed,0,0,,no_usable_pages,known,,,bpt6k6559090: no usable pages in manifest.,2026-07-17T20:27:20.711644
leconstitutionnel,bpt6k655910x,,failed,0,0,,no_usable_pages,known,,,bpt6k655910x: no usable pages in manifest.,2026-07-17T20:27:20.864104
leconstitutionnel,bpt6k6559119,,failed,0,0,,no_usable_pages,known,,,bpt6k6559119: no usable pages in manifest.,2026-07-17T20:27:20.957036
leconstitutionnel,bpt6k655912p,,failed,0,0,,no_usable_pages,known,,,bpt6k655912p: no usable pages in manifest.,2026-07-17T20:27:21.084771
leconstitutionnel,bpt6k6559132,,failed,0,0,,no_usable_pages,known,,,bpt6k6559132: no usable pages in manifest.,2026-07-17T20:27:21.238290
leconstitutionnel,bpt6k655914f,,failed,0,0,,no_usable_pages,known,,,bpt6k655914f: no usable pages in manifest.,2026-07-17T20:27:21.320871
leconstitutionnel,bpt6k655915t,,failed,0,0,,no_usable_pages,known,,,bpt6k655915t: no usable pages in manifest.,2026-07-17T20:27:21.404353
leconstitutionnel,bpt6k6559166,,failed,0,0,,no_usable_pages,known,,,bpt6k6559166: no usable pages in manifest.,2026-07-17T20:27:21.490046
leconstitutionnel,bpt6k655917k,,failed,0,0,,no_usable_pages,known,,,bpt6k655917k: no usable pages in manifest.,2026-07-17T20:27:21.569269
leconstitutionnel,bpt6k655918z,,failed,0,0,,no_usable_pages,known,,,bpt6k655918z: no usable pages in manifest.,2026-07-17T20:27:21.670000
leconstitutionnel,bpt6k655919b,,failed,0,0,,no_usable_pages,known,,,bpt6k655919b: no usable pages in manifest.,2026-07-17T20:27:21.740692
leconstitutionnel,bpt6k6559208,,failed,0,0,,no_usable_pages,known,,,bpt6k6559208: no usable pages in manifest.,2026-07-17T20:27:21.810506
leconstitutionnel,bpt6k655921n,,failed,0,0,,no_usable_pages,known,,,bpt6k655921n: no usable pages in manifest.,2026-07-17T20:27:21.920530
leconstitutionnel,bpt6k6559221,,failed,0,0,,no_usable_pages,known,,,bpt6k6559221: no usable pages in manifest.,2026-07-17T20:27:22.021683
leconstitutionnel,bpt6k655923d,,failed,0,0,,no_usable_pages,known,,,bpt6k655923d: no usable pages in manifest.,2026-07-17T20:27:22.120751
leconstitutionnel,bpt6k655924s,,failed,0,0,,no_usable_pages,known,,,bpt6k655924s: no usable pages in manifest.,2026-07-17T20:27:22.246546
leconstitutionnel,bpt6k6559255,,failed,0,0,,no_usable_pages,known,,,bpt6k6559255: no usable pages in manifest.,2026-07-17T20:27:22.477543
leconstitutionnel,bpt6k655926j,,failed,0,0,,no_usable_pages,known,,,bpt6k655926j: no usable pages in manifest.,2026-07-17T20:27:22.607283
leconstitutionnel,bpt6k655927x,,failed,0,0,,no_usable_pages,known,,,bpt6k655927x: no usable pages in manifest.,2026-07-17T20:27:22.704486
leconstitutionnel,bpt6k6559289,,failed,0,0,,no_usable_pages,known,,,bpt6k6559289: no usable pages in manifest.,2026-07-17T20:27:22.815071
leconstitutionnel,bpt6k655929p,,failed,0,0,,no_usable_pages,known,,,bpt6k655929p: no usable pages in manifest.,2026-07-17T20:27:22.958182
leconstitutionnel,bpt6k655930m,,failed,0,0,,no_usable_pages,known,,,bpt6k655930m: no usable pages in manifest.,2026-07-17T20:27:23.068184
leconstitutionnel,bpt6k6559310,,failed,0,0,,no_usable_pages,known,,,bpt6k6559310: no usable pages in manifest.,2026-07-17T20:27:23.245126
leconstitutionnel,bpt6k655932c,,failed,0,0,,no_usable_pages,known,,,bpt6k655932c: no usable pages in manifest.,2026-07-17T20:27:23.372713
leconstitutionnel,bpt6k655933r,,failed,0,0,,no_usable_pages,known,,,bpt6k655933r: no usable pages in manifest.,2026-07-17T20:27:23.452322
leconstitutionnel,bpt6k6559344,,failed,0,0,,no_usable_pages,known,,,bpt6k6559344: no usable pages in manifest.,2026-07-17T20:27:23.549290
leconstitutionnel,bpt6k655935h,,failed,0,0,,no_usable_pages,known,,,bpt6k655935h: no usable pages in manifest.,2026-07-17T20:27:23.640904
leconstitutionnel,bpt6k655936w,,failed,0,0,,no_usable_pages,known,,,bpt6k655936w: no usable pages in manifest.,2026-07-17T20:27:23.748456
leconstitutionnel,bpt6k6559378,,failed,0,0,,no_usable_pages,known,,,bpt6k6559378: no usable pages in manifest.,2026-07-17T20:27:23.832421
leconstitutionnel,bpt6k655938n,,failed,0,0,,no_usable_pages,known,,,bpt6k655938n: no usable pages in manifest.,2026-07-17T20:27:23.907070
leconstitutionnel,bpt6k6559391,,failed,0,0,,no_usable_pages,known,,,bpt6k6559391: no usable pages in manifest.,2026-07-17T20:27:24.125120
leconstitutionnel,bpt6k655940z,,failed,0,0,,no_usable_pages,known,,,bpt6k655940z: no usable pages in manifest.,2026-07-17T20:27:24.252839
leconstitutionnel,bpt6k655941b,,failed,0,0,,no_usable_pages,known,,,bpt6k655941b: no usable pages in manifest.,2026-07-17T20:27:24.353115
leconstitutionnel,bpt6k655942q,,failed,0,0,,no_usable_pages,known,,,bpt6k655942q: no usable pages in manifest.,2026-07-17T20:27:24.449366
leconstitutionnel,bpt6k6559433,,failed,0,0,,no_usable_pages,known,,,bpt6k6559433: no usable pages in manifest.,2026-07-17T20:27:24.530775
leconstitutionnel,bpt6k655944g,,failed,0,0,,no_usable_pages,known,,,bpt6k655944g: no usable pages in manifest.,2026-07-17T20:27:24.632337
leconstitutionnel,bpt6k655945v,,failed,0,0,,no_usable_pages,known,,,bpt6k655945v: no usable pages in manifest.,2026-07-17T20:27:24.703001
leconstitutionnel,bpt6k6559467,,failed,0,0,,no_usable_pages,known,,,bpt6k6559467: no usable pages in manifest.,2026-07-17T20:27:24.773830
leconstitutionnel,bpt6k655947m,,failed,0,0,,no_usable_pages,known,,,bpt6k655947m: no usable pages in manifest.,2026-07-17T20:27:24.865397
leconstitutionnel,bpt6k6559480,,failed,0,0,,no_usable_pages,known,,,bpt6k6559480: no usable pages in manifest.,2026-07-17T20:27:24.946728
leconstitutionnel,bpt6k655949c,,failed,0,0,,no_usable_pages,known,,,bpt6k655949c: no usable pages in manifest.,2026-07-17T20:27:25.046045
leconstitutionnel,bpt6k6559509,,failed,0,0,,no_usable_pages,known,,,bpt6k6559509: no usable pages in manifest.,2026-07-17T20:27:25.121703
leconstitutionnel,bpt6k655951p,,failed,0,0,,no_usable_pages,known,,,bpt6k655951p: no usable pages in manifest.,2026-07-17T20:27:25.208421
leconstitutionnel,bpt6k6559522,,failed,0,0,,no_usable_pages,known,,,bpt6k6559522: no usable pages in manifest.,2026-07-17T20:27:25.320124
leconstitutionnel,bpt6k655953f,,failed,0,0,,no_usable_pages,known,,,bpt6k655953f: no usable pages in manifest.,2026-07-17T20:27:25.513499
leconstitutionnel,bpt6k655954t,,failed,0,0,,no_usable_pages,known,,,bpt6k655954t: no usable pages in manifest.,2026-07-17T20:27:25.669226
leconstitutionnel,bpt6k6559556,,failed,0,0,,no_usable_pages,known,,,bpt6k6559556: no usable pages in manifest.,2026-07-17T20:27:25.848894
leconstitutionnel,bpt6k655956k,,failed,0,0,,no_usable_pages,known,,,bpt6k655956k: no usable pages in manifest.,2026-07-17T20:27:25.926762
leconstitutionnel,bpt6k655957z,,failed,0,0,,no_usable_pages,known,,,bpt6k655957z: no usable pages in manifest.,2026-07-17T20:27:26.008345
leconstitutionnel,bpt6k655958b,,failed,0,0,,no_usable_pages,known,,,bpt6k655958b: no usable pages in manifest.,2026-07-17T20:27:26.099750
leconstitutionnel,bpt6k655959q,,failed,0,0,,no_usable_pages,known,,,bpt6k655959q: no usable pages in manifest.,2026-07-17T20:27:26.176284
leconstitutionnel,bpt6k655960n,,failed,0,0,,no_usable_pages,known,,,bpt6k655960n: no usable pages in manifest.,2026-07-17T20:27:26.265626
leconstitutionnel,bpt6k6559611,,failed,0,0,,no_usable_pages,known,,,bpt6k6559611: no usable pages in manifest.,2026-07-17T20:27:26.358825
leconstitutionnel,bpt6k655962d,,failed,0,0,,no_usable_pages,known,,,bpt6k655962d: no usable pages in manifest.,2026-07-17T20:27:26.486928
leconstitutionnel,bpt6k655963s,,failed,0,0,,no_usable_pages,known,,,bpt6k655963s: no usable pages in manifest.,2026-07-17T20:27:26.568997
leconstitutionnel,bpt6k6559645,,failed,0,0,,no_usable_pages,known,,,bpt6k6559645: no usable pages in manifest.,2026-07-17T20:27:26.663501
leconstitutionnel,bpt6k655965j,,failed,0,0,,no_usable_pages,known,,,bpt6k655965j: no usable pages in manifest.,2026-07-17T20:27:26.753843
leconstitutionnel,bpt6k655966x,,failed,0,0,,no_usable_pages,known,,,bpt6k655966x: no usable pages in manifest.,2026-07-17T20:27:26.841189
leconstitutionnel,bpt6k6559679,,failed,0,0,,no_usable_pages,known,,,bpt6k6559679: no usable pages in manifest.,2026-07-17T20:27:26.915304
leconstitutionnel,bpt6k655968p,,failed,0,0,,no_usable_pages,known,,,bpt6k655968p: no usable pages in manifest.,2026-07-17T20:27:27.012206
leconstitutionnel,bpt6k6559692,,failed,0,0,,no_usable_pages,known,,,bpt6k6559692: no usable pages in manifest.,2026-07-17T20:27:27.152205
leconstitutionnel,bpt6k6559700,,failed,0,0,,no_usable_pages,known,,,bpt6k6559700: no usable pages in manifest.,2026-07-17T20:27:27.237140
leconstitutionnel,bpt6k655971c,,failed,0,0,,no_usable_pages,known,,,bpt6k655971c: no usable pages in manifest.,2026-07-17T20:27:27.365589
leconstitutionnel,bpt6k655972r,,failed,0,0,,no_usable_pages,known,,,bpt6k655972r: no usable pages in manifest.,2026-07-17T20:27:27.563012
leconstitutionnel,bpt6k6559734,,failed,0,0,,no_usable_pages,known,,,bpt6k6559734: no usable pages in manifest.,2026-07-17T20:27:27.658016
leconstitutionnel,bpt6k655974h,,failed,0,0,,no_usable_pages,known,,,bpt6k655974h: no usable pages in manifest.,2026-07-17T20:27:27.791314
leconstitutionnel,bpt6k655975w,,failed,0,0,,no_usable_pages,known,,,bpt6k655975w: no usable pages in manifest.,2026-07-17T20:27:27.916434
leconstitutionnel,bpt6k6559768,,failed,0,0,,no_usable_pages,known,,,bpt6k6559768: no usable pages in manifest.,2026-07-17T20:27:28.003019
leconstitutionnel,bpt6k655977n,,failed,0,0,,no_usable_pages,known,,,bpt6k655977n: no usable pages in manifest.,2026-07-17T20:27:28.105066
leconstitutionnel,bpt6k6559781,,failed,0,0,,no_usable_pages,known,,,bpt6k6559781: no usable pages in manifest.,2026-07-17T20:27:28.222490
leconstitutionnel,bpt6k655979d,,failed,0,0,,no_usable_pages,known,,,bpt6k655979d: no usable pages in manifest.,2026-07-17T20:27:28.275284
leconstitutionnel,bpt6k655980b,,failed,0,0,,no_usable_pages,known,,,bpt6k655980b: no usable pages in manifest.,2026-07-17T20:27:28.358764
leconstitutionnel,bpt6k655981q,,failed,0,0,,no_usable_pages,known,,,bpt6k655981q: no usable pages in manifest.,2026-07-17T20:27:28.495167
leconstitutionnel,bpt6k6559823,,failed,0,0,,no_usable_pages,known,,,bpt6k6559823: no usable pages in manifest.,2026-07-17T20:27:28.648666
leconstitutionnel,bpt6k655983g,,failed,0,0,,no_usable_pages,known,,,bpt6k655983g: no usable pages in manifest.,2026-07-17T20:27:28.789862
leconstitutionnel,bpt6k655984v,,failed,0,0,,no_usable_pages,known,,,bpt6k655984v: no usable pages in manifest.,2026-07-17T20:27:28.926957
leconstitutionnel,bpt6k6559857,,failed,0,0,,no_usable_pages,known,,,bpt6k6559857: no usable pages in manifest.,2026-07-17T20:27:29.034429
leconstitutionnel,bpt6k655986m,,failed,0,0,,no_usable_pages,known,,,bpt6k655986m: no usable pages in manifest.,2026-07-17T20:27:29.131859
leconstitutionnel,bpt6k6559870,,failed,0,0,,no_usable_pages,known,,,bpt6k6559870: no usable pages in manifest.,2026-07-17T20:27:29.233940
leconstitutionnel,bpt6k655988c,,failed,0,0,,no_usable_pages,known,,,bpt6k655988c: no usable pages in manifest.,2026-07-17T20:27:29.327749
leconstitutionnel,bpt6k655989r,,failed,0,0,,no_usable_pages,known,,,bpt6k655989r: no usable pages in manifest.,2026-07-17T20:27:29.401764
leconstitutionnel,bpt6k655990p,,failed,0,0,,no_usable_pages,known,,,bpt6k655990p: no usable pages in manifest.,2026-07-17T20:27:29.484958
leconstitutionnel,bpt6k6559912,,failed,0,0,,no_usable_pages,known,,,bpt6k6559912: no usable pages in manifest.,2026-07-17T20:27:29.614728
leconstitutionnel,bpt6k655992f,,failed,0,0,,no_usable_pages,known,,,bpt6k655992f: no usable pages in manifest.,2026-07-17T20:27:29.689624
leconstitutionnel,bpt6k655993t,,failed,0,0,,no_usable_pages,known,,,bpt6k655993t: no usable pages in manifest.,2026-07-17T20:27:29.786874
leconstitutionnel,bpt6k6559946,,failed,0,0,,no_usable_pages,known,,,bpt6k6559946: no usable pages in manifest.,2026-07-17T20:27:29.860162
leconstitutionnel,bpt6k655995k,,failed,0,0,,no_usable_pages,known,,,bpt6k655995k: no usable pages in manifest.,2026-07-17T20:27:29.956812
leconstitutionnel,bpt6k655996z,,failed,0,0,,no_usable_pages,known,,,bpt6k655996z: no usable pages in manifest.,2026-07-17T20:27:30.024394
leconstitutionnel,bpt6k655997b,,failed,0,0,,no_usable_pages,known,,,bpt6k655997b: no usable pages in manifest.,2026-07-17T20:27:30.212228
leconstitutionnel,bpt6k655998q,,failed,0,0,,no_usable_pages,known,,,bpt6k655998q: no usable pages in manifest.,2026-07-17T20:27:30.444607
leconstitutionnel,bpt6k6559993,,failed,0,0,,no_usable_pages,known,,,bpt6k6559993: no usable pages in manifest.,2026-07-17T20:27:30.534472
leconstitutionnel,bpt6k6560002,,failed,0,0,,no_usable_pages,known,,,bpt6k6560002: no usable pages in manifest.,2026-07-17T20:27:30.657093
leconstitutionnel,bpt6k656001f,,failed,0,0,,no_usable_pages,known,,,bpt6k656001f: no usable pages in manifest.,2026-07-17T20:27:30.748560
leconstitutionnel,bpt6k656002t,,failed,0,0,,no_usable_pages,known,,,bpt6k656002t: no usable pages in manifest.,2026-07-17T20:27:30.839221
leconstitutionnel,bpt6k6560036,,failed,0,0,,no_usable_pages,known,,,bpt6k6560036: no usable pages in manifest.,2026-07-17T20:27:30.917417
leconstitutionnel,bpt6k656004k,,failed,0,0,,no_usable_pages,known,,,bpt6k656004k: no usable pages in manifest.,2026-07-17T20:27:31.009136
leconstitutionnel,bpt6k656005z,,failed,0,0,,no_usable_pages,known,,,bpt6k656005z: no usable pages in manifest.,2026-07-17T20:27:31.078124
leconstitutionnel,bpt6k656006b,,failed,0,0,,no_usable_pages,known,,,bpt6k656006b: no usable pages in manifest.,2026-07-17T20:27:31.177398
leconstitutionnel,bpt6k656007q,,failed,0,0,,no_usable_pages,known,,,bpt6k656007q: no usable pages in manifest.,2026-07-17T20:27:31.251013
leconstitutionnel,bpt6k6560083,,failed,0,0,,no_usable_pages,known,,,bpt6k6560083: no usable pages in manifest.,2026-07-17T20:27:31.329658
leconstitutionnel,bpt6k656009g,,failed,0,0,,no_usable_pages,known,,,bpt6k656009g: no usable pages in manifest.,2026-07-17T20:27:31.424899
leconstitutionnel,bpt6k656010d,,failed,0,0,,no_usable_pages,known,,,bpt6k656010d: no usable pages in manifest.,2026-07-17T20:27:31.501216
leconstitutionnel,bpt6k656011s,,failed,0,0,,no_usable_pages,known,,,bpt6k656011s: no usable pages in manifest.,2026-07-17T20:27:31.581173
leconstitutionnel,bpt6k6560125,,failed,0,0,,no_usable_pages,known,,,bpt6k6560125: no usable pages in manifest.,2026-07-17T20:27:31.732987
leconstitutionnel,bpt6k656013j,,failed,0,0,,no_usable_pages,known,,,bpt6k656013j: no usable pages in manifest.,2026-07-17T20:27:31.834130
leconstitutionnel,bpt6k656014x,,failed,0,0,,no_usable_pages,known,,,bpt6k656014x: no usable pages in manifest.,2026-07-17T20:27:31.928117
leconstitutionnel,bpt6k6560159,,failed,0,0,,no_usable_pages,known,,,bpt6k6560159: no usable pages in manifest.,2026-07-17T20:27:32.018571
leconstitutionnel,bpt6k656016p,,failed,0,0,,no_usable_pages,known,,,bpt6k656016p: no usable pages in manifest.,2026-07-17T20:27:32.089526
leconstitutionnel,bpt6k6560172,,failed,0,0,,no_usable_pages,known,,,bpt6k6560172: no usable pages in manifest.,2026-07-17T20:27:32.208894
leconstitutionnel,bpt6k656018f,,failed,0,0,,no_usable_pages,known,,,bpt6k656018f: no usable pages in manifest.,2026-07-17T20:27:32.282745
leconstitutionnel,bpt6k656019t,,failed,0,0,,no_usable_pages,known,,,bpt6k656019t: no usable pages in manifest.,2026-07-17T20:27:32.370306
leconstitutionnel,bpt6k656020r,,failed,0,0,,no_usable_pages,known,,,bpt6k656020r: no usable pages in manifest.,2026-07-17T20:27:32.466964
leconstitutionnel,bpt6k6560214,,failed,0,0,,no_usable_pages,known,,,bpt6k6560214: no usable pages in manifest.,2026-07-17T20:27:32.538377
leconstitutionnel,bpt6k656022h,,failed,0,0,,no_usable_pages,known,,,bpt6k656022h: no usable pages in manifest.,2026-07-17T20:27:32.642005
leconstitutionnel,bpt6k656023w,,failed,0,0,,no_usable_pages,known,,,bpt6k656023w: no usable pages in manifest.,2026-07-17T20:27:32.744134
leconstitutionnel,bpt6k6560248,,failed,0,0,,no_usable_pages,known,,,bpt6k6560248: no usable pages in manifest.,2026-07-17T20:27:32.836272
leconstitutionnel,bpt6k656025n,,failed,0,0,,no_usable_pages,known,,,bpt6k656025n: no usable pages in manifest.,2026-07-17T20:27:32.930066
leconstitutionnel,bpt6k6560261,,failed,0,0,,no_usable_pages,known,,,bpt6k6560261: no usable pages in manifest.,2026-07-17T20:27:33.013101
leconstitutionnel,bpt6k656027d,,failed,0,0,,no_usable_pages,known,,,bpt6k656027d: no usable pages in manifest.,2026-07-17T20:27:33.112974
leconstitutionnel,bpt6k656028s,,failed,0,0,,no_usable_pages,known,,,bpt6k656028s: no usable pages in manifest.,2026-07-17T20:27:33.343970
leconstitutionnel,bpt6k6560295,,failed,0,0,,no_usable_pages,known,,,bpt6k6560295: no usable pages in manifest.,2026-07-17T20:27:33.426418
leconstitutionnel,bpt6k6560303,,failed,0,0,,no_usable_pages,known,,,bpt6k6560303: no usable pages in manifest.,2026-07-17T20:27:33.536905
leconstitutionnel,bpt6k656031g,,failed,0,0,,no_usable_pages,known,,,bpt6k656031g: no usable pages in manifest.,2026-07-17T20:27:33.621713
leconstitutionnel,bpt6k656032v,,failed,0,0,,no_usable_pages,known,,,bpt6k656032v: no usable pages in manifest.,2026-07-17T20:27:33.745826
leconstitutionnel,bpt6k6560337,,failed,0,0,,no_usable_pages,known,,,bpt6k6560337: no usable pages in manifest.,2026-07-17T20:27:33.882716
leconstitutionnel,bpt6k656034m,,failed,0,0,,no_usable_pages,known,,,bpt6k656034m: no usable pages in manifest.,2026-07-17T20:27:33.978003
leconstitutionnel,bpt6k6560350,,failed,0,0,,no_usable_pages,known,,,bpt6k6560350: no usable pages in manifest.,2026-07-17T20:27:34.084260
leconstitutionnel,bpt6k656036c,,failed,0,0,,no_usable_pages,known,,,bpt6k656036c: no usable pages in manifest.,2026-07-17T20:27:34.183029
leconstitutionnel,bpt6k656037r,,failed,0,0,,no_usable_pages,known,,,bpt6k656037r: no usable pages in manifest.,2026-07-17T20:27:34.254316
leconstitutionnel,bpt6k6560384,,failed,0,0,,no_usable_pages,known,,,bpt6k6560384: no usable pages in manifest.,2026-07-17T20:27:34.330164
leconstitutionnel,bpt6k656039h,,failed,0,0,,no_usable_pages,known,,,bpt6k656039h: no usable pages in manifest.,2026-07-17T20:27:34.424069
leconstitutionnel,bpt6k656040f,,failed,0,0,,no_usable_pages,known,,,bpt6k656040f: no usable pages in manifest.,2026-07-17T20:27:34.577578
leconstitutionnel,bpt6k656041t,,failed,0,0,,no_usable_pages,known,,,bpt6k656041t: no usable pages in manifest.,2026-07-17T20:27:34.665758
leconstitutionnel,bpt6k6560426,,failed,0,0,,no_usable_pages,known,,,bpt6k6560426: no usable pages in manifest.,2026-07-17T20:27:34.745738
leconstitutionnel,bpt6k656043k,,failed,0,0,,no_usable_pages,known,,,bpt6k656043k: no usable pages in manifest.,2026-07-17T20:27:35.057678
leconstitutionnel,bpt6k656044z,,failed,0,0,,no_usable_pages,known,,,bpt6k656044z: no usable pages in manifest.,2026-07-17T20:27:35.168973
leconstitutionnel,bpt6k656045b,,failed,0,0,,no_usable_pages,known,,,bpt6k656045b: no usable pages in manifest.,2026-07-17T20:27:35.253099
leconstitutionnel,bpt6k656046q,,failed,0,0,,no_usable_pages,known,,,bpt6k656046q: no usable pages in manifest.,2026-07-17T20:27:35.316283
leconstitutionnel,bpt6k6560473,,failed,0,0,,no_usable_pages,known,,,bpt6k6560473: no usable pages in manifest.,2026-07-17T20:27:35.398938
leconstitutionnel,bpt6k656048g,,failed,0,0,,no_usable_pages,known,,,bpt6k656048g: no usable pages in manifest.,2026-07-17T20:27:35.500749
leconstitutionnel,bpt6k656049v,,failed,0,0,,no_usable_pages,known,,,bpt6k656049v: no usable pages in manifest.,2026-07-17T20:27:35.594149
leconstitutionnel,bpt6k656050s,,failed,0,0,,no_usable_pages,known,,,bpt6k656050s: no usable pages in manifest.,2026-07-17T20:27:35.669238
leconstitutionnel,bpt6k6560515,,failed,0,0,,no_usable_pages,known,,,bpt6k6560515: no usable pages in manifest.,2026-07-17T20:27:35.731949
leconstitutionnel,bpt6k656052j,,failed,0,0,,no_usable_pages,known,,,bpt6k656052j: no usable pages in manifest.,2026-07-17T20:27:35.817857
leconstitutionnel,bpt6k656053x,,failed,0,0,,no_usable_pages,known,,,bpt6k656053x: no usable pages in manifest.,2026-07-17T20:27:35.876244
leconstitutionnel,bpt6k6560549,,failed,0,0,,no_usable_pages,known,,,bpt6k6560549: no usable pages in manifest.,2026-07-17T20:27:35.932704
leconstitutionnel,bpt6k656055p,,failed,0,0,,no_usable_pages,known,,,bpt6k656055p: no usable pages in manifest.,2026-07-17T20:27:36.002876
leconstitutionnel,bpt6k6560562,,failed,0,0,,no_usable_pages,known,,,bpt6k6560562: no usable pages in manifest.,2026-07-17T20:27:36.097880
leconstitutionnel,bpt6k656057f,,failed,0,0,,no_usable_pages,known,,,bpt6k656057f: no usable pages in manifest.,2026-07-17T20:27:36.174636
leconstitutionnel,bpt6k656058t,,failed,0,0,,no_usable_pages,known,,,bpt6k656058t: no usable pages in manifest.,2026-07-17T20:27:36.250594
leconstitutionnel,bpt6k6560596,,failed,0,0,,no_usable_pages,known,,,bpt6k6560596: no usable pages in manifest.,2026-07-17T20:27:36.318868
leconstitutionnel,bpt6k6560604,,failed,0,0,,no_usable_pages,known,,,bpt6k6560604: no usable pages in manifest.,2026-07-17T20:27:36.412753
leconstitutionnel,bpt6k656061h,,failed,0,0,,no_usable_pages,known,,,bpt6k656061h: no usable pages in manifest.,2026-07-17T20:27:36.528692
leconstitutionnel,bpt6k656062w,,failed,0,0,,no_usable_pages,known,,,bpt6k656062w: no usable pages in manifest.,2026-07-17T20:27:36.645195
leconstitutionnel,bpt6k6560638,,failed,0,0,,no_usable_pages,known,,,bpt6k6560638: no usable pages in manifest.,2026-07-17T20:27:36.731722
leconstitutionnel,bpt6k656064n,,failed,0,0,,no_usable_pages,known,,,bpt6k656064n: no usable pages in manifest.,2026-07-17T20:27:36.823356
leconstitutionnel,bpt6k6560651,,failed,0,0,,no_usable_pages,known,,,bpt6k6560651: no usable pages in manifest.,2026-07-17T20:27:36.914407
leconstitutionnel,bpt6k656066d,,failed,0,0,,no_usable_pages,known,,,bpt6k656066d: no usable pages in manifest.,2026-07-17T20:27:37.010837
leconstitutionnel,bpt6k656067s,,failed,0,0,,no_usable_pages,known,,,bpt6k656067s: no usable pages in manifest.,2026-07-17T20:27:37.080601
leconstitutionnel,bpt6k6560685,,failed,0,0,,no_usable_pages,known,,,bpt6k6560685: no usable pages in manifest.,2026-07-17T20:27:37.195975
leconstitutionnel,bpt6k656069j,,failed,0,0,,no_usable_pages,known,,,bpt6k656069j: no usable pages in manifest.,2026-07-17T20:27:37.294398
leconstitutionnel,bpt6k656070g,,failed,0,0,,no_usable_pages,known,,,bpt6k656070g: no usable pages in manifest.,2026-07-17T20:27:37.372480
leconstitutionnel,bpt6k656071v,,failed,0,0,,no_usable_pages,known,,,bpt6k656071v: no usable pages in manifest.,2026-07-17T20:27:37.475585
leconstitutionnel,bpt6k6560727,,failed,0,0,,no_usable_pages,known,,,bpt6k6560727: no usable pages in manifest.,2026-07-17T20:27:37.538801
leconstitutionnel,bpt6k656073m,,failed,0,0,,no_usable_pages,known,,,bpt6k656073m: no usable pages in manifest.,2026-07-17T20:27:37.627983
leconstitutionnel,bpt6k6560740,,failed,0,0,,no_usable_pages,known,,,bpt6k6560740: no usable pages in manifest.,2026-07-17T20:27:37.726370
leconstitutionnel,bpt6k656075c,,failed,0,0,,no_usable_pages,known,,,bpt6k656075c: no usable pages in manifest.,2026-07-17T20:27:37.806000
leconstitutionnel,bpt6k656076r,,failed,0,0,,no_usable_pages,known,,,bpt6k656076r: no usable pages in manifest.,2026-07-17T20:27:38.167850
leconstitutionnel,bpt6k6560774,,failed,0,0,,no_usable_pages,known,,,bpt6k6560774: no usable pages in manifest.,2026-07-17T20:27:38.286296
leconstitutionnel,bpt6k656078h,,failed,0,0,,no_usable_pages,known,,,bpt6k656078h: no usable pages in manifest.,2026-07-17T20:27:38.365404
leconstitutionnel,bpt6k656079w,,failed,0,0,,no_usable_pages,known,,,bpt6k656079w: no usable pages in manifest.,2026-07-17T20:27:38.425483
leconstitutionnel,bpt6k656080t,,failed,0,0,,no_usable_pages,known,,,bpt6k656080t: no usable pages in manifest.,2026-07-17T20:27:38.498723
leconstitutionnel,bpt6k6560816,,failed,0,0,,no_usable_pages,known,,,bpt6k6560816: no usable pages in manifest.,2026-07-17T20:27:38.564347
leconstitutionnel,bpt6k656082k,,failed,0,0,,no_usable_pages,known,,,bpt6k656082k: no usable pages in manifest.,2026-07-17T20:27:38.678913
leconstitutionnel,bpt6k656083z,,failed,0,0,,no_usable_pages,known,,,bpt6k656083z: no usable pages in manifest.,2026-07-17T20:27:38.810323
leconstitutionnel,bpt6k656084b,,failed,0,0,,no_usable_pages,known,,,bpt6k656084b: no usable pages in manifest.,2026-07-17T20:27:38.876959
leconstitutionnel,bpt6k656085q,,failed,0,0,,no_usable_pages,known,,,bpt6k656085q: no usable pages in manifest.,2026-07-17T20:27:38.954236
leconstitutionnel,bpt6k6560863,,failed,0,0,,no_usable_pages,known,,,bpt6k6560863: no usable pages in manifest.,2026-07-17T20:27:39.032539
leconstitutionnel,bpt6k656087g,,failed,0,0,,no_usable_pages,known,,,bpt6k656087g: no usable pages in manifest.,2026-07-17T20:27:39.140487
leconstitutionnel,bpt6k656088v,,failed,0,0,,no_usable_pages,known,,,bpt6k656088v: no usable pages in manifest.,2026-07-17T20:27:39.225296
leconstitutionnel,bpt6k6560897,,failed,0,0,,no_usable_pages,known,,,bpt6k6560897: no usable pages in manifest.,2026-07-17T20:27:39.331026
leconstitutionnel,bpt6k6560905,,failed,0,0,,no_usable_pages,known,,,bpt6k6560905: no usable pages in manifest.,2026-07-17T20:27:39.409014
leconstitutionnel,bpt6k656091j,,failed,0,0,,no_usable_pages,known,,,bpt6k656091j: no usable pages in manifest.,2026-07-17T20:27:39.503890
leconstitutionnel,bpt6k656092x,,failed,0,0,,no_usable_pages,known,,,bpt6k656092x: no usable pages in manifest.,2026-07-17T20:27:39.598600
leconstitutionnel,bpt6k6560939,,failed,0,0,,no_usable_pages,known,,,bpt6k6560939: no usable pages in manifest.,2026-07-17T20:27:39.683406
leconstitutionnel,bpt6k656094p,,failed,0,0,,no_usable_pages,known,,,bpt6k656094p: no usable pages in manifest.,2026-07-17T20:27:39.809282
leconstitutionnel,bpt6k6560952,,failed,0,0,,no_usable_pages,known,,,bpt6k6560952: no usable pages in manifest.,2026-07-17T20:27:39.885106
leconstitutionnel,bpt6k656096f,,failed,0,0,,no_usable_pages,known,,,bpt6k656096f: no usable pages in manifest.,2026-07-17T20:27:40.003505
leconstitutionnel,bpt6k656097t,,failed,0,0,,no_usable_pages,known,,,bpt6k656097t: no usable pages in manifest.,2026-07-17T20:27:40.107396
leconstitutionnel,bpt6k6560986,,failed,0,0,,no_usable_pages,known,,,bpt6k6560986: no usable pages in manifest.,2026-07-17T20:27:40.226027
leconstitutionnel,bpt6k656099k,,failed,0,0,,no_usable_pages,known,,,bpt6k656099k: no usable pages in manifest.,2026-07-17T20:27:40.367498
leconstitutionnel,bpt6k656100c,,failed,0,0,,no_usable_pages,known,,,bpt6k656100c: no usable pages in manifest.,2026-07-17T20:27:40.466049
leconstitutionnel,bpt6k656101r,,failed,0,0,,no_usable_pages,known,,,bpt6k656101r: no usable pages in manifest.,2026-07-17T20:27:40.567675
leconstitutionnel,bpt6k6561024,,failed,0,0,,no_usable_pages,known,,,bpt6k6561024: no usable pages in manifest.,2026-07-17T20:27:40.666201
leconstitutionnel,bpt6k656103h,,failed,0,0,,no_usable_pages,known,,,bpt6k656103h: no usable pages in manifest.,2026-07-17T20:27:40.741513
leconstitutionnel,bpt6k656104w,,failed,0,0,,no_usable_pages,known,,,bpt6k656104w: no usable pages in manifest.,2026-07-17T20:27:40.867537
leconstitutionnel,bpt6k6561058,,failed,0,0,,no_usable_pages,known,,,bpt6k6561058: no usable pages in manifest.,2026-07-17T20:27:41.031721
leconstitutionnel,bpt6k656106n,,failed,0,0,,no_usable_pages,known,,,bpt6k656106n: no usable pages in manifest.,2026-07-17T20:27:41.108502
leconstitutionnel,bpt6k6561071,,failed,0,0,,no_usable_pages,known,,,bpt6k6561071: no usable pages in manifest.,2026-07-17T20:27:41.217065
leconstitutionnel,bpt6k656108d,,failed,0,0,,no_usable_pages,known,,,bpt6k656108d: no usable pages in manifest.,2026-07-17T20:27:41.314635
leconstitutionnel,bpt6k656109s,,failed,0,0,,no_usable_pages,known,,,bpt6k656109s: no usable pages in manifest.,2026-07-17T20:27:41.423634
leconstitutionnel,bpt6k656110q,,failed,0,0,,no_usable_pages,known,,,bpt6k656110q: no usable pages in manifest.,2026-07-17T20:27:41.482571
leconstitutionnel,bpt6k6561113,,failed,0,0,,no_usable_pages,known,,,bpt6k6561113: no usable pages in manifest.,2026-07-17T20:27:41.559215
leconstitutionnel,bpt6k656112g,,failed,0,0,,no_usable_pages,known,,,bpt6k656112g: no usable pages in manifest.,2026-07-17T20:27:41.645586
leconstitutionnel,bpt6k656113v,,failed,0,0,,no_usable_pages,known,,,bpt6k656113v: no usable pages in manifest.,2026-07-17T20:27:41.711232
leconstitutionnel,bpt6k6561147,,failed,0,0,,no_usable_pages,known,,,bpt6k6561147: no usable pages in manifest.,2026-07-17T20:27:41.770963
leconstitutionnel,bpt6k656115m,,failed,0,0,,no_usable_pages,known,,,bpt6k656115m: no usable pages in manifest.,2026-07-17T20:27:41.865515
leconstitutionnel,bpt6k6561160,,failed,0,0,,no_usable_pages,known,,,bpt6k6561160: no usable pages in manifest.,2026-07-17T20:27:41.954446
leconstitutionnel,bpt6k656117c,,failed,0,0,,no_usable_pages,known,,,bpt6k656117c: no usable pages in manifest.,2026-07-17T20:27:42.024969
leconstitutionnel,bpt6k656118r,,failed,0,0,,no_usable_pages,known,,,bpt6k656118r: no usable pages in manifest.,2026-07-17T20:27:42.143976
leconstitutionnel,bpt6k6561194,,failed,0,0,,no_usable_pages,known,,,bpt6k6561194: no usable pages in manifest.,2026-07-17T20:27:42.230350
leconstitutionnel,bpt6k6561202,,failed,0,0,,no_usable_pages,known,,,bpt6k6561202: no usable pages in manifest.,2026-07-17T20:27:42.307219
leconstitutionnel,bpt6k656121f,,failed,0,0,,no_usable_pages,known,,,bpt6k656121f: no usable pages in manifest.,2026-07-17T20:27:42.383629
leconstitutionnel,bpt6k656122t,,failed,0,0,,no_usable_pages,known,,,bpt6k656122t: no usable pages in manifest.,2026-07-17T20:27:42.773717
leconstitutionnel,bpt6k6561236,,failed,0,0,,no_usable_pages,known,,,bpt6k6561236: no usable pages in manifest.,2026-07-17T20:27:42.891736
leconstitutionnel,bpt6k656124k,,failed,0,0,,no_usable_pages,known,,,bpt6k656124k: no usable pages in manifest.,2026-07-17T20:27:43.013510
leconstitutionnel,bpt6k656125z,,failed,0,0,,no_usable_pages,known,,,bpt6k656125z: no usable pages in manifest.,2026-07-17T20:27:43.115032
leconstitutionnel,bpt6k656126b,,failed,0,0,,no_usable_pages,known,,,bpt6k656126b: no usable pages in manifest.,2026-07-17T20:27:43.195499
leconstitutionnel,bpt6k656127q,,failed,0,0,,no_usable_pages,known,,,bpt6k656127q: no usable pages in manifest.,2026-07-17T20:27:43.295333
leconstitutionnel,bpt6k6561283,,failed,0,0,,no_usable_pages,known,,,bpt6k6561283: no usable pages in manifest.,2026-07-17T20:27:43.396739
leconstitutionnel,bpt6k656129g,,failed,0,0,,no_usable_pages,known,,,bpt6k656129g: no usable pages in manifest.,2026-07-17T20:27:43.510728
leconstitutionnel,bpt6k656130d,,failed,0,0,,no_usable_pages,known,,,bpt6k656130d: no usable pages in manifest.,2026-07-17T20:27:43.614836
leconstitutionnel,bpt6k656131s,,failed,0,0,,no_usable_pages,known,,,bpt6k656131s: no usable pages in manifest.,2026-07-17T20:27:43.688574
leconstitutionnel,bpt6k6561325,,failed,0,0,,no_usable_pages,known,,,bpt6k6561325: no usable pages in manifest.,2026-07-17T20:27:43.781608
leconstitutionnel,bpt6k656133j,,failed,0,0,,no_usable_pages,known,,,bpt6k656133j: no usable pages in manifest.,2026-07-17T20:27:43.883848
leconstitutionnel,bpt6k656134x,,failed,0,0,,no_usable_pages,known,,,bpt6k656134x: no usable pages in manifest.,2026-07-17T20:27:43.985470
leconstitutionnel,bpt6k6561359,,failed,0,0,,no_usable_pages,known,,,bpt6k6561359: no usable pages in manifest.,2026-07-17T20:27:44.128117
leconstitutionnel,bpt6k656136p,,failed,0,0,,no_usable_pages,known,,,bpt6k656136p: no usable pages in manifest.,2026-07-17T20:27:44.226209
leconstitutionnel,bpt6k6561372,,failed,0,0,,no_usable_pages,known,,,bpt6k6561372: no usable pages in manifest.,2026-07-17T20:27:44.321951
leconstitutionnel,bpt6k656138f,,failed,0,0,,no_usable_pages,known,,,bpt6k656138f: no usable pages in manifest.,2026-07-17T20:27:44.409335
leconstitutionnel,bpt6k656139t,,failed,0,0,,no_usable_pages,known,,,bpt6k656139t: no usable pages in manifest.,2026-07-17T20:27:44.485547
leconstitutionnel,bpt6k656140r,,failed,0,0,,no_usable_pages,known,,,bpt6k656140r: no usable pages in manifest.,2026-07-17T20:27:44.581010
leconstitutionnel,bpt6k6561414,,failed,0,0,,no_usable_pages,known,,,bpt6k6561414: no usable pages in manifest.,2026-07-17T20:27:44.672444
leconstitutionnel,bpt6k656142h,,failed,0,0,,no_usable_pages,known,,,bpt6k656142h: no usable pages in manifest.,2026-07-17T20:27:44.738278
leconstitutionnel,bpt6k656143w,,failed,0,0,,no_usable_pages,known,,,bpt6k656143w: no usable pages in manifest.,2026-07-17T20:27:44.844226
leconstitutionnel,bpt6k6561448,,failed,0,0,,no_usable_pages,known,,,bpt6k6561448: no usable pages in manifest.,2026-07-17T20:27:44.914414
leconstitutionnel,bpt6k656145n,,failed,0,0,,no_usable_pages,known,,,bpt6k656145n: no usable pages in manifest.,2026-07-17T20:27:45.014797
leconstitutionnel,bpt6k6561461,,failed,0,0,,no_usable_pages,known,,,bpt6k6561461: no usable pages in manifest.,2026-07-17T20:27:45.210604
leconstitutionnel,bpt6k656147d,,failed,0,0,,no_usable_pages,known,,,bpt6k656147d: no usable pages in manifest.,2026-07-17T20:27:45.299006
leconstitutionnel,bpt6k656148s,,failed,0,0,,no_usable_pages,known,,,bpt6k656148s: no usable pages in manifest.,2026-07-17T20:27:45.402040
leconstitutionnel,bpt6k6561495,,failed,0,0,,no_usable_pages,known,,,bpt6k6561495: no usable pages in manifest.,2026-07-17T20:27:45.509580
leconstitutionnel,bpt6k6561503,,failed,0,0,,no_usable_pages,known,,,bpt6k6561503: no usable pages in manifest.,2026-07-17T20:27:45.674061
leconstitutionnel,bpt6k656151g,,failed,0,0,,no_usable_pages,known,,,bpt6k656151g: no usable pages in manifest.,2026-07-17T20:27:45.786432
leconstitutionnel,bpt6k656152v,,failed,0,0,,no_usable_pages,known,,,bpt6k656152v: no usable pages in manifest.,2026-07-17T20:27:45.916324
leconstitutionnel,bpt6k6561537,,failed,0,0,,no_usable_pages,known,,,bpt6k6561537: no usable pages in manifest.,2026-07-17T20:27:46.034068
leconstitutionnel,bpt6k656154m,,failed,0,0,,no_usable_pages,known,,,bpt6k656154m: no usable pages in manifest.,2026-07-17T20:27:46.153660
leconstitutionnel,bpt6k6561550,,failed,0,0,,no_usable_pages,known,,,bpt6k6561550: no usable pages in manifest.,2026-07-17T20:27:46.237770
leconstitutionnel,bpt6k656156c,,failed,0,0,,no_usable_pages,known,,,bpt6k656156c: no usable pages in manifest.,2026-07-17T20:27:46.302097
leconstitutionnel,bpt6k656157r,,failed,0,0,,no_usable_pages,known,,,bpt6k656157r: no usable pages in manifest.,2026-07-17T20:27:46.398981
leconstitutionnel,bpt6k6561584,,failed,0,0,,no_usable_pages,known,,,bpt6k6561584: no usable pages in manifest.,2026-07-17T20:27:46.485029
leconstitutionnel,bpt6k656159h,,failed,0,0,,no_usable_pages,known,,,bpt6k656159h: no usable pages in manifest.,2026-07-17T20:27:46.569177
leconstitutionnel,bpt6k656160f,,failed,0,0,,no_usable_pages,known,,,bpt6k656160f: no usable pages in manifest.,2026-07-17T20:27:46.772218
leconstitutionnel,bpt6k656161t,,failed,0,0,,no_usable_pages,known,,,bpt6k656161t: no usable pages in manifest.,2026-07-17T20:27:46.911902
leconstitutionnel,bpt6k6561626,,failed,0,0,,no_usable_pages,known,,,bpt6k6561626: no usable pages in manifest.,2026-07-17T20:27:47.014032
leconstitutionnel,bpt6k656163k,,failed,0,0,,no_usable_pages,known,,,bpt6k656163k: no usable pages in manifest.,2026-07-17T20:27:47.091757
leconstitutionnel,bpt6k656164z,,failed,0,0,,no_usable_pages,known,,,bpt6k656164z: no usable pages in manifest.,2026-07-17T20:27:47.248827
leconstitutionnel,bpt6k656165b,,failed,0,0,,no_usable_pages,known,,,bpt6k656165b: no usable pages in manifest.,2026-07-17T20:27:47.475737
leconstitutionnel,bpt6k656166q,,failed,0,0,,no_usable_pages,known,,,bpt6k656166q: no usable pages in manifest.,2026-07-17T20:27:47.575643
leconstitutionnel,bpt6k6561673,,failed,0,0,,no_usable_pages,known,,,bpt6k6561673: no usable pages in manifest.,2026-07-17T20:27:47.706090
leconstitutionnel,bpt6k656168g,,failed,0,0,,no_usable_pages,known,,,bpt6k656168g: no usable pages in manifest.,2026-07-17T20:27:47.803255
leconstitutionnel,bpt6k656169v,,failed,0,0,,no_usable_pages,known,,,bpt6k656169v: no usable pages in manifest.,2026-07-17T20:27:47.861257
leconstitutionnel,bpt6k656170s,,failed,0,0,,no_usable_pages,known,,,bpt6k656170s: no usable pages in manifest.,2026-07-17T20:27:47.992432
leconstitutionnel,bpt6k6561715,,failed,0,0,,no_usable_pages,known,,,bpt6k6561715: no usable pages in manifest.,2026-07-17T20:27:48.159524
leconstitutionnel,bpt6k656172j,,failed,0,0,,no_usable_pages,known,,,bpt6k656172j: no usable pages in manifest.,2026-07-17T20:27:48.234160
leconstitutionnel,bpt6k656173x,,failed,0,0,,no_usable_pages,known,,,bpt6k656173x: no usable pages in manifest.,2026-07-17T20:27:48.311366
leconstitutionnel,bpt6k6561749,,failed,0,0,,no_usable_pages,known,,,bpt6k6561749: no usable pages in manifest.,2026-07-17T20:27:48.417115
leconstitutionnel,bpt6k656175p,,failed,0,0,,no_usable_pages,known,,,bpt6k656175p: no usable pages in manifest.,2026-07-17T20:27:48.548761
leconstitutionnel,bpt6k6561762,,failed,0,0,,no_usable_pages,known,,,bpt6k6561762: no usable pages in manifest.,2026-07-17T20:27:48.612414
leconstitutionnel,bpt6k656177f,,failed,0,0,,no_usable_pages,known,,,bpt6k656177f: no usable pages in manifest.,2026-07-17T20:27:48.706516
leconstitutionnel,bpt6k656178t,,failed,0,0,,no_usable_pages,known,,,bpt6k656178t: no usable pages in manifest.,2026-07-17T20:27:48.844922
leconstitutionnel,bpt6k6561796,,failed,0,0,,no_usable_pages,known,,,bpt6k6561796: no usable pages in manifest.,2026-07-17T20:27:49.038874
leconstitutionnel,bpt6k6561804,,failed,0,0,,no_usable_pages,known,,,bpt6k6561804: no usable pages in manifest.,2026-07-17T20:27:49.181255
leconstitutionnel,bpt6k656181h,,failed,0,0,,no_usable_pages,known,,,bpt6k656181h: no usable pages in manifest.,2026-07-17T20:27:49.347576
leconstitutionnel,bpt6k656182w,,failed,0,0,,no_usable_pages,known,,,bpt6k656182w: no usable pages in manifest.,2026-07-17T20:27:49.457117
leconstitutionnel,bpt6k6561838,,failed,0,0,,no_usable_pages,known,,,bpt6k6561838: no usable pages in manifest.,2026-07-17T20:27:49.548116
leconstitutionnel,bpt6k656184n,,failed,0,0,,no_usable_pages,known,,,bpt6k656184n: no usable pages in manifest.,2026-07-17T20:27:49.675255
leconstitutionnel,bpt6k6561851,,failed,0,0,,no_usable_pages,known,,,bpt6k6561851: no usable pages in manifest.,2026-07-17T20:27:49.766318
leconstitutionnel,bpt6k656186d,,failed,0,0,,no_usable_pages,known,,,bpt6k656186d: no usable pages in manifest.,2026-07-17T20:27:49.837702
leconstitutionnel,bpt6k656187s,,failed,0,0,,no_usable_pages,known,,,bpt6k656187s: no usable pages in manifest.,2026-07-17T20:27:49.907953
leconstitutionnel,bpt6k6561885,,failed,0,0,,no_usable_pages,known,,,bpt6k6561885: no usable pages in manifest.,2026-07-17T20:27:49.964286
leconstitutionnel,bpt6k656189j,,failed,0,0,,no_usable_pages,known,,,bpt6k656189j: no usable pages in manifest.,2026-07-17T20:27:50.068815
leconstitutionnel,bpt6k656190g,,failed,0,0,,no_usable_pages,known,,,bpt6k656190g: no usable pages in manifest.,2026-07-17T20:27:50.160877
leconstitutionnel,bpt6k656191v,,failed,0,0,,no_usable_pages,known,,,bpt6k656191v: no usable pages in manifest.,2026-07-17T20:27:50.244874
leconstitutionnel,bpt6k6561927,,failed,0,0,,no_usable_pages,known,,,bpt6k6561927: no usable pages in manifest.,2026-07-17T20:27:50.341897
leconstitutionnel,bpt6k656193m,,failed,0,0,,no_usable_pages,known,,,bpt6k656193m: no usable pages in manifest.,2026-07-17T20:27:50.448539
leconstitutionnel,bpt6k6561940,,failed,0,0,,no_usable_pages,known,,,bpt6k6561940: no usable pages in manifest.,2026-07-17T20:27:50.605619
leconstitutionnel,bpt6k656195c,,failed,0,0,,no_usable_pages,known,,,bpt6k656195c: no usable pages in manifest.,2026-07-17T20:27:50.743176
leconstitutionnel,bpt6k656196r,,failed,0,0,,no_usable_pages,known,,,bpt6k656196r: no usable pages in manifest.,2026-07-17T20:27:51.013353
leconstitutionnel,bpt6k6561974,,failed,0,0,,no_usable_pages,known,,,bpt6k6561974: no usable pages in manifest.,2026-07-17T20:27:51.090639
leconstitutionnel,bpt6k656198h,,failed,0,0,,no_usable_pages,known,,,bpt6k656198h: no usable pages in manifest.,2026-07-17T20:27:51.182980
leconstitutionnel,bpt6k656199w,,failed,0,0,,no_usable_pages,known,,,bpt6k656199w: no usable pages in manifest.,2026-07-17T20:27:51.291039
leconstitutionnel,bpt6k656200p,,failed,0,0,,no_usable_pages,known,,,bpt6k656200p: no usable pages in manifest.,2026-07-17T20:27:51.399570
leconstitutionnel,bpt6k6562012,,failed,0,0,,no_usable_pages,known,,,bpt6k6562012: no usable pages in manifest.,2026-07-17T20:27:51.497387
leconstitutionnel,bpt6k656202f,,failed,0,0,,no_usable_pages,known,,,bpt6k656202f: no usable pages in manifest.,2026-07-17T20:27:51.578629
leconstitutionnel,bpt6k656203t,,failed,0,0,,no_usable_pages,known,,,bpt6k656203t: no usable pages in manifest.,2026-07-17T20:27:51.689364
leconstitutionnel,bpt6k6562046,,failed,0,0,,no_usable_pages,known,,,bpt6k6562046: no usable pages in manifest.,2026-07-17T20:27:51.766344
leconstitutionnel,bpt6k656205k,,failed,0,0,,no_usable_pages,known,,,bpt6k656205k: no usable pages in manifest.,2026-07-17T20:27:51.844386
leconstitutionnel,bpt6k656206z,,failed,0,0,,no_usable_pages,known,,,bpt6k656206z: no usable pages in manifest.,2026-07-17T20:27:51.928959
leconstitutionnel,bpt6k656207b,,failed,0,0,,no_usable_pages,known,,,bpt6k656207b: no usable pages in manifest.,2026-07-17T20:27:52.002174
leconstitutionnel,bpt6k656208q,,failed,0,0,,no_usable_pages,known,,,bpt6k656208q: no usable pages in manifest.,2026-07-17T20:27:52.102373
leconstitutionnel,bpt6k6562093,,failed,0,0,,no_usable_pages,known,,,bpt6k6562093: no usable pages in manifest.,2026-07-17T20:27:52.205765
leconstitutionnel,bpt6k6562101,,failed,0,0,,no_usable_pages,known,,,bpt6k6562101: no usable pages in manifest.,2026-07-17T20:27:52.285597
leconstitutionnel,bpt6k656211d,,failed,0,0,,no_usable_pages,known,,,bpt6k656211d: no usable pages in manifest.,2026-07-17T20:27:52.370038
leconstitutionnel,bpt6k656212s,,failed,0,0,,no_usable_pages,known,,,bpt6k656212s: no usable pages in manifest.,2026-07-17T20:27:52.572043
leconstitutionnel,bpt6k6562135,,failed,0,0,,no_usable_pages,known,,,bpt6k6562135: no usable pages in manifest.,2026-07-17T20:27:52.668546
leconstitutionnel,bpt6k656214j,,failed,0,0,,no_usable_pages,known,,,bpt6k656214j: no usable pages in manifest.,2026-07-17T20:27:52.733407
leconstitutionnel,bpt6k656215x,,failed,0,0,,no_usable_pages,known,,,bpt6k656215x: no usable pages in manifest.,2026-07-17T20:27:52.847325
leconstitutionnel,bpt6k6562169,,failed,0,0,,no_usable_pages,known,,,bpt6k6562169: no usable pages in manifest.,2026-07-17T20:27:52.948448
leconstitutionnel,bpt6k656217p,,failed,0,0,,no_usable_pages,known,,,bpt6k656217p: no usable pages in manifest.,2026-07-17T20:27:53.030596
leconstitutionnel,bpt6k6562182,,failed,0,0,,no_usable_pages,known,,,bpt6k6562182: no usable pages in manifest.,2026-07-17T20:27:53.136626
leconstitutionnel,bpt6k656219f,,failed,0,0,,no_usable_pages,known,,,bpt6k656219f: no usable pages in manifest.,2026-07-17T20:27:53.235084
leconstitutionnel,bpt6k656220c,,failed,0,0,,no_usable_pages,known,,,bpt6k656220c: no usable pages in manifest.,2026-07-17T20:27:53.316850
leconstitutionnel,bpt6k656221r,,failed,0,0,,no_usable_pages,known,,,bpt6k656221r: no usable pages in manifest.,2026-07-17T20:27:53.411829
leconstitutionnel,bpt6k6562224,,failed,0,0,,no_usable_pages,known,,,bpt6k6562224: no usable pages in manifest.,2026-07-17T20:27:53.525849
leconstitutionnel,bpt6k656223h,,failed,0,0,,no_usable_pages,known,,,bpt6k656223h: no usable pages in manifest.,2026-07-17T20:27:53.593569
leconstitutionnel,bpt6k656224w,,failed,0,0,,no_usable_pages,known,,,bpt6k656224w: no usable pages in manifest.,2026-07-17T20:27:53.684600
leconstitutionnel,bpt6k6562258,,failed,0,0,,no_usable_pages,known,,,bpt6k6562258: no usable pages in manifest.,2026-07-17T20:27:53.764989
leconstitutionnel,bpt6k656226n,,failed,0,0,,no_usable_pages,known,,,bpt6k656226n: no usable pages in manifest.,2026-07-17T20:27:53.842273
leconstitutionnel,bpt6k6562271,,failed,0,0,,no_usable_pages,known,,,bpt6k6562271: no usable pages in manifest.,2026-07-17T20:27:53.929896
leconstitutionnel,bpt6k656228d,,failed,0,0,,no_usable_pages,known,,,bpt6k656228d: no usable pages in manifest.,2026-07-17T20:27:54.016357
leconstitutionnel,bpt6k656229s,,failed,0,0,,no_usable_pages,known,,,bpt6k656229s: no usable pages in manifest.,2026-07-17T20:27:54.112121
leconstitutionnel,bpt6k656230q,,failed,0,0,,no_usable_pages,known,,,bpt6k656230q: no usable pages in manifest.,2026-07-17T20:27:54.246380
leconstitutionnel,bpt6k6562313,,failed,0,0,,no_usable_pages,known,,,bpt6k6562313: no usable pages in manifest.,2026-07-17T20:27:54.351332
leconstitutionnel,bpt6k656232g,,failed,0,0,,no_usable_pages,known,,,bpt6k656232g: no usable pages in manifest.,2026-07-17T20:27:54.412739
leconstitutionnel,bpt6k656233v,,failed,0,0,,no_usable_pages,known,,,bpt6k656233v: no usable pages in manifest.,2026-07-17T20:27:54.480589
leconstitutionnel,bpt6k6562347,,failed,0,0,,no_usable_pages,known,,,bpt6k6562347: no usable pages in manifest.,2026-07-17T20:27:54.604872
leconstitutionnel,bpt6k656235m,,failed,0,0,,no_usable_pages,known,,,bpt6k656235m: no usable pages in manifest.,2026-07-17T20:27:54.687779
leconstitutionnel,bpt6k6562360,,failed,0,0,,no_usable_pages,known,,,bpt6k6562360: no usable pages in manifest.,2026-07-17T20:27:54.755392
leconstitutionnel,bpt6k656237c,,failed,0,0,,no_usable_pages,known,,,bpt6k656237c: no usable pages in manifest.,2026-07-17T20:27:54.841941
leconstitutionnel,bpt6k656238r,,failed,0,0,,no_usable_pages,known,,,bpt6k656238r: no usable pages in manifest.,2026-07-17T20:27:54.918180
leconstitutionnel,bpt6k6562394,,failed,0,0,,no_usable_pages,known,,,bpt6k6562394: no usable pages in manifest.,2026-07-17T20:27:55.004905
leconstitutionnel,bpt6k6562402,,failed,0,0,,no_usable_pages,known,,,bpt6k6562402: no usable pages in manifest.,2026-07-17T20:27:55.077623
leconstitutionnel,bpt6k656241f,,failed,0,0,,no_usable_pages,known,,,bpt6k656241f: no usable pages in manifest.,2026-07-17T20:27:55.148196
leconstitutionnel,bpt6k656242t,,failed,0,0,,no_usable_pages,known,,,bpt6k656242t: no usable pages in manifest.,2026-07-17T20:27:55.236060
leconstitutionnel,bpt6k6562436,,failed,0,0,,no_usable_pages,known,,,bpt6k6562436: no usable pages in manifest.,2026-07-17T20:27:55.305333
leconstitutionnel,bpt6k656244k,,failed,0,0,,no_usable_pages,known,,,bpt6k656244k: no usable pages in manifest.,2026-07-17T20:27:55.386999
leconstitutionnel,bpt6k656245z,,failed,0,0,,no_usable_pages,known,,,bpt6k656245z: no usable pages in manifest.,2026-07-17T20:27:55.453383
leconstitutionnel,bpt6k656246b,,failed,0,0,,no_usable_pages,known,,,bpt6k656246b: no usable pages in manifest.,2026-07-17T20:27:55.623001
leconstitutionnel,bpt6k656247q,,failed,0,0,,no_usable_pages,known,,,bpt6k656247q: no usable pages in manifest.,2026-07-17T20:27:55.769990
leconstitutionnel,bpt6k6562483,,failed,0,0,,no_usable_pages,known,,,bpt6k6562483: no usable pages in manifest.,2026-07-17T20:27:55.868280
leconstitutionnel,bpt6k656249g,,failed,0,0,,no_usable_pages,known,,,bpt6k656249g: no usable pages in manifest.,2026-07-17T20:27:55.944690
leconstitutionnel,bpt6k656250d,,failed,0,0,,no_usable_pages,known,,,bpt6k656250d: no usable pages in manifest.,2026-07-17T20:27:56.047956
leconstitutionnel,bpt6k656251s,,failed,0,0,,no_usable_pages,known,,,bpt6k656251s: no usable pages in manifest.,2026-07-17T20:27:56.114629
leconstitutionnel,bpt6k6562525,,failed,0,0,,no_usable_pages,known,,,bpt6k6562525: no usable pages in manifest.,2026-07-17T20:27:56.208472
leconstitutionnel,bpt6k656253j,,failed,0,0,,no_usable_pages,known,,,bpt6k656253j: no usable pages in manifest.,2026-07-17T20:27:56.304357
leconstitutionnel,bpt6k656254x,,failed,0,0,,no_usable_pages,known,,,bpt6k656254x: no usable pages in manifest.,2026-07-17T20:27:56.401548
leconstitutionnel,bpt6k6562559,,failed,0,0,,no_usable_pages,known,,,bpt6k6562559: no usable pages in manifest.,2026-07-17T20:27:56.480660
leconstitutionnel,bpt6k656256p,,failed,0,0,,no_usable_pages,known,,,bpt6k656256p: no usable pages in manifest.,2026-07-17T20:27:56.565905
leconstitutionnel,bpt6k6562572,,failed,0,0,,no_usable_pages,known,,,bpt6k6562572: no usable pages in manifest.,2026-07-17T20:27:56.632385
leconstitutionnel,bpt6k656258f,,failed,0,0,,no_usable_pages,known,,,bpt6k656258f: no usable pages in manifest.,2026-07-17T20:27:56.741058
leconstitutionnel,bpt6k656259t,,failed,0,0,,no_usable_pages,known,,,bpt6k656259t: no usable pages in manifest.,2026-07-17T20:27:56.819541
leconstitutionnel,bpt6k656260r,,failed,0,0,,no_usable_pages,known,,,bpt6k656260r: no usable pages in manifest.,2026-07-17T20:27:56.896564
leconstitutionnel,bpt6k6562614,,failed,0,0,,no_usable_pages,known,,,bpt6k6562614: no usable pages in manifest.,2026-07-17T20:27:57.012672
leconstitutionnel,bpt6k656262h,,failed,0,0,,no_usable_pages,known,,,bpt6k656262h: no usable pages in manifest.,2026-07-17T20:27:57.139865
leconstitutionnel,bpt6k656263w,,failed,0,0,,no_usable_pages,known,,,bpt6k656263w: no usable pages in manifest.,2026-07-17T20:27:57.241270
leconstitutionnel,bpt6k6562648,,failed,0,0,,no_usable_pages,known,,,bpt6k6562648: no usable pages in manifest.,2026-07-17T20:27:57.346517
leconstitutionnel,bpt6k656265n,,failed,0,0,,no_usable_pages,known,,,bpt6k656265n: no usable pages in manifest.,2026-07-17T20:27:57.460570
leconstitutionnel,bpt6k6562661,,failed,0,0,,no_usable_pages,known,,,bpt6k6562661: no usable pages in manifest.,2026-07-17T20:27:57.538618
leconstitutionnel,bpt6k656267d,,failed,0,0,,no_usable_pages,known,,,bpt6k656267d: no usable pages in manifest.,2026-07-17T20:27:57.623193
leconstitutionnel,bpt6k656268s,,failed,0,0,,no_usable_pages,known,,,bpt6k656268s: no usable pages in manifest.,2026-07-17T20:27:57.719069
leconstitutionnel,bpt6k6562695,,failed,0,0,,no_usable_pages,known,,,bpt6k6562695: no usable pages in manifest.,2026-07-17T20:27:57.809207
leconstitutionnel,bpt6k6562703,,failed,0,0,,no_usable_pages,known,,,bpt6k6562703: no usable pages in manifest.,2026-07-17T20:27:57.905922
leconstitutionnel,bpt6k656271g,,failed,0,0,,no_usable_pages,known,,,bpt6k656271g: no usable pages in manifest.,2026-07-17T20:27:58.003842
leconstitutionnel,bpt6k656272v,,failed,0,0,,no_usable_pages,known,,,bpt6k656272v: no usable pages in manifest.,2026-07-17T20:27:58.090769
leconstitutionnel,bpt6k6562737,,failed,0,0,,no_usable_pages,known,,,bpt6k6562737: no usable pages in manifest.,2026-07-17T20:27:58.216531
leconstitutionnel,bpt6k656274m,,failed,0,0,,no_usable_pages,known,,,bpt6k656274m: no usable pages in manifest.,2026-07-17T20:27:58.334892
leconstitutionnel,bpt6k6562750,,failed,0,0,,no_usable_pages,known,,,bpt6k6562750: no usable pages in manifest.,2026-07-17T20:27:58.429265
leconstitutionnel,bpt6k656276c,,failed,0,0,,no_usable_pages,known,,,bpt6k656276c: no usable pages in manifest.,2026-07-17T20:27:58.583356
leconstitutionnel,bpt6k656277r,,failed,0,0,,no_usable_pages,known,,,bpt6k656277r: no usable pages in manifest.,2026-07-17T20:27:58.674300
leconstitutionnel,bpt6k6562784,,failed,0,0,,no_usable_pages,known,,,bpt6k6562784: no usable pages in manifest.,2026-07-17T20:27:58.782031
leconstitutionnel,bpt6k656279h,,failed,0,0,,no_usable_pages,known,,,bpt6k656279h: no usable pages in manifest.,2026-07-17T20:27:58.915862
leconstitutionnel,bpt6k656280f,,failed,0,0,,no_usable_pages,known,,,bpt6k656280f: no usable pages in manifest.,2026-07-17T20:27:58.973240
leconstitutionnel,bpt6k656281t,,failed,0,0,,no_usable_pages,known,,,bpt6k656281t: no usable pages in manifest.,2026-07-17T20:27:59.035845
leconstitutionnel,bpt6k6562826,,failed,0,0,,no_usable_pages,known,,,bpt6k6562826: no usable pages in manifest.,2026-07-17T20:27:59.109961
leconstitutionnel,bpt6k656283k,,failed,0,0,,no_usable_pages,known,,,bpt6k656283k: no usable pages in manifest.,2026-07-17T20:27:59.206066
leconstitutionnel,bpt6k656284z,,failed,0,0,,no_usable_pages,known,,,bpt6k656284z: no usable pages in manifest.,2026-07-17T20:27:59.311622
leconstitutionnel,bpt6k656285b,,failed,0,0,,no_usable_pages,known,,,bpt6k656285b: no usable pages in manifest.,2026-07-17T20:27:59.421300
leconstitutionnel,bpt6k656286q,,failed,0,0,,no_usable_pages,known,,,bpt6k656286q: no usable pages in manifest.,2026-07-17T20:27:59.487054
leconstitutionnel,bpt6k6562873,,failed,0,0,,no_usable_pages,known,,,bpt6k6562873: no usable pages in manifest.,2026-07-17T20:27:59.613223
leconstitutionnel,bpt6k656288g,,failed,0,0,,no_usable_pages,known,,,bpt6k656288g: no usable pages in manifest.,2026-07-17T20:27:59.684580
leconstitutionnel,bpt6k656289v,,failed,0,0,,no_usable_pages,known,,,bpt6k656289v: no usable pages in manifest.,2026-07-17T20:27:59.771674
leconstitutionnel,bpt6k656290s,,failed,0,0,,no_usable_pages,known,,,bpt6k656290s: no usable pages in manifest.,2026-07-17T20:27:59.846825
leconstitutionnel,bpt6k6562915,,failed,0,0,,no_usable_pages,known,,,bpt6k6562915: no usable pages in manifest.,2026-07-17T20:28:00.016731
leconstitutionnel,bpt6k656292j,,failed,0,0,,no_usable_pages,known,,,bpt6k656292j: no usable pages in manifest.,2026-07-17T20:28:00.207036
leconstitutionnel,bpt6k656293x,,failed,0,0,,no_usable_pages,known,,,bpt6k656293x: no usable pages in manifest.,2026-07-17T20:28:00.305611
leconstitutionnel,bpt6k6562949,,failed,0,0,,no_usable_pages,known,,,bpt6k6562949: no usable pages in manifest.,2026-07-17T20:28:00.446673
leconstitutionnel,bpt6k656295p,,failed,0,0,,no_usable_pages,known,,,bpt6k656295p: no usable pages in manifest.,2026-07-17T20:28:00.550347
leconstitutionnel,bpt6k6562962,,failed,0,0,,no_usable_pages,known,,,bpt6k6562962: no usable pages in manifest.,2026-07-17T20:28:00.669517
leconstitutionnel,bpt6k656297f,,failed,0,0,,no_usable_pages,known,,,bpt6k656297f: no usable pages in manifest.,2026-07-17T20:28:00.750855
leconstitutionnel,bpt6k656298t,,failed,0,0,,no_usable_pages,known,,,bpt6k656298t: no usable pages in manifest.,2026-07-17T20:28:00.846041
leconstitutionnel,bpt6k6562996,,failed,0,0,,no_usable_pages,known,,,bpt6k6562996: no usable pages in manifest.,2026-07-17T20:28:00.960019
leconstitutionnel,bpt6k6563000,,failed,0,0,,no_usable_pages,known,,,bpt6k6563000: no usable pages in manifest.,2026-07-17T20:28:01.042850
leconstitutionnel,bpt6k656301c,,failed,0,0,,no_usable_pages,known,,,bpt6k656301c: no usable pages in manifest.,2026-07-17T20:28:01.145243
leconstitutionnel,bpt6k656302r,,failed,0,0,,no_usable_pages,known,,,bpt6k656302r: no usable pages in manifest.,2026-07-17T20:28:01.233883
leconstitutionnel,bpt6k6563034,,failed,0,0,,no_usable_pages,known,,,bpt6k6563034: no usable pages in manifest.,2026-07-17T20:28:01.309195
leconstitutionnel,bpt6k656304h,,failed,0,0,,no_usable_pages,known,,,bpt6k656304h: no usable pages in manifest.,2026-07-17T20:28:01.390611
leconstitutionnel,bpt6k656305w,,failed,0,0,,no_usable_pages,known,,,bpt6k656305w: no usable pages in manifest.,2026-07-17T20:28:01.498175
leconstitutionnel,bpt6k6563068,,failed,0,0,,no_usable_pages,known,,,bpt6k6563068: no usable pages in manifest.,2026-07-17T20:28:01.575894
leconstitutionnel,bpt6k656307n,,failed,0,0,,no_usable_pages,known,,,bpt6k656307n: no usable pages in manifest.,2026-07-17T20:28:01.682265
leconstitutionnel,bpt6k6563081,,failed,0,0,,no_usable_pages,known,,,bpt6k6563081: no usable pages in manifest.,2026-07-17T20:28:01.738378
leconstitutionnel,bpt6k656309d,,failed,0,0,,no_usable_pages,known,,,bpt6k656309d: no usable pages in manifest.,2026-07-17T20:28:01.813818
leconstitutionnel,bpt6k656310b,,failed,0,0,,no_usable_pages,known,,,bpt6k656310b: no usable pages in manifest.,2026-07-17T20:28:01.967601
leconstitutionnel,bpt6k656311q,,failed,0,0,,no_usable_pages,known,,,bpt6k656311q: no usable pages in manifest.,2026-07-17T20:28:02.088863
leconstitutionnel,bpt6k6563123,,failed,0,0,,no_usable_pages,known,,,bpt6k6563123: no usable pages in manifest.,2026-07-17T20:28:02.168951
leconstitutionnel,bpt6k656313g,,failed,0,0,,no_usable_pages,known,,,bpt6k656313g: no usable pages in manifest.,2026-07-17T20:28:02.239657
leconstitutionnel,bpt6k656314v,,failed,0,0,,no_usable_pages,known,,,bpt6k656314v: no usable pages in manifest.,2026-07-17T20:28:02.330439
leconstitutionnel,bpt6k6563157,,failed,0,0,,no_usable_pages,known,,,bpt6k6563157: no usable pages in manifest.,2026-07-17T20:28:02.406576
leconstitutionnel,bpt6k656316m,,failed,0,0,,no_usable_pages,known,,,bpt6k656316m: no usable pages in manifest.,2026-07-17T20:28:02.519420
leconstitutionnel,bpt6k6563170,,failed,0,0,,no_usable_pages,known,,,bpt6k6563170: no usable pages in manifest.,2026-07-17T20:28:02.609834
leconstitutionnel,bpt6k656318c,,failed,0,0,,no_usable_pages,known,,,bpt6k656318c: no usable pages in manifest.,2026-07-17T20:28:02.724468
leconstitutionnel,bpt6k656319r,,failed,0,0,,no_usable_pages,known,,,bpt6k656319r: no usable pages in manifest.,2026-07-17T20:28:02.802881
leconstitutionnel,bpt6k656320p,,failed,0,0,,no_usable_pages,known,,,bpt6k656320p: no usable pages in manifest.,2026-07-17T20:28:02.881823
leconstitutionnel,bpt6k6563212,,failed,0,0,,no_usable_pages,known,,,bpt6k6563212: no usable pages in manifest.,2026-07-17T20:28:02.947043
leconstitutionnel,bpt6k656322f,,failed,0,0,,no_usable_pages,known,,,bpt6k656322f: no usable pages in manifest.,2026-07-17T20:28:03.024363
leconstitutionnel,bpt6k656323t,,failed,0,0,,no_usable_pages,known,,,bpt6k656323t: no usable pages in manifest.,2026-07-17T20:28:03.149471
leconstitutionnel,bpt6k6563246,,failed,0,0,,no_usable_pages,known,,,bpt6k6563246: no usable pages in manifest.,2026-07-17T20:28:03.261868
leconstitutionnel,bpt6k656325k,,failed,0,0,,no_usable_pages,known,,,bpt6k656325k: no usable pages in manifest.,2026-07-17T20:28:03.428120
leconstitutionnel,bpt6k656326z,,failed,0,0,,no_usable_pages,known,,,bpt6k656326z: no usable pages in manifest.,2026-07-17T20:28:03.526158
leconstitutionnel,bpt6k656327b,,failed,0,0,,no_usable_pages,known,,,bpt6k656327b: no usable pages in manifest.,2026-07-17T20:28:03.632663
leconstitutionnel,bpt6k656328q,,failed,0,0,,no_usable_pages,known,,,bpt6k656328q: no usable pages in manifest.,2026-07-17T20:28:03.706621
leconstitutionnel,bpt6k6563293,,failed,0,0,,no_usable_pages,known,,,bpt6k6563293: no usable pages in manifest.,2026-07-17T20:28:03.843651
leconstitutionnel,bpt6k6563301,,failed,0,0,,no_usable_pages,known,,,bpt6k6563301: no usable pages in manifest.,2026-07-17T20:28:03.942402
leconstitutionnel,bpt6k656331d,,failed,0,0,,no_usable_pages,known,,,bpt6k656331d: no usable pages in manifest.,2026-07-17T20:28:04.024668
leconstitutionnel,bpt6k656332s,,failed,0,0,,no_usable_pages,known,,,bpt6k656332s: no usable pages in manifest.,2026-07-17T20:28:04.138728
leconstitutionnel,bpt6k6563335,,failed,0,0,,no_usable_pages,known,,,bpt6k6563335: no usable pages in manifest.,2026-07-17T20:28:04.220676
leconstitutionnel,bpt6k656334j,,failed,0,0,,no_usable_pages,known,,,bpt6k656334j: no usable pages in manifest.,2026-07-17T20:28:04.346538
leconstitutionnel,bpt6k656335x,,failed,0,0,,no_usable_pages,known,,,bpt6k656335x: no usable pages in manifest.,2026-07-17T20:28:04.416077
leconstitutionnel,bpt6k6563369,,failed,0,0,,no_usable_pages,known,,,bpt6k6563369: no usable pages in manifest.,2026-07-17T20:28:04.472709
leconstitutionnel,bpt6k656337p,,failed,0,0,,no_usable_pages,known,,,bpt6k656337p: no usable pages in manifest.,2026-07-17T20:28:04.580689
leconstitutionnel,bpt6k6563382,,failed,0,0,,no_usable_pages,known,,,bpt6k6563382: no usable pages in manifest.,2026-07-17T20:28:04.672418
leconstitutionnel,bpt6k656339f,,failed,0,0,,no_usable_pages,known,,,bpt6k656339f: no usable pages in manifest.,2026-07-17T20:28:04.754163
leconstitutionnel,bpt6k656340c,,failed,0,0,,no_usable_pages,known,,,bpt6k656340c: no usable pages in manifest.,2026-07-17T20:28:04.866922
leconstitutionnel,bpt6k656341r,,failed,0,0,,no_usable_pages,known,,,bpt6k656341r: no usable pages in manifest.,2026-07-17T20:28:04.944886
leconstitutionnel,bpt6k6563424,,failed,0,0,,no_usable_pages,known,,,bpt6k6563424: no usable pages in manifest.,2026-07-17T20:28:05.077348
leconstitutionnel,bpt6k656343h,,failed,0,0,,no_usable_pages,known,,,bpt6k656343h: no usable pages in manifest.,2026-07-17T20:28:05.280076
leconstitutionnel,bpt6k656344w,,failed,0,0,,no_usable_pages,known,,,bpt6k656344w: no usable pages in manifest.,2026-07-17T20:28:05.351160
leconstitutionnel,bpt6k6563458,,failed,0,0,,no_usable_pages,known,,,bpt6k6563458: no usable pages in manifest.,2026-07-17T20:28:05.419415
leconstitutionnel,bpt6k656346n,,failed,0,0,,no_usable_pages,known,,,bpt6k656346n: no usable pages in manifest.,2026-07-17T20:28:05.536750
leconstitutionnel,bpt6k6563471,,failed,0,0,,no_usable_pages,known,,,bpt6k6563471: no usable pages in manifest.,2026-07-17T20:28:05.656444
leconstitutionnel,bpt6k656348d,,failed,0,0,,no_usable_pages,known,,,bpt6k656348d: no usable pages in manifest.,2026-07-17T20:28:05.752570
leconstitutionnel,bpt6k656349s,,failed,0,0,,no_usable_pages,known,,,bpt6k656349s: no usable pages in manifest.,2026-07-17T20:28:05.861452
leconstitutionnel,bpt6k656350q,,failed,0,0,,no_usable_pages,known,,,bpt6k656350q: no usable pages in manifest.,2026-07-17T20:28:05.936340
leconstitutionnel,bpt6k6563513,,failed,0,0,,no_usable_pages,known,,,bpt6k6563513: no usable pages in manifest.,2026-07-17T20:28:06.008829
leconstitutionnel,bpt6k656352g,,failed,0,0,,no_usable_pages,known,,,bpt6k656352g: no usable pages in manifest.,2026-07-17T20:28:06.089251
leconstitutionnel,bpt6k656353v,,failed,0,0,,no_usable_pages,known,,,bpt6k656353v: no usable pages in manifest.,2026-07-17T20:28:06.181366
leconstitutionnel,bpt6k6563547,,failed,0,0,,no_usable_pages,known,,,bpt6k6563547: no usable pages in manifest.,2026-07-17T20:28:06.246938
leconstitutionnel,bpt6k656355m,,failed,0,0,,no_usable_pages,known,,,bpt6k656355m: no usable pages in manifest.,2026-07-17T20:28:06.363070
leconstitutionnel,bpt6k6563560,,failed,0,0,,no_usable_pages,known,,,bpt6k6563560: no usable pages in manifest.,2026-07-17T20:28:06.469348
leconstitutionnel,bpt6k656357c,,failed,0,0,,no_usable_pages,known,,,bpt6k656357c: no usable pages in manifest.,2026-07-17T20:28:06.572452
leconstitutionnel,bpt6k656358r,,failed,0,0,,no_usable_pages,known,,,bpt6k656358r: no usable pages in manifest.,2026-07-17T20:28:06.695399
leconstitutionnel,bpt6k6563594,,failed,0,0,,no_usable_pages,known,,,bpt6k6563594: no usable pages in manifest.,2026-07-17T20:28:06.793057
leconstitutionnel,bpt6k6563602,,failed,0,0,,no_usable_pages,known,,,bpt6k6563602: no usable pages in manifest.,2026-07-17T20:28:06.909212
leconstitutionnel,bpt6k656361f,,failed,0,0,,no_usable_pages,known,,,bpt6k656361f: no usable pages in manifest.,2026-07-17T20:28:06.979727
leconstitutionnel,bpt6k656362t,,failed,0,0,,no_usable_pages,known,,,bpt6k656362t: no usable pages in manifest.,2026-07-17T20:28:07.052005
leconstitutionnel,bpt6k6563636,,failed,0,0,,no_usable_pages,known,,,bpt6k6563636: no usable pages in manifest.,2026-07-17T20:28:07.120232
leconstitutionnel,bpt6k656364k,,failed,0,0,,no_usable_pages,known,,,bpt6k656364k: no usable pages in manifest.,2026-07-17T20:28:07.204817
leconstitutionnel,bpt6k656365z,,failed,0,0,,no_usable_pages,known,,,bpt6k656365z: no usable pages in manifest.,2026-07-17T20:28:07.279701
leconstitutionnel,bpt6k656366b,,failed,0,0,,no_usable_pages,known,,,bpt6k656366b: no usable pages in manifest.,2026-07-17T20:28:07.390276
leconstitutionnel,bpt6k656367q,,failed,0,0,,no_usable_pages,known,,,bpt6k656367q: no usable pages in manifest.,2026-07-17T20:28:07.460005
leconstitutionnel,bpt6k6563683,,failed,0,0,,no_usable_pages,known,,,bpt6k6563683: no usable pages in manifest.,2026-07-17T20:28:07.550264
leconstitutionnel,bpt6k656369g,,failed,0,0,,no_usable_pages,known,,,bpt6k656369g: no usable pages in manifest.,2026-07-17T20:28:07.624885
leconstitutionnel,bpt6k656370d,,failed,0,0,,no_usable_pages,known,,,bpt6k656370d: no usable pages in manifest.,2026-07-17T20:28:07.733886
leconstitutionnel,bpt6k656371s,,failed,0,0,,no_usable_pages,known,,,bpt6k656371s: no usable pages in manifest.,2026-07-17T20:28:07.811426
leconstitutionnel,bpt6k6563725,,failed,0,0,,no_usable_pages,known,,,bpt6k6563725: no usable pages in manifest.,2026-07-17T20:28:07.894083
leconstitutionnel,bpt6k656373j,,failed,0,0,,no_usable_pages,known,,,bpt6k656373j: no usable pages in manifest.,2026-07-17T20:28:08.004590
leconstitutionnel,bpt6k656374x,,failed,0,0,,no_usable_pages,known,,,bpt6k656374x: no usable pages in manifest.,2026-07-17T20:28:08.111665
leconstitutionnel,bpt6k6563759,,failed,0,0,,no_usable_pages,known,,,bpt6k6563759: no usable pages in manifest.,2026-07-17T20:28:08.220101
leconstitutionnel,bpt6k656376p,,failed,0,0,,no_usable_pages,known,,,bpt6k656376p: no usable pages in manifest.,2026-07-17T20:28:08.390957
leconstitutionnel,bpt6k6563772,,failed,0,0,,no_usable_pages,known,,,bpt6k6563772: no usable pages in manifest.,2026-07-17T20:28:08.588043
leconstitutionnel,bpt6k656378f,,failed,0,0,,no_usable_pages,known,,,bpt6k656378f: no usable pages in manifest.,2026-07-17T20:28:08.690683
leconstitutionnel,bpt6k656379t,,failed,0,0,,no_usable_pages,known,,,bpt6k656379t: no usable pages in manifest.,2026-07-17T20:28:08.816230
leconstitutionnel,bpt6k656380r,,failed,0,0,,no_usable_pages,known,,,bpt6k656380r: no usable pages in manifest.,2026-07-17T20:28:08.892615
leconstitutionnel,bpt6k6563814,,failed,0,0,,no_usable_pages,known,,,bpt6k6563814: no usable pages in manifest.,2026-07-17T20:28:09.024317
leconstitutionnel,bpt6k656382h,,failed,0,0,,no_usable_pages,known,,,bpt6k656382h: no usable pages in manifest.,2026-07-17T20:28:09.131701
leconstitutionnel,bpt6k656383w,,failed,0,0,,no_usable_pages,known,,,bpt6k656383w: no usable pages in manifest.,2026-07-17T20:28:09.212751
leconstitutionnel,bpt6k6563848,,failed,0,0,,no_usable_pages,known,,,bpt6k6563848: no usable pages in manifest.,2026-07-17T20:28:09.286463
leconstitutionnel,bpt6k656385n,,failed,0,0,,no_usable_pages,known,,,bpt6k656385n: no usable pages in manifest.,2026-07-17T20:28:09.352671
leconstitutionnel,bpt6k6563861,,failed,0,0,,no_usable_pages,known,,,bpt6k6563861: no usable pages in manifest.,2026-07-17T20:28:09.438710
leconstitutionnel,bpt6k656387d,,failed,0,0,,no_usable_pages,known,,,bpt6k656387d: no usable pages in manifest.,2026-07-17T20:28:09.583440
leconstitutionnel,bpt6k656388s,,failed,0,0,,no_usable_pages,known,,,bpt6k656388s: no usable pages in manifest.,2026-07-17T20:28:09.704450
leconstitutionnel,bpt6k6563895,,failed,0,0,,no_usable_pages,known,,,bpt6k6563895: no usable pages in manifest.,2026-07-17T20:28:09.862206
leconstitutionnel,bpt6k6563903,,failed,0,0,,no_usable_pages,known,,,bpt6k6563903: no usable pages in manifest.,2026-07-17T20:28:10.113443
leconstitutionnel,bpt6k656391g,,failed,0,0,,no_usable_pages,known,,,bpt6k656391g: no usable pages in manifest.,2026-07-17T20:28:10.204127
leconstitutionnel,bpt6k656392v,,failed,0,0,,no_usable_pages,known,,,bpt6k656392v: no usable pages in manifest.,2026-07-17T20:28:10.299520
leconstitutionnel,bpt6k6563937,,failed,0,0,,no_usable_pages,known,,,bpt6k6563937: no usable pages in manifest.,2026-07-17T20:28:10.398217
leconstitutionnel,bpt6k656394m,,failed,0,0,,no_usable_pages,known,,,bpt6k656394m: no usable pages in manifest.,2026-07-17T20:28:10.469467
leconstitutionnel,bpt6k6563950,,failed,0,0,,no_usable_pages,known,,,bpt6k6563950: no usable pages in manifest.,2026-07-17T20:28:10.653075
leconstitutionnel,bpt6k656396c,,failed,0,0,,no_usable_pages,known,,,bpt6k656396c: no usable pages in manifest.,2026-07-17T20:28:10.732018
leconstitutionnel,bpt6k656397r,,failed,0,0,,no_usable_pages,known,,,bpt6k656397r: no usable pages in manifest.,2026-07-17T20:28:10.861139
leconstitutionnel,bpt6k6563984,,failed,0,0,,no_usable_pages,known,,,bpt6k6563984: no usable pages in manifest.,2026-07-17T20:28:10.952148
leconstitutionnel,bpt6k656399h,,failed,0,0,,no_usable_pages,known,,,bpt6k656399h: no usable pages in manifest.,2026-07-17T20:28:11.010451
leconstitutionnel,bpt6k6564009,,failed,0,0,,no_usable_pages,known,,,bpt6k6564009: no usable pages in manifest.,2026-07-17T20:28:11.093530
leconstitutionnel,bpt6k656401p,,failed,0,0,,no_usable_pages,known,,,bpt6k656401p: no usable pages in manifest.,2026-07-17T20:28:11.224612
leconstitutionnel,bpt6k6564022,,failed,0,0,,no_usable_pages,known,,,bpt6k6564022: no usable pages in manifest.,2026-07-17T20:28:11.303834
leconstitutionnel,bpt6k656403f,,failed,0,0,,no_usable_pages,known,,,bpt6k656403f: no usable pages in manifest.,2026-07-17T20:28:11.377538
leconstitutionnel,bpt6k656404t,,failed,0,0,,no_usable_pages,known,,,bpt6k656404t: no usable pages in manifest.,2026-07-17T20:28:11.492451
leconstitutionnel,bpt6k6564056,,failed,0,0,,no_usable_pages,known,,,bpt6k6564056: no usable pages in manifest.,2026-07-17T20:28:11.630380
leconstitutionnel,bpt6k656406k,,failed,0,0,,no_usable_pages,known,,,bpt6k656406k: no usable pages in manifest.,2026-07-17T20:28:11.726464
leconstitutionnel,bpt6k656407z,,failed,0,0,,no_usable_pages,known,,,bpt6k656407z: no usable pages in manifest.,2026-07-17T20:28:11.822603
leconstitutionnel,bpt6k656408b,,failed,0,0,,no_usable_pages,known,,,bpt6k656408b: no usable pages in manifest.,2026-07-17T20:28:11.913716
leconstitutionnel,bpt6k656409q,,failed,0,0,,no_usable_pages,known,,,bpt6k656409q: no usable pages in manifest.,2026-07-17T20:28:11.997070
leconstitutionnel,bpt6k656410n,,failed,0,0,,no_usable_pages,known,,,bpt6k656410n: no usable pages in manifest.,2026-07-17T20:28:12.072219
leconstitutionnel,bpt6k6564111,,failed,0,0,,no_usable_pages,known,,,bpt6k6564111: no usable pages in manifest.,2026-07-17T20:28:12.148653
leconstitutionnel,bpt6k656412d,,failed,0,0,,no_usable_pages,known,,,bpt6k656412d: no usable pages in manifest.,2026-07-17T20:28:12.256157
leconstitutionnel,bpt6k656413s,,failed,0,0,,no_usable_pages,known,,,bpt6k656413s: no usable pages in manifest.,2026-07-17T20:28:12.324551
leconstitutionnel,bpt6k6564145,,failed,0,0,,no_usable_pages,known,,,bpt6k6564145: no usable pages in manifest.,2026-07-17T20:28:12.435874
leconstitutionnel,bpt6k656415j,,failed,0,0,,no_usable_pages,known,,,bpt6k656415j: no usable pages in manifest.,2026-07-17T20:28:12.519528
leconstitutionnel,bpt6k656416x,,failed,0,0,,no_usable_pages,known,,,bpt6k656416x: no usable pages in manifest.,2026-07-17T20:28:12.614351
leconstitutionnel,bpt6k6564179,,failed,0,0,,no_usable_pages,known,,,bpt6k6564179: no usable pages in manifest.,2026-07-17T20:28:12.669431
leconstitutionnel,bpt6k656418p,,failed,0,0,,no_usable_pages,known,,,bpt6k656418p: no usable pages in manifest.,2026-07-17T20:28:12.772779
leconstitutionnel,bpt6k6564192,,failed,0,0,,no_usable_pages,known,,,bpt6k6564192: no usable pages in manifest.,2026-07-17T20:28:12.839280
leconstitutionnel,bpt6k6564200,,failed,0,0,,no_usable_pages,known,,,bpt6k6564200: no usable pages in manifest.,2026-07-17T20:28:13.014672
leconstitutionnel,bpt6k656421c,,failed,0,0,,no_usable_pages,known,,,bpt6k656421c: no usable pages in manifest.,2026-07-17T20:28:13.100722
leconstitutionnel,bpt6k656422r,,failed,0,0,,no_usable_pages,known,,,bpt6k656422r: no usable pages in manifest.,2026-07-17T20:28:13.199959
leconstitutionnel,bpt6k6564234,,failed,0,0,,no_usable_pages,known,,,bpt6k6564234: no usable pages in manifest.,2026-07-17T20:28:13.294658
leconstitutionnel,bpt6k656424h,,failed,0,0,,no_usable_pages,known,,,bpt6k656424h: no usable pages in manifest.,2026-07-17T20:28:13.397477
leconstitutionnel,bpt6k656425w,,failed,0,0,,no_usable_pages,known,,,bpt6k656425w: no usable pages in manifest.,2026-07-17T20:28:13.485193
leconstitutionnel,bpt6k6564268,,failed,0,0,,no_usable_pages,known,,,bpt6k6564268: no usable pages in manifest.,2026-07-17T20:28:13.569448
leconstitutionnel,bpt6k656427n,,failed,0,0,,no_usable_pages,known,,,bpt6k656427n: no usable pages in manifest.,2026-07-17T20:28:13.657901
leconstitutionnel,bpt6k6564281,,failed,0,0,,no_usable_pages,known,,,bpt6k6564281: no usable pages in manifest.,2026-07-17T20:28:13.721720
leconstitutionnel,bpt6k656429d,,failed,0,0,,no_usable_pages,known,,,bpt6k656429d: no usable pages in manifest.,2026-07-17T20:28:13.849131
leconstitutionnel,bpt6k656430b,,failed,0,0,,no_usable_pages,known,,,bpt6k656430b: no usable pages in manifest.,2026-07-17T20:28:13.897773
leconstitutionnel,bpt6k656431q,,failed,0,0,,no_usable_pages,known,,,bpt6k656431q: no usable pages in manifest.,2026-07-17T20:28:13.968947
leconstitutionnel,bpt6k6564323,,failed,0,0,,no_usable_pages,known,,,bpt6k6564323: no usable pages in manifest.,2026-07-17T20:28:14.059172
leconstitutionnel,bpt6k656433g,,failed,0,0,,no_usable_pages,known,,,bpt6k656433g: no usable pages in manifest.,2026-07-17T20:28:14.125169
leconstitutionnel,bpt6k656434v,,failed,0,0,,no_usable_pages,known,,,bpt6k656434v: no usable pages in manifest.,2026-07-17T20:28:14.264910
leconstitutionnel,bpt6k6564357,,failed,0,0,,no_usable_pages,known,,,bpt6k6564357: no usable pages in manifest.,2026-07-17T20:28:14.368686
leconstitutionnel,bpt6k656436m,,failed,0,0,,no_usable_pages,known,,,bpt6k656436m: no usable pages in manifest.,2026-07-17T20:28:14.458135
leconstitutionnel,bpt6k6564370,,failed,0,0,,no_usable_pages,known,,,bpt6k6564370: no usable pages in manifest.,2026-07-17T20:28:14.569959
leconstitutionnel,bpt6k656438c,,failed,0,0,,no_usable_pages,known,,,bpt6k656438c: no usable pages in manifest.,2026-07-17T20:28:14.695656
leconstitutionnel,bpt6k656439r,,failed,0,0,,no_usable_pages,known,,,bpt6k656439r: no usable pages in manifest.,2026-07-17T20:28:14.813013
leconstitutionnel,bpt6k656440p,,failed,0,0,,no_usable_pages,known,,,bpt6k656440p: no usable pages in manifest.,2026-07-17T20:28:14.941937
leconstitutionnel,bpt6k6564412,,failed,0,0,,no_usable_pages,known,,,bpt6k6564412: no usable pages in manifest.,2026-07-17T20:28:15.084439
leconstitutionnel,bpt6k656442f,,failed,0,0,,no_usable_pages,known,,,bpt6k656442f: no usable pages in manifest.,2026-07-17T20:28:15.206505
leconstitutionnel,bpt6k656443t,,failed,0,0,,no_usable_pages,known,,,bpt6k656443t: no usable pages in manifest.,2026-07-17T20:28:15.347719
leconstitutionnel,bpt6k6564446,,failed,0,0,,no_usable_pages,known,,,bpt6k6564446: no usable pages in manifest.,2026-07-17T20:28:15.446914
leconstitutionnel,bpt6k656445k,,failed,0,0,,no_usable_pages,known,,,bpt6k656445k: no usable pages in manifest.,2026-07-17T20:28:15.519296
leconstitutionnel,bpt6k656446z,,failed,0,0,,no_usable_pages,known,,,bpt6k656446z: no usable pages in manifest.,2026-07-17T20:28:15.602600
leconstitutionnel,bpt6k656447b,,failed,0,0,,no_usable_pages,known,,,bpt6k656447b: no usable pages in manifest.,2026-07-17T20:28:15.671904
leconstitutionnel,bpt6k656448q,,failed,0,0,,no_usable_pages,known,,,bpt6k656448q: no usable pages in manifest.,2026-07-17T20:28:15.742095
leconstitutionnel,bpt6k6564493,,failed,0,0,,no_usable_pages,known,,,bpt6k6564493: no usable pages in manifest.,2026-07-17T20:28:15.860439
leconstitutionnel,bpt6k6564501,,failed,0,0,,no_usable_pages,known,,,bpt6k6564501: no usable pages in manifest.,2026-07-17T20:28:16.005173
leconstitutionnel,bpt6k656451d,,failed,0,0,,no_usable_pages,known,,,bpt6k656451d: no usable pages in manifest.,2026-07-17T20:28:16.091568
leconstitutionnel,bpt6k656452s,,failed,0,0,,no_usable_pages,known,,,bpt6k656452s: no usable pages in manifest.,2026-07-17T20:28:16.171902
leconstitutionnel,bpt6k6564535,,failed,0,0,,no_usable_pages,known,,,bpt6k6564535: no usable pages in manifest.,2026-07-17T20:28:16.278534
leconstitutionnel,bpt6k656454j,,failed,0,0,,no_usable_pages,known,,,bpt6k656454j: no usable pages in manifest.,2026-07-17T20:28:16.362615
leconstitutionnel,bpt6k656455x,,failed,0,0,,no_usable_pages,known,,,bpt6k656455x: no usable pages in manifest.,2026-07-17T20:28:16.459687
leconstitutionnel,bpt6k6564569,,failed,0,0,,no_usable_pages,known,,,bpt6k6564569: no usable pages in manifest.,2026-07-17T20:28:16.536371
leconstitutionnel,bpt6k656457p,,failed,0,0,,no_usable_pages,known,,,bpt6k656457p: no usable pages in manifest.,2026-07-17T20:28:16.625924
leconstitutionnel,bpt6k6564582,,failed,0,0,,no_usable_pages,known,,,bpt6k6564582: no usable pages in manifest.,2026-07-17T20:28:16.710007
leconstitutionnel,bpt6k656459f,,failed,0,0,,no_usable_pages,known,,,bpt6k656459f: no usable pages in manifest.,2026-07-17T20:28:16.792439
leconstitutionnel,bpt6k656460c,,failed,0,0,,no_usable_pages,known,,,bpt6k656460c: no usable pages in manifest.,2026-07-17T20:28:16.871811
leconstitutionnel,bpt6k656461r,,failed,0,0,,no_usable_pages,known,,,bpt6k656461r: no usable pages in manifest.,2026-07-17T20:28:16.995681
leconstitutionnel,bpt6k6564624,,failed,0,0,,no_usable_pages,known,,,bpt6k6564624: no usable pages in manifest.,2026-07-17T20:28:17.091036
leconstitutionnel,bpt6k656463h,,failed,0,0,,no_usable_pages,known,,,bpt6k656463h: no usable pages in manifest.,2026-07-17T20:28:17.174411
leconstitutionnel,bpt6k656464w,,failed,0,0,,no_usable_pages,known,,,bpt6k656464w: no usable pages in manifest.,2026-07-17T20:28:17.298500
leconstitutionnel,bpt6k6564658,,failed,0,0,,no_usable_pages,known,,,bpt6k6564658: no usable pages in manifest.,2026-07-17T20:28:17.385058
leconstitutionnel,bpt6k656466n,,failed,0,0,,no_usable_pages,known,,,bpt6k656466n: no usable pages in manifest.,2026-07-17T20:28:17.451352
leconstitutionnel,bpt6k6564671,,failed,0,0,,no_usable_pages,known,,,bpt6k6564671: no usable pages in manifest.,2026-07-17T20:28:17.595438
leconstitutionnel,bpt6k656468d,,failed,0,0,,no_usable_pages,known,,,bpt6k656468d: no usable pages in manifest.,2026-07-17T20:28:17.719608
leconstitutionnel,bpt6k656469s,,failed,0,0,,no_usable_pages,known,,,bpt6k656469s: no usable pages in manifest.,2026-07-17T20:28:17.841997
leconstitutionnel,bpt6k656470q,,failed,0,0,,no_usable_pages,known,,,bpt6k656470q: no usable pages in manifest.,2026-07-17T20:28:18.015500
leconstitutionnel,bpt6k6564713,,failed,0,0,,no_usable_pages,known,,,bpt6k6564713: no usable pages in manifest.,2026-07-17T20:28:18.192400
leconstitutionnel,bpt6k656472g,,failed,0,0,,no_usable_pages,known,,,bpt6k656472g: no usable pages in manifest.,2026-07-17T20:28:18.304193
leconstitutionnel,bpt6k656473v,,failed,0,0,,no_usable_pages,known,,,bpt6k656473v: no usable pages in manifest.,2026-07-17T20:28:18.463378
leconstitutionnel,bpt6k6564747,,failed,0,0,,no_usable_pages,known,,,bpt6k6564747: no usable pages in manifest.,2026-07-17T20:28:18.593890
leconstitutionnel,bpt6k656475m,,failed,0,0,,no_usable_pages,known,,,bpt6k656475m: no usable pages in manifest.,2026-07-17T20:28:18.684390
leconstitutionnel,bpt6k6564760,,failed,0,0,,no_usable_pages,known,,,bpt6k6564760: no usable pages in manifest.,2026-07-17T20:28:18.847673
leconstitutionnel,bpt6k656477c,,failed,0,0,,no_usable_pages,known,,,bpt6k656477c: no usable pages in manifest.,2026-07-17T20:28:19.074919
leconstitutionnel,bpt6k656478r,,failed,0,0,,no_usable_pages,known,,,bpt6k656478r: no usable pages in manifest.,2026-07-17T20:28:19.198829
leconstitutionnel,bpt6k6564794,,failed,0,0,,no_usable_pages,known,,,bpt6k6564794: no usable pages in manifest.,2026-07-17T20:28:19.289206
leconstitutionnel,bpt6k6564802,,failed,0,0,,no_usable_pages,known,,,bpt6k6564802: no usable pages in manifest.,2026-07-17T20:28:19.358515
leconstitutionnel,bpt6k656481f,,failed,0,0,,no_usable_pages,known,,,bpt6k656481f: no usable pages in manifest.,2026-07-17T20:28:19.487800
leconstitutionnel,bpt6k656482t,,failed,0,0,,no_usable_pages,known,,,bpt6k656482t: no usable pages in manifest.,2026-07-17T20:28:19.573924
leconstitutionnel,bpt6k6564836,,failed,0,0,,no_usable_pages,known,,,bpt6k6564836: no usable pages in manifest.,2026-07-17T20:28:19.688350
leconstitutionnel,bpt6k656484k,,failed,0,0,,no_usable_pages,known,,,bpt6k656484k: no usable pages in manifest.,2026-07-17T20:28:19.756002
leconstitutionnel,bpt6k656485z,,failed,0,0,,no_usable_pages,known,,,bpt6k656485z: no usable pages in manifest.,2026-07-17T20:28:19.851930
leconstitutionnel,bpt6k656486b,,failed,0,0,,no_usable_pages,known,,,bpt6k656486b: no usable pages in manifest.,2026-07-17T20:28:19.962994
leconstitutionnel,bpt6k656487q,,failed,0,0,,no_usable_pages,known,,,bpt6k656487q: no usable pages in manifest.,2026-07-17T20:28:20.038158
leconstitutionnel,bpt6k6564883,,failed,0,0,,no_usable_pages,known,,,bpt6k6564883: no usable pages in manifest.,2026-07-17T20:28:20.117256
leconstitutionnel,bpt6k656489g,,failed,0,0,,no_usable_pages,known,,,bpt6k656489g: no usable pages in manifest.,2026-07-17T20:28:20.303420
leconstitutionnel,bpt6k656490d,,failed,0,0,,no_usable_pages,known,,,bpt6k656490d: no usable pages in manifest.,2026-07-17T20:28:20.390548
leconstitutionnel,bpt6k656491s,,failed,0,0,,no_usable_pages,known,,,bpt6k656491s: no usable pages in manifest.,2026-07-17T20:28:20.753185
leconstitutionnel,bpt6k6564925,,failed,0,0,,no_usable_pages,known,,,bpt6k6564925: no usable pages in manifest.,2026-07-17T20:28:20.826987
leconstitutionnel,bpt6k656493j,,failed,0,0,,no_usable_pages,known,,,bpt6k656493j: no usable pages in manifest.,2026-07-17T20:28:20.956709
leconstitutionnel,bpt6k656494x,,failed,0,0,,no_usable_pages,known,,,bpt6k656494x: no usable pages in manifest.,2026-07-17T20:28:21.050496
leconstitutionnel,bpt6k6564959,,failed,0,0,,no_usable_pages,known,,,bpt6k6564959: no usable pages in manifest.,2026-07-17T20:28:21.122162
leconstitutionnel,bpt6k656496p,,failed,0,0,,no_usable_pages,known,,,bpt6k656496p: no usable pages in manifest.,2026-07-17T20:28:21.238188
leconstitutionnel,bpt6k6564972,,failed,0,0,,no_usable_pages,known,,,bpt6k6564972: no usable pages in manifest.,2026-07-17T20:28:21.306965
leconstitutionnel,bpt6k656498f,,failed,0,0,,no_usable_pages,known,,,bpt6k656498f: no usable pages in manifest.,2026-07-17T20:28:21.406358
leconstitutionnel,bpt6k656499t,,failed,0,0,,no_usable_pages,known,,,bpt6k656499t: no usable pages in manifest.,2026-07-17T20:28:21.495024
leconstitutionnel,bpt6k656500m,,failed,0,0,,no_usable_pages,known,,,bpt6k656500m: no usable pages in manifest.,2026-07-17T20:28:21.643913
leconstitutionnel,bpt6k6565010,,failed,0,0,,no_usable_pages,known,,,bpt6k6565010: no usable pages in manifest.,2026-07-17T20:28:21.716561
leconstitutionnel,bpt6k656502c,,failed,0,0,,no_usable_pages,known,,,bpt6k656502c: no usable pages in manifest.,2026-07-17T20:28:21.816922
leconstitutionnel,bpt6k656503r,,failed,0,0,,no_usable_pages,known,,,bpt6k656503r: no usable pages in manifest.,2026-07-17T20:28:21.943841
leconstitutionnel,bpt6k6565044,,failed,0,0,,no_usable_pages,known,,,bpt6k6565044: no usable pages in manifest.,2026-07-17T20:28:22.076240
leconstitutionnel,bpt6k656505h,,failed,0,0,,no_usable_pages,known,,,bpt6k656505h: no usable pages in manifest.,2026-07-17T20:28:22.364641
leconstitutionnel,bpt6k656506w,,failed,0,0,,no_usable_pages,known,,,bpt6k656506w: no usable pages in manifest.,2026-07-17T20:28:22.443357
leconstitutionnel,bpt6k6565078,,failed,0,0,,no_usable_pages,known,,,bpt6k6565078: no usable pages in manifest.,2026-07-17T20:28:22.520138
leconstitutionnel,bpt6k656508n,,failed,0,0,,no_usable_pages,known,,,bpt6k656508n: no usable pages in manifest.,2026-07-17T20:28:22.650553
leconstitutionnel,bpt6k6565091,,failed,0,0,,no_usable_pages,known,,,bpt6k6565091: no usable pages in manifest.,2026-07-17T20:28:22.727564
leconstitutionnel,bpt6k656510z,,failed,0,0,,no_usable_pages,known,,,bpt6k656510z: no usable pages in manifest.,2026-07-17T20:28:22.862728
leconstitutionnel,bpt6k656511b,,failed,0,0,,no_usable_pages,known,,,bpt6k656511b: no usable pages in manifest.,2026-07-17T20:28:22.966828
leconstitutionnel,bpt6k656512q,,failed,0,0,,no_usable_pages,known,,,bpt6k656512q: no usable pages in manifest.,2026-07-17T20:28:23.068231
leconstitutionnel,bpt6k6565133,,failed,0,0,,no_usable_pages,known,,,bpt6k6565133: no usable pages in manifest.,2026-07-17T20:28:23.168458
leconstitutionnel,bpt6k656514g,,failed,0,0,,no_usable_pages,known,,,bpt6k656514g: no usable pages in manifest.,2026-07-17T20:28:23.263853
leconstitutionnel,bpt6k656515v,,failed,0,0,,no_usable_pages,known,,,bpt6k656515v: no usable pages in manifest.,2026-07-17T20:28:23.376253
leconstitutionnel,bpt6k6565167,,failed,0,0,,no_usable_pages,known,,,bpt6k6565167: no usable pages in manifest.,2026-07-17T20:28:23.463756
leconstitutionnel,bpt6k656517m,,failed,0,0,,no_usable_pages,known,,,bpt6k656517m: no usable pages in manifest.,2026-07-17T20:28:23.531238
leconstitutionnel,bpt6k6565180,,failed,0,0,,no_usable_pages,known,,,bpt6k6565180: no usable pages in manifest.,2026-07-17T20:28:23.599865
leconstitutionnel,bpt6k656519c,,failed,0,0,,no_usable_pages,known,,,bpt6k656519c: no usable pages in manifest.,2026-07-17T20:28:23.804900
leconstitutionnel,bpt6k6565209,,failed,0,0,,no_usable_pages,known,,,bpt6k6565209: no usable pages in manifest.,2026-07-17T20:28:23.922970
leconstitutionnel,bpt6k656521p,,failed,0,0,,no_usable_pages,known,,,bpt6k656521p: no usable pages in manifest.,2026-07-17T20:28:24.016830
leconstitutionnel,bpt6k6565222,,failed,0,0,,no_usable_pages,known,,,bpt6k6565222: no usable pages in manifest.,2026-07-17T20:28:24.107246
leconstitutionnel,bpt6k656523f,,failed,0,0,,no_usable_pages,known,,,bpt6k656523f: no usable pages in manifest.,2026-07-17T20:28:24.182452
leconstitutionnel,bpt6k656524t,,failed,0,0,,no_usable_pages,known,,,bpt6k656524t: no usable pages in manifest.,2026-07-17T20:28:24.272295
leconstitutionnel,bpt6k6565256,,failed,0,0,,no_usable_pages,known,,,bpt6k6565256: no usable pages in manifest.,2026-07-17T20:28:24.426708
leconstitutionnel,bpt6k656526k,,failed,0,0,,no_usable_pages,known,,,bpt6k656526k: no usable pages in manifest.,2026-07-17T20:28:24.534184
leconstitutionnel,bpt6k656527z,,failed,0,0,,no_usable_pages,known,,,bpt6k656527z: no usable pages in manifest.,2026-07-17T20:28:24.612388
leconstitutionnel,bpt6k656528b,,failed,0,0,,no_usable_pages,known,,,bpt6k656528b: no usable pages in manifest.,2026-07-17T20:28:24.700417
leconstitutionnel,bpt6k656529q,,failed,0,0,,no_usable_pages,known,,,bpt6k656529q: no usable pages in manifest.,2026-07-17T20:28:24.778753
leconstitutionnel,bpt6k656530n,,failed,0,0,,no_usable_pages,known,,,bpt6k656530n: no usable pages in manifest.,2026-07-17T20:28:24.866244
leconstitutionnel,bpt6k6565311,,failed,0,0,,no_usable_pages,known,,,bpt6k6565311: no usable pages in manifest.,2026-07-17T20:28:24.957739
leconstitutionnel,bpt6k656532d,,failed,0,0,,no_usable_pages,known,,,bpt6k656532d: no usable pages in manifest.,2026-07-17T20:28:25.060886
leconstitutionnel,bpt6k656533s,,failed,0,0,,no_usable_pages,known,,,bpt6k656533s: no usable pages in manifest.,2026-07-17T20:28:25.142580
leconstitutionnel,bpt6k6565345,,failed,0,0,,no_usable_pages,known,,,bpt6k6565345: no usable pages in manifest.,2026-07-17T20:28:25.207707
leconstitutionnel,bpt6k656535j,,failed,0,0,,no_usable_pages,known,,,bpt6k656535j: no usable pages in manifest.,2026-07-17T20:28:25.351184
leconstitutionnel,bpt6k656536x,,failed,0,0,,no_usable_pages,known,,,bpt6k656536x: no usable pages in manifest.,2026-07-17T20:28:25.480757
leconstitutionnel,bpt6k6565379,,failed,0,0,,no_usable_pages,known,,,bpt6k6565379: no usable pages in manifest.,2026-07-17T20:28:25.582725
leconstitutionnel,bpt6k656538p,,failed,0,0,,no_usable_pages,known,,,bpt6k656538p: no usable pages in manifest.,2026-07-17T20:28:25.672579
leconstitutionnel,bpt6k6565392,,failed,0,0,,no_usable_pages,known,,,bpt6k6565392: no usable pages in manifest.,2026-07-17T20:28:25.780256
leconstitutionnel,bpt6k6565400,,failed,0,0,,no_usable_pages,known,,,bpt6k6565400: no usable pages in manifest.,2026-07-17T20:28:25.898354
leconstitutionnel,bpt6k656541c,,failed,0,0,,no_usable_pages,known,,,bpt6k656541c: no usable pages in manifest.,2026-07-17T20:28:26.013500
leconstitutionnel,bpt6k656542r,,failed,0,0,,no_usable_pages,known,,,bpt6k656542r: no usable pages in manifest.,2026-07-17T20:28:26.074927
leconstitutionnel,bpt6k6565434,,failed,0,0,,no_usable_pages,known,,,bpt6k6565434: no usable pages in manifest.,2026-07-17T20:28:26.156176
leconstitutionnel,bpt6k656544h,,failed,0,0,,no_usable_pages,known,,,bpt6k656544h: no usable pages in manifest.,2026-07-17T20:28:26.222483
leconstitutionnel,bpt6k656545w,,failed,0,0,,no_usable_pages,known,,,bpt6k656545w: no usable pages in manifest.,2026-07-17T20:28:26.285267
leconstitutionnel,bpt6k6565468,,failed,0,0,,no_usable_pages,known,,,bpt6k6565468: no usable pages in manifest.,2026-07-17T20:28:26.365834
leconstitutionnel,bpt6k656547n,,failed,0,0,,no_usable_pages,known,,,bpt6k656547n: no usable pages in manifest.,2026-07-17T20:28:26.416088
leconstitutionnel,bpt6k6565481,,failed,0,0,,no_usable_pages,known,,,bpt6k6565481: no usable pages in manifest.,2026-07-17T20:28:26.502396
leconstitutionnel,bpt6k656549d,,failed,0,0,,no_usable_pages,known,,,bpt6k656549d: no usable pages in manifest.,2026-07-17T20:28:26.557085
leconstitutionnel,bpt6k656550b,,failed,0,0,,no_usable_pages,known,,,bpt6k656550b: no usable pages in manifest.,2026-07-17T20:28:26.621278
leconstitutionnel,bpt6k656551q,,failed,0,0,,no_usable_pages,known,,,bpt6k656551q: no usable pages in manifest.,2026-07-17T20:28:26.714534
leconstitutionnel,bpt6k6565523,,failed,0,0,,no_usable_pages,known,,,bpt6k6565523: no usable pages in manifest.,2026-07-17T20:28:26.810456
leconstitutionnel,bpt6k656553g,,failed,0,0,,no_usable_pages,known,,,bpt6k656553g: no usable pages in manifest.,2026-07-17T20:28:26.897462
leconstitutionnel,bpt6k656554v,,failed,0,0,,no_usable_pages,known,,,bpt6k656554v: no usable pages in manifest.,2026-07-17T20:28:26.995490
leconstitutionnel,bpt6k6565557,,failed,0,0,,no_usable_pages,known,,,bpt6k6565557: no usable pages in manifest.,2026-07-17T20:28:27.103119
leconstitutionnel,bpt6k656556m,,failed,0,0,,no_usable_pages,known,,,bpt6k656556m: no usable pages in manifest.,2026-07-17T20:28:27.197952
leconstitutionnel,bpt6k6565570,,failed,0,0,,no_usable_pages,known,,,bpt6k6565570: no usable pages in manifest.,2026-07-17T20:28:27.266050
leconstitutionnel,bpt6k656558c,,failed,0,0,,no_usable_pages,known,,,bpt6k656558c: no usable pages in manifest.,2026-07-17T20:28:27.356206
leconstitutionnel,bpt6k656559r,,failed,0,0,,no_usable_pages,known,,,bpt6k656559r: no usable pages in manifest.,2026-07-17T20:28:27.441070
leconstitutionnel,bpt6k656560p,,failed,0,0,,no_usable_pages,known,,,bpt6k656560p: no usable pages in manifest.,2026-07-17T20:28:27.564557
leconstitutionnel,bpt6k6565612,,failed,0,0,,no_usable_pages,known,,,bpt6k6565612: no usable pages in manifest.,2026-07-17T20:28:27.668217
leconstitutionnel,bpt6k656562f,,failed,0,0,,no_usable_pages,known,,,bpt6k656562f: no usable pages in manifest.,2026-07-17T20:28:27.737831
leconstitutionnel,bpt6k656563t,,failed,0,0,,no_usable_pages,known,,,bpt6k656563t: no usable pages in manifest.,2026-07-17T20:28:27.835325
leconstitutionnel,bpt6k6565646,,failed,0,0,,no_usable_pages,known,,,bpt6k6565646: no usable pages in manifest.,2026-07-17T20:28:27.911709
leconstitutionnel,bpt6k656565k,,failed,0,0,,no_usable_pages,known,,,bpt6k656565k: no usable pages in manifest.,2026-07-17T20:28:27.980247
leconstitutionnel,bpt6k656566z,,failed,0,0,,no_usable_pages,known,,,bpt6k656566z: no usable pages in manifest.,2026-07-17T20:28:28.091926
leconstitutionnel,bpt6k656567b,,failed,0,0,,no_usable_pages,known,,,bpt6k656567b: no usable pages in manifest.,2026-07-17T20:28:28.222774
leconstitutionnel,bpt6k656568q,,failed,0,0,,no_usable_pages,known,,,bpt6k656568q: no usable pages in manifest.,2026-07-17T20:28:28.318300
leconstitutionnel,bpt6k6565693,,failed,0,0,,no_usable_pages,known,,,bpt6k6565693: no usable pages in manifest.,2026-07-17T20:28:28.429405
leconstitutionnel,bpt6k6565701,,failed,0,0,,no_usable_pages,known,,,bpt6k6565701: no usable pages in manifest.,2026-07-17T20:28:28.529701
leconstitutionnel,bpt6k656571d,,failed,0,0,,no_usable_pages,known,,,bpt6k656571d: no usable pages in manifest.,2026-07-17T20:28:28.634739
leconstitutionnel,bpt6k656572s,,failed,0,0,,no_usable_pages,known,,,bpt6k656572s: no usable pages in manifest.,2026-07-17T20:28:28.731495
leconstitutionnel,bpt6k6565735,,failed,0,0,,no_usable_pages,known,,,bpt6k6565735: no usable pages in manifest.,2026-07-17T20:28:28.817230
leconstitutionnel,bpt6k656574j,,failed,0,0,,no_usable_pages,known,,,bpt6k656574j: no usable pages in manifest.,2026-07-17T20:28:28.885538
leconstitutionnel,bpt6k656575x,,failed,0,0,,no_usable_pages,known,,,bpt6k656575x: no usable pages in manifest.,2026-07-17T20:28:28.983274
leconstitutionnel,bpt6k6565769,,failed,0,0,,no_usable_pages,known,,,bpt6k6565769: no usable pages in manifest.,2026-07-17T20:28:29.066573
leconstitutionnel,bpt6k656577p,,failed,0,0,,no_usable_pages,known,,,bpt6k656577p: no usable pages in manifest.,2026-07-17T20:28:29.198684
leconstitutionnel,bpt6k6565782,,failed,0,0,,no_usable_pages,known,,,bpt6k6565782: no usable pages in manifest.,2026-07-17T20:28:29.278998
leconstitutionnel,bpt6k656579f,,failed,0,0,,no_usable_pages,known,,,bpt6k656579f: no usable pages in manifest.,2026-07-17T20:28:29.347894
leconstitutionnel,bpt6k656580c,,failed,0,0,,no_usable_pages,known,,,bpt6k656580c: no usable pages in manifest.,2026-07-17T20:28:29.433291
leconstitutionnel,bpt6k656581r,,failed,0,0,,no_usable_pages,known,,,bpt6k656581r: no usable pages in manifest.,2026-07-17T20:28:29.543530
leconstitutionnel,bpt6k6565824,,failed,0,0,,no_usable_pages,known,,,bpt6k6565824: no usable pages in manifest.,2026-07-17T20:28:29.680578
leconstitutionnel,bpt6k656583h,,failed,0,0,,no_usable_pages,known,,,bpt6k656583h: no usable pages in manifest.,2026-07-17T20:28:29.764773
leconstitutionnel,bpt6k656584w,,failed,0,0,,no_usable_pages,known,,,bpt6k656584w: no usable pages in manifest.,2026-07-17T20:28:29.883804
leconstitutionnel,bpt6k6565858,,failed,0,0,,no_usable_pages,known,,,bpt6k6565858: no usable pages in manifest.,2026-07-17T20:28:29.968870
leconstitutionnel,bpt6k656586n,,failed,0,0,,no_usable_pages,known,,,bpt6k656586n: no usable pages in manifest.,2026-07-17T20:28:30.048153
leconstitutionnel,bpt6k6565871,,failed,0,0,,no_usable_pages,known,,,bpt6k6565871: no usable pages in manifest.,2026-07-17T20:28:30.135018
leconstitutionnel,bpt6k664787b,,failed,0,0,,no_usable_pages,known,,,bpt6k664787b: no usable pages in manifest.,2026-07-17T20:28:30.239894
leconstitutionnel,bpt6k664788q,,failed,0,0,,no_usable_pages,known,,,bpt6k664788q: no usable pages in manifest.,2026-07-17T20:28:30.330317
leconstitutionnel,bpt6k6647893,,failed,0,0,,no_usable_pages,known,,,bpt6k6647893: no usable pages in manifest.,2026-07-17T20:28:30.406644
leconstitutionnel,bpt6k6647901,,failed,0,0,,no_usable_pages,known,,,bpt6k6647901: no usable pages in manifest.,2026-07-17T20:28:30.502070
leconstitutionnel,bpt6k664791d,,failed,0,0,,no_usable_pages,known,,,bpt6k664791d: no usable pages in manifest.,2026-07-17T20:28:30.613341
leconstitutionnel,bpt6k664792s,,failed,0,0,,no_usable_pages,known,,,bpt6k664792s: no usable pages in manifest.,2026-07-17T20:28:30.734330
leconstitutionnel,bpt6k6647935,,failed,0,0,,no_usable_pages,known,,,bpt6k6647935: no usable pages in manifest.,2026-07-17T20:28:30.886287
leconstitutionnel,bpt6k664794j,,failed,0,0,,no_usable_pages,known,,,bpt6k664794j: no usable pages in manifest.,2026-07-17T20:28:31.094375
leconstitutionnel,bpt6k664795x,,failed,0,0,,no_usable_pages,known,,,bpt6k664795x: no usable pages in manifest.,2026-07-17T20:28:31.418221
leconstitutionnel,bpt6k6647969,,failed,0,0,,no_usable_pages,known,,,bpt6k6647969: no usable pages in manifest.,2026-07-17T20:28:31.530920
leconstitutionnel,bpt6k664797p,,failed,0,0,,no_usable_pages,known,,,bpt6k664797p: no usable pages in manifest.,2026-07-17T20:28:31.660542
leconstitutionnel,bpt6k6647982,,failed,0,0,,no_usable_pages,known,,,bpt6k6647982: no usable pages in manifest.,2026-07-17T20:28:31.790337
leconstitutionnel,bpt6k664799f,,failed,0,0,,no_usable_pages,known,,,bpt6k664799f: no usable pages in manifest.,2026-07-17T20:28:31.892505
leconstitutionnel,bpt6k6648007,,failed,0,0,,no_usable_pages,known,,,bpt6k6648007: no usable pages in manifest.,2026-07-17T20:28:32.015936
leconstitutionnel,bpt6k664801m,,failed,0,0,,no_usable_pages,known,,,bpt6k664801m: no usable pages in manifest.,2026-07-17T20:28:32.080961
leconstitutionnel,bpt6k6648020,,failed,0,0,,no_usable_pages,known,,,bpt6k6648020: no usable pages in manifest.,2026-07-17T20:28:32.196079
leconstitutionnel,bpt6k664803c,,failed,0,0,,no_usable_pages,known,,,bpt6k664803c: no usable pages in manifest.,2026-07-17T20:28:32.286641
leconstitutionnel,bpt6k664804r,,failed,0,0,,no_usable_pages,known,,,bpt6k664804r: no usable pages in manifest.,2026-07-17T20:28:32.376636
leconstitutionnel,bpt6k6648054,,failed,0,0,,no_usable_pages,known,,,bpt6k6648054: no usable pages in manifest.,2026-07-17T20:28:32.485961
leconstitutionnel,bpt6k664806h,,failed,0,0,,no_usable_pages,known,,,bpt6k664806h: no usable pages in manifest.,2026-07-17T20:28:32.596517
leconstitutionnel,bpt6k664807w,,failed,0,0,,no_usable_pages,known,,,bpt6k664807w: no usable pages in manifest.,2026-07-17T20:28:32.722702
leconstitutionnel,bpt6k6648088,,failed,0,0,,no_usable_pages,known,,,bpt6k6648088: no usable pages in manifest.,2026-07-17T20:28:32.987942
leconstitutionnel,bpt6k664809n,,failed,0,0,,no_usable_pages,known,,,bpt6k664809n: no usable pages in manifest.,2026-07-17T20:28:33.073009
leconstitutionnel,bpt6k664810k,,failed,0,0,,no_usable_pages,known,,,bpt6k664810k: no usable pages in manifest.,2026-07-17T20:28:33.149272
leconstitutionnel,bpt6k664811z,,failed,0,0,,no_usable_pages,known,,,bpt6k664811z: no usable pages in manifest.,2026-07-17T20:28:33.217614
leconstitutionnel,bpt6k664812b,,failed,0,0,,no_usable_pages,known,,,bpt6k664812b: no usable pages in manifest.,2026-07-17T20:28:33.300222
leconstitutionnel,bpt6k664813q,,failed,0,0,,no_usable_pages,known,,,bpt6k664813q: no usable pages in manifest.,2026-07-17T20:28:33.366256
leconstitutionnel,bpt6k6648143,,failed,0,0,,no_usable_pages,known,,,bpt6k6648143: no usable pages in manifest.,2026-07-17T20:28:33.423466
leconstitutionnel,bpt6k664815g,,failed,0,0,,no_usable_pages,known,,,bpt6k664815g: no usable pages in manifest.,2026-07-17T20:28:33.528326
leconstitutionnel,bpt6k664816v,,failed,0,0,,no_usable_pages,known,,,bpt6k664816v: no usable pages in manifest.,2026-07-17T20:28:33.643320
leconstitutionnel,bpt6k6648177,,failed,0,0,,no_usable_pages,known,,,bpt6k6648177: no usable pages in manifest.,2026-07-17T20:28:33.729496
leconstitutionnel,bpt6k664818m,,failed,0,0,,no_usable_pages,known,,,bpt6k664818m: no usable pages in manifest.,2026-07-17T20:28:33.820080
leconstitutionnel,bpt6k6648190,,failed,0,0,,no_usable_pages,known,,,bpt6k6648190: no usable pages in manifest.,2026-07-17T20:28:33.927611
leconstitutionnel,bpt6k664820x,,failed,0,0,,no_usable_pages,known,,,bpt6k664820x: no usable pages in manifest.,2026-07-17T20:28:34.026219
leconstitutionnel,bpt6k6648219,,failed,0,0,,no_usable_pages,known,,,bpt6k6648219: no usable pages in manifest.,2026-07-17T20:28:34.106965
leconstitutionnel,bpt6k664822p,,failed,0,0,,no_usable_pages,known,,,bpt6k664822p: no usable pages in manifest.,2026-07-17T20:28:34.187930
leconstitutionnel,bpt6k6648232,,failed,0,0,,no_usable_pages,known,,,bpt6k6648232: no usable pages in manifest.,2026-07-17T20:28:34.275375
leconstitutionnel,bpt6k664824f,,failed,0,0,,no_usable_pages,known,,,bpt6k664824f: no usable pages in manifest.,2026-07-17T20:28:34.352035
leconstitutionnel,bpt6k664825t,,failed,0,0,,no_usable_pages,known,,,bpt6k664825t: no usable pages in manifest.,2026-07-17T20:28:34.432244
leconstitutionnel,bpt6k6648266,,failed,0,0,,no_usable_pages,known,,,bpt6k6648266: no usable pages in manifest.,2026-07-17T20:28:34.536469
leconstitutionnel,bpt6k664827k,,failed,0,0,,no_usable_pages,known,,,bpt6k664827k: no usable pages in manifest.,2026-07-17T20:28:34.630490
leconstitutionnel,bpt6k664828z,,failed,0,0,,no_usable_pages,known,,,bpt6k664828z: no usable pages in manifest.,2026-07-17T20:28:34.697726
leconstitutionnel,bpt6k664829b,,failed,0,0,,no_usable_pages,known,,,bpt6k664829b: no usable pages in manifest.,2026-07-17T20:28:34.787725
leconstitutionnel,bpt6k6648308,,failed,0,0,,no_usable_pages,known,,,bpt6k6648308: no usable pages in manifest.,2026-07-17T20:28:34.884654
leconstitutionnel,bpt6k664831n,,failed,0,0,,no_usable_pages,known,,,bpt6k664831n: no usable pages in manifest.,2026-07-17T20:28:34.960635
leconstitutionnel,bpt6k6648321,,failed,0,0,,no_usable_pages,known,,,bpt6k6648321: no usable pages in manifest.,2026-07-17T20:28:35.046766
leconstitutionnel,bpt6k664833d,,failed,0,0,,no_usable_pages,known,,,bpt6k664833d: no usable pages in manifest.,2026-07-17T20:28:35.130679
leconstitutionnel,bpt6k664834s,,failed,0,0,,no_usable_pages,known,,,bpt6k664834s: no usable pages in manifest.,2026-07-17T20:28:35.205387
leconstitutionnel,bpt6k6648355,,failed,0,0,,no_usable_pages,known,,,bpt6k6648355: no usable pages in manifest.,2026-07-17T20:28:35.272620
leconstitutionnel,bpt6k664836j,,failed,0,0,,no_usable_pages,known,,,bpt6k664836j: no usable pages in manifest.,2026-07-17T20:28:35.356498
leconstitutionnel,bpt6k664837x,,failed,0,0,,no_usable_pages,known,,,bpt6k664837x: no usable pages in manifest.,2026-07-17T20:28:35.433714
leconstitutionnel,bpt6k6648389,,failed,0,0,,no_usable_pages,known,,,bpt6k6648389: no usable pages in manifest.,2026-07-17T20:28:35.507728
leconstitutionnel,bpt6k664839p,,failed,0,0,,no_usable_pages,known,,,bpt6k664839p: no usable pages in manifest.,2026-07-17T20:28:35.595935
leconstitutionnel,bpt6k664840m,,failed,0,0,,no_usable_pages,known,,,bpt6k664840m: no usable pages in manifest.,2026-07-17T20:28:35.712616
leconstitutionnel,bpt6k6648410,,failed,0,0,,no_usable_pages,known,,,bpt6k6648410: no usable pages in manifest.,2026-07-17T20:28:35.880636
leconstitutionnel,bpt6k664842c,,failed,0,0,,no_usable_pages,known,,,bpt6k664842c: no usable pages in manifest.,2026-07-17T20:28:35.992695
leconstitutionnel,bpt6k664843r,,failed,0,0,,no_usable_pages,known,,,bpt6k664843r: no usable pages in manifest.,2026-07-17T20:28:36.085708
leconstitutionnel,bpt6k6648444,,failed,0,0,,no_usable_pages,known,,,bpt6k6648444: no usable pages in manifest.,2026-07-17T20:28:36.166596
leconstitutionnel,bpt6k664845h,,failed,0,0,,no_usable_pages,known,,,bpt6k664845h: no usable pages in manifest.,2026-07-17T20:28:36.240346
leconstitutionnel,bpt6k664846w,,failed,0,0,,no_usable_pages,known,,,bpt6k664846w: no usable pages in manifest.,2026-07-17T20:28:36.327232
leconstitutionnel,bpt6k6648478,,failed,0,0,,no_usable_pages,known,,,bpt6k6648478: no usable pages in manifest.,2026-07-17T20:28:36.395027
leconstitutionnel,bpt6k664848n,,failed,0,0,,no_usable_pages,known,,,bpt6k664848n: no usable pages in manifest.,2026-07-17T20:28:36.500135
leconstitutionnel,bpt6k6648491,,failed,0,0,,no_usable_pages,known,,,bpt6k6648491: no usable pages in manifest.,2026-07-17T20:28:36.580024
leconstitutionnel,bpt6k664850z,,failed,0,0,,no_usable_pages,known,,,bpt6k664850z: no usable pages in manifest.,2026-07-17T20:28:36.654696
leconstitutionnel,bpt6k664851b,,failed,0,0,,no_usable_pages,known,,,bpt6k664851b: no usable pages in manifest.,2026-07-17T20:28:36.731991
leconstitutionnel,bpt6k664852q,,failed,0,0,,no_usable_pages,known,,,bpt6k664852q: no usable pages in manifest.,2026-07-17T20:28:36.828017
leconstitutionnel,bpt6k6648533,,failed,0,0,,no_usable_pages,known,,,bpt6k6648533: no usable pages in manifest.,2026-07-17T20:28:36.928613
leconstitutionnel,bpt6k664854g,,failed,0,0,,no_usable_pages,known,,,bpt6k664854g: no usable pages in manifest.,2026-07-17T20:28:37.006267
leconstitutionnel,bpt6k664855v,,failed,0,0,,no_usable_pages,known,,,bpt6k664855v: no usable pages in manifest.,2026-07-17T20:28:37.115577
leconstitutionnel,bpt6k6648567,,failed,0,0,,no_usable_pages,known,,,bpt6k6648567: no usable pages in manifest.,2026-07-17T20:28:37.393188
leconstitutionnel,bpt6k664857m,,failed,0,0,,no_usable_pages,known,,,bpt6k664857m: no usable pages in manifest.,2026-07-17T20:28:37.487665
leconstitutionnel,bpt6k6648580,,failed,0,0,,no_usable_pages,known,,,bpt6k6648580: no usable pages in manifest.,2026-07-17T20:28:37.569865
leconstitutionnel,bpt6k664859c,,failed,0,0,,no_usable_pages,known,,,bpt6k664859c: no usable pages in manifest.,2026-07-17T20:28:37.643550
leconstitutionnel,bpt6k6648609,,failed,0,0,,no_usable_pages,known,,,bpt6k6648609: no usable pages in manifest.,2026-07-17T20:28:37.803816
leconstitutionnel,bpt6k664861p,,failed,0,0,,no_usable_pages,known,,,bpt6k664861p: no usable pages in manifest.,2026-07-17T20:28:37.899563
leconstitutionnel,bpt6k6648622,,failed,0,0,,no_usable_pages,known,,,bpt6k6648622: no usable pages in manifest.,2026-07-17T20:28:37.973111
leconstitutionnel,bpt6k664863f,,failed,0,0,,no_usable_pages,known,,,bpt6k664863f: no usable pages in manifest.,2026-07-17T20:28:38.048276
leconstitutionnel,bpt6k664864t,,failed,0,0,,no_usable_pages,known,,,bpt6k664864t: no usable pages in manifest.,2026-07-17T20:28:38.157813
leconstitutionnel,bpt6k6648656,,failed,0,0,,no_usable_pages,known,,,bpt6k6648656: no usable pages in manifest.,2026-07-17T20:28:38.275596
leconstitutionnel,bpt6k664866k,,failed,0,0,,no_usable_pages,known,,,bpt6k664866k: no usable pages in manifest.,2026-07-17T20:28:38.345077
leconstitutionnel,bpt6k664867z,,failed,0,0,,no_usable_pages,known,,,bpt6k664867z: no usable pages in manifest.,2026-07-17T20:28:38.437401
leconstitutionnel,bpt6k664868b,,failed,0,0,,no_usable_pages,known,,,bpt6k664868b: no usable pages in manifest.,2026-07-17T20:28:38.534136
leconstitutionnel,bpt6k664869q,,failed,0,0,,no_usable_pages,known,,,bpt6k664869q: no usable pages in manifest.,2026-07-17T20:28:38.617478
leconstitutionnel,bpt6k664870n,,failed,0,0,,no_usable_pages,known,,,bpt6k664870n: no usable pages in manifest.,2026-07-17T20:28:38.690095
leconstitutionnel,bpt6k6648711,,failed,0,0,,no_usable_pages,known,,,bpt6k6648711: no usable pages in manifest.,2026-07-17T20:28:38.843276
leconstitutionnel,bpt6k664872d,,failed,0,0,,no_usable_pages,known,,,bpt6k664872d: no usable pages in manifest.,2026-07-17T20:28:38.970884
leconstitutionnel,bpt6k664873s,,failed,0,0,,no_usable_pages,known,,,bpt6k664873s: no usable pages in manifest.,2026-07-17T20:28:39.076012
leconstitutionnel,bpt6k6648745,,failed,0,0,,no_usable_pages,known,,,bpt6k6648745: no usable pages in manifest.,2026-07-17T20:28:39.187562
leconstitutionnel,bpt6k664875j,,failed,0,0,,no_usable_pages,known,,,bpt6k664875j: no usable pages in manifest.,2026-07-17T20:28:39.291036
leconstitutionnel,bpt6k664876x,,failed,0,0,,no_usable_pages,known,,,bpt6k664876x: no usable pages in manifest.,2026-07-17T20:28:39.357912
leconstitutionnel,bpt6k6648779,,failed,0,0,,no_usable_pages,known,,,bpt6k6648779: no usable pages in manifest.,2026-07-17T20:28:39.444071
leconstitutionnel,bpt6k664878p,,failed,0,0,,no_usable_pages,known,,,bpt6k664878p: no usable pages in manifest.,2026-07-17T20:28:39.542495
leconstitutionnel,bpt6k6648792,,failed,0,0,,no_usable_pages,known,,,bpt6k6648792: no usable pages in manifest.,2026-07-17T20:28:39.622675
leconstitutionnel,bpt6k6648800,,failed,0,0,,no_usable_pages,known,,,bpt6k6648800: no usable pages in manifest.,2026-07-17T20:28:39.703931
leconstitutionnel,bpt6k664881c,,failed,0,0,,no_usable_pages,known,,,bpt6k664881c: no usable pages in manifest.,2026-07-17T20:28:39.817923
leconstitutionnel,bpt6k664882r,,failed,0,0,,no_usable_pages,known,,,bpt6k664882r: no usable pages in manifest.,2026-07-17T20:28:39.918010
leconstitutionnel,bpt6k6648834,,failed,0,0,,no_usable_pages,known,,,bpt6k6648834: no usable pages in manifest.,2026-07-17T20:28:40.036407
leconstitutionnel,bpt6k664884h,,failed,0,0,,no_usable_pages,known,,,bpt6k664884h: no usable pages in manifest.,2026-07-17T20:28:40.128963
leconstitutionnel,bpt6k664885w,,failed,0,0,,no_usable_pages,known,,,bpt6k664885w: no usable pages in manifest.,2026-07-17T20:28:40.226962
leconstitutionnel,bpt6k6648868,,failed,0,0,,no_usable_pages,known,,,bpt6k6648868: no usable pages in manifest.,2026-07-17T20:28:40.403008
leconstitutionnel,bpt6k664887n,,failed,0,0,,no_usable_pages,known,,,bpt6k664887n: no usable pages in manifest.,2026-07-17T20:28:40.473627
leconstitutionnel,bpt6k6648881,,failed,0,0,,no_usable_pages,known,,,bpt6k6648881: no usable pages in manifest.,2026-07-17T20:28:40.591109
leconstitutionnel,bpt6k664889d,,failed,0,0,,no_usable_pages,known,,,bpt6k664889d: no usable pages in manifest.,2026-07-17T20:28:40.684593
leconstitutionnel,bpt6k664890b,,failed,0,0,,no_usable_pages,known,,,bpt6k664890b: no usable pages in manifest.,2026-07-17T20:28:40.802170
leconstitutionnel,bpt6k664891q,,failed,0,0,,no_usable_pages,known,,,bpt6k664891q: no usable pages in manifest.,2026-07-17T20:28:40.946606
leconstitutionnel,bpt6k6648923,,failed,0,0,,no_usable_pages,known,,,bpt6k6648923: no usable pages in manifest.,2026-07-17T20:28:41.049109
leconstitutionnel,bpt6k664893g,,failed,0,0,,no_usable_pages,known,,,bpt6k664893g: no usable pages in manifest.,2026-07-17T20:28:41.134335
leconstitutionnel,bpt6k664894v,,failed,0,0,,no_usable_pages,known,,,bpt6k664894v: no usable pages in manifest.,2026-07-17T20:28:41.222206
leconstitutionnel,bpt6k6648957,,failed,0,0,,no_usable_pages,known,,,bpt6k6648957: no usable pages in manifest.,2026-07-17T20:28:41.308685
leconstitutionnel,bpt6k664896m,,failed,0,0,,no_usable_pages,known,,,bpt6k664896m: no usable pages in manifest.,2026-07-17T20:28:41.450026
leconstitutionnel,bpt6k6648970,,failed,0,0,,no_usable_pages,known,,,bpt6k6648970: no usable pages in manifest.,2026-07-17T20:28:41.539536
leconstitutionnel,bpt6k664898c,,failed,0,0,,no_usable_pages,known,,,bpt6k664898c: no usable pages in manifest.,2026-07-17T20:28:41.611304
leconstitutionnel,bpt6k664899r,,failed,0,0,,no_usable_pages,known,,,bpt6k664899r: no usable pages in manifest.,2026-07-17T20:28:41.697170
leconstitutionnel,bpt6k664900j,,failed,0,0,,no_usable_pages,known,,,bpt6k664900j: no usable pages in manifest.,2026-07-17T20:28:41.786091
leconstitutionnel,bpt6k664901x,,failed,0,0,,no_usable_pages,known,,,bpt6k664901x: no usable pages in manifest.,2026-07-17T20:28:41.951312
leconstitutionnel,bpt6k6649029,,failed,0,0,,no_usable_pages,known,,,bpt6k6649029: no usable pages in manifest.,2026-07-17T20:28:42.040357
leconstitutionnel,bpt6k664903p,,failed,0,0,,no_usable_pages,known,,,bpt6k664903p: no usable pages in manifest.,2026-07-17T20:28:42.122973
leconstitutionnel,bpt6k6649042,,failed,0,0,,no_usable_pages,known,,,bpt6k6649042: no usable pages in manifest.,2026-07-17T20:28:42.204896
leconstitutionnel,bpt6k664905f,,failed,0,0,,no_usable_pages,known,,,bpt6k664905f: no usable pages in manifest.,2026-07-17T20:28:42.322967
leconstitutionnel,bpt6k664906t,,failed,0,0,,no_usable_pages,known,,,bpt6k664906t: no usable pages in manifest.,2026-07-17T20:28:42.425465
leconstitutionnel,bpt6k6649076,,failed,0,0,,no_usable_pages,known,,,bpt6k6649076: no usable pages in manifest.,2026-07-17T20:28:42.508436
leconstitutionnel,bpt6k664908k,,failed,0,0,,no_usable_pages,known,,,bpt6k664908k: no usable pages in manifest.,2026-07-17T20:28:42.593228
leconstitutionnel,bpt6k664909z,,failed,0,0,,no_usable_pages,known,,,bpt6k664909z: no usable pages in manifest.,2026-07-17T20:28:42.691617
leconstitutionnel,bpt6k664910w,,failed,0,0,,no_usable_pages,known,,,bpt6k664910w: no usable pages in manifest.,2026-07-17T20:28:42.769032
leconstitutionnel,bpt6k6649118,,failed,0,0,,no_usable_pages,known,,,bpt6k6649118: no usable pages in manifest.,2026-07-17T20:28:42.856340
leconstitutionnel,bpt6k664912n,,failed,0,0,,no_usable_pages,known,,,bpt6k664912n: no usable pages in manifest.,2026-07-17T20:28:42.943698
leconstitutionnel,bpt6k6649131,,failed,0,0,,no_usable_pages,known,,,bpt6k6649131: no usable pages in manifest.,2026-07-17T20:28:43.066015
leconstitutionnel,bpt6k664914d,,failed,0,0,,no_usable_pages,known,,,bpt6k664914d: no usable pages in manifest.,2026-07-17T20:28:43.188663
leconstitutionnel,bpt6k664915s,,failed,0,0,,no_usable_pages,known,,,bpt6k664915s: no usable pages in manifest.,2026-07-17T20:28:43.265115
leconstitutionnel,bpt6k6649165,,failed,0,0,,no_usable_pages,known,,,bpt6k6649165: no usable pages in manifest.,2026-07-17T20:28:43.432345
leconstitutionnel,bpt6k664917j,,failed,0,0,,no_usable_pages,known,,,bpt6k664917j: no usable pages in manifest.,2026-07-17T20:28:43.532095
leconstitutionnel,bpt6k664918x,,failed,0,0,,no_usable_pages,known,,,bpt6k664918x: no usable pages in manifest.,2026-07-17T20:28:43.634514
leconstitutionnel,bpt6k6649199,,failed,0,0,,no_usable_pages,known,,,bpt6k6649199: no usable pages in manifest.,2026-07-17T20:28:43.717362
leconstitutionnel,bpt6k6649207,,failed,0,0,,no_usable_pages,known,,,bpt6k6649207: no usable pages in manifest.,2026-07-17T20:28:43.814030
leconstitutionnel,bpt6k664921m,,failed,0,0,,no_usable_pages,known,,,bpt6k664921m: no usable pages in manifest.,2026-07-17T20:28:43.897569
leconstitutionnel,bpt6k6649220,,failed,0,0,,no_usable_pages,known,,,bpt6k6649220: no usable pages in manifest.,2026-07-17T20:28:44.015528
leconstitutionnel,bpt6k664923c,,failed,0,0,,no_usable_pages,known,,,bpt6k664923c: no usable pages in manifest.,2026-07-17T20:28:44.142552
leconstitutionnel,bpt6k664924r,,failed,0,0,,no_usable_pages,known,,,bpt6k664924r: no usable pages in manifest.,2026-07-17T20:28:44.209634
leconstitutionnel,bpt6k6649254,,failed,0,0,,no_usable_pages,known,,,bpt6k6649254: no usable pages in manifest.,2026-07-17T20:28:44.279089
leconstitutionnel,bpt6k664926h,,failed,0,0,,no_usable_pages,known,,,bpt6k664926h: no usable pages in manifest.,2026-07-17T20:28:44.382567
leconstitutionnel,bpt6k664927w,,failed,0,0,,no_usable_pages,known,,,bpt6k664927w: no usable pages in manifest.,2026-07-17T20:28:44.467672
leconstitutionnel,bpt6k6649288,,failed,0,0,,no_usable_pages,known,,,bpt6k6649288: no usable pages in manifest.,2026-07-17T20:28:44.574068
leconstitutionnel,bpt6k664929n,,failed,0,0,,no_usable_pages,known,,,bpt6k664929n: no usable pages in manifest.,2026-07-17T20:28:44.631457
leconstitutionnel,bpt6k664930k,,failed,0,0,,no_usable_pages,known,,,bpt6k664930k: no usable pages in manifest.,2026-07-17T20:28:44.702567
leconstitutionnel,bpt6k664931z,,failed,0,0,,no_usable_pages,known,,,bpt6k664931z: no usable pages in manifest.,2026-07-17T20:28:44.787409
leconstitutionnel,bpt6k664932b,,failed,0,0,,no_usable_pages,known,,,bpt6k664932b: no usable pages in manifest.,2026-07-17T20:28:44.870436
leconstitutionnel,bpt6k664933q,,failed,0,0,,no_usable_pages,known,,,bpt6k664933q: no usable pages in manifest.,2026-07-17T20:28:44.968140
leconstitutionnel,bpt6k6649343,,failed,0,0,,no_usable_pages,known,,,bpt6k6649343: no usable pages in manifest.,2026-07-17T20:28:45.098979
leconstitutionnel,bpt6k664935g,,failed,0,0,,no_usable_pages,known,,,bpt6k664935g: no usable pages in manifest.,2026-07-17T20:28:45.360761
leconstitutionnel,bpt6k664936v,,failed,0,0,,no_usable_pages,known,,,bpt6k664936v: no usable pages in manifest.,2026-07-17T20:28:45.506615
leconstitutionnel,bpt6k6649377,,failed,0,0,,no_usable_pages,known,,,bpt6k6649377: no usable pages in manifest.,2026-07-17T20:28:45.631304
leconstitutionnel,bpt6k664938m,,failed,0,0,,no_usable_pages,known,,,bpt6k664938m: no usable pages in manifest.,2026-07-17T20:28:45.716534
leconstitutionnel,bpt6k6649390,,failed,0,0,,no_usable_pages,known,,,bpt6k6649390: no usable pages in manifest.,2026-07-17T20:28:45.835599
leconstitutionnel,bpt6k664940x,,failed,0,0,,no_usable_pages,known,,,bpt6k664940x: no usable pages in manifest.,2026-07-17T20:28:45.994067
leconstitutionnel,bpt6k6649419,,failed,0,0,,no_usable_pages,known,,,bpt6k6649419: no usable pages in manifest.,2026-07-17T20:28:46.062538
leconstitutionnel,bpt6k664942p,,failed,0,0,,no_usable_pages,known,,,bpt6k664942p: no usable pages in manifest.,2026-07-17T20:28:46.143538
leconstitutionnel,bpt6k6649432,,failed,0,0,,no_usable_pages,known,,,bpt6k6649432: no usable pages in manifest.,2026-07-17T20:28:46.225153
leconstitutionnel,bpt6k664944f,,failed,0,0,,no_usable_pages,known,,,bpt6k664944f: no usable pages in manifest.,2026-07-17T20:28:46.321647
leconstitutionnel,bpt6k664945t,,failed,0,0,,no_usable_pages,known,,,bpt6k664945t: no usable pages in manifest.,2026-07-17T20:28:46.412321
leconstitutionnel,bpt6k6649466,,failed,0,0,,no_usable_pages,known,,,bpt6k6649466: no usable pages in manifest.,2026-07-17T20:28:46.543297
leconstitutionnel,bpt6k664947k,,failed,0,0,,no_usable_pages,known,,,bpt6k664947k: no usable pages in manifest.,2026-07-17T20:28:46.671706
leconstitutionnel,bpt6k664948z,,failed,0,0,,no_usable_pages,known,,,bpt6k664948z: no usable pages in manifest.,2026-07-17T20:28:46.771051
leconstitutionnel,bpt6k664949b,,failed,0,0,,no_usable_pages,known,,,bpt6k664949b: no usable pages in manifest.,2026-07-17T20:28:46.878459
leconstitutionnel,bpt6k6649508,,failed,0,0,,no_usable_pages,known,,,bpt6k6649508: no usable pages in manifest.,2026-07-17T20:28:47.283047
leconstitutionnel,bpt6k664951n,,failed,0,0,,no_usable_pages,known,,,bpt6k664951n: no usable pages in manifest.,2026-07-17T20:28:47.428603
leconstitutionnel,bpt6k6649521,,failed,0,0,,no_usable_pages,known,,,bpt6k6649521: no usable pages in manifest.,2026-07-17T20:28:47.599139
leconstitutionnel,bpt6k664953d,,failed,0,0,,no_usable_pages,known,,,bpt6k664953d: no usable pages in manifest.,2026-07-17T20:28:47.723401
leconstitutionnel,bpt6k664954s,,failed,0,0,,no_usable_pages,known,,,bpt6k664954s: no usable pages in manifest.,2026-07-17T20:28:47.796804
leconstitutionnel,bpt6k6649555,,failed,0,0,,no_usable_pages,known,,,bpt6k6649555: no usable pages in manifest.,2026-07-17T20:28:47.910659
leconstitutionnel,bpt6k664956j,,failed,0,0,,no_usable_pages,known,,,bpt6k664956j: no usable pages in manifest.,2026-07-17T20:28:47.991060
leconstitutionnel,bpt6k664957x,,failed,0,0,,no_usable_pages,known,,,bpt6k664957x: no usable pages in manifest.,2026-07-17T20:28:48.133962
leconstitutionnel,bpt6k6649589,,failed,0,0,,no_usable_pages,known,,,bpt6k6649589: no usable pages in manifest.,2026-07-17T20:28:48.230097
leconstitutionnel,bpt6k664959p,,failed,0,0,,no_usable_pages,known,,,bpt6k664959p: no usable pages in manifest.,2026-07-17T20:28:48.329701
leconstitutionnel,bpt6k664960m,,failed,0,0,,no_usable_pages,known,,,bpt6k664960m: no usable pages in manifest.,2026-07-17T20:28:48.448408
leconstitutionnel,bpt6k6649610,,failed,0,0,,no_usable_pages,known,,,bpt6k6649610: no usable pages in manifest.,2026-07-17T20:28:48.530580
leconstitutionnel,bpt6k664962c,,failed,0,0,,no_usable_pages,known,,,bpt6k664962c: no usable pages in manifest.,2026-07-17T20:28:48.768000
leconstitutionnel,bpt6k664963r,,failed,0,0,,no_usable_pages,known,,,bpt6k664963r: no usable pages in manifest.,2026-07-17T20:28:48.877188
leconstitutionnel,bpt6k6649644,,failed,0,0,,no_usable_pages,known,,,bpt6k6649644: no usable pages in manifest.,2026-07-17T20:28:48.981665
leconstitutionnel,bpt6k664965h,,failed,0,0,,no_usable_pages,known,,,bpt6k664965h: no usable pages in manifest.,2026-07-17T20:28:49.063750
leconstitutionnel,bpt6k664966w,,failed,0,0,,no_usable_pages,known,,,bpt6k664966w: no usable pages in manifest.,2026-07-17T20:28:49.133110
leconstitutionnel,bpt6k6649678,,failed,0,0,,no_usable_pages,known,,,bpt6k6649678: no usable pages in manifest.,2026-07-17T20:28:49.226653
leconstitutionnel,bpt6k664968n,,failed,0,0,,no_usable_pages,known,,,bpt6k664968n: no usable pages in manifest.,2026-07-17T20:28:49.323481
leconstitutionnel,bpt6k6649691,,failed,0,0,,no_usable_pages,known,,,bpt6k6649691: no usable pages in manifest.,2026-07-17T20:28:49.386640
leconstitutionnel,bpt6k664970z,,failed,0,0,,no_usable_pages,known,,,bpt6k664970z: no usable pages in manifest.,2026-07-17T20:28:49.467212
leconstitutionnel,bpt6k664971b,,failed,0,0,,no_usable_pages,known,,,bpt6k664971b: no usable pages in manifest.,2026-07-17T20:28:49.563414
leconstitutionnel,bpt6k664972q,,failed,0,0,,no_usable_pages,known,,,bpt6k664972q: no usable pages in manifest.,2026-07-17T20:28:49.673262
leconstitutionnel,bpt6k6649733,,failed,0,0,,no_usable_pages,known,,,bpt6k6649733: no usable pages in manifest.,2026-07-17T20:28:49.767005
leconstitutionnel,bpt6k664974g,,failed,0,0,,no_usable_pages,known,,,bpt6k664974g: no usable pages in manifest.,2026-07-17T20:28:49.875230
leconstitutionnel,bpt6k664975v,,failed,0,0,,no_usable_pages,known,,,bpt6k664975v: no usable pages in manifest.,2026-07-17T20:28:49.972376
leconstitutionnel,bpt6k6649767,,failed,0,0,,no_usable_pages,known,,,bpt6k6649767: no usable pages in manifest.,2026-07-17T20:28:50.059242
leconstitutionnel,bpt6k664977m,,failed,0,0,,no_usable_pages,known,,,bpt6k664977m: no usable pages in manifest.,2026-07-17T20:28:50.417912
leconstitutionnel,bpt6k6649780,,failed,0,0,,no_usable_pages,known,,,bpt6k6649780: no usable pages in manifest.,2026-07-17T20:28:50.533756
leconstitutionnel,bpt6k664979c,,failed,0,0,,no_usable_pages,known,,,bpt6k664979c: no usable pages in manifest.,2026-07-17T20:28:50.643533
leconstitutionnel,bpt6k6649809,,failed,0,0,,no_usable_pages,known,,,bpt6k6649809: no usable pages in manifest.,2026-07-17T20:28:50.771937
leconstitutionnel,bpt6k664981p,,failed,0,0,,no_usable_pages,known,,,bpt6k664981p: no usable pages in manifest.,2026-07-17T20:28:50.873474
leconstitutionnel,bpt6k6649822,,failed,0,0,,no_usable_pages,known,,,bpt6k6649822: no usable pages in manifest.,2026-07-17T20:28:50.980063
leconstitutionnel,bpt6k664983f,,failed,0,0,,no_usable_pages,known,,,bpt6k664983f: no usable pages in manifest.,2026-07-17T20:28:51.083611
leconstitutionnel,bpt6k664984t,,failed,0,0,,no_usable_pages,known,,,bpt6k664984t: no usable pages in manifest.,2026-07-17T20:28:51.167578
leconstitutionnel,bpt6k6649856,,failed,0,0,,no_usable_pages,known,,,bpt6k6649856: no usable pages in manifest.,2026-07-17T20:28:51.257664
leconstitutionnel,bpt6k664986k,,failed,0,0,,no_usable_pages,known,,,bpt6k664986k: no usable pages in manifest.,2026-07-17T20:28:51.363108
leconstitutionnel,bpt6k664987z,,failed,0,0,,no_usable_pages,known,,,bpt6k664987z: no usable pages in manifest.,2026-07-17T20:28:51.442267
leconstitutionnel,bpt6k664988b,,failed,0,0,,no_usable_pages,known,,,bpt6k664988b: no usable pages in manifest.,2026-07-17T20:28:51.652870
leconstitutionnel,bpt6k664989q,,failed,0,0,,no_usable_pages,known,,,bpt6k664989q: no usable pages in manifest.,2026-07-17T20:28:51.764508
leconstitutionnel,bpt6k664990n,,failed,0,0,,no_usable_pages,known,,,bpt6k664990n: no usable pages in manifest.,2026-07-17T20:28:52.068086
leconstitutionnel,bpt6k6649911,,failed,0,0,,no_usable_pages,known,,,bpt6k6649911: no usable pages in manifest.,2026-07-17T20:28:52.161287
leconstitutionnel,bpt6k664992d,,failed,0,0,,no_usable_pages,known,,,bpt6k664992d: no usable pages in manifest.,2026-07-17T20:28:52.270992
leconstitutionnel,bpt6k664993s,,failed,0,0,,no_usable_pages,known,,,bpt6k664993s: no usable pages in manifest.,2026-07-17T20:28:52.372894
leconstitutionnel,bpt6k6649945,,failed,0,0,,no_usable_pages,known,,,bpt6k6649945: no usable pages in manifest.,2026-07-17T20:28:52.505504
leconstitutionnel,bpt6k664995j,,failed,0,0,,no_usable_pages,known,,,bpt6k664995j: no usable pages in manifest.,2026-07-17T20:28:52.614993
leconstitutionnel,bpt6k664996x,,failed,0,0,,no_usable_pages,known,,,bpt6k664996x: no usable pages in manifest.,2026-07-17T20:28:52.703023
leconstitutionnel,bpt6k6649979,,failed,0,0,,no_usable_pages,known,,,bpt6k6649979: no usable pages in manifest.,2026-07-17T20:28:52.813379
leconstitutionnel,bpt6k664998p,,failed,0,0,,no_usable_pages,known,,,bpt6k664998p: no usable pages in manifest.,2026-07-17T20:28:52.942762
leconstitutionnel,bpt6k6649992,,failed,0,0,,no_usable_pages,known,,,bpt6k6649992: no usable pages in manifest.,2026-07-17T20:28:53.019454
leconstitutionnel,bpt6k6650001,,failed,0,0,,no_usable_pages,known,,,bpt6k6650001: no usable pages in manifest.,2026-07-17T20:28:53.092949
leconstitutionnel,bpt6k665001d,,failed,0,0,,no_usable_pages,known,,,bpt6k665001d: no usable pages in manifest.,2026-07-17T20:28:53.173497
leconstitutionnel,bpt6k665002s,,failed,0,0,,no_usable_pages,known,,,bpt6k665002s: no usable pages in manifest.,2026-07-17T20:28:53.240117
leconstitutionnel,bpt6k6650035,,failed,0,0,,no_usable_pages,known,,,bpt6k6650035: no usable pages in manifest.,2026-07-17T20:28:53.304114
leconstitutionnel,bpt6k665004j,,failed,0,0,,no_usable_pages,known,,,bpt6k665004j: no usable pages in manifest.,2026-07-17T20:28:53.358997
leconstitutionnel,bpt6k665005x,,failed,0,0,,no_usable_pages,known,,,bpt6k665005x: no usable pages in manifest.,2026-07-17T20:28:53.405966
leconstitutionnel,bpt6k6650069,,failed,0,0,,no_usable_pages,known,,,bpt6k6650069: no usable pages in manifest.,2026-07-17T20:28:53.531883
leconstitutionnel,bpt6k665007p,,failed,0,0,,no_usable_pages,known,,,bpt6k665007p: no usable pages in manifest.,2026-07-17T20:28:53.665378
leconstitutionnel,bpt6k6650082,,failed,0,0,,no_usable_pages,known,,,bpt6k6650082: no usable pages in manifest.,2026-07-17T20:28:53.759304
leconstitutionnel,bpt6k665009f,,failed,0,0,,no_usable_pages,known,,,bpt6k665009f: no usable pages in manifest.,2026-07-17T20:28:53.867688
leconstitutionnel,bpt6k665010c,,failed,0,0,,no_usable_pages,known,,,bpt6k665010c: no usable pages in manifest.,2026-07-17T20:28:54.002410
leconstitutionnel,bpt6k665011r,,failed,0,0,,no_usable_pages,known,,,bpt6k665011r: no usable pages in manifest.,2026-07-17T20:28:54.090660
leconstitutionnel,bpt6k6650124,,failed,0,0,,no_usable_pages,known,,,bpt6k6650124: no usable pages in manifest.,2026-07-17T20:28:54.189568
leconstitutionnel,bpt6k665013h,,failed,0,0,,no_usable_pages,known,,,bpt6k665013h: no usable pages in manifest.,2026-07-17T20:28:54.268808
leconstitutionnel,bpt6k665014w,,failed,0,0,,no_usable_pages,known,,,bpt6k665014w: no usable pages in manifest.,2026-07-17T20:28:54.358735
leconstitutionnel,bpt6k6650158,,failed,0,0,,no_usable_pages,known,,,bpt6k6650158: no usable pages in manifest.,2026-07-17T20:28:54.439043
leconstitutionnel,bpt6k665016n,,failed,0,0,,no_usable_pages,known,,,bpt6k665016n: no usable pages in manifest.,2026-07-17T20:28:54.508745
leconstitutionnel,bpt6k6650171,,failed,0,0,,no_usable_pages,known,,,bpt6k6650171: no usable pages in manifest.,2026-07-17T20:28:54.631457
leconstitutionnel,bpt6k665018d,,failed,0,0,,no_usable_pages,known,,,bpt6k665018d: no usable pages in manifest.,2026-07-17T20:28:54.717915
leconstitutionnel,bpt6k665019s,,failed,0,0,,no_usable_pages,known,,,bpt6k665019s: no usable pages in manifest.,2026-07-17T20:28:54.795009
leconstitutionnel,bpt6k665020q,,failed,0,0,,no_usable_pages,known,,,bpt6k665020q: no usable pages in manifest.,2026-07-17T20:28:54.878874
leconstitutionnel,bpt6k6650213,,failed,0,0,,no_usable_pages,known,,,bpt6k6650213: no usable pages in manifest.,2026-07-17T20:28:55.256561
leconstitutionnel,bpt6k665022g,,failed,0,0,,no_usable_pages,known,,,bpt6k665022g: no usable pages in manifest.,2026-07-17T20:28:55.374697
leconstitutionnel,bpt6k665023v,,failed,0,0,,no_usable_pages,known,,,bpt6k665023v: no usable pages in manifest.,2026-07-17T20:28:55.535947
leconstitutionnel,bpt6k6650247,,failed,0,0,,no_usable_pages,known,,,bpt6k6650247: no usable pages in manifest.,2026-07-17T20:28:55.622112
leconstitutionnel,bpt6k665025m,,failed,0,0,,no_usable_pages,known,,,bpt6k665025m: no usable pages in manifest.,2026-07-17T20:28:55.716244
leconstitutionnel,bpt6k6650260,,failed,0,0,,no_usable_pages,known,,,bpt6k6650260: no usable pages in manifest.,2026-07-17T20:28:55.836590
leconstitutionnel,bpt6k665027c,,failed,0,0,,no_usable_pages,known,,,bpt6k665027c: no usable pages in manifest.,2026-07-17T20:28:55.963131
leconstitutionnel,bpt6k665028r,,failed,0,0,,no_usable_pages,known,,,bpt6k665028r: no usable pages in manifest.,2026-07-17T20:28:56.071730
leconstitutionnel,bpt6k6650294,,failed,0,0,,no_usable_pages,known,,,bpt6k6650294: no usable pages in manifest.,2026-07-17T20:28:56.209385
leconstitutionnel,bpt6k6650302,,failed,0,0,,no_usable_pages,known,,,bpt6k6650302: no usable pages in manifest.,2026-07-17T20:28:56.344320
leconstitutionnel,bpt6k665031f,,failed,0,0,,no_usable_pages,known,,,bpt6k665031f: no usable pages in manifest.,2026-07-17T20:28:56.428814
leconstitutionnel,bpt6k665032t,,failed,0,0,,no_usable_pages,known,,,bpt6k665032t: no usable pages in manifest.,2026-07-17T20:28:56.496836
leconstitutionnel,bpt6k6650336,,failed,0,0,,no_usable_pages,known,,,bpt6k6650336: no usable pages in manifest.,2026-07-17T20:28:56.604544
leconstitutionnel,bpt6k665034k,,failed,0,0,,no_usable_pages,known,,,bpt6k665034k: no usable pages in manifest.,2026-07-17T20:28:56.773935
leconstitutionnel,bpt6k665035z,,failed,0,0,,no_usable_pages,known,,,bpt6k665035z: no usable pages in manifest.,2026-07-17T20:28:56.997337
leconstitutionnel,bpt6k665036b,,failed,0,0,,no_usable_pages,known,,,bpt6k665036b: no usable pages in manifest.,2026-07-17T20:28:57.092884
leconstitutionnel,bpt6k665037q,,failed,0,0,,no_usable_pages,known,,,bpt6k665037q: no usable pages in manifest.,2026-07-17T20:28:57.221603
leconstitutionnel,bpt6k6650383,,failed,0,0,,no_usable_pages,known,,,bpt6k6650383: no usable pages in manifest.,2026-07-17T20:28:57.314076
leconstitutionnel,bpt6k665039g,,failed,0,0,,no_usable_pages,known,,,bpt6k665039g: no usable pages in manifest.,2026-07-17T20:28:57.390806
leconstitutionnel,bpt6k665040d,,failed,0,0,,no_usable_pages,known,,,bpt6k665040d: no usable pages in manifest.,2026-07-17T20:28:57.463828
leconstitutionnel,bpt6k665041s,,failed,0,0,,no_usable_pages,known,,,bpt6k665041s: no usable pages in manifest.,2026-07-17T20:28:57.614414
leconstitutionnel,bpt6k6650425,,failed,0,0,,no_usable_pages,known,,,bpt6k6650425: no usable pages in manifest.,2026-07-17T20:28:57.705270
leconstitutionnel,bpt6k665043j,,failed,0,0,,no_usable_pages,known,,,bpt6k665043j: no usable pages in manifest.,2026-07-17T20:28:57.827230
leconstitutionnel,bpt6k665044x,,failed,0,0,,no_usable_pages,known,,,bpt6k665044x: no usable pages in manifest.,2026-07-17T20:28:57.954709
leconstitutionnel,bpt6k6650459,,failed,0,0,,no_usable_pages,known,,,bpt6k6650459: no usable pages in manifest.,2026-07-17T20:28:58.066705
leconstitutionnel,bpt6k665046p,,failed,0,0,,no_usable_pages,known,,,bpt6k665046p: no usable pages in manifest.,2026-07-17T20:28:58.154640
leconstitutionnel,bpt6k6650472,,failed,0,0,,no_usable_pages,known,,,bpt6k6650472: no usable pages in manifest.,2026-07-17T20:28:58.296522
leconstitutionnel,bpt6k665048f,,failed,0,0,,no_usable_pages,known,,,bpt6k665048f: no usable pages in manifest.,2026-07-17T20:28:58.573322
leconstitutionnel,bpt6k665049t,,failed,0,0,,no_usable_pages,known,,,bpt6k665049t: no usable pages in manifest.,2026-07-17T20:28:58.704672
leconstitutionnel,bpt6k665050r,,failed,0,0,,no_usable_pages,known,,,bpt6k665050r: no usable pages in manifest.,2026-07-17T20:28:58.821681
leconstitutionnel,bpt6k6650514,,failed,0,0,,no_usable_pages,known,,,bpt6k6650514: no usable pages in manifest.,2026-07-17T20:28:58.923186
leconstitutionnel,bpt6k665052h,,failed,0,0,,no_usable_pages,known,,,bpt6k665052h: no usable pages in manifest.,2026-07-17T20:28:59.060096
leconstitutionnel,bpt6k665053w,,failed,0,0,,no_usable_pages,known,,,bpt6k665053w: no usable pages in manifest.,2026-07-17T20:28:59.188233
leconstitutionnel,bpt6k6650548,,failed,0,0,,no_usable_pages,known,,,bpt6k6650548: no usable pages in manifest.,2026-07-17T20:28:59.312211
leconstitutionnel,bpt6k665055n,,failed,0,0,,no_usable_pages,known,,,bpt6k665055n: no usable pages in manifest.,2026-07-17T20:28:59.419842
leconstitutionnel,bpt6k6650561,,failed,0,0,,no_usable_pages,known,,,bpt6k6650561: no usable pages in manifest.,2026-07-17T20:28:59.560569
leconstitutionnel,bpt6k665058s,,failed,0,0,,no_usable_pages,known,,,bpt6k665058s: no usable pages in manifest.,2026-07-17T20:28:59.648221
leconstitutionnel,bpt6k6650595,,failed,0,0,,no_usable_pages,known,,,bpt6k6650595: no usable pages in manifest.,2026-07-17T20:28:59.716827
leconstitutionnel,bpt6k6650603,,failed,0,0,,no_usable_pages,known,,,bpt6k6650603: no usable pages in manifest.,2026-07-17T20:28:59.798604
leconstitutionnel,bpt6k665061g,,failed,0,0,,no_usable_pages,known,,,bpt6k665061g: no usable pages in manifest.,2026-07-17T20:28:59.888557
leconstitutionnel,bpt6k665062v,,failed,0,0,,no_usable_pages,known,,,bpt6k665062v: no usable pages in manifest.,2026-07-17T20:29:00.074580
leconstitutionnel,bpt6k6650637,,failed,0,0,,no_usable_pages,known,,,bpt6k6650637: no usable pages in manifest.,2026-07-17T20:29:00.435028
leconstitutionnel,bpt6k665064m,,failed,0,0,,no_usable_pages,known,,,bpt6k665064m: no usable pages in manifest.,2026-07-17T20:29:00.561275
leconstitutionnel,bpt6k6650650,,failed,0,0,,no_usable_pages,known,,,bpt6k6650650: no usable pages in manifest.,2026-07-17T20:29:00.660053
leconstitutionnel,bpt6k665066c,,failed,0,0,,no_usable_pages,known,,,bpt6k665066c: no usable pages in manifest.,2026-07-17T20:29:00.731389
leconstitutionnel,bpt6k665067r,,failed,0,0,,no_usable_pages,known,,,bpt6k665067r: no usable pages in manifest.,2026-07-17T20:29:00.822584
leconstitutionnel,bpt6k6650684,,failed,0,0,,no_usable_pages,known,,,bpt6k6650684: no usable pages in manifest.,2026-07-17T20:29:00.917671
leconstitutionnel,bpt6k665069h,,failed,0,0,,no_usable_pages,known,,,bpt6k665069h: no usable pages in manifest.,2026-07-17T20:29:01.024699
leconstitutionnel,bpt6k665070f,,failed,0,0,,no_usable_pages,known,,,bpt6k665070f: no usable pages in manifest.,2026-07-17T20:29:01.124445
leconstitutionnel,bpt6k665071t,,failed,0,0,,no_usable_pages,known,,,bpt6k665071t: no usable pages in manifest.,2026-07-17T20:29:01.251517
leconstitutionnel,bpt6k6650726,,failed,0,0,,no_usable_pages,known,,,bpt6k6650726: no usable pages in manifest.,2026-07-17T20:29:01.378380
leconstitutionnel,bpt6k665073k,,failed,0,0,,no_usable_pages,known,,,bpt6k665073k: no usable pages in manifest.,2026-07-17T20:29:01.488321
leconstitutionnel,bpt6k665074z,,failed,0,0,,no_usable_pages,known,,,bpt6k665074z: no usable pages in manifest.,2026-07-17T20:29:01.580111
leconstitutionnel,bpt6k665075b,,failed,0,0,,no_usable_pages,known,,,bpt6k665075b: no usable pages in manifest.,2026-07-17T20:29:01.644367
leconstitutionnel,bpt6k665076q,,failed,0,0,,no_usable_pages,known,,,bpt6k665076q: no usable pages in manifest.,2026-07-17T20:29:01.733873
leconstitutionnel,bpt6k6650773,,failed,0,0,,no_usable_pages,known,,,bpt6k6650773: no usable pages in manifest.,2026-07-17T20:29:01.840854
leconstitutionnel,bpt6k665078g,,failed,0,0,,no_usable_pages,known,,,bpt6k665078g: no usable pages in manifest.,2026-07-17T20:29:01.957500
leconstitutionnel,bpt6k665079v,,failed,0,0,,no_usable_pages,known,,,bpt6k665079v: no usable pages in manifest.,2026-07-17T20:29:02.048198
leconstitutionnel,bpt6k665080s,,failed,0,0,,no_usable_pages,known,,,bpt6k665080s: no usable pages in manifest.,2026-07-17T20:29:02.163663
leconstitutionnel,bpt6k6650815,,failed,0,0,,no_usable_pages,known,,,bpt6k6650815: no usable pages in manifest.,2026-07-17T20:29:02.275809
leconstitutionnel,bpt6k665082j,,failed,0,0,,no_usable_pages,known,,,bpt6k665082j: no usable pages in manifest.,2026-07-17T20:29:02.405327
leconstitutionnel,bpt6k665083x,,failed,0,0,,no_usable_pages,known,,,bpt6k665083x: no usable pages in manifest.,2026-07-17T20:29:02.478596
leconstitutionnel,bpt6k6650849,,failed,0,0,,no_usable_pages,known,,,bpt6k6650849: no usable pages in manifest.,2026-07-17T20:29:02.528849
leconstitutionnel,bpt6k665085p,,failed,0,0,,no_usable_pages,known,,,bpt6k665085p: no usable pages in manifest.,2026-07-17T20:29:02.674990
leconstitutionnel,bpt6k6650862,,failed,0,0,,no_usable_pages,known,,,bpt6k6650862: no usable pages in manifest.,2026-07-17T20:29:02.758657
leconstitutionnel,bpt6k665087f,,failed,0,0,,no_usable_pages,known,,,bpt6k665087f: no usable pages in manifest.,2026-07-17T20:29:02.843453
leconstitutionnel,bpt6k665088t,,failed,0,0,,no_usable_pages,known,,,bpt6k665088t: no usable pages in manifest.,2026-07-17T20:29:02.915254
leconstitutionnel,bpt6k6650896,,failed,0,0,,no_usable_pages,known,,,bpt6k6650896: no usable pages in manifest.,2026-07-17T20:29:03.008242
leconstitutionnel,bpt6k6650904,,failed,0,0,,no_usable_pages,known,,,bpt6k6650904: no usable pages in manifest.,2026-07-17T20:29:03.097936
leconstitutionnel,bpt6k665091h,,failed,0,0,,no_usable_pages,known,,,bpt6k665091h: no usable pages in manifest.,2026-07-17T20:29:03.198681
leconstitutionnel,bpt6k665092w,,failed,0,0,,no_usable_pages,known,,,bpt6k665092w: no usable pages in manifest.,2026-07-17T20:29:03.389446
leconstitutionnel,bpt6k6650938,,failed,0,0,,no_usable_pages,known,,,bpt6k6650938: no usable pages in manifest.,2026-07-17T20:29:03.549165
leconstitutionnel,bpt6k665094n,,failed,0,0,,no_usable_pages,known,,,bpt6k665094n: no usable pages in manifest.,2026-07-17T20:29:03.629850
leconstitutionnel,bpt6k6650951,,failed,0,0,,no_usable_pages,known,,,bpt6k6650951: no usable pages in manifest.,2026-07-17T20:29:03.707053
leconstitutionnel,bpt6k665096d,,failed,0,0,,no_usable_pages,known,,,bpt6k665096d: no usable pages in manifest.,2026-07-17T20:29:03.803916
leconstitutionnel,bpt6k665097s,,failed,0,0,,no_usable_pages,known,,,bpt6k665097s: no usable pages in manifest.,2026-07-17T20:29:03.859139
leconstitutionnel,bpt6k6650985,,failed,0,0,,no_usable_pages,known,,,bpt6k6650985: no usable pages in manifest.,2026-07-17T20:29:03.982813
leconstitutionnel,bpt6k665099j,,failed,0,0,,no_usable_pages,known,,,bpt6k665099j: no usable pages in manifest.,2026-07-17T20:29:04.059700
leconstitutionnel,bpt6k665100b,,failed,0,0,,no_usable_pages,known,,,bpt6k665100b: no usable pages in manifest.,2026-07-17T20:29:04.156114
leconstitutionnel,bpt6k665101q,,failed,0,0,,no_usable_pages,known,,,bpt6k665101q: no usable pages in manifest.,2026-07-17T20:29:04.235777
leconstitutionnel,bpt6k6651023,,failed,0,0,,no_usable_pages,known,,,bpt6k6651023: no usable pages in manifest.,2026-07-17T20:29:04.315669
leconstitutionnel,bpt6k665103g,,failed,0,0,,no_usable_pages,known,,,bpt6k665103g: no usable pages in manifest.,2026-07-17T20:29:04.387493
leconstitutionnel,bpt6k665104v,,failed,0,0,,no_usable_pages,known,,,bpt6k665104v: no usable pages in manifest.,2026-07-17T20:29:04.502360
leconstitutionnel,bpt6k6651057,,failed,0,0,,no_usable_pages,known,,,bpt6k6651057: no usable pages in manifest.,2026-07-17T20:29:04.746506
leconstitutionnel,bpt6k665106m,,failed,0,0,,no_usable_pages,known,,,bpt6k665106m: no usable pages in manifest.,2026-07-17T20:29:04.916638
leconstitutionnel,bpt6k6651070,,failed,0,0,,no_usable_pages,known,,,bpt6k6651070: no usable pages in manifest.,2026-07-17T20:29:05.029193
leconstitutionnel,bpt6k665108c,,failed,0,0,,no_usable_pages,known,,,bpt6k665108c: no usable pages in manifest.,2026-07-17T20:29:05.106253
leconstitutionnel,bpt6k665109r,,failed,0,0,,no_usable_pages,known,,,bpt6k665109r: no usable pages in manifest.,2026-07-17T20:29:05.199179
leconstitutionnel,bpt6k665110p,,failed,0,0,,no_usable_pages,known,,,bpt6k665110p: no usable pages in manifest.,2026-07-17T20:29:05.303999
leconstitutionnel,bpt6k6651112,,failed,0,0,,no_usable_pages,known,,,bpt6k6651112: no usable pages in manifest.,2026-07-17T20:29:05.440695
leconstitutionnel,bpt6k665112f,,failed,0,0,,no_usable_pages,known,,,bpt6k665112f: no usable pages in manifest.,2026-07-17T20:29:05.557456
leconstitutionnel,bpt6k665113t,,failed,0,0,,no_usable_pages,known,,,bpt6k665113t: no usable pages in manifest.,2026-07-17T20:29:05.683917
leconstitutionnel,bpt6k6651146,,failed,0,0,,no_usable_pages,known,,,bpt6k6651146: no usable pages in manifest.,2026-07-17T20:29:05.810921
leconstitutionnel,bpt6k665115k,,failed,0,0,,no_usable_pages,known,,,bpt6k665115k: no usable pages in manifest.,2026-07-17T20:29:05.941893
leconstitutionnel,bpt6k665116z,,failed,0,0,,no_usable_pages,known,,,bpt6k665116z: no usable pages in manifest.,2026-07-17T20:29:06.051501
leconstitutionnel,bpt6k665117b,,failed,0,0,,no_usable_pages,known,,,bpt6k665117b: no usable pages in manifest.,2026-07-17T20:29:06.163029
leconstitutionnel,bpt6k665118q,,failed,0,0,,no_usable_pages,known,,,bpt6k665118q: no usable pages in manifest.,2026-07-17T20:29:06.263380
leconstitutionnel,bpt6k6651193,,failed,0,0,,no_usable_pages,known,,,bpt6k6651193: no usable pages in manifest.,2026-07-17T20:29:06.379419
leconstitutionnel,bpt6k6651201,,failed,0,0,,no_usable_pages,known,,,bpt6k6651201: no usable pages in manifest.,2026-07-17T20:29:06.618460
leconstitutionnel,bpt6k665121d,,failed,0,0,,no_usable_pages,known,,,bpt6k665121d: no usable pages in manifest.,2026-07-17T20:29:06.742662
leconstitutionnel,bpt6k665122s,,failed,0,0,,no_usable_pages,known,,,bpt6k665122s: no usable pages in manifest.,2026-07-17T20:29:06.838182
leconstitutionnel,bpt6k6651235,,failed,0,0,,no_usable_pages,known,,,bpt6k6651235: no usable pages in manifest.,2026-07-17T20:29:06.914912
leconstitutionnel,bpt6k665124j,,failed,0,0,,no_usable_pages,known,,,bpt6k665124j: no usable pages in manifest.,2026-07-17T20:29:06.987192
leconstitutionnel,bpt6k665125x,,failed,0,0,,no_usable_pages,known,,,bpt6k665125x: no usable pages in manifest.,2026-07-17T20:29:07.053023
leconstitutionnel,bpt6k6651269,,failed,0,0,,no_usable_pages,known,,,bpt6k6651269: no usable pages in manifest.,2026-07-17T20:29:07.163135
leconstitutionnel,bpt6k665127p,,failed,0,0,,no_usable_pages,known,,,bpt6k665127p: no usable pages in manifest.,2026-07-17T20:29:07.260856
leconstitutionnel,bpt6k6651282,,failed,0,0,,no_usable_pages,known,,,bpt6k6651282: no usable pages in manifest.,2026-07-17T20:29:07.341875
leconstitutionnel,bpt6k665129f,,failed,0,0,,no_usable_pages,known,,,bpt6k665129f: no usable pages in manifest.,2026-07-17T20:29:07.404343
leconstitutionnel,bpt6k665130c,,failed,0,0,,no_usable_pages,known,,,bpt6k665130c: no usable pages in manifest.,2026-07-17T20:29:07.472349
leconstitutionnel,bpt6k665131r,,failed,0,0,,no_usable_pages,known,,,bpt6k665131r: no usable pages in manifest.,2026-07-17T20:29:07.565722
leconstitutionnel,bpt6k6651324,,failed,0,0,,no_usable_pages,known,,,bpt6k6651324: no usable pages in manifest.,2026-07-17T20:29:07.658464
leconstitutionnel,bpt6k665133h,,failed,0,0,,no_usable_pages,known,,,bpt6k665133h: no usable pages in manifest.,2026-07-17T20:29:07.787658
leconstitutionnel,bpt6k665134w,,failed,0,0,,no_usable_pages,known,,,bpt6k665134w: no usable pages in manifest.,2026-07-17T20:29:07.893873
leconstitutionnel,bpt6k6651358,,failed,0,0,,no_usable_pages,known,,,bpt6k6651358: no usable pages in manifest.,2026-07-17T20:29:08.064566
leconstitutionnel,bpt6k665136n,,failed,0,0,,no_usable_pages,known,,,bpt6k665136n: no usable pages in manifest.,2026-07-17T20:29:08.212481
leconstitutionnel,bpt6k6651371,,failed,0,0,,no_usable_pages,known,,,bpt6k6651371: no usable pages in manifest.,2026-07-17T20:29:08.294431
leconstitutionnel,bpt6k665138d,,failed,0,0,,no_usable_pages,known,,,bpt6k665138d: no usable pages in manifest.,2026-07-17T20:29:08.374765
leconstitutionnel,bpt6k665139s,,failed,0,0,,no_usable_pages,known,,,bpt6k665139s: no usable pages in manifest.,2026-07-17T20:29:08.479068
leconstitutionnel,bpt6k665140q,,failed,0,0,,no_usable_pages,known,,,bpt6k665140q: no usable pages in manifest.,2026-07-17T20:29:08.566738
leconstitutionnel,bpt6k6651413,,failed,0,0,,no_usable_pages,known,,,bpt6k6651413: no usable pages in manifest.,2026-07-17T20:29:08.646295
leconstitutionnel,bpt6k665142g,,failed,0,0,,no_usable_pages,known,,,bpt6k665142g: no usable pages in manifest.,2026-07-17T20:29:08.720548
leconstitutionnel,bpt6k665143v,,failed,0,0,,no_usable_pages,known,,,bpt6k665143v: no usable pages in manifest.,2026-07-17T20:29:08.847159
leconstitutionnel,bpt6k6651447,,failed,0,0,,no_usable_pages,known,,,bpt6k6651447: no usable pages in manifest.,2026-07-17T20:29:08.942462
leconstitutionnel,bpt6k665145m,,failed,0,0,,no_usable_pages,known,,,bpt6k665145m: no usable pages in manifest.,2026-07-17T20:29:09.007738
leconstitutionnel,bpt6k6651460,,failed,0,0,,no_usable_pages,known,,,bpt6k6651460: no usable pages in manifest.,2026-07-17T20:29:09.069829
leconstitutionnel,bpt6k665147c,,failed,0,0,,no_usable_pages,known,,,bpt6k665147c: no usable pages in manifest.,2026-07-17T20:29:09.177378
leconstitutionnel,bpt6k665148r,,failed,0,0,,no_usable_pages,known,,,bpt6k665148r: no usable pages in manifest.,2026-07-17T20:29:09.256871
leconstitutionnel,bpt6k6651494,,failed,0,0,,no_usable_pages,known,,,bpt6k6651494: no usable pages in manifest.,2026-07-17T20:29:09.340963
leconstitutionnel,bpt6k6651502,,failed,0,0,,no_usable_pages,known,,,bpt6k6651502: no usable pages in manifest.,2026-07-17T20:29:09.417619
leconstitutionnel,bpt6k665151f,,failed,0,0,,no_usable_pages,known,,,bpt6k665151f: no usable pages in manifest.,2026-07-17T20:29:09.534644
leconstitutionnel,bpt6k665152t,,failed,0,0,,no_usable_pages,known,,,bpt6k665152t: no usable pages in manifest.,2026-07-17T20:29:09.689222
leconstitutionnel,bpt6k6651536,,failed,0,0,,no_usable_pages,known,,,bpt6k6651536: no usable pages in manifest.,2026-07-17T20:29:09.788316
leconstitutionnel,bpt6k665154k,,failed,0,0,,no_usable_pages,known,,,bpt6k665154k: no usable pages in manifest.,2026-07-17T20:29:09.944975
leconstitutionnel,bpt6k665155z,,failed,0,0,,no_usable_pages,known,,,bpt6k665155z: no usable pages in manifest.,2026-07-17T20:29:10.020295
leconstitutionnel,bpt6k665156b,,failed,0,0,,no_usable_pages,known,,,bpt6k665156b: no usable pages in manifest.,2026-07-17T20:29:10.118382
leconstitutionnel,bpt6k665157q,,failed,0,0,,no_usable_pages,known,,,bpt6k665157q: no usable pages in manifest.,2026-07-17T20:29:10.219456
leconstitutionnel,bpt6k6651583,,failed,0,0,,no_usable_pages,known,,,bpt6k6651583: no usable pages in manifest.,2026-07-17T20:29:10.290155
leconstitutionnel,bpt6k665159g,,failed,0,0,,no_usable_pages,known,,,bpt6k665159g: no usable pages in manifest.,2026-07-17T20:29:10.352551
leconstitutionnel,bpt6k665160d,,failed,0,0,,no_usable_pages,known,,,bpt6k665160d: no usable pages in manifest.,2026-07-17T20:29:10.456283
leconstitutionnel,bpt6k665161s,,failed,0,0,,no_usable_pages,known,,,bpt6k665161s: no usable pages in manifest.,2026-07-17T20:29:10.596898
leconstitutionnel,bpt6k6651625,,failed,0,0,,no_usable_pages,known,,,bpt6k6651625: no usable pages in manifest.,2026-07-17T20:29:10.758092
leconstitutionnel,bpt6k665163j,,failed,0,0,,no_usable_pages,known,,,bpt6k665163j: no usable pages in manifest.,2026-07-17T20:29:10.886431
leconstitutionnel,bpt6k665164x,,failed,0,0,,no_usable_pages,known,,,bpt6k665164x: no usable pages in manifest.,2026-07-17T20:29:11.158173
leconstitutionnel,bpt6k6651659,,failed,0,0,,no_usable_pages,known,,,bpt6k6651659: no usable pages in manifest.,2026-07-17T20:29:11.264993
leconstitutionnel,bpt6k665166p,,failed,0,0,,no_usable_pages,known,,,bpt6k665166p: no usable pages in manifest.,2026-07-17T20:29:11.337293
leconstitutionnel,bpt6k6651672,,failed,0,0,,no_usable_pages,known,,,bpt6k6651672: no usable pages in manifest.,2026-07-17T20:29:11.421886
leconstitutionnel,bpt6k665168f,,failed,0,0,,no_usable_pages,known,,,bpt6k665168f: no usable pages in manifest.,2026-07-17T20:29:11.494779
leconstitutionnel,bpt6k665169t,,failed,0,0,,no_usable_pages,known,,,bpt6k665169t: no usable pages in manifest.,2026-07-17T20:29:11.616457
leconstitutionnel,bpt6k665170r,,failed,0,0,,no_usable_pages,known,,,bpt6k665170r: no usable pages in manifest.,2026-07-17T20:29:11.717464
leconstitutionnel,bpt6k6651714,,failed,0,0,,no_usable_pages,known,,,bpt6k6651714: no usable pages in manifest.,2026-07-17T20:29:11.800355
leconstitutionnel,bpt6k665172h,,failed,0,0,,no_usable_pages,known,,,bpt6k665172h: no usable pages in manifest.,2026-07-17T20:29:11.928009
leconstitutionnel,bpt6k665173w,,failed,0,0,,no_usable_pages,known,,,bpt6k665173w: no usable pages in manifest.,2026-07-17T20:29:12.123493
leconstitutionnel,bpt6k6651748,,failed,0,0,,no_usable_pages,known,,,bpt6k6651748: no usable pages in manifest.,2026-07-17T20:29:12.217058
leconstitutionnel,bpt6k665175n,,failed,0,0,,no_usable_pages,known,,,bpt6k665175n: no usable pages in manifest.,2026-07-17T20:29:12.344492
leconstitutionnel,bpt6k6651761,,failed,0,0,,no_usable_pages,known,,,bpt6k6651761: no usable pages in manifest.,2026-07-17T20:29:12.401958
leconstitutionnel,bpt6k665177d,,failed,0,0,,no_usable_pages,known,,,bpt6k665177d: no usable pages in manifest.,2026-07-17T20:29:12.489818
leconstitutionnel,bpt6k665178s,,failed,0,0,,no_usable_pages,known,,,bpt6k665178s: no usable pages in manifest.,2026-07-17T20:29:12.572554
leconstitutionnel,bpt6k6651795,,failed,0,0,,no_usable_pages,known,,,bpt6k6651795: no usable pages in manifest.,2026-07-17T20:29:12.645599
leconstitutionnel,bpt6k6651803,,failed,0,0,,no_usable_pages,known,,,bpt6k6651803: no usable pages in manifest.,2026-07-17T20:29:12.941344
leconstitutionnel,bpt6k665181g,,failed,0,0,,no_usable_pages,known,,,bpt6k665181g: no usable pages in manifest.,2026-07-17T20:29:13.016221
leconstitutionnel,bpt6k665182v,,failed,0,0,,no_usable_pages,known,,,bpt6k665182v: no usable pages in manifest.,2026-07-17T20:29:13.165598
leconstitutionnel,bpt6k6651837,,failed,0,0,,no_usable_pages,known,,,bpt6k6651837: no usable pages in manifest.,2026-07-17T20:29:13.262228
leconstitutionnel,bpt6k665184m,,failed,0,0,,no_usable_pages,known,,,bpt6k665184m: no usable pages in manifest.,2026-07-17T20:29:13.365487
leconstitutionnel,bpt6k6651850,,failed,0,0,,no_usable_pages,known,,,bpt6k6651850: no usable pages in manifest.,2026-07-17T20:29:13.457154
leconstitutionnel,bpt6k665186c,,failed,0,0,,no_usable_pages,known,,,bpt6k665186c: no usable pages in manifest.,2026-07-17T20:29:13.544281
leconstitutionnel,bpt6k665187r,,failed,0,0,,no_usable_pages,known,,,bpt6k665187r: no usable pages in manifest.,2026-07-17T20:29:13.680219
leconstitutionnel,bpt6k6651884,,failed,0,0,,no_usable_pages,known,,,bpt6k6651884: no usable pages in manifest.,2026-07-17T20:29:13.762272
leconstitutionnel,bpt6k665189h,,failed,0,0,,no_usable_pages,known,,,bpt6k665189h: no usable pages in manifest.,2026-07-17T20:29:13.849526
leconstitutionnel,bpt6k665190f,,failed,0,0,,no_usable_pages,known,,,bpt6k665190f: no usable pages in manifest.,2026-07-17T20:29:13.922598
leconstitutionnel,bpt6k665191t,,failed,0,0,,no_usable_pages,known,,,bpt6k665191t: no usable pages in manifest.,2026-07-17T20:29:13.993340
leconstitutionnel,bpt6k6651926,,failed,0,0,,no_usable_pages,known,,,bpt6k6651926: no usable pages in manifest.,2026-07-17T20:29:14.075738
leconstitutionnel,bpt6k665193k,,failed,0,0,,no_usable_pages,known,,,bpt6k665193k: no usable pages in manifest.,2026-07-17T20:29:14.223998
leconstitutionnel,bpt6k665194z,,failed,0,0,,no_usable_pages,known,,,bpt6k665194z: no usable pages in manifest.,2026-07-17T20:29:14.430086
leconstitutionnel,bpt6k665195b,,failed,0,0,,no_usable_pages,known,,,bpt6k665195b: no usable pages in manifest.,2026-07-17T20:29:14.680378
leconstitutionnel,bpt6k665196q,,failed,0,0,,no_usable_pages,known,,,bpt6k665196q: no usable pages in manifest.,2026-07-17T20:29:14.821496
leconstitutionnel,bpt6k6651973,,failed,0,0,,no_usable_pages,known,,,bpt6k6651973: no usable pages in manifest.,2026-07-17T20:29:14.898075
leconstitutionnel,bpt6k665198g,,failed,0,0,,no_usable_pages,known,,,bpt6k665198g: no usable pages in manifest.,2026-07-17T20:29:15.030616
leconstitutionnel,bpt6k665199v,,failed,0,0,,no_usable_pages,known,,,bpt6k665199v: no usable pages in manifest.,2026-07-17T20:29:15.166941
leconstitutionnel,bpt6k665200n,,failed,0,0,,no_usable_pages,known,,,bpt6k665200n: no usable pages in manifest.,2026-07-17T20:29:15.351217
leconstitutionnel,bpt6k6652011,,failed,0,0,,no_usable_pages,known,,,bpt6k6652011: no usable pages in manifest.,2026-07-17T20:29:15.546990
leconstitutionnel,bpt6k665202d,,failed,0,0,,no_usable_pages,known,,,bpt6k665202d: no usable pages in manifest.,2026-07-17T20:29:15.688562
leconstitutionnel,bpt6k665203s,,failed,0,0,,no_usable_pages,known,,,bpt6k665203s: no usable pages in manifest.,2026-07-17T20:29:15.818287
leconstitutionnel,bpt6k6652045,,failed,0,0,,no_usable_pages,known,,,bpt6k6652045: no usable pages in manifest.,2026-07-17T20:29:16.109452
leconstitutionnel,bpt6k665205j,,failed,0,0,,no_usable_pages,known,,,bpt6k665205j: no usable pages in manifest.,2026-07-17T20:29:16.306648
leconstitutionnel,bpt6k665206x,,failed,0,0,,no_usable_pages,known,,,bpt6k665206x: no usable pages in manifest.,2026-07-17T20:29:16.471133
leconstitutionnel,bpt6k6652079,,failed,0,0,,no_usable_pages,known,,,bpt6k6652079: no usable pages in manifest.,2026-07-17T20:29:16.590807
leconstitutionnel,bpt6k665208p,,failed,0,0,,no_usable_pages,known,,,bpt6k665208p: no usable pages in manifest.,2026-07-17T20:29:16.684828
leconstitutionnel,bpt6k6652092,,failed,0,0,,no_usable_pages,known,,,bpt6k6652092: no usable pages in manifest.,2026-07-17T20:29:16.849724
leconstitutionnel,bpt6k6652100,,failed,0,0,,no_usable_pages,known,,,bpt6k6652100: no usable pages in manifest.,2026-07-17T20:29:17.016015
leconstitutionnel,bpt6k665211c,,failed,0,0,,no_usable_pages,known,,,bpt6k665211c: no usable pages in manifest.,2026-07-17T20:29:17.235550
leconstitutionnel,bpt6k665212r,,failed,0,0,,no_usable_pages,known,,,bpt6k665212r: no usable pages in manifest.,2026-07-17T20:29:17.400054
leconstitutionnel,bpt6k6652134,,failed,0,0,,no_usable_pages,known,,,bpt6k6652134: no usable pages in manifest.,2026-07-17T20:29:17.550133
leconstitutionnel,bpt6k665214h,,failed,0,0,,no_usable_pages,known,,,bpt6k665214h: no usable pages in manifest.,2026-07-17T20:29:17.646190
leconstitutionnel,bpt6k665215w,,failed,0,0,,no_usable_pages,known,,,bpt6k665215w: no usable pages in manifest.,2026-07-17T20:29:17.731379
leconstitutionnel,bpt6k6652168,,failed,0,0,,no_usable_pages,known,,,bpt6k6652168: no usable pages in manifest.,2026-07-17T20:29:17.819738
leconstitutionnel,bpt6k665217n,,failed,0,0,,no_usable_pages,known,,,bpt6k665217n: no usable pages in manifest.,2026-07-17T20:29:17.921759
leconstitutionnel,bpt6k6652181,,failed,0,0,,no_usable_pages,known,,,bpt6k6652181: no usable pages in manifest.,2026-07-17T20:29:18.015440
leconstitutionnel,bpt6k665219d,,failed,0,0,,no_usable_pages,known,,,bpt6k665219d: no usable pages in manifest.,2026-07-17T20:29:18.132947
leconstitutionnel,bpt6k665220b,,failed,0,0,,no_usable_pages,known,,,bpt6k665220b: no usable pages in manifest.,2026-07-17T20:29:18.258252
leconstitutionnel,bpt6k665221q,,failed,0,0,,no_usable_pages,known,,,bpt6k665221q: no usable pages in manifest.,2026-07-17T20:29:18.342321
leconstitutionnel,bpt6k6652223,,failed,0,0,,no_usable_pages,known,,,bpt6k6652223: no usable pages in manifest.,2026-07-17T20:29:18.472966
leconstitutionnel,bpt6k665223g,,failed,0,0,,no_usable_pages,known,,,bpt6k665223g: no usable pages in manifest.,2026-07-17T20:29:18.700369
leconstitutionnel,bpt6k665224v,,failed,0,0,,no_usable_pages,known,,,bpt6k665224v: no usable pages in manifest.,2026-07-17T20:29:18.811981
leconstitutionnel,bpt6k6652257,,failed,0,0,,no_usable_pages,known,,,bpt6k6652257: no usable pages in manifest.,2026-07-17T20:29:18.916885
leconstitutionnel,bpt6k665226m,,failed,0,0,,no_usable_pages,known,,,bpt6k665226m: no usable pages in manifest.,2026-07-17T20:29:19.058281
leconstitutionnel,bpt6k6652270,,failed,0,0,,no_usable_pages,known,,,bpt6k6652270: no usable pages in manifest.,2026-07-17T20:29:19.161747
leconstitutionnel,bpt6k665228c,,failed,0,0,,no_usable_pages,known,,,bpt6k665228c: no usable pages in manifest.,2026-07-17T20:29:19.264348
leconstitutionnel,bpt6k665229r,,failed,0,0,,no_usable_pages,known,,,bpt6k665229r: no usable pages in manifest.,2026-07-17T20:29:19.342615
leconstitutionnel,bpt6k665230p,,failed,0,0,,no_usable_pages,known,,,bpt6k665230p: no usable pages in manifest.,2026-07-17T20:29:19.453572
leconstitutionnel,bpt6k6652312,,failed,0,0,,no_usable_pages,known,,,bpt6k6652312: no usable pages in manifest.,2026-07-17T20:29:19.755094
leconstitutionnel,bpt6k665232f,,failed,0,0,,no_usable_pages,known,,,bpt6k665232f: no usable pages in manifest.,2026-07-17T20:29:19.869014
leconstitutionnel,bpt6k665233t,,failed,0,0,,no_usable_pages,known,,,bpt6k665233t: no usable pages in manifest.,2026-07-17T20:29:19.998554
leconstitutionnel,bpt6k6652346,,failed,0,0,,no_usable_pages,known,,,bpt6k6652346: no usable pages in manifest.,2026-07-17T20:29:20.076282
leconstitutionnel,bpt6k665235k,,failed,0,0,,no_usable_pages,known,,,bpt6k665235k: no usable pages in manifest.,2026-07-17T20:29:20.167995
leconstitutionnel,bpt6k665236z,,failed,0,0,,no_usable_pages,known,,,bpt6k665236z: no usable pages in manifest.,2026-07-17T20:29:20.261375
leconstitutionnel,bpt6k665237b,,failed,0,0,,no_usable_pages,known,,,bpt6k665237b: no usable pages in manifest.,2026-07-17T20:29:20.337292
leconstitutionnel,bpt6k665238q,,failed,0,0,,no_usable_pages,known,,,bpt6k665238q: no usable pages in manifest.,2026-07-17T20:29:20.435120
leconstitutionnel,bpt6k6652393,,failed,0,0,,no_usable_pages,known,,,bpt6k6652393: no usable pages in manifest.,2026-07-17T20:29:20.511449
leconstitutionnel,bpt6k6652401,,failed,0,0,,no_usable_pages,known,,,bpt6k6652401: no usable pages in manifest.,2026-07-17T20:29:20.615010
leconstitutionnel,bpt6k665241d,,failed,0,0,,no_usable_pages,known,,,bpt6k665241d: no usable pages in manifest.,2026-07-17T20:29:20.719288
leconstitutionnel,bpt6k665242s,,failed,0,0,,no_usable_pages,known,,,bpt6k665242s: no usable pages in manifest.,2026-07-17T20:29:20.864744
leconstitutionnel,bpt6k6652435,,failed,0,0,,no_usable_pages,known,,,bpt6k6652435: no usable pages in manifest.,2026-07-17T20:29:20.965430
leconstitutionnel,bpt6k665244j,,failed,0,0,,no_usable_pages,known,,,bpt6k665244j: no usable pages in manifest.,2026-07-17T20:29:21.101492
leconstitutionnel,bpt6k665245x,,failed,0,0,,no_usable_pages,known,,,bpt6k665245x: no usable pages in manifest.,2026-07-17T20:29:21.336754
leconstitutionnel,bpt6k6652469,,failed,0,0,,no_usable_pages,known,,,bpt6k6652469: no usable pages in manifest.,2026-07-17T20:29:21.441079
leconstitutionnel,bpt6k665247p,,failed,0,0,,no_usable_pages,known,,,bpt6k665247p: no usable pages in manifest.,2026-07-17T20:29:21.541734
leconstitutionnel,bpt6k6652482,,failed,0,0,,no_usable_pages,known,,,bpt6k6652482: no usable pages in manifest.,2026-07-17T20:29:21.615040
leconstitutionnel,bpt6k665249f,,failed,0,0,,no_usable_pages,known,,,bpt6k665249f: no usable pages in manifest.,2026-07-17T20:29:21.692662
leconstitutionnel,bpt6k665250c,,failed,0,0,,no_usable_pages,known,,,bpt6k665250c: no usable pages in manifest.,2026-07-17T20:29:21.786580
leconstitutionnel,bpt6k665251r,,failed,0,0,,no_usable_pages,known,,,bpt6k665251r: no usable pages in manifest.,2026-07-17T20:29:21.919738
leconstitutionnel,bpt6k6652524,,failed,0,0,,no_usable_pages,known,,,bpt6k6652524: no usable pages in manifest.,2026-07-17T20:29:22.013362
leconstitutionnel,bpt6k665253h,,failed,0,0,,no_usable_pages,known,,,bpt6k665253h: no usable pages in manifest.,2026-07-17T20:29:22.123304
leconstitutionnel,bpt6k665254w,,failed,0,0,,no_usable_pages,known,,,bpt6k665254w: no usable pages in manifest.,2026-07-17T20:29:22.207572
leconstitutionnel,bpt6k6652558,,failed,0,0,,no_usable_pages,known,,,bpt6k6652558: no usable pages in manifest.,2026-07-17T20:29:22.288117
leconstitutionnel,bpt6k665256n,,failed,0,0,,no_usable_pages,known,,,bpt6k665256n: no usable pages in manifest.,2026-07-17T20:29:22.378111
leconstitutionnel,bpt6k6652571,,failed,0,0,,no_usable_pages,known,,,bpt6k6652571: no usable pages in manifest.,2026-07-17T20:29:22.462370
leconstitutionnel,bpt6k665258d,,failed,0,0,,no_usable_pages,known,,,bpt6k665258d: no usable pages in manifest.,2026-07-17T20:29:22.570474
leconstitutionnel,bpt6k665259s,,failed,0,0,,no_usable_pages,known,,,bpt6k665259s: no usable pages in manifest.,2026-07-17T20:29:22.658961
leconstitutionnel,bpt6k665260q,,failed,0,0,,no_usable_pages,known,,,bpt6k665260q: no usable pages in manifest.,2026-07-17T20:29:22.726178
leconstitutionnel,bpt6k6652613,,failed,0,0,,no_usable_pages,known,,,bpt6k6652613: no usable pages in manifest.,2026-07-17T20:29:22.795285
leconstitutionnel,bpt6k665262g,,failed,0,0,,no_usable_pages,known,,,bpt6k665262g: no usable pages in manifest.,2026-07-17T20:29:23.003020
leconstitutionnel,bpt6k665263v,,failed,0,0,,no_usable_pages,known,,,bpt6k665263v: no usable pages in manifest.,2026-07-17T20:29:23.143834
leconstitutionnel,bpt6k6652647,,failed,0,0,,no_usable_pages,known,,,bpt6k6652647: no usable pages in manifest.,2026-07-17T20:29:23.240586
leconstitutionnel,bpt6k665265m,,failed,0,0,,no_usable_pages,known,,,bpt6k665265m: no usable pages in manifest.,2026-07-17T20:29:23.331450
leconstitutionnel,bpt6k6652660,,failed,0,0,,no_usable_pages,known,,,bpt6k6652660: no usable pages in manifest.,2026-07-17T20:29:23.466893
leconstitutionnel,bpt6k665267c,,failed,0,0,,no_usable_pages,known,,,bpt6k665267c: no usable pages in manifest.,2026-07-17T20:29:23.576736
leconstitutionnel,bpt6k665268r,,failed,0,0,,no_usable_pages,known,,,bpt6k665268r: no usable pages in manifest.,2026-07-17T20:29:23.661733
leconstitutionnel,bpt6k6652694,,failed,0,0,,no_usable_pages,known,,,bpt6k6652694: no usable pages in manifest.,2026-07-17T20:29:23.746899
leconstitutionnel,bpt6k6652702,,failed,0,0,,no_usable_pages,known,,,bpt6k6652702: no usable pages in manifest.,2026-07-17T20:29:23.854990
leconstitutionnel,bpt6k665271f,,failed,0,0,,no_usable_pages,known,,,bpt6k665271f: no usable pages in manifest.,2026-07-17T20:29:24.043659
leconstitutionnel,bpt6k665272t,,failed,0,0,,no_usable_pages,known,,,bpt6k665272t: no usable pages in manifest.,2026-07-17T20:29:24.103923
leconstitutionnel,bpt6k6652736,,failed,0,0,,no_usable_pages,known,,,bpt6k6652736: no usable pages in manifest.,2026-07-17T20:29:24.174483
leconstitutionnel,bpt6k665274k,,failed,0,0,,no_usable_pages,known,,,bpt6k665274k: no usable pages in manifest.,2026-07-17T20:29:24.260998
leconstitutionnel,bpt6k665275z,,failed,0,0,,no_usable_pages,known,,,bpt6k665275z: no usable pages in manifest.,2026-07-17T20:29:24.321913
leconstitutionnel,bpt6k665276b,,failed,0,0,,no_usable_pages,known,,,bpt6k665276b: no usable pages in manifest.,2026-07-17T20:29:24.419008
leconstitutionnel,bpt6k665277q,,failed,0,0,,no_usable_pages,known,,,bpt6k665277q: no usable pages in manifest.,2026-07-17T20:29:24.493221
leconstitutionnel,bpt6k6652783,,failed,0,0,,no_usable_pages,known,,,bpt6k6652783: no usable pages in manifest.,2026-07-17T20:29:24.569976
leconstitutionnel,bpt6k665279g,,failed,0,0,,no_usable_pages,known,,,bpt6k665279g: no usable pages in manifest.,2026-07-17T20:29:24.736431
leconstitutionnel,bpt6k665280d,,failed,0,0,,no_usable_pages,known,,,bpt6k665280d: no usable pages in manifest.,2026-07-17T20:29:24.808664
leconstitutionnel,bpt6k665281s,,failed,0,0,,no_usable_pages,known,,,bpt6k665281s: no usable pages in manifest.,2026-07-17T20:29:24.947482
leconstitutionnel,bpt6k6652825,,failed,0,0,,no_usable_pages,known,,,bpt6k6652825: no usable pages in manifest.,2026-07-17T20:29:25.157234
leconstitutionnel,bpt6k665283j,,failed,0,0,,no_usable_pages,known,,,bpt6k665283j: no usable pages in manifest.,2026-07-17T20:29:25.291021
leconstitutionnel,bpt6k665284x,,failed,0,0,,no_usable_pages,known,,,bpt6k665284x: no usable pages in manifest.,2026-07-17T20:29:25.346634
leconstitutionnel,bpt6k6652859,,failed,0,0,,no_usable_pages,known,,,bpt6k6652859: no usable pages in manifest.,2026-07-17T20:29:25.427975
leconstitutionnel,bpt6k665286p,,failed,0,0,,no_usable_pages,known,,,bpt6k665286p: no usable pages in manifest.,2026-07-17T20:29:25.498625
leconstitutionnel,bpt6k6652872,,failed,0,0,,no_usable_pages,known,,,bpt6k6652872: no usable pages in manifest.,2026-07-17T20:29:25.586104
leconstitutionnel,bpt6k665288f,,failed,0,0,,no_usable_pages,known,,,bpt6k665288f: no usable pages in manifest.,2026-07-17T20:29:25.690118
leconstitutionnel,bpt6k665289t,,failed,0,0,,no_usable_pages,known,,,bpt6k665289t: no usable pages in manifest.,2026-07-17T20:29:25.749009
leconstitutionnel,bpt6k665290r,,failed,0,0,,no_usable_pages,known,,,bpt6k665290r: no usable pages in manifest.,2026-07-17T20:29:25.888286
leconstitutionnel,bpt6k6652914,,failed,0,0,,no_usable_pages,known,,,bpt6k6652914: no usable pages in manifest.,2026-07-17T20:29:25.977112
leconstitutionnel,bpt6k665292h,,failed,0,0,,no_usable_pages,known,,,bpt6k665292h: no usable pages in manifest.,2026-07-17T20:29:26.071808
leconstitutionnel,bpt6k665293w,,failed,0,0,,no_usable_pages,known,,,bpt6k665293w: no usable pages in manifest.,2026-07-17T20:29:26.218103
leconstitutionnel,bpt6k6652948,,failed,0,0,,no_usable_pages,known,,,bpt6k6652948: no usable pages in manifest.,2026-07-17T20:29:26.307344
leconstitutionnel,bpt6k665295n,,failed,0,0,,no_usable_pages,known,,,bpt6k665295n: no usable pages in manifest.,2026-07-17T20:29:26.420102
leconstitutionnel,bpt6k6652961,,failed,0,0,,no_usable_pages,known,,,bpt6k6652961: no usable pages in manifest.,2026-07-17T20:29:26.629145
leconstitutionnel,bpt6k665297d,,failed,0,0,,no_usable_pages,known,,,bpt6k665297d: no usable pages in manifest.,2026-07-17T20:29:26.720167
leconstitutionnel,bpt6k665298s,,failed,0,0,,no_usable_pages,known,,,bpt6k665298s: no usable pages in manifest.,2026-07-17T20:29:26.814481
leconstitutionnel,bpt6k6652995,,failed,0,0,,no_usable_pages,known,,,bpt6k6652995: no usable pages in manifest.,2026-07-17T20:29:26.889246
leconstitutionnel,bpt6k665300z,,failed,0,0,,no_usable_pages,known,,,bpt6k665300z: no usable pages in manifest.,2026-07-17T20:29:26.973271
leconstitutionnel,bpt6k665301b,,failed,0,0,,no_usable_pages,known,,,bpt6k665301b: no usable pages in manifest.,2026-07-17T20:29:27.051425
leconstitutionnel,bpt6k665302q,,failed,0,0,,no_usable_pages,known,,,bpt6k665302q: no usable pages in manifest.,2026-07-17T20:29:27.109594
leconstitutionnel,bpt6k6653033,,failed,0,0,,no_usable_pages,known,,,bpt6k6653033: no usable pages in manifest.,2026-07-17T20:29:27.273010
leconstitutionnel,bpt6k665304g,,failed,0,0,,no_usable_pages,known,,,bpt6k665304g: no usable pages in manifest.,2026-07-17T20:29:27.416952
leconstitutionnel,bpt6k665305v,,failed,0,0,,no_usable_pages,known,,,bpt6k665305v: no usable pages in manifest.,2026-07-17T20:29:27.496605
leconstitutionnel,bpt6k6653067,,failed,0,0,,no_usable_pages,known,,,bpt6k6653067: no usable pages in manifest.,2026-07-17T20:29:27.592049
leconstitutionnel,bpt6k665307m,,failed,0,0,,no_usable_pages,known,,,bpt6k665307m: no usable pages in manifest.,2026-07-17T20:29:27.694457
leconstitutionnel,bpt6k6653080,,failed,0,0,,no_usable_pages,known,,,bpt6k6653080: no usable pages in manifest.,2026-07-17T20:29:27.795901
leconstitutionnel,bpt6k665309c,,failed,0,0,,no_usable_pages,known,,,bpt6k665309c: no usable pages in manifest.,2026-07-17T20:29:27.923850
leconstitutionnel,bpt6k6653109,,failed,0,0,,no_usable_pages,known,,,bpt6k6653109: no usable pages in manifest.,2026-07-17T20:29:28.103733
leconstitutionnel,bpt6k665311p,,failed,0,0,,no_usable_pages,known,,,bpt6k665311p: no usable pages in manifest.,2026-07-17T20:29:28.258757
leconstitutionnel,bpt6k6653122,,failed,0,0,,no_usable_pages,known,,,bpt6k6653122: no usable pages in manifest.,2026-07-17T20:29:28.372694
leconstitutionnel,bpt6k665313f,,failed,0,0,,no_usable_pages,known,,,bpt6k665313f: no usable pages in manifest.,2026-07-17T20:29:28.458344
leconstitutionnel,bpt6k665314t,,failed,0,0,,no_usable_pages,known,,,bpt6k665314t: no usable pages in manifest.,2026-07-17T20:29:28.538197
leconstitutionnel,bpt6k6653156,,failed,0,0,,no_usable_pages,known,,,bpt6k6653156: no usable pages in manifest.,2026-07-17T20:29:28.654341
leconstitutionnel,bpt6k665316k,,failed,0,0,,no_usable_pages,known,,,bpt6k665316k: no usable pages in manifest.,2026-07-17T20:29:28.734344
leconstitutionnel,bpt6k665317z,,failed,0,0,,no_usable_pages,known,,,bpt6k665317z: no usable pages in manifest.,2026-07-17T20:29:28.810349
leconstitutionnel,bpt6k665318b,,failed,0,0,,no_usable_pages,known,,,bpt6k665318b: no usable pages in manifest.,2026-07-17T20:29:28.889470
leconstitutionnel,bpt6k665319q,,failed,0,0,,no_usable_pages,known,,,bpt6k665319q: no usable pages in manifest.,2026-07-17T20:29:28.961284
leconstitutionnel,bpt6k665320n,,failed,0,0,,no_usable_pages,known,,,bpt6k665320n: no usable pages in manifest.,2026-07-17T20:29:29.047731
leconstitutionnel,bpt6k6653211,,failed,0,0,,no_usable_pages,known,,,bpt6k6653211: no usable pages in manifest.,2026-07-17T20:29:29.183619
leconstitutionnel,bpt6k665322d,,failed,0,0,,no_usable_pages,known,,,bpt6k665322d: no usable pages in manifest.,2026-07-17T20:29:29.341605
leconstitutionnel,bpt6k665323s,,failed,0,0,,no_usable_pages,known,,,bpt6k665323s: no usable pages in manifest.,2026-07-17T20:29:29.449055
leconstitutionnel,bpt6k6653245,,failed,0,0,,no_usable_pages,known,,,bpt6k6653245: no usable pages in manifest.,2026-07-17T20:29:29.538341
leconstitutionnel,bpt6k665325j,,failed,0,0,,no_usable_pages,known,,,bpt6k665325j: no usable pages in manifest.,2026-07-17T20:29:29.697342
leconstitutionnel,bpt6k665326x,,failed,0,0,,no_usable_pages,known,,,bpt6k665326x: no usable pages in manifest.,2026-07-17T20:29:29.807225
leconstitutionnel,bpt6k6653279,,failed,0,0,,no_usable_pages,known,,,bpt6k6653279: no usable pages in manifest.,2026-07-17T20:29:29.902939
leconstitutionnel,bpt6k665328p,,failed,0,0,,no_usable_pages,known,,,bpt6k665328p: no usable pages in manifest.,2026-07-17T20:29:30.010969
leconstitutionnel,bpt6k6653292,,failed,0,0,,no_usable_pages,known,,,bpt6k6653292: no usable pages in manifest.,2026-07-17T20:29:30.128101
leconstitutionnel,bpt6k6653300,,failed,0,0,,no_usable_pages,known,,,bpt6k6653300: no usable pages in manifest.,2026-07-17T20:29:30.205576
leconstitutionnel,bpt6k665331c,,failed,0,0,,no_usable_pages,known,,,bpt6k665331c: no usable pages in manifest.,2026-07-17T20:29:30.386014
leconstitutionnel,bpt6k665332r,,failed,0,0,,no_usable_pages,known,,,bpt6k665332r: no usable pages in manifest.,2026-07-17T20:29:30.508523
leconstitutionnel,bpt6k6653334,,failed,0,0,,no_usable_pages,known,,,bpt6k6653334: no usable pages in manifest.,2026-07-17T20:29:30.612680
leconstitutionnel,bpt6k665334h,,failed,0,0,,no_usable_pages,known,,,bpt6k665334h: no usable pages in manifest.,2026-07-17T20:29:30.755607
leconstitutionnel,bpt6k665335w,,failed,0,0,,no_usable_pages,known,,,bpt6k665335w: no usable pages in manifest.,2026-07-17T20:29:30.878533
leconstitutionnel,bpt6k6653368,,failed,0,0,,no_usable_pages,known,,,bpt6k6653368: no usable pages in manifest.,2026-07-17T20:29:30.954141
leconstitutionnel,bpt6k665337n,,failed,0,0,,no_usable_pages,known,,,bpt6k665337n: no usable pages in manifest.,2026-07-17T20:29:31.058319
leconstitutionnel,bpt6k6653381,,failed,0,0,,no_usable_pages,known,,,bpt6k6653381: no usable pages in manifest.,2026-07-17T20:29:31.180878
leconstitutionnel,bpt6k665339d,,failed,0,0,,no_usable_pages,known,,,bpt6k665339d: no usable pages in manifest.,2026-07-17T20:29:31.299027
leconstitutionnel,bpt6k665340b,,failed,0,0,,no_usable_pages,known,,,bpt6k665340b: no usable pages in manifest.,2026-07-17T20:29:31.497706
leconstitutionnel,bpt6k665341q,,failed,0,0,,no_usable_pages,known,,,bpt6k665341q: no usable pages in manifest.,2026-07-17T20:29:31.575484
leconstitutionnel,bpt6k6653423,,failed,0,0,,no_usable_pages,known,,,bpt6k6653423: no usable pages in manifest.,2026-07-17T20:29:31.732284
leconstitutionnel,bpt6k665343g,,failed,0,0,,no_usable_pages,known,,,bpt6k665343g: no usable pages in manifest.,2026-07-17T20:29:31.844909
leconstitutionnel,bpt6k665344v,,failed,0,0,,no_usable_pages,known,,,bpt6k665344v: no usable pages in manifest.,2026-07-17T20:29:31.917542
leconstitutionnel,bpt6k6653457,,failed,0,0,,no_usable_pages,known,,,bpt6k6653457: no usable pages in manifest.,2026-07-17T20:29:32.006613
leconstitutionnel,bpt6k665346m,,failed,0,0,,no_usable_pages,known,,,bpt6k665346m: no usable pages in manifest.,2026-07-17T20:29:32.111280
leconstitutionnel,bpt6k6653470,,failed,0,0,,no_usable_pages,known,,,bpt6k6653470: no usable pages in manifest.,2026-07-17T20:29:32.200934
leconstitutionnel,bpt6k665348c,,failed,0,0,,no_usable_pages,known,,,bpt6k665348c: no usable pages in manifest.,2026-07-17T20:29:32.288037
leconstitutionnel,bpt6k665349r,,failed,0,0,,no_usable_pages,known,,,bpt6k665349r: no usable pages in manifest.,2026-07-17T20:29:32.375441
leconstitutionnel,bpt6k665350p,,failed,0,0,,no_usable_pages,known,,,bpt6k665350p: no usable pages in manifest.,2026-07-17T20:29:32.510025
leconstitutionnel,bpt6k6653512,,failed,0,0,,no_usable_pages,known,,,bpt6k6653512: no usable pages in manifest.,2026-07-17T20:29:32.626210
leconstitutionnel,bpt6k665352f,,failed,0,0,,no_usable_pages,known,,,bpt6k665352f: no usable pages in manifest.,2026-07-17T20:29:32.736293
leconstitutionnel,bpt6k665353t,,failed,0,0,,no_usable_pages,known,,,bpt6k665353t: no usable pages in manifest.,2026-07-17T20:29:32.919460
leconstitutionnel,bpt6k6653546,,failed,0,0,,no_usable_pages,known,,,bpt6k6653546: no usable pages in manifest.,2026-07-17T20:29:33.077078
leconstitutionnel,bpt6k665355k,,failed,0,0,,no_usable_pages,known,,,bpt6k665355k: no usable pages in manifest.,2026-07-17T20:29:33.245325
leconstitutionnel,bpt6k665356z,,failed,0,0,,no_usable_pages,known,,,bpt6k665356z: no usable pages in manifest.,2026-07-17T20:29:33.358202
leconstitutionnel,bpt6k665357b,,failed,0,0,,no_usable_pages,known,,,bpt6k665357b: no usable pages in manifest.,2026-07-17T20:29:33.485395
leconstitutionnel,bpt6k665358q,,failed,0,0,,no_usable_pages,known,,,bpt6k665358q: no usable pages in manifest.,2026-07-17T20:29:33.626078
leconstitutionnel,bpt6k6653593,,failed,0,0,,no_usable_pages,known,,,bpt6k6653593: no usable pages in manifest.,2026-07-17T20:29:33.721225
leconstitutionnel,bpt6k6653601,,failed,0,0,,no_usable_pages,known,,,bpt6k6653601: no usable pages in manifest.,2026-07-17T20:29:33.822215
leconstitutionnel,bpt6k665361d,,failed,0,0,,no_usable_pages,known,,,bpt6k665361d: no usable pages in manifest.,2026-07-17T20:29:33.937163
leconstitutionnel,bpt6k665362s,,failed,0,0,,no_usable_pages,known,,,bpt6k665362s: no usable pages in manifest.,2026-07-17T20:29:34.003518
leconstitutionnel,bpt6k6653635,,failed,0,0,,no_usable_pages,known,,,bpt6k6653635: no usable pages in manifest.,2026-07-17T20:29:34.072411
leconstitutionnel,bpt6k665364j,,failed,0,0,,no_usable_pages,known,,,bpt6k665364j: no usable pages in manifest.,2026-07-17T20:29:34.181769
leconstitutionnel,bpt6k665365x,,failed,0,0,,no_usable_pages,known,,,bpt6k665365x: no usable pages in manifest.,2026-07-17T20:29:34.254544
leconstitutionnel,bpt6k6653669,,failed,0,0,,no_usable_pages,known,,,bpt6k6653669: no usable pages in manifest.,2026-07-17T20:29:34.347046
leconstitutionnel,bpt6k665367p,,failed,0,0,,no_usable_pages,known,,,bpt6k665367p: no usable pages in manifest.,2026-07-17T20:29:34.452029
leconstitutionnel,bpt6k6653682,,failed,0,0,,no_usable_pages,known,,,bpt6k6653682: no usable pages in manifest.,2026-07-17T20:29:34.551591
leconstitutionnel,bpt6k665369f,,failed,0,0,,no_usable_pages,known,,,bpt6k665369f: no usable pages in manifest.,2026-07-17T20:29:34.708466
leconstitutionnel,bpt6k665370c,,failed,0,0,,no_usable_pages,known,,,bpt6k665370c: no usable pages in manifest.,2026-07-17T20:29:34.796990
leconstitutionnel,bpt6k665371r,,failed,0,0,,no_usable_pages,known,,,bpt6k665371r: no usable pages in manifest.,2026-07-17T20:29:34.866177
leconstitutionnel,bpt6k6653724,,failed,0,0,,no_usable_pages,known,,,bpt6k6653724: no usable pages in manifest.,2026-07-17T20:29:34.950176
leconstitutionnel,bpt6k665373h,,failed,0,0,,no_usable_pages,known,,,bpt6k665373h: no usable pages in manifest.,2026-07-17T20:29:35.035020
leconstitutionnel,bpt6k665374w,,failed,0,0,,no_usable_pages,known,,,bpt6k665374w: no usable pages in manifest.,2026-07-17T20:29:35.116306
leconstitutionnel,bpt6k6653758,,failed,0,0,,no_usable_pages,known,,,bpt6k6653758: no usable pages in manifest.,2026-07-17T20:29:35.205606
leconstitutionnel,bpt6k665376n,,failed,0,0,,no_usable_pages,known,,,bpt6k665376n: no usable pages in manifest.,2026-07-17T20:29:35.303287
leconstitutionnel,bpt6k6653771,,failed,0,0,,no_usable_pages,known,,,bpt6k6653771: no usable pages in manifest.,2026-07-17T20:29:35.407538
leconstitutionnel,bpt6k665378d,,failed,0,0,,no_usable_pages,known,,,bpt6k665378d: no usable pages in manifest.,2026-07-17T20:29:35.454852
leconstitutionnel,bpt6k665379s,,failed,0,0,,no_usable_pages,known,,,bpt6k665379s: no usable pages in manifest.,2026-07-17T20:29:35.527452
leconstitutionnel,bpt6k665380q,,failed,0,0,,no_usable_pages,known,,,bpt6k665380q: no usable pages in manifest.,2026-07-17T20:29:35.623292
leconstitutionnel,bpt6k6653813,,failed,0,0,,no_usable_pages,known,,,bpt6k6653813: no usable pages in manifest.,2026-07-17T20:29:35.762775
leconstitutionnel,bpt6k665382g,,failed,0,0,,no_usable_pages,known,,,bpt6k665382g: no usable pages in manifest.,2026-07-17T20:29:35.824964
leconstitutionnel,bpt6k665383v,,failed,0,0,,no_usable_pages,known,,,bpt6k665383v: no usable pages in manifest.,2026-07-17T20:29:35.901222
leconstitutionnel,bpt6k6653847,,failed,0,0,,no_usable_pages,known,,,bpt6k6653847: no usable pages in manifest.,2026-07-17T20:29:36.155450
leconstitutionnel,bpt6k665385m,,failed,0,0,,no_usable_pages,known,,,bpt6k665385m: no usable pages in manifest.,2026-07-17T20:29:36.243485
leconstitutionnel,bpt6k6653860,,failed,0,0,,no_usable_pages,known,,,bpt6k6653860: no usable pages in manifest.,2026-07-17T20:29:36.325320
leconstitutionnel,bpt6k665387c,,failed,0,0,,no_usable_pages,known,,,bpt6k665387c: no usable pages in manifest.,2026-07-17T20:29:36.394257
leconstitutionnel,bpt6k665388r,,failed,0,0,,no_usable_pages,known,,,bpt6k665388r: no usable pages in manifest.,2026-07-17T20:29:36.502919
leconstitutionnel,bpt6k6653894,,failed,0,0,,no_usable_pages,known,,,bpt6k6653894: no usable pages in manifest.,2026-07-17T20:29:36.591903
leconstitutionnel,bpt6k6653902,,failed,0,0,,no_usable_pages,known,,,bpt6k6653902: no usable pages in manifest.,2026-07-17T20:29:36.725014
leconstitutionnel,bpt6k665391f,,failed,0,0,,no_usable_pages,known,,,bpt6k665391f: no usable pages in manifest.,2026-07-17T20:29:36.944816
leconstitutionnel,bpt6k665392t,,failed,0,0,,no_usable_pages,known,,,bpt6k665392t: no usable pages in manifest.,2026-07-17T20:29:37.062886
leconstitutionnel,bpt6k6653936,,failed,0,0,,no_usable_pages,known,,,bpt6k6653936: no usable pages in manifest.,2026-07-17T20:29:37.136667
leconstitutionnel,bpt6k665394k,,failed,0,0,,no_usable_pages,known,,,bpt6k665394k: no usable pages in manifest.,2026-07-17T20:29:37.241280
leconstitutionnel,bpt6k665395z,,failed,0,0,,no_usable_pages,known,,,bpt6k665395z: no usable pages in manifest.,2026-07-17T20:29:37.395020
leconstitutionnel,bpt6k665396b,,failed,0,0,,no_usable_pages,known,,,bpt6k665396b: no usable pages in manifest.,2026-07-17T20:29:37.499750
leconstitutionnel,bpt6k665397q,,failed,0,0,,no_usable_pages,known,,,bpt6k665397q: no usable pages in manifest.,2026-07-17T20:29:37.649244
leconstitutionnel,bpt6k6653983,,failed,0,0,,no_usable_pages,known,,,bpt6k6653983: no usable pages in manifest.,2026-07-17T20:29:37.776176
leconstitutionnel,bpt6k665399g,,failed,0,0,,no_usable_pages,known,,,bpt6k665399g: no usable pages in manifest.,2026-07-17T20:29:38.020226
leconstitutionnel,bpt6k6654008,,failed,0,0,,no_usable_pages,known,,,bpt6k6654008: no usable pages in manifest.,2026-07-17T20:29:38.122251
leconstitutionnel,bpt6k665401n,,failed,0,0,,no_usable_pages,known,,,bpt6k665401n: no usable pages in manifest.,2026-07-17T20:29:38.215584
leconstitutionnel,bpt6k6654021,,failed,0,0,,no_usable_pages,known,,,bpt6k6654021: no usable pages in manifest.,2026-07-17T20:29:38.352479
leconstitutionnel,bpt6k665403d,,failed,0,0,,no_usable_pages,known,,,bpt6k665403d: no usable pages in manifest.,2026-07-17T20:29:38.442033
leconstitutionnel,bpt6k665404s,,failed,0,0,,no_usable_pages,known,,,bpt6k665404s: no usable pages in manifest.,2026-07-17T20:29:38.541613
leconstitutionnel,bpt6k6654055,,failed,0,0,,no_usable_pages,known,,,bpt6k6654055: no usable pages in manifest.,2026-07-17T20:29:38.646129
leconstitutionnel,bpt6k665406j,,failed,0,0,,no_usable_pages,known,,,bpt6k665406j: no usable pages in manifest.,2026-07-17T20:29:38.731745
leconstitutionnel,bpt6k665407x,,failed,0,0,,no_usable_pages,known,,,bpt6k665407x: no usable pages in manifest.,2026-07-17T20:29:38.880576
leconstitutionnel,bpt6k6654089,,failed,0,0,,no_usable_pages,known,,,bpt6k6654089: no usable pages in manifest.,2026-07-17T20:29:39.065439
leconstitutionnel,bpt6k665409p,,failed,0,0,,no_usable_pages,known,,,bpt6k665409p: no usable pages in manifest.,2026-07-17T20:29:39.271057
leconstitutionnel,bpt6k665410m,,failed,0,0,,no_usable_pages,known,,,bpt6k665410m: no usable pages in manifest.,2026-07-17T20:29:39.360308
leconstitutionnel,bpt6k6654110,,failed,0,0,,no_usable_pages,known,,,bpt6k6654110: no usable pages in manifest.,2026-07-17T20:29:39.470252
leconstitutionnel,bpt6k665412c,,failed,0,0,,no_usable_pages,known,,,bpt6k665412c: no usable pages in manifest.,2026-07-17T20:29:39.560857
leconstitutionnel,bpt6k665413r,,failed,0,0,,no_usable_pages,known,,,bpt6k665413r: no usable pages in manifest.,2026-07-17T20:29:39.713235
leconstitutionnel,bpt6k6654144,,failed,0,0,,no_usable_pages,known,,,bpt6k6654144: no usable pages in manifest.,2026-07-17T20:29:39.805348
leconstitutionnel,bpt6k665415h,,failed,0,0,,no_usable_pages,known,,,bpt6k665415h: no usable pages in manifest.,2026-07-17T20:29:39.885909
leconstitutionnel,bpt6k665416w,,failed,0,0,,no_usable_pages,known,,,bpt6k665416w: no usable pages in manifest.,2026-07-17T20:29:39.965672
leconstitutionnel,bpt6k6654178,,failed,0,0,,no_usable_pages,known,,,bpt6k6654178: no usable pages in manifest.,2026-07-17T20:29:40.153967
leconstitutionnel,bpt6k665418n,,failed,0,0,,no_usable_pages,known,,,bpt6k665418n: no usable pages in manifest.,2026-07-17T20:29:40.264584
leconstitutionnel,bpt6k6654191,,failed,0,0,,no_usable_pages,known,,,bpt6k6654191: no usable pages in manifest.,2026-07-17T20:29:40.379260
leconstitutionnel,bpt6k665420z,,failed,0,0,,no_usable_pages,known,,,bpt6k665420z: no usable pages in manifest.,2026-07-17T20:29:40.460611
leconstitutionnel,bpt6k665421b,,failed,0,0,,no_usable_pages,known,,,bpt6k665421b: no usable pages in manifest.,2026-07-17T20:29:40.566646
leconstitutionnel,bpt6k665422q,,failed,0,0,,no_usable_pages,known,,,bpt6k665422q: no usable pages in manifest.,2026-07-17T20:29:40.678623
leconstitutionnel,bpt6k6654233,,failed,0,0,,no_usable_pages,known,,,bpt6k6654233: no usable pages in manifest.,2026-07-17T20:29:40.949745
leconstitutionnel,bpt6k665424g,,failed,0,0,,no_usable_pages,known,,,bpt6k665424g: no usable pages in manifest.,2026-07-17T20:29:41.136475
leconstitutionnel,bpt6k665425v,,failed,0,0,,no_usable_pages,known,,,bpt6k665425v: no usable pages in manifest.,2026-07-17T20:29:41.206260
leconstitutionnel,bpt6k6654267,,failed,0,0,,no_usable_pages,known,,,bpt6k6654267: no usable pages in manifest.,2026-07-17T20:29:41.428211
leconstitutionnel,bpt6k665427m,,failed,0,0,,no_usable_pages,known,,,bpt6k665427m: no usable pages in manifest.,2026-07-17T20:29:41.537317
leconstitutionnel,bpt6k6654280,,failed,0,0,,no_usable_pages,known,,,bpt6k6654280: no usable pages in manifest.,2026-07-17T20:29:41.628319
leconstitutionnel,bpt6k665429c,,failed,0,0,,no_usable_pages,known,,,bpt6k665429c: no usable pages in manifest.,2026-07-17T20:29:41.708922
leconstitutionnel,bpt6k6654309,,failed,0,0,,no_usable_pages,known,,,bpt6k6654309: no usable pages in manifest.,2026-07-17T20:29:41.808596
leconstitutionnel,bpt6k665431p,,failed,0,0,,no_usable_pages,known,,,bpt6k665431p: no usable pages in manifest.,2026-07-17T20:29:41.939399
leconstitutionnel,bpt6k6654322,,failed,0,0,,no_usable_pages,known,,,bpt6k6654322: no usable pages in manifest.,2026-07-17T20:29:42.068490
leconstitutionnel,bpt6k665433f,,failed,0,0,,no_usable_pages,known,,,bpt6k665433f: no usable pages in manifest.,2026-07-17T20:29:42.239369
leconstitutionnel,bpt6k665434t,,failed,0,0,,no_usable_pages,known,,,bpt6k665434t: no usable pages in manifest.,2026-07-17T20:29:42.340378
leconstitutionnel,bpt6k6654356,,failed,0,0,,no_usable_pages,known,,,bpt6k6654356: no usable pages in manifest.,2026-07-17T20:29:42.441046
leconstitutionnel,bpt6k665436k,,failed,0,0,,no_usable_pages,known,,,bpt6k665436k: no usable pages in manifest.,2026-07-17T20:29:42.538909
leconstitutionnel,bpt6k665437z,,failed,0,0,,no_usable_pages,known,,,bpt6k665437z: no usable pages in manifest.,2026-07-17T20:29:42.638235
leconstitutionnel,bpt6k665438b,,failed,0,0,,no_usable_pages,known,,,bpt6k665438b: no usable pages in manifest.,2026-07-17T20:29:42.738094
leconstitutionnel,bpt6k665439q,,failed,0,0,,no_usable_pages,known,,,bpt6k665439q: no usable pages in manifest.,2026-07-17T20:29:42.821398
leconstitutionnel,bpt6k665440n,,failed,0,0,,no_usable_pages,known,,,bpt6k665440n: no usable pages in manifest.,2026-07-17T20:29:42.898752
leconstitutionnel,bpt6k6654411,,failed,0,0,,no_usable_pages,known,,,bpt6k6654411: no usable pages in manifest.,2026-07-17T20:29:43.040526
leconstitutionnel,bpt6k665442d,,failed,0,0,,no_usable_pages,known,,,bpt6k665442d: no usable pages in manifest.,2026-07-17T20:29:43.136900
leconstitutionnel,bpt6k665443s,,failed,0,0,,no_usable_pages,known,,,bpt6k665443s: no usable pages in manifest.,2026-07-17T20:29:43.282645
leconstitutionnel,bpt6k6654445,,failed,0,0,,no_usable_pages,known,,,bpt6k6654445: no usable pages in manifest.,2026-07-17T20:29:43.347893
leconstitutionnel,bpt6k665445j,,failed,0,0,,no_usable_pages,known,,,bpt6k665445j: no usable pages in manifest.,2026-07-17T20:29:43.426596
leconstitutionnel,bpt6k665446x,,failed,0,0,,no_usable_pages,known,,,bpt6k665446x: no usable pages in manifest.,2026-07-17T20:29:43.516043
leconstitutionnel,bpt6k6654479,,failed,0,0,,no_usable_pages,known,,,bpt6k6654479: no usable pages in manifest.,2026-07-17T20:29:43.630499
leconstitutionnel,bpt6k665448p,,failed,0,0,,no_usable_pages,known,,,bpt6k665448p: no usable pages in manifest.,2026-07-17T20:29:43.740580
leconstitutionnel,bpt6k6654492,,failed,0,0,,no_usable_pages,known,,,bpt6k6654492: no usable pages in manifest.,2026-07-17T20:29:43.847043
leconstitutionnel,bpt6k6654500,,failed,0,0,,no_usable_pages,known,,,bpt6k6654500: no usable pages in manifest.,2026-07-17T20:29:43.915950
leconstitutionnel,bpt6k665451c,,failed,0,0,,no_usable_pages,known,,,bpt6k665451c: no usable pages in manifest.,2026-07-17T20:29:44.000014
leconstitutionnel,bpt6k665452r,,failed,0,0,,no_usable_pages,known,,,bpt6k665452r: no usable pages in manifest.,2026-07-17T20:29:44.083158
leconstitutionnel,bpt6k6654534,,failed,0,0,,no_usable_pages,known,,,bpt6k6654534: no usable pages in manifest.,2026-07-17T20:29:44.179004
leconstitutionnel,bpt6k665454h,,failed,0,0,,no_usable_pages,known,,,bpt6k665454h: no usable pages in manifest.,2026-07-17T20:29:44.342571
leconstitutionnel,bpt6k665455w,,failed,0,0,,no_usable_pages,known,,,bpt6k665455w: no usable pages in manifest.,2026-07-17T20:29:44.425419
leconstitutionnel,bpt6k6654568,,failed,0,0,,no_usable_pages,known,,,bpt6k6654568: no usable pages in manifest.,2026-07-17T20:29:44.494100
leconstitutionnel,bpt6k665457n,,failed,0,0,,no_usable_pages,known,,,bpt6k665457n: no usable pages in manifest.,2026-07-17T20:29:44.572882
leconstitutionnel,bpt6k6654581,,failed,0,0,,no_usable_pages,known,,,bpt6k6654581: no usable pages in manifest.,2026-07-17T20:29:44.632925
leconstitutionnel,bpt6k665459d,,failed,0,0,,no_usable_pages,known,,,bpt6k665459d: no usable pages in manifest.,2026-07-17T20:29:44.716924
leconstitutionnel,bpt6k665460b,,failed,0,0,,no_usable_pages,known,,,bpt6k665460b: no usable pages in manifest.,2026-07-17T20:29:44.790047
leconstitutionnel,bpt6k665461q,,failed,0,0,,no_usable_pages,known,,,bpt6k665461q: no usable pages in manifest.,2026-07-17T20:29:44.870915
leconstitutionnel,bpt6k6654623,,failed,0,0,,no_usable_pages,known,,,bpt6k6654623: no usable pages in manifest.,2026-07-17T20:29:44.946382
leconstitutionnel,bpt6k665463g,,failed,0,0,,no_usable_pages,known,,,bpt6k665463g: no usable pages in manifest.,2026-07-17T20:29:45.013967
leconstitutionnel,bpt6k665464v,,failed,0,0,,no_usable_pages,known,,,bpt6k665464v: no usable pages in manifest.,2026-07-17T20:29:45.117126
leconstitutionnel,bpt6k6654657,,failed,0,0,,no_usable_pages,known,,,bpt6k6654657: no usable pages in manifest.,2026-07-17T20:29:45.215223
leconstitutionnel,bpt6k665466m,,failed,0,0,,no_usable_pages,known,,,bpt6k665466m: no usable pages in manifest.,2026-07-17T20:29:45.402673
leconstitutionnel,bpt6k6654670,,failed,0,0,,no_usable_pages,known,,,bpt6k6654670: no usable pages in manifest.,2026-07-17T20:29:45.476272
leconstitutionnel,bpt6k665468c,,failed,0,0,,no_usable_pages,known,,,bpt6k665468c: no usable pages in manifest.,2026-07-17T20:29:45.544067
leconstitutionnel,bpt6k665469r,,failed,0,0,,no_usable_pages,known,,,bpt6k665469r: no usable pages in manifest.,2026-07-17T20:29:45.610177
leconstitutionnel,bpt6k665470p,,failed,0,0,,no_usable_pages,known,,,bpt6k665470p: no usable pages in manifest.,2026-07-17T20:29:45.693344
leconstitutionnel,bpt6k6654712,,failed,0,0,,no_usable_pages,known,,,bpt6k6654712: no usable pages in manifest.,2026-07-17T20:29:45.758839
leconstitutionnel,bpt6k665472f,,failed,0,0,,no_usable_pages,known,,,bpt6k665472f: no usable pages in manifest.,2026-07-17T20:29:45.826366
leconstitutionnel,bpt6k665473t,,failed,0,0,,no_usable_pages,known,,,bpt6k665473t: no usable pages in manifest.,2026-07-17T20:29:45.899132
leconstitutionnel,bpt6k6654746,,failed,0,0,,no_usable_pages,known,,,bpt6k6654746: no usable pages in manifest.,2026-07-17T20:29:45.961462
leconstitutionnel,bpt6k665475k,,failed,0,0,,no_usable_pages,known,,,bpt6k665475k: no usable pages in manifest.,2026-07-17T20:29:46.027591
leconstitutionnel,bpt6k665476z,,failed,0,0,,no_usable_pages,known,,,bpt6k665476z: no usable pages in manifest.,2026-07-17T20:29:46.095339
leconstitutionnel,bpt6k665477b,,failed,0,0,,no_usable_pages,known,,,bpt6k665477b: no usable pages in manifest.,2026-07-17T20:29:46.164963
leconstitutionnel,bpt6k665478q,,failed,0,0,,no_usable_pages,known,,,bpt6k665478q: no usable pages in manifest.,2026-07-17T20:29:46.233371
leconstitutionnel,bpt6k6654793,,failed,0,0,,no_usable_pages,known,,,bpt6k6654793: no usable pages in manifest.,2026-07-17T20:29:46.289509
leconstitutionnel,bpt6k6654801,,failed,0,0,,no_usable_pages,known,,,bpt6k6654801: no usable pages in manifest.,2026-07-17T20:29:46.410766
leconstitutionnel,bpt6k665481d,,failed,0,0,,no_usable_pages,known,,,bpt6k665481d: no usable pages in manifest.,2026-07-17T20:29:46.479394
leconstitutionnel,bpt6k665482s,,failed,0,0,,no_usable_pages,known,,,bpt6k665482s: no usable pages in manifest.,2026-07-17T20:29:46.540924
leconstitutionnel,bpt6k6654835,,failed,0,0,,no_usable_pages,known,,,bpt6k6654835: no usable pages in manifest.,2026-07-17T20:29:46.607403
leconstitutionnel,bpt6k665484j,,failed,0,0,,no_usable_pages,known,,,bpt6k665484j: no usable pages in manifest.,2026-07-17T20:29:46.757893
leconstitutionnel,bpt6k665485x,,failed,0,0,,no_usable_pages,known,,,bpt6k665485x: no usable pages in manifest.,2026-07-17T20:29:46.832290
leconstitutionnel,bpt6k6654869,,failed,0,0,,no_usable_pages,known,,,bpt6k6654869: no usable pages in manifest.,2026-07-17T20:29:46.901736
leconstitutionnel,bpt6k665487p,,failed,0,0,,no_usable_pages,known,,,bpt6k665487p: no usable pages in manifest.,2026-07-17T20:29:46.968902
leconstitutionnel,bpt6k6654882,,failed,0,0,,no_usable_pages,known,,,bpt6k6654882: no usable pages in manifest.,2026-07-17T20:29:47.046344
leconstitutionnel,bpt6k665489f,,failed,0,0,,no_usable_pages,known,,,bpt6k665489f: no usable pages in manifest.,2026-07-17T20:29:47.114538
leconstitutionnel,bpt6k665490c,,failed,0,0,,no_usable_pages,known,,,bpt6k665490c: no usable pages in manifest.,2026-07-17T20:29:47.187042
leconstitutionnel,bpt6k665491r,,failed,0,0,,no_usable_pages,known,,,bpt6k665491r: no usable pages in manifest.,2026-07-17T20:29:47.249037
leconstitutionnel,bpt6k6654924,,failed,0,0,,no_usable_pages,known,,,bpt6k6654924: no usable pages in manifest.,2026-07-17T20:29:47.311533
leconstitutionnel,bpt6k665493h,,failed,0,0,,no_usable_pages,known,,,bpt6k665493h: no usable pages in manifest.,2026-07-17T20:29:47.406975
leconstitutionnel,bpt6k665494w,,failed,0,0,,no_usable_pages,known,,,bpt6k665494w: no usable pages in manifest.,2026-07-17T20:29:47.467324
leconstitutionnel,bpt6k6654958,,failed,0,0,,no_usable_pages,known,,,bpt6k6654958: no usable pages in manifest.,2026-07-17T20:29:47.524408
leconstitutionnel,bpt6k665496n,,failed,0,0,,no_usable_pages,known,,,bpt6k665496n: no usable pages in manifest.,2026-07-17T20:29:47.579548
leconstitutionnel,bpt6k6654971,,failed,0,0,,no_usable_pages,known,,,bpt6k6654971: no usable pages in manifest.,2026-07-17T20:29:47.651843
leconstitutionnel,bpt6k665498d,,failed,0,0,,no_usable_pages,known,,,bpt6k665498d: no usable pages in manifest.,2026-07-17T20:29:47.717579
leconstitutionnel,bpt6k665499s,,failed,0,0,,no_usable_pages,known,,,bpt6k665499s: no usable pages in manifest.,2026-07-17T20:29:47.779197
leconstitutionnel,bpt6k665500k,,failed,0,0,,no_usable_pages,known,,,bpt6k665500k: no usable pages in manifest.,2026-07-17T20:29:47.839611
leconstitutionnel,bpt6k665501z,,failed,0,0,,no_usable_pages,known,,,bpt6k665501z: no usable pages in manifest.,2026-07-17T20:29:47.897421
leconstitutionnel,bpt6k665502b,,failed,0,0,,no_usable_pages,known,,,bpt6k665502b: no usable pages in manifest.,2026-07-17T20:29:47.960865
leconstitutionnel,bpt6k665503q,,failed,0,0,,no_usable_pages,known,,,bpt6k665503q: no usable pages in manifest.,2026-07-17T20:29:48.025613
leconstitutionnel,bpt6k6655043,,failed,0,0,,no_usable_pages,known,,,bpt6k6655043: no usable pages in manifest.,2026-07-17T20:29:48.116216
leconstitutionnel,bpt6k665505g,,failed,0,0,,no_usable_pages,known,,,bpt6k665505g: no usable pages in manifest.,2026-07-17T20:29:48.223467
leconstitutionnel,bpt6k665506v,,failed,0,0,,no_usable_pages,known,,,bpt6k665506v: no usable pages in manifest.,2026-07-17T20:29:48.320167
leconstitutionnel,bpt6k6655077,,failed,0,0,,no_usable_pages,known,,,bpt6k6655077: no usable pages in manifest.,2026-07-17T20:29:48.432566
leconstitutionnel,bpt6k665508m,,failed,0,0,,no_usable_pages,known,,,bpt6k665508m: no usable pages in manifest.,2026-07-17T20:29:48.498029
leconstitutionnel,bpt6k6655090,,failed,0,0,,no_usable_pages,known,,,bpt6k6655090: no usable pages in manifest.,2026-07-17T20:29:48.551916
leconstitutionnel,bpt6k665510x,,failed,0,0,,no_usable_pages,known,,,bpt6k665510x: no usable pages in manifest.,2026-07-17T20:29:48.617312
leconstitutionnel,bpt6k6655119,,failed,0,0,,no_usable_pages,known,,,bpt6k6655119: no usable pages in manifest.,2026-07-17T20:29:48.679888
leconstitutionnel,bpt6k665512p,,failed,0,0,,no_usable_pages,known,,,bpt6k665512p: no usable pages in manifest.,2026-07-17T20:29:48.755317
leconstitutionnel,bpt6k6655132,,failed,0,0,,no_usable_pages,known,,,bpt6k6655132: no usable pages in manifest.,2026-07-17T20:29:48.807699
leconstitutionnel,bpt6k665514f,,failed,0,0,,no_usable_pages,known,,,bpt6k665514f: no usable pages in manifest.,2026-07-17T20:29:48.875897
leconstitutionnel,bpt6k665515t,,failed,0,0,,no_usable_pages,known,,,bpt6k665515t: no usable pages in manifest.,2026-07-17T20:29:48.925705
leconstitutionnel,bpt6k6655166,,failed,0,0,,no_usable_pages,known,,,bpt6k6655166: no usable pages in manifest.,2026-07-17T20:29:48.990769
leconstitutionnel,bpt6k665517k,,failed,0,0,,no_usable_pages,known,,,bpt6k665517k: no usable pages in manifest.,2026-07-17T20:29:49.050309
leconstitutionnel,bpt6k665518z,,failed,0,0,,no_usable_pages,known,,,bpt6k665518z: no usable pages in manifest.,2026-07-17T20:29:49.147575
leconstitutionnel,bpt6k665519b,,failed,0,0,,no_usable_pages,known,,,bpt6k665519b: no usable pages in manifest.,2026-07-17T20:29:49.243959
leconstitutionnel,bpt6k6655208,,failed,0,0,,no_usable_pages,known,,,bpt6k6655208: no usable pages in manifest.,2026-07-17T20:29:49.345555
leconstitutionnel,bpt6k665521n,,failed,0,0,,no_usable_pages,known,,,bpt6k665521n: no usable pages in manifest.,2026-07-17T20:29:49.515249
leconstitutionnel,bpt6k6655221,,failed,0,0,,no_usable_pages,known,,,bpt6k6655221: no usable pages in manifest.,2026-07-17T20:29:49.666339
leconstitutionnel,bpt6k665523d,,failed,0,0,,no_usable_pages,known,,,bpt6k665523d: no usable pages in manifest.,2026-07-17T20:29:49.746081
leconstitutionnel,bpt6k665524s,,failed,0,0,,no_usable_pages,known,,,bpt6k665524s: no usable pages in manifest.,2026-07-17T20:29:49.848629
leconstitutionnel,bpt6k6655255,,failed,0,0,,no_usable_pages,known,,,bpt6k6655255: no usable pages in manifest.,2026-07-17T20:29:49.931474
leconstitutionnel,bpt6k665526j,,failed,0,0,,no_usable_pages,known,,,bpt6k665526j: no usable pages in manifest.,2026-07-17T20:29:50.036294
leconstitutionnel,bpt6k665527x,,failed,0,0,,no_usable_pages,known,,,bpt6k665527x: no usable pages in manifest.,2026-07-17T20:29:50.129392
leconstitutionnel,bpt6k6655289,,failed,0,0,,no_usable_pages,known,,,bpt6k6655289: no usable pages in manifest.,2026-07-17T20:29:50.198970
leconstitutionnel,bpt6k665529p,,failed,0,0,,no_usable_pages,known,,,bpt6k665529p: no usable pages in manifest.,2026-07-17T20:29:50.275569
leconstitutionnel,bpt6k665530m,,failed,0,0,,no_usable_pages,known,,,bpt6k665530m: no usable pages in manifest.,2026-07-17T20:29:50.346999
leconstitutionnel,bpt6k6655310,,failed,0,0,,no_usable_pages,known,,,bpt6k6655310: no usable pages in manifest.,2026-07-17T20:29:50.430396
leconstitutionnel,bpt6k665532c,,failed,0,0,,no_usable_pages,known,,,bpt6k665532c: no usable pages in manifest.,2026-07-17T20:29:50.544662
leconstitutionnel,bpt6k665533r,,failed,0,0,,no_usable_pages,known,,,bpt6k665533r: no usable pages in manifest.,2026-07-17T20:29:50.655842
leconstitutionnel,bpt6k6655344,,failed,0,0,,no_usable_pages,known,,,bpt6k6655344: no usable pages in manifest.,2026-07-17T20:29:50.765536
leconstitutionnel,bpt6k665535h,,failed,0,0,,no_usable_pages,known,,,bpt6k665535h: no usable pages in manifest.,2026-07-17T20:29:50.879004
leconstitutionnel,bpt6k665536w,,failed,0,0,,no_usable_pages,known,,,bpt6k665536w: no usable pages in manifest.,2026-07-17T20:29:50.965743
leconstitutionnel,bpt6k6655378,,failed,0,0,,no_usable_pages,known,,,bpt6k6655378: no usable pages in manifest.,2026-07-17T20:29:51.068033
leconstitutionnel,bpt6k665538n,,failed,0,0,,no_usable_pages,known,,,bpt6k665538n: no usable pages in manifest.,2026-07-17T20:29:51.425285
leconstitutionnel,bpt6k6655391,,failed,0,0,,no_usable_pages,known,,,bpt6k6655391: no usable pages in manifest.,2026-07-17T20:29:51.571428
leconstitutionnel,bpt6k665540z,,failed,0,0,,no_usable_pages,known,,,bpt6k665540z: no usable pages in manifest.,2026-07-17T20:29:51.663500
leconstitutionnel,bpt6k665541b,,failed,0,0,,no_usable_pages,known,,,bpt6k665541b: no usable pages in manifest.,2026-07-17T20:29:51.755107
leconstitutionnel,bpt6k665542q,,failed,0,0,,no_usable_pages,known,,,bpt6k665542q: no usable pages in manifest.,2026-07-17T20:29:51.807835
leconstitutionnel,bpt6k6655433,,failed,0,0,,no_usable_pages,known,,,bpt6k6655433: no usable pages in manifest.,2026-07-17T20:29:51.898753
leconstitutionnel,bpt6k665544g,,failed,0,0,,no_usable_pages,known,,,bpt6k665544g: no usable pages in manifest.,2026-07-17T20:29:51.956197
leconstitutionnel,bpt6k665545v,,failed,0,0,,no_usable_pages,known,,,bpt6k665545v: no usable pages in manifest.,2026-07-17T20:29:52.033563
leconstitutionnel,bpt6k6655467,,failed,0,0,,no_usable_pages,known,,,bpt6k6655467: no usable pages in manifest.,2026-07-17T20:29:52.120583
leconstitutionnel,bpt6k665547m,,failed,0,0,,no_usable_pages,known,,,bpt6k665547m: no usable pages in manifest.,2026-07-17T20:29:52.203578
leconstitutionnel,bpt6k6655480,,failed,0,0,,no_usable_pages,known,,,bpt6k6655480: no usable pages in manifest.,2026-07-17T20:29:52.268483
leconstitutionnel,bpt6k665549c,,failed,0,0,,no_usable_pages,known,,,bpt6k665549c: no usable pages in manifest.,2026-07-17T20:29:52.353876
leconstitutionnel,bpt6k6655509,,failed,0,0,,no_usable_pages,known,,,bpt6k6655509: no usable pages in manifest.,2026-07-17T20:29:52.444578
leconstitutionnel,bpt6k665551p,,failed,0,0,,no_usable_pages,known,,,bpt6k665551p: no usable pages in manifest.,2026-07-17T20:29:52.519289
leconstitutionnel,bpt6k6655522,,failed,0,0,,no_usable_pages,known,,,bpt6k6655522: no usable pages in manifest.,2026-07-17T20:29:52.649528
leconstitutionnel,bpt6k665553f,,failed,0,0,,no_usable_pages,known,,,bpt6k665553f: no usable pages in manifest.,2026-07-17T20:29:52.733488
leconstitutionnel,bpt6k665554t,,failed,0,0,,no_usable_pages,known,,,bpt6k665554t: no usable pages in manifest.,2026-07-17T20:29:52.805072
leconstitutionnel,bpt6k6655556,,failed,0,0,,no_usable_pages,known,,,bpt6k6655556: no usable pages in manifest.,2026-07-17T20:29:52.921208
leconstitutionnel,bpt6k665556k,,failed,0,0,,no_usable_pages,known,,,bpt6k665556k: no usable pages in manifest.,2026-07-17T20:29:53.048084
leconstitutionnel,bpt6k665557z,,failed,0,0,,no_usable_pages,known,,,bpt6k665557z: no usable pages in manifest.,2026-07-17T20:29:53.131464
leconstitutionnel,bpt6k665558b,,failed,0,0,,no_usable_pages,known,,,bpt6k665558b: no usable pages in manifest.,2026-07-17T20:29:53.254346
leconstitutionnel,bpt6k665559q,,failed,0,0,,no_usable_pages,known,,,bpt6k665559q: no usable pages in manifest.,2026-07-17T20:29:53.317725
leconstitutionnel,bpt6k665560n,,failed,0,0,,no_usable_pages,known,,,bpt6k665560n: no usable pages in manifest.,2026-07-17T20:29:53.404270
leconstitutionnel,bpt6k6655611,,failed,0,0,,no_usable_pages,known,,,bpt6k6655611: no usable pages in manifest.,2026-07-17T20:29:53.456679
leconstitutionnel,bpt6k665562d,,failed,0,0,,no_usable_pages,known,,,bpt6k665562d: no usable pages in manifest.,2026-07-17T20:29:53.531419
leconstitutionnel,bpt6k665563s,,failed,0,0,,no_usable_pages,known,,,bpt6k665563s: no usable pages in manifest.,2026-07-17T20:29:53.667642
leconstitutionnel,bpt6k6655645,,failed,0,0,,no_usable_pages,known,,,bpt6k6655645: no usable pages in manifest.,2026-07-17T20:29:53.750258
leconstitutionnel,bpt6k665565j,,failed,0,0,,no_usable_pages,known,,,bpt6k665565j: no usable pages in manifest.,2026-07-17T20:29:53.819616
leconstitutionnel,bpt6k665566x,,failed,0,0,,no_usable_pages,known,,,bpt6k665566x: no usable pages in manifest.,2026-07-17T20:29:53.902927
leconstitutionnel,bpt6k6655679,,failed,0,0,,no_usable_pages,known,,,bpt6k6655679: no usable pages in manifest.,2026-07-17T20:29:53.974287
leconstitutionnel,bpt6k665568p,,failed,0,0,,no_usable_pages,known,,,bpt6k665568p: no usable pages in manifest.,2026-07-17T20:29:54.040115
leconstitutionnel,bpt6k6655692,,failed,0,0,,no_usable_pages,known,,,bpt6k6655692: no usable pages in manifest.,2026-07-17T20:29:54.120182
leconstitutionnel,bpt6k6655700,,failed,0,0,,no_usable_pages,known,,,bpt6k6655700: no usable pages in manifest.,2026-07-17T20:29:54.196198
leconstitutionnel,bpt6k665571c,,failed,0,0,,no_usable_pages,known,,,bpt6k665571c: no usable pages in manifest.,2026-07-17T20:29:54.363259
leconstitutionnel,bpt6k665572r,,failed,0,0,,no_usable_pages,known,,,bpt6k665572r: no usable pages in manifest.,2026-07-17T20:29:54.448505
leconstitutionnel,bpt6k6655734,,failed,0,0,,no_usable_pages,known,,,bpt6k6655734: no usable pages in manifest.,2026-07-17T20:29:54.538567
leconstitutionnel,bpt6k665574h,,failed,0,0,,no_usable_pages,known,,,bpt6k665574h: no usable pages in manifest.,2026-07-17T20:29:54.693837
leconstitutionnel,bpt6k665575w,,failed,0,0,,no_usable_pages,known,,,bpt6k665575w: no usable pages in manifest.,2026-07-17T20:29:54.756868
leconstitutionnel,bpt6k6655768,,failed,0,0,,no_usable_pages,known,,,bpt6k6655768: no usable pages in manifest.,2026-07-17T20:29:54.837207
leconstitutionnel,bpt6k665577n,,failed,0,0,,no_usable_pages,known,,,bpt6k665577n: no usable pages in manifest.,2026-07-17T20:29:54.945504
leconstitutionnel,bpt6k6655781,,failed,0,0,,no_usable_pages,known,,,bpt6k6655781: no usable pages in manifest.,2026-07-17T20:29:55.018454
leconstitutionnel,bpt6k665579d,,failed,0,0,,no_usable_pages,known,,,bpt6k665579d: no usable pages in manifest.,2026-07-17T20:29:55.086290
leconstitutionnel,bpt6k665580b,,failed,0,0,,no_usable_pages,known,,,bpt6k665580b: no usable pages in manifest.,2026-07-17T20:29:55.169616
leconstitutionnel,bpt6k665581q,,failed,0,0,,no_usable_pages,known,,,bpt6k665581q: no usable pages in manifest.,2026-07-17T20:29:55.231055
leconstitutionnel,bpt6k6655823,,failed,0,0,,no_usable_pages,known,,,bpt6k6655823: no usable pages in manifest.,2026-07-17T20:29:55.320232
leconstitutionnel,bpt6k665583g,,failed,0,0,,no_usable_pages,known,,,bpt6k665583g: no usable pages in manifest.,2026-07-17T20:29:55.401799
leconstitutionnel,bpt6k665584v,,failed,0,0,,no_usable_pages,known,,,bpt6k665584v: no usable pages in manifest.,2026-07-17T20:29:55.466216
leconstitutionnel,bpt6k6655857,,failed,0,0,,no_usable_pages,known,,,bpt6k6655857: no usable pages in manifest.,2026-07-17T20:29:55.538909
leconstitutionnel,bpt6k665586m,,failed,0,0,,no_usable_pages,known,,,bpt6k665586m: no usable pages in manifest.,2026-07-17T20:29:55.620343
leconstitutionnel,bpt6k6655870,,failed,0,0,,no_usable_pages,known,,,bpt6k6655870: no usable pages in manifest.,2026-07-17T20:29:55.857626
leconstitutionnel,bpt6k665588c,,failed,0,0,,no_usable_pages,known,,,bpt6k665588c: no usable pages in manifest.,2026-07-17T20:29:55.959552
leconstitutionnel,bpt6k665589r,,failed,0,0,,no_usable_pages,known,,,bpt6k665589r: no usable pages in manifest.,2026-07-17T20:29:56.049746
leconstitutionnel,bpt6k665590p,,failed,0,0,,no_usable_pages,known,,,bpt6k665590p: no usable pages in manifest.,2026-07-17T20:29:56.140194
leconstitutionnel,bpt6k6655912,,failed,0,0,,no_usable_pages,known,,,bpt6k6655912: no usable pages in manifest.,2026-07-17T20:29:56.212117
leconstitutionnel,bpt6k665592f,,failed,0,0,,no_usable_pages,known,,,bpt6k665592f: no usable pages in manifest.,2026-07-17T20:29:56.298822
leconstitutionnel,bpt6k665593t,,failed,0,0,,no_usable_pages,known,,,bpt6k665593t: no usable pages in manifest.,2026-07-17T20:29:56.383631
leconstitutionnel,bpt6k6655946,,failed,0,0,,no_usable_pages,known,,,bpt6k6655946: no usable pages in manifest.,2026-07-17T20:29:56.474873
leconstitutionnel,bpt6k665595k,,failed,0,0,,no_usable_pages,known,,,bpt6k665595k: no usable pages in manifest.,2026-07-17T20:29:56.536506
leconstitutionnel,bpt6k665596z,,failed,0,0,,no_usable_pages,known,,,bpt6k665596z: no usable pages in manifest.,2026-07-17T20:29:56.623928
leconstitutionnel,bpt6k665597b,,failed,0,0,,no_usable_pages,known,,,bpt6k665597b: no usable pages in manifest.,2026-07-17T20:29:56.753294
leconstitutionnel,bpt6k665598q,,failed,0,0,,no_usable_pages,known,,,bpt6k665598q: no usable pages in manifest.,2026-07-17T20:29:56.827374
leconstitutionnel,bpt6k6655993,,failed,0,0,,no_usable_pages,known,,,bpt6k6655993: no usable pages in manifest.,2026-07-17T20:29:56.894721
leconstitutionnel,bpt6k665600w,,failed,0,0,,no_usable_pages,known,,,bpt6k665600w: no usable pages in manifest.,2026-07-17T20:29:56.962528
leconstitutionnel,bpt6k6656018,,failed,0,0,,no_usable_pages,known,,,bpt6k6656018: no usable pages in manifest.,2026-07-17T20:29:57.029393
leconstitutionnel,bpt6k665602n,,failed,0,0,,no_usable_pages,known,,,bpt6k665602n: no usable pages in manifest.,2026-07-17T20:29:57.108427
leconstitutionnel,bpt6k6656031,,failed,0,0,,no_usable_pages,known,,,bpt6k6656031: no usable pages in manifest.,2026-07-17T20:29:57.179509
leconstitutionnel,bpt6k665604d,,failed,0,0,,no_usable_pages,known,,,bpt6k665604d: no usable pages in manifest.,2026-07-17T20:29:57.262573
leconstitutionnel,bpt6k665605s,,failed,0,0,,no_usable_pages,known,,,bpt6k665605s: no usable pages in manifest.,2026-07-17T20:29:57.376933
leconstitutionnel,bpt6k6656065,,failed,0,0,,no_usable_pages,known,,,bpt6k6656065: no usable pages in manifest.,2026-07-17T20:29:57.531585
leconstitutionnel,bpt6k665607j,,failed,0,0,,no_usable_pages,known,,,bpt6k665607j: no usable pages in manifest.,2026-07-17T20:29:57.645775
leconstitutionnel,bpt6k665608x,,failed,0,0,,no_usable_pages,known,,,bpt6k665608x: no usable pages in manifest.,2026-07-17T20:29:57.795708
leconstitutionnel,bpt6k6656099,,failed,0,0,,no_usable_pages,known,,,bpt6k6656099: no usable pages in manifest.,2026-07-17T20:29:57.854915
leconstitutionnel,bpt6k6656107,,failed,0,0,,no_usable_pages,known,,,bpt6k6656107: no usable pages in manifest.,2026-07-17T20:29:57.950629
leconstitutionnel,bpt6k665611m,,failed,0,0,,no_usable_pages,known,,,bpt6k665611m: no usable pages in manifest.,2026-07-17T20:29:58.023148
leconstitutionnel,bpt6k6656120,,failed,0,0,,no_usable_pages,known,,,bpt6k6656120: no usable pages in manifest.,2026-07-17T20:29:58.112369
leconstitutionnel,bpt6k665613c,,failed,0,0,,no_usable_pages,known,,,bpt6k665613c: no usable pages in manifest.,2026-07-17T20:29:58.220535
leconstitutionnel,bpt6k665614r,,failed,0,0,,no_usable_pages,known,,,bpt6k665614r: no usable pages in manifest.,2026-07-17T20:29:58.294095
leconstitutionnel,bpt6k6656154,,failed,0,0,,no_usable_pages,known,,,bpt6k6656154: no usable pages in manifest.,2026-07-17T20:29:58.364285
leconstitutionnel,bpt6k665616h,,failed,0,0,,no_usable_pages,known,,,bpt6k665616h: no usable pages in manifest.,2026-07-17T20:29:58.416180
leconstitutionnel,bpt6k665617w,,failed,0,0,,no_usable_pages,known,,,bpt6k665617w: no usable pages in manifest.,2026-07-17T20:29:58.501344
leconstitutionnel,bpt6k6656188,,failed,0,0,,no_usable_pages,known,,,bpt6k6656188: no usable pages in manifest.,2026-07-17T20:29:58.591253
leconstitutionnel,bpt6k665619n,,failed,0,0,,no_usable_pages,known,,,bpt6k665619n: no usable pages in manifest.,2026-07-17T20:29:58.684089
leconstitutionnel,bpt6k665620k,,failed,0,0,,no_usable_pages,known,,,bpt6k665620k: no usable pages in manifest.,2026-07-17T20:29:58.818492
leconstitutionnel,bpt6k665621z,,failed,0,0,,no_usable_pages,known,,,bpt6k665621z: no usable pages in manifest.,2026-07-17T20:29:58.890146
leconstitutionnel,bpt6k665622b,,failed,0,0,,no_usable_pages,known,,,bpt6k665622b: no usable pages in manifest.,2026-07-17T20:29:58.973351
leconstitutionnel,bpt6k665623q,,failed,0,0,,no_usable_pages,known,,,bpt6k665623q: no usable pages in manifest.,2026-07-17T20:29:59.050276
leconstitutionnel,bpt6k6656243,,failed,0,0,,no_usable_pages,known,,,bpt6k6656243: no usable pages in manifest.,2026-07-17T20:29:59.199762
leconstitutionnel,bpt6k665625g,,failed,0,0,,no_usable_pages,known,,,bpt6k665625g: no usable pages in manifest.,2026-07-17T20:29:59.269346
leconstitutionnel,bpt6k665626v,,failed,0,0,,no_usable_pages,known,,,bpt6k665626v: no usable pages in manifest.,2026-07-17T20:29:59.336432
leconstitutionnel,bpt6k6656277,,failed,0,0,,no_usable_pages,known,,,bpt6k6656277: no usable pages in manifest.,2026-07-17T20:29:59.428685
leconstitutionnel,bpt6k665628m,,failed,0,0,,no_usable_pages,known,,,bpt6k665628m: no usable pages in manifest.,2026-07-17T20:29:59.496567
leconstitutionnel,bpt6k6656290,,failed,0,0,,no_usable_pages,known,,,bpt6k6656290: no usable pages in manifest.,2026-07-17T20:29:59.563087
leconstitutionnel,bpt6k665630x,,failed,0,0,,no_usable_pages,known,,,bpt6k665630x: no usable pages in manifest.,2026-07-17T20:29:59.659345
leconstitutionnel,bpt6k6656319,,failed,0,0,,no_usable_pages,known,,,bpt6k6656319: no usable pages in manifest.,2026-07-17T20:29:59.754970
leconstitutionnel,bpt6k665632p,,failed,0,0,,no_usable_pages,known,,,bpt6k665632p: no usable pages in manifest.,2026-07-17T20:29:59.891298
leconstitutionnel,bpt6k6656332,,failed,0,0,,no_usable_pages,known,,,bpt6k6656332: no usable pages in manifest.,2026-07-17T20:29:59.964537
leconstitutionnel,bpt6k665634f,,failed,0,0,,no_usable_pages,known,,,bpt6k665634f: no usable pages in manifest.,2026-07-17T20:30:00.065512
leconstitutionnel,bpt6k665635t,,failed,0,0,,no_usable_pages,known,,,bpt6k665635t: no usable pages in manifest.,2026-07-17T20:30:00.175512
leconstitutionnel,bpt6k6656366,,failed,0,0,,no_usable_pages,known,,,bpt6k6656366: no usable pages in manifest.,2026-07-17T20:30:00.299734
leconstitutionnel,bpt6k665637k,,failed,0,0,,no_usable_pages,known,,,bpt6k665637k: no usable pages in manifest.,2026-07-17T20:30:00.461881
leconstitutionnel,bpt6k665638z,,failed,0,0,,no_usable_pages,known,,,bpt6k665638z: no usable pages in manifest.,2026-07-17T20:30:00.569695
leconstitutionnel,bpt6k665639b,,failed,0,0,,no_usable_pages,known,,,bpt6k665639b: no usable pages in manifest.,2026-07-17T20:30:00.710250
leconstitutionnel,bpt6k6656408,,failed,0,0,,no_usable_pages,known,,,bpt6k6656408: no usable pages in manifest.,2026-07-17T20:30:00.825889
leconstitutionnel,bpt6k665641n,,failed,0,0,,no_usable_pages,known,,,bpt6k665641n: no usable pages in manifest.,2026-07-17T20:30:00.981913
leconstitutionnel,bpt6k6656421,,failed,0,0,,no_usable_pages,known,,,bpt6k6656421: no usable pages in manifest.,2026-07-17T20:30:01.092549
leconstitutionnel,bpt6k665643d,,failed,0,0,,no_usable_pages,known,,,bpt6k665643d: no usable pages in manifest.,2026-07-17T20:30:01.185316
leconstitutionnel,bpt6k665644s,,failed,0,0,,no_usable_pages,known,,,bpt6k665644s: no usable pages in manifest.,2026-07-17T20:30:01.304159
leconstitutionnel,bpt6k6656455,,failed,0,0,,no_usable_pages,known,,,bpt6k6656455: no usable pages in manifest.,2026-07-17T20:30:01.387250
leconstitutionnel,bpt6k665646j,,failed,0,0,,no_usable_pages,known,,,bpt6k665646j: no usable pages in manifest.,2026-07-17T20:30:01.507293
leconstitutionnel,bpt6k665647x,,failed,0,0,,no_usable_pages,known,,,bpt6k665647x: no usable pages in manifest.,2026-07-17T20:30:01.601820
leconstitutionnel,bpt6k6656489,,failed,0,0,,no_usable_pages,known,,,bpt6k6656489: no usable pages in manifest.,2026-07-17T20:30:01.740947
leconstitutionnel,bpt6k665649p,,failed,0,0,,no_usable_pages,known,,,bpt6k665649p: no usable pages in manifest.,2026-07-17T20:30:01.824620
leconstitutionnel,bpt6k665650m,,failed,0,0,,no_usable_pages,known,,,bpt6k665650m: no usable pages in manifest.,2026-07-17T20:30:01.925982
leconstitutionnel,bpt6k6656510,,failed,0,0,,no_usable_pages,known,,,bpt6k6656510: no usable pages in manifest.,2026-07-17T20:30:02.175095
leconstitutionnel,bpt6k665652c,,failed,0,0,,no_usable_pages,known,,,bpt6k665652c: no usable pages in manifest.,2026-07-17T20:30:02.247346
leconstitutionnel,bpt6k665653r,,failed,0,0,,no_usable_pages,known,,,bpt6k665653r: no usable pages in manifest.,2026-07-17T20:30:02.342370
leconstitutionnel,bpt6k6656544,,failed,0,0,,no_usable_pages,known,,,bpt6k6656544: no usable pages in manifest.,2026-07-17T20:30:02.417810
leconstitutionnel,bpt6k665655h,,failed,0,0,,no_usable_pages,known,,,bpt6k665655h: no usable pages in manifest.,2026-07-17T20:30:02.497712
leconstitutionnel,bpt6k665656w,,failed,0,0,,no_usable_pages,known,,,bpt6k665656w: no usable pages in manifest.,2026-07-17T20:30:02.578367
leconstitutionnel,bpt6k6656578,,failed,0,0,,no_usable_pages,known,,,bpt6k6656578: no usable pages in manifest.,2026-07-17T20:30:02.658046
leconstitutionnel,bpt6k665658n,,failed,0,0,,no_usable_pages,known,,,bpt6k665658n: no usable pages in manifest.,2026-07-17T20:30:02.742479
leconstitutionnel,bpt6k6656591,,failed,0,0,,no_usable_pages,known,,,bpt6k6656591: no usable pages in manifest.,2026-07-17T20:30:02.837554
leconstitutionnel,bpt6k665660z,,failed,0,0,,no_usable_pages,known,,,bpt6k665660z: no usable pages in manifest.,2026-07-17T20:30:02.925388
leconstitutionnel,bpt6k665661b,,failed,0,0,,no_usable_pages,known,,,bpt6k665661b: no usable pages in manifest.,2026-07-17T20:30:02.999105
leconstitutionnel,bpt6k665662q,,failed,0,0,,no_usable_pages,known,,,bpt6k665662q: no usable pages in manifest.,2026-07-17T20:30:03.099393
leconstitutionnel,bpt6k6656633,,failed,0,0,,no_usable_pages,known,,,bpt6k6656633: no usable pages in manifest.,2026-07-17T20:30:03.235464
leconstitutionnel,bpt6k665664g,,failed,0,0,,no_usable_pages,known,,,bpt6k665664g: no usable pages in manifest.,2026-07-17T20:30:03.335506
leconstitutionnel,bpt6k665665v,,failed,0,0,,no_usable_pages,known,,,bpt6k665665v: no usable pages in manifest.,2026-07-17T20:30:03.418893
leconstitutionnel,bpt6k6656667,,failed,0,0,,no_usable_pages,known,,,bpt6k6656667: no usable pages in manifest.,2026-07-17T20:30:03.533334
leconstitutionnel,bpt6k665667m,,failed,0,0,,no_usable_pages,known,,,bpt6k665667m: no usable pages in manifest.,2026-07-17T20:30:03.730461
leconstitutionnel,bpt6k6656680,,failed,0,0,,no_usable_pages,known,,,bpt6k6656680: no usable pages in manifest.,2026-07-17T20:30:03.815838
leconstitutionnel,bpt6k665669c,,failed,0,0,,no_usable_pages,known,,,bpt6k665669c: no usable pages in manifest.,2026-07-17T20:30:03.897288
leconstitutionnel,bpt6k6656709,,failed,0,0,,no_usable_pages,known,,,bpt6k6656709: no usable pages in manifest.,2026-07-17T20:30:03.979345
leconstitutionnel,bpt6k665671p,,failed,0,0,,no_usable_pages,known,,,bpt6k665671p: no usable pages in manifest.,2026-07-17T20:30:04.063825
leconstitutionnel,bpt6k6656722,,failed,0,0,,no_usable_pages,known,,,bpt6k6656722: no usable pages in manifest.,2026-07-17T20:30:04.202621
leconstitutionnel,bpt6k665673f,,failed,0,0,,no_usable_pages,known,,,bpt6k665673f: no usable pages in manifest.,2026-07-17T20:30:04.268505
leconstitutionnel,bpt6k665674t,,failed,0,0,,no_usable_pages,known,,,bpt6k665674t: no usable pages in manifest.,2026-07-17T20:30:04.337470
leconstitutionnel,bpt6k6656756,,failed,0,0,,no_usable_pages,known,,,bpt6k6656756: no usable pages in manifest.,2026-07-17T20:30:04.413498
leconstitutionnel,bpt6k665676k,,failed,0,0,,no_usable_pages,known,,,bpt6k665676k: no usable pages in manifest.,2026-07-17T20:30:04.496991
leconstitutionnel,bpt6k665677z,,failed,0,0,,no_usable_pages,known,,,bpt6k665677z: no usable pages in manifest.,2026-07-17T20:30:04.564495
leconstitutionnel,bpt6k665678b,,failed,0,0,,no_usable_pages,known,,,bpt6k665678b: no usable pages in manifest.,2026-07-17T20:30:04.676379
leconstitutionnel,bpt6k665679q,,failed,0,0,,no_usable_pages,known,,,bpt6k665679q: no usable pages in manifest.,2026-07-17T20:30:04.747960
leconstitutionnel,bpt6k665680n,,failed,0,0,,no_usable_pages,known,,,bpt6k665680n: no usable pages in manifest.,2026-07-17T20:30:04.851335
leconstitutionnel,bpt6k6656811,,failed,0,0,,no_usable_pages,known,,,bpt6k6656811: no usable pages in manifest.,2026-07-17T20:30:04.933455
leconstitutionnel,bpt6k665682d,,failed,0,0,,no_usable_pages,known,,,bpt6k665682d: no usable pages in manifest.,2026-07-17T20:30:05.024167
leconstitutionnel,bpt6k665683s,,failed,0,0,,no_usable_pages,known,,,bpt6k665683s: no usable pages in manifest.,2026-07-17T20:30:05.157153
leconstitutionnel,bpt6k6656845,,failed,0,0,,no_usable_pages,known,,,bpt6k6656845: no usable pages in manifest.,2026-07-17T20:30:05.447522
leconstitutionnel,bpt6k665685j,,failed,0,0,,no_usable_pages,known,,,bpt6k665685j: no usable pages in manifest.,2026-07-17T20:30:05.513518
leconstitutionnel,bpt6k665686x,,failed,0,0,,no_usable_pages,known,,,bpt6k665686x: no usable pages in manifest.,2026-07-17T20:30:05.586453
leconstitutionnel,bpt6k6656879,,failed,0,0,,no_usable_pages,known,,,bpt6k6656879: no usable pages in manifest.,2026-07-17T20:30:05.695987
leconstitutionnel,bpt6k665688p,,failed,0,0,,no_usable_pages,known,,,bpt6k665688p: no usable pages in manifest.,2026-07-17T20:30:05.783174
leconstitutionnel,bpt6k6656892,,failed,0,0,,no_usable_pages,known,,,bpt6k6656892: no usable pages in manifest.,2026-07-17T20:30:05.850146
leconstitutionnel,bpt6k6656900,,failed,0,0,,no_usable_pages,known,,,bpt6k6656900: no usable pages in manifest.,2026-07-17T20:30:05.916017
leconstitutionnel,bpt6k665691c,,failed,0,0,,no_usable_pages,known,,,bpt6k665691c: no usable pages in manifest.,2026-07-17T20:30:06.000948
leconstitutionnel,bpt6k665692r,,failed,0,0,,no_usable_pages,known,,,bpt6k665692r: no usable pages in manifest.,2026-07-17T20:30:06.071697
leconstitutionnel,bpt6k6656934,,failed,0,0,,no_usable_pages,known,,,bpt6k6656934: no usable pages in manifest.,2026-07-17T20:30:06.155604
leconstitutionnel,bpt6k665694h,,failed,0,0,,no_usable_pages,known,,,bpt6k665694h: no usable pages in manifest.,2026-07-17T20:30:06.240056
leconstitutionnel,bpt6k665695w,,failed,0,0,,no_usable_pages,known,,,bpt6k665695w: no usable pages in manifest.,2026-07-17T20:30:06.316586
leconstitutionnel,bpt6k6656968,,failed,0,0,,no_usable_pages,known,,,bpt6k6656968: no usable pages in manifest.,2026-07-17T20:30:06.455152
leconstitutionnel,bpt6k665697n,,failed,0,0,,no_usable_pages,known,,,bpt6k665697n: no usable pages in manifest.,2026-07-17T20:30:06.514864
leconstitutionnel,bpt6k6656981,,failed,0,0,,no_usable_pages,known,,,bpt6k6656981: no usable pages in manifest.,2026-07-17T20:30:06.576453
leconstitutionnel,bpt6k665699d,,failed,0,0,,no_usable_pages,known,,,bpt6k665699d: no usable pages in manifest.,2026-07-17T20:30:06.635516
leconstitutionnel,bpt6k6657006,,failed,0,0,,no_usable_pages,known,,,bpt6k6657006: no usable pages in manifest.,2026-07-17T20:30:06.686826
leconstitutionnel,bpt6k665701k,,failed,0,0,,no_usable_pages,known,,,bpt6k665701k: no usable pages in manifest.,2026-07-17T20:30:06.814720
leconstitutionnel,bpt6k665702z,,failed,0,0,,no_usable_pages,known,,,bpt6k665702z: no usable pages in manifest.,2026-07-17T20:30:07.114939
leconstitutionnel,bpt6k665703b,,failed,0,0,,no_usable_pages,known,,,bpt6k665703b: no usable pages in manifest.,2026-07-17T20:30:07.175119
leconstitutionnel,bpt6k665704q,,failed,0,0,,no_usable_pages,known,,,bpt6k665704q: no usable pages in manifest.,2026-07-17T20:30:07.252395
leconstitutionnel,bpt6k6657053,,failed,0,0,,no_usable_pages,known,,,bpt6k6657053: no usable pages in manifest.,2026-07-17T20:30:07.310216
leconstitutionnel,bpt6k665706g,,failed,0,0,,no_usable_pages,known,,,bpt6k665706g: no usable pages in manifest.,2026-07-17T20:30:07.396518
leconstitutionnel,bpt6k665707v,,failed,0,0,,no_usable_pages,known,,,bpt6k665707v: no usable pages in manifest.,2026-07-17T20:30:07.632540
leconstitutionnel,bpt6k6657087,,failed,0,0,,no_usable_pages,known,,,bpt6k6657087: no usable pages in manifest.,2026-07-17T20:30:07.757477
leconstitutionnel,bpt6k665709m,,failed,0,0,,no_usable_pages,known,,,bpt6k665709m: no usable pages in manifest.,2026-07-17T20:30:07.872653
leconstitutionnel,bpt6k665710j,,failed,0,0,,no_usable_pages,known,,,bpt6k665710j: no usable pages in manifest.,2026-07-17T20:30:08.038372
leconstitutionnel,bpt6k665711x,,failed,0,0,,no_usable_pages,known,,,bpt6k665711x: no usable pages in manifest.,2026-07-17T20:30:08.191853
leconstitutionnel,bpt6k6657129,,failed,0,0,,no_usable_pages,known,,,bpt6k6657129: no usable pages in manifest.,2026-07-17T20:30:08.342665
leconstitutionnel,bpt6k665713p,,failed,0,0,,no_usable_pages,known,,,bpt6k665713p: no usable pages in manifest.,2026-07-17T20:30:08.486285
leconstitutionnel,bpt6k6657142,,failed,0,0,,no_usable_pages,known,,,bpt6k6657142: no usable pages in manifest.,2026-07-17T20:30:08.988276
leconstitutionnel,bpt6k665715f,,failed,0,0,,no_usable_pages,known,,,bpt6k665715f: no usable pages in manifest.,2026-07-17T20:30:09.064363
leconstitutionnel,bpt6k665716t,,failed,0,0,,no_usable_pages,known,,,bpt6k665716t: no usable pages in manifest.,2026-07-17T20:30:09.190003
leconstitutionnel,bpt6k6657176,,failed,0,0,,no_usable_pages,known,,,bpt6k6657176: no usable pages in manifest.,2026-07-17T20:30:09.276392
leconstitutionnel,bpt6k665718k,,failed,0,0,,no_usable_pages,known,,,bpt6k665718k: no usable pages in manifest.,2026-07-17T20:30:09.393318
leconstitutionnel,bpt6k665719z,,failed,0,0,,no_usable_pages,known,,,bpt6k665719z: no usable pages in manifest.,2026-07-17T20:30:09.474689
leconstitutionnel,bpt6k665720w,,failed,0,0,,no_usable_pages,known,,,bpt6k665720w: no usable pages in manifest.,2026-07-17T20:30:09.538395
leconstitutionnel,bpt6k6657218,,failed,0,0,,no_usable_pages,known,,,bpt6k6657218: no usable pages in manifest.,2026-07-17T20:30:09.590567
leconstitutionnel,bpt6k665722n,,failed,0,0,,no_usable_pages,known,,,bpt6k665722n: no usable pages in manifest.,2026-07-17T20:30:09.726368
leconstitutionnel,bpt6k6657231,,failed,0,0,,no_usable_pages,known,,,bpt6k6657231: no usable pages in manifest.,2026-07-17T20:30:09.830489
leconstitutionnel,bpt6k665724d,,failed,0,0,,no_usable_pages,known,,,bpt6k665724d: no usable pages in manifest.,2026-07-17T20:30:09.915044
leconstitutionnel,bpt6k665725s,,failed,0,0,,no_usable_pages,known,,,bpt6k665725s: no usable pages in manifest.,2026-07-17T20:30:09.994831
leconstitutionnel,bpt6k6657265,,failed,0,0,,no_usable_pages,known,,,bpt6k6657265: no usable pages in manifest.,2026-07-17T20:30:10.093185
leconstitutionnel,bpt6k665727j,,failed,0,0,,no_usable_pages,known,,,bpt6k665727j: no usable pages in manifest.,2026-07-17T20:30:10.160469
leconstitutionnel,bpt6k665728x,,failed,0,0,,no_usable_pages,known,,,bpt6k665728x: no usable pages in manifest.,2026-07-17T20:30:10.218070
leconstitutionnel,bpt6k6657299,,failed,0,0,,no_usable_pages,known,,,bpt6k6657299: no usable pages in manifest.,2026-07-17T20:30:10.282305
leconstitutionnel,bpt6k6657307,,failed,0,0,,no_usable_pages,known,,,bpt6k6657307: no usable pages in manifest.,2026-07-17T20:30:10.478874
leconstitutionnel,bpt6k665731m,,failed,0,0,,no_usable_pages,known,,,bpt6k665731m: no usable pages in manifest.,2026-07-17T20:30:11.212504
leconstitutionnel,bpt6k6657320,,failed,0,0,,no_usable_pages,known,,,bpt6k6657320: no usable pages in manifest.,2026-07-17T20:30:11.291620
leconstitutionnel,bpt6k665733c,,failed,0,0,,no_usable_pages,known,,,bpt6k665733c: no usable pages in manifest.,2026-07-17T20:30:11.390889
leconstitutionnel,bpt6k665734r,,failed,0,0,,no_usable_pages,known,,,bpt6k665734r: no usable pages in manifest.,2026-07-17T20:30:11.523253
leconstitutionnel,bpt6k6657354,,failed,0,0,,no_usable_pages,known,,,bpt6k6657354: no usable pages in manifest.,2026-07-17T20:30:11.561432
leconstitutionnel,bpt6k665736h,,failed,0,0,,no_usable_pages,known,,,bpt6k665736h: no usable pages in manifest.,2026-07-17T20:30:11.680271
leconstitutionnel,bpt6k665737w,,failed,0,0,,no_usable_pages,known,,,bpt6k665737w: no usable pages in manifest.,2026-07-17T20:30:11.782354
leconstitutionnel,bpt6k6657388,,failed,0,0,,no_usable_pages,known,,,bpt6k6657388: no usable pages in manifest.,2026-07-17T20:30:11.853630
leconstitutionnel,bpt6k665739n,,failed,0,0,,no_usable_pages,known,,,bpt6k665739n: no usable pages in manifest.,2026-07-17T20:30:11.913909
leconstitutionnel,bpt6k665740k,,failed,0,0,,no_usable_pages,known,,,bpt6k665740k: no usable pages in manifest.,2026-07-17T20:30:11.980731
leconstitutionnel,bpt6k665741z,,failed,0,0,,no_usable_pages,known,,,bpt6k665741z: no usable pages in manifest.,2026-07-17T20:30:12.073505
leconstitutionnel,bpt6k665742b,,failed,0,0,,no_usable_pages,known,,,bpt6k665742b: no usable pages in manifest.,2026-07-17T20:30:12.263913
leconstitutionnel,bpt6k665743q,,failed,0,0,,no_usable_pages,known,,,bpt6k665743q: no usable pages in manifest.,2026-07-17T20:30:12.412458
leconstitutionnel,bpt6k6657443,,failed,0,0,,no_usable_pages,known,,,bpt6k6657443: no usable pages in manifest.,2026-07-17T20:30:12.952053
leconstitutionnel,bpt6k665745g,,failed,0,0,,no_usable_pages,known,,,bpt6k665745g: no usable pages in manifest.,2026-07-17T20:30:13.646235
leconstitutionnel,bpt6k665746v,,failed,0,0,,no_usable_pages,known,,,bpt6k665746v: no usable pages in manifest.,2026-07-17T20:30:14.011850
leconstitutionnel,bpt6k6657477,,failed,0,0,,no_usable_pages,known,,,bpt6k6657477: no usable pages in manifest.,2026-07-17T20:30:14.235447
leconstitutionnel,bpt6k665748m,,failed,0,0,,no_usable_pages,known,,,bpt6k665748m: no usable pages in manifest.,2026-07-17T20:30:14.624662
leconstitutionnel,bpt6k6657490,,failed,0,0,,no_usable_pages,known,,,bpt6k6657490: no usable pages in manifest.,2026-07-17T20:30:15.352708
leconstitutionnel,bpt6k665750x,,failed,0,0,,no_usable_pages,known,,,bpt6k665750x: no usable pages in manifest.,2026-07-17T20:30:15.444018
leconstitutionnel,bpt6k6657519,,failed,0,0,,no_usable_pages,known,,,bpt6k6657519: no usable pages in manifest.,2026-07-17T20:30:15.676275
leconstitutionnel,bpt6k665752p,,failed,0,0,,no_usable_pages,known,,,bpt6k665752p: no usable pages in manifest.,2026-07-17T20:30:15.786120
leconstitutionnel,bpt6k6657532,,failed,0,0,,no_usable_pages,known,,,bpt6k6657532: no usable pages in manifest.,2026-07-17T20:30:15.868463
leconstitutionnel,bpt6k665754f,,failed,0,0,,no_usable_pages,known,,,bpt6k665754f: no usable pages in manifest.,2026-07-17T20:30:15.945642
leconstitutionnel,bpt6k665755t,,failed,0,0,,no_usable_pages,known,,,bpt6k665755t: no usable pages in manifest.,2026-07-17T20:30:16.050557
leconstitutionnel,bpt6k6657566,,failed,0,0,,no_usable_pages,known,,,bpt6k6657566: no usable pages in manifest.,2026-07-17T20:30:16.125650
leconstitutionnel,bpt6k665757k,,failed,0,0,,no_usable_pages,known,,,bpt6k665757k: no usable pages in manifest.,2026-07-17T20:30:16.214843
leconstitutionnel,bpt6k665758z,,failed,0,0,,no_usable_pages,known,,,bpt6k665758z: no usable pages in manifest.,2026-07-17T20:30:16.328864
leconstitutionnel,bpt6k665759b,,failed,0,0,,no_usable_pages,known,,,bpt6k665759b: no usable pages in manifest.,2026-07-17T20:30:16.460817
leconstitutionnel,bpt6k6657608,,failed,0,0,,no_usable_pages,known,,,bpt6k6657608: no usable pages in manifest.,2026-07-17T20:30:16.597698
leconstitutionnel,bpt6k665761n,,failed,0,0,,no_usable_pages,known,,,bpt6k665761n: no usable pages in manifest.,2026-07-17T20:30:16.728829
leconstitutionnel,bpt6k6657621,,failed,0,0,,no_usable_pages,known,,,bpt6k6657621: no usable pages in manifest.,2026-07-17T20:30:16.834294
leconstitutionnel,bpt6k665763d,,failed,0,0,,no_usable_pages,known,,,bpt6k665763d: no usable pages in manifest.,2026-07-17T20:30:16.964647
leconstitutionnel,bpt6k665764s,,failed,0,0,,no_usable_pages,known,,,bpt6k665764s: no usable pages in manifest.,2026-07-17T20:30:17.058593
leconstitutionnel,bpt6k6657655,,failed,0,0,,no_usable_pages,known,,,bpt6k6657655: no usable pages in manifest.,2026-07-17T20:30:17.165519
leconstitutionnel,bpt6k665766j,,failed,0,0,,no_usable_pages,known,,,bpt6k665766j: no usable pages in manifest.,2026-07-17T20:30:17.235054
leconstitutionnel,bpt6k665767x,,failed,0,0,,no_usable_pages,known,,,bpt6k665767x: no usable pages in manifest.,2026-07-17T20:30:17.364013
leconstitutionnel,bpt6k6657689,,failed,0,0,,no_usable_pages,known,,,bpt6k6657689: no usable pages in manifest.,2026-07-17T20:30:17.439561
leconstitutionnel,bpt6k665769p,,failed,0,0,,no_usable_pages,known,,,bpt6k665769p: no usable pages in manifest.,2026-07-17T20:30:17.507332
leconstitutionnel,bpt6k665770m,,failed,0,0,,no_usable_pages,known,,,bpt6k665770m: no usable pages in manifest.,2026-07-17T20:30:17.574316
leconstitutionnel,bpt6k6657710,,failed,0,0,,no_usable_pages,known,,,bpt6k6657710: no usable pages in manifest.,2026-07-17T20:30:17.640560
leconstitutionnel,bpt6k665772c,,failed,0,0,,no_usable_pages,known,,,bpt6k665772c: no usable pages in manifest.,2026-07-17T20:30:17.713637
leconstitutionnel,bpt6k665773r,,failed,0,0,,no_usable_pages,known,,,bpt6k665773r: no usable pages in manifest.,2026-07-17T20:30:17.794903
leconstitutionnel,bpt6k6657744,,failed,0,0,,no_usable_pages,known,,,bpt6k6657744: no usable pages in manifest.,2026-07-17T20:30:17.913322
leconstitutionnel,bpt6k665775h,,failed,0,0,,no_usable_pages,known,,,bpt6k665775h: no usable pages in manifest.,2026-07-17T20:30:18.036109
leconstitutionnel,bpt6k665776w,,failed,0,0,,no_usable_pages,known,,,bpt6k665776w: no usable pages in manifest.,2026-07-17T20:30:18.257848
leconstitutionnel,bpt6k6657778,,failed,0,0,,no_usable_pages,known,,,bpt6k6657778: no usable pages in manifest.,2026-07-17T20:30:18.480422
leconstitutionnel,bpt6k665778n,,failed,0,0,,no_usable_pages,known,,,bpt6k665778n: no usable pages in manifest.,2026-07-17T20:30:18.560613
leconstitutionnel,bpt6k6657791,,failed,0,0,,no_usable_pages,known,,,bpt6k6657791: no usable pages in manifest.,2026-07-17T20:30:18.650707
leconstitutionnel,bpt6k665780z,,failed,0,0,,no_usable_pages,known,,,bpt6k665780z: no usable pages in manifest.,2026-07-17T20:30:18.751256
leconstitutionnel,bpt6k665781b,,failed,0,0,,no_usable_pages,known,,,bpt6k665781b: no usable pages in manifest.,2026-07-17T20:30:18.840980
leconstitutionnel,bpt6k665782q,,failed,0,0,,no_usable_pages,known,,,bpt6k665782q: no usable pages in manifest.,2026-07-17T20:30:18.947370
leconstitutionnel,bpt6k6657833,,failed,0,0,,no_usable_pages,known,,,bpt6k6657833: no usable pages in manifest.,2026-07-17T20:30:19.018481
leconstitutionnel,bpt6k665784g,,failed,0,0,,no_usable_pages,known,,,bpt6k665784g: no usable pages in manifest.,2026-07-17T20:30:19.097468
leconstitutionnel,bpt6k665785v,,failed,0,0,,no_usable_pages,known,,,bpt6k665785v: no usable pages in manifest.,2026-07-17T20:30:19.147979
leconstitutionnel,bpt6k6657867,,failed,0,0,,no_usable_pages,known,,,bpt6k6657867: no usable pages in manifest.,2026-07-17T20:30:19.195490
leconstitutionnel,bpt6k665787m,,failed,0,0,,no_usable_pages,known,,,bpt6k665787m: no usable pages in manifest.,2026-07-17T20:30:19.273883
leconstitutionnel,bpt6k6657880,,failed,0,0,,no_usable_pages,known,,,bpt6k6657880: no usable pages in manifest.,2026-07-17T20:30:19.357027
leconstitutionnel,bpt6k665789c,,failed,0,0,,no_usable_pages,known,,,bpt6k665789c: no usable pages in manifest.,2026-07-17T20:30:19.458260
leconstitutionnel,bpt6k6657909,,failed,0,0,,no_usable_pages,known,,,bpt6k6657909: no usable pages in manifest.,2026-07-17T20:30:19.534001
leconstitutionnel,bpt6k665791p,,failed,0,0,,no_usable_pages,known,,,bpt6k665791p: no usable pages in manifest.,2026-07-17T20:30:19.619588
leconstitutionnel,bpt6k6657922,,failed,0,0,,no_usable_pages,known,,,bpt6k6657922: no usable pages in manifest.,2026-07-17T20:30:19.698513
leconstitutionnel,bpt6k665793f,,failed,0,0,,no_usable_pages,known,,,bpt6k665793f: no usable pages in manifest.,2026-07-17T20:30:19.773124
leconstitutionnel,bpt6k665794t,,failed,0,0,,no_usable_pages,known,,,bpt6k665794t: no usable pages in manifest.,2026-07-17T20:30:19.849764
leconstitutionnel,bpt6k6657956,,failed,0,0,,no_usable_pages,known,,,bpt6k6657956: no usable pages in manifest.,2026-07-17T20:30:19.984768
leconstitutionnel,bpt6k665796k,,failed,0,0,,no_usable_pages,known,,,bpt6k665796k: no usable pages in manifest.,2026-07-17T20:30:20.061472
leconstitutionnel,bpt6k665797z,,failed,0,0,,no_usable_pages,known,,,bpt6k665797z: no usable pages in manifest.,2026-07-17T20:30:20.146841
leconstitutionnel,bpt6k665798b,,failed,0,0,,no_usable_pages,known,,,bpt6k665798b: no usable pages in manifest.,2026-07-17T20:30:20.232738
leconstitutionnel,bpt6k665799q,,failed,0,0,,no_usable_pages,known,,,bpt6k665799q: no usable pages in manifest.,2026-07-17T20:30:20.310575
leconstitutionnel,bpt6k665800h,,failed,0,0,,no_usable_pages,known,,,bpt6k665800h: no usable pages in manifest.,2026-07-17T20:30:20.400019
leconstitutionnel,bpt6k665801w,,failed,0,0,,no_usable_pages,known,,,bpt6k665801w: no usable pages in manifest.,2026-07-17T20:30:20.536485
leconstitutionnel,bpt6k6658028,,failed,0,0,,no_usable_pages,known,,,bpt6k6658028: no usable pages in manifest.,2026-07-17T20:30:20.614483
leconstitutionnel,bpt6k665803n,,failed,0,0,,no_usable_pages,known,,,bpt6k665803n: no usable pages in manifest.,2026-07-17T20:30:20.684428
leconstitutionnel,bpt6k6658041,,failed,0,0,,no_usable_pages,known,,,bpt6k6658041: no usable pages in manifest.,2026-07-17T20:30:20.768031
leconstitutionnel,bpt6k665805d,,failed,0,0,,no_usable_pages,known,,,bpt6k665805d: no usable pages in manifest.,2026-07-17T20:30:20.832606
leconstitutionnel,bpt6k665806s,,failed,0,0,,no_usable_pages,known,,,bpt6k665806s: no usable pages in manifest.,2026-07-17T20:30:20.893275
leconstitutionnel,bpt6k6658075,,failed,0,0,,no_usable_pages,known,,,bpt6k6658075: no usable pages in manifest.,2026-07-17T20:30:20.993722
leconstitutionnel,bpt6k665808j,,failed,0,0,,no_usable_pages,known,,,bpt6k665808j: no usable pages in manifest.,2026-07-17T20:30:21.078866
leconstitutionnel,bpt6k665809x,,failed,0,0,,no_usable_pages,known,,,bpt6k665809x: no usable pages in manifest.,2026-07-17T20:30:21.182400
leconstitutionnel,bpt6k665810v,,failed,0,0,,no_usable_pages,known,,,bpt6k665810v: no usable pages in manifest.,2026-07-17T20:30:21.297002
leconstitutionnel,bpt6k6658117,,failed,0,0,,no_usable_pages,known,,,bpt6k6658117: no usable pages in manifest.,2026-07-17T20:30:21.410983
leconstitutionnel,bpt6k665812m,,failed,0,0,,no_usable_pages,known,,,bpt6k665812m: no usable pages in manifest.,2026-07-17T20:30:21.567926
leconstitutionnel,bpt6k6658130,,failed,0,0,,no_usable_pages,known,,,bpt6k6658130: no usable pages in manifest.,2026-07-17T20:30:21.714459
leconstitutionnel,bpt6k665814c,,failed,0,0,,no_usable_pages,known,,,bpt6k665814c: no usable pages in manifest.,2026-07-17T20:30:21.791896
leconstitutionnel,bpt6k665815r,,failed,0,0,,no_usable_pages,known,,,bpt6k665815r: no usable pages in manifest.,2026-07-17T20:30:21.861999
leconstitutionnel,bpt6k6658164,,failed,0,0,,no_usable_pages,known,,,bpt6k6658164: no usable pages in manifest.,2026-07-17T20:30:21.952260
leconstitutionnel,bpt6k665817h,,failed,0,0,,no_usable_pages,known,,,bpt6k665817h: no usable pages in manifest.,2026-07-17T20:30:22.054655
leconstitutionnel,bpt6k665818w,,failed,0,0,,no_usable_pages,known,,,bpt6k665818w: no usable pages in manifest.,2026-07-17T20:30:22.151501
leconstitutionnel,bpt6k6658198,,failed,0,0,,no_usable_pages,known,,,bpt6k6658198: no usable pages in manifest.,2026-07-17T20:30:22.241394
leconstitutionnel,bpt6k6658206,,failed,0,0,,no_usable_pages,known,,,bpt6k6658206: no usable pages in manifest.,2026-07-17T20:30:22.324191
leconstitutionnel,bpt6k665821k,,failed,0,0,,no_usable_pages,known,,,bpt6k665821k: no usable pages in manifest.,2026-07-17T20:30:22.400404
leconstitutionnel,bpt6k665822z,,failed,0,0,,no_usable_pages,known,,,bpt6k665822z: no usable pages in manifest.,2026-07-17T20:30:22.486926
leconstitutionnel,bpt6k665823b,,failed,0,0,,no_usable_pages,known,,,bpt6k665823b: no usable pages in manifest.,2026-07-17T20:30:22.606821
leconstitutionnel,bpt6k665824q,,failed,0,0,,no_usable_pages,known,,,bpt6k665824q: no usable pages in manifest.,2026-07-17T20:30:22.670611
leconstitutionnel,bpt6k6658253,,failed,0,0,,no_usable_pages,known,,,bpt6k6658253: no usable pages in manifest.,2026-07-17T20:30:22.774010
leconstitutionnel,bpt6k665826g,,failed,0,0,,no_usable_pages,known,,,bpt6k665826g: no usable pages in manifest.,2026-07-17T20:30:23.117575
leconstitutionnel,bpt6k665827v,,failed,0,0,,no_usable_pages,known,,,bpt6k665827v: no usable pages in manifest.,2026-07-17T20:30:23.275339
leconstitutionnel,bpt6k6658287,,failed,0,0,,no_usable_pages,known,,,bpt6k6658287: no usable pages in manifest.,2026-07-17T20:30:23.407459
leconstitutionnel,bpt6k665829m,,failed,0,0,,no_usable_pages,known,,,bpt6k665829m: no usable pages in manifest.,2026-07-17T20:30:23.511399
leconstitutionnel,bpt6k665830j,,failed,0,0,,no_usable_pages,known,,,bpt6k665830j: no usable pages in manifest.,2026-07-17T20:30:23.683221
leconstitutionnel,bpt6k665831x,,failed,0,0,,no_usable_pages,known,,,bpt6k665831x: no usable pages in manifest.,2026-07-17T20:30:23.748321
leconstitutionnel,bpt6k6658329,,failed,0,0,,no_usable_pages,known,,,bpt6k6658329: no usable pages in manifest.,2026-07-17T20:30:23.811728
leconstitutionnel,bpt6k665833p,,failed,0,0,,no_usable_pages,known,,,bpt6k665833p: no usable pages in manifest.,2026-07-17T20:30:23.905146
leconstitutionnel,bpt6k6658342,,failed,0,0,,no_usable_pages,known,,,bpt6k6658342: no usable pages in manifest.,2026-07-17T20:30:23.997622
leconstitutionnel,bpt6k665835f,,failed,0,0,,no_usable_pages,known,,,bpt6k665835f: no usable pages in manifest.,2026-07-17T20:30:24.061040
leconstitutionnel,bpt6k665836t,,failed,0,0,,no_usable_pages,known,,,bpt6k665836t: no usable pages in manifest.,2026-07-17T20:30:24.129176
leconstitutionnel,bpt6k6658376,,failed,0,0,,no_usable_pages,known,,,bpt6k6658376: no usable pages in manifest.,2026-07-17T20:30:24.223042
leconstitutionnel,bpt6k665838k,,failed,0,0,,no_usable_pages,known,,,bpt6k665838k: no usable pages in manifest.,2026-07-17T20:30:24.294839
leconstitutionnel,bpt6k665839z,,failed,0,0,,no_usable_pages,known,,,bpt6k665839z: no usable pages in manifest.,2026-07-17T20:30:24.377425
leconstitutionnel,bpt6k665840w,,failed,0,0,,no_usable_pages,known,,,bpt6k665840w: no usable pages in manifest.,2026-07-17T20:30:24.460129
leconstitutionnel,bpt6k6658418,,failed,0,0,,no_usable_pages,known,,,bpt6k6658418: no usable pages in manifest.,2026-07-17T20:30:24.578850
leconstitutionnel,bpt6k665842n,,failed,0,0,,no_usable_pages,known,,,bpt6k665842n: no usable pages in manifest.,2026-07-17T20:30:24.808060
leconstitutionnel,bpt6k6658431,,failed,0,0,,no_usable_pages,known,,,bpt6k6658431: no usable pages in manifest.,2026-07-17T20:30:24.874958
leconstitutionnel,bpt6k665844d,,failed,0,0,,no_usable_pages,known,,,bpt6k665844d: no usable pages in manifest.,2026-07-17T20:30:24.951359
leconstitutionnel,bpt6k665845s,,failed,0,0,,no_usable_pages,known,,,bpt6k665845s: no usable pages in manifest.,2026-07-17T20:30:25.065844
leconstitutionnel,bpt6k6658465,,failed,0,0,,no_usable_pages,known,,,bpt6k6658465: no usable pages in manifest.,2026-07-17T20:30:25.132338
leconstitutionnel,bpt6k665847j,,failed,0,0,,no_usable_pages,known,,,bpt6k665847j: no usable pages in manifest.,2026-07-17T20:30:25.221296
leconstitutionnel,bpt6k665848x,,failed,0,0,,no_usable_pages,known,,,bpt6k665848x: no usable pages in manifest.,2026-07-17T20:30:25.298236
leconstitutionnel,bpt6k6658499,,failed,0,0,,no_usable_pages,known,,,bpt6k6658499: no usable pages in manifest.,2026-07-17T20:30:25.379121
leconstitutionnel,bpt6k6658507,,failed,0,0,,no_usable_pages,known,,,bpt6k6658507: no usable pages in manifest.,2026-07-17T20:30:25.479483
leconstitutionnel,bpt6k665851m,,failed,0,0,,no_usable_pages,known,,,bpt6k665851m: no usable pages in manifest.,2026-07-17T20:30:25.593714
leconstitutionnel,bpt6k6658520,,failed,0,0,,no_usable_pages,known,,,bpt6k6658520: no usable pages in manifest.,2026-07-17T20:30:25.698368
leconstitutionnel,bpt6k665853c,,failed,0,0,,no_usable_pages,known,,,bpt6k665853c: no usable pages in manifest.,2026-07-17T20:30:25.815393
leconstitutionnel,bpt6k665854r,,failed,0,0,,no_usable_pages,known,,,bpt6k665854r: no usable pages in manifest.,2026-07-17T20:30:25.896442
leconstitutionnel,bpt6k6658554,,failed,0,0,,no_usable_pages,known,,,bpt6k6658554: no usable pages in manifest.,2026-07-17T20:30:25.985240
leconstitutionnel,bpt6k665856h,,failed,0,0,,no_usable_pages,known,,,bpt6k665856h: no usable pages in manifest.,2026-07-17T20:30:26.079993
leconstitutionnel,bpt6k665857w,,failed,0,0,,no_usable_pages,known,,,bpt6k665857w: no usable pages in manifest.,2026-07-17T20:30:26.211037
leconstitutionnel,bpt6k6658588,,failed,0,0,,no_usable_pages,known,,,bpt6k6658588: no usable pages in manifest.,2026-07-17T20:30:26.333406
leconstitutionnel,bpt6k665859n,,failed,0,0,,no_usable_pages,known,,,bpt6k665859n: no usable pages in manifest.,2026-07-17T20:30:26.406710
leconstitutionnel,bpt6k665860k,,failed,0,0,,no_usable_pages,known,,,bpt6k665860k: no usable pages in manifest.,2026-07-17T20:30:26.486769
leconstitutionnel,bpt6k665861z,,failed,0,0,,no_usable_pages,known,,,bpt6k665861z: no usable pages in manifest.,2026-07-17T20:30:26.554711
leconstitutionnel,bpt6k665862b,,failed,0,0,,no_usable_pages,known,,,bpt6k665862b: no usable pages in manifest.,2026-07-17T20:30:26.625581
leconstitutionnel,bpt6k665863q,,failed,0,0,,no_usable_pages,known,,,bpt6k665863q: no usable pages in manifest.,2026-07-17T20:30:26.725974
leconstitutionnel,bpt6k6658643,,failed,0,0,,no_usable_pages,known,,,bpt6k6658643: no usable pages in manifest.,2026-07-17T20:30:26.840237
leconstitutionnel,bpt6k665865g,,failed,0,0,,no_usable_pages,known,,,bpt6k665865g: no usable pages in manifest.,2026-07-17T20:30:26.921289
leconstitutionnel,bpt6k665866v,,failed,0,0,,no_usable_pages,known,,,bpt6k665866v: no usable pages in manifest.,2026-07-17T20:30:26.991120
leconstitutionnel,bpt6k6658677,,failed,0,0,,no_usable_pages,known,,,bpt6k6658677: no usable pages in manifest.,2026-07-17T20:30:27.061585
leconstitutionnel,bpt6k665868m,,failed,0,0,,no_usable_pages,known,,,bpt6k665868m: no usable pages in manifest.,2026-07-17T20:30:27.121349
leconstitutionnel,bpt6k6658690,,failed,0,0,,no_usable_pages,known,,,bpt6k6658690: no usable pages in manifest.,2026-07-17T20:30:27.187303
leconstitutionnel,bpt6k665870x,,failed,0,0,,no_usable_pages,known,,,bpt6k665870x: no usable pages in manifest.,2026-07-17T20:30:27.273592
leconstitutionnel,bpt6k6658719,,failed,0,0,,no_usable_pages,known,,,bpt6k6658719: no usable pages in manifest.,2026-07-17T20:30:27.381703
leconstitutionnel,bpt6k665872p,,failed,0,0,,no_usable_pages,known,,,bpt6k665872p: no usable pages in manifest.,2026-07-17T20:30:27.455949
leconstitutionnel,bpt6k6658732,,failed,0,0,,no_usable_pages,known,,,bpt6k6658732: no usable pages in manifest.,2026-07-17T20:30:27.525386
leconstitutionnel,bpt6k665874f,,failed,0,0,,no_usable_pages,known,,,bpt6k665874f: no usable pages in manifest.,2026-07-17T20:30:27.626883
leconstitutionnel,bpt6k665875t,,failed,0,0,,no_usable_pages,known,,,bpt6k665875t: no usable pages in manifest.,2026-07-17T20:30:27.765150
leconstitutionnel,bpt6k6658766,,failed,0,0,,no_usable_pages,known,,,bpt6k6658766: no usable pages in manifest.,2026-07-17T20:30:27.899867
leconstitutionnel,bpt6k665877k,,failed,0,0,,no_usable_pages,known,,,bpt6k665877k: no usable pages in manifest.,2026-07-17T20:30:27.967558
leconstitutionnel,bpt6k665878z,,failed,0,0,,no_usable_pages,known,,,bpt6k665878z: no usable pages in manifest.,2026-07-17T20:30:28.067845
leconstitutionnel,bpt6k665879b,,failed,0,0,,no_usable_pages,known,,,bpt6k665879b: no usable pages in manifest.,2026-07-17T20:30:28.147206
leconstitutionnel,bpt6k6658808,,failed,0,0,,no_usable_pages,known,,,bpt6k6658808: no usable pages in manifest.,2026-07-17T20:30:28.213017
leconstitutionnel,bpt6k665881n,,failed,0,0,,no_usable_pages,known,,,bpt6k665881n: no usable pages in manifest.,2026-07-17T20:30:28.280845
leconstitutionnel,bpt6k6658821,,failed,0,0,,no_usable_pages,known,,,bpt6k6658821: no usable pages in manifest.,2026-07-17T20:30:28.381985
leconstitutionnel,bpt6k665883d,,failed,0,0,,no_usable_pages,known,,,bpt6k665883d: no usable pages in manifest.,2026-07-17T20:30:28.458555
leconstitutionnel,bpt6k665884s,,failed,0,0,,no_usable_pages,known,,,bpt6k665884s: no usable pages in manifest.,2026-07-17T20:30:28.525405
leconstitutionnel,bpt6k6658855,,failed,0,0,,no_usable_pages,known,,,bpt6k6658855: no usable pages in manifest.,2026-07-17T20:30:28.606176
leconstitutionnel,bpt6k665886j,,failed,0,0,,no_usable_pages,known,,,bpt6k665886j: no usable pages in manifest.,2026-07-17T20:30:28.685492
leconstitutionnel,bpt6k665887x,,failed,0,0,,no_usable_pages,known,,,bpt6k665887x: no usable pages in manifest.,2026-07-17T20:30:28.746582
leconstitutionnel,bpt6k6658889,,failed,0,0,,no_usable_pages,known,,,bpt6k6658889: no usable pages in manifest.,2026-07-17T20:30:28.811552
leconstitutionnel,bpt6k665889p,,failed,0,0,,no_usable_pages,known,,,bpt6k665889p: no usable pages in manifest.,2026-07-17T20:30:28.895033
leconstitutionnel,bpt6k665890m,,failed,0,0,,no_usable_pages,known,,,bpt6k665890m: no usable pages in manifest.,2026-07-17T20:30:28.963420
leconstitutionnel,bpt6k6658910,,failed,0,0,,no_usable_pages,known,,,bpt6k6658910: no usable pages in manifest.,2026-07-17T20:30:29.067457
leconstitutionnel,bpt6k665892c,,failed,0,0,,no_usable_pages,known,,,bpt6k665892c: no usable pages in manifest.,2026-07-17T20:30:29.190160
leconstitutionnel,bpt6k665893r,,failed,0,0,,no_usable_pages,known,,,bpt6k665893r: no usable pages in manifest.,2026-07-17T20:30:29.260924
leconstitutionnel,bpt6k6658944,,failed,0,0,,no_usable_pages,known,,,bpt6k6658944: no usable pages in manifest.,2026-07-17T20:30:29.339016
leconstitutionnel,bpt6k665895h,,failed,0,0,,no_usable_pages,known,,,bpt6k665895h: no usable pages in manifest.,2026-07-17T20:30:29.441866
leconstitutionnel,bpt6k665896w,,failed,0,0,,no_usable_pages,known,,,bpt6k665896w: no usable pages in manifest.,2026-07-17T20:30:29.619477
leconstitutionnel,bpt6k6658978,,failed,0,0,,no_usable_pages,known,,,bpt6k6658978: no usable pages in manifest.,2026-07-17T20:30:29.706225
leconstitutionnel,bpt6k665898n,,failed,0,0,,no_usable_pages,known,,,bpt6k665898n: no usable pages in manifest.,2026-07-17T20:30:29.793395
leconstitutionnel,bpt6k6658991,,failed,0,0,,no_usable_pages,known,,,bpt6k6658991: no usable pages in manifest.,2026-07-17T20:30:29.921653
leconstitutionnel,bpt6k665900t,,failed,0,0,,no_usable_pages,known,,,bpt6k665900t: no usable pages in manifest.,2026-07-17T20:30:30.001096
leconstitutionnel,bpt6k6659016,,failed,0,0,,no_usable_pages,known,,,bpt6k6659016: no usable pages in manifest.,2026-07-17T20:30:30.112506
leconstitutionnel,bpt6k665902k,,failed,0,0,,no_usable_pages,known,,,bpt6k665902k: no usable pages in manifest.,2026-07-17T20:30:30.194146
leconstitutionnel,bpt6k665903z,,failed,0,0,,no_usable_pages,known,,,bpt6k665903z: no usable pages in manifest.,2026-07-17T20:30:30.270860
leconstitutionnel,bpt6k665904b,,failed,0,0,,no_usable_pages,known,,,bpt6k665904b: no usable pages in manifest.,2026-07-17T20:30:30.333904
leconstitutionnel,bpt6k665905q,,failed,0,0,,no_usable_pages,known,,,bpt6k665905q: no usable pages in manifest.,2026-07-17T20:30:30.418026
leconstitutionnel,bpt6k6659063,,failed,0,0,,no_usable_pages,known,,,bpt6k6659063: no usable pages in manifest.,2026-07-17T20:30:30.547862
leconstitutionnel,bpt6k665907g,,failed,0,0,,no_usable_pages,known,,,bpt6k665907g: no usable pages in manifest.,2026-07-17T20:30:30.694754
leconstitutionnel,bpt6k665908v,,failed,0,0,,no_usable_pages,known,,,bpt6k665908v: no usable pages in manifest.,2026-07-17T20:30:30.827578
leconstitutionnel,bpt6k6659097,,failed,0,0,,no_usable_pages,known,,,bpt6k6659097: no usable pages in manifest.,2026-07-17T20:30:30.945665
leconstitutionnel,bpt6k6659105,,failed,0,0,,no_usable_pages,known,,,bpt6k6659105: no usable pages in manifest.,2026-07-17T20:30:31.136219
leconstitutionnel,bpt6k665911j,,failed,0,0,,no_usable_pages,known,,,bpt6k665911j: no usable pages in manifest.,2026-07-17T20:30:31.218358
leconstitutionnel,bpt6k665912x,,failed,0,0,,no_usable_pages,known,,,bpt6k665912x: no usable pages in manifest.,2026-07-17T20:30:31.327531
leconstitutionnel,bpt6k6659139,,failed,0,0,,no_usable_pages,known,,,bpt6k6659139: no usable pages in manifest.,2026-07-17T20:30:31.444900
leconstitutionnel,bpt6k665914p,,failed,0,0,,no_usable_pages,known,,,bpt6k665914p: no usable pages in manifest.,2026-07-17T20:30:31.543558
leconstitutionnel,bpt6k6659152,,failed,0,0,,no_usable_pages,known,,,bpt6k6659152: no usable pages in manifest.,2026-07-17T20:30:31.653949
leconstitutionnel,bpt6k665916f,,failed,0,0,,no_usable_pages,known,,,bpt6k665916f: no usable pages in manifest.,2026-07-17T20:30:31.725512
leconstitutionnel,bpt6k665917t,,failed,0,0,,no_usable_pages,known,,,bpt6k665917t: no usable pages in manifest.,2026-07-17T20:30:31.792471
leconstitutionnel,bpt6k6659186,,failed,0,0,,no_usable_pages,known,,,bpt6k6659186: no usable pages in manifest.,2026-07-17T20:30:31.882246
leconstitutionnel,bpt6k665919k,,failed,0,0,,no_usable_pages,known,,,bpt6k665919k: no usable pages in manifest.,2026-07-17T20:30:31.972757
leconstitutionnel,bpt6k665920h,,failed,0,0,,no_usable_pages,known,,,bpt6k665920h: no usable pages in manifest.,2026-07-17T20:30:32.086825
leconstitutionnel,bpt6k665921w,,failed,0,0,,no_usable_pages,known,,,bpt6k665921w: no usable pages in manifest.,2026-07-17T20:30:32.157743
leconstitutionnel,bpt6k6659228,,failed,0,0,,no_usable_pages,known,,,bpt6k6659228: no usable pages in manifest.,2026-07-17T20:30:32.233750
leconstitutionnel,bpt6k665923n,,failed,0,0,,no_usable_pages,known,,,bpt6k665923n: no usable pages in manifest.,2026-07-17T20:30:32.312856
leconstitutionnel,bpt6k6659241,,failed,0,0,,no_usable_pages,known,,,bpt6k6659241: no usable pages in manifest.,2026-07-17T20:30:32.430111
leconstitutionnel,bpt6k665925d,,failed,0,0,,no_usable_pages,known,,,bpt6k665925d: no usable pages in manifest.,2026-07-17T20:30:32.596358
leconstitutionnel,bpt6k665926s,,failed,0,0,,no_usable_pages,known,,,bpt6k665926s: no usable pages in manifest.,2026-07-17T20:30:32.682910
leconstitutionnel,bpt6k6659275,,failed,0,0,,no_usable_pages,known,,,bpt6k6659275: no usable pages in manifest.,2026-07-17T20:30:32.742088
leconstitutionnel,bpt6k665928j,,failed,0,0,,no_usable_pages,known,,,bpt6k665928j: no usable pages in manifest.,2026-07-17T20:30:32.792185
leconstitutionnel,bpt6k665929x,,failed,0,0,,no_usable_pages,known,,,bpt6k665929x: no usable pages in manifest.,2026-07-17T20:30:32.865411
leconstitutionnel,bpt6k665930v,,failed,0,0,,no_usable_pages,known,,,bpt6k665930v: no usable pages in manifest.,2026-07-17T20:30:32.948447
leconstitutionnel,bpt6k6659317,,failed,0,0,,no_usable_pages,known,,,bpt6k6659317: no usable pages in manifest.,2026-07-17T20:30:33.031406
leconstitutionnel,bpt6k665932m,,failed,0,0,,no_usable_pages,known,,,bpt6k665932m: no usable pages in manifest.,2026-07-17T20:30:33.157969
leconstitutionnel,bpt6k6659330,,failed,0,0,,no_usable_pages,known,,,bpt6k6659330: no usable pages in manifest.,2026-07-17T20:30:33.226698
leconstitutionnel,bpt6k665934c,,failed,0,0,,no_usable_pages,known,,,bpt6k665934c: no usable pages in manifest.,2026-07-17T20:30:33.296169
leconstitutionnel,bpt6k665935r,,failed,0,0,,no_usable_pages,known,,,bpt6k665935r: no usable pages in manifest.,2026-07-17T20:30:33.376459
leconstitutionnel,bpt6k6659364,,failed,0,0,,no_usable_pages,known,,,bpt6k6659364: no usable pages in manifest.,2026-07-17T20:30:33.455436
leconstitutionnel,bpt6k665937h,,failed,0,0,,no_usable_pages,known,,,bpt6k665937h: no usable pages in manifest.,2026-07-17T20:30:33.540927
leconstitutionnel,bpt6k665938w,,failed,0,0,,no_usable_pages,known,,,bpt6k665938w: no usable pages in manifest.,2026-07-17T20:30:33.639799
leconstitutionnel,bpt6k6659398,,failed,0,0,,no_usable_pages,known,,,bpt6k6659398: no usable pages in manifest.,2026-07-17T20:30:33.750408
leconstitutionnel,bpt6k6659406,,failed,0,0,,no_usable_pages,known,,,bpt6k6659406: no usable pages in manifest.,2026-07-17T20:30:33.908396
leconstitutionnel,bpt6k665941k,,failed,0,0,,no_usable_pages,known,,,bpt6k665941k: no usable pages in manifest.,2026-07-17T20:30:34.347405
leconstitutionnel,bpt6k665942z,,failed,0,0,,no_usable_pages,known,,,bpt6k665942z: no usable pages in manifest.,2026-07-17T20:30:34.423723
leconstitutionnel,bpt6k665943b,,failed,0,0,,no_usable_pages,known,,,bpt6k665943b: no usable pages in manifest.,2026-07-17T20:30:34.498578
leconstitutionnel,bpt6k665944q,,failed,0,0,,no_usable_pages,known,,,bpt6k665944q: no usable pages in manifest.,2026-07-17T20:30:34.587053
leconstitutionnel,bpt6k6659453,,failed,0,0,,no_usable_pages,known,,,bpt6k6659453: no usable pages in manifest.,2026-07-17T20:30:34.705099
leconstitutionnel,bpt6k665946g,,failed,0,0,,no_usable_pages,known,,,bpt6k665946g: no usable pages in manifest.,2026-07-17T20:30:34.792477
leconstitutionnel,bpt6k665947v,,failed,0,0,,no_usable_pages,known,,,bpt6k665947v: no usable pages in manifest.,2026-07-17T20:30:34.867529
leconstitutionnel,bpt6k6659487,,failed,0,0,,no_usable_pages,known,,,bpt6k6659487: no usable pages in manifest.,2026-07-17T20:30:34.936623
leconstitutionnel,bpt6k665949m,,failed,0,0,,no_usable_pages,known,,,bpt6k665949m: no usable pages in manifest.,2026-07-17T20:30:35.019156
leconstitutionnel,bpt6k665950j,,failed,0,0,,no_usable_pages,known,,,bpt6k665950j: no usable pages in manifest.,2026-07-17T20:30:35.095704
leconstitutionnel,bpt6k665951x,,failed,0,0,,no_usable_pages,known,,,bpt6k665951x: no usable pages in manifest.,2026-07-17T20:30:35.218018
leconstitutionnel,bpt6k6659529,,failed,0,0,,no_usable_pages,known,,,bpt6k6659529: no usable pages in manifest.,2026-07-17T20:30:35.314997
leconstitutionnel,bpt6k665953p,,failed,0,0,,no_usable_pages,known,,,bpt6k665953p: no usable pages in manifest.,2026-07-17T20:30:35.432777
leconstitutionnel,bpt6k6659542,,failed,0,0,,no_usable_pages,known,,,bpt6k6659542: no usable pages in manifest.,2026-07-17T20:30:35.512966
leconstitutionnel,bpt6k665955f,,failed,0,0,,no_usable_pages,known,,,bpt6k665955f: no usable pages in manifest.,2026-07-17T20:30:35.607866
leconstitutionnel,bpt6k665956t,,failed,0,0,,no_usable_pages,known,,,bpt6k665956t: no usable pages in manifest.,2026-07-17T20:30:35.746247
leconstitutionnel,bpt6k6659576,,failed,0,0,,no_usable_pages,known,,,bpt6k6659576: no usable pages in manifest.,2026-07-17T20:30:35.880617
leconstitutionnel,bpt6k665958k,,failed,0,0,,no_usable_pages,known,,,bpt6k665958k: no usable pages in manifest.,2026-07-17T20:30:35.982279
leconstitutionnel,bpt6k665959z,,failed,0,0,,no_usable_pages,known,,,bpt6k665959z: no usable pages in manifest.,2026-07-17T20:30:36.067833
leconstitutionnel,bpt6k665960w,,failed,0,0,,no_usable_pages,known,,,bpt6k665960w: no usable pages in manifest.,2026-07-17T20:30:36.136594
leconstitutionnel,bpt6k6659618,,failed,0,0,,no_usable_pages,known,,,bpt6k6659618: no usable pages in manifest.,2026-07-17T20:30:36.224017
leconstitutionnel,bpt6k665962n,,failed,0,0,,no_usable_pages,known,,,bpt6k665962n: no usable pages in manifest.,2026-07-17T20:30:36.290433
leconstitutionnel,bpt6k6659631,,failed,0,0,,no_usable_pages,known,,,bpt6k6659631: no usable pages in manifest.,2026-07-17T20:30:36.378982
leconstitutionnel,bpt6k665964d,,failed,0,0,,no_usable_pages,known,,,bpt6k665964d: no usable pages in manifest.,2026-07-17T20:30:36.478596
leconstitutionnel,bpt6k665965s,,failed,0,0,,no_usable_pages,known,,,bpt6k665965s: no usable pages in manifest.,2026-07-17T20:30:36.581726
leconstitutionnel,bpt6k6659665,,failed,0,0,,no_usable_pages,known,,,bpt6k6659665: no usable pages in manifest.,2026-07-17T20:30:36.659183
leconstitutionnel,bpt6k665967j,,failed,0,0,,no_usable_pages,known,,,bpt6k665967j: no usable pages in manifest.,2026-07-17T20:30:36.766644
leconstitutionnel,bpt6k665968x,,failed,0,0,,no_usable_pages,known,,,bpt6k665968x: no usable pages in manifest.,2026-07-17T20:30:36.836644
leconstitutionnel,bpt6k6659699,,failed,0,0,,no_usable_pages,known,,,bpt6k6659699: no usable pages in manifest.,2026-07-17T20:30:36.923158
leconstitutionnel,bpt6k6659707,,failed,0,0,,no_usable_pages,known,,,bpt6k6659707: no usable pages in manifest.,2026-07-17T20:30:36.990225
leconstitutionnel,bpt6k665971m,,failed,0,0,,no_usable_pages,known,,,bpt6k665971m: no usable pages in manifest.,2026-07-17T20:30:37.065082
leconstitutionnel,bpt6k6659720,,failed,0,0,,no_usable_pages,known,,,bpt6k6659720: no usable pages in manifest.,2026-07-17T20:30:37.120354
leconstitutionnel,bpt6k665973c,,failed,0,0,,no_usable_pages,known,,,bpt6k665973c: no usable pages in manifest.,2026-07-17T20:30:37.222773
leconstitutionnel,bpt6k665974r,,failed,0,0,,no_usable_pages,known,,,bpt6k665974r: no usable pages in manifest.,2026-07-17T20:30:37.341997
leconstitutionnel,bpt6k6659754,,failed,0,0,,no_usable_pages,known,,,bpt6k6659754: no usable pages in manifest.,2026-07-17T20:30:37.433626
leconstitutionnel,bpt6k665976h,,failed,0,0,,no_usable_pages,known,,,bpt6k665976h: no usable pages in manifest.,2026-07-17T20:30:37.536769
leconstitutionnel,bpt6k665977w,,failed,0,0,,no_usable_pages,known,,,bpt6k665977w: no usable pages in manifest.,2026-07-17T20:30:37.630449
leconstitutionnel,bpt6k6659788,,failed,0,0,,no_usable_pages,known,,,bpt6k6659788: no usable pages in manifest.,2026-07-17T20:30:37.720266
leconstitutionnel,bpt6k665979n,,failed,0,0,,no_usable_pages,known,,,bpt6k665979n: no usable pages in manifest.,2026-07-17T20:30:37.830088
leconstitutionnel,bpt6k665980k,,failed,0,0,,no_usable_pages,known,,,bpt6k665980k: no usable pages in manifest.,2026-07-17T20:30:37.894759
leconstitutionnel,bpt6k665981z,,failed,0,0,,no_usable_pages,known,,,bpt6k665981z: no usable pages in manifest.,2026-07-17T20:30:37.969114
leconstitutionnel,bpt6k665982b,,failed,0,0,,no_usable_pages,known,,,bpt6k665982b: no usable pages in manifest.,2026-07-17T20:30:38.054593
leconstitutionnel,bpt6k665983q,,failed,0,0,,no_usable_pages,known,,,bpt6k665983q: no usable pages in manifest.,2026-07-17T20:30:38.155426
leconstitutionnel,bpt6k6659843,,failed,0,0,,no_usable_pages,known,,,bpt6k6659843: no usable pages in manifest.,2026-07-17T20:30:38.227389
leconstitutionnel,bpt6k665985g,,failed,0,0,,no_usable_pages,known,,,bpt6k665985g: no usable pages in manifest.,2026-07-17T20:30:38.317321
leconstitutionnel,bpt6k665986v,,failed,0,0,,no_usable_pages,known,,,bpt6k665986v: no usable pages in manifest.,2026-07-17T20:30:38.401548
leconstitutionnel,bpt6k6659877,,failed,0,0,,no_usable_pages,known,,,bpt6k6659877: no usable pages in manifest.,2026-07-17T20:30:38.475915
leconstitutionnel,bpt6k665988m,,failed,0,0,,no_usable_pages,known,,,bpt6k665988m: no usable pages in manifest.,2026-07-17T20:30:38.661934
leconstitutionnel,bpt6k6659890,,failed,0,0,,no_usable_pages,known,,,bpt6k6659890: no usable pages in manifest.,2026-07-17T20:30:38.778046
leconstitutionnel,bpt6k665990x,,failed,0,0,,no_usable_pages,known,,,bpt6k665990x: no usable pages in manifest.,2026-07-17T20:30:38.893267
leconstitutionnel,bpt6k6659919,,failed,0,0,,no_usable_pages,known,,,bpt6k6659919: no usable pages in manifest.,2026-07-17T20:30:38.995381
leconstitutionnel,bpt6k665992p,,failed,0,0,,no_usable_pages,known,,,bpt6k665992p: no usable pages in manifest.,2026-07-17T20:30:39.076490
leconstitutionnel,bpt6k6659932,,failed,0,0,,no_usable_pages,known,,,bpt6k6659932: no usable pages in manifest.,2026-07-17T20:30:39.162742
leconstitutionnel,bpt6k665994f,,failed,0,0,,no_usable_pages,known,,,bpt6k665994f: no usable pages in manifest.,2026-07-17T20:30:39.231774
leconstitutionnel,bpt6k665995t,,failed,0,0,,no_usable_pages,known,,,bpt6k665995t: no usable pages in manifest.,2026-07-17T20:30:39.295956
leconstitutionnel,bpt6k6659966,,failed,0,0,,no_usable_pages,known,,,bpt6k6659966: no usable pages in manifest.,2026-07-17T20:30:39.370206
leconstitutionnel,bpt6k665997k,,failed,0,0,,no_usable_pages,known,,,bpt6k665997k: no usable pages in manifest.,2026-07-17T20:30:39.460429
leconstitutionnel,bpt6k665998z,,failed,0,0,,no_usable_pages,known,,,bpt6k665998z: no usable pages in manifest.,2026-07-17T20:30:39.560279
leconstitutionnel,bpt6k665999b,,failed,0,0,,no_usable_pages,known,,,bpt6k665999b: no usable pages in manifest.,2026-07-17T20:30:39.663343
leconstitutionnel,bpt6k6660009,,failed,0,0,,no_usable_pages,known,,,bpt6k6660009: no usable pages in manifest.,2026-07-17T20:30:39.715467
leconstitutionnel,bpt6k666001p,,failed,0,0,,no_usable_pages,known,,,bpt6k666001p: no usable pages in manifest.,2026-07-17T20:30:39.781931
leconstitutionnel,bpt6k6660022,,failed,0,0,,no_usable_pages,known,,,bpt6k6660022: no usable pages in manifest.,2026-07-17T20:30:39.881270
leconstitutionnel,bpt6k666003f,,failed,0,0,,no_usable_pages,known,,,bpt6k666003f: no usable pages in manifest.,2026-07-17T20:30:39.962196
leconstitutionnel,bpt6k666004t,,failed,0,0,,no_usable_pages,known,,,bpt6k666004t: no usable pages in manifest.,2026-07-17T20:30:40.019662
leconstitutionnel,bpt6k6660056,,failed,0,0,,no_usable_pages,known,,,bpt6k6660056: no usable pages in manifest.,2026-07-17T20:30:40.084679
leconstitutionnel,bpt6k666006k,,failed,0,0,,no_usable_pages,known,,,bpt6k666006k: no usable pages in manifest.,2026-07-17T20:30:40.229430
leconstitutionnel,bpt6k666007z,,failed,0,0,,no_usable_pages,known,,,bpt6k666007z: no usable pages in manifest.,2026-07-17T20:30:40.354735
leconstitutionnel,bpt6k666008b,,failed,0,0,,no_usable_pages,known,,,bpt6k666008b: no usable pages in manifest.,2026-07-17T20:30:40.437126
leconstitutionnel,bpt6k666009q,,failed,0,0,,no_usable_pages,known,,,bpt6k666009q: no usable pages in manifest.,2026-07-17T20:30:40.509305
leconstitutionnel,bpt6k666010n,,failed,0,0,,no_usable_pages,known,,,bpt6k666010n: no usable pages in manifest.,2026-07-17T20:30:40.596079
leconstitutionnel,bpt6k6660111,,failed,0,0,,no_usable_pages,known,,,bpt6k6660111: no usable pages in manifest.,2026-07-17T20:30:40.718629
leconstitutionnel,bpt6k666012d,,failed,0,0,,no_usable_pages,known,,,bpt6k666012d: no usable pages in manifest.,2026-07-17T20:30:40.812226
leconstitutionnel,bpt6k666013s,,failed,0,0,,no_usable_pages,known,,,bpt6k666013s: no usable pages in manifest.,2026-07-17T20:30:40.914993
leconstitutionnel,bpt6k6660145,,failed,0,0,,no_usable_pages,known,,,bpt6k6660145: no usable pages in manifest.,2026-07-17T20:30:40.985301
leconstitutionnel,bpt6k666015j,,failed,0,0,,no_usable_pages,known,,,bpt6k666015j: no usable pages in manifest.,2026-07-17T20:30:41.063258
leconstitutionnel,bpt6k666016x,,failed,0,0,,no_usable_pages,known,,,bpt6k666016x: no usable pages in manifest.,2026-07-17T20:30:41.155198
leconstitutionnel,bpt6k6660179,,failed,0,0,,no_usable_pages,known,,,bpt6k6660179: no usable pages in manifest.,2026-07-17T20:30:41.230685
leconstitutionnel,bpt6k666018p,,failed,0,0,,no_usable_pages,known,,,bpt6k666018p: no usable pages in manifest.,2026-07-17T20:30:41.313489
leconstitutionnel,bpt6k6660192,,failed,0,0,,no_usable_pages,known,,,bpt6k6660192: no usable pages in manifest.,2026-07-17T20:30:41.384643
leconstitutionnel,bpt6k6660200,,failed,0,0,,no_usable_pages,known,,,bpt6k6660200: no usable pages in manifest.,2026-07-17T20:30:41.448268
leconstitutionnel,bpt6k666021c,,failed,0,0,,no_usable_pages,known,,,bpt6k666021c: no usable pages in manifest.,2026-07-17T20:30:41.541230
leconstitutionnel,bpt6k666022r,,failed,0,0,,no_usable_pages,known,,,bpt6k666022r: no usable pages in manifest.,2026-07-17T20:30:41.735105
leconstitutionnel,bpt6k6660234,,failed,0,0,,no_usable_pages,known,,,bpt6k6660234: no usable pages in manifest.,2026-07-17T20:30:41.872518
leconstitutionnel,bpt6k666024h,,failed,0,0,,no_usable_pages,known,,,bpt6k666024h: no usable pages in manifest.,2026-07-17T20:30:42.006578
leconstitutionnel,bpt6k666025w,,failed,0,0,,no_usable_pages,known,,,bpt6k666025w: no usable pages in manifest.,2026-07-17T20:30:42.115760
leconstitutionnel,bpt6k6660268,,failed,0,0,,no_usable_pages,known,,,bpt6k6660268: no usable pages in manifest.,2026-07-17T20:30:42.195580
leconstitutionnel,bpt6k666027n,,failed,0,0,,no_usable_pages,known,,,bpt6k666027n: no usable pages in manifest.,2026-07-17T20:30:42.303872
leconstitutionnel,bpt6k6660281,,failed,0,0,,no_usable_pages,known,,,bpt6k6660281: no usable pages in manifest.,2026-07-17T20:30:42.384921
leconstitutionnel,bpt6k666029d,,failed,0,0,,no_usable_pages,known,,,bpt6k666029d: no usable pages in manifest.,2026-07-17T20:30:42.462379
leconstitutionnel,bpt6k666030b,,failed,0,0,,no_usable_pages,known,,,bpt6k666030b: no usable pages in manifest.,2026-07-17T20:30:42.533639
leconstitutionnel,bpt6k666031q,,failed,0,0,,no_usable_pages,known,,,bpt6k666031q: no usable pages in manifest.,2026-07-17T20:30:42.634929
leconstitutionnel,bpt6k6660323,,failed,0,0,,no_usable_pages,known,,,bpt6k6660323: no usable pages in manifest.,2026-07-17T20:30:42.720573
leconstitutionnel,bpt6k666033g,,failed,0,0,,no_usable_pages,known,,,bpt6k666033g: no usable pages in manifest.,2026-07-17T20:30:42.794055
leconstitutionnel,bpt6k666034v,,failed,0,0,,no_usable_pages,known,,,bpt6k666034v: no usable pages in manifest.,2026-07-17T20:30:42.920234
leconstitutionnel,bpt6k6660357,,failed,0,0,,no_usable_pages,known,,,bpt6k6660357: no usable pages in manifest.,2026-07-17T20:30:43.012496
leconstitutionnel,bpt6k666036m,,failed,0,0,,no_usable_pages,known,,,bpt6k666036m: no usable pages in manifest.,2026-07-17T20:30:43.114546
leconstitutionnel,bpt6k6660370,,failed,0,0,,no_usable_pages,known,,,bpt6k6660370: no usable pages in manifest.,2026-07-17T20:30:43.233602
leconstitutionnel,bpt6k666038c,,failed,0,0,,no_usable_pages,known,,,bpt6k666038c: no usable pages in manifest.,2026-07-17T20:30:43.341110
leconstitutionnel,bpt6k666039r,,failed,0,0,,no_usable_pages,known,,,bpt6k666039r: no usable pages in manifest.,2026-07-17T20:30:43.415697
leconstitutionnel,bpt6k666040p,,failed,0,0,,no_usable_pages,known,,,bpt6k666040p: no usable pages in manifest.,2026-07-17T20:30:43.499516
leconstitutionnel,bpt6k6660412,,failed,0,0,,no_usable_pages,known,,,bpt6k6660412: no usable pages in manifest.,2026-07-17T20:30:43.610010
leconstitutionnel,bpt6k666042f,,failed,0,0,,no_usable_pages,known,,,bpt6k666042f: no usable pages in manifest.,2026-07-17T20:30:43.751575
leconstitutionnel,bpt6k666043t,,failed,0,0,,no_usable_pages,known,,,bpt6k666043t: no usable pages in manifest.,2026-07-17T20:30:43.827814
leconstitutionnel,bpt6k6660446,,failed,0,0,,no_usable_pages,known,,,bpt6k6660446: no usable pages in manifest.,2026-07-17T20:30:43.932820
leconstitutionnel,bpt6k666045k,,failed,0,0,,no_usable_pages,known,,,bpt6k666045k: no usable pages in manifest.,2026-07-17T20:30:44.046567
leconstitutionnel,bpt6k666046z,,failed,0,0,,no_usable_pages,known,,,bpt6k666046z: no usable pages in manifest.,2026-07-17T20:30:44.140648
leconstitutionnel,bpt6k666047b,,failed,0,0,,no_usable_pages,known,,,bpt6k666047b: no usable pages in manifest.,2026-07-17T20:30:44.225835
leconstitutionnel,bpt6k666048q,,failed,0,0,,no_usable_pages,known,,,bpt6k666048q: no usable pages in manifest.,2026-07-17T20:30:44.308015
leconstitutionnel,bpt6k6660493,,failed,0,0,,no_usable_pages,known,,,bpt6k6660493: no usable pages in manifest.,2026-07-17T20:30:44.399095
leconstitutionnel,bpt6k6660501,,failed,0,0,,no_usable_pages,known,,,bpt6k6660501: no usable pages in manifest.,2026-07-17T20:30:44.486862
leconstitutionnel,bpt6k666051d,,failed,0,0,,no_usable_pages,known,,,bpt6k666051d: no usable pages in manifest.,2026-07-17T20:30:44.558523
leconstitutionnel,bpt6k666052s,,failed,0,0,,no_usable_pages,known,,,bpt6k666052s: no usable pages in manifest.,2026-07-17T20:30:44.696118
leconstitutionnel,bpt6k6660535,,failed,0,0,,no_usable_pages,known,,,bpt6k6660535: no usable pages in manifest.,2026-07-17T20:30:44.782839
leconstitutionnel,bpt6k666054j,,failed,0,0,,no_usable_pages,known,,,bpt6k666054j: no usable pages in manifest.,2026-07-17T20:30:44.853718
leconstitutionnel,bpt6k666055x,,failed,0,0,,no_usable_pages,known,,,bpt6k666055x: no usable pages in manifest.,2026-07-17T20:30:45.049334
leconstitutionnel,bpt6k6660569,,failed,0,0,,no_usable_pages,known,,,bpt6k6660569: no usable pages in manifest.,2026-07-17T20:30:45.229636
leconstitutionnel,bpt6k666057p,,failed,0,0,,no_usable_pages,known,,,bpt6k666057p: no usable pages in manifest.,2026-07-17T20:30:45.313001
leconstitutionnel,bpt6k6660582,,failed,0,0,,no_usable_pages,known,,,bpt6k6660582: no usable pages in manifest.,2026-07-17T20:30:45.393076
leconstitutionnel,bpt6k666059f,,failed,0,0,,no_usable_pages,known,,,bpt6k666059f: no usable pages in manifest.,2026-07-17T20:30:45.483444
leconstitutionnel,bpt6k666060c,,failed,0,0,,no_usable_pages,known,,,bpt6k666060c: no usable pages in manifest.,2026-07-17T20:30:45.560570
leconstitutionnel,bpt6k666061r,,failed,0,0,,no_usable_pages,known,,,bpt6k666061r: no usable pages in manifest.,2026-07-17T20:30:45.695046
leconstitutionnel,bpt6k6660624,,failed,0,0,,no_usable_pages,known,,,bpt6k6660624: no usable pages in manifest.,2026-07-17T20:30:45.818298
leconstitutionnel,bpt6k666063h,,failed,0,0,,no_usable_pages,known,,,bpt6k666063h: no usable pages in manifest.,2026-07-17T20:30:45.898639
leconstitutionnel,bpt6k666064w,,failed,0,0,,no_usable_pages,known,,,bpt6k666064w: no usable pages in manifest.,2026-07-17T20:30:46.000663
leconstitutionnel,bpt6k6660658,,failed,0,0,,no_usable_pages,known,,,bpt6k6660658: no usable pages in manifest.,2026-07-17T20:30:46.065428
leconstitutionnel,bpt6k666066n,,failed,0,0,,no_usable_pages,known,,,bpt6k666066n: no usable pages in manifest.,2026-07-17T20:30:46.174420
leconstitutionnel,bpt6k6660671,,failed,0,0,,no_usable_pages,known,,,bpt6k6660671: no usable pages in manifest.,2026-07-17T20:30:46.254832
leconstitutionnel,bpt6k666068d,,failed,0,0,,no_usable_pages,known,,,bpt6k666068d: no usable pages in manifest.,2026-07-17T20:30:46.326391
leconstitutionnel,bpt6k666069s,,failed,0,0,,no_usable_pages,known,,,bpt6k666069s: no usable pages in manifest.,2026-07-17T20:30:46.443064
leconstitutionnel,bpt6k666070q,,failed,0,0,,no_usable_pages,known,,,bpt6k666070q: no usable pages in manifest.,2026-07-17T20:30:46.540814
leconstitutionnel,bpt6k6660713,,failed,0,0,,no_usable_pages,known,,,bpt6k6660713: no usable pages in manifest.,2026-07-17T20:30:46.646451
leconstitutionnel,bpt6k666072g,,failed,0,0,,no_usable_pages,known,,,bpt6k666072g: no usable pages in manifest.,2026-07-17T20:30:46.716337
leconstitutionnel,bpt6k666073v,,failed,0,0,,no_usable_pages,known,,,bpt6k666073v: no usable pages in manifest.,2026-07-17T20:30:46.817819
leconstitutionnel,bpt6k6660747,,failed,0,0,,no_usable_pages,known,,,bpt6k6660747: no usable pages in manifest.,2026-07-17T20:30:46.874726
leconstitutionnel,bpt6k666075m,,failed,0,0,,no_usable_pages,known,,,bpt6k666075m: no usable pages in manifest.,2026-07-17T20:30:46.955340
leconstitutionnel,bpt6k6660760,,failed,0,0,,no_usable_pages,known,,,bpt6k6660760: no usable pages in manifest.,2026-07-17T20:30:47.044234
leconstitutionnel,bpt6k666077c,,failed,0,0,,no_usable_pages,known,,,bpt6k666077c: no usable pages in manifest.,2026-07-17T20:30:47.107470
leconstitutionnel,bpt6k666078r,,failed,0,0,,no_usable_pages,known,,,bpt6k666078r: no usable pages in manifest.,2026-07-17T20:30:47.167669
leconstitutionnel,bpt6k6660794,,failed,0,0,,no_usable_pages,known,,,bpt6k6660794: no usable pages in manifest.,2026-07-17T20:30:47.256662
leconstitutionnel,bpt6k6660802,,failed,0,0,,no_usable_pages,known,,,bpt6k6660802: no usable pages in manifest.,2026-07-17T20:30:47.326249
leconstitutionnel,bpt6k666081f,,failed,0,0,,no_usable_pages,known,,,bpt6k666081f: no usable pages in manifest.,2026-07-17T20:30:47.403496
leconstitutionnel,bpt6k666082t,,failed,0,0,,no_usable_pages,known,,,bpt6k666082t: no usable pages in manifest.,2026-07-17T20:30:47.472407
leconstitutionnel,bpt6k6660836,,failed,0,0,,no_usable_pages,known,,,bpt6k6660836: no usable pages in manifest.,2026-07-17T20:30:47.526747
leconstitutionnel,bpt6k666084k,,failed,0,0,,no_usable_pages,known,,,bpt6k666084k: no usable pages in manifest.,2026-07-17T20:30:47.593675
leconstitutionnel,bpt6k666085z,,failed,0,0,,no_usable_pages,known,,,bpt6k666085z: no usable pages in manifest.,2026-07-17T20:30:47.698700
leconstitutionnel,bpt6k666086b,,failed,0,0,,no_usable_pages,known,,,bpt6k666086b: no usable pages in manifest.,2026-07-17T20:30:47.759231
leconstitutionnel,bpt6k666087q,,failed,0,0,,no_usable_pages,known,,,bpt6k666087q: no usable pages in manifest.,2026-07-17T20:30:47.833533
leconstitutionnel,bpt6k6660883,,failed,0,0,,no_usable_pages,known,,,bpt6k6660883: no usable pages in manifest.,2026-07-17T20:30:47.928379
leconstitutionnel,bpt6k666089g,,failed,0,0,,no_usable_pages,known,,,bpt6k666089g: no usable pages in manifest.,2026-07-17T20:30:48.005913
leconstitutionnel,bpt6k666090d,,failed,0,0,,no_usable_pages,known,,,bpt6k666090d: no usable pages in manifest.,2026-07-17T20:30:48.176996
leconstitutionnel,bpt6k666091s,,failed,0,0,,no_usable_pages,known,,,bpt6k666091s: no usable pages in manifest.,2026-07-17T20:30:48.338048
leconstitutionnel,bpt6k6660925,,failed,0,0,,no_usable_pages,known,,,bpt6k6660925: no usable pages in manifest.,2026-07-17T20:30:48.404727
leconstitutionnel,bpt6k666093j,,failed,0,0,,no_usable_pages,known,,,bpt6k666093j: no usable pages in manifest.,2026-07-17T20:30:48.491998
leconstitutionnel,bpt6k666094x,,failed,0,0,,no_usable_pages,known,,,bpt6k666094x: no usable pages in manifest.,2026-07-17T20:30:48.614718
leconstitutionnel,bpt6k6660959,,failed,0,0,,no_usable_pages,known,,,bpt6k6660959: no usable pages in manifest.,2026-07-17T20:30:48.712525
leconstitutionnel,bpt6k666096p,,failed,0,0,,no_usable_pages,known,,,bpt6k666096p: no usable pages in manifest.,2026-07-17T20:30:48.776438
leconstitutionnel,bpt6k6660972,,failed,0,0,,no_usable_pages,known,,,bpt6k6660972: no usable pages in manifest.,2026-07-17T20:30:48.847459
leconstitutionnel,bpt6k666098f,,failed,0,0,,no_usable_pages,known,,,bpt6k666098f: no usable pages in manifest.,2026-07-17T20:30:48.932341
leconstitutionnel,bpt6k666099t,,failed,0,0,,no_usable_pages,known,,,bpt6k666099t: no usable pages in manifest.,2026-07-17T20:30:48.998427
leconstitutionnel,bpt6k666100m,,failed,0,0,,no_usable_pages,known,,,bpt6k666100m: no usable pages in manifest.,2026-07-17T20:30:49.069916
leconstitutionnel,bpt6k6661010,,failed,0,0,,no_usable_pages,known,,,bpt6k6661010: no usable pages in manifest.,2026-07-17T20:30:49.172825
leconstitutionnel,bpt6k666102c,,failed,0,0,,no_usable_pages,known,,,bpt6k666102c: no usable pages in manifest.,2026-07-17T20:30:49.242531
leconstitutionnel,bpt6k666103r,,failed,0,0,,no_usable_pages,known,,,bpt6k666103r: no usable pages in manifest.,2026-07-17T20:30:49.345246
leconstitutionnel,bpt6k6661044,,failed,0,0,,no_usable_pages,known,,,bpt6k6661044: no usable pages in manifest.,2026-07-17T20:30:49.465175
leconstitutionnel,bpt6k666105h,,failed,0,0,,no_usable_pages,known,,,bpt6k666105h: no usable pages in manifest.,2026-07-17T20:30:49.528831
leconstitutionnel,bpt6k666106w,,failed,0,0,,no_usable_pages,known,,,bpt6k666106w: no usable pages in manifest.,2026-07-17T20:30:49.597482
leconstitutionnel,bpt6k6661078,,failed,0,0,,no_usable_pages,known,,,bpt6k6661078: no usable pages in manifest.,2026-07-17T20:30:49.763103
leconstitutionnel,bpt6k666108n,,failed,0,0,,no_usable_pages,known,,,bpt6k666108n: no usable pages in manifest.,2026-07-17T20:30:49.873299
leconstitutionnel,bpt6k6661091,,failed,0,0,,no_usable_pages,known,,,bpt6k6661091: no usable pages in manifest.,2026-07-17T20:30:49.983412
leconstitutionnel,bpt6k666110z,,failed,0,0,,no_usable_pages,known,,,bpt6k666110z: no usable pages in manifest.,2026-07-17T20:30:50.054300
leconstitutionnel,bpt6k666111b,,failed,0,0,,no_usable_pages,known,,,bpt6k666111b: no usable pages in manifest.,2026-07-17T20:30:50.127663
leconstitutionnel,bpt6k666112q,,failed,0,0,,no_usable_pages,known,,,bpt6k666112q: no usable pages in manifest.,2026-07-17T20:30:50.244732
leconstitutionnel,bpt6k6661133,,failed,0,0,,no_usable_pages,known,,,bpt6k6661133: no usable pages in manifest.,2026-07-17T20:30:50.342277
leconstitutionnel,bpt6k666114g,,failed,0,0,,no_usable_pages,known,,,bpt6k666114g: no usable pages in manifest.,2026-07-17T20:30:50.406665
leconstitutionnel,bpt6k666115v,,failed,0,0,,no_usable_pages,known,,,bpt6k666115v: no usable pages in manifest.,2026-07-17T20:30:50.497499
leconstitutionnel,bpt6k6661167,,failed,0,0,,no_usable_pages,known,,,bpt6k6661167: no usable pages in manifest.,2026-07-17T20:30:50.569895
leconstitutionnel,bpt6k666117m,,failed,0,0,,no_usable_pages,known,,,bpt6k666117m: no usable pages in manifest.,2026-07-17T20:30:50.663938
leconstitutionnel,bpt6k6661180,,failed,0,0,,no_usable_pages,known,,,bpt6k6661180: no usable pages in manifest.,2026-07-17T20:30:50.768380
leconstitutionnel,bpt6k666119c,,failed,0,0,,no_usable_pages,known,,,bpt6k666119c: no usable pages in manifest.,2026-07-17T20:30:50.822013
leconstitutionnel,bpt6k6661209,,failed,0,0,,no_usable_pages,known,,,bpt6k6661209: no usable pages in manifest.,2026-07-17T20:30:50.899506
leconstitutionnel,bpt6k666121p,,failed,0,0,,no_usable_pages,known,,,bpt6k666121p: no usable pages in manifest.,2026-07-17T20:30:50.969547
leconstitutionnel,bpt6k6661222,,failed,0,0,,no_usable_pages,known,,,bpt6k6661222: no usable pages in manifest.,2026-07-17T20:30:51.070278
leconstitutionnel,bpt6k666123f,,failed,0,0,,no_usable_pages,known,,,bpt6k666123f: no usable pages in manifest.,2026-07-17T20:30:51.169885
leconstitutionnel,bpt6k666124t,,failed,0,0,,no_usable_pages,known,,,bpt6k666124t: no usable pages in manifest.,2026-07-17T20:30:51.540152
leconstitutionnel,bpt6k6661256,,failed,0,0,,no_usable_pages,known,,,bpt6k6661256: no usable pages in manifest.,2026-07-17T20:30:51.671652
leconstitutionnel,bpt6k666126k,,failed,0,0,,no_usable_pages,known,,,bpt6k666126k: no usable pages in manifest.,2026-07-17T20:30:51.758244
leconstitutionnel,bpt6k666127z,,failed,0,0,,no_usable_pages,known,,,bpt6k666127z: no usable pages in manifest.,2026-07-17T20:30:51.850867
leconstitutionnel,bpt6k666128b,,failed,0,0,,no_usable_pages,known,,,bpt6k666128b: no usable pages in manifest.,2026-07-17T20:30:51.928269
leconstitutionnel,bpt6k666129q,,failed,0,0,,no_usable_pages,known,,,bpt6k666129q: no usable pages in manifest.,2026-07-17T20:30:52.016048
leconstitutionnel,bpt6k666130n,,failed,0,0,,no_usable_pages,known,,,bpt6k666130n: no usable pages in manifest.,2026-07-17T20:30:52.091146
leconstitutionnel,bpt6k6661311,,failed,0,0,,no_usable_pages,known,,,bpt6k6661311: no usable pages in manifest.,2026-07-17T20:30:52.157795
leconstitutionnel,bpt6k666132d,,failed,0,0,,no_usable_pages,known,,,bpt6k666132d: no usable pages in manifest.,2026-07-17T20:30:52.237588
leconstitutionnel,bpt6k666133s,,failed,0,0,,no_usable_pages,known,,,bpt6k666133s: no usable pages in manifest.,2026-07-17T20:30:52.350063
leconstitutionnel,bpt6k6661345,,failed,0,0,,no_usable_pages,known,,,bpt6k6661345: no usable pages in manifest.,2026-07-17T20:30:52.436311
leconstitutionnel,bpt6k666135j,,failed,0,0,,no_usable_pages,known,,,bpt6k666135j: no usable pages in manifest.,2026-07-17T20:30:52.525709
leconstitutionnel,bpt6k666136x,,failed,0,0,,no_usable_pages,known,,,bpt6k666136x: no usable pages in manifest.,2026-07-17T20:30:52.610211
leconstitutionnel,bpt6k6661379,,failed,0,0,,no_usable_pages,known,,,bpt6k6661379: no usable pages in manifest.,2026-07-17T20:30:52.721911
leconstitutionnel,bpt6k666138p,,failed,0,0,,no_usable_pages,known,,,bpt6k666138p: no usable pages in manifest.,2026-07-17T20:30:52.789904
leconstitutionnel,bpt6k6661392,,failed,0,0,,no_usable_pages,known,,,bpt6k6661392: no usable pages in manifest.,2026-07-17T20:30:52.881904
leconstitutionnel,bpt6k6661400,,failed,0,0,,no_usable_pages,known,,,bpt6k6661400: no usable pages in manifest.,2026-07-17T20:30:52.983247
leconstitutionnel,bpt6k666141c,,failed,0,0,,no_usable_pages,known,,,bpt6k666141c: no usable pages in manifest.,2026-07-17T20:30:53.110748
leconstitutionnel,bpt6k666142r,,failed,0,0,,no_usable_pages,known,,,bpt6k666142r: no usable pages in manifest.,2026-07-17T20:30:53.191646
leconstitutionnel,bpt6k6661434,,failed,0,0,,no_usable_pages,known,,,bpt6k6661434: no usable pages in manifest.,2026-07-17T20:30:53.270572
leconstitutionnel,bpt6k666144h,,failed,0,0,,no_usable_pages,known,,,bpt6k666144h: no usable pages in manifest.,2026-07-17T20:30:53.386417
leconstitutionnel,bpt6k666145w,,failed,0,0,,no_usable_pages,known,,,bpt6k666145w: no usable pages in manifest.,2026-07-17T20:30:53.468582
leconstitutionnel,bpt6k6661468,,failed,0,0,,no_usable_pages,known,,,bpt6k6661468: no usable pages in manifest.,2026-07-17T20:30:53.578826
leconstitutionnel,bpt6k666147n,,failed,0,0,,no_usable_pages,known,,,bpt6k666147n: no usable pages in manifest.,2026-07-17T20:30:53.694923
leconstitutionnel,bpt6k6661481,,failed,0,0,,no_usable_pages,known,,,bpt6k6661481: no usable pages in manifest.,2026-07-17T20:30:53.761403
leconstitutionnel,bpt6k666149d,,failed,0,0,,no_usable_pages,known,,,bpt6k666149d: no usable pages in manifest.,2026-07-17T20:30:53.857332
leconstitutionnel,bpt6k666150b,,failed,0,0,,no_usable_pages,known,,,bpt6k666150b: no usable pages in manifest.,2026-07-17T20:30:53.947054
leconstitutionnel,bpt6k666151q,,failed,0,0,,no_usable_pages,known,,,bpt6k666151q: no usable pages in manifest.,2026-07-17T20:30:54.017443
leconstitutionnel,bpt6k6661523,,failed,0,0,,no_usable_pages,known,,,bpt6k6661523: no usable pages in manifest.,2026-07-17T20:30:54.107434
leconstitutionnel,bpt6k666153g,,failed,0,0,,no_usable_pages,known,,,bpt6k666153g: no usable pages in manifest.,2026-07-17T20:30:54.234346
leconstitutionnel,bpt6k666154v,,failed,0,0,,no_usable_pages,known,,,bpt6k666154v: no usable pages in manifest.,2026-07-17T20:30:54.316568
leconstitutionnel,bpt6k6661557,,failed,0,0,,no_usable_pages,known,,,bpt6k6661557: no usable pages in manifest.,2026-07-17T20:30:54.439432
leconstitutionnel,bpt6k666156m,,failed,0,0,,no_usable_pages,known,,,bpt6k666156m: no usable pages in manifest.,2026-07-17T20:30:54.575058
leconstitutionnel,bpt6k6661570,,failed,0,0,,no_usable_pages,known,,,bpt6k6661570: no usable pages in manifest.,2026-07-17T20:30:54.698283
leconstitutionnel,bpt6k666158c,,failed,0,0,,no_usable_pages,known,,,bpt6k666158c: no usable pages in manifest.,2026-07-17T20:30:54.783086
leconstitutionnel,bpt6k666159r,,failed,0,0,,no_usable_pages,known,,,bpt6k666159r: no usable pages in manifest.,2026-07-17T20:30:54.858860
leconstitutionnel,bpt6k666160p,,failed,0,0,,no_usable_pages,known,,,bpt6k666160p: no usable pages in manifest.,2026-07-17T20:30:54.921509
leconstitutionnel,bpt6k6661612,,failed,0,0,,no_usable_pages,known,,,bpt6k6661612: no usable pages in manifest.,2026-07-17T20:30:54.985740
leconstitutionnel,bpt6k666162f,,failed,0,0,,no_usable_pages,known,,,bpt6k666162f: no usable pages in manifest.,2026-07-17T20:30:55.061994
leconstitutionnel,bpt6k666163t,,failed,0,0,,no_usable_pages,known,,,bpt6k666163t: no usable pages in manifest.,2026-07-17T20:30:55.143539
leconstitutionnel,bpt6k6661646,,failed,0,0,,no_usable_pages,known,,,bpt6k6661646: no usable pages in manifest.,2026-07-17T20:30:55.230629
leconstitutionnel,bpt6k666165k,,failed,0,0,,no_usable_pages,known,,,bpt6k666165k: no usable pages in manifest.,2026-07-17T20:30:55.314516
leconstitutionnel,bpt6k666166z,,failed,0,0,,no_usable_pages,known,,,bpt6k666166z: no usable pages in manifest.,2026-07-17T20:30:55.446692
leconstitutionnel,bpt6k666167b,,failed,0,0,,no_usable_pages,known,,,bpt6k666167b: no usable pages in manifest.,2026-07-17T20:30:55.553740
leconstitutionnel,bpt6k666168q,,failed,0,0,,no_usable_pages,known,,,bpt6k666168q: no usable pages in manifest.,2026-07-17T20:30:55.668324
leconstitutionnel,bpt6k6661693,,failed,0,0,,no_usable_pages,known,,,bpt6k6661693: no usable pages in manifest.,2026-07-17T20:30:55.788948
leconstitutionnel,bpt6k6661701,,failed,0,0,,no_usable_pages,known,,,bpt6k6661701: no usable pages in manifest.,2026-07-17T20:30:55.863346
leconstitutionnel,bpt6k666171d,,failed,0,0,,no_usable_pages,known,,,bpt6k666171d: no usable pages in manifest.,2026-07-17T20:30:55.921684
leconstitutionnel,bpt6k666172s,,failed,0,0,,no_usable_pages,known,,,bpt6k666172s: no usable pages in manifest.,2026-07-17T20:30:56.009846
leconstitutionnel,bpt6k6661735,,failed,0,0,,no_usable_pages,known,,,bpt6k6661735: no usable pages in manifest.,2026-07-17T20:30:56.128687
leconstitutionnel,bpt6k666174j,,failed,0,0,,no_usable_pages,known,,,bpt6k666174j: no usable pages in manifest.,2026-07-17T20:30:56.207930
leconstitutionnel,bpt6k666175x,,failed,0,0,,no_usable_pages,known,,,bpt6k666175x: no usable pages in manifest.,2026-07-17T20:30:56.297553
leconstitutionnel,bpt6k6661769,,failed,0,0,,no_usable_pages,known,,,bpt6k6661769: no usable pages in manifest.,2026-07-17T20:30:56.382901
leconstitutionnel,bpt6k666177p,,failed,0,0,,no_usable_pages,known,,,bpt6k666177p: no usable pages in manifest.,2026-07-17T20:30:56.522557
leconstitutionnel,bpt6k6661782,,failed,0,0,,no_usable_pages,known,,,bpt6k6661782: no usable pages in manifest.,2026-07-17T20:30:56.614258
leconstitutionnel,bpt6k666179f,,failed,0,0,,no_usable_pages,known,,,bpt6k666179f: no usable pages in manifest.,2026-07-17T20:30:56.703403
leconstitutionnel,bpt6k666180c,,failed,0,0,,no_usable_pages,known,,,bpt6k666180c: no usable pages in manifest.,2026-07-17T20:30:56.787021
leconstitutionnel,bpt6k666181r,,failed,0,0,,no_usable_pages,known,,,bpt6k666181r: no usable pages in manifest.,2026-07-17T20:30:56.857435
leconstitutionnel,bpt6k6661824,,failed,0,0,,no_usable_pages,known,,,bpt6k6661824: no usable pages in manifest.,2026-07-17T20:30:56.932152
leconstitutionnel,bpt6k666183h,,failed,0,0,,no_usable_pages,known,,,bpt6k666183h: no usable pages in manifest.,2026-07-17T20:30:57.035472
leconstitutionnel,bpt6k666184w,,failed,0,0,,no_usable_pages,known,,,bpt6k666184w: no usable pages in manifest.,2026-07-17T20:30:57.121088
leconstitutionnel,bpt6k6661858,,failed,0,0,,no_usable_pages,known,,,bpt6k6661858: no usable pages in manifest.,2026-07-17T20:30:57.179637
leconstitutionnel,bpt6k666186n,,failed,0,0,,no_usable_pages,known,,,bpt6k666186n: no usable pages in manifest.,2026-07-17T20:30:57.283885
leconstitutionnel,bpt6k6661871,,failed,0,0,,no_usable_pages,known,,,bpt6k6661871: no usable pages in manifest.,2026-07-17T20:30:57.369610
leconstitutionnel,bpt6k666188d,,failed,0,0,,no_usable_pages,known,,,bpt6k666188d: no usable pages in manifest.,2026-07-17T20:30:57.445538
leconstitutionnel,bpt6k666189s,,failed,0,0,,no_usable_pages,known,,,bpt6k666189s: no usable pages in manifest.,2026-07-17T20:30:57.545764
leconstitutionnel,bpt6k666190q,,failed,0,0,,no_usable_pages,known,,,bpt6k666190q: no usable pages in manifest.,2026-07-17T20:30:57.649621
leconstitutionnel,bpt6k6661913,,failed,0,0,,no_usable_pages,known,,,bpt6k6661913: no usable pages in manifest.,2026-07-17T20:30:57.724895
leconstitutionnel,bpt6k666192g,,failed,0,0,,no_usable_pages,known,,,bpt6k666192g: no usable pages in manifest.,2026-07-17T20:30:57.833587
leconstitutionnel,bpt6k666193v,,failed,0,0,,no_usable_pages,known,,,bpt6k666193v: no usable pages in manifest.,2026-07-17T20:30:57.914177
leconstitutionnel,bpt6k6661947,,failed,0,0,,no_usable_pages,known,,,bpt6k6661947: no usable pages in manifest.,2026-07-17T20:30:58.025463
leconstitutionnel,bpt6k666195m,,failed,0,0,,no_usable_pages,known,,,bpt6k666195m: no usable pages in manifest.,2026-07-17T20:30:58.113364
leconstitutionnel,bpt6k6661960,,failed,0,0,,no_usable_pages,known,,,bpt6k6661960: no usable pages in manifest.,2026-07-17T20:30:58.178727
leconstitutionnel,bpt6k666197c,,failed,0,0,,no_usable_pages,known,,,bpt6k666197c: no usable pages in manifest.,2026-07-17T20:30:58.259203
leconstitutionnel,bpt6k666198r,,failed,0,0,,no_usable_pages,known,,,bpt6k666198r: no usable pages in manifest.,2026-07-17T20:30:58.347715
leconstitutionnel,bpt6k6661994,,failed,0,0,,no_usable_pages,known,,,bpt6k6661994: no usable pages in manifest.,2026-07-17T20:30:58.427844
leconstitutionnel,bpt6k666200x,,failed,0,0,,no_usable_pages,known,,,bpt6k666200x: no usable pages in manifest.,2026-07-17T20:30:58.503927
leconstitutionnel,bpt6k6662019,,failed,0,0,,no_usable_pages,known,,,bpt6k6662019: no usable pages in manifest.,2026-07-17T20:30:58.637840
leconstitutionnel,bpt6k666202p,,failed,0,0,,no_usable_pages,known,,,bpt6k666202p: no usable pages in manifest.,2026-07-17T20:30:58.716067
leconstitutionnel,bpt6k6662032,,failed,0,0,,no_usable_pages,known,,,bpt6k6662032: no usable pages in manifest.,2026-07-17T20:30:58.788451
leconstitutionnel,bpt6k666204f,,failed,0,0,,no_usable_pages,known,,,bpt6k666204f: no usable pages in manifest.,2026-07-17T20:30:58.865115
leconstitutionnel,bpt6k666205t,,failed,0,0,,no_usable_pages,known,,,bpt6k666205t: no usable pages in manifest.,2026-07-17T20:30:58.940028
leconstitutionnel,bpt6k6662066,,failed,0,0,,no_usable_pages,known,,,bpt6k6662066: no usable pages in manifest.,2026-07-17T20:30:59.053498
leconstitutionnel,bpt6k666207k,,failed,0,0,,no_usable_pages,known,,,bpt6k666207k: no usable pages in manifest.,2026-07-17T20:30:59.148616
leconstitutionnel,bpt6k666208z,,failed,0,0,,no_usable_pages,known,,,bpt6k666208z: no usable pages in manifest.,2026-07-17T20:30:59.252985
leconstitutionnel,bpt6k666209b,,failed,0,0,,no_usable_pages,known,,,bpt6k666209b: no usable pages in manifest.,2026-07-17T20:30:59.338616
leconstitutionnel,bpt6k6662108,,failed,0,0,,no_usable_pages,known,,,bpt6k6662108: no usable pages in manifest.,2026-07-17T20:30:59.429493
leconstitutionnel,bpt6k666211n,,failed,0,0,,no_usable_pages,known,,,bpt6k666211n: no usable pages in manifest.,2026-07-17T20:30:59.501602
leconstitutionnel,bpt6k6662121,,failed,0,0,,no_usable_pages,known,,,bpt6k6662121: no usable pages in manifest.,2026-07-17T20:30:59.631023
leconstitutionnel,bpt6k666213d,,failed,0,0,,no_usable_pages,known,,,bpt6k666213d: no usable pages in manifest.,2026-07-17T20:30:59.711637
leconstitutionnel,bpt6k666214s,,failed,0,0,,no_usable_pages,known,,,bpt6k666214s: no usable pages in manifest.,2026-07-17T20:30:59.798263
leconstitutionnel,bpt6k6662155,,failed,0,0,,no_usable_pages,known,,,bpt6k6662155: no usable pages in manifest.,2026-07-17T20:30:59.911772
leconstitutionnel,bpt6k666216j,,failed,0,0,,no_usable_pages,known,,,bpt6k666216j: no usable pages in manifest.,2026-07-17T20:30:59.992699
leconstitutionnel,bpt6k666217x,,failed,0,0,,no_usable_pages,known,,,bpt6k666217x: no usable pages in manifest.,2026-07-17T20:31:00.101070
leconstitutionnel,bpt6k6662189,,failed,0,0,,no_usable_pages,known,,,bpt6k6662189: no usable pages in manifest.,2026-07-17T20:31:00.193743
leconstitutionnel,bpt6k666219p,,failed,0,0,,no_usable_pages,known,,,bpt6k666219p: no usable pages in manifest.,2026-07-17T20:31:00.277069
leconstitutionnel,bpt6k666220m,,failed,0,0,,no_usable_pages,known,,,bpt6k666220m: no usable pages in manifest.,2026-07-17T20:31:00.358917
leconstitutionnel,bpt6k6662210,,failed,0,0,,no_usable_pages,known,,,bpt6k6662210: no usable pages in manifest.,2026-07-17T20:31:00.446630
leconstitutionnel,bpt6k666222c,,failed,0,0,,no_usable_pages,known,,,bpt6k666222c: no usable pages in manifest.,2026-07-17T20:31:00.525593
leconstitutionnel,bpt6k666223r,,failed,0,0,,no_usable_pages,known,,,bpt6k666223r: no usable pages in manifest.,2026-07-17T20:31:00.722319
leconstitutionnel,bpt6k6662244,,failed,0,0,,no_usable_pages,known,,,bpt6k6662244: no usable pages in manifest.,2026-07-17T20:31:00.884975
leconstitutionnel,bpt6k666225h,,failed,0,0,,no_usable_pages,known,,,bpt6k666225h: no usable pages in manifest.,2026-07-17T20:31:01.004395
leconstitutionnel,bpt6k666226w,,failed,0,0,,no_usable_pages,known,,,bpt6k666226w: no usable pages in manifest.,2026-07-17T20:31:01.078700
leconstitutionnel,bpt6k6662278,,failed,0,0,,no_usable_pages,known,,,bpt6k6662278: no usable pages in manifest.,2026-07-17T20:31:01.152753
leconstitutionnel,bpt6k666228n,,failed,0,0,,no_usable_pages,known,,,bpt6k666228n: no usable pages in manifest.,2026-07-17T20:31:01.225434
leconstitutionnel,bpt6k6662291,,failed,0,0,,no_usable_pages,known,,,bpt6k6662291: no usable pages in manifest.,2026-07-17T20:31:01.309400
leconstitutionnel,bpt6k666230z,,failed,0,0,,no_usable_pages,known,,,bpt6k666230z: no usable pages in manifest.,2026-07-17T20:31:01.382812
leconstitutionnel,bpt6k666231b,,failed,0,0,,no_usable_pages,known,,,bpt6k666231b: no usable pages in manifest.,2026-07-17T20:31:01.469720
leconstitutionnel,bpt6k666232q,,failed,0,0,,no_usable_pages,known,,,bpt6k666232q: no usable pages in manifest.,2026-07-17T20:31:01.538672
leconstitutionnel,bpt6k6662333,,failed,0,0,,no_usable_pages,known,,,bpt6k6662333: no usable pages in manifest.,2026-07-17T20:31:01.616333
leconstitutionnel,bpt6k666234g,,failed,0,0,,no_usable_pages,known,,,bpt6k666234g: no usable pages in manifest.,2026-07-17T20:31:01.775651
leconstitutionnel,bpt6k666235v,,failed,0,0,,no_usable_pages,known,,,bpt6k666235v: no usable pages in manifest.,2026-07-17T20:31:01.867576
leconstitutionnel,bpt6k666432b,,failed,0,0,,no_usable_pages,known,,,bpt6k666432b: no usable pages in manifest.,2026-07-17T20:31:01.942427
leconstitutionnel,bpt6k6666230,,failed,0,0,,no_usable_pages,known,,,bpt6k6666230: no usable pages in manifest.,2026-07-17T20:31:02.101064
leconstitutionnel,bpt6k6666743,,failed,0,0,,no_usable_pages,known,,,bpt6k6666743: no usable pages in manifest.,2026-07-17T20:31:02.198705
leconstitutionnel,bpt6k6667820,,failed,0,0,,no_usable_pages,known,,,bpt6k6667820: no usable pages in manifest.,2026-07-17T20:31:02.320419
leconstitutionnel,bpt6k6669173,,failed,0,0,,no_usable_pages,known,,,bpt6k6669173: no usable pages in manifest.,2026-07-17T20:31:02.448583
leconstitutionnel,bpt6k666918g,,failed,0,0,,no_usable_pages,known,,,bpt6k666918g: no usable pages in manifest.,2026-07-17T20:31:02.560977
leconstitutionnel,bpt6k666919v,,failed,0,0,,no_usable_pages,known,,,bpt6k666919v: no usable pages in manifest.,2026-07-17T20:31:02.673620
leconstitutionnel,bpt6k666920s,,failed,0,0,,no_usable_pages,known,,,bpt6k666920s: no usable pages in manifest.,2026-07-17T20:31:02.798383
leconstitutionnel,bpt6k6678159,,failed,0,0,,no_usable_pages,known,,,bpt6k6678159: no usable pages in manifest.,2026-07-17T20:31:02.868867
leconstitutionnel,bpt6k667816p,,failed,0,0,,no_usable_pages,known,,,bpt6k667816p: no usable pages in manifest.,2026-07-17T20:31:02.952869
leconstitutionnel,bpt6k6678172,,failed,0,0,,no_usable_pages,known,,,bpt6k6678172: no usable pages in manifest.,2026-07-17T20:31:03.103825
leconstitutionnel,bpt6k667818f,,failed,0,0,,no_usable_pages,known,,,bpt6k667818f: no usable pages in manifest.,2026-07-17T20:31:03.188822
leconstitutionnel,bpt6k667819t,,failed,0,0,,no_usable_pages,known,,,bpt6k667819t: no usable pages in manifest.,2026-07-17T20:31:03.280986
leconstitutionnel,bpt6k667820r,,failed,0,0,,no_usable_pages,known,,,bpt6k667820r: no usable pages in manifest.,2026-07-17T20:31:03.372984
leconstitutionnel,bpt6k667822h,,failed,0,0,,no_usable_pages,known,,,bpt6k667822h: no usable pages in manifest.,2026-07-17T20:31:03.470551
leconstitutionnel,bpt6k6678214,,failed,0,0,,no_usable_pages,known,,,bpt6k6678214: no usable pages in manifest.,2026-07-17T20:31:03.545689
leconstitutionnel,bpt6k667823w,,failed,0,0,,no_usable_pages,known,,,bpt6k667823w: no usable pages in manifest.,2026-07-17T20:31:03.624517
leconstitutionnel,bpt6k6678248,,failed,0,0,,no_usable_pages,known,,,bpt6k6678248: no usable pages in manifest.,2026-07-17T20:31:03.694082
leconstitutionnel,bpt6k667825n,,failed,0,0,,no_usable_pages,known,,,bpt6k667825n: no usable pages in manifest.,2026-07-17T20:31:03.793729
leconstitutionnel,bpt6k6678261,,failed,0,0,,no_usable_pages,known,,,bpt6k6678261: no usable pages in manifest.,2026-07-17T20:31:03.977411
leconstitutionnel,bpt6k6679550,,failed,0,0,,no_usable_pages,known,,,bpt6k6679550: no usable pages in manifest.,2026-07-17T20:31:04.119889
leconstitutionnel,bpt6k667956c,,failed,0,0,,no_usable_pages,known,,,bpt6k667956c: no usable pages in manifest.,2026-07-17T20:31:04.192000
leconstitutionnel,bpt6k667957r,,failed,0,0,,no_usable_pages,known,,,bpt6k667957r: no usable pages in manifest.,2026-07-17T20:31:04.260138
leconstitutionnel,bpt6k6679584,,failed,0,0,,no_usable_pages,known,,,bpt6k6679584: no usable pages in manifest.,2026-07-17T20:31:04.335457
leconstitutionnel,bpt6k667959h,,failed,0,0,,no_usable_pages,known,,,bpt6k667959h: no usable pages in manifest.,2026-07-17T20:31:04.401612
leconstitutionnel,bpt6k667960f,,failed,0,0,,no_usable_pages,known,,,bpt6k667960f: no usable pages in manifest.,2026-07-17T20:31:04.480333
leconstitutionnel,bpt6k667961t,,failed,0,0,,no_usable_pages,known,,,bpt6k667961t: no usable pages in manifest.,2026-07-17T20:31:04.550876
leconstitutionnel,bpt6k6679626,,failed,0,0,,no_usable_pages,known,,,bpt6k6679626: no usable pages in manifest.,2026-07-17T20:31:04.648324
leconstitutionnel,bpt6k667963k,,failed,0,0,,no_usable_pages,known,,,bpt6k667963k: no usable pages in manifest.,2026-07-17T20:31:04.735249
leconstitutionnel,bpt6k667964z,,failed,0,0,,no_usable_pages,known,,,bpt6k667964z: no usable pages in manifest.,2026-07-17T20:31:04.862350
leconstitutionnel,bpt6k667965b,,failed,0,0,,no_usable_pages,known,,,bpt6k667965b: no usable pages in manifest.,2026-07-17T20:31:04.936517
leconstitutionnel,bpt6k6680318,,failed,0,0,,no_usable_pages,known,,,bpt6k6680318: no usable pages in manifest.,2026-07-17T20:31:05.012873
leconstitutionnel,bpt6k669851q,,failed,0,0,,no_usable_pages,known,,,bpt6k669851q: no usable pages in manifest.,2026-07-17T20:31:05.114881
leconstitutionnel,bpt6k669880c,,failed,0,0,,no_usable_pages,known,,,bpt6k669880c: no usable pages in manifest.,2026-07-17T20:31:05.221543
leconstitutionnel,bpt6k669879f,,failed,0,0,,no_usable_pages,known,,,bpt6k669879f: no usable pages in manifest.,2026-07-17T20:31:05.305704
leconstitutionnel,bpt6k669881r,,failed,0,0,,no_usable_pages,known,,,bpt6k669881r: no usable pages in manifest.,2026-07-17T20:31:05.389612
leconstitutionnel,bpt6k6698824,,failed,0,0,,no_usable_pages,known,,,bpt6k6698824: no usable pages in manifest.,2026-07-17T20:31:05.480513
leconstitutionnel,bpt6k669883h,,failed,0,0,,no_usable_pages,known,,,bpt6k669883h: no usable pages in manifest.,2026-07-17T20:31:05.688562
leconstitutionnel,bpt6k669884w,,failed,0,0,,no_usable_pages,known,,,bpt6k669884w: no usable pages in manifest.,2026-07-17T20:31:05.775938
leconstitutionnel,bpt6k6698858,,failed,0,0,,no_usable_pages,known,,,bpt6k6698858: no usable pages in manifest.,2026-07-17T20:31:05.925033
leconstitutionnel,bpt6k669886n,,failed,0,0,,no_usable_pages,known,,,bpt6k669886n: no usable pages in manifest.,2026-07-17T20:31:06.031272
leconstitutionnel,bpt6k6698871,,failed,0,0,,no_usable_pages,known,,,bpt6k6698871: no usable pages in manifest.,2026-07-17T20:31:06.110479
leconstitutionnel,bpt6k669888d,,failed,0,0,,no_usable_pages,known,,,bpt6k669888d: no usable pages in manifest.,2026-07-17T20:31:06.191769
leconstitutionnel,bpt6k669889s,,failed,0,0,,no_usable_pages,known,,,bpt6k669889s: no usable pages in manifest.,2026-07-17T20:31:06.289393
leconstitutionnel,bpt6k669890q,,failed,0,0,,no_usable_pages,known,,,bpt6k669890q: no usable pages in manifest.,2026-07-17T20:31:06.355332
leconstitutionnel,bpt6k6698913,,failed,0,0,,no_usable_pages,known,,,bpt6k6698913: no usable pages in manifest.,2026-07-17T20:31:06.425074
leconstitutionnel,bpt6k669892g,,failed,0,0,,no_usable_pages,known,,,bpt6k669892g: no usable pages in manifest.,2026-07-17T20:31:06.522755
leconstitutionnel,bpt6k669893v,,failed,0,0,,no_usable_pages,known,,,bpt6k669893v: no usable pages in manifest.,2026-07-17T20:31:06.633921
leconstitutionnel,bpt6k6698947,,failed,0,0,,no_usable_pages,known,,,bpt6k6698947: no usable pages in manifest.,2026-07-17T20:31:06.717218
leconstitutionnel,bpt6k669895m,,failed,0,0,,no_usable_pages,known,,,bpt6k669895m: no usable pages in manifest.,2026-07-17T20:31:06.807183
leconstitutionnel,bpt6k6698960,,failed,0,0,,no_usable_pages,known,,,bpt6k6698960: no usable pages in manifest.,2026-07-17T20:31:06.911012
leconstitutionnel,bpt6k669897c,,failed,0,0,,no_usable_pages,known,,,bpt6k669897c: no usable pages in manifest.,2026-07-17T20:31:06.977349
leconstitutionnel,bpt6k669898r,,failed,0,0,,no_usable_pages,known,,,bpt6k669898r: no usable pages in manifest.,2026-07-17T20:31:07.127061
leconstitutionnel,bpt6k6698994,,failed,0,0,,no_usable_pages,known,,,bpt6k6698994: no usable pages in manifest.,2026-07-17T20:31:07.237004
leconstitutionnel,bpt6k669900x,,failed,0,0,,no_usable_pages,known,,,bpt6k669900x: no usable pages in manifest.,2026-07-17T20:31:07.374674
leconstitutionnel,bpt6k6699019,,failed,0,0,,no_usable_pages,known,,,bpt6k6699019: no usable pages in manifest.,2026-07-17T20:31:07.457986
leconstitutionnel,bpt6k669902p,,failed,0,0,,no_usable_pages,known,,,bpt6k669902p: no usable pages in manifest.,2026-07-17T20:31:07.537671
leconstitutionnel,bpt6k6699032,,failed,0,0,,no_usable_pages,known,,,bpt6k6699032: no usable pages in manifest.,2026-07-17T20:31:07.633364
leconstitutionnel,bpt6k669904f,,failed,0,0,,no_usable_pages,known,,,bpt6k669904f: no usable pages in manifest.,2026-07-17T20:31:07.702348
leconstitutionnel,bpt6k669905t,,failed,0,0,,no_usable_pages,known,,,bpt6k669905t: no usable pages in manifest.,2026-07-17T20:31:07.813040
leconstitutionnel,bpt6k6699066,,failed,0,0,,no_usable_pages,known,,,bpt6k6699066: no usable pages in manifest.,2026-07-17T20:31:07.932089
leconstitutionnel,bpt6k669907k,,failed,0,0,,no_usable_pages,known,,,bpt6k669907k: no usable pages in manifest.,2026-07-17T20:31:08.002032
leconstitutionnel,bpt6k669908z,,failed,0,0,,no_usable_pages,known,,,bpt6k669908z: no usable pages in manifest.,2026-07-17T20:31:08.078621
leconstitutionnel,bpt6k669909b,,failed,0,0,,no_usable_pages,known,,,bpt6k669909b: no usable pages in manifest.,2026-07-17T20:31:08.161461
leconstitutionnel,bpt6k6699108,,failed,0,0,,no_usable_pages,known,,,bpt6k6699108: no usable pages in manifest.,2026-07-17T20:31:08.252597
leconstitutionnel,bpt6k669911n,,failed,0,0,,no_usable_pages,known,,,bpt6k669911n: no usable pages in manifest.,2026-07-17T20:31:08.360523
leconstitutionnel,bpt6k6699121,,failed,0,0,,no_usable_pages,known,,,bpt6k6699121: no usable pages in manifest.,2026-07-17T20:31:08.531015
leconstitutionnel,bpt6k669913d,,failed,0,0,,no_usable_pages,known,,,bpt6k669913d: no usable pages in manifest.,2026-07-17T20:31:08.658538
leconstitutionnel,bpt6k669914s,,failed,0,0,,no_usable_pages,known,,,bpt6k669914s: no usable pages in manifest.,2026-07-17T20:31:08.779415
leconstitutionnel,bpt6k6699155,,failed,0,0,,no_usable_pages,known,,,bpt6k6699155: no usable pages in manifest.,2026-07-17T20:31:08.876889
leconstitutionnel,bpt6k669916j,,failed,0,0,,no_usable_pages,known,,,bpt6k669916j: no usable pages in manifest.,2026-07-17T20:31:09.035931
leconstitutionnel,bpt6k669917x,,failed,0,0,,no_usable_pages,known,,,bpt6k669917x: no usable pages in manifest.,2026-07-17T20:31:09.145623
leconstitutionnel,bpt6k6699189,,failed,0,0,,no_usable_pages,known,,,bpt6k6699189: no usable pages in manifest.,2026-07-17T20:31:09.228889
leconstitutionnel,bpt6k669919p,,failed,0,0,,no_usable_pages,known,,,bpt6k669919p: no usable pages in manifest.,2026-07-17T20:31:09.312996
leconstitutionnel,bpt6k669920m,,failed,0,0,,no_usable_pages,known,,,bpt6k669920m: no usable pages in manifest.,2026-07-17T20:31:09.384512
leconstitutionnel,bpt6k6699210,,failed,0,0,,no_usable_pages,known,,,bpt6k6699210: no usable pages in manifest.,2026-07-17T20:31:09.464874
leconstitutionnel,bpt6k669922c,,failed,0,0,,no_usable_pages,known,,,bpt6k669922c: no usable pages in manifest.,2026-07-17T20:31:09.551888
leconstitutionnel,bpt6k669923r,,failed,0,0,,no_usable_pages,known,,,bpt6k669923r: no usable pages in manifest.,2026-07-17T20:31:09.666729
leconstitutionnel,bpt6k6699244,,failed,0,0,,no_usable_pages,known,,,bpt6k6699244: no usable pages in manifest.,2026-07-17T20:31:09.759098
leconstitutionnel,bpt6k669925h,,failed,0,0,,no_usable_pages,known,,,bpt6k669925h: no usable pages in manifest.,2026-07-17T20:31:09.859980
leconstitutionnel,bpt6k669926w,,failed,0,0,,no_usable_pages,known,,,bpt6k669926w: no usable pages in manifest.,2026-07-17T20:31:09.924938
leconstitutionnel,bpt6k6699278,,failed,0,0,,no_usable_pages,known,,,bpt6k6699278: no usable pages in manifest.,2026-07-17T20:31:10.046588
leconstitutionnel,bpt6k669928n,,failed,0,0,,no_usable_pages,known,,,bpt6k669928n: no usable pages in manifest.,2026-07-17T20:31:10.140063
leconstitutionnel,bpt6k6699291,,failed,0,0,,no_usable_pages,known,,,bpt6k6699291: no usable pages in manifest.,2026-07-17T20:31:10.244611
leconstitutionnel,bpt6k669930z,,failed,0,0,,no_usable_pages,known,,,bpt6k669930z: no usable pages in manifest.,2026-07-17T20:31:10.367916
leconstitutionnel,bpt6k669931b,,failed,0,0,,no_usable_pages,known,,,bpt6k669931b: no usable pages in manifest.,2026-07-17T20:31:10.507319
leconstitutionnel,bpt6k669932q,,failed,0,0,,no_usable_pages,known,,,bpt6k669932q: no usable pages in manifest.,2026-07-17T20:31:10.611282
leconstitutionnel,bpt6k6699333,,failed,0,0,,no_usable_pages,known,,,bpt6k6699333: no usable pages in manifest.,2026-07-17T20:31:10.714529
leconstitutionnel,bpt6k669934g,,failed,0,0,,no_usable_pages,known,,,bpt6k669934g: no usable pages in manifest.,2026-07-17T20:31:10.786081
leconstitutionnel,bpt6k669935v,,failed,0,0,,no_usable_pages,known,,,bpt6k669935v: no usable pages in manifest.,2026-07-17T20:31:10.861997
leconstitutionnel,bpt6k6699367,,failed,0,0,,no_usable_pages,known,,,bpt6k6699367: no usable pages in manifest.,2026-07-17T20:31:10.945992
leconstitutionnel,bpt6k669937m,,failed,0,0,,no_usable_pages,known,,,bpt6k669937m: no usable pages in manifest.,2026-07-17T20:31:11.034412
leconstitutionnel,bpt6k6699380,,failed,0,0,,no_usable_pages,known,,,bpt6k6699380: no usable pages in manifest.,2026-07-17T20:31:11.168931
leconstitutionnel,bpt6k669939c,,failed,0,0,,no_usable_pages,known,,,bpt6k669939c: no usable pages in manifest.,2026-07-17T20:31:11.249390
leconstitutionnel,bpt6k6699409,,failed,0,0,,no_usable_pages,known,,,bpt6k6699409: no usable pages in manifest.,2026-07-17T20:31:11.322520
leconstitutionnel,bpt6k669941p,,failed,0,0,,no_usable_pages,known,,,bpt6k669941p: no usable pages in manifest.,2026-07-17T20:31:11.409501
leconstitutionnel,bpt6k6699422,,failed,0,0,,no_usable_pages,known,,,bpt6k6699422: no usable pages in manifest.,2026-07-17T20:31:11.491841
leconstitutionnel,bpt6k669943f,,failed,0,0,,no_usable_pages,known,,,bpt6k669943f: no usable pages in manifest.,2026-07-17T20:31:11.571570
leconstitutionnel,bpt6k669944t,,failed,0,0,,no_usable_pages,known,,,bpt6k669944t: no usable pages in manifest.,2026-07-17T20:31:11.688690
leconstitutionnel,bpt6k6699456,,failed,0,0,,no_usable_pages,known,,,bpt6k6699456: no usable pages in manifest.,2026-07-17T20:31:11.802347
leconstitutionnel,bpt6k669946k,,failed,0,0,,no_usable_pages,known,,,bpt6k669946k: no usable pages in manifest.,2026-07-17T20:31:12.004361
leconstitutionnel,bpt6k669947z,,failed,0,0,,no_usable_pages,known,,,bpt6k669947z: no usable pages in manifest.,2026-07-17T20:31:12.186563
leconstitutionnel,bpt6k669948b,,failed,0,0,,no_usable_pages,known,,,bpt6k669948b: no usable pages in manifest.,2026-07-17T20:31:12.333901
leconstitutionnel,bpt6k669949q,,failed,0,0,,no_usable_pages,known,,,bpt6k669949q: no usable pages in manifest.,2026-07-17T20:31:12.429104
leconstitutionnel,bpt6k669950n,,failed,0,0,,no_usable_pages,known,,,bpt6k669950n: no usable pages in manifest.,2026-07-17T20:31:12.577820
leconstitutionnel,bpt6k6699511,,failed,0,0,,no_usable_pages,known,,,bpt6k6699511: no usable pages in manifest.,2026-07-17T20:31:12.698171
leconstitutionnel,bpt6k669952d,,failed,0,0,,no_usable_pages,known,,,bpt6k669952d: no usable pages in manifest.,2026-07-17T20:31:12.765183
leconstitutionnel,bpt6k669953s,,failed,0,0,,no_usable_pages,known,,,bpt6k669953s: no usable pages in manifest.,2026-07-17T20:31:12.856072
leconstitutionnel,bpt6k6699545,,failed,0,0,,no_usable_pages,known,,,bpt6k6699545: no usable pages in manifest.,2026-07-17T20:31:12.957323
leconstitutionnel,bpt6k669955j,,failed,0,0,,no_usable_pages,known,,,bpt6k669955j: no usable pages in manifest.,2026-07-17T20:31:13.074459
leconstitutionnel,bpt6k669956x,,failed,0,0,,no_usable_pages,known,,,bpt6k669956x: no usable pages in manifest.,2026-07-17T20:31:13.204071
leconstitutionnel,bpt6k6699579,,failed,0,0,,no_usable_pages,known,,,bpt6k6699579: no usable pages in manifest.,2026-07-17T20:31:13.272763
leconstitutionnel,bpt6k669958p,,failed,0,0,,no_usable_pages,known,,,bpt6k669958p: no usable pages in manifest.,2026-07-17T20:31:13.348053
leconstitutionnel,bpt6k6699592,,failed,0,0,,no_usable_pages,known,,,bpt6k6699592: no usable pages in manifest.,2026-07-17T20:31:13.414027
leconstitutionnel,bpt6k6699600,,failed,0,0,,no_usable_pages,known,,,bpt6k6699600: no usable pages in manifest.,2026-07-17T20:31:13.520969
leconstitutionnel,bpt6k669961c,,failed,0,0,,no_usable_pages,known,,,bpt6k669961c: no usable pages in manifest.,2026-07-17T20:31:13.714098
leconstitutionnel,bpt6k669962r,,failed,0,0,,no_usable_pages,known,,,bpt6k669962r: no usable pages in manifest.,2026-07-17T20:31:13.774771
leconstitutionnel,bpt6k6699634,,failed,0,0,,no_usable_pages,known,,,bpt6k6699634: no usable pages in manifest.,2026-07-17T20:31:13.853607
leconstitutionnel,bpt6k669964h,,failed,0,0,,no_usable_pages,known,,,bpt6k669964h: no usable pages in manifest.,2026-07-17T20:31:13.947469
leconstitutionnel,bpt6k669965w,,failed,0,0,,no_usable_pages,known,,,bpt6k669965w: no usable pages in manifest.,2026-07-17T20:31:14.021840
leconstitutionnel,bpt6k6699668,,failed,0,0,,no_usable_pages,known,,,bpt6k6699668: no usable pages in manifest.,2026-07-17T20:31:14.097064
leconstitutionnel,bpt6k669967n,,failed,0,0,,no_usable_pages,known,,,bpt6k669967n: no usable pages in manifest.,2026-07-17T20:31:14.187624
leconstitutionnel,bpt6k6699681,,failed,0,0,,no_usable_pages,known,,,bpt6k6699681: no usable pages in manifest.,2026-07-17T20:31:14.282341
leconstitutionnel,bpt6k669969d,,failed,0,0,,no_usable_pages,known,,,bpt6k669969d: no usable pages in manifest.,2026-07-17T20:31:14.373552
leconstitutionnel,bpt6k669970b,,failed,0,0,,no_usable_pages,known,,,bpt6k669970b: no usable pages in manifest.,2026-07-17T20:31:14.454109
leconstitutionnel,bpt6k669971q,,failed,0,0,,no_usable_pages,known,,,bpt6k669971q: no usable pages in manifest.,2026-07-17T20:31:14.525697
leconstitutionnel,bpt6k6699723,,failed,0,0,,no_usable_pages,known,,,bpt6k6699723: no usable pages in manifest.,2026-07-17T20:31:14.628594
leconstitutionnel,bpt6k669973g,,failed,0,0,,no_usable_pages,known,,,bpt6k669973g: no usable pages in manifest.,2026-07-17T20:31:14.828475
leconstitutionnel,bpt6k669974v,,failed,0,0,,no_usable_pages,known,,,bpt6k669974v: no usable pages in manifest.,2026-07-17T20:31:14.967780
leconstitutionnel,bpt6k6699757,,failed,0,0,,no_usable_pages,known,,,bpt6k6699757: no usable pages in manifest.,2026-07-17T20:31:15.080186
leconstitutionnel,bpt6k669976m,,failed,0,0,,no_usable_pages,known,,,bpt6k669976m: no usable pages in manifest.,2026-07-17T20:31:15.263872
leconstitutionnel,bpt6k6699770,,failed,0,0,,no_usable_pages,known,,,bpt6k6699770: no usable pages in manifest.,2026-07-17T20:31:15.451365
leconstitutionnel,bpt6k669978c,,failed,0,0,,no_usable_pages,known,,,bpt6k669978c: no usable pages in manifest.,2026-07-17T20:31:15.579604
leconstitutionnel,bpt6k669979r,,failed,0,0,,no_usable_pages,known,,,bpt6k669979r: no usable pages in manifest.,2026-07-17T20:31:15.709727
leconstitutionnel,bpt6k669980p,,failed,0,0,,no_usable_pages,known,,,bpt6k669980p: no usable pages in manifest.,2026-07-17T20:31:15.905562
leconstitutionnel,bpt6k6699812,,failed,0,0,,no_usable_pages,known,,,bpt6k6699812: no usable pages in manifest.,2026-07-17T20:31:16.036646
leconstitutionnel,bpt6k669982f,,failed,0,0,,no_usable_pages,known,,,bpt6k669982f: no usable pages in manifest.,2026-07-17T20:31:16.131368
leconstitutionnel,bpt6k669983t,,failed,0,0,,no_usable_pages,known,,,bpt6k669983t: no usable pages in manifest.,2026-07-17T20:31:16.255544
leconstitutionnel,bpt6k6699846,,failed,0,0,,no_usable_pages,known,,,bpt6k6699846: no usable pages in manifest.,2026-07-17T20:31:16.375102
leconstitutionnel,bpt6k669985k,,failed,0,0,,no_usable_pages,known,,,bpt6k669985k: no usable pages in manifest.,2026-07-17T20:31:16.494316
leconstitutionnel,bpt6k669986z,,failed,0,0,,no_usable_pages,known,,,bpt6k669986z: no usable pages in manifest.,2026-07-17T20:31:16.672940
leconstitutionnel,bpt6k669987b,,failed,0,0,,no_usable_pages,known,,,bpt6k669987b: no usable pages in manifest.,2026-07-17T20:31:16.796348
leconstitutionnel,bpt6k669988q,,failed,0,0,,no_usable_pages,known,,,bpt6k669988q: no usable pages in manifest.,2026-07-17T20:31:16.951566
leconstitutionnel,bpt6k6699893,,failed,0,0,,no_usable_pages,known,,,bpt6k6699893: no usable pages in manifest.,2026-07-17T20:31:17.038898
leconstitutionnel,bpt6k6699901,,failed,0,0,,no_usable_pages,known,,,bpt6k6699901: no usable pages in manifest.,2026-07-17T20:31:17.124213
leconstitutionnel,bpt6k669991d,,failed,0,0,,no_usable_pages,known,,,bpt6k669991d: no usable pages in manifest.,2026-07-17T20:31:17.216641
leconstitutionnel,bpt6k669992s,,failed,0,0,,no_usable_pages,known,,,bpt6k669992s: no usable pages in manifest.,2026-07-17T20:31:17.318710
leconstitutionnel,bpt6k6699935,,failed,0,0,,no_usable_pages,known,,,bpt6k6699935: no usable pages in manifest.,2026-07-17T20:31:17.405184
leconstitutionnel,bpt6k669994j,,failed,0,0,,no_usable_pages,known,,,bpt6k669994j: no usable pages in manifest.,2026-07-17T20:31:17.489709
leconstitutionnel,bpt6k669995x,,failed,0,0,,no_usable_pages,known,,,bpt6k669995x: no usable pages in manifest.,2026-07-17T20:31:17.559952
leconstitutionnel,bpt6k6699969,,failed,0,0,,no_usable_pages,known,,,bpt6k6699969: no usable pages in manifest.,2026-07-17T20:31:17.738452
leconstitutionnel,bpt6k669997p,,failed,0,0,,no_usable_pages,known,,,bpt6k669997p: no usable pages in manifest.,2026-07-17T20:31:17.824411
leconstitutionnel,bpt6k6699982,,failed,0,0,,no_usable_pages,known,,,bpt6k6699982: no usable pages in manifest.,2026-07-17T20:31:17.924426
leconstitutionnel,bpt6k669999f,,failed,0,0,,no_usable_pages,known,,,bpt6k669999f: no usable pages in manifest.,2026-07-17T20:31:18.013822
leconstitutionnel,bpt6k670000w,,failed,0,0,,no_usable_pages,known,,,bpt6k670000w: no usable pages in manifest.,2026-07-17T20:31:18.114791
leconstitutionnel,bpt6k6700018,,failed,0,0,,no_usable_pages,known,,,bpt6k6700018: no usable pages in manifest.,2026-07-17T20:31:18.198056
leconstitutionnel,bpt6k670002n,,failed,0,0,,no_usable_pages,known,,,bpt6k670002n: no usable pages in manifest.,2026-07-17T20:31:18.276121
leconstitutionnel,bpt6k6700031,,failed,0,0,,no_usable_pages,known,,,bpt6k6700031: no usable pages in manifest.,2026-07-17T20:31:18.400093
leconstitutionnel,bpt6k670004d,,failed,0,0,,no_usable_pages,known,,,bpt6k670004d: no usable pages in manifest.,2026-07-17T20:31:18.491904
leconstitutionnel,bpt6k670005s,,failed,0,0,,no_usable_pages,known,,,bpt6k670005s: no usable pages in manifest.,2026-07-17T20:31:18.587806
leconstitutionnel,bpt6k6700065,,failed,0,0,,no_usable_pages,known,,,bpt6k6700065: no usable pages in manifest.,2026-07-17T20:31:18.758729
leconstitutionnel,bpt6k670007j,,failed,0,0,,no_usable_pages,known,,,bpt6k670007j: no usable pages in manifest.,2026-07-17T20:31:18.874057
leconstitutionnel,bpt6k670008x,,failed,0,0,,no_usable_pages,known,,,bpt6k670008x: no usable pages in manifest.,2026-07-17T20:31:19.056297
leconstitutionnel,bpt6k6700099,,failed,0,0,,no_usable_pages,known,,,bpt6k6700099: no usable pages in manifest.,2026-07-17T20:31:19.166617
leconstitutionnel,bpt6k6700107,,failed,0,0,,no_usable_pages,known,,,bpt6k6700107: no usable pages in manifest.,2026-07-17T20:31:19.261602
leconstitutionnel,bpt6k670011m,,failed,0,0,,no_usable_pages,known,,,bpt6k670011m: no usable pages in manifest.,2026-07-17T20:31:19.366414
leconstitutionnel,bpt6k6700120,,failed,0,0,,no_usable_pages,known,,,bpt6k6700120: no usable pages in manifest.,2026-07-17T20:31:19.500856
leconstitutionnel,bpt6k670013c,,failed,0,0,,no_usable_pages,known,,,bpt6k670013c: no usable pages in manifest.,2026-07-17T20:31:19.588696
leconstitutionnel,bpt6k670014r,,failed,0,0,,no_usable_pages,known,,,bpt6k670014r: no usable pages in manifest.,2026-07-17T20:31:19.683096
leconstitutionnel,bpt6k6700154,,failed,0,0,,no_usable_pages,known,,,bpt6k6700154: no usable pages in manifest.,2026-07-17T20:31:19.792614
leconstitutionnel,bpt6k670016h,,failed,0,0,,no_usable_pages,known,,,bpt6k670016h: no usable pages in manifest.,2026-07-17T20:31:19.921512
leconstitutionnel,bpt6k670017w,,failed,0,0,,no_usable_pages,known,,,bpt6k670017w: no usable pages in manifest.,2026-07-17T20:31:20.048208
leconstitutionnel,bpt6k6700188,,failed,0,0,,no_usable_pages,known,,,bpt6k6700188: no usable pages in manifest.,2026-07-17T20:31:20.134231
leconstitutionnel,bpt6k670019n,,failed,0,0,,no_usable_pages,known,,,bpt6k670019n: no usable pages in manifest.,2026-07-17T20:31:20.256596
leconstitutionnel,bpt6k670020k,,failed,0,0,,no_usable_pages,known,,,bpt6k670020k: no usable pages in manifest.,2026-07-17T20:31:20.337846
leconstitutionnel,bpt6k670021z,,failed,0,0,,no_usable_pages,known,,,bpt6k670021z: no usable pages in manifest.,2026-07-17T20:31:20.410310
leconstitutionnel,bpt6k670022b,,failed,0,0,,no_usable_pages,known,,,bpt6k670022b: no usable pages in manifest.,2026-07-17T20:31:20.487018
leconstitutionnel,bpt6k670023q,,failed,0,0,,no_usable_pages,known,,,bpt6k670023q: no usable pages in manifest.,2026-07-17T20:31:20.570950
leconstitutionnel,bpt6k6700243,,failed,0,0,,no_usable_pages,known,,,bpt6k6700243: no usable pages in manifest.,2026-07-17T20:31:20.688842
leconstitutionnel,bpt6k670025g,,failed,0,0,,no_usable_pages,known,,,bpt6k670025g: no usable pages in manifest.,2026-07-17T20:31:20.791818
leconstitutionnel,bpt6k670026v,,failed,0,0,,no_usable_pages,known,,,bpt6k670026v: no usable pages in manifest.,2026-07-17T20:31:20.878061
leconstitutionnel,bpt6k6700277,,failed,0,0,,no_usable_pages,known,,,bpt6k6700277: no usable pages in manifest.,2026-07-17T20:31:20.947184
leconstitutionnel,bpt6k670028m,,failed,0,0,,no_usable_pages,known,,,bpt6k670028m: no usable pages in manifest.,2026-07-17T20:31:21.052686
leconstitutionnel,bpt6k6700290,,failed,0,0,,no_usable_pages,known,,,bpt6k6700290: no usable pages in manifest.,2026-07-17T20:31:21.103296
leconstitutionnel,bpt6k670030x,,failed,0,0,,no_usable_pages,known,,,bpt6k670030x: no usable pages in manifest.,2026-07-17T20:31:21.177606
leconstitutionnel,bpt6k6700319,,failed,0,0,,no_usable_pages,known,,,bpt6k6700319: no usable pages in manifest.,2026-07-17T20:31:21.280864
leconstitutionnel,bpt6k670032p,,failed,0,0,,no_usable_pages,known,,,bpt6k670032p: no usable pages in manifest.,2026-07-17T20:31:21.393606
leconstitutionnel,bpt6k6700332,,failed,0,0,,no_usable_pages,known,,,bpt6k6700332: no usable pages in manifest.,2026-07-17T20:31:21.484939
leconstitutionnel,bpt6k670034f,,failed,0,0,,no_usable_pages,known,,,bpt6k670034f: no usable pages in manifest.,2026-07-17T20:31:21.571725
leconstitutionnel,bpt6k670035t,,failed,0,0,,no_usable_pages,known,,,bpt6k670035t: no usable pages in manifest.,2026-07-17T20:31:21.624558
leconstitutionnel,bpt6k6700366,,failed,0,0,,no_usable_pages,known,,,bpt6k6700366: no usable pages in manifest.,2026-07-17T20:31:21.727833
leconstitutionnel,bpt6k670037k,,failed,0,0,,no_usable_pages,known,,,bpt6k670037k: no usable pages in manifest.,2026-07-17T20:31:21.824646
leconstitutionnel,bpt6k670038z,,failed,0,0,,no_usable_pages,known,,,bpt6k670038z: no usable pages in manifest.,2026-07-17T20:31:21.936731
leconstitutionnel,bpt6k670039b,,failed,0,0,,no_usable_pages,known,,,bpt6k670039b: no usable pages in manifest.,2026-07-17T20:31:22.032661
leconstitutionnel,bpt6k6700408,,failed,0,0,,no_usable_pages,known,,,bpt6k6700408: no usable pages in manifest.,2026-07-17T20:31:22.152104
leconstitutionnel,bpt6k670041n,,failed,0,0,,no_usable_pages,known,,,bpt6k670041n: no usable pages in manifest.,2026-07-17T20:31:22.243204
leconstitutionnel,bpt6k6700421,,failed,0,0,,no_usable_pages,known,,,bpt6k6700421: no usable pages in manifest.,2026-07-17T20:31:22.329990
leconstitutionnel,bpt6k670043d,,failed,0,0,,no_usable_pages,known,,,bpt6k670043d: no usable pages in manifest.,2026-07-17T20:31:22.442626
leconstitutionnel,bpt6k670044s,,failed,0,0,,no_usable_pages,known,,,bpt6k670044s: no usable pages in manifest.,2026-07-17T20:31:22.540437
leconstitutionnel,bpt6k6700455,,failed,0,0,,no_usable_pages,known,,,bpt6k6700455: no usable pages in manifest.,2026-07-17T20:31:22.660443
leconstitutionnel,bpt6k670046j,,failed,0,0,,no_usable_pages,known,,,bpt6k670046j: no usable pages in manifest.,2026-07-17T20:31:22.766401
leconstitutionnel,bpt6k670047x,,failed,0,0,,no_usable_pages,known,,,bpt6k670047x: no usable pages in manifest.,2026-07-17T20:31:22.842748
leconstitutionnel,bpt6k6700489,,failed,0,0,,no_usable_pages,known,,,bpt6k6700489: no usable pages in manifest.,2026-07-17T20:31:22.979317
leconstitutionnel,bpt6k670049p,,failed,0,0,,no_usable_pages,known,,,bpt6k670049p: no usable pages in manifest.,2026-07-17T20:31:23.085278
leconstitutionnel,bpt6k670050m,,failed,0,0,,no_usable_pages,known,,,bpt6k670050m: no usable pages in manifest.,2026-07-17T20:31:23.204028
leconstitutionnel,bpt6k6700510,,failed,0,0,,no_usable_pages,known,,,bpt6k6700510: no usable pages in manifest.,2026-07-17T20:31:23.297451
leconstitutionnel,bpt6k670052c,,failed,0,0,,no_usable_pages,known,,,bpt6k670052c: no usable pages in manifest.,2026-07-17T20:31:23.367541
leconstitutionnel,bpt6k670053r,,failed,0,0,,no_usable_pages,known,,,bpt6k670053r: no usable pages in manifest.,2026-07-17T20:31:23.441237
leconstitutionnel,bpt6k6700544,,failed,0,0,,no_usable_pages,known,,,bpt6k6700544: no usable pages in manifest.,2026-07-17T20:31:23.524875
leconstitutionnel,bpt6k670055h,,failed,0,0,,no_usable_pages,known,,,bpt6k670055h: no usable pages in manifest.,2026-07-17T20:31:23.607527
leconstitutionnel,bpt6k670056w,,failed,0,0,,no_usable_pages,known,,,bpt6k670056w: no usable pages in manifest.,2026-07-17T20:31:23.732578
leconstitutionnel,bpt6k6700578,,failed,0,0,,no_usable_pages,known,,,bpt6k6700578: no usable pages in manifest.,2026-07-17T20:31:23.897701
leconstitutionnel,bpt6k670058n,,failed,0,0,,no_usable_pages,known,,,bpt6k670058n: no usable pages in manifest.,2026-07-17T20:31:24.003050
leconstitutionnel,bpt6k6700591,,failed,0,0,,no_usable_pages,known,,,bpt6k6700591: no usable pages in manifest.,2026-07-17T20:31:24.109673
leconstitutionnel,bpt6k670060z,,failed,0,0,,no_usable_pages,known,,,bpt6k670060z: no usable pages in manifest.,2026-07-17T20:31:24.208515
leconstitutionnel,bpt6k670061b,,failed,0,0,,no_usable_pages,known,,,bpt6k670061b: no usable pages in manifest.,2026-07-17T20:31:24.299280
leconstitutionnel,bpt6k670062q,,failed,0,0,,no_usable_pages,known,,,bpt6k670062q: no usable pages in manifest.,2026-07-17T20:31:24.432517
leconstitutionnel,bpt6k6700633,,failed,0,0,,no_usable_pages,known,,,bpt6k6700633: no usable pages in manifest.,2026-07-17T20:31:24.533825
leconstitutionnel,bpt6k670064g,,failed,0,0,,no_usable_pages,known,,,bpt6k670064g: no usable pages in manifest.,2026-07-17T20:31:24.652806
leconstitutionnel,bpt6k670065v,,failed,0,0,,no_usable_pages,known,,,bpt6k670065v: no usable pages in manifest.,2026-07-17T20:31:24.750726
leconstitutionnel,bpt6k6700667,,failed,0,0,,no_usable_pages,known,,,bpt6k6700667: no usable pages in manifest.,2026-07-17T20:31:24.842232
leconstitutionnel,bpt6k670067m,,failed,0,0,,no_usable_pages,known,,,bpt6k670067m: no usable pages in manifest.,2026-07-17T20:31:24.930872
leconstitutionnel,bpt6k6700680,,failed,0,0,,no_usable_pages,known,,,bpt6k6700680: no usable pages in manifest.,2026-07-17T20:31:24.996489
leconstitutionnel,bpt6k670069c,,failed,0,0,,no_usable_pages,known,,,bpt6k670069c: no usable pages in manifest.,2026-07-17T20:31:25.076463
leconstitutionnel,bpt6k6700709,,failed,0,0,,no_usable_pages,known,,,bpt6k6700709: no usable pages in manifest.,2026-07-17T20:31:25.188204
leconstitutionnel,bpt6k670071p,,failed,0,0,,no_usable_pages,known,,,bpt6k670071p: no usable pages in manifest.,2026-07-17T20:31:25.271858
leconstitutionnel,bpt6k6700722,,failed,0,0,,no_usable_pages,known,,,bpt6k6700722: no usable pages in manifest.,2026-07-17T20:31:25.346443
leconstitutionnel,bpt6k670073f,,failed,0,0,,no_usable_pages,known,,,bpt6k670073f: no usable pages in manifest.,2026-07-17T20:31:25.414930
leconstitutionnel,bpt6k670074t,,failed,0,0,,no_usable_pages,known,,,bpt6k670074t: no usable pages in manifest.,2026-07-17T20:31:25.497609
leconstitutionnel,bpt6k6700756,,failed,0,0,,no_usable_pages,known,,,bpt6k6700756: no usable pages in manifest.,2026-07-17T20:31:25.603275
leconstitutionnel,bpt6k670076k,,failed,0,0,,no_usable_pages,known,,,bpt6k670076k: no usable pages in manifest.,2026-07-17T20:31:25.704176
leconstitutionnel,bpt6k670077z,,failed,0,0,,no_usable_pages,known,,,bpt6k670077z: no usable pages in manifest.,2026-07-17T20:31:25.803274
leconstitutionnel,bpt6k670078b,,failed,0,0,,no_usable_pages,known,,,bpt6k670078b: no usable pages in manifest.,2026-07-17T20:31:25.896259
leconstitutionnel,bpt6k670079q,,failed,0,0,,no_usable_pages,known,,,bpt6k670079q: no usable pages in manifest.,2026-07-17T20:31:26.055878
leconstitutionnel,bpt6k670080n,,failed,0,0,,no_usable_pages,known,,,bpt6k670080n: no usable pages in manifest.,2026-07-17T20:31:26.175356
leconstitutionnel,bpt6k6700811,,failed,0,0,,no_usable_pages,known,,,bpt6k6700811: no usable pages in manifest.,2026-07-17T20:31:26.254039
leconstitutionnel,bpt6k670082d,,failed,0,0,,no_usable_pages,known,,,bpt6k670082d: no usable pages in manifest.,2026-07-17T20:31:26.363426
leconstitutionnel,bpt6k670083s,,failed,0,0,,no_usable_pages,known,,,bpt6k670083s: no usable pages in manifest.,2026-07-17T20:31:26.420791
leconstitutionnel,bpt6k6700845,,failed,0,0,,no_usable_pages,known,,,bpt6k6700845: no usable pages in manifest.,2026-07-17T20:31:26.492469
leconstitutionnel,bpt6k670085j,,failed,0,0,,no_usable_pages,known,,,bpt6k670085j: no usable pages in manifest.,2026-07-17T20:31:26.566715
leconstitutionnel,bpt6k670086x,,failed,0,0,,no_usable_pages,known,,,bpt6k670086x: no usable pages in manifest.,2026-07-17T20:31:26.674559
leconstitutionnel,bpt6k6700879,,failed,0,0,,no_usable_pages,known,,,bpt6k6700879: no usable pages in manifest.,2026-07-17T20:31:26.774167
leconstitutionnel,bpt6k670088p,,failed,0,0,,no_usable_pages,known,,,bpt6k670088p: no usable pages in manifest.,2026-07-17T20:31:26.890473
leconstitutionnel,bpt6k6700892,,failed,0,0,,no_usable_pages,known,,,bpt6k6700892: no usable pages in manifest.,2026-07-17T20:31:26.985740
leconstitutionnel,bpt6k6700900,,failed,0,0,,no_usable_pages,known,,,bpt6k6700900: no usable pages in manifest.,2026-07-17T20:31:27.075544
leconstitutionnel,bpt6k670091c,,failed,0,0,,no_usable_pages,known,,,bpt6k670091c: no usable pages in manifest.,2026-07-17T20:31:27.150624
leconstitutionnel,bpt6k670092r,,failed,0,0,,no_usable_pages,known,,,bpt6k670092r: no usable pages in manifest.,2026-07-17T20:31:27.227309
leconstitutionnel,bpt6k6700934,,failed,0,0,,no_usable_pages,known,,,bpt6k6700934: no usable pages in manifest.,2026-07-17T20:31:27.298802
leconstitutionnel,bpt6k670094h,,failed,0,0,,no_usable_pages,known,,,bpt6k670094h: no usable pages in manifest.,2026-07-17T20:31:27.383589
leconstitutionnel,bpt6k670095w,,failed,0,0,,no_usable_pages,known,,,bpt6k670095w: no usable pages in manifest.,2026-07-17T20:31:27.451361
leconstitutionnel,bpt6k6700968,,failed,0,0,,no_usable_pages,known,,,bpt6k6700968: no usable pages in manifest.,2026-07-17T20:31:27.560614
leconstitutionnel,bpt6k670097n,,failed,0,0,,no_usable_pages,known,,,bpt6k670097n: no usable pages in manifest.,2026-07-17T20:31:27.787811
leconstitutionnel,bpt6k6700981,,failed,0,0,,no_usable_pages,known,,,bpt6k6700981: no usable pages in manifest.,2026-07-17T20:31:27.899997
leconstitutionnel,bpt6k670099d,,failed,0,0,,no_usable_pages,known,,,bpt6k670099d: no usable pages in manifest.,2026-07-17T20:31:27.987655
leconstitutionnel,bpt6k6701006,,failed,0,0,,no_usable_pages,known,,,bpt6k6701006: no usable pages in manifest.,2026-07-17T20:31:28.052220
leconstitutionnel,bpt6k670101k,,failed,0,0,,no_usable_pages,known,,,bpt6k670101k: no usable pages in manifest.,2026-07-17T20:31:28.119155
leconstitutionnel,bpt6k670102z,,failed,0,0,,no_usable_pages,known,,,bpt6k670102z: no usable pages in manifest.,2026-07-17T20:31:28.201424
leconstitutionnel,bpt6k670103b,,failed,0,0,,no_usable_pages,known,,,bpt6k670103b: no usable pages in manifest.,2026-07-17T20:31:28.301967
leconstitutionnel,bpt6k670104q,,failed,0,0,,no_usable_pages,known,,,bpt6k670104q: no usable pages in manifest.,2026-07-17T20:31:28.419469
leconstitutionnel,bpt6k6701053,,failed,0,0,,no_usable_pages,known,,,bpt6k6701053: no usable pages in manifest.,2026-07-17T20:31:28.484522
leconstitutionnel,bpt6k670106g,,failed,0,0,,no_usable_pages,known,,,bpt6k670106g: no usable pages in manifest.,2026-07-17T20:31:28.549294
leconstitutionnel,bpt6k670107v,,failed,0,0,,no_usable_pages,known,,,bpt6k670107v: no usable pages in manifest.,2026-07-17T20:31:28.617149
leconstitutionnel,bpt6k6701087,,failed,0,0,,no_usable_pages,known,,,bpt6k6701087: no usable pages in manifest.,2026-07-17T20:31:28.685130
leconstitutionnel,bpt6k670109m,,failed,0,0,,no_usable_pages,known,,,bpt6k670109m: no usable pages in manifest.,2026-07-17T20:31:28.774243
leconstitutionnel,bpt6k670110j,,failed,0,0,,no_usable_pages,known,,,bpt6k670110j: no usable pages in manifest.,2026-07-17T20:31:28.847556
leconstitutionnel,bpt6k670111x,,failed,0,0,,no_usable_pages,known,,,bpt6k670111x: no usable pages in manifest.,2026-07-17T20:31:28.926078
leconstitutionnel,bpt6k6701129,,failed,0,0,,no_usable_pages,known,,,bpt6k6701129: no usable pages in manifest.,2026-07-17T20:31:29.049743
leconstitutionnel,bpt6k670113p,,failed,0,0,,no_usable_pages,known,,,bpt6k670113p: no usable pages in manifest.,2026-07-17T20:31:29.198338
leconstitutionnel,bpt6k6701142,,failed,0,0,,no_usable_pages,known,,,bpt6k6701142: no usable pages in manifest.,2026-07-17T20:31:29.290103
leconstitutionnel,bpt6k670115f,,failed,0,0,,no_usable_pages,known,,,bpt6k670115f: no usable pages in manifest.,2026-07-17T20:31:29.387153
leconstitutionnel,bpt6k670116t,,failed,0,0,,no_usable_pages,known,,,bpt6k670116t: no usable pages in manifest.,2026-07-17T20:31:29.484464
leconstitutionnel,bpt6k6701176,,failed,0,0,,no_usable_pages,known,,,bpt6k6701176: no usable pages in manifest.,2026-07-17T20:31:29.570304
leconstitutionnel,bpt6k670118k,,failed,0,0,,no_usable_pages,known,,,bpt6k670118k: no usable pages in manifest.,2026-07-17T20:31:29.653185
leconstitutionnel,bpt6k670119z,,failed,0,0,,no_usable_pages,known,,,bpt6k670119z: no usable pages in manifest.,2026-07-17T20:31:29.721552
leconstitutionnel,bpt6k670120w,,failed,0,0,,no_usable_pages,known,,,bpt6k670120w: no usable pages in manifest.,2026-07-17T20:31:29.796613
leconstitutionnel,bpt6k6701218,,failed,0,0,,no_usable_pages,known,,,bpt6k6701218: no usable pages in manifest.,2026-07-17T20:31:29.878727
leconstitutionnel,bpt6k670122n,,failed,0,0,,no_usable_pages,known,,,bpt6k670122n: no usable pages in manifest.,2026-07-17T20:31:29.986174
leconstitutionnel,bpt6k6701231,,failed,0,0,,no_usable_pages,known,,,bpt6k6701231: no usable pages in manifest.,2026-07-17T20:31:30.103215
leconstitutionnel,bpt6k670124d,,failed,0,0,,no_usable_pages,known,,,bpt6k670124d: no usable pages in manifest.,2026-07-17T20:31:30.199981
leconstitutionnel,bpt6k670125s,,failed,0,0,,no_usable_pages,known,,,bpt6k670125s: no usable pages in manifest.,2026-07-17T20:31:30.250033
leconstitutionnel,bpt6k6701265,,failed,0,0,,no_usable_pages,known,,,bpt6k6701265: no usable pages in manifest.,2026-07-17T20:31:30.331144
leconstitutionnel,bpt6k670127j,,failed,0,0,,no_usable_pages,known,,,bpt6k670127j: no usable pages in manifest.,2026-07-17T20:31:30.408133
leconstitutionnel,bpt6k670128x,,failed,0,0,,no_usable_pages,known,,,bpt6k670128x: no usable pages in manifest.,2026-07-17T20:31:30.483085
leconstitutionnel,bpt6k6701299,,failed,0,0,,no_usable_pages,known,,,bpt6k6701299: no usable pages in manifest.,2026-07-17T20:31:30.613224
leconstitutionnel,bpt6k6701307,,failed,0,0,,no_usable_pages,known,,,bpt6k6701307: no usable pages in manifest.,2026-07-17T20:31:30.753956
leconstitutionnel,bpt6k670131m,,failed,0,0,,no_usable_pages,known,,,bpt6k670131m: no usable pages in manifest.,2026-07-17T20:31:30.843208
leconstitutionnel,bpt6k6701320,,failed,0,0,,no_usable_pages,known,,,bpt6k6701320: no usable pages in manifest.,2026-07-17T20:31:30.913016
leconstitutionnel,bpt6k670133c,,failed,0,0,,no_usable_pages,known,,,bpt6k670133c: no usable pages in manifest.,2026-07-17T20:31:31.040917
leconstitutionnel,bpt6k670134r,,failed,0,0,,no_usable_pages,known,,,bpt6k670134r: no usable pages in manifest.,2026-07-17T20:31:31.143655
leconstitutionnel,bpt6k6701354,,failed,0,0,,no_usable_pages,known,,,bpt6k6701354: no usable pages in manifest.,2026-07-17T20:31:31.226155
leconstitutionnel,bpt6k670136h,,failed,0,0,,no_usable_pages,known,,,bpt6k670136h: no usable pages in manifest.,2026-07-17T20:31:31.308105
leconstitutionnel,bpt6k670137w,,failed,0,0,,no_usable_pages,known,,,bpt6k670137w: no usable pages in manifest.,2026-07-17T20:31:31.424651
leconstitutionnel,bpt6k6701388,,failed,0,0,,no_usable_pages,known,,,bpt6k6701388: no usable pages in manifest.,2026-07-17T20:31:31.541035
leconstitutionnel,bpt6k670139n,,failed,0,0,,no_usable_pages,known,,,bpt6k670139n: no usable pages in manifest.,2026-07-17T20:31:31.623512
leconstitutionnel,bpt6k670140k,,failed,0,0,,no_usable_pages,known,,,bpt6k670140k: no usable pages in manifest.,2026-07-17T20:31:31.686372
leconstitutionnel,bpt6k670141z,,failed,0,0,,no_usable_pages,known,,,bpt6k670141z: no usable pages in manifest.,2026-07-17T20:31:31.801572
leconstitutionnel,bpt6k670142b,,failed,0,0,,no_usable_pages,known,,,bpt6k670142b: no usable pages in manifest.,2026-07-17T20:31:31.888680
leconstitutionnel,bpt6k670143q,,failed,0,0,,no_usable_pages,known,,,bpt6k670143q: no usable pages in manifest.,2026-07-17T20:31:31.967943
leconstitutionnel,bpt6k6701443,,failed,0,0,,no_usable_pages,known,,,bpt6k6701443: no usable pages in manifest.,2026-07-17T20:31:32.097349
leconstitutionnel,bpt6k670145g,,failed,0,0,,no_usable_pages,known,,,bpt6k670145g: no usable pages in manifest.,2026-07-17T20:31:32.227655
leconstitutionnel,bpt6k670146v,,failed,0,0,,no_usable_pages,known,,,bpt6k670146v: no usable pages in manifest.,2026-07-17T20:31:32.311704
leconstitutionnel,bpt6k6701477,,failed,0,0,,no_usable_pages,known,,,bpt6k6701477: no usable pages in manifest.,2026-07-17T20:31:32.397320
leconstitutionnel,bpt6k670148m,,failed,0,0,,no_usable_pages,known,,,bpt6k670148m: no usable pages in manifest.,2026-07-17T20:31:32.507343
leconstitutionnel,bpt6k6701490,,failed,0,0,,no_usable_pages,known,,,bpt6k6701490: no usable pages in manifest.,2026-07-17T20:31:32.633339
leconstitutionnel,bpt6k670150x,,failed,0,0,,no_usable_pages,known,,,bpt6k670150x: no usable pages in manifest.,2026-07-17T20:31:32.766364
leconstitutionnel,bpt6k6701519,,failed,0,0,,no_usable_pages,known,,,bpt6k6701519: no usable pages in manifest.,2026-07-17T20:31:32.862006
leconstitutionnel,bpt6k670152p,,failed,0,0,,no_usable_pages,known,,,bpt6k670152p: no usable pages in manifest.,2026-07-17T20:31:32.945673
leconstitutionnel,bpt6k6701532,,failed,0,0,,no_usable_pages,known,,,bpt6k6701532: no usable pages in manifest.,2026-07-17T20:31:33.035566
leconstitutionnel,bpt6k670154f,,failed,0,0,,no_usable_pages,known,,,bpt6k670154f: no usable pages in manifest.,2026-07-17T20:31:33.129369
leconstitutionnel,bpt6k670155t,,failed,0,0,,no_usable_pages,known,,,bpt6k670155t: no usable pages in manifest.,2026-07-17T20:31:33.218271
leconstitutionnel,bpt6k6701566,,failed,0,0,,no_usable_pages,known,,,bpt6k6701566: no usable pages in manifest.,2026-07-17T20:31:33.291215
leconstitutionnel,bpt6k670157k,,failed,0,0,,no_usable_pages,known,,,bpt6k670157k: no usable pages in manifest.,2026-07-17T20:31:33.369065
leconstitutionnel,bpt6k670158z,,failed,0,0,,no_usable_pages,known,,,bpt6k670158z: no usable pages in manifest.,2026-07-17T20:31:33.444361
leconstitutionnel,bpt6k670159b,,failed,0,0,,no_usable_pages,known,,,bpt6k670159b: no usable pages in manifest.,2026-07-17T20:31:33.683884
leconstitutionnel,bpt6k6701608,,failed,0,0,,no_usable_pages,known,,,bpt6k6701608: no usable pages in manifest.,2026-07-17T20:31:33.798025
leconstitutionnel,bpt6k670161n,,failed,0,0,,no_usable_pages,known,,,bpt6k670161n: no usable pages in manifest.,2026-07-17T20:31:33.887662
leconstitutionnel,bpt6k6701621,,failed,0,0,,no_usable_pages,known,,,bpt6k6701621: no usable pages in manifest.,2026-07-17T20:31:33.973511
leconstitutionnel,bpt6k670163d,,failed,0,0,,no_usable_pages,known,,,bpt6k670163d: no usable pages in manifest.,2026-07-17T20:31:34.055036
leconstitutionnel,bpt6k670164s,,failed,0,0,,no_usable_pages,known,,,bpt6k670164s: no usable pages in manifest.,2026-07-17T20:31:34.148029
leconstitutionnel,bpt6k6701655,,failed,0,0,,no_usable_pages,known,,,bpt6k6701655: no usable pages in manifest.,2026-07-17T20:31:34.255908
leconstitutionnel,bpt6k670166j,,failed,0,0,,no_usable_pages,known,,,bpt6k670166j: no usable pages in manifest.,2026-07-17T20:31:34.330138
leconstitutionnel,bpt6k670167x,,failed,0,0,,no_usable_pages,known,,,bpt6k670167x: no usable pages in manifest.,2026-07-17T20:31:34.420405
leconstitutionnel,bpt6k6701689,,failed,0,0,,no_usable_pages,known,,,bpt6k6701689: no usable pages in manifest.,2026-07-17T20:31:34.501480
leconstitutionnel,bpt6k670169p,,failed,0,0,,no_usable_pages,known,,,bpt6k670169p: no usable pages in manifest.,2026-07-17T20:31:34.578901
leconstitutionnel,bpt6k670170m,,failed,0,0,,no_usable_pages,known,,,bpt6k670170m: no usable pages in manifest.,2026-07-17T20:31:34.687819
leconstitutionnel,bpt6k6701710,,failed,0,0,,no_usable_pages,known,,,bpt6k6701710: no usable pages in manifest.,2026-07-17T20:31:34.759622
leconstitutionnel,bpt6k670172c,,failed,0,0,,no_usable_pages,known,,,bpt6k670172c: no usable pages in manifest.,2026-07-17T20:31:34.883047
leconstitutionnel,bpt6k670173r,,failed,0,0,,no_usable_pages,known,,,bpt6k670173r: no usable pages in manifest.,2026-07-17T20:31:34.969094
leconstitutionnel,bpt6k6701744,,failed,0,0,,no_usable_pages,known,,,bpt6k6701744: no usable pages in manifest.,2026-07-17T20:31:35.045120
leconstitutionnel,bpt6k670175h,,failed,0,0,,no_usable_pages,known,,,bpt6k670175h: no usable pages in manifest.,2026-07-17T20:31:35.273457
leconstitutionnel,bpt6k670176w,,failed,0,0,,no_usable_pages,known,,,bpt6k670176w: no usable pages in manifest.,2026-07-17T20:31:35.418543
leconstitutionnel,bpt6k6701778,,failed,0,0,,no_usable_pages,known,,,bpt6k6701778: no usable pages in manifest.,2026-07-17T20:31:35.506649
leconstitutionnel,bpt6k670178n,,failed,0,0,,no_usable_pages,known,,,bpt6k670178n: no usable pages in manifest.,2026-07-17T20:31:35.612292
leconstitutionnel,bpt6k6701791,,failed,0,0,,no_usable_pages,known,,,bpt6k6701791: no usable pages in manifest.,2026-07-17T20:31:35.701214
leconstitutionnel,bpt6k670180z,,failed,0,0,,no_usable_pages,known,,,bpt6k670180z: no usable pages in manifest.,2026-07-17T20:31:35.769584
leconstitutionnel,bpt6k670181b,,failed,0,0,,no_usable_pages,known,,,bpt6k670181b: no usable pages in manifest.,2026-07-17T20:31:35.883598
leconstitutionnel,bpt6k670182q,,failed,0,0,,no_usable_pages,known,,,bpt6k670182q: no usable pages in manifest.,2026-07-17T20:31:35.967222
leconstitutionnel,bpt6k6701833,,failed,0,0,,no_usable_pages,known,,,bpt6k6701833: no usable pages in manifest.,2026-07-17T20:31:36.034951
leconstitutionnel,bpt6k670184g,,failed,0,0,,no_usable_pages,known,,,bpt6k670184g: no usable pages in manifest.,2026-07-17T20:31:36.153908
leconstitutionnel,bpt6k670185v,,failed,0,0,,no_usable_pages,known,,,bpt6k670185v: no usable pages in manifest.,2026-07-17T20:31:36.251999
leconstitutionnel,bpt6k6701867,,failed,0,0,,no_usable_pages,known,,,bpt6k6701867: no usable pages in manifest.,2026-07-17T20:31:36.342028
leconstitutionnel,bpt6k670187m,,failed,0,0,,no_usable_pages,known,,,bpt6k670187m: no usable pages in manifest.,2026-07-17T20:31:36.445536
leconstitutionnel,bpt6k6701880,,failed,0,0,,no_usable_pages,known,,,bpt6k6701880: no usable pages in manifest.,2026-07-17T20:31:36.515127
leconstitutionnel,bpt6k670189c,,failed,0,0,,no_usable_pages,known,,,bpt6k670189c: no usable pages in manifest.,2026-07-17T20:31:36.596299
leconstitutionnel,bpt6k6701909,,failed,0,0,,no_usable_pages,known,,,bpt6k6701909: no usable pages in manifest.,2026-07-17T20:31:36.724135
leconstitutionnel,bpt6k670191p,,failed,0,0,,no_usable_pages,known,,,bpt6k670191p: no usable pages in manifest.,2026-07-17T20:31:36.834940
leconstitutionnel,bpt6k6701922,,failed,0,0,,no_usable_pages,known,,,bpt6k6701922: no usable pages in manifest.,2026-07-17T20:31:36.944969
leconstitutionnel,bpt6k670193f,,failed,0,0,,no_usable_pages,known,,,bpt6k670193f: no usable pages in manifest.,2026-07-17T20:31:37.027153
leconstitutionnel,bpt6k670194t,,failed,0,0,,no_usable_pages,known,,,bpt6k670194t: no usable pages in manifest.,2026-07-17T20:31:37.109320
leconstitutionnel,bpt6k6701956,,failed,0,0,,no_usable_pages,known,,,bpt6k6701956: no usable pages in manifest.,2026-07-17T20:31:37.182744
leconstitutionnel,bpt6k670196k,,failed,0,0,,no_usable_pages,known,,,bpt6k670196k: no usable pages in manifest.,2026-07-17T20:31:37.306321
leconstitutionnel,bpt6k670197z,,failed,0,0,,no_usable_pages,known,,,bpt6k670197z: no usable pages in manifest.,2026-07-17T20:31:37.380279
leconstitutionnel,bpt6k670198b,,failed,0,0,,no_usable_pages,known,,,bpt6k670198b: no usable pages in manifest.,2026-07-17T20:31:37.459641
leconstitutionnel,bpt6k670199q,,failed,0,0,,no_usable_pages,known,,,bpt6k670199q: no usable pages in manifest.,2026-07-17T20:31:37.529171
leconstitutionnel,bpt6k670200h,,failed,0,0,,no_usable_pages,known,,,bpt6k670200h: no usable pages in manifest.,2026-07-17T20:31:37.607910
leconstitutionnel,bpt6k670201w,,failed,0,0,,no_usable_pages,known,,,bpt6k670201w: no usable pages in manifest.,2026-07-17T20:31:37.696293
leconstitutionnel,bpt6k6702028,,failed,0,0,,no_usable_pages,known,,,bpt6k6702028: no usable pages in manifest.,2026-07-17T20:31:37.805015
leconstitutionnel,bpt6k670203n,,failed,0,0,,no_usable_pages,known,,,bpt6k670203n: no usable pages in manifest.,2026-07-17T20:31:37.890271
leconstitutionnel,bpt6k6702041,,failed,0,0,,no_usable_pages,known,,,bpt6k6702041: no usable pages in manifest.,2026-07-17T20:31:37.977356
leconstitutionnel,bpt6k670205d,,failed,0,0,,no_usable_pages,known,,,bpt6k670205d: no usable pages in manifest.,2026-07-17T20:31:38.059502
leconstitutionnel,bpt6k670206s,,failed,0,0,,no_usable_pages,known,,,bpt6k670206s: no usable pages in manifest.,2026-07-17T20:31:38.314717
leconstitutionnel,bpt6k6702075,,failed,0,0,,no_usable_pages,known,,,bpt6k6702075: no usable pages in manifest.,2026-07-17T20:31:38.432969
leconstitutionnel,bpt6k670208j,,failed,0,0,,no_usable_pages,known,,,bpt6k670208j: no usable pages in manifest.,2026-07-17T20:31:38.530037
leconstitutionnel,bpt6k670209x,,failed,0,0,,no_usable_pages,known,,,bpt6k670209x: no usable pages in manifest.,2026-07-17T20:31:38.613205
leconstitutionnel,bpt6k670210v,,failed,0,0,,no_usable_pages,known,,,bpt6k670210v: no usable pages in manifest.,2026-07-17T20:31:38.680983
leconstitutionnel,bpt6k6702117,,failed,0,0,,no_usable_pages,known,,,bpt6k6702117: no usable pages in manifest.,2026-07-17T20:31:38.756646
leconstitutionnel,bpt6k670212m,,failed,0,0,,no_usable_pages,known,,,bpt6k670212m: no usable pages in manifest.,2026-07-17T20:31:38.835087
leconstitutionnel,bpt6k6702130,,failed,0,0,,no_usable_pages,known,,,bpt6k6702130: no usable pages in manifest.,2026-07-17T20:31:38.918462
leconstitutionnel,bpt6k670214c,,failed,0,0,,no_usable_pages,known,,,bpt6k670214c: no usable pages in manifest.,2026-07-17T20:31:39.015385
leconstitutionnel,bpt6k670215r,,failed,0,0,,no_usable_pages,known,,,bpt6k670215r: no usable pages in manifest.,2026-07-17T20:31:39.100833
leconstitutionnel,bpt6k6702164,,failed,0,0,,no_usable_pages,known,,,bpt6k6702164: no usable pages in manifest.,2026-07-17T20:31:39.155979
leconstitutionnel,bpt6k670217h,,failed,0,0,,no_usable_pages,known,,,bpt6k670217h: no usable pages in manifest.,2026-07-17T20:31:39.235148
leconstitutionnel,bpt6k670218w,,failed,0,0,,no_usable_pages,known,,,bpt6k670218w: no usable pages in manifest.,2026-07-17T20:31:39.329747
leconstitutionnel,bpt6k6702198,,failed,0,0,,no_usable_pages,known,,,bpt6k6702198: no usable pages in manifest.,2026-07-17T20:31:39.434216
leconstitutionnel,bpt6k6702206,,failed,0,0,,no_usable_pages,known,,,bpt6k6702206: no usable pages in manifest.,2026-07-17T20:31:39.528239
leconstitutionnel,bpt6k670221k,,failed,0,0,,no_usable_pages,known,,,bpt6k670221k: no usable pages in manifest.,2026-07-17T20:31:39.617422
leconstitutionnel,bpt6k670222z,,failed,0,0,,no_usable_pages,known,,,bpt6k670222z: no usable pages in manifest.,2026-07-17T20:31:39.706777
leconstitutionnel,bpt6k670223b,,failed,0,0,,no_usable_pages,known,,,bpt6k670223b: no usable pages in manifest.,2026-07-17T20:31:39.828992
leconstitutionnel,bpt6k670224q,,failed,0,0,,no_usable_pages,known,,,bpt6k670224q: no usable pages in manifest.,2026-07-17T20:31:39.906453
leconstitutionnel,bpt6k6702253,,failed,0,0,,no_usable_pages,known,,,bpt6k6702253: no usable pages in manifest.,2026-07-17T20:31:39.983879
leconstitutionnel,bpt6k670226g,,failed,0,0,,no_usable_pages,known,,,bpt6k670226g: no usable pages in manifest.,2026-07-17T20:31:40.072018
leconstitutionnel,bpt6k670227v,,failed,0,0,,no_usable_pages,known,,,bpt6k670227v: no usable pages in manifest.,2026-07-17T20:31:40.171910
leconstitutionnel,bpt6k6702287,,failed,0,0,,no_usable_pages,known,,,bpt6k6702287: no usable pages in manifest.,2026-07-17T20:31:40.243568
leconstitutionnel,bpt6k670229m,,failed,0,0,,no_usable_pages,known,,,bpt6k670229m: no usable pages in manifest.,2026-07-17T20:31:40.303099
leconstitutionnel,bpt6k670230j,,failed,0,0,,no_usable_pages,known,,,bpt6k670230j: no usable pages in manifest.,2026-07-17T20:31:40.386641
leconstitutionnel,bpt6k670231x,,failed,0,0,,no_usable_pages,known,,,bpt6k670231x: no usable pages in manifest.,2026-07-17T20:31:40.486296
leconstitutionnel,bpt6k6702329,,failed,0,0,,no_usable_pages,known,,,bpt6k6702329: no usable pages in manifest.,2026-07-17T20:31:40.574123
leconstitutionnel,bpt6k670233p,,failed,0,0,,no_usable_pages,known,,,bpt6k670233p: no usable pages in manifest.,2026-07-17T20:31:40.670255
leconstitutionnel,bpt6k6702342,,failed,0,0,,no_usable_pages,known,,,bpt6k6702342: no usable pages in manifest.,2026-07-17T20:31:40.752201
leconstitutionnel,bpt6k670235f,,failed,0,0,,no_usable_pages,known,,,bpt6k670235f: no usable pages in manifest.,2026-07-17T20:31:40.832897
leconstitutionnel,bpt6k670236t,,failed,0,0,,no_usable_pages,known,,,bpt6k670236t: no usable pages in manifest.,2026-07-17T20:31:40.907149
leconstitutionnel,bpt6k670660t,,failed,0,0,,no_usable_pages,known,,,bpt6k670660t: no usable pages in manifest.,2026-07-17T20:31:40.993364
leconstitutionnel,bpt6k6706616,,failed,0,0,,no_usable_pages,known,,,bpt6k6706616: no usable pages in manifest.,2026-07-17T20:31:41.077428
leconstitutionnel,bpt6k670662k,,failed,0,0,,no_usable_pages,known,,,bpt6k670662k: no usable pages in manifest.,2026-07-17T20:31:41.155391
leconstitutionnel,bpt6k670663z,,failed,0,0,,no_usable_pages,known,,,bpt6k670663z: no usable pages in manifest.,2026-07-17T20:31:41.246426
leconstitutionnel,bpt6k670664b,,failed,0,0,,no_usable_pages,known,,,bpt6k670664b: no usable pages in manifest.,2026-07-17T20:31:41.313409
leconstitutionnel,bpt6k670665q,,failed,0,0,,no_usable_pages,known,,,bpt6k670665q: no usable pages in manifest.,2026-07-17T20:31:41.430222
leconstitutionnel,bpt6k6706663,,failed,0,0,,no_usable_pages,known,,,bpt6k6706663: no usable pages in manifest.,2026-07-17T20:31:41.539338
leconstitutionnel,bpt6k670667g,,failed,0,0,,no_usable_pages,known,,,bpt6k670667g: no usable pages in manifest.,2026-07-17T20:31:41.666776
leconstitutionnel,bpt6k670668v,,failed,0,0,,no_usable_pages,known,,,bpt6k670668v: no usable pages in manifest.,2026-07-17T20:31:41.742078
leconstitutionnel,bpt6k6706697,,failed,0,0,,no_usable_pages,known,,,bpt6k6706697: no usable pages in manifest.,2026-07-17T20:31:41.819202
leconstitutionnel,bpt6k6706705,,failed,0,0,,no_usable_pages,known,,,bpt6k6706705: no usable pages in manifest.,2026-07-17T20:31:41.898618
leconstitutionnel,bpt6k670671j,,failed,0,0,,no_usable_pages,known,,,bpt6k670671j: no usable pages in manifest.,2026-07-17T20:31:41.955163
leconstitutionnel,bpt6k670672x,,failed,0,0,,no_usable_pages,known,,,bpt6k670672x: no usable pages in manifest.,2026-07-17T20:31:42.024574
leconstitutionnel,bpt6k670674p,,failed,0,0,,no_usable_pages,known,,,bpt6k670674p: no usable pages in manifest.,2026-07-17T20:31:42.108756
leconstitutionnel,bpt6k6706752,,failed,0,0,,no_usable_pages,known,,,bpt6k6706752: no usable pages in manifest.,2026-07-17T20:31:42.200280
leconstitutionnel,bpt6k670676f,,failed,0,0,,no_usable_pages,known,,,bpt6k670676f: no usable pages in manifest.,2026-07-17T20:31:42.286348
leconstitutionnel,bpt6k670714x,,failed,0,0,,no_usable_pages,known,,,bpt6k670714x: no usable pages in manifest.,2026-07-17T20:31:42.369092
leconstitutionnel,bpt6k670796f,,failed,0,0,,no_usable_pages,known,,,bpt6k670796f: no usable pages in manifest.,2026-07-17T20:31:42.476596
leconstitutionnel,bpt6k670797t,,failed,0,0,,no_usable_pages,known,,,bpt6k670797t: no usable pages in manifest.,2026-07-17T20:31:42.623572
leconstitutionnel,bpt6k6707986,,failed,0,0,,no_usable_pages,known,,,bpt6k6707986: no usable pages in manifest.,2026-07-17T20:31:42.756884
leconstitutionnel,bpt6k670799k,,failed,0,0,,no_usable_pages,known,,,bpt6k670799k: no usable pages in manifest.,2026-07-17T20:31:42.876229
leconstitutionnel,bpt6k670800c,,failed,0,0,,no_usable_pages,known,,,bpt6k670800c: no usable pages in manifest.,2026-07-17T20:31:43.131277
leconstitutionnel,bpt6k670801r,,failed,0,0,,no_usable_pages,known,,,bpt6k670801r: no usable pages in manifest.,2026-07-17T20:31:43.229409
leconstitutionnel,bpt6k6708024,,failed,0,0,,no_usable_pages,known,,,bpt6k6708024: no usable pages in manifest.,2026-07-17T20:31:43.303119
leconstitutionnel,bpt6k670815m,,failed,0,0,,no_usable_pages,known,,,bpt6k670815m: no usable pages in manifest.,2026-07-17T20:31:43.388587
leconstitutionnel,bpt6k6708160,,failed,0,0,,no_usable_pages,known,,,bpt6k6708160: no usable pages in manifest.,2026-07-17T20:31:43.477864
leconstitutionnel,bpt6k670817c,,failed,0,0,,no_usable_pages,known,,,bpt6k670817c: no usable pages in manifest.,2026-07-17T20:31:43.550953
leconstitutionnel,bpt6k670818r,,failed,0,0,,no_usable_pages,known,,,bpt6k670818r: no usable pages in manifest.,2026-07-17T20:31:43.661694
leconstitutionnel,bpt6k6708194,,failed,0,0,,no_usable_pages,known,,,bpt6k6708194: no usable pages in manifest.,2026-07-17T20:31:43.774902
leconstitutionnel,bpt6k6708202,,failed,0,0,,no_usable_pages,known,,,bpt6k6708202: no usable pages in manifest.,2026-07-17T20:31:43.866003
leconstitutionnel,bpt6k670821f,,failed,0,0,,no_usable_pages,known,,,bpt6k670821f: no usable pages in manifest.,2026-07-17T20:31:43.945348
leconstitutionnel,bpt6k670822t,,failed,0,0,,no_usable_pages,known,,,bpt6k670822t: no usable pages in manifest.,2026-07-17T20:31:44.026741
leconstitutionnel,bpt6k6708236,,failed,0,0,,no_usable_pages,known,,,bpt6k6708236: no usable pages in manifest.,2026-07-17T20:31:44.105264
leconstitutionnel,bpt6k670824k,,failed,0,0,,no_usable_pages,known,,,bpt6k670824k: no usable pages in manifest.,2026-07-17T20:31:44.202035
leconstitutionnel,bpt6k670825z,,failed,0,0,,no_usable_pages,known,,,bpt6k670825z: no usable pages in manifest.,2026-07-17T20:31:44.333572
leconstitutionnel,bpt6k670826b,,failed,0,0,,no_usable_pages,known,,,bpt6k670826b: no usable pages in manifest.,2026-07-17T20:31:44.435089
leconstitutionnel,bpt6k670827q,,failed,0,0,,no_usable_pages,known,,,bpt6k670827q: no usable pages in manifest.,2026-07-17T20:31:44.592734
leconstitutionnel,bpt6k6708283,,failed,0,0,,no_usable_pages,known,,,bpt6k6708283: no usable pages in manifest.,2026-07-17T20:31:44.839919
leconstitutionnel,bpt6k670829g,,failed,0,0,,no_usable_pages,known,,,bpt6k670829g: no usable pages in manifest.,2026-07-17T20:31:44.925293
leconstitutionnel,bpt6k670830d,,failed,0,0,,no_usable_pages,known,,,bpt6k670830d: no usable pages in manifest.,2026-07-17T20:31:44.991401
leconstitutionnel,bpt6k670831s,,failed,0,0,,no_usable_pages,known,,,bpt6k670831s: no usable pages in manifest.,2026-07-17T20:31:45.102633
leconstitutionnel,bpt6k6708325,,failed,0,0,,no_usable_pages,known,,,bpt6k6708325: no usable pages in manifest.,2026-07-17T20:31:45.208896
leconstitutionnel,bpt6k670833j,,failed,0,0,,no_usable_pages,known,,,bpt6k670833j: no usable pages in manifest.,2026-07-17T20:31:45.333948
leconstitutionnel,bpt6k670834x,,failed,0,0,,no_usable_pages,known,,,bpt6k670834x: no usable pages in manifest.,2026-07-17T20:31:45.418542
leconstitutionnel,bpt6k6708359,,failed,0,0,,no_usable_pages,known,,,bpt6k6708359: no usable pages in manifest.,2026-07-17T20:31:45.488547
leconstitutionnel,bpt6k670836p,,failed,0,0,,no_usable_pages,known,,,bpt6k670836p: no usable pages in manifest.,2026-07-17T20:31:45.548152
leconstitutionnel,bpt6k6708372,,failed,0,0,,no_usable_pages,known,,,bpt6k6708372: no usable pages in manifest.,2026-07-17T20:31:45.624716
leconstitutionnel,bpt6k670838f,,failed,0,0,,no_usable_pages,known,,,bpt6k670838f: no usable pages in manifest.,2026-07-17T20:31:45.691715
leconstitutionnel,bpt6k670839t,,failed,0,0,,no_usable_pages,known,,,bpt6k670839t: no usable pages in manifest.,2026-07-17T20:31:45.765485
leconstitutionnel,bpt6k670840r,,failed,0,0,,no_usable_pages,known,,,bpt6k670840r: no usable pages in manifest.,2026-07-17T20:31:45.886068
leconstitutionnel,bpt6k6708414,,failed,0,0,,no_usable_pages,known,,,bpt6k6708414: no usable pages in manifest.,2026-07-17T20:31:45.973720
leconstitutionnel,bpt6k670842h,,failed,0,0,,no_usable_pages,known,,,bpt6k670842h: no usable pages in manifest.,2026-07-17T20:31:46.046282
leconstitutionnel,bpt6k670843w,,failed,0,0,,no_usable_pages,known,,,bpt6k670843w: no usable pages in manifest.,2026-07-17T20:31:46.144436
leconstitutionnel,bpt6k6708448,,failed,0,0,,no_usable_pages,known,,,bpt6k6708448: no usable pages in manifest.,2026-07-17T20:31:46.240544
leconstitutionnel,bpt6k670845n,,failed,0,0,,no_usable_pages,known,,,bpt6k670845n: no usable pages in manifest.,2026-07-17T20:31:46.508396
leconstitutionnel,bpt6k6708461,,failed,0,0,,no_usable_pages,known,,,bpt6k6708461: no usable pages in manifest.,2026-07-17T20:31:46.601463
leconstitutionnel,bpt6k670847d,,failed,0,0,,no_usable_pages,known,,,bpt6k670847d: no usable pages in manifest.,2026-07-17T20:31:46.676283
leconstitutionnel,bpt6k670848s,,failed,0,0,,no_usable_pages,known,,,bpt6k670848s: no usable pages in manifest.,2026-07-17T20:31:46.791636
leconstitutionnel,bpt6k6708495,,failed,0,0,,no_usable_pages,known,,,bpt6k6708495: no usable pages in manifest.,2026-07-17T20:31:46.911063
leconstitutionnel,bpt6k6708503,,failed,0,0,,no_usable_pages,known,,,bpt6k6708503: no usable pages in manifest.,2026-07-17T20:31:46.964436
leconstitutionnel,bpt6k670851g,,failed,0,0,,no_usable_pages,known,,,bpt6k670851g: no usable pages in manifest.,2026-07-17T20:31:47.032376
leconstitutionnel,bpt6k670852v,,failed,0,0,,no_usable_pages,known,,,bpt6k670852v: no usable pages in manifest.,2026-07-17T20:31:47.099069
leconstitutionnel,bpt6k6708537,,failed,0,0,,no_usable_pages,known,,,bpt6k6708537: no usable pages in manifest.,2026-07-17T20:31:47.181897
leconstitutionnel,bpt6k670854m,,failed,0,0,,no_usable_pages,known,,,bpt6k670854m: no usable pages in manifest.,2026-07-17T20:31:47.267391
leconstitutionnel,bpt6k6708550,,failed,0,0,,no_usable_pages,known,,,bpt6k6708550: no usable pages in manifest.,2026-07-17T20:31:47.336264
leconstitutionnel,bpt6k670856c,,failed,0,0,,no_usable_pages,known,,,bpt6k670856c: no usable pages in manifest.,2026-07-17T20:31:47.416389
leconstitutionnel,bpt6k670857r,,failed,0,0,,no_usable_pages,known,,,bpt6k670857r: no usable pages in manifest.,2026-07-17T20:31:47.482970
leconstitutionnel,bpt6k6708584,,failed,0,0,,no_usable_pages,known,,,bpt6k6708584: no usable pages in manifest.,2026-07-17T20:31:47.565720
leconstitutionnel,bpt6k670859h,,failed,0,0,,no_usable_pages,known,,,bpt6k670859h: no usable pages in manifest.,2026-07-17T20:31:47.653601
leconstitutionnel,bpt6k670860f,,failed,0,0,,no_usable_pages,known,,,bpt6k670860f: no usable pages in manifest.,2026-07-17T20:31:47.728394
leconstitutionnel,bpt6k670861t,,failed,0,0,,no_usable_pages,known,,,bpt6k670861t: no usable pages in manifest.,2026-07-17T20:31:47.798317
leconstitutionnel,bpt6k6708626,,failed,0,0,,no_usable_pages,known,,,bpt6k6708626: no usable pages in manifest.,2026-07-17T20:31:47.975949
leconstitutionnel,bpt6k670863k,,failed,0,0,,no_usable_pages,known,,,bpt6k670863k: no usable pages in manifest.,2026-07-17T20:31:48.070109
leconstitutionnel,bpt6k670864z,,failed,0,0,,no_usable_pages,known,,,bpt6k670864z: no usable pages in manifest.,2026-07-17T20:31:48.154727
leconstitutionnel,bpt6k670865b,,failed,0,0,,no_usable_pages,known,,,bpt6k670865b: no usable pages in manifest.,2026-07-17T20:31:48.212756
leconstitutionnel,bpt6k670866q,,failed,0,0,,no_usable_pages,known,,,bpt6k670866q: no usable pages in manifest.,2026-07-17T20:31:48.325210
leconstitutionnel,bpt6k6708673,,failed,0,0,,no_usable_pages,known,,,bpt6k6708673: no usable pages in manifest.,2026-07-17T20:31:48.398280
leconstitutionnel,bpt6k670868g,,failed,0,0,,no_usable_pages,known,,,bpt6k670868g: no usable pages in manifest.,2026-07-17T20:31:48.482966
leconstitutionnel,bpt6k670869v,,failed,0,0,,no_usable_pages,known,,,bpt6k670869v: no usable pages in manifest.,2026-07-17T20:31:48.574470
leconstitutionnel,bpt6k670870s,,failed,0,0,,no_usable_pages,known,,,bpt6k670870s: no usable pages in manifest.,2026-07-17T20:31:48.644731
leconstitutionnel,bpt6k6708715,,failed,0,0,,no_usable_pages,known,,,bpt6k6708715: no usable pages in manifest.,2026-07-17T20:31:48.729342
leconstitutionnel,bpt6k670872j,,failed,0,0,,no_usable_pages,known,,,bpt6k670872j: no usable pages in manifest.,2026-07-17T20:31:48.813381
leconstitutionnel,bpt6k670873x,,failed,0,0,,no_usable_pages,known,,,bpt6k670873x: no usable pages in manifest.,2026-07-17T20:31:48.931944
leconstitutionnel,bpt6k6708749,,failed,0,0,,no_usable_pages,known,,,bpt6k6708749: no usable pages in manifest.,2026-07-17T20:31:49.044277
leconstitutionnel,bpt6k670875p,,failed,0,0,,no_usable_pages,known,,,bpt6k670875p: no usable pages in manifest.,2026-07-17T20:31:49.121186
leconstitutionnel,bpt6k6708762,,failed,0,0,,no_usable_pages,known,,,bpt6k6708762: no usable pages in manifest.,2026-07-17T20:31:49.196488
leconstitutionnel,bpt6k670877f,,failed,0,0,,no_usable_pages,known,,,bpt6k670877f: no usable pages in manifest.,2026-07-17T20:31:49.300605
leconstitutionnel,bpt6k670878t,,failed,0,0,,no_usable_pages,known,,,bpt6k670878t: no usable pages in manifest.,2026-07-17T20:31:49.399929
leconstitutionnel,bpt6k6708796,,failed,0,0,,no_usable_pages,known,,,bpt6k6708796: no usable pages in manifest.,2026-07-17T20:31:49.497610
leconstitutionnel,bpt6k6708804,,failed,0,0,,no_usable_pages,known,,,bpt6k6708804: no usable pages in manifest.,2026-07-17T20:31:49.640037
leconstitutionnel,bpt6k670881h,,failed,0,0,,no_usable_pages,known,,,bpt6k670881h: no usable pages in manifest.,2026-07-17T20:31:49.700513
leconstitutionnel,bpt6k670882w,,failed,0,0,,no_usable_pages,known,,,bpt6k670882w: no usable pages in manifest.,2026-07-17T20:31:49.765385
leconstitutionnel,bpt6k6708838,,failed,0,0,,no_usable_pages,known,,,bpt6k6708838: no usable pages in manifest.,2026-07-17T20:31:49.858773
leconstitutionnel,bpt6k670884n,,failed,0,0,,no_usable_pages,known,,,bpt6k670884n: no usable pages in manifest.,2026-07-17T20:31:49.942082
leconstitutionnel,bpt6k6708851,,failed,0,0,,no_usable_pages,known,,,bpt6k6708851: no usable pages in manifest.,2026-07-17T20:31:50.054588
leconstitutionnel,bpt6k670886d,,failed,0,0,,no_usable_pages,known,,,bpt6k670886d: no usable pages in manifest.,2026-07-17T20:31:50.136884
leconstitutionnel,bpt6k670887s,,failed,0,0,,no_usable_pages,known,,,bpt6k670887s: no usable pages in manifest.,2026-07-17T20:31:50.203255
leconstitutionnel,bpt6k6708885,,failed,0,0,,no_usable_pages,known,,,bpt6k6708885: no usable pages in manifest.,2026-07-17T20:31:50.284596
leconstitutionnel,bpt6k670890g,,failed,0,0,,no_usable_pages,known,,,bpt6k670890g: no usable pages in manifest.,2026-07-17T20:31:50.369488
leconstitutionnel,bpt6k670891v,,failed,0,0,,no_usable_pages,known,,,bpt6k670891v: no usable pages in manifest.,2026-07-17T20:31:50.460627
leconstitutionnel,bpt6k6708927,,failed,0,0,,no_usable_pages,known,,,bpt6k6708927: no usable pages in manifest.,2026-07-17T20:31:50.521982
leconstitutionnel,bpt6k670893m,,failed,0,0,,no_usable_pages,known,,,bpt6k670893m: no usable pages in manifest.,2026-07-17T20:31:50.615317
leconstitutionnel,bpt6k6708940,,failed,0,0,,no_usable_pages,known,,,bpt6k6708940: no usable pages in manifest.,2026-07-17T20:31:50.708613
leconstitutionnel,bpt6k670895c,,failed,0,0,,no_usable_pages,known,,,bpt6k670895c: no usable pages in manifest.,2026-07-17T20:31:50.794481
leconstitutionnel,bpt6k670896r,,failed,0,0,,no_usable_pages,known,,,bpt6k670896r: no usable pages in manifest.,2026-07-17T20:31:50.890005
leconstitutionnel,bpt6k6708974,,failed,0,0,,no_usable_pages,known,,,bpt6k6708974: no usable pages in manifest.,2026-07-17T20:31:50.970735
leconstitutionnel,bpt6k670898h,,failed,0,0,,no_usable_pages,known,,,bpt6k670898h: no usable pages in manifest.,2026-07-17T20:31:51.122881
leconstitutionnel,bpt6k670899w,,failed,0,0,,no_usable_pages,known,,,bpt6k670899w: no usable pages in manifest.,2026-07-17T20:31:51.214494
leconstitutionnel,bpt6k670900p,,failed,0,0,,no_usable_pages,known,,,bpt6k670900p: no usable pages in manifest.,2026-07-17T20:31:51.283336
leconstitutionnel,bpt6k6709012,,failed,0,0,,no_usable_pages,known,,,bpt6k6709012: no usable pages in manifest.,2026-07-17T20:31:51.345223
leconstitutionnel,bpt6k670902f,,failed,0,0,,no_usable_pages,known,,,bpt6k670902f: no usable pages in manifest.,2026-07-17T20:31:51.405581
leconstitutionnel,bpt6k670903t,,failed,0,0,,no_usable_pages,known,,,bpt6k670903t: no usable pages in manifest.,2026-07-17T20:31:51.486593
leconstitutionnel,bpt6k6709046,,failed,0,0,,no_usable_pages,known,,,bpt6k6709046: no usable pages in manifest.,2026-07-17T20:31:51.562305
leconstitutionnel,bpt6k670905k,,failed,0,0,,no_usable_pages,known,,,bpt6k670905k: no usable pages in manifest.,2026-07-17T20:31:51.644224
leconstitutionnel,bpt6k670906z,,failed,0,0,,no_usable_pages,known,,,bpt6k670906z: no usable pages in manifest.,2026-07-17T20:31:51.738246
leconstitutionnel,bpt6k670907b,,failed,0,0,,no_usable_pages,known,,,bpt6k670907b: no usable pages in manifest.,2026-07-17T20:31:51.825439
leconstitutionnel,bpt6k670908q,,failed,0,0,,no_usable_pages,known,,,bpt6k670908q: no usable pages in manifest.,2026-07-17T20:31:51.911762
leconstitutionnel,bpt6k6709093,,failed,0,0,,no_usable_pages,known,,,bpt6k6709093: no usable pages in manifest.,2026-07-17T20:31:51.975432
leconstitutionnel,bpt6k6709101,,failed,0,0,,no_usable_pages,known,,,bpt6k6709101: no usable pages in manifest.,2026-07-17T20:31:52.031527
leconstitutionnel,bpt6k670911d,,failed,0,0,,no_usable_pages,known,,,bpt6k670911d: no usable pages in manifest.,2026-07-17T20:31:52.137583
leconstitutionnel,bpt6k670912s,,failed,0,0,,no_usable_pages,known,,,bpt6k670912s: no usable pages in manifest.,2026-07-17T20:31:52.208179
leconstitutionnel,bpt6k6709135,,failed,0,0,,no_usable_pages,known,,,bpt6k6709135: no usable pages in manifest.,2026-07-17T20:31:52.280982
leconstitutionnel,bpt6k670914j,,failed,0,0,,no_usable_pages,known,,,bpt6k670914j: no usable pages in manifest.,2026-07-17T20:31:52.492811
leconstitutionnel,bpt6k670915x,,failed,0,0,,no_usable_pages,known,,,bpt6k670915x: no usable pages in manifest.,2026-07-17T20:31:52.550255
leconstitutionnel,bpt6k6709169,,failed,0,0,,no_usable_pages,known,,,bpt6k6709169: no usable pages in manifest.,2026-07-17T20:31:52.695109
leconstitutionnel,bpt6k670917p,,failed,0,0,,no_usable_pages,known,,,bpt6k670917p: no usable pages in manifest.,2026-07-17T20:31:52.806236
leconstitutionnel,bpt6k6709182,,failed,0,0,,no_usable_pages,known,,,bpt6k6709182: no usable pages in manifest.,2026-07-17T20:31:52.886774
leconstitutionnel,bpt6k670919f,,failed,0,0,,no_usable_pages,known,,,bpt6k670919f: no usable pages in manifest.,2026-07-17T20:31:52.992889
leconstitutionnel,bpt6k670920c,,failed,0,0,,no_usable_pages,known,,,bpt6k670920c: no usable pages in manifest.,2026-07-17T20:31:53.097248
leconstitutionnel,bpt6k670921r,,failed,0,0,,no_usable_pages,known,,,bpt6k670921r: no usable pages in manifest.,2026-07-17T20:31:53.273328
leconstitutionnel,bpt6k6709224,,failed,0,0,,no_usable_pages,known,,,bpt6k6709224: no usable pages in manifest.,2026-07-17T20:31:53.355685
leconstitutionnel,bpt6k670923h,,failed,0,0,,no_usable_pages,known,,,bpt6k670923h: no usable pages in manifest.,2026-07-17T20:31:53.439851
leconstitutionnel,bpt6k670924w,,failed,0,0,,no_usable_pages,known,,,bpt6k670924w: no usable pages in manifest.,2026-07-17T20:31:53.510478
leconstitutionnel,bpt6k6709258,,failed,0,0,,no_usable_pages,known,,,bpt6k6709258: no usable pages in manifest.,2026-07-17T20:31:53.584689
leconstitutionnel,bpt6k670926n,,failed,0,0,,no_usable_pages,known,,,bpt6k670926n: no usable pages in manifest.,2026-07-17T20:31:53.700556
leconstitutionnel,bpt6k6709271,,failed,0,0,,no_usable_pages,known,,,bpt6k6709271: no usable pages in manifest.,2026-07-17T20:31:53.800318
leconstitutionnel,bpt6k670928d,,failed,0,0,,no_usable_pages,known,,,bpt6k670928d: no usable pages in manifest.,2026-07-17T20:31:53.877525
leconstitutionnel,bpt6k670929s,,failed,0,0,,no_usable_pages,known,,,bpt6k670929s: no usable pages in manifest.,2026-07-17T20:31:53.965735
leconstitutionnel,bpt6k670930q,,failed,0,0,,no_usable_pages,known,,,bpt6k670930q: no usable pages in manifest.,2026-07-17T20:31:54.035758
leconstitutionnel,bpt6k6709313,,failed,0,0,,no_usable_pages,known,,,bpt6k6709313: no usable pages in manifest.,2026-07-17T20:31:54.235231
leconstitutionnel,bpt6k670932g,,failed,0,0,,no_usable_pages,known,,,bpt6k670932g: no usable pages in manifest.,2026-07-17T20:31:54.356896
leconstitutionnel,bpt6k671112k,,failed,0,0,,no_usable_pages,known,,,bpt6k671112k: no usable pages in manifest.,2026-07-17T20:31:54.423738
leconstitutionnel,bpt6k671113z,,failed,0,0,,no_usable_pages,known,,,bpt6k671113z: no usable pages in manifest.,2026-07-17T20:31:54.490167
leconstitutionnel,bpt6k671114b,,failed,0,0,,no_usable_pages,known,,,bpt6k671114b: no usable pages in manifest.,2026-07-17T20:31:54.557647
leconstitutionnel,bpt6k671115q,,failed,0,0,,no_usable_pages,known,,,bpt6k671115q: no usable pages in manifest.,2026-07-17T20:31:54.672400
leconstitutionnel,bpt6k6711163,,failed,0,0,,no_usable_pages,known,,,bpt6k6711163: no usable pages in manifest.,2026-07-17T20:31:54.767061
leconstitutionnel,bpt6k671117g,,failed,0,0,,no_usable_pages,known,,,bpt6k671117g: no usable pages in manifest.,2026-07-17T20:31:54.862250
leconstitutionnel,bpt6k671118v,,failed,0,0,,no_usable_pages,known,,,bpt6k671118v: no usable pages in manifest.,2026-07-17T20:31:54.926168
leconstitutionnel,bpt6k6711197,,failed,0,0,,no_usable_pages,known,,,bpt6k6711197: no usable pages in manifest.,2026-07-17T20:31:54.996974
leconstitutionnel,bpt6k6711205,,failed,0,0,,no_usable_pages,known,,,bpt6k6711205: no usable pages in manifest.,2026-07-17T20:31:55.070451
leconstitutionnel,bpt6k671121j,,failed,0,0,,no_usable_pages,known,,,bpt6k671121j: no usable pages in manifest.,2026-07-17T20:31:55.146451
leconstitutionnel,bpt6k671122x,,failed,0,0,,no_usable_pages,known,,,bpt6k671122x: no usable pages in manifest.,2026-07-17T20:31:55.210217
leconstitutionnel,bpt6k6711239,,failed,0,0,,no_usable_pages,known,,,bpt6k6711239: no usable pages in manifest.,2026-07-17T20:31:55.305447
leconstitutionnel,bpt6k671124p,,failed,0,0,,no_usable_pages,known,,,bpt6k671124p: no usable pages in manifest.,2026-07-17T20:31:55.419324
leconstitutionnel,bpt6k6711252,,failed,0,0,,no_usable_pages,known,,,bpt6k6711252: no usable pages in manifest.,2026-07-17T20:31:55.485585
leconstitutionnel,bpt6k671140v,,failed,0,0,,no_usable_pages,known,,,bpt6k671140v: no usable pages in manifest.,2026-07-17T20:31:55.592448
leconstitutionnel,bpt6k6711417,,failed,0,0,,no_usable_pages,known,,,bpt6k6711417: no usable pages in manifest.,2026-07-17T20:31:55.688126
leconstitutionnel,bpt6k671142m,,failed,0,0,,no_usable_pages,known,,,bpt6k671142m: no usable pages in manifest.,2026-07-17T20:31:55.797438
leconstitutionnel,bpt6k6711430,,failed,0,0,,no_usable_pages,known,,,bpt6k6711430: no usable pages in manifest.,2026-07-17T20:31:55.907025
leconstitutionnel,bpt6k671144c,,failed,0,0,,no_usable_pages,known,,,bpt6k671144c: no usable pages in manifest.,2026-07-17T20:31:56.020845
leconstitutionnel,bpt6k671145r,,failed,0,0,,no_usable_pages,known,,,bpt6k671145r: no usable pages in manifest.,2026-07-17T20:31:56.097124
leconstitutionnel,bpt6k6711464,,failed,0,0,,no_usable_pages,known,,,bpt6k6711464: no usable pages in manifest.,2026-07-17T20:31:56.156010
leconstitutionnel,bpt6k671147h,,failed,0,0,,no_usable_pages,known,,,bpt6k671147h: no usable pages in manifest.,2026-07-17T20:31:56.256178
leconstitutionnel,bpt6k671148w,,failed,0,0,,no_usable_pages,known,,,bpt6k671148w: no usable pages in manifest.,2026-07-17T20:31:56.345308
leconstitutionnel,bpt6k6711498,,failed,0,0,,no_usable_pages,known,,,bpt6k6711498: no usable pages in manifest.,2026-07-17T20:31:56.470576
leconstitutionnel,bpt6k6711506,,failed,0,0,,no_usable_pages,known,,,bpt6k6711506: no usable pages in manifest.,2026-07-17T20:31:56.521876
leconstitutionnel,bpt6k671151k,,failed,0,0,,no_usable_pages,known,,,bpt6k671151k: no usable pages in manifest.,2026-07-17T20:31:56.610216
leconstitutionnel,bpt6k671152z,,failed,0,0,,no_usable_pages,known,,,bpt6k671152z: no usable pages in manifest.,2026-07-17T20:31:56.693531
leconstitutionnel,bpt6k671153b,,failed,0,0,,no_usable_pages,known,,,bpt6k671153b: no usable pages in manifest.,2026-07-17T20:31:56.783535
leconstitutionnel,bpt6k671154q,,failed,0,0,,no_usable_pages,known,,,bpt6k671154q: no usable pages in manifest.,2026-07-17T20:31:56.864110
leconstitutionnel,bpt6k6711553,,failed,0,0,,no_usable_pages,known,,,bpt6k6711553: no usable pages in manifest.,2026-07-17T20:31:56.972039
leconstitutionnel,bpt6k671156g,,failed,0,0,,no_usable_pages,known,,,bpt6k671156g: no usable pages in manifest.,2026-07-17T20:31:57.132440
leconstitutionnel,bpt6k671157v,,failed,0,0,,no_usable_pages,known,,,bpt6k671157v: no usable pages in manifest.,2026-07-17T20:31:57.263360
leconstitutionnel,bpt6k6711587,,failed,0,0,,no_usable_pages,known,,,bpt6k6711587: no usable pages in manifest.,2026-07-17T20:31:57.329711
leconstitutionnel,bpt6k671159m,,failed,0,0,,no_usable_pages,known,,,bpt6k671159m: no usable pages in manifest.,2026-07-17T20:31:57.401347
leconstitutionnel,bpt6k671160j,,failed,0,0,,no_usable_pages,known,,,bpt6k671160j: no usable pages in manifest.,2026-07-17T20:31:57.522080
leconstitutionnel,bpt6k671281x,,failed,0,0,,no_usable_pages,known,,,bpt6k671281x: no usable pages in manifest.,2026-07-17T20:31:57.615438
leconstitutionnel,bpt6k6712829,,failed,0,0,,no_usable_pages,known,,,bpt6k6712829: no usable pages in manifest.,2026-07-17T20:31:57.679113
leconstitutionnel,bpt6k671283p,,failed,0,0,,no_usable_pages,known,,,bpt6k671283p: no usable pages in manifest.,2026-07-17T20:31:57.767173
leconstitutionnel,bpt6k6712842,,failed,0,0,,no_usable_pages,known,,,bpt6k6712842: no usable pages in manifest.,2026-07-17T20:31:57.863450
leconstitutionnel,bpt6k671285f,,failed,0,0,,no_usable_pages,known,,,bpt6k671285f: no usable pages in manifest.,2026-07-17T20:31:57.953360
leconstitutionnel,bpt6k671286t,,failed,0,0,,no_usable_pages,known,,,bpt6k671286t: no usable pages in manifest.,2026-07-17T20:31:58.021929
leconstitutionnel,bpt6k6712876,,failed,0,0,,no_usable_pages,known,,,bpt6k6712876: no usable pages in manifest.,2026-07-17T20:31:58.104252
leconstitutionnel,bpt6k671288k,,failed,0,0,,no_usable_pages,known,,,bpt6k671288k: no usable pages in manifest.,2026-07-17T20:31:58.174959
leconstitutionnel,bpt6k671289z,,failed,0,0,,no_usable_pages,known,,,bpt6k671289z: no usable pages in manifest.,2026-07-17T20:31:58.264270
leconstitutionnel,bpt6k671290w,,failed,0,0,,no_usable_pages,known,,,bpt6k671290w: no usable pages in manifest.,2026-07-17T20:31:58.385723
leconstitutionnel,bpt6k6712918,,failed,0,0,,no_usable_pages,known,,,bpt6k6712918: no usable pages in manifest.,2026-07-17T20:31:58.449024
leconstitutionnel,bpt6k671292n,,failed,0,0,,no_usable_pages,known,,,bpt6k671292n: no usable pages in manifest.,2026-07-17T20:31:58.671443
leconstitutionnel,bpt6k6712931,,failed,0,0,,no_usable_pages,known,,,bpt6k6712931: no usable pages in manifest.,2026-07-17T20:31:58.754872
leconstitutionnel,bpt6k671294d,,failed,0,0,,no_usable_pages,known,,,bpt6k671294d: no usable pages in manifest.,2026-07-17T20:31:58.832840
leconstitutionnel,bpt6k671295s,,failed,0,0,,no_usable_pages,known,,,bpt6k671295s: no usable pages in manifest.,2026-07-17T20:31:58.919793
leconstitutionnel,bpt6k6712965,,failed,0,0,,no_usable_pages,known,,,bpt6k6712965: no usable pages in manifest.,2026-07-17T20:31:59.020198
leconstitutionnel,bpt6k671297j,,failed,0,0,,no_usable_pages,known,,,bpt6k671297j: no usable pages in manifest.,2026-07-17T20:31:59.100912
leconstitutionnel,bpt6k671298x,,failed,0,0,,no_usable_pages,known,,,bpt6k671298x: no usable pages in manifest.,2026-07-17T20:31:59.176538
leconstitutionnel,bpt6k6712999,,failed,0,0,,no_usable_pages,known,,,bpt6k6712999: no usable pages in manifest.,2026-07-17T20:31:59.271900
leconstitutionnel,bpt6k6713003,,failed,0,0,,no_usable_pages,known,,,bpt6k6713003: no usable pages in manifest.,2026-07-17T20:31:59.344103
leconstitutionnel,bpt6k671301g,,failed,0,0,,no_usable_pages,known,,,bpt6k671301g: no usable pages in manifest.,2026-07-17T20:31:59.423546
leconstitutionnel,bpt6k671302v,,failed,0,0,,no_usable_pages,known,,,bpt6k671302v: no usable pages in manifest.,2026-07-17T20:31:59.498407
leconstitutionnel,bpt6k6713037,,failed,0,0,,no_usable_pages,known,,,bpt6k6713037: no usable pages in manifest.,2026-07-17T20:31:59.645058
leconstitutionnel,bpt6k671304m,,failed,0,0,,no_usable_pages,known,,,bpt6k671304m: no usable pages in manifest.,2026-07-17T20:31:59.717002
leconstitutionnel,bpt6k6713050,,failed,0,0,,no_usable_pages,known,,,bpt6k6713050: no usable pages in manifest.,2026-07-17T20:31:59.785646
leconstitutionnel,bpt6k671306c,,failed,0,0,,no_usable_pages,known,,,bpt6k671306c: no usable pages in manifest.,2026-07-17T20:31:59.874528
leconstitutionnel,bpt6k671307r,,failed,0,0,,no_usable_pages,known,,,bpt6k671307r: no usable pages in manifest.,2026-07-17T20:31:59.953842
leconstitutionnel,bpt6k6713084,,failed,0,0,,no_usable_pages,known,,,bpt6k6713084: no usable pages in manifest.,2026-07-17T20:32:00.098568
leconstitutionnel,bpt6k671309h,,failed,0,0,,no_usable_pages,known,,,bpt6k671309h: no usable pages in manifest.,2026-07-17T20:32:00.315086
leconstitutionnel,bpt6k671310f,,failed,0,0,,no_usable_pages,known,,,bpt6k671310f: no usable pages in manifest.,2026-07-17T20:32:00.422308
leconstitutionnel,bpt6k671311t,,failed,0,0,,no_usable_pages,known,,,bpt6k671311t: no usable pages in manifest.,2026-07-17T20:32:00.516872
leconstitutionnel,bpt6k6713126,,failed,0,0,,no_usable_pages,known,,,bpt6k6713126: no usable pages in manifest.,2026-07-17T20:32:00.682306
leconstitutionnel,bpt6k671313k,,failed,0,0,,no_usable_pages,known,,,bpt6k671313k: no usable pages in manifest.,2026-07-17T20:32:00.812275
leconstitutionnel,bpt6k671314z,,failed,0,0,,no_usable_pages,known,,,bpt6k671314z: no usable pages in manifest.,2026-07-17T20:32:00.900639
leconstitutionnel,bpt6k671315b,,failed,0,0,,no_usable_pages,known,,,bpt6k671315b: no usable pages in manifest.,2026-07-17T20:32:00.999004
leconstitutionnel,bpt6k671316q,,failed,0,0,,no_usable_pages,known,,,bpt6k671316q: no usable pages in manifest.,2026-07-17T20:32:01.083223
leconstitutionnel,bpt6k6713173,,failed,0,0,,no_usable_pages,known,,,bpt6k6713173: no usable pages in manifest.,2026-07-17T20:32:01.160860
leconstitutionnel,bpt6k671318g,,failed,0,0,,no_usable_pages,known,,,bpt6k671318g: no usable pages in manifest.,2026-07-17T20:32:01.228056
leconstitutionnel,bpt6k671319v,,failed,0,0,,no_usable_pages,known,,,bpt6k671319v: no usable pages in manifest.,2026-07-17T20:32:01.312669
leconstitutionnel,bpt6k671320s,,failed,0,0,,no_usable_pages,known,,,bpt6k671320s: no usable pages in manifest.,2026-07-17T20:32:01.398515
leconstitutionnel,bpt6k6713215,,failed,0,0,,no_usable_pages,known,,,bpt6k6713215: no usable pages in manifest.,2026-07-17T20:32:01.491893
leconstitutionnel,bpt6k671322j,,failed,0,0,,no_usable_pages,known,,,bpt6k671322j: no usable pages in manifest.,2026-07-17T20:32:01.568632
leconstitutionnel,bpt6k671323x,,failed,0,0,,no_usable_pages,known,,,bpt6k671323x: no usable pages in manifest.,2026-07-17T20:32:01.661444
leconstitutionnel,bpt6k6713249,,failed,0,0,,no_usable_pages,known,,,bpt6k6713249: no usable pages in manifest.,2026-07-17T20:32:01.795964
leconstitutionnel,bpt6k671325p,,failed,0,0,,no_usable_pages,known,,,bpt6k671325p: no usable pages in manifest.,2026-07-17T20:32:01.929380
leconstitutionnel,bpt6k6713262,,failed,0,0,,no_usable_pages,known,,,bpt6k6713262: no usable pages in manifest.,2026-07-17T20:32:02.012562
leconstitutionnel,bpt6k671327f,,failed,0,0,,no_usable_pages,known,,,bpt6k671327f: no usable pages in manifest.,2026-07-17T20:32:02.119551
leconstitutionnel,bpt6k671328t,,failed,0,0,,no_usable_pages,known,,,bpt6k671328t: no usable pages in manifest.,2026-07-17T20:32:02.204986
leconstitutionnel,bpt6k6713296,,failed,0,0,,no_usable_pages,known,,,bpt6k6713296: no usable pages in manifest.,2026-07-17T20:32:02.272773
leconstitutionnel,bpt6k6713304,,failed,0,0,,no_usable_pages,known,,,bpt6k6713304: no usable pages in manifest.,2026-07-17T20:32:02.336535
leconstitutionnel,bpt6k671331h,,failed,0,0,,no_usable_pages,known,,,bpt6k671331h: no usable pages in manifest.,2026-07-17T20:32:02.400593
leconstitutionnel,bpt6k671332w,,failed,0,0,,no_usable_pages,known,,,bpt6k671332w: no usable pages in manifest.,2026-07-17T20:32:02.488578
leconstitutionnel,bpt6k6713338,,failed,0,0,,no_usable_pages,known,,,bpt6k6713338: no usable pages in manifest.,2026-07-17T20:32:02.574685
leconstitutionnel,bpt6k671334n,,failed,0,0,,no_usable_pages,known,,,bpt6k671334n: no usable pages in manifest.,2026-07-17T20:32:02.697278
leconstitutionnel,bpt6k6713351,,failed,0,0,,no_usable_pages,known,,,bpt6k6713351: no usable pages in manifest.,2026-07-17T20:32:02.786930
leconstitutionnel,bpt6k671336d,,failed,0,0,,no_usable_pages,known,,,bpt6k671336d: no usable pages in manifest.,2026-07-17T20:32:02.860704
leconstitutionnel,bpt6k671337s,,failed,0,0,,no_usable_pages,known,,,bpt6k671337s: no usable pages in manifest.,2026-07-17T20:32:02.976150
leconstitutionnel,bpt6k6713385,,failed,0,0,,no_usable_pages,known,,,bpt6k6713385: no usable pages in manifest.,2026-07-17T20:32:03.103653
leconstitutionnel,bpt6k671339j,,failed,0,0,,no_usable_pages,known,,,bpt6k671339j: no usable pages in manifest.,2026-07-17T20:32:03.229830
leconstitutionnel,bpt6k671340g,,failed,0,0,,no_usable_pages,known,,,bpt6k671340g: no usable pages in manifest.,2026-07-17T20:32:03.697665
leconstitutionnel,bpt6k671341v,,failed,0,0,,no_usable_pages,known,,,bpt6k671341v: no usable pages in manifest.,2026-07-17T20:32:03.835717
leconstitutionnel,bpt6k6713427,,failed,0,0,,no_usable_pages,known,,,bpt6k6713427: no usable pages in manifest.,2026-07-17T20:32:03.908655
leconstitutionnel,bpt6k671343m,,failed,0,0,,no_usable_pages,known,,,bpt6k671343m: no usable pages in manifest.,2026-07-17T20:32:03.980179
leconstitutionnel,bpt6k6713440,,failed,0,0,,no_usable_pages,known,,,bpt6k6713440: no usable pages in manifest.,2026-07-17T20:32:04.062116
leconstitutionnel,bpt6k671345c,,failed,0,0,,no_usable_pages,known,,,bpt6k671345c: no usable pages in manifest.,2026-07-17T20:32:04.143345
leconstitutionnel,bpt6k671346r,,failed,0,0,,no_usable_pages,known,,,bpt6k671346r: no usable pages in manifest.,2026-07-17T20:32:04.221422
leconstitutionnel,bpt6k6713474,,failed,0,0,,no_usable_pages,known,,,bpt6k6713474: no usable pages in manifest.,2026-07-17T20:32:04.315247
leconstitutionnel,bpt6k671348h,,failed,0,0,,no_usable_pages,known,,,bpt6k671348h: no usable pages in manifest.,2026-07-17T20:32:04.386488
leconstitutionnel,bpt6k671349w,,failed,0,0,,no_usable_pages,known,,,bpt6k671349w: no usable pages in manifest.,2026-07-17T20:32:04.475412
leconstitutionnel,bpt6k671350t,,failed,0,0,,no_usable_pages,known,,,bpt6k671350t: no usable pages in manifest.,2026-07-17T20:32:04.540292
leconstitutionnel,bpt6k6713516,,failed,0,0,,no_usable_pages,known,,,bpt6k6713516: no usable pages in manifest.,2026-07-17T20:32:04.598754
leconstitutionnel,bpt6k671352k,,failed,0,0,,no_usable_pages,known,,,bpt6k671352k: no usable pages in manifest.,2026-07-17T20:32:04.688148
leconstitutionnel,bpt6k671353z,,failed,0,0,,no_usable_pages,known,,,bpt6k671353z: no usable pages in manifest.,2026-07-17T20:32:04.782208
leconstitutionnel,bpt6k671354b,,failed,0,0,,no_usable_pages,known,,,bpt6k671354b: no usable pages in manifest.,2026-07-17T20:32:04.878193
leconstitutionnel,bpt6k671355q,,failed,0,0,,no_usable_pages,known,,,bpt6k671355q: no usable pages in manifest.,2026-07-17T20:32:04.942969
leconstitutionnel,bpt6k6713563,,failed,0,0,,no_usable_pages,known,,,bpt6k6713563: no usable pages in manifest.,2026-07-17T20:32:05.015456
leconstitutionnel,bpt6k671357g,,failed,0,0,,no_usable_pages,known,,,bpt6k671357g: no usable pages in manifest.,2026-07-17T20:32:05.086315
leconstitutionnel,bpt6k671358v,,failed,0,0,,no_usable_pages,known,,,bpt6k671358v: no usable pages in manifest.,2026-07-17T20:32:05.224395
leconstitutionnel,bpt6k6713597,,failed,0,0,,no_usable_pages,known,,,bpt6k6713597: no usable pages in manifest.,2026-07-17T20:32:05.347005
leconstitutionnel,bpt6k6713605,,failed,0,0,,no_usable_pages,known,,,bpt6k6713605: no usable pages in manifest.,2026-07-17T20:32:05.413373
leconstitutionnel,bpt6k671361j,,failed,0,0,,no_usable_pages,known,,,bpt6k671361j: no usable pages in manifest.,2026-07-17T20:32:05.498055
leconstitutionnel,bpt6k671362x,,failed,0,0,,no_usable_pages,known,,,bpt6k671362x: no usable pages in manifest.,2026-07-17T20:32:05.582143
leconstitutionnel,bpt6k6713639,,failed,0,0,,no_usable_pages,known,,,bpt6k6713639: no usable pages in manifest.,2026-07-17T20:32:05.672765
leconstitutionnel,bpt6k671364p,,failed,0,0,,no_usable_pages,known,,,bpt6k671364p: no usable pages in manifest.,2026-07-17T20:32:05.742658
leconstitutionnel,bpt6k6713652,,failed,0,0,,no_usable_pages,known,,,bpt6k6713652: no usable pages in manifest.,2026-07-17T20:32:05.804811
leconstitutionnel,bpt6k671366f,,failed,0,0,,no_usable_pages,known,,,bpt6k671366f: no usable pages in manifest.,2026-07-17T20:32:05.924815
leconstitutionnel,bpt6k671367t,,failed,0,0,,no_usable_pages,known,,,bpt6k671367t: no usable pages in manifest.,2026-07-17T20:32:06.011990
leconstitutionnel,bpt6k6713686,,failed,0,0,,no_usable_pages,known,,,bpt6k6713686: no usable pages in manifest.,2026-07-17T20:32:06.086199
leconstitutionnel,bpt6k671369k,,failed,0,0,,no_usable_pages,known,,,bpt6k671369k: no usable pages in manifest.,2026-07-17T20:32:06.139872
leconstitutionnel,bpt6k671370h,,failed,0,0,,no_usable_pages,known,,,bpt6k671370h: no usable pages in manifest.,2026-07-17T20:32:06.204418
leconstitutionnel,bpt6k671371w,,failed,0,0,,no_usable_pages,known,,,bpt6k671371w: no usable pages in manifest.,2026-07-17T20:32:06.269752
leconstitutionnel,bpt6k6713728,,failed,0,0,,no_usable_pages,known,,,bpt6k6713728: no usable pages in manifest.,2026-07-17T20:32:06.378332
leconstitutionnel,bpt6k671373n,,failed,0,0,,no_usable_pages,known,,,bpt6k671373n: no usable pages in manifest.,2026-07-17T20:32:06.439644
leconstitutionnel,bpt6k6713741,,failed,0,0,,no_usable_pages,known,,,bpt6k6713741: no usable pages in manifest.,2026-07-17T20:32:06.525833
leconstitutionnel,bpt6k671375d,,failed,0,0,,no_usable_pages,known,,,bpt6k671375d: no usable pages in manifest.,2026-07-17T20:32:06.609944
leconstitutionnel,bpt6k671376s,,failed,0,0,,no_usable_pages,known,,,bpt6k671376s: no usable pages in manifest.,2026-07-17T20:32:06.705557
leconstitutionnel,bpt6k6713775,,failed,0,0,,no_usable_pages,known,,,bpt6k6713775: no usable pages in manifest.,2026-07-17T20:32:06.888078
leconstitutionnel,bpt6k671378j,,failed,0,0,,no_usable_pages,known,,,bpt6k671378j: no usable pages in manifest.,2026-07-17T20:32:06.987419
leconstitutionnel,bpt6k671379x,,failed,0,0,,no_usable_pages,known,,,bpt6k671379x: no usable pages in manifest.,2026-07-17T20:32:07.069874
leconstitutionnel,bpt6k671380v,,failed,0,0,,no_usable_pages,known,,,bpt6k671380v: no usable pages in manifest.,2026-07-17T20:32:07.136176
leconstitutionnel,bpt6k6713817,,failed,0,0,,no_usable_pages,known,,,bpt6k6713817: no usable pages in manifest.,2026-07-17T20:32:07.224347
leconstitutionnel,bpt6k671382m,,failed,0,0,,no_usable_pages,known,,,bpt6k671382m: no usable pages in manifest.,2026-07-17T20:32:07.318340
leconstitutionnel,bpt6k6713830,,failed,0,0,,no_usable_pages,known,,,bpt6k6713830: no usable pages in manifest.,2026-07-17T20:32:07.408579
leconstitutionnel,bpt6k671384c,,failed,0,0,,no_usable_pages,known,,,bpt6k671384c: no usable pages in manifest.,2026-07-17T20:32:07.477816
leconstitutionnel,bpt6k671385r,,failed,0,0,,no_usable_pages,known,,,bpt6k671385r: no usable pages in manifest.,2026-07-17T20:32:07.539227
leconstitutionnel,bpt6k6713864,,failed,0,0,,no_usable_pages,known,,,bpt6k6713864: no usable pages in manifest.,2026-07-17T20:32:07.616815
leconstitutionnel,bpt6k671387h,,failed,0,0,,no_usable_pages,known,,,bpt6k671387h: no usable pages in manifest.,2026-07-17T20:32:07.672659
leconstitutionnel,bpt6k671388w,,failed,0,0,,no_usable_pages,known,,,bpt6k671388w: no usable pages in manifest.,2026-07-17T20:32:07.756291
leconstitutionnel,bpt6k6713898,,failed,0,0,,no_usable_pages,known,,,bpt6k6713898: no usable pages in manifest.,2026-07-17T20:32:07.838750
leconstitutionnel,bpt6k6713906,,failed,0,0,,no_usable_pages,known,,,bpt6k6713906: no usable pages in manifest.,2026-07-17T20:32:07.951646
leconstitutionnel,bpt6k671391k,,failed,0,0,,no_usable_pages,known,,,bpt6k671391k: no usable pages in manifest.,2026-07-17T20:32:08.081499
leconstitutionnel,bpt6k671392z,,failed,0,0,,no_usable_pages,known,,,bpt6k671392z: no usable pages in manifest.,2026-07-17T20:32:08.194765
leconstitutionnel,bpt6k671393b,,failed,0,0,,no_usable_pages,known,,,bpt6k671393b: no usable pages in manifest.,2026-07-17T20:32:08.327905
leconstitutionnel,bpt6k671394q,,failed,0,0,,no_usable_pages,known,,,bpt6k671394q: no usable pages in manifest.,2026-07-17T20:32:08.460524
leconstitutionnel,bpt6k6713953,,failed,0,0,,no_usable_pages,known,,,bpt6k6713953: no usable pages in manifest.,2026-07-17T20:32:08.528189
leconstitutionnel,bpt6k671396g,,failed,0,0,,no_usable_pages,known,,,bpt6k671396g: no usable pages in manifest.,2026-07-17T20:32:08.627825
leconstitutionnel,bpt6k671397v,,failed,0,0,,no_usable_pages,known,,,bpt6k671397v: no usable pages in manifest.,2026-07-17T20:32:08.707586
leconstitutionnel,bpt6k6713987,,failed,0,0,,no_usable_pages,known,,,bpt6k6713987: no usable pages in manifest.,2026-07-17T20:32:08.778415
leconstitutionnel,bpt6k671399m,,failed,0,0,,no_usable_pages,known,,,bpt6k671399m: no usable pages in manifest.,2026-07-17T20:32:08.851772
leconstitutionnel,bpt6k671400d,,failed,0,0,,no_usable_pages,known,,,bpt6k671400d: no usable pages in manifest.,2026-07-17T20:32:08.935064
leconstitutionnel,bpt6k671401s,,failed,0,0,,no_usable_pages,known,,,bpt6k671401s: no usable pages in manifest.,2026-07-17T20:32:09.018176
leconstitutionnel,bpt6k6714025,,failed,0,0,,no_usable_pages,known,,,bpt6k6714025: no usable pages in manifest.,2026-07-17T20:32:09.158884
leconstitutionnel,bpt6k671403j,,failed,0,0,,no_usable_pages,known,,,bpt6k671403j: no usable pages in manifest.,2026-07-17T20:32:09.230720
leconstitutionnel,bpt6k671404x,,failed,0,0,,no_usable_pages,known,,,bpt6k671404x: no usable pages in manifest.,2026-07-17T20:32:09.301976
leconstitutionnel,bpt6k6714059,,failed,0,0,,no_usable_pages,known,,,bpt6k6714059: no usable pages in manifest.,2026-07-17T20:32:09.373270
leconstitutionnel,bpt6k671406p,,failed,0,0,,no_usable_pages,known,,,bpt6k671406p: no usable pages in manifest.,2026-07-17T20:32:09.479989
leconstitutionnel,bpt6k6714072,,failed,0,0,,no_usable_pages,known,,,bpt6k6714072: no usable pages in manifest.,2026-07-17T20:32:09.558265
leconstitutionnel,bpt6k671408f,,failed,0,0,,no_usable_pages,known,,,bpt6k671408f: no usable pages in manifest.,2026-07-17T20:32:09.657186
leconstitutionnel,bpt6k671409t,,failed,0,0,,no_usable_pages,known,,,bpt6k671409t: no usable pages in manifest.,2026-07-17T20:32:09.753520
leconstitutionnel,bpt6k671410r,,failed,0,0,,no_usable_pages,known,,,bpt6k671410r: no usable pages in manifest.,2026-07-17T20:32:10.016014
leconstitutionnel,bpt6k6714114,,failed,0,0,,no_usable_pages,known,,,bpt6k6714114: no usable pages in manifest.,2026-07-17T20:32:10.111972
leconstitutionnel,bpt6k671412h,,failed,0,0,,no_usable_pages,known,,,bpt6k671412h: no usable pages in manifest.,2026-07-17T20:32:10.215726
leconstitutionnel,bpt6k671413w,,failed,0,0,,no_usable_pages,known,,,bpt6k671413w: no usable pages in manifest.,2026-07-17T20:32:10.292955
leconstitutionnel,bpt6k6714148,,failed,0,0,,no_usable_pages,known,,,bpt6k6714148: no usable pages in manifest.,2026-07-17T20:32:10.380924
leconstitutionnel,bpt6k671415n,,failed,0,0,,no_usable_pages,known,,,bpt6k671415n: no usable pages in manifest.,2026-07-17T20:32:10.458646
leconstitutionnel,bpt6k6714161,,failed,0,0,,no_usable_pages,known,,,bpt6k6714161: no usable pages in manifest.,2026-07-17T20:32:10.551850
leconstitutionnel,bpt6k671417d,,failed,0,0,,no_usable_pages,known,,,bpt6k671417d: no usable pages in manifest.,2026-07-17T20:32:10.648459
leconstitutionnel,bpt6k671418s,,failed,0,0,,no_usable_pages,known,,,bpt6k671418s: no usable pages in manifest.,2026-07-17T20:32:10.747421
leconstitutionnel,bpt6k6714195,,failed,0,0,,no_usable_pages,known,,,bpt6k6714195: no usable pages in manifest.,2026-07-17T20:32:10.838151
leconstitutionnel,bpt6k6714203,,failed,0,0,,no_usable_pages,known,,,bpt6k6714203: no usable pages in manifest.,2026-07-17T20:32:10.914034
leconstitutionnel,bpt6k671421g,,failed,0,0,,no_usable_pages,known,,,bpt6k671421g: no usable pages in manifest.,2026-07-17T20:32:10.981418
leconstitutionnel,bpt6k671422v,,failed,0,0,,no_usable_pages,known,,,bpt6k671422v: no usable pages in manifest.,2026-07-17T20:32:11.068724
leconstitutionnel,bpt6k6714237,,failed,0,0,,no_usable_pages,known,,,bpt6k6714237: no usable pages in manifest.,2026-07-17T20:32:11.177393
leconstitutionnel,bpt6k671424m,,failed,0,0,,no_usable_pages,known,,,bpt6k671424m: no usable pages in manifest.,2026-07-17T20:32:11.252881
leconstitutionnel,bpt6k6714250,,failed,0,0,,no_usable_pages,known,,,bpt6k6714250: no usable pages in manifest.,2026-07-17T20:32:11.352346
leconstitutionnel,bpt6k671426c,,failed,0,0,,no_usable_pages,known,,,bpt6k671426c: no usable pages in manifest.,2026-07-17T20:32:11.448567
leconstitutionnel,bpt6k671427r,,failed,0,0,,no_usable_pages,known,,,bpt6k671427r: no usable pages in manifest.,2026-07-17T20:32:11.550686
leconstitutionnel,bpt6k6714284,,failed,0,0,,no_usable_pages,known,,,bpt6k6714284: no usable pages in manifest.,2026-07-17T20:32:11.671159
leconstitutionnel,bpt6k671429h,,failed,0,0,,no_usable_pages,known,,,bpt6k671429h: no usable pages in manifest.,2026-07-17T20:32:11.758320
leconstitutionnel,bpt6k671430f,,failed,0,0,,no_usable_pages,known,,,bpt6k671430f: no usable pages in manifest.,2026-07-17T20:32:11.850485
leconstitutionnel,bpt6k671431t,,failed,0,0,,no_usable_pages,known,,,bpt6k671431t: no usable pages in manifest.,2026-07-17T20:32:11.949370
leconstitutionnel,bpt6k6714326,,failed,0,0,,no_usable_pages,known,,,bpt6k6714326: no usable pages in manifest.,2026-07-17T20:32:12.031569
leconstitutionnel,bpt6k671433k,,failed,0,0,,no_usable_pages,known,,,bpt6k671433k: no usable pages in manifest.,2026-07-17T20:32:12.116709
leconstitutionnel,bpt6k671434z,,failed,0,0,,no_usable_pages,known,,,bpt6k671434z: no usable pages in manifest.,2026-07-17T20:32:12.205664
leconstitutionnel,bpt6k671435b,,failed,0,0,,no_usable_pages,known,,,bpt6k671435b: no usable pages in manifest.,2026-07-17T20:32:12.315511
leconstitutionnel,bpt6k671436q,,failed,0,0,,no_usable_pages,known,,,bpt6k671436q: no usable pages in manifest.,2026-07-17T20:32:12.379105
leconstitutionnel,bpt6k6714373,,failed,0,0,,no_usable_pages,known,,,bpt6k6714373: no usable pages in manifest.,2026-07-17T20:32:12.456282
leconstitutionnel,bpt6k671438g,,failed,0,0,,no_usable_pages,known,,,bpt6k671438g: no usable pages in manifest.,2026-07-17T20:32:12.531533
leconstitutionnel,bpt6k671439v,,failed,0,0,,no_usable_pages,known,,,bpt6k671439v: no usable pages in manifest.,2026-07-17T20:32:12.644324
leconstitutionnel,bpt6k671440s,,failed,0,0,,no_usable_pages,known,,,bpt6k671440s: no usable pages in manifest.,2026-07-17T20:32:12.706147
leconstitutionnel,bpt6k6714415,,failed,0,0,,no_usable_pages,known,,,bpt6k6714415: no usable pages in manifest.,2026-07-17T20:32:12.808508
leconstitutionnel,bpt6k671442j,,failed,0,0,,no_usable_pages,known,,,bpt6k671442j: no usable pages in manifest.,2026-07-17T20:32:12.941140
leconstitutionnel,bpt6k671443x,,failed,0,0,,no_usable_pages,known,,,bpt6k671443x: no usable pages in manifest.,2026-07-17T20:32:13.030662
leconstitutionnel,bpt6k6714449,,failed,0,0,,no_usable_pages,known,,,bpt6k6714449: no usable pages in manifest.,2026-07-17T20:32:13.101258
leconstitutionnel,bpt6k671445p,,failed,0,0,,no_usable_pages,known,,,bpt6k671445p: no usable pages in manifest.,2026-07-17T20:32:13.170324
leconstitutionnel,bpt6k6714462,,failed,0,0,,no_usable_pages,known,,,bpt6k6714462: no usable pages in manifest.,2026-07-17T20:32:13.252884
leconstitutionnel,bpt6k671447f,,failed,0,0,,no_usable_pages,known,,,bpt6k671447f: no usable pages in manifest.,2026-07-17T20:32:13.350360
leconstitutionnel,bpt6k671448t,,failed,0,0,,no_usable_pages,known,,,bpt6k671448t: no usable pages in manifest.,2026-07-17T20:32:13.452574
leconstitutionnel,bpt6k6714496,,failed,0,0,,no_usable_pages,known,,,bpt6k6714496: no usable pages in manifest.,2026-07-17T20:32:13.562233
leconstitutionnel,bpt6k6714504,,failed,0,0,,no_usable_pages,known,,,bpt6k6714504: no usable pages in manifest.,2026-07-17T20:32:13.690031
leconstitutionnel,bpt6k671451h,,failed,0,0,,no_usable_pages,known,,,bpt6k671451h: no usable pages in manifest.,2026-07-17T20:32:13.774034
leconstitutionnel,bpt6k671452w,,failed,0,0,,no_usable_pages,known,,,bpt6k671452w: no usable pages in manifest.,2026-07-17T20:32:13.872588
leconstitutionnel,bpt6k6714538,,failed,0,0,,no_usable_pages,known,,,bpt6k6714538: no usable pages in manifest.,2026-07-17T20:32:13.972636
leconstitutionnel,bpt6k671454n,,failed,0,0,,no_usable_pages,known,,,bpt6k671454n: no usable pages in manifest.,2026-07-17T20:32:14.072218
leconstitutionnel,bpt6k6714551,,failed,0,0,,no_usable_pages,known,,,bpt6k6714551: no usable pages in manifest.,2026-07-17T20:32:14.159981
leconstitutionnel,bpt6k671456d,,failed,0,0,,no_usable_pages,known,,,bpt6k671456d: no usable pages in manifest.,2026-07-17T20:32:14.241805
leconstitutionnel,bpt6k671457s,,failed,0,0,,no_usable_pages,known,,,bpt6k671457s: no usable pages in manifest.,2026-07-17T20:32:14.518008
leconstitutionnel,bpt6k6714585,,failed,0,0,,no_usable_pages,known,,,bpt6k6714585: no usable pages in manifest.,2026-07-17T20:32:14.628326
leconstitutionnel,bpt6k671459j,,failed,0,0,,no_usable_pages,known,,,bpt6k671459j: no usable pages in manifest.,2026-07-17T20:32:14.733142
leconstitutionnel,bpt6k671460g,,failed,0,0,,no_usable_pages,known,,,bpt6k671460g: no usable pages in manifest.,2026-07-17T20:32:14.815760
leconstitutionnel,bpt6k671461v,,failed,0,0,,no_usable_pages,known,,,bpt6k671461v: no usable pages in manifest.,2026-07-17T20:32:14.874425
leconstitutionnel,bpt6k6714627,,failed,0,0,,no_usable_pages,known,,,bpt6k6714627: no usable pages in manifest.,2026-07-17T20:32:14.953803
leconstitutionnel,bpt6k671463m,,failed,0,0,,no_usable_pages,known,,,bpt6k671463m: no usable pages in manifest.,2026-07-17T20:32:15.033865
leconstitutionnel,bpt6k6714640,,failed,0,0,,no_usable_pages,known,,,bpt6k6714640: no usable pages in manifest.,2026-07-17T20:32:15.104704
leconstitutionnel,bpt6k671465c,,failed,0,0,,no_usable_pages,known,,,bpt6k671465c: no usable pages in manifest.,2026-07-17T20:32:15.186129
leconstitutionnel,bpt6k671466r,,failed,0,0,,no_usable_pages,known,,,bpt6k671466r: no usable pages in manifest.,2026-07-17T20:32:15.281206
leconstitutionnel,bpt6k6714674,,failed,0,0,,no_usable_pages,known,,,bpt6k6714674: no usable pages in manifest.,2026-07-17T20:32:15.474881
leconstitutionnel,bpt6k671468h,,failed,0,0,,no_usable_pages,known,,,bpt6k671468h: no usable pages in manifest.,2026-07-17T20:32:15.580117
leconstitutionnel,bpt6k671469w,,failed,0,0,,no_usable_pages,known,,,bpt6k671469w: no usable pages in manifest.,2026-07-17T20:32:15.675323
leconstitutionnel,bpt6k671470t,,failed,0,0,,no_usable_pages,known,,,bpt6k671470t: no usable pages in manifest.,2026-07-17T20:32:15.847395
leconstitutionnel,bpt6k6714716,,failed,0,0,,no_usable_pages,known,,,bpt6k6714716: no usable pages in manifest.,2026-07-17T20:32:15.949138
leconstitutionnel,bpt6k671472k,,failed,0,0,,no_usable_pages,known,,,bpt6k671472k: no usable pages in manifest.,2026-07-17T20:32:16.125400
leconstitutionnel,bpt6k671473z,,failed,0,0,,no_usable_pages,known,,,bpt6k671473z: no usable pages in manifest.,2026-07-17T20:32:16.226300
leconstitutionnel,bpt6k671474b,,failed,0,0,,no_usable_pages,known,,,bpt6k671474b: no usable pages in manifest.,2026-07-17T20:32:16.319687
leconstitutionnel,bpt6k671475q,,failed,0,0,,no_usable_pages,known,,,bpt6k671475q: no usable pages in manifest.,2026-07-17T20:32:16.420451
leconstitutionnel,bpt6k6714763,,failed,0,0,,no_usable_pages,known,,,bpt6k6714763: no usable pages in manifest.,2026-07-17T20:32:16.522525
leconstitutionnel,bpt6k671477g,,failed,0,0,,no_usable_pages,known,,,bpt6k671477g: no usable pages in manifest.,2026-07-17T20:32:16.616014
leconstitutionnel,bpt6k671478v,,failed,0,0,,no_usable_pages,known,,,bpt6k671478v: no usable pages in manifest.,2026-07-17T20:32:16.700163
leconstitutionnel,bpt6k6714797,,failed,0,0,,no_usable_pages,known,,,bpt6k6714797: no usable pages in manifest.,2026-07-17T20:32:16.757198
leconstitutionnel,bpt6k6714805,,failed,0,0,,no_usable_pages,known,,,bpt6k6714805: no usable pages in manifest.,2026-07-17T20:32:16.873446
leconstitutionnel,bpt6k671481j,,failed,0,0,,no_usable_pages,known,,,bpt6k671481j: no usable pages in manifest.,2026-07-17T20:32:16.953839
leconstitutionnel,bpt6k671482x,,failed,0,0,,no_usable_pages,known,,,bpt6k671482x: no usable pages in manifest.,2026-07-17T20:32:17.069162
leconstitutionnel,bpt6k6714839,,failed,0,0,,no_usable_pages,known,,,bpt6k6714839: no usable pages in manifest.,2026-07-17T20:32:17.142645
leconstitutionnel,bpt6k671484p,,failed,0,0,,no_usable_pages,known,,,bpt6k671484p: no usable pages in manifest.,2026-07-17T20:32:17.221325
leconstitutionnel,bpt6k6714852,,failed,0,0,,no_usable_pages,known,,,bpt6k6714852: no usable pages in manifest.,2026-07-17T20:32:17.316436
leconstitutionnel,bpt6k671486f,,failed,0,0,,no_usable_pages,known,,,bpt6k671486f: no usable pages in manifest.,2026-07-17T20:32:17.405293
leconstitutionnel,bpt6k671487t,,failed,0,0,,no_usable_pages,known,,,bpt6k671487t: no usable pages in manifest.,2026-07-17T20:32:17.564459
leconstitutionnel,bpt6k6714886,,failed,0,0,,no_usable_pages,known,,,bpt6k6714886: no usable pages in manifest.,2026-07-17T20:32:17.729664
leconstitutionnel,bpt6k671489k,,failed,0,0,,no_usable_pages,known,,,bpt6k671489k: no usable pages in manifest.,2026-07-17T20:32:17.830252
leconstitutionnel,bpt6k671490h,,failed,0,0,,no_usable_pages,known,,,bpt6k671490h: no usable pages in manifest.,2026-07-17T20:32:17.924082
leconstitutionnel,bpt6k671491w,,failed,0,0,,no_usable_pages,known,,,bpt6k671491w: no usable pages in manifest.,2026-07-17T20:32:18.024022
leconstitutionnel,bpt6k6714928,,failed,0,0,,no_usable_pages,known,,,bpt6k6714928: no usable pages in manifest.,2026-07-17T20:32:18.103949
leconstitutionnel,bpt6k671493n,,failed,0,0,,no_usable_pages,known,,,bpt6k671493n: no usable pages in manifest.,2026-07-17T20:32:18.193148
leconstitutionnel,bpt6k6714941,,failed,0,0,,no_usable_pages,known,,,bpt6k6714941: no usable pages in manifest.,2026-07-17T20:32:18.272618
leconstitutionnel,bpt6k671495d,,failed,0,0,,no_usable_pages,known,,,bpt6k671495d: no usable pages in manifest.,2026-07-17T20:32:18.346950
leconstitutionnel,bpt6k671496s,,failed,0,0,,no_usable_pages,known,,,bpt6k671496s: no usable pages in manifest.,2026-07-17T20:32:18.447028
leconstitutionnel,bpt6k6714975,,failed,0,0,,no_usable_pages,known,,,bpt6k6714975: no usable pages in manifest.,2026-07-17T20:32:18.572287
leconstitutionnel,bpt6k671498j,,failed,0,0,,no_usable_pages,known,,,bpt6k671498j: no usable pages in manifest.,2026-07-17T20:32:18.681484
leconstitutionnel,bpt6k671499x,,failed,0,0,,no_usable_pages,known,,,bpt6k671499x: no usable pages in manifest.,2026-07-17T20:32:18.765099
leconstitutionnel,bpt6k671500q,,failed,0,0,,no_usable_pages,known,,,bpt6k671500q: no usable pages in manifest.,2026-07-17T20:32:18.838239
leconstitutionnel,bpt6k6715013,,failed,0,0,,no_usable_pages,known,,,bpt6k6715013: no usable pages in manifest.,2026-07-17T20:32:18.931646
leconstitutionnel,bpt6k671502g,,failed,0,0,,no_usable_pages,known,,,bpt6k671502g: no usable pages in manifest.,2026-07-17T20:32:19.016279
leconstitutionnel,bpt6k671503v,,failed,0,0,,no_usable_pages,known,,,bpt6k671503v: no usable pages in manifest.,2026-07-17T20:32:19.204656
leconstitutionnel,bpt6k6715047,,failed,0,0,,no_usable_pages,known,,,bpt6k6715047: no usable pages in manifest.,2026-07-17T20:32:19.381637
leconstitutionnel,bpt6k671505m,,failed,0,0,,no_usable_pages,known,,,bpt6k671505m: no usable pages in manifest.,2026-07-17T20:32:19.556545
leconstitutionnel,bpt6k6715060,,failed,0,0,,no_usable_pages,known,,,bpt6k6715060: no usable pages in manifest.,2026-07-17T20:32:19.717680
leconstitutionnel,bpt6k671507c,,failed,0,0,,no_usable_pages,known,,,bpt6k671507c: no usable pages in manifest.,2026-07-17T20:32:19.817484
leconstitutionnel,bpt6k671508r,,failed,0,0,,no_usable_pages,known,,,bpt6k671508r: no usable pages in manifest.,2026-07-17T20:32:19.896152
leconstitutionnel,bpt6k6715094,,failed,0,0,,no_usable_pages,known,,,bpt6k6715094: no usable pages in manifest.,2026-07-17T20:32:20.022019
leconstitutionnel,bpt6k6715102,,failed,0,0,,no_usable_pages,known,,,bpt6k6715102: no usable pages in manifest.,2026-07-17T20:32:20.117759
leconstitutionnel,bpt6k671511f,,failed,0,0,,no_usable_pages,known,,,bpt6k671511f: no usable pages in manifest.,2026-07-17T20:32:20.205822
leconstitutionnel,bpt6k671512t,,failed,0,0,,no_usable_pages,known,,,bpt6k671512t: no usable pages in manifest.,2026-07-17T20:32:20.308305
leconstitutionnel,bpt6k6715136,,failed,0,0,,no_usable_pages,known,,,bpt6k6715136: no usable pages in manifest.,2026-07-17T20:32:20.384523
leconstitutionnel,bpt6k671514k,,failed,0,0,,no_usable_pages,known,,,bpt6k671514k: no usable pages in manifest.,2026-07-17T20:32:20.469643
leconstitutionnel,bpt6k671515z,,failed,0,0,,no_usable_pages,known,,,bpt6k671515z: no usable pages in manifest.,2026-07-17T20:32:20.548219
leconstitutionnel,bpt6k671516b,,failed,0,0,,no_usable_pages,known,,,bpt6k671516b: no usable pages in manifest.,2026-07-17T20:32:20.614842
leconstitutionnel,bpt6k671517q,,failed,0,0,,no_usable_pages,known,,,bpt6k671517q: no usable pages in manifest.,2026-07-17T20:32:20.739546
leconstitutionnel,bpt6k6715183,,failed,0,0,,no_usable_pages,known,,,bpt6k6715183: no usable pages in manifest.,2026-07-17T20:32:20.818473
leconstitutionnel,bpt6k671519g,,failed,0,0,,no_usable_pages,known,,,bpt6k671519g: no usable pages in manifest.,2026-07-17T20:32:20.897543
leconstitutionnel,bpt6k671520d,,failed,0,0,,no_usable_pages,known,,,bpt6k671520d: no usable pages in manifest.,2026-07-17T20:32:21.038656
leconstitutionnel,bpt6k671521s,,failed,0,0,,no_usable_pages,known,,,bpt6k671521s: no usable pages in manifest.,2026-07-17T20:32:21.114673
leconstitutionnel,bpt6k6715225,,failed,0,0,,no_usable_pages,known,,,bpt6k6715225: no usable pages in manifest.,2026-07-17T20:32:21.188247
leconstitutionnel,bpt6k671523j,,failed,0,0,,no_usable_pages,known,,,bpt6k671523j: no usable pages in manifest.,2026-07-17T20:32:21.289565
leconstitutionnel,bpt6k671524x,,failed,0,0,,no_usable_pages,known,,,bpt6k671524x: no usable pages in manifest.,2026-07-17T20:32:21.399888
leconstitutionnel,bpt6k6715259,,failed,0,0,,no_usable_pages,known,,,bpt6k6715259: no usable pages in manifest.,2026-07-17T20:32:21.484234
leconstitutionnel,bpt6k671526p,,failed,0,0,,no_usable_pages,known,,,bpt6k671526p: no usable pages in manifest.,2026-07-17T20:32:21.567748
leconstitutionnel,bpt6k6715272,,failed,0,0,,no_usable_pages,known,,,bpt6k6715272: no usable pages in manifest.,2026-07-17T20:32:21.625728
leconstitutionnel,bpt6k671528f,,failed,0,0,,no_usable_pages,known,,,bpt6k671528f: no usable pages in manifest.,2026-07-17T20:32:21.714076
leconstitutionnel,bpt6k671529t,,failed,0,0,,no_usable_pages,known,,,bpt6k671529t: no usable pages in manifest.,2026-07-17T20:32:21.822837
leconstitutionnel,bpt6k671530r,,failed,0,0,,no_usable_pages,known,,,bpt6k671530r: no usable pages in manifest.,2026-07-17T20:32:21.910475
leconstitutionnel,bpt6k6715314,,failed,0,0,,no_usable_pages,known,,,bpt6k6715314: no usable pages in manifest.,2026-07-17T20:32:21.990969
leconstitutionnel,bpt6k671532h,,failed,0,0,,no_usable_pages,known,,,bpt6k671532h: no usable pages in manifest.,2026-07-17T20:32:22.086985
leconstitutionnel,bpt6k671533w,,failed,0,0,,no_usable_pages,known,,,bpt6k671533w: no usable pages in manifest.,2026-07-17T20:32:22.178456
leconstitutionnel,bpt6k6715348,,failed,0,0,,no_usable_pages,known,,,bpt6k6715348: no usable pages in manifest.,2026-07-17T20:32:22.250665
leconstitutionnel,bpt6k671535n,,failed,0,0,,no_usable_pages,known,,,bpt6k671535n: no usable pages in manifest.,2026-07-17T20:32:22.312576
leconstitutionnel,bpt6k6715361,,failed,0,0,,no_usable_pages,known,,,bpt6k6715361: no usable pages in manifest.,2026-07-17T20:32:22.392338
leconstitutionnel,bpt6k671537d,,failed,0,0,,no_usable_pages,known,,,bpt6k671537d: no usable pages in manifest.,2026-07-17T20:32:22.488274
leconstitutionnel,bpt6k671538s,,failed,0,0,,no_usable_pages,known,,,bpt6k671538s: no usable pages in manifest.,2026-07-17T20:32:22.603575
leconstitutionnel,bpt6k6715395,,failed,0,0,,no_usable_pages,known,,,bpt6k6715395: no usable pages in manifest.,2026-07-17T20:32:22.704886
leconstitutionnel,bpt6k6715403,,failed,0,0,,no_usable_pages,known,,,bpt6k6715403: no usable pages in manifest.,2026-07-17T20:32:22.822562
leconstitutionnel,bpt6k671541g,,failed,0,0,,no_usable_pages,known,,,bpt6k671541g: no usable pages in manifest.,2026-07-17T20:32:22.904922
leconstitutionnel,bpt6k671542v,,failed,0,0,,no_usable_pages,known,,,bpt6k671542v: no usable pages in manifest.,2026-07-17T20:32:22.978692
leconstitutionnel,bpt6k6715437,,failed,0,0,,no_usable_pages,known,,,bpt6k6715437: no usable pages in manifest.,2026-07-17T20:32:23.058095
leconstitutionnel,bpt6k671544m,,failed,0,0,,no_usable_pages,known,,,bpt6k671544m: no usable pages in manifest.,2026-07-17T20:32:23.152470
leconstitutionnel,bpt6k6715450,,failed,0,0,,no_usable_pages,known,,,bpt6k6715450: no usable pages in manifest.,2026-07-17T20:32:23.230600
leconstitutionnel,bpt6k671546c,,failed,0,0,,no_usable_pages,known,,,bpt6k671546c: no usable pages in manifest.,2026-07-17T20:32:23.315532
leconstitutionnel,bpt6k671547r,,failed,0,0,,no_usable_pages,known,,,bpt6k671547r: no usable pages in manifest.,2026-07-17T20:32:23.430750
leconstitutionnel,bpt6k6715484,,failed,0,0,,no_usable_pages,known,,,bpt6k6715484: no usable pages in manifest.,2026-07-17T20:32:23.520002
leconstitutionnel,bpt6k671549h,,failed,0,0,,no_usable_pages,known,,,bpt6k671549h: no usable pages in manifest.,2026-07-17T20:32:23.627341
leconstitutionnel,bpt6k671550f,,failed,0,0,,no_usable_pages,known,,,bpt6k671550f: no usable pages in manifest.,2026-07-17T20:32:23.746378
leconstitutionnel,bpt6k671551t,,failed,0,0,,no_usable_pages,known,,,bpt6k671551t: no usable pages in manifest.,2026-07-17T20:32:23.875847
leconstitutionnel,bpt6k6715526,,failed,0,0,,no_usable_pages,known,,,bpt6k6715526: no usable pages in manifest.,2026-07-17T20:32:24.003037
leconstitutionnel,bpt6k671553k,,failed,0,0,,no_usable_pages,known,,,bpt6k671553k: no usable pages in manifest.,2026-07-17T20:32:24.129347
leconstitutionnel,bpt6k671554z,,failed,0,0,,no_usable_pages,known,,,bpt6k671554z: no usable pages in manifest.,2026-07-17T20:32:24.257419
leconstitutionnel,bpt6k671555b,,failed,0,0,,no_usable_pages,known,,,bpt6k671555b: no usable pages in manifest.,2026-07-17T20:32:24.378563
leconstitutionnel,bpt6k671556q,,failed,0,0,,no_usable_pages,known,,,bpt6k671556q: no usable pages in manifest.,2026-07-17T20:32:24.485664
leconstitutionnel,bpt6k6715573,,failed,0,0,,no_usable_pages,known,,,bpt6k6715573: no usable pages in manifest.,2026-07-17T20:32:24.601388
leconstitutionnel,bpt6k671558g,,failed,0,0,,no_usable_pages,known,,,bpt6k671558g: no usable pages in manifest.,2026-07-17T20:32:24.758341
leconstitutionnel,bpt6k671559v,,failed,0,0,,no_usable_pages,known,,,bpt6k671559v: no usable pages in manifest.,2026-07-17T20:32:24.868757
leconstitutionnel,bpt6k671560s,,failed,0,0,,no_usable_pages,known,,,bpt6k671560s: no usable pages in manifest.,2026-07-17T20:32:24.945031
leconstitutionnel,bpt6k6715615,,failed,0,0,,no_usable_pages,known,,,bpt6k6715615: no usable pages in manifest.,2026-07-17T20:32:25.015621
leconstitutionnel,bpt6k671562j,,failed,0,0,,no_usable_pages,known,,,bpt6k671562j: no usable pages in manifest.,2026-07-17T20:32:25.129470
leconstitutionnel,bpt6k671563x,,failed,0,0,,no_usable_pages,known,,,bpt6k671563x: no usable pages in manifest.,2026-07-17T20:32:25.210643
leconstitutionnel,bpt6k6715649,,failed,0,0,,no_usable_pages,known,,,bpt6k6715649: no usable pages in manifest.,2026-07-17T20:32:25.307670
leconstitutionnel,bpt6k671565p,,failed,0,0,,no_usable_pages,known,,,bpt6k671565p: no usable pages in manifest.,2026-07-17T20:32:25.409898
leconstitutionnel,bpt6k6715662,,failed,0,0,,no_usable_pages,known,,,bpt6k6715662: no usable pages in manifest.,2026-07-17T20:32:25.510861
leconstitutionnel,bpt6k671567f,,failed,0,0,,no_usable_pages,known,,,bpt6k671567f: no usable pages in manifest.,2026-07-17T20:32:25.632199
leconstitutionnel,bpt6k671568t,,failed,0,0,,no_usable_pages,known,,,bpt6k671568t: no usable pages in manifest.,2026-07-17T20:32:25.733840
leconstitutionnel,bpt6k6715696,,failed,0,0,,no_usable_pages,known,,,bpt6k6715696: no usable pages in manifest.,2026-07-17T20:32:25.832728
leconstitutionnel,bpt6k6715704,,failed,0,0,,no_usable_pages,known,,,bpt6k6715704: no usable pages in manifest.,2026-07-17T20:32:25.946567
leconstitutionnel,bpt6k671571h,,failed,0,0,,no_usable_pages,known,,,bpt6k671571h: no usable pages in manifest.,2026-07-17T20:32:26.025333
leconstitutionnel,bpt6k671572w,,failed,0,0,,no_usable_pages,known,,,bpt6k671572w: no usable pages in manifest.,2026-07-17T20:32:26.107623
leconstitutionnel,bpt6k6715738,,failed,0,0,,no_usable_pages,known,,,bpt6k6715738: no usable pages in manifest.,2026-07-17T20:32:26.191527
leconstitutionnel,bpt6k671574n,,failed,0,0,,no_usable_pages,known,,,bpt6k671574n: no usable pages in manifest.,2026-07-17T20:32:26.267767
leconstitutionnel,bpt6k6715751,,failed,0,0,,no_usable_pages,known,,,bpt6k6715751: no usable pages in manifest.,2026-07-17T20:32:26.377497
leconstitutionnel,bpt6k671576d,,failed,0,0,,no_usable_pages,known,,,bpt6k671576d: no usable pages in manifest.,2026-07-17T20:32:26.451755
leconstitutionnel,bpt6k671577s,,failed,0,0,,no_usable_pages,known,,,bpt6k671577s: no usable pages in manifest.,2026-07-17T20:32:26.518621
leconstitutionnel,bpt6k6715785,,failed,0,0,,no_usable_pages,known,,,bpt6k6715785: no usable pages in manifest.,2026-07-17T20:32:26.582766
leconstitutionnel,bpt6k671579j,,failed,0,0,,no_usable_pages,known,,,bpt6k671579j: no usable pages in manifest.,2026-07-17T20:32:26.701126
leconstitutionnel,bpt6k671580g,,failed,0,0,,no_usable_pages,known,,,bpt6k671580g: no usable pages in manifest.,2026-07-17T20:32:26.787254
leconstitutionnel,bpt6k671581v,,failed,0,0,,no_usable_pages,known,,,bpt6k671581v: no usable pages in manifest.,2026-07-17T20:32:26.869151
leconstitutionnel,bpt6k6715827,,failed,0,0,,no_usable_pages,known,,,bpt6k6715827: no usable pages in manifest.,2026-07-17T20:32:26.998115
leconstitutionnel,bpt6k671583m,,failed,0,0,,no_usable_pages,known,,,bpt6k671583m: no usable pages in manifest.,2026-07-17T20:32:27.111239
leconstitutionnel,bpt6k6715840,,failed,0,0,,no_usable_pages,known,,,bpt6k6715840: no usable pages in manifest.,2026-07-17T20:32:27.347376
leconstitutionnel,bpt6k671585c,,failed,0,0,,no_usable_pages,known,,,bpt6k671585c: no usable pages in manifest.,2026-07-17T20:32:27.427234
leconstitutionnel,bpt6k671586r,,failed,0,0,,no_usable_pages,known,,,bpt6k671586r: no usable pages in manifest.,2026-07-17T20:32:27.497516
leconstitutionnel,bpt6k6715874,,failed,0,0,,no_usable_pages,known,,,bpt6k6715874: no usable pages in manifest.,2026-07-17T20:32:27.598134
leconstitutionnel,bpt6k671588h,,failed,0,0,,no_usable_pages,known,,,bpt6k671588h: no usable pages in manifest.,2026-07-17T20:32:27.674892
leconstitutionnel,bpt6k671589w,,failed,0,0,,no_usable_pages,known,,,bpt6k671589w: no usable pages in manifest.,2026-07-17T20:32:27.742303
leconstitutionnel,bpt6k671590t,,failed,0,0,,no_usable_pages,known,,,bpt6k671590t: no usable pages in manifest.,2026-07-17T20:32:27.821981
leconstitutionnel,bpt6k6715916,,failed,0,0,,no_usable_pages,known,,,bpt6k6715916: no usable pages in manifest.,2026-07-17T20:32:27.912637
leconstitutionnel,bpt6k671592k,,failed,0,0,,no_usable_pages,known,,,bpt6k671592k: no usable pages in manifest.,2026-07-17T20:32:28.045082
leconstitutionnel,bpt6k671593z,,failed,0,0,,no_usable_pages,known,,,bpt6k671593z: no usable pages in manifest.,2026-07-17T20:32:28.140999
leconstitutionnel,bpt6k671594b,,failed,0,0,,no_usable_pages,known,,,bpt6k671594b: no usable pages in manifest.,2026-07-17T20:32:28.216287
leconstitutionnel,bpt6k671595q,,failed,0,0,,no_usable_pages,known,,,bpt6k671595q: no usable pages in manifest.,2026-07-17T20:32:28.320268
leconstitutionnel,bpt6k6715963,,failed,0,0,,no_usable_pages,known,,,bpt6k6715963: no usable pages in manifest.,2026-07-17T20:32:28.486165
leconstitutionnel,bpt6k671597g,,failed,0,0,,no_usable_pages,known,,,bpt6k671597g: no usable pages in manifest.,2026-07-17T20:32:28.575185
leconstitutionnel,bpt6k671598v,,failed,0,0,,no_usable_pages,known,,,bpt6k671598v: no usable pages in manifest.,2026-07-17T20:32:28.697080
leconstitutionnel,bpt6k6715997,,failed,0,0,,no_usable_pages,known,,,bpt6k6715997: no usable pages in manifest.,2026-07-17T20:32:28.845503
leconstitutionnel,bpt6k6716001,,failed,0,0,,no_usable_pages,known,,,bpt6k6716001: no usable pages in manifest.,2026-07-17T20:32:28.967400
leconstitutionnel,bpt6k671601d,,failed,0,0,,no_usable_pages,known,,,bpt6k671601d: no usable pages in manifest.,2026-07-17T20:32:29.083431
leconstitutionnel,bpt6k671602s,,failed,0,0,,no_usable_pages,known,,,bpt6k671602s: no usable pages in manifest.,2026-07-17T20:32:29.139748
leconstitutionnel,bpt6k6716035,,failed,0,0,,no_usable_pages,known,,,bpt6k6716035: no usable pages in manifest.,2026-07-17T20:32:29.203504
leconstitutionnel,bpt6k671604j,,failed,0,0,,no_usable_pages,known,,,bpt6k671604j: no usable pages in manifest.,2026-07-17T20:32:29.289859
leconstitutionnel,bpt6k671605x,,failed,0,0,,no_usable_pages,known,,,bpt6k671605x: no usable pages in manifest.,2026-07-17T20:32:29.368822
leconstitutionnel,bpt6k6716069,,failed,0,0,,no_usable_pages,known,,,bpt6k6716069: no usable pages in manifest.,2026-07-17T20:32:29.449102
leconstitutionnel,bpt6k671607p,,failed,0,0,,no_usable_pages,known,,,bpt6k671607p: no usable pages in manifest.,2026-07-17T20:32:29.549153
leconstitutionnel,bpt6k6716082,,failed,0,0,,no_usable_pages,known,,,bpt6k6716082: no usable pages in manifest.,2026-07-17T20:32:29.638294
leconstitutionnel,bpt6k671609f,,failed,0,0,,no_usable_pages,known,,,bpt6k671609f: no usable pages in manifest.,2026-07-17T20:32:29.686713
leconstitutionnel,bpt6k671610c,,failed,0,0,,no_usable_pages,known,,,bpt6k671610c: no usable pages in manifest.,2026-07-17T20:32:29.741494
leconstitutionnel,bpt6k671611r,,failed,0,0,,no_usable_pages,known,,,bpt6k671611r: no usable pages in manifest.,2026-07-17T20:32:29.787585
leconstitutionnel,bpt6k6716124,,failed,0,0,,no_usable_pages,known,,,bpt6k6716124: no usable pages in manifest.,2026-07-17T20:32:29.849834
leconstitutionnel,bpt6k671613h,,failed,0,0,,no_usable_pages,known,,,bpt6k671613h: no usable pages in manifest.,2026-07-17T20:32:29.911562
leconstitutionnel,bpt6k671614w,,failed,0,0,,no_usable_pages,known,,,bpt6k671614w: no usable pages in manifest.,2026-07-17T20:32:29.971151
leconstitutionnel,bpt6k6716158,,failed,0,0,,no_usable_pages,known,,,bpt6k6716158: no usable pages in manifest.,2026-07-17T20:32:30.049159
leconstitutionnel,bpt6k671616n,,failed,0,0,,no_usable_pages,known,,,bpt6k671616n: no usable pages in manifest.,2026-07-17T20:32:30.145005
leconstitutionnel,bpt6k6716171,,failed,0,0,,no_usable_pages,known,,,bpt6k6716171: no usable pages in manifest.,2026-07-17T20:32:30.249843
leconstitutionnel,bpt6k671618d,,failed,0,0,,no_usable_pages,known,,,bpt6k671618d: no usable pages in manifest.,2026-07-17T20:32:30.379493
leconstitutionnel,bpt6k671619s,,failed,0,0,,no_usable_pages,known,,,bpt6k671619s: no usable pages in manifest.,2026-07-17T20:32:30.509498
leconstitutionnel,bpt6k671620q,,failed,0,0,,no_usable_pages,known,,,bpt6k671620q: no usable pages in manifest.,2026-07-17T20:32:30.612342
leconstitutionnel,bpt6k6716213,,failed,0,0,,no_usable_pages,known,,,bpt6k6716213: no usable pages in manifest.,2026-07-17T20:32:30.710242
leconstitutionnel,bpt6k671622g,,failed,0,0,,no_usable_pages,known,,,bpt6k671622g: no usable pages in manifest.,2026-07-17T20:32:30.801778
leconstitutionnel,bpt6k671623v,,failed,0,0,,no_usable_pages,known,,,bpt6k671623v: no usable pages in manifest.,2026-07-17T20:32:30.877212
leconstitutionnel,bpt6k6716247,,failed,0,0,,no_usable_pages,known,,,bpt6k6716247: no usable pages in manifest.,2026-07-17T20:32:30.950893
leconstitutionnel,bpt6k671625m,,failed,0,0,,no_usable_pages,known,,,bpt6k671625m: no usable pages in manifest.,2026-07-17T20:32:31.035737
leconstitutionnel,bpt6k6716260,,failed,0,0,,no_usable_pages,known,,,bpt6k6716260: no usable pages in manifest.,2026-07-17T20:32:31.156983
leconstitutionnel,bpt6k671627c,,failed,0,0,,no_usable_pages,known,,,bpt6k671627c: no usable pages in manifest.,2026-07-17T20:32:31.240399
leconstitutionnel,bpt6k671628r,,failed,0,0,,no_usable_pages,known,,,bpt6k671628r: no usable pages in manifest.,2026-07-17T20:32:31.326927
leconstitutionnel,bpt6k6716294,,failed,0,0,,no_usable_pages,known,,,bpt6k6716294: no usable pages in manifest.,2026-07-17T20:32:31.387364
leconstitutionnel,bpt6k6716302,,failed,0,0,,no_usable_pages,known,,,bpt6k6716302: no usable pages in manifest.,2026-07-17T20:32:31.464134
leconstitutionnel,bpt6k671631f,,failed,0,0,,no_usable_pages,known,,,bpt6k671631f: no usable pages in manifest.,2026-07-17T20:32:31.546867
leconstitutionnel,bpt6k671632t,,failed,0,0,,no_usable_pages,known,,,bpt6k671632t: no usable pages in manifest.,2026-07-17T20:32:31.641331
leconstitutionnel,bpt6k6716336,,failed,0,0,,no_usable_pages,known,,,bpt6k6716336: no usable pages in manifest.,2026-07-17T20:32:31.744672
leconstitutionnel,bpt6k671634k,,failed,0,0,,no_usable_pages,known,,,bpt6k671634k: no usable pages in manifest.,2026-07-17T20:32:31.888075
leconstitutionnel,bpt6k671761s,,failed,0,0,,no_usable_pages,known,,,bpt6k671761s: no usable pages in manifest.,2026-07-17T20:32:32.023667
leconstitutionnel,bpt6k6717625,,failed,0,0,,no_usable_pages,known,,,bpt6k6717625: no usable pages in manifest.,2026-07-17T20:32:32.131382
leconstitutionnel,bpt6k671763j,,failed,0,0,,no_usable_pages,known,,,bpt6k671763j: no usable pages in manifest.,2026-07-17T20:32:32.223133
leconstitutionnel,bpt6k671856n,,failed,0,0,,no_usable_pages,known,,,bpt6k671856n: no usable pages in manifest.,2026-07-17T20:32:32.306223
leconstitutionnel,bpt6k673956h,,failed,0,0,,no_usable_pages,known,,,bpt6k673956h: no usable pages in manifest.,2026-07-17T20:32:32.409806
leconstitutionnel,bpt6k673957w,,failed,0,0,,no_usable_pages,known,,,bpt6k673957w: no usable pages in manifest.,2026-07-17T20:32:32.477724
leconstitutionnel,bpt6k6739588,,failed,0,0,,no_usable_pages,known,,,bpt6k6739588: no usable pages in manifest.,2026-07-17T20:32:32.563609
leconstitutionnel,bpt6k673959n,,failed,0,0,,no_usable_pages,known,,,bpt6k673959n: no usable pages in manifest.,2026-07-17T20:32:32.671494
leconstitutionnel,bpt6k673960k,,failed,0,0,,no_usable_pages,known,,,bpt6k673960k: no usable pages in manifest.,2026-07-17T20:32:32.753340
leconstitutionnel,bpt6k673961z,,failed,0,0,,no_usable_pages,known,,,bpt6k673961z: no usable pages in manifest.,2026-07-17T20:32:32.897215
leconstitutionnel,bpt6k673983d,,failed,0,0,,no_usable_pages,known,,,bpt6k673983d: no usable pages in manifest.,2026-07-17T20:32:33.045666
leconstitutionnel,bpt6k673984s,,failed,0,0,,no_usable_pages,known,,,bpt6k673984s: no usable pages in manifest.,2026-07-17T20:32:33.154617
leconstitutionnel,bpt6k6739855,,failed,0,0,,no_usable_pages,known,,,bpt6k6739855: no usable pages in manifest.,2026-07-17T20:32:33.483500
leconstitutionnel,bpt6k673986j,,failed,0,0,,no_usable_pages,known,,,bpt6k673986j: no usable pages in manifest.,2026-07-17T20:32:33.564907
leconstitutionnel,bpt6k673987x,,failed,0,0,,no_usable_pages,known,,,bpt6k673987x: no usable pages in manifest.,2026-07-17T20:32:33.660290
leconstitutionnel,bpt6k6739889,,failed,0,0,,no_usable_pages,known,,,bpt6k6739889: no usable pages in manifest.,2026-07-17T20:32:33.792459
leconstitutionnel,bpt6k673989p,,failed,0,0,,no_usable_pages,known,,,bpt6k673989p: no usable pages in manifest.,2026-07-17T20:32:33.894728
leconstitutionnel,bpt6k674004h,,failed,0,0,,no_usable_pages,known,,,bpt6k674004h: no usable pages in manifest.,2026-07-17T20:32:33.993006
leconstitutionnel,bpt6k674005w,,failed,0,0,,no_usable_pages,known,,,bpt6k674005w: no usable pages in manifest.,2026-07-17T20:32:34.098643
leconstitutionnel,bpt6k6740068,,failed,0,0,,no_usable_pages,known,,,bpt6k6740068: no usable pages in manifest.,2026-07-17T20:32:34.187520
leconstitutionnel,bpt6k674007n,,failed,0,0,,no_usable_pages,known,,,bpt6k674007n: no usable pages in manifest.,2026-07-17T20:32:34.289160
leconstitutionnel,bpt6k6740081,,failed,0,0,,no_usable_pages,known,,,bpt6k6740081: no usable pages in manifest.,2026-07-17T20:32:34.388406
leconstitutionnel,bpt6k674009d,,failed,0,0,,no_usable_pages,known,,,bpt6k674009d: no usable pages in manifest.,2026-07-17T20:32:34.460767
leconstitutionnel,bpt6k674010b,,failed,0,0,,no_usable_pages,known,,,bpt6k674010b: no usable pages in manifest.,2026-07-17T20:32:34.529667
leconstitutionnel,bpt6k6744745,,failed,0,0,,no_usable_pages,known,,,bpt6k6744745: no usable pages in manifest.,2026-07-17T20:32:34.615854
leconstitutionnel,bpt6k674475j,,failed,0,0,,no_usable_pages,known,,,bpt6k674475j: no usable pages in manifest.,2026-07-17T20:32:34.709221
leconstitutionnel,bpt6k674476x,,failed,0,0,,no_usable_pages,known,,,bpt6k674476x: no usable pages in manifest.,2026-07-17T20:32:34.823337
leconstitutionnel,bpt6k6744779,,failed,0,0,,no_usable_pages,known,,,bpt6k6744779: no usable pages in manifest.,2026-07-17T20:32:34.927052
leconstitutionnel,bpt6k674478p,,failed,0,0,,no_usable_pages,known,,,bpt6k674478p: no usable pages in manifest.,2026-07-17T20:32:35.076758
leconstitutionnel,bpt6k6744792,,failed,0,0,,no_usable_pages,known,,,bpt6k6744792: no usable pages in manifest.,2026-07-17T20:32:35.165380
leconstitutionnel,bpt6k6744800,,failed,0,0,,no_usable_pages,known,,,bpt6k6744800: no usable pages in manifest.,2026-07-17T20:32:35.304260
leconstitutionnel,bpt6k674481c,,failed,0,0,,no_usable_pages,known,,,bpt6k674481c: no usable pages in manifest.,2026-07-17T20:32:35.452362
leconstitutionnel,bpt6k674482r,,failed,0,0,,no_usable_pages,known,,,bpt6k674482r: no usable pages in manifest.,2026-07-17T20:32:35.519119
leconstitutionnel,bpt6k6744834,,failed,0,0,,no_usable_pages,known,,,bpt6k6744834: no usable pages in manifest.,2026-07-17T20:32:35.603150
leconstitutionnel,bpt6k674484h,,failed,0,0,,no_usable_pages,known,,,bpt6k674484h: no usable pages in manifest.,2026-07-17T20:32:35.695502
leconstitutionnel,bpt6k6757463,,failed,0,0,,no_usable_pages,known,,,bpt6k6757463: no usable pages in manifest.,2026-07-17T20:32:35.852443
leconstitutionnel,bpt6k675897h,,failed,0,0,,no_usable_pages,known,,,bpt6k675897h: no usable pages in manifest.,2026-07-17T20:32:35.934227
leconstitutionnel,bpt6k676656d,,failed,0,0,,no_usable_pages,known,,,bpt6k676656d: no usable pages in manifest.,2026-07-17T20:32:36.009403
leconstitutionnel,bpt6k676657s,,failed,0,0,,no_usable_pages,known,,,bpt6k676657s: no usable pages in manifest.,2026-07-17T20:32:36.084509
leconstitutionnel,bpt6k6766585,,failed,0,0,,no_usable_pages,known,,,bpt6k6766585: no usable pages in manifest.,2026-07-17T20:32:36.151893
leconstitutionnel,bpt6k676659j,,failed,0,0,,no_usable_pages,known,,,bpt6k676659j: no usable pages in manifest.,2026-07-17T20:32:36.230964
leconstitutionnel,bpt6k676660g,,failed,0,0,,no_usable_pages,known,,,bpt6k676660g: no usable pages in manifest.,2026-07-17T20:32:36.325835
leconstitutionnel,bpt6k676661v,,failed,0,0,,no_usable_pages,known,,,bpt6k676661v: no usable pages in manifest.,2026-07-17T20:32:36.453420
leconstitutionnel,bpt6k6766627,,failed,0,0,,no_usable_pages,known,,,bpt6k6766627: no usable pages in manifest.,2026-07-17T20:32:36.690698
leconstitutionnel,bpt6k676663m,,failed,0,0,,no_usable_pages,known,,,bpt6k676663m: no usable pages in manifest.,2026-07-17T20:32:36.776623
leconstitutionnel,bpt6k6766640,,failed,0,0,,no_usable_pages,known,,,bpt6k6766640: no usable pages in manifest.,2026-07-17T20:32:36.857742
leconstitutionnel,bpt6k676665c,,failed,0,0,,no_usable_pages,known,,,bpt6k676665c: no usable pages in manifest.,2026-07-17T20:32:36.965846
leconstitutionnel,bpt6k676666r,,failed,0,0,,no_usable_pages,known,,,bpt6k676666r: no usable pages in manifest.,2026-07-17T20:32:37.041024
leconstitutionnel,bpt6k6766674,,failed,0,0,,no_usable_pages,known,,,bpt6k6766674: no usable pages in manifest.,2026-07-17T20:32:37.110904
leconstitutionnel,bpt6k676668h,,failed,0,0,,no_usable_pages,known,,,bpt6k676668h: no usable pages in manifest.,2026-07-17T20:32:37.183715
leconstitutionnel,bpt6k676669w,,failed,0,0,,no_usable_pages,known,,,bpt6k676669w: no usable pages in manifest.,2026-07-17T20:32:37.260828
leconstitutionnel,bpt6k676670t,,failed,0,0,,no_usable_pages,known,,,bpt6k676670t: no usable pages in manifest.,2026-07-17T20:32:37.348302
leconstitutionnel,bpt6k6766716,,failed,0,0,,no_usable_pages,known,,,bpt6k6766716: no usable pages in manifest.,2026-07-17T20:32:37.462848
leconstitutionnel,bpt6k676672k,,failed,0,0,,no_usable_pages,known,,,bpt6k676672k: no usable pages in manifest.,2026-07-17T20:32:37.542222
leconstitutionnel,bpt6k676673z,,failed,0,0,,no_usable_pages,known,,,bpt6k676673z: no usable pages in manifest.,2026-07-17T20:32:37.637288
leconstitutionnel,bpt6k676674b,,failed,0,0,,no_usable_pages,known,,,bpt6k676674b: no usable pages in manifest.,2026-07-17T20:32:37.703371
leconstitutionnel,bpt6k676675q,,failed,0,0,,no_usable_pages,known,,,bpt6k676675q: no usable pages in manifest.,2026-07-17T20:32:37.787825
leconstitutionnel,bpt6k6766763,,failed,0,0,,no_usable_pages,known,,,bpt6k6766763: no usable pages in manifest.,2026-07-17T20:32:37.838102
leconstitutionnel,bpt6k676677g,,failed,0,0,,no_usable_pages,known,,,bpt6k676677g: no usable pages in manifest.,2026-07-17T20:32:37.935338
leconstitutionnel,bpt6k676678v,,failed,0,0,,no_usable_pages,known,,,bpt6k676678v: no usable pages in manifest.,2026-07-17T20:32:38.003318
leconstitutionnel,bpt6k6766797,,failed,0,0,,no_usable_pages,known,,,bpt6k6766797: no usable pages in manifest.,2026-07-17T20:32:38.122062
leconstitutionnel,bpt6k6766805,,failed,0,0,,no_usable_pages,known,,,bpt6k6766805: no usable pages in manifest.,2026-07-17T20:32:38.225965
leconstitutionnel,bpt6k676681j,,failed,0,0,,no_usable_pages,known,,,bpt6k676681j: no usable pages in manifest.,2026-07-17T20:32:38.320080
leconstitutionnel,bpt6k676682x,,failed,0,0,,no_usable_pages,known,,,bpt6k676682x: no usable pages in manifest.,2026-07-17T20:32:38.411983
leconstitutionnel,bpt6k6766839,,failed,0,0,,no_usable_pages,known,,,bpt6k6766839: no usable pages in manifest.,2026-07-17T20:32:38.538748
leconstitutionnel,bpt6k676684p,,failed,0,0,,no_usable_pages,known,,,bpt6k676684p: no usable pages in manifest.,2026-07-17T20:32:38.633295
leconstitutionnel,bpt6k6766852,,failed,0,0,,no_usable_pages,known,,,bpt6k6766852: no usable pages in manifest.,2026-07-17T20:32:38.706992
leconstitutionnel,bpt6k676686f,,failed,0,0,,no_usable_pages,known,,,bpt6k676686f: no usable pages in manifest.,2026-07-17T20:32:38.777526
leconstitutionnel,bpt6k676687t,,failed,0,0,,no_usable_pages,known,,,bpt6k676687t: no usable pages in manifest.,2026-07-17T20:32:38.861942
leconstitutionnel,bpt6k6766886,,failed,0,0,,no_usable_pages,known,,,bpt6k6766886: no usable pages in manifest.,2026-07-17T20:32:38.969938
leconstitutionnel,bpt6k676689k,,failed,0,0,,no_usable_pages,known,,,bpt6k676689k: no usable pages in manifest.,2026-07-17T20:32:39.084166
leconstitutionnel,bpt6k676690h,,failed,0,0,,no_usable_pages,known,,,bpt6k676690h: no usable pages in manifest.,2026-07-17T20:32:39.149143
leconstitutionnel,bpt6k676691w,,failed,0,0,,no_usable_pages,known,,,bpt6k676691w: no usable pages in manifest.,2026-07-17T20:32:39.231644
leconstitutionnel,bpt6k6766928,,failed,0,0,,no_usable_pages,known,,,bpt6k6766928: no usable pages in manifest.,2026-07-17T20:32:39.316896
leconstitutionnel,bpt6k676693n,,failed,0,0,,no_usable_pages,known,,,bpt6k676693n: no usable pages in manifest.,2026-07-17T20:32:39.403355
leconstitutionnel,bpt6k6766941,,failed,0,0,,no_usable_pages,known,,,bpt6k6766941: no usable pages in manifest.,2026-07-17T20:32:39.526126
leconstitutionnel,bpt6k676695d,,failed,0,0,,no_usable_pages,known,,,bpt6k676695d: no usable pages in manifest.,2026-07-17T20:32:39.608711
leconstitutionnel,bpt6k676696s,,failed,0,0,,no_usable_pages,known,,,bpt6k676696s: no usable pages in manifest.,2026-07-17T20:32:39.671827
leconstitutionnel,bpt6k6766975,,failed,0,0,,no_usable_pages,known,,,bpt6k6766975: no usable pages in manifest.,2026-07-17T20:32:39.803593
leconstitutionnel,bpt6k676698j,,failed,0,0,,no_usable_pages,known,,,bpt6k676698j: no usable pages in manifest.,2026-07-17T20:32:39.907012
leconstitutionnel,bpt6k676699x,,failed,0,0,,no_usable_pages,known,,,bpt6k676699x: no usable pages in manifest.,2026-07-17T20:32:40.018577
leconstitutionnel,bpt6k676700q,,failed,0,0,,no_usable_pages,known,,,bpt6k676700q: no usable pages in manifest.,2026-07-17T20:32:40.156083
leconstitutionnel,bpt6k6767013,,failed,0,0,,no_usable_pages,known,,,bpt6k6767013: no usable pages in manifest.,2026-07-17T20:32:40.220939
leconstitutionnel,bpt6k676702g,,failed,0,0,,no_usable_pages,known,,,bpt6k676702g: no usable pages in manifest.,2026-07-17T20:32:40.303700
leconstitutionnel,bpt6k676703v,,failed,0,0,,no_usable_pages,known,,,bpt6k676703v: no usable pages in manifest.,2026-07-17T20:32:40.390717
leconstitutionnel,bpt6k6767047,,failed,0,0,,no_usable_pages,known,,,bpt6k6767047: no usable pages in manifest.,2026-07-17T20:32:40.476578
leconstitutionnel,bpt6k676705m,,failed,0,0,,no_usable_pages,known,,,bpt6k676705m: no usable pages in manifest.,2026-07-17T20:32:40.625574
leconstitutionnel,bpt6k6767060,,failed,0,0,,no_usable_pages,known,,,bpt6k6767060: no usable pages in manifest.,2026-07-17T20:32:40.713442
leconstitutionnel,bpt6k676707c,,failed,0,0,,no_usable_pages,known,,,bpt6k676707c: no usable pages in manifest.,2026-07-17T20:32:40.778931
leconstitutionnel,bpt6k676708r,,failed,0,0,,no_usable_pages,known,,,bpt6k676708r: no usable pages in manifest.,2026-07-17T20:32:40.857569
leconstitutionnel,bpt6k6767094,,failed,0,0,,no_usable_pages,known,,,bpt6k6767094: no usable pages in manifest.,2026-07-17T20:32:40.924317
leconstitutionnel,bpt6k6767102,,failed,0,0,,no_usable_pages,known,,,bpt6k6767102: no usable pages in manifest.,2026-07-17T20:32:41.011385
leconstitutionnel,bpt6k676711f,,failed,0,0,,no_usable_pages,known,,,bpt6k676711f: no usable pages in manifest.,2026-07-17T20:32:41.079291
leconstitutionnel,bpt6k676712t,,failed,0,0,,no_usable_pages,known,,,bpt6k676712t: no usable pages in manifest.,2026-07-17T20:32:41.140722
leconstitutionnel,bpt6k6767136,,failed,0,0,,no_usable_pages,known,,,bpt6k6767136: no usable pages in manifest.,2026-07-17T20:32:41.212739
leconstitutionnel,bpt6k676714k,,failed,0,0,,no_usable_pages,known,,,bpt6k676714k: no usable pages in manifest.,2026-07-17T20:32:41.276021
leconstitutionnel,bpt6k676715z,,failed,0,0,,no_usable_pages,known,,,bpt6k676715z: no usable pages in manifest.,2026-07-17T20:32:41.350243
leconstitutionnel,bpt6k676716b,,failed,0,0,,no_usable_pages,known,,,bpt6k676716b: no usable pages in manifest.,2026-07-17T20:32:41.490829
leconstitutionnel,bpt6k676717q,,failed,0,0,,no_usable_pages,known,,,bpt6k676717q: no usable pages in manifest.,2026-07-17T20:32:41.647076
leconstitutionnel,bpt6k6767183,,failed,0,0,,no_usable_pages,known,,,bpt6k6767183: no usable pages in manifest.,2026-07-17T20:32:41.735939
leconstitutionnel,bpt6k676719g,,failed,0,0,,no_usable_pages,known,,,bpt6k676719g: no usable pages in manifest.,2026-07-17T20:32:41.815458
leconstitutionnel,bpt6k676720d,,failed,0,0,,no_usable_pages,known,,,bpt6k676720d: no usable pages in manifest.,2026-07-17T20:32:41.871359
leconstitutionnel,bpt6k676721s,,failed,0,0,,no_usable_pages,known,,,bpt6k676721s: no usable pages in manifest.,2026-07-17T20:32:41.939822
leconstitutionnel,bpt6k6767225,,failed,0,0,,no_usable_pages,known,,,bpt6k6767225: no usable pages in manifest.,2026-07-17T20:32:42.005615
leconstitutionnel,bpt6k676723j,,failed,0,0,,no_usable_pages,known,,,bpt6k676723j: no usable pages in manifest.,2026-07-17T20:32:42.092712
leconstitutionnel,bpt6k676724x,,failed,0,0,,no_usable_pages,known,,,bpt6k676724x: no usable pages in manifest.,2026-07-17T20:32:42.163187
leconstitutionnel,bpt6k6767259,,failed,0,0,,no_usable_pages,known,,,bpt6k6767259: no usable pages in manifest.,2026-07-17T20:32:42.228102
leconstitutionnel,bpt6k676726p,,failed,0,0,,no_usable_pages,known,,,bpt6k676726p: no usable pages in manifest.,2026-07-17T20:32:42.303148
leconstitutionnel,bpt6k6767272,,failed,0,0,,no_usable_pages,known,,,bpt6k6767272: no usable pages in manifest.,2026-07-17T20:32:42.361452
leconstitutionnel,bpt6k676728f,,failed,0,0,,no_usable_pages,known,,,bpt6k676728f: no usable pages in manifest.,2026-07-17T20:32:42.448406
leconstitutionnel,bpt6k676729t,,failed,0,0,,no_usable_pages,known,,,bpt6k676729t: no usable pages in manifest.,2026-07-17T20:32:42.525197
leconstitutionnel,bpt6k676730r,,failed,0,0,,no_usable_pages,known,,,bpt6k676730r: no usable pages in manifest.,2026-07-17T20:32:42.689767
leconstitutionnel,bpt6k6767314,,failed,0,0,,no_usable_pages,known,,,bpt6k6767314: no usable pages in manifest.,2026-07-17T20:32:42.775196
leconstitutionnel,bpt6k676732h,,failed,0,0,,no_usable_pages,known,,,bpt6k676732h: no usable pages in manifest.,2026-07-17T20:32:42.881421
leconstitutionnel,bpt6k676733w,,failed,0,0,,no_usable_pages,known,,,bpt6k676733w: no usable pages in manifest.,2026-07-17T20:32:43.012015
leconstitutionnel,bpt6k6767348,,failed,0,0,,no_usable_pages,known,,,bpt6k6767348: no usable pages in manifest.,2026-07-17T20:32:43.091388
leconstitutionnel,bpt6k676735n,,failed,0,0,,no_usable_pages,known,,,bpt6k676735n: no usable pages in manifest.,2026-07-17T20:32:43.189255
leconstitutionnel,bpt6k6767361,,failed,0,0,,no_usable_pages,known,,,bpt6k6767361: no usable pages in manifest.,2026-07-17T20:32:43.261675
leconstitutionnel,bpt6k676737d,,failed,0,0,,no_usable_pages,known,,,bpt6k676737d: no usable pages in manifest.,2026-07-17T20:32:43.316868
leconstitutionnel,bpt6k676738s,,failed,0,0,,no_usable_pages,known,,,bpt6k676738s: no usable pages in manifest.,2026-07-17T20:32:43.399044
leconstitutionnel,bpt6k6767395,,failed,0,0,,no_usable_pages,known,,,bpt6k6767395: no usable pages in manifest.,2026-07-17T20:32:43.500240
leconstitutionnel,bpt6k6767403,,failed,0,0,,no_usable_pages,known,,,bpt6k6767403: no usable pages in manifest.,2026-07-17T20:32:43.620879
leconstitutionnel,bpt6k676741g,,failed,0,0,,no_usable_pages,known,,,bpt6k676741g: no usable pages in manifest.,2026-07-17T20:32:43.743522
leconstitutionnel,bpt6k676742v,,failed,0,0,,no_usable_pages,known,,,bpt6k676742v: no usable pages in manifest.,2026-07-17T20:32:43.818703
leconstitutionnel,bpt6k6767437,,failed,0,0,,no_usable_pages,known,,,bpt6k6767437: no usable pages in manifest.,2026-07-17T20:32:43.946588
leconstitutionnel,bpt6k676744m,,failed,0,0,,no_usable_pages,known,,,bpt6k676744m: no usable pages in manifest.,2026-07-17T20:32:44.062037
leconstitutionnel,bpt6k6767450,,failed,0,0,,no_usable_pages,known,,,bpt6k6767450: no usable pages in manifest.,2026-07-17T20:32:44.193485
leconstitutionnel,bpt6k676746c,,failed,0,0,,no_usable_pages,known,,,bpt6k676746c: no usable pages in manifest.,2026-07-17T20:32:44.259719
leconstitutionnel,bpt6k676747r,,failed,0,0,,no_usable_pages,known,,,bpt6k676747r: no usable pages in manifest.,2026-07-17T20:32:44.342962
leconstitutionnel,bpt6k6767484,,failed,0,0,,no_usable_pages,known,,,bpt6k6767484: no usable pages in manifest.,2026-07-17T20:32:44.404386
leconstitutionnel,bpt6k676749h,,failed,0,0,,no_usable_pages,known,,,bpt6k676749h: no usable pages in manifest.,2026-07-17T20:32:44.493942
leconstitutionnel,bpt6k676750f,,failed,0,0,,no_usable_pages,known,,,bpt6k676750f: no usable pages in manifest.,2026-07-17T20:32:44.617995
leconstitutionnel,bpt6k676751t,,failed,0,0,,no_usable_pages,known,,,bpt6k676751t: no usable pages in manifest.,2026-07-17T20:32:44.714699
leconstitutionnel,bpt6k6767526,,failed,0,0,,no_usable_pages,known,,,bpt6k6767526: no usable pages in manifest.,2026-07-17T20:32:44.852039
leconstitutionnel,bpt6k676753k,,failed,0,0,,no_usable_pages,known,,,bpt6k676753k: no usable pages in manifest.,2026-07-17T20:32:44.922576
leconstitutionnel,bpt6k676754z,,failed,0,0,,no_usable_pages,known,,,bpt6k676754z: no usable pages in manifest.,2026-07-17T20:32:45.011994
leconstitutionnel,bpt6k676755b,,failed,0,0,,no_usable_pages,known,,,bpt6k676755b: no usable pages in manifest.,2026-07-17T20:32:45.130125
leconstitutionnel,bpt6k676756q,,failed,0,0,,no_usable_pages,known,,,bpt6k676756q: no usable pages in manifest.,2026-07-17T20:32:45.245193
leconstitutionnel,bpt6k6767573,,failed,0,0,,no_usable_pages,known,,,bpt6k6767573: no usable pages in manifest.,2026-07-17T20:32:45.308188
leconstitutionnel,bpt6k676758g,,failed,0,0,,no_usable_pages,known,,,bpt6k676758g: no usable pages in manifest.,2026-07-17T20:32:45.370108
leconstitutionnel,bpt6k676759v,,failed,0,0,,no_usable_pages,known,,,bpt6k676759v: no usable pages in manifest.,2026-07-17T20:32:45.456911
leconstitutionnel,bpt6k676760s,,failed,0,0,,no_usable_pages,known,,,bpt6k676760s: no usable pages in manifest.,2026-07-17T20:32:45.558081
leconstitutionnel,bpt6k6767615,,failed,0,0,,no_usable_pages,known,,,bpt6k6767615: no usable pages in manifest.,2026-07-17T20:32:45.663491
leconstitutionnel,bpt6k676762j,,failed,0,0,,no_usable_pages,known,,,bpt6k676762j: no usable pages in manifest.,2026-07-17T20:32:45.748932
leconstitutionnel,bpt6k676763x,,failed,0,0,,no_usable_pages,known,,,bpt6k676763x: no usable pages in manifest.,2026-07-17T20:32:45.879575
leconstitutionnel,bpt6k6767649,,failed,0,0,,no_usable_pages,known,,,bpt6k6767649: no usable pages in manifest.,2026-07-17T20:32:45.959108
leconstitutionnel,bpt6k676765p,,failed,0,0,,no_usable_pages,known,,,bpt6k676765p: no usable pages in manifest.,2026-07-17T20:32:46.031434
leconstitutionnel,bpt6k6767662,,failed,0,0,,no_usable_pages,known,,,bpt6k6767662: no usable pages in manifest.,2026-07-17T20:32:46.232934
leconstitutionnel,bpt6k676767f,,failed,0,0,,no_usable_pages,known,,,bpt6k676767f: no usable pages in manifest.,2026-07-17T20:32:46.356712
leconstitutionnel,bpt6k676768t,,failed,0,0,,no_usable_pages,known,,,bpt6k676768t: no usable pages in manifest.,2026-07-17T20:32:46.424394
leconstitutionnel,bpt6k6767696,,failed,0,0,,no_usable_pages,known,,,bpt6k6767696: no usable pages in manifest.,2026-07-17T20:32:46.526676
leconstitutionnel,bpt6k6767704,,failed,0,0,,no_usable_pages,known,,,bpt6k6767704: no usable pages in manifest.,2026-07-17T20:32:46.592812
leconstitutionnel,bpt6k676771h,,failed,0,0,,no_usable_pages,known,,,bpt6k676771h: no usable pages in manifest.,2026-07-17T20:32:46.687182
leconstitutionnel,bpt6k676772w,,failed,0,0,,no_usable_pages,known,,,bpt6k676772w: no usable pages in manifest.,2026-07-17T20:32:46.754376
leconstitutionnel,bpt6k6767738,,failed,0,0,,no_usable_pages,known,,,bpt6k6767738: no usable pages in manifest.,2026-07-17T20:32:46.827252
leconstitutionnel,bpt6k676774n,,failed,0,0,,no_usable_pages,known,,,bpt6k676774n: no usable pages in manifest.,2026-07-17T20:32:46.959628
leconstitutionnel,bpt6k6767751,,failed,0,0,,no_usable_pages,known,,,bpt6k6767751: no usable pages in manifest.,2026-07-17T20:32:47.025080
leconstitutionnel,bpt6k676776d,,failed,0,0,,no_usable_pages,known,,,bpt6k676776d: no usable pages in manifest.,2026-07-17T20:32:47.113379
leconstitutionnel,bpt6k676779j,,failed,0,0,,no_usable_pages,known,,,bpt6k676779j: no usable pages in manifest.,2026-07-17T20:32:47.200328
leconstitutionnel,bpt6k676780g,,failed,0,0,,no_usable_pages,known,,,bpt6k676780g: no usable pages in manifest.,2026-07-17T20:32:47.264493
leconstitutionnel,bpt6k676781v,,failed,0,0,,no_usable_pages,known,,,bpt6k676781v: no usable pages in manifest.,2026-07-17T20:32:47.366617
leconstitutionnel,bpt6k6767827,,failed,0,0,,no_usable_pages,known,,,bpt6k6767827: no usable pages in manifest.,2026-07-17T20:32:47.428090
leconstitutionnel,bpt6k676783m,,failed,0,0,,no_usable_pages,known,,,bpt6k676783m: no usable pages in manifest.,2026-07-17T20:32:47.502277
leconstitutionnel,bpt6k6767840,,failed,0,0,,no_usable_pages,known,,,bpt6k6767840: no usable pages in manifest.,2026-07-17T20:32:47.586880
leconstitutionnel,bpt6k676785c,,failed,0,0,,no_usable_pages,known,,,bpt6k676785c: no usable pages in manifest.,2026-07-17T20:32:47.771461
leconstitutionnel,bpt6k676786r,,failed,0,0,,no_usable_pages,known,,,bpt6k676786r: no usable pages in manifest.,2026-07-17T20:32:47.867637
leconstitutionnel,bpt6k6767874,,failed,0,0,,no_usable_pages,known,,,bpt6k6767874: no usable pages in manifest.,2026-07-17T20:32:47.955256
leconstitutionnel,bpt6k676788h,,failed,0,0,,no_usable_pages,known,,,bpt6k676788h: no usable pages in manifest.,2026-07-17T20:32:48.036091
leconstitutionnel,bpt6k676789w,,failed,0,0,,no_usable_pages,known,,,bpt6k676789w: no usable pages in manifest.,2026-07-17T20:32:48.118085
leconstitutionnel,bpt6k676790t,,failed,0,0,,no_usable_pages,known,,,bpt6k676790t: no usable pages in manifest.,2026-07-17T20:32:48.174437
leconstitutionnel,bpt6k6767916,,failed,0,0,,no_usable_pages,known,,,bpt6k6767916: no usable pages in manifest.,2026-07-17T20:32:48.240151
leconstitutionnel,bpt6k676792k,,failed,0,0,,no_usable_pages,known,,,bpt6k676792k: no usable pages in manifest.,2026-07-17T20:32:48.299864
leconstitutionnel,bpt6k676793z,,failed,0,0,,no_usable_pages,known,,,bpt6k676793z: no usable pages in manifest.,2026-07-17T20:32:48.398839
leconstitutionnel,bpt6k676794b,,failed,0,0,,no_usable_pages,known,,,bpt6k676794b: no usable pages in manifest.,2026-07-17T20:32:48.482156
leconstitutionnel,bpt6k676795q,,failed,0,0,,no_usable_pages,known,,,bpt6k676795q: no usable pages in manifest.,2026-07-17T20:32:48.558186
leconstitutionnel,bpt6k6767963,,failed,0,0,,no_usable_pages,known,,,bpt6k6767963: no usable pages in manifest.,2026-07-17T20:32:48.649864
leconstitutionnel,bpt6k676797g,,failed,0,0,,no_usable_pages,known,,,bpt6k676797g: no usable pages in manifest.,2026-07-17T20:32:48.730201
leconstitutionnel,bpt6k676798v,,failed,0,0,,no_usable_pages,known,,,bpt6k676798v: no usable pages in manifest.,2026-07-17T20:32:48.814430
leconstitutionnel,bpt6k6767997,,failed,0,0,,no_usable_pages,known,,,bpt6k6767997: no usable pages in manifest.,2026-07-17T20:32:48.906774
leconstitutionnel,bpt6k6768001,,failed,0,0,,no_usable_pages,known,,,bpt6k6768001: no usable pages in manifest.,2026-07-17T20:32:49.011163
leconstitutionnel,bpt6k676801d,,failed,0,0,,no_usable_pages,known,,,bpt6k676801d: no usable pages in manifest.,2026-07-17T20:32:49.089064
leconstitutionnel,bpt6k676802s,,failed,0,0,,no_usable_pages,known,,,bpt6k676802s: no usable pages in manifest.,2026-07-17T20:32:49.381015
leconstitutionnel,bpt6k6768035,,failed,0,0,,no_usable_pages,known,,,bpt6k6768035: no usable pages in manifest.,2026-07-17T20:32:49.479105
leconstitutionnel,bpt6k676804j,,failed,0,0,,no_usable_pages,known,,,bpt6k676804j: no usable pages in manifest.,2026-07-17T20:32:49.573497
leconstitutionnel,bpt6k676805x,,failed,0,0,,no_usable_pages,known,,,bpt6k676805x: no usable pages in manifest.,2026-07-17T20:32:49.649401
leconstitutionnel,bpt6k6768069,,failed,0,0,,no_usable_pages,known,,,bpt6k6768069: no usable pages in manifest.,2026-07-17T20:32:49.766778
leconstitutionnel,bpt6k676807p,,failed,0,0,,no_usable_pages,known,,,bpt6k676807p: no usable pages in manifest.,2026-07-17T20:32:49.875199
leconstitutionnel,bpt6k6768082,,failed,0,0,,no_usable_pages,known,,,bpt6k6768082: no usable pages in manifest.,2026-07-17T20:32:49.949911
leconstitutionnel,bpt6k676809f,,failed,0,0,,no_usable_pages,known,,,bpt6k676809f: no usable pages in manifest.,2026-07-17T20:32:50.079035
leconstitutionnel,bpt6k676810c,,failed,0,0,,no_usable_pages,known,,,bpt6k676810c: no usable pages in manifest.,2026-07-17T20:32:50.140248
leconstitutionnel,bpt6k676811r,,failed,0,0,,no_usable_pages,known,,,bpt6k676811r: no usable pages in manifest.,2026-07-17T20:32:50.229286
leconstitutionnel,bpt6k6768124,,failed,0,0,,no_usable_pages,known,,,bpt6k6768124: no usable pages in manifest.,2026-07-17T20:32:50.292698
leconstitutionnel,bpt6k676813h,,failed,0,0,,no_usable_pages,known,,,bpt6k676813h: no usable pages in manifest.,2026-07-17T20:32:50.370920
leconstitutionnel,bpt6k676814w,,failed,0,0,,no_usable_pages,known,,,bpt6k676814w: no usable pages in manifest.,2026-07-17T20:32:50.453377
leconstitutionnel,bpt6k6768158,,failed,0,0,,no_usable_pages,known,,,bpt6k6768158: no usable pages in manifest.,2026-07-17T20:32:50.531324
leconstitutionnel,bpt6k676816n,,failed,0,0,,no_usable_pages,known,,,bpt6k676816n: no usable pages in manifest.,2026-07-17T20:32:50.615238
leconstitutionnel,bpt6k6768171,,failed,0,0,,no_usable_pages,known,,,bpt6k6768171: no usable pages in manifest.,2026-07-17T20:32:50.675433
leconstitutionnel,bpt6k676818d,,failed,0,0,,no_usable_pages,known,,,bpt6k676818d: no usable pages in manifest.,2026-07-17T20:32:50.778105
leconstitutionnel,bpt6k676819s,,failed,0,0,,no_usable_pages,known,,,bpt6k676819s: no usable pages in manifest.,2026-07-17T20:32:50.909668
leconstitutionnel,bpt6k676820q,,failed,0,0,,no_usable_pages,known,,,bpt6k676820q: no usable pages in manifest.,2026-07-17T20:32:51.007031
leconstitutionnel,bpt6k6768213,,failed,0,0,,no_usable_pages,known,,,bpt6k6768213: no usable pages in manifest.,2026-07-17T20:32:51.124381
leconstitutionnel,bpt6k676822g,,failed,0,0,,no_usable_pages,known,,,bpt6k676822g: no usable pages in manifest.,2026-07-17T20:32:51.218231
leconstitutionnel,bpt6k676823v,,failed,0,0,,no_usable_pages,known,,,bpt6k676823v: no usable pages in manifest.,2026-07-17T20:32:51.301525
leconstitutionnel,bpt6k6768247,,failed,0,0,,no_usable_pages,known,,,bpt6k6768247: no usable pages in manifest.,2026-07-17T20:32:51.365991
leconstitutionnel,bpt6k676825m,,failed,0,0,,no_usable_pages,known,,,bpt6k676825m: no usable pages in manifest.,2026-07-17T20:32:51.440198
leconstitutionnel,bpt6k6768260,,failed,0,0,,no_usable_pages,known,,,bpt6k6768260: no usable pages in manifest.,2026-07-17T20:32:51.519294
leconstitutionnel,bpt6k676827c,,failed,0,0,,no_usable_pages,known,,,bpt6k676827c: no usable pages in manifest.,2026-07-17T20:32:51.628629
leconstitutionnel,bpt6k676828r,,failed,0,0,,no_usable_pages,known,,,bpt6k676828r: no usable pages in manifest.,2026-07-17T20:32:51.707001
leconstitutionnel,bpt6k6768294,,failed,0,0,,no_usable_pages,known,,,bpt6k6768294: no usable pages in manifest.,2026-07-17T20:32:51.763683
leconstitutionnel,bpt6k6768302,,failed,0,0,,no_usable_pages,known,,,bpt6k6768302: no usable pages in manifest.,2026-07-17T20:32:51.827485
leconstitutionnel,bpt6k676831f,,failed,0,0,,no_usable_pages,known,,,bpt6k676831f: no usable pages in manifest.,2026-07-17T20:32:51.913819
leconstitutionnel,bpt6k676832t,,failed,0,0,,no_usable_pages,known,,,bpt6k676832t: no usable pages in manifest.,2026-07-17T20:32:51.997087
leconstitutionnel,bpt6k6768336,,failed,0,0,,no_usable_pages,known,,,bpt6k6768336: no usable pages in manifest.,2026-07-17T20:32:52.072905
leconstitutionnel,bpt6k676834k,,failed,0,0,,no_usable_pages,known,,,bpt6k676834k: no usable pages in manifest.,2026-07-17T20:32:52.192554
leconstitutionnel,bpt6k676835z,,failed,0,0,,no_usable_pages,known,,,bpt6k676835z: no usable pages in manifest.,2026-07-17T20:32:52.345724
leconstitutionnel,bpt6k676836b,,failed,0,0,,no_usable_pages,known,,,bpt6k676836b: no usable pages in manifest.,2026-07-17T20:32:52.469495
leconstitutionnel,bpt6k676837q,,failed,0,0,,no_usable_pages,known,,,bpt6k676837q: no usable pages in manifest.,2026-07-17T20:32:52.533874
leconstitutionnel,bpt6k6768383,,failed,0,0,,no_usable_pages,known,,,bpt6k6768383: no usable pages in manifest.,2026-07-17T20:32:52.634824
leconstitutionnel,bpt6k676839g,,failed,0,0,,no_usable_pages,known,,,bpt6k676839g: no usable pages in manifest.,2026-07-17T20:32:52.711160
leconstitutionnel,bpt6k676840d,,failed,0,0,,no_usable_pages,known,,,bpt6k676840d: no usable pages in manifest.,2026-07-17T20:32:52.798668
leconstitutionnel,bpt6k676841s,,failed,0,0,,no_usable_pages,known,,,bpt6k676841s: no usable pages in manifest.,2026-07-17T20:32:52.879851
leconstitutionnel,bpt6k6768425,,failed,0,0,,no_usable_pages,known,,,bpt6k6768425: no usable pages in manifest.,2026-07-17T20:32:52.976170
leconstitutionnel,bpt6k676843j,,failed,0,0,,no_usable_pages,known,,,bpt6k676843j: no usable pages in manifest.,2026-07-17T20:32:53.048157
leconstitutionnel,bpt6k676844x,,failed,0,0,,no_usable_pages,known,,,bpt6k676844x: no usable pages in manifest.,2026-07-17T20:32:53.147499
leconstitutionnel,bpt6k6768459,,failed,0,0,,no_usable_pages,known,,,bpt6k6768459: no usable pages in manifest.,2026-07-17T20:32:53.310927
leconstitutionnel,bpt6k676846p,,failed,0,0,,no_usable_pages,known,,,bpt6k676846p: no usable pages in manifest.,2026-07-17T20:32:53.419199
leconstitutionnel,bpt6k6768472,,failed,0,0,,no_usable_pages,known,,,bpt6k6768472: no usable pages in manifest.,2026-07-17T20:32:53.493262
leconstitutionnel,bpt6k676848f,,failed,0,0,,no_usable_pages,known,,,bpt6k676848f: no usable pages in manifest.,2026-07-17T20:32:53.577195
leconstitutionnel,bpt6k676849t,,failed,0,0,,no_usable_pages,known,,,bpt6k676849t: no usable pages in manifest.,2026-07-17T20:32:53.706295
leconstitutionnel,bpt6k676850r,,failed,0,0,,no_usable_pages,known,,,bpt6k676850r: no usable pages in manifest.,2026-07-17T20:32:53.903546
leconstitutionnel,bpt6k6768514,,failed,0,0,,no_usable_pages,known,,,bpt6k6768514: no usable pages in manifest.,2026-07-17T20:32:53.996773
leconstitutionnel,bpt6k676852h,,failed,0,0,,no_usable_pages,known,,,bpt6k676852h: no usable pages in manifest.,2026-07-17T20:32:54.088011
leconstitutionnel,bpt6k676853w,,failed,0,0,,no_usable_pages,known,,,bpt6k676853w: no usable pages in manifest.,2026-07-17T20:32:54.149728
leconstitutionnel,bpt6k6768548,,failed,0,0,,no_usable_pages,known,,,bpt6k6768548: no usable pages in manifest.,2026-07-17T20:32:54.259565
leconstitutionnel,bpt6k676855n,,failed,0,0,,no_usable_pages,known,,,bpt6k676855n: no usable pages in manifest.,2026-07-17T20:32:54.349081
leconstitutionnel,bpt6k6768561,,failed,0,0,,no_usable_pages,known,,,bpt6k6768561: no usable pages in manifest.,2026-07-17T20:32:54.427341
leconstitutionnel,bpt6k676857d,,failed,0,0,,no_usable_pages,known,,,bpt6k676857d: no usable pages in manifest.,2026-07-17T20:32:54.495920
leconstitutionnel,bpt6k676858s,,failed,0,0,,no_usable_pages,known,,,bpt6k676858s: no usable pages in manifest.,2026-07-17T20:32:54.556639
leconstitutionnel,bpt6k6768595,,failed,0,0,,no_usable_pages,known,,,bpt6k6768595: no usable pages in manifest.,2026-07-17T20:32:54.618511
leconstitutionnel,bpt6k6768603,,failed,0,0,,no_usable_pages,known,,,bpt6k6768603: no usable pages in manifest.,2026-07-17T20:32:54.713125
leconstitutionnel,bpt6k676861g,,failed,0,0,,no_usable_pages,known,,,bpt6k676861g: no usable pages in manifest.,2026-07-17T20:32:54.784471
leconstitutionnel,bpt6k676862v,,failed,0,0,,no_usable_pages,known,,,bpt6k676862v: no usable pages in manifest.,2026-07-17T20:32:54.868438
leconstitutionnel,bpt6k6768637,,failed,0,0,,no_usable_pages,known,,,bpt6k6768637: no usable pages in manifest.,2026-07-17T20:32:54.939629
leconstitutionnel,bpt6k676864m,,failed,0,0,,no_usable_pages,known,,,bpt6k676864m: no usable pages in manifest.,2026-07-17T20:32:55.008823
leconstitutionnel,bpt6k6768650,,failed,0,0,,no_usable_pages,known,,,bpt6k6768650: no usable pages in manifest.,2026-07-17T20:32:55.069496
leconstitutionnel,bpt6k676866c,,failed,0,0,,no_usable_pages,known,,,bpt6k676866c: no usable pages in manifest.,2026-07-17T20:32:55.180965
leconstitutionnel,bpt6k676867r,,failed,0,0,,no_usable_pages,known,,,bpt6k676867r: no usable pages in manifest.,2026-07-17T20:32:55.332994
leconstitutionnel,bpt6k6768684,,failed,0,0,,no_usable_pages,known,,,bpt6k6768684: no usable pages in manifest.,2026-07-17T20:32:55.437853
leconstitutionnel,bpt6k676869h,,failed,0,0,,no_usable_pages,known,,,bpt6k676869h: no usable pages in manifest.,2026-07-17T20:32:55.533606
leconstitutionnel,bpt6k676870f,,failed,0,0,,no_usable_pages,known,,,bpt6k676870f: no usable pages in manifest.,2026-07-17T20:32:55.594248
leconstitutionnel,bpt6k676871t,,failed,0,0,,no_usable_pages,known,,,bpt6k676871t: no usable pages in manifest.,2026-07-17T20:32:55.650355
leconstitutionnel,bpt6k6768726,,failed,0,0,,no_usable_pages,known,,,bpt6k6768726: no usable pages in manifest.,2026-07-17T20:32:55.747177
leconstitutionnel,bpt6k676873k,,failed,0,0,,no_usable_pages,known,,,bpt6k676873k: no usable pages in manifest.,2026-07-17T20:32:55.823343
leconstitutionnel,bpt6k676874z,,failed,0,0,,no_usable_pages,known,,,bpt6k676874z: no usable pages in manifest.,2026-07-17T20:32:55.905154
leconstitutionnel,bpt6k676875b,,failed,0,0,,no_usable_pages,known,,,bpt6k676875b: no usable pages in manifest.,2026-07-17T20:32:55.967946
leconstitutionnel,bpt6k676876q,,failed,0,0,,no_usable_pages,known,,,bpt6k676876q: no usable pages in manifest.,2026-07-17T20:32:56.029927
leconstitutionnel,bpt6k6768773,,failed,0,0,,no_usable_pages,known,,,bpt6k6768773: no usable pages in manifest.,2026-07-17T20:32:56.093844
leconstitutionnel,bpt6k676878g,,failed,0,0,,no_usable_pages,known,,,bpt6k676878g: no usable pages in manifest.,2026-07-17T20:32:56.174830
leconstitutionnel,bpt6k676879v,,failed,0,0,,no_usable_pages,known,,,bpt6k676879v: no usable pages in manifest.,2026-07-17T20:32:56.249607
leconstitutionnel,bpt6k676880s,,failed,0,0,,no_usable_pages,known,,,bpt6k676880s: no usable pages in manifest.,2026-07-17T20:32:56.350318
leconstitutionnel,bpt6k6768815,,failed,0,0,,no_usable_pages,known,,,bpt6k6768815: no usable pages in manifest.,2026-07-17T20:32:56.425289
leconstitutionnel,bpt6k676882j,,failed,0,0,,no_usable_pages,known,,,bpt6k676882j: no usable pages in manifest.,2026-07-17T20:32:56.495874
leconstitutionnel,bpt6k676883x,,failed,0,0,,no_usable_pages,known,,,bpt6k676883x: no usable pages in manifest.,2026-07-17T20:32:56.589743
leconstitutionnel,bpt6k6768849,,failed,0,0,,no_usable_pages,known,,,bpt6k6768849: no usable pages in manifest.,2026-07-17T20:32:56.766188
leconstitutionnel,bpt6k676885p,,failed,0,0,,no_usable_pages,known,,,bpt6k676885p: no usable pages in manifest.,2026-07-17T20:32:56.863819
leconstitutionnel,bpt6k6768862,,failed,0,0,,no_usable_pages,known,,,bpt6k6768862: no usable pages in manifest.,2026-07-17T20:32:56.972322
leconstitutionnel,bpt6k676887f,,failed,0,0,,no_usable_pages,known,,,bpt6k676887f: no usable pages in manifest.,2026-07-17T20:32:57.046903
leconstitutionnel,bpt6k676966p,,failed,0,0,,no_usable_pages,known,,,bpt6k676966p: no usable pages in manifest.,2026-07-17T20:32:57.137087
leconstitutionnel,bpt6k6769672,,failed,0,0,,no_usable_pages,known,,,bpt6k6769672: no usable pages in manifest.,2026-07-17T20:32:57.220368
leconstitutionnel,bpt6k676968f,,failed,0,0,,no_usable_pages,known,,,bpt6k676968f: no usable pages in manifest.,2026-07-17T20:32:57.285311
leconstitutionnel,bpt6k676969t,,failed,0,0,,no_usable_pages,known,,,bpt6k676969t: no usable pages in manifest.,2026-07-17T20:32:57.380122
leconstitutionnel,bpt6k676970r,,failed,0,0,,no_usable_pages,known,,,bpt6k676970r: no usable pages in manifest.,2026-07-17T20:32:57.460254
leconstitutionnel,bpt6k6769714,,failed,0,0,,no_usable_pages,known,,,bpt6k6769714: no usable pages in manifest.,2026-07-17T20:32:57.525368
leconstitutionnel,bpt6k676972h,,failed,0,0,,no_usable_pages,known,,,bpt6k676972h: no usable pages in manifest.,2026-07-17T20:32:57.601104
leconstitutionnel,bpt6k676973w,,failed,0,0,,no_usable_pages,known,,,bpt6k676973w: no usable pages in manifest.,2026-07-17T20:32:57.676774
leconstitutionnel,bpt6k6769748,,failed,0,0,,no_usable_pages,known,,,bpt6k6769748: no usable pages in manifest.,2026-07-17T20:32:57.746413
leconstitutionnel,bpt6k676975n,,failed,0,0,,no_usable_pages,known,,,bpt6k676975n: no usable pages in manifest.,2026-07-17T20:32:57.815842
leconstitutionnel,bpt6k6769761,,failed,0,0,,no_usable_pages,known,,,bpt6k6769761: no usable pages in manifest.,2026-07-17T20:32:57.913830
leconstitutionnel,bpt6k676977d,,failed,0,0,,no_usable_pages,known,,,bpt6k676977d: no usable pages in manifest.,2026-07-17T20:32:57.972971
leconstitutionnel,bpt6k676978s,,failed,0,0,,no_usable_pages,known,,,bpt6k676978s: no usable pages in manifest.,2026-07-17T20:32:58.041321
leconstitutionnel,bpt6k6769795,,failed,0,0,,no_usable_pages,known,,,bpt6k6769795: no usable pages in manifest.,2026-07-17T20:32:58.099693
leconstitutionnel,bpt6k6769803,,failed,0,0,,no_usable_pages,known,,,bpt6k6769803: no usable pages in manifest.,2026-07-17T20:32:58.215897
leconstitutionnel,bpt6k676981g,,failed,0,0,,no_usable_pages,known,,,bpt6k676981g: no usable pages in manifest.,2026-07-17T20:32:58.367498
leconstitutionnel,bpt6k676982v,,failed,0,0,,no_usable_pages,known,,,bpt6k676982v: no usable pages in manifest.,2026-07-17T20:32:58.501131
leconstitutionnel,bpt6k6769837,,failed,0,0,,no_usable_pages,known,,,bpt6k6769837: no usable pages in manifest.,2026-07-17T20:32:58.580497
leconstitutionnel,bpt6k676984m,,failed,0,0,,no_usable_pages,known,,,bpt6k676984m: no usable pages in manifest.,2026-07-17T20:32:58.653938
leconstitutionnel,bpt6k6769850,,failed,0,0,,no_usable_pages,known,,,bpt6k6769850: no usable pages in manifest.,2026-07-17T20:32:58.726537
leconstitutionnel,bpt6k676986c,,failed,0,0,,no_usable_pages,known,,,bpt6k676986c: no usable pages in manifest.,2026-07-17T20:32:58.796117
leconstitutionnel,bpt6k676987r,,failed,0,0,,no_usable_pages,known,,,bpt6k676987r: no usable pages in manifest.,2026-07-17T20:32:58.897674
leconstitutionnel,bpt6k6769884,,failed,0,0,,no_usable_pages,known,,,bpt6k6769884: no usable pages in manifest.,2026-07-17T20:32:59.017358
leconstitutionnel,bpt6k676989h,,failed,0,0,,no_usable_pages,known,,,bpt6k676989h: no usable pages in manifest.,2026-07-17T20:32:59.125672
leconstitutionnel,bpt6k676990f,,failed,0,0,,no_usable_pages,known,,,bpt6k676990f: no usable pages in manifest.,2026-07-17T20:32:59.196259
leconstitutionnel,bpt6k676991t,,failed,0,0,,no_usable_pages,known,,,bpt6k676991t: no usable pages in manifest.,2026-07-17T20:32:59.268037
leconstitutionnel,bpt6k6769926,,failed,0,0,,no_usable_pages,known,,,bpt6k6769926: no usable pages in manifest.,2026-07-17T20:32:59.362283
leconstitutionnel,bpt6k676993k,,failed,0,0,,no_usable_pages,known,,,bpt6k676993k: no usable pages in manifest.,2026-07-17T20:32:59.431582
leconstitutionnel,bpt6k676994z,,failed,0,0,,no_usable_pages,known,,,bpt6k676994z: no usable pages in manifest.,2026-07-17T20:32:59.548559
leconstitutionnel,bpt6k676995b,,failed,0,0,,no_usable_pages,known,,,bpt6k676995b: no usable pages in manifest.,2026-07-17T20:32:59.631505
leconstitutionnel,bpt6k676996q,,failed,0,0,,no_usable_pages,known,,,bpt6k676996q: no usable pages in manifest.,2026-07-17T20:32:59.724607
leconstitutionnel,bpt6k6769973,,failed,0,0,,no_usable_pages,known,,,bpt6k6769973: no usable pages in manifest.,2026-07-17T20:32:59.823769
leconstitutionnel,bpt6k676998g,,failed,0,0,,no_usable_pages,known,,,bpt6k676998g: no usable pages in manifest.,2026-07-17T20:32:59.923973
leconstitutionnel,bpt6k676999v,,failed,0,0,,no_usable_pages,known,,,bpt6k676999v: no usable pages in manifest.,2026-07-17T20:33:00.033389
leconstitutionnel,bpt6k677000t,,failed,0,0,,no_usable_pages,known,,,bpt6k677000t: no usable pages in manifest.,2026-07-17T20:33:00.122985
leconstitutionnel,bpt6k6770016,,failed,0,0,,no_usable_pages,known,,,bpt6k6770016: no usable pages in manifest.,2026-07-17T20:33:00.208514
leconstitutionnel,bpt6k677002k,,failed,0,0,,no_usable_pages,known,,,bpt6k677002k: no usable pages in manifest.,2026-07-17T20:33:00.272750
leconstitutionnel,bpt6k677003z,,failed,0,0,,no_usable_pages,known,,,bpt6k677003z: no usable pages in manifest.,2026-07-17T20:33:00.401044
leconstitutionnel,bpt6k677004b,,failed,0,0,,no_usable_pages,known,,,bpt6k677004b: no usable pages in manifest.,2026-07-17T20:33:00.476859
leconstitutionnel,bpt6k677005q,,failed,0,0,,no_usable_pages,known,,,bpt6k677005q: no usable pages in manifest.,2026-07-17T20:33:00.579330
leconstitutionnel,bpt6k6770063,,failed,0,0,,no_usable_pages,known,,,bpt6k6770063: no usable pages in manifest.,2026-07-17T20:33:00.652935
leconstitutionnel,bpt6k677007g,,failed,0,0,,no_usable_pages,known,,,bpt6k677007g: no usable pages in manifest.,2026-07-17T20:33:00.711323
leconstitutionnel,bpt6k677008v,,failed,0,0,,no_usable_pages,known,,,bpt6k677008v: no usable pages in manifest.,2026-07-17T20:33:00.798154
leconstitutionnel,bpt6k6770097,,failed,0,0,,no_usable_pages,known,,,bpt6k6770097: no usable pages in manifest.,2026-07-17T20:33:00.863122
leconstitutionnel,bpt6k6770105,,failed,0,0,,no_usable_pages,known,,,bpt6k6770105: no usable pages in manifest.,2026-07-17T20:33:00.931615
leconstitutionnel,bpt6k677011j,,failed,0,0,,no_usable_pages,known,,,bpt6k677011j: no usable pages in manifest.,2026-07-17T20:33:01.003773
leconstitutionnel,bpt6k677012x,,failed,0,0,,no_usable_pages,known,,,bpt6k677012x: no usable pages in manifest.,2026-07-17T20:33:01.098558
leconstitutionnel,bpt6k6770139,,failed,0,0,,no_usable_pages,known,,,bpt6k6770139: no usable pages in manifest.,2026-07-17T20:33:01.176299
leconstitutionnel,bpt6k677014p,,failed,0,0,,no_usable_pages,known,,,bpt6k677014p: no usable pages in manifest.,2026-07-17T20:33:01.242772
leconstitutionnel,bpt6k6770152,,failed,0,0,,no_usable_pages,known,,,bpt6k6770152: no usable pages in manifest.,2026-07-17T20:33:01.300293
leconstitutionnel,bpt6k677016f,,failed,0,0,,no_usable_pages,known,,,bpt6k677016f: no usable pages in manifest.,2026-07-17T20:33:01.378898
leconstitutionnel,bpt6k677017t,,failed,0,0,,no_usable_pages,known,,,bpt6k677017t: no usable pages in manifest.,2026-07-17T20:33:01.521217
leconstitutionnel,bpt6k6770186,,failed,0,0,,no_usable_pages,known,,,bpt6k6770186: no usable pages in manifest.,2026-07-17T20:33:01.677326
leconstitutionnel,bpt6k677019k,,failed,0,0,,no_usable_pages,known,,,bpt6k677019k: no usable pages in manifest.,2026-07-17T20:33:01.739801
leconstitutionnel,bpt6k677020h,,failed,0,0,,no_usable_pages,known,,,bpt6k677020h: no usable pages in manifest.,2026-07-17T20:33:01.820122
leconstitutionnel,bpt6k677021w,,failed,0,0,,no_usable_pages,known,,,bpt6k677021w: no usable pages in manifest.,2026-07-17T20:33:01.890269
leconstitutionnel,bpt6k6770228,,failed,0,0,,no_usable_pages,known,,,bpt6k6770228: no usable pages in manifest.,2026-07-17T20:33:01.972125
leconstitutionnel,bpt6k677023n,,failed,0,0,,no_usable_pages,known,,,bpt6k677023n: no usable pages in manifest.,2026-07-17T20:33:02.035370
leconstitutionnel,bpt6k6770241,,failed,0,0,,no_usable_pages,known,,,bpt6k6770241: no usable pages in manifest.,2026-07-17T20:33:02.125768
leconstitutionnel,bpt6k677025d,,failed,0,0,,no_usable_pages,known,,,bpt6k677025d: no usable pages in manifest.,2026-07-17T20:33:02.198131
leconstitutionnel,bpt6k677026s,,failed,0,0,,no_usable_pages,known,,,bpt6k677026s: no usable pages in manifest.,2026-07-17T20:33:02.272232
leconstitutionnel,bpt6k6770275,,failed,0,0,,no_usable_pages,known,,,bpt6k6770275: no usable pages in manifest.,2026-07-17T20:33:02.344020
leconstitutionnel,bpt6k677028j,,failed,0,0,,no_usable_pages,known,,,bpt6k677028j: no usable pages in manifest.,2026-07-17T20:33:02.405347
leconstitutionnel,bpt6k677029x,,failed,0,0,,no_usable_pages,known,,,bpt6k677029x: no usable pages in manifest.,2026-07-17T20:33:02.475219
leconstitutionnel,bpt6k677030v,,failed,0,0,,no_usable_pages,known,,,bpt6k677030v: no usable pages in manifest.,2026-07-17T20:33:02.568824
leconstitutionnel,bpt6k6770317,,failed,0,0,,no_usable_pages,known,,,bpt6k6770317: no usable pages in manifest.,2026-07-17T20:33:02.667074
leconstitutionnel,bpt6k677032m,,failed,0,0,,no_usable_pages,known,,,bpt6k677032m: no usable pages in manifest.,2026-07-17T20:33:02.721285
leconstitutionnel,bpt6k6770330,,failed,0,0,,no_usable_pages,known,,,bpt6k6770330: no usable pages in manifest.,2026-07-17T20:33:02.817161
leconstitutionnel,bpt6k677034c,,failed,0,0,,no_usable_pages,known,,,bpt6k677034c: no usable pages in manifest.,2026-07-17T20:33:02.916474
leconstitutionnel,bpt6k677035r,,failed,0,0,,no_usable_pages,known,,,bpt6k677035r: no usable pages in manifest.,2026-07-17T20:33:03.057175
leconstitutionnel,bpt6k6770364,,failed,0,0,,no_usable_pages,known,,,bpt6k6770364: no usable pages in manifest.,2026-07-17T20:33:03.147620
leconstitutionnel,bpt6k677037h,,failed,0,0,,no_usable_pages,known,,,bpt6k677037h: no usable pages in manifest.,2026-07-17T20:33:03.221351
leconstitutionnel,bpt6k677038w,,failed,0,0,,no_usable_pages,known,,,bpt6k677038w: no usable pages in manifest.,2026-07-17T20:33:03.300876
leconstitutionnel,bpt6k6770398,,failed,0,0,,no_usable_pages,known,,,bpt6k6770398: no usable pages in manifest.,2026-07-17T20:33:03.372121
leconstitutionnel,bpt6k6770406,,failed,0,0,,no_usable_pages,known,,,bpt6k6770406: no usable pages in manifest.,2026-07-17T20:33:03.442652
leconstitutionnel,bpt6k677041k,,failed,0,0,,no_usable_pages,known,,,bpt6k677041k: no usable pages in manifest.,2026-07-17T20:33:03.514301
leconstitutionnel,bpt6k677042z,,failed,0,0,,no_usable_pages,known,,,bpt6k677042z: no usable pages in manifest.,2026-07-17T20:33:03.589522
leconstitutionnel,bpt6k677043b,,failed,0,0,,no_usable_pages,known,,,bpt6k677043b: no usable pages in manifest.,2026-07-17T20:33:03.763869
leconstitutionnel,bpt6k677044q,,failed,0,0,,no_usable_pages,known,,,bpt6k677044q: no usable pages in manifest.,2026-07-17T20:33:03.843853
leconstitutionnel,bpt6k6770453,,failed,0,0,,no_usable_pages,known,,,bpt6k6770453: no usable pages in manifest.,2026-07-17T20:33:03.958447
leconstitutionnel,bpt6k677046g,,failed,0,0,,no_usable_pages,known,,,bpt6k677046g: no usable pages in manifest.,2026-07-17T20:33:04.030927
leconstitutionnel,bpt6k677047v,,failed,0,0,,no_usable_pages,known,,,bpt6k677047v: no usable pages in manifest.,2026-07-17T20:33:04.115043
leconstitutionnel,bpt6k6770487,,failed,0,0,,no_usable_pages,known,,,bpt6k6770487: no usable pages in manifest.,2026-07-17T20:33:04.216265
leconstitutionnel,bpt6k677049m,,failed,0,0,,no_usable_pages,known,,,bpt6k677049m: no usable pages in manifest.,2026-07-17T20:33:04.440420
leconstitutionnel,bpt6k677050j,,failed,0,0,,no_usable_pages,known,,,bpt6k677050j: no usable pages in manifest.,2026-07-17T20:33:04.507540
leconstitutionnel,bpt6k677051x,,failed,0,0,,no_usable_pages,known,,,bpt6k677051x: no usable pages in manifest.,2026-07-17T20:33:04.605119
leconstitutionnel,bpt6k6770529,,failed,0,0,,no_usable_pages,known,,,bpt6k6770529: no usable pages in manifest.,2026-07-17T20:33:04.716377
leconstitutionnel,bpt6k677053p,,failed,0,0,,no_usable_pages,known,,,bpt6k677053p: no usable pages in manifest.,2026-07-17T20:33:04.777326
leconstitutionnel,bpt6k6770542,,failed,0,0,,no_usable_pages,known,,,bpt6k6770542: no usable pages in manifest.,2026-07-17T20:33:04.867769
leconstitutionnel,bpt6k677055f,,failed,0,0,,no_usable_pages,known,,,bpt6k677055f: no usable pages in manifest.,2026-07-17T20:33:04.946285
leconstitutionnel,bpt6k677056t,,failed,0,0,,no_usable_pages,known,,,bpt6k677056t: no usable pages in manifest.,2026-07-17T20:33:05.027538
leconstitutionnel,bpt6k6770576,,failed,0,0,,no_usable_pages,known,,,bpt6k6770576: no usable pages in manifest.,2026-07-17T20:33:05.090890
leconstitutionnel,bpt6k677058k,,failed,0,0,,no_usable_pages,known,,,bpt6k677058k: no usable pages in manifest.,2026-07-17T20:33:05.141370
leconstitutionnel,bpt6k677059z,,failed,0,0,,no_usable_pages,known,,,bpt6k677059z: no usable pages in manifest.,2026-07-17T20:33:05.229204
leconstitutionnel,bpt6k677060w,,failed,0,0,,no_usable_pages,known,,,bpt6k677060w: no usable pages in manifest.,2026-07-17T20:33:05.310950
leconstitutionnel,bpt6k6770618,,failed,0,0,,no_usable_pages,known,,,bpt6k6770618: no usable pages in manifest.,2026-07-17T20:33:05.399719
leconstitutionnel,bpt6k677062n,,failed,0,0,,no_usable_pages,known,,,bpt6k677062n: no usable pages in manifest.,2026-07-17T20:33:05.469457
leconstitutionnel,bpt6k6770631,,failed,0,0,,no_usable_pages,known,,,bpt6k6770631: no usable pages in manifest.,2026-07-17T20:33:05.539840
leconstitutionnel,bpt6k677064d,,failed,0,0,,no_usable_pages,known,,,bpt6k677064d: no usable pages in manifest.,2026-07-17T20:33:05.636539
leconstitutionnel,bpt6k677065s,,failed,0,0,,no_usable_pages,known,,,bpt6k677065s: no usable pages in manifest.,2026-07-17T20:33:05.746843
leconstitutionnel,bpt6k6770665,,failed,0,0,,no_usable_pages,known,,,bpt6k6770665: no usable pages in manifest.,2026-07-17T20:33:05.829288
leconstitutionnel,bpt6k677067j,,failed,0,0,,no_usable_pages,known,,,bpt6k677067j: no usable pages in manifest.,2026-07-17T20:33:05.942771
leconstitutionnel,bpt6k677068x,,failed,0,0,,no_usable_pages,known,,,bpt6k677068x: no usable pages in manifest.,2026-07-17T20:33:06.012066
leconstitutionnel,bpt6k6770699,,failed,0,0,,no_usable_pages,known,,,bpt6k6770699: no usable pages in manifest.,2026-07-17T20:33:06.115356
leconstitutionnel,bpt6k6770707,,failed,0,0,,no_usable_pages,known,,,bpt6k6770707: no usable pages in manifest.,2026-07-17T20:33:06.190539
leconstitutionnel,bpt6k677071m,,failed,0,0,,no_usable_pages,known,,,bpt6k677071m: no usable pages in manifest.,2026-07-17T20:33:06.274019
leconstitutionnel,bpt6k6770720,,failed,0,0,,no_usable_pages,known,,,bpt6k6770720: no usable pages in manifest.,2026-07-17T20:33:06.348174
leconstitutionnel,bpt6k677073c,,failed,0,0,,no_usable_pages,known,,,bpt6k677073c: no usable pages in manifest.,2026-07-17T20:33:06.403659
leconstitutionnel,bpt6k677074r,,failed,0,0,,no_usable_pages,known,,,bpt6k677074r: no usable pages in manifest.,2026-07-17T20:33:06.465678
leconstitutionnel,bpt6k6770754,,failed,0,0,,no_usable_pages,known,,,bpt6k6770754: no usable pages in manifest.,2026-07-17T20:33:06.548751
leconstitutionnel,bpt6k677076h,,failed,0,0,,no_usable_pages,known,,,bpt6k677076h: no usable pages in manifest.,2026-07-17T20:33:06.623271
leconstitutionnel,bpt6k677077w,,failed,0,0,,no_usable_pages,known,,,bpt6k677077w: no usable pages in manifest.,2026-07-17T20:33:06.705359
leconstitutionnel,bpt6k6770788,,failed,0,0,,no_usable_pages,known,,,bpt6k6770788: no usable pages in manifest.,2026-07-17T20:33:06.813174
leconstitutionnel,bpt6k677079n,,failed,0,0,,no_usable_pages,known,,,bpt6k677079n: no usable pages in manifest.,2026-07-17T20:33:06.876226
leconstitutionnel,bpt6k677080k,,failed,0,0,,no_usable_pages,known,,,bpt6k677080k: no usable pages in manifest.,2026-07-17T20:33:06.939068
leconstitutionnel,bpt6k677081z,,failed,0,0,,no_usable_pages,known,,,bpt6k677081z: no usable pages in manifest.,2026-07-17T20:33:06.990291
leconstitutionnel,bpt6k677082b,,failed,0,0,,no_usable_pages,known,,,bpt6k677082b: no usable pages in manifest.,2026-07-17T20:33:07.066267
leconstitutionnel,bpt6k677083q,,failed,0,0,,no_usable_pages,known,,,bpt6k677083q: no usable pages in manifest.,2026-07-17T20:33:07.135908
leconstitutionnel,bpt6k6770843,,failed,0,0,,no_usable_pages,known,,,bpt6k6770843: no usable pages in manifest.,2026-07-17T20:33:07.259741
leconstitutionnel,bpt6k677085g,,failed,0,0,,no_usable_pages,known,,,bpt6k677085g: no usable pages in manifest.,2026-07-17T20:33:07.383105
leconstitutionnel,bpt6k677086v,,failed,0,0,,no_usable_pages,known,,,bpt6k677086v: no usable pages in manifest.,2026-07-17T20:33:07.473957
leconstitutionnel,bpt6k6770877,,failed,0,0,,no_usable_pages,known,,,bpt6k6770877: no usable pages in manifest.,2026-07-17T20:33:07.538833
leconstitutionnel,bpt6k677088m,,failed,0,0,,no_usable_pages,known,,,bpt6k677088m: no usable pages in manifest.,2026-07-17T20:33:07.615909
leconstitutionnel,bpt6k6770890,,failed,0,0,,no_usable_pages,known,,,bpt6k6770890: no usable pages in manifest.,2026-07-17T20:33:07.680616
leconstitutionnel,bpt6k677090x,,failed,0,0,,no_usable_pages,known,,,bpt6k677090x: no usable pages in manifest.,2026-07-17T20:33:07.754334
leconstitutionnel,bpt6k6770919,,failed,0,0,,no_usable_pages,known,,,bpt6k6770919: no usable pages in manifest.,2026-07-17T20:33:07.843190
leconstitutionnel,bpt6k677092p,,failed,0,0,,no_usable_pages,known,,,bpt6k677092p: no usable pages in manifest.,2026-07-17T20:33:07.908303
leconstitutionnel,bpt6k6770932,,failed,0,0,,no_usable_pages,known,,,bpt6k6770932: no usable pages in manifest.,2026-07-17T20:33:07.969211
leconstitutionnel,bpt6k677094f,,failed,0,0,,no_usable_pages,known,,,bpt6k677094f: no usable pages in manifest.,2026-07-17T20:33:08.039644
leconstitutionnel,bpt6k677095t,,failed,0,0,,no_usable_pages,known,,,bpt6k677095t: no usable pages in manifest.,2026-07-17T20:33:08.111846
leconstitutionnel,bpt6k6770966,,failed,0,0,,no_usable_pages,known,,,bpt6k6770966: no usable pages in manifest.,2026-07-17T20:33:08.200307
leconstitutionnel,bpt6k677097k,,failed,0,0,,no_usable_pages,known,,,bpt6k677097k: no usable pages in manifest.,2026-07-17T20:33:08.268899
leconstitutionnel,bpt6k677098z,,failed,0,0,,no_usable_pages,known,,,bpt6k677098z: no usable pages in manifest.,2026-07-17T20:33:08.388649
leconstitutionnel,bpt6k677099b,,failed,0,0,,no_usable_pages,known,,,bpt6k677099b: no usable pages in manifest.,2026-07-17T20:33:08.477423
leconstitutionnel,bpt6k6771004,,failed,0,0,,no_usable_pages,known,,,bpt6k6771004: no usable pages in manifest.,2026-07-17T20:33:08.555450
leconstitutionnel,bpt6k677101h,,failed,0,0,,no_usable_pages,known,,,bpt6k677101h: no usable pages in manifest.,2026-07-17T20:33:08.620601
leconstitutionnel,bpt6k677102w,,failed,0,0,,no_usable_pages,known,,,bpt6k677102w: no usable pages in manifest.,2026-07-17T20:33:08.751538
leconstitutionnel,bpt6k6771038,,failed,0,0,,no_usable_pages,known,,,bpt6k6771038: no usable pages in manifest.,2026-07-17T20:33:08.892499
leconstitutionnel,bpt6k677104n,,failed,0,0,,no_usable_pages,known,,,bpt6k677104n: no usable pages in manifest.,2026-07-17T20:33:08.980540
leconstitutionnel,bpt6k6771051,,failed,0,0,,no_usable_pages,known,,,bpt6k6771051: no usable pages in manifest.,2026-07-17T20:33:09.073039
leconstitutionnel,bpt6k677106d,,failed,0,0,,no_usable_pages,known,,,bpt6k677106d: no usable pages in manifest.,2026-07-17T20:33:09.127654
leconstitutionnel,bpt6k677107s,,failed,0,0,,no_usable_pages,known,,,bpt6k677107s: no usable pages in manifest.,2026-07-17T20:33:09.195400
leconstitutionnel,bpt6k6771085,,failed,0,0,,no_usable_pages,known,,,bpt6k6771085: no usable pages in manifest.,2026-07-17T20:33:09.278975
leconstitutionnel,bpt6k677109j,,failed,0,0,,no_usable_pages,known,,,bpt6k677109j: no usable pages in manifest.,2026-07-17T20:33:09.362376
leconstitutionnel,bpt6k677110g,,failed,0,0,,no_usable_pages,known,,,bpt6k677110g: no usable pages in manifest.,2026-07-17T20:33:09.455727
leconstitutionnel,bpt6k677111v,,failed,0,0,,no_usable_pages,known,,,bpt6k677111v: no usable pages in manifest.,2026-07-17T20:33:09.550657
leconstitutionnel,bpt6k6771127,,failed,0,0,,no_usable_pages,known,,,bpt6k6771127: no usable pages in manifest.,2026-07-17T20:33:09.646624
leconstitutionnel,bpt6k677113m,,failed,0,0,,no_usable_pages,known,,,bpt6k677113m: no usable pages in manifest.,2026-07-17T20:33:09.721299
leconstitutionnel,bpt6k6771140,,failed,0,0,,no_usable_pages,known,,,bpt6k6771140: no usable pages in manifest.,2026-07-17T20:33:09.776338
leconstitutionnel,bpt6k677115c,,failed,0,0,,no_usable_pages,known,,,bpt6k677115c: no usable pages in manifest.,2026-07-17T20:33:09.908702
leconstitutionnel,bpt6k677116r,,failed,0,0,,no_usable_pages,known,,,bpt6k677116r: no usable pages in manifest.,2026-07-17T20:33:09.989339
leconstitutionnel,bpt6k6771174,,failed,0,0,,no_usable_pages,known,,,bpt6k6771174: no usable pages in manifest.,2026-07-17T20:33:10.046129
leconstitutionnel,bpt6k677118h,,failed,0,0,,no_usable_pages,known,,,bpt6k677118h: no usable pages in manifest.,2026-07-17T20:33:10.135033
leconstitutionnel,bpt6k677119w,,failed,0,0,,no_usable_pages,known,,,bpt6k677119w: no usable pages in manifest.,2026-07-17T20:33:10.394804
leconstitutionnel,bpt6k677120t,,failed,0,0,,no_usable_pages,known,,,bpt6k677120t: no usable pages in manifest.,2026-07-17T20:33:10.483539
leconstitutionnel,bpt6k6771216,,failed,0,0,,no_usable_pages,known,,,bpt6k6771216: no usable pages in manifest.,2026-07-17T20:33:10.539858
leconstitutionnel,bpt6k677122k,,failed,0,0,,no_usable_pages,known,,,bpt6k677122k: no usable pages in manifest.,2026-07-17T20:33:10.622855
leconstitutionnel,bpt6k677123z,,failed,0,0,,no_usable_pages,known,,,bpt6k677123z: no usable pages in manifest.,2026-07-17T20:33:10.687002
leconstitutionnel,bpt6k677124b,,failed,0,0,,no_usable_pages,known,,,bpt6k677124b: no usable pages in manifest.,2026-07-17T20:33:10.776236
leconstitutionnel,bpt6k677125q,,failed,0,0,,no_usable_pages,known,,,bpt6k677125q: no usable pages in manifest.,2026-07-17T20:33:10.857820
leconstitutionnel,bpt6k6771263,,failed,0,0,,no_usable_pages,known,,,bpt6k6771263: no usable pages in manifest.,2026-07-17T20:33:10.957024
leconstitutionnel,bpt6k677127g,,failed,0,0,,no_usable_pages,known,,,bpt6k677127g: no usable pages in manifest.,2026-07-17T20:33:11.047619
leconstitutionnel,bpt6k677128v,,failed,0,0,,no_usable_pages,known,,,bpt6k677128v: no usable pages in manifest.,2026-07-17T20:33:11.138621
leconstitutionnel,bpt6k6771297,,failed,0,0,,no_usable_pages,known,,,bpt6k6771297: no usable pages in manifest.,2026-07-17T20:33:11.204377
leconstitutionnel,bpt6k6771305,,failed,0,0,,no_usable_pages,known,,,bpt6k6771305: no usable pages in manifest.,2026-07-17T20:33:11.286854
leconstitutionnel,bpt6k677131j,,failed,0,0,,no_usable_pages,known,,,bpt6k677131j: no usable pages in manifest.,2026-07-17T20:33:11.360531
leconstitutionnel,bpt6k677132x,,failed,0,0,,no_usable_pages,known,,,bpt6k677132x: no usable pages in manifest.,2026-07-17T20:33:11.446045
leconstitutionnel,bpt6k6771339,,failed,0,0,,no_usable_pages,known,,,bpt6k6771339: no usable pages in manifest.,2026-07-17T20:33:11.536194
leconstitutionnel,bpt6k677134p,,failed,0,0,,no_usable_pages,known,,,bpt6k677134p: no usable pages in manifest.,2026-07-17T20:33:11.608496
leconstitutionnel,bpt6k6771352,,failed,0,0,,no_usable_pages,known,,,bpt6k6771352: no usable pages in manifest.,2026-07-17T20:33:11.689649
leconstitutionnel,bpt6k677136f,,failed,0,0,,no_usable_pages,known,,,bpt6k677136f: no usable pages in manifest.,2026-07-17T20:33:11.982302
leconstitutionnel,bpt6k677137t,,failed,0,0,,no_usable_pages,known,,,bpt6k677137t: no usable pages in manifest.,2026-07-17T20:33:12.131296
leconstitutionnel,bpt6k6771386,,failed,0,0,,no_usable_pages,known,,,bpt6k6771386: no usable pages in manifest.,2026-07-17T20:33:12.197137
leconstitutionnel,bpt6k677139k,,failed,0,0,,no_usable_pages,known,,,bpt6k677139k: no usable pages in manifest.,2026-07-17T20:33:12.286444
leconstitutionnel,bpt6k677140h,,failed,0,0,,no_usable_pages,known,,,bpt6k677140h: no usable pages in manifest.,2026-07-17T20:33:12.349927
leconstitutionnel,bpt6k677141w,,failed,0,0,,no_usable_pages,known,,,bpt6k677141w: no usable pages in manifest.,2026-07-17T20:33:12.427973
leconstitutionnel,bpt6k6771428,,failed,0,0,,no_usable_pages,known,,,bpt6k6771428: no usable pages in manifest.,2026-07-17T20:33:12.535763
leconstitutionnel,bpt6k677143n,,failed,0,0,,no_usable_pages,known,,,bpt6k677143n: no usable pages in manifest.,2026-07-17T20:33:12.651419
leconstitutionnel,bpt6k6771441,,failed,0,0,,no_usable_pages,known,,,bpt6k6771441: no usable pages in manifest.,2026-07-17T20:33:12.729451
leconstitutionnel,bpt6k677145d,,failed,0,0,,no_usable_pages,known,,,bpt6k677145d: no usable pages in manifest.,2026-07-17T20:33:12.793388
leconstitutionnel,bpt6k677146s,,failed,0,0,,no_usable_pages,known,,,bpt6k677146s: no usable pages in manifest.,2026-07-17T20:33:12.865601
leconstitutionnel,bpt6k6771475,,failed,0,0,,no_usable_pages,known,,,bpt6k6771475: no usable pages in manifest.,2026-07-17T20:33:12.927952
leconstitutionnel,bpt6k677148j,,failed,0,0,,no_usable_pages,known,,,bpt6k677148j: no usable pages in manifest.,2026-07-17T20:33:13.001570
leconstitutionnel,bpt6k677149x,,failed,0,0,,no_usable_pages,known,,,bpt6k677149x: no usable pages in manifest.,2026-07-17T20:33:13.099762
leconstitutionnel,bpt6k677150v,,failed,0,0,,no_usable_pages,known,,,bpt6k677150v: no usable pages in manifest.,2026-07-17T20:33:13.173073
leconstitutionnel,bpt6k6771517,,failed,0,0,,no_usable_pages,known,,,bpt6k6771517: no usable pages in manifest.,2026-07-17T20:33:13.271269
leconstitutionnel,bpt6k677152m,,failed,0,0,,no_usable_pages,known,,,bpt6k677152m: no usable pages in manifest.,2026-07-17T20:33:13.347149
leconstitutionnel,bpt6k6771530,,failed,0,0,,no_usable_pages,known,,,bpt6k6771530: no usable pages in manifest.,2026-07-17T20:33:13.433007
leconstitutionnel,bpt6k677154c,,failed,0,0,,no_usable_pages,known,,,bpt6k677154c: no usable pages in manifest.,2026-07-17T20:33:13.507987
leconstitutionnel,bpt6k677155r,,failed,0,0,,no_usable_pages,known,,,bpt6k677155r: no usable pages in manifest.,2026-07-17T20:33:13.595473
leconstitutionnel,bpt6k6771564,,failed,0,0,,no_usable_pages,known,,,bpt6k6771564: no usable pages in manifest.,2026-07-17T20:33:13.718467
leconstitutionnel,bpt6k677157h,,failed,0,0,,no_usable_pages,known,,,bpt6k677157h: no usable pages in manifest.,2026-07-17T20:33:13.829807
leconstitutionnel,bpt6k677158w,,failed,0,0,,no_usable_pages,known,,,bpt6k677158w: no usable pages in manifest.,2026-07-17T20:33:13.930099
leconstitutionnel,bpt6k6771598,,failed,0,0,,no_usable_pages,known,,,bpt6k6771598: no usable pages in manifest.,2026-07-17T20:33:14.024898
leconstitutionnel,bpt6k6771606,,failed,0,0,,no_usable_pages,known,,,bpt6k6771606: no usable pages in manifest.,2026-07-17T20:33:14.162817
leconstitutionnel,bpt6k677161k,,failed,0,0,,no_usable_pages,known,,,bpt6k677161k: no usable pages in manifest.,2026-07-17T20:33:14.233385
leconstitutionnel,bpt6k677162z,,failed,0,0,,no_usable_pages,known,,,bpt6k677162z: no usable pages in manifest.,2026-07-17T20:33:14.320219
leconstitutionnel,bpt6k677163b,,failed,0,0,,no_usable_pages,known,,,bpt6k677163b: no usable pages in manifest.,2026-07-17T20:33:14.418466
leconstitutionnel,bpt6k677164q,,failed,0,0,,no_usable_pages,known,,,bpt6k677164q: no usable pages in manifest.,2026-07-17T20:33:14.493158
leconstitutionnel,bpt6k6771653,,failed,0,0,,no_usable_pages,known,,,bpt6k6771653: no usable pages in manifest.,2026-07-17T20:33:14.587618
leconstitutionnel,bpt6k677166g,,failed,0,0,,no_usable_pages,known,,,bpt6k677166g: no usable pages in manifest.,2026-07-17T20:33:14.652540
leconstitutionnel,bpt6k677167v,,failed,0,0,,no_usable_pages,known,,,bpt6k677167v: no usable pages in manifest.,2026-07-17T20:33:14.768977
leconstitutionnel,bpt6k6771687,,failed,0,0,,no_usable_pages,known,,,bpt6k6771687: no usable pages in manifest.,2026-07-17T20:33:14.899949
leconstitutionnel,bpt6k677169m,,failed,0,0,,no_usable_pages,known,,,bpt6k677169m: no usable pages in manifest.,2026-07-17T20:33:14.993262
leconstitutionnel,bpt6k677170j,,failed,0,0,,no_usable_pages,known,,,bpt6k677170j: no usable pages in manifest.,2026-07-17T20:33:15.084961
leconstitutionnel,bpt6k677171x,,failed,0,0,,no_usable_pages,known,,,bpt6k677171x: no usable pages in manifest.,2026-07-17T20:33:15.202599
leconstitutionnel,bpt6k6771729,,failed,0,0,,no_usable_pages,known,,,bpt6k6771729: no usable pages in manifest.,2026-07-17T20:33:15.278586
leconstitutionnel,bpt6k677173p,,failed,0,0,,no_usable_pages,known,,,bpt6k677173p: no usable pages in manifest.,2026-07-17T20:33:15.341695
leconstitutionnel,bpt6k6771742,,failed,0,0,,no_usable_pages,known,,,bpt6k6771742: no usable pages in manifest.,2026-07-17T20:33:15.423307
leconstitutionnel,bpt6k677175f,,failed,0,0,,no_usable_pages,known,,,bpt6k677175f: no usable pages in manifest.,2026-07-17T20:33:15.537377
leconstitutionnel,bpt6k677176t,,failed,0,0,,no_usable_pages,known,,,bpt6k677176t: no usable pages in manifest.,2026-07-17T20:33:15.666395
leconstitutionnel,bpt6k6771776,,failed,0,0,,no_usable_pages,known,,,bpt6k6771776: no usable pages in manifest.,2026-07-17T20:33:15.794881
leconstitutionnel,bpt6k677178k,,failed,0,0,,no_usable_pages,known,,,bpt6k677178k: no usable pages in manifest.,2026-07-17T20:33:15.884949
leconstitutionnel,bpt6k677179z,,failed,0,0,,no_usable_pages,known,,,bpt6k677179z: no usable pages in manifest.,2026-07-17T20:33:15.968217
leconstitutionnel,bpt6k677180w,,failed,0,0,,no_usable_pages,known,,,bpt6k677180w: no usable pages in manifest.,2026-07-17T20:33:16.019074
leconstitutionnel,bpt6k6771818,,failed,0,0,,no_usable_pages,known,,,bpt6k6771818: no usable pages in manifest.,2026-07-17T20:33:16.112064
leconstitutionnel,bpt6k677182n,,failed,0,0,,no_usable_pages,known,,,bpt6k677182n: no usable pages in manifest.,2026-07-17T20:33:16.291091
leconstitutionnel,bpt6k6771831,,failed,0,0,,no_usable_pages,known,,,bpt6k6771831: no usable pages in manifest.,2026-07-17T20:33:16.397576
leconstitutionnel,bpt6k677184d,,failed,0,0,,no_usable_pages,known,,,bpt6k677184d: no usable pages in manifest.,2026-07-17T20:33:16.493594
leconstitutionnel,bpt6k677185s,,failed,0,0,,no_usable_pages,known,,,bpt6k677185s: no usable pages in manifest.,2026-07-17T20:33:16.563804
leconstitutionnel,bpt6k6771865,,failed,0,0,,no_usable_pages,known,,,bpt6k6771865: no usable pages in manifest.,2026-07-17T20:33:16.647184
leconstitutionnel,bpt6k677187j,,failed,0,0,,no_usable_pages,known,,,bpt6k677187j: no usable pages in manifest.,2026-07-17T20:33:16.726890
leconstitutionnel,bpt6k677188x,,failed,0,0,,no_usable_pages,known,,,bpt6k677188x: no usable pages in manifest.,2026-07-17T20:33:16.817992
leconstitutionnel,bpt6k6771899,,failed,0,0,,no_usable_pages,known,,,bpt6k6771899: no usable pages in manifest.,2026-07-17T20:33:16.907759
leconstitutionnel,bpt6k6771907,,failed,0,0,,no_usable_pages,known,,,bpt6k6771907: no usable pages in manifest.,2026-07-17T20:33:17.006267
leconstitutionnel,bpt6k677191m,,failed,0,0,,no_usable_pages,known,,,bpt6k677191m: no usable pages in manifest.,2026-07-17T20:33:17.080614
leconstitutionnel,bpt6k6771920,,failed,0,0,,no_usable_pages,known,,,bpt6k6771920: no usable pages in manifest.,2026-07-17T20:33:17.151993
leconstitutionnel,bpt6k677193c,,failed,0,0,,no_usable_pages,known,,,bpt6k677193c: no usable pages in manifest.,2026-07-17T20:33:17.278381
leconstitutionnel,bpt6k677194r,,failed,0,0,,no_usable_pages,known,,,bpt6k677194r: no usable pages in manifest.,2026-07-17T20:33:17.330732
leconstitutionnel,bpt6k6771954,,failed,0,0,,no_usable_pages,known,,,bpt6k6771954: no usable pages in manifest.,2026-07-17T20:33:17.396435
leconstitutionnel,bpt6k677196h,,failed,0,0,,no_usable_pages,known,,,bpt6k677196h: no usable pages in manifest.,2026-07-17T20:33:17.479742
leconstitutionnel,bpt6k677197w,,failed,0,0,,no_usable_pages,known,,,bpt6k677197w: no usable pages in manifest.,2026-07-17T20:33:17.553612
leconstitutionnel,bpt6k6771988,,failed,0,0,,no_usable_pages,known,,,bpt6k6771988: no usable pages in manifest.,2026-07-17T20:33:17.657443
leconstitutionnel,bpt6k677199n,,failed,0,0,,no_usable_pages,known,,,bpt6k677199n: no usable pages in manifest.,2026-07-17T20:33:17.835390
leconstitutionnel,bpt6k677200f,,failed,0,0,,no_usable_pages,known,,,bpt6k677200f: no usable pages in manifest.,2026-07-17T20:33:17.935775
leconstitutionnel,bpt6k677201t,,failed,0,0,,no_usable_pages,known,,,bpt6k677201t: no usable pages in manifest.,2026-07-17T20:33:18.022436
leconstitutionnel,bpt6k6772026,,failed,0,0,,no_usable_pages,known,,,bpt6k6772026: no usable pages in manifest.,2026-07-17T20:33:18.090873
leconstitutionnel,bpt6k677203k,,failed,0,0,,no_usable_pages,known,,,bpt6k677203k: no usable pages in manifest.,2026-07-17T20:33:18.183352
leconstitutionnel,bpt6k677204z,,failed,0,0,,no_usable_pages,known,,,bpt6k677204z: no usable pages in manifest.,2026-07-17T20:33:18.261077
leconstitutionnel,bpt6k677205b,,failed,0,0,,no_usable_pages,known,,,bpt6k677205b: no usable pages in manifest.,2026-07-17T20:33:18.359058
leconstitutionnel,bpt6k677206q,,failed,0,0,,no_usable_pages,known,,,bpt6k677206q: no usable pages in manifest.,2026-07-17T20:33:18.421211
leconstitutionnel,bpt6k6772073,,failed,0,0,,no_usable_pages,known,,,bpt6k6772073: no usable pages in manifest.,2026-07-17T20:33:18.499397
leconstitutionnel,bpt6k677208g,,failed,0,0,,no_usable_pages,known,,,bpt6k677208g: no usable pages in manifest.,2026-07-17T20:33:18.572776
leconstitutionnel,bpt6k677209v,,failed,0,0,,no_usable_pages,known,,,bpt6k677209v: no usable pages in manifest.,2026-07-17T20:33:18.649724
leconstitutionnel,bpt6k677210s,,failed,0,0,,no_usable_pages,known,,,bpt6k677210s: no usable pages in manifest.,2026-07-17T20:33:18.752377
leconstitutionnel,bpt6k6772115,,failed,0,0,,no_usable_pages,known,,,bpt6k6772115: no usable pages in manifest.,2026-07-17T20:33:18.838328
leconstitutionnel,bpt6k677212j,,failed,0,0,,no_usable_pages,known,,,bpt6k677212j: no usable pages in manifest.,2026-07-17T20:33:18.972473
leconstitutionnel,bpt6k677213x,,failed,0,0,,no_usable_pages,known,,,bpt6k677213x: no usable pages in manifest.,2026-07-17T20:33:19.075665
leconstitutionnel,bpt6k6772149,,failed,0,0,,no_usable_pages,known,,,bpt6k6772149: no usable pages in manifest.,2026-07-17T20:33:19.155422
leconstitutionnel,bpt6k677215p,,failed,0,0,,no_usable_pages,known,,,bpt6k677215p: no usable pages in manifest.,2026-07-17T20:33:19.285375
leconstitutionnel,bpt6k6772162,,failed,0,0,,no_usable_pages,known,,,bpt6k6772162: no usable pages in manifest.,2026-07-17T20:33:19.535962
leconstitutionnel,bpt6k677217f,,failed,0,0,,no_usable_pages,known,,,bpt6k677217f: no usable pages in manifest.,2026-07-17T20:33:19.657265
leconstitutionnel,bpt6k677218t,,failed,0,0,,no_usable_pages,known,,,bpt6k677218t: no usable pages in manifest.,2026-07-17T20:33:19.766806
leconstitutionnel,bpt6k6772196,,failed,0,0,,no_usable_pages,known,,,bpt6k6772196: no usable pages in manifest.,2026-07-17T20:33:19.864278
leconstitutionnel,bpt6k6772204,,failed,0,0,,no_usable_pages,known,,,bpt6k6772204: no usable pages in manifest.,2026-07-17T20:33:19.947199
leconstitutionnel,bpt6k677221h,,failed,0,0,,no_usable_pages,known,,,bpt6k677221h: no usable pages in manifest.,2026-07-17T20:33:20.052559
leconstitutionnel,bpt6k677222w,,failed,0,0,,no_usable_pages,known,,,bpt6k677222w: no usable pages in manifest.,2026-07-17T20:33:20.127659
leconstitutionnel,bpt6k6772238,,failed,0,0,,no_usable_pages,known,,,bpt6k6772238: no usable pages in manifest.,2026-07-17T20:33:20.224381
leconstitutionnel,bpt6k677224n,,failed,0,0,,no_usable_pages,known,,,bpt6k677224n: no usable pages in manifest.,2026-07-17T20:33:20.323088
leconstitutionnel,bpt6k6772251,,failed,0,0,,no_usable_pages,known,,,bpt6k6772251: no usable pages in manifest.,2026-07-17T20:33:20.405275
leconstitutionnel,bpt6k677226d,,failed,0,0,,no_usable_pages,known,,,bpt6k677226d: no usable pages in manifest.,2026-07-17T20:33:20.483760
leconstitutionnel,bpt6k677227s,,failed,0,0,,no_usable_pages,known,,,bpt6k677227s: no usable pages in manifest.,2026-07-17T20:33:20.554508
leconstitutionnel,bpt6k6772285,,failed,0,0,,no_usable_pages,known,,,bpt6k6772285: no usable pages in manifest.,2026-07-17T20:33:20.633751
leconstitutionnel,bpt6k677229j,,failed,0,0,,no_usable_pages,known,,,bpt6k677229j: no usable pages in manifest.,2026-07-17T20:33:20.694327
leconstitutionnel,bpt6k677230g,,failed,0,0,,no_usable_pages,known,,,bpt6k677230g: no usable pages in manifest.,2026-07-17T20:33:20.779485
leconstitutionnel,bpt6k677231v,,failed,0,0,,no_usable_pages,known,,,bpt6k677231v: no usable pages in manifest.,2026-07-17T20:33:20.849386
leconstitutionnel,bpt6k6772327,,failed,0,0,,no_usable_pages,known,,,bpt6k6772327: no usable pages in manifest.,2026-07-17T20:33:20.930589
leconstitutionnel,bpt6k677233m,,failed,0,0,,no_usable_pages,known,,,bpt6k677233m: no usable pages in manifest.,2026-07-17T20:33:21.066503
leconstitutionnel,bpt6k6772340,,failed,0,0,,no_usable_pages,known,,,bpt6k6772340: no usable pages in manifest.,2026-07-17T20:33:21.190511
leconstitutionnel,bpt6k677235c,,failed,0,0,,no_usable_pages,known,,,bpt6k677235c: no usable pages in manifest.,2026-07-17T20:33:21.271335
leconstitutionnel,bpt6k677236r,,failed,0,0,,no_usable_pages,known,,,bpt6k677236r: no usable pages in manifest.,2026-07-17T20:33:21.352373
leconstitutionnel,bpt6k6772374,,failed,0,0,,no_usable_pages,known,,,bpt6k6772374: no usable pages in manifest.,2026-07-17T20:33:21.443292
leconstitutionnel,bpt6k677238h,,failed,0,0,,no_usable_pages,known,,,bpt6k677238h: no usable pages in manifest.,2026-07-17T20:33:21.540059
leconstitutionnel,bpt6k677239w,,failed,0,0,,no_usable_pages,known,,,bpt6k677239w: no usable pages in manifest.,2026-07-17T20:33:21.613632
leconstitutionnel,bpt6k677240t,,failed,0,0,,no_usable_pages,known,,,bpt6k677240t: no usable pages in manifest.,2026-07-17T20:33:21.685514
leconstitutionnel,bpt6k6772416,,failed,0,0,,no_usable_pages,known,,,bpt6k6772416: no usable pages in manifest.,2026-07-17T20:33:21.737994
leconstitutionnel,bpt6k677242k,,failed,0,0,,no_usable_pages,known,,,bpt6k677242k: no usable pages in manifest.,2026-07-17T20:33:21.808814
leconstitutionnel,bpt6k677243z,,failed,0,0,,no_usable_pages,known,,,bpt6k677243z: no usable pages in manifest.,2026-07-17T20:33:21.886925
leconstitutionnel,bpt6k677244b,,failed,0,0,,no_usable_pages,known,,,bpt6k677244b: no usable pages in manifest.,2026-07-17T20:33:21.980896
leconstitutionnel,bpt6k677245q,,failed,0,0,,no_usable_pages,known,,,bpt6k677245q: no usable pages in manifest.,2026-07-17T20:33:22.087226
leconstitutionnel,bpt6k6772463,,failed,0,0,,no_usable_pages,known,,,bpt6k6772463: no usable pages in manifest.,2026-07-17T20:33:22.174426
leconstitutionnel,bpt6k677247g,,failed,0,0,,no_usable_pages,known,,,bpt6k677247g: no usable pages in manifest.,2026-07-17T20:33:22.230674
leconstitutionnel,bpt6k677248v,,failed,0,0,,no_usable_pages,known,,,bpt6k677248v: no usable pages in manifest.,2026-07-17T20:33:22.293598
leconstitutionnel,bpt6k6772497,,failed,0,0,,no_usable_pages,known,,,bpt6k6772497: no usable pages in manifest.,2026-07-17T20:33:22.362670
leconstitutionnel,bpt6k6772505,,failed,0,0,,no_usable_pages,known,,,bpt6k6772505: no usable pages in manifest.,2026-07-17T20:33:22.458969
leconstitutionnel,bpt6k677251j,,failed,0,0,,no_usable_pages,known,,,bpt6k677251j: no usable pages in manifest.,2026-07-17T20:33:22.656617
leconstitutionnel,bpt6k677252x,,failed,0,0,,no_usable_pages,known,,,bpt6k677252x: no usable pages in manifest.,2026-07-17T20:33:22.738680
leconstitutionnel,bpt6k6772539,,failed,0,0,,no_usable_pages,known,,,bpt6k6772539: no usable pages in manifest.,2026-07-17T20:33:22.797548
leconstitutionnel,bpt6k677254p,,failed,0,0,,no_usable_pages,known,,,bpt6k677254p: no usable pages in manifest.,2026-07-17T20:33:22.866006
leconstitutionnel,bpt6k6772552,,failed,0,0,,no_usable_pages,known,,,bpt6k6772552: no usable pages in manifest.,2026-07-17T20:33:22.934532
leconstitutionnel,bpt6k677256f,,failed,0,0,,no_usable_pages,known,,,bpt6k677256f: no usable pages in manifest.,2026-07-17T20:33:23.033557
leconstitutionnel,bpt6k677257t,,failed,0,0,,no_usable_pages,known,,,bpt6k677257t: no usable pages in manifest.,2026-07-17T20:33:23.115494
leconstitutionnel,bpt6k6772586,,failed,0,0,,no_usable_pages,known,,,bpt6k6772586: no usable pages in manifest.,2026-07-17T20:33:23.230306
leconstitutionnel,bpt6k677259k,,failed,0,0,,no_usable_pages,known,,,bpt6k677259k: no usable pages in manifest.,2026-07-17T20:33:23.328655
leconstitutionnel,bpt6k677260h,,failed,0,0,,no_usable_pages,known,,,bpt6k677260h: no usable pages in manifest.,2026-07-17T20:33:23.412245
leconstitutionnel,bpt6k677261w,,failed,0,0,,no_usable_pages,known,,,bpt6k677261w: no usable pages in manifest.,2026-07-17T20:33:23.504548
leconstitutionnel,bpt6k6772628,,failed,0,0,,no_usable_pages,known,,,bpt6k6772628: no usable pages in manifest.,2026-07-17T20:33:23.562229
leconstitutionnel,bpt6k677263n,,failed,0,0,,no_usable_pages,known,,,bpt6k677263n: no usable pages in manifest.,2026-07-17T20:33:23.659272
leconstitutionnel,bpt6k6772641,,failed,0,0,,no_usable_pages,known,,,bpt6k6772641: no usable pages in manifest.,2026-07-17T20:33:23.733641
leconstitutionnel,bpt6k677265d,,failed,0,0,,no_usable_pages,known,,,bpt6k677265d: no usable pages in manifest.,2026-07-17T20:33:23.809644
leconstitutionnel,bpt6k677266s,,failed,0,0,,no_usable_pages,known,,,bpt6k677266s: no usable pages in manifest.,2026-07-17T20:33:23.892068
leconstitutionnel,bpt6k6772675,,failed,0,0,,no_usable_pages,known,,,bpt6k6772675: no usable pages in manifest.,2026-07-17T20:33:24.044536
leconstitutionnel,bpt6k677268j,,failed,0,0,,no_usable_pages,known,,,bpt6k677268j: no usable pages in manifest.,2026-07-17T20:33:24.155595
leconstitutionnel,bpt6k677269x,,failed,0,0,,no_usable_pages,known,,,bpt6k677269x: no usable pages in manifest.,2026-07-17T20:33:24.262677
leconstitutionnel,bpt6k677270v,,failed,0,0,,no_usable_pages,known,,,bpt6k677270v: no usable pages in manifest.,2026-07-17T20:33:24.325234
leconstitutionnel,bpt6k6772717,,failed,0,0,,no_usable_pages,known,,,bpt6k6772717: no usable pages in manifest.,2026-07-17T20:33:24.408688
leconstitutionnel,bpt6k677272m,,failed,0,0,,no_usable_pages,known,,,bpt6k677272m: no usable pages in manifest.,2026-07-17T20:33:24.532341
leconstitutionnel,bpt6k6772730,,failed,0,0,,no_usable_pages,known,,,bpt6k6772730: no usable pages in manifest.,2026-07-17T20:33:24.658075
leconstitutionnel,bpt6k677274c,,failed,0,0,,no_usable_pages,known,,,bpt6k677274c: no usable pages in manifest.,2026-07-17T20:33:24.793472
leconstitutionnel,bpt6k677275r,,failed,0,0,,no_usable_pages,known,,,bpt6k677275r: no usable pages in manifest.,2026-07-17T20:33:24.924344
leconstitutionnel,bpt6k6772764,,failed,0,0,,no_usable_pages,known,,,bpt6k6772764: no usable pages in manifest.,2026-07-17T20:33:25.037682
leconstitutionnel,bpt6k677277h,,failed,0,0,,no_usable_pages,known,,,bpt6k677277h: no usable pages in manifest.,2026-07-17T20:33:25.178404
leconstitutionnel,bpt6k677278w,,failed,0,0,,no_usable_pages,known,,,bpt6k677278w: no usable pages in manifest.,2026-07-17T20:33:25.280875
leconstitutionnel,bpt6k6772798,,failed,0,0,,no_usable_pages,known,,,bpt6k6772798: no usable pages in manifest.,2026-07-17T20:33:25.391373
leconstitutionnel,bpt6k6772806,,failed,0,0,,no_usable_pages,known,,,bpt6k6772806: no usable pages in manifest.,2026-07-17T20:33:25.460754
leconstitutionnel,bpt6k677281k,,failed,0,0,,no_usable_pages,known,,,bpt6k677281k: no usable pages in manifest.,2026-07-17T20:33:25.633597
leconstitutionnel,bpt6k677282z,,failed,0,0,,no_usable_pages,known,,,bpt6k677282z: no usable pages in manifest.,2026-07-17T20:33:25.747255
leconstitutionnel,bpt6k677283b,,failed,0,0,,no_usable_pages,known,,,bpt6k677283b: no usable pages in manifest.,2026-07-17T20:33:25.835855
leconstitutionnel,bpt6k677284q,,failed,0,0,,no_usable_pages,known,,,bpt6k677284q: no usable pages in manifest.,2026-07-17T20:33:25.907611
leconstitutionnel,bpt6k6772853,,failed,0,0,,no_usable_pages,known,,,bpt6k6772853: no usable pages in manifest.,2026-07-17T20:33:25.988298
leconstitutionnel,bpt6k677286g,,failed,0,0,,no_usable_pages,known,,,bpt6k677286g: no usable pages in manifest.,2026-07-17T20:33:26.054180
leconstitutionnel,bpt6k677287v,,failed,0,0,,no_usable_pages,known,,,bpt6k677287v: no usable pages in manifest.,2026-07-17T20:33:26.111606
leconstitutionnel,bpt6k6772887,,failed,0,0,,no_usable_pages,known,,,bpt6k6772887: no usable pages in manifest.,2026-07-17T20:33:26.166879
leconstitutionnel,bpt6k677289m,,failed,0,0,,no_usable_pages,known,,,bpt6k677289m: no usable pages in manifest.,2026-07-17T20:33:26.228616
leconstitutionnel,bpt6k677290j,,failed,0,0,,no_usable_pages,known,,,bpt6k677290j: no usable pages in manifest.,2026-07-17T20:33:26.324633
leconstitutionnel,bpt6k677291x,,failed,0,0,,no_usable_pages,known,,,bpt6k677291x: no usable pages in manifest.,2026-07-17T20:33:26.402552
leconstitutionnel,bpt6k6772929,,failed,0,0,,no_usable_pages,known,,,bpt6k6772929: no usable pages in manifest.,2026-07-17T20:33:26.469590
leconstitutionnel,bpt6k677293p,,failed,0,0,,no_usable_pages,known,,,bpt6k677293p: no usable pages in manifest.,2026-07-17T20:33:26.542027
leconstitutionnel,bpt6k6772942,,failed,0,0,,no_usable_pages,known,,,bpt6k6772942: no usable pages in manifest.,2026-07-17T20:33:26.620355
leconstitutionnel,bpt6k677295f,,failed,0,0,,no_usable_pages,known,,,bpt6k677295f: no usable pages in manifest.,2026-07-17T20:33:26.707776
leconstitutionnel,bpt6k677296t,,failed,0,0,,no_usable_pages,known,,,bpt6k677296t: no usable pages in manifest.,2026-07-17T20:33:26.788720
leconstitutionnel,bpt6k6772976,,failed,0,0,,no_usable_pages,known,,,bpt6k6772976: no usable pages in manifest.,2026-07-17T20:33:26.906760
leconstitutionnel,bpt6k677298k,,failed,0,0,,no_usable_pages,known,,,bpt6k677298k: no usable pages in manifest.,2026-07-17T20:33:26.971973
leconstitutionnel,bpt6k677299z,,failed,0,0,,no_usable_pages,known,,,bpt6k677299z: no usable pages in manifest.,2026-07-17T20:33:27.055282
leconstitutionnel,bpt6k677300r,,failed,0,0,,no_usable_pages,known,,,bpt6k677300r: no usable pages in manifest.,2026-07-17T20:33:27.214431
leconstitutionnel,bpt6k6773014,,failed,0,0,,no_usable_pages,known,,,bpt6k6773014: no usable pages in manifest.,2026-07-17T20:33:27.322051
leconstitutionnel,bpt6k677302h,,failed,0,0,,no_usable_pages,known,,,bpt6k677302h: no usable pages in manifest.,2026-07-17T20:33:27.413238
leconstitutionnel,bpt6k677303w,,failed,0,0,,no_usable_pages,known,,,bpt6k677303w: no usable pages in manifest.,2026-07-17T20:33:27.489110
leconstitutionnel,bpt6k6773048,,failed,0,0,,no_usable_pages,known,,,bpt6k6773048: no usable pages in manifest.,2026-07-17T20:33:27.560047
leconstitutionnel,bpt6k677305n,,failed,0,0,,no_usable_pages,known,,,bpt6k677305n: no usable pages in manifest.,2026-07-17T20:33:27.661446
leconstitutionnel,bpt6k6773061,,failed,0,0,,no_usable_pages,known,,,bpt6k6773061: no usable pages in manifest.,2026-07-17T20:33:27.740714
leconstitutionnel,bpt6k677307d,,failed,0,0,,no_usable_pages,known,,,bpt6k677307d: no usable pages in manifest.,2026-07-17T20:33:27.858081
leconstitutionnel,bpt6k677308s,,failed,0,0,,no_usable_pages,known,,,bpt6k677308s: no usable pages in manifest.,2026-07-17T20:33:27.943694
leconstitutionnel,bpt6k6773095,,failed,0,0,,no_usable_pages,known,,,bpt6k6773095: no usable pages in manifest.,2026-07-17T20:33:28.009055
leconstitutionnel,bpt6k6773103,,failed,0,0,,no_usable_pages,known,,,bpt6k6773103: no usable pages in manifest.,2026-07-17T20:33:28.067010
leconstitutionnel,bpt6k677311g,,failed,0,0,,no_usable_pages,known,,,bpt6k677311g: no usable pages in manifest.,2026-07-17T20:33:28.140901
leconstitutionnel,bpt6k677312v,,failed,0,0,,no_usable_pages,known,,,bpt6k677312v: no usable pages in manifest.,2026-07-17T20:33:28.224861
leconstitutionnel,bpt6k6773137,,failed,0,0,,no_usable_pages,known,,,bpt6k6773137: no usable pages in manifest.,2026-07-17T20:33:28.293523
leconstitutionnel,bpt6k677314m,,failed,0,0,,no_usable_pages,known,,,bpt6k677314m: no usable pages in manifest.,2026-07-17T20:33:28.386415
leconstitutionnel,bpt6k6773150,,failed,0,0,,no_usable_pages,known,,,bpt6k6773150: no usable pages in manifest.,2026-07-17T20:33:28.461107
leconstitutionnel,bpt6k677316c,,failed,0,0,,no_usable_pages,known,,,bpt6k677316c: no usable pages in manifest.,2026-07-17T20:33:28.556365
leconstitutionnel,bpt6k677317r,,failed,0,0,,no_usable_pages,known,,,bpt6k677317r: no usable pages in manifest.,2026-07-17T20:33:28.686598
leconstitutionnel,bpt6k6773184,,failed,0,0,,no_usable_pages,known,,,bpt6k6773184: no usable pages in manifest.,2026-07-17T20:33:28.757668
leconstitutionnel,bpt6k677319h,,failed,0,0,,no_usable_pages,known,,,bpt6k677319h: no usable pages in manifest.,2026-07-17T20:33:28.848207
leconstitutionnel,bpt6k677320f,,failed,0,0,,no_usable_pages,known,,,bpt6k677320f: no usable pages in manifest.,2026-07-17T20:33:28.936679
leconstitutionnel,bpt6k677321t,,failed,0,0,,no_usable_pages,known,,,bpt6k677321t: no usable pages in manifest.,2026-07-17T20:33:29.009189
leconstitutionnel,bpt6k6773226,,failed,0,0,,no_usable_pages,known,,,bpt6k6773226: no usable pages in manifest.,2026-07-17T20:33:29.078632
leconstitutionnel,bpt6k677323k,,failed,0,0,,no_usable_pages,known,,,bpt6k677323k: no usable pages in manifest.,2026-07-17T20:33:29.148005
leconstitutionnel,bpt6k677324z,,failed,0,0,,no_usable_pages,known,,,bpt6k677324z: no usable pages in manifest.,2026-07-17T20:33:29.223183
leconstitutionnel,bpt6k677325b,,failed,0,0,,no_usable_pages,known,,,bpt6k677325b: no usable pages in manifest.,2026-07-17T20:33:29.302272
leconstitutionnel,bpt6k677326q,,failed,0,0,,no_usable_pages,known,,,bpt6k677326q: no usable pages in manifest.,2026-07-17T20:33:29.404110
leconstitutionnel,bpt6k6773273,,failed,0,0,,no_usable_pages,known,,,bpt6k6773273: no usable pages in manifest.,2026-07-17T20:33:29.474512
leconstitutionnel,bpt6k677328g,,failed,0,0,,no_usable_pages,known,,,bpt6k677328g: no usable pages in manifest.,2026-07-17T20:33:29.550696
leconstitutionnel,bpt6k677329v,,failed,0,0,,no_usable_pages,known,,,bpt6k677329v: no usable pages in manifest.,2026-07-17T20:33:29.621405
leconstitutionnel,bpt6k677330s,,failed,0,0,,no_usable_pages,known,,,bpt6k677330s: no usable pages in manifest.,2026-07-17T20:33:29.710241
leconstitutionnel,bpt6k6773315,,failed,0,0,,no_usable_pages,known,,,bpt6k6773315: no usable pages in manifest.,2026-07-17T20:33:29.795047
leconstitutionnel,bpt6k677332j,,failed,0,0,,no_usable_pages,known,,,bpt6k677332j: no usable pages in manifest.,2026-07-17T20:33:29.869858
leconstitutionnel,bpt6k677333x,,failed,0,0,,no_usable_pages,known,,,bpt6k677333x: no usable pages in manifest.,2026-07-17T20:33:29.936307
leconstitutionnel,bpt6k6773349,,failed,0,0,,no_usable_pages,known,,,bpt6k6773349: no usable pages in manifest.,2026-07-17T20:33:30.007342
leconstitutionnel,bpt6k677335p,,failed,0,0,,no_usable_pages,known,,,bpt6k677335p: no usable pages in manifest.,2026-07-17T20:33:30.165016
leconstitutionnel,bpt6k6773362,,failed,0,0,,no_usable_pages,known,,,bpt6k6773362: no usable pages in manifest.,2026-07-17T20:33:30.247773
leconstitutionnel,bpt6k677337f,,failed,0,0,,no_usable_pages,known,,,bpt6k677337f: no usable pages in manifest.,2026-07-17T20:33:30.322524
leconstitutionnel,bpt6k677338t,,failed,0,0,,no_usable_pages,known,,,bpt6k677338t: no usable pages in manifest.,2026-07-17T20:33:30.424333
leconstitutionnel,bpt6k6773396,,failed,0,0,,no_usable_pages,known,,,bpt6k6773396: no usable pages in manifest.,2026-07-17T20:33:30.505961
leconstitutionnel,bpt6k6773404,,failed,0,0,,no_usable_pages,known,,,bpt6k6773404: no usable pages in manifest.,2026-07-17T20:33:30.601119
leconstitutionnel,bpt6k677341h,,failed,0,0,,no_usable_pages,known,,,bpt6k677341h: no usable pages in manifest.,2026-07-17T20:33:30.674104
leconstitutionnel,bpt6k677342w,,failed,0,0,,no_usable_pages,known,,,bpt6k677342w: no usable pages in manifest.,2026-07-17T20:33:30.752856
leconstitutionnel,bpt6k6773438,,failed,0,0,,no_usable_pages,known,,,bpt6k6773438: no usable pages in manifest.,2026-07-17T20:33:30.833039
leconstitutionnel,bpt6k677344n,,failed,0,0,,no_usable_pages,known,,,bpt6k677344n: no usable pages in manifest.,2026-07-17T20:33:30.920723
leconstitutionnel,bpt6k6773451,,failed,0,0,,no_usable_pages,known,,,bpt6k6773451: no usable pages in manifest.,2026-07-17T20:33:31.001223
leconstitutionnel,bpt6k677346d,,failed,0,0,,no_usable_pages,known,,,bpt6k677346d: no usable pages in manifest.,2026-07-17T20:33:31.093586
leconstitutionnel,bpt6k677347s,,failed,0,0,,no_usable_pages,known,,,bpt6k677347s: no usable pages in manifest.,2026-07-17T20:33:31.150117
leconstitutionnel,bpt6k6773485,,failed,0,0,,no_usable_pages,known,,,bpt6k6773485: no usable pages in manifest.,2026-07-17T20:33:31.212069
leconstitutionnel,bpt6k677349j,,failed,0,0,,no_usable_pages,known,,,bpt6k677349j: no usable pages in manifest.,2026-07-17T20:33:31.305389
leconstitutionnel,bpt6k677350g,,failed,0,0,,no_usable_pages,known,,,bpt6k677350g: no usable pages in manifest.,2026-07-17T20:33:31.383154
leconstitutionnel,bpt6k677351v,,failed,0,0,,no_usable_pages,known,,,bpt6k677351v: no usable pages in manifest.,2026-07-17T20:33:31.474144
leconstitutionnel,bpt6k6773527,,failed,0,0,,no_usable_pages,known,,,bpt6k6773527: no usable pages in manifest.,2026-07-17T20:33:31.568909
leconstitutionnel,bpt6k677353m,,failed,0,0,,no_usable_pages,known,,,bpt6k677353m: no usable pages in manifest.,2026-07-17T20:33:31.709875
leconstitutionnel,bpt6k6773540,,failed,0,0,,no_usable_pages,known,,,bpt6k6773540: no usable pages in manifest.,2026-07-17T20:33:31.831674
leconstitutionnel,bpt6k677355c,,failed,0,0,,no_usable_pages,known,,,bpt6k677355c: no usable pages in manifest.,2026-07-17T20:33:31.922517
leconstitutionnel,bpt6k677356r,,failed,0,0,,no_usable_pages,known,,,bpt6k677356r: no usable pages in manifest.,2026-07-17T20:33:31.992762
leconstitutionnel,bpt6k6773574,,failed,0,0,,no_usable_pages,known,,,bpt6k6773574: no usable pages in manifest.,2026-07-17T20:33:32.071251
leconstitutionnel,bpt6k677358h,,failed,0,0,,no_usable_pages,known,,,bpt6k677358h: no usable pages in manifest.,2026-07-17T20:33:32.150534
leconstitutionnel,bpt6k677359w,,failed,0,0,,no_usable_pages,known,,,bpt6k677359w: no usable pages in manifest.,2026-07-17T20:33:32.223869
leconstitutionnel,bpt6k677360t,,failed,0,0,,no_usable_pages,known,,,bpt6k677360t: no usable pages in manifest.,2026-07-17T20:33:32.287554
leconstitutionnel,bpt6k6773616,,failed,0,0,,no_usable_pages,known,,,bpt6k6773616: no usable pages in manifest.,2026-07-17T20:33:32.347066
leconstitutionnel,bpt6k677362k,,failed,0,0,,no_usable_pages,known,,,bpt6k677362k: no usable pages in manifest.,2026-07-17T20:33:32.435403
leconstitutionnel,bpt6k677363z,,failed,0,0,,no_usable_pages,known,,,bpt6k677363z: no usable pages in manifest.,2026-07-17T20:33:32.503489
leconstitutionnel,bpt6k677364b,,failed,0,0,,no_usable_pages,known,,,bpt6k677364b: no usable pages in manifest.,2026-07-17T20:33:32.563034
leconstitutionnel,bpt6k677365q,,failed,0,0,,no_usable_pages,known,,,bpt6k677365q: no usable pages in manifest.,2026-07-17T20:33:32.643974
leconstitutionnel,bpt6k6773663,,failed,0,0,,no_usable_pages,known,,,bpt6k6773663: no usable pages in manifest.,2026-07-17T20:33:32.727122
leconstitutionnel,bpt6k677367g,,failed,0,0,,no_usable_pages,known,,,bpt6k677367g: no usable pages in manifest.,2026-07-17T20:33:32.825879
leconstitutionnel,bpt6k677368v,,failed,0,0,,no_usable_pages,known,,,bpt6k677368v: no usable pages in manifest.,2026-07-17T20:33:32.931422
leconstitutionnel,bpt6k6773697,,failed,0,0,,no_usable_pages,known,,,bpt6k6773697: no usable pages in manifest.,2026-07-17T20:33:33.024655
leconstitutionnel,bpt6k6773705,,failed,0,0,,no_usable_pages,known,,,bpt6k6773705: no usable pages in manifest.,2026-07-17T20:33:33.115493
leconstitutionnel,bpt6k677371j,,failed,0,0,,no_usable_pages,known,,,bpt6k677371j: no usable pages in manifest.,2026-07-17T20:33:33.232610
leconstitutionnel,bpt6k677372x,,failed,0,0,,no_usable_pages,known,,,bpt6k677372x: no usable pages in manifest.,2026-07-17T20:33:33.312274
leconstitutionnel,bpt6k6773739,,failed,0,0,,no_usable_pages,known,,,bpt6k6773739: no usable pages in manifest.,2026-07-17T20:33:33.379109
leconstitutionnel,bpt6k677374p,,failed,0,0,,no_usable_pages,known,,,bpt6k677374p: no usable pages in manifest.,2026-07-17T20:33:33.448571
leconstitutionnel,bpt6k6773752,,failed,0,0,,no_usable_pages,known,,,bpt6k6773752: no usable pages in manifest.,2026-07-17T20:33:33.522491
leconstitutionnel,bpt6k677376f,,failed,0,0,,no_usable_pages,known,,,bpt6k677376f: no usable pages in manifest.,2026-07-17T20:33:33.605108
leconstitutionnel,bpt6k677377t,,failed,0,0,,no_usable_pages,known,,,bpt6k677377t: no usable pages in manifest.,2026-07-17T20:33:33.692677
leconstitutionnel,bpt6k6773786,,failed,0,0,,no_usable_pages,known,,,bpt6k6773786: no usable pages in manifest.,2026-07-17T20:33:33.768086
leconstitutionnel,bpt6k677379k,,failed,0,0,,no_usable_pages,known,,,bpt6k677379k: no usable pages in manifest.,2026-07-17T20:33:33.892661
leconstitutionnel,bpt6k677380h,,failed,0,0,,no_usable_pages,known,,,bpt6k677380h: no usable pages in manifest.,2026-07-17T20:33:33.975874
leconstitutionnel,bpt6k677381w,,failed,0,0,,no_usable_pages,known,,,bpt6k677381w: no usable pages in manifest.,2026-07-17T20:33:34.041885
leconstitutionnel,bpt6k6773828,,failed,0,0,,no_usable_pages,known,,,bpt6k6773828: no usable pages in manifest.,2026-07-17T20:33:34.118634
leconstitutionnel,bpt6k677383n,,failed,0,0,,no_usable_pages,known,,,bpt6k677383n: no usable pages in manifest.,2026-07-17T20:33:34.190524
leconstitutionnel,bpt6k6773841,,failed,0,0,,no_usable_pages,known,,,bpt6k6773841: no usable pages in manifest.,2026-07-17T20:33:34.268723
leconstitutionnel,bpt6k677385d,,failed,0,0,,no_usable_pages,known,,,bpt6k677385d: no usable pages in manifest.,2026-07-17T20:33:34.374492
leconstitutionnel,bpt6k677386s,,failed,0,0,,no_usable_pages,known,,,bpt6k677386s: no usable pages in manifest.,2026-07-17T20:33:34.443821
leconstitutionnel,bpt6k6773875,,failed,0,0,,no_usable_pages,known,,,bpt6k6773875: no usable pages in manifest.,2026-07-17T20:33:34.752276
leconstitutionnel,bpt6k677388j,,failed,0,0,,no_usable_pages,known,,,bpt6k677388j: no usable pages in manifest.,2026-07-17T20:33:34.845434
leconstitutionnel,bpt6k677389x,,failed,0,0,,no_usable_pages,known,,,bpt6k677389x: no usable pages in manifest.,2026-07-17T20:33:34.993249
leconstitutionnel,bpt6k677390v,,failed,0,0,,no_usable_pages,known,,,bpt6k677390v: no usable pages in manifest.,2026-07-17T20:33:35.079600
leconstitutionnel,bpt6k6773917,,failed,0,0,,no_usable_pages,known,,,bpt6k6773917: no usable pages in manifest.,2026-07-17T20:33:35.173511
leconstitutionnel,bpt6k677392m,,failed,0,0,,no_usable_pages,known,,,bpt6k677392m: no usable pages in manifest.,2026-07-17T20:33:35.245606
leconstitutionnel,bpt6k6773930,,failed,0,0,,no_usable_pages,known,,,bpt6k6773930: no usable pages in manifest.,2026-07-17T20:33:35.348016
leconstitutionnel,bpt6k677394c,,failed,0,0,,no_usable_pages,known,,,bpt6k677394c: no usable pages in manifest.,2026-07-17T20:33:35.424267
leconstitutionnel,bpt6k677395r,,failed,0,0,,no_usable_pages,known,,,bpt6k677395r: no usable pages in manifest.,2026-07-17T20:33:35.494622
leconstitutionnel,bpt6k6773964,,failed,0,0,,no_usable_pages,known,,,bpt6k6773964: no usable pages in manifest.,2026-07-17T20:33:35.560335
leconstitutionnel,bpt6k677397h,,failed,0,0,,no_usable_pages,known,,,bpt6k677397h: no usable pages in manifest.,2026-07-17T20:33:35.668805
leconstitutionnel,bpt6k677398w,,failed,0,0,,no_usable_pages,known,,,bpt6k677398w: no usable pages in manifest.,2026-07-17T20:33:35.762719
leconstitutionnel,bpt6k6773998,,failed,0,0,,no_usable_pages,known,,,bpt6k6773998: no usable pages in manifest.,2026-07-17T20:33:35.837014
leconstitutionnel,bpt6k6774002,,failed,0,0,,no_usable_pages,known,,,bpt6k6774002: no usable pages in manifest.,2026-07-17T20:33:35.909496
leconstitutionnel,bpt6k677401f,,failed,0,0,,no_usable_pages,known,,,bpt6k677401f: no usable pages in manifest.,2026-07-17T20:33:36.013299
leconstitutionnel,bpt6k677402t,,failed,0,0,,no_usable_pages,known,,,bpt6k677402t: no usable pages in manifest.,2026-07-17T20:33:36.140139
leconstitutionnel,bpt6k6774036,,failed,0,0,,no_usable_pages,known,,,bpt6k6774036: no usable pages in manifest.,2026-07-17T20:33:36.258111
leconstitutionnel,bpt6k677404k,,failed,0,0,,no_usable_pages,known,,,bpt6k677404k: no usable pages in manifest.,2026-07-17T20:33:36.348343
leconstitutionnel,bpt6k677405z,,failed,0,0,,no_usable_pages,known,,,bpt6k677405z: no usable pages in manifest.,2026-07-17T20:33:36.416500
leconstitutionnel,bpt6k677406b,,failed,0,0,,no_usable_pages,known,,,bpt6k677406b: no usable pages in manifest.,2026-07-17T20:33:36.481720
leconstitutionnel,bpt6k677407q,,failed,0,0,,no_usable_pages,known,,,bpt6k677407q: no usable pages in manifest.,2026-07-17T20:33:36.571251
leconstitutionnel,bpt6k6774083,,failed,0,0,,no_usable_pages,known,,,bpt6k6774083: no usable pages in manifest.,2026-07-17T20:33:36.660550
leconstitutionnel,bpt6k677409g,,failed,0,0,,no_usable_pages,known,,,bpt6k677409g: no usable pages in manifest.,2026-07-17T20:33:36.735642
leconstitutionnel,bpt6k677410d,,failed,0,0,,no_usable_pages,known,,,bpt6k677410d: no usable pages in manifest.,2026-07-17T20:33:36.802096
leconstitutionnel,bpt6k677411s,,failed,0,0,,no_usable_pages,known,,,bpt6k677411s: no usable pages in manifest.,2026-07-17T20:33:36.873858
leconstitutionnel,bpt6k6774125,,failed,0,0,,no_usable_pages,known,,,bpt6k6774125: no usable pages in manifest.,2026-07-17T20:33:36.955552
leconstitutionnel,bpt6k677413j,,failed,0,0,,no_usable_pages,known,,,bpt6k677413j: no usable pages in manifest.,2026-07-17T20:33:37.064343
leconstitutionnel,bpt6k677414x,,failed,0,0,,no_usable_pages,known,,,bpt6k677414x: no usable pages in manifest.,2026-07-17T20:33:37.150017
leconstitutionnel,bpt6k6774159,,failed,0,0,,no_usable_pages,known,,,bpt6k6774159: no usable pages in manifest.,2026-07-17T20:33:37.201535
leconstitutionnel,bpt6k677416p,,failed,0,0,,no_usable_pages,known,,,bpt6k677416p: no usable pages in manifest.,2026-07-17T20:33:37.278507
leconstitutionnel,bpt6k6774172,,failed,0,0,,no_usable_pages,known,,,bpt6k6774172: no usable pages in manifest.,2026-07-17T20:33:37.382589
leconstitutionnel,bpt6k677418f,,failed,0,0,,no_usable_pages,known,,,bpt6k677418f: no usable pages in manifest.,2026-07-17T20:33:37.454200
leconstitutionnel,bpt6k677419t,,failed,0,0,,no_usable_pages,known,,,bpt6k677419t: no usable pages in manifest.,2026-07-17T20:33:37.500339
leconstitutionnel,bpt6k677420r,,failed,0,0,,no_usable_pages,known,,,bpt6k677420r: no usable pages in manifest.,2026-07-17T20:33:37.564348
leconstitutionnel,bpt6k6774214,,failed,0,0,,no_usable_pages,known,,,bpt6k6774214: no usable pages in manifest.,2026-07-17T20:33:37.652671
leconstitutionnel,bpt6k677422h,,failed,0,0,,no_usable_pages,known,,,bpt6k677422h: no usable pages in manifest.,2026-07-17T20:33:37.881749
leconstitutionnel,bpt6k677423w,,failed,0,0,,no_usable_pages,known,,,bpt6k677423w: no usable pages in manifest.,2026-07-17T20:33:37.943450
leconstitutionnel,bpt6k6774248,,failed,0,0,,no_usable_pages,known,,,bpt6k6774248: no usable pages in manifest.,2026-07-17T20:33:38.016144
leconstitutionnel,bpt6k677425n,,failed,0,0,,no_usable_pages,known,,,bpt6k677425n: no usable pages in manifest.,2026-07-17T20:33:38.109555
leconstitutionnel,bpt6k6774261,,failed,0,0,,no_usable_pages,known,,,bpt6k6774261: no usable pages in manifest.,2026-07-17T20:33:38.184219
leconstitutionnel,bpt6k677427d,,failed,0,0,,no_usable_pages,known,,,bpt6k677427d: no usable pages in manifest.,2026-07-17T20:33:38.268558
leconstitutionnel,bpt6k677428s,,failed,0,0,,no_usable_pages,known,,,bpt6k677428s: no usable pages in manifest.,2026-07-17T20:33:38.328921
leconstitutionnel,bpt6k6774295,,failed,0,0,,no_usable_pages,known,,,bpt6k6774295: no usable pages in manifest.,2026-07-17T20:33:38.424660
leconstitutionnel,bpt6k6774303,,failed,0,0,,no_usable_pages,known,,,bpt6k6774303: no usable pages in manifest.,2026-07-17T20:33:38.484954
leconstitutionnel,bpt6k677431g,,failed,0,0,,no_usable_pages,known,,,bpt6k677431g: no usable pages in manifest.,2026-07-17T20:33:38.548659
leconstitutionnel,bpt6k677432v,,failed,0,0,,no_usable_pages,known,,,bpt6k677432v: no usable pages in manifest.,2026-07-17T20:33:38.626842
leconstitutionnel,bpt6k6774337,,failed,0,0,,no_usable_pages,known,,,bpt6k6774337: no usable pages in manifest.,2026-07-17T20:33:38.703713
leconstitutionnel,bpt6k677434m,,failed,0,0,,no_usable_pages,known,,,bpt6k677434m: no usable pages in manifest.,2026-07-17T20:33:38.792346
leconstitutionnel,bpt6k6774350,,failed,0,0,,no_usable_pages,known,,,bpt6k6774350: no usable pages in manifest.,2026-07-17T20:33:38.852177
leconstitutionnel,bpt6k677436c,,failed,0,0,,no_usable_pages,known,,,bpt6k677436c: no usable pages in manifest.,2026-07-17T20:33:38.906741
leconstitutionnel,bpt6k677437r,,failed,0,0,,no_usable_pages,known,,,bpt6k677437r: no usable pages in manifest.,2026-07-17T20:33:38.961750
leconstitutionnel,bpt6k6774384,,failed,0,0,,no_usable_pages,known,,,bpt6k6774384: no usable pages in manifest.,2026-07-17T20:33:39.028652
leconstitutionnel,bpt6k677439h,,failed,0,0,,no_usable_pages,known,,,bpt6k677439h: no usable pages in manifest.,2026-07-17T20:33:39.173446
leconstitutionnel,bpt6k677440f,,failed,0,0,,no_usable_pages,known,,,bpt6k677440f: no usable pages in manifest.,2026-07-17T20:33:39.307846
leconstitutionnel,bpt6k677441t,,failed,0,0,,no_usable_pages,known,,,bpt6k677441t: no usable pages in manifest.,2026-07-17T20:33:39.378184
leconstitutionnel,bpt6k6774426,,failed,0,0,,no_usable_pages,known,,,bpt6k6774426: no usable pages in manifest.,2026-07-17T20:33:39.506655
leconstitutionnel,bpt6k677443k,,failed,0,0,,no_usable_pages,known,,,bpt6k677443k: no usable pages in manifest.,2026-07-17T20:33:39.560842
leconstitutionnel,bpt6k677444z,,failed,0,0,,no_usable_pages,known,,,bpt6k677444z: no usable pages in manifest.,2026-07-17T20:33:39.624679
leconstitutionnel,bpt6k677445b,,failed,0,0,,no_usable_pages,known,,,bpt6k677445b: no usable pages in manifest.,2026-07-17T20:33:39.687269
leconstitutionnel,bpt6k677446q,,failed,0,0,,no_usable_pages,known,,,bpt6k677446q: no usable pages in manifest.,2026-07-17T20:33:39.747731
leconstitutionnel,bpt6k6774473,,failed,0,0,,no_usable_pages,known,,,bpt6k6774473: no usable pages in manifest.,2026-07-17T20:33:39.839724
leconstitutionnel,bpt6k677448g,,failed,0,0,,no_usable_pages,known,,,bpt6k677448g: no usable pages in manifest.,2026-07-17T20:33:39.916459
leconstitutionnel,bpt6k677449v,,failed,0,0,,no_usable_pages,known,,,bpt6k677449v: no usable pages in manifest.,2026-07-17T20:33:39.991489
leconstitutionnel,bpt6k677450s,,failed,0,0,,no_usable_pages,known,,,bpt6k677450s: no usable pages in manifest.,2026-07-17T20:33:40.057569
leconstitutionnel,bpt6k6774515,,failed,0,0,,no_usable_pages,known,,,bpt6k6774515: no usable pages in manifest.,2026-07-17T20:33:40.139640
leconstitutionnel,bpt6k677452j,,failed,0,0,,no_usable_pages,known,,,bpt6k677452j: no usable pages in manifest.,2026-07-17T20:33:40.220481
leconstitutionnel,bpt6k677453x,,failed,0,0,,no_usable_pages,known,,,bpt6k677453x: no usable pages in manifest.,2026-07-17T20:33:40.297543
leconstitutionnel,bpt6k6774549,,failed,0,0,,no_usable_pages,known,,,bpt6k6774549: no usable pages in manifest.,2026-07-17T20:33:40.386396
leconstitutionnel,bpt6k677455p,,failed,0,0,,no_usable_pages,known,,,bpt6k677455p: no usable pages in manifest.,2026-07-17T20:33:40.484288
leconstitutionnel,bpt6k6774562,,failed,0,0,,no_usable_pages,known,,,bpt6k6774562: no usable pages in manifest.,2026-07-17T20:33:40.571373
leconstitutionnel,bpt6k677457f,,failed,0,0,,no_usable_pages,known,,,bpt6k677457f: no usable pages in manifest.,2026-07-17T20:33:40.682701
leconstitutionnel,bpt6k677458t,,failed,0,0,,no_usable_pages,known,,,bpt6k677458t: no usable pages in manifest.,2026-07-17T20:33:40.805761
leconstitutionnel,bpt6k6774596,,failed,0,0,,no_usable_pages,known,,,bpt6k6774596: no usable pages in manifest.,2026-07-17T20:33:40.897432
leconstitutionnel,bpt6k6774604,,failed,0,0,,no_usable_pages,known,,,bpt6k6774604: no usable pages in manifest.,2026-07-17T20:33:40.979653
leconstitutionnel,bpt6k677461h,,failed,0,0,,no_usable_pages,known,,,bpt6k677461h: no usable pages in manifest.,2026-07-17T20:33:41.061481
leconstitutionnel,bpt6k677462w,,failed,0,0,,no_usable_pages,known,,,bpt6k677462w: no usable pages in manifest.,2026-07-17T20:33:41.137996
leconstitutionnel,bpt6k6774638,,failed,0,0,,no_usable_pages,known,,,bpt6k6774638: no usable pages in manifest.,2026-07-17T20:33:41.227339
leconstitutionnel,bpt6k677464n,,failed,0,0,,no_usable_pages,known,,,bpt6k677464n: no usable pages in manifest.,2026-07-17T20:33:41.297512
leconstitutionnel,bpt6k6774651,,failed,0,0,,no_usable_pages,known,,,bpt6k6774651: no usable pages in manifest.,2026-07-17T20:33:41.364714
leconstitutionnel,bpt6k677466d,,failed,0,0,,no_usable_pages,known,,,bpt6k677466d: no usable pages in manifest.,2026-07-17T20:33:41.438090
leconstitutionnel,bpt6k677467s,,failed,0,0,,no_usable_pages,known,,,bpt6k677467s: no usable pages in manifest.,2026-07-17T20:33:41.500841
leconstitutionnel,bpt6k6774685,,failed,0,0,,no_usable_pages,known,,,bpt6k6774685: no usable pages in manifest.,2026-07-17T20:33:41.590841
leconstitutionnel,bpt6k677469j,,failed,0,0,,no_usable_pages,known,,,bpt6k677469j: no usable pages in manifest.,2026-07-17T20:33:41.661818
leconstitutionnel,bpt6k677470g,,failed,0,0,,no_usable_pages,known,,,bpt6k677470g: no usable pages in manifest.,2026-07-17T20:33:41.734846
leconstitutionnel,bpt6k677471v,,failed,0,0,,no_usable_pages,known,,,bpt6k677471v: no usable pages in manifest.,2026-07-17T20:33:41.800723
leconstitutionnel,bpt6k6774727,,failed,0,0,,no_usable_pages,known,,,bpt6k6774727: no usable pages in manifest.,2026-07-17T20:33:41.862704
leconstitutionnel,bpt6k677473m,,failed,0,0,,no_usable_pages,known,,,bpt6k677473m: no usable pages in manifest.,2026-07-17T20:33:41.943936
leconstitutionnel,bpt6k6774740,,failed,0,0,,no_usable_pages,known,,,bpt6k6774740: no usable pages in manifest.,2026-07-17T20:33:42.005154
leconstitutionnel,bpt6k677475c,,failed,0,0,,no_usable_pages,known,,,bpt6k677475c: no usable pages in manifest.,2026-07-17T20:33:42.092095
leconstitutionnel,bpt6k677476r,,failed,0,0,,no_usable_pages,known,,,bpt6k677476r: no usable pages in manifest.,2026-07-17T20:33:42.219081
leconstitutionnel,bpt6k6774774,,failed,0,0,,no_usable_pages,known,,,bpt6k6774774: no usable pages in manifest.,2026-07-17T20:33:42.359066
leconstitutionnel,bpt6k677478h,,failed,0,0,,no_usable_pages,known,,,bpt6k677478h: no usable pages in manifest.,2026-07-17T20:33:42.441739
leconstitutionnel,bpt6k677479w,,failed,0,0,,no_usable_pages,known,,,bpt6k677479w: no usable pages in manifest.,2026-07-17T20:33:42.505154
leconstitutionnel,bpt6k677480t,,failed,0,0,,no_usable_pages,known,,,bpt6k677480t: no usable pages in manifest.,2026-07-17T20:33:42.556817
leconstitutionnel,bpt6k6774816,,failed,0,0,,no_usable_pages,known,,,bpt6k6774816: no usable pages in manifest.,2026-07-17T20:33:42.639254
leconstitutionnel,bpt6k677482k,,failed,0,0,,no_usable_pages,known,,,bpt6k677482k: no usable pages in manifest.,2026-07-17T20:33:42.714375
leconstitutionnel,bpt6k677483z,,failed,0,0,,no_usable_pages,known,,,bpt6k677483z: no usable pages in manifest.,2026-07-17T20:33:42.801992
leconstitutionnel,bpt6k677484b,,failed,0,0,,no_usable_pages,known,,,bpt6k677484b: no usable pages in manifest.,2026-07-17T20:33:42.884324
leconstitutionnel,bpt6k677485q,,failed,0,0,,no_usable_pages,known,,,bpt6k677485q: no usable pages in manifest.,2026-07-17T20:33:42.966110
leconstitutionnel,bpt6k6774863,,failed,0,0,,no_usable_pages,known,,,bpt6k6774863: no usable pages in manifest.,2026-07-17T20:33:43.027059
leconstitutionnel,bpt6k677487g,,failed,0,0,,no_usable_pages,known,,,bpt6k677487g: no usable pages in manifest.,2026-07-17T20:33:43.133459
leconstitutionnel,bpt6k677488v,,failed,0,0,,no_usable_pages,known,,,bpt6k677488v: no usable pages in manifest.,2026-07-17T20:33:43.207485
leconstitutionnel,bpt6k6774897,,failed,0,0,,no_usable_pages,known,,,bpt6k6774897: no usable pages in manifest.,2026-07-17T20:33:43.274530
leconstitutionnel,bpt6k6774905,,failed,0,0,,no_usable_pages,known,,,bpt6k6774905: no usable pages in manifest.,2026-07-17T20:33:43.382660
leconstitutionnel,bpt6k677491j,,failed,0,0,,no_usable_pages,known,,,bpt6k677491j: no usable pages in manifest.,2026-07-17T20:33:43.465197
leconstitutionnel,bpt6k677492x,,failed,0,0,,no_usable_pages,known,,,bpt6k677492x: no usable pages in manifest.,2026-07-17T20:33:43.527999
leconstitutionnel,bpt6k6774939,,failed,0,0,,no_usable_pages,known,,,bpt6k6774939: no usable pages in manifest.,2026-07-17T20:33:43.614078
leconstitutionnel,bpt6k677494p,,failed,0,0,,no_usable_pages,known,,,bpt6k677494p: no usable pages in manifest.,2026-07-17T20:33:43.848402
leconstitutionnel,bpt6k6774952,,failed,0,0,,no_usable_pages,known,,,bpt6k6774952: no usable pages in manifest.,2026-07-17T20:33:43.922084
leconstitutionnel,bpt6k677496f,,failed,0,0,,no_usable_pages,known,,,bpt6k677496f: no usable pages in manifest.,2026-07-17T20:33:44.020562
leconstitutionnel,bpt6k677497t,,failed,0,0,,no_usable_pages,known,,,bpt6k677497t: no usable pages in manifest.,2026-07-17T20:33:44.068997
leconstitutionnel,bpt6k6774986,,failed,0,0,,no_usable_pages,known,,,bpt6k6774986: no usable pages in manifest.,2026-07-17T20:33:44.146707
leconstitutionnel,bpt6k677499k,,failed,0,0,,no_usable_pages,known,,,bpt6k677499k: no usable pages in manifest.,2026-07-17T20:33:44.229297
leconstitutionnel,bpt6k677500c,,failed,0,0,,no_usable_pages,known,,,bpt6k677500c: no usable pages in manifest.,2026-07-17T20:33:44.335465
leconstitutionnel,bpt6k677501r,,failed,0,0,,no_usable_pages,known,,,bpt6k677501r: no usable pages in manifest.,2026-07-17T20:33:44.437652
leconstitutionnel,bpt6k6775024,,failed,0,0,,no_usable_pages,known,,,bpt6k6775024: no usable pages in manifest.,2026-07-17T20:33:44.536146
leconstitutionnel,bpt6k677503h,,failed,0,0,,no_usable_pages,known,,,bpt6k677503h: no usable pages in manifest.,2026-07-17T20:33:44.623676
leconstitutionnel,bpt6k677504w,,failed,0,0,,no_usable_pages,known,,,bpt6k677504w: no usable pages in manifest.,2026-07-17T20:33:44.722355
leconstitutionnel,bpt6k6775058,,failed,0,0,,no_usable_pages,known,,,bpt6k6775058: no usable pages in manifest.,2026-07-17T20:33:44.814202
leconstitutionnel,bpt6k677506n,,failed,0,0,,no_usable_pages,known,,,bpt6k677506n: no usable pages in manifest.,2026-07-17T20:33:44.868239
leconstitutionnel,bpt6k6775071,,failed,0,0,,no_usable_pages,known,,,bpt6k6775071: no usable pages in manifest.,2026-07-17T20:33:44.938501
leconstitutionnel,bpt6k677508d,,failed,0,0,,no_usable_pages,known,,,bpt6k677508d: no usable pages in manifest.,2026-07-17T20:33:45.042608
leconstitutionnel,bpt6k677509s,,failed,0,0,,no_usable_pages,known,,,bpt6k677509s: no usable pages in manifest.,2026-07-17T20:33:45.191282
leconstitutionnel,bpt6k677510q,,failed,0,0,,no_usable_pages,known,,,bpt6k677510q: no usable pages in manifest.,2026-07-17T20:33:45.374836
leconstitutionnel,bpt6k6775113,,failed,0,0,,no_usable_pages,known,,,bpt6k6775113: no usable pages in manifest.,2026-07-17T20:33:45.471563
leconstitutionnel,bpt6k677512g,,failed,0,0,,no_usable_pages,known,,,bpt6k677512g: no usable pages in manifest.,2026-07-17T20:33:45.557938
leconstitutionnel,bpt6k677513v,,failed,0,0,,no_usable_pages,known,,,bpt6k677513v: no usable pages in manifest.,2026-07-17T20:33:45.642657
leconstitutionnel,bpt6k6775147,,failed,0,0,,no_usable_pages,known,,,bpt6k6775147: no usable pages in manifest.,2026-07-17T20:33:45.721133
leconstitutionnel,bpt6k677515m,,failed,0,0,,no_usable_pages,known,,,bpt6k677515m: no usable pages in manifest.,2026-07-17T20:33:45.803274
leconstitutionnel,bpt6k6775160,,failed,0,0,,no_usable_pages,known,,,bpt6k6775160: no usable pages in manifest.,2026-07-17T20:33:45.891063
leconstitutionnel,bpt6k677517c,,failed,0,0,,no_usable_pages,known,,,bpt6k677517c: no usable pages in manifest.,2026-07-17T20:33:45.959816
leconstitutionnel,bpt6k677518r,,failed,0,0,,no_usable_pages,known,,,bpt6k677518r: no usable pages in manifest.,2026-07-17T20:33:46.054004
leconstitutionnel,bpt6k6775194,,failed,0,0,,no_usable_pages,known,,,bpt6k6775194: no usable pages in manifest.,2026-07-17T20:33:46.111709
leconstitutionnel,bpt6k6775202,,failed,0,0,,no_usable_pages,known,,,bpt6k6775202: no usable pages in manifest.,2026-07-17T20:33:46.176846
leconstitutionnel,bpt6k677521f,,failed,0,0,,no_usable_pages,known,,,bpt6k677521f: no usable pages in manifest.,2026-07-17T20:33:46.264357
leconstitutionnel,bpt6k677522t,,failed,0,0,,no_usable_pages,known,,,bpt6k677522t: no usable pages in manifest.,2026-07-17T20:33:46.335620
leconstitutionnel,bpt6k6775236,,failed,0,0,,no_usable_pages,known,,,bpt6k6775236: no usable pages in manifest.,2026-07-17T20:33:46.422000
leconstitutionnel,bpt6k677524k,,failed,0,0,,no_usable_pages,known,,,bpt6k677524k: no usable pages in manifest.,2026-07-17T20:33:46.521681
leconstitutionnel,bpt6k677525z,,failed,0,0,,no_usable_pages,known,,,bpt6k677525z: no usable pages in manifest.,2026-07-17T20:33:46.601592
leconstitutionnel,bpt6k677526b,,failed,0,0,,no_usable_pages,known,,,bpt6k677526b: no usable pages in manifest.,2026-07-17T20:33:46.669918
leconstitutionnel,bpt6k677527q,,failed,0,0,,no_usable_pages,known,,,bpt6k677527q: no usable pages in manifest.,2026-07-17T20:33:46.899694
leconstitutionnel,bpt6k6775283,,failed,0,0,,no_usable_pages,known,,,bpt6k6775283: no usable pages in manifest.,2026-07-17T20:33:47.028648
leconstitutionnel,bpt6k677529g,,failed,0,0,,no_usable_pages,known,,,bpt6k677529g: no usable pages in manifest.,2026-07-17T20:33:47.139454
leconstitutionnel,bpt6k677530d,,failed,0,0,,no_usable_pages,known,,,bpt6k677530d: no usable pages in manifest.,2026-07-17T20:33:47.193760
leconstitutionnel,bpt6k677531s,,failed,0,0,,no_usable_pages,known,,,bpt6k677531s: no usable pages in manifest.,2026-07-17T20:33:47.240838
leconstitutionnel,bpt6k6775325,,failed,0,0,,no_usable_pages,known,,,bpt6k6775325: no usable pages in manifest.,2026-07-17T20:33:47.313304
leconstitutionnel,bpt6k677533j,,failed,0,0,,no_usable_pages,known,,,bpt6k677533j: no usable pages in manifest.,2026-07-17T20:33:47.375337
leconstitutionnel,bpt6k677534x,,failed,0,0,,no_usable_pages,known,,,bpt6k677534x: no usable pages in manifest.,2026-07-17T20:33:47.467906
leconstitutionnel,bpt6k6775359,,failed,0,0,,no_usable_pages,known,,,bpt6k6775359: no usable pages in manifest.,2026-07-17T20:33:47.549229
leconstitutionnel,bpt6k677536p,,failed,0,0,,no_usable_pages,known,,,bpt6k677536p: no usable pages in manifest.,2026-07-17T20:33:47.654471
leconstitutionnel,bpt6k6775372,,failed,0,0,,no_usable_pages,known,,,bpt6k6775372: no usable pages in manifest.,2026-07-17T20:33:47.730896
leconstitutionnel,bpt6k677538f,,failed,0,0,,no_usable_pages,known,,,bpt6k677538f: no usable pages in manifest.,2026-07-17T20:33:47.823837
leconstitutionnel,bpt6k677539t,,failed,0,0,,no_usable_pages,known,,,bpt6k677539t: no usable pages in manifest.,2026-07-17T20:33:47.875369
leconstitutionnel,bpt6k677540r,,failed,0,0,,no_usable_pages,known,,,bpt6k677540r: no usable pages in manifest.,2026-07-17T20:33:47.938030
leconstitutionnel,bpt6k6775414,,failed,0,0,,no_usable_pages,known,,,bpt6k6775414: no usable pages in manifest.,2026-07-17T20:33:48.015348
leconstitutionnel,bpt6k677542h,,failed,0,0,,no_usable_pages,known,,,bpt6k677542h: no usable pages in manifest.,2026-07-17T20:33:48.071400
leconstitutionnel,bpt6k677543w,,failed,0,0,,no_usable_pages,known,,,bpt6k677543w: no usable pages in manifest.,2026-07-17T20:33:48.167991
leconstitutionnel,bpt6k6775448,,failed,0,0,,no_usable_pages,known,,,bpt6k6775448: no usable pages in manifest.,2026-07-17T20:33:48.244272
leconstitutionnel,bpt6k677545n,,failed,0,0,,no_usable_pages,known,,,bpt6k677545n: no usable pages in manifest.,2026-07-17T20:33:48.354234
leconstitutionnel,bpt6k6775461,,failed,0,0,,no_usable_pages,known,,,bpt6k6775461: no usable pages in manifest.,2026-07-17T20:33:48.493832
leconstitutionnel,bpt6k677547d,,failed,0,0,,no_usable_pages,known,,,bpt6k677547d: no usable pages in manifest.,2026-07-17T20:33:48.574433
leconstitutionnel,bpt6k677548s,,failed,0,0,,no_usable_pages,known,,,bpt6k677548s: no usable pages in manifest.,2026-07-17T20:33:48.652138
leconstitutionnel,bpt6k6775495,,failed,0,0,,no_usable_pages,known,,,bpt6k6775495: no usable pages in manifest.,2026-07-17T20:33:48.710836
leconstitutionnel,bpt6k6775503,,failed,0,0,,no_usable_pages,known,,,bpt6k6775503: no usable pages in manifest.,2026-07-17T20:33:48.767938
leconstitutionnel,bpt6k677551g,,failed,0,0,,no_usable_pages,known,,,bpt6k677551g: no usable pages in manifest.,2026-07-17T20:33:48.824429
leconstitutionnel,bpt6k677552v,,failed,0,0,,no_usable_pages,known,,,bpt6k677552v: no usable pages in manifest.,2026-07-17T20:33:48.895367
leconstitutionnel,bpt6k6775537,,failed,0,0,,no_usable_pages,known,,,bpt6k6775537: no usable pages in manifest.,2026-07-17T20:33:48.950577
leconstitutionnel,bpt6k677554m,,failed,0,0,,no_usable_pages,known,,,bpt6k677554m: no usable pages in manifest.,2026-07-17T20:33:49.009028
leconstitutionnel,bpt6k6775550,,failed,0,0,,no_usable_pages,known,,,bpt6k6775550: no usable pages in manifest.,2026-07-17T20:33:49.095273
leconstitutionnel,bpt6k677556c,,failed,0,0,,no_usable_pages,known,,,bpt6k677556c: no usable pages in manifest.,2026-07-17T20:33:49.165746
leconstitutionnel,bpt6k677557r,,failed,0,0,,no_usable_pages,known,,,bpt6k677557r: no usable pages in manifest.,2026-07-17T20:33:49.225778
leconstitutionnel,bpt6k6775584,,failed,0,0,,no_usable_pages,known,,,bpt6k6775584: no usable pages in manifest.,2026-07-17T20:33:49.277743
leconstitutionnel,bpt6k677559h,,failed,0,0,,no_usable_pages,known,,,bpt6k677559h: no usable pages in manifest.,2026-07-17T20:33:49.339397
leconstitutionnel,bpt6k677560f,,failed,0,0,,no_usable_pages,known,,,bpt6k677560f: no usable pages in manifest.,2026-07-17T20:33:49.412534
leconstitutionnel,bpt6k677561t,,failed,0,0,,no_usable_pages,known,,,bpt6k677561t: no usable pages in manifest.,2026-07-17T20:33:49.498304
leconstitutionnel,bpt6k6775626,,failed,0,0,,no_usable_pages,known,,,bpt6k6775626: no usable pages in manifest.,2026-07-17T20:33:49.634064
leconstitutionnel,bpt6k677563k,,failed,0,0,,no_usable_pages,known,,,bpt6k677563k: no usable pages in manifest.,2026-07-17T20:33:49.724456
leconstitutionnel,bpt6k677564z,,failed,0,0,,no_usable_pages,known,,,bpt6k677564z: no usable pages in manifest.,2026-07-17T20:33:49.865705
leconstitutionnel,bpt6k677565b,,failed,0,0,,no_usable_pages,known,,,bpt6k677565b: no usable pages in manifest.,2026-07-17T20:33:49.962824
leconstitutionnel,bpt6k677566q,,failed,0,0,,no_usable_pages,known,,,bpt6k677566q: no usable pages in manifest.,2026-07-17T20:33:50.073607
leconstitutionnel,bpt6k6775673,,failed,0,0,,no_usable_pages,known,,,bpt6k6775673: no usable pages in manifest.,2026-07-17T20:33:50.145666
leconstitutionnel,bpt6k677568g,,failed,0,0,,no_usable_pages,known,,,bpt6k677568g: no usable pages in manifest.,2026-07-17T20:33:50.231607
leconstitutionnel,bpt6k677569v,,failed,0,0,,no_usable_pages,known,,,bpt6k677569v: no usable pages in manifest.,2026-07-17T20:33:50.355590
leconstitutionnel,bpt6k677570s,,failed,0,0,,no_usable_pages,known,,,bpt6k677570s: no usable pages in manifest.,2026-07-17T20:33:50.428452
leconstitutionnel,bpt6k6775715,,failed,0,0,,no_usable_pages,known,,,bpt6k6775715: no usable pages in manifest.,2026-07-17T20:33:50.494481
leconstitutionnel,bpt6k677572j,,failed,0,0,,no_usable_pages,known,,,bpt6k677572j: no usable pages in manifest.,2026-07-17T20:33:50.549406
leconstitutionnel,bpt6k677573x,,failed,0,0,,no_usable_pages,known,,,bpt6k677573x: no usable pages in manifest.,2026-07-17T20:33:50.652123
leconstitutionnel,bpt6k6775749,,failed,0,0,,no_usable_pages,known,,,bpt6k6775749: no usable pages in manifest.,2026-07-17T20:33:50.727997
leconstitutionnel,bpt6k677575p,,failed,0,0,,no_usable_pages,known,,,bpt6k677575p: no usable pages in manifest.,2026-07-17T20:33:50.816580
leconstitutionnel,bpt6k6775762,,failed,0,0,,no_usable_pages,known,,,bpt6k6775762: no usable pages in manifest.,2026-07-17T20:33:50.897876
leconstitutionnel,bpt6k677577f,,failed,0,0,,no_usable_pages,known,,,bpt6k677577f: no usable pages in manifest.,2026-07-17T20:33:50.976438
leconstitutionnel,bpt6k677578t,,failed,0,0,,no_usable_pages,known,,,bpt6k677578t: no usable pages in manifest.,2026-07-17T20:33:51.051853
leconstitutionnel,bpt6k6775796,,failed,0,0,,no_usable_pages,known,,,bpt6k6775796: no usable pages in manifest.,2026-07-17T20:33:51.158107
leconstitutionnel,bpt6k6775804,,failed,0,0,,no_usable_pages,known,,,bpt6k6775804: no usable pages in manifest.,2026-07-17T20:33:51.290694
leconstitutionnel,bpt6k677581h,,failed,0,0,,no_usable_pages,known,,,bpt6k677581h: no usable pages in manifest.,2026-07-17T20:33:51.515229
leconstitutionnel,bpt6k677582w,,failed,0,0,,no_usable_pages,known,,,bpt6k677582w: no usable pages in manifest.,2026-07-17T20:33:51.594344
leconstitutionnel,bpt6k6775838,,failed,0,0,,no_usable_pages,known,,,bpt6k6775838: no usable pages in manifest.,2026-07-17T20:33:51.702191
leconstitutionnel,bpt6k677584n,,failed,0,0,,no_usable_pages,known,,,bpt6k677584n: no usable pages in manifest.,2026-07-17T20:33:51.791442
leconstitutionnel,bpt6k6775851,,failed,0,0,,no_usable_pages,known,,,bpt6k6775851: no usable pages in manifest.,2026-07-17T20:33:51.866415
leconstitutionnel,bpt6k677586d,,failed,0,0,,no_usable_pages,known,,,bpt6k677586d: no usable pages in manifest.,2026-07-17T20:33:51.945822
leconstitutionnel,bpt6k677587s,,failed,0,0,,no_usable_pages,known,,,bpt6k677587s: no usable pages in manifest.,2026-07-17T20:33:52.060362
leconstitutionnel,bpt6k6775885,,failed,0,0,,no_usable_pages,known,,,bpt6k6775885: no usable pages in manifest.,2026-07-17T20:33:52.138140
leconstitutionnel,bpt6k677589j,,failed,0,0,,no_usable_pages,known,,,bpt6k677589j: no usable pages in manifest.,2026-07-17T20:33:52.218683
leconstitutionnel,bpt6k677590g,,failed,0,0,,no_usable_pages,known,,,bpt6k677590g: no usable pages in manifest.,2026-07-17T20:33:52.307386
leconstitutionnel,bpt6k677591v,,failed,0,0,,no_usable_pages,known,,,bpt6k677591v: no usable pages in manifest.,2026-07-17T20:33:52.395445
leconstitutionnel,bpt6k6775927,,failed,0,0,,no_usable_pages,known,,,bpt6k6775927: no usable pages in manifest.,2026-07-17T20:33:52.479810
leconstitutionnel,bpt6k677593m,,failed,0,0,,no_usable_pages,known,,,bpt6k677593m: no usable pages in manifest.,2026-07-17T20:33:52.563564
leconstitutionnel,bpt6k6775940,,failed,0,0,,no_usable_pages,known,,,bpt6k6775940: no usable pages in manifest.,2026-07-17T20:33:52.667619
leconstitutionnel,bpt6k677595c,,failed,0,0,,no_usable_pages,known,,,bpt6k677595c: no usable pages in manifest.,2026-07-17T20:33:52.757050
leconstitutionnel,bpt6k677596r,,failed,0,0,,no_usable_pages,known,,,bpt6k677596r: no usable pages in manifest.,2026-07-17T20:33:52.841084
leconstitutionnel,bpt6k6775974,,failed,0,0,,no_usable_pages,known,,,bpt6k6775974: no usable pages in manifest.,2026-07-17T20:33:53.032405
leconstitutionnel,bpt6k677598h,,failed,0,0,,no_usable_pages,known,,,bpt6k677598h: no usable pages in manifest.,2026-07-17T20:33:53.197423
leconstitutionnel,bpt6k677599w,,failed,0,0,,no_usable_pages,known,,,bpt6k677599w: no usable pages in manifest.,2026-07-17T20:33:53.265284
leconstitutionnel,bpt6k677600p,,failed,0,0,,no_usable_pages,known,,,bpt6k677600p: no usable pages in manifest.,2026-07-17T20:33:53.355377
leconstitutionnel,bpt6k6776012,,failed,0,0,,no_usable_pages,known,,,bpt6k6776012: no usable pages in manifest.,2026-07-17T20:33:53.436816
leconstitutionnel,bpt6k677602f,,failed,0,0,,no_usable_pages,known,,,bpt6k677602f: no usable pages in manifest.,2026-07-17T20:33:53.532793
leconstitutionnel,bpt6k677603t,,failed,0,0,,no_usable_pages,known,,,bpt6k677603t: no usable pages in manifest.,2026-07-17T20:33:53.594170
leconstitutionnel,bpt6k6776046,,failed,0,0,,no_usable_pages,known,,,bpt6k6776046: no usable pages in manifest.,2026-07-17T20:33:53.694901
leconstitutionnel,bpt6k677605k,,failed,0,0,,no_usable_pages,known,,,bpt6k677605k: no usable pages in manifest.,2026-07-17T20:33:53.780434
leconstitutionnel,bpt6k677606z,,failed,0,0,,no_usable_pages,known,,,bpt6k677606z: no usable pages in manifest.,2026-07-17T20:33:53.846598
leconstitutionnel,bpt6k677607b,,failed,0,0,,no_usable_pages,known,,,bpt6k677607b: no usable pages in manifest.,2026-07-17T20:33:53.940534
leconstitutionnel,bpt6k677608q,,failed,0,0,,no_usable_pages,known,,,bpt6k677608q: no usable pages in manifest.,2026-07-17T20:33:54.018509
leconstitutionnel,bpt6k6776093,,failed,0,0,,no_usable_pages,known,,,bpt6k6776093: no usable pages in manifest.,2026-07-17T20:33:54.123545
leconstitutionnel,bpt6k6776101,,failed,0,0,,no_usable_pages,known,,,bpt6k6776101: no usable pages in manifest.,2026-07-17T20:33:54.223539
leconstitutionnel,bpt6k677611d,,failed,0,0,,no_usable_pages,known,,,bpt6k677611d: no usable pages in manifest.,2026-07-17T20:33:54.325235
leconstitutionnel,bpt6k677612s,,failed,0,0,,no_usable_pages,known,,,bpt6k677612s: no usable pages in manifest.,2026-07-17T20:33:54.438201
leconstitutionnel,bpt6k6776135,,failed,0,0,,no_usable_pages,known,,,bpt6k6776135: no usable pages in manifest.,2026-07-17T20:33:54.520517
leconstitutionnel,bpt6k677614j,,failed,0,0,,no_usable_pages,known,,,bpt6k677614j: no usable pages in manifest.,2026-07-17T20:33:54.687549
leconstitutionnel,bpt6k677615x,,failed,0,0,,no_usable_pages,known,,,bpt6k677615x: no usable pages in manifest.,2026-07-17T20:33:54.904600
leconstitutionnel,bpt6k6776169,,failed,0,0,,no_usable_pages,known,,,bpt6k6776169: no usable pages in manifest.,2026-07-17T20:33:54.980746
leconstitutionnel,bpt6k677617p,,failed,0,0,,no_usable_pages,known,,,bpt6k677617p: no usable pages in manifest.,2026-07-17T20:33:55.053376
leconstitutionnel,bpt6k6776182,,failed,0,0,,no_usable_pages,known,,,bpt6k6776182: no usable pages in manifest.,2026-07-17T20:33:55.115451
leconstitutionnel,bpt6k677619f,,failed,0,0,,no_usable_pages,known,,,bpt6k677619f: no usable pages in manifest.,2026-07-17T20:33:55.178819
leconstitutionnel,bpt6k677620c,,failed,0,0,,no_usable_pages,known,,,bpt6k677620c: no usable pages in manifest.,2026-07-17T20:33:55.257010
leconstitutionnel,bpt6k677621r,,failed,0,0,,no_usable_pages,known,,,bpt6k677621r: no usable pages in manifest.,2026-07-17T20:33:55.350964
leconstitutionnel,bpt6k6776224,,failed,0,0,,no_usable_pages,known,,,bpt6k6776224: no usable pages in manifest.,2026-07-17T20:33:55.426339
leconstitutionnel,bpt6k677623h,,failed,0,0,,no_usable_pages,known,,,bpt6k677623h: no usable pages in manifest.,2026-07-17T20:33:55.527086
leconstitutionnel,bpt6k677624w,,failed,0,0,,no_usable_pages,known,,,bpt6k677624w: no usable pages in manifest.,2026-07-17T20:33:55.613844
leconstitutionnel,bpt6k6776258,,failed,0,0,,no_usable_pages,known,,,bpt6k6776258: no usable pages in manifest.,2026-07-17T20:33:55.680455
leconstitutionnel,bpt6k677626n,,failed,0,0,,no_usable_pages,known,,,bpt6k677626n: no usable pages in manifest.,2026-07-17T20:33:55.755205
leconstitutionnel,bpt6k6776271,,failed,0,0,,no_usable_pages,known,,,bpt6k6776271: no usable pages in manifest.,2026-07-17T20:33:55.822331
leconstitutionnel,bpt6k677628d,,failed,0,0,,no_usable_pages,known,,,bpt6k677628d: no usable pages in manifest.,2026-07-17T20:33:55.924248
leconstitutionnel,bpt6k677629s,,failed,0,0,,no_usable_pages,known,,,bpt6k677629s: no usable pages in manifest.,2026-07-17T20:33:55.995460
leconstitutionnel,bpt6k677630q,,failed,0,0,,no_usable_pages,known,,,bpt6k677630q: no usable pages in manifest.,2026-07-17T20:33:56.078242
leconstitutionnel,bpt6k6776313,,failed,0,0,,no_usable_pages,known,,,bpt6k6776313: no usable pages in manifest.,2026-07-17T20:33:56.204300
leconstitutionnel,bpt6k677632g,,failed,0,0,,no_usable_pages,known,,,bpt6k677632g: no usable pages in manifest.,2026-07-17T20:33:56.309595
leconstitutionnel,bpt6k677633v,,failed,0,0,,no_usable_pages,known,,,bpt6k677633v: no usable pages in manifest.,2026-07-17T20:33:56.393687
leconstitutionnel,bpt6k6776347,,failed,0,0,,no_usable_pages,known,,,bpt6k6776347: no usable pages in manifest.,2026-07-17T20:33:56.476335
leconstitutionnel,bpt6k677635m,,failed,0,0,,no_usable_pages,known,,,bpt6k677635m: no usable pages in manifest.,2026-07-17T20:33:56.534819
leconstitutionnel,bpt6k6776360,,failed,0,0,,no_usable_pages,known,,,bpt6k6776360: no usable pages in manifest.,2026-07-17T20:33:56.599118
leconstitutionnel,bpt6k677637c,,failed,0,0,,no_usable_pages,known,,,bpt6k677637c: no usable pages in manifest.,2026-07-17T20:33:56.683694
leconstitutionnel,bpt6k677638r,,failed,0,0,,no_usable_pages,known,,,bpt6k677638r: no usable pages in manifest.,2026-07-17T20:33:56.764394
leconstitutionnel,bpt6k6776394,,failed,0,0,,no_usable_pages,known,,,bpt6k6776394: no usable pages in manifest.,2026-07-17T20:33:56.845538
leconstitutionnel,bpt6k6776402,,failed,0,0,,no_usable_pages,known,,,bpt6k6776402: no usable pages in manifest.,2026-07-17T20:33:56.967389
leconstitutionnel,bpt6k677641f,,failed,0,0,,no_usable_pages,known,,,bpt6k677641f: no usable pages in manifest.,2026-07-17T20:33:57.041524
leconstitutionnel,bpt6k677642t,,failed,0,0,,no_usable_pages,known,,,bpt6k677642t: no usable pages in manifest.,2026-07-17T20:33:57.106773
leconstitutionnel,bpt6k6776436,,failed,0,0,,no_usable_pages,known,,,bpt6k6776436: no usable pages in manifest.,2026-07-17T20:33:57.170647
leconstitutionnel,bpt6k677644k,,failed,0,0,,no_usable_pages,known,,,bpt6k677644k: no usable pages in manifest.,2026-07-17T20:33:57.236286
leconstitutionnel,bpt6k677645z,,failed,0,0,,no_usable_pages,known,,,bpt6k677645z: no usable pages in manifest.,2026-07-17T20:33:57.300528
leconstitutionnel,bpt6k677646b,,failed,0,0,,no_usable_pages,known,,,bpt6k677646b: no usable pages in manifest.,2026-07-17T20:33:57.406988
leconstitutionnel,bpt6k677647q,,failed,0,0,,no_usable_pages,known,,,bpt6k677647q: no usable pages in manifest.,2026-07-17T20:33:57.503469
leconstitutionnel,bpt6k6776483,,failed,0,0,,no_usable_pages,known,,,bpt6k6776483: no usable pages in manifest.,2026-07-17T20:33:57.649953
leconstitutionnel,bpt6k677649g,,failed,0,0,,no_usable_pages,known,,,bpt6k677649g: no usable pages in manifest.,2026-07-17T20:33:57.745636
leconstitutionnel,bpt6k677650d,,failed,0,0,,no_usable_pages,known,,,bpt6k677650d: no usable pages in manifest.,2026-07-17T20:33:57.831945
leconstitutionnel,bpt6k677651s,,failed,0,0,,no_usable_pages,known,,,bpt6k677651s: no usable pages in manifest.,2026-07-17T20:33:57.905616
leconstitutionnel,bpt6k6776525,,failed,0,0,,no_usable_pages,known,,,bpt6k6776525: no usable pages in manifest.,2026-07-17T20:33:57.983370
leconstitutionnel,bpt6k677653j,,failed,0,0,,no_usable_pages,known,,,bpt6k677653j: no usable pages in manifest.,2026-07-17T20:33:58.047047
leconstitutionnel,bpt6k677654x,,failed,0,0,,no_usable_pages,known,,,bpt6k677654x: no usable pages in manifest.,2026-07-17T20:33:58.129106
leconstitutionnel,bpt6k6776559,,failed,0,0,,no_usable_pages,known,,,bpt6k6776559: no usable pages in manifest.,2026-07-17T20:33:58.220011
leconstitutionnel,bpt6k677656p,,failed,0,0,,no_usable_pages,known,,,bpt6k677656p: no usable pages in manifest.,2026-07-17T20:33:58.288245
leconstitutionnel,bpt6k6776572,,failed,0,0,,no_usable_pages,known,,,bpt6k6776572: no usable pages in manifest.,2026-07-17T20:33:58.338015
leconstitutionnel,bpt6k677658f,,failed,0,0,,no_usable_pages,known,,,bpt6k677658f: no usable pages in manifest.,2026-07-17T20:33:58.402823
leconstitutionnel,bpt6k677659t,,failed,0,0,,no_usable_pages,known,,,bpt6k677659t: no usable pages in manifest.,2026-07-17T20:33:58.502054
leconstitutionnel,bpt6k677660r,,failed,0,0,,no_usable_pages,known,,,bpt6k677660r: no usable pages in manifest.,2026-07-17T20:33:58.581922
leconstitutionnel,bpt6k6776614,,failed,0,0,,no_usable_pages,known,,,bpt6k6776614: no usable pages in manifest.,2026-07-17T20:33:58.681333
leconstitutionnel,bpt6k677662h,,failed,0,0,,no_usable_pages,known,,,bpt6k677662h: no usable pages in manifest.,2026-07-17T20:33:58.734533
leconstitutionnel,bpt6k677663w,,failed,0,0,,no_usable_pages,known,,,bpt6k677663w: no usable pages in manifest.,2026-07-17T20:33:58.783374
leconstitutionnel,bpt6k6776648,,failed,0,0,,no_usable_pages,known,,,bpt6k6776648: no usable pages in manifest.,2026-07-17T20:33:58.849313
leconstitutionnel,bpt6k677665n,,failed,0,0,,no_usable_pages,known,,,bpt6k677665n: no usable pages in manifest.,2026-07-17T20:33:58.917486
leconstitutionnel,bpt6k6776661,,failed,0,0,,no_usable_pages,known,,,bpt6k6776661: no usable pages in manifest.,2026-07-17T20:33:59.025830
leconstitutionnel,bpt6k677667d,,failed,0,0,,no_usable_pages,known,,,bpt6k677667d: no usable pages in manifest.,2026-07-17T20:33:59.128188
leconstitutionnel,bpt6k677668s,,failed,0,0,,no_usable_pages,known,,,bpt6k677668s: no usable pages in manifest.,2026-07-17T20:33:59.191402
leconstitutionnel,bpt6k6776695,,failed,0,0,,no_usable_pages,known,,,bpt6k6776695: no usable pages in manifest.,2026-07-17T20:33:59.281370
leconstitutionnel,bpt6k6776703,,failed,0,0,,no_usable_pages,known,,,bpt6k6776703: no usable pages in manifest.,2026-07-17T20:33:59.345440
leconstitutionnel,bpt6k677671g,,failed,0,0,,no_usable_pages,known,,,bpt6k677671g: no usable pages in manifest.,2026-07-17T20:33:59.441645
leconstitutionnel,bpt6k677672v,,failed,0,0,,no_usable_pages,known,,,bpt6k677672v: no usable pages in manifest.,2026-07-17T20:33:59.552584
leconstitutionnel,bpt6k6776737,,failed,0,0,,no_usable_pages,known,,,bpt6k6776737: no usable pages in manifest.,2026-07-17T20:33:59.618287
leconstitutionnel,bpt6k677674m,,failed,0,0,,no_usable_pages,known,,,bpt6k677674m: no usable pages in manifest.,2026-07-17T20:33:59.676893
leconstitutionnel,bpt6k6776750,,failed,0,0,,no_usable_pages,known,,,bpt6k6776750: no usable pages in manifest.,2026-07-17T20:33:59.800298
leconstitutionnel,bpt6k677676c,,failed,0,0,,no_usable_pages,known,,,bpt6k677676c: no usable pages in manifest.,2026-07-17T20:33:59.886638
leconstitutionnel,bpt6k677677r,,failed,0,0,,no_usable_pages,known,,,bpt6k677677r: no usable pages in manifest.,2026-07-17T20:33:59.958878
leconstitutionnel,bpt6k6776784,,failed,0,0,,no_usable_pages,known,,,bpt6k6776784: no usable pages in manifest.,2026-07-17T20:34:00.151622
leconstitutionnel,bpt6k677679h,,failed,0,0,,no_usable_pages,known,,,bpt6k677679h: no usable pages in manifest.,2026-07-17T20:34:00.228304
leconstitutionnel,bpt6k677680f,,failed,0,0,,no_usable_pages,known,,,bpt6k677680f: no usable pages in manifest.,2026-07-17T20:34:00.299012
leconstitutionnel,bpt6k677681t,,failed,0,0,,no_usable_pages,known,,,bpt6k677681t: no usable pages in manifest.,2026-07-17T20:34:00.417221
leconstitutionnel,bpt6k6776826,,failed,0,0,,no_usable_pages,known,,,bpt6k6776826: no usable pages in manifest.,2026-07-17T20:34:00.492337
leconstitutionnel,bpt6k677683k,,failed,0,0,,no_usable_pages,known,,,bpt6k677683k: no usable pages in manifest.,2026-07-17T20:34:00.667279
leconstitutionnel,bpt6k677684z,,failed,0,0,,no_usable_pages,known,,,bpt6k677684z: no usable pages in manifest.,2026-07-17T20:34:00.779082
leconstitutionnel,bpt6k677685b,,failed,0,0,,no_usable_pages,known,,,bpt6k677685b: no usable pages in manifest.,2026-07-17T20:34:00.870165
leconstitutionnel,bpt6k6780474,,failed,0,0,,no_usable_pages,known,,,bpt6k6780474: no usable pages in manifest.,2026-07-17T20:34:01.025026
leconstitutionnel,bpt6k678048h,,failed,0,0,,no_usable_pages,known,,,bpt6k678048h: no usable pages in manifest.,2026-07-17T20:34:01.146066
leconstitutionnel,bpt6k678049w,,failed,0,0,,no_usable_pages,known,,,bpt6k678049w: no usable pages in manifest.,2026-07-17T20:34:01.230927
leconstitutionnel,bpt6k678050t,,failed,0,0,,no_usable_pages,known,,,bpt6k678050t: no usable pages in manifest.,2026-07-17T20:34:01.312995
leconstitutionnel,bpt6k6780516,,failed,0,0,,no_usable_pages,known,,,bpt6k6780516: no usable pages in manifest.,2026-07-17T20:34:01.410009
leconstitutionnel,bpt6k678052k,,failed,0,0,,no_usable_pages,known,,,bpt6k678052k: no usable pages in manifest.,2026-07-17T20:34:01.522187
leconstitutionnel,bpt6k678053z,,failed,0,0,,no_usable_pages,known,,,bpt6k678053z: no usable pages in manifest.,2026-07-17T20:34:01.651335
leconstitutionnel,bpt6k678054b,,failed,0,0,,no_usable_pages,known,,,bpt6k678054b: no usable pages in manifest.,2026-07-17T20:34:01.757723
leconstitutionnel,bpt6k678055q,,failed,0,0,,no_usable_pages,known,,,bpt6k678055q: no usable pages in manifest.,2026-07-17T20:34:01.822546
leconstitutionnel,bpt6k6780563,,failed,0,0,,no_usable_pages,known,,,bpt6k6780563: no usable pages in manifest.,2026-07-17T20:34:01.956803
leconstitutionnel,bpt6k678057g,,failed,0,0,,no_usable_pages,known,,,bpt6k678057g: no usable pages in manifest.,2026-07-17T20:34:02.040621
leconstitutionnel,bpt6k678058v,,failed,0,0,,no_usable_pages,known,,,bpt6k678058v: no usable pages in manifest.,2026-07-17T20:34:02.151647
leconstitutionnel,bpt6k6780597,,failed,0,0,,no_usable_pages,known,,,bpt6k6780597: no usable pages in manifest.,2026-07-17T20:34:02.239098
leconstitutionnel,bpt6k6780605,,failed,0,0,,no_usable_pages,known,,,bpt6k6780605: no usable pages in manifest.,2026-07-17T20:34:02.309721
leconstitutionnel,bpt6k678061j,,failed,0,0,,no_usable_pages,known,,,bpt6k678061j: no usable pages in manifest.,2026-07-17T20:34:02.390065
leconstitutionnel,bpt6k678062x,,failed,0,0,,no_usable_pages,known,,,bpt6k678062x: no usable pages in manifest.,2026-07-17T20:34:02.460954
leconstitutionnel,bpt6k6780639,,failed,0,0,,no_usable_pages,known,,,bpt6k6780639: no usable pages in manifest.,2026-07-17T20:34:02.528822
leconstitutionnel,bpt6k678064p,,failed,0,0,,no_usable_pages,known,,,bpt6k678064p: no usable pages in manifest.,2026-07-17T20:34:02.609004
leconstitutionnel,bpt6k6780652,,failed,0,0,,no_usable_pages,known,,,bpt6k6780652: no usable pages in manifest.,2026-07-17T20:34:02.700489
leconstitutionnel,bpt6k678066f,,failed,0,0,,no_usable_pages,known,,,bpt6k678066f: no usable pages in manifest.,2026-07-17T20:34:02.805206
leconstitutionnel,bpt6k678067t,,failed,0,0,,no_usable_pages,known,,,bpt6k678067t: no usable pages in manifest.,2026-07-17T20:34:02.889565
leconstitutionnel,bpt6k6780686,,failed,0,0,,no_usable_pages,known,,,bpt6k6780686: no usable pages in manifest.,2026-07-17T20:34:02.961733
leconstitutionnel,bpt6k678069k,,failed,0,0,,no_usable_pages,known,,,bpt6k678069k: no usable pages in manifest.,2026-07-17T20:34:03.023368
leconstitutionnel,bpt6k678070h,,failed,0,0,,no_usable_pages,known,,,bpt6k678070h: no usable pages in manifest.,2026-07-17T20:34:03.076573
leconstitutionnel,bpt6k678071w,,failed,0,0,,no_usable_pages,known,,,bpt6k678071w: no usable pages in manifest.,2026-07-17T20:34:03.173396
leconstitutionnel,bpt6k6780728,,failed,0,0,,no_usable_pages,known,,,bpt6k6780728: no usable pages in manifest.,2026-07-17T20:34:03.252125
leconstitutionnel,bpt6k678073n,,failed,0,0,,no_usable_pages,known,,,bpt6k678073n: no usable pages in manifest.,2026-07-17T20:34:03.389297
leconstitutionnel,bpt6k6780741,,failed,0,0,,no_usable_pages,known,,,bpt6k6780741: no usable pages in manifest.,2026-07-17T20:34:03.544425
leconstitutionnel,bpt6k678075d,,failed,0,0,,no_usable_pages,known,,,bpt6k678075d: no usable pages in manifest.,2026-07-17T20:34:03.618217
leconstitutionnel,bpt6k678076s,,failed,0,0,,no_usable_pages,known,,,bpt6k678076s: no usable pages in manifest.,2026-07-17T20:34:03.718469
leconstitutionnel,bpt6k6780775,,failed,0,0,,no_usable_pages,known,,,bpt6k6780775: no usable pages in manifest.,2026-07-17T20:34:03.799724
leconstitutionnel,bpt6k678078j,,failed,0,0,,no_usable_pages,known,,,bpt6k678078j: no usable pages in manifest.,2026-07-17T20:34:03.878414
leconstitutionnel,bpt6k678079x,,failed,0,0,,no_usable_pages,known,,,bpt6k678079x: no usable pages in manifest.,2026-07-17T20:34:03.963579
leconstitutionnel,bpt6k678080v,,failed,0,0,,no_usable_pages,known,,,bpt6k678080v: no usable pages in manifest.,2026-07-17T20:34:04.070669
leconstitutionnel,bpt6k6780817,,failed,0,0,,no_usable_pages,known,,,bpt6k6780817: no usable pages in manifest.,2026-07-17T20:34:04.150383
leconstitutionnel,bpt6k678082m,,failed,0,0,,no_usable_pages,known,,,bpt6k678082m: no usable pages in manifest.,2026-07-17T20:34:04.238943
leconstitutionnel,bpt6k6780830,,failed,0,0,,no_usable_pages,known,,,bpt6k6780830: no usable pages in manifest.,2026-07-17T20:34:04.309700
leconstitutionnel,bpt6k678084c,,failed,0,0,,no_usable_pages,known,,,bpt6k678084c: no usable pages in manifest.,2026-07-17T20:34:04.406816
leconstitutionnel,bpt6k678085r,,failed,0,0,,no_usable_pages,known,,,bpt6k678085r: no usable pages in manifest.,2026-07-17T20:34:04.484578
leconstitutionnel,bpt6k6780864,,failed,0,0,,no_usable_pages,known,,,bpt6k6780864: no usable pages in manifest.,2026-07-17T20:34:04.583283
leconstitutionnel,bpt6k678087h,,failed,0,0,,no_usable_pages,known,,,bpt6k678087h: no usable pages in manifest.,2026-07-17T20:34:04.680603
leconstitutionnel,bpt6k678088w,,failed,0,0,,no_usable_pages,known,,,bpt6k678088w: no usable pages in manifest.,2026-07-17T20:34:04.812876
leconstitutionnel,bpt6k6780898,,failed,0,0,,no_usable_pages,known,,,bpt6k6780898: no usable pages in manifest.,2026-07-17T20:34:04.924770
leconstitutionnel,bpt6k6780906,,failed,0,0,,no_usable_pages,known,,,bpt6k6780906: no usable pages in manifest.,2026-07-17T20:34:05.029305
leconstitutionnel,bpt6k678091k,,failed,0,0,,no_usable_pages,known,,,bpt6k678091k: no usable pages in manifest.,2026-07-17T20:34:05.106271
leconstitutionnel,bpt6k678092z,,failed,0,0,,no_usable_pages,known,,,bpt6k678092z: no usable pages in manifest.,2026-07-17T20:34:05.203400
leconstitutionnel,bpt6k678093b,,failed,0,0,,no_usable_pages,known,,,bpt6k678093b: no usable pages in manifest.,2026-07-17T20:34:05.304181
leconstitutionnel,bpt6k678094q,,failed,0,0,,no_usable_pages,known,,,bpt6k678094q: no usable pages in manifest.,2026-07-17T20:34:05.371522
leconstitutionnel,bpt6k6780953,,failed,0,0,,no_usable_pages,known,,,bpt6k6780953: no usable pages in manifest.,2026-07-17T20:34:05.427266
leconstitutionnel,bpt6k678096g,,failed,0,0,,no_usable_pages,known,,,bpt6k678096g: no usable pages in manifest.,2026-07-17T20:34:05.511906
leconstitutionnel,bpt6k678097v,,failed,0,0,,no_usable_pages,known,,,bpt6k678097v: no usable pages in manifest.,2026-07-17T20:34:05.611325
leconstitutionnel,bpt6k6780987,,failed,0,0,,no_usable_pages,known,,,bpt6k6780987: no usable pages in manifest.,2026-07-17T20:34:05.696619
leconstitutionnel,bpt6k678099m,,failed,0,0,,no_usable_pages,known,,,bpt6k678099m: no usable pages in manifest.,2026-07-17T20:34:05.807463
leconstitutionnel,bpt6k678100d,,failed,0,0,,no_usable_pages,known,,,bpt6k678100d: no usable pages in manifest.,2026-07-17T20:34:05.886140
leconstitutionnel,bpt6k678101s,,failed,0,0,,no_usable_pages,known,,,bpt6k678101s: no usable pages in manifest.,2026-07-17T20:34:05.941055
leconstitutionnel,bpt6k6781025,,failed,0,0,,no_usable_pages,known,,,bpt6k6781025: no usable pages in manifest.,2026-07-17T20:34:06.013997
leconstitutionnel,bpt6k678103j,,failed,0,0,,no_usable_pages,known,,,bpt6k678103j: no usable pages in manifest.,2026-07-17T20:34:06.086108
leconstitutionnel,bpt6k678104x,,failed,0,0,,no_usable_pages,known,,,bpt6k678104x: no usable pages in manifest.,2026-07-17T20:34:06.159157
leconstitutionnel,bpt6k6781059,,failed,0,0,,no_usable_pages,known,,,bpt6k6781059: no usable pages in manifest.,2026-07-17T20:34:06.235710
leconstitutionnel,bpt6k678106p,,failed,0,0,,no_usable_pages,known,,,bpt6k678106p: no usable pages in manifest.,2026-07-17T20:34:06.321967
leconstitutionnel,bpt6k6781072,,failed,0,0,,no_usable_pages,known,,,bpt6k6781072: no usable pages in manifest.,2026-07-17T20:34:06.438453
leconstitutionnel,bpt6k678108f,,failed,0,0,,no_usable_pages,known,,,bpt6k678108f: no usable pages in manifest.,2026-07-17T20:34:06.521453
leconstitutionnel,bpt6k678109t,,failed,0,0,,no_usable_pages,known,,,bpt6k678109t: no usable pages in manifest.,2026-07-17T20:34:06.588964
leconstitutionnel,bpt6k678110r,,failed,0,0,,no_usable_pages,known,,,bpt6k678110r: no usable pages in manifest.,2026-07-17T20:34:06.715726
leconstitutionnel,bpt6k6781114,,failed,0,0,,no_usable_pages,known,,,bpt6k6781114: no usable pages in manifest.,2026-07-17T20:34:06.796673
leconstitutionnel,bpt6k678112h,,failed,0,0,,no_usable_pages,known,,,bpt6k678112h: no usable pages in manifest.,2026-07-17T20:34:06.889149
leconstitutionnel,bpt6k678113w,,failed,0,0,,no_usable_pages,known,,,bpt6k678113w: no usable pages in manifest.,2026-07-17T20:34:06.957176
leconstitutionnel,bpt6k6781148,,failed,0,0,,no_usable_pages,known,,,bpt6k6781148: no usable pages in manifest.,2026-07-17T20:34:07.034315
leconstitutionnel,bpt6k678115n,,failed,0,0,,no_usable_pages,known,,,bpt6k678115n: no usable pages in manifest.,2026-07-17T20:34:07.101358
leconstitutionnel,bpt6k6781161,,failed,0,0,,no_usable_pages,known,,,bpt6k6781161: no usable pages in manifest.,2026-07-17T20:34:07.174973
leconstitutionnel,bpt6k678117d,,failed,0,0,,no_usable_pages,known,,,bpt6k678117d: no usable pages in manifest.,2026-07-17T20:34:07.240615
leconstitutionnel,bpt6k678118s,,failed,0,0,,no_usable_pages,known,,,bpt6k678118s: no usable pages in manifest.,2026-07-17T20:34:07.342602
leconstitutionnel,bpt6k6781195,,failed,0,0,,no_usable_pages,known,,,bpt6k6781195: no usable pages in manifest.,2026-07-17T20:34:07.419381
leconstitutionnel,bpt6k6781203,,failed,0,0,,no_usable_pages,known,,,bpt6k6781203: no usable pages in manifest.,2026-07-17T20:34:07.494960
leconstitutionnel,bpt6k678121g,,failed,0,0,,no_usable_pages,known,,,bpt6k678121g: no usable pages in manifest.,2026-07-17T20:34:07.597851
leconstitutionnel,bpt6k678122v,,failed,0,0,,no_usable_pages,known,,,bpt6k678122v: no usable pages in manifest.,2026-07-17T20:34:07.680385
leconstitutionnel,bpt6k6781237,,failed,0,0,,no_usable_pages,known,,,bpt6k6781237: no usable pages in manifest.,2026-07-17T20:34:07.764590
leconstitutionnel,bpt6k678124m,,failed,0,0,,no_usable_pages,known,,,bpt6k678124m: no usable pages in manifest.,2026-07-17T20:34:07.880917
leconstitutionnel,bpt6k6781250,,failed,0,0,,no_usable_pages,known,,,bpt6k6781250: no usable pages in manifest.,2026-07-17T20:34:08.017823
leconstitutionnel,bpt6k678126c,,failed,0,0,,no_usable_pages,known,,,bpt6k678126c: no usable pages in manifest.,2026-07-17T20:34:08.129184
leconstitutionnel,bpt6k678127r,,failed,0,0,,no_usable_pages,known,,,bpt6k678127r: no usable pages in manifest.,2026-07-17T20:34:08.224975
leconstitutionnel,bpt6k6781284,,failed,0,0,,no_usable_pages,known,,,bpt6k6781284: no usable pages in manifest.,2026-07-17T20:34:08.337264
leconstitutionnel,bpt6k678129h,,failed,0,0,,no_usable_pages,known,,,bpt6k678129h: no usable pages in manifest.,2026-07-17T20:34:08.478096
leconstitutionnel,bpt6k678130f,,failed,0,0,,no_usable_pages,known,,,bpt6k678130f: no usable pages in manifest.,2026-07-17T20:34:08.563298
leconstitutionnel,bpt6k678131t,,failed,0,0,,no_usable_pages,known,,,bpt6k678131t: no usable pages in manifest.,2026-07-17T20:34:08.654060
leconstitutionnel,bpt6k6781326,,failed,0,0,,no_usable_pages,known,,,bpt6k6781326: no usable pages in manifest.,2026-07-17T20:34:08.745535
leconstitutionnel,bpt6k678133k,,failed,0,0,,no_usable_pages,known,,,bpt6k678133k: no usable pages in manifest.,2026-07-17T20:34:08.816330
leconstitutionnel,bpt6k678134z,,failed,0,0,,no_usable_pages,known,,,bpt6k678134z: no usable pages in manifest.,2026-07-17T20:34:08.885632
leconstitutionnel,bpt6k678135b,,failed,0,0,,no_usable_pages,known,,,bpt6k678135b: no usable pages in manifest.,2026-07-17T20:34:09.006927
leconstitutionnel,bpt6k678136q,,failed,0,0,,no_usable_pages,known,,,bpt6k678136q: no usable pages in manifest.,2026-07-17T20:34:09.092192
leconstitutionnel,bpt6k6781373,,failed,0,0,,no_usable_pages,known,,,bpt6k6781373: no usable pages in manifest.,2026-07-17T20:34:09.160342
leconstitutionnel,bpt6k678138g,,failed,0,0,,no_usable_pages,known,,,bpt6k678138g: no usable pages in manifest.,2026-07-17T20:34:09.242586
leconstitutionnel,bpt6k678139v,,failed,0,0,,no_usable_pages,known,,,bpt6k678139v: no usable pages in manifest.,2026-07-17T20:34:09.325532
leconstitutionnel,bpt6k678140s,,failed,0,0,,no_usable_pages,known,,,bpt6k678140s: no usable pages in manifest.,2026-07-17T20:34:09.395279
leconstitutionnel,bpt6k6781415,,failed,0,0,,no_usable_pages,known,,,bpt6k6781415: no usable pages in manifest.,2026-07-17T20:34:09.531614
leconstitutionnel,bpt6k678142j,,failed,0,0,,no_usable_pages,known,,,bpt6k678142j: no usable pages in manifest.,2026-07-17T20:34:09.661078
leconstitutionnel,bpt6k678143x,,failed,0,0,,no_usable_pages,known,,,bpt6k678143x: no usable pages in manifest.,2026-07-17T20:34:09.759331
leconstitutionnel,bpt6k6781449,,failed,0,0,,no_usable_pages,known,,,bpt6k6781449: no usable pages in manifest.,2026-07-17T20:34:09.832306
leconstitutionnel,bpt6k678145p,,failed,0,0,,no_usable_pages,known,,,bpt6k678145p: no usable pages in manifest.,2026-07-17T20:34:09.900909
leconstitutionnel,bpt6k6781462,,failed,0,0,,no_usable_pages,known,,,bpt6k6781462: no usable pages in manifest.,2026-07-17T20:34:09.981687
leconstitutionnel,bpt6k678147f,,failed,0,0,,no_usable_pages,known,,,bpt6k678147f: no usable pages in manifest.,2026-07-17T20:34:10.096983
leconstitutionnel,bpt6k678148t,,failed,0,0,,no_usable_pages,known,,,bpt6k678148t: no usable pages in manifest.,2026-07-17T20:34:10.171334
leconstitutionnel,bpt6k6781496,,failed,0,0,,no_usable_pages,known,,,bpt6k6781496: no usable pages in manifest.,2026-07-17T20:34:10.245550
leconstitutionnel,bpt6k6781504,,failed,0,0,,no_usable_pages,known,,,bpt6k6781504: no usable pages in manifest.,2026-07-17T20:34:10.325681
leconstitutionnel,bpt6k678151h,,failed,0,0,,no_usable_pages,known,,,bpt6k678151h: no usable pages in manifest.,2026-07-17T20:34:10.431972
leconstitutionnel,bpt6k678152w,,failed,0,0,,no_usable_pages,known,,,bpt6k678152w: no usable pages in manifest.,2026-07-17T20:34:10.536490
leconstitutionnel,bpt6k6781538,,failed,0,0,,no_usable_pages,known,,,bpt6k6781538: no usable pages in manifest.,2026-07-17T20:34:10.605059
leconstitutionnel,bpt6k678154n,,failed,0,0,,no_usable_pages,known,,,bpt6k678154n: no usable pages in manifest.,2026-07-17T20:34:10.669470
leconstitutionnel,bpt6k6781551,,failed,0,0,,no_usable_pages,known,,,bpt6k6781551: no usable pages in manifest.,2026-07-17T20:34:10.758331
leconstitutionnel,bpt6k678156d,,failed,0,0,,no_usable_pages,known,,,bpt6k678156d: no usable pages in manifest.,2026-07-17T20:34:10.844371
leconstitutionnel,bpt6k678157s,,failed,0,0,,no_usable_pages,known,,,bpt6k678157s: no usable pages in manifest.,2026-07-17T20:34:10.942196
leconstitutionnel,bpt6k6781585,,failed,0,0,,no_usable_pages,known,,,bpt6k6781585: no usable pages in manifest.,2026-07-17T20:34:11.104603
leconstitutionnel,bpt6k678159j,,failed,0,0,,no_usable_pages,known,,,bpt6k678159j: no usable pages in manifest.,2026-07-17T20:34:11.200691
leconstitutionnel,bpt6k678160g,,failed,0,0,,no_usable_pages,known,,,bpt6k678160g: no usable pages in manifest.,2026-07-17T20:34:11.281076
leconstitutionnel,bpt6k678161v,,failed,0,0,,no_usable_pages,known,,,bpt6k678161v: no usable pages in manifest.,2026-07-17T20:34:11.354582
leconstitutionnel,bpt6k6781627,,failed,0,0,,no_usable_pages,known,,,bpt6k6781627: no usable pages in manifest.,2026-07-17T20:34:11.436231
leconstitutionnel,bpt6k678163m,,failed,0,0,,no_usable_pages,known,,,bpt6k678163m: no usable pages in manifest.,2026-07-17T20:34:11.547634
leconstitutionnel,bpt6k6781640,,failed,0,0,,no_usable_pages,known,,,bpt6k6781640: no usable pages in manifest.,2026-07-17T20:34:11.640294
leconstitutionnel,bpt6k678165c,,failed,0,0,,no_usable_pages,known,,,bpt6k678165c: no usable pages in manifest.,2026-07-17T20:34:11.724107
leconstitutionnel,bpt6k678166r,,failed,0,0,,no_usable_pages,known,,,bpt6k678166r: no usable pages in manifest.,2026-07-17T20:34:11.832962
leconstitutionnel,bpt6k6781674,,failed,0,0,,no_usable_pages,known,,,bpt6k6781674: no usable pages in manifest.,2026-07-17T20:34:11.937120
leconstitutionnel,bpt6k678168h,,failed,0,0,,no_usable_pages,known,,,bpt6k678168h: no usable pages in manifest.,2026-07-17T20:34:12.025696
leconstitutionnel,bpt6k678169w,,failed,0,0,,no_usable_pages,known,,,bpt6k678169w: no usable pages in manifest.,2026-07-17T20:34:12.152589
leconstitutionnel,bpt6k678170t,,failed,0,0,,no_usable_pages,known,,,bpt6k678170t: no usable pages in manifest.,2026-07-17T20:34:12.244413
leconstitutionnel,bpt6k6781716,,failed,0,0,,no_usable_pages,known,,,bpt6k6781716: no usable pages in manifest.,2026-07-17T20:34:12.320928
leconstitutionnel,bpt6k678172k,,failed,0,0,,no_usable_pages,known,,,bpt6k678172k: no usable pages in manifest.,2026-07-17T20:34:12.412286
leconstitutionnel,bpt6k678173z,,failed,0,0,,no_usable_pages,known,,,bpt6k678173z: no usable pages in manifest.,2026-07-17T20:34:12.487602
leconstitutionnel,bpt6k678174b,,failed,0,0,,no_usable_pages,known,,,bpt6k678174b: no usable pages in manifest.,2026-07-17T20:34:12.593126
leconstitutionnel,bpt6k678175q,,failed,0,0,,no_usable_pages,known,,,bpt6k678175q: no usable pages in manifest.,2026-07-17T20:34:12.678628
leconstitutionnel,bpt6k6781763,,failed,0,0,,no_usable_pages,known,,,bpt6k6781763: no usable pages in manifest.,2026-07-17T20:34:12.778994
leconstitutionnel,bpt6k678177g,,failed,0,0,,no_usable_pages,known,,,bpt6k678177g: no usable pages in manifest.,2026-07-17T20:34:12.845462
leconstitutionnel,bpt6k678178v,,failed,0,0,,no_usable_pages,known,,,bpt6k678178v: no usable pages in manifest.,2026-07-17T20:34:12.914289
leconstitutionnel,bpt6k6781797,,failed,0,0,,no_usable_pages,known,,,bpt6k6781797: no usable pages in manifest.,2026-07-17T20:34:12.981509
leconstitutionnel,bpt6k6781805,,failed,0,0,,no_usable_pages,known,,,bpt6k6781805: no usable pages in manifest.,2026-07-17T20:34:13.049658
leconstitutionnel,bpt6k678181j,,failed,0,0,,no_usable_pages,known,,,bpt6k678181j: no usable pages in manifest.,2026-07-17T20:34:13.129132
leconstitutionnel,bpt6k678182x,,failed,0,0,,no_usable_pages,known,,,bpt6k678182x: no usable pages in manifest.,2026-07-17T20:34:13.205566
leconstitutionnel,bpt6k6781839,,failed,0,0,,no_usable_pages,known,,,bpt6k6781839: no usable pages in manifest.,2026-07-17T20:34:13.261964
leconstitutionnel,bpt6k678184p,,failed,0,0,,no_usable_pages,known,,,bpt6k678184p: no usable pages in manifest.,2026-07-17T20:34:13.340741
leconstitutionnel,bpt6k6781852,,failed,0,0,,no_usable_pages,known,,,bpt6k6781852: no usable pages in manifest.,2026-07-17T20:34:13.406805
leconstitutionnel,bpt6k678186f,,failed,0,0,,no_usable_pages,known,,,bpt6k678186f: no usable pages in manifest.,2026-07-17T20:34:13.488889
leconstitutionnel,bpt6k678187t,,failed,0,0,,no_usable_pages,known,,,bpt6k678187t: no usable pages in manifest.,2026-07-17T20:34:13.566010
leconstitutionnel,bpt6k6781886,,failed,0,0,,no_usable_pages,known,,,bpt6k6781886: no usable pages in manifest.,2026-07-17T20:34:13.664379
leconstitutionnel,bpt6k678189k,,failed,0,0,,no_usable_pages,known,,,bpt6k678189k: no usable pages in manifest.,2026-07-17T20:34:13.733666
leconstitutionnel,bpt6k678190h,,failed,0,0,,no_usable_pages,known,,,bpt6k678190h: no usable pages in manifest.,2026-07-17T20:34:13.813839
leconstitutionnel,bpt6k678191w,,failed,0,0,,no_usable_pages,known,,,bpt6k678191w: no usable pages in manifest.,2026-07-17T20:34:13.909678
leconstitutionnel,bpt6k6781928,,failed,0,0,,no_usable_pages,known,,,bpt6k6781928: no usable pages in manifest.,2026-07-17T20:34:14.083412
leconstitutionnel,bpt6k678193n,,failed,0,0,,no_usable_pages,known,,,bpt6k678193n: no usable pages in manifest.,2026-07-17T20:34:14.193674
leconstitutionnel,bpt6k6781941,,failed,0,0,,no_usable_pages,known,,,bpt6k6781941: no usable pages in manifest.,2026-07-17T20:34:14.277962
leconstitutionnel,bpt6k678195d,,failed,0,0,,no_usable_pages,known,,,bpt6k678195d: no usable pages in manifest.,2026-07-17T20:34:14.348454
leconstitutionnel,bpt6k678196s,,failed,0,0,,no_usable_pages,known,,,bpt6k678196s: no usable pages in manifest.,2026-07-17T20:34:14.421371
leconstitutionnel,bpt6k6781975,,failed,0,0,,no_usable_pages,known,,,bpt6k6781975: no usable pages in manifest.,2026-07-17T20:34:14.525619
leconstitutionnel,bpt6k678198j,,failed,0,0,,no_usable_pages,known,,,bpt6k678198j: no usable pages in manifest.,2026-07-17T20:34:14.618615
leconstitutionnel,bpt6k678199x,,failed,0,0,,no_usable_pages,known,,,bpt6k678199x: no usable pages in manifest.,2026-07-17T20:34:14.787776
leconstitutionnel,bpt6k678200q,,failed,0,0,,no_usable_pages,known,,,bpt6k678200q: no usable pages in manifest.,2026-07-17T20:34:14.866035
leconstitutionnel,bpt6k6782013,,failed,0,0,,no_usable_pages,known,,,bpt6k6782013: no usable pages in manifest.,2026-07-17T20:34:14.972223
leconstitutionnel,bpt6k678202g,,failed,0,0,,no_usable_pages,known,,,bpt6k678202g: no usable pages in manifest.,2026-07-17T20:34:15.103492
leconstitutionnel,bpt6k678203v,,failed,0,0,,no_usable_pages,known,,,bpt6k678203v: no usable pages in manifest.,2026-07-17T20:34:15.211247
leconstitutionnel,bpt6k6782047,,failed,0,0,,no_usable_pages,known,,,bpt6k6782047: no usable pages in manifest.,2026-07-17T20:34:15.347819
leconstitutionnel,bpt6k678205m,,failed,0,0,,no_usable_pages,known,,,bpt6k678205m: no usable pages in manifest.,2026-07-17T20:34:15.441921
leconstitutionnel,bpt6k6782060,,failed,0,0,,no_usable_pages,known,,,bpt6k6782060: no usable pages in manifest.,2026-07-17T20:34:15.546583
leconstitutionnel,bpt6k678207c,,failed,0,0,,no_usable_pages,known,,,bpt6k678207c: no usable pages in manifest.,2026-07-17T20:34:15.663351
leconstitutionnel,bpt6k678208r,,failed,0,0,,no_usable_pages,known,,,bpt6k678208r: no usable pages in manifest.,2026-07-17T20:34:15.756280
leconstitutionnel,bpt6k6782094,,failed,0,0,,no_usable_pages,known,,,bpt6k6782094: no usable pages in manifest.,2026-07-17T20:34:15.841920
leconstitutionnel,bpt6k6782102,,failed,0,0,,no_usable_pages,known,,,bpt6k6782102: no usable pages in manifest.,2026-07-17T20:34:15.937386
leconstitutionnel,bpt6k678211f,,failed,0,0,,no_usable_pages,known,,,bpt6k678211f: no usable pages in manifest.,2026-07-17T20:34:16.020427
leconstitutionnel,bpt6k678212t,,failed,0,0,,no_usable_pages,known,,,bpt6k678212t: no usable pages in manifest.,2026-07-17T20:34:16.092958
leconstitutionnel,bpt6k6782136,,failed,0,0,,no_usable_pages,known,,,bpt6k6782136: no usable pages in manifest.,2026-07-17T20:34:16.169165
leconstitutionnel,bpt6k678214k,,failed,0,0,,no_usable_pages,known,,,bpt6k678214k: no usable pages in manifest.,2026-07-17T20:34:16.276559
leconstitutionnel,bpt6k678215z,,failed,0,0,,no_usable_pages,known,,,bpt6k678215z: no usable pages in manifest.,2026-07-17T20:34:16.372441
leconstitutionnel,bpt6k678216b,,failed,0,0,,no_usable_pages,known,,,bpt6k678216b: no usable pages in manifest.,2026-07-17T20:34:16.440180
leconstitutionnel,bpt6k678217q,,failed,0,0,,no_usable_pages,known,,,bpt6k678217q: no usable pages in manifest.,2026-07-17T20:34:16.527087
leconstitutionnel,bpt6k6782183,,failed,0,0,,no_usable_pages,known,,,bpt6k6782183: no usable pages in manifest.,2026-07-17T20:34:16.662655
leconstitutionnel,bpt6k678219g,,failed,0,0,,no_usable_pages,known,,,bpt6k678219g: no usable pages in manifest.,2026-07-17T20:34:16.768210
leconstitutionnel,bpt6k678220d,,failed,0,0,,no_usable_pages,known,,,bpt6k678220d: no usable pages in manifest.,2026-07-17T20:34:16.834436
leconstitutionnel,bpt6k678221s,,failed,0,0,,no_usable_pages,known,,,bpt6k678221s: no usable pages in manifest.,2026-07-17T20:34:16.955556
leconstitutionnel,bpt6k6782225,,failed,0,0,,no_usable_pages,known,,,bpt6k6782225: no usable pages in manifest.,2026-07-17T20:34:17.066075
leconstitutionnel,bpt6k678223j,,failed,0,0,,no_usable_pages,known,,,bpt6k678223j: no usable pages in manifest.,2026-07-17T20:34:17.146759
leconstitutionnel,bpt6k678224x,,failed,0,0,,no_usable_pages,known,,,bpt6k678224x: no usable pages in manifest.,2026-07-17T20:34:17.226096
leconstitutionnel,bpt6k6782259,,failed,0,0,,no_usable_pages,known,,,bpt6k6782259: no usable pages in manifest.,2026-07-17T20:34:17.327776
leconstitutionnel,bpt6k678226p,,failed,0,0,,no_usable_pages,known,,,bpt6k678226p: no usable pages in manifest.,2026-07-17T20:34:17.417030
leconstitutionnel,bpt6k6782272,,failed,0,0,,no_usable_pages,known,,,bpt6k6782272: no usable pages in manifest.,2026-07-17T20:34:17.490739
leconstitutionnel,bpt6k678228f,,failed,0,0,,no_usable_pages,known,,,bpt6k678228f: no usable pages in manifest.,2026-07-17T20:34:17.552126
leconstitutionnel,bpt6k678229t,,failed,0,0,,no_usable_pages,known,,,bpt6k678229t: no usable pages in manifest.,2026-07-17T20:34:17.652991
leconstitutionnel,bpt6k678230r,,failed,0,0,,no_usable_pages,known,,,bpt6k678230r: no usable pages in manifest.,2026-07-17T20:34:17.757751
leconstitutionnel,bpt6k6782314,,failed,0,0,,no_usable_pages,known,,,bpt6k6782314: no usable pages in manifest.,2026-07-17T20:34:17.868285
leconstitutionnel,bpt6k678232h,,failed,0,0,,no_usable_pages,known,,,bpt6k678232h: no usable pages in manifest.,2026-07-17T20:34:17.943608
leconstitutionnel,bpt6k678233w,,failed,0,0,,no_usable_pages,known,,,bpt6k678233w: no usable pages in manifest.,2026-07-17T20:34:18.033747
leconstitutionnel,bpt6k6782348,,failed,0,0,,no_usable_pages,known,,,bpt6k6782348: no usable pages in manifest.,2026-07-17T20:34:18.154529
leconstitutionnel,bpt6k678235n,,failed,0,0,,no_usable_pages,known,,,bpt6k678235n: no usable pages in manifest.,2026-07-17T20:34:18.220498
leconstitutionnel,bpt6k6782361,,failed,0,0,,no_usable_pages,known,,,bpt6k6782361: no usable pages in manifest.,2026-07-17T20:34:18.296206
leconstitutionnel,bpt6k678237d,,failed,0,0,,no_usable_pages,known,,,bpt6k678237d: no usable pages in manifest.,2026-07-17T20:34:18.484466
leconstitutionnel,bpt6k678238s,,failed,0,0,,no_usable_pages,known,,,bpt6k678238s: no usable pages in manifest.,2026-07-17T20:34:18.594074
leconstitutionnel,bpt6k6782395,,failed,0,0,,no_usable_pages,known,,,bpt6k6782395: no usable pages in manifest.,2026-07-17T20:34:18.704229
leconstitutionnel,bpt6k6782403,,failed,0,0,,no_usable_pages,known,,,bpt6k6782403: no usable pages in manifest.,2026-07-17T20:34:18.773293
leconstitutionnel,bpt6k678241g,,failed,0,0,,no_usable_pages,known,,,bpt6k678241g: no usable pages in manifest.,2026-07-17T20:34:18.910132
leconstitutionnel,bpt6k678242v,,failed,0,0,,no_usable_pages,known,,,bpt6k678242v: no usable pages in manifest.,2026-07-17T20:34:19.085674
leconstitutionnel,bpt6k6782437,,failed,0,0,,no_usable_pages,known,,,bpt6k6782437: no usable pages in manifest.,2026-07-17T20:34:19.239897
leconstitutionnel,bpt6k678244m,,failed,0,0,,no_usable_pages,known,,,bpt6k678244m: no usable pages in manifest.,2026-07-17T20:34:19.324917
leconstitutionnel,bpt6k6782450,,failed,0,0,,no_usable_pages,known,,,bpt6k6782450: no usable pages in manifest.,2026-07-17T20:34:19.437096
leconstitutionnel,bpt6k678246c,,failed,0,0,,no_usable_pages,known,,,bpt6k678246c: no usable pages in manifest.,2026-07-17T20:34:19.541945
leconstitutionnel,bpt6k678247r,,failed,0,0,,no_usable_pages,known,,,bpt6k678247r: no usable pages in manifest.,2026-07-17T20:34:19.676841
leconstitutionnel,bpt6k6782484,,failed,0,0,,no_usable_pages,known,,,bpt6k6782484: no usable pages in manifest.,2026-07-17T20:34:19.798648
leconstitutionnel,bpt6k678249h,,failed,0,0,,no_usable_pages,known,,,bpt6k678249h: no usable pages in manifest.,2026-07-17T20:34:19.898683
leconstitutionnel,bpt6k678250f,,failed,0,0,,no_usable_pages,known,,,bpt6k678250f: no usable pages in manifest.,2026-07-17T20:34:19.991343
leconstitutionnel,bpt6k678251t,,failed,0,0,,no_usable_pages,known,,,bpt6k678251t: no usable pages in manifest.,2026-07-17T20:34:20.055927
leconstitutionnel,bpt6k6782526,,failed,0,0,,no_usable_pages,known,,,bpt6k6782526: no usable pages in manifest.,2026-07-17T20:34:20.211397
leconstitutionnel,bpt6k678253k,,failed,0,0,,no_usable_pages,known,,,bpt6k678253k: no usable pages in manifest.,2026-07-17T20:34:20.384826
leconstitutionnel,bpt6k678254z,,failed,0,0,,no_usable_pages,known,,,bpt6k678254z: no usable pages in manifest.,2026-07-17T20:34:20.473206
leconstitutionnel,bpt6k678255b,,failed,0,0,,no_usable_pages,known,,,bpt6k678255b: no usable pages in manifest.,2026-07-17T20:34:20.583710
leconstitutionnel,bpt6k678256q,,failed,0,0,,no_usable_pages,known,,,bpt6k678256q: no usable pages in manifest.,2026-07-17T20:34:20.675697
leconstitutionnel,bpt6k6782573,,failed,0,0,,no_usable_pages,known,,,bpt6k6782573: no usable pages in manifest.,2026-07-17T20:34:20.756544
leconstitutionnel,bpt6k678258g,,failed,0,0,,no_usable_pages,known,,,bpt6k678258g: no usable pages in manifest.,2026-07-17T20:34:20.830749
leconstitutionnel,bpt6k678259v,,failed,0,0,,no_usable_pages,known,,,bpt6k678259v: no usable pages in manifest.,2026-07-17T20:34:20.918971
leconstitutionnel,bpt6k678260s,,failed,0,0,,no_usable_pages,known,,,bpt6k678260s: no usable pages in manifest.,2026-07-17T20:34:21.028733
leconstitutionnel,bpt6k6782615,,failed,0,0,,no_usable_pages,known,,,bpt6k6782615: no usable pages in manifest.,2026-07-17T20:34:21.120357
leconstitutionnel,bpt6k678262j,,failed,0,0,,no_usable_pages,known,,,bpt6k678262j: no usable pages in manifest.,2026-07-17T20:34:21.183049
leconstitutionnel,bpt6k678263x,,failed,0,0,,no_usable_pages,known,,,bpt6k678263x: no usable pages in manifest.,2026-07-17T20:34:21.253021
leconstitutionnel,bpt6k6782649,,failed,0,0,,no_usable_pages,known,,,bpt6k6782649: no usable pages in manifest.,2026-07-17T20:34:21.323367
leconstitutionnel,bpt6k678265p,,failed,0,0,,no_usable_pages,known,,,bpt6k678265p: no usable pages in manifest.,2026-07-17T20:34:21.395471
leconstitutionnel,bpt6k6782662,,failed,0,0,,no_usable_pages,known,,,bpt6k6782662: no usable pages in manifest.,2026-07-17T20:34:21.484617
leconstitutionnel,bpt6k678267f,,failed,0,0,,no_usable_pages,known,,,bpt6k678267f: no usable pages in manifest.,2026-07-17T20:34:21.565765
leconstitutionnel,bpt6k678268t,,failed,0,0,,no_usable_pages,known,,,bpt6k678268t: no usable pages in manifest.,2026-07-17T20:34:21.634060
leconstitutionnel,bpt6k6782696,,failed,0,0,,no_usable_pages,known,,,bpt6k6782696: no usable pages in manifest.,2026-07-17T20:34:21.734857
leconstitutionnel,bpt6k6782704,,failed,0,0,,no_usable_pages,known,,,bpt6k6782704: no usable pages in manifest.,2026-07-17T20:34:21.819478
leconstitutionnel,bpt6k678271h,,failed,0,0,,no_usable_pages,known,,,bpt6k678271h: no usable pages in manifest.,2026-07-17T20:34:21.886193
leconstitutionnel,bpt6k678272w,,failed,0,0,,no_usable_pages,known,,,bpt6k678272w: no usable pages in manifest.,2026-07-17T20:34:21.973523
leconstitutionnel,bpt6k6782738,,failed,0,0,,no_usable_pages,known,,,bpt6k6782738: no usable pages in manifest.,2026-07-17T20:34:22.086178
leconstitutionnel,bpt6k678274n,,failed,0,0,,no_usable_pages,known,,,bpt6k678274n: no usable pages in manifest.,2026-07-17T20:34:22.177585
leconstitutionnel,bpt6k6782751,,failed,0,0,,no_usable_pages,known,,,bpt6k6782751: no usable pages in manifest.,2026-07-17T20:34:22.270041
leconstitutionnel,bpt6k678276d,,failed,0,0,,no_usable_pages,known,,,bpt6k678276d: no usable pages in manifest.,2026-07-17T20:34:22.347469
leconstitutionnel,bpt6k678277s,,failed,0,0,,no_usable_pages,known,,,bpt6k678277s: no usable pages in manifest.,2026-07-17T20:34:22.420386
leconstitutionnel,bpt6k6782785,,failed,0,0,,no_usable_pages,known,,,bpt6k6782785: no usable pages in manifest.,2026-07-17T20:34:22.521129
leconstitutionnel,bpt6k678279j,,failed,0,0,,no_usable_pages,known,,,bpt6k678279j: no usable pages in manifest.,2026-07-17T20:34:22.620049
leconstitutionnel,bpt6k678280g,,failed,0,0,,no_usable_pages,known,,,bpt6k678280g: no usable pages in manifest.,2026-07-17T20:34:22.689489
leconstitutionnel,bpt6k678281v,,failed,0,0,,no_usable_pages,known,,,bpt6k678281v: no usable pages in manifest.,2026-07-17T20:34:22.787796
leconstitutionnel,bpt6k6782827,,failed,0,0,,no_usable_pages,known,,,bpt6k6782827: no usable pages in manifest.,2026-07-17T20:34:22.851052
leconstitutionnel,bpt6k678283m,,failed,0,0,,no_usable_pages,known,,,bpt6k678283m: no usable pages in manifest.,2026-07-17T20:34:22.926017
leconstitutionnel,bpt6k6782840,,failed,0,0,,no_usable_pages,known,,,bpt6k6782840: no usable pages in manifest.,2026-07-17T20:34:22.993973
leconstitutionnel,bpt6k678285c,,failed,0,0,,no_usable_pages,known,,,bpt6k678285c: no usable pages in manifest.,2026-07-17T20:34:23.069291
leconstitutionnel,bpt6k678286r,,failed,0,0,,no_usable_pages,known,,,bpt6k678286r: no usable pages in manifest.,2026-07-17T20:34:23.133024
leconstitutionnel,bpt6k6782874,,failed,0,0,,no_usable_pages,known,,,bpt6k6782874: no usable pages in manifest.,2026-07-17T20:34:23.213684
leconstitutionnel,bpt6k678288h,,failed,0,0,,no_usable_pages,known,,,bpt6k678288h: no usable pages in manifest.,2026-07-17T20:34:23.309317
leconstitutionnel,bpt6k678289w,,failed,0,0,,no_usable_pages,known,,,bpt6k678289w: no usable pages in manifest.,2026-07-17T20:34:23.468940
leconstitutionnel,bpt6k678290t,,failed,0,0,,no_usable_pages,known,,,bpt6k678290t: no usable pages in manifest.,2026-07-17T20:34:23.570017
leconstitutionnel,bpt6k6782916,,failed,0,0,,no_usable_pages,known,,,bpt6k6782916: no usable pages in manifest.,2026-07-17T20:34:23.680614
leconstitutionnel,bpt6k678292k,,failed,0,0,,no_usable_pages,known,,,bpt6k678292k: no usable pages in manifest.,2026-07-17T20:34:23.741386
leconstitutionnel,bpt6k678293z,,failed,0,0,,no_usable_pages,known,,,bpt6k678293z: no usable pages in manifest.,2026-07-17T20:34:23.826219
leconstitutionnel,bpt6k678294b,,failed,0,0,,no_usable_pages,known,,,bpt6k678294b: no usable pages in manifest.,2026-07-17T20:34:23.905280
leconstitutionnel,bpt6k678295q,,failed,0,0,,no_usable_pages,known,,,bpt6k678295q: no usable pages in manifest.,2026-07-17T20:34:24.034283
leconstitutionnel,bpt6k6782963,,failed,0,0,,no_usable_pages,known,,,bpt6k6782963: no usable pages in manifest.,2026-07-17T20:34:24.143078
leconstitutionnel,bpt6k678297g,,failed,0,0,,no_usable_pages,known,,,bpt6k678297g: no usable pages in manifest.,2026-07-17T20:34:24.254474
leconstitutionnel,bpt6k678298v,,failed,0,0,,no_usable_pages,known,,,bpt6k678298v: no usable pages in manifest.,2026-07-17T20:34:24.338497
leconstitutionnel,bpt6k6782997,,failed,0,0,,no_usable_pages,known,,,bpt6k6782997: no usable pages in manifest.,2026-07-17T20:34:24.440778
leconstitutionnel,bpt6k6783001,,failed,0,0,,no_usable_pages,known,,,bpt6k6783001: no usable pages in manifest.,2026-07-17T20:34:24.547271
leconstitutionnel,bpt6k678301d,,failed,0,0,,no_usable_pages,known,,,bpt6k678301d: no usable pages in manifest.,2026-07-17T20:34:24.688691
leconstitutionnel,bpt6k678302s,,failed,0,0,,no_usable_pages,known,,,bpt6k678302s: no usable pages in manifest.,2026-07-17T20:34:24.764227
leconstitutionnel,bpt6k6783035,,failed,0,0,,no_usable_pages,known,,,bpt6k6783035: no usable pages in manifest.,2026-07-17T20:34:24.902975
leconstitutionnel,bpt6k678304j,,failed,0,0,,no_usable_pages,known,,,bpt6k678304j: no usable pages in manifest.,2026-07-17T20:34:25.139428
leconstitutionnel,bpt6k678305x,,failed,0,0,,no_usable_pages,known,,,bpt6k678305x: no usable pages in manifest.,2026-07-17T20:34:25.285565
leconstitutionnel,bpt6k6783069,,failed,0,0,,no_usable_pages,known,,,bpt6k6783069: no usable pages in manifest.,2026-07-17T20:34:25.379198
leconstitutionnel,bpt6k678307p,,failed,0,0,,no_usable_pages,known,,,bpt6k678307p: no usable pages in manifest.,2026-07-17T20:34:25.449130
leconstitutionnel,bpt6k6783082,,failed,0,0,,no_usable_pages,known,,,bpt6k6783082: no usable pages in manifest.,2026-07-17T20:34:25.523315
leconstitutionnel,bpt6k678309f,,failed,0,0,,no_usable_pages,known,,,bpt6k678309f: no usable pages in manifest.,2026-07-17T20:34:25.642390
leconstitutionnel,bpt6k678310c,,failed,0,0,,no_usable_pages,known,,,bpt6k678310c: no usable pages in manifest.,2026-07-17T20:34:25.735533
leconstitutionnel,bpt6k678311r,,failed,0,0,,no_usable_pages,known,,,bpt6k678311r: no usable pages in manifest.,2026-07-17T20:34:25.814629
leconstitutionnel,bpt6k6783124,,failed,0,0,,no_usable_pages,known,,,bpt6k6783124: no usable pages in manifest.,2026-07-17T20:34:25.888208
leconstitutionnel,bpt6k678313h,,failed,0,0,,no_usable_pages,known,,,bpt6k678313h: no usable pages in manifest.,2026-07-17T20:34:25.973564
leconstitutionnel,bpt6k678314w,,failed,0,0,,no_usable_pages,known,,,bpt6k678314w: no usable pages in manifest.,2026-07-17T20:34:26.077127
leconstitutionnel,bpt6k6783158,,failed,0,0,,no_usable_pages,known,,,bpt6k6783158: no usable pages in manifest.,2026-07-17T20:34:26.162506
leconstitutionnel,bpt6k678316n,,failed,0,0,,no_usable_pages,known,,,bpt6k678316n: no usable pages in manifest.,2026-07-17T20:34:26.268440
leconstitutionnel,bpt6k6783171,,failed,0,0,,no_usable_pages,known,,,bpt6k6783171: no usable pages in manifest.,2026-07-17T20:34:26.345572
leconstitutionnel,bpt6k678318d,,failed,0,0,,no_usable_pages,known,,,bpt6k678318d: no usable pages in manifest.,2026-07-17T20:34:26.419806
leconstitutionnel,bpt6k678319s,,failed,0,0,,no_usable_pages,known,,,bpt6k678319s: no usable pages in manifest.,2026-07-17T20:34:26.487425
leconstitutionnel,bpt6k678320q,,failed,0,0,,no_usable_pages,known,,,bpt6k678320q: no usable pages in manifest.,2026-07-17T20:34:26.581617
leconstitutionnel,bpt6k6783213,,failed,0,0,,no_usable_pages,known,,,bpt6k6783213: no usable pages in manifest.,2026-07-17T20:34:26.691636
leconstitutionnel,bpt6k678322g,,failed,0,0,,no_usable_pages,known,,,bpt6k678322g: no usable pages in manifest.,2026-07-17T20:34:26.832122
leconstitutionnel,bpt6k678323v,,failed,0,0,,no_usable_pages,known,,,bpt6k678323v: no usable pages in manifest.,2026-07-17T20:34:26.931430
leconstitutionnel,bpt6k6783247,,failed,0,0,,no_usable_pages,known,,,bpt6k6783247: no usable pages in manifest.,2026-07-17T20:34:27.006498
leconstitutionnel,bpt6k678325m,,failed,0,0,,no_usable_pages,known,,,bpt6k678325m: no usable pages in manifest.,2026-07-17T20:34:27.088328
leconstitutionnel,bpt6k6783260,,failed,0,0,,no_usable_pages,known,,,bpt6k6783260: no usable pages in manifest.,2026-07-17T20:34:27.174347
leconstitutionnel,bpt6k678327c,,failed,0,0,,no_usable_pages,known,,,bpt6k678327c: no usable pages in manifest.,2026-07-17T20:34:27.296127
leconstitutionnel,bpt6k678328r,,failed,0,0,,no_usable_pages,known,,,bpt6k678328r: no usable pages in manifest.,2026-07-17T20:34:27.378814
leconstitutionnel,bpt6k6783294,,failed,0,0,,no_usable_pages,known,,,bpt6k6783294: no usable pages in manifest.,2026-07-17T20:34:27.438748
leconstitutionnel,bpt6k6783302,,failed,0,0,,no_usable_pages,known,,,bpt6k6783302: no usable pages in manifest.,2026-07-17T20:34:27.498308
leconstitutionnel,bpt6k678331f,,failed,0,0,,no_usable_pages,known,,,bpt6k678331f: no usable pages in manifest.,2026-07-17T20:34:27.580740
leconstitutionnel,bpt6k678332t,,failed,0,0,,no_usable_pages,known,,,bpt6k678332t: no usable pages in manifest.,2026-07-17T20:34:27.671636
leconstitutionnel,bpt6k6783336,,failed,0,0,,no_usable_pages,known,,,bpt6k6783336: no usable pages in manifest.,2026-07-17T20:34:27.748214
leconstitutionnel,bpt6k678334k,,failed,0,0,,no_usable_pages,known,,,bpt6k678334k: no usable pages in manifest.,2026-07-17T20:34:27.896787
leconstitutionnel,bpt6k678335z,,failed,0,0,,no_usable_pages,known,,,bpt6k678335z: no usable pages in manifest.,2026-07-17T20:34:27.975182
leconstitutionnel,bpt6k678336b,,failed,0,0,,no_usable_pages,known,,,bpt6k678336b: no usable pages in manifest.,2026-07-17T20:34:28.046727
leconstitutionnel,bpt6k678337q,,failed,0,0,,no_usable_pages,known,,,bpt6k678337q: no usable pages in manifest.,2026-07-17T20:34:28.110579
leconstitutionnel,bpt6k6783383,,failed,0,0,,no_usable_pages,known,,,bpt6k6783383: no usable pages in manifest.,2026-07-17T20:34:28.189010
leconstitutionnel,bpt6k678339g,,failed,0,0,,no_usable_pages,known,,,bpt6k678339g: no usable pages in manifest.,2026-07-17T20:34:28.328963
leconstitutionnel,bpt6k678340d,,failed,0,0,,no_usable_pages,known,,,bpt6k678340d: no usable pages in manifest.,2026-07-17T20:34:28.437072
leconstitutionnel,bpt6k678341s,,failed,0,0,,no_usable_pages,known,,,bpt6k678341s: no usable pages in manifest.,2026-07-17T20:34:28.550696
leconstitutionnel,bpt6k6783425,,failed,0,0,,no_usable_pages,known,,,bpt6k6783425: no usable pages in manifest.,2026-07-17T20:34:28.694264
leconstitutionnel,bpt6k678343j,,failed,0,0,,no_usable_pages,known,,,bpt6k678343j: no usable pages in manifest.,2026-07-17T20:34:28.784435
leconstitutionnel,bpt6k678344x,,failed,0,0,,no_usable_pages,known,,,bpt6k678344x: no usable pages in manifest.,2026-07-17T20:34:28.911628
leconstitutionnel,bpt6k6783459,,failed,0,0,,no_usable_pages,known,,,bpt6k6783459: no usable pages in manifest.,2026-07-17T20:34:28.990104
leconstitutionnel,bpt6k678346p,,failed,0,0,,no_usable_pages,known,,,bpt6k678346p: no usable pages in manifest.,2026-07-17T20:34:29.067099
leconstitutionnel,bpt6k6783472,,failed,0,0,,no_usable_pages,known,,,bpt6k6783472: no usable pages in manifest.,2026-07-17T20:34:29.142418
leconstitutionnel,bpt6k678348f,,failed,0,0,,no_usable_pages,known,,,bpt6k678348f: no usable pages in manifest.,2026-07-17T20:34:29.222211
leconstitutionnel,bpt6k678349t,,failed,0,0,,no_usable_pages,known,,,bpt6k678349t: no usable pages in manifest.,2026-07-17T20:34:29.301927
leconstitutionnel,bpt6k678350r,,failed,0,0,,no_usable_pages,known,,,bpt6k678350r: no usable pages in manifest.,2026-07-17T20:34:29.376215
leconstitutionnel,bpt6k6783514,,failed,0,0,,no_usable_pages,known,,,bpt6k6783514: no usable pages in manifest.,2026-07-17T20:34:29.479389
leconstitutionnel,bpt6k678352h,,failed,0,0,,no_usable_pages,known,,,bpt6k678352h: no usable pages in manifest.,2026-07-17T20:34:29.550055
leconstitutionnel,bpt6k678353w,,failed,0,0,,no_usable_pages,known,,,bpt6k678353w: no usable pages in manifest.,2026-07-17T20:34:29.639304
leconstitutionnel,bpt6k6783548,,failed,0,0,,no_usable_pages,known,,,bpt6k6783548: no usable pages in manifest.,2026-07-17T20:34:29.728467
leconstitutionnel,bpt6k678355n,,failed,0,0,,no_usable_pages,known,,,bpt6k678355n: no usable pages in manifest.,2026-07-17T20:34:29.830976
leconstitutionnel,bpt6k6783561,,failed,0,0,,no_usable_pages,known,,,bpt6k6783561: no usable pages in manifest.,2026-07-17T20:34:30.030212
leconstitutionnel,bpt6k678357d,,failed,0,0,,no_usable_pages,known,,,bpt6k678357d: no usable pages in manifest.,2026-07-17T20:34:30.106701
leconstitutionnel,bpt6k678358s,,failed,0,0,,no_usable_pages,known,,,bpt6k678358s: no usable pages in manifest.,2026-07-17T20:34:30.190200
leconstitutionnel,bpt6k6783595,,failed,0,0,,no_usable_pages,known,,,bpt6k6783595: no usable pages in manifest.,2026-07-17T20:34:30.284489
leconstitutionnel,bpt6k6783603,,failed,0,0,,no_usable_pages,known,,,bpt6k6783603: no usable pages in manifest.,2026-07-17T20:34:30.358828
leconstitutionnel,bpt6k678361g,,failed,0,0,,no_usable_pages,known,,,bpt6k678361g: no usable pages in manifest.,2026-07-17T20:34:30.438346
leconstitutionnel,bpt6k678362v,,failed,0,0,,no_usable_pages,known,,,bpt6k678362v: no usable pages in manifest.,2026-07-17T20:34:30.535799
leconstitutionnel,bpt6k6783637,,failed,0,0,,no_usable_pages,known,,,bpt6k6783637: no usable pages in manifest.,2026-07-17T20:34:30.605986
leconstitutionnel,bpt6k678364m,,failed,0,0,,no_usable_pages,known,,,bpt6k678364m: no usable pages in manifest.,2026-07-17T20:34:30.689747
leconstitutionnel,bpt6k6783650,,failed,0,0,,no_usable_pages,known,,,bpt6k6783650: no usable pages in manifest.,2026-07-17T20:34:30.765820
leconstitutionnel,bpt6k678366c,,failed,0,0,,no_usable_pages,known,,,bpt6k678366c: no usable pages in manifest.,2026-07-17T20:34:30.843313
leconstitutionnel,bpt6k678367r,,failed,0,0,,no_usable_pages,known,,,bpt6k678367r: no usable pages in manifest.,2026-07-17T20:34:30.954279
leconstitutionnel,bpt6k6783684,,failed,0,0,,no_usable_pages,known,,,bpt6k6783684: no usable pages in manifest.,2026-07-17T20:34:31.022165
leconstitutionnel,bpt6k678369h,,failed,0,0,,no_usable_pages,known,,,bpt6k678369h: no usable pages in manifest.,2026-07-17T20:34:31.077144
leconstitutionnel,bpt6k678370f,,failed,0,0,,no_usable_pages,known,,,bpt6k678370f: no usable pages in manifest.,2026-07-17T20:34:31.176328
leconstitutionnel,bpt6k678371t,,failed,0,0,,no_usable_pages,known,,,bpt6k678371t: no usable pages in manifest.,2026-07-17T20:34:31.275847
leconstitutionnel,bpt6k6783726,,failed,0,0,,no_usable_pages,known,,,bpt6k6783726: no usable pages in manifest.,2026-07-17T20:34:31.365695
leconstitutionnel,bpt6k678373k,,failed,0,0,,no_usable_pages,known,,,bpt6k678373k: no usable pages in manifest.,2026-07-17T20:34:31.456884
leconstitutionnel,bpt6k678374z,,failed,0,0,,no_usable_pages,known,,,bpt6k678374z: no usable pages in manifest.,2026-07-17T20:34:31.599306
leconstitutionnel,bpt6k678375b,,failed,0,0,,no_usable_pages,known,,,bpt6k678375b: no usable pages in manifest.,2026-07-17T20:34:31.680134
leconstitutionnel,bpt6k678376q,,failed,0,0,,no_usable_pages,known,,,bpt6k678376q: no usable pages in manifest.,2026-07-17T20:34:31.755417
leconstitutionnel,bpt6k6783773,,failed,0,0,,no_usable_pages,known,,,bpt6k6783773: no usable pages in manifest.,2026-07-17T20:34:31.837429
leconstitutionnel,bpt6k678378g,,failed,0,0,,no_usable_pages,known,,,bpt6k678378g: no usable pages in manifest.,2026-07-17T20:34:31.912923
leconstitutionnel,bpt6k678379v,,failed,0,0,,no_usable_pages,known,,,bpt6k678379v: no usable pages in manifest.,2026-07-17T20:34:32.030146
leconstitutionnel,bpt6k678380s,,failed,0,0,,no_usable_pages,known,,,bpt6k678380s: no usable pages in manifest.,2026-07-17T20:34:32.100279
leconstitutionnel,bpt6k6783815,,failed,0,0,,no_usable_pages,known,,,bpt6k6783815: no usable pages in manifest.,2026-07-17T20:34:32.167100
leconstitutionnel,bpt6k678382j,,failed,0,0,,no_usable_pages,known,,,bpt6k678382j: no usable pages in manifest.,2026-07-17T20:34:32.250076
leconstitutionnel,bpt6k678383x,,failed,0,0,,no_usable_pages,known,,,bpt6k678383x: no usable pages in manifest.,2026-07-17T20:34:32.323046
leconstitutionnel,bpt6k6783849,,failed,0,0,,no_usable_pages,known,,,bpt6k6783849: no usable pages in manifest.,2026-07-17T20:34:32.408537
leconstitutionnel,bpt6k678385p,,failed,0,0,,no_usable_pages,known,,,bpt6k678385p: no usable pages in manifest.,2026-07-17T20:34:32.503635
leconstitutionnel,bpt6k6783862,,failed,0,0,,no_usable_pages,known,,,bpt6k6783862: no usable pages in manifest.,2026-07-17T20:34:32.621578
leconstitutionnel,bpt6k678387f,,failed,0,0,,no_usable_pages,known,,,bpt6k678387f: no usable pages in manifest.,2026-07-17T20:34:32.702873
leconstitutionnel,bpt6k678388t,,failed,0,0,,no_usable_pages,known,,,bpt6k678388t: no usable pages in manifest.,2026-07-17T20:34:32.809712
leconstitutionnel,bpt6k6783896,,failed,0,0,,no_usable_pages,known,,,bpt6k6783896: no usable pages in manifest.,2026-07-17T20:34:32.891956
leconstitutionnel,bpt6k6783904,,failed,0,0,,no_usable_pages,known,,,bpt6k6783904: no usable pages in manifest.,2026-07-17T20:34:32.987489
leconstitutionnel,bpt6k678391h,,failed,0,0,,no_usable_pages,known,,,bpt6k678391h: no usable pages in manifest.,2026-07-17T20:34:33.088580
leconstitutionnel,bpt6k678392w,,failed,0,0,,no_usable_pages,known,,,bpt6k678392w: no usable pages in manifest.,2026-07-17T20:34:33.154991
leconstitutionnel,bpt6k6783938,,failed,0,0,,no_usable_pages,known,,,bpt6k6783938: no usable pages in manifest.,2026-07-17T20:34:33.235483
leconstitutionnel,bpt6k678394n,,failed,0,0,,no_usable_pages,known,,,bpt6k678394n: no usable pages in manifest.,2026-07-17T20:34:33.307575
leconstitutionnel,bpt6k6783951,,failed,0,0,,no_usable_pages,known,,,bpt6k6783951: no usable pages in manifest.,2026-07-17T20:34:33.387176
leconstitutionnel,bpt6k678396d,,failed,0,0,,no_usable_pages,known,,,bpt6k678396d: no usable pages in manifest.,2026-07-17T20:34:33.457661
leconstitutionnel,bpt6k678397s,,failed,0,0,,no_usable_pages,known,,,bpt6k678397s: no usable pages in manifest.,2026-07-17T20:34:33.532006
leconstitutionnel,bpt6k6783985,,failed,0,0,,no_usable_pages,known,,,bpt6k6783985: no usable pages in manifest.,2026-07-17T20:34:33.631111
leconstitutionnel,bpt6k678399j,,failed,0,0,,no_usable_pages,known,,,bpt6k678399j: no usable pages in manifest.,2026-07-17T20:34:33.737702
leconstitutionnel,bpt6k678400b,,failed,0,0,,no_usable_pages,known,,,bpt6k678400b: no usable pages in manifest.,2026-07-17T20:34:33.837867
leconstitutionnel,bpt6k678401q,,failed,0,0,,no_usable_pages,known,,,bpt6k678401q: no usable pages in manifest.,2026-07-17T20:34:33.945133
leconstitutionnel,bpt6k6784023,,failed,0,0,,no_usable_pages,known,,,bpt6k6784023: no usable pages in manifest.,2026-07-17T20:34:34.019912
leconstitutionnel,bpt6k678403g,,failed,0,0,,no_usable_pages,known,,,bpt6k678403g: no usable pages in manifest.,2026-07-17T20:34:34.138152
leconstitutionnel,bpt6k678404v,,failed,0,0,,no_usable_pages,known,,,bpt6k678404v: no usable pages in manifest.,2026-07-17T20:34:34.260717
leconstitutionnel,bpt6k6784057,,failed,0,0,,no_usable_pages,known,,,bpt6k6784057: no usable pages in manifest.,2026-07-17T20:34:34.429582
leconstitutionnel,bpt6k678406m,,failed,0,0,,no_usable_pages,known,,,bpt6k678406m: no usable pages in manifest.,2026-07-17T20:34:34.514540
leconstitutionnel,bpt6k6786669,,failed,0,0,,no_usable_pages,known,,,bpt6k6786669: no usable pages in manifest.,2026-07-17T20:34:34.605206
leconstitutionnel,bpt6k6787801,,failed,0,0,,no_usable_pages,known,,,bpt6k6787801: no usable pages in manifest.,2026-07-17T20:34:34.696950
leconstitutionnel,bpt6k678781d,,failed,0,0,,no_usable_pages,known,,,bpt6k678781d: no usable pages in manifest.,2026-07-17T20:34:34.779171
leconstitutionnel,bpt6k678782s,,failed,0,0,,no_usable_pages,known,,,bpt6k678782s: no usable pages in manifest.,2026-07-17T20:34:34.844646
leconstitutionnel,bpt6k6787835,,failed,0,0,,no_usable_pages,known,,,bpt6k6787835: no usable pages in manifest.,2026-07-17T20:34:34.925391
leconstitutionnel,bpt6k678784j,,failed,0,0,,no_usable_pages,known,,,bpt6k678784j: no usable pages in manifest.,2026-07-17T20:34:35.011332
leconstitutionnel,bpt6k678785x,,failed,0,0,,no_usable_pages,known,,,bpt6k678785x: no usable pages in manifest.,2026-07-17T20:34:35.103454
leconstitutionnel,bpt6k6787869,,failed,0,0,,no_usable_pages,known,,,bpt6k6787869: no usable pages in manifest.,2026-07-17T20:34:35.212777
leconstitutionnel,bpt6k678787p,,failed,0,0,,no_usable_pages,known,,,bpt6k678787p: no usable pages in manifest.,2026-07-17T20:34:35.280664
leconstitutionnel,bpt6k6787882,,failed,0,0,,no_usable_pages,known,,,bpt6k6787882: no usable pages in manifest.,2026-07-17T20:34:35.360736
leconstitutionnel,bpt6k678789f,,failed,0,0,,no_usable_pages,known,,,bpt6k678789f: no usable pages in manifest.,2026-07-17T20:34:35.432060
leconstitutionnel,bpt6k678790c,,failed,0,0,,no_usable_pages,known,,,bpt6k678790c: no usable pages in manifest.,2026-07-17T20:34:35.520184
leconstitutionnel,bpt6k678791r,,failed,0,0,,no_usable_pages,known,,,bpt6k678791r: no usable pages in manifest.,2026-07-17T20:34:35.599115
leconstitutionnel,bpt6k6787924,,failed,0,0,,no_usable_pages,known,,,bpt6k6787924: no usable pages in manifest.,2026-07-17T20:34:35.678869
leconstitutionnel,bpt6k678793h,,failed,0,0,,no_usable_pages,known,,,bpt6k678793h: no usable pages in manifest.,2026-07-17T20:34:35.977242
leconstitutionnel,bpt6k678794w,,failed,0,0,,no_usable_pages,known,,,bpt6k678794w: no usable pages in manifest.,2026-07-17T20:34:36.098464
leconstitutionnel,bpt6k6787958,,failed,0,0,,no_usable_pages,known,,,bpt6k6787958: no usable pages in manifest.,2026-07-17T20:34:36.242703
leconstitutionnel,bpt6k678796n,,failed,0,0,,no_usable_pages,known,,,bpt6k678796n: no usable pages in manifest.,2026-07-17T20:34:36.335910
leconstitutionnel,bpt6k6787971,,failed,0,0,,no_usable_pages,known,,,bpt6k6787971: no usable pages in manifest.,2026-07-17T20:34:36.408421
leconstitutionnel,bpt6k678798d,,failed,0,0,,no_usable_pages,known,,,bpt6k678798d: no usable pages in manifest.,2026-07-17T20:34:36.486937
leconstitutionnel,bpt6k678799s,,failed,0,0,,no_usable_pages,known,,,bpt6k678799s: no usable pages in manifest.,2026-07-17T20:34:36.569478
leconstitutionnel,bpt6k678800k,,failed,0,0,,no_usable_pages,known,,,bpt6k678800k: no usable pages in manifest.,2026-07-17T20:34:36.660429
leconstitutionnel,bpt6k678801z,,failed,0,0,,no_usable_pages,known,,,bpt6k678801z: no usable pages in manifest.,2026-07-17T20:34:36.728707
leconstitutionnel,bpt6k678802b,,failed,0,0,,no_usable_pages,known,,,bpt6k678802b: no usable pages in manifest.,2026-07-17T20:34:36.804266
leconstitutionnel,bpt6k678803q,,failed,0,0,,no_usable_pages,known,,,bpt6k678803q: no usable pages in manifest.,2026-07-17T20:34:36.887355
leconstitutionnel,bpt6k6788043,,failed,0,0,,no_usable_pages,known,,,bpt6k6788043: no usable pages in manifest.,2026-07-17T20:34:36.959394
leconstitutionnel,bpt6k678805g,,failed,0,0,,no_usable_pages,known,,,bpt6k678805g: no usable pages in manifest.,2026-07-17T20:34:37.033600
leconstitutionnel,bpt6k678806v,,failed,0,0,,no_usable_pages,known,,,bpt6k678806v: no usable pages in manifest.,2026-07-17T20:34:37.101949
leconstitutionnel,bpt6k6788077,,failed,0,0,,no_usable_pages,known,,,bpt6k6788077: no usable pages in manifest.,2026-07-17T20:34:37.184138
leconstitutionnel,bpt6k678808m,,failed,0,0,,no_usable_pages,known,,,bpt6k678808m: no usable pages in manifest.,2026-07-17T20:34:37.276606
leconstitutionnel,bpt6k6788090,,failed,0,0,,no_usable_pages,known,,,bpt6k6788090: no usable pages in manifest.,2026-07-17T20:34:37.344345
leconstitutionnel,bpt6k678810x,,failed,0,0,,no_usable_pages,known,,,bpt6k678810x: no usable pages in manifest.,2026-07-17T20:34:37.586913
leconstitutionnel,bpt6k6788119,,failed,0,0,,no_usable_pages,known,,,bpt6k6788119: no usable pages in manifest.,2026-07-17T20:34:37.695757
leconstitutionnel,bpt6k678812p,,failed,0,0,,no_usable_pages,known,,,bpt6k678812p: no usable pages in manifest.,2026-07-17T20:34:37.773469
leconstitutionnel,bpt6k6788132,,failed,0,0,,no_usable_pages,known,,,bpt6k6788132: no usable pages in manifest.,2026-07-17T20:34:37.852115
leconstitutionnel,bpt6k678814f,,failed,0,0,,no_usable_pages,known,,,bpt6k678814f: no usable pages in manifest.,2026-07-17T20:34:37.961481
leconstitutionnel,bpt6k678815t,,failed,0,0,,no_usable_pages,known,,,bpt6k678815t: no usable pages in manifest.,2026-07-17T20:34:38.040463
leconstitutionnel,bpt6k6788166,,failed,0,0,,no_usable_pages,known,,,bpt6k6788166: no usable pages in manifest.,2026-07-17T20:34:38.115039
leconstitutionnel,bpt6k678817k,,failed,0,0,,no_usable_pages,known,,,bpt6k678817k: no usable pages in manifest.,2026-07-17T20:34:38.196293
leconstitutionnel,bpt6k678818z,,failed,0,0,,no_usable_pages,known,,,bpt6k678818z: no usable pages in manifest.,2026-07-17T20:34:38.308562
leconstitutionnel,bpt6k678819b,,failed,0,0,,no_usable_pages,known,,,bpt6k678819b: no usable pages in manifest.,2026-07-17T20:34:38.392910
leconstitutionnel,bpt6k6788208,,failed,0,0,,no_usable_pages,known,,,bpt6k6788208: no usable pages in manifest.,2026-07-17T20:34:38.488402
leconstitutionnel,bpt6k678821n,,failed,0,0,,no_usable_pages,known,,,bpt6k678821n: no usable pages in manifest.,2026-07-17T20:34:38.557919
leconstitutionnel,bpt6k6788221,,failed,0,0,,no_usable_pages,known,,,bpt6k6788221: no usable pages in manifest.,2026-07-17T20:34:38.654959
leconstitutionnel,bpt6k678823d,,failed,0,0,,no_usable_pages,known,,,bpt6k678823d: no usable pages in manifest.,2026-07-17T20:34:38.721269
leconstitutionnel,bpt6k678824s,,failed,0,0,,no_usable_pages,known,,,bpt6k678824s: no usable pages in manifest.,2026-07-17T20:34:38.800066
leconstitutionnel,bpt6k6788255,,failed,0,0,,no_usable_pages,known,,,bpt6k6788255: no usable pages in manifest.,2026-07-17T20:34:38.885651
leconstitutionnel,bpt6k678826j,,failed,0,0,,no_usable_pages,known,,,bpt6k678826j: no usable pages in manifest.,2026-07-17T20:34:38.980754
leconstitutionnel,bpt6k678827x,,failed,0,0,,no_usable_pages,known,,,bpt6k678827x: no usable pages in manifest.,2026-07-17T20:34:39.099302
leconstitutionnel,bpt6k6788289,,failed,0,0,,no_usable_pages,known,,,bpt6k6788289: no usable pages in manifest.,2026-07-17T20:34:39.173008
leconstitutionnel,bpt6k678829p,,failed,0,0,,no_usable_pages,known,,,bpt6k678829p: no usable pages in manifest.,2026-07-17T20:34:39.292185
leconstitutionnel,bpt6k678830m,,failed,0,0,,no_usable_pages,known,,,bpt6k678830m: no usable pages in manifest.,2026-07-17T20:34:39.416821
leconstitutionnel,bpt6k6788310,,failed,0,0,,no_usable_pages,known,,,bpt6k6788310: no usable pages in manifest.,2026-07-17T20:34:39.484057
leconstitutionnel,bpt6k678832c,,failed,0,0,,no_usable_pages,known,,,bpt6k678832c: no usable pages in manifest.,2026-07-17T20:34:39.570952
leconstitutionnel,bpt6k678833r,,failed,0,0,,no_usable_pages,known,,,bpt6k678833r: no usable pages in manifest.,2026-07-17T20:34:39.665742
leconstitutionnel,bpt6k6788344,,failed,0,0,,no_usable_pages,known,,,bpt6k6788344: no usable pages in manifest.,2026-07-17T20:34:39.748246
leconstitutionnel,bpt6k678835h,,failed,0,0,,no_usable_pages,known,,,bpt6k678835h: no usable pages in manifest.,2026-07-17T20:34:39.833018
leconstitutionnel,bpt6k678836w,,failed,0,0,,no_usable_pages,known,,,bpt6k678836w: no usable pages in manifest.,2026-07-17T20:34:39.906927
leconstitutionnel,bpt6k6788378,,failed,0,0,,no_usable_pages,known,,,bpt6k6788378: no usable pages in manifest.,2026-07-17T20:34:39.999315
leconstitutionnel,bpt6k678838n,,failed,0,0,,no_usable_pages,known,,,bpt6k678838n: no usable pages in manifest.,2026-07-17T20:34:40.085653
leconstitutionnel,bpt6k6788391,,failed,0,0,,no_usable_pages,known,,,bpt6k6788391: no usable pages in manifest.,2026-07-17T20:34:40.169950
leconstitutionnel,bpt6k678840z,,failed,0,0,,no_usable_pages,known,,,bpt6k678840z: no usable pages in manifest.,2026-07-17T20:34:40.271949
leconstitutionnel,bpt6k678841b,,failed,0,0,,no_usable_pages,known,,,bpt6k678841b: no usable pages in manifest.,2026-07-17T20:34:40.341507
leconstitutionnel,bpt6k678842q,,failed,0,0,,no_usable_pages,known,,,bpt6k678842q: no usable pages in manifest.,2026-07-17T20:34:40.500149
leconstitutionnel,bpt6k678889r,,failed,0,0,,no_usable_pages,known,,,bpt6k678889r: no usable pages in manifest.,2026-07-17T20:34:40.630182
leconstitutionnel,bpt6k678890p,,failed,0,0,,no_usable_pages,known,,,bpt6k678890p: no usable pages in manifest.,2026-07-17T20:34:40.705157
leconstitutionnel,bpt6k6788912,,failed,0,0,,no_usable_pages,known,,,bpt6k6788912: no usable pages in manifest.,2026-07-17T20:34:40.777908
leconstitutionnel,bpt6k678892f,,failed,0,0,,no_usable_pages,known,,,bpt6k678892f: no usable pages in manifest.,2026-07-17T20:34:40.858935
leconstitutionnel,bpt6k678893t,,failed,0,0,,no_usable_pages,known,,,bpt6k678893t: no usable pages in manifest.,2026-07-17T20:34:40.920536
leconstitutionnel,bpt6k6788946,,failed,0,0,,no_usable_pages,known,,,bpt6k6788946: no usable pages in manifest.,2026-07-17T20:34:41.033931
leconstitutionnel,bpt6k678895k,,failed,0,0,,no_usable_pages,known,,,bpt6k678895k: no usable pages in manifest.,2026-07-17T20:34:41.121003
leconstitutionnel,bpt6k678896z,,failed,0,0,,no_usable_pages,known,,,bpt6k678896z: no usable pages in manifest.,2026-07-17T20:34:41.183135
leconstitutionnel,bpt6k678897b,,failed,0,0,,no_usable_pages,known,,,bpt6k678897b: no usable pages in manifest.,2026-07-17T20:34:41.255263
leconstitutionnel,bpt6k678898q,,failed,0,0,,no_usable_pages,known,,,bpt6k678898q: no usable pages in manifest.,2026-07-17T20:34:41.342545
leconstitutionnel,bpt6k6788993,,failed,0,0,,no_usable_pages,known,,,bpt6k6788993: no usable pages in manifest.,2026-07-17T20:34:41.464665
leconstitutionnel,bpt6k678900w,,failed,0,0,,no_usable_pages,known,,,bpt6k678900w: no usable pages in manifest.,2026-07-17T20:34:41.519922
leconstitutionnel,bpt6k6789018,,failed,0,0,,no_usable_pages,known,,,bpt6k6789018: no usable pages in manifest.,2026-07-17T20:34:41.601932
leconstitutionnel,bpt6k678902n,,failed,0,0,,no_usable_pages,known,,,bpt6k678902n: no usable pages in manifest.,2026-07-17T20:34:41.700352
leconstitutionnel,bpt6k6789031,,failed,0,0,,no_usable_pages,known,,,bpt6k6789031: no usable pages in manifest.,2026-07-17T20:34:41.760727
leconstitutionnel,bpt6k678904d,,failed,0,0,,no_usable_pages,known,,,bpt6k678904d: no usable pages in manifest.,2026-07-17T20:34:41.866093
leconstitutionnel,bpt6k678905s,,failed,0,0,,no_usable_pages,known,,,bpt6k678905s: no usable pages in manifest.,2026-07-17T20:34:41.963487
leconstitutionnel,bpt6k6789065,,failed,0,0,,no_usable_pages,known,,,bpt6k6789065: no usable pages in manifest.,2026-07-17T20:34:42.115572
leconstitutionnel,bpt6k678907j,,failed,0,0,,no_usable_pages,known,,,bpt6k678907j: no usable pages in manifest.,2026-07-17T20:34:42.196839
leconstitutionnel,bpt6k678908x,,failed,0,0,,no_usable_pages,known,,,bpt6k678908x: no usable pages in manifest.,2026-07-17T20:34:42.263593
leconstitutionnel,bpt6k6789099,,failed,0,0,,no_usable_pages,known,,,bpt6k6789099: no usable pages in manifest.,2026-07-17T20:34:42.335709
leconstitutionnel,bpt6k6789107,,failed,0,0,,no_usable_pages,known,,,bpt6k6789107: no usable pages in manifest.,2026-07-17T20:34:42.424987
leconstitutionnel,bpt6k678911m,,failed,0,0,,no_usable_pages,known,,,bpt6k678911m: no usable pages in manifest.,2026-07-17T20:34:42.530679
leconstitutionnel,bpt6k6789120,,failed,0,0,,no_usable_pages,known,,,bpt6k6789120: no usable pages in manifest.,2026-07-17T20:34:42.616137
leconstitutionnel,bpt6k678913c,,failed,0,0,,no_usable_pages,known,,,bpt6k678913c: no usable pages in manifest.,2026-07-17T20:34:42.678428
leconstitutionnel,bpt6k678914r,,failed,0,0,,no_usable_pages,known,,,bpt6k678914r: no usable pages in manifest.,2026-07-17T20:34:42.745125
leconstitutionnel,bpt6k6789154,,failed,0,0,,no_usable_pages,known,,,bpt6k6789154: no usable pages in manifest.,2026-07-17T20:34:42.806875
leconstitutionnel,bpt6k678916h,,failed,0,0,,no_usable_pages,known,,,bpt6k678916h: no usable pages in manifest.,2026-07-17T20:34:42.888524
leconstitutionnel,bpt6k678917w,,failed,0,0,,no_usable_pages,known,,,bpt6k678917w: no usable pages in manifest.,2026-07-17T20:34:42.960329
leconstitutionnel,bpt6k6789188,,failed,0,0,,no_usable_pages,known,,,bpt6k6789188: no usable pages in manifest.,2026-07-17T20:34:43.027593
leconstitutionnel,bpt6k678919n,,failed,0,0,,no_usable_pages,known,,,bpt6k678919n: no usable pages in manifest.,2026-07-17T20:34:43.128302
leconstitutionnel,bpt6k678920k,,failed,0,0,,no_usable_pages,known,,,bpt6k678920k: no usable pages in manifest.,2026-07-17T20:34:43.186452
leconstitutionnel,bpt6k678921z,,failed,0,0,,no_usable_pages,known,,,bpt6k678921z: no usable pages in manifest.,2026-07-17T20:34:43.282312
leconstitutionnel,bpt6k678922b,,failed,0,0,,no_usable_pages,known,,,bpt6k678922b: no usable pages in manifest.,2026-07-17T20:34:43.395984
leconstitutionnel,bpt6k678923q,,failed,0,0,,no_usable_pages,known,,,bpt6k678923q: no usable pages in manifest.,2026-07-17T20:34:43.496499
leconstitutionnel,bpt6k6789243,,failed,0,0,,no_usable_pages,known,,,bpt6k6789243: no usable pages in manifest.,2026-07-17T20:34:43.640378
leconstitutionnel,bpt6k678925g,,failed,0,0,,no_usable_pages,known,,,bpt6k678925g: no usable pages in manifest.,2026-07-17T20:34:43.721462
leconstitutionnel,bpt6k678926v,,failed,0,0,,no_usable_pages,known,,,bpt6k678926v: no usable pages in manifest.,2026-07-17T20:34:43.781562
leconstitutionnel,bpt6k6789277,,failed,0,0,,no_usable_pages,known,,,bpt6k6789277: no usable pages in manifest.,2026-07-17T20:34:43.855123
leconstitutionnel,bpt6k678928m,,failed,0,0,,no_usable_pages,known,,,bpt6k678928m: no usable pages in manifest.,2026-07-17T20:34:43.938079
leconstitutionnel,bpt6k6789290,,failed,0,0,,no_usable_pages,known,,,bpt6k6789290: no usable pages in manifest.,2026-07-17T20:34:44.010157
leconstitutionnel,bpt6k678930x,,failed,0,0,,no_usable_pages,known,,,bpt6k678930x: no usable pages in manifest.,2026-07-17T20:34:44.073478
leconstitutionnel,bpt6k6789319,,failed,0,0,,no_usable_pages,known,,,bpt6k6789319: no usable pages in manifest.,2026-07-17T20:34:44.156496
leconstitutionnel,bpt6k678932p,,failed,0,0,,no_usable_pages,known,,,bpt6k678932p: no usable pages in manifest.,2026-07-17T20:34:44.261515
leconstitutionnel,bpt6k6789332,,failed,0,0,,no_usable_pages,known,,,bpt6k6789332: no usable pages in manifest.,2026-07-17T20:34:44.337341
leconstitutionnel,bpt6k678934f,,failed,0,0,,no_usable_pages,known,,,bpt6k678934f: no usable pages in manifest.,2026-07-17T20:34:44.397723
leconstitutionnel,bpt6k678935t,,failed,0,0,,no_usable_pages,known,,,bpt6k678935t: no usable pages in manifest.,2026-07-17T20:34:44.472224
leconstitutionnel,bpt6k6789366,,failed,0,0,,no_usable_pages,known,,,bpt6k6789366: no usable pages in manifest.,2026-07-17T20:34:44.554573
leconstitutionnel,bpt6k678937k,,failed,0,0,,no_usable_pages,known,,,bpt6k678937k: no usable pages in manifest.,2026-07-17T20:34:44.658867
leconstitutionnel,bpt6k678938z,,failed,0,0,,no_usable_pages,known,,,bpt6k678938z: no usable pages in manifest.,2026-07-17T20:34:44.788189
leconstitutionnel,bpt6k678939b,,failed,0,0,,no_usable_pages,known,,,bpt6k678939b: no usable pages in manifest.,2026-07-17T20:34:45.092656
leconstitutionnel,bpt6k6789408,,failed,0,0,,no_usable_pages,known,,,bpt6k6789408: no usable pages in manifest.,2026-07-17T20:34:45.296357
leconstitutionnel,bpt6k678941n,,failed,0,0,,no_usable_pages,known,,,bpt6k678941n: no usable pages in manifest.,2026-07-17T20:34:45.384958
leconstitutionnel,bpt6k6789421,,failed,0,0,,no_usable_pages,known,,,bpt6k6789421: no usable pages in manifest.,2026-07-17T20:34:45.470941
leconstitutionnel,bpt6k678943d,,failed,0,0,,no_usable_pages,known,,,bpt6k678943d: no usable pages in manifest.,2026-07-17T20:34:45.577141
leconstitutionnel,bpt6k678944s,,failed,0,0,,no_usable_pages,known,,,bpt6k678944s: no usable pages in manifest.,2026-07-17T20:34:45.744469
leconstitutionnel,bpt6k6789455,,failed,0,0,,no_usable_pages,known,,,bpt6k6789455: no usable pages in manifest.,2026-07-17T20:34:45.814191
leconstitutionnel,bpt6k678946j,,failed,0,0,,no_usable_pages,known,,,bpt6k678946j: no usable pages in manifest.,2026-07-17T20:34:45.901427
leconstitutionnel,bpt6k678947x,,failed,0,0,,no_usable_pages,known,,,bpt6k678947x: no usable pages in manifest.,2026-07-17T20:34:45.985732
leconstitutionnel,bpt6k6789489,,failed,0,0,,no_usable_pages,known,,,bpt6k6789489: no usable pages in manifest.,2026-07-17T20:34:46.069814
leconstitutionnel,bpt6k678949p,,failed,0,0,,no_usable_pages,known,,,bpt6k678949p: no usable pages in manifest.,2026-07-17T20:34:46.145835
leconstitutionnel,bpt6k678950m,,failed,0,0,,no_usable_pages,known,,,bpt6k678950m: no usable pages in manifest.,2026-07-17T20:34:46.304390
leconstitutionnel,bpt6k6789510,,failed,0,0,,no_usable_pages,known,,,bpt6k6789510: no usable pages in manifest.,2026-07-17T20:34:46.393919
leconstitutionnel,bpt6k678952c,,failed,0,0,,no_usable_pages,known,,,bpt6k678952c: no usable pages in manifest.,2026-07-17T20:34:46.532166
leconstitutionnel,bpt6k678953r,,failed,0,0,,no_usable_pages,known,,,bpt6k678953r: no usable pages in manifest.,2026-07-17T20:34:46.721293
leconstitutionnel,bpt6k6789544,,failed,0,0,,no_usable_pages,known,,,bpt6k6789544: no usable pages in manifest.,2026-07-17T20:34:46.804354
leconstitutionnel,bpt6k678955h,,failed,0,0,,no_usable_pages,known,,,bpt6k678955h: no usable pages in manifest.,2026-07-17T20:34:46.890897
leconstitutionnel,bpt6k678956w,,failed,0,0,,no_usable_pages,known,,,bpt6k678956w: no usable pages in manifest.,2026-07-17T20:34:46.961957
leconstitutionnel,bpt6k6789578,,failed,0,0,,no_usable_pages,known,,,bpt6k6789578: no usable pages in manifest.,2026-07-17T20:34:47.049779
leconstitutionnel,bpt6k678958n,,failed,0,0,,no_usable_pages,known,,,bpt6k678958n: no usable pages in manifest.,2026-07-17T20:34:47.125998
leconstitutionnel,bpt6k6789591,,failed,0,0,,no_usable_pages,known,,,bpt6k6789591: no usable pages in manifest.,2026-07-17T20:34:47.199893
leconstitutionnel,bpt6k678960z,,failed,0,0,,no_usable_pages,known,,,bpt6k678960z: no usable pages in manifest.,2026-07-17T20:34:47.315330
leconstitutionnel,bpt6k678961b,,failed,0,0,,no_usable_pages,known,,,bpt6k678961b: no usable pages in manifest.,2026-07-17T20:34:47.382096
leconstitutionnel,bpt6k678962q,,failed,0,0,,no_usable_pages,known,,,bpt6k678962q: no usable pages in manifest.,2026-07-17T20:34:47.470227
leconstitutionnel,bpt6k6789633,,failed,0,0,,no_usable_pages,known,,,bpt6k6789633: no usable pages in manifest.,2026-07-17T20:34:47.540829
leconstitutionnel,bpt6k678964g,,failed,0,0,,no_usable_pages,known,,,bpt6k678964g: no usable pages in manifest.,2026-07-17T20:34:47.599046
leconstitutionnel,bpt6k678965v,,failed,0,0,,no_usable_pages,known,,,bpt6k678965v: no usable pages in manifest.,2026-07-17T20:34:47.703014
leconstitutionnel,bpt6k6789667,,failed,0,0,,no_usable_pages,known,,,bpt6k6789667: no usable pages in manifest.,2026-07-17T20:34:47.808107
leconstitutionnel,bpt6k678967m,,failed,0,0,,no_usable_pages,known,,,bpt6k678967m: no usable pages in manifest.,2026-07-17T20:34:47.879519
leconstitutionnel,bpt6k6789680,,failed,0,0,,no_usable_pages,known,,,bpt6k6789680: no usable pages in manifest.,2026-07-17T20:34:47.930410
leconstitutionnel,bpt6k678969c,,failed,0,0,,no_usable_pages,known,,,bpt6k678969c: no usable pages in manifest.,2026-07-17T20:34:48.026443
leconstitutionnel,bpt6k679013v,,failed,0,0,,no_usable_pages,known,,,bpt6k679013v: no usable pages in manifest.,2026-07-17T20:34:48.151461
leconstitutionnel,bpt6k6790147,,failed,0,0,,no_usable_pages,known,,,bpt6k6790147: no usable pages in manifest.,2026-07-17T20:34:48.275319
leconstitutionnel,bpt6k679015m,,failed,0,0,,no_usable_pages,known,,,bpt6k679015m: no usable pages in manifest.,2026-07-17T20:34:48.381554
leconstitutionnel,bpt6k6790160,,failed,0,0,,no_usable_pages,known,,,bpt6k6790160: no usable pages in manifest.,2026-07-17T20:34:48.454533
leconstitutionnel,bpt6k679017c,,failed,0,0,,no_usable_pages,known,,,bpt6k679017c: no usable pages in manifest.,2026-07-17T20:34:48.531600
leconstitutionnel,bpt6k679018r,,failed,0,0,,no_usable_pages,known,,,bpt6k679018r: no usable pages in manifest.,2026-07-17T20:34:48.596968
leconstitutionnel,bpt6k6790194,,failed,0,0,,no_usable_pages,known,,,bpt6k6790194: no usable pages in manifest.,2026-07-17T20:34:48.673118
leconstitutionnel,bpt6k6790202,,failed,0,0,,no_usable_pages,known,,,bpt6k6790202: no usable pages in manifest.,2026-07-17T20:34:48.740912
leconstitutionnel,bpt6k679021f,,failed,0,0,,no_usable_pages,known,,,bpt6k679021f: no usable pages in manifest.,2026-07-17T20:34:48.851921
leconstitutionnel,bpt6k679022t,,failed,0,0,,no_usable_pages,known,,,bpt6k679022t: no usable pages in manifest.,2026-07-17T20:34:48.919419
leconstitutionnel,bpt6k6790236,,failed,0,0,,no_usable_pages,known,,,bpt6k6790236: no usable pages in manifest.,2026-07-17T20:34:49.008661
leconstitutionnel,bpt6k679024k,,failed,0,0,,no_usable_pages,known,,,bpt6k679024k: no usable pages in manifest.,2026-07-17T20:34:49.085057
leconstitutionnel,bpt6k679025z,,failed,0,0,,no_usable_pages,known,,,bpt6k679025z: no usable pages in manifest.,2026-07-17T20:34:49.166876
leconstitutionnel,bpt6k679026b,,failed,0,0,,no_usable_pages,known,,,bpt6k679026b: no usable pages in manifest.,2026-07-17T20:34:49.245654
leconstitutionnel,bpt6k679027q,,failed,0,0,,no_usable_pages,known,,,bpt6k679027q: no usable pages in manifest.,2026-07-17T20:34:49.309191
leconstitutionnel,bpt6k6790283,,failed,0,0,,no_usable_pages,known,,,bpt6k6790283: no usable pages in manifest.,2026-07-17T20:34:49.395554
leconstitutionnel,bpt6k679029g,,failed,0,0,,no_usable_pages,known,,,bpt6k679029g: no usable pages in manifest.,2026-07-17T20:34:49.478799
leconstitutionnel,bpt6k679034x,,failed,0,0,,no_usable_pages,known,,,bpt6k679034x: no usable pages in manifest.,2026-07-17T20:34:49.563727
leconstitutionnel,bpt6k6790359,,failed,0,0,,no_usable_pages,known,,,bpt6k6790359: no usable pages in manifest.,2026-07-17T20:34:49.673378
leconstitutionnel,bpt6k679036p,,failed,0,0,,no_usable_pages,known,,,bpt6k679036p: no usable pages in manifest.,2026-07-17T20:34:49.757332
leconstitutionnel,bpt6k6790372,,failed,0,0,,no_usable_pages,known,,,bpt6k6790372: no usable pages in manifest.,2026-07-17T20:34:49.920261
leconstitutionnel,bpt6k679038f,,failed,0,0,,no_usable_pages,known,,,bpt6k679038f: no usable pages in manifest.,2026-07-17T20:34:50.020216
leconstitutionnel,bpt6k679039t,,failed,0,0,,no_usable_pages,known,,,bpt6k679039t: no usable pages in manifest.,2026-07-17T20:34:50.113819
leconstitutionnel,bpt6k679040r,,failed,0,0,,no_usable_pages,known,,,bpt6k679040r: no usable pages in manifest.,2026-07-17T20:34:50.181350
leconstitutionnel,bpt6k6790414,,failed,0,0,,no_usable_pages,known,,,bpt6k6790414: no usable pages in manifest.,2026-07-17T20:34:50.263330
leconstitutionnel,bpt6k679042h,,failed,0,0,,no_usable_pages,known,,,bpt6k679042h: no usable pages in manifest.,2026-07-17T20:34:50.328604
leconstitutionnel,bpt6k679043w,,failed,0,0,,no_usable_pages,known,,,bpt6k679043w: no usable pages in manifest.,2026-07-17T20:34:50.429616
leconstitutionnel,bpt6k6790448,,failed,0,0,,no_usable_pages,known,,,bpt6k6790448: no usable pages in manifest.,2026-07-17T20:34:50.527947
leconstitutionnel,bpt6k679045n,,failed,0,0,,no_usable_pages,known,,,bpt6k679045n: no usable pages in manifest.,2026-07-17T20:34:50.636930
leconstitutionnel,bpt6k6790461,,failed,0,0,,no_usable_pages,known,,,bpt6k6790461: no usable pages in manifest.,2026-07-17T20:34:50.706531
leconstitutionnel,bpt6k679047d,,failed,0,0,,no_usable_pages,known,,,bpt6k679047d: no usable pages in manifest.,2026-07-17T20:34:50.780279
leconstitutionnel,bpt6k679048s,,failed,0,0,,no_usable_pages,known,,,bpt6k679048s: no usable pages in manifest.,2026-07-17T20:34:50.858392
leconstitutionnel,bpt6k6790495,,failed,0,0,,no_usable_pages,known,,,bpt6k6790495: no usable pages in manifest.,2026-07-17T20:34:50.952955
leconstitutionnel,bpt6k6790503,,failed,0,0,,no_usable_pages,known,,,bpt6k6790503: no usable pages in manifest.,2026-07-17T20:34:51.034727
leconstitutionnel,bpt6k679051g,,failed,0,0,,no_usable_pages,known,,,bpt6k679051g: no usable pages in manifest.,2026-07-17T20:34:51.112282
leconstitutionnel,bpt6k679052v,,failed,0,0,,no_usable_pages,known,,,bpt6k679052v: no usable pages in manifest.,2026-07-17T20:34:51.416635
leconstitutionnel,bpt6k6790537,,failed,0,0,,no_usable_pages,known,,,bpt6k6790537: no usable pages in manifest.,2026-07-17T20:34:51.536110
leconstitutionnel,bpt6k679054m,,failed,0,0,,no_usable_pages,known,,,bpt6k679054m: no usable pages in manifest.,2026-07-17T20:34:51.643874
leconstitutionnel,bpt6k6790550,,failed,0,0,,no_usable_pages,known,,,bpt6k6790550: no usable pages in manifest.,2026-07-17T20:34:51.738006
leconstitutionnel,bpt6k679056c,,failed,0,0,,no_usable_pages,known,,,bpt6k679056c: no usable pages in manifest.,2026-07-17T20:34:51.807517
leconstitutionnel,bpt6k679057r,,failed,0,0,,no_usable_pages,known,,,bpt6k679057r: no usable pages in manifest.,2026-07-17T20:34:51.881632
leconstitutionnel,bpt6k6790584,,failed,0,0,,no_usable_pages,known,,,bpt6k6790584: no usable pages in manifest.,2026-07-17T20:34:52.003864
leconstitutionnel,bpt6k679059h,,failed,0,0,,no_usable_pages,known,,,bpt6k679059h: no usable pages in manifest.,2026-07-17T20:34:52.077920
leconstitutionnel,bpt6k679060f,,failed,0,0,,no_usable_pages,known,,,bpt6k679060f: no usable pages in manifest.,2026-07-17T20:34:52.161618
leconstitutionnel,bpt6k679061t,,failed,0,0,,no_usable_pages,known,,,bpt6k679061t: no usable pages in manifest.,2026-07-17T20:34:52.238244
leconstitutionnel,bpt6k6790626,,failed,0,0,,no_usable_pages,known,,,bpt6k6790626: no usable pages in manifest.,2026-07-17T20:34:52.319420
leconstitutionnel,bpt6k679063k,,failed,0,0,,no_usable_pages,known,,,bpt6k679063k: no usable pages in manifest.,2026-07-17T20:34:52.386287
leconstitutionnel,bpt6k679064z,,failed,0,0,,no_usable_pages,known,,,bpt6k679064z: no usable pages in manifest.,2026-07-17T20:34:52.462146
leconstitutionnel,bpt6k679065b,,failed,0,0,,no_usable_pages,known,,,bpt6k679065b: no usable pages in manifest.,2026-07-17T20:34:52.566852
leconstitutionnel,bpt6k679066q,,failed,0,0,,no_usable_pages,known,,,bpt6k679066q: no usable pages in manifest.,2026-07-17T20:34:52.661957
leconstitutionnel,bpt6k6790673,,failed,0,0,,no_usable_pages,known,,,bpt6k6790673: no usable pages in manifest.,2026-07-17T20:34:52.762735
leconstitutionnel,bpt6k679068g,,failed,0,0,,no_usable_pages,known,,,bpt6k679068g: no usable pages in manifest.,2026-07-17T20:34:52.881726
leconstitutionnel,bpt6k679069v,,failed,0,0,,no_usable_pages,known,,,bpt6k679069v: no usable pages in manifest.,2026-07-17T20:34:53.011051
leconstitutionnel,bpt6k679070s,,failed,0,0,,no_usable_pages,known,,,bpt6k679070s: no usable pages in manifest.,2026-07-17T20:34:53.105142
leconstitutionnel,bpt6k6790715,,failed,0,0,,no_usable_pages,known,,,bpt6k6790715: no usable pages in manifest.,2026-07-17T20:34:53.186112
leconstitutionnel,bpt6k679072j,,failed,0,0,,no_usable_pages,known,,,bpt6k679072j: no usable pages in manifest.,2026-07-17T20:34:53.252985
leconstitutionnel,bpt6k679073x,,failed,0,0,,no_usable_pages,known,,,bpt6k679073x: no usable pages in manifest.,2026-07-17T20:34:53.344957
leconstitutionnel,bpt6k6790749,,failed,0,0,,no_usable_pages,known,,,bpt6k6790749: no usable pages in manifest.,2026-07-17T20:34:53.423588
leconstitutionnel,bpt6k679075p,,failed,0,0,,no_usable_pages,known,,,bpt6k679075p: no usable pages in manifest.,2026-07-17T20:34:53.486587
leconstitutionnel,bpt6k6790762,,failed,0,0,,no_usable_pages,known,,,bpt6k6790762: no usable pages in manifest.,2026-07-17T20:34:53.614242
leconstitutionnel,bpt6k679077f,,failed,0,0,,no_usable_pages,known,,,bpt6k679077f: no usable pages in manifest.,2026-07-17T20:34:53.700029
leconstitutionnel,bpt6k679078t,,failed,0,0,,no_usable_pages,known,,,bpt6k679078t: no usable pages in manifest.,2026-07-17T20:34:53.775535
leconstitutionnel,bpt6k6790796,,failed,0,0,,no_usable_pages,known,,,bpt6k6790796: no usable pages in manifest.,2026-07-17T20:34:53.840977
leconstitutionnel,bpt6k6790804,,failed,0,0,,no_usable_pages,known,,,bpt6k6790804: no usable pages in manifest.,2026-07-17T20:34:53.914906
leconstitutionnel,bpt6k679081h,,failed,0,0,,no_usable_pages,known,,,bpt6k679081h: no usable pages in manifest.,2026-07-17T20:34:53.990047
leconstitutionnel,bpt6k679082w,,failed,0,0,,no_usable_pages,known,,,bpt6k679082w: no usable pages in manifest.,2026-07-17T20:34:54.103067
leconstitutionnel,bpt6k6790838,,failed,0,0,,no_usable_pages,known,,,bpt6k6790838: no usable pages in manifest.,2026-07-17T20:34:54.195855
leconstitutionnel,bpt6k679084n,,failed,0,0,,no_usable_pages,known,,,bpt6k679084n: no usable pages in manifest.,2026-07-17T20:34:54.258743
leconstitutionnel,bpt6k6790851,,failed,0,0,,no_usable_pages,known,,,bpt6k6790851: no usable pages in manifest.,2026-07-17T20:34:54.415520
leconstitutionnel,bpt6k679086d,,failed,0,0,,no_usable_pages,known,,,bpt6k679086d: no usable pages in manifest.,2026-07-17T20:34:54.515682
leconstitutionnel,bpt6k679087s,,failed,0,0,,no_usable_pages,known,,,bpt6k679087s: no usable pages in manifest.,2026-07-17T20:34:54.627396
leconstitutionnel,bpt6k6790885,,failed,0,0,,no_usable_pages,known,,,bpt6k6790885: no usable pages in manifest.,2026-07-17T20:34:54.743299
leconstitutionnel,bpt6k679089j,,failed,0,0,,no_usable_pages,known,,,bpt6k679089j: no usable pages in manifest.,2026-07-17T20:34:54.805767
leconstitutionnel,bpt6k679090g,,failed,0,0,,no_usable_pages,known,,,bpt6k679090g: no usable pages in manifest.,2026-07-17T20:34:54.940948
leconstitutionnel,bpt6k679091v,,failed,0,0,,no_usable_pages,known,,,bpt6k679091v: no usable pages in manifest.,2026-07-17T20:34:55.035397
leconstitutionnel,bpt6k6790927,,failed,0,0,,no_usable_pages,known,,,bpt6k6790927: no usable pages in manifest.,2026-07-17T20:34:55.184767
leconstitutionnel,bpt6k679093m,,failed,0,0,,no_usable_pages,known,,,bpt6k679093m: no usable pages in manifest.,2026-07-17T20:34:55.304628
leconstitutionnel,bpt6k6790940,,failed,0,0,,no_usable_pages,known,,,bpt6k6790940: no usable pages in manifest.,2026-07-17T20:34:55.396846
leconstitutionnel,bpt6k679095c,,failed,0,0,,no_usable_pages,known,,,bpt6k679095c: no usable pages in manifest.,2026-07-17T20:34:55.519947
leconstitutionnel,bpt6k679096r,,failed,0,0,,no_usable_pages,known,,,bpt6k679096r: no usable pages in manifest.,2026-07-17T20:34:55.583226
leconstitutionnel,bpt6k679126n,,failed,0,0,,no_usable_pages,known,,,bpt6k679126n: no usable pages in manifest.,2026-07-17T20:34:55.692194
leconstitutionnel,bpt6k6791271,,failed,0,0,,no_usable_pages,known,,,bpt6k6791271: no usable pages in manifest.,2026-07-17T20:34:55.769441
leconstitutionnel,bpt6k679128d,,failed,0,0,,no_usable_pages,known,,,bpt6k679128d: no usable pages in manifest.,2026-07-17T20:34:55.846530
leconstitutionnel,bpt6k679129s,,failed,0,0,,no_usable_pages,known,,,bpt6k679129s: no usable pages in manifest.,2026-07-17T20:34:55.972003
leconstitutionnel,bpt6k679130q,,failed,0,0,,no_usable_pages,known,,,bpt6k679130q: no usable pages in manifest.,2026-07-17T20:34:56.190087
leconstitutionnel,bpt6k6791313,,failed,0,0,,no_usable_pages,known,,,bpt6k6791313: no usable pages in manifest.,2026-07-17T20:34:56.259443
leconstitutionnel,bpt6k679132g,,failed,0,0,,no_usable_pages,known,,,bpt6k679132g: no usable pages in manifest.,2026-07-17T20:34:56.347217
leconstitutionnel,bpt6k679133v,,failed,0,0,,no_usable_pages,known,,,bpt6k679133v: no usable pages in manifest.,2026-07-17T20:34:56.417930
leconstitutionnel,bpt6k6791347,,failed,0,0,,no_usable_pages,known,,,bpt6k6791347: no usable pages in manifest.,2026-07-17T20:34:56.493530
leconstitutionnel,bpt6k679135m,,failed,0,0,,no_usable_pages,known,,,bpt6k679135m: no usable pages in manifest.,2026-07-17T20:34:56.588774
leconstitutionnel,bpt6k6791360,,failed,0,0,,no_usable_pages,known,,,bpt6k6791360: no usable pages in manifest.,2026-07-17T20:34:56.749293
leconstitutionnel,bpt6k679137c,,failed,0,0,,no_usable_pages,known,,,bpt6k679137c: no usable pages in manifest.,2026-07-17T20:34:56.804553
leconstitutionnel,bpt6k679138r,,failed,0,0,,no_usable_pages,known,,,bpt6k679138r: no usable pages in manifest.,2026-07-17T20:34:56.885659
leconstitutionnel,bpt6k6791394,,failed,0,0,,no_usable_pages,known,,,bpt6k6791394: no usable pages in manifest.,2026-07-17T20:34:56.955266
leconstitutionnel,bpt6k6791402,,failed,0,0,,no_usable_pages,known,,,bpt6k6791402: no usable pages in manifest.,2026-07-17T20:34:57.041506
leconstitutionnel,bpt6k679141f,,failed,0,0,,no_usable_pages,known,,,bpt6k679141f: no usable pages in manifest.,2026-07-17T20:34:57.123953
leconstitutionnel,bpt6k679142t,,failed,0,0,,no_usable_pages,known,,,bpt6k679142t: no usable pages in manifest.,2026-07-17T20:34:57.256119
leconstitutionnel,bpt6k6791436,,failed,0,0,,no_usable_pages,known,,,bpt6k6791436: no usable pages in manifest.,2026-07-17T20:34:57.344851
leconstitutionnel,bpt6k679144k,,failed,0,0,,no_usable_pages,known,,,bpt6k679144k: no usable pages in manifest.,2026-07-17T20:34:57.444207
leconstitutionnel,bpt6k679145z,,failed,0,0,,no_usable_pages,known,,,bpt6k679145z: no usable pages in manifest.,2026-07-17T20:34:57.537010
leconstitutionnel,bpt6k679146b,,failed,0,0,,no_usable_pages,known,,,bpt6k679146b: no usable pages in manifest.,2026-07-17T20:34:57.656242
leconstitutionnel,bpt6k679147q,,failed,0,0,,no_usable_pages,known,,,bpt6k679147q: no usable pages in manifest.,2026-07-17T20:34:57.789206
leconstitutionnel,bpt6k6791483,,failed,0,0,,no_usable_pages,known,,,bpt6k6791483: no usable pages in manifest.,2026-07-17T20:34:57.861759
leconstitutionnel,bpt6k679149g,,failed,0,0,,no_usable_pages,known,,,bpt6k679149g: no usable pages in manifest.,2026-07-17T20:34:57.952652
leconstitutionnel,bpt6k679150d,,failed,0,0,,no_usable_pages,known,,,bpt6k679150d: no usable pages in manifest.,2026-07-17T20:34:58.017206
leconstitutionnel,bpt6k679151s,,failed,0,0,,no_usable_pages,known,,,bpt6k679151s: no usable pages in manifest.,2026-07-17T20:34:58.081221
leconstitutionnel,bpt6k6791525,,failed,0,0,,no_usable_pages,known,,,bpt6k6791525: no usable pages in manifest.,2026-07-17T20:34:58.152350
leconstitutionnel,bpt6k679153j,,failed,0,0,,no_usable_pages,known,,,bpt6k679153j: no usable pages in manifest.,2026-07-17T20:34:58.252195
leconstitutionnel,bpt6k679154x,,failed,0,0,,no_usable_pages,known,,,bpt6k679154x: no usable pages in manifest.,2026-07-17T20:34:58.321005
leconstitutionnel,bpt6k6791559,,failed,0,0,,no_usable_pages,known,,,bpt6k6791559: no usable pages in manifest.,2026-07-17T20:34:58.401842
leconstitutionnel,bpt6k679156p,,failed,0,0,,no_usable_pages,known,,,bpt6k679156p: no usable pages in manifest.,2026-07-17T20:34:58.493875
leconstitutionnel,bpt6k6791572,,failed,0,0,,no_usable_pages,known,,,bpt6k6791572: no usable pages in manifest.,2026-07-17T20:34:58.560269
leconstitutionnel,bpt6k679158f,,failed,0,0,,no_usable_pages,known,,,bpt6k679158f: no usable pages in manifest.,2026-07-17T20:34:58.645864
leconstitutionnel,bpt6k679159t,,failed,0,0,,no_usable_pages,known,,,bpt6k679159t: no usable pages in manifest.,2026-07-17T20:34:58.708456
leconstitutionnel,bpt6k679160r,,failed,0,0,,no_usable_pages,known,,,bpt6k679160r: no usable pages in manifest.,2026-07-17T20:34:58.817523
leconstitutionnel,bpt6k6791614,,failed,0,0,,no_usable_pages,known,,,bpt6k6791614: no usable pages in manifest.,2026-07-17T20:34:58.908293
leconstitutionnel,bpt6k679162h,,failed,0,0,,no_usable_pages,known,,,bpt6k679162h: no usable pages in manifest.,2026-07-17T20:34:59.018931
leconstitutionnel,bpt6k679163w,,failed,0,0,,no_usable_pages,known,,,bpt6k679163w: no usable pages in manifest.,2026-07-17T20:34:59.093142
leconstitutionnel,bpt6k6791648,,failed,0,0,,no_usable_pages,known,,,bpt6k6791648: no usable pages in manifest.,2026-07-17T20:34:59.182171
leconstitutionnel,bpt6k679165n,,failed,0,0,,no_usable_pages,known,,,bpt6k679165n: no usable pages in manifest.,2026-07-17T20:34:59.293648
leconstitutionnel,bpt6k6791661,,failed,0,0,,no_usable_pages,known,,,bpt6k6791661: no usable pages in manifest.,2026-07-17T20:34:59.364100
leconstitutionnel,bpt6k679167d,,failed,0,0,,no_usable_pages,known,,,bpt6k679167d: no usable pages in manifest.,2026-07-17T20:34:59.417253
leconstitutionnel,bpt6k679168s,,failed,0,0,,no_usable_pages,known,,,bpt6k679168s: no usable pages in manifest.,2026-07-17T20:34:59.497343
leconstitutionnel,bpt6k6791695,,failed,0,0,,no_usable_pages,known,,,bpt6k6791695: no usable pages in manifest.,2026-07-17T20:34:59.599916
leconstitutionnel,bpt6k6791703,,failed,0,0,,no_usable_pages,known,,,bpt6k6791703: no usable pages in manifest.,2026-07-17T20:34:59.673606
leconstitutionnel,bpt6k679171g,,failed,0,0,,no_usable_pages,known,,,bpt6k679171g: no usable pages in manifest.,2026-07-17T20:34:59.739147
leconstitutionnel,bpt6k679172v,,failed,0,0,,no_usable_pages,known,,,bpt6k679172v: no usable pages in manifest.,2026-07-17T20:34:59.820685
leconstitutionnel,bpt6k6791737,,failed,0,0,,no_usable_pages,known,,,bpt6k6791737: no usable pages in manifest.,2026-07-17T20:34:59.893890
leconstitutionnel,bpt6k679174m,,failed,0,0,,no_usable_pages,known,,,bpt6k679174m: no usable pages in manifest.,2026-07-17T20:34:59.984532
leconstitutionnel,bpt6k6791750,,failed,0,0,,no_usable_pages,known,,,bpt6k6791750: no usable pages in manifest.,2026-07-17T20:35:00.086920
leconstitutionnel,bpt6k679176c,,failed,0,0,,no_usable_pages,known,,,bpt6k679176c: no usable pages in manifest.,2026-07-17T20:35:00.172901
leconstitutionnel,bpt6k679177r,,failed,0,0,,no_usable_pages,known,,,bpt6k679177r: no usable pages in manifest.,2026-07-17T20:35:00.271444
leconstitutionnel,bpt6k6791784,,failed,0,0,,no_usable_pages,known,,,bpt6k6791784: no usable pages in manifest.,2026-07-17T20:35:00.367464
leconstitutionnel,bpt6k679179h,,failed,0,0,,no_usable_pages,known,,,bpt6k679179h: no usable pages in manifest.,2026-07-17T20:35:00.451245
leconstitutionnel,bpt6k679180f,,failed,0,0,,no_usable_pages,known,,,bpt6k679180f: no usable pages in manifest.,2026-07-17T20:35:00.648577
leconstitutionnel,bpt6k679181t,,failed,0,0,,no_usable_pages,known,,,bpt6k679181t: no usable pages in manifest.,2026-07-17T20:35:00.746668
leconstitutionnel,bpt6k6791826,,failed,0,0,,no_usable_pages,known,,,bpt6k6791826: no usable pages in manifest.,2026-07-17T20:35:00.840406
leconstitutionnel,bpt6k679183k,,failed,0,0,,no_usable_pages,known,,,bpt6k679183k: no usable pages in manifest.,2026-07-17T20:35:00.938988
leconstitutionnel,bpt6k679184z,,failed,0,0,,no_usable_pages,known,,,bpt6k679184z: no usable pages in manifest.,2026-07-17T20:35:01.026268
leconstitutionnel,bpt6k679185b,,failed,0,0,,no_usable_pages,known,,,bpt6k679185b: no usable pages in manifest.,2026-07-17T20:35:01.096403
leconstitutionnel,bpt6k679186q,,failed,0,0,,no_usable_pages,known,,,bpt6k679186q: no usable pages in manifest.,2026-07-17T20:35:01.181821
leconstitutionnel,bpt6k6791873,,failed,0,0,,no_usable_pages,known,,,bpt6k6791873: no usable pages in manifest.,2026-07-17T20:35:01.235309
leconstitutionnel,bpt6k679188g,,failed,0,0,,no_usable_pages,known,,,bpt6k679188g: no usable pages in manifest.,2026-07-17T20:35:01.302195
leconstitutionnel,bpt6k679189v,,failed,0,0,,no_usable_pages,known,,,bpt6k679189v: no usable pages in manifest.,2026-07-17T20:35:01.425006
leconstitutionnel,bpt6k679190s,,failed,0,0,,no_usable_pages,known,,,bpt6k679190s: no usable pages in manifest.,2026-07-17T20:35:01.507740
leconstitutionnel,bpt6k6791915,,failed,0,0,,no_usable_pages,known,,,bpt6k6791915: no usable pages in manifest.,2026-07-17T20:35:01.574779
leconstitutionnel,bpt6k679192j,,failed,0,0,,no_usable_pages,known,,,bpt6k679192j: no usable pages in manifest.,2026-07-17T20:35:01.688598
leconstitutionnel,bpt6k679193x,,failed,0,0,,no_usable_pages,known,,,bpt6k679193x: no usable pages in manifest.,2026-07-17T20:35:01.780769
leconstitutionnel,bpt6k6791949,,failed,0,0,,no_usable_pages,known,,,bpt6k6791949: no usable pages in manifest.,2026-07-17T20:35:01.903976
leconstitutionnel,bpt6k679195p,,failed,0,0,,no_usable_pages,known,,,bpt6k679195p: no usable pages in manifest.,2026-07-17T20:35:02.062176
leconstitutionnel,bpt6k6791962,,failed,0,0,,no_usable_pages,known,,,bpt6k6791962: no usable pages in manifest.,2026-07-17T20:35:02.280107
leconstitutionnel,bpt6k679197f,,failed,0,0,,no_usable_pages,known,,,bpt6k679197f: no usable pages in manifest.,2026-07-17T20:35:02.360597
leconstitutionnel,bpt6k679198t,,failed,0,0,,no_usable_pages,known,,,bpt6k679198t: no usable pages in manifest.,2026-07-17T20:35:02.481170
leconstitutionnel,bpt6k6791996,,failed,0,0,,no_usable_pages,known,,,bpt6k6791996: no usable pages in manifest.,2026-07-17T20:35:02.564873
leconstitutionnel,bpt6k6792000,,failed,0,0,,no_usable_pages,known,,,bpt6k6792000: no usable pages in manifest.,2026-07-17T20:35:02.643669
leconstitutionnel,bpt6k679201c,,failed,0,0,,no_usable_pages,known,,,bpt6k679201c: no usable pages in manifest.,2026-07-17T20:35:02.740487
leconstitutionnel,bpt6k679202r,,failed,0,0,,no_usable_pages,known,,,bpt6k679202r: no usable pages in manifest.,2026-07-17T20:35:02.818987
leconstitutionnel,bpt6k6792034,,failed,0,0,,no_usable_pages,known,,,bpt6k6792034: no usable pages in manifest.,2026-07-17T20:35:02.922429
leconstitutionnel,bpt6k679204h,,failed,0,0,,no_usable_pages,known,,,bpt6k679204h: no usable pages in manifest.,2026-07-17T20:35:02.993211
leconstitutionnel,bpt6k679205w,,failed,0,0,,no_usable_pages,known,,,bpt6k679205w: no usable pages in manifest.,2026-07-17T20:35:03.062744
leconstitutionnel,bpt6k6792068,,failed,0,0,,no_usable_pages,known,,,bpt6k6792068: no usable pages in manifest.,2026-07-17T20:35:03.152776
leconstitutionnel,bpt6k679207n,,failed,0,0,,no_usable_pages,known,,,bpt6k679207n: no usable pages in manifest.,2026-07-17T20:35:03.223580
leconstitutionnel,bpt6k6792081,,failed,0,0,,no_usable_pages,known,,,bpt6k6792081: no usable pages in manifest.,2026-07-17T20:35:03.288615
leconstitutionnel,bpt6k679209d,,failed,0,0,,no_usable_pages,known,,,bpt6k679209d: no usable pages in manifest.,2026-07-17T20:35:03.369873
leconstitutionnel,bpt6k679210b,,failed,0,0,,no_usable_pages,known,,,bpt6k679210b: no usable pages in manifest.,2026-07-17T20:35:03.485392
leconstitutionnel,bpt6k679211q,,failed,0,0,,no_usable_pages,known,,,bpt6k679211q: no usable pages in manifest.,2026-07-17T20:35:03.567040
leconstitutionnel,bpt6k6792123,,failed,0,0,,no_usable_pages,known,,,bpt6k6792123: no usable pages in manifest.,2026-07-17T20:35:03.678212
leconstitutionnel,bpt6k679213g,,failed,0,0,,no_usable_pages,known,,,bpt6k679213g: no usable pages in manifest.,2026-07-17T20:35:03.775266
leconstitutionnel,bpt6k679214v,,failed,0,0,,no_usable_pages,known,,,bpt6k679214v: no usable pages in manifest.,2026-07-17T20:35:03.871829
leconstitutionnel,bpt6k6792157,,failed,0,0,,no_usable_pages,known,,,bpt6k6792157: no usable pages in manifest.,2026-07-17T20:35:03.966563
leconstitutionnel,bpt6k679216m,,failed,0,0,,no_usable_pages,known,,,bpt6k679216m: no usable pages in manifest.,2026-07-17T20:35:04.041751
leconstitutionnel,bpt6k6792170,,failed,0,0,,no_usable_pages,known,,,bpt6k6792170: no usable pages in manifest.,2026-07-17T20:35:04.125964
leconstitutionnel,bpt6k679218c,,failed,0,0,,no_usable_pages,known,,,bpt6k679218c: no usable pages in manifest.,2026-07-17T20:35:04.229965
leconstitutionnel,bpt6k679219r,,failed,0,0,,no_usable_pages,known,,,bpt6k679219r: no usable pages in manifest.,2026-07-17T20:35:04.304979
leconstitutionnel,bpt6k679220p,,failed,0,0,,no_usable_pages,known,,,bpt6k679220p: no usable pages in manifest.,2026-07-17T20:35:04.391439
leconstitutionnel,bpt6k6792212,,failed,0,0,,no_usable_pages,known,,,bpt6k6792212: no usable pages in manifest.,2026-07-17T20:35:04.462366
leconstitutionnel,bpt6k679222f,,failed,0,0,,no_usable_pages,known,,,bpt6k679222f: no usable pages in manifest.,2026-07-17T20:35:04.576858
leconstitutionnel,bpt6k679223t,,failed,0,0,,no_usable_pages,known,,,bpt6k679223t: no usable pages in manifest.,2026-07-17T20:35:04.681992
leconstitutionnel,bpt6k6792246,,failed,0,0,,no_usable_pages,known,,,bpt6k6792246: no usable pages in manifest.,2026-07-17T20:35:04.739633
leconstitutionnel,bpt6k679225k,,failed,0,0,,no_usable_pages,known,,,bpt6k679225k: no usable pages in manifest.,2026-07-17T20:35:04.809762
leconstitutionnel,bpt6k679226z,,failed,0,0,,no_usable_pages,known,,,bpt6k679226z: no usable pages in manifest.,2026-07-17T20:35:04.885319
leconstitutionnel,bpt6k679227b,,failed,0,0,,no_usable_pages,known,,,bpt6k679227b: no usable pages in manifest.,2026-07-17T20:35:04.994409
leconstitutionnel,bpt6k679228q,,failed,0,0,,no_usable_pages,known,,,bpt6k679228q: no usable pages in manifest.,2026-07-17T20:35:05.092386
leconstitutionnel,bpt6k6792293,,failed,0,0,,no_usable_pages,known,,,bpt6k6792293: no usable pages in manifest.,2026-07-17T20:35:05.213480
leconstitutionnel,bpt6k6792301,,failed,0,0,,no_usable_pages,known,,,bpt6k6792301: no usable pages in manifest.,2026-07-17T20:35:05.300671
leconstitutionnel,bpt6k679231d,,failed,0,0,,no_usable_pages,known,,,bpt6k679231d: no usable pages in manifest.,2026-07-17T20:35:05.424451
leconstitutionnel,bpt6k679232s,,failed,0,0,,no_usable_pages,known,,,bpt6k679232s: no usable pages in manifest.,2026-07-17T20:35:05.528673
leconstitutionnel,bpt6k6792335,,failed,0,0,,no_usable_pages,known,,,bpt6k6792335: no usable pages in manifest.,2026-07-17T20:35:05.679521
leconstitutionnel,bpt6k679234j,,failed,0,0,,no_usable_pages,known,,,bpt6k679234j: no usable pages in manifest.,2026-07-17T20:35:05.843073
leconstitutionnel,bpt6k679235x,,failed,0,0,,no_usable_pages,known,,,bpt6k679235x: no usable pages in manifest.,2026-07-17T20:35:05.933900
leconstitutionnel,bpt6k6792369,,failed,0,0,,no_usable_pages,known,,,bpt6k6792369: no usable pages in manifest.,2026-07-17T20:35:06.066863
leconstitutionnel,bpt6k679237p,,failed,0,0,,no_usable_pages,known,,,bpt6k679237p: no usable pages in manifest.,2026-07-17T20:35:06.140524
leconstitutionnel,bpt6k6792382,,failed,0,0,,no_usable_pages,known,,,bpt6k6792382: no usable pages in manifest.,2026-07-17T20:35:06.225923
leconstitutionnel,bpt6k679239f,,failed,0,0,,no_usable_pages,known,,,bpt6k679239f: no usable pages in manifest.,2026-07-17T20:35:06.315633
leconstitutionnel,bpt6k679240c,,failed,0,0,,no_usable_pages,known,,,bpt6k679240c: no usable pages in manifest.,2026-07-17T20:35:06.391976
leconstitutionnel,bpt6k679241r,,failed,0,0,,no_usable_pages,known,,,bpt6k679241r: no usable pages in manifest.,2026-07-17T20:35:06.457492
leconstitutionnel,bpt6k6792424,,failed,0,0,,no_usable_pages,known,,,bpt6k6792424: no usable pages in manifest.,2026-07-17T20:35:06.529611
leconstitutionnel,bpt6k679243h,,failed,0,0,,no_usable_pages,known,,,bpt6k679243h: no usable pages in manifest.,2026-07-17T20:35:06.625805
leconstitutionnel,bpt6k679244w,,failed,0,0,,no_usable_pages,known,,,bpt6k679244w: no usable pages in manifest.,2026-07-17T20:35:06.725550
leconstitutionnel,bpt6k6792458,,failed,0,0,,no_usable_pages,known,,,bpt6k6792458: no usable pages in manifest.,2026-07-17T20:35:06.829716
leconstitutionnel,bpt6k679246n,,failed,0,0,,no_usable_pages,known,,,bpt6k679246n: no usable pages in manifest.,2026-07-17T20:35:06.912756
leconstitutionnel,bpt6k6792471,,failed,0,0,,no_usable_pages,known,,,bpt6k6792471: no usable pages in manifest.,2026-07-17T20:35:07.027032
leconstitutionnel,bpt6k679248d,,failed,0,0,,no_usable_pages,known,,,bpt6k679248d: no usable pages in manifest.,2026-07-17T20:35:07.116135
leconstitutionnel,bpt6k679249s,,failed,0,0,,no_usable_pages,known,,,bpt6k679249s: no usable pages in manifest.,2026-07-17T20:35:07.206420
leconstitutionnel,bpt6k679250q,,failed,0,0,,no_usable_pages,known,,,bpt6k679250q: no usable pages in manifest.,2026-07-17T20:35:07.270857
leconstitutionnel,bpt6k6792513,,failed,0,0,,no_usable_pages,known,,,bpt6k6792513: no usable pages in manifest.,2026-07-17T20:35:07.364842
leconstitutionnel,bpt6k679252g,,failed,0,0,,no_usable_pages,known,,,bpt6k679252g: no usable pages in manifest.,2026-07-17T20:35:07.468943
leconstitutionnel,bpt6k679253v,,failed,0,0,,no_usable_pages,known,,,bpt6k679253v: no usable pages in manifest.,2026-07-17T20:35:07.553165
leconstitutionnel,bpt6k6792547,,failed,0,0,,no_usable_pages,known,,,bpt6k6792547: no usable pages in manifest.,2026-07-17T20:35:07.649083
leconstitutionnel,bpt6k679255m,,failed,0,0,,no_usable_pages,known,,,bpt6k679255m: no usable pages in manifest.,2026-07-17T20:35:07.751380
leconstitutionnel,bpt6k6792560,,failed,0,0,,no_usable_pages,known,,,bpt6k6792560: no usable pages in manifest.,2026-07-17T20:35:07.841777
leconstitutionnel,bpt6k679257c,,failed,0,0,,no_usable_pages,known,,,bpt6k679257c: no usable pages in manifest.,2026-07-17T20:35:07.921164
leconstitutionnel,bpt6k679258r,,failed,0,0,,no_usable_pages,known,,,bpt6k679258r: no usable pages in manifest.,2026-07-17T20:35:08.028254
leconstitutionnel,bpt6k6792594,,failed,0,0,,no_usable_pages,known,,,bpt6k6792594: no usable pages in manifest.,2026-07-17T20:35:08.216301
leconstitutionnel,bpt6k6792602,,failed,0,0,,no_usable_pages,known,,,bpt6k6792602: no usable pages in manifest.,2026-07-17T20:35:08.442248
leconstitutionnel,bpt6k679261f,,failed,0,0,,no_usable_pages,known,,,bpt6k679261f: no usable pages in manifest.,2026-07-17T20:35:08.537705
leconstitutionnel,bpt6k679262t,,failed,0,0,,no_usable_pages,known,,,bpt6k679262t: no usable pages in manifest.,2026-07-17T20:35:08.617220
leconstitutionnel,bpt6k6792636,,failed,0,0,,no_usable_pages,known,,,bpt6k6792636: no usable pages in manifest.,2026-07-17T20:35:08.738641
leconstitutionnel,bpt6k679264k,,failed,0,0,,no_usable_pages,known,,,bpt6k679264k: no usable pages in manifest.,2026-07-17T20:35:08.865171
leconstitutionnel,bpt6k679265z,,failed,0,0,,no_usable_pages,known,,,bpt6k679265z: no usable pages in manifest.,2026-07-17T20:35:08.929411
leconstitutionnel,bpt6k679266b,,failed,0,0,,no_usable_pages,known,,,bpt6k679266b: no usable pages in manifest.,2026-07-17T20:35:09.018564
leconstitutionnel,bpt6k679267q,,failed,0,0,,no_usable_pages,known,,,bpt6k679267q: no usable pages in manifest.,2026-07-17T20:35:09.092293
leconstitutionnel,bpt6k6792683,,failed,0,0,,no_usable_pages,known,,,bpt6k6792683: no usable pages in manifest.,2026-07-17T20:35:09.184834
leconstitutionnel,bpt6k679269g,,failed,0,0,,no_usable_pages,known,,,bpt6k679269g: no usable pages in manifest.,2026-07-17T20:35:09.245924
leconstitutionnel,bpt6k679270d,,failed,0,0,,no_usable_pages,known,,,bpt6k679270d: no usable pages in manifest.,2026-07-17T20:35:09.334920
leconstitutionnel,bpt6k679271s,,failed,0,0,,no_usable_pages,known,,,bpt6k679271s: no usable pages in manifest.,2026-07-17T20:35:09.388881
leconstitutionnel,bpt6k6792725,,failed,0,0,,no_usable_pages,known,,,bpt6k6792725: no usable pages in manifest.,2026-07-17T20:35:09.460059
leconstitutionnel,bpt6k679273j,,failed,0,0,,no_usable_pages,known,,,bpt6k679273j: no usable pages in manifest.,2026-07-17T20:35:09.547820
leconstitutionnel,bpt6k679274x,,failed,0,0,,no_usable_pages,known,,,bpt6k679274x: no usable pages in manifest.,2026-07-17T20:35:09.602975
leconstitutionnel,bpt6k6792759,,failed,0,0,,no_usable_pages,known,,,bpt6k6792759: no usable pages in manifest.,2026-07-17T20:35:09.673352
leconstitutionnel,bpt6k679276p,,failed,0,0,,no_usable_pages,known,,,bpt6k679276p: no usable pages in manifest.,2026-07-17T20:35:09.767022
leconstitutionnel,bpt6k6792772,,failed,0,0,,no_usable_pages,known,,,bpt6k6792772: no usable pages in manifest.,2026-07-17T20:35:09.904542
leconstitutionnel,bpt6k679278f,,failed,0,0,,no_usable_pages,known,,,bpt6k679278f: no usable pages in manifest.,2026-07-17T20:35:10.017184
leconstitutionnel,bpt6k679279t,,failed,0,0,,no_usable_pages,known,,,bpt6k679279t: no usable pages in manifest.,2026-07-17T20:35:10.087244
leconstitutionnel,bpt6k679280r,,failed,0,0,,no_usable_pages,known,,,bpt6k679280r: no usable pages in manifest.,2026-07-17T20:35:10.147471
leconstitutionnel,bpt6k6792814,,failed,0,0,,no_usable_pages,known,,,bpt6k6792814: no usable pages in manifest.,2026-07-17T20:35:10.258460
leconstitutionnel,bpt6k679282h,,failed,0,0,,no_usable_pages,known,,,bpt6k679282h: no usable pages in manifest.,2026-07-17T20:35:10.353652
leconstitutionnel,bpt6k679283w,,failed,0,0,,no_usable_pages,known,,,bpt6k679283w: no usable pages in manifest.,2026-07-17T20:35:10.426321
leconstitutionnel,bpt6k6792848,,failed,0,0,,no_usable_pages,known,,,bpt6k6792848: no usable pages in manifest.,2026-07-17T20:35:10.534403
leconstitutionnel,bpt6k679285n,,failed,0,0,,no_usable_pages,known,,,bpt6k679285n: no usable pages in manifest.,2026-07-17T20:35:10.620308
leconstitutionnel,bpt6k6792861,,failed,0,0,,no_usable_pages,known,,,bpt6k6792861: no usable pages in manifest.,2026-07-17T20:35:10.693058
leconstitutionnel,bpt6k679287d,,failed,0,0,,no_usable_pages,known,,,bpt6k679287d: no usable pages in manifest.,2026-07-17T20:35:10.786569
leconstitutionnel,bpt6k679288s,,failed,0,0,,no_usable_pages,known,,,bpt6k679288s: no usable pages in manifest.,2026-07-17T20:35:10.856130
leconstitutionnel,bpt6k6792895,,failed,0,0,,no_usable_pages,known,,,bpt6k6792895: no usable pages in manifest.,2026-07-17T20:35:10.949997
leconstitutionnel,bpt6k6792903,,failed,0,0,,no_usable_pages,known,,,bpt6k6792903: no usable pages in manifest.,2026-07-17T20:35:11.034788
leconstitutionnel,bpt6k679291g,,failed,0,0,,no_usable_pages,known,,,bpt6k679291g: no usable pages in manifest.,2026-07-17T20:35:11.129083
leconstitutionnel,bpt6k679292v,,failed,0,0,,no_usable_pages,known,,,bpt6k679292v: no usable pages in manifest.,2026-07-17T20:35:11.225208
leconstitutionnel,bpt6k6792937,,failed,0,0,,no_usable_pages,known,,,bpt6k6792937: no usable pages in manifest.,2026-07-17T20:35:11.425416
leconstitutionnel,bpt6k679294m,,failed,0,0,,no_usable_pages,known,,,bpt6k679294m: no usable pages in manifest.,2026-07-17T20:35:11.505621
leconstitutionnel,bpt6k6792950,,failed,0,0,,no_usable_pages,known,,,bpt6k6792950: no usable pages in manifest.,2026-07-17T20:35:11.577001
leconstitutionnel,bpt6k679296c,,failed,0,0,,no_usable_pages,known,,,bpt6k679296c: no usable pages in manifest.,2026-07-17T20:35:11.668133
leconstitutionnel,bpt6k679297r,,failed,0,0,,no_usable_pages,known,,,bpt6k679297r: no usable pages in manifest.,2026-07-17T20:35:11.771966
leconstitutionnel,bpt6k6792984,,failed,0,0,,no_usable_pages,known,,,bpt6k6792984: no usable pages in manifest.,2026-07-17T20:35:11.875532
leconstitutionnel,bpt6k679299h,,failed,0,0,,no_usable_pages,known,,,bpt6k679299h: no usable pages in manifest.,2026-07-17T20:35:11.979813
leconstitutionnel,bpt6k6793009,,failed,0,0,,no_usable_pages,known,,,bpt6k6793009: no usable pages in manifest.,2026-07-17T20:35:12.078669
leconstitutionnel,bpt6k679301p,,failed,0,0,,no_usable_pages,known,,,bpt6k679301p: no usable pages in manifest.,2026-07-17T20:35:12.194128
leconstitutionnel,bpt6k6793022,,failed,0,0,,no_usable_pages,known,,,bpt6k6793022: no usable pages in manifest.,2026-07-17T20:35:12.291658
leconstitutionnel,bpt6k679303f,,failed,0,0,,no_usable_pages,known,,,bpt6k679303f: no usable pages in manifest.,2026-07-17T20:35:12.396941
leconstitutionnel,bpt6k679304t,,failed,0,0,,no_usable_pages,known,,,bpt6k679304t: no usable pages in manifest.,2026-07-17T20:35:12.451453
leconstitutionnel,bpt6k6793056,,failed,0,0,,no_usable_pages,known,,,bpt6k6793056: no usable pages in manifest.,2026-07-17T20:35:12.552460
leconstitutionnel,bpt6k679306k,,failed,0,0,,no_usable_pages,known,,,bpt6k679306k: no usable pages in manifest.,2026-07-17T20:35:12.630253
leconstitutionnel,bpt6k679307z,,failed,0,0,,no_usable_pages,known,,,bpt6k679307z: no usable pages in manifest.,2026-07-17T20:35:12.763167
leconstitutionnel,bpt6k679308b,,failed,0,0,,no_usable_pages,known,,,bpt6k679308b: no usable pages in manifest.,2026-07-17T20:35:12.967274
leconstitutionnel,bpt6k679309q,,failed,0,0,,no_usable_pages,known,,,bpt6k679309q: no usable pages in manifest.,2026-07-17T20:35:13.061287
leconstitutionnel,bpt6k679310n,,failed,0,0,,no_usable_pages,known,,,bpt6k679310n: no usable pages in manifest.,2026-07-17T20:35:13.138509
leconstitutionnel,bpt6k6793111,,failed,0,0,,no_usable_pages,known,,,bpt6k6793111: no usable pages in manifest.,2026-07-17T20:35:13.225344
leconstitutionnel,bpt6k679312d,,failed,0,0,,no_usable_pages,known,,,bpt6k679312d: no usable pages in manifest.,2026-07-17T20:35:13.295322
leconstitutionnel,bpt6k679313s,,failed,0,0,,no_usable_pages,known,,,bpt6k679313s: no usable pages in manifest.,2026-07-17T20:35:13.385585
leconstitutionnel,bpt6k6793145,,failed,0,0,,no_usable_pages,known,,,bpt6k6793145: no usable pages in manifest.,2026-07-17T20:35:13.473139
leconstitutionnel,bpt6k679315j,,failed,0,0,,no_usable_pages,known,,,bpt6k679315j: no usable pages in manifest.,2026-07-17T20:35:13.555601
leconstitutionnel,bpt6k679316x,,failed,0,0,,no_usable_pages,known,,,bpt6k679316x: no usable pages in manifest.,2026-07-17T20:35:13.650898
leconstitutionnel,bpt6k6793179,,failed,0,0,,no_usable_pages,known,,,bpt6k6793179: no usable pages in manifest.,2026-07-17T20:35:13.738481
leconstitutionnel,bpt6k679318p,,failed,0,0,,no_usable_pages,known,,,bpt6k679318p: no usable pages in manifest.,2026-07-17T20:35:13.826324
leconstitutionnel,bpt6k6793192,,failed,0,0,,no_usable_pages,known,,,bpt6k6793192: no usable pages in manifest.,2026-07-17T20:35:13.906687
leconstitutionnel,bpt6k6793200,,failed,0,0,,no_usable_pages,known,,,bpt6k6793200: no usable pages in manifest.,2026-07-17T20:35:14.020831
leconstitutionnel,bpt6k679321c,,failed,0,0,,no_usable_pages,known,,,bpt6k679321c: no usable pages in manifest.,2026-07-17T20:35:14.135143
leconstitutionnel,bpt6k679322r,,failed,0,0,,no_usable_pages,known,,,bpt6k679322r: no usable pages in manifest.,2026-07-17T20:35:14.219038
leconstitutionnel,bpt6k6793234,,failed,0,0,,no_usable_pages,known,,,bpt6k6793234: no usable pages in manifest.,2026-07-17T20:35:14.320381
leconstitutionnel,bpt6k679324h,,failed,0,0,,no_usable_pages,known,,,bpt6k679324h: no usable pages in manifest.,2026-07-17T20:35:14.454223
leconstitutionnel,bpt6k679325w,,failed,0,0,,no_usable_pages,known,,,bpt6k679325w: no usable pages in manifest.,2026-07-17T20:35:14.545961
leconstitutionnel,bpt6k6793268,,failed,0,0,,no_usable_pages,known,,,bpt6k6793268: no usable pages in manifest.,2026-07-17T20:35:14.653486
leconstitutionnel,bpt6k679327n,,failed,0,0,,no_usable_pages,known,,,bpt6k679327n: no usable pages in manifest.,2026-07-17T20:35:14.721964
leconstitutionnel,bpt6k6793281,,failed,0,0,,no_usable_pages,known,,,bpt6k6793281: no usable pages in manifest.,2026-07-17T20:35:14.801956
leconstitutionnel,bpt6k679329d,,failed,0,0,,no_usable_pages,known,,,bpt6k679329d: no usable pages in manifest.,2026-07-17T20:35:14.885569
leconstitutionnel,bpt6k679330b,,failed,0,0,,no_usable_pages,known,,,bpt6k679330b: no usable pages in manifest.,2026-07-17T20:35:14.953806
leconstitutionnel,bpt6k679331q,,failed,0,0,,no_usable_pages,known,,,bpt6k679331q: no usable pages in manifest.,2026-07-17T20:35:15.039437
leconstitutionnel,bpt6k6793323,,failed,0,0,,no_usable_pages,known,,,bpt6k6793323: no usable pages in manifest.,2026-07-17T20:35:15.120229
leconstitutionnel,bpt6k679333g,,failed,0,0,,no_usable_pages,known,,,bpt6k679333g: no usable pages in manifest.,2026-07-17T20:35:15.193277
leconstitutionnel,bpt6k679334v,,failed,0,0,,no_usable_pages,known,,,bpt6k679334v: no usable pages in manifest.,2026-07-17T20:35:15.269922
leconstitutionnel,bpt6k6793357,,failed,0,0,,no_usable_pages,known,,,bpt6k6793357: no usable pages in manifest.,2026-07-17T20:35:15.341305
leconstitutionnel,bpt6k679336m,,failed,0,0,,no_usable_pages,known,,,bpt6k679336m: no usable pages in manifest.,2026-07-17T20:35:15.417599
leconstitutionnel,bpt6k6793370,,failed,0,0,,no_usable_pages,known,,,bpt6k6793370: no usable pages in manifest.,2026-07-17T20:35:15.509181
leconstitutionnel,bpt6k679338c,,failed,0,0,,no_usable_pages,known,,,bpt6k679338c: no usable pages in manifest.,2026-07-17T20:35:15.582094
leconstitutionnel,bpt6k679339r,,failed,0,0,,no_usable_pages,known,,,bpt6k679339r: no usable pages in manifest.,2026-07-17T20:35:15.717673
leconstitutionnel,bpt6k679340p,,failed,0,0,,no_usable_pages,known,,,bpt6k679340p: no usable pages in manifest.,2026-07-17T20:35:16.001944
leconstitutionnel,bpt6k6793412,,failed,0,0,,no_usable_pages,known,,,bpt6k6793412: no usable pages in manifest.,2026-07-17T20:35:16.174494
leconstitutionnel,bpt6k679342f,,failed,0,0,,no_usable_pages,known,,,bpt6k679342f: no usable pages in manifest.,2026-07-17T20:35:16.270097
leconstitutionnel,bpt6k679343t,,failed,0,0,,no_usable_pages,known,,,bpt6k679343t: no usable pages in manifest.,2026-07-17T20:35:16.382896
leconstitutionnel,bpt6k6793446,,failed,0,0,,no_usable_pages,known,,,bpt6k6793446: no usable pages in manifest.,2026-07-17T20:35:16.462998
leconstitutionnel,bpt6k679345k,,failed,0,0,,no_usable_pages,known,,,bpt6k679345k: no usable pages in manifest.,2026-07-17T20:35:16.635218
leconstitutionnel,bpt6k679346z,,failed,0,0,,no_usable_pages,known,,,bpt6k679346z: no usable pages in manifest.,2026-07-17T20:35:16.768229
leconstitutionnel,bpt6k679347b,,failed,0,0,,no_usable_pages,known,,,bpt6k679347b: no usable pages in manifest.,2026-07-17T20:35:16.861016
leconstitutionnel,bpt6k679348q,,failed,0,0,,no_usable_pages,known,,,bpt6k679348q: no usable pages in manifest.,2026-07-17T20:35:16.920849
leconstitutionnel,bpt6k6793493,,failed,0,0,,no_usable_pages,known,,,bpt6k6793493: no usable pages in manifest.,2026-07-17T20:35:16.998090
leconstitutionnel,bpt6k6793501,,failed,0,0,,no_usable_pages,known,,,bpt6k6793501: no usable pages in manifest.,2026-07-17T20:35:17.082495
leconstitutionnel,bpt6k679351d,,failed,0,0,,no_usable_pages,known,,,bpt6k679351d: no usable pages in manifest.,2026-07-17T20:35:17.221824
leconstitutionnel,bpt6k679352s,,failed,0,0,,no_usable_pages,known,,,bpt6k679352s: no usable pages in manifest.,2026-07-17T20:35:17.302562
leconstitutionnel,bpt6k6793535,,failed,0,0,,no_usable_pages,known,,,bpt6k6793535: no usable pages in manifest.,2026-07-17T20:35:17.369087
leconstitutionnel,bpt6k679354j,,failed,0,0,,no_usable_pages,known,,,bpt6k679354j: no usable pages in manifest.,2026-07-17T20:35:17.452840
leconstitutionnel,bpt6k679355x,,failed,0,0,,no_usable_pages,known,,,bpt6k679355x: no usable pages in manifest.,2026-07-17T20:35:17.535115
leconstitutionnel,bpt6k6793569,,failed,0,0,,no_usable_pages,known,,,bpt6k6793569: no usable pages in manifest.,2026-07-17T20:35:17.711879
leconstitutionnel,bpt6k679357p,,failed,0,0,,no_usable_pages,known,,,bpt6k679357p: no usable pages in manifest.,2026-07-17T20:35:17.823047
leconstitutionnel,bpt6k6793582,,failed,0,0,,no_usable_pages,known,,,bpt6k6793582: no usable pages in manifest.,2026-07-17T20:35:17.897952
leconstitutionnel,bpt6k679359f,,failed,0,0,,no_usable_pages,known,,,bpt6k679359f: no usable pages in manifest.,2026-07-17T20:35:17.969886
leconstitutionnel,bpt6k679360c,,failed,0,0,,no_usable_pages,known,,,bpt6k679360c: no usable pages in manifest.,2026-07-17T20:35:18.044860
leconstitutionnel,bpt6k679361r,,failed,0,0,,no_usable_pages,known,,,bpt6k679361r: no usable pages in manifest.,2026-07-17T20:35:18.135321
leconstitutionnel,bpt6k6793624,,failed,0,0,,no_usable_pages,known,,,bpt6k6793624: no usable pages in manifest.,2026-07-17T20:35:18.260478
leconstitutionnel,bpt6k679363h,,failed,0,0,,no_usable_pages,known,,,bpt6k679363h: no usable pages in manifest.,2026-07-17T20:35:18.361237
leconstitutionnel,bpt6k679364w,,failed,0,0,,no_usable_pages,known,,,bpt6k679364w: no usable pages in manifest.,2026-07-17T20:35:18.444479
leconstitutionnel,bpt6k6793658,,failed,0,0,,no_usable_pages,known,,,bpt6k6793658: no usable pages in manifest.,2026-07-17T20:35:18.520039
leconstitutionnel,bpt6k679366n,,failed,0,0,,no_usable_pages,known,,,bpt6k679366n: no usable pages in manifest.,2026-07-17T20:35:18.632467
leconstitutionnel,bpt6k6793671,,failed,0,0,,no_usable_pages,known,,,bpt6k6793671: no usable pages in manifest.,2026-07-17T20:35:18.755858
leconstitutionnel,bpt6k679368d,,failed,0,0,,no_usable_pages,known,,,bpt6k679368d: no usable pages in manifest.,2026-07-17T20:35:18.865042
leconstitutionnel,bpt6k679369s,,failed,0,0,,no_usable_pages,known,,,bpt6k679369s: no usable pages in manifest.,2026-07-17T20:35:18.949524
leconstitutionnel,bpt6k679370q,,failed,0,0,,no_usable_pages,known,,,bpt6k679370q: no usable pages in manifest.,2026-07-17T20:35:19.064894
leconstitutionnel,bpt6k6793713,,failed,0,0,,no_usable_pages,known,,,bpt6k6793713: no usable pages in manifest.,2026-07-17T20:35:19.181719
leconstitutionnel,bpt6k679372g,,failed,0,0,,no_usable_pages,known,,,bpt6k679372g: no usable pages in manifest.,2026-07-17T20:35:19.341371
leconstitutionnel,bpt6k679373v,,failed,0,0,,no_usable_pages,known,,,bpt6k679373v: no usable pages in manifest.,2026-07-17T20:35:19.559340
leconstitutionnel,bpt6k6793747,,failed,0,0,,no_usable_pages,known,,,bpt6k6793747: no usable pages in manifest.,2026-07-17T20:35:19.672681
leconstitutionnel,bpt6k679375m,,failed,0,0,,no_usable_pages,known,,,bpt6k679375m: no usable pages in manifest.,2026-07-17T20:35:19.783174
leconstitutionnel,bpt6k6793760,,failed,0,0,,no_usable_pages,known,,,bpt6k6793760: no usable pages in manifest.,2026-07-17T20:35:19.891847
leconstitutionnel,bpt6k679377c,,failed,0,0,,no_usable_pages,known,,,bpt6k679377c: no usable pages in manifest.,2026-07-17T20:35:19.983225
leconstitutionnel,bpt6k679378r,,failed,0,0,,no_usable_pages,known,,,bpt6k679378r: no usable pages in manifest.,2026-07-17T20:35:20.045292
leconstitutionnel,bpt6k6793794,,failed,0,0,,no_usable_pages,known,,,bpt6k6793794: no usable pages in manifest.,2026-07-17T20:35:20.138335
leconstitutionnel,bpt6k6793802,,failed,0,0,,no_usable_pages,known,,,bpt6k6793802: no usable pages in manifest.,2026-07-17T20:35:20.240837
leconstitutionnel,bpt6k679381f,,failed,0,0,,no_usable_pages,known,,,bpt6k679381f: no usable pages in manifest.,2026-07-17T20:35:20.389887
leconstitutionnel,bpt6k679382t,,failed,0,0,,no_usable_pages,known,,,bpt6k679382t: no usable pages in manifest.,2026-07-17T20:35:20.474698
leconstitutionnel,bpt6k6793836,,failed,0,0,,no_usable_pages,known,,,bpt6k6793836: no usable pages in manifest.,2026-07-17T20:35:20.533195
leconstitutionnel,bpt6k679384k,,failed,0,0,,no_usable_pages,known,,,bpt6k679384k: no usable pages in manifest.,2026-07-17T20:35:20.615305
leconstitutionnel,bpt6k679385z,,failed,0,0,,no_usable_pages,known,,,bpt6k679385z: no usable pages in manifest.,2026-07-17T20:35:20.684325
leconstitutionnel,bpt6k679386b,,failed,0,0,,no_usable_pages,known,,,bpt6k679386b: no usable pages in manifest.,2026-07-17T20:35:20.773820
leconstitutionnel,bpt6k679387q,,failed,0,0,,no_usable_pages,known,,,bpt6k679387q: no usable pages in manifest.,2026-07-17T20:35:20.860677
leconstitutionnel,bpt6k6793883,,failed,0,0,,no_usable_pages,known,,,bpt6k6793883: no usable pages in manifest.,2026-07-17T20:35:20.924162
leconstitutionnel,bpt6k679389g,,failed,0,0,,no_usable_pages,known,,,bpt6k679389g: no usable pages in manifest.,2026-07-17T20:35:21.031651
leconstitutionnel,bpt6k679390d,,failed,0,0,,no_usable_pages,known,,,bpt6k679390d: no usable pages in manifest.,2026-07-17T20:35:21.118288
leconstitutionnel,bpt6k679391s,,failed,0,0,,no_usable_pages,known,,,bpt6k679391s: no usable pages in manifest.,2026-07-17T20:35:21.207568
leconstitutionnel,bpt6k6793925,,failed,0,0,,no_usable_pages,known,,,bpt6k6793925: no usable pages in manifest.,2026-07-17T20:35:21.292728
leconstitutionnel,bpt6k679393j,,failed,0,0,,no_usable_pages,known,,,bpt6k679393j: no usable pages in manifest.,2026-07-17T20:35:21.408639
leconstitutionnel,bpt6k679394x,,failed,0,0,,no_usable_pages,known,,,bpt6k679394x: no usable pages in manifest.,2026-07-17T20:35:21.499422
leconstitutionnel,bpt6k6793959,,failed,0,0,,no_usable_pages,known,,,bpt6k6793959: no usable pages in manifest.,2026-07-17T20:35:21.573465
leconstitutionnel,bpt6k679396p,,failed,0,0,,no_usable_pages,known,,,bpt6k679396p: no usable pages in manifest.,2026-07-17T20:35:21.683826
leconstitutionnel,bpt6k6793972,,failed,0,0,,no_usable_pages,known,,,bpt6k6793972: no usable pages in manifest.,2026-07-17T20:35:21.777069
leconstitutionnel,bpt6k679398f,,failed,0,0,,no_usable_pages,known,,,bpt6k679398f: no usable pages in manifest.,2026-07-17T20:35:21.885905
leconstitutionnel,bpt6k679399t,,failed,0,0,,no_usable_pages,known,,,bpt6k679399t: no usable pages in manifest.,2026-07-17T20:35:21.967406
leconstitutionnel,bpt6k679400m,,failed,0,0,,no_usable_pages,known,,,bpt6k679400m: no usable pages in manifest.,2026-07-17T20:35:22.074409
leconstitutionnel,bpt6k6794010,,failed,0,0,,no_usable_pages,known,,,bpt6k6794010: no usable pages in manifest.,2026-07-17T20:35:22.174277
leconstitutionnel,bpt6k679402c,,failed,0,0,,no_usable_pages,known,,,bpt6k679402c: no usable pages in manifest.,2026-07-17T20:35:22.251411
leconstitutionnel,bpt6k679403r,,failed,0,0,,no_usable_pages,known,,,bpt6k679403r: no usable pages in manifest.,2026-07-17T20:35:22.322629
leconstitutionnel,bpt6k6794044,,failed,0,0,,no_usable_pages,known,,,bpt6k6794044: no usable pages in manifest.,2026-07-17T20:35:22.541241
leconstitutionnel,bpt6k679405h,,failed,0,0,,no_usable_pages,known,,,bpt6k679405h: no usable pages in manifest.,2026-07-17T20:35:22.796636
leconstitutionnel,bpt6k679406w,,failed,0,0,,no_usable_pages,known,,,bpt6k679406w: no usable pages in manifest.,2026-07-17T20:35:22.922107
leconstitutionnel,bpt6k6794078,,failed,0,0,,no_usable_pages,known,,,bpt6k6794078: no usable pages in manifest.,2026-07-17T20:35:22.999163
leconstitutionnel,bpt6k679408n,,failed,0,0,,no_usable_pages,known,,,bpt6k679408n: no usable pages in manifest.,2026-07-17T20:35:23.077968
leconstitutionnel,bpt6k6794091,,failed,0,0,,no_usable_pages,known,,,bpt6k6794091: no usable pages in manifest.,2026-07-17T20:35:23.161227
leconstitutionnel,bpt6k679410z,,failed,0,0,,no_usable_pages,known,,,bpt6k679410z: no usable pages in manifest.,2026-07-17T20:35:23.222814
leconstitutionnel,bpt6k679411b,,failed,0,0,,no_usable_pages,known,,,bpt6k679411b: no usable pages in manifest.,2026-07-17T20:35:23.314375
leconstitutionnel,bpt6k679412q,,failed,0,0,,no_usable_pages,known,,,bpt6k679412q: no usable pages in manifest.,2026-07-17T20:35:23.381663
leconstitutionnel,bpt6k6794133,,failed,0,0,,no_usable_pages,known,,,bpt6k6794133: no usable pages in manifest.,2026-07-17T20:35:23.496666
leconstitutionnel,bpt6k679414g,,failed,0,0,,no_usable_pages,known,,,bpt6k679414g: no usable pages in manifest.,2026-07-17T20:35:23.574360
leconstitutionnel,bpt6k679415v,,failed,0,0,,no_usable_pages,known,,,bpt6k679415v: no usable pages in manifest.,2026-07-17T20:35:23.670097
leconstitutionnel,bpt6k6794167,,failed,0,0,,no_usable_pages,known,,,bpt6k6794167: no usable pages in manifest.,2026-07-17T20:35:23.787343
leconstitutionnel,bpt6k679417m,,failed,0,0,,no_usable_pages,known,,,bpt6k679417m: no usable pages in manifest.,2026-07-17T20:35:23.854125
leconstitutionnel,bpt6k6794180,,failed,0,0,,no_usable_pages,known,,,bpt6k6794180: no usable pages in manifest.,2026-07-17T20:35:23.986613
leconstitutionnel,bpt6k679419c,,failed,0,0,,no_usable_pages,known,,,bpt6k679419c: no usable pages in manifest.,2026-07-17T20:35:24.096457
leconstitutionnel,bpt6k6794209,,failed,0,0,,no_usable_pages,known,,,bpt6k6794209: no usable pages in manifest.,2026-07-17T20:35:24.336837
leconstitutionnel,bpt6k679421p,,failed,0,0,,no_usable_pages,known,,,bpt6k679421p: no usable pages in manifest.,2026-07-17T20:35:24.479757
leconstitutionnel,bpt6k6794222,,failed,0,0,,no_usable_pages,known,,,bpt6k6794222: no usable pages in manifest.,2026-07-17T20:35:24.682101
leconstitutionnel,bpt6k679423f,,failed,0,0,,no_usable_pages,known,,,bpt6k679423f: no usable pages in manifest.,2026-07-17T20:35:24.774432
leconstitutionnel,bpt6k679424t,,failed,0,0,,no_usable_pages,known,,,bpt6k679424t: no usable pages in manifest.,2026-07-17T20:35:24.829616
leconstitutionnel,bpt6k6794256,,failed,0,0,,no_usable_pages,known,,,bpt6k6794256: no usable pages in manifest.,2026-07-17T20:35:24.902550
leconstitutionnel,bpt6k679426k,,failed,0,0,,no_usable_pages,known,,,bpt6k679426k: no usable pages in manifest.,2026-07-17T20:35:24.996143
leconstitutionnel,bpt6k679427z,,failed,0,0,,no_usable_pages,known,,,bpt6k679427z: no usable pages in manifest.,2026-07-17T20:35:25.080223
leconstitutionnel,bpt6k679428b,,failed,0,0,,no_usable_pages,known,,,bpt6k679428b: no usable pages in manifest.,2026-07-17T20:35:25.147790
leconstitutionnel,bpt6k679429q,,failed,0,0,,no_usable_pages,known,,,bpt6k679429q: no usable pages in manifest.,2026-07-17T20:35:25.217084
leconstitutionnel,bpt6k679430n,,failed,0,0,,no_usable_pages,known,,,bpt6k679430n: no usable pages in manifest.,2026-07-17T20:35:25.294352
leconstitutionnel,bpt6k6794311,,failed,0,0,,no_usable_pages,known,,,bpt6k6794311: no usable pages in manifest.,2026-07-17T20:35:25.361594
leconstitutionnel,bpt6k679432d,,failed,0,0,,no_usable_pages,known,,,bpt6k679432d: no usable pages in manifest.,2026-07-17T20:35:25.445150
leconstitutionnel,bpt6k679433s,,failed,0,0,,no_usable_pages,known,,,bpt6k679433s: no usable pages in manifest.,2026-07-17T20:35:25.527726
leconstitutionnel,bpt6k6794345,,failed,0,0,,no_usable_pages,known,,,bpt6k6794345: no usable pages in manifest.,2026-07-17T20:35:25.617570
leconstitutionnel,bpt6k679435j,,failed,0,0,,no_usable_pages,known,,,bpt6k679435j: no usable pages in manifest.,2026-07-17T20:35:25.714438
leconstitutionnel,bpt6k679436x,,failed,0,0,,no_usable_pages,known,,,bpt6k679436x: no usable pages in manifest.,2026-07-17T20:35:25.802719
leconstitutionnel,bpt6k6794379,,failed,0,0,,no_usable_pages,known,,,bpt6k6794379: no usable pages in manifest.,2026-07-17T20:35:25.928200
leconstitutionnel,bpt6k679438p,,failed,0,0,,no_usable_pages,known,,,bpt6k679438p: no usable pages in manifest.,2026-07-17T20:35:26.052155
leconstitutionnel,bpt6k6794392,,failed,0,0,,no_usable_pages,known,,,bpt6k6794392: no usable pages in manifest.,2026-07-17T20:35:26.150743
leconstitutionnel,bpt6k6794400,,failed,0,0,,no_usable_pages,known,,,bpt6k6794400: no usable pages in manifest.,2026-07-17T20:35:26.236523
leconstitutionnel,bpt6k679441c,,failed,0,0,,no_usable_pages,known,,,bpt6k679441c: no usable pages in manifest.,2026-07-17T20:35:26.338467
leconstitutionnel,bpt6k679442r,,failed,0,0,,no_usable_pages,known,,,bpt6k679442r: no usable pages in manifest.,2026-07-17T20:35:26.433668
leconstitutionnel,bpt6k6794434,,failed,0,0,,no_usable_pages,known,,,bpt6k6794434: no usable pages in manifest.,2026-07-17T20:35:26.512305
leconstitutionnel,bpt6k679444h,,failed,0,0,,no_usable_pages,known,,,bpt6k679444h: no usable pages in manifest.,2026-07-17T20:35:26.639099
leconstitutionnel,bpt6k679445w,,failed,0,0,,no_usable_pages,known,,,bpt6k679445w: no usable pages in manifest.,2026-07-17T20:35:26.759146
leconstitutionnel,bpt6k6794468,,failed,0,0,,no_usable_pages,known,,,bpt6k6794468: no usable pages in manifest.,2026-07-17T20:35:26.857392
leconstitutionnel,bpt6k679447n,,failed,0,0,,no_usable_pages,known,,,bpt6k679447n: no usable pages in manifest.,2026-07-17T20:35:26.926643
leconstitutionnel,bpt6k6794481,,failed,0,0,,no_usable_pages,known,,,bpt6k6794481: no usable pages in manifest.,2026-07-17T20:35:27.010442
leconstitutionnel,bpt6k679449d,,failed,0,0,,no_usable_pages,known,,,bpt6k679449d: no usable pages in manifest.,2026-07-17T20:35:27.107501
leconstitutionnel,bpt6k679450b,,failed,0,0,,no_usable_pages,known,,,bpt6k679450b: no usable pages in manifest.,2026-07-17T20:35:27.184677
leconstitutionnel,bpt6k679451q,,failed,0,0,,no_usable_pages,known,,,bpt6k679451q: no usable pages in manifest.,2026-07-17T20:35:27.252837
leconstitutionnel,bpt6k6794523,,failed,0,0,,no_usable_pages,known,,,bpt6k6794523: no usable pages in manifest.,2026-07-17T20:35:27.354769
leconstitutionnel,bpt6k679453g,,failed,0,0,,no_usable_pages,known,,,bpt6k679453g: no usable pages in manifest.,2026-07-17T20:35:27.495194
leconstitutionnel,bpt6k679454v,,failed,0,0,,no_usable_pages,known,,,bpt6k679454v: no usable pages in manifest.,2026-07-17T20:35:27.588611
leconstitutionnel,bpt6k6794557,,failed,0,0,,no_usable_pages,known,,,bpt6k6794557: no usable pages in manifest.,2026-07-17T20:35:27.669083
leconstitutionnel,bpt6k679456m,,failed,0,0,,no_usable_pages,known,,,bpt6k679456m: no usable pages in manifest.,2026-07-17T20:35:27.794638
leconstitutionnel,bpt6k6794570,,failed,0,0,,no_usable_pages,known,,,bpt6k6794570: no usable pages in manifest.,2026-07-17T20:35:27.874291
leconstitutionnel,bpt6k679458c,,failed,0,0,,no_usable_pages,known,,,bpt6k679458c: no usable pages in manifest.,2026-07-17T20:35:27.941633
leconstitutionnel,bpt6k679459r,,failed,0,0,,no_usable_pages,known,,,bpt6k679459r: no usable pages in manifest.,2026-07-17T20:35:28.009536
leconstitutionnel,bpt6k679460p,,failed,0,0,,no_usable_pages,known,,,bpt6k679460p: no usable pages in manifest.,2026-07-17T20:35:28.085633
leconstitutionnel,bpt6k6794612,,failed,0,0,,no_usable_pages,known,,,bpt6k6794612: no usable pages in manifest.,2026-07-17T20:35:28.180414
leconstitutionnel,bpt6k679462f,,failed,0,0,,no_usable_pages,known,,,bpt6k679462f: no usable pages in manifest.,2026-07-17T20:35:28.265708
leconstitutionnel,bpt6k679463t,,failed,0,0,,no_usable_pages,known,,,bpt6k679463t: no usable pages in manifest.,2026-07-17T20:35:28.348122
leconstitutionnel,bpt6k6794646,,failed,0,0,,no_usable_pages,known,,,bpt6k6794646: no usable pages in manifest.,2026-07-17T20:35:28.403902
leconstitutionnel,bpt6k679465k,,failed,0,0,,no_usable_pages,known,,,bpt6k679465k: no usable pages in manifest.,2026-07-17T20:35:28.500549
leconstitutionnel,bpt6k679466z,,failed,0,0,,no_usable_pages,known,,,bpt6k679466z: no usable pages in manifest.,2026-07-17T20:35:28.593918
leconstitutionnel,bpt6k679467b,,failed,0,0,,no_usable_pages,known,,,bpt6k679467b: no usable pages in manifest.,2026-07-17T20:35:28.685194
leconstitutionnel,bpt6k679468q,,failed,0,0,,no_usable_pages,known,,,bpt6k679468q: no usable pages in manifest.,2026-07-17T20:35:28.773164
leconstitutionnel,bpt6k6794693,,failed,0,0,,no_usable_pages,known,,,bpt6k6794693: no usable pages in manifest.,2026-07-17T20:35:28.886912
leconstitutionnel,bpt6k6794701,,failed,0,0,,no_usable_pages,known,,,bpt6k6794701: no usable pages in manifest.,2026-07-17T20:35:28.963594
leconstitutionnel,bpt6k679471d,,failed,0,0,,no_usable_pages,known,,,bpt6k679471d: no usable pages in manifest.,2026-07-17T20:35:29.040535
leconstitutionnel,bpt6k679472s,,failed,0,0,,no_usable_pages,known,,,bpt6k679472s: no usable pages in manifest.,2026-07-17T20:35:29.120728
leconstitutionnel,bpt6k6794735,,failed,0,0,,no_usable_pages,known,,,bpt6k6794735: no usable pages in manifest.,2026-07-17T20:35:29.226084
leconstitutionnel,bpt6k679474j,,failed,0,0,,no_usable_pages,known,,,bpt6k679474j: no usable pages in manifest.,2026-07-17T20:35:29.306516
leconstitutionnel,bpt6k679475x,,failed,0,0,,no_usable_pages,known,,,bpt6k679475x: no usable pages in manifest.,2026-07-17T20:35:29.383396
leconstitutionnel,bpt6k6794769,,failed,0,0,,no_usable_pages,known,,,bpt6k6794769: no usable pages in manifest.,2026-07-17T20:35:29.471310
leconstitutionnel,bpt6k679477p,,failed,0,0,,no_usable_pages,known,,,bpt6k679477p: no usable pages in manifest.,2026-07-17T20:35:29.550206
leconstitutionnel,bpt6k6794782,,failed,0,0,,no_usable_pages,known,,,bpt6k6794782: no usable pages in manifest.,2026-07-17T20:35:29.629172
leconstitutionnel,bpt6k679479f,,failed,0,0,,no_usable_pages,known,,,bpt6k679479f: no usable pages in manifest.,2026-07-17T20:35:29.694955
leconstitutionnel,bpt6k679480c,,failed,0,0,,no_usable_pages,known,,,bpt6k679480c: no usable pages in manifest.,2026-07-17T20:35:29.770935
leconstitutionnel,bpt6k679481r,,failed,0,0,,no_usable_pages,known,,,bpt6k679481r: no usable pages in manifest.,2026-07-17T20:35:29.877318
leconstitutionnel,bpt6k6794824,,failed,0,0,,no_usable_pages,known,,,bpt6k6794824: no usable pages in manifest.,2026-07-17T20:35:29.944210
leconstitutionnel,bpt6k679483h,,failed,0,0,,no_usable_pages,known,,,bpt6k679483h: no usable pages in manifest.,2026-07-17T20:35:30.023942
leconstitutionnel,bpt6k679484w,,failed,0,0,,no_usable_pages,known,,,bpt6k679484w: no usable pages in manifest.,2026-07-17T20:35:30.111701
leconstitutionnel,bpt6k6794858,,failed,0,0,,no_usable_pages,known,,,bpt6k6794858: no usable pages in manifest.,2026-07-17T20:35:30.183274
leconstitutionnel,bpt6k679486n,,failed,0,0,,no_usable_pages,known,,,bpt6k679486n: no usable pages in manifest.,2026-07-17T20:35:30.310591
leconstitutionnel,bpt6k6794871,,failed,0,0,,no_usable_pages,known,,,bpt6k6794871: no usable pages in manifest.,2026-07-17T20:35:30.470536
leconstitutionnel,bpt6k679488d,,failed,0,0,,no_usable_pages,known,,,bpt6k679488d: no usable pages in manifest.,2026-07-17T20:35:30.563776
leconstitutionnel,bpt6k679489s,,failed,0,0,,no_usable_pages,known,,,bpt6k679489s: no usable pages in manifest.,2026-07-17T20:35:30.653922
leconstitutionnel,bpt6k679490q,,failed,0,0,,no_usable_pages,known,,,bpt6k679490q: no usable pages in manifest.,2026-07-17T20:35:30.717099
leconstitutionnel,bpt6k6794913,,failed,0,0,,no_usable_pages,known,,,bpt6k6794913: no usable pages in manifest.,2026-07-17T20:35:30.798831
leconstitutionnel,bpt6k679492g,,failed,0,0,,no_usable_pages,known,,,bpt6k679492g: no usable pages in manifest.,2026-07-17T20:35:30.901185
leconstitutionnel,bpt6k679493v,,failed,0,0,,no_usable_pages,known,,,bpt6k679493v: no usable pages in manifest.,2026-07-17T20:35:30.968147
leconstitutionnel,bpt6k6794947,,failed,0,0,,no_usable_pages,known,,,bpt6k6794947: no usable pages in manifest.,2026-07-17T20:35:31.042992
leconstitutionnel,bpt6k679495m,,failed,0,0,,no_usable_pages,known,,,bpt6k679495m: no usable pages in manifest.,2026-07-17T20:35:31.113749
leconstitutionnel,bpt6k6794960,,failed,0,0,,no_usable_pages,known,,,bpt6k6794960: no usable pages in manifest.,2026-07-17T20:35:31.202309
leconstitutionnel,bpt6k679497c,,failed,0,0,,no_usable_pages,known,,,bpt6k679497c: no usable pages in manifest.,2026-07-17T20:35:31.282316
leconstitutionnel,bpt6k679498r,,failed,0,0,,no_usable_pages,known,,,bpt6k679498r: no usable pages in manifest.,2026-07-17T20:35:31.345009
leconstitutionnel,bpt6k6794994,,failed,0,0,,no_usable_pages,known,,,bpt6k6794994: no usable pages in manifest.,2026-07-17T20:35:31.436217
leconstitutionnel,bpt6k679500x,,failed,0,0,,no_usable_pages,known,,,bpt6k679500x: no usable pages in manifest.,2026-07-17T20:35:31.513646
leconstitutionnel,bpt6k6795019,,failed,0,0,,no_usable_pages,known,,,bpt6k6795019: no usable pages in manifest.,2026-07-17T20:35:31.584555
leconstitutionnel,bpt6k679502p,,failed,0,0,,no_usable_pages,known,,,bpt6k679502p: no usable pages in manifest.,2026-07-17T20:35:31.681629
leconstitutionnel,bpt6k6795032,,failed,0,0,,no_usable_pages,known,,,bpt6k6795032: no usable pages in manifest.,2026-07-17T20:35:31.781462
leconstitutionnel,bpt6k679504f,,failed,0,0,,no_usable_pages,known,,,bpt6k679504f: no usable pages in manifest.,2026-07-17T20:35:31.999888
leconstitutionnel,bpt6k679505t,,failed,0,0,,no_usable_pages,known,,,bpt6k679505t: no usable pages in manifest.,2026-07-17T20:35:32.078562
leconstitutionnel,bpt6k6795066,,failed,0,0,,no_usable_pages,known,,,bpt6k6795066: no usable pages in manifest.,2026-07-17T20:35:32.160036
leconstitutionnel,bpt6k679507k,,failed,0,0,,no_usable_pages,known,,,bpt6k679507k: no usable pages in manifest.,2026-07-17T20:35:32.236402
leconstitutionnel,bpt6k679508z,,failed,0,0,,no_usable_pages,known,,,bpt6k679508z: no usable pages in manifest.,2026-07-17T20:35:32.348271
leconstitutionnel,bpt6k679509b,,failed,0,0,,no_usable_pages,known,,,bpt6k679509b: no usable pages in manifest.,2026-07-17T20:35:32.437155
leconstitutionnel,bpt6k6795108,,failed,0,0,,no_usable_pages,known,,,bpt6k6795108: no usable pages in manifest.,2026-07-17T20:35:32.544809
leconstitutionnel,bpt6k679511n,,failed,0,0,,no_usable_pages,known,,,bpt6k679511n: no usable pages in manifest.,2026-07-17T20:35:32.629923
leconstitutionnel,bpt6k6795121,,failed,0,0,,no_usable_pages,known,,,bpt6k6795121: no usable pages in manifest.,2026-07-17T20:35:32.726336
leconstitutionnel,bpt6k679513d,,failed,0,0,,no_usable_pages,known,,,bpt6k679513d: no usable pages in manifest.,2026-07-17T20:35:32.811939
leconstitutionnel,bpt6k679514s,,failed,0,0,,no_usable_pages,known,,,bpt6k679514s: no usable pages in manifest.,2026-07-17T20:35:32.894474
leconstitutionnel,bpt6k6795155,,failed,0,0,,no_usable_pages,known,,,bpt6k6795155: no usable pages in manifest.,2026-07-17T20:35:32.979527
leconstitutionnel,bpt6k679516j,,failed,0,0,,no_usable_pages,known,,,bpt6k679516j: no usable pages in manifest.,2026-07-17T20:35:33.103468
leconstitutionnel,bpt6k679517x,,failed,0,0,,no_usable_pages,known,,,bpt6k679517x: no usable pages in manifest.,2026-07-17T20:35:33.193225
leconstitutionnel,bpt6k6795189,,failed,0,0,,no_usable_pages,known,,,bpt6k6795189: no usable pages in manifest.,2026-07-17T20:35:33.329052
leconstitutionnel,bpt6k679519p,,failed,0,0,,no_usable_pages,known,,,bpt6k679519p: no usable pages in manifest.,2026-07-17T20:35:33.449215
leconstitutionnel,bpt6k679520m,,failed,0,0,,no_usable_pages,known,,,bpt6k679520m: no usable pages in manifest.,2026-07-17T20:35:33.560108
leconstitutionnel,bpt6k6795210,,failed,0,0,,no_usable_pages,known,,,bpt6k6795210: no usable pages in manifest.,2026-07-17T20:35:33.699072
leconstitutionnel,bpt6k679522c,,failed,0,0,,no_usable_pages,known,,,bpt6k679522c: no usable pages in manifest.,2026-07-17T20:35:33.791070
leconstitutionnel,bpt6k679523r,,failed,0,0,,no_usable_pages,known,,,bpt6k679523r: no usable pages in manifest.,2026-07-17T20:35:33.877978
leconstitutionnel,bpt6k6795244,,failed,0,0,,no_usable_pages,known,,,bpt6k6795244: no usable pages in manifest.,2026-07-17T20:35:33.959345
leconstitutionnel,bpt6k679525h,,failed,0,0,,no_usable_pages,known,,,bpt6k679525h: no usable pages in manifest.,2026-07-17T20:35:34.030662
leconstitutionnel,bpt6k679526w,,failed,0,0,,no_usable_pages,known,,,bpt6k679526w: no usable pages in manifest.,2026-07-17T20:35:34.159215
leconstitutionnel,bpt6k6795278,,failed,0,0,,no_usable_pages,known,,,bpt6k6795278: no usable pages in manifest.,2026-07-17T20:35:34.241991
leconstitutionnel,bpt6k679528n,,failed,0,0,,no_usable_pages,known,,,bpt6k679528n: no usable pages in manifest.,2026-07-17T20:35:34.318402
leconstitutionnel,bpt6k6795291,,failed,0,0,,no_usable_pages,known,,,bpt6k6795291: no usable pages in manifest.,2026-07-17T20:35:34.387547
leconstitutionnel,bpt6k679530z,,failed,0,0,,no_usable_pages,known,,,bpt6k679530z: no usable pages in manifest.,2026-07-17T20:35:34.472568
leconstitutionnel,bpt6k679531b,,failed,0,0,,no_usable_pages,known,,,bpt6k679531b: no usable pages in manifest.,2026-07-17T20:35:34.541157
leconstitutionnel,bpt6k679532q,,failed,0,0,,no_usable_pages,known,,,bpt6k679532q: no usable pages in manifest.,2026-07-17T20:35:34.640725
leconstitutionnel,bpt6k6795333,,failed,0,0,,no_usable_pages,known,,,bpt6k6795333: no usable pages in manifest.,2026-07-17T20:35:34.737645
leconstitutionnel,bpt6k679534g,,failed,0,0,,no_usable_pages,known,,,bpt6k679534g: no usable pages in manifest.,2026-07-17T20:35:34.827720
leconstitutionnel,bpt6k679535v,,failed,0,0,,no_usable_pages,known,,,bpt6k679535v: no usable pages in manifest.,2026-07-17T20:35:34.937213
leconstitutionnel,bpt6k6795367,,failed,0,0,,no_usable_pages,known,,,bpt6k6795367: no usable pages in manifest.,2026-07-17T20:35:35.028793
leconstitutionnel,bpt6k679537m,,failed,0,0,,no_usable_pages,known,,,bpt6k679537m: no usable pages in manifest.,2026-07-17T20:35:35.106728
leconstitutionnel,bpt6k6795380,,failed,0,0,,no_usable_pages,known,,,bpt6k6795380: no usable pages in manifest.,2026-07-17T20:35:35.225023
leconstitutionnel,bpt6k679539c,,failed,0,0,,no_usable_pages,known,,,bpt6k679539c: no usable pages in manifest.,2026-07-17T20:35:35.311189
leconstitutionnel,bpt6k6795409,,failed,0,0,,no_usable_pages,known,,,bpt6k6795409: no usable pages in manifest.,2026-07-17T20:35:35.378704
leconstitutionnel,bpt6k679541p,,failed,0,0,,no_usable_pages,known,,,bpt6k679541p: no usable pages in manifest.,2026-07-17T20:35:35.458548
leconstitutionnel,bpt6k6795422,,failed,0,0,,no_usable_pages,known,,,bpt6k6795422: no usable pages in manifest.,2026-07-17T20:35:35.555270
leconstitutionnel,bpt6k679543f,,failed,0,0,,no_usable_pages,known,,,bpt6k679543f: no usable pages in manifest.,2026-07-17T20:35:35.625969
leconstitutionnel,bpt6k679544t,,failed,0,0,,no_usable_pages,known,,,bpt6k679544t: no usable pages in manifest.,2026-07-17T20:35:35.707933
leconstitutionnel,bpt6k6795456,,failed,0,0,,no_usable_pages,known,,,bpt6k6795456: no usable pages in manifest.,2026-07-17T20:35:35.814184
leconstitutionnel,bpt6k679546k,,failed,0,0,,no_usable_pages,known,,,bpt6k679546k: no usable pages in manifest.,2026-07-17T20:35:35.894930
leconstitutionnel,bpt6k679547z,,failed,0,0,,no_usable_pages,known,,,bpt6k679547z: no usable pages in manifest.,2026-07-17T20:35:35.972418
leconstitutionnel,bpt6k679548b,,failed,0,0,,no_usable_pages,known,,,bpt6k679548b: no usable pages in manifest.,2026-07-17T20:35:36.098961
leconstitutionnel,bpt6k679549q,,failed,0,0,,no_usable_pages,known,,,bpt6k679549q: no usable pages in manifest.,2026-07-17T20:35:36.183266
leconstitutionnel,bpt6k679550n,,failed,0,0,,no_usable_pages,known,,,bpt6k679550n: no usable pages in manifest.,2026-07-17T20:35:36.470247
leconstitutionnel,bpt6k6795511,,failed,0,0,,no_usable_pages,known,,,bpt6k6795511: no usable pages in manifest.,2026-07-17T20:35:36.595639
leconstitutionnel,bpt6k679552d,,failed,0,0,,no_usable_pages,known,,,bpt6k679552d: no usable pages in manifest.,2026-07-17T20:35:36.668226
leconstitutionnel,bpt6k679553s,,failed,0,0,,no_usable_pages,known,,,bpt6k679553s: no usable pages in manifest.,2026-07-17T20:35:36.755034
leconstitutionnel,bpt6k6795545,,failed,0,0,,no_usable_pages,known,,,bpt6k6795545: no usable pages in manifest.,2026-07-17T20:35:36.820579
leconstitutionnel,bpt6k679555j,,failed,0,0,,no_usable_pages,known,,,bpt6k679555j: no usable pages in manifest.,2026-07-17T20:35:36.922364
leconstitutionnel,bpt6k679556x,,failed,0,0,,no_usable_pages,known,,,bpt6k679556x: no usable pages in manifest.,2026-07-17T20:35:36.995636
leconstitutionnel,bpt6k6795579,,failed,0,0,,no_usable_pages,known,,,bpt6k6795579: no usable pages in manifest.,2026-07-17T20:35:37.069498
leconstitutionnel,bpt6k679558p,,failed,0,0,,no_usable_pages,known,,,bpt6k679558p: no usable pages in manifest.,2026-07-17T20:35:37.153090
leconstitutionnel,bpt6k6795592,,failed,0,0,,no_usable_pages,known,,,bpt6k6795592: no usable pages in manifest.,2026-07-17T20:35:37.238775
leconstitutionnel,bpt6k6795600,,failed,0,0,,no_usable_pages,known,,,bpt6k6795600: no usable pages in manifest.,2026-07-17T20:35:37.347668
leconstitutionnel,bpt6k679561c,,failed,0,0,,no_usable_pages,known,,,bpt6k679561c: no usable pages in manifest.,2026-07-17T20:35:37.418223
leconstitutionnel,bpt6k679562r,,failed,0,0,,no_usable_pages,known,,,bpt6k679562r: no usable pages in manifest.,2026-07-17T20:35:37.496513
leconstitutionnel,bpt6k6795634,,failed,0,0,,no_usable_pages,known,,,bpt6k6795634: no usable pages in manifest.,2026-07-17T20:35:37.576732
leconstitutionnel,bpt6k679564h,,failed,0,0,,no_usable_pages,known,,,bpt6k679564h: no usable pages in manifest.,2026-07-17T20:35:37.708536
leconstitutionnel,bpt6k679565w,,failed,0,0,,no_usable_pages,known,,,bpt6k679565w: no usable pages in manifest.,2026-07-17T20:35:37.803404
leconstitutionnel,bpt6k6795668,,failed,0,0,,no_usable_pages,known,,,bpt6k6795668: no usable pages in manifest.,2026-07-17T20:35:37.883318
leconstitutionnel,bpt6k679567n,,failed,0,0,,no_usable_pages,known,,,bpt6k679567n: no usable pages in manifest.,2026-07-17T20:35:37.994543
leconstitutionnel,bpt6k6795681,,failed,0,0,,no_usable_pages,known,,,bpt6k6795681: no usable pages in manifest.,2026-07-17T20:35:38.081250
leconstitutionnel,bpt6k679569d,,failed,0,0,,no_usable_pages,known,,,bpt6k679569d: no usable pages in manifest.,2026-07-17T20:35:38.150811
leconstitutionnel,bpt6k679570b,,failed,0,0,,no_usable_pages,known,,,bpt6k679570b: no usable pages in manifest.,2026-07-17T20:35:38.225532
leconstitutionnel,bpt6k679571q,,failed,0,0,,no_usable_pages,known,,,bpt6k679571q: no usable pages in manifest.,2026-07-17T20:35:38.310307
leconstitutionnel,bpt6k6795723,,failed,0,0,,no_usable_pages,known,,,bpt6k6795723: no usable pages in manifest.,2026-07-17T20:35:38.422637
leconstitutionnel,bpt6k679573g,,failed,0,0,,no_usable_pages,known,,,bpt6k679573g: no usable pages in manifest.,2026-07-17T20:35:38.486884
leconstitutionnel,bpt6k679574v,,failed,0,0,,no_usable_pages,known,,,bpt6k679574v: no usable pages in manifest.,2026-07-17T20:35:38.587951
leconstitutionnel,bpt6k6795757,,failed,0,0,,no_usable_pages,known,,,bpt6k6795757: no usable pages in manifest.,2026-07-17T20:35:38.712857
leconstitutionnel,bpt6k679576m,,failed,0,0,,no_usable_pages,known,,,bpt6k679576m: no usable pages in manifest.,2026-07-17T20:35:38.787682
leconstitutionnel,bpt6k6795770,,failed,0,0,,no_usable_pages,known,,,bpt6k6795770: no usable pages in manifest.,2026-07-17T20:35:38.866586
leconstitutionnel,bpt6k679578c,,failed,0,0,,no_usable_pages,known,,,bpt6k679578c: no usable pages in manifest.,2026-07-17T20:35:38.946858
leconstitutionnel,bpt6k679579r,,failed,0,0,,no_usable_pages,known,,,bpt6k679579r: no usable pages in manifest.,2026-07-17T20:35:39.026021
leconstitutionnel,bpt6k679580p,,failed,0,0,,no_usable_pages,known,,,bpt6k679580p: no usable pages in manifest.,2026-07-17T20:35:39.103398
leconstitutionnel,bpt6k6795812,,failed,0,0,,no_usable_pages,known,,,bpt6k6795812: no usable pages in manifest.,2026-07-17T20:35:39.182104
leconstitutionnel,bpt6k679582f,,failed,0,0,,no_usable_pages,known,,,bpt6k679582f: no usable pages in manifest.,2026-07-17T20:35:39.303204
leconstitutionnel,bpt6k679583t,,failed,0,0,,no_usable_pages,known,,,bpt6k679583t: no usable pages in manifest.,2026-07-17T20:35:39.491892
leconstitutionnel,bpt6k6795846,,failed,0,0,,no_usable_pages,known,,,bpt6k6795846: no usable pages in manifest.,2026-07-17T20:35:39.635901
leconstitutionnel,bpt6k679585k,,failed,0,0,,no_usable_pages,known,,,bpt6k679585k: no usable pages in manifest.,2026-07-17T20:35:39.722364
leconstitutionnel,bpt6k679586z,,failed,0,0,,no_usable_pages,known,,,bpt6k679586z: no usable pages in manifest.,2026-07-17T20:35:39.795680
leconstitutionnel,bpt6k679587b,,failed,0,0,,no_usable_pages,known,,,bpt6k679587b: no usable pages in manifest.,2026-07-17T20:35:39.886637
leconstitutionnel,bpt6k679588q,,failed,0,0,,no_usable_pages,known,,,bpt6k679588q: no usable pages in manifest.,2026-07-17T20:35:39.962134
leconstitutionnel,bpt6k6795893,,failed,0,0,,no_usable_pages,known,,,bpt6k6795893: no usable pages in manifest.,2026-07-17T20:35:40.028211
leconstitutionnel,bpt6k6795901,,failed,0,0,,no_usable_pages,known,,,bpt6k6795901: no usable pages in manifest.,2026-07-17T20:35:40.098737
leconstitutionnel,bpt6k679591d,,failed,0,0,,no_usable_pages,known,,,bpt6k679591d: no usable pages in manifest.,2026-07-17T20:35:40.180452
leconstitutionnel,bpt6k679592s,,failed,0,0,,no_usable_pages,known,,,bpt6k679592s: no usable pages in manifest.,2026-07-17T20:35:40.293554
leconstitutionnel,bpt6k6795935,,failed,0,0,,no_usable_pages,known,,,bpt6k6795935: no usable pages in manifest.,2026-07-17T20:35:40.367312
leconstitutionnel,bpt6k679594j,,failed,0,0,,no_usable_pages,known,,,bpt6k679594j: no usable pages in manifest.,2026-07-17T20:35:40.440841
leconstitutionnel,bpt6k679595x,,failed,0,0,,no_usable_pages,known,,,bpt6k679595x: no usable pages in manifest.,2026-07-17T20:35:40.542925
leconstitutionnel,bpt6k6795969,,failed,0,0,,no_usable_pages,known,,,bpt6k6795969: no usable pages in manifest.,2026-07-17T20:35:40.628825
leconstitutionnel,bpt6k679597p,,failed,0,0,,no_usable_pages,known,,,bpt6k679597p: no usable pages in manifest.,2026-07-17T20:35:40.726893
leconstitutionnel,bpt6k6795982,,failed,0,0,,no_usable_pages,known,,,bpt6k6795982: no usable pages in manifest.,2026-07-17T20:35:40.830759
leconstitutionnel,bpt6k679599f,,failed,0,0,,no_usable_pages,known,,,bpt6k679599f: no usable pages in manifest.,2026-07-17T20:35:40.926671
leconstitutionnel,bpt6k6796007,,failed,0,0,,no_usable_pages,known,,,bpt6k6796007: no usable pages in manifest.,2026-07-17T20:35:41.019907
leconstitutionnel,bpt6k679601m,,failed,0,0,,no_usable_pages,known,,,bpt6k679601m: no usable pages in manifest.,2026-07-17T20:35:41.115360
leconstitutionnel,bpt6k6796020,,failed,0,0,,no_usable_pages,known,,,bpt6k6796020: no usable pages in manifest.,2026-07-17T20:35:41.183019
leconstitutionnel,bpt6k679603c,,failed,0,0,,no_usable_pages,known,,,bpt6k679603c: no usable pages in manifest.,2026-07-17T20:35:41.264985
leconstitutionnel,bpt6k679604r,,failed,0,0,,no_usable_pages,known,,,bpt6k679604r: no usable pages in manifest.,2026-07-17T20:35:41.338646
leconstitutionnel,bpt6k6796054,,failed,0,0,,no_usable_pages,known,,,bpt6k6796054: no usable pages in manifest.,2026-07-17T20:35:41.423155
leconstitutionnel,bpt6k679606h,,failed,0,0,,no_usable_pages,known,,,bpt6k679606h: no usable pages in manifest.,2026-07-17T20:35:41.506300
leconstitutionnel,bpt6k679607w,,failed,0,0,,no_usable_pages,known,,,bpt6k679607w: no usable pages in manifest.,2026-07-17T20:35:41.639046
leconstitutionnel,bpt6k6796088,,failed,0,0,,no_usable_pages,known,,,bpt6k6796088: no usable pages in manifest.,2026-07-17T20:35:41.724655
leconstitutionnel,bpt6k679609n,,failed,0,0,,no_usable_pages,known,,,bpt6k679609n: no usable pages in manifest.,2026-07-17T20:35:41.816218
leconstitutionnel,bpt6k679610k,,failed,0,0,,no_usable_pages,known,,,bpt6k679610k: no usable pages in manifest.,2026-07-17T20:35:41.881341
leconstitutionnel,bpt6k679611z,,failed,0,0,,no_usable_pages,known,,,bpt6k679611z: no usable pages in manifest.,2026-07-17T20:35:41.941633
leconstitutionnel,bpt6k679612b,,failed,0,0,,no_usable_pages,known,,,bpt6k679612b: no usable pages in manifest.,2026-07-17T20:35:42.011290
leconstitutionnel,bpt6k679613q,,failed,0,0,,no_usable_pages,known,,,bpt6k679613q: no usable pages in manifest.,2026-07-17T20:35:42.081332
leconstitutionnel,bpt6k6796143,,failed,0,0,,no_usable_pages,known,,,bpt6k6796143: no usable pages in manifest.,2026-07-17T20:35:42.190220
leconstitutionnel,bpt6k679615g,,failed,0,0,,no_usable_pages,known,,,bpt6k679615g: no usable pages in manifest.,2026-07-17T20:35:42.266916
leconstitutionnel,bpt6k679616v,,failed,0,0,,no_usable_pages,known,,,bpt6k679616v: no usable pages in manifest.,2026-07-17T20:35:42.379562
leconstitutionnel,bpt6k6796177,,failed,0,0,,no_usable_pages,known,,,bpt6k6796177: no usable pages in manifest.,2026-07-17T20:35:42.469497
leconstitutionnel,bpt6k679618m,,failed,0,0,,no_usable_pages,known,,,bpt6k679618m: no usable pages in manifest.,2026-07-17T20:35:42.572991
leconstitutionnel,bpt6k6796190,,failed,0,0,,no_usable_pages,known,,,bpt6k6796190: no usable pages in manifest.,2026-07-17T20:35:42.706106
leconstitutionnel,bpt6k679620x,,failed,0,0,,no_usable_pages,known,,,bpt6k679620x: no usable pages in manifest.,2026-07-17T20:35:42.814423
leconstitutionnel,bpt6k6796219,,failed,0,0,,no_usable_pages,known,,,bpt6k6796219: no usable pages in manifest.,2026-07-17T20:35:42.925855
leconstitutionnel,bpt6k679622p,,failed,0,0,,no_usable_pages,known,,,bpt6k679622p: no usable pages in manifest.,2026-07-17T20:35:43.034010
leconstitutionnel,bpt6k6796232,,failed,0,0,,no_usable_pages,known,,,bpt6k6796232: no usable pages in manifest.,2026-07-17T20:35:43.122122
leconstitutionnel,bpt6k679624f,,failed,0,0,,no_usable_pages,known,,,bpt6k679624f: no usable pages in manifest.,2026-07-17T20:35:43.199298
leconstitutionnel,bpt6k679625t,,failed,0,0,,no_usable_pages,known,,,bpt6k679625t: no usable pages in manifest.,2026-07-17T20:35:43.279317
leconstitutionnel,bpt6k6796266,,failed,0,0,,no_usable_pages,known,,,bpt6k6796266: no usable pages in manifest.,2026-07-17T20:35:43.386335
leconstitutionnel,bpt6k679627k,,failed,0,0,,no_usable_pages,known,,,bpt6k679627k: no usable pages in manifest.,2026-07-17T20:35:43.455773
leconstitutionnel,bpt6k679628z,,failed,0,0,,no_usable_pages,known,,,bpt6k679628z: no usable pages in manifest.,2026-07-17T20:35:43.540065
leconstitutionnel,bpt6k679629b,,failed,0,0,,no_usable_pages,known,,,bpt6k679629b: no usable pages in manifest.,2026-07-17T20:35:43.639140
leconstitutionnel,bpt6k6796308,,failed,0,0,,no_usable_pages,known,,,bpt6k6796308: no usable pages in manifest.,2026-07-17T20:35:43.755762
leconstitutionnel,bpt6k679631n,,failed,0,0,,no_usable_pages,known,,,bpt6k679631n: no usable pages in manifest.,2026-07-17T20:35:43.837975
leconstitutionnel,bpt6k6796321,,failed,0,0,,no_usable_pages,known,,,bpt6k6796321: no usable pages in manifest.,2026-07-17T20:35:44.046835
leconstitutionnel,bpt6k679633d,,failed,0,0,,no_usable_pages,known,,,bpt6k679633d: no usable pages in manifest.,2026-07-17T20:35:44.127382
leconstitutionnel,bpt6k679634s,,failed,0,0,,no_usable_pages,known,,,bpt6k679634s: no usable pages in manifest.,2026-07-17T20:35:44.203039
leconstitutionnel,bpt6k6796355,,failed,0,0,,no_usable_pages,known,,,bpt6k6796355: no usable pages in manifest.,2026-07-17T20:35:44.277547
leconstitutionnel,bpt6k679636j,,failed,0,0,,no_usable_pages,known,,,bpt6k679636j: no usable pages in manifest.,2026-07-17T20:35:44.354374
leconstitutionnel,bpt6k679637x,,failed,0,0,,no_usable_pages,known,,,bpt6k679637x: no usable pages in manifest.,2026-07-17T20:35:44.431954
leconstitutionnel,bpt6k6796389,,failed,0,0,,no_usable_pages,known,,,bpt6k6796389: no usable pages in manifest.,2026-07-17T20:35:44.512579
leconstitutionnel,bpt6k679639p,,failed,0,0,,no_usable_pages,known,,,bpt6k679639p: no usable pages in manifest.,2026-07-17T20:35:44.558719
leconstitutionnel,bpt6k679640m,,failed,0,0,,no_usable_pages,known,,,bpt6k679640m: no usable pages in manifest.,2026-07-17T20:35:44.667209
leconstitutionnel,bpt6k6796410,,failed,0,0,,no_usable_pages,known,,,bpt6k6796410: no usable pages in manifest.,2026-07-17T20:35:44.805001
leconstitutionnel,bpt6k679642c,,failed,0,0,,no_usable_pages,known,,,bpt6k679642c: no usable pages in manifest.,2026-07-17T20:35:44.877650
leconstitutionnel,bpt6k679643r,,failed,0,0,,no_usable_pages,known,,,bpt6k679643r: no usable pages in manifest.,2026-07-17T20:35:44.943160
leconstitutionnel,bpt6k6796444,,failed,0,0,,no_usable_pages,known,,,bpt6k6796444: no usable pages in manifest.,2026-07-17T20:35:45.068888
leconstitutionnel,bpt6k679645h,,failed,0,0,,no_usable_pages,known,,,bpt6k679645h: no usable pages in manifest.,2026-07-17T20:35:45.195713
leconstitutionnel,bpt6k679646w,,failed,0,0,,no_usable_pages,known,,,bpt6k679646w: no usable pages in manifest.,2026-07-17T20:35:45.281664
leconstitutionnel,bpt6k6796478,,failed,0,0,,no_usable_pages,known,,,bpt6k6796478: no usable pages in manifest.,2026-07-17T20:35:45.361485
leconstitutionnel,bpt6k679648n,,failed,0,0,,no_usable_pages,known,,,bpt6k679648n: no usable pages in manifest.,2026-07-17T20:35:45.486924
leconstitutionnel,bpt6k6796491,,failed,0,0,,no_usable_pages,known,,,bpt6k6796491: no usable pages in manifest.,2026-07-17T20:35:45.571946
leconstitutionnel,bpt6k679650z,,failed,0,0,,no_usable_pages,known,,,bpt6k679650z: no usable pages in manifest.,2026-07-17T20:35:45.686602
leconstitutionnel,bpt6k679651b,,failed,0,0,,no_usable_pages,known,,,bpt6k679651b: no usable pages in manifest.,2026-07-17T20:35:45.800433
leconstitutionnel,bpt6k679652q,,failed,0,0,,no_usable_pages,known,,,bpt6k679652q: no usable pages in manifest.,2026-07-17T20:35:45.890228
leconstitutionnel,bpt6k6796533,,failed,0,0,,no_usable_pages,known,,,bpt6k6796533: no usable pages in manifest.,2026-07-17T20:35:45.991296
leconstitutionnel,bpt6k679654g,,failed,0,0,,no_usable_pages,known,,,bpt6k679654g: no usable pages in manifest.,2026-07-17T20:35:46.087905
leconstitutionnel,bpt6k679655v,,failed,0,0,,no_usable_pages,known,,,bpt6k679655v: no usable pages in manifest.,2026-07-17T20:35:46.156542
leconstitutionnel,bpt6k6796567,,failed,0,0,,no_usable_pages,known,,,bpt6k6796567: no usable pages in manifest.,2026-07-17T20:35:46.233963
leconstitutionnel,bpt6k679657m,,failed,0,0,,no_usable_pages,known,,,bpt6k679657m: no usable pages in manifest.,2026-07-17T20:35:46.331100
leconstitutionnel,bpt6k6796580,,failed,0,0,,no_usable_pages,known,,,bpt6k6796580: no usable pages in manifest.,2026-07-17T20:35:46.437015
leconstitutionnel,bpt6k679659c,,failed,0,0,,no_usable_pages,known,,,bpt6k679659c: no usable pages in manifest.,2026-07-17T20:35:46.537382
leconstitutionnel,bpt6k6796609,,failed,0,0,,no_usable_pages,known,,,bpt6k6796609: no usable pages in manifest.,2026-07-17T20:35:46.649299
leconstitutionnel,bpt6k679661p,,failed,0,0,,no_usable_pages,known,,,bpt6k679661p: no usable pages in manifest.,2026-07-17T20:35:46.773857
leconstitutionnel,bpt6k6796622,,failed,0,0,,no_usable_pages,known,,,bpt6k6796622: no usable pages in manifest.,2026-07-17T20:35:46.909079
leconstitutionnel,bpt6k679663f,,failed,0,0,,no_usable_pages,known,,,bpt6k679663f: no usable pages in manifest.,2026-07-17T20:35:47.203914
leconstitutionnel,bpt6k679664t,,failed,0,0,,no_usable_pages,known,,,bpt6k679664t: no usable pages in manifest.,2026-07-17T20:35:47.290200
leconstitutionnel,bpt6k6796656,,failed,0,0,,no_usable_pages,known,,,bpt6k6796656: no usable pages in manifest.,2026-07-17T20:35:47.365857
leconstitutionnel,bpt6k679666k,,failed,0,0,,no_usable_pages,known,,,bpt6k679666k: no usable pages in manifest.,2026-07-17T20:35:47.451501
leconstitutionnel,bpt6k679667z,,failed,0,0,,no_usable_pages,known,,,bpt6k679667z: no usable pages in manifest.,2026-07-17T20:35:47.535292
leconstitutionnel,bpt6k679668b,,failed,0,0,,no_usable_pages,known,,,bpt6k679668b: no usable pages in manifest.,2026-07-17T20:35:47.640449
leconstitutionnel,bpt6k679669q,,failed,0,0,,no_usable_pages,known,,,bpt6k679669q: no usable pages in manifest.,2026-07-17T20:35:47.714394
leconstitutionnel,bpt6k679670n,,failed,0,0,,no_usable_pages,known,,,bpt6k679670n: no usable pages in manifest.,2026-07-17T20:35:47.792592
leconstitutionnel,bpt6k6796711,,failed,0,0,,no_usable_pages,known,,,bpt6k6796711: no usable pages in manifest.,2026-07-17T20:35:47.927390
leconstitutionnel,bpt6k679672d,,failed,0,0,,no_usable_pages,known,,,bpt6k679672d: no usable pages in manifest.,2026-07-17T20:35:48.019741
leconstitutionnel,bpt6k679673s,,failed,0,0,,no_usable_pages,known,,,bpt6k679673s: no usable pages in manifest.,2026-07-17T20:35:48.087689
leconstitutionnel,bpt6k6796745,,failed,0,0,,no_usable_pages,known,,,bpt6k6796745: no usable pages in manifest.,2026-07-17T20:35:48.170948
leconstitutionnel,bpt6k679675j,,failed,0,0,,no_usable_pages,known,,,bpt6k679675j: no usable pages in manifest.,2026-07-17T20:35:48.249572
leconstitutionnel,bpt6k679676x,,failed,0,0,,no_usable_pages,known,,,bpt6k679676x: no usable pages in manifest.,2026-07-17T20:35:48.374722
leconstitutionnel,bpt6k6796779,,failed,0,0,,no_usable_pages,known,,,bpt6k6796779: no usable pages in manifest.,2026-07-17T20:35:48.462857
leconstitutionnel,bpt6k679678p,,failed,0,0,,no_usable_pages,known,,,bpt6k679678p: no usable pages in manifest.,2026-07-17T20:35:48.597998
leconstitutionnel,bpt6k6796792,,failed,0,0,,no_usable_pages,known,,,bpt6k6796792: no usable pages in manifest.,2026-07-17T20:35:48.786445
leconstitutionnel,bpt6k6796800,,failed,0,0,,no_usable_pages,known,,,bpt6k6796800: no usable pages in manifest.,2026-07-17T20:35:48.908773
leconstitutionnel,bpt6k679681c,,failed,0,0,,no_usable_pages,known,,,bpt6k679681c: no usable pages in manifest.,2026-07-17T20:35:49.010441
leconstitutionnel,bpt6k679682r,,failed,0,0,,no_usable_pages,known,,,bpt6k679682r: no usable pages in manifest.,2026-07-17T20:35:49.089401
leconstitutionnel,bpt6k6796834,,failed,0,0,,no_usable_pages,known,,,bpt6k6796834: no usable pages in manifest.,2026-07-17T20:35:49.188600
leconstitutionnel,bpt6k679684h,,failed,0,0,,no_usable_pages,known,,,bpt6k679684h: no usable pages in manifest.,2026-07-17T20:35:49.293570
leconstitutionnel,bpt6k679685w,,failed,0,0,,no_usable_pages,known,,,bpt6k679685w: no usable pages in manifest.,2026-07-17T20:35:49.426724
leconstitutionnel,bpt6k6796868,,failed,0,0,,no_usable_pages,known,,,bpt6k6796868: no usable pages in manifest.,2026-07-17T20:35:49.511568
leconstitutionnel,bpt6k679687n,,failed,0,0,,no_usable_pages,known,,,bpt6k679687n: no usable pages in manifest.,2026-07-17T20:35:49.637372
leconstitutionnel,bpt6k6796881,,failed,0,0,,no_usable_pages,known,,,bpt6k6796881: no usable pages in manifest.,2026-07-17T20:35:49.699487
leconstitutionnel,bpt6k679689d,,failed,0,0,,no_usable_pages,known,,,bpt6k679689d: no usable pages in manifest.,2026-07-17T20:35:49.782995
leconstitutionnel,bpt6k679690b,,failed,0,0,,no_usable_pages,known,,,bpt6k679690b: no usable pages in manifest.,2026-07-17T20:35:49.882096
leconstitutionnel,bpt6k679691q,,failed,0,0,,no_usable_pages,known,,,bpt6k679691q: no usable pages in manifest.,2026-07-17T20:35:50.008407
leconstitutionnel,bpt6k6796923,,failed,0,0,,no_usable_pages,known,,,bpt6k6796923: no usable pages in manifest.,2026-07-17T20:35:50.086246
leconstitutionnel,bpt6k679693g,,failed,0,0,,no_usable_pages,known,,,bpt6k679693g: no usable pages in manifest.,2026-07-17T20:35:50.151421
leconstitutionnel,bpt6k679694v,,failed,0,0,,no_usable_pages,known,,,bpt6k679694v: no usable pages in manifest.,2026-07-17T20:35:50.258109
leconstitutionnel,bpt6k6796957,,failed,0,0,,no_usable_pages,known,,,bpt6k6796957: no usable pages in manifest.,2026-07-17T20:35:50.499212
leconstitutionnel,bpt6k679696m,,failed,0,0,,no_usable_pages,known,,,bpt6k679696m: no usable pages in manifest.,2026-07-17T20:35:50.628296
leconstitutionnel,bpt6k6796970,,failed,0,0,,no_usable_pages,known,,,bpt6k6796970: no usable pages in manifest.,2026-07-17T20:35:50.730864
leconstitutionnel,bpt6k679698c,,failed,0,0,,no_usable_pages,known,,,bpt6k679698c: no usable pages in manifest.,2026-07-17T20:35:51.214296
leconstitutionnel,bpt6k679699r,,failed,0,0,,no_usable_pages,known,,,bpt6k679699r: no usable pages in manifest.,2026-07-17T20:35:51.302684
leconstitutionnel,bpt6k679700j,,failed,0,0,,no_usable_pages,known,,,bpt6k679700j: no usable pages in manifest.,2026-07-17T20:35:51.384931
leconstitutionnel,bpt6k679701x,,failed,0,0,,no_usable_pages,known,,,bpt6k679701x: no usable pages in manifest.,2026-07-17T20:35:51.479555
leconstitutionnel,bpt6k6797029,,failed,0,0,,no_usable_pages,known,,,bpt6k6797029: no usable pages in manifest.,2026-07-17T20:35:51.573958
leconstitutionnel,bpt6k679703p,,failed,0,0,,no_usable_pages,known,,,bpt6k679703p: no usable pages in manifest.,2026-07-17T20:35:51.698616
leconstitutionnel,bpt6k6797042,,failed,0,0,,no_usable_pages,known,,,bpt6k6797042: no usable pages in manifest.,2026-07-17T20:35:51.758258
leconstitutionnel,bpt6k679705f,,failed,0,0,,no_usable_pages,known,,,bpt6k679705f: no usable pages in manifest.,2026-07-17T20:35:51.856659
leconstitutionnel,bpt6k679706t,,failed,0,0,,no_usable_pages,known,,,bpt6k679706t: no usable pages in manifest.,2026-07-17T20:35:51.925490
leconstitutionnel,bpt6k6797076,,failed,0,0,,no_usable_pages,known,,,bpt6k6797076: no usable pages in manifest.,2026-07-17T20:35:52.025001
leconstitutionnel,bpt6k679708k,,failed,0,0,,no_usable_pages,known,,,bpt6k679708k: no usable pages in manifest.,2026-07-17T20:35:52.123082
leconstitutionnel,bpt6k679709z,,failed,0,0,,no_usable_pages,known,,,bpt6k679709z: no usable pages in manifest.,2026-07-17T20:35:52.248383
leconstitutionnel,bpt6k679710w,,failed,0,0,,no_usable_pages,known,,,bpt6k679710w: no usable pages in manifest.,2026-07-17T20:35:52.384455
leconstitutionnel,bpt6k6797118,,failed,0,0,,no_usable_pages,known,,,bpt6k6797118: no usable pages in manifest.,2026-07-17T20:35:52.503893
leconstitutionnel,bpt6k679712n,,failed,0,0,,no_usable_pages,known,,,bpt6k679712n: no usable pages in manifest.,2026-07-17T20:35:52.619132
leconstitutionnel,bpt6k6797131,,failed,0,0,,no_usable_pages,known,,,bpt6k6797131: no usable pages in manifest.,2026-07-17T20:35:52.713570
leconstitutionnel,bpt6k679714d,,failed,0,0,,no_usable_pages,known,,,bpt6k679714d: no usable pages in manifest.,2026-07-17T20:35:52.796616
leconstitutionnel,bpt6k679715s,,failed,0,0,,no_usable_pages,known,,,bpt6k679715s: no usable pages in manifest.,2026-07-17T20:35:52.910088
leconstitutionnel,bpt6k6797165,,failed,0,0,,no_usable_pages,known,,,bpt6k6797165: no usable pages in manifest.,2026-07-17T20:35:52.980006
leconstitutionnel,bpt6k679717j,,failed,0,0,,no_usable_pages,known,,,bpt6k679717j: no usable pages in manifest.,2026-07-17T20:35:53.075345
leconstitutionnel,bpt6k679718x,,failed,0,0,,no_usable_pages,known,,,bpt6k679718x: no usable pages in manifest.,2026-07-17T20:35:53.146210
leconstitutionnel,bpt6k6797199,,failed,0,0,,no_usable_pages,known,,,bpt6k6797199: no usable pages in manifest.,2026-07-17T20:35:53.211052
leconstitutionnel,bpt6k6797207,,failed,0,0,,no_usable_pages,known,,,bpt6k6797207: no usable pages in manifest.,2026-07-17T20:35:53.335134
leconstitutionnel,bpt6k679721m,,failed,0,0,,no_usable_pages,known,,,bpt6k679721m: no usable pages in manifest.,2026-07-17T20:35:53.417195
leconstitutionnel,bpt6k6797220,,failed,0,0,,no_usable_pages,known,,,bpt6k6797220: no usable pages in manifest.,2026-07-17T20:35:53.493328
leconstitutionnel,bpt6k679723c,,failed,0,0,,no_usable_pages,known,,,bpt6k679723c: no usable pages in manifest.,2026-07-17T20:35:53.559413
leconstitutionnel,bpt6k679724r,,failed,0,0,,no_usable_pages,known,,,bpt6k679724r: no usable pages in manifest.,2026-07-17T20:35:53.635744
leconstitutionnel,bpt6k6797254,,failed,0,0,,no_usable_pages,known,,,bpt6k6797254: no usable pages in manifest.,2026-07-17T20:35:53.772629
leconstitutionnel,bpt6k679726h,,failed,0,0,,no_usable_pages,known,,,bpt6k679726h: no usable pages in manifest.,2026-07-17T20:35:53.973267
leconstitutionnel,bpt6k679727w,,failed,0,0,,no_usable_pages,known,,,bpt6k679727w: no usable pages in manifest.,2026-07-17T20:35:54.055907
leconstitutionnel,bpt6k6797288,,failed,0,0,,no_usable_pages,known,,,bpt6k6797288: no usable pages in manifest.,2026-07-17T20:35:54.135350
leconstitutionnel,bpt6k679729n,,failed,0,0,,no_usable_pages,known,,,bpt6k679729n: no usable pages in manifest.,2026-07-17T20:35:54.217812
leconstitutionnel,bpt6k679730k,,failed,0,0,,no_usable_pages,known,,,bpt6k679730k: no usable pages in manifest.,2026-07-17T20:35:54.308218
leconstitutionnel,bpt6k679731z,,failed,0,0,,no_usable_pages,known,,,bpt6k679731z: no usable pages in manifest.,2026-07-17T20:35:54.391851
leconstitutionnel,bpt6k679732b,,failed,0,0,,no_usable_pages,known,,,bpt6k679732b: no usable pages in manifest.,2026-07-17T20:35:54.482360
leconstitutionnel,bpt6k679733q,,failed,0,0,,no_usable_pages,known,,,bpt6k679733q: no usable pages in manifest.,2026-07-17T20:35:54.569183
leconstitutionnel,bpt6k6797343,,failed,0,0,,no_usable_pages,known,,,bpt6k6797343: no usable pages in manifest.,2026-07-17T20:35:54.661853
leconstitutionnel,bpt6k679735g,,failed,0,0,,no_usable_pages,known,,,bpt6k679735g: no usable pages in manifest.,2026-07-17T20:35:54.731986
leconstitutionnel,bpt6k679736v,,failed,0,0,,no_usable_pages,known,,,bpt6k679736v: no usable pages in manifest.,2026-07-17T20:35:54.815314
leconstitutionnel,bpt6k6797377,,failed,0,0,,no_usable_pages,known,,,bpt6k6797377: no usable pages in manifest.,2026-07-17T20:35:54.896840
leconstitutionnel,bpt6k679738m,,failed,0,0,,no_usable_pages,known,,,bpt6k679738m: no usable pages in manifest.,2026-07-17T20:35:54.961062
leconstitutionnel,bpt6k6797390,,failed,0,0,,no_usable_pages,known,,,bpt6k6797390: no usable pages in manifest.,2026-07-17T20:35:55.028439
leconstitutionnel,bpt6k679740x,,failed,0,0,,no_usable_pages,known,,,bpt6k679740x: no usable pages in manifest.,2026-07-17T20:35:55.100404
leconstitutionnel,bpt6k6797419,,failed,0,0,,no_usable_pages,known,,,bpt6k6797419: no usable pages in manifest.,2026-07-17T20:35:55.193518
leconstitutionnel,bpt6k679742p,,failed,0,0,,no_usable_pages,known,,,bpt6k679742p: no usable pages in manifest.,2026-07-17T20:35:55.262657
leconstitutionnel,bpt6k6797432,,failed,0,0,,no_usable_pages,known,,,bpt6k6797432: no usable pages in manifest.,2026-07-17T20:35:55.460855
leconstitutionnel,bpt6k679744f,,failed,0,0,,no_usable_pages,known,,,bpt6k679744f: no usable pages in manifest.,2026-07-17T20:35:55.567239
leconstitutionnel,bpt6k679745t,,failed,0,0,,no_usable_pages,known,,,bpt6k679745t: no usable pages in manifest.,2026-07-17T20:35:55.675126
leconstitutionnel,bpt6k6797466,,failed,0,0,,no_usable_pages,known,,,bpt6k6797466: no usable pages in manifest.,2026-07-17T20:35:55.753182
leconstitutionnel,bpt6k679747k,,failed,0,0,,no_usable_pages,known,,,bpt6k679747k: no usable pages in manifest.,2026-07-17T20:35:55.834394
leconstitutionnel,bpt6k679748z,,failed,0,0,,no_usable_pages,known,,,bpt6k679748z: no usable pages in manifest.,2026-07-17T20:35:55.925267
leconstitutionnel,bpt6k679749b,,failed,0,0,,no_usable_pages,known,,,bpt6k679749b: no usable pages in manifest.,2026-07-17T20:35:56.005917
leconstitutionnel,bpt6k6797508,,failed,0,0,,no_usable_pages,known,,,bpt6k6797508: no usable pages in manifest.,2026-07-17T20:35:56.083346
leconstitutionnel,bpt6k679751n,,failed,0,0,,no_usable_pages,known,,,bpt6k679751n: no usable pages in manifest.,2026-07-17T20:35:56.178052
leconstitutionnel,bpt6k6797521,,failed,0,0,,no_usable_pages,known,,,bpt6k6797521: no usable pages in manifest.,2026-07-17T20:35:56.285082
leconstitutionnel,bpt6k679753d,,failed,0,0,,no_usable_pages,known,,,bpt6k679753d: no usable pages in manifest.,2026-07-17T20:35:56.359490
leconstitutionnel,bpt6k679754s,,failed,0,0,,no_usable_pages,known,,,bpt6k679754s: no usable pages in manifest.,2026-07-17T20:35:56.500625
leconstitutionnel,bpt6k6797555,,failed,0,0,,no_usable_pages,known,,,bpt6k6797555: no usable pages in manifest.,2026-07-17T20:35:56.584411
leconstitutionnel,bpt6k679756j,,failed,0,0,,no_usable_pages,known,,,bpt6k679756j: no usable pages in manifest.,2026-07-17T20:35:56.672534
leconstitutionnel,bpt6k679757x,,failed,0,0,,no_usable_pages,known,,,bpt6k679757x: no usable pages in manifest.,2026-07-17T20:35:56.755766
leconstitutionnel,bpt6k6797589,,failed,0,0,,no_usable_pages,known,,,bpt6k6797589: no usable pages in manifest.,2026-07-17T20:35:56.923854
leconstitutionnel,bpt6k679759p,,failed,0,0,,no_usable_pages,known,,,bpt6k679759p: no usable pages in manifest.,2026-07-17T20:35:57.056708
leconstitutionnel,bpt6k679760m,,failed,0,0,,no_usable_pages,known,,,bpt6k679760m: no usable pages in manifest.,2026-07-17T20:35:57.136261
leconstitutionnel,bpt6k6797610,,failed,0,0,,no_usable_pages,known,,,bpt6k6797610: no usable pages in manifest.,2026-07-17T20:35:57.210223
leconstitutionnel,bpt6k679762c,,failed,0,0,,no_usable_pages,known,,,bpt6k679762c: no usable pages in manifest.,2026-07-17T20:35:57.283628
leconstitutionnel,bpt6k679763r,,failed,0,0,,no_usable_pages,known,,,bpt6k679763r: no usable pages in manifest.,2026-07-17T20:35:57.339138
leconstitutionnel,bpt6k6797644,,failed,0,0,,no_usable_pages,known,,,bpt6k6797644: no usable pages in manifest.,2026-07-17T20:35:57.418417
leconstitutionnel,bpt6k679765h,,failed,0,0,,no_usable_pages,known,,,bpt6k679765h: no usable pages in manifest.,2026-07-17T20:35:57.550634
leconstitutionnel,bpt6k679766w,,failed,0,0,,no_usable_pages,known,,,bpt6k679766w: no usable pages in manifest.,2026-07-17T20:35:57.633840
leconstitutionnel,bpt6k6797678,,failed,0,0,,no_usable_pages,known,,,bpt6k6797678: no usable pages in manifest.,2026-07-17T20:35:57.732635
leconstitutionnel,bpt6k679768n,,failed,0,0,,no_usable_pages,known,,,bpt6k679768n: no usable pages in manifest.,2026-07-17T20:35:57.803702
leconstitutionnel,bpt6k6797691,,failed,0,0,,no_usable_pages,known,,,bpt6k6797691: no usable pages in manifest.,2026-07-17T20:35:57.895012
leconstitutionnel,bpt6k679770z,,failed,0,0,,no_usable_pages,known,,,bpt6k679770z: no usable pages in manifest.,2026-07-17T20:35:57.968334
leconstitutionnel,bpt6k679771b,,failed,0,0,,no_usable_pages,known,,,bpt6k679771b: no usable pages in manifest.,2026-07-17T20:35:58.083141
leconstitutionnel,bpt6k679772q,,failed,0,0,,no_usable_pages,known,,,bpt6k679772q: no usable pages in manifest.,2026-07-17T20:35:58.152470
leconstitutionnel,bpt6k6797733,,failed,0,0,,no_usable_pages,known,,,bpt6k6797733: no usable pages in manifest.,2026-07-17T20:35:58.234335
leconstitutionnel,bpt6k679774g,,failed,0,0,,no_usable_pages,known,,,bpt6k679774g: no usable pages in manifest.,2026-07-17T20:35:58.329917
leconstitutionnel,bpt6k679775v,,failed,0,0,,no_usable_pages,known,,,bpt6k679775v: no usable pages in manifest.,2026-07-17T20:35:58.420730
leconstitutionnel,bpt6k6797767,,failed,0,0,,no_usable_pages,known,,,bpt6k6797767: no usable pages in manifest.,2026-07-17T20:35:58.635869
leconstitutionnel,bpt6k679777m,,failed,0,0,,no_usable_pages,known,,,bpt6k679777m: no usable pages in manifest.,2026-07-17T20:35:58.730864
leconstitutionnel,bpt6k6797780,,failed,0,0,,no_usable_pages,known,,,bpt6k6797780: no usable pages in manifest.,2026-07-17T20:35:58.826655
leconstitutionnel,bpt6k679779c,,failed,0,0,,no_usable_pages,known,,,bpt6k679779c: no usable pages in manifest.,2026-07-17T20:35:58.901608
leconstitutionnel,bpt6k6797809,,failed,0,0,,no_usable_pages,known,,,bpt6k6797809: no usable pages in manifest.,2026-07-17T20:35:58.967852
leconstitutionnel,bpt6k679781p,,failed,0,0,,no_usable_pages,known,,,bpt6k679781p: no usable pages in manifest.,2026-07-17T20:35:59.036039
leconstitutionnel,bpt6k6797822,,failed,0,0,,no_usable_pages,known,,,bpt6k6797822: no usable pages in manifest.,2026-07-17T20:35:59.192757
leconstitutionnel,bpt6k679783f,,failed,0,0,,no_usable_pages,known,,,bpt6k679783f: no usable pages in manifest.,2026-07-17T20:35:59.274589
leconstitutionnel,bpt6k679784t,,failed,0,0,,no_usable_pages,known,,,bpt6k679784t: no usable pages in manifest.,2026-07-17T20:35:59.369220
leconstitutionnel,bpt6k6797856,,failed,0,0,,no_usable_pages,known,,,bpt6k6797856: no usable pages in manifest.,2026-07-17T20:35:59.444395
leconstitutionnel,bpt6k679786k,,failed,0,0,,no_usable_pages,known,,,bpt6k679786k: no usable pages in manifest.,2026-07-17T20:35:59.521726
leconstitutionnel,bpt6k679787z,,failed,0,0,,no_usable_pages,known,,,bpt6k679787z: no usable pages in manifest.,2026-07-17T20:35:59.649541
leconstitutionnel,bpt6k679788b,,failed,0,0,,no_usable_pages,known,,,bpt6k679788b: no usable pages in manifest.,2026-07-17T20:35:59.740137
leconstitutionnel,bpt6k679789q,,failed,0,0,,no_usable_pages,known,,,bpt6k679789q: no usable pages in manifest.,2026-07-17T20:35:59.843216
leconstitutionnel,bpt6k679790n,,failed,0,0,,no_usable_pages,known,,,bpt6k679790n: no usable pages in manifest.,2026-07-17T20:35:59.981324
leconstitutionnel,bpt6k6797911,,failed,0,0,,no_usable_pages,known,,,bpt6k6797911: no usable pages in manifest.,2026-07-17T20:36:00.098541
leconstitutionnel,bpt6k679792d,,failed,0,0,,no_usable_pages,known,,,bpt6k679792d: no usable pages in manifest.,2026-07-17T20:36:00.193056
leconstitutionnel,bpt6k679793s,,failed,0,0,,no_usable_pages,known,,,bpt6k679793s: no usable pages in manifest.,2026-07-17T20:36:00.266225
leconstitutionnel,bpt6k6797945,,failed,0,0,,no_usable_pages,known,,,bpt6k6797945: no usable pages in manifest.,2026-07-17T20:36:00.350623
leconstitutionnel,bpt6k679795j,,failed,0,0,,no_usable_pages,known,,,bpt6k679795j: no usable pages in manifest.,2026-07-17T20:36:00.416054
leconstitutionnel,bpt6k679796x,,failed,0,0,,no_usable_pages,known,,,bpt6k679796x: no usable pages in manifest.,2026-07-17T20:36:00.509129
leconstitutionnel,bpt6k6797979,,failed,0,0,,no_usable_pages,known,,,bpt6k6797979: no usable pages in manifest.,2026-07-17T20:36:00.617675
leconstitutionnel,bpt6k679798p,,failed,0,0,,no_usable_pages,known,,,bpt6k679798p: no usable pages in manifest.,2026-07-17T20:36:00.728739
leconstitutionnel,bpt6k6797992,,failed,0,0,,no_usable_pages,known,,,bpt6k6797992: no usable pages in manifest.,2026-07-17T20:36:00.796985
leconstitutionnel,bpt6k679800v,,failed,0,0,,no_usable_pages,known,,,bpt6k679800v: no usable pages in manifest.,2026-07-17T20:36:00.875859
leconstitutionnel,bpt6k6798017,,failed,0,0,,no_usable_pages,known,,,bpt6k6798017: no usable pages in manifest.,2026-07-17T20:36:00.952279
leconstitutionnel,bpt6k679802m,,failed,0,0,,no_usable_pages,known,,,bpt6k679802m: no usable pages in manifest.,2026-07-17T20:36:01.025608
leconstitutionnel,bpt6k6798030,,failed,0,0,,no_usable_pages,known,,,bpt6k6798030: no usable pages in manifest.,2026-07-17T20:36:01.096780
leconstitutionnel,bpt6k679804c,,failed,0,0,,no_usable_pages,known,,,bpt6k679804c: no usable pages in manifest.,2026-07-17T20:36:01.219944
leconstitutionnel,bpt6k679805r,,failed,0,0,,no_usable_pages,known,,,bpt6k679805r: no usable pages in manifest.,2026-07-17T20:36:01.456020
leconstitutionnel,bpt6k6798064,,failed,0,0,,no_usable_pages,known,,,bpt6k6798064: no usable pages in manifest.,2026-07-17T20:36:01.545457
leconstitutionnel,bpt6k679807h,,failed,0,0,,no_usable_pages,known,,,bpt6k679807h: no usable pages in manifest.,2026-07-17T20:36:01.639131
leconstitutionnel,bpt6k679808w,,failed,0,0,,no_usable_pages,known,,,bpt6k679808w: no usable pages in manifest.,2026-07-17T20:36:01.775107
leconstitutionnel,bpt6k6798098,,failed,0,0,,no_usable_pages,known,,,bpt6k6798098: no usable pages in manifest.,2026-07-17T20:36:01.875112
leconstitutionnel,bpt6k6798106,,failed,0,0,,no_usable_pages,known,,,bpt6k6798106: no usable pages in manifest.,2026-07-17T20:36:01.969618
leconstitutionnel,bpt6k679811k,,failed,0,0,,no_usable_pages,known,,,bpt6k679811k: no usable pages in manifest.,2026-07-17T20:36:02.050741
leconstitutionnel,bpt6k679812z,,failed,0,0,,no_usable_pages,known,,,bpt6k679812z: no usable pages in manifest.,2026-07-17T20:36:02.147365
leconstitutionnel,bpt6k679813b,,failed,0,0,,no_usable_pages,known,,,bpt6k679813b: no usable pages in manifest.,2026-07-17T20:36:02.249969
leconstitutionnel,bpt6k679814q,,failed,0,0,,no_usable_pages,known,,,bpt6k679814q: no usable pages in manifest.,2026-07-17T20:36:02.363622
leconstitutionnel,bpt6k6798153,,failed,0,0,,no_usable_pages,known,,,bpt6k6798153: no usable pages in manifest.,2026-07-17T20:36:02.468515
leconstitutionnel,bpt6k679816g,,failed,0,0,,no_usable_pages,known,,,bpt6k679816g: no usable pages in manifest.,2026-07-17T20:36:02.550520
leconstitutionnel,bpt6k679817v,,failed,0,0,,no_usable_pages,known,,,bpt6k679817v: no usable pages in manifest.,2026-07-17T20:36:02.626823
leconstitutionnel,bpt6k6798187,,failed,0,0,,no_usable_pages,known,,,bpt6k6798187: no usable pages in manifest.,2026-07-17T20:36:02.689420
leconstitutionnel,bpt6k679819m,,failed,0,0,,no_usable_pages,known,,,bpt6k679819m: no usable pages in manifest.,2026-07-17T20:36:02.787100
leconstitutionnel,bpt6k679820j,,failed,0,0,,no_usable_pages,known,,,bpt6k679820j: no usable pages in manifest.,2026-07-17T20:36:02.862025
leconstitutionnel,bpt6k679821x,,failed,0,0,,no_usable_pages,known,,,bpt6k679821x: no usable pages in manifest.,2026-07-17T20:36:03.023398
leconstitutionnel,bpt6k6798229,,failed,0,0,,no_usable_pages,known,,,bpt6k6798229: no usable pages in manifest.,2026-07-17T20:36:03.121834
leconstitutionnel,bpt6k679823p,,failed,0,0,,no_usable_pages,known,,,bpt6k679823p: no usable pages in manifest.,2026-07-17T20:36:03.211007
leconstitutionnel,bpt6k6798242,,failed,0,0,,no_usable_pages,known,,,bpt6k6798242: no usable pages in manifest.,2026-07-17T20:36:03.280633
leconstitutionnel,bpt6k679825f,,failed,0,0,,no_usable_pages,known,,,bpt6k679825f: no usable pages in manifest.,2026-07-17T20:36:03.378882
leconstitutionnel,bpt6k679826t,,failed,0,0,,no_usable_pages,known,,,bpt6k679826t: no usable pages in manifest.,2026-07-17T20:36:03.456962
leconstitutionnel,bpt6k6798276,,failed,0,0,,no_usable_pages,known,,,bpt6k6798276: no usable pages in manifest.,2026-07-17T20:36:03.590324
leconstitutionnel,bpt6k679828k,,failed,0,0,,no_usable_pages,known,,,bpt6k679828k: no usable pages in manifest.,2026-07-17T20:36:03.663826
leconstitutionnel,bpt6k679829z,,failed,0,0,,no_usable_pages,known,,,bpt6k679829z: no usable pages in manifest.,2026-07-17T20:36:03.725823
leconstitutionnel,bpt6k679830w,,failed,0,0,,no_usable_pages,known,,,bpt6k679830w: no usable pages in manifest.,2026-07-17T20:36:03.843997
leconstitutionnel,bpt6k6798318,,failed,0,0,,no_usable_pages,known,,,bpt6k6798318: no usable pages in manifest.,2026-07-17T20:36:03.938857
leconstitutionnel,bpt6k679832n,,failed,0,0,,no_usable_pages,known,,,bpt6k679832n: no usable pages in manifest.,2026-07-17T20:36:04.002478
leconstitutionnel,bpt6k6798331,,failed,0,0,,no_usable_pages,known,,,bpt6k6798331: no usable pages in manifest.,2026-07-17T20:36:04.078300
leconstitutionnel,bpt6k679834d,,failed,0,0,,no_usable_pages,known,,,bpt6k679834d: no usable pages in manifest.,2026-07-17T20:36:04.148814
leconstitutionnel,bpt6k679835s,,failed,0,0,,no_usable_pages,known,,,bpt6k679835s: no usable pages in manifest.,2026-07-17T20:36:04.234754
leconstitutionnel,bpt6k6798365,,failed,0,0,,no_usable_pages,known,,,bpt6k6798365: no usable pages in manifest.,2026-07-17T20:36:04.339402
leconstitutionnel,bpt6k679837j,,failed,0,0,,no_usable_pages,known,,,bpt6k679837j: no usable pages in manifest.,2026-07-17T20:36:04.456377
leconstitutionnel,bpt6k679838x,,failed,0,0,,no_usable_pages,known,,,bpt6k679838x: no usable pages in manifest.,2026-07-17T20:36:04.560192
leconstitutionnel,bpt6k6798399,,failed,0,0,,no_usable_pages,known,,,bpt6k6798399: no usable pages in manifest.,2026-07-17T20:36:04.647434
leconstitutionnel,bpt6k6798407,,failed,0,0,,no_usable_pages,known,,,bpt6k6798407: no usable pages in manifest.,2026-07-17T20:36:04.718323
leconstitutionnel,bpt6k679841m,,failed,0,0,,no_usable_pages,known,,,bpt6k679841m: no usable pages in manifest.,2026-07-17T20:36:04.830627
leconstitutionnel,bpt6k6798420,,failed,0,0,,no_usable_pages,known,,,bpt6k6798420: no usable pages in manifest.,2026-07-17T20:36:04.899042
leconstitutionnel,bpt6k679843c,,failed,0,0,,no_usable_pages,known,,,bpt6k679843c: no usable pages in manifest.,2026-07-17T20:36:04.975144
leconstitutionnel,bpt6k679844r,,failed,0,0,,no_usable_pages,known,,,bpt6k679844r: no usable pages in manifest.,2026-07-17T20:36:05.031682
leconstitutionnel,bpt6k6798454,,failed,0,0,,no_usable_pages,known,,,bpt6k6798454: no usable pages in manifest.,2026-07-17T20:36:05.141553
leconstitutionnel,bpt6k679846h,,failed,0,0,,no_usable_pages,known,,,bpt6k679846h: no usable pages in manifest.,2026-07-17T20:36:05.229189
leconstitutionnel,bpt6k679847w,,failed,0,0,,no_usable_pages,known,,,bpt6k679847w: no usable pages in manifest.,2026-07-17T20:36:05.303757
leconstitutionnel,bpt6k6798488,,failed,0,0,,no_usable_pages,known,,,bpt6k6798488: no usable pages in manifest.,2026-07-17T20:36:05.365618
leconstitutionnel,bpt6k679849n,,failed,0,0,,no_usable_pages,known,,,bpt6k679849n: no usable pages in manifest.,2026-07-17T20:36:05.452678
leconstitutionnel,bpt6k679850k,,failed,0,0,,no_usable_pages,known,,,bpt6k679850k: no usable pages in manifest.,2026-07-17T20:36:05.530705
leconstitutionnel,bpt6k679851z,,failed,0,0,,no_usable_pages,known,,,bpt6k679851z: no usable pages in manifest.,2026-07-17T20:36:05.624663
leconstitutionnel,bpt6k679852b,,failed,0,0,,no_usable_pages,known,,,bpt6k679852b: no usable pages in manifest.,2026-07-17T20:36:05.701455
leconstitutionnel,bpt6k679853q,,failed,0,0,,no_usable_pages,known,,,bpt6k679853q: no usable pages in manifest.,2026-07-17T20:36:05.837013
leconstitutionnel,bpt6k6798543,,failed,0,0,,no_usable_pages,known,,,bpt6k6798543: no usable pages in manifest.,2026-07-17T20:36:06.061950
leconstitutionnel,bpt6k679855g,,failed,0,0,,no_usable_pages,known,,,bpt6k679855g: no usable pages in manifest.,2026-07-17T20:36:06.137507
leconstitutionnel,bpt6k679856v,,failed,0,0,,no_usable_pages,known,,,bpt6k679856v: no usable pages in manifest.,2026-07-17T20:36:06.208558
leconstitutionnel,bpt6k6798577,,failed,0,0,,no_usable_pages,known,,,bpt6k6798577: no usable pages in manifest.,2026-07-17T20:36:06.267596
leconstitutionnel,bpt6k679858m,,failed,0,0,,no_usable_pages,known,,,bpt6k679858m: no usable pages in manifest.,2026-07-17T20:36:06.336171
leconstitutionnel,bpt6k6798590,,failed,0,0,,no_usable_pages,known,,,bpt6k6798590: no usable pages in manifest.,2026-07-17T20:36:06.416608
leconstitutionnel,bpt6k679860x,,failed,0,0,,no_usable_pages,known,,,bpt6k679860x: no usable pages in manifest.,2026-07-17T20:36:06.545436
leconstitutionnel,bpt6k6798619,,failed,0,0,,no_usable_pages,known,,,bpt6k6798619: no usable pages in manifest.,2026-07-17T20:36:06.630482
leconstitutionnel,bpt6k679862p,,failed,0,0,,no_usable_pages,known,,,bpt6k679862p: no usable pages in manifest.,2026-07-17T20:36:06.718582
leconstitutionnel,bpt6k6798632,,failed,0,0,,no_usable_pages,known,,,bpt6k6798632: no usable pages in manifest.,2026-07-17T20:36:06.810771
leconstitutionnel,bpt6k679864f,,failed,0,0,,no_usable_pages,known,,,bpt6k679864f: no usable pages in manifest.,2026-07-17T20:36:06.909830
leconstitutionnel,bpt6k679865t,,failed,0,0,,no_usable_pages,known,,,bpt6k679865t: no usable pages in manifest.,2026-07-17T20:36:07.038465
leconstitutionnel,bpt6k6798666,,failed,0,0,,no_usable_pages,known,,,bpt6k6798666: no usable pages in manifest.,2026-07-17T20:36:07.138500
leconstitutionnel,bpt6k679867k,,failed,0,0,,no_usable_pages,known,,,bpt6k679867k: no usable pages in manifest.,2026-07-17T20:36:07.234622
leconstitutionnel,bpt6k679868z,,failed,0,0,,no_usable_pages,known,,,bpt6k679868z: no usable pages in manifest.,2026-07-17T20:36:07.312351
leconstitutionnel,bpt6k679869b,,failed,0,0,,no_usable_pages,known,,,bpt6k679869b: no usable pages in manifest.,2026-07-17T20:36:07.457882
leconstitutionnel,bpt6k6798708,,failed,0,0,,no_usable_pages,known,,,bpt6k6798708: no usable pages in manifest.,2026-07-17T20:36:07.592086
leconstitutionnel,bpt6k679871n,,failed,0,0,,no_usable_pages,known,,,bpt6k679871n: no usable pages in manifest.,2026-07-17T20:36:07.687720
leconstitutionnel,bpt6k6798721,,failed,0,0,,no_usable_pages,known,,,bpt6k6798721: no usable pages in manifest.,2026-07-17T20:36:07.774115
leconstitutionnel,bpt6k679873d,,failed,0,0,,no_usable_pages,known,,,bpt6k679873d: no usable pages in manifest.,2026-07-17T20:36:07.839276
leconstitutionnel,bpt6k679874s,,failed,0,0,,no_usable_pages,known,,,bpt6k679874s: no usable pages in manifest.,2026-07-17T20:36:07.933578
leconstitutionnel,bpt6k6798755,,failed,0,0,,no_usable_pages,known,,,bpt6k6798755: no usable pages in manifest.,2026-07-17T20:36:08.002949
leconstitutionnel,bpt6k679876j,,failed,0,0,,no_usable_pages,known,,,bpt6k679876j: no usable pages in manifest.,2026-07-17T20:36:08.119018
leconstitutionnel,bpt6k679877x,,failed,0,0,,no_usable_pages,known,,,bpt6k679877x: no usable pages in manifest.,2026-07-17T20:36:08.208926
leconstitutionnel,bpt6k6798789,,failed,0,0,,no_usable_pages,known,,,bpt6k6798789: no usable pages in manifest.,2026-07-17T20:36:08.317470
leconstitutionnel,bpt6k679879p,,failed,0,0,,no_usable_pages,known,,,bpt6k679879p: no usable pages in manifest.,2026-07-17T20:36:08.404040
leconstitutionnel,bpt6k679880m,,failed,0,0,,no_usable_pages,known,,,bpt6k679880m: no usable pages in manifest.,2026-07-17T20:36:08.502825
leconstitutionnel,bpt6k6798810,,failed,0,0,,no_usable_pages,known,,,bpt6k6798810: no usable pages in manifest.,2026-07-17T20:36:08.620181
leconstitutionnel,bpt6k679882c,,failed,0,0,,no_usable_pages,known,,,bpt6k679882c: no usable pages in manifest.,2026-07-17T20:36:08.713052
leconstitutionnel,bpt6k679883r,,failed,0,0,,no_usable_pages,known,,,bpt6k679883r: no usable pages in manifest.,2026-07-17T20:36:08.820443
leconstitutionnel,bpt6k6798844,,failed,0,0,,no_usable_pages,known,,,bpt6k6798844: no usable pages in manifest.,2026-07-17T20:36:08.916188
leconstitutionnel,bpt6k679885h,,failed,0,0,,no_usable_pages,known,,,bpt6k679885h: no usable pages in manifest.,2026-07-17T20:36:09.067476
leconstitutionnel,bpt6k679886w,,failed,0,0,,no_usable_pages,known,,,bpt6k679886w: no usable pages in manifest.,2026-07-17T20:36:09.208655
leconstitutionnel,bpt6k6798878,,failed,0,0,,no_usable_pages,known,,,bpt6k6798878: no usable pages in manifest.,2026-07-17T20:36:09.283024
leconstitutionnel,bpt6k679888n,,failed,0,0,,no_usable_pages,known,,,bpt6k679888n: no usable pages in manifest.,2026-07-17T20:36:09.373260
leconstitutionnel,bpt6k6798891,,failed,0,0,,no_usable_pages,known,,,bpt6k6798891: no usable pages in manifest.,2026-07-17T20:36:09.462179
leconstitutionnel,bpt6k679890z,,failed,0,0,,no_usable_pages,known,,,bpt6k679890z: no usable pages in manifest.,2026-07-17T20:36:09.542604
leconstitutionnel,bpt6k679891b,,failed,0,0,,no_usable_pages,known,,,bpt6k679891b: no usable pages in manifest.,2026-07-17T20:36:09.647501
leconstitutionnel,bpt6k679892q,,failed,0,0,,no_usable_pages,known,,,bpt6k679892q: no usable pages in manifest.,2026-07-17T20:36:09.775384
leconstitutionnel,bpt6k6798933,,failed,0,0,,no_usable_pages,known,,,bpt6k6798933: no usable pages in manifest.,2026-07-17T20:36:09.862766
leconstitutionnel,bpt6k679894g,,failed,0,0,,no_usable_pages,known,,,bpt6k679894g: no usable pages in manifest.,2026-07-17T20:36:09.936856
leconstitutionnel,bpt6k679895v,,failed,0,0,,no_usable_pages,known,,,bpt6k679895v: no usable pages in manifest.,2026-07-17T20:36:10.005854
leconstitutionnel,bpt6k6798967,,failed,0,0,,no_usable_pages,known,,,bpt6k6798967: no usable pages in manifest.,2026-07-17T20:36:10.086178
leconstitutionnel,bpt6k679897m,,failed,0,0,,no_usable_pages,known,,,bpt6k679897m: no usable pages in manifest.,2026-07-17T20:36:10.220736
leconstitutionnel,bpt6k6798980,,failed,0,0,,no_usable_pages,known,,,bpt6k6798980: no usable pages in manifest.,2026-07-17T20:36:10.285521
leconstitutionnel,bpt6k679899c,,failed,0,0,,no_usable_pages,known,,,bpt6k679899c: no usable pages in manifest.,2026-07-17T20:36:10.360979
leconstitutionnel,bpt6k6799005,,failed,0,0,,no_usable_pages,known,,,bpt6k6799005: no usable pages in manifest.,2026-07-17T20:36:10.448842
leconstitutionnel,bpt6k679901j,,failed,0,0,,no_usable_pages,known,,,bpt6k679901j: no usable pages in manifest.,2026-07-17T20:36:10.606311
leconstitutionnel,bpt6k679902x,,failed,0,0,,no_usable_pages,known,,,bpt6k679902x: no usable pages in manifest.,2026-07-17T20:36:10.736760
leconstitutionnel,bpt6k6799039,,failed,0,0,,no_usable_pages,known,,,bpt6k6799039: no usable pages in manifest.,2026-07-17T20:36:10.813760
leconstitutionnel,bpt6k679904p,,failed,0,0,,no_usable_pages,known,,,bpt6k679904p: no usable pages in manifest.,2026-07-17T20:36:10.894171
leconstitutionnel,bpt6k6799052,,failed,0,0,,no_usable_pages,known,,,bpt6k6799052: no usable pages in manifest.,2026-07-17T20:36:10.961355
leconstitutionnel,bpt6k679906f,,failed,0,0,,no_usable_pages,known,,,bpt6k679906f: no usable pages in manifest.,2026-07-17T20:36:11.048174
leconstitutionnel,bpt6k679907t,,failed,0,0,,no_usable_pages,known,,,bpt6k679907t: no usable pages in manifest.,2026-07-17T20:36:11.122648
leconstitutionnel,bpt6k6799086,,failed,0,0,,no_usable_pages,known,,,bpt6k6799086: no usable pages in manifest.,2026-07-17T20:36:11.253535
leconstitutionnel,bpt6k679909k,,failed,0,0,,no_usable_pages,known,,,bpt6k679909k: no usable pages in manifest.,2026-07-17T20:36:11.328259
leconstitutionnel,bpt6k679910h,,failed,0,0,,no_usable_pages,known,,,bpt6k679910h: no usable pages in manifest.,2026-07-17T20:36:11.404411
leconstitutionnel,bpt6k679911w,,failed,0,0,,no_usable_pages,known,,,bpt6k679911w: no usable pages in manifest.,2026-07-17T20:36:11.464806
leconstitutionnel,bpt6k6799128,,failed,0,0,,no_usable_pages,known,,,bpt6k6799128: no usable pages in manifest.,2026-07-17T20:36:11.525210
leconstitutionnel,bpt6k679913n,,failed,0,0,,no_usable_pages,known,,,bpt6k679913n: no usable pages in manifest.,2026-07-17T20:36:11.596976
leconstitutionnel,bpt6k6799141,,failed,0,0,,no_usable_pages,known,,,bpt6k6799141: no usable pages in manifest.,2026-07-17T20:36:11.682478
leconstitutionnel,bpt6k679915d,,failed,0,0,,no_usable_pages,known,,,bpt6k679915d: no usable pages in manifest.,2026-07-17T20:36:11.772097
leconstitutionnel,bpt6k679916s,,failed,0,0,,no_usable_pages,known,,,bpt6k679916s: no usable pages in manifest.,2026-07-17T20:36:11.844104
leconstitutionnel,bpt6k6799175,,failed,0,0,,no_usable_pages,known,,,bpt6k6799175: no usable pages in manifest.,2026-07-17T20:36:11.913957
leconstitutionnel,bpt6k679918j,,failed,0,0,,no_usable_pages,known,,,bpt6k679918j: no usable pages in manifest.,2026-07-17T20:36:12.148843
leconstitutionnel,bpt6k679919x,,failed,0,0,,no_usable_pages,known,,,bpt6k679919x: no usable pages in manifest.,2026-07-17T20:36:12.303486
leconstitutionnel,bpt6k679920v,,failed,0,0,,no_usable_pages,known,,,bpt6k679920v: no usable pages in manifest.,2026-07-17T20:36:12.396701
leconstitutionnel,bpt6k6799217,,failed,0,0,,no_usable_pages,known,,,bpt6k6799217: no usable pages in manifest.,2026-07-17T20:36:12.503188
leconstitutionnel,bpt6k679922m,,failed,0,0,,no_usable_pages,known,,,bpt6k679922m: no usable pages in manifest.,2026-07-17T20:36:12.599477
leconstitutionnel,bpt6k6799230,,failed,0,0,,no_usable_pages,known,,,bpt6k6799230: no usable pages in manifest.,2026-07-17T20:36:12.706364
leconstitutionnel,bpt6k679924c,,failed,0,0,,no_usable_pages,known,,,bpt6k679924c: no usable pages in manifest.,2026-07-17T20:36:12.835824
leconstitutionnel,bpt6k679925r,,failed,0,0,,no_usable_pages,known,,,bpt6k679925r: no usable pages in manifest.,2026-07-17T20:36:12.899598
leconstitutionnel,bpt6k6799264,,failed,0,0,,no_usable_pages,known,,,bpt6k6799264: no usable pages in manifest.,2026-07-17T20:36:13.000722
leconstitutionnel,bpt6k679927h,,failed,0,0,,no_usable_pages,known,,,bpt6k679927h: no usable pages in manifest.,2026-07-17T20:36:13.070169
leconstitutionnel,bpt6k679928w,,failed,0,0,,no_usable_pages,known,,,bpt6k679928w: no usable pages in manifest.,2026-07-17T20:36:13.146862
leconstitutionnel,bpt6k6799298,,failed,0,0,,no_usable_pages,known,,,bpt6k6799298: no usable pages in manifest.,2026-07-17T20:36:13.219372
leconstitutionnel,bpt6k6799306,,failed,0,0,,no_usable_pages,known,,,bpt6k6799306: no usable pages in manifest.,2026-07-17T20:36:13.363837
leconstitutionnel,bpt6k679931k,,failed,0,0,,no_usable_pages,known,,,bpt6k679931k: no usable pages in manifest.,2026-07-17T20:36:13.448846
leconstitutionnel,bpt6k679932z,,failed,0,0,,no_usable_pages,known,,,bpt6k679932z: no usable pages in manifest.,2026-07-17T20:36:13.537513
leconstitutionnel,bpt6k679933b,,failed,0,0,,no_usable_pages,known,,,bpt6k679933b: no usable pages in manifest.,2026-07-17T20:36:13.606322
leconstitutionnel,bpt6k679934q,,failed,0,0,,no_usable_pages,known,,,bpt6k679934q: no usable pages in manifest.,2026-07-17T20:36:13.848815
leconstitutionnel,bpt6k6799353,,failed,0,0,,no_usable_pages,known,,,bpt6k6799353: no usable pages in manifest.,2026-07-17T20:36:13.962105
leconstitutionnel,bpt6k679936g,,failed,0,0,,no_usable_pages,known,,,bpt6k679936g: no usable pages in manifest.,2026-07-17T20:36:14.053296
leconstitutionnel,bpt6k679937v,,failed,0,0,,no_usable_pages,known,,,bpt6k679937v: no usable pages in manifest.,2026-07-17T20:36:14.121644
leconstitutionnel,bpt6k6799387,,failed,0,0,,no_usable_pages,known,,,bpt6k6799387: no usable pages in manifest.,2026-07-17T20:36:14.204663
leconstitutionnel,bpt6k679939m,,failed,0,0,,no_usable_pages,known,,,bpt6k679939m: no usable pages in manifest.,2026-07-17T20:36:14.333418
leconstitutionnel,bpt6k679940j,,failed,0,0,,no_usable_pages,known,,,bpt6k679940j: no usable pages in manifest.,2026-07-17T20:36:14.415986
leconstitutionnel,bpt6k679941x,,failed,0,0,,no_usable_pages,known,,,bpt6k679941x: no usable pages in manifest.,2026-07-17T20:36:14.499048
leconstitutionnel,bpt6k6799429,,failed,0,0,,no_usable_pages,known,,,bpt6k6799429: no usable pages in manifest.,2026-07-17T20:36:14.566393
leconstitutionnel,bpt6k679943p,,failed,0,0,,no_usable_pages,known,,,bpt6k679943p: no usable pages in manifest.,2026-07-17T20:36:14.646752
leconstitutionnel,bpt6k6799442,,failed,0,0,,no_usable_pages,known,,,bpt6k6799442: no usable pages in manifest.,2026-07-17T20:36:14.728944
leconstitutionnel,bpt6k679945f,,failed,0,0,,no_usable_pages,known,,,bpt6k679945f: no usable pages in manifest.,2026-07-17T20:36:14.794317
leconstitutionnel,bpt6k679946t,,failed,0,0,,no_usable_pages,known,,,bpt6k679946t: no usable pages in manifest.,2026-07-17T20:36:14.912404
leconstitutionnel,bpt6k6799476,,failed,0,0,,no_usable_pages,known,,,bpt6k6799476: no usable pages in manifest.,2026-07-17T20:36:15.007299
leconstitutionnel,bpt6k679948k,,failed,0,0,,no_usable_pages,known,,,bpt6k679948k: no usable pages in manifest.,2026-07-17T20:36:15.077440
leconstitutionnel,bpt6k679949z,,failed,0,0,,no_usable_pages,known,,,bpt6k679949z: no usable pages in manifest.,2026-07-17T20:36:15.155462
leconstitutionnel,bpt6k679950w,,failed,0,0,,no_usable_pages,known,,,bpt6k679950w: no usable pages in manifest.,2026-07-17T20:36:15.332336
leconstitutionnel,bpt6k6799518,,failed,0,0,,no_usable_pages,known,,,bpt6k6799518: no usable pages in manifest.,2026-07-17T20:36:15.463151
leconstitutionnel,bpt6k679952n,,failed,0,0,,no_usable_pages,known,,,bpt6k679952n: no usable pages in manifest.,2026-07-17T20:36:15.562240
leconstitutionnel,bpt6k6799531,,failed,0,0,,no_usable_pages,known,,,bpt6k6799531: no usable pages in manifest.,2026-07-17T20:36:15.650484
leconstitutionnel,bpt6k679954d,,failed,0,0,,no_usable_pages,known,,,bpt6k679954d: no usable pages in manifest.,2026-07-17T20:36:15.710325
leconstitutionnel,bpt6k679955s,,failed,0,0,,no_usable_pages,known,,,bpt6k679955s: no usable pages in manifest.,2026-07-17T20:36:15.807455
leconstitutionnel,bpt6k6799565,,failed,0,0,,no_usable_pages,known,,,bpt6k6799565: no usable pages in manifest.,2026-07-17T20:36:15.892065
leconstitutionnel,bpt6k679957j,,failed,0,0,,no_usable_pages,known,,,bpt6k679957j: no usable pages in manifest.,2026-07-17T20:36:15.971484
leconstitutionnel,bpt6k679958x,,failed,0,0,,no_usable_pages,known,,,bpt6k679958x: no usable pages in manifest.,2026-07-17T20:36:16.139347
leconstitutionnel,bpt6k6799599,,failed,0,0,,no_usable_pages,known,,,bpt6k6799599: no usable pages in manifest.,2026-07-17T20:36:16.278026
leconstitutionnel,bpt6k6799607,,failed,0,0,,no_usable_pages,known,,,bpt6k6799607: no usable pages in manifest.,2026-07-17T20:36:16.375840
leconstitutionnel,bpt6k679961m,,failed,0,0,,no_usable_pages,known,,,bpt6k679961m: no usable pages in manifest.,2026-07-17T20:36:16.522774
leconstitutionnel,bpt6k6799620,,failed,0,0,,no_usable_pages,known,,,bpt6k6799620: no usable pages in manifest.,2026-07-17T20:36:16.632471
leconstitutionnel,bpt6k679963c,,failed,0,0,,no_usable_pages,known,,,bpt6k679963c: no usable pages in manifest.,2026-07-17T20:36:16.757390
leconstitutionnel,bpt6k679964r,,failed,0,0,,no_usable_pages,known,,,bpt6k679964r: no usable pages in manifest.,2026-07-17T20:36:17.098540
leconstitutionnel,bpt6k6799654,,failed,0,0,,no_usable_pages,known,,,bpt6k6799654: no usable pages in manifest.,2026-07-17T20:36:17.249211
leconstitutionnel,bpt6k679966h,,failed,0,0,,no_usable_pages,known,,,bpt6k679966h: no usable pages in manifest.,2026-07-17T20:36:17.336718
leconstitutionnel,bpt6k679967w,,failed,0,0,,no_usable_pages,known,,,bpt6k679967w: no usable pages in manifest.,2026-07-17T20:36:17.409743
leconstitutionnel,bpt6k6799688,,failed,0,0,,no_usable_pages,known,,,bpt6k6799688: no usable pages in manifest.,2026-07-17T20:36:17.586060
leconstitutionnel,bpt6k679969n,,failed,0,0,,no_usable_pages,known,,,bpt6k679969n: no usable pages in manifest.,2026-07-17T20:36:17.670179
leconstitutionnel,bpt6k679970k,,failed,0,0,,no_usable_pages,known,,,bpt6k679970k: no usable pages in manifest.,2026-07-17T20:36:17.748634
leconstitutionnel,bpt6k679971z,,failed,0,0,,no_usable_pages,known,,,bpt6k679971z: no usable pages in manifest.,2026-07-17T20:36:17.835650
leconstitutionnel,bpt6k679972b,,failed,0,0,,no_usable_pages,known,,,bpt6k679972b: no usable pages in manifest.,2026-07-17T20:36:17.908515
leconstitutionnel,bpt6k679973q,,failed,0,0,,no_usable_pages,known,,,bpt6k679973q: no usable pages in manifest.,2026-07-17T20:36:17.990282
leconstitutionnel,bpt6k6799743,,failed,0,0,,no_usable_pages,known,,,bpt6k6799743: no usable pages in manifest.,2026-07-17T20:36:18.050297
leconstitutionnel,bpt6k679975g,,failed,0,0,,no_usable_pages,known,,,bpt6k679975g: no usable pages in manifest.,2026-07-17T20:36:18.124906
leconstitutionnel,bpt6k679976v,,failed,0,0,,no_usable_pages,known,,,bpt6k679976v: no usable pages in manifest.,2026-07-17T20:36:18.246308
leconstitutionnel,bpt6k6799777,,failed,0,0,,no_usable_pages,known,,,bpt6k6799777: no usable pages in manifest.,2026-07-17T20:36:18.319405
leconstitutionnel,bpt6k679978m,,failed,0,0,,no_usable_pages,known,,,bpt6k679978m: no usable pages in manifest.,2026-07-17T20:36:18.426209
leconstitutionnel,bpt6k6799790,,failed,0,0,,no_usable_pages,known,,,bpt6k6799790: no usable pages in manifest.,2026-07-17T20:36:18.568269
leconstitutionnel,bpt6k679980x,,failed,0,0,,no_usable_pages,known,,,bpt6k679980x: no usable pages in manifest.,2026-07-17T20:36:18.700491
leconstitutionnel,bpt6k6799819,,failed,0,0,,no_usable_pages,known,,,bpt6k6799819: no usable pages in manifest.,2026-07-17T20:36:18.810365
leconstitutionnel,bpt6k679982p,,failed,0,0,,no_usable_pages,known,,,bpt6k679982p: no usable pages in manifest.,2026-07-17T20:36:18.882568
leconstitutionnel,bpt6k6799832,,failed,0,0,,no_usable_pages,known,,,bpt6k6799832: no usable pages in manifest.,2026-07-17T20:36:18.981951
leconstitutionnel,bpt6k679984f,,failed,0,0,,no_usable_pages,known,,,bpt6k679984f: no usable pages in manifest.,2026-07-17T20:36:19.053541
leconstitutionnel,bpt6k679985t,,failed,0,0,,no_usable_pages,known,,,bpt6k679985t: no usable pages in manifest.,2026-07-17T20:36:19.143263
leconstitutionnel,bpt6k6799866,,failed,0,0,,no_usable_pages,known,,,bpt6k6799866: no usable pages in manifest.,2026-07-17T20:36:19.236158
leconstitutionnel,bpt6k679987k,,failed,0,0,,no_usable_pages,known,,,bpt6k679987k: no usable pages in manifest.,2026-07-17T20:36:19.309763
leconstitutionnel,bpt6k679988z,,failed,0,0,,no_usable_pages,known,,,bpt6k679988z: no usable pages in manifest.,2026-07-17T20:36:19.383123
leconstitutionnel,bpt6k679989b,,failed,0,0,,no_usable_pages,known,,,bpt6k679989b: no usable pages in manifest.,2026-07-17T20:36:19.445727
leconstitutionnel,bpt6k6799908,,failed,0,0,,no_usable_pages,known,,,bpt6k6799908: no usable pages in manifest.,2026-07-17T20:36:19.535428
leconstitutionnel,bpt6k679991n,,failed,0,0,,no_usable_pages,known,,,bpt6k679991n: no usable pages in manifest.,2026-07-17T20:36:19.660358
leconstitutionnel,bpt6k6799921,,failed,0,0,,no_usable_pages,known,,,bpt6k6799921: no usable pages in manifest.,2026-07-17T20:36:19.774461
leconstitutionnel,bpt6k679993d,,failed,0,0,,no_usable_pages,known,,,bpt6k679993d: no usable pages in manifest.,2026-07-17T20:36:19.920831
leconstitutionnel,bpt6k679994s,,failed,0,0,,no_usable_pages,known,,,bpt6k679994s: no usable pages in manifest.,2026-07-17T20:36:20.223244
leconstitutionnel,bpt6k6799955,,failed,0,0,,no_usable_pages,known,,,bpt6k6799955: no usable pages in manifest.,2026-07-17T20:36:20.335396
leconstitutionnel,bpt6k679996j,,failed,0,0,,no_usable_pages,known,,,bpt6k679996j: no usable pages in manifest.,2026-07-17T20:36:20.481562
leconstitutionnel,bpt6k679997x,,failed,0,0,,no_usable_pages,known,,,bpt6k679997x: no usable pages in manifest.,2026-07-17T20:36:20.587407
leconstitutionnel,bpt6k6799989,,failed,0,0,,no_usable_pages,known,,,bpt6k6799989: no usable pages in manifest.,2026-07-17T20:36:20.735852
leconstitutionnel,bpt6k679999p,,failed,0,0,,no_usable_pages,known,,,bpt6k679999p: no usable pages in manifest.,2026-07-17T20:36:20.806489
leconstitutionnel,bpt6k6800004,,failed,0,0,,no_usable_pages,known,,,bpt6k6800004: no usable pages in manifest.,2026-07-17T20:36:20.903454
leconstitutionnel,bpt6k680001h,,failed,0,0,,no_usable_pages,known,,,bpt6k680001h: no usable pages in manifest.,2026-07-17T20:36:20.985988
leconstitutionnel,bpt6k680002w,,failed,0,0,,no_usable_pages,known,,,bpt6k680002w: no usable pages in manifest.,2026-07-17T20:36:21.044308
leconstitutionnel,bpt6k6800038,,failed,0,0,,no_usable_pages,known,,,bpt6k6800038: no usable pages in manifest.,2026-07-17T20:36:21.127467
leconstitutionnel,bpt6k680004n,,failed,0,0,,no_usable_pages,known,,,bpt6k680004n: no usable pages in manifest.,2026-07-17T20:36:21.217022
leconstitutionnel,bpt6k6800051,,failed,0,0,,no_usable_pages,known,,,bpt6k6800051: no usable pages in manifest.,2026-07-17T20:36:21.290326
leconstitutionnel,bpt6k680006d,,failed,0,0,,no_usable_pages,known,,,bpt6k680006d: no usable pages in manifest.,2026-07-17T20:36:21.380228
leconstitutionnel,bpt6k680007s,,failed,0,0,,no_usable_pages,known,,,bpt6k680007s: no usable pages in manifest.,2026-07-17T20:36:21.466578
leconstitutionnel,bpt6k6800085,,failed,0,0,,no_usable_pages,known,,,bpt6k6800085: no usable pages in manifest.,2026-07-17T20:36:21.559208
leconstitutionnel,bpt6k680009j,,failed,0,0,,no_usable_pages,known,,,bpt6k680009j: no usable pages in manifest.,2026-07-17T20:36:21.645172
leconstitutionnel,bpt6k680010g,,failed,0,0,,no_usable_pages,known,,,bpt6k680010g: no usable pages in manifest.,2026-07-17T20:36:21.826641
leconstitutionnel,bpt6k680011v,,failed,0,0,,no_usable_pages,known,,,bpt6k680011v: no usable pages in manifest.,2026-07-17T20:36:21.943194
leconstitutionnel,bpt6k6800127,,failed,0,0,,no_usable_pages,known,,,bpt6k6800127: no usable pages in manifest.,2026-07-17T20:36:22.022488
leconstitutionnel,bpt6k680013m,,failed,0,0,,no_usable_pages,known,,,bpt6k680013m: no usable pages in manifest.,2026-07-17T20:36:22.097517
leconstitutionnel,bpt6k6800140,,failed,0,0,,no_usable_pages,known,,,bpt6k6800140: no usable pages in manifest.,2026-07-17T20:36:22.169829
leconstitutionnel,bpt6k680015c,,failed,0,0,,no_usable_pages,known,,,bpt6k680015c: no usable pages in manifest.,2026-07-17T20:36:22.309688
leconstitutionnel,bpt6k680016r,,failed,0,0,,no_usable_pages,known,,,bpt6k680016r: no usable pages in manifest.,2026-07-17T20:36:22.426461
leconstitutionnel,bpt6k6800174,,failed,0,0,,no_usable_pages,known,,,bpt6k6800174: no usable pages in manifest.,2026-07-17T20:36:22.497060
leconstitutionnel,bpt6k680018h,,failed,0,0,,no_usable_pages,known,,,bpt6k680018h: no usable pages in manifest.,2026-07-17T20:36:22.545632
leconstitutionnel,bpt6k680019w,,failed,0,0,,no_usable_pages,known,,,bpt6k680019w: no usable pages in manifest.,2026-07-17T20:36:22.637954
leconstitutionnel,bpt6k680020t,,failed,0,0,,no_usable_pages,known,,,bpt6k680020t: no usable pages in manifest.,2026-07-17T20:36:22.735520
leconstitutionnel,bpt6k6800216,,failed,0,0,,no_usable_pages,known,,,bpt6k6800216: no usable pages in manifest.,2026-07-17T20:36:22.836223
leconstitutionnel,bpt6k680022k,,failed,0,0,,no_usable_pages,known,,,bpt6k680022k: no usable pages in manifest.,2026-07-17T20:36:22.899309
leconstitutionnel,bpt6k680023z,,failed,0,0,,no_usable_pages,known,,,bpt6k680023z: no usable pages in manifest.,2026-07-17T20:36:23.031769
leconstitutionnel,bpt6k680024b,,failed,0,0,,no_usable_pages,known,,,bpt6k680024b: no usable pages in manifest.,2026-07-17T20:36:23.098728
leconstitutionnel,bpt6k680025q,,failed,0,0,,no_usable_pages,known,,,bpt6k680025q: no usable pages in manifest.,2026-07-17T20:36:23.195856
leconstitutionnel,bpt6k6800263,,failed,0,0,,no_usable_pages,known,,,bpt6k6800263: no usable pages in manifest.,2026-07-17T20:36:23.391250
leconstitutionnel,bpt6k680027g,,failed,0,0,,no_usable_pages,known,,,bpt6k680027g: no usable pages in manifest.,2026-07-17T20:36:23.514479
leconstitutionnel,bpt6k680028v,,failed,0,0,,no_usable_pages,known,,,bpt6k680028v: no usable pages in manifest.,2026-07-17T20:36:23.594473
leconstitutionnel,bpt6k6800297,,failed,0,0,,no_usable_pages,known,,,bpt6k6800297: no usable pages in manifest.,2026-07-17T20:36:23.681348
leconstitutionnel,bpt6k6800305,,failed,0,0,,no_usable_pages,known,,,bpt6k6800305: no usable pages in manifest.,2026-07-17T20:36:23.787519
leconstitutionnel,bpt6k680031j,,failed,0,0,,no_usable_pages,known,,,bpt6k680031j: no usable pages in manifest.,2026-07-17T20:36:23.935057
leconstitutionnel,bpt6k680032x,,failed,0,0,,no_usable_pages,known,,,bpt6k680032x: no usable pages in manifest.,2026-07-17T20:36:24.038045
leconstitutionnel,bpt6k6800339,,failed,0,0,,no_usable_pages,known,,,bpt6k6800339: no usable pages in manifest.,2026-07-17T20:36:24.133990
leconstitutionnel,bpt6k680034p,,failed,0,0,,no_usable_pages,known,,,bpt6k680034p: no usable pages in manifest.,2026-07-17T20:36:24.235865
leconstitutionnel,bpt6k6800352,,failed,0,0,,no_usable_pages,known,,,bpt6k6800352: no usable pages in manifest.,2026-07-17T20:36:24.330324
leconstitutionnel,bpt6k680036f,,failed,0,0,,no_usable_pages,known,,,bpt6k680036f: no usable pages in manifest.,2026-07-17T20:36:24.409063
leconstitutionnel,bpt6k680037t,,failed,0,0,,no_usable_pages,known,,,bpt6k680037t: no usable pages in manifest.,2026-07-17T20:36:24.561449
leconstitutionnel,bpt6k6800386,,failed,0,0,,no_usable_pages,known,,,bpt6k6800386: no usable pages in manifest.,2026-07-17T20:36:24.646501
leconstitutionnel,bpt6k680039k,,failed,0,0,,no_usable_pages,known,,,bpt6k680039k: no usable pages in manifest.,2026-07-17T20:36:24.768766
leconstitutionnel,bpt6k680040h,,failed,0,0,,no_usable_pages,known,,,bpt6k680040h: no usable pages in manifest.,2026-07-17T20:36:24.871858
leconstitutionnel,bpt6k680041w,,failed,0,0,,no_usable_pages,known,,,bpt6k680041w: no usable pages in manifest.,2026-07-17T20:36:24.993219
leconstitutionnel,bpt6k6800428,,failed,0,0,,no_usable_pages,known,,,bpt6k6800428: no usable pages in manifest.,2026-07-17T20:36:25.078885
leconstitutionnel,bpt6k680043n,,failed,0,0,,no_usable_pages,known,,,bpt6k680043n: no usable pages in manifest.,2026-07-17T20:36:25.175974
leconstitutionnel,bpt6k6800441,,failed,0,0,,no_usable_pages,known,,,bpt6k6800441: no usable pages in manifest.,2026-07-17T20:36:25.237494
leconstitutionnel,bpt6k680045d,,failed,0,0,,no_usable_pages,known,,,bpt6k680045d: no usable pages in manifest.,2026-07-17T20:36:25.304363
leconstitutionnel,bpt6k680046s,,failed,0,0,,no_usable_pages,known,,,bpt6k680046s: no usable pages in manifest.,2026-07-17T20:36:25.360914
leconstitutionnel,bpt6k6800475,,failed,0,0,,no_usable_pages,known,,,bpt6k6800475: no usable pages in manifest.,2026-07-17T20:36:25.417141
leconstitutionnel,bpt6k680048j,,failed,0,0,,no_usable_pages,known,,,bpt6k680048j: no usable pages in manifest.,2026-07-17T20:36:25.497227
leconstitutionnel,bpt6k680049x,,failed,0,0,,no_usable_pages,known,,,bpt6k680049x: no usable pages in manifest.,2026-07-17T20:36:25.606692
leconstitutionnel,bpt6k680050v,,failed,0,0,,no_usable_pages,known,,,bpt6k680050v: no usable pages in manifest.,2026-07-17T20:36:25.690481
leconstitutionnel,bpt6k6800517,,failed,0,0,,no_usable_pages,known,,,bpt6k6800517: no usable pages in manifest.,2026-07-17T20:36:25.759990
leconstitutionnel,bpt6k680052m,,failed,0,0,,no_usable_pages,known,,,bpt6k680052m: no usable pages in manifest.,2026-07-17T20:36:25.812665
leconstitutionnel,bpt6k6800530,,failed,0,0,,no_usable_pages,known,,,bpt6k6800530: no usable pages in manifest.,2026-07-17T20:36:25.865869
leconstitutionnel,bpt6k680054c,,failed,0,0,,no_usable_pages,known,,,bpt6k680054c: no usable pages in manifest.,2026-07-17T20:36:25.940603
leconstitutionnel,bpt6k680055r,,failed,0,0,,no_usable_pages,known,,,bpt6k680055r: no usable pages in manifest.,2026-07-17T20:36:26.062523
leconstitutionnel,bpt6k6800564,,failed,0,0,,no_usable_pages,known,,,bpt6k6800564: no usable pages in manifest.,2026-07-17T20:36:26.206411
leconstitutionnel,bpt6k680057h,,failed,0,0,,no_usable_pages,known,,,bpt6k680057h: no usable pages in manifest.,2026-07-17T20:36:26.324669
leconstitutionnel,bpt6k680058w,,failed,0,0,,no_usable_pages,known,,,bpt6k680058w: no usable pages in manifest.,2026-07-17T20:36:26.379348
leconstitutionnel,bpt6k6800598,,failed,0,0,,no_usable_pages,known,,,bpt6k6800598: no usable pages in manifest.,2026-07-17T20:36:26.455774
leconstitutionnel,bpt6k6800606,,failed,0,0,,no_usable_pages,known,,,bpt6k6800606: no usable pages in manifest.,2026-07-17T20:36:26.547542
leconstitutionnel,bpt6k680061k,,failed,0,0,,no_usable_pages,known,,,bpt6k680061k: no usable pages in manifest.,2026-07-17T20:36:26.649327
leconstitutionnel,bpt6k680062z,,failed,0,0,,no_usable_pages,known,,,bpt6k680062z: no usable pages in manifest.,2026-07-17T20:36:26.765199
leconstitutionnel,bpt6k680063b,,failed,0,0,,no_usable_pages,known,,,bpt6k680063b: no usable pages in manifest.,2026-07-17T20:36:26.855889
leconstitutionnel,bpt6k680064q,,failed,0,0,,no_usable_pages,known,,,bpt6k680064q: no usable pages in manifest.,2026-07-17T20:36:26.935082
leconstitutionnel,bpt6k6800653,,failed,0,0,,no_usable_pages,known,,,bpt6k6800653: no usable pages in manifest.,2026-07-17T20:36:27.118343
leconstitutionnel,bpt6k680066g,,failed,0,0,,no_usable_pages,known,,,bpt6k680066g: no usable pages in manifest.,2026-07-17T20:36:27.208404
leconstitutionnel,bpt6k680067v,,failed,0,0,,no_usable_pages,known,,,bpt6k680067v: no usable pages in manifest.,2026-07-17T20:36:27.297828
leconstitutionnel,bpt6k6800687,,failed,0,0,,no_usable_pages,known,,,bpt6k6800687: no usable pages in manifest.,2026-07-17T20:36:27.375116
leconstitutionnel,bpt6k680069m,,failed,0,0,,no_usable_pages,known,,,bpt6k680069m: no usable pages in manifest.,2026-07-17T20:36:27.448298
leconstitutionnel,bpt6k680070j,,failed,0,0,,no_usable_pages,known,,,bpt6k680070j: no usable pages in manifest.,2026-07-17T20:36:27.527406
leconstitutionnel,bpt6k680071x,,failed,0,0,,no_usable_pages,known,,,bpt6k680071x: no usable pages in manifest.,2026-07-17T20:36:27.656171
leconstitutionnel,bpt6k6800729,,failed,0,0,,no_usable_pages,known,,,bpt6k6800729: no usable pages in manifest.,2026-07-17T20:36:27.782568
leconstitutionnel,bpt6k680073p,,failed,0,0,,no_usable_pages,known,,,bpt6k680073p: no usable pages in manifest.,2026-07-17T20:36:27.865527
leconstitutionnel,bpt6k6800742,,failed,0,0,,no_usable_pages,known,,,bpt6k6800742: no usable pages in manifest.,2026-07-17T20:36:27.948955
leconstitutionnel,bpt6k680075f,,failed,0,0,,no_usable_pages,known,,,bpt6k680075f: no usable pages in manifest.,2026-07-17T20:36:28.017226
leconstitutionnel,bpt6k680076t,,failed,0,0,,no_usable_pages,known,,,bpt6k680076t: no usable pages in manifest.,2026-07-17T20:36:28.133536
leconstitutionnel,bpt6k6800776,,failed,0,0,,no_usable_pages,known,,,bpt6k6800776: no usable pages in manifest.,2026-07-17T20:36:28.215258
leconstitutionnel,bpt6k680078k,,failed,0,0,,no_usable_pages,known,,,bpt6k680078k: no usable pages in manifest.,2026-07-17T20:36:28.278573
leconstitutionnel,bpt6k680079z,,failed,0,0,,no_usable_pages,known,,,bpt6k680079z: no usable pages in manifest.,2026-07-17T20:36:28.354057
leconstitutionnel,bpt6k680080w,,failed,0,0,,no_usable_pages,known,,,bpt6k680080w: no usable pages in manifest.,2026-07-17T20:36:28.427027
leconstitutionnel,bpt6k6800818,,failed,0,0,,no_usable_pages,known,,,bpt6k6800818: no usable pages in manifest.,2026-07-17T20:36:28.509554
leconstitutionnel,bpt6k680082n,,failed,0,0,,no_usable_pages,known,,,bpt6k680082n: no usable pages in manifest.,2026-07-17T20:36:28.581514
leconstitutionnel,bpt6k6800831,,failed,0,0,,no_usable_pages,known,,,bpt6k6800831: no usable pages in manifest.,2026-07-17T20:36:28.645919
leconstitutionnel,bpt6k680084d,,failed,0,0,,no_usable_pages,known,,,bpt6k680084d: no usable pages in manifest.,2026-07-17T20:36:28.755879
leconstitutionnel,bpt6k680085s,,failed,0,0,,no_usable_pages,known,,,bpt6k680085s: no usable pages in manifest.,2026-07-17T20:36:28.817205
leconstitutionnel,bpt6k6800865,,failed,0,0,,no_usable_pages,known,,,bpt6k6800865: no usable pages in manifest.,2026-07-17T20:36:28.902936
leconstitutionnel,bpt6k680087j,,failed,0,0,,no_usable_pages,known,,,bpt6k680087j: no usable pages in manifest.,2026-07-17T20:36:28.982167
leconstitutionnel,bpt6k680088x,,failed,0,0,,no_usable_pages,known,,,bpt6k680088x: no usable pages in manifest.,2026-07-17T20:36:29.067983
leconstitutionnel,bpt6k6800899,,failed,0,0,,no_usable_pages,known,,,bpt6k6800899: no usable pages in manifest.,2026-07-17T20:36:29.280013
leconstitutionnel,bpt6k6800907,,failed,0,0,,no_usable_pages,known,,,bpt6k6800907: no usable pages in manifest.,2026-07-17T20:36:29.362639
leconstitutionnel,bpt6k680091m,,failed,0,0,,no_usable_pages,known,,,bpt6k680091m: no usable pages in manifest.,2026-07-17T20:36:29.426479
leconstitutionnel,bpt6k6800920,,failed,0,0,,no_usable_pages,known,,,bpt6k6800920: no usable pages in manifest.,2026-07-17T20:36:29.485680
leconstitutionnel,bpt6k680093c,,failed,0,0,,no_usable_pages,known,,,bpt6k680093c: no usable pages in manifest.,2026-07-17T20:36:29.572745
leconstitutionnel,bpt6k680094r,,failed,0,0,,no_usable_pages,known,,,bpt6k680094r: no usable pages in manifest.,2026-07-17T20:36:29.655885
leconstitutionnel,bpt6k6800954,,failed,0,0,,no_usable_pages,known,,,bpt6k6800954: no usable pages in manifest.,2026-07-17T20:36:29.747309
leconstitutionnel,bpt6k680096h,,failed,0,0,,no_usable_pages,known,,,bpt6k680096h: no usable pages in manifest.,2026-07-17T20:36:29.833078
leconstitutionnel,bpt6k680097w,,failed,0,0,,no_usable_pages,known,,,bpt6k680097w: no usable pages in manifest.,2026-07-17T20:36:29.912662
leconstitutionnel,bpt6k6800988,,failed,0,0,,no_usable_pages,known,,,bpt6k6800988: no usable pages in manifest.,2026-07-17T20:36:30.014504
leconstitutionnel,bpt6k680099n,,failed,0,0,,no_usable_pages,known,,,bpt6k680099n: no usable pages in manifest.,2026-07-17T20:36:30.076087
leconstitutionnel,bpt6k680100f,,failed,0,0,,no_usable_pages,known,,,bpt6k680100f: no usable pages in manifest.,2026-07-17T20:36:30.149853
leconstitutionnel,bpt6k680101t,,failed,0,0,,no_usable_pages,known,,,bpt6k680101t: no usable pages in manifest.,2026-07-17T20:36:30.270108
leconstitutionnel,bpt6k6801026,,failed,0,0,,no_usable_pages,known,,,bpt6k6801026: no usable pages in manifest.,2026-07-17T20:36:30.351898
leconstitutionnel,bpt6k680103k,,failed,0,0,,no_usable_pages,known,,,bpt6k680103k: no usable pages in manifest.,2026-07-17T20:36:30.417222
leconstitutionnel,bpt6k680104z,,failed,0,0,,no_usable_pages,known,,,bpt6k680104z: no usable pages in manifest.,2026-07-17T20:36:30.489158
leconstitutionnel,bpt6k680105b,,failed,0,0,,no_usable_pages,known,,,bpt6k680105b: no usable pages in manifest.,2026-07-17T20:36:30.579706
leconstitutionnel,bpt6k680106q,,failed,0,0,,no_usable_pages,known,,,bpt6k680106q: no usable pages in manifest.,2026-07-17T20:36:30.831699
leconstitutionnel,bpt6k6801073,,failed,0,0,,no_usable_pages,known,,,bpt6k6801073: no usable pages in manifest.,2026-07-17T20:36:30.939956
leconstitutionnel,bpt6k680108g,,failed,0,0,,no_usable_pages,known,,,bpt6k680108g: no usable pages in manifest.,2026-07-17T20:36:31.031060
leconstitutionnel,bpt6k680109v,,failed,0,0,,no_usable_pages,known,,,bpt6k680109v: no usable pages in manifest.,2026-07-17T20:36:31.103612
leconstitutionnel,bpt6k680110s,,failed,0,0,,no_usable_pages,known,,,bpt6k680110s: no usable pages in manifest.,2026-07-17T20:36:31.174263
leconstitutionnel,bpt6k6801115,,failed,0,0,,no_usable_pages,known,,,bpt6k6801115: no usable pages in manifest.,2026-07-17T20:36:31.299764
leconstitutionnel,bpt6k680112j,,failed,0,0,,no_usable_pages,known,,,bpt6k680112j: no usable pages in manifest.,2026-07-17T20:36:31.367985
leconstitutionnel,bpt6k680113x,,failed,0,0,,no_usable_pages,known,,,bpt6k680113x: no usable pages in manifest.,2026-07-17T20:36:31.458295
leconstitutionnel,bpt6k6801149,,failed,0,0,,no_usable_pages,known,,,bpt6k6801149: no usable pages in manifest.,2026-07-17T20:36:31.564514
leconstitutionnel,bpt6k680115p,,failed,0,0,,no_usable_pages,known,,,bpt6k680115p: no usable pages in manifest.,2026-07-17T20:36:31.621994
leconstitutionnel,bpt6k6801162,,failed,0,0,,no_usable_pages,known,,,bpt6k6801162: no usable pages in manifest.,2026-07-17T20:36:31.695262
leconstitutionnel,bpt6k680117f,,failed,0,0,,no_usable_pages,known,,,bpt6k680117f: no usable pages in manifest.,2026-07-17T20:36:31.779896
leconstitutionnel,bpt6k680118t,,failed,0,0,,no_usable_pages,known,,,bpt6k680118t: no usable pages in manifest.,2026-07-17T20:36:31.866177
leconstitutionnel,bpt6k6801196,,failed,0,0,,no_usable_pages,known,,,bpt6k6801196: no usable pages in manifest.,2026-07-17T20:36:31.960039
leconstitutionnel,bpt6k6801204,,failed,0,0,,no_usable_pages,known,,,bpt6k6801204: no usable pages in manifest.,2026-07-17T20:36:32.056468
leconstitutionnel,bpt6k680121h,,failed,0,0,,no_usable_pages,known,,,bpt6k680121h: no usable pages in manifest.,2026-07-17T20:36:32.128883
leconstitutionnel,bpt6k680122w,,failed,0,0,,no_usable_pages,known,,,bpt6k680122w: no usable pages in manifest.,2026-07-17T20:36:32.218198
leconstitutionnel,bpt6k6801238,,failed,0,0,,no_usable_pages,known,,,bpt6k6801238: no usable pages in manifest.,2026-07-17T20:36:32.412274
leconstitutionnel,bpt6k680124n,,failed,0,0,,no_usable_pages,known,,,bpt6k680124n: no usable pages in manifest.,2026-07-17T20:36:32.519369
leconstitutionnel,bpt6k6801251,,failed,0,0,,no_usable_pages,known,,,bpt6k6801251: no usable pages in manifest.,2026-07-17T20:36:32.610343
leconstitutionnel,bpt6k680126d,,failed,0,0,,no_usable_pages,known,,,bpt6k680126d: no usable pages in manifest.,2026-07-17T20:36:32.684317
leconstitutionnel,bpt6k680127s,,failed,0,0,,no_usable_pages,known,,,bpt6k680127s: no usable pages in manifest.,2026-07-17T20:36:32.775313
leconstitutionnel,bpt6k6801285,,failed,0,0,,no_usable_pages,known,,,bpt6k6801285: no usable pages in manifest.,2026-07-17T20:36:32.871204
leconstitutionnel,bpt6k680129j,,failed,0,0,,no_usable_pages,known,,,bpt6k680129j: no usable pages in manifest.,2026-07-17T20:36:32.975764
leconstitutionnel,bpt6k680130g,,failed,0,0,,no_usable_pages,known,,,bpt6k680130g: no usable pages in manifest.,2026-07-17T20:36:33.064449
leconstitutionnel,bpt6k680131v,,failed,0,0,,no_usable_pages,known,,,bpt6k680131v: no usable pages in manifest.,2026-07-17T20:36:33.140481
leconstitutionnel,bpt6k6801327,,failed,0,0,,no_usable_pages,known,,,bpt6k6801327: no usable pages in manifest.,2026-07-17T20:36:33.217180
leconstitutionnel,bpt6k680133m,,failed,0,0,,no_usable_pages,known,,,bpt6k680133m: no usable pages in manifest.,2026-07-17T20:36:33.292459
leconstitutionnel,bpt6k6801340,,failed,0,0,,no_usable_pages,known,,,bpt6k6801340: no usable pages in manifest.,2026-07-17T20:36:33.396253
leconstitutionnel,bpt6k680135c,,failed,0,0,,no_usable_pages,known,,,bpt6k680135c: no usable pages in manifest.,2026-07-17T20:36:33.506988
leconstitutionnel,bpt6k680136r,,failed,0,0,,no_usable_pages,known,,,bpt6k680136r: no usable pages in manifest.,2026-07-17T20:36:33.585696
leconstitutionnel,bpt6k6801374,,failed,0,0,,no_usable_pages,known,,,bpt6k6801374: no usable pages in manifest.,2026-07-17T20:36:33.678851
leconstitutionnel,bpt6k680138h,,failed,0,0,,no_usable_pages,known,,,bpt6k680138h: no usable pages in manifest.,2026-07-17T20:36:33.791309
leconstitutionnel,bpt6k680139w,,failed,0,0,,no_usable_pages,known,,,bpt6k680139w: no usable pages in manifest.,2026-07-17T20:36:33.886732
leconstitutionnel,bpt6k680140t,,failed,0,0,,no_usable_pages,known,,,bpt6k680140t: no usable pages in manifest.,2026-07-17T20:36:33.971550
leconstitutionnel,bpt6k6801416,,failed,0,0,,no_usable_pages,known,,,bpt6k6801416: no usable pages in manifest.,2026-07-17T20:36:34.114857
leconstitutionnel,bpt6k680142k,,failed,0,0,,no_usable_pages,known,,,bpt6k680142k: no usable pages in manifest.,2026-07-17T20:36:34.189422
leconstitutionnel,bpt6k680143z,,failed,0,0,,no_usable_pages,known,,,bpt6k680143z: no usable pages in manifest.,2026-07-17T20:36:34.280408
leconstitutionnel,bpt6k680144b,,failed,0,0,,no_usable_pages,known,,,bpt6k680144b: no usable pages in manifest.,2026-07-17T20:36:34.362350
leconstitutionnel,bpt6k680145q,,failed,0,0,,no_usable_pages,known,,,bpt6k680145q: no usable pages in manifest.,2026-07-17T20:36:34.464620
leconstitutionnel,bpt6k6801463,,failed,0,0,,no_usable_pages,known,,,bpt6k6801463: no usable pages in manifest.,2026-07-17T20:36:34.540825
leconstitutionnel,bpt6k680147g,,failed,0,0,,no_usable_pages,known,,,bpt6k680147g: no usable pages in manifest.,2026-07-17T20:36:34.627351
leconstitutionnel,bpt6k680148v,,failed,0,0,,no_usable_pages,known,,,bpt6k680148v: no usable pages in manifest.,2026-07-17T20:36:34.716853
leconstitutionnel,bpt6k6801497,,failed,0,0,,no_usable_pages,known,,,bpt6k6801497: no usable pages in manifest.,2026-07-17T20:36:34.773954
leconstitutionnel,bpt6k6801505,,failed,0,0,,no_usable_pages,known,,,bpt6k6801505: no usable pages in manifest.,2026-07-17T20:36:34.840282
leconstitutionnel,bpt6k680151j,,failed,0,0,,no_usable_pages,known,,,bpt6k680151j: no usable pages in manifest.,2026-07-17T20:36:34.917284
leconstitutionnel,bpt6k680152x,,failed,0,0,,no_usable_pages,known,,,bpt6k680152x: no usable pages in manifest.,2026-07-17T20:36:34.998118
leconstitutionnel,bpt6k6801539,,failed,0,0,,no_usable_pages,known,,,bpt6k6801539: no usable pages in manifest.,2026-07-17T20:36:35.089088
leconstitutionnel,bpt6k680154p,,failed,0,0,,no_usable_pages,known,,,bpt6k680154p: no usable pages in manifest.,2026-07-17T20:36:35.146370
leconstitutionnel,bpt6k6801552,,failed,0,0,,no_usable_pages,known,,,bpt6k6801552: no usable pages in manifest.,2026-07-17T20:36:35.222406
leconstitutionnel,bpt6k680156f,,failed,0,0,,no_usable_pages,known,,,bpt6k680156f: no usable pages in manifest.,2026-07-17T20:36:35.286556
leconstitutionnel,bpt6k680157t,,failed,0,0,,no_usable_pages,known,,,bpt6k680157t: no usable pages in manifest.,2026-07-17T20:36:35.375222
leconstitutionnel,bpt6k6801586,,failed,0,0,,no_usable_pages,known,,,bpt6k6801586: no usable pages in manifest.,2026-07-17T20:36:35.492049
leconstitutionnel,bpt6k680159k,,failed,0,0,,no_usable_pages,known,,,bpt6k680159k: no usable pages in manifest.,2026-07-17T20:36:35.555460
leconstitutionnel,bpt6k680160h,,failed,0,0,,no_usable_pages,known,,,bpt6k680160h: no usable pages in manifest.,2026-07-17T20:36:35.655667
leconstitutionnel,bpt6k680161w,,failed,0,0,,no_usable_pages,known,,,bpt6k680161w: no usable pages in manifest.,2026-07-17T20:36:35.745194
leconstitutionnel,bpt6k6801628,,failed,0,0,,no_usable_pages,known,,,bpt6k6801628: no usable pages in manifest.,2026-07-17T20:36:35.829373
leconstitutionnel,bpt6k680163n,,failed,0,0,,no_usable_pages,known,,,bpt6k680163n: no usable pages in manifest.,2026-07-17T20:36:35.916238
leconstitutionnel,bpt6k6801641,,failed,0,0,,no_usable_pages,known,,,bpt6k6801641: no usable pages in manifest.,2026-07-17T20:36:35.986586
leconstitutionnel,bpt6k680165d,,failed,0,0,,no_usable_pages,known,,,bpt6k680165d: no usable pages in manifest.,2026-07-17T20:36:36.056355
leconstitutionnel,bpt6k680166s,,failed,0,0,,no_usable_pages,known,,,bpt6k680166s: no usable pages in manifest.,2026-07-17T20:36:36.171565
leconstitutionnel,bpt6k6801675,,failed,0,0,,no_usable_pages,known,,,bpt6k6801675: no usable pages in manifest.,2026-07-17T20:36:36.261497
leconstitutionnel,bpt6k680168j,,failed,0,0,,no_usable_pages,known,,,bpt6k680168j: no usable pages in manifest.,2026-07-17T20:36:36.389235
leconstitutionnel,bpt6k680169x,,failed,0,0,,no_usable_pages,known,,,bpt6k680169x: no usable pages in manifest.,2026-07-17T20:36:36.479084
leconstitutionnel,bpt6k680170v,,failed,0,0,,no_usable_pages,known,,,bpt6k680170v: no usable pages in manifest.,2026-07-17T20:36:36.578503
leconstitutionnel,bpt6k6801717,,failed,0,0,,no_usable_pages,known,,,bpt6k6801717: no usable pages in manifest.,2026-07-17T20:36:36.647564
leconstitutionnel,bpt6k680172m,,failed,0,0,,no_usable_pages,known,,,bpt6k680172m: no usable pages in manifest.,2026-07-17T20:36:36.699190
leconstitutionnel,bpt6k6801730,,failed,0,0,,no_usable_pages,known,,,bpt6k6801730: no usable pages in manifest.,2026-07-17T20:36:36.787724
leconstitutionnel,bpt6k680174c,,failed,0,0,,no_usable_pages,known,,,bpt6k680174c: no usable pages in manifest.,2026-07-17T20:36:37.029633
leconstitutionnel,bpt6k680175r,,failed,0,0,,no_usable_pages,known,,,bpt6k680175r: no usable pages in manifest.,2026-07-17T20:36:37.131492
leconstitutionnel,bpt6k6801764,,failed,0,0,,no_usable_pages,known,,,bpt6k6801764: no usable pages in manifest.,2026-07-17T20:36:37.239873
leconstitutionnel,bpt6k680177h,,failed,0,0,,no_usable_pages,known,,,bpt6k680177h: no usable pages in manifest.,2026-07-17T20:36:37.313399
leconstitutionnel,bpt6k680178w,,failed,0,0,,no_usable_pages,known,,,bpt6k680178w: no usable pages in manifest.,2026-07-17T20:36:37.381042
leconstitutionnel,bpt6k6801798,,failed,0,0,,no_usable_pages,known,,,bpt6k6801798: no usable pages in manifest.,2026-07-17T20:36:37.456216
leconstitutionnel,bpt6k6801806,,failed,0,0,,no_usable_pages,known,,,bpt6k6801806: no usable pages in manifest.,2026-07-17T20:36:37.543570
leconstitutionnel,bpt6k680181k,,failed,0,0,,no_usable_pages,known,,,bpt6k680181k: no usable pages in manifest.,2026-07-17T20:36:37.674510
leconstitutionnel,bpt6k680182z,,failed,0,0,,no_usable_pages,known,,,bpt6k680182z: no usable pages in manifest.,2026-07-17T20:36:37.784396
leconstitutionnel,bpt6k680183b,,failed,0,0,,no_usable_pages,known,,,bpt6k680183b: no usable pages in manifest.,2026-07-17T20:36:37.878476
leconstitutionnel,bpt6k680184q,,failed,0,0,,no_usable_pages,known,,,bpt6k680184q: no usable pages in manifest.,2026-07-17T20:36:37.952496
leconstitutionnel,bpt6k6801853,,failed,0,0,,no_usable_pages,known,,,bpt6k6801853: no usable pages in manifest.,2026-07-17T20:36:38.063184
leconstitutionnel,bpt6k680186g,,failed,0,0,,no_usable_pages,known,,,bpt6k680186g: no usable pages in manifest.,2026-07-17T20:36:38.147648
leconstitutionnel,bpt6k680187v,,failed,0,0,,no_usable_pages,known,,,bpt6k680187v: no usable pages in manifest.,2026-07-17T20:36:38.218228
leconstitutionnel,bpt6k6801887,,failed,0,0,,no_usable_pages,known,,,bpt6k6801887: no usable pages in manifest.,2026-07-17T20:36:38.304614
leconstitutionnel,bpt6k680189m,,failed,0,0,,no_usable_pages,known,,,bpt6k680189m: no usable pages in manifest.,2026-07-17T20:36:38.383643
leconstitutionnel,bpt6k680190j,,failed,0,0,,no_usable_pages,known,,,bpt6k680190j: no usable pages in manifest.,2026-07-17T20:36:38.515251
leconstitutionnel,bpt6k680191x,,failed,0,0,,no_usable_pages,known,,,bpt6k680191x: no usable pages in manifest.,2026-07-17T20:36:38.605465
leconstitutionnel,bpt6k6801929,,failed,0,0,,no_usable_pages,known,,,bpt6k6801929: no usable pages in manifest.,2026-07-17T20:36:38.724599
leconstitutionnel,bpt6k680193p,,failed,0,0,,no_usable_pages,known,,,bpt6k680193p: no usable pages in manifest.,2026-07-17T20:36:38.806350
leconstitutionnel,bpt6k6801942,,failed,0,0,,no_usable_pages,known,,,bpt6k6801942: no usable pages in manifest.,2026-07-17T20:36:38.880140
leconstitutionnel,bpt6k680195f,,failed,0,0,,no_usable_pages,known,,,bpt6k680195f: no usable pages in manifest.,2026-07-17T20:36:38.958688
leconstitutionnel,bpt6k680196t,,failed,0,0,,no_usable_pages,known,,,bpt6k680196t: no usable pages in manifest.,2026-07-17T20:36:39.046863
leconstitutionnel,bpt6k6801976,,failed,0,0,,no_usable_pages,known,,,bpt6k6801976: no usable pages in manifest.,2026-07-17T20:36:39.122282
leconstitutionnel,bpt6k680198k,,failed,0,0,,no_usable_pages,known,,,bpt6k680198k: no usable pages in manifest.,2026-07-17T20:36:39.212955
leconstitutionnel,bpt6k680199z,,failed,0,0,,no_usable_pages,known,,,bpt6k680199z: no usable pages in manifest.,2026-07-17T20:36:39.311764
leconstitutionnel,bpt6k680200r,,failed,0,0,,no_usable_pages,known,,,bpt6k680200r: no usable pages in manifest.,2026-07-17T20:36:39.390450
leconstitutionnel,bpt6k6802014,,failed,0,0,,no_usable_pages,known,,,bpt6k6802014: no usable pages in manifest.,2026-07-17T20:36:39.472938
leconstitutionnel,bpt6k680202h,,failed,0,0,,no_usable_pages,known,,,bpt6k680202h: no usable pages in manifest.,2026-07-17T20:36:39.550897
leconstitutionnel,bpt6k680203w,,failed,0,0,,no_usable_pages,known,,,bpt6k680203w: no usable pages in manifest.,2026-07-17T20:36:39.639545
leconstitutionnel,bpt6k6802048,,failed,0,0,,no_usable_pages,known,,,bpt6k6802048: no usable pages in manifest.,2026-07-17T20:36:39.747580
leconstitutionnel,bpt6k680205n,,failed,0,0,,no_usable_pages,known,,,bpt6k680205n: no usable pages in manifest.,2026-07-17T20:36:39.830496
leconstitutionnel,bpt6k6802061,,failed,0,0,,no_usable_pages,known,,,bpt6k6802061: no usable pages in manifest.,2026-07-17T20:36:40.117673
leconstitutionnel,bpt6k680207d,,failed,0,0,,no_usable_pages,known,,,bpt6k680207d: no usable pages in manifest.,2026-07-17T20:36:40.202120
leconstitutionnel,bpt6k680208s,,failed,0,0,,no_usable_pages,known,,,bpt6k680208s: no usable pages in manifest.,2026-07-17T20:36:40.292701
leconstitutionnel,bpt6k6802095,,failed,0,0,,no_usable_pages,known,,,bpt6k6802095: no usable pages in manifest.,2026-07-17T20:36:40.333795
leconstitutionnel,bpt6k6802103,,failed,0,0,,no_usable_pages,known,,,bpt6k6802103: no usable pages in manifest.,2026-07-17T20:36:40.398934
leconstitutionnel,bpt6k680211g,,failed,0,0,,no_usable_pages,known,,,bpt6k680211g: no usable pages in manifest.,2026-07-17T20:36:40.469298
leconstitutionnel,bpt6k680212v,,failed,0,0,,no_usable_pages,known,,,bpt6k680212v: no usable pages in manifest.,2026-07-17T20:36:40.566448
leconstitutionnel,bpt6k6802137,,failed,0,0,,no_usable_pages,known,,,bpt6k6802137: no usable pages in manifest.,2026-07-17T20:36:40.682393
leconstitutionnel,bpt6k680214m,,failed,0,0,,no_usable_pages,known,,,bpt6k680214m: no usable pages in manifest.,2026-07-17T20:36:40.765993
leconstitutionnel,bpt6k6802150,,failed,0,0,,no_usable_pages,known,,,bpt6k6802150: no usable pages in manifest.,2026-07-17T20:36:40.823433
leconstitutionnel,bpt6k680216c,,failed,0,0,,no_usable_pages,known,,,bpt6k680216c: no usable pages in manifest.,2026-07-17T20:36:40.884608
leconstitutionnel,bpt6k680217r,,failed,0,0,,no_usable_pages,known,,,bpt6k680217r: no usable pages in manifest.,2026-07-17T20:36:40.970437
leconstitutionnel,bpt6k6802184,,failed,0,0,,no_usable_pages,known,,,bpt6k6802184: no usable pages in manifest.,2026-07-17T20:36:41.045994
leconstitutionnel,bpt6k680219h,,failed,0,0,,no_usable_pages,known,,,bpt6k680219h: no usable pages in manifest.,2026-07-17T20:36:41.119895
leconstitutionnel,bpt6k680220f,,failed,0,0,,no_usable_pages,known,,,bpt6k680220f: no usable pages in manifest.,2026-07-17T20:36:41.181029
leconstitutionnel,bpt6k680221t,,failed,0,0,,no_usable_pages,known,,,bpt6k680221t: no usable pages in manifest.,2026-07-17T20:36:41.246158
leconstitutionnel,bpt6k6802226,,failed,0,0,,no_usable_pages,known,,,bpt6k6802226: no usable pages in manifest.,2026-07-17T20:36:41.339874
leconstitutionnel,bpt6k680223k,,failed,0,0,,no_usable_pages,known,,,bpt6k680223k: no usable pages in manifest.,2026-07-17T20:36:41.417589
leconstitutionnel,bpt6k680224z,,failed,0,0,,no_usable_pages,known,,,bpt6k680224z: no usable pages in manifest.,2026-07-17T20:36:41.536211
leconstitutionnel,bpt6k680225b,,failed,0,0,,no_usable_pages,known,,,bpt6k680225b: no usable pages in manifest.,2026-07-17T20:36:41.631902
leconstitutionnel,bpt6k680226q,,failed,0,0,,no_usable_pages,known,,,bpt6k680226q: no usable pages in manifest.,2026-07-17T20:36:41.704723
leconstitutionnel,bpt6k6802273,,failed,0,0,,no_usable_pages,known,,,bpt6k6802273: no usable pages in manifest.,2026-07-17T20:36:41.789124
leconstitutionnel,bpt6k680228g,,failed,0,0,,no_usable_pages,known,,,bpt6k680228g: no usable pages in manifest.,2026-07-17T20:36:41.859114
leconstitutionnel,bpt6k680229v,,failed,0,0,,no_usable_pages,known,,,bpt6k680229v: no usable pages in manifest.,2026-07-17T20:36:41.934942
leconstitutionnel,bpt6k680230s,,failed,0,0,,no_usable_pages,known,,,bpt6k680230s: no usable pages in manifest.,2026-07-17T20:36:42.012917
leconstitutionnel,bpt6k6802315,,failed,0,0,,no_usable_pages,known,,,bpt6k6802315: no usable pages in manifest.,2026-07-17T20:36:42.095146
leconstitutionnel,bpt6k680232j,,failed,0,0,,no_usable_pages,known,,,bpt6k680232j: no usable pages in manifest.,2026-07-17T20:36:42.155603
leconstitutionnel,bpt6k680233x,,failed,0,0,,no_usable_pages,known,,,bpt6k680233x: no usable pages in manifest.,2026-07-17T20:36:42.242681
leconstitutionnel,bpt6k6802349,,failed,0,0,,no_usable_pages,known,,,bpt6k6802349: no usable pages in manifest.,2026-07-17T20:36:42.302125
leconstitutionnel,bpt6k680235p,,failed,0,0,,no_usable_pages,known,,,bpt6k680235p: no usable pages in manifest.,2026-07-17T20:36:42.391461
leconstitutionnel,bpt6k6802362,,failed,0,0,,no_usable_pages,known,,,bpt6k6802362: no usable pages in manifest.,2026-07-17T20:36:42.464381
leconstitutionnel,bpt6k680237f,,failed,0,0,,no_usable_pages,known,,,bpt6k680237f: no usable pages in manifest.,2026-07-17T20:36:42.535962
leconstitutionnel,bpt6k680238t,,failed,0,0,,no_usable_pages,known,,,bpt6k680238t: no usable pages in manifest.,2026-07-17T20:36:42.632083
leconstitutionnel,bpt6k6802396,,failed,0,0,,no_usable_pages,known,,,bpt6k6802396: no usable pages in manifest.,2026-07-17T20:36:42.723948
leconstitutionnel,bpt6k6802404,,failed,0,0,,no_usable_pages,known,,,bpt6k6802404: no usable pages in manifest.,2026-07-17T20:36:42.808215
leconstitutionnel,bpt6k680241h,,failed,0,0,,no_usable_pages,known,,,bpt6k680241h: no usable pages in manifest.,2026-07-17T20:36:42.889385
leconstitutionnel,bpt6k680242w,,failed,0,0,,no_usable_pages,known,,,bpt6k680242w: no usable pages in manifest.,2026-07-17T20:36:42.972053
leconstitutionnel,bpt6k6802438,,failed,0,0,,no_usable_pages,known,,,bpt6k6802438: no usable pages in manifest.,2026-07-17T20:36:43.139456
leconstitutionnel,bpt6k680244n,,failed,0,0,,no_usable_pages,known,,,bpt6k680244n: no usable pages in manifest.,2026-07-17T20:36:43.322353
leconstitutionnel,bpt6k6802451,,failed,0,0,,no_usable_pages,known,,,bpt6k6802451: no usable pages in manifest.,2026-07-17T20:36:43.434565
leconstitutionnel,bpt6k680246d,,failed,0,0,,no_usable_pages,known,,,bpt6k680246d: no usable pages in manifest.,2026-07-17T20:36:43.497868
leconstitutionnel,bpt6k680247s,,failed,0,0,,no_usable_pages,known,,,bpt6k680247s: no usable pages in manifest.,2026-07-17T20:36:43.570255
leconstitutionnel,bpt6k6802485,,failed,0,0,,no_usable_pages,known,,,bpt6k6802485: no usable pages in manifest.,2026-07-17T20:36:43.649200
leconstitutionnel,bpt6k680249j,,failed,0,0,,no_usable_pages,known,,,bpt6k680249j: no usable pages in manifest.,2026-07-17T20:36:43.735175
leconstitutionnel,bpt6k680250g,,failed,0,0,,no_usable_pages,known,,,bpt6k680250g: no usable pages in manifest.,2026-07-17T20:36:43.842285
leconstitutionnel,bpt6k680251v,,failed,0,0,,no_usable_pages,known,,,bpt6k680251v: no usable pages in manifest.,2026-07-17T20:36:43.922174
leconstitutionnel,bpt6k6802527,,failed,0,0,,no_usable_pages,known,,,bpt6k6802527: no usable pages in manifest.,2026-07-17T20:36:43.998918
leconstitutionnel,bpt6k680253m,,failed,0,0,,no_usable_pages,known,,,bpt6k680253m: no usable pages in manifest.,2026-07-17T20:36:44.084079
leconstitutionnel,bpt6k6802540,,failed,0,0,,no_usable_pages,known,,,bpt6k6802540: no usable pages in manifest.,2026-07-17T20:36:44.157984
leconstitutionnel,bpt6k680255c,,failed,0,0,,no_usable_pages,known,,,bpt6k680255c: no usable pages in manifest.,2026-07-17T20:36:44.249272
leconstitutionnel,bpt6k680256r,,failed,0,0,,no_usable_pages,known,,,bpt6k680256r: no usable pages in manifest.,2026-07-17T20:36:44.321210
leconstitutionnel,bpt6k6802574,,failed,0,0,,no_usable_pages,known,,,bpt6k6802574: no usable pages in manifest.,2026-07-17T20:36:44.413869
leconstitutionnel,bpt6k680258h,,failed,0,0,,no_usable_pages,known,,,bpt6k680258h: no usable pages in manifest.,2026-07-17T20:36:44.475345
leconstitutionnel,bpt6k680259w,,failed,0,0,,no_usable_pages,known,,,bpt6k680259w: no usable pages in manifest.,2026-07-17T20:36:44.541673
leconstitutionnel,bpt6k680260t,,failed,0,0,,no_usable_pages,known,,,bpt6k680260t: no usable pages in manifest.,2026-07-17T20:36:44.690911
leconstitutionnel,bpt6k6802616,,failed,0,0,,no_usable_pages,known,,,bpt6k6802616: no usable pages in manifest.,2026-07-17T20:36:44.797237
leconstitutionnel,bpt6k680262k,,failed,0,0,,no_usable_pages,known,,,bpt6k680262k: no usable pages in manifest.,2026-07-17T20:36:44.936468
leconstitutionnel,bpt6k680263z,,failed,0,0,,no_usable_pages,known,,,bpt6k680263z: no usable pages in manifest.,2026-07-17T20:36:45.025693
leconstitutionnel,bpt6k680264b,,failed,0,0,,no_usable_pages,known,,,bpt6k680264b: no usable pages in manifest.,2026-07-17T20:36:45.145009
leconstitutionnel,bpt6k680265q,,failed,0,0,,no_usable_pages,known,,,bpt6k680265q: no usable pages in manifest.,2026-07-17T20:36:45.224655
leconstitutionnel,bpt6k6802663,,failed,0,0,,no_usable_pages,known,,,bpt6k6802663: no usable pages in manifest.,2026-07-17T20:36:45.300949
leconstitutionnel,bpt6k680267g,,failed,0,0,,no_usable_pages,known,,,bpt6k680267g: no usable pages in manifest.,2026-07-17T20:36:45.374155
leconstitutionnel,bpt6k680268v,,failed,0,0,,no_usable_pages,known,,,bpt6k680268v: no usable pages in manifest.,2026-07-17T20:36:45.484597
leconstitutionnel,bpt6k6802697,,failed,0,0,,no_usable_pages,known,,,bpt6k6802697: no usable pages in manifest.,2026-07-17T20:36:45.564509
leconstitutionnel,bpt6k6802705,,failed,0,0,,no_usable_pages,known,,,bpt6k6802705: no usable pages in manifest.,2026-07-17T20:36:45.617645
leconstitutionnel,bpt6k680271j,,failed,0,0,,no_usable_pages,known,,,bpt6k680271j: no usable pages in manifest.,2026-07-17T20:36:45.705521
leconstitutionnel,bpt6k680272x,,failed,0,0,,no_usable_pages,known,,,bpt6k680272x: no usable pages in manifest.,2026-07-17T20:36:45.790149
leconstitutionnel,bpt6k6802739,,failed,0,0,,no_usable_pages,known,,,bpt6k6802739: no usable pages in manifest.,2026-07-17T20:36:45.858199
leconstitutionnel,bpt6k680274p,,failed,0,0,,no_usable_pages,known,,,bpt6k680274p: no usable pages in manifest.,2026-07-17T20:36:46.020724
leconstitutionnel,bpt6k6802752,,failed,0,0,,no_usable_pages,known,,,bpt6k6802752: no usable pages in manifest.,2026-07-17T20:36:46.095355
leconstitutionnel,bpt6k680276f,,failed,0,0,,no_usable_pages,known,,,bpt6k680276f: no usable pages in manifest.,2026-07-17T20:36:46.170171
leconstitutionnel,bpt6k680277t,,failed,0,0,,no_usable_pages,known,,,bpt6k680277t: no usable pages in manifest.,2026-07-17T20:36:46.267554
leconstitutionnel,bpt6k6802786,,failed,0,0,,no_usable_pages,known,,,bpt6k6802786: no usable pages in manifest.,2026-07-17T20:36:46.410166
leconstitutionnel,bpt6k680279k,,failed,0,0,,no_usable_pages,known,,,bpt6k680279k: no usable pages in manifest.,2026-07-17T20:36:46.512330
leconstitutionnel,bpt6k680280h,,failed,0,0,,no_usable_pages,known,,,bpt6k680280h: no usable pages in manifest.,2026-07-17T20:36:46.611839
leconstitutionnel,bpt6k680281w,,failed,0,0,,no_usable_pages,known,,,bpt6k680281w: no usable pages in manifest.,2026-07-17T20:36:46.705804
leconstitutionnel,bpt6k6802828,,failed,0,0,,no_usable_pages,known,,,bpt6k6802828: no usable pages in manifest.,2026-07-17T20:36:46.810669
leconstitutionnel,bpt6k680283n,,failed,0,0,,no_usable_pages,known,,,bpt6k680283n: no usable pages in manifest.,2026-07-17T20:36:46.893935
leconstitutionnel,bpt6k6802841,,failed,0,0,,no_usable_pages,known,,,bpt6k6802841: no usable pages in manifest.,2026-07-17T20:36:46.985692
leconstitutionnel,bpt6k680285d,,failed,0,0,,no_usable_pages,known,,,bpt6k680285d: no usable pages in manifest.,2026-07-17T20:36:47.034802
leconstitutionnel,bpt6k680286s,,failed,0,0,,no_usable_pages,known,,,bpt6k680286s: no usable pages in manifest.,2026-07-17T20:36:47.091568
leconstitutionnel,bpt6k6802875,,failed,0,0,,no_usable_pages,known,,,bpt6k6802875: no usable pages in manifest.,2026-07-17T20:36:47.155731
leconstitutionnel,bpt6k680288j,,failed,0,0,,no_usable_pages,known,,,bpt6k680288j: no usable pages in manifest.,2026-07-17T20:36:47.263506
leconstitutionnel,bpt6k680289x,,failed,0,0,,no_usable_pages,known,,,bpt6k680289x: no usable pages in manifest.,2026-07-17T20:36:47.367371
leconstitutionnel,bpt6k680290v,,failed,0,0,,no_usable_pages,known,,,bpt6k680290v: no usable pages in manifest.,2026-07-17T20:36:47.472230
leconstitutionnel,bpt6k6802917,,failed,0,0,,no_usable_pages,known,,,bpt6k6802917: no usable pages in manifest.,2026-07-17T20:36:47.593507
leconstitutionnel,bpt6k680292m,,failed,0,0,,no_usable_pages,known,,,bpt6k680292m: no usable pages in manifest.,2026-07-17T20:36:47.667233
leconstitutionnel,bpt6k6802930,,failed,0,0,,no_usable_pages,known,,,bpt6k6802930: no usable pages in manifest.,2026-07-17T20:36:47.755426
leconstitutionnel,bpt6k680294c,,failed,0,0,,no_usable_pages,known,,,bpt6k680294c: no usable pages in manifest.,2026-07-17T20:36:47.895230
leconstitutionnel,bpt6k680295r,,failed,0,0,,no_usable_pages,known,,,bpt6k680295r: no usable pages in manifest.,2026-07-17T20:36:48.033341
leconstitutionnel,bpt6k6802964,,failed,0,0,,no_usable_pages,known,,,bpt6k6802964: no usable pages in manifest.,2026-07-17T20:36:48.111142
leconstitutionnel,bpt6k680297h,,failed,0,0,,no_usable_pages,known,,,bpt6k680297h: no usable pages in manifest.,2026-07-17T20:36:48.191638
leconstitutionnel,bpt6k680298w,,failed,0,0,,no_usable_pages,known,,,bpt6k680298w: no usable pages in manifest.,2026-07-17T20:36:48.270451
leconstitutionnel,bpt6k6802998,,failed,0,0,,no_usable_pages,known,,,bpt6k6802998: no usable pages in manifest.,2026-07-17T20:36:48.335659
leconstitutionnel,bpt6k6803002,,failed,0,0,,no_usable_pages,known,,,bpt6k6803002: no usable pages in manifest.,2026-07-17T20:36:48.403317
leconstitutionnel,bpt6k680301f,,failed,0,0,,no_usable_pages,known,,,bpt6k680301f: no usable pages in manifest.,2026-07-17T20:36:48.483641
leconstitutionnel,bpt6k680302t,,failed,0,0,,no_usable_pages,known,,,bpt6k680302t: no usable pages in manifest.,2026-07-17T20:36:48.574610
leconstitutionnel,bpt6k6803036,,failed,0,0,,no_usable_pages,known,,,bpt6k6803036: no usable pages in manifest.,2026-07-17T20:36:48.659883
leconstitutionnel,bpt6k680304k,,failed,0,0,,no_usable_pages,known,,,bpt6k680304k: no usable pages in manifest.,2026-07-17T20:36:48.721940
leconstitutionnel,bpt6k680305z,,failed,0,0,,no_usable_pages,known,,,bpt6k680305z: no usable pages in manifest.,2026-07-17T20:36:48.777454
leconstitutionnel,bpt6k680306b,,failed,0,0,,no_usable_pages,known,,,bpt6k680306b: no usable pages in manifest.,2026-07-17T20:36:48.833496
leconstitutionnel,bpt6k680307q,,failed,0,0,,no_usable_pages,known,,,bpt6k680307q: no usable pages in manifest.,2026-07-17T20:36:48.895486
leconstitutionnel,bpt6k6803083,,failed,0,0,,no_usable_pages,known,,,bpt6k6803083: no usable pages in manifest.,2026-07-17T20:36:48.966977
leconstitutionnel,bpt6k680309g,,failed,0,0,,no_usable_pages,known,,,bpt6k680309g: no usable pages in manifest.,2026-07-17T20:36:49.066517
leconstitutionnel,bpt6k680310d,,failed,0,0,,no_usable_pages,known,,,bpt6k680310d: no usable pages in manifest.,2026-07-17T20:36:49.154748
leconstitutionnel,bpt6k680311s,,failed,0,0,,no_usable_pages,known,,,bpt6k680311s: no usable pages in manifest.,2026-07-17T20:36:49.214594
leconstitutionnel,bpt6k6803125,,failed,0,0,,no_usable_pages,known,,,bpt6k6803125: no usable pages in manifest.,2026-07-17T20:36:49.285658
leconstitutionnel,bpt6k680313j,,failed,0,0,,no_usable_pages,known,,,bpt6k680313j: no usable pages in manifest.,2026-07-17T20:36:49.388545
leconstitutionnel,bpt6k680314x,,failed,0,0,,no_usable_pages,known,,,bpt6k680314x: no usable pages in manifest.,2026-07-17T20:36:49.500771
leconstitutionnel,bpt6k6803159,,failed,0,0,,no_usable_pages,known,,,bpt6k6803159: no usable pages in manifest.,2026-07-17T20:36:49.581246
leconstitutionnel,bpt6k680316p,,failed,0,0,,no_usable_pages,known,,,bpt6k680316p: no usable pages in manifest.,2026-07-17T20:36:49.670738
leconstitutionnel,bpt6k6803172,,failed,0,0,,no_usable_pages,known,,,bpt6k6803172: no usable pages in manifest.,2026-07-17T20:36:49.759659
leconstitutionnel,bpt6k680318f,,failed,0,0,,no_usable_pages,known,,,bpt6k680318f: no usable pages in manifest.,2026-07-17T20:36:49.829586
leconstitutionnel,bpt6k680319t,,failed,0,0,,no_usable_pages,known,,,bpt6k680319t: no usable pages in manifest.,2026-07-17T20:36:49.907348
leconstitutionnel,bpt6k680320r,,failed,0,0,,no_usable_pages,known,,,bpt6k680320r: no usable pages in manifest.,2026-07-17T20:36:49.980334
leconstitutionnel,bpt6k6803214,,failed,0,0,,no_usable_pages,known,,,bpt6k6803214: no usable pages in manifest.,2026-07-17T20:36:50.077754
leconstitutionnel,bpt6k680322h,,failed,0,0,,no_usable_pages,known,,,bpt6k680322h: no usable pages in manifest.,2026-07-17T20:36:50.139633
leconstitutionnel,bpt6k680323w,,failed,0,0,,no_usable_pages,known,,,bpt6k680323w: no usable pages in manifest.,2026-07-17T20:36:50.208738
leconstitutionnel,bpt6k6803248,,failed,0,0,,no_usable_pages,known,,,bpt6k6803248: no usable pages in manifest.,2026-07-17T20:36:50.291104
leconstitutionnel,bpt6k680325n,,failed,0,0,,no_usable_pages,known,,,bpt6k680325n: no usable pages in manifest.,2026-07-17T20:36:50.343863
leconstitutionnel,bpt6k6803261,,failed,0,0,,no_usable_pages,known,,,bpt6k6803261: no usable pages in manifest.,2026-07-17T20:36:50.390636
leconstitutionnel,bpt6k680327d,,failed,0,0,,no_usable_pages,known,,,bpt6k680327d: no usable pages in manifest.,2026-07-17T20:36:50.461587
leconstitutionnel,bpt6k680328s,,failed,0,0,,no_usable_pages,known,,,bpt6k680328s: no usable pages in manifest.,2026-07-17T20:36:50.531930
leconstitutionnel,bpt6k6803295,,failed,0,0,,no_usable_pages,known,,,bpt6k6803295: no usable pages in manifest.,2026-07-17T20:36:50.629062
leconstitutionnel,bpt6k6803303,,failed,0,0,,no_usable_pages,known,,,bpt6k6803303: no usable pages in manifest.,2026-07-17T20:36:50.702501
leconstitutionnel,bpt6k680331g,,failed,0,0,,no_usable_pages,known,,,bpt6k680331g: no usable pages in manifest.,2026-07-17T20:36:50.811765
leconstitutionnel,bpt6k680332v,,failed,0,0,,no_usable_pages,known,,,bpt6k680332v: no usable pages in manifest.,2026-07-17T20:36:50.943450
leconstitutionnel,bpt6k6803337,,failed,0,0,,no_usable_pages,known,,,bpt6k6803337: no usable pages in manifest.,2026-07-17T20:36:51.041508
leconstitutionnel,bpt6k680334m,,failed,0,0,,no_usable_pages,known,,,bpt6k680334m: no usable pages in manifest.,2026-07-17T20:36:51.157101
leconstitutionnel,bpt6k6803350,,failed,0,0,,no_usable_pages,known,,,bpt6k6803350: no usable pages in manifest.,2026-07-17T20:36:51.223773
leconstitutionnel,bpt6k680336c,,failed,0,0,,no_usable_pages,known,,,bpt6k680336c: no usable pages in manifest.,2026-07-17T20:36:51.306283
leconstitutionnel,bpt6k680337r,,failed,0,0,,no_usable_pages,known,,,bpt6k680337r: no usable pages in manifest.,2026-07-17T20:36:51.350744
leconstitutionnel,bpt6k6803384,,failed,0,0,,no_usable_pages,known,,,bpt6k6803384: no usable pages in manifest.,2026-07-17T20:36:51.418379
leconstitutionnel,bpt6k680339h,,failed,0,0,,no_usable_pages,known,,,bpt6k680339h: no usable pages in manifest.,2026-07-17T20:36:51.489699
leconstitutionnel,bpt6k680340f,,failed,0,0,,no_usable_pages,known,,,bpt6k680340f: no usable pages in manifest.,2026-07-17T20:36:51.550959
leconstitutionnel,bpt6k680341t,,failed,0,0,,no_usable_pages,known,,,bpt6k680341t: no usable pages in manifest.,2026-07-17T20:36:51.627722
leconstitutionnel,bpt6k6803426,,failed,0,0,,no_usable_pages,known,,,bpt6k6803426: no usable pages in manifest.,2026-07-17T20:36:51.707385
leconstitutionnel,bpt6k680343k,,failed,0,0,,no_usable_pages,known,,,bpt6k680343k: no usable pages in manifest.,2026-07-17T20:36:51.790855
leconstitutionnel,bpt6k680344z,,failed,0,0,,no_usable_pages,known,,,bpt6k680344z: no usable pages in manifest.,2026-07-17T20:36:51.859025
leconstitutionnel,bpt6k680345b,,failed,0,0,,no_usable_pages,known,,,bpt6k680345b: no usable pages in manifest.,2026-07-17T20:36:51.943527
leconstitutionnel,bpt6k680346q,,failed,0,0,,no_usable_pages,known,,,bpt6k680346q: no usable pages in manifest.,2026-07-17T20:36:52.031279
leconstitutionnel,bpt6k6803473,,failed,0,0,,no_usable_pages,known,,,bpt6k6803473: no usable pages in manifest.,2026-07-17T20:36:52.104549
leconstitutionnel,bpt6k680348g,,failed,0,0,,no_usable_pages,known,,,bpt6k680348g: no usable pages in manifest.,2026-07-17T20:36:52.200551
leconstitutionnel,bpt6k680349v,,failed,0,0,,no_usable_pages,known,,,bpt6k680349v: no usable pages in manifest.,2026-07-17T20:36:52.264821
leconstitutionnel,bpt6k680350s,,failed,0,0,,no_usable_pages,known,,,bpt6k680350s: no usable pages in manifest.,2026-07-17T20:36:52.331755
leconstitutionnel,bpt6k6803515,,failed,0,0,,no_usable_pages,known,,,bpt6k6803515: no usable pages in manifest.,2026-07-17T20:36:52.419565
leconstitutionnel,bpt6k680352j,,failed,0,0,,no_usable_pages,known,,,bpt6k680352j: no usable pages in manifest.,2026-07-17T20:36:52.553771
leconstitutionnel,bpt6k680353x,,failed,0,0,,no_usable_pages,known,,,bpt6k680353x: no usable pages in manifest.,2026-07-17T20:36:52.629121
leconstitutionnel,bpt6k6803549,,failed,0,0,,no_usable_pages,known,,,bpt6k6803549: no usable pages in manifest.,2026-07-17T20:36:52.693817
leconstitutionnel,bpt6k680355p,,failed,0,0,,no_usable_pages,known,,,bpt6k680355p: no usable pages in manifest.,2026-07-17T20:36:52.768215
leconstitutionnel,bpt6k6803562,,failed,0,0,,no_usable_pages,known,,,bpt6k6803562: no usable pages in manifest.,2026-07-17T20:36:52.825771
leconstitutionnel,bpt6k680357f,,failed,0,0,,no_usable_pages,known,,,bpt6k680357f: no usable pages in manifest.,2026-07-17T20:36:52.897649
leconstitutionnel,bpt6k680358t,,failed,0,0,,no_usable_pages,known,,,bpt6k680358t: no usable pages in manifest.,2026-07-17T20:36:52.976099
leconstitutionnel,bpt6k6803596,,failed,0,0,,no_usable_pages,known,,,bpt6k6803596: no usable pages in manifest.,2026-07-17T20:36:53.048647
leconstitutionnel,bpt6k6803604,,failed,0,0,,no_usable_pages,known,,,bpt6k6803604: no usable pages in manifest.,2026-07-17T20:36:53.128699
leconstitutionnel,bpt6k680361h,,failed,0,0,,no_usable_pages,known,,,bpt6k680361h: no usable pages in manifest.,2026-07-17T20:36:53.242835
leconstitutionnel,bpt6k680362w,,failed,0,0,,no_usable_pages,known,,,bpt6k680362w: no usable pages in manifest.,2026-07-17T20:36:53.321089
leconstitutionnel,bpt6k6803638,,failed,0,0,,no_usable_pages,known,,,bpt6k6803638: no usable pages in manifest.,2026-07-17T20:36:53.398553
leconstitutionnel,bpt6k680364n,,failed,0,0,,no_usable_pages,known,,,bpt6k680364n: no usable pages in manifest.,2026-07-17T20:36:53.475433
leconstitutionnel,bpt6k6803651,,failed,0,0,,no_usable_pages,known,,,bpt6k6803651: no usable pages in manifest.,2026-07-17T20:36:53.560000
leconstitutionnel,bpt6k680366d,,failed,0,0,,no_usable_pages,known,,,bpt6k680366d: no usable pages in manifest.,2026-07-17T20:36:53.666475
leconstitutionnel,bpt6k680367s,,failed,0,0,,no_usable_pages,known,,,bpt6k680367s: no usable pages in manifest.,2026-07-17T20:36:53.720880
leconstitutionnel,bpt6k6803685,,failed,0,0,,no_usable_pages,known,,,bpt6k6803685: no usable pages in manifest.,2026-07-17T20:36:53.818395
leconstitutionnel,bpt6k680369j,,failed,0,0,,no_usable_pages,known,,,bpt6k680369j: no usable pages in manifest.,2026-07-17T20:36:53.962753
leconstitutionnel,bpt6k680370g,,failed,0,0,,no_usable_pages,known,,,bpt6k680370g: no usable pages in manifest.,2026-07-17T20:36:54.034890
leconstitutionnel,bpt6k680371v,,failed,0,0,,no_usable_pages,known,,,bpt6k680371v: no usable pages in manifest.,2026-07-17T20:36:54.104683
leconstitutionnel,bpt6k6803727,,failed,0,0,,no_usable_pages,known,,,bpt6k6803727: no usable pages in manifest.,2026-07-17T20:36:54.204128
leconstitutionnel,bpt6k680373m,,failed,0,0,,no_usable_pages,known,,,bpt6k680373m: no usable pages in manifest.,2026-07-17T20:36:54.307346
leconstitutionnel,bpt6k6803740,,failed,0,0,,no_usable_pages,known,,,bpt6k6803740: no usable pages in manifest.,2026-07-17T20:36:54.371465
leconstitutionnel,bpt6k680375c,,failed,0,0,,no_usable_pages,known,,,bpt6k680375c: no usable pages in manifest.,2026-07-17T20:36:54.444611
leconstitutionnel,bpt6k680376r,,failed,0,0,,no_usable_pages,known,,,bpt6k680376r: no usable pages in manifest.,2026-07-17T20:36:54.509136
leconstitutionnel,bpt6k6803774,,failed,0,0,,no_usable_pages,known,,,bpt6k6803774: no usable pages in manifest.,2026-07-17T20:36:54.569847
leconstitutionnel,bpt6k680378h,,failed,0,0,,no_usable_pages,known,,,bpt6k680378h: no usable pages in manifest.,2026-07-17T20:36:54.645149
leconstitutionnel,bpt6k680379w,,failed,0,0,,no_usable_pages,known,,,bpt6k680379w: no usable pages in manifest.,2026-07-17T20:36:54.712238
leconstitutionnel,bpt6k680380t,,failed,0,0,,no_usable_pages,known,,,bpt6k680380t: no usable pages in manifest.,2026-07-17T20:36:54.772365
leconstitutionnel,bpt6k6803816,,failed,0,0,,no_usable_pages,known,,,bpt6k6803816: no usable pages in manifest.,2026-07-17T20:36:54.853730
leconstitutionnel,bpt6k680382k,,failed,0,0,,no_usable_pages,known,,,bpt6k680382k: no usable pages in manifest.,2026-07-17T20:36:54.905709
leconstitutionnel,bpt6k680383z,,failed,0,0,,no_usable_pages,known,,,bpt6k680383z: no usable pages in manifest.,2026-07-17T20:36:54.970728
leconstitutionnel,bpt6k680384b,,failed,0,0,,no_usable_pages,known,,,bpt6k680384b: no usable pages in manifest.,2026-07-17T20:36:55.038720
leconstitutionnel,bpt6k680385q,,failed,0,0,,no_usable_pages,known,,,bpt6k680385q: no usable pages in manifest.,2026-07-17T20:36:55.110355
leconstitutionnel,bpt6k6803863,,failed,0,0,,no_usable_pages,known,,,bpt6k6803863: no usable pages in manifest.,2026-07-17T20:36:55.156380
leconstitutionnel,bpt6k680387g,,failed,0,0,,no_usable_pages,known,,,bpt6k680387g: no usable pages in manifest.,2026-07-17T20:36:55.215327
leconstitutionnel,bpt6k680388v,,failed,0,0,,no_usable_pages,known,,,bpt6k680388v: no usable pages in manifest.,2026-07-17T20:36:55.281986
leconstitutionnel,bpt6k6803897,,failed,0,0,,no_usable_pages,known,,,bpt6k6803897: no usable pages in manifest.,2026-07-17T20:36:55.394722
leconstitutionnel,bpt6k6803905,,failed,0,0,,no_usable_pages,known,,,bpt6k6803905: no usable pages in manifest.,2026-07-17T20:36:55.478962
leconstitutionnel,bpt6k680391j,,failed,0,0,,no_usable_pages,known,,,bpt6k680391j: no usable pages in manifest.,2026-07-17T20:36:55.547664
leconstitutionnel,bpt6k680392x,,failed,0,0,,no_usable_pages,known,,,bpt6k680392x: no usable pages in manifest.,2026-07-17T20:36:55.608828
leconstitutionnel,bpt6k6803939,,failed,0,0,,no_usable_pages,known,,,bpt6k6803939: no usable pages in manifest.,2026-07-17T20:36:55.690438
leconstitutionnel,bpt6k680394p,,failed,0,0,,no_usable_pages,known,,,bpt6k680394p: no usable pages in manifest.,2026-07-17T20:36:55.752109
leconstitutionnel,bpt6k6803952,,failed,0,0,,no_usable_pages,known,,,bpt6k6803952: no usable pages in manifest.,2026-07-17T20:36:55.855639
leconstitutionnel,bpt6k680396f,,failed,0,0,,no_usable_pages,known,,,bpt6k680396f: no usable pages in manifest.,2026-07-17T20:36:55.926930
leconstitutionnel,bpt6k680397t,,failed,0,0,,no_usable_pages,known,,,bpt6k680397t: no usable pages in manifest.,2026-07-17T20:36:55.984209
leconstitutionnel,bpt6k6803986,,failed,0,0,,no_usable_pages,known,,,bpt6k6803986: no usable pages in manifest.,2026-07-17T20:36:56.048439
leconstitutionnel,bpt6k680399k,,failed,0,0,,no_usable_pages,known,,,bpt6k680399k: no usable pages in manifest.,2026-07-17T20:36:56.116718
leconstitutionnel,bpt6k680400c,,failed,0,0,,no_usable_pages,known,,,bpt6k680400c: no usable pages in manifest.,2026-07-17T20:36:56.189363
leconstitutionnel,bpt6k680401r,,failed,0,0,,no_usable_pages,known,,,bpt6k680401r: no usable pages in manifest.,2026-07-17T20:36:56.254957
leconstitutionnel,bpt6k6804024,,failed,0,0,,no_usable_pages,known,,,bpt6k6804024: no usable pages in manifest.,2026-07-17T20:36:56.328808
leconstitutionnel,bpt6k680403h,,failed,0,0,,no_usable_pages,known,,,bpt6k680403h: no usable pages in manifest.,2026-07-17T20:36:56.422956
leconstitutionnel,bpt6k680404w,,failed,0,0,,no_usable_pages,known,,,bpt6k680404w: no usable pages in manifest.,2026-07-17T20:36:56.498941
leconstitutionnel,bpt6k6804058,,failed,0,0,,no_usable_pages,known,,,bpt6k6804058: no usable pages in manifest.,2026-07-17T20:36:56.577588
leconstitutionnel,bpt6k680406n,,failed,0,0,,no_usable_pages,known,,,bpt6k680406n: no usable pages in manifest.,2026-07-17T20:36:56.652515
leconstitutionnel,bpt6k6804071,,failed,0,0,,no_usable_pages,known,,,bpt6k6804071: no usable pages in manifest.,2026-07-17T20:36:56.730574
leconstitutionnel,bpt6k680408d,,failed,0,0,,no_usable_pages,known,,,bpt6k680408d: no usable pages in manifest.,2026-07-17T20:36:56.818658
leconstitutionnel,bpt6k680409s,,failed,0,0,,no_usable_pages,known,,,bpt6k680409s: no usable pages in manifest.,2026-07-17T20:36:56.920185
leconstitutionnel,bpt6k680410q,,failed,0,0,,no_usable_pages,known,,,bpt6k680410q: no usable pages in manifest.,2026-07-17T20:36:57.059005
leconstitutionnel,bpt6k6804113,,failed,0,0,,no_usable_pages,known,,,bpt6k6804113: no usable pages in manifest.,2026-07-17T20:36:57.154630
leconstitutionnel,bpt6k680412g,,failed,0,0,,no_usable_pages,known,,,bpt6k680412g: no usable pages in manifest.,2026-07-17T20:36:57.257016
leconstitutionnel,bpt6k680413v,,failed,0,0,,no_usable_pages,known,,,bpt6k680413v: no usable pages in manifest.,2026-07-17T20:36:57.396627
leconstitutionnel,bpt6k6804147,,failed,0,0,,no_usable_pages,known,,,bpt6k6804147: no usable pages in manifest.,2026-07-17T20:36:57.491189
leconstitutionnel,bpt6k680415m,,failed,0,0,,no_usable_pages,known,,,bpt6k680415m: no usable pages in manifest.,2026-07-17T20:36:57.564693
leconstitutionnel,bpt6k6804160,,failed,0,0,,no_usable_pages,known,,,bpt6k6804160: no usable pages in manifest.,2026-07-17T20:36:57.639499
leconstitutionnel,bpt6k680417c,,failed,0,0,,no_usable_pages,known,,,bpt6k680417c: no usable pages in manifest.,2026-07-17T20:36:57.716839
leconstitutionnel,bpt6k680418r,,failed,0,0,,no_usable_pages,known,,,bpt6k680418r: no usable pages in manifest.,2026-07-17T20:36:57.793548
leconstitutionnel,bpt6k6804194,,failed,0,0,,no_usable_pages,known,,,bpt6k6804194: no usable pages in manifest.,2026-07-17T20:36:57.867881
leconstitutionnel,bpt6k6804202,,failed,0,0,,no_usable_pages,known,,,bpt6k6804202: no usable pages in manifest.,2026-07-17T20:36:57.941065
leconstitutionnel,bpt6k680421f,,failed,0,0,,no_usable_pages,known,,,bpt6k680421f: no usable pages in manifest.,2026-07-17T20:36:58.027119
leconstitutionnel,bpt6k680422t,,failed,0,0,,no_usable_pages,known,,,bpt6k680422t: no usable pages in manifest.,2026-07-17T20:36:58.091023
leconstitutionnel,bpt6k6804236,,failed,0,0,,no_usable_pages,known,,,bpt6k6804236: no usable pages in manifest.,2026-07-17T20:36:58.170569
leconstitutionnel,bpt6k680424k,,failed,0,0,,no_usable_pages,known,,,bpt6k680424k: no usable pages in manifest.,2026-07-17T20:36:58.239287
leconstitutionnel,bpt6k680425z,,failed,0,0,,no_usable_pages,known,,,bpt6k680425z: no usable pages in manifest.,2026-07-17T20:36:58.297970
leconstitutionnel,bpt6k680426b,,failed,0,0,,no_usable_pages,known,,,bpt6k680426b: no usable pages in manifest.,2026-07-17T20:36:58.421735
leconstitutionnel,bpt6k680427q,,failed,0,0,,no_usable_pages,known,,,bpt6k680427q: no usable pages in manifest.,2026-07-17T20:36:58.681942
leconstitutionnel,bpt6k6804283,,failed,0,0,,no_usable_pages,known,,,bpt6k6804283: no usable pages in manifest.,2026-07-17T20:36:58.747251
leconstitutionnel,bpt6k680429g,,failed,0,0,,no_usable_pages,known,,,bpt6k680429g: no usable pages in manifest.,2026-07-17T20:36:58.808052
leconstitutionnel,bpt6k680430d,,failed,0,0,,no_usable_pages,known,,,bpt6k680430d: no usable pages in manifest.,2026-07-17T20:36:58.862767
leconstitutionnel,bpt6k680431s,,failed,0,0,,no_usable_pages,known,,,bpt6k680431s: no usable pages in manifest.,2026-07-17T20:36:58.937732
leconstitutionnel,bpt6k6804325,,failed,0,0,,no_usable_pages,known,,,bpt6k6804325: no usable pages in manifest.,2026-07-17T20:36:59.042497
leconstitutionnel,bpt6k680433j,,failed,0,0,,no_usable_pages,known,,,bpt6k680433j: no usable pages in manifest.,2026-07-17T20:36:59.120211
leconstitutionnel,bpt6k680434x,,failed,0,0,,no_usable_pages,known,,,bpt6k680434x: no usable pages in manifest.,2026-07-17T20:36:59.200116
leconstitutionnel,bpt6k6804359,,failed,0,0,,no_usable_pages,known,,,bpt6k6804359: no usable pages in manifest.,2026-07-17T20:36:59.281484
leconstitutionnel,bpt6k680436p,,failed,0,0,,no_usable_pages,known,,,bpt6k680436p: no usable pages in manifest.,2026-07-17T20:36:59.365381
leconstitutionnel,bpt6k6804372,,failed,0,0,,no_usable_pages,known,,,bpt6k6804372: no usable pages in manifest.,2026-07-17T20:36:59.455958
leconstitutionnel,bpt6k680438f,,failed,0,0,,no_usable_pages,known,,,bpt6k680438f: no usable pages in manifest.,2026-07-17T20:36:59.547576
leconstitutionnel,bpt6k680439t,,failed,0,0,,no_usable_pages,known,,,bpt6k680439t: no usable pages in manifest.,2026-07-17T20:36:59.622518
leconstitutionnel,bpt6k680440r,,failed,0,0,,no_usable_pages,known,,,bpt6k680440r: no usable pages in manifest.,2026-07-17T20:36:59.688411
leconstitutionnel,bpt6k6804414,,failed,0,0,,no_usable_pages,known,,,bpt6k6804414: no usable pages in manifest.,2026-07-17T20:36:59.749414
leconstitutionnel,bpt6k680442h,,failed,0,0,,no_usable_pages,known,,,bpt6k680442h: no usable pages in manifest.,2026-07-17T20:36:59.824612
leconstitutionnel,bpt6k680443w,,failed,0,0,,no_usable_pages,known,,,bpt6k680443w: no usable pages in manifest.,2026-07-17T20:36:59.894809
leconstitutionnel,bpt6k6804448,,failed,0,0,,no_usable_pages,known,,,bpt6k6804448: no usable pages in manifest.,2026-07-17T20:36:59.998385
leconstitutionnel,bpt6k680445n,,failed,0,0,,no_usable_pages,known,,,bpt6k680445n: no usable pages in manifest.,2026-07-17T20:37:00.224840
leconstitutionnel,bpt6k6804461,,failed,0,0,,no_usable_pages,known,,,bpt6k6804461: no usable pages in manifest.,2026-07-17T20:37:00.291312
leconstitutionnel,bpt6k680447d,,failed,0,0,,no_usable_pages,known,,,bpt6k680447d: no usable pages in manifest.,2026-07-17T20:37:00.356399
leconstitutionnel,bpt6k680448s,,failed,0,0,,no_usable_pages,known,,,bpt6k680448s: no usable pages in manifest.,2026-07-17T20:37:00.428911
leconstitutionnel,bpt6k6804495,,failed,0,0,,no_usable_pages,known,,,bpt6k6804495: no usable pages in manifest.,2026-07-17T20:37:00.515587
leconstitutionnel,bpt6k6804503,,failed,0,0,,no_usable_pages,known,,,bpt6k6804503: no usable pages in manifest.,2026-07-17T20:37:00.609931
leconstitutionnel,bpt6k680451g,,failed,0,0,,no_usable_pages,known,,,bpt6k680451g: no usable pages in manifest.,2026-07-17T20:37:00.688907
leconstitutionnel,bpt6k680452v,,failed,0,0,,no_usable_pages,known,,,bpt6k680452v: no usable pages in manifest.,2026-07-17T20:37:00.747109
leconstitutionnel,bpt6k6804537,,failed,0,0,,no_usable_pages,known,,,bpt6k6804537: no usable pages in manifest.,2026-07-17T20:37:00.814516
leconstitutionnel,bpt6k680454m,,failed,0,0,,no_usable_pages,known,,,bpt6k680454m: no usable pages in manifest.,2026-07-17T20:37:00.877443
leconstitutionnel,bpt6k6804550,,failed,0,0,,no_usable_pages,known,,,bpt6k6804550: no usable pages in manifest.,2026-07-17T20:37:00.937935
leconstitutionnel,bpt6k680456c,,failed,0,0,,no_usable_pages,known,,,bpt6k680456c: no usable pages in manifest.,2026-07-17T20:37:01.006626
leconstitutionnel,bpt6k680457r,,failed,0,0,,no_usable_pages,known,,,bpt6k680457r: no usable pages in manifest.,2026-07-17T20:37:01.107974
leconstitutionnel,bpt6k6804584,,failed,0,0,,no_usable_pages,known,,,bpt6k6804584: no usable pages in manifest.,2026-07-17T20:37:01.171591
leconstitutionnel,bpt6k680459h,,failed,0,0,,no_usable_pages,known,,,bpt6k680459h: no usable pages in manifest.,2026-07-17T20:37:01.241319
leconstitutionnel,bpt6k680460f,,failed,0,0,,no_usable_pages,known,,,bpt6k680460f: no usable pages in manifest.,2026-07-17T20:37:01.302527
leconstitutionnel,bpt6k680461t,,failed,0,0,,no_usable_pages,known,,,bpt6k680461t: no usable pages in manifest.,2026-07-17T20:37:01.388932
leconstitutionnel,bpt6k6804626,,failed,0,0,,no_usable_pages,known,,,bpt6k6804626: no usable pages in manifest.,2026-07-17T20:37:01.460383
leconstitutionnel,bpt6k680463k,,failed,0,0,,no_usable_pages,known,,,bpt6k680463k: no usable pages in manifest.,2026-07-17T20:37:01.594074
leconstitutionnel,bpt6k680464z,,failed,0,0,,no_usable_pages,known,,,bpt6k680464z: no usable pages in manifest.,2026-07-17T20:37:01.696403
leconstitutionnel,bpt6k680465b,,failed,0,0,,no_usable_pages,known,,,bpt6k680465b: no usable pages in manifest.,2026-07-17T20:37:01.768530
leconstitutionnel,bpt6k680466q,,failed,0,0,,no_usable_pages,known,,,bpt6k680466q: no usable pages in manifest.,2026-07-17T20:37:01.832558
leconstitutionnel,bpt6k6804673,,failed,0,0,,no_usable_pages,known,,,bpt6k6804673: no usable pages in manifest.,2026-07-17T20:37:01.914608
leconstitutionnel,bpt6k680468g,,failed,0,0,,no_usable_pages,known,,,bpt6k680468g: no usable pages in manifest.,2026-07-17T20:37:01.994333
leconstitutionnel,bpt6k680469v,,failed,0,0,,no_usable_pages,known,,,bpt6k680469v: no usable pages in manifest.,2026-07-17T20:37:02.061548
leconstitutionnel,bpt6k680470s,,failed,0,0,,no_usable_pages,known,,,bpt6k680470s: no usable pages in manifest.,2026-07-17T20:37:02.132654
leconstitutionnel,bpt6k6804715,,failed,0,0,,no_usable_pages,known,,,bpt6k6804715: no usable pages in manifest.,2026-07-17T20:37:02.209474
leconstitutionnel,bpt6k680472j,,failed,0,0,,no_usable_pages,known,,,bpt6k680472j: no usable pages in manifest.,2026-07-17T20:37:02.281372
leconstitutionnel,bpt6k680473x,,failed,0,0,,no_usable_pages,known,,,bpt6k680473x: no usable pages in manifest.,2026-07-17T20:37:02.344920
leconstitutionnel,bpt6k6804749,,failed,0,0,,no_usable_pages,known,,,bpt6k6804749: no usable pages in manifest.,2026-07-17T20:37:02.401705
leconstitutionnel,bpt6k680475p,,failed,0,0,,no_usable_pages,known,,,bpt6k680475p: no usable pages in manifest.,2026-07-17T20:37:02.469450
leconstitutionnel,bpt6k6804762,,failed,0,0,,no_usable_pages,known,,,bpt6k6804762: no usable pages in manifest.,2026-07-17T20:37:02.534399
leconstitutionnel,bpt6k680477f,,failed,0,0,,no_usable_pages,known,,,bpt6k680477f: no usable pages in manifest.,2026-07-17T20:37:02.646940
leconstitutionnel,bpt6k680478t,,failed,0,0,,no_usable_pages,known,,,bpt6k680478t: no usable pages in manifest.,2026-07-17T20:37:02.739666
leconstitutionnel,bpt6k6804796,,failed,0,0,,no_usable_pages,known,,,bpt6k6804796: no usable pages in manifest.,2026-07-17T20:37:02.815656
leconstitutionnel,bpt6k6804804,,failed,0,0,,no_usable_pages,known,,,bpt6k6804804: no usable pages in manifest.,2026-07-17T20:37:02.889740
leconstitutionnel,bpt6k680481h,,failed,0,0,,no_usable_pages,known,,,bpt6k680481h: no usable pages in manifest.,2026-07-17T20:37:02.964959
leconstitutionnel,bpt6k680482w,,failed,0,0,,no_usable_pages,known,,,bpt6k680482w: no usable pages in manifest.,2026-07-17T20:37:03.106021
leconstitutionnel,bpt6k6804838,,failed,0,0,,no_usable_pages,known,,,bpt6k6804838: no usable pages in manifest.,2026-07-17T20:37:03.263510
leconstitutionnel,bpt6k680484n,,failed,0,0,,no_usable_pages,known,,,bpt6k680484n: no usable pages in manifest.,2026-07-17T20:37:03.321885
leconstitutionnel,bpt6k6804851,,failed,0,0,,no_usable_pages,known,,,bpt6k6804851: no usable pages in manifest.,2026-07-17T20:37:03.401394
leconstitutionnel,bpt6k680486d,,failed,0,0,,no_usable_pages,known,,,bpt6k680486d: no usable pages in manifest.,2026-07-17T20:37:03.482972
leconstitutionnel,bpt6k680487s,,failed,0,0,,no_usable_pages,known,,,bpt6k680487s: no usable pages in manifest.,2026-07-17T20:37:03.566995
leconstitutionnel,bpt6k6804885,,failed,0,0,,no_usable_pages,known,,,bpt6k6804885: no usable pages in manifest.,2026-07-17T20:37:03.636518
leconstitutionnel,bpt6k680489j,,failed,0,0,,no_usable_pages,known,,,bpt6k680489j: no usable pages in manifest.,2026-07-17T20:37:03.689744
leconstitutionnel,bpt6k680490g,,failed,0,0,,no_usable_pages,known,,,bpt6k680490g: no usable pages in manifest.,2026-07-17T20:37:03.766888
leconstitutionnel,bpt6k680491v,,failed,0,0,,no_usable_pages,known,,,bpt6k680491v: no usable pages in manifest.,2026-07-17T20:37:03.827594
leconstitutionnel,bpt6k6804927,,failed,0,0,,no_usable_pages,known,,,bpt6k6804927: no usable pages in manifest.,2026-07-17T20:37:03.902426
leconstitutionnel,bpt6k680493m,,failed,0,0,,no_usable_pages,known,,,bpt6k680493m: no usable pages in manifest.,2026-07-17T20:37:03.957361
leconstitutionnel,bpt6k6804940,,failed,0,0,,no_usable_pages,known,,,bpt6k6804940: no usable pages in manifest.,2026-07-17T20:37:04.018689
leconstitutionnel,bpt6k680495c,,failed,0,0,,no_usable_pages,known,,,bpt6k680495c: no usable pages in manifest.,2026-07-17T20:37:04.078661
leconstitutionnel,bpt6k680496r,,failed,0,0,,no_usable_pages,known,,,bpt6k680496r: no usable pages in manifest.,2026-07-17T20:37:04.147158
leconstitutionnel,bpt6k6804974,,failed,0,0,,no_usable_pages,known,,,bpt6k6804974: no usable pages in manifest.,2026-07-17T20:37:04.245156
leconstitutionnel,bpt6k680498h,,failed,0,0,,no_usable_pages,known,,,bpt6k680498h: no usable pages in manifest.,2026-07-17T20:37:04.311083
leconstitutionnel,bpt6k680499w,,failed,0,0,,no_usable_pages,known,,,bpt6k680499w: no usable pages in manifest.,2026-07-17T20:37:04.385723
leconstitutionnel,bpt6k680500p,,failed,0,0,,no_usable_pages,known,,,bpt6k680500p: no usable pages in manifest.,2026-07-17T20:37:04.465183
leconstitutionnel,bpt6k6805012,,failed,0,0,,no_usable_pages,known,,,bpt6k6805012: no usable pages in manifest.,2026-07-17T20:37:04.760296
leconstitutionnel,bpt6k680502f,,failed,0,0,,no_usable_pages,known,,,bpt6k680502f: no usable pages in manifest.,2026-07-17T20:37:04.860391
leconstitutionnel,bpt6k680503t,,failed,0,0,,no_usable_pages,known,,,bpt6k680503t: no usable pages in manifest.,2026-07-17T20:37:04.934300
leconstitutionnel,bpt6k6805046,,failed,0,0,,no_usable_pages,known,,,bpt6k6805046: no usable pages in manifest.,2026-07-17T20:37:04.993502
leconstitutionnel,bpt6k680505k,,failed,0,0,,no_usable_pages,known,,,bpt6k680505k: no usable pages in manifest.,2026-07-17T20:37:05.059170
leconstitutionnel,bpt6k680506z,,failed,0,0,,no_usable_pages,known,,,bpt6k680506z: no usable pages in manifest.,2026-07-17T20:37:05.117982
leconstitutionnel,bpt6k680507b,,failed,0,0,,no_usable_pages,known,,,bpt6k680507b: no usable pages in manifest.,2026-07-17T20:37:05.186866
leconstitutionnel,bpt6k680508q,,failed,0,0,,no_usable_pages,known,,,bpt6k680508q: no usable pages in manifest.,2026-07-17T20:37:05.290706
leconstitutionnel,bpt6k6805093,,failed,0,0,,no_usable_pages,known,,,bpt6k6805093: no usable pages in manifest.,2026-07-17T20:37:05.371984
leconstitutionnel,bpt6k6805101,,failed,0,0,,no_usable_pages,known,,,bpt6k6805101: no usable pages in manifest.,2026-07-17T20:37:05.427087
leconstitutionnel,bpt6k680511d,,failed,0,0,,no_usable_pages,known,,,bpt6k680511d: no usable pages in manifest.,2026-07-17T20:37:05.492082
leconstitutionnel,bpt6k680512s,,failed,0,0,,no_usable_pages,known,,,bpt6k680512s: no usable pages in manifest.,2026-07-17T20:37:05.578544
leconstitutionnel,bpt6k6805135,,failed,0,0,,no_usable_pages,known,,,bpt6k6805135: no usable pages in manifest.,2026-07-17T20:37:05.659714
leconstitutionnel,bpt6k680514j,,failed,0,0,,no_usable_pages,known,,,bpt6k680514j: no usable pages in manifest.,2026-07-17T20:37:05.724839
leconstitutionnel,bpt6k680515x,,failed,0,0,,no_usable_pages,known,,,bpt6k680515x: no usable pages in manifest.,2026-07-17T20:37:05.766096
leconstitutionnel,bpt6k6805169,,failed,0,0,,no_usable_pages,known,,,bpt6k6805169: no usable pages in manifest.,2026-07-17T20:37:05.854719
leconstitutionnel,bpt6k680517p,,failed,0,0,,no_usable_pages,known,,,bpt6k680517p: no usable pages in manifest.,2026-07-17T20:37:05.921087
leconstitutionnel,bpt6k6805182,,failed,0,0,,no_usable_pages,known,,,bpt6k6805182: no usable pages in manifest.,2026-07-17T20:37:05.989445
leconstitutionnel,bpt6k680519f,,failed,0,0,,no_usable_pages,known,,,bpt6k680519f: no usable pages in manifest.,2026-07-17T20:37:06.098712
leconstitutionnel,bpt6k680520c,,failed,0,0,,no_usable_pages,known,,,bpt6k680520c: no usable pages in manifest.,2026-07-17T20:37:06.394558
leconstitutionnel,bpt6k680521r,,failed,0,0,,no_usable_pages,known,,,bpt6k680521r: no usable pages in manifest.,2026-07-17T20:37:06.476498
leconstitutionnel,bpt6k6805224,,failed,0,0,,no_usable_pages,known,,,bpt6k6805224: no usable pages in manifest.,2026-07-17T20:37:06.540370
leconstitutionnel,bpt6k680523h,,failed,0,0,,no_usable_pages,known,,,bpt6k680523h: no usable pages in manifest.,2026-07-17T20:37:06.616144
leconstitutionnel,bpt6k680524w,,failed,0,0,,no_usable_pages,known,,,bpt6k680524w: no usable pages in manifest.,2026-07-17T20:37:06.656285
leconstitutionnel,bpt6k6805258,,failed,0,0,,no_usable_pages,known,,,bpt6k6805258: no usable pages in manifest.,2026-07-17T20:37:06.740005
leconstitutionnel,bpt6k680526n,,failed,0,0,,no_usable_pages,known,,,bpt6k680526n: no usable pages in manifest.,2026-07-17T20:37:06.817918
leconstitutionnel,bpt6k6805271,,failed,0,0,,no_usable_pages,known,,,bpt6k6805271: no usable pages in manifest.,2026-07-17T20:37:06.912135
leconstitutionnel,bpt6k680528d,,failed,0,0,,no_usable_pages,known,,,bpt6k680528d: no usable pages in manifest.,2026-07-17T20:37:06.981965
leconstitutionnel,bpt6k680529s,,failed,0,0,,no_usable_pages,known,,,bpt6k680529s: no usable pages in manifest.,2026-07-17T20:37:07.039771
leconstitutionnel,bpt6k680530q,,failed,0,0,,no_usable_pages,known,,,bpt6k680530q: no usable pages in manifest.,2026-07-17T20:37:07.097751
leconstitutionnel,bpt6k6805313,,failed,0,0,,no_usable_pages,known,,,bpt6k6805313: no usable pages in manifest.,2026-07-17T20:37:07.159421
leconstitutionnel,bpt6k680532g,,failed,0,0,,no_usable_pages,known,,,bpt6k680532g: no usable pages in manifest.,2026-07-17T20:37:07.221065
leconstitutionnel,bpt6k680533v,,failed,0,0,,no_usable_pages,known,,,bpt6k680533v: no usable pages in manifest.,2026-07-17T20:37:07.285023
leconstitutionnel,bpt6k6805347,,failed,0,0,,no_usable_pages,known,,,bpt6k6805347: no usable pages in manifest.,2026-07-17T20:37:07.333965
leconstitutionnel,bpt6k680535m,,failed,0,0,,no_usable_pages,known,,,bpt6k680535m: no usable pages in manifest.,2026-07-17T20:37:07.413408
leconstitutionnel,bpt6k6805360,,failed,0,0,,no_usable_pages,known,,,bpt6k6805360: no usable pages in manifest.,2026-07-17T20:37:07.490135
leconstitutionnel,bpt6k680537c,,failed,0,0,,no_usable_pages,known,,,bpt6k680537c: no usable pages in manifest.,2026-07-17T20:37:07.565333
leconstitutionnel,bpt6k680538r,,failed,0,0,,no_usable_pages,known,,,bpt6k680538r: no usable pages in manifest.,2026-07-17T20:37:07.681945
leconstitutionnel,bpt6k6805394,,failed,0,0,,no_usable_pages,known,,,bpt6k6805394: no usable pages in manifest.,2026-07-17T20:37:07.882181
leconstitutionnel,bpt6k6805402,,failed,0,0,,no_usable_pages,known,,,bpt6k6805402: no usable pages in manifest.,2026-07-17T20:37:08.096485
leconstitutionnel,bpt6k680541f,,failed,0,0,,no_usable_pages,known,,,bpt6k680541f: no usable pages in manifest.,2026-07-17T20:37:08.194305
leconstitutionnel,bpt6k680542t,,failed,0,0,,no_usable_pages,known,,,bpt6k680542t: no usable pages in manifest.,2026-07-17T20:37:08.271879
leconstitutionnel,bpt6k6805436,,failed,0,0,,no_usable_pages,known,,,bpt6k6805436: no usable pages in manifest.,2026-07-17T20:37:08.354648
leconstitutionnel,bpt6k680544k,,failed,0,0,,no_usable_pages,known,,,bpt6k680544k: no usable pages in manifest.,2026-07-17T20:37:08.472050
leconstitutionnel,bpt6k680545z,,failed,0,0,,no_usable_pages,known,,,bpt6k680545z: no usable pages in manifest.,2026-07-17T20:37:08.534397
leconstitutionnel,bpt6k680546b,,failed,0,0,,no_usable_pages,known,,,bpt6k680546b: no usable pages in manifest.,2026-07-17T20:37:08.641062
leconstitutionnel,bpt6k680547q,,failed,0,0,,no_usable_pages,known,,,bpt6k680547q: no usable pages in manifest.,2026-07-17T20:37:08.747482
leconstitutionnel,bpt6k6805483,,failed,0,0,,no_usable_pages,known,,,bpt6k6805483: no usable pages in manifest.,2026-07-17T20:37:08.820109
leconstitutionnel,bpt6k680549g,,failed,0,0,,no_usable_pages,known,,,bpt6k680549g: no usable pages in manifest.,2026-07-17T20:37:08.882102
leconstitutionnel,bpt6k680550d,,failed,0,0,,no_usable_pages,known,,,bpt6k680550d: no usable pages in manifest.,2026-07-17T20:37:08.957878
leconstitutionnel,bpt6k680551s,,failed,0,0,,no_usable_pages,known,,,bpt6k680551s: no usable pages in manifest.,2026-07-17T20:37:09.080686
leconstitutionnel,bpt6k6805525,,failed,0,0,,no_usable_pages,known,,,bpt6k6805525: no usable pages in manifest.,2026-07-17T20:37:09.144499
leconstitutionnel,bpt6k680553j,,failed,0,0,,no_usable_pages,known,,,bpt6k680553j: no usable pages in manifest.,2026-07-17T20:37:09.210928
leconstitutionnel,bpt6k680554x,,failed,0,0,,no_usable_pages,known,,,bpt6k680554x: no usable pages in manifest.,2026-07-17T20:37:09.280084
leconstitutionnel,bpt6k6805559,,failed,0,0,,no_usable_pages,known,,,bpt6k6805559: no usable pages in manifest.,2026-07-17T20:37:09.349618
leconstitutionnel,bpt6k680556p,,failed,0,0,,no_usable_pages,known,,,bpt6k680556p: no usable pages in manifest.,2026-07-17T20:37:09.616308
leconstitutionnel,bpt6k6805572,,failed,0,0,,no_usable_pages,known,,,bpt6k6805572: no usable pages in manifest.,2026-07-17T20:37:09.693387
leconstitutionnel,bpt6k680558f,,failed,0,0,,no_usable_pages,known,,,bpt6k680558f: no usable pages in manifest.,2026-07-17T20:37:09.776453
leconstitutionnel,bpt6k680559t,,failed,0,0,,no_usable_pages,known,,,bpt6k680559t: no usable pages in manifest.,2026-07-17T20:37:09.860053
leconstitutionnel,bpt6k680560r,,failed,0,0,,no_usable_pages,known,,,bpt6k680560r: no usable pages in manifest.,2026-07-17T20:37:09.937722
leconstitutionnel,bpt6k6805614,,failed,0,0,,no_usable_pages,known,,,bpt6k6805614: no usable pages in manifest.,2026-07-17T20:37:09.991300
leconstitutionnel,bpt6k680562h,,failed,0,0,,no_usable_pages,known,,,bpt6k680562h: no usable pages in manifest.,2026-07-17T20:37:10.075761
leconstitutionnel,bpt6k680563w,,failed,0,0,,no_usable_pages,known,,,bpt6k680563w: no usable pages in manifest.,2026-07-17T20:37:10.150295
leconstitutionnel,bpt6k6805648,,failed,0,0,,no_usable_pages,known,,,bpt6k6805648: no usable pages in manifest.,2026-07-17T20:37:10.227586
leconstitutionnel,bpt6k680565n,,failed,0,0,,no_usable_pages,known,,,bpt6k680565n: no usable pages in manifest.,2026-07-17T20:37:10.293940
leconstitutionnel,bpt6k6805661,,failed,0,0,,no_usable_pages,known,,,bpt6k6805661: no usable pages in manifest.,2026-07-17T20:37:10.345803
leconstitutionnel,bpt6k680567d,,failed,0,0,,no_usable_pages,known,,,bpt6k680567d: no usable pages in manifest.,2026-07-17T20:37:10.404570
leconstitutionnel,bpt6k680568s,,failed,0,0,,no_usable_pages,known,,,bpt6k680568s: no usable pages in manifest.,2026-07-17T20:37:10.488603
leconstitutionnel,bpt6k6805695,,failed,0,0,,no_usable_pages,known,,,bpt6k6805695: no usable pages in manifest.,2026-07-17T20:37:10.570459
leconstitutionnel,bpt6k6805703,,failed,0,0,,no_usable_pages,known,,,bpt6k6805703: no usable pages in manifest.,2026-07-17T20:37:10.629688
leconstitutionnel,bpt6k680571g,,failed,0,0,,no_usable_pages,known,,,bpt6k680571g: no usable pages in manifest.,2026-07-17T20:37:10.735778
leconstitutionnel,bpt6k680572v,,failed,0,0,,no_usable_pages,known,,,bpt6k680572v: no usable pages in manifest.,2026-07-17T20:37:10.807475
leconstitutionnel,bpt6k6805737,,failed,0,0,,no_usable_pages,known,,,bpt6k6805737: no usable pages in manifest.,2026-07-17T20:37:10.886848
leconstitutionnel,bpt6k680574m,,failed,0,0,,no_usable_pages,known,,,bpt6k680574m: no usable pages in manifest.,2026-07-17T20:37:11.063266
leconstitutionnel,bpt6k6805750,,failed,0,0,,no_usable_pages,known,,,bpt6k6805750: no usable pages in manifest.,2026-07-17T20:37:11.195026
leconstitutionnel,bpt6k680576c,,failed,0,0,,no_usable_pages,known,,,bpt6k680576c: no usable pages in manifest.,2026-07-17T20:37:11.269440
leconstitutionnel,bpt6k680577r,,failed,0,0,,no_usable_pages,known,,,bpt6k680577r: no usable pages in manifest.,2026-07-17T20:37:11.342060
leconstitutionnel,bpt6k6805784,,failed,0,0,,no_usable_pages,known,,,bpt6k6805784: no usable pages in manifest.,2026-07-17T20:37:11.401963
leconstitutionnel,bpt6k680579h,,failed,0,0,,no_usable_pages,known,,,bpt6k680579h: no usable pages in manifest.,2026-07-17T20:37:11.493589
leconstitutionnel,bpt6k680580f,,failed,0,0,,no_usable_pages,known,,,bpt6k680580f: no usable pages in manifest.,2026-07-17T20:37:11.598136
leconstitutionnel,bpt6k680581t,,failed,0,0,,no_usable_pages,known,,,bpt6k680581t: no usable pages in manifest.,2026-07-17T20:37:11.667834
leconstitutionnel,bpt6k6805826,,failed,0,0,,no_usable_pages,known,,,bpt6k6805826: no usable pages in manifest.,2026-07-17T20:37:11.745282
leconstitutionnel,bpt6k680583k,,failed,0,0,,no_usable_pages,known,,,bpt6k680583k: no usable pages in manifest.,2026-07-17T20:37:11.822523
leconstitutionnel,bpt6k680584z,,failed,0,0,,no_usable_pages,known,,,bpt6k680584z: no usable pages in manifest.,2026-07-17T20:37:11.895366
leconstitutionnel,bpt6k680585b,,failed,0,0,,no_usable_pages,known,,,bpt6k680585b: no usable pages in manifest.,2026-07-17T20:37:11.970925
leconstitutionnel,bpt6k680586q,,failed,0,0,,no_usable_pages,known,,,bpt6k680586q: no usable pages in manifest.,2026-07-17T20:37:12.065545
leconstitutionnel,bpt6k6805873,,failed,0,0,,no_usable_pages,known,,,bpt6k6805873: no usable pages in manifest.,2026-07-17T20:37:12.149203
leconstitutionnel,bpt6k680588g,,failed,0,0,,no_usable_pages,known,,,bpt6k680588g: no usable pages in manifest.,2026-07-17T20:37:12.276705
leconstitutionnel,bpt6k680589v,,failed,0,0,,no_usable_pages,known,,,bpt6k680589v: no usable pages in manifest.,2026-07-17T20:37:12.429992
leconstitutionnel,bpt6k680590s,,failed,0,0,,no_usable_pages,known,,,bpt6k680590s: no usable pages in manifest.,2026-07-17T20:37:12.579529
leconstitutionnel,bpt6k6805915,,failed,0,0,,no_usable_pages,known,,,bpt6k6805915: no usable pages in manifest.,2026-07-17T20:37:12.671635
leconstitutionnel,bpt6k680592j,,failed,0,0,,no_usable_pages,known,,,bpt6k680592j: no usable pages in manifest.,2026-07-17T20:37:12.746874
leconstitutionnel,bpt6k680593x,,failed,0,0,,no_usable_pages,known,,,bpt6k680593x: no usable pages in manifest.,2026-07-17T20:37:12.828720
leconstitutionnel,bpt6k6805949,,failed,0,0,,no_usable_pages,known,,,bpt6k6805949: no usable pages in manifest.,2026-07-17T20:37:12.886695
leconstitutionnel,bpt6k680595p,,failed,0,0,,no_usable_pages,known,,,bpt6k680595p: no usable pages in manifest.,2026-07-17T20:37:12.970212
leconstitutionnel,bpt6k6805962,,failed,0,0,,no_usable_pages,known,,,bpt6k6805962: no usable pages in manifest.,2026-07-17T20:37:13.048354
leconstitutionnel,bpt6k680597f,,failed,0,0,,no_usable_pages,known,,,bpt6k680597f: no usable pages in manifest.,2026-07-17T20:37:13.112464
leconstitutionnel,bpt6k680598t,,failed,0,0,,no_usable_pages,known,,,bpt6k680598t: no usable pages in manifest.,2026-07-17T20:37:13.220907
leconstitutionnel,bpt6k6805996,,failed,0,0,,no_usable_pages,known,,,bpt6k6805996: no usable pages in manifest.,2026-07-17T20:37:13.332616
leconstitutionnel,bpt6k6806000,,failed,0,0,,no_usable_pages,known,,,bpt6k6806000: no usable pages in manifest.,2026-07-17T20:37:13.409390
leconstitutionnel,bpt6k680601c,,failed,0,0,,no_usable_pages,known,,,bpt6k680601c: no usable pages in manifest.,2026-07-17T20:37:13.463842
leconstitutionnel,bpt6k680602r,,failed,0,0,,no_usable_pages,known,,,bpt6k680602r: no usable pages in manifest.,2026-07-17T20:37:13.522816
leconstitutionnel,bpt6k6806034,,failed,0,0,,no_usable_pages,known,,,bpt6k6806034: no usable pages in manifest.,2026-07-17T20:37:13.576763
leconstitutionnel,bpt6k680604h,,failed,0,0,,no_usable_pages,known,,,bpt6k680604h: no usable pages in manifest.,2026-07-17T20:37:13.678924
leconstitutionnel,bpt6k680605w,,failed,0,0,,no_usable_pages,known,,,bpt6k680605w: no usable pages in manifest.,2026-07-17T20:37:13.748298
leconstitutionnel,bpt6k6806068,,failed,0,0,,no_usable_pages,known,,,bpt6k6806068: no usable pages in manifest.,2026-07-17T20:37:13.809725
leconstitutionnel,bpt6k680607n,,failed,0,0,,no_usable_pages,known,,,bpt6k680607n: no usable pages in manifest.,2026-07-17T20:37:13.874206
leconstitutionnel,bpt6k6806081,,failed,0,0,,no_usable_pages,known,,,bpt6k6806081: no usable pages in manifest.,2026-07-17T20:37:14.029693
leconstitutionnel,bpt6k680609d,,failed,0,0,,no_usable_pages,known,,,bpt6k680609d: no usable pages in manifest.,2026-07-17T20:37:14.113834
leconstitutionnel,bpt6k680610b,,failed,0,0,,no_usable_pages,known,,,bpt6k680610b: no usable pages in manifest.,2026-07-17T20:37:14.186214
leconstitutionnel,bpt6k680611q,,failed,0,0,,no_usable_pages,known,,,bpt6k680611q: no usable pages in manifest.,2026-07-17T20:37:14.261066
leconstitutionnel,bpt6k6806123,,failed,0,0,,no_usable_pages,known,,,bpt6k6806123: no usable pages in manifest.,2026-07-17T20:37:14.371674
leconstitutionnel,bpt6k680613g,,failed,0,0,,no_usable_pages,known,,,bpt6k680613g: no usable pages in manifest.,2026-07-17T20:37:14.440065
leconstitutionnel,bpt6k680614v,,failed,0,0,,no_usable_pages,known,,,bpt6k680614v: no usable pages in manifest.,2026-07-17T20:37:14.487915
leconstitutionnel,bpt6k6806157,,failed,0,0,,no_usable_pages,known,,,bpt6k6806157: no usable pages in manifest.,2026-07-17T20:37:14.564036
leconstitutionnel,bpt6k680616m,,failed,0,0,,no_usable_pages,known,,,bpt6k680616m: no usable pages in manifest.,2026-07-17T20:37:14.659268
leconstitutionnel,bpt6k6806170,,failed,0,0,,no_usable_pages,known,,,bpt6k6806170: no usable pages in manifest.,2026-07-17T20:37:14.747158
leconstitutionnel,bpt6k680618c,,failed,0,0,,no_usable_pages,known,,,bpt6k680618c: no usable pages in manifest.,2026-07-17T20:37:14.824917
leconstitutionnel,bpt6k680619r,,failed,0,0,,no_usable_pages,known,,,bpt6k680619r: no usable pages in manifest.,2026-07-17T20:37:14.905145
leconstitutionnel,bpt6k680620p,,failed,0,0,,no_usable_pages,known,,,bpt6k680620p: no usable pages in manifest.,2026-07-17T20:37:14.967666
leconstitutionnel,bpt6k6806212,,failed,0,0,,no_usable_pages,known,,,bpt6k6806212: no usable pages in manifest.,2026-07-17T20:37:15.043252
leconstitutionnel,bpt6k680622f,,failed,0,0,,no_usable_pages,known,,,bpt6k680622f: no usable pages in manifest.,2026-07-17T20:37:15.107119
leconstitutionnel,bpt6k680623t,,failed,0,0,,no_usable_pages,known,,,bpt6k680623t: no usable pages in manifest.,2026-07-17T20:37:15.167651
leconstitutionnel,bpt6k6806246,,failed,0,0,,no_usable_pages,known,,,bpt6k6806246: no usable pages in manifest.,2026-07-17T20:37:15.237876
leconstitutionnel,bpt6k680625k,,failed,0,0,,no_usable_pages,known,,,bpt6k680625k: no usable pages in manifest.,2026-07-17T20:37:15.303440
leconstitutionnel,bpt6k680626z,,failed,0,0,,no_usable_pages,known,,,bpt6k680626z: no usable pages in manifest.,2026-07-17T20:37:15.511598
leconstitutionnel,bpt6k680627b,,failed,0,0,,no_usable_pages,known,,,bpt6k680627b: no usable pages in manifest.,2026-07-17T20:37:15.608059
leconstitutionnel,bpt6k680628q,,failed,0,0,,no_usable_pages,known,,,bpt6k680628q: no usable pages in manifest.,2026-07-17T20:37:15.665614
leconstitutionnel,bpt6k6806293,,failed,0,0,,no_usable_pages,known,,,bpt6k6806293: no usable pages in manifest.,2026-07-17T20:37:15.754224
leconstitutionnel,bpt6k6806301,,failed,0,0,,no_usable_pages,known,,,bpt6k6806301: no usable pages in manifest.,2026-07-17T20:37:15.836463
leconstitutionnel,bpt6k680631d,,failed,0,0,,no_usable_pages,known,,,bpt6k680631d: no usable pages in manifest.,2026-07-17T20:37:15.908557
leconstitutionnel,bpt6k680632s,,failed,0,0,,no_usable_pages,known,,,bpt6k680632s: no usable pages in manifest.,2026-07-17T20:37:16.007407
leconstitutionnel,bpt6k6806335,,failed,0,0,,no_usable_pages,known,,,bpt6k6806335: no usable pages in manifest.,2026-07-17T20:37:16.084093
leconstitutionnel,bpt6k680634j,,failed,0,0,,no_usable_pages,known,,,bpt6k680634j: no usable pages in manifest.,2026-07-17T20:37:16.157376
leconstitutionnel,bpt6k680635x,,failed,0,0,,no_usable_pages,known,,,bpt6k680635x: no usable pages in manifest.,2026-07-17T20:37:16.205380
leconstitutionnel,bpt6k6806369,,failed,0,0,,no_usable_pages,known,,,bpt6k6806369: no usable pages in manifest.,2026-07-17T20:37:16.275995
leconstitutionnel,bpt6k680637p,,failed,0,0,,no_usable_pages,known,,,bpt6k680637p: no usable pages in manifest.,2026-07-17T20:37:16.334323
leconstitutionnel,bpt6k6806382,,failed,0,0,,no_usable_pages,known,,,bpt6k6806382: no usable pages in manifest.,2026-07-17T20:37:16.425038
leconstitutionnel,bpt6k680639f,,failed,0,0,,no_usable_pages,known,,,bpt6k680639f: no usable pages in manifest.,2026-07-17T20:37:16.503995
leconstitutionnel,bpt6k680640c,,failed,0,0,,no_usable_pages,known,,,bpt6k680640c: no usable pages in manifest.,2026-07-17T20:37:16.564254
leconstitutionnel,bpt6k680641r,,failed,0,0,,no_usable_pages,known,,,bpt6k680641r: no usable pages in manifest.,2026-07-17T20:37:16.643026
leconstitutionnel,bpt6k6806424,,failed,0,0,,no_usable_pages,known,,,bpt6k6806424: no usable pages in manifest.,2026-07-17T20:37:16.733372
leconstitutionnel,bpt6k680643h,,failed,0,0,,no_usable_pages,known,,,bpt6k680643h: no usable pages in manifest.,2026-07-17T20:37:16.900697
leconstitutionnel,bpt6k680644w,,failed,0,0,,no_usable_pages,known,,,bpt6k680644w: no usable pages in manifest.,2026-07-17T20:37:17.085204
leconstitutionnel,bpt6k6806458,,failed,0,0,,no_usable_pages,known,,,bpt6k6806458: no usable pages in manifest.,2026-07-17T20:37:17.205021
leconstitutionnel,bpt6k680646n,,failed,0,0,,no_usable_pages,known,,,bpt6k680646n: no usable pages in manifest.,2026-07-17T20:37:17.337703
leconstitutionnel,bpt6k6806471,,failed,0,0,,no_usable_pages,known,,,bpt6k6806471: no usable pages in manifest.,2026-07-17T20:37:17.391918
leconstitutionnel,bpt6k680648d,,failed,0,0,,no_usable_pages,known,,,bpt6k680648d: no usable pages in manifest.,2026-07-17T20:37:17.504862
leconstitutionnel,bpt6k680649s,,failed,0,0,,no_usable_pages,known,,,bpt6k680649s: no usable pages in manifest.,2026-07-17T20:37:17.608008
leconstitutionnel,bpt6k680650q,,failed,0,0,,no_usable_pages,known,,,bpt6k680650q: no usable pages in manifest.,2026-07-17T20:37:17.663516
leconstitutionnel,bpt6k6806513,,failed,0,0,,no_usable_pages,known,,,bpt6k6806513: no usable pages in manifest.,2026-07-17T20:37:17.746967
leconstitutionnel,bpt6k680652g,,failed,0,0,,no_usable_pages,known,,,bpt6k680652g: no usable pages in manifest.,2026-07-17T20:37:17.833565
leconstitutionnel,bpt6k680653v,,failed,0,0,,no_usable_pages,known,,,bpt6k680653v: no usable pages in manifest.,2026-07-17T20:37:17.904385
leconstitutionnel,bpt6k6806547,,failed,0,0,,no_usable_pages,known,,,bpt6k6806547: no usable pages in manifest.,2026-07-17T20:37:17.996017
leconstitutionnel,bpt6k680655m,,failed,0,0,,no_usable_pages,known,,,bpt6k680655m: no usable pages in manifest.,2026-07-17T20:37:18.058103
leconstitutionnel,bpt6k6806560,,failed,0,0,,no_usable_pages,known,,,bpt6k6806560: no usable pages in manifest.,2026-07-17T20:37:18.121086
leconstitutionnel,bpt6k680657c,,failed,0,0,,no_usable_pages,known,,,bpt6k680657c: no usable pages in manifest.,2026-07-17T20:37:18.207523
leconstitutionnel,bpt6k680658r,,failed,0,0,,no_usable_pages,known,,,bpt6k680658r: no usable pages in manifest.,2026-07-17T20:37:18.288222
leconstitutionnel,bpt6k6806594,,failed,0,0,,no_usable_pages,known,,,bpt6k6806594: no usable pages in manifest.,2026-07-17T20:37:18.386722
leconstitutionnel,bpt6k6806602,,failed,0,0,,no_usable_pages,known,,,bpt6k6806602: no usable pages in manifest.,2026-07-17T20:37:18.447473
leconstitutionnel,bpt6k680661f,,failed,0,0,,no_usable_pages,known,,,bpt6k680661f: no usable pages in manifest.,2026-07-17T20:37:18.754075
leconstitutionnel,bpt6k680662t,,failed,0,0,,no_usable_pages,known,,,bpt6k680662t: no usable pages in manifest.,2026-07-17T20:37:18.843069
leconstitutionnel,bpt6k6806636,,failed,0,0,,no_usable_pages,known,,,bpt6k6806636: no usable pages in manifest.,2026-07-17T20:37:18.941966
leconstitutionnel,bpt6k680664k,,failed,0,0,,no_usable_pages,known,,,bpt6k680664k: no usable pages in manifest.,2026-07-17T20:37:19.015348
leconstitutionnel,bpt6k680665z,,failed,0,0,,no_usable_pages,known,,,bpt6k680665z: no usable pages in manifest.,2026-07-17T20:37:19.093655
leconstitutionnel,bpt6k680666b,,failed,0,0,,no_usable_pages,known,,,bpt6k680666b: no usable pages in manifest.,2026-07-17T20:37:19.173570
leconstitutionnel,bpt6k680667q,,failed,0,0,,no_usable_pages,known,,,bpt6k680667q: no usable pages in manifest.,2026-07-17T20:37:19.241150
leconstitutionnel,bpt6k6806683,,failed,0,0,,no_usable_pages,known,,,bpt6k6806683: no usable pages in manifest.,2026-07-17T20:37:19.299707
leconstitutionnel,bpt6k680669g,,failed,0,0,,no_usable_pages,known,,,bpt6k680669g: no usable pages in manifest.,2026-07-17T20:37:19.371977
leconstitutionnel,bpt6k680670d,,failed,0,0,,no_usable_pages,known,,,bpt6k680670d: no usable pages in manifest.,2026-07-17T20:37:19.441876
leconstitutionnel,bpt6k680671s,,failed,0,0,,no_usable_pages,known,,,bpt6k680671s: no usable pages in manifest.,2026-07-17T20:37:19.522581
leconstitutionnel,bpt6k6806725,,failed,0,0,,no_usable_pages,known,,,bpt6k6806725: no usable pages in manifest.,2026-07-17T20:37:19.613886
leconstitutionnel,bpt6k680673j,,failed,0,0,,no_usable_pages,known,,,bpt6k680673j: no usable pages in manifest.,2026-07-17T20:37:19.698988
leconstitutionnel,bpt6k680674x,,failed,0,0,,no_usable_pages,known,,,bpt6k680674x: no usable pages in manifest.,2026-07-17T20:37:19.817125
leconstitutionnel,bpt6k6806759,,failed,0,0,,no_usable_pages,known,,,bpt6k6806759: no usable pages in manifest.,2026-07-17T20:37:19.945454
leconstitutionnel,bpt6k680676p,,failed,0,0,,no_usable_pages,known,,,bpt6k680676p: no usable pages in manifest.,2026-07-17T20:37:20.078865
leconstitutionnel,bpt6k6806772,,failed,0,0,,no_usable_pages,known,,,bpt6k6806772: no usable pages in manifest.,2026-07-17T20:37:20.239656
leconstitutionnel,bpt6k680678f,,failed,0,0,,no_usable_pages,known,,,bpt6k680678f: no usable pages in manifest.,2026-07-17T20:37:20.386207
leconstitutionnel,bpt6k680679t,,failed,0,0,,no_usable_pages,known,,,bpt6k680679t: no usable pages in manifest.,2026-07-17T20:37:20.482003
leconstitutionnel,bpt6k680680r,,failed,0,0,,no_usable_pages,known,,,bpt6k680680r: no usable pages in manifest.,2026-07-17T20:37:20.545547
leconstitutionnel,bpt6k6806814,,failed,0,0,,no_usable_pages,known,,,bpt6k6806814: no usable pages in manifest.,2026-07-17T20:37:20.683428
leconstitutionnel,bpt6k680682h,,failed,0,0,,no_usable_pages,known,,,bpt6k680682h: no usable pages in manifest.,2026-07-17T20:37:20.792154
leconstitutionnel,bpt6k680683w,,failed,0,0,,no_usable_pages,known,,,bpt6k680683w: no usable pages in manifest.,2026-07-17T20:37:20.904294
leconstitutionnel,bpt6k6806848,,failed,0,0,,no_usable_pages,known,,,bpt6k6806848: no usable pages in manifest.,2026-07-17T20:37:20.994244
leconstitutionnel,bpt6k680685n,,failed,0,0,,no_usable_pages,known,,,bpt6k680685n: no usable pages in manifest.,2026-07-17T20:37:21.062961
leconstitutionnel,bpt6k6806861,,failed,0,0,,no_usable_pages,known,,,bpt6k6806861: no usable pages in manifest.,2026-07-17T20:37:21.114909
leconstitutionnel,bpt6k680687d,,failed,0,0,,no_usable_pages,known,,,bpt6k680687d: no usable pages in manifest.,2026-07-17T20:37:21.171230
leconstitutionnel,bpt6k680688s,,failed,0,0,,no_usable_pages,known,,,bpt6k680688s: no usable pages in manifest.,2026-07-17T20:37:21.230425
leconstitutionnel,bpt6k6806895,,failed,0,0,,no_usable_pages,known,,,bpt6k6806895: no usable pages in manifest.,2026-07-17T20:37:21.299677
leconstitutionnel,bpt6k6806903,,failed,0,0,,no_usable_pages,known,,,bpt6k6806903: no usable pages in manifest.,2026-07-17T20:37:21.353302
leconstitutionnel,bpt6k680691g,,failed,0,0,,no_usable_pages,known,,,bpt6k680691g: no usable pages in manifest.,2026-07-17T20:37:21.425918
leconstitutionnel,bpt6k680692v,,failed,0,0,,no_usable_pages,known,,,bpt6k680692v: no usable pages in manifest.,2026-07-17T20:37:21.490718
leconstitutionnel,bpt6k6806937,,failed,0,0,,no_usable_pages,known,,,bpt6k6806937: no usable pages in manifest.,2026-07-17T20:37:21.595428
leconstitutionnel,bpt6k680694m,,failed,0,0,,no_usable_pages,known,,,bpt6k680694m: no usable pages in manifest.,2026-07-17T20:37:21.656589
leconstitutionnel,bpt6k6806950,,failed,0,0,,no_usable_pages,known,,,bpt6k6806950: no usable pages in manifest.,2026-07-17T20:37:21.823309
leconstitutionnel,bpt6k680696c,,failed,0,0,,no_usable_pages,known,,,bpt6k680696c: no usable pages in manifest.,2026-07-17T20:37:21.901162
leconstitutionnel,bpt6k680697r,,failed,0,0,,no_usable_pages,known,,,bpt6k680697r: no usable pages in manifest.,2026-07-17T20:37:22.007513
leconstitutionnel,bpt6k6806984,,failed,0,0,,no_usable_pages,known,,,bpt6k6806984: no usable pages in manifest.,2026-07-17T20:37:22.080234
leconstitutionnel,bpt6k680699h,,failed,0,0,,no_usable_pages,known,,,bpt6k680699h: no usable pages in manifest.,2026-07-17T20:37:22.150917
leconstitutionnel,bpt6k6807009,,failed,0,0,,no_usable_pages,known,,,bpt6k6807009: no usable pages in manifest.,2026-07-17T20:37:22.215940
leconstitutionnel,bpt6k680701p,,failed,0,0,,no_usable_pages,known,,,bpt6k680701p: no usable pages in manifest.,2026-07-17T20:37:22.284516
leconstitutionnel,bpt6k6807022,,failed,0,0,,no_usable_pages,known,,,bpt6k6807022: no usable pages in manifest.,2026-07-17T20:37:22.364153
leconstitutionnel,bpt6k680703f,,failed,0,0,,no_usable_pages,known,,,bpt6k680703f: no usable pages in manifest.,2026-07-17T20:37:22.448491
leconstitutionnel,bpt6k680704t,,failed,0,0,,no_usable_pages,known,,,bpt6k680704t: no usable pages in manifest.,2026-07-17T20:37:22.520321
leconstitutionnel,bpt6k6807056,,failed,0,0,,no_usable_pages,known,,,bpt6k6807056: no usable pages in manifest.,2026-07-17T20:37:22.611327
leconstitutionnel,bpt6k680706k,,failed,0,0,,no_usable_pages,known,,,bpt6k680706k: no usable pages in manifest.,2026-07-17T20:37:22.693809
leconstitutionnel,bpt6k680707z,,failed,0,0,,no_usable_pages,known,,,bpt6k680707z: no usable pages in manifest.,2026-07-17T20:37:22.777108
leconstitutionnel,bpt6k680708b,,failed,0,0,,no_usable_pages,known,,,bpt6k680708b: no usable pages in manifest.,2026-07-17T20:37:22.856381
leconstitutionnel,bpt6k680709q,,failed,0,0,,no_usable_pages,known,,,bpt6k680709q: no usable pages in manifest.,2026-07-17T20:37:22.952813
leconstitutionnel,bpt6k680710n,,failed,0,0,,no_usable_pages,known,,,bpt6k680710n: no usable pages in manifest.,2026-07-17T20:37:23.069824
leconstitutionnel,bpt6k6807111,,failed,0,0,,no_usable_pages,known,,,bpt6k6807111: no usable pages in manifest.,2026-07-17T20:37:23.133604
leconstitutionnel,bpt6k680712d,,failed,0,0,,no_usable_pages,known,,,bpt6k680712d: no usable pages in manifest.,2026-07-17T20:37:23.194681
leconstitutionnel,bpt6k680713s,,failed,0,0,,no_usable_pages,known,,,bpt6k680713s: no usable pages in manifest.,2026-07-17T20:37:23.358269
leconstitutionnel,bpt6k6807145,,failed,0,0,,no_usable_pages,known,,,bpt6k6807145: no usable pages in manifest.,2026-07-17T20:37:23.481167
leconstitutionnel,bpt6k680715j,,failed,0,0,,no_usable_pages,known,,,bpt6k680715j: no usable pages in manifest.,2026-07-17T20:37:23.538944
leconstitutionnel,bpt6k680716x,,failed,0,0,,no_usable_pages,known,,,bpt6k680716x: no usable pages in manifest.,2026-07-17T20:37:23.606877
leconstitutionnel,bpt6k6807179,,failed,0,0,,no_usable_pages,known,,,bpt6k6807179: no usable pages in manifest.,2026-07-17T20:37:23.669030
leconstitutionnel,bpt6k680718p,,failed,0,0,,no_usable_pages,known,,,bpt6k680718p: no usable pages in manifest.,2026-07-17T20:37:23.744262
leconstitutionnel,bpt6k6807192,,failed,0,0,,no_usable_pages,known,,,bpt6k6807192: no usable pages in manifest.,2026-07-17T20:37:23.863366
leconstitutionnel,bpt6k6807200,,failed,0,0,,no_usable_pages,known,,,bpt6k6807200: no usable pages in manifest.,2026-07-17T20:37:23.959984
leconstitutionnel,bpt6k680721c,,failed,0,0,,no_usable_pages,known,,,bpt6k680721c: no usable pages in manifest.,2026-07-17T20:37:24.083074
leconstitutionnel,bpt6k680722r,,failed,0,0,,no_usable_pages,known,,,bpt6k680722r: no usable pages in manifest.,2026-07-17T20:37:24.210618
leconstitutionnel,bpt6k6807234,,failed,0,0,,no_usable_pages,known,,,bpt6k6807234: no usable pages in manifest.,2026-07-17T20:37:24.309640
leconstitutionnel,bpt6k680724h,,failed,0,0,,no_usable_pages,known,,,bpt6k680724h: no usable pages in manifest.,2026-07-17T20:37:24.375819
leconstitutionnel,bpt6k680725w,,failed,0,0,,no_usable_pages,known,,,bpt6k680725w: no usable pages in manifest.,2026-07-17T20:37:24.458150
leconstitutionnel,bpt6k6807268,,failed,0,0,,no_usable_pages,known,,,bpt6k6807268: no usable pages in manifest.,2026-07-17T20:37:24.537284
leconstitutionnel,bpt6k680727n,,failed,0,0,,no_usable_pages,known,,,bpt6k680727n: no usable pages in manifest.,2026-07-17T20:37:24.627437
leconstitutionnel,bpt6k6807281,,failed,0,0,,no_usable_pages,known,,,bpt6k6807281: no usable pages in manifest.,2026-07-17T20:37:24.728373
leconstitutionnel,bpt6k680729d,,failed,0,0,,no_usable_pages,known,,,bpt6k680729d: no usable pages in manifest.,2026-07-17T20:37:24.834732
leconstitutionnel,bpt6k680730b,,failed,0,0,,no_usable_pages,known,,,bpt6k680730b: no usable pages in manifest.,2026-07-17T20:37:24.919886
leconstitutionnel,bpt6k680731q,,failed,0,0,,no_usable_pages,known,,,bpt6k680731q: no usable pages in manifest.,2026-07-17T20:37:25.015153
leconstitutionnel,bpt6k6807323,,failed,0,0,,no_usable_pages,known,,,bpt6k6807323: no usable pages in manifest.,2026-07-17T20:37:25.126291
leconstitutionnel,bpt6k680733g,,failed,0,0,,no_usable_pages,known,,,bpt6k680733g: no usable pages in manifest.,2026-07-17T20:37:25.196345
leconstitutionnel,bpt6k680734v,,failed,0,0,,no_usable_pages,known,,,bpt6k680734v: no usable pages in manifest.,2026-07-17T20:37:25.266428
leconstitutionnel,bpt6k6807357,,failed,0,0,,no_usable_pages,known,,,bpt6k6807357: no usable pages in manifest.,2026-07-17T20:37:25.330385
leconstitutionnel,bpt6k680736m,,failed,0,0,,no_usable_pages,known,,,bpt6k680736m: no usable pages in manifest.,2026-07-17T20:37:25.388685
leconstitutionnel,bpt6k6807370,,failed,0,0,,no_usable_pages,known,,,bpt6k6807370: no usable pages in manifest.,2026-07-17T20:37:25.461505
leconstitutionnel,bpt6k680738c,,failed,0,0,,no_usable_pages,known,,,bpt6k680738c: no usable pages in manifest.,2026-07-17T20:37:25.507863
leconstitutionnel,bpt6k680739r,,failed,0,0,,no_usable_pages,known,,,bpt6k680739r: no usable pages in manifest.,2026-07-17T20:37:25.570593
leconstitutionnel,bpt6k680740p,,failed,0,0,,no_usable_pages,known,,,bpt6k680740p: no usable pages in manifest.,2026-07-17T20:37:25.618628
leconstitutionnel,bpt6k6807412,,failed,0,0,,no_usable_pages,known,,,bpt6k6807412: no usable pages in manifest.,2026-07-17T20:37:25.691766
leconstitutionnel,bpt6k680742f,,failed,0,0,,no_usable_pages,known,,,bpt6k680742f: no usable pages in manifest.,2026-07-17T20:37:25.754399
leconstitutionnel,bpt6k680743t,,failed,0,0,,no_usable_pages,known,,,bpt6k680743t: no usable pages in manifest.,2026-07-17T20:37:25.818502
leconstitutionnel,bpt6k6807446,,failed,0,0,,no_usable_pages,known,,,bpt6k6807446: no usable pages in manifest.,2026-07-17T20:37:25.896192
leconstitutionnel,bpt6k680745k,,failed,0,0,,no_usable_pages,known,,,bpt6k680745k: no usable pages in manifest.,2026-07-17T20:37:25.956291
leconstitutionnel,bpt6k680746z,,failed,0,0,,no_usable_pages,known,,,bpt6k680746z: no usable pages in manifest.,2026-07-17T20:37:26.033776
leconstitutionnel,bpt6k680747b,,failed,0,0,,no_usable_pages,known,,,bpt6k680747b: no usable pages in manifest.,2026-07-17T20:37:26.251706
leconstitutionnel,bpt6k680748q,,failed,0,0,,no_usable_pages,known,,,bpt6k680748q: no usable pages in manifest.,2026-07-17T20:37:26.328920
leconstitutionnel,bpt6k6807493,,failed,0,0,,no_usable_pages,known,,,bpt6k6807493: no usable pages in manifest.,2026-07-17T20:37:26.415174
leconstitutionnel,bpt6k6807501,,failed,0,0,,no_usable_pages,known,,,bpt6k6807501: no usable pages in manifest.,2026-07-17T20:37:26.488879
leconstitutionnel,bpt6k680751d,,failed,0,0,,no_usable_pages,known,,,bpt6k680751d: no usable pages in manifest.,2026-07-17T20:37:26.566767
leconstitutionnel,bpt6k680752s,,failed,0,0,,no_usable_pages,known,,,bpt6k680752s: no usable pages in manifest.,2026-07-17T20:37:26.646213
leconstitutionnel,bpt6k6807535,,failed,0,0,,no_usable_pages,known,,,bpt6k6807535: no usable pages in manifest.,2026-07-17T20:37:26.732320
leconstitutionnel,bpt6k680754j,,failed,0,0,,no_usable_pages,known,,,bpt6k680754j: no usable pages in manifest.,2026-07-17T20:37:26.812379
leconstitutionnel,bpt6k680755x,,failed,0,0,,no_usable_pages,known,,,bpt6k680755x: no usable pages in manifest.,2026-07-17T20:37:26.877132
leconstitutionnel,bpt6k6807569,,failed,0,0,,no_usable_pages,known,,,bpt6k6807569: no usable pages in manifest.,2026-07-17T20:37:26.971701
leconstitutionnel,bpt6k680757p,,failed,0,0,,no_usable_pages,known,,,bpt6k680757p: no usable pages in manifest.,2026-07-17T20:37:27.053303
leconstitutionnel,bpt6k6807582,,failed,0,0,,no_usable_pages,known,,,bpt6k6807582: no usable pages in manifest.,2026-07-17T20:37:27.170621
leconstitutionnel,bpt6k680759f,,failed,0,0,,no_usable_pages,known,,,bpt6k680759f: no usable pages in manifest.,2026-07-17T20:37:27.280333
leconstitutionnel,bpt6k680760c,,failed,0,0,,no_usable_pages,known,,,bpt6k680760c: no usable pages in manifest.,2026-07-17T20:37:27.358588
leconstitutionnel,bpt6k680761r,,failed,0,0,,no_usable_pages,known,,,bpt6k680761r: no usable pages in manifest.,2026-07-17T20:37:27.422012
leconstitutionnel,bpt6k6807624,,failed,0,0,,no_usable_pages,known,,,bpt6k6807624: no usable pages in manifest.,2026-07-17T20:37:27.485152
leconstitutionnel,bpt6k680763h,,failed,0,0,,no_usable_pages,known,,,bpt6k680763h: no usable pages in manifest.,2026-07-17T20:37:27.632309
leconstitutionnel,bpt6k680764w,,failed,0,0,,no_usable_pages,known,,,bpt6k680764w: no usable pages in manifest.,2026-07-17T20:37:27.742218
leconstitutionnel,bpt6k6807658,,failed,0,0,,no_usable_pages,known,,,bpt6k6807658: no usable pages in manifest.,2026-07-17T20:37:27.811555
leconstitutionnel,bpt6k680766n,,failed,0,0,,no_usable_pages,known,,,bpt6k680766n: no usable pages in manifest.,2026-07-17T20:37:27.885589
leconstitutionnel,bpt6k6807671,,failed,0,0,,no_usable_pages,known,,,bpt6k6807671: no usable pages in manifest.,2026-07-17T20:37:27.971067
leconstitutionnel,bpt6k680768d,,failed,0,0,,no_usable_pages,known,,,bpt6k680768d: no usable pages in manifest.,2026-07-17T20:37:28.064635
leconstitutionnel,bpt6k680769s,,failed,0,0,,no_usable_pages,known,,,bpt6k680769s: no usable pages in manifest.,2026-07-17T20:37:28.152361
leconstitutionnel,bpt6k680770q,,failed,0,0,,no_usable_pages,known,,,bpt6k680770q: no usable pages in manifest.,2026-07-17T20:37:28.218183
leconstitutionnel,bpt6k6807713,,failed,0,0,,no_usable_pages,known,,,bpt6k6807713: no usable pages in manifest.,2026-07-17T20:37:28.316389
leconstitutionnel,bpt6k680772g,,failed,0,0,,no_usable_pages,known,,,bpt6k680772g: no usable pages in manifest.,2026-07-17T20:37:28.404374
leconstitutionnel,bpt6k680773v,,failed,0,0,,no_usable_pages,known,,,bpt6k680773v: no usable pages in manifest.,2026-07-17T20:37:28.474553
leconstitutionnel,bpt6k6807747,,failed,0,0,,no_usable_pages,known,,,bpt6k6807747: no usable pages in manifest.,2026-07-17T20:37:28.557722
leconstitutionnel,bpt6k680775m,,failed,0,0,,no_usable_pages,known,,,bpt6k680775m: no usable pages in manifest.,2026-07-17T20:37:28.641363
leconstitutionnel,bpt6k6807760,,failed,0,0,,no_usable_pages,known,,,bpt6k6807760: no usable pages in manifest.,2026-07-17T20:37:28.731869
leconstitutionnel,bpt6k680777c,,failed,0,0,,no_usable_pages,known,,,bpt6k680777c: no usable pages in manifest.,2026-07-17T20:37:28.826921
leconstitutionnel,bpt6k680778r,,failed,0,0,,no_usable_pages,known,,,bpt6k680778r: no usable pages in manifest.,2026-07-17T20:37:28.910748
leconstitutionnel,bpt6k6807794,,failed,0,0,,no_usable_pages,known,,,bpt6k6807794: no usable pages in manifest.,2026-07-17T20:37:29.053137
leconstitutionnel,bpt6k6807802,,failed,0,0,,no_usable_pages,known,,,bpt6k6807802: no usable pages in manifest.,2026-07-17T20:37:29.185263
leconstitutionnel,bpt6k680781f,,failed,0,0,,no_usable_pages,known,,,bpt6k680781f: no usable pages in manifest.,2026-07-17T20:37:29.305949
leconstitutionnel,bpt6k680782t,,failed,0,0,,no_usable_pages,known,,,bpt6k680782t: no usable pages in manifest.,2026-07-17T20:37:29.404736
leconstitutionnel,bpt6k6807836,,failed,0,0,,no_usable_pages,known,,,bpt6k6807836: no usable pages in manifest.,2026-07-17T20:37:29.464364
leconstitutionnel,bpt6k680784k,,failed,0,0,,no_usable_pages,known,,,bpt6k680784k: no usable pages in manifest.,2026-07-17T20:37:29.545281
leconstitutionnel,bpt6k680785z,,failed,0,0,,no_usable_pages,known,,,bpt6k680785z: no usable pages in manifest.,2026-07-17T20:37:29.606016
leconstitutionnel,bpt6k680786b,,failed,0,0,,no_usable_pages,known,,,bpt6k680786b: no usable pages in manifest.,2026-07-17T20:37:29.687779
leconstitutionnel,bpt6k680787q,,failed,0,0,,no_usable_pages,known,,,bpt6k680787q: no usable pages in manifest.,2026-07-17T20:37:29.752155
leconstitutionnel,bpt6k6807883,,failed,0,0,,no_usable_pages,known,,,bpt6k6807883: no usable pages in manifest.,2026-07-17T20:37:29.814762
leconstitutionnel,bpt6k680789g,,failed,0,0,,no_usable_pages,known,,,bpt6k680789g: no usable pages in manifest.,2026-07-17T20:37:29.897288
leconstitutionnel,bpt6k680790d,,failed,0,0,,no_usable_pages,known,,,bpt6k680790d: no usable pages in manifest.,2026-07-17T20:37:29.964757
leconstitutionnel,bpt6k680791s,,failed,0,0,,no_usable_pages,known,,,bpt6k680791s: no usable pages in manifest.,2026-07-17T20:37:30.044050
leconstitutionnel,bpt6k6807925,,failed,0,0,,no_usable_pages,known,,,bpt6k6807925: no usable pages in manifest.,2026-07-17T20:37:30.108192
leconstitutionnel,bpt6k680793j,,failed,0,0,,no_usable_pages,known,,,bpt6k680793j: no usable pages in manifest.,2026-07-17T20:37:30.180307
leconstitutionnel,bpt6k680794x,,failed,0,0,,no_usable_pages,known,,,bpt6k680794x: no usable pages in manifest.,2026-07-17T20:37:30.246320
leconstitutionnel,bpt6k6807959,,failed,0,0,,no_usable_pages,known,,,bpt6k6807959: no usable pages in manifest.,2026-07-17T20:37:30.348230
leconstitutionnel,bpt6k680796p,,failed,0,0,,no_usable_pages,known,,,bpt6k680796p: no usable pages in manifest.,2026-07-17T20:37:30.440494
leconstitutionnel,bpt6k6807972,,failed,0,0,,no_usable_pages,known,,,bpt6k6807972: no usable pages in manifest.,2026-07-17T20:37:30.497623
leconstitutionnel,bpt6k680798f,,failed,0,0,,no_usable_pages,known,,,bpt6k680798f: no usable pages in manifest.,2026-07-17T20:37:30.623396
leconstitutionnel,bpt6k680799t,,failed,0,0,,no_usable_pages,known,,,bpt6k680799t: no usable pages in manifest.,2026-07-17T20:37:30.697201
leconstitutionnel,bpt6k680800m,,failed,0,0,,no_usable_pages,known,,,bpt6k680800m: no usable pages in manifest.,2026-07-17T20:37:30.791993
leconstitutionnel,bpt6k6808010,,failed,0,0,,no_usable_pages,known,,,bpt6k6808010: no usable pages in manifest.,2026-07-17T20:37:30.865309
leconstitutionnel,bpt6k680802c,,failed,0,0,,no_usable_pages,known,,,bpt6k680802c: no usable pages in manifest.,2026-07-17T20:37:30.913630
leconstitutionnel,bpt6k680803r,,failed,0,0,,no_usable_pages,known,,,bpt6k680803r: no usable pages in manifest.,2026-07-17T20:37:30.976611
leconstitutionnel,bpt6k6808044,,failed,0,0,,no_usable_pages,known,,,bpt6k6808044: no usable pages in manifest.,2026-07-17T20:37:31.041220
leconstitutionnel,bpt6k680805h,,failed,0,0,,no_usable_pages,known,,,bpt6k680805h: no usable pages in manifest.,2026-07-17T20:37:31.151011
leconstitutionnel,bpt6k680806w,,failed,0,0,,no_usable_pages,known,,,bpt6k680806w: no usable pages in manifest.,2026-07-17T20:37:31.218912
leconstitutionnel,bpt6k6808078,,failed,0,0,,no_usable_pages,known,,,bpt6k6808078: no usable pages in manifest.,2026-07-17T20:37:31.283192
leconstitutionnel,bpt6k680808n,,failed,0,0,,no_usable_pages,known,,,bpt6k680808n: no usable pages in manifest.,2026-07-17T20:37:31.371161
leconstitutionnel,bpt6k6808091,,failed,0,0,,no_usable_pages,known,,,bpt6k6808091: no usable pages in manifest.,2026-07-17T20:37:31.448984
leconstitutionnel,bpt6k680810z,,failed,0,0,,no_usable_pages,known,,,bpt6k680810z: no usable pages in manifest.,2026-07-17T20:37:31.516048
leconstitutionnel,bpt6k680811b,,failed,0,0,,no_usable_pages,known,,,bpt6k680811b: no usable pages in manifest.,2026-07-17T20:37:31.579601
leconstitutionnel,bpt6k680812q,,failed,0,0,,no_usable_pages,known,,,bpt6k680812q: no usable pages in manifest.,2026-07-17T20:37:31.633416
leconstitutionnel,bpt6k6808133,,failed,0,0,,no_usable_pages,known,,,bpt6k6808133: no usable pages in manifest.,2026-07-17T20:37:31.692442
leconstitutionnel,bpt6k680814g,,failed,0,0,,no_usable_pages,known,,,bpt6k680814g: no usable pages in manifest.,2026-07-17T20:37:31.765276
leconstitutionnel,bpt6k680815v,,failed,0,0,,no_usable_pages,known,,,bpt6k680815v: no usable pages in manifest.,2026-07-17T20:37:31.824917
leconstitutionnel,bpt6k6808167,,failed,0,0,,no_usable_pages,known,,,bpt6k6808167: no usable pages in manifest.,2026-07-17T20:37:31.881450
leconstitutionnel,bpt6k680817m,,failed,0,0,,no_usable_pages,known,,,bpt6k680817m: no usable pages in manifest.,2026-07-17T20:37:31.936500
leconstitutionnel,bpt6k6808180,,failed,0,0,,no_usable_pages,known,,,bpt6k6808180: no usable pages in manifest.,2026-07-17T20:37:32.008605
leconstitutionnel,bpt6k680819c,,failed,0,0,,no_usable_pages,known,,,bpt6k680819c: no usable pages in manifest.,2026-07-17T20:37:32.155505
leconstitutionnel,bpt6k6808209,,failed,0,0,,no_usable_pages,known,,,bpt6k6808209: no usable pages in manifest.,2026-07-17T20:37:32.246020
leconstitutionnel,bpt6k680821p,,failed,0,0,,no_usable_pages,known,,,bpt6k680821p: no usable pages in manifest.,2026-07-17T20:37:32.329426
leconstitutionnel,bpt6k6808222,,failed,0,0,,no_usable_pages,known,,,bpt6k6808222: no usable pages in manifest.,2026-07-17T20:37:32.408298
leconstitutionnel,bpt6k680823f,,failed,0,0,,no_usable_pages,known,,,bpt6k680823f: no usable pages in manifest.,2026-07-17T20:37:32.494027
leconstitutionnel,bpt6k680824t,,failed,0,0,,no_usable_pages,known,,,bpt6k680824t: no usable pages in manifest.,2026-07-17T20:37:32.552208
leconstitutionnel,bpt6k6808256,,failed,0,0,,no_usable_pages,known,,,bpt6k6808256: no usable pages in manifest.,2026-07-17T20:37:32.612129
leconstitutionnel,bpt6k680826k,,failed,0,0,,no_usable_pages,known,,,bpt6k680826k: no usable pages in manifest.,2026-07-17T20:37:32.671162
leconstitutionnel,bpt6k680827z,,failed,0,0,,no_usable_pages,known,,,bpt6k680827z: no usable pages in manifest.,2026-07-17T20:37:32.735639
leconstitutionnel,bpt6k680828b,,failed,0,0,,no_usable_pages,known,,,bpt6k680828b: no usable pages in manifest.,2026-07-17T20:37:32.811232
leconstitutionnel,bpt6k680829q,,failed,0,0,,no_usable_pages,known,,,bpt6k680829q: no usable pages in manifest.,2026-07-17T20:37:32.893208
leconstitutionnel,bpt6k680830n,,failed,0,0,,no_usable_pages,known,,,bpt6k680830n: no usable pages in manifest.,2026-07-17T20:37:32.964186
leconstitutionnel,bpt6k6808311,,failed,0,0,,no_usable_pages,known,,,bpt6k6808311: no usable pages in manifest.,2026-07-17T20:37:33.012761
leconstitutionnel,bpt6k680832d,,failed,0,0,,no_usable_pages,known,,,bpt6k680832d: no usable pages in manifest.,2026-07-17T20:37:33.076481
leconstitutionnel,bpt6k680833s,,failed,0,0,,no_usable_pages,known,,,bpt6k680833s: no usable pages in manifest.,2026-07-17T20:37:33.147436
leconstitutionnel,bpt6k6808345,,failed,0,0,,no_usable_pages,known,,,bpt6k6808345: no usable pages in manifest.,2026-07-17T20:37:33.229601
leconstitutionnel,bpt6k680835j,,failed,0,0,,no_usable_pages,known,,,bpt6k680835j: no usable pages in manifest.,2026-07-17T20:37:33.317569
leconstitutionnel,bpt6k680836x,,failed,0,0,,no_usable_pages,known,,,bpt6k680836x: no usable pages in manifest.,2026-07-17T20:37:33.395638
leconstitutionnel,bpt6k6808379,,failed,0,0,,no_usable_pages,known,,,bpt6k6808379: no usable pages in manifest.,2026-07-17T20:37:33.608663
leconstitutionnel,bpt6k680838p,,failed,0,0,,no_usable_pages,known,,,bpt6k680838p: no usable pages in manifest.,2026-07-17T20:37:33.718794
leconstitutionnel,bpt6k6808392,,failed,0,0,,no_usable_pages,known,,,bpt6k6808392: no usable pages in manifest.,2026-07-17T20:37:33.808677
leconstitutionnel,bpt6k6808400,,failed,0,0,,no_usable_pages,known,,,bpt6k6808400: no usable pages in manifest.,2026-07-17T20:37:33.909564
leconstitutionnel,bpt6k680841c,,failed,0,0,,no_usable_pages,known,,,bpt6k680841c: no usable pages in manifest.,2026-07-17T20:37:33.981318
leconstitutionnel,bpt6k680842r,,failed,0,0,,no_usable_pages,known,,,bpt6k680842r: no usable pages in manifest.,2026-07-17T20:37:34.047427
leconstitutionnel,bpt6k6808434,,failed,0,0,,no_usable_pages,known,,,bpt6k6808434: no usable pages in manifest.,2026-07-17T20:37:34.101713
leconstitutionnel,bpt6k680844h,,failed,0,0,,no_usable_pages,known,,,bpt6k680844h: no usable pages in manifest.,2026-07-17T20:37:34.184845
leconstitutionnel,bpt6k680845w,,failed,0,0,,no_usable_pages,known,,,bpt6k680845w: no usable pages in manifest.,2026-07-17T20:37:34.257044
leconstitutionnel,bpt6k6808468,,failed,0,0,,no_usable_pages,known,,,bpt6k6808468: no usable pages in manifest.,2026-07-17T20:37:34.354635
leconstitutionnel,bpt6k680847n,,failed,0,0,,no_usable_pages,known,,,bpt6k680847n: no usable pages in manifest.,2026-07-17T20:37:34.420947
leconstitutionnel,bpt6k6808481,,failed,0,0,,no_usable_pages,known,,,bpt6k6808481: no usable pages in manifest.,2026-07-17T20:37:34.511965
leconstitutionnel,bpt6k680849d,,failed,0,0,,no_usable_pages,known,,,bpt6k680849d: no usable pages in manifest.,2026-07-17T20:37:34.608302
leconstitutionnel,bpt6k680850b,,failed,0,0,,no_usable_pages,known,,,bpt6k680850b: no usable pages in manifest.,2026-07-17T20:37:34.673131
leconstitutionnel,bpt6k680851q,,failed,0,0,,no_usable_pages,known,,,bpt6k680851q: no usable pages in manifest.,2026-07-17T20:37:34.733177
leconstitutionnel,bpt6k6808523,,failed,0,0,,no_usable_pages,known,,,bpt6k6808523: no usable pages in manifest.,2026-07-17T20:37:34.795083
leconstitutionnel,bpt6k680853g,,failed,0,0,,no_usable_pages,known,,,bpt6k680853g: no usable pages in manifest.,2026-07-17T20:37:34.848045
leconstitutionnel,bpt6k680854v,,failed,0,0,,no_usable_pages,known,,,bpt6k680854v: no usable pages in manifest.,2026-07-17T20:37:34.934679
leconstitutionnel,bpt6k6808557,,failed,0,0,,no_usable_pages,known,,,bpt6k6808557: no usable pages in manifest.,2026-07-17T20:37:35.048958
leconstitutionnel,bpt6k680856m,,failed,0,0,,no_usable_pages,known,,,bpt6k680856m: no usable pages in manifest.,2026-07-17T20:37:35.144538
leconstitutionnel,bpt6k6808570,,failed,0,0,,no_usable_pages,known,,,bpt6k6808570: no usable pages in manifest.,2026-07-17T20:37:35.211022
leconstitutionnel,bpt6k680858c,,failed,0,0,,no_usable_pages,known,,,bpt6k680858c: no usable pages in manifest.,2026-07-17T20:37:35.280045
leconstitutionnel,bpt6k680859r,,failed,0,0,,no_usable_pages,known,,,bpt6k680859r: no usable pages in manifest.,2026-07-17T20:37:35.384326
leconstitutionnel,bpt6k680860p,,failed,0,0,,no_usable_pages,known,,,bpt6k680860p: no usable pages in manifest.,2026-07-17T20:37:35.442316
leconstitutionnel,bpt6k6808612,,failed,0,0,,no_usable_pages,known,,,bpt6k6808612: no usable pages in manifest.,2026-07-17T20:37:35.528421
leconstitutionnel,bpt6k680862f,,failed,0,0,,no_usable_pages,known,,,bpt6k680862f: no usable pages in manifest.,2026-07-17T20:37:35.620684
leconstitutionnel,bpt6k680863t,,failed,0,0,,no_usable_pages,known,,,bpt6k680863t: no usable pages in manifest.,2026-07-17T20:37:35.697411
leconstitutionnel,bpt6k6808646,,failed,0,0,,no_usable_pages,known,,,bpt6k6808646: no usable pages in manifest.,2026-07-17T20:37:35.766380
leconstitutionnel,bpt6k680865k,,failed,0,0,,no_usable_pages,known,,,bpt6k680865k: no usable pages in manifest.,2026-07-17T20:37:35.838122
leconstitutionnel,bpt6k680866z,,failed,0,0,,no_usable_pages,known,,,bpt6k680866z: no usable pages in manifest.,2026-07-17T20:37:35.897843
leconstitutionnel,bpt6k680867b,,failed,0,0,,no_usable_pages,known,,,bpt6k680867b: no usable pages in manifest.,2026-07-17T20:37:35.955381
leconstitutionnel,bpt6k680868q,,failed,0,0,,no_usable_pages,known,,,bpt6k680868q: no usable pages in manifest.,2026-07-17T20:37:36.025631
leconstitutionnel,bpt6k6808693,,failed,0,0,,no_usable_pages,known,,,bpt6k6808693: no usable pages in manifest.,2026-07-17T20:37:36.110344
leconstitutionnel,bpt6k6808701,,failed,0,0,,no_usable_pages,known,,,bpt6k6808701: no usable pages in manifest.,2026-07-17T20:37:36.176971
leconstitutionnel,bpt6k680871d,,failed,0,0,,no_usable_pages,known,,,bpt6k680871d: no usable pages in manifest.,2026-07-17T20:37:36.238239
leconstitutionnel,bpt6k680872s,,failed,0,0,,no_usable_pages,known,,,bpt6k680872s: no usable pages in manifest.,2026-07-17T20:37:36.308859
leconstitutionnel,bpt6k6808735,,failed,0,0,,no_usable_pages,known,,,bpt6k6808735: no usable pages in manifest.,2026-07-17T20:37:36.449721
leconstitutionnel,bpt6k680874j,,failed,0,0,,no_usable_pages,known,,,bpt6k680874j: no usable pages in manifest.,2026-07-17T20:37:36.616060
leconstitutionnel,bpt6k680875x,,failed,0,0,,no_usable_pages,known,,,bpt6k680875x: no usable pages in manifest.,2026-07-17T20:37:36.679173
leconstitutionnel,bpt6k6808769,,failed,0,0,,no_usable_pages,known,,,bpt6k6808769: no usable pages in manifest.,2026-07-17T20:37:36.765671
leconstitutionnel,bpt6k680877p,,failed,0,0,,no_usable_pages,known,,,bpt6k680877p: no usable pages in manifest.,2026-07-17T20:37:36.828134
leconstitutionnel,bpt6k6808782,,failed,0,0,,no_usable_pages,known,,,bpt6k6808782: no usable pages in manifest.,2026-07-17T20:37:36.896022
leconstitutionnel,bpt6k680879f,,failed,0,0,,no_usable_pages,known,,,bpt6k680879f: no usable pages in manifest.,2026-07-17T20:37:36.969649
leconstitutionnel,bpt6k680880c,,failed,0,0,,no_usable_pages,known,,,bpt6k680880c: no usable pages in manifest.,2026-07-17T20:37:37.027199
leconstitutionnel,bpt6k680881r,,failed,0,0,,no_usable_pages,known,,,bpt6k680881r: no usable pages in manifest.,2026-07-17T20:37:37.092978
leconstitutionnel,bpt6k6808824,,failed,0,0,,no_usable_pages,known,,,bpt6k6808824: no usable pages in manifest.,2026-07-17T20:37:37.166701
leconstitutionnel,bpt6k680883h,,failed,0,0,,no_usable_pages,known,,,bpt6k680883h: no usable pages in manifest.,2026-07-17T20:37:37.253961
leconstitutionnel,bpt6k680884w,,failed,0,0,,no_usable_pages,known,,,bpt6k680884w: no usable pages in manifest.,2026-07-17T20:37:37.344257
leconstitutionnel,bpt6k6808858,,failed,0,0,,no_usable_pages,known,,,bpt6k6808858: no usable pages in manifest.,2026-07-17T20:37:37.446365
leconstitutionnel,bpt6k680886n,,failed,0,0,,no_usable_pages,known,,,bpt6k680886n: no usable pages in manifest.,2026-07-17T20:37:37.548010
leconstitutionnel,bpt6k6808871,,failed,0,0,,no_usable_pages,known,,,bpt6k6808871: no usable pages in manifest.,2026-07-17T20:37:37.655444
leconstitutionnel,bpt6k680888d,,failed,0,0,,no_usable_pages,known,,,bpt6k680888d: no usable pages in manifest.,2026-07-17T20:37:37.758707
leconstitutionnel,bpt6k680889s,,failed,0,0,,no_usable_pages,known,,,bpt6k680889s: no usable pages in manifest.,2026-07-17T20:37:37.830384
leconstitutionnel,bpt6k680890q,,failed,0,0,,no_usable_pages,known,,,bpt6k680890q: no usable pages in manifest.,2026-07-17T20:37:37.948766
leconstitutionnel,bpt6k6808913,,failed,0,0,,no_usable_pages,known,,,bpt6k6808913: no usable pages in manifest.,2026-07-17T20:37:38.054410
leconstitutionnel,bpt6k680892g,,failed,0,0,,no_usable_pages,known,,,bpt6k680892g: no usable pages in manifest.,2026-07-17T20:37:38.124849
leconstitutionnel,bpt6k680893v,,failed,0,0,,no_usable_pages,known,,,bpt6k680893v: no usable pages in manifest.,2026-07-17T20:37:38.195892
leconstitutionnel,bpt6k6808947,,failed,0,0,,no_usable_pages,known,,,bpt6k6808947: no usable pages in manifest.,2026-07-17T20:37:38.254338
leconstitutionnel,bpt6k680895m,,failed,0,0,,no_usable_pages,known,,,bpt6k680895m: no usable pages in manifest.,2026-07-17T20:37:38.326679
leconstitutionnel,bpt6k6808960,,failed,0,0,,no_usable_pages,known,,,bpt6k6808960: no usable pages in manifest.,2026-07-17T20:37:38.392243
leconstitutionnel,bpt6k680897c,,failed,0,0,,no_usable_pages,known,,,bpt6k680897c: no usable pages in manifest.,2026-07-17T20:37:38.475724
leconstitutionnel,bpt6k680898r,,failed,0,0,,no_usable_pages,known,,,bpt6k680898r: no usable pages in manifest.,2026-07-17T20:37:38.546771
leconstitutionnel,bpt6k6808994,,failed,0,0,,no_usable_pages,known,,,bpt6k6808994: no usable pages in manifest.,2026-07-17T20:37:38.602517
leconstitutionnel,bpt6k680900x,,failed,0,0,,no_usable_pages,known,,,bpt6k680900x: no usable pages in manifest.,2026-07-17T20:37:38.690215
leconstitutionnel,bpt6k6809019,,failed,0,0,,no_usable_pages,known,,,bpt6k6809019: no usable pages in manifest.,2026-07-17T20:37:38.780530
leconstitutionnel,bpt6k680902p,,failed,0,0,,no_usable_pages,known,,,bpt6k680902p: no usable pages in manifest.,2026-07-17T20:37:38.847400
leconstitutionnel,bpt6k6809032,,failed,0,0,,no_usable_pages,known,,,bpt6k6809032: no usable pages in manifest.,2026-07-17T20:37:38.918957
leconstitutionnel,bpt6k680904f,,failed,0,0,,no_usable_pages,known,,,bpt6k680904f: no usable pages in manifest.,2026-07-17T20:37:38.977623
leconstitutionnel,bpt6k680905t,,failed,0,0,,no_usable_pages,known,,,bpt6k680905t: no usable pages in manifest.,2026-07-17T20:37:39.051778
leconstitutionnel,bpt6k6809066,,failed,0,0,,no_usable_pages,known,,,bpt6k6809066: no usable pages in manifest.,2026-07-17T20:37:39.127167
leconstitutionnel,bpt6k680907k,,failed,0,0,,no_usable_pages,known,,,bpt6k680907k: no usable pages in manifest.,2026-07-17T20:37:39.206700
leconstitutionnel,bpt6k680908z,,failed,0,0,,no_usable_pages,known,,,bpt6k680908z: no usable pages in manifest.,2026-07-17T20:37:39.286451
leconstitutionnel,bpt6k680909b,,failed,0,0,,no_usable_pages,known,,,bpt6k680909b: no usable pages in manifest.,2026-07-17T20:37:39.373410
leconstitutionnel,bpt6k6809108,,failed,0,0,,no_usable_pages,known,,,bpt6k6809108: no usable pages in manifest.,2026-07-17T20:37:39.475112
leconstitutionnel,bpt6k680911n,,failed,0,0,,no_usable_pages,known,,,bpt6k680911n: no usable pages in manifest.,2026-07-17T20:37:39.558639
leconstitutionnel,bpt6k6809121,,failed,0,0,,no_usable_pages,known,,,bpt6k6809121: no usable pages in manifest.,2026-07-17T20:37:39.637177
leconstitutionnel,bpt6k680913d,,failed,0,0,,no_usable_pages,known,,,bpt6k680913d: no usable pages in manifest.,2026-07-17T20:37:39.735297
leconstitutionnel,bpt6k680914s,,failed,0,0,,no_usable_pages,known,,,bpt6k680914s: no usable pages in manifest.,2026-07-17T20:37:39.845660
leconstitutionnel,bpt6k6809155,,failed,0,0,,no_usable_pages,known,,,bpt6k6809155: no usable pages in manifest.,2026-07-17T20:37:39.937663
leconstitutionnel,bpt6k680916j,,failed,0,0,,no_usable_pages,known,,,bpt6k680916j: no usable pages in manifest.,2026-07-17T20:37:40.019796
leconstitutionnel,bpt6k680917x,,failed,0,0,,no_usable_pages,known,,,bpt6k680917x: no usable pages in manifest.,2026-07-17T20:37:40.084807
leconstitutionnel,bpt6k6809189,,failed,0,0,,no_usable_pages,known,,,bpt6k6809189: no usable pages in manifest.,2026-07-17T20:37:40.153340
leconstitutionnel,bpt6k680919p,,failed,0,0,,no_usable_pages,known,,,bpt6k680919p: no usable pages in manifest.,2026-07-17T20:37:40.208020
leconstitutionnel,bpt6k680920m,,failed,0,0,,no_usable_pages,known,,,bpt6k680920m: no usable pages in manifest.,2026-07-17T20:37:40.274467
leconstitutionnel,bpt6k6809210,,failed,0,0,,no_usable_pages,known,,,bpt6k6809210: no usable pages in manifest.,2026-07-17T20:37:40.359058
leconstitutionnel,bpt6k680922c,,failed,0,0,,no_usable_pages,known,,,bpt6k680922c: no usable pages in manifest.,2026-07-17T20:37:40.424620
leconstitutionnel,bpt6k680923r,,failed,0,0,,no_usable_pages,known,,,bpt6k680923r: no usable pages in manifest.,2026-07-17T20:37:40.493718
leconstitutionnel,bpt6k6809244,,failed,0,0,,no_usable_pages,known,,,bpt6k6809244: no usable pages in manifest.,2026-07-17T20:37:40.566100
leconstitutionnel,bpt6k680925h,,failed,0,0,,no_usable_pages,known,,,bpt6k680925h: no usable pages in manifest.,2026-07-17T20:37:40.626421
leconstitutionnel,bpt6k680926w,,failed,0,0,,no_usable_pages,known,,,bpt6k680926w: no usable pages in manifest.,2026-07-17T20:37:40.711095
leconstitutionnel,bpt6k6809278,,failed,0,0,,no_usable_pages,known,,,bpt6k6809278: no usable pages in manifest.,2026-07-17T20:37:40.860652
leconstitutionnel,bpt6k680928n,,failed,0,0,,no_usable_pages,known,,,bpt6k680928n: no usable pages in manifest.,2026-07-17T20:37:40.938593
leconstitutionnel,bpt6k6809291,,failed,0,0,,no_usable_pages,known,,,bpt6k6809291: no usable pages in manifest.,2026-07-17T20:37:41.007282
leconstitutionnel,bpt6k680930z,,failed,0,0,,no_usable_pages,known,,,bpt6k680930z: no usable pages in manifest.,2026-07-17T20:37:41.085363
leconstitutionnel,bpt6k680931b,,failed,0,0,,no_usable_pages,known,,,bpt6k680931b: no usable pages in manifest.,2026-07-17T20:37:41.180002
leconstitutionnel,bpt6k680932q,,failed,0,0,,no_usable_pages,known,,,bpt6k680932q: no usable pages in manifest.,2026-07-17T20:37:41.236986
leconstitutionnel,bpt6k6809333,,failed,0,0,,no_usable_pages,known,,,bpt6k6809333: no usable pages in manifest.,2026-07-17T20:37:41.296029
leconstitutionnel,bpt6k680934g,,failed,0,0,,no_usable_pages,known,,,bpt6k680934g: no usable pages in manifest.,2026-07-17T20:37:41.344100
leconstitutionnel,bpt6k680935v,,failed,0,0,,no_usable_pages,known,,,bpt6k680935v: no usable pages in manifest.,2026-07-17T20:37:41.404244
leconstitutionnel,bpt6k6809367,,failed,0,0,,no_usable_pages,known,,,bpt6k6809367: no usable pages in manifest.,2026-07-17T20:37:41.468423
leconstitutionnel,bpt6k680937m,,failed,0,0,,no_usable_pages,known,,,bpt6k680937m: no usable pages in manifest.,2026-07-17T20:37:41.527677
leconstitutionnel,bpt6k6809380,,failed,0,0,,no_usable_pages,known,,,bpt6k6809380: no usable pages in manifest.,2026-07-17T20:37:41.617669
leconstitutionnel,bpt6k680939c,,failed,0,0,,no_usable_pages,known,,,bpt6k680939c: no usable pages in manifest.,2026-07-17T20:37:41.685049
leconstitutionnel,bpt6k6809409,,failed,0,0,,no_usable_pages,known,,,bpt6k6809409: no usable pages in manifest.,2026-07-17T20:37:41.772885
leconstitutionnel,bpt6k680941p,,failed,0,0,,no_usable_pages,known,,,bpt6k680941p: no usable pages in manifest.,2026-07-17T20:37:41.877012
leconstitutionnel,bpt6k6809422,,failed,0,0,,no_usable_pages,known,,,bpt6k6809422: no usable pages in manifest.,2026-07-17T20:37:41.954247
leconstitutionnel,bpt6k680943f,,failed,0,0,,no_usable_pages,known,,,bpt6k680943f: no usable pages in manifest.,2026-07-17T20:37:42.019673
leconstitutionnel,bpt6k680944t,,failed,0,0,,no_usable_pages,known,,,bpt6k680944t: no usable pages in manifest.,2026-07-17T20:37:42.066138
leconstitutionnel,bpt6k6809456,,failed,0,0,,no_usable_pages,known,,,bpt6k6809456: no usable pages in manifest.,2026-07-17T20:37:42.165716
leconstitutionnel,bpt6k680946k,,failed,0,0,,no_usable_pages,known,,,bpt6k680946k: no usable pages in manifest.,2026-07-17T20:37:42.303555
leconstitutionnel,bpt6k680947z,,failed,0,0,,no_usable_pages,known,,,bpt6k680947z: no usable pages in manifest.,2026-07-17T20:37:42.426838
leconstitutionnel,bpt6k680948b,,failed,0,0,,no_usable_pages,known,,,bpt6k680948b: no usable pages in manifest.,2026-07-17T20:37:42.505976
leconstitutionnel,bpt6k680949q,,failed,0,0,,no_usable_pages,known,,,bpt6k680949q: no usable pages in manifest.,2026-07-17T20:37:42.573482
leconstitutionnel,bpt6k680950n,,failed,0,0,,no_usable_pages,known,,,bpt6k680950n: no usable pages in manifest.,2026-07-17T20:37:42.663807
leconstitutionnel,bpt6k6809511,,failed,0,0,,no_usable_pages,known,,,bpt6k6809511: no usable pages in manifest.,2026-07-17T20:37:42.738754
leconstitutionnel,bpt6k680952d,,failed,0,0,,no_usable_pages,known,,,bpt6k680952d: no usable pages in manifest.,2026-07-17T20:37:42.802611
leconstitutionnel,bpt6k680953s,,failed,0,0,,no_usable_pages,known,,,bpt6k680953s: no usable pages in manifest.,2026-07-17T20:37:42.888134
leconstitutionnel,bpt6k6809545,,failed,0,0,,no_usable_pages,known,,,bpt6k6809545: no usable pages in manifest.,2026-07-17T20:37:42.951703
leconstitutionnel,bpt6k680955j,,failed,0,0,,no_usable_pages,known,,,bpt6k680955j: no usable pages in manifest.,2026-07-17T20:37:43.026317
leconstitutionnel,bpt6k680956x,,failed,0,0,,no_usable_pages,known,,,bpt6k680956x: no usable pages in manifest.,2026-07-17T20:37:43.092301
leconstitutionnel,bpt6k6809579,,failed,0,0,,no_usable_pages,known,,,bpt6k6809579: no usable pages in manifest.,2026-07-17T20:37:43.164851
leconstitutionnel,bpt6k680958p,,failed,0,0,,no_usable_pages,known,,,bpt6k680958p: no usable pages in manifest.,2026-07-17T20:37:43.245593
leconstitutionnel,bpt6k6809592,,failed,0,0,,no_usable_pages,known,,,bpt6k6809592: no usable pages in manifest.,2026-07-17T20:37:43.309029
leconstitutionnel,bpt6k6809600,,failed,0,0,,no_usable_pages,known,,,bpt6k6809600: no usable pages in manifest.,2026-07-17T20:37:43.369450
leconstitutionnel,bpt6k680961c,,failed,0,0,,no_usable_pages,known,,,bpt6k680961c: no usable pages in manifest.,2026-07-17T20:37:43.436031
leconstitutionnel,bpt6k680962r,,failed,0,0,,no_usable_pages,known,,,bpt6k680962r: no usable pages in manifest.,2026-07-17T20:37:43.512148
leconstitutionnel,bpt6k6809634,,failed,0,0,,no_usable_pages,known,,,bpt6k6809634: no usable pages in manifest.,2026-07-17T20:37:43.589893
leconstitutionnel,bpt6k680964h,,failed,0,0,,no_usable_pages,known,,,bpt6k680964h: no usable pages in manifest.,2026-07-17T20:37:43.731448
leconstitutionnel,bpt6k680965w,,failed,0,0,,no_usable_pages,known,,,bpt6k680965w: no usable pages in manifest.,2026-07-17T20:37:43.866723
leconstitutionnel,bpt6k6809668,,failed,0,0,,no_usable_pages,known,,,bpt6k6809668: no usable pages in manifest.,2026-07-17T20:37:43.991512
leconstitutionnel,bpt6k680967n,,failed,0,0,,no_usable_pages,known,,,bpt6k680967n: no usable pages in manifest.,2026-07-17T20:37:44.047186
leconstitutionnel,bpt6k6809681,,failed,0,0,,no_usable_pages,known,,,bpt6k6809681: no usable pages in manifest.,2026-07-17T20:37:44.120033
leconstitutionnel,bpt6k680969d,,failed,0,0,,no_usable_pages,known,,,bpt6k680969d: no usable pages in manifest.,2026-07-17T20:37:44.185989
leconstitutionnel,bpt6k680970b,,failed,0,0,,no_usable_pages,known,,,bpt6k680970b: no usable pages in manifest.,2026-07-17T20:37:44.241315
leconstitutionnel,bpt6k680971q,,failed,0,0,,no_usable_pages,known,,,bpt6k680971q: no usable pages in manifest.,2026-07-17T20:37:44.300414
leconstitutionnel,bpt6k6809723,,failed,0,0,,no_usable_pages,known,,,bpt6k6809723: no usable pages in manifest.,2026-07-17T20:37:44.368010
leconstitutionnel,bpt6k680973g,,failed,0,0,,no_usable_pages,known,,,bpt6k680973g: no usable pages in manifest.,2026-07-17T20:37:44.428392
leconstitutionnel,bpt6k680974v,,failed,0,0,,no_usable_pages,known,,,bpt6k680974v: no usable pages in manifest.,2026-07-17T20:37:44.498963
leconstitutionnel,bpt6k6809757,,failed,0,0,,no_usable_pages,known,,,bpt6k6809757: no usable pages in manifest.,2026-07-17T20:37:44.577453
leconstitutionnel,bpt6k680976m,,failed,0,0,,no_usable_pages,known,,,bpt6k680976m: no usable pages in manifest.,2026-07-17T20:37:44.654355
leconstitutionnel,bpt6k6809770,,failed,0,0,,no_usable_pages,known,,,bpt6k6809770: no usable pages in manifest.,2026-07-17T20:37:44.729989
leconstitutionnel,bpt6k680978c,,failed,0,0,,no_usable_pages,known,,,bpt6k680978c: no usable pages in manifest.,2026-07-17T20:37:44.811533
leconstitutionnel,bpt6k680979r,,failed,0,0,,no_usable_pages,known,,,bpt6k680979r: no usable pages in manifest.,2026-07-17T20:37:44.875270
leconstitutionnel,bpt6k680980p,,failed,0,0,,no_usable_pages,known,,,bpt6k680980p: no usable pages in manifest.,2026-07-17T20:37:44.979723
leconstitutionnel,bpt6k6809812,,failed,0,0,,no_usable_pages,known,,,bpt6k6809812: no usable pages in manifest.,2026-07-17T20:37:45.052091
leconstitutionnel,bpt6k680982f,,failed,0,0,,no_usable_pages,known,,,bpt6k680982f: no usable pages in manifest.,2026-07-17T20:37:45.268661
leconstitutionnel,bpt6k680983t,,failed,0,0,,no_usable_pages,known,,,bpt6k680983t: no usable pages in manifest.,2026-07-17T20:37:45.382377
leconstitutionnel,bpt6k6809846,,failed,0,0,,no_usable_pages,known,,,bpt6k6809846: no usable pages in manifest.,2026-07-17T20:37:45.448098
leconstitutionnel,bpt6k680985k,,failed,0,0,,no_usable_pages,known,,,bpt6k680985k: no usable pages in manifest.,2026-07-17T20:37:45.523149
leconstitutionnel,bpt6k680986z,,failed,0,0,,no_usable_pages,known,,,bpt6k680986z: no usable pages in manifest.,2026-07-17T20:37:45.610583
leconstitutionnel,bpt6k680987b,,failed,0,0,,no_usable_pages,known,,,bpt6k680987b: no usable pages in manifest.,2026-07-17T20:37:45.698397
leconstitutionnel,bpt6k680988q,,failed,0,0,,no_usable_pages,known,,,bpt6k680988q: no usable pages in manifest.,2026-07-17T20:37:45.787258
leconstitutionnel,bpt6k6809893,,failed,0,0,,no_usable_pages,known,,,bpt6k6809893: no usable pages in manifest.,2026-07-17T20:37:45.870265
leconstitutionnel,bpt6k6809901,,failed,0,0,,no_usable_pages,known,,,bpt6k6809901: no usable pages in manifest.,2026-07-17T20:37:45.953171
leconstitutionnel,bpt6k680991d,,failed,0,0,,no_usable_pages,known,,,bpt6k680991d: no usable pages in manifest.,2026-07-17T20:37:46.068531
leconstitutionnel,bpt6k680992s,,failed,0,0,,no_usable_pages,known,,,bpt6k680992s: no usable pages in manifest.,2026-07-17T20:37:46.126357
leconstitutionnel,bpt6k6809935,,failed,0,0,,no_usable_pages,known,,,bpt6k6809935: no usable pages in manifest.,2026-07-17T20:37:46.202872
leconstitutionnel,bpt6k680994j,,failed,0,0,,no_usable_pages,known,,,bpt6k680994j: no usable pages in manifest.,2026-07-17T20:37:46.289423
leconstitutionnel,bpt6k680995x,,failed,0,0,,no_usable_pages,known,,,bpt6k680995x: no usable pages in manifest.,2026-07-17T20:37:46.358220
leconstitutionnel,bpt6k6809969,,failed,0,0,,no_usable_pages,known,,,bpt6k6809969: no usable pages in manifest.,2026-07-17T20:37:46.446471
leconstitutionnel,bpt6k680997p,,failed,0,0,,no_usable_pages,known,,,bpt6k680997p: no usable pages in manifest.,2026-07-17T20:37:46.529770
leconstitutionnel,bpt6k6809982,,failed,0,0,,no_usable_pages,known,,,bpt6k6809982: no usable pages in manifest.,2026-07-17T20:37:46.683630
leconstitutionnel,bpt6k680999f,,failed,0,0,,no_usable_pages,known,,,bpt6k680999f: no usable pages in manifest.,2026-07-17T20:37:46.772760
leconstitutionnel,bpt6k681000d,,failed,0,0,,no_usable_pages,known,,,bpt6k681000d: no usable pages in manifest.,2026-07-17T20:37:46.867766
leconstitutionnel,bpt6k681001s,,failed,0,0,,no_usable_pages,known,,,bpt6k681001s: no usable pages in manifest.,2026-07-17T20:37:46.979417
leconstitutionnel,bpt6k6810025,,failed,0,0,,no_usable_pages,known,,,bpt6k6810025: no usable pages in manifest.,2026-07-17T20:37:47.122620
leconstitutionnel,bpt6k681003j,,failed,0,0,,no_usable_pages,known,,,bpt6k681003j: no usable pages in manifest.,2026-07-17T20:37:47.212542
leconstitutionnel,bpt6k681004x,,failed,0,0,,no_usable_pages,known,,,bpt6k681004x: no usable pages in manifest.,2026-07-17T20:37:47.304917
leconstitutionnel,bpt6k6810059,,failed,0,0,,no_usable_pages,known,,,bpt6k6810059: no usable pages in manifest.,2026-07-17T20:37:47.465725
leconstitutionnel,bpt6k681006p,,failed,0,0,,no_usable_pages,known,,,bpt6k681006p: no usable pages in manifest.,2026-07-17T20:37:47.561064
leconstitutionnel,bpt6k6810072,,failed,0,0,,no_usable_pages,known,,,bpt6k6810072: no usable pages in manifest.,2026-07-17T20:37:47.630483
leconstitutionnel,bpt6k681008f,,failed,0,0,,no_usable_pages,known,,,bpt6k681008f: no usable pages in manifest.,2026-07-17T20:37:47.685027
leconstitutionnel,bpt6k681009t,,failed,0,0,,no_usable_pages,known,,,bpt6k681009t: no usable pages in manifest.,2026-07-17T20:37:47.753978
leconstitutionnel,bpt6k681010r,,failed,0,0,,no_usable_pages,known,,,bpt6k681010r: no usable pages in manifest.,2026-07-17T20:37:47.816542
leconstitutionnel,bpt6k6810114,,failed,0,0,,no_usable_pages,known,,,bpt6k6810114: no usable pages in manifest.,2026-07-17T20:37:47.910161
leconstitutionnel,bpt6k681012h,,failed,0,0,,no_usable_pages,known,,,bpt6k681012h: no usable pages in manifest.,2026-07-17T20:37:47.966829
leconstitutionnel,bpt6k681013w,,failed,0,0,,no_usable_pages,known,,,bpt6k681013w: no usable pages in manifest.,2026-07-17T20:37:48.036088
leconstitutionnel,bpt6k6810148,,failed,0,0,,no_usable_pages,known,,,bpt6k6810148: no usable pages in manifest.,2026-07-17T20:37:48.140192
leconstitutionnel,bpt6k681015n,,failed,0,0,,no_usable_pages,known,,,bpt6k681015n: no usable pages in manifest.,2026-07-17T20:37:48.202737
leconstitutionnel,bpt6k6810161,,failed,0,0,,no_usable_pages,known,,,bpt6k6810161: no usable pages in manifest.,2026-07-17T20:37:48.298606
leconstitutionnel,bpt6k681017d,,failed,0,0,,no_usable_pages,known,,,bpt6k681017d: no usable pages in manifest.,2026-07-17T20:37:48.364050
leconstitutionnel,bpt6k681018s,,failed,0,0,,no_usable_pages,known,,,bpt6k681018s: no usable pages in manifest.,2026-07-17T20:37:48.436480
leconstitutionnel,bpt6k6810195,,failed,0,0,,no_usable_pages,known,,,bpt6k6810195: no usable pages in manifest.,2026-07-17T20:37:48.506287
leconstitutionnel,bpt6k6810203,,failed,0,0,,no_usable_pages,known,,,bpt6k6810203: no usable pages in manifest.,2026-07-17T20:37:48.589995
leconstitutionnel,bpt6k681021g,,failed,0,0,,no_usable_pages,known,,,bpt6k681021g: no usable pages in manifest.,2026-07-17T20:37:48.652676
leconstitutionnel,bpt6k681022v,,failed,0,0,,no_usable_pages,known,,,bpt6k681022v: no usable pages in manifest.,2026-07-17T20:37:48.727469
leconstitutionnel,bpt6k6810237,,failed,0,0,,no_usable_pages,known,,,bpt6k6810237: no usable pages in manifest.,2026-07-17T20:37:48.787282
leconstitutionnel,bpt6k681024m,,failed,0,0,,no_usable_pages,known,,,bpt6k681024m: no usable pages in manifest.,2026-07-17T20:37:48.856024
leconstitutionnel,bpt6k6810250,,failed,0,0,,no_usable_pages,known,,,bpt6k6810250: no usable pages in manifest.,2026-07-17T20:37:48.945556
leconstitutionnel,bpt6k681026c,,failed,0,0,,no_usable_pages,known,,,bpt6k681026c: no usable pages in manifest.,2026-07-17T20:37:49.013922
leconstitutionnel,bpt6k681027r,,failed,0,0,,no_usable_pages,known,,,bpt6k681027r: no usable pages in manifest.,2026-07-17T20:37:49.080601
leconstitutionnel,bpt6k6810284,,failed,0,0,,no_usable_pages,known,,,bpt6k6810284: no usable pages in manifest.,2026-07-17T20:37:49.168185
leconstitutionnel,bpt6k681029h,,failed,0,0,,no_usable_pages,known,,,bpt6k681029h: no usable pages in manifest.,2026-07-17T20:37:49.237955
leconstitutionnel,bpt6k681030f,,failed,0,0,,no_usable_pages,known,,,bpt6k681030f: no usable pages in manifest.,2026-07-17T20:37:49.323150
leconstitutionnel,bpt6k681031t,,failed,0,0,,no_usable_pages,known,,,bpt6k681031t: no usable pages in manifest.,2026-07-17T20:37:49.390047
leconstitutionnel,bpt6k6810326,,failed,0,0,,no_usable_pages,known,,,bpt6k6810326: no usable pages in manifest.,2026-07-17T20:37:49.452702
leconstitutionnel,bpt6k681033k,,failed,0,0,,no_usable_pages,known,,,bpt6k681033k: no usable pages in manifest.,2026-07-17T20:37:49.526157
leconstitutionnel,bpt6k681034z,,failed,0,0,,no_usable_pages,known,,,bpt6k681034z: no usable pages in manifest.,2026-07-17T20:37:49.611511
leconstitutionnel,bpt6k681035b,,failed,0,0,,no_usable_pages,known,,,bpt6k681035b: no usable pages in manifest.,2026-07-17T20:37:49.704602
leconstitutionnel,bpt6k681036q,,failed,0,0,,no_usable_pages,known,,,bpt6k681036q: no usable pages in manifest.,2026-07-17T20:37:49.809936
leconstitutionnel,bpt6k6810373,,failed,0,0,,no_usable_pages,known,,,bpt6k6810373: no usable pages in manifest.,2026-07-17T20:37:50.114273
leconstitutionnel,bpt6k681038g,,failed,0,0,,no_usable_pages,known,,,bpt6k681038g: no usable pages in manifest.,2026-07-17T20:37:50.278768
leconstitutionnel,bpt6k681039v,,failed,0,0,,no_usable_pages,known,,,bpt6k681039v: no usable pages in manifest.,2026-07-17T20:37:50.358048
leconstitutionnel,bpt6k681040s,,failed,0,0,,no_usable_pages,known,,,bpt6k681040s: no usable pages in manifest.,2026-07-17T20:37:50.417459
leconstitutionnel,bpt6k6810415,,failed,0,0,,no_usable_pages,known,,,bpt6k6810415: no usable pages in manifest.,2026-07-17T20:37:50.510303
leconstitutionnel,bpt6k681042j,,failed,0,0,,no_usable_pages,known,,,bpt6k681042j: no usable pages in manifest.,2026-07-17T20:37:50.585120
leconstitutionnel,bpt6k681043x,,failed,0,0,,no_usable_pages,known,,,bpt6k681043x: no usable pages in manifest.,2026-07-17T20:37:50.663536
leconstitutionnel,bpt6k6810449,,failed,0,0,,no_usable_pages,known,,,bpt6k6810449: no usable pages in manifest.,2026-07-17T20:37:50.724760
leconstitutionnel,bpt6k681045p,,failed,0,0,,no_usable_pages,known,,,bpt6k681045p: no usable pages in manifest.,2026-07-17T20:37:50.782091
leconstitutionnel,bpt6k6810462,,failed,0,0,,no_usable_pages,known,,,bpt6k6810462: no usable pages in manifest.,2026-07-17T20:37:50.880816
leconstitutionnel,bpt6k681047f,,failed,0,0,,no_usable_pages,known,,,bpt6k681047f: no usable pages in manifest.,2026-07-17T20:37:50.975216
leconstitutionnel,bpt6k681048t,,failed,0,0,,no_usable_pages,known,,,bpt6k681048t: no usable pages in manifest.,2026-07-17T20:37:51.035096
leconstitutionnel,bpt6k6810496,,failed,0,0,,no_usable_pages,known,,,bpt6k6810496: no usable pages in manifest.,2026-07-17T20:37:51.103691
leconstitutionnel,bpt6k6810504,,failed,0,0,,no_usable_pages,known,,,bpt6k6810504: no usable pages in manifest.,2026-07-17T20:37:51.152002
leconstitutionnel,bpt6k681051h,,failed,0,0,,no_usable_pages,known,,,bpt6k681051h: no usable pages in manifest.,2026-07-17T20:37:51.241066
leconstitutionnel,bpt6k681052w,,failed,0,0,,no_usable_pages,known,,,bpt6k681052w: no usable pages in manifest.,2026-07-17T20:37:51.322302
leconstitutionnel,bpt6k6810538,,failed,0,0,,no_usable_pages,known,,,bpt6k6810538: no usable pages in manifest.,2026-07-17T20:37:51.388307
leconstitutionnel,bpt6k681054n,,failed,0,0,,no_usable_pages,known,,,bpt6k681054n: no usable pages in manifest.,2026-07-17T20:37:51.452410
leconstitutionnel,bpt6k6810551,,failed,0,0,,no_usable_pages,known,,,bpt6k6810551: no usable pages in manifest.,2026-07-17T20:37:51.511625
leconstitutionnel,bpt6k681056d,,failed,0,0,,no_usable_pages,known,,,bpt6k681056d: no usable pages in manifest.,2026-07-17T20:37:51.598984
leconstitutionnel,bpt6k681057s,,failed,0,0,,no_usable_pages,known,,,bpt6k681057s: no usable pages in manifest.,2026-07-17T20:37:51.689522
leconstitutionnel,bpt6k6810585,,failed,0,0,,no_usable_pages,known,,,bpt6k6810585: no usable pages in manifest.,2026-07-17T20:37:51.764128
leconstitutionnel,bpt6k681059j,,failed,0,0,,no_usable_pages,known,,,bpt6k681059j: no usable pages in manifest.,2026-07-17T20:37:51.823950
leconstitutionnel,bpt6k681060g,,failed,0,0,,no_usable_pages,known,,,bpt6k681060g: no usable pages in manifest.,2026-07-17T20:37:51.885314
leconstitutionnel,bpt6k681061v,,failed,0,0,,no_usable_pages,known,,,bpt6k681061v: no usable pages in manifest.,2026-07-17T20:37:51.972458
leconstitutionnel,bpt6k6810627,,failed,0,0,,no_usable_pages,known,,,bpt6k6810627: no usable pages in manifest.,2026-07-17T20:37:52.049827
leconstitutionnel,bpt6k681063m,,failed,0,0,,no_usable_pages,known,,,bpt6k681063m: no usable pages in manifest.,2026-07-17T20:37:52.116339
leconstitutionnel,bpt6k6810640,,failed,0,0,,no_usable_pages,known,,,bpt6k6810640: no usable pages in manifest.,2026-07-17T20:37:52.188034
leconstitutionnel,bpt6k681065c,,failed,0,0,,no_usable_pages,known,,,bpt6k681065c: no usable pages in manifest.,2026-07-17T20:37:52.298596
leconstitutionnel,bpt6k681066r,,failed,0,0,,no_usable_pages,known,,,bpt6k681066r: no usable pages in manifest.,2026-07-17T20:37:52.371366
leconstitutionnel,bpt6k6810674,,failed,0,0,,no_usable_pages,known,,,bpt6k6810674: no usable pages in manifest.,2026-07-17T20:37:52.449421
leconstitutionnel,bpt6k681068h,,failed,0,0,,no_usable_pages,known,,,bpt6k681068h: no usable pages in manifest.,2026-07-17T20:37:52.516577
leconstitutionnel,bpt6k681069w,,failed,0,0,,no_usable_pages,known,,,bpt6k681069w: no usable pages in manifest.,2026-07-17T20:37:52.575443
leconstitutionnel,bpt6k681070t,,failed,0,0,,no_usable_pages,known,,,bpt6k681070t: no usable pages in manifest.,2026-07-17T20:37:52.632132
leconstitutionnel,bpt6k6810716,,failed,0,0,,no_usable_pages,known,,,bpt6k6810716: no usable pages in manifest.,2026-07-17T20:37:52.709126
leconstitutionnel,bpt6k681072k,,failed,0,0,,no_usable_pages,known,,,bpt6k681072k: no usable pages in manifest.,2026-07-17T20:37:52.809652
leconstitutionnel,bpt6k681073z,,failed,0,0,,no_usable_pages,known,,,bpt6k681073z: no usable pages in manifest.,2026-07-17T20:37:52.917939
leconstitutionnel,bpt6k681074b,,failed,0,0,,no_usable_pages,known,,,bpt6k681074b: no usable pages in manifest.,2026-07-17T20:37:52.987069
leconstitutionnel,bpt6k681075q,,failed,0,0,,no_usable_pages,known,,,bpt6k681075q: no usable pages in manifest.,2026-07-17T20:37:53.092399
leconstitutionnel,bpt6k6810763,,failed,0,0,,no_usable_pages,known,,,bpt6k6810763: no usable pages in manifest.,2026-07-17T20:37:53.149604
leconstitutionnel,bpt6k681077g,,failed,0,0,,no_usable_pages,known,,,bpt6k681077g: no usable pages in manifest.,2026-07-17T20:37:53.241575
leconstitutionnel,bpt6k681078v,,failed,0,0,,no_usable_pages,known,,,bpt6k681078v: no usable pages in manifest.,2026-07-17T20:37:53.339996
leconstitutionnel,bpt6k6810797,,failed,0,0,,no_usable_pages,known,,,bpt6k6810797: no usable pages in manifest.,2026-07-17T20:37:53.421436
leconstitutionnel,bpt6k6810805,,failed,0,0,,no_usable_pages,known,,,bpt6k6810805: no usable pages in manifest.,2026-07-17T20:37:53.485521
leconstitutionnel,bpt6k681081j,,failed,0,0,,no_usable_pages,known,,,bpt6k681081j: no usable pages in manifest.,2026-07-17T20:37:53.543201
leconstitutionnel,bpt6k681082x,,failed,0,0,,no_usable_pages,known,,,bpt6k681082x: no usable pages in manifest.,2026-07-17T20:37:53.624838
leconstitutionnel,bpt6k6810839,,failed,0,0,,no_usable_pages,known,,,bpt6k6810839: no usable pages in manifest.,2026-07-17T20:37:53.683465
leconstitutionnel,bpt6k681084p,,failed,0,0,,no_usable_pages,known,,,bpt6k681084p: no usable pages in manifest.,2026-07-17T20:37:53.759477
leconstitutionnel,bpt6k6810852,,failed,0,0,,no_usable_pages,known,,,bpt6k6810852: no usable pages in manifest.,2026-07-17T20:37:53.827741
leconstitutionnel,bpt6k681086f,,failed,0,0,,no_usable_pages,known,,,bpt6k681086f: no usable pages in manifest.,2026-07-17T20:37:53.916441
leconstitutionnel,bpt6k681087t,,failed,0,0,,no_usable_pages,known,,,bpt6k681087t: no usable pages in manifest.,2026-07-17T20:37:53.983423
leconstitutionnel,bpt6k6810886,,failed,0,0,,no_usable_pages,known,,,bpt6k6810886: no usable pages in manifest.,2026-07-17T20:37:54.057244
leconstitutionnel,bpt6k681089k,,failed,0,0,,no_usable_pages,known,,,bpt6k681089k: no usable pages in manifest.,2026-07-17T20:37:54.110589
leconstitutionnel,bpt6k681090h,,failed,0,0,,no_usable_pages,known,,,bpt6k681090h: no usable pages in manifest.,2026-07-17T20:37:54.172534
leconstitutionnel,bpt6k681091w,,failed,0,0,,no_usable_pages,known,,,bpt6k681091w: no usable pages in manifest.,2026-07-17T20:37:54.228923
leconstitutionnel,bpt6k6810928,,failed,0,0,,no_usable_pages,known,,,bpt6k6810928: no usable pages in manifest.,2026-07-17T20:37:54.374000
leconstitutionnel,bpt6k681093n,,failed,0,0,,no_usable_pages,known,,,bpt6k681093n: no usable pages in manifest.,2026-07-17T20:37:54.632689
leconstitutionnel,bpt6k6810941,,failed,0,0,,no_usable_pages,known,,,bpt6k6810941: no usable pages in manifest.,2026-07-17T20:37:54.727422
leconstitutionnel,bpt6k681095d,,failed,0,0,,no_usable_pages,known,,,bpt6k681095d: no usable pages in manifest.,2026-07-17T20:37:54.816533
leconstitutionnel,bpt6k681096s,,failed,0,0,,no_usable_pages,known,,,bpt6k681096s: no usable pages in manifest.,2026-07-17T20:37:54.884434
leconstitutionnel,bpt6k6810975,,failed,0,0,,no_usable_pages,known,,,bpt6k6810975: no usable pages in manifest.,2026-07-17T20:37:54.953077
leconstitutionnel,bpt6k681098j,,failed,0,0,,no_usable_pages,known,,,bpt6k681098j: no usable pages in manifest.,2026-07-17T20:37:55.016340
leconstitutionnel,bpt6k681099x,,failed,0,0,,no_usable_pages,known,,,bpt6k681099x: no usable pages in manifest.,2026-07-17T20:37:55.078508
leconstitutionnel,bpt6k681100q,,failed,0,0,,no_usable_pages,known,,,bpt6k681100q: no usable pages in manifest.,2026-07-17T20:37:55.126366
leconstitutionnel,bpt6k6811013,,failed,0,0,,no_usable_pages,known,,,bpt6k6811013: no usable pages in manifest.,2026-07-17T20:37:55.197758
leconstitutionnel,bpt6k681102g,,failed,0,0,,no_usable_pages,known,,,bpt6k681102g: no usable pages in manifest.,2026-07-17T20:37:55.277596
leconstitutionnel,bpt6k681103v,,failed,0,0,,no_usable_pages,known,,,bpt6k681103v: no usable pages in manifest.,2026-07-17T20:37:55.342861
leconstitutionnel,bpt6k6811047,,failed,0,0,,no_usable_pages,known,,,bpt6k6811047: no usable pages in manifest.,2026-07-17T20:37:55.416222
leconstitutionnel,bpt6k681105m,,failed,0,0,,no_usable_pages,known,,,bpt6k681105m: no usable pages in manifest.,2026-07-17T20:37:55.502718
leconstitutionnel,bpt6k6811060,,failed,0,0,,no_usable_pages,known,,,bpt6k6811060: no usable pages in manifest.,2026-07-17T20:37:55.617311
leconstitutionnel,bpt6k681107c,,failed,0,0,,no_usable_pages,known,,,bpt6k681107c: no usable pages in manifest.,2026-07-17T20:37:55.698636
leconstitutionnel,bpt6k681108r,,failed,0,0,,no_usable_pages,known,,,bpt6k681108r: no usable pages in manifest.,2026-07-17T20:37:55.762076
leconstitutionnel,bpt6k6811094,,failed,0,0,,no_usable_pages,known,,,bpt6k6811094: no usable pages in manifest.,2026-07-17T20:37:55.839972
leconstitutionnel,bpt6k6811102,,failed,0,0,,no_usable_pages,known,,,bpt6k6811102: no usable pages in manifest.,2026-07-17T20:37:55.986598
leconstitutionnel,bpt6k681111f,,failed,0,0,,no_usable_pages,known,,,bpt6k681111f: no usable pages in manifest.,2026-07-17T20:37:56.085773
leconstitutionnel,bpt6k681112t,,failed,0,0,,no_usable_pages,known,,,bpt6k681112t: no usable pages in manifest.,2026-07-17T20:37:56.153585
leconstitutionnel,bpt6k6811136,,failed,0,0,,no_usable_pages,known,,,bpt6k6811136: no usable pages in manifest.,2026-07-17T20:37:56.214280
leconstitutionnel,bpt6k681114k,,failed,0,0,,no_usable_pages,known,,,bpt6k681114k: no usable pages in manifest.,2026-07-17T20:37:56.292663
leconstitutionnel,bpt6k681115z,,failed,0,0,,no_usable_pages,known,,,bpt6k681115z: no usable pages in manifest.,2026-07-17T20:37:56.379833
leconstitutionnel,bpt6k681116b,,failed,0,0,,no_usable_pages,known,,,bpt6k681116b: no usable pages in manifest.,2026-07-17T20:37:56.439668
leconstitutionnel,bpt6k681117q,,failed,0,0,,no_usable_pages,known,,,bpt6k681117q: no usable pages in manifest.,2026-07-17T20:37:56.548743
leconstitutionnel,bpt6k6811183,,failed,0,0,,no_usable_pages,known,,,bpt6k6811183: no usable pages in manifest.,2026-07-17T20:37:56.635938
leconstitutionnel,bpt6k681119g,,failed,0,0,,no_usable_pages,known,,,bpt6k681119g: no usable pages in manifest.,2026-07-17T20:37:56.734587
leconstitutionnel,bpt6k681120d,,failed,0,0,,no_usable_pages,known,,,bpt6k681120d: no usable pages in manifest.,2026-07-17T20:37:56.806480
leconstitutionnel,bpt6k681121s,,failed,0,0,,no_usable_pages,known,,,bpt6k681121s: no usable pages in manifest.,2026-07-17T20:37:56.885386
leconstitutionnel,bpt6k6811225,,failed,0,0,,no_usable_pages,known,,,bpt6k6811225: no usable pages in manifest.,2026-07-17T20:37:56.979251
leconstitutionnel,bpt6k681123j,,failed,0,0,,no_usable_pages,known,,,bpt6k681123j: no usable pages in manifest.,2026-07-17T20:37:57.072357
leconstitutionnel,bpt6k681124x,,failed,0,0,,no_usable_pages,known,,,bpt6k681124x: no usable pages in manifest.,2026-07-17T20:37:57.154592
leconstitutionnel,bpt6k6811259,,failed,0,0,,no_usable_pages,known,,,bpt6k6811259: no usable pages in manifest.,2026-07-17T20:37:57.239729
leconstitutionnel,bpt6k681126p,,failed,0,0,,no_usable_pages,known,,,bpt6k681126p: no usable pages in manifest.,2026-07-17T20:37:57.448040
leconstitutionnel,bpt6k6811272,,failed,0,0,,no_usable_pages,known,,,bpt6k6811272: no usable pages in manifest.,2026-07-17T20:37:57.571643
leconstitutionnel,bpt6k681128f,,failed,0,0,,no_usable_pages,known,,,bpt6k681128f: no usable pages in manifest.,2026-07-17T20:37:57.697396
leconstitutionnel,bpt6k681129t,,failed,0,0,,no_usable_pages,known,,,bpt6k681129t: no usable pages in manifest.,2026-07-17T20:37:57.824400
leconstitutionnel,bpt6k681130r,,failed,0,0,,no_usable_pages,known,,,bpt6k681130r: no usable pages in manifest.,2026-07-17T20:37:57.932387
leconstitutionnel,bpt6k6811314,,failed,0,0,,no_usable_pages,known,,,bpt6k6811314: no usable pages in manifest.,2026-07-17T20:37:58.005087
leconstitutionnel,bpt6k681132h,,failed,0,0,,no_usable_pages,known,,,bpt6k681132h: no usable pages in manifest.,2026-07-17T20:37:58.070402
leconstitutionnel,bpt6k681133w,,failed,0,0,,no_usable_pages,known,,,bpt6k681133w: no usable pages in manifest.,2026-07-17T20:37:58.159366
leconstitutionnel,bpt6k6811348,,failed,0,0,,no_usable_pages,known,,,bpt6k6811348: no usable pages in manifest.,2026-07-17T20:37:58.235516
leconstitutionnel,bpt6k681135n,,failed,0,0,,no_usable_pages,known,,,bpt6k681135n: no usable pages in manifest.,2026-07-17T20:37:58.294241
leconstitutionnel,bpt6k6811361,,failed,0,0,,no_usable_pages,known,,,bpt6k6811361: no usable pages in manifest.,2026-07-17T20:37:58.377084
leconstitutionnel,bpt6k681137d,,failed,0,0,,no_usable_pages,known,,,bpt6k681137d: no usable pages in manifest.,2026-07-17T20:37:58.458497
leconstitutionnel,bpt6k681138s,,failed,0,0,,no_usable_pages,known,,,bpt6k681138s: no usable pages in manifest.,2026-07-17T20:37:58.568138
leconstitutionnel,bpt6k6811395,,failed,0,0,,no_usable_pages,known,,,bpt6k6811395: no usable pages in manifest.,2026-07-17T20:37:58.665981
leconstitutionnel,bpt6k6811403,,failed,0,0,,no_usable_pages,known,,,bpt6k6811403: no usable pages in manifest.,2026-07-17T20:37:58.744682
leconstitutionnel,bpt6k681141g,,failed,0,0,,no_usable_pages,known,,,bpt6k681141g: no usable pages in manifest.,2026-07-17T20:37:58.821318
leconstitutionnel,bpt6k681142v,,failed,0,0,,no_usable_pages,known,,,bpt6k681142v: no usable pages in manifest.,2026-07-17T20:37:58.908062
leconstitutionnel,bpt6k6811437,,failed,0,0,,no_usable_pages,known,,,bpt6k6811437: no usable pages in manifest.,2026-07-17T20:37:59.053867
leconstitutionnel,bpt6k681144m,,failed,0,0,,no_usable_pages,known,,,bpt6k681144m: no usable pages in manifest.,2026-07-17T20:37:59.153367
leconstitutionnel,bpt6k6811450,,failed,0,0,,no_usable_pages,known,,,bpt6k6811450: no usable pages in manifest.,2026-07-17T20:37:59.243573
leconstitutionnel,bpt6k681146c,,failed,0,0,,no_usable_pages,known,,,bpt6k681146c: no usable pages in manifest.,2026-07-17T20:37:59.312079
leconstitutionnel,bpt6k681147r,,failed,0,0,,no_usable_pages,known,,,bpt6k681147r: no usable pages in manifest.,2026-07-17T20:37:59.391872
leconstitutionnel,bpt6k6811484,,failed,0,0,,no_usable_pages,known,,,bpt6k6811484: no usable pages in manifest.,2026-07-17T20:37:59.455071
leconstitutionnel,bpt6k681149h,,failed,0,0,,no_usable_pages,known,,,bpt6k681149h: no usable pages in manifest.,2026-07-17T20:37:59.534705
leconstitutionnel,bpt6k681150f,,failed,0,0,,no_usable_pages,known,,,bpt6k681150f: no usable pages in manifest.,2026-07-17T20:37:59.616759
leconstitutionnel,bpt6k681151t,,failed,0,0,,no_usable_pages,known,,,bpt6k681151t: no usable pages in manifest.,2026-07-17T20:37:59.717691
leconstitutionnel,bpt6k6811526,,failed,0,0,,no_usable_pages,known,,,bpt6k6811526: no usable pages in manifest.,2026-07-17T20:37:59.788931
leconstitutionnel,bpt6k681153k,,failed,0,0,,no_usable_pages,known,,,bpt6k681153k: no usable pages in manifest.,2026-07-17T20:37:59.869961
leconstitutionnel,bpt6k681154z,,failed,0,0,,no_usable_pages,known,,,bpt6k681154z: no usable pages in manifest.,2026-07-17T20:37:59.949373
leconstitutionnel,bpt6k681155b,,failed,0,0,,no_usable_pages,known,,,bpt6k681155b: no usable pages in manifest.,2026-07-17T20:38:00.028424
leconstitutionnel,bpt6k681156q,,failed,0,0,,no_usable_pages,known,,,bpt6k681156q: no usable pages in manifest.,2026-07-17T20:38:00.102313
leconstitutionnel,bpt6k6811573,,failed,0,0,,no_usable_pages,known,,,bpt6k6811573: no usable pages in manifest.,2026-07-17T20:38:00.182843
leconstitutionnel,bpt6k681158g,,failed,0,0,,no_usable_pages,known,,,bpt6k681158g: no usable pages in manifest.,2026-07-17T20:38:00.232767
leconstitutionnel,bpt6k681159v,,failed,0,0,,no_usable_pages,known,,,bpt6k681159v: no usable pages in manifest.,2026-07-17T20:38:00.287751
leconstitutionnel,bpt6k681160s,,failed,0,0,,no_usable_pages,known,,,bpt6k681160s: no usable pages in manifest.,2026-07-17T20:38:00.370756
leconstitutionnel,bpt6k6811615,,failed,0,0,,no_usable_pages,known,,,bpt6k6811615: no usable pages in manifest.,2026-07-17T20:38:00.522952
leconstitutionnel,bpt6k681162j,,failed,0,0,,no_usable_pages,known,,,bpt6k681162j: no usable pages in manifest.,2026-07-17T20:38:00.597201
leconstitutionnel,bpt6k681163x,,failed,0,0,,no_usable_pages,known,,,bpt6k681163x: no usable pages in manifest.,2026-07-17T20:38:00.699131
leconstitutionnel,bpt6k6811649,,failed,0,0,,no_usable_pages,known,,,bpt6k6811649: no usable pages in manifest.,2026-07-17T20:38:00.799737
leconstitutionnel,bpt6k681165p,,failed,0,0,,no_usable_pages,known,,,bpt6k681165p: no usable pages in manifest.,2026-07-17T20:38:00.889171
leconstitutionnel,bpt6k6811662,,failed,0,0,,no_usable_pages,known,,,bpt6k6811662: no usable pages in manifest.,2026-07-17T20:38:00.964819
leconstitutionnel,bpt6k681167f,,failed,0,0,,no_usable_pages,known,,,bpt6k681167f: no usable pages in manifest.,2026-07-17T20:38:01.033242
leconstitutionnel,bpt6k681168t,,failed,0,0,,no_usable_pages,known,,,bpt6k681168t: no usable pages in manifest.,2026-07-17T20:38:01.112719
leconstitutionnel,bpt6k6811696,,failed,0,0,,no_usable_pages,known,,,bpt6k6811696: no usable pages in manifest.,2026-07-17T20:38:01.189956
leconstitutionnel,bpt6k6811704,,failed,0,0,,no_usable_pages,known,,,bpt6k6811704: no usable pages in manifest.,2026-07-17T20:38:01.250035
leconstitutionnel,bpt6k681171h,,failed,0,0,,no_usable_pages,known,,,bpt6k681171h: no usable pages in manifest.,2026-07-17T20:38:01.315552
leconstitutionnel,bpt6k681172w,,failed,0,0,,no_usable_pages,known,,,bpt6k681172w: no usable pages in manifest.,2026-07-17T20:38:01.379397
leconstitutionnel,bpt6k6811738,,failed,0,0,,no_usable_pages,known,,,bpt6k6811738: no usable pages in manifest.,2026-07-17T20:38:01.447643
leconstitutionnel,bpt6k681174n,,failed,0,0,,no_usable_pages,known,,,bpt6k681174n: no usable pages in manifest.,2026-07-17T20:38:01.504373
leconstitutionnel,bpt6k6811751,,failed,0,0,,no_usable_pages,known,,,bpt6k6811751: no usable pages in manifest.,2026-07-17T20:38:01.572807
leconstitutionnel,bpt6k681176d,,failed,0,0,,no_usable_pages,known,,,bpt6k681176d: no usable pages in manifest.,2026-07-17T20:38:01.642677
leconstitutionnel,bpt6k681177s,,failed,0,0,,no_usable_pages,known,,,bpt6k681177s: no usable pages in manifest.,2026-07-17T20:38:01.712581
leconstitutionnel,bpt6k6811785,,failed,0,0,,no_usable_pages,known,,,bpt6k6811785: no usable pages in manifest.,2026-07-17T20:38:01.844947
leconstitutionnel,bpt6k681179j,,failed,0,0,,no_usable_pages,known,,,bpt6k681179j: no usable pages in manifest.,2026-07-17T20:38:01.937803
leconstitutionnel,bpt6k681180g,,failed,0,0,,no_usable_pages,known,,,bpt6k681180g: no usable pages in manifest.,2026-07-17T20:38:02.066490
leconstitutionnel,bpt6k681181v,,failed,0,0,,no_usable_pages,known,,,bpt6k681181v: no usable pages in manifest.,2026-07-17T20:38:02.135577
leconstitutionnel,bpt6k6811827,,failed,0,0,,no_usable_pages,known,,,bpt6k6811827: no usable pages in manifest.,2026-07-17T20:38:02.201215
leconstitutionnel,bpt6k681183m,,failed,0,0,,no_usable_pages,known,,,bpt6k681183m: no usable pages in manifest.,2026-07-17T20:38:02.274295
leconstitutionnel,bpt6k6811840,,failed,0,0,,no_usable_pages,known,,,bpt6k6811840: no usable pages in manifest.,2026-07-17T20:38:02.332927
leconstitutionnel,bpt6k681185c,,failed,0,0,,no_usable_pages,known,,,bpt6k681185c: no usable pages in manifest.,2026-07-17T20:38:02.403960
leconstitutionnel,bpt6k681186r,,failed,0,0,,no_usable_pages,known,,,bpt6k681186r: no usable pages in manifest.,2026-07-17T20:38:02.469866
leconstitutionnel,bpt6k6811874,,failed,0,0,,no_usable_pages,known,,,bpt6k6811874: no usable pages in manifest.,2026-07-17T20:38:02.548501
leconstitutionnel,bpt6k681188h,,failed,0,0,,no_usable_pages,known,,,bpt6k681188h: no usable pages in manifest.,2026-07-17T20:38:02.607119
leconstitutionnel,bpt6k681189w,,failed,0,0,,no_usable_pages,known,,,bpt6k681189w: no usable pages in manifest.,2026-07-17T20:38:02.669645
leconstitutionnel,bpt6k681190t,,failed,0,0,,no_usable_pages,known,,,bpt6k681190t: no usable pages in manifest.,2026-07-17T20:38:02.752984
leconstitutionnel,bpt6k6811916,,failed,0,0,,no_usable_pages,known,,,bpt6k6811916: no usable pages in manifest.,2026-07-17T20:38:02.851985
leconstitutionnel,bpt6k681192k,,failed,0,0,,no_usable_pages,known,,,bpt6k681192k: no usable pages in manifest.,2026-07-17T20:38:02.928712
leconstitutionnel,bpt6k681193z,,failed,0,0,,no_usable_pages,known,,,bpt6k681193z: no usable pages in manifest.,2026-07-17T20:38:02.989488
leconstitutionnel,bpt6k681194b,,failed,0,0,,no_usable_pages,known,,,bpt6k681194b: no usable pages in manifest.,2026-07-17T20:38:03.070702
leconstitutionnel,bpt6k681195q,,failed,0,0,,no_usable_pages,known,,,bpt6k681195q: no usable pages in manifest.,2026-07-17T20:38:03.173738
leconstitutionnel,bpt6k6811963,,failed,0,0,,no_usable_pages,known,,,bpt6k6811963: no usable pages in manifest.,2026-07-17T20:38:03.322460
leconstitutionnel,bpt6k681197g,,failed,0,0,,no_usable_pages,known,,,bpt6k681197g: no usable pages in manifest.,2026-07-17T20:38:03.424261
leconstitutionnel,bpt6k681198v,,failed,0,0,,no_usable_pages,known,,,bpt6k681198v: no usable pages in manifest.,2026-07-17T20:38:03.532484
leconstitutionnel,bpt6k6811997,,failed,0,0,,no_usable_pages,known,,,bpt6k6811997: no usable pages in manifest.,2026-07-17T20:38:03.609195
leconstitutionnel,bpt6k6812001,,failed,0,0,,no_usable_pages,known,,,bpt6k6812001: no usable pages in manifest.,2026-07-17T20:38:03.685370
leconstitutionnel,bpt6k681201d,,failed,0,0,,no_usable_pages,known,,,bpt6k681201d: no usable pages in manifest.,2026-07-17T20:38:03.796331
leconstitutionnel,bpt6k681202s,,failed,0,0,,no_usable_pages,known,,,bpt6k681202s: no usable pages in manifest.,2026-07-17T20:38:03.897981
leconstitutionnel,bpt6k6812035,,failed,0,0,,no_usable_pages,known,,,bpt6k6812035: no usable pages in manifest.,2026-07-17T20:38:03.982737
leconstitutionnel,bpt6k681204j,,failed,0,0,,no_usable_pages,known,,,bpt6k681204j: no usable pages in manifest.,2026-07-17T20:38:04.038986
leconstitutionnel,bpt6k681205x,,failed,0,0,,no_usable_pages,known,,,bpt6k681205x: no usable pages in manifest.,2026-07-17T20:38:04.111717
leconstitutionnel,bpt6k6812069,,failed,0,0,,no_usable_pages,known,,,bpt6k6812069: no usable pages in manifest.,2026-07-17T20:38:04.186895
leconstitutionnel,bpt6k681207p,,failed,0,0,,no_usable_pages,known,,,bpt6k681207p: no usable pages in manifest.,2026-07-17T20:38:04.258236
leconstitutionnel,bpt6k6812082,,failed,0,0,,no_usable_pages,known,,,bpt6k6812082: no usable pages in manifest.,2026-07-17T20:38:04.312456
leconstitutionnel,bpt6k681209f,,failed,0,0,,no_usable_pages,known,,,bpt6k681209f: no usable pages in manifest.,2026-07-17T20:38:04.366817
leconstitutionnel,bpt6k681210c,,failed,0,0,,no_usable_pages,known,,,bpt6k681210c: no usable pages in manifest.,2026-07-17T20:38:04.439165
leconstitutionnel,bpt6k681211r,,failed,0,0,,no_usable_pages,known,,,bpt6k681211r: no usable pages in manifest.,2026-07-17T20:38:04.511439
leconstitutionnel,bpt6k6812124,,failed,0,0,,no_usable_pages,known,,,bpt6k6812124: no usable pages in manifest.,2026-07-17T20:38:04.579970
leconstitutionnel,bpt6k681213h,,failed,0,0,,no_usable_pages,known,,,bpt6k681213h: no usable pages in manifest.,2026-07-17T20:38:04.660151
leconstitutionnel,bpt6k681214w,,failed,0,0,,no_usable_pages,known,,,bpt6k681214w: no usable pages in manifest.,2026-07-17T20:38:04.745865
leconstitutionnel,bpt6k6812158,,failed,0,0,,no_usable_pages,known,,,bpt6k6812158: no usable pages in manifest.,2026-07-17T20:38:04.856850
leconstitutionnel,bpt6k681216n,,failed,0,0,,no_usable_pages,known,,,bpt6k681216n: no usable pages in manifest.,2026-07-17T20:38:05.025414
leconstitutionnel,bpt6k6812171,,failed,0,0,,no_usable_pages,known,,,bpt6k6812171: no usable pages in manifest.,2026-07-17T20:38:05.097079
leconstitutionnel,bpt6k681218d,,failed,0,0,,no_usable_pages,known,,,bpt6k681218d: no usable pages in manifest.,2026-07-17T20:38:05.149607
leconstitutionnel,bpt6k681219s,,failed,0,0,,no_usable_pages,known,,,bpt6k681219s: no usable pages in manifest.,2026-07-17T20:38:05.219372
leconstitutionnel,bpt6k681220q,,failed,0,0,,no_usable_pages,known,,,bpt6k681220q: no usable pages in manifest.,2026-07-17T20:38:05.286411
leconstitutionnel,bpt6k6812213,,failed,0,0,,no_usable_pages,known,,,bpt6k6812213: no usable pages in manifest.,2026-07-17T20:38:05.350359
leconstitutionnel,bpt6k681222g,,failed,0,0,,no_usable_pages,known,,,bpt6k681222g: no usable pages in manifest.,2026-07-17T20:38:05.415558
leconstitutionnel,bpt6k681223v,,failed,0,0,,no_usable_pages,known,,,bpt6k681223v: no usable pages in manifest.,2026-07-17T20:38:05.487017
leconstitutionnel,bpt6k6812247,,failed,0,0,,no_usable_pages,known,,,bpt6k6812247: no usable pages in manifest.,2026-07-17T20:38:05.582849
leconstitutionnel,bpt6k681225m,,failed,0,0,,no_usable_pages,known,,,bpt6k681225m: no usable pages in manifest.,2026-07-17T20:38:05.657571
leconstitutionnel,bpt6k6812260,,failed,0,0,,no_usable_pages,known,,,bpt6k6812260: no usable pages in manifest.,2026-07-17T20:38:05.749715
leconstitutionnel,bpt6k681227c,,failed,0,0,,no_usable_pages,known,,,bpt6k681227c: no usable pages in manifest.,2026-07-17T20:38:05.817089
leconstitutionnel,bpt6k681228r,,failed,0,0,,no_usable_pages,known,,,bpt6k681228r: no usable pages in manifest.,2026-07-17T20:38:05.886408
leconstitutionnel,bpt6k6812294,,failed,0,0,,no_usable_pages,known,,,bpt6k6812294: no usable pages in manifest.,2026-07-17T20:38:05.982073
leconstitutionnel,bpt6k6812302,,failed,0,0,,no_usable_pages,known,,,bpt6k6812302: no usable pages in manifest.,2026-07-17T20:38:06.070805
leconstitutionnel,bpt6k681231f,,failed,0,0,,no_usable_pages,known,,,bpt6k681231f: no usable pages in manifest.,2026-07-17T20:38:06.143340
leconstitutionnel,bpt6k681232t,,failed,0,0,,no_usable_pages,known,,,bpt6k681232t: no usable pages in manifest.,2026-07-17T20:38:06.283821
leconstitutionnel,bpt6k6812336,,failed,0,0,,no_usable_pages,known,,,bpt6k6812336: no usable pages in manifest.,2026-07-17T20:38:06.345935
leconstitutionnel,bpt6k681234k,,failed,0,0,,no_usable_pages,known,,,bpt6k681234k: no usable pages in manifest.,2026-07-17T20:38:06.440106
leconstitutionnel,bpt6k681235z,,failed,0,0,,no_usable_pages,known,,,bpt6k681235z: no usable pages in manifest.,2026-07-17T20:38:06.514048
leconstitutionnel,bpt6k681236b,,failed,0,0,,no_usable_pages,known,,,bpt6k681236b: no usable pages in manifest.,2026-07-17T20:38:06.593847
leconstitutionnel,bpt6k681237q,,failed,0,0,,no_usable_pages,known,,,bpt6k681237q: no usable pages in manifest.,2026-07-17T20:38:06.671227
leconstitutionnel,bpt6k6812383,,failed,0,0,,no_usable_pages,known,,,bpt6k6812383: no usable pages in manifest.,2026-07-17T20:38:06.743183
leconstitutionnel,bpt6k681239g,,failed,0,0,,no_usable_pages,known,,,bpt6k681239g: no usable pages in manifest.,2026-07-17T20:38:06.823883
leconstitutionnel,bpt6k681240d,,failed,0,0,,no_usable_pages,known,,,bpt6k681240d: no usable pages in manifest.,2026-07-17T20:38:06.908444
leconstitutionnel,bpt6k681241s,,failed,0,0,,no_usable_pages,known,,,bpt6k681241s: no usable pages in manifest.,2026-07-17T20:38:07.032848
leconstitutionnel,bpt6k6812425,,failed,0,0,,no_usable_pages,known,,,bpt6k6812425: no usable pages in manifest.,2026-07-17T20:38:07.144979
leconstitutionnel,bpt6k681243j,,failed,0,0,,no_usable_pages,known,,,bpt6k681243j: no usable pages in manifest.,2026-07-17T20:38:07.261445
leconstitutionnel,bpt6k681244x,,failed,0,0,,no_usable_pages,known,,,bpt6k681244x: no usable pages in manifest.,2026-07-17T20:38:07.324731
leconstitutionnel,bpt6k6812459,,failed,0,0,,no_usable_pages,known,,,bpt6k6812459: no usable pages in manifest.,2026-07-17T20:38:07.390353
leconstitutionnel,bpt6k681246p,,failed,0,0,,no_usable_pages,known,,,bpt6k681246p: no usable pages in manifest.,2026-07-17T20:38:07.478459
leconstitutionnel,bpt6k6812472,,failed,0,0,,no_usable_pages,known,,,bpt6k6812472: no usable pages in manifest.,2026-07-17T20:38:07.567555
leconstitutionnel,bpt6k681248f,,failed,0,0,,no_usable_pages,known,,,bpt6k681248f: no usable pages in manifest.,2026-07-17T20:38:07.825889
leconstitutionnel,bpt6k681249t,,failed,0,0,,no_usable_pages,known,,,bpt6k681249t: no usable pages in manifest.,2026-07-17T20:38:07.919762
leconstitutionnel,bpt6k681250r,,failed,0,0,,no_usable_pages,known,,,bpt6k681250r: no usable pages in manifest.,2026-07-17T20:38:08.019681
leconstitutionnel,bpt6k6812514,,failed,0,0,,no_usable_pages,known,,,bpt6k6812514: no usable pages in manifest.,2026-07-17T20:38:08.087197
leconstitutionnel,bpt6k681252h,,failed,0,0,,no_usable_pages,known,,,bpt6k681252h: no usable pages in manifest.,2026-07-17T20:38:08.163998
leconstitutionnel,bpt6k681253w,,failed,0,0,,no_usable_pages,known,,,bpt6k681253w: no usable pages in manifest.,2026-07-17T20:38:08.229880
leconstitutionnel,bpt6k6812548,,failed,0,0,,no_usable_pages,known,,,bpt6k6812548: no usable pages in manifest.,2026-07-17T20:38:08.288949
leconstitutionnel,bpt6k681255n,,failed,0,0,,no_usable_pages,known,,,bpt6k681255n: no usable pages in manifest.,2026-07-17T20:38:08.361057
leconstitutionnel,bpt6k6812561,,failed,0,0,,no_usable_pages,known,,,bpt6k6812561: no usable pages in manifest.,2026-07-17T20:38:08.439561
leconstitutionnel,bpt6k681257d,,failed,0,0,,no_usable_pages,known,,,bpt6k681257d: no usable pages in manifest.,2026-07-17T20:38:08.510456
leconstitutionnel,bpt6k681258s,,failed,0,0,,no_usable_pages,known,,,bpt6k681258s: no usable pages in manifest.,2026-07-17T20:38:08.577570
leconstitutionnel,bpt6k6812595,,failed,0,0,,no_usable_pages,known,,,bpt6k6812595: no usable pages in manifest.,2026-07-17T20:38:08.665278
leconstitutionnel,bpt6k6812603,,failed,0,0,,no_usable_pages,known,,,bpt6k6812603: no usable pages in manifest.,2026-07-17T20:38:08.783985
leconstitutionnel,bpt6k681261g,,failed,0,0,,no_usable_pages,known,,,bpt6k681261g: no usable pages in manifest.,2026-07-17T20:38:08.859655
leconstitutionnel,bpt6k681262v,,failed,0,0,,no_usable_pages,known,,,bpt6k681262v: no usable pages in manifest.,2026-07-17T20:38:08.942380
leconstitutionnel,bpt6k6812637,,failed,0,0,,no_usable_pages,known,,,bpt6k6812637: no usable pages in manifest.,2026-07-17T20:38:09.059469
leconstitutionnel,bpt6k681264m,,failed,0,0,,no_usable_pages,known,,,bpt6k681264m: no usable pages in manifest.,2026-07-17T20:38:09.152659
leconstitutionnel,bpt6k6812650,,failed,0,0,,no_usable_pages,known,,,bpt6k6812650: no usable pages in manifest.,2026-07-17T20:38:09.321368
leconstitutionnel,bpt6k681266c,,failed,0,0,,no_usable_pages,known,,,bpt6k681266c: no usable pages in manifest.,2026-07-17T20:38:09.421112
leconstitutionnel,bpt6k681267r,,failed,0,0,,no_usable_pages,known,,,bpt6k681267r: no usable pages in manifest.,2026-07-17T20:38:09.494614
leconstitutionnel,bpt6k6812684,,failed,0,0,,no_usable_pages,known,,,bpt6k6812684: no usable pages in manifest.,2026-07-17T20:38:09.553665
leconstitutionnel,bpt6k681269h,,failed,0,0,,no_usable_pages,known,,,bpt6k681269h: no usable pages in manifest.,2026-07-17T20:38:09.667379
leconstitutionnel,bpt6k681270f,,failed,0,0,,no_usable_pages,known,,,bpt6k681270f: no usable pages in manifest.,2026-07-17T20:38:09.728227
leconstitutionnel,bpt6k681271t,,failed,0,0,,no_usable_pages,known,,,bpt6k681271t: no usable pages in manifest.,2026-07-17T20:38:09.799090
leconstitutionnel,bpt6k6812726,,failed,0,0,,no_usable_pages,known,,,bpt6k6812726: no usable pages in manifest.,2026-07-17T20:38:09.855408
leconstitutionnel,bpt6k681273k,,failed,0,0,,no_usable_pages,known,,,bpt6k681273k: no usable pages in manifest.,2026-07-17T20:38:09.920715
leconstitutionnel,bpt6k681274z,,failed,0,0,,no_usable_pages,known,,,bpt6k681274z: no usable pages in manifest.,2026-07-17T20:38:10.000865
leconstitutionnel,bpt6k681275b,,failed,0,0,,no_usable_pages,known,,,bpt6k681275b: no usable pages in manifest.,2026-07-17T20:38:10.117900
leconstitutionnel,bpt6k681276q,,failed,0,0,,no_usable_pages,known,,,bpt6k681276q: no usable pages in manifest.,2026-07-17T20:38:10.187455
leconstitutionnel,bpt6k6812773,,failed,0,0,,no_usable_pages,known,,,bpt6k6812773: no usable pages in manifest.,2026-07-17T20:38:10.279614
leconstitutionnel,bpt6k681278g,,failed,0,0,,no_usable_pages,known,,,bpt6k681278g: no usable pages in manifest.,2026-07-17T20:38:10.362313
leconstitutionnel,bpt6k681279v,,failed,0,0,,no_usable_pages,known,,,bpt6k681279v: no usable pages in manifest.,2026-07-17T20:38:10.438550
leconstitutionnel,bpt6k681280s,,failed,0,0,,no_usable_pages,known,,,bpt6k681280s: no usable pages in manifest.,2026-07-17T20:38:10.521287
leconstitutionnel,bpt6k6812815,,failed,0,0,,no_usable_pages,known,,,bpt6k6812815: no usable pages in manifest.,2026-07-17T20:38:10.609349
leconstitutionnel,bpt6k681282j,,failed,0,0,,no_usable_pages,known,,,bpt6k681282j: no usable pages in manifest.,2026-07-17T20:38:10.687319
leconstitutionnel,bpt6k681283x,,failed,0,0,,no_usable_pages,known,,,bpt6k681283x: no usable pages in manifest.,2026-07-17T20:38:10.781008
leconstitutionnel,bpt6k6812849,,failed,0,0,,no_usable_pages,known,,,bpt6k6812849: no usable pages in manifest.,2026-07-17T20:38:10.853219
leconstitutionnel,bpt6k681285p,,failed,0,0,,no_usable_pages,known,,,bpt6k681285p: no usable pages in manifest.,2026-07-17T20:38:10.932189
leconstitutionnel,bpt6k6812862,,failed,0,0,,no_usable_pages,known,,,bpt6k6812862: no usable pages in manifest.,2026-07-17T20:38:11.024840
leconstitutionnel,bpt6k681287f,,failed,0,0,,no_usable_pages,known,,,bpt6k681287f: no usable pages in manifest.,2026-07-17T20:38:11.135425
leconstitutionnel,bpt6k681288t,,failed,0,0,,no_usable_pages,known,,,bpt6k681288t: no usable pages in manifest.,2026-07-17T20:38:11.203892
leconstitutionnel,bpt6k6812896,,failed,0,0,,no_usable_pages,known,,,bpt6k6812896: no usable pages in manifest.,2026-07-17T20:38:11.275585
leconstitutionnel,bpt6k6812904,,failed,0,0,,no_usable_pages,known,,,bpt6k6812904: no usable pages in manifest.,2026-07-17T20:38:11.346614
leconstitutionnel,bpt6k681291h,,failed,0,0,,no_usable_pages,known,,,bpt6k681291h: no usable pages in manifest.,2026-07-17T20:38:11.423165
leconstitutionnel,bpt6k681292w,,failed,0,0,,no_usable_pages,known,,,bpt6k681292w: no usable pages in manifest.,2026-07-17T20:38:11.481112
leconstitutionnel,bpt6k6812938,,failed,0,0,,no_usable_pages,known,,,bpt6k6812938: no usable pages in manifest.,2026-07-17T20:38:11.552124
leconstitutionnel,bpt6k681294n,,failed,0,0,,no_usable_pages,known,,,bpt6k681294n: no usable pages in manifest.,2026-07-17T20:38:11.634374
leconstitutionnel,bpt6k6812951,,failed,0,0,,no_usable_pages,known,,,bpt6k6812951: no usable pages in manifest.,2026-07-17T20:38:11.729732
leconstitutionnel,bpt6k681296d,,failed,0,0,,no_usable_pages,known,,,bpt6k681296d: no usable pages in manifest.,2026-07-17T20:38:11.788131
leconstitutionnel,bpt6k681297s,,failed,0,0,,no_usable_pages,known,,,bpt6k681297s: no usable pages in manifest.,2026-07-17T20:38:11.858423
leconstitutionnel,bpt6k6812985,,failed,0,0,,no_usable_pages,known,,,bpt6k6812985: no usable pages in manifest.,2026-07-17T20:38:11.927214
leconstitutionnel,bpt6k681299j,,failed,0,0,,no_usable_pages,known,,,bpt6k681299j: no usable pages in manifest.,2026-07-17T20:38:11.995745
leconstitutionnel,bpt6k681300b,,failed,0,0,,no_usable_pages,known,,,bpt6k681300b: no usable pages in manifest.,2026-07-17T20:38:12.071516
leconstitutionnel,bpt6k681301q,,failed,0,0,,no_usable_pages,known,,,bpt6k681301q: no usable pages in manifest.,2026-07-17T20:38:12.215460
leconstitutionnel,bpt6k6813023,,failed,0,0,,no_usable_pages,known,,,bpt6k6813023: no usable pages in manifest.,2026-07-17T20:38:12.331671
leconstitutionnel,bpt6k681303g,,failed,0,0,,no_usable_pages,known,,,bpt6k681303g: no usable pages in manifest.,2026-07-17T20:38:12.416419
leconstitutionnel,bpt6k681304v,,failed,0,0,,no_usable_pages,known,,,bpt6k681304v: no usable pages in manifest.,2026-07-17T20:38:12.551279
leconstitutionnel,bpt6k6813057,,failed,0,0,,no_usable_pages,known,,,bpt6k6813057: no usable pages in manifest.,2026-07-17T20:38:12.640753
leconstitutionnel,bpt6k681306m,,failed,0,0,,no_usable_pages,known,,,bpt6k681306m: no usable pages in manifest.,2026-07-17T20:38:12.702645
leconstitutionnel,bpt6k6813070,,failed,0,0,,no_usable_pages,known,,,bpt6k6813070: no usable pages in manifest.,2026-07-17T20:38:12.788936
leconstitutionnel,bpt6k681308c,,failed,0,0,,no_usable_pages,known,,,bpt6k681308c: no usable pages in manifest.,2026-07-17T20:38:12.882700
leconstitutionnel,bpt6k681309r,,failed,0,0,,no_usable_pages,known,,,bpt6k681309r: no usable pages in manifest.,2026-07-17T20:38:12.972445
leconstitutionnel,bpt6k681310p,,failed,0,0,,no_usable_pages,known,,,bpt6k681310p: no usable pages in manifest.,2026-07-17T20:38:13.063293
leconstitutionnel,bpt6k6813112,,failed,0,0,,no_usable_pages,known,,,bpt6k6813112: no usable pages in manifest.,2026-07-17T20:38:13.172764
leconstitutionnel,bpt6k681312f,,failed,0,0,,no_usable_pages,known,,,bpt6k681312f: no usable pages in manifest.,2026-07-17T20:38:13.227109
leconstitutionnel,bpt6k681313t,,failed,0,0,,no_usable_pages,known,,,bpt6k681313t: no usable pages in manifest.,2026-07-17T20:38:13.281493
leconstitutionnel,bpt6k6813146,,failed,0,0,,no_usable_pages,known,,,bpt6k6813146: no usable pages in manifest.,2026-07-17T20:38:13.368098
leconstitutionnel,bpt6k681315k,,failed,0,0,,no_usable_pages,known,,,bpt6k681315k: no usable pages in manifest.,2026-07-17T20:38:13.445185
leconstitutionnel,bpt6k681316z,,failed,0,0,,no_usable_pages,known,,,bpt6k681316z: no usable pages in manifest.,2026-07-17T20:38:13.515331
leconstitutionnel,bpt6k681317b,,failed,0,0,,no_usable_pages,known,,,bpt6k681317b: no usable pages in manifest.,2026-07-17T20:38:13.579591
leconstitutionnel,bpt6k681318q,,failed,0,0,,no_usable_pages,known,,,bpt6k681318q: no usable pages in manifest.,2026-07-17T20:38:13.657966
leconstitutionnel,bpt6k6813193,,failed,0,0,,no_usable_pages,known,,,bpt6k6813193: no usable pages in manifest.,2026-07-17T20:38:13.728829
leconstitutionnel,bpt6k6813201,,failed,0,0,,no_usable_pages,known,,,bpt6k6813201: no usable pages in manifest.,2026-07-17T20:38:13.822645
leconstitutionnel,bpt6k681321d,,failed,0,0,,no_usable_pages,known,,,bpt6k681321d: no usable pages in manifest.,2026-07-17T20:38:13.905174
leconstitutionnel,bpt6k681322s,,failed,0,0,,no_usable_pages,known,,,bpt6k681322s: no usable pages in manifest.,2026-07-17T20:38:13.983310
leconstitutionnel,bpt6k6813235,,failed,0,0,,no_usable_pages,known,,,bpt6k6813235: no usable pages in manifest.,2026-07-17T20:38:14.053493
leconstitutionnel,bpt6k681324j,,failed,0,0,,no_usable_pages,known,,,bpt6k681324j: no usable pages in manifest.,2026-07-17T20:38:14.116743
leconstitutionnel,bpt6k681325x,,failed,0,0,,no_usable_pages,known,,,bpt6k681325x: no usable pages in manifest.,2026-07-17T20:38:14.247279
leconstitutionnel,bpt6k6813269,,failed,0,0,,no_usable_pages,known,,,bpt6k6813269: no usable pages in manifest.,2026-07-17T20:38:14.326110
leconstitutionnel,bpt6k681327p,,failed,0,0,,no_usable_pages,known,,,bpt6k681327p: no usable pages in manifest.,2026-07-17T20:38:14.393732
leconstitutionnel,bpt6k6813282,,failed,0,0,,no_usable_pages,known,,,bpt6k6813282: no usable pages in manifest.,2026-07-17T20:38:14.453888
leconstitutionnel,bpt6k681329f,,failed,0,0,,no_usable_pages,known,,,bpt6k681329f: no usable pages in manifest.,2026-07-17T20:38:14.543275
leconstitutionnel,bpt6k681330c,,failed,0,0,,no_usable_pages,known,,,bpt6k681330c: no usable pages in manifest.,2026-07-17T20:38:14.600979
leconstitutionnel,bpt6k681331r,,failed,0,0,,no_usable_pages,known,,,bpt6k681331r: no usable pages in manifest.,2026-07-17T20:38:14.663114
leconstitutionnel,bpt6k6813324,,failed,0,0,,no_usable_pages,known,,,bpt6k6813324: no usable pages in manifest.,2026-07-17T20:38:14.725616
leconstitutionnel,bpt6k681333h,,failed,0,0,,no_usable_pages,known,,,bpt6k681333h: no usable pages in manifest.,2026-07-17T20:38:14.793667
leconstitutionnel,bpt6k681334w,,failed,0,0,,no_usable_pages,known,,,bpt6k681334w: no usable pages in manifest.,2026-07-17T20:38:14.879189
leconstitutionnel,bpt6k6813358,,failed,0,0,,no_usable_pages,known,,,bpt6k6813358: no usable pages in manifest.,2026-07-17T20:38:14.946341
leconstitutionnel,bpt6k681336n,,failed,0,0,,no_usable_pages,known,,,bpt6k681336n: no usable pages in manifest.,2026-07-17T20:38:15.013904
leconstitutionnel,bpt6k6813371,,failed,0,0,,no_usable_pages,known,,,bpt6k6813371: no usable pages in manifest.,2026-07-17T20:38:15.125026
leconstitutionnel,bpt6k681338d,,failed,0,0,,no_usable_pages,known,,,bpt6k681338d: no usable pages in manifest.,2026-07-17T20:38:15.227478
leconstitutionnel,bpt6k681339s,,failed,0,0,,no_usable_pages,known,,,bpt6k681339s: no usable pages in manifest.,2026-07-17T20:38:15.323301
leconstitutionnel,bpt6k681340q,,failed,0,0,,no_usable_pages,known,,,bpt6k681340q: no usable pages in manifest.,2026-07-17T20:38:15.407233
leconstitutionnel,bpt6k6813413,,failed,0,0,,no_usable_pages,known,,,bpt6k6813413: no usable pages in manifest.,2026-07-17T20:38:15.481862
leconstitutionnel,bpt6k681342g,,failed,0,0,,no_usable_pages,known,,,bpt6k681342g: no usable pages in manifest.,2026-07-17T20:38:15.542375
leconstitutionnel,bpt6k681343v,,failed,0,0,,no_usable_pages,known,,,bpt6k681343v: no usable pages in manifest.,2026-07-17T20:38:15.606276
leconstitutionnel,bpt6k6813447,,failed,0,0,,no_usable_pages,known,,,bpt6k6813447: no usable pages in manifest.,2026-07-17T20:38:15.711428
leconstitutionnel,bpt6k681345m,,failed,0,0,,no_usable_pages,known,,,bpt6k681345m: no usable pages in manifest.,2026-07-17T20:38:15.793254
leconstitutionnel,bpt6k6813460,,failed,0,0,,no_usable_pages,known,,,bpt6k6813460: no usable pages in manifest.,2026-07-17T20:38:15.876443
leconstitutionnel,bpt6k681347c,,failed,0,0,,no_usable_pages,known,,,bpt6k681347c: no usable pages in manifest.,2026-07-17T20:38:15.934835
leconstitutionnel,bpt6k681348r,,failed,0,0,,no_usable_pages,known,,,bpt6k681348r: no usable pages in manifest.,2026-07-17T20:38:15.990186
leconstitutionnel,bpt6k6813494,,failed,0,0,,no_usable_pages,known,,,bpt6k6813494: no usable pages in manifest.,2026-07-17T20:38:16.063396
leconstitutionnel,bpt6k6813502,,failed,0,0,,no_usable_pages,known,,,bpt6k6813502: no usable pages in manifest.,2026-07-17T20:38:16.150560
leconstitutionnel,bpt6k681351f,,failed,0,0,,no_usable_pages,known,,,bpt6k681351f: no usable pages in manifest.,2026-07-17T20:38:16.252668
leconstitutionnel,bpt6k681352t,,failed,0,0,,no_usable_pages,known,,,bpt6k681352t: no usable pages in manifest.,2026-07-17T20:38:16.324718
leconstitutionnel,bpt6k6813536,,failed,0,0,,no_usable_pages,known,,,bpt6k6813536: no usable pages in manifest.,2026-07-17T20:38:16.396120
leconstitutionnel,bpt6k681354k,,failed,0,0,,no_usable_pages,known,,,bpt6k681354k: no usable pages in manifest.,2026-07-17T20:38:16.501945
leconstitutionnel,bpt6k681355z,,failed,0,0,,no_usable_pages,known,,,bpt6k681355z: no usable pages in manifest.,2026-07-17T20:38:16.584146
leconstitutionnel,bpt6k681356b,,failed,0,0,,no_usable_pages,known,,,bpt6k681356b: no usable pages in manifest.,2026-07-17T20:38:16.824131
leconstitutionnel,bpt6k681357q,,failed,0,0,,no_usable_pages,known,,,bpt6k681357q: no usable pages in manifest.,2026-07-17T20:38:16.907780
leconstitutionnel,bpt6k6813583,,failed,0,0,,no_usable_pages,known,,,bpt6k6813583: no usable pages in manifest.,2026-07-17T20:38:16.969601
leconstitutionnel,bpt6k681359g,,failed,0,0,,no_usable_pages,known,,,bpt6k681359g: no usable pages in manifest.,2026-07-17T20:38:17.059319
leconstitutionnel,bpt6k681360d,,failed,0,0,,no_usable_pages,known,,,bpt6k681360d: no usable pages in manifest.,2026-07-17T20:38:17.153673
leconstitutionnel,bpt6k681361s,,failed,0,0,,no_usable_pages,known,,,bpt6k681361s: no usable pages in manifest.,2026-07-17T20:38:17.254370
leconstitutionnel,bpt6k6813625,,failed,0,0,,no_usable_pages,known,,,bpt6k6813625: no usable pages in manifest.,2026-07-17T20:38:17.372438
leconstitutionnel,bpt6k681363j,,failed,0,0,,no_usable_pages,known,,,bpt6k681363j: no usable pages in manifest.,2026-07-17T20:38:17.465112
leconstitutionnel,bpt6k681364x,,failed,0,0,,no_usable_pages,known,,,bpt6k681364x: no usable pages in manifest.,2026-07-17T20:38:17.654949
leconstitutionnel,bpt6k6813659,,failed,0,0,,no_usable_pages,known,,,bpt6k6813659: no usable pages in manifest.,2026-07-17T20:38:17.722863
leconstitutionnel,bpt6k681366p,,failed,0,0,,no_usable_pages,known,,,bpt6k681366p: no usable pages in manifest.,2026-07-17T20:38:17.800079
leconstitutionnel,bpt6k6813672,,failed,0,0,,no_usable_pages,known,,,bpt6k6813672: no usable pages in manifest.,2026-07-17T20:38:17.885951
leconstitutionnel,bpt6k681368f,,failed,0,0,,no_usable_pages,known,,,bpt6k681368f: no usable pages in manifest.,2026-07-17T20:38:17.954073
leconstitutionnel,bpt6k681369t,,failed,0,0,,no_usable_pages,known,,,bpt6k681369t: no usable pages in manifest.,2026-07-17T20:38:18.041644
leconstitutionnel,bpt6k681370r,,failed,0,0,,no_usable_pages,known,,,bpt6k681370r: no usable pages in manifest.,2026-07-17T20:38:18.138488
leconstitutionnel,bpt6k6813714,,failed,0,0,,no_usable_pages,known,,,bpt6k6813714: no usable pages in manifest.,2026-07-17T20:38:18.279340
leconstitutionnel,bpt6k681372h,,failed,0,0,,no_usable_pages,known,,,bpt6k681372h: no usable pages in manifest.,2026-07-17T20:38:18.488607
leconstitutionnel,bpt6k681373w,,failed,0,0,,no_usable_pages,known,,,bpt6k681373w: no usable pages in manifest.,2026-07-17T20:38:18.586035
leconstitutionnel,bpt6k6813748,,failed,0,0,,no_usable_pages,known,,,bpt6k6813748: no usable pages in manifest.,2026-07-17T20:38:18.658351
leconstitutionnel,bpt6k681375n,,failed,0,0,,no_usable_pages,known,,,bpt6k681375n: no usable pages in manifest.,2026-07-17T20:38:18.730531
leconstitutionnel,bpt6k6813761,,failed,0,0,,no_usable_pages,known,,,bpt6k6813761: no usable pages in manifest.,2026-07-17T20:38:18.798570
leconstitutionnel,bpt6k681377d,,failed,0,0,,no_usable_pages,known,,,bpt6k681377d: no usable pages in manifest.,2026-07-17T20:38:18.882312
leconstitutionnel,bpt6k681378s,,failed,0,0,,no_usable_pages,known,,,bpt6k681378s: no usable pages in manifest.,2026-07-17T20:38:18.952310
leconstitutionnel,bpt6k6813795,,failed,0,0,,no_usable_pages,known,,,bpt6k6813795: no usable pages in manifest.,2026-07-17T20:38:19.019398
leconstitutionnel,bpt6k6813803,,failed,0,0,,no_usable_pages,known,,,bpt6k6813803: no usable pages in manifest.,2026-07-17T20:38:19.077558
leconstitutionnel,bpt6k681381g,,failed,0,0,,no_usable_pages,known,,,bpt6k681381g: no usable pages in manifest.,2026-07-17T20:38:19.156749
leconstitutionnel,bpt6k681382v,,failed,0,0,,no_usable_pages,known,,,bpt6k681382v: no usable pages in manifest.,2026-07-17T20:38:19.221970
leconstitutionnel,bpt6k6813837,,failed,0,0,,no_usable_pages,known,,,bpt6k6813837: no usable pages in manifest.,2026-07-17T20:38:19.302665
leconstitutionnel,bpt6k681384m,,failed,0,0,,no_usable_pages,known,,,bpt6k681384m: no usable pages in manifest.,2026-07-17T20:38:19.364290
leconstitutionnel,bpt6k6813850,,failed,0,0,,no_usable_pages,known,,,bpt6k6813850: no usable pages in manifest.,2026-07-17T20:38:19.459669
leconstitutionnel,bpt6k681386c,,failed,0,0,,no_usable_pages,known,,,bpt6k681386c: no usable pages in manifest.,2026-07-17T20:38:19.537188
leconstitutionnel,bpt6k681387r,,failed,0,0,,no_usable_pages,known,,,bpt6k681387r: no usable pages in manifest.,2026-07-17T20:38:19.615195
leconstitutionnel,bpt6k6813884,,failed,0,0,,no_usable_pages,known,,,bpt6k6813884: no usable pages in manifest.,2026-07-17T20:38:19.688203
leconstitutionnel,bpt6k681389h,,failed,0,0,,no_usable_pages,known,,,bpt6k681389h: no usable pages in manifest.,2026-07-17T20:38:19.768530
leconstitutionnel,bpt6k681390f,,failed,0,0,,no_usable_pages,known,,,bpt6k681390f: no usable pages in manifest.,2026-07-17T20:38:19.848437
leconstitutionnel,bpt6k681391t,,failed,0,0,,no_usable_pages,known,,,bpt6k681391t: no usable pages in manifest.,2026-07-17T20:38:19.921689
leconstitutionnel,bpt6k6813926,,failed,0,0,,no_usable_pages,known,,,bpt6k6813926: no usable pages in manifest.,2026-07-17T20:38:20.022278
leconstitutionnel,bpt6k681393k,,failed,0,0,,no_usable_pages,known,,,bpt6k681393k: no usable pages in manifest.,2026-07-17T20:38:20.123373
leconstitutionnel,bpt6k681394z,,failed,0,0,,no_usable_pages,known,,,bpt6k681394z: no usable pages in manifest.,2026-07-17T20:38:20.232763
leconstitutionnel,bpt6k681395b,,failed,0,0,,no_usable_pages,known,,,bpt6k681395b: no usable pages in manifest.,2026-07-17T20:38:20.335741
leconstitutionnel,bpt6k681396q,,failed,0,0,,no_usable_pages,known,,,bpt6k681396q: no usable pages in manifest.,2026-07-17T20:38:20.411127
leconstitutionnel,bpt6k6813973,,failed,0,0,,no_usable_pages,known,,,bpt6k6813973: no usable pages in manifest.,2026-07-17T20:38:20.524041
leconstitutionnel,bpt6k681398g,,failed,0,0,,no_usable_pages,known,,,bpt6k681398g: no usable pages in manifest.,2026-07-17T20:38:20.673140
leconstitutionnel,bpt6k681399v,,failed,0,0,,no_usable_pages,known,,,bpt6k681399v: no usable pages in manifest.,2026-07-17T20:38:20.799693
leconstitutionnel,bpt6k681400n,,failed,0,0,,no_usable_pages,known,,,bpt6k681400n: no usable pages in manifest.,2026-07-17T20:38:20.886418
leconstitutionnel,bpt6k6814011,,failed,0,0,,no_usable_pages,known,,,bpt6k6814011: no usable pages in manifest.,2026-07-17T20:38:21.016512
leconstitutionnel,bpt6k681402d,,failed,0,0,,no_usable_pages,known,,,bpt6k681402d: no usable pages in manifest.,2026-07-17T20:38:21.111846
leconstitutionnel,bpt6k681403s,,failed,0,0,,no_usable_pages,known,,,bpt6k681403s: no usable pages in manifest.,2026-07-17T20:38:21.177335
leconstitutionnel,bpt6k6814045,,failed,0,0,,no_usable_pages,known,,,bpt6k6814045: no usable pages in manifest.,2026-07-17T20:38:21.352603
leconstitutionnel,bpt6k681405j,,failed,0,0,,no_usable_pages,known,,,bpt6k681405j: no usable pages in manifest.,2026-07-17T20:38:21.443959
leconstitutionnel,bpt6k681406x,,failed,0,0,,no_usable_pages,known,,,bpt6k681406x: no usable pages in manifest.,2026-07-17T20:38:21.561775
leconstitutionnel,bpt6k6814079,,failed,0,0,,no_usable_pages,known,,,bpt6k6814079: no usable pages in manifest.,2026-07-17T20:38:21.661513
leconstitutionnel,bpt6k681408p,,failed,0,0,,no_usable_pages,known,,,bpt6k681408p: no usable pages in manifest.,2026-07-17T20:38:21.731093
leconstitutionnel,bpt6k6814092,,failed,0,0,,no_usable_pages,known,,,bpt6k6814092: no usable pages in manifest.,2026-07-17T20:38:21.784374
leconstitutionnel,bpt6k6814100,,failed,0,0,,no_usable_pages,known,,,bpt6k6814100: no usable pages in manifest.,2026-07-17T20:38:21.850227
leconstitutionnel,bpt6k681411c,,failed,0,0,,no_usable_pages,known,,,bpt6k681411c: no usable pages in manifest.,2026-07-17T20:38:21.929884
leconstitutionnel,bpt6k681412r,,failed,0,0,,no_usable_pages,known,,,bpt6k681412r: no usable pages in manifest.,2026-07-17T20:38:22.002240
leconstitutionnel,bpt6k6814134,,failed,0,0,,no_usable_pages,known,,,bpt6k6814134: no usable pages in manifest.,2026-07-17T20:38:22.089994
leconstitutionnel,bpt6k681414h,,failed,0,0,,no_usable_pages,known,,,bpt6k681414h: no usable pages in manifest.,2026-07-17T20:38:22.145803
leconstitutionnel,bpt6k681415w,,failed,0,0,,no_usable_pages,known,,,bpt6k681415w: no usable pages in manifest.,2026-07-17T20:38:22.207881
leconstitutionnel,bpt6k6814168,,failed,0,0,,no_usable_pages,known,,,bpt6k6814168: no usable pages in manifest.,2026-07-17T20:38:22.316517
leconstitutionnel,bpt6k681417n,,failed,0,0,,no_usable_pages,known,,,bpt6k681417n: no usable pages in manifest.,2026-07-17T20:38:22.396165
leconstitutionnel,bpt6k6814181,,failed,0,0,,no_usable_pages,known,,,bpt6k6814181: no usable pages in manifest.,2026-07-17T20:38:22.464682
leconstitutionnel,bpt6k681419d,,failed,0,0,,no_usable_pages,known,,,bpt6k681419d: no usable pages in manifest.,2026-07-17T20:38:22.571466
leconstitutionnel,bpt6k681420b,,failed,0,0,,no_usable_pages,known,,,bpt6k681420b: no usable pages in manifest.,2026-07-17T20:38:22.691486
leconstitutionnel,bpt6k681421q,,failed,0,0,,no_usable_pages,known,,,bpt6k681421q: no usable pages in manifest.,2026-07-17T20:38:22.805755
leconstitutionnel,bpt6k6814223,,failed,0,0,,no_usable_pages,known,,,bpt6k6814223: no usable pages in manifest.,2026-07-17T20:38:22.918434
leconstitutionnel,bpt6k681423g,,failed,0,0,,no_usable_pages,known,,,bpt6k681423g: no usable pages in manifest.,2026-07-17T20:38:23.003052
leconstitutionnel,bpt6k681424v,,failed,0,0,,no_usable_pages,known,,,bpt6k681424v: no usable pages in manifest.,2026-07-17T20:38:23.060979
leconstitutionnel,bpt6k6814257,,failed,0,0,,no_usable_pages,known,,,bpt6k6814257: no usable pages in manifest.,2026-07-17T20:38:23.119411
leconstitutionnel,bpt6k681426m,,failed,0,0,,no_usable_pages,known,,,bpt6k681426m: no usable pages in manifest.,2026-07-17T20:38:23.186757
leconstitutionnel,bpt6k6814270,,failed,0,0,,no_usable_pages,known,,,bpt6k6814270: no usable pages in manifest.,2026-07-17T20:38:23.230282
leconstitutionnel,bpt6k681428c,,failed,0,0,,no_usable_pages,known,,,bpt6k681428c: no usable pages in manifest.,2026-07-17T20:38:23.296141
leconstitutionnel,bpt6k681429r,,failed,0,0,,no_usable_pages,known,,,bpt6k681429r: no usable pages in manifest.,2026-07-17T20:38:23.358187
leconstitutionnel,bpt6k681430p,,failed,0,0,,no_usable_pages,known,,,bpt6k681430p: no usable pages in manifest.,2026-07-17T20:38:23.409550
leconstitutionnel,bpt6k6814312,,failed,0,0,,no_usable_pages,known,,,bpt6k6814312: no usable pages in manifest.,2026-07-17T20:38:23.486667
leconstitutionnel,bpt6k681432f,,failed,0,0,,no_usable_pages,known,,,bpt6k681432f: no usable pages in manifest.,2026-07-17T20:38:23.606029
leconstitutionnel,bpt6k681433t,,failed,0,0,,no_usable_pages,known,,,bpt6k681433t: no usable pages in manifest.,2026-07-17T20:38:23.664007
leconstitutionnel,bpt6k6814346,,failed,0,0,,no_usable_pages,known,,,bpt6k6814346: no usable pages in manifest.,2026-07-17T20:38:23.732861
leconstitutionnel,bpt6k681435k,,failed,0,0,,no_usable_pages,known,,,bpt6k681435k: no usable pages in manifest.,2026-07-17T20:38:23.807622
leconstitutionnel,bpt6k681436z,,failed,0,0,,no_usable_pages,known,,,bpt6k681436z: no usable pages in manifest.,2026-07-17T20:38:23.870436
leconstitutionnel,bpt6k681437b,,failed,0,0,,no_usable_pages,known,,,bpt6k681437b: no usable pages in manifest.,2026-07-17T20:38:23.927482
leconstitutionnel,bpt6k681438q,,failed,0,0,,no_usable_pages,known,,,bpt6k681438q: no usable pages in manifest.,2026-07-17T20:38:23.996001
leconstitutionnel,bpt6k6814393,,failed,0,0,,no_usable_pages,known,,,bpt6k6814393: no usable pages in manifest.,2026-07-17T20:38:24.052520
leconstitutionnel,bpt6k6814401,,failed,0,0,,no_usable_pages,known,,,bpt6k6814401: no usable pages in manifest.,2026-07-17T20:38:24.212490
leconstitutionnel,bpt6k681441d,,failed,0,0,,no_usable_pages,known,,,bpt6k681441d: no usable pages in manifest.,2026-07-17T20:38:24.306644
leconstitutionnel,bpt6k681442s,,failed,0,0,,no_usable_pages,known,,,bpt6k681442s: no usable pages in manifest.,2026-07-17T20:38:24.404215
leconstitutionnel,bpt6k6814435,,failed,0,0,,no_usable_pages,known,,,bpt6k6814435: no usable pages in manifest.,2026-07-17T20:38:24.629139
leconstitutionnel,bpt6k681444j,,failed,0,0,,no_usable_pages,known,,,bpt6k681444j: no usable pages in manifest.,2026-07-17T20:38:24.772622
leconstitutionnel,bpt6k681445x,,failed,0,0,,no_usable_pages,known,,,bpt6k681445x: no usable pages in manifest.,2026-07-17T20:38:24.883035
leconstitutionnel,bpt6k6814469,,failed,0,0,,no_usable_pages,known,,,bpt6k6814469: no usable pages in manifest.,2026-07-17T20:38:25.003495
leconstitutionnel,bpt6k681447p,,failed,0,0,,no_usable_pages,known,,,bpt6k681447p: no usable pages in manifest.,2026-07-17T20:38:25.084484
leconstitutionnel,bpt6k6814482,,failed,0,0,,no_usable_pages,known,,,bpt6k6814482: no usable pages in manifest.,2026-07-17T20:38:25.159341
leconstitutionnel,bpt6k681449f,,failed,0,0,,no_usable_pages,known,,,bpt6k681449f: no usable pages in manifest.,2026-07-17T20:38:25.251711
leconstitutionnel,bpt6k681450c,,failed,0,0,,no_usable_pages,known,,,bpt6k681450c: no usable pages in manifest.,2026-07-17T20:38:25.395280
leconstitutionnel,bpt6k681451r,,failed,0,0,,no_usable_pages,known,,,bpt6k681451r: no usable pages in manifest.,2026-07-17T20:38:25.498126
leconstitutionnel,bpt6k6814524,,failed,0,0,,no_usable_pages,known,,,bpt6k6814524: no usable pages in manifest.,2026-07-17T20:38:25.581512
leconstitutionnel,bpt6k681453h,,failed,0,0,,no_usable_pages,known,,,bpt6k681453h: no usable pages in manifest.,2026-07-17T20:38:25.702551
leconstitutionnel,bpt6k681454w,,failed,0,0,,no_usable_pages,known,,,bpt6k681454w: no usable pages in manifest.,2026-07-17T20:38:25.966076
leconstitutionnel,bpt6k6814558,,failed,0,0,,no_usable_pages,known,,,bpt6k6814558: no usable pages in manifest.,2026-07-17T20:38:26.070514
leconstitutionnel,bpt6k681456n,,failed,0,0,,no_usable_pages,known,,,bpt6k681456n: no usable pages in manifest.,2026-07-17T20:38:26.130548
leconstitutionnel,bpt6k6814571,,failed,0,0,,no_usable_pages,known,,,bpt6k6814571: no usable pages in manifest.,2026-07-17T20:38:26.219974
leconstitutionnel,bpt6k681458d,,failed,0,0,,no_usable_pages,known,,,bpt6k681458d: no usable pages in manifest.,2026-07-17T20:38:26.300684
leconstitutionnel,bpt6k681459s,,failed,0,0,,no_usable_pages,known,,,bpt6k681459s: no usable pages in manifest.,2026-07-17T20:38:26.415092
leconstitutionnel,bpt6k681460q,,failed,0,0,,no_usable_pages,known,,,bpt6k681460q: no usable pages in manifest.,2026-07-17T20:38:26.493248
leconstitutionnel,bpt6k6814613,,failed,0,0,,no_usable_pages,known,,,bpt6k6814613: no usable pages in manifest.,2026-07-17T20:38:26.569471
leconstitutionnel,bpt6k681462g,,failed,0,0,,no_usable_pages,known,,,bpt6k681462g: no usable pages in manifest.,2026-07-17T20:38:26.655219
leconstitutionnel,bpt6k681463v,,failed,0,0,,no_usable_pages,known,,,bpt6k681463v: no usable pages in manifest.,2026-07-17T20:38:26.735600
leconstitutionnel,bpt6k6814647,,failed,0,0,,no_usable_pages,known,,,bpt6k6814647: no usable pages in manifest.,2026-07-17T20:38:26.908830
leconstitutionnel,bpt6k681465m,,failed,0,0,,no_usable_pages,known,,,bpt6k681465m: no usable pages in manifest.,2026-07-17T20:38:27.015843
leconstitutionnel,bpt6k6814660,,failed,0,0,,no_usable_pages,known,,,bpt6k6814660: no usable pages in manifest.,2026-07-17T20:38:27.114421
leconstitutionnel,bpt6k681467c,,failed,0,0,,no_usable_pages,known,,,bpt6k681467c: no usable pages in manifest.,2026-07-17T20:38:27.237221
leconstitutionnel,bpt6k681468r,,failed,0,0,,no_usable_pages,known,,,bpt6k681468r: no usable pages in manifest.,2026-07-17T20:38:27.429607
leconstitutionnel,bpt6k6814694,,failed,0,0,,no_usable_pages,known,,,bpt6k6814694: no usable pages in manifest.,2026-07-17T20:38:27.548525
leconstitutionnel,bpt6k6814702,,failed,0,0,,no_usable_pages,known,,,bpt6k6814702: no usable pages in manifest.,2026-07-17T20:38:27.654321
leconstitutionnel,bpt6k681471f,,failed,0,0,,no_usable_pages,known,,,bpt6k681471f: no usable pages in manifest.,2026-07-17T20:38:27.769844
leconstitutionnel,bpt6k681472t,,failed,0,0,,no_usable_pages,known,,,bpt6k681472t: no usable pages in manifest.,2026-07-17T20:38:27.852769
leconstitutionnel,bpt6k6814736,,failed,0,0,,no_usable_pages,known,,,bpt6k6814736: no usable pages in manifest.,2026-07-17T20:38:28.010840
leconstitutionnel,bpt6k681474k,,failed,0,0,,no_usable_pages,known,,,bpt6k681474k: no usable pages in manifest.,2026-07-17T20:38:28.090989
leconstitutionnel,bpt6k681475z,,failed,0,0,,no_usable_pages,known,,,bpt6k681475z: no usable pages in manifest.,2026-07-17T20:38:28.175153
leconstitutionnel,bpt6k681476b,,failed,0,0,,no_usable_pages,known,,,bpt6k681476b: no usable pages in manifest.,2026-07-17T20:38:28.268118
leconstitutionnel,bpt6k681477q,,failed,0,0,,no_usable_pages,known,,,bpt6k681477q: no usable pages in manifest.,2026-07-17T20:38:28.356421
leconstitutionnel,bpt6k6814783,,failed,0,0,,no_usable_pages,known,,,bpt6k6814783: no usable pages in manifest.,2026-07-17T20:38:28.443906
leconstitutionnel,bpt6k681479g,,failed,0,0,,no_usable_pages,known,,,bpt6k681479g: no usable pages in manifest.,2026-07-17T20:38:28.570205
leconstitutionnel,bpt6k681480d,,failed,0,0,,no_usable_pages,known,,,bpt6k681480d: no usable pages in manifest.,2026-07-17T20:38:28.718327
leconstitutionnel,bpt6k681481s,,failed,0,0,,no_usable_pages,known,,,bpt6k681481s: no usable pages in manifest.,2026-07-17T20:38:28.808441
leconstitutionnel,bpt6k6814825,,failed,0,0,,no_usable_pages,known,,,bpt6k6814825: no usable pages in manifest.,2026-07-17T20:38:28.942324
leconstitutionnel,bpt6k681483j,,failed,0,0,,no_usable_pages,known,,,bpt6k681483j: no usable pages in manifest.,2026-07-17T20:38:29.227615
leconstitutionnel,bpt6k681484x,,failed,0,0,,no_usable_pages,known,,,bpt6k681484x: no usable pages in manifest.,2026-07-17T20:38:29.362231
leconstitutionnel,bpt6k6814859,,failed,0,0,,no_usable_pages,known,,,bpt6k6814859: no usable pages in manifest.,2026-07-17T20:38:29.451902
leconstitutionnel,bpt6k681486p,,failed,0,0,,no_usable_pages,known,,,bpt6k681486p: no usable pages in manifest.,2026-07-17T20:38:29.544847
leconstitutionnel,bpt6k6814872,,failed,0,0,,no_usable_pages,known,,,bpt6k6814872: no usable pages in manifest.,2026-07-17T20:38:29.670196
leconstitutionnel,bpt6k681488f,,failed,0,0,,no_usable_pages,known,,,bpt6k681488f: no usable pages in manifest.,2026-07-17T20:38:29.789094
leconstitutionnel,bpt6k681489t,,failed,0,0,,no_usable_pages,known,,,bpt6k681489t: no usable pages in manifest.,2026-07-17T20:38:29.906090
leconstitutionnel,bpt6k681490r,,failed,0,0,,no_usable_pages,known,,,bpt6k681490r: no usable pages in manifest.,2026-07-17T20:38:29.998028
leconstitutionnel,bpt6k6814914,,failed,0,0,,no_usable_pages,known,,,bpt6k6814914: no usable pages in manifest.,2026-07-17T20:38:30.119365
leconstitutionnel,bpt6k681492h,,failed,0,0,,no_usable_pages,known,,,bpt6k681492h: no usable pages in manifest.,2026-07-17T20:38:30.338541
leconstitutionnel,bpt6k681493w,,failed,0,0,,no_usable_pages,known,,,bpt6k681493w: no usable pages in manifest.,2026-07-17T20:38:30.498833
leconstitutionnel,bpt6k6814948,,failed,0,0,,no_usable_pages,known,,,bpt6k6814948: no usable pages in manifest.,2026-07-17T20:38:30.625949
leconstitutionnel,bpt6k681495n,,failed,0,0,,no_usable_pages,known,,,bpt6k681495n: no usable pages in manifest.,2026-07-17T20:38:30.761458
leconstitutionnel,bpt6k6814961,,failed,0,0,,no_usable_pages,known,,,bpt6k6814961: no usable pages in manifest.,2026-07-17T20:38:30.867032
leconstitutionnel,bpt6k681497d,,failed,0,0,,no_usable_pages,known,,,bpt6k681497d: no usable pages in manifest.,2026-07-17T20:38:30.975216
leconstitutionnel,bpt6k681498s,,failed,0,0,,no_usable_pages,known,,,bpt6k681498s: no usable pages in manifest.,2026-07-17T20:38:31.093978
leconstitutionnel,bpt6k6814995,,failed,0,0,,no_usable_pages,known,,,bpt6k6814995: no usable pages in manifest.,2026-07-17T20:38:31.187995
leconstitutionnel,bpt6k681500z,,failed,0,0,,no_usable_pages,known,,,bpt6k681500z: no usable pages in manifest.,2026-07-17T20:38:31.387253
leconstitutionnel,bpt6k681501b,,failed,0,0,,no_usable_pages,known,,,bpt6k681501b: no usable pages in manifest.,2026-07-17T20:38:31.484252
leconstitutionnel,bpt6k681502q,,failed,0,0,,no_usable_pages,known,,,bpt6k681502q: no usable pages in manifest.,2026-07-17T20:38:31.594712
leconstitutionnel,bpt6k6815033,,failed,0,0,,no_usable_pages,known,,,bpt6k6815033: no usable pages in manifest.,2026-07-17T20:38:31.720671
leconstitutionnel,bpt6k681504g,,failed,0,0,,no_usable_pages,known,,,bpt6k681504g: no usable pages in manifest.,2026-07-17T20:38:31.875894
leconstitutionnel,bpt6k681505v,,failed,0,0,,no_usable_pages,known,,,bpt6k681505v: no usable pages in manifest.,2026-07-17T20:38:31.964173
leconstitutionnel,bpt6k6815067,,failed,0,0,,no_usable_pages,known,,,bpt6k6815067: no usable pages in manifest.,2026-07-17T20:38:32.073729
leconstitutionnel,bpt6k681507m,,failed,0,0,,no_usable_pages,known,,,bpt6k681507m: no usable pages in manifest.,2026-07-17T20:38:32.162655
leconstitutionnel,bpt6k6815080,,failed,0,0,,no_usable_pages,known,,,bpt6k6815080: no usable pages in manifest.,2026-07-17T20:38:32.414566
leconstitutionnel,bpt6k681509c,,failed,0,0,,no_usable_pages,known,,,bpt6k681509c: no usable pages in manifest.,2026-07-17T20:38:32.585619
leconstitutionnel,bpt6k6815109,,failed,0,0,,no_usable_pages,known,,,bpt6k6815109: no usable pages in manifest.,2026-07-17T20:38:32.698999
leconstitutionnel,bpt6k681511p,,failed,0,0,,no_usable_pages,known,,,bpt6k681511p: no usable pages in manifest.,2026-07-17T20:38:32.816435
leconstitutionnel,bpt6k6815122,,failed,0,0,,no_usable_pages,known,,,bpt6k6815122: no usable pages in manifest.,2026-07-17T20:38:32.935472
leconstitutionnel,bpt6k681513f,,failed,0,0,,no_usable_pages,known,,,bpt6k681513f: no usable pages in manifest.,2026-07-17T20:38:33.052378
leconstitutionnel,bpt6k681514t,,failed,0,0,,no_usable_pages,known,,,bpt6k681514t: no usable pages in manifest.,2026-07-17T20:38:33.162595
leconstitutionnel,bpt6k6815156,,failed,0,0,,no_usable_pages,known,,,bpt6k6815156: no usable pages in manifest.,2026-07-17T20:38:33.288037
leconstitutionnel,bpt6k681516k,,failed,0,0,,no_usable_pages,known,,,bpt6k681516k: no usable pages in manifest.,2026-07-17T20:38:33.439602
leconstitutionnel,bpt6k681517z,,failed,0,0,,no_usable_pages,known,,,bpt6k681517z: no usable pages in manifest.,2026-07-17T20:38:33.641896
leconstitutionnel,bpt6k681518b,,failed,0,0,,no_usable_pages,known,,,bpt6k681518b: no usable pages in manifest.,2026-07-17T20:38:33.766424
leconstitutionnel,bpt6k681519q,,failed,0,0,,no_usable_pages,known,,,bpt6k681519q: no usable pages in manifest.,2026-07-17T20:38:33.887282
leconstitutionnel,bpt6k681520n,,failed,0,0,,no_usable_pages,known,,,bpt6k681520n: no usable pages in manifest.,2026-07-17T20:38:33.988873
leconstitutionnel,bpt6k6815211,,failed,0,0,,no_usable_pages,known,,,bpt6k6815211: no usable pages in manifest.,2026-07-17T20:38:34.114231
leconstitutionnel,bpt6k681522d,,failed,0,0,,no_usable_pages,known,,,bpt6k681522d: no usable pages in manifest.,2026-07-17T20:38:34.333418
leconstitutionnel,bpt6k681523s,,failed,0,0,,no_usable_pages,known,,,bpt6k681523s: no usable pages in manifest.,2026-07-17T20:38:34.485720
leconstitutionnel,bpt6k6815245,,failed,0,0,,no_usable_pages,known,,,bpt6k6815245: no usable pages in manifest.,2026-07-17T20:38:34.646670
leconstitutionnel,bpt6k681525j,,failed,0,0,,no_usable_pages,known,,,bpt6k681525j: no usable pages in manifest.,2026-07-17T20:38:34.762220
leconstitutionnel,bpt6k681526x,,failed,0,0,,no_usable_pages,known,,,bpt6k681526x: no usable pages in manifest.,2026-07-17T20:38:34.869756
leconstitutionnel,bpt6k6815279,,failed,0,0,,no_usable_pages,known,,,bpt6k6815279: no usable pages in manifest.,2026-07-17T20:38:34.999230
leconstitutionnel,bpt6k681528p,,failed,0,0,,no_usable_pages,known,,,bpt6k681528p: no usable pages in manifest.,2026-07-17T20:38:35.088359
leconstitutionnel,bpt6k6815292,,failed,0,0,,no_usable_pages,known,,,bpt6k6815292: no usable pages in manifest.,2026-07-17T20:38:35.201864
leconstitutionnel,bpt6k6815300,,failed,0,0,,no_usable_pages,known,,,bpt6k6815300: no usable pages in manifest.,2026-07-17T20:38:35.310119
leconstitutionnel,bpt6k681531c,,failed,0,0,,no_usable_pages,known,,,bpt6k681531c: no usable pages in manifest.,2026-07-17T20:38:35.402404
leconstitutionnel,bpt6k681532r,,failed,0,0,,no_usable_pages,known,,,bpt6k681532r: no usable pages in manifest.,2026-07-17T20:38:35.509117
leconstitutionnel,bpt6k6815334,,failed,0,0,,no_usable_pages,known,,,bpt6k6815334: no usable pages in manifest.,2026-07-17T20:38:35.673286
leconstitutionnel,bpt6k681534h,,failed,0,0,,no_usable_pages,known,,,bpt6k681534h: no usable pages in manifest.,2026-07-17T20:38:35.772160
leconstitutionnel,bpt6k681535w,,failed,0,0,,no_usable_pages,known,,,bpt6k681535w: no usable pages in manifest.,2026-07-17T20:38:35.948370
leconstitutionnel,bpt6k6815368,,failed,0,0,,no_usable_pages,known,,,bpt6k6815368: no usable pages in manifest.,2026-07-17T20:38:36.148409
leconstitutionnel,bpt6k681537n,,failed,0,0,,no_usable_pages,known,,,bpt6k681537n: no usable pages in manifest.,2026-07-17T20:38:36.245457
leconstitutionnel,bpt6k6815381,,failed,0,0,,no_usable_pages,known,,,bpt6k6815381: no usable pages in manifest.,2026-07-17T20:38:36.331089
leconstitutionnel,bpt6k681539d,,failed,0,0,,no_usable_pages,known,,,bpt6k681539d: no usable pages in manifest.,2026-07-17T20:38:36.429211
leconstitutionnel,bpt6k681540b,,failed,0,0,,no_usable_pages,known,,,bpt6k681540b: no usable pages in manifest.,2026-07-17T20:38:36.542536
leconstitutionnel,bpt6k681541q,,failed,0,0,,no_usable_pages,known,,,bpt6k681541q: no usable pages in manifest.,2026-07-17T20:38:36.702930
leconstitutionnel,bpt6k6815423,,failed,0,0,,no_usable_pages,known,,,bpt6k6815423: no usable pages in manifest.,2026-07-17T20:38:36.790367
leconstitutionnel,bpt6k681543g,,failed,0,0,,no_usable_pages,known,,,bpt6k681543g: no usable pages in manifest.,2026-07-17T20:38:36.897533
leconstitutionnel,bpt6k681544v,,failed,0,0,,no_usable_pages,known,,,bpt6k681544v: no usable pages in manifest.,2026-07-17T20:38:36.982303
leconstitutionnel,bpt6k6815457,,failed,0,0,,no_usable_pages,known,,,bpt6k6815457: no usable pages in manifest.,2026-07-17T20:38:37.107083
leconstitutionnel,bpt6k681546m,,failed,0,0,,no_usable_pages,known,,,bpt6k681546m: no usable pages in manifest.,2026-07-17T20:38:37.203324
leconstitutionnel,bpt6k6815470,,failed,0,0,,no_usable_pages,known,,,bpt6k6815470: no usable pages in manifest.,2026-07-17T20:38:37.329044
leconstitutionnel,bpt6k681548c,,failed,0,0,,no_usable_pages,known,,,bpt6k681548c: no usable pages in manifest.,2026-07-17T20:38:37.429011
leconstitutionnel,bpt6k681549r,,failed,0,0,,no_usable_pages,known,,,bpt6k681549r: no usable pages in manifest.,2026-07-17T20:38:37.523427
leconstitutionnel,bpt6k681550p,,failed,0,0,,no_usable_pages,known,,,bpt6k681550p: no usable pages in manifest.,2026-07-17T20:38:37.827670
leconstitutionnel,bpt6k6815512,,failed,0,0,,no_usable_pages,known,,,bpt6k6815512: no usable pages in manifest.,2026-07-17T20:38:37.908149
leconstitutionnel,bpt6k681552f,,failed,0,0,,no_usable_pages,known,,,bpt6k681552f: no usable pages in manifest.,2026-07-17T20:38:38.017843
leconstitutionnel,bpt6k681553t,,failed,0,0,,no_usable_pages,known,,,bpt6k681553t: no usable pages in manifest.,2026-07-17T20:38:38.106339
leconstitutionnel,bpt6k6815546,,failed,0,0,,no_usable_pages,known,,,bpt6k6815546: no usable pages in manifest.,2026-07-17T20:38:38.197140
leconstitutionnel,bpt6k681555k,,failed,0,0,,no_usable_pages,known,,,bpt6k681555k: no usable pages in manifest.,2026-07-17T20:38:38.306158
leconstitutionnel,bpt6k681556z,,failed,0,0,,no_usable_pages,known,,,bpt6k681556z: no usable pages in manifest.,2026-07-17T20:38:38.410364
leconstitutionnel,bpt6k681557b,,failed,0,0,,no_usable_pages,known,,,bpt6k681557b: no usable pages in manifest.,2026-07-17T20:38:38.500876
leconstitutionnel,bpt6k681558q,,failed,0,0,,no_usable_pages,known,,,bpt6k681558q: no usable pages in manifest.,2026-07-17T20:38:38.586409
leconstitutionnel,bpt6k6815593,,failed,0,0,,no_usable_pages,known,,,bpt6k6815593: no usable pages in manifest.,2026-07-17T20:38:38.689339
leconstitutionnel,bpt6k6815601,,failed,0,0,,no_usable_pages,known,,,bpt6k6815601: no usable pages in manifest.,2026-07-17T20:38:38.794458
leconstitutionnel,bpt6k681561d,,failed,0,0,,no_usable_pages,known,,,bpt6k681561d: no usable pages in manifest.,2026-07-17T20:38:39.018645
leconstitutionnel,bpt6k681562s,,failed,0,0,,no_usable_pages,known,,,bpt6k681562s: no usable pages in manifest.,2026-07-17T20:38:39.149690
leconstitutionnel,bpt6k6815635,,failed,0,0,,no_usable_pages,known,,,bpt6k6815635: no usable pages in manifest.,2026-07-17T20:38:39.346241
leconstitutionnel,bpt6k681564j,,failed,0,0,,no_usable_pages,known,,,bpt6k681564j: no usable pages in manifest.,2026-07-17T20:38:39.476983
leconstitutionnel,bpt6k681565x,,failed,0,0,,no_usable_pages,known,,,bpt6k681565x: no usable pages in manifest.,2026-07-17T20:38:39.565182
leconstitutionnel,bpt6k6815669,,failed,0,0,,no_usable_pages,known,,,bpt6k6815669: no usable pages in manifest.,2026-07-17T20:38:39.667367
leconstitutionnel,bpt6k681567p,,failed,0,0,,no_usable_pages,known,,,bpt6k681567p: no usable pages in manifest.,2026-07-17T20:38:39.789154
leconstitutionnel,bpt6k6815682,,failed,0,0,,no_usable_pages,known,,,bpt6k6815682: no usable pages in manifest.,2026-07-17T20:38:39.972752
leconstitutionnel,bpt6k681569f,,failed,0,0,,no_usable_pages,known,,,bpt6k681569f: no usable pages in manifest.,2026-07-17T20:38:40.054382
leconstitutionnel,bpt6k681570c,,failed,0,0,,no_usable_pages,known,,,bpt6k681570c: no usable pages in manifest.,2026-07-17T20:38:40.155664
leconstitutionnel,bpt6k681571r,,failed,0,0,,no_usable_pages,known,,,bpt6k681571r: no usable pages in manifest.,2026-07-17T20:38:40.257956
leconstitutionnel,bpt6k6815724,,failed,0,0,,no_usable_pages,known,,,bpt6k6815724: no usable pages in manifest.,2026-07-17T20:38:40.386724
leconstitutionnel,bpt6k681573h,,failed,0,0,,no_usable_pages,known,,,bpt6k681573h: no usable pages in manifest.,2026-07-17T20:38:40.503997
leconstitutionnel,bpt6k681574w,,failed,0,0,,no_usable_pages,known,,,bpt6k681574w: no usable pages in manifest.,2026-07-17T20:38:40.564893
leconstitutionnel,bpt6k6815758,,failed,0,0,,no_usable_pages,known,,,bpt6k6815758: no usable pages in manifest.,2026-07-17T20:38:40.681224
leconstitutionnel,bpt6k681576n,,failed,0,0,,no_usable_pages,known,,,bpt6k681576n: no usable pages in manifest.,2026-07-17T20:38:40.739110
leconstitutionnel,bpt6k6815771,,failed,0,0,,no_usable_pages,known,,,bpt6k6815771: no usable pages in manifest.,2026-07-17T20:38:40.892592
leconstitutionnel,bpt6k681578d,,failed,0,0,,no_usable_pages,known,,,bpt6k681578d: no usable pages in manifest.,2026-07-17T20:38:41.062593
leconstitutionnel,bpt6k681579s,,failed,0,0,,no_usable_pages,known,,,bpt6k681579s: no usable pages in manifest.,2026-07-17T20:38:41.171947
leconstitutionnel,bpt6k681580q,,failed,0,0,,no_usable_pages,known,,,bpt6k681580q: no usable pages in manifest.,2026-07-17T20:38:41.275498
leconstitutionnel,bpt6k6815813,,failed,0,0,,no_usable_pages,known,,,bpt6k6815813: no usable pages in manifest.,2026-07-17T20:38:41.376167
leconstitutionnel,bpt6k681582g,,failed,0,0,,no_usable_pages,known,,,bpt6k681582g: no usable pages in manifest.,2026-07-17T20:38:41.489382
leconstitutionnel,bpt6k681583v,,failed,0,0,,no_usable_pages,known,,,bpt6k681583v: no usable pages in manifest.,2026-07-17T20:38:41.633209
leconstitutionnel,bpt6k6815847,,failed,0,0,,no_usable_pages,known,,,bpt6k6815847: no usable pages in manifest.,2026-07-17T20:38:41.728527
leconstitutionnel,bpt6k681585m,,failed,0,0,,no_usable_pages,known,,,bpt6k681585m: no usable pages in manifest.,2026-07-17T20:38:41.864418
leconstitutionnel,bpt6k6815860,,failed,0,0,,no_usable_pages,known,,,bpt6k6815860: no usable pages in manifest.,2026-07-17T20:38:41.959198
leconstitutionnel,bpt6k681587c,,failed,0,0,,no_usable_pages,known,,,bpt6k681587c: no usable pages in manifest.,2026-07-17T20:38:42.129700
leconstitutionnel,bpt6k681588r,,failed,0,0,,no_usable_pages,known,,,bpt6k681588r: no usable pages in manifest.,2026-07-17T20:38:42.222489
leconstitutionnel,bpt6k6815894,,failed,0,0,,no_usable_pages,known,,,bpt6k6815894: no usable pages in manifest.,2026-07-17T20:38:42.334508
leconstitutionnel,bpt6k6815902,,failed,0,0,,no_usable_pages,known,,,bpt6k6815902: no usable pages in manifest.,2026-07-17T20:38:42.445775
leconstitutionnel,bpt6k681591f,,failed,0,0,,no_usable_pages,known,,,bpt6k681591f: no usable pages in manifest.,2026-07-17T20:38:42.635441
leconstitutionnel,bpt6k681592t,,failed,0,0,,no_usable_pages,known,,,bpt6k681592t: no usable pages in manifest.,2026-07-17T20:38:42.721665
leconstitutionnel,bpt6k6815936,,failed,0,0,,no_usable_pages,known,,,bpt6k6815936: no usable pages in manifest.,2026-07-17T20:38:42.852383
leconstitutionnel,bpt6k681594k,,failed,0,0,,no_usable_pages,known,,,bpt6k681594k: no usable pages in manifest.,2026-07-17T20:38:42.979708
leconstitutionnel,bpt6k681595z,,failed,0,0,,no_usable_pages,known,,,bpt6k681595z: no usable pages in manifest.,2026-07-17T20:38:43.160221
leconstitutionnel,bpt6k681596b,,failed,0,0,,no_usable_pages,known,,,bpt6k681596b: no usable pages in manifest.,2026-07-17T20:38:43.249859
leconstitutionnel,bpt6k681597q,,failed,0,0,,no_usable_pages,known,,,bpt6k681597q: no usable pages in manifest.,2026-07-17T20:38:43.336420
leconstitutionnel,bpt6k6815983,,failed,0,0,,no_usable_pages,known,,,bpt6k6815983: no usable pages in manifest.,2026-07-17T20:38:43.454704
leconstitutionnel,bpt6k681599g,,failed,0,0,,no_usable_pages,known,,,bpt6k681599g: no usable pages in manifest.,2026-07-17T20:38:43.555354
leconstitutionnel,bpt6k6816008,,failed,0,0,,no_usable_pages,known,,,bpt6k6816008: no usable pages in manifest.,2026-07-17T20:38:43.649526
leconstitutionnel,bpt6k681601n,,failed,0,0,,no_usable_pages,known,,,bpt6k681601n: no usable pages in manifest.,2026-07-17T20:38:43.766020
leconstitutionnel,bpt6k6816021,,failed,0,0,,no_usable_pages,known,,,bpt6k6816021: no usable pages in manifest.,2026-07-17T20:38:43.893514
leconstitutionnel,bpt6k681603d,,failed,0,0,,no_usable_pages,known,,,bpt6k681603d: no usable pages in manifest.,2026-07-17T20:38:43.996952
leconstitutionnel,bpt6k681604s,,failed,0,0,,no_usable_pages,known,,,bpt6k681604s: no usable pages in manifest.,2026-07-17T20:38:44.116415
leconstitutionnel,bpt6k6816055,,failed,0,0,,no_usable_pages,known,,,bpt6k6816055: no usable pages in manifest.,2026-07-17T20:38:44.343041
leconstitutionnel,bpt6k681606j,,failed,0,0,,no_usable_pages,known,,,bpt6k681606j: no usable pages in manifest.,2026-07-17T20:38:44.460848
leconstitutionnel,bpt6k681607x,,failed,0,0,,no_usable_pages,known,,,bpt6k681607x: no usable pages in manifest.,2026-07-17T20:38:44.590866
leconstitutionnel,bpt6k6816089,,failed,0,0,,no_usable_pages,known,,,bpt6k6816089: no usable pages in manifest.,2026-07-17T20:38:44.727431
leconstitutionnel,bpt6k681609p,,failed,0,0,,no_usable_pages,known,,,bpt6k681609p: no usable pages in manifest.,2026-07-17T20:38:44.839899
leconstitutionnel,bpt6k681610m,,failed,0,0,,no_usable_pages,known,,,bpt6k681610m: no usable pages in manifest.,2026-07-17T20:38:44.915893
leconstitutionnel,bpt6k6816110,,failed,0,0,,no_usable_pages,known,,,bpt6k6816110: no usable pages in manifest.,2026-07-17T20:38:44.990624
leconstitutionnel,bpt6k681612c,,failed,0,0,,no_usable_pages,known,,,bpt6k681612c: no usable pages in manifest.,2026-07-17T20:38:45.087773
leconstitutionnel,bpt6k681613r,,failed,0,0,,no_usable_pages,known,,,bpt6k681613r: no usable pages in manifest.,2026-07-17T20:38:45.204076
leconstitutionnel,bpt6k6816144,,failed,0,0,,no_usable_pages,known,,,bpt6k6816144: no usable pages in manifest.,2026-07-17T20:38:45.385944
leconstitutionnel,bpt6k681615h,,failed,0,0,,no_usable_pages,known,,,bpt6k681615h: no usable pages in manifest.,2026-07-17T20:38:45.459864
leconstitutionnel,bpt6k681616w,,failed,0,0,,no_usable_pages,known,,,bpt6k681616w: no usable pages in manifest.,2026-07-17T20:38:45.545213
leconstitutionnel,bpt6k6816178,,failed,0,0,,no_usable_pages,known,,,bpt6k6816178: no usable pages in manifest.,2026-07-17T20:38:45.702146
leconstitutionnel,bpt6k681618n,,failed,0,0,,no_usable_pages,known,,,bpt6k681618n: no usable pages in manifest.,2026-07-17T20:38:45.814173
leconstitutionnel,bpt6k6816191,,failed,0,0,,no_usable_pages,known,,,bpt6k6816191: no usable pages in manifest.,2026-07-17T20:38:45.894456
leconstitutionnel,bpt6k681620z,,failed,0,0,,no_usable_pages,known,,,bpt6k681620z: no usable pages in manifest.,2026-07-17T20:38:45.962886
leconstitutionnel,bpt6k681621b,,failed,0,0,,no_usable_pages,known,,,bpt6k681621b: no usable pages in manifest.,2026-07-17T20:38:46.041058
leconstitutionnel,bpt6k681622q,,failed,0,0,,no_usable_pages,known,,,bpt6k681622q: no usable pages in manifest.,2026-07-17T20:38:46.109931
leconstitutionnel,bpt6k6816233,,failed,0,0,,no_usable_pages,known,,,bpt6k6816233: no usable pages in manifest.,2026-07-17T20:38:46.190619
leconstitutionnel,bpt6k681624g,,failed,0,0,,no_usable_pages,known,,,bpt6k681624g: no usable pages in manifest.,2026-07-17T20:38:46.277752
leconstitutionnel,bpt6k681625v,,failed,0,0,,no_usable_pages,known,,,bpt6k681625v: no usable pages in manifest.,2026-07-17T20:38:46.404257
leconstitutionnel,bpt6k6816267,,failed,0,0,,no_usable_pages,known,,,bpt6k6816267: no usable pages in manifest.,2026-07-17T20:38:46.571428
leconstitutionnel,bpt6k681627m,,failed,0,0,,no_usable_pages,known,,,bpt6k681627m: no usable pages in manifest.,2026-07-17T20:38:46.670206
leconstitutionnel,bpt6k6816280,,failed,0,0,,no_usable_pages,known,,,bpt6k6816280: no usable pages in manifest.,2026-07-17T20:38:46.752220
leconstitutionnel,bpt6k681629c,,failed,0,0,,no_usable_pages,known,,,bpt6k681629c: no usable pages in manifest.,2026-07-17T20:38:46.841917
leconstitutionnel,bpt6k6816309,,failed,0,0,,no_usable_pages,known,,,bpt6k6816309: no usable pages in manifest.,2026-07-17T20:38:46.924067
leconstitutionnel,bpt6k681631p,,failed,0,0,,no_usable_pages,known,,,bpt6k681631p: no usable pages in manifest.,2026-07-17T20:38:47.002899
leconstitutionnel,bpt6k6816322,,failed,0,0,,no_usable_pages,known,,,bpt6k6816322: no usable pages in manifest.,2026-07-17T20:38:47.065420
leconstitutionnel,bpt6k681633f,,failed,0,0,,no_usable_pages,known,,,bpt6k681633f: no usable pages in manifest.,2026-07-17T20:38:47.131183
leconstitutionnel,bpt6k681634t,,failed,0,0,,no_usable_pages,known,,,bpt6k681634t: no usable pages in manifest.,2026-07-17T20:38:47.204848
leconstitutionnel,bpt6k6816356,,failed,0,0,,no_usable_pages,known,,,bpt6k6816356: no usable pages in manifest.,2026-07-17T20:38:47.330208
leconstitutionnel,bpt6k681636k,,failed,0,0,,no_usable_pages,known,,,bpt6k681636k: no usable pages in manifest.,2026-07-17T20:38:47.485688
leconstitutionnel,bpt6k681637z,,failed,0,0,,no_usable_pages,known,,,bpt6k681637z: no usable pages in manifest.,2026-07-17T20:38:47.601168
leconstitutionnel,bpt6k681638b,,failed,0,0,,no_usable_pages,known,,,bpt6k681638b: no usable pages in manifest.,2026-07-17T20:38:47.698653
leconstitutionnel,bpt6k681639q,,failed,0,0,,no_usable_pages,known,,,bpt6k681639q: no usable pages in manifest.,2026-07-17T20:38:47.791900
leconstitutionnel,bpt6k681640n,,failed,0,0,,no_usable_pages,known,,,bpt6k681640n: no usable pages in manifest.,2026-07-17T20:38:47.903373
leconstitutionnel,bpt6k6816411,,failed,0,0,,no_usable_pages,known,,,bpt6k6816411: no usable pages in manifest.,2026-07-17T20:38:48.012765
leconstitutionnel,bpt6k681642d,,failed,0,0,,no_usable_pages,known,,,bpt6k681642d: no usable pages in manifest.,2026-07-17T20:38:48.115279
leconstitutionnel,bpt6k681643s,,failed,0,0,,no_usable_pages,known,,,bpt6k681643s: no usable pages in manifest.,2026-07-17T20:38:48.196893
leconstitutionnel,bpt6k6816445,,failed,0,0,,no_usable_pages,known,,,bpt6k6816445: no usable pages in manifest.,2026-07-17T20:38:48.267779
leconstitutionnel,bpt6k681645j,,failed,0,0,,no_usable_pages,known,,,bpt6k681645j: no usable pages in manifest.,2026-07-17T20:38:48.373569
leconstitutionnel,bpt6k681646x,,failed,0,0,,no_usable_pages,known,,,bpt6k681646x: no usable pages in manifest.,2026-07-17T20:38:48.536546
leconstitutionnel,bpt6k6816479,,failed,0,0,,no_usable_pages,known,,,bpt6k6816479: no usable pages in manifest.,2026-07-17T20:38:48.626419
leconstitutionnel,bpt6k681648p,,failed,0,0,,no_usable_pages,known,,,bpt6k681648p: no usable pages in manifest.,2026-07-17T20:38:48.755617
leconstitutionnel,bpt6k6816492,,failed,0,0,,no_usable_pages,known,,,bpt6k6816492: no usable pages in manifest.,2026-07-17T20:38:49.023064
leconstitutionnel,bpt6k6816500,,failed,0,0,,no_usable_pages,known,,,bpt6k6816500: no usable pages in manifest.,2026-07-17T20:38:49.116565
leconstitutionnel,bpt6k681651c,,failed,0,0,,no_usable_pages,known,,,bpt6k681651c: no usable pages in manifest.,2026-07-17T20:38:49.213753
leconstitutionnel,bpt6k681652r,,failed,0,0,,no_usable_pages,known,,,bpt6k681652r: no usable pages in manifest.,2026-07-17T20:38:49.342989
leconstitutionnel,bpt6k6816534,,failed,0,0,,no_usable_pages,known,,,bpt6k6816534: no usable pages in manifest.,2026-07-17T20:38:49.431326
leconstitutionnel,bpt6k681654h,,failed,0,0,,no_usable_pages,known,,,bpt6k681654h: no usable pages in manifest.,2026-07-17T20:38:49.559902
leconstitutionnel,bpt6k681655w,,failed,0,0,,no_usable_pages,known,,,bpt6k681655w: no usable pages in manifest.,2026-07-17T20:38:49.674157
leconstitutionnel,bpt6k6816568,,failed,0,0,,no_usable_pages,known,,,bpt6k6816568: no usable pages in manifest.,2026-07-17T20:38:49.758358
leconstitutionnel,bpt6k681657n,,failed,0,0,,no_usable_pages,known,,,bpt6k681657n: no usable pages in manifest.,2026-07-17T20:38:49.852433
leconstitutionnel,bpt6k6816581,,failed,0,0,,no_usable_pages,known,,,bpt6k6816581: no usable pages in manifest.,2026-07-17T20:38:49.947407
leconstitutionnel,bpt6k681659d,,failed,0,0,,no_usable_pages,known,,,bpt6k681659d: no usable pages in manifest.,2026-07-17T20:38:50.027471
leconstitutionnel,bpt6k681660b,,failed,0,0,,no_usable_pages,known,,,bpt6k681660b: no usable pages in manifest.,2026-07-17T20:38:50.105753
leconstitutionnel,bpt6k681661q,,failed,0,0,,no_usable_pages,known,,,bpt6k681661q: no usable pages in manifest.,2026-07-17T20:38:50.184498
leconstitutionnel,bpt6k6816623,,failed,0,0,,no_usable_pages,known,,,bpt6k6816623: no usable pages in manifest.,2026-07-17T20:38:50.289087
leconstitutionnel,bpt6k681663g,,failed,0,0,,no_usable_pages,known,,,bpt6k681663g: no usable pages in manifest.,2026-07-17T20:38:50.371268
leconstitutionnel,bpt6k681664v,,failed,0,0,,no_usable_pages,known,,,bpt6k681664v: no usable pages in manifest.,2026-07-17T20:38:50.519799
leconstitutionnel,bpt6k6816657,,failed,0,0,,no_usable_pages,known,,,bpt6k6816657: no usable pages in manifest.,2026-07-17T20:38:50.666796
leconstitutionnel,bpt6k681666m,,failed,0,0,,no_usable_pages,known,,,bpt6k681666m: no usable pages in manifest.,2026-07-17T20:38:50.756335
leconstitutionnel,bpt6k6816670,,failed,0,0,,no_usable_pages,known,,,bpt6k6816670: no usable pages in manifest.,2026-07-17T20:38:50.823304
leconstitutionnel,bpt6k681668c,,failed,0,0,,no_usable_pages,known,,,bpt6k681668c: no usable pages in manifest.,2026-07-17T20:38:50.905330
leconstitutionnel,bpt6k681669r,,failed,0,0,,no_usable_pages,known,,,bpt6k681669r: no usable pages in manifest.,2026-07-17T20:38:50.965893
leconstitutionnel,bpt6k681670p,,failed,0,0,,no_usable_pages,known,,,bpt6k681670p: no usable pages in manifest.,2026-07-17T20:38:51.047943
leconstitutionnel,bpt6k6816712,,failed,0,0,,no_usable_pages,known,,,bpt6k6816712: no usable pages in manifest.,2026-07-17T20:38:51.122010
leconstitutionnel,bpt6k681672f,,failed,0,0,,no_usable_pages,known,,,bpt6k681672f: no usable pages in manifest.,2026-07-17T20:38:51.229861
leconstitutionnel,bpt6k681673t,,failed,0,0,,no_usable_pages,known,,,bpt6k681673t: no usable pages in manifest.,2026-07-17T20:38:51.319482
leconstitutionnel,bpt6k6816746,,failed,0,0,,no_usable_pages,known,,,bpt6k6816746: no usable pages in manifest.,2026-07-17T20:38:51.412531
leconstitutionnel,bpt6k681675k,,failed,0,0,,no_usable_pages,known,,,bpt6k681675k: no usable pages in manifest.,2026-07-17T20:38:51.505197
leconstitutionnel,bpt6k681676z,,failed,0,0,,no_usable_pages,known,,,bpt6k681676z: no usable pages in manifest.,2026-07-17T20:38:51.724061
leconstitutionnel,bpt6k681677b,,failed,0,0,,no_usable_pages,known,,,bpt6k681677b: no usable pages in manifest.,2026-07-17T20:38:51.863726
leconstitutionnel,bpt6k681678q,,failed,0,0,,no_usable_pages,known,,,bpt6k681678q: no usable pages in manifest.,2026-07-17T20:38:51.961575
leconstitutionnel,bpt6k6816793,,failed,0,0,,no_usable_pages,known,,,bpt6k6816793: no usable pages in manifest.,2026-07-17T20:38:52.118186
leconstitutionnel,bpt6k6816801,,failed,0,0,,no_usable_pages,known,,,bpt6k6816801: no usable pages in manifest.,2026-07-17T20:38:52.226824
leconstitutionnel,bpt6k681681d,,failed,0,0,,no_usable_pages,known,,,bpt6k681681d: no usable pages in manifest.,2026-07-17T20:38:52.327526
leconstitutionnel,bpt6k681682s,,failed,0,0,,no_usable_pages,known,,,bpt6k681682s: no usable pages in manifest.,2026-07-17T20:38:52.425703
leconstitutionnel,bpt6k6816835,,failed,0,0,,no_usable_pages,known,,,bpt6k6816835: no usable pages in manifest.,2026-07-17T20:38:52.537484
leconstitutionnel,bpt6k681684j,,failed,0,0,,no_usable_pages,known,,,bpt6k681684j: no usable pages in manifest.,2026-07-17T20:38:52.642735
leconstitutionnel,bpt6k681685x,,failed,0,0,,no_usable_pages,known,,,bpt6k681685x: no usable pages in manifest.,2026-07-17T20:38:52.794112
leconstitutionnel,bpt6k6816869,,failed,0,0,,no_usable_pages,known,,,bpt6k6816869: no usable pages in manifest.,2026-07-17T20:38:52.874438
leconstitutionnel,bpt6k681687p,,failed,0,0,,no_usable_pages,known,,,bpt6k681687p: no usable pages in manifest.,2026-07-17T20:38:52.972410
leconstitutionnel,bpt6k6816882,,failed,0,0,,no_usable_pages,known,,,bpt6k6816882: no usable pages in manifest.,2026-07-17T20:38:53.058439
leconstitutionnel,bpt6k681689f,,failed,0,0,,no_usable_pages,known,,,bpt6k681689f: no usable pages in manifest.,2026-07-17T20:38:53.160138
leconstitutionnel,bpt6k681690c,,failed,0,0,,no_usable_pages,known,,,bpt6k681690c: no usable pages in manifest.,2026-07-17T20:38:53.257234
leconstitutionnel,bpt6k681691r,,failed,0,0,,no_usable_pages,known,,,bpt6k681691r: no usable pages in manifest.,2026-07-17T20:38:53.330422
leconstitutionnel,bpt6k6816924,,failed,0,0,,no_usable_pages,known,,,bpt6k6816924: no usable pages in manifest.,2026-07-17T20:38:53.411114
leconstitutionnel,bpt6k681693h,,failed,0,0,,no_usable_pages,known,,,bpt6k681693h: no usable pages in manifest.,2026-07-17T20:38:53.491188
leconstitutionnel,bpt6k681694w,,failed,0,0,,no_usable_pages,known,,,bpt6k681694w: no usable pages in manifest.,2026-07-17T20:38:53.638026
leconstitutionnel,bpt6k6816958,,failed,0,0,,no_usable_pages,known,,,bpt6k6816958: no usable pages in manifest.,2026-07-17T20:38:53.916991
leconstitutionnel,bpt6k681696n,,failed,0,0,,no_usable_pages,known,,,bpt6k681696n: no usable pages in manifest.,2026-07-17T20:38:54.014941
leconstitutionnel,bpt6k6816971,,failed,0,0,,no_usable_pages,known,,,bpt6k6816971: no usable pages in manifest.,2026-07-17T20:38:54.110498
leconstitutionnel,bpt6k681698d,,failed,0,0,,no_usable_pages,known,,,bpt6k681698d: no usable pages in manifest.,2026-07-17T20:38:54.223413
leconstitutionnel,bpt6k681699s,,failed,0,0,,no_usable_pages,known,,,bpt6k681699s: no usable pages in manifest.,2026-07-17T20:38:54.311153
leconstitutionnel,bpt6k681700k,,failed,0,0,,no_usable_pages,known,,,bpt6k681700k: no usable pages in manifest.,2026-07-17T20:38:54.415072
leconstitutionnel,bpt6k681701z,,failed,0,0,,no_usable_pages,known,,,bpt6k681701z: no usable pages in manifest.,2026-07-17T20:38:54.492087
leconstitutionnel,bpt6k681702b,,failed,0,0,,no_usable_pages,known,,,bpt6k681702b: no usable pages in manifest.,2026-07-17T20:38:54.574189
leconstitutionnel,bpt6k681703q,,failed,0,0,,no_usable_pages,known,,,bpt6k681703q: no usable pages in manifest.,2026-07-17T20:38:54.633197
leconstitutionnel,bpt6k6817043,,failed,0,0,,no_usable_pages,known,,,bpt6k6817043: no usable pages in manifest.,2026-07-17T20:38:54.743553
leconstitutionnel,bpt6k681705g,,failed,0,0,,no_usable_pages,known,,,bpt6k681705g: no usable pages in manifest.,2026-07-17T20:38:54.868367
leconstitutionnel,bpt6k681706v,,failed,0,0,,no_usable_pages,known,,,bpt6k681706v: no usable pages in manifest.,2026-07-17T20:38:55.017039
leconstitutionnel,bpt6k6817077,,failed,0,0,,no_usable_pages,known,,,bpt6k6817077: no usable pages in manifest.,2026-07-17T20:38:55.099580
leconstitutionnel,bpt6k681708m,,failed,0,0,,no_usable_pages,known,,,bpt6k681708m: no usable pages in manifest.,2026-07-17T20:38:55.185412
leconstitutionnel,bpt6k6817090,,failed,0,0,,no_usable_pages,known,,,bpt6k6817090: no usable pages in manifest.,2026-07-17T20:38:55.297639
leconstitutionnel,bpt6k681710x,,failed,0,0,,no_usable_pages,known,,,bpt6k681710x: no usable pages in manifest.,2026-07-17T20:38:55.447886
leconstitutionnel,bpt6k6817119,,failed,0,0,,no_usable_pages,known,,,bpt6k6817119: no usable pages in manifest.,2026-07-17T20:38:55.571266
leconstitutionnel,bpt6k681712p,,failed,0,0,,no_usable_pages,known,,,bpt6k681712p: no usable pages in manifest.,2026-07-17T20:38:55.708504
leconstitutionnel,bpt6k6817132,,failed,0,0,,no_usable_pages,known,,,bpt6k6817132: no usable pages in manifest.,2026-07-17T20:38:55.780032
leconstitutionnel,bpt6k681714f,,failed,0,0,,no_usable_pages,known,,,bpt6k681714f: no usable pages in manifest.,2026-07-17T20:38:55.908704
leconstitutionnel,bpt6k681715t,,failed,0,0,,no_usable_pages,known,,,bpt6k681715t: no usable pages in manifest.,2026-07-17T20:38:56.117765
leconstitutionnel,bpt6k6817166,,failed,0,0,,no_usable_pages,known,,,bpt6k6817166: no usable pages in manifest.,2026-07-17T20:38:56.200663
leconstitutionnel,bpt6k681717k,,failed,0,0,,no_usable_pages,known,,,bpt6k681717k: no usable pages in manifest.,2026-07-17T20:38:56.271603
leconstitutionnel,bpt6k681718z,,failed,0,0,,no_usable_pages,known,,,bpt6k681718z: no usable pages in manifest.,2026-07-17T20:38:56.384760
leconstitutionnel,bpt6k681719b,,failed,0,0,,no_usable_pages,known,,,bpt6k681719b: no usable pages in manifest.,2026-07-17T20:38:56.476916
leconstitutionnel,bpt6k6817208,,failed,0,0,,no_usable_pages,known,,,bpt6k6817208: no usable pages in manifest.,2026-07-17T20:38:56.590177
leconstitutionnel,bpt6k681721n,,failed,0,0,,no_usable_pages,known,,,bpt6k681721n: no usable pages in manifest.,2026-07-17T20:38:56.699430
leconstitutionnel,bpt6k6817221,,failed,0,0,,no_usable_pages,known,,,bpt6k6817221: no usable pages in manifest.,2026-07-17T20:38:56.811892
leconstitutionnel,bpt6k681723d,,failed,0,0,,no_usable_pages,known,,,bpt6k681723d: no usable pages in manifest.,2026-07-17T20:38:56.962426
leconstitutionnel,bpt6k681724s,,failed,0,0,,no_usable_pages,known,,,bpt6k681724s: no usable pages in manifest.,2026-07-17T20:38:57.277590
leconstitutionnel,bpt6k6817255,,failed,0,0,,no_usable_pages,known,,,bpt6k6817255: no usable pages in manifest.,2026-07-17T20:38:57.342672
leconstitutionnel,bpt6k681726j,,failed,0,0,,no_usable_pages,known,,,bpt6k681726j: no usable pages in manifest.,2026-07-17T20:38:57.415350
leconstitutionnel,bpt6k681727x,,failed,0,0,,no_usable_pages,known,,,bpt6k681727x: no usable pages in manifest.,2026-07-17T20:38:57.556422
leconstitutionnel,bpt6k6817289,,failed,0,0,,no_usable_pages,known,,,bpt6k6817289: no usable pages in manifest.,2026-07-17T20:38:57.636140
leconstitutionnel,bpt6k681729p,,failed,0,0,,no_usable_pages,known,,,bpt6k681729p: no usable pages in manifest.,2026-07-17T20:38:57.792183
leconstitutionnel,bpt6k681730m,,failed,0,0,,no_usable_pages,known,,,bpt6k681730m: no usable pages in manifest.,2026-07-17T20:38:57.886327
leconstitutionnel,bpt6k6817310,,failed,0,0,,no_usable_pages,known,,,bpt6k6817310: no usable pages in manifest.,2026-07-17T20:38:57.978036
leconstitutionnel,bpt6k681732c,,failed,0,0,,no_usable_pages,known,,,bpt6k681732c: no usable pages in manifest.,2026-07-17T20:38:58.101212
leconstitutionnel,bpt6k681733r,,failed,0,0,,no_usable_pages,known,,,bpt6k681733r: no usable pages in manifest.,2026-07-17T20:38:58.264574
leconstitutionnel,bpt6k6817344,,failed,0,0,,no_usable_pages,known,,,bpt6k6817344: no usable pages in manifest.,2026-07-17T20:38:58.366285
leconstitutionnel,bpt6k681735h,,failed,0,0,,no_usable_pages,known,,,bpt6k681735h: no usable pages in manifest.,2026-07-17T20:38:58.478235
leconstitutionnel,bpt6k681736w,,failed,0,0,,no_usable_pages,known,,,bpt6k681736w: no usable pages in manifest.,2026-07-17T20:38:58.712116
leconstitutionnel,bpt6k6817378,,failed,0,0,,no_usable_pages,known,,,bpt6k6817378: no usable pages in manifest.,2026-07-17T20:38:58.816854
leconstitutionnel,bpt6k681738n,,failed,0,0,,no_usable_pages,known,,,bpt6k681738n: no usable pages in manifest.,2026-07-17T20:38:58.925556
leconstitutionnel,bpt6k6817391,,failed,0,0,,no_usable_pages,known,,,bpt6k6817391: no usable pages in manifest.,2026-07-17T20:38:59.021337
leconstitutionnel,bpt6k681740z,,failed,0,0,,no_usable_pages,known,,,bpt6k681740z: no usable pages in manifest.,2026-07-17T20:38:59.134064
leconstitutionnel,bpt6k681741b,,failed,0,0,,no_usable_pages,known,,,bpt6k681741b: no usable pages in manifest.,2026-07-17T20:38:59.322422
leconstitutionnel,bpt6k681742q,,failed,0,0,,no_usable_pages,known,,,bpt6k681742q: no usable pages in manifest.,2026-07-17T20:38:59.418536
leconstitutionnel,bpt6k6817433,,failed,0,0,,no_usable_pages,known,,,bpt6k6817433: no usable pages in manifest.,2026-07-17T20:38:59.514430
leconstitutionnel,bpt6k681744g,,failed,0,0,,no_usable_pages,known,,,bpt6k681744g: no usable pages in manifest.,2026-07-17T20:38:59.624763
leconstitutionnel,bpt6k681745v,,failed,0,0,,no_usable_pages,known,,,bpt6k681745v: no usable pages in manifest.,2026-07-17T20:38:59.701066
leconstitutionnel,bpt6k6817467,,failed,0,0,,no_usable_pages,known,,,bpt6k6817467: no usable pages in manifest.,2026-07-17T20:38:59.780264
leconstitutionnel,bpt6k681747m,,failed,0,0,,no_usable_pages,known,,,bpt6k681747m: no usable pages in manifest.,2026-07-17T20:38:59.857149
leconstitutionnel,bpt6k6817480,,failed,0,0,,no_usable_pages,known,,,bpt6k6817480: no usable pages in manifest.,2026-07-17T20:38:59.932461
leconstitutionnel,bpt6k681749c,,failed,0,0,,no_usable_pages,known,,,bpt6k681749c: no usable pages in manifest.,2026-07-17T20:39:00.030633
leconstitutionnel,bpt6k6817509,,failed,0,0,,no_usable_pages,known,,,bpt6k6817509: no usable pages in manifest.,2026-07-17T20:39:00.115089
leconstitutionnel,bpt6k681751p,,failed,0,0,,no_usable_pages,known,,,bpt6k681751p: no usable pages in manifest.,2026-07-17T20:39:00.369130
leconstitutionnel,bpt6k6817522,,failed,0,0,,no_usable_pages,known,,,bpt6k6817522: no usable pages in manifest.,2026-07-17T20:39:00.487207
leconstitutionnel,bpt6k681753f,,failed,0,0,,no_usable_pages,known,,,bpt6k681753f: no usable pages in manifest.,2026-07-17T20:39:00.594300
leconstitutionnel,bpt6k681754t,,failed,0,0,,no_usable_pages,known,,,bpt6k681754t: no usable pages in manifest.,2026-07-17T20:39:00.726512
leconstitutionnel,bpt6k6817556,,failed,0,0,,no_usable_pages,known,,,bpt6k6817556: no usable pages in manifest.,2026-07-17T20:39:00.819292
leconstitutionnel,bpt6k681756k,,failed,0,0,,no_usable_pages,known,,,bpt6k681756k: no usable pages in manifest.,2026-07-17T20:39:00.918930
leconstitutionnel,bpt6k681757z,,failed,0,0,,no_usable_pages,known,,,bpt6k681757z: no usable pages in manifest.,2026-07-17T20:39:00.987663
leconstitutionnel,bpt6k681758b,,failed,0,0,,no_usable_pages,known,,,bpt6k681758b: no usable pages in manifest.,2026-07-17T20:39:01.084748
leconstitutionnel,bpt6k681759q,,failed,0,0,,no_usable_pages,known,,,bpt6k681759q: no usable pages in manifest.,2026-07-17T20:39:01.162022
leconstitutionnel,bpt6k681760n,,failed,0,0,,no_usable_pages,known,,,bpt6k681760n: no usable pages in manifest.,2026-07-17T20:39:01.255666
leconstitutionnel,bpt6k6817611,,failed,0,0,,no_usable_pages,known,,,bpt6k6817611: no usable pages in manifest.,2026-07-17T20:39:01.433367
leconstitutionnel,bpt6k681762d,,failed,0,0,,no_usable_pages,known,,,bpt6k681762d: no usable pages in manifest.,2026-07-17T20:39:01.540816
leconstitutionnel,bpt6k681763s,,failed,0,0,,no_usable_pages,known,,,bpt6k681763s: no usable pages in manifest.,2026-07-17T20:39:01.648723
leconstitutionnel,bpt6k6817645,,failed,0,0,,no_usable_pages,known,,,bpt6k6817645: no usable pages in manifest.,2026-07-17T20:39:01.744028
leconstitutionnel,bpt6k681765j,,failed,0,0,,no_usable_pages,known,,,bpt6k681765j: no usable pages in manifest.,2026-07-17T20:39:01.882064
leconstitutionnel,bpt6k681766x,,failed,0,0,,no_usable_pages,known,,,bpt6k681766x: no usable pages in manifest.,2026-07-17T20:39:02.034111
leconstitutionnel,bpt6k6817679,,failed,0,0,,no_usable_pages,known,,,bpt6k6817679: no usable pages in manifest.,2026-07-17T20:39:02.140897
leconstitutionnel,bpt6k681768p,,failed,0,0,,no_usable_pages,known,,,bpt6k681768p: no usable pages in manifest.,2026-07-17T20:39:02.242360
leconstitutionnel,bpt6k6817692,,failed,0,0,,no_usable_pages,known,,,bpt6k6817692: no usable pages in manifest.,2026-07-17T20:39:02.407768
leconstitutionnel,bpt6k6817700,,failed,0,0,,no_usable_pages,known,,,bpt6k6817700: no usable pages in manifest.,2026-07-17T20:39:02.509339
leconstitutionnel,bpt6k681771c,,failed,0,0,,no_usable_pages,known,,,bpt6k681771c: no usable pages in manifest.,2026-07-17T20:39:02.573534
leconstitutionnel,bpt6k681772r,,failed,0,0,,no_usable_pages,known,,,bpt6k681772r: no usable pages in manifest.,2026-07-17T20:39:02.657425
leconstitutionnel,bpt6k6817734,,failed,0,0,,no_usable_pages,known,,,bpt6k6817734: no usable pages in manifest.,2026-07-17T20:39:02.752928
leconstitutionnel,bpt6k681774h,,failed,0,0,,no_usable_pages,known,,,bpt6k681774h: no usable pages in manifest.,2026-07-17T20:39:02.860309
leconstitutionnel,bpt6k681775w,,failed,0,0,,no_usable_pages,known,,,bpt6k681775w: no usable pages in manifest.,2026-07-17T20:39:02.933702
leconstitutionnel,bpt6k6817768,,failed,0,0,,no_usable_pages,known,,,bpt6k6817768: no usable pages in manifest.,2026-07-17T20:39:03.062343
leconstitutionnel,bpt6k681777n,,failed,0,0,,no_usable_pages,known,,,bpt6k681777n: no usable pages in manifest.,2026-07-17T20:39:03.145568
leconstitutionnel,bpt6k6817781,,failed,0,0,,no_usable_pages,known,,,bpt6k6817781: no usable pages in manifest.,2026-07-17T20:39:03.240401
leconstitutionnel,bpt6k681779d,,failed,0,0,,no_usable_pages,known,,,bpt6k681779d: no usable pages in manifest.,2026-07-17T20:39:03.353937
leconstitutionnel,bpt6k681780b,,failed,0,0,,no_usable_pages,known,,,bpt6k681780b: no usable pages in manifest.,2026-07-17T20:39:03.588602
leconstitutionnel,bpt6k681781q,,failed,0,0,,no_usable_pages,known,,,bpt6k681781q: no usable pages in manifest.,2026-07-17T20:39:03.728939
leconstitutionnel,bpt6k6817823,,failed,0,0,,no_usable_pages,known,,,bpt6k6817823: no usable pages in manifest.,2026-07-17T20:39:03.852961
leconstitutionnel,bpt6k681783g,,failed,0,0,,no_usable_pages,known,,,bpt6k681783g: no usable pages in manifest.,2026-07-17T20:39:03.965662
leconstitutionnel,bpt6k681784v,,failed,0,0,,no_usable_pages,known,,,bpt6k681784v: no usable pages in manifest.,2026-07-17T20:39:04.072893
leconstitutionnel,bpt6k6817857,,failed,0,0,,no_usable_pages,known,,,bpt6k6817857: no usable pages in manifest.,2026-07-17T20:39:04.166163
leconstitutionnel,bpt6k681786m,,failed,0,0,,no_usable_pages,known,,,bpt6k681786m: no usable pages in manifest.,2026-07-17T20:39:04.255507
leconstitutionnel,bpt6k6817870,,failed,0,0,,no_usable_pages,known,,,bpt6k6817870: no usable pages in manifest.,2026-07-17T20:39:04.352186
leconstitutionnel,bpt6k681788c,,failed,0,0,,no_usable_pages,known,,,bpt6k681788c: no usable pages in manifest.,2026-07-17T20:39:04.474437
leconstitutionnel,bpt6k681789r,,failed,0,0,,no_usable_pages,known,,,bpt6k681789r: no usable pages in manifest.,2026-07-17T20:39:04.590763
leconstitutionnel,bpt6k681790p,,failed,0,0,,no_usable_pages,known,,,bpt6k681790p: no usable pages in manifest.,2026-07-17T20:39:04.724021
leconstitutionnel,bpt6k6817912,,failed,0,0,,no_usable_pages,known,,,bpt6k6817912: no usable pages in manifest.,2026-07-17T20:39:04.824255
leconstitutionnel,bpt6k681792f,,failed,0,0,,no_usable_pages,known,,,bpt6k681792f: no usable pages in manifest.,2026-07-17T20:39:04.935821
leconstitutionnel,bpt6k681793t,,failed,0,0,,no_usable_pages,known,,,bpt6k681793t: no usable pages in manifest.,2026-07-17T20:39:05.006170
leconstitutionnel,bpt6k6817946,,failed,0,0,,no_usable_pages,known,,,bpt6k6817946: no usable pages in manifest.,2026-07-17T20:39:05.085410
leconstitutionnel,bpt6k681795k,,failed,0,0,,no_usable_pages,known,,,bpt6k681795k: no usable pages in manifest.,2026-07-17T20:39:05.237372
leconstitutionnel,bpt6k681796z,,failed,0,0,,no_usable_pages,known,,,bpt6k681796z: no usable pages in manifest.,2026-07-17T20:39:05.324906
leconstitutionnel,bpt6k681797b,,failed,0,0,,no_usable_pages,known,,,bpt6k681797b: no usable pages in manifest.,2026-07-17T20:39:05.436723
leconstitutionnel,bpt6k681798q,,failed,0,0,,no_usable_pages,known,,,bpt6k681798q: no usable pages in manifest.,2026-07-17T20:39:05.611539
leconstitutionnel,bpt6k6817993,,failed,0,0,,no_usable_pages,known,,,bpt6k6817993: no usable pages in manifest.,2026-07-17T20:39:05.714202
leconstitutionnel,bpt6k681800w,,failed,0,0,,no_usable_pages,known,,,bpt6k681800w: no usable pages in manifest.,2026-07-17T20:39:05.809010
leconstitutionnel,bpt6k6818018,,failed,0,0,,no_usable_pages,known,,,bpt6k6818018: no usable pages in manifest.,2026-07-17T20:39:05.910968
leconstitutionnel,bpt6k681802n,,failed,0,0,,no_usable_pages,known,,,bpt6k681802n: no usable pages in manifest.,2026-07-17T20:39:06.045161
leconstitutionnel,bpt6k6818031,,failed,0,0,,no_usable_pages,known,,,bpt6k6818031: no usable pages in manifest.,2026-07-17T20:39:06.148665
leconstitutionnel,bpt6k681804d,,failed,0,0,,no_usable_pages,known,,,bpt6k681804d: no usable pages in manifest.,2026-07-17T20:39:06.237356
leconstitutionnel,bpt6k681805s,,failed,0,0,,no_usable_pages,known,,,bpt6k681805s: no usable pages in manifest.,2026-07-17T20:39:06.360619
leconstitutionnel,bpt6k6818065,,failed,0,0,,no_usable_pages,known,,,bpt6k6818065: no usable pages in manifest.,2026-07-17T20:39:06.457136
leconstitutionnel,bpt6k681807j,,failed,0,0,,no_usable_pages,known,,,bpt6k681807j: no usable pages in manifest.,2026-07-17T20:39:06.612922
leconstitutionnel,bpt6k681808x,,failed,0,0,,no_usable_pages,known,,,bpt6k681808x: no usable pages in manifest.,2026-07-17T20:39:06.810479
leconstitutionnel,bpt6k6818099,,failed,0,0,,no_usable_pages,known,,,bpt6k6818099: no usable pages in manifest.,2026-07-17T20:39:07.046959
leconstitutionnel,bpt6k6818107,,failed,0,0,,no_usable_pages,known,,,bpt6k6818107: no usable pages in manifest.,2026-07-17T20:39:07.151849
leconstitutionnel,bpt6k681811m,,failed,0,0,,no_usable_pages,known,,,bpt6k681811m: no usable pages in manifest.,2026-07-17T20:39:07.276861
leconstitutionnel,bpt6k6818120,,failed,0,0,,no_usable_pages,known,,,bpt6k6818120: no usable pages in manifest.,2026-07-17T20:39:07.427260
leconstitutionnel,bpt6k681813c,,failed,0,0,,no_usable_pages,known,,,bpt6k681813c: no usable pages in manifest.,2026-07-17T20:39:07.586507
leconstitutionnel,bpt6k681814r,,failed,0,0,,no_usable_pages,known,,,bpt6k681814r: no usable pages in manifest.,2026-07-17T20:39:07.770251
leconstitutionnel,bpt6k6818154,,failed,0,0,,no_usable_pages,known,,,bpt6k6818154: no usable pages in manifest.,2026-07-17T20:39:07.870750
leconstitutionnel,bpt6k681816h,,failed,0,0,,no_usable_pages,known,,,bpt6k681816h: no usable pages in manifest.,2026-07-17T20:39:07.989228
leconstitutionnel,bpt6k681817w,,failed,0,0,,no_usable_pages,known,,,bpt6k681817w: no usable pages in manifest.,2026-07-17T20:39:08.096573
leconstitutionnel,bpt6k6818188,,failed,0,0,,no_usable_pages,known,,,bpt6k6818188: no usable pages in manifest.,2026-07-17T20:39:08.186917
leconstitutionnel,bpt6k681819n,,failed,0,0,,no_usable_pages,known,,,bpt6k681819n: no usable pages in manifest.,2026-07-17T20:39:08.272094
leconstitutionnel,bpt6k681820k,,failed,0,0,,no_usable_pages,known,,,bpt6k681820k: no usable pages in manifest.,2026-07-17T20:39:08.349280
leconstitutionnel,bpt6k681821z,,failed,0,0,,no_usable_pages,known,,,bpt6k681821z: no usable pages in manifest.,2026-07-17T20:39:08.431000
leconstitutionnel,bpt6k681822b,,failed,0,0,,no_usable_pages,known,,,bpt6k681822b: no usable pages in manifest.,2026-07-17T20:39:08.546958
leconstitutionnel,bpt6k681823q,,failed,0,0,,no_usable_pages,known,,,bpt6k681823q: no usable pages in manifest.,2026-07-17T20:39:08.783910
leconstitutionnel,bpt6k6818243,,failed,0,0,,no_usable_pages,known,,,bpt6k6818243: no usable pages in manifest.,2026-07-17T20:39:08.982340
leconstitutionnel,bpt6k681825g,,failed,0,0,,no_usable_pages,known,,,bpt6k681825g: no usable pages in manifest.,2026-07-17T20:39:09.084665
leconstitutionnel,bpt6k681826v,,failed,0,0,,no_usable_pages,known,,,bpt6k681826v: no usable pages in manifest.,2026-07-17T20:39:09.180968
leconstitutionnel,bpt6k6818277,,failed,0,0,,no_usable_pages,known,,,bpt6k6818277: no usable pages in manifest.,2026-07-17T20:39:09.285265
leconstitutionnel,bpt6k681828m,,failed,0,0,,no_usable_pages,known,,,bpt6k681828m: no usable pages in manifest.,2026-07-17T20:39:09.391540
leconstitutionnel,bpt6k6818290,,failed,0,0,,no_usable_pages,known,,,bpt6k6818290: no usable pages in manifest.,2026-07-17T20:39:09.503565
leconstitutionnel,bpt6k681830x,,failed,0,0,,no_usable_pages,known,,,bpt6k681830x: no usable pages in manifest.,2026-07-17T20:39:09.608425
leconstitutionnel,bpt6k6818319,,failed,0,0,,no_usable_pages,known,,,bpt6k6818319: no usable pages in manifest.,2026-07-17T20:39:09.774680
leconstitutionnel,bpt6k681832p,,failed,0,0,,no_usable_pages,known,,,bpt6k681832p: no usable pages in manifest.,2026-07-17T20:39:09.955629
leconstitutionnel,bpt6k6818332,,failed,0,0,,no_usable_pages,known,,,bpt6k6818332: no usable pages in manifest.,2026-07-17T20:39:10.029774
leconstitutionnel,bpt6k681834f,,failed,0,0,,no_usable_pages,known,,,bpt6k681834f: no usable pages in manifest.,2026-07-17T20:39:10.166189
leconstitutionnel,bpt6k681835t,,failed,0,0,,no_usable_pages,known,,,bpt6k681835t: no usable pages in manifest.,2026-07-17T20:39:10.297891
leconstitutionnel,bpt6k6818366,,failed,0,0,,no_usable_pages,known,,,bpt6k6818366: no usable pages in manifest.,2026-07-17T20:39:10.392259
leconstitutionnel,bpt6k681837k,,failed,0,0,,no_usable_pages,known,,,bpt6k681837k: no usable pages in manifest.,2026-07-17T20:39:10.633022
leconstitutionnel,bpt6k681838z,,failed,0,0,,no_usable_pages,known,,,bpt6k681838z: no usable pages in manifest.,2026-07-17T20:39:10.777999
leconstitutionnel,bpt6k681839b,,failed,0,0,,no_usable_pages,known,,,bpt6k681839b: no usable pages in manifest.,2026-07-17T20:39:10.933599
leconstitutionnel,bpt6k6818408,,failed,0,0,,no_usable_pages,known,,,bpt6k6818408: no usable pages in manifest.,2026-07-17T20:39:11.116271
leconstitutionnel,bpt6k681841n,,failed,0,0,,no_usable_pages,known,,,bpt6k681841n: no usable pages in manifest.,2026-07-17T20:39:11.202629
leconstitutionnel,bpt6k6818421,,failed,0,0,,no_usable_pages,known,,,bpt6k6818421: no usable pages in manifest.,2026-07-17T20:39:11.280379
leconstitutionnel,bpt6k681843d,,failed,0,0,,no_usable_pages,known,,,bpt6k681843d: no usable pages in manifest.,2026-07-17T20:39:11.362172
leconstitutionnel,bpt6k681844s,,failed,0,0,,no_usable_pages,known,,,bpt6k681844s: no usable pages in manifest.,2026-07-17T20:39:11.448532
leconstitutionnel,bpt6k6818455,,failed,0,0,,no_usable_pages,known,,,bpt6k6818455: no usable pages in manifest.,2026-07-17T20:39:11.551873
leconstitutionnel,bpt6k681846j,,failed,0,0,,no_usable_pages,known,,,bpt6k681846j: no usable pages in manifest.,2026-07-17T20:39:11.679678
leconstitutionnel,bpt6k681847x,,failed,0,0,,no_usable_pages,known,,,bpt6k681847x: no usable pages in manifest.,2026-07-17T20:39:11.791727
leconstitutionnel,bpt6k6818489,,failed,0,0,,no_usable_pages,known,,,bpt6k6818489: no usable pages in manifest.,2026-07-17T20:39:11.906628
leconstitutionnel,bpt6k681849p,,failed,0,0,,no_usable_pages,known,,,bpt6k681849p: no usable pages in manifest.,2026-07-17T20:39:12.047259
leconstitutionnel,bpt6k681850m,,failed,0,0,,no_usable_pages,known,,,bpt6k681850m: no usable pages in manifest.,2026-07-17T20:39:12.516712
leconstitutionnel,bpt6k6818510,,failed,0,0,,no_usable_pages,known,,,bpt6k6818510: no usable pages in manifest.,2026-07-17T20:39:12.619517
leconstitutionnel,bpt6k681852c,,failed,0,0,,no_usable_pages,known,,,bpt6k681852c: no usable pages in manifest.,2026-07-17T20:39:12.702062
leconstitutionnel,bpt6k681853r,,failed,0,0,,no_usable_pages,known,,,bpt6k681853r: no usable pages in manifest.,2026-07-17T20:39:12.848045
leconstitutionnel,bpt6k6818544,,failed,0,0,,no_usable_pages,known,,,bpt6k6818544: no usable pages in manifest.,2026-07-17T20:39:12.956264
leconstitutionnel,bpt6k681855h,,failed,0,0,,no_usable_pages,known,,,bpt6k681855h: no usable pages in manifest.,2026-07-17T20:39:13.078838
leconstitutionnel,bpt6k681856w,,failed,0,0,,no_usable_pages,known,,,bpt6k681856w: no usable pages in manifest.,2026-07-17T20:39:13.208771
leconstitutionnel,bpt6k6818578,,failed,0,0,,no_usable_pages,known,,,bpt6k6818578: no usable pages in manifest.,2026-07-17T20:39:13.351758
leconstitutionnel,bpt6k681858n,,failed,0,0,,no_usable_pages,known,,,bpt6k681858n: no usable pages in manifest.,2026-07-17T20:39:13.427814
leconstitutionnel,bpt6k6818591,,failed,0,0,,no_usable_pages,known,,,bpt6k6818591: no usable pages in manifest.,2026-07-17T20:39:13.503492
leconstitutionnel,bpt6k681860z,,failed,0,0,,no_usable_pages,known,,,bpt6k681860z: no usable pages in manifest.,2026-07-17T20:39:13.620590
leconstitutionnel,bpt6k681861b,,failed,0,0,,no_usable_pages,known,,,bpt6k681861b: no usable pages in manifest.,2026-07-17T20:39:13.732557
leconstitutionnel,bpt6k681862q,,failed,0,0,,no_usable_pages,known,,,bpt6k681862q: no usable pages in manifest.,2026-07-17T20:39:13.845363
leconstitutionnel,bpt6k6818633,,failed,0,0,,no_usable_pages,known,,,bpt6k6818633: no usable pages in manifest.,2026-07-17T20:39:13.950107
leconstitutionnel,bpt6k681864g,,failed,0,0,,no_usable_pages,known,,,bpt6k681864g: no usable pages in manifest.,2026-07-17T20:39:14.130223
leconstitutionnel,bpt6k681865v,,failed,0,0,,no_usable_pages,known,,,bpt6k681865v: no usable pages in manifest.,2026-07-17T20:39:14.270045
leconstitutionnel,bpt6k6818667,,failed,0,0,,no_usable_pages,known,,,bpt6k6818667: no usable pages in manifest.,2026-07-17T20:39:14.396861
leconstitutionnel,bpt6k681867m,,failed,0,0,,no_usable_pages,known,,,bpt6k681867m: no usable pages in manifest.,2026-07-17T20:39:14.514154
leconstitutionnel,bpt6k6818680,,failed,0,0,,no_usable_pages,known,,,bpt6k6818680: no usable pages in manifest.,2026-07-17T20:39:14.611739
leconstitutionnel,bpt6k681869c,,failed,0,0,,no_usable_pages,known,,,bpt6k681869c: no usable pages in manifest.,2026-07-17T20:39:14.710200
leconstitutionnel,bpt6k6818709,,failed,0,0,,no_usable_pages,known,,,bpt6k6818709: no usable pages in manifest.,2026-07-17T20:39:14.775564
leconstitutionnel,bpt6k681871p,,failed,0,0,,no_usable_pages,known,,,bpt6k681871p: no usable pages in manifest.,2026-07-17T20:39:14.847580
leconstitutionnel,bpt6k6818722,,failed,0,0,,no_usable_pages,known,,,bpt6k6818722: no usable pages in manifest.,2026-07-17T20:39:14.937157
leconstitutionnel,bpt6k681873f,,failed,0,0,,no_usable_pages,known,,,bpt6k681873f: no usable pages in manifest.,2026-07-17T20:39:15.020190
leconstitutionnel,bpt6k681874t,,failed,0,0,,no_usable_pages,known,,,bpt6k681874t: no usable pages in manifest.,2026-07-17T20:39:15.120331
leconstitutionnel,bpt6k6818756,,failed,0,0,,no_usable_pages,known,,,bpt6k6818756: no usable pages in manifest.,2026-07-17T20:39:15.227926
leconstitutionnel,bpt6k681876k,,failed,0,0,,no_usable_pages,known,,,bpt6k681876k: no usable pages in manifest.,2026-07-17T20:39:15.418483
leconstitutionnel,bpt6k681877z,,failed,0,0,,no_usable_pages,known,,,bpt6k681877z: no usable pages in manifest.,2026-07-17T20:39:15.484979
leconstitutionnel,bpt6k681878b,,failed,0,0,,no_usable_pages,known,,,bpt6k681878b: no usable pages in manifest.,2026-07-17T20:39:15.644206
leconstitutionnel,bpt6k681879q,,failed,0,0,,no_usable_pages,known,,,bpt6k681879q: no usable pages in manifest.,2026-07-17T20:39:15.817483
leconstitutionnel,bpt6k681880n,,failed,0,0,,no_usable_pages,known,,,bpt6k681880n: no usable pages in manifest.,2026-07-17T20:39:15.908303
leconstitutionnel,bpt6k6818811,,failed,0,0,,no_usable_pages,known,,,bpt6k6818811: no usable pages in manifest.,2026-07-17T20:39:16.051726
leconstitutionnel,bpt6k681882d,,failed,0,0,,no_usable_pages,known,,,bpt6k681882d: no usable pages in manifest.,2026-07-17T20:39:16.176816
leconstitutionnel,bpt6k681883s,,failed,0,0,,no_usable_pages,known,,,bpt6k681883s: no usable pages in manifest.,2026-07-17T20:39:16.267491
leconstitutionnel,bpt6k6818845,,failed,0,0,,no_usable_pages,known,,,bpt6k6818845: no usable pages in manifest.,2026-07-17T20:39:16.448670
leconstitutionnel,bpt6k681885j,,failed,0,0,,no_usable_pages,known,,,bpt6k681885j: no usable pages in manifest.,2026-07-17T20:39:16.518402
leconstitutionnel,bpt6k681886x,,failed,0,0,,no_usable_pages,known,,,bpt6k681886x: no usable pages in manifest.,2026-07-17T20:39:16.607628
leconstitutionnel,bpt6k6818879,,failed,0,0,,no_usable_pages,known,,,bpt6k6818879: no usable pages in manifest.,2026-07-17T20:39:16.717389
leconstitutionnel,bpt6k681888p,,failed,0,0,,no_usable_pages,known,,,bpt6k681888p: no usable pages in manifest.,2026-07-17T20:39:16.801621
leconstitutionnel,bpt6k6818892,,failed,0,0,,no_usable_pages,known,,,bpt6k6818892: no usable pages in manifest.,2026-07-17T20:39:16.915564
leconstitutionnel,bpt6k6818900,,failed,0,0,,no_usable_pages,known,,,bpt6k6818900: no usable pages in manifest.,2026-07-17T20:39:17.083906
leconstitutionnel,bpt6k681891c,,failed,0,0,,no_usable_pages,known,,,bpt6k681891c: no usable pages in manifest.,2026-07-17T20:39:17.249946
leconstitutionnel,bpt6k681892r,,failed,0,0,,no_usable_pages,known,,,bpt6k681892r: no usable pages in manifest.,2026-07-17T20:39:17.361592
leconstitutionnel,bpt6k6818934,,failed,0,0,,no_usable_pages,known,,,bpt6k6818934: no usable pages in manifest.,2026-07-17T20:39:17.700585
leconstitutionnel,bpt6k681894h,,failed,0,0,,no_usable_pages,known,,,bpt6k681894h: no usable pages in manifest.,2026-07-17T20:39:17.819285
leconstitutionnel,bpt6k681895w,,failed,0,0,,no_usable_pages,known,,,bpt6k681895w: no usable pages in manifest.,2026-07-17T20:39:17.939415
leconstitutionnel,bpt6k6818968,,failed,0,0,,no_usable_pages,known,,,bpt6k6818968: no usable pages in manifest.,2026-07-17T20:39:18.009972
leconstitutionnel,bpt6k681897n,,failed,0,0,,no_usable_pages,known,,,bpt6k681897n: no usable pages in manifest.,2026-07-17T20:39:18.092116
leconstitutionnel,bpt6k6818981,,failed,0,0,,no_usable_pages,known,,,bpt6k6818981: no usable pages in manifest.,2026-07-17T20:39:18.181021
leconstitutionnel,bpt6k681899d,,failed,0,0,,no_usable_pages,known,,,bpt6k681899d: no usable pages in manifest.,2026-07-17T20:39:18.305437
leconstitutionnel,bpt6k6819006,,failed,0,0,,no_usable_pages,known,,,bpt6k6819006: no usable pages in manifest.,2026-07-17T20:39:18.396170
leconstitutionnel,bpt6k681901k,,failed,0,0,,no_usable_pages,known,,,bpt6k681901k: no usable pages in manifest.,2026-07-17T20:39:18.480146
leconstitutionnel,bpt6k681902z,,failed,0,0,,no_usable_pages,known,,,bpt6k681902z: no usable pages in manifest.,2026-07-17T20:39:18.572956
leconstitutionnel,bpt6k681903b,,failed,0,0,,no_usable_pages,known,,,bpt6k681903b: no usable pages in manifest.,2026-07-17T20:39:18.694604
leconstitutionnel,bpt6k681904q,,failed,0,0,,no_usable_pages,known,,,bpt6k681904q: no usable pages in manifest.,2026-07-17T20:39:18.803451
leconstitutionnel,bpt6k6819053,,failed,0,0,,no_usable_pages,known,,,bpt6k6819053: no usable pages in manifest.,2026-07-17T20:39:18.931951
leconstitutionnel,bpt6k681906g,,failed,0,0,,no_usable_pages,known,,,bpt6k681906g: no usable pages in manifest.,2026-07-17T20:39:19.011256
leconstitutionnel,bpt6k681907v,,failed,0,0,,no_usable_pages,known,,,bpt6k681907v: no usable pages in manifest.,2026-07-17T20:39:19.111547
leconstitutionnel,bpt6k6819087,,failed,0,0,,no_usable_pages,known,,,bpt6k6819087: no usable pages in manifest.,2026-07-17T20:39:19.237077
leconstitutionnel,bpt6k681909m,,failed,0,0,,no_usable_pages,known,,,bpt6k681909m: no usable pages in manifest.,2026-07-17T20:39:19.321988
leconstitutionnel,bpt6k681910j,,failed,0,0,,no_usable_pages,known,,,bpt6k681910j: no usable pages in manifest.,2026-07-17T20:39:19.402185
leconstitutionnel,bpt6k681911x,,failed,0,0,,no_usable_pages,known,,,bpt6k681911x: no usable pages in manifest.,2026-07-17T20:39:19.508725
leconstitutionnel,bpt6k6819129,,failed,0,0,,no_usable_pages,known,,,bpt6k6819129: no usable pages in manifest.,2026-07-17T20:39:19.682798
leconstitutionnel,bpt6k681913p,,failed,0,0,,no_usable_pages,known,,,bpt6k681913p: no usable pages in manifest.,2026-07-17T20:39:19.813667
leconstitutionnel,bpt6k6819142,,failed,0,0,,no_usable_pages,known,,,bpt6k6819142: no usable pages in manifest.,2026-07-17T20:39:19.883377
leconstitutionnel,bpt6k681915f,,failed,0,0,,no_usable_pages,known,,,bpt6k681915f: no usable pages in manifest.,2026-07-17T20:39:19.973232
leconstitutionnel,bpt6k681916t,,failed,0,0,,no_usable_pages,known,,,bpt6k681916t: no usable pages in manifest.,2026-07-17T20:39:20.071092
leconstitutionnel,bpt6k6819176,,failed,0,0,,no_usable_pages,known,,,bpt6k6819176: no usable pages in manifest.,2026-07-17T20:39:20.167090
leconstitutionnel,bpt6k681918k,,failed,0,0,,no_usable_pages,known,,,bpt6k681918k: no usable pages in manifest.,2026-07-17T20:39:20.262519
leconstitutionnel,bpt6k681919z,,failed,0,0,,no_usable_pages,known,,,bpt6k681919z: no usable pages in manifest.,2026-07-17T20:39:20.361877
leconstitutionnel,bpt6k681920w,,failed,0,0,,no_usable_pages,known,,,bpt6k681920w: no usable pages in manifest.,2026-07-17T20:39:20.483910
leconstitutionnel,bpt6k6819218,,failed,0,0,,no_usable_pages,known,,,bpt6k6819218: no usable pages in manifest.,2026-07-17T20:39:20.777679
leconstitutionnel,bpt6k681922n,,failed,0,0,,no_usable_pages,known,,,bpt6k681922n: no usable pages in manifest.,2026-07-17T20:39:20.946305
leconstitutionnel,bpt6k6819231,,failed,0,0,,no_usable_pages,known,,,bpt6k6819231: no usable pages in manifest.,2026-07-17T20:39:21.112128
leconstitutionnel,bpt6k681924d,,failed,0,0,,no_usable_pages,known,,,bpt6k681924d: no usable pages in manifest.,2026-07-17T20:39:21.211203
leconstitutionnel,bpt6k681925s,,failed,0,0,,no_usable_pages,known,,,bpt6k681925s: no usable pages in manifest.,2026-07-17T20:39:21.342422
leconstitutionnel,bpt6k6819265,,failed,0,0,,no_usable_pages,known,,,bpt6k6819265: no usable pages in manifest.,2026-07-17T20:39:21.473854
leconstitutionnel,bpt6k681927j,,failed,0,0,,no_usable_pages,known,,,bpt6k681927j: no usable pages in manifest.,2026-07-17T20:39:21.574044
leconstitutionnel,bpt6k681928x,,failed,0,0,,no_usable_pages,known,,,bpt6k681928x: no usable pages in manifest.,2026-07-17T20:39:21.681362
leconstitutionnel,bpt6k6819299,,failed,0,0,,no_usable_pages,known,,,bpt6k6819299: no usable pages in manifest.,2026-07-17T20:39:21.768116
leconstitutionnel,bpt6k6819307,,failed,0,0,,no_usable_pages,known,,,bpt6k6819307: no usable pages in manifest.,2026-07-17T20:39:21.859892
leconstitutionnel,bpt6k681931m,,failed,0,0,,no_usable_pages,known,,,bpt6k681931m: no usable pages in manifest.,2026-07-17T20:39:22.012581
leconstitutionnel,bpt6k6819320,,failed,0,0,,no_usable_pages,known,,,bpt6k6819320: no usable pages in manifest.,2026-07-17T20:39:22.108214
leconstitutionnel,bpt6k681933c,,failed,0,0,,no_usable_pages,known,,,bpt6k681933c: no usable pages in manifest.,2026-07-17T20:39:22.207959
leconstitutionnel,bpt6k681934r,,failed,0,0,,no_usable_pages,known,,,bpt6k681934r: no usable pages in manifest.,2026-07-17T20:39:22.296941
leconstitutionnel,bpt6k6819354,,failed,0,0,,no_usable_pages,known,,,bpt6k6819354: no usable pages in manifest.,2026-07-17T20:39:22.401985
leconstitutionnel,bpt6k681936h,,failed,0,0,,no_usable_pages,known,,,bpt6k681936h: no usable pages in manifest.,2026-07-17T20:39:22.628819
leconstitutionnel,bpt6k681937w,,failed,0,0,,no_usable_pages,known,,,bpt6k681937w: no usable pages in manifest.,2026-07-17T20:39:22.775100
leconstitutionnel,bpt6k6819388,,failed,0,0,,no_usable_pages,known,,,bpt6k6819388: no usable pages in manifest.,2026-07-17T20:39:22.900163
leconstitutionnel,bpt6k681939n,,failed,0,0,,no_usable_pages,known,,,bpt6k681939n: no usable pages in manifest.,2026-07-17T20:39:23.009131
leconstitutionnel,bpt6k681940k,,failed,0,0,,no_usable_pages,known,,,bpt6k681940k: no usable pages in manifest.,2026-07-17T20:39:23.121662
leconstitutionnel,bpt6k681941z,,failed,0,0,,no_usable_pages,known,,,bpt6k681941z: no usable pages in manifest.,2026-07-17T20:39:23.218921
leconstitutionnel,bpt6k681942b,,failed,0,0,,no_usable_pages,known,,,bpt6k681942b: no usable pages in manifest.,2026-07-17T20:39:23.338996
leconstitutionnel,bpt6k681943q,,failed,0,0,,no_usable_pages,known,,,bpt6k681943q: no usable pages in manifest.,2026-07-17T20:39:23.445937
leconstitutionnel,bpt6k6819443,,failed,0,0,,no_usable_pages,known,,,bpt6k6819443: no usable pages in manifest.,2026-07-17T20:39:23.554761
leconstitutionnel,bpt6k681945g,,failed,0,0,,no_usable_pages,known,,,bpt6k681945g: no usable pages in manifest.,2026-07-17T20:39:23.661513
leconstitutionnel,bpt6k681946v,,failed,0,0,,no_usable_pages,known,,,bpt6k681946v: no usable pages in manifest.,2026-07-17T20:39:23.790332
leconstitutionnel,bpt6k6819477,,failed,0,0,,no_usable_pages,known,,,bpt6k6819477: no usable pages in manifest.,2026-07-17T20:39:23.861103
leconstitutionnel,bpt6k681948m,,failed,0,0,,no_usable_pages,known,,,bpt6k681948m: no usable pages in manifest.,2026-07-17T20:39:23.944067
leconstitutionnel,bpt6k6819490,,failed,0,0,,no_usable_pages,known,,,bpt6k6819490: no usable pages in manifest.,2026-07-17T20:39:24.061059
leconstitutionnel,bpt6k681950x,,failed,0,0,,no_usable_pages,known,,,bpt6k681950x: no usable pages in manifest.,2026-07-17T20:39:24.148731
leconstitutionnel,bpt6k6819519,,failed,0,0,,no_usable_pages,known,,,bpt6k6819519: no usable pages in manifest.,2026-07-17T20:39:24.215430
leconstitutionnel,bpt6k681952p,,failed,0,0,,no_usable_pages,known,,,bpt6k681952p: no usable pages in manifest.,2026-07-17T20:39:24.334284
leconstitutionnel,bpt6k6819532,,failed,0,0,,no_usable_pages,known,,,bpt6k6819532: no usable pages in manifest.,2026-07-17T20:39:24.455857
leconstitutionnel,bpt6k681954f,,failed,0,0,,no_usable_pages,known,,,bpt6k681954f: no usable pages in manifest.,2026-07-17T20:39:24.598334
leconstitutionnel,bpt6k681955t,,failed,0,0,,no_usable_pages,known,,,bpt6k681955t: no usable pages in manifest.,2026-07-17T20:39:24.803463
leconstitutionnel,bpt6k6819566,,failed,0,0,,no_usable_pages,known,,,bpt6k6819566: no usable pages in manifest.,2026-07-17T20:39:24.920440
leconstitutionnel,bpt6k681957k,,failed,0,0,,no_usable_pages,known,,,bpt6k681957k: no usable pages in manifest.,2026-07-17T20:39:25.056612
leconstitutionnel,bpt6k681958z,,failed,0,0,,no_usable_pages,known,,,bpt6k681958z: no usable pages in manifest.,2026-07-17T20:39:25.223394
leconstitutionnel,bpt6k681959b,,failed,0,0,,no_usable_pages,known,,,bpt6k681959b: no usable pages in manifest.,2026-07-17T20:39:25.336750
leconstitutionnel,bpt6k6819608,,failed,0,0,,no_usable_pages,known,,,bpt6k6819608: no usable pages in manifest.,2026-07-17T20:39:25.431177
leconstitutionnel,bpt6k681961n,,failed,0,0,,no_usable_pages,known,,,bpt6k681961n: no usable pages in manifest.,2026-07-17T20:39:25.501016
leconstitutionnel,bpt6k6819621,,failed,0,0,,no_usable_pages,known,,,bpt6k6819621: no usable pages in manifest.,2026-07-17T20:39:25.612269
leconstitutionnel,bpt6k681963d,,failed,0,0,,no_usable_pages,known,,,bpt6k681963d: no usable pages in manifest.,2026-07-17T20:39:25.716768
leconstitutionnel,bpt6k681964s,,failed,0,0,,no_usable_pages,known,,,bpt6k681964s: no usable pages in manifest.,2026-07-17T20:39:25.853877
leconstitutionnel,bpt6k6819655,,failed,0,0,,no_usable_pages,known,,,bpt6k6819655: no usable pages in manifest.,2026-07-17T20:39:25.959053
leconstitutionnel,bpt6k681966j,,failed,0,0,,no_usable_pages,known,,,bpt6k681966j: no usable pages in manifest.,2026-07-17T20:39:26.044872
leconstitutionnel,bpt6k681967x,,failed,0,0,,no_usable_pages,known,,,bpt6k681967x: no usable pages in manifest.,2026-07-17T20:39:26.134211
leconstitutionnel,bpt6k6819689,,failed,0,0,,no_usable_pages,known,,,bpt6k6819689: no usable pages in manifest.,2026-07-17T20:39:26.340101
leconstitutionnel,bpt6k681969p,,failed,0,0,,no_usable_pages,known,,,bpt6k681969p: no usable pages in manifest.,2026-07-17T20:39:26.448611
leconstitutionnel,bpt6k681970m,,failed,0,0,,no_usable_pages,known,,,bpt6k681970m: no usable pages in manifest.,2026-07-17T20:39:26.589109
leconstitutionnel,bpt6k6819710,,failed,0,0,,no_usable_pages,known,,,bpt6k6819710: no usable pages in manifest.,2026-07-17T20:39:26.688714
leconstitutionnel,bpt6k681972c,,failed,0,0,,no_usable_pages,known,,,bpt6k681972c: no usable pages in manifest.,2026-07-17T20:39:26.812519
leconstitutionnel,bpt6k681973r,,failed,0,0,,no_usable_pages,known,,,bpt6k681973r: no usable pages in manifest.,2026-07-17T20:39:26.934381
leconstitutionnel,bpt6k6819744,,failed,0,0,,no_usable_pages,known,,,bpt6k6819744: no usable pages in manifest.,2026-07-17T20:39:27.018449
leconstitutionnel,bpt6k681975h,,failed,0,0,,no_usable_pages,known,,,bpt6k681975h: no usable pages in manifest.,2026-07-17T20:39:27.115550
leconstitutionnel,bpt6k681976w,,failed,0,0,,no_usable_pages,known,,,bpt6k681976w: no usable pages in manifest.,2026-07-17T20:39:27.286261
leconstitutionnel,bpt6k6819778,,failed,0,0,,no_usable_pages,known,,,bpt6k6819778: no usable pages in manifest.,2026-07-17T20:39:27.399836
leconstitutionnel,bpt6k681978n,,failed,0,0,,no_usable_pages,known,,,bpt6k681978n: no usable pages in manifest.,2026-07-17T20:39:27.503669
leconstitutionnel,bpt6k6819791,,failed,0,0,,no_usable_pages,known,,,bpt6k6819791: no usable pages in manifest.,2026-07-17T20:39:27.681892
leconstitutionnel,bpt6k681980z,,failed,0,0,,no_usable_pages,known,,,bpt6k681980z: no usable pages in manifest.,2026-07-17T20:39:27.849561
leconstitutionnel,bpt6k681981b,,failed,0,0,,no_usable_pages,known,,,bpt6k681981b: no usable pages in manifest.,2026-07-17T20:39:27.968258
leconstitutionnel,bpt6k681982q,,failed,0,0,,no_usable_pages,known,,,bpt6k681982q: no usable pages in manifest.,2026-07-17T20:39:28.098772
leconstitutionnel,bpt6k6819833,,failed,0,0,,no_usable_pages,known,,,bpt6k6819833: no usable pages in manifest.,2026-07-17T20:39:28.213883
leconstitutionnel,bpt6k681984g,,failed,0,0,,no_usable_pages,known,,,bpt6k681984g: no usable pages in manifest.,2026-07-17T20:39:28.399104
leconstitutionnel,bpt6k681985v,,failed,0,0,,no_usable_pages,known,,,bpt6k681985v: no usable pages in manifest.,2026-07-17T20:39:28.533546
leconstitutionnel,bpt6k6819867,,failed,0,0,,no_usable_pages,known,,,bpt6k6819867: no usable pages in manifest.,2026-07-17T20:39:28.640180
leconstitutionnel,bpt6k681987m,,failed,0,0,,no_usable_pages,known,,,bpt6k681987m: no usable pages in manifest.,2026-07-17T20:39:28.748178
leconstitutionnel,bpt6k6819880,,failed,0,0,,no_usable_pages,known,,,bpt6k6819880: no usable pages in manifest.,2026-07-17T20:39:28.847142
leconstitutionnel,bpt6k681989c,,failed,0,0,,no_usable_pages,known,,,bpt6k681989c: no usable pages in manifest.,2026-07-17T20:39:29.017351
leconstitutionnel,bpt6k6819909,,failed,0,0,,no_usable_pages,known,,,bpt6k6819909: no usable pages in manifest.,2026-07-17T20:39:29.146282
leconstitutionnel,bpt6k681991p,,failed,0,0,,no_usable_pages,known,,,bpt6k681991p: no usable pages in manifest.,2026-07-17T20:39:29.227869
leconstitutionnel,bpt6k6819922,,failed,0,0,,no_usable_pages,known,,,bpt6k6819922: no usable pages in manifest.,2026-07-17T20:39:29.439986
leconstitutionnel,bpt6k681993f,,failed,0,0,,no_usable_pages,known,,,bpt6k681993f: no usable pages in manifest.,2026-07-17T20:39:29.583023
leconstitutionnel,bpt6k681994t,,failed,0,0,,no_usable_pages,known,,,bpt6k681994t: no usable pages in manifest.,2026-07-17T20:39:29.676955
leconstitutionnel,bpt6k6819956,,failed,0,0,,no_usable_pages,known,,,bpt6k6819956: no usable pages in manifest.,2026-07-17T20:39:29.759919
leconstitutionnel,bpt6k681996k,,failed,0,0,,no_usable_pages,known,,,bpt6k681996k: no usable pages in manifest.,2026-07-17T20:39:29.878585
leconstitutionnel,bpt6k681997z,,failed,0,0,,no_usable_pages,known,,,bpt6k681997z: no usable pages in manifest.,2026-07-17T20:39:29.988350
leconstitutionnel,bpt6k681998b,,failed,0,0,,no_usable_pages,known,,,bpt6k681998b: no usable pages in manifest.,2026-07-17T20:39:30.103074
leconstitutionnel,bpt6k681999q,,failed,0,0,,no_usable_pages,known,,,bpt6k681999q: no usable pages in manifest.,2026-07-17T20:39:30.182429
leconstitutionnel,bpt6k682000p,,failed,0,0,,no_usable_pages,known,,,bpt6k682000p: no usable pages in manifest.,2026-07-17T20:39:30.263137
leconstitutionnel,bpt6k6820012,,failed,0,0,,no_usable_pages,known,,,bpt6k6820012: no usable pages in manifest.,2026-07-17T20:39:30.363042
leconstitutionnel,bpt6k682002f,,failed,0,0,,no_usable_pages,known,,,bpt6k682002f: no usable pages in manifest.,2026-07-17T20:39:30.561624
leconstitutionnel,bpt6k682003t,,failed,0,0,,no_usable_pages,known,,,bpt6k682003t: no usable pages in manifest.,2026-07-17T20:39:30.674568
leconstitutionnel,bpt6k6820046,,failed,0,0,,no_usable_pages,known,,,bpt6k6820046: no usable pages in manifest.,2026-07-17T20:39:30.767847
leconstitutionnel,bpt6k682005k,,failed,0,0,,no_usable_pages,known,,,bpt6k682005k: no usable pages in manifest.,2026-07-17T20:39:30.900214
leconstitutionnel,bpt6k682006z,,failed,0,0,,no_usable_pages,known,,,bpt6k682006z: no usable pages in manifest.,2026-07-17T20:39:31.203368
leconstitutionnel,bpt6k682007b,,failed,0,0,,no_usable_pages,known,,,bpt6k682007b: no usable pages in manifest.,2026-07-17T20:39:31.301708
leconstitutionnel,bpt6k682008q,,failed,0,0,,no_usable_pages,known,,,bpt6k682008q: no usable pages in manifest.,2026-07-17T20:39:31.416642
leconstitutionnel,bpt6k6820093,,failed,0,0,,no_usable_pages,known,,,bpt6k6820093: no usable pages in manifest.,2026-07-17T20:39:31.580644
leconstitutionnel,bpt6k6820101,,failed,0,0,,no_usable_pages,known,,,bpt6k6820101: no usable pages in manifest.,2026-07-17T20:39:31.692399
leconstitutionnel,bpt6k682011d,,failed,0,0,,no_usable_pages,known,,,bpt6k682011d: no usable pages in manifest.,2026-07-17T20:39:31.786154
leconstitutionnel,bpt6k682012s,,failed,0,0,,no_usable_pages,known,,,bpt6k682012s: no usable pages in manifest.,2026-07-17T20:39:31.906510
leconstitutionnel,bpt6k6820135,,failed,0,0,,no_usable_pages,known,,,bpt6k6820135: no usable pages in manifest.,2026-07-17T20:39:32.023004
leconstitutionnel,bpt6k682014j,,failed,0,0,,no_usable_pages,known,,,bpt6k682014j: no usable pages in manifest.,2026-07-17T20:39:32.111339
leconstitutionnel,bpt6k682015x,,failed,0,0,,no_usable_pages,known,,,bpt6k682015x: no usable pages in manifest.,2026-07-17T20:39:32.236326
leconstitutionnel,bpt6k6820169,,failed,0,0,,no_usable_pages,known,,,bpt6k6820169: no usable pages in manifest.,2026-07-17T20:39:32.339744
leconstitutionnel,bpt6k682017p,,failed,0,0,,no_usable_pages,known,,,bpt6k682017p: no usable pages in manifest.,2026-07-17T20:39:32.440250
leconstitutionnel,bpt6k6820182,,failed,0,0,,no_usable_pages,known,,,bpt6k6820182: no usable pages in manifest.,2026-07-17T20:39:32.592629
leconstitutionnel,bpt6k682019f,,failed,0,0,,no_usable_pages,known,,,bpt6k682019f: no usable pages in manifest.,2026-07-17T20:39:32.685924
leconstitutionnel,bpt6k682020c,,failed,0,0,,no_usable_pages,known,,,bpt6k682020c: no usable pages in manifest.,2026-07-17T20:39:32.798001
leconstitutionnel,bpt6k682021r,,failed,0,0,,no_usable_pages,known,,,bpt6k682021r: no usable pages in manifest.,2026-07-17T20:39:32.924714
leconstitutionnel,bpt6k6820224,,failed,0,0,,no_usable_pages,known,,,bpt6k6820224: no usable pages in manifest.,2026-07-17T20:39:33.030352
leconstitutionnel,bpt6k682023h,,failed,0,0,,no_usable_pages,known,,,bpt6k682023h: no usable pages in manifest.,2026-07-17T20:39:33.147083
leconstitutionnel,bpt6k682024w,,failed,0,0,,no_usable_pages,known,,,bpt6k682024w: no usable pages in manifest.,2026-07-17T20:39:33.297012
leconstitutionnel,bpt6k6820258,,failed,0,0,,no_usable_pages,known,,,bpt6k6820258: no usable pages in manifest.,2026-07-17T20:39:33.417518
leconstitutionnel,bpt6k682026n,,failed,0,0,,no_usable_pages,known,,,bpt6k682026n: no usable pages in manifest.,2026-07-17T20:39:33.512544
leconstitutionnel,bpt6k6820271,,failed,0,0,,no_usable_pages,known,,,bpt6k6820271: no usable pages in manifest.,2026-07-17T20:39:33.805158
leconstitutionnel,bpt6k682028d,,failed,0,0,,no_usable_pages,known,,,bpt6k682028d: no usable pages in manifest.,2026-07-17T20:39:33.984484
leconstitutionnel,bpt6k682029s,,failed,0,0,,no_usable_pages,known,,,bpt6k682029s: no usable pages in manifest.,2026-07-17T20:39:34.103374
leconstitutionnel,bpt6k682030q,,failed,0,0,,no_usable_pages,known,,,bpt6k682030q: no usable pages in manifest.,2026-07-17T20:39:34.239144
leconstitutionnel,bpt6k6820313,,failed,0,0,,no_usable_pages,known,,,bpt6k6820313: no usable pages in manifest.,2026-07-17T20:39:34.416125
leconstitutionnel,bpt6k682032g,,failed,0,0,,no_usable_pages,known,,,bpt6k682032g: no usable pages in manifest.,2026-07-17T20:39:34.549761
leconstitutionnel,bpt6k682033v,,failed,0,0,,no_usable_pages,known,,,bpt6k682033v: no usable pages in manifest.,2026-07-17T20:39:34.738547
leconstitutionnel,bpt6k6820347,,failed,0,0,,no_usable_pages,known,,,bpt6k6820347: no usable pages in manifest.,2026-07-17T20:39:34.846457
leconstitutionnel,bpt6k682035m,,failed,0,0,,no_usable_pages,known,,,bpt6k682035m: no usable pages in manifest.,2026-07-17T20:39:34.933939
leconstitutionnel,bpt6k6820360,,failed,0,0,,no_usable_pages,known,,,bpt6k6820360: no usable pages in manifest.,2026-07-17T20:39:35.023326
leconstitutionnel,bpt6k682037c,,failed,0,0,,no_usable_pages,known,,,bpt6k682037c: no usable pages in manifest.,2026-07-17T20:39:35.134073
leconstitutionnel,bpt6k682038r,,failed,0,0,,no_usable_pages,known,,,bpt6k682038r: no usable pages in manifest.,2026-07-17T20:39:35.247544
leconstitutionnel,bpt6k6820394,,failed,0,0,,no_usable_pages,known,,,bpt6k6820394: no usable pages in manifest.,2026-07-17T20:39:35.374350
leconstitutionnel,bpt6k6820402,,failed,0,0,,no_usable_pages,known,,,bpt6k6820402: no usable pages in manifest.,2026-07-17T20:39:35.461804
leconstitutionnel,bpt6k682041f,,failed,0,0,,no_usable_pages,known,,,bpt6k682041f: no usable pages in manifest.,2026-07-17T20:39:35.578276
leconstitutionnel,bpt6k682042t,,failed,0,0,,no_usable_pages,known,,,bpt6k682042t: no usable pages in manifest.,2026-07-17T20:39:35.723192
leconstitutionnel,bpt6k6820436,,failed,0,0,,no_usable_pages,known,,,bpt6k6820436: no usable pages in manifest.,2026-07-17T20:39:35.802709
leconstitutionnel,bpt6k682044k,,failed,0,0,,no_usable_pages,known,,,bpt6k682044k: no usable pages in manifest.,2026-07-17T20:39:35.890307
leconstitutionnel,bpt6k682045z,,failed,0,0,,no_usable_pages,known,,,bpt6k682045z: no usable pages in manifest.,2026-07-17T20:39:36.039862
leconstitutionnel,bpt6k682046b,,failed,0,0,,no_usable_pages,known,,,bpt6k682046b: no usable pages in manifest.,2026-07-17T20:39:36.138888
leconstitutionnel,bpt6k682047q,,failed,0,0,,no_usable_pages,known,,,bpt6k682047q: no usable pages in manifest.,2026-07-17T20:39:36.239989
leconstitutionnel,bpt6k6820483,,failed,0,0,,no_usable_pages,known,,,bpt6k6820483: no usable pages in manifest.,2026-07-17T20:39:36.346911
leconstitutionnel,bpt6k682049g,,failed,0,0,,no_usable_pages,known,,,bpt6k682049g: no usable pages in manifest.,2026-07-17T20:39:36.461538
leconstitutionnel,bpt6k682050d,,failed,0,0,,no_usable_pages,known,,,bpt6k682050d: no usable pages in manifest.,2026-07-17T20:39:36.604424
leconstitutionnel,bpt6k682051s,,failed,0,0,,no_usable_pages,known,,,bpt6k682051s: no usable pages in manifest.,2026-07-17T20:39:36.759456
leconstitutionnel,bpt6k6820525,,failed,0,0,,no_usable_pages,known,,,bpt6k6820525: no usable pages in manifest.,2026-07-17T20:39:36.849603
leconstitutionnel,bpt6k682053j,,failed,0,0,,no_usable_pages,known,,,bpt6k682053j: no usable pages in manifest.,2026-07-17T20:39:36.954441
leconstitutionnel,bpt6k682054x,,failed,0,0,,no_usable_pages,known,,,bpt6k682054x: no usable pages in manifest.,2026-07-17T20:39:37.073989
leconstitutionnel,bpt6k6820559,,failed,0,0,,no_usable_pages,known,,,bpt6k6820559: no usable pages in manifest.,2026-07-17T20:39:37.174244
leconstitutionnel,bpt6k682056p,,failed,0,0,,no_usable_pages,known,,,bpt6k682056p: no usable pages in manifest.,2026-07-17T20:39:37.254435
leconstitutionnel,bpt6k6820572,,failed,0,0,,no_usable_pages,known,,,bpt6k6820572: no usable pages in manifest.,2026-07-17T20:39:37.345446
leconstitutionnel,bpt6k682058f,,failed,0,0,,no_usable_pages,known,,,bpt6k682058f: no usable pages in manifest.,2026-07-17T20:39:37.479776
leconstitutionnel,bpt6k682059t,,failed,0,0,,no_usable_pages,known,,,bpt6k682059t: no usable pages in manifest.,2026-07-17T20:39:37.624656
leconstitutionnel,bpt6k682060r,,failed,0,0,,no_usable_pages,known,,,bpt6k682060r: no usable pages in manifest.,2026-07-17T20:39:37.855411
leconstitutionnel,bpt6k6820614,,failed,0,0,,no_usable_pages,known,,,bpt6k6820614: no usable pages in manifest.,2026-07-17T20:39:38.013423
leconstitutionnel,bpt6k682062h,,failed,0,0,,no_usable_pages,known,,,bpt6k682062h: no usable pages in manifest.,2026-07-17T20:39:38.157163
leconstitutionnel,bpt6k682063w,,failed,0,0,,no_usable_pages,known,,,bpt6k682063w: no usable pages in manifest.,2026-07-17T20:39:38.297123
leconstitutionnel,bpt6k6820648,,failed,0,0,,no_usable_pages,known,,,bpt6k6820648: no usable pages in manifest.,2026-07-17T20:39:38.440237
leconstitutionnel,bpt6k682065n,,failed,0,0,,no_usable_pages,known,,,bpt6k682065n: no usable pages in manifest.,2026-07-17T20:39:38.563572
leconstitutionnel,bpt6k6820661,,failed,0,0,,no_usable_pages,known,,,bpt6k6820661: no usable pages in manifest.,2026-07-17T20:39:38.673778
leconstitutionnel,bpt6k682067d,,failed,0,0,,no_usable_pages,known,,,bpt6k682067d: no usable pages in manifest.,2026-07-17T20:39:38.828672
leconstitutionnel,bpt6k682068s,,failed,0,0,,no_usable_pages,known,,,bpt6k682068s: no usable pages in manifest.,2026-07-17T20:39:38.941022
leconstitutionnel,bpt6k6820695,,failed,0,0,,no_usable_pages,known,,,bpt6k6820695: no usable pages in manifest.,2026-07-17T20:39:39.023938
leconstitutionnel,bpt6k6820703,,failed,0,0,,no_usable_pages,known,,,bpt6k6820703: no usable pages in manifest.,2026-07-17T20:39:39.124214
leconstitutionnel,bpt6k682071g,,failed,0,0,,no_usable_pages,known,,,bpt6k682071g: no usable pages in manifest.,2026-07-17T20:39:39.235640
leconstitutionnel,bpt6k682072v,,failed,0,0,,no_usable_pages,known,,,bpt6k682072v: no usable pages in manifest.,2026-07-17T20:39:39.373083
leconstitutionnel,bpt6k6820737,,failed,0,0,,no_usable_pages,known,,,bpt6k6820737: no usable pages in manifest.,2026-07-17T20:39:39.464583
leconstitutionnel,bpt6k682074m,,failed,0,0,,no_usable_pages,known,,,bpt6k682074m: no usable pages in manifest.,2026-07-17T20:39:39.615739
leconstitutionnel,bpt6k6820750,,failed,0,0,,no_usable_pages,known,,,bpt6k6820750: no usable pages in manifest.,2026-07-17T20:39:39.711711
leconstitutionnel,bpt6k682076c,,failed,0,0,,no_usable_pages,known,,,bpt6k682076c: no usable pages in manifest.,2026-07-17T20:39:39.804449
leconstitutionnel,bpt6k682077r,,failed,0,0,,no_usable_pages,known,,,bpt6k682077r: no usable pages in manifest.,2026-07-17T20:39:39.928058
leconstitutionnel,bpt6k6820784,,failed,0,0,,no_usable_pages,known,,,bpt6k6820784: no usable pages in manifest.,2026-07-17T20:39:40.016830
leconstitutionnel,bpt6k682079h,,failed,0,0,,no_usable_pages,known,,,bpt6k682079h: no usable pages in manifest.,2026-07-17T20:39:40.098158
leconstitutionnel,bpt6k682080f,,failed,0,0,,no_usable_pages,known,,,bpt6k682080f: no usable pages in manifest.,2026-07-17T20:39:40.212916
leconstitutionnel,bpt6k682081t,,failed,0,0,,no_usable_pages,known,,,bpt6k682081t: no usable pages in manifest.,2026-07-17T20:39:40.314501
leconstitutionnel,bpt6k6820826,,failed,0,0,,no_usable_pages,known,,,bpt6k6820826: no usable pages in manifest.,2026-07-17T20:39:40.406424
leconstitutionnel,bpt6k682083k,,failed,0,0,,no_usable_pages,known,,,bpt6k682083k: no usable pages in manifest.,2026-07-17T20:39:40.477892
leconstitutionnel,bpt6k682084z,,failed,0,0,,no_usable_pages,known,,,bpt6k682084z: no usable pages in manifest.,2026-07-17T20:39:40.597993
leconstitutionnel,bpt6k682085b,,failed,0,0,,no_usable_pages,known,,,bpt6k682085b: no usable pages in manifest.,2026-07-17T20:39:40.710690
leconstitutionnel,bpt6k682086q,,failed,0,0,,no_usable_pages,known,,,bpt6k682086q: no usable pages in manifest.,2026-07-17T20:39:40.813778
leconstitutionnel,bpt6k6820873,,failed,0,0,,no_usable_pages,known,,,bpt6k6820873: no usable pages in manifest.,2026-07-17T20:39:40.941751
leconstitutionnel,bpt6k682088g,,failed,0,0,,no_usable_pages,known,,,bpt6k682088g: no usable pages in manifest.,2026-07-17T20:39:41.078986
leconstitutionnel,bpt6k682089v,,failed,0,0,,no_usable_pages,known,,,bpt6k682089v: no usable pages in manifest.,2026-07-17T20:39:41.345149
leconstitutionnel,bpt6k682090s,,failed,0,0,,no_usable_pages,known,,,bpt6k682090s: no usable pages in manifest.,2026-07-17T20:39:41.466720
leconstitutionnel,bpt6k6820915,,failed,0,0,,no_usable_pages,known,,,bpt6k6820915: no usable pages in manifest.,2026-07-17T20:39:41.646633
leconstitutionnel,bpt6k682092j,,failed,0,0,,no_usable_pages,known,,,bpt6k682092j: no usable pages in manifest.,2026-07-17T20:39:41.781140
leconstitutionnel,bpt6k682093x,,failed,0,0,,no_usable_pages,known,,,bpt6k682093x: no usable pages in manifest.,2026-07-17T20:39:41.923511
leconstitutionnel,bpt6k6820949,,failed,0,0,,no_usable_pages,known,,,bpt6k6820949: no usable pages in manifest.,2026-07-17T20:39:42.083544
leconstitutionnel,bpt6k682095p,,failed,0,0,,no_usable_pages,known,,,bpt6k682095p: no usable pages in manifest.,2026-07-17T20:39:42.237526
leconstitutionnel,bpt6k6820962,,failed,0,0,,no_usable_pages,known,,,bpt6k6820962: no usable pages in manifest.,2026-07-17T20:39:42.367136
leconstitutionnel,bpt6k682097f,,failed,0,0,,no_usable_pages,known,,,bpt6k682097f: no usable pages in manifest.,2026-07-17T20:39:42.457082
leconstitutionnel,bpt6k682098t,,failed,0,0,,no_usable_pages,known,,,bpt6k682098t: no usable pages in manifest.,2026-07-17T20:39:42.532024
leconstitutionnel,bpt6k6820996,,failed,0,0,,no_usable_pages,known,,,bpt6k6820996: no usable pages in manifest.,2026-07-17T20:39:42.610283
leconstitutionnel,bpt6k6821000,,failed,0,0,,no_usable_pages,known,,,bpt6k6821000: no usable pages in manifest.,2026-07-17T20:39:42.749291
leconstitutionnel,bpt6k682101c,,failed,0,0,,no_usable_pages,known,,,bpt6k682101c: no usable pages in manifest.,2026-07-17T20:39:42.896194
leconstitutionnel,bpt6k682102r,,failed,0,0,,no_usable_pages,known,,,bpt6k682102r: no usable pages in manifest.,2026-07-17T20:39:43.137095
leconstitutionnel,bpt6k6821034,,failed,0,0,,no_usable_pages,known,,,bpt6k6821034: no usable pages in manifest.,2026-07-17T20:39:43.245702
leconstitutionnel,bpt6k682104h,,failed,0,0,,no_usable_pages,known,,,bpt6k682104h: no usable pages in manifest.,2026-07-17T20:39:43.370016
leconstitutionnel,bpt6k682105w,,failed,0,0,,no_usable_pages,known,,,bpt6k682105w: no usable pages in manifest.,2026-07-17T20:39:43.470692
leconstitutionnel,bpt6k6821068,,failed,0,0,,no_usable_pages,known,,,bpt6k6821068: no usable pages in manifest.,2026-07-17T20:39:43.558499
leconstitutionnel,bpt6k682107n,,failed,0,0,,no_usable_pages,known,,,bpt6k682107n: no usable pages in manifest.,2026-07-17T20:39:43.680027
leconstitutionnel,bpt6k6821081,,failed,0,0,,no_usable_pages,known,,,bpt6k6821081: no usable pages in manifest.,2026-07-17T20:39:43.807601
leconstitutionnel,bpt6k682109d,,failed,0,0,,no_usable_pages,known,,,bpt6k682109d: no usable pages in manifest.,2026-07-17T20:39:43.934977
leconstitutionnel,bpt6k682110b,,failed,0,0,,no_usable_pages,known,,,bpt6k682110b: no usable pages in manifest.,2026-07-17T20:39:44.071481
leconstitutionnel,bpt6k682111q,,failed,0,0,,no_usable_pages,known,,,bpt6k682111q: no usable pages in manifest.,2026-07-17T20:39:44.257079
leconstitutionnel,bpt6k6821123,,failed,0,0,,no_usable_pages,known,,,bpt6k6821123: no usable pages in manifest.,2026-07-17T20:39:44.343828
leconstitutionnel,bpt6k682113g,,failed,0,0,,no_usable_pages,known,,,bpt6k682113g: no usable pages in manifest.,2026-07-17T20:39:44.460350
leconstitutionnel,bpt6k682114v,,failed,0,0,,no_usable_pages,known,,,bpt6k682114v: no usable pages in manifest.,2026-07-17T20:39:44.572172
leconstitutionnel,bpt6k6821157,,failed,0,0,,no_usable_pages,known,,,bpt6k6821157: no usable pages in manifest.,2026-07-17T20:39:44.682261
leconstitutionnel,bpt6k682116m,,failed,0,0,,no_usable_pages,known,,,bpt6k682116m: no usable pages in manifest.,2026-07-17T20:39:44.850600
leconstitutionnel,bpt6k6821170,,failed,0,0,,no_usable_pages,known,,,bpt6k6821170: no usable pages in manifest.,2026-07-17T20:39:44.988940
leconstitutionnel,bpt6k682118c,,failed,0,0,,no_usable_pages,known,,,bpt6k682118c: no usable pages in manifest.,2026-07-17T20:39:45.127262
leconstitutionnel,bpt6k682119r,,failed,0,0,,no_usable_pages,known,,,bpt6k682119r: no usable pages in manifest.,2026-07-17T20:39:45.286536
leconstitutionnel,bpt6k682120p,,failed,0,0,,no_usable_pages,known,,,bpt6k682120p: no usable pages in manifest.,2026-07-17T20:39:45.415757
leconstitutionnel,bpt6k6821212,,failed,0,0,,no_usable_pages,known,,,bpt6k6821212: no usable pages in manifest.,2026-07-17T20:39:45.508841
leconstitutionnel,bpt6k682122f,,failed,0,0,,no_usable_pages,known,,,bpt6k682122f: no usable pages in manifest.,2026-07-17T20:39:45.633412
leconstitutionnel,bpt6k682123t,,failed,0,0,,no_usable_pages,known,,,bpt6k682123t: no usable pages in manifest.,2026-07-17T20:39:45.720142
leconstitutionnel,bpt6k6821246,,failed,0,0,,no_usable_pages,known,,,bpt6k6821246: no usable pages in manifest.,2026-07-17T20:39:45.831101
leconstitutionnel,bpt6k682125k,,failed,0,0,,no_usable_pages,known,,,bpt6k682125k: no usable pages in manifest.,2026-07-17T20:39:45.976066
leconstitutionnel,bpt6k682126z,,failed,0,0,,no_usable_pages,known,,,bpt6k682126z: no usable pages in manifest.,2026-07-17T20:39:46.053505
leconstitutionnel,bpt6k682127b,,failed,0,0,,no_usable_pages,known,,,bpt6k682127b: no usable pages in manifest.,2026-07-17T20:39:46.155361
leconstitutionnel,bpt6k682128q,,failed,0,0,,no_usable_pages,known,,,bpt6k682128q: no usable pages in manifest.,2026-07-17T20:39:46.280972
leconstitutionnel,bpt6k6821293,,failed,0,0,,no_usable_pages,known,,,bpt6k6821293: no usable pages in manifest.,2026-07-17T20:39:46.398114
leconstitutionnel,bpt6k6821301,,failed,0,0,,no_usable_pages,known,,,bpt6k6821301: no usable pages in manifest.,2026-07-17T20:39:46.560766
leconstitutionnel,bpt6k682131d,,failed,0,0,,no_usable_pages,known,,,bpt6k682131d: no usable pages in manifest.,2026-07-17T20:39:46.797956
leconstitutionnel,bpt6k682132s,,failed,0,0,,no_usable_pages,known,,,bpt6k682132s: no usable pages in manifest.,2026-07-17T20:39:46.930872
leconstitutionnel,bpt6k6821335,,failed,0,0,,no_usable_pages,known,,,bpt6k6821335: no usable pages in manifest.,2026-07-17T20:39:47.073169
leconstitutionnel,bpt6k682134j,,failed,0,0,,no_usable_pages,known,,,bpt6k682134j: no usable pages in manifest.,2026-07-17T20:39:47.317185
leconstitutionnel,bpt6k682135x,,failed,0,0,,no_usable_pages,known,,,bpt6k682135x: no usable pages in manifest.,2026-07-17T20:39:47.485227
leconstitutionnel,bpt6k6821369,,failed,0,0,,no_usable_pages,known,,,bpt6k6821369: no usable pages in manifest.,2026-07-17T20:39:47.579155
leconstitutionnel,bpt6k682137p,,failed,0,0,,no_usable_pages,known,,,bpt6k682137p: no usable pages in manifest.,2026-07-17T20:39:47.701023
leconstitutionnel,bpt6k6821382,,failed,0,0,,no_usable_pages,known,,,bpt6k6821382: no usable pages in manifest.,2026-07-17T20:39:47.782581
leconstitutionnel,bpt6k682139f,,failed,0,0,,no_usable_pages,known,,,bpt6k682139f: no usable pages in manifest.,2026-07-17T20:39:47.863326
leconstitutionnel,bpt6k682140c,,failed,0,0,,no_usable_pages,known,,,bpt6k682140c: no usable pages in manifest.,2026-07-17T20:39:47.959232
leconstitutionnel,bpt6k682141r,,failed,0,0,,no_usable_pages,known,,,bpt6k682141r: no usable pages in manifest.,2026-07-17T20:39:48.050943
leconstitutionnel,bpt6k6821424,,failed,0,0,,no_usable_pages,known,,,bpt6k6821424: no usable pages in manifest.,2026-07-17T20:39:48.196838
leconstitutionnel,bpt6k682143h,,failed,0,0,,no_usable_pages,known,,,bpt6k682143h: no usable pages in manifest.,2026-07-17T20:39:48.335863
leconstitutionnel,bpt6k682144w,,failed,0,0,,no_usable_pages,known,,,bpt6k682144w: no usable pages in manifest.,2026-07-17T20:39:48.554697
leconstitutionnel,bpt6k6821458,,failed,0,0,,no_usable_pages,known,,,bpt6k6821458: no usable pages in manifest.,2026-07-17T20:39:48.668128
leconstitutionnel,bpt6k682146n,,failed,0,0,,no_usable_pages,known,,,bpt6k682146n: no usable pages in manifest.,2026-07-17T20:39:48.758916
leconstitutionnel,bpt6k6821471,,failed,0,0,,no_usable_pages,known,,,bpt6k6821471: no usable pages in manifest.,2026-07-17T20:39:48.846858
leconstitutionnel,bpt6k682148d,,failed,0,0,,no_usable_pages,known,,,bpt6k682148d: no usable pages in manifest.,2026-07-17T20:39:48.941026
leconstitutionnel,bpt6k682149s,,failed,0,0,,no_usable_pages,known,,,bpt6k682149s: no usable pages in manifest.,2026-07-17T20:39:49.055876
leconstitutionnel,bpt6k682150q,,failed,0,0,,no_usable_pages,known,,,bpt6k682150q: no usable pages in manifest.,2026-07-17T20:39:49.188568
leconstitutionnel,bpt6k6821513,,failed,0,0,,no_usable_pages,known,,,bpt6k6821513: no usable pages in manifest.,2026-07-17T20:39:49.312884
leconstitutionnel,bpt6k682152g,,failed,0,0,,no_usable_pages,known,,,bpt6k682152g: no usable pages in manifest.,2026-07-17T20:39:49.431979
leconstitutionnel,bpt6k682153v,,failed,0,0,,no_usable_pages,known,,,bpt6k682153v: no usable pages in manifest.,2026-07-17T20:39:49.587345
leconstitutionnel,bpt6k6821547,,failed,0,0,,no_usable_pages,known,,,bpt6k6821547: no usable pages in manifest.,2026-07-17T20:39:49.691374
leconstitutionnel,bpt6k682155m,,failed,0,0,,no_usable_pages,known,,,bpt6k682155m: no usable pages in manifest.,2026-07-17T20:39:49.843553
leconstitutionnel,bpt6k6821560,,failed,0,0,,no_usable_pages,known,,,bpt6k6821560: no usable pages in manifest.,2026-07-17T20:39:50.065658
leconstitutionnel,bpt6k682157c,,failed,0,0,,no_usable_pages,known,,,bpt6k682157c: no usable pages in manifest.,2026-07-17T20:39:50.179617
leconstitutionnel,bpt6k682158r,,failed,0,0,,no_usable_pages,known,,,bpt6k682158r: no usable pages in manifest.,2026-07-17T20:39:50.286566
leconstitutionnel,bpt6k6821594,,failed,0,0,,no_usable_pages,known,,,bpt6k6821594: no usable pages in manifest.,2026-07-17T20:39:50.402702
leconstitutionnel,bpt6k6821602,,failed,0,0,,no_usable_pages,known,,,bpt6k6821602: no usable pages in manifest.,2026-07-17T20:39:50.518294
leconstitutionnel,bpt6k682161f,,failed,0,0,,no_usable_pages,known,,,bpt6k682161f: no usable pages in manifest.,2026-07-17T20:39:50.663149
leconstitutionnel,bpt6k682162t,,failed,0,0,,no_usable_pages,known,,,bpt6k682162t: no usable pages in manifest.,2026-07-17T20:39:50.767534
leconstitutionnel,bpt6k6821636,,failed,0,0,,no_usable_pages,known,,,bpt6k6821636: no usable pages in manifest.,2026-07-17T20:39:50.863767
leconstitutionnel,bpt6k682164k,,failed,0,0,,no_usable_pages,known,,,bpt6k682164k: no usable pages in manifest.,2026-07-17T20:39:50.945060
leconstitutionnel,bpt6k682165z,,failed,0,0,,no_usable_pages,known,,,bpt6k682165z: no usable pages in manifest.,2026-07-17T20:39:51.031999
leconstitutionnel,bpt6k682166b,,failed,0,0,,no_usable_pages,known,,,bpt6k682166b: no usable pages in manifest.,2026-07-17T20:39:51.148001
leconstitutionnel,bpt6k682167q,,failed,0,0,,no_usable_pages,known,,,bpt6k682167q: no usable pages in manifest.,2026-07-17T20:39:51.261000
leconstitutionnel,bpt6k6821683,,failed,0,0,,no_usable_pages,known,,,bpt6k6821683: no usable pages in manifest.,2026-07-17T20:39:51.368010
leconstitutionnel,bpt6k682169g,,failed,0,0,,no_usable_pages,known,,,bpt6k682169g: no usable pages in manifest.,2026-07-17T20:39:51.446886
leconstitutionnel,bpt6k682170d,,failed,0,0,,no_usable_pages,known,,,bpt6k682170d: no usable pages in manifest.,2026-07-17T20:39:51.564274
leconstitutionnel,bpt6k682171s,,failed,0,0,,no_usable_pages,known,,,bpt6k682171s: no usable pages in manifest.,2026-07-17T20:39:51.707088
leconstitutionnel,bpt6k6821725,,failed,0,0,,no_usable_pages,known,,,bpt6k6821725: no usable pages in manifest.,2026-07-17T20:39:51.791333
leconstitutionnel,bpt6k682173j,,failed,0,0,,no_usable_pages,known,,,bpt6k682173j: no usable pages in manifest.,2026-07-17T20:39:51.867944
leconstitutionnel,bpt6k682174x,,failed,0,0,,no_usable_pages,known,,,bpt6k682174x: no usable pages in manifest.,2026-07-17T20:39:51.962345
leconstitutionnel,bpt6k6821759,,failed,0,0,,no_usable_pages,known,,,bpt6k6821759: no usable pages in manifest.,2026-07-17T20:39:52.048771
leconstitutionnel,bpt6k682176p,,failed,0,0,,no_usable_pages,known,,,bpt6k682176p: no usable pages in manifest.,2026-07-17T20:39:52.148698
leconstitutionnel,bpt6k6821772,,failed,0,0,,no_usable_pages,known,,,bpt6k6821772: no usable pages in manifest.,2026-07-17T20:39:52.272539
leconstitutionnel,bpt6k682178f,,failed,0,0,,no_usable_pages,known,,,bpt6k682178f: no usable pages in manifest.,2026-07-17T20:39:52.358422
leconstitutionnel,bpt6k682179t,,failed,0,0,,no_usable_pages,known,,,bpt6k682179t: no usable pages in manifest.,2026-07-17T20:39:52.469727
leconstitutionnel,bpt6k682180r,,failed,0,0,,no_usable_pages,known,,,bpt6k682180r: no usable pages in manifest.,2026-07-17T20:39:52.562600
leconstitutionnel,bpt6k6821814,,failed,0,0,,no_usable_pages,known,,,bpt6k6821814: no usable pages in manifest.,2026-07-17T20:39:52.730523
leconstitutionnel,bpt6k682182h,,failed,0,0,,no_usable_pages,known,,,bpt6k682182h: no usable pages in manifest.,2026-07-17T20:39:52.835673
leconstitutionnel,bpt6k682183w,,failed,0,0,,no_usable_pages,known,,,bpt6k682183w: no usable pages in manifest.,2026-07-17T20:39:52.999072
leconstitutionnel,bpt6k6821848,,failed,0,0,,no_usable_pages,known,,,bpt6k6821848: no usable pages in manifest.,2026-07-17T20:39:53.086201
leconstitutionnel,bpt6k682185n,,failed,0,0,,no_usable_pages,known,,,bpt6k682185n: no usable pages in manifest.,2026-07-17T20:39:53.194841
leconstitutionnel,bpt6k6821861,,failed,0,0,,no_usable_pages,known,,,bpt6k6821861: no usable pages in manifest.,2026-07-17T20:39:53.324938
leconstitutionnel,bpt6k682187d,,failed,0,0,,no_usable_pages,known,,,bpt6k682187d: no usable pages in manifest.,2026-07-17T20:39:53.442217
leconstitutionnel,bpt6k682188s,,failed,0,0,,no_usable_pages,known,,,bpt6k682188s: no usable pages in manifest.,2026-07-17T20:39:53.527170
leconstitutionnel,bpt6k6821895,,failed,0,0,,no_usable_pages,known,,,bpt6k6821895: no usable pages in manifest.,2026-07-17T20:39:53.635307
leconstitutionnel,bpt6k6821903,,failed,0,0,,no_usable_pages,known,,,bpt6k6821903: no usable pages in manifest.,2026-07-17T20:39:53.796858
leconstitutionnel,bpt6k682191g,,failed,0,0,,no_usable_pages,known,,,bpt6k682191g: no usable pages in manifest.,2026-07-17T20:39:53.908998
leconstitutionnel,bpt6k682192v,,failed,0,0,,no_usable_pages,known,,,bpt6k682192v: no usable pages in manifest.,2026-07-17T20:39:54.023498
leconstitutionnel,bpt6k6821937,,failed,0,0,,no_usable_pages,known,,,bpt6k6821937: no usable pages in manifest.,2026-07-17T20:39:54.119054
leconstitutionnel,bpt6k682194m,,failed,0,0,,no_usable_pages,known,,,bpt6k682194m: no usable pages in manifest.,2026-07-17T20:39:54.189475
leconstitutionnel,bpt6k6821950,,failed,0,0,,no_usable_pages,known,,,bpt6k6821950: no usable pages in manifest.,2026-07-17T20:39:54.279558
leconstitutionnel,bpt6k682196c,,failed,0,0,,no_usable_pages,known,,,bpt6k682196c: no usable pages in manifest.,2026-07-17T20:39:54.420824
leconstitutionnel,bpt6k682197r,,failed,0,0,,no_usable_pages,known,,,bpt6k682197r: no usable pages in manifest.,2026-07-17T20:39:54.519443
leconstitutionnel,bpt6k6821984,,failed,0,0,,no_usable_pages,known,,,bpt6k6821984: no usable pages in manifest.,2026-07-17T20:39:54.601704
leconstitutionnel,bpt6k682199h,,failed,0,0,,no_usable_pages,known,,,bpt6k682199h: no usable pages in manifest.,2026-07-17T20:39:54.714308
leconstitutionnel,bpt6k6822009,,failed,0,0,,no_usable_pages,known,,,bpt6k6822009: no usable pages in manifest.,2026-07-17T20:39:54.866607
leconstitutionnel,bpt6k682201p,,failed,0,0,,no_usable_pages,known,,,bpt6k682201p: no usable pages in manifest.,2026-07-17T20:39:54.973681
leconstitutionnel,bpt6k6822022,,failed,0,0,,no_usable_pages,known,,,bpt6k6822022: no usable pages in manifest.,2026-07-17T20:39:55.051068
leconstitutionnel,bpt6k682203f,,failed,0,0,,no_usable_pages,known,,,bpt6k682203f: no usable pages in manifest.,2026-07-17T20:39:55.152911
leconstitutionnel,bpt6k682204t,,failed,0,0,,no_usable_pages,known,,,bpt6k682204t: no usable pages in manifest.,2026-07-17T20:39:55.282107
leconstitutionnel,bpt6k6822056,,failed,0,0,,no_usable_pages,known,,,bpt6k6822056: no usable pages in manifest.,2026-07-17T20:39:55.400313
leconstitutionnel,bpt6k682206k,,failed,0,0,,no_usable_pages,known,,,bpt6k682206k: no usable pages in manifest.,2026-07-17T20:39:55.510074
leconstitutionnel,bpt6k682207z,,failed,0,0,,no_usable_pages,known,,,bpt6k682207z: no usable pages in manifest.,2026-07-17T20:39:55.647324
leconstitutionnel,bpt6k682208b,,failed,0,0,,no_usable_pages,known,,,bpt6k682208b: no usable pages in manifest.,2026-07-17T20:39:55.743554
leconstitutionnel,bpt6k682209q,,failed,0,0,,no_usable_pages,known,,,bpt6k682209q: no usable pages in manifest.,2026-07-17T20:39:55.896625
leconstitutionnel,bpt6k682210n,,failed,0,0,,no_usable_pages,known,,,bpt6k682210n: no usable pages in manifest.,2026-07-17T20:39:56.039093
leconstitutionnel,bpt6k6822111,,failed,0,0,,no_usable_pages,known,,,bpt6k6822111: no usable pages in manifest.,2026-07-17T20:39:56.284262
leconstitutionnel,bpt6k682212d,,failed,0,0,,no_usable_pages,known,,,bpt6k682212d: no usable pages in manifest.,2026-07-17T20:39:56.391421
leconstitutionnel,bpt6k682213s,,failed,0,0,,no_usable_pages,known,,,bpt6k682213s: no usable pages in manifest.,2026-07-17T20:39:56.516390
leconstitutionnel,bpt6k6822145,,failed,0,0,,no_usable_pages,known,,,bpt6k6822145: no usable pages in manifest.,2026-07-17T20:39:56.631878
leconstitutionnel,bpt6k682215j,,failed,0,0,,no_usable_pages,known,,,bpt6k682215j: no usable pages in manifest.,2026-07-17T20:39:56.756605
leconstitutionnel,bpt6k682216x,,failed,0,0,,no_usable_pages,known,,,bpt6k682216x: no usable pages in manifest.,2026-07-17T20:39:56.970928
leconstitutionnel,bpt6k6822179,,failed,0,0,,no_usable_pages,known,,,bpt6k6822179: no usable pages in manifest.,2026-07-17T20:39:57.078771
leconstitutionnel,bpt6k682218p,,failed,0,0,,no_usable_pages,known,,,bpt6k682218p: no usable pages in manifest.,2026-07-17T20:39:57.201510
leconstitutionnel,bpt6k6822192,,failed,0,0,,no_usable_pages,known,,,bpt6k6822192: no usable pages in manifest.,2026-07-17T20:39:57.310494
leconstitutionnel,bpt6k6822200,,failed,0,0,,no_usable_pages,known,,,bpt6k6822200: no usable pages in manifest.,2026-07-17T20:39:57.416744
leconstitutionnel,bpt6k682221c,,failed,0,0,,no_usable_pages,known,,,bpt6k682221c: no usable pages in manifest.,2026-07-17T20:39:57.541647
leconstitutionnel,bpt6k682222r,,failed,0,0,,no_usable_pages,known,,,bpt6k682222r: no usable pages in manifest.,2026-07-17T20:39:57.661149
leconstitutionnel,bpt6k6822234,,failed,0,0,,no_usable_pages,known,,,bpt6k6822234: no usable pages in manifest.,2026-07-17T20:39:57.732169
leconstitutionnel,bpt6k682224h,,failed,0,0,,no_usable_pages,known,,,bpt6k682224h: no usable pages in manifest.,2026-07-17T20:39:57.861496
leconstitutionnel,bpt6k682225w,,failed,0,0,,no_usable_pages,known,,,bpt6k682225w: no usable pages in manifest.,2026-07-17T20:39:58.017241
leconstitutionnel,bpt6k6822268,,failed,0,0,,no_usable_pages,known,,,bpt6k6822268: no usable pages in manifest.,2026-07-17T20:39:58.173284
leconstitutionnel,bpt6k682227n,,failed,0,0,,no_usable_pages,known,,,bpt6k682227n: no usable pages in manifest.,2026-07-17T20:39:58.315337
leconstitutionnel,bpt6k6822281,,failed,0,0,,no_usable_pages,known,,,bpt6k6822281: no usable pages in manifest.,2026-07-17T20:39:58.414645
leconstitutionnel,bpt6k682229d,,failed,0,0,,no_usable_pages,known,,,bpt6k682229d: no usable pages in manifest.,2026-07-17T20:39:58.585844
leconstitutionnel,bpt6k682230b,,failed,0,0,,no_usable_pages,known,,,bpt6k682230b: no usable pages in manifest.,2026-07-17T20:39:58.778590
leconstitutionnel,bpt6k682231q,,failed,0,0,,no_usable_pages,known,,,bpt6k682231q: no usable pages in manifest.,2026-07-17T20:39:58.874706
leconstitutionnel,bpt6k6822323,,failed,0,0,,no_usable_pages,known,,,bpt6k6822323: no usable pages in manifest.,2026-07-17T20:39:59.035444
leconstitutionnel,bpt6k682233g,,failed,0,0,,no_usable_pages,known,,,bpt6k682233g: no usable pages in manifest.,2026-07-17T20:39:59.141982
leconstitutionnel,bpt6k682234v,,failed,0,0,,no_usable_pages,known,,,bpt6k682234v: no usable pages in manifest.,2026-07-17T20:39:59.249836
leconstitutionnel,bpt6k6822357,,failed,0,0,,no_usable_pages,known,,,bpt6k6822357: no usable pages in manifest.,2026-07-17T20:39:59.347868
leconstitutionnel,bpt6k682236m,,failed,0,0,,no_usable_pages,known,,,bpt6k682236m: no usable pages in manifest.,2026-07-17T20:39:59.465283
leconstitutionnel,bpt6k6822370,,failed,0,0,,no_usable_pages,known,,,bpt6k6822370: no usable pages in manifest.,2026-07-17T20:39:59.633617
leconstitutionnel,bpt6k682238c,,failed,0,0,,no_usable_pages,known,,,bpt6k682238c: no usable pages in manifest.,2026-07-17T20:39:59.748160
leconstitutionnel,bpt6k682239r,,failed,0,0,,no_usable_pages,known,,,bpt6k682239r: no usable pages in manifest.,2026-07-17T20:39:59.892371
leconstitutionnel,bpt6k682240p,,failed,0,0,,no_usable_pages,known,,,bpt6k682240p: no usable pages in manifest.,2026-07-17T20:40:00.023329
leconstitutionnel,bpt6k6822412,,failed,0,0,,no_usable_pages,known,,,bpt6k6822412: no usable pages in manifest.,2026-07-17T20:40:00.188081
leconstitutionnel,bpt6k682242f,,failed,0,0,,no_usable_pages,known,,,bpt6k682242f: no usable pages in manifest.,2026-07-17T20:40:00.286687
leconstitutionnel,bpt6k682243t,,failed,0,0,,no_usable_pages,known,,,bpt6k682243t: no usable pages in manifest.,2026-07-17T20:40:00.377393
leconstitutionnel,bpt6k6822446,,failed,0,0,,no_usable_pages,known,,,bpt6k6822446: no usable pages in manifest.,2026-07-17T20:40:00.426122
leconstitutionnel,bpt6k682245k,,failed,0,0,,no_usable_pages,known,,,bpt6k682245k: no usable pages in manifest.,2026-07-17T20:40:00.527835
leconstitutionnel,bpt6k682246z,,failed,0,0,,no_usable_pages,known,,,bpt6k682246z: no usable pages in manifest.,2026-07-17T20:40:00.665149
leconstitutionnel,bpt6k682247b,,failed,0,0,,no_usable_pages,known,,,bpt6k682247b: no usable pages in manifest.,2026-07-17T20:40:00.788072
leconstitutionnel,bpt6k682248q,,failed,0,0,,no_usable_pages,known,,,bpt6k682248q: no usable pages in manifest.,2026-07-17T20:40:00.920608
leconstitutionnel,bpt6k6822493,,failed,0,0,,no_usable_pages,known,,,bpt6k6822493: no usable pages in manifest.,2026-07-17T20:40:01.021440
leconstitutionnel,bpt6k6822501,,failed,0,0,,no_usable_pages,known,,,bpt6k6822501: no usable pages in manifest.,2026-07-17T20:40:01.142790
leconstitutionnel,bpt6k682251d,,failed,0,0,,no_usable_pages,known,,,bpt6k682251d: no usable pages in manifest.,2026-07-17T20:40:01.278874
leconstitutionnel,bpt6k682252s,,failed,0,0,,no_usable_pages,known,,,bpt6k682252s: no usable pages in manifest.,2026-07-17T20:40:01.372913
leconstitutionnel,bpt6k6822535,,failed,0,0,,no_usable_pages,known,,,bpt6k6822535: no usable pages in manifest.,2026-07-17T20:40:01.514648
leconstitutionnel,bpt6k682254j,,failed,0,0,,no_usable_pages,known,,,bpt6k682254j: no usable pages in manifest.,2026-07-17T20:40:01.661086
leconstitutionnel,bpt6k682255x,,failed,0,0,,no_usable_pages,known,,,bpt6k682255x: no usable pages in manifest.,2026-07-17T20:40:01.750550
leconstitutionnel,bpt6k6822569,,failed,0,0,,no_usable_pages,known,,,bpt6k6822569: no usable pages in manifest.,2026-07-17T20:40:01.852636
leconstitutionnel,bpt6k682257p,,failed,0,0,,no_usable_pages,known,,,bpt6k682257p: no usable pages in manifest.,2026-07-17T20:40:01.951729
leconstitutionnel,bpt6k6822582,,failed,0,0,,no_usable_pages,known,,,bpt6k6822582: no usable pages in manifest.,2026-07-17T20:40:02.034214
leconstitutionnel,bpt6k682259f,,failed,0,0,,no_usable_pages,known,,,bpt6k682259f: no usable pages in manifest.,2026-07-17T20:40:02.154386
leconstitutionnel,bpt6k682260c,,failed,0,0,,no_usable_pages,known,,,bpt6k682260c: no usable pages in manifest.,2026-07-17T20:40:02.259228
leconstitutionnel,bpt6k682261r,,failed,0,0,,no_usable_pages,known,,,bpt6k682261r: no usable pages in manifest.,2026-07-17T20:40:02.387207
leconstitutionnel,bpt6k6822624,,failed,0,0,,no_usable_pages,known,,,bpt6k6822624: no usable pages in manifest.,2026-07-17T20:40:02.463360
leconstitutionnel,bpt6k682263h,,failed,0,0,,no_usable_pages,known,,,bpt6k682263h: no usable pages in manifest.,2026-07-17T20:40:02.557255
leconstitutionnel,bpt6k682264w,,failed,0,0,,no_usable_pages,known,,,bpt6k682264w: no usable pages in manifest.,2026-07-17T20:40:02.658871
leconstitutionnel,bpt6k6822658,,failed,0,0,,no_usable_pages,known,,,bpt6k6822658: no usable pages in manifest.,2026-07-17T20:40:02.777620
leconstitutionnel,bpt6k682266n,,failed,0,0,,no_usable_pages,known,,,bpt6k682266n: no usable pages in manifest.,2026-07-17T20:40:02.924574
leconstitutionnel,bpt6k6822671,,failed,0,0,,no_usable_pages,known,,,bpt6k6822671: no usable pages in manifest.,2026-07-17T20:40:03.031774
leconstitutionnel,bpt6k682268d,,failed,0,0,,no_usable_pages,known,,,bpt6k682268d: no usable pages in manifest.,2026-07-17T20:40:03.364170
leconstitutionnel,bpt6k682269s,,failed,0,0,,no_usable_pages,known,,,bpt6k682269s: no usable pages in manifest.,2026-07-17T20:40:03.557437
leconstitutionnel,bpt6k682270q,,failed,0,0,,no_usable_pages,known,,,bpt6k682270q: no usable pages in manifest.,2026-07-17T20:40:03.713308
leconstitutionnel,bpt6k6822713,,failed,0,0,,no_usable_pages,known,,,bpt6k6822713: no usable pages in manifest.,2026-07-17T20:40:03.800877
leconstitutionnel,bpt6k682272g,,failed,0,0,,no_usable_pages,known,,,bpt6k682272g: no usable pages in manifest.,2026-07-17T20:40:03.915167
leconstitutionnel,bpt6k682273v,,failed,0,0,,no_usable_pages,known,,,bpt6k682273v: no usable pages in manifest.,2026-07-17T20:40:04.029331
leconstitutionnel,bpt6k6822747,,failed,0,0,,no_usable_pages,known,,,bpt6k6822747: no usable pages in manifest.,2026-07-17T20:40:04.149705
leconstitutionnel,bpt6k682275m,,failed,0,0,,no_usable_pages,known,,,bpt6k682275m: no usable pages in manifest.,2026-07-17T20:40:04.268090
leconstitutionnel,bpt6k6822760,,failed,0,0,,no_usable_pages,known,,,bpt6k6822760: no usable pages in manifest.,2026-07-17T20:40:04.368027
leconstitutionnel,bpt6k682277c,,failed,0,0,,no_usable_pages,known,,,bpt6k682277c: no usable pages in manifest.,2026-07-17T20:40:04.519081
leconstitutionnel,bpt6k682278r,,failed,0,0,,no_usable_pages,known,,,bpt6k682278r: no usable pages in manifest.,2026-07-17T20:40:04.630845
leconstitutionnel,bpt6k6822794,,failed,0,0,,no_usable_pages,known,,,bpt6k6822794: no usable pages in manifest.,2026-07-17T20:40:04.754683
leconstitutionnel,bpt6k6822802,,failed,0,0,,no_usable_pages,known,,,bpt6k6822802: no usable pages in manifest.,2026-07-17T20:40:04.862508
leconstitutionnel,bpt6k682281f,,failed,0,0,,no_usable_pages,known,,,bpt6k682281f: no usable pages in manifest.,2026-07-17T20:40:04.985307
leconstitutionnel,bpt6k682282t,,failed,0,0,,no_usable_pages,known,,,bpt6k682282t: no usable pages in manifest.,2026-07-17T20:40:05.086945
leconstitutionnel,bpt6k6822836,,failed,0,0,,no_usable_pages,known,,,bpt6k6822836: no usable pages in manifest.,2026-07-17T20:40:05.202716
leconstitutionnel,bpt6k682284k,,failed,0,0,,no_usable_pages,known,,,bpt6k682284k: no usable pages in manifest.,2026-07-17T20:40:05.323553
leconstitutionnel,bpt6k682285z,,failed,0,0,,no_usable_pages,known,,,bpt6k682285z: no usable pages in manifest.,2026-07-17T20:40:05.442427
leconstitutionnel,bpt6k682286b,,failed,0,0,,no_usable_pages,known,,,bpt6k682286b: no usable pages in manifest.,2026-07-17T20:40:05.561454
leconstitutionnel,bpt6k682287q,,failed,0,0,,no_usable_pages,known,,,bpt6k682287q: no usable pages in manifest.,2026-07-17T20:40:05.668185
leconstitutionnel,bpt6k6822883,,failed,0,0,,no_usable_pages,known,,,bpt6k6822883: no usable pages in manifest.,2026-07-17T20:40:05.743971
leconstitutionnel,bpt6k682289g,,failed,0,0,,no_usable_pages,known,,,bpt6k682289g: no usable pages in manifest.,2026-07-17T20:40:05.841279
leconstitutionnel,bpt6k682290d,,failed,0,0,,no_usable_pages,known,,,bpt6k682290d: no usable pages in manifest.,2026-07-17T20:40:05.932840
leconstitutionnel,bpt6k682291s,,failed,0,0,,no_usable_pages,known,,,bpt6k682291s: no usable pages in manifest.,2026-07-17T20:40:06.089106
leconstitutionnel,bpt6k6822925,,failed,0,0,,no_usable_pages,known,,,bpt6k6822925: no usable pages in manifest.,2026-07-17T20:40:06.189859
leconstitutionnel,bpt6k682293j,,failed,0,0,,no_usable_pages,known,,,bpt6k682293j: no usable pages in manifest.,2026-07-17T20:40:06.292449
leconstitutionnel,bpt6k682294x,,failed,0,0,,no_usable_pages,known,,,bpt6k682294x: no usable pages in manifest.,2026-07-17T20:40:06.380552
leconstitutionnel,bpt6k6822959,,failed,0,0,,no_usable_pages,known,,,bpt6k6822959: no usable pages in manifest.,2026-07-17T20:40:06.544313
leconstitutionnel,bpt6k682296p,,failed,0,0,,no_usable_pages,known,,,bpt6k682296p: no usable pages in manifest.,2026-07-17T20:40:06.904664
leconstitutionnel,bpt6k6822972,,failed,0,0,,no_usable_pages,known,,,bpt6k6822972: no usable pages in manifest.,2026-07-17T20:40:07.020134
leconstitutionnel,bpt6k682298f,,failed,0,0,,no_usable_pages,known,,,bpt6k682298f: no usable pages in manifest.,2026-07-17T20:40:07.134084
leconstitutionnel,bpt6k682299t,,failed,0,0,,no_usable_pages,known,,,bpt6k682299t: no usable pages in manifest.,2026-07-17T20:40:07.238911
leconstitutionnel,bpt6k682300m,,failed,0,0,,no_usable_pages,known,,,bpt6k682300m: no usable pages in manifest.,2026-07-17T20:40:07.387115
leconstitutionnel,bpt6k6823010,,failed,0,0,,no_usable_pages,known,,,bpt6k6823010: no usable pages in manifest.,2026-07-17T20:40:07.475437
leconstitutionnel,bpt6k682302c,,failed,0,0,,no_usable_pages,known,,,bpt6k682302c: no usable pages in manifest.,2026-07-17T20:40:07.556052
leconstitutionnel,bpt6k682303r,,failed,0,0,,no_usable_pages,known,,,bpt6k682303r: no usable pages in manifest.,2026-07-17T20:40:07.684122
leconstitutionnel,bpt6k6823044,,failed,0,0,,no_usable_pages,known,,,bpt6k6823044: no usable pages in manifest.,2026-07-17T20:40:07.801948
leconstitutionnel,bpt6k682305h,,failed,0,0,,no_usable_pages,known,,,bpt6k682305h: no usable pages in manifest.,2026-07-17T20:40:07.965492
leconstitutionnel,bpt6k682306w,,failed,0,0,,no_usable_pages,known,,,bpt6k682306w: no usable pages in manifest.,2026-07-17T20:40:08.033512
leconstitutionnel,bpt6k6823078,,failed,0,0,,no_usable_pages,known,,,bpt6k6823078: no usable pages in manifest.,2026-07-17T20:40:08.150110
leconstitutionnel,bpt6k682308n,,failed,0,0,,no_usable_pages,known,,,bpt6k682308n: no usable pages in manifest.,2026-07-17T20:40:08.329682
leconstitutionnel,bpt6k6823091,,failed,0,0,,no_usable_pages,known,,,bpt6k6823091: no usable pages in manifest.,2026-07-17T20:40:08.474556
leconstitutionnel,bpt6k682310z,,failed,0,0,,no_usable_pages,known,,,bpt6k682310z: no usable pages in manifest.,2026-07-17T20:40:08.687072
leconstitutionnel,bpt6k682311b,,failed,0,0,,no_usable_pages,known,,,bpt6k682311b: no usable pages in manifest.,2026-07-17T20:40:08.828631
leconstitutionnel,bpt6k682312q,,failed,0,0,,no_usable_pages,known,,,bpt6k682312q: no usable pages in manifest.,2026-07-17T20:40:09.026355
leconstitutionnel,bpt6k6823133,,failed,0,0,,no_usable_pages,known,,,bpt6k6823133: no usable pages in manifest.,2026-07-17T20:40:09.150118
leconstitutionnel,bpt6k682314g,,failed,0,0,,no_usable_pages,known,,,bpt6k682314g: no usable pages in manifest.,2026-07-17T20:40:09.323844
leconstitutionnel,bpt6k682315v,,failed,0,0,,no_usable_pages,known,,,bpt6k682315v: no usable pages in manifest.,2026-07-17T20:40:09.455051
leconstitutionnel,bpt6k6823167,,failed,0,0,,no_usable_pages,known,,,bpt6k6823167: no usable pages in manifest.,2026-07-17T20:40:09.562451
leconstitutionnel,bpt6k682317m,,failed,0,0,,no_usable_pages,known,,,bpt6k682317m: no usable pages in manifest.,2026-07-17T20:40:09.656236
leconstitutionnel,bpt6k6823180,,failed,0,0,,no_usable_pages,known,,,bpt6k6823180: no usable pages in manifest.,2026-07-17T20:40:09.763918
leconstitutionnel,bpt6k682319c,,failed,0,0,,no_usable_pages,known,,,bpt6k682319c: no usable pages in manifest.,2026-07-17T20:40:09.850430
leconstitutionnel,bpt6k6823209,,failed,0,0,,no_usable_pages,known,,,bpt6k6823209: no usable pages in manifest.,2026-07-17T20:40:09.942653
leconstitutionnel,bpt6k682321p,,failed,0,0,,no_usable_pages,known,,,bpt6k682321p: no usable pages in manifest.,2026-07-17T20:40:10.141694
leconstitutionnel,bpt6k6823222,,failed,0,0,,no_usable_pages,known,,,bpt6k6823222: no usable pages in manifest.,2026-07-17T20:40:10.265313
leconstitutionnel,bpt6k682323f,,failed,0,0,,no_usable_pages,known,,,bpt6k682323f: no usable pages in manifest.,2026-07-17T20:40:10.377406
leconstitutionnel,bpt6k682324t,,failed,0,0,,no_usable_pages,known,,,bpt6k682324t: no usable pages in manifest.,2026-07-17T20:40:10.465191
leconstitutionnel,bpt6k6823256,,failed,0,0,,no_usable_pages,known,,,bpt6k6823256: no usable pages in manifest.,2026-07-17T20:40:10.552031
leconstitutionnel,bpt6k682326k,,failed,0,0,,no_usable_pages,known,,,bpt6k682326k: no usable pages in manifest.,2026-07-17T20:40:10.651994
leconstitutionnel,bpt6k682327z,,failed,0,0,,no_usable_pages,known,,,bpt6k682327z: no usable pages in manifest.,2026-07-17T20:40:10.737051
leconstitutionnel,bpt6k682328b,,failed,0,0,,no_usable_pages,known,,,bpt6k682328b: no usable pages in manifest.,2026-07-17T20:40:10.853403
leconstitutionnel,bpt6k682329q,,failed,0,0,,no_usable_pages,known,,,bpt6k682329q: no usable pages in manifest.,2026-07-17T20:40:10.959530
leconstitutionnel,bpt6k682330n,,failed,0,0,,no_usable_pages,known,,,bpt6k682330n: no usable pages in manifest.,2026-07-17T20:40:11.075540
leconstitutionnel,bpt6k6823311,,failed,0,0,,no_usable_pages,known,,,bpt6k6823311: no usable pages in manifest.,2026-07-17T20:40:11.248203
leconstitutionnel,bpt6k682332d,,failed,0,0,,no_usable_pages,known,,,bpt6k682332d: no usable pages in manifest.,2026-07-17T20:40:11.337211
leconstitutionnel,bpt6k682333s,,failed,0,0,,no_usable_pages,known,,,bpt6k682333s: no usable pages in manifest.,2026-07-17T20:40:11.456003
leconstitutionnel,bpt6k6823345,,failed,0,0,,no_usable_pages,known,,,bpt6k6823345: no usable pages in manifest.,2026-07-17T20:40:11.596298
leconstitutionnel,bpt6k682335j,,failed,0,0,,no_usable_pages,known,,,bpt6k682335j: no usable pages in manifest.,2026-07-17T20:40:11.765124
leconstitutionnel,bpt6k682336x,,failed,0,0,,no_usable_pages,known,,,bpt6k682336x: no usable pages in manifest.,2026-07-17T20:40:11.890080
leconstitutionnel,bpt6k6823379,,failed,0,0,,no_usable_pages,known,,,bpt6k6823379: no usable pages in manifest.,2026-07-17T20:40:11.971445
leconstitutionnel,bpt6k682338p,,failed,0,0,,no_usable_pages,known,,,bpt6k682338p: no usable pages in manifest.,2026-07-17T20:40:12.047733
leconstitutionnel,bpt6k6823392,,failed,0,0,,no_usable_pages,known,,,bpt6k6823392: no usable pages in manifest.,2026-07-17T20:40:12.154225
leconstitutionnel,bpt6k6823400,,failed,0,0,,no_usable_pages,known,,,bpt6k6823400: no usable pages in manifest.,2026-07-17T20:40:12.278341
leconstitutionnel,bpt6k682341c,,failed,0,0,,no_usable_pages,known,,,bpt6k682341c: no usable pages in manifest.,2026-07-17T20:40:12.373314
leconstitutionnel,bpt6k682342r,,failed,0,0,,no_usable_pages,known,,,bpt6k682342r: no usable pages in manifest.,2026-07-17T20:40:12.510734
leconstitutionnel,bpt6k6823434,,failed,0,0,,no_usable_pages,known,,,bpt6k6823434: no usable pages in manifest.,2026-07-17T20:40:12.655202
leconstitutionnel,bpt6k682344h,,failed,0,0,,no_usable_pages,known,,,bpt6k682344h: no usable pages in manifest.,2026-07-17T20:40:12.800407
leconstitutionnel,bpt6k682345w,,failed,0,0,,no_usable_pages,known,,,bpt6k682345w: no usable pages in manifest.,2026-07-17T20:40:12.953195
leconstitutionnel,bpt6k6823468,,failed,0,0,,no_usable_pages,known,,,bpt6k6823468: no usable pages in manifest.,2026-07-17T20:40:13.046408
leconstitutionnel,bpt6k682347n,,failed,0,0,,no_usable_pages,known,,,bpt6k682347n: no usable pages in manifest.,2026-07-17T20:40:13.170491
leconstitutionnel,bpt6k6823481,,failed,0,0,,no_usable_pages,known,,,bpt6k6823481: no usable pages in manifest.,2026-07-17T20:40:13.379975
leconstitutionnel,bpt6k682349d,,failed,0,0,,no_usable_pages,known,,,bpt6k682349d: no usable pages in manifest.,2026-07-17T20:40:13.527519
leconstitutionnel,bpt6k682350b,,failed,0,0,,no_usable_pages,known,,,bpt6k682350b: no usable pages in manifest.,2026-07-17T20:40:13.608394
leconstitutionnel,bpt6k682351q,,failed,0,0,,no_usable_pages,known,,,bpt6k682351q: no usable pages in manifest.,2026-07-17T20:40:13.694621
leconstitutionnel,bpt6k6823523,,failed,0,0,,no_usable_pages,known,,,bpt6k6823523: no usable pages in manifest.,2026-07-17T20:40:13.815642
leconstitutionnel,bpt6k682353g,,failed,0,0,,no_usable_pages,known,,,bpt6k682353g: no usable pages in manifest.,2026-07-17T20:40:13.937015
leconstitutionnel,bpt6k682354v,,failed,0,0,,no_usable_pages,known,,,bpt6k682354v: no usable pages in manifest.,2026-07-17T20:40:14.054285
leconstitutionnel,bpt6k6823557,,failed,0,0,,no_usable_pages,known,,,bpt6k6823557: no usable pages in manifest.,2026-07-17T20:40:14.147441
leconstitutionnel,bpt6k682356m,,failed,0,0,,no_usable_pages,known,,,bpt6k682356m: no usable pages in manifest.,2026-07-17T20:40:14.271605
leconstitutionnel,bpt6k6823570,,failed,0,0,,no_usable_pages,known,,,bpt6k6823570: no usable pages in manifest.,2026-07-17T20:40:14.437577
leconstitutionnel,bpt6k682358c,,failed,0,0,,no_usable_pages,known,,,bpt6k682358c: no usable pages in manifest.,2026-07-17T20:40:14.520944
leconstitutionnel,bpt6k682359r,,failed,0,0,,no_usable_pages,known,,,bpt6k682359r: no usable pages in manifest.,2026-07-17T20:40:14.640303
leconstitutionnel,bpt6k682360p,,failed,0,0,,no_usable_pages,known,,,bpt6k682360p: no usable pages in manifest.,2026-07-17T20:40:14.755483
leconstitutionnel,bpt6k6823612,,failed,0,0,,no_usable_pages,known,,,bpt6k6823612: no usable pages in manifest.,2026-07-17T20:40:14.876041
leconstitutionnel,bpt6k682362f,,failed,0,0,,no_usable_pages,known,,,bpt6k682362f: no usable pages in manifest.,2026-07-17T20:40:14.981082
leconstitutionnel,bpt6k682363t,,failed,0,0,,no_usable_pages,known,,,bpt6k682363t: no usable pages in manifest.,2026-07-17T20:40:15.083702
leconstitutionnel,bpt6k6823646,,failed,0,0,,no_usable_pages,known,,,bpt6k6823646: no usable pages in manifest.,2026-07-17T20:40:15.193947
leconstitutionnel,bpt6k682365k,,failed,0,0,,no_usable_pages,known,,,bpt6k682365k: no usable pages in manifest.,2026-07-17T20:40:15.298644
leconstitutionnel,bpt6k682366z,,failed,0,0,,no_usable_pages,known,,,bpt6k682366z: no usable pages in manifest.,2026-07-17T20:40:15.447729
leconstitutionnel,bpt6k682367b,,failed,0,0,,no_usable_pages,known,,,bpt6k682367b: no usable pages in manifest.,2026-07-17T20:40:15.564680
leconstitutionnel,bpt6k682368q,,failed,0,0,,no_usable_pages,known,,,bpt6k682368q: no usable pages in manifest.,2026-07-17T20:40:15.699969
leconstitutionnel,bpt6k6823693,,failed,0,0,,no_usable_pages,known,,,bpt6k6823693: no usable pages in manifest.,2026-07-17T20:40:15.803022
leconstitutionnel,bpt6k6823701,,failed,0,0,,no_usable_pages,known,,,bpt6k6823701: no usable pages in manifest.,2026-07-17T20:40:15.888182
leconstitutionnel,bpt6k682371d,,failed,0,0,,no_usable_pages,known,,,bpt6k682371d: no usable pages in manifest.,2026-07-17T20:40:15.990315
leconstitutionnel,bpt6k682372s,,failed,0,0,,no_usable_pages,known,,,bpt6k682372s: no usable pages in manifest.,2026-07-17T20:40:16.097477
leconstitutionnel,bpt6k6823735,,failed,0,0,,no_usable_pages,known,,,bpt6k6823735: no usable pages in manifest.,2026-07-17T20:40:16.192610
leconstitutionnel,bpt6k682374j,,failed,0,0,,no_usable_pages,known,,,bpt6k682374j: no usable pages in manifest.,2026-07-17T20:40:16.303925
leconstitutionnel,bpt6k682375x,,failed,0,0,,no_usable_pages,known,,,bpt6k682375x: no usable pages in manifest.,2026-07-17T20:40:16.451260
leconstitutionnel,bpt6k6823769,,failed,0,0,,no_usable_pages,known,,,bpt6k6823769: no usable pages in manifest.,2026-07-17T20:40:16.600539
leconstitutionnel,bpt6k682377p,,failed,0,0,,no_usable_pages,known,,,bpt6k682377p: no usable pages in manifest.,2026-07-17T20:40:16.713715
leconstitutionnel,bpt6k6823782,,failed,0,0,,no_usable_pages,known,,,bpt6k6823782: no usable pages in manifest.,2026-07-17T20:40:16.815976
leconstitutionnel,bpt6k682379f,,failed,0,0,,no_usable_pages,known,,,bpt6k682379f: no usable pages in manifest.,2026-07-17T20:40:16.906914
leconstitutionnel,bpt6k682380c,,failed,0,0,,no_usable_pages,known,,,bpt6k682380c: no usable pages in manifest.,2026-07-17T20:40:17.015142
leconstitutionnel,bpt6k682381r,,failed,0,0,,no_usable_pages,known,,,bpt6k682381r: no usable pages in manifest.,2026-07-17T20:40:17.107961
leconstitutionnel,bpt6k6823824,,failed,0,0,,no_usable_pages,known,,,bpt6k6823824: no usable pages in manifest.,2026-07-17T20:40:17.203712
leconstitutionnel,bpt6k682383h,,failed,0,0,,no_usable_pages,known,,,bpt6k682383h: no usable pages in manifest.,2026-07-17T20:40:17.379598
leconstitutionnel,bpt6k682384w,,failed,0,0,,no_usable_pages,known,,,bpt6k682384w: no usable pages in manifest.,2026-07-17T20:40:17.708255
leconstitutionnel,bpt6k6823858,,failed,0,0,,no_usable_pages,known,,,bpt6k6823858: no usable pages in manifest.,2026-07-17T20:40:17.841974
leconstitutionnel,bpt6k682386n,,failed,0,0,,no_usable_pages,known,,,bpt6k682386n: no usable pages in manifest.,2026-07-17T20:40:18.025242
leconstitutionnel,bpt6k6823871,,failed,0,0,,no_usable_pages,known,,,bpt6k6823871: no usable pages in manifest.,2026-07-17T20:40:18.155419
leconstitutionnel,bpt6k682388d,,failed,0,0,,no_usable_pages,known,,,bpt6k682388d: no usable pages in manifest.,2026-07-17T20:40:18.303013
leconstitutionnel,bpt6k682389s,,failed,0,0,,no_usable_pages,known,,,bpt6k682389s: no usable pages in manifest.,2026-07-17T20:40:18.425573
leconstitutionnel,bpt6k682390q,,failed,0,0,,no_usable_pages,known,,,bpt6k682390q: no usable pages in manifest.,2026-07-17T20:40:18.526115
leconstitutionnel,bpt6k6823913,,failed,0,0,,no_usable_pages,known,,,bpt6k6823913: no usable pages in manifest.,2026-07-17T20:40:18.656382
leconstitutionnel,bpt6k682392g,,failed,0,0,,no_usable_pages,known,,,bpt6k682392g: no usable pages in manifest.,2026-07-17T20:40:18.804942
leconstitutionnel,bpt6k682393v,,failed,0,0,,no_usable_pages,known,,,bpt6k682393v: no usable pages in manifest.,2026-07-17T20:40:18.942963
leconstitutionnel,bpt6k6823947,,failed,0,0,,no_usable_pages,known,,,bpt6k6823947: no usable pages in manifest.,2026-07-17T20:40:19.049999
leconstitutionnel,bpt6k682395m,,failed,0,0,,no_usable_pages,known,,,bpt6k682395m: no usable pages in manifest.,2026-07-17T20:40:19.187527
leconstitutionnel,bpt6k6823960,,failed,0,0,,no_usable_pages,known,,,bpt6k6823960: no usable pages in manifest.,2026-07-17T20:40:19.284008
leconstitutionnel,bpt6k682397c,,failed,0,0,,no_usable_pages,known,,,bpt6k682397c: no usable pages in manifest.,2026-07-17T20:40:19.389094
leconstitutionnel,bpt6k682398r,,failed,0,0,,no_usable_pages,known,,,bpt6k682398r: no usable pages in manifest.,2026-07-17T20:40:19.490301
leconstitutionnel,bpt6k6823994,,failed,0,0,,no_usable_pages,known,,,bpt6k6823994: no usable pages in manifest.,2026-07-17T20:40:19.607406
leconstitutionnel,bpt6k682400x,,failed,0,0,,no_usable_pages,known,,,bpt6k682400x: no usable pages in manifest.,2026-07-17T20:40:19.733627
leconstitutionnel,bpt6k6824019,,failed,0,0,,no_usable_pages,known,,,bpt6k6824019: no usable pages in manifest.,2026-07-17T20:40:19.943336
leconstitutionnel,bpt6k682402p,,failed,0,0,,no_usable_pages,known,,,bpt6k682402p: no usable pages in manifest.,2026-07-17T20:40:20.165601
leconstitutionnel,bpt6k6824032,,failed,0,0,,no_usable_pages,known,,,bpt6k6824032: no usable pages in manifest.,2026-07-17T20:40:20.350042
leconstitutionnel,bpt6k682404f,,failed,0,0,,no_usable_pages,known,,,bpt6k682404f: no usable pages in manifest.,2026-07-17T20:40:20.456412
leconstitutionnel,bpt6k682405t,,failed,0,0,,no_usable_pages,known,,,bpt6k682405t: no usable pages in manifest.,2026-07-17T20:40:20.561090
leconstitutionnel,bpt6k6824066,,failed,0,0,,no_usable_pages,known,,,bpt6k6824066: no usable pages in manifest.,2026-07-17T20:40:20.723448
leconstitutionnel,bpt6k682407k,,failed,0,0,,no_usable_pages,known,,,bpt6k682407k: no usable pages in manifest.,2026-07-17T20:40:20.866268
leconstitutionnel,bpt6k682408z,,failed,0,0,,no_usable_pages,known,,,bpt6k682408z: no usable pages in manifest.,2026-07-17T20:40:20.994416
leconstitutionnel,bpt6k682409b,,failed,0,0,,no_usable_pages,known,,,bpt6k682409b: no usable pages in manifest.,2026-07-17T20:40:21.116896
leconstitutionnel,bpt6k6824108,,failed,0,0,,no_usable_pages,known,,,bpt6k6824108: no usable pages in manifest.,2026-07-17T20:40:21.227479
leconstitutionnel,bpt6k682411n,,failed,0,0,,no_usable_pages,known,,,bpt6k682411n: no usable pages in manifest.,2026-07-17T20:40:21.320806
leconstitutionnel,bpt6k6824121,,failed,0,0,,no_usable_pages,known,,,bpt6k6824121: no usable pages in manifest.,2026-07-17T20:40:21.403456
leconstitutionnel,bpt6k682413d,,failed,0,0,,no_usable_pages,known,,,bpt6k682413d: no usable pages in manifest.,2026-07-17T20:40:21.506292
leconstitutionnel,bpt6k682414s,,failed,0,0,,no_usable_pages,known,,,bpt6k682414s: no usable pages in manifest.,2026-07-17T20:40:21.609013
leconstitutionnel,bpt6k6824155,,failed,0,0,,no_usable_pages,known,,,bpt6k6824155: no usable pages in manifest.,2026-07-17T20:40:21.767214
leconstitutionnel,bpt6k682416j,,failed,0,0,,no_usable_pages,known,,,bpt6k682416j: no usable pages in manifest.,2026-07-17T20:40:21.869458
leconstitutionnel,bpt6k682417x,,failed,0,0,,no_usable_pages,known,,,bpt6k682417x: no usable pages in manifest.,2026-07-17T20:40:21.962425
leconstitutionnel,bpt6k6824189,,failed,0,0,,no_usable_pages,known,,,bpt6k6824189: no usable pages in manifest.,2026-07-17T20:40:22.037888
leconstitutionnel,bpt6k682419p,,failed,0,0,,no_usable_pages,known,,,bpt6k682419p: no usable pages in manifest.,2026-07-17T20:40:22.139612
leconstitutionnel,bpt6k682420m,,failed,0,0,,no_usable_pages,known,,,bpt6k682420m: no usable pages in manifest.,2026-07-17T20:40:22.293529
leconstitutionnel,bpt6k6824210,,failed,0,0,,no_usable_pages,known,,,bpt6k6824210: no usable pages in manifest.,2026-07-17T20:40:22.374518
leconstitutionnel,bpt6k682422c,,failed,0,0,,no_usable_pages,known,,,bpt6k682422c: no usable pages in manifest.,2026-07-17T20:40:22.458511
leconstitutionnel,bpt6k682423r,,failed,0,0,,no_usable_pages,known,,,bpt6k682423r: no usable pages in manifest.,2026-07-17T20:40:22.543754
leconstitutionnel,bpt6k6824244,,failed,0,0,,no_usable_pages,known,,,bpt6k6824244: no usable pages in manifest.,2026-07-17T20:40:22.658677
leconstitutionnel,bpt6k682425h,,failed,0,0,,no_usable_pages,known,,,bpt6k682425h: no usable pages in manifest.,2026-07-17T20:40:22.757563
leconstitutionnel,bpt6k682426w,,failed,0,0,,no_usable_pages,known,,,bpt6k682426w: no usable pages in manifest.,2026-07-17T20:40:22.855137
leconstitutionnel,bpt6k6824278,,failed,0,0,,no_usable_pages,known,,,bpt6k6824278: no usable pages in manifest.,2026-07-17T20:40:22.978271
leconstitutionnel,bpt6k682428n,,failed,0,0,,no_usable_pages,known,,,bpt6k682428n: no usable pages in manifest.,2026-07-17T20:40:23.096812
leconstitutionnel,bpt6k6824291,,failed,0,0,,no_usable_pages,known,,,bpt6k6824291: no usable pages in manifest.,2026-07-17T20:40:23.182265
leconstitutionnel,bpt6k682430z,,failed,0,0,,no_usable_pages,known,,,bpt6k682430z: no usable pages in manifest.,2026-07-17T20:40:23.277744
leconstitutionnel,bpt6k682431b,,failed,0,0,,no_usable_pages,known,,,bpt6k682431b: no usable pages in manifest.,2026-07-17T20:40:23.385329
leconstitutionnel,bpt6k682432q,,failed,0,0,,no_usable_pages,known,,,bpt6k682432q: no usable pages in manifest.,2026-07-17T20:40:23.480380
leconstitutionnel,bpt6k6824333,,failed,0,0,,no_usable_pages,known,,,bpt6k6824333: no usable pages in manifest.,2026-07-17T20:40:23.562592
leconstitutionnel,bpt6k682434g,,failed,0,0,,no_usable_pages,known,,,bpt6k682434g: no usable pages in manifest.,2026-07-17T20:40:23.672867
leconstitutionnel,bpt6k682435v,,failed,0,0,,no_usable_pages,known,,,bpt6k682435v: no usable pages in manifest.,2026-07-17T20:40:23.845174
leconstitutionnel,bpt6k6824367,,failed,0,0,,no_usable_pages,known,,,bpt6k6824367: no usable pages in manifest.,2026-07-17T20:40:23.994208
leconstitutionnel,bpt6k682437m,,failed,0,0,,no_usable_pages,known,,,bpt6k682437m: no usable pages in manifest.,2026-07-17T20:40:24.136335
leconstitutionnel,bpt6k6824380,,failed,0,0,,no_usable_pages,known,,,bpt6k6824380: no usable pages in manifest.,2026-07-17T20:40:24.243713
leconstitutionnel,bpt6k682439c,,failed,0,0,,no_usable_pages,known,,,bpt6k682439c: no usable pages in manifest.,2026-07-17T20:40:24.404669
leconstitutionnel,bpt6k6824409,,failed,0,0,,no_usable_pages,known,,,bpt6k6824409: no usable pages in manifest.,2026-07-17T20:40:24.527165
leconstitutionnel,bpt6k682441p,,failed,0,0,,no_usable_pages,known,,,bpt6k682441p: no usable pages in manifest.,2026-07-17T20:40:24.645775
leconstitutionnel,bpt6k6824422,,failed,0,0,,no_usable_pages,known,,,bpt6k6824422: no usable pages in manifest.,2026-07-17T20:40:24.765252
leconstitutionnel,bpt6k682443f,,failed,0,0,,no_usable_pages,known,,,bpt6k682443f: no usable pages in manifest.,2026-07-17T20:40:24.904028
leconstitutionnel,bpt6k682444t,,failed,0,0,,no_usable_pages,known,,,bpt6k682444t: no usable pages in manifest.,2026-07-17T20:40:25.035609
leconstitutionnel,bpt6k6824456,,failed,0,0,,no_usable_pages,known,,,bpt6k6824456: no usable pages in manifest.,2026-07-17T20:40:25.197122
leconstitutionnel,bpt6k682446k,,failed,0,0,,no_usable_pages,known,,,bpt6k682446k: no usable pages in manifest.,2026-07-17T20:40:25.568285
leconstitutionnel,bpt6k682447z,,failed,0,0,,no_usable_pages,known,,,bpt6k682447z: no usable pages in manifest.,2026-07-17T20:40:25.709356
leconstitutionnel,bpt6k682448b,,failed,0,0,,no_usable_pages,known,,,bpt6k682448b: no usable pages in manifest.,2026-07-17T20:40:25.813181
leconstitutionnel,bpt6k682449q,,failed,0,0,,no_usable_pages,known,,,bpt6k682449q: no usable pages in manifest.,2026-07-17T20:40:25.956202
leconstitutionnel,bpt6k682450n,,failed,0,0,,no_usable_pages,known,,,bpt6k682450n: no usable pages in manifest.,2026-07-17T20:40:26.078669
leconstitutionnel,bpt6k6824511,,failed,0,0,,no_usable_pages,known,,,bpt6k6824511: no usable pages in manifest.,2026-07-17T20:40:26.196445
leconstitutionnel,bpt6k682452d,,failed,0,0,,no_usable_pages,known,,,bpt6k682452d: no usable pages in manifest.,2026-07-17T20:40:26.293028
leconstitutionnel,bpt6k682453s,,failed,0,0,,no_usable_pages,known,,,bpt6k682453s: no usable pages in manifest.,2026-07-17T20:40:26.377354
leconstitutionnel,bpt6k6824545,,failed,0,0,,no_usable_pages,known,,,bpt6k6824545: no usable pages in manifest.,2026-07-17T20:40:26.460347
leconstitutionnel,bpt6k682455j,,failed,0,0,,no_usable_pages,known,,,bpt6k682455j: no usable pages in manifest.,2026-07-17T20:40:26.590975
leconstitutionnel,bpt6k682456x,,failed,0,0,,no_usable_pages,known,,,bpt6k682456x: no usable pages in manifest.,2026-07-17T20:40:26.720979
leconstitutionnel,bpt6k6824579,,failed,0,0,,no_usable_pages,known,,,bpt6k6824579: no usable pages in manifest.,2026-07-17T20:40:26.813688
leconstitutionnel,bpt6k682458p,,failed,0,0,,no_usable_pages,known,,,bpt6k682458p: no usable pages in manifest.,2026-07-17T20:40:26.892090
leconstitutionnel,bpt6k6824592,,failed,0,0,,no_usable_pages,known,,,bpt6k6824592: no usable pages in manifest.,2026-07-17T20:40:27.113493
leconstitutionnel,bpt6k6824600,,failed,0,0,,no_usable_pages,known,,,bpt6k6824600: no usable pages in manifest.,2026-07-17T20:40:27.270411
leconstitutionnel,bpt6k682461c,,failed,0,0,,no_usable_pages,known,,,bpt6k682461c: no usable pages in manifest.,2026-07-17T20:40:27.391366
leconstitutionnel,bpt6k682462r,,failed,0,0,,no_usable_pages,known,,,bpt6k682462r: no usable pages in manifest.,2026-07-17T20:40:27.481956
leconstitutionnel,bpt6k6824634,,failed,0,0,,no_usable_pages,known,,,bpt6k6824634: no usable pages in manifest.,2026-07-17T20:40:27.678962
leconstitutionnel,bpt6k682464h,,failed,0,0,,no_usable_pages,known,,,bpt6k682464h: no usable pages in manifest.,2026-07-17T20:40:27.810691
leconstitutionnel,bpt6k682465w,,failed,0,0,,no_usable_pages,known,,,bpt6k682465w: no usable pages in manifest.,2026-07-17T20:40:27.905213
leconstitutionnel,bpt6k6824668,,failed,0,0,,no_usable_pages,known,,,bpt6k6824668: no usable pages in manifest.,2026-07-17T20:40:28.040097
leconstitutionnel,bpt6k682467n,,failed,0,0,,no_usable_pages,known,,,bpt6k682467n: no usable pages in manifest.,2026-07-17T20:40:28.148162
leconstitutionnel,bpt6k6824681,,failed,0,0,,no_usable_pages,known,,,bpt6k6824681: no usable pages in manifest.,2026-07-17T20:40:28.269064
leconstitutionnel,bpt6k682469d,,failed,0,0,,no_usable_pages,known,,,bpt6k682469d: no usable pages in manifest.,2026-07-17T20:40:28.363606
leconstitutionnel,bpt6k682470b,,failed,0,0,,no_usable_pages,known,,,bpt6k682470b: no usable pages in manifest.,2026-07-17T20:40:28.503535
leconstitutionnel,bpt6k682471q,,failed,0,0,,no_usable_pages,known,,,bpt6k682471q: no usable pages in manifest.,2026-07-17T20:40:28.653267
leconstitutionnel,bpt6k6824723,,failed,0,0,,no_usable_pages,known,,,bpt6k6824723: no usable pages in manifest.,2026-07-17T20:40:28.921379
leconstitutionnel,bpt6k682473g,,failed,0,0,,no_usable_pages,known,,,bpt6k682473g: no usable pages in manifest.,2026-07-17T20:40:29.098766
leconstitutionnel,bpt6k682474v,,failed,0,0,,no_usable_pages,known,,,bpt6k682474v: no usable pages in manifest.,2026-07-17T20:40:29.223172
leconstitutionnel,bpt6k6824757,,failed,0,0,,no_usable_pages,known,,,bpt6k6824757: no usable pages in manifest.,2026-07-17T20:40:29.390341
leconstitutionnel,bpt6k682476m,,failed,0,0,,no_usable_pages,known,,,bpt6k682476m: no usable pages in manifest.,2026-07-17T20:40:29.502759
leconstitutionnel,bpt6k6824770,,failed,0,0,,no_usable_pages,known,,,bpt6k6824770: no usable pages in manifest.,2026-07-17T20:40:29.601020
leconstitutionnel,bpt6k682478c,,failed,0,0,,no_usable_pages,known,,,bpt6k682478c: no usable pages in manifest.,2026-07-17T20:40:29.713821
leconstitutionnel,bpt6k682479r,,failed,0,0,,no_usable_pages,known,,,bpt6k682479r: no usable pages in manifest.,2026-07-17T20:40:29.812780
leconstitutionnel,bpt6k682480p,,failed,0,0,,no_usable_pages,known,,,bpt6k682480p: no usable pages in manifest.,2026-07-17T20:40:29.945494
leconstitutionnel,bpt6k6824812,,failed,0,0,,no_usable_pages,known,,,bpt6k6824812: no usable pages in manifest.,2026-07-17T20:40:30.046941
leconstitutionnel,bpt6k682482f,,failed,0,0,,no_usable_pages,known,,,bpt6k682482f: no usable pages in manifest.,2026-07-17T20:40:30.165583
leconstitutionnel,bpt6k682483t,,failed,0,0,,no_usable_pages,known,,,bpt6k682483t: no usable pages in manifest.,2026-07-17T20:40:30.294471
leconstitutionnel,bpt6k6824846,,failed,0,0,,no_usable_pages,known,,,bpt6k6824846: no usable pages in manifest.,2026-07-17T20:40:30.464516
leconstitutionnel,bpt6k682485k,,failed,0,0,,no_usable_pages,known,,,bpt6k682485k: no usable pages in manifest.,2026-07-17T20:40:30.552474
leconstitutionnel,bpt6k682486z,,failed,0,0,,no_usable_pages,known,,,bpt6k682486z: no usable pages in manifest.,2026-07-17T20:40:30.663734
leconstitutionnel,bpt6k682487b,,failed,0,0,,no_usable_pages,known,,,bpt6k682487b: no usable pages in manifest.,2026-07-17T20:40:30.765850
leconstitutionnel,bpt6k682488q,,failed,0,0,,no_usable_pages,known,,,bpt6k682488q: no usable pages in manifest.,2026-07-17T20:40:30.888407
leconstitutionnel,bpt6k6824893,,failed,0,0,,no_usable_pages,known,,,bpt6k6824893: no usable pages in manifest.,2026-07-17T20:40:31.028104
leconstitutionnel,bpt6k6824901,,failed,0,0,,no_usable_pages,known,,,bpt6k6824901: no usable pages in manifest.,2026-07-17T20:40:31.117713
leconstitutionnel,bpt6k682491d,,failed,0,0,,no_usable_pages,known,,,bpt6k682491d: no usable pages in manifest.,2026-07-17T20:40:31.245517
leconstitutionnel,bpt6k682492s,,failed,0,0,,no_usable_pages,known,,,bpt6k682492s: no usable pages in manifest.,2026-07-17T20:40:31.326043
leconstitutionnel,bpt6k6824935,,failed,0,0,,no_usable_pages,known,,,bpt6k6824935: no usable pages in manifest.,2026-07-17T20:40:31.401559
leconstitutionnel,bpt6k682494j,,failed,0,0,,no_usable_pages,known,,,bpt6k682494j: no usable pages in manifest.,2026-07-17T20:40:31.547019
leconstitutionnel,bpt6k682495x,,failed,0,0,,no_usable_pages,known,,,bpt6k682495x: no usable pages in manifest.,2026-07-17T20:40:31.651370
leconstitutionnel,bpt6k6824969,,failed,0,0,,no_usable_pages,known,,,bpt6k6824969: no usable pages in manifest.,2026-07-17T20:40:31.764675
leconstitutionnel,bpt6k682497p,,failed,0,0,,no_usable_pages,known,,,bpt6k682497p: no usable pages in manifest.,2026-07-17T20:40:31.816628
leconstitutionnel,bpt6k6824982,,failed,0,0,,no_usable_pages,known,,,bpt6k6824982: no usable pages in manifest.,2026-07-17T20:40:31.923098
leconstitutionnel,bpt6k682499f,,failed,0,0,,no_usable_pages,known,,,bpt6k682499f: no usable pages in manifest.,2026-07-17T20:40:32.185167
leconstitutionnel,bpt6k6825007,,failed,0,0,,no_usable_pages,known,,,bpt6k6825007: no usable pages in manifest.,2026-07-17T20:40:32.300283
leconstitutionnel,bpt6k682501m,,failed,0,0,,no_usable_pages,known,,,bpt6k682501m: no usable pages in manifest.,2026-07-17T20:40:32.407401
leconstitutionnel,bpt6k6825020,,failed,0,0,,no_usable_pages,known,,,bpt6k6825020: no usable pages in manifest.,2026-07-17T20:40:32.493642
leconstitutionnel,bpt6k682503c,,failed,0,0,,no_usable_pages,known,,,bpt6k682503c: no usable pages in manifest.,2026-07-17T20:40:32.619975
leconstitutionnel,bpt6k682504r,,failed,0,0,,no_usable_pages,known,,,bpt6k682504r: no usable pages in manifest.,2026-07-17T20:40:32.737071
leconstitutionnel,bpt6k6825054,,failed,0,0,,no_usable_pages,known,,,bpt6k6825054: no usable pages in manifest.,2026-07-17T20:40:32.853547
leconstitutionnel,bpt6k682506h,,failed,0,0,,no_usable_pages,known,,,bpt6k682506h: no usable pages in manifest.,2026-07-17T20:40:32.938397
leconstitutionnel,bpt6k682507w,,failed,0,0,,no_usable_pages,known,,,bpt6k682507w: no usable pages in manifest.,2026-07-17T20:40:33.056771
leconstitutionnel,bpt6k6825088,,failed,0,0,,no_usable_pages,known,,,bpt6k6825088: no usable pages in manifest.,2026-07-17T20:40:33.156818
leconstitutionnel,bpt6k682509n,,failed,0,0,,no_usable_pages,known,,,bpt6k682509n: no usable pages in manifest.,2026-07-17T20:40:33.255750
leconstitutionnel,bpt6k682510k,,failed,0,0,,no_usable_pages,known,,,bpt6k682510k: no usable pages in manifest.,2026-07-17T20:40:33.378751
leconstitutionnel,bpt6k682511z,,failed,0,0,,no_usable_pages,known,,,bpt6k682511z: no usable pages in manifest.,2026-07-17T20:40:33.490801
leconstitutionnel,bpt6k682512b,,failed,0,0,,no_usable_pages,known,,,bpt6k682512b: no usable pages in manifest.,2026-07-17T20:40:33.602428
leconstitutionnel,bpt6k682513q,,failed,0,0,,no_usable_pages,known,,,bpt6k682513q: no usable pages in manifest.,2026-07-17T20:40:33.781588
leconstitutionnel,bpt6k6825143,,failed,0,0,,no_usable_pages,known,,,bpt6k6825143: no usable pages in manifest.,2026-07-17T20:40:33.887295
leconstitutionnel,bpt6k682515g,,failed,0,0,,no_usable_pages,known,,,bpt6k682515g: no usable pages in manifest.,2026-07-17T20:40:34.022420
leconstitutionnel,bpt6k682516v,,failed,0,0,,no_usable_pages,known,,,bpt6k682516v: no usable pages in manifest.,2026-07-17T20:40:34.103522
leconstitutionnel,bpt6k6825177,,failed,0,0,,no_usable_pages,known,,,bpt6k6825177: no usable pages in manifest.,2026-07-17T20:40:34.205928
leconstitutionnel,bpt6k682518m,,failed,0,0,,no_usable_pages,known,,,bpt6k682518m: no usable pages in manifest.,2026-07-17T20:40:34.297606
leconstitutionnel,bpt6k6825190,,failed,0,0,,no_usable_pages,known,,,bpt6k6825190: no usable pages in manifest.,2026-07-17T20:40:34.400202
leconstitutionnel,bpt6k682520x,,failed,0,0,,no_usable_pages,known,,,bpt6k682520x: no usable pages in manifest.,2026-07-17T20:40:34.492040
leconstitutionnel,bpt6k6825219,,failed,0,0,,no_usable_pages,known,,,bpt6k6825219: no usable pages in manifest.,2026-07-17T20:40:34.567892
leconstitutionnel,bpt6k682522p,,failed,0,0,,no_usable_pages,known,,,bpt6k682522p: no usable pages in manifest.,2026-07-17T20:40:34.662810
leconstitutionnel,bpt6k6825232,,failed,0,0,,no_usable_pages,known,,,bpt6k6825232: no usable pages in manifest.,2026-07-17T20:40:34.774962
leconstitutionnel,bpt6k682524f,,failed,0,0,,no_usable_pages,known,,,bpt6k682524f: no usable pages in manifest.,2026-07-17T20:40:34.872607
leconstitutionnel,bpt6k682525t,,failed,0,0,,no_usable_pages,known,,,bpt6k682525t: no usable pages in manifest.,2026-07-17T20:40:34.997503
leconstitutionnel,bpt6k6825266,,failed,0,0,,no_usable_pages,known,,,bpt6k6825266: no usable pages in manifest.,2026-07-17T20:40:35.116039
leconstitutionnel,bpt6k682527k,,failed,0,0,,no_usable_pages,known,,,bpt6k682527k: no usable pages in manifest.,2026-07-17T20:40:35.240384
leconstitutionnel,bpt6k682528z,,failed,0,0,,no_usable_pages,known,,,bpt6k682528z: no usable pages in manifest.,2026-07-17T20:40:35.323906
leconstitutionnel,bpt6k682529b,,failed,0,0,,no_usable_pages,known,,,bpt6k682529b: no usable pages in manifest.,2026-07-17T20:40:35.442179
leconstitutionnel,bpt6k6825308,,failed,0,0,,no_usable_pages,known,,,bpt6k6825308: no usable pages in manifest.,2026-07-17T20:40:35.595895
leconstitutionnel,bpt6k682531n,,failed,0,0,,no_usable_pages,known,,,bpt6k682531n: no usable pages in manifest.,2026-07-17T20:40:35.708233
leconstitutionnel,bpt6k6825321,,failed,0,0,,no_usable_pages,known,,,bpt6k6825321: no usable pages in manifest.,2026-07-17T20:40:35.838758
leconstitutionnel,bpt6k682533d,,failed,0,0,,no_usable_pages,known,,,bpt6k682533d: no usable pages in manifest.,2026-07-17T20:40:35.966807
leconstitutionnel,bpt6k682534s,,failed,0,0,,no_usable_pages,known,,,bpt6k682534s: no usable pages in manifest.,2026-07-17T20:40:36.090697
leconstitutionnel,bpt6k6825355,,failed,0,0,,no_usable_pages,known,,,bpt6k6825355: no usable pages in manifest.,2026-07-17T20:40:36.156384
leconstitutionnel,bpt6k682536j,,failed,0,0,,no_usable_pages,known,,,bpt6k682536j: no usable pages in manifest.,2026-07-17T20:40:36.241089
leconstitutionnel,bpt6k682537x,,failed,0,0,,no_usable_pages,known,,,bpt6k682537x: no usable pages in manifest.,2026-07-17T20:40:36.327751
leconstitutionnel,bpt6k6825389,,failed,0,0,,no_usable_pages,known,,,bpt6k6825389: no usable pages in manifest.,2026-07-17T20:40:36.429658
leconstitutionnel,bpt6k682539p,,failed,0,0,,no_usable_pages,known,,,bpt6k682539p: no usable pages in manifest.,2026-07-17T20:40:36.507456
leconstitutionnel,bpt6k682540m,,failed,0,0,,no_usable_pages,known,,,bpt6k682540m: no usable pages in manifest.,2026-07-17T20:40:36.609561
leconstitutionnel,bpt6k6825410,,failed,0,0,,no_usable_pages,known,,,bpt6k6825410: no usable pages in manifest.,2026-07-17T20:40:36.690831
leconstitutionnel,bpt6k682542c,,failed,0,0,,no_usable_pages,known,,,bpt6k682542c: no usable pages in manifest.,2026-07-17T20:40:36.791727
leconstitutionnel,bpt6k682543r,,failed,0,0,,no_usable_pages,known,,,bpt6k682543r: no usable pages in manifest.,2026-07-17T20:40:36.911029
leconstitutionnel,bpt6k6825444,,failed,0,0,,no_usable_pages,known,,,bpt6k6825444: no usable pages in manifest.,2026-07-17T20:40:37.022529
leconstitutionnel,bpt6k682545h,,failed,0,0,,no_usable_pages,known,,,bpt6k682545h: no usable pages in manifest.,2026-07-17T20:40:37.115450
leconstitutionnel,bpt6k682546w,,failed,0,0,,no_usable_pages,known,,,bpt6k682546w: no usable pages in manifest.,2026-07-17T20:40:37.207596
leconstitutionnel,bpt6k6825478,,failed,0,0,,no_usable_pages,known,,,bpt6k6825478: no usable pages in manifest.,2026-07-17T20:40:37.345938
leconstitutionnel,bpt6k682548n,,failed,0,0,,no_usable_pages,known,,,bpt6k682548n: no usable pages in manifest.,2026-07-17T20:40:37.556678
leconstitutionnel,bpt6k6825491,,failed,0,0,,no_usable_pages,known,,,bpt6k6825491: no usable pages in manifest.,2026-07-17T20:40:37.716696
leconstitutionnel,bpt6k682550z,,failed,0,0,,no_usable_pages,known,,,bpt6k682550z: no usable pages in manifest.,2026-07-17T20:40:37.817294
leconstitutionnel,bpt6k682551b,,failed,0,0,,no_usable_pages,known,,,bpt6k682551b: no usable pages in manifest.,2026-07-17T20:40:37.966538
leconstitutionnel,bpt6k682552q,,failed,0,0,,no_usable_pages,known,,,bpt6k682552q: no usable pages in manifest.,2026-07-17T20:40:38.035776
leconstitutionnel,bpt6k6825533,,failed,0,0,,no_usable_pages,known,,,bpt6k6825533: no usable pages in manifest.,2026-07-17T20:40:38.120320
leconstitutionnel,bpt6k682554g,,failed,0,0,,no_usable_pages,known,,,bpt6k682554g: no usable pages in manifest.,2026-07-17T20:40:38.234671
leconstitutionnel,bpt6k682555v,,failed,0,0,,no_usable_pages,known,,,bpt6k682555v: no usable pages in manifest.,2026-07-17T20:40:38.371193
leconstitutionnel,bpt6k6825567,,failed,0,0,,no_usable_pages,known,,,bpt6k6825567: no usable pages in manifest.,2026-07-17T20:40:38.474540
leconstitutionnel,bpt6k682557m,,failed,0,0,,no_usable_pages,known,,,bpt6k682557m: no usable pages in manifest.,2026-07-17T20:40:38.584846
leconstitutionnel,bpt6k6825580,,failed,0,0,,no_usable_pages,known,,,bpt6k6825580: no usable pages in manifest.,2026-07-17T20:40:38.681435
leconstitutionnel,bpt6k682559c,,failed,0,0,,no_usable_pages,known,,,bpt6k682559c: no usable pages in manifest.,2026-07-17T20:40:38.827220
leconstitutionnel,bpt6k6825609,,failed,0,0,,no_usable_pages,known,,,bpt6k6825609: no usable pages in manifest.,2026-07-17T20:40:38.931803
leconstitutionnel,bpt6k682561p,,failed,0,0,,no_usable_pages,known,,,bpt6k682561p: no usable pages in manifest.,2026-07-17T20:40:39.079207
leconstitutionnel,bpt6k6825622,,failed,0,0,,no_usable_pages,known,,,bpt6k6825622: no usable pages in manifest.,2026-07-17T20:40:39.162052
leconstitutionnel,bpt6k682563f,,failed,0,0,,no_usable_pages,known,,,bpt6k682563f: no usable pages in manifest.,2026-07-17T20:40:39.238980
leconstitutionnel,bpt6k682564t,,failed,0,0,,no_usable_pages,known,,,bpt6k682564t: no usable pages in manifest.,2026-07-17T20:40:39.402837
leconstitutionnel,bpt6k6825656,,failed,0,0,,no_usable_pages,known,,,bpt6k6825656: no usable pages in manifest.,2026-07-17T20:40:39.485935
leconstitutionnel,bpt6k682566k,,failed,0,0,,no_usable_pages,known,,,bpt6k682566k: no usable pages in manifest.,2026-07-17T20:40:39.622956
leconstitutionnel,bpt6k682567z,,failed,0,0,,no_usable_pages,known,,,bpt6k682567z: no usable pages in manifest.,2026-07-17T20:40:39.706311
leconstitutionnel,bpt6k682568b,,failed,0,0,,no_usable_pages,known,,,bpt6k682568b: no usable pages in manifest.,2026-07-17T20:40:39.811926
leconstitutionnel,bpt6k682569q,,failed,0,0,,no_usable_pages,known,,,bpt6k682569q: no usable pages in manifest.,2026-07-17T20:40:39.896406
leconstitutionnel,bpt6k682570n,,failed,0,0,,no_usable_pages,known,,,bpt6k682570n: no usable pages in manifest.,2026-07-17T20:40:39.980652
leconstitutionnel,bpt6k6825711,,failed,0,0,,no_usable_pages,known,,,bpt6k6825711: no usable pages in manifest.,2026-07-17T20:40:40.094910
leconstitutionnel,bpt6k682572d,,failed,0,0,,no_usable_pages,known,,,bpt6k682572d: no usable pages in manifest.,2026-07-17T20:40:40.220838
leconstitutionnel,bpt6k682573s,,failed,0,0,,no_usable_pages,known,,,bpt6k682573s: no usable pages in manifest.,2026-07-17T20:40:40.517274
leconstitutionnel,bpt6k6825745,,failed,0,0,,no_usable_pages,known,,,bpt6k6825745: no usable pages in manifest.,2026-07-17T20:40:40.596424
leconstitutionnel,bpt6k682575j,,failed,0,0,,no_usable_pages,known,,,bpt6k682575j: no usable pages in manifest.,2026-07-17T20:40:40.687689
leconstitutionnel,bpt6k682576x,,failed,0,0,,no_usable_pages,known,,,bpt6k682576x: no usable pages in manifest.,2026-07-17T20:40:40.748562
leconstitutionnel,bpt6k6825779,,failed,0,0,,no_usable_pages,known,,,bpt6k6825779: no usable pages in manifest.,2026-07-17T20:40:40.835379
leconstitutionnel,bpt6k682578p,,failed,0,0,,no_usable_pages,known,,,bpt6k682578p: no usable pages in manifest.,2026-07-17T20:40:40.930070
leconstitutionnel,bpt6k6825792,,failed,0,0,,no_usable_pages,known,,,bpt6k6825792: no usable pages in manifest.,2026-07-17T20:40:41.015444
leconstitutionnel,bpt6k6825800,,failed,0,0,,no_usable_pages,known,,,bpt6k6825800: no usable pages in manifest.,2026-07-17T20:40:41.144569
leconstitutionnel,bpt6k682581c,,failed,0,0,,no_usable_pages,known,,,bpt6k682581c: no usable pages in manifest.,2026-07-17T20:40:41.253411
leconstitutionnel,bpt6k682582r,,failed,0,0,,no_usable_pages,known,,,bpt6k682582r: no usable pages in manifest.,2026-07-17T20:40:41.332378
leconstitutionnel,bpt6k6825834,,failed,0,0,,no_usable_pages,known,,,bpt6k6825834: no usable pages in manifest.,2026-07-17T20:40:41.427825
leconstitutionnel,bpt6k682584h,,failed,0,0,,no_usable_pages,known,,,bpt6k682584h: no usable pages in manifest.,2026-07-17T20:40:41.565438
leconstitutionnel,bpt6k682585w,,failed,0,0,,no_usable_pages,known,,,bpt6k682585w: no usable pages in manifest.,2026-07-17T20:40:41.684157
leconstitutionnel,bpt6k6825868,,failed,0,0,,no_usable_pages,known,,,bpt6k6825868: no usable pages in manifest.,2026-07-17T20:40:41.831115
leconstitutionnel,bpt6k682587n,,failed,0,0,,no_usable_pages,known,,,bpt6k682587n: no usable pages in manifest.,2026-07-17T20:40:41.939541
leconstitutionnel,bpt6k6825881,,failed,0,0,,no_usable_pages,known,,,bpt6k6825881: no usable pages in manifest.,2026-07-17T20:40:42.026447
leconstitutionnel,bpt6k682589d,,failed,0,0,,no_usable_pages,known,,,bpt6k682589d: no usable pages in manifest.,2026-07-17T20:40:42.150951
leconstitutionnel,bpt6k682590b,,failed,0,0,,no_usable_pages,known,,,bpt6k682590b: no usable pages in manifest.,2026-07-17T20:40:42.254073
leconstitutionnel,bpt6k682591q,,failed,0,0,,no_usable_pages,known,,,bpt6k682591q: no usable pages in manifest.,2026-07-17T20:40:42.391456
leconstitutionnel,bpt6k6825923,,failed,0,0,,no_usable_pages,known,,,bpt6k6825923: no usable pages in manifest.,2026-07-17T20:40:42.470723
leconstitutionnel,bpt6k682593g,,failed,0,0,,no_usable_pages,known,,,bpt6k682593g: no usable pages in manifest.,2026-07-17T20:40:42.594558
leconstitutionnel,bpt6k682594v,,failed,0,0,,no_usable_pages,known,,,bpt6k682594v: no usable pages in manifest.,2026-07-17T20:40:42.708206
leconstitutionnel,bpt6k6825957,,failed,0,0,,no_usable_pages,known,,,bpt6k6825957: no usable pages in manifest.,2026-07-17T20:40:42.833493
leconstitutionnel,bpt6k682596m,,failed,0,0,,no_usable_pages,known,,,bpt6k682596m: no usable pages in manifest.,2026-07-17T20:40:42.935028
leconstitutionnel,bpt6k6825970,,failed,0,0,,no_usable_pages,known,,,bpt6k6825970: no usable pages in manifest.,2026-07-17T20:40:43.030214
leconstitutionnel,bpt6k682598c,,failed,0,0,,no_usable_pages,known,,,bpt6k682598c: no usable pages in manifest.,2026-07-17T20:40:43.113132
leconstitutionnel,bpt6k682599r,,failed,0,0,,no_usable_pages,known,,,bpt6k682599r: no usable pages in manifest.,2026-07-17T20:40:43.204715
leconstitutionnel,bpt6k682600j,,failed,0,0,,no_usable_pages,known,,,bpt6k682600j: no usable pages in manifest.,2026-07-17T20:40:43.318303
leconstitutionnel,bpt6k682601x,,failed,0,0,,no_usable_pages,known,,,bpt6k682601x: no usable pages in manifest.,2026-07-17T20:40:43.544296
leconstitutionnel,bpt6k6826029,,failed,0,0,,no_usable_pages,known,,,bpt6k6826029: no usable pages in manifest.,2026-07-17T20:40:43.680385
leconstitutionnel,bpt6k682603p,,failed,0,0,,no_usable_pages,known,,,bpt6k682603p: no usable pages in manifest.,2026-07-17T20:40:43.760479
leconstitutionnel,bpt6k6826042,,failed,0,0,,no_usable_pages,known,,,bpt6k6826042: no usable pages in manifest.,2026-07-17T20:40:43.867116
leconstitutionnel,bpt6k682605f,,failed,0,0,,no_usable_pages,known,,,bpt6k682605f: no usable pages in manifest.,2026-07-17T20:40:43.942444
leconstitutionnel,bpt6k682606t,,failed,0,0,,no_usable_pages,known,,,bpt6k682606t: no usable pages in manifest.,2026-07-17T20:40:43.999542
leconstitutionnel,bpt6k6826076,,failed,0,0,,no_usable_pages,known,,,bpt6k6826076: no usable pages in manifest.,2026-07-17T20:40:44.097591
leconstitutionnel,bpt6k682608k,,failed,0,0,,no_usable_pages,known,,,bpt6k682608k: no usable pages in manifest.,2026-07-17T20:40:44.173439
leconstitutionnel,bpt6k682609z,,failed,0,0,,no_usable_pages,known,,,bpt6k682609z: no usable pages in manifest.,2026-07-17T20:40:44.284131
leconstitutionnel,bpt6k682610w,,failed,0,0,,no_usable_pages,known,,,bpt6k682610w: no usable pages in manifest.,2026-07-17T20:40:44.362381
leconstitutionnel,bpt6k6826118,,failed,0,0,,no_usable_pages,known,,,bpt6k6826118: no usable pages in manifest.,2026-07-17T20:40:44.439729
leconstitutionnel,bpt6k682612n,,failed,0,0,,no_usable_pages,known,,,bpt6k682612n: no usable pages in manifest.,2026-07-17T20:40:44.535183
leconstitutionnel,bpt6k6826131,,failed,0,0,,no_usable_pages,known,,,bpt6k6826131: no usable pages in manifest.,2026-07-17T20:40:44.671145
leconstitutionnel,bpt6k682614d,,failed,0,0,,no_usable_pages,known,,,bpt6k682614d: no usable pages in manifest.,2026-07-17T20:40:44.734964
leconstitutionnel,bpt6k682615s,,failed,0,0,,no_usable_pages,known,,,bpt6k682615s: no usable pages in manifest.,2026-07-17T20:40:44.833833
leconstitutionnel,bpt6k6826165,,failed,0,0,,no_usable_pages,known,,,bpt6k6826165: no usable pages in manifest.,2026-07-17T20:40:45.029733
leconstitutionnel,bpt6k682617j,,failed,0,0,,no_usable_pages,known,,,bpt6k682617j: no usable pages in manifest.,2026-07-17T20:40:45.151559
leconstitutionnel,bpt6k682618x,,failed,0,0,,no_usable_pages,known,,,bpt6k682618x: no usable pages in manifest.,2026-07-17T20:40:45.229224
leconstitutionnel,bpt6k6826199,,failed,0,0,,no_usable_pages,known,,,bpt6k6826199: no usable pages in manifest.,2026-07-17T20:40:45.363862
leconstitutionnel,bpt6k6826207,,failed,0,0,,no_usable_pages,known,,,bpt6k6826207: no usable pages in manifest.,2026-07-17T20:40:45.441963
leconstitutionnel,bpt6k682621m,,failed,0,0,,no_usable_pages,known,,,bpt6k682621m: no usable pages in manifest.,2026-07-17T20:40:45.538732
leconstitutionnel,bpt6k6826220,,failed,0,0,,no_usable_pages,known,,,bpt6k6826220: no usable pages in manifest.,2026-07-17T20:40:45.628119
leconstitutionnel,bpt6k6827187,,failed,0,0,,no_usable_pages,known,,,bpt6k6827187: no usable pages in manifest.,2026-07-17T20:40:45.743689
leconstitutionnel,bpt6k682719m,,failed,0,0,,no_usable_pages,known,,,bpt6k682719m: no usable pages in manifest.,2026-07-17T20:40:45.844205
leconstitutionnel,bpt6k682720j,,failed,0,0,,no_usable_pages,known,,,bpt6k682720j: no usable pages in manifest.,2026-07-17T20:40:45.932495
leconstitutionnel,bpt6k682721x,,failed,0,0,,no_usable_pages,known,,,bpt6k682721x: no usable pages in manifest.,2026-07-17T20:40:46.024759
leconstitutionnel,bpt6k6827229,,failed,0,0,,no_usable_pages,known,,,bpt6k6827229: no usable pages in manifest.,2026-07-17T20:40:46.093563
leconstitutionnel,bpt6k682723p,,failed,0,0,,no_usable_pages,known,,,bpt6k682723p: no usable pages in manifest.,2026-07-17T20:40:46.215777
leconstitutionnel,bpt6k6827242,,failed,0,0,,no_usable_pages,known,,,bpt6k6827242: no usable pages in manifest.,2026-07-17T20:40:46.278746
leconstitutionnel,bpt6k682725f,,failed,0,0,,no_usable_pages,known,,,bpt6k682725f: no usable pages in manifest.,2026-07-17T20:40:46.367844
leconstitutionnel,bpt6k682726t,,failed,0,0,,no_usable_pages,known,,,bpt6k682726t: no usable pages in manifest.,2026-07-17T20:40:46.444072
leconstitutionnel,bpt6k6827276,,failed,0,0,,no_usable_pages,known,,,bpt6k6827276: no usable pages in manifest.,2026-07-17T20:40:46.547393
leconstitutionnel,bpt6k682728k,,failed,0,0,,no_usable_pages,known,,,bpt6k682728k: no usable pages in manifest.,2026-07-17T20:40:46.629145
leconstitutionnel,bpt6k682729z,,failed,0,0,,no_usable_pages,known,,,bpt6k682729z: no usable pages in manifest.,2026-07-17T20:40:46.776385
leconstitutionnel,bpt6k682730w,,failed,0,0,,no_usable_pages,known,,,bpt6k682730w: no usable pages in manifest.,2026-07-17T20:40:46.852204
leconstitutionnel,bpt6k6827318,,failed,0,0,,no_usable_pages,known,,,bpt6k6827318: no usable pages in manifest.,2026-07-17T20:40:46.933295
leconstitutionnel,bpt6k682732n,,failed,0,0,,no_usable_pages,known,,,bpt6k682732n: no usable pages in manifest.,2026-07-17T20:40:46.987749
leconstitutionnel,bpt6k6827331,,failed,0,0,,no_usable_pages,known,,,bpt6k6827331: no usable pages in manifest.,2026-07-17T20:40:47.113018
leconstitutionnel,bpt6k682734d,,failed,0,0,,no_usable_pages,known,,,bpt6k682734d: no usable pages in manifest.,2026-07-17T20:40:47.179003
leconstitutionnel,bpt6k682735s,,failed,0,0,,no_usable_pages,known,,,bpt6k682735s: no usable pages in manifest.,2026-07-17T20:40:47.260852
leconstitutionnel,bpt6k6827365,,failed,0,0,,no_usable_pages,known,,,bpt6k6827365: no usable pages in manifest.,2026-07-17T20:40:47.354644
leconstitutionnel,bpt6k682737j,,failed,0,0,,no_usable_pages,known,,,bpt6k682737j: no usable pages in manifest.,2026-07-17T20:40:47.471947
leconstitutionnel,bpt6k682738x,,failed,0,0,,no_usable_pages,known,,,bpt6k682738x: no usable pages in manifest.,2026-07-17T20:40:47.531704
leconstitutionnel,bpt6k6827399,,failed,0,0,,no_usable_pages,known,,,bpt6k6827399: no usable pages in manifest.,2026-07-17T20:40:47.612300
leconstitutionnel,bpt6k6827407,,failed,0,0,,no_usable_pages,known,,,bpt6k6827407: no usable pages in manifest.,2026-07-17T20:40:47.743532
leconstitutionnel,bpt6k682741m,,failed,0,0,,no_usable_pages,known,,,bpt6k682741m: no usable pages in manifest.,2026-07-17T20:40:47.866087
leconstitutionnel,bpt6k6827420,,failed,0,0,,no_usable_pages,known,,,bpt6k6827420: no usable pages in manifest.,2026-07-17T20:40:47.990113
leconstitutionnel,bpt6k682743c,,failed,0,0,,no_usable_pages,known,,,bpt6k682743c: no usable pages in manifest.,2026-07-17T20:40:48.147231
leconstitutionnel,bpt6k682744r,,failed,0,0,,no_usable_pages,known,,,bpt6k682744r: no usable pages in manifest.,2026-07-17T20:40:48.255128
leconstitutionnel,bpt6k6827454,,failed,0,0,,no_usable_pages,known,,,bpt6k6827454: no usable pages in manifest.,2026-07-17T20:40:48.373519
leconstitutionnel,bpt6k682746h,,failed,0,0,,no_usable_pages,known,,,bpt6k682746h: no usable pages in manifest.,2026-07-17T20:40:48.476391
leconstitutionnel,bpt6k682747w,,failed,0,0,,no_usable_pages,known,,,bpt6k682747w: no usable pages in manifest.,2026-07-17T20:40:48.553425
leconstitutionnel,bpt6k6827488,,failed,0,0,,no_usable_pages,known,,,bpt6k6827488: no usable pages in manifest.,2026-07-17T20:40:48.663529
leconstitutionnel,bpt6k682749n,,failed,0,0,,no_usable_pages,known,,,bpt6k682749n: no usable pages in manifest.,2026-07-17T20:40:48.748941
leconstitutionnel,bpt6k682750k,,failed,0,0,,no_usable_pages,known,,,bpt6k682750k: no usable pages in manifest.,2026-07-17T20:40:48.847487
leconstitutionnel,bpt6k682751z,,failed,0,0,,no_usable_pages,known,,,bpt6k682751z: no usable pages in manifest.,2026-07-17T20:40:48.936948
leconstitutionnel,bpt6k682752b,,failed,0,0,,no_usable_pages,known,,,bpt6k682752b: no usable pages in manifest.,2026-07-17T20:40:49.032721
leconstitutionnel,bpt6k682753q,,failed,0,0,,no_usable_pages,known,,,bpt6k682753q: no usable pages in manifest.,2026-07-17T20:40:49.118454
leconstitutionnel,bpt6k6827543,,failed,0,0,,no_usable_pages,known,,,bpt6k6827543: no usable pages in manifest.,2026-07-17T20:40:49.229305
leconstitutionnel,bpt6k682755g,,failed,0,0,,no_usable_pages,known,,,bpt6k682755g: no usable pages in manifest.,2026-07-17T20:40:49.311914
leconstitutionnel,bpt6k682756v,,failed,0,0,,no_usable_pages,known,,,bpt6k682756v: no usable pages in manifest.,2026-07-17T20:40:49.394290
leconstitutionnel,bpt6k6827577,,failed,0,0,,no_usable_pages,known,,,bpt6k6827577: no usable pages in manifest.,2026-07-17T20:40:49.573744
leconstitutionnel,bpt6k682758m,,failed,0,0,,no_usable_pages,known,,,bpt6k682758m: no usable pages in manifest.,2026-07-17T20:40:49.708820
leconstitutionnel,bpt6k6827590,,failed,0,0,,no_usable_pages,known,,,bpt6k6827590: no usable pages in manifest.,2026-07-17T20:40:49.787103
leconstitutionnel,bpt6k682760x,,failed,0,0,,no_usable_pages,known,,,bpt6k682760x: no usable pages in manifest.,2026-07-17T20:40:49.859769
leconstitutionnel,bpt6k6827619,,failed,0,0,,no_usable_pages,known,,,bpt6k6827619: no usable pages in manifest.,2026-07-17T20:40:49.950735
leconstitutionnel,bpt6k682762p,,failed,0,0,,no_usable_pages,known,,,bpt6k682762p: no usable pages in manifest.,2026-07-17T20:40:50.044891
leconstitutionnel,bpt6k6827632,,failed,0,0,,no_usable_pages,known,,,bpt6k6827632: no usable pages in manifest.,2026-07-17T20:40:50.134867
leconstitutionnel,bpt6k682764f,,failed,0,0,,no_usable_pages,known,,,bpt6k682764f: no usable pages in manifest.,2026-07-17T20:40:50.241982
leconstitutionnel,bpt6k682765t,,failed,0,0,,no_usable_pages,known,,,bpt6k682765t: no usable pages in manifest.,2026-07-17T20:40:50.325367
leconstitutionnel,bpt6k6827666,,failed,0,0,,no_usable_pages,known,,,bpt6k6827666: no usable pages in manifest.,2026-07-17T20:40:50.418266
leconstitutionnel,bpt6k682767k,,failed,0,0,,no_usable_pages,known,,,bpt6k682767k: no usable pages in manifest.,2026-07-17T20:40:50.526343
leconstitutionnel,bpt6k682768z,,failed,0,0,,no_usable_pages,known,,,bpt6k682768z: no usable pages in manifest.,2026-07-17T20:40:50.593707
leconstitutionnel,bpt6k682769b,,failed,0,0,,no_usable_pages,known,,,bpt6k682769b: no usable pages in manifest.,2026-07-17T20:40:50.672383
leconstitutionnel,bpt6k6827708,,failed,0,0,,no_usable_pages,known,,,bpt6k6827708: no usable pages in manifest.,2026-07-17T20:40:50.801102
leconstitutionnel,bpt6k682771n,,failed,0,0,,no_usable_pages,known,,,bpt6k682771n: no usable pages in manifest.,2026-07-17T20:40:50.961797
leconstitutionnel,bpt6k6827721,,failed,0,0,,no_usable_pages,known,,,bpt6k6827721: no usable pages in manifest.,2026-07-17T20:40:51.044498
leconstitutionnel,bpt6k682773d,,failed,0,0,,no_usable_pages,known,,,bpt6k682773d: no usable pages in manifest.,2026-07-17T20:40:51.162503
leconstitutionnel,bpt6k682774s,,failed,0,0,,no_usable_pages,known,,,bpt6k682774s: no usable pages in manifest.,2026-07-17T20:40:51.300124
leconstitutionnel,bpt6k6827755,,failed,0,0,,no_usable_pages,known,,,bpt6k6827755: no usable pages in manifest.,2026-07-17T20:40:51.386997
leconstitutionnel,bpt6k682776j,,failed,0,0,,no_usable_pages,known,,,bpt6k682776j: no usable pages in manifest.,2026-07-17T20:40:51.479926
leconstitutionnel,bpt6k682777x,,failed,0,0,,no_usable_pages,known,,,bpt6k682777x: no usable pages in manifest.,2026-07-17T20:40:51.605136
leconstitutionnel,bpt6k6827789,,failed,0,0,,no_usable_pages,known,,,bpt6k6827789: no usable pages in manifest.,2026-07-17T20:40:51.729008
leconstitutionnel,bpt6k682779p,,failed,0,0,,no_usable_pages,known,,,bpt6k682779p: no usable pages in manifest.,2026-07-17T20:40:51.807702
leconstitutionnel,bpt6k682780m,,failed,0,0,,no_usable_pages,known,,,bpt6k682780m: no usable pages in manifest.,2026-07-17T20:40:51.919164
leconstitutionnel,bpt6k6827810,,failed,0,0,,no_usable_pages,known,,,bpt6k6827810: no usable pages in manifest.,2026-07-17T20:40:52.035377
leconstitutionnel,bpt6k682782c,,failed,0,0,,no_usable_pages,known,,,bpt6k682782c: no usable pages in manifest.,2026-07-17T20:40:52.137141
leconstitutionnel,bpt6k682783r,,failed,0,0,,no_usable_pages,known,,,bpt6k682783r: no usable pages in manifest.,2026-07-17T20:40:52.214160
leconstitutionnel,bpt6k6827844,,failed,0,0,,no_usable_pages,known,,,bpt6k6827844: no usable pages in manifest.,2026-07-17T20:40:52.320391
leconstitutionnel,bpt6k682785h,,failed,0,0,,no_usable_pages,known,,,bpt6k682785h: no usable pages in manifest.,2026-07-17T20:40:52.399147
leconstitutionnel,bpt6k682786w,,failed,0,0,,no_usable_pages,known,,,bpt6k682786w: no usable pages in manifest.,2026-07-17T20:40:52.646560
leconstitutionnel,bpt6k6827878,,failed,0,0,,no_usable_pages,known,,,bpt6k6827878: no usable pages in manifest.,2026-07-17T20:40:52.767042
leconstitutionnel,bpt6k682788n,,failed,0,0,,no_usable_pages,known,,,bpt6k682788n: no usable pages in manifest.,2026-07-17T20:40:52.849917
leconstitutionnel,bpt6k6827891,,failed,0,0,,no_usable_pages,known,,,bpt6k6827891: no usable pages in manifest.,2026-07-17T20:40:52.940357
leconstitutionnel,bpt6k682790z,,failed,0,0,,no_usable_pages,known,,,bpt6k682790z: no usable pages in manifest.,2026-07-17T20:40:53.031772
leconstitutionnel,bpt6k682791b,,failed,0,0,,no_usable_pages,known,,,bpt6k682791b: no usable pages in manifest.,2026-07-17T20:40:53.116232
leconstitutionnel,bpt6k682792q,,failed,0,0,,no_usable_pages,known,,,bpt6k682792q: no usable pages in manifest.,2026-07-17T20:40:53.200995
leconstitutionnel,bpt6k6827933,,failed,0,0,,no_usable_pages,known,,,bpt6k6827933: no usable pages in manifest.,2026-07-17T20:40:53.296052
leconstitutionnel,bpt6k682794g,,failed,0,0,,no_usable_pages,known,,,bpt6k682794g: no usable pages in manifest.,2026-07-17T20:40:53.376055
leconstitutionnel,bpt6k682795v,,failed,0,0,,no_usable_pages,known,,,bpt6k682795v: no usable pages in manifest.,2026-07-17T20:40:53.456671
leconstitutionnel,bpt6k6827967,,failed,0,0,,no_usable_pages,known,,,bpt6k6827967: no usable pages in manifest.,2026-07-17T20:40:53.567383
leconstitutionnel,bpt6k682797m,,failed,0,0,,no_usable_pages,known,,,bpt6k682797m: no usable pages in manifest.,2026-07-17T20:40:53.631916
leconstitutionnel,bpt6k6827980,,failed,0,0,,no_usable_pages,known,,,bpt6k6827980: no usable pages in manifest.,2026-07-17T20:40:53.717725
leconstitutionnel,bpt6k682799c,,failed,0,0,,no_usable_pages,known,,,bpt6k682799c: no usable pages in manifest.,2026-07-17T20:40:53.827908
leconstitutionnel,bpt6k6828005,,failed,0,0,,no_usable_pages,known,,,bpt6k6828005: no usable pages in manifest.,2026-07-17T20:40:53.914440
leconstitutionnel,bpt6k682801j,,failed,0,0,,no_usable_pages,known,,,bpt6k682801j: no usable pages in manifest.,2026-07-17T20:40:53.989095
leconstitutionnel,bpt6k682802x,,failed,0,0,,no_usable_pages,known,,,bpt6k682802x: no usable pages in manifest.,2026-07-17T20:40:54.089040
leconstitutionnel,bpt6k6828039,,failed,0,0,,no_usable_pages,known,,,bpt6k6828039: no usable pages in manifest.,2026-07-17T20:40:54.184464
leconstitutionnel,bpt6k682804p,,failed,0,0,,no_usable_pages,known,,,bpt6k682804p: no usable pages in manifest.,2026-07-17T20:40:54.270414
leconstitutionnel,bpt6k6828052,,failed,0,0,,no_usable_pages,known,,,bpt6k6828052: no usable pages in manifest.,2026-07-17T20:40:54.405532
leconstitutionnel,bpt6k682806f,,failed,0,0,,no_usable_pages,known,,,bpt6k682806f: no usable pages in manifest.,2026-07-17T20:40:54.489694
leconstitutionnel,bpt6k682807t,,failed,0,0,,no_usable_pages,known,,,bpt6k682807t: no usable pages in manifest.,2026-07-17T20:40:54.579256
leconstitutionnel,bpt6k6828086,,failed,0,0,,no_usable_pages,known,,,bpt6k6828086: no usable pages in manifest.,2026-07-17T20:40:54.700850
leconstitutionnel,bpt6k682809k,,failed,0,0,,no_usable_pages,known,,,bpt6k682809k: no usable pages in manifest.,2026-07-17T20:40:54.780913
leconstitutionnel,bpt6k682810h,,failed,0,0,,no_usable_pages,known,,,bpt6k682810h: no usable pages in manifest.,2026-07-17T20:40:54.869779
leconstitutionnel,bpt6k682811w,,failed,0,0,,no_usable_pages,known,,,bpt6k682811w: no usable pages in manifest.,2026-07-17T20:40:54.938056
leconstitutionnel,bpt6k6828128,,failed,0,0,,no_usable_pages,known,,,bpt6k6828128: no usable pages in manifest.,2026-07-17T20:40:55.006393
leconstitutionnel,bpt6k682813n,,failed,0,0,,no_usable_pages,known,,,bpt6k682813n: no usable pages in manifest.,2026-07-17T20:40:55.125386
leconstitutionnel,bpt6k6828141,,failed,0,0,,no_usable_pages,known,,,bpt6k6828141: no usable pages in manifest.,2026-07-17T20:40:55.204879
leconstitutionnel,bpt6k682815d,,failed,0,0,,no_usable_pages,known,,,bpt6k682815d: no usable pages in manifest.,2026-07-17T20:40:55.299937
leconstitutionnel,bpt6k682816s,,failed,0,0,,no_usable_pages,known,,,bpt6k682816s: no usable pages in manifest.,2026-07-17T20:40:55.392126
leconstitutionnel,bpt6k6828175,,failed,0,0,,no_usable_pages,known,,,bpt6k6828175: no usable pages in manifest.,2026-07-17T20:40:55.512302
leconstitutionnel,bpt6k682818j,,failed,0,0,,no_usable_pages,known,,,bpt6k682818j: no usable pages in manifest.,2026-07-17T20:40:55.612820
leconstitutionnel,bpt6k682819x,,failed,0,0,,no_usable_pages,known,,,bpt6k682819x: no usable pages in manifest.,2026-07-17T20:40:55.688906
leconstitutionnel,bpt6k682820v,,failed,0,0,,no_usable_pages,known,,,bpt6k682820v: no usable pages in manifest.,2026-07-17T20:40:55.762756
leconstitutionnel,bpt6k6828217,,failed,0,0,,no_usable_pages,known,,,bpt6k6828217: no usable pages in manifest.,2026-07-17T20:40:55.881260
leconstitutionnel,bpt6k682822m,,failed,0,0,,no_usable_pages,known,,,bpt6k682822m: no usable pages in manifest.,2026-07-17T20:40:56.017052
leconstitutionnel,bpt6k6828230,,failed,0,0,,no_usable_pages,known,,,bpt6k6828230: no usable pages in manifest.,2026-07-17T20:40:56.131883
leconstitutionnel,bpt6k682824c,,failed,0,0,,no_usable_pages,known,,,bpt6k682824c: no usable pages in manifest.,2026-07-17T20:40:56.239838
leconstitutionnel,bpt6k682825r,,failed,0,0,,no_usable_pages,known,,,bpt6k682825r: no usable pages in manifest.,2026-07-17T20:40:56.333549
leconstitutionnel,bpt6k6828264,,failed,0,0,,no_usable_pages,known,,,bpt6k6828264: no usable pages in manifest.,2026-07-17T20:40:56.400993
leconstitutionnel,bpt6k682827h,,failed,0,0,,no_usable_pages,known,,,bpt6k682827h: no usable pages in manifest.,2026-07-17T20:40:56.537472
leconstitutionnel,bpt6k682828w,,failed,0,0,,no_usable_pages,known,,,bpt6k682828w: no usable pages in manifest.,2026-07-17T20:40:56.654065
leconstitutionnel,bpt6k6828298,,failed,0,0,,no_usable_pages,known,,,bpt6k6828298: no usable pages in manifest.,2026-07-17T20:40:56.719473
leconstitutionnel,bpt6k6828306,,failed,0,0,,no_usable_pages,known,,,bpt6k6828306: no usable pages in manifest.,2026-07-17T20:40:56.798505
leconstitutionnel,bpt6k682831k,,failed,0,0,,no_usable_pages,known,,,bpt6k682831k: no usable pages in manifest.,2026-07-17T20:40:56.854691
leconstitutionnel,bpt6k682832z,,failed,0,0,,no_usable_pages,known,,,bpt6k682832z: no usable pages in manifest.,2026-07-17T20:40:56.939290
leconstitutionnel,bpt6k682833b,,failed,0,0,,no_usable_pages,known,,,bpt6k682833b: no usable pages in manifest.,2026-07-17T20:40:57.041827
leconstitutionnel,bpt6k682834q,,failed,0,0,,no_usable_pages,known,,,bpt6k682834q: no usable pages in manifest.,2026-07-17T20:40:57.109603
leconstitutionnel,bpt6k6828353,,failed,0,0,,no_usable_pages,known,,,bpt6k6828353: no usable pages in manifest.,2026-07-17T20:40:57.198561
leconstitutionnel,bpt6k682836g,,failed,0,0,,no_usable_pages,known,,,bpt6k682836g: no usable pages in manifest.,2026-07-17T20:40:57.310152
leconstitutionnel,bpt6k682837v,,failed,0,0,,no_usable_pages,known,,,bpt6k682837v: no usable pages in manifest.,2026-07-17T20:40:57.431096
leconstitutionnel,bpt6k6828387,,failed,0,0,,no_usable_pages,known,,,bpt6k6828387: no usable pages in manifest.,2026-07-17T20:40:57.565028
leconstitutionnel,bpt6k682839m,,failed,0,0,,no_usable_pages,known,,,bpt6k682839m: no usable pages in manifest.,2026-07-17T20:40:57.676749
leconstitutionnel,bpt6k682840j,,failed,0,0,,no_usable_pages,known,,,bpt6k682840j: no usable pages in manifest.,2026-07-17T20:40:57.824096
leconstitutionnel,bpt6k682841x,,failed,0,0,,no_usable_pages,known,,,bpt6k682841x: no usable pages in manifest.,2026-07-17T20:40:57.938889
leconstitutionnel,bpt6k6828429,,failed,0,0,,no_usable_pages,known,,,bpt6k6828429: no usable pages in manifest.,2026-07-17T20:40:58.074694
leconstitutionnel,bpt6k682843p,,failed,0,0,,no_usable_pages,known,,,bpt6k682843p: no usable pages in manifest.,2026-07-17T20:40:58.176180
leconstitutionnel,bpt6k6828442,,failed,0,0,,no_usable_pages,known,,,bpt6k6828442: no usable pages in manifest.,2026-07-17T20:40:58.290170
leconstitutionnel,bpt6k682845f,,failed,0,0,,no_usable_pages,known,,,bpt6k682845f: no usable pages in manifest.,2026-07-17T20:40:58.390027
leconstitutionnel,bpt6k682846t,,failed,0,0,,no_usable_pages,known,,,bpt6k682846t: no usable pages in manifest.,2026-07-17T20:40:58.475963
leconstitutionnel,bpt6k6828476,,failed,0,0,,no_usable_pages,known,,,bpt6k6828476: no usable pages in manifest.,2026-07-17T20:40:58.621679
leconstitutionnel,bpt6k682848k,,failed,0,0,,no_usable_pages,known,,,bpt6k682848k: no usable pages in manifest.,2026-07-17T20:40:58.703133
leconstitutionnel,bpt6k682849z,,failed,0,0,,no_usable_pages,known,,,bpt6k682849z: no usable pages in manifest.,2026-07-17T20:40:58.818979
leconstitutionnel,bpt6k682850w,,failed,0,0,,no_usable_pages,known,,,bpt6k682850w: no usable pages in manifest.,2026-07-17T20:40:58.916564
leconstitutionnel,bpt6k6828518,,failed,0,0,,no_usable_pages,known,,,bpt6k6828518: no usable pages in manifest.,2026-07-17T20:40:58.998822
leconstitutionnel,bpt6k682852n,,failed,0,0,,no_usable_pages,known,,,bpt6k682852n: no usable pages in manifest.,2026-07-17T20:40:59.127598
leconstitutionnel,bpt6k6828531,,failed,0,0,,no_usable_pages,known,,,bpt6k6828531: no usable pages in manifest.,2026-07-17T20:40:59.236693
leconstitutionnel,bpt6k682854d,,failed,0,0,,no_usable_pages,known,,,bpt6k682854d: no usable pages in manifest.,2026-07-17T20:40:59.411583
leconstitutionnel,bpt6k682855s,,failed,0,0,,no_usable_pages,known,,,bpt6k682855s: no usable pages in manifest.,2026-07-17T20:40:59.530684
leconstitutionnel,bpt6k6828565,,failed,0,0,,no_usable_pages,known,,,bpt6k6828565: no usable pages in manifest.,2026-07-17T20:40:59.647259
leconstitutionnel,bpt6k682857j,,failed,0,0,,no_usable_pages,known,,,bpt6k682857j: no usable pages in manifest.,2026-07-17T20:40:59.733036
leconstitutionnel,bpt6k682858x,,failed,0,0,,no_usable_pages,known,,,bpt6k682858x: no usable pages in manifest.,2026-07-17T20:40:59.819765
leconstitutionnel,bpt6k6828599,,failed,0,0,,no_usable_pages,known,,,bpt6k6828599: no usable pages in manifest.,2026-07-17T20:40:59.918402
leconstitutionnel,bpt6k6828607,,failed,0,0,,no_usable_pages,known,,,bpt6k6828607: no usable pages in manifest.,2026-07-17T20:41:00.047883
leconstitutionnel,bpt6k682861m,,failed,0,0,,no_usable_pages,known,,,bpt6k682861m: no usable pages in manifest.,2026-07-17T20:41:00.175331
leconstitutionnel,bpt6k6828620,,failed,0,0,,no_usable_pages,known,,,bpt6k6828620: no usable pages in manifest.,2026-07-17T20:41:00.274409
leconstitutionnel,bpt6k682863c,,failed,0,0,,no_usable_pages,known,,,bpt6k682863c: no usable pages in manifest.,2026-07-17T20:41:00.371996
leconstitutionnel,bpt6k682864r,,failed,0,0,,no_usable_pages,known,,,bpt6k682864r: no usable pages in manifest.,2026-07-17T20:41:00.461906
leconstitutionnel,bpt6k6828654,,failed,0,0,,no_usable_pages,known,,,bpt6k6828654: no usable pages in manifest.,2026-07-17T20:41:00.574267
leconstitutionnel,bpt6k682866h,,failed,0,0,,no_usable_pages,known,,,bpt6k682866h: no usable pages in manifest.,2026-07-17T20:41:00.688318
leconstitutionnel,bpt6k682867w,,failed,0,0,,no_usable_pages,known,,,bpt6k682867w: no usable pages in manifest.,2026-07-17T20:41:00.780907
leconstitutionnel,bpt6k6828688,,failed,0,0,,no_usable_pages,known,,,bpt6k6828688: no usable pages in manifest.,2026-07-17T20:41:00.910234
leconstitutionnel,bpt6k682869n,,failed,0,0,,no_usable_pages,known,,,bpt6k682869n: no usable pages in manifest.,2026-07-17T20:41:01.083461
leconstitutionnel,bpt6k682870k,,failed,0,0,,no_usable_pages,known,,,bpt6k682870k: no usable pages in manifest.,2026-07-17T20:41:01.191484
leconstitutionnel,bpt6k682871z,,failed,0,0,,no_usable_pages,known,,,bpt6k682871z: no usable pages in manifest.,2026-07-17T20:41:01.295517
leconstitutionnel,bpt6k682872b,,failed,0,0,,no_usable_pages,known,,,bpt6k682872b: no usable pages in manifest.,2026-07-17T20:41:01.399472
leconstitutionnel,bpt6k682873q,,failed,0,0,,no_usable_pages,known,,,bpt6k682873q: no usable pages in manifest.,2026-07-17T20:41:01.500332
leconstitutionnel,bpt6k6828743,,failed,0,0,,no_usable_pages,known,,,bpt6k6828743: no usable pages in manifest.,2026-07-17T20:41:01.617364
leconstitutionnel,bpt6k682875g,,failed,0,0,,no_usable_pages,known,,,bpt6k682875g: no usable pages in manifest.,2026-07-17T20:41:01.780545
leconstitutionnel,bpt6k682876v,,failed,0,0,,no_usable_pages,known,,,bpt6k682876v: no usable pages in manifest.,2026-07-17T20:41:01.849309
leconstitutionnel,bpt6k6828777,,failed,0,0,,no_usable_pages,known,,,bpt6k6828777: no usable pages in manifest.,2026-07-17T20:41:01.911516
leconstitutionnel,bpt6k682878m,,failed,0,0,,no_usable_pages,known,,,bpt6k682878m: no usable pages in manifest.,2026-07-17T20:41:02.019899
leconstitutionnel,bpt6k6828790,,failed,0,0,,no_usable_pages,known,,,bpt6k6828790: no usable pages in manifest.,2026-07-17T20:41:02.085659
leconstitutionnel,bpt6k682880x,,failed,0,0,,no_usable_pages,known,,,bpt6k682880x: no usable pages in manifest.,2026-07-17T20:41:02.172160
leconstitutionnel,bpt6k6828819,,failed,0,0,,no_usable_pages,known,,,bpt6k6828819: no usable pages in manifest.,2026-07-17T20:41:02.275236
leconstitutionnel,bpt6k682882p,,failed,0,0,,no_usable_pages,known,,,bpt6k682882p: no usable pages in manifest.,2026-07-17T20:41:02.415731
leconstitutionnel,bpt6k6828832,,failed,0,0,,no_usable_pages,known,,,bpt6k6828832: no usable pages in manifest.,2026-07-17T20:41:02.727587
leconstitutionnel,bpt6k682884f,,failed,0,0,,no_usable_pages,known,,,bpt6k682884f: no usable pages in manifest.,2026-07-17T20:41:02.865962
leconstitutionnel,bpt6k682885t,,failed,0,0,,no_usable_pages,known,,,bpt6k682885t: no usable pages in manifest.,2026-07-17T20:41:02.955363
leconstitutionnel,bpt6k6828866,,failed,0,0,,no_usable_pages,known,,,bpt6k6828866: no usable pages in manifest.,2026-07-17T20:41:03.038013
leconstitutionnel,bpt6k682887k,,failed,0,0,,no_usable_pages,known,,,bpt6k682887k: no usable pages in manifest.,2026-07-17T20:41:03.131587
leconstitutionnel,bpt6k682888z,,failed,0,0,,no_usable_pages,known,,,bpt6k682888z: no usable pages in manifest.,2026-07-17T20:41:03.267989
leconstitutionnel,bpt6k682889b,,failed,0,0,,no_usable_pages,known,,,bpt6k682889b: no usable pages in manifest.,2026-07-17T20:41:03.350560
leconstitutionnel,bpt6k6828908,,failed,0,0,,no_usable_pages,known,,,bpt6k6828908: no usable pages in manifest.,2026-07-17T20:41:03.527604
leconstitutionnel,bpt6k682891n,,failed,0,0,,no_usable_pages,known,,,bpt6k682891n: no usable pages in manifest.,2026-07-17T20:41:03.625045
leconstitutionnel,bpt6k6828921,,failed,0,0,,no_usable_pages,known,,,bpt6k6828921: no usable pages in manifest.,2026-07-17T20:41:03.745585
leconstitutionnel,bpt6k682893d,,failed,0,0,,no_usable_pages,known,,,bpt6k682893d: no usable pages in manifest.,2026-07-17T20:41:03.891059
leconstitutionnel,bpt6k682921j,,failed,0,0,,no_usable_pages,known,,,bpt6k682921j: no usable pages in manifest.,2026-07-17T20:41:03.997573
leconstitutionnel,bpt6k682922x,,failed,0,0,,no_usable_pages,known,,,bpt6k682922x: no usable pages in manifest.,2026-07-17T20:41:04.131831
leconstitutionnel,bpt6k6829239,,failed,0,0,,no_usable_pages,known,,,bpt6k6829239: no usable pages in manifest.,2026-07-17T20:41:04.283439
leconstitutionnel,bpt6k682924p,,failed,0,0,,no_usable_pages,known,,,bpt6k682924p: no usable pages in manifest.,2026-07-17T20:41:04.388035
leconstitutionnel,bpt6k6829252,,failed,0,0,,no_usable_pages,known,,,bpt6k6829252: no usable pages in manifest.,2026-07-17T20:41:04.522691
leconstitutionnel,bpt6k682926f,,failed,0,0,,no_usable_pages,known,,,bpt6k682926f: no usable pages in manifest.,2026-07-17T20:41:04.625419
leconstitutionnel,bpt6k682927t,,failed,0,0,,no_usable_pages,known,,,bpt6k682927t: no usable pages in manifest.,2026-07-17T20:41:04.711050
leconstitutionnel,bpt6k6829286,,failed,0,0,,no_usable_pages,known,,,bpt6k6829286: no usable pages in manifest.,2026-07-17T20:41:04.802916
leconstitutionnel,bpt6k682929k,,failed,0,0,,no_usable_pages,known,,,bpt6k682929k: no usable pages in manifest.,2026-07-17T20:41:04.919214
leconstitutionnel,bpt6k682930h,,failed,0,0,,no_usable_pages,known,,,bpt6k682930h: no usable pages in manifest.,2026-07-17T20:41:05.032550
leconstitutionnel,bpt6k682931w,,failed,0,0,,no_usable_pages,known,,,bpt6k682931w: no usable pages in manifest.,2026-07-17T20:41:05.138548
leconstitutionnel,bpt6k6829328,,failed,0,0,,no_usable_pages,known,,,bpt6k6829328: no usable pages in manifest.,2026-07-17T20:41:05.225577
leconstitutionnel,bpt6k682933n,,failed,0,0,,no_usable_pages,known,,,bpt6k682933n: no usable pages in manifest.,2026-07-17T20:41:05.337489
leconstitutionnel,bpt6k6829341,,failed,0,0,,no_usable_pages,known,,,bpt6k6829341: no usable pages in manifest.,2026-07-17T20:41:05.460453
leconstitutionnel,bpt6k682935d,,failed,0,0,,no_usable_pages,known,,,bpt6k682935d: no usable pages in manifest.,2026-07-17T20:41:05.649500
leconstitutionnel,bpt6k682936s,,failed,0,0,,no_usable_pages,known,,,bpt6k682936s: no usable pages in manifest.,2026-07-17T20:41:05.891202
leconstitutionnel,bpt6k6829375,,failed,0,0,,no_usable_pages,known,,,bpt6k6829375: no usable pages in manifest.,2026-07-17T20:41:05.996026
leconstitutionnel,bpt6k682938j,,failed,0,0,,no_usable_pages,known,,,bpt6k682938j: no usable pages in manifest.,2026-07-17T20:41:06.090133
leconstitutionnel,bpt6k682939x,,failed,0,0,,no_usable_pages,known,,,bpt6k682939x: no usable pages in manifest.,2026-07-17T20:41:06.173369
leconstitutionnel,bpt6k682940v,,failed,0,0,,no_usable_pages,known,,,bpt6k682940v: no usable pages in manifest.,2026-07-17T20:41:06.252664
leconstitutionnel,bpt6k6829417,,failed,0,0,,no_usable_pages,known,,,bpt6k6829417: no usable pages in manifest.,2026-07-17T20:41:06.369221
leconstitutionnel,bpt6k682942m,,failed,0,0,,no_usable_pages,known,,,bpt6k682942m: no usable pages in manifest.,2026-07-17T20:41:06.432929
leconstitutionnel,bpt6k6829430,,failed,0,0,,no_usable_pages,known,,,bpt6k6829430: no usable pages in manifest.,2026-07-17T20:41:06.504929
leconstitutionnel,bpt6k682944c,,failed,0,0,,no_usable_pages,known,,,bpt6k682944c: no usable pages in manifest.,2026-07-17T20:41:06.614503
leconstitutionnel,bpt6k682945r,,failed,0,0,,no_usable_pages,known,,,bpt6k682945r: no usable pages in manifest.,2026-07-17T20:41:06.687123
leconstitutionnel,bpt6k6829464,,failed,0,0,,no_usable_pages,known,,,bpt6k6829464: no usable pages in manifest.,2026-07-17T20:41:06.778496
leconstitutionnel,bpt6k682947h,,failed,0,0,,no_usable_pages,known,,,bpt6k682947h: no usable pages in manifest.,2026-07-17T20:41:06.848080
leconstitutionnel,bpt6k682948w,,failed,0,0,,no_usable_pages,known,,,bpt6k682948w: no usable pages in manifest.,2026-07-17T20:41:06.929864
leconstitutionnel,bpt6k6829498,,failed,0,0,,no_usable_pages,known,,,bpt6k6829498: no usable pages in manifest.,2026-07-17T20:41:07.047117
leconstitutionnel,bpt6k6829506,,failed,0,0,,no_usable_pages,known,,,bpt6k6829506: no usable pages in manifest.,2026-07-17T20:41:07.137742
leconstitutionnel,bpt6k682951k,,failed,0,0,,no_usable_pages,known,,,bpt6k682951k: no usable pages in manifest.,2026-07-17T20:41:07.206033
leconstitutionnel,bpt6k682952z,,failed,0,0,,no_usable_pages,known,,,bpt6k682952z: no usable pages in manifest.,2026-07-17T20:41:07.340147
leconstitutionnel,bpt6k682953b,,failed,0,0,,no_usable_pages,known,,,bpt6k682953b: no usable pages in manifest.,2026-07-17T20:41:07.530899
leconstitutionnel,bpt6k682954q,,failed,0,0,,no_usable_pages,known,,,bpt6k682954q: no usable pages in manifest.,2026-07-17T20:41:07.669986
leconstitutionnel,bpt6k6829553,,failed,0,0,,no_usable_pages,known,,,bpt6k6829553: no usable pages in manifest.,2026-07-17T20:41:07.817844
leconstitutionnel,bpt6k682956g,,failed,0,0,,no_usable_pages,known,,,bpt6k682956g: no usable pages in manifest.,2026-07-17T20:41:07.922061
leconstitutionnel,bpt6k682957v,,failed,0,0,,no_usable_pages,known,,,bpt6k682957v: no usable pages in manifest.,2026-07-17T20:41:08.062493
leconstitutionnel,bpt6k6829587,,failed,0,0,,no_usable_pages,known,,,bpt6k6829587: no usable pages in manifest.,2026-07-17T20:41:08.168525
leconstitutionnel,bpt6k682959m,,failed,0,0,,no_usable_pages,known,,,bpt6k682959m: no usable pages in manifest.,2026-07-17T20:41:08.255355
leconstitutionnel,bpt6k682960j,,failed,0,0,,no_usable_pages,known,,,bpt6k682960j: no usable pages in manifest.,2026-07-17T20:41:08.353119
leconstitutionnel,bpt6k682961x,,failed,0,0,,no_usable_pages,known,,,bpt6k682961x: no usable pages in manifest.,2026-07-17T20:41:08.445079
leconstitutionnel,bpt6k6829629,,failed,0,0,,no_usable_pages,known,,,bpt6k6829629: no usable pages in manifest.,2026-07-17T20:41:08.531387
leconstitutionnel,bpt6k682963p,,failed,0,0,,no_usable_pages,known,,,bpt6k682963p: no usable pages in manifest.,2026-07-17T20:41:08.660456
leconstitutionnel,bpt6k6829642,,failed,0,0,,no_usable_pages,known,,,bpt6k6829642: no usable pages in manifest.,2026-07-17T20:41:08.759391
leconstitutionnel,bpt6k682965f,,failed,0,0,,no_usable_pages,known,,,bpt6k682965f: no usable pages in manifest.,2026-07-17T20:41:08.843898
leconstitutionnel,bpt6k682966t,,failed,0,0,,no_usable_pages,known,,,bpt6k682966t: no usable pages in manifest.,2026-07-17T20:41:08.952145
leconstitutionnel,bpt6k6829676,,failed,0,0,,no_usable_pages,known,,,bpt6k6829676: no usable pages in manifest.,2026-07-17T20:41:09.121505
leconstitutionnel,bpt6k682968k,,failed,0,0,,no_usable_pages,known,,,bpt6k682968k: no usable pages in manifest.,2026-07-17T20:41:09.236378
leconstitutionnel,bpt6k682969z,,failed,0,0,,no_usable_pages,known,,,bpt6k682969z: no usable pages in manifest.,2026-07-17T20:41:09.356491
leconstitutionnel,bpt6k682970w,,failed,0,0,,no_usable_pages,known,,,bpt6k682970w: no usable pages in manifest.,2026-07-17T20:41:09.449718
leconstitutionnel,bpt6k6829718,,failed,0,0,,no_usable_pages,known,,,bpt6k6829718: no usable pages in manifest.,2026-07-17T20:41:09.568015
leconstitutionnel,bpt6k682972n,,failed,0,0,,no_usable_pages,known,,,bpt6k682972n: no usable pages in manifest.,2026-07-17T20:41:09.685688
leconstitutionnel,bpt6k6829731,,failed,0,0,,no_usable_pages,known,,,bpt6k6829731: no usable pages in manifest.,2026-07-17T20:41:09.842342
leconstitutionnel,bpt6k682974d,,failed,0,0,,no_usable_pages,known,,,bpt6k682974d: no usable pages in manifest.,2026-07-17T20:41:09.953976
leconstitutionnel,bpt6k682975s,,failed,0,0,,no_usable_pages,known,,,bpt6k682975s: no usable pages in manifest.,2026-07-17T20:41:10.040281
leconstitutionnel,bpt6k6829765,,failed,0,0,,no_usable_pages,known,,,bpt6k6829765: no usable pages in manifest.,2026-07-17T20:41:10.123907
leconstitutionnel,bpt6k682977j,,failed,0,0,,no_usable_pages,known,,,bpt6k682977j: no usable pages in manifest.,2026-07-17T20:41:10.244379
leconstitutionnel,bpt6k682978x,,failed,0,0,,no_usable_pages,known,,,bpt6k682978x: no usable pages in manifest.,2026-07-17T20:41:10.333245
leconstitutionnel,bpt6k6829799,,failed,0,0,,no_usable_pages,known,,,bpt6k6829799: no usable pages in manifest.,2026-07-17T20:41:10.395537
leconstitutionnel,bpt6k6829807,,failed,0,0,,no_usable_pages,known,,,bpt6k6829807: no usable pages in manifest.,2026-07-17T20:41:10.545943
leconstitutionnel,bpt6k682981m,,failed,0,0,,no_usable_pages,known,,,bpt6k682981m: no usable pages in manifest.,2026-07-17T20:41:10.685524
leconstitutionnel,bpt6k6829820,,failed,0,0,,no_usable_pages,known,,,bpt6k6829820: no usable pages in manifest.,2026-07-17T20:41:10.820893
leconstitutionnel,bpt6k682983c,,failed,0,0,,no_usable_pages,known,,,bpt6k682983c: no usable pages in manifest.,2026-07-17T20:41:10.903717
leconstitutionnel,bpt6k682984r,,failed,0,0,,no_usable_pages,known,,,bpt6k682984r: no usable pages in manifest.,2026-07-17T20:41:10.987291
leconstitutionnel,bpt6k6829854,,failed,0,0,,no_usable_pages,known,,,bpt6k6829854: no usable pages in manifest.,2026-07-17T20:41:11.092470
leconstitutionnel,bpt6k682986h,,failed,0,0,,no_usable_pages,known,,,bpt6k682986h: no usable pages in manifest.,2026-07-17T20:41:11.203873
leconstitutionnel,bpt6k682987w,,failed,0,0,,no_usable_pages,known,,,bpt6k682987w: no usable pages in manifest.,2026-07-17T20:41:11.329596
leconstitutionnel,bpt6k6829888,,failed,0,0,,no_usable_pages,known,,,bpt6k6829888: no usable pages in manifest.,2026-07-17T20:41:11.438855
leconstitutionnel,bpt6k682989n,,failed,0,0,,no_usable_pages,known,,,bpt6k682989n: no usable pages in manifest.,2026-07-17T20:41:11.539231
leconstitutionnel,bpt6k682990k,,failed,0,0,,no_usable_pages,known,,,bpt6k682990k: no usable pages in manifest.,2026-07-17T20:41:11.654415
leconstitutionnel,bpt6k682991z,,failed,0,0,,no_usable_pages,known,,,bpt6k682991z: no usable pages in manifest.,2026-07-17T20:41:11.767765
leconstitutionnel,bpt6k682992b,,failed,0,0,,no_usable_pages,known,,,bpt6k682992b: no usable pages in manifest.,2026-07-17T20:41:11.909262
leconstitutionnel,bpt6k682993q,,failed,0,0,,no_usable_pages,known,,,bpt6k682993q: no usable pages in manifest.,2026-07-17T20:41:12.103778
leconstitutionnel,bpt6k6829943,,failed,0,0,,no_usable_pages,known,,,bpt6k6829943: no usable pages in manifest.,2026-07-17T20:41:12.242584
leconstitutionnel,bpt6k682995g,,failed,0,0,,no_usable_pages,known,,,bpt6k682995g: no usable pages in manifest.,2026-07-17T20:41:12.354677
leconstitutionnel,bpt6k682996v,,failed,0,0,,no_usable_pages,known,,,bpt6k682996v: no usable pages in manifest.,2026-07-17T20:41:12.435411
leconstitutionnel,bpt6k6829977,,failed,0,0,,no_usable_pages,known,,,bpt6k6829977: no usable pages in manifest.,2026-07-17T20:41:12.516350
leconstitutionnel,bpt6k682998m,,failed,0,0,,no_usable_pages,known,,,bpt6k682998m: no usable pages in manifest.,2026-07-17T20:41:12.636307
leconstitutionnel,bpt6k6829990,,failed,0,0,,no_usable_pages,known,,,bpt6k6829990: no usable pages in manifest.,2026-07-17T20:41:12.727575
leconstitutionnel,bpt6k683000z,,failed,0,0,,no_usable_pages,known,,,bpt6k683000z: no usable pages in manifest.,2026-07-17T20:41:12.833774
leconstitutionnel,bpt6k683001b,,failed,0,0,,no_usable_pages,known,,,bpt6k683001b: no usable pages in manifest.,2026-07-17T20:41:12.955537
leconstitutionnel,bpt6k683002q,,failed,0,0,,no_usable_pages,known,,,bpt6k683002q: no usable pages in manifest.,2026-07-17T20:41:13.055970
leconstitutionnel,bpt6k6830033,,failed,0,0,,no_usable_pages,known,,,bpt6k6830033: no usable pages in manifest.,2026-07-17T20:41:13.162232
leconstitutionnel,bpt6k683004g,,failed,0,0,,no_usable_pages,known,,,bpt6k683004g: no usable pages in manifest.,2026-07-17T20:41:13.247606
leconstitutionnel,bpt6k683005v,,failed,0,0,,no_usable_pages,known,,,bpt6k683005v: no usable pages in manifest.,2026-07-17T20:41:13.423177
leconstitutionnel,bpt6k6830067,,failed,0,0,,no_usable_pages,known,,,bpt6k6830067: no usable pages in manifest.,2026-07-17T20:41:13.537323
leconstitutionnel,bpt6k683007m,,failed,0,0,,no_usable_pages,known,,,bpt6k683007m: no usable pages in manifest.,2026-07-17T20:41:13.725310
leconstitutionnel,bpt6k6830080,,failed,0,0,,no_usable_pages,known,,,bpt6k6830080: no usable pages in manifest.,2026-07-17T20:41:13.801037
leconstitutionnel,bpt6k683009c,,failed,0,0,,no_usable_pages,known,,,bpt6k683009c: no usable pages in manifest.,2026-07-17T20:41:13.943195
leconstitutionnel,bpt6k6830109,,failed,0,0,,no_usable_pages,known,,,bpt6k6830109: no usable pages in manifest.,2026-07-17T20:41:14.028730
leconstitutionnel,bpt6k683011p,,failed,0,0,,no_usable_pages,known,,,bpt6k683011p: no usable pages in manifest.,2026-07-17T20:41:14.135767
leconstitutionnel,bpt6k6830122,,failed,0,0,,no_usable_pages,known,,,bpt6k6830122: no usable pages in manifest.,2026-07-17T20:41:14.295421
leconstitutionnel,bpt6k683013f,,failed,0,0,,no_usable_pages,known,,,bpt6k683013f: no usable pages in manifest.,2026-07-17T20:41:14.391498
leconstitutionnel,bpt6k683014t,,failed,0,0,,no_usable_pages,known,,,bpt6k683014t: no usable pages in manifest.,2026-07-17T20:41:14.496815
leconstitutionnel,bpt6k6830156,,failed,0,0,,no_usable_pages,known,,,bpt6k6830156: no usable pages in manifest.,2026-07-17T20:41:14.573491
leconstitutionnel,bpt6k683016k,,failed,0,0,,no_usable_pages,known,,,bpt6k683016k: no usable pages in manifest.,2026-07-17T20:41:14.674679
leconstitutionnel,bpt6k683017z,,failed,0,0,,no_usable_pages,known,,,bpt6k683017z: no usable pages in manifest.,2026-07-17T20:41:14.816283
leconstitutionnel,bpt6k683018b,,failed,0,0,,no_usable_pages,known,,,bpt6k683018b: no usable pages in manifest.,2026-07-17T20:41:14.900697
leconstitutionnel,bpt6k683019q,,failed,0,0,,no_usable_pages,known,,,bpt6k683019q: no usable pages in manifest.,2026-07-17T20:41:15.020773
leconstitutionnel,bpt6k683020n,,failed,0,0,,no_usable_pages,known,,,bpt6k683020n: no usable pages in manifest.,2026-07-17T20:41:15.110754
leconstitutionnel,bpt6k6830211,,failed,0,0,,no_usable_pages,known,,,bpt6k6830211: no usable pages in manifest.,2026-07-17T20:41:15.302103
leconstitutionnel,bpt6k683022d,,failed,0,0,,no_usable_pages,known,,,bpt6k683022d: no usable pages in manifest.,2026-07-17T20:41:15.408699
leconstitutionnel,bpt6k683023s,,failed,0,0,,no_usable_pages,known,,,bpt6k683023s: no usable pages in manifest.,2026-07-17T20:41:15.529482
leconstitutionnel,bpt6k6830245,,failed,0,0,,no_usable_pages,known,,,bpt6k6830245: no usable pages in manifest.,2026-07-17T20:41:15.642227
leconstitutionnel,bpt6k683025j,,failed,0,0,,no_usable_pages,known,,,bpt6k683025j: no usable pages in manifest.,2026-07-17T20:41:15.731586
leconstitutionnel,bpt6k683026x,,failed,0,0,,no_usable_pages,known,,,bpt6k683026x: no usable pages in manifest.,2026-07-17T20:41:15.828562
leconstitutionnel,bpt6k6830279,,failed,0,0,,no_usable_pages,known,,,bpt6k6830279: no usable pages in manifest.,2026-07-17T20:41:15.923302
leconstitutionnel,bpt6k683028p,,failed,0,0,,no_usable_pages,known,,,bpt6k683028p: no usable pages in manifest.,2026-07-17T20:41:16.020324
leconstitutionnel,bpt6k6830292,,failed,0,0,,no_usable_pages,known,,,bpt6k6830292: no usable pages in manifest.,2026-07-17T20:41:16.120991
leconstitutionnel,bpt6k6830300,,failed,0,0,,no_usable_pages,known,,,bpt6k6830300: no usable pages in manifest.,2026-07-17T20:41:16.244291
leconstitutionnel,bpt6k683031c,,failed,0,0,,no_usable_pages,known,,,bpt6k683031c: no usable pages in manifest.,2026-07-17T20:41:16.342497
leconstitutionnel,bpt6k683032r,,failed,0,0,,no_usable_pages,known,,,bpt6k683032r: no usable pages in manifest.,2026-07-17T20:41:16.420405
leconstitutionnel,bpt6k6830334,,failed,0,0,,no_usable_pages,known,,,bpt6k6830334: no usable pages in manifest.,2026-07-17T20:41:16.537383
leconstitutionnel,bpt6k683034h,,failed,0,0,,no_usable_pages,known,,,bpt6k683034h: no usable pages in manifest.,2026-07-17T20:41:16.638643
leconstitutionnel,bpt6k683035w,,failed,0,0,,no_usable_pages,known,,,bpt6k683035w: no usable pages in manifest.,2026-07-17T20:41:16.755649
leconstitutionnel,bpt6k6830368,,failed,0,0,,no_usable_pages,known,,,bpt6k6830368: no usable pages in manifest.,2026-07-17T20:41:16.890759
leconstitutionnel,bpt6k683037n,,failed,0,0,,no_usable_pages,known,,,bpt6k683037n: no usable pages in manifest.,2026-07-17T20:41:17.044304
leconstitutionnel,bpt6k6830381,,failed,0,0,,no_usable_pages,known,,,bpt6k6830381: no usable pages in manifest.,2026-07-17T20:41:17.299669
leconstitutionnel,bpt6k683039d,,failed,0,0,,no_usable_pages,known,,,bpt6k683039d: no usable pages in manifest.,2026-07-17T20:41:17.498017
leconstitutionnel,bpt6k683040b,,failed,0,0,,no_usable_pages,known,,,bpt6k683040b: no usable pages in manifest.,2026-07-17T20:41:17.595043
leconstitutionnel,bpt6k683041q,,failed,0,0,,no_usable_pages,known,,,bpt6k683041q: no usable pages in manifest.,2026-07-17T20:41:17.694817
leconstitutionnel,bpt6k6830423,,failed,0,0,,no_usable_pages,known,,,bpt6k6830423: no usable pages in manifest.,2026-07-17T20:41:17.791132
leconstitutionnel,bpt6k683043g,,failed,0,0,,no_usable_pages,known,,,bpt6k683043g: no usable pages in manifest.,2026-07-17T20:41:17.906901
leconstitutionnel,bpt6k683044v,,failed,0,0,,no_usable_pages,known,,,bpt6k683044v: no usable pages in manifest.,2026-07-17T20:41:18.027607
leconstitutionnel,bpt6k6830457,,failed,0,0,,no_usable_pages,known,,,bpt6k6830457: no usable pages in manifest.,2026-07-17T20:41:18.109812
leconstitutionnel,bpt6k683046m,,failed,0,0,,no_usable_pages,known,,,bpt6k683046m: no usable pages in manifest.,2026-07-17T20:41:18.264209
leconstitutionnel,bpt6k6830470,,failed,0,0,,no_usable_pages,known,,,bpt6k6830470: no usable pages in manifest.,2026-07-17T20:41:18.360153
leconstitutionnel,bpt6k683048c,,failed,0,0,,no_usable_pages,known,,,bpt6k683048c: no usable pages in manifest.,2026-07-17T20:41:18.445608
leconstitutionnel,bpt6k683049r,,failed,0,0,,no_usable_pages,known,,,bpt6k683049r: no usable pages in manifest.,2026-07-17T20:41:18.562157
leconstitutionnel,bpt6k683050p,,failed,0,0,,no_usable_pages,known,,,bpt6k683050p: no usable pages in manifest.,2026-07-17T20:41:18.734154
leconstitutionnel,bpt6k6830512,,failed,0,0,,no_usable_pages,known,,,bpt6k6830512: no usable pages in manifest.,2026-07-17T20:41:18.829191
leconstitutionnel,bpt6k683052f,,failed,0,0,,no_usable_pages,known,,,bpt6k683052f: no usable pages in manifest.,2026-07-17T20:41:18.918271
leconstitutionnel,bpt6k683053t,,failed,0,0,,no_usable_pages,known,,,bpt6k683053t: no usable pages in manifest.,2026-07-17T20:41:19.050260
leconstitutionnel,bpt6k6830601,,failed,0,0,,no_usable_pages,known,,,bpt6k6830601: no usable pages in manifest.,2026-07-17T20:41:19.170223
leconstitutionnel,bpt6k683061d,,failed,0,0,,no_usable_pages,known,,,bpt6k683061d: no usable pages in manifest.,2026-07-17T20:41:19.338282
leconstitutionnel,bpt6k683062s,,failed,0,0,,no_usable_pages,known,,,bpt6k683062s: no usable pages in manifest.,2026-07-17T20:41:19.454562
leconstitutionnel,bpt6k6830635,,failed,0,0,,no_usable_pages,known,,,bpt6k6830635: no usable pages in manifest.,2026-07-17T20:41:19.534816
leconstitutionnel,bpt6k683064j,,failed,0,0,,no_usable_pages,known,,,bpt6k683064j: no usable pages in manifest.,2026-07-17T20:41:19.628375
leconstitutionnel,bpt6k683065x,,failed,0,0,,no_usable_pages,known,,,bpt6k683065x: no usable pages in manifest.,2026-07-17T20:41:19.755880
leconstitutionnel,bpt6k6830669,,failed,0,0,,no_usable_pages,known,,,bpt6k6830669: no usable pages in manifest.,2026-07-17T20:41:19.836087
leconstitutionnel,bpt6k683067p,,failed,0,0,,no_usable_pages,known,,,bpt6k683067p: no usable pages in manifest.,2026-07-17T20:41:19.916395
leconstitutionnel,bpt6k6830682,,failed,0,0,,no_usable_pages,known,,,bpt6k6830682: no usable pages in manifest.,2026-07-17T20:41:20.002727
leconstitutionnel,bpt6k683069f,,failed,0,0,,no_usable_pages,known,,,bpt6k683069f: no usable pages in manifest.,2026-07-17T20:41:20.095238
leconstitutionnel,bpt6k683070c,,failed,0,0,,no_usable_pages,known,,,bpt6k683070c: no usable pages in manifest.,2026-07-17T20:41:20.170302
leconstitutionnel,bpt6k683071r,,failed,0,0,,no_usable_pages,known,,,bpt6k683071r: no usable pages in manifest.,2026-07-17T20:41:20.392713
leconstitutionnel,bpt6k6830724,,failed,0,0,,no_usable_pages,known,,,bpt6k6830724: no usable pages in manifest.,2026-07-17T20:41:20.483005
leconstitutionnel,bpt6k683073h,,failed,0,0,,no_usable_pages,known,,,bpt6k683073h: no usable pages in manifest.,2026-07-17T20:41:20.658511
leconstitutionnel,bpt6k683074w,,failed,0,0,,no_usable_pages,known,,,bpt6k683074w: no usable pages in manifest.,2026-07-17T20:41:20.816954
leconstitutionnel,bpt6k6830758,,failed,0,0,,no_usable_pages,known,,,bpt6k6830758: no usable pages in manifest.,2026-07-17T20:41:20.983440
leconstitutionnel,bpt6k683076n,,failed,0,0,,no_usable_pages,known,,,bpt6k683076n: no usable pages in manifest.,2026-07-17T20:41:21.110540
leconstitutionnel,bpt6k6830771,,failed,0,0,,no_usable_pages,known,,,bpt6k6830771: no usable pages in manifest.,2026-07-17T20:41:21.226938
leconstitutionnel,bpt6k683078d,,failed,0,0,,no_usable_pages,known,,,bpt6k683078d: no usable pages in manifest.,2026-07-17T20:41:21.353756
leconstitutionnel,bpt6k683079s,,failed,0,0,,no_usable_pages,known,,,bpt6k683079s: no usable pages in manifest.,2026-07-17T20:41:21.523051
leconstitutionnel,bpt6k683080q,,failed,0,0,,no_usable_pages,known,,,bpt6k683080q: no usable pages in manifest.,2026-07-17T20:41:21.615343
leconstitutionnel,bpt6k6830813,,failed,0,0,,no_usable_pages,known,,,bpt6k6830813: no usable pages in manifest.,2026-07-17T20:41:21.795224
leconstitutionnel,bpt6k683082g,,failed,0,0,,no_usable_pages,known,,,bpt6k683082g: no usable pages in manifest.,2026-07-17T20:41:21.950823
leconstitutionnel,bpt6k683083v,,failed,0,0,,no_usable_pages,known,,,bpt6k683083v: no usable pages in manifest.,2026-07-17T20:41:22.103962
leconstitutionnel,bpt6k6830847,,failed,0,0,,no_usable_pages,known,,,bpt6k6830847: no usable pages in manifest.,2026-07-17T20:41:22.179498
leconstitutionnel,bpt6k683085m,,failed,0,0,,no_usable_pages,known,,,bpt6k683085m: no usable pages in manifest.,2026-07-17T20:41:22.267072
leconstitutionnel,bpt6k6830860,,failed,0,0,,no_usable_pages,known,,,bpt6k6830860: no usable pages in manifest.,2026-07-17T20:41:22.374233
leconstitutionnel,bpt6k683087c,,failed,0,0,,no_usable_pages,known,,,bpt6k683087c: no usable pages in manifest.,2026-07-17T20:41:22.540606
leconstitutionnel,bpt6k683088r,,failed,0,0,,no_usable_pages,known,,,bpt6k683088r: no usable pages in manifest.,2026-07-17T20:41:22.676138
leconstitutionnel,bpt6k6830894,,failed,0,0,,no_usable_pages,known,,,bpt6k6830894: no usable pages in manifest.,2026-07-17T20:41:22.804813
leconstitutionnel,bpt6k6830902,,failed,0,0,,no_usable_pages,known,,,bpt6k6830902: no usable pages in manifest.,2026-07-17T20:41:22.928506
leconstitutionnel,bpt6k683091f,,failed,0,0,,no_usable_pages,known,,,bpt6k683091f: no usable pages in manifest.,2026-07-17T20:41:23.013712
leconstitutionnel,bpt6k683092t,,failed,0,0,,no_usable_pages,known,,,bpt6k683092t: no usable pages in manifest.,2026-07-17T20:41:23.096763
leconstitutionnel,bpt6k6830936,,failed,0,0,,no_usable_pages,known,,,bpt6k6830936: no usable pages in manifest.,2026-07-17T20:41:23.218319
leconstitutionnel,bpt6k683094k,,failed,0,0,,no_usable_pages,known,,,bpt6k683094k: no usable pages in manifest.,2026-07-17T20:41:23.304628
leconstitutionnel,bpt6k683095z,,failed,0,0,,no_usable_pages,known,,,bpt6k683095z: no usable pages in manifest.,2026-07-17T20:41:23.474896
leconstitutionnel,bpt6k683096b,,failed,0,0,,no_usable_pages,known,,,bpt6k683096b: no usable pages in manifest.,2026-07-17T20:41:23.754095
leconstitutionnel,bpt6k683097q,,failed,0,0,,no_usable_pages,known,,,bpt6k683097q: no usable pages in manifest.,2026-07-17T20:41:23.836227
leconstitutionnel,bpt6k6830983,,failed,0,0,,no_usable_pages,known,,,bpt6k6830983: no usable pages in manifest.,2026-07-17T20:41:23.939876
leconstitutionnel,bpt6k683099g,,failed,0,0,,no_usable_pages,known,,,bpt6k683099g: no usable pages in manifest.,2026-07-17T20:41:24.012314
leconstitutionnel,bpt6k6831008,,failed,0,0,,no_usable_pages,known,,,bpt6k6831008: no usable pages in manifest.,2026-07-17T20:41:24.099503
leconstitutionnel,bpt6k683101n,,failed,0,0,,no_usable_pages,known,,,bpt6k683101n: no usable pages in manifest.,2026-07-17T20:41:24.208601
leconstitutionnel,bpt6k6831021,,failed,0,0,,no_usable_pages,known,,,bpt6k6831021: no usable pages in manifest.,2026-07-17T20:41:24.298553
leconstitutionnel,bpt6k683103d,,failed,0,0,,no_usable_pages,known,,,bpt6k683103d: no usable pages in manifest.,2026-07-17T20:41:24.398762
leconstitutionnel,bpt6k683104s,,failed,0,0,,no_usable_pages,known,,,bpt6k683104s: no usable pages in manifest.,2026-07-17T20:41:24.479097
leconstitutionnel,bpt6k6831055,,failed,0,0,,no_usable_pages,known,,,bpt6k6831055: no usable pages in manifest.,2026-07-17T20:41:24.621623
leconstitutionnel,bpt6k683106j,,failed,0,0,,no_usable_pages,known,,,bpt6k683106j: no usable pages in manifest.,2026-07-17T20:41:24.730559
leconstitutionnel,bpt6k683107x,,failed,0,0,,no_usable_pages,known,,,bpt6k683107x: no usable pages in manifest.,2026-07-17T20:41:24.822895
leconstitutionnel,bpt6k6831089,,failed,0,0,,no_usable_pages,known,,,bpt6k6831089: no usable pages in manifest.,2026-07-17T20:41:24.916911
leconstitutionnel,bpt6k683109p,,failed,0,0,,no_usable_pages,known,,,bpt6k683109p: no usable pages in manifest.,2026-07-17T20:41:25.069073
leconstitutionnel,bpt6k683110m,,failed,0,0,,no_usable_pages,known,,,bpt6k683110m: no usable pages in manifest.,2026-07-17T20:41:25.173274
leconstitutionnel,bpt6k6831110,,failed,0,0,,no_usable_pages,known,,,bpt6k6831110: no usable pages in manifest.,2026-07-17T20:41:25.261407
leconstitutionnel,bpt6k683112c,,failed,0,0,,no_usable_pages,known,,,bpt6k683112c: no usable pages in manifest.,2026-07-17T20:41:25.360402
leconstitutionnel,bpt6k683113r,,failed,0,0,,no_usable_pages,known,,,bpt6k683113r: no usable pages in manifest.,2026-07-17T20:41:25.460605
leconstitutionnel,bpt6k6831144,,failed,0,0,,no_usable_pages,known,,,bpt6k6831144: no usable pages in manifest.,2026-07-17T20:41:25.564364
leconstitutionnel,bpt6k683115h,,failed,0,0,,no_usable_pages,known,,,bpt6k683115h: no usable pages in manifest.,2026-07-17T20:41:25.727768
leconstitutionnel,bpt6k683116w,,failed,0,0,,no_usable_pages,known,,,bpt6k683116w: no usable pages in manifest.,2026-07-17T20:41:25.964742
leconstitutionnel,bpt6k6831178,,failed,0,0,,no_usable_pages,known,,,bpt6k6831178: no usable pages in manifest.,2026-07-17T20:41:26.067042
leconstitutionnel,bpt6k683118n,,failed,0,0,,no_usable_pages,known,,,bpt6k683118n: no usable pages in manifest.,2026-07-17T20:41:26.174044
leconstitutionnel,bpt6k6831191,,failed,0,0,,no_usable_pages,known,,,bpt6k6831191: no usable pages in manifest.,2026-07-17T20:41:26.292509
leconstitutionnel,bpt6k683120z,,failed,0,0,,no_usable_pages,known,,,bpt6k683120z: no usable pages in manifest.,2026-07-17T20:41:26.366718
leconstitutionnel,bpt6k683121b,,failed,0,0,,no_usable_pages,known,,,bpt6k683121b: no usable pages in manifest.,2026-07-17T20:41:26.466450
leconstitutionnel,bpt6k683122q,,failed,0,0,,no_usable_pages,known,,,bpt6k683122q: no usable pages in manifest.,2026-07-17T20:41:26.577865
leconstitutionnel,bpt6k6831233,,failed,0,0,,no_usable_pages,known,,,bpt6k6831233: no usable pages in manifest.,2026-07-17T20:41:26.713960
leconstitutionnel,bpt6k683124g,,failed,0,0,,no_usable_pages,known,,,bpt6k683124g: no usable pages in manifest.,2026-07-17T20:41:26.805547
leconstitutionnel,bpt6k683125v,,failed,0,0,,no_usable_pages,known,,,bpt6k683125v: no usable pages in manifest.,2026-07-17T20:41:26.934004
leconstitutionnel,bpt6k6831267,,failed,0,0,,no_usable_pages,known,,,bpt6k6831267: no usable pages in manifest.,2026-07-17T20:41:27.022404
leconstitutionnel,bpt6k683127m,,failed,0,0,,no_usable_pages,known,,,bpt6k683127m: no usable pages in manifest.,2026-07-17T20:41:27.185069
leconstitutionnel,bpt6k6831280,,failed,0,0,,no_usable_pages,known,,,bpt6k6831280: no usable pages in manifest.,2026-07-17T20:41:27.308161
leconstitutionnel,bpt6k683129c,,failed,0,0,,no_usable_pages,known,,,bpt6k683129c: no usable pages in manifest.,2026-07-17T20:41:27.383718
leconstitutionnel,bpt6k6831309,,failed,0,0,,no_usable_pages,known,,,bpt6k6831309: no usable pages in manifest.,2026-07-17T20:41:27.495570
leconstitutionnel,bpt6k683131p,,failed,0,0,,no_usable_pages,known,,,bpt6k683131p: no usable pages in manifest.,2026-07-17T20:41:27.609168
leconstitutionnel,bpt6k6831322,,failed,0,0,,no_usable_pages,known,,,bpt6k6831322: no usable pages in manifest.,2026-07-17T20:41:27.741335
leconstitutionnel,bpt6k683133f,,failed,0,0,,no_usable_pages,known,,,bpt6k683133f: no usable pages in manifest.,2026-07-17T20:41:27.874207
leconstitutionnel,bpt6k683134t,,failed,0,0,,no_usable_pages,known,,,bpt6k683134t: no usable pages in manifest.,2026-07-17T20:41:28.022492
leconstitutionnel,bpt6k6831356,,failed,0,0,,no_usable_pages,known,,,bpt6k6831356: no usable pages in manifest.,2026-07-17T20:41:28.179747
leconstitutionnel,bpt6k683136k,,failed,0,0,,no_usable_pages,known,,,bpt6k683136k: no usable pages in manifest.,2026-07-17T20:41:28.335193
leconstitutionnel,bpt6k683137z,,failed,0,0,,no_usable_pages,known,,,bpt6k683137z: no usable pages in manifest.,2026-07-17T20:41:28.418914
leconstitutionnel,bpt6k683138b,,failed,0,0,,no_usable_pages,known,,,bpt6k683138b: no usable pages in manifest.,2026-07-17T20:41:28.498807
leconstitutionnel,bpt6k683139q,,failed,0,0,,no_usable_pages,known,,,bpt6k683139q: no usable pages in manifest.,2026-07-17T20:41:28.579544
leconstitutionnel,bpt6k683140n,,failed,0,0,,no_usable_pages,known,,,bpt6k683140n: no usable pages in manifest.,2026-07-17T20:41:28.665714
leconstitutionnel,bpt6k6831411,,failed,0,0,,no_usable_pages,known,,,bpt6k6831411: no usable pages in manifest.,2026-07-17T20:41:28.725728
leconstitutionnel,bpt6k683142d,,failed,0,0,,no_usable_pages,known,,,bpt6k683142d: no usable pages in manifest.,2026-07-17T20:41:28.795096
leconstitutionnel,bpt6k683143s,,failed,0,0,,no_usable_pages,known,,,bpt6k683143s: no usable pages in manifest.,2026-07-17T20:41:28.846975
leconstitutionnel,bpt6k6831445,,failed,0,0,,no_usable_pages,known,,,bpt6k6831445: no usable pages in manifest.,2026-07-17T20:41:28.904104
leconstitutionnel,bpt6k683145j,,failed,0,0,,no_usable_pages,known,,,bpt6k683145j: no usable pages in manifest.,2026-07-17T20:41:29.022412
leconstitutionnel,bpt6k683146x,,failed,0,0,,no_usable_pages,known,,,bpt6k683146x: no usable pages in manifest.,2026-07-17T20:41:29.097248
leconstitutionnel,bpt6k6831479,,failed,0,0,,no_usable_pages,known,,,bpt6k6831479: no usable pages in manifest.,2026-07-17T20:41:29.176215
leconstitutionnel,bpt6k683148p,,failed,0,0,,no_usable_pages,known,,,bpt6k683148p: no usable pages in manifest.,2026-07-17T20:41:29.255234
leconstitutionnel,bpt6k6831492,,failed,0,0,,no_usable_pages,known,,,bpt6k6831492: no usable pages in manifest.,2026-07-17T20:41:29.354142
leconstitutionnel,bpt6k6831500,,failed,0,0,,no_usable_pages,known,,,bpt6k6831500: no usable pages in manifest.,2026-07-17T20:41:29.438799
leconstitutionnel,bpt6k683151c,,failed,0,0,,no_usable_pages,known,,,bpt6k683151c: no usable pages in manifest.,2026-07-17T20:41:29.499191
leconstitutionnel,bpt6k683152r,,failed,0,0,,no_usable_pages,known,,,bpt6k683152r: no usable pages in manifest.,2026-07-17T20:41:29.604055
leconstitutionnel,bpt6k6831534,,failed,0,0,,no_usable_pages,known,,,bpt6k6831534: no usable pages in manifest.,2026-07-17T20:41:29.700699
leconstitutionnel,bpt6k683154h,,failed,0,0,,no_usable_pages,known,,,bpt6k683154h: no usable pages in manifest.,2026-07-17T20:41:29.797495
leconstitutionnel,bpt6k683155w,,failed,0,0,,no_usable_pages,known,,,bpt6k683155w: no usable pages in manifest.,2026-07-17T20:41:29.894261
leconstitutionnel,bpt6k6831568,,failed,0,0,,no_usable_pages,known,,,bpt6k6831568: no usable pages in manifest.,2026-07-17T20:41:29.981093
leconstitutionnel,bpt6k683157n,,failed,0,0,,no_usable_pages,known,,,bpt6k683157n: no usable pages in manifest.,2026-07-17T20:41:30.143508
leconstitutionnel,bpt6k6831581,,failed,0,0,,no_usable_pages,known,,,bpt6k6831581: no usable pages in manifest.,2026-07-17T20:41:30.234877
leconstitutionnel,bpt6k683159d,,failed,0,0,,no_usable_pages,known,,,bpt6k683159d: no usable pages in manifest.,2026-07-17T20:41:30.312298
leconstitutionnel,bpt6k683160b,,failed,0,0,,no_usable_pages,known,,,bpt6k683160b: no usable pages in manifest.,2026-07-17T20:41:30.402699
leconstitutionnel,bpt6k683161q,,failed,0,0,,no_usable_pages,known,,,bpt6k683161q: no usable pages in manifest.,2026-07-17T20:41:30.508631
leconstitutionnel,bpt6k6831623,,failed,0,0,,no_usable_pages,known,,,bpt6k6831623: no usable pages in manifest.,2026-07-17T20:41:30.612899
leconstitutionnel,bpt6k683163g,,failed,0,0,,no_usable_pages,known,,,bpt6k683163g: no usable pages in manifest.,2026-07-17T20:41:30.708078
leconstitutionnel,bpt6k683164v,,failed,0,0,,no_usable_pages,known,,,bpt6k683164v: no usable pages in manifest.,2026-07-17T20:41:30.806705
leconstitutionnel,bpt6k6831657,,failed,0,0,,no_usable_pages,known,,,bpt6k6831657: no usable pages in manifest.,2026-07-17T20:41:30.865889
leconstitutionnel,bpt6k683166m,,failed,0,0,,no_usable_pages,known,,,bpt6k683166m: no usable pages in manifest.,2026-07-17T20:41:30.945890
leconstitutionnel,bpt6k6831670,,failed,0,0,,no_usable_pages,known,,,bpt6k6831670: no usable pages in manifest.,2026-07-17T20:41:31.011953
leconstitutionnel,bpt6k683168c,,failed,0,0,,no_usable_pages,known,,,bpt6k683168c: no usable pages in manifest.,2026-07-17T20:41:31.318298
leconstitutionnel,bpt6k683169r,,failed,0,0,,no_usable_pages,known,,,bpt6k683169r: no usable pages in manifest.,2026-07-17T20:41:31.450356
leconstitutionnel,bpt6k683170p,,failed,0,0,,no_usable_pages,known,,,bpt6k683170p: no usable pages in manifest.,2026-07-17T20:41:31.548727
leconstitutionnel,bpt6k6831712,,failed,0,0,,no_usable_pages,known,,,bpt6k6831712: no usable pages in manifest.,2026-07-17T20:41:31.671210
leconstitutionnel,bpt6k683172f,,failed,0,0,,no_usable_pages,known,,,bpt6k683172f: no usable pages in manifest.,2026-07-17T20:41:31.740120
leconstitutionnel,bpt6k683173t,,failed,0,0,,no_usable_pages,known,,,bpt6k683173t: no usable pages in manifest.,2026-07-17T20:41:31.814451
leconstitutionnel,bpt6k6831746,,failed,0,0,,no_usable_pages,known,,,bpt6k6831746: no usable pages in manifest.,2026-07-17T20:41:31.892445
leconstitutionnel,bpt6k683175k,,failed,0,0,,no_usable_pages,known,,,bpt6k683175k: no usable pages in manifest.,2026-07-17T20:41:32.000937
leconstitutionnel,bpt6k683176z,,failed,0,0,,no_usable_pages,known,,,bpt6k683176z: no usable pages in manifest.,2026-07-17T20:41:32.110244
leconstitutionnel,bpt6k683177b,,failed,0,0,,no_usable_pages,known,,,bpt6k683177b: no usable pages in manifest.,2026-07-17T20:41:32.254768
leconstitutionnel,bpt6k683178q,,failed,0,0,,no_usable_pages,known,,,bpt6k683178q: no usable pages in manifest.,2026-07-17T20:41:32.318188
leconstitutionnel,bpt6k6831793,,failed,0,0,,no_usable_pages,known,,,bpt6k6831793: no usable pages in manifest.,2026-07-17T20:41:32.390355
leconstitutionnel,bpt6k6831801,,failed,0,0,,no_usable_pages,known,,,bpt6k6831801: no usable pages in manifest.,2026-07-17T20:41:32.506190
leconstitutionnel,bpt6k683181d,,failed,0,0,,no_usable_pages,known,,,bpt6k683181d: no usable pages in manifest.,2026-07-17T20:41:32.614953
leconstitutionnel,bpt6k683182s,,failed,0,0,,no_usable_pages,known,,,bpt6k683182s: no usable pages in manifest.,2026-07-17T20:41:32.755647
leconstitutionnel,bpt6k6831835,,failed,0,0,,no_usable_pages,known,,,bpt6k6831835: no usable pages in manifest.,2026-07-17T20:41:32.941519
leconstitutionnel,bpt6k683184j,,failed,0,0,,no_usable_pages,known,,,bpt6k683184j: no usable pages in manifest.,2026-07-17T20:41:33.028838
leconstitutionnel,bpt6k683185x,,failed,0,0,,no_usable_pages,known,,,bpt6k683185x: no usable pages in manifest.,2026-07-17T20:41:33.124732
leconstitutionnel,bpt6k6831869,,failed,0,0,,no_usable_pages,known,,,bpt6k6831869: no usable pages in manifest.,2026-07-17T20:41:33.262944
leconstitutionnel,bpt6k683187p,,failed,0,0,,no_usable_pages,known,,,bpt6k683187p: no usable pages in manifest.,2026-07-17T20:41:33.384801
leconstitutionnel,bpt6k6831882,,failed,0,0,,no_usable_pages,known,,,bpt6k6831882: no usable pages in manifest.,2026-07-17T20:41:33.477455
leconstitutionnel,bpt6k683189f,,failed,0,0,,no_usable_pages,known,,,bpt6k683189f: no usable pages in manifest.,2026-07-17T20:41:33.574154
leconstitutionnel,bpt6k683190c,,failed,0,0,,no_usable_pages,known,,,bpt6k683190c: no usable pages in manifest.,2026-07-17T20:41:33.724373
leconstitutionnel,bpt6k683191r,,failed,0,0,,no_usable_pages,known,,,bpt6k683191r: no usable pages in manifest.,2026-07-17T20:41:33.839777
leconstitutionnel,bpt6k6831924,,failed,0,0,,no_usable_pages,known,,,bpt6k6831924: no usable pages in manifest.,2026-07-17T20:41:33.938040
leconstitutionnel,bpt6k683193h,,failed,0,0,,no_usable_pages,known,,,bpt6k683193h: no usable pages in manifest.,2026-07-17T20:41:34.046986
leconstitutionnel,bpt6k683194w,,failed,0,0,,no_usable_pages,known,,,bpt6k683194w: no usable pages in manifest.,2026-07-17T20:41:34.113637
leconstitutionnel,bpt6k6831958,,failed,0,0,,no_usable_pages,known,,,bpt6k6831958: no usable pages in manifest.,2026-07-17T20:41:34.189900
leconstitutionnel,bpt6k683196n,,failed,0,0,,no_usable_pages,known,,,bpt6k683196n: no usable pages in manifest.,2026-07-17T20:41:34.361112
leconstitutionnel,bpt6k6831971,,failed,0,0,,no_usable_pages,known,,,bpt6k6831971: no usable pages in manifest.,2026-07-17T20:41:34.591947
leconstitutionnel,bpt6k683198d,,failed,0,0,,no_usable_pages,known,,,bpt6k683198d: no usable pages in manifest.,2026-07-17T20:41:34.679152
leconstitutionnel,bpt6k683199s,,failed,0,0,,no_usable_pages,known,,,bpt6k683199s: no usable pages in manifest.,2026-07-17T20:41:34.772656
leconstitutionnel,bpt6k683200k,,failed,0,0,,no_usable_pages,known,,,bpt6k683200k: no usable pages in manifest.,2026-07-17T20:41:34.887293
leconstitutionnel,bpt6k683201z,,failed,0,0,,no_usable_pages,known,,,bpt6k683201z: no usable pages in manifest.,2026-07-17T20:41:35.003147
leconstitutionnel,bpt6k683202b,,failed,0,0,,no_usable_pages,known,,,bpt6k683202b: no usable pages in manifest.,2026-07-17T20:41:35.080073
leconstitutionnel,bpt6k683203q,,failed,0,0,,no_usable_pages,known,,,bpt6k683203q: no usable pages in manifest.,2026-07-17T20:41:35.178575
leconstitutionnel,bpt6k6832043,,failed,0,0,,no_usable_pages,known,,,bpt6k6832043: no usable pages in manifest.,2026-07-17T20:41:35.277471
leconstitutionnel,bpt6k683205g,,failed,0,0,,no_usable_pages,known,,,bpt6k683205g: no usable pages in manifest.,2026-07-17T20:41:35.402452
leconstitutionnel,bpt6k683206v,,failed,0,0,,no_usable_pages,known,,,bpt6k683206v: no usable pages in manifest.,2026-07-17T20:41:35.471359
leconstitutionnel,bpt6k6832077,,failed,0,0,,no_usable_pages,known,,,bpt6k6832077: no usable pages in manifest.,2026-07-17T20:41:35.562592
leconstitutionnel,bpt6k683208m,,failed,0,0,,no_usable_pages,known,,,bpt6k683208m: no usable pages in manifest.,2026-07-17T20:41:35.650768
leconstitutionnel,bpt6k6832090,,failed,0,0,,no_usable_pages,known,,,bpt6k6832090: no usable pages in manifest.,2026-07-17T20:41:35.760764
leconstitutionnel,bpt6k683210x,,failed,0,0,,no_usable_pages,known,,,bpt6k683210x: no usable pages in manifest.,2026-07-17T20:41:35.854857
leconstitutionnel,bpt6k6832119,,failed,0,0,,no_usable_pages,known,,,bpt6k6832119: no usable pages in manifest.,2026-07-17T20:41:35.960447
leconstitutionnel,bpt6k683212p,,failed,0,0,,no_usable_pages,known,,,bpt6k683212p: no usable pages in manifest.,2026-07-17T20:41:36.098974
leconstitutionnel,bpt6k6832132,,failed,0,0,,no_usable_pages,known,,,bpt6k6832132: no usable pages in manifest.,2026-07-17T20:41:36.195941
leconstitutionnel,bpt6k683214f,,failed,0,0,,no_usable_pages,known,,,bpt6k683214f: no usable pages in manifest.,2026-07-17T20:41:36.300319
leconstitutionnel,bpt6k683215t,,failed,0,0,,no_usable_pages,known,,,bpt6k683215t: no usable pages in manifest.,2026-07-17T20:41:36.407232
leconstitutionnel,bpt6k6832166,,failed,0,0,,no_usable_pages,known,,,bpt6k6832166: no usable pages in manifest.,2026-07-17T20:41:36.493456
leconstitutionnel,bpt6k683217k,,failed,0,0,,no_usable_pages,known,,,bpt6k683217k: no usable pages in manifest.,2026-07-17T20:41:36.614012
leconstitutionnel,bpt6k683218z,,failed,0,0,,no_usable_pages,known,,,bpt6k683218z: no usable pages in manifest.,2026-07-17T20:41:36.703273
leconstitutionnel,bpt6k683219b,,failed,0,0,,no_usable_pages,known,,,bpt6k683219b: no usable pages in manifest.,2026-07-17T20:41:36.788950
leconstitutionnel,bpt6k6832208,,failed,0,0,,no_usable_pages,known,,,bpt6k6832208: no usable pages in manifest.,2026-07-17T20:41:36.898118
leconstitutionnel,bpt6k683221n,,failed,0,0,,no_usable_pages,known,,,bpt6k683221n: no usable pages in manifest.,2026-07-17T20:41:36.977100
leconstitutionnel,bpt6k6832221,,failed,0,0,,no_usable_pages,known,,,bpt6k6832221: no usable pages in manifest.,2026-07-17T20:41:37.092429
leconstitutionnel,bpt6k683223d,,failed,0,0,,no_usable_pages,known,,,bpt6k683223d: no usable pages in manifest.,2026-07-17T20:41:37.184128
leconstitutionnel,bpt6k683224s,,failed,0,0,,no_usable_pages,known,,,bpt6k683224s: no usable pages in manifest.,2026-07-17T20:41:37.278935
leconstitutionnel,bpt6k6832255,,failed,0,0,,no_usable_pages,known,,,bpt6k6832255: no usable pages in manifest.,2026-07-17T20:41:37.356157
leconstitutionnel,bpt6k683226j,,failed,0,0,,no_usable_pages,known,,,bpt6k683226j: no usable pages in manifest.,2026-07-17T20:41:37.491984
leconstitutionnel,bpt6k683227x,,failed,0,0,,no_usable_pages,known,,,bpt6k683227x: no usable pages in manifest.,2026-07-17T20:41:37.668213
leconstitutionnel,bpt6k6832289,,failed,0,0,,no_usable_pages,known,,,bpt6k6832289: no usable pages in manifest.,2026-07-17T20:41:37.860418
leconstitutionnel,bpt6k683229p,,failed,0,0,,no_usable_pages,known,,,bpt6k683229p: no usable pages in manifest.,2026-07-17T20:41:37.936881
leconstitutionnel,bpt6k683230m,,failed,0,0,,no_usable_pages,known,,,bpt6k683230m: no usable pages in manifest.,2026-07-17T20:41:38.018606
leconstitutionnel,bpt6k6832310,,failed,0,0,,no_usable_pages,known,,,bpt6k6832310: no usable pages in manifest.,2026-07-17T20:41:38.146269
leconstitutionnel,bpt6k685485d,,failed,0,0,,no_usable_pages,known,,,bpt6k685485d: no usable pages in manifest.,2026-07-17T20:41:38.247953
leconstitutionnel,bpt6k685486s,,failed,0,0,,no_usable_pages,known,,,bpt6k685486s: no usable pages in manifest.,2026-07-17T20:41:38.345014
leconstitutionnel,bpt6k6854875,,failed,0,0,,no_usable_pages,known,,,bpt6k6854875: no usable pages in manifest.,2026-07-17T20:41:38.478817
leconstitutionnel,bpt6k685488j,,failed,0,0,,no_usable_pages,known,,,bpt6k685488j: no usable pages in manifest.,2026-07-17T20:41:38.562561
leconstitutionnel,bpt6k685489x,,failed,0,0,,no_usable_pages,known,,,bpt6k685489x: no usable pages in manifest.,2026-07-17T20:41:38.651729
leconstitutionnel,bpt6k685490v,,failed,0,0,,no_usable_pages,known,,,bpt6k685490v: no usable pages in manifest.,2026-07-17T20:41:38.744635
leconstitutionnel,bpt6k6854917,,failed,0,0,,no_usable_pages,known,,,bpt6k6854917: no usable pages in manifest.,2026-07-17T20:41:38.865235
leconstitutionnel,bpt6k685492m,,failed,0,0,,no_usable_pages,known,,,bpt6k685492m: no usable pages in manifest.,2026-07-17T20:41:38.989549
leconstitutionnel,bpt6k6854930,,failed,0,0,,no_usable_pages,known,,,bpt6k6854930: no usable pages in manifest.,2026-07-17T20:41:39.143753
leconstitutionnel,bpt6k685494c,,failed,0,0,,no_usable_pages,known,,,bpt6k685494c: no usable pages in manifest.,2026-07-17T20:41:39.405573
leconstitutionnel,bpt6k685495r,,failed,0,0,,no_usable_pages,known,,,bpt6k685495r: no usable pages in manifest.,2026-07-17T20:41:39.534071
leconstitutionnel,bpt6k6854964,,failed,0,0,,no_usable_pages,known,,,bpt6k6854964: no usable pages in manifest.,2026-07-17T20:41:39.632985
leconstitutionnel,bpt6k685497h,,failed,0,0,,no_usable_pages,known,,,bpt6k685497h: no usable pages in manifest.,2026-07-17T20:41:39.728705
leconstitutionnel,bpt6k685498w,,failed,0,0,,no_usable_pages,known,,,bpt6k685498w: no usable pages in manifest.,2026-07-17T20:41:39.860392
leconstitutionnel,bpt6k6854998,,failed,0,0,,no_usable_pages,known,,,bpt6k6854998: no usable pages in manifest.,2026-07-17T20:41:39.982702
leconstitutionnel,bpt6k6855002,,failed,0,0,,no_usable_pages,known,,,bpt6k6855002: no usable pages in manifest.,2026-07-17T20:41:40.061443
leconstitutionnel,bpt6k685501f,,failed,0,0,,no_usable_pages,known,,,bpt6k685501f: no usable pages in manifest.,2026-07-17T20:41:40.144635
leconstitutionnel,bpt6k685502t,,failed,0,0,,no_usable_pages,known,,,bpt6k685502t: no usable pages in manifest.,2026-07-17T20:41:40.256694
leconstitutionnel,bpt6k6855036,,failed,0,0,,no_usable_pages,known,,,bpt6k6855036: no usable pages in manifest.,2026-07-17T20:41:40.338038
leconstitutionnel,bpt6k685504k,,failed,0,0,,no_usable_pages,known,,,bpt6k685504k: no usable pages in manifest.,2026-07-17T20:41:40.424666
leconstitutionnel,bpt6k685505z,,failed,0,0,,no_usable_pages,known,,,bpt6k685505z: no usable pages in manifest.,2026-07-17T20:41:40.600083
leconstitutionnel,bpt6k685506b,,failed,0,0,,no_usable_pages,known,,,bpt6k685506b: no usable pages in manifest.,2026-07-17T20:41:40.716022
leconstitutionnel,bpt6k685507q,,failed,0,0,,no_usable_pages,known,,,bpt6k685507q: no usable pages in manifest.,2026-07-17T20:41:40.831563
leconstitutionnel,bpt6k6855083,,failed,0,0,,no_usable_pages,known,,,bpt6k6855083: no usable pages in manifest.,2026-07-17T20:41:40.916396
leconstitutionnel,bpt6k685509g,,failed,0,0,,no_usable_pages,known,,,bpt6k685509g: no usable pages in manifest.,2026-07-17T20:41:41.043806
leconstitutionnel,bpt6k685510d,,failed,0,0,,no_usable_pages,known,,,bpt6k685510d: no usable pages in manifest.,2026-07-17T20:41:41.128107
leconstitutionnel,bpt6k685511s,,failed,0,0,,no_usable_pages,known,,,bpt6k685511s: no usable pages in manifest.,2026-07-17T20:41:41.228889
leconstitutionnel,bpt6k6855125,,failed,0,0,,no_usable_pages,known,,,bpt6k6855125: no usable pages in manifest.,2026-07-17T20:41:41.333108
leconstitutionnel,bpt6k685513j,,failed,0,0,,no_usable_pages,known,,,bpt6k685513j: no usable pages in manifest.,2026-07-17T20:41:41.410634
leconstitutionnel,bpt6k685514x,,failed,0,0,,no_usable_pages,known,,,bpt6k685514x: no usable pages in manifest.,2026-07-17T20:41:41.504694
leconstitutionnel,bpt6k6855159,,failed,0,0,,no_usable_pages,known,,,bpt6k6855159: no usable pages in manifest.,2026-07-17T20:41:41.644137
leconstitutionnel,bpt6k685516p,,failed,0,0,,no_usable_pages,known,,,bpt6k685516p: no usable pages in manifest.,2026-07-17T20:41:41.710922
leconstitutionnel,bpt6k6855172,,failed,0,0,,no_usable_pages,known,,,bpt6k6855172: no usable pages in manifest.,2026-07-17T20:41:41.801589
leconstitutionnel,bpt6k685518f,,failed,0,0,,no_usable_pages,known,,,bpt6k685518f: no usable pages in manifest.,2026-07-17T20:41:41.913355
leconstitutionnel,bpt6k685519t,,failed,0,0,,no_usable_pages,known,,,bpt6k685519t: no usable pages in manifest.,2026-07-17T20:41:41.996637
leconstitutionnel,bpt6k685520r,,failed,0,0,,no_usable_pages,known,,,bpt6k685520r: no usable pages in manifest.,2026-07-17T20:41:42.152815
leconstitutionnel,bpt6k6855214,,failed,0,0,,no_usable_pages,known,,,bpt6k6855214: no usable pages in manifest.,2026-07-17T20:41:42.268253
leconstitutionnel,bpt6k685522h,,failed,0,0,,no_usable_pages,known,,,bpt6k685522h: no usable pages in manifest.,2026-07-17T20:41:42.346227
leconstitutionnel,bpt6k685523w,,failed,0,0,,no_usable_pages,known,,,bpt6k685523w: no usable pages in manifest.,2026-07-17T20:41:42.465839
leconstitutionnel,bpt6k6855248,,failed,0,0,,no_usable_pages,known,,,bpt6k6855248: no usable pages in manifest.,2026-07-17T20:41:42.570739
leconstitutionnel,bpt6k685525n,,failed,0,0,,no_usable_pages,known,,,bpt6k685525n: no usable pages in manifest.,2026-07-17T20:41:42.751314
leconstitutionnel,bpt6k6855261,,failed,0,0,,no_usable_pages,known,,,bpt6k6855261: no usable pages in manifest.,2026-07-17T20:41:42.838841
leconstitutionnel,bpt6k685527d,,failed,0,0,,no_usable_pages,known,,,bpt6k685527d: no usable pages in manifest.,2026-07-17T20:41:42.938305
leconstitutionnel,bpt6k685528s,,failed,0,0,,no_usable_pages,known,,,bpt6k685528s: no usable pages in manifest.,2026-07-17T20:41:43.035647
leconstitutionnel,bpt6k6855295,,failed,0,0,,no_usable_pages,known,,,bpt6k6855295: no usable pages in manifest.,2026-07-17T20:41:43.143174
leconstitutionnel,bpt6k6855303,,failed,0,0,,no_usable_pages,known,,,bpt6k6855303: no usable pages in manifest.,2026-07-17T20:41:43.208572
leconstitutionnel,bpt6k685531g,,failed,0,0,,no_usable_pages,known,,,bpt6k685531g: no usable pages in manifest.,2026-07-17T20:41:43.293424
leconstitutionnel,bpt6k685532v,,failed,0,0,,no_usable_pages,known,,,bpt6k685532v: no usable pages in manifest.,2026-07-17T20:41:43.366033
leconstitutionnel,bpt6k6855337,,failed,0,0,,no_usable_pages,known,,,bpt6k6855337: no usable pages in manifest.,2026-07-17T20:41:43.443437
leconstitutionnel,bpt6k685534m,,failed,0,0,,no_usable_pages,known,,,bpt6k685534m: no usable pages in manifest.,2026-07-17T20:41:43.541490
leconstitutionnel,bpt6k6855350,,failed,0,0,,no_usable_pages,known,,,bpt6k6855350: no usable pages in manifest.,2026-07-17T20:41:43.630970
leconstitutionnel,bpt6k685536c,,failed,0,0,,no_usable_pages,known,,,bpt6k685536c: no usable pages in manifest.,2026-07-17T20:41:43.773395
leconstitutionnel,bpt6k685537r,,failed,0,0,,no_usable_pages,known,,,bpt6k685537r: no usable pages in manifest.,2026-07-17T20:41:43.849566
leconstitutionnel,bpt6k6855384,,failed,0,0,,no_usable_pages,known,,,bpt6k6855384: no usable pages in manifest.,2026-07-17T20:41:43.945712
leconstitutionnel,bpt6k685539h,,failed,0,0,,no_usable_pages,known,,,bpt6k685539h: no usable pages in manifest.,2026-07-17T20:41:44.024259
leconstitutionnel,bpt6k685540f,,failed,0,0,,no_usable_pages,known,,,bpt6k685540f: no usable pages in manifest.,2026-07-17T20:41:44.162630
leconstitutionnel,bpt6k685541t,,failed,0,0,,no_usable_pages,known,,,bpt6k685541t: no usable pages in manifest.,2026-07-17T20:41:44.274626
leconstitutionnel,bpt6k6855426,,failed,0,0,,no_usable_pages,known,,,bpt6k6855426: no usable pages in manifest.,2026-07-17T20:41:44.359640
leconstitutionnel,bpt6k685543k,,failed,0,0,,no_usable_pages,known,,,bpt6k685543k: no usable pages in manifest.,2026-07-17T20:41:44.444503
leconstitutionnel,bpt6k685544z,,failed,0,0,,no_usable_pages,known,,,bpt6k685544z: no usable pages in manifest.,2026-07-17T20:41:44.540690
leconstitutionnel,bpt6k685545b,,failed,0,0,,no_usable_pages,known,,,bpt6k685545b: no usable pages in manifest.,2026-07-17T20:41:44.654936
leconstitutionnel,bpt6k685546q,,failed,0,0,,no_usable_pages,known,,,bpt6k685546q: no usable pages in manifest.,2026-07-17T20:41:44.765513
leconstitutionnel,bpt6k6855473,,failed,0,0,,no_usable_pages,known,,,bpt6k6855473: no usable pages in manifest.,2026-07-17T20:41:44.846260
leconstitutionnel,bpt6k685548g,,failed,0,0,,no_usable_pages,known,,,bpt6k685548g: no usable pages in manifest.,2026-07-17T20:41:44.941391
leconstitutionnel,bpt6k685549v,,failed,0,0,,no_usable_pages,known,,,bpt6k685549v: no usable pages in manifest.,2026-07-17T20:41:45.043830
leconstitutionnel,bpt6k685550s,,failed,0,0,,no_usable_pages,known,,,bpt6k685550s: no usable pages in manifest.,2026-07-17T20:41:45.172704
leconstitutionnel,bpt6k6855515,,failed,0,0,,no_usable_pages,known,,,bpt6k6855515: no usable pages in manifest.,2026-07-17T20:41:45.294682
leconstitutionnel,bpt6k685552j,,failed,0,0,,no_usable_pages,known,,,bpt6k685552j: no usable pages in manifest.,2026-07-17T20:41:45.393157
leconstitutionnel,bpt6k685553x,,failed,0,0,,no_usable_pages,known,,,bpt6k685553x: no usable pages in manifest.,2026-07-17T20:41:45.540884
leconstitutionnel,bpt6k6855549,,failed,0,0,,no_usable_pages,known,,,bpt6k6855549: no usable pages in manifest.,2026-07-17T20:41:45.660590
leconstitutionnel,bpt6k685555p,,failed,0,0,,no_usable_pages,known,,,bpt6k685555p: no usable pages in manifest.,2026-07-17T20:41:45.824393
leconstitutionnel,bpt6k6855562,,failed,0,0,,no_usable_pages,known,,,bpt6k6855562: no usable pages in manifest.,2026-07-17T20:41:45.928772
leconstitutionnel,bpt6k685557f,,failed,0,0,,no_usable_pages,known,,,bpt6k685557f: no usable pages in manifest.,2026-07-17T20:41:46.012516
leconstitutionnel,bpt6k685558t,,failed,0,0,,no_usable_pages,known,,,bpt6k685558t: no usable pages in manifest.,2026-07-17T20:41:46.094594
leconstitutionnel,bpt6k6855596,,failed,0,0,,no_usable_pages,known,,,bpt6k6855596: no usable pages in manifest.,2026-07-17T20:41:46.196427
leconstitutionnel,bpt6k6855604,,failed,0,0,,no_usable_pages,known,,,bpt6k6855604: no usable pages in manifest.,2026-07-17T20:41:46.340402
leconstitutionnel,bpt6k685561h,,failed,0,0,,no_usable_pages,known,,,bpt6k685561h: no usable pages in manifest.,2026-07-17T20:41:46.420857
leconstitutionnel,bpt6k685562w,,failed,0,0,,no_usable_pages,known,,,bpt6k685562w: no usable pages in manifest.,2026-07-17T20:41:46.513552
leconstitutionnel,bpt6k6855638,,failed,0,0,,no_usable_pages,known,,,bpt6k6855638: no usable pages in manifest.,2026-07-17T20:41:46.609634
leconstitutionnel,bpt6k685564n,,failed,0,0,,no_usable_pages,known,,,bpt6k685564n: no usable pages in manifest.,2026-07-17T20:41:46.708556
leconstitutionnel,bpt6k6855651,,failed,0,0,,no_usable_pages,known,,,bpt6k6855651: no usable pages in manifest.,2026-07-17T20:41:46.824831
leconstitutionnel,bpt6k685566d,,failed,0,0,,no_usable_pages,known,,,bpt6k685566d: no usable pages in manifest.,2026-07-17T20:41:46.902903
leconstitutionnel,bpt6k685567s,,failed,0,0,,no_usable_pages,known,,,bpt6k685567s: no usable pages in manifest.,2026-07-17T20:41:46.999372
leconstitutionnel,bpt6k6855685,,failed,0,0,,no_usable_pages,known,,,bpt6k6855685: no usable pages in manifest.,2026-07-17T20:41:47.155653
leconstitutionnel,bpt6k685569j,,failed,0,0,,no_usable_pages,known,,,bpt6k685569j: no usable pages in manifest.,2026-07-17T20:41:47.269598
leconstitutionnel,bpt6k685570g,,failed,0,0,,no_usable_pages,known,,,bpt6k685570g: no usable pages in manifest.,2026-07-17T20:41:47.425730
leconstitutionnel,bpt6k685571v,,failed,0,0,,no_usable_pages,known,,,bpt6k685571v: no usable pages in manifest.,2026-07-17T20:41:47.550469
leconstitutionnel,bpt6k6855727,,failed,0,0,,no_usable_pages,known,,,bpt6k6855727: no usable pages in manifest.,2026-07-17T20:41:47.628441
leconstitutionnel,bpt6k685573m,,failed,0,0,,no_usable_pages,known,,,bpt6k685573m: no usable pages in manifest.,2026-07-17T20:41:47.730069
leconstitutionnel,bpt6k6855740,,failed,0,0,,no_usable_pages,known,,,bpt6k6855740: no usable pages in manifest.,2026-07-17T20:41:47.854081
leconstitutionnel,bpt6k685575c,,failed,0,0,,no_usable_pages,known,,,bpt6k685575c: no usable pages in manifest.,2026-07-17T20:41:47.949932
leconstitutionnel,bpt6k685576r,,failed,0,0,,no_usable_pages,known,,,bpt6k685576r: no usable pages in manifest.,2026-07-17T20:41:48.036112
leconstitutionnel,bpt6k6855774,,failed,0,0,,no_usable_pages,known,,,bpt6k6855774: no usable pages in manifest.,2026-07-17T20:41:48.161254
leconstitutionnel,bpt6k685578h,,failed,0,0,,no_usable_pages,known,,,bpt6k685578h: no usable pages in manifest.,2026-07-17T20:41:48.310829
leconstitutionnel,bpt6k685579w,,failed,0,0,,no_usable_pages,known,,,bpt6k685579w: no usable pages in manifest.,2026-07-17T20:41:48.421377
leconstitutionnel,bpt6k685580t,,failed,0,0,,no_usable_pages,known,,,bpt6k685580t: no usable pages in manifest.,2026-07-17T20:41:48.507387
leconstitutionnel,bpt6k6855816,,failed,0,0,,no_usable_pages,known,,,bpt6k6855816: no usable pages in manifest.,2026-07-17T20:41:48.647441
leconstitutionnel,bpt6k685582k,,failed,0,0,,no_usable_pages,known,,,bpt6k685582k: no usable pages in manifest.,2026-07-17T20:41:48.808096
leconstitutionnel,bpt6k685583z,,failed,0,0,,no_usable_pages,known,,,bpt6k685583z: no usable pages in manifest.,2026-07-17T20:41:48.953837
leconstitutionnel,bpt6k685584b,,failed,0,0,,no_usable_pages,known,,,bpt6k685584b: no usable pages in manifest.,2026-07-17T20:41:49.067009
leconstitutionnel,bpt6k685585q,,failed,0,0,,no_usable_pages,known,,,bpt6k685585q: no usable pages in manifest.,2026-07-17T20:41:49.158454
leconstitutionnel,bpt6k6855863,,failed,0,0,,no_usable_pages,known,,,bpt6k6855863: no usable pages in manifest.,2026-07-17T20:41:49.245431
leconstitutionnel,bpt6k685587g,,failed,0,0,,no_usable_pages,known,,,bpt6k685587g: no usable pages in manifest.,2026-07-17T20:41:49.351141
leconstitutionnel,bpt6k685588v,,failed,0,0,,no_usable_pages,known,,,bpt6k685588v: no usable pages in manifest.,2026-07-17T20:41:49.465404
leconstitutionnel,bpt6k6855897,,failed,0,0,,no_usable_pages,known,,,bpt6k6855897: no usable pages in manifest.,2026-07-17T20:41:49.545235
leconstitutionnel,bpt6k6855905,,failed,0,0,,no_usable_pages,known,,,bpt6k6855905: no usable pages in manifest.,2026-07-17T20:41:49.632643
leconstitutionnel,bpt6k685591j,,failed,0,0,,no_usable_pages,known,,,bpt6k685591j: no usable pages in manifest.,2026-07-17T20:41:49.748626
leconstitutionnel,bpt6k685592x,,failed,0,0,,no_usable_pages,known,,,bpt6k685592x: no usable pages in manifest.,2026-07-17T20:41:49.855775
leconstitutionnel,bpt6k6855939,,failed,0,0,,no_usable_pages,known,,,bpt6k6855939: no usable pages in manifest.,2026-07-17T20:41:49.967540
leconstitutionnel,bpt6k685594p,,failed,0,0,,no_usable_pages,known,,,bpt6k685594p: no usable pages in manifest.,2026-07-17T20:41:50.038968
leconstitutionnel,bpt6k6855952,,failed,0,0,,no_usable_pages,known,,,bpt6k6855952: no usable pages in manifest.,2026-07-17T20:41:50.124571
leconstitutionnel,bpt6k685596f,,failed,0,0,,no_usable_pages,known,,,bpt6k685596f: no usable pages in manifest.,2026-07-17T20:41:50.208265
leconstitutionnel,bpt6k685597t,,failed,0,0,,no_usable_pages,known,,,bpt6k685597t: no usable pages in manifest.,2026-07-17T20:41:50.307678
leconstitutionnel,bpt6k6855986,,failed,0,0,,no_usable_pages,known,,,bpt6k6855986: no usable pages in manifest.,2026-07-17T20:41:50.415811
leconstitutionnel,bpt6k685599k,,failed,0,0,,no_usable_pages,known,,,bpt6k685599k: no usable pages in manifest.,2026-07-17T20:41:50.563222
leconstitutionnel,bpt6k685600c,,failed,0,0,,no_usable_pages,known,,,bpt6k685600c: no usable pages in manifest.,2026-07-17T20:41:50.718029
leconstitutionnel,bpt6k685601r,,failed,0,0,,no_usable_pages,known,,,bpt6k685601r: no usable pages in manifest.,2026-07-17T20:41:50.799860
leconstitutionnel,bpt6k6856024,,failed,0,0,,no_usable_pages,known,,,bpt6k6856024: no usable pages in manifest.,2026-07-17T20:41:50.902554
leconstitutionnel,bpt6k685603h,,failed,0,0,,no_usable_pages,known,,,bpt6k685603h: no usable pages in manifest.,2026-07-17T20:41:51.025444
leconstitutionnel,bpt6k685604w,,failed,0,0,,no_usable_pages,known,,,bpt6k685604w: no usable pages in manifest.,2026-07-17T20:41:51.114275
leconstitutionnel,bpt6k6856058,,failed,0,0,,no_usable_pages,known,,,bpt6k6856058: no usable pages in manifest.,2026-07-17T20:41:51.204305
leconstitutionnel,bpt6k685606n,,failed,0,0,,no_usable_pages,known,,,bpt6k685606n: no usable pages in manifest.,2026-07-17T20:41:51.305960
leconstitutionnel,bpt6k6856071,,failed,0,0,,no_usable_pages,known,,,bpt6k6856071: no usable pages in manifest.,2026-07-17T20:41:51.412963
leconstitutionnel,bpt6k685608d,,failed,0,0,,no_usable_pages,known,,,bpt6k685608d: no usable pages in manifest.,2026-07-17T20:41:51.539407
leconstitutionnel,bpt6k685609s,,failed,0,0,,no_usable_pages,known,,,bpt6k685609s: no usable pages in manifest.,2026-07-17T20:41:51.646555
leconstitutionnel,bpt6k685610q,,failed,0,0,,no_usable_pages,known,,,bpt6k685610q: no usable pages in manifest.,2026-07-17T20:41:51.730273
leconstitutionnel,bpt6k6856113,,failed,0,0,,no_usable_pages,known,,,bpt6k6856113: no usable pages in manifest.,2026-07-17T20:41:51.787297
leconstitutionnel,bpt6k685612g,,failed,0,0,,no_usable_pages,known,,,bpt6k685612g: no usable pages in manifest.,2026-07-17T20:41:52.112361
leconstitutionnel,bpt6k685613v,,failed,0,0,,no_usable_pages,known,,,bpt6k685613v: no usable pages in manifest.,2026-07-17T20:41:52.293079
leconstitutionnel,bpt6k6856147,,failed,0,0,,no_usable_pages,known,,,bpt6k6856147: no usable pages in manifest.,2026-07-17T20:41:52.360514
leconstitutionnel,bpt6k685615m,,failed,0,0,,no_usable_pages,known,,,bpt6k685615m: no usable pages in manifest.,2026-07-17T20:41:52.438651
leconstitutionnel,bpt6k6856160,,failed,0,0,,no_usable_pages,known,,,bpt6k6856160: no usable pages in manifest.,2026-07-17T20:41:52.544304
leconstitutionnel,bpt6k685617c,,failed,0,0,,no_usable_pages,known,,,bpt6k685617c: no usable pages in manifest.,2026-07-17T20:41:52.629994
leconstitutionnel,bpt6k685618r,,failed,0,0,,no_usable_pages,known,,,bpt6k685618r: no usable pages in manifest.,2026-07-17T20:41:52.722756
leconstitutionnel,bpt6k6856194,,failed,0,0,,no_usable_pages,known,,,bpt6k6856194: no usable pages in manifest.,2026-07-17T20:41:52.791221
leconstitutionnel,bpt6k6856202,,failed,0,0,,no_usable_pages,known,,,bpt6k6856202: no usable pages in manifest.,2026-07-17T20:41:52.877545
leconstitutionnel,bpt6k685621f,,failed,0,0,,no_usable_pages,known,,,bpt6k685621f: no usable pages in manifest.,2026-07-17T20:41:52.947879
leconstitutionnel,bpt6k685622t,,failed,0,0,,no_usable_pages,known,,,bpt6k685622t: no usable pages in manifest.,2026-07-17T20:41:53.065726
leconstitutionnel,bpt6k6856236,,failed,0,0,,no_usable_pages,known,,,bpt6k6856236: no usable pages in manifest.,2026-07-17T20:41:53.160431
leconstitutionnel,bpt6k685624k,,failed,0,0,,no_usable_pages,known,,,bpt6k685624k: no usable pages in manifest.,2026-07-17T20:41:53.297059
leconstitutionnel,bpt6k685625z,,failed,0,0,,no_usable_pages,known,,,bpt6k685625z: no usable pages in manifest.,2026-07-17T20:41:53.393478
leconstitutionnel,bpt6k685626b,,failed,0,0,,no_usable_pages,known,,,bpt6k685626b: no usable pages in manifest.,2026-07-17T20:41:53.495662
leconstitutionnel,bpt6k685627q,,failed,0,0,,no_usable_pages,known,,,bpt6k685627q: no usable pages in manifest.,2026-07-17T20:41:53.676325
leconstitutionnel,bpt6k6856283,,failed,0,0,,no_usable_pages,known,,,bpt6k6856283: no usable pages in manifest.,2026-07-17T20:41:53.796129
leconstitutionnel,bpt6k685629g,,failed,0,0,,no_usable_pages,known,,,bpt6k685629g: no usable pages in manifest.,2026-07-17T20:41:53.901289
leconstitutionnel,bpt6k685630d,,failed,0,0,,no_usable_pages,known,,,bpt6k685630d: no usable pages in manifest.,2026-07-17T20:41:54.018218
leconstitutionnel,bpt6k685631s,,failed,0,0,,no_usable_pages,known,,,bpt6k685631s: no usable pages in manifest.,2026-07-17T20:41:54.111017
leconstitutionnel,bpt6k6856325,,failed,0,0,,no_usable_pages,known,,,bpt6k6856325: no usable pages in manifest.,2026-07-17T20:41:54.216486
leconstitutionnel,bpt6k685633j,,failed,0,0,,no_usable_pages,known,,,bpt6k685633j: no usable pages in manifest.,2026-07-17T20:41:54.371120
leconstitutionnel,bpt6k685634x,,failed,0,0,,no_usable_pages,known,,,bpt6k685634x: no usable pages in manifest.,2026-07-17T20:41:54.483841
leconstitutionnel,bpt6k6856359,,failed,0,0,,no_usable_pages,known,,,bpt6k6856359: no usable pages in manifest.,2026-07-17T20:41:54.619519
leconstitutionnel,bpt6k685636p,,failed,0,0,,no_usable_pages,known,,,bpt6k685636p: no usable pages in manifest.,2026-07-17T20:41:54.713269
leconstitutionnel,bpt6k6856372,,failed,0,0,,no_usable_pages,known,,,bpt6k6856372: no usable pages in manifest.,2026-07-17T20:41:54.828403
leconstitutionnel,bpt6k685638f,,failed,0,0,,no_usable_pages,known,,,bpt6k685638f: no usable pages in manifest.,2026-07-17T20:41:54.933988
leconstitutionnel,bpt6k685639t,,failed,0,0,,no_usable_pages,known,,,bpt6k685639t: no usable pages in manifest.,2026-07-17T20:41:55.022559
leconstitutionnel,bpt6k685640r,,failed,0,0,,no_usable_pages,known,,,bpt6k685640r: no usable pages in manifest.,2026-07-17T20:41:55.094025
leconstitutionnel,bpt6k6856414,,failed,0,0,,no_usable_pages,known,,,bpt6k6856414: no usable pages in manifest.,2026-07-17T20:41:55.153546
leconstitutionnel,bpt6k685642h,,failed,0,0,,no_usable_pages,known,,,bpt6k685642h: no usable pages in manifest.,2026-07-17T20:41:55.239436
leconstitutionnel,bpt6k685643w,,failed,0,0,,no_usable_pages,known,,,bpt6k685643w: no usable pages in manifest.,2026-07-17T20:41:55.393113
leconstitutionnel,bpt6k6856448,,failed,0,0,,no_usable_pages,known,,,bpt6k6856448: no usable pages in manifest.,2026-07-17T20:41:55.492362
leconstitutionnel,bpt6k685645n,,failed,0,0,,no_usable_pages,known,,,bpt6k685645n: no usable pages in manifest.,2026-07-17T20:41:55.608118
leconstitutionnel,bpt6k6856461,,failed,0,0,,no_usable_pages,known,,,bpt6k6856461: no usable pages in manifest.,2026-07-17T20:41:55.767605
leconstitutionnel,bpt6k685647d,,failed,0,0,,no_usable_pages,known,,,bpt6k685647d: no usable pages in manifest.,2026-07-17T20:41:55.853903
leconstitutionnel,bpt6k685648s,,failed,0,0,,no_usable_pages,known,,,bpt6k685648s: no usable pages in manifest.,2026-07-17T20:41:55.904332
leconstitutionnel,bpt6k6856495,,failed,0,0,,no_usable_pages,known,,,bpt6k6856495: no usable pages in manifest.,2026-07-17T20:41:55.974552
leconstitutionnel,bpt6k6856503,,failed,0,0,,no_usable_pages,known,,,bpt6k6856503: no usable pages in manifest.,2026-07-17T20:41:56.061022
leconstitutionnel,bpt6k685651g,,failed,0,0,,no_usable_pages,known,,,bpt6k685651g: no usable pages in manifest.,2026-07-17T20:41:56.151096
leconstitutionnel,bpt6k685652v,,failed,0,0,,no_usable_pages,known,,,bpt6k685652v: no usable pages in manifest.,2026-07-17T20:41:56.222073
leconstitutionnel,bpt6k6856537,,failed,0,0,,no_usable_pages,known,,,bpt6k6856537: no usable pages in manifest.,2026-07-17T20:41:56.317088
leconstitutionnel,bpt6k685654m,,failed,0,0,,no_usable_pages,known,,,bpt6k685654m: no usable pages in manifest.,2026-07-17T20:41:56.467034
leconstitutionnel,bpt6k6856550,,failed,0,0,,no_usable_pages,known,,,bpt6k6856550: no usable pages in manifest.,2026-07-17T20:41:56.574483
leconstitutionnel,bpt6k685656c,,failed,0,0,,no_usable_pages,known,,,bpt6k685656c: no usable pages in manifest.,2026-07-17T20:41:56.662710
leconstitutionnel,bpt6k685657r,,failed,0,0,,no_usable_pages,known,,,bpt6k685657r: no usable pages in manifest.,2026-07-17T20:41:56.770915
leconstitutionnel,bpt6k6856584,,failed,0,0,,no_usable_pages,known,,,bpt6k6856584: no usable pages in manifest.,2026-07-17T20:41:57.060030
leconstitutionnel,bpt6k685659h,,failed,0,0,,no_usable_pages,known,,,bpt6k685659h: no usable pages in manifest.,2026-07-17T20:41:57.171921
leconstitutionnel,bpt6k685660f,,failed,0,0,,no_usable_pages,known,,,bpt6k685660f: no usable pages in manifest.,2026-07-17T20:41:57.266935
leconstitutionnel,bpt6k685661t,,failed,0,0,,no_usable_pages,known,,,bpt6k685661t: no usable pages in manifest.,2026-07-17T20:41:57.413153
leconstitutionnel,bpt6k6856626,,failed,0,0,,no_usable_pages,known,,,bpt6k6856626: no usable pages in manifest.,2026-07-17T20:41:57.641337
leconstitutionnel,bpt6k685663k,,failed,0,0,,no_usable_pages,known,,,bpt6k685663k: no usable pages in manifest.,2026-07-17T20:41:57.743691
leconstitutionnel,bpt6k685664z,,failed,0,0,,no_usable_pages,known,,,bpt6k685664z: no usable pages in manifest.,2026-07-17T20:41:57.893240
leconstitutionnel,bpt6k685665b,,failed,0,0,,no_usable_pages,known,,,bpt6k685665b: no usable pages in manifest.,2026-07-17T20:41:57.996394
leconstitutionnel,bpt6k685666q,,failed,0,0,,no_usable_pages,known,,,bpt6k685666q: no usable pages in manifest.,2026-07-17T20:41:58.104211
leconstitutionnel,bpt6k6856673,,failed,0,0,,no_usable_pages,known,,,bpt6k6856673: no usable pages in manifest.,2026-07-17T20:41:58.226306
leconstitutionnel,bpt6k685668g,,failed,0,0,,no_usable_pages,known,,,bpt6k685668g: no usable pages in manifest.,2026-07-17T20:41:58.342658
leconstitutionnel,bpt6k685669v,,failed,0,0,,no_usable_pages,known,,,bpt6k685669v: no usable pages in manifest.,2026-07-17T20:41:58.441704
leconstitutionnel,bpt6k685670s,,failed,0,0,,no_usable_pages,known,,,bpt6k685670s: no usable pages in manifest.,2026-07-17T20:41:58.646340
leconstitutionnel,bpt6k6856715,,failed,0,0,,no_usable_pages,known,,,bpt6k6856715: no usable pages in manifest.,2026-07-17T20:41:58.738509
leconstitutionnel,bpt6k685672j,,failed,0,0,,no_usable_pages,known,,,bpt6k685672j: no usable pages in manifest.,2026-07-17T20:41:58.842616
leconstitutionnel,bpt6k685673x,,failed,0,0,,no_usable_pages,known,,,bpt6k685673x: no usable pages in manifest.,2026-07-17T20:41:58.938583
leconstitutionnel,bpt6k6856749,,failed,0,0,,no_usable_pages,known,,,bpt6k6856749: no usable pages in manifest.,2026-07-17T20:41:59.060080
leconstitutionnel,bpt6k685675p,,failed,0,0,,no_usable_pages,known,,,bpt6k685675p: no usable pages in manifest.,2026-07-17T20:41:59.162033
leconstitutionnel,bpt6k6856762,,failed,0,0,,no_usable_pages,known,,,bpt6k6856762: no usable pages in manifest.,2026-07-17T20:41:59.235771
leconstitutionnel,bpt6k685677f,,failed,0,0,,no_usable_pages,known,,,bpt6k685677f: no usable pages in manifest.,2026-07-17T20:41:59.363344
leconstitutionnel,bpt6k685678t,,failed,0,0,,no_usable_pages,known,,,bpt6k685678t: no usable pages in manifest.,2026-07-17T20:41:59.475806
leconstitutionnel,bpt6k6856796,,failed,0,0,,no_usable_pages,known,,,bpt6k6856796: no usable pages in manifest.,2026-07-17T20:41:59.594010
leconstitutionnel,bpt6k6856804,,failed,0,0,,no_usable_pages,known,,,bpt6k6856804: no usable pages in manifest.,2026-07-17T20:41:59.734246
leconstitutionnel,bpt6k685681h,,failed,0,0,,no_usable_pages,known,,,bpt6k685681h: no usable pages in manifest.,2026-07-17T20:41:59.823745
leconstitutionnel,bpt6k685682w,,failed,0,0,,no_usable_pages,known,,,bpt6k685682w: no usable pages in manifest.,2026-07-17T20:41:59.930414
leconstitutionnel,bpt6k6856838,,failed,0,0,,no_usable_pages,known,,,bpt6k6856838: no usable pages in manifest.,2026-07-17T20:42:00.202900
leconstitutionnel,bpt6k685684n,,failed,0,0,,no_usable_pages,known,,,bpt6k685684n: no usable pages in manifest.,2026-07-17T20:42:00.337239
leconstitutionnel,bpt6k6856851,,failed,0,0,,no_usable_pages,known,,,bpt6k6856851: no usable pages in manifest.,2026-07-17T20:42:00.421566
leconstitutionnel,bpt6k685686d,,failed,0,0,,no_usable_pages,known,,,bpt6k685686d: no usable pages in manifest.,2026-07-17T20:42:00.521207
leconstitutionnel,bpt6k685687s,,failed,0,0,,no_usable_pages,known,,,bpt6k685687s: no usable pages in manifest.,2026-07-17T20:42:00.648520
leconstitutionnel,bpt6k6856885,,failed,0,0,,no_usable_pages,known,,,bpt6k6856885: no usable pages in manifest.,2026-07-17T20:42:00.783375
leconstitutionnel,bpt6k685689j,,failed,0,0,,no_usable_pages,known,,,bpt6k685689j: no usable pages in manifest.,2026-07-17T20:42:00.920442
leconstitutionnel,bpt6k685690g,,failed,0,0,,no_usable_pages,known,,,bpt6k685690g: no usable pages in manifest.,2026-07-17T20:42:01.055177
leconstitutionnel,bpt6k685691v,,failed,0,0,,no_usable_pages,known,,,bpt6k685691v: no usable pages in manifest.,2026-07-17T20:42:01.138916
leconstitutionnel,bpt6k6856927,,failed,0,0,,no_usable_pages,known,,,bpt6k6856927: no usable pages in manifest.,2026-07-17T20:42:01.247660
leconstitutionnel,bpt6k685693m,,failed,0,0,,no_usable_pages,known,,,bpt6k685693m: no usable pages in manifest.,2026-07-17T20:42:01.348105
leconstitutionnel,bpt6k6856940,,failed,0,0,,no_usable_pages,known,,,bpt6k6856940: no usable pages in manifest.,2026-07-17T20:42:01.441060
leconstitutionnel,bpt6k685695c,,failed,0,0,,no_usable_pages,known,,,bpt6k685695c: no usable pages in manifest.,2026-07-17T20:42:01.527309
leconstitutionnel,bpt6k685696r,,failed,0,0,,no_usable_pages,known,,,bpt6k685696r: no usable pages in manifest.,2026-07-17T20:42:01.676258
leconstitutionnel,bpt6k6856974,,failed,0,0,,no_usable_pages,known,,,bpt6k6856974: no usable pages in manifest.,2026-07-17T20:42:01.915760
leconstitutionnel,bpt6k685698h,,failed,0,0,,no_usable_pages,known,,,bpt6k685698h: no usable pages in manifest.,2026-07-17T20:42:01.993020
leconstitutionnel,bpt6k685699w,,failed,0,0,,no_usable_pages,known,,,bpt6k685699w: no usable pages in manifest.,2026-07-17T20:42:02.138437
leconstitutionnel,bpt6k685700p,,failed,0,0,,no_usable_pages,known,,,bpt6k685700p: no usable pages in manifest.,2026-07-17T20:42:02.285898
leconstitutionnel,bpt6k6857012,,failed,0,0,,no_usable_pages,known,,,bpt6k6857012: no usable pages in manifest.,2026-07-17T20:42:02.429711
leconstitutionnel,bpt6k685702f,,failed,0,0,,no_usable_pages,known,,,bpt6k685702f: no usable pages in manifest.,2026-07-17T20:42:02.514630
leconstitutionnel,bpt6k685703t,,failed,0,0,,no_usable_pages,known,,,bpt6k685703t: no usable pages in manifest.,2026-07-17T20:42:02.614612
leconstitutionnel,bpt6k6857046,,failed,0,0,,no_usable_pages,known,,,bpt6k6857046: no usable pages in manifest.,2026-07-17T20:42:02.732865
leconstitutionnel,bpt6k685705k,,failed,0,0,,no_usable_pages,known,,,bpt6k685705k: no usable pages in manifest.,2026-07-17T20:42:02.862096
leconstitutionnel,bpt6k685706z,,failed,0,0,,no_usable_pages,known,,,bpt6k685706z: no usable pages in manifest.,2026-07-17T20:42:02.978644
leconstitutionnel,bpt6k685707b,,failed,0,0,,no_usable_pages,known,,,bpt6k685707b: no usable pages in manifest.,2026-07-17T20:42:03.103476
leconstitutionnel,bpt6k685708q,,failed,0,0,,no_usable_pages,known,,,bpt6k685708q: no usable pages in manifest.,2026-07-17T20:42:03.196532
leconstitutionnel,bpt6k6857093,,failed,0,0,,no_usable_pages,known,,,bpt6k6857093: no usable pages in manifest.,2026-07-17T20:42:03.295386
leconstitutionnel,bpt6k6857101,,failed,0,0,,no_usable_pages,known,,,bpt6k6857101: no usable pages in manifest.,2026-07-17T20:42:03.421841
leconstitutionnel,bpt6k685711d,,failed,0,0,,no_usable_pages,known,,,bpt6k685711d: no usable pages in manifest.,2026-07-17T20:42:03.553092
leconstitutionnel,bpt6k685712s,,failed,0,0,,no_usable_pages,known,,,bpt6k685712s: no usable pages in manifest.,2026-07-17T20:42:03.771319
leconstitutionnel,bpt6k6857135,,failed,0,0,,no_usable_pages,known,,,bpt6k6857135: no usable pages in manifest.,2026-07-17T20:42:03.921315
leconstitutionnel,bpt6k685714j,,failed,0,0,,no_usable_pages,known,,,bpt6k685714j: no usable pages in manifest.,2026-07-17T20:42:04.051544
leconstitutionnel,bpt6k685715x,,failed,0,0,,no_usable_pages,known,,,bpt6k685715x: no usable pages in manifest.,2026-07-17T20:42:04.179215
leconstitutionnel,bpt6k6857169,,failed,0,0,,no_usable_pages,known,,,bpt6k6857169: no usable pages in manifest.,2026-07-17T20:42:04.296325
leconstitutionnel,bpt6k685717p,,failed,0,0,,no_usable_pages,known,,,bpt6k685717p: no usable pages in manifest.,2026-07-17T20:42:04.404295
leconstitutionnel,bpt6k6857182,,failed,0,0,,no_usable_pages,known,,,bpt6k6857182: no usable pages in manifest.,2026-07-17T20:42:04.540460
leconstitutionnel,bpt6k685719f,,failed,0,0,,no_usable_pages,known,,,bpt6k685719f: no usable pages in manifest.,2026-07-17T20:42:04.677253
leconstitutionnel,bpt6k685720c,,failed,0,0,,no_usable_pages,known,,,bpt6k685720c: no usable pages in manifest.,2026-07-17T20:42:04.803550
leconstitutionnel,bpt6k685721r,,failed,0,0,,no_usable_pages,known,,,bpt6k685721r: no usable pages in manifest.,2026-07-17T20:42:04.906034
leconstitutionnel,bpt6k6857224,,failed,0,0,,no_usable_pages,known,,,bpt6k6857224: no usable pages in manifest.,2026-07-17T20:42:05.012250
leconstitutionnel,bpt6k685723h,,failed,0,0,,no_usable_pages,known,,,bpt6k685723h: no usable pages in manifest.,2026-07-17T20:42:05.193403
leconstitutionnel,bpt6k685724w,,failed,0,0,,no_usable_pages,known,,,bpt6k685724w: no usable pages in manifest.,2026-07-17T20:42:05.294540
leconstitutionnel,bpt6k6857258,,failed,0,0,,no_usable_pages,known,,,bpt6k6857258: no usable pages in manifest.,2026-07-17T20:42:05.428548
leconstitutionnel,bpt6k685726n,,failed,0,0,,no_usable_pages,known,,,bpt6k685726n: no usable pages in manifest.,2026-07-17T20:42:05.642581
leconstitutionnel,bpt6k6857271,,failed,0,0,,no_usable_pages,known,,,bpt6k6857271: no usable pages in manifest.,2026-07-17T20:42:05.764958
leconstitutionnel,bpt6k685728d,,failed,0,0,,no_usable_pages,known,,,bpt6k685728d: no usable pages in manifest.,2026-07-17T20:42:05.921610
leconstitutionnel,bpt6k685729s,,failed,0,0,,no_usable_pages,known,,,bpt6k685729s: no usable pages in manifest.,2026-07-17T20:42:06.011348
leconstitutionnel,bpt6k685730q,,failed,0,0,,no_usable_pages,known,,,bpt6k685730q: no usable pages in manifest.,2026-07-17T20:42:06.104107
leconstitutionnel,bpt6k6857313,,failed,0,0,,no_usable_pages,known,,,bpt6k6857313: no usable pages in manifest.,2026-07-17T20:42:06.253742
leconstitutionnel,bpt6k685732g,,failed,0,0,,no_usable_pages,known,,,bpt6k685732g: no usable pages in manifest.,2026-07-17T20:42:06.419246
leconstitutionnel,bpt6k685733v,,failed,0,0,,no_usable_pages,known,,,bpt6k685733v: no usable pages in manifest.,2026-07-17T20:42:06.534232
leconstitutionnel,bpt6k6857347,,failed,0,0,,no_usable_pages,known,,,bpt6k6857347: no usable pages in manifest.,2026-07-17T20:42:06.700636
leconstitutionnel,bpt6k685735m,,failed,0,0,,no_usable_pages,known,,,bpt6k685735m: no usable pages in manifest.,2026-07-17T20:42:06.808247
leconstitutionnel,bpt6k6857360,,failed,0,0,,no_usable_pages,known,,,bpt6k6857360: no usable pages in manifest.,2026-07-17T20:42:06.951378
leconstitutionnel,bpt6k685737c,,failed,0,0,,no_usable_pages,known,,,bpt6k685737c: no usable pages in manifest.,2026-07-17T20:42:07.086433
leconstitutionnel,bpt6k685738r,,failed,0,0,,no_usable_pages,known,,,bpt6k685738r: no usable pages in manifest.,2026-07-17T20:42:07.196609
leconstitutionnel,bpt6k6857394,,failed,0,0,,no_usable_pages,known,,,bpt6k6857394: no usable pages in manifest.,2026-07-17T20:42:07.341761
leconstitutionnel,bpt6k6857402,,failed,0,0,,no_usable_pages,known,,,bpt6k6857402: no usable pages in manifest.,2026-07-17T20:42:07.470045
leconstitutionnel,bpt6k685741f,,failed,0,0,,no_usable_pages,known,,,bpt6k685741f: no usable pages in manifest.,2026-07-17T20:42:07.601222
leconstitutionnel,bpt6k685742t,,failed,0,0,,no_usable_pages,known,,,bpt6k685742t: no usable pages in manifest.,2026-07-17T20:42:07.692359
leconstitutionnel,bpt6k6857436,,failed,0,0,,no_usable_pages,known,,,bpt6k6857436: no usable pages in manifest.,2026-07-17T20:42:07.809808
leconstitutionnel,bpt6k685744k,,failed,0,0,,no_usable_pages,known,,,bpt6k685744k: no usable pages in manifest.,2026-07-17T20:42:07.976075
leconstitutionnel,bpt6k685745z,,failed,0,0,,no_usable_pages,known,,,bpt6k685745z: no usable pages in manifest.,2026-07-17T20:42:08.080911
leconstitutionnel,bpt6k685746b,,failed,0,0,,no_usable_pages,known,,,bpt6k685746b: no usable pages in manifest.,2026-07-17T20:42:08.188846
leconstitutionnel,bpt6k685747q,,failed,0,0,,no_usable_pages,known,,,bpt6k685747q: no usable pages in manifest.,2026-07-17T20:42:08.350680
leconstitutionnel,bpt6k6857483,,failed,0,0,,no_usable_pages,known,,,bpt6k6857483: no usable pages in manifest.,2026-07-17T20:42:08.481375
leconstitutionnel,bpt6k685749g,,failed,0,0,,no_usable_pages,known,,,bpt6k685749g: no usable pages in manifest.,2026-07-17T20:42:08.605372
leconstitutionnel,bpt6k685750d,,failed,0,0,,no_usable_pages,known,,,bpt6k685750d: no usable pages in manifest.,2026-07-17T20:42:08.847707
leconstitutionnel,bpt6k685751s,,failed,0,0,,no_usable_pages,known,,,bpt6k685751s: no usable pages in manifest.,2026-07-17T20:42:08.949767
leconstitutionnel,bpt6k6857525,,failed,0,0,,no_usable_pages,known,,,bpt6k6857525: no usable pages in manifest.,2026-07-17T20:42:09.106240
leconstitutionnel,bpt6k685753j,,failed,0,0,,no_usable_pages,known,,,bpt6k685753j: no usable pages in manifest.,2026-07-17T20:42:09.214296
leconstitutionnel,bpt6k685754x,,failed,0,0,,no_usable_pages,known,,,bpt6k685754x: no usable pages in manifest.,2026-07-17T20:42:09.328880
leconstitutionnel,bpt6k6857559,,failed,0,0,,no_usable_pages,known,,,bpt6k6857559: no usable pages in manifest.,2026-07-17T20:42:09.435296
leconstitutionnel,bpt6k685756p,,failed,0,0,,no_usable_pages,known,,,bpt6k685756p: no usable pages in manifest.,2026-07-17T20:42:09.666301
leconstitutionnel,bpt6k6857572,,failed,0,0,,no_usable_pages,known,,,bpt6k6857572: no usable pages in manifest.,2026-07-17T20:42:09.820809
leconstitutionnel,bpt6k685758f,,failed,0,0,,no_usable_pages,known,,,bpt6k685758f: no usable pages in manifest.,2026-07-17T20:42:09.967929
leconstitutionnel,bpt6k685759t,,failed,0,0,,no_usable_pages,known,,,bpt6k685759t: no usable pages in manifest.,2026-07-17T20:42:10.098415
leconstitutionnel,bpt6k685760r,,failed,0,0,,no_usable_pages,known,,,bpt6k685760r: no usable pages in manifest.,2026-07-17T20:42:10.224711
leconstitutionnel,bpt6k6857614,,failed,0,0,,no_usable_pages,known,,,bpt6k6857614: no usable pages in manifest.,2026-07-17T20:42:10.369815
leconstitutionnel,bpt6k685762h,,failed,0,0,,no_usable_pages,known,,,bpt6k685762h: no usable pages in manifest.,2026-07-17T20:42:10.537768
leconstitutionnel,bpt6k685763w,,failed,0,0,,no_usable_pages,known,,,bpt6k685763w: no usable pages in manifest.,2026-07-17T20:42:10.685136
leconstitutionnel,bpt6k6857648,,failed,0,0,,no_usable_pages,known,,,bpt6k6857648: no usable pages in manifest.,2026-07-17T20:42:10.783897
leconstitutionnel,bpt6k685765n,,failed,0,0,,no_usable_pages,known,,,bpt6k685765n: no usable pages in manifest.,2026-07-17T20:42:10.865840
leconstitutionnel,bpt6k6857661,,failed,0,0,,no_usable_pages,known,,,bpt6k6857661: no usable pages in manifest.,2026-07-17T20:42:10.984418
leconstitutionnel,bpt6k685767d,,failed,0,0,,no_usable_pages,known,,,bpt6k685767d: no usable pages in manifest.,2026-07-17T20:42:11.085527
leconstitutionnel,bpt6k685768s,,failed,0,0,,no_usable_pages,known,,,bpt6k685768s: no usable pages in manifest.,2026-07-17T20:42:11.190754
leconstitutionnel,bpt6k6857695,,failed,0,0,,no_usable_pages,known,,,bpt6k6857695: no usable pages in manifest.,2026-07-17T20:42:11.283817
leconstitutionnel,bpt6k6857703,,failed,0,0,,no_usable_pages,known,,,bpt6k6857703: no usable pages in manifest.,2026-07-17T20:42:11.396979
leconstitutionnel,bpt6k685771g,,failed,0,0,,no_usable_pages,known,,,bpt6k685771g: no usable pages in manifest.,2026-07-17T20:42:11.517285
leconstitutionnel,bpt6k685772v,,failed,0,0,,no_usable_pages,known,,,bpt6k685772v: no usable pages in manifest.,2026-07-17T20:42:11.600344
leconstitutionnel,bpt6k6857737,,failed,0,0,,no_usable_pages,known,,,bpt6k6857737: no usable pages in manifest.,2026-07-17T20:42:11.758203
leconstitutionnel,bpt6k685774m,,failed,0,0,,no_usable_pages,known,,,bpt6k685774m: no usable pages in manifest.,2026-07-17T20:42:11.916626
leconstitutionnel,bpt6k6857750,,failed,0,0,,no_usable_pages,known,,,bpt6k6857750: no usable pages in manifest.,2026-07-17T20:42:11.989608
leconstitutionnel,bpt6k685776c,,failed,0,0,,no_usable_pages,known,,,bpt6k685776c: no usable pages in manifest.,2026-07-17T20:42:12.096328
leconstitutionnel,bpt6k685777r,,failed,0,0,,no_usable_pages,known,,,bpt6k685777r: no usable pages in manifest.,2026-07-17T20:42:12.218422
leconstitutionnel,bpt6k6857784,,failed,0,0,,no_usable_pages,known,,,bpt6k6857784: no usable pages in manifest.,2026-07-17T20:42:12.330192
leconstitutionnel,bpt6k685779h,,failed,0,0,,no_usable_pages,known,,,bpt6k685779h: no usable pages in manifest.,2026-07-17T20:42:12.433169
leconstitutionnel,bpt6k685780f,,failed,0,0,,no_usable_pages,known,,,bpt6k685780f: no usable pages in manifest.,2026-07-17T20:42:12.549027
leconstitutionnel,bpt6k685781t,,failed,0,0,,no_usable_pages,known,,,bpt6k685781t: no usable pages in manifest.,2026-07-17T20:42:12.666396
leconstitutionnel,bpt6k6857826,,failed,0,0,,no_usable_pages,known,,,bpt6k6857826: no usable pages in manifest.,2026-07-17T20:42:12.803225
leconstitutionnel,bpt6k685783k,,failed,0,0,,no_usable_pages,known,,,bpt6k685783k: no usable pages in manifest.,2026-07-17T20:42:12.917956
leconstitutionnel,bpt6k685784z,,failed,0,0,,no_usable_pages,known,,,bpt6k685784z: no usable pages in manifest.,2026-07-17T20:42:13.023495
leconstitutionnel,bpt6k685785b,,failed,0,0,,no_usable_pages,known,,,bpt6k685785b: no usable pages in manifest.,2026-07-17T20:42:13.130284
leconstitutionnel,bpt6k685786q,,failed,0,0,,no_usable_pages,known,,,bpt6k685786q: no usable pages in manifest.,2026-07-17T20:42:13.219172
leconstitutionnel,bpt6k6857873,,failed,0,0,,no_usable_pages,known,,,bpt6k6857873: no usable pages in manifest.,2026-07-17T20:42:13.324100
leconstitutionnel,bpt6k685788g,,failed,0,0,,no_usable_pages,known,,,bpt6k685788g: no usable pages in manifest.,2026-07-17T20:42:13.469238
leconstitutionnel,bpt6k685789v,,failed,0,0,,no_usable_pages,known,,,bpt6k685789v: no usable pages in manifest.,2026-07-17T20:42:13.639331
leconstitutionnel,bpt6k685790s,,failed,0,0,,no_usable_pages,known,,,bpt6k685790s: no usable pages in manifest.,2026-07-17T20:42:13.940589
leconstitutionnel,bpt6k6857915,,failed,0,0,,no_usable_pages,known,,,bpt6k6857915: no usable pages in manifest.,2026-07-17T20:42:14.072586
leconstitutionnel,bpt6k685792j,,failed,0,0,,no_usable_pages,known,,,bpt6k685792j: no usable pages in manifest.,2026-07-17T20:42:14.186160
leconstitutionnel,bpt6k685793x,,failed,0,0,,no_usable_pages,known,,,bpt6k685793x: no usable pages in manifest.,2026-07-17T20:42:14.295045
leconstitutionnel,bpt6k6857949,,failed,0,0,,no_usable_pages,known,,,bpt6k6857949: no usable pages in manifest.,2026-07-17T20:42:14.387375
leconstitutionnel,bpt6k685795p,,failed,0,0,,no_usable_pages,known,,,bpt6k685795p: no usable pages in manifest.,2026-07-17T20:42:14.490662
leconstitutionnel,bpt6k6857962,,failed,0,0,,no_usable_pages,known,,,bpt6k6857962: no usable pages in manifest.,2026-07-17T20:42:14.562356
leconstitutionnel,bpt6k685797f,,failed,0,0,,no_usable_pages,known,,,bpt6k685797f: no usable pages in manifest.,2026-07-17T20:42:14.686153
leconstitutionnel,bpt6k685798t,,failed,0,0,,no_usable_pages,known,,,bpt6k685798t: no usable pages in manifest.,2026-07-17T20:42:14.819244
leconstitutionnel,bpt6k6857996,,failed,0,0,,no_usable_pages,known,,,bpt6k6857996: no usable pages in manifest.,2026-07-17T20:42:14.916048
leconstitutionnel,bpt6k6858000,,failed,0,0,,no_usable_pages,known,,,bpt6k6858000: no usable pages in manifest.,2026-07-17T20:42:15.016461
leconstitutionnel,bpt6k685801c,,failed,0,0,,no_usable_pages,known,,,bpt6k685801c: no usable pages in manifest.,2026-07-17T20:42:15.129653
leconstitutionnel,bpt6k685802r,,failed,0,0,,no_usable_pages,known,,,bpt6k685802r: no usable pages in manifest.,2026-07-17T20:42:15.234568
leconstitutionnel,bpt6k6858034,,failed,0,0,,no_usable_pages,known,,,bpt6k6858034: no usable pages in manifest.,2026-07-17T20:42:15.435972
leconstitutionnel,bpt6k685804h,,failed,0,0,,no_usable_pages,known,,,bpt6k685804h: no usable pages in manifest.,2026-07-17T20:42:15.535543
leconstitutionnel,bpt6k685805w,,failed,0,0,,no_usable_pages,known,,,bpt6k685805w: no usable pages in manifest.,2026-07-17T20:42:15.662339
leconstitutionnel,bpt6k6858068,,failed,0,0,,no_usable_pages,known,,,bpt6k6858068: no usable pages in manifest.,2026-07-17T20:42:15.787243
leconstitutionnel,bpt6k685807n,,failed,0,0,,no_usable_pages,known,,,bpt6k685807n: no usable pages in manifest.,2026-07-17T20:42:15.886757
leconstitutionnel,bpt6k6858081,,failed,0,0,,no_usable_pages,known,,,bpt6k6858081: no usable pages in manifest.,2026-07-17T20:42:15.985884
leconstitutionnel,bpt6k685809d,,failed,0,0,,no_usable_pages,known,,,bpt6k685809d: no usable pages in manifest.,2026-07-17T20:42:16.051287
leconstitutionnel,bpt6k685810b,,failed,0,0,,no_usable_pages,known,,,bpt6k685810b: no usable pages in manifest.,2026-07-17T20:42:16.165619
leconstitutionnel,bpt6k685811q,,failed,0,0,,no_usable_pages,known,,,bpt6k685811q: no usable pages in manifest.,2026-07-17T20:42:16.270152
leconstitutionnel,bpt6k6858123,,failed,0,0,,no_usable_pages,known,,,bpt6k6858123: no usable pages in manifest.,2026-07-17T20:42:16.398322
leconstitutionnel,bpt6k685813g,,failed,0,0,,no_usable_pages,known,,,bpt6k685813g: no usable pages in manifest.,2026-07-17T20:42:16.493455
leconstitutionnel,bpt6k685814v,,failed,0,0,,no_usable_pages,known,,,bpt6k685814v: no usable pages in manifest.,2026-07-17T20:42:16.574765
leconstitutionnel,bpt6k6858157,,failed,0,0,,no_usable_pages,known,,,bpt6k6858157: no usable pages in manifest.,2026-07-17T20:42:16.662052
leconstitutionnel,bpt6k685816m,,failed,0,0,,no_usable_pages,known,,,bpt6k685816m: no usable pages in manifest.,2026-07-17T20:42:16.793640
leconstitutionnel,bpt6k6858170,,failed,0,0,,no_usable_pages,known,,,bpt6k6858170: no usable pages in manifest.,2026-07-17T20:42:16.904532
leconstitutionnel,bpt6k685818c,,failed,0,0,,no_usable_pages,known,,,bpt6k685818c: no usable pages in manifest.,2026-07-17T20:42:17.153432
leconstitutionnel,bpt6k685819r,,failed,0,0,,no_usable_pages,known,,,bpt6k685819r: no usable pages in manifest.,2026-07-17T20:42:17.387969
leconstitutionnel,bpt6k685820p,,failed,0,0,,no_usable_pages,known,,,bpt6k685820p: no usable pages in manifest.,2026-07-17T20:42:17.512470
leconstitutionnel,bpt6k6858212,,failed,0,0,,no_usable_pages,known,,,bpt6k6858212: no usable pages in manifest.,2026-07-17T20:42:17.663903
leconstitutionnel,bpt6k685822f,,failed,0,0,,no_usable_pages,known,,,bpt6k685822f: no usable pages in manifest.,2026-07-17T20:42:17.816277
leconstitutionnel,bpt6k685823t,,failed,0,0,,no_usable_pages,known,,,bpt6k685823t: no usable pages in manifest.,2026-07-17T20:42:17.927026
leconstitutionnel,bpt6k6858246,,failed,0,0,,no_usable_pages,known,,,bpt6k6858246: no usable pages in manifest.,2026-07-17T20:42:18.056118
leconstitutionnel,bpt6k685825k,,failed,0,0,,no_usable_pages,known,,,bpt6k685825k: no usable pages in manifest.,2026-07-17T20:42:18.193739
leconstitutionnel,bpt6k685826z,,failed,0,0,,no_usable_pages,known,,,bpt6k685826z: no usable pages in manifest.,2026-07-17T20:42:18.342234
leconstitutionnel,bpt6k685827b,,failed,0,0,,no_usable_pages,known,,,bpt6k685827b: no usable pages in manifest.,2026-07-17T20:42:18.443745
leconstitutionnel,bpt6k685828q,,failed,0,0,,no_usable_pages,known,,,bpt6k685828q: no usable pages in manifest.,2026-07-17T20:42:18.559077
leconstitutionnel,bpt6k6858293,,failed,0,0,,no_usable_pages,known,,,bpt6k6858293: no usable pages in manifest.,2026-07-17T20:42:18.648940
leconstitutionnel,bpt6k6858301,,failed,0,0,,no_usable_pages,known,,,bpt6k6858301: no usable pages in manifest.,2026-07-17T20:42:18.789894
leconstitutionnel,bpt6k685831d,,failed,0,0,,no_usable_pages,known,,,bpt6k685831d: no usable pages in manifest.,2026-07-17T20:42:19.073773
leconstitutionnel,bpt6k685832s,,failed,0,0,,no_usable_pages,known,,,bpt6k685832s: no usable pages in manifest.,2026-07-17T20:42:19.162944
leconstitutionnel,bpt6k6858335,,failed,0,0,,no_usable_pages,known,,,bpt6k6858335: no usable pages in manifest.,2026-07-17T20:42:19.251821
leconstitutionnel,bpt6k685834j,,failed,0,0,,no_usable_pages,known,,,bpt6k685834j: no usable pages in manifest.,2026-07-17T20:42:19.352477
leconstitutionnel,bpt6k685835x,,failed,0,0,,no_usable_pages,known,,,bpt6k685835x: no usable pages in manifest.,2026-07-17T20:42:19.451589
leconstitutionnel,bpt6k6858369,,failed,0,0,,no_usable_pages,known,,,bpt6k6858369: no usable pages in manifest.,2026-07-17T20:42:19.596657
leconstitutionnel,bpt6k685837p,,failed,0,0,,no_usable_pages,known,,,bpt6k685837p: no usable pages in manifest.,2026-07-17T20:42:19.706857
leconstitutionnel,bpt6k6858382,,failed,0,0,,no_usable_pages,known,,,bpt6k6858382: no usable pages in manifest.,2026-07-17T20:42:19.837512
leconstitutionnel,bpt6k685839f,,failed,0,0,,no_usable_pages,known,,,bpt6k685839f: no usable pages in manifest.,2026-07-17T20:42:19.931771
leconstitutionnel,bpt6k685840c,,failed,0,0,,no_usable_pages,known,,,bpt6k685840c: no usable pages in manifest.,2026-07-17T20:42:20.050163
leconstitutionnel,bpt6k685841r,,failed,0,0,,no_usable_pages,known,,,bpt6k685841r: no usable pages in manifest.,2026-07-17T20:42:20.149067
leconstitutionnel,bpt6k6858424,,failed,0,0,,no_usable_pages,known,,,bpt6k6858424: no usable pages in manifest.,2026-07-17T20:42:20.247256
leconstitutionnel,bpt6k685843h,,failed,0,0,,no_usable_pages,known,,,bpt6k685843h: no usable pages in manifest.,2026-07-17T20:42:20.327779
leconstitutionnel,bpt6k685844w,,failed,0,0,,no_usable_pages,known,,,bpt6k685844w: no usable pages in manifest.,2026-07-17T20:42:20.430616
leconstitutionnel,bpt6k6858458,,failed,0,0,,no_usable_pages,known,,,bpt6k6858458: no usable pages in manifest.,2026-07-17T20:42:20.580329
leconstitutionnel,bpt6k685846n,,failed,0,0,,no_usable_pages,known,,,bpt6k685846n: no usable pages in manifest.,2026-07-17T20:42:20.741076
leconstitutionnel,bpt6k6858471,,failed,0,0,,no_usable_pages,known,,,bpt6k6858471: no usable pages in manifest.,2026-07-17T20:42:20.871329
leconstitutionnel,bpt6k685848d,,failed,0,0,,no_usable_pages,known,,,bpt6k685848d: no usable pages in manifest.,2026-07-17T20:42:21.067594
leconstitutionnel,bpt6k685849s,,failed,0,0,,no_usable_pages,known,,,bpt6k685849s: no usable pages in manifest.,2026-07-17T20:42:21.298895
leconstitutionnel,bpt6k685850q,,failed,0,0,,no_usable_pages,known,,,bpt6k685850q: no usable pages in manifest.,2026-07-17T20:42:21.423462
leconstitutionnel,bpt6k6858513,,failed,0,0,,no_usable_pages,known,,,bpt6k6858513: no usable pages in manifest.,2026-07-17T20:42:21.554544
leconstitutionnel,bpt6k685852g,,failed,0,0,,no_usable_pages,known,,,bpt6k685852g: no usable pages in manifest.,2026-07-17T20:42:21.691315
leconstitutionnel,bpt6k685853v,,failed,0,0,,no_usable_pages,known,,,bpt6k685853v: no usable pages in manifest.,2026-07-17T20:42:21.824680
leconstitutionnel,bpt6k6858547,,failed,0,0,,no_usable_pages,known,,,bpt6k6858547: no usable pages in manifest.,2026-07-17T20:42:21.930843
leconstitutionnel,bpt6k685855m,,failed,0,0,,no_usable_pages,known,,,bpt6k685855m: no usable pages in manifest.,2026-07-17T20:42:22.047112
leconstitutionnel,bpt6k6858560,,failed,0,0,,no_usable_pages,known,,,bpt6k6858560: no usable pages in manifest.,2026-07-17T20:42:22.119625
leconstitutionnel,bpt6k685857c,,failed,0,0,,no_usable_pages,known,,,bpt6k685857c: no usable pages in manifest.,2026-07-17T20:42:22.252459
leconstitutionnel,bpt6k685858r,,failed,0,0,,no_usable_pages,known,,,bpt6k685858r: no usable pages in manifest.,2026-07-17T20:42:22.404547
leconstitutionnel,bpt6k6858594,,failed,0,0,,no_usable_pages,known,,,bpt6k6858594: no usable pages in manifest.,2026-07-17T20:42:22.490986
leconstitutionnel,bpt6k6858602,,failed,0,0,,no_usable_pages,known,,,bpt6k6858602: no usable pages in manifest.,2026-07-17T20:42:22.638714
leconstitutionnel,bpt6k685861f,,failed,0,0,,no_usable_pages,known,,,bpt6k685861f: no usable pages in manifest.,2026-07-17T20:42:22.731300
leconstitutionnel,bpt6k685862t,,failed,0,0,,no_usable_pages,known,,,bpt6k685862t: no usable pages in manifest.,2026-07-17T20:42:22.839434
leconstitutionnel,bpt6k6858636,,failed,0,0,,no_usable_pages,known,,,bpt6k6858636: no usable pages in manifest.,2026-07-17T20:42:22.902273
leconstitutionnel,bpt6k685864k,,failed,0,0,,no_usable_pages,known,,,bpt6k685864k: no usable pages in manifest.,2026-07-17T20:42:23.017180
leconstitutionnel,bpt6k685865z,,failed,0,0,,no_usable_pages,known,,,bpt6k685865z: no usable pages in manifest.,2026-07-17T20:42:23.145285
leconstitutionnel,bpt6k685866b,,failed,0,0,,no_usable_pages,known,,,bpt6k685866b: no usable pages in manifest.,2026-07-17T20:42:23.280592
leconstitutionnel,bpt6k685867q,,failed,0,0,,no_usable_pages,known,,,bpt6k685867q: no usable pages in manifest.,2026-07-17T20:42:23.370253
leconstitutionnel,bpt6k6858683,,failed,0,0,,no_usable_pages,known,,,bpt6k6858683: no usable pages in manifest.,2026-07-17T20:42:23.470950
leconstitutionnel,bpt6k685869g,,failed,0,0,,no_usable_pages,known,,,bpt6k685869g: no usable pages in manifest.,2026-07-17T20:42:23.574293
leconstitutionnel,bpt6k685870d,,failed,0,0,,no_usable_pages,known,,,bpt6k685870d: no usable pages in manifest.,2026-07-17T20:42:23.704578
leconstitutionnel,bpt6k685871s,,failed,0,0,,no_usable_pages,known,,,bpt6k685871s: no usable pages in manifest.,2026-07-17T20:42:23.893685
leconstitutionnel,bpt6k6858725,,failed,0,0,,no_usable_pages,known,,,bpt6k6858725: no usable pages in manifest.,2026-07-17T20:42:23.983229
leconstitutionnel,bpt6k685873j,,failed,0,0,,no_usable_pages,known,,,bpt6k685873j: no usable pages in manifest.,2026-07-17T20:42:24.095470
leconstitutionnel,bpt6k685874x,,failed,0,0,,no_usable_pages,known,,,bpt6k685874x: no usable pages in manifest.,2026-07-17T20:42:24.234483
leconstitutionnel,bpt6k6858759,,failed,0,0,,no_usable_pages,known,,,bpt6k6858759: no usable pages in manifest.,2026-07-17T20:42:24.327728
leconstitutionnel,bpt6k685876p,,failed,0,0,,no_usable_pages,known,,,bpt6k685876p: no usable pages in manifest.,2026-07-17T20:42:24.408891
leconstitutionnel,bpt6k6858772,,failed,0,0,,no_usable_pages,known,,,bpt6k6858772: no usable pages in manifest.,2026-07-17T20:42:24.511969
leconstitutionnel,bpt6k685878f,,failed,0,0,,no_usable_pages,known,,,bpt6k685878f: no usable pages in manifest.,2026-07-17T20:42:24.658265
leconstitutionnel,bpt6k685879t,,failed,0,0,,no_usable_pages,known,,,bpt6k685879t: no usable pages in manifest.,2026-07-17T20:42:24.744348
leconstitutionnel,bpt6k685880r,,failed,0,0,,no_usable_pages,known,,,bpt6k685880r: no usable pages in manifest.,2026-07-17T20:42:24.847239
leconstitutionnel,bpt6k6858814,,failed,0,0,,no_usable_pages,known,,,bpt6k6858814: no usable pages in manifest.,2026-07-17T20:42:24.946299
leconstitutionnel,bpt6k685882h,,failed,0,0,,no_usable_pages,known,,,bpt6k685882h: no usable pages in manifest.,2026-07-17T20:42:25.031577
leconstitutionnel,bpt6k685883w,,failed,0,0,,no_usable_pages,known,,,bpt6k685883w: no usable pages in manifest.,2026-07-17T20:42:25.121488
leconstitutionnel,bpt6k6858848,,failed,0,0,,no_usable_pages,known,,,bpt6k6858848: no usable pages in manifest.,2026-07-17T20:42:25.265493
leconstitutionnel,bpt6k685885n,,failed,0,0,,no_usable_pages,known,,,bpt6k685885n: no usable pages in manifest.,2026-07-17T20:42:25.424734
leconstitutionnel,bpt6k6858861,,failed,0,0,,no_usable_pages,known,,,bpt6k6858861: no usable pages in manifest.,2026-07-17T20:42:25.519079
leconstitutionnel,bpt6k685887d,,failed,0,0,,no_usable_pages,known,,,bpt6k685887d: no usable pages in manifest.,2026-07-17T20:42:25.659577
leconstitutionnel,bpt6k685888s,,failed,0,0,,no_usable_pages,known,,,bpt6k685888s: no usable pages in manifest.,2026-07-17T20:42:25.788010
leconstitutionnel,bpt6k6858895,,failed,0,0,,no_usable_pages,known,,,bpt6k6858895: no usable pages in manifest.,2026-07-17T20:42:25.933312
leconstitutionnel,bpt6k6858903,,failed,0,0,,no_usable_pages,known,,,bpt6k6858903: no usable pages in manifest.,2026-07-17T20:42:26.063077
leconstitutionnel,bpt6k685891g,,failed,0,0,,no_usable_pages,known,,,bpt6k685891g: no usable pages in manifest.,2026-07-17T20:42:26.193647
leconstitutionnel,bpt6k685892v,,failed,0,0,,no_usable_pages,known,,,bpt6k685892v: no usable pages in manifest.,2026-07-17T20:42:26.447467
leconstitutionnel,bpt6k6858937,,failed,0,0,,no_usable_pages,known,,,bpt6k6858937: no usable pages in manifest.,2026-07-17T20:42:26.552987
leconstitutionnel,bpt6k685894m,,failed,0,0,,no_usable_pages,known,,,bpt6k685894m: no usable pages in manifest.,2026-07-17T20:42:26.655919
leconstitutionnel,bpt6k6858950,,failed,0,0,,no_usable_pages,known,,,bpt6k6858950: no usable pages in manifest.,2026-07-17T20:42:26.804920
leconstitutionnel,bpt6k685896c,,failed,0,0,,no_usable_pages,known,,,bpt6k685896c: no usable pages in manifest.,2026-07-17T20:42:26.961679
leconstitutionnel,bpt6k685897r,,failed,0,0,,no_usable_pages,known,,,bpt6k685897r: no usable pages in manifest.,2026-07-17T20:42:27.264114
leconstitutionnel,bpt6k6858984,,failed,0,0,,no_usable_pages,known,,,bpt6k6858984: no usable pages in manifest.,2026-07-17T20:42:27.370482
leconstitutionnel,bpt6k685899h,,failed,0,0,,no_usable_pages,known,,,bpt6k685899h: no usable pages in manifest.,2026-07-17T20:42:27.465291
leconstitutionnel,bpt6k6859009,,failed,0,0,,no_usable_pages,known,,,bpt6k6859009: no usable pages in manifest.,2026-07-17T20:42:27.544812
leconstitutionnel,bpt6k685901p,,failed,0,0,,no_usable_pages,known,,,bpt6k685901p: no usable pages in manifest.,2026-07-17T20:42:27.654386
leconstitutionnel,bpt6k6859022,,failed,0,0,,no_usable_pages,known,,,bpt6k6859022: no usable pages in manifest.,2026-07-17T20:42:27.777458
leconstitutionnel,bpt6k685903f,,failed,0,0,,no_usable_pages,known,,,bpt6k685903f: no usable pages in manifest.,2026-07-17T20:42:27.898488
leconstitutionnel,bpt6k685904t,,failed,0,0,,no_usable_pages,known,,,bpt6k685904t: no usable pages in manifest.,2026-07-17T20:42:27.978964
leconstitutionnel,bpt6k6859056,,failed,0,0,,no_usable_pages,known,,,bpt6k6859056: no usable pages in manifest.,2026-07-17T20:42:28.068862
leconstitutionnel,bpt6k685906k,,failed,0,0,,no_usable_pages,known,,,bpt6k685906k: no usable pages in manifest.,2026-07-17T20:42:28.160938
leconstitutionnel,bpt6k685907z,,failed,0,0,,no_usable_pages,known,,,bpt6k685907z: no usable pages in manifest.,2026-07-17T20:42:28.262398
leconstitutionnel,bpt6k685908b,,failed,0,0,,no_usable_pages,known,,,bpt6k685908b: no usable pages in manifest.,2026-07-17T20:42:28.369341
leconstitutionnel,bpt6k685909q,,failed,0,0,,no_usable_pages,known,,,bpt6k685909q: no usable pages in manifest.,2026-07-17T20:42:28.478570
leconstitutionnel,bpt6k685910n,,failed,0,0,,no_usable_pages,known,,,bpt6k685910n: no usable pages in manifest.,2026-07-17T20:42:28.670711
leconstitutionnel,bpt6k6859111,,failed,0,0,,no_usable_pages,known,,,bpt6k6859111: no usable pages in manifest.,2026-07-17T20:42:28.797286
leconstitutionnel,bpt6k685912d,,failed,0,0,,no_usable_pages,known,,,bpt6k685912d: no usable pages in manifest.,2026-07-17T20:42:28.910494
leconstitutionnel,bpt6k685913s,,failed,0,0,,no_usable_pages,known,,,bpt6k685913s: no usable pages in manifest.,2026-07-17T20:42:28.998110
leconstitutionnel,bpt6k6859145,,failed,0,0,,no_usable_pages,known,,,bpt6k6859145: no usable pages in manifest.,2026-07-17T20:42:29.116257
leconstitutionnel,bpt6k685915j,,failed,0,0,,no_usable_pages,known,,,bpt6k685915j: no usable pages in manifest.,2026-07-17T20:42:29.250016
leconstitutionnel,bpt6k685916x,,failed,0,0,,no_usable_pages,known,,,bpt6k685916x: no usable pages in manifest.,2026-07-17T20:42:29.369457
leconstitutionnel,bpt6k6859179,,failed,0,0,,no_usable_pages,known,,,bpt6k6859179: no usable pages in manifest.,2026-07-17T20:42:29.470012
leconstitutionnel,bpt6k685918p,,failed,0,0,,no_usable_pages,known,,,bpt6k685918p: no usable pages in manifest.,2026-07-17T20:42:29.566141
leconstitutionnel,bpt6k6859192,,failed,0,0,,no_usable_pages,known,,,bpt6k6859192: no usable pages in manifest.,2026-07-17T20:42:29.694236
leconstitutionnel,bpt6k6859200,,failed,0,0,,no_usable_pages,known,,,bpt6k6859200: no usable pages in manifest.,2026-07-17T20:42:29.765575
leconstitutionnel,bpt6k685921c,,failed,0,0,,no_usable_pages,known,,,bpt6k685921c: no usable pages in manifest.,2026-07-17T20:42:29.887892
leconstitutionnel,bpt6k685922r,,failed,0,0,,no_usable_pages,known,,,bpt6k685922r: no usable pages in manifest.,2026-07-17T20:42:30.024336
leconstitutionnel,bpt6k6859234,,failed,0,0,,no_usable_pages,known,,,bpt6k6859234: no usable pages in manifest.,2026-07-17T20:42:30.143861
leconstitutionnel,bpt6k685924h,,failed,0,0,,no_usable_pages,known,,,bpt6k685924h: no usable pages in manifest.,2026-07-17T20:42:30.338090
leconstitutionnel,bpt6k685925w,,failed,0,0,,no_usable_pages,known,,,bpt6k685925w: no usable pages in manifest.,2026-07-17T20:42:30.491092
leconstitutionnel,bpt6k6859268,,failed,0,0,,no_usable_pages,known,,,bpt6k6859268: no usable pages in manifest.,2026-07-17T20:42:30.594410
leconstitutionnel,bpt6k685927n,,failed,0,0,,no_usable_pages,known,,,bpt6k685927n: no usable pages in manifest.,2026-07-17T20:42:30.684265
leconstitutionnel,bpt6k6859281,,failed,0,0,,no_usable_pages,known,,,bpt6k6859281: no usable pages in manifest.,2026-07-17T20:42:30.791724
leconstitutionnel,bpt6k685929d,,failed,0,0,,no_usable_pages,known,,,bpt6k685929d: no usable pages in manifest.,2026-07-17T20:42:30.887884
leconstitutionnel,bpt6k685930b,,failed,0,0,,no_usable_pages,known,,,bpt6k685930b: no usable pages in manifest.,2026-07-17T20:42:30.956441
leconstitutionnel,bpt6k685931q,,failed,0,0,,no_usable_pages,known,,,bpt6k685931q: no usable pages in manifest.,2026-07-17T20:42:31.094296
leconstitutionnel,bpt6k6859323,,failed,0,0,,no_usable_pages,known,,,bpt6k6859323: no usable pages in manifest.,2026-07-17T20:42:31.208016
leconstitutionnel,bpt6k685933g,,failed,0,0,,no_usable_pages,known,,,bpt6k685933g: no usable pages in manifest.,2026-07-17T20:42:31.317007
leconstitutionnel,bpt6k685934v,,failed,0,0,,no_usable_pages,known,,,bpt6k685934v: no usable pages in manifest.,2026-07-17T20:42:31.404268
leconstitutionnel,bpt6k6859357,,failed,0,0,,no_usable_pages,known,,,bpt6k6859357: no usable pages in manifest.,2026-07-17T20:42:31.530050
leconstitutionnel,bpt6k685936m,,failed,0,0,,no_usable_pages,known,,,bpt6k685936m: no usable pages in manifest.,2026-07-17T20:42:31.625637
leconstitutionnel,bpt6k6859370,,failed,0,0,,no_usable_pages,known,,,bpt6k6859370: no usable pages in manifest.,2026-07-17T20:42:31.777502
leconstitutionnel,bpt6k685938c,,failed,0,0,,no_usable_pages,known,,,bpt6k685938c: no usable pages in manifest.,2026-07-17T20:42:31.920465
leconstitutionnel,bpt6k685939r,,failed,0,0,,no_usable_pages,known,,,bpt6k685939r: no usable pages in manifest.,2026-07-17T20:42:32.123463
leconstitutionnel,bpt6k685940p,,failed,0,0,,no_usable_pages,known,,,bpt6k685940p: no usable pages in manifest.,2026-07-17T20:42:32.233132
leconstitutionnel,bpt6k6859412,,failed,0,0,,no_usable_pages,known,,,bpt6k6859412: no usable pages in manifest.,2026-07-17T20:42:32.361035
leconstitutionnel,bpt6k685942f,,failed,0,0,,no_usable_pages,known,,,bpt6k685942f: no usable pages in manifest.,2026-07-17T20:42:32.502774
leconstitutionnel,bpt6k685943t,,failed,0,0,,no_usable_pages,known,,,bpt6k685943t: no usable pages in manifest.,2026-07-17T20:42:32.707309
leconstitutionnel,bpt6k6859446,,failed,0,0,,no_usable_pages,known,,,bpt6k6859446: no usable pages in manifest.,2026-07-17T20:42:32.804129
leconstitutionnel,bpt6k685945k,,failed,0,0,,no_usable_pages,known,,,bpt6k685945k: no usable pages in manifest.,2026-07-17T20:42:32.916097
leconstitutionnel,bpt6k685946z,,failed,0,0,,no_usable_pages,known,,,bpt6k685946z: no usable pages in manifest.,2026-07-17T20:42:33.017465
leconstitutionnel,bpt6k685947b,,failed,0,0,,no_usable_pages,known,,,bpt6k685947b: no usable pages in manifest.,2026-07-17T20:42:33.172326
leconstitutionnel,bpt6k685948q,,failed,0,0,,no_usable_pages,known,,,bpt6k685948q: no usable pages in manifest.,2026-07-17T20:42:33.280567
leconstitutionnel,bpt6k6859493,,failed,0,0,,no_usable_pages,known,,,bpt6k6859493: no usable pages in manifest.,2026-07-17T20:42:33.385294
leconstitutionnel,bpt6k6859501,,failed,0,0,,no_usable_pages,known,,,bpt6k6859501: no usable pages in manifest.,2026-07-17T20:42:33.466427
leconstitutionnel,bpt6k685951d,,failed,0,0,,no_usable_pages,known,,,bpt6k685951d: no usable pages in manifest.,2026-07-17T20:42:33.561594
leconstitutionnel,bpt6k685952s,,failed,0,0,,no_usable_pages,known,,,bpt6k685952s: no usable pages in manifest.,2026-07-17T20:42:33.742685
leconstitutionnel,bpt6k6859535,,failed,0,0,,no_usable_pages,known,,,bpt6k6859535: no usable pages in manifest.,2026-07-17T20:42:33.859966
leconstitutionnel,bpt6k685954j,,failed,0,0,,no_usable_pages,known,,,bpt6k685954j: no usable pages in manifest.,2026-07-17T20:42:33.984732
leconstitutionnel,bpt6k685955x,,failed,0,0,,no_usable_pages,known,,,bpt6k685955x: no usable pages in manifest.,2026-07-17T20:42:34.172861
leconstitutionnel,bpt6k6859569,,failed,0,0,,no_usable_pages,known,,,bpt6k6859569: no usable pages in manifest.,2026-07-17T20:42:34.284710
leconstitutionnel,bpt6k685957p,,failed,0,0,,no_usable_pages,known,,,bpt6k685957p: no usable pages in manifest.,2026-07-17T20:42:34.381437
leconstitutionnel,bpt6k6859582,,failed,0,0,,no_usable_pages,known,,,bpt6k6859582: no usable pages in manifest.,2026-07-17T20:42:34.477560
leconstitutionnel,bpt6k685959f,,failed,0,0,,no_usable_pages,known,,,bpt6k685959f: no usable pages in manifest.,2026-07-17T20:42:34.577384
leconstitutionnel,bpt6k685960c,,failed,0,0,,no_usable_pages,known,,,bpt6k685960c: no usable pages in manifest.,2026-07-17T20:42:34.738331
leconstitutionnel,bpt6k685961r,,failed,0,0,,no_usable_pages,known,,,bpt6k685961r: no usable pages in manifest.,2026-07-17T20:42:34.835948
leconstitutionnel,bpt6k6859624,,failed,0,0,,no_usable_pages,known,,,bpt6k6859624: no usable pages in manifest.,2026-07-17T20:42:34.918375
leconstitutionnel,bpt6k685963h,,failed,0,0,,no_usable_pages,known,,,bpt6k685963h: no usable pages in manifest.,2026-07-17T20:42:35.022866
leconstitutionnel,bpt6k685964w,,failed,0,0,,no_usable_pages,known,,,bpt6k685964w: no usable pages in manifest.,2026-07-17T20:42:35.122123
leconstitutionnel,bpt6k6859658,,failed,0,0,,no_usable_pages,known,,,bpt6k6859658: no usable pages in manifest.,2026-07-17T20:42:35.231463
leconstitutionnel,bpt6k685966n,,failed,0,0,,no_usable_pages,known,,,bpt6k685966n: no usable pages in manifest.,2026-07-17T20:42:35.369704
leconstitutionnel,bpt6k6859671,,failed,0,0,,no_usable_pages,known,,,bpt6k6859671: no usable pages in manifest.,2026-07-17T20:42:35.422332
leconstitutionnel,bpt6k685968d,,failed,0,0,,no_usable_pages,known,,,bpt6k685968d: no usable pages in manifest.,2026-07-17T20:42:35.539315
leconstitutionnel,bpt6k685969s,,failed,0,0,,no_usable_pages,known,,,bpt6k685969s: no usable pages in manifest.,2026-07-17T20:42:35.727282
leconstitutionnel,bpt6k685970q,,failed,0,0,,no_usable_pages,known,,,bpt6k685970q: no usable pages in manifest.,2026-07-17T20:42:35.920068
leconstitutionnel,bpt6k6859713,,failed,0,0,,no_usable_pages,known,,,bpt6k6859713: no usable pages in manifest.,2026-07-17T20:42:36.012592
leconstitutionnel,bpt6k685972g,,failed,0,0,,no_usable_pages,known,,,bpt6k685972g: no usable pages in manifest.,2026-07-17T20:42:36.116751
leconstitutionnel,bpt6k685973v,,failed,0,0,,no_usable_pages,known,,,bpt6k685973v: no usable pages in manifest.,2026-07-17T20:42:36.217193
leconstitutionnel,bpt6k6859747,,failed,0,0,,no_usable_pages,known,,,bpt6k6859747: no usable pages in manifest.,2026-07-17T20:42:36.337497
leconstitutionnel,bpt6k685975m,,failed,0,0,,no_usable_pages,known,,,bpt6k685975m: no usable pages in manifest.,2026-07-17T20:42:36.475143
leconstitutionnel,bpt6k6859760,,failed,0,0,,no_usable_pages,known,,,bpt6k6859760: no usable pages in manifest.,2026-07-17T20:42:36.590306
leconstitutionnel,bpt6k685977c,,failed,0,0,,no_usable_pages,known,,,bpt6k685977c: no usable pages in manifest.,2026-07-17T20:42:36.679205
leconstitutionnel,bpt6k685978r,,failed,0,0,,no_usable_pages,known,,,bpt6k685978r: no usable pages in manifest.,2026-07-17T20:42:36.816345
leconstitutionnel,bpt6k6859794,,failed,0,0,,no_usable_pages,known,,,bpt6k6859794: no usable pages in manifest.,2026-07-17T20:42:36.993518
leconstitutionnel,bpt6k6859802,,failed,0,0,,no_usable_pages,known,,,bpt6k6859802: no usable pages in manifest.,2026-07-17T20:42:37.088608
leconstitutionnel,bpt6k685981f,,failed,0,0,,no_usable_pages,known,,,bpt6k685981f: no usable pages in manifest.,2026-07-17T20:42:37.191723
leconstitutionnel,bpt6k685982t,,failed,0,0,,no_usable_pages,known,,,bpt6k685982t: no usable pages in manifest.,2026-07-17T20:42:37.429030
leconstitutionnel,bpt6k6859836,,failed,0,0,,no_usable_pages,known,,,bpt6k6859836: no usable pages in manifest.,2026-07-17T20:42:37.637139
leconstitutionnel,bpt6k685984k,,failed,0,0,,no_usable_pages,known,,,bpt6k685984k: no usable pages in manifest.,2026-07-17T20:42:37.754830
leconstitutionnel,bpt6k685985z,,failed,0,0,,no_usable_pages,known,,,bpt6k685985z: no usable pages in manifest.,2026-07-17T20:42:37.841424
leconstitutionnel,bpt6k685986b,,failed,0,0,,no_usable_pages,known,,,bpt6k685986b: no usable pages in manifest.,2026-07-17T20:42:37.991678
leconstitutionnel,bpt6k685987q,,failed,0,0,,no_usable_pages,known,,,bpt6k685987q: no usable pages in manifest.,2026-07-17T20:42:38.113135
leconstitutionnel,bpt6k6859883,,failed,0,0,,no_usable_pages,known,,,bpt6k6859883: no usable pages in manifest.,2026-07-17T20:42:38.192334
leconstitutionnel,bpt6k685989g,,failed,0,0,,no_usable_pages,known,,,bpt6k685989g: no usable pages in manifest.,2026-07-17T20:42:38.299560
leconstitutionnel,bpt6k685990d,,failed,0,0,,no_usable_pages,known,,,bpt6k685990d: no usable pages in manifest.,2026-07-17T20:42:38.432902
leconstitutionnel,bpt6k685991s,,failed,0,0,,no_usable_pages,known,,,bpt6k685991s: no usable pages in manifest.,2026-07-17T20:42:38.557899
leconstitutionnel,bpt6k6859925,,failed,0,0,,no_usable_pages,known,,,bpt6k6859925: no usable pages in manifest.,2026-07-17T20:42:38.673991
leconstitutionnel,bpt6k685993j,,failed,0,0,,no_usable_pages,known,,,bpt6k685993j: no usable pages in manifest.,2026-07-17T20:42:38.800620
leconstitutionnel,bpt6k685994x,,failed,0,0,,no_usable_pages,known,,,bpt6k685994x: no usable pages in manifest.,2026-07-17T20:42:38.895991
leconstitutionnel,bpt6k6859959,,failed,0,0,,no_usable_pages,known,,,bpt6k6859959: no usable pages in manifest.,2026-07-17T20:42:39.097115
leconstitutionnel,bpt6k685996p,,failed,0,0,,no_usable_pages,known,,,bpt6k685996p: no usable pages in manifest.,2026-07-17T20:42:39.198568
leconstitutionnel,bpt6k6859972,,failed,0,0,,no_usable_pages,known,,,bpt6k6859972: no usable pages in manifest.,2026-07-17T20:42:39.305478
leconstitutionnel,bpt6k685998f,,failed,0,0,,no_usable_pages,known,,,bpt6k685998f: no usable pages in manifest.,2026-07-17T20:42:39.395993
leconstitutionnel,bpt6k685999t,,failed,0,0,,no_usable_pages,known,,,bpt6k685999t: no usable pages in manifest.,2026-07-17T20:42:39.536319
leconstitutionnel,bpt6k686000s,,failed,0,0,,no_usable_pages,known,,,bpt6k686000s: no usable pages in manifest.,2026-07-17T20:42:39.666564
leconstitutionnel,bpt6k6860015,,failed,0,0,,no_usable_pages,known,,,bpt6k6860015: no usable pages in manifest.,2026-07-17T20:42:39.796758
leconstitutionnel,bpt6k686002j,,failed,0,0,,no_usable_pages,known,,,bpt6k686002j: no usable pages in manifest.,2026-07-17T20:42:39.904383
leconstitutionnel,bpt6k686003x,,failed,0,0,,no_usable_pages,known,,,bpt6k686003x: no usable pages in manifest.,2026-07-17T20:42:40.044201
leconstitutionnel,bpt6k6860049,,failed,0,0,,no_usable_pages,known,,,bpt6k6860049: no usable pages in manifest.,2026-07-17T20:42:40.197930
leconstitutionnel,bpt6k686005p,,failed,0,0,,no_usable_pages,known,,,bpt6k686005p: no usable pages in manifest.,2026-07-17T20:42:40.272851
leconstitutionnel,bpt6k6860062,,failed,0,0,,no_usable_pages,known,,,bpt6k6860062: no usable pages in manifest.,2026-07-17T20:42:40.348449
leconstitutionnel,bpt6k686007f,,failed,0,0,,no_usable_pages,known,,,bpt6k686007f: no usable pages in manifest.,2026-07-17T20:42:40.487768
leconstitutionnel,bpt6k686008t,,failed,0,0,,no_usable_pages,known,,,bpt6k686008t: no usable pages in manifest.,2026-07-17T20:42:40.619904
leconstitutionnel,bpt6k6860096,,failed,0,0,,no_usable_pages,known,,,bpt6k6860096: no usable pages in manifest.,2026-07-17T20:42:40.739414
leconstitutionnel,bpt6k6860104,,failed,0,0,,no_usable_pages,known,,,bpt6k6860104: no usable pages in manifest.,2026-07-17T20:42:40.871594
leconstitutionnel,bpt6k686011h,,failed,0,0,,no_usable_pages,known,,,bpt6k686011h: no usable pages in manifest.,2026-07-17T20:42:40.978703
leconstitutionnel,bpt6k686012w,,failed,0,0,,no_usable_pages,known,,,bpt6k686012w: no usable pages in manifest.,2026-07-17T20:42:41.095180
leconstitutionnel,bpt6k6860138,,failed,0,0,,no_usable_pages,known,,,bpt6k6860138: no usable pages in manifest.,2026-07-17T20:42:41.201157
leconstitutionnel,bpt6k686014n,,failed,0,0,,no_usable_pages,known,,,bpt6k686014n: no usable pages in manifest.,2026-07-17T20:42:41.267411
leconstitutionnel,bpt6k6860151,,failed,0,0,,no_usable_pages,known,,,bpt6k6860151: no usable pages in manifest.,2026-07-17T20:42:41.359617
leconstitutionnel,bpt6k686016d,,failed,0,0,,no_usable_pages,known,,,bpt6k686016d: no usable pages in manifest.,2026-07-17T20:42:41.453855
leconstitutionnel,bpt6k686017s,,failed,0,0,,no_usable_pages,known,,,bpt6k686017s: no usable pages in manifest.,2026-07-17T20:42:41.586590
leconstitutionnel,bpt6k6860185,,failed,0,0,,no_usable_pages,known,,,bpt6k6860185: no usable pages in manifest.,2026-07-17T20:42:41.684483
leconstitutionnel,bpt6k686019j,,failed,0,0,,no_usable_pages,known,,,bpt6k686019j: no usable pages in manifest.,2026-07-17T20:42:41.795498
leconstitutionnel,bpt6k686020g,,failed,0,0,,no_usable_pages,known,,,bpt6k686020g: no usable pages in manifest.,2026-07-17T20:42:41.926073
leconstitutionnel,bpt6k686021v,,failed,0,0,,no_usable_pages,known,,,bpt6k686021v: no usable pages in manifest.,2026-07-17T20:42:41.995355
leconstitutionnel,bpt6k6860227,,failed,0,0,,no_usable_pages,known,,,bpt6k6860227: no usable pages in manifest.,2026-07-17T20:42:42.124306
leconstitutionnel,bpt6k686023m,,failed,0,0,,no_usable_pages,known,,,bpt6k686023m: no usable pages in manifest.,2026-07-17T20:42:42.273535
leconstitutionnel,bpt6k6860240,,failed,0,0,,no_usable_pages,known,,,bpt6k6860240: no usable pages in manifest.,2026-07-17T20:42:42.391809
leconstitutionnel,bpt6k686025c,,failed,0,0,,no_usable_pages,known,,,bpt6k686025c: no usable pages in manifest.,2026-07-17T20:42:42.491814
leconstitutionnel,bpt6k686026r,,failed,0,0,,no_usable_pages,known,,,bpt6k686026r: no usable pages in manifest.,2026-07-17T20:42:42.584571
leconstitutionnel,bpt6k6860274,,failed,0,0,,no_usable_pages,known,,,bpt6k6860274: no usable pages in manifest.,2026-07-17T20:42:42.688150
leconstitutionnel,bpt6k686028h,,failed,0,0,,no_usable_pages,known,,,bpt6k686028h: no usable pages in manifest.,2026-07-17T20:42:42.820261
leconstitutionnel,bpt6k686029w,,failed,0,0,,no_usable_pages,known,,,bpt6k686029w: no usable pages in manifest.,2026-07-17T20:42:42.938090
leconstitutionnel,bpt6k686030t,,failed,0,0,,no_usable_pages,known,,,bpt6k686030t: no usable pages in manifest.,2026-07-17T20:42:43.021247
leconstitutionnel,bpt6k6860316,,failed,0,0,,no_usable_pages,known,,,bpt6k6860316: no usable pages in manifest.,2026-07-17T20:42:43.160104
leconstitutionnel,bpt6k686032k,,failed,0,0,,no_usable_pages,known,,,bpt6k686032k: no usable pages in manifest.,2026-07-17T20:42:43.222944
leconstitutionnel,bpt6k686033z,,failed,0,0,,no_usable_pages,known,,,bpt6k686033z: no usable pages in manifest.,2026-07-17T20:42:43.304886
leconstitutionnel,bpt6k686034b,,failed,0,0,,no_usable_pages,known,,,bpt6k686034b: no usable pages in manifest.,2026-07-17T20:42:43.382382
leconstitutionnel,bpt6k686035q,,failed,0,0,,no_usable_pages,known,,,bpt6k686035q: no usable pages in manifest.,2026-07-17T20:42:43.502459
leconstitutionnel,bpt6k6860363,,failed,0,0,,no_usable_pages,known,,,bpt6k6860363: no usable pages in manifest.,2026-07-17T20:42:43.626908
leconstitutionnel,bpt6k686037g,,failed,0,0,,no_usable_pages,known,,,bpt6k686037g: no usable pages in manifest.,2026-07-17T20:42:43.697065
leconstitutionnel,bpt6k686038v,,failed,0,0,,no_usable_pages,known,,,bpt6k686038v: no usable pages in manifest.,2026-07-17T20:42:43.785608
leconstitutionnel,bpt6k6860397,,failed,0,0,,no_usable_pages,known,,,bpt6k6860397: no usable pages in manifest.,2026-07-17T20:42:43.957575
leconstitutionnel,bpt6k6860405,,failed,0,0,,no_usable_pages,known,,,bpt6k6860405: no usable pages in manifest.,2026-07-17T20:42:44.094729
leconstitutionnel,bpt6k686041j,,failed,0,0,,no_usable_pages,known,,,bpt6k686041j: no usable pages in manifest.,2026-07-17T20:42:44.267092
leconstitutionnel,bpt6k686042x,,failed,0,0,,no_usable_pages,known,,,bpt6k686042x: no usable pages in manifest.,2026-07-17T20:42:44.357656
leconstitutionnel,bpt6k6860439,,failed,0,0,,no_usable_pages,known,,,bpt6k6860439: no usable pages in manifest.,2026-07-17T20:42:44.459804
leconstitutionnel,bpt6k686044p,,failed,0,0,,no_usable_pages,known,,,bpt6k686044p: no usable pages in manifest.,2026-07-17T20:42:44.559914
leconstitutionnel,bpt6k6860452,,failed,0,0,,no_usable_pages,known,,,bpt6k6860452: no usable pages in manifest.,2026-07-17T20:42:44.672674
leconstitutionnel,bpt6k686046f,,failed,0,0,,no_usable_pages,known,,,bpt6k686046f: no usable pages in manifest.,2026-07-17T20:42:44.788276
leconstitutionnel,bpt6k686047t,,failed,0,0,,no_usable_pages,known,,,bpt6k686047t: no usable pages in manifest.,2026-07-17T20:42:44.916701
leconstitutionnel,bpt6k6860486,,failed,0,0,,no_usable_pages,known,,,bpt6k6860486: no usable pages in manifest.,2026-07-17T20:42:45.000154
leconstitutionnel,bpt6k686049k,,failed,0,0,,no_usable_pages,known,,,bpt6k686049k: no usable pages in manifest.,2026-07-17T20:42:45.169892
leconstitutionnel,bpt6k686050h,,failed,0,0,,no_usable_pages,known,,,bpt6k686050h: no usable pages in manifest.,2026-07-17T20:42:45.342597
leconstitutionnel,bpt6k686051w,,failed,0,0,,no_usable_pages,known,,,bpt6k686051w: no usable pages in manifest.,2026-07-17T20:42:45.466267
leconstitutionnel,bpt6k6860528,,failed,0,0,,no_usable_pages,known,,,bpt6k6860528: no usable pages in manifest.,2026-07-17T20:42:45.576882
leconstitutionnel,bpt6k686053n,,failed,0,0,,no_usable_pages,known,,,bpt6k686053n: no usable pages in manifest.,2026-07-17T20:42:45.765862
leconstitutionnel,bpt6k6860541,,failed,0,0,,no_usable_pages,known,,,bpt6k6860541: no usable pages in manifest.,2026-07-17T20:42:45.874425
leconstitutionnel,bpt6k686055d,,failed,0,0,,no_usable_pages,known,,,bpt6k686055d: no usable pages in manifest.,2026-07-17T20:42:45.983564
leconstitutionnel,bpt6k686056s,,failed,0,0,,no_usable_pages,known,,,bpt6k686056s: no usable pages in manifest.,2026-07-17T20:42:46.064338
leconstitutionnel,bpt6k6860575,,failed,0,0,,no_usable_pages,known,,,bpt6k6860575: no usable pages in manifest.,2026-07-17T20:42:46.180041
leconstitutionnel,bpt6k686058j,,failed,0,0,,no_usable_pages,known,,,bpt6k686058j: no usable pages in manifest.,2026-07-17T20:42:46.357502
leconstitutionnel,bpt6k686059x,,failed,0,0,,no_usable_pages,known,,,bpt6k686059x: no usable pages in manifest.,2026-07-17T20:42:46.443114
leconstitutionnel,bpt6k686060v,,failed,0,0,,no_usable_pages,known,,,bpt6k686060v: no usable pages in manifest.,2026-07-17T20:42:46.514672
leconstitutionnel,bpt6k6860617,,failed,0,0,,no_usable_pages,known,,,bpt6k6860617: no usable pages in manifest.,2026-07-17T20:42:46.634351
leconstitutionnel,bpt6k686062m,,failed,0,0,,no_usable_pages,known,,,bpt6k686062m: no usable pages in manifest.,2026-07-17T20:42:46.710271
leconstitutionnel,bpt6k6860630,,failed,0,0,,no_usable_pages,known,,,bpt6k6860630: no usable pages in manifest.,2026-07-17T20:42:46.841464
leconstitutionnel,bpt6k686064c,,failed,0,0,,no_usable_pages,known,,,bpt6k686064c: no usable pages in manifest.,2026-07-17T20:42:46.905422
leconstitutionnel,bpt6k686065r,,failed,0,0,,no_usable_pages,known,,,bpt6k686065r: no usable pages in manifest.,2026-07-17T20:42:46.999318
leconstitutionnel,bpt6k6860664,,failed,0,0,,no_usable_pages,known,,,bpt6k6860664: no usable pages in manifest.,2026-07-17T20:42:47.088004
leconstitutionnel,bpt6k686067h,,failed,0,0,,no_usable_pages,known,,,bpt6k686067h: no usable pages in manifest.,2026-07-17T20:42:47.269912
leconstitutionnel,bpt6k686068w,,failed,0,0,,no_usable_pages,known,,,bpt6k686068w: no usable pages in manifest.,2026-07-17T20:42:47.444700
leconstitutionnel,bpt6k6860698,,failed,0,0,,no_usable_pages,known,,,bpt6k6860698: no usable pages in manifest.,2026-07-17T20:42:47.581365
leconstitutionnel,bpt6k6860706,,failed,0,0,,no_usable_pages,known,,,bpt6k6860706: no usable pages in manifest.,2026-07-17T20:42:47.730879
leconstitutionnel,bpt6k686071k,,failed,0,0,,no_usable_pages,known,,,bpt6k686071k: no usable pages in manifest.,2026-07-17T20:42:47.891226
leconstitutionnel,bpt6k686072z,,failed,0,0,,no_usable_pages,known,,,bpt6k686072z: no usable pages in manifest.,2026-07-17T20:42:48.013724
leconstitutionnel,bpt6k686073b,,failed,0,0,,no_usable_pages,known,,,bpt6k686073b: no usable pages in manifest.,2026-07-17T20:42:48.095592
leconstitutionnel,bpt6k686074q,,failed,0,0,,no_usable_pages,known,,,bpt6k686074q: no usable pages in manifest.,2026-07-17T20:42:48.255547
leconstitutionnel,bpt6k6860753,,failed,0,0,,no_usable_pages,known,,,bpt6k6860753: no usable pages in manifest.,2026-07-17T20:42:48.413558
leconstitutionnel,bpt6k686076g,,failed,0,0,,no_usable_pages,known,,,bpt6k686076g: no usable pages in manifest.,2026-07-17T20:42:48.510728
leconstitutionnel,bpt6k686077v,,failed,0,0,,no_usable_pages,known,,,bpt6k686077v: no usable pages in manifest.,2026-07-17T20:42:48.636605
leconstitutionnel,bpt6k6860787,,failed,0,0,,no_usable_pages,known,,,bpt6k6860787: no usable pages in manifest.,2026-07-17T20:42:48.787912
leconstitutionnel,bpt6k686079m,,failed,0,0,,no_usable_pages,known,,,bpt6k686079m: no usable pages in manifest.,2026-07-17T20:42:48.923212
leconstitutionnel,bpt6k686080j,,failed,0,0,,no_usable_pages,known,,,bpt6k686080j: no usable pages in manifest.,2026-07-17T20:42:49.023765
leconstitutionnel,bpt6k686081x,,failed,0,0,,no_usable_pages,known,,,bpt6k686081x: no usable pages in manifest.,2026-07-17T20:42:49.128107
leconstitutionnel,bpt6k6860829,,failed,0,0,,no_usable_pages,known,,,bpt6k6860829: no usable pages in manifest.,2026-07-17T20:42:49.241724
leconstitutionnel,bpt6k686083p,,failed,0,0,,no_usable_pages,known,,,bpt6k686083p: no usable pages in manifest.,2026-07-17T20:42:49.330617
leconstitutionnel,bpt6k6860842,,failed,0,0,,no_usable_pages,known,,,bpt6k6860842: no usable pages in manifest.,2026-07-17T20:42:49.472018
leconstitutionnel,bpt6k686085f,,failed,0,0,,no_usable_pages,known,,,bpt6k686085f: no usable pages in manifest.,2026-07-17T20:42:49.561931
leconstitutionnel,bpt6k686086t,,failed,0,0,,no_usable_pages,known,,,bpt6k686086t: no usable pages in manifest.,2026-07-17T20:42:49.690072
leconstitutionnel,bpt6k6860876,,failed,0,0,,no_usable_pages,known,,,bpt6k6860876: no usable pages in manifest.,2026-07-17T20:42:49.785478
leconstitutionnel,bpt6k686088k,,failed,0,0,,no_usable_pages,known,,,bpt6k686088k: no usable pages in manifest.,2026-07-17T20:42:49.905845
leconstitutionnel,bpt6k686089z,,failed,0,0,,no_usable_pages,known,,,bpt6k686089z: no usable pages in manifest.,2026-07-17T20:42:50.017051
leconstitutionnel,bpt6k686090w,,failed,0,0,,no_usable_pages,known,,,bpt6k686090w: no usable pages in manifest.,2026-07-17T20:42:50.117037
leconstitutionnel,bpt6k6860918,,failed,0,0,,no_usable_pages,known,,,bpt6k6860918: no usable pages in manifest.,2026-07-17T20:42:50.231458
leconstitutionnel,bpt6k686092n,,failed,0,0,,no_usable_pages,known,,,bpt6k686092n: no usable pages in manifest.,2026-07-17T20:42:50.336985
leconstitutionnel,bpt6k6860931,,failed,0,0,,no_usable_pages,known,,,bpt6k6860931: no usable pages in manifest.,2026-07-17T20:42:50.760934
leconstitutionnel,bpt6k686094d,,failed,0,0,,no_usable_pages,known,,,bpt6k686094d: no usable pages in manifest.,2026-07-17T20:42:50.879424
leconstitutionnel,bpt6k686095s,,failed,0,0,,no_usable_pages,known,,,bpt6k686095s: no usable pages in manifest.,2026-07-17T20:42:51.078016
leconstitutionnel,bpt6k6860965,,failed,0,0,,no_usable_pages,known,,,bpt6k6860965: no usable pages in manifest.,2026-07-17T20:42:51.154892
leconstitutionnel,bpt6k686097j,,failed,0,0,,no_usable_pages,known,,,bpt6k686097j: no usable pages in manifest.,2026-07-17T20:42:51.240758
leconstitutionnel,bpt6k686098x,,failed,0,0,,no_usable_pages,known,,,bpt6k686098x: no usable pages in manifest.,2026-07-17T20:42:51.328612
leconstitutionnel,bpt6k6860999,,failed,0,0,,no_usable_pages,known,,,bpt6k6860999: no usable pages in manifest.,2026-07-17T20:42:51.449386
leconstitutionnel,bpt6k6861003,,failed,0,0,,no_usable_pages,known,,,bpt6k6861003: no usable pages in manifest.,2026-07-17T20:42:51.581370
leconstitutionnel,bpt6k686101g,,failed,0,0,,no_usable_pages,known,,,bpt6k686101g: no usable pages in manifest.,2026-07-17T20:42:51.694135
leconstitutionnel,bpt6k686102v,,failed,0,0,,no_usable_pages,known,,,bpt6k686102v: no usable pages in manifest.,2026-07-17T20:42:51.796778
leconstitutionnel,bpt6k6861037,,failed,0,0,,no_usable_pages,known,,,bpt6k6861037: no usable pages in manifest.,2026-07-17T20:42:51.876290
leconstitutionnel,bpt6k686104m,,failed,0,0,,no_usable_pages,known,,,bpt6k686104m: no usable pages in manifest.,2026-07-17T20:42:51.976250
leconstitutionnel,bpt6k6861050,,failed,0,0,,no_usable_pages,known,,,bpt6k6861050: no usable pages in manifest.,2026-07-17T20:42:52.087042
leconstitutionnel,bpt6k686106c,,failed,0,0,,no_usable_pages,known,,,bpt6k686106c: no usable pages in manifest.,2026-07-17T20:42:52.176626
leconstitutionnel,bpt6k686107r,,failed,0,0,,no_usable_pages,known,,,bpt6k686107r: no usable pages in manifest.,2026-07-17T20:42:52.290265
leconstitutionnel,bpt6k6861084,,failed,0,0,,no_usable_pages,known,,,bpt6k6861084: no usable pages in manifest.,2026-07-17T20:42:52.496089
leconstitutionnel,bpt6k686109h,,failed,0,0,,no_usable_pages,known,,,bpt6k686109h: no usable pages in manifest.,2026-07-17T20:42:52.727012
leconstitutionnel,bpt6k686110f,,failed,0,0,,no_usable_pages,known,,,bpt6k686110f: no usable pages in manifest.,2026-07-17T20:42:52.811300
leconstitutionnel,bpt6k686111t,,failed,0,0,,no_usable_pages,known,,,bpt6k686111t: no usable pages in manifest.,2026-07-17T20:42:52.959363
leconstitutionnel,bpt6k6861126,,failed,0,0,,no_usable_pages,known,,,bpt6k6861126: no usable pages in manifest.,2026-07-17T20:42:53.069450
leconstitutionnel,bpt6k686113k,,failed,0,0,,no_usable_pages,known,,,bpt6k686113k: no usable pages in manifest.,2026-07-17T20:42:53.197259
leconstitutionnel,bpt6k686114z,,failed,0,0,,no_usable_pages,known,,,bpt6k686114z: no usable pages in manifest.,2026-07-17T20:42:53.312252
leconstitutionnel,bpt6k686115b,,failed,0,0,,no_usable_pages,known,,,bpt6k686115b: no usable pages in manifest.,2026-07-17T20:42:53.403737
leconstitutionnel,bpt6k686116q,,failed,0,0,,no_usable_pages,known,,,bpt6k686116q: no usable pages in manifest.,2026-07-17T20:42:53.550156
leconstitutionnel,bpt6k6861173,,failed,0,0,,no_usable_pages,known,,,bpt6k6861173: no usable pages in manifest.,2026-07-17T20:42:53.732347
leconstitutionnel,bpt6k686118g,,failed,0,0,,no_usable_pages,known,,,bpt6k686118g: no usable pages in manifest.,2026-07-17T20:42:53.846768
leconstitutionnel,bpt6k686119v,,failed,0,0,,no_usable_pages,known,,,bpt6k686119v: no usable pages in manifest.,2026-07-17T20:42:53.954643
leconstitutionnel,bpt6k686120s,,failed,0,0,,no_usable_pages,known,,,bpt6k686120s: no usable pages in manifest.,2026-07-17T20:42:54.071699
leconstitutionnel,bpt6k6861215,,failed,0,0,,no_usable_pages,known,,,bpt6k6861215: no usable pages in manifest.,2026-07-17T20:42:54.346085
leconstitutionnel,bpt6k686122j,,failed,0,0,,no_usable_pages,known,,,bpt6k686122j: no usable pages in manifest.,2026-07-17T20:42:54.455728
leconstitutionnel,bpt6k686123x,,failed,0,0,,no_usable_pages,known,,,bpt6k686123x: no usable pages in manifest.,2026-07-17T20:42:54.537780
leconstitutionnel,bpt6k6861249,,failed,0,0,,no_usable_pages,known,,,bpt6k6861249: no usable pages in manifest.,2026-07-17T20:42:54.652153
leconstitutionnel,bpt6k686125p,,failed,0,0,,no_usable_pages,known,,,bpt6k686125p: no usable pages in manifest.,2026-07-17T20:42:54.846511
leconstitutionnel,bpt6k6861262,,failed,0,0,,no_usable_pages,known,,,bpt6k6861262: no usable pages in manifest.,2026-07-17T20:42:54.949544
leconstitutionnel,bpt6k686127f,,failed,0,0,,no_usable_pages,known,,,bpt6k686127f: no usable pages in manifest.,2026-07-17T20:42:55.050382
leconstitutionnel,bpt6k686128t,,failed,0,0,,no_usable_pages,known,,,bpt6k686128t: no usable pages in manifest.,2026-07-17T20:42:55.152034
leconstitutionnel,bpt6k6861296,,failed,0,0,,no_usable_pages,known,,,bpt6k6861296: no usable pages in manifest.,2026-07-17T20:42:55.237046
leconstitutionnel,bpt6k6861304,,failed,0,0,,no_usable_pages,known,,,bpt6k6861304: no usable pages in manifest.,2026-07-17T20:42:55.345772
leconstitutionnel,bpt6k686131h,,failed,0,0,,no_usable_pages,known,,,bpt6k686131h: no usable pages in manifest.,2026-07-17T20:42:55.449404
leconstitutionnel,bpt6k686132w,,failed,0,0,,no_usable_pages,known,,,bpt6k686132w: no usable pages in manifest.,2026-07-17T20:42:55.540426
leconstitutionnel,bpt6k6861338,,failed,0,0,,no_usable_pages,known,,,bpt6k6861338: no usable pages in manifest.,2026-07-17T20:42:55.626052
leconstitutionnel,bpt6k686134n,,failed,0,0,,no_usable_pages,known,,,bpt6k686134n: no usable pages in manifest.,2026-07-17T20:42:55.731608
leconstitutionnel,bpt6k6861351,,failed,0,0,,no_usable_pages,known,,,bpt6k6861351: no usable pages in manifest.,2026-07-17T20:42:56.301335
leconstitutionnel,bpt6k686136d,,failed,0,0,,no_usable_pages,known,,,bpt6k686136d: no usable pages in manifest.,2026-07-17T20:42:56.416619
leconstitutionnel,bpt6k686137s,,failed,0,0,,no_usable_pages,known,,,bpt6k686137s: no usable pages in manifest.,2026-07-17T20:42:56.555772
leconstitutionnel,bpt6k6861385,,failed,0,0,,no_usable_pages,known,,,bpt6k6861385: no usable pages in manifest.,2026-07-17T20:42:56.670336
leconstitutionnel,bpt6k686139j,,failed,0,0,,no_usable_pages,known,,,bpt6k686139j: no usable pages in manifest.,2026-07-17T20:42:56.754347
leconstitutionnel,bpt6k686140g,,failed,0,0,,no_usable_pages,known,,,bpt6k686140g: no usable pages in manifest.,2026-07-17T20:42:56.870746
leconstitutionnel,bpt6k686141v,,failed,0,0,,no_usable_pages,known,,,bpt6k686141v: no usable pages in manifest.,2026-07-17T20:42:57.009471
leconstitutionnel,bpt6k6861427,,failed,0,0,,no_usable_pages,known,,,bpt6k6861427: no usable pages in manifest.,2026-07-17T20:42:57.166011
leconstitutionnel,bpt6k686143m,,failed,0,0,,no_usable_pages,known,,,bpt6k686143m: no usable pages in manifest.,2026-07-17T20:42:57.358583
leconstitutionnel,bpt6k6861440,,failed,0,0,,no_usable_pages,known,,,bpt6k6861440: no usable pages in manifest.,2026-07-17T20:42:57.562917
leconstitutionnel,bpt6k686145c,,failed,0,0,,no_usable_pages,known,,,bpt6k686145c: no usable pages in manifest.,2026-07-17T20:42:57.680133
leconstitutionnel,bpt6k686146r,,failed,0,0,,no_usable_pages,known,,,bpt6k686146r: no usable pages in manifest.,2026-07-17T20:42:57.896307
leconstitutionnel,bpt6k6861474,,failed,0,0,,no_usable_pages,known,,,bpt6k6861474: no usable pages in manifest.,2026-07-17T20:42:58.077551
leconstitutionnel,bpt6k686148h,,failed,0,0,,no_usable_pages,known,,,bpt6k686148h: no usable pages in manifest.,2026-07-17T20:42:58.151618
leconstitutionnel,bpt6k686149w,,failed,0,0,,no_usable_pages,known,,,bpt6k686149w: no usable pages in manifest.,2026-07-17T20:42:58.286364
leconstitutionnel,bpt6k686150t,,failed,0,0,,no_usable_pages,known,,,bpt6k686150t: no usable pages in manifest.,2026-07-17T20:42:58.444323
leconstitutionnel,bpt6k6861516,,failed,0,0,,no_usable_pages,known,,,bpt6k6861516: no usable pages in manifest.,2026-07-17T20:42:58.567695
leconstitutionnel,bpt6k686152k,,failed,0,0,,no_usable_pages,known,,,bpt6k686152k: no usable pages in manifest.,2026-07-17T20:42:58.665462
leconstitutionnel,bpt6k686153z,,failed,0,0,,no_usable_pages,known,,,bpt6k686153z: no usable pages in manifest.,2026-07-17T20:42:58.730541
leconstitutionnel,bpt6k686154b,,failed,0,0,,no_usable_pages,known,,,bpt6k686154b: no usable pages in manifest.,2026-07-17T20:42:58.817167
leconstitutionnel,bpt6k686155q,,failed,0,0,,no_usable_pages,known,,,bpt6k686155q: no usable pages in manifest.,2026-07-17T20:42:58.895646
leconstitutionnel,bpt6k6861563,,failed,0,0,,no_usable_pages,known,,,bpt6k6861563: no usable pages in manifest.,2026-07-17T20:42:59.001610
leconstitutionnel,bpt6k686157g,,failed,0,0,,no_usable_pages,known,,,bpt6k686157g: no usable pages in manifest.,2026-07-17T20:42:59.146034
leconstitutionnel,bpt6k686158v,,failed,0,0,,no_usable_pages,known,,,bpt6k686158v: no usable pages in manifest.,2026-07-17T20:42:59.254039
leconstitutionnel,bpt6k6861597,,failed,0,0,,no_usable_pages,known,,,bpt6k6861597: no usable pages in manifest.,2026-07-17T20:42:59.348601
leconstitutionnel,bpt6k6861605,,failed,0,0,,no_usable_pages,known,,,bpt6k6861605: no usable pages in manifest.,2026-07-17T20:42:59.480636
leconstitutionnel,bpt6k686161j,,failed,0,0,,no_usable_pages,known,,,bpt6k686161j: no usable pages in manifest.,2026-07-17T20:42:59.612890
leconstitutionnel,bpt6k686162x,,failed,0,0,,no_usable_pages,known,,,bpt6k686162x: no usable pages in manifest.,2026-07-17T20:42:59.732589
leconstitutionnel,bpt6k6861639,,failed,0,0,,no_usable_pages,known,,,bpt6k6861639: no usable pages in manifest.,2026-07-17T20:42:59.854683
leconstitutionnel,bpt6k686164p,,failed,0,0,,no_usable_pages,known,,,bpt6k686164p: no usable pages in manifest.,2026-07-17T20:42:59.945875
leconstitutionnel,bpt6k6861652,,failed,0,0,,no_usable_pages,known,,,bpt6k6861652: no usable pages in manifest.,2026-07-17T20:43:00.035737
leconstitutionnel,bpt6k686166f,,failed,0,0,,no_usable_pages,known,,,bpt6k686166f: no usable pages in manifest.,2026-07-17T20:43:00.177887
leconstitutionnel,bpt6k686167t,,failed,0,0,,no_usable_pages,known,,,bpt6k686167t: no usable pages in manifest.,2026-07-17T20:43:00.298681
leconstitutionnel,bpt6k6861686,,failed,0,0,,no_usable_pages,known,,,bpt6k6861686: no usable pages in manifest.,2026-07-17T20:43:00.418134
leconstitutionnel,bpt6k686169k,,failed,0,0,,no_usable_pages,known,,,bpt6k686169k: no usable pages in manifest.,2026-07-17T20:43:00.543177
leconstitutionnel,bpt6k686170h,,failed,0,0,,no_usable_pages,known,,,bpt6k686170h: no usable pages in manifest.,2026-07-17T20:43:00.634217
leconstitutionnel,bpt6k686171w,,failed,0,0,,no_usable_pages,known,,,bpt6k686171w: no usable pages in manifest.,2026-07-17T20:43:00.712645
leconstitutionnel,bpt6k6861728,,failed,0,0,,no_usable_pages,known,,,bpt6k6861728: no usable pages in manifest.,2026-07-17T20:43:00.852491
leconstitutionnel,bpt6k686173n,,failed,0,0,,no_usable_pages,known,,,bpt6k686173n: no usable pages in manifest.,2026-07-17T20:43:00.946660
leconstitutionnel,bpt6k6861741,,failed,0,0,,no_usable_pages,known,,,bpt6k6861741: no usable pages in manifest.,2026-07-17T20:43:01.053070
leconstitutionnel,bpt6k686175d,,failed,0,0,,no_usable_pages,known,,,bpt6k686175d: no usable pages in manifest.,2026-07-17T20:43:01.191089
leconstitutionnel,bpt6k686176s,,failed,0,0,,no_usable_pages,known,,,bpt6k686176s: no usable pages in manifest.,2026-07-17T20:43:01.304824
leconstitutionnel,bpt6k6861775,,failed,0,0,,no_usable_pages,known,,,bpt6k6861775: no usable pages in manifest.,2026-07-17T20:43:01.409567
leconstitutionnel,bpt6k686178j,,failed,0,0,,no_usable_pages,known,,,bpt6k686178j: no usable pages in manifest.,2026-07-17T20:43:01.568383
leconstitutionnel,bpt6k686179x,,failed,0,0,,no_usable_pages,known,,,bpt6k686179x: no usable pages in manifest.,2026-07-17T20:43:01.720517
leconstitutionnel,bpt6k686180v,,failed,0,0,,no_usable_pages,known,,,bpt6k686180v: no usable pages in manifest.,2026-07-17T20:43:01.853639
leconstitutionnel,bpt6k6861817,,failed,0,0,,no_usable_pages,known,,,bpt6k6861817: no usable pages in manifest.,2026-07-17T20:43:01.941291
leconstitutionnel,bpt6k686182m,,failed,0,0,,no_usable_pages,known,,,bpt6k686182m: no usable pages in manifest.,2026-07-17T20:43:02.053555
leconstitutionnel,bpt6k6861830,,failed,0,0,,no_usable_pages,known,,,bpt6k6861830: no usable pages in manifest.,2026-07-17T20:43:02.136246
leconstitutionnel,bpt6k686184c,,failed,0,0,,no_usable_pages,known,,,bpt6k686184c: no usable pages in manifest.,2026-07-17T20:43:02.253919
leconstitutionnel,bpt6k686185r,,failed,0,0,,no_usable_pages,known,,,bpt6k686185r: no usable pages in manifest.,2026-07-17T20:43:02.371535
leconstitutionnel,bpt6k6861864,,failed,0,0,,no_usable_pages,known,,,bpt6k6861864: no usable pages in manifest.,2026-07-17T20:43:02.471848
leconstitutionnel,bpt6k686187h,,failed,0,0,,no_usable_pages,known,,,bpt6k686187h: no usable pages in manifest.,2026-07-17T20:43:02.625717
leconstitutionnel,bpt6k686188w,,failed,0,0,,no_usable_pages,known,,,bpt6k686188w: no usable pages in manifest.,2026-07-17T20:43:02.743341
leconstitutionnel,bpt6k6861898,,failed,0,0,,no_usable_pages,known,,,bpt6k6861898: no usable pages in manifest.,2026-07-17T20:43:02.827014
leconstitutionnel,bpt6k6861906,,failed,0,0,,no_usable_pages,known,,,bpt6k6861906: no usable pages in manifest.,2026-07-17T20:43:03.011107
leconstitutionnel,bpt6k686191k,,failed,0,0,,no_usable_pages,known,,,bpt6k686191k: no usable pages in manifest.,2026-07-17T20:43:03.137656
leconstitutionnel,bpt6k686192z,,failed,0,0,,no_usable_pages,known,,,bpt6k686192z: no usable pages in manifest.,2026-07-17T20:43:03.267057
leconstitutionnel,bpt6k686193b,,failed,0,0,,no_usable_pages,known,,,bpt6k686193b: no usable pages in manifest.,2026-07-17T20:43:03.392381
leconstitutionnel,bpt6k686194q,,failed,0,0,,no_usable_pages,known,,,bpt6k686194q: no usable pages in manifest.,2026-07-17T20:43:03.508165
leconstitutionnel,bpt6k6861953,,failed,0,0,,no_usable_pages,known,,,bpt6k6861953: no usable pages in manifest.,2026-07-17T20:43:03.704052
leconstitutionnel,bpt6k686196g,,failed,0,0,,no_usable_pages,known,,,bpt6k686196g: no usable pages in manifest.,2026-07-17T20:43:03.827226
leconstitutionnel,bpt6k686197v,,failed,0,0,,no_usable_pages,known,,,bpt6k686197v: no usable pages in manifest.,2026-07-17T20:43:03.958765
leconstitutionnel,bpt6k6861987,,failed,0,0,,no_usable_pages,known,,,bpt6k6861987: no usable pages in manifest.,2026-07-17T20:43:04.093088
leconstitutionnel,bpt6k686199m,,failed,0,0,,no_usable_pages,known,,,bpt6k686199m: no usable pages in manifest.,2026-07-17T20:43:04.218001
leconstitutionnel,bpt6k686200d,,failed,0,0,,no_usable_pages,known,,,bpt6k686200d: no usable pages in manifest.,2026-07-17T20:43:04.325167
leconstitutionnel,bpt6k686201s,,failed,0,0,,no_usable_pages,known,,,bpt6k686201s: no usable pages in manifest.,2026-07-17T20:43:04.484881
leconstitutionnel,bpt6k6862025,,failed,0,0,,no_usable_pages,known,,,bpt6k6862025: no usable pages in manifest.,2026-07-17T20:43:04.788938
leconstitutionnel,bpt6k686203j,,failed,0,0,,no_usable_pages,known,,,bpt6k686203j: no usable pages in manifest.,2026-07-17T20:43:04.879176
leconstitutionnel,bpt6k686204x,,failed,0,0,,no_usable_pages,known,,,bpt6k686204x: no usable pages in manifest.,2026-07-17T20:43:04.950941
leconstitutionnel,bpt6k6862059,,failed,0,0,,no_usable_pages,known,,,bpt6k6862059: no usable pages in manifest.,2026-07-17T20:43:05.075264
leconstitutionnel,bpt6k686206p,,failed,0,0,,no_usable_pages,known,,,bpt6k686206p: no usable pages in manifest.,2026-07-17T20:43:05.182452
leconstitutionnel,bpt6k6862072,,failed,0,0,,no_usable_pages,known,,,bpt6k6862072: no usable pages in manifest.,2026-07-17T20:43:05.272560
leconstitutionnel,bpt6k686208f,,failed,0,0,,no_usable_pages,known,,,bpt6k686208f: no usable pages in manifest.,2026-07-17T20:43:05.378504
leconstitutionnel,bpt6k686209t,,failed,0,0,,no_usable_pages,known,,,bpt6k686209t: no usable pages in manifest.,2026-07-17T20:43:05.482223
leconstitutionnel,bpt6k686210r,,failed,0,0,,no_usable_pages,known,,,bpt6k686210r: no usable pages in manifest.,2026-07-17T20:43:05.602185
leconstitutionnel,bpt6k6862114,,failed,0,0,,no_usable_pages,known,,,bpt6k6862114: no usable pages in manifest.,2026-07-17T20:43:05.712853
leconstitutionnel,bpt6k686212h,,failed,0,0,,no_usable_pages,known,,,bpt6k686212h: no usable pages in manifest.,2026-07-17T20:43:05.824011
leconstitutionnel,bpt6k686213w,,failed,0,0,,no_usable_pages,known,,,bpt6k686213w: no usable pages in manifest.,2026-07-17T20:43:05.946208
leconstitutionnel,bpt6k6862148,,failed,0,0,,no_usable_pages,known,,,bpt6k6862148: no usable pages in manifest.,2026-07-17T20:43:06.053892
leconstitutionnel,bpt6k686215n,,failed,0,0,,no_usable_pages,known,,,bpt6k686215n: no usable pages in manifest.,2026-07-17T20:43:06.159959
leconstitutionnel,bpt6k6862161,,failed,0,0,,no_usable_pages,known,,,bpt6k6862161: no usable pages in manifest.,2026-07-17T20:43:06.233895
leconstitutionnel,bpt6k686217d,,failed,0,0,,no_usable_pages,known,,,bpt6k686217d: no usable pages in manifest.,2026-07-17T20:43:06.451174
leconstitutionnel,bpt6k686218s,,failed,0,0,,no_usable_pages,known,,,bpt6k686218s: no usable pages in manifest.,2026-07-17T20:43:06.570514
leconstitutionnel,bpt6k6862195,,failed,0,0,,no_usable_pages,known,,,bpt6k6862195: no usable pages in manifest.,2026-07-17T20:43:06.668493
leconstitutionnel,bpt6k6862203,,failed,0,0,,no_usable_pages,known,,,bpt6k6862203: no usable pages in manifest.,2026-07-17T20:43:06.783771
leconstitutionnel,bpt6k686221g,,failed,0,0,,no_usable_pages,known,,,bpt6k686221g: no usable pages in manifest.,2026-07-17T20:43:06.931573
leconstitutionnel,bpt6k686222v,,failed,0,0,,no_usable_pages,known,,,bpt6k686222v: no usable pages in manifest.,2026-07-17T20:43:06.992813
leconstitutionnel,bpt6k6862237,,failed,0,0,,no_usable_pages,known,,,bpt6k6862237: no usable pages in manifest.,2026-07-17T20:43:07.076035
leconstitutionnel,bpt6k686224m,,failed,0,0,,no_usable_pages,known,,,bpt6k686224m: no usable pages in manifest.,2026-07-17T20:43:07.173902
leconstitutionnel,bpt6k6862250,,failed,0,0,,no_usable_pages,known,,,bpt6k6862250: no usable pages in manifest.,2026-07-17T20:43:07.292670
leconstitutionnel,bpt6k686226c,,failed,0,0,,no_usable_pages,known,,,bpt6k686226c: no usable pages in manifest.,2026-07-17T20:43:07.389296
leconstitutionnel,bpt6k686227r,,failed,0,0,,no_usable_pages,known,,,bpt6k686227r: no usable pages in manifest.,2026-07-17T20:43:07.610941
leconstitutionnel,bpt6k6862284,,failed,0,0,,no_usable_pages,known,,,bpt6k6862284: no usable pages in manifest.,2026-07-17T20:43:07.734300
leconstitutionnel,bpt6k686229h,,failed,0,0,,no_usable_pages,known,,,bpt6k686229h: no usable pages in manifest.,2026-07-17T20:43:07.847957
leconstitutionnel,bpt6k686230f,,failed,0,0,,no_usable_pages,known,,,bpt6k686230f: no usable pages in manifest.,2026-07-17T20:43:08.010762
leconstitutionnel,bpt6k686231t,,failed,0,0,,no_usable_pages,known,,,bpt6k686231t: no usable pages in manifest.,2026-07-17T20:43:08.156490
leconstitutionnel,bpt6k6862326,,failed,0,0,,no_usable_pages,known,,,bpt6k6862326: no usable pages in manifest.,2026-07-17T20:43:08.267295
leconstitutionnel,bpt6k686233k,,failed,0,0,,no_usable_pages,known,,,bpt6k686233k: no usable pages in manifest.,2026-07-17T20:43:08.386748
leconstitutionnel,bpt6k686234z,,failed,0,0,,no_usable_pages,known,,,bpt6k686234z: no usable pages in manifest.,2026-07-17T20:43:08.466211
leconstitutionnel,bpt6k686235b,,failed,0,0,,no_usable_pages,known,,,bpt6k686235b: no usable pages in manifest.,2026-07-17T20:43:08.573397
leconstitutionnel,bpt6k686236q,,failed,0,0,,no_usable_pages,known,,,bpt6k686236q: no usable pages in manifest.,2026-07-17T20:43:08.669125
leconstitutionnel,bpt6k6862373,,failed,0,0,,no_usable_pages,known,,,bpt6k6862373: no usable pages in manifest.,2026-07-17T20:43:08.761223
leconstitutionnel,bpt6k686238g,,failed,0,0,,no_usable_pages,known,,,bpt6k686238g: no usable pages in manifest.,2026-07-17T20:43:08.910880
leconstitutionnel,bpt6k686239v,,failed,0,0,,no_usable_pages,known,,,bpt6k686239v: no usable pages in manifest.,2026-07-17T20:43:09.035939
leconstitutionnel,bpt6k686240s,,failed,0,0,,no_usable_pages,known,,,bpt6k686240s: no usable pages in manifest.,2026-07-17T20:43:09.123102
leconstitutionnel,bpt6k6862415,,failed,0,0,,no_usable_pages,known,,,bpt6k6862415: no usable pages in manifest.,2026-07-17T20:43:09.217667
leconstitutionnel,bpt6k686242j,,failed,0,0,,no_usable_pages,known,,,bpt6k686242j: no usable pages in manifest.,2026-07-17T20:43:09.317394
leconstitutionnel,bpt6k686243x,,failed,0,0,,no_usable_pages,known,,,bpt6k686243x: no usable pages in manifest.,2026-07-17T20:43:09.432170
leconstitutionnel,bpt6k6862449,,failed,0,0,,no_usable_pages,known,,,bpt6k6862449: no usable pages in manifest.,2026-07-17T20:43:09.675024
leconstitutionnel,bpt6k686245p,,failed,0,0,,no_usable_pages,known,,,bpt6k686245p: no usable pages in manifest.,2026-07-17T20:43:09.798451
leconstitutionnel,bpt6k6862462,,failed,0,0,,no_usable_pages,known,,,bpt6k6862462: no usable pages in manifest.,2026-07-17T20:43:09.956671
leconstitutionnel,bpt6k686247f,,failed,0,0,,no_usable_pages,known,,,bpt6k686247f: no usable pages in manifest.,2026-07-17T20:43:10.094898
leconstitutionnel,bpt6k686248t,,failed,0,0,,no_usable_pages,known,,,bpt6k686248t: no usable pages in manifest.,2026-07-17T20:43:10.232209
leconstitutionnel,bpt6k6862496,,failed,0,0,,no_usable_pages,known,,,bpt6k6862496: no usable pages in manifest.,2026-07-17T20:43:10.401625
leconstitutionnel,bpt6k6862504,,failed,0,0,,no_usable_pages,known,,,bpt6k6862504: no usable pages in manifest.,2026-07-17T20:43:10.551705
leconstitutionnel,bpt6k686251h,,failed,0,0,,no_usable_pages,known,,,bpt6k686251h: no usable pages in manifest.,2026-07-17T20:43:10.689900
leconstitutionnel,bpt6k686252w,,failed,0,0,,no_usable_pages,known,,,bpt6k686252w: no usable pages in manifest.,2026-07-17T20:43:10.832666
leconstitutionnel,bpt6k6862538,,failed,0,0,,no_usable_pages,known,,,bpt6k6862538: no usable pages in manifest.,2026-07-17T20:43:10.951649
leconstitutionnel,bpt6k686254n,,failed,0,0,,no_usable_pages,known,,,bpt6k686254n: no usable pages in manifest.,2026-07-17T20:43:11.103479
leconstitutionnel,bpt6k6862551,,failed,0,0,,no_usable_pages,known,,,bpt6k6862551: no usable pages in manifest.,2026-07-17T20:43:11.418493
leconstitutionnel,bpt6k686256d,,failed,0,0,,no_usable_pages,known,,,bpt6k686256d: no usable pages in manifest.,2026-07-17T20:43:11.545123
leconstitutionnel,bpt6k686257s,,failed,0,0,,no_usable_pages,known,,,bpt6k686257s: no usable pages in manifest.,2026-07-17T20:43:11.632723
leconstitutionnel,bpt6k6862585,,failed,0,0,,no_usable_pages,known,,,bpt6k6862585: no usable pages in manifest.,2026-07-17T20:43:11.755606
leconstitutionnel,bpt6k686259j,,failed,0,0,,no_usable_pages,known,,,bpt6k686259j: no usable pages in manifest.,2026-07-17T20:43:11.868733
leconstitutionnel,bpt6k686260g,,failed,0,0,,no_usable_pages,known,,,bpt6k686260g: no usable pages in manifest.,2026-07-17T20:43:11.998283
leconstitutionnel,bpt6k686261v,,failed,0,0,,no_usable_pages,known,,,bpt6k686261v: no usable pages in manifest.,2026-07-17T20:43:12.101923
leconstitutionnel,bpt6k6862627,,failed,0,0,,no_usable_pages,known,,,bpt6k6862627: no usable pages in manifest.,2026-07-17T20:43:12.189049
leconstitutionnel,bpt6k686263m,,failed,0,0,,no_usable_pages,known,,,bpt6k686263m: no usable pages in manifest.,2026-07-17T20:43:12.298086
leconstitutionnel,bpt6k6862640,,failed,0,0,,no_usable_pages,known,,,bpt6k6862640: no usable pages in manifest.,2026-07-17T20:43:12.391311
leconstitutionnel,bpt6k686265c,,failed,0,0,,no_usable_pages,known,,,bpt6k686265c: no usable pages in manifest.,2026-07-17T20:43:12.500173
leconstitutionnel,bpt6k686266r,,failed,0,0,,no_usable_pages,known,,,bpt6k686266r: no usable pages in manifest.,2026-07-17T20:43:12.625567
leconstitutionnel,bpt6k6862674,,failed,0,0,,no_usable_pages,known,,,bpt6k6862674: no usable pages in manifest.,2026-07-17T20:43:12.729708
leconstitutionnel,bpt6k686268h,,failed,0,0,,no_usable_pages,known,,,bpt6k686268h: no usable pages in manifest.,2026-07-17T20:43:12.836116
leconstitutionnel,bpt6k686269w,,failed,0,0,,no_usable_pages,known,,,bpt6k686269w: no usable pages in manifest.,2026-07-17T20:43:13.086291
leconstitutionnel,bpt6k686270t,,failed,0,0,,no_usable_pages,known,,,bpt6k686270t: no usable pages in manifest.,2026-07-17T20:43:13.254888
leconstitutionnel,bpt6k6862716,,failed,0,0,,no_usable_pages,known,,,bpt6k6862716: no usable pages in manifest.,2026-07-17T20:43:13.429353
leconstitutionnel,bpt6k686272k,,failed,0,0,,no_usable_pages,known,,,bpt6k686272k: no usable pages in manifest.,2026-07-17T20:43:13.527378
leconstitutionnel,bpt6k686273z,,failed,0,0,,no_usable_pages,known,,,bpt6k686273z: no usable pages in manifest.,2026-07-17T20:43:13.696720
leconstitutionnel,bpt6k686274b,,failed,0,0,,no_usable_pages,known,,,bpt6k686274b: no usable pages in manifest.,2026-07-17T20:43:13.824707
leconstitutionnel,bpt6k686275q,,failed,0,0,,no_usable_pages,known,,,bpt6k686275q: no usable pages in manifest.,2026-07-17T20:43:13.916630
leconstitutionnel,bpt6k6862763,,failed,0,0,,no_usable_pages,known,,,bpt6k6862763: no usable pages in manifest.,2026-07-17T20:43:14.037519
leconstitutionnel,bpt6k686277g,,failed,0,0,,no_usable_pages,known,,,bpt6k686277g: no usable pages in manifest.,2026-07-17T20:43:14.148954
leconstitutionnel,bpt6k686278v,,failed,0,0,,no_usable_pages,known,,,bpt6k686278v: no usable pages in manifest.,2026-07-17T20:43:14.252871
leconstitutionnel,bpt6k6862797,,failed,0,0,,no_usable_pages,known,,,bpt6k6862797: no usable pages in manifest.,2026-07-17T20:43:14.387467
leconstitutionnel,bpt6k6862805,,failed,0,0,,no_usable_pages,known,,,bpt6k6862805: no usable pages in manifest.,2026-07-17T20:43:14.520153
leconstitutionnel,bpt6k686281j,,failed,0,0,,no_usable_pages,known,,,bpt6k686281j: no usable pages in manifest.,2026-07-17T20:43:14.626216
leconstitutionnel,bpt6k686282x,,failed,0,0,,no_usable_pages,known,,,bpt6k686282x: no usable pages in manifest.,2026-07-17T20:43:14.712198
leconstitutionnel,bpt6k6862839,,failed,0,0,,no_usable_pages,known,,,bpt6k6862839: no usable pages in manifest.,2026-07-17T20:43:14.807754
leconstitutionnel,bpt6k686284p,,failed,0,0,,no_usable_pages,known,,,bpt6k686284p: no usable pages in manifest.,2026-07-17T20:43:14.973200
leconstitutionnel,bpt6k6862852,,failed,0,0,,no_usable_pages,known,,,bpt6k6862852: no usable pages in manifest.,2026-07-17T20:43:15.130148
leconstitutionnel,bpt6k686286f,,failed,0,0,,no_usable_pages,known,,,bpt6k686286f: no usable pages in manifest.,2026-07-17T20:43:15.232899
leconstitutionnel,bpt6k686287t,,failed,0,0,,no_usable_pages,known,,,bpt6k686287t: no usable pages in manifest.,2026-07-17T20:43:15.407358
leconstitutionnel,bpt6k6862886,,failed,0,0,,no_usable_pages,known,,,bpt6k6862886: no usable pages in manifest.,2026-07-17T20:43:15.504082
leconstitutionnel,bpt6k686289k,,failed,0,0,,no_usable_pages,known,,,bpt6k686289k: no usable pages in manifest.,2026-07-17T20:43:15.659542
leconstitutionnel,bpt6k686290h,,failed,0,0,,no_usable_pages,known,,,bpt6k686290h: no usable pages in manifest.,2026-07-17T20:43:15.744280
leconstitutionnel,bpt6k686291w,,failed,0,0,,no_usable_pages,known,,,bpt6k686291w: no usable pages in manifest.,2026-07-17T20:43:15.848866
leconstitutionnel,bpt6k6862928,,failed,0,0,,no_usable_pages,known,,,bpt6k6862928: no usable pages in manifest.,2026-07-17T20:43:15.954078
leconstitutionnel,bpt6k686293n,,failed,0,0,,no_usable_pages,known,,,bpt6k686293n: no usable pages in manifest.,2026-07-17T20:43:16.041661
leconstitutionnel,bpt6k6862941,,failed,0,0,,no_usable_pages,known,,,bpt6k6862941: no usable pages in manifest.,2026-07-17T20:43:16.165642
leconstitutionnel,bpt6k686295d,,failed,0,0,,no_usable_pages,known,,,bpt6k686295d: no usable pages in manifest.,2026-07-17T20:43:16.285476
leconstitutionnel,bpt6k686296s,,failed,0,0,,no_usable_pages,known,,,bpt6k686296s: no usable pages in manifest.,2026-07-17T20:43:16.438641
leconstitutionnel,bpt6k6862975,,failed,0,0,,no_usable_pages,known,,,bpt6k6862975: no usable pages in manifest.,2026-07-17T20:43:16.615995
leconstitutionnel,bpt6k686298j,,failed,0,0,,no_usable_pages,known,,,bpt6k686298j: no usable pages in manifest.,2026-07-17T20:43:16.868058
leconstitutionnel,bpt6k686299x,,failed,0,0,,no_usable_pages,known,,,bpt6k686299x: no usable pages in manifest.,2026-07-17T20:43:17.043373
leconstitutionnel,bpt6k686300q,,failed,0,0,,no_usable_pages,known,,,bpt6k686300q: no usable pages in manifest.,2026-07-17T20:43:17.209626
leconstitutionnel,bpt6k6863013,,failed,0,0,,no_usable_pages,known,,,bpt6k6863013: no usable pages in manifest.,2026-07-17T20:43:17.396683
leconstitutionnel,bpt6k686302g,,failed,0,0,,no_usable_pages,known,,,bpt6k686302g: no usable pages in manifest.,2026-07-17T20:43:17.525145
leconstitutionnel,bpt6k686303v,,failed,0,0,,no_usable_pages,known,,,bpt6k686303v: no usable pages in manifest.,2026-07-17T20:43:17.636539
leconstitutionnel,bpt6k6863047,,failed,0,0,,no_usable_pages,known,,,bpt6k6863047: no usable pages in manifest.,2026-07-17T20:43:17.712400
leconstitutionnel,bpt6k686305m,,failed,0,0,,no_usable_pages,known,,,bpt6k686305m: no usable pages in manifest.,2026-07-17T20:43:17.814357
leconstitutionnel,bpt6k6863060,,failed,0,0,,no_usable_pages,known,,,bpt6k6863060: no usable pages in manifest.,2026-07-17T20:43:17.945063
leconstitutionnel,bpt6k686307c,,failed,0,0,,no_usable_pages,known,,,bpt6k686307c: no usable pages in manifest.,2026-07-17T20:43:18.055213
leconstitutionnel,bpt6k686308r,,failed,0,0,,no_usable_pages,known,,,bpt6k686308r: no usable pages in manifest.,2026-07-17T20:43:18.261383
leconstitutionnel,bpt6k6863094,,failed,0,0,,no_usable_pages,known,,,bpt6k6863094: no usable pages in manifest.,2026-07-17T20:43:18.366981
leconstitutionnel,bpt6k6863102,,failed,0,0,,no_usable_pages,known,,,bpt6k6863102: no usable pages in manifest.,2026-07-17T20:43:18.481946
leconstitutionnel,bpt6k686311f,,failed,0,0,,no_usable_pages,known,,,bpt6k686311f: no usable pages in manifest.,2026-07-17T20:43:18.734000
leconstitutionnel,bpt6k686312t,,failed,0,0,,no_usable_pages,known,,,bpt6k686312t: no usable pages in manifest.,2026-07-17T20:43:18.842376
leconstitutionnel,bpt6k6863136,,failed,0,0,,no_usable_pages,known,,,bpt6k6863136: no usable pages in manifest.,2026-07-17T20:43:18.995791
leconstitutionnel,bpt6k686314k,,failed,0,0,,no_usable_pages,known,,,bpt6k686314k: no usable pages in manifest.,2026-07-17T20:43:19.106618
leconstitutionnel,bpt6k686315z,,failed,0,0,,no_usable_pages,known,,,bpt6k686315z: no usable pages in manifest.,2026-07-17T20:43:19.187906
leconstitutionnel,bpt6k686316b,,failed,0,0,,no_usable_pages,known,,,bpt6k686316b: no usable pages in manifest.,2026-07-17T20:43:19.310049
leconstitutionnel,bpt6k686317q,,failed,0,0,,no_usable_pages,known,,,bpt6k686317q: no usable pages in manifest.,2026-07-17T20:43:19.438227
leconstitutionnel,bpt6k6863183,,failed,0,0,,no_usable_pages,known,,,bpt6k6863183: no usable pages in manifest.,2026-07-17T20:43:19.570253
leconstitutionnel,bpt6k686319g,,failed,0,0,,no_usable_pages,known,,,bpt6k686319g: no usable pages in manifest.,2026-07-17T20:43:19.764907
leconstitutionnel,bpt6k686320d,,failed,0,0,,no_usable_pages,known,,,bpt6k686320d: no usable pages in manifest.,2026-07-17T20:43:19.879764
leconstitutionnel,bpt6k686321s,,failed,0,0,,no_usable_pages,known,,,bpt6k686321s: no usable pages in manifest.,2026-07-17T20:43:19.998153
leconstitutionnel,bpt6k6863225,,failed,0,0,,no_usable_pages,known,,,bpt6k6863225: no usable pages in manifest.,2026-07-17T20:43:20.092247
leconstitutionnel,bpt6k686323j,,failed,0,0,,no_usable_pages,known,,,bpt6k686323j: no usable pages in manifest.,2026-07-17T20:43:20.191756
leconstitutionnel,bpt6k686324x,,failed,0,0,,no_usable_pages,known,,,bpt6k686324x: no usable pages in manifest.,2026-07-17T20:43:20.332059
leconstitutionnel,bpt6k6863259,,failed,0,0,,no_usable_pages,known,,,bpt6k6863259: no usable pages in manifest.,2026-07-17T20:43:20.510122
leconstitutionnel,bpt6k686326p,,failed,0,0,,no_usable_pages,known,,,bpt6k686326p: no usable pages in manifest.,2026-07-17T20:43:20.675777
leconstitutionnel,bpt6k6863272,,failed,0,0,,no_usable_pages,known,,,bpt6k6863272: no usable pages in manifest.,2026-07-17T20:43:20.890906
leconstitutionnel,bpt6k686328f,,failed,0,0,,no_usable_pages,known,,,bpt6k686328f: no usable pages in manifest.,2026-07-17T20:43:21.061958
leconstitutionnel,bpt6k686329t,,failed,0,0,,no_usable_pages,known,,,bpt6k686329t: no usable pages in manifest.,2026-07-17T20:43:21.231023
leconstitutionnel,bpt6k686330r,,failed,0,0,,no_usable_pages,known,,,bpt6k686330r: no usable pages in manifest.,2026-07-17T20:43:21.357034
leconstitutionnel,bpt6k6863314,,failed,0,0,,no_usable_pages,known,,,bpt6k6863314: no usable pages in manifest.,2026-07-17T20:43:21.476021
leconstitutionnel,bpt6k686332h,,failed,0,0,,no_usable_pages,known,,,bpt6k686332h: no usable pages in manifest.,2026-07-17T20:43:21.560476
leconstitutionnel,bpt6k686333w,,failed,0,0,,no_usable_pages,known,,,bpt6k686333w: no usable pages in manifest.,2026-07-17T20:43:21.766349
leconstitutionnel,bpt6k6863348,,failed,0,0,,no_usable_pages,known,,,bpt6k6863348: no usable pages in manifest.,2026-07-17T20:43:21.923428
leconstitutionnel,bpt6k686335n,,failed,0,0,,no_usable_pages,known,,,bpt6k686335n: no usable pages in manifest.,2026-07-17T20:43:22.036920
leconstitutionnel,bpt6k6863361,,failed,0,0,,no_usable_pages,known,,,bpt6k6863361: no usable pages in manifest.,2026-07-17T20:43:22.156052
leconstitutionnel,bpt6k686337d,,failed,0,0,,no_usable_pages,known,,,bpt6k686337d: no usable pages in manifest.,2026-07-17T20:43:22.256675
leconstitutionnel,bpt6k686338s,,failed,0,0,,no_usable_pages,known,,,bpt6k686338s: no usable pages in manifest.,2026-07-17T20:43:22.427507
leconstitutionnel,bpt6k6863395,,failed,0,0,,no_usable_pages,known,,,bpt6k6863395: no usable pages in manifest.,2026-07-17T20:43:22.605452
leconstitutionnel,bpt6k6863403,,failed,0,0,,no_usable_pages,known,,,bpt6k6863403: no usable pages in manifest.,2026-07-17T20:43:22.759163
leconstitutionnel,bpt6k686341g,,failed,0,0,,no_usable_pages,known,,,bpt6k686341g: no usable pages in manifest.,2026-07-17T20:43:22.867729
leconstitutionnel,bpt6k686342v,,failed,0,0,,no_usable_pages,known,,,bpt6k686342v: no usable pages in manifest.,2026-07-17T20:43:22.987215
leconstitutionnel,bpt6k6863437,,failed,0,0,,no_usable_pages,known,,,bpt6k6863437: no usable pages in manifest.,2026-07-17T20:43:23.155996
leconstitutionnel,bpt6k686344m,,failed,0,0,,no_usable_pages,known,,,bpt6k686344m: no usable pages in manifest.,2026-07-17T20:43:23.282288
leconstitutionnel,bpt6k6863450,,failed,0,0,,no_usable_pages,known,,,bpt6k6863450: no usable pages in manifest.,2026-07-17T20:43:23.375645
leconstitutionnel,bpt6k686347r,,failed,0,0,,no_usable_pages,known,,,bpt6k686347r: no usable pages in manifest.,2026-07-17T20:43:23.509180
leconstitutionnel,bpt6k6863484,,failed,0,0,,no_usable_pages,known,,,bpt6k6863484: no usable pages in manifest.,2026-07-17T20:43:23.655615
leconstitutionnel,bpt6k686349h,,failed,0,0,,no_usable_pages,known,,,bpt6k686349h: no usable pages in manifest.,2026-07-17T20:43:23.879527
leconstitutionnel,bpt6k686350f,,failed,0,0,,no_usable_pages,known,,,bpt6k686350f: no usable pages in manifest.,2026-07-17T20:43:24.026680
leconstitutionnel,bpt6k686351t,,failed,0,0,,no_usable_pages,known,,,bpt6k686351t: no usable pages in manifest.,2026-07-17T20:43:24.111051
leconstitutionnel,bpt6k6863526,,failed,0,0,,no_usable_pages,known,,,bpt6k6863526: no usable pages in manifest.,2026-07-17T20:43:24.261016
leconstitutionnel,bpt6k686353k,,failed,0,0,,no_usable_pages,known,,,bpt6k686353k: no usable pages in manifest.,2026-07-17T20:43:24.377828
leconstitutionnel,bpt6k686354z,,failed,0,0,,no_usable_pages,known,,,bpt6k686354z: no usable pages in manifest.,2026-07-17T20:43:24.523098
leconstitutionnel,bpt6k686355b,,failed,0,0,,no_usable_pages,known,,,bpt6k686355b: no usable pages in manifest.,2026-07-17T20:43:24.674601
leconstitutionnel,bpt6k686356q,,failed,0,0,,no_usable_pages,known,,,bpt6k686356q: no usable pages in manifest.,2026-07-17T20:43:24.766178
leconstitutionnel,bpt6k6863573,,failed,0,0,,no_usable_pages,known,,,bpt6k6863573: no usable pages in manifest.,2026-07-17T20:43:24.883683
leconstitutionnel,bpt6k686358g,,failed,0,0,,no_usable_pages,known,,,bpt6k686358g: no usable pages in manifest.,2026-07-17T20:43:25.014391
leconstitutionnel,bpt6k686359v,,failed,0,0,,no_usable_pages,known,,,bpt6k686359v: no usable pages in manifest.,2026-07-17T20:43:25.135211
leconstitutionnel,bpt6k686360s,,failed,0,0,,no_usable_pages,known,,,bpt6k686360s: no usable pages in manifest.,2026-07-17T20:43:25.220286
leconstitutionnel,bpt6k6863615,,failed,0,0,,no_usable_pages,known,,,bpt6k6863615: no usable pages in manifest.,2026-07-17T20:43:25.290127
leconstitutionnel,bpt6k686362j,,failed,0,0,,no_usable_pages,known,,,bpt6k686362j: no usable pages in manifest.,2026-07-17T20:43:25.393560
leconstitutionnel,bpt6k686363x,,failed,0,0,,no_usable_pages,known,,,bpt6k686363x: no usable pages in manifest.,2026-07-17T20:43:25.627741
leconstitutionnel,bpt6k6863649,,failed,0,0,,no_usable_pages,known,,,bpt6k6863649: no usable pages in manifest.,2026-07-17T20:43:25.754534
leconstitutionnel,bpt6k686365p,,failed,0,0,,no_usable_pages,known,,,bpt6k686365p: no usable pages in manifest.,2026-07-17T20:43:25.866292
leconstitutionnel,bpt6k6863662,,failed,0,0,,no_usable_pages,known,,,bpt6k6863662: no usable pages in manifest.,2026-07-17T20:43:26.062032
leconstitutionnel,bpt6k686367f,,failed,0,0,,no_usable_pages,known,,,bpt6k686367f: no usable pages in manifest.,2026-07-17T20:43:26.313973
leconstitutionnel,bpt6k686368t,,failed,0,0,,no_usable_pages,known,,,bpt6k686368t: no usable pages in manifest.,2026-07-17T20:43:26.405470
leconstitutionnel,bpt6k6863696,,failed,0,0,,no_usable_pages,known,,,bpt6k6863696: no usable pages in manifest.,2026-07-17T20:43:26.514863
leconstitutionnel,bpt6k6863704,,failed,0,0,,no_usable_pages,known,,,bpt6k6863704: no usable pages in manifest.,2026-07-17T20:43:26.737080
leconstitutionnel,bpt6k686371h,,failed,0,0,,no_usable_pages,known,,,bpt6k686371h: no usable pages in manifest.,2026-07-17T20:43:26.864757
leconstitutionnel,bpt6k686372w,,failed,0,0,,no_usable_pages,known,,,bpt6k686372w: no usable pages in manifest.,2026-07-17T20:43:27.009552
leconstitutionnel,bpt6k6863738,,failed,0,0,,no_usable_pages,known,,,bpt6k6863738: no usable pages in manifest.,2026-07-17T20:43:27.251210
leconstitutionnel,bpt6k686374n,,failed,0,0,,no_usable_pages,known,,,bpt6k686374n: no usable pages in manifest.,2026-07-17T20:43:27.410119
leconstitutionnel,bpt6k6863751,,failed,0,0,,no_usable_pages,known,,,bpt6k6863751: no usable pages in manifest.,2026-07-17T20:43:27.537039
leconstitutionnel,bpt6k686376d,,failed,0,0,,no_usable_pages,known,,,bpt6k686376d: no usable pages in manifest.,2026-07-17T20:43:27.688550
leconstitutionnel,bpt6k686377s,,failed,0,0,,no_usable_pages,known,,,bpt6k686377s: no usable pages in manifest.,2026-07-17T20:43:27.791746
leconstitutionnel,bpt6k6863785,,failed,0,0,,no_usable_pages,known,,,bpt6k6863785: no usable pages in manifest.,2026-07-17T20:43:27.881120
leconstitutionnel,bpt6k686379j,,failed,0,0,,no_usable_pages,known,,,bpt6k686379j: no usable pages in manifest.,2026-07-17T20:43:27.997859
leconstitutionnel,bpt6k686380g,,failed,0,0,,no_usable_pages,known,,,bpt6k686380g: no usable pages in manifest.,2026-07-17T20:43:28.127485
leconstitutionnel,bpt6k686381v,,failed,0,0,,no_usable_pages,known,,,bpt6k686381v: no usable pages in manifest.,2026-07-17T20:43:28.237617
leconstitutionnel,bpt6k6863827,,failed,0,0,,no_usable_pages,known,,,bpt6k6863827: no usable pages in manifest.,2026-07-17T20:43:28.347270
leconstitutionnel,bpt6k686383m,,failed,0,0,,no_usable_pages,known,,,bpt6k686383m: no usable pages in manifest.,2026-07-17T20:43:28.488412
leconstitutionnel,bpt6k6863840,,failed,0,0,,no_usable_pages,known,,,bpt6k6863840: no usable pages in manifest.,2026-07-17T20:43:28.637660
leconstitutionnel,bpt6k686385c,,failed,0,0,,no_usable_pages,known,,,bpt6k686385c: no usable pages in manifest.,2026-07-17T20:43:28.899155
leconstitutionnel,bpt6k686386r,,failed,0,0,,no_usable_pages,known,,,bpt6k686386r: no usable pages in manifest.,2026-07-17T20:43:29.101719
leconstitutionnel,bpt6k6863874,,failed,0,0,,no_usable_pages,known,,,bpt6k6863874: no usable pages in manifest.,2026-07-17T20:43:29.361669
leconstitutionnel,bpt6k686388h,,failed,0,0,,no_usable_pages,known,,,bpt6k686388h: no usable pages in manifest.,2026-07-17T20:43:29.471046
leconstitutionnel,bpt6k686389w,,failed,0,0,,no_usable_pages,known,,,bpt6k686389w: no usable pages in manifest.,2026-07-17T20:43:29.572062
leconstitutionnel,bpt6k686390t,,failed,0,0,,no_usable_pages,known,,,bpt6k686390t: no usable pages in manifest.,2026-07-17T20:43:29.727467
leconstitutionnel,bpt6k6863916,,failed,0,0,,no_usable_pages,known,,,bpt6k6863916: no usable pages in manifest.,2026-07-17T20:43:29.841096
leconstitutionnel,bpt6k686392k,,failed,0,0,,no_usable_pages,known,,,bpt6k686392k: no usable pages in manifest.,2026-07-17T20:43:29.978109
leconstitutionnel,bpt6k686393z,,failed,0,0,,no_usable_pages,known,,,bpt6k686393z: no usable pages in manifest.,2026-07-17T20:43:30.121100
leconstitutionnel,bpt6k686394b,,failed,0,0,,no_usable_pages,known,,,bpt6k686394b: no usable pages in manifest.,2026-07-17T20:43:30.241874
leconstitutionnel,bpt6k686395q,,failed,0,0,,no_usable_pages,known,,,bpt6k686395q: no usable pages in manifest.,2026-07-17T20:43:30.422043
leconstitutionnel,bpt6k6863963,,failed,0,0,,no_usable_pages,known,,,bpt6k6863963: no usable pages in manifest.,2026-07-17T20:43:30.648099
leconstitutionnel,bpt6k686397g,,failed,0,0,,no_usable_pages,known,,,bpt6k686397g: no usable pages in manifest.,2026-07-17T20:43:30.741858
leconstitutionnel,bpt6k686398v,,failed,0,0,,no_usable_pages,known,,,bpt6k686398v: no usable pages in manifest.,2026-07-17T20:43:31.041189
leconstitutionnel,bpt6k6863997,,failed,0,0,,no_usable_pages,known,,,bpt6k6863997: no usable pages in manifest.,2026-07-17T20:43:31.150624
leconstitutionnel,bpt6k6864001,,failed,0,0,,no_usable_pages,known,,,bpt6k6864001: no usable pages in manifest.,2026-07-17T20:43:31.245743
leconstitutionnel,bpt6k686401d,,failed,0,0,,no_usable_pages,known,,,bpt6k686401d: no usable pages in manifest.,2026-07-17T20:43:31.374149
leconstitutionnel,bpt6k686402s,,failed,0,0,,no_usable_pages,known,,,bpt6k686402s: no usable pages in manifest.,2026-07-17T20:43:31.584243
leconstitutionnel,bpt6k6864035,,failed,0,0,,no_usable_pages,known,,,bpt6k6864035: no usable pages in manifest.,2026-07-17T20:43:31.704571
leconstitutionnel,bpt6k686404j,,failed,0,0,,no_usable_pages,known,,,bpt6k686404j: no usable pages in manifest.,2026-07-17T20:43:31.829664
leconstitutionnel,bpt6k686405x,,failed,0,0,,no_usable_pages,known,,,bpt6k686405x: no usable pages in manifest.,2026-07-17T20:43:31.965241
leconstitutionnel,bpt6k6864069,,failed,0,0,,no_usable_pages,known,,,bpt6k6864069: no usable pages in manifest.,2026-07-17T20:43:32.081479
leconstitutionnel,bpt6k686407p,,failed,0,0,,no_usable_pages,known,,,bpt6k686407p: no usable pages in manifest.,2026-07-17T20:43:32.229751
leconstitutionnel,bpt6k6864082,,failed,0,0,,no_usable_pages,known,,,bpt6k6864082: no usable pages in manifest.,2026-07-17T20:43:32.326136
leconstitutionnel,bpt6k686409f,,failed,0,0,,no_usable_pages,known,,,bpt6k686409f: no usable pages in manifest.,2026-07-17T20:43:32.442004
leconstitutionnel,bpt6k686410c,,failed,0,0,,no_usable_pages,known,,,bpt6k686410c: no usable pages in manifest.,2026-07-17T20:43:32.604266
leconstitutionnel,bpt6k686411r,,failed,0,0,,no_usable_pages,known,,,bpt6k686411r: no usable pages in manifest.,2026-07-17T20:43:32.743644
leconstitutionnel,bpt6k6864124,,failed,0,0,,no_usable_pages,known,,,bpt6k6864124: no usable pages in manifest.,2026-07-17T20:43:32.869121
leconstitutionnel,bpt6k686413h,,failed,0,0,,no_usable_pages,known,,,bpt6k686413h: no usable pages in manifest.,2026-07-17T20:43:33.024872
leconstitutionnel,bpt6k686414w,,failed,0,0,,no_usable_pages,known,,,bpt6k686414w: no usable pages in manifest.,2026-07-17T20:43:33.151554
leconstitutionnel,bpt6k6864158,,failed,0,0,,no_usable_pages,known,,,bpt6k6864158: no usable pages in manifest.,2026-07-17T20:43:33.310088
leconstitutionnel,bpt6k686416n,,failed,0,0,,no_usable_pages,known,,,bpt6k686416n: no usable pages in manifest.,2026-07-17T20:43:33.410399
leconstitutionnel,bpt6k6864171,,failed,0,0,,no_usable_pages,known,,,bpt6k6864171: no usable pages in manifest.,2026-07-17T20:43:33.511466
leconstitutionnel,bpt6k686418d,,failed,0,0,,no_usable_pages,known,,,bpt6k686418d: no usable pages in manifest.,2026-07-17T20:43:33.744959
leconstitutionnel,bpt6k686419s,,failed,0,0,,no_usable_pages,known,,,bpt6k686419s: no usable pages in manifest.,2026-07-17T20:43:33.864222
leconstitutionnel,bpt6k686420q,,failed,0,0,,no_usable_pages,known,,,bpt6k686420q: no usable pages in manifest.,2026-07-17T20:43:33.993668
leconstitutionnel,bpt6k6864213,,failed,0,0,,no_usable_pages,known,,,bpt6k6864213: no usable pages in manifest.,2026-07-17T20:43:34.100556
leconstitutionnel,bpt6k686422g,,failed,0,0,,no_usable_pages,known,,,bpt6k686422g: no usable pages in manifest.,2026-07-17T20:43:34.200072
leconstitutionnel,bpt6k686423v,,failed,0,0,,no_usable_pages,known,,,bpt6k686423v: no usable pages in manifest.,2026-07-17T20:43:34.324519
leconstitutionnel,bpt6k6864247,,failed,0,0,,no_usable_pages,known,,,bpt6k6864247: no usable pages in manifest.,2026-07-17T20:43:34.407693
leconstitutionnel,bpt6k686425m,,failed,0,0,,no_usable_pages,known,,,bpt6k686425m: no usable pages in manifest.,2026-07-17T20:43:34.529692
leconstitutionnel,bpt6k6864260,,failed,0,0,,no_usable_pages,known,,,bpt6k6864260: no usable pages in manifest.,2026-07-17T20:43:34.842290
leconstitutionnel,bpt6k686427c,,failed,0,0,,no_usable_pages,known,,,bpt6k686427c: no usable pages in manifest.,2026-07-17T20:43:34.956521
leconstitutionnel,bpt6k686428r,,failed,0,0,,no_usable_pages,known,,,bpt6k686428r: no usable pages in manifest.,2026-07-17T20:43:35.074514
leconstitutionnel,bpt6k6864294,,failed,0,0,,no_usable_pages,known,,,bpt6k6864294: no usable pages in manifest.,2026-07-17T20:43:35.211949
leconstitutionnel,bpt6k6864302,,failed,0,0,,no_usable_pages,known,,,bpt6k6864302: no usable pages in manifest.,2026-07-17T20:43:35.310213
leconstitutionnel,bpt6k686431f,,failed,0,0,,no_usable_pages,known,,,bpt6k686431f: no usable pages in manifest.,2026-07-17T20:43:35.428938
leconstitutionnel,bpt6k686432t,,failed,0,0,,no_usable_pages,known,,,bpt6k686432t: no usable pages in manifest.,2026-07-17T20:43:35.536810
leconstitutionnel,bpt6k6864336,,failed,0,0,,no_usable_pages,known,,,bpt6k6864336: no usable pages in manifest.,2026-07-17T20:43:35.625850
leconstitutionnel,bpt6k686434k,,failed,0,0,,no_usable_pages,known,,,bpt6k686434k: no usable pages in manifest.,2026-07-17T20:43:35.741482
leconstitutionnel,bpt6k686435z,,failed,0,0,,no_usable_pages,known,,,bpt6k686435z: no usable pages in manifest.,2026-07-17T20:43:35.893307
leconstitutionnel,bpt6k686436b,,failed,0,0,,no_usable_pages,known,,,bpt6k686436b: no usable pages in manifest.,2026-07-17T20:43:36.015756
leconstitutionnel,bpt6k686437q,,failed,0,0,,no_usable_pages,known,,,bpt6k686437q: no usable pages in manifest.,2026-07-17T20:43:36.133471
leconstitutionnel,bpt6k6864383,,failed,0,0,,no_usable_pages,known,,,bpt6k6864383: no usable pages in manifest.,2026-07-17T20:43:36.274255
leconstitutionnel,bpt6k686439g,,failed,0,0,,no_usable_pages,known,,,bpt6k686439g: no usable pages in manifest.,2026-07-17T20:43:36.383741
leconstitutionnel,bpt6k686440d,,failed,0,0,,no_usable_pages,known,,,bpt6k686440d: no usable pages in manifest.,2026-07-17T20:43:36.674408
leconstitutionnel,bpt6k686441s,,failed,0,0,,no_usable_pages,known,,,bpt6k686441s: no usable pages in manifest.,2026-07-17T20:43:36.824155
leconstitutionnel,bpt6k6864425,,failed,0,0,,no_usable_pages,known,,,bpt6k6864425: no usable pages in manifest.,2026-07-17T20:43:37.022394
leconstitutionnel,bpt6k686443j,,failed,0,0,,no_usable_pages,known,,,bpt6k686443j: no usable pages in manifest.,2026-07-17T20:43:37.161082
leconstitutionnel,bpt6k686444x,,failed,0,0,,no_usable_pages,known,,,bpt6k686444x: no usable pages in manifest.,2026-07-17T20:43:37.318174
leconstitutionnel,bpt6k6864459,,failed,0,0,,no_usable_pages,known,,,bpt6k6864459: no usable pages in manifest.,2026-07-17T20:43:37.481858
leconstitutionnel,bpt6k686446p,,failed,0,0,,no_usable_pages,known,,,bpt6k686446p: no usable pages in manifest.,2026-07-17T20:43:37.587293
leconstitutionnel,bpt6k6864472,,failed,0,0,,no_usable_pages,known,,,bpt6k6864472: no usable pages in manifest.,2026-07-17T20:43:37.719631
leconstitutionnel,bpt6k686448f,,failed,0,0,,no_usable_pages,known,,,bpt6k686448f: no usable pages in manifest.,2026-07-17T20:43:37.885356
leconstitutionnel,bpt6k686449t,,failed,0,0,,no_usable_pages,known,,,bpt6k686449t: no usable pages in manifest.,2026-07-17T20:43:38.015284
leconstitutionnel,bpt6k686450r,,failed,0,0,,no_usable_pages,known,,,bpt6k686450r: no usable pages in manifest.,2026-07-17T20:43:38.150967
leconstitutionnel,bpt6k6864514,,failed,0,0,,no_usable_pages,known,,,bpt6k6864514: no usable pages in manifest.,2026-07-17T20:43:38.301001
leconstitutionnel,bpt6k686452h,,failed,0,0,,no_usable_pages,known,,,bpt6k686452h: no usable pages in manifest.,2026-07-17T20:43:38.429484
leconstitutionnel,bpt6k686453w,,failed,0,0,,no_usable_pages,known,,,bpt6k686453w: no usable pages in manifest.,2026-07-17T20:43:38.660476
leconstitutionnel,bpt6k6864548,,failed,0,0,,no_usable_pages,known,,,bpt6k6864548: no usable pages in manifest.,2026-07-17T20:43:38.789627
leconstitutionnel,bpt6k686455n,,failed,0,0,,no_usable_pages,known,,,bpt6k686455n: no usable pages in manifest.,2026-07-17T20:43:38.927506
leconstitutionnel,bpt6k6864561,,failed,0,0,,no_usable_pages,known,,,bpt6k6864561: no usable pages in manifest.,2026-07-17T20:43:39.065938
leconstitutionnel,bpt6k686457d,,failed,0,0,,no_usable_pages,known,,,bpt6k686457d: no usable pages in manifest.,2026-07-17T20:43:39.178407
leconstitutionnel,bpt6k686458s,,failed,0,0,,no_usable_pages,known,,,bpt6k686458s: no usable pages in manifest.,2026-07-17T20:43:39.317352
leconstitutionnel,bpt6k6864595,,failed,0,0,,no_usable_pages,known,,,bpt6k6864595: no usable pages in manifest.,2026-07-17T20:43:39.502284
leconstitutionnel,bpt6k6864603,,failed,0,0,,no_usable_pages,known,,,bpt6k6864603: no usable pages in manifest.,2026-07-17T20:43:39.719500
leconstitutionnel,bpt6k686461g,,failed,0,0,,no_usable_pages,known,,,bpt6k686461g: no usable pages in manifest.,2026-07-17T20:43:39.838658
leconstitutionnel,bpt6k686462v,,failed,0,0,,no_usable_pages,known,,,bpt6k686462v: no usable pages in manifest.,2026-07-17T20:43:40.029310
leconstitutionnel,bpt6k6864637,,failed,0,0,,no_usable_pages,known,,,bpt6k6864637: no usable pages in manifest.,2026-07-17T20:43:40.220902
leconstitutionnel,bpt6k686464m,,failed,0,0,,no_usable_pages,known,,,bpt6k686464m: no usable pages in manifest.,2026-07-17T20:43:40.539912
leconstitutionnel,bpt6k6864650,,failed,0,0,,no_usable_pages,known,,,bpt6k6864650: no usable pages in manifest.,2026-07-17T20:43:40.705525
leconstitutionnel,bpt6k686466c,,failed,0,0,,no_usable_pages,known,,,bpt6k686466c: no usable pages in manifest.,2026-07-17T20:43:40.855809
leconstitutionnel,bpt6k686467r,,failed,0,0,,no_usable_pages,known,,,bpt6k686467r: no usable pages in manifest.,2026-07-17T20:43:40.964123
leconstitutionnel,bpt6k6864684,,failed,0,0,,no_usable_pages,known,,,bpt6k6864684: no usable pages in manifest.,2026-07-17T20:43:41.093416
leconstitutionnel,bpt6k686469h,,failed,0,0,,no_usable_pages,known,,,bpt6k686469h: no usable pages in manifest.,2026-07-17T20:43:41.230537
leconstitutionnel,bpt6k686470f,,failed,0,0,,no_usable_pages,known,,,bpt6k686470f: no usable pages in manifest.,2026-07-17T20:43:41.345730
leconstitutionnel,bpt6k686471t,,failed,0,0,,no_usable_pages,known,,,bpt6k686471t: no usable pages in manifest.,2026-07-17T20:43:41.461494
leconstitutionnel,bpt6k6864726,,failed,0,0,,no_usable_pages,known,,,bpt6k6864726: no usable pages in manifest.,2026-07-17T20:43:41.622174
leconstitutionnel,bpt6k686473k,,failed,0,0,,no_usable_pages,known,,,bpt6k686473k: no usable pages in manifest.,2026-07-17T20:43:41.750268
leconstitutionnel,bpt6k686474z,,failed,0,0,,no_usable_pages,known,,,bpt6k686474z: no usable pages in manifest.,2026-07-17T20:43:41.876014
leconstitutionnel,bpt6k686475b,,failed,0,0,,no_usable_pages,known,,,bpt6k686475b: no usable pages in manifest.,2026-07-17T20:43:41.986912
leconstitutionnel,bpt6k686476q,,failed,0,0,,no_usable_pages,known,,,bpt6k686476q: no usable pages in manifest.,2026-07-17T20:43:42.156008
leconstitutionnel,bpt6k6864773,,failed,0,0,,no_usable_pages,known,,,bpt6k6864773: no usable pages in manifest.,2026-07-17T20:43:42.341557
leconstitutionnel,bpt6k686478g,,failed,0,0,,no_usable_pages,known,,,bpt6k686478g: no usable pages in manifest.,2026-07-17T20:43:42.513358
leconstitutionnel,bpt6k686479v,,failed,0,0,,no_usable_pages,known,,,bpt6k686479v: no usable pages in manifest.,2026-07-17T20:43:42.683549
leconstitutionnel,bpt6k686480s,,failed,0,0,,no_usable_pages,known,,,bpt6k686480s: no usable pages in manifest.,2026-07-17T20:43:42.872452
leconstitutionnel,bpt6k6864815,,failed,0,0,,no_usable_pages,known,,,bpt6k6864815: no usable pages in manifest.,2026-07-17T20:43:43.016956
leconstitutionnel,bpt6k686482j,,failed,0,0,,no_usable_pages,known,,,bpt6k686482j: no usable pages in manifest.,2026-07-17T20:43:43.145525
leconstitutionnel,bpt6k686483x,,failed,0,0,,no_usable_pages,known,,,bpt6k686483x: no usable pages in manifest.,2026-07-17T20:43:43.266231
leconstitutionnel,bpt6k6864849,,failed,0,0,,no_usable_pages,known,,,bpt6k6864849: no usable pages in manifest.,2026-07-17T20:43:43.439577
leconstitutionnel,bpt6k686485p,,failed,0,0,,no_usable_pages,known,,,bpt6k686485p: no usable pages in manifest.,2026-07-17T20:43:43.553853
leconstitutionnel,bpt6k686591t,,failed,0,0,,no_usable_pages,known,,,bpt6k686591t: no usable pages in manifest.,2026-07-17T20:43:43.716880
leconstitutionnel,bpt6k6865926,,failed,0,0,,no_usable_pages,known,,,bpt6k6865926: no usable pages in manifest.,2026-07-17T20:43:43.897130
leconstitutionnel,bpt6k686593k,,failed,0,0,,no_usable_pages,known,,,bpt6k686593k: no usable pages in manifest.,2026-07-17T20:43:44.048921
leconstitutionnel,bpt6k686594z,,failed,0,0,,no_usable_pages,known,,,bpt6k686594z: no usable pages in manifest.,2026-07-17T20:43:44.234929
leconstitutionnel,bpt6k686595b,,failed,0,0,,no_usable_pages,known,,,bpt6k686595b: no usable pages in manifest.,2026-07-17T20:43:44.342866
leconstitutionnel,bpt6k686596q,,failed,0,0,,no_usable_pages,known,,,bpt6k686596q: no usable pages in manifest.,2026-07-17T20:43:44.497398
leconstitutionnel,bpt6k6865973,,failed,0,0,,no_usable_pages,known,,,bpt6k6865973: no usable pages in manifest.,2026-07-17T20:43:44.616772
leconstitutionnel,bpt6k686598g,,failed,0,0,,no_usable_pages,known,,,bpt6k686598g: no usable pages in manifest.,2026-07-17T20:43:44.792678
leconstitutionnel,bpt6k686599v,,failed,0,0,,no_usable_pages,known,,,bpt6k686599v: no usable pages in manifest.,2026-07-17T20:43:44.896671
leconstitutionnel,bpt6k686600n,,failed,0,0,,no_usable_pages,known,,,bpt6k686600n: no usable pages in manifest.,2026-07-17T20:43:44.996599
leconstitutionnel,bpt6k6866011,,failed,0,0,,no_usable_pages,known,,,bpt6k6866011: no usable pages in manifest.,2026-07-17T20:43:45.205097
leconstitutionnel,bpt6k686602d,,failed,0,0,,no_usable_pages,known,,,bpt6k686602d: no usable pages in manifest.,2026-07-17T20:43:45.389147
leconstitutionnel,bpt6k686603s,,failed,0,0,,no_usable_pages,known,,,bpt6k686603s: no usable pages in manifest.,2026-07-17T20:43:45.572462
leconstitutionnel,bpt6k6866045,,failed,0,0,,no_usable_pages,known,,,bpt6k6866045: no usable pages in manifest.,2026-07-17T20:43:45.669065
leconstitutionnel,bpt6k686605j,,failed,0,0,,no_usable_pages,known,,,bpt6k686605j: no usable pages in manifest.,2026-07-17T20:43:45.942671
leconstitutionnel,bpt6k686606x,,failed,0,0,,no_usable_pages,known,,,bpt6k686606x: no usable pages in manifest.,2026-07-17T20:43:46.066583
leconstitutionnel,bpt6k6866079,,failed,0,0,,no_usable_pages,known,,,bpt6k6866079: no usable pages in manifest.,2026-07-17T20:43:46.221653
leconstitutionnel,bpt6k686608p,,failed,0,0,,no_usable_pages,known,,,bpt6k686608p: no usable pages in manifest.,2026-07-17T20:43:46.365577
leconstitutionnel,bpt6k6866092,,failed,0,0,,no_usable_pages,known,,,bpt6k6866092: no usable pages in manifest.,2026-07-17T20:43:46.494980
leconstitutionnel,bpt6k6866100,,failed,0,0,,no_usable_pages,known,,,bpt6k6866100: no usable pages in manifest.,2026-07-17T20:43:46.653295
leconstitutionnel,bpt6k686611c,,failed,0,0,,no_usable_pages,known,,,bpt6k686611c: no usable pages in manifest.,2026-07-17T20:43:46.774177
leconstitutionnel,bpt6k686612r,,failed,0,0,,no_usable_pages,known,,,bpt6k686612r: no usable pages in manifest.,2026-07-17T20:43:46.958261
leconstitutionnel,bpt6k6866134,,failed,0,0,,no_usable_pages,known,,,bpt6k6866134: no usable pages in manifest.,2026-07-17T20:43:47.086543
leconstitutionnel,bpt6k686614h,,failed,0,0,,no_usable_pages,known,,,bpt6k686614h: no usable pages in manifest.,2026-07-17T20:43:47.235426
leconstitutionnel,bpt6k686615w,,failed,0,0,,no_usable_pages,known,,,bpt6k686615w: no usable pages in manifest.,2026-07-17T20:43:47.385477
leconstitutionnel,bpt6k6866168,,failed,0,0,,no_usable_pages,known,,,bpt6k6866168: no usable pages in manifest.,2026-07-17T20:43:47.724286
leconstitutionnel,bpt6k686617n,,failed,0,0,,no_usable_pages,known,,,bpt6k686617n: no usable pages in manifest.,2026-07-17T20:43:47.962458
leconstitutionnel,bpt6k6866181,,failed,0,0,,no_usable_pages,known,,,bpt6k6866181: no usable pages in manifest.,2026-07-17T20:43:48.083419
leconstitutionnel,bpt6k686619d,,failed,0,0,,no_usable_pages,known,,,bpt6k686619d: no usable pages in manifest.,2026-07-17T20:43:48.199438
leconstitutionnel,bpt6k686620b,,failed,0,0,,no_usable_pages,known,,,bpt6k686620b: no usable pages in manifest.,2026-07-17T20:43:48.335924
leconstitutionnel,bpt6k686621q,,failed,0,0,,no_usable_pages,known,,,bpt6k686621q: no usable pages in manifest.,2026-07-17T20:43:48.446250
leconstitutionnel,bpt6k6866223,,failed,0,0,,no_usable_pages,known,,,bpt6k6866223: no usable pages in manifest.,2026-07-17T20:43:48.557320
leconstitutionnel,bpt6k686623g,,failed,0,0,,no_usable_pages,known,,,bpt6k686623g: no usable pages in manifest.,2026-07-17T20:43:48.694371
leconstitutionnel,bpt6k686624v,,failed,0,0,,no_usable_pages,known,,,bpt6k686624v: no usable pages in manifest.,2026-07-17T20:43:48.800330
leconstitutionnel,bpt6k6866257,,failed,0,0,,no_usable_pages,known,,,bpt6k6866257: no usable pages in manifest.,2026-07-17T20:43:48.926457
leconstitutionnel,bpt6k686626m,,failed,0,0,,no_usable_pages,known,,,bpt6k686626m: no usable pages in manifest.,2026-07-17T20:43:49.075865
leconstitutionnel,bpt6k6866270,,failed,0,0,,no_usable_pages,known,,,bpt6k6866270: no usable pages in manifest.,2026-07-17T20:43:49.199629
leconstitutionnel,bpt6k686628c,,failed,0,0,,no_usable_pages,known,,,bpt6k686628c: no usable pages in manifest.,2026-07-17T20:43:49.393069
leconstitutionnel,bpt6k686629r,,failed,0,0,,no_usable_pages,known,,,bpt6k686629r: no usable pages in manifest.,2026-07-17T20:43:49.565521
leconstitutionnel,bpt6k686630p,,failed,0,0,,no_usable_pages,known,,,bpt6k686630p: no usable pages in manifest.,2026-07-17T20:43:49.711621
leconstitutionnel,bpt6k6866312,,failed,0,0,,no_usable_pages,known,,,bpt6k6866312: no usable pages in manifest.,2026-07-17T20:43:49.897517
leconstitutionnel,bpt6k686632f,,failed,0,0,,no_usable_pages,known,,,bpt6k686632f: no usable pages in manifest.,2026-07-17T20:43:50.064464
leconstitutionnel,bpt6k686633t,,failed,0,0,,no_usable_pages,known,,,bpt6k686633t: no usable pages in manifest.,2026-07-17T20:43:50.162430
leconstitutionnel,bpt6k6866346,,failed,0,0,,no_usable_pages,known,,,bpt6k6866346: no usable pages in manifest.,2026-07-17T20:43:50.272909
leconstitutionnel,bpt6k686635k,,failed,0,0,,no_usable_pages,known,,,bpt6k686635k: no usable pages in manifest.,2026-07-17T20:43:50.390494
leconstitutionnel,bpt6k686636z,,failed,0,0,,no_usable_pages,known,,,bpt6k686636z: no usable pages in manifest.,2026-07-17T20:43:50.493360
leconstitutionnel,bpt6k686637b,,failed,0,0,,no_usable_pages,known,,,bpt6k686637b: no usable pages in manifest.,2026-07-17T20:43:50.638060
leconstitutionnel,bpt6k686638q,,failed,0,0,,no_usable_pages,known,,,bpt6k686638q: no usable pages in manifest.,2026-07-17T20:43:50.757577
leconstitutionnel,bpt6k6866393,,failed,0,0,,no_usable_pages,known,,,bpt6k6866393: no usable pages in manifest.,2026-07-17T20:43:50.871506
leconstitutionnel,bpt6k6866401,,failed,0,0,,no_usable_pages,known,,,bpt6k6866401: no usable pages in manifest.,2026-07-17T20:43:50.968933
leconstitutionnel,bpt6k686641d,,failed,0,0,,no_usable_pages,known,,,bpt6k686641d: no usable pages in manifest.,2026-07-17T20:43:51.246615
leconstitutionnel,bpt6k686642s,,failed,0,0,,no_usable_pages,known,,,bpt6k686642s: no usable pages in manifest.,2026-07-17T20:43:51.404383
leconstitutionnel,bpt6k6866435,,failed,0,0,,no_usable_pages,known,,,bpt6k6866435: no usable pages in manifest.,2026-07-17T20:43:51.513420
leconstitutionnel,bpt6k686644j,,failed,0,0,,no_usable_pages,known,,,bpt6k686644j: no usable pages in manifest.,2026-07-17T20:43:51.647672
leconstitutionnel,bpt6k686645x,,failed,0,0,,no_usable_pages,known,,,bpt6k686645x: no usable pages in manifest.,2026-07-17T20:43:51.750684
leconstitutionnel,bpt6k6866469,,failed,0,0,,no_usable_pages,known,,,bpt6k6866469: no usable pages in manifest.,2026-07-17T20:43:51.882321
leconstitutionnel,bpt6k686647p,,failed,0,0,,no_usable_pages,known,,,bpt6k686647p: no usable pages in manifest.,2026-07-17T20:43:52.001949
leconstitutionnel,bpt6k6866482,,failed,0,0,,no_usable_pages,known,,,bpt6k6866482: no usable pages in manifest.,2026-07-17T20:43:52.134724
leconstitutionnel,bpt6k686649f,,failed,0,0,,no_usable_pages,known,,,bpt6k686649f: no usable pages in manifest.,2026-07-17T20:43:52.272420
leconstitutionnel,bpt6k686650c,,failed,0,0,,no_usable_pages,known,,,bpt6k686650c: no usable pages in manifest.,2026-07-17T20:43:52.390819
leconstitutionnel,bpt6k686651r,,failed,0,0,,no_usable_pages,known,,,bpt6k686651r: no usable pages in manifest.,2026-07-17T20:43:52.541456
leconstitutionnel,bpt6k6866524,,failed,0,0,,no_usable_pages,known,,,bpt6k6866524: no usable pages in manifest.,2026-07-17T20:43:52.665747
leconstitutionnel,bpt6k686653h,,failed,0,0,,no_usable_pages,known,,,bpt6k686653h: no usable pages in manifest.,2026-07-17T20:43:52.820472
leconstitutionnel,bpt6k686654w,,failed,0,0,,no_usable_pages,known,,,bpt6k686654w: no usable pages in manifest.,2026-07-17T20:43:53.175249
leconstitutionnel,bpt6k6866558,,failed,0,0,,no_usable_pages,known,,,bpt6k6866558: no usable pages in manifest.,2026-07-17T20:43:53.291594
leconstitutionnel,bpt6k686656n,,failed,0,0,,no_usable_pages,known,,,bpt6k686656n: no usable pages in manifest.,2026-07-17T20:43:53.392021
leconstitutionnel,bpt6k6866571,,failed,0,0,,no_usable_pages,known,,,bpt6k6866571: no usable pages in manifest.,2026-07-17T20:43:53.511229
leconstitutionnel,bpt6k686658d,,failed,0,0,,no_usable_pages,known,,,bpt6k686658d: no usable pages in manifest.,2026-07-17T20:43:53.639448
leconstitutionnel,bpt6k686659s,,failed,0,0,,no_usable_pages,known,,,bpt6k686659s: no usable pages in manifest.,2026-07-17T20:43:53.798316
leconstitutionnel,bpt6k686660q,,failed,0,0,,no_usable_pages,known,,,bpt6k686660q: no usable pages in manifest.,2026-07-17T20:43:53.944401
leconstitutionnel,bpt6k6866613,,failed,0,0,,no_usable_pages,known,,,bpt6k6866613: no usable pages in manifest.,2026-07-17T20:43:54.036946
leconstitutionnel,bpt6k686662g,,failed,0,0,,no_usable_pages,known,,,bpt6k686662g: no usable pages in manifest.,2026-07-17T20:43:54.204086
leconstitutionnel,bpt6k686663v,,failed,0,0,,no_usable_pages,known,,,bpt6k686663v: no usable pages in manifest.,2026-07-17T20:43:54.360671
leconstitutionnel,bpt6k6866647,,failed,0,0,,no_usable_pages,known,,,bpt6k6866647: no usable pages in manifest.,2026-07-17T20:43:54.461437
leconstitutionnel,bpt6k686665m,,failed,0,0,,no_usable_pages,known,,,bpt6k686665m: no usable pages in manifest.,2026-07-17T20:43:54.568723
leconstitutionnel,bpt6k6866660,,failed,0,0,,no_usable_pages,known,,,bpt6k6866660: no usable pages in manifest.,2026-07-17T20:43:54.784612
leconstitutionnel,bpt6k686667c,,failed,0,0,,no_usable_pages,known,,,bpt6k686667c: no usable pages in manifest.,2026-07-17T20:43:54.966766
leconstitutionnel,bpt6k686668r,,failed,0,0,,no_usable_pages,known,,,bpt6k686668r: no usable pages in manifest.,2026-07-17T20:43:55.068295
leconstitutionnel,bpt6k6866694,,failed,0,0,,no_usable_pages,known,,,bpt6k6866694: no usable pages in manifest.,2026-07-17T20:43:55.228443
leconstitutionnel,bpt6k6866702,,failed,0,0,,no_usable_pages,known,,,bpt6k6866702: no usable pages in manifest.,2026-07-17T20:43:55.351625
leconstitutionnel,bpt6k686671f,,failed,0,0,,no_usable_pages,known,,,bpt6k686671f: no usable pages in manifest.,2026-07-17T20:43:55.458220
leconstitutionnel,bpt6k686672t,,failed,0,0,,no_usable_pages,known,,,bpt6k686672t: no usable pages in manifest.,2026-07-17T20:43:55.607761
leconstitutionnel,bpt6k6866736,,failed,0,0,,no_usable_pages,known,,,bpt6k6866736: no usable pages in manifest.,2026-07-17T20:43:55.702686
leconstitutionnel,bpt6k686674k,,failed,0,0,,no_usable_pages,known,,,bpt6k686674k: no usable pages in manifest.,2026-07-17T20:43:55.771193
leconstitutionnel,bpt6k686675z,,failed,0,0,,no_usable_pages,known,,,bpt6k686675z: no usable pages in manifest.,2026-07-17T20:43:55.872235
leconstitutionnel,bpt6k686676b,,failed,0,0,,no_usable_pages,known,,,bpt6k686676b: no usable pages in manifest.,2026-07-17T20:43:55.969240
leconstitutionnel,bpt6k686677q,,failed,0,0,,no_usable_pages,known,,,bpt6k686677q: no usable pages in manifest.,2026-07-17T20:43:56.097590
leconstitutionnel,bpt6k6866783,,failed,0,0,,no_usable_pages,known,,,bpt6k6866783: no usable pages in manifest.,2026-07-17T20:43:56.270331
leconstitutionnel,bpt6k686679g,,failed,0,0,,no_usable_pages,known,,,bpt6k686679g: no usable pages in manifest.,2026-07-17T20:43:56.380169
leconstitutionnel,bpt6k686680d,,failed,0,0,,no_usable_pages,known,,,bpt6k686680d: no usable pages in manifest.,2026-07-17T20:43:56.559092
leconstitutionnel,bpt6k686681s,,failed,0,0,,no_usable_pages,known,,,bpt6k686681s: no usable pages in manifest.,2026-07-17T20:43:56.759174
leconstitutionnel,bpt6k6866825,,failed,0,0,,no_usable_pages,known,,,bpt6k6866825: no usable pages in manifest.,2026-07-17T20:43:56.860478
leconstitutionnel,bpt6k686684x,,failed,0,0,,no_usable_pages,known,,,bpt6k686684x: no usable pages in manifest.,2026-07-17T20:43:56.964258
leconstitutionnel,bpt6k6866859,,failed,0,0,,no_usable_pages,known,,,bpt6k6866859: no usable pages in manifest.,2026-07-17T20:43:57.097912
leconstitutionnel,bpt6k686686p,,failed,0,0,,no_usable_pages,known,,,bpt6k686686p: no usable pages in manifest.,2026-07-17T20:43:57.262457
leconstitutionnel,bpt6k6866872,,failed,0,0,,no_usable_pages,known,,,bpt6k6866872: no usable pages in manifest.,2026-07-17T20:43:57.406279
leconstitutionnel,bpt6k686688f,,failed,0,0,,no_usable_pages,known,,,bpt6k686688f: no usable pages in manifest.,2026-07-17T20:43:57.617332
leconstitutionnel,bpt6k686689t,,failed,0,0,,no_usable_pages,known,,,bpt6k686689t: no usable pages in manifest.,2026-07-17T20:43:57.767685
leconstitutionnel,bpt6k686690r,,failed,0,0,,no_usable_pages,known,,,bpt6k686690r: no usable pages in manifest.,2026-07-17T20:43:57.893579
leconstitutionnel,bpt6k6866914,,failed,0,0,,no_usable_pages,known,,,bpt6k6866914: no usable pages in manifest.,2026-07-17T20:43:58.029998
leconstitutionnel,bpt6k686692h,,failed,0,0,,no_usable_pages,known,,,bpt6k686692h: no usable pages in manifest.,2026-07-17T20:43:58.158274
leconstitutionnel,bpt6k686693w,,failed,0,0,,no_usable_pages,known,,,bpt6k686693w: no usable pages in manifest.,2026-07-17T20:43:58.375030
leconstitutionnel,bpt6k6866948,,failed,0,0,,no_usable_pages,known,,,bpt6k6866948: no usable pages in manifest.,2026-07-17T20:43:58.519582
leconstitutionnel,bpt6k686695n,,failed,0,0,,no_usable_pages,known,,,bpt6k686695n: no usable pages in manifest.,2026-07-17T20:43:58.622664
leconstitutionnel,bpt6k6866961,,failed,0,0,,no_usable_pages,known,,,bpt6k6866961: no usable pages in manifest.,2026-07-17T20:43:58.779349
leconstitutionnel,bpt6k686697d,,failed,0,0,,no_usable_pages,known,,,bpt6k686697d: no usable pages in manifest.,2026-07-17T20:43:58.866768
leconstitutionnel,bpt6k686698s,,failed,0,0,,no_usable_pages,known,,,bpt6k686698s: no usable pages in manifest.,2026-07-17T20:43:58.992065
leconstitutionnel,bpt6k6866995,,failed,0,0,,no_usable_pages,known,,,bpt6k6866995: no usable pages in manifest.,2026-07-17T20:43:59.088996
leconstitutionnel,bpt6k686700z,,failed,0,0,,no_usable_pages,known,,,bpt6k686700z: no usable pages in manifest.,2026-07-17T20:43:59.198198
leconstitutionnel,bpt6k686701b,,failed,0,0,,no_usable_pages,known,,,bpt6k686701b: no usable pages in manifest.,2026-07-17T20:43:59.307178
leconstitutionnel,bpt6k686702q,,failed,0,0,,no_usable_pages,known,,,bpt6k686702q: no usable pages in manifest.,2026-07-17T20:43:59.423751
leconstitutionnel,bpt6k6867033,,failed,0,0,,no_usable_pages,known,,,bpt6k6867033: no usable pages in manifest.,2026-07-17T20:43:59.518206
leconstitutionnel,bpt6k686704g,,failed,0,0,,no_usable_pages,known,,,bpt6k686704g: no usable pages in manifest.,2026-07-17T20:43:59.647496
leconstitutionnel,bpt6k686705v,,failed,0,0,,no_usable_pages,known,,,bpt6k686705v: no usable pages in manifest.,2026-07-17T20:43:59.818559
leconstitutionnel,bpt6k6867067,,failed,0,0,,no_usable_pages,known,,,bpt6k6867067: no usable pages in manifest.,2026-07-17T20:44:00.034150
leconstitutionnel,bpt6k686707m,,failed,0,0,,no_usable_pages,known,,,bpt6k686707m: no usable pages in manifest.,2026-07-17T20:44:00.242239
leconstitutionnel,bpt6k6867080,,failed,0,0,,no_usable_pages,known,,,bpt6k6867080: no usable pages in manifest.,2026-07-17T20:44:00.377218
leconstitutionnel,bpt6k686709c,,failed,0,0,,no_usable_pages,known,,,bpt6k686709c: no usable pages in manifest.,2026-07-17T20:44:00.605337
leconstitutionnel,bpt6k6867109,,failed,0,0,,no_usable_pages,known,,,bpt6k6867109: no usable pages in manifest.,2026-07-17T20:44:00.763720
leconstitutionnel,bpt6k686711p,,failed,0,0,,no_usable_pages,known,,,bpt6k686711p: no usable pages in manifest.,2026-07-17T20:44:00.872122
leconstitutionnel,bpt6k6867122,,failed,0,0,,no_usable_pages,known,,,bpt6k6867122: no usable pages in manifest.,2026-07-17T20:44:00.979989
leconstitutionnel,bpt6k686713f,,failed,0,0,,no_usable_pages,known,,,bpt6k686713f: no usable pages in manifest.,2026-07-17T20:44:01.113723
leconstitutionnel,bpt6k686714t,,failed,0,0,,no_usable_pages,known,,,bpt6k686714t: no usable pages in manifest.,2026-07-17T20:44:01.226243
leconstitutionnel,bpt6k6867156,,failed,0,0,,no_usable_pages,known,,,bpt6k6867156: no usable pages in manifest.,2026-07-17T20:44:01.320110
leconstitutionnel,bpt6k686716k,,failed,0,0,,no_usable_pages,known,,,bpt6k686716k: no usable pages in manifest.,2026-07-17T20:44:01.432046
leconstitutionnel,bpt6k686717z,,failed,0,0,,no_usable_pages,known,,,bpt6k686717z: no usable pages in manifest.,2026-07-17T20:44:01.617224
leconstitutionnel,bpt6k686718b,,failed,0,0,,no_usable_pages,known,,,bpt6k686718b: no usable pages in manifest.,2026-07-17T20:44:01.765571
leconstitutionnel,bpt6k686719q,,failed,0,0,,no_usable_pages,known,,,bpt6k686719q: no usable pages in manifest.,2026-07-17T20:44:01.891758
leconstitutionnel,bpt6k686720n,,failed,0,0,,no_usable_pages,known,,,bpt6k686720n: no usable pages in manifest.,2026-07-17T20:44:02.100845
leconstitutionnel,bpt6k6867211,,failed,0,0,,no_usable_pages,known,,,bpt6k6867211: no usable pages in manifest.,2026-07-17T20:44:02.244586
leconstitutionnel,bpt6k686722d,,failed,0,0,,no_usable_pages,known,,,bpt6k686722d: no usable pages in manifest.,2026-07-17T20:44:02.340192
leconstitutionnel,bpt6k686723s,,failed,0,0,,no_usable_pages,known,,,bpt6k686723s: no usable pages in manifest.,2026-07-17T20:44:02.471410
leconstitutionnel,bpt6k6867245,,failed,0,0,,no_usable_pages,known,,,bpt6k6867245: no usable pages in manifest.,2026-07-17T20:44:02.597322
leconstitutionnel,bpt6k686725j,,failed,0,0,,no_usable_pages,known,,,bpt6k686725j: no usable pages in manifest.,2026-07-17T20:44:02.717336
leconstitutionnel,bpt6k686726x,,failed,0,0,,no_usable_pages,known,,,bpt6k686726x: no usable pages in manifest.,2026-07-17T20:44:02.875517
leconstitutionnel,bpt6k6867279,,failed,0,0,,no_usable_pages,known,,,bpt6k6867279: no usable pages in manifest.,2026-07-17T20:44:03.016304
leconstitutionnel,bpt6k686728p,,failed,0,0,,no_usable_pages,known,,,bpt6k686728p: no usable pages in manifest.,2026-07-17T20:44:03.128417
leconstitutionnel,bpt6k6867292,,failed,0,0,,no_usable_pages,known,,,bpt6k6867292: no usable pages in manifest.,2026-07-17T20:44:03.219752
leconstitutionnel,bpt6k6867300,,failed,0,0,,no_usable_pages,known,,,bpt6k6867300: no usable pages in manifest.,2026-07-17T20:44:03.362466
leconstitutionnel,bpt6k686731c,,failed,0,0,,no_usable_pages,known,,,bpt6k686731c: no usable pages in manifest.,2026-07-17T20:44:03.500230
leconstitutionnel,bpt6k686732r,,failed,0,0,,no_usable_pages,known,,,bpt6k686732r: no usable pages in manifest.,2026-07-17T20:44:03.847955
leconstitutionnel,bpt6k6867334,,failed,0,0,,no_usable_pages,known,,,bpt6k6867334: no usable pages in manifest.,2026-07-17T20:44:04.029224
leconstitutionnel,bpt6k686734h,,failed,0,0,,no_usable_pages,known,,,bpt6k686734h: no usable pages in manifest.,2026-07-17T20:44:04.192726
leconstitutionnel,bpt6k686735w,,failed,0,0,,no_usable_pages,known,,,bpt6k686735w: no usable pages in manifest.,2026-07-17T20:44:04.309032
leconstitutionnel,bpt6k6867368,,failed,0,0,,no_usable_pages,known,,,bpt6k6867368: no usable pages in manifest.,2026-07-17T20:44:04.423972
leconstitutionnel,bpt6k686737n,,failed,0,0,,no_usable_pages,known,,,bpt6k686737n: no usable pages in manifest.,2026-07-17T20:44:04.568325
leconstitutionnel,bpt6k6867381,,failed,0,0,,no_usable_pages,known,,,bpt6k6867381: no usable pages in manifest.,2026-07-17T20:44:04.724239
leconstitutionnel,bpt6k686739d,,failed,0,0,,no_usable_pages,known,,,bpt6k686739d: no usable pages in manifest.,2026-07-17T20:44:04.873971
leconstitutionnel,bpt6k686740b,,failed,0,0,,no_usable_pages,known,,,bpt6k686740b: no usable pages in manifest.,2026-07-17T20:44:05.018004
leconstitutionnel,bpt6k686741q,,failed,0,0,,no_usable_pages,known,,,bpt6k686741q: no usable pages in manifest.,2026-07-17T20:44:05.133621
leconstitutionnel,bpt6k6867423,,failed,0,0,,no_usable_pages,known,,,bpt6k6867423: no usable pages in manifest.,2026-07-17T20:44:05.285615
leconstitutionnel,bpt6k686743g,,failed,0,0,,no_usable_pages,known,,,bpt6k686743g: no usable pages in manifest.,2026-07-17T20:44:05.406853
leconstitutionnel,bpt6k686744v,,failed,0,0,,no_usable_pages,known,,,bpt6k686744v: no usable pages in manifest.,2026-07-17T20:44:05.530086
leconstitutionnel,bpt6k6867457,,failed,0,0,,no_usable_pages,known,,,bpt6k6867457: no usable pages in manifest.,2026-07-17T20:44:05.774421
leconstitutionnel,bpt6k686746m,,failed,0,0,,no_usable_pages,known,,,bpt6k686746m: no usable pages in manifest.,2026-07-17T20:44:05.927664
leconstitutionnel,bpt6k6867470,,failed,0,0,,no_usable_pages,known,,,bpt6k6867470: no usable pages in manifest.,2026-07-17T20:44:06.084053
leconstitutionnel,bpt6k686748c,,failed,0,0,,no_usable_pages,known,,,bpt6k686748c: no usable pages in manifest.,2026-07-17T20:44:06.209066
leconstitutionnel,bpt6k686749r,,failed,0,0,,no_usable_pages,known,,,bpt6k686749r: no usable pages in manifest.,2026-07-17T20:44:06.361228
leconstitutionnel,bpt6k686750p,,failed,0,0,,no_usable_pages,known,,,bpt6k686750p: no usable pages in manifest.,2026-07-17T20:44:06.446357
leconstitutionnel,bpt6k6867512,,failed,0,0,,no_usable_pages,known,,,bpt6k6867512: no usable pages in manifest.,2026-07-17T20:44:06.562603
leconstitutionnel,bpt6k686752f,,failed,0,0,,no_usable_pages,known,,,bpt6k686752f: no usable pages in manifest.,2026-07-17T20:44:06.693764
leconstitutionnel,bpt6k686753t,,failed,0,0,,no_usable_pages,known,,,bpt6k686753t: no usable pages in manifest.,2026-07-17T20:44:06.844265
leconstitutionnel,bpt6k6867546,,failed,0,0,,no_usable_pages,known,,,bpt6k6867546: no usable pages in manifest.,2026-07-17T20:44:06.984106
leconstitutionnel,bpt6k686755k,,failed,0,0,,no_usable_pages,known,,,bpt6k686755k: no usable pages in manifest.,2026-07-17T20:44:07.136563
leconstitutionnel,bpt6k686756z,,failed,0,0,,no_usable_pages,known,,,bpt6k686756z: no usable pages in manifest.,2026-07-17T20:44:07.298895
leconstitutionnel,bpt6k686757b,,failed,0,0,,no_usable_pages,known,,,bpt6k686757b: no usable pages in manifest.,2026-07-17T20:44:07.488051
leconstitutionnel,bpt6k686758q,,failed,0,0,,no_usable_pages,known,,,bpt6k686758q: no usable pages in manifest.,2026-07-17T20:44:07.837088
leconstitutionnel,bpt6k6867593,,failed,0,0,,no_usable_pages,known,,,bpt6k6867593: no usable pages in manifest.,2026-07-17T20:44:08.019286
leconstitutionnel,bpt6k6867601,,failed,0,0,,no_usable_pages,known,,,bpt6k6867601: no usable pages in manifest.,2026-07-17T20:44:08.163937
leconstitutionnel,bpt6k686761d,,failed,0,0,,no_usable_pages,known,,,bpt6k686761d: no usable pages in manifest.,2026-07-17T20:44:08.270550
leconstitutionnel,bpt6k686762s,,failed,0,0,,no_usable_pages,known,,,bpt6k686762s: no usable pages in manifest.,2026-07-17T20:44:08.392525
leconstitutionnel,bpt6k6867635,,failed,0,0,,no_usable_pages,known,,,bpt6k6867635: no usable pages in manifest.,2026-07-17T20:44:08.521145
leconstitutionnel,bpt6k686764j,,failed,0,0,,no_usable_pages,known,,,bpt6k686764j: no usable pages in manifest.,2026-07-17T20:44:08.662698
leconstitutionnel,bpt6k686765x,,failed,0,0,,no_usable_pages,known,,,bpt6k686765x: no usable pages in manifest.,2026-07-17T20:44:08.746091
leconstitutionnel,bpt6k6867669,,failed,0,0,,no_usable_pages,known,,,bpt6k6867669: no usable pages in manifest.,2026-07-17T20:44:08.849636
leconstitutionnel,bpt6k686767p,,failed,0,0,,no_usable_pages,known,,,bpt6k686767p: no usable pages in manifest.,2026-07-17T20:44:08.983012
leconstitutionnel,bpt6k6867682,,failed,0,0,,no_usable_pages,known,,,bpt6k6867682: no usable pages in manifest.,2026-07-17T20:44:09.154227
leconstitutionnel,bpt6k686769f,,failed,0,0,,no_usable_pages,known,,,bpt6k686769f: no usable pages in manifest.,2026-07-17T20:44:09.280581
leconstitutionnel,bpt6k686770c,,failed,0,0,,no_usable_pages,known,,,bpt6k686770c: no usable pages in manifest.,2026-07-17T20:44:09.419290
leconstitutionnel,bpt6k686771r,,failed,0,0,,no_usable_pages,known,,,bpt6k686771r: no usable pages in manifest.,2026-07-17T20:44:09.517865
leconstitutionnel,bpt6k6867724,,failed,0,0,,no_usable_pages,known,,,bpt6k6867724: no usable pages in manifest.,2026-07-17T20:44:09.616815
leconstitutionnel,bpt6k686773h,,failed,0,0,,no_usable_pages,known,,,bpt6k686773h: no usable pages in manifest.,2026-07-17T20:44:09.749953
leconstitutionnel,bpt6k686774w,,failed,0,0,,no_usable_pages,known,,,bpt6k686774w: no usable pages in manifest.,2026-07-17T20:44:09.912529
leconstitutionnel,bpt6k6867758,,failed,0,0,,no_usable_pages,known,,,bpt6k6867758: no usable pages in manifest.,2026-07-17T20:44:10.167078
leconstitutionnel,bpt6k686776n,,failed,0,0,,no_usable_pages,known,,,bpt6k686776n: no usable pages in manifest.,2026-07-17T20:44:10.343429
leconstitutionnel,bpt6k6867771,,failed,0,0,,no_usable_pages,known,,,bpt6k6867771: no usable pages in manifest.,2026-07-17T20:44:10.481814
leconstitutionnel,bpt6k686778d,,failed,0,0,,no_usable_pages,known,,,bpt6k686778d: no usable pages in manifest.,2026-07-17T20:44:10.608003
leconstitutionnel,bpt6k686779s,,failed,0,0,,no_usable_pages,known,,,bpt6k686779s: no usable pages in manifest.,2026-07-17T20:44:10.734139
leconstitutionnel,bpt6k686780q,,failed,0,0,,no_usable_pages,known,,,bpt6k686780q: no usable pages in manifest.,2026-07-17T20:44:10.864423
leconstitutionnel,bpt6k6867813,,failed,0,0,,no_usable_pages,known,,,bpt6k6867813: no usable pages in manifest.,2026-07-17T20:44:10.981539
leconstitutionnel,bpt6k686782g,,failed,0,0,,no_usable_pages,known,,,bpt6k686782g: no usable pages in manifest.,2026-07-17T20:44:11.323123
leconstitutionnel,bpt6k686783v,,failed,0,0,,no_usable_pages,known,,,bpt6k686783v: no usable pages in manifest.,2026-07-17T20:44:11.479888
leconstitutionnel,bpt6k6867847,,failed,0,0,,no_usable_pages,known,,,bpt6k6867847: no usable pages in manifest.,2026-07-17T20:44:11.577441
leconstitutionnel,bpt6k686785m,,failed,0,0,,no_usable_pages,known,,,bpt6k686785m: no usable pages in manifest.,2026-07-17T20:44:11.702716
leconstitutionnel,bpt6k6867860,,failed,0,0,,no_usable_pages,known,,,bpt6k6867860: no usable pages in manifest.,2026-07-17T20:44:11.848930
leconstitutionnel,bpt6k686787c,,failed,0,0,,no_usable_pages,known,,,bpt6k686787c: no usable pages in manifest.,2026-07-17T20:44:11.970156
leconstitutionnel,bpt6k686788r,,failed,0,0,,no_usable_pages,known,,,bpt6k686788r: no usable pages in manifest.,2026-07-17T20:44:12.118291
leconstitutionnel,bpt6k6867894,,failed,0,0,,no_usable_pages,known,,,bpt6k6867894: no usable pages in manifest.,2026-07-17T20:44:12.275343
leconstitutionnel,bpt6k6867902,,failed,0,0,,no_usable_pages,known,,,bpt6k6867902: no usable pages in manifest.,2026-07-17T20:44:12.420206
leconstitutionnel,bpt6k686791f,,failed,0,0,,no_usable_pages,known,,,bpt6k686791f: no usable pages in manifest.,2026-07-17T20:44:12.566317
leconstitutionnel,bpt6k686792t,,failed,0,0,,no_usable_pages,known,,,bpt6k686792t: no usable pages in manifest.,2026-07-17T20:44:12.699419
leconstitutionnel,bpt6k6867936,,failed,0,0,,no_usable_pages,known,,,bpt6k6867936: no usable pages in manifest.,2026-07-17T20:44:12.789052
leconstitutionnel,bpt6k686794k,,failed,0,0,,no_usable_pages,known,,,bpt6k686794k: no usable pages in manifest.,2026-07-17T20:44:12.972346
leconstitutionnel,bpt6k686795z,,failed,0,0,,no_usable_pages,known,,,bpt6k686795z: no usable pages in manifest.,2026-07-17T20:44:13.102074
leconstitutionnel,bpt6k686796b,,failed,0,0,,no_usable_pages,known,,,bpt6k686796b: no usable pages in manifest.,2026-07-17T20:44:13.298351
leconstitutionnel,bpt6k686797q,,failed,0,0,,no_usable_pages,known,,,bpt6k686797q: no usable pages in manifest.,2026-07-17T20:44:13.494481
leconstitutionnel,bpt6k6867983,,failed,0,0,,no_usable_pages,known,,,bpt6k6867983: no usable pages in manifest.,2026-07-17T20:44:13.678518
leconstitutionnel,bpt6k686799g,,failed,0,0,,no_usable_pages,known,,,bpt6k686799g: no usable pages in manifest.,2026-07-17T20:44:13.869151
leconstitutionnel,bpt6k6868008,,failed,0,0,,no_usable_pages,known,,,bpt6k6868008: no usable pages in manifest.,2026-07-17T20:44:14.038311
leconstitutionnel,bpt6k686801n,,failed,0,0,,no_usable_pages,known,,,bpt6k686801n: no usable pages in manifest.,2026-07-17T20:44:14.162419
leconstitutionnel,bpt6k6868021,,failed,0,0,,no_usable_pages,known,,,bpt6k6868021: no usable pages in manifest.,2026-07-17T20:44:14.315069
leconstitutionnel,bpt6k686803d,,failed,0,0,,no_usable_pages,known,,,bpt6k686803d: no usable pages in manifest.,2026-07-17T20:44:14.431007
leconstitutionnel,bpt6k686804s,,failed,0,0,,no_usable_pages,known,,,bpt6k686804s: no usable pages in manifest.,2026-07-17T20:44:14.652293
leconstitutionnel,bpt6k6868055,,failed,0,0,,no_usable_pages,known,,,bpt6k6868055: no usable pages in manifest.,2026-07-17T20:44:14.814101
leconstitutionnel,bpt6k686806j,,failed,0,0,,no_usable_pages,known,,,bpt6k686806j: no usable pages in manifest.,2026-07-17T20:44:14.924354
leconstitutionnel,bpt6k686807x,,failed,0,0,,no_usable_pages,known,,,bpt6k686807x: no usable pages in manifest.,2026-07-17T20:44:15.052953
leconstitutionnel,bpt6k6868089,,failed,0,0,,no_usable_pages,known,,,bpt6k6868089: no usable pages in manifest.,2026-07-17T20:44:15.178551
leconstitutionnel,bpt6k686809p,,failed,0,0,,no_usable_pages,known,,,bpt6k686809p: no usable pages in manifest.,2026-07-17T20:44:15.309880
leconstitutionnel,bpt6k686810m,,failed,0,0,,no_usable_pages,known,,,bpt6k686810m: no usable pages in manifest.,2026-07-17T20:44:15.438290
leconstitutionnel,bpt6k6868110,,failed,0,0,,no_usable_pages,known,,,bpt6k6868110: no usable pages in manifest.,2026-07-17T20:44:15.596689
leconstitutionnel,bpt6k686812c,,failed,0,0,,no_usable_pages,known,,,bpt6k686812c: no usable pages in manifest.,2026-07-17T20:44:15.703484
leconstitutionnel,bpt6k686813r,,failed,0,0,,no_usable_pages,known,,,bpt6k686813r: no usable pages in manifest.,2026-07-17T20:44:15.848299
leconstitutionnel,bpt6k6868144,,failed,0,0,,no_usable_pages,known,,,bpt6k6868144: no usable pages in manifest.,2026-07-17T20:44:15.939551
leconstitutionnel,bpt6k686815h,,failed,0,0,,no_usable_pages,known,,,bpt6k686815h: no usable pages in manifest.,2026-07-17T20:44:16.047593
leconstitutionnel,bpt6k686816w,,failed,0,0,,no_usable_pages,known,,,bpt6k686816w: no usable pages in manifest.,2026-07-17T20:44:16.148995
leconstitutionnel,bpt6k6868178,,failed,0,0,,no_usable_pages,known,,,bpt6k6868178: no usable pages in manifest.,2026-07-17T20:44:16.281359
leconstitutionnel,bpt6k686818n,,failed,0,0,,no_usable_pages,known,,,bpt6k686818n: no usable pages in manifest.,2026-07-17T20:44:16.412914
leconstitutionnel,bpt6k6868191,,failed,0,0,,no_usable_pages,known,,,bpt6k6868191: no usable pages in manifest.,2026-07-17T20:44:16.656415
leconstitutionnel,bpt6k686820z,,failed,0,0,,no_usable_pages,known,,,bpt6k686820z: no usable pages in manifest.,2026-07-17T20:44:16.782505
leconstitutionnel,bpt6k686821b,,failed,0,0,,no_usable_pages,known,,,bpt6k686821b: no usable pages in manifest.,2026-07-17T20:44:16.921779
leconstitutionnel,bpt6k686822q,,failed,0,0,,no_usable_pages,known,,,bpt6k686822q: no usable pages in manifest.,2026-07-17T20:44:17.028014
leconstitutionnel,bpt6k6868233,,failed,0,0,,no_usable_pages,known,,,bpt6k6868233: no usable pages in manifest.,2026-07-17T20:44:17.163288
leconstitutionnel,bpt6k686824g,,failed,0,0,,no_usable_pages,known,,,bpt6k686824g: no usable pages in manifest.,2026-07-17T20:44:17.378566
leconstitutionnel,bpt6k686825v,,failed,0,0,,no_usable_pages,known,,,bpt6k686825v: no usable pages in manifest.,2026-07-17T20:44:17.492520
leconstitutionnel,bpt6k6868267,,failed,0,0,,no_usable_pages,known,,,bpt6k6868267: no usable pages in manifest.,2026-07-17T20:44:17.701420
leconstitutionnel,bpt6k686827m,,failed,0,0,,no_usable_pages,known,,,bpt6k686827m: no usable pages in manifest.,2026-07-17T20:44:17.882336
leconstitutionnel,bpt6k6868280,,failed,0,0,,no_usable_pages,known,,,bpt6k6868280: no usable pages in manifest.,2026-07-17T20:44:18.085733
leconstitutionnel,bpt6k686829c,,failed,0,0,,no_usable_pages,known,,,bpt6k686829c: no usable pages in manifest.,2026-07-17T20:44:18.396453
leconstitutionnel,bpt6k6868309,,failed,0,0,,no_usable_pages,known,,,bpt6k6868309: no usable pages in manifest.,2026-07-17T20:44:18.545885
leconstitutionnel,bpt6k686831p,,failed,0,0,,no_usable_pages,known,,,bpt6k686831p: no usable pages in manifest.,2026-07-17T20:44:18.676512
leconstitutionnel,bpt6k6868322,,failed,0,0,,no_usable_pages,known,,,bpt6k6868322: no usable pages in manifest.,2026-07-17T20:44:18.831466
leconstitutionnel,bpt6k686833f,,failed,0,0,,no_usable_pages,known,,,bpt6k686833f: no usable pages in manifest.,2026-07-17T20:44:18.970555
leconstitutionnel,bpt6k686834t,,failed,0,0,,no_usable_pages,known,,,bpt6k686834t: no usable pages in manifest.,2026-07-17T20:44:19.086703
leconstitutionnel,bpt6k6868356,,failed,0,0,,no_usable_pages,known,,,bpt6k6868356: no usable pages in manifest.,2026-07-17T20:44:19.194743
leconstitutionnel,bpt6k686836k,,failed,0,0,,no_usable_pages,known,,,bpt6k686836k: no usable pages in manifest.,2026-07-17T20:44:19.274927
leconstitutionnel,bpt6k686837z,,failed,0,0,,no_usable_pages,known,,,bpt6k686837z: no usable pages in manifest.,2026-07-17T20:44:19.393119
leconstitutionnel,bpt6k686838b,,failed,0,0,,no_usable_pages,known,,,bpt6k686838b: no usable pages in manifest.,2026-07-17T20:44:19.522153
leconstitutionnel,bpt6k686839q,,failed,0,0,,no_usable_pages,known,,,bpt6k686839q: no usable pages in manifest.,2026-07-17T20:44:19.618934
leconstitutionnel,bpt6k686840n,,failed,0,0,,no_usable_pages,known,,,bpt6k686840n: no usable pages in manifest.,2026-07-17T20:44:19.755003
leconstitutionnel,bpt6k6868411,,failed,0,0,,no_usable_pages,known,,,bpt6k6868411: no usable pages in manifest.,2026-07-17T20:44:19.881390
leconstitutionnel,bpt6k686842d,,failed,0,0,,no_usable_pages,known,,,bpt6k686842d: no usable pages in manifest.,2026-07-17T20:44:20.014596
leconstitutionnel,bpt6k686843s,,failed,0,0,,no_usable_pages,known,,,bpt6k686843s: no usable pages in manifest.,2026-07-17T20:44:20.147516
leconstitutionnel,bpt6k6868445,,failed,0,0,,no_usable_pages,known,,,bpt6k6868445: no usable pages in manifest.,2026-07-17T20:44:20.258051
leconstitutionnel,bpt6k686845j,,failed,0,0,,no_usable_pages,known,,,bpt6k686845j: no usable pages in manifest.,2026-07-17T20:44:20.384378
leconstitutionnel,bpt6k686846x,,failed,0,0,,no_usable_pages,known,,,bpt6k686846x: no usable pages in manifest.,2026-07-17T20:44:20.516938
leconstitutionnel,bpt6k6868479,,failed,0,0,,no_usable_pages,known,,,bpt6k6868479: no usable pages in manifest.,2026-07-17T20:44:20.649259
leconstitutionnel,bpt6k686848p,,failed,0,0,,no_usable_pages,known,,,bpt6k686848p: no usable pages in manifest.,2026-07-17T20:44:20.943403
leconstitutionnel,bpt6k6868492,,failed,0,0,,no_usable_pages,known,,,bpt6k6868492: no usable pages in manifest.,2026-07-17T20:44:21.133410
leconstitutionnel,bpt6k6868500,,failed,0,0,,no_usable_pages,known,,,bpt6k6868500: no usable pages in manifest.,2026-07-17T20:44:21.323377
leconstitutionnel,bpt6k686851c,,failed,0,0,,no_usable_pages,known,,,bpt6k686851c: no usable pages in manifest.,2026-07-17T20:44:21.448552
leconstitutionnel,bpt6k686852r,,failed,0,0,,no_usable_pages,known,,,bpt6k686852r: no usable pages in manifest.,2026-07-17T20:44:21.632580
leconstitutionnel,bpt6k6868534,,failed,0,0,,no_usable_pages,known,,,bpt6k6868534: no usable pages in manifest.,2026-07-17T20:44:21.840608
leconstitutionnel,bpt6k686854h,,failed,0,0,,no_usable_pages,known,,,bpt6k686854h: no usable pages in manifest.,2026-07-17T20:44:21.952608
leconstitutionnel,bpt6k686855w,,failed,0,0,,no_usable_pages,known,,,bpt6k686855w: no usable pages in manifest.,2026-07-17T20:44:22.082901
leconstitutionnel,bpt6k6868568,,failed,0,0,,no_usable_pages,known,,,bpt6k6868568: no usable pages in manifest.,2026-07-17T20:44:22.204757
leconstitutionnel,bpt6k686857n,,failed,0,0,,no_usable_pages,known,,,bpt6k686857n: no usable pages in manifest.,2026-07-17T20:44:22.332350
leconstitutionnel,bpt6k6868581,,failed,0,0,,no_usable_pages,known,,,bpt6k6868581: no usable pages in manifest.,2026-07-17T20:44:22.447774
leconstitutionnel,bpt6k686859d,,failed,0,0,,no_usable_pages,known,,,bpt6k686859d: no usable pages in manifest.,2026-07-17T20:44:22.585628
leconstitutionnel,bpt6k686860b,,failed,0,0,,no_usable_pages,known,,,bpt6k686860b: no usable pages in manifest.,2026-07-17T20:44:22.725066
leconstitutionnel,bpt6k686861q,,failed,0,0,,no_usable_pages,known,,,bpt6k686861q: no usable pages in manifest.,2026-07-17T20:44:22.830444
leconstitutionnel,bpt6k6868623,,failed,0,0,,no_usable_pages,known,,,bpt6k6868623: no usable pages in manifest.,2026-07-17T20:44:22.939998
leconstitutionnel,bpt6k686863g,,failed,0,0,,no_usable_pages,known,,,bpt6k686863g: no usable pages in manifest.,2026-07-17T20:44:23.060213
leconstitutionnel,bpt6k686864v,,failed,0,0,,no_usable_pages,known,,,bpt6k686864v: no usable pages in manifest.,2026-07-17T20:44:23.248843
leconstitutionnel,bpt6k6868657,,failed,0,0,,no_usable_pages,known,,,bpt6k6868657: no usable pages in manifest.,2026-07-17T20:44:23.476940
leconstitutionnel,bpt6k686866m,,failed,0,0,,no_usable_pages,known,,,bpt6k686866m: no usable pages in manifest.,2026-07-17T20:44:23.598194
leconstitutionnel,bpt6k6868670,,failed,0,0,,no_usable_pages,known,,,bpt6k6868670: no usable pages in manifest.,2026-07-17T20:44:23.733754
leconstitutionnel,bpt6k686868c,,failed,0,0,,no_usable_pages,known,,,bpt6k686868c: no usable pages in manifest.,2026-07-17T20:44:23.833958
leconstitutionnel,bpt6k686869r,,failed,0,0,,no_usable_pages,known,,,bpt6k686869r: no usable pages in manifest.,2026-07-17T20:44:23.975228
leconstitutionnel,bpt6k686870p,,failed,0,0,,no_usable_pages,known,,,bpt6k686870p: no usable pages in manifest.,2026-07-17T20:44:24.138082
leconstitutionnel,bpt6k6868712,,failed,0,0,,no_usable_pages,known,,,bpt6k6868712: no usable pages in manifest.,2026-07-17T20:44:24.309255
leconstitutionnel,bpt6k686872f,,failed,0,0,,no_usable_pages,known,,,bpt6k686872f: no usable pages in manifest.,2026-07-17T20:44:24.463650
leconstitutionnel,bpt6k686873t,,failed,0,0,,no_usable_pages,known,,,bpt6k686873t: no usable pages in manifest.,2026-07-17T20:44:24.585164
leconstitutionnel,bpt6k6868746,,failed,0,0,,no_usable_pages,known,,,bpt6k6868746: no usable pages in manifest.,2026-07-17T20:44:24.700307
leconstitutionnel,bpt6k686875k,,failed,0,0,,no_usable_pages,known,,,bpt6k686875k: no usable pages in manifest.,2026-07-17T20:44:24.837326
leconstitutionnel,bpt6k686876z,,failed,0,0,,no_usable_pages,known,,,bpt6k686876z: no usable pages in manifest.,2026-07-17T20:44:24.952071
leconstitutionnel,bpt6k686877b,,failed,0,0,,no_usable_pages,known,,,bpt6k686877b: no usable pages in manifest.,2026-07-17T20:44:25.079107
leconstitutionnel,bpt6k686878q,,failed,0,0,,no_usable_pages,known,,,bpt6k686878q: no usable pages in manifest.,2026-07-17T20:44:25.206323
leconstitutionnel,bpt6k6868793,,failed,0,0,,no_usable_pages,known,,,bpt6k6868793: no usable pages in manifest.,2026-07-17T20:44:25.386130
leconstitutionnel,bpt6k6868801,,failed,0,0,,no_usable_pages,known,,,bpt6k6868801: no usable pages in manifest.,2026-07-17T20:44:25.538214
leconstitutionnel,bpt6k686881d,,failed,0,0,,no_usable_pages,known,,,bpt6k686881d: no usable pages in manifest.,2026-07-17T20:44:25.670890
leconstitutionnel,bpt6k686882s,,failed,0,0,,no_usable_pages,known,,,bpt6k686882s: no usable pages in manifest.,2026-07-17T20:44:25.771046
leconstitutionnel,bpt6k6868835,,failed,0,0,,no_usable_pages,known,,,bpt6k6868835: no usable pages in manifest.,2026-07-17T20:44:25.883775
leconstitutionnel,bpt6k686884j,,failed,0,0,,no_usable_pages,known,,,bpt6k686884j: no usable pages in manifest.,2026-07-17T20:44:26.017324
leconstitutionnel,bpt6k686885x,,failed,0,0,,no_usable_pages,known,,,bpt6k686885x: no usable pages in manifest.,2026-07-17T20:44:26.206535
leconstitutionnel,bpt6k6868869,,failed,0,0,,no_usable_pages,known,,,bpt6k6868869: no usable pages in manifest.,2026-07-17T20:44:26.333619
leconstitutionnel,bpt6k686887p,,failed,0,0,,no_usable_pages,known,,,bpt6k686887p: no usable pages in manifest.,2026-07-17T20:44:26.523927
leconstitutionnel,bpt6k6868882,,failed,0,0,,no_usable_pages,known,,,bpt6k6868882: no usable pages in manifest.,2026-07-17T20:44:26.643292
leconstitutionnel,bpt6k686889f,,failed,0,0,,no_usable_pages,known,,,bpt6k686889f: no usable pages in manifest.,2026-07-17T20:44:26.752577
leconstitutionnel,bpt6k686890c,,failed,0,0,,no_usable_pages,known,,,bpt6k686890c: no usable pages in manifest.,2026-07-17T20:44:26.864686
leconstitutionnel,bpt6k686891r,,failed,0,0,,no_usable_pages,known,,,bpt6k686891r: no usable pages in manifest.,2026-07-17T20:44:27.002480
leconstitutionnel,bpt6k6868924,,failed,0,0,,no_usable_pages,known,,,bpt6k6868924: no usable pages in manifest.,2026-07-17T20:44:27.240462
leconstitutionnel,bpt6k686893h,,failed,0,0,,no_usable_pages,known,,,bpt6k686893h: no usable pages in manifest.,2026-07-17T20:44:27.444102
leconstitutionnel,bpt6k686894w,,failed,0,0,,no_usable_pages,known,,,bpt6k686894w: no usable pages in manifest.,2026-07-17T20:44:27.546864
leconstitutionnel,bpt6k6868958,,failed,0,0,,no_usable_pages,known,,,bpt6k6868958: no usable pages in manifest.,2026-07-17T20:44:27.690128
leconstitutionnel,bpt6k686896n,,failed,0,0,,no_usable_pages,known,,,bpt6k686896n: no usable pages in manifest.,2026-07-17T20:44:27.812100
leconstitutionnel,bpt6k6868971,,failed,0,0,,no_usable_pages,known,,,bpt6k6868971: no usable pages in manifest.,2026-07-17T20:44:27.955627
leconstitutionnel,bpt6k686898d,,failed,0,0,,no_usable_pages,known,,,bpt6k686898d: no usable pages in manifest.,2026-07-17T20:44:28.060190
leconstitutionnel,bpt6k686899s,,failed,0,0,,no_usable_pages,known,,,bpt6k686899s: no usable pages in manifest.,2026-07-17T20:44:28.183205
leconstitutionnel,bpt6k686900k,,failed,0,0,,no_usable_pages,known,,,bpt6k686900k: no usable pages in manifest.,2026-07-17T20:44:28.303965
leconstitutionnel,bpt6k686901z,,failed,0,0,,no_usable_pages,known,,,bpt6k686901z: no usable pages in manifest.,2026-07-17T20:44:28.389274
leconstitutionnel,bpt6k686902b,,failed,0,0,,no_usable_pages,known,,,bpt6k686902b: no usable pages in manifest.,2026-07-17T20:44:28.540514
leconstitutionnel,bpt6k686903q,,failed,0,0,,no_usable_pages,known,,,bpt6k686903q: no usable pages in manifest.,2026-07-17T20:44:28.651701
leconstitutionnel,bpt6k6869043,,failed,0,0,,no_usable_pages,known,,,bpt6k6869043: no usable pages in manifest.,2026-07-17T20:44:28.784975
leconstitutionnel,bpt6k686905g,,failed,0,0,,no_usable_pages,known,,,bpt6k686905g: no usable pages in manifest.,2026-07-17T20:44:28.935434
leconstitutionnel,bpt6k686906v,,failed,0,0,,no_usable_pages,known,,,bpt6k686906v: no usable pages in manifest.,2026-07-17T20:44:29.072226
leconstitutionnel,bpt6k6869077,,failed,0,0,,no_usable_pages,known,,,bpt6k6869077: no usable pages in manifest.,2026-07-17T20:44:29.178940
leconstitutionnel,bpt6k686908m,,failed,0,0,,no_usable_pages,known,,,bpt6k686908m: no usable pages in manifest.,2026-07-17T20:44:29.329684
leconstitutionnel,bpt6k6869090,,failed,0,0,,no_usable_pages,known,,,bpt6k6869090: no usable pages in manifest.,2026-07-17T20:44:29.450571
leconstitutionnel,bpt6k686910x,,failed,0,0,,no_usable_pages,known,,,bpt6k686910x: no usable pages in manifest.,2026-07-17T20:44:29.575676
leconstitutionnel,bpt6k6869119,,failed,0,0,,no_usable_pages,known,,,bpt6k6869119: no usable pages in manifest.,2026-07-17T20:44:29.700732
leconstitutionnel,bpt6k686912p,,failed,0,0,,no_usable_pages,known,,,bpt6k686912p: no usable pages in manifest.,2026-07-17T20:44:29.827091
leconstitutionnel,bpt6k6869132,,failed,0,0,,no_usable_pages,known,,,bpt6k6869132: no usable pages in manifest.,2026-07-17T20:44:29.924023
leconstitutionnel,bpt6k686914f,,failed,0,0,,no_usable_pages,known,,,bpt6k686914f: no usable pages in manifest.,2026-07-17T20:44:30.040011
leconstitutionnel,bpt6k686915t,,failed,0,0,,no_usable_pages,known,,,bpt6k686915t: no usable pages in manifest.,2026-07-17T20:44:30.143883
leconstitutionnel,bpt6k6869166,,failed,0,0,,no_usable_pages,known,,,bpt6k6869166: no usable pages in manifest.,2026-07-17T20:44:30.254415
leconstitutionnel,bpt6k686917k,,failed,0,0,,no_usable_pages,known,,,bpt6k686917k: no usable pages in manifest.,2026-07-17T20:44:30.374929
leconstitutionnel,bpt6k686918z,,failed,0,0,,no_usable_pages,known,,,bpt6k686918z: no usable pages in manifest.,2026-07-17T20:44:30.517946
leconstitutionnel,bpt6k686919b,,failed,0,0,,no_usable_pages,known,,,bpt6k686919b: no usable pages in manifest.,2026-07-17T20:44:30.685673
leconstitutionnel,bpt6k6869208,,failed,0,0,,no_usable_pages,known,,,bpt6k6869208: no usable pages in manifest.,2026-07-17T20:44:30.801736
leconstitutionnel,bpt6k686921n,,failed,0,0,,no_usable_pages,known,,,bpt6k686921n: no usable pages in manifest.,2026-07-17T20:44:30.981475
leconstitutionnel,bpt6k6869221,,failed,0,0,,no_usable_pages,known,,,bpt6k6869221: no usable pages in manifest.,2026-07-17T20:44:31.092691
leconstitutionnel,bpt6k686923d,,failed,0,0,,no_usable_pages,known,,,bpt6k686923d: no usable pages in manifest.,2026-07-17T20:44:31.210542
leconstitutionnel,bpt6k686924s,,failed,0,0,,no_usable_pages,known,,,bpt6k686924s: no usable pages in manifest.,2026-07-17T20:44:31.330055
leconstitutionnel,bpt6k6869255,,failed,0,0,,no_usable_pages,known,,,bpt6k6869255: no usable pages in manifest.,2026-07-17T20:44:31.545541
leconstitutionnel,bpt6k686926j,,failed,0,0,,no_usable_pages,known,,,bpt6k686926j: no usable pages in manifest.,2026-07-17T20:44:31.692143
leconstitutionnel,bpt6k686927x,,failed,0,0,,no_usable_pages,known,,,bpt6k686927x: no usable pages in manifest.,2026-07-17T20:44:31.872067
leconstitutionnel,bpt6k6869289,,failed,0,0,,no_usable_pages,known,,,bpt6k6869289: no usable pages in manifest.,2026-07-17T20:44:32.000401
leconstitutionnel,bpt6k686929p,,failed,0,0,,no_usable_pages,known,,,bpt6k686929p: no usable pages in manifest.,2026-07-17T20:44:32.159425
leconstitutionnel,bpt6k686930m,,failed,0,0,,no_usable_pages,known,,,bpt6k686930m: no usable pages in manifest.,2026-07-17T20:44:32.370686
leconstitutionnel,bpt6k6869310,,failed,0,0,,no_usable_pages,known,,,bpt6k6869310: no usable pages in manifest.,2026-07-17T20:44:32.536982
leconstitutionnel,bpt6k686932c,,failed,0,0,,no_usable_pages,known,,,bpt6k686932c: no usable pages in manifest.,2026-07-17T20:44:32.658427
leconstitutionnel,bpt6k686933r,,failed,0,0,,no_usable_pages,known,,,bpt6k686933r: no usable pages in manifest.,2026-07-17T20:44:32.824609
leconstitutionnel,bpt6k6869344,,failed,0,0,,no_usable_pages,known,,,bpt6k6869344: no usable pages in manifest.,2026-07-17T20:44:32.980054
leconstitutionnel,bpt6k686935h,,failed,0,0,,no_usable_pages,known,,,bpt6k686935h: no usable pages in manifest.,2026-07-17T20:44:33.143604
leconstitutionnel,bpt6k686936w,,failed,0,0,,no_usable_pages,known,,,bpt6k686936w: no usable pages in manifest.,2026-07-17T20:44:33.285547
leconstitutionnel,bpt6k6869378,,failed,0,0,,no_usable_pages,known,,,bpt6k6869378: no usable pages in manifest.,2026-07-17T20:44:33.430612
leconstitutionnel,bpt6k686938n,,failed,0,0,,no_usable_pages,known,,,bpt6k686938n: no usable pages in manifest.,2026-07-17T20:44:33.595997
leconstitutionnel,bpt6k6869391,,failed,0,0,,no_usable_pages,known,,,bpt6k6869391: no usable pages in manifest.,2026-07-17T20:44:33.684597
leconstitutionnel,bpt6k686940z,,failed,0,0,,no_usable_pages,known,,,bpt6k686940z: no usable pages in manifest.,2026-07-17T20:44:33.900774
leconstitutionnel,bpt6k686941b,,failed,0,0,,no_usable_pages,known,,,bpt6k686941b: no usable pages in manifest.,2026-07-17T20:44:34.051280
leconstitutionnel,bpt6k686942q,,failed,0,0,,no_usable_pages,known,,,bpt6k686942q: no usable pages in manifest.,2026-07-17T20:44:34.248410
leconstitutionnel,bpt6k6869433,,failed,0,0,,no_usable_pages,known,,,bpt6k6869433: no usable pages in manifest.,2026-07-17T20:44:34.389907
leconstitutionnel,bpt6k686944g,,failed,0,0,,no_usable_pages,known,,,bpt6k686944g: no usable pages in manifest.,2026-07-17T20:44:34.522972
leconstitutionnel,bpt6k686945v,,failed,0,0,,no_usable_pages,known,,,bpt6k686945v: no usable pages in manifest.,2026-07-17T20:44:34.705601
leconstitutionnel,bpt6k6869467,,failed,0,0,,no_usable_pages,known,,,bpt6k6869467: no usable pages in manifest.,2026-07-17T20:44:34.833277
leconstitutionnel,bpt6k686947m,,failed,0,0,,no_usable_pages,known,,,bpt6k686947m: no usable pages in manifest.,2026-07-17T20:44:34.950335
leconstitutionnel,bpt6k6869480,,failed,0,0,,no_usable_pages,known,,,bpt6k6869480: no usable pages in manifest.,2026-07-17T20:44:35.105740
leconstitutionnel,bpt6k686949c,,failed,0,0,,no_usable_pages,known,,,bpt6k686949c: no usable pages in manifest.,2026-07-17T20:44:35.224460
leconstitutionnel,bpt6k6869509,,failed,0,0,,no_usable_pages,known,,,bpt6k6869509: no usable pages in manifest.,2026-07-17T20:44:35.343703
leconstitutionnel,bpt6k686951p,,failed,0,0,,no_usable_pages,known,,,bpt6k686951p: no usable pages in manifest.,2026-07-17T20:44:35.442530
leconstitutionnel,bpt6k6869522,,failed,0,0,,no_usable_pages,known,,,bpt6k6869522: no usable pages in manifest.,2026-07-17T20:44:35.602587
leconstitutionnel,bpt6k686953f,,failed,0,0,,no_usable_pages,known,,,bpt6k686953f: no usable pages in manifest.,2026-07-17T20:44:35.743065
leconstitutionnel,bpt6k686954t,,failed,0,0,,no_usable_pages,known,,,bpt6k686954t: no usable pages in manifest.,2026-07-17T20:44:35.923017
leconstitutionnel,bpt6k6869556,,failed,0,0,,no_usable_pages,known,,,bpt6k6869556: no usable pages in manifest.,2026-07-17T20:44:36.128399
leconstitutionnel,bpt6k686956k,,failed,0,0,,no_usable_pages,known,,,bpt6k686956k: no usable pages in manifest.,2026-07-17T20:44:36.260054
leconstitutionnel,bpt6k686957z,,failed,0,0,,no_usable_pages,known,,,bpt6k686957z: no usable pages in manifest.,2026-07-17T20:44:36.349905
leconstitutionnel,bpt6k686958b,,failed,0,0,,no_usable_pages,known,,,bpt6k686958b: no usable pages in manifest.,2026-07-17T20:44:36.493998
leconstitutionnel,bpt6k686959q,,failed,0,0,,no_usable_pages,known,,,bpt6k686959q: no usable pages in manifest.,2026-07-17T20:44:36.614326
leconstitutionnel,bpt6k686960n,,failed,0,0,,no_usable_pages,known,,,bpt6k686960n: no usable pages in manifest.,2026-07-17T20:44:36.768343
leconstitutionnel,bpt6k6869611,,failed,0,0,,no_usable_pages,known,,,bpt6k6869611: no usable pages in manifest.,2026-07-17T20:44:36.907824
leconstitutionnel,bpt6k686962d,,failed,0,0,,no_usable_pages,known,,,bpt6k686962d: no usable pages in manifest.,2026-07-17T20:44:37.070952
leconstitutionnel,bpt6k686963s,,failed,0,0,,no_usable_pages,known,,,bpt6k686963s: no usable pages in manifest.,2026-07-17T20:44:37.305196
leconstitutionnel,bpt6k6869645,,failed,0,0,,no_usable_pages,known,,,bpt6k6869645: no usable pages in manifest.,2026-07-17T20:44:37.433769
leconstitutionnel,bpt6k686965j,,failed,0,0,,no_usable_pages,known,,,bpt6k686965j: no usable pages in manifest.,2026-07-17T20:44:37.625371
leconstitutionnel,bpt6k686966x,,failed,0,0,,no_usable_pages,known,,,bpt6k686966x: no usable pages in manifest.,2026-07-17T20:44:37.883991
leconstitutionnel,bpt6k6869679,,failed,0,0,,no_usable_pages,known,,,bpt6k6869679: no usable pages in manifest.,2026-07-17T20:44:37.977027
leconstitutionnel,bpt6k686968p,,failed,0,0,,no_usable_pages,known,,,bpt6k686968p: no usable pages in manifest.,2026-07-17T20:44:38.148128
leconstitutionnel,bpt6k6869692,,failed,0,0,,no_usable_pages,known,,,bpt6k6869692: no usable pages in manifest.,2026-07-17T20:44:38.351853
leconstitutionnel,bpt6k6869700,,failed,0,0,,no_usable_pages,known,,,bpt6k6869700: no usable pages in manifest.,2026-07-17T20:44:38.469216
leconstitutionnel,bpt6k686971c,,failed,0,0,,no_usable_pages,known,,,bpt6k686971c: no usable pages in manifest.,2026-07-17T20:44:38.555676
leconstitutionnel,bpt6k686972r,,failed,0,0,,no_usable_pages,known,,,bpt6k686972r: no usable pages in manifest.,2026-07-17T20:44:38.690120
leconstitutionnel,bpt6k6869734,,failed,0,0,,no_usable_pages,known,,,bpt6k6869734: no usable pages in manifest.,2026-07-17T20:44:38.838510
leconstitutionnel,bpt6k686974h,,failed,0,0,,no_usable_pages,known,,,bpt6k686974h: no usable pages in manifest.,2026-07-17T20:44:38.986153
leconstitutionnel,bpt6k686975w,,failed,0,0,,no_usable_pages,known,,,bpt6k686975w: no usable pages in manifest.,2026-07-17T20:44:39.103597
leconstitutionnel,bpt6k6869768,,failed,0,0,,no_usable_pages,known,,,bpt6k6869768: no usable pages in manifest.,2026-07-17T20:44:39.208760
leconstitutionnel,bpt6k686977n,,failed,0,0,,no_usable_pages,known,,,bpt6k686977n: no usable pages in manifest.,2026-07-17T20:44:39.385848
leconstitutionnel,bpt6k6869781,,failed,0,0,,no_usable_pages,known,,,bpt6k6869781: no usable pages in manifest.,2026-07-17T20:44:39.568975
leconstitutionnel,bpt6k686979d,,failed,0,0,,no_usable_pages,known,,,bpt6k686979d: no usable pages in manifest.,2026-07-17T20:44:39.682813
leconstitutionnel,bpt6k686980b,,failed,0,0,,no_usable_pages,known,,,bpt6k686980b: no usable pages in manifest.,2026-07-17T20:44:39.803031
leconstitutionnel,bpt6k686981q,,failed,0,0,,no_usable_pages,known,,,bpt6k686981q: no usable pages in manifest.,2026-07-17T20:44:39.931711
leconstitutionnel,bpt6k6869823,,failed,0,0,,no_usable_pages,known,,,bpt6k6869823: no usable pages in manifest.,2026-07-17T20:44:40.097290
leconstitutionnel,bpt6k686983g,,failed,0,0,,no_usable_pages,known,,,bpt6k686983g: no usable pages in manifest.,2026-07-17T20:44:40.208962
leconstitutionnel,bpt6k686984v,,failed,0,0,,no_usable_pages,known,,,bpt6k686984v: no usable pages in manifest.,2026-07-17T20:44:40.397203
leconstitutionnel,bpt6k6869857,,failed,0,0,,no_usable_pages,known,,,bpt6k6869857: no usable pages in manifest.,2026-07-17T20:44:40.511212
leconstitutionnel,bpt6k686986m,,failed,0,0,,no_usable_pages,known,,,bpt6k686986m: no usable pages in manifest.,2026-07-17T20:44:40.648259
leconstitutionnel,bpt6k6869870,,failed,0,0,,no_usable_pages,known,,,bpt6k6869870: no usable pages in manifest.,2026-07-17T20:44:40.808195
leconstitutionnel,bpt6k686988c,,failed,0,0,,no_usable_pages,known,,,bpt6k686988c: no usable pages in manifest.,2026-07-17T20:44:41.005583
leconstitutionnel,bpt6k686989r,,failed,0,0,,no_usable_pages,known,,,bpt6k686989r: no usable pages in manifest.,2026-07-17T20:44:41.351752
leconstitutionnel,bpt6k686990p,,failed,0,0,,no_usable_pages,known,,,bpt6k686990p: no usable pages in manifest.,2026-07-17T20:44:41.510543
leconstitutionnel,bpt6k6869912,,failed,0,0,,no_usable_pages,known,,,bpt6k6869912: no usable pages in manifest.,2026-07-17T20:44:41.646815
leconstitutionnel,bpt6k686992f,,failed,0,0,,no_usable_pages,known,,,bpt6k686992f: no usable pages in manifest.,2026-07-17T20:44:41.775645
leconstitutionnel,bpt6k686993t,,failed,0,0,,no_usable_pages,known,,,bpt6k686993t: no usable pages in manifest.,2026-07-17T20:44:41.980107
leconstitutionnel,bpt6k6869946,,failed,0,0,,no_usable_pages,known,,,bpt6k6869946: no usable pages in manifest.,2026-07-17T20:44:42.100285
leconstitutionnel,bpt6k686995k,,failed,0,0,,no_usable_pages,known,,,bpt6k686995k: no usable pages in manifest.,2026-07-17T20:44:42.258996
leconstitutionnel,bpt6k686996z,,failed,0,0,,no_usable_pages,known,,,bpt6k686996z: no usable pages in manifest.,2026-07-17T20:44:42.365448
leconstitutionnel,bpt6k686997b,,failed,0,0,,no_usable_pages,known,,,bpt6k686997b: no usable pages in manifest.,2026-07-17T20:44:42.521268
leconstitutionnel,bpt6k687298t,,failed,0,0,,no_usable_pages,known,,,bpt6k687298t: no usable pages in manifest.,2026-07-17T20:44:42.678672
leconstitutionnel,bpt6k6872996,,failed,0,0,,no_usable_pages,known,,,bpt6k6872996: no usable pages in manifest.,2026-07-17T20:44:42.819960
leconstitutionnel,bpt6k6873000,,failed,0,0,,no_usable_pages,known,,,bpt6k6873000: no usable pages in manifest.,2026-07-17T20:44:43.123220
leconstitutionnel,bpt6k687301c,,failed,0,0,,no_usable_pages,known,,,bpt6k687301c: no usable pages in manifest.,2026-07-17T20:44:43.295950
leconstitutionnel,bpt6k687302r,,failed,0,0,,no_usable_pages,known,,,bpt6k687302r: no usable pages in manifest.,2026-07-17T20:44:43.400725
leconstitutionnel,bpt6k6873034,,failed,0,0,,no_usable_pages,known,,,bpt6k6873034: no usable pages in manifest.,2026-07-17T20:44:43.647747
leconstitutionnel,bpt6k687304h,,failed,0,0,,no_usable_pages,known,,,bpt6k687304h: no usable pages in manifest.,2026-07-17T20:44:43.741406
leconstitutionnel,bpt6k687305w,,failed,0,0,,no_usable_pages,known,,,bpt6k687305w: no usable pages in manifest.,2026-07-17T20:44:43.875837
leconstitutionnel,bpt6k6873068,,failed,0,0,,no_usable_pages,known,,,bpt6k6873068: no usable pages in manifest.,2026-07-17T20:44:44.001310
leconstitutionnel,bpt6k687307n,,failed,0,0,,no_usable_pages,known,,,bpt6k687307n: no usable pages in manifest.,2026-07-17T20:44:44.108193
leconstitutionnel,bpt6k6873081,,failed,0,0,,no_usable_pages,known,,,bpt6k6873081: no usable pages in manifest.,2026-07-17T20:44:44.260285
leconstitutionnel,bpt6k687309d,,failed,0,0,,no_usable_pages,known,,,bpt6k687309d: no usable pages in manifest.,2026-07-17T20:44:44.457037
leconstitutionnel,bpt6k687310b,,failed,0,0,,no_usable_pages,known,,,bpt6k687310b: no usable pages in manifest.,2026-07-17T20:44:44.643424
leconstitutionnel,bpt6k687311q,,failed,0,0,,no_usable_pages,known,,,bpt6k687311q: no usable pages in manifest.,2026-07-17T20:44:44.826118
leconstitutionnel,bpt6k6873123,,failed,0,0,,no_usable_pages,known,,,bpt6k6873123: no usable pages in manifest.,2026-07-17T20:44:44.973679
leconstitutionnel,bpt6k687313g,,failed,0,0,,no_usable_pages,known,,,bpt6k687313g: no usable pages in manifest.,2026-07-17T20:44:45.127392
leconstitutionnel,bpt6k687314v,,failed,0,0,,no_usable_pages,known,,,bpt6k687314v: no usable pages in manifest.,2026-07-17T20:44:45.230134
leconstitutionnel,bpt6k6873157,,failed,0,0,,no_usable_pages,known,,,bpt6k6873157: no usable pages in manifest.,2026-07-17T20:44:45.313497
leconstitutionnel,bpt6k687316m,,failed,0,0,,no_usable_pages,known,,,bpt6k687316m: no usable pages in manifest.,2026-07-17T20:44:45.495225
leconstitutionnel,bpt6k6873170,,failed,0,0,,no_usable_pages,known,,,bpt6k6873170: no usable pages in manifest.,2026-07-17T20:44:45.683262
leconstitutionnel,bpt6k687318c,,failed,0,0,,no_usable_pages,known,,,bpt6k687318c: no usable pages in manifest.,2026-07-17T20:44:45.792104
leconstitutionnel,bpt6k687319r,,failed,0,0,,no_usable_pages,known,,,bpt6k687319r: no usable pages in manifest.,2026-07-17T20:44:45.914263
leconstitutionnel,bpt6k687320p,,failed,0,0,,no_usable_pages,known,,,bpt6k687320p: no usable pages in manifest.,2026-07-17T20:44:46.048552
leconstitutionnel,bpt6k6873212,,failed,0,0,,no_usable_pages,known,,,bpt6k6873212: no usable pages in manifest.,2026-07-17T20:44:46.156659
leconstitutionnel,bpt6k687322f,,failed,0,0,,no_usable_pages,known,,,bpt6k687322f: no usable pages in manifest.,2026-07-17T20:44:46.295454
leconstitutionnel,bpt6k687323t,,failed,0,0,,no_usable_pages,known,,,bpt6k687323t: no usable pages in manifest.,2026-07-17T20:44:46.409910
leconstitutionnel,bpt6k6873246,,failed,0,0,,no_usable_pages,known,,,bpt6k6873246: no usable pages in manifest.,2026-07-17T20:44:46.653637
leconstitutionnel,bpt6k687325k,,failed,0,0,,no_usable_pages,known,,,bpt6k687325k: no usable pages in manifest.,2026-07-17T20:44:46.824349
leconstitutionnel,bpt6k687326z,,failed,0,0,,no_usable_pages,known,,,bpt6k687326z: no usable pages in manifest.,2026-07-17T20:44:46.938108
leconstitutionnel,bpt6k687327b,,failed,0,0,,no_usable_pages,known,,,bpt6k687327b: no usable pages in manifest.,2026-07-17T20:44:47.058625
leconstitutionnel,bpt6k687328q,,failed,0,0,,no_usable_pages,known,,,bpt6k687328q: no usable pages in manifest.,2026-07-17T20:44:47.200220
leconstitutionnel,bpt6k6873293,,failed,0,0,,no_usable_pages,known,,,bpt6k6873293: no usable pages in manifest.,2026-07-17T20:44:47.331641
leconstitutionnel,bpt6k6873301,,failed,0,0,,no_usable_pages,known,,,bpt6k6873301: no usable pages in manifest.,2026-07-17T20:44:47.429386
leconstitutionnel,bpt6k687331d,,failed,0,0,,no_usable_pages,known,,,bpt6k687331d: no usable pages in manifest.,2026-07-17T20:44:47.645670
leconstitutionnel,bpt6k687332s,,failed,0,0,,no_usable_pages,known,,,bpt6k687332s: no usable pages in manifest.,2026-07-17T20:44:47.787069
leconstitutionnel,bpt6k6873335,,failed,0,0,,no_usable_pages,known,,,bpt6k6873335: no usable pages in manifest.,2026-07-17T20:44:47.946020
leconstitutionnel,bpt6k687334j,,failed,0,0,,no_usable_pages,known,,,bpt6k687334j: no usable pages in manifest.,2026-07-17T20:44:48.135251
leconstitutionnel,bpt6k687335x,,failed,0,0,,no_usable_pages,known,,,bpt6k687335x: no usable pages in manifest.,2026-07-17T20:44:48.294949
leconstitutionnel,bpt6k6873369,,failed,0,0,,no_usable_pages,known,,,bpt6k6873369: no usable pages in manifest.,2026-07-17T20:44:48.409731
leconstitutionnel,bpt6k687337p,,failed,0,0,,no_usable_pages,known,,,bpt6k687337p: no usable pages in manifest.,2026-07-17T20:44:48.502676
leconstitutionnel,bpt6k6873382,,failed,0,0,,no_usable_pages,known,,,bpt6k6873382: no usable pages in manifest.,2026-07-17T20:44:48.663193
leconstitutionnel,bpt6k687339f,,failed,0,0,,no_usable_pages,known,,,bpt6k687339f: no usable pages in manifest.,2026-07-17T20:44:48.835523
leconstitutionnel,bpt6k687340c,,failed,0,0,,no_usable_pages,known,,,bpt6k687340c: no usable pages in manifest.,2026-07-17T20:44:48.969147
leconstitutionnel,bpt6k687341r,,failed,0,0,,no_usable_pages,known,,,bpt6k687341r: no usable pages in manifest.,2026-07-17T20:44:49.081777
leconstitutionnel,bpt6k6873424,,failed,0,0,,no_usable_pages,known,,,bpt6k6873424: no usable pages in manifest.,2026-07-17T20:44:49.177365
leconstitutionnel,bpt6k687343h,,failed,0,0,,no_usable_pages,known,,,bpt6k687343h: no usable pages in manifest.,2026-07-17T20:44:49.288933
leconstitutionnel,bpt6k687344w,,failed,0,0,,no_usable_pages,known,,,bpt6k687344w: no usable pages in manifest.,2026-07-17T20:44:49.395811
leconstitutionnel,bpt6k6873458,,failed,0,0,,no_usable_pages,known,,,bpt6k6873458: no usable pages in manifest.,2026-07-17T20:44:49.523095
leconstitutionnel,bpt6k687346n,,failed,0,0,,no_usable_pages,known,,,bpt6k687346n: no usable pages in manifest.,2026-07-17T20:44:49.664013
leconstitutionnel,bpt6k6873471,,failed,0,0,,no_usable_pages,known,,,bpt6k6873471: no usable pages in manifest.,2026-07-17T20:44:49.756930
leconstitutionnel,bpt6k687348d,,failed,0,0,,no_usable_pages,known,,,bpt6k687348d: no usable pages in manifest.,2026-07-17T20:44:49.996564
leconstitutionnel,bpt6k687349s,,failed,0,0,,no_usable_pages,known,,,bpt6k687349s: no usable pages in manifest.,2026-07-17T20:44:50.172057
leconstitutionnel,bpt6k687350q,,failed,0,0,,no_usable_pages,known,,,bpt6k687350q: no usable pages in manifest.,2026-07-17T20:44:50.265283
leconstitutionnel,bpt6k6873513,,failed,0,0,,no_usable_pages,known,,,bpt6k6873513: no usable pages in manifest.,2026-07-17T20:44:50.354003
leconstitutionnel,bpt6k687352g,,failed,0,0,,no_usable_pages,known,,,bpt6k687352g: no usable pages in manifest.,2026-07-17T20:44:50.470629
leconstitutionnel,bpt6k687353v,,failed,0,0,,no_usable_pages,known,,,bpt6k687353v: no usable pages in manifest.,2026-07-17T20:44:50.571618
leconstitutionnel,bpt6k6873547,,failed,0,0,,no_usable_pages,known,,,bpt6k6873547: no usable pages in manifest.,2026-07-17T20:44:50.710901
leconstitutionnel,bpt6k687355m,,failed,0,0,,no_usable_pages,known,,,bpt6k687355m: no usable pages in manifest.,2026-07-17T20:44:50.846649
leconstitutionnel,bpt6k6873560,,failed,0,0,,no_usable_pages,known,,,bpt6k6873560: no usable pages in manifest.,2026-07-17T20:44:50.953651
leconstitutionnel,bpt6k687357c,,failed,0,0,,no_usable_pages,known,,,bpt6k687357c: no usable pages in manifest.,2026-07-17T20:44:51.092915
leconstitutionnel,bpt6k687358r,,failed,0,0,,no_usable_pages,known,,,bpt6k687358r: no usable pages in manifest.,2026-07-17T20:44:51.263319
leconstitutionnel,bpt6k6873594,,failed,0,0,,no_usable_pages,known,,,bpt6k6873594: no usable pages in manifest.,2026-07-17T20:44:51.373655
leconstitutionnel,bpt6k6873602,,failed,0,0,,no_usable_pages,known,,,bpt6k6873602: no usable pages in manifest.,2026-07-17T20:44:51.518953
leconstitutionnel,bpt6k687361f,,failed,0,0,,no_usable_pages,known,,,bpt6k687361f: no usable pages in manifest.,2026-07-17T20:44:51.680381
leconstitutionnel,bpt6k687362t,,failed,0,0,,no_usable_pages,known,,,bpt6k687362t: no usable pages in manifest.,2026-07-17T20:44:51.830646
leconstitutionnel,bpt6k6873636,,failed,0,0,,no_usable_pages,known,,,bpt6k6873636: no usable pages in manifest.,2026-07-17T20:44:51.936985
leconstitutionnel,bpt6k687364k,,failed,0,0,,no_usable_pages,known,,,bpt6k687364k: no usable pages in manifest.,2026-07-17T20:44:52.015352
leconstitutionnel,bpt6k687365z,,failed,0,0,,no_usable_pages,known,,,bpt6k687365z: no usable pages in manifest.,2026-07-17T20:44:52.114580
leconstitutionnel,bpt6k687366b,,failed,0,0,,no_usable_pages,known,,,bpt6k687366b: no usable pages in manifest.,2026-07-17T20:44:52.228923
leconstitutionnel,bpt6k687367q,,failed,0,0,,no_usable_pages,known,,,bpt6k687367q: no usable pages in manifest.,2026-07-17T20:44:52.423116
leconstitutionnel,bpt6k6873683,,failed,0,0,,no_usable_pages,known,,,bpt6k6873683: no usable pages in manifest.,2026-07-17T20:44:52.534700
leconstitutionnel,bpt6k687369g,,failed,0,0,,no_usable_pages,known,,,bpt6k687369g: no usable pages in manifest.,2026-07-17T20:44:52.646027
leconstitutionnel,bpt6k687370d,,failed,0,0,,no_usable_pages,known,,,bpt6k687370d: no usable pages in manifest.,2026-07-17T20:44:52.762479
leconstitutionnel,bpt6k687371s,,failed,0,0,,no_usable_pages,known,,,bpt6k687371s: no usable pages in manifest.,2026-07-17T20:44:52.942189
leconstitutionnel,bpt6k6873725,,failed,0,0,,no_usable_pages,known,,,bpt6k6873725: no usable pages in manifest.,2026-07-17T20:44:53.052610
leconstitutionnel,bpt6k687373j,,failed,0,0,,no_usable_pages,known,,,bpt6k687373j: no usable pages in manifest.,2026-07-17T20:44:53.221493
leconstitutionnel,bpt6k687374x,,failed,0,0,,no_usable_pages,known,,,bpt6k687374x: no usable pages in manifest.,2026-07-17T20:44:53.407671
leconstitutionnel,bpt6k6873759,,failed,0,0,,no_usable_pages,known,,,bpt6k6873759: no usable pages in manifest.,2026-07-17T20:44:53.524076
leconstitutionnel,bpt6k687376p,,failed,0,0,,no_usable_pages,known,,,bpt6k687376p: no usable pages in manifest.,2026-07-17T20:44:53.628193
leconstitutionnel,bpt6k6873772,,failed,0,0,,no_usable_pages,known,,,bpt6k6873772: no usable pages in manifest.,2026-07-17T20:44:53.745127
leconstitutionnel,bpt6k687378f,,failed,0,0,,no_usable_pages,known,,,bpt6k687378f: no usable pages in manifest.,2026-07-17T20:44:53.900410
leconstitutionnel,bpt6k687379t,,failed,0,0,,no_usable_pages,known,,,bpt6k687379t: no usable pages in manifest.,2026-07-17T20:44:54.081438
leconstitutionnel,bpt6k687380r,,failed,0,0,,no_usable_pages,known,,,bpt6k687380r: no usable pages in manifest.,2026-07-17T20:44:54.216939
leconstitutionnel,bpt6k6873814,,failed,0,0,,no_usable_pages,known,,,bpt6k6873814: no usable pages in manifest.,2026-07-17T20:44:54.337706
leconstitutionnel,bpt6k687382h,,failed,0,0,,no_usable_pages,known,,,bpt6k687382h: no usable pages in manifest.,2026-07-17T20:44:54.498537
leconstitutionnel,bpt6k687383w,,failed,0,0,,no_usable_pages,known,,,bpt6k687383w: no usable pages in manifest.,2026-07-17T20:44:54.641360
leconstitutionnel,bpt6k6873848,,failed,0,0,,no_usable_pages,known,,,bpt6k6873848: no usable pages in manifest.,2026-07-17T20:44:54.817891
leconstitutionnel,bpt6k687385n,,failed,0,0,,no_usable_pages,known,,,bpt6k687385n: no usable pages in manifest.,2026-07-17T20:44:55.130264
leconstitutionnel,bpt6k6873861,,failed,0,0,,no_usable_pages,known,,,bpt6k6873861: no usable pages in manifest.,2026-07-17T20:44:55.235031
leconstitutionnel,bpt6k687387d,,failed,0,0,,no_usable_pages,known,,,bpt6k687387d: no usable pages in manifest.,2026-07-17T20:44:55.329394
leconstitutionnel,bpt6k687388s,,failed,0,0,,no_usable_pages,known,,,bpt6k687388s: no usable pages in manifest.,2026-07-17T20:44:55.500153
leconstitutionnel,bpt6k6873895,,failed,0,0,,no_usable_pages,known,,,bpt6k6873895: no usable pages in manifest.,2026-07-17T20:44:55.641479
leconstitutionnel,bpt6k6873903,,failed,0,0,,no_usable_pages,known,,,bpt6k6873903: no usable pages in manifest.,2026-07-17T20:44:55.717819
leconstitutionnel,bpt6k687391g,,failed,0,0,,no_usable_pages,known,,,bpt6k687391g: no usable pages in manifest.,2026-07-17T20:44:55.824661
leconstitutionnel,bpt6k687392v,,failed,0,0,,no_usable_pages,known,,,bpt6k687392v: no usable pages in manifest.,2026-07-17T20:44:55.938344
leconstitutionnel,bpt6k6873937,,failed,0,0,,no_usable_pages,known,,,bpt6k6873937: no usable pages in manifest.,2026-07-17T20:44:56.052334
leconstitutionnel,bpt6k687394m,,failed,0,0,,no_usable_pages,known,,,bpt6k687394m: no usable pages in manifest.,2026-07-17T20:44:56.191840
leconstitutionnel,bpt6k6873950,,failed,0,0,,no_usable_pages,known,,,bpt6k6873950: no usable pages in manifest.,2026-07-17T20:44:56.327704
leconstitutionnel,bpt6k687396c,,failed,0,0,,no_usable_pages,known,,,bpt6k687396c: no usable pages in manifest.,2026-07-17T20:44:56.457483
leconstitutionnel,bpt6k687397r,,failed,0,0,,no_usable_pages,known,,,bpt6k687397r: no usable pages in manifest.,2026-07-17T20:44:56.704685
leconstitutionnel,bpt6k6873984,,failed,0,0,,no_usable_pages,known,,,bpt6k6873984: no usable pages in manifest.,2026-07-17T20:44:56.823464
leconstitutionnel,bpt6k687399h,,failed,0,0,,no_usable_pages,known,,,bpt6k687399h: no usable pages in manifest.,2026-07-17T20:44:56.990728
leconstitutionnel,bpt6k6874009,,failed,0,0,,no_usable_pages,known,,,bpt6k6874009: no usable pages in manifest.,2026-07-17T20:44:57.110107
leconstitutionnel,bpt6k687401p,,failed,0,0,,no_usable_pages,known,,,bpt6k687401p: no usable pages in manifest.,2026-07-17T20:44:57.255155
leconstitutionnel,bpt6k6874022,,failed,0,0,,no_usable_pages,known,,,bpt6k6874022: no usable pages in manifest.,2026-07-17T20:44:57.362529
leconstitutionnel,bpt6k687403f,,failed,0,0,,no_usable_pages,known,,,bpt6k687403f: no usable pages in manifest.,2026-07-17T20:44:57.509367
leconstitutionnel,bpt6k687404t,,failed,0,0,,no_usable_pages,known,,,bpt6k687404t: no usable pages in manifest.,2026-07-17T20:44:57.814926
leconstitutionnel,bpt6k6874056,,failed,0,0,,no_usable_pages,known,,,bpt6k6874056: no usable pages in manifest.,2026-07-17T20:44:57.928765
leconstitutionnel,bpt6k687406k,,failed,0,0,,no_usable_pages,known,,,bpt6k687406k: no usable pages in manifest.,2026-07-17T20:44:58.035025
leconstitutionnel,bpt6k687407z,,failed,0,0,,no_usable_pages,known,,,bpt6k687407z: no usable pages in manifest.,2026-07-17T20:44:58.137007
leconstitutionnel,bpt6k687408b,,failed,0,0,,no_usable_pages,known,,,bpt6k687408b: no usable pages in manifest.,2026-07-17T20:44:58.316289
leconstitutionnel,bpt6k687409q,,failed,0,0,,no_usable_pages,known,,,bpt6k687409q: no usable pages in manifest.,2026-07-17T20:44:58.450516
leconstitutionnel,bpt6k687410n,,failed,0,0,,no_usable_pages,known,,,bpt6k687410n: no usable pages in manifest.,2026-07-17T20:44:58.558253
leconstitutionnel,bpt6k6874111,,failed,0,0,,no_usable_pages,known,,,bpt6k6874111: no usable pages in manifest.,2026-07-17T20:44:58.707146
leconstitutionnel,bpt6k687412d,,failed,0,0,,no_usable_pages,known,,,bpt6k687412d: no usable pages in manifest.,2026-07-17T20:44:58.829323
leconstitutionnel,bpt6k687413s,,failed,0,0,,no_usable_pages,known,,,bpt6k687413s: no usable pages in manifest.,2026-07-17T20:44:58.947822
leconstitutionnel,bpt6k6874145,,failed,0,0,,no_usable_pages,known,,,bpt6k6874145: no usable pages in manifest.,2026-07-17T20:44:59.065238
leconstitutionnel,bpt6k687415j,,failed,0,0,,no_usable_pages,known,,,bpt6k687415j: no usable pages in manifest.,2026-07-17T20:44:59.159237
leconstitutionnel,bpt6k687416x,,failed,0,0,,no_usable_pages,known,,,bpt6k687416x: no usable pages in manifest.,2026-07-17T20:44:59.282834
leconstitutionnel,bpt6k6874179,,failed,0,0,,no_usable_pages,known,,,bpt6k6874179: no usable pages in manifest.,2026-07-17T20:44:59.384519
leconstitutionnel,bpt6k687418p,,failed,0,0,,no_usable_pages,known,,,bpt6k687418p: no usable pages in manifest.,2026-07-17T20:44:59.497068
leconstitutionnel,bpt6k6874192,,failed,0,0,,no_usable_pages,known,,,bpt6k6874192: no usable pages in manifest.,2026-07-17T20:44:59.610557
leconstitutionnel,bpt6k6874200,,failed,0,0,,no_usable_pages,known,,,bpt6k6874200: no usable pages in manifest.,2026-07-17T20:44:59.759515
leconstitutionnel,bpt6k687421c,,failed,0,0,,no_usable_pages,known,,,bpt6k687421c: no usable pages in manifest.,2026-07-17T20:44:59.916127
leconstitutionnel,bpt6k687422r,,failed,0,0,,no_usable_pages,known,,,bpt6k687422r: no usable pages in manifest.,2026-07-17T20:45:00.237253
leconstitutionnel,bpt6k6874234,,failed,0,0,,no_usable_pages,known,,,bpt6k6874234: no usable pages in manifest.,2026-07-17T20:45:00.362835
leconstitutionnel,bpt6k687424h,,failed,0,0,,no_usable_pages,known,,,bpt6k687424h: no usable pages in manifest.,2026-07-17T20:45:00.466069
leconstitutionnel,bpt6k687425w,,failed,0,0,,no_usable_pages,known,,,bpt6k687425w: no usable pages in manifest.,2026-07-17T20:45:00.589055
leconstitutionnel,bpt6k6874268,,failed,0,0,,no_usable_pages,known,,,bpt6k6874268: no usable pages in manifest.,2026-07-17T20:45:00.697152
leconstitutionnel,bpt6k687427n,,failed,0,0,,no_usable_pages,known,,,bpt6k687427n: no usable pages in manifest.,2026-07-17T20:45:00.835673
leconstitutionnel,bpt6k6874281,,failed,0,0,,no_usable_pages,known,,,bpt6k6874281: no usable pages in manifest.,2026-07-17T20:45:00.966346
leconstitutionnel,bpt6k687429d,,failed,0,0,,no_usable_pages,known,,,bpt6k687429d: no usable pages in manifest.,2026-07-17T20:45:01.109268
leconstitutionnel,bpt6k687430b,,failed,0,0,,no_usable_pages,known,,,bpt6k687430b: no usable pages in manifest.,2026-07-17T20:45:01.280028
leconstitutionnel,bpt6k687431q,,failed,0,0,,no_usable_pages,known,,,bpt6k687431q: no usable pages in manifest.,2026-07-17T20:45:01.404156
leconstitutionnel,bpt6k6874323,,failed,0,0,,no_usable_pages,known,,,bpt6k6874323: no usable pages in manifest.,2026-07-17T20:45:01.507635
leconstitutionnel,bpt6k687433g,,failed,0,0,,no_usable_pages,known,,,bpt6k687433g: no usable pages in manifest.,2026-07-17T20:45:01.625852
leconstitutionnel,bpt6k687434v,,failed,0,0,,no_usable_pages,known,,,bpt6k687434v: no usable pages in manifest.,2026-07-17T20:45:01.802826
leconstitutionnel,bpt6k6874357,,failed,0,0,,no_usable_pages,known,,,bpt6k6874357: no usable pages in manifest.,2026-07-17T20:45:02.022032
leconstitutionnel,bpt6k687436m,,failed,0,0,,no_usable_pages,known,,,bpt6k687436m: no usable pages in manifest.,2026-07-17T20:45:02.138067
leconstitutionnel,bpt6k6874370,,failed,0,0,,no_usable_pages,known,,,bpt6k6874370: no usable pages in manifest.,2026-07-17T20:45:02.276261
leconstitutionnel,bpt6k687438c,,failed,0,0,,no_usable_pages,known,,,bpt6k687438c: no usable pages in manifest.,2026-07-17T20:45:02.391449
leconstitutionnel,bpt6k687439r,,failed,0,0,,no_usable_pages,known,,,bpt6k687439r: no usable pages in manifest.,2026-07-17T20:45:02.553873
leconstitutionnel,bpt6k687440p,,failed,0,0,,no_usable_pages,known,,,bpt6k687440p: no usable pages in manifest.,2026-07-17T20:45:02.655123
leconstitutionnel,bpt6k6874412,,failed,0,0,,no_usable_pages,known,,,bpt6k6874412: no usable pages in manifest.,2026-07-17T20:45:02.748048
leconstitutionnel,bpt6k687442f,,failed,0,0,,no_usable_pages,known,,,bpt6k687442f: no usable pages in manifest.,2026-07-17T20:45:02.915415
leconstitutionnel,bpt6k687443t,,failed,0,0,,no_usable_pages,known,,,bpt6k687443t: no usable pages in manifest.,2026-07-17T20:45:03.075761
leconstitutionnel,bpt6k6874446,,failed,0,0,,no_usable_pages,known,,,bpt6k6874446: no usable pages in manifest.,2026-07-17T20:45:03.206756
leconstitutionnel,bpt6k687445k,,failed,0,0,,no_usable_pages,known,,,bpt6k687445k: no usable pages in manifest.,2026-07-17T20:45:03.317166
leconstitutionnel,bpt6k687446z,,failed,0,0,,no_usable_pages,known,,,bpt6k687446z: no usable pages in manifest.,2026-07-17T20:45:03.562177
leconstitutionnel,bpt6k687447b,,failed,0,0,,no_usable_pages,known,,,bpt6k687447b: no usable pages in manifest.,2026-07-17T20:45:03.880173
leconstitutionnel,bpt6k687448q,,failed,0,0,,no_usable_pages,known,,,bpt6k687448q: no usable pages in manifest.,2026-07-17T20:45:04.008171
leconstitutionnel,bpt6k6874493,,failed,0,0,,no_usable_pages,known,,,bpt6k6874493: no usable pages in manifest.,2026-07-17T20:45:04.246578
leconstitutionnel,bpt6k6874501,,failed,0,0,,no_usable_pages,known,,,bpt6k6874501: no usable pages in manifest.,2026-07-17T20:45:04.353559
leconstitutionnel,bpt6k687451d,,failed,0,0,,no_usable_pages,known,,,bpt6k687451d: no usable pages in manifest.,2026-07-17T20:45:04.522631
leconstitutionnel,bpt6k687452s,,failed,0,0,,no_usable_pages,known,,,bpt6k687452s: no usable pages in manifest.,2026-07-17T20:45:04.673997
leconstitutionnel,bpt6k6874535,,failed,0,0,,no_usable_pages,known,,,bpt6k6874535: no usable pages in manifest.,2026-07-17T20:45:04.856151
leconstitutionnel,bpt6k687454j,,failed,0,0,,no_usable_pages,known,,,bpt6k687454j: no usable pages in manifest.,2026-07-17T20:45:04.950427
leconstitutionnel,bpt6k687455x,,failed,0,0,,no_usable_pages,known,,,bpt6k687455x: no usable pages in manifest.,2026-07-17T20:45:05.058621
leconstitutionnel,bpt6k6874569,,failed,0,0,,no_usable_pages,known,,,bpt6k6874569: no usable pages in manifest.,2026-07-17T20:45:05.201530
leconstitutionnel,bpt6k687457p,,failed,0,0,,no_usable_pages,known,,,bpt6k687457p: no usable pages in manifest.,2026-07-17T20:45:05.391478
leconstitutionnel,bpt6k6874582,,failed,0,0,,no_usable_pages,known,,,bpt6k6874582: no usable pages in manifest.,2026-07-17T20:45:05.525044
leconstitutionnel,bpt6k687459f,,failed,0,0,,no_usable_pages,known,,,bpt6k687459f: no usable pages in manifest.,2026-07-17T20:45:05.673324
leconstitutionnel,bpt6k687460c,,failed,0,0,,no_usable_pages,known,,,bpt6k687460c: no usable pages in manifest.,2026-07-17T20:45:05.833028
leconstitutionnel,bpt6k687461r,,failed,0,0,,no_usable_pages,known,,,bpt6k687461r: no usable pages in manifest.,2026-07-17T20:45:05.911415
leconstitutionnel,bpt6k6874624,,failed,0,0,,no_usable_pages,known,,,bpt6k6874624: no usable pages in manifest.,2026-07-17T20:45:06.039231
leconstitutionnel,bpt6k687463h,,failed,0,0,,no_usable_pages,known,,,bpt6k687463h: no usable pages in manifest.,2026-07-17T20:45:06.149351
leconstitutionnel,bpt6k687464w,,failed,0,0,,no_usable_pages,known,,,bpt6k687464w: no usable pages in manifest.,2026-07-17T20:45:06.343933
leconstitutionnel,bpt6k6874658,,failed,0,0,,no_usable_pages,known,,,bpt6k6874658: no usable pages in manifest.,2026-07-17T20:45:06.432416
leconstitutionnel,bpt6k687466n,,failed,0,0,,no_usable_pages,known,,,bpt6k687466n: no usable pages in manifest.,2026-07-17T20:45:06.559423
leconstitutionnel,bpt6k6874671,,failed,0,0,,no_usable_pages,known,,,bpt6k6874671: no usable pages in manifest.,2026-07-17T20:45:06.691371
leconstitutionnel,bpt6k687468d,,failed,0,0,,no_usable_pages,known,,,bpt6k687468d: no usable pages in manifest.,2026-07-17T20:45:06.825738
leconstitutionnel,bpt6k687469s,,failed,0,0,,no_usable_pages,known,,,bpt6k687469s: no usable pages in manifest.,2026-07-17T20:45:06.986045
leconstitutionnel,bpt6k687470q,,failed,0,0,,no_usable_pages,known,,,bpt6k687470q: no usable pages in manifest.,2026-07-17T20:45:07.159926
leconstitutionnel,bpt6k6874713,,failed,0,0,,no_usable_pages,known,,,bpt6k6874713: no usable pages in manifest.,2026-07-17T20:45:07.395120
leconstitutionnel,bpt6k687472g,,failed,0,0,,no_usable_pages,known,,,bpt6k687472g: no usable pages in manifest.,2026-07-17T20:45:07.539950
leconstitutionnel,bpt6k687473v,,failed,0,0,,no_usable_pages,known,,,bpt6k687473v: no usable pages in manifest.,2026-07-17T20:45:07.659682
leconstitutionnel,bpt6k6874747,,failed,0,0,,no_usable_pages,known,,,bpt6k6874747: no usable pages in manifest.,2026-07-17T20:45:07.781000
leconstitutionnel,bpt6k687475m,,failed,0,0,,no_usable_pages,known,,,bpt6k687475m: no usable pages in manifest.,2026-07-17T20:45:07.877284
leconstitutionnel,bpt6k6874760,,failed,0,0,,no_usable_pages,known,,,bpt6k6874760: no usable pages in manifest.,2026-07-17T20:45:08.041288
leconstitutionnel,bpt6k687477c,,failed,0,0,,no_usable_pages,known,,,bpt6k687477c: no usable pages in manifest.,2026-07-17T20:45:08.173434
leconstitutionnel,bpt6k687478r,,failed,0,0,,no_usable_pages,known,,,bpt6k687478r: no usable pages in manifest.,2026-07-17T20:45:08.289082
leconstitutionnel,bpt6k6874794,,failed,0,0,,no_usable_pages,known,,,bpt6k6874794: no usable pages in manifest.,2026-07-17T20:45:08.472582
leconstitutionnel,bpt6k6874802,,failed,0,0,,no_usable_pages,known,,,bpt6k6874802: no usable pages in manifest.,2026-07-17T20:45:08.598656
leconstitutionnel,bpt6k687481f,,failed,0,0,,no_usable_pages,known,,,bpt6k687481f: no usable pages in manifest.,2026-07-17T20:45:08.713857
leconstitutionnel,bpt6k687482t,,failed,0,0,,no_usable_pages,known,,,bpt6k687482t: no usable pages in manifest.,2026-07-17T20:45:08.873674
leconstitutionnel,bpt6k6874836,,failed,0,0,,no_usable_pages,known,,,bpt6k6874836: no usable pages in manifest.,2026-07-17T20:45:08.984960
leconstitutionnel,bpt6k687484k,,failed,0,0,,no_usable_pages,known,,,bpt6k687484k: no usable pages in manifest.,2026-07-17T20:45:09.118146
leconstitutionnel,bpt6k687485z,,failed,0,0,,no_usable_pages,known,,,bpt6k687485z: no usable pages in manifest.,2026-07-17T20:45:09.215033
leconstitutionnel,bpt6k687486b,,failed,0,0,,no_usable_pages,known,,,bpt6k687486b: no usable pages in manifest.,2026-07-17T20:45:09.343348
leconstitutionnel,bpt6k687487q,,failed,0,0,,no_usable_pages,known,,,bpt6k687487q: no usable pages in manifest.,2026-07-17T20:45:09.495406
leconstitutionnel,bpt6k6874883,,failed,0,0,,no_usable_pages,known,,,bpt6k6874883: no usable pages in manifest.,2026-07-17T20:45:09.567093
leconstitutionnel,bpt6k687489g,,failed,0,0,,no_usable_pages,known,,,bpt6k687489g: no usable pages in manifest.,2026-07-17T20:45:09.682822
leconstitutionnel,bpt6k687490d,,failed,0,0,,no_usable_pages,known,,,bpt6k687490d: no usable pages in manifest.,2026-07-17T20:45:09.789334
leconstitutionnel,bpt6k687491s,,failed,0,0,,no_usable_pages,known,,,bpt6k687491s: no usable pages in manifest.,2026-07-17T20:45:09.899393
leconstitutionnel,bpt6k6874925,,failed,0,0,,no_usable_pages,known,,,bpt6k6874925: no usable pages in manifest.,2026-07-17T20:45:10.033513
leconstitutionnel,bpt6k687493j,,failed,0,0,,no_usable_pages,known,,,bpt6k687493j: no usable pages in manifest.,2026-07-17T20:45:10.191543
leconstitutionnel,bpt6k687494x,,failed,0,0,,no_usable_pages,known,,,bpt6k687494x: no usable pages in manifest.,2026-07-17T20:45:10.326728
leconstitutionnel,bpt6k687519c,,failed,0,0,,no_usable_pages,known,,,bpt6k687519c: no usable pages in manifest.,2026-07-17T20:45:10.763672
leconstitutionnel,bpt6k6875209,,failed,0,0,,no_usable_pages,known,,,bpt6k6875209: no usable pages in manifest.,2026-07-17T20:45:10.905625
leconstitutionnel,bpt6k687521p,,failed,0,0,,no_usable_pages,known,,,bpt6k687521p: no usable pages in manifest.,2026-07-17T20:45:11.034769
leconstitutionnel,bpt6k6875222,,failed,0,0,,no_usable_pages,known,,,bpt6k6875222: no usable pages in manifest.,2026-07-17T20:45:11.209938
leconstitutionnel,bpt6k687523f,,failed,0,0,,no_usable_pages,known,,,bpt6k687523f: no usable pages in manifest.,2026-07-17T20:45:11.338151
leconstitutionnel,bpt6k687524t,,failed,0,0,,no_usable_pages,known,,,bpt6k687524t: no usable pages in manifest.,2026-07-17T20:45:11.460329
leconstitutionnel,bpt6k6875256,,failed,0,0,,no_usable_pages,known,,,bpt6k6875256: no usable pages in manifest.,2026-07-17T20:45:11.577697
leconstitutionnel,bpt6k687526k,,failed,0,0,,no_usable_pages,known,,,bpt6k687526k: no usable pages in manifest.,2026-07-17T20:45:11.704973
leconstitutionnel,bpt6k687527z,,failed,0,0,,no_usable_pages,known,,,bpt6k687527z: no usable pages in manifest.,2026-07-17T20:45:11.848250
leconstitutionnel,bpt6k687528b,,failed,0,0,,no_usable_pages,known,,,bpt6k687528b: no usable pages in manifest.,2026-07-17T20:45:11.979645
leconstitutionnel,bpt6k687529q,,failed,0,0,,no_usable_pages,known,,,bpt6k687529q: no usable pages in manifest.,2026-07-17T20:45:12.106678
leconstitutionnel,bpt6k687530n,,failed,0,0,,no_usable_pages,known,,,bpt6k687530n: no usable pages in manifest.,2026-07-17T20:45:12.248636
leconstitutionnel,bpt6k6875311,,failed,0,0,,no_usable_pages,known,,,bpt6k6875311: no usable pages in manifest.,2026-07-17T20:45:12.444753
leconstitutionnel,bpt6k687532d,,failed,0,0,,no_usable_pages,known,,,bpt6k687532d: no usable pages in manifest.,2026-07-17T20:45:12.620525
leconstitutionnel,bpt6k687533s,,failed,0,0,,no_usable_pages,known,,,bpt6k687533s: no usable pages in manifest.,2026-07-17T20:45:12.742288
leconstitutionnel,bpt6k6875345,,failed,0,0,,no_usable_pages,known,,,bpt6k6875345: no usable pages in manifest.,2026-07-17T20:45:12.854911
leconstitutionnel,bpt6k687535j,,failed,0,0,,no_usable_pages,known,,,bpt6k687535j: no usable pages in manifest.,2026-07-17T20:45:12.970646
leconstitutionnel,bpt6k687536x,,failed,0,0,,no_usable_pages,known,,,bpt6k687536x: no usable pages in manifest.,2026-07-17T20:45:13.068091
leconstitutionnel,bpt6k687558c,,failed,0,0,,no_usable_pages,known,,,bpt6k687558c: no usable pages in manifest.,2026-07-17T20:45:13.201672
leconstitutionnel,bpt6k687559r,,failed,0,0,,no_usable_pages,known,,,bpt6k687559r: no usable pages in manifest.,2026-07-17T20:45:13.345241
leconstitutionnel,bpt6k687560p,,failed,0,0,,no_usable_pages,known,,,bpt6k687560p: no usable pages in manifest.,2026-07-17T20:45:13.464594
leconstitutionnel,bpt6k6875612,,failed,0,0,,no_usable_pages,known,,,bpt6k6875612: no usable pages in manifest.,2026-07-17T20:45:13.574714
leconstitutionnel,bpt6k687562f,,failed,0,0,,no_usable_pages,known,,,bpt6k687562f: no usable pages in manifest.,2026-07-17T20:45:13.710564
leconstitutionnel,bpt6k687563t,,failed,0,0,,no_usable_pages,known,,,bpt6k687563t: no usable pages in manifest.,2026-07-17T20:45:13.787228
leconstitutionnel,bpt6k6875646,,failed,0,0,,no_usable_pages,known,,,bpt6k6875646: no usable pages in manifest.,2026-07-17T20:45:13.916805
leconstitutionnel,bpt6k687566z,,failed,0,0,,no_usable_pages,known,,,bpt6k687566z: no usable pages in manifest.,2026-07-17T20:45:14.023285
leconstitutionnel,bpt6k687567b,,failed,0,0,,no_usable_pages,known,,,bpt6k687567b: no usable pages in manifest.,2026-07-17T20:45:14.189609
leconstitutionnel,bpt6k687568q,,failed,0,0,,no_usable_pages,known,,,bpt6k687568q: no usable pages in manifest.,2026-07-17T20:45:14.420403
leconstitutionnel,bpt6k6875693,,failed,0,0,,no_usable_pages,known,,,bpt6k6875693: no usable pages in manifest.,2026-07-17T20:45:14.541676
leconstitutionnel,bpt6k6875701,,failed,0,0,,no_usable_pages,known,,,bpt6k6875701: no usable pages in manifest.,2026-07-17T20:45:14.757282
leconstitutionnel,bpt6k687571d,,failed,0,0,,no_usable_pages,known,,,bpt6k687571d: no usable pages in manifest.,2026-07-17T20:45:14.943729
leconstitutionnel,bpt6k687572s,,failed,0,0,,no_usable_pages,known,,,bpt6k687572s: no usable pages in manifest.,2026-07-17T20:45:15.061739
leconstitutionnel,bpt6k6875735,,failed,0,0,,no_usable_pages,known,,,bpt6k6875735: no usable pages in manifest.,2026-07-17T20:45:15.173397
leconstitutionnel,bpt6k687574j,,failed,0,0,,no_usable_pages,known,,,bpt6k687574j: no usable pages in manifest.,2026-07-17T20:45:15.307778
leconstitutionnel,bpt6k687575x,,failed,0,0,,no_usable_pages,known,,,bpt6k687575x: no usable pages in manifest.,2026-07-17T20:45:15.471341
leconstitutionnel,bpt6k6875769,,failed,0,0,,no_usable_pages,known,,,bpt6k6875769: no usable pages in manifest.,2026-07-17T20:45:15.586036
leconstitutionnel,bpt6k687577p,,failed,0,0,,no_usable_pages,known,,,bpt6k687577p: no usable pages in manifest.,2026-07-17T20:45:15.734760
leconstitutionnel,bpt6k6875782,,failed,0,0,,no_usable_pages,known,,,bpt6k6875782: no usable pages in manifest.,2026-07-17T20:45:15.902858
leconstitutionnel,bpt6k687579f,,failed,0,0,,no_usable_pages,known,,,bpt6k687579f: no usable pages in manifest.,2026-07-17T20:45:16.163242
leconstitutionnel,bpt6k687580c,,failed,0,0,,no_usable_pages,known,,,bpt6k687580c: no usable pages in manifest.,2026-07-17T20:45:16.301591
leconstitutionnel,bpt6k687581r,,failed,0,0,,no_usable_pages,known,,,bpt6k687581r: no usable pages in manifest.,2026-07-17T20:45:16.426950
leconstitutionnel,bpt6k6875824,,failed,0,0,,no_usable_pages,known,,,bpt6k6875824: no usable pages in manifest.,2026-07-17T20:45:16.542330
leconstitutionnel,bpt6k687583h,,failed,0,0,,no_usable_pages,known,,,bpt6k687583h: no usable pages in manifest.,2026-07-17T20:45:16.675779
leconstitutionnel,bpt6k687584w,,failed,0,0,,no_usable_pages,known,,,bpt6k687584w: no usable pages in manifest.,2026-07-17T20:45:16.784050
leconstitutionnel,bpt6k6875858,,failed,0,0,,no_usable_pages,known,,,bpt6k6875858: no usable pages in manifest.,2026-07-17T20:45:16.959110
leconstitutionnel,bpt6k687586n,,failed,0,0,,no_usable_pages,known,,,bpt6k687586n: no usable pages in manifest.,2026-07-17T20:45:17.125084
leconstitutionnel,bpt6k6875871,,failed,0,0,,no_usable_pages,known,,,bpt6k6875871: no usable pages in manifest.,2026-07-17T20:45:17.298036
leconstitutionnel,bpt6k687588d,,failed,0,0,,no_usable_pages,known,,,bpt6k687588d: no usable pages in manifest.,2026-07-17T20:45:17.454306
leconstitutionnel,bpt6k687589s,,failed,0,0,,no_usable_pages,known,,,bpt6k687589s: no usable pages in manifest.,2026-07-17T20:45:17.669890
leconstitutionnel,bpt6k687590q,,failed,0,0,,no_usable_pages,known,,,bpt6k687590q: no usable pages in manifest.,2026-07-17T20:45:17.796651
leconstitutionnel,bpt6k6875913,,failed,0,0,,no_usable_pages,known,,,bpt6k6875913: no usable pages in manifest.,2026-07-17T20:45:18.044360
leconstitutionnel,bpt6k687592g,,failed,0,0,,no_usable_pages,known,,,bpt6k687592g: no usable pages in manifest.,2026-07-17T20:45:18.219141
leconstitutionnel,bpt6k687593v,,failed,0,0,,no_usable_pages,known,,,bpt6k687593v: no usable pages in manifest.,2026-07-17T20:45:18.317858
leconstitutionnel,bpt6k6875947,,failed,0,0,,no_usable_pages,known,,,bpt6k6875947: no usable pages in manifest.,2026-07-17T20:45:18.430625
leconstitutionnel,bpt6k687595m,,failed,0,0,,no_usable_pages,known,,,bpt6k687595m: no usable pages in manifest.,2026-07-17T20:45:18.541691
leconstitutionnel,bpt6k6875960,,failed,0,0,,no_usable_pages,known,,,bpt6k6875960: no usable pages in manifest.,2026-07-17T20:45:18.717819
leconstitutionnel,bpt6k687597c,,failed,0,0,,no_usable_pages,known,,,bpt6k687597c: no usable pages in manifest.,2026-07-17T20:45:18.788480
leconstitutionnel,bpt6k687598r,,failed,0,0,,no_usable_pages,known,,,bpt6k687598r: no usable pages in manifest.,2026-07-17T20:45:18.884986
leconstitutionnel,bpt6k6875994,,failed,0,0,,no_usable_pages,known,,,bpt6k6875994: no usable pages in manifest.,2026-07-17T20:45:19.011195
leconstitutionnel,bpt6k687600x,,failed,0,0,,no_usable_pages,known,,,bpt6k687600x: no usable pages in manifest.,2026-07-17T20:45:19.176829
leconstitutionnel,bpt6k6876019,,failed,0,0,,no_usable_pages,known,,,bpt6k6876019: no usable pages in manifest.,2026-07-17T20:45:19.313424
leconstitutionnel,bpt6k687602p,,failed,0,0,,no_usable_pages,known,,,bpt6k687602p: no usable pages in manifest.,2026-07-17T20:45:19.412417
leconstitutionnel,bpt6k6876032,,failed,0,0,,no_usable_pages,known,,,bpt6k6876032: no usable pages in manifest.,2026-07-17T20:45:19.707203
leconstitutionnel,bpt6k687604f,,failed,0,0,,no_usable_pages,known,,,bpt6k687604f: no usable pages in manifest.,2026-07-17T20:45:19.866716
leconstitutionnel,bpt6k687605t,,failed,0,0,,no_usable_pages,known,,,bpt6k687605t: no usable pages in manifest.,2026-07-17T20:45:19.966134
leconstitutionnel,bpt6k6876066,,failed,0,0,,no_usable_pages,known,,,bpt6k6876066: no usable pages in manifest.,2026-07-17T20:45:20.108511
leconstitutionnel,bpt6k687607k,,failed,0,0,,no_usable_pages,known,,,bpt6k687607k: no usable pages in manifest.,2026-07-17T20:45:20.265510
leconstitutionnel,bpt6k687608z,,failed,0,0,,no_usable_pages,known,,,bpt6k687608z: no usable pages in manifest.,2026-07-17T20:45:20.355648
leconstitutionnel,bpt6k687609b,,failed,0,0,,no_usable_pages,known,,,bpt6k687609b: no usable pages in manifest.,2026-07-17T20:45:20.444672
leconstitutionnel,bpt6k6876108,,failed,0,0,,no_usable_pages,known,,,bpt6k6876108: no usable pages in manifest.,2026-07-17T20:45:20.549621
leconstitutionnel,bpt6k687611n,,failed,0,0,,no_usable_pages,known,,,bpt6k687611n: no usable pages in manifest.,2026-07-17T20:45:20.674192
leconstitutionnel,bpt6k6876121,,failed,0,0,,no_usable_pages,known,,,bpt6k6876121: no usable pages in manifest.,2026-07-17T20:45:20.814357
leconstitutionnel,bpt6k687613d,,failed,0,0,,no_usable_pages,known,,,bpt6k687613d: no usable pages in manifest.,2026-07-17T20:45:20.958031
leconstitutionnel,bpt6k687614s,,failed,0,0,,no_usable_pages,known,,,bpt6k687614s: no usable pages in manifest.,2026-07-17T20:45:21.072685
leconstitutionnel,bpt6k6876155,,failed,0,0,,no_usable_pages,known,,,bpt6k6876155: no usable pages in manifest.,2026-07-17T20:45:21.498150
leconstitutionnel,bpt6k687616j,,failed,0,0,,no_usable_pages,known,,,bpt6k687616j: no usable pages in manifest.,2026-07-17T20:45:21.685563
leconstitutionnel,bpt6k687617x,,failed,0,0,,no_usable_pages,known,,,bpt6k687617x: no usable pages in manifest.,2026-07-17T20:45:21.830586
leconstitutionnel,bpt6k6876189,,failed,0,0,,no_usable_pages,known,,,bpt6k6876189: no usable pages in manifest.,2026-07-17T20:45:21.986038
leconstitutionnel,bpt6k687619p,,failed,0,0,,no_usable_pages,known,,,bpt6k687619p: no usable pages in manifest.,2026-07-17T20:45:22.101439
leconstitutionnel,bpt6k687620m,,failed,0,0,,no_usable_pages,known,,,bpt6k687620m: no usable pages in manifest.,2026-07-17T20:45:22.257823
leconstitutionnel,bpt6k6876210,,failed,0,0,,no_usable_pages,known,,,bpt6k6876210: no usable pages in manifest.,2026-07-17T20:45:22.434850
leconstitutionnel,bpt6k687622c,,failed,0,0,,no_usable_pages,known,,,bpt6k687622c: no usable pages in manifest.,2026-07-17T20:45:22.546098
leconstitutionnel,bpt6k687623r,,failed,0,0,,no_usable_pages,known,,,bpt6k687623r: no usable pages in manifest.,2026-07-17T20:45:22.692035
leconstitutionnel,bpt6k6876244,,failed,0,0,,no_usable_pages,known,,,bpt6k6876244: no usable pages in manifest.,2026-07-17T20:45:22.823545
leconstitutionnel,bpt6k687625h,,failed,0,0,,no_usable_pages,known,,,bpt6k687625h: no usable pages in manifest.,2026-07-17T20:45:22.926481
leconstitutionnel,bpt6k687626w,,failed,0,0,,no_usable_pages,known,,,bpt6k687626w: no usable pages in manifest.,2026-07-17T20:45:23.095956
leconstitutionnel,bpt6k6876278,,failed,0,0,,no_usable_pages,known,,,bpt6k6876278: no usable pages in manifest.,2026-07-17T20:45:23.265436
leconstitutionnel,bpt6k687628n,,failed,0,0,,no_usable_pages,known,,,bpt6k687628n: no usable pages in manifest.,2026-07-17T20:45:23.560153
leconstitutionnel,bpt6k6876291,,failed,0,0,,no_usable_pages,known,,,bpt6k6876291: no usable pages in manifest.,2026-07-17T20:45:23.694107
leconstitutionnel,bpt6k687630z,,failed,0,0,,no_usable_pages,known,,,bpt6k687630z: no usable pages in manifest.,2026-07-17T20:45:23.830756
leconstitutionnel,bpt6k687631b,,failed,0,0,,no_usable_pages,known,,,bpt6k687631b: no usable pages in manifest.,2026-07-17T20:45:23.969362
leconstitutionnel,bpt6k687632q,,failed,0,0,,no_usable_pages,known,,,bpt6k687632q: no usable pages in manifest.,2026-07-17T20:45:24.140005
leconstitutionnel,bpt6k6876333,,failed,0,0,,no_usable_pages,known,,,bpt6k6876333: no usable pages in manifest.,2026-07-17T20:45:24.264218
leconstitutionnel,bpt6k687634g,,failed,0,0,,no_usable_pages,known,,,bpt6k687634g: no usable pages in manifest.,2026-07-17T20:45:24.397007
leconstitutionnel,bpt6k687635v,,failed,0,0,,no_usable_pages,known,,,bpt6k687635v: no usable pages in manifest.,2026-07-17T20:45:24.588751
leconstitutionnel,bpt6k6876367,,failed,0,0,,no_usable_pages,known,,,bpt6k6876367: no usable pages in manifest.,2026-07-17T20:45:24.721664
leconstitutionnel,bpt6k687637m,,failed,0,0,,no_usable_pages,known,,,bpt6k687637m: no usable pages in manifest.,2026-07-17T20:45:24.822572
leconstitutionnel,bpt6k6876380,,failed,0,0,,no_usable_pages,known,,,bpt6k6876380: no usable pages in manifest.,2026-07-17T20:45:24.932908
leconstitutionnel,bpt6k687639c,,failed,0,0,,no_usable_pages,known,,,bpt6k687639c: no usable pages in manifest.,2026-07-17T20:45:25.130596
leconstitutionnel,bpt6k6876409,,failed,0,0,,no_usable_pages,known,,,bpt6k6876409: no usable pages in manifest.,2026-07-17T20:45:25.345229
leconstitutionnel,bpt6k687641p,,failed,0,0,,no_usable_pages,known,,,bpt6k687641p: no usable pages in manifest.,2026-07-17T20:45:25.504814
leconstitutionnel,bpt6k6876422,,failed,0,0,,no_usable_pages,known,,,bpt6k6876422: no usable pages in manifest.,2026-07-17T20:45:25.684061
leconstitutionnel,bpt6k687648b,,failed,0,0,,no_usable_pages,known,,,bpt6k687648b: no usable pages in manifest.,2026-07-17T20:45:25.796392
leconstitutionnel,bpt6k687649q,,failed,0,0,,no_usable_pages,known,,,bpt6k687649q: no usable pages in manifest.,2026-07-17T20:45:25.910852
leconstitutionnel,bpt6k687650n,,failed,0,0,,no_usable_pages,known,,,bpt6k687650n: no usable pages in manifest.,2026-07-17T20:45:26.024361
leconstitutionnel,bpt6k6876511,,failed,0,0,,no_usable_pages,known,,,bpt6k6876511: no usable pages in manifest.,2026-07-17T20:45:26.178868
leconstitutionnel,bpt6k687652d,,failed,0,0,,no_usable_pages,known,,,bpt6k687652d: no usable pages in manifest.,2026-07-17T20:45:26.324266
leconstitutionnel,bpt6k687653s,,failed,0,0,,no_usable_pages,known,,,bpt6k687653s: no usable pages in manifest.,2026-07-17T20:45:26.501916
leconstitutionnel,bpt6k6876545,,failed,0,0,,no_usable_pages,known,,,bpt6k6876545: no usable pages in manifest.,2026-07-17T20:45:26.745717
leconstitutionnel,bpt6k687655j,,failed,0,0,,no_usable_pages,known,,,bpt6k687655j: no usable pages in manifest.,2026-07-17T20:45:26.889776
leconstitutionnel,bpt6k687656x,,failed,0,0,,no_usable_pages,known,,,bpt6k687656x: no usable pages in manifest.,2026-07-17T20:45:27.156390
leconstitutionnel,bpt6k6876579,,failed,0,0,,no_usable_pages,known,,,bpt6k6876579: no usable pages in manifest.,2026-07-17T20:45:27.269980
leconstitutionnel,bpt6k687658p,,failed,0,0,,no_usable_pages,known,,,bpt6k687658p: no usable pages in manifest.,2026-07-17T20:45:27.433186
leconstitutionnel,bpt6k6876592,,failed,0,0,,no_usable_pages,known,,,bpt6k6876592: no usable pages in manifest.,2026-07-17T20:45:27.629207
leconstitutionnel,bpt6k6876600,,failed,0,0,,no_usable_pages,known,,,bpt6k6876600: no usable pages in manifest.,2026-07-17T20:45:27.867232
leconstitutionnel,bpt6k687661c,,failed,0,0,,no_usable_pages,known,,,bpt6k687661c: no usable pages in manifest.,2026-07-17T20:45:27.986649
leconstitutionnel,bpt6k687662r,,failed,0,0,,no_usable_pages,known,,,bpt6k687662r: no usable pages in manifest.,2026-07-17T20:45:28.091953
leconstitutionnel,bpt6k687832b,,failed,0,0,,no_usable_pages,known,,,bpt6k687832b: no usable pages in manifest.,2026-07-17T20:45:28.215287
leconstitutionnel,bpt6k687833q,,failed,0,0,,no_usable_pages,known,,,bpt6k687833q: no usable pages in manifest.,2026-07-17T20:45:28.357559
leconstitutionnel,bpt6k6878343,,failed,0,0,,no_usable_pages,known,,,bpt6k6878343: no usable pages in manifest.,2026-07-17T20:45:28.494143
leconstitutionnel,bpt6k687835g,,failed,0,0,,no_usable_pages,known,,,bpt6k687835g: no usable pages in manifest.,2026-07-17T20:45:28.626403
leconstitutionnel,bpt6k687836v,,failed,0,0,,no_usable_pages,known,,,bpt6k687836v: no usable pages in manifest.,2026-07-17T20:45:28.732574
leconstitutionnel,bpt6k6878377,,failed,0,0,,no_usable_pages,known,,,bpt6k6878377: no usable pages in manifest.,2026-07-17T20:45:28.979211
leconstitutionnel,bpt6k687838m,,failed,0,0,,no_usable_pages,known,,,bpt6k687838m: no usable pages in manifest.,2026-07-17T20:45:29.081335
leconstitutionnel,bpt6k6878390,,failed,0,0,,no_usable_pages,known,,,bpt6k6878390: no usable pages in manifest.,2026-07-17T20:45:29.188550
leconstitutionnel,bpt6k687840x,,failed,0,0,,no_usable_pages,known,,,bpt6k687840x: no usable pages in manifest.,2026-07-17T20:45:29.288998
leconstitutionnel,bpt6k6878419,,failed,0,0,,no_usable_pages,known,,,bpt6k6878419: no usable pages in manifest.,2026-07-17T20:45:29.407413
leconstitutionnel,bpt6k687842p,,failed,0,0,,no_usable_pages,known,,,bpt6k687842p: no usable pages in manifest.,2026-07-17T20:45:29.538119
leconstitutionnel,bpt6k6878432,,failed,0,0,,no_usable_pages,known,,,bpt6k6878432: no usable pages in manifest.,2026-07-17T20:45:29.647816
leconstitutionnel,bpt6k687844f,,failed,0,0,,no_usable_pages,known,,,bpt6k687844f: no usable pages in manifest.,2026-07-17T20:45:29.762536
leconstitutionnel,bpt6k687845t,,failed,0,0,,no_usable_pages,known,,,bpt6k687845t: no usable pages in manifest.,2026-07-17T20:45:29.903126
leconstitutionnel,bpt6k6878466,,failed,0,0,,no_usable_pages,known,,,bpt6k6878466: no usable pages in manifest.,2026-07-17T20:45:30.079910
leconstitutionnel,bpt6k687847k,,failed,0,0,,no_usable_pages,known,,,bpt6k687847k: no usable pages in manifest.,2026-07-17T20:45:30.202286
leconstitutionnel,bpt6k687848z,,failed,0,0,,no_usable_pages,known,,,bpt6k687848z: no usable pages in manifest.,2026-07-17T20:45:30.303971
leconstitutionnel,bpt6k687849b,,failed,0,0,,no_usable_pages,known,,,bpt6k687849b: no usable pages in manifest.,2026-07-17T20:45:30.549605
leconstitutionnel,bpt6k6878508,,failed,0,0,,no_usable_pages,known,,,bpt6k6878508: no usable pages in manifest.,2026-07-17T20:45:30.695700
leconstitutionnel,bpt6k687851n,,failed,0,0,,no_usable_pages,known,,,bpt6k687851n: no usable pages in manifest.,2026-07-17T20:45:30.794993
leconstitutionnel,bpt6k6878521,,failed,0,0,,no_usable_pages,known,,,bpt6k6878521: no usable pages in manifest.,2026-07-17T20:45:30.903002
leconstitutionnel,bpt6k687853d,,failed,0,0,,no_usable_pages,known,,,bpt6k687853d: no usable pages in manifest.,2026-07-17T20:45:31.112609
leconstitutionnel,bpt6k687854s,,failed,0,0,,no_usable_pages,known,,,bpt6k687854s: no usable pages in manifest.,2026-07-17T20:45:31.231126
leconstitutionnel,bpt6k6878555,,failed,0,0,,no_usable_pages,known,,,bpt6k6878555: no usable pages in manifest.,2026-07-17T20:45:31.344683
leconstitutionnel,bpt6k687856j,,failed,0,0,,no_usable_pages,known,,,bpt6k687856j: no usable pages in manifest.,2026-07-17T20:45:31.446482
leconstitutionnel,bpt6k687857x,,failed,0,0,,no_usable_pages,known,,,bpt6k687857x: no usable pages in manifest.,2026-07-17T20:45:31.545704
leconstitutionnel,bpt6k6878589,,failed,0,0,,no_usable_pages,known,,,bpt6k6878589: no usable pages in manifest.,2026-07-17T20:45:31.658830
leconstitutionnel,bpt6k687859p,,failed,0,0,,no_usable_pages,known,,,bpt6k687859p: no usable pages in manifest.,2026-07-17T20:45:31.762770
leconstitutionnel,bpt6k687860m,,failed,0,0,,no_usable_pages,known,,,bpt6k687860m: no usable pages in manifest.,2026-07-17T20:45:31.906911
leconstitutionnel,bpt6k6878610,,failed,0,0,,no_usable_pages,known,,,bpt6k6878610: no usable pages in manifest.,2026-07-17T20:45:32.023389
leconstitutionnel,bpt6k687862c,,failed,0,0,,no_usable_pages,known,,,bpt6k687862c: no usable pages in manifest.,2026-07-17T20:45:32.209835
leconstitutionnel,bpt6k687863r,,failed,0,0,,no_usable_pages,known,,,bpt6k687863r: no usable pages in manifest.,2026-07-17T20:45:32.367227
leconstitutionnel,bpt6k6878644,,failed,0,0,,no_usable_pages,known,,,bpt6k6878644: no usable pages in manifest.,2026-07-17T20:45:32.479860
leconstitutionnel,bpt6k687865h,,failed,0,0,,no_usable_pages,known,,,bpt6k687865h: no usable pages in manifest.,2026-07-17T20:45:32.591306
leconstitutionnel,bpt6k687866w,,failed,0,0,,no_usable_pages,known,,,bpt6k687866w: no usable pages in manifest.,2026-07-17T20:45:32.700148
leconstitutionnel,bpt6k6878678,,failed,0,0,,no_usable_pages,known,,,bpt6k6878678: no usable pages in manifest.,2026-07-17T20:45:32.810086
leconstitutionnel,bpt6k687868n,,failed,0,0,,no_usable_pages,known,,,bpt6k687868n: no usable pages in manifest.,2026-07-17T20:45:32.904831
leconstitutionnel,bpt6k6878691,,failed,0,0,,no_usable_pages,known,,,bpt6k6878691: no usable pages in manifest.,2026-07-17T20:45:33.022391
leconstitutionnel,bpt6k687870z,,failed,0,0,,no_usable_pages,known,,,bpt6k687870z: no usable pages in manifest.,2026-07-17T20:45:33.149591
leconstitutionnel,bpt6k687871b,,failed,0,0,,no_usable_pages,known,,,bpt6k687871b: no usable pages in manifest.,2026-07-17T20:45:33.268721
leconstitutionnel,bpt6k687872q,,failed,0,0,,no_usable_pages,known,,,bpt6k687872q: no usable pages in manifest.,2026-07-17T20:45:33.391496
leconstitutionnel,bpt6k6878733,,failed,0,0,,no_usable_pages,known,,,bpt6k6878733: no usable pages in manifest.,2026-07-17T20:45:33.515121
leconstitutionnel,bpt6k687874g,,failed,0,0,,no_usable_pages,known,,,bpt6k687874g: no usable pages in manifest.,2026-07-17T20:45:33.610654
leconstitutionnel,bpt6k687875v,,failed,0,0,,no_usable_pages,known,,,bpt6k687875v: no usable pages in manifest.,2026-07-17T20:45:33.740196
leconstitutionnel,bpt6k6878767,,failed,0,0,,no_usable_pages,known,,,bpt6k6878767: no usable pages in manifest.,2026-07-17T20:45:33.837403
leconstitutionnel,bpt6k687877m,,failed,0,0,,no_usable_pages,known,,,bpt6k687877m: no usable pages in manifest.,2026-07-17T20:45:33.970180
leconstitutionnel,bpt6k6878780,,failed,0,0,,no_usable_pages,known,,,bpt6k6878780: no usable pages in manifest.,2026-07-17T20:45:34.092583
leconstitutionnel,bpt6k687879c,,failed,0,0,,no_usable_pages,known,,,bpt6k687879c: no usable pages in manifest.,2026-07-17T20:45:34.251580
leconstitutionnel,bpt6k6878809,,failed,0,0,,no_usable_pages,known,,,bpt6k6878809: no usable pages in manifest.,2026-07-17T20:45:34.382397
leconstitutionnel,bpt6k687881p,,failed,0,0,,no_usable_pages,known,,,bpt6k687881p: no usable pages in manifest.,2026-07-17T20:45:34.503576
leconstitutionnel,bpt6k6878822,,failed,0,0,,no_usable_pages,known,,,bpt6k6878822: no usable pages in manifest.,2026-07-17T20:45:34.597133
leconstitutionnel,bpt6k687883f,,failed,0,0,,no_usable_pages,known,,,bpt6k687883f: no usable pages in manifest.,2026-07-17T20:45:34.688000
leconstitutionnel,bpt6k687884t,,failed,0,0,,no_usable_pages,known,,,bpt6k687884t: no usable pages in manifest.,2026-07-17T20:45:34.817644
leconstitutionnel,bpt6k6878856,,failed,0,0,,no_usable_pages,known,,,bpt6k6878856: no usable pages in manifest.,2026-07-17T20:45:34.901398
leconstitutionnel,bpt6k687886k,,failed,0,0,,no_usable_pages,known,,,bpt6k687886k: no usable pages in manifest.,2026-07-17T20:45:35.012261
leconstitutionnel,bpt6k687887z,,failed,0,0,,no_usable_pages,known,,,bpt6k687887z: no usable pages in manifest.,2026-07-17T20:45:35.117549
leconstitutionnel,bpt6k6881257,,failed,0,0,,no_usable_pages,known,,,bpt6k6881257: no usable pages in manifest.,2026-07-17T20:45:35.265076
leconstitutionnel,bpt6k688126m,,failed,0,0,,no_usable_pages,known,,,bpt6k688126m: no usable pages in manifest.,2026-07-17T20:45:35.398707
leconstitutionnel,bpt6k6881270,,failed,0,0,,no_usable_pages,known,,,bpt6k6881270: no usable pages in manifest.,2026-07-17T20:45:35.524762
leconstitutionnel,bpt6k688128c,,failed,0,0,,no_usable_pages,known,,,bpt6k688128c: no usable pages in manifest.,2026-07-17T20:45:35.648439
leconstitutionnel,bpt6k688129r,,failed,0,0,,no_usable_pages,known,,,bpt6k688129r: no usable pages in manifest.,2026-07-17T20:45:35.782258
leconstitutionnel,bpt6k688130p,,failed,0,0,,no_usable_pages,known,,,bpt6k688130p: no usable pages in manifest.,2026-07-17T20:45:35.941181
leconstitutionnel,bpt6k6881312,,failed,0,0,,no_usable_pages,known,,,bpt6k6881312: no usable pages in manifest.,2026-07-17T20:45:36.048259
leconstitutionnel,bpt6k688132f,,failed,0,0,,no_usable_pages,known,,,bpt6k688132f: no usable pages in manifest.,2026-07-17T20:45:36.145221
leconstitutionnel,bpt6k688133t,,failed,0,0,,no_usable_pages,known,,,bpt6k688133t: no usable pages in manifest.,2026-07-17T20:45:36.280999
leconstitutionnel,bpt6k6881346,,failed,0,0,,no_usable_pages,known,,,bpt6k6881346: no usable pages in manifest.,2026-07-17T20:45:36.379398
leconstitutionnel,bpt6k688135k,,failed,0,0,,no_usable_pages,known,,,bpt6k688135k: no usable pages in manifest.,2026-07-17T20:45:36.520769
leconstitutionnel,bpt6k688136z,,failed,0,0,,no_usable_pages,known,,,bpt6k688136z: no usable pages in manifest.,2026-07-17T20:45:36.649997
leconstitutionnel,bpt6k688137b,,failed,0,0,,no_usable_pages,known,,,bpt6k688137b: no usable pages in manifest.,2026-07-17T20:45:36.791689
leconstitutionnel,bpt6k688138q,,failed,0,0,,no_usable_pages,known,,,bpt6k688138q: no usable pages in manifest.,2026-07-17T20:45:36.936168
leconstitutionnel,bpt6k6881393,,failed,0,0,,no_usable_pages,known,,,bpt6k6881393: no usable pages in manifest.,2026-07-17T20:45:37.068358
leconstitutionnel,bpt6k6881401,,failed,0,0,,no_usable_pages,known,,,bpt6k6881401: no usable pages in manifest.,2026-07-17T20:45:37.208614
leconstitutionnel,bpt6k688141d,,failed,0,0,,no_usable_pages,known,,,bpt6k688141d: no usable pages in manifest.,2026-07-17T20:45:37.363966
leconstitutionnel,bpt6k688142s,,failed,0,0,,no_usable_pages,known,,,bpt6k688142s: no usable pages in manifest.,2026-07-17T20:45:37.494546
leconstitutionnel,bpt6k6881435,,failed,0,0,,no_usable_pages,known,,,bpt6k6881435: no usable pages in manifest.,2026-07-17T20:45:37.644418
leconstitutionnel,bpt6k688144j,,failed,0,0,,no_usable_pages,known,,,bpt6k688144j: no usable pages in manifest.,2026-07-17T20:45:37.773573
leconstitutionnel,bpt6k688145x,,failed,0,0,,no_usable_pages,known,,,bpt6k688145x: no usable pages in manifest.,2026-07-17T20:45:37.953256
leconstitutionnel,bpt6k6881469,,failed,0,0,,no_usable_pages,known,,,bpt6k6881469: no usable pages in manifest.,2026-07-17T20:45:38.155297
leconstitutionnel,bpt6k688147p,,failed,0,0,,no_usable_pages,known,,,bpt6k688147p: no usable pages in manifest.,2026-07-17T20:45:38.265945
leconstitutionnel,bpt6k6881482,,failed,0,0,,no_usable_pages,known,,,bpt6k6881482: no usable pages in manifest.,2026-07-17T20:45:38.402568
leconstitutionnel,bpt6k688149f,,failed,0,0,,no_usable_pages,known,,,bpt6k688149f: no usable pages in manifest.,2026-07-17T20:45:38.544492
leconstitutionnel,bpt6k688150c,,failed,0,0,,no_usable_pages,known,,,bpt6k688150c: no usable pages in manifest.,2026-07-17T20:45:38.647207
leconstitutionnel,bpt6k688151r,,failed,0,0,,no_usable_pages,known,,,bpt6k688151r: no usable pages in manifest.,2026-07-17T20:45:38.741465
leconstitutionnel,bpt6k6881524,,failed,0,0,,no_usable_pages,known,,,bpt6k6881524: no usable pages in manifest.,2026-07-17T20:45:38.854624
leconstitutionnel,bpt6k688153h,,failed,0,0,,no_usable_pages,known,,,bpt6k688153h: no usable pages in manifest.,2026-07-17T20:45:38.935981
leconstitutionnel,bpt6k688154w,,failed,0,0,,no_usable_pages,known,,,bpt6k688154w: no usable pages in manifest.,2026-07-17T20:45:39.056138
leconstitutionnel,bpt6k6881558,,failed,0,0,,no_usable_pages,known,,,bpt6k6881558: no usable pages in manifest.,2026-07-17T20:45:39.179149
leconstitutionnel,bpt6k688156n,,failed,0,0,,no_usable_pages,known,,,bpt6k688156n: no usable pages in manifest.,2026-07-17T20:45:39.285489
leconstitutionnel,bpt6k6881571,,failed,0,0,,no_usable_pages,known,,,bpt6k6881571: no usable pages in manifest.,2026-07-17T20:45:39.415311
leconstitutionnel,bpt6k688158d,,failed,0,0,,no_usable_pages,known,,,bpt6k688158d: no usable pages in manifest.,2026-07-17T20:45:39.534196
leconstitutionnel,bpt6k688159s,,failed,0,0,,no_usable_pages,known,,,bpt6k688159s: no usable pages in manifest.,2026-07-17T20:45:39.750061
leconstitutionnel,bpt6k688160q,,failed,0,0,,no_usable_pages,known,,,bpt6k688160q: no usable pages in manifest.,2026-07-17T20:45:39.863572
leconstitutionnel,bpt6k6881613,,failed,0,0,,no_usable_pages,known,,,bpt6k6881613: no usable pages in manifest.,2026-07-17T20:45:39.983058
leconstitutionnel,bpt6k688162g,,failed,0,0,,no_usable_pages,known,,,bpt6k688162g: no usable pages in manifest.,2026-07-17T20:45:40.105435
leconstitutionnel,bpt6k688163v,,failed,0,0,,no_usable_pages,known,,,bpt6k688163v: no usable pages in manifest.,2026-07-17T20:45:40.253303
leconstitutionnel,bpt6k6881647,,failed,0,0,,no_usable_pages,known,,,bpt6k6881647: no usable pages in manifest.,2026-07-17T20:45:40.363630
leconstitutionnel,bpt6k688165m,,failed,0,0,,no_usable_pages,known,,,bpt6k688165m: no usable pages in manifest.,2026-07-17T20:45:40.486835
leconstitutionnel,bpt6k6881660,,failed,0,0,,no_usable_pages,known,,,bpt6k6881660: no usable pages in manifest.,2026-07-17T20:45:40.603206
leconstitutionnel,bpt6k688167c,,failed,0,0,,no_usable_pages,known,,,bpt6k688167c: no usable pages in manifest.,2026-07-17T20:45:40.727972
leconstitutionnel,bpt6k688171f,,failed,0,0,,no_usable_pages,known,,,bpt6k688171f: no usable pages in manifest.,2026-07-17T20:45:40.857598
leconstitutionnel,bpt6k688172t,,failed,0,0,,no_usable_pages,known,,,bpt6k688172t: no usable pages in manifest.,2026-07-17T20:45:40.985038
leconstitutionnel,bpt6k6881736,,failed,0,0,,no_usable_pages,known,,,bpt6k6881736: no usable pages in manifest.,2026-07-17T20:45:41.065253
leconstitutionnel,bpt6k688174k,,failed,0,0,,no_usable_pages,known,,,bpt6k688174k: no usable pages in manifest.,2026-07-17T20:45:41.225389
leconstitutionnel,bpt6k688175z,,failed,0,0,,no_usable_pages,known,,,bpt6k688175z: no usable pages in manifest.,2026-07-17T20:45:41.480385
leconstitutionnel,bpt6k688176b,,failed,0,0,,no_usable_pages,known,,,bpt6k688176b: no usable pages in manifest.,2026-07-17T20:45:41.676914
leconstitutionnel,bpt6k688177q,,failed,0,0,,no_usable_pages,known,,,bpt6k688177q: no usable pages in manifest.,2026-07-17T20:45:41.842237
leconstitutionnel,bpt6k6881783,,failed,0,0,,no_usable_pages,known,,,bpt6k6881783: no usable pages in manifest.,2026-07-17T20:45:41.994003
leconstitutionnel,bpt6k688179g,,failed,0,0,,no_usable_pages,known,,,bpt6k688179g: no usable pages in manifest.,2026-07-17T20:45:42.096199
leconstitutionnel,bpt6k688180d,,failed,0,0,,no_usable_pages,known,,,bpt6k688180d: no usable pages in manifest.,2026-07-17T20:45:42.207932
leconstitutionnel,bpt6k688181s,,failed,0,0,,no_usable_pages,known,,,bpt6k688181s: no usable pages in manifest.,2026-07-17T20:45:42.347161
leconstitutionnel,bpt6k6881825,,failed,0,0,,no_usable_pages,known,,,bpt6k6881825: no usable pages in manifest.,2026-07-17T20:45:42.494092
leconstitutionnel,bpt6k688183j,,failed,0,0,,no_usable_pages,known,,,bpt6k688183j: no usable pages in manifest.,2026-07-17T20:45:42.648004
leconstitutionnel,bpt6k688184x,,failed,0,0,,no_usable_pages,known,,,bpt6k688184x: no usable pages in manifest.,2026-07-17T20:45:42.730066
leconstitutionnel,bpt6k6881859,,failed,0,0,,no_usable_pages,known,,,bpt6k6881859: no usable pages in manifest.,2026-07-17T20:45:42.830701
leconstitutionnel,bpt6k688186p,,failed,0,0,,no_usable_pages,known,,,bpt6k688186p: no usable pages in manifest.,2026-07-17T20:45:42.939058
leconstitutionnel,bpt6k6881872,,failed,0,0,,no_usable_pages,known,,,bpt6k6881872: no usable pages in manifest.,2026-07-17T20:45:43.068203
leconstitutionnel,bpt6k688188f,,failed,0,0,,no_usable_pages,known,,,bpt6k688188f: no usable pages in manifest.,2026-07-17T20:45:43.277819
leconstitutionnel,bpt6k688189t,,failed,0,0,,no_usable_pages,known,,,bpt6k688189t: no usable pages in manifest.,2026-07-17T20:45:43.377292
leconstitutionnel,bpt6k688190r,,failed,0,0,,no_usable_pages,known,,,bpt6k688190r: no usable pages in manifest.,2026-07-17T20:45:43.508488
leconstitutionnel,bpt6k6881914,,failed,0,0,,no_usable_pages,known,,,bpt6k6881914: no usable pages in manifest.,2026-07-17T20:45:43.687260
leconstitutionnel,bpt6k688192h,,failed,0,0,,no_usable_pages,known,,,bpt6k688192h: no usable pages in manifest.,2026-07-17T20:45:43.812343
leconstitutionnel,bpt6k688193w,,failed,0,0,,no_usable_pages,known,,,bpt6k688193w: no usable pages in manifest.,2026-07-17T20:45:43.945117
leconstitutionnel,bpt6k6881948,,failed,0,0,,no_usable_pages,known,,,bpt6k6881948: no usable pages in manifest.,2026-07-17T20:45:44.032630
leconstitutionnel,bpt6k688195n,,failed,0,0,,no_usable_pages,known,,,bpt6k688195n: no usable pages in manifest.,2026-07-17T20:45:44.139371
leconstitutionnel,bpt6k6881961,,failed,0,0,,no_usable_pages,known,,,bpt6k6881961: no usable pages in manifest.,2026-07-17T20:45:44.308187
leconstitutionnel,bpt6k688197d,,failed,0,0,,no_usable_pages,known,,,bpt6k688197d: no usable pages in manifest.,2026-07-17T20:45:44.425175
leconstitutionnel,bpt6k688198s,,failed,0,0,,no_usable_pages,known,,,bpt6k688198s: no usable pages in manifest.,2026-07-17T20:45:44.576160
leconstitutionnel,bpt6k6881995,,failed,0,0,,no_usable_pages,known,,,bpt6k6881995: no usable pages in manifest.,2026-07-17T20:45:44.746195
leconstitutionnel,bpt6k688200z,,failed,0,0,,no_usable_pages,known,,,bpt6k688200z: no usable pages in manifest.,2026-07-17T20:45:44.988812
leconstitutionnel,bpt6k688201b,,failed,0,0,,no_usable_pages,known,,,bpt6k688201b: no usable pages in manifest.,2026-07-17T20:45:45.120597
leconstitutionnel,bpt6k688202q,,failed,0,0,,no_usable_pages,known,,,bpt6k688202q: no usable pages in manifest.,2026-07-17T20:45:45.262068
leconstitutionnel,bpt6k6882033,,failed,0,0,,no_usable_pages,known,,,bpt6k6882033: no usable pages in manifest.,2026-07-17T20:45:45.350132
leconstitutionnel,bpt6k688204g,,failed,0,0,,no_usable_pages,known,,,bpt6k688204g: no usable pages in manifest.,2026-07-17T20:45:45.454986
leconstitutionnel,bpt6k688205v,,failed,0,0,,no_usable_pages,known,,,bpt6k688205v: no usable pages in manifest.,2026-07-17T20:45:45.571046
leconstitutionnel,bpt6k6882067,,failed,0,0,,no_usable_pages,known,,,bpt6k6882067: no usable pages in manifest.,2026-07-17T20:45:45.671712
leconstitutionnel,bpt6k688207m,,failed,0,0,,no_usable_pages,known,,,bpt6k688207m: no usable pages in manifest.,2026-07-17T20:45:45.787726
leconstitutionnel,bpt6k6882080,,failed,0,0,,no_usable_pages,known,,,bpt6k6882080: no usable pages in manifest.,2026-07-17T20:45:45.894353
leconstitutionnel,bpt6k688209c,,failed,0,0,,no_usable_pages,known,,,bpt6k688209c: no usable pages in manifest.,2026-07-17T20:45:46.000458
leconstitutionnel,bpt6k6882109,,failed,0,0,,no_usable_pages,known,,,bpt6k6882109: no usable pages in manifest.,2026-07-17T20:45:46.091721
leconstitutionnel,bpt6k688211p,,failed,0,0,,no_usable_pages,known,,,bpt6k688211p: no usable pages in manifest.,2026-07-17T20:45:46.203039
leconstitutionnel,bpt6k6882122,,failed,0,0,,no_usable_pages,known,,,bpt6k6882122: no usable pages in manifest.,2026-07-17T20:45:46.322434
leconstitutionnel,bpt6k688213f,,failed,0,0,,no_usable_pages,known,,,bpt6k688213f: no usable pages in manifest.,2026-07-17T20:45:46.444946
leconstitutionnel,bpt6k688214t,,failed,0,0,,no_usable_pages,known,,,bpt6k688214t: no usable pages in manifest.,2026-07-17T20:45:46.666175
leconstitutionnel,bpt6k6882156,,failed,0,0,,no_usable_pages,known,,,bpt6k6882156: no usable pages in manifest.,2026-07-17T20:45:46.807607
leconstitutionnel,bpt6k688216k,,failed,0,0,,no_usable_pages,known,,,bpt6k688216k: no usable pages in manifest.,2026-07-17T20:45:46.922080
leconstitutionnel,bpt6k688217z,,failed,0,0,,no_usable_pages,known,,,bpt6k688217z: no usable pages in manifest.,2026-07-17T20:45:47.059727
leconstitutionnel,bpt6k688218b,,failed,0,0,,no_usable_pages,known,,,bpt6k688218b: no usable pages in manifest.,2026-07-17T20:45:47.206280
leconstitutionnel,bpt6k688219q,,failed,0,0,,no_usable_pages,known,,,bpt6k688219q: no usable pages in manifest.,2026-07-17T20:45:47.345349
leconstitutionnel,bpt6k688220n,,failed,0,0,,no_usable_pages,known,,,bpt6k688220n: no usable pages in manifest.,2026-07-17T20:45:47.512027
leconstitutionnel,bpt6k6882211,,failed,0,0,,no_usable_pages,known,,,bpt6k6882211: no usable pages in manifest.,2026-07-17T20:45:47.650342
leconstitutionnel,bpt6k688222d,,failed,0,0,,no_usable_pages,known,,,bpt6k688222d: no usable pages in manifest.,2026-07-17T20:45:47.827122
leconstitutionnel,bpt6k688223s,,failed,0,0,,no_usable_pages,known,,,bpt6k688223s: no usable pages in manifest.,2026-07-17T20:45:47.991126
leconstitutionnel,bpt6k6882245,,failed,0,0,,no_usable_pages,known,,,bpt6k6882245: no usable pages in manifest.,2026-07-17T20:45:48.157516
leconstitutionnel,bpt6k688225j,,failed,0,0,,no_usable_pages,known,,,bpt6k688225j: no usable pages in manifest.,2026-07-17T20:45:48.282054
leconstitutionnel,bpt6k688226x,,failed,0,0,,no_usable_pages,known,,,bpt6k688226x: no usable pages in manifest.,2026-07-17T20:45:48.433485
leconstitutionnel,bpt6k6882279,,failed,0,0,,no_usable_pages,known,,,bpt6k6882279: no usable pages in manifest.,2026-07-17T20:45:48.598831
leconstitutionnel,bpt6k688228p,,failed,0,0,,no_usable_pages,known,,,bpt6k688228p: no usable pages in manifest.,2026-07-17T20:45:48.733615
leconstitutionnel,bpt6k6882292,,failed,0,0,,no_usable_pages,known,,,bpt6k6882292: no usable pages in manifest.,2026-07-17T20:45:48.881366
leconstitutionnel,bpt6k6882300,,failed,0,0,,no_usable_pages,known,,,bpt6k6882300: no usable pages in manifest.,2026-07-17T20:45:49.011623
leconstitutionnel,bpt6k688231c,,failed,0,0,,no_usable_pages,known,,,bpt6k688231c: no usable pages in manifest.,2026-07-17T20:45:49.122713
leconstitutionnel,bpt6k688232r,,failed,0,0,,no_usable_pages,known,,,bpt6k688232r: no usable pages in manifest.,2026-07-17T20:45:49.279977
leconstitutionnel,bpt6k6882334,,failed,0,0,,no_usable_pages,known,,,bpt6k6882334: no usable pages in manifest.,2026-07-17T20:45:49.397166
leconstitutionnel,bpt6k688234h,,failed,0,0,,no_usable_pages,known,,,bpt6k688234h: no usable pages in manifest.,2026-07-17T20:45:49.524227
leconstitutionnel,bpt6k688235w,,failed,0,0,,no_usable_pages,known,,,bpt6k688235w: no usable pages in manifest.,2026-07-17T20:45:49.683315
leconstitutionnel,bpt6k6882368,,failed,0,0,,no_usable_pages,known,,,bpt6k6882368: no usable pages in manifest.,2026-07-17T20:45:49.787076
leconstitutionnel,bpt6k688237n,,failed,0,0,,no_usable_pages,known,,,bpt6k688237n: no usable pages in manifest.,2026-07-17T20:45:49.938978
leconstitutionnel,bpt6k6882381,,failed,0,0,,no_usable_pages,known,,,bpt6k6882381: no usable pages in manifest.,2026-07-17T20:45:50.138764
leconstitutionnel,bpt6k688239d,,failed,0,0,,no_usable_pages,known,,,bpt6k688239d: no usable pages in manifest.,2026-07-17T20:45:50.352449
leconstitutionnel,bpt6k688240b,,failed,0,0,,no_usable_pages,known,,,bpt6k688240b: no usable pages in manifest.,2026-07-17T20:45:50.488691
leconstitutionnel,bpt6k688241q,,failed,0,0,,no_usable_pages,known,,,bpt6k688241q: no usable pages in manifest.,2026-07-17T20:45:50.603934
leconstitutionnel,bpt6k6882423,,failed,0,0,,no_usable_pages,known,,,bpt6k6882423: no usable pages in manifest.,2026-07-17T20:45:50.701967
leconstitutionnel,bpt6k688243g,,failed,0,0,,no_usable_pages,known,,,bpt6k688243g: no usable pages in manifest.,2026-07-17T20:45:50.800043
leconstitutionnel,bpt6k688244v,,failed,0,0,,no_usable_pages,known,,,bpt6k688244v: no usable pages in manifest.,2026-07-17T20:45:50.899092
leconstitutionnel,bpt6k6882457,,failed,0,0,,no_usable_pages,known,,,bpt6k6882457: no usable pages in manifest.,2026-07-17T20:45:50.990770
leconstitutionnel,bpt6k688246m,,failed,0,0,,no_usable_pages,known,,,bpt6k688246m: no usable pages in manifest.,2026-07-17T20:45:51.106935
leconstitutionnel,bpt6k6882470,,failed,0,0,,no_usable_pages,known,,,bpt6k6882470: no usable pages in manifest.,2026-07-17T20:45:51.209286
leconstitutionnel,bpt6k688248c,,failed,0,0,,no_usable_pages,known,,,bpt6k688248c: no usable pages in manifest.,2026-07-17T20:45:51.359817
leconstitutionnel,bpt6k688249r,,failed,0,0,,no_usable_pages,known,,,bpt6k688249r: no usable pages in manifest.,2026-07-17T20:45:51.531433
leconstitutionnel,bpt6k688250p,,failed,0,0,,no_usable_pages,known,,,bpt6k688250p: no usable pages in manifest.,2026-07-17T20:45:51.634852
leconstitutionnel,bpt6k6882512,,failed,0,0,,no_usable_pages,known,,,bpt6k6882512: no usable pages in manifest.,2026-07-17T20:45:51.775535
leconstitutionnel,bpt6k688252f,,failed,0,0,,no_usable_pages,known,,,bpt6k688252f: no usable pages in manifest.,2026-07-17T20:45:51.893328
leconstitutionnel,bpt6k688253t,,failed,0,0,,no_usable_pages,known,,,bpt6k688253t: no usable pages in manifest.,2026-07-17T20:45:52.051410
leconstitutionnel,bpt6k6882546,,failed,0,0,,no_usable_pages,known,,,bpt6k6882546: no usable pages in manifest.,2026-07-17T20:45:52.181207
leconstitutionnel,bpt6k688255k,,failed,0,0,,no_usable_pages,known,,,bpt6k688255k: no usable pages in manifest.,2026-07-17T20:45:52.295438
leconstitutionnel,bpt6k688256z,,failed,0,0,,no_usable_pages,known,,,bpt6k688256z: no usable pages in manifest.,2026-07-17T20:45:52.416482
leconstitutionnel,bpt6k688257b,,failed,0,0,,no_usable_pages,known,,,bpt6k688257b: no usable pages in manifest.,2026-07-17T20:45:52.565172
leconstitutionnel,bpt6k688258q,,failed,0,0,,no_usable_pages,known,,,bpt6k688258q: no usable pages in manifest.,2026-07-17T20:45:52.717166
leconstitutionnel,bpt6k6882593,,failed,0,0,,no_usable_pages,known,,,bpt6k6882593: no usable pages in manifest.,2026-07-17T20:45:52.815726
leconstitutionnel,bpt6k6882601,,failed,0,0,,no_usable_pages,known,,,bpt6k6882601: no usable pages in manifest.,2026-07-17T20:45:52.915746
leconstitutionnel,bpt6k688261d,,failed,0,0,,no_usable_pages,known,,,bpt6k688261d: no usable pages in manifest.,2026-07-17T20:45:53.057769
leconstitutionnel,bpt6k688262s,,failed,0,0,,no_usable_pages,known,,,bpt6k688262s: no usable pages in manifest.,2026-07-17T20:45:53.227738
leconstitutionnel,bpt6k6882635,,failed,0,0,,no_usable_pages,known,,,bpt6k6882635: no usable pages in manifest.,2026-07-17T20:45:53.349173
leconstitutionnel,bpt6k688264j,,failed,0,0,,no_usable_pages,known,,,bpt6k688264j: no usable pages in manifest.,2026-07-17T20:45:53.493356
leconstitutionnel,bpt6k688265x,,failed,0,0,,no_usable_pages,known,,,bpt6k688265x: no usable pages in manifest.,2026-07-17T20:45:53.619996
leconstitutionnel,bpt6k6882669,,failed,0,0,,no_usable_pages,known,,,bpt6k6882669: no usable pages in manifest.,2026-07-17T20:45:53.755701
leconstitutionnel,bpt6k688267p,,failed,0,0,,no_usable_pages,known,,,bpt6k688267p: no usable pages in manifest.,2026-07-17T20:45:53.859441
leconstitutionnel,bpt6k6882682,,failed,0,0,,no_usable_pages,known,,,bpt6k6882682: no usable pages in manifest.,2026-07-17T20:45:53.939496
leconstitutionnel,bpt6k688269f,,failed,0,0,,no_usable_pages,known,,,bpt6k688269f: no usable pages in manifest.,2026-07-17T20:45:54.028609
leconstitutionnel,bpt6k688270c,,failed,0,0,,no_usable_pages,known,,,bpt6k688270c: no usable pages in manifest.,2026-07-17T20:45:54.132578
leconstitutionnel,bpt6k688271r,,failed,0,0,,no_usable_pages,known,,,bpt6k688271r: no usable pages in manifest.,2026-07-17T20:45:54.215684
leconstitutionnel,bpt6k6882724,,failed,0,0,,no_usable_pages,known,,,bpt6k6882724: no usable pages in manifest.,2026-07-17T20:45:54.302779
leconstitutionnel,bpt6k688273h,,failed,0,0,,no_usable_pages,known,,,bpt6k688273h: no usable pages in manifest.,2026-07-17T20:45:54.419013
leconstitutionnel,bpt6k688274w,,failed,0,0,,no_usable_pages,known,,,bpt6k688274w: no usable pages in manifest.,2026-07-17T20:45:54.568399
leconstitutionnel,bpt6k6882758,,failed,0,0,,no_usable_pages,known,,,bpt6k6882758: no usable pages in manifest.,2026-07-17T20:45:54.710065
leconstitutionnel,bpt6k688276n,,failed,0,0,,no_usable_pages,known,,,bpt6k688276n: no usable pages in manifest.,2026-07-17T20:45:54.817852
leconstitutionnel,bpt6k6882771,,failed,0,0,,no_usable_pages,known,,,bpt6k6882771: no usable pages in manifest.,2026-07-17T20:45:54.916755
leconstitutionnel,bpt6k688278d,,failed,0,0,,no_usable_pages,known,,,bpt6k688278d: no usable pages in manifest.,2026-07-17T20:45:55.015339
leconstitutionnel,bpt6k688279s,,failed,0,0,,no_usable_pages,known,,,bpt6k688279s: no usable pages in manifest.,2026-07-17T20:45:55.236211
leconstitutionnel,bpt6k688280q,,failed,0,0,,no_usable_pages,known,,,bpt6k688280q: no usable pages in manifest.,2026-07-17T20:45:55.367013
leconstitutionnel,bpt6k6882813,,failed,0,0,,no_usable_pages,known,,,bpt6k6882813: no usable pages in manifest.,2026-07-17T20:45:55.470727
leconstitutionnel,bpt6k688282g,,failed,0,0,,no_usable_pages,known,,,bpt6k688282g: no usable pages in manifest.,2026-07-17T20:45:55.555972
leconstitutionnel,bpt6k688283v,,failed,0,0,,no_usable_pages,known,,,bpt6k688283v: no usable pages in manifest.,2026-07-17T20:45:55.685074
leconstitutionnel,bpt6k6882847,,failed,0,0,,no_usable_pages,known,,,bpt6k6882847: no usable pages in manifest.,2026-07-17T20:45:55.803544
leconstitutionnel,bpt6k688285m,,failed,0,0,,no_usable_pages,known,,,bpt6k688285m: no usable pages in manifest.,2026-07-17T20:45:55.899397
leconstitutionnel,bpt6k6882860,,failed,0,0,,no_usable_pages,known,,,bpt6k6882860: no usable pages in manifest.,2026-07-17T20:45:56.021819
leconstitutionnel,bpt6k688287c,,failed,0,0,,no_usable_pages,known,,,bpt6k688287c: no usable pages in manifest.,2026-07-17T20:45:56.126383
leconstitutionnel,bpt6k688288r,,failed,0,0,,no_usable_pages,known,,,bpt6k688288r: no usable pages in manifest.,2026-07-17T20:45:56.247575
leconstitutionnel,bpt6k6882894,,failed,0,0,,no_usable_pages,known,,,bpt6k6882894: no usable pages in manifest.,2026-07-17T20:45:56.331602
leconstitutionnel,bpt6k6882902,,failed,0,0,,no_usable_pages,known,,,bpt6k6882902: no usable pages in manifest.,2026-07-17T20:45:56.449673
leconstitutionnel,bpt6k688291f,,failed,0,0,,no_usable_pages,known,,,bpt6k688291f: no usable pages in manifest.,2026-07-17T20:45:56.545995
leconstitutionnel,bpt6k688292t,,failed,0,0,,no_usable_pages,known,,,bpt6k688292t: no usable pages in manifest.,2026-07-17T20:45:56.677105
leconstitutionnel,bpt6k6882936,,failed,0,0,,no_usable_pages,known,,,bpt6k6882936: no usable pages in manifest.,2026-07-17T20:45:56.779637
leconstitutionnel,bpt6k688294k,,failed,0,0,,no_usable_pages,known,,,bpt6k688294k: no usable pages in manifest.,2026-07-17T20:45:56.867882
leconstitutionnel,bpt6k688295z,,failed,0,0,,no_usable_pages,known,,,bpt6k688295z: no usable pages in manifest.,2026-07-17T20:45:57.012994
leconstitutionnel,bpt6k688296b,,failed,0,0,,no_usable_pages,known,,,bpt6k688296b: no usable pages in manifest.,2026-07-17T20:45:57.213857
leconstitutionnel,bpt6k688297q,,failed,0,0,,no_usable_pages,known,,,bpt6k688297q: no usable pages in manifest.,2026-07-17T20:45:57.331367
leconstitutionnel,bpt6k6882983,,failed,0,0,,no_usable_pages,known,,,bpt6k6882983: no usable pages in manifest.,2026-07-17T20:45:57.468299
leconstitutionnel,bpt6k688299g,,failed,0,0,,no_usable_pages,known,,,bpt6k688299g: no usable pages in manifest.,2026-07-17T20:45:57.589947
leconstitutionnel,bpt6k6883008,,failed,0,0,,no_usable_pages,known,,,bpt6k6883008: no usable pages in manifest.,2026-07-17T20:45:57.743086
leconstitutionnel,bpt6k688301n,,failed,0,0,,no_usable_pages,known,,,bpt6k688301n: no usable pages in manifest.,2026-07-17T20:45:57.908350
leconstitutionnel,bpt6k6883021,,failed,0,0,,no_usable_pages,known,,,bpt6k6883021: no usable pages in manifest.,2026-07-17T20:45:58.013605
leconstitutionnel,bpt6k688303d,,failed,0,0,,no_usable_pages,known,,,bpt6k688303d: no usable pages in manifest.,2026-07-17T20:45:58.138531
leconstitutionnel,bpt6k688304s,,failed,0,0,,no_usable_pages,known,,,bpt6k688304s: no usable pages in manifest.,2026-07-17T20:45:58.239421
leconstitutionnel,bpt6k6883055,,failed,0,0,,no_usable_pages,known,,,bpt6k6883055: no usable pages in manifest.,2026-07-17T20:45:58.365403
leconstitutionnel,bpt6k688306j,,failed,0,0,,no_usable_pages,known,,,bpt6k688306j: no usable pages in manifest.,2026-07-17T20:45:58.493625
leconstitutionnel,bpt6k688307x,,failed,0,0,,no_usable_pages,known,,,bpt6k688307x: no usable pages in manifest.,2026-07-17T20:45:58.614093
leconstitutionnel,bpt6k6883089,,failed,0,0,,no_usable_pages,known,,,bpt6k6883089: no usable pages in manifest.,2026-07-17T20:45:58.741751
leconstitutionnel,bpt6k688309p,,failed,0,0,,no_usable_pages,known,,,bpt6k688309p: no usable pages in manifest.,2026-07-17T20:45:58.865062
leconstitutionnel,bpt6k688310m,,failed,0,0,,no_usable_pages,known,,,bpt6k688310m: no usable pages in manifest.,2026-07-17T20:45:59.024101
leconstitutionnel,bpt6k6883110,,failed,0,0,,no_usable_pages,known,,,bpt6k6883110: no usable pages in manifest.,2026-07-17T20:45:59.140152
leconstitutionnel,bpt6k688312c,,failed,0,0,,no_usable_pages,known,,,bpt6k688312c: no usable pages in manifest.,2026-07-17T20:45:59.262092
leconstitutionnel,bpt6k688313r,,failed,0,0,,no_usable_pages,known,,,bpt6k688313r: no usable pages in manifest.,2026-07-17T20:45:59.382884
leconstitutionnel,bpt6k6883144,,failed,0,0,,no_usable_pages,known,,,bpt6k6883144: no usable pages in manifest.,2026-07-17T20:45:59.543160
leconstitutionnel,bpt6k688315h,,failed,0,0,,no_usable_pages,known,,,bpt6k688315h: no usable pages in manifest.,2026-07-17T20:45:59.641178
leconstitutionnel,bpt6k688316w,,failed,0,0,,no_usable_pages,known,,,bpt6k688316w: no usable pages in manifest.,2026-07-17T20:45:59.734768
leconstitutionnel,bpt6k6883178,,failed,0,0,,no_usable_pages,known,,,bpt6k6883178: no usable pages in manifest.,2026-07-17T20:45:59.840068
leconstitutionnel,bpt6k688318n,,failed,0,0,,no_usable_pages,known,,,bpt6k688318n: no usable pages in manifest.,2026-07-17T20:45:59.911753
leconstitutionnel,bpt6k6883191,,failed,0,0,,no_usable_pages,known,,,bpt6k6883191: no usable pages in manifest.,2026-07-17T20:46:00.030846
leconstitutionnel,bpt6k688320z,,failed,0,0,,no_usable_pages,known,,,bpt6k688320z: no usable pages in manifest.,2026-07-17T20:46:00.112356
leconstitutionnel,bpt6k688321b,,failed,0,0,,no_usable_pages,known,,,bpt6k688321b: no usable pages in manifest.,2026-07-17T20:46:00.235333
leconstitutionnel,bpt6k688322q,,failed,0,0,,no_usable_pages,known,,,bpt6k688322q: no usable pages in manifest.,2026-07-17T20:46:00.333514
leconstitutionnel,bpt6k6883233,,failed,0,0,,no_usable_pages,known,,,bpt6k6883233: no usable pages in manifest.,2026-07-17T20:46:00.438260
leconstitutionnel,bpt6k688324g,,failed,0,0,,no_usable_pages,known,,,bpt6k688324g: no usable pages in manifest.,2026-07-17T20:46:00.575590
leconstitutionnel,bpt6k688325v,,failed,0,0,,no_usable_pages,known,,,bpt6k688325v: no usable pages in manifest.,2026-07-17T20:46:00.706800
leconstitutionnel,bpt6k6883267,,failed,0,0,,no_usable_pages,known,,,bpt6k6883267: no usable pages in manifest.,2026-07-17T20:46:00.784907
leconstitutionnel,bpt6k688327m,,failed,0,0,,no_usable_pages,known,,,bpt6k688327m: no usable pages in manifest.,2026-07-17T20:46:00.885073
leconstitutionnel,bpt6k6883280,,failed,0,0,,no_usable_pages,known,,,bpt6k6883280: no usable pages in manifest.,2026-07-17T20:46:00.978441
leconstitutionnel,bpt6k688329c,,failed,0,0,,no_usable_pages,known,,,bpt6k688329c: no usable pages in manifest.,2026-07-17T20:46:01.040995
leconstitutionnel,bpt6k6883309,,failed,0,0,,no_usable_pages,known,,,bpt6k6883309: no usable pages in manifest.,2026-07-17T20:46:01.166738
leconstitutionnel,bpt6k688331p,,failed,0,0,,no_usable_pages,known,,,bpt6k688331p: no usable pages in manifest.,2026-07-17T20:46:01.268750
leconstitutionnel,bpt6k6883322,,failed,0,0,,no_usable_pages,known,,,bpt6k6883322: no usable pages in manifest.,2026-07-17T20:46:01.401161
leconstitutionnel,bpt6k688333f,,failed,0,0,,no_usable_pages,known,,,bpt6k688333f: no usable pages in manifest.,2026-07-17T20:46:01.487309
leconstitutionnel,bpt6k688334t,,failed,0,0,,no_usable_pages,known,,,bpt6k688334t: no usable pages in manifest.,2026-07-17T20:46:01.670054
leconstitutionnel,bpt6k6883356,,failed,0,0,,no_usable_pages,known,,,bpt6k6883356: no usable pages in manifest.,2026-07-17T20:46:01.799631
leconstitutionnel,bpt6k688336k,,failed,0,0,,no_usable_pages,known,,,bpt6k688336k: no usable pages in manifest.,2026-07-17T20:46:01.936893
leconstitutionnel,bpt6k688337z,,failed,0,0,,no_usable_pages,known,,,bpt6k688337z: no usable pages in manifest.,2026-07-17T20:46:02.086256
leconstitutionnel,bpt6k688338b,,failed,0,0,,no_usable_pages,known,,,bpt6k688338b: no usable pages in manifest.,2026-07-17T20:46:02.247864
leconstitutionnel,bpt6k688339q,,failed,0,0,,no_usable_pages,known,,,bpt6k688339q: no usable pages in manifest.,2026-07-17T20:46:02.366779
leconstitutionnel,bpt6k688340n,,failed,0,0,,no_usable_pages,known,,,bpt6k688340n: no usable pages in manifest.,2026-07-17T20:46:02.480655
leconstitutionnel,bpt6k6883411,,failed,0,0,,no_usable_pages,known,,,bpt6k6883411: no usable pages in manifest.,2026-07-17T20:46:02.593956
leconstitutionnel,bpt6k688342d,,failed,0,0,,no_usable_pages,known,,,bpt6k688342d: no usable pages in manifest.,2026-07-17T20:46:02.743148
leconstitutionnel,bpt6k688343s,,failed,0,0,,no_usable_pages,known,,,bpt6k688343s: no usable pages in manifest.,2026-07-17T20:46:02.889622
leconstitutionnel,bpt6k6883445,,failed,0,0,,no_usable_pages,known,,,bpt6k6883445: no usable pages in manifest.,2026-07-17T20:46:03.003415
leconstitutionnel,bpt6k688345j,,failed,0,0,,no_usable_pages,known,,,bpt6k688345j: no usable pages in manifest.,2026-07-17T20:46:03.104180
leconstitutionnel,bpt6k688346x,,failed,0,0,,no_usable_pages,known,,,bpt6k688346x: no usable pages in manifest.,2026-07-17T20:46:03.280653
leconstitutionnel,bpt6k6883479,,failed,0,0,,no_usable_pages,known,,,bpt6k6883479: no usable pages in manifest.,2026-07-17T20:46:03.438210
leconstitutionnel,bpt6k688348p,,failed,0,0,,no_usable_pages,known,,,bpt6k688348p: no usable pages in manifest.,2026-07-17T20:46:03.571982
leconstitutionnel,bpt6k6883492,,failed,0,0,,no_usable_pages,known,,,bpt6k6883492: no usable pages in manifest.,2026-07-17T20:46:03.680040
leconstitutionnel,bpt6k6883500,,failed,0,0,,no_usable_pages,known,,,bpt6k6883500: no usable pages in manifest.,2026-07-17T20:46:03.879151
leconstitutionnel,bpt6k688351c,,failed,0,0,,no_usable_pages,known,,,bpt6k688351c: no usable pages in manifest.,2026-07-17T20:46:04.014946
leconstitutionnel,bpt6k688352r,,failed,0,0,,no_usable_pages,known,,,bpt6k688352r: no usable pages in manifest.,2026-07-17T20:46:04.092531
leconstitutionnel,bpt6k6883534,,failed,0,0,,no_usable_pages,known,,,bpt6k6883534: no usable pages in manifest.,2026-07-17T20:46:04.173156
leconstitutionnel,bpt6k688354h,,failed,0,0,,no_usable_pages,known,,,bpt6k688354h: no usable pages in manifest.,2026-07-17T20:46:04.316403
leconstitutionnel,bpt6k688355w,,failed,0,0,,no_usable_pages,known,,,bpt6k688355w: no usable pages in manifest.,2026-07-17T20:46:04.409432
leconstitutionnel,bpt6k6883568,,failed,0,0,,no_usable_pages,known,,,bpt6k6883568: no usable pages in manifest.,2026-07-17T20:46:04.537991
leconstitutionnel,bpt6k688357n,,failed,0,0,,no_usable_pages,known,,,bpt6k688357n: no usable pages in manifest.,2026-07-17T20:46:04.659140
leconstitutionnel,bpt6k6883581,,failed,0,0,,no_usable_pages,known,,,bpt6k6883581: no usable pages in manifest.,2026-07-17T20:46:04.784296
leconstitutionnel,bpt6k688359d,,failed,0,0,,no_usable_pages,known,,,bpt6k688359d: no usable pages in manifest.,2026-07-17T20:46:04.982916
leconstitutionnel,bpt6k688360b,,failed,0,0,,no_usable_pages,known,,,bpt6k688360b: no usable pages in manifest.,2026-07-17T20:46:05.093428
leconstitutionnel,bpt6k688361q,,failed,0,0,,no_usable_pages,known,,,bpt6k688361q: no usable pages in manifest.,2026-07-17T20:46:05.249229
leconstitutionnel,bpt6k6883623,,failed,0,0,,no_usable_pages,known,,,bpt6k6883623: no usable pages in manifest.,2026-07-17T20:46:05.431363
leconstitutionnel,bpt6k688363g,,failed,0,0,,no_usable_pages,known,,,bpt6k688363g: no usable pages in manifest.,2026-07-17T20:46:05.566364
leconstitutionnel,bpt6k688364v,,failed,0,0,,no_usable_pages,known,,,bpt6k688364v: no usable pages in manifest.,2026-07-17T20:46:05.690594
leconstitutionnel,bpt6k6883657,,failed,0,0,,no_usable_pages,known,,,bpt6k6883657: no usable pages in manifest.,2026-07-17T20:46:05.803034
leconstitutionnel,bpt6k688366m,,failed,0,0,,no_usable_pages,known,,,bpt6k688366m: no usable pages in manifest.,2026-07-17T20:46:05.911099
leconstitutionnel,bpt6k6883670,,failed,0,0,,no_usable_pages,known,,,bpt6k6883670: no usable pages in manifest.,2026-07-17T20:46:06.073884
leconstitutionnel,bpt6k688368c,,failed,0,0,,no_usable_pages,known,,,bpt6k688368c: no usable pages in manifest.,2026-07-17T20:46:06.204215
leconstitutionnel,bpt6k688369r,,failed,0,0,,no_usable_pages,known,,,bpt6k688369r: no usable pages in manifest.,2026-07-17T20:46:06.317839
leconstitutionnel,bpt6k688370p,,failed,0,0,,no_usable_pages,known,,,bpt6k688370p: no usable pages in manifest.,2026-07-17T20:46:06.471158
leconstitutionnel,bpt6k6883712,,failed,0,0,,no_usable_pages,known,,,bpt6k6883712: no usable pages in manifest.,2026-07-17T20:46:06.576264
leconstitutionnel,bpt6k688372f,,failed,0,0,,no_usable_pages,known,,,bpt6k688372f: no usable pages in manifest.,2026-07-17T20:46:06.698969
leconstitutionnel,bpt6k6883746,,failed,0,0,,no_usable_pages,known,,,bpt6k6883746: no usable pages in manifest.,2026-07-17T20:46:06.790756
leconstitutionnel,bpt6k688375k,,failed,0,0,,no_usable_pages,known,,,bpt6k688375k: no usable pages in manifest.,2026-07-17T20:46:06.880335
leconstitutionnel,bpt6k688376z,,failed,0,0,,no_usable_pages,known,,,bpt6k688376z: no usable pages in manifest.,2026-07-17T20:46:06.959237
leconstitutionnel,bpt6k688377b,,failed,0,0,,no_usable_pages,known,,,bpt6k688377b: no usable pages in manifest.,2026-07-17T20:46:07.181669
leconstitutionnel,bpt6k688378q,,failed,0,0,,no_usable_pages,known,,,bpt6k688378q: no usable pages in manifest.,2026-07-17T20:46:07.312221
leconstitutionnel,bpt6k6883793,,failed,0,0,,no_usable_pages,known,,,bpt6k6883793: no usable pages in manifest.,2026-07-17T20:46:07.466534
leconstitutionnel,bpt6k6883801,,failed,0,0,,no_usable_pages,known,,,bpt6k6883801: no usable pages in manifest.,2026-07-17T20:46:07.577152
leconstitutionnel,bpt6k688381d,,failed,0,0,,no_usable_pages,known,,,bpt6k688381d: no usable pages in manifest.,2026-07-17T20:46:07.690744
leconstitutionnel,bpt6k688382s,,failed,0,0,,no_usable_pages,known,,,bpt6k688382s: no usable pages in manifest.,2026-07-17T20:46:07.798004
leconstitutionnel,bpt6k6883835,,failed,0,0,,no_usable_pages,known,,,bpt6k6883835: no usable pages in manifest.,2026-07-17T20:46:07.923754
leconstitutionnel,bpt6k688384j,,failed,0,0,,no_usable_pages,known,,,bpt6k688384j: no usable pages in manifest.,2026-07-17T20:46:08.035451
leconstitutionnel,bpt6k688385x,,failed,0,0,,no_usable_pages,known,,,bpt6k688385x: no usable pages in manifest.,2026-07-17T20:46:08.214310
leconstitutionnel,bpt6k6883869,,failed,0,0,,no_usable_pages,known,,,bpt6k6883869: no usable pages in manifest.,2026-07-17T20:46:08.356538
leconstitutionnel,bpt6k688387p,,failed,0,0,,no_usable_pages,known,,,bpt6k688387p: no usable pages in manifest.,2026-07-17T20:46:08.495070
leconstitutionnel,bpt6k6883882,,failed,0,0,,no_usable_pages,known,,,bpt6k6883882: no usable pages in manifest.,2026-07-17T20:46:08.611482
leconstitutionnel,bpt6k688389f,,failed,0,0,,no_usable_pages,known,,,bpt6k688389f: no usable pages in manifest.,2026-07-17T20:46:08.740738
leconstitutionnel,bpt6k688390c,,failed,0,0,,no_usable_pages,known,,,bpt6k688390c: no usable pages in manifest.,2026-07-17T20:46:08.933118
leconstitutionnel,bpt6k688391r,,failed,0,0,,no_usable_pages,known,,,bpt6k688391r: no usable pages in manifest.,2026-07-17T20:46:09.055538
leconstitutionnel,bpt6k6883924,,failed,0,0,,no_usable_pages,known,,,bpt6k6883924: no usable pages in manifest.,2026-07-17T20:46:09.227209
leconstitutionnel,bpt6k688393h,,failed,0,0,,no_usable_pages,known,,,bpt6k688393h: no usable pages in manifest.,2026-07-17T20:46:09.331685
leconstitutionnel,bpt6k688394w,,failed,0,0,,no_usable_pages,known,,,bpt6k688394w: no usable pages in manifest.,2026-07-17T20:46:09.489482
leconstitutionnel,bpt6k6883958,,failed,0,0,,no_usable_pages,known,,,bpt6k6883958: no usable pages in manifest.,2026-07-17T20:46:09.633468
leconstitutionnel,bpt6k688396n,,failed,0,0,,no_usable_pages,known,,,bpt6k688396n: no usable pages in manifest.,2026-07-17T20:46:09.746455
leconstitutionnel,bpt6k6883971,,failed,0,0,,no_usable_pages,known,,,bpt6k6883971: no usable pages in manifest.,2026-07-17T20:46:09.856113
leconstitutionnel,bpt6k688398d,,failed,0,0,,no_usable_pages,known,,,bpt6k688398d: no usable pages in manifest.,2026-07-17T20:46:09.982239
leconstitutionnel,bpt6k688399s,,failed,0,0,,no_usable_pages,known,,,bpt6k688399s: no usable pages in manifest.,2026-07-17T20:46:10.088920
leconstitutionnel,bpt6k688400k,,failed,0,0,,no_usable_pages,known,,,bpt6k688400k: no usable pages in manifest.,2026-07-17T20:46:10.276120
leconstitutionnel,bpt6k688401z,,failed,0,0,,no_usable_pages,known,,,bpt6k688401z: no usable pages in manifest.,2026-07-17T20:46:10.389318
leconstitutionnel,bpt6k688402b,,failed,0,0,,no_usable_pages,known,,,bpt6k688402b: no usable pages in manifest.,2026-07-17T20:46:10.564609
leconstitutionnel,bpt6k688403q,,failed,0,0,,no_usable_pages,known,,,bpt6k688403q: no usable pages in manifest.,2026-07-17T20:46:10.775879
leconstitutionnel,bpt6k6884043,,failed,0,0,,no_usable_pages,known,,,bpt6k6884043: no usable pages in manifest.,2026-07-17T20:46:10.965716
leconstitutionnel,bpt6k688405g,,failed,0,0,,no_usable_pages,known,,,bpt6k688405g: no usable pages in manifest.,2026-07-17T20:46:11.086118
leconstitutionnel,bpt6k688406v,,failed,0,0,,no_usable_pages,known,,,bpt6k688406v: no usable pages in manifest.,2026-07-17T20:46:11.250039
leconstitutionnel,bpt6k6884077,,failed,0,0,,no_usable_pages,known,,,bpt6k6884077: no usable pages in manifest.,2026-07-17T20:46:11.473154
leconstitutionnel,bpt6k688408m,,failed,0,0,,no_usable_pages,known,,,bpt6k688408m: no usable pages in manifest.,2026-07-17T20:46:11.602197
leconstitutionnel,bpt6k6884090,,failed,0,0,,no_usable_pages,known,,,bpt6k6884090: no usable pages in manifest.,2026-07-17T20:46:11.743598
leconstitutionnel,bpt6k688410x,,failed,0,0,,no_usable_pages,known,,,bpt6k688410x: no usable pages in manifest.,2026-07-17T20:46:11.862592
leconstitutionnel,bpt6k6884119,,failed,0,0,,no_usable_pages,known,,,bpt6k6884119: no usable pages in manifest.,2026-07-17T20:46:11.977311
leconstitutionnel,bpt6k688412p,,failed,0,0,,no_usable_pages,known,,,bpt6k688412p: no usable pages in manifest.,2026-07-17T20:46:12.108718
leconstitutionnel,bpt6k6884132,,failed,0,0,,no_usable_pages,known,,,bpt6k6884132: no usable pages in manifest.,2026-07-17T20:46:12.253449
leconstitutionnel,bpt6k688414f,,failed,0,0,,no_usable_pages,known,,,bpt6k688414f: no usable pages in manifest.,2026-07-17T20:46:12.412030
leconstitutionnel,bpt6k688415t,,failed,0,0,,no_usable_pages,known,,,bpt6k688415t: no usable pages in manifest.,2026-07-17T20:46:12.588041
leconstitutionnel,bpt6k6884166,,failed,0,0,,no_usable_pages,known,,,bpt6k6884166: no usable pages in manifest.,2026-07-17T20:46:12.822726
leconstitutionnel,bpt6k688417k,,failed,0,0,,no_usable_pages,known,,,bpt6k688417k: no usable pages in manifest.,2026-07-17T20:46:13.031608
leconstitutionnel,bpt6k688418z,,failed,0,0,,no_usable_pages,known,,,bpt6k688418z: no usable pages in manifest.,2026-07-17T20:46:13.155906
leconstitutionnel,bpt6k688419b,,failed,0,0,,no_usable_pages,known,,,bpt6k688419b: no usable pages in manifest.,2026-07-17T20:46:13.286046
leconstitutionnel,bpt6k6884208,,failed,0,0,,no_usable_pages,known,,,bpt6k6884208: no usable pages in manifest.,2026-07-17T20:46:13.435517
leconstitutionnel,bpt6k688421n,,failed,0,0,,no_usable_pages,known,,,bpt6k688421n: no usable pages in manifest.,2026-07-17T20:46:13.576241
leconstitutionnel,bpt6k6884221,,failed,0,0,,no_usable_pages,known,,,bpt6k6884221: no usable pages in manifest.,2026-07-17T20:46:13.669867
leconstitutionnel,bpt6k688423d,,failed,0,0,,no_usable_pages,known,,,bpt6k688423d: no usable pages in manifest.,2026-07-17T20:46:13.787078
leconstitutionnel,bpt6k688424s,,failed,0,0,,no_usable_pages,known,,,bpt6k688424s: no usable pages in manifest.,2026-07-17T20:46:13.885210
leconstitutionnel,bpt6k6884255,,failed,0,0,,no_usable_pages,known,,,bpt6k6884255: no usable pages in manifest.,2026-07-17T20:46:14.038575
leconstitutionnel,bpt6k688426j,,failed,0,0,,no_usable_pages,known,,,bpt6k688426j: no usable pages in manifest.,2026-07-17T20:46:14.157370
leconstitutionnel,bpt6k688427x,,failed,0,0,,no_usable_pages,known,,,bpt6k688427x: no usable pages in manifest.,2026-07-17T20:46:14.245777
leconstitutionnel,bpt6k6884289,,failed,0,0,,no_usable_pages,known,,,bpt6k6884289: no usable pages in manifest.,2026-07-17T20:46:14.356161
leconstitutionnel,bpt6k688429p,,failed,0,0,,no_usable_pages,known,,,bpt6k688429p: no usable pages in manifest.,2026-07-17T20:46:14.559282
leconstitutionnel,bpt6k688430m,,failed,0,0,,no_usable_pages,known,,,bpt6k688430m: no usable pages in manifest.,2026-07-17T20:46:14.836293
leconstitutionnel,bpt6k6884310,,failed,0,0,,no_usable_pages,known,,,bpt6k6884310: no usable pages in manifest.,2026-07-17T20:46:14.972108
leconstitutionnel,bpt6k688432c,,failed,0,0,,no_usable_pages,known,,,bpt6k688432c: no usable pages in manifest.,2026-07-17T20:46:15.098560
leconstitutionnel,bpt6k688433r,,failed,0,0,,no_usable_pages,known,,,bpt6k688433r: no usable pages in manifest.,2026-07-17T20:46:15.229955
leconstitutionnel,bpt6k6884344,,failed,0,0,,no_usable_pages,known,,,bpt6k6884344: no usable pages in manifest.,2026-07-17T20:46:15.340151
leconstitutionnel,bpt6k688435h,,failed,0,0,,no_usable_pages,known,,,bpt6k688435h: no usable pages in manifest.,2026-07-17T20:46:15.462503
leconstitutionnel,bpt6k688436w,,failed,0,0,,no_usable_pages,known,,,bpt6k688436w: no usable pages in manifest.,2026-07-17T20:46:15.589335
leconstitutionnel,bpt6k6884378,,failed,0,0,,no_usable_pages,known,,,bpt6k6884378: no usable pages in manifest.,2026-07-17T20:46:15.675642
leconstitutionnel,bpt6k688438n,,failed,0,0,,no_usable_pages,known,,,bpt6k688438n: no usable pages in manifest.,2026-07-17T20:46:15.842985
leconstitutionnel,bpt6k6884391,,failed,0,0,,no_usable_pages,known,,,bpt6k6884391: no usable pages in manifest.,2026-07-17T20:46:15.944300
leconstitutionnel,bpt6k688440z,,failed,0,0,,no_usable_pages,known,,,bpt6k688440z: no usable pages in manifest.,2026-07-17T20:46:16.043753
leconstitutionnel,bpt6k688441b,,failed,0,0,,no_usable_pages,known,,,bpt6k688441b: no usable pages in manifest.,2026-07-17T20:46:16.199069
leconstitutionnel,bpt6k688442q,,failed,0,0,,no_usable_pages,known,,,bpt6k688442q: no usable pages in manifest.,2026-07-17T20:46:16.294515
leconstitutionnel,bpt6k6884433,,failed,0,0,,no_usable_pages,known,,,bpt6k6884433: no usable pages in manifest.,2026-07-17T20:46:16.409455
leconstitutionnel,bpt6k688444g,,failed,0,0,,no_usable_pages,known,,,bpt6k688444g: no usable pages in manifest.,2026-07-17T20:46:16.538066
leconstitutionnel,bpt6k688445v,,failed,0,0,,no_usable_pages,known,,,bpt6k688445v: no usable pages in manifest.,2026-07-17T20:46:16.761662
leconstitutionnel,bpt6k6884467,,failed,0,0,,no_usable_pages,known,,,bpt6k6884467: no usable pages in manifest.,2026-07-17T20:46:16.947976
leconstitutionnel,bpt6k688447m,,failed,0,0,,no_usable_pages,known,,,bpt6k688447m: no usable pages in manifest.,2026-07-17T20:46:17.108620
leconstitutionnel,bpt6k6884480,,failed,0,0,,no_usable_pages,known,,,bpt6k6884480: no usable pages in manifest.,2026-07-17T20:46:17.276101
leconstitutionnel,bpt6k688449c,,failed,0,0,,no_usable_pages,known,,,bpt6k688449c: no usable pages in manifest.,2026-07-17T20:46:17.428431
leconstitutionnel,bpt6k6884509,,failed,0,0,,no_usable_pages,known,,,bpt6k6884509: no usable pages in manifest.,2026-07-17T20:46:17.628397
leconstitutionnel,bpt6k688451p,,failed,0,0,,no_usable_pages,known,,,bpt6k688451p: no usable pages in manifest.,2026-07-17T20:46:17.820902
leconstitutionnel,bpt6k6884522,,failed,0,0,,no_usable_pages,known,,,bpt6k6884522: no usable pages in manifest.,2026-07-17T20:46:18.115307
leconstitutionnel,bpt6k688453f,,failed,0,0,,no_usable_pages,known,,,bpt6k688453f: no usable pages in manifest.,2026-07-17T20:46:18.286637
leconstitutionnel,bpt6k688454t,,failed,0,0,,no_usable_pages,known,,,bpt6k688454t: no usable pages in manifest.,2026-07-17T20:46:18.447770
leconstitutionnel,bpt6k6884556,,failed,0,0,,no_usable_pages,known,,,bpt6k6884556: no usable pages in manifest.,2026-07-17T20:46:18.686200
leconstitutionnel,bpt6k688456k,,failed,0,0,,no_usable_pages,known,,,bpt6k688456k: no usable pages in manifest.,2026-07-17T20:46:18.842460
leconstitutionnel,bpt6k688457z,,failed,0,0,,no_usable_pages,known,,,bpt6k688457z: no usable pages in manifest.,2026-07-17T20:46:18.992166
leconstitutionnel,bpt6k688458b,,failed,0,0,,no_usable_pages,known,,,bpt6k688458b: no usable pages in manifest.,2026-07-17T20:46:19.111317
leconstitutionnel,bpt6k688459q,,failed,0,0,,no_usable_pages,known,,,bpt6k688459q: no usable pages in manifest.,2026-07-17T20:46:19.221082
leconstitutionnel,bpt6k688460n,,failed,0,0,,no_usable_pages,known,,,bpt6k688460n: no usable pages in manifest.,2026-07-17T20:46:19.375873
leconstitutionnel,bpt6k6884611,,failed,0,0,,no_usable_pages,known,,,bpt6k6884611: no usable pages in manifest.,2026-07-17T20:46:19.514073
leconstitutionnel,bpt6k688462d,,failed,0,0,,no_usable_pages,known,,,bpt6k688462d: no usable pages in manifest.,2026-07-17T20:46:19.616696
leconstitutionnel,bpt6k688463s,,failed,0,0,,no_usable_pages,known,,,bpt6k688463s: no usable pages in manifest.,2026-07-17T20:46:19.729160
leconstitutionnel,bpt6k6884645,,failed,0,0,,no_usable_pages,known,,,bpt6k6884645: no usable pages in manifest.,2026-07-17T20:46:19.943311
leconstitutionnel,bpt6k688465j,,failed,0,0,,no_usable_pages,known,,,bpt6k688465j: no usable pages in manifest.,2026-07-17T20:46:20.181896
leconstitutionnel,bpt6k688466x,,failed,0,0,,no_usable_pages,known,,,bpt6k688466x: no usable pages in manifest.,2026-07-17T20:46:20.480524
leconstitutionnel,bpt6k6884679,,failed,0,0,,no_usable_pages,known,,,bpt6k6884679: no usable pages in manifest.,2026-07-17T20:46:20.618927
leconstitutionnel,bpt6k688468p,,failed,0,0,,no_usable_pages,known,,,bpt6k688468p: no usable pages in manifest.,2026-07-17T20:46:20.766018
leconstitutionnel,bpt6k6884692,,failed,0,0,,no_usable_pages,known,,,bpt6k6884692: no usable pages in manifest.,2026-07-17T20:46:20.878444
leconstitutionnel,bpt6k6884700,,failed,0,0,,no_usable_pages,known,,,bpt6k6884700: no usable pages in manifest.,2026-07-17T20:46:21.036236
leconstitutionnel,bpt6k688471c,,failed,0,0,,no_usable_pages,known,,,bpt6k688471c: no usable pages in manifest.,2026-07-17T20:46:21.203001
leconstitutionnel,bpt6k688472r,,failed,0,0,,no_usable_pages,known,,,bpt6k688472r: no usable pages in manifest.,2026-07-17T20:46:21.386014
leconstitutionnel,bpt6k6884734,,failed,0,0,,no_usable_pages,known,,,bpt6k6884734: no usable pages in manifest.,2026-07-17T20:46:21.593390
leconstitutionnel,bpt6k688474h,,failed,0,0,,no_usable_pages,known,,,bpt6k688474h: no usable pages in manifest.,2026-07-17T20:46:21.736215
leconstitutionnel,bpt6k688475w,,failed,0,0,,no_usable_pages,known,,,bpt6k688475w: no usable pages in manifest.,2026-07-17T20:46:21.895277
leconstitutionnel,bpt6k6884768,,failed,0,0,,no_usable_pages,known,,,bpt6k6884768: no usable pages in manifest.,2026-07-17T20:46:22.124238
leconstitutionnel,bpt6k688477n,,failed,0,0,,no_usable_pages,known,,,bpt6k688477n: no usable pages in manifest.,2026-07-17T20:46:22.305395
leconstitutionnel,bpt6k6884781,,failed,0,0,,no_usable_pages,known,,,bpt6k6884781: no usable pages in manifest.,2026-07-17T20:46:22.472035
leconstitutionnel,bpt6k688479d,,failed,0,0,,no_usable_pages,known,,,bpt6k688479d: no usable pages in manifest.,2026-07-17T20:46:22.639112
leconstitutionnel,bpt6k688480b,,failed,0,0,,no_usable_pages,known,,,bpt6k688480b: no usable pages in manifest.,2026-07-17T20:46:22.793143
leconstitutionnel,bpt6k688481q,,failed,0,0,,no_usable_pages,known,,,bpt6k688481q: no usable pages in manifest.,2026-07-17T20:46:22.932380
leconstitutionnel,bpt6k6884823,,failed,0,0,,no_usable_pages,known,,,bpt6k6884823: no usable pages in manifest.,2026-07-17T20:46:23.043843
leconstitutionnel,bpt6k688483g,,failed,0,0,,no_usable_pages,known,,,bpt6k688483g: no usable pages in manifest.,2026-07-17T20:46:23.224177
leconstitutionnel,bpt6k688484v,,failed,0,0,,no_usable_pages,known,,,bpt6k688484v: no usable pages in manifest.,2026-07-17T20:46:23.456361
leconstitutionnel,bpt6k6884857,,failed,0,0,,no_usable_pages,known,,,bpt6k6884857: no usable pages in manifest.,2026-07-17T20:46:23.635672
leconstitutionnel,bpt6k688486m,,failed,0,0,,no_usable_pages,known,,,bpt6k688486m: no usable pages in manifest.,2026-07-17T20:46:23.866614
leconstitutionnel,bpt6k6884870,,failed,0,0,,no_usable_pages,known,,,bpt6k6884870: no usable pages in manifest.,2026-07-17T20:46:24.043950
leconstitutionnel,bpt6k688488c,,failed,0,0,,no_usable_pages,known,,,bpt6k688488c: no usable pages in manifest.,2026-07-17T20:46:24.151392
leconstitutionnel,bpt6k688489r,,failed,0,0,,no_usable_pages,known,,,bpt6k688489r: no usable pages in manifest.,2026-07-17T20:46:24.275545
leconstitutionnel,bpt6k688490p,,failed,0,0,,no_usable_pages,known,,,bpt6k688490p: no usable pages in manifest.,2026-07-17T20:46:24.407313
leconstitutionnel,bpt6k6884912,,failed,0,0,,no_usable_pages,known,,,bpt6k6884912: no usable pages in manifest.,2026-07-17T20:46:24.513107
leconstitutionnel,bpt6k688492f,,failed,0,0,,no_usable_pages,known,,,bpt6k688492f: no usable pages in manifest.,2026-07-17T20:46:24.625664
leconstitutionnel,bpt6k688493t,,failed,0,0,,no_usable_pages,known,,,bpt6k688493t: no usable pages in manifest.,2026-07-17T20:46:24.764717
leconstitutionnel,bpt6k6884946,,failed,0,0,,no_usable_pages,known,,,bpt6k6884946: no usable pages in manifest.,2026-07-17T20:46:24.935137
leconstitutionnel,bpt6k688495k,,failed,0,0,,no_usable_pages,known,,,bpt6k688495k: no usable pages in manifest.,2026-07-17T20:46:25.091600
leconstitutionnel,bpt6k688496z,,failed,0,0,,no_usable_pages,known,,,bpt6k688496z: no usable pages in manifest.,2026-07-17T20:46:25.248325
leconstitutionnel,bpt6k688497b,,failed,0,0,,no_usable_pages,known,,,bpt6k688497b: no usable pages in manifest.,2026-07-17T20:46:25.436176
leconstitutionnel,bpt6k688498q,,failed,0,0,,no_usable_pages,known,,,bpt6k688498q: no usable pages in manifest.,2026-07-17T20:46:25.731654
leconstitutionnel,bpt6k6884993,,failed,0,0,,no_usable_pages,known,,,bpt6k6884993: no usable pages in manifest.,2026-07-17T20:46:25.892636
leconstitutionnel,bpt6k688500w,,failed,0,0,,no_usable_pages,known,,,bpt6k688500w: no usable pages in manifest.,2026-07-17T20:46:26.067656
leconstitutionnel,bpt6k6885018,,failed,0,0,,no_usable_pages,known,,,bpt6k6885018: no usable pages in manifest.,2026-07-17T20:46:26.185185
leconstitutionnel,bpt6k688502n,,failed,0,0,,no_usable_pages,known,,,bpt6k688502n: no usable pages in manifest.,2026-07-17T20:46:26.355434
leconstitutionnel,bpt6k6885031,,failed,0,0,,no_usable_pages,known,,,bpt6k6885031: no usable pages in manifest.,2026-07-17T20:46:26.533696
leconstitutionnel,bpt6k688504d,,failed,0,0,,no_usable_pages,known,,,bpt6k688504d: no usable pages in manifest.,2026-07-17T20:46:26.804688
leconstitutionnel,bpt6k688505s,,failed,0,0,,no_usable_pages,known,,,bpt6k688505s: no usable pages in manifest.,2026-07-17T20:46:26.995853
leconstitutionnel,bpt6k6885065,,failed,0,0,,no_usable_pages,known,,,bpt6k6885065: no usable pages in manifest.,2026-07-17T20:46:27.174004
leconstitutionnel,bpt6k688507j,,failed,0,0,,no_usable_pages,known,,,bpt6k688507j: no usable pages in manifest.,2026-07-17T20:46:27.289000
leconstitutionnel,bpt6k688508x,,failed,0,0,,no_usable_pages,known,,,bpt6k688508x: no usable pages in manifest.,2026-07-17T20:46:27.507069
leconstitutionnel,bpt6k6885099,,failed,0,0,,no_usable_pages,known,,,bpt6k6885099: no usable pages in manifest.,2026-07-17T20:46:27.771368
leconstitutionnel,bpt6k6885107,,failed,0,0,,no_usable_pages,known,,,bpt6k6885107: no usable pages in manifest.,2026-07-17T20:46:27.924209
leconstitutionnel,bpt6k688511m,,failed,0,0,,no_usable_pages,known,,,bpt6k688511m: no usable pages in manifest.,2026-07-17T20:46:28.064346
leconstitutionnel,bpt6k6885120,,failed,0,0,,no_usable_pages,known,,,bpt6k6885120: no usable pages in manifest.,2026-07-17T20:46:28.221168
leconstitutionnel,bpt6k688513c,,failed,0,0,,no_usable_pages,known,,,bpt6k688513c: no usable pages in manifest.,2026-07-17T20:46:28.345185
leconstitutionnel,bpt6k688514r,,failed,0,0,,no_usable_pages,known,,,bpt6k688514r: no usable pages in manifest.,2026-07-17T20:46:28.447161
leconstitutionnel,bpt6k6885154,,failed,0,0,,no_usable_pages,known,,,bpt6k6885154: no usable pages in manifest.,2026-07-17T20:46:28.531173
leconstitutionnel,bpt6k688516h,,failed,0,0,,no_usable_pages,known,,,bpt6k688516h: no usable pages in manifest.,2026-07-17T20:46:28.661526
leconstitutionnel,bpt6k688517w,,failed,0,0,,no_usable_pages,known,,,bpt6k688517w: no usable pages in manifest.,2026-07-17T20:46:28.831013
leconstitutionnel,bpt6k6885188,,failed,0,0,,no_usable_pages,known,,,bpt6k6885188: no usable pages in manifest.,2026-07-17T20:46:28.970038
leconstitutionnel,bpt6k688519n,,failed,0,0,,no_usable_pages,known,,,bpt6k688519n: no usable pages in manifest.,2026-07-17T20:46:29.086856
leconstitutionnel,bpt6k688520k,,failed,0,0,,no_usable_pages,known,,,bpt6k688520k: no usable pages in manifest.,2026-07-17T20:46:29.233494
leconstitutionnel,bpt6k688521z,,failed,0,0,,no_usable_pages,known,,,bpt6k688521z: no usable pages in manifest.,2026-07-17T20:46:29.447176
leconstitutionnel,bpt6k688522b,,failed,0,0,,no_usable_pages,known,,,bpt6k688522b: no usable pages in manifest.,2026-07-17T20:46:29.592250
leconstitutionnel,bpt6k688523q,,failed,0,0,,no_usable_pages,known,,,bpt6k688523q: no usable pages in manifest.,2026-07-17T20:46:29.868334
leconstitutionnel,bpt6k6885243,,failed,0,0,,no_usable_pages,known,,,bpt6k6885243: no usable pages in manifest.,2026-07-17T20:46:30.166439
leconstitutionnel,bpt6k688525g,,failed,0,0,,no_usable_pages,known,,,bpt6k688525g: no usable pages in manifest.,2026-07-17T20:46:30.500321
leconstitutionnel,bpt6k688526v,,failed,0,0,,no_usable_pages,known,,,bpt6k688526v: no usable pages in manifest.,2026-07-17T20:46:30.679861
leconstitutionnel,bpt6k6885277,,failed,0,0,,no_usable_pages,known,,,bpt6k6885277: no usable pages in manifest.,2026-07-17T20:46:30.786145
leconstitutionnel,bpt6k688528m,,failed,0,0,,no_usable_pages,known,,,bpt6k688528m: no usable pages in manifest.,2026-07-17T20:46:30.933890
leconstitutionnel,bpt6k6885290,,failed,0,0,,no_usable_pages,known,,,bpt6k6885290: no usable pages in manifest.,2026-07-17T20:46:31.296371
leconstitutionnel,bpt6k688530x,,failed,0,0,,no_usable_pages,known,,,bpt6k688530x: no usable pages in manifest.,2026-07-17T20:46:31.563007
leconstitutionnel,bpt6k6885319,,failed,0,0,,no_usable_pages,known,,,bpt6k6885319: no usable pages in manifest.,2026-07-17T20:46:31.734074
leconstitutionnel,bpt6k688532p,,failed,0,0,,no_usable_pages,known,,,bpt6k688532p: no usable pages in manifest.,2026-07-17T20:46:31.891227
leconstitutionnel,bpt6k6885332,,failed,0,0,,no_usable_pages,known,,,bpt6k6885332: no usable pages in manifest.,2026-07-17T20:46:32.021931
leconstitutionnel,bpt6k688534f,,failed,0,0,,no_usable_pages,known,,,bpt6k688534f: no usable pages in manifest.,2026-07-17T20:46:32.280716
leconstitutionnel,bpt6k688535t,,failed,0,0,,no_usable_pages,known,,,bpt6k688535t: no usable pages in manifest.,2026-07-17T20:46:32.427827
leconstitutionnel,bpt6k6885366,,failed,0,0,,no_usable_pages,known,,,bpt6k6885366: no usable pages in manifest.,2026-07-17T20:46:32.610126
leconstitutionnel,bpt6k688537k,,failed,0,0,,no_usable_pages,known,,,bpt6k688537k: no usable pages in manifest.,2026-07-17T20:46:32.755119
leconstitutionnel,bpt6k688538z,,failed,0,0,,no_usable_pages,known,,,bpt6k688538z: no usable pages in manifest.,2026-07-17T20:46:32.910820
leconstitutionnel,bpt6k688539b,,failed,0,0,,no_usable_pages,known,,,bpt6k688539b: no usable pages in manifest.,2026-07-17T20:46:33.075856
leconstitutionnel,bpt6k6885408,,failed,0,0,,no_usable_pages,known,,,bpt6k6885408: no usable pages in manifest.,2026-07-17T20:46:33.270460
leconstitutionnel,bpt6k688541n,,failed,0,0,,no_usable_pages,known,,,bpt6k688541n: no usable pages in manifest.,2026-07-17T20:46:33.516028
leconstitutionnel,bpt6k6885421,,failed,0,0,,no_usable_pages,known,,,bpt6k6885421: no usable pages in manifest.,2026-07-17T20:46:33.673166
leconstitutionnel,bpt6k688543d,,failed,0,0,,no_usable_pages,known,,,bpt6k688543d: no usable pages in manifest.,2026-07-17T20:46:33.833866
leconstitutionnel,bpt6k688544s,,failed,0,0,,no_usable_pages,known,,,bpt6k688544s: no usable pages in manifest.,2026-07-17T20:46:34.019547
leconstitutionnel,bpt6k6885455,,failed,0,0,,no_usable_pages,known,,,bpt6k6885455: no usable pages in manifest.,2026-07-17T20:46:34.141757
leconstitutionnel,bpt6k688546j,,failed,0,0,,no_usable_pages,known,,,bpt6k688546j: no usable pages in manifest.,2026-07-17T20:46:34.381660
leconstitutionnel,bpt6k688547x,,failed,0,0,,no_usable_pages,known,,,bpt6k688547x: no usable pages in manifest.,2026-07-17T20:46:34.483309
leconstitutionnel,bpt6k6885489,,failed,0,0,,no_usable_pages,known,,,bpt6k6885489: no usable pages in manifest.,2026-07-17T20:46:34.602697
leconstitutionnel,bpt6k688549p,,failed,0,0,,no_usable_pages,known,,,bpt6k688549p: no usable pages in manifest.,2026-07-17T20:46:34.758849
leconstitutionnel,bpt6k688550m,,failed,0,0,,no_usable_pages,known,,,bpt6k688550m: no usable pages in manifest.,2026-07-17T20:46:34.906801
leconstitutionnel,bpt6k6885510,,failed,0,0,,no_usable_pages,known,,,bpt6k6885510: no usable pages in manifest.,2026-07-17T20:46:35.103020
leconstitutionnel,bpt6k688552c,,failed,0,0,,no_usable_pages,known,,,bpt6k688552c: no usable pages in manifest.,2026-07-17T20:46:35.553481
leconstitutionnel,bpt6k688553r,,failed,0,0,,no_usable_pages,known,,,bpt6k688553r: no usable pages in manifest.,2026-07-17T20:46:35.690021
leconstitutionnel,bpt6k6885544,,failed,0,0,,no_usable_pages,known,,,bpt6k6885544: no usable pages in manifest.,2026-07-17T20:46:35.828709
leconstitutionnel,bpt6k688555h,,failed,0,0,,no_usable_pages,known,,,bpt6k688555h: no usable pages in manifest.,2026-07-17T20:46:35.965614
leconstitutionnel,bpt6k688556w,,failed,0,0,,no_usable_pages,known,,,bpt6k688556w: no usable pages in manifest.,2026-07-17T20:46:36.093993
leconstitutionnel,bpt6k6885578,,failed,0,0,,no_usable_pages,known,,,bpt6k6885578: no usable pages in manifest.,2026-07-17T20:46:36.211885
leconstitutionnel,bpt6k688558n,,failed,0,0,,no_usable_pages,known,,,bpt6k688558n: no usable pages in manifest.,2026-07-17T20:46:36.358104
leconstitutionnel,bpt6k6885591,,failed,0,0,,no_usable_pages,known,,,bpt6k6885591: no usable pages in manifest.,2026-07-17T20:46:36.565038
leconstitutionnel,bpt6k688560z,,failed,0,0,,no_usable_pages,known,,,bpt6k688560z: no usable pages in manifest.,2026-07-17T20:46:36.717498
leconstitutionnel,bpt6k688561b,,failed,0,0,,no_usable_pages,known,,,bpt6k688561b: no usable pages in manifest.,2026-07-17T20:46:36.841613
leconstitutionnel,bpt6k688562q,,failed,0,0,,no_usable_pages,known,,,bpt6k688562q: no usable pages in manifest.,2026-07-17T20:46:36.959918
leconstitutionnel,bpt6k6885633,,failed,0,0,,no_usable_pages,known,,,bpt6k6885633: no usable pages in manifest.,2026-07-17T20:46:37.112841
leconstitutionnel,bpt6k688564g,,failed,0,0,,no_usable_pages,known,,,bpt6k688564g: no usable pages in manifest.,2026-07-17T20:46:37.244870
leconstitutionnel,bpt6k688565v,,failed,0,0,,no_usable_pages,known,,,bpt6k688565v: no usable pages in manifest.,2026-07-17T20:46:37.347719
leconstitutionnel,bpt6k6885667,,failed,0,0,,no_usable_pages,known,,,bpt6k6885667: no usable pages in manifest.,2026-07-17T20:46:37.489122
leconstitutionnel,bpt6k688567m,,failed,0,0,,no_usable_pages,known,,,bpt6k688567m: no usable pages in manifest.,2026-07-17T20:46:37.639370
leconstitutionnel,bpt6k6885680,,failed,0,0,,no_usable_pages,known,,,bpt6k6885680: no usable pages in manifest.,2026-07-17T20:46:37.773319
leconstitutionnel,bpt6k688569c,,failed,0,0,,no_usable_pages,known,,,bpt6k688569c: no usable pages in manifest.,2026-07-17T20:46:37.974533
leconstitutionnel,bpt6k6885709,,failed,0,0,,no_usable_pages,known,,,bpt6k6885709: no usable pages in manifest.,2026-07-17T20:46:38.092606
leconstitutionnel,bpt6k688571p,,failed,0,0,,no_usable_pages,known,,,bpt6k688571p: no usable pages in manifest.,2026-07-17T20:46:38.176923
leconstitutionnel,bpt6k6885722,,failed,0,0,,no_usable_pages,known,,,bpt6k6885722: no usable pages in manifest.,2026-07-17T20:46:38.309294
leconstitutionnel,bpt6k688573f,,failed,0,0,,no_usable_pages,known,,,bpt6k688573f: no usable pages in manifest.,2026-07-17T20:46:38.454052
leconstitutionnel,bpt6k688574t,,failed,0,0,,no_usable_pages,known,,,bpt6k688574t: no usable pages in manifest.,2026-07-17T20:46:38.593930
leconstitutionnel,bpt6k6885756,,failed,0,0,,no_usable_pages,known,,,bpt6k6885756: no usable pages in manifest.,2026-07-17T20:46:38.943961
leconstitutionnel,bpt6k688576k,,failed,0,0,,no_usable_pages,known,,,bpt6k688576k: no usable pages in manifest.,2026-07-17T20:46:39.123234
leconstitutionnel,bpt6k688577z,,failed,0,0,,no_usable_pages,known,,,bpt6k688577z: no usable pages in manifest.,2026-07-17T20:46:39.256251
leconstitutionnel,bpt6k688578b,,failed,0,0,,no_usable_pages,known,,,bpt6k688578b: no usable pages in manifest.,2026-07-17T20:46:39.423533
leconstitutionnel,bpt6k688579q,,failed,0,0,,no_usable_pages,known,,,bpt6k688579q: no usable pages in manifest.,2026-07-17T20:46:39.598582
leconstitutionnel,bpt6k688580n,,failed,0,0,,no_usable_pages,known,,,bpt6k688580n: no usable pages in manifest.,2026-07-17T20:46:39.793302
leconstitutionnel,bpt6k6885811,,failed,0,0,,no_usable_pages,known,,,bpt6k6885811: no usable pages in manifest.,2026-07-17T20:46:39.991677
leconstitutionnel,bpt6k688582d,,failed,0,0,,no_usable_pages,known,,,bpt6k688582d: no usable pages in manifest.,2026-07-17T20:46:40.280448
leconstitutionnel,bpt6k688583s,,failed,0,0,,no_usable_pages,known,,,bpt6k688583s: no usable pages in manifest.,2026-07-17T20:46:40.411158
leconstitutionnel,bpt6k6885845,,failed,0,0,,no_usable_pages,known,,,bpt6k6885845: no usable pages in manifest.,2026-07-17T20:46:40.526692
leconstitutionnel,bpt6k688585j,,failed,0,0,,no_usable_pages,known,,,bpt6k688585j: no usable pages in manifest.,2026-07-17T20:46:40.741948
leconstitutionnel,bpt6k688586x,,failed,0,0,,no_usable_pages,known,,,bpt6k688586x: no usable pages in manifest.,2026-07-17T20:46:41.073950
leconstitutionnel,bpt6k6885879,,failed,0,0,,no_usable_pages,known,,,bpt6k6885879: no usable pages in manifest.,2026-07-17T20:46:41.272809
leconstitutionnel,bpt6k688588p,,failed,0,0,,no_usable_pages,known,,,bpt6k688588p: no usable pages in manifest.,2026-07-17T20:46:41.408445
leconstitutionnel,bpt6k6885892,,failed,0,0,,no_usable_pages,known,,,bpt6k6885892: no usable pages in manifest.,2026-07-17T20:46:41.547457
leconstitutionnel,bpt6k6885900,,failed,0,0,,no_usable_pages,known,,,bpt6k6885900: no usable pages in manifest.,2026-07-17T20:46:41.641001
leconstitutionnel,bpt6k688591c,,failed,0,0,,no_usable_pages,known,,,bpt6k688591c: no usable pages in manifest.,2026-07-17T20:46:41.833734
leconstitutionnel,bpt6k688592r,,failed,0,0,,no_usable_pages,known,,,bpt6k688592r: no usable pages in manifest.,2026-07-17T20:46:42.012405
leconstitutionnel,bpt6k6885934,,failed,0,0,,no_usable_pages,known,,,bpt6k6885934: no usable pages in manifest.,2026-07-17T20:46:42.252151
leconstitutionnel,bpt6k688594h,,failed,0,0,,no_usable_pages,known,,,bpt6k688594h: no usable pages in manifest.,2026-07-17T20:46:42.352826
leconstitutionnel,bpt6k688595w,,failed,0,0,,no_usable_pages,known,,,bpt6k688595w: no usable pages in manifest.,2026-07-17T20:46:42.509570
leconstitutionnel,bpt6k6885968,,failed,0,0,,no_usable_pages,known,,,bpt6k6885968: no usable pages in manifest.,2026-07-17T20:46:42.789889
leconstitutionnel,bpt6k688597n,,failed,0,0,,no_usable_pages,known,,,bpt6k688597n: no usable pages in manifest.,2026-07-17T20:46:42.938732
leconstitutionnel,bpt6k6885981,,failed,0,0,,no_usable_pages,known,,,bpt6k6885981: no usable pages in manifest.,2026-07-17T20:46:43.091275
leconstitutionnel,bpt6k688599d,,failed,0,0,,no_usable_pages,known,,,bpt6k688599d: no usable pages in manifest.,2026-07-17T20:46:43.297738
leconstitutionnel,bpt6k6886006,,failed,0,0,,no_usable_pages,known,,,bpt6k6886006: no usable pages in manifest.,2026-07-17T20:46:43.404186
leconstitutionnel,bpt6k688601k,,failed,0,0,,no_usable_pages,known,,,bpt6k688601k: no usable pages in manifest.,2026-07-17T20:46:43.517378
leconstitutionnel,bpt6k688602z,,failed,0,0,,no_usable_pages,known,,,bpt6k688602z: no usable pages in manifest.,2026-07-17T20:46:43.663017
leconstitutionnel,bpt6k688603b,,failed,0,0,,no_usable_pages,known,,,bpt6k688603b: no usable pages in manifest.,2026-07-17T20:46:43.779728
leconstitutionnel,bpt6k688604q,,failed,0,0,,no_usable_pages,known,,,bpt6k688604q: no usable pages in manifest.,2026-07-17T20:46:43.918539
leconstitutionnel,bpt6k6886053,,failed,0,0,,no_usable_pages,known,,,bpt6k6886053: no usable pages in manifest.,2026-07-17T20:46:44.051880
leconstitutionnel,bpt6k688606g,,failed,0,0,,no_usable_pages,known,,,bpt6k688606g: no usable pages in manifest.,2026-07-17T20:46:44.323250
leconstitutionnel,bpt6k688607v,,failed,0,0,,no_usable_pages,known,,,bpt6k688607v: no usable pages in manifest.,2026-07-17T20:46:44.475687
leconstitutionnel,bpt6k6886087,,failed,0,0,,no_usable_pages,known,,,bpt6k6886087: no usable pages in manifest.,2026-07-17T20:46:44.730225
leconstitutionnel,bpt6k688609m,,failed,0,0,,no_usable_pages,known,,,bpt6k688609m: no usable pages in manifest.,2026-07-17T20:46:44.830309
leconstitutionnel,bpt6k688610j,,failed,0,0,,no_usable_pages,known,,,bpt6k688610j: no usable pages in manifest.,2026-07-17T20:46:44.928439
leconstitutionnel,bpt6k688611x,,failed,0,0,,no_usable_pages,known,,,bpt6k688611x: no usable pages in manifest.,2026-07-17T20:46:45.050333
leconstitutionnel,bpt6k6886129,,failed,0,0,,no_usable_pages,known,,,bpt6k6886129: no usable pages in manifest.,2026-07-17T20:46:45.174265
leconstitutionnel,bpt6k688613p,,failed,0,0,,no_usable_pages,known,,,bpt6k688613p: no usable pages in manifest.,2026-07-17T20:46:45.370617
leconstitutionnel,bpt6k6886142,,failed,0,0,,no_usable_pages,known,,,bpt6k6886142: no usable pages in manifest.,2026-07-17T20:46:45.487226
leconstitutionnel,bpt6k688615f,,failed,0,0,,no_usable_pages,known,,,bpt6k688615f: no usable pages in manifest.,2026-07-17T20:46:45.631288
leconstitutionnel,bpt6k688616t,,failed,0,0,,no_usable_pages,known,,,bpt6k688616t: no usable pages in manifest.,2026-07-17T20:46:45.742412
leconstitutionnel,bpt6k6886176,,failed,0,0,,no_usable_pages,known,,,bpt6k6886176: no usable pages in manifest.,2026-07-17T20:46:45.847257
leconstitutionnel,bpt6k688618k,,failed,0,0,,no_usable_pages,known,,,bpt6k688618k: no usable pages in manifest.,2026-07-17T20:46:45.961166
leconstitutionnel,bpt6k688619z,,failed,0,0,,no_usable_pages,known,,,bpt6k688619z: no usable pages in manifest.,2026-07-17T20:46:46.057527
leconstitutionnel,bpt6k688620w,,failed,0,0,,no_usable_pages,known,,,bpt6k688620w: no usable pages in manifest.,2026-07-17T20:46:46.177435
leconstitutionnel,bpt6k6886218,,failed,0,0,,no_usable_pages,known,,,bpt6k6886218: no usable pages in manifest.,2026-07-17T20:46:46.576589
leconstitutionnel,bpt6k688622n,,failed,0,0,,no_usable_pages,known,,,bpt6k688622n: no usable pages in manifest.,2026-07-17T20:46:46.679925
leconstitutionnel,bpt6k6886231,,failed,0,0,,no_usable_pages,known,,,bpt6k6886231: no usable pages in manifest.,2026-07-17T20:46:46.819110
leconstitutionnel,bpt6k688624d,,failed,0,0,,no_usable_pages,known,,,bpt6k688624d: no usable pages in manifest.,2026-07-17T20:46:46.955544
leconstitutionnel,bpt6k688625s,,failed,0,0,,no_usable_pages,known,,,bpt6k688625s: no usable pages in manifest.,2026-07-17T20:46:47.082874
leconstitutionnel,bpt6k6886265,,failed,0,0,,no_usable_pages,known,,,bpt6k6886265: no usable pages in manifest.,2026-07-17T20:46:47.197552
leconstitutionnel,bpt6k688627j,,failed,0,0,,no_usable_pages,known,,,bpt6k688627j: no usable pages in manifest.,2026-07-17T20:46:47.310283
leconstitutionnel,bpt6k688628x,,failed,0,0,,no_usable_pages,known,,,bpt6k688628x: no usable pages in manifest.,2026-07-17T20:46:47.489225
leconstitutionnel,bpt6k6886299,,failed,0,0,,no_usable_pages,known,,,bpt6k6886299: no usable pages in manifest.,2026-07-17T20:46:47.671684
leconstitutionnel,bpt6k688637w,,failed,0,0,,no_usable_pages,known,,,bpt6k688637w: no usable pages in manifest.,2026-07-17T20:46:47.810180
leconstitutionnel,bpt6k6886388,,failed,0,0,,no_usable_pages,known,,,bpt6k6886388: no usable pages in manifest.,2026-07-17T20:46:47.968102
leconstitutionnel,bpt6k688639n,,failed,0,0,,no_usable_pages,known,,,bpt6k688639n: no usable pages in manifest.,2026-07-17T20:46:48.220278
leconstitutionnel,bpt6k688640k,,failed,0,0,,no_usable_pages,known,,,bpt6k688640k: no usable pages in manifest.,2026-07-17T20:46:48.365254
leconstitutionnel,bpt6k688641z,,failed,0,0,,no_usable_pages,known,,,bpt6k688641z: no usable pages in manifest.,2026-07-17T20:46:48.525703
leconstitutionnel,bpt6k688642b,,failed,0,0,,no_usable_pages,known,,,bpt6k688642b: no usable pages in manifest.,2026-07-17T20:46:48.644991
leconstitutionnel,bpt6k688643q,,failed,0,0,,no_usable_pages,known,,,bpt6k688643q: no usable pages in manifest.,2026-07-17T20:46:48.810741
leconstitutionnel,bpt6k6886443,,failed,0,0,,no_usable_pages,known,,,bpt6k6886443: no usable pages in manifest.,2026-07-17T20:46:48.946478
leconstitutionnel,bpt6k688645g,,failed,0,0,,no_usable_pages,known,,,bpt6k688645g: no usable pages in manifest.,2026-07-17T20:46:49.078525
leconstitutionnel,bpt6k688646v,,failed,0,0,,no_usable_pages,known,,,bpt6k688646v: no usable pages in manifest.,2026-07-17T20:46:49.193447
leconstitutionnel,bpt6k6886477,,failed,0,0,,no_usable_pages,known,,,bpt6k6886477: no usable pages in manifest.,2026-07-17T20:46:49.318394
leconstitutionnel,bpt6k688648m,,failed,0,0,,no_usable_pages,known,,,bpt6k688648m: no usable pages in manifest.,2026-07-17T20:46:49.466836
leconstitutionnel,bpt6k6886490,,failed,0,0,,no_usable_pages,known,,,bpt6k6886490: no usable pages in manifest.,2026-07-17T20:46:49.702246
leconstitutionnel,bpt6k688650x,,failed,0,0,,no_usable_pages,known,,,bpt6k688650x: no usable pages in manifest.,2026-07-17T20:46:49.967627
leconstitutionnel,bpt6k6886519,,failed,0,0,,no_usable_pages,known,,,bpt6k6886519: no usable pages in manifest.,2026-07-17T20:46:50.083236
leconstitutionnel,bpt6k688652p,,failed,0,0,,no_usable_pages,known,,,bpt6k688652p: no usable pages in manifest.,2026-07-17T20:46:50.231539
leconstitutionnel,bpt6k6886532,,failed,0,0,,no_usable_pages,known,,,bpt6k6886532: no usable pages in manifest.,2026-07-17T20:46:50.448243
leconstitutionnel,bpt6k688654f,,failed,0,0,,no_usable_pages,known,,,bpt6k688654f: no usable pages in manifest.,2026-07-17T20:46:50.561670
leconstitutionnel,bpt6k688655t,,failed,0,0,,no_usable_pages,known,,,bpt6k688655t: no usable pages in manifest.,2026-07-17T20:46:50.784980
leconstitutionnel,bpt6k6886566,,failed,0,0,,no_usable_pages,known,,,bpt6k6886566: no usable pages in manifest.,2026-07-17T20:46:50.931342
leconstitutionnel,bpt6k688657k,,failed,0,0,,no_usable_pages,known,,,bpt6k688657k: no usable pages in manifest.,2026-07-17T20:46:51.070032
leconstitutionnel,bpt6k688658z,,failed,0,0,,no_usable_pages,known,,,bpt6k688658z: no usable pages in manifest.,2026-07-17T20:46:51.278142
leconstitutionnel,bpt6k688659b,,failed,0,0,,no_usable_pages,known,,,bpt6k688659b: no usable pages in manifest.,2026-07-17T20:46:51.526570
leconstitutionnel,bpt6k6886608,,failed,0,0,,no_usable_pages,known,,,bpt6k6886608: no usable pages in manifest.,2026-07-17T20:46:51.731389
leconstitutionnel,bpt6k688661n,,failed,0,0,,no_usable_pages,known,,,bpt6k688661n: no usable pages in manifest.,2026-07-17T20:46:51.964483
leconstitutionnel,bpt6k6886621,,failed,0,0,,no_usable_pages,known,,,bpt6k6886621: no usable pages in manifest.,2026-07-17T20:46:52.142215
leconstitutionnel,bpt6k688663d,,failed,0,0,,no_usable_pages,known,,,bpt6k688663d: no usable pages in manifest.,2026-07-17T20:46:52.279695
leconstitutionnel,bpt6k688664s,,failed,0,0,,no_usable_pages,known,,,bpt6k688664s: no usable pages in manifest.,2026-07-17T20:46:52.531635
leconstitutionnel,bpt6k6886655,,failed,0,0,,no_usable_pages,known,,,bpt6k6886655: no usable pages in manifest.,2026-07-17T20:46:52.687601
leconstitutionnel,bpt6k688666j,,failed,0,0,,no_usable_pages,known,,,bpt6k688666j: no usable pages in manifest.,2026-07-17T20:46:52.886210
leconstitutionnel,bpt6k688667x,,failed,0,0,,no_usable_pages,known,,,bpt6k688667x: no usable pages in manifest.,2026-07-17T20:46:53.106418
leconstitutionnel,bpt6k6886689,,failed,0,0,,no_usable_pages,known,,,bpt6k6886689: no usable pages in manifest.,2026-07-17T20:46:53.193617
leconstitutionnel,bpt6k688669p,,failed,0,0,,no_usable_pages,known,,,bpt6k688669p: no usable pages in manifest.,2026-07-17T20:46:53.320585
leconstitutionnel,bpt6k688670m,,failed,0,0,,no_usable_pages,known,,,bpt6k688670m: no usable pages in manifest.,2026-07-17T20:46:53.427045
leconstitutionnel,bpt6k6886710,,failed,0,0,,no_usable_pages,known,,,bpt6k6886710: no usable pages in manifest.,2026-07-17T20:46:53.520156
leconstitutionnel,bpt6k688672c,,failed,0,0,,no_usable_pages,known,,,bpt6k688672c: no usable pages in manifest.,2026-07-17T20:46:53.674581
leconstitutionnel,bpt6k688673r,,failed,0,0,,no_usable_pages,known,,,bpt6k688673r: no usable pages in manifest.,2026-07-17T20:46:53.848557
leconstitutionnel,bpt6k6886744,,failed,0,0,,no_usable_pages,known,,,bpt6k6886744: no usable pages in manifest.,2026-07-17T20:46:53.971360
leconstitutionnel,bpt6k688675h,,failed,0,0,,no_usable_pages,known,,,bpt6k688675h: no usable pages in manifest.,2026-07-17T20:46:54.169241
leconstitutionnel,bpt6k688676w,,failed,0,0,,no_usable_pages,known,,,bpt6k688676w: no usable pages in manifest.,2026-07-17T20:46:54.307381
leconstitutionnel,bpt6k6886778,,failed,0,0,,no_usable_pages,known,,,bpt6k6886778: no usable pages in manifest.,2026-07-17T20:46:54.412792
leconstitutionnel,bpt6k688678n,,failed,0,0,,no_usable_pages,known,,,bpt6k688678n: no usable pages in manifest.,2026-07-17T20:46:54.521464
leconstitutionnel,bpt6k6886791,,failed,0,0,,no_usable_pages,known,,,bpt6k6886791: no usable pages in manifest.,2026-07-17T20:46:54.709944
leconstitutionnel,bpt6k688680z,,failed,0,0,,no_usable_pages,known,,,bpt6k688680z: no usable pages in manifest.,2026-07-17T20:46:54.830589
leconstitutionnel,bpt6k688681b,,failed,0,0,,no_usable_pages,known,,,bpt6k688681b: no usable pages in manifest.,2026-07-17T20:46:55.040548
leconstitutionnel,bpt6k688682q,,failed,0,0,,no_usable_pages,known,,,bpt6k688682q: no usable pages in manifest.,2026-07-17T20:46:55.222418
leconstitutionnel,bpt6k6886833,,failed,0,0,,no_usable_pages,known,,,bpt6k6886833: no usable pages in manifest.,2026-07-17T20:46:55.365220
leconstitutionnel,bpt6k688684g,,failed,0,0,,no_usable_pages,known,,,bpt6k688684g: no usable pages in manifest.,2026-07-17T20:46:55.666983
leconstitutionnel,bpt6k688685v,,failed,0,0,,no_usable_pages,known,,,bpt6k688685v: no usable pages in manifest.,2026-07-17T20:46:55.814261
leconstitutionnel,bpt6k6886867,,failed,0,0,,no_usable_pages,known,,,bpt6k6886867: no usable pages in manifest.,2026-07-17T20:46:55.913044
leconstitutionnel,bpt6k688687m,,failed,0,0,,no_usable_pages,known,,,bpt6k688687m: no usable pages in manifest.,2026-07-17T20:46:56.068208
leconstitutionnel,bpt6k6886880,,failed,0,0,,no_usable_pages,known,,,bpt6k6886880: no usable pages in manifest.,2026-07-17T20:46:56.236537
leconstitutionnel,bpt6k688689c,,failed,0,0,,no_usable_pages,known,,,bpt6k688689c: no usable pages in manifest.,2026-07-17T20:46:56.350818
leconstitutionnel,bpt6k6886909,,failed,0,0,,no_usable_pages,known,,,bpt6k6886909: no usable pages in manifest.,2026-07-17T20:46:56.470871
leconstitutionnel,bpt6k688691p,,failed,0,0,,no_usable_pages,known,,,bpt6k688691p: no usable pages in manifest.,2026-07-17T20:46:56.608203
leconstitutionnel,bpt6k6886922,,failed,0,0,,no_usable_pages,known,,,bpt6k6886922: no usable pages in manifest.,2026-07-17T20:46:56.781404
leconstitutionnel,bpt6k688693f,,failed,0,0,,no_usable_pages,known,,,bpt6k688693f: no usable pages in manifest.,2026-07-17T20:46:56.912535
leconstitutionnel,bpt6k688694t,,failed,0,0,,no_usable_pages,known,,,bpt6k688694t: no usable pages in manifest.,2026-07-17T20:46:57.000376
leconstitutionnel,bpt6k6886956,,failed,0,0,,no_usable_pages,known,,,bpt6k6886956: no usable pages in manifest.,2026-07-17T20:46:57.096426
leconstitutionnel,bpt6k688696k,,failed,0,0,,no_usable_pages,known,,,bpt6k688696k: no usable pages in manifest.,2026-07-17T20:46:57.189088
leconstitutionnel,bpt6k688697z,,failed,0,0,,no_usable_pages,known,,,bpt6k688697z: no usable pages in manifest.,2026-07-17T20:46:57.421213
leconstitutionnel,bpt6k688698b,,failed,0,0,,no_usable_pages,known,,,bpt6k688698b: no usable pages in manifest.,2026-07-17T20:46:57.556592
leconstitutionnel,bpt6k688699q,,failed,0,0,,no_usable_pages,known,,,bpt6k688699q: no usable pages in manifest.,2026-07-17T20:46:57.662814
leconstitutionnel,bpt6k688700h,,failed,0,0,,no_usable_pages,known,,,bpt6k688700h: no usable pages in manifest.,2026-07-17T20:46:57.808661
leconstitutionnel,bpt6k688701w,,failed,0,0,,no_usable_pages,known,,,bpt6k688701w: no usable pages in manifest.,2026-07-17T20:46:57.943093
leconstitutionnel,bpt6k6887028,,failed,0,0,,no_usable_pages,known,,,bpt6k6887028: no usable pages in manifest.,2026-07-17T20:46:58.051045
leconstitutionnel,bpt6k688703n,,failed,0,0,,no_usable_pages,known,,,bpt6k688703n: no usable pages in manifest.,2026-07-17T20:46:58.189137
leconstitutionnel,bpt6k6887041,,failed,0,0,,no_usable_pages,known,,,bpt6k6887041: no usable pages in manifest.,2026-07-17T20:46:58.319984
leconstitutionnel,bpt6k688705d,,failed,0,0,,no_usable_pages,known,,,bpt6k688705d: no usable pages in manifest.,2026-07-17T20:46:58.481051
leconstitutionnel,bpt6k688706s,,failed,0,0,,no_usable_pages,known,,,bpt6k688706s: no usable pages in manifest.,2026-07-17T20:46:58.618307
leconstitutionnel,bpt6k6887075,,failed,0,0,,no_usable_pages,known,,,bpt6k6887075: no usable pages in manifest.,2026-07-17T20:46:58.730839
leconstitutionnel,bpt6k688708j,,failed,0,0,,no_usable_pages,known,,,bpt6k688708j: no usable pages in manifest.,2026-07-17T20:46:58.875811
leconstitutionnel,bpt6k688709x,,failed,0,0,,no_usable_pages,known,,,bpt6k688709x: no usable pages in manifest.,2026-07-17T20:46:59.120654
leconstitutionnel,bpt6k688710v,,failed,0,0,,no_usable_pages,known,,,bpt6k688710v: no usable pages in manifest.,2026-07-17T20:46:59.309447
leconstitutionnel,bpt6k6887117,,failed,0,0,,no_usable_pages,known,,,bpt6k6887117: no usable pages in manifest.,2026-07-17T20:46:59.452071
leconstitutionnel,bpt6k688712m,,failed,0,0,,no_usable_pages,known,,,bpt6k688712m: no usable pages in manifest.,2026-07-17T20:46:59.559300
leconstitutionnel,bpt6k6887130,,failed,0,0,,no_usable_pages,known,,,bpt6k6887130: no usable pages in manifest.,2026-07-17T20:46:59.708955
leconstitutionnel,bpt6k688714c,,failed,0,0,,no_usable_pages,known,,,bpt6k688714c: no usable pages in manifest.,2026-07-17T20:46:59.852676
leconstitutionnel,bpt6k688715r,,failed,0,0,,no_usable_pages,known,,,bpt6k688715r: no usable pages in manifest.,2026-07-17T20:47:00.030882
leconstitutionnel,bpt6k6887164,,failed,0,0,,no_usable_pages,known,,,bpt6k6887164: no usable pages in manifest.,2026-07-17T20:47:00.185054
leconstitutionnel,bpt6k688717h,,failed,0,0,,no_usable_pages,known,,,bpt6k688717h: no usable pages in manifest.,2026-07-17T20:47:00.299064
leconstitutionnel,bpt6k688718w,,failed,0,0,,no_usable_pages,known,,,bpt6k688718w: no usable pages in manifest.,2026-07-17T20:47:00.454079
leconstitutionnel,bpt6k6887198,,failed,0,0,,no_usable_pages,known,,,bpt6k6887198: no usable pages in manifest.,2026-07-17T20:47:00.610031
leconstitutionnel,bpt6k6887206,,failed,0,0,,no_usable_pages,known,,,bpt6k6887206: no usable pages in manifest.,2026-07-17T20:47:00.785384
leconstitutionnel,bpt6k688721k,,failed,0,0,,no_usable_pages,known,,,bpt6k688721k: no usable pages in manifest.,2026-07-17T20:47:00.945690
leconstitutionnel,bpt6k688722z,,failed,0,0,,no_usable_pages,known,,,bpt6k688722z: no usable pages in manifest.,2026-07-17T20:47:01.137189
leconstitutionnel,bpt6k688723b,,failed,0,0,,no_usable_pages,known,,,bpt6k688723b: no usable pages in manifest.,2026-07-17T20:47:01.231986
leconstitutionnel,bpt6k688724q,,failed,0,0,,no_usable_pages,known,,,bpt6k688724q: no usable pages in manifest.,2026-07-17T20:47:01.376367
leconstitutionnel,bpt6k6887253,,failed,0,0,,no_usable_pages,known,,,bpt6k6887253: no usable pages in manifest.,2026-07-17T20:47:01.508813
leconstitutionnel,bpt6k688726g,,failed,0,0,,no_usable_pages,known,,,bpt6k688726g: no usable pages in manifest.,2026-07-17T20:47:01.675196
leconstitutionnel,bpt6k688727v,,failed,0,0,,no_usable_pages,known,,,bpt6k688727v: no usable pages in manifest.,2026-07-17T20:47:01.824538
leconstitutionnel,bpt6k6887287,,failed,0,0,,no_usable_pages,known,,,bpt6k6887287: no usable pages in manifest.,2026-07-17T20:47:01.880968
leconstitutionnel,bpt6k688729m,,failed,0,0,,no_usable_pages,known,,,bpt6k688729m: no usable pages in manifest.,2026-07-17T20:47:02.005224
leconstitutionnel,bpt6k688730j,,failed,0,0,,no_usable_pages,known,,,bpt6k688730j: no usable pages in manifest.,2026-07-17T20:47:02.140740
leconstitutionnel,bpt6k688731x,,failed,0,0,,no_usable_pages,known,,,bpt6k688731x: no usable pages in manifest.,2026-07-17T20:47:02.441818
leconstitutionnel,bpt6k6887329,,failed,0,0,,no_usable_pages,known,,,bpt6k6887329: no usable pages in manifest.,2026-07-17T20:47:02.611036
leconstitutionnel,bpt6k688733p,,failed,0,0,,no_usable_pages,known,,,bpt6k688733p: no usable pages in manifest.,2026-07-17T20:47:02.830182
leconstitutionnel,bpt6k6887342,,failed,0,0,,no_usable_pages,known,,,bpt6k6887342: no usable pages in manifest.,2026-07-17T20:47:02.929513
leconstitutionnel,bpt6k688735f,,failed,0,0,,no_usable_pages,known,,,bpt6k688735f: no usable pages in manifest.,2026-07-17T20:47:03.119120
leconstitutionnel,bpt6k688736t,,failed,0,0,,no_usable_pages,known,,,bpt6k688736t: no usable pages in manifest.,2026-07-17T20:47:03.277384
leconstitutionnel,bpt6k6887376,,failed,0,0,,no_usable_pages,known,,,bpt6k6887376: no usable pages in manifest.,2026-07-17T20:47:03.424816
leconstitutionnel,bpt6k688738k,,failed,0,0,,no_usable_pages,known,,,bpt6k688738k: no usable pages in manifest.,2026-07-17T20:47:03.603286
leconstitutionnel,bpt6k688739z,,failed,0,0,,no_usable_pages,known,,,bpt6k688739z: no usable pages in manifest.,2026-07-17T20:47:03.857026
leconstitutionnel,bpt6k688740w,,failed,0,0,,no_usable_pages,known,,,bpt6k688740w: no usable pages in manifest.,2026-07-17T20:47:03.969080
leconstitutionnel,bpt6k6887418,,failed,0,0,,no_usable_pages,known,,,bpt6k6887418: no usable pages in manifest.,2026-07-17T20:47:04.172337
leconstitutionnel,bpt6k688742n,,failed,0,0,,no_usable_pages,known,,,bpt6k688742n: no usable pages in manifest.,2026-07-17T20:47:04.321529
leconstitutionnel,bpt6k6887431,,failed,0,0,,no_usable_pages,known,,,bpt6k6887431: no usable pages in manifest.,2026-07-17T20:47:04.454988
leconstitutionnel,bpt6k688744d,,failed,0,0,,no_usable_pages,known,,,bpt6k688744d: no usable pages in manifest.,2026-07-17T20:47:04.654368
leconstitutionnel,bpt6k688745s,,failed,0,0,,no_usable_pages,known,,,bpt6k688745s: no usable pages in manifest.,2026-07-17T20:47:04.798446
leconstitutionnel,bpt6k6887465,,failed,0,0,,no_usable_pages,known,,,bpt6k6887465: no usable pages in manifest.,2026-07-17T20:47:04.987711
leconstitutionnel,bpt6k688747j,,failed,0,0,,no_usable_pages,known,,,bpt6k688747j: no usable pages in manifest.,2026-07-17T20:47:05.115975
leconstitutionnel,bpt6k688748x,,failed,0,0,,no_usable_pages,known,,,bpt6k688748x: no usable pages in manifest.,2026-07-17T20:47:05.233759
leconstitutionnel,bpt6k6887499,,failed,0,0,,no_usable_pages,known,,,bpt6k6887499: no usable pages in manifest.,2026-07-17T20:47:05.364483
leconstitutionnel,bpt6k6887507,,failed,0,0,,no_usable_pages,known,,,bpt6k6887507: no usable pages in manifest.,2026-07-17T20:47:05.512455
leconstitutionnel,bpt6k688751m,,failed,0,0,,no_usable_pages,known,,,bpt6k688751m: no usable pages in manifest.,2026-07-17T20:47:05.625831
leconstitutionnel,bpt6k6887520,,failed,0,0,,no_usable_pages,known,,,bpt6k6887520: no usable pages in manifest.,2026-07-17T20:47:05.740414
leconstitutionnel,bpt6k688753c,,failed,0,0,,no_usable_pages,known,,,bpt6k688753c: no usable pages in manifest.,2026-07-17T20:47:05.927867
leconstitutionnel,bpt6k688754r,,failed,0,0,,no_usable_pages,known,,,bpt6k688754r: no usable pages in manifest.,2026-07-17T20:47:06.112652
leconstitutionnel,bpt6k6887554,,failed,0,0,,no_usable_pages,known,,,bpt6k6887554: no usable pages in manifest.,2026-07-17T20:47:06.375741
leconstitutionnel,bpt6k688756h,,failed,0,0,,no_usable_pages,known,,,bpt6k688756h: no usable pages in manifest.,2026-07-17T20:47:06.467413
leconstitutionnel,bpt6k688786j,,failed,0,0,,no_usable_pages,known,,,bpt6k688786j: no usable pages in manifest.,2026-07-17T20:47:06.603190
leconstitutionnel,bpt6k688787x,,failed,0,0,,no_usable_pages,known,,,bpt6k688787x: no usable pages in manifest.,2026-07-17T20:47:06.733257
leconstitutionnel,bpt6k6887889,,failed,0,0,,no_usable_pages,known,,,bpt6k6887889: no usable pages in manifest.,2026-07-17T20:47:06.842129
leconstitutionnel,bpt6k688789p,,failed,0,0,,no_usable_pages,known,,,bpt6k688789p: no usable pages in manifest.,2026-07-17T20:47:07.015252
leconstitutionnel,bpt6k688790m,,failed,0,0,,no_usable_pages,known,,,bpt6k688790m: no usable pages in manifest.,2026-07-17T20:47:07.163261
leconstitutionnel,bpt6k6887910,,failed,0,0,,no_usable_pages,known,,,bpt6k6887910: no usable pages in manifest.,2026-07-17T20:47:07.284284
leconstitutionnel,bpt6k688792c,,failed,0,0,,no_usable_pages,known,,,bpt6k688792c: no usable pages in manifest.,2026-07-17T20:47:07.383657
leconstitutionnel,bpt6k688793r,,failed,0,0,,no_usable_pages,known,,,bpt6k688793r: no usable pages in manifest.,2026-07-17T20:47:07.529216
leconstitutionnel,bpt6k6887944,,failed,0,0,,no_usable_pages,known,,,bpt6k6887944: no usable pages in manifest.,2026-07-17T20:47:07.670373
leconstitutionnel,bpt6k688795h,,failed,0,0,,no_usable_pages,known,,,bpt6k688795h: no usable pages in manifest.,2026-07-17T20:47:07.795650
leconstitutionnel,bpt6k688796w,,failed,0,0,,no_usable_pages,known,,,bpt6k688796w: no usable pages in manifest.,2026-07-17T20:47:08.082964
leconstitutionnel,bpt6k6887978,,failed,0,0,,no_usable_pages,known,,,bpt6k6887978: no usable pages in manifest.,2026-07-17T20:47:08.265150
leconstitutionnel,bpt6k688798n,,failed,0,0,,no_usable_pages,known,,,bpt6k688798n: no usable pages in manifest.,2026-07-17T20:47:08.404028
leconstitutionnel,bpt6k6887991,,failed,0,0,,no_usable_pages,known,,,bpt6k6887991: no usable pages in manifest.,2026-07-17T20:47:08.532930
leconstitutionnel,bpt6k688800t,,failed,0,0,,no_usable_pages,known,,,bpt6k688800t: no usable pages in manifest.,2026-07-17T20:47:08.691608
leconstitutionnel,bpt6k6888016,,failed,0,0,,no_usable_pages,known,,,bpt6k6888016: no usable pages in manifest.,2026-07-17T20:47:08.826356
leconstitutionnel,bpt6k688802k,,failed,0,0,,no_usable_pages,known,,,bpt6k688802k: no usable pages in manifest.,2026-07-17T20:47:08.961853
leconstitutionnel,bpt6k688803z,,failed,0,0,,no_usable_pages,known,,,bpt6k688803z: no usable pages in manifest.,2026-07-17T20:47:09.136448
leconstitutionnel,bpt6k688804b,,failed,0,0,,no_usable_pages,known,,,bpt6k688804b: no usable pages in manifest.,2026-07-17T20:47:09.254387
leconstitutionnel,bpt6k688805q,,failed,0,0,,no_usable_pages,known,,,bpt6k688805q: no usable pages in manifest.,2026-07-17T20:47:09.391826
leconstitutionnel,bpt6k6888063,,failed,0,0,,no_usable_pages,known,,,bpt6k6888063: no usable pages in manifest.,2026-07-17T20:47:09.534729
leconstitutionnel,bpt6k688807g,,failed,0,0,,no_usable_pages,known,,,bpt6k688807g: no usable pages in manifest.,2026-07-17T20:47:09.654481
leconstitutionnel,bpt6k688808v,,failed,0,0,,no_usable_pages,known,,,bpt6k688808v: no usable pages in manifest.,2026-07-17T20:47:09.881082
leconstitutionnel,bpt6k6888097,,failed,0,0,,no_usable_pages,known,,,bpt6k6888097: no usable pages in manifest.,2026-07-17T20:47:10.360893
leconstitutionnel,bpt6k6888105,,failed,0,0,,no_usable_pages,known,,,bpt6k6888105: no usable pages in manifest.,2026-07-17T20:47:10.548903
leconstitutionnel,bpt6k688811j,,failed,0,0,,no_usable_pages,known,,,bpt6k688811j: no usable pages in manifest.,2026-07-17T20:47:10.698085
leconstitutionnel,bpt6k688812x,,failed,0,0,,no_usable_pages,known,,,bpt6k688812x: no usable pages in manifest.,2026-07-17T20:47:10.825282
leconstitutionnel,bpt6k6888139,,failed,0,0,,no_usable_pages,known,,,bpt6k6888139: no usable pages in manifest.,2026-07-17T20:47:10.941532
leconstitutionnel,bpt6k688814p,,failed,0,0,,no_usable_pages,known,,,bpt6k688814p: no usable pages in manifest.,2026-07-17T20:47:11.121652
leconstitutionnel,bpt6k6888152,,failed,0,0,,no_usable_pages,known,,,bpt6k6888152: no usable pages in manifest.,2026-07-17T20:47:11.313913
leconstitutionnel,bpt6k688816f,,failed,0,0,,no_usable_pages,known,,,bpt6k688816f: no usable pages in manifest.,2026-07-17T20:47:11.539003
leconstitutionnel,bpt6k688817t,,failed,0,0,,no_usable_pages,known,,,bpt6k688817t: no usable pages in manifest.,2026-07-17T20:47:11.697364
leconstitutionnel,bpt6k6888186,,failed,0,0,,no_usable_pages,known,,,bpt6k6888186: no usable pages in manifest.,2026-07-17T20:47:11.900618
leconstitutionnel,bpt6k688819k,,failed,0,0,,no_usable_pages,known,,,bpt6k688819k: no usable pages in manifest.,2026-07-17T20:47:12.193445
leconstitutionnel,bpt6k688820h,,failed,0,0,,no_usable_pages,known,,,bpt6k688820h: no usable pages in manifest.,2026-07-17T20:47:12.351996
leconstitutionnel,bpt6k688821w,,failed,0,0,,no_usable_pages,known,,,bpt6k688821w: no usable pages in manifest.,2026-07-17T20:47:12.528448
leconstitutionnel,bpt6k6888228,,failed,0,0,,no_usable_pages,known,,,bpt6k6888228: no usable pages in manifest.,2026-07-17T20:47:12.639771
leconstitutionnel,bpt6k688823n,,failed,0,0,,no_usable_pages,known,,,bpt6k688823n: no usable pages in manifest.,2026-07-17T20:47:12.802545
leconstitutionnel,bpt6k6888241,,failed,0,0,,no_usable_pages,known,,,bpt6k6888241: no usable pages in manifest.,2026-07-17T20:47:12.908043
leconstitutionnel,bpt6k688825d,,failed,0,0,,no_usable_pages,known,,,bpt6k688825d: no usable pages in manifest.,2026-07-17T20:47:13.046986
leconstitutionnel,bpt6k688826s,,failed,0,0,,no_usable_pages,known,,,bpt6k688826s: no usable pages in manifest.,2026-07-17T20:47:13.186011
leconstitutionnel,bpt6k6888275,,failed,0,0,,no_usable_pages,known,,,bpt6k6888275: no usable pages in manifest.,2026-07-17T20:47:13.312504
leconstitutionnel,bpt6k688828j,,failed,0,0,,no_usable_pages,known,,,bpt6k688828j: no usable pages in manifest.,2026-07-17T20:47:13.485378
leconstitutionnel,bpt6k688829x,,failed,0,0,,no_usable_pages,known,,,bpt6k688829x: no usable pages in manifest.,2026-07-17T20:47:13.787106
leconstitutionnel,bpt6k688830v,,failed,0,0,,no_usable_pages,known,,,bpt6k688830v: no usable pages in manifest.,2026-07-17T20:47:13.941509
leconstitutionnel,bpt6k6888317,,failed,0,0,,no_usable_pages,known,,,bpt6k6888317: no usable pages in manifest.,2026-07-17T20:47:14.100666
leconstitutionnel,bpt6k688832m,,failed,0,0,,no_usable_pages,known,,,bpt6k688832m: no usable pages in manifest.,2026-07-17T20:47:14.294567
leconstitutionnel,bpt6k6888330,,failed,0,0,,no_usable_pages,known,,,bpt6k6888330: no usable pages in manifest.,2026-07-17T20:47:14.470267
leconstitutionnel,bpt6k688834c,,failed,0,0,,no_usable_pages,known,,,bpt6k688834c: no usable pages in manifest.,2026-07-17T20:47:14.709256
leconstitutionnel,bpt6k688835r,,failed,0,0,,no_usable_pages,known,,,bpt6k688835r: no usable pages in manifest.,2026-07-17T20:47:14.882142
leconstitutionnel,bpt6k6888364,,failed,0,0,,no_usable_pages,known,,,bpt6k6888364: no usable pages in manifest.,2026-07-17T20:47:15.036718
leconstitutionnel,bpt6k688837h,,failed,0,0,,no_usable_pages,known,,,bpt6k688837h: no usable pages in manifest.,2026-07-17T20:47:15.137471
leconstitutionnel,bpt6k688838w,,failed,0,0,,no_usable_pages,known,,,bpt6k688838w: no usable pages in manifest.,2026-07-17T20:47:15.262092
leconstitutionnel,bpt6k6888398,,failed,0,0,,no_usable_pages,known,,,bpt6k6888398: no usable pages in manifest.,2026-07-17T20:47:15.380445
leconstitutionnel,bpt6k6888406,,failed,0,0,,no_usable_pages,known,,,bpt6k6888406: no usable pages in manifest.,2026-07-17T20:47:15.516600
leconstitutionnel,bpt6k688841k,,failed,0,0,,no_usable_pages,known,,,bpt6k688841k: no usable pages in manifest.,2026-07-17T20:47:15.675259
leconstitutionnel,bpt6k688842z,,failed,0,0,,no_usable_pages,known,,,bpt6k688842z: no usable pages in manifest.,2026-07-17T20:47:15.824418
leconstitutionnel,bpt6k688843b,,failed,0,0,,no_usable_pages,known,,,bpt6k688843b: no usable pages in manifest.,2026-07-17T20:47:15.986159
leconstitutionnel,bpt6k688844q,,failed,0,0,,no_usable_pages,known,,,bpt6k688844q: no usable pages in manifest.,2026-07-17T20:47:16.081440
leconstitutionnel,bpt6k6888453,,failed,0,0,,no_usable_pages,known,,,bpt6k6888453: no usable pages in manifest.,2026-07-17T20:47:16.187286
leconstitutionnel,bpt6k688846g,,failed,0,0,,no_usable_pages,known,,,bpt6k688846g: no usable pages in manifest.,2026-07-17T20:47:16.295707
leconstitutionnel,bpt6k688847v,,failed,0,0,,no_usable_pages,known,,,bpt6k688847v: no usable pages in manifest.,2026-07-17T20:47:16.406459
leconstitutionnel,bpt6k6888487,,failed,0,0,,no_usable_pages,known,,,bpt6k6888487: no usable pages in manifest.,2026-07-17T20:47:16.535103
leconstitutionnel,bpt6k688849m,,failed,0,0,,no_usable_pages,known,,,bpt6k688849m: no usable pages in manifest.,2026-07-17T20:47:16.648917
leconstitutionnel,bpt6k688850j,,failed,0,0,,no_usable_pages,known,,,bpt6k688850j: no usable pages in manifest.,2026-07-17T20:47:16.757427
leconstitutionnel,bpt6k688851x,,failed,0,0,,no_usable_pages,known,,,bpt6k688851x: no usable pages in manifest.,2026-07-17T20:47:17.047986
leconstitutionnel,bpt6k6888529,,failed,0,0,,no_usable_pages,known,,,bpt6k6888529: no usable pages in manifest.,2026-07-17T20:47:17.275368
leconstitutionnel,bpt6k688853p,,failed,0,0,,no_usable_pages,known,,,bpt6k688853p: no usable pages in manifest.,2026-07-17T20:47:17.427681
leconstitutionnel,bpt6k6888542,,failed,0,0,,no_usable_pages,known,,,bpt6k6888542: no usable pages in manifest.,2026-07-17T20:47:17.847641
leconstitutionnel,bpt6k688855f,,failed,0,0,,no_usable_pages,known,,,bpt6k688855f: no usable pages in manifest.,2026-07-17T20:47:17.974885
leconstitutionnel,bpt6k688856t,,failed,0,0,,no_usable_pages,known,,,bpt6k688856t: no usable pages in manifest.,2026-07-17T20:47:18.140309
leconstitutionnel,bpt6k6888576,,failed,0,0,,no_usable_pages,known,,,bpt6k6888576: no usable pages in manifest.,2026-07-17T20:47:18.260987
leconstitutionnel,bpt6k688858k,,failed,0,0,,no_usable_pages,known,,,bpt6k688858k: no usable pages in manifest.,2026-07-17T20:47:18.375779
leconstitutionnel,bpt6k688859z,,failed,0,0,,no_usable_pages,known,,,bpt6k688859z: no usable pages in manifest.,2026-07-17T20:47:18.542969
leconstitutionnel,bpt6k688860w,,failed,0,0,,no_usable_pages,known,,,bpt6k688860w: no usable pages in manifest.,2026-07-17T20:47:18.709547
leconstitutionnel,bpt6k6888618,,failed,0,0,,no_usable_pages,known,,,bpt6k6888618: no usable pages in manifest.,2026-07-17T20:47:18.840716
leconstitutionnel,bpt6k688862n,,failed,0,0,,no_usable_pages,known,,,bpt6k688862n: no usable pages in manifest.,2026-07-17T20:47:18.993774
leconstitutionnel,bpt6k6888631,,failed,0,0,,no_usable_pages,known,,,bpt6k6888631: no usable pages in manifest.,2026-07-17T20:47:19.116635
leconstitutionnel,bpt6k688864d,,failed,0,0,,no_usable_pages,known,,,bpt6k688864d: no usable pages in manifest.,2026-07-17T20:47:19.236423
leconstitutionnel,bpt6k688865s,,failed,0,0,,no_usable_pages,known,,,bpt6k688865s: no usable pages in manifest.,2026-07-17T20:47:19.343643
leconstitutionnel,bpt6k6888665,,failed,0,0,,no_usable_pages,known,,,bpt6k6888665: no usable pages in manifest.,2026-07-17T20:47:19.480717
leconstitutionnel,bpt6k688867j,,failed,0,0,,no_usable_pages,known,,,bpt6k688867j: no usable pages in manifest.,2026-07-17T20:47:19.742678
leconstitutionnel,bpt6k688868x,,failed,0,0,,no_usable_pages,known,,,bpt6k688868x: no usable pages in manifest.,2026-07-17T20:47:19.858871
leconstitutionnel,bpt6k6888699,,failed,0,0,,no_usable_pages,known,,,bpt6k6888699: no usable pages in manifest.,2026-07-17T20:47:20.007247
leconstitutionnel,bpt6k6888707,,failed,0,0,,no_usable_pages,known,,,bpt6k6888707: no usable pages in manifest.,2026-07-17T20:47:20.346978
leconstitutionnel,bpt6k688871m,,failed,0,0,,no_usable_pages,known,,,bpt6k688871m: no usable pages in manifest.,2026-07-17T20:47:20.494225
leconstitutionnel,bpt6k6888720,,failed,0,0,,no_usable_pages,known,,,bpt6k6888720: no usable pages in manifest.,2026-07-17T20:47:20.630624
leconstitutionnel,bpt6k688873c,,failed,0,0,,no_usable_pages,known,,,bpt6k688873c: no usable pages in manifest.,2026-07-17T20:47:20.848835
leconstitutionnel,bpt6k688874r,,failed,0,0,,no_usable_pages,known,,,bpt6k688874r: no usable pages in manifest.,2026-07-17T20:47:21.051801
leconstitutionnel,bpt6k6888754,,failed,0,0,,no_usable_pages,known,,,bpt6k6888754: no usable pages in manifest.,2026-07-17T20:47:21.258739
leconstitutionnel,bpt6k688876h,,failed,0,0,,no_usable_pages,known,,,bpt6k688876h: no usable pages in manifest.,2026-07-17T20:47:21.421552
leconstitutionnel,bpt6k688877w,,failed,0,0,,no_usable_pages,known,,,bpt6k688877w: no usable pages in manifest.,2026-07-17T20:47:21.683807
leconstitutionnel,bpt6k6888788,,failed,0,0,,no_usable_pages,known,,,bpt6k6888788: no usable pages in manifest.,2026-07-17T20:47:21.853239
leconstitutionnel,bpt6k688879n,,failed,0,0,,no_usable_pages,known,,,bpt6k688879n: no usable pages in manifest.,2026-07-17T20:47:22.021833
leconstitutionnel,bpt6k688880k,,failed,0,0,,no_usable_pages,known,,,bpt6k688880k: no usable pages in manifest.,2026-07-17T20:47:22.208567
leconstitutionnel,bpt6k688881z,,failed,0,0,,no_usable_pages,known,,,bpt6k688881z: no usable pages in manifest.,2026-07-17T20:47:22.445439
leconstitutionnel,bpt6k688882b,,failed,0,0,,no_usable_pages,known,,,bpt6k688882b: no usable pages in manifest.,2026-07-17T20:47:22.554465
leconstitutionnel,bpt6k688883q,,failed,0,0,,no_usable_pages,known,,,bpt6k688883q: no usable pages in manifest.,2026-07-17T20:47:22.706450
leconstitutionnel,bpt6k6888843,,failed,0,0,,no_usable_pages,known,,,bpt6k6888843: no usable pages in manifest.,2026-07-17T20:47:22.856986
leconstitutionnel,bpt6k688885g,,failed,0,0,,no_usable_pages,known,,,bpt6k688885g: no usable pages in manifest.,2026-07-17T20:47:22.945719
leconstitutionnel,bpt6k688886v,,failed,0,0,,no_usable_pages,known,,,bpt6k688886v: no usable pages in manifest.,2026-07-17T20:47:23.099579
leconstitutionnel,bpt6k6888877,,failed,0,0,,no_usable_pages,known,,,bpt6k6888877: no usable pages in manifest.,2026-07-17T20:47:23.223248
leconstitutionnel,bpt6k688888m,,failed,0,0,,no_usable_pages,known,,,bpt6k688888m: no usable pages in manifest.,2026-07-17T20:47:23.326002
leconstitutionnel,bpt6k6888890,,failed,0,0,,no_usable_pages,known,,,bpt6k6888890: no usable pages in manifest.,2026-07-17T20:47:23.496056
leconstitutionnel,bpt6k688890x,,failed,0,0,,no_usable_pages,known,,,bpt6k688890x: no usable pages in manifest.,2026-07-17T20:47:23.705042
leconstitutionnel,bpt6k6888919,,failed,0,0,,no_usable_pages,known,,,bpt6k6888919: no usable pages in manifest.,2026-07-17T20:47:23.841406
leconstitutionnel,bpt6k688892p,,failed,0,0,,no_usable_pages,known,,,bpt6k688892p: no usable pages in manifest.,2026-07-17T20:47:23.999877
leconstitutionnel,bpt6k6888932,,failed,0,0,,no_usable_pages,known,,,bpt6k6888932: no usable pages in manifest.,2026-07-17T20:47:24.132819
leconstitutionnel,bpt6k688894f,,failed,0,0,,no_usable_pages,known,,,bpt6k688894f: no usable pages in manifest.,2026-07-17T20:47:24.274422
leconstitutionnel,bpt6k688895t,,failed,0,0,,no_usable_pages,known,,,bpt6k688895t: no usable pages in manifest.,2026-07-17T20:47:24.413441
leconstitutionnel,bpt6k6888966,,failed,0,0,,no_usable_pages,known,,,bpt6k6888966: no usable pages in manifest.,2026-07-17T20:47:24.657325
leconstitutionnel,bpt6k688897k,,failed,0,0,,no_usable_pages,known,,,bpt6k688897k: no usable pages in manifest.,2026-07-17T20:47:24.753960
leconstitutionnel,bpt6k688898z,,failed,0,0,,no_usable_pages,known,,,bpt6k688898z: no usable pages in manifest.,2026-07-17T20:47:24.906724
leconstitutionnel,bpt6k688899b,,failed,0,0,,no_usable_pages,known,,,bpt6k688899b: no usable pages in manifest.,2026-07-17T20:47:25.078925
leconstitutionnel,bpt6k6889004,,failed,0,0,,no_usable_pages,known,,,bpt6k6889004: no usable pages in manifest.,2026-07-17T20:47:25.234520
leconstitutionnel,bpt6k688901h,,failed,0,0,,no_usable_pages,known,,,bpt6k688901h: no usable pages in manifest.,2026-07-17T20:47:25.426046
leconstitutionnel,bpt6k688902w,,failed,0,0,,no_usable_pages,known,,,bpt6k688902w: no usable pages in manifest.,2026-07-17T20:47:25.734688
leconstitutionnel,bpt6k6889038,,failed,0,0,,no_usable_pages,known,,,bpt6k6889038: no usable pages in manifest.,2026-07-17T20:47:25.887234
leconstitutionnel,bpt6k688904n,,failed,0,0,,no_usable_pages,known,,,bpt6k688904n: no usable pages in manifest.,2026-07-17T20:47:26.038060
leconstitutionnel,bpt6k6889051,,failed,0,0,,no_usable_pages,known,,,bpt6k6889051: no usable pages in manifest.,2026-07-17T20:47:26.194065
leconstitutionnel,bpt6k688906d,,failed,0,0,,no_usable_pages,known,,,bpt6k688906d: no usable pages in manifest.,2026-07-17T20:47:26.369248
leconstitutionnel,bpt6k688907s,,failed,0,0,,no_usable_pages,known,,,bpt6k688907s: no usable pages in manifest.,2026-07-17T20:47:26.598160
leconstitutionnel,bpt6k6889085,,failed,0,0,,no_usable_pages,known,,,bpt6k6889085: no usable pages in manifest.,2026-07-17T20:47:26.818569
leconstitutionnel,bpt6k688909j,,failed,0,0,,no_usable_pages,known,,,bpt6k688909j: no usable pages in manifest.,2026-07-17T20:47:26.981547
leconstitutionnel,bpt6k688910g,,failed,0,0,,no_usable_pages,known,,,bpt6k688910g: no usable pages in manifest.,2026-07-17T20:47:27.142304
leconstitutionnel,bpt6k688911v,,failed,0,0,,no_usable_pages,known,,,bpt6k688911v: no usable pages in manifest.,2026-07-17T20:47:27.304699
leconstitutionnel,bpt6k6889127,,failed,0,0,,no_usable_pages,known,,,bpt6k6889127: no usable pages in manifest.,2026-07-17T20:47:27.532390
leconstitutionnel,bpt6k688913m,,failed,0,0,,no_usable_pages,known,,,bpt6k688913m: no usable pages in manifest.,2026-07-17T20:47:27.728120
leconstitutionnel,bpt6k6889140,,failed,0,0,,no_usable_pages,known,,,bpt6k6889140: no usable pages in manifest.,2026-07-17T20:47:27.901811
leconstitutionnel,bpt6k688915c,,failed,0,0,,no_usable_pages,known,,,bpt6k688915c: no usable pages in manifest.,2026-07-17T20:47:28.088998
leconstitutionnel,bpt6k688916r,,failed,0,0,,no_usable_pages,known,,,bpt6k688916r: no usable pages in manifest.,2026-07-17T20:47:28.187920
leconstitutionnel,bpt6k6889174,,failed,0,0,,no_usable_pages,known,,,bpt6k6889174: no usable pages in manifest.,2026-07-17T20:47:28.366589
leconstitutionnel,bpt6k688918h,,failed,0,0,,no_usable_pages,known,,,bpt6k688918h: no usable pages in manifest.,2026-07-17T20:47:28.538763
leconstitutionnel,bpt6k688919w,,failed,0,0,,no_usable_pages,known,,,bpt6k688919w: no usable pages in manifest.,2026-07-17T20:47:28.674511
leconstitutionnel,bpt6k688920t,,failed,0,0,,no_usable_pages,known,,,bpt6k688920t: no usable pages in manifest.,2026-07-17T20:47:28.800072
leconstitutionnel,bpt6k6889216,,failed,0,0,,no_usable_pages,known,,,bpt6k6889216: no usable pages in manifest.,2026-07-17T20:47:29.005578
leconstitutionnel,bpt6k688922k,,failed,0,0,,no_usable_pages,known,,,bpt6k688922k: no usable pages in manifest.,2026-07-17T20:47:29.122945
leconstitutionnel,bpt6k688923z,,failed,0,0,,no_usable_pages,known,,,bpt6k688923z: no usable pages in manifest.,2026-07-17T20:47:29.278593
leconstitutionnel,bpt6k688924b,,failed,0,0,,no_usable_pages,known,,,bpt6k688924b: no usable pages in manifest.,2026-07-17T20:47:29.442112
leconstitutionnel,bpt6k6889263,,failed,0,0,,no_usable_pages,known,,,bpt6k6889263: no usable pages in manifest.,2026-07-17T20:47:29.623159
leconstitutionnel,bpt6k688927g,,failed,0,0,,no_usable_pages,known,,,bpt6k688927g: no usable pages in manifest.,2026-07-17T20:47:29.718423
leconstitutionnel,bpt6k688928v,,failed,0,0,,no_usable_pages,known,,,bpt6k688928v: no usable pages in manifest.,2026-07-17T20:47:29.837065
leconstitutionnel,bpt6k6889297,,failed,0,0,,no_usable_pages,known,,,bpt6k6889297: no usable pages in manifest.,2026-07-17T20:47:30.091928
leconstitutionnel,bpt6k6889305,,failed,0,0,,no_usable_pages,known,,,bpt6k6889305: no usable pages in manifest.,2026-07-17T20:47:30.267135
leconstitutionnel,bpt6k688931j,,failed,0,0,,no_usable_pages,known,,,bpt6k688931j: no usable pages in manifest.,2026-07-17T20:47:30.417397
leconstitutionnel,bpt6k688932x,,failed,0,0,,no_usable_pages,known,,,bpt6k688932x: no usable pages in manifest.,2026-07-17T20:47:30.649066
leconstitutionnel,bpt6k6889339,,failed,0,0,,no_usable_pages,known,,,bpt6k6889339: no usable pages in manifest.,2026-07-17T20:47:30.826807
leconstitutionnel,bpt6k688934p,,failed,0,0,,no_usable_pages,known,,,bpt6k688934p: no usable pages in manifest.,2026-07-17T20:47:31.031214
leconstitutionnel,bpt6k6889352,,failed,0,0,,no_usable_pages,known,,,bpt6k6889352: no usable pages in manifest.,2026-07-17T20:47:31.209696
leconstitutionnel,bpt6k688936f,,failed,0,0,,no_usable_pages,known,,,bpt6k688936f: no usable pages in manifest.,2026-07-17T20:47:31.466422
leconstitutionnel,bpt6k688937t,,failed,0,0,,no_usable_pages,known,,,bpt6k688937t: no usable pages in manifest.,2026-07-17T20:47:31.591048
leconstitutionnel,bpt6k6889386,,failed,0,0,,no_usable_pages,known,,,bpt6k6889386: no usable pages in manifest.,2026-07-17T20:47:31.721651
leconstitutionnel,bpt6k688939k,,failed,0,0,,no_usable_pages,known,,,bpt6k688939k: no usable pages in manifest.,2026-07-17T20:47:31.966234
leconstitutionnel,bpt6k688940h,,failed,0,0,,no_usable_pages,known,,,bpt6k688940h: no usable pages in manifest.,2026-07-17T20:47:32.196416
leconstitutionnel,bpt6k688941w,,failed,0,0,,no_usable_pages,known,,,bpt6k688941w: no usable pages in manifest.,2026-07-17T20:47:32.436530
leconstitutionnel,bpt6k6889428,,failed,0,0,,no_usable_pages,known,,,bpt6k6889428: no usable pages in manifest.,2026-07-17T20:47:32.643227
leconstitutionnel,bpt6k688943n,,failed,0,0,,no_usable_pages,known,,,bpt6k688943n: no usable pages in manifest.,2026-07-17T20:47:32.791904
leconstitutionnel,bpt6k6889441,,failed,0,0,,no_usable_pages,known,,,bpt6k6889441: no usable pages in manifest.,2026-07-17T20:47:32.967508
leconstitutionnel,bpt6k688945d,,failed,0,0,,no_usable_pages,known,,,bpt6k688945d: no usable pages in manifest.,2026-07-17T20:47:33.186991
leconstitutionnel,bpt6k688946s,,failed,0,0,,no_usable_pages,known,,,bpt6k688946s: no usable pages in manifest.,2026-07-17T20:47:33.473119
leconstitutionnel,bpt6k6889475,,failed,0,0,,no_usable_pages,known,,,bpt6k6889475: no usable pages in manifest.,2026-07-17T20:47:33.681597
leconstitutionnel,bpt6k688948j,,failed,0,0,,no_usable_pages,known,,,bpt6k688948j: no usable pages in manifest.,2026-07-17T20:47:33.835565
leconstitutionnel,bpt6k688949x,,failed,0,0,,no_usable_pages,known,,,bpt6k688949x: no usable pages in manifest.,2026-07-17T20:47:33.999618
leconstitutionnel,bpt6k688969m,,failed,0,0,,no_usable_pages,known,,,bpt6k688969m: no usable pages in manifest.,2026-07-17T20:47:34.145029
leconstitutionnel,bpt6k688970j,,failed,0,0,,no_usable_pages,known,,,bpt6k688970j: no usable pages in manifest.,2026-07-17T20:47:34.312532
leconstitutionnel,bpt6k688971x,,failed,0,0,,no_usable_pages,known,,,bpt6k688971x: no usable pages in manifest.,2026-07-17T20:47:34.515240
leconstitutionnel,bpt6k6889729,,failed,0,0,,no_usable_pages,known,,,bpt6k6889729: no usable pages in manifest.,2026-07-17T20:47:34.714278
leconstitutionnel,bpt6k688973p,,failed,0,0,,no_usable_pages,known,,,bpt6k688973p: no usable pages in manifest.,2026-07-17T20:47:34.836655
leconstitutionnel,bpt6k6889742,,failed,0,0,,no_usable_pages,known,,,bpt6k6889742: no usable pages in manifest.,2026-07-17T20:47:34.933183
leconstitutionnel,bpt6k688975f,,failed,0,0,,no_usable_pages,known,,,bpt6k688975f: no usable pages in manifest.,2026-07-17T20:47:35.210506
leconstitutionnel,bpt6k688976t,,failed,0,0,,no_usable_pages,known,,,bpt6k688976t: no usable pages in manifest.,2026-07-17T20:47:35.439996
leconstitutionnel,bpt6k6889776,,failed,0,0,,no_usable_pages,known,,,bpt6k6889776: no usable pages in manifest.,2026-07-17T20:47:35.599930
leconstitutionnel,bpt6k688978k,,failed,0,0,,no_usable_pages,known,,,bpt6k688978k: no usable pages in manifest.,2026-07-17T20:47:35.765674
leconstitutionnel,bpt6k688979z,,failed,0,0,,no_usable_pages,known,,,bpt6k688979z: no usable pages in manifest.,2026-07-17T20:47:35.955847
leconstitutionnel,bpt6k688980w,,failed,0,0,,no_usable_pages,known,,,bpt6k688980w: no usable pages in manifest.,2026-07-17T20:47:36.138220
leconstitutionnel,bpt6k6889818,,failed,0,0,,no_usable_pages,known,,,bpt6k6889818: no usable pages in manifest.,2026-07-17T20:47:36.273637
leconstitutionnel,bpt6k688982n,,failed,0,0,,no_usable_pages,known,,,bpt6k688982n: no usable pages in manifest.,2026-07-17T20:47:36.424957
leconstitutionnel,bpt6k6889831,,failed,0,0,,no_usable_pages,known,,,bpt6k6889831: no usable pages in manifest.,2026-07-17T20:47:36.599752
leconstitutionnel,bpt6k688984d,,failed,0,0,,no_usable_pages,known,,,bpt6k688984d: no usable pages in manifest.,2026-07-17T20:47:36.721488
leconstitutionnel,bpt6k688985s,,failed,0,0,,no_usable_pages,known,,,bpt6k688985s: no usable pages in manifest.,2026-07-17T20:47:36.835414
leconstitutionnel,bpt6k6889865,,failed,0,0,,no_usable_pages,known,,,bpt6k6889865: no usable pages in manifest.,2026-07-17T20:47:36.957549
leconstitutionnel,bpt6k688987j,,failed,0,0,,no_usable_pages,known,,,bpt6k688987j: no usable pages in manifest.,2026-07-17T20:47:37.219808
leconstitutionnel,bpt6k688988x,,failed,0,0,,no_usable_pages,known,,,bpt6k688988x: no usable pages in manifest.,2026-07-17T20:47:37.364652
leconstitutionnel,bpt6k6889899,,failed,0,0,,no_usable_pages,known,,,bpt6k6889899: no usable pages in manifest.,2026-07-17T20:47:37.505955
leconstitutionnel,bpt6k6889907,,failed,0,0,,no_usable_pages,known,,,bpt6k6889907: no usable pages in manifest.,2026-07-17T20:47:37.605565
leconstitutionnel,bpt6k688991m,,failed,0,0,,no_usable_pages,known,,,bpt6k688991m: no usable pages in manifest.,2026-07-17T20:47:37.698628
leconstitutionnel,bpt6k6889920,,failed,0,0,,no_usable_pages,known,,,bpt6k6889920: no usable pages in manifest.,2026-07-17T20:47:37.814901
leconstitutionnel,bpt6k688993c,,failed,0,0,,no_usable_pages,known,,,bpt6k688993c: no usable pages in manifest.,2026-07-17T20:47:37.942560
leconstitutionnel,bpt6k688994r,,failed,0,0,,no_usable_pages,known,,,bpt6k688994r: no usable pages in manifest.,2026-07-17T20:47:38.107206
leconstitutionnel,bpt6k6889954,,failed,0,0,,no_usable_pages,known,,,bpt6k6889954: no usable pages in manifest.,2026-07-17T20:47:38.235666
leconstitutionnel,bpt6k688996h,,failed,0,0,,no_usable_pages,known,,,bpt6k688996h: no usable pages in manifest.,2026-07-17T20:47:38.405998
leconstitutionnel,bpt6k688997w,,failed,0,0,,no_usable_pages,known,,,bpt6k688997w: no usable pages in manifest.,2026-07-17T20:47:38.570620
leconstitutionnel,bpt6k6889988,,failed,0,0,,no_usable_pages,known,,,bpt6k6889988: no usable pages in manifest.,2026-07-17T20:47:38.741400
leconstitutionnel,bpt6k688999n,,failed,0,0,,no_usable_pages,known,,,bpt6k688999n: no usable pages in manifest.,2026-07-17T20:47:38.904483
leconstitutionnel,bpt6k689000m,,failed,0,0,,no_usable_pages,known,,,bpt6k689000m: no usable pages in manifest.,2026-07-17T20:47:39.053931
leconstitutionnel,bpt6k6890010,,failed,0,0,,no_usable_pages,known,,,bpt6k6890010: no usable pages in manifest.,2026-07-17T20:47:39.231982
leconstitutionnel,bpt6k689002c,,failed,0,0,,no_usable_pages,known,,,bpt6k689002c: no usable pages in manifest.,2026-07-17T20:47:39.365755
leconstitutionnel,bpt6k689003r,,failed,0,0,,no_usable_pages,known,,,bpt6k689003r: no usable pages in manifest.,2026-07-17T20:47:39.541393
leconstitutionnel,bpt6k6890044,,failed,0,0,,no_usable_pages,known,,,bpt6k6890044: no usable pages in manifest.,2026-07-17T20:47:39.745584
leconstitutionnel,bpt6k689005h,,failed,0,0,,no_usable_pages,known,,,bpt6k689005h: no usable pages in manifest.,2026-07-17T20:47:39.882811
leconstitutionnel,bpt6k689006w,,failed,0,0,,no_usable_pages,known,,,bpt6k689006w: no usable pages in manifest.,2026-07-17T20:47:40.043237
leconstitutionnel,bpt6k6890078,,failed,0,0,,no_usable_pages,known,,,bpt6k6890078: no usable pages in manifest.,2026-07-17T20:47:40.197137
leconstitutionnel,bpt6k689008n,,failed,0,0,,no_usable_pages,known,,,bpt6k689008n: no usable pages in manifest.,2026-07-17T20:47:40.354053
leconstitutionnel,bpt6k6890091,,failed,0,0,,no_usable_pages,known,,,bpt6k6890091: no usable pages in manifest.,2026-07-17T20:47:40.566648
leconstitutionnel,bpt6k689010z,,failed,0,0,,no_usable_pages,known,,,bpt6k689010z: no usable pages in manifest.,2026-07-17T20:47:40.826756
leconstitutionnel,bpt6k6890311,,failed,0,0,,no_usable_pages,known,,,bpt6k6890311: no usable pages in manifest.,2026-07-17T20:47:41.357921
leconstitutionnel,bpt6k689032d,,failed,0,0,,no_usable_pages,known,,,bpt6k689032d: no usable pages in manifest.,2026-07-17T20:47:41.464050
leconstitutionnel,bpt6k689033s,,failed,0,0,,no_usable_pages,known,,,bpt6k689033s: no usable pages in manifest.,2026-07-17T20:47:41.615464
leconstitutionnel,bpt6k6890345,,failed,0,0,,no_usable_pages,known,,,bpt6k6890345: no usable pages in manifest.,2026-07-17T20:47:41.792618
leconstitutionnel,bpt6k689035j,,failed,0,0,,no_usable_pages,known,,,bpt6k689035j: no usable pages in manifest.,2026-07-17T20:47:41.999696
leconstitutionnel,bpt6k689036x,,failed,0,0,,no_usable_pages,known,,,bpt6k689036x: no usable pages in manifest.,2026-07-17T20:47:42.148238
leconstitutionnel,bpt6k6890379,,failed,0,0,,no_usable_pages,known,,,bpt6k6890379: no usable pages in manifest.,2026-07-17T20:47:42.357099
leconstitutionnel,bpt6k689038p,,failed,0,0,,no_usable_pages,known,,,bpt6k689038p: no usable pages in manifest.,2026-07-17T20:47:42.519025
leconstitutionnel,bpt6k6890392,,failed,0,0,,no_usable_pages,known,,,bpt6k6890392: no usable pages in manifest.,2026-07-17T20:47:42.658363
leconstitutionnel,bpt6k6890400,,failed,0,0,,no_usable_pages,known,,,bpt6k6890400: no usable pages in manifest.,2026-07-17T20:47:42.807620
leconstitutionnel,bpt6k689041c,,failed,0,0,,no_usable_pages,known,,,bpt6k689041c: no usable pages in manifest.,2026-07-17T20:47:42.985748
leconstitutionnel,bpt6k689042r,,failed,0,0,,no_usable_pages,known,,,bpt6k689042r: no usable pages in manifest.,2026-07-17T20:47:43.122764
leconstitutionnel,bpt6k6890434,,failed,0,0,,no_usable_pages,known,,,bpt6k6890434: no usable pages in manifest.,2026-07-17T20:47:43.368448
leconstitutionnel,bpt6k689044h,,failed,0,0,,no_usable_pages,known,,,bpt6k689044h: no usable pages in manifest.,2026-07-17T20:47:43.505772
leconstitutionnel,bpt6k689045w,,failed,0,0,,no_usable_pages,known,,,bpt6k689045w: no usable pages in manifest.,2026-07-17T20:47:43.720999
leconstitutionnel,bpt6k6890468,,failed,0,0,,no_usable_pages,known,,,bpt6k6890468: no usable pages in manifest.,2026-07-17T20:47:43.821109
leconstitutionnel,bpt6k689047n,,failed,0,0,,no_usable_pages,known,,,bpt6k689047n: no usable pages in manifest.,2026-07-17T20:47:43.950035
leconstitutionnel,bpt6k6890481,,failed,0,0,,no_usable_pages,known,,,bpt6k6890481: no usable pages in manifest.,2026-07-17T20:47:44.177420
leconstitutionnel,bpt6k689049d,,failed,0,0,,no_usable_pages,known,,,bpt6k689049d: no usable pages in manifest.,2026-07-17T20:47:44.349081
leconstitutionnel,bpt6k689050b,,failed,0,0,,no_usable_pages,known,,,bpt6k689050b: no usable pages in manifest.,2026-07-17T20:47:44.469564
leconstitutionnel,bpt6k689051q,,failed,0,0,,no_usable_pages,known,,,bpt6k689051q: no usable pages in manifest.,2026-07-17T20:47:44.619746
leconstitutionnel,bpt6k6890523,,failed,0,0,,no_usable_pages,known,,,bpt6k6890523: no usable pages in manifest.,2026-07-17T20:47:44.887614
leconstitutionnel,bpt6k689053g,,failed,0,0,,no_usable_pages,known,,,bpt6k689053g: no usable pages in manifest.,2026-07-17T20:47:45.127863
leconstitutionnel,bpt6k689054v,,failed,0,0,,no_usable_pages,known,,,bpt6k689054v: no usable pages in manifest.,2026-07-17T20:47:45.547342
leconstitutionnel,bpt6k6890557,,failed,0,0,,no_usable_pages,known,,,bpt6k6890557: no usable pages in manifest.,2026-07-17T20:47:45.712176
leconstitutionnel,bpt6k689056m,,failed,0,0,,no_usable_pages,known,,,bpt6k689056m: no usable pages in manifest.,2026-07-17T20:47:45.888512
leconstitutionnel,bpt6k6890570,,failed,0,0,,no_usable_pages,known,,,bpt6k6890570: no usable pages in manifest.,2026-07-17T20:47:46.041093
leconstitutionnel,bpt6k689058c,,failed,0,0,,no_usable_pages,known,,,bpt6k689058c: no usable pages in manifest.,2026-07-17T20:47:46.154664
leconstitutionnel,bpt6k689059r,,failed,0,0,,no_usable_pages,known,,,bpt6k689059r: no usable pages in manifest.,2026-07-17T20:47:46.386595
leconstitutionnel,bpt6k689060p,,failed,0,0,,no_usable_pages,known,,,bpt6k689060p: no usable pages in manifest.,2026-07-17T20:47:46.537821
leconstitutionnel,bpt6k6890612,,failed,0,0,,no_usable_pages,known,,,bpt6k6890612: no usable pages in manifest.,2026-07-17T20:47:46.743903
leconstitutionnel,bpt6k689062f,,failed,0,0,,no_usable_pages,known,,,bpt6k689062f: no usable pages in manifest.,2026-07-17T20:47:46.982935
leconstitutionnel,bpt6k689063t,,failed,0,0,,no_usable_pages,known,,,bpt6k689063t: no usable pages in manifest.,2026-07-17T20:47:47.112128
leconstitutionnel,bpt6k6890646,,failed,0,0,,no_usable_pages,known,,,bpt6k6890646: no usable pages in manifest.,2026-07-17T20:47:47.428679
leconstitutionnel,bpt6k689065k,,failed,0,0,,no_usable_pages,known,,,bpt6k689065k: no usable pages in manifest.,2026-07-17T20:47:47.722638
leconstitutionnel,bpt6k689066z,,failed,0,0,,no_usable_pages,known,,,bpt6k689066z: no usable pages in manifest.,2026-07-17T20:47:47.871207
leconstitutionnel,bpt6k689067b,,failed,0,0,,no_usable_pages,known,,,bpt6k689067b: no usable pages in manifest.,2026-07-17T20:47:48.039388
leconstitutionnel,bpt6k689068q,,failed,0,0,,no_usable_pages,known,,,bpt6k689068q: no usable pages in manifest.,2026-07-17T20:47:48.179700
leconstitutionnel,bpt6k6890693,,failed,0,0,,no_usable_pages,known,,,bpt6k6890693: no usable pages in manifest.,2026-07-17T20:47:48.351437
leconstitutionnel,bpt6k6890701,,failed,0,0,,no_usable_pages,known,,,bpt6k6890701: no usable pages in manifest.,2026-07-17T20:47:48.464602
leconstitutionnel,bpt6k689071d,,failed,0,0,,no_usable_pages,known,,,bpt6k689071d: no usable pages in manifest.,2026-07-17T20:47:48.586949
leconstitutionnel,bpt6k689072s,,failed,0,0,,no_usable_pages,known,,,bpt6k689072s: no usable pages in manifest.,2026-07-17T20:47:48.754034
leconstitutionnel,bpt6k6890735,,failed,0,0,,no_usable_pages,known,,,bpt6k6890735: no usable pages in manifest.,2026-07-17T20:47:48.916457
leconstitutionnel,bpt6k689074j,,failed,0,0,,no_usable_pages,known,,,bpt6k689074j: no usable pages in manifest.,2026-07-17T20:47:49.046441
leconstitutionnel,bpt6k689075x,,failed,0,0,,no_usable_pages,known,,,bpt6k689075x: no usable pages in manifest.,2026-07-17T20:47:49.138924
leconstitutionnel,bpt6k6890769,,failed,0,0,,no_usable_pages,known,,,bpt6k6890769: no usable pages in manifest.,2026-07-17T20:47:49.460108
leconstitutionnel,bpt6k689077p,,failed,0,0,,no_usable_pages,known,,,bpt6k689077p: no usable pages in manifest.,2026-07-17T20:47:49.585462
leconstitutionnel,bpt6k6890782,,failed,0,0,,no_usable_pages,known,,,bpt6k6890782: no usable pages in manifest.,2026-07-17T20:47:49.806268
leconstitutionnel,bpt6k689079f,,failed,0,0,,no_usable_pages,known,,,bpt6k689079f: no usable pages in manifest.,2026-07-17T20:47:50.006174
leconstitutionnel,bpt6k689080c,,failed,0,0,,no_usable_pages,known,,,bpt6k689080c: no usable pages in manifest.,2026-07-17T20:47:50.136895
leconstitutionnel,bpt6k689081r,,failed,0,0,,no_usable_pages,known,,,bpt6k689081r: no usable pages in manifest.,2026-07-17T20:47:50.272109
leconstitutionnel,bpt6k6890824,,failed,0,0,,no_usable_pages,known,,,bpt6k6890824: no usable pages in manifest.,2026-07-17T20:47:50.392318
leconstitutionnel,bpt6k689083h,,failed,0,0,,no_usable_pages,known,,,bpt6k689083h: no usable pages in manifest.,2026-07-17T20:47:50.505126
leconstitutionnel,bpt6k689084w,,failed,0,0,,no_usable_pages,known,,,bpt6k689084w: no usable pages in manifest.,2026-07-17T20:47:50.683139
leconstitutionnel,bpt6k6890858,,failed,0,0,,no_usable_pages,known,,,bpt6k6890858: no usable pages in manifest.,2026-07-17T20:47:50.842663
leconstitutionnel,bpt6k689086n,,failed,0,0,,no_usable_pages,known,,,bpt6k689086n: no usable pages in manifest.,2026-07-17T20:47:50.991726
leconstitutionnel,bpt6k6890871,,failed,0,0,,no_usable_pages,known,,,bpt6k6890871: no usable pages in manifest.,2026-07-17T20:47:51.199385
leconstitutionnel,bpt6k689088d,,failed,0,0,,no_usable_pages,known,,,bpt6k689088d: no usable pages in manifest.,2026-07-17T20:47:51.403825
leconstitutionnel,bpt6k689089s,,failed,0,0,,no_usable_pages,known,,,bpt6k689089s: no usable pages in manifest.,2026-07-17T20:47:51.540496
leconstitutionnel,bpt6k689090q,,failed,0,0,,no_usable_pages,known,,,bpt6k689090q: no usable pages in manifest.,2026-07-17T20:47:51.674168
leconstitutionnel,bpt6k6890913,,failed,0,0,,no_usable_pages,known,,,bpt6k6890913: no usable pages in manifest.,2026-07-17T20:47:51.913512
leconstitutionnel,bpt6k689092g,,failed,0,0,,no_usable_pages,known,,,bpt6k689092g: no usable pages in manifest.,2026-07-17T20:47:52.099414
leconstitutionnel,bpt6k689093v,,failed,0,0,,no_usable_pages,known,,,bpt6k689093v: no usable pages in manifest.,2026-07-17T20:47:52.266309
leconstitutionnel,bpt6k6890947,,failed,0,0,,no_usable_pages,known,,,bpt6k6890947: no usable pages in manifest.,2026-07-17T20:47:52.405202
leconstitutionnel,bpt6k689095m,,failed,0,0,,no_usable_pages,known,,,bpt6k689095m: no usable pages in manifest.,2026-07-17T20:47:52.564731
leconstitutionnel,bpt6k6890960,,failed,0,0,,no_usable_pages,known,,,bpt6k6890960: no usable pages in manifest.,2026-07-17T20:47:52.668516
leconstitutionnel,bpt6k689097c,,failed,0,0,,no_usable_pages,known,,,bpt6k689097c: no usable pages in manifest.,2026-07-17T20:47:52.781833
leconstitutionnel,bpt6k689098r,,failed,0,0,,no_usable_pages,known,,,bpt6k689098r: no usable pages in manifest.,2026-07-17T20:47:53.029898
leconstitutionnel,bpt6k6890994,,failed,0,0,,no_usable_pages,known,,,bpt6k6890994: no usable pages in manifest.,2026-07-17T20:47:53.183526
leconstitutionnel,bpt6k689100x,,failed,0,0,,no_usable_pages,known,,,bpt6k689100x: no usable pages in manifest.,2026-07-17T20:47:53.357221
leconstitutionnel,bpt6k6891019,,failed,0,0,,no_usable_pages,known,,,bpt6k6891019: no usable pages in manifest.,2026-07-17T20:47:53.498717
leconstitutionnel,bpt6k689102p,,failed,0,0,,no_usable_pages,known,,,bpt6k689102p: no usable pages in manifest.,2026-07-17T20:47:53.615874
leconstitutionnel,bpt6k6891032,,failed,0,0,,no_usable_pages,known,,,bpt6k6891032: no usable pages in manifest.,2026-07-17T20:47:53.752358
leconstitutionnel,bpt6k689104f,,failed,0,0,,no_usable_pages,known,,,bpt6k689104f: no usable pages in manifest.,2026-07-17T20:47:53.868585
leconstitutionnel,bpt6k689105t,,failed,0,0,,no_usable_pages,known,,,bpt6k689105t: no usable pages in manifest.,2026-07-17T20:47:54.075132
leconstitutionnel,bpt6k6891066,,failed,0,0,,no_usable_pages,known,,,bpt6k6891066: no usable pages in manifest.,2026-07-17T20:47:54.243275
leconstitutionnel,bpt6k689107k,,failed,0,0,,no_usable_pages,known,,,bpt6k689107k: no usable pages in manifest.,2026-07-17T20:47:54.408665
leconstitutionnel,bpt6k689108z,,failed,0,0,,no_usable_pages,known,,,bpt6k689108z: no usable pages in manifest.,2026-07-17T20:47:54.570851
leconstitutionnel,bpt6k689109b,,failed,0,0,,no_usable_pages,known,,,bpt6k689109b: no usable pages in manifest.,2026-07-17T20:47:54.731248
leconstitutionnel,bpt6k6891108,,failed,0,0,,no_usable_pages,known,,,bpt6k6891108: no usable pages in manifest.,2026-07-17T20:47:54.877374
leconstitutionnel,bpt6k689111n,,failed,0,0,,no_usable_pages,known,,,bpt6k689111n: no usable pages in manifest.,2026-07-17T20:47:55.169771
leconstitutionnel,bpt6k6891121,,failed,0,0,,no_usable_pages,known,,,bpt6k6891121: no usable pages in manifest.,2026-07-17T20:47:55.346864
leconstitutionnel,bpt6k689113d,,failed,0,0,,no_usable_pages,known,,,bpt6k689113d: no usable pages in manifest.,2026-07-17T20:47:55.546023
leconstitutionnel,bpt6k689114s,,failed,0,0,,no_usable_pages,known,,,bpt6k689114s: no usable pages in manifest.,2026-07-17T20:47:55.722639
leconstitutionnel,bpt6k6891155,,failed,0,0,,no_usable_pages,known,,,bpt6k6891155: no usable pages in manifest.,2026-07-17T20:47:55.994333
leconstitutionnel,bpt6k689116j,,failed,0,0,,no_usable_pages,known,,,bpt6k689116j: no usable pages in manifest.,2026-07-17T20:47:56.193621
leconstitutionnel,bpt6k689117x,,failed,0,0,,no_usable_pages,known,,,bpt6k689117x: no usable pages in manifest.,2026-07-17T20:47:56.333025
leconstitutionnel,bpt6k6891189,,failed,0,0,,no_usable_pages,known,,,bpt6k6891189: no usable pages in manifest.,2026-07-17T20:47:56.460616
leconstitutionnel,bpt6k689119p,,failed,0,0,,no_usable_pages,known,,,bpt6k689119p: no usable pages in manifest.,2026-07-17T20:47:56.682233
leconstitutionnel,bpt6k689120m,,failed,0,0,,no_usable_pages,known,,,bpt6k689120m: no usable pages in manifest.,2026-07-17T20:47:56.774360
leconstitutionnel,bpt6k6891210,,failed,0,0,,no_usable_pages,known,,,bpt6k6891210: no usable pages in manifest.,2026-07-17T20:47:56.882205
leconstitutionnel,bpt6k689122c,,failed,0,0,,no_usable_pages,known,,,bpt6k689122c: no usable pages in manifest.,2026-07-17T20:47:57.023253
leconstitutionnel,bpt6k689123r,,failed,0,0,,no_usable_pages,known,,,bpt6k689123r: no usable pages in manifest.,2026-07-17T20:47:57.202625
leconstitutionnel,bpt6k6891244,,failed,0,0,,no_usable_pages,known,,,bpt6k6891244: no usable pages in manifest.,2026-07-17T20:47:57.339423
leconstitutionnel,bpt6k689125h,,failed,0,0,,no_usable_pages,known,,,bpt6k689125h: no usable pages in manifest.,2026-07-17T20:47:57.473518
leconstitutionnel,bpt6k689126w,,failed,0,0,,no_usable_pages,known,,,bpt6k689126w: no usable pages in manifest.,2026-07-17T20:47:57.699551
leconstitutionnel,bpt6k6891278,,failed,0,0,,no_usable_pages,known,,,bpt6k6891278: no usable pages in manifest.,2026-07-17T20:47:57.882370
leconstitutionnel,bpt6k689128n,,failed,0,0,,no_usable_pages,known,,,bpt6k689128n: no usable pages in manifest.,2026-07-17T20:47:58.038466
leconstitutionnel,bpt6k6891291,,failed,0,0,,no_usable_pages,known,,,bpt6k6891291: no usable pages in manifest.,2026-07-17T20:47:58.179630
leconstitutionnel,bpt6k689130z,,failed,0,0,,no_usable_pages,known,,,bpt6k689130z: no usable pages in manifest.,2026-07-17T20:47:58.386635
leconstitutionnel,bpt6k689131b,,failed,0,0,,no_usable_pages,known,,,bpt6k689131b: no usable pages in manifest.,2026-07-17T20:47:58.548728
leconstitutionnel,bpt6k689132q,,failed,0,0,,no_usable_pages,known,,,bpt6k689132q: no usable pages in manifest.,2026-07-17T20:47:58.825071
leconstitutionnel,bpt6k6891333,,failed,0,0,,no_usable_pages,known,,,bpt6k6891333: no usable pages in manifest.,2026-07-17T20:47:58.964148
leconstitutionnel,bpt6k689134g,,failed,0,0,,no_usable_pages,known,,,bpt6k689134g: no usable pages in manifest.,2026-07-17T20:47:59.081560
leconstitutionnel,bpt6k689135v,,failed,0,0,,no_usable_pages,known,,,bpt6k689135v: no usable pages in manifest.,2026-07-17T20:47:59.216661
leconstitutionnel,bpt6k6891367,,failed,0,0,,no_usable_pages,known,,,bpt6k6891367: no usable pages in manifest.,2026-07-17T20:47:59.454036
leconstitutionnel,bpt6k689137m,,failed,0,0,,no_usable_pages,known,,,bpt6k689137m: no usable pages in manifest.,2026-07-17T20:47:59.640928
leconstitutionnel,bpt6k6891380,,failed,0,0,,no_usable_pages,known,,,bpt6k6891380: no usable pages in manifest.,2026-07-17T20:47:59.752602
leconstitutionnel,bpt6k689139c,,failed,0,0,,no_usable_pages,known,,,bpt6k689139c: no usable pages in manifest.,2026-07-17T20:47:59.923262
leconstitutionnel,bpt6k6891409,,failed,0,0,,no_usable_pages,known,,,bpt6k6891409: no usable pages in manifest.,2026-07-17T20:48:00.077630
leconstitutionnel,bpt6k689141p,,failed,0,0,,no_usable_pages,known,,,bpt6k689141p: no usable pages in manifest.,2026-07-17T20:48:00.209471
leconstitutionnel,bpt6k6891422,,failed,0,0,,no_usable_pages,known,,,bpt6k6891422: no usable pages in manifest.,2026-07-17T20:48:00.328437
leconstitutionnel,bpt6k689143f,,failed,0,0,,no_usable_pages,known,,,bpt6k689143f: no usable pages in manifest.,2026-07-17T20:48:00.521063
leconstitutionnel,bpt6k689144t,,failed,0,0,,no_usable_pages,known,,,bpt6k689144t: no usable pages in manifest.,2026-07-17T20:48:00.645578
leconstitutionnel,bpt6k6891456,,failed,0,0,,no_usable_pages,known,,,bpt6k6891456: no usable pages in manifest.,2026-07-17T20:48:00.811523
leconstitutionnel,bpt6k689146k,,failed,0,0,,no_usable_pages,known,,,bpt6k689146k: no usable pages in manifest.,2026-07-17T20:48:01.028932
leconstitutionnel,bpt6k689147z,,failed,0,0,,no_usable_pages,known,,,bpt6k689147z: no usable pages in manifest.,2026-07-17T20:48:01.151913
leconstitutionnel,bpt6k689148b,,failed,0,0,,no_usable_pages,known,,,bpt6k689148b: no usable pages in manifest.,2026-07-17T20:48:01.271512
leconstitutionnel,bpt6k689149q,,failed,0,0,,no_usable_pages,known,,,bpt6k689149q: no usable pages in manifest.,2026-07-17T20:48:01.393684
leconstitutionnel,bpt6k689150n,,failed,0,0,,no_usable_pages,known,,,bpt6k689150n: no usable pages in manifest.,2026-07-17T20:48:01.681811
leconstitutionnel,bpt6k6891511,,failed,0,0,,no_usable_pages,known,,,bpt6k6891511: no usable pages in manifest.,2026-07-17T20:48:01.799131
leconstitutionnel,bpt6k689152d,,failed,0,0,,no_usable_pages,known,,,bpt6k689152d: no usable pages in manifest.,2026-07-17T20:48:01.942164
leconstitutionnel,bpt6k689153s,,failed,0,0,,no_usable_pages,known,,,bpt6k689153s: no usable pages in manifest.,2026-07-17T20:48:02.107427
leconstitutionnel,bpt6k6891545,,failed,0,0,,no_usable_pages,known,,,bpt6k6891545: no usable pages in manifest.,2026-07-17T20:48:02.227064
leconstitutionnel,bpt6k689155j,,failed,0,0,,no_usable_pages,known,,,bpt6k689155j: no usable pages in manifest.,2026-07-17T20:48:02.420928
leconstitutionnel,bpt6k689156x,,failed,0,0,,no_usable_pages,known,,,bpt6k689156x: no usable pages in manifest.,2026-07-17T20:48:02.704863
leconstitutionnel,bpt6k6891579,,failed,0,0,,no_usable_pages,known,,,bpt6k6891579: no usable pages in manifest.,2026-07-17T20:48:02.845927
leconstitutionnel,bpt6k689158p,,failed,0,0,,no_usable_pages,known,,,bpt6k689158p: no usable pages in manifest.,2026-07-17T20:48:03.026297
leconstitutionnel,bpt6k6891592,,failed,0,0,,no_usable_pages,known,,,bpt6k6891592: no usable pages in manifest.,2026-07-17T20:48:03.292550
leconstitutionnel,bpt6k6891600,,failed,0,0,,no_usable_pages,known,,,bpt6k6891600: no usable pages in manifest.,2026-07-17T20:48:03.449129
leconstitutionnel,bpt6k689161c,,failed,0,0,,no_usable_pages,known,,,bpt6k689161c: no usable pages in manifest.,2026-07-17T20:48:03.592576
leconstitutionnel,bpt6k689162r,,failed,0,0,,no_usable_pages,known,,,bpt6k689162r: no usable pages in manifest.,2026-07-17T20:48:03.864011
leconstitutionnel,bpt6k6891634,,failed,0,0,,no_usable_pages,known,,,bpt6k6891634: no usable pages in manifest.,2026-07-17T20:48:04.021880
leconstitutionnel,bpt6k689164h,,failed,0,0,,no_usable_pages,known,,,bpt6k689164h: no usable pages in manifest.,2026-07-17T20:48:04.148133
leconstitutionnel,bpt6k689165w,,failed,0,0,,no_usable_pages,known,,,bpt6k689165w: no usable pages in manifest.,2026-07-17T20:48:04.306176
leconstitutionnel,bpt6k6891668,,failed,0,0,,no_usable_pages,known,,,bpt6k6891668: no usable pages in manifest.,2026-07-17T20:48:04.520413
leconstitutionnel,bpt6k689167n,,failed,0,0,,no_usable_pages,known,,,bpt6k689167n: no usable pages in manifest.,2026-07-17T20:48:04.661431
leconstitutionnel,bpt6k6891681,,failed,0,0,,no_usable_pages,known,,,bpt6k6891681: no usable pages in manifest.,2026-07-17T20:48:04.893345
leconstitutionnel,bpt6k689169d,,failed,0,0,,no_usable_pages,known,,,bpt6k689169d: no usable pages in manifest.,2026-07-17T20:48:05.058593
leconstitutionnel,bpt6k689170b,,failed,0,0,,no_usable_pages,known,,,bpt6k689170b: no usable pages in manifest.,2026-07-17T20:48:05.227275
leconstitutionnel,bpt6k689171q,,failed,0,0,,no_usable_pages,known,,,bpt6k689171q: no usable pages in manifest.,2026-07-17T20:48:05.326970
leconstitutionnel,bpt6k6891723,,failed,0,0,,no_usable_pages,known,,,bpt6k6891723: no usable pages in manifest.,2026-07-17T20:48:05.455902
leconstitutionnel,bpt6k689173g,,failed,0,0,,no_usable_pages,known,,,bpt6k689173g: no usable pages in manifest.,2026-07-17T20:48:05.574507
leconstitutionnel,bpt6k689174v,,failed,0,0,,no_usable_pages,known,,,bpt6k689174v: no usable pages in manifest.,2026-07-17T20:48:05.692284
leconstitutionnel,bpt6k6891757,,failed,0,0,,no_usable_pages,known,,,bpt6k6891757: no usable pages in manifest.,2026-07-17T20:48:05.870364
leconstitutionnel,bpt6k689176m,,failed,0,0,,no_usable_pages,known,,,bpt6k689176m: no usable pages in manifest.,2026-07-17T20:48:06.006501
leconstitutionnel,bpt6k6891770,,failed,0,0,,no_usable_pages,known,,,bpt6k6891770: no usable pages in manifest.,2026-07-17T20:48:06.177734
leconstitutionnel,bpt6k689178c,,failed,0,0,,no_usable_pages,known,,,bpt6k689178c: no usable pages in manifest.,2026-07-17T20:48:06.318617
leconstitutionnel,bpt6k689179r,,failed,0,0,,no_usable_pages,known,,,bpt6k689179r: no usable pages in manifest.,2026-07-17T20:48:06.437174
leconstitutionnel,bpt6k689180p,,failed,0,0,,no_usable_pages,known,,,bpt6k689180p: no usable pages in manifest.,2026-07-17T20:48:06.587549
leconstitutionnel,bpt6k6891812,,failed,0,0,,no_usable_pages,known,,,bpt6k6891812: no usable pages in manifest.,2026-07-17T20:48:06.762777
leconstitutionnel,bpt6k689182f,,failed,0,0,,no_usable_pages,known,,,bpt6k689182f: no usable pages in manifest.,2026-07-17T20:48:07.015178
leconstitutionnel,bpt6k689183t,,failed,0,0,,no_usable_pages,known,,,bpt6k689183t: no usable pages in manifest.,2026-07-17T20:48:07.144057
leconstitutionnel,bpt6k6891846,,failed,0,0,,no_usable_pages,known,,,bpt6k6891846: no usable pages in manifest.,2026-07-17T20:48:07.263469
leconstitutionnel,bpt6k689185k,,failed,0,0,,no_usable_pages,known,,,bpt6k689185k: no usable pages in manifest.,2026-07-17T20:48:07.413980
leconstitutionnel,bpt6k689186z,,failed,0,0,,no_usable_pages,known,,,bpt6k689186z: no usable pages in manifest.,2026-07-17T20:48:07.551913
leconstitutionnel,bpt6k689187b,,failed,0,0,,no_usable_pages,known,,,bpt6k689187b: no usable pages in manifest.,2026-07-17T20:48:07.766333
leconstitutionnel,bpt6k689188q,,failed,0,0,,no_usable_pages,known,,,bpt6k689188q: no usable pages in manifest.,2026-07-17T20:48:07.889230
leconstitutionnel,bpt6k6891893,,failed,0,0,,no_usable_pages,known,,,bpt6k6891893: no usable pages in manifest.,2026-07-17T20:48:08.049671
leconstitutionnel,bpt6k6891901,,failed,0,0,,no_usable_pages,known,,,bpt6k6891901: no usable pages in manifest.,2026-07-17T20:48:08.232520
leconstitutionnel,bpt6k689191d,,failed,0,0,,no_usable_pages,known,,,bpt6k689191d: no usable pages in manifest.,2026-07-17T20:48:08.441551
leconstitutionnel,bpt6k689192s,,failed,0,0,,no_usable_pages,known,,,bpt6k689192s: no usable pages in manifest.,2026-07-17T20:48:08.588733
leconstitutionnel,bpt6k6891935,,failed,0,0,,no_usable_pages,known,,,bpt6k6891935: no usable pages in manifest.,2026-07-17T20:48:08.754566
leconstitutionnel,bpt6k689194j,,failed,0,0,,no_usable_pages,known,,,bpt6k689194j: no usable pages in manifest.,2026-07-17T20:48:08.894809
leconstitutionnel,bpt6k689195x,,failed,0,0,,no_usable_pages,known,,,bpt6k689195x: no usable pages in manifest.,2026-07-17T20:48:09.078610
leconstitutionnel,bpt6k6891969,,failed,0,0,,no_usable_pages,known,,,bpt6k6891969: no usable pages in manifest.,2026-07-17T20:48:09.188933
leconstitutionnel,bpt6k689197p,,failed,0,0,,no_usable_pages,known,,,bpt6k689197p: no usable pages in manifest.,2026-07-17T20:48:09.323587
leconstitutionnel,bpt6k6891982,,failed,0,0,,no_usable_pages,known,,,bpt6k6891982: no usable pages in manifest.,2026-07-17T20:48:09.450220
leconstitutionnel,bpt6k689199f,,failed,0,0,,no_usable_pages,known,,,bpt6k689199f: no usable pages in manifest.,2026-07-17T20:48:09.654504
leconstitutionnel,bpt6k6892007,,failed,0,0,,no_usable_pages,known,,,bpt6k6892007: no usable pages in manifest.,2026-07-17T20:48:09.816284
leconstitutionnel,bpt6k689201m,,failed,0,0,,no_usable_pages,known,,,bpt6k689201m: no usable pages in manifest.,2026-07-17T20:48:09.998158
leconstitutionnel,bpt6k6892020,,failed,0,0,,no_usable_pages,known,,,bpt6k6892020: no usable pages in manifest.,2026-07-17T20:48:10.260074
leconstitutionnel,bpt6k689203c,,failed,0,0,,no_usable_pages,known,,,bpt6k689203c: no usable pages in manifest.,2026-07-17T20:48:10.496904
leconstitutionnel,bpt6k689204r,,failed,0,0,,no_usable_pages,known,,,bpt6k689204r: no usable pages in manifest.,2026-07-17T20:48:10.628447
leconstitutionnel,bpt6k6892054,,failed,0,0,,no_usable_pages,known,,,bpt6k6892054: no usable pages in manifest.,2026-07-17T20:48:10.830851
leconstitutionnel,bpt6k689206h,,failed,0,0,,no_usable_pages,known,,,bpt6k689206h: no usable pages in manifest.,2026-07-17T20:48:10.979274
leconstitutionnel,bpt6k689207w,,failed,0,0,,no_usable_pages,known,,,bpt6k689207w: no usable pages in manifest.,2026-07-17T20:48:11.111662
leconstitutionnel,bpt6k6892088,,failed,0,0,,no_usable_pages,known,,,bpt6k6892088: no usable pages in manifest.,2026-07-17T20:48:11.334287
leconstitutionnel,bpt6k689209n,,failed,0,0,,no_usable_pages,known,,,bpt6k689209n: no usable pages in manifest.,2026-07-17T20:48:11.525453
leconstitutionnel,bpt6k689210k,,failed,0,0,,no_usable_pages,known,,,bpt6k689210k: no usable pages in manifest.,2026-07-17T20:48:11.726968
leconstitutionnel,bpt6k689211z,,failed,0,0,,no_usable_pages,known,,,bpt6k689211z: no usable pages in manifest.,2026-07-17T20:48:11.889147
leconstitutionnel,bpt6k689212b,,failed,0,0,,no_usable_pages,known,,,bpt6k689212b: no usable pages in manifest.,2026-07-17T20:48:12.080898
leconstitutionnel,bpt6k689213q,,failed,0,0,,no_usable_pages,known,,,bpt6k689213q: no usable pages in manifest.,2026-07-17T20:48:12.263058
leconstitutionnel,bpt6k6892143,,failed,0,0,,no_usable_pages,known,,,bpt6k6892143: no usable pages in manifest.,2026-07-17T20:48:12.687258
leconstitutionnel,bpt6k689215g,,failed,0,0,,no_usable_pages,known,,,bpt6k689215g: no usable pages in manifest.,2026-07-17T20:48:12.842333
leconstitutionnel,bpt6k689216v,,failed,0,0,,no_usable_pages,known,,,bpt6k689216v: no usable pages in manifest.,2026-07-17T20:48:12.955669
leconstitutionnel,bpt6k6892177,,failed,0,0,,no_usable_pages,known,,,bpt6k6892177: no usable pages in manifest.,2026-07-17T20:48:13.103077
leconstitutionnel,bpt6k689218m,,failed,0,0,,no_usable_pages,known,,,bpt6k689218m: no usable pages in manifest.,2026-07-17T20:48:13.252125
leconstitutionnel,bpt6k6892190,,failed,0,0,,no_usable_pages,known,,,bpt6k6892190: no usable pages in manifest.,2026-07-17T20:48:13.410288
leconstitutionnel,bpt6k689220x,,failed,0,0,,no_usable_pages,known,,,bpt6k689220x: no usable pages in manifest.,2026-07-17T20:48:13.750547
leconstitutionnel,bpt6k6892219,,failed,0,0,,no_usable_pages,known,,,bpt6k6892219: no usable pages in manifest.,2026-07-17T20:48:13.882518
leconstitutionnel,bpt6k689222p,,failed,0,0,,no_usable_pages,known,,,bpt6k689222p: no usable pages in manifest.,2026-07-17T20:48:14.037431
leconstitutionnel,bpt6k6892232,,failed,0,0,,no_usable_pages,known,,,bpt6k6892232: no usable pages in manifest.,2026-07-17T20:48:14.280731
leconstitutionnel,bpt6k689224f,,failed,0,0,,no_usable_pages,known,,,bpt6k689224f: no usable pages in manifest.,2026-07-17T20:48:14.515757
leconstitutionnel,bpt6k689225t,,failed,0,0,,no_usable_pages,known,,,bpt6k689225t: no usable pages in manifest.,2026-07-17T20:48:14.832687
leconstitutionnel,bpt6k6892266,,failed,0,0,,no_usable_pages,known,,,bpt6k6892266: no usable pages in manifest.,2026-07-17T20:48:15.020728
leconstitutionnel,bpt6k689227k,,failed,0,0,,no_usable_pages,known,,,bpt6k689227k: no usable pages in manifest.,2026-07-17T20:48:15.276692
leconstitutionnel,bpt6k689228z,,failed,0,0,,no_usable_pages,known,,,bpt6k689228z: no usable pages in manifest.,2026-07-17T20:48:15.469537
leconstitutionnel,bpt6k689229b,,failed,0,0,,no_usable_pages,known,,,bpt6k689229b: no usable pages in manifest.,2026-07-17T20:48:15.643438
leconstitutionnel,bpt6k6892308,,failed,0,0,,no_usable_pages,known,,,bpt6k6892308: no usable pages in manifest.,2026-07-17T20:48:15.913127
leconstitutionnel,bpt6k689231n,,failed,0,0,,no_usable_pages,known,,,bpt6k689231n: no usable pages in manifest.,2026-07-17T20:48:16.148500
leconstitutionnel,bpt6k6892321,,failed,0,0,,no_usable_pages,known,,,bpt6k6892321: no usable pages in manifest.,2026-07-17T20:48:16.328531
leconstitutionnel,bpt6k689233d,,failed,0,0,,no_usable_pages,known,,,bpt6k689233d: no usable pages in manifest.,2026-07-17T20:48:16.698201
leconstitutionnel,bpt6k689234s,,failed,0,0,,no_usable_pages,known,,,bpt6k689234s: no usable pages in manifest.,2026-07-17T20:48:16.997728
leconstitutionnel,bpt6k6892355,,failed,0,0,,no_usable_pages,known,,,bpt6k6892355: no usable pages in manifest.,2026-07-17T20:48:17.147225
leconstitutionnel,bpt6k689236j,,failed,0,0,,no_usable_pages,known,,,bpt6k689236j: no usable pages in manifest.,2026-07-17T20:48:17.293710
leconstitutionnel,bpt6k689237x,,failed,0,0,,no_usable_pages,known,,,bpt6k689237x: no usable pages in manifest.,2026-07-17T20:48:17.548551
leconstitutionnel,bpt6k6892389,,failed,0,0,,no_usable_pages,known,,,bpt6k6892389: no usable pages in manifest.,2026-07-17T20:48:17.797246
leconstitutionnel,bpt6k689239p,,failed,0,0,,no_usable_pages,known,,,bpt6k689239p: no usable pages in manifest.,2026-07-17T20:48:18.203193
leconstitutionnel,bpt6k689240m,,failed,0,0,,no_usable_pages,known,,,bpt6k689240m: no usable pages in manifest.,2026-07-17T20:48:18.440070
leconstitutionnel,bpt6k6892410,,failed,0,0,,no_usable_pages,known,,,bpt6k6892410: no usable pages in manifest.,2026-07-17T20:48:18.600883
leconstitutionnel,bpt6k689242c,,failed,0,0,,no_usable_pages,known,,,bpt6k689242c: no usable pages in manifest.,2026-07-17T20:48:19.102111
leconstitutionnel,bpt6k689243r,,failed,0,0,,no_usable_pages,known,,,bpt6k689243r: no usable pages in manifest.,2026-07-17T20:48:19.397390
leconstitutionnel,bpt6k6892444,,failed,0,0,,no_usable_pages,known,,,bpt6k6892444: no usable pages in manifest.,2026-07-17T20:48:19.534572
leconstitutionnel,bpt6k689245h,,failed,0,0,,no_usable_pages,known,,,bpt6k689245h: no usable pages in manifest.,2026-07-17T20:48:19.707239
leconstitutionnel,bpt6k689246w,,failed,0,0,,no_usable_pages,known,,,bpt6k689246w: no usable pages in manifest.,2026-07-17T20:48:19.873614
leconstitutionnel,bpt6k6892478,,failed,0,0,,no_usable_pages,known,,,bpt6k6892478: no usable pages in manifest.,2026-07-17T20:48:20.033814
leconstitutionnel,bpt6k689248n,,failed,0,0,,no_usable_pages,known,,,bpt6k689248n: no usable pages in manifest.,2026-07-17T20:48:20.228583
leconstitutionnel,bpt6k6892491,,failed,0,0,,no_usable_pages,known,,,bpt6k6892491: no usable pages in manifest.,2026-07-17T20:48:20.518353
leconstitutionnel,bpt6k689250z,,failed,0,0,,no_usable_pages,known,,,bpt6k689250z: no usable pages in manifest.,2026-07-17T20:48:20.768595
leconstitutionnel,bpt6k689251b,,failed,0,0,,no_usable_pages,known,,,bpt6k689251b: no usable pages in manifest.,2026-07-17T20:48:20.948949
leconstitutionnel,bpt6k689252q,,failed,0,0,,no_usable_pages,known,,,bpt6k689252q: no usable pages in manifest.,2026-07-17T20:48:21.103314
leconstitutionnel,bpt6k6892533,,failed,0,0,,no_usable_pages,known,,,bpt6k6892533: no usable pages in manifest.,2026-07-17T20:48:21.314235
leconstitutionnel,bpt6k689254g,,failed,0,0,,no_usable_pages,known,,,bpt6k689254g: no usable pages in manifest.,2026-07-17T20:48:21.712090
leconstitutionnel,bpt6k689255v,,failed,0,0,,no_usable_pages,known,,,bpt6k689255v: no usable pages in manifest.,2026-07-17T20:48:21.908902
leconstitutionnel,bpt6k6892567,,failed,0,0,,no_usable_pages,known,,,bpt6k6892567: no usable pages in manifest.,2026-07-17T20:48:22.152635
leconstitutionnel,bpt6k689257m,,failed,0,0,,no_usable_pages,known,,,bpt6k689257m: no usable pages in manifest.,2026-07-17T20:48:22.395549
leconstitutionnel,bpt6k6892580,,failed,0,0,,no_usable_pages,known,,,bpt6k6892580: no usable pages in manifest.,2026-07-17T20:48:22.676818
leconstitutionnel,bpt6k689259c,,failed,0,0,,no_usable_pages,known,,,bpt6k689259c: no usable pages in manifest.,2026-07-17T20:48:22.853933
leconstitutionnel,bpt6k6892609,,failed,0,0,,no_usable_pages,known,,,bpt6k6892609: no usable pages in manifest.,2026-07-17T20:48:23.059741
leconstitutionnel,bpt6k689261p,,failed,0,0,,no_usable_pages,known,,,bpt6k689261p: no usable pages in manifest.,2026-07-17T20:48:23.297549
leconstitutionnel,bpt6k6892622,,failed,0,0,,no_usable_pages,known,,,bpt6k6892622: no usable pages in manifest.,2026-07-17T20:48:23.542821
leconstitutionnel,bpt6k689263f,,failed,0,0,,no_usable_pages,known,,,bpt6k689263f: no usable pages in manifest.,2026-07-17T20:48:23.875826
leconstitutionnel,bpt6k689264t,,failed,0,0,,no_usable_pages,known,,,bpt6k689264t: no usable pages in manifest.,2026-07-17T20:48:24.028561
leconstitutionnel,bpt6k6892656,,failed,0,0,,no_usable_pages,known,,,bpt6k6892656: no usable pages in manifest.,2026-07-17T20:48:24.150410
leconstitutionnel,bpt6k689266k,,failed,0,0,,no_usable_pages,known,,,bpt6k689266k: no usable pages in manifest.,2026-07-17T20:48:24.294677
leconstitutionnel,bpt6k689267z,,failed,0,0,,no_usable_pages,known,,,bpt6k689267z: no usable pages in manifest.,2026-07-17T20:48:24.440895
leconstitutionnel,bpt6k689268b,,failed,0,0,,no_usable_pages,known,,,bpt6k689268b: no usable pages in manifest.,2026-07-17T20:48:24.583375
leconstitutionnel,bpt6k689269q,,failed,0,0,,no_usable_pages,known,,,bpt6k689269q: no usable pages in manifest.,2026-07-17T20:48:24.765660
leconstitutionnel,bpt6k689270n,,failed,0,0,,no_usable_pages,known,,,bpt6k689270n: no usable pages in manifest.,2026-07-17T20:48:24.929833
leconstitutionnel,bpt6k6892711,,failed,0,0,,no_usable_pages,known,,,bpt6k6892711: no usable pages in manifest.,2026-07-17T20:48:25.067451
leconstitutionnel,bpt6k689272d,,failed,0,0,,no_usable_pages,known,,,bpt6k689272d: no usable pages in manifest.,2026-07-17T20:48:25.245192
leconstitutionnel,bpt6k689273s,,failed,0,0,,no_usable_pages,known,,,bpt6k689273s: no usable pages in manifest.,2026-07-17T20:48:25.428896
leconstitutionnel,bpt6k6892745,,failed,0,0,,no_usable_pages,known,,,bpt6k6892745: no usable pages in manifest.,2026-07-17T20:48:25.736878
leconstitutionnel,bpt6k689275j,,failed,0,0,,no_usable_pages,known,,,bpt6k689275j: no usable pages in manifest.,2026-07-17T20:48:25.985523
leconstitutionnel,bpt6k689276x,,failed,0,0,,no_usable_pages,known,,,bpt6k689276x: no usable pages in manifest.,2026-07-17T20:48:26.228429
leconstitutionnel,bpt6k6892779,,failed,0,0,,no_usable_pages,known,,,bpt6k6892779: no usable pages in manifest.,2026-07-17T20:48:26.405038
leconstitutionnel,bpt6k689278p,,failed,0,0,,no_usable_pages,known,,,bpt6k689278p: no usable pages in manifest.,2026-07-17T20:48:26.581461
leconstitutionnel,bpt6k6892792,,failed,0,0,,no_usable_pages,known,,,bpt6k6892792: no usable pages in manifest.,2026-07-17T20:48:26.719829
leconstitutionnel,bpt6k6892800,,failed,0,0,,no_usable_pages,known,,,bpt6k6892800: no usable pages in manifest.,2026-07-17T20:48:26.922949
leconstitutionnel,bpt6k689281c,,failed,0,0,,no_usable_pages,known,,,bpt6k689281c: no usable pages in manifest.,2026-07-17T20:48:27.105063
leconstitutionnel,bpt6k689282r,,failed,0,0,,no_usable_pages,known,,,bpt6k689282r: no usable pages in manifest.,2026-07-17T20:48:27.226557
leconstitutionnel,bpt6k6892834,,failed,0,0,,no_usable_pages,known,,,bpt6k6892834: no usable pages in manifest.,2026-07-17T20:48:27.391047
leconstitutionnel,bpt6k689284h,,failed,0,0,,no_usable_pages,known,,,bpt6k689284h: no usable pages in manifest.,2026-07-17T20:48:27.505113
leconstitutionnel,bpt6k689285w,,failed,0,0,,no_usable_pages,known,,,bpt6k689285w: no usable pages in manifest.,2026-07-17T20:48:27.606280
leconstitutionnel,bpt6k6892868,,failed,0,0,,no_usable_pages,known,,,bpt6k6892868: no usable pages in manifest.,2026-07-17T20:48:27.718586
leconstitutionnel,bpt6k689287n,,failed,0,0,,no_usable_pages,known,,,bpt6k689287n: no usable pages in manifest.,2026-07-17T20:48:27.883160
leconstitutionnel,bpt6k6892881,,failed,0,0,,no_usable_pages,known,,,bpt6k6892881: no usable pages in manifest.,2026-07-17T20:48:28.022653
leconstitutionnel,bpt6k689289d,,failed,0,0,,no_usable_pages,known,,,bpt6k689289d: no usable pages in manifest.,2026-07-17T20:48:28.243998
leconstitutionnel,bpt6k689290b,,failed,0,0,,no_usable_pages,known,,,bpt6k689290b: no usable pages in manifest.,2026-07-17T20:48:28.390009
leconstitutionnel,bpt6k689291q,,failed,0,0,,no_usable_pages,known,,,bpt6k689291q: no usable pages in manifest.,2026-07-17T20:48:28.534093
leconstitutionnel,bpt6k6892923,,failed,0,0,,no_usable_pages,known,,,bpt6k6892923: no usable pages in manifest.,2026-07-17T20:48:28.722636
leconstitutionnel,bpt6k689293g,,failed,0,0,,no_usable_pages,known,,,bpt6k689293g: no usable pages in manifest.,2026-07-17T20:48:28.835982
leconstitutionnel,bpt6k689294v,,failed,0,0,,no_usable_pages,known,,,bpt6k689294v: no usable pages in manifest.,2026-07-17T20:48:28.957284
leconstitutionnel,bpt6k6892957,,failed,0,0,,no_usable_pages,known,,,bpt6k6892957: no usable pages in manifest.,2026-07-17T20:48:29.275056
leconstitutionnel,bpt6k689296m,,failed,0,0,,no_usable_pages,known,,,bpt6k689296m: no usable pages in manifest.,2026-07-17T20:48:29.403803
leconstitutionnel,bpt6k6892970,,failed,0,0,,no_usable_pages,known,,,bpt6k6892970: no usable pages in manifest.,2026-07-17T20:48:29.557140
leconstitutionnel,bpt6k689298c,,failed,0,0,,no_usable_pages,known,,,bpt6k689298c: no usable pages in manifest.,2026-07-17T20:48:29.679205
leconstitutionnel,bpt6k689299r,,failed,0,0,,no_usable_pages,known,,,bpt6k689299r: no usable pages in manifest.,2026-07-17T20:48:29.811334
leconstitutionnel,bpt6k689300j,,failed,0,0,,no_usable_pages,known,,,bpt6k689300j: no usable pages in manifest.,2026-07-17T20:48:29.966574
leconstitutionnel,bpt6k689301x,,failed,0,0,,no_usable_pages,known,,,bpt6k689301x: no usable pages in manifest.,2026-07-17T20:48:30.129415
leconstitutionnel,bpt6k6893029,,failed,0,0,,no_usable_pages,known,,,bpt6k6893029: no usable pages in manifest.,2026-07-17T20:48:30.319854
leconstitutionnel,bpt6k689303p,,failed,0,0,,no_usable_pages,known,,,bpt6k689303p: no usable pages in manifest.,2026-07-17T20:48:30.476651
leconstitutionnel,bpt6k6893042,,failed,0,0,,no_usable_pages,known,,,bpt6k6893042: no usable pages in manifest.,2026-07-17T20:48:30.584223
leconstitutionnel,bpt6k689305f,,failed,0,0,,no_usable_pages,known,,,bpt6k689305f: no usable pages in manifest.,2026-07-17T20:48:30.696007
leconstitutionnel,bpt6k689306t,,failed,0,0,,no_usable_pages,known,,,bpt6k689306t: no usable pages in manifest.,2026-07-17T20:48:30.823364
leconstitutionnel,bpt6k6893076,,failed,0,0,,no_usable_pages,known,,,bpt6k6893076: no usable pages in manifest.,2026-07-17T20:48:30.963496
leconstitutionnel,bpt6k689308k,,failed,0,0,,no_usable_pages,known,,,bpt6k689308k: no usable pages in manifest.,2026-07-17T20:48:31.389746
leconstitutionnel,bpt6k689309z,,failed,0,0,,no_usable_pages,known,,,bpt6k689309z: no usable pages in manifest.,2026-07-17T20:48:31.642835
leconstitutionnel,bpt6k689310w,,failed,0,0,,no_usable_pages,known,,,bpt6k689310w: no usable pages in manifest.,2026-07-17T20:48:31.781988
leconstitutionnel,bpt6k6893118,,failed,0,0,,no_usable_pages,known,,,bpt6k6893118: no usable pages in manifest.,2026-07-17T20:48:32.000270
leconstitutionnel,bpt6k689312n,,failed,0,0,,no_usable_pages,known,,,bpt6k689312n: no usable pages in manifest.,2026-07-17T20:48:32.135649
leconstitutionnel,bpt6k6893131,,failed,0,0,,no_usable_pages,known,,,bpt6k6893131: no usable pages in manifest.,2026-07-17T20:48:32.296649
leconstitutionnel,bpt6k689314d,,failed,0,0,,no_usable_pages,known,,,bpt6k689314d: no usable pages in manifest.,2026-07-17T20:48:32.409773
leconstitutionnel,bpt6k689315s,,failed,0,0,,no_usable_pages,known,,,bpt6k689315s: no usable pages in manifest.,2026-07-17T20:48:32.672803
leconstitutionnel,bpt6k6893165,,failed,0,0,,no_usable_pages,known,,,bpt6k6893165: no usable pages in manifest.,2026-07-17T20:48:32.814347
leconstitutionnel,bpt6k689317j,,failed,0,0,,no_usable_pages,known,,,bpt6k689317j: no usable pages in manifest.,2026-07-17T20:48:32.969633
leconstitutionnel,bpt6k689318x,,failed,0,0,,no_usable_pages,known,,,bpt6k689318x: no usable pages in manifest.,2026-07-17T20:48:33.219417
leconstitutionnel,bpt6k6893199,,failed,0,0,,no_usable_pages,known,,,bpt6k6893199: no usable pages in manifest.,2026-07-17T20:48:33.391362
leconstitutionnel,bpt6k6893207,,failed,0,0,,no_usable_pages,known,,,bpt6k6893207: no usable pages in manifest.,2026-07-17T20:48:33.514435
leconstitutionnel,bpt6k689321m,,failed,0,0,,no_usable_pages,known,,,bpt6k689321m: no usable pages in manifest.,2026-07-17T20:48:33.755051
leconstitutionnel,bpt6k6893220,,failed,0,0,,no_usable_pages,known,,,bpt6k6893220: no usable pages in manifest.,2026-07-17T20:48:33.893115
leconstitutionnel,bpt6k689323c,,failed,0,0,,no_usable_pages,known,,,bpt6k689323c: no usable pages in manifest.,2026-07-17T20:48:34.046407
leconstitutionnel,bpt6k689324r,,failed,0,0,,no_usable_pages,known,,,bpt6k689324r: no usable pages in manifest.,2026-07-17T20:48:34.170885
leconstitutionnel,bpt6k6893254,,failed,0,0,,no_usable_pages,known,,,bpt6k6893254: no usable pages in manifest.,2026-07-17T20:48:34.295195
leconstitutionnel,bpt6k689326h,,failed,0,0,,no_usable_pages,known,,,bpt6k689326h: no usable pages in manifest.,2026-07-17T20:48:34.426843
leconstitutionnel,bpt6k689327w,,failed,0,0,,no_usable_pages,known,,,bpt6k689327w: no usable pages in manifest.,2026-07-17T20:48:34.533267
leconstitutionnel,bpt6k6893288,,failed,0,0,,no_usable_pages,known,,,bpt6k6893288: no usable pages in manifest.,2026-07-17T20:48:34.714195
leconstitutionnel,bpt6k689329n,,failed,0,0,,no_usable_pages,known,,,bpt6k689329n: no usable pages in manifest.,2026-07-17T20:48:34.846480
leconstitutionnel,bpt6k689330k,,failed,0,0,,no_usable_pages,known,,,bpt6k689330k: no usable pages in manifest.,2026-07-17T20:48:35.028893
leconstitutionnel,bpt6k689331z,,failed,0,0,,no_usable_pages,known,,,bpt6k689331z: no usable pages in manifest.,2026-07-17T20:48:35.201454
leconstitutionnel,bpt6k689332b,,failed,0,0,,no_usable_pages,known,,,bpt6k689332b: no usable pages in manifest.,2026-07-17T20:48:35.334911
leconstitutionnel,bpt6k689333q,,failed,0,0,,no_usable_pages,known,,,bpt6k689333q: no usable pages in manifest.,2026-07-17T20:48:35.469532
leconstitutionnel,bpt6k6893343,,failed,0,0,,no_usable_pages,known,,,bpt6k6893343: no usable pages in manifest.,2026-07-17T20:48:35.617720
leconstitutionnel,bpt6k689335g,,failed,0,0,,no_usable_pages,known,,,bpt6k689335g: no usable pages in manifest.,2026-07-17T20:48:35.837482
leconstitutionnel,bpt6k689336v,,failed,0,0,,no_usable_pages,known,,,bpt6k689336v: no usable pages in manifest.,2026-07-17T20:48:35.994316
leconstitutionnel,bpt6k6893377,,failed,0,0,,no_usable_pages,known,,,bpt6k6893377: no usable pages in manifest.,2026-07-17T20:48:36.099841
leconstitutionnel,bpt6k689338m,,failed,0,0,,no_usable_pages,known,,,bpt6k689338m: no usable pages in manifest.,2026-07-17T20:48:36.247547
leconstitutionnel,bpt6k6893390,,failed,0,0,,no_usable_pages,known,,,bpt6k6893390: no usable pages in manifest.,2026-07-17T20:48:36.413715
leconstitutionnel,bpt6k689340x,,failed,0,0,,no_usable_pages,known,,,bpt6k689340x: no usable pages in manifest.,2026-07-17T20:48:36.538192
leconstitutionnel,bpt6k6893856,,failed,0,0,,no_usable_pages,known,,,bpt6k6893856: no usable pages in manifest.,2026-07-17T20:48:36.693668
leconstitutionnel,bpt6k689386k,,failed,0,0,,no_usable_pages,known,,,bpt6k689386k: no usable pages in manifest.,2026-07-17T20:48:37.088084
leconstitutionnel,bpt6k689387z,,failed,0,0,,no_usable_pages,known,,,bpt6k689387z: no usable pages in manifest.,2026-07-17T20:48:37.200637
leconstitutionnel,bpt6k689388b,,failed,0,0,,no_usable_pages,known,,,bpt6k689388b: no usable pages in manifest.,2026-07-17T20:48:37.332149
leconstitutionnel,bpt6k689389q,,failed,0,0,,no_usable_pages,known,,,bpt6k689389q: no usable pages in manifest.,2026-07-17T20:48:37.422532
leconstitutionnel,bpt6k689390n,,failed,0,0,,no_usable_pages,known,,,bpt6k689390n: no usable pages in manifest.,2026-07-17T20:48:37.593876
leconstitutionnel,bpt6k6893911,,failed,0,0,,no_usable_pages,known,,,bpt6k6893911: no usable pages in manifest.,2026-07-17T20:48:37.724166
leconstitutionnel,bpt6k689392d,,failed,0,0,,no_usable_pages,known,,,bpt6k689392d: no usable pages in manifest.,2026-07-17T20:48:37.838415
leconstitutionnel,bpt6k689393s,,failed,0,0,,no_usable_pages,known,,,bpt6k689393s: no usable pages in manifest.,2026-07-17T20:48:38.020664
leconstitutionnel,bpt6k6893945,,failed,0,0,,no_usable_pages,known,,,bpt6k6893945: no usable pages in manifest.,2026-07-17T20:48:38.238672
leconstitutionnel,bpt6k689395j,,failed,0,0,,no_usable_pages,known,,,bpt6k689395j: no usable pages in manifest.,2026-07-17T20:48:38.373106
leconstitutionnel,bpt6k689396x,,failed,0,0,,no_usable_pages,known,,,bpt6k689396x: no usable pages in manifest.,2026-07-17T20:48:38.529776
leconstitutionnel,bpt6k6893979,,failed,0,0,,no_usable_pages,known,,,bpt6k6893979: no usable pages in manifest.,2026-07-17T20:48:38.810990
leconstitutionnel,bpt6k689398p,,failed,0,0,,no_usable_pages,known,,,bpt6k689398p: no usable pages in manifest.,2026-07-17T20:48:38.947743
leconstitutionnel,bpt6k6893992,,failed,0,0,,no_usable_pages,known,,,bpt6k6893992: no usable pages in manifest.,2026-07-17T20:48:39.065104
leconstitutionnel,bpt6k689400v,,failed,0,0,,no_usable_pages,known,,,bpt6k689400v: no usable pages in manifest.,2026-07-17T20:48:39.257554
leconstitutionnel,bpt6k6894017,,failed,0,0,,no_usable_pages,known,,,bpt6k6894017: no usable pages in manifest.,2026-07-17T20:48:39.399294
leconstitutionnel,bpt6k689402m,,failed,0,0,,no_usable_pages,known,,,bpt6k689402m: no usable pages in manifest.,2026-07-17T20:48:39.523412
leconstitutionnel,bpt6k6894276,,failed,0,0,,no_usable_pages,known,,,bpt6k6894276: no usable pages in manifest.,2026-07-17T20:48:39.678794
leconstitutionnel,bpt6k689428k,,failed,0,0,,no_usable_pages,known,,,bpt6k689428k: no usable pages in manifest.,2026-07-17T20:48:39.793019
leconstitutionnel,bpt6k689429z,,failed,0,0,,no_usable_pages,known,,,bpt6k689429z: no usable pages in manifest.,2026-07-17T20:48:39.931031
leconstitutionnel,bpt6k689430w,,failed,0,0,,no_usable_pages,known,,,bpt6k689430w: no usable pages in manifest.,2026-07-17T20:48:40.067265
leconstitutionnel,bpt6k6894318,,failed,0,0,,no_usable_pages,known,,,bpt6k6894318: no usable pages in manifest.,2026-07-17T20:48:40.295751
leconstitutionnel,bpt6k689432n,,failed,0,0,,no_usable_pages,known,,,bpt6k689432n: no usable pages in manifest.,2026-07-17T20:48:40.504103
leconstitutionnel,bpt6k6894331,,failed,0,0,,no_usable_pages,known,,,bpt6k6894331: no usable pages in manifest.,2026-07-17T20:48:40.833685
leconstitutionnel,bpt6k689434d,,failed,0,0,,no_usable_pages,known,,,bpt6k689434d: no usable pages in manifest.,2026-07-17T20:48:40.956864
leconstitutionnel,bpt6k689435s,,failed,0,0,,no_usable_pages,known,,,bpt6k689435s: no usable pages in manifest.,2026-07-17T20:48:41.095858
leconstitutionnel,bpt6k6894365,,failed,0,0,,no_usable_pages,known,,,bpt6k6894365: no usable pages in manifest.,2026-07-17T20:48:41.514186
leconstitutionnel,bpt6k689437j,,failed,0,0,,no_usable_pages,known,,,bpt6k689437j: no usable pages in manifest.,2026-07-17T20:48:41.692374
leconstitutionnel,bpt6k689438x,,failed,0,0,,no_usable_pages,known,,,bpt6k689438x: no usable pages in manifest.,2026-07-17T20:48:41.864580
leconstitutionnel,bpt6k6894399,,failed,0,0,,no_usable_pages,known,,,bpt6k6894399: no usable pages in manifest.,2026-07-17T20:48:41.993007
leconstitutionnel,bpt6k6894407,,failed,0,0,,no_usable_pages,known,,,bpt6k6894407: no usable pages in manifest.,2026-07-17T20:48:42.108346
leconstitutionnel,bpt6k689441m,,failed,0,0,,no_usable_pages,known,,,bpt6k689441m: no usable pages in manifest.,2026-07-17T20:48:42.263426
leconstitutionnel,bpt6k6894420,,failed,0,0,,no_usable_pages,known,,,bpt6k6894420: no usable pages in manifest.,2026-07-17T20:48:42.434711
leconstitutionnel,bpt6k689443c,,failed,0,0,,no_usable_pages,known,,,bpt6k689443c: no usable pages in manifest.,2026-07-17T20:48:42.637803
leconstitutionnel,bpt6k689444r,,failed,0,0,,no_usable_pages,known,,,bpt6k689444r: no usable pages in manifest.,2026-07-17T20:48:42.805106
leconstitutionnel,bpt6k6894454,,failed,0,0,,no_usable_pages,known,,,bpt6k6894454: no usable pages in manifest.,2026-07-17T20:48:43.027454
leconstitutionnel,bpt6k689446h,,failed,0,0,,no_usable_pages,known,,,bpt6k689446h: no usable pages in manifest.,2026-07-17T20:48:43.171877
leconstitutionnel,bpt6k689447w,,failed,0,0,,no_usable_pages,known,,,bpt6k689447w: no usable pages in manifest.,2026-07-17T20:48:43.318395
leconstitutionnel,bpt6k6894488,,failed,0,0,,no_usable_pages,known,,,bpt6k6894488: no usable pages in manifest.,2026-07-17T20:48:43.563915
leconstitutionnel,bpt6k689449n,,failed,0,0,,no_usable_pages,known,,,bpt6k689449n: no usable pages in manifest.,2026-07-17T20:48:43.715248
leconstitutionnel,bpt6k689450k,,failed,0,0,,no_usable_pages,known,,,bpt6k689450k: no usable pages in manifest.,2026-07-17T20:48:43.872495
leconstitutionnel,bpt6k689451z,,failed,0,0,,no_usable_pages,known,,,bpt6k689451z: no usable pages in manifest.,2026-07-17T20:48:44.072993
leconstitutionnel,bpt6k689452b,,failed,0,0,,no_usable_pages,known,,,bpt6k689452b: no usable pages in manifest.,2026-07-17T20:48:44.202577
leconstitutionnel,bpt6k689453q,,failed,0,0,,no_usable_pages,known,,,bpt6k689453q: no usable pages in manifest.,2026-07-17T20:48:44.340128
leconstitutionnel,bpt6k6894543,,failed,0,0,,no_usable_pages,known,,,bpt6k6894543: no usable pages in manifest.,2026-07-17T20:48:44.700412
leconstitutionnel,bpt6k689455g,,failed,0,0,,no_usable_pages,known,,,bpt6k689455g: no usable pages in manifest.,2026-07-17T20:48:44.828959
leconstitutionnel,bpt6k689456v,,failed,0,0,,no_usable_pages,known,,,bpt6k689456v: no usable pages in manifest.,2026-07-17T20:48:44.939449
leconstitutionnel,bpt6k6894577,,failed,0,0,,no_usable_pages,known,,,bpt6k6894577: no usable pages in manifest.,2026-07-17T20:48:45.216903
leconstitutionnel,bpt6k689458m,,failed,0,0,,no_usable_pages,known,,,bpt6k689458m: no usable pages in manifest.,2026-07-17T20:48:45.378324
leconstitutionnel,bpt6k6894590,,failed,0,0,,no_usable_pages,known,,,bpt6k6894590: no usable pages in manifest.,2026-07-17T20:48:45.586066
leconstitutionnel,bpt6k689460x,,failed,0,0,,no_usable_pages,known,,,bpt6k689460x: no usable pages in manifest.,2026-07-17T20:48:45.738316
leconstitutionnel,bpt6k6894619,,failed,0,0,,no_usable_pages,known,,,bpt6k6894619: no usable pages in manifest.,2026-07-17T20:48:45.875611
leconstitutionnel,bpt6k689462p,,failed,0,0,,no_usable_pages,known,,,bpt6k689462p: no usable pages in manifest.,2026-07-17T20:48:46.025986
leconstitutionnel,bpt6k6894632,,failed,0,0,,no_usable_pages,known,,,bpt6k6894632: no usable pages in manifest.,2026-07-17T20:48:46.162461
leconstitutionnel,bpt6k689464f,,failed,0,0,,no_usable_pages,known,,,bpt6k689464f: no usable pages in manifest.,2026-07-17T20:48:46.337197
leconstitutionnel,bpt6k689465t,,failed,0,0,,no_usable_pages,known,,,bpt6k689465t: no usable pages in manifest.,2026-07-17T20:48:46.510012
leconstitutionnel,bpt6k6894666,,failed,0,0,,no_usable_pages,known,,,bpt6k6894666: no usable pages in manifest.,2026-07-17T20:48:46.652741
leconstitutionnel,bpt6k689467k,,failed,0,0,,no_usable_pages,known,,,bpt6k689467k: no usable pages in manifest.,2026-07-17T20:48:46.769482
leconstitutionnel,bpt6k689468z,,failed,0,0,,no_usable_pages,known,,,bpt6k689468z: no usable pages in manifest.,2026-07-17T20:48:46.920287
leconstitutionnel,bpt6k689469b,,failed,0,0,,no_usable_pages,known,,,bpt6k689469b: no usable pages in manifest.,2026-07-17T20:48:47.037172
leconstitutionnel,bpt6k6894708,,failed,0,0,,no_usable_pages,known,,,bpt6k6894708: no usable pages in manifest.,2026-07-17T20:48:47.147809
leconstitutionnel,bpt6k6894721,,failed,0,0,,no_usable_pages,known,,,bpt6k6894721: no usable pages in manifest.,2026-07-17T20:48:47.278850
leconstitutionnel,bpt6k689473d,,failed,0,0,,no_usable_pages,known,,,bpt6k689473d: no usable pages in manifest.,2026-07-17T20:48:47.427737
leconstitutionnel,bpt6k689474s,,failed,0,0,,no_usable_pages,known,,,bpt6k689474s: no usable pages in manifest.,2026-07-17T20:48:47.533077
leconstitutionnel,bpt6k6894755,,failed,0,0,,no_usable_pages,known,,,bpt6k6894755: no usable pages in manifest.,2026-07-17T20:48:47.694337
leconstitutionnel,bpt6k689476j,,failed,0,0,,no_usable_pages,known,,,bpt6k689476j: no usable pages in manifest.,2026-07-17T20:48:47.865461
leconstitutionnel,bpt6k689477x,,failed,0,0,,no_usable_pages,known,,,bpt6k689477x: no usable pages in manifest.,2026-07-17T20:48:47.971008
leconstitutionnel,bpt6k6894789,,failed,0,0,,no_usable_pages,known,,,bpt6k6894789: no usable pages in manifest.,2026-07-17T20:48:48.098465
leconstitutionnel,bpt6k689479p,,failed,0,0,,no_usable_pages,known,,,bpt6k689479p: no usable pages in manifest.,2026-07-17T20:48:48.208693
leconstitutionnel,bpt6k689480m,,failed,0,0,,no_usable_pages,known,,,bpt6k689480m: no usable pages in manifest.,2026-07-17T20:48:48.447447
leconstitutionnel,bpt6k6894810,,failed,0,0,,no_usable_pages,known,,,bpt6k6894810: no usable pages in manifest.,2026-07-17T20:48:48.642111
leconstitutionnel,bpt6k689482c,,failed,0,0,,no_usable_pages,known,,,bpt6k689482c: no usable pages in manifest.,2026-07-17T20:48:48.821082
leconstitutionnel,bpt6k689483r,,failed,0,0,,no_usable_pages,known,,,bpt6k689483r: no usable pages in manifest.,2026-07-17T20:48:49.121380
leconstitutionnel,bpt6k6894844,,failed,0,0,,no_usable_pages,known,,,bpt6k6894844: no usable pages in manifest.,2026-07-17T20:48:49.265712
leconstitutionnel,bpt6k689485h,,failed,0,0,,no_usable_pages,known,,,bpt6k689485h: no usable pages in manifest.,2026-07-17T20:48:49.437141
leconstitutionnel,bpt6k689486w,,failed,0,0,,no_usable_pages,known,,,bpt6k689486w: no usable pages in manifest.,2026-07-17T20:48:49.601121
leconstitutionnel,bpt6k6894878,,failed,0,0,,no_usable_pages,known,,,bpt6k6894878: no usable pages in manifest.,2026-07-17T20:48:49.801202
leconstitutionnel,bpt6k689488n,,failed,0,0,,no_usable_pages,known,,,bpt6k689488n: no usable pages in manifest.,2026-07-17T20:48:49.943698
leconstitutionnel,bpt6k6894891,,failed,0,0,,no_usable_pages,known,,,bpt6k6894891: no usable pages in manifest.,2026-07-17T20:48:50.119286
leconstitutionnel,bpt6k689490z,,failed,0,0,,no_usable_pages,known,,,bpt6k689490z: no usable pages in manifest.,2026-07-17T20:48:50.367291
leconstitutionnel,bpt6k689491b,,failed,0,0,,no_usable_pages,known,,,bpt6k689491b: no usable pages in manifest.,2026-07-17T20:48:50.496737
leconstitutionnel,bpt6k689492q,,failed,0,0,,no_usable_pages,known,,,bpt6k689492q: no usable pages in manifest.,2026-07-17T20:48:50.614931
leconstitutionnel,bpt6k6894933,,failed,0,0,,no_usable_pages,known,,,bpt6k6894933: no usable pages in manifest.,2026-07-17T20:48:50.770774
leconstitutionnel,bpt6k689494g,,failed,0,0,,no_usable_pages,known,,,bpt6k689494g: no usable pages in manifest.,2026-07-17T20:48:50.898408
leconstitutionnel,bpt6k689495v,,failed,0,0,,no_usable_pages,known,,,bpt6k689495v: no usable pages in manifest.,2026-07-17T20:48:51.073865
leconstitutionnel,bpt6k6894967,,failed,0,0,,no_usable_pages,known,,,bpt6k6894967: no usable pages in manifest.,2026-07-17T20:48:51.284901
leconstitutionnel,bpt6k689497m,,failed,0,0,,no_usable_pages,known,,,bpt6k689497m: no usable pages in manifest.,2026-07-17T20:48:51.439413
leconstitutionnel,bpt6k6894980,,failed,0,0,,no_usable_pages,known,,,bpt6k6894980: no usable pages in manifest.,2026-07-17T20:48:51.588379
leconstitutionnel,bpt6k689499c,,failed,0,0,,no_usable_pages,known,,,bpt6k689499c: no usable pages in manifest.,2026-07-17T20:48:51.773635
leconstitutionnel,bpt6k6895005,,failed,0,0,,no_usable_pages,known,,,bpt6k6895005: no usable pages in manifest.,2026-07-17T20:48:51.995458
leconstitutionnel,bpt6k689501j,,failed,0,0,,no_usable_pages,known,,,bpt6k689501j: no usable pages in manifest.,2026-07-17T20:48:52.327722
leconstitutionnel,bpt6k689502x,,failed,0,0,,no_usable_pages,known,,,bpt6k689502x: no usable pages in manifest.,2026-07-17T20:48:52.499264
leconstitutionnel,bpt6k6895039,,failed,0,0,,no_usable_pages,known,,,bpt6k6895039: no usable pages in manifest.,2026-07-17T20:48:52.650298
leconstitutionnel,bpt6k689504p,,failed,0,0,,no_usable_pages,known,,,bpt6k689504p: no usable pages in manifest.,2026-07-17T20:48:52.799381
leconstitutionnel,bpt6k6895052,,failed,0,0,,no_usable_pages,known,,,bpt6k6895052: no usable pages in manifest.,2026-07-17T20:48:53.016407
leconstitutionnel,bpt6k689506f,,failed,0,0,,no_usable_pages,known,,,bpt6k689506f: no usable pages in manifest.,2026-07-17T20:48:53.196090
leconstitutionnel,bpt6k689507t,,failed,0,0,,no_usable_pages,known,,,bpt6k689507t: no usable pages in manifest.,2026-07-17T20:48:53.479337
leconstitutionnel,bpt6k6895086,,failed,0,0,,no_usable_pages,known,,,bpt6k6895086: no usable pages in manifest.,2026-07-17T20:48:53.623840
leconstitutionnel,bpt6k689509k,,failed,0,0,,no_usable_pages,known,,,bpt6k689509k: no usable pages in manifest.,2026-07-17T20:48:53.748010
leconstitutionnel,bpt6k689510h,,failed,0,0,,no_usable_pages,known,,,bpt6k689510h: no usable pages in manifest.,2026-07-17T20:48:53.872476
leconstitutionnel,bpt6k689511w,,failed,0,0,,no_usable_pages,known,,,bpt6k689511w: no usable pages in manifest.,2026-07-17T20:48:54.156755
leconstitutionnel,bpt6k6895128,,failed,0,0,,no_usable_pages,known,,,bpt6k6895128: no usable pages in manifest.,2026-07-17T20:48:54.312005
leconstitutionnel,bpt6k689513n,,failed,0,0,,no_usable_pages,known,,,bpt6k689513n: no usable pages in manifest.,2026-07-17T20:48:54.452674
leconstitutionnel,bpt6k6895141,,failed,0,0,,no_usable_pages,known,,,bpt6k6895141: no usable pages in manifest.,2026-07-17T20:48:54.621185
leconstitutionnel,bpt6k689515d,,failed,0,0,,no_usable_pages,known,,,bpt6k689515d: no usable pages in manifest.,2026-07-17T20:48:54.814551
leconstitutionnel,bpt6k689516s,,failed,0,0,,no_usable_pages,known,,,bpt6k689516s: no usable pages in manifest.,2026-07-17T20:48:54.970763
leconstitutionnel,bpt6k6895175,,failed,0,0,,no_usable_pages,known,,,bpt6k6895175: no usable pages in manifest.,2026-07-17T20:48:55.145046
leconstitutionnel,bpt6k689518j,,failed,0,0,,no_usable_pages,known,,,bpt6k689518j: no usable pages in manifest.,2026-07-17T20:48:55.280309
leconstitutionnel,bpt6k689519x,,failed,0,0,,no_usable_pages,known,,,bpt6k689519x: no usable pages in manifest.,2026-07-17T20:48:55.386750
leconstitutionnel,bpt6k689520v,,failed,0,0,,no_usable_pages,known,,,bpt6k689520v: no usable pages in manifest.,2026-07-17T20:48:55.581086
leconstitutionnel,bpt6k6895217,,failed,0,0,,no_usable_pages,known,,,bpt6k6895217: no usable pages in manifest.,2026-07-17T20:48:55.737462
leconstitutionnel,bpt6k689522m,,failed,0,0,,no_usable_pages,known,,,bpt6k689522m: no usable pages in manifest.,2026-07-17T20:48:55.869065
leconstitutionnel,bpt6k6895230,,failed,0,0,,no_usable_pages,known,,,bpt6k6895230: no usable pages in manifest.,2026-07-17T20:48:56.025074
leconstitutionnel,bpt6k689524c,,failed,0,0,,no_usable_pages,known,,,bpt6k689524c: no usable pages in manifest.,2026-07-17T20:48:56.439454
leconstitutionnel,bpt6k689525r,,failed,0,0,,no_usable_pages,known,,,bpt6k689525r: no usable pages in manifest.,2026-07-17T20:48:56.562177
leconstitutionnel,bpt6k6895264,,failed,0,0,,no_usable_pages,known,,,bpt6k6895264: no usable pages in manifest.,2026-07-17T20:48:56.675258
leconstitutionnel,bpt6k689527h,,failed,0,0,,no_usable_pages,known,,,bpt6k689527h: no usable pages in manifest.,2026-07-17T20:48:56.887180
leconstitutionnel,bpt6k689528w,,failed,0,0,,no_usable_pages,known,,,bpt6k689528w: no usable pages in manifest.,2026-07-17T20:48:56.983894
leconstitutionnel,bpt6k6895298,,failed,0,0,,no_usable_pages,known,,,bpt6k6895298: no usable pages in manifest.,2026-07-17T20:48:57.103667
leconstitutionnel,bpt6k6895306,,failed,0,0,,no_usable_pages,known,,,bpt6k6895306: no usable pages in manifest.,2026-07-17T20:48:57.253020
leconstitutionnel,bpt6k689531k,,failed,0,0,,no_usable_pages,known,,,bpt6k689531k: no usable pages in manifest.,2026-07-17T20:48:57.431136
leconstitutionnel,bpt6k689532z,,failed,0,0,,no_usable_pages,known,,,bpt6k689532z: no usable pages in manifest.,2026-07-17T20:48:57.594828
leconstitutionnel,bpt6k689533b,,failed,0,0,,no_usable_pages,known,,,bpt6k689533b: no usable pages in manifest.,2026-07-17T20:48:57.748402
leconstitutionnel,bpt6k689534q,,failed,0,0,,no_usable_pages,known,,,bpt6k689534q: no usable pages in manifest.,2026-07-17T20:48:57.963588
leconstitutionnel,bpt6k6895353,,failed,0,0,,no_usable_pages,known,,,bpt6k6895353: no usable pages in manifest.,2026-07-17T20:48:58.277293
leconstitutionnel,bpt6k689536g,,failed,0,0,,no_usable_pages,known,,,bpt6k689536g: no usable pages in manifest.,2026-07-17T20:48:58.452380
leconstitutionnel,bpt6k689537v,,failed,0,0,,no_usable_pages,known,,,bpt6k689537v: no usable pages in manifest.,2026-07-17T20:48:58.667856
leconstitutionnel,bpt6k6895387,,failed,0,0,,no_usable_pages,known,,,bpt6k6895387: no usable pages in manifest.,2026-07-17T20:48:58.789536
leconstitutionnel,bpt6k689539m,,failed,0,0,,no_usable_pages,known,,,bpt6k689539m: no usable pages in manifest.,2026-07-17T20:48:58.944288
leconstitutionnel,bpt6k689540j,,failed,0,0,,no_usable_pages,known,,,bpt6k689540j: no usable pages in manifest.,2026-07-17T20:48:59.083897
leconstitutionnel,bpt6k689541x,,failed,0,0,,no_usable_pages,known,,,bpt6k689541x: no usable pages in manifest.,2026-07-17T20:48:59.216379
leconstitutionnel,bpt6k6895429,,failed,0,0,,no_usable_pages,known,,,bpt6k6895429: no usable pages in manifest.,2026-07-17T20:48:59.347394
leconstitutionnel,bpt6k689543p,,failed,0,0,,no_usable_pages,known,,,bpt6k689543p: no usable pages in manifest.,2026-07-17T20:48:59.517342
leconstitutionnel,bpt6k6895442,,failed,0,0,,no_usable_pages,known,,,bpt6k6895442: no usable pages in manifest.,2026-07-17T20:48:59.723068
leconstitutionnel,bpt6k689545f,,failed,0,0,,no_usable_pages,known,,,bpt6k689545f: no usable pages in manifest.,2026-07-17T20:48:59.880635
leconstitutionnel,bpt6k689546t,,failed,0,0,,no_usable_pages,known,,,bpt6k689546t: no usable pages in manifest.,2026-07-17T20:49:00.062008
leconstitutionnel,bpt6k6895476,,failed,0,0,,no_usable_pages,known,,,bpt6k6895476: no usable pages in manifest.,2026-07-17T20:49:00.306111
leconstitutionnel,bpt6k689548k,,failed,0,0,,no_usable_pages,known,,,bpt6k689548k: no usable pages in manifest.,2026-07-17T20:49:00.440985
leconstitutionnel,bpt6k689549z,,failed,0,0,,no_usable_pages,known,,,bpt6k689549z: no usable pages in manifest.,2026-07-17T20:49:00.613045
leconstitutionnel,bpt6k689550w,,failed,0,0,,no_usable_pages,known,,,bpt6k689550w: no usable pages in manifest.,2026-07-17T20:49:00.790302
leconstitutionnel,bpt6k6895518,,failed,0,0,,no_usable_pages,known,,,bpt6k6895518: no usable pages in manifest.,2026-07-17T20:49:00.919047
leconstitutionnel,bpt6k689552n,,failed,0,0,,no_usable_pages,known,,,bpt6k689552n: no usable pages in manifest.,2026-07-17T20:49:01.061609
leconstitutionnel,bpt6k6895531,,failed,0,0,,no_usable_pages,known,,,bpt6k6895531: no usable pages in manifest.,2026-07-17T20:49:01.258901
leconstitutionnel,bpt6k689554d,,failed,0,0,,no_usable_pages,known,,,bpt6k689554d: no usable pages in manifest.,2026-07-17T20:49:01.421844
leconstitutionnel,bpt6k689555s,,failed,0,0,,no_usable_pages,known,,,bpt6k689555s: no usable pages in manifest.,2026-07-17T20:49:01.560008
leconstitutionnel,bpt6k6895565,,failed,0,0,,no_usable_pages,known,,,bpt6k6895565: no usable pages in manifest.,2026-07-17T20:49:01.702377
leconstitutionnel,bpt6k689557j,,failed,0,0,,no_usable_pages,known,,,bpt6k689557j: no usable pages in manifest.,2026-07-17T20:49:01.868603
leconstitutionnel,bpt6k689558x,,failed,0,0,,no_usable_pages,known,,,bpt6k689558x: no usable pages in manifest.,2026-07-17T20:49:02.102055
leconstitutionnel,bpt6k6895599,,failed,0,0,,no_usable_pages,known,,,bpt6k6895599: no usable pages in manifest.,2026-07-17T20:49:02.306496
leconstitutionnel,bpt6k6895607,,failed,0,0,,no_usable_pages,known,,,bpt6k6895607: no usable pages in manifest.,2026-07-17T20:49:02.439118
leconstitutionnel,bpt6k689561m,,failed,0,0,,no_usable_pages,known,,,bpt6k689561m: no usable pages in manifest.,2026-07-17T20:49:02.585133
leconstitutionnel,bpt6k6895620,,failed,0,0,,no_usable_pages,known,,,bpt6k6895620: no usable pages in manifest.,2026-07-17T20:49:02.770837
leconstitutionnel,bpt6k689563c,,failed,0,0,,no_usable_pages,known,,,bpt6k689563c: no usable pages in manifest.,2026-07-17T20:49:03.035721
leconstitutionnel,bpt6k689564r,,failed,0,0,,no_usable_pages,known,,,bpt6k689564r: no usable pages in manifest.,2026-07-17T20:49:03.186505
leconstitutionnel,bpt6k6895654,,failed,0,0,,no_usable_pages,known,,,bpt6k6895654: no usable pages in manifest.,2026-07-17T20:49:03.379159
leconstitutionnel,bpt6k689566h,,failed,0,0,,no_usable_pages,known,,,bpt6k689566h: no usable pages in manifest.,2026-07-17T20:49:03.509917
leconstitutionnel,bpt6k689567w,,failed,0,0,,no_usable_pages,known,,,bpt6k689567w: no usable pages in manifest.,2026-07-17T20:49:03.724289
leconstitutionnel,bpt6k6895688,,failed,0,0,,no_usable_pages,known,,,bpt6k6895688: no usable pages in manifest.,2026-07-17T20:49:03.948954
leconstitutionnel,bpt6k689569n,,failed,0,0,,no_usable_pages,known,,,bpt6k689569n: no usable pages in manifest.,2026-07-17T20:49:04.079097
leconstitutionnel,bpt6k689570k,,failed,0,0,,no_usable_pages,known,,,bpt6k689570k: no usable pages in manifest.,2026-07-17T20:49:04.219810
leconstitutionnel,bpt6k689571z,,failed,0,0,,no_usable_pages,known,,,bpt6k689571z: no usable pages in manifest.,2026-07-17T20:49:04.368098
leconstitutionnel,bpt6k689572b,,failed,0,0,,no_usable_pages,known,,,bpt6k689572b: no usable pages in manifest.,2026-07-17T20:49:04.512856
leconstitutionnel,bpt6k689573q,,failed,0,0,,no_usable_pages,known,,,bpt6k689573q: no usable pages in manifest.,2026-07-17T20:49:04.687195
leconstitutionnel,bpt6k6895743,,failed,0,0,,no_usable_pages,known,,,bpt6k6895743: no usable pages in manifest.,2026-07-17T20:49:04.833983
leconstitutionnel,bpt6k689575g,,failed,0,0,,no_usable_pages,known,,,bpt6k689575g: no usable pages in manifest.,2026-07-17T20:49:05.024149
leconstitutionnel,bpt6k689576v,,failed,0,0,,no_usable_pages,known,,,bpt6k689576v: no usable pages in manifest.,2026-07-17T20:49:05.189752
leconstitutionnel,bpt6k6895777,,failed,0,0,,no_usable_pages,known,,,bpt6k6895777: no usable pages in manifest.,2026-07-17T20:49:05.378664
leconstitutionnel,bpt6k689578m,,failed,0,0,,no_usable_pages,known,,,bpt6k689578m: no usable pages in manifest.,2026-07-17T20:49:05.554405
leconstitutionnel,bpt6k6895790,,failed,0,0,,no_usable_pages,known,,,bpt6k6895790: no usable pages in manifest.,2026-07-17T20:49:05.720990
leconstitutionnel,bpt6k689580x,,failed,0,0,,no_usable_pages,known,,,bpt6k689580x: no usable pages in manifest.,2026-07-17T20:49:05.861158
leconstitutionnel,bpt6k6895819,,failed,0,0,,no_usable_pages,known,,,bpt6k6895819: no usable pages in manifest.,2026-07-17T20:49:06.040775
leconstitutionnel,bpt6k689582p,,failed,0,0,,no_usable_pages,known,,,bpt6k689582p: no usable pages in manifest.,2026-07-17T20:49:06.146651
leconstitutionnel,bpt6k6895832,,failed,0,0,,no_usable_pages,known,,,bpt6k6895832: no usable pages in manifest.,2026-07-17T20:49:06.319348
leconstitutionnel,bpt6k689584f,,failed,0,0,,no_usable_pages,known,,,bpt6k689584f: no usable pages in manifest.,2026-07-17T20:49:06.460065
leconstitutionnel,bpt6k689585t,,failed,0,0,,no_usable_pages,known,,,bpt6k689585t: no usable pages in manifest.,2026-07-17T20:49:06.554754
leconstitutionnel,bpt6k6895866,,failed,0,0,,no_usable_pages,known,,,bpt6k6895866: no usable pages in manifest.,2026-07-17T20:49:06.688846
leconstitutionnel,bpt6k689587k,,failed,0,0,,no_usable_pages,known,,,bpt6k689587k: no usable pages in manifest.,2026-07-17T20:49:06.808099
leconstitutionnel,bpt6k689588z,,failed,0,0,,no_usable_pages,known,,,bpt6k689588z: no usable pages in manifest.,2026-07-17T20:49:06.943666
leconstitutionnel,bpt6k689589b,,failed,0,0,,no_usable_pages,known,,,bpt6k689589b: no usable pages in manifest.,2026-07-17T20:49:07.173349
leconstitutionnel,bpt6k6895908,,failed,0,0,,no_usable_pages,known,,,bpt6k6895908: no usable pages in manifest.,2026-07-17T20:49:07.338684
leconstitutionnel,bpt6k689591n,,failed,0,0,,no_usable_pages,known,,,bpt6k689591n: no usable pages in manifest.,2026-07-17T20:49:07.511053
leconstitutionnel,bpt6k6895921,,failed,0,0,,no_usable_pages,known,,,bpt6k6895921: no usable pages in manifest.,2026-07-17T20:49:07.606192
leconstitutionnel,bpt6k689593d,,failed,0,0,,no_usable_pages,known,,,bpt6k689593d: no usable pages in manifest.,2026-07-17T20:49:07.724983
leconstitutionnel,bpt6k689594s,,failed,0,0,,no_usable_pages,known,,,bpt6k689594s: no usable pages in manifest.,2026-07-17T20:49:07.844086
leconstitutionnel,bpt6k6895955,,failed,0,0,,no_usable_pages,known,,,bpt6k6895955: no usable pages in manifest.,2026-07-17T20:49:07.975033
leconstitutionnel,bpt6k689596j,,failed,0,0,,no_usable_pages,known,,,bpt6k689596j: no usable pages in manifest.,2026-07-17T20:49:08.093098
leconstitutionnel,bpt6k689597x,,failed,0,0,,no_usable_pages,known,,,bpt6k689597x: no usable pages in manifest.,2026-07-17T20:49:08.227572
leconstitutionnel,bpt6k6895989,,failed,0,0,,no_usable_pages,known,,,bpt6k6895989: no usable pages in manifest.,2026-07-17T20:49:08.333740
leconstitutionnel,bpt6k689599p,,failed,0,0,,no_usable_pages,known,,,bpt6k689599p: no usable pages in manifest.,2026-07-17T20:49:08.455570
leconstitutionnel,bpt6k689600g,,failed,0,0,,no_usable_pages,known,,,bpt6k689600g: no usable pages in manifest.,2026-07-17T20:49:08.653379
leconstitutionnel,bpt6k689601v,,failed,0,0,,no_usable_pages,known,,,bpt6k689601v: no usable pages in manifest.,2026-07-17T20:49:08.817248
leconstitutionnel,bpt6k6896027,,failed,0,0,,no_usable_pages,known,,,bpt6k6896027: no usable pages in manifest.,2026-07-17T20:49:08.948432
leconstitutionnel,bpt6k689603m,,failed,0,0,,no_usable_pages,known,,,bpt6k689603m: no usable pages in manifest.,2026-07-17T20:49:09.087161
leconstitutionnel,bpt6k6896040,,failed,0,0,,no_usable_pages,known,,,bpt6k6896040: no usable pages in manifest.,2026-07-17T20:49:09.282819
leconstitutionnel,bpt6k689605c,,failed,0,0,,no_usable_pages,known,,,bpt6k689605c: no usable pages in manifest.,2026-07-17T20:49:09.440013
leconstitutionnel,bpt6k689606r,,failed,0,0,,no_usable_pages,known,,,bpt6k689606r: no usable pages in manifest.,2026-07-17T20:49:09.574812
leconstitutionnel,bpt6k6896074,,failed,0,0,,no_usable_pages,known,,,bpt6k6896074: no usable pages in manifest.,2026-07-17T20:49:09.714467
leconstitutionnel,bpt6k689608h,,failed,0,0,,no_usable_pages,known,,,bpt6k689608h: no usable pages in manifest.,2026-07-17T20:49:09.840554
leconstitutionnel,bpt6k689609w,,failed,0,0,,no_usable_pages,known,,,bpt6k689609w: no usable pages in manifest.,2026-07-17T20:49:09.982695
leconstitutionnel,bpt6k689610t,,failed,0,0,,no_usable_pages,known,,,bpt6k689610t: no usable pages in manifest.,2026-07-17T20:49:10.117749
leconstitutionnel,bpt6k6896116,,failed,0,0,,no_usable_pages,known,,,bpt6k6896116: no usable pages in manifest.,2026-07-17T20:49:10.368901
leconstitutionnel,bpt6k689612k,,failed,0,0,,no_usable_pages,known,,,bpt6k689612k: no usable pages in manifest.,2026-07-17T20:49:10.573981
leconstitutionnel,bpt6k689613z,,failed,0,0,,no_usable_pages,known,,,bpt6k689613z: no usable pages in manifest.,2026-07-17T20:49:10.678814
leconstitutionnel,bpt6k689614b,,failed,0,0,,no_usable_pages,known,,,bpt6k689614b: no usable pages in manifest.,2026-07-17T20:49:10.813668
leconstitutionnel,bpt6k689615q,,failed,0,0,,no_usable_pages,known,,,bpt6k689615q: no usable pages in manifest.,2026-07-17T20:49:11.068572
leconstitutionnel,bpt6k6896163,,failed,0,0,,no_usable_pages,known,,,bpt6k6896163: no usable pages in manifest.,2026-07-17T20:49:11.284985
leconstitutionnel,bpt6k689617g,,failed,0,0,,no_usable_pages,known,,,bpt6k689617g: no usable pages in manifest.,2026-07-17T20:49:11.465424
leconstitutionnel,bpt6k689618v,,failed,0,0,,no_usable_pages,known,,,bpt6k689618v: no usable pages in manifest.,2026-07-17T20:49:11.595770
leconstitutionnel,bpt6k6896197,,failed,0,0,,no_usable_pages,known,,,bpt6k6896197: no usable pages in manifest.,2026-07-17T20:49:11.713584
leconstitutionnel,bpt6k6896205,,failed,0,0,,no_usable_pages,known,,,bpt6k6896205: no usable pages in manifest.,2026-07-17T20:49:11.913037
leconstitutionnel,bpt6k689621j,,failed,0,0,,no_usable_pages,known,,,bpt6k689621j: no usable pages in manifest.,2026-07-17T20:49:12.114932
leconstitutionnel,bpt6k689622x,,failed,0,0,,no_usable_pages,known,,,bpt6k689622x: no usable pages in manifest.,2026-07-17T20:49:12.285927
leconstitutionnel,bpt6k6896239,,failed,0,0,,no_usable_pages,known,,,bpt6k6896239: no usable pages in manifest.,2026-07-17T20:49:12.423736
leconstitutionnel,bpt6k689624p,,failed,0,0,,no_usable_pages,known,,,bpt6k689624p: no usable pages in manifest.,2026-07-17T20:49:12.606432
leconstitutionnel,bpt6k6896252,,failed,0,0,,no_usable_pages,known,,,bpt6k6896252: no usable pages in manifest.,2026-07-17T20:49:12.779694
leconstitutionnel,bpt6k689626f,,failed,0,0,,no_usable_pages,known,,,bpt6k689626f: no usable pages in manifest.,2026-07-17T20:49:13.277369
leconstitutionnel,bpt6k689627t,,failed,0,0,,no_usable_pages,known,,,bpt6k689627t: no usable pages in manifest.,2026-07-17T20:49:13.399777
leconstitutionnel,bpt6k6896286,,failed,0,0,,no_usable_pages,known,,,bpt6k6896286: no usable pages in manifest.,2026-07-17T20:49:13.758720
leconstitutionnel,bpt6k689629k,,failed,0,0,,no_usable_pages,known,,,bpt6k689629k: no usable pages in manifest.,2026-07-17T20:49:13.883253
leconstitutionnel,bpt6k689630h,,failed,0,0,,no_usable_pages,known,,,bpt6k689630h: no usable pages in manifest.,2026-07-17T20:49:14.098097
leconstitutionnel,bpt6k689631w,,failed,0,0,,no_usable_pages,known,,,bpt6k689631w: no usable pages in manifest.,2026-07-17T20:49:14.209389
leconstitutionnel,bpt6k6896328,,failed,0,0,,no_usable_pages,known,,,bpt6k6896328: no usable pages in manifest.,2026-07-17T20:49:14.343645
leconstitutionnel,bpt6k689633n,,failed,0,0,,no_usable_pages,known,,,bpt6k689633n: no usable pages in manifest.,2026-07-17T20:49:14.507275
leconstitutionnel,bpt6k6896341,,failed,0,0,,no_usable_pages,known,,,bpt6k6896341: no usable pages in manifest.,2026-07-17T20:49:14.752028
leconstitutionnel,bpt6k689635d,,failed,0,0,,no_usable_pages,known,,,bpt6k689635d: no usable pages in manifest.,2026-07-17T20:49:14.930633
leconstitutionnel,bpt6k689636s,,failed,0,0,,no_usable_pages,known,,,bpt6k689636s: no usable pages in manifest.,2026-07-17T20:49:15.266078
leconstitutionnel,bpt6k6896375,,failed,0,0,,no_usable_pages,known,,,bpt6k6896375: no usable pages in manifest.,2026-07-17T20:49:15.406955
leconstitutionnel,bpt6k689638j,,failed,0,0,,no_usable_pages,known,,,bpt6k689638j: no usable pages in manifest.,2026-07-17T20:49:15.524333
leconstitutionnel,bpt6k689639x,,failed,0,0,,no_usable_pages,known,,,bpt6k689639x: no usable pages in manifest.,2026-07-17T20:49:15.639025
leconstitutionnel,bpt6k689640v,,failed,0,0,,no_usable_pages,known,,,bpt6k689640v: no usable pages in manifest.,2026-07-17T20:49:15.824059
leconstitutionnel,bpt6k6896417,,failed,0,0,,no_usable_pages,known,,,bpt6k6896417: no usable pages in manifest.,2026-07-17T20:49:15.945365
leconstitutionnel,bpt6k689642m,,failed,0,0,,no_usable_pages,known,,,bpt6k689642m: no usable pages in manifest.,2026-07-17T20:49:16.107626
leconstitutionnel,bpt6k6896430,,failed,0,0,,no_usable_pages,known,,,bpt6k6896430: no usable pages in manifest.,2026-07-17T20:49:16.227540
leconstitutionnel,bpt6k689644c,,failed,0,0,,no_usable_pages,known,,,bpt6k689644c: no usable pages in manifest.,2026-07-17T20:49:16.350775
leconstitutionnel,bpt6k689645r,,failed,0,0,,no_usable_pages,known,,,bpt6k689645r: no usable pages in manifest.,2026-07-17T20:49:16.513340
leconstitutionnel,bpt6k6896464,,failed,0,0,,no_usable_pages,known,,,bpt6k6896464: no usable pages in manifest.,2026-07-17T20:49:16.654157
leconstitutionnel,bpt6k689647h,,failed,0,0,,no_usable_pages,known,,,bpt6k689647h: no usable pages in manifest.,2026-07-17T20:49:16.859493
leconstitutionnel,bpt6k689648w,,failed,0,0,,no_usable_pages,known,,,bpt6k689648w: no usable pages in manifest.,2026-07-17T20:49:17.011295
leconstitutionnel,bpt6k6896498,,failed,0,0,,no_usable_pages,known,,,bpt6k6896498: no usable pages in manifest.,2026-07-17T20:49:17.289753
leconstitutionnel,bpt6k6896506,,failed,0,0,,no_usable_pages,known,,,bpt6k6896506: no usable pages in manifest.,2026-07-17T20:49:17.494584
leconstitutionnel,bpt6k689651k,,failed,0,0,,no_usable_pages,known,,,bpt6k689651k: no usable pages in manifest.,2026-07-17T20:49:17.631439
leconstitutionnel,bpt6k689652z,,failed,0,0,,no_usable_pages,known,,,bpt6k689652z: no usable pages in manifest.,2026-07-17T20:49:17.815374
leconstitutionnel,bpt6k689653b,,failed,0,0,,no_usable_pages,known,,,bpt6k689653b: no usable pages in manifest.,2026-07-17T20:49:18.083631
leconstitutionnel,bpt6k689654q,,failed,0,0,,no_usable_pages,known,,,bpt6k689654q: no usable pages in manifest.,2026-07-17T20:49:18.243306
leconstitutionnel,bpt6k6896553,,failed,0,0,,no_usable_pages,known,,,bpt6k6896553: no usable pages in manifest.,2026-07-17T20:49:18.430452
leconstitutionnel,bpt6k689656g,,failed,0,0,,no_usable_pages,known,,,bpt6k689656g: no usable pages in manifest.,2026-07-17T20:49:18.589668
leconstitutionnel,bpt6k689657v,,failed,0,0,,no_usable_pages,known,,,bpt6k689657v: no usable pages in manifest.,2026-07-17T20:49:18.709580
leconstitutionnel,bpt6k6896587,,failed,0,0,,no_usable_pages,known,,,bpt6k6896587: no usable pages in manifest.,2026-07-17T20:49:18.837010
leconstitutionnel,bpt6k689659m,,failed,0,0,,no_usable_pages,known,,,bpt6k689659m: no usable pages in manifest.,2026-07-17T20:49:19.024250
leconstitutionnel,bpt6k689660j,,failed,0,0,,no_usable_pages,known,,,bpt6k689660j: no usable pages in manifest.,2026-07-17T20:49:19.132281
leconstitutionnel,bpt6k689661x,,failed,0,0,,no_usable_pages,known,,,bpt6k689661x: no usable pages in manifest.,2026-07-17T20:49:19.368351
leconstitutionnel,bpt6k6896629,,failed,0,0,,no_usable_pages,known,,,bpt6k6896629: no usable pages in manifest.,2026-07-17T20:49:19.491030
leconstitutionnel,bpt6k689663p,,failed,0,0,,no_usable_pages,known,,,bpt6k689663p: no usable pages in manifest.,2026-07-17T20:49:19.699901
leconstitutionnel,bpt6k6896642,,failed,0,0,,no_usable_pages,known,,,bpt6k6896642: no usable pages in manifest.,2026-07-17T20:49:19.829579
leconstitutionnel,bpt6k689665f,,failed,0,0,,no_usable_pages,known,,,bpt6k689665f: no usable pages in manifest.,2026-07-17T20:49:19.940811
leconstitutionnel,bpt6k689666t,,failed,0,0,,no_usable_pages,known,,,bpt6k689666t: no usable pages in manifest.,2026-07-17T20:49:20.146103
leconstitutionnel,bpt6k6896676,,failed,0,0,,no_usable_pages,known,,,bpt6k6896676: no usable pages in manifest.,2026-07-17T20:49:20.274420
leconstitutionnel,bpt6k689668k,,failed,0,0,,no_usable_pages,known,,,bpt6k689668k: no usable pages in manifest.,2026-07-17T20:49:20.410434
leconstitutionnel,bpt6k689669z,,failed,0,0,,no_usable_pages,known,,,bpt6k689669z: no usable pages in manifest.,2026-07-17T20:49:20.529900
leconstitutionnel,bpt6k689670w,,failed,0,0,,no_usable_pages,known,,,bpt6k689670w: no usable pages in manifest.,2026-07-17T20:49:20.658553
leconstitutionnel,bpt6k6896718,,failed,0,0,,no_usable_pages,known,,,bpt6k6896718: no usable pages in manifest.,2026-07-17T20:49:20.808295
leconstitutionnel,bpt6k689672n,,failed,0,0,,no_usable_pages,known,,,bpt6k689672n: no usable pages in manifest.,2026-07-17T20:49:21.011489
leconstitutionnel,bpt6k6896731,,failed,0,0,,no_usable_pages,known,,,bpt6k6896731: no usable pages in manifest.,2026-07-17T20:49:21.409364
leconstitutionnel,bpt6k689674d,,failed,0,0,,no_usable_pages,known,,,bpt6k689674d: no usable pages in manifest.,2026-07-17T20:49:21.586400
leconstitutionnel,bpt6k689675s,,failed,0,0,,no_usable_pages,known,,,bpt6k689675s: no usable pages in manifest.,2026-07-17T20:49:21.818228
leconstitutionnel,bpt6k6896765,,failed,0,0,,no_usable_pages,known,,,bpt6k6896765: no usable pages in manifest.,2026-07-17T20:49:21.989513
leconstitutionnel,bpt6k689677j,,failed,0,0,,no_usable_pages,known,,,bpt6k689677j: no usable pages in manifest.,2026-07-17T20:49:22.162491
leconstitutionnel,bpt6k689678x,,failed,0,0,,no_usable_pages,known,,,bpt6k689678x: no usable pages in manifest.,2026-07-17T20:49:22.397539
leconstitutionnel,bpt6k6896799,,failed,0,0,,no_usable_pages,known,,,bpt6k6896799: no usable pages in manifest.,2026-07-17T20:49:22.608057
leconstitutionnel,bpt6k6896807,,failed,0,0,,no_usable_pages,known,,,bpt6k6896807: no usable pages in manifest.,2026-07-17T20:49:22.767301
leconstitutionnel,bpt6k689681m,,failed,0,0,,no_usable_pages,known,,,bpt6k689681m: no usable pages in manifest.,2026-07-17T20:49:22.996420
leconstitutionnel,bpt6k6896820,,failed,0,0,,no_usable_pages,known,,,bpt6k6896820: no usable pages in manifest.,2026-07-17T20:49:23.175909
leconstitutionnel,bpt6k689683c,,failed,0,0,,no_usable_pages,known,,,bpt6k689683c: no usable pages in manifest.,2026-07-17T20:49:23.302878
leconstitutionnel,bpt6k689684r,,failed,0,0,,no_usable_pages,known,,,bpt6k689684r: no usable pages in manifest.,2026-07-17T20:49:23.554878
leconstitutionnel,bpt6k6896854,,failed,0,0,,no_usable_pages,known,,,bpt6k6896854: no usable pages in manifest.,2026-07-17T20:49:23.874547
leconstitutionnel,bpt6k689686h,,failed,0,0,,no_usable_pages,known,,,bpt6k689686h: no usable pages in manifest.,2026-07-17T20:49:24.003170
leconstitutionnel,bpt6k689717s,,failed,0,0,,no_usable_pages,known,,,bpt6k689717s: no usable pages in manifest.,2026-07-17T20:49:24.141142
leconstitutionnel,bpt6k6897185,,failed,0,0,,no_usable_pages,known,,,bpt6k6897185: no usable pages in manifest.,2026-07-17T20:49:24.325966
leconstitutionnel,bpt6k689719j,,failed,0,0,,no_usable_pages,known,,,bpt6k689719j: no usable pages in manifest.,2026-07-17T20:49:24.497753
leconstitutionnel,bpt6k689720g,,failed,0,0,,no_usable_pages,known,,,bpt6k689720g: no usable pages in manifest.,2026-07-17T20:49:24.638353
leconstitutionnel,bpt6k689721v,,failed,0,0,,no_usable_pages,known,,,bpt6k689721v: no usable pages in manifest.,2026-07-17T20:49:24.747931
leconstitutionnel,bpt6k6897227,,failed,0,0,,no_usable_pages,known,,,bpt6k6897227: no usable pages in manifest.,2026-07-17T20:49:24.930220
leconstitutionnel,bpt6k689723m,,failed,0,0,,no_usable_pages,known,,,bpt6k689723m: no usable pages in manifest.,2026-07-17T20:49:25.039695
leconstitutionnel,bpt6k6897240,,failed,0,0,,no_usable_pages,known,,,bpt6k6897240: no usable pages in manifest.,2026-07-17T20:49:25.185230
leconstitutionnel,bpt6k689725c,,failed,0,0,,no_usable_pages,known,,,bpt6k689725c: no usable pages in manifest.,2026-07-17T20:49:25.341771
leconstitutionnel,bpt6k689726r,,failed,0,0,,no_usable_pages,known,,,bpt6k689726r: no usable pages in manifest.,2026-07-17T20:49:25.482200
leconstitutionnel,bpt6k6897274,,failed,0,0,,no_usable_pages,known,,,bpt6k6897274: no usable pages in manifest.,2026-07-17T20:49:25.739048
leconstitutionnel,bpt6k689728h,,failed,0,0,,no_usable_pages,known,,,bpt6k689728h: no usable pages in manifest.,2026-07-17T20:49:25.906956
leconstitutionnel,bpt6k689729w,,failed,0,0,,no_usable_pages,known,,,bpt6k689729w: no usable pages in manifest.,2026-07-17T20:49:26.066450
leconstitutionnel,bpt6k689730t,,failed,0,0,,no_usable_pages,known,,,bpt6k689730t: no usable pages in manifest.,2026-07-17T20:49:26.259288
leconstitutionnel,bpt6k6897316,,failed,0,0,,no_usable_pages,known,,,bpt6k6897316: no usable pages in manifest.,2026-07-17T20:49:26.388096
leconstitutionnel,bpt6k689732k,,failed,0,0,,no_usable_pages,known,,,bpt6k689732k: no usable pages in manifest.,2026-07-17T20:49:26.567510
leconstitutionnel,bpt6k689733z,,failed,0,0,,no_usable_pages,known,,,bpt6k689733z: no usable pages in manifest.,2026-07-17T20:49:26.805341
leconstitutionnel,bpt6k689734b,,failed,0,0,,no_usable_pages,known,,,bpt6k689734b: no usable pages in manifest.,2026-07-17T20:49:26.941657
leconstitutionnel,bpt6k689735q,,failed,0,0,,no_usable_pages,known,,,bpt6k689735q: no usable pages in manifest.,2026-07-17T20:49:27.104061
leconstitutionnel,bpt6k6897363,,failed,0,0,,no_usable_pages,known,,,bpt6k6897363: no usable pages in manifest.,2026-07-17T20:49:27.201383
leconstitutionnel,bpt6k689737g,,failed,0,0,,no_usable_pages,known,,,bpt6k689737g: no usable pages in manifest.,2026-07-17T20:49:27.344741
leconstitutionnel,bpt6k689738v,,failed,0,0,,no_usable_pages,known,,,bpt6k689738v: no usable pages in manifest.,2026-07-17T20:49:27.473660
leconstitutionnel,bpt6k6897397,,failed,0,0,,no_usable_pages,known,,,bpt6k6897397: no usable pages in manifest.,2026-07-17T20:49:27.608953
leconstitutionnel,bpt6k6897405,,failed,0,0,,no_usable_pages,known,,,bpt6k6897405: no usable pages in manifest.,2026-07-17T20:49:27.789077
leconstitutionnel,bpt6k689741j,,failed,0,0,,no_usable_pages,known,,,bpt6k689741j: no usable pages in manifest.,2026-07-17T20:49:27.907932
leconstitutionnel,bpt6k689742x,,failed,0,0,,no_usable_pages,known,,,bpt6k689742x: no usable pages in manifest.,2026-07-17T20:49:28.021968
leconstitutionnel,bpt6k6897439,,failed,0,0,,no_usable_pages,known,,,bpt6k6897439: no usable pages in manifest.,2026-07-17T20:49:28.187494
leconstitutionnel,bpt6k689744p,,failed,0,0,,no_usable_pages,known,,,bpt6k689744p: no usable pages in manifest.,2026-07-17T20:49:28.303511
leconstitutionnel,bpt6k6897452,,failed,0,0,,no_usable_pages,known,,,bpt6k6897452: no usable pages in manifest.,2026-07-17T20:49:28.426103
leconstitutionnel,bpt6k6897062,,failed,0,0,,no_usable_pages,known,,,bpt6k6897062: no usable pages in manifest.,2026-07-17T20:49:28.555940
leconstitutionnel,bpt6k689746f,,failed,0,0,,no_usable_pages,known,,,bpt6k689746f: no usable pages in manifest.,2026-07-17T20:49:28.678166
leconstitutionnel,bpt6k689747t,,failed,0,0,,no_usable_pages,known,,,bpt6k689747t: no usable pages in manifest.,2026-07-17T20:49:28.810523
leconstitutionnel,bpt6k6897486,,failed,0,0,,no_usable_pages,known,,,bpt6k6897486: no usable pages in manifest.,2026-07-17T20:49:28.907078
leconstitutionnel,bpt6k689749k,,failed,0,0,,no_usable_pages,known,,,bpt6k689749k: no usable pages in manifest.,2026-07-17T20:49:28.995116
leconstitutionnel,bpt6k689750h,,failed,0,0,,no_usable_pages,known,,,bpt6k689750h: no usable pages in manifest.,2026-07-17T20:49:29.301774
leconstitutionnel,bpt6k689751w,,failed,0,0,,no_usable_pages,known,,,bpt6k689751w: no usable pages in manifest.,2026-07-17T20:49:29.448247
leconstitutionnel,bpt6k6897528,,failed,0,0,,no_usable_pages,known,,,bpt6k6897528: no usable pages in manifest.,2026-07-17T20:49:29.592899
leconstitutionnel,bpt6k689753n,,failed,0,0,,no_usable_pages,known,,,bpt6k689753n: no usable pages in manifest.,2026-07-17T20:49:29.713423
leconstitutionnel,bpt6k6897541,,failed,0,0,,no_usable_pages,known,,,bpt6k6897541: no usable pages in manifest.,2026-07-17T20:49:29.883733
leconstitutionnel,bpt6k689755d,,failed,0,0,,no_usable_pages,known,,,bpt6k689755d: no usable pages in manifest.,2026-07-17T20:49:30.014488
leconstitutionnel,bpt6k689756s,,failed,0,0,,no_usable_pages,known,,,bpt6k689756s: no usable pages in manifest.,2026-07-17T20:49:30.155632
leconstitutionnel,bpt6k689768w,,failed,0,0,,no_usable_pages,known,,,bpt6k689768w: no usable pages in manifest.,2026-07-17T20:49:30.267086
leconstitutionnel,bpt6k6897575,,failed,0,0,,no_usable_pages,known,,,bpt6k6897575: no usable pages in manifest.,2026-07-17T20:49:30.435018
leconstitutionnel,bpt6k689758j,,failed,0,0,,no_usable_pages,known,,,bpt6k689758j: no usable pages in manifest.,2026-07-17T20:49:30.546438
leconstitutionnel,bpt6k689759x,,failed,0,0,,no_usable_pages,known,,,bpt6k689759x: no usable pages in manifest.,2026-07-17T20:49:30.670315
leconstitutionnel,bpt6k689760v,,failed,0,0,,no_usable_pages,known,,,bpt6k689760v: no usable pages in manifest.,2026-07-17T20:49:30.791287
leconstitutionnel,bpt6k6897617,,failed,0,0,,no_usable_pages,known,,,bpt6k6897617: no usable pages in manifest.,2026-07-17T20:49:31.016062
leconstitutionnel,bpt6k689762m,,failed,0,0,,no_usable_pages,known,,,bpt6k689762m: no usable pages in manifest.,2026-07-17T20:49:31.113958
leconstitutionnel,bpt6k6897630,,failed,0,0,,no_usable_pages,known,,,bpt6k6897630: no usable pages in manifest.,2026-07-17T20:49:31.220346
leconstitutionnel,bpt6k689764c,,failed,0,0,,no_usable_pages,known,,,bpt6k689764c: no usable pages in manifest.,2026-07-17T20:49:31.369122
leconstitutionnel,bpt6k689765r,,failed,0,0,,no_usable_pages,known,,,bpt6k689765r: no usable pages in manifest.,2026-07-17T20:49:31.553122
leconstitutionnel,bpt6k6897664,,failed,0,0,,no_usable_pages,known,,,bpt6k6897664: no usable pages in manifest.,2026-07-17T20:49:31.701765
leconstitutionnel,bpt6k689767h,,failed,0,0,,no_usable_pages,known,,,bpt6k689767h: no usable pages in manifest.,2026-07-17T20:49:31.816844
leconstitutionnel,bpt6k6897698,,failed,0,0,,no_usable_pages,known,,,bpt6k6897698: no usable pages in manifest.,2026-07-17T20:49:31.991892
leconstitutionnel,bpt6k6897706,,failed,0,0,,no_usable_pages,known,,,bpt6k6897706: no usable pages in manifest.,2026-07-17T20:49:32.163576
leconstitutionnel,bpt6k689771k,,failed,0,0,,no_usable_pages,known,,,bpt6k689771k: no usable pages in manifest.,2026-07-17T20:49:32.307495
leconstitutionnel,bpt6k689772z,,failed,0,0,,no_usable_pages,known,,,bpt6k689772z: no usable pages in manifest.,2026-07-17T20:49:32.436450
leconstitutionnel,bpt6k689773b,,failed,0,0,,no_usable_pages,known,,,bpt6k689773b: no usable pages in manifest.,2026-07-17T20:49:32.616617
leconstitutionnel,bpt6k689774q,,failed,0,0,,no_usable_pages,known,,,bpt6k689774q: no usable pages in manifest.,2026-07-17T20:49:32.794707
leconstitutionnel,bpt6k6897753,,failed,0,0,,no_usable_pages,known,,,bpt6k6897753: no usable pages in manifest.,2026-07-17T20:49:32.924779
leconstitutionnel,bpt6k689776g,,failed,0,0,,no_usable_pages,known,,,bpt6k689776g: no usable pages in manifest.,2026-07-17T20:49:33.157476
leconstitutionnel,bpt6k689777v,,failed,0,0,,no_usable_pages,known,,,bpt6k689777v: no usable pages in manifest.,2026-07-17T20:49:33.293287
leconstitutionnel,bpt6k6897787,,failed,0,0,,no_usable_pages,known,,,bpt6k6897787: no usable pages in manifest.,2026-07-17T20:49:33.423674
leconstitutionnel,bpt6k689779m,,failed,0,0,,no_usable_pages,known,,,bpt6k689779m: no usable pages in manifest.,2026-07-17T20:49:33.542842
leconstitutionnel,bpt6k689780j,,failed,0,0,,no_usable_pages,known,,,bpt6k689780j: no usable pages in manifest.,2026-07-17T20:49:33.739983
leconstitutionnel,bpt6k689781x,,failed,0,0,,no_usable_pages,known,,,bpt6k689781x: no usable pages in manifest.,2026-07-17T20:49:33.884558
leconstitutionnel,bpt6k6897829,,failed,0,0,,no_usable_pages,known,,,bpt6k6897829: no usable pages in manifest.,2026-07-17T20:49:34.038271
leconstitutionnel,bpt6k689783p,,failed,0,0,,no_usable_pages,known,,,bpt6k689783p: no usable pages in manifest.,2026-07-17T20:49:34.262238
leconstitutionnel,bpt6k6897842,,failed,0,0,,no_usable_pages,known,,,bpt6k6897842: no usable pages in manifest.,2026-07-17T20:49:34.403495
leconstitutionnel,bpt6k689785f,,failed,0,0,,no_usable_pages,known,,,bpt6k689785f: no usable pages in manifest.,2026-07-17T20:49:34.593422
leconstitutionnel,bpt6k689786t,,failed,0,0,,no_usable_pages,known,,,bpt6k689786t: no usable pages in manifest.,2026-07-17T20:49:34.871885
leconstitutionnel,bpt6k6897876,,failed,0,0,,no_usable_pages,known,,,bpt6k6897876: no usable pages in manifest.,2026-07-17T20:49:35.105636
leconstitutionnel,bpt6k689788k,,failed,0,0,,no_usable_pages,known,,,bpt6k689788k: no usable pages in manifest.,2026-07-17T20:49:35.311506
leconstitutionnel,bpt6k689789z,,failed,0,0,,no_usable_pages,known,,,bpt6k689789z: no usable pages in manifest.,2026-07-17T20:49:35.404178
leconstitutionnel,bpt6k689790w,,failed,0,0,,no_usable_pages,known,,,bpt6k689790w: no usable pages in manifest.,2026-07-17T20:49:35.557325
leconstitutionnel,bpt6k6897918,,failed,0,0,,no_usable_pages,known,,,bpt6k6897918: no usable pages in manifest.,2026-07-17T20:49:35.710681
leconstitutionnel,bpt6k689792n,,failed,0,0,,no_usable_pages,known,,,bpt6k689792n: no usable pages in manifest.,2026-07-17T20:49:35.936043
leconstitutionnel,bpt6k6897931,,failed,0,0,,no_usable_pages,known,,,bpt6k6897931: no usable pages in manifest.,2026-07-17T20:49:36.039916
leconstitutionnel,bpt6k689794d,,failed,0,0,,no_usable_pages,known,,,bpt6k689794d: no usable pages in manifest.,2026-07-17T20:49:36.146591
leconstitutionnel,bpt6k689795s,,failed,0,0,,no_usable_pages,known,,,bpt6k689795s: no usable pages in manifest.,2026-07-17T20:49:36.335636
leconstitutionnel,bpt6k6897965,,failed,0,0,,no_usable_pages,known,,,bpt6k6897965: no usable pages in manifest.,2026-07-17T20:49:36.515088
leconstitutionnel,bpt6k689797j,,failed,0,0,,no_usable_pages,known,,,bpt6k689797j: no usable pages in manifest.,2026-07-17T20:49:36.746684
leconstitutionnel,bpt6k689798x,,failed,0,0,,no_usable_pages,known,,,bpt6k689798x: no usable pages in manifest.,2026-07-17T20:49:36.909303
leconstitutionnel,bpt6k6897999,,failed,0,0,,no_usable_pages,known,,,bpt6k6897999: no usable pages in manifest.,2026-07-17T20:49:37.047820
leconstitutionnel,bpt6k6898003,,failed,0,0,,no_usable_pages,known,,,bpt6k6898003: no usable pages in manifest.,2026-07-17T20:49:37.154892
leconstitutionnel,bpt6k689801g,,failed,0,0,,no_usable_pages,known,,,bpt6k689801g: no usable pages in manifest.,2026-07-17T20:49:37.313084
leconstitutionnel,bpt6k689802v,,failed,0,0,,no_usable_pages,known,,,bpt6k689802v: no usable pages in manifest.,2026-07-17T20:49:37.516775
leconstitutionnel,bpt6k6898037,,failed,0,0,,no_usable_pages,known,,,bpt6k6898037: no usable pages in manifest.,2026-07-17T20:49:37.668451
leconstitutionnel,bpt6k689804m,,failed,0,0,,no_usable_pages,known,,,bpt6k689804m: no usable pages in manifest.,2026-07-17T20:49:37.808134
leconstitutionnel,bpt6k6898050,,failed,0,0,,no_usable_pages,known,,,bpt6k6898050: no usable pages in manifest.,2026-07-17T20:49:37.954851
leconstitutionnel,bpt6k689806c,,failed,0,0,,no_usable_pages,known,,,bpt6k689806c: no usable pages in manifest.,2026-07-17T20:49:38.143411
leconstitutionnel,bpt6k689807r,,failed,0,0,,no_usable_pages,known,,,bpt6k689807r: no usable pages in manifest.,2026-07-17T20:49:38.289533
leconstitutionnel,bpt6k6898084,,failed,0,0,,no_usable_pages,known,,,bpt6k6898084: no usable pages in manifest.,2026-07-17T20:49:38.523964
leconstitutionnel,bpt6k689809h,,failed,0,0,,no_usable_pages,known,,,bpt6k689809h: no usable pages in manifest.,2026-07-17T20:49:38.868972
leconstitutionnel,bpt6k689810f,,failed,0,0,,no_usable_pages,known,,,bpt6k689810f: no usable pages in manifest.,2026-07-17T20:49:38.971020
leconstitutionnel,bpt6k689811t,,failed,0,0,,no_usable_pages,known,,,bpt6k689811t: no usable pages in manifest.,2026-07-17T20:49:39.134561
leconstitutionnel,bpt6k6898126,,failed,0,0,,no_usable_pages,known,,,bpt6k6898126: no usable pages in manifest.,2026-07-17T20:49:39.292756
leconstitutionnel,bpt6k689813k,,failed,0,0,,no_usable_pages,known,,,bpt6k689813k: no usable pages in manifest.,2026-07-17T20:49:39.458427
leconstitutionnel,bpt6k689814z,,failed,0,0,,no_usable_pages,known,,,bpt6k689814z: no usable pages in manifest.,2026-07-17T20:49:39.602078
leconstitutionnel,bpt6k689815b,,failed,0,0,,no_usable_pages,known,,,bpt6k689815b: no usable pages in manifest.,2026-07-17T20:49:39.738714
leconstitutionnel,bpt6k689816q,,failed,0,0,,no_usable_pages,known,,,bpt6k689816q: no usable pages in manifest.,2026-07-17T20:49:39.923725
leconstitutionnel,bpt6k6898173,,failed,0,0,,no_usable_pages,known,,,bpt6k6898173: no usable pages in manifest.,2026-07-17T20:49:40.089866
leconstitutionnel,bpt6k689818g,,failed,0,0,,no_usable_pages,known,,,bpt6k689818g: no usable pages in manifest.,2026-07-17T20:49:40.317112
leconstitutionnel,bpt6k689819v,,failed,0,0,,no_usable_pages,known,,,bpt6k689819v: no usable pages in manifest.,2026-07-17T20:49:40.540108
leconstitutionnel,bpt6k689820s,,failed,0,0,,no_usable_pages,known,,,bpt6k689820s: no usable pages in manifest.,2026-07-17T20:49:40.689047
leconstitutionnel,bpt6k6898215,,failed,0,0,,no_usable_pages,known,,,bpt6k6898215: no usable pages in manifest.,2026-07-17T20:49:40.826087
leconstitutionnel,bpt6k689822j,,failed,0,0,,no_usable_pages,known,,,bpt6k689822j: no usable pages in manifest.,2026-07-17T20:49:41.068609
leconstitutionnel,bpt6k689823x,,failed,0,0,,no_usable_pages,known,,,bpt6k689823x: no usable pages in manifest.,2026-07-17T20:49:41.244663
leconstitutionnel,bpt6k6898249,,failed,0,0,,no_usable_pages,known,,,bpt6k6898249: no usable pages in manifest.,2026-07-17T20:49:41.413235
leconstitutionnel,bpt6k689825p,,failed,0,0,,no_usable_pages,known,,,bpt6k689825p: no usable pages in manifest.,2026-07-17T20:49:41.518166
leconstitutionnel,bpt6k6898262,,failed,0,0,,no_usable_pages,known,,,bpt6k6898262: no usable pages in manifest.,2026-07-17T20:49:41.648572
leconstitutionnel,bpt6k689827f,,failed,0,0,,no_usable_pages,known,,,bpt6k689827f: no usable pages in manifest.,2026-07-17T20:49:41.791669
leconstitutionnel,bpt6k689828t,,failed,0,0,,no_usable_pages,known,,,bpt6k689828t: no usable pages in manifest.,2026-07-17T20:49:41.931604
leconstitutionnel,bpt6k6898296,,failed,0,0,,no_usable_pages,known,,,bpt6k6898296: no usable pages in manifest.,2026-07-17T20:49:42.181048
leconstitutionnel,bpt6k6898304,,failed,0,0,,no_usable_pages,known,,,bpt6k6898304: no usable pages in manifest.,2026-07-17T20:49:42.400800
leconstitutionnel,bpt6k689831h,,failed,0,0,,no_usable_pages,known,,,bpt6k689831h: no usable pages in manifest.,2026-07-17T20:49:42.670359
leconstitutionnel,bpt6k689832w,,failed,0,0,,no_usable_pages,known,,,bpt6k689832w: no usable pages in manifest.,2026-07-17T20:49:42.807028
leconstitutionnel,bpt6k6898338,,failed,0,0,,no_usable_pages,known,,,bpt6k6898338: no usable pages in manifest.,2026-07-17T20:49:42.954317
leconstitutionnel,bpt6k689834n,,failed,0,0,,no_usable_pages,known,,,bpt6k689834n: no usable pages in manifest.,2026-07-17T20:49:43.207291
leconstitutionnel,bpt6k6898351,,failed,0,0,,no_usable_pages,known,,,bpt6k6898351: no usable pages in manifest.,2026-07-17T20:49:43.339919
leconstitutionnel,bpt6k689954n,,failed,0,0,,no_usable_pages,known,,,bpt6k689954n: no usable pages in manifest.,2026-07-17T20:49:43.456530
leconstitutionnel,bpt6k6899551,,failed,0,0,,no_usable_pages,known,,,bpt6k6899551: no usable pages in manifest.,2026-07-17T20:49:43.667708
leconstitutionnel,bpt6k689956d,,failed,0,0,,no_usable_pages,known,,,bpt6k689956d: no usable pages in manifest.,2026-07-17T20:49:43.848355
leconstitutionnel,bpt6k689957s,,failed,0,0,,no_usable_pages,known,,,bpt6k689957s: no usable pages in manifest.,2026-07-17T20:49:44.001877
leconstitutionnel,bpt6k6899585,,failed,0,0,,no_usable_pages,known,,,bpt6k6899585: no usable pages in manifest.,2026-07-17T20:49:44.196459
leconstitutionnel,bpt6k689959j,,failed,0,0,,no_usable_pages,known,,,bpt6k689959j: no usable pages in manifest.,2026-07-17T20:49:44.343575
leconstitutionnel,bpt6k689960g,,failed,0,0,,no_usable_pages,known,,,bpt6k689960g: no usable pages in manifest.,2026-07-17T20:49:44.616288
leconstitutionnel,bpt6k689961v,,failed,0,0,,no_usable_pages,known,,,bpt6k689961v: no usable pages in manifest.,2026-07-17T20:49:44.814443
leconstitutionnel,bpt6k6899627,,failed,0,0,,no_usable_pages,known,,,bpt6k6899627: no usable pages in manifest.,2026-07-17T20:49:45.025408
leconstitutionnel,bpt6k689963m,,failed,0,0,,no_usable_pages,known,,,bpt6k689963m: no usable pages in manifest.,2026-07-17T20:49:45.191046
leconstitutionnel,bpt6k6899640,,failed,0,0,,no_usable_pages,known,,,bpt6k6899640: no usable pages in manifest.,2026-07-17T20:49:45.405392
leconstitutionnel,bpt6k689965c,,failed,0,0,,no_usable_pages,known,,,bpt6k689965c: no usable pages in manifest.,2026-07-17T20:49:45.521762
leconstitutionnel,bpt6k689966r,,failed,0,0,,no_usable_pages,known,,,bpt6k689966r: no usable pages in manifest.,2026-07-17T20:49:45.646231
leconstitutionnel,bpt6k6899674,,failed,0,0,,no_usable_pages,known,,,bpt6k6899674: no usable pages in manifest.,2026-07-17T20:49:45.831716
leconstitutionnel,bpt6k689968h,,failed,0,0,,no_usable_pages,known,,,bpt6k689968h: no usable pages in manifest.,2026-07-17T20:49:46.023898
leconstitutionnel,bpt6k689969w,,failed,0,0,,no_usable_pages,known,,,bpt6k689969w: no usable pages in manifest.,2026-07-17T20:49:46.167365
leconstitutionnel,bpt6k689970t,,failed,0,0,,no_usable_pages,known,,,bpt6k689970t: no usable pages in manifest.,2026-07-17T20:49:46.315380
leconstitutionnel,bpt6k6899716,,failed,0,0,,no_usable_pages,known,,,bpt6k6899716: no usable pages in manifest.,2026-07-17T20:49:46.561502
leconstitutionnel,bpt6k689972k,,failed,0,0,,no_usable_pages,known,,,bpt6k689972k: no usable pages in manifest.,2026-07-17T20:49:46.763944
leconstitutionnel,bpt6k689973z,,failed,0,0,,no_usable_pages,known,,,bpt6k689973z: no usable pages in manifest.,2026-07-17T20:49:46.945856
leconstitutionnel,bpt6k689974b,,failed,0,0,,no_usable_pages,known,,,bpt6k689974b: no usable pages in manifest.,2026-07-17T20:49:47.075320
leconstitutionnel,bpt6k689975q,,failed,0,0,,no_usable_pages,known,,,bpt6k689975q: no usable pages in manifest.,2026-07-17T20:49:47.189694
leconstitutionnel,bpt6k6899763,,failed,0,0,,no_usable_pages,known,,,bpt6k6899763: no usable pages in manifest.,2026-07-17T20:49:47.330703
leconstitutionnel,bpt6k689977g,,failed,0,0,,no_usable_pages,known,,,bpt6k689977g: no usable pages in manifest.,2026-07-17T20:49:47.509955
leconstitutionnel,bpt6k689978v,,failed,0,0,,no_usable_pages,known,,,bpt6k689978v: no usable pages in manifest.,2026-07-17T20:49:47.686533
leconstitutionnel,bpt6k6899797,,failed,0,0,,no_usable_pages,known,,,bpt6k6899797: no usable pages in manifest.,2026-07-17T20:49:47.792903
leconstitutionnel,bpt6k6899805,,failed,0,0,,no_usable_pages,known,,,bpt6k6899805: no usable pages in manifest.,2026-07-17T20:49:47.992441
leconstitutionnel,bpt6k689981j,,failed,0,0,,no_usable_pages,known,,,bpt6k689981j: no usable pages in manifest.,2026-07-17T20:49:48.176532
leconstitutionnel,bpt6k689982x,,failed,0,0,,no_usable_pages,known,,,bpt6k689982x: no usable pages in manifest.,2026-07-17T20:49:48.322185
leconstitutionnel,bpt6k6899839,,failed,0,0,,no_usable_pages,known,,,bpt6k6899839: no usable pages in manifest.,2026-07-17T20:49:48.493701
leconstitutionnel,bpt6k689984p,,failed,0,0,,no_usable_pages,known,,,bpt6k689984p: no usable pages in manifest.,2026-07-17T20:49:48.690690
leconstitutionnel,bpt6k6899852,,failed,0,0,,no_usable_pages,known,,,bpt6k6899852: no usable pages in manifest.,2026-07-17T20:49:48.807164
leconstitutionnel,bpt6k689986f,,failed,0,0,,no_usable_pages,known,,,bpt6k689986f: no usable pages in manifest.,2026-07-17T20:49:48.911668
leconstitutionnel,bpt6k689987t,,failed,0,0,,no_usable_pages,known,,,bpt6k689987t: no usable pages in manifest.,2026-07-17T20:49:49.074156
leconstitutionnel,bpt6k6899886,,failed,0,0,,no_usable_pages,known,,,bpt6k6899886: no usable pages in manifest.,2026-07-17T20:49:49.201618
leconstitutionnel,bpt6k689989k,,failed,0,0,,no_usable_pages,known,,,bpt6k689989k: no usable pages in manifest.,2026-07-17T20:49:49.368303
leconstitutionnel,bpt6k689990h,,failed,0,0,,no_usable_pages,known,,,bpt6k689990h: no usable pages in manifest.,2026-07-17T20:49:49.509676
leconstitutionnel,bpt6k689991w,,failed,0,0,,no_usable_pages,known,,,bpt6k689991w: no usable pages in manifest.,2026-07-17T20:49:49.666613
leconstitutionnel,bpt6k6899928,,failed,0,0,,no_usable_pages,known,,,bpt6k6899928: no usable pages in manifest.,2026-07-17T20:49:49.784230
leconstitutionnel,bpt6k689993n,,failed,0,0,,no_usable_pages,known,,,bpt6k689993n: no usable pages in manifest.,2026-07-17T20:49:49.917527
leconstitutionnel,bpt6k6899941,,failed,0,0,,no_usable_pages,known,,,bpt6k6899941: no usable pages in manifest.,2026-07-17T20:49:50.118858
leconstitutionnel,bpt6k689995d,,failed,0,0,,no_usable_pages,known,,,bpt6k689995d: no usable pages in manifest.,2026-07-17T20:49:50.285713
leconstitutionnel,bpt6k689996s,,failed,0,0,,no_usable_pages,known,,,bpt6k689996s: no usable pages in manifest.,2026-07-17T20:49:50.462995
leconstitutionnel,bpt6k6899975,,failed,0,0,,no_usable_pages,known,,,bpt6k6899975: no usable pages in manifest.,2026-07-17T20:49:50.713437
lecourrier,bpt6k4702112n,,failed,0,0,,no_usable_pages,known,,,bpt6k4702112n: no usable pages in manifest.,2026-07-27T15:58:03.256098
cripeuple1871,bpt6k34657962,,failed,0,0,,http_manifest,known,403,manifest,"Client error '403 ' for url 'https://openapiproext.bnf.fr/iiif/presentation/v3/ark:/12148/bpt6k34657962/manifest.json'
For more information check: https://developer.mozilla.org/en-US/docs/Web/HTTP/Status/403",2026-07-17T20:49:51.601480
cripeuple1871,bpt6k34678219,,failed,0,0,,http_manifest,known,403,manifest,"Client error '403 ' for url 'https://openapiproext.bnf.fr/iiif/presentation/v3/ark:/12148/bpt6k34678219/manifest.json'
For more information check: https://developer.mozilla.org/en-US/docs/Web/HTTP/Status/403",2026-07-17T20:49:52.628881
cripeuple1871,bpt6k3467822q,,failed,0,0,,http_manifest,known,403,manifest,"Client error '403 ' for url 'https://openapiproext.bnf.fr/iiif/presentation/v3/ark:/12148/bpt6k3467822q/manifest.json'
For more information check: https://developer.mozilla.org/en-US/docs/Web/HTTP/Status/403",2026-07-17T20:49:53.823399
cripeuple1871,bpt6k34678234,,failed,0,0,,http_manifest,known,403,manifest,"Client error '403 ' for url 'https://openapiproext.bnf.fr/iiif/presentation/v3/ark:/12148/bpt6k34678234/manifest.json'
For more information check: https://developer.mozilla.org/en-US/docs/Web/HTTP/Status/403",2026-07-17T20:49:55.027299
cripeuple1871,bpt6k3467824j,,failed,0,0,,http_manifest,known,403,manifest,"Client error '403 ' for url 'https://openapiproext.bnf.fr/iiif/presentation/v3/ark:/12148/bpt6k3467824j/manifest.json'
For more information check: https://developer.mozilla.org/en-US/docs/Web/HTTP/Status/403",2026-07-17T20:49:56.226578
cripeuple1871,bpt6k3467825z,,failed,0,0,,http_manifest,known,403,manifest,"Client error '403 ' for url 'https://openapiproext.bnf.fr/iiif/presentation/v3/ark:/12148/bpt6k3467825z/manifest.json'
For more information check: https://developer.mozilla.org/en-US/docs/Web/HTTP/Status/403",2026-07-17T20:49:57.714749
cripeuple1871,bpt6k3467826c,,failed,0,0,,http_manifest,known,403,manifest,"Client error '403 ' for url 'https://openapiproext.bnf.fr/iiif/presentation/v3/ark:/12148/bpt6k3467826c/manifest.json'
For more information check: https://developer.mozilla.org/en-US/docs/Web/HTTP/Status/403",2026-07-17T20:49:58.760492
cripeuple1871,bpt6k3467827s,,failed,0,0,,http_manifest,known,403,manifest,"Client error '403 ' for url 'https://openapiproext.bnf.fr/iiif/presentation/v3/ark:/12148/bpt6k3467827s/manifest.json'
For more information check: https://developer.mozilla.org/en-US/docs/Web/HTTP/Status/403",2026-07-17T20:49:59.999483
cripeuple1871,bpt6k34678286,,failed,0,0,,http_manifest,known,403,manifest,"Client error '403 ' for url 'https://openapiproext.bnf.fr/iiif/presentation/v3/ark:/12148/bpt6k34678286/manifest.json'
For more information check: https://developer.mozilla.org/en-US/docs/Web/HTTP/Status/403",2026-07-17T20:50:01.028626
cripeuple1871,bpt6k3467829m,,failed,0,0,,http_manifest,known,403,manifest,"Client error '403 ' for url 'https://openapiproext.bnf.fr/iiif/presentation/v3/ark:/12148/bpt6k3467829m/manifest.json'
For more information check: https://developer.mozilla.org/en-US/docs/Web/HTTP/Status/403",2026-07-17T20:50:02.356973
cripeuple1871,bpt6k34678308,,failed,0,0,,http_manifest,known,403,manifest,"Client error '403 ' for url 'https://openapiproext.bnf.fr/iiif/presentation/v3/ark:/12148/bpt6k34678308/manifest.json'
For more information check: https://developer.mozilla.org/en-US/docs/Web/HTTP/Status/403",2026-07-17T20:50:03.458297
cripeuple1871,bpt6k3467831p,,failed,0,0,,http_manifest,known,403,manifest,"Client error '403 ' for url 'https://openapiproext.bnf.fr/iiif/presentation/v3/ark:/12148/bpt6k3467831p/manifest.json'
For more information check: https://developer.mozilla.org/en-US/docs/Web/HTTP/Status/403",2026-07-17T20:50:04.748571
cripeuple1871,bpt6k34678323,,failed,0,0,,http_manifest,known,403,manifest,"Client error '403 ' for url 'https://openapiproext.bnf.fr/iiif/presentation/v3/ark:/12148/bpt6k34678323/manifest.json'
For more information check: https://developer.mozilla.org/en-US/docs/Web/HTTP/Status/403",2026-07-17T20:50:05.920047
cripeuple1871,bpt6k3467833h,,failed,0,0,,http_manifest,known,403,manifest,"Client error '403 ' for url 'https://openapiproext.bnf.fr/iiif/presentation/v3/ark:/12148/bpt6k3467833h/manifest.json'
For more information check: https://developer.mozilla.org/en-US/docs/Web/HTTP/Status/403",2026-07-17T20:50:07.039234
cripeuple1871,bpt6k3467834x,,failed,0,0,,http_manifest,known,403,manifest,"Client error '403 ' for url 'https://openapiproext.bnf.fr/iiif/presentation/v3/ark:/12148/bpt6k3467834x/manifest.json'
For more information check: https://developer.mozilla.org/en-US/docs/Web/HTTP/Status/403",2026-07-17T20:50:08.241918
cripeuple1871,bpt6k3467835b,,failed,0,0,,http_manifest,known,403,manifest,"Client error '403 ' for url 'https://openapiproext.bnf.fr/iiif/presentation/v3/ark:/12148/bpt6k3467835b/manifest.json'
For more information check: https://developer.mozilla.org/en-US/docs/Web/HTTP/Status/403",2026-07-17T20:50:09.466844
cripeuple1871,bpt6k3467836r,,failed,0,0,,http_manifest,known,403,manifest,"Client error '403 ' for url 'https://openapiproext.bnf.fr/iiif/presentation/v3/ark:/12148/bpt6k3467836r/manifest.json'
For more information check: https://developer.mozilla.org/en-US/docs/Web/HTTP/Status/403",2026-07-17T20:50:10.642218
cripeuple1871,bpt6k34678375,,failed,0,0,,http_manifest,known,403,manifest,"Client error '403 ' for url 'https://openapiproext.bnf.fr/iiif/presentation/v3/ark:/12148/bpt6k34678375/manifest.json'
For more information check: https://developer.mozilla.org/en-US/docs/Web/HTTP/Status/403",2026-07-17T20:50:11.845095
cripeuple1871,bpt6k3467838k,,failed,0,0,,http_manifest,known,403,manifest,"Client error '403 ' for url 'https://openapiproext.bnf.fr/iiif/presentation/v3/ark:/12148/bpt6k3467838k/manifest.json'
For more information check: https://developer.mozilla.org/en-US/docs/Web/HTTP/Status/403",2026-07-17T20:50:13.098224
cripeuple1871,bpt6k3467840n,,failed,0,0,,http_manifest,known,403,manifest,"Client error '403 ' for url 'https://openapiproext.bnf.fr/iiif/presentation/v3/ark:/12148/bpt6k3467840n/manifest.json'
For more information check: https://developer.mozilla.org/en-US/docs/Web/HTTP/Status/403",2026-07-17T20:50:14.365409
cripeuple1871,bpt6k34678390,,failed,0,0,,http_manifest,known,403,manifest,"Client error '403 ' for url 'https://openapiproext.bnf.fr/iiif/presentation/v3/ark:/12148/bpt6k34678390/manifest.json'
For more information check: https://developer.mozilla.org/en-US/docs/Web/HTTP/Status/403",2026-07-17T20:50:15.451155
cripeuple1871,bpt6k34678412,,failed,0,0,,http_manifest,known,403,manifest,"Client error '403 ' for url 'https://openapiproext.bnf.fr/iiif/presentation/v3/ark:/12148/bpt6k34678412/manifest.json'
For more information check: https://developer.mozilla.org/en-US/docs/Web/HTTP/Status/403",2026-07-17T20:50:16.881409
cripeuple1871,bpt6k3467842g,,failed,0,0,,http_manifest,known,403,manifest,"Client error '403 ' for url 'https://openapiproext.bnf.fr/iiif/presentation/v3/ark:/12148/bpt6k3467842g/manifest.json'
For more information check: https://developer.mozilla.org/en-US/docs/Web/HTTP/Status/403",2026-07-17T20:50:18.046044
cripeuple1871,bpt6k3467843w,,failed,0,0,,http_manifest,known,403,manifest,"Client error '403 ' for url 'https://openapiproext.bnf.fr/iiif/presentation/v3/ark:/12148/bpt6k3467843w/manifest.json'
For more information check: https://developer.mozilla.org/en-US/docs/Web/HTTP/Status/403",2026-07-17T20:50:19.054393
cripeuple1871,bpt6k34678449,,failed,0,0,,http_manifest,known,403,manifest,"Client error '403 ' for url 'https://openapiproext.bnf.fr/iiif/presentation/v3/ark:/12148/bpt6k34678449/manifest.json'
For more information check: https://developer.mozilla.org/en-US/docs/Web/HTTP/Status/403",2026-07-17T20:50:20.263051
cripeuple1871,bpt6k3467845q,,failed,0,0,,http_manifest,known,403,manifest,"Client error '403 ' for url 'https://openapiproext.bnf.fr/iiif/presentation/v3/ark:/12148/bpt6k3467845q/manifest.json'
For more information check: https://developer.mozilla.org/en-US/docs/Web/HTTP/Status/403",2026-07-17T20:50:21.482586
cripeuple1871,bpt6k34678464,,failed,0,0,,http_manifest,known,403,manifest,"Client error '403 ' for url 'https://openapiproext.bnf.fr/iiif/presentation/v3/ark:/12148/bpt6k34678464/manifest.json'
For more information check: https://developer.mozilla.org/en-US/docs/Web/HTTP/Status/403",2026-07-17T20:50:22.662632
cripeuple1871,bpt6k3467847j,,failed,0,0,,http_manifest,known,403,manifest,"Client error '403 ' for url 'https://openapiproext.bnf.fr/iiif/presentation/v3/ark:/12148/bpt6k3467847j/manifest.json'
For more information check: https://developer.mozilla.org/en-US/docs/Web/HTTP/Status/403",2026-07-17T20:50:23.859450
cripeuple1871,bpt6k3467848z,,failed,0,0,,http_manifest,known,403,manifest,"Client error '403 ' for url 'https://openapiproext.bnf.fr/iiif/presentation/v3/ark:/12148/bpt6k3467848z/manifest.json'
For more information check: https://developer.mozilla.org/en-US/docs/Web/HTTP/Status/403",2026-07-17T20:50:25.060312
cripeuple1871,bpt6k3467849c,,failed,0,0,,http_manifest,known,403,manifest,"Client error '403 ' for url 'https://openapiproext.bnf.fr/iiif/presentation/v3/ark:/12148/bpt6k3467849c/manifest.json'
For more information check: https://developer.mozilla.org/en-US/docs/Web/HTTP/Status/403",2026-07-17T20:50:26.264177
cripeuple1871,bpt6k34678501,,failed,0,0,,http_manifest,known,403,manifest,"Client error '403 ' for url 'https://openapiproext.bnf.fr/iiif/presentation/v3/ark:/12148/bpt6k34678501/manifest.json'
For more information check: https://developer.mozilla.org/en-US/docs/Web/HTTP/Status/403",2026-07-17T20:50:27.464340
cripeuple1871,bpt6k3467851f,,failed,0,0,,http_manifest,known,403,manifest,"Client error '403 ' for url 'https://openapiproext.bnf.fr/iiif/presentation/v3/ark:/12148/bpt6k3467851f/manifest.json'
For more information check: https://developer.mozilla.org/en-US/docs/Web/HTTP/Status/403",2026-07-17T20:50:28.668326
cripeuple1871,bpt6k3467852v,,failed,0,0,,http_manifest,known,403,manifest,"Client error '403 ' for url 'https://openapiproext.bnf.fr/iiif/presentation/v3/ark:/12148/bpt6k3467852v/manifest.json'
For more information check: https://developer.mozilla.org/en-US/docs/Web/HTTP/Status/403",2026-07-17T20:50:29.868646
cripeuple1871,bpt6k34678538,,failed,0,0,,http_manifest,known,403,manifest,"Client error '403 ' for url 'https://openapiproext.bnf.fr/iiif/presentation/v3/ark:/12148/bpt6k34678538/manifest.json'
For more information check: https://developer.mozilla.org/en-US/docs/Web/HTTP/Status/403",2026-07-17T20:50:31.070304
cripeuple1871,bpt6k3467854p,,failed,0,0,,http_manifest,known,403,manifest,"Client error '403 ' for url 'https://openapiproext.bnf.fr/iiif/presentation/v3/ark:/12148/bpt6k3467854p/manifest.json'
For more information check: https://developer.mozilla.org/en-US/docs/Web/HTTP/Status/403",2026-07-17T20:50:32.272044
cripeuple1871,bpt6k34678553,,failed,0,0,,http_manifest,known,403,manifest,"Client error '403 ' for url 'https://openapiproext.bnf.fr/iiif/presentation/v3/ark:/12148/bpt6k34678553/manifest.json'
For more information check: https://developer.mozilla.org/en-US/docs/Web/HTTP/Status/403",2026-07-17T20:50:33.493950
cripeuple1871,bpt6k3467856h,,failed,0,0,,http_manifest,known,403,manifest,"Client error '403 ' for url 'https://openapiproext.bnf.fr/iiif/presentation/v3/ark:/12148/bpt6k3467856h/manifest.json'
For more information check: https://developer.mozilla.org/en-US/docs/Web/HTTP/Status/403",2026-07-17T20:50:34.680976
cripeuple1871,bpt6k3467857x,,failed,0,0,,http_manifest,known,403,manifest,"Client error '403 ' for url 'https://openapiproext.bnf.fr/iiif/presentation/v3/ark:/12148/bpt6k3467857x/manifest.json'
For more information check: https://developer.mozilla.org/en-US/docs/Web/HTTP/Status/403",2026-07-17T20:50:35.874553
cripeuple1871,bpt6k3467858b,,failed,0,0,,http_manifest,known,403,manifest,"Client error '403 ' for url 'https://openapiproext.bnf.fr/iiif/presentation/v3/ark:/12148/bpt6k3467858b/manifest.json'
For more information check: https://developer.mozilla.org/en-US/docs/Web/HTTP/Status/403",2026-07-17T20:50:37.076222
cripeuple1871,bpt6k3467859r,,failed,0,0,,http_manifest,known,403,manifest,"Client error '403 ' for url 'https://openapiproext.bnf.fr/iiif/presentation/v3/ark:/12148/bpt6k3467859r/manifest.json'
For more information check: https://developer.mozilla.org/en-US/docs/Web/HTTP/Status/403",2026-07-17T20:50:38.277803
cripeuple1871,bpt6k3467860d,,failed,0,0,,http_manifest,known,403,manifest,"Client error '403 ' for url 'https://openapiproext.bnf.fr/iiif/presentation/v3/ark:/12148/bpt6k3467860d/manifest.json'
For more information check: https://developer.mozilla.org/en-US/docs/Web/HTTP/Status/403",2026-07-17T20:50:39.505667
cripeuple1871,bpt6k3467861t,,failed,0,0,,http_manifest,known,403,manifest,"Client error '403 ' for url 'https://openapiproext.bnf.fr/iiif/presentation/v3/ark:/12148/bpt6k3467861t/manifest.json'
For more information check: https://developer.mozilla.org/en-US/docs/Web/HTTP/Status/403",2026-07-17T20:50:40.684586
cripeuple1871,bpt6k34678627,,failed,0,0,,http_manifest,known,403,manifest,"Client error '403 ' for url 'https://openapiproext.bnf.fr/iiif/presentation/v3/ark:/12148/bpt6k34678627/manifest.json'
For more information check: https://developer.mozilla.org/en-US/docs/Web/HTTP/Status/403",2026-07-17T20:50:41.885343
cripeuple1871,bpt6k3467863n,,failed,0,0,,http_manifest,known,403,manifest,"Client error '403 ' for url 'https://openapiproext.bnf.fr/iiif/presentation/v3/ark:/12148/bpt6k3467863n/manifest.json'
For more information check: https://developer.mozilla.org/en-US/docs/Web/HTTP/Status/403",2026-07-17T20:50:43.089658
cripeuple1871,bpt6k34678642,,failed,0,0,,http_manifest,known,403,manifest,"Client error '403 ' for url 'https://openapiproext.bnf.fr/iiif/presentation/v3/ark:/12148/bpt6k34678642/manifest.json'
For more information check: https://developer.mozilla.org/en-US/docs/Web/HTTP/Status/403",2026-07-17T20:50:44.286653
cripeuple1871,bpt6k3467865g,,failed,0,0,,http_manifest,known,403,manifest,"Client error '403 ' for url 'https://openapiproext.bnf.fr/iiif/presentation/v3/ark:/12148/bpt6k3467865g/manifest.json'
For more information check: https://developer.mozilla.org/en-US/docs/Web/HTTP/Status/403",2026-07-17T20:50:45.490218
cripeuple1871,bpt6k3467866w,,failed,0,0,,http_manifest,known,403,manifest,"Client error '403 ' for url 'https://openapiproext.bnf.fr/iiif/presentation/v3/ark:/12148/bpt6k3467866w/manifest.json'
For more information check: https://developer.mozilla.org/en-US/docs/Web/HTTP/Status/403",2026-07-17T20:50:46.692040
cripeuple1871,bpt6k34678679,,failed,0,0,,http_manifest,known,403,manifest,"Client error '403 ' for url 'https://openapiproext.bnf.fr/iiif/presentation/v3/ark:/12148/bpt6k34678679/manifest.json'
For more information check: https://developer.mozilla.org/en-US/docs/Web/HTTP/Status/403",2026-07-17T20:50:47.893381
cripeuple1871,bpt6k3467868q,,failed,0,0,,http_manifest,known,403,manifest,"Client error '403 ' for url 'https://openapiproext.bnf.fr/iiif/presentation/v3/ark:/12148/bpt6k3467868q/manifest.json'
For more information check: https://developer.mozilla.org/en-US/docs/Web/HTTP/Status/403",2026-07-17T20:50:49.103341
cripeuple1871,bpt6k34678694,,failed,0,0,,http_manifest,known,403,manifest,"Client error '403 ' for url 'https://openapiproext.bnf.fr/iiif/presentation/v3/ark:/12148/bpt6k34678694/manifest.json'
For more information check: https://developer.mozilla.org/en-US/docs/Web/HTTP/Status/403",2026-07-17T20:50:50.296075
cripeuple1871,bpt6k3467870s,,failed,0,0,,http_manifest,known,403,manifest,"Client error '403 ' for url 'https://openapiproext.bnf.fr/iiif/presentation/v3/ark:/12148/bpt6k3467870s/manifest.json'
For more information check: https://developer.mozilla.org/en-US/docs/Web/HTTP/Status/403",2026-07-17T20:50:51.525887
cripeuple1871,bpt6k34678716,,failed,0,0,,http_manifest,known,403,manifest,"Client error '403 ' for url 'https://openapiproext.bnf.fr/iiif/presentation/v3/ark:/12148/bpt6k34678716/manifest.json'
For more information check: https://developer.mozilla.org/en-US/docs/Web/HTTP/Status/403",2026-07-17T20:50:52.703181
cripeuple1871,bpt6k3467872m,,failed,0,0,,http_manifest,known,403,manifest,"Client error '403 ' for url 'https://openapiproext.bnf.fr/iiif/presentation/v3/ark:/12148/bpt6k3467872m/manifest.json'
For more information check: https://developer.mozilla.org/en-US/docs/Web/HTTP/Status/403",2026-07-17T20:50:53.900802
cripeuple1871,bpt6k34678731,,failed,0,0,,http_manifest,known,403,manifest,"Client error '403 ' for url 'https://openapiproext.bnf.fr/iiif/presentation/v3/ark:/12148/bpt6k34678731/manifest.json'
For more information check: https://developer.mozilla.org/en-US/docs/Web/HTTP/Status/403",2026-07-17T20:50:55.101184
cripeuple1871,bpt6k3467874f,,failed,0,0,,http_manifest,known,403,manifest,"Client error '403 ' for url 'https://openapiproext.bnf.fr/iiif/presentation/v3/ark:/12148/bpt6k3467874f/manifest.json'
For more information check: https://developer.mozilla.org/en-US/docs/Web/HTTP/Status/403",2026-07-17T20:50:56.303421
cripeuple1871,bpt6k3467875v,,failed,0,0,,http_manifest,known,403,manifest,"Client error '403 ' for url 'https://openapiproext.bnf.fr/iiif/presentation/v3/ark:/12148/bpt6k3467875v/manifest.json'
For more information check: https://developer.mozilla.org/en-US/docs/Web/HTTP/Status/403",2026-07-17T20:50:57.737667
cripeuple1871,bpt6k34678768,,failed,0,0,,http_manifest,known,403,manifest,"Client error '403 ' for url 'https://openapiproext.bnf.fr/iiif/presentation/v3/ark:/12148/bpt6k34678768/manifest.json'
For more information check: https://developer.mozilla.org/en-US/docs/Web/HTTP/Status/403",2026-07-17T20:50:58.816127
cripeuple1871,bpt6k3467877p,,failed,0,0,,http_manifest,known,403,manifest,"Client error '403 ' for url 'https://openapiproext.bnf.fr/iiif/presentation/v3/ark:/12148/bpt6k3467877p/manifest.json'
For more information check: https://developer.mozilla.org/en-US/docs/Web/HTTP/Status/403",2026-07-17T20:51:00.137085
cripeuple1871,bpt6k34678783,,failed,0,0,,http_manifest,known,403,manifest,"Client error '403 ' for url 'https://openapiproext.bnf.fr/iiif/presentation/v3/ark:/12148/bpt6k34678783/manifest.json'
For more information check: https://developer.mozilla.org/en-US/docs/Web/HTTP/Status/403",2026-07-17T20:51:01.287533
cripeuple1871,bpt6k3467879h,,failed,0,0,,http_manifest,known,403,manifest,"Client error '403 ' for url 'https://openapiproext.bnf.fr/iiif/presentation/v3/ark:/12148/bpt6k3467879h/manifest.json'
For more information check: https://developer.mozilla.org/en-US/docs/Web/HTTP/Status/403",2026-07-17T20:51:02.367548
cripeuple1871,bpt6k34678805,,failed,0,0,,http_manifest,known,403,manifest,"Client error '403 ' for url 'https://openapiproext.bnf.fr/iiif/presentation/v3/ark:/12148/bpt6k34678805/manifest.json'
For more information check: https://developer.mozilla.org/en-US/docs/Web/HTTP/Status/403",2026-07-17T20:51:03.537275
cripeuple1871,bpt6k3467881k,,failed,0,0,,http_manifest,known,403,manifest,"Client error '403 ' for url 'https://openapiproext.bnf.fr/iiif/presentation/v3/ark:/12148/bpt6k3467881k/manifest.json'
For more information check: https://developer.mozilla.org/en-US/docs/Web/HTTP/Status/403",2026-07-17T20:51:04.903014
cripeuple1871,bpt6k34678820,,failed,0,0,,http_manifest,known,403,manifest,"Client error '403 ' for url 'https://openapiproext.bnf.fr/iiif/presentation/v3/ark:/12148/bpt6k34678820/manifest.json'
For more information check: https://developer.mozilla.org/en-US/docs/Web/HTTP/Status/403",2026-07-17T20:51:05.948934
cripeuple1871,bpt6k3467883d,,failed,0,0,,http_manifest,known,403,manifest,"Client error '403 ' for url 'https://openapiproext.bnf.fr/iiif/presentation/v3/ark:/12148/bpt6k3467883d/manifest.json'
For more information check: https://developer.mozilla.org/en-US/docs/Web/HTTP/Status/403",2026-07-17T20:51:07.121747
cripeuple1871,bpt6k3467884t,,failed,0,0,,http_manifest,known,403,manifest,"Client error '403 ' for url 'https://openapiproext.bnf.fr/iiif/presentation/v3/ark:/12148/bpt6k3467884t/manifest.json'
For more information check: https://developer.mozilla.org/en-US/docs/Web/HTTP/Status/403",2026-07-17T20:51:08.319092
cripeuple1871,bpt6k34678857,,failed,0,0,,http_manifest,known,403,manifest,"Client error '403 ' for url 'https://openapiproext.bnf.fr/iiif/presentation/v3/ark:/12148/bpt6k34678857/manifest.json'
For more information check: https://developer.mozilla.org/en-US/docs/Web/HTTP/Status/403",2026-07-17T20:51:09.542060
cripeuple1871,bpt6k3467886n,,failed,0,0,,http_manifest,known,403,manifest,"Client error '403 ' for url 'https://openapiproext.bnf.fr/iiif/presentation/v3/ark:/12148/bpt6k3467886n/manifest.json'
For more information check: https://developer.mozilla.org/en-US/docs/Web/HTTP/Status/403",2026-07-17T20:51:10.723905
cripeuple1871,bpt6k34678872,,failed,0,0,,http_manifest,known,403,manifest,"Client error '403 ' for url 'https://openapiproext.bnf.fr/iiif/presentation/v3/ark:/12148/bpt6k34678872/manifest.json'
For more information check: https://developer.mozilla.org/en-US/docs/Web/HTTP/Status/403",2026-07-17T20:51:12.142327
cripeuple1871,bpt6k3467888g,,failed,0,0,,http_manifest,known,403,manifest,"Client error '403 ' for url 'https://openapiproext.bnf.fr/iiif/presentation/v3/ark:/12148/bpt6k3467888g/manifest.json'
For more information check: https://developer.mozilla.org/en-US/docs/Web/HTTP/Status/403",2026-07-17T20:51:13.265823
cripeuple1871,bpt6k3467889w,,failed,0,0,,http_manifest,known,403,manifest,"Client error '403 ' for url 'https://openapiproext.bnf.fr/iiif/presentation/v3/ark:/12148/bpt6k3467889w/manifest.json'
For more information check: https://developer.mozilla.org/en-US/docs/Web/HTTP/Status/403",2026-07-17T20:51:14.359527
cripeuple1871,bpt6k3467890j,,failed,0,0,,http_manifest,known,403,manifest,"Client error '403 ' for url 'https://openapiproext.bnf.fr/iiif/presentation/v3/ark:/12148/bpt6k3467890j/manifest.json'
For more information check: https://developer.mozilla.org/en-US/docs/Web/HTTP/Status/403",2026-07-17T20:51:15.526404
cripeuple1871,bpt6k3467891z,,failed,0,0,,http_manifest,known,403,manifest,"Client error '403 ' for url 'https://openapiproext.bnf.fr/iiif/presentation/v3/ark:/12148/bpt6k3467891z/manifest.json'
For more information check: https://developer.mozilla.org/en-US/docs/Web/HTTP/Status/403",2026-07-17T20:51:16.907095
cripeuple1871,bpt6k3467892c,,failed,0,0,,http_manifest,known,403,manifest,"Client error '403 ' for url 'https://openapiproext.bnf.fr/iiif/presentation/v3/ark:/12148/bpt6k3467892c/manifest.json'
For more information check: https://developer.mozilla.org/en-US/docs/Web/HTTP/Status/403",2026-07-17T20:51:18.132481
cripeuple1871,bpt6k3467893s,,failed,0,0,,http_manifest,known,403,manifest,"Client error '403 ' for url 'https://openapiproext.bnf.fr/iiif/presentation/v3/ark:/12148/bpt6k3467893s/manifest.json'
For more information check: https://developer.mozilla.org/en-US/docs/Web/HTTP/Status/403",2026-07-17T20:51:19.133698
cripeuple1871,bpt6k34678946,,failed,0,0,,http_manifest,known,403,manifest,"Client error '403 ' for url 'https://openapiproext.bnf.fr/iiif/presentation/v3/ark:/12148/bpt6k34678946/manifest.json'
For more information check: https://developer.mozilla.org/en-US/docs/Web/HTTP/Status/403",2026-07-17T20:51:20.333399
cripeuple1871,bpt6k3467895m,,failed,0,0,,http_manifest,known,403,manifest,"Client error '403 ' for url 'https://openapiproext.bnf.fr/iiif/presentation/v3/ark:/12148/bpt6k3467895m/manifest.json'
For more information check: https://developer.mozilla.org/en-US/docs/Web/HTTP/Status/403",2026-07-17T20:51:21.569750
cripeuple1871,bpt6k34678961,,failed,0,0,,http_manifest,known,403,manifest,"Client error '403 ' for url 'https://openapiproext.bnf.fr/iiif/presentation/v3/ark:/12148/bpt6k34678961/manifest.json'
For more information check: https://developer.mozilla.org/en-US/docs/Web/HTTP/Status/403",2026-07-17T20:51:22.741635
cripeuple1871,bpt6k3467897f,,failed,0,0,,http_manifest,known,403,manifest,"Client error '403 ' for url 'https://openapiproext.bnf.fr/iiif/presentation/v3/ark:/12148/bpt6k3467897f/manifest.json'
For more information check: https://developer.mozilla.org/en-US/docs/Web/HTTP/Status/403",2026-07-17T20:51:23.942231
cripeuple1871,bpt6k3467898v,,failed,0,0,,http_manifest,known,403,manifest,"Client error '403 ' for url 'https://openapiproext.bnf.fr/iiif/presentation/v3/ark:/12148/bpt6k3467898v/manifest.json'
For more information check: https://developer.mozilla.org/en-US/docs/Web/HTTP/Status/403",2026-07-17T20:51:25.140060
cripeuple1871,bpt6k34678998,,failed,0,0,,http_manifest,known,403,manifest,"Client error '403 ' for url 'https://openapiproext.bnf.fr/iiif/presentation/v3/ark:/12148/bpt6k34678998/manifest.json'
For more information check: https://developer.mozilla.org/en-US/docs/Web/HTTP/Status/403",2026-07-17T20:51:26.348582
cripeuple1871,bpt6k3467900g,,failed,0,0,,http_manifest,known,403,manifest,"Client error '403 ' for url 'https://openapiproext.bnf.fr/iiif/presentation/v3/ark:/12148/bpt6k3467900g/manifest.json'
For more information check: https://developer.mozilla.org/en-US/docs/Web/HTTP/Status/403",2026-07-17T20:51:27.541882
cripeuple1871,bpt6k3467901w,,failed,0,0,,http_manifest,known,403,manifest,"Client error '403 ' for url 'https://openapiproext.bnf.fr/iiif/presentation/v3/ark:/12148/bpt6k3467901w/manifest.json'
For more information check: https://developer.mozilla.org/en-US/docs/Web/HTTP/Status/403",2026-07-17T20:51:28.750516
cripeuple1871,bpt6k34679029,,failed,0,0,,http_manifest,known,403,manifest,"Client error '403 ' for url 'https://openapiproext.bnf.fr/iiif/presentation/v3/ark:/12148/bpt6k34679029/manifest.json'
For more information check: https://developer.mozilla.org/en-US/docs/Web/HTTP/Status/403",2026-07-17T20:51:29.946748
figaro1826,bpt6k265751g,,failed,0,0,,no_usable_pages,known,,,bpt6k265751g: no usable pages in manifest.,2026-07-17T20:51:30.406455
figaro1826,bpt6k266600b,,failed,0,0,,no_usable_pages,known,,,bpt6k266600b: no usable pages in manifest.,2026-07-17T20:51:30.605258
figaro1854,bpt6k280145w,,failed,0,0,,no_usable_pages,known,,,bpt6k280145w: no usable pages in manifest.,2026-07-17T20:51:30.909287
figaro1854,bpt6k433736t,,failed,0,0,,no_usable_pages,known,,,bpt6k433736t: no usable pages in manifest.,2026-07-17T20:51:31.101874
figaro1854,bpt6k280571n,,failed,0,0,,no_usable_pages,known,,,bpt6k280571n: no usable pages in manifest.,2026-07-17T20:51:31.356239
figaro1854,bpt6k280992z,,failed,0,0,,no_usable_pages,known,,,bpt6k280992z: no usable pages in manifest.,2026-07-17T20:51:31.536405
figaro1854,bpt6k280993b,,failed,0,0,,no_usable_pages,known,,,bpt6k280993b: no usable pages in manifest.,2026-07-17T20:51:31.654663
figaro1854,bpt6k280994q,,failed,0,0,,no_usable_pages,known,,,bpt6k280994q: no usable pages in manifest.,2026-07-17T20:51:31.853061
figaro1854,bpt6k2809953,,failed,0,0,,no_usable_pages,known,,,bpt6k2809953: no usable pages in manifest.,2026-07-17T20:51:32.120453
figaro1854,bpt6k280996g,,failed,0,0,,no_usable_pages,known,,,bpt6k280996g: no usable pages in manifest.,2026-07-17T20:51:32.375491
figaro1854,bpt6k280997v,,failed,0,0,,no_usable_pages,known,,,bpt6k280997v: no usable pages in manifest.,2026-07-17T20:51:32.488685
figaro1854,bpt6k2809987,,failed,0,0,,no_usable_pages,known,,,bpt6k2809987: no usable pages in manifest.,2026-07-17T20:51:32.641041
figaro1854,bpt6k281002b,,failed,0,0,,no_usable_pages,known,,,bpt6k281002b: no usable pages in manifest.,2026-07-17T20:51:32.804401
figaro1854,bpt6k2810043,,failed,0,0,,no_usable_pages,known,,,bpt6k2810043: no usable pages in manifest.,2026-07-17T20:51:32.962212
figaro1854,bpt6k281006v,,failed,0,0,,no_usable_pages,known,,,bpt6k281006v: no usable pages in manifest.,2026-07-17T20:51:33.199043
figaro1854,bpt6k281008m,,failed,0,0,,no_usable_pages,known,,,bpt6k281008m: no usable pages in manifest.,2026-07-17T20:51:33.529347
figaro1854,bpt6k281010x,,failed,0,0,,no_usable_pages,known,,,bpt6k281010x: no usable pages in manifest.,2026-07-17T20:51:33.805269
figaro1854,bpt6k2810119,,failed,0,0,,no_usable_pages,known,,,bpt6k2810119: no usable pages in manifest.,2026-07-17T20:51:34.047890
figaro1854,bpt6k281012p,,failed,0,0,,no_usable_pages,known,,,bpt6k281012p: no usable pages in manifest.,2026-07-17T20:51:34.303193
figaro1854,bpt6k2810132,,failed,0,0,,no_usable_pages,known,,,bpt6k2810132: no usable pages in manifest.,2026-07-17T20:51:34.462585
figaro1854,bpt6k281014f,,failed,0,0,,no_usable_pages,known,,,bpt6k281014f: no usable pages in manifest.,2026-07-17T20:51:34.688857
figaro1854,bpt6k281015t,,failed,0,0,,no_usable_pages,known,,,bpt6k281015t: no usable pages in manifest.,2026-07-17T20:51:34.820759
figaro1854,bpt6k2810166,,failed,0,0,,no_usable_pages,known,,,bpt6k2810166: no usable pages in manifest.,2026-07-17T20:51:34.968562
figaro1854,bpt6k281017k,,failed,0,0,,no_usable_pages,known,,,bpt6k281017k: no usable pages in manifest.,2026-07-17T20:51:35.109903
figaro1854,bpt6k281018z,,failed,0,0,,no_usable_pages,known,,,bpt6k281018z: no usable pages in manifest.,2026-07-17T20:51:35.272276
figaro1854,bpt6k281019b,,failed,0,0,,no_usable_pages,known,,,bpt6k281019b: no usable pages in manifest.,2026-07-17T20:51:35.425516
figaro1854,bpt6k2810208,,failed,0,0,,no_usable_pages,known,,,bpt6k2810208: no usable pages in manifest.,2026-07-17T20:51:35.705402
figaro1854,bpt6k281021n,,failed,0,0,,no_usable_pages,known,,,bpt6k281021n: no usable pages in manifest.,2026-07-17T20:51:35.910592
figaro1854,bpt6k2810221,,failed,0,0,,no_usable_pages,known,,,bpt6k2810221: no usable pages in manifest.,2026-07-17T20:51:36.092611
figaro1854,bpt6k281023d,,failed,0,0,,no_usable_pages,known,,,bpt6k281023d: no usable pages in manifest.,2026-07-17T20:51:36.295958
figaro1854,bpt6k281024s,,failed,0,0,,no_usable_pages,known,,,bpt6k281024s: no usable pages in manifest.,2026-07-17T20:51:36.423239
figaro1854,bpt6k2810255,,failed,0,0,,no_usable_pages,known,,,bpt6k2810255: no usable pages in manifest.,2026-07-17T20:51:36.566943
figaro1854,bpt6k281026j,,failed,0,0,,no_usable_pages,known,,,bpt6k281026j: no usable pages in manifest.,2026-07-17T20:51:36.801998
figaro1854,bpt6k281027x,,failed,0,0,,no_usable_pages,known,,,bpt6k281027x: no usable pages in manifest.,2026-07-17T20:51:36.952764
figaro1854,bpt6k2810289,,failed,0,0,,no_usable_pages,known,,,bpt6k2810289: no usable pages in manifest.,2026-07-17T20:51:37.067001
figaro1854,bpt6k281029p,,failed,0,0,,no_usable_pages,known,,,bpt6k281029p: no usable pages in manifest.,2026-07-17T20:51:37.253591
figaro1854,bpt6k281030m,,failed,0,0,,no_usable_pages,known,,,bpt6k281030m: no usable pages in manifest.,2026-07-17T20:51:37.446594
figaro1854,bpt6k2810310,,failed,0,0,,no_usable_pages,known,,,bpt6k2810310: no usable pages in manifest.,2026-07-17T20:51:37.629951
figaro1854,bpt6k281032c,,failed,0,0,,no_usable_pages,known,,,bpt6k281032c: no usable pages in manifest.,2026-07-17T20:51:38.017812
figaro1854,bpt6k281033r,,failed,0,0,,no_usable_pages,known,,,bpt6k281033r: no usable pages in manifest.,2026-07-17T20:51:38.252681
figaro1854,bpt6k2810344,,failed,0,0,,no_usable_pages,known,,,bpt6k2810344: no usable pages in manifest.,2026-07-17T20:51:38.474463
figaro1854,bpt6k281036w,,failed,0,0,,no_usable_pages,known,,,bpt6k281036w: no usable pages in manifest.,2026-07-17T20:51:38.638422
figaro1854,bpt6k2810433,,failed,0,0,,no_usable_pages,known,,,bpt6k2810433: no usable pages in manifest.,2026-07-17T20:51:38.790113
figaro1854,bpt6k281044g,,failed,0,0,,no_usable_pages,known,,,bpt6k281044g: no usable pages in manifest.,2026-07-17T20:51:39.038660
figaro1854,bpt6k281045v,,failed,0,0,,no_usable_pages,known,,,bpt6k281045v: no usable pages in manifest.,2026-07-17T20:51:39.230178
figaro1854,bpt6k2810467,,failed,0,0,,no_usable_pages,known,,,bpt6k2810467: no usable pages in manifest.,2026-07-17T20:51:39.378589
figaro1854,bpt6k281047m,,failed,0,0,,no_usable_pages,known,,,bpt6k281047m: no usable pages in manifest.,2026-07-17T20:51:39.566279
figaro1854,bpt6k2810480,,failed,0,0,,no_usable_pages,known,,,bpt6k2810480: no usable pages in manifest.,2026-07-17T20:51:39.738939
figaro1854,bpt6k281049c,,failed,0,0,,no_usable_pages,known,,,bpt6k281049c: no usable pages in manifest.,2026-07-17T20:51:39.887884
figaro1854,bpt6k2810509,,failed,0,0,,no_usable_pages,known,,,bpt6k2810509: no usable pages in manifest.,2026-07-17T20:51:40.192311
figaro1854,bpt6k281051p,,failed,0,0,,no_usable_pages,known,,,bpt6k281051p: no usable pages in manifest.,2026-07-17T20:51:40.363885
figaro1854,bpt6k2810522,,failed,0,0,,no_usable_pages,known,,,bpt6k2810522: no usable pages in manifest.,2026-07-17T20:51:40.502301
figaro1854,bpt6k281053f,,failed,0,0,,no_usable_pages,known,,,bpt6k281053f: no usable pages in manifest.,2026-07-17T20:51:40.693077
figaro1854,bpt6k281054t,,failed,0,0,,no_usable_pages,known,,,bpt6k281054t: no usable pages in manifest.,2026-07-17T20:51:40.861025
figaro1854,bpt6k2810556,,failed,0,0,,no_usable_pages,known,,,bpt6k2810556: no usable pages in manifest.,2026-07-17T20:51:41.036917
figaro1854,bpt6k281056k,,failed,0,0,,no_usable_pages,known,,,bpt6k281056k: no usable pages in manifest.,2026-07-17T20:51:41.280986
figaro1854,bpt6k281057z,,failed,0,0,,no_usable_pages,known,,,bpt6k281057z: no usable pages in manifest.,2026-07-17T20:51:41.463157
figaro1854,bpt6k281058b,,failed,0,0,,no_usable_pages,known,,,bpt6k281058b: no usable pages in manifest.,2026-07-17T20:51:41.763531
figaro1854,bpt6k281059q,,failed,0,0,,no_usable_pages,known,,,bpt6k281059q: no usable pages in manifest.,2026-07-17T20:51:42.008741
figaro1854,bpt6k281060n,,failed,0,0,,no_usable_pages,known,,,bpt6k281060n: no usable pages in manifest.,2026-07-17T20:51:42.337132
figaro1854,bpt6k2810611,,failed,0,0,,no_usable_pages,known,,,bpt6k2810611: no usable pages in manifest.,2026-07-17T20:51:42.483547
figaro1854,bpt6k281062d,,failed,0,0,,no_usable_pages,known,,,bpt6k281062d: no usable pages in manifest.,2026-07-17T20:51:42.693290
figaro1854,bpt6k281063s,,failed,0,0,,no_usable_pages,known,,,bpt6k281063s: no usable pages in manifest.,2026-07-17T20:51:43.000438
figaro1854,bpt6k2810645,,failed,0,0,,no_usable_pages,known,,,bpt6k2810645: no usable pages in manifest.,2026-07-17T20:51:43.227875
figaro1854,bpt6k281065j,,failed,0,0,,no_usable_pages,known,,,bpt6k281065j: no usable pages in manifest.,2026-07-17T20:51:43.526326
figaro1854,bpt6k2810679,,failed,0,0,,no_usable_pages,known,,,bpt6k2810679: no usable pages in manifest.,2026-07-17T20:51:43.652712
figaro1854,bpt6k281068p,,failed,0,0,,no_usable_pages,known,,,bpt6k281068p: no usable pages in manifest.,2026-07-17T20:51:43.829409
figaro1854,bpt6k2810692,,failed,0,0,,no_usable_pages,known,,,bpt6k2810692: no usable pages in manifest.,2026-07-17T20:51:44.127959
figaro1854,bpt6k2810700,,failed,0,0,,no_usable_pages,known,,,bpt6k2810700: no usable pages in manifest.,2026-07-17T20:51:44.318706
figaro1854,bpt6k281071c,,failed,0,0,,no_usable_pages,known,,,bpt6k281071c: no usable pages in manifest.,2026-07-17T20:51:44.514050
figaro1854,bpt6k281072r,,failed,0,0,,no_usable_pages,known,,,bpt6k281072r: no usable pages in manifest.,2026-07-17T20:51:44.669901
figaro1854,bpt6k2810734,,failed,0,0,,no_usable_pages,known,,,bpt6k2810734: no usable pages in manifest.,2026-07-17T20:51:44.836000
figaro1854,bpt6k281074h,,failed,0,0,,no_usable_pages,known,,,bpt6k281074h: no usable pages in manifest.,2026-07-17T20:51:44.973279
figaro1854,bpt6k281075w,,failed,0,0,,no_usable_pages,known,,,bpt6k281075w: no usable pages in manifest.,2026-07-17T20:51:45.222691
figaro1854,bpt6k2810768,,failed,0,0,,no_usable_pages,known,,,bpt6k2810768: no usable pages in manifest.,2026-07-17T20:51:45.387692
figaro1854,bpt6k281077n,,failed,0,0,,no_usable_pages,known,,,bpt6k281077n: no usable pages in manifest.,2026-07-17T20:51:45.607178
figaro1854,bpt6k2810781,,failed,0,0,,no_usable_pages,known,,,bpt6k2810781: no usable pages in manifest.,2026-07-17T20:51:45.848499
figaro1854,bpt6k281079d,,failed,0,0,,no_usable_pages,known,,,bpt6k281079d: no usable pages in manifest.,2026-07-17T20:51:46.179692
figaro1854,bpt6k281080b,,failed,0,0,,no_usable_pages,known,,,bpt6k281080b: no usable pages in manifest.,2026-07-17T20:51:46.325545
figaro1854,bpt6k281081q,,failed,0,0,,no_usable_pages,known,,,bpt6k281081q: no usable pages in manifest.,2026-07-17T20:51:46.441581
figaro1854,bpt6k2810823,,failed,0,0,,no_usable_pages,known,,,bpt6k2810823: no usable pages in manifest.,2026-07-17T20:51:46.626528
figaro1854,bpt6k2810857,,failed,0,0,,no_usable_pages,known,,,bpt6k2810857: no usable pages in manifest.,2026-07-17T20:51:46.758503
figaro1854,bpt6k281086m,,failed,0,0,,no_usable_pages,known,,,bpt6k281086m: no usable pages in manifest.,2026-07-17T20:51:46.891218
figaro1854,bpt6k2810870,,failed,0,0,,no_usable_pages,known,,,bpt6k2810870: no usable pages in manifest.,2026-07-17T20:51:47.082918
figaro1854,bpt6k281088c,,failed,0,0,,no_usable_pages,known,,,bpt6k281088c: no usable pages in manifest.,2026-07-17T20:51:47.324684
figaro1854,bpt6k281089r,,failed,0,0,,no_usable_pages,known,,,bpt6k281089r: no usable pages in manifest.,2026-07-17T20:51:47.473198
figaro1854,bpt6k281090p,,failed,0,0,,no_usable_pages,known,,,bpt6k281090p: no usable pages in manifest.,2026-07-17T20:51:47.832472
figaro1854,bpt6k2810912,,failed,0,0,,no_usable_pages,known,,,bpt6k2810912: no usable pages in manifest.,2026-07-17T20:51:48.025480
figaro1854,bpt6k281092f,,failed,0,0,,no_usable_pages,known,,,bpt6k281092f: no usable pages in manifest.,2026-07-17T20:51:48.229016
figaro1854,bpt6k281093t,,failed,0,0,,no_usable_pages,known,,,bpt6k281093t: no usable pages in manifest.,2026-07-17T20:51:48.445927
figaro1854,bpt6k2810946,,failed,0,0,,no_usable_pages,known,,,bpt6k2810946: no usable pages in manifest.,2026-07-17T20:51:48.616929
figaro1854,bpt6k281095k,,failed,0,0,,no_usable_pages,known,,,bpt6k281095k: no usable pages in manifest.,2026-07-17T20:51:48.900197
figaro1854,bpt6k281096z,,failed,0,0,,no_usable_pages,known,,,bpt6k281096z: no usable pages in manifest.,2026-07-17T20:51:49.083647
figaro1854,bpt6k281097b,,failed,0,0,,no_usable_pages,known,,,bpt6k281097b: no usable pages in manifest.,2026-07-17T20:51:49.304361
figaro1854,bpt6k281098q,,failed,0,0,,no_usable_pages,known,,,bpt6k281098q: no usable pages in manifest.,2026-07-17T20:51:49.542319
figaro1854,bpt6k2810993,,failed,0,0,,no_usable_pages,known,,,bpt6k2810993: no usable pages in manifest.,2026-07-17T20:51:49.886450
figaro1854,bpt6k281100w,,failed,0,0,,no_usable_pages,known,,,bpt6k281100w: no usable pages in manifest.,2026-07-17T20:51:50.193834
figaro1854,bpt6k2811018,,failed,0,0,,no_usable_pages,known,,,bpt6k2811018: no usable pages in manifest.,2026-07-17T20:51:50.388627
figaro1854,bpt6k281102n,,failed,0,0,,no_usable_pages,known,,,bpt6k281102n: no usable pages in manifest.,2026-07-17T20:51:50.654618
figaro1854,bpt6k2811031,,failed,0,0,,no_usable_pages,known,,,bpt6k2811031: no usable pages in manifest.,2026-07-17T20:51:50.809310
figaro1854,bpt6k281104d,,failed,0,0,,no_usable_pages,known,,,bpt6k281104d: no usable pages in manifest.,2026-07-17T20:51:51.001725
figaro1854,bpt6k281105s,,failed,0,0,,no_usable_pages,known,,,bpt6k281105s: no usable pages in manifest.,2026-07-17T20:51:51.213449
figaro1854,bpt6k2811065,,failed,0,0,,no_usable_pages,known,,,bpt6k2811065: no usable pages in manifest.,2026-07-17T20:51:51.400029
figaro1854,bpt6k281107j,,failed,0,0,,no_usable_pages,known,,,bpt6k281107j: no usable pages in manifest.,2026-07-17T20:51:51.564071
figaro1854,bpt6k281108x,,failed,0,0,,no_usable_pages,known,,,bpt6k281108x: no usable pages in manifest.,2026-07-17T20:51:51.775752
figaro1854,bpt6k2811099,,failed,0,0,,no_usable_pages,known,,,bpt6k2811099: no usable pages in manifest.,2026-07-17T20:51:51.975527
figaro1854,bpt6k2811107,,failed,0,0,,no_usable_pages,known,,,bpt6k2811107: no usable pages in manifest.,2026-07-17T20:51:52.135888
figaro1854,bpt6k281111m,,failed,0,0,,no_usable_pages,known,,,bpt6k281111m: no usable pages in manifest.,2026-07-17T20:51:52.391094
figaro1854,bpt6k2811120,,failed,0,0,,no_usable_pages,known,,,bpt6k2811120: no usable pages in manifest.,2026-07-17T20:51:52.522768
figaro1854,bpt6k281113c,,failed,0,0,,no_usable_pages,known,,,bpt6k281113c: no usable pages in manifest.,2026-07-17T20:51:52.644592
figaro1854,bpt6k281114r,,failed,0,0,,no_usable_pages,known,,,bpt6k281114r: no usable pages in manifest.,2026-07-17T20:51:52.773499
figaro1854,bpt6k2811154,,failed,0,0,,no_usable_pages,known,,,bpt6k2811154: no usable pages in manifest.,2026-07-17T20:51:52.921959
figaro1854,bpt6k281116h,,failed,0,0,,no_usable_pages,known,,,bpt6k281116h: no usable pages in manifest.,2026-07-17T20:51:53.059336
figaro1854,bpt6k281117w,,failed,0,0,,no_usable_pages,known,,,bpt6k281117w: no usable pages in manifest.,2026-07-17T20:51:53.255374
figaro1854,bpt6k2811188,,failed,0,0,,no_usable_pages,known,,,bpt6k2811188: no usable pages in manifest.,2026-07-17T20:51:53.452188
figaro1854,bpt6k281119n,,failed,0,0,,no_usable_pages,known,,,bpt6k281119n: no usable pages in manifest.,2026-07-17T20:51:53.611415
figaro1854,bpt6k281120k,,failed,0,0,,no_usable_pages,known,,,bpt6k281120k: no usable pages in manifest.,2026-07-17T20:51:53.959117
figaro1854,bpt6k281122b,,failed,0,0,,no_usable_pages,known,,,bpt6k281122b: no usable pages in manifest.,2026-07-17T20:51:54.259147
figaro1854,bpt6k281123q,,failed,0,0,,no_usable_pages,known,,,bpt6k281123q: no usable pages in manifest.,2026-07-17T20:51:54.478889
figaro1854,bpt6k2811243,,failed,0,0,,no_usable_pages,known,,,bpt6k2811243: no usable pages in manifest.,2026-07-17T20:51:54.649176
figaro1854,bpt6k281125g,,failed,0,0,,no_usable_pages,known,,,bpt6k281125g: no usable pages in manifest.,2026-07-17T20:51:54.783653
figaro1854,bpt6k281126v,,failed,0,0,,no_usable_pages,known,,,bpt6k281126v: no usable pages in manifest.,2026-07-17T20:51:54.988115
figaro1854,bpt6k2811277,,failed,0,0,,no_usable_pages,known,,,bpt6k2811277: no usable pages in manifest.,2026-07-17T20:51:55.171848
figaro1854,bpt6k281128m,,failed,0,0,,no_usable_pages,known,,,bpt6k281128m: no usable pages in manifest.,2026-07-17T20:51:55.356910
figaro1854,bpt6k2811290,,failed,0,0,,no_usable_pages,known,,,bpt6k2811290: no usable pages in manifest.,2026-07-17T20:51:55.545166
figaro1854,bpt6k281130x,,failed,0,0,,no_usable_pages,known,,,bpt6k281130x: no usable pages in manifest.,2026-07-17T20:51:55.694646
figaro1854,bpt6k2811319,,failed,0,0,,no_usable_pages,known,,,bpt6k2811319: no usable pages in manifest.,2026-07-17T20:51:55.837357
figaro1854,bpt6k281132p,,failed,0,0,,no_usable_pages,known,,,bpt6k281132p: no usable pages in manifest.,2026-07-17T20:51:56.036530
figaro1854,bpt6k2811332,,failed,0,0,,no_usable_pages,known,,,bpt6k2811332: no usable pages in manifest.,2026-07-17T20:51:56.230820
figaro1854,bpt6k281134f,,failed,0,0,,no_usable_pages,known,,,bpt6k281134f: no usable pages in manifest.,2026-07-17T20:51:56.443043
figaro1854,bpt6k281135t,,failed,0,0,,no_usable_pages,known,,,bpt6k281135t: no usable pages in manifest.,2026-07-17T20:51:56.624648
figaro1854,bpt6k2811366,,failed,0,0,,no_usable_pages,known,,,bpt6k2811366: no usable pages in manifest.,2026-07-17T20:51:56.778898
figaro1854,bpt6k281137k,,failed,0,0,,no_usable_pages,known,,,bpt6k281137k: no usable pages in manifest.,2026-07-17T20:51:56.921706
figaro1854,bpt6k281138z,,failed,0,0,,no_usable_pages,known,,,bpt6k281138z: no usable pages in manifest.,2026-07-17T20:51:57.193718
figaro1854,bpt6k281139b,,failed,0,0,,no_usable_pages,known,,,bpt6k281139b: no usable pages in manifest.,2026-07-17T20:51:57.360936
figaro1854,bpt6k2811408,,failed,0,0,,no_usable_pages,known,,,bpt6k2811408: no usable pages in manifest.,2026-07-17T20:51:57.503952
figaro1854,bpt6k281141n,,failed,0,0,,no_usable_pages,known,,,bpt6k281141n: no usable pages in manifest.,2026-07-17T20:51:57.723525
figaro1854,bpt6k2811421,,failed,0,0,,no_usable_pages,known,,,bpt6k2811421: no usable pages in manifest.,2026-07-17T20:51:57.823082
figaro1854,bpt6k281143d,,failed,0,0,,no_usable_pages,known,,,bpt6k281143d: no usable pages in manifest.,2026-07-17T20:51:57.971926
figaro1854,bpt6k2811455,,failed,0,0,,no_usable_pages,known,,,bpt6k2811455: no usable pages in manifest.,2026-07-17T20:51:58.117080
figaro1854,bpt6k281146j,,failed,0,0,,no_usable_pages,known,,,bpt6k281146j: no usable pages in manifest.,2026-07-17T20:51:58.314285
figaro1854,bpt6k281147x,,failed,0,0,,no_usable_pages,known,,,bpt6k281147x: no usable pages in manifest.,2026-07-17T20:51:58.459670
figaro1854,bpt6k2811489,,failed,0,0,,no_usable_pages,known,,,bpt6k2811489: no usable pages in manifest.,2026-07-17T20:51:58.593115
figaro1854,bpt6k281150m,,failed,0,0,,no_usable_pages,known,,,bpt6k281150m: no usable pages in manifest.,2026-07-17T20:51:58.770762
figaro1854,bpt6k2811510,,failed,0,0,,no_usable_pages,known,,,bpt6k2811510: no usable pages in manifest.,2026-07-17T20:51:58.911392
figaro1854,bpt6k281152c,,failed,0,0,,no_usable_pages,known,,,bpt6k281152c: no usable pages in manifest.,2026-07-17T20:51:59.034453
figaro1854,bpt6k281153r,,failed,0,0,,no_usable_pages,known,,,bpt6k281153r: no usable pages in manifest.,2026-07-17T20:51:59.186766
figaro1854,bpt6k2811544,,failed,0,0,,no_usable_pages,known,,,bpt6k2811544: no usable pages in manifest.,2026-07-17T20:51:59.336431
figaro1854,bpt6k281155h,,failed,0,0,,no_usable_pages,known,,,bpt6k281155h: no usable pages in manifest.,2026-07-17T20:51:59.478184
figaro1854,bpt6k281156w,,failed,0,0,,no_usable_pages,known,,,bpt6k281156w: no usable pages in manifest.,2026-07-17T20:51:59.609999
figaro1854,bpt6k2811578,,failed,0,0,,no_usable_pages,known,,,bpt6k2811578: no usable pages in manifest.,2026-07-17T20:51:59.982409
figaro1854,bpt6k281158n,,failed,0,0,,no_usable_pages,known,,,bpt6k281158n: no usable pages in manifest.,2026-07-17T20:52:00.118336
figaro1854,bpt6k2811591,,failed,0,0,,no_usable_pages,known,,,bpt6k2811591: no usable pages in manifest.,2026-07-17T20:52:00.251029
figaro1854,bpt6k281160z,,failed,0,0,,no_usable_pages,known,,,bpt6k281160z: no usable pages in manifest.,2026-07-17T20:52:00.394336
figaro1854,bpt6k281161b,,failed,0,0,,no_usable_pages,known,,,bpt6k281161b: no usable pages in manifest.,2026-07-17T20:52:00.501534
figaro1854,bpt6k281162q,,failed,0,0,,no_usable_pages,known,,,bpt6k281162q: no usable pages in manifest.,2026-07-17T20:52:00.616239
figaro1854,bpt6k2811633,,failed,0,0,,no_usable_pages,known,,,bpt6k2811633: no usable pages in manifest.,2026-07-17T20:52:00.750983
figaro1854,bpt6k281164g,,failed,0,0,,no_usable_pages,known,,,bpt6k281164g: no usable pages in manifest.,2026-07-17T20:52:00.969304
figaro1854,bpt6k281165v,,failed,0,0,,no_usable_pages,known,,,bpt6k281165v: no usable pages in manifest.,2026-07-17T20:52:01.135322
figaro1854,bpt6k2811667,,failed,0,0,,no_usable_pages,known,,,bpt6k2811667: no usable pages in manifest.,2026-07-17T20:52:01.293023
figaro1854,bpt6k281167m,,failed,0,0,,no_usable_pages,known,,,bpt6k281167m: no usable pages in manifest.,2026-07-17T20:52:01.472235
figaro1854,bpt6k2811680,,failed,0,0,,no_usable_pages,known,,,bpt6k2811680: no usable pages in manifest.,2026-07-17T20:52:01.690649
figaro1854,bpt6k281169c,,failed,0,0,,no_usable_pages,known,,,bpt6k281169c: no usable pages in manifest.,2026-07-17T20:52:01.871779
figaro1854,bpt6k2811709,,failed,0,0,,no_usable_pages,known,,,bpt6k2811709: no usable pages in manifest.,2026-07-17T20:52:02.080411
figaro1854,bpt6k281171p,,failed,0,0,,no_usable_pages,known,,,bpt6k281171p: no usable pages in manifest.,2026-07-17T20:52:02.246215
figaro1854,bpt6k2811722,,failed,0,0,,no_usable_pages,known,,,bpt6k2811722: no usable pages in manifest.,2026-07-17T20:52:02.366385
figaro1854,bpt6k281173f,,failed,0,0,,no_usable_pages,known,,,bpt6k281173f: no usable pages in manifest.,2026-07-17T20:52:02.496343
figaro1854,bpt6k281174t,,failed,0,0,,no_usable_pages,known,,,bpt6k281174t: no usable pages in manifest.,2026-07-17T20:52:02.623849
figaro1854,bpt6k2811756,,failed,0,0,,no_usable_pages,known,,,bpt6k2811756: no usable pages in manifest.,2026-07-17T20:52:02.770748
figaro1854,bpt6k281176k,,failed,0,0,,no_usable_pages,known,,,bpt6k281176k: no usable pages in manifest.,2026-07-17T20:52:02.910987
figaro1854,bpt6k281177z,,failed,0,0,,no_usable_pages,known,,,bpt6k281177z: no usable pages in manifest.,2026-07-17T20:52:03.103422
figaro1854,bpt6k281178b,,failed,0,0,,no_usable_pages,known,,,bpt6k281178b: no usable pages in manifest.,2026-07-17T20:52:03.271539
figaro1854,bpt6k281179q,,failed,0,0,,no_usable_pages,known,,,bpt6k281179q: no usable pages in manifest.,2026-07-17T20:52:03.464903
figaro1854,bpt6k281180n,,failed,0,0,,no_usable_pages,known,,,bpt6k281180n: no usable pages in manifest.,2026-07-17T20:52:03.762972
figaro1854,bpt6k2811811,,failed,0,0,,no_usable_pages,known,,,bpt6k2811811: no usable pages in manifest.,2026-07-17T20:52:03.939535
figaro1854,bpt6k281182d,,failed,0,0,,no_usable_pages,known,,,bpt6k281182d: no usable pages in manifest.,2026-07-17T20:52:04.240128
figaro1854,bpt6k281183s,,failed,0,0,,no_usable_pages,known,,,bpt6k281183s: no usable pages in manifest.,2026-07-17T20:52:04.436883
figaro1854,bpt6k2811845,,failed,0,0,,no_usable_pages,known,,,bpt6k2811845: no usable pages in manifest.,2026-07-17T20:52:04.565572
figaro1854,bpt6k281185j,,failed,0,0,,no_usable_pages,known,,,bpt6k281185j: no usable pages in manifest.,2026-07-17T20:52:04.758467
figaro1854,bpt6k281186x,,failed,0,0,,no_usable_pages,known,,,bpt6k281186x: no usable pages in manifest.,2026-07-17T20:52:04.913974
figaro1854,bpt6k2812710,,failed,0,0,,no_usable_pages,known,,,bpt6k2812710: no usable pages in manifest.,2026-07-17T20:52:05.058423
figaro1854,bpt6k281272c,,failed,0,0,,no_usable_pages,known,,,bpt6k281272c: no usable pages in manifest.,2026-07-17T20:52:05.275422
figaro1854,bpt6k281273r,,failed,0,0,,no_usable_pages,known,,,bpt6k281273r: no usable pages in manifest.,2026-07-17T20:52:05.454385
figaro1854,bpt6k2812744,,failed,0,0,,no_usable_pages,known,,,bpt6k2812744: no usable pages in manifest.,2026-07-17T20:52:05.749590
figaro1854,bpt6k281275h,,failed,0,0,,no_usable_pages,known,,,bpt6k281275h: no usable pages in manifest.,2026-07-17T20:52:05.972344
figaro1854,bpt6k281276w,,failed,0,0,,no_usable_pages,known,,,bpt6k281276w: no usable pages in manifest.,2026-07-17T20:52:06.142440
figaro1854,bpt6k2812880,,failed,0,0,,no_usable_pages,known,,,bpt6k2812880: no usable pages in manifest.,2026-07-17T20:52:06.396078
figaro1854,bpt6k281289c,,failed,0,0,,no_usable_pages,known,,,bpt6k281289c: no usable pages in manifest.,2026-07-17T20:52:06.514376
figaro1854,bpt6k2812909,,failed,0,0,,no_usable_pages,known,,,bpt6k2812909: no usable pages in manifest.,2026-07-17T20:52:06.662481
figaro1854,bpt6k281291p,,failed,0,0,,no_usable_pages,known,,,bpt6k281291p: no usable pages in manifest.,2026-07-17T20:52:06.807804
figaro1854,bpt6k2812922,,failed,0,0,,no_usable_pages,known,,,bpt6k2812922: no usable pages in manifest.,2026-07-17T20:52:06.974407
figaro1854,bpt6k281293f,,failed,0,0,,no_usable_pages,known,,,bpt6k281293f: no usable pages in manifest.,2026-07-17T20:52:07.115522
figaro1854,bpt6k281294t,,failed,0,0,,no_usable_pages,known,,,bpt6k281294t: no usable pages in manifest.,2026-07-17T20:52:07.246097
figaro1854,bpt6k2812956,,failed,0,0,,no_usable_pages,known,,,bpt6k2812956: no usable pages in manifest.,2026-07-17T20:52:07.481971
figaro1854,bpt6k281296k,,failed,0,0,,no_usable_pages,known,,,bpt6k281296k: no usable pages in manifest.,2026-07-17T20:52:07.827942
figaro1854,bpt6k281300h,,failed,0,0,,no_usable_pages,known,,,bpt6k281300h: no usable pages in manifest.,2026-07-17T20:52:08.059175
figaro1854,bpt6k281305d,,failed,0,0,,no_usable_pages,known,,,bpt6k281305d: no usable pages in manifest.,2026-07-17T20:52:08.200598
figaro1854,bpt6k281306s,,failed,0,0,,no_usable_pages,known,,,bpt6k281306s: no usable pages in manifest.,2026-07-17T20:52:08.358348
figaro1854,bpt6k2813075,,failed,0,0,,no_usable_pages,known,,,bpt6k2813075: no usable pages in manifest.,2026-07-17T20:52:08.547660
figaro1854,bpt6k281308j,,failed,0,0,,no_usable_pages,known,,,bpt6k281308j: no usable pages in manifest.,2026-07-17T20:52:08.687478
figaro1854,bpt6k281309x,,failed,0,0,,no_usable_pages,known,,,bpt6k281309x: no usable pages in manifest.,2026-07-17T20:52:08.790210
figaro1854,bpt6k281310v,,failed,0,0,,no_usable_pages,known,,,bpt6k281310v: no usable pages in manifest.,2026-07-17T20:52:08.894000
figaro1854,bpt6k2813117,,failed,0,0,,no_usable_pages,known,,,bpt6k2813117: no usable pages in manifest.,2026-07-17T20:52:09.048066
figaro1854,bpt6k2813431,,failed,0,0,,no_usable_pages,known,,,bpt6k2813431: no usable pages in manifest.,2026-07-17T20:52:09.168438
figaro1854,bpt6k281345s,,failed,0,0,,no_usable_pages,known,,,bpt6k281345s: no usable pages in manifest.,2026-07-17T20:52:09.303149
figaro1854,bpt6k281347j,,failed,0,0,,no_usable_pages,known,,,bpt6k281347j: no usable pages in manifest.,2026-07-17T20:52:09.463973
figaro1854,bpt6k281356h,,failed,0,0,,no_usable_pages,known,,,bpt6k281356h: no usable pages in manifest.,2026-07-17T20:52:09.698488
figaro1854,bpt6k281357w,,failed,0,0,,no_usable_pages,known,,,bpt6k281357w: no usable pages in manifest.,2026-07-17T20:52:09.901818
figaro1854,bpt6k4337376,,failed,0,0,,no_usable_pages,known,,,bpt6k4337376: no usable pages in manifest.,2026-07-17T20:52:10.225664
figaro1854,bpt6k287198p,,failed,0,0,,no_usable_pages,known,,,bpt6k287198p: no usable pages in manifest.,2026-07-17T20:52:10.474751
figaro1854,bpt6k2871992,,failed,0,0,,no_usable_pages,known,,,bpt6k2871992: no usable pages in manifest.,2026-07-17T20:52:10.712888
figaro1854,bpt6k287200v,,failed,0,0,,no_usable_pages,known,,,bpt6k287200v: no usable pages in manifest.,2026-07-17T20:52:10.850453
figaro1854,bpt6k2872017,,failed,0,0,,no_usable_pages,known,,,bpt6k2872017: no usable pages in manifest.,2026-07-17T20:52:11.058613
figaro1854,bpt6k287202m,,failed,0,0,,no_usable_pages,known,,,bpt6k287202m: no usable pages in manifest.,2026-07-17T20:52:11.264106
figaro1854,bpt6k2872030,,failed,0,0,,no_usable_pages,known,,,bpt6k2872030: no usable pages in manifest.,2026-07-17T20:52:11.472251
figaro1854,bpt6k287204c,,failed,0,0,,no_usable_pages,known,,,bpt6k287204c: no usable pages in manifest.,2026-07-17T20:52:11.674917
figaro1854,bpt6k287205r,,failed,0,0,,no_usable_pages,known,,,bpt6k287205r: no usable pages in manifest.,2026-07-17T20:52:11.994926
figaro1854,bpt6k2872064,,failed,0,0,,no_usable_pages,known,,,bpt6k2872064: no usable pages in manifest.,2026-07-17T20:52:12.136033
figaro1854,bpt6k287207h,,failed,0,0,,no_usable_pages,known,,,bpt6k287207h: no usable pages in manifest.,2026-07-17T20:52:12.286958
figaro1854,bpt6k287208w,,failed,0,0,,no_usable_pages,known,,,bpt6k287208w: no usable pages in manifest.,2026-07-17T20:52:12.408022
figaro1854,bpt6k2872098,,failed,0,0,,no_usable_pages,known,,,bpt6k2872098: no usable pages in manifest.,2026-07-17T20:52:12.561705
figaro1854,bpt6k2872106,,failed,0,0,,no_usable_pages,known,,,bpt6k2872106: no usable pages in manifest.,2026-07-17T20:52:12.688650
figaro1854,bpt6k287211k,,failed,0,0,,no_usable_pages,known,,,bpt6k287211k: no usable pages in manifest.,2026-07-17T20:52:12.883420
figaro1854,bpt6k287212z,,failed,0,0,,no_usable_pages,known,,,bpt6k287212z: no usable pages in manifest.,2026-07-17T20:52:13.054194
figaro1854,bpt6k287213b,,failed,0,0,,no_usable_pages,known,,,bpt6k287213b: no usable pages in manifest.,2026-07-17T20:52:13.188212
figaro1854,bpt6k287214q,,failed,0,0,,no_usable_pages,known,,,bpt6k287214q: no usable pages in manifest.,2026-07-17T20:52:13.384492
figaro1854,bpt6k2872153,,failed,0,0,,no_usable_pages,known,,,bpt6k2872153: no usable pages in manifest.,2026-07-17T20:52:13.521930
figaro1854,bpt6k287216g,,failed,0,0,,no_usable_pages,known,,,bpt6k287216g: no usable pages in manifest.,2026-07-17T20:52:13.699217
figaro1854,bpt6k287217v,,failed,0,0,,no_usable_pages,known,,,bpt6k287217v: no usable pages in manifest.,2026-07-17T20:52:13.803219
figaro1854,bpt6k2872187,,failed,0,0,,no_usable_pages,known,,,bpt6k2872187: no usable pages in manifest.,2026-07-17T20:52:13.972731
figaro1854,bpt6k287219m,,failed,0,0,,no_usable_pages,known,,,bpt6k287219m: no usable pages in manifest.,2026-07-17T20:52:14.120198
figaro1854,bpt6k433738k,,failed,0,0,,no_usable_pages,known,,,bpt6k433738k: no usable pages in manifest.,2026-07-17T20:52:14.353282
figaro1854,bpt6k287923v,,failed,0,0,,no_usable_pages,known,,,bpt6k287923v: no usable pages in manifest.,2026-07-17T20:52:14.505162
figaro1854,bpt6k2879247,,failed,0,0,,no_usable_pages,known,,,bpt6k2879247: no usable pages in manifest.,2026-07-17T20:52:14.667738
figaro1854,bpt6k287925m,,failed,0,0,,no_usable_pages,known,,,bpt6k287925m: no usable pages in manifest.,2026-07-17T20:52:14.839520
figaro1854,bpt6k2879260,,failed,0,0,,no_usable_pages,known,,,bpt6k2879260: no usable pages in manifest.,2026-07-17T20:52:15.074437
figaro1854,bpt6k287927c,,failed,0,0,,no_usable_pages,known,,,bpt6k287927c: no usable pages in manifest.,2026-07-17T20:52:15.258645
figaro1854,bpt6k287928r,,failed,0,0,,no_usable_pages,known,,,bpt6k287928r: no usable pages in manifest.,2026-07-17T20:52:15.615897
figaro1854,bpt6k2879294,,failed,0,0,,no_usable_pages,known,,,bpt6k2879294: no usable pages in manifest.,2026-07-17T20:52:15.743177
figaro1854,bpt6k2879302,,failed,0,0,,no_usable_pages,known,,,bpt6k2879302: no usable pages in manifest.,2026-07-17T20:52:15.871106
figaro1854,bpt6k287931f,,failed,0,0,,no_usable_pages,known,,,bpt6k287931f: no usable pages in manifest.,2026-07-17T20:52:16.033360
figaro1854,bpt6k287932t,,failed,0,0,,no_usable_pages,known,,,bpt6k287932t: no usable pages in manifest.,2026-07-17T20:52:16.175895
figaro1854,bpt6k287934k,,failed,0,0,,no_usable_pages,known,,,bpt6k287934k: no usable pages in manifest.,2026-07-17T20:52:16.357281
figaro1854,bpt6k287935z,,failed,0,0,,no_usable_pages,known,,,bpt6k287935z: no usable pages in manifest.,2026-07-17T20:52:16.560111
figaro1854,bpt6k287936b,,failed,0,0,,no_usable_pages,known,,,bpt6k287936b: no usable pages in manifest.,2026-07-17T20:52:16.719110
figaro1854,bpt6k287937q,,failed,0,0,,no_usable_pages,known,,,bpt6k287937q: no usable pages in manifest.,2026-07-17T20:52:16.865850
figaro1854,bpt6k2879383,,failed,0,0,,no_usable_pages,known,,,bpt6k2879383: no usable pages in manifest.,2026-07-17T20:52:17.041685
figaro1854,bpt6k287939g,,failed,0,0,,no_usable_pages,known,,,bpt6k287939g: no usable pages in manifest.,2026-07-17T20:52:17.206545
figaro1854,bpt6k287944x,,failed,0,0,,no_usable_pages,known,,,bpt6k287944x: no usable pages in manifest.,2026-07-17T20:52:17.478670
figaro1854,bpt6k2879459,,failed,0,0,,no_usable_pages,known,,,bpt6k2879459: no usable pages in manifest.,2026-07-17T20:52:17.677197
figaro1854,bpt6k288504k,,failed,0,0,,no_usable_pages,known,,,bpt6k288504k: no usable pages in manifest.,2026-07-17T20:52:17.829970
figaro1854,bpt6k288505z,,failed,0,0,,no_usable_pages,known,,,bpt6k288505z: no usable pages in manifest.,2026-07-17T20:52:17.964736
figaro1854,bpt6k288506b,,failed,0,0,,no_usable_pages,known,,,bpt6k288506b: no usable pages in manifest.,2026-07-17T20:52:18.114053
figaro1854,bpt6k288507q,,failed,0,0,,no_usable_pages,known,,,bpt6k288507q: no usable pages in manifest.,2026-07-17T20:52:18.323702
figaro1854,bpt6k2885083,,failed,0,0,,no_usable_pages,known,,,bpt6k2885083: no usable pages in manifest.,2026-07-17T20:52:18.517536
figaro1854,bpt6k288509g,,failed,0,0,,no_usable_pages,known,,,bpt6k288509g: no usable pages in manifest.,2026-07-17T20:52:18.783282
figaro1854,bpt6k288510d,,failed,0,0,,no_usable_pages,known,,,bpt6k288510d: no usable pages in manifest.,2026-07-17T20:52:19.042651
figaro1854,bpt6k288511s,,failed,0,0,,no_usable_pages,known,,,bpt6k288511s: no usable pages in manifest.,2026-07-17T20:52:19.208361
figaro1854,bpt6k2885125,,failed,0,0,,no_usable_pages,known,,,bpt6k2885125: no usable pages in manifest.,2026-07-17T20:52:19.629118
figaro1854,bpt6k288513j,,failed,0,0,,no_usable_pages,known,,,bpt6k288513j: no usable pages in manifest.,2026-07-17T20:52:19.850048
figaro1854,bpt6k2885159,,failed,0,0,,no_usable_pages,known,,,bpt6k2885159: no usable pages in manifest.,2026-07-17T20:52:20.014419
figaro1854,bpt6k288516p,,failed,0,0,,no_usable_pages,known,,,bpt6k288516p: no usable pages in manifest.,2026-07-17T20:52:20.169154
figaro1854,bpt6k2885172,,failed,0,0,,no_usable_pages,known,,,bpt6k2885172: no usable pages in manifest.,2026-07-17T20:52:20.280395
figaro1854,bpt6k288518f,,failed,0,0,,no_usable_pages,known,,,bpt6k288518f: no usable pages in manifest.,2026-07-17T20:52:20.405675
figaro1854,bpt6k288519t,,failed,0,0,,no_usable_pages,known,,,bpt6k288519t: no usable pages in manifest.,2026-07-17T20:52:20.548859
figaro1854,bpt6k288520r,,failed,0,0,,no_usable_pages,known,,,bpt6k288520r: no usable pages in manifest.,2026-07-17T20:52:20.756026
figaro1854,bpt6k2885214,,failed,0,0,,no_usable_pages,known,,,bpt6k2885214: no usable pages in manifest.,2026-07-17T20:52:20.878848
figaro1854,bpt6k962719r,,failed,0,0,,no_usable_pages,known,,,bpt6k962719r: no usable pages in manifest.,2026-07-17T20:52:20.986847
figaro1854,bpt6k433739z,,failed,0,0,,no_usable_pages,known,,,bpt6k433739z: no usable pages in manifest.,2026-07-17T20:52:21.127051
figaro1854,bpt6k2891864,,failed,0,0,,no_usable_pages,known,,,bpt6k2891864: no usable pages in manifest.,2026-07-17T20:52:21.302553
figaro1854,bpt6k289187h,,failed,0,0,,no_usable_pages,known,,,bpt6k289187h: no usable pages in manifest.,2026-07-17T20:52:21.469184
figaro1854,bpt6k289188w,,failed,0,0,,no_usable_pages,known,,,bpt6k289188w: no usable pages in manifest.,2026-07-17T20:52:21.630558
figaro1854,bpt6k2891898,,failed,0,0,,no_usable_pages,known,,,bpt6k2891898: no usable pages in manifest.,2026-07-17T20:52:21.852035
figaro1854,bpt6k2891906,,failed,0,0,,no_usable_pages,known,,,bpt6k2891906: no usable pages in manifest.,2026-07-17T20:52:22.188987
figaro1854,bpt6k289191k,,failed,0,0,,no_usable_pages,known,,,bpt6k289191k: no usable pages in manifest.,2026-07-17T20:52:22.335376
figaro1854,bpt6k289192z,,failed,0,0,,no_usable_pages,known,,,bpt6k289192z: no usable pages in manifest.,2026-07-17T20:52:22.467564
figaro1854,bpt6k289193b,,failed,0,0,,no_usable_pages,known,,,bpt6k289193b: no usable pages in manifest.,2026-07-17T20:52:22.754927
figaro1854,bpt6k289194q,,failed,0,0,,no_usable_pages,known,,,bpt6k289194q: no usable pages in manifest.,2026-07-17T20:52:22.993351
figaro1854,bpt6k2891953,,failed,0,0,,no_usable_pages,known,,,bpt6k2891953: no usable pages in manifest.,2026-07-17T20:52:23.178731
figaro1854,bpt6k289196g,,failed,0,0,,no_usable_pages,known,,,bpt6k289196g: no usable pages in manifest.,2026-07-17T20:52:23.291807
figaro1854,bpt6k289197v,,failed,0,0,,no_usable_pages,known,,,bpt6k289197v: no usable pages in manifest.,2026-07-17T20:52:23.425324
figaro1854,bpt6k2891987,,failed,0,0,,no_usable_pages,known,,,bpt6k2891987: no usable pages in manifest.,2026-07-17T20:52:23.603231
figaro1854,bpt6k289199m,,failed,0,0,,no_usable_pages,known,,,bpt6k289199m: no usable pages in manifest.,2026-07-17T20:52:23.840349
figaro1854,bpt6k289200d,,failed,0,0,,no_usable_pages,known,,,bpt6k289200d: no usable pages in manifest.,2026-07-17T20:52:24.067120
figaro1854,bpt6k289201s,,failed,0,0,,no_usable_pages,known,,,bpt6k289201s: no usable pages in manifest.,2026-07-17T20:52:24.230016
figaro1854,bpt6k2892025,,failed,0,0,,no_usable_pages,known,,,bpt6k2892025: no usable pages in manifest.,2026-07-17T20:52:24.384613
figaro1854,bpt6k2898869,,failed,0,0,,no_usable_pages,known,,,bpt6k2898869: no usable pages in manifest.,2026-07-17T20:52:24.532951
figaro1854,bpt6k2898882,,failed,0,0,,no_usable_pages,known,,,bpt6k2898882: no usable pages in manifest.,2026-07-17T20:52:24.686949
figaro1854,bpt6k289890c,,failed,0,0,,no_usable_pages,known,,,bpt6k289890c: no usable pages in manifest.,2026-07-17T20:52:24.871957
figaro1854,bpt6k289891r,,failed,0,0,,no_usable_pages,known,,,bpt6k289891r: no usable pages in manifest.,2026-07-17T20:52:25.162232
figaro1854,bpt6k2898924,,failed,0,0,,no_usable_pages,known,,,bpt6k2898924: no usable pages in manifest.,2026-07-17T20:52:25.410812
figaro1854,bpt6k2898958,,failed,0,0,,no_usable_pages,known,,,bpt6k2898958: no usable pages in manifest.,2026-07-17T20:52:25.597653
figaro1854,bpt6k289896n,,failed,0,0,,no_usable_pages,known,,,bpt6k289896n: no usable pages in manifest.,2026-07-17T20:52:26.038328
figaro1854,bpt6k2898971,,failed,0,0,,no_usable_pages,known,,,bpt6k2898971: no usable pages in manifest.,2026-07-17T20:52:26.363039
figaro1854,bpt6k289898d,,failed,0,0,,no_usable_pages,known,,,bpt6k289898d: no usable pages in manifest.,2026-07-17T20:52:26.515634
figaro1854,bpt6k289900k,,failed,0,0,,no_usable_pages,known,,,bpt6k289900k: no usable pages in manifest.,2026-07-17T20:52:26.688478
figaro1854,bpt6k289902b,,failed,0,0,,no_usable_pages,known,,,bpt6k289902b: no usable pages in manifest.,2026-07-17T20:52:26.790012
figaro1854,bpt6k289903q,,failed,0,0,,no_usable_pages,known,,,bpt6k289903q: no usable pages in manifest.,2026-07-17T20:52:26.951308
figaro1854,bpt6k2906059,,failed,0,0,,no_usable_pages,known,,,bpt6k2906059: no usable pages in manifest.,2026-07-17T20:52:27.091367
figaro1854,bpt6k2906072,,failed,0,0,,no_usable_pages,known,,,bpt6k2906072: no usable pages in manifest.,2026-07-17T20:52:27.251825
figaro1854,bpt6k290608f,,failed,0,0,,no_usable_pages,known,,,bpt6k290608f: no usable pages in manifest.,2026-07-17T20:52:27.472651
figaro1854,bpt6k290609t,,failed,0,0,,no_usable_pages,known,,,bpt6k290609t: no usable pages in manifest.,2026-07-17T20:52:27.618299
figaro1854,bpt6k290610r,,failed,0,0,,no_usable_pages,known,,,bpt6k290610r: no usable pages in manifest.,2026-07-17T20:52:27.842949
figaro1854,bpt6k2906114,,failed,0,0,,no_usable_pages,known,,,bpt6k2906114: no usable pages in manifest.,2026-07-17T20:52:28.054386
figaro1854,bpt6k290612h,,failed,0,0,,no_usable_pages,known,,,bpt6k290612h: no usable pages in manifest.,2026-07-17T20:52:28.270120
figaro1854,bpt6k2906148,,failed,0,0,,no_usable_pages,known,,,bpt6k2906148: no usable pages in manifest.,2026-07-17T20:52:28.507644
figaro1854,bpt6k290615n,,failed,0,0,,no_usable_pages,known,,,bpt6k290615n: no usable pages in manifest.,2026-07-17T20:52:28.636379
figaro1854,bpt6k2906161,,failed,0,0,,no_usable_pages,known,,,bpt6k2906161: no usable pages in manifest.,2026-07-17T20:52:28.766610
figaro1854,bpt6k290617d,,failed,0,0,,no_usable_pages,known,,,bpt6k290617d: no usable pages in manifest.,2026-07-17T20:52:28.901713
figaro1854,bpt6k2906195,,failed,0,0,,no_usable_pages,known,,,bpt6k2906195: no usable pages in manifest.,2026-07-17T20:52:29.023474
figaro1854,bpt6k290621g,,failed,0,0,,no_usable_pages,known,,,bpt6k290621g: no usable pages in manifest.,2026-07-17T20:52:29.204678
figaro1854,bpt6k2906250,,failed,0,0,,no_usable_pages,known,,,bpt6k2906250: no usable pages in manifest.,2026-07-17T20:52:29.345512
figaro1854,bpt6k291332j,,failed,0,0,,no_usable_pages,known,,,bpt6k291332j: no usable pages in manifest.,2026-07-17T20:52:29.658332
figaro1854,bpt6k291333x,,failed,0,0,,no_usable_pages,known,,,bpt6k291333x: no usable pages in manifest.,2026-07-17T20:52:29.829175
figaro1854,bpt6k2913349,,failed,0,0,,no_usable_pages,known,,,bpt6k2913349: no usable pages in manifest.,2026-07-17T20:52:29.974685
figaro1854,bpt6k291335p,,failed,0,0,,no_usable_pages,known,,,bpt6k291335p: no usable pages in manifest.,2026-07-17T20:52:30.091611
figaro1854,bpt6k2913362,,failed,0,0,,no_usable_pages,known,,,bpt6k2913362: no usable pages in manifest.,2026-07-17T20:52:30.249193
figaro1854,bpt6k291337f,,failed,0,0,,no_usable_pages,known,,,bpt6k291337f: no usable pages in manifest.,2026-07-17T20:52:30.372251
figaro1854,bpt6k291338t,,failed,0,0,,no_usable_pages,known,,,bpt6k291338t: no usable pages in manifest.,2026-07-17T20:52:30.510215
figaro1854,bpt6k2913396,,failed,0,0,,no_usable_pages,known,,,bpt6k2913396: no usable pages in manifest.,2026-07-17T20:52:30.749614
figaro1854,bpt6k2913404,,failed,0,0,,no_usable_pages,known,,,bpt6k2913404: no usable pages in manifest.,2026-07-17T20:52:30.887696
figaro1854,bpt6k291341h,,failed,0,0,,no_usable_pages,known,,,bpt6k291341h: no usable pages in manifest.,2026-07-17T20:52:31.037687
figaro1854,bpt6k291342w,,failed,0,0,,no_usable_pages,known,,,bpt6k291342w: no usable pages in manifest.,2026-07-17T20:52:31.159139
figaro1854,bpt6k291344n,,failed,0,0,,no_usable_pages,known,,,bpt6k291344n: no usable pages in manifest.,2026-07-17T20:52:31.357156
figaro1854,bpt6k2913451,,failed,0,0,,no_usable_pages,known,,,bpt6k2913451: no usable pages in manifest.,2026-07-17T20:52:31.541676
figaro1854,bpt6k291346d,,failed,0,0,,no_usable_pages,known,,,bpt6k291346d: no usable pages in manifest.,2026-07-17T20:52:31.738424
figaro1854,bpt6k291347s,,failed,0,0,,no_usable_pages,known,,,bpt6k291347s: no usable pages in manifest.,2026-07-17T20:52:31.845607
figaro1854,bpt6k291350g,,failed,0,0,,no_usable_pages,known,,,bpt6k291350g: no usable pages in manifest.,2026-07-17T20:52:31.982990
figaro1854,bpt6k291351v,,failed,0,0,,no_usable_pages,known,,,bpt6k291351v: no usable pages in manifest.,2026-07-17T20:52:32.081669
figaro1854,bpt6k2913527,,failed,0,0,,no_usable_pages,known,,,bpt6k2913527: no usable pages in manifest.,2026-07-17T20:52:32.255036
figaro1854,bpt6k291353m,,failed,0,0,,no_usable_pages,known,,,bpt6k291353m: no usable pages in manifest.,2026-07-17T20:52:32.445836
figaro1854,bpt6k291355c,,failed,0,0,,no_usable_pages,known,,,bpt6k291355c: no usable pages in manifest.,2026-07-17T20:52:32.597068
figaro1854,bpt6k292297g,,failed,0,0,,no_usable_pages,known,,,bpt6k292297g: no usable pages in manifest.,2026-07-17T20:52:32.863127
figaro1854,bpt6k2923472,,failed,0,0,,no_usable_pages,known,,,bpt6k2923472: no usable pages in manifest.,2026-07-17T20:52:32.997370
figaro1854,bpt6k292616k,,failed,0,0,,no_usable_pages,known,,,bpt6k292616k: no usable pages in manifest.,2026-07-17T20:52:33.156680
figaro1854,bpt6k294101b,,failed,0,0,,no_usable_pages,known,,,bpt6k294101b: no usable pages in manifest.,2026-07-17T20:52:33.393234
figaro1854,bpt6k294437k,,failed,0,0,,no_usable_pages,known,,,bpt6k294437k: no usable pages in manifest.,2026-07-17T20:52:33.579198
figaro1854,bpt6k2949586,,failed,0,0,,no_usable_pages,known,,,bpt6k2949586: no usable pages in manifest.,2026-07-17T20:52:33.747911
figaro1854,bpt6k2954531,,failed,0,0,,no_usable_pages,known,,,bpt6k2954531: no usable pages in manifest.,2026-07-17T20:52:33.988564
figaro1854,bpt6k295702v,,failed,0,0,,no_usable_pages,known,,,bpt6k295702v: no usable pages in manifest.,2026-07-17T20:52:34.130872
figaro1854,bpt6k2957728,,failed,0,0,,no_usable_pages,known,,,bpt6k2957728: no usable pages in manifest.,2026-07-17T20:52:34.282600
figaro1854,bpt6k295875q,,failed,0,0,,no_usable_pages,known,,,bpt6k295875q: no usable pages in manifest.,2026-07-17T20:52:34.459559
figaro1854,bpt6k2958763,,failed,0,0,,no_usable_pages,known,,,bpt6k2958763: no usable pages in manifest.,2026-07-17T20:52:34.661260
figaro1854,bpt6k295877g,,failed,0,0,,no_usable_pages,known,,,bpt6k295877g: no usable pages in manifest.,2026-07-17T20:52:34.769893
figaro1854,bpt6k295878v,,failed,0,0,,no_usable_pages,known,,,bpt6k295878v: no usable pages in manifest.,2026-07-17T20:52:35.010863
figaro1854,bpt6k2958797,,failed,0,0,,no_usable_pages,known,,,bpt6k2958797: no usable pages in manifest.,2026-07-17T20:52:35.191358
figaro1854,bpt6k2958805,,failed,0,0,,no_usable_pages,known,,,bpt6k2958805: no usable pages in manifest.,2026-07-17T20:52:35.351065
figaro1854,bpt6k295881j,,failed,0,0,,no_usable_pages,known,,,bpt6k295881j: no usable pages in manifest.,2026-07-17T20:52:35.546577
figaro1854,bpt6k295882x,,failed,0,0,,no_usable_pages,known,,,bpt6k295882x: no usable pages in manifest.,2026-07-17T20:52:35.764573
figaro1854,bpt6k2958839,,failed,0,0,,no_usable_pages,known,,,bpt6k2958839: no usable pages in manifest.,2026-07-17T20:52:35.919630
figaro1854,bpt6k295884p,,failed,0,0,,no_usable_pages,known,,,bpt6k295884p: no usable pages in manifest.,2026-07-17T20:52:36.132410
figaro1854,bpt6k2958852,,failed,0,0,,no_usable_pages,known,,,bpt6k2958852: no usable pages in manifest.,2026-07-17T20:52:36.258632
figaro1854,bpt6k295886f,,failed,0,0,,no_usable_pages,known,,,bpt6k295886f: no usable pages in manifest.,2026-07-17T20:52:36.391058
figaro1854,bpt6k295887t,,failed,0,0,,no_usable_pages,known,,,bpt6k295887t: no usable pages in manifest.,2026-07-17T20:52:36.550074
figaro1854,bpt6k2958886,,failed,0,0,,no_usable_pages,known,,,bpt6k2958886: no usable pages in manifest.,2026-07-17T20:52:36.727963
figaro1854,bpt6k295889k,,failed,0,0,,no_usable_pages,known,,,bpt6k295889k: no usable pages in manifest.,2026-07-17T20:52:36.869388
figaro1854,bpt6k295890h,,failed,0,0,,no_usable_pages,known,,,bpt6k295890h: no usable pages in manifest.,2026-07-17T20:52:36.990103
figaro1854,bpt6k295891w,,failed,0,0,,no_usable_pages,known,,,bpt6k295891w: no usable pages in manifest.,2026-07-17T20:52:37.151460
figaro1854,bpt6k2958928,,failed,0,0,,no_usable_pages,known,,,bpt6k2958928: no usable pages in manifest.,2026-07-17T20:52:37.445754
figaro1854,bpt6k295893n,,failed,0,0,,no_usable_pages,known,,,bpt6k295893n: no usable pages in manifest.,2026-07-17T20:52:37.581632
figaro1854,bpt6k2958941,,failed,0,0,,no_usable_pages,known,,,bpt6k2958941: no usable pages in manifest.,2026-07-17T20:52:37.722898
figaro1854,bpt6k295895d,,failed,0,0,,no_usable_pages,known,,,bpt6k295895d: no usable pages in manifest.,2026-07-17T20:52:37.916666
figaro1854,bpt6k295896s,,failed,0,0,,no_usable_pages,known,,,bpt6k295896s: no usable pages in manifest.,2026-07-17T20:52:38.027755
figaro1854,bpt6k2958975,,failed,0,0,,no_usable_pages,known,,,bpt6k2958975: no usable pages in manifest.,2026-07-17T20:52:38.231515
figaro1854,bpt6k295898j,,failed,0,0,,no_usable_pages,known,,,bpt6k295898j: no usable pages in manifest.,2026-07-17T20:52:38.373969
figaro1854,bpt6k295899x,,failed,0,0,,no_usable_pages,known,,,bpt6k295899x: no usable pages in manifest.,2026-07-17T20:52:38.533275
figaro1854,bpt6k295900q,,failed,0,0,,no_usable_pages,known,,,bpt6k295900q: no usable pages in manifest.,2026-07-17T20:52:38.719632
figaro1854,bpt6k2959013,,failed,0,0,,no_usable_pages,known,,,bpt6k2959013: no usable pages in manifest.,2026-07-17T20:52:38.888473
figaro1854,bpt6k295902g,,failed,0,0,,no_usable_pages,known,,,bpt6k295902g: no usable pages in manifest.,2026-07-17T20:52:39.031284
figaro1854,bpt6k295903v,,failed,0,0,,no_usable_pages,known,,,bpt6k295903v: no usable pages in manifest.,2026-07-17T20:52:39.441927
figaro1854,bpt6k2959047,,failed,0,0,,no_usable_pages,known,,,bpt6k2959047: no usable pages in manifest.,2026-07-17T20:52:39.601677
figaro1854,bpt6k295905m,,failed,0,0,,no_usable_pages,known,,,bpt6k295905m: no usable pages in manifest.,2026-07-17T20:52:39.739603
figaro1854,bpt6k2959060,,failed,0,0,,no_usable_pages,known,,,bpt6k2959060: no usable pages in manifest.,2026-07-17T20:52:39.876250
figaro1854,bpt6k295907c,,failed,0,0,,no_usable_pages,known,,,bpt6k295907c: no usable pages in manifest.,2026-07-17T20:52:40.053229
figaro1854,bpt6k295908r,,failed,0,0,,no_usable_pages,known,,,bpt6k295908r: no usable pages in manifest.,2026-07-17T20:52:40.172190
figaro1854,bpt6k2959094,,failed,0,0,,no_usable_pages,known,,,bpt6k2959094: no usable pages in manifest.,2026-07-17T20:52:40.367168
figaro1854,bpt6k2959102,,failed,0,0,,no_usable_pages,known,,,bpt6k2959102: no usable pages in manifest.,2026-07-17T20:52:40.536100
figaro1854,bpt6k295911f,,failed,0,0,,no_usable_pages,known,,,bpt6k295911f: no usable pages in manifest.,2026-07-17T20:52:40.719565
figaro1854,bpt6k295912t,,failed,0,0,,no_usable_pages,known,,,bpt6k295912t: no usable pages in manifest.,2026-07-17T20:52:40.893205
figaro1854,bpt6k2959136,,failed,0,0,,no_usable_pages,known,,,bpt6k2959136: no usable pages in manifest.,2026-07-17T20:52:41.054821
figaro1854,bpt6k295914k,,failed,0,0,,no_usable_pages,known,,,bpt6k295914k: no usable pages in manifest.,2026-07-17T20:52:41.203199
figaro1854,bpt6k295915z,,failed,0,0,,no_usable_pages,known,,,bpt6k295915z: no usable pages in manifest.,2026-07-17T20:52:41.334415
figaro1854,bpt6k295916b,,failed,0,0,,no_usable_pages,known,,,bpt6k295916b: no usable pages in manifest.,2026-07-17T20:52:41.545187
figaro1854,bpt6k295917q,,failed,0,0,,no_usable_pages,known,,,bpt6k295917q: no usable pages in manifest.,2026-07-17T20:52:41.694403
figaro1854,bpt6k2959183,,failed,0,0,,no_usable_pages,known,,,bpt6k2959183: no usable pages in manifest.,2026-07-17T20:52:41.813437
figaro1854,bpt6k295919g,,failed,0,0,,no_usable_pages,known,,,bpt6k295919g: no usable pages in manifest.,2026-07-17T20:52:41.912974
figaro1854,bpt6k295920d,,failed,0,0,,no_usable_pages,known,,,bpt6k295920d: no usable pages in manifest.,2026-07-17T20:52:42.002327
figaro1854,bpt6k295921s,,failed,0,0,,no_usable_pages,known,,,bpt6k295921s: no usable pages in manifest.,2026-07-17T20:52:42.123639
figaro1854,bpt6k2959225,,failed,0,0,,no_usable_pages,known,,,bpt6k2959225: no usable pages in manifest.,2026-07-17T20:52:42.247414
figaro1854,bpt6k295923j,,failed,0,0,,no_usable_pages,known,,,bpt6k295923j: no usable pages in manifest.,2026-07-17T20:52:42.385733
figaro1854,bpt6k295924x,,failed,0,0,,no_usable_pages,known,,,bpt6k295924x: no usable pages in manifest.,2026-07-17T20:52:42.641746
figaro1854,bpt6k2959259,,failed,0,0,,no_usable_pages,known,,,bpt6k2959259: no usable pages in manifest.,2026-07-17T20:52:42.887205
figaro1854,bpt6k295926p,,failed,0,0,,no_usable_pages,known,,,bpt6k295926p: no usable pages in manifest.,2026-07-17T20:52:43.257064
figaro1854,bpt6k2959272,,failed,0,0,,no_usable_pages,known,,,bpt6k2959272: no usable pages in manifest.,2026-07-17T20:52:43.375226
figaro1854,bpt6k295928f,,failed,0,0,,no_usable_pages,known,,,bpt6k295928f: no usable pages in manifest.,2026-07-17T20:52:43.493453
figaro1854,bpt6k295929t,,failed,0,0,,no_usable_pages,known,,,bpt6k295929t: no usable pages in manifest.,2026-07-17T20:52:43.678485
figaro1854,bpt6k2959314,,failed,0,0,,no_usable_pages,known,,,bpt6k2959314: no usable pages in manifest.,2026-07-17T20:52:43.802188
figaro1854,bpt6k295932h,,failed,0,0,,no_usable_pages,known,,,bpt6k295932h: no usable pages in manifest.,2026-07-17T20:52:43.931390
figaro1854,bpt6k295933w,,failed,0,0,,no_usable_pages,known,,,bpt6k295933w: no usable pages in manifest.,2026-07-17T20:52:44.065876
figaro1854,bpt6k2959348,,failed,0,0,,no_usable_pages,known,,,bpt6k2959348: no usable pages in manifest.,2026-07-17T20:52:44.174995
figaro1854,bpt6k295935n,,failed,0,0,,no_usable_pages,known,,,bpt6k295935n: no usable pages in manifest.,2026-07-17T20:52:44.344753
figaro1854,bpt6k2959361,,failed,0,0,,no_usable_pages,known,,,bpt6k2959361: no usable pages in manifest.,2026-07-17T20:52:44.469943
figaro1854,bpt6k295938s,,failed,0,0,,no_usable_pages,known,,,bpt6k295938s: no usable pages in manifest.,2026-07-17T20:52:44.674558
figaro1854,bpt6k2959395,,failed,0,0,,no_usable_pages,known,,,bpt6k2959395: no usable pages in manifest.,2026-07-17T20:52:44.860206
figaro1854,bpt6k2959403,,failed,0,0,,no_usable_pages,known,,,bpt6k2959403: no usable pages in manifest.,2026-07-17T20:52:45.174124
figaro1854,bpt6k295941g,,failed,0,0,,no_usable_pages,known,,,bpt6k295941g: no usable pages in manifest.,2026-07-17T20:52:45.288049
figaro1854,bpt6k295942v,,failed,0,0,,no_usable_pages,known,,,bpt6k295942v: no usable pages in manifest.,2026-07-17T20:52:45.416531
figaro1854,bpt6k2959437,,failed,0,0,,no_usable_pages,known,,,bpt6k2959437: no usable pages in manifest.,2026-07-17T20:52:45.547440
figaro1854,bpt6k295944m,,failed,0,0,,no_usable_pages,known,,,bpt6k295944m: no usable pages in manifest.,2026-07-17T20:52:45.748870
figaro1854,bpt6k2959450,,failed,0,0,,no_usable_pages,known,,,bpt6k2959450: no usable pages in manifest.,2026-07-17T20:52:45.858288
figaro1854,bpt6k295946c,,failed,0,0,,no_usable_pages,known,,,bpt6k295946c: no usable pages in manifest.,2026-07-17T20:52:45.953409
figaro1854,bpt6k295947r,,failed,0,0,,no_usable_pages,known,,,bpt6k295947r: no usable pages in manifest.,2026-07-17T20:52:46.064375
figaro1854,bpt6k2959484,,failed,0,0,,no_usable_pages,known,,,bpt6k2959484: no usable pages in manifest.,2026-07-17T20:52:46.188446
figaro1854,bpt6k295949h,,failed,0,0,,no_usable_pages,known,,,bpt6k295949h: no usable pages in manifest.,2026-07-17T20:52:46.322773
figaro1854,bpt6k295950f,,failed,0,0,,no_usable_pages,known,,,bpt6k295950f: no usable pages in manifest.,2026-07-17T20:52:46.505035
figaro1854,bpt6k295951t,,failed,0,0,,no_usable_pages,known,,,bpt6k295951t: no usable pages in manifest.,2026-07-17T20:52:46.622835
figaro1854,bpt6k2959526,,failed,0,0,,no_usable_pages,known,,,bpt6k2959526: no usable pages in manifest.,2026-07-17T20:52:46.933021
figaro1854,bpt6k295953k,,failed,0,0,,no_usable_pages,known,,,bpt6k295953k: no usable pages in manifest.,2026-07-17T20:52:47.090213
figaro1854,bpt6k295954z,,failed,0,0,,no_usable_pages,known,,,bpt6k295954z: no usable pages in manifest.,2026-07-17T20:52:47.234111
figaro1854,bpt6k295955b,,failed,0,0,,no_usable_pages,known,,,bpt6k295955b: no usable pages in manifest.,2026-07-17T20:52:47.353560
figaro1854,bpt6k295956q,,failed,0,0,,no_usable_pages,known,,,bpt6k295956q: no usable pages in manifest.,2026-07-17T20:52:47.540281
figaro1854,bpt6k2959573,,failed,0,0,,no_usable_pages,known,,,bpt6k2959573: no usable pages in manifest.,2026-07-17T20:52:47.665113
figaro1854,bpt6k295958g,,failed,0,0,,no_usable_pages,known,,,bpt6k295958g: no usable pages in manifest.,2026-07-17T20:52:47.779709
figaro1854,bpt6k295959v,,failed,0,0,,no_usable_pages,known,,,bpt6k295959v: no usable pages in manifest.,2026-07-17T20:52:47.953831
figaro1854,bpt6k295960s,,failed,0,0,,no_usable_pages,known,,,bpt6k295960s: no usable pages in manifest.,2026-07-17T20:52:48.075758
figaro1854,bpt6k2959615,,failed,0,0,,no_usable_pages,known,,,bpt6k2959615: no usable pages in manifest.,2026-07-17T20:52:48.244046
figaro1854,bpt6k295962j,,failed,0,0,,no_usable_pages,known,,,bpt6k295962j: no usable pages in manifest.,2026-07-17T20:52:48.370598
figaro1854,bpt6k295963x,,failed,0,0,,no_usable_pages,known,,,bpt6k295963x: no usable pages in manifest.,2026-07-17T20:52:48.515694
figaro1854,bpt6k2959649,,failed,0,0,,no_usable_pages,known,,,bpt6k2959649: no usable pages in manifest.,2026-07-17T20:52:48.660301
figaro1854,bpt6k295965p,,failed,0,0,,no_usable_pages,known,,,bpt6k295965p: no usable pages in manifest.,2026-07-17T20:52:48.813492
figaro1854,bpt6k2959662,,failed,0,0,,no_usable_pages,known,,,bpt6k2959662: no usable pages in manifest.,2026-07-17T20:52:49.095565
figaro1854,bpt6k295967f,,failed,0,0,,no_usable_pages,known,,,bpt6k295967f: no usable pages in manifest.,2026-07-17T20:52:49.232832
figaro1854,bpt6k295968t,,failed,0,0,,no_usable_pages,known,,,bpt6k295968t: no usable pages in manifest.,2026-07-17T20:52:49.373797
figaro1854,bpt6k2959696,,failed,0,0,,no_usable_pages,known,,,bpt6k2959696: no usable pages in manifest.,2026-07-17T20:52:49.498943
figaro1854,bpt6k2959704,,failed,0,0,,no_usable_pages,known,,,bpt6k2959704: no usable pages in manifest.,2026-07-17T20:52:49.678123
figaro1854,bpt6k295971h,,failed,0,0,,no_usable_pages,known,,,bpt6k295971h: no usable pages in manifest.,2026-07-17T20:52:49.788135
figaro1854,bpt6k295972w,,failed,0,0,,no_usable_pages,known,,,bpt6k295972w: no usable pages in manifest.,2026-07-17T20:52:49.921722
figaro1854,bpt6k2959738,,failed,0,0,,no_usable_pages,known,,,bpt6k2959738: no usable pages in manifest.,2026-07-17T20:52:50.111943
figaro1854,bpt6k295974n,,failed,0,0,,no_usable_pages,known,,,bpt6k295974n: no usable pages in manifest.,2026-07-17T20:52:50.260266
figaro1854,bpt6k2959751,,failed,0,0,,no_usable_pages,known,,,bpt6k2959751: no usable pages in manifest.,2026-07-17T20:52:50.440077
figaro1854,bpt6k295976d,,failed,0,0,,no_usable_pages,known,,,bpt6k295976d: no usable pages in manifest.,2026-07-17T20:52:50.601910
figaro1854,bpt6k295977s,,failed,0,0,,no_usable_pages,known,,,bpt6k295977s: no usable pages in manifest.,2026-07-17T20:52:50.724947
figaro1854,bpt6k2959785,,failed,0,0,,no_usable_pages,known,,,bpt6k2959785: no usable pages in manifest.,2026-07-17T20:52:50.839278
figaro1854,bpt6k295979j,,failed,0,0,,no_usable_pages,known,,,bpt6k295979j: no usable pages in manifest.,2026-07-17T20:52:50.986872
figaro1854,bpt6k295980g,,failed,0,0,,no_usable_pages,known,,,bpt6k295980g: no usable pages in manifest.,2026-07-17T20:52:51.250384
figaro1854,bpt6k295981v,,failed,0,0,,no_usable_pages,known,,,bpt6k295981v: no usable pages in manifest.,2026-07-17T20:52:51.354521
figaro1854,bpt6k2959827,,failed,0,0,,no_usable_pages,known,,,bpt6k2959827: no usable pages in manifest.,2026-07-17T20:52:51.461561
figaro1854,bpt6k295983m,,failed,0,0,,no_usable_pages,known,,,bpt6k295983m: no usable pages in manifest.,2026-07-17T20:52:51.633417
figaro1854,bpt6k2959840,,failed,0,0,,no_usable_pages,known,,,bpt6k2959840: no usable pages in manifest.,2026-07-17T20:52:51.806503
figaro1854,bpt6k295985c,,failed,0,0,,no_usable_pages,known,,,bpt6k295985c: no usable pages in manifest.,2026-07-17T20:52:51.902708
figaro1854,bpt6k295986r,,failed,0,0,,no_usable_pages,known,,,bpt6k295986r: no usable pages in manifest.,2026-07-17T20:52:52.024850
figaro1854,bpt6k2959874,,failed,0,0,,no_usable_pages,known,,,bpt6k2959874: no usable pages in manifest.,2026-07-17T20:52:52.132990
figaro1854,bpt6k295988h,,failed,0,0,,no_usable_pages,known,,,bpt6k295988h: no usable pages in manifest.,2026-07-17T20:52:52.298239
figaro1854,bpt6k295989w,,failed,0,0,,no_usable_pages,known,,,bpt6k295989w: no usable pages in manifest.,2026-07-17T20:52:52.426736
figaro1854,bpt6k295990t,,failed,0,0,,no_usable_pages,known,,,bpt6k295990t: no usable pages in manifest.,2026-07-17T20:52:52.540212
figaro1854,bpt6k2959916,,failed,0,0,,no_usable_pages,known,,,bpt6k2959916: no usable pages in manifest.,2026-07-17T20:52:52.629421
figaro1854,bpt6k295992k,,failed,0,0,,no_usable_pages,known,,,bpt6k295992k: no usable pages in manifest.,2026-07-17T20:52:52.736183
figaro1854,bpt6k295994b,,failed,0,0,,no_usable_pages,known,,,bpt6k295994b: no usable pages in manifest.,2026-07-17T20:52:52.966723
figaro1854,bpt6k295995q,,failed,0,0,,no_usable_pages,known,,,bpt6k295995q: no usable pages in manifest.,2026-07-17T20:52:53.190728
figaro1854,bpt6k2959963,,failed,0,0,,no_usable_pages,known,,,bpt6k2959963: no usable pages in manifest.,2026-07-17T20:52:53.372888
figaro1854,bpt6k295998v,,failed,0,0,,no_usable_pages,known,,,bpt6k295998v: no usable pages in manifest.,2026-07-17T20:52:53.520698
figaro1854,bpt6k2959997,,failed,0,0,,no_usable_pages,known,,,bpt6k2959997: no usable pages in manifest.,2026-07-17T20:52:53.645766
figaro1854,bpt6k2960006,,failed,0,0,,no_usable_pages,known,,,bpt6k2960006: no usable pages in manifest.,2026-07-17T20:52:53.770342
figaro1854,bpt6k296001k,,failed,0,0,,no_usable_pages,known,,,bpt6k296001k: no usable pages in manifest.,2026-07-17T20:52:53.912017
figaro1854,bpt6k296002z,,failed,0,0,,no_usable_pages,known,,,bpt6k296002z: no usable pages in manifest.,2026-07-17T20:52:54.018605
figaro1854,bpt6k296003b,,failed,0,0,,no_usable_pages,known,,,bpt6k296003b: no usable pages in manifest.,2026-07-17T20:52:54.126422
figaro1854,bpt6k296004q,,failed,0,0,,no_usable_pages,known,,,bpt6k296004q: no usable pages in manifest.,2026-07-17T20:52:54.242826
figaro1854,bpt6k2960053,,failed,0,0,,no_usable_pages,known,,,bpt6k2960053: no usable pages in manifest.,2026-07-17T20:52:54.425999
figaro1854,bpt6k296006g,,failed,0,0,,no_usable_pages,known,,,bpt6k296006g: no usable pages in manifest.,2026-07-17T20:52:54.572957
figaro1854,bpt6k296007v,,failed,0,0,,no_usable_pages,known,,,bpt6k296007v: no usable pages in manifest.,2026-07-17T20:52:54.699471
figaro1854,bpt6k2960087,,failed,0,0,,no_usable_pages,known,,,bpt6k2960087: no usable pages in manifest.,2026-07-17T20:52:54.849925
figaro1854,bpt6k296009m,,failed,0,0,,no_usable_pages,known,,,bpt6k296009m: no usable pages in manifest.,2026-07-17T20:52:55.046481
figaro1854,bpt6k296010j,,failed,0,0,,no_usable_pages,known,,,bpt6k296010j: no usable pages in manifest.,2026-07-17T20:52:55.174260
figaro1854,bpt6k296011x,,failed,0,0,,no_usable_pages,known,,,bpt6k296011x: no usable pages in manifest.,2026-07-17T20:52:55.280650
figaro1854,bpt6k2960129,,failed,0,0,,no_usable_pages,known,,,bpt6k2960129: no usable pages in manifest.,2026-07-17T20:52:55.507381
figaro1854,bpt6k296013p,,failed,0,0,,no_usable_pages,known,,,bpt6k296013p: no usable pages in manifest.,2026-07-17T20:52:55.625948
figaro1854,bpt6k2960142,,failed,0,0,,no_usable_pages,known,,,bpt6k2960142: no usable pages in manifest.,2026-07-17T20:52:55.752946
figaro1854,bpt6k296015f,,failed,0,0,,no_usable_pages,known,,,bpt6k296015f: no usable pages in manifest.,2026-07-17T20:52:55.838415
figaro1854,bpt6k296016t,,failed,0,0,,no_usable_pages,known,,,bpt6k296016t: no usable pages in manifest.,2026-07-17T20:52:56.073896
figaro1854,bpt6k296019z,,failed,0,0,,no_usable_pages,known,,,bpt6k296019z: no usable pages in manifest.,2026-07-17T20:52:56.273332
figaro1854,bpt6k296020w,,failed,0,0,,no_usable_pages,known,,,bpt6k296020w: no usable pages in manifest.,2026-07-17T20:52:56.405347
figaro1854,bpt6k2960218,,failed,0,0,,no_usable_pages,known,,,bpt6k2960218: no usable pages in manifest.,2026-07-17T20:52:56.691167
figaro1854,bpt6k296022n,,failed,0,0,,no_usable_pages,known,,,bpt6k296022n: no usable pages in manifest.,2026-07-17T20:52:56.844839
figaro1854,bpt6k2960231,,failed,0,0,,no_usable_pages,known,,,bpt6k2960231: no usable pages in manifest.,2026-07-17T20:52:56.959224
figaro1854,bpt6k296024d,,failed,0,0,,no_usable_pages,known,,,bpt6k296024d: no usable pages in manifest.,2026-07-17T20:52:57.120254
figaro1854,bpt6k296025s,,failed,0,0,,no_usable_pages,known,,,bpt6k296025s: no usable pages in manifest.,2026-07-17T20:52:57.260430
figaro1854,bpt6k2960265,,failed,0,0,,no_usable_pages,known,,,bpt6k2960265: no usable pages in manifest.,2026-07-17T20:52:57.365807
figaro1854,bpt6k296027j,,failed,0,0,,no_usable_pages,known,,,bpt6k296027j: no usable pages in manifest.,2026-07-17T20:52:57.472194
figaro1854,bpt6k296028x,,failed,0,0,,no_usable_pages,known,,,bpt6k296028x: no usable pages in manifest.,2026-07-17T20:52:57.644864
figaro1854,bpt6k2960299,,failed,0,0,,no_usable_pages,known,,,bpt6k2960299: no usable pages in manifest.,2026-07-17T20:52:57.761769
figaro1854,bpt6k2960307,,failed,0,0,,no_usable_pages,known,,,bpt6k2960307: no usable pages in manifest.,2026-07-17T20:52:57.881232
figaro1854,bpt6k296031m,,failed,0,0,,no_usable_pages,known,,,bpt6k296031m: no usable pages in manifest.,2026-07-17T20:52:58.022089
figaro1854,bpt6k2960320,,failed,0,0,,no_usable_pages,known,,,bpt6k2960320: no usable pages in manifest.,2026-07-17T20:52:58.175302
figaro1854,bpt6k296033c,,failed,0,0,,no_usable_pages,known,,,bpt6k296033c: no usable pages in manifest.,2026-07-17T20:52:58.335756
figaro1854,bpt6k296034r,,failed,0,0,,no_usable_pages,known,,,bpt6k296034r: no usable pages in manifest.,2026-07-17T20:52:58.514449
figaro1854,bpt6k2960354,,failed,0,0,,no_usable_pages,known,,,bpt6k2960354: no usable pages in manifest.,2026-07-17T20:52:58.750659
figaro1854,bpt6k296036h,,failed,0,0,,no_usable_pages,known,,,bpt6k296036h: no usable pages in manifest.,2026-07-17T20:52:58.920831
figaro1854,bpt6k296037w,,failed,0,0,,no_usable_pages,known,,,bpt6k296037w: no usable pages in manifest.,2026-07-17T20:52:59.039774
figaro1854,bpt6k2960388,,failed,0,0,,no_usable_pages,known,,,bpt6k2960388: no usable pages in manifest.,2026-07-17T20:52:59.218272
figaro1854,bpt6k296039n,,failed,0,0,,no_usable_pages,known,,,bpt6k296039n: no usable pages in manifest.,2026-07-17T20:52:59.365048
figaro1854,bpt6k296040k,,failed,0,0,,no_usable_pages,known,,,bpt6k296040k: no usable pages in manifest.,2026-07-17T20:52:59.489293
figaro1854,bpt6k296041z,,failed,0,0,,no_usable_pages,known,,,bpt6k296041z: no usable pages in manifest.,2026-07-17T20:52:59.621924
figaro1854,bpt6k296042b,,failed,0,0,,no_usable_pages,known,,,bpt6k296042b: no usable pages in manifest.,2026-07-17T20:52:59.840410
figaro1854,bpt6k296043q,,failed,0,0,,no_usable_pages,known,,,bpt6k296043q: no usable pages in manifest.,2026-07-17T20:52:59.994303
figaro1854,bpt6k2960443,,failed,0,0,,no_usable_pages,known,,,bpt6k2960443: no usable pages in manifest.,2026-07-17T20:53:00.144237
figaro1854,bpt6k296045g,,failed,0,0,,no_usable_pages,known,,,bpt6k296045g: no usable pages in manifest.,2026-07-17T20:53:00.362319
figaro1854,bpt6k296046v,,failed,0,0,,no_usable_pages,known,,,bpt6k296046v: no usable pages in manifest.,2026-07-17T20:53:00.525511
figaro1854,bpt6k2960477,,failed,0,0,,no_usable_pages,known,,,bpt6k2960477: no usable pages in manifest.,2026-07-17T20:53:00.675093
figaro1854,bpt6k296048m,,failed,0,0,,no_usable_pages,known,,,bpt6k296048m: no usable pages in manifest.,2026-07-17T20:53:00.891236
figaro1854,bpt6k2960490,,failed,0,0,,no_usable_pages,known,,,bpt6k2960490: no usable pages in manifest.,2026-07-17T20:53:01.063125
figaro1854,bpt6k296050x,,failed,0,0,,no_usable_pages,known,,,bpt6k296050x: no usable pages in manifest.,2026-07-17T20:53:01.156669
figaro1854,bpt6k2960519,,failed,0,0,,no_usable_pages,known,,,bpt6k2960519: no usable pages in manifest.,2026-07-17T20:53:01.352694
figaro1854,bpt6k296052p,,failed,0,0,,no_usable_pages,known,,,bpt6k296052p: no usable pages in manifest.,2026-07-17T20:53:01.487496
figaro1854,bpt6k2960532,,failed,0,0,,no_usable_pages,known,,,bpt6k2960532: no usable pages in manifest.,2026-07-17T20:53:01.642503
figaro1854,bpt6k296054f,,failed,0,0,,no_usable_pages,known,,,bpt6k296054f: no usable pages in manifest.,2026-07-17T20:53:01.776221
figaro1854,bpt6k296055t,,failed,0,0,,no_usable_pages,known,,,bpt6k296055t: no usable pages in manifest.,2026-07-17T20:53:02.024119
figaro1854,bpt6k2960566,,failed,0,0,,no_usable_pages,known,,,bpt6k2960566: no usable pages in manifest.,2026-07-17T20:53:02.189471
figaro1854,bpt6k296057k,,failed,0,0,,no_usable_pages,known,,,bpt6k296057k: no usable pages in manifest.,2026-07-17T20:53:02.314488
figaro1854,bpt6k296058z,,failed,0,0,,no_usable_pages,known,,,bpt6k296058z: no usable pages in manifest.,2026-07-17T20:53:02.496422
figaro1854,bpt6k296059b,,failed,0,0,,no_usable_pages,known,,,bpt6k296059b: no usable pages in manifest.,2026-07-17T20:53:02.652517
figaro1854,bpt6k2960608,,failed,0,0,,no_usable_pages,known,,,bpt6k2960608: no usable pages in manifest.,2026-07-17T20:53:02.784691
figaro1854,bpt6k296061n,,failed,0,0,,no_usable_pages,known,,,bpt6k296061n: no usable pages in manifest.,2026-07-17T20:53:02.955619
figaro1854,bpt6k2960621,,failed,0,0,,no_usable_pages,known,,,bpt6k2960621: no usable pages in manifest.,2026-07-17T20:53:03.126363
figaro1854,bpt6k296063d,,failed,0,0,,no_usable_pages,known,,,bpt6k296063d: no usable pages in manifest.,2026-07-17T20:53:03.253109
figaro1854,bpt6k296064s,,failed,0,0,,no_usable_pages,known,,,bpt6k296064s: no usable pages in manifest.,2026-07-17T20:53:03.428480
figaro1854,bpt6k2960655,,failed,0,0,,no_usable_pages,known,,,bpt6k2960655: no usable pages in manifest.,2026-07-17T20:53:03.633699
figaro1854,bpt6k296066j,,failed,0,0,,no_usable_pages,known,,,bpt6k296066j: no usable pages in manifest.,2026-07-17T20:53:03.833839
figaro1854,bpt6k296067x,,failed,0,0,,no_usable_pages,known,,,bpt6k296067x: no usable pages in manifest.,2026-07-17T20:53:04.044568
figaro1854,bpt6k2960689,,failed,0,0,,no_usable_pages,known,,,bpt6k2960689: no usable pages in manifest.,2026-07-17T20:53:04.405753
figaro1854,bpt6k296069p,,failed,0,0,,no_usable_pages,known,,,bpt6k296069p: no usable pages in manifest.,2026-07-17T20:53:04.640778
figaro1854,bpt6k296070m,,failed,0,0,,no_usable_pages,known,,,bpt6k296070m: no usable pages in manifest.,2026-07-17T20:53:04.804059
figaro1854,bpt6k2960710,,failed,0,0,,no_usable_pages,known,,,bpt6k2960710: no usable pages in manifest.,2026-07-17T20:53:04.919543
figaro1854,bpt6k296072c,,failed,0,0,,no_usable_pages,known,,,bpt6k296072c: no usable pages in manifest.,2026-07-17T20:53:05.123672
figaro1854,bpt6k296073r,,failed,0,0,,no_usable_pages,known,,,bpt6k296073r: no usable pages in manifest.,2026-07-17T20:53:05.299740
figaro1854,bpt6k2960744,,failed,0,0,,no_usable_pages,known,,,bpt6k2960744: no usable pages in manifest.,2026-07-17T20:53:05.447678
figaro1854,bpt6k296075h,,failed,0,0,,no_usable_pages,known,,,bpt6k296075h: no usable pages in manifest.,2026-07-17T20:53:05.614092
figaro1854,bpt6k296076w,,failed,0,0,,no_usable_pages,known,,,bpt6k296076w: no usable pages in manifest.,2026-07-17T20:53:05.790903
figaro1854,bpt6k2960778,,failed,0,0,,no_usable_pages,known,,,bpt6k2960778: no usable pages in manifest.,2026-07-17T20:53:05.995281
figaro1854,bpt6k296078n,,failed,0,0,,no_usable_pages,known,,,bpt6k296078n: no usable pages in manifest.,2026-07-17T20:53:06.237923
figaro1854,bpt6k2960791,,failed,0,0,,no_usable_pages,known,,,bpt6k2960791: no usable pages in manifest.,2026-07-17T20:53:06.444276
figaro1854,bpt6k296080z,,failed,0,0,,no_usable_pages,known,,,bpt6k296080z: no usable pages in manifest.,2026-07-17T20:53:06.580554
figaro1854,bpt6k296081b,,failed,0,0,,no_usable_pages,known,,,bpt6k296081b: no usable pages in manifest.,2026-07-17T20:53:06.780200
figaro1854,bpt6k296082q,,failed,0,0,,no_usable_pages,known,,,bpt6k296082q: no usable pages in manifest.,2026-07-17T20:53:06.946819
figaro1854,bpt6k2960833,,failed,0,0,,no_usable_pages,known,,,bpt6k2960833: no usable pages in manifest.,2026-07-17T20:53:07.074234
figaro1854,bpt6k296084g,,failed,0,0,,no_usable_pages,known,,,bpt6k296084g: no usable pages in manifest.,2026-07-17T20:53:07.197838
figaro1854,bpt6k296085v,,failed,0,0,,no_usable_pages,known,,,bpt6k296085v: no usable pages in manifest.,2026-07-17T20:53:07.374487
figaro1854,bpt6k2960867,,failed,0,0,,no_usable_pages,known,,,bpt6k2960867: no usable pages in manifest.,2026-07-17T20:53:07.568646
figaro1854,bpt6k296087m,,failed,0,0,,no_usable_pages,known,,,bpt6k296087m: no usable pages in manifest.,2026-07-17T20:53:07.700163
figaro1854,bpt6k2960880,,failed,0,0,,no_usable_pages,known,,,bpt6k2960880: no usable pages in manifest.,2026-07-17T20:53:07.838542
figaro1854,bpt6k296089c,,failed,0,0,,no_usable_pages,known,,,bpt6k296089c: no usable pages in manifest.,2026-07-17T20:53:08.136780
figaro1854,bpt6k2960909,,failed,0,0,,no_usable_pages,known,,,bpt6k2960909: no usable pages in manifest.,2026-07-17T20:53:08.383245
figaro1854,bpt6k2960922,,failed,0,0,,no_usable_pages,known,,,bpt6k2960922: no usable pages in manifest.,2026-07-17T20:53:08.623631
figaro1854,bpt6k296093f,,failed,0,0,,no_usable_pages,known,,,bpt6k296093f: no usable pages in manifest.,2026-07-17T20:53:08.748080
figaro1854,bpt6k296094t,,failed,0,0,,no_usable_pages,known,,,bpt6k296094t: no usable pages in manifest.,2026-07-17T20:53:08.873289
figaro1854,bpt6k2960956,,failed,0,0,,no_usable_pages,known,,,bpt6k2960956: no usable pages in manifest.,2026-07-17T20:53:09.028411
figaro1854,bpt6k296096k,,failed,0,0,,no_usable_pages,known,,,bpt6k296096k: no usable pages in manifest.,2026-07-17T20:53:09.222007
figaro1854,bpt6k296097z,,failed,0,0,,no_usable_pages,known,,,bpt6k296097z: no usable pages in manifest.,2026-07-17T20:53:09.463130
figaro1854,bpt6k296098b,,failed,0,0,,no_usable_pages,known,,,bpt6k296098b: no usable pages in manifest.,2026-07-17T20:53:09.624274
figaro1854,bpt6k296099q,,failed,0,0,,no_usable_pages,known,,,bpt6k296099q: no usable pages in manifest.,2026-07-17T20:53:09.818115
figaro1854,bpt6k296100h,,failed,0,0,,no_usable_pages,known,,,bpt6k296100h: no usable pages in manifest.,2026-07-17T20:53:10.084050
figaro1854,bpt6k296101w,,failed,0,0,,no_usable_pages,known,,,bpt6k296101w: no usable pages in manifest.,2026-07-17T20:53:10.546264
figaro1854,bpt6k2961028,,failed,0,0,,no_usable_pages,known,,,bpt6k2961028: no usable pages in manifest.,2026-07-17T20:53:10.726108
figaro1854,bpt6k296103n,,failed,0,0,,no_usable_pages,known,,,bpt6k296103n: no usable pages in manifest.,2026-07-17T20:53:10.944358
figaro1854,bpt6k2961041,,failed,0,0,,no_usable_pages,known,,,bpt6k2961041: no usable pages in manifest.,2026-07-17T20:53:11.088696
figaro1854,bpt6k296105d,,failed,0,0,,no_usable_pages,known,,,bpt6k296105d: no usable pages in manifest.,2026-07-17T20:53:11.254752
figaro1854,bpt6k296106s,,failed,0,0,,no_usable_pages,known,,,bpt6k296106s: no usable pages in manifest.,2026-07-17T20:53:11.453415
figaro1854,bpt6k2961075,,failed,0,0,,no_usable_pages,known,,,bpt6k2961075: no usable pages in manifest.,2026-07-17T20:53:11.659139
figaro1854,bpt6k296108j,,failed,0,0,,no_usable_pages,known,,,bpt6k296108j: no usable pages in manifest.,2026-07-17T20:53:11.852114
figaro1854,bpt6k296109x,,failed,0,0,,no_usable_pages,known,,,bpt6k296109x: no usable pages in manifest.,2026-07-17T20:53:12.023692
figaro1854,bpt6k296110v,,failed,0,0,,no_usable_pages,known,,,bpt6k296110v: no usable pages in manifest.,2026-07-17T20:53:12.277441
figaro1854,bpt6k2961117,,failed,0,0,,no_usable_pages,known,,,bpt6k2961117: no usable pages in manifest.,2026-07-17T20:53:12.495485
figaro1854,bpt6k296112m,,failed,0,0,,no_usable_pages,known,,,bpt6k296112m: no usable pages in manifest.,2026-07-17T20:53:12.737645
figaro1854,bpt6k2961130,,failed,0,0,,no_usable_pages,known,,,bpt6k2961130: no usable pages in manifest.,2026-07-17T20:53:12.846230
figaro1854,bpt6k296114c,,failed,0,0,,no_usable_pages,known,,,bpt6k296114c: no usable pages in manifest.,2026-07-17T20:53:12.973612
figaro1854,bpt6k296115r,,failed,0,0,,no_usable_pages,known,,,bpt6k296115r: no usable pages in manifest.,2026-07-17T20:53:13.171588
figaro1854,bpt6k2961164,,failed,0,0,,no_usable_pages,known,,,bpt6k2961164: no usable pages in manifest.,2026-07-17T20:53:13.313754
figaro1854,bpt6k296117h,,failed,0,0,,no_usable_pages,known,,,bpt6k296117h: no usable pages in manifest.,2026-07-17T20:53:13.457383
figaro1854,bpt6k296118w,,failed,0,0,,no_usable_pages,known,,,bpt6k296118w: no usable pages in manifest.,2026-07-17T20:53:13.623221
figaro1854,bpt6k2961198,,failed,0,0,,no_usable_pages,known,,,bpt6k2961198: no usable pages in manifest.,2026-07-17T20:53:13.808341
figaro1854,bpt6k2961206,,failed,0,0,,no_usable_pages,known,,,bpt6k2961206: no usable pages in manifest.,2026-07-17T20:53:13.975520
figaro1854,bpt6k296121k,,failed,0,0,,no_usable_pages,known,,,bpt6k296121k: no usable pages in manifest.,2026-07-17T20:53:14.243572
figaro1854,bpt6k296122z,,failed,0,0,,no_usable_pages,known,,,bpt6k296122z: no usable pages in manifest.,2026-07-17T20:53:14.445674
figaro1854,bpt6k296123b,,failed,0,0,,no_usable_pages,known,,,bpt6k296123b: no usable pages in manifest.,2026-07-17T20:53:14.632145
figaro1854,bpt6k296124q,,failed,0,0,,no_usable_pages,known,,,bpt6k296124q: no usable pages in manifest.,2026-07-17T20:53:14.933424
figaro1854,bpt6k2961253,,failed,0,0,,no_usable_pages,known,,,bpt6k2961253: no usable pages in manifest.,2026-07-17T20:53:15.086097
figaro1854,bpt6k296126g,,failed,0,0,,no_usable_pages,known,,,bpt6k296126g: no usable pages in manifest.,2026-07-17T20:53:15.343341
figaro1854,bpt6k296127v,,failed,0,0,,no_usable_pages,known,,,bpt6k296127v: no usable pages in manifest.,2026-07-17T20:53:15.515370
figaro1854,bpt6k2961287,,failed,0,0,,no_usable_pages,known,,,bpt6k2961287: no usable pages in manifest.,2026-07-17T20:53:15.677337
figaro1854,bpt6k296129m,,failed,0,0,,no_usable_pages,known,,,bpt6k296129m: no usable pages in manifest.,2026-07-17T20:53:15.842609
figaro1854,bpt6k296130j,,failed,0,0,,no_usable_pages,known,,,bpt6k296130j: no usable pages in manifest.,2026-07-17T20:53:16.070410
figaro1854,bpt6k296131x,,failed,0,0,,no_usable_pages,known,,,bpt6k296131x: no usable pages in manifest.,2026-07-17T20:53:16.233889
figaro1854,bpt6k2961329,,failed,0,0,,no_usable_pages,known,,,bpt6k2961329: no usable pages in manifest.,2026-07-17T20:53:16.425407
figaro1854,bpt6k296133p,,failed,0,0,,no_usable_pages,known,,,bpt6k296133p: no usable pages in manifest.,2026-07-17T20:53:16.583709
figaro1854,bpt6k2961342,,failed,0,0,,no_usable_pages,known,,,bpt6k2961342: no usable pages in manifest.,2026-07-17T20:53:16.871623
figaro1854,bpt6k296135f,,failed,0,0,,no_usable_pages,known,,,bpt6k296135f: no usable pages in manifest.,2026-07-17T20:53:17.103700
figaro1854,bpt6k296136t,,failed,0,0,,no_usable_pages,known,,,bpt6k296136t: no usable pages in manifest.,2026-07-17T20:53:17.250205
figaro1854,bpt6k2961376,,failed,0,0,,no_usable_pages,known,,,bpt6k2961376: no usable pages in manifest.,2026-07-17T20:53:17.426727
figaro1854,bpt6k296138k,,failed,0,0,,no_usable_pages,known,,,bpt6k296138k: no usable pages in manifest.,2026-07-17T20:53:17.553999
figaro1854,bpt6k296139z,,failed,0,0,,no_usable_pages,known,,,bpt6k296139z: no usable pages in manifest.,2026-07-17T20:53:17.695780
figaro1854,bpt6k296140w,,failed,0,0,,no_usable_pages,known,,,bpt6k296140w: no usable pages in manifest.,2026-07-17T20:53:17.886117
figaro1854,bpt6k2961418,,failed,0,0,,no_usable_pages,known,,,bpt6k2961418: no usable pages in manifest.,2026-07-17T20:53:18.003729
figaro1854,bpt6k296142n,,failed,0,0,,no_usable_pages,known,,,bpt6k296142n: no usable pages in manifest.,2026-07-17T20:53:18.231584
figaro1854,bpt6k2961431,,failed,0,0,,no_usable_pages,known,,,bpt6k2961431: no usable pages in manifest.,2026-07-17T20:53:18.444878
figaro1854,bpt6k296144d,,failed,0,0,,no_usable_pages,known,,,bpt6k296144d: no usable pages in manifest.,2026-07-17T20:53:18.650348
figaro1854,bpt6k296145s,,failed,0,0,,no_usable_pages,known,,,bpt6k296145s: no usable pages in manifest.,2026-07-17T20:53:18.812773
figaro1854,bpt6k2961465,,failed,0,0,,no_usable_pages,known,,,bpt6k2961465: no usable pages in manifest.,2026-07-17T20:53:19.042562
figaro1854,bpt6k296147j,,failed,0,0,,no_usable_pages,known,,,bpt6k296147j: no usable pages in manifest.,2026-07-17T20:53:19.260633
figaro1854,bpt6k296148x,,failed,0,0,,no_usable_pages,known,,,bpt6k296148x: no usable pages in manifest.,2026-07-17T20:53:19.453109
figaro1854,bpt6k2961499,,failed,0,0,,no_usable_pages,known,,,bpt6k2961499: no usable pages in manifest.,2026-07-17T20:53:19.758452
figaro1854,bpt6k2961507,,failed,0,0,,no_usable_pages,known,,,bpt6k2961507: no usable pages in manifest.,2026-07-17T20:53:19.945084
figaro1854,bpt6k296151m,,failed,0,0,,no_usable_pages,known,,,bpt6k296151m: no usable pages in manifest.,2026-07-17T20:53:20.161000
figaro1854,bpt6k2961520,,failed,0,0,,no_usable_pages,known,,,bpt6k2961520: no usable pages in manifest.,2026-07-17T20:53:20.357953
figaro1854,bpt6k296154r,,failed,0,0,,no_usable_pages,known,,,bpt6k296154r: no usable pages in manifest.,2026-07-17T20:53:20.551572
figaro1854,bpt6k2961554,,failed,0,0,,no_usable_pages,known,,,bpt6k2961554: no usable pages in manifest.,2026-07-17T20:53:20.739443
figaro1854,bpt6k296156h,,failed,0,0,,no_usable_pages,known,,,bpt6k296156h: no usable pages in manifest.,2026-07-17T20:53:20.934047
figaro1854,bpt6k296157w,,failed,0,0,,no_usable_pages,known,,,bpt6k296157w: no usable pages in manifest.,2026-07-17T20:53:21.161366
figaro1854,bpt6k2961588,,failed,0,0,,no_usable_pages,known,,,bpt6k2961588: no usable pages in manifest.,2026-07-17T20:53:21.369577
figaro1854,bpt6k296159n,,failed,0,0,,no_usable_pages,known,,,bpt6k296159n: no usable pages in manifest.,2026-07-17T20:53:21.512978
figaro1854,bpt6k296160k,,failed,0,0,,no_usable_pages,known,,,bpt6k296160k: no usable pages in manifest.,2026-07-17T20:53:21.670946
figaro1854,bpt6k296161z,,failed,0,0,,no_usable_pages,known,,,bpt6k296161z: no usable pages in manifest.,2026-07-17T20:53:21.856651
figaro1854,bpt6k296163q,,failed,0,0,,no_usable_pages,known,,,bpt6k296163q: no usable pages in manifest.,2026-07-17T20:53:22.165679
figaro1854,bpt6k2961643,,failed,0,0,,no_usable_pages,known,,,bpt6k2961643: no usable pages in manifest.,2026-07-17T20:53:22.679323
figaro1854,bpt6k296165g,,failed,0,0,,no_usable_pages,known,,,bpt6k296165g: no usable pages in manifest.,2026-07-17T20:53:22.910029
figaro1854,bpt6k296166v,,failed,0,0,,no_usable_pages,known,,,bpt6k296166v: no usable pages in manifest.,2026-07-17T20:53:23.138500
figaro1854,bpt6k2961677,,failed,0,0,,no_usable_pages,known,,,bpt6k2961677: no usable pages in manifest.,2026-07-17T20:53:23.367125
figaro1854,bpt6k296168m,,failed,0,0,,no_usable_pages,known,,,bpt6k296168m: no usable pages in manifest.,2026-07-17T20:53:23.562419
figaro1854,bpt6k2961690,,failed,0,0,,no_usable_pages,known,,,bpt6k2961690: no usable pages in manifest.,2026-07-17T20:53:23.716298
figaro1854,bpt6k296170x,,failed,0,0,,no_usable_pages,known,,,bpt6k296170x: no usable pages in manifest.,2026-07-17T20:53:23.903412
figaro1854,bpt6k2961719,,failed,0,0,,no_usable_pages,known,,,bpt6k2961719: no usable pages in manifest.,2026-07-17T20:53:24.069721
figaro1854,bpt6k296172p,,failed,0,0,,no_usable_pages,known,,,bpt6k296172p: no usable pages in manifest.,2026-07-17T20:53:24.310365
figaro1854,bpt6k2961732,,failed,0,0,,no_usable_pages,known,,,bpt6k2961732: no usable pages in manifest.,2026-07-17T20:53:24.616642
figaro1854,bpt6k296174f,,failed,0,0,,no_usable_pages,known,,,bpt6k296174f: no usable pages in manifest.,2026-07-17T20:53:24.790263
figaro1854,bpt6k296175t,,failed,0,0,,no_usable_pages,known,,,bpt6k296175t: no usable pages in manifest.,2026-07-17T20:53:24.949513
figaro1854,bpt6k2961766,,failed,0,0,,no_usable_pages,known,,,bpt6k2961766: no usable pages in manifest.,2026-07-17T20:53:25.140318
figaro1854,bpt6k296177k,,failed,0,0,,no_usable_pages,known,,,bpt6k296177k: no usable pages in manifest.,2026-07-17T20:53:25.350241
figaro1854,bpt6k296178z,,failed,0,0,,no_usable_pages,known,,,bpt6k296178z: no usable pages in manifest.,2026-07-17T20:53:25.665078
figaro1854,bpt6k296179b,,failed,0,0,,no_usable_pages,known,,,bpt6k296179b: no usable pages in manifest.,2026-07-17T20:53:25.847206
figaro1854,bpt6k2961808,,failed,0,0,,no_usable_pages,known,,,bpt6k2961808: no usable pages in manifest.,2026-07-17T20:53:25.996561
figaro1854,bpt6k296181n,,failed,0,0,,no_usable_pages,known,,,bpt6k296181n: no usable pages in manifest.,2026-07-17T20:53:26.126094
figaro1854,bpt6k2961821,,failed,0,0,,no_usable_pages,known,,,bpt6k2961821: no usable pages in manifest.,2026-07-17T20:53:26.306438
figaro1854,bpt6k296184s,,failed,0,0,,no_usable_pages,known,,,bpt6k296184s: no usable pages in manifest.,2026-07-17T20:53:26.856115
figaro1854,bpt6k2961855,,failed,0,0,,no_usable_pages,known,,,bpt6k2961855: no usable pages in manifest.,2026-07-17T20:53:27.093381
figaro1854,bpt6k296186j,,failed,0,0,,no_usable_pages,known,,,bpt6k296186j: no usable pages in manifest.,2026-07-17T20:53:27.266418
figaro1854,bpt6k296187x,,failed,0,0,,no_usable_pages,known,,,bpt6k296187x: no usable pages in manifest.,2026-07-17T20:53:27.440986
figaro1854,bpt6k2961889,,failed,0,0,,no_usable_pages,known,,,bpt6k2961889: no usable pages in manifest.,2026-07-17T20:53:27.639419
figaro1854,bpt6k296189p,,failed,0,0,,no_usable_pages,known,,,bpt6k296189p: no usable pages in manifest.,2026-07-17T20:53:27.871247
figaro1854,bpt6k296190m,,failed,0,0,,no_usable_pages,known,,,bpt6k296190m: no usable pages in manifest.,2026-07-17T20:53:28.055042
figaro1854,bpt6k2961910,,failed,0,0,,no_usable_pages,known,,,bpt6k2961910: no usable pages in manifest.,2026-07-17T20:53:28.218095
figaro1854,bpt6k296193r,,failed,0,0,,no_usable_pages,known,,,bpt6k296193r: no usable pages in manifest.,2026-07-17T20:53:28.368501
figaro1854,bpt6k2961944,,failed,0,0,,no_usable_pages,known,,,bpt6k2961944: no usable pages in manifest.,2026-07-17T20:53:28.570667
figaro1854,bpt6k296195h,,failed,0,0,,no_usable_pages,known,,,bpt6k296195h: no usable pages in manifest.,2026-07-17T20:53:28.830146
figaro1854,bpt6k296196w,,failed,0,0,,no_usable_pages,known,,,bpt6k296196w: no usable pages in manifest.,2026-07-17T20:53:29.089218
figaro1854,bpt6k2961978,,failed,0,0,,no_usable_pages,known,,,bpt6k2961978: no usable pages in manifest.,2026-07-17T20:53:29.281275
figaro1854,bpt6k296198n,,failed,0,0,,no_usable_pages,known,,,bpt6k296198n: no usable pages in manifest.,2026-07-17T20:53:29.431954
figaro1854,bpt6k2961991,,failed,0,0,,no_usable_pages,known,,,bpt6k2961991: no usable pages in manifest.,2026-07-17T20:53:29.591009
figaro1854,bpt6k296200t,,failed,0,0,,no_usable_pages,known,,,bpt6k296200t: no usable pages in manifest.,2026-07-17T20:53:29.750354
figaro1854,bpt6k2962016,,failed,0,0,,no_usable_pages,known,,,bpt6k2962016: no usable pages in manifest.,2026-07-17T20:53:29.880664
figaro1854,bpt6k296202k,,failed,0,0,,no_usable_pages,known,,,bpt6k296202k: no usable pages in manifest.,2026-07-17T20:53:30.165520
figaro1854,bpt6k296203z,,failed,0,0,,no_usable_pages,known,,,bpt6k296203z: no usable pages in manifest.,2026-07-17T20:53:30.366904
figaro1854,bpt6k296204b,,failed,0,0,,no_usable_pages,known,,,bpt6k296204b: no usable pages in manifest.,2026-07-17T20:53:30.623201
figaro1854,bpt6k296205q,,failed,0,0,,no_usable_pages,known,,,bpt6k296205q: no usable pages in manifest.,2026-07-17T20:53:30.834805
figaro1854,bpt6k2962063,,failed,0,0,,no_usable_pages,known,,,bpt6k2962063: no usable pages in manifest.,2026-07-17T20:53:30.980059
figaro1854,bpt6k296207g,,failed,0,0,,no_usable_pages,known,,,bpt6k296207g: no usable pages in manifest.,2026-07-17T20:53:31.197916
figaro1854,bpt6k296208v,,failed,0,0,,no_usable_pages,known,,,bpt6k296208v: no usable pages in manifest.,2026-07-17T20:53:31.358342
figaro1854,bpt6k2962097,,failed,0,0,,no_usable_pages,known,,,bpt6k2962097: no usable pages in manifest.,2026-07-17T20:53:31.513619
figaro1854,bpt6k2962105,,failed,0,0,,no_usable_pages,known,,,bpt6k2962105: no usable pages in manifest.,2026-07-17T20:53:31.654239
figaro1854,bpt6k296211j,,failed,0,0,,no_usable_pages,known,,,bpt6k296211j: no usable pages in manifest.,2026-07-17T20:53:31.792078
figaro1854,bpt6k296212x,,failed,0,0,,no_usable_pages,known,,,bpt6k296212x: no usable pages in manifest.,2026-07-17T20:53:31.977040
figaro1854,bpt6k2962139,,failed,0,0,,no_usable_pages,known,,,bpt6k2962139: no usable pages in manifest.,2026-07-17T20:53:32.147963
figaro1854,bpt6k2962152,,failed,0,0,,no_usable_pages,known,,,bpt6k2962152: no usable pages in manifest.,2026-07-17T20:53:32.387688
figaro1854,bpt6k296216f,,failed,0,0,,no_usable_pages,known,,,bpt6k296216f: no usable pages in manifest.,2026-07-17T20:53:32.533756
figaro1854,bpt6k296217t,,failed,0,0,,no_usable_pages,known,,,bpt6k296217t: no usable pages in manifest.,2026-07-17T20:53:32.783110
figaro1854,bpt6k2962186,,failed,0,0,,no_usable_pages,known,,,bpt6k2962186: no usable pages in manifest.,2026-07-17T20:53:33.025223
figaro1854,bpt6k296219k,,failed,0,0,,no_usable_pages,known,,,bpt6k296219k: no usable pages in manifest.,2026-07-17T20:53:33.179895
figaro1854,bpt6k296220h,,failed,0,0,,no_usable_pages,known,,,bpt6k296220h: no usable pages in manifest.,2026-07-17T20:53:33.387180
figaro1854,bpt6k296221w,,failed,0,0,,no_usable_pages,known,,,bpt6k296221w: no usable pages in manifest.,2026-07-17T20:53:33.579510
figaro1854,bpt6k2962228,,failed,0,0,,no_usable_pages,known,,,bpt6k2962228: no usable pages in manifest.,2026-07-17T20:53:33.772253
figaro1854,bpt6k296223n,,failed,0,0,,no_usable_pages,known,,,bpt6k296223n: no usable pages in manifest.,2026-07-17T20:53:33.992930
figaro1854,bpt6k2962241,,failed,0,0,,no_usable_pages,known,,,bpt6k2962241: no usable pages in manifest.,2026-07-17T20:53:34.259395
figaro1854,bpt6k296225d,,failed,0,0,,no_usable_pages,known,,,bpt6k296225d: no usable pages in manifest.,2026-07-17T20:53:34.481518
figaro1854,bpt6k296226s,,failed,0,0,,no_usable_pages,known,,,bpt6k296226s: no usable pages in manifest.,2026-07-17T20:53:34.639480
figaro1854,bpt6k296228j,,failed,0,0,,no_usable_pages,known,,,bpt6k296228j: no usable pages in manifest.,2026-07-17T20:53:35.012697
figaro1854,bpt6k296229x,,failed,0,0,,no_usable_pages,known,,,bpt6k296229x: no usable pages in manifest.,2026-07-17T20:53:35.170598
figaro1854,bpt6k296230v,,failed,0,0,,no_usable_pages,known,,,bpt6k296230v: no usable pages in manifest.,2026-07-17T20:53:35.319272
figaro1854,bpt6k2962317,,failed,0,0,,no_usable_pages,known,,,bpt6k2962317: no usable pages in manifest.,2026-07-17T20:53:35.514545
figaro1854,bpt6k296232m,,failed,0,0,,no_usable_pages,known,,,bpt6k296232m: no usable pages in manifest.,2026-07-17T20:53:35.676103
figaro1854,bpt6k2962330,,failed,0,0,,no_usable_pages,known,,,bpt6k2962330: no usable pages in manifest.,2026-07-17T20:53:35.803857
figaro1854,bpt6k296234c,,failed,0,0,,no_usable_pages,known,,,bpt6k296234c: no usable pages in manifest.,2026-07-17T20:53:35.945234
figaro1854,bpt6k296235r,,failed,0,0,,no_usable_pages,known,,,bpt6k296235r: no usable pages in manifest.,2026-07-17T20:53:36.110418
figaro1854,bpt6k2962364,,failed,0,0,,no_usable_pages,known,,,bpt6k2962364: no usable pages in manifest.,2026-07-17T20:53:36.329285
figaro1854,bpt6k296238w,,failed,0,0,,no_usable_pages,known,,,bpt6k296238w: no usable pages in manifest.,2026-07-17T20:53:36.554596
figaro1854,bpt6k2962398,,failed,0,0,,no_usable_pages,known,,,bpt6k2962398: no usable pages in manifest.,2026-07-17T20:53:36.784447
figaro1854,bpt6k2962406,,failed,0,0,,no_usable_pages,known,,,bpt6k2962406: no usable pages in manifest.,2026-07-17T20:53:36.960717
figaro1854,bpt6k296241k,,failed,0,0,,no_usable_pages,known,,,bpt6k296241k: no usable pages in manifest.,2026-07-17T20:53:37.156376
figaro1854,bpt6k296243b,,failed,0,0,,no_usable_pages,known,,,bpt6k296243b: no usable pages in manifest.,2026-07-17T20:53:37.350032
figaro1854,bpt6k296244q,,failed,0,0,,no_usable_pages,known,,,bpt6k296244q: no usable pages in manifest.,2026-07-17T20:53:37.501286
figaro1854,bpt6k2962453,,failed,0,0,,no_usable_pages,known,,,bpt6k2962453: no usable pages in manifest.,2026-07-17T20:53:37.689319
figaro1854,bpt6k296246g,,failed,0,0,,no_usable_pages,known,,,bpt6k296246g: no usable pages in manifest.,2026-07-17T20:53:37.861833
figaro1854,bpt6k296247v,,failed,0,0,,no_usable_pages,known,,,bpt6k296247v: no usable pages in manifest.,2026-07-17T20:53:38.003864
figaro1854,bpt6k2962487,,failed,0,0,,no_usable_pages,known,,,bpt6k2962487: no usable pages in manifest.,2026-07-17T20:53:38.172944
figaro1854,bpt6k296249m,,failed,0,0,,no_usable_pages,known,,,bpt6k296249m: no usable pages in manifest.,2026-07-17T20:53:38.379162
figaro1854,bpt6k296250j,,failed,0,0,,no_usable_pages,known,,,bpt6k296250j: no usable pages in manifest.,2026-07-17T20:53:38.531715
figaro1854,bpt6k296251x,,failed,0,0,,no_usable_pages,known,,,bpt6k296251x: no usable pages in manifest.,2026-07-17T20:53:38.816036
figaro1854,bpt6k296253p,,failed,0,0,,no_usable_pages,known,,,bpt6k296253p: no usable pages in manifest.,2026-07-17T20:53:38.977004
figaro1854,bpt6k2962542,,failed,0,0,,no_usable_pages,known,,,bpt6k2962542: no usable pages in manifest.,2026-07-17T20:53:39.155536
figaro1854,bpt6k296256t,,failed,0,0,,no_usable_pages,known,,,bpt6k296256t: no usable pages in manifest.,2026-07-17T20:53:39.310265
figaro1854,bpt6k2962576,,failed,0,0,,no_usable_pages,known,,,bpt6k2962576: no usable pages in manifest.,2026-07-17T20:53:39.503957
figaro1854,bpt6k296258k,,failed,0,0,,no_usable_pages,known,,,bpt6k296258k: no usable pages in manifest.,2026-07-17T20:53:39.667545
figaro1854,bpt6k2962618,,failed,0,0,,no_usable_pages,known,,,bpt6k2962618: no usable pages in manifest.,2026-07-17T20:53:39.885936
figaro1854,bpt6k296262n,,failed,0,0,,no_usable_pages,known,,,bpt6k296262n: no usable pages in manifest.,2026-07-17T20:53:40.049416
figaro1854,bpt6k2962631,,failed,0,0,,no_usable_pages,known,,,bpt6k2962631: no usable pages in manifest.,2026-07-17T20:53:40.227887
figaro1854,bpt6k296264d,,failed,0,0,,no_usable_pages,known,,,bpt6k296264d: no usable pages in manifest.,2026-07-17T20:53:40.381398
figaro1854,bpt6k296265s,,failed,0,0,,no_usable_pages,known,,,bpt6k296265s: no usable pages in manifest.,2026-07-17T20:53:40.670748
figaro1854,bpt6k2962665,,failed,0,0,,no_usable_pages,known,,,bpt6k2962665: no usable pages in manifest.,2026-07-17T20:53:40.971112
figaro1854,bpt6k296267j,,failed,0,0,,no_usable_pages,known,,,bpt6k296267j: no usable pages in manifest.,2026-07-17T20:53:41.164371
figaro1854,bpt6k296268x,,failed,0,0,,no_usable_pages,known,,,bpt6k296268x: no usable pages in manifest.,2026-07-17T20:53:41.322707
figaro1854,bpt6k2962707,,failed,0,0,,no_usable_pages,known,,,bpt6k2962707: no usable pages in manifest.,2026-07-17T20:53:41.493344
figaro1854,bpt6k296271m,,failed,0,0,,no_usable_pages,known,,,bpt6k296271m: no usable pages in manifest.,2026-07-17T20:53:41.662221
figaro1854,bpt6k2962720,,failed,0,0,,no_usable_pages,known,,,bpt6k2962720: no usable pages in manifest.,2026-07-17T20:53:41.786588
figaro1854,bpt6k296273c,,failed,0,0,,no_usable_pages,known,,,bpt6k296273c: no usable pages in manifest.,2026-07-17T20:53:42.020869
figaro1854,bpt6k2964497,,failed,0,0,,no_usable_pages,known,,,bpt6k2964497: no usable pages in manifest.,2026-07-17T20:53:42.259860
figaro1854,bpt6k2964628,,failed,0,0,,no_usable_pages,known,,,bpt6k2964628: no usable pages in manifest.,2026-07-17T20:53:42.372166
figaro1854,bpt6k2970464,,failed,0,0,,no_usable_pages,known,,,bpt6k2970464: no usable pages in manifest.,2026-07-17T20:53:42.560727
figaro1854,bpt6k297204m,,failed,0,0,,no_usable_pages,known,,,bpt6k297204m: no usable pages in manifest.,2026-07-17T20:53:42.780534
figaro1854,bpt6k297206c,,failed,0,0,,no_usable_pages,known,,,bpt6k297206c: no usable pages in manifest.,2026-07-17T20:53:43.011985
figaro1854,bpt6k297207r,,failed,0,0,,no_usable_pages,known,,,bpt6k297207r: no usable pages in manifest.,2026-07-17T20:53:43.207458
figaro1854,bpt6k2972084,,failed,0,0,,no_usable_pages,known,,,bpt6k2972084: no usable pages in manifest.,2026-07-17T20:53:43.370895
figaro1854,bpt6k297209h,,failed,0,0,,no_usable_pages,known,,,bpt6k297209h: no usable pages in manifest.,2026-07-17T20:53:43.543420
figaro1854,bpt6k297210f,,failed,0,0,,no_usable_pages,known,,,bpt6k297210f: no usable pages in manifest.,2026-07-17T20:53:43.767619
figaro1854,bpt6k297211t,,failed,0,0,,no_usable_pages,known,,,bpt6k297211t: no usable pages in manifest.,2026-07-17T20:53:43.925362
figaro1854,bpt6k2972126,,failed,0,0,,no_usable_pages,known,,,bpt6k2972126: no usable pages in manifest.,2026-07-17T20:53:44.156272
figaro1854,bpt6k297279x,,failed,0,0,,no_usable_pages,known,,,bpt6k297279x: no usable pages in manifest.,2026-07-17T20:53:44.359660
figaro1854,bpt6k297288w,,failed,0,0,,no_usable_pages,known,,,bpt6k297288w: no usable pages in manifest.,2026-07-17T20:53:44.562572
figaro1854,bpt6k297293b,,failed,0,0,,no_usable_pages,known,,,bpt6k297293b: no usable pages in manifest.,2026-07-17T20:53:44.790096
figaro1854,bpt6k2972987,,failed,0,0,,no_usable_pages,known,,,bpt6k2972987: no usable pages in manifest.,2026-07-17T20:53:45.196493
figaro1854,bpt6k297304x,,failed,0,0,,no_usable_pages,known,,,bpt6k297304x: no usable pages in manifest.,2026-07-17T20:53:45.416621
figaro1854,bpt6k297312h,,failed,0,0,,no_usable_pages,known,,,bpt6k297312h: no usable pages in manifest.,2026-07-17T20:53:45.599328
figaro1854,bpt6k297313w,,failed,0,0,,no_usable_pages,known,,,bpt6k297313w: no usable pages in manifest.,2026-07-17T20:53:45.741593
figaro1854,bpt6k2973148,,failed,0,0,,no_usable_pages,known,,,bpt6k2973148: no usable pages in manifest.,2026-07-17T20:53:45.906737
figaro1854,bpt6k297315n,,failed,0,0,,no_usable_pages,known,,,bpt6k297315n: no usable pages in manifest.,2026-07-17T20:53:46.104159
figaro1854,bpt6k2973161,,failed,0,0,,no_usable_pages,known,,,bpt6k2973161: no usable pages in manifest.,2026-07-17T20:53:46.297308
figaro1854,bpt6k297317d,,failed,0,0,,no_usable_pages,known,,,bpt6k297317d: no usable pages in manifest.,2026-07-17T20:53:46.516811
figaro1854,bpt6k297318s,,failed,0,0,,no_usable_pages,known,,,bpt6k297318s: no usable pages in manifest.,2026-07-17T20:53:46.715422
figaro1854,bpt6k2973195,,failed,0,0,,no_usable_pages,known,,,bpt6k2973195: no usable pages in manifest.,2026-07-17T20:53:47.094503
figaro1854,bpt6k2973203,,failed,0,0,,no_usable_pages,known,,,bpt6k2973203: no usable pages in manifest.,2026-07-17T20:53:47.358089
figaro1854,bpt6k297321g,,failed,0,0,,no_usable_pages,known,,,bpt6k297321g: no usable pages in manifest.,2026-07-17T20:53:47.518427
figaro1854,bpt6k297324m,,failed,0,0,,no_usable_pages,known,,,bpt6k297324m: no usable pages in manifest.,2026-07-17T20:53:47.669112
figaro1854,bpt6k2973250,,failed,0,0,,no_usable_pages,known,,,bpt6k2973250: no usable pages in manifest.,2026-07-17T20:53:47.800429
figaro1854,bpt6k297326c,,failed,0,0,,no_usable_pages,known,,,bpt6k297326c: no usable pages in manifest.,2026-07-17T20:53:47.983035
figaro1854,bpt6k297327r,,failed,0,0,,no_usable_pages,known,,,bpt6k297327r: no usable pages in manifest.,2026-07-17T20:53:48.154518
figaro1854,bpt6k2973284,,failed,0,0,,no_usable_pages,known,,,bpt6k2973284: no usable pages in manifest.,2026-07-17T20:53:48.431315
figaro1854,bpt6k297329h,,failed,0,0,,no_usable_pages,known,,,bpt6k297329h: no usable pages in manifest.,2026-07-17T20:53:48.683517
figaro1854,bpt6k297330f,,failed,0,0,,no_usable_pages,known,,,bpt6k297330f: no usable pages in manifest.,2026-07-17T20:53:48.921908
figaro1854,bpt6k297331t,,failed,0,0,,no_usable_pages,known,,,bpt6k297331t: no usable pages in manifest.,2026-07-17T20:53:49.414972
figaro1854,bpt6k2973326,,failed,0,0,,no_usable_pages,known,,,bpt6k2973326: no usable pages in manifest.,2026-07-17T20:53:49.599173
figaro1854,bpt6k297333k,,failed,0,0,,no_usable_pages,known,,,bpt6k297333k: no usable pages in manifest.,2026-07-17T20:53:49.853355
figaro1854,bpt6k297334z,,failed,0,0,,no_usable_pages,known,,,bpt6k297334z: no usable pages in manifest.,2026-07-17T20:53:50.038111
figaro1854,bpt6k297335b,,failed,0,0,,no_usable_pages,known,,,bpt6k297335b: no usable pages in manifest.,2026-07-17T20:53:50.146263
figaro1854,bpt6k297336q,,failed,0,0,,no_usable_pages,known,,,bpt6k297336q: no usable pages in manifest.,2026-07-17T20:53:50.331010
figaro1854,bpt6k2973373,,failed,0,0,,no_usable_pages,known,,,bpt6k2973373: no usable pages in manifest.,2026-07-17T20:53:50.534487
figaro1854,bpt6k297338g,,failed,0,0,,no_usable_pages,known,,,bpt6k297338g: no usable pages in manifest.,2026-07-17T20:53:50.700337
figaro1854,bpt6k297340s,,failed,0,0,,no_usable_pages,known,,,bpt6k297340s: no usable pages in manifest.,2026-07-17T20:53:50.913751
figaro1854,bpt6k2973415,,failed,0,0,,no_usable_pages,known,,,bpt6k2973415: no usable pages in manifest.,2026-07-17T20:53:51.062463
figaro1854,bpt6k297345p,,failed,0,0,,no_usable_pages,known,,,bpt6k297345p: no usable pages in manifest.,2026-07-17T20:53:51.272404
figaro1854,bpt6k2973504,,failed,0,0,,no_usable_pages,known,,,bpt6k2973504: no usable pages in manifest.,2026-07-17T20:53:51.451681
figaro1854,bpt6k2973551,,failed,0,0,,no_usable_pages,known,,,bpt6k2973551: no usable pages in manifest.,2026-07-17T20:53:51.720518
figaro1854,bpt6k297357s,,failed,0,0,,no_usable_pages,known,,,bpt6k297357s: no usable pages in manifest.,2026-07-17T20:53:51.939208
figaro1854,bpt6k2973585,,failed,0,0,,no_usable_pages,known,,,bpt6k2973585: no usable pages in manifest.,2026-07-17T20:53:52.074735
figaro1854,bpt6k297359j,,failed,0,0,,no_usable_pages,known,,,bpt6k297359j: no usable pages in manifest.,2026-07-17T20:53:52.301774
figaro1854,bpt6k2973627,,failed,0,0,,no_usable_pages,known,,,bpt6k2973627: no usable pages in manifest.,2026-07-17T20:53:52.429874
figaro1854,bpt6k297363m,,failed,0,0,,no_usable_pages,known,,,bpt6k297363m: no usable pages in manifest.,2026-07-17T20:53:52.590422
figaro1854,bpt6k297365c,,failed,0,0,,no_usable_pages,known,,,bpt6k297365c: no usable pages in manifest.,2026-07-17T20:53:52.827415
figaro1854,bpt6k297366r,,failed,0,0,,no_usable_pages,known,,,bpt6k297366r: no usable pages in manifest.,2026-07-17T20:53:53.079209
figaro1854,bpt6k2973674,,failed,0,0,,no_usable_pages,known,,,bpt6k2973674: no usable pages in manifest.,2026-07-17T20:53:53.283392
figaro1854,bpt6k297368h,,failed,0,0,,no_usable_pages,known,,,bpt6k297368h: no usable pages in manifest.,2026-07-17T20:53:53.536728
figaro1854,bpt6k297370t,,failed,0,0,,no_usable_pages,known,,,bpt6k297370t: no usable pages in manifest.,2026-07-17T20:53:53.703560
figaro1854,bpt6k2973716,,failed,0,0,,no_usable_pages,known,,,bpt6k2973716: no usable pages in manifest.,2026-07-17T20:53:53.924429
figaro1854,bpt6k297373z,,failed,0,0,,no_usable_pages,known,,,bpt6k297373z: no usable pages in manifest.,2026-07-17T20:53:54.122640
figaro1854,bpt6k297374b,,failed,0,0,,no_usable_pages,known,,,bpt6k297374b: no usable pages in manifest.,2026-07-17T20:53:54.278928
figaro1854,bpt6k297375q,,failed,0,0,,no_usable_pages,known,,,bpt6k297375q: no usable pages in manifest.,2026-07-17T20:53:54.461253
figaro1854,bpt6k297377g,,failed,0,0,,no_usable_pages,known,,,bpt6k297377g: no usable pages in manifest.,2026-07-17T20:53:54.640289
figaro1854,bpt6k2973797,,failed,0,0,,no_usable_pages,known,,,bpt6k2973797: no usable pages in manifest.,2026-07-17T20:53:54.839333
figaro1854,bpt6k2973805,,failed,0,0,,no_usable_pages,known,,,bpt6k2973805: no usable pages in manifest.,2026-07-17T20:53:55.134031
figaro1854,bpt6k297381j,,failed,0,0,,no_usable_pages,known,,,bpt6k297381j: no usable pages in manifest.,2026-07-17T20:53:55.331868
figaro1854,bpt6k2973839,,failed,0,0,,no_usable_pages,known,,,bpt6k2973839: no usable pages in manifest.,2026-07-17T20:53:55.504042
figaro1854,bpt6k2973852,,failed,0,0,,no_usable_pages,known,,,bpt6k2973852: no usable pages in manifest.,2026-07-17T20:53:55.674712
figaro1854,bpt6k2973886,,failed,0,0,,no_usable_pages,known,,,bpt6k2973886: no usable pages in manifest.,2026-07-17T20:53:55.815495
figaro1854,bpt6k297390h,,failed,0,0,,no_usable_pages,known,,,bpt6k297390h: no usable pages in manifest.,2026-07-17T20:53:55.954616
figaro1854,bpt6k297391w,,failed,0,0,,no_usable_pages,known,,,bpt6k297391w: no usable pages in manifest.,2026-07-17T20:53:56.189434
figaro1854,bpt6k2973941,,failed,0,0,,no_usable_pages,known,,,bpt6k2973941: no usable pages in manifest.,2026-07-17T20:53:56.389447
figaro1854,bpt6k297395d,,failed,0,0,,no_usable_pages,known,,,bpt6k297395d: no usable pages in manifest.,2026-07-17T20:53:56.567324
figaro1854,bpt6k2973975,,failed,0,0,,no_usable_pages,known,,,bpt6k2973975: no usable pages in manifest.,2026-07-17T20:53:56.791887
figaro1854,bpt6k297398j,,failed,0,0,,no_usable_pages,known,,,bpt6k297398j: no usable pages in manifest.,2026-07-17T20:53:57.010031
figaro1854,bpt6k297399x,,failed,0,0,,no_usable_pages,known,,,bpt6k297399x: no usable pages in manifest.,2026-07-17T20:53:57.357757
figaro1854,bpt6k297400q,,failed,0,0,,no_usable_pages,known,,,bpt6k297400q: no usable pages in manifest.,2026-07-17T20:53:57.548477
figaro1854,bpt6k2974013,,failed,0,0,,no_usable_pages,known,,,bpt6k2974013: no usable pages in manifest.,2026-07-17T20:53:57.664590
figaro1854,bpt6k297402g,,failed,0,0,,no_usable_pages,known,,,bpt6k297402g: no usable pages in manifest.,2026-07-17T20:53:57.787976
figaro1854,bpt6k2974047,,failed,0,0,,no_usable_pages,known,,,bpt6k2974047: no usable pages in manifest.,2026-07-17T20:53:57.941199
figaro1854,bpt6k297407c,,failed,0,0,,no_usable_pages,known,,,bpt6k297407c: no usable pages in manifest.,2026-07-17T20:53:58.089129
figaro1854,bpt6k297408r,,failed,0,0,,no_usable_pages,known,,,bpt6k297408r: no usable pages in manifest.,2026-07-17T20:53:58.292209
figaro1854,bpt6k2974094,,failed,0,0,,no_usable_pages,known,,,bpt6k2974094: no usable pages in manifest.,2026-07-17T20:53:58.466750
figaro1854,bpt6k2974102,,failed,0,0,,no_usable_pages,known,,,bpt6k2974102: no usable pages in manifest.,2026-07-17T20:53:58.667126
figaro1854,bpt6k297411f,,failed,0,0,,no_usable_pages,known,,,bpt6k297411f: no usable pages in manifest.,2026-07-17T20:53:58.830219
figaro1854,bpt6k297412t,,failed,0,0,,no_usable_pages,known,,,bpt6k297412t: no usable pages in manifest.,2026-07-17T20:53:58.982032
figaro1854,bpt6k2974136,,failed,0,0,,no_usable_pages,known,,,bpt6k2974136: no usable pages in manifest.,2026-07-17T20:53:59.148100
figaro1854,bpt6k297414k,,failed,0,0,,no_usable_pages,known,,,bpt6k297414k: no usable pages in manifest.,2026-07-17T20:53:59.446813
figaro1854,bpt6k297415z,,failed,0,0,,no_usable_pages,known,,,bpt6k297415z: no usable pages in manifest.,2026-07-17T20:53:59.839600
figaro1854,bpt6k297416b,,failed,0,0,,no_usable_pages,known,,,bpt6k297416b: no usable pages in manifest.,2026-07-17T20:54:00.014954
figaro1854,bpt6k297417q,,failed,0,0,,no_usable_pages,known,,,bpt6k297417q: no usable pages in manifest.,2026-07-17T20:54:00.177922
figaro1854,bpt6k297419g,,failed,0,0,,no_usable_pages,known,,,bpt6k297419g: no usable pages in manifest.,2026-07-17T20:54:00.356243
figaro1854,bpt6k297420d,,failed,0,0,,no_usable_pages,known,,,bpt6k297420d: no usable pages in manifest.,2026-07-17T20:54:00.508551
figaro1854,bpt6k297421s,,failed,0,0,,no_usable_pages,known,,,bpt6k297421s: no usable pages in manifest.,2026-07-17T20:54:00.680227
figaro1854,bpt6k2974225,,failed,0,0,,no_usable_pages,known,,,bpt6k2974225: no usable pages in manifest.,2026-07-17T20:54:00.841055
figaro1854,bpt6k297423j,,failed,0,0,,no_usable_pages,known,,,bpt6k297423j: no usable pages in manifest.,2026-07-17T20:54:01.009298
figaro1854,bpt6k297424x,,failed,0,0,,no_usable_pages,known,,,bpt6k297424x: no usable pages in manifest.,2026-07-17T20:54:01.175747
figaro1854,bpt6k2974259,,failed,0,0,,no_usable_pages,known,,,bpt6k2974259: no usable pages in manifest.,2026-07-17T20:54:01.311728
figaro1854,bpt6k297426p,,failed,0,0,,no_usable_pages,known,,,bpt6k297426p: no usable pages in manifest.,2026-07-17T20:54:01.667850
figaro1854,bpt6k2974272,,failed,0,0,,no_usable_pages,known,,,bpt6k2974272: no usable pages in manifest.,2026-07-17T20:54:01.825803
figaro1854,bpt6k297428f,,failed,0,0,,no_usable_pages,known,,,bpt6k297428f: no usable pages in manifest.,2026-07-17T20:54:01.984968
figaro1854,bpt6k297429t,,failed,0,0,,no_usable_pages,known,,,bpt6k297429t: no usable pages in manifest.,2026-07-17T20:54:02.128946
figaro1854,bpt6k297430r,,failed,0,0,,no_usable_pages,known,,,bpt6k297430r: no usable pages in manifest.,2026-07-17T20:54:02.277725
figaro1854,bpt6k297432h,,failed,0,0,,no_usable_pages,known,,,bpt6k297432h: no usable pages in manifest.,2026-07-17T20:54:02.422099
figaro1854,bpt6k297433w,,failed,0,0,,no_usable_pages,known,,,bpt6k297433w: no usable pages in manifest.,2026-07-17T20:54:02.616709
figaro1854,bpt6k2974348,,failed,0,0,,no_usable_pages,known,,,bpt6k2974348: no usable pages in manifest.,2026-07-17T20:54:02.799504
figaro1854,bpt6k297438s,,failed,0,0,,no_usable_pages,known,,,bpt6k297438s: no usable pages in manifest.,2026-07-17T20:54:03.033641
figaro1854,bpt6k2974395,,failed,0,0,,no_usable_pages,known,,,bpt6k2974395: no usable pages in manifest.,2026-07-17T20:54:03.353572
figaro1854,bpt6k2974403,,failed,0,0,,no_usable_pages,known,,,bpt6k2974403: no usable pages in manifest.,2026-07-17T20:54:03.737649
figaro1854,bpt6k297441g,,failed,0,0,,no_usable_pages,known,,,bpt6k297441g: no usable pages in manifest.,2026-07-17T20:54:03.892117
figaro1854,bpt6k297442v,,failed,0,0,,no_usable_pages,known,,,bpt6k297442v: no usable pages in manifest.,2026-07-17T20:54:04.110661
figaro1854,bpt6k297444m,,failed,0,0,,no_usable_pages,known,,,bpt6k297444m: no usable pages in manifest.,2026-07-17T20:54:04.284365
figaro1854,bpt6k2974437,,failed,0,0,,no_usable_pages,known,,,bpt6k2974437: no usable pages in manifest.,2026-07-17T20:54:04.479989
figaro1854,bpt6k2974484,,failed,0,0,,no_usable_pages,known,,,bpt6k2974484: no usable pages in manifest.,2026-07-17T20:54:04.648564
figaro1854,bpt6k297449h,,failed,0,0,,no_usable_pages,known,,,bpt6k297449h: no usable pages in manifest.,2026-07-17T20:54:04.919095
figaro1854,bpt6k297450f,,failed,0,0,,no_usable_pages,known,,,bpt6k297450f: no usable pages in manifest.,2026-07-17T20:54:05.067823
figaro1854,bpt6k297451t,,failed,0,0,,no_usable_pages,known,,,bpt6k297451t: no usable pages in manifest.,2026-07-17T20:54:05.179134
figaro1854,bpt6k2974526,,failed,0,0,,no_usable_pages,known,,,bpt6k2974526: no usable pages in manifest.,2026-07-17T20:54:05.448766
figaro1854,bpt6k297453k,,failed,0,0,,no_usable_pages,known,,,bpt6k297453k: no usable pages in manifest.,2026-07-17T20:54:05.650742
figaro1854,bpt6k297454z,,failed,0,0,,no_usable_pages,known,,,bpt6k297454z: no usable pages in manifest.,2026-07-17T20:54:05.792445
figaro1854,bpt6k297455b,,failed,0,0,,no_usable_pages,known,,,bpt6k297455b: no usable pages in manifest.,2026-07-17T20:54:06.027470
figaro1854,bpt6k297456q,,failed,0,0,,no_usable_pages,known,,,bpt6k297456q: no usable pages in manifest.,2026-07-17T20:54:06.149559
figaro1854,bpt6k2974573,,failed,0,0,,no_usable_pages,known,,,bpt6k2974573: no usable pages in manifest.,2026-07-17T20:54:06.298830
figaro1854,bpt6k297458g,,failed,0,0,,no_usable_pages,known,,,bpt6k297458g: no usable pages in manifest.,2026-07-17T20:54:06.422033
figaro1854,bpt6k297459v,,failed,0,0,,no_usable_pages,known,,,bpt6k297459v: no usable pages in manifest.,2026-07-17T20:54:06.525198
figaro1854,bpt6k297460s,,failed,0,0,,no_usable_pages,known,,,bpt6k297460s: no usable pages in manifest.,2026-07-17T20:54:06.683047
figaro1854,bpt6k2974615,,failed,0,0,,no_usable_pages,known,,,bpt6k2974615: no usable pages in manifest.,2026-07-17T20:54:06.871534
figaro1854,bpt6k297462j,,failed,0,0,,no_usable_pages,known,,,bpt6k297462j: no usable pages in manifest.,2026-07-17T20:54:07.132981
figaro1854,bpt6k297463x,,failed,0,0,,no_usable_pages,known,,,bpt6k297463x: no usable pages in manifest.,2026-07-17T20:54:07.294062
figaro1854,bpt6k2974649,,failed,0,0,,no_usable_pages,known,,,bpt6k2974649: no usable pages in manifest.,2026-07-17T20:54:07.503910
figaro1854,bpt6k297465p,,failed,0,0,,no_usable_pages,known,,,bpt6k297465p: no usable pages in manifest.,2026-07-17T20:54:07.799799
figaro1854,bpt6k2974662,,failed,0,0,,no_usable_pages,known,,,bpt6k2974662: no usable pages in manifest.,2026-07-17T20:54:07.979033
figaro1854,bpt6k297467f,,failed,0,0,,no_usable_pages,known,,,bpt6k297467f: no usable pages in manifest.,2026-07-17T20:54:08.193064
figaro1854,bpt6k297468t,,failed,0,0,,no_usable_pages,known,,,bpt6k297468t: no usable pages in manifest.,2026-07-17T20:54:08.360036
figaro1854,bpt6k2974696,,failed,0,0,,no_usable_pages,known,,,bpt6k2974696: no usable pages in manifest.,2026-07-17T20:54:08.526825
figaro1854,bpt6k2974704,,failed,0,0,,no_usable_pages,known,,,bpt6k2974704: no usable pages in manifest.,2026-07-17T20:54:08.677065
figaro1854,bpt6k297471h,,failed,0,0,,no_usable_pages,known,,,bpt6k297471h: no usable pages in manifest.,2026-07-17T20:54:08.875586
figaro1854,bpt6k297472w,,failed,0,0,,no_usable_pages,known,,,bpt6k297472w: no usable pages in manifest.,2026-07-17T20:54:09.040448
figaro1854,bpt6k2974738,,failed,0,0,,no_usable_pages,known,,,bpt6k2974738: no usable pages in manifest.,2026-07-17T20:54:09.270507
figaro1854,bpt6k297474n,,failed,0,0,,no_usable_pages,known,,,bpt6k297474n: no usable pages in manifest.,2026-07-17T20:54:09.490970
figaro1854,bpt6k2974751,,failed,0,0,,no_usable_pages,known,,,bpt6k2974751: no usable pages in manifest.,2026-07-17T20:54:09.678487
figaro1854,bpt6k297476d,,failed,0,0,,no_usable_pages,known,,,bpt6k297476d: no usable pages in manifest.,2026-07-17T20:54:09.913519
figaro1854,bpt6k297477s,,failed,0,0,,no_usable_pages,known,,,bpt6k297477s: no usable pages in manifest.,2026-07-17T20:54:10.141489
figaro1854,bpt6k2974785,,failed,0,0,,no_usable_pages,known,,,bpt6k2974785: no usable pages in manifest.,2026-07-17T20:54:10.402415
figaro1854,bpt6k297479j,,failed,0,0,,no_usable_pages,known,,,bpt6k297479j: no usable pages in manifest.,2026-07-17T20:54:10.603170
figaro1854,bpt6k297480g,,failed,0,0,,no_usable_pages,known,,,bpt6k297480g: no usable pages in manifest.,2026-07-17T20:54:10.772305
figaro1854,bpt6k297481v,,failed,0,0,,no_usable_pages,known,,,bpt6k297481v: no usable pages in manifest.,2026-07-17T20:54:10.927773
figaro1854,bpt6k2974827,,failed,0,0,,no_usable_pages,known,,,bpt6k2974827: no usable pages in manifest.,2026-07-17T20:54:11.132598
figaro1854,bpt6k297483m,,failed,0,0,,no_usable_pages,known,,,bpt6k297483m: no usable pages in manifest.,2026-07-17T20:54:11.375123
figaro1854,bpt6k2974840,,failed,0,0,,no_usable_pages,known,,,bpt6k2974840: no usable pages in manifest.,2026-07-17T20:54:11.543894
figaro1854,bpt6k297485c,,failed,0,0,,no_usable_pages,known,,,bpt6k297485c: no usable pages in manifest.,2026-07-17T20:54:11.727195
figaro1854,bpt6k297486r,,failed,0,0,,no_usable_pages,known,,,bpt6k297486r: no usable pages in manifest.,2026-07-17T20:54:11.905147
figaro1854,bpt6k2974874,,failed,0,0,,no_usable_pages,known,,,bpt6k2974874: no usable pages in manifest.,2026-07-17T20:54:12.055125
figaro1854,bpt6k297488h,,failed,0,0,,no_usable_pages,known,,,bpt6k297488h: no usable pages in manifest.,2026-07-17T20:54:12.238950
figaro1854,bpt6k297489w,,failed,0,0,,no_usable_pages,known,,,bpt6k297489w: no usable pages in manifest.,2026-07-17T20:54:12.493939
figaro1854,bpt6k297490t,,failed,0,0,,no_usable_pages,known,,,bpt6k297490t: no usable pages in manifest.,2026-07-17T20:54:12.724094
figaro1854,bpt6k2974916,,failed,0,0,,no_usable_pages,known,,,bpt6k2974916: no usable pages in manifest.,2026-07-17T20:54:12.908250
figaro1854,bpt6k297492k,,failed,0,0,,no_usable_pages,known,,,bpt6k297492k: no usable pages in manifest.,2026-07-17T20:54:13.067174
figaro1854,bpt6k297493z,,failed,0,0,,no_usable_pages,known,,,bpt6k297493z: no usable pages in manifest.,2026-07-17T20:54:13.205349
figaro1854,bpt6k297494b,,failed,0,0,,no_usable_pages,known,,,bpt6k297494b: no usable pages in manifest.,2026-07-17T20:54:13.362210
figaro1854,bpt6k297495q,,failed,0,0,,no_usable_pages,known,,,bpt6k297495q: no usable pages in manifest.,2026-07-17T20:54:13.567442
figaro1854,bpt6k2974963,,failed,0,0,,no_usable_pages,known,,,bpt6k2974963: no usable pages in manifest.,2026-07-17T20:54:13.741760
figaro1854,bpt6k297497g,,failed,0,0,,no_usable_pages,known,,,bpt6k297497g: no usable pages in manifest.,2026-07-17T20:54:13.922091
figaro1854,bpt6k297498v,,failed,0,0,,no_usable_pages,known,,,bpt6k297498v: no usable pages in manifest.,2026-07-17T20:54:14.179471
figaro1854,bpt6k2974997,,failed,0,0,,no_usable_pages,known,,,bpt6k2974997: no usable pages in manifest.,2026-07-17T20:54:14.361140
figaro1854,bpt6k2975001,,failed,0,0,,no_usable_pages,known,,,bpt6k2975001: no usable pages in manifest.,2026-07-17T20:54:14.601069
figaro1854,bpt6k297501d,,failed,0,0,,no_usable_pages,known,,,bpt6k297501d: no usable pages in manifest.,2026-07-17T20:54:14.818938
figaro1854,bpt6k297502s,,failed,0,0,,no_usable_pages,known,,,bpt6k297502s: no usable pages in manifest.,2026-07-17T20:54:15.029668
figaro1854,bpt6k2975035,,failed,0,0,,no_usable_pages,known,,,bpt6k2975035: no usable pages in manifest.,2026-07-17T20:54:15.335904
figaro1854,bpt6k297504j,,failed,0,0,,no_usable_pages,known,,,bpt6k297504j: no usable pages in manifest.,2026-07-17T20:54:15.554823
figaro1854,bpt6k297505x,,failed,0,0,,no_usable_pages,known,,,bpt6k297505x: no usable pages in manifest.,2026-07-17T20:54:15.854735
figaro1854,bpt6k2975069,,failed,0,0,,no_usable_pages,known,,,bpt6k2975069: no usable pages in manifest.,2026-07-17T20:54:16.031411
figaro1854,bpt6k297507p,,failed,0,0,,no_usable_pages,known,,,bpt6k297507p: no usable pages in manifest.,2026-07-17T20:54:16.264235
figaro1854,bpt6k2975082,,failed,0,0,,no_usable_pages,known,,,bpt6k2975082: no usable pages in manifest.,2026-07-17T20:54:16.409763
figaro1854,bpt6k297509f,,failed,0,0,,no_usable_pages,known,,,bpt6k297509f: no usable pages in manifest.,2026-07-17T20:54:16.575510
figaro1854,bpt6k297510c,,failed,0,0,,no_usable_pages,known,,,bpt6k297510c: no usable pages in manifest.,2026-07-17T20:54:16.816249
figaro1854,bpt6k297511r,,failed,0,0,,no_usable_pages,known,,,bpt6k297511r: no usable pages in manifest.,2026-07-17T20:54:16.997377
figaro1854,bpt6k2975124,,failed,0,0,,no_usable_pages,known,,,bpt6k2975124: no usable pages in manifest.,2026-07-17T20:54:17.209323
figaro1854,bpt6k297513h,,failed,0,0,,no_usable_pages,known,,,bpt6k297513h: no usable pages in manifest.,2026-07-17T20:54:17.437893
figaro1854,bpt6k297514w,,failed,0,0,,no_usable_pages,known,,,bpt6k297514w: no usable pages in manifest.,2026-07-17T20:54:17.626075
figaro1854,bpt6k2975158,,failed,0,0,,no_usable_pages,known,,,bpt6k2975158: no usable pages in manifest.,2026-07-17T20:54:17.834850
figaro1854,bpt6k297516n,,failed,0,0,,no_usable_pages,known,,,bpt6k297516n: no usable pages in manifest.,2026-07-17T20:54:18.048652
figaro1854,bpt6k2975171,,failed,0,0,,no_usable_pages,known,,,bpt6k2975171: no usable pages in manifest.,2026-07-17T20:54:18.225963
figaro1854,bpt6k297518d,,failed,0,0,,no_usable_pages,known,,,bpt6k297518d: no usable pages in manifest.,2026-07-17T20:54:18.612676
figaro1854,bpt6k297519s,,failed,0,0,,no_usable_pages,known,,,bpt6k297519s: no usable pages in manifest.,2026-07-17T20:54:18.808529
figaro1854,bpt6k297520q,,failed,0,0,,no_usable_pages,known,,,bpt6k297520q: no usable pages in manifest.,2026-07-17T20:54:19.102671
figaro1854,bpt6k2975213,,failed,0,0,,no_usable_pages,known,,,bpt6k2975213: no usable pages in manifest.,2026-07-17T20:54:19.317977
figaro1854,bpt6k297522g,,failed,0,0,,no_usable_pages,known,,,bpt6k297522g: no usable pages in manifest.,2026-07-17T20:54:19.564758
figaro1854,bpt6k297523v,,failed,0,0,,no_usable_pages,known,,,bpt6k297523v: no usable pages in manifest.,2026-07-17T20:54:19.820129
figaro1854,bpt6k2975247,,failed,0,0,,no_usable_pages,known,,,bpt6k2975247: no usable pages in manifest.,2026-07-17T20:54:20.042232
figaro1854,bpt6k297525m,,failed,0,0,,no_usable_pages,known,,,bpt6k297525m: no usable pages in manifest.,2026-07-17T20:54:20.172976
figaro1854,bpt6k2975260,,failed,0,0,,no_usable_pages,known,,,bpt6k2975260: no usable pages in manifest.,2026-07-17T20:54:20.299117
figaro1854,bpt6k297527c,,failed,0,0,,no_usable_pages,known,,,bpt6k297527c: no usable pages in manifest.,2026-07-17T20:54:20.442140
figaro1854,bpt6k297528r,,failed,0,0,,no_usable_pages,known,,,bpt6k297528r: no usable pages in manifest.,2026-07-17T20:54:20.570324
figaro1854,bpt6k2975294,,failed,0,0,,no_usable_pages,known,,,bpt6k2975294: no usable pages in manifest.,2026-07-17T20:54:20.750487
figaro1854,bpt6k2975302,,failed,0,0,,no_usable_pages,known,,,bpt6k2975302: no usable pages in manifest.,2026-07-17T20:54:20.902858
figaro1854,bpt6k297531f,,failed,0,0,,no_usable_pages,known,,,bpt6k297531f: no usable pages in manifest.,2026-07-17T20:54:21.123628
figaro1854,bpt6k297532t,,failed,0,0,,no_usable_pages,known,,,bpt6k297532t: no usable pages in manifest.,2026-07-17T20:54:21.286088
figaro1854,bpt6k2975336,,failed,0,0,,no_usable_pages,known,,,bpt6k2975336: no usable pages in manifest.,2026-07-17T20:54:21.448202
figaro1854,bpt6k297534k,,failed,0,0,,no_usable_pages,known,,,bpt6k297534k: no usable pages in manifest.,2026-07-17T20:54:21.613562
figaro1854,bpt6k297535z,,failed,0,0,,no_usable_pages,known,,,bpt6k297535z: no usable pages in manifest.,2026-07-17T20:54:21.797865
figaro1854,bpt6k297536b,,failed,0,0,,no_usable_pages,known,,,bpt6k297536b: no usable pages in manifest.,2026-07-17T20:54:22.071356
figaro1854,bpt6k297537q,,failed,0,0,,no_usable_pages,known,,,bpt6k297537q: no usable pages in manifest.,2026-07-17T20:54:22.367763
figaro1854,bpt6k2975383,,failed,0,0,,no_usable_pages,known,,,bpt6k2975383: no usable pages in manifest.,2026-07-17T20:54:22.656033
figaro1854,bpt6k297539g,,failed,0,0,,no_usable_pages,known,,,bpt6k297539g: no usable pages in manifest.,2026-07-17T20:54:22.984947
figaro1854,bpt6k297540d,,failed,0,0,,no_usable_pages,known,,,bpt6k297540d: no usable pages in manifest.,2026-07-17T20:54:23.238338
figaro1854,bpt6k297541s,,failed,0,0,,no_usable_pages,known,,,bpt6k297541s: no usable pages in manifest.,2026-07-17T20:54:23.443249
figaro1854,bpt6k2975425,,failed,0,0,,no_usable_pages,known,,,bpt6k2975425: no usable pages in manifest.,2026-07-17T20:54:23.614000
figaro1854,bpt6k297543j,,failed,0,0,,no_usable_pages,known,,,bpt6k297543j: no usable pages in manifest.,2026-07-17T20:54:23.754016
figaro1854,bpt6k297544x,,failed,0,0,,no_usable_pages,known,,,bpt6k297544x: no usable pages in manifest.,2026-07-17T20:54:23.962000
figaro1854,bpt6k2975459,,failed,0,0,,no_usable_pages,known,,,bpt6k2975459: no usable pages in manifest.,2026-07-17T20:54:24.186189
figaro1854,bpt6k297546p,,failed,0,0,,no_usable_pages,known,,,bpt6k297546p: no usable pages in manifest.,2026-07-17T20:54:24.376896
figaro1854,bpt6k2975472,,failed,0,0,,no_usable_pages,known,,,bpt6k2975472: no usable pages in manifest.,2026-07-17T20:54:24.639033
figaro1854,bpt6k297548f,,failed,0,0,,no_usable_pages,known,,,bpt6k297548f: no usable pages in manifest.,2026-07-17T20:54:24.879984
figaro1854,bpt6k297549t,,failed,0,0,,no_usable_pages,known,,,bpt6k297549t: no usable pages in manifest.,2026-07-17T20:54:25.121260
figaro1854,bpt6k297550r,,failed,0,0,,no_usable_pages,known,,,bpt6k297550r: no usable pages in manifest.,2026-07-17T20:54:25.339225
figaro1854,bpt6k2975514,,failed,0,0,,no_usable_pages,known,,,bpt6k2975514: no usable pages in manifest.,2026-07-17T20:54:25.642358
figaro1854,bpt6k297552h,,failed,0,0,,no_usable_pages,known,,,bpt6k297552h: no usable pages in manifest.,2026-07-17T20:54:25.834193
figaro1854,bpt6k297553w,,failed,0,0,,no_usable_pages,known,,,bpt6k297553w: no usable pages in manifest.,2026-07-17T20:54:25.965634
figaro1854,bpt6k2975548,,failed,0,0,,no_usable_pages,known,,,bpt6k2975548: no usable pages in manifest.,2026-07-17T20:54:26.193419
figaro1854,bpt6k297555n,,failed,0,0,,no_usable_pages,known,,,bpt6k297555n: no usable pages in manifest.,2026-07-17T20:54:26.442076
figaro1854,bpt6k2975561,,failed,0,0,,no_usable_pages,known,,,bpt6k2975561: no usable pages in manifest.,2026-07-17T20:54:26.777570
figaro1854,bpt6k297557d,,failed,0,0,,no_usable_pages,known,,,bpt6k297557d: no usable pages in manifest.,2026-07-17T20:54:26.994058
figaro1854,bpt6k297558s,,failed,0,0,,no_usable_pages,known,,,bpt6k297558s: no usable pages in manifest.,2026-07-17T20:54:27.467392
figaro1854,bpt6k2975595,,failed,0,0,,no_usable_pages,known,,,bpt6k2975595: no usable pages in manifest.,2026-07-17T20:54:27.744914
figaro1854,bpt6k2975603,,failed,0,0,,no_usable_pages,known,,,bpt6k2975603: no usable pages in manifest.,2026-07-17T20:54:27.965958
figaro1854,bpt6k297561g,,failed,0,0,,no_usable_pages,known,,,bpt6k297561g: no usable pages in manifest.,2026-07-17T20:54:28.132270
figaro1854,bpt6k297562v,,failed,0,0,,no_usable_pages,known,,,bpt6k297562v: no usable pages in manifest.,2026-07-17T20:54:28.317840
figaro1854,bpt6k2975637,,failed,0,0,,no_usable_pages,known,,,bpt6k2975637: no usable pages in manifest.,2026-07-17T20:54:28.485740
figaro1854,bpt6k297564m,,failed,0,0,,no_usable_pages,known,,,bpt6k297564m: no usable pages in manifest.,2026-07-17T20:54:28.652585
figaro1854,bpt6k2975650,,failed,0,0,,no_usable_pages,known,,,bpt6k2975650: no usable pages in manifest.,2026-07-17T20:54:28.842319
figaro1854,bpt6k297566c,,failed,0,0,,no_usable_pages,known,,,bpt6k297566c: no usable pages in manifest.,2026-07-17T20:54:29.068499
figaro1854,bpt6k297567r,,failed,0,0,,no_usable_pages,known,,,bpt6k297567r: no usable pages in manifest.,2026-07-17T20:54:29.321096
figaro1854,bpt6k2975684,,failed,0,0,,no_usable_pages,known,,,bpt6k2975684: no usable pages in manifest.,2026-07-17T20:54:29.619141
figaro1854,bpt6k297569h,,failed,0,0,,no_usable_pages,known,,,bpt6k297569h: no usable pages in manifest.,2026-07-17T20:54:29.816291
figaro1854,bpt6k297570f,,failed,0,0,,no_usable_pages,known,,,bpt6k297570f: no usable pages in manifest.,2026-07-17T20:54:30.131565
figaro1854,bpt6k297571t,,failed,0,0,,no_usable_pages,known,,,bpt6k297571t: no usable pages in manifest.,2026-07-17T20:54:30.292213
figaro1854,bpt6k2975726,,failed,0,0,,no_usable_pages,known,,,bpt6k2975726: no usable pages in manifest.,2026-07-17T20:54:30.494268
figaro1854,bpt6k297573k,,failed,0,0,,no_usable_pages,known,,,bpt6k297573k: no usable pages in manifest.,2026-07-17T20:54:30.723872
figaro1854,bpt6k297574z,,failed,0,0,,no_usable_pages,known,,,bpt6k297574z: no usable pages in manifest.,2026-07-17T20:54:30.915256
figaro1854,bpt6k297575b,,failed,0,0,,no_usable_pages,known,,,bpt6k297575b: no usable pages in manifest.,2026-07-17T20:54:31.136767
figaro1854,bpt6k297576q,,failed,0,0,,no_usable_pages,known,,,bpt6k297576q: no usable pages in manifest.,2026-07-17T20:54:31.353671
figaro1854,bpt6k2975773,,failed,0,0,,no_usable_pages,known,,,bpt6k2975773: no usable pages in manifest.,2026-07-17T20:54:31.660108
figaro1854,bpt6k297578g,,failed,0,0,,no_usable_pages,known,,,bpt6k297578g: no usable pages in manifest.,2026-07-17T20:54:31.868823
figaro1854,bpt6k297579v,,failed,0,0,,no_usable_pages,known,,,bpt6k297579v: no usable pages in manifest.,2026-07-17T20:54:32.081220
figaro1854,bpt6k297580s,,failed,0,0,,no_usable_pages,known,,,bpt6k297580s: no usable pages in manifest.,2026-07-17T20:54:32.356842
figaro1854,bpt6k2975815,,failed,0,0,,no_usable_pages,known,,,bpt6k2975815: no usable pages in manifest.,2026-07-17T20:54:32.567630
figaro1854,bpt6k297582j,,failed,0,0,,no_usable_pages,known,,,bpt6k297582j: no usable pages in manifest.,2026-07-17T20:54:32.725697
figaro1854,bpt6k297583x,,failed,0,0,,no_usable_pages,known,,,bpt6k297583x: no usable pages in manifest.,2026-07-17T20:54:32.938951
figaro1854,bpt6k2975849,,failed,0,0,,no_usable_pages,known,,,bpt6k2975849: no usable pages in manifest.,2026-07-17T20:54:33.107608
figaro1854,bpt6k297585p,,failed,0,0,,no_usable_pages,known,,,bpt6k297585p: no usable pages in manifest.,2026-07-17T20:54:33.284228
figaro1854,bpt6k2975862,,failed,0,0,,no_usable_pages,known,,,bpt6k2975862: no usable pages in manifest.,2026-07-17T20:54:33.598064
figaro1854,bpt6k297587f,,failed,0,0,,no_usable_pages,known,,,bpt6k297587f: no usable pages in manifest.,2026-07-17T20:54:33.855751
figaro1854,bpt6k297588t,,failed,0,0,,no_usable_pages,known,,,bpt6k297588t: no usable pages in manifest.,2026-07-17T20:54:34.136100
figaro1854,bpt6k2975896,,failed,0,0,,no_usable_pages,known,,,bpt6k2975896: no usable pages in manifest.,2026-07-17T20:54:34.378856
figaro1854,bpt6k2975904,,failed,0,0,,no_usable_pages,known,,,bpt6k2975904: no usable pages in manifest.,2026-07-17T20:54:34.586298
figaro1854,bpt6k297591h,,failed,0,0,,no_usable_pages,known,,,bpt6k297591h: no usable pages in manifest.,2026-07-17T20:54:34.739018
figaro1854,bpt6k297592w,,failed,0,0,,no_usable_pages,known,,,bpt6k297592w: no usable pages in manifest.,2026-07-17T20:54:34.940507
figaro1854,bpt6k2975938,,failed,0,0,,no_usable_pages,known,,,bpt6k2975938: no usable pages in manifest.,2026-07-17T20:54:35.181738
figaro1854,bpt6k297594n,,failed,0,0,,no_usable_pages,known,,,bpt6k297594n: no usable pages in manifest.,2026-07-17T20:54:35.437823
figaro1854,bpt6k2975951,,failed,0,0,,no_usable_pages,known,,,bpt6k2975951: no usable pages in manifest.,2026-07-17T20:54:35.794256
figaro1854,bpt6k297596d,,failed,0,0,,no_usable_pages,known,,,bpt6k297596d: no usable pages in manifest.,2026-07-17T20:54:35.949153
figaro1854,bpt6k297597s,,failed,0,0,,no_usable_pages,known,,,bpt6k297597s: no usable pages in manifest.,2026-07-17T20:54:36.194617
figaro1854,bpt6k2975985,,failed,0,0,,no_usable_pages,known,,,bpt6k2975985: no usable pages in manifest.,2026-07-17T20:54:36.439393
figaro1854,bpt6k297600b,,failed,0,0,,no_usable_pages,known,,,bpt6k297600b: no usable pages in manifest.,2026-07-17T20:54:36.719898
figaro1854,bpt6k297601q,,failed,0,0,,no_usable_pages,known,,,bpt6k297601q: no usable pages in manifest.,2026-07-17T20:54:36.948150
figaro1854,bpt6k2976023,,failed,0,0,,no_usable_pages,known,,,bpt6k2976023: no usable pages in manifest.,2026-07-17T20:54:37.160583
figaro1854,bpt6k297603g,,failed,0,0,,no_usable_pages,known,,,bpt6k297603g: no usable pages in manifest.,2026-07-17T20:54:37.352705
figaro1854,bpt6k297604v,,failed,0,0,,no_usable_pages,known,,,bpt6k297604v: no usable pages in manifest.,2026-07-17T20:54:37.492500
figaro1854,bpt6k2976057,,failed,0,0,,no_usable_pages,known,,,bpt6k2976057: no usable pages in manifest.,2026-07-17T20:54:37.673655
figaro1854,bpt6k297606m,,failed,0,0,,no_usable_pages,known,,,bpt6k297606m: no usable pages in manifest.,2026-07-17T20:54:37.893991
figaro1854,bpt6k2976070,,failed,0,0,,no_usable_pages,known,,,bpt6k2976070: no usable pages in manifest.,2026-07-17T20:54:38.114347
figaro1854,bpt6k297608c,,failed,0,0,,no_usable_pages,known,,,bpt6k297608c: no usable pages in manifest.,2026-07-17T20:54:38.444732
figaro1854,bpt6k297609r,,failed,0,0,,no_usable_pages,known,,,bpt6k297609r: no usable pages in manifest.,2026-07-17T20:54:38.611711
figaro1854,bpt6k297610p,,failed,0,0,,no_usable_pages,known,,,bpt6k297610p: no usable pages in manifest.,2026-07-17T20:54:38.905452
figaro1854,bpt6k2976112,,failed,0,0,,no_usable_pages,known,,,bpt6k2976112: no usable pages in manifest.,2026-07-17T20:54:39.095979
figaro1854,bpt6k297612f,,failed,0,0,,no_usable_pages,known,,,bpt6k297612f: no usable pages in manifest.,2026-07-17T20:54:39.289628
figaro1854,bpt6k297613t,,failed,0,0,,no_usable_pages,known,,,bpt6k297613t: no usable pages in manifest.,2026-07-17T20:54:39.500750
figaro1854,bpt6k2976146,,failed,0,0,,no_usable_pages,known,,,bpt6k2976146: no usable pages in manifest.,2026-07-17T20:54:39.723716
figaro1854,bpt6k297615k,,failed,0,0,,no_usable_pages,known,,,bpt6k297615k: no usable pages in manifest.,2026-07-17T20:54:40.071039
figaro1854,bpt6k297616z,,failed,0,0,,no_usable_pages,known,,,bpt6k297616z: no usable pages in manifest.,2026-07-17T20:54:40.343227
figaro1854,bpt6k297617b,,failed,0,0,,no_usable_pages,known,,,bpt6k297617b: no usable pages in manifest.,2026-07-17T20:54:40.537759
figaro1854,bpt6k297618q,,failed,0,0,,no_usable_pages,known,,,bpt6k297618q: no usable pages in manifest.,2026-07-17T20:54:40.740663
figaro1854,bpt6k2976193,,failed,0,0,,no_usable_pages,known,,,bpt6k2976193: no usable pages in manifest.,2026-07-17T20:54:40.968779
figaro1854,bpt6k2976201,,failed,0,0,,no_usable_pages,known,,,bpt6k2976201: no usable pages in manifest.,2026-07-17T20:54:41.238578
figaro1854,bpt6k297621d,,failed,0,0,,no_usable_pages,known,,,bpt6k297621d: no usable pages in manifest.,2026-07-17T20:54:41.459752
figaro1854,bpt6k2976235,,failed,0,0,,no_usable_pages,known,,,bpt6k2976235: no usable pages in manifest.,2026-07-17T20:54:41.685752
figaro1854,bpt6k297624j,,failed,0,0,,no_usable_pages,known,,,bpt6k297624j: no usable pages in manifest.,2026-07-17T20:54:41.917045
figaro1854,bpt6k297625x,,failed,0,0,,no_usable_pages,known,,,bpt6k297625x: no usable pages in manifest.,2026-07-17T20:54:42.160583
figaro1854,bpt6k2976269,,failed,0,0,,no_usable_pages,known,,,bpt6k2976269: no usable pages in manifest.,2026-07-17T20:54:42.355561
figaro1854,bpt6k297627p,,failed,0,0,,no_usable_pages,known,,,bpt6k297627p: no usable pages in manifest.,2026-07-17T20:54:42.514145
figaro1854,bpt6k2976282,,failed,0,0,,no_usable_pages,known,,,bpt6k2976282: no usable pages in manifest.,2026-07-17T20:54:42.700941
figaro1854,bpt6k297629f,,failed,0,0,,no_usable_pages,known,,,bpt6k297629f: no usable pages in manifest.,2026-07-17T20:54:42.969704
figaro1854,bpt6k297630c,,failed,0,0,,no_usable_pages,known,,,bpt6k297630c: no usable pages in manifest.,2026-07-17T20:54:43.168343
figaro1854,bpt6k297631r,,failed,0,0,,no_usable_pages,known,,,bpt6k297631r: no usable pages in manifest.,2026-07-17T20:54:43.386073
figaro1854,bpt6k2976324,,failed,0,0,,no_usable_pages,known,,,bpt6k2976324: no usable pages in manifest.,2026-07-17T20:54:43.540106
figaro1854,bpt6k297633h,,failed,0,0,,no_usable_pages,known,,,bpt6k297633h: no usable pages in manifest.,2026-07-17T20:54:43.717374
figaro1854,bpt6k297634w,,failed,0,0,,no_usable_pages,known,,,bpt6k297634w: no usable pages in manifest.,2026-07-17T20:54:43.876101
figaro1854,bpt6k2976358,,failed,0,0,,no_usable_pages,known,,,bpt6k2976358: no usable pages in manifest.,2026-07-17T20:54:44.039222
figaro1854,bpt6k297636n,,failed,0,0,,no_usable_pages,known,,,bpt6k297636n: no usable pages in manifest.,2026-07-17T20:54:44.220025
figaro1854,bpt6k2976371,,failed,0,0,,no_usable_pages,known,,,bpt6k2976371: no usable pages in manifest.,2026-07-17T20:54:44.388378
figaro1854,bpt6k297638d,,failed,0,0,,no_usable_pages,known,,,bpt6k297638d: no usable pages in manifest.,2026-07-17T20:54:44.634657
figaro1854,bpt6k297639s,,failed,0,0,,no_usable_pages,known,,,bpt6k297639s: no usable pages in manifest.,2026-07-17T20:54:44.903351
figaro1854,bpt6k297640q,,failed,0,0,,no_usable_pages,known,,,bpt6k297640q: no usable pages in manifest.,2026-07-17T20:54:45.281728
figaro1854,bpt6k2976413,,failed,0,0,,no_usable_pages,known,,,bpt6k2976413: no usable pages in manifest.,2026-07-17T20:54:45.496158
figaro1854,bpt6k297642g,,failed,0,0,,no_usable_pages,known,,,bpt6k297642g: no usable pages in manifest.,2026-07-17T20:54:45.681946
figaro1854,bpt6k297643v,,failed,0,0,,no_usable_pages,known,,,bpt6k297643v: no usable pages in manifest.,2026-07-17T20:54:45.870779
figaro1854,bpt6k2976447,,failed,0,0,,no_usable_pages,known,,,bpt6k2976447: no usable pages in manifest.,2026-07-17T20:54:46.086004
figaro1854,bpt6k297645m,,failed,0,0,,no_usable_pages,known,,,bpt6k297645m: no usable pages in manifest.,2026-07-17T20:54:46.398944
figaro1854,bpt6k2976460,,failed,0,0,,no_usable_pages,known,,,bpt6k2976460: no usable pages in manifest.,2026-07-17T20:54:46.609832
figaro1854,bpt6k297647c,,failed,0,0,,no_usable_pages,known,,,bpt6k297647c: no usable pages in manifest.,2026-07-17T20:54:46.838666
figaro1854,bpt6k297648r,,failed,0,0,,no_usable_pages,known,,,bpt6k297648r: no usable pages in manifest.,2026-07-17T20:54:46.997600
figaro1854,bpt6k2976494,,failed,0,0,,no_usable_pages,known,,,bpt6k2976494: no usable pages in manifest.,2026-07-17T20:54:47.205660
figaro1854,bpt6k2976502,,failed,0,0,,no_usable_pages,known,,,bpt6k2976502: no usable pages in manifest.,2026-07-17T20:54:47.543203
figaro1854,bpt6k297651f,,failed,0,0,,no_usable_pages,known,,,bpt6k297651f: no usable pages in manifest.,2026-07-17T20:54:47.873807
figaro1854,bpt6k297652t,,failed,0,0,,no_usable_pages,known,,,bpt6k297652t: no usable pages in manifest.,2026-07-17T20:54:48.012653
figaro1854,bpt6k2976536,,failed,0,0,,no_usable_pages,known,,,bpt6k2976536: no usable pages in manifest.,2026-07-17T20:54:48.236650
figaro1854,bpt6k297654k,,failed,0,0,,no_usable_pages,known,,,bpt6k297654k: no usable pages in manifest.,2026-07-17T20:54:48.447091
figaro1854,bpt6k297655z,,failed,0,0,,no_usable_pages,known,,,bpt6k297655z: no usable pages in manifest.,2026-07-17T20:54:48.767912
figaro1854,bpt6k297656b,,failed,0,0,,no_usable_pages,known,,,bpt6k297656b: no usable pages in manifest.,2026-07-17T20:54:48.974495
figaro1854,bpt6k297657q,,failed,0,0,,no_usable_pages,known,,,bpt6k297657q: no usable pages in manifest.,2026-07-17T20:54:49.187721
figaro1854,bpt6k2976583,,failed,0,0,,no_usable_pages,known,,,bpt6k2976583: no usable pages in manifest.,2026-07-17T20:54:49.337083
figaro1854,bpt6k297659g,,failed,0,0,,no_usable_pages,known,,,bpt6k297659g: no usable pages in manifest.,2026-07-17T20:54:49.538609
figaro1854,bpt6k297660d,,failed,0,0,,no_usable_pages,known,,,bpt6k297660d: no usable pages in manifest.,2026-07-17T20:54:50.052065
figaro1854,bpt6k297661s,,failed,0,0,,no_usable_pages,known,,,bpt6k297661s: no usable pages in manifest.,2026-07-17T20:54:50.285442
figaro1854,bpt6k2976625,,failed,0,0,,no_usable_pages,known,,,bpt6k2976625: no usable pages in manifest.,2026-07-17T20:54:50.435857
figaro1854,bpt6k297663j,,failed,0,0,,no_usable_pages,known,,,bpt6k297663j: no usable pages in manifest.,2026-07-17T20:54:50.644083
figaro1854,bpt6k297664x,,failed,0,0,,no_usable_pages,known,,,bpt6k297664x: no usable pages in manifest.,2026-07-17T20:54:50.948839
figaro1854,bpt6k2976659,,failed,0,0,,no_usable_pages,known,,,bpt6k2976659: no usable pages in manifest.,2026-07-17T20:54:51.116391
figaro1854,bpt6k297666p,,failed,0,0,,no_usable_pages,known,,,bpt6k297666p: no usable pages in manifest.,2026-07-17T20:54:51.308234
figaro1854,bpt6k2976672,,failed,0,0,,no_usable_pages,known,,,bpt6k2976672: no usable pages in manifest.,2026-07-17T20:54:51.490205
figaro1854,bpt6k297668f,,failed,0,0,,no_usable_pages,known,,,bpt6k297668f: no usable pages in manifest.,2026-07-17T20:54:51.639674
figaro1854,bpt6k297669t,,failed,0,0,,no_usable_pages,known,,,bpt6k297669t: no usable pages in manifest.,2026-07-17T20:54:51.919498
figaro1854,bpt6k297670r,,failed,0,0,,no_usable_pages,known,,,bpt6k297670r: no usable pages in manifest.,2026-07-17T20:54:52.276283
figaro1854,bpt6k2976714,,failed,0,0,,no_usable_pages,known,,,bpt6k2976714: no usable pages in manifest.,2026-07-17T20:54:52.472665
figaro1854,bpt6k297672h,,failed,0,0,,no_usable_pages,known,,,bpt6k297672h: no usable pages in manifest.,2026-07-17T20:54:52.639537
figaro1854,bpt6k297673w,,failed,0,0,,no_usable_pages,known,,,bpt6k297673w: no usable pages in manifest.,2026-07-17T20:54:52.792218
figaro1854,bpt6k2976748,,failed,0,0,,no_usable_pages,known,,,bpt6k2976748: no usable pages in manifest.,2026-07-17T20:54:52.978129
figaro1854,bpt6k297675n,,failed,0,0,,no_usable_pages,known,,,bpt6k297675n: no usable pages in manifest.,2026-07-17T20:54:53.196394
figaro1854,bpt6k2976761,,failed,0,0,,no_usable_pages,known,,,bpt6k2976761: no usable pages in manifest.,2026-07-17T20:54:53.377054
figaro1854,bpt6k297677d,,failed,0,0,,no_usable_pages,known,,,bpt6k297677d: no usable pages in manifest.,2026-07-17T20:54:53.600312
figaro1854,bpt6k297678s,,failed,0,0,,no_usable_pages,known,,,bpt6k297678s: no usable pages in manifest.,2026-07-17T20:54:53.752286
figaro1854,bpt6k2976795,,failed,0,0,,no_usable_pages,known,,,bpt6k2976795: no usable pages in manifest.,2026-07-17T20:54:54.229358
figaro1854,bpt6k2976803,,failed,0,0,,no_usable_pages,known,,,bpt6k2976803: no usable pages in manifest.,2026-07-17T20:54:54.448022
figaro1854,bpt6k297681g,,failed,0,0,,no_usable_pages,known,,,bpt6k297681g: no usable pages in manifest.,2026-07-17T20:54:54.654386
figaro1854,bpt6k297682v,,failed,0,0,,no_usable_pages,known,,,bpt6k297682v: no usable pages in manifest.,2026-07-17T20:54:54.862310
figaro1854,bpt6k2976837,,failed,0,0,,no_usable_pages,known,,,bpt6k2976837: no usable pages in manifest.,2026-07-17T20:54:55.081607
figaro1854,bpt6k297684m,,failed,0,0,,no_usable_pages,known,,,bpt6k297684m: no usable pages in manifest.,2026-07-17T20:54:55.284459
figaro1854,bpt6k2976850,,failed,0,0,,no_usable_pages,known,,,bpt6k2976850: no usable pages in manifest.,2026-07-17T20:54:55.541237
figaro1854,bpt6k297686c,,failed,0,0,,no_usable_pages,known,,,bpt6k297686c: no usable pages in manifest.,2026-07-17T20:54:55.767808
figaro1854,bpt6k297687r,,failed,0,0,,no_usable_pages,known,,,bpt6k297687r: no usable pages in manifest.,2026-07-17T20:54:55.950356
figaro1854,bpt6k2976884,,failed,0,0,,no_usable_pages,known,,,bpt6k2976884: no usable pages in manifest.,2026-07-17T20:54:56.187932
figaro1854,bpt6k297690f,,failed,0,0,,no_usable_pages,known,,,bpt6k297690f: no usable pages in manifest.,2026-07-17T20:54:56.534268
figaro1854,bpt6k297691t,,failed,0,0,,no_usable_pages,known,,,bpt6k297691t: no usable pages in manifest.,2026-07-17T20:54:56.845101
figaro1854,bpt6k2976926,,failed,0,0,,no_usable_pages,known,,,bpt6k2976926: no usable pages in manifest.,2026-07-17T20:54:57.019107
figaro1854,bpt6k297693k,,failed,0,0,,no_usable_pages,known,,,bpt6k297693k: no usable pages in manifest.,2026-07-17T20:54:57.291550
figaro1854,bpt6k297694z,,failed,0,0,,no_usable_pages,known,,,bpt6k297694z: no usable pages in manifest.,2026-07-17T20:54:57.396923
figaro1854,bpt6k297695b,,failed,0,0,,no_usable_pages,known,,,bpt6k297695b: no usable pages in manifest.,2026-07-17T20:54:57.596346
figaro1854,bpt6k297696q,,failed,0,0,,no_usable_pages,known,,,bpt6k297696q: no usable pages in manifest.,2026-07-17T20:54:57.867705
figaro1854,bpt6k2976973,,failed,0,0,,no_usable_pages,known,,,bpt6k2976973: no usable pages in manifest.,2026-07-17T20:54:58.054646
figaro1854,bpt6k297698g,,failed,0,0,,no_usable_pages,known,,,bpt6k297698g: no usable pages in manifest.,2026-07-17T20:54:58.222603
figaro1854,bpt6k297699v,,failed,0,0,,no_usable_pages,known,,,bpt6k297699v: no usable pages in manifest.,2026-07-17T20:54:58.572989
figaro1854,bpt6k297700n,,failed,0,0,,no_usable_pages,known,,,bpt6k297700n: no usable pages in manifest.,2026-07-17T20:54:58.811882
figaro1854,bpt6k2977011,,failed,0,0,,no_usable_pages,known,,,bpt6k2977011: no usable pages in manifest.,2026-07-17T20:54:59.199968
figaro1854,bpt6k297702d,,failed,0,0,,no_usable_pages,known,,,bpt6k297702d: no usable pages in manifest.,2026-07-17T20:54:59.372421
figaro1854,bpt6k297703s,,failed,0,0,,no_usable_pages,known,,,bpt6k297703s: no usable pages in manifest.,2026-07-17T20:54:59.590293
figaro1854,bpt6k2977045,,failed,0,0,,no_usable_pages,known,,,bpt6k2977045: no usable pages in manifest.,2026-07-17T20:54:59.745926
figaro1854,bpt6k297705j,,failed,0,0,,no_usable_pages,known,,,bpt6k297705j: no usable pages in manifest.,2026-07-17T20:54:59.924618
figaro1854,bpt6k297706x,,failed,0,0,,no_usable_pages,known,,,bpt6k297706x: no usable pages in manifest.,2026-07-17T20:55:00.254708
figaro1854,bpt6k2977079,,failed,0,0,,no_usable_pages,known,,,bpt6k2977079: no usable pages in manifest.,2026-07-17T20:55:00.423636
figaro1854,bpt6k297708p,,failed,0,0,,no_usable_pages,known,,,bpt6k297708p: no usable pages in manifest.,2026-07-17T20:55:00.645173
figaro1854,bpt6k2977092,,failed,0,0,,no_usable_pages,known,,,bpt6k2977092: no usable pages in manifest.,2026-07-17T20:55:00.799805
figaro1854,bpt6k2977100,,failed,0,0,,no_usable_pages,known,,,bpt6k2977100: no usable pages in manifest.,2026-07-17T20:55:00.998423
figaro1854,bpt6k297711c,,failed,0,0,,no_usable_pages,known,,,bpt6k297711c: no usable pages in manifest.,2026-07-17T20:55:01.431675
figaro1854,bpt6k297712r,,failed,0,0,,no_usable_pages,known,,,bpt6k297712r: no usable pages in manifest.,2026-07-17T20:55:01.646490
figaro1854,bpt6k2977134,,failed,0,0,,no_usable_pages,known,,,bpt6k2977134: no usable pages in manifest.,2026-07-17T20:55:01.887896
figaro1854,bpt6k297714h,,failed,0,0,,no_usable_pages,known,,,bpt6k297714h: no usable pages in manifest.,2026-07-17T20:55:02.064081
figaro1854,bpt6k297715w,,failed,0,0,,no_usable_pages,known,,,bpt6k297715w: no usable pages in manifest.,2026-07-17T20:55:02.244587
figaro1854,bpt6k2977168,,failed,0,0,,no_usable_pages,known,,,bpt6k2977168: no usable pages in manifest.,2026-07-17T20:55:02.582470
figaro1854,bpt6k297717n,,failed,0,0,,no_usable_pages,known,,,bpt6k297717n: no usable pages in manifest.,2026-07-17T20:55:02.728090
figaro1854,bpt6k2977181,,failed,0,0,,no_usable_pages,known,,,bpt6k2977181: no usable pages in manifest.,2026-07-17T20:55:02.948634
figaro1854,bpt6k297719d,,failed,0,0,,no_usable_pages,known,,,bpt6k297719d: no usable pages in manifest.,2026-07-17T20:55:03.142516
figaro1854,bpt6k297720b,,failed,0,0,,no_usable_pages,known,,,bpt6k297720b: no usable pages in manifest.,2026-07-17T20:55:03.365071
figaro1854,bpt6k297721q,,failed,0,0,,no_usable_pages,known,,,bpt6k297721q: no usable pages in manifest.,2026-07-17T20:55:03.746260
figaro1854,bpt6k2977223,,failed,0,0,,no_usable_pages,known,,,bpt6k2977223: no usable pages in manifest.,2026-07-17T20:55:03.959995
figaro1854,bpt6k297723g,,failed,0,0,,no_usable_pages,known,,,bpt6k297723g: no usable pages in manifest.,2026-07-17T20:55:04.115029
figaro1854,bpt6k297724v,,failed,0,0,,no_usable_pages,known,,,bpt6k297724v: no usable pages in manifest.,2026-07-17T20:55:04.305503
figaro1854,bpt6k2977257,,failed,0,0,,no_usable_pages,known,,,bpt6k2977257: no usable pages in manifest.,2026-07-17T20:55:04.462538
figaro1854,bpt6k297726m,,failed,0,0,,no_usable_pages,known,,,bpt6k297726m: no usable pages in manifest.,2026-07-17T20:55:04.744250
figaro1854,bpt6k2977270,,failed,0,0,,no_usable_pages,known,,,bpt6k2977270: no usable pages in manifest.,2026-07-17T20:55:04.941615
figaro1854,bpt6k297728c,,failed,0,0,,no_usable_pages,known,,,bpt6k297728c: no usable pages in manifest.,2026-07-17T20:55:05.147448
figaro1854,bpt6k297729r,,failed,0,0,,no_usable_pages,known,,,bpt6k297729r: no usable pages in manifest.,2026-07-17T20:55:05.356818
figaro1854,bpt6k297730p,,failed,0,0,,no_usable_pages,known,,,bpt6k297730p: no usable pages in manifest.,2026-07-17T20:55:05.541185
figaro1854,bpt6k2977312,,failed,0,0,,no_usable_pages,known,,,bpt6k2977312: no usable pages in manifest.,2026-07-17T20:55:05.944908
figaro1854,bpt6k297732f,,failed,0,0,,no_usable_pages,known,,,bpt6k297732f: no usable pages in manifest.,2026-07-17T20:55:06.169733
figaro1854,bpt6k297733t,,failed,0,0,,no_usable_pages,known,,,bpt6k297733t: no usable pages in manifest.,2026-07-17T20:55:06.361422
figaro1854,bpt6k2977346,,failed,0,0,,no_usable_pages,known,,,bpt6k2977346: no usable pages in manifest.,2026-07-17T20:55:06.542822
figaro1854,bpt6k297735k,,failed,0,0,,no_usable_pages,known,,,bpt6k297735k: no usable pages in manifest.,2026-07-17T20:55:06.821863
figaro1854,bpt6k297736z,,failed,0,0,,no_usable_pages,known,,,bpt6k297736z: no usable pages in manifest.,2026-07-17T20:55:07.054506
figaro1854,bpt6k297737b,,failed,0,0,,no_usable_pages,known,,,bpt6k297737b: no usable pages in manifest.,2026-07-17T20:55:07.285382
figaro1854,bpt6k297738q,,failed,0,0,,no_usable_pages,known,,,bpt6k297738q: no usable pages in manifest.,2026-07-17T20:55:07.426393
figaro1854,bpt6k2977393,,failed,0,0,,no_usable_pages,known,,,bpt6k2977393: no usable pages in manifest.,2026-07-17T20:55:07.578769
figaro1854,bpt6k2977401,,failed,0,0,,no_usable_pages,known,,,bpt6k2977401: no usable pages in manifest.,2026-07-17T20:55:07.968277
figaro1854,bpt6k297741d,,failed,0,0,,no_usable_pages,known,,,bpt6k297741d: no usable pages in manifest.,2026-07-17T20:55:08.371586
figaro1854,bpt6k297742s,,failed,0,0,,no_usable_pages,known,,,bpt6k297742s: no usable pages in manifest.,2026-07-17T20:55:08.534082
figaro1854,bpt6k2977435,,failed,0,0,,no_usable_pages,known,,,bpt6k2977435: no usable pages in manifest.,2026-07-17T20:55:08.776579
figaro1854,bpt6k297744j,,failed,0,0,,no_usable_pages,known,,,bpt6k297744j: no usable pages in manifest.,2026-07-17T20:55:08.925452
figaro1854,bpt6k297745x,,failed,0,0,,no_usable_pages,known,,,bpt6k297745x: no usable pages in manifest.,2026-07-17T20:55:09.099506
figaro1854,bpt6k2977469,,failed,0,0,,no_usable_pages,known,,,bpt6k2977469: no usable pages in manifest.,2026-07-17T20:55:09.336838
figaro1854,bpt6k297747p,,failed,0,0,,no_usable_pages,known,,,bpt6k297747p: no usable pages in manifest.,2026-07-17T20:55:09.514403
figaro1854,bpt6k2977482,,failed,0,0,,no_usable_pages,known,,,bpt6k2977482: no usable pages in manifest.,2026-07-17T20:55:09.666013
figaro1854,bpt6k297751r,,failed,0,0,,no_usable_pages,known,,,bpt6k297751r: no usable pages in manifest.,2026-07-17T20:55:09.888281
figaro1854,bpt6k297758d,,failed,0,0,,no_usable_pages,known,,,bpt6k297758d: no usable pages in manifest.,2026-07-17T20:55:10.318557
figaro1854,bpt6k297760q,,failed,0,0,,no_usable_pages,known,,,bpt6k297760q: no usable pages in manifest.,2026-07-17T20:55:10.712922
figaro1854,bpt6k297762g,,failed,0,0,,no_usable_pages,known,,,bpt6k297762g: no usable pages in manifest.,2026-07-17T20:55:10.894152
figaro1854,bpt6k2977647,,failed,0,0,,no_usable_pages,known,,,bpt6k2977647: no usable pages in manifest.,2026-07-17T20:55:11.039035
figaro1854,bpt6k2977694,,failed,0,0,,no_usable_pages,known,,,bpt6k2977694: no usable pages in manifest.,2026-07-17T20:55:11.217255
figaro1854,bpt6k297772t,,failed,0,0,,no_usable_pages,known,,,bpt6k297772t: no usable pages in manifest.,2026-07-17T20:55:11.455924
figaro1854,bpt6k297781s,,failed,0,0,,no_usable_pages,known,,,bpt6k297781s: no usable pages in manifest.,2026-07-17T20:55:11.770949
figaro1854,bpt6k2977825,,failed,0,0,,no_usable_pages,known,,,bpt6k2977825: no usable pages in manifest.,2026-07-17T20:55:11.933383
figaro1854,bpt6k297784x,,failed,0,0,,no_usable_pages,known,,,bpt6k297784x: no usable pages in manifest.,2026-07-17T20:55:12.093566
figaro1854,bpt6k297788f,,failed,0,0,,no_usable_pages,known,,,bpt6k297788f: no usable pages in manifest.,2026-07-17T20:55:12.285501
figaro1854,bpt6k2977914,,failed,0,0,,no_usable_pages,known,,,bpt6k2977914: no usable pages in manifest.,2026-07-17T20:55:12.500227
figaro1854,bpt6k297792h,,failed,0,0,,no_usable_pages,known,,,bpt6k297792h: no usable pages in manifest.,2026-07-17T20:55:13.052188
figaro1854,bpt6k297793w,,failed,0,0,,no_usable_pages,known,,,bpt6k297793w: no usable pages in manifest.,2026-07-17T20:55:13.246292
figaro1854,bpt6k297797d,,failed,0,0,,no_usable_pages,known,,,bpt6k297797d: no usable pages in manifest.,2026-07-17T20:55:13.416383
figaro1854,bpt6k297805v,,failed,0,0,,no_usable_pages,known,,,bpt6k297805v: no usable pages in manifest.,2026-07-17T20:55:13.596886
figaro1854,bpt6k297809c,,failed,0,0,,no_usable_pages,known,,,bpt6k297809c: no usable pages in manifest.,2026-07-17T20:55:13.761258
figaro1854,bpt6k297819q,,failed,0,0,,no_usable_pages,known,,,bpt6k297819q: no usable pages in manifest.,2026-07-17T20:55:13.959111
figaro1854,bpt6k297820n,,failed,0,0,,no_usable_pages,known,,,bpt6k297820n: no usable pages in manifest.,2026-07-17T20:55:14.196671
figaro1854,bpt6k2978211,,failed,0,0,,no_usable_pages,known,,,bpt6k2978211: no usable pages in manifest.,2026-07-17T20:55:14.427515
figaro1854,bpt6k297823s,,failed,0,0,,no_usable_pages,known,,,bpt6k297823s: no usable pages in manifest.,2026-07-17T20:55:14.620457
figaro1854,bpt6k297825j,,failed,0,0,,no_usable_pages,known,,,bpt6k297825j: no usable pages in manifest.,2026-07-17T20:55:14.971220
figaro1854,bpt6k297826x,,failed,0,0,,no_usable_pages,known,,,bpt6k297826x: no usable pages in manifest.,2026-07-17T20:55:15.228712
figaro1854,bpt6k2978300,,failed,0,0,,no_usable_pages,known,,,bpt6k2978300: no usable pages in manifest.,2026-07-17T20:55:15.382096
figaro1854,bpt6k2978334,,failed,0,0,,no_usable_pages,known,,,bpt6k2978334: no usable pages in manifest.,2026-07-17T20:55:15.634513
figaro1854,bpt6k297834h,,failed,0,0,,no_usable_pages,known,,,bpt6k297834h: no usable pages in manifest.,2026-07-17T20:55:15.962887
figaro1854,bpt6k297835w,,failed,0,0,,no_usable_pages,known,,,bpt6k297835w: no usable pages in manifest.,2026-07-17T20:55:16.192457
figaro1854,bpt6k297837n,,failed,0,0,,no_usable_pages,known,,,bpt6k297837n: no usable pages in manifest.,2026-07-17T20:55:16.518612
figaro1854,bpt6k297839d,,failed,0,0,,no_usable_pages,known,,,bpt6k297839d: no usable pages in manifest.,2026-07-17T20:55:16.695895
figaro1854,bpt6k297840b,,failed,0,0,,no_usable_pages,known,,,bpt6k297840b: no usable pages in manifest.,2026-07-17T20:55:16.855142
figaro1854,bpt6k297841q,,failed,0,0,,no_usable_pages,known,,,bpt6k297841q: no usable pages in manifest.,2026-07-17T20:55:17.167017
figaro1854,bpt6k2978423,,failed,0,0,,no_usable_pages,known,,,bpt6k2978423: no usable pages in manifest.,2026-07-17T20:55:17.512571
figaro1854,bpt6k297843g,,failed,0,0,,no_usable_pages,known,,,bpt6k297843g: no usable pages in manifest.,2026-07-17T20:55:17.712745
figaro1854,bpt6k297844v,,failed,0,0,,no_usable_pages,known,,,bpt6k297844v: no usable pages in manifest.,2026-07-17T20:55:17.871493
figaro1854,bpt6k2978457,,failed,0,0,,no_usable_pages,known,,,bpt6k2978457: no usable pages in manifest.,2026-07-17T20:55:18.043469
figaro1854,bpt6k297846m,,failed,0,0,,no_usable_pages,known,,,bpt6k297846m: no usable pages in manifest.,2026-07-17T20:55:18.234605
figaro1854,bpt6k2978470,,failed,0,0,,no_usable_pages,known,,,bpt6k2978470: no usable pages in manifest.,2026-07-17T20:55:18.630028
figaro1854,bpt6k297848c,,failed,0,0,,no_usable_pages,known,,,bpt6k297848c: no usable pages in manifest.,2026-07-17T20:55:18.901629
figaro1854,bpt6k297849r,,failed,0,0,,no_usable_pages,known,,,bpt6k297849r: no usable pages in manifest.,2026-07-17T20:55:19.082816
figaro1854,bpt6k297850p,,failed,0,0,,no_usable_pages,known,,,bpt6k297850p: no usable pages in manifest.,2026-07-17T20:55:19.315058
figaro1854,bpt6k2978512,,failed,0,0,,no_usable_pages,known,,,bpt6k2978512: no usable pages in manifest.,2026-07-17T20:55:19.834531
figaro1854,bpt6k297853t,,failed,0,0,,no_usable_pages,known,,,bpt6k297853t: no usable pages in manifest.,2026-07-17T20:55:20.089057
figaro1854,bpt6k2978546,,failed,0,0,,no_usable_pages,known,,,bpt6k2978546: no usable pages in manifest.,2026-07-17T20:55:20.252876
figaro1854,bpt6k297855k,,failed,0,0,,no_usable_pages,known,,,bpt6k297855k: no usable pages in manifest.,2026-07-17T20:55:20.440960
figaro1854,bpt6k297856z,,failed,0,0,,no_usable_pages,known,,,bpt6k297856z: no usable pages in manifest.,2026-07-17T20:55:20.589875
figaro1854,bpt6k297857b,,failed,0,0,,no_usable_pages,known,,,bpt6k297857b: no usable pages in manifest.,2026-07-17T20:55:20.844502
figaro1854,bpt6k297858q,,failed,0,0,,no_usable_pages,known,,,bpt6k297858q: no usable pages in manifest.,2026-07-17T20:55:21.021260
figaro1854,bpt6k2978593,,failed,0,0,,no_usable_pages,known,,,bpt6k2978593: no usable pages in manifest.,2026-07-17T20:55:21.206644
figaro1854,bpt6k2978601,,failed,0,0,,no_usable_pages,known,,,bpt6k2978601: no usable pages in manifest.,2026-07-17T20:55:21.358110
figaro1854,bpt6k297861d,,failed,0,0,,no_usable_pages,known,,,bpt6k297861d: no usable pages in manifest.,2026-07-17T20:55:21.552672
figaro1854,bpt6k297862s,,failed,0,0,,no_usable_pages,known,,,bpt6k297862s: no usable pages in manifest.,2026-07-17T20:55:21.792514
figaro1854,bpt6k2978635,,failed,0,0,,no_usable_pages,known,,,bpt6k2978635: no usable pages in manifest.,2026-07-17T20:55:22.149320
figaro1854,bpt6k297864j,,failed,0,0,,no_usable_pages,known,,,bpt6k297864j: no usable pages in manifest.,2026-07-17T20:55:22.484507
figaro1854,bpt6k297865x,,failed,0,0,,no_usable_pages,known,,,bpt6k297865x: no usable pages in manifest.,2026-07-17T20:55:22.815810
figaro1854,bpt6k2978669,,failed,0,0,,no_usable_pages,known,,,bpt6k2978669: no usable pages in manifest.,2026-07-17T20:55:23.168191
figaro1854,bpt6k297867p,,failed,0,0,,no_usable_pages,known,,,bpt6k297867p: no usable pages in manifest.,2026-07-17T20:55:23.331192
figaro1854,bpt6k2978682,,failed,0,0,,no_usable_pages,known,,,bpt6k2978682: no usable pages in manifest.,2026-07-17T20:55:23.508519
figaro1854,bpt6k297869f,,failed,0,0,,no_usable_pages,known,,,bpt6k297869f: no usable pages in manifest.,2026-07-17T20:55:23.675603
figaro1854,bpt6k297870c,,failed,0,0,,no_usable_pages,known,,,bpt6k297870c: no usable pages in manifest.,2026-07-17T20:55:23.838164
figaro1854,bpt6k297871r,,failed,0,0,,no_usable_pages,known,,,bpt6k297871r: no usable pages in manifest.,2026-07-17T20:55:23.999631
figaro1854,bpt6k2978724,,failed,0,0,,no_usable_pages,known,,,bpt6k2978724: no usable pages in manifest.,2026-07-17T20:55:24.367235
figaro1854,bpt6k297873h,,failed,0,0,,no_usable_pages,known,,,bpt6k297873h: no usable pages in manifest.,2026-07-17T20:55:24.617999
figaro1854,bpt6k297874w,,failed,0,0,,no_usable_pages,known,,,bpt6k297874w: no usable pages in manifest.,2026-07-17T20:55:24.789247
figaro1854,bpt6k2978758,,failed,0,0,,no_usable_pages,known,,,bpt6k2978758: no usable pages in manifest.,2026-07-17T20:55:24.958536
figaro1854,bpt6k297876n,,failed,0,0,,no_usable_pages,known,,,bpt6k297876n: no usable pages in manifest.,2026-07-17T20:55:25.161879
figaro1854,bpt6k2978771,,failed,0,0,,no_usable_pages,known,,,bpt6k2978771: no usable pages in manifest.,2026-07-17T20:55:25.503364
figaro1854,bpt6k297878d,,failed,0,0,,no_usable_pages,known,,,bpt6k297878d: no usable pages in manifest.,2026-07-17T20:55:25.699347
figaro1854,bpt6k297879s,,failed,0,0,,no_usable_pages,known,,,bpt6k297879s: no usable pages in manifest.,2026-07-17T20:55:25.909196
figaro1854,bpt6k297880q,,failed,0,0,,no_usable_pages,known,,,bpt6k297880q: no usable pages in manifest.,2026-07-17T20:55:26.133708
figaro1854,bpt6k2978813,,failed,0,0,,no_usable_pages,known,,,bpt6k2978813: no usable pages in manifest.,2026-07-17T20:55:26.314573
figaro1854,bpt6k297882g,,failed,0,0,,no_usable_pages,known,,,bpt6k297882g: no usable pages in manifest.,2026-07-17T20:55:27.001674
figaro1854,bpt6k297883v,,failed,0,0,,no_usable_pages,known,,,bpt6k297883v: no usable pages in manifest.,2026-07-17T20:55:27.335108
figaro1854,bpt6k2978847,,failed,0,0,,no_usable_pages,known,,,bpt6k2978847: no usable pages in manifest.,2026-07-17T20:55:27.659232
figaro1854,bpt6k297885m,,failed,0,0,,no_usable_pages,known,,,bpt6k297885m: no usable pages in manifest.,2026-07-17T20:55:27.834247
figaro1854,bpt6k2978860,,failed,0,0,,no_usable_pages,known,,,bpt6k2978860: no usable pages in manifest.,2026-07-17T20:55:28.011513
figaro1854,bpt6k297887c,,failed,0,0,,no_usable_pages,known,,,bpt6k297887c: no usable pages in manifest.,2026-07-17T20:55:28.175777
figaro1854,bpt6k297888r,,failed,0,0,,no_usable_pages,known,,,bpt6k297888r: no usable pages in manifest.,2026-07-17T20:55:28.353247
figaro1854,bpt6k2978894,,failed,0,0,,no_usable_pages,known,,,bpt6k2978894: no usable pages in manifest.,2026-07-17T20:55:28.494745
figaro1854,bpt6k2978902,,failed,0,0,,no_usable_pages,known,,,bpt6k2978902: no usable pages in manifest.,2026-07-17T20:55:28.876128
figaro1854,bpt6k297891f,,failed,0,0,,no_usable_pages,known,,,bpt6k297891f: no usable pages in manifest.,2026-07-17T20:55:29.185176
figaro1854,bpt6k297892t,,failed,0,0,,no_usable_pages,known,,,bpt6k297892t: no usable pages in manifest.,2026-07-17T20:55:29.472432
figaro1854,bpt6k2978936,,failed,0,0,,no_usable_pages,known,,,bpt6k2978936: no usable pages in manifest.,2026-07-17T20:55:29.681060
figaro1854,bpt6k297894k,,failed,0,0,,no_usable_pages,known,,,bpt6k297894k: no usable pages in manifest.,2026-07-17T20:55:29.885010
figaro1854,bpt6k297895z,,failed,0,0,,no_usable_pages,known,,,bpt6k297895z: no usable pages in manifest.,2026-07-17T20:55:30.061387
figaro1854,bpt6k297896b,,failed,0,0,,no_usable_pages,known,,,bpt6k297896b: no usable pages in manifest.,2026-07-17T20:55:30.342336
figaro1854,bpt6k297897q,,failed,0,0,,no_usable_pages,known,,,bpt6k297897q: no usable pages in manifest.,2026-07-17T20:55:30.534889
figaro1854,bpt6k2978983,,failed,0,0,,no_usable_pages,known,,,bpt6k2978983: no usable pages in manifest.,2026-07-17T20:55:30.749831
figaro1854,bpt6k297899g,,failed,0,0,,no_usable_pages,known,,,bpt6k297899g: no usable pages in manifest.,2026-07-17T20:55:30.965596
figaro1854,bpt6k2979008,,failed,0,0,,no_usable_pages,known,,,bpt6k2979008: no usable pages in manifest.,2026-07-17T20:55:31.103390
figaro1854,bpt6k297901n,,failed,0,0,,no_usable_pages,known,,,bpt6k297901n: no usable pages in manifest.,2026-07-17T20:55:31.656336
figaro1854,bpt6k2979021,,failed,0,0,,no_usable_pages,known,,,bpt6k2979021: no usable pages in manifest.,2026-07-17T20:55:31.882892
figaro1854,bpt6k297903d,,failed,0,0,,no_usable_pages,known,,,bpt6k297903d: no usable pages in manifest.,2026-07-17T20:55:32.053895
figaro1854,bpt6k297904s,,failed,0,0,,no_usable_pages,known,,,bpt6k297904s: no usable pages in manifest.,2026-07-17T20:55:32.258337
figaro1854,bpt6k2979055,,failed,0,0,,no_usable_pages,known,,,bpt6k2979055: no usable pages in manifest.,2026-07-17T20:55:32.428297
figaro1854,bpt6k297906j,,failed,0,0,,no_usable_pages,known,,,bpt6k297906j: no usable pages in manifest.,2026-07-17T20:55:32.586620
figaro1854,bpt6k297907x,,failed,0,0,,no_usable_pages,known,,,bpt6k297907x: no usable pages in manifest.,2026-07-17T20:55:32.738990
figaro1854,bpt6k2979089,,failed,0,0,,no_usable_pages,known,,,bpt6k2979089: no usable pages in manifest.,2026-07-17T20:55:32.939693
figaro1854,bpt6k297909p,,failed,0,0,,no_usable_pages,known,,,bpt6k297909p: no usable pages in manifest.,2026-07-17T20:55:33.135645
figaro1854,bpt6k297910m,,failed,0,0,,no_usable_pages,known,,,bpt6k297910m: no usable pages in manifest.,2026-07-17T20:55:33.312107
figaro1854,bpt6k2979110,,failed,0,0,,no_usable_pages,known,,,bpt6k2979110: no usable pages in manifest.,2026-07-17T20:55:33.654257
figaro1854,bpt6k297912c,,failed,0,0,,no_usable_pages,known,,,bpt6k297912c: no usable pages in manifest.,2026-07-17T20:55:33.830569
figaro1854,bpt6k297913r,,failed,0,0,,no_usable_pages,known,,,bpt6k297913r: no usable pages in manifest.,2026-07-17T20:55:34.124974
figaro1854,bpt6k2979144,,failed,0,0,,no_usable_pages,known,,,bpt6k2979144: no usable pages in manifest.,2026-07-17T20:55:34.364287
figaro1854,bpt6k297915h,,failed,0,0,,no_usable_pages,known,,,bpt6k297915h: no usable pages in manifest.,2026-07-17T20:55:34.583252
figaro1854,bpt6k297916w,,failed,0,0,,no_usable_pages,known,,,bpt6k297916w: no usable pages in manifest.,2026-07-17T20:55:34.699661
figaro1854,bpt6k2979178,,failed,0,0,,no_usable_pages,known,,,bpt6k2979178: no usable pages in manifest.,2026-07-17T20:55:34.887871
figaro1854,bpt6k297918n,,failed,0,0,,no_usable_pages,known,,,bpt6k297918n: no usable pages in manifest.,2026-07-17T20:55:35.071621
figaro1854,bpt6k297920z,,failed,0,0,,no_usable_pages,known,,,bpt6k297920z: no usable pages in manifest.,2026-07-17T20:55:35.255579
figaro1854,bpt6k297921b,,failed,0,0,,no_usable_pages,known,,,bpt6k297921b: no usable pages in manifest.,2026-07-17T20:55:35.437971
figaro1854,bpt6k297922q,,failed,0,0,,no_usable_pages,known,,,bpt6k297922q: no usable pages in manifest.,2026-07-17T20:55:35.643097
figaro1854,bpt6k2979233,,failed,0,0,,no_usable_pages,known,,,bpt6k2979233: no usable pages in manifest.,2026-07-17T20:55:35.964250
figaro1854,bpt6k297924g,,failed,0,0,,no_usable_pages,known,,,bpt6k297924g: no usable pages in manifest.,2026-07-17T20:55:36.218644
figaro1854,bpt6k297925v,,failed,0,0,,no_usable_pages,known,,,bpt6k297925v: no usable pages in manifest.,2026-07-17T20:55:36.401921
figaro1854,bpt6k2979267,,failed,0,0,,no_usable_pages,known,,,bpt6k2979267: no usable pages in manifest.,2026-07-17T20:55:36.593928
figaro1854,bpt6k297927m,,failed,0,0,,no_usable_pages,known,,,bpt6k297927m: no usable pages in manifest.,2026-07-17T20:55:36.821274
figaro1854,bpt6k2979280,,failed,0,0,,no_usable_pages,known,,,bpt6k2979280: no usable pages in manifest.,2026-07-17T20:55:36.963568
figaro1854,bpt6k297929c,,failed,0,0,,no_usable_pages,known,,,bpt6k297929c: no usable pages in manifest.,2026-07-17T20:55:37.137742
figaro1854,bpt6k2979309,,failed,0,0,,no_usable_pages,known,,,bpt6k2979309: no usable pages in manifest.,2026-07-17T20:55:37.371489
figaro1854,bpt6k297931p,,failed,0,0,,no_usable_pages,known,,,bpt6k297931p: no usable pages in manifest.,2026-07-17T20:55:37.590677
figaro1854,bpt6k2979322,,failed,0,0,,no_usable_pages,known,,,bpt6k2979322: no usable pages in manifest.,2026-07-17T20:55:37.715267
figaro1854,bpt6k297934t,,failed,0,0,,no_usable_pages,known,,,bpt6k297934t: no usable pages in manifest.,2026-07-17T20:55:38.079913
figaro1854,bpt6k297933f,,failed,0,0,,no_usable_pages,known,,,bpt6k297933f: no usable pages in manifest.,2026-07-17T20:55:38.256580
figaro1854,bpt6k2979356,,failed,0,0,,no_usable_pages,known,,,bpt6k2979356: no usable pages in manifest.,2026-07-17T20:55:38.434639
figaro1854,bpt6k297936k,,failed,0,0,,no_usable_pages,known,,,bpt6k297936k: no usable pages in manifest.,2026-07-17T20:55:38.638274
figaro1854,bpt6k297937z,,failed,0,0,,no_usable_pages,known,,,bpt6k297937z: no usable pages in manifest.,2026-07-17T20:55:38.809641
figaro1854,bpt6k297938b,,failed,0,0,,no_usable_pages,known,,,bpt6k297938b: no usable pages in manifest.,2026-07-17T20:55:39.018899
figaro1854,bpt6k297940n,,failed,0,0,,no_usable_pages,known,,,bpt6k297940n: no usable pages in manifest.,2026-07-17T20:55:39.182214
figaro1854,bpt6k2979411,,failed,0,0,,no_usable_pages,known,,,bpt6k2979411: no usable pages in manifest.,2026-07-17T20:55:39.397995
figaro1854,bpt6k297942d,,failed,0,0,,no_usable_pages,known,,,bpt6k297942d: no usable pages in manifest.,2026-07-17T20:55:39.585333
figaro1854,bpt6k297943s,,failed,0,0,,no_usable_pages,known,,,bpt6k297943s: no usable pages in manifest.,2026-07-17T20:55:39.809158
figaro1854,bpt6k2979445,,failed,0,0,,no_usable_pages,known,,,bpt6k2979445: no usable pages in manifest.,2026-07-17T20:55:40.173566
figaro1854,bpt6k297945j,,failed,0,0,,no_usable_pages,known,,,bpt6k297945j: no usable pages in manifest.,2026-07-17T20:55:40.360767
figaro1854,bpt6k297946x,,failed,0,0,,no_usable_pages,known,,,bpt6k297946x: no usable pages in manifest.,2026-07-17T20:55:40.538078
figaro1854,bpt6k2979479,,failed,0,0,,no_usable_pages,known,,,bpt6k2979479: no usable pages in manifest.,2026-07-17T20:55:40.753963
figaro1854,bpt6k297948p,,failed,0,0,,no_usable_pages,known,,,bpt6k297948p: no usable pages in manifest.,2026-07-17T20:55:40.894278
figaro1854,bpt6k2979492,,failed,0,0,,no_usable_pages,known,,,bpt6k2979492: no usable pages in manifest.,2026-07-17T20:55:41.022096
figaro1854,bpt6k2979500,,failed,0,0,,no_usable_pages,known,,,bpt6k2979500: no usable pages in manifest.,2026-07-17T20:55:41.261987
figaro1854,bpt6k297951c,,failed,0,0,,no_usable_pages,known,,,bpt6k297951c: no usable pages in manifest.,2026-07-17T20:55:41.451853
figaro1854,bpt6k297952r,,failed,0,0,,no_usable_pages,known,,,bpt6k297952r: no usable pages in manifest.,2026-07-17T20:55:41.592527
figaro1854,bpt6k2979534,,failed,0,0,,no_usable_pages,known,,,bpt6k2979534: no usable pages in manifest.,2026-07-17T20:55:41.809411
figaro1854,bpt6k297954h,,failed,0,0,,no_usable_pages,known,,,bpt6k297954h: no usable pages in manifest.,2026-07-17T20:55:41.957224
figaro1854,bpt6k297955w,,failed,0,0,,no_usable_pages,known,,,bpt6k297955w: no usable pages in manifest.,2026-07-17T20:55:42.084171
figaro1854,bpt6k2979568,,failed,0,0,,no_usable_pages,known,,,bpt6k2979568: no usable pages in manifest.,2026-07-17T20:55:42.272757
figaro1854,bpt6k297957n,,failed,0,0,,no_usable_pages,known,,,bpt6k297957n: no usable pages in manifest.,2026-07-17T20:55:42.602663
figaro1854,bpt6k2979581,,failed,0,0,,no_usable_pages,known,,,bpt6k2979581: no usable pages in manifest.,2026-07-17T20:55:42.812695
figaro1854,bpt6k297959d,,failed,0,0,,no_usable_pages,known,,,bpt6k297959d: no usable pages in manifest.,2026-07-17T20:55:43.028323
figaro1854,bpt6k297960b,,failed,0,0,,no_usable_pages,known,,,bpt6k297960b: no usable pages in manifest.,2026-07-17T20:55:43.188894
figaro1854,bpt6k297961q,,failed,0,0,,no_usable_pages,known,,,bpt6k297961q: no usable pages in manifest.,2026-07-17T20:55:43.416388
figaro1854,bpt6k2979623,,failed,0,0,,no_usable_pages,known,,,bpt6k2979623: no usable pages in manifest.,2026-07-17T20:55:43.616245
figaro1854,bpt6k297963g,,failed,0,0,,no_usable_pages,known,,,bpt6k297963g: no usable pages in manifest.,2026-07-17T20:55:43.762934
figaro1854,bpt6k297964v,,failed,0,0,,no_usable_pages,known,,,bpt6k297964v: no usable pages in manifest.,2026-07-17T20:55:44.068734
figaro1854,bpt6k2979657,,failed,0,0,,no_usable_pages,known,,,bpt6k2979657: no usable pages in manifest.,2026-07-17T20:55:44.250309
figaro1854,bpt6k2979670,,failed,0,0,,no_usable_pages,known,,,bpt6k2979670: no usable pages in manifest.,2026-07-17T20:55:44.473572
figaro1854,bpt6k297968c,,failed,0,0,,no_usable_pages,known,,,bpt6k297968c: no usable pages in manifest.,2026-07-17T20:55:44.783694
figaro1854,bpt6k297969r,,failed,0,0,,no_usable_pages,known,,,bpt6k297969r: no usable pages in manifest.,2026-07-17T20:55:45.014657
figaro1854,bpt6k297970p,,failed,0,0,,no_usable_pages,known,,,bpt6k297970p: no usable pages in manifest.,2026-07-17T20:55:45.288887
figaro1854,bpt6k2979712,,failed,0,0,,no_usable_pages,known,,,bpt6k2979712: no usable pages in manifest.,2026-07-17T20:55:45.479883
figaro1854,bpt6k297972f,,failed,0,0,,no_usable_pages,known,,,bpt6k297972f: no usable pages in manifest.,2026-07-17T20:55:45.651910
figaro1854,bpt6k297973t,,failed,0,0,,no_usable_pages,known,,,bpt6k297973t: no usable pages in manifest.,2026-07-17T20:55:45.812919
figaro1854,bpt6k2979746,,failed,0,0,,no_usable_pages,known,,,bpt6k2979746: no usable pages in manifest.,2026-07-17T20:55:46.051806
figaro1854,bpt6k297975k,,failed,0,0,,no_usable_pages,known,,,bpt6k297975k: no usable pages in manifest.,2026-07-17T20:55:46.366983
figaro1854,bpt6k297976z,,failed,0,0,,no_usable_pages,known,,,bpt6k297976z: no usable pages in manifest.,2026-07-17T20:55:46.606876
figaro1854,bpt6k297977b,,failed,0,0,,no_usable_pages,known,,,bpt6k297977b: no usable pages in manifest.,2026-07-17T20:55:46.800203
figaro1854,bpt6k297978q,,failed,0,0,,no_usable_pages,known,,,bpt6k297978q: no usable pages in manifest.,2026-07-17T20:55:47.019198
figaro1854,bpt6k2979793,,failed,0,0,,no_usable_pages,known,,,bpt6k2979793: no usable pages in manifest.,2026-07-17T20:55:47.238669
figaro1854,bpt6k2979801,,failed,0,0,,no_usable_pages,known,,,bpt6k2979801: no usable pages in manifest.,2026-07-17T20:55:47.466463
figaro1854,bpt6k297981d,,failed,0,0,,no_usable_pages,known,,,bpt6k297981d: no usable pages in manifest.,2026-07-17T20:55:47.700818
figaro1854,bpt6k297982s,,failed,0,0,,no_usable_pages,known,,,bpt6k297982s: no usable pages in manifest.,2026-07-17T20:55:47.878011
figaro1854,bpt6k2979835,,failed,0,0,,no_usable_pages,known,,,bpt6k2979835: no usable pages in manifest.,2026-07-17T20:55:48.084839
figaro1854,bpt6k297984j,,failed,0,0,,no_usable_pages,known,,,bpt6k297984j: no usable pages in manifest.,2026-07-17T20:55:48.267201
figaro1854,bpt6k297985x,,failed,0,0,,no_usable_pages,known,,,bpt6k297985x: no usable pages in manifest.,2026-07-17T20:55:48.544083
figaro1854,bpt6k2979869,,failed,0,0,,no_usable_pages,known,,,bpt6k2979869: no usable pages in manifest.,2026-07-17T20:55:48.785136
figaro1854,bpt6k297987p,,failed,0,0,,no_usable_pages,known,,,bpt6k297987p: no usable pages in manifest.,2026-07-17T20:55:49.233946
figaro1854,bpt6k2979882,,failed,0,0,,no_usable_pages,known,,,bpt6k2979882: no usable pages in manifest.,2026-07-17T20:55:49.452285
figaro1854,bpt6k297989f,,failed,0,0,,no_usable_pages,known,,,bpt6k297989f: no usable pages in manifest.,2026-07-17T20:55:49.853110
figaro1854,bpt6k297990c,,failed,0,0,,no_usable_pages,known,,,bpt6k297990c: no usable pages in manifest.,2026-07-17T20:55:50.069128
figaro1854,bpt6k297991r,,failed,0,0,,no_usable_pages,known,,,bpt6k297991r: no usable pages in manifest.,2026-07-17T20:55:50.299513
figaro1854,bpt6k2979924,,failed,0,0,,no_usable_pages,known,,,bpt6k2979924: no usable pages in manifest.,2026-07-17T20:55:50.531602
figaro1854,bpt6k297993h,,failed,0,0,,no_usable_pages,known,,,bpt6k297993h: no usable pages in manifest.,2026-07-17T20:55:50.839020
figaro1854,bpt6k297994w,,failed,0,0,,no_usable_pages,known,,,bpt6k297994w: no usable pages in manifest.,2026-07-17T20:55:51.032952
figaro1854,bpt6k2979958,,failed,0,0,,no_usable_pages,known,,,bpt6k2979958: no usable pages in manifest.,2026-07-17T20:55:51.294176
figaro1854,bpt6k297996n,,failed,0,0,,no_usable_pages,known,,,bpt6k297996n: no usable pages in manifest.,2026-07-17T20:55:51.586112
figaro1854,bpt6k2979971,,failed,0,0,,no_usable_pages,known,,,bpt6k2979971: no usable pages in manifest.,2026-07-17T20:55:51.901465
figaro1854,bpt6k297998d,,failed,0,0,,no_usable_pages,known,,,bpt6k297998d: no usable pages in manifest.,2026-07-17T20:55:52.127541
figaro1854,bpt6k297999s,,failed,0,0,,no_usable_pages,known,,,bpt6k297999s: no usable pages in manifest.,2026-07-17T20:55:52.310517
figaro1854,bpt6k298000r,,failed,0,0,,no_usable_pages,known,,,bpt6k298000r: no usable pages in manifest.,2026-07-17T20:55:52.485774
figaro1854,bpt6k2980014,,failed,0,0,,no_usable_pages,known,,,bpt6k2980014: no usable pages in manifest.,2026-07-17T20:55:52.675820
figaro1854,bpt6k298002h,,failed,0,0,,no_usable_pages,known,,,bpt6k298002h: no usable pages in manifest.,2026-07-17T20:55:52.927606
figaro1854,bpt6k298003w,,failed,0,0,,no_usable_pages,known,,,bpt6k298003w: no usable pages in manifest.,2026-07-17T20:55:53.236313
figaro1854,bpt6k2980048,,failed,0,0,,no_usable_pages,known,,,bpt6k2980048: no usable pages in manifest.,2026-07-17T20:55:53.389108
figaro1854,bpt6k298005n,,failed,0,0,,no_usable_pages,known,,,bpt6k298005n: no usable pages in manifest.,2026-07-17T20:55:53.590689
figaro1854,bpt6k2980061,,failed,0,0,,no_usable_pages,known,,,bpt6k2980061: no usable pages in manifest.,2026-07-17T20:55:53.807021
figaro1854,bpt6k298007d,,failed,0,0,,no_usable_pages,known,,,bpt6k298007d: no usable pages in manifest.,2026-07-17T20:55:54.042691
figaro1854,bpt6k298008s,,failed,0,0,,no_usable_pages,known,,,bpt6k298008s: no usable pages in manifest.,2026-07-17T20:55:54.313615
figaro1854,bpt6k2980095,,failed,0,0,,no_usable_pages,known,,,bpt6k2980095: no usable pages in manifest.,2026-07-17T20:55:54.560524
figaro1854,bpt6k2980103,,failed,0,0,,no_usable_pages,known,,,bpt6k2980103: no usable pages in manifest.,2026-07-17T20:55:54.719370
figaro1854,bpt6k298011g,,failed,0,0,,no_usable_pages,known,,,bpt6k298011g: no usable pages in manifest.,2026-07-17T20:55:54.890069
figaro1854,bpt6k298012v,,failed,0,0,,no_usable_pages,known,,,bpt6k298012v: no usable pages in manifest.,2026-07-17T20:55:55.133198
figaro1854,bpt6k2980137,,failed,0,0,,no_usable_pages,known,,,bpt6k2980137: no usable pages in manifest.,2026-07-17T20:55:55.420471
figaro1854,bpt6k298014m,,failed,0,0,,no_usable_pages,known,,,bpt6k298014m: no usable pages in manifest.,2026-07-17T20:55:55.561108
figaro1854,bpt6k2980150,,failed,0,0,,no_usable_pages,known,,,bpt6k2980150: no usable pages in manifest.,2026-07-17T20:55:55.734511
figaro1854,bpt6k298016c,,failed,0,0,,no_usable_pages,known,,,bpt6k298016c: no usable pages in manifest.,2026-07-17T20:55:55.869448
figaro1854,bpt6k298017r,,failed,0,0,,no_usable_pages,known,,,bpt6k298017r: no usable pages in manifest.,2026-07-17T20:55:56.055831
figaro1854,bpt6k2980184,,failed,0,0,,no_usable_pages,known,,,bpt6k2980184: no usable pages in manifest.,2026-07-17T20:55:56.309969
figaro1854,bpt6k298020f,,failed,0,0,,no_usable_pages,known,,,bpt6k298020f: no usable pages in manifest.,2026-07-17T20:55:56.612813
figaro1854,bpt6k298021t,,failed,0,0,,no_usable_pages,known,,,bpt6k298021t: no usable pages in manifest.,2026-07-17T20:55:56.797936
figaro1854,bpt6k2980226,,failed,0,0,,no_usable_pages,known,,,bpt6k2980226: no usable pages in manifest.,2026-07-17T20:55:56.982135
figaro1854,bpt6k298023k,,failed,0,0,,no_usable_pages,known,,,bpt6k298023k: no usable pages in manifest.,2026-07-17T20:55:57.167275
figaro1854,bpt6k298024z,,failed,0,0,,no_usable_pages,known,,,bpt6k298024z: no usable pages in manifest.,2026-07-17T20:55:57.452161
figaro1854,bpt6k298025b,,failed,0,0,,no_usable_pages,known,,,bpt6k298025b: no usable pages in manifest.,2026-07-17T20:55:57.757693
figaro1854,bpt6k298026q,,failed,0,0,,no_usable_pages,known,,,bpt6k298026q: no usable pages in manifest.,2026-07-17T20:55:57.919852
figaro1854,bpt6k2980273,,failed,0,0,,no_usable_pages,known,,,bpt6k2980273: no usable pages in manifest.,2026-07-17T20:55:58.147395
figaro1854,bpt6k298028g,,failed,0,0,,no_usable_pages,known,,,bpt6k298028g: no usable pages in manifest.,2026-07-17T20:55:58.531244
figaro1854,bpt6k298029v,,failed,0,0,,no_usable_pages,known,,,bpt6k298029v: no usable pages in manifest.,2026-07-17T20:55:58.777490
figaro1854,bpt6k298030s,,failed,0,0,,no_usable_pages,known,,,bpt6k298030s: no usable pages in manifest.,2026-07-17T20:55:58.950147
figaro1854,bpt6k2980315,,failed,0,0,,no_usable_pages,known,,,bpt6k2980315: no usable pages in manifest.,2026-07-17T20:55:59.221510
figaro1854,bpt6k298032j,,failed,0,0,,no_usable_pages,known,,,bpt6k298032j: no usable pages in manifest.,2026-07-17T20:55:59.488178
figaro1854,bpt6k298033x,,failed,0,0,,no_usable_pages,known,,,bpt6k298033x: no usable pages in manifest.,2026-07-17T20:55:59.923463
figaro1854,bpt6k2980349,,failed,0,0,,no_usable_pages,known,,,bpt6k2980349: no usable pages in manifest.,2026-07-17T20:56:00.150537
figaro1854,bpt6k298035p,,failed,0,0,,no_usable_pages,known,,,bpt6k298035p: no usable pages in manifest.,2026-07-17T20:56:00.469850
figaro1854,bpt6k2980362,,failed,0,0,,no_usable_pages,known,,,bpt6k2980362: no usable pages in manifest.,2026-07-17T20:56:00.712197
figaro1854,bpt6k298037f,,failed,0,0,,no_usable_pages,known,,,bpt6k298037f: no usable pages in manifest.,2026-07-17T20:56:01.061033
figaro1854,bpt6k298038t,,failed,0,0,,no_usable_pages,known,,,bpt6k298038t: no usable pages in manifest.,2026-07-17T20:56:01.239849
figaro1854,bpt6k2980396,,failed,0,0,,no_usable_pages,known,,,bpt6k2980396: no usable pages in manifest.,2026-07-17T20:56:01.430600
figaro1854,bpt6k2980404,,failed,0,0,,no_usable_pages,known,,,bpt6k2980404: no usable pages in manifest.,2026-07-17T20:56:01.612154
figaro1854,bpt6k298041h,,failed,0,0,,no_usable_pages,known,,,bpt6k298041h: no usable pages in manifest.,2026-07-17T20:56:01.823081
figaro1854,bpt6k298042w,,failed,0,0,,no_usable_pages,known,,,bpt6k298042w: no usable pages in manifest.,2026-07-17T20:56:02.069311
figaro1854,bpt6k2980438,,failed,0,0,,no_usable_pages,known,,,bpt6k2980438: no usable pages in manifest.,2026-07-17T20:56:02.243561
figaro1854,bpt6k298044n,,failed,0,0,,no_usable_pages,known,,,bpt6k298044n: no usable pages in manifest.,2026-07-17T20:56:02.457244
figaro1854,bpt6k2980451,,failed,0,0,,no_usable_pages,known,,,bpt6k2980451: no usable pages in manifest.,2026-07-17T20:56:02.783622
figaro1854,bpt6k298046d,,failed,0,0,,no_usable_pages,known,,,bpt6k298046d: no usable pages in manifest.,2026-07-17T20:56:02.958138
figaro1854,bpt6k298047s,,failed,0,0,,no_usable_pages,known,,,bpt6k298047s: no usable pages in manifest.,2026-07-17T20:56:03.266308
figaro1854,bpt6k2980485,,failed,0,0,,no_usable_pages,known,,,bpt6k2980485: no usable pages in manifest.,2026-07-17T20:56:03.409399
figaro1854,bpt6k298049j,,failed,0,0,,no_usable_pages,known,,,bpt6k298049j: no usable pages in manifest.,2026-07-17T20:56:03.582378
figaro1854,bpt6k298050g,,failed,0,0,,no_usable_pages,known,,,bpt6k298050g: no usable pages in manifest.,2026-07-17T20:56:03.827076
figaro1854,bpt6k298051v,,failed,0,0,,no_usable_pages,known,,,bpt6k298051v: no usable pages in manifest.,2026-07-17T20:56:04.097649
figaro1854,bpt6k2980527,,failed,0,0,,no_usable_pages,known,,,bpt6k2980527: no usable pages in manifest.,2026-07-17T20:56:04.374825
figaro1854,bpt6k298053m,,failed,0,0,,no_usable_pages,known,,,bpt6k298053m: no usable pages in manifest.,2026-07-17T20:56:04.534204
figaro1854,bpt6k2980540,,failed,0,0,,no_usable_pages,known,,,bpt6k2980540: no usable pages in manifest.,2026-07-17T20:56:04.878604
figaro1854,bpt6k298055c,,failed,0,0,,no_usable_pages,known,,,bpt6k298055c: no usable pages in manifest.,2026-07-17T20:56:05.236695
figaro1854,bpt6k298056r,,failed,0,0,,no_usable_pages,known,,,bpt6k298056r: no usable pages in manifest.,2026-07-17T20:56:05.610215
figaro1854,bpt6k2980574,,failed,0,0,,no_usable_pages,known,,,bpt6k2980574: no usable pages in manifest.,2026-07-17T20:56:05.841920
figaro1854,bpt6k298058h,,failed,0,0,,no_usable_pages,known,,,bpt6k298058h: no usable pages in manifest.,2026-07-17T20:56:05.980846
figaro1854,bpt6k298059w,,failed,0,0,,no_usable_pages,known,,,bpt6k298059w: no usable pages in manifest.,2026-07-17T20:56:06.164585
figaro1854,bpt6k298060t,,failed,0,0,,no_usable_pages,known,,,bpt6k298060t: no usable pages in manifest.,2026-07-17T20:56:06.331591
figaro1854,bpt6k2980616,,failed,0,0,,no_usable_pages,known,,,bpt6k2980616: no usable pages in manifest.,2026-07-17T20:56:06.607234
figaro1854,bpt6k298062k,,failed,0,0,,no_usable_pages,known,,,bpt6k298062k: no usable pages in manifest.,2026-07-17T20:56:06.785041
figaro1854,bpt6k298063z,,failed,0,0,,no_usable_pages,known,,,bpt6k298063z: no usable pages in manifest.,2026-07-17T20:56:07.148462
figaro1854,bpt6k298064b,,failed,0,0,,no_usable_pages,known,,,bpt6k298064b: no usable pages in manifest.,2026-07-17T20:56:07.319932
figaro1854,bpt6k298065q,,failed,0,0,,no_usable_pages,known,,,bpt6k298065q: no usable pages in manifest.,2026-07-17T20:56:07.480771
figaro1854,bpt6k2980663,,failed,0,0,,no_usable_pages,known,,,bpt6k2980663: no usable pages in manifest.,2026-07-17T20:56:07.698813
figaro1854,bpt6k298067g,,failed,0,0,,no_usable_pages,known,,,bpt6k298067g: no usable pages in manifest.,2026-07-17T20:56:07.903405
figaro1854,bpt6k298068v,,failed,0,0,,no_usable_pages,known,,,bpt6k298068v: no usable pages in manifest.,2026-07-17T20:56:08.098653
figaro1854,bpt6k2980697,,failed,0,0,,no_usable_pages,known,,,bpt6k2980697: no usable pages in manifest.,2026-07-17T20:56:08.279076
figaro1854,bpt6k2980705,,failed,0,0,,no_usable_pages,known,,,bpt6k2980705: no usable pages in manifest.,2026-07-17T20:56:08.435168
figaro1854,bpt6k298071j,,failed,0,0,,no_usable_pages,known,,,bpt6k298071j: no usable pages in manifest.,2026-07-17T20:56:08.684425
figaro1854,bpt6k298072x,,failed,0,0,,no_usable_pages,known,,,bpt6k298072x: no usable pages in manifest.,2026-07-17T20:56:08.994821
figaro1854,bpt6k2980739,,failed,0,0,,no_usable_pages,known,,,bpt6k2980739: no usable pages in manifest.,2026-07-17T20:56:09.319846
figaro1854,bpt6k298074p,,failed,0,0,,no_usable_pages,known,,,bpt6k298074p: no usable pages in manifest.,2026-07-17T20:56:09.620439
figaro1854,bpt6k2980752,,failed,0,0,,no_usable_pages,known,,,bpt6k2980752: no usable pages in manifest.,2026-07-17T20:56:09.949161
figaro1854,bpt6k298076f,,failed,0,0,,no_usable_pages,known,,,bpt6k298076f: no usable pages in manifest.,2026-07-17T20:56:10.276261
figaro1854,bpt6k298077t,,failed,0,0,,no_usable_pages,known,,,bpt6k298077t: no usable pages in manifest.,2026-07-17T20:56:10.526689
figaro1854,bpt6k2980786,,failed,0,0,,no_usable_pages,known,,,bpt6k2980786: no usable pages in manifest.,2026-07-17T20:56:10.773658
figaro1854,bpt6k298079k,,failed,0,0,,no_usable_pages,known,,,bpt6k298079k: no usable pages in manifest.,2026-07-17T20:56:11.040974
figaro1854,bpt6k298081w,,failed,0,0,,no_usable_pages,known,,,bpt6k298081w: no usable pages in manifest.,2026-07-17T20:56:11.210538
figaro1854,bpt6k2980828,,failed,0,0,,no_usable_pages,known,,,bpt6k2980828: no usable pages in manifest.,2026-07-17T20:56:11.420258
figaro1854,bpt6k298083n,,failed,0,0,,no_usable_pages,known,,,bpt6k298083n: no usable pages in manifest.,2026-07-17T20:56:11.739716
figaro1854,bpt6k2980841,,failed,0,0,,no_usable_pages,known,,,bpt6k2980841: no usable pages in manifest.,2026-07-17T20:56:12.183910
figaro1854,bpt6k298085d,,failed,0,0,,no_usable_pages,known,,,bpt6k298085d: no usable pages in manifest.,2026-07-17T20:56:12.358326
figaro1854,bpt6k298086s,,failed,0,0,,no_usable_pages,known,,,bpt6k298086s: no usable pages in manifest.,2026-07-17T20:56:12.527311
figaro1854,bpt6k2980875,,failed,0,0,,no_usable_pages,known,,,bpt6k2980875: no usable pages in manifest.,2026-07-17T20:56:12.755322
figaro1854,bpt6k298088j,,failed,0,0,,no_usable_pages,known,,,bpt6k298088j: no usable pages in manifest.,2026-07-17T20:56:12.974165
figaro1854,bpt6k298089x,,failed,0,0,,no_usable_pages,known,,,bpt6k298089x: no usable pages in manifest.,2026-07-17T20:56:13.194858
figaro1854,bpt6k298090v,,failed,0,0,,no_usable_pages,known,,,bpt6k298090v: no usable pages in manifest.,2026-07-17T20:56:13.311449
figaro1854,bpt6k2980917,,failed,0,0,,no_usable_pages,known,,,bpt6k2980917: no usable pages in manifest.,2026-07-17T20:56:13.474521
figaro1854,bpt6k298092m,,failed,0,0,,no_usable_pages,known,,,bpt6k298092m: no usable pages in manifest.,2026-07-17T20:56:13.602150
figaro1854,bpt6k298094c,,failed,0,0,,no_usable_pages,known,,,bpt6k298094c: no usable pages in manifest.,2026-07-17T20:56:13.898448
figaro1854,bpt6k298095r,,failed,0,0,,no_usable_pages,known,,,bpt6k298095r: no usable pages in manifest.,2026-07-17T20:56:14.269991
figaro1854,bpt6k2980964,,failed,0,0,,no_usable_pages,known,,,bpt6k2980964: no usable pages in manifest.,2026-07-17T20:56:14.478531
figaro1854,bpt6k298097h,,failed,0,0,,no_usable_pages,known,,,bpt6k298097h: no usable pages in manifest.,2026-07-17T20:56:14.685279
figaro1854,bpt6k298098w,,failed,0,0,,no_usable_pages,known,,,bpt6k298098w: no usable pages in manifest.,2026-07-17T20:56:14.846482
figaro1854,bpt6k2980998,,failed,0,0,,no_usable_pages,known,,,bpt6k2980998: no usable pages in manifest.,2026-07-17T20:56:15.014742
figaro1854,bpt6k2981002,,failed,0,0,,no_usable_pages,known,,,bpt6k2981002: no usable pages in manifest.,2026-07-17T20:56:15.257492
figaro1854,bpt6k298101f,,failed,0,0,,no_usable_pages,known,,,bpt6k298101f: no usable pages in manifest.,2026-07-17T20:56:15.578920
figaro1854,bpt6k298102t,,failed,0,0,,no_usable_pages,known,,,bpt6k298102t: no usable pages in manifest.,2026-07-17T20:56:15.841713
figaro1854,bpt6k2981036,,failed,0,0,,no_usable_pages,known,,,bpt6k2981036: no usable pages in manifest.,2026-07-17T20:56:16.138185
figaro1854,bpt6k298104k,,failed,0,0,,no_usable_pages,known,,,bpt6k298104k: no usable pages in manifest.,2026-07-17T20:56:16.438302
figaro1854,bpt6k298105z,,failed,0,0,,no_usable_pages,known,,,bpt6k298105z: no usable pages in manifest.,2026-07-17T20:56:16.706659
figaro1854,bpt6k298106b,,failed,0,0,,no_usable_pages,known,,,bpt6k298106b: no usable pages in manifest.,2026-07-17T20:56:16.892694
figaro1854,bpt6k298107q,,failed,0,0,,no_usable_pages,known,,,bpt6k298107q: no usable pages in manifest.,2026-07-17T20:56:17.124884
figaro1854,bpt6k2981083,,failed,0,0,,no_usable_pages,known,,,bpt6k2981083: no usable pages in manifest.,2026-07-17T20:56:17.313207
figaro1854,bpt6k298109g,,failed,0,0,,no_usable_pages,known,,,bpt6k298109g: no usable pages in manifest.,2026-07-17T20:56:17.546921
figaro1854,bpt6k298110d,,failed,0,0,,no_usable_pages,known,,,bpt6k298110d: no usable pages in manifest.,2026-07-17T20:56:17.803030
figaro1854,bpt6k298111s,,failed,0,0,,no_usable_pages,known,,,bpt6k298111s: no usable pages in manifest.,2026-07-17T20:56:17.979860
figaro1854,bpt6k2981159,,failed,0,0,,no_usable_pages,known,,,bpt6k2981159: no usable pages in manifest.,2026-07-17T20:56:18.231587
figaro1854,bpt6k298116p,,failed,0,0,,no_usable_pages,known,,,bpt6k298116p: no usable pages in manifest.,2026-07-17T20:56:18.492491
figaro1854,bpt6k2981172,,failed,0,0,,no_usable_pages,known,,,bpt6k2981172: no usable pages in manifest.,2026-07-17T20:56:18.862192
figaro1854,bpt6k298118f,,failed,0,0,,no_usable_pages,known,,,bpt6k298118f: no usable pages in manifest.,2026-07-17T20:56:19.077062
figaro1854,bpt6k298119t,,failed,0,0,,no_usable_pages,known,,,bpt6k298119t: no usable pages in manifest.,2026-07-17T20:56:19.365684
figaro1854,bpt6k298120r,,failed,0,0,,no_usable_pages,known,,,bpt6k298120r: no usable pages in manifest.,2026-07-17T20:56:19.615881
figaro1854,bpt6k2981214,,failed,0,0,,no_usable_pages,known,,,bpt6k2981214: no usable pages in manifest.,2026-07-17T20:56:19.900046
figaro1854,bpt6k298122h,,failed,0,0,,no_usable_pages,known,,,bpt6k298122h: no usable pages in manifest.,2026-07-17T20:56:20.155545
figaro1854,bpt6k298123w,,failed,0,0,,no_usable_pages,known,,,bpt6k298123w: no usable pages in manifest.,2026-07-17T20:56:20.447639
figaro1854,bpt6k2981248,,failed,0,0,,no_usable_pages,known,,,bpt6k2981248: no usable pages in manifest.,2026-07-17T20:56:20.635051
figaro1854,bpt6k298125n,,failed,0,0,,no_usable_pages,known,,,bpt6k298125n: no usable pages in manifest.,2026-07-17T20:56:20.812121
figaro1854,bpt6k2981261,,failed,0,0,,no_usable_pages,known,,,bpt6k2981261: no usable pages in manifest.,2026-07-17T20:56:21.117948
figaro1854,bpt6k298127d,,failed,0,0,,no_usable_pages,known,,,bpt6k298127d: no usable pages in manifest.,2026-07-17T20:56:21.281020
figaro1854,bpt6k2981295,,failed,0,0,,no_usable_pages,known,,,bpt6k2981295: no usable pages in manifest.,2026-07-17T20:56:21.497061
figaro1854,bpt6k2981303,,failed,0,0,,no_usable_pages,known,,,bpt6k2981303: no usable pages in manifest.,2026-07-17T20:56:21.695410
figaro1854,bpt6k298131g,,failed,0,0,,no_usable_pages,known,,,bpt6k298131g: no usable pages in manifest.,2026-07-17T20:56:21.873306
figaro1854,bpt6k298132v,,failed,0,0,,no_usable_pages,known,,,bpt6k298132v: no usable pages in manifest.,2026-07-17T20:56:22.212577
figaro1854,bpt6k2981337,,failed,0,0,,no_usable_pages,known,,,bpt6k2981337: no usable pages in manifest.,2026-07-17T20:56:22.541661
figaro1854,bpt6k298134m,,failed,0,0,,no_usable_pages,known,,,bpt6k298134m: no usable pages in manifest.,2026-07-17T20:56:22.890375
figaro1854,bpt6k2981350,,failed,0,0,,no_usable_pages,known,,,bpt6k2981350: no usable pages in manifest.,2026-07-17T20:56:23.137929
figaro1854,bpt6k298136c,,failed,0,0,,no_usable_pages,known,,,bpt6k298136c: no usable pages in manifest.,2026-07-17T20:56:23.468155
figaro1854,bpt6k298137r,,failed,0,0,,no_usable_pages,known,,,bpt6k298137r: no usable pages in manifest.,2026-07-17T20:56:23.652216
figaro1854,bpt6k2981384,,failed,0,0,,no_usable_pages,known,,,bpt6k2981384: no usable pages in manifest.,2026-07-17T20:56:23.844185
figaro1854,bpt6k298139h,,failed,0,0,,no_usable_pages,known,,,bpt6k298139h: no usable pages in manifest.,2026-07-17T20:56:23.982920
figaro1854,bpt6k298140f,,failed,0,0,,no_usable_pages,known,,,bpt6k298140f: no usable pages in manifest.,2026-07-17T20:56:24.132002
figaro1854,bpt6k298141t,,failed,0,0,,no_usable_pages,known,,,bpt6k298141t: no usable pages in manifest.,2026-07-17T20:56:24.290364
figaro1854,bpt6k2981426,,failed,0,0,,no_usable_pages,known,,,bpt6k2981426: no usable pages in manifest.,2026-07-17T20:56:24.524110
figaro1854,bpt6k298143k,,failed,0,0,,no_usable_pages,known,,,bpt6k298143k: no usable pages in manifest.,2026-07-17T20:56:24.722852
figaro1854,bpt6k298144z,,failed,0,0,,no_usable_pages,known,,,bpt6k298144z: no usable pages in manifest.,2026-07-17T20:56:24.994887
figaro1854,bpt6k298146q,,failed,0,0,,no_usable_pages,known,,,bpt6k298146q: no usable pages in manifest.,2026-07-17T20:56:25.396246
figaro1854,bpt6k298148g,,failed,0,0,,no_usable_pages,known,,,bpt6k298148g: no usable pages in manifest.,2026-07-17T20:56:25.650531
figaro1854,bpt6k298149v,,failed,0,0,,no_usable_pages,known,,,bpt6k298149v: no usable pages in manifest.,2026-07-17T20:56:25.822041
figaro1854,bpt6k298150s,,failed,0,0,,no_usable_pages,known,,,bpt6k298150s: no usable pages in manifest.,2026-07-17T20:56:26.056097
figaro1854,bpt6k2981515,,failed,0,0,,no_usable_pages,known,,,bpt6k2981515: no usable pages in manifest.,2026-07-17T20:56:26.245223
figaro1854,bpt6k298152j,,failed,0,0,,no_usable_pages,known,,,bpt6k298152j: no usable pages in manifest.,2026-07-17T20:56:26.461507
figaro1854,bpt6k298153x,,failed,0,0,,no_usable_pages,known,,,bpt6k298153x: no usable pages in manifest.,2026-07-17T20:56:26.787013
figaro1854,bpt6k2981549,,failed,0,0,,no_usable_pages,known,,,bpt6k2981549: no usable pages in manifest.,2026-07-17T20:56:26.940422
figaro1854,bpt6k298155p,,failed,0,0,,no_usable_pages,known,,,bpt6k298155p: no usable pages in manifest.,2026-07-17T20:56:27.187144
figaro1854,bpt6k2981562,,failed,0,0,,no_usable_pages,known,,,bpt6k2981562: no usable pages in manifest.,2026-07-17T20:56:27.477184
figaro1854,bpt6k298157f,,failed,0,0,,no_usable_pages,known,,,bpt6k298157f: no usable pages in manifest.,2026-07-17T20:56:27.884737
figaro1854,bpt6k298158t,,failed,0,0,,no_usable_pages,known,,,bpt6k298158t: no usable pages in manifest.,2026-07-17T20:56:28.206166
figaro1854,bpt6k2981596,,failed,0,0,,no_usable_pages,known,,,bpt6k2981596: no usable pages in manifest.,2026-07-17T20:56:28.364710
figaro1854,bpt6k2981604,,failed,0,0,,no_usable_pages,known,,,bpt6k2981604: no usable pages in manifest.,2026-07-17T20:56:28.540354
figaro1854,bpt6k298161h,,failed,0,0,,no_usable_pages,known,,,bpt6k298161h: no usable pages in manifest.,2026-07-17T20:56:28.849497
figaro1854,bpt6k298162w,,failed,0,0,,no_usable_pages,known,,,bpt6k298162w: no usable pages in manifest.,2026-07-17T20:56:29.072432
figaro1854,bpt6k2981638,,failed,0,0,,no_usable_pages,known,,,bpt6k2981638: no usable pages in manifest.,2026-07-17T20:56:29.326968
figaro1854,bpt6k298164n,,failed,0,0,,no_usable_pages,known,,,bpt6k298164n: no usable pages in manifest.,2026-07-17T20:56:29.576895
figaro1854,bpt6k2981651,,failed,0,0,,no_usable_pages,known,,,bpt6k2981651: no usable pages in manifest.,2026-07-17T20:56:29.981187
figaro1854,bpt6k298166d,,failed,0,0,,no_usable_pages,known,,,bpt6k298166d: no usable pages in manifest.,2026-07-17T20:56:30.224401
figaro1854,bpt6k298167s,,failed,0,0,,no_usable_pages,known,,,bpt6k298167s: no usable pages in manifest.,2026-07-17T20:56:30.412882
figaro1854,bpt6k2981685,,failed,0,0,,no_usable_pages,known,,,bpt6k2981685: no usable pages in manifest.,2026-07-17T20:56:30.572124
figaro1854,bpt6k298169j,,failed,0,0,,no_usable_pages,known,,,bpt6k298169j: no usable pages in manifest.,2026-07-17T20:56:30.724008
figaro1854,bpt6k298171v,,failed,0,0,,no_usable_pages,known,,,bpt6k298171v: no usable pages in manifest.,2026-07-17T20:56:30.869117
figaro1854,bpt6k2981727,,failed,0,0,,no_usable_pages,known,,,bpt6k2981727: no usable pages in manifest.,2026-07-17T20:56:31.041548
figaro1854,bpt6k298173m,,failed,0,0,,no_usable_pages,known,,,bpt6k298173m: no usable pages in manifest.,2026-07-17T20:56:31.282924
figaro1854,bpt6k2981740,,failed,0,0,,no_usable_pages,known,,,bpt6k2981740: no usable pages in manifest.,2026-07-17T20:56:31.504262
figaro1854,bpt6k298175c,,failed,0,0,,no_usable_pages,known,,,bpt6k298175c: no usable pages in manifest.,2026-07-17T20:56:31.657476
figaro1854,bpt6k298176r,,failed,0,0,,no_usable_pages,known,,,bpt6k298176r: no usable pages in manifest.,2026-07-17T20:56:31.845120
figaro1854,bpt6k2981774,,failed,0,0,,no_usable_pages,known,,,bpt6k2981774: no usable pages in manifest.,2026-07-17T20:56:32.072361
figaro1854,bpt6k298178h,,failed,0,0,,no_usable_pages,known,,,bpt6k298178h: no usable pages in manifest.,2026-07-17T20:56:32.337960
figaro1854,bpt6k298179w,,failed,0,0,,no_usable_pages,known,,,bpt6k298179w: no usable pages in manifest.,2026-07-17T20:56:32.526377
figaro1854,bpt6k298180t,,failed,0,0,,no_usable_pages,known,,,bpt6k298180t: no usable pages in manifest.,2026-07-17T20:56:32.694750
figaro1854,bpt6k2981816,,failed,0,0,,no_usable_pages,known,,,bpt6k2981816: no usable pages in manifest.,2026-07-17T20:56:32.856597
figaro1854,bpt6k298182k,,failed,0,0,,no_usable_pages,known,,,bpt6k298182k: no usable pages in manifest.,2026-07-17T20:56:33.043181
figaro1854,bpt6k298183z,,failed,0,0,,no_usable_pages,known,,,bpt6k298183z: no usable pages in manifest.,2026-07-17T20:56:33.368877
figaro1854,bpt6k298184b,,failed,0,0,,no_usable_pages,known,,,bpt6k298184b: no usable pages in manifest.,2026-07-17T20:56:33.582814
figaro1854,bpt6k298185q,,failed,0,0,,no_usable_pages,known,,,bpt6k298185q: no usable pages in manifest.,2026-07-17T20:56:33.812032
figaro1854,bpt6k2981863,,failed,0,0,,no_usable_pages,known,,,bpt6k2981863: no usable pages in manifest.,2026-07-17T20:56:34.065225
figaro1854,bpt6k298187g,,failed,0,0,,no_usable_pages,known,,,bpt6k298187g: no usable pages in manifest.,2026-07-17T20:56:34.292160
figaro1854,bpt6k298188v,,failed,0,0,,no_usable_pages,known,,,bpt6k298188v: no usable pages in manifest.,2026-07-17T20:56:34.501203
figaro1854,bpt6k2981897,,failed,0,0,,no_usable_pages,known,,,bpt6k2981897: no usable pages in manifest.,2026-07-17T20:56:34.722960
figaro1854,bpt6k2981905,,failed,0,0,,no_usable_pages,known,,,bpt6k2981905: no usable pages in manifest.,2026-07-17T20:56:34.885164
figaro1854,bpt6k298191j,,failed,0,0,,no_usable_pages,known,,,bpt6k298191j: no usable pages in manifest.,2026-07-17T20:56:35.042248
figaro1854,bpt6k298192x,,failed,0,0,,no_usable_pages,known,,,bpt6k298192x: no usable pages in manifest.,2026-07-17T20:56:35.158217
figaro1854,bpt6k2981939,,failed,0,0,,no_usable_pages,known,,,bpt6k2981939: no usable pages in manifest.,2026-07-17T20:56:35.337667
figaro1854,bpt6k298194p,,failed,0,0,,no_usable_pages,known,,,bpt6k298194p: no usable pages in manifest.,2026-07-17T20:56:35.589167
figaro1854,bpt6k2981952,,failed,0,0,,no_usable_pages,known,,,bpt6k2981952: no usable pages in manifest.,2026-07-17T20:56:35.798756
figaro1854,bpt6k298196f,,failed,0,0,,no_usable_pages,known,,,bpt6k298196f: no usable pages in manifest.,2026-07-17T20:56:36.221593
figaro1854,bpt6k298197t,,failed,0,0,,no_usable_pages,known,,,bpt6k298197t: no usable pages in manifest.,2026-07-17T20:56:36.368364
figaro1854,bpt6k298199k,,failed,0,0,,no_usable_pages,known,,,bpt6k298199k: no usable pages in manifest.,2026-07-17T20:56:36.695729
figaro1854,bpt6k298200c,,failed,0,0,,no_usable_pages,known,,,bpt6k298200c: no usable pages in manifest.,2026-07-17T20:56:36.886780
figaro1854,bpt6k298201r,,failed,0,0,,no_usable_pages,known,,,bpt6k298201r: no usable pages in manifest.,2026-07-17T20:56:37.052701
figaro1854,bpt6k2982024,,failed,0,0,,no_usable_pages,known,,,bpt6k2982024: no usable pages in manifest.,2026-07-17T20:56:37.191641
figaro1854,bpt6k298203h,,failed,0,0,,no_usable_pages,known,,,bpt6k298203h: no usable pages in manifest.,2026-07-17T20:56:37.351548
figaro1854,bpt6k298204w,,failed,0,0,,no_usable_pages,known,,,bpt6k298204w: no usable pages in manifest.,2026-07-17T20:56:37.541949
figaro1854,bpt6k2982058,,failed,0,0,,no_usable_pages,known,,,bpt6k2982058: no usable pages in manifest.,2026-07-17T20:56:37.799020
figaro1854,bpt6k298206n,,failed,0,0,,no_usable_pages,known,,,bpt6k298206n: no usable pages in manifest.,2026-07-17T20:56:38.041621
figaro1854,bpt6k2982071,,failed,0,0,,no_usable_pages,known,,,bpt6k2982071: no usable pages in manifest.,2026-07-17T20:56:38.348519
figaro1854,bpt6k298210q,,failed,0,0,,no_usable_pages,known,,,bpt6k298210q: no usable pages in manifest.,2026-07-17T20:56:38.502759
figaro1854,bpt6k2982113,,failed,0,0,,no_usable_pages,known,,,bpt6k2982113: no usable pages in manifest.,2026-07-17T20:56:38.674333
figaro1854,bpt6k298212g,,failed,0,0,,no_usable_pages,known,,,bpt6k298212g: no usable pages in manifest.,2026-07-17T20:56:38.952338
figaro1854,bpt6k298213v,,failed,0,0,,no_usable_pages,known,,,bpt6k298213v: no usable pages in manifest.,2026-07-17T20:56:39.200711
figaro1854,bpt6k2982147,,failed,0,0,,no_usable_pages,known,,,bpt6k2982147: no usable pages in manifest.,2026-07-17T20:56:39.396545
figaro1854,bpt6k298215m,,failed,0,0,,no_usable_pages,known,,,bpt6k298215m: no usable pages in manifest.,2026-07-17T20:56:39.581482
figaro1854,bpt6k2982160,,failed,0,0,,no_usable_pages,known,,,bpt6k2982160: no usable pages in manifest.,2026-07-17T20:56:39.736473
figaro1854,bpt6k298217c,,failed,0,0,,no_usable_pages,known,,,bpt6k298217c: no usable pages in manifest.,2026-07-17T20:56:39.963581
figaro1854,bpt6k298218r,,failed,0,0,,no_usable_pages,known,,,bpt6k298218r: no usable pages in manifest.,2026-07-17T20:56:40.214714
figaro1854,bpt6k2982194,,failed,0,0,,no_usable_pages,known,,,bpt6k2982194: no usable pages in manifest.,2026-07-17T20:56:40.510814
figaro1854,bpt6k2982202,,failed,0,0,,no_usable_pages,known,,,bpt6k2982202: no usable pages in manifest.,2026-07-17T20:56:40.719257
figaro1854,bpt6k298221f,,failed,0,0,,no_usable_pages,known,,,bpt6k298221f: no usable pages in manifest.,2026-07-17T20:56:40.888208
figaro1854,bpt6k298222t,,failed,0,0,,no_usable_pages,known,,,bpt6k298222t: no usable pages in manifest.,2026-07-17T20:56:41.159502
figaro1854,bpt6k2982236,,failed,0,0,,no_usable_pages,known,,,bpt6k2982236: no usable pages in manifest.,2026-07-17T20:56:41.397843
figaro1854,bpt6k298224k,,failed,0,0,,no_usable_pages,known,,,bpt6k298224k: no usable pages in manifest.,2026-07-17T20:56:41.584977
figaro1854,bpt6k298225z,,failed,0,0,,no_usable_pages,known,,,bpt6k298225z: no usable pages in manifest.,2026-07-17T20:56:41.751713
figaro1854,bpt6k298226b,,failed,0,0,,no_usable_pages,known,,,bpt6k298226b: no usable pages in manifest.,2026-07-17T20:56:41.890443
figaro1854,bpt6k298227q,,failed,0,0,,no_usable_pages,known,,,bpt6k298227q: no usable pages in manifest.,2026-07-17T20:56:42.098507
figaro1854,bpt6k2982283,,failed,0,0,,no_usable_pages,known,,,bpt6k2982283: no usable pages in manifest.,2026-07-17T20:56:42.232260
figaro1854,bpt6k298229g,,failed,0,0,,no_usable_pages,known,,,bpt6k298229g: no usable pages in manifest.,2026-07-17T20:56:42.507354
figaro1854,bpt6k298230d,,failed,0,0,,no_usable_pages,known,,,bpt6k298230d: no usable pages in manifest.,2026-07-17T20:56:42.725486
figaro1854,bpt6k298231s,,failed,0,0,,no_usable_pages,known,,,bpt6k298231s: no usable pages in manifest.,2026-07-17T20:56:42.935601
figaro1854,bpt6k2982325,,failed,0,0,,no_usable_pages,known,,,bpt6k2982325: no usable pages in manifest.,2026-07-17T20:56:43.168337
figaro1854,bpt6k298233j,,failed,0,0,,no_usable_pages,known,,,bpt6k298233j: no usable pages in manifest.,2026-07-17T20:56:43.350478
figaro1854,bpt6k298234x,,failed,0,0,,no_usable_pages,known,,,bpt6k298234x: no usable pages in manifest.,2026-07-17T20:56:43.593059
figaro1854,bpt6k2982359,,failed,0,0,,no_usable_pages,known,,,bpt6k2982359: no usable pages in manifest.,2026-07-17T20:56:43.824034
figaro1854,bpt6k298236p,,failed,0,0,,no_usable_pages,known,,,bpt6k298236p: no usable pages in manifest.,2026-07-17T20:56:44.026495
figaro1854,bpt6k2982372,,failed,0,0,,no_usable_pages,known,,,bpt6k2982372: no usable pages in manifest.,2026-07-17T20:56:44.292646
figaro1854,bpt6k298238f,,failed,0,0,,no_usable_pages,known,,,bpt6k298238f: no usable pages in manifest.,2026-07-17T20:56:44.793143
figaro1854,bpt6k298239t,,failed,0,0,,no_usable_pages,known,,,bpt6k298239t: no usable pages in manifest.,2026-07-17T20:56:44.974714
figaro1854,bpt6k298240r,,failed,0,0,,no_usable_pages,known,,,bpt6k298240r: no usable pages in manifest.,2026-07-17T20:56:45.278440
figaro1854,bpt6k2982414,,failed,0,0,,no_usable_pages,known,,,bpt6k2982414: no usable pages in manifest.,2026-07-17T20:56:45.551309
figaro1854,bpt6k298242h,,failed,0,0,,no_usable_pages,known,,,bpt6k298242h: no usable pages in manifest.,2026-07-17T20:56:45.838124
figaro1854,bpt6k298243w,,failed,0,0,,no_usable_pages,known,,,bpt6k298243w: no usable pages in manifest.,2026-07-17T20:56:46.027932
figaro1854,bpt6k2982448,,failed,0,0,,no_usable_pages,known,,,bpt6k2982448: no usable pages in manifest.,2026-07-17T20:56:46.235264
figaro1854,bpt6k298245n,,failed,0,0,,no_usable_pages,known,,,bpt6k298245n: no usable pages in manifest.,2026-07-17T20:56:46.367907
figaro1854,bpt6k2982461,,failed,0,0,,no_usable_pages,known,,,bpt6k2982461: no usable pages in manifest.,2026-07-17T20:56:46.631975
figaro1854,bpt6k298247d,,failed,0,0,,no_usable_pages,known,,,bpt6k298247d: no usable pages in manifest.,2026-07-17T20:56:47.021517
figaro1854,bpt6k298248s,,failed,0,0,,no_usable_pages,known,,,bpt6k298248s: no usable pages in manifest.,2026-07-17T20:56:47.226177
figaro1854,bpt6k2982495,,failed,0,0,,no_usable_pages,known,,,bpt6k2982495: no usable pages in manifest.,2026-07-17T20:56:47.430753
figaro1854,bpt6k2982503,,failed,0,0,,no_usable_pages,known,,,bpt6k2982503: no usable pages in manifest.,2026-07-17T20:56:47.713687
figaro1854,bpt6k298251g,,failed,0,0,,no_usable_pages,known,,,bpt6k298251g: no usable pages in manifest.,2026-07-17T20:56:47.954439
figaro1854,bpt6k298252v,,failed,0,0,,no_usable_pages,known,,,bpt6k298252v: no usable pages in manifest.,2026-07-17T20:56:48.120885
figaro1854,bpt6k2982537,,failed,0,0,,no_usable_pages,known,,,bpt6k2982537: no usable pages in manifest.,2026-07-17T20:56:48.289931
figaro1854,bpt6k298254m,,failed,0,0,,no_usable_pages,known,,,bpt6k298254m: no usable pages in manifest.,2026-07-17T20:56:48.460250
figaro1854,bpt6k2982550,,failed,0,0,,no_usable_pages,known,,,bpt6k2982550: no usable pages in manifest.,2026-07-17T20:56:48.725495
figaro1854,bpt6k298256c,,failed,0,0,,no_usable_pages,known,,,bpt6k298256c: no usable pages in manifest.,2026-07-17T20:56:48.974462
figaro1854,bpt6k298257r,,failed,0,0,,no_usable_pages,known,,,bpt6k298257r: no usable pages in manifest.,2026-07-17T20:56:49.476112
figaro1854,bpt6k2982584,,failed,0,0,,no_usable_pages,known,,,bpt6k2982584: no usable pages in manifest.,2026-07-17T20:56:49.688327
figaro1854,bpt6k298259h,,failed,0,0,,no_usable_pages,known,,,bpt6k298259h: no usable pages in manifest.,2026-07-17T20:56:49.999193
figaro1854,bpt6k298260f,,failed,0,0,,no_usable_pages,known,,,bpt6k298260f: no usable pages in manifest.,2026-07-17T20:56:50.230612
figaro1854,bpt6k298261t,,failed,0,0,,no_usable_pages,known,,,bpt6k298261t: no usable pages in manifest.,2026-07-17T20:56:50.684585
figaro1854,bpt6k2982626,,failed,0,0,,no_usable_pages,known,,,bpt6k2982626: no usable pages in manifest.,2026-07-17T20:56:50.807722
figaro1854,bpt6k298263k,,failed,0,0,,no_usable_pages,known,,,bpt6k298263k: no usable pages in manifest.,2026-07-17T20:56:51.108336
figaro1854,bpt6k298264z,,failed,0,0,,no_usable_pages,known,,,bpt6k298264z: no usable pages in manifest.,2026-07-17T20:56:51.408522
figaro1854,bpt6k298265b,,failed,0,0,,no_usable_pages,known,,,bpt6k298265b: no usable pages in manifest.,2026-07-17T20:56:51.596628
figaro1854,bpt6k298266q,,failed,0,0,,no_usable_pages,known,,,bpt6k298266q: no usable pages in manifest.,2026-07-17T20:56:51.950980
figaro1854,bpt6k2982673,,failed,0,0,,no_usable_pages,known,,,bpt6k2982673: no usable pages in manifest.,2026-07-17T20:56:52.264611
figaro1854,bpt6k298268g,,failed,0,0,,no_usable_pages,known,,,bpt6k298268g: no usable pages in manifest.,2026-07-17T20:56:52.491078
figaro1854,bpt6k298269v,,failed,0,0,,no_usable_pages,known,,,bpt6k298269v: no usable pages in manifest.,2026-07-17T20:56:52.739537
figaro1854,bpt6k298270s,,failed,0,0,,no_usable_pages,known,,,bpt6k298270s: no usable pages in manifest.,2026-07-17T20:56:52.897638
figaro1854,bpt6k2982715,,failed,0,0,,no_usable_pages,known,,,bpt6k2982715: no usable pages in manifest.,2026-07-17T20:56:53.088173
figaro1854,bpt6k298272j,,failed,0,0,,no_usable_pages,known,,,bpt6k298272j: no usable pages in manifest.,2026-07-17T20:56:53.390945
figaro1854,bpt6k298273x,,failed,0,0,,no_usable_pages,known,,,bpt6k298273x: no usable pages in manifest.,2026-07-17T20:56:53.784296
figaro1854,bpt6k2982749,,failed,0,0,,no_usable_pages,known,,,bpt6k2982749: no usable pages in manifest.,2026-07-17T20:56:53.981233
figaro1854,bpt6k298275p,,failed,0,0,,no_usable_pages,known,,,bpt6k298275p: no usable pages in manifest.,2026-07-17T20:56:54.348871
figaro1854,bpt6k2982762,,failed,0,0,,no_usable_pages,known,,,bpt6k2982762: no usable pages in manifest.,2026-07-17T20:56:54.753285
figaro1854,bpt6k298277f,,failed,0,0,,no_usable_pages,known,,,bpt6k298277f: no usable pages in manifest.,2026-07-17T20:56:54.958275
figaro1854,bpt6k298278t,,failed,0,0,,no_usable_pages,known,,,bpt6k298278t: no usable pages in manifest.,2026-07-17T20:56:55.199878
figaro1854,bpt6k2982796,,failed,0,0,,no_usable_pages,known,,,bpt6k2982796: no usable pages in manifest.,2026-07-17T20:56:55.434543
figaro1854,bpt6k2982804,,failed,0,0,,no_usable_pages,known,,,bpt6k2982804: no usable pages in manifest.,2026-07-17T20:56:55.686458
figaro1854,bpt6k298281h,,failed,0,0,,no_usable_pages,known,,,bpt6k298281h: no usable pages in manifest.,2026-07-17T20:56:55.909675
figaro1854,bpt6k298282w,,failed,0,0,,no_usable_pages,known,,,bpt6k298282w: no usable pages in manifest.,2026-07-17T20:56:56.082194
figaro1854,bpt6k2982838,,failed,0,0,,no_usable_pages,known,,,bpt6k2982838: no usable pages in manifest.,2026-07-17T20:56:56.296302
figaro1854,bpt6k298284n,,failed,0,0,,no_usable_pages,known,,,bpt6k298284n: no usable pages in manifest.,2026-07-17T20:56:56.548464
figaro1854,bpt6k2982851,,failed,0,0,,no_usable_pages,known,,,bpt6k2982851: no usable pages in manifest.,2026-07-17T20:56:56.979878
figaro1854,bpt6k298286d,,failed,0,0,,no_usable_pages,known,,,bpt6k298286d: no usable pages in manifest.,2026-07-17T20:56:57.168032
figaro1854,bpt6k298287s,,failed,0,0,,no_usable_pages,known,,,bpt6k298287s: no usable pages in manifest.,2026-07-17T20:56:57.368639
figaro1854,bpt6k2982885,,failed,0,0,,no_usable_pages,known,,,bpt6k2982885: no usable pages in manifest.,2026-07-17T20:56:57.530329
figaro1854,bpt6k298289j,,failed,0,0,,no_usable_pages,known,,,bpt6k298289j: no usable pages in manifest.,2026-07-17T20:56:58.317302
figaro1854,bpt6k298290g,,failed,0,0,,no_usable_pages,known,,,bpt6k298290g: no usable pages in manifest.,2026-07-17T20:56:58.957045
figaro1854,bpt6k4089842,,failed,0,0,,no_usable_pages,known,,,bpt6k4089842: no usable pages in manifest.,2026-07-17T20:56:59.168025
figaro1854,bpt6k408985f,,failed,0,0,,no_usable_pages,known,,,bpt6k408985f: no usable pages in manifest.,2026-07-17T20:56:59.398073
figaro1854,bpt6k408986t,,failed,0,0,,no_usable_pages,known,,,bpt6k408986t: no usable pages in manifest.,2026-07-17T20:56:59.724026
figaro1854,bpt6k4089876,,failed,0,0,,no_usable_pages,known,,,bpt6k4089876: no usable pages in manifest.,2026-07-17T20:56:59.919443
figaro1854,bpt6k408988k,,failed,0,0,,no_usable_pages,known,,,bpt6k408988k: no usable pages in manifest.,2026-07-17T20:57:00.114413
figaro1854,bpt6k408989z,,failed,0,0,,no_usable_pages,known,,,bpt6k408989z: no usable pages in manifest.,2026-07-17T20:57:00.301577
figaro1854,bpt6k408990w,,failed,0,0,,no_usable_pages,known,,,bpt6k408990w: no usable pages in manifest.,2026-07-17T20:57:00.434644
figaro1854,bpt6k4089918,,failed,0,0,,no_usable_pages,known,,,bpt6k4089918: no usable pages in manifest.,2026-07-17T20:57:00.607273
figaro1854,bpt6k408992n,,failed,0,0,,no_usable_pages,known,,,bpt6k408992n: no usable pages in manifest.,2026-07-17T20:57:00.835571
figaro1854,bpt6k4089931,,failed,0,0,,no_usable_pages,known,,,bpt6k4089931: no usable pages in manifest.,2026-07-17T20:57:01.043848
figaro1854,bpt6k408994d,,failed,0,0,,no_usable_pages,known,,,bpt6k408994d: no usable pages in manifest.,2026-07-17T20:57:01.364695
figaro1854,bpt6k408995s,,failed,0,0,,no_usable_pages,known,,,bpt6k408995s: no usable pages in manifest.,2026-07-17T20:57:01.558905
figaro1854,bpt6k4089965,,failed,0,0,,no_usable_pages,known,,,bpt6k4089965: no usable pages in manifest.,2026-07-17T20:57:01.742521
figaro1854,bpt6k408997j,,failed,0,0,,no_usable_pages,known,,,bpt6k408997j: no usable pages in manifest.,2026-07-17T20:57:01.979745
figaro1854,bpt6k408998x,,failed,0,0,,no_usable_pages,known,,,bpt6k408998x: no usable pages in manifest.,2026-07-17T20:57:02.126843
figaro1854,bpt6k4089999,,failed,0,0,,no_usable_pages,known,,,bpt6k4089999: no usable pages in manifest.,2026-07-17T20:57:02.321321
figaro1854,bpt6k4090008,,failed,0,0,,no_usable_pages,known,,,bpt6k4090008: no usable pages in manifest.,2026-07-17T20:57:02.469431
figaro1854,bpt6k409001n,,failed,0,0,,no_usable_pages,known,,,bpt6k409001n: no usable pages in manifest.,2026-07-17T20:57:02.628103
figaro1854,bpt6k4090021,,failed,0,0,,no_usable_pages,known,,,bpt6k4090021: no usable pages in manifest.,2026-07-17T20:57:02.837268
figaro1854,bpt6k409003d,,failed,0,0,,no_usable_pages,known,,,bpt6k409003d: no usable pages in manifest.,2026-07-17T20:57:03.095451
figaro1854,bpt6k409004s,,failed,0,0,,no_usable_pages,known,,,bpt6k409004s: no usable pages in manifest.,2026-07-17T20:57:03.280870
figaro1854,bpt6k4090055,,failed,0,0,,no_usable_pages,known,,,bpt6k4090055: no usable pages in manifest.,2026-07-17T20:57:03.462649
figaro1854,bpt6k409006j,,failed,0,0,,no_usable_pages,known,,,bpt6k409006j: no usable pages in manifest.,2026-07-17T20:57:03.593859
figaro1854,bpt6k409007x,,failed,0,0,,no_usable_pages,known,,,bpt6k409007x: no usable pages in manifest.,2026-07-17T20:57:03.749707
figaro1854,bpt6k4090089,,failed,0,0,,no_usable_pages,known,,,bpt6k4090089: no usable pages in manifest.,2026-07-17T20:57:03.947068
figaro1854,bpt6k409009p,,failed,0,0,,no_usable_pages,known,,,bpt6k409009p: no usable pages in manifest.,2026-07-17T20:57:04.179771
figaro1854,bpt6k409010m,,failed,0,0,,no_usable_pages,known,,,bpt6k409010m: no usable pages in manifest.,2026-07-17T20:57:04.353943
figaro1854,bpt6k4090110,,failed,0,0,,no_usable_pages,known,,,bpt6k4090110: no usable pages in manifest.,2026-07-17T20:57:04.575747
figaro1854,bpt6k409012c,,failed,0,0,,no_usable_pages,known,,,bpt6k409012c: no usable pages in manifest.,2026-07-17T20:57:04.819455
figaro1854,bpt6k409013r,,failed,0,0,,no_usable_pages,known,,,bpt6k409013r: no usable pages in manifest.,2026-07-17T20:57:05.090091
figaro1854,bpt6k4090144,,failed,0,0,,no_usable_pages,known,,,bpt6k4090144: no usable pages in manifest.,2026-07-17T20:57:05.375148
figaro1854,bpt6k409015h,,failed,0,0,,no_usable_pages,known,,,bpt6k409015h: no usable pages in manifest.,2026-07-17T20:57:05.598565
figaro1854,bpt6k409016w,,failed,0,0,,no_usable_pages,known,,,bpt6k409016w: no usable pages in manifest.,2026-07-17T20:57:05.749553
figaro1854,bpt6k4090178,,failed,0,0,,no_usable_pages,known,,,bpt6k4090178: no usable pages in manifest.,2026-07-17T20:57:05.982281
figaro1854,bpt6k409018n,,failed,0,0,,no_usable_pages,known,,,bpt6k409018n: no usable pages in manifest.,2026-07-17T20:57:06.229550
figaro1854,bpt6k4090191,,failed,0,0,,no_usable_pages,known,,,bpt6k4090191: no usable pages in manifest.,2026-07-17T20:57:06.498899
figaro1854,bpt6k409020z,,failed,0,0,,no_usable_pages,known,,,bpt6k409020z: no usable pages in manifest.,2026-07-17T20:57:06.680296
figaro1854,bpt6k409021b,,failed,0,0,,no_usable_pages,known,,,bpt6k409021b: no usable pages in manifest.,2026-07-17T20:57:06.849474
figaro1854,bpt6k409022q,,failed,0,0,,no_usable_pages,known,,,bpt6k409022q: no usable pages in manifest.,2026-07-17T20:57:07.012851
figaro1854,bpt6k4090233,,failed,0,0,,no_usable_pages,known,,,bpt6k4090233: no usable pages in manifest.,2026-07-17T20:57:07.188928
figaro1854,bpt6k409024g,,failed,0,0,,no_usable_pages,known,,,bpt6k409024g: no usable pages in manifest.,2026-07-17T20:57:07.329229
figaro1854,bpt6k409025v,,failed,0,0,,no_usable_pages,known,,,bpt6k409025v: no usable pages in manifest.,2026-07-17T20:57:07.589201
figaro1854,bpt6k4090267,,failed,0,0,,no_usable_pages,known,,,bpt6k4090267: no usable pages in manifest.,2026-07-17T20:57:07.790869
figaro1854,bpt6k409027m,,failed,0,0,,no_usable_pages,known,,,bpt6k409027m: no usable pages in manifest.,2026-07-17T20:57:08.155283
figaro1854,bpt6k409029c,,failed,0,0,,no_usable_pages,known,,,bpt6k409029c: no usable pages in manifest.,2026-07-17T20:57:08.352199
figaro1854,bpt6k4090309,,failed,0,0,,no_usable_pages,known,,,bpt6k4090309: no usable pages in manifest.,2026-07-17T20:57:08.657329
figaro1854,bpt6k409031p,,failed,0,0,,no_usable_pages,known,,,bpt6k409031p: no usable pages in manifest.,2026-07-17T20:57:08.796777
figaro1854,bpt6k4090322,,failed,0,0,,no_usable_pages,known,,,bpt6k4090322: no usable pages in manifest.,2026-07-17T20:57:08.910819
figaro1854,bpt6k409033f,,failed,0,0,,no_usable_pages,known,,,bpt6k409033f: no usable pages in manifest.,2026-07-17T20:57:09.029326
figaro1854,bpt6k409034t,,failed,0,0,,no_usable_pages,known,,,bpt6k409034t: no usable pages in manifest.,2026-07-17T20:57:09.221123
figaro1854,bpt6k4090356,,failed,0,0,,no_usable_pages,known,,,bpt6k4090356: no usable pages in manifest.,2026-07-17T20:57:09.395282
figaro1854,bpt6k409036k,,failed,0,0,,no_usable_pages,known,,,bpt6k409036k: no usable pages in manifest.,2026-07-17T20:57:09.561541
figaro1854,bpt6k409037z,,failed,0,0,,no_usable_pages,known,,,bpt6k409037z: no usable pages in manifest.,2026-07-17T20:57:09.877806
figaro1854,bpt6k409038b,,failed,0,0,,no_usable_pages,known,,,bpt6k409038b: no usable pages in manifest.,2026-07-17T20:57:10.197076
figaro1854,bpt6k409039q,,failed,0,0,,no_usable_pages,known,,,bpt6k409039q: no usable pages in manifest.,2026-07-17T20:57:10.494603
figaro1854,bpt6k409040n,,failed,0,0,,no_usable_pages,known,,,bpt6k409040n: no usable pages in manifest.,2026-07-17T20:57:10.729633
figaro1854,bpt6k4090411,,failed,0,0,,no_usable_pages,known,,,bpt6k4090411: no usable pages in manifest.,2026-07-17T20:57:10.947193
figaro1854,bpt6k409043s,,failed,0,0,,no_usable_pages,known,,,bpt6k409043s: no usable pages in manifest.,2026-07-17T20:57:11.127223
figaro1854,bpt6k4090445,,failed,0,0,,no_usable_pages,known,,,bpt6k4090445: no usable pages in manifest.,2026-07-17T20:57:11.334432
figaro1854,bpt6k409045j,,failed,0,0,,no_usable_pages,known,,,bpt6k409045j: no usable pages in manifest.,2026-07-17T20:57:11.601938
figaro1854,bpt6k409046x,,failed,0,0,,no_usable_pages,known,,,bpt6k409046x: no usable pages in manifest.,2026-07-17T20:57:11.818875
figaro1854,bpt6k4090479,,failed,0,0,,no_usable_pages,known,,,bpt6k4090479: no usable pages in manifest.,2026-07-17T20:57:12.124271
figaro1854,bpt6k409048p,,failed,0,0,,no_usable_pages,known,,,bpt6k409048p: no usable pages in manifest.,2026-07-17T20:57:12.244349
figaro1854,bpt6k4090492,,failed,0,0,,no_usable_pages,known,,,bpt6k4090492: no usable pages in manifest.,2026-07-17T20:57:12.446232
figaro1854,bpt6k4090500,,failed,0,0,,no_usable_pages,known,,,bpt6k4090500: no usable pages in manifest.,2026-07-17T20:57:12.766428
figaro1854,bpt6k409051c,,failed,0,0,,no_usable_pages,known,,,bpt6k409051c: no usable pages in manifest.,2026-07-17T20:57:12.966818
figaro1854,bpt6k409052r,,failed,0,0,,no_usable_pages,known,,,bpt6k409052r: no usable pages in manifest.,2026-07-17T20:57:13.213308
figaro1854,bpt6k4090534,,failed,0,0,,no_usable_pages,known,,,bpt6k4090534: no usable pages in manifest.,2026-07-17T20:57:13.487171
figaro1854,bpt6k409054h,,failed,0,0,,no_usable_pages,known,,,bpt6k409054h: no usable pages in manifest.,2026-07-17T20:57:13.686461
figaro1854,bpt6k409055w,,failed,0,0,,no_usable_pages,known,,,bpt6k409055w: no usable pages in manifest.,2026-07-17T20:57:13.916287
figaro1854,bpt6k4090568,,failed,0,0,,no_usable_pages,known,,,bpt6k4090568: no usable pages in manifest.,2026-07-17T20:57:14.054283
figaro1854,bpt6k409057n,,failed,0,0,,no_usable_pages,known,,,bpt6k409057n: no usable pages in manifest.,2026-07-17T20:57:14.375338
figaro1854,bpt6k4090581,,failed,0,0,,no_usable_pages,known,,,bpt6k4090581: no usable pages in manifest.,2026-07-17T20:57:14.629112
figaro1854,bpt6k409060b,,failed,0,0,,no_usable_pages,known,,,bpt6k409060b: no usable pages in manifest.,2026-07-17T20:57:14.918449
figaro1854,bpt6k409061q,,failed,0,0,,no_usable_pages,known,,,bpt6k409061q: no usable pages in manifest.,2026-07-17T20:57:15.395955
figaro1854,bpt6k4090623,,failed,0,0,,no_usable_pages,known,,,bpt6k4090623: no usable pages in manifest.,2026-07-17T20:57:15.533135
figaro1854,bpt6k409063g,,failed,0,0,,no_usable_pages,known,,,bpt6k409063g: no usable pages in manifest.,2026-07-17T20:57:15.777304
figaro1854,bpt6k409064v,,failed,0,0,,no_usable_pages,known,,,bpt6k409064v: no usable pages in manifest.,2026-07-17T20:57:16.077311
figaro1854,bpt6k4090657,,failed,0,0,,no_usable_pages,known,,,bpt6k4090657: no usable pages in manifest.,2026-07-17T20:57:16.261454
figaro1854,bpt6k409066m,,failed,0,0,,no_usable_pages,known,,,bpt6k409066m: no usable pages in manifest.,2026-07-17T20:57:16.561990
figaro1854,bpt6k4090670,,failed,0,0,,no_usable_pages,known,,,bpt6k4090670: no usable pages in manifest.,2026-07-17T20:57:16.736307
figaro1854,bpt6k409068c,,failed,0,0,,no_usable_pages,known,,,bpt6k409068c: no usable pages in manifest.,2026-07-17T20:57:16.863834
figaro1854,bpt6k409069r,,failed,0,0,,no_usable_pages,known,,,bpt6k409069r: no usable pages in manifest.,2026-07-17T20:57:17.073439
figaro1854,bpt6k409070p,,failed,0,0,,no_usable_pages,known,,,bpt6k409070p: no usable pages in manifest.,2026-07-17T20:57:17.495902
figaro1854,bpt6k4090712,,failed,0,0,,no_usable_pages,known,,,bpt6k4090712: no usable pages in manifest.,2026-07-17T20:57:17.814353
figaro1854,bpt6k409072f,,failed,0,0,,no_usable_pages,known,,,bpt6k409072f: no usable pages in manifest.,2026-07-17T20:57:17.977680
figaro1854,bpt6k409073t,,failed,0,0,,no_usable_pages,known,,,bpt6k409073t: no usable pages in manifest.,2026-07-17T20:57:18.110983
figaro1854,bpt6k4090746,,failed,0,0,,no_usable_pages,known,,,bpt6k4090746: no usable pages in manifest.,2026-07-17T20:57:18.248823
figaro1854,bpt6k409075k,,failed,0,0,,no_usable_pages,known,,,bpt6k409075k: no usable pages in manifest.,2026-07-17T20:57:18.378249
figaro1854,bpt6k409076z,,failed,0,0,,no_usable_pages,known,,,bpt6k409076z: no usable pages in manifest.,2026-07-17T20:57:18.688266
figaro1854,bpt6k409077b,,failed,0,0,,no_usable_pages,known,,,bpt6k409077b: no usable pages in manifest.,2026-07-17T20:57:19.018569
figaro1854,bpt6k409078q,,failed,0,0,,no_usable_pages,known,,,bpt6k409078q: no usable pages in manifest.,2026-07-17T20:57:19.183807
figaro1854,bpt6k4090793,,failed,0,0,,no_usable_pages,known,,,bpt6k4090793: no usable pages in manifest.,2026-07-17T20:57:19.431091
figaro1854,bpt6k4090801,,failed,0,0,,no_usable_pages,known,,,bpt6k4090801: no usable pages in manifest.,2026-07-17T20:57:19.848893
figaro1854,bpt6k409081d,,failed,0,0,,no_usable_pages,known,,,bpt6k409081d: no usable pages in manifest.,2026-07-17T20:57:20.195178
figaro1854,bpt6k409082s,,failed,0,0,,no_usable_pages,known,,,bpt6k409082s: no usable pages in manifest.,2026-07-17T20:57:20.355159
figaro1854,bpt6k4090835,,failed,0,0,,no_usable_pages,known,,,bpt6k4090835: no usable pages in manifest.,2026-07-17T20:57:20.553740
figaro1854,bpt6k409084j,,failed,0,0,,no_usable_pages,known,,,bpt6k409084j: no usable pages in manifest.,2026-07-17T20:57:20.733437
figaro1854,bpt6k4090869,,failed,0,0,,no_usable_pages,known,,,bpt6k4090869: no usable pages in manifest.,2026-07-17T20:57:20.904606
figaro1854,bpt6k409087p,,failed,0,0,,no_usable_pages,known,,,bpt6k409087p: no usable pages in manifest.,2026-07-17T20:57:21.168737
figaro1854,bpt6k4090882,,failed,0,0,,no_usable_pages,known,,,bpt6k4090882: no usable pages in manifest.,2026-07-17T20:57:21.368948
figaro1854,bpt6k409089f,,failed,0,0,,no_usable_pages,known,,,bpt6k409089f: no usable pages in manifest.,2026-07-17T20:57:21.577683
figaro1854,bpt6k409090c,,failed,0,0,,no_usable_pages,known,,,bpt6k409090c: no usable pages in manifest.,2026-07-17T20:57:21.772646
figaro1854,bpt6k409091r,,failed,0,0,,no_usable_pages,known,,,bpt6k409091r: no usable pages in manifest.,2026-07-17T20:57:21.979198
figaro1854,bpt6k4090924,,failed,0,0,,no_usable_pages,known,,,bpt6k4090924: no usable pages in manifest.,2026-07-17T20:57:22.360939
figaro1854,bpt6k4090958,,failed,0,0,,no_usable_pages,known,,,bpt6k4090958: no usable pages in manifest.,2026-07-17T20:57:22.576544
figaro1854,bpt6k409096n,,failed,0,0,,no_usable_pages,known,,,bpt6k409096n: no usable pages in manifest.,2026-07-17T20:57:22.766176
figaro1854,bpt6k4090971,,failed,0,0,,no_usable_pages,known,,,bpt6k4090971: no usable pages in manifest.,2026-07-17T20:57:22.982967
figaro1854,bpt6k409098d,,failed,0,0,,no_usable_pages,known,,,bpt6k409098d: no usable pages in manifest.,2026-07-17T20:57:23.241795
figaro1854,bpt6k409099s,,failed,0,0,,no_usable_pages,known,,,bpt6k409099s: no usable pages in manifest.,2026-07-17T20:57:23.600658
figaro1854,bpt6k409100k,,failed,0,0,,no_usable_pages,known,,,bpt6k409100k: no usable pages in manifest.,2026-07-17T20:57:23.839359
figaro1854,bpt6k409101z,,failed,0,0,,no_usable_pages,known,,,bpt6k409101z: no usable pages in manifest.,2026-07-17T20:57:24.025063
figaro1854,bpt6k409103q,,failed,0,0,,no_usable_pages,known,,,bpt6k409103q: no usable pages in manifest.,2026-07-17T20:57:24.193569
figaro1854,bpt6k409105g,,failed,0,0,,no_usable_pages,known,,,bpt6k409105g: no usable pages in manifest.,2026-07-17T20:57:24.606168
figaro1854,bpt6k409106v,,failed,0,0,,no_usable_pages,known,,,bpt6k409106v: no usable pages in manifest.,2026-07-17T20:57:24.782555
figaro1854,bpt6k409108m,,failed,0,0,,no_usable_pages,known,,,bpt6k409108m: no usable pages in manifest.,2026-07-17T20:57:24.920831
figaro1854,bpt6k4091090,,failed,0,0,,no_usable_pages,known,,,bpt6k4091090: no usable pages in manifest.,2026-07-17T20:57:25.124620
figaro1854,bpt6k409110x,,failed,0,0,,no_usable_pages,known,,,bpt6k409110x: no usable pages in manifest.,2026-07-17T20:57:25.372190
figaro1854,bpt6k4091132,,failed,0,0,,no_usable_pages,known,,,bpt6k4091132: no usable pages in manifest.,2026-07-17T20:57:25.642372
figaro1854,bpt6k4091166,,failed,0,0,,no_usable_pages,known,,,bpt6k4091166: no usable pages in manifest.,2026-07-17T20:57:25.872952
figaro1854,bpt6k409117k,,failed,0,0,,no_usable_pages,known,,,bpt6k409117k: no usable pages in manifest.,2026-07-17T20:57:26.053920
figaro1854,bpt6k409119b,,failed,0,0,,no_usable_pages,known,,,bpt6k409119b: no usable pages in manifest.,2026-07-17T20:57:26.301463
figaro1854,bpt6k4091208,,failed,0,0,,no_usable_pages,known,,,bpt6k4091208: no usable pages in manifest.,2026-07-17T20:57:26.508382
figaro1854,bpt6k4091221,,failed,0,0,,no_usable_pages,known,,,bpt6k4091221: no usable pages in manifest.,2026-07-17T20:57:26.766626
figaro1854,bpt6k409123d,,failed,0,0,,no_usable_pages,known,,,bpt6k409123d: no usable pages in manifest.,2026-07-17T20:57:26.970976
figaro1854,bpt6k4091255,,failed,0,0,,no_usable_pages,known,,,bpt6k4091255: no usable pages in manifest.,2026-07-17T20:57:27.124494
figaro1854,bpt6k409126j,,failed,0,0,,no_usable_pages,known,,,bpt6k409126j: no usable pages in manifest.,2026-07-17T20:57:27.294139
figaro1854,bpt6k409130m,,failed,0,0,,no_usable_pages,known,,,bpt6k409130m: no usable pages in manifest.,2026-07-17T20:57:27.538907
figaro1854,bpt6k4091310,,failed,0,0,,no_usable_pages,known,,,bpt6k4091310: no usable pages in manifest.,2026-07-17T20:57:27.920081
figaro1854,bpt6k409132c,,failed,0,0,,no_usable_pages,known,,,bpt6k409132c: no usable pages in manifest.,2026-07-17T20:57:28.084174
figaro1854,bpt6k409133r,,failed,0,0,,no_usable_pages,known,,,bpt6k409133r: no usable pages in manifest.,2026-07-17T20:57:28.352076
figaro1854,bpt6k4091344,,failed,0,0,,no_usable_pages,known,,,bpt6k4091344: no usable pages in manifest.,2026-07-17T20:57:28.548676
figaro1854,bpt6k409136w,,failed,0,0,,no_usable_pages,known,,,bpt6k409136w: no usable pages in manifest.,2026-07-17T20:57:28.850103
figaro1854,bpt6k4091378,,failed,0,0,,no_usable_pages,known,,,bpt6k4091378: no usable pages in manifest.,2026-07-17T20:57:29.120209
figaro1854,bpt6k4091391,,failed,0,0,,no_usable_pages,known,,,bpt6k4091391: no usable pages in manifest.,2026-07-17T20:57:29.257503
figaro1854,bpt6k409140z,,failed,0,0,,no_usable_pages,known,,,bpt6k409140z: no usable pages in manifest.,2026-07-17T20:57:29.357570
figaro1854,bpt6k409145v,,failed,0,0,,no_usable_pages,known,,,bpt6k409145v: no usable pages in manifest.,2026-07-17T20:57:29.530412
figaro1854,bpt6k4091480,,failed,0,0,,no_usable_pages,known,,,bpt6k4091480: no usable pages in manifest.,2026-07-17T20:57:29.708200
figaro1854,bpt6k4091509,,failed,0,0,,no_usable_pages,known,,,bpt6k4091509: no usable pages in manifest.,2026-07-17T20:57:29.995402
figaro1854,bpt6k409153f,,failed,0,0,,no_usable_pages,known,,,bpt6k409153f: no usable pages in manifest.,2026-07-17T20:57:30.260612
figaro1854,bpt6k409154t,,failed,0,0,,no_usable_pages,known,,,bpt6k409154t: no usable pages in manifest.,2026-07-17T20:57:30.385724
figaro1854,bpt6k409184v,,failed,0,0,,no_usable_pages,known,,,bpt6k409184v: no usable pages in manifest.,2026-07-17T20:57:30.569245
figaro1854,bpt6k4091857,,failed,0,0,,no_usable_pages,known,,,bpt6k4091857: no usable pages in manifest.,2026-07-17T20:57:30.706097
figaro1854,bpt6k409186m,,failed,0,0,,no_usable_pages,known,,,bpt6k409186m: no usable pages in manifest.,2026-07-17T20:57:30.864951
figaro1854,bpt6k4091870,,failed,0,0,,no_usable_pages,known,,,bpt6k4091870: no usable pages in manifest.,2026-07-17T20:57:31.039479
figaro1854,bpt6k409188c,,failed,0,0,,no_usable_pages,known,,,bpt6k409188c: no usable pages in manifest.,2026-07-17T20:57:31.205362
figaro1854,bpt6k409189r,,failed,0,0,,no_usable_pages,known,,,bpt6k409189r: no usable pages in manifest.,2026-07-17T20:57:31.392875
figaro1854,bpt6k409355t,,failed,0,0,,no_usable_pages,known,,,bpt6k409355t: no usable pages in manifest.,2026-07-17T20:57:31.526912
figaro1854,bpt6k4093566,,failed,0,0,,no_usable_pages,known,,,bpt6k4093566: no usable pages in manifest.,2026-07-17T20:57:31.663635
figaro1854,bpt6k4096776,,failed,0,0,,no_usable_pages,known,,,bpt6k4096776: no usable pages in manifest.,2026-07-17T20:57:31.843098
figaro1854,bpt6k4096865,,failed,0,0,,no_usable_pages,known,,,bpt6k4096865: no usable pages in manifest.,2026-07-17T20:57:32.026835
figaro1854,bpt6k409687j,,failed,0,0,,no_usable_pages,known,,,bpt6k409687j: no usable pages in manifest.,2026-07-17T20:57:32.266189
figaro1854,bpt6k409786g,,failed,0,0,,no_usable_pages,known,,,bpt6k409786g: no usable pages in manifest.,2026-07-17T20:57:32.618836
figaro1854,bpt6k410041s,,failed,0,0,,no_usable_pages,known,,,bpt6k410041s: no usable pages in manifest.,2026-07-17T20:57:32.808840
figaro1854,bpt6k4100425,,failed,0,0,,no_usable_pages,known,,,bpt6k4100425: no usable pages in manifest.,2026-07-17T20:57:32.978678
figaro1854,bpt6k410043j,,failed,0,0,,no_usable_pages,known,,,bpt6k410043j: no usable pages in manifest.,2026-07-17T20:57:33.149286
figaro1854,bpt6k410044x,,failed,0,0,,no_usable_pages,known,,,bpt6k410044x: no usable pages in manifest.,2026-07-17T20:57:33.357596
figaro1854,bpt6k410046p,,failed,0,0,,no_usable_pages,known,,,bpt6k410046p: no usable pages in manifest.,2026-07-17T20:57:33.584806
figaro1854,bpt6k4100472,,failed,0,0,,no_usable_pages,known,,,bpt6k4100472: no usable pages in manifest.,2026-07-17T20:57:33.765686
figaro1854,bpt6k410048f,,failed,0,0,,no_usable_pages,known,,,bpt6k410048f: no usable pages in manifest.,2026-07-17T20:57:33.926395
figaro1854,bpt6k410049t,,failed,0,0,,no_usable_pages,known,,,bpt6k410049t: no usable pages in manifest.,2026-07-17T20:57:34.070384
figaro1854,bpt6k4100514,,failed,0,0,,no_usable_pages,known,,,bpt6k4100514: no usable pages in manifest.,2026-07-17T20:57:34.211979
figaro1854,bpt6k410052h,,failed,0,0,,no_usable_pages,known,,,bpt6k410052h: no usable pages in manifest.,2026-07-17T20:57:34.495353
figaro1854,bpt6k410053w,,failed,0,0,,no_usable_pages,known,,,bpt6k410053w: no usable pages in manifest.,2026-07-17T20:57:34.776838
figaro1854,bpt6k4100548,,failed,0,0,,no_usable_pages,known,,,bpt6k4100548: no usable pages in manifest.,2026-07-17T20:57:34.955526
figaro1854,bpt6k410055n,,failed,0,0,,no_usable_pages,known,,,bpt6k410055n: no usable pages in manifest.,2026-07-17T20:57:35.130927
figaro1854,bpt6k4100561,,failed,0,0,,no_usable_pages,known,,,bpt6k4100561: no usable pages in manifest.,2026-07-17T20:57:35.326938
figaro1854,bpt6k410057d,,failed,0,0,,no_usable_pages,known,,,bpt6k410057d: no usable pages in manifest.,2026-07-17T20:57:35.514284
figaro1854,bpt6k410058s,,failed,0,0,,no_usable_pages,known,,,bpt6k410058s: no usable pages in manifest.,2026-07-17T20:57:35.769579
figaro1854,bpt6k4100595,,failed,0,0,,no_usable_pages,known,,,bpt6k4100595: no usable pages in manifest.,2026-07-17T20:57:35.922575
figaro1854,bpt6k4100603,,failed,0,0,,no_usable_pages,known,,,bpt6k4100603: no usable pages in manifest.,2026-07-17T20:57:36.090610
figaro1854,bpt6k410061g,,failed,0,0,,no_usable_pages,known,,,bpt6k410061g: no usable pages in manifest.,2026-07-17T20:57:36.255758
figaro1854,bpt6k410062v,,failed,0,0,,no_usable_pages,known,,,bpt6k410062v: no usable pages in manifest.,2026-07-17T20:57:36.495682
figaro1854,bpt6k4100637,,failed,0,0,,no_usable_pages,known,,,bpt6k4100637: no usable pages in manifest.,2026-07-17T20:57:36.755908
figaro1854,bpt6k410064m,,failed,0,0,,no_usable_pages,known,,,bpt6k410064m: no usable pages in manifest.,2026-07-17T20:57:36.886210
figaro1854,bpt6k4100650,,failed,0,0,,no_usable_pages,known,,,bpt6k4100650: no usable pages in manifest.,2026-07-17T20:57:37.027116
figaro1854,bpt6k410066c,,failed,0,0,,no_usable_pages,known,,,bpt6k410066c: no usable pages in manifest.,2026-07-17T20:57:37.175050
figaro1854,bpt6k410067r,,failed,0,0,,no_usable_pages,known,,,bpt6k410067r: no usable pages in manifest.,2026-07-17T20:57:37.309498
figaro1854,bpt6k4100684,,failed,0,0,,no_usable_pages,known,,,bpt6k4100684: no usable pages in manifest.,2026-07-17T20:57:37.407917
figaro1854,bpt6k410069h,,failed,0,0,,no_usable_pages,known,,,bpt6k410069h: no usable pages in manifest.,2026-07-17T20:57:37.530041
figaro1854,bpt6k410070f,,failed,0,0,,no_usable_pages,known,,,bpt6k410070f: no usable pages in manifest.,2026-07-17T20:57:37.814229
figaro1854,bpt6k410071t,,failed,0,0,,no_usable_pages,known,,,bpt6k410071t: no usable pages in manifest.,2026-07-17T20:57:37.992552
figaro1854,bpt6k4100726,,failed,0,0,,no_usable_pages,known,,,bpt6k4100726: no usable pages in manifest.,2026-07-17T20:57:38.136635
figaro1854,bpt6k410073k,,failed,0,0,,no_usable_pages,known,,,bpt6k410073k: no usable pages in manifest.,2026-07-17T20:57:38.296978
figaro1854,bpt6k410075b,,failed,0,0,,no_usable_pages,known,,,bpt6k410075b: no usable pages in manifest.,2026-07-17T20:57:38.517213
figaro1854,bpt6k410076q,,failed,0,0,,no_usable_pages,known,,,bpt6k410076q: no usable pages in manifest.,2026-07-17T20:57:38.939889
figaro1854,bpt6k4100773,,failed,0,0,,no_usable_pages,known,,,bpt6k4100773: no usable pages in manifest.,2026-07-17T20:57:39.149964
figaro1854,bpt6k410078g,,failed,0,0,,no_usable_pages,known,,,bpt6k410078g: no usable pages in manifest.,2026-07-17T20:57:39.345596
figaro1854,bpt6k410079v,,failed,0,0,,no_usable_pages,known,,,bpt6k410079v: no usable pages in manifest.,2026-07-17T20:57:39.517686
figaro1854,bpt6k410080s,,failed,0,0,,no_usable_pages,known,,,bpt6k410080s: no usable pages in manifest.,2026-07-17T20:57:39.684294
figaro1854,bpt6k4100815,,failed,0,0,,no_usable_pages,known,,,bpt6k4100815: no usable pages in manifest.,2026-07-17T20:57:39.871691
figaro1854,bpt6k410082j,,failed,0,0,,no_usable_pages,known,,,bpt6k410082j: no usable pages in manifest.,2026-07-17T20:57:40.121894
figaro1854,bpt6k410083x,,failed,0,0,,no_usable_pages,known,,,bpt6k410083x: no usable pages in manifest.,2026-07-17T20:57:40.321138
figaro1854,bpt6k4100849,,failed,0,0,,no_usable_pages,known,,,bpt6k4100849: no usable pages in manifest.,2026-07-17T20:57:40.626373
figaro1854,bpt6k410085p,,failed,0,0,,no_usable_pages,known,,,bpt6k410085p: no usable pages in manifest.,2026-07-17T20:57:40.811843
figaro1854,bpt6k4100862,,failed,0,0,,no_usable_pages,known,,,bpt6k4100862: no usable pages in manifest.,2026-07-17T20:57:41.017328
figaro1854,bpt6k410087f,,failed,0,0,,no_usable_pages,known,,,bpt6k410087f: no usable pages in manifest.,2026-07-17T20:57:41.323212
figaro1854,bpt6k410088t,,failed,0,0,,no_usable_pages,known,,,bpt6k410088t: no usable pages in manifest.,2026-07-17T20:57:41.516704
figaro1854,bpt6k4100896,,failed,0,0,,no_usable_pages,known,,,bpt6k4100896: no usable pages in manifest.,2026-07-17T20:57:41.701329
figaro1854,bpt6k4100904,,failed,0,0,,no_usable_pages,known,,,bpt6k4100904: no usable pages in manifest.,2026-07-17T20:57:41.860706
figaro1854,bpt6k410091h,,failed,0,0,,no_usable_pages,known,,,bpt6k410091h: no usable pages in manifest.,2026-07-17T20:57:42.025742
figaro1854,bpt6k410092w,,failed,0,0,,no_usable_pages,known,,,bpt6k410092w: no usable pages in manifest.,2026-07-17T20:57:42.267848
figaro1854,bpt6k4100938,,failed,0,0,,no_usable_pages,known,,,bpt6k4100938: no usable pages in manifest.,2026-07-17T20:57:42.423525
figaro1854,bpt6k410094n,,failed,0,0,,no_usable_pages,known,,,bpt6k410094n: no usable pages in manifest.,2026-07-17T20:57:42.648542
figaro1854,bpt6k4100951,,failed,0,0,,no_usable_pages,known,,,bpt6k4100951: no usable pages in manifest.,2026-07-17T20:57:42.851346
figaro1854,bpt6k410096d,,failed,0,0,,no_usable_pages,known,,,bpt6k410096d: no usable pages in manifest.,2026-07-17T20:57:43.038459
figaro1854,bpt6k410097s,,failed,0,0,,no_usable_pages,known,,,bpt6k410097s: no usable pages in manifest.,2026-07-17T20:57:43.197862
figaro1854,bpt6k4100985,,failed,0,0,,no_usable_pages,known,,,bpt6k4100985: no usable pages in manifest.,2026-07-17T20:57:43.429200
figaro1854,bpt6k410099j,,failed,0,0,,no_usable_pages,known,,,bpt6k410099j: no usable pages in manifest.,2026-07-17T20:57:43.594141
figaro1854,bpt6k410100b,,failed,0,0,,no_usable_pages,known,,,bpt6k410100b: no usable pages in manifest.,2026-07-17T20:57:43.729172
figaro1854,bpt6k410101q,,failed,0,0,,no_usable_pages,known,,,bpt6k410101q: no usable pages in manifest.,2026-07-17T20:57:43.898452
figaro1854,bpt6k4101023,,failed,0,0,,no_usable_pages,known,,,bpt6k4101023: no usable pages in manifest.,2026-07-17T20:57:44.109054
figaro1854,bpt6k410103g,,failed,0,0,,no_usable_pages,known,,,bpt6k410103g: no usable pages in manifest.,2026-07-17T20:57:44.277920
figaro1854,bpt6k4101057,,failed,0,0,,no_usable_pages,known,,,bpt6k4101057: no usable pages in manifest.,2026-07-17T20:57:44.700090
figaro1854,bpt6k410106m,,failed,0,0,,no_usable_pages,known,,,bpt6k410106m: no usable pages in manifest.,2026-07-17T20:57:44.850537
figaro1854,bpt6k410110p,,failed,0,0,,no_usable_pages,known,,,bpt6k410110p: no usable pages in manifest.,2026-07-17T20:57:45.018084
figaro1854,bpt6k4101112,,failed,0,0,,no_usable_pages,known,,,bpt6k4101112: no usable pages in manifest.,2026-07-17T20:57:45.215478
figaro1854,bpt6k410112f,,failed,0,0,,no_usable_pages,known,,,bpt6k410112f: no usable pages in manifest.,2026-07-17T20:57:45.380620
figaro1854,bpt6k410113t,,failed,0,0,,no_usable_pages,known,,,bpt6k410113t: no usable pages in manifest.,2026-07-17T20:57:45.665636
figaro1854,bpt6k4101146,,failed,0,0,,no_usable_pages,known,,,bpt6k4101146: no usable pages in manifest.,2026-07-17T20:57:45.842762
figaro1854,bpt6k410115k,,failed,0,0,,no_usable_pages,known,,,bpt6k410115k: no usable pages in manifest.,2026-07-17T20:57:46.087570
figaro1854,bpt6k410116z,,failed,0,0,,no_usable_pages,known,,,bpt6k410116z: no usable pages in manifest.,2026-07-17T20:57:46.243602
figaro1854,bpt6k410117b,,failed,0,0,,no_usable_pages,known,,,bpt6k410117b: no usable pages in manifest.,2026-07-17T20:57:46.385801
figaro1854,bpt6k410118q,,failed,0,0,,no_usable_pages,known,,,bpt6k410118q: no usable pages in manifest.,2026-07-17T20:57:46.857066
figaro1854,bpt6k4101193,,failed,0,0,,no_usable_pages,known,,,bpt6k4101193: no usable pages in manifest.,2026-07-17T20:57:47.016876
figaro1854,bpt6k4101201,,failed,0,0,,no_usable_pages,known,,,bpt6k4101201: no usable pages in manifest.,2026-07-17T20:57:47.200372
figaro1854,bpt6k410121d,,failed,0,0,,no_usable_pages,known,,,bpt6k410121d: no usable pages in manifest.,2026-07-17T20:57:47.358226
figaro1854,bpt6k410122s,,failed,0,0,,no_usable_pages,known,,,bpt6k410122s: no usable pages in manifest.,2026-07-17T20:57:47.469015
figaro1854,bpt6k4101235,,failed,0,0,,no_usable_pages,known,,,bpt6k4101235: no usable pages in manifest.,2026-07-17T20:57:47.679833
figaro1854,bpt6k410124j,,failed,0,0,,no_usable_pages,known,,,bpt6k410124j: no usable pages in manifest.,2026-07-17T20:57:47.881542
figaro1854,bpt6k410125x,,failed,0,0,,no_usable_pages,known,,,bpt6k410125x: no usable pages in manifest.,2026-07-17T20:57:48.030426
figaro1854,bpt6k410127p,,failed,0,0,,no_usable_pages,known,,,bpt6k410127p: no usable pages in manifest.,2026-07-17T20:57:48.170372
figaro1854,bpt6k4101282,,failed,0,0,,no_usable_pages,known,,,bpt6k4101282: no usable pages in manifest.,2026-07-17T20:57:48.302666
figaro1854,bpt6k410129f,,failed,0,0,,no_usable_pages,known,,,bpt6k410129f: no usable pages in manifest.,2026-07-17T20:57:48.498095
figaro1854,bpt6k410130c,,failed,0,0,,no_usable_pages,known,,,bpt6k410130c: no usable pages in manifest.,2026-07-17T20:57:48.735871
figaro1854,bpt6k410131r,,failed,0,0,,no_usable_pages,known,,,bpt6k410131r: no usable pages in manifest.,2026-07-17T20:57:49.017520
figaro1854,bpt6k4101324,,failed,0,0,,no_usable_pages,known,,,bpt6k4101324: no usable pages in manifest.,2026-07-17T20:57:49.198156
figaro1854,bpt6k410133h,,failed,0,0,,no_usable_pages,known,,,bpt6k410133h: no usable pages in manifest.,2026-07-17T20:57:49.414986
figaro1854,bpt6k410134w,,failed,0,0,,no_usable_pages,known,,,bpt6k410134w: no usable pages in manifest.,2026-07-17T20:57:49.620671
figaro1854,bpt6k410136n,,failed,0,0,,no_usable_pages,known,,,bpt6k410136n: no usable pages in manifest.,2026-07-17T20:57:49.772120
figaro1854,bpt6k4101371,,failed,0,0,,no_usable_pages,known,,,bpt6k4101371: no usable pages in manifest.,2026-07-17T20:57:50.031764
figaro1854,bpt6k410138d,,failed,0,0,,no_usable_pages,known,,,bpt6k410138d: no usable pages in manifest.,2026-07-17T20:57:50.274845
figaro1854,bpt6k410139s,,failed,0,0,,no_usable_pages,known,,,bpt6k410139s: no usable pages in manifest.,2026-07-17T20:57:50.530353
figaro1854,bpt6k410140q,,failed,0,0,,no_usable_pages,known,,,bpt6k410140q: no usable pages in manifest.,2026-07-17T20:57:50.978234
figaro1854,bpt6k4101413,,failed,0,0,,no_usable_pages,known,,,bpt6k4101413: no usable pages in manifest.,2026-07-17T20:57:51.300358
figaro1854,bpt6k410142g,,failed,0,0,,no_usable_pages,known,,,bpt6k410142g: no usable pages in manifest.,2026-07-17T20:57:51.479927
figaro1854,bpt6k410143v,,failed,0,0,,no_usable_pages,known,,,bpt6k410143v: no usable pages in manifest.,2026-07-17T20:57:51.668070
figaro1854,bpt6k4101447,,failed,0,0,,no_usable_pages,known,,,bpt6k4101447: no usable pages in manifest.,2026-07-17T20:57:51.884661
figaro1854,bpt6k410145m,,failed,0,0,,no_usable_pages,known,,,bpt6k410145m: no usable pages in manifest.,2026-07-17T20:57:52.072127
figaro1854,bpt6k4101460,,failed,0,0,,no_usable_pages,known,,,bpt6k4101460: no usable pages in manifest.,2026-07-17T20:57:52.329714
figaro1854,bpt6k410147c,,failed,0,0,,no_usable_pages,known,,,bpt6k410147c: no usable pages in manifest.,2026-07-17T20:57:52.531091
figaro1854,bpt6k410148r,,failed,0,0,,no_usable_pages,known,,,bpt6k410148r: no usable pages in manifest.,2026-07-17T20:57:52.699220
figaro1854,bpt6k4101494,,failed,0,0,,no_usable_pages,known,,,bpt6k4101494: no usable pages in manifest.,2026-07-17T20:57:52.853226
figaro1854,bpt6k4101502,,failed,0,0,,no_usable_pages,known,,,bpt6k4101502: no usable pages in manifest.,2026-07-17T20:57:53.205400
figaro1854,bpt6k410152t,,failed,0,0,,no_usable_pages,known,,,bpt6k410152t: no usable pages in manifest.,2026-07-17T20:57:53.495890
figaro1854,bpt6k4101536,,failed,0,0,,no_usable_pages,known,,,bpt6k4101536: no usable pages in manifest.,2026-07-17T20:57:53.657894
figaro1854,bpt6k410154k,,failed,0,0,,no_usable_pages,known,,,bpt6k410154k: no usable pages in manifest.,2026-07-17T20:57:53.828424
figaro1854,bpt6k410155z,,failed,0,0,,no_usable_pages,known,,,bpt6k410155z: no usable pages in manifest.,2026-07-17T20:57:54.011949
figaro1854,bpt6k410156b,,failed,0,0,,no_usable_pages,known,,,bpt6k410156b: no usable pages in manifest.,2026-07-17T20:57:54.155595
figaro1854,bpt6k410157q,,failed,0,0,,no_usable_pages,known,,,bpt6k410157q: no usable pages in manifest.,2026-07-17T20:57:54.332906
figaro1854,bpt6k410159g,,failed,0,0,,no_usable_pages,known,,,bpt6k410159g: no usable pages in manifest.,2026-07-17T20:57:54.603464
figaro1854,bpt6k410160d,,failed,0,0,,no_usable_pages,known,,,bpt6k410160d: no usable pages in manifest.,2026-07-17T20:57:54.854325
figaro1854,bpt6k410161s,,failed,0,0,,no_usable_pages,known,,,bpt6k410161s: no usable pages in manifest.,2026-07-17T20:57:55.094778
figaro1854,bpt6k4101625,,failed,0,0,,no_usable_pages,known,,,bpt6k4101625: no usable pages in manifest.,2026-07-17T20:57:55.380496
figaro1854,bpt6k410164x,,failed,0,0,,no_usable_pages,known,,,bpt6k410164x: no usable pages in manifest.,2026-07-17T20:57:55.698347
figaro1854,bpt6k4101659,,failed,0,0,,no_usable_pages,known,,,bpt6k4101659: no usable pages in manifest.,2026-07-17T20:57:55.900001
figaro1854,bpt6k410166p,,failed,0,0,,no_usable_pages,known,,,bpt6k410166p: no usable pages in manifest.,2026-07-17T20:57:56.087569
figaro1854,bpt6k4101672,,failed,0,0,,no_usable_pages,known,,,bpt6k4101672: no usable pages in manifest.,2026-07-17T20:57:56.275038
figaro1854,bpt6k410169t,,failed,0,0,,no_usable_pages,known,,,bpt6k410169t: no usable pages in manifest.,2026-07-17T20:57:56.464834
figaro1854,bpt6k410170r,,failed,0,0,,no_usable_pages,known,,,bpt6k410170r: no usable pages in manifest.,2026-07-17T20:57:56.783921
figaro1854,bpt6k4101714,,failed,0,0,,no_usable_pages,known,,,bpt6k4101714: no usable pages in manifest.,2026-07-17T20:57:57.006730
figaro1854,bpt6k410173w,,failed,0,0,,no_usable_pages,known,,,bpt6k410173w: no usable pages in manifest.,2026-07-17T20:57:57.212571
figaro1854,bpt6k4101748,,failed,0,0,,no_usable_pages,known,,,bpt6k4101748: no usable pages in manifest.,2026-07-17T20:57:57.392351
figaro1854,bpt6k410175n,,failed,0,0,,no_usable_pages,known,,,bpt6k410175n: no usable pages in manifest.,2026-07-17T20:57:57.654431
figaro1854,bpt6k410177d,,failed,0,0,,no_usable_pages,known,,,bpt6k410177d: no usable pages in manifest.,2026-07-17T20:57:58.019171
figaro1854,bpt6k410178s,,failed,0,0,,no_usable_pages,known,,,bpt6k410178s: no usable pages in manifest.,2026-07-17T20:57:58.231045
figaro1854,bpt6k4101795,,failed,0,0,,no_usable_pages,known,,,bpt6k4101795: no usable pages in manifest.,2026-07-17T20:57:58.459667
figaro1854,bpt6k4101803,,failed,0,0,,no_usable_pages,known,,,bpt6k4101803: no usable pages in manifest.,2026-07-17T20:57:58.625273
figaro1854,bpt6k410181g,,failed,0,0,,no_usable_pages,known,,,bpt6k410181g: no usable pages in manifest.,2026-07-17T20:57:58.811044
figaro1854,bpt6k4101837,,failed,0,0,,no_usable_pages,known,,,bpt6k4101837: no usable pages in manifest.,2026-07-17T20:57:59.074176
figaro1854,bpt6k410184m,,failed,0,0,,no_usable_pages,known,,,bpt6k410184m: no usable pages in manifest.,2026-07-17T20:57:59.236172
figaro1854,bpt6k4101850,,failed,0,0,,no_usable_pages,known,,,bpt6k4101850: no usable pages in manifest.,2026-07-17T20:57:59.429225
figaro1854,bpt6k410186c,,failed,0,0,,no_usable_pages,known,,,bpt6k410186c: no usable pages in manifest.,2026-07-17T20:57:59.763829
figaro1854,bpt6k4101884,,failed,0,0,,no_usable_pages,known,,,bpt6k4101884: no usable pages in manifest.,2026-07-17T20:57:59.964320
figaro1854,bpt6k410189h,,failed,0,0,,no_usable_pages,known,,,bpt6k410189h: no usable pages in manifest.,2026-07-17T20:58:00.294545
figaro1854,bpt6k410190f,,failed,0,0,,no_usable_pages,known,,,bpt6k410190f: no usable pages in manifest.,2026-07-17T20:58:00.492354
figaro1854,bpt6k410191t,,failed,0,0,,no_usable_pages,known,,,bpt6k410191t: no usable pages in manifest.,2026-07-17T20:58:00.678561
figaro1854,bpt6k4101926,,failed,0,0,,no_usable_pages,known,,,bpt6k4101926: no usable pages in manifest.,2026-07-17T20:58:00.867955
figaro1854,bpt6k410193k,,failed,0,0,,no_usable_pages,known,,,bpt6k410193k: no usable pages in manifest.,2026-07-17T20:58:01.075125
figaro1854,bpt6k410194z,,failed,0,0,,no_usable_pages,known,,,bpt6k410194z: no usable pages in manifest.,2026-07-17T20:58:01.361446
figaro1854,bpt6k410195b,,failed,0,0,,no_usable_pages,known,,,bpt6k410195b: no usable pages in manifest.,2026-07-17T20:58:01.541642
figaro1854,bpt6k4101973,,failed,0,0,,no_usable_pages,known,,,bpt6k4101973: no usable pages in manifest.,2026-07-17T20:58:01.747345
figaro1854,bpt6k410198g,,failed,0,0,,no_usable_pages,known,,,bpt6k410198g: no usable pages in manifest.,2026-07-17T20:58:02.001384
figaro1854,bpt6k410200n,,failed,0,0,,no_usable_pages,known,,,bpt6k410200n: no usable pages in manifest.,2026-07-17T20:58:02.195984
figaro1854,bpt6k4102011,,failed,0,0,,no_usable_pages,known,,,bpt6k4102011: no usable pages in manifest.,2026-07-17T20:58:02.487360
figaro1854,bpt6k410202d,,failed,0,0,,no_usable_pages,known,,,bpt6k410202d: no usable pages in manifest.,2026-07-17T20:58:02.657515
figaro1854,bpt6k4102045,,failed,0,0,,no_usable_pages,known,,,bpt6k4102045: no usable pages in manifest.,2026-07-17T20:58:02.838974
figaro1854,bpt6k410206x,,failed,0,0,,no_usable_pages,known,,,bpt6k410206x: no usable pages in manifest.,2026-07-17T20:58:02.981591
figaro1854,bpt6k4102079,,failed,0,0,,no_usable_pages,known,,,bpt6k4102079: no usable pages in manifest.,2026-07-17T20:58:03.151270
figaro1854,bpt6k410208p,,failed,0,0,,no_usable_pages,known,,,bpt6k410208p: no usable pages in manifest.,2026-07-17T20:58:03.312665
figaro1854,bpt6k4102092,,failed,0,0,,no_usable_pages,known,,,bpt6k4102092: no usable pages in manifest.,2026-07-17T20:58:03.642287
figaro1854,bpt6k4102100,,failed,0,0,,no_usable_pages,known,,,bpt6k4102100: no usable pages in manifest.,2026-07-17T20:58:03.792270
figaro1854,bpt6k410211c,,failed,0,0,,no_usable_pages,known,,,bpt6k410211c: no usable pages in manifest.,2026-07-17T20:58:03.983122
figaro1854,bpt6k410212r,,failed,0,0,,no_usable_pages,known,,,bpt6k410212r: no usable pages in manifest.,2026-07-17T20:58:04.141093
figaro1854,bpt6k4102134,,failed,0,0,,no_usable_pages,known,,,bpt6k4102134: no usable pages in manifest.,2026-07-17T20:58:04.341959
figaro1854,bpt6k410214h,,failed,0,0,,no_usable_pages,known,,,bpt6k410214h: no usable pages in manifest.,2026-07-17T20:58:04.814809
figaro1854,bpt6k410215w,,failed,0,0,,no_usable_pages,known,,,bpt6k410215w: no usable pages in manifest.,2026-07-17T20:58:05.008025
figaro1854,bpt6k4102168,,failed,0,0,,no_usable_pages,known,,,bpt6k4102168: no usable pages in manifest.,2026-07-17T20:58:05.188899
figaro1854,bpt6k4102181,,failed,0,0,,no_usable_pages,known,,,bpt6k4102181: no usable pages in manifest.,2026-07-17T20:58:05.390339
figaro1854,bpt6k410223g,,failed,0,0,,no_usable_pages,known,,,bpt6k410223g: no usable pages in manifest.,2026-07-17T20:58:05.572896
figaro1854,bpt6k410238q,,failed,0,0,,no_usable_pages,known,,,bpt6k410238q: no usable pages in manifest.,2026-07-17T20:58:05.895366
figaro1854,bpt6k4102401,,failed,0,0,,no_usable_pages,known,,,bpt6k4102401: no usable pages in manifest.,2026-07-17T20:58:06.093981
figaro1854,bpt6k410241d,,failed,0,0,,no_usable_pages,known,,,bpt6k410241d: no usable pages in manifest.,2026-07-17T20:58:06.251464
figaro1854,bpt6k410242s,,failed,0,0,,no_usable_pages,known,,,bpt6k410242s: no usable pages in manifest.,2026-07-17T20:58:06.407969
figaro1854,bpt6k4102435,,failed,0,0,,no_usable_pages,known,,,bpt6k4102435: no usable pages in manifest.,2026-07-17T20:58:06.650334
figaro1854,bpt6k410244j,,failed,0,0,,no_usable_pages,known,,,bpt6k410244j: no usable pages in manifest.,2026-07-17T20:58:07.147930
figaro1854,bpt6k410245x,,failed,0,0,,no_usable_pages,known,,,bpt6k410245x: no usable pages in manifest.,2026-07-17T20:58:07.326053
figaro1854,bpt6k4102469,,failed,0,0,,no_usable_pages,known,,,bpt6k4102469: no usable pages in manifest.,2026-07-17T20:58:07.490802
figaro1854,bpt6k410247p,,failed,0,0,,no_usable_pages,known,,,bpt6k410247p: no usable pages in manifest.,2026-07-17T20:58:07.702085
figaro1854,bpt6k4102482,,failed,0,0,,no_usable_pages,known,,,bpt6k4102482: no usable pages in manifest.,2026-07-17T20:58:07.837059
figaro1854,bpt6k410250c,,failed,0,0,,no_usable_pages,known,,,bpt6k410250c: no usable pages in manifest.,2026-07-17T20:58:08.104627
figaro1854,bpt6k410251r,,failed,0,0,,no_usable_pages,known,,,bpt6k410251r: no usable pages in manifest.,2026-07-17T20:58:08.283310
figaro1854,bpt6k4102524,,failed,0,0,,no_usable_pages,known,,,bpt6k4102524: no usable pages in manifest.,2026-07-17T20:58:08.427991
figaro1854,bpt6k410253h,,failed,0,0,,no_usable_pages,known,,,bpt6k410253h: no usable pages in manifest.,2026-07-17T20:58:08.597366
figaro1854,bpt6k410254w,,failed,0,0,,no_usable_pages,known,,,bpt6k410254w: no usable pages in manifest.,2026-07-17T20:58:08.792837
figaro1854,bpt6k4102558,,failed,0,0,,no_usable_pages,known,,,bpt6k4102558: no usable pages in manifest.,2026-07-17T20:58:09.036763
figaro1854,bpt6k410256n,,failed,0,0,,no_usable_pages,known,,,bpt6k410256n: no usable pages in manifest.,2026-07-17T20:58:09.337335
figaro1854,bpt6k4102571,,failed,0,0,,no_usable_pages,known,,,bpt6k4102571: no usable pages in manifest.,2026-07-17T20:58:09.484469
figaro1854,bpt6k410258d,,failed,0,0,,no_usable_pages,known,,,bpt6k410258d: no usable pages in manifest.,2026-07-17T20:58:09.637203
figaro1854,bpt6k410259s,,failed,0,0,,no_usable_pages,known,,,bpt6k410259s: no usable pages in manifest.,2026-07-17T20:58:09.800732
figaro1854,bpt6k410260q,,failed,0,0,,no_usable_pages,known,,,bpt6k410260q: no usable pages in manifest.,2026-07-17T20:58:09.984461
figaro1854,bpt6k410262g,,failed,0,0,,no_usable_pages,known,,,bpt6k410262g: no usable pages in manifest.,2026-07-17T20:58:10.206211
figaro1854,bpt6k410263v,,failed,0,0,,no_usable_pages,known,,,bpt6k410263v: no usable pages in manifest.,2026-07-17T20:58:10.456096
figaro1854,bpt6k410265m,,failed,0,0,,no_usable_pages,known,,,bpt6k410265m: no usable pages in manifest.,2026-07-17T20:58:10.701811
figaro1854,bpt6k4102660,,failed,0,0,,no_usable_pages,known,,,bpt6k4102660: no usable pages in manifest.,2026-07-17T20:58:10.921995
figaro1854,bpt6k410267c,,failed,0,0,,no_usable_pages,known,,,bpt6k410267c: no usable pages in manifest.,2026-07-17T20:58:11.165607
figaro1854,bpt6k410268r,,failed,0,0,,no_usable_pages,known,,,bpt6k410268r: no usable pages in manifest.,2026-07-17T20:58:11.600521
figaro1854,bpt6k4102694,,failed,0,0,,no_usable_pages,known,,,bpt6k4102694: no usable pages in manifest.,2026-07-17T20:58:11.804778
figaro1854,bpt6k4102702,,failed,0,0,,no_usable_pages,known,,,bpt6k4102702: no usable pages in manifest.,2026-07-17T20:58:11.990811
figaro1854,bpt6k410271f,,failed,0,0,,no_usable_pages,known,,,bpt6k410271f: no usable pages in manifest.,2026-07-17T20:58:12.113736
figaro1854,bpt6k410272t,,failed,0,0,,no_usable_pages,known,,,bpt6k410272t: no usable pages in manifest.,2026-07-17T20:58:12.234931
figaro1854,bpt6k4102736,,failed,0,0,,no_usable_pages,known,,,bpt6k4102736: no usable pages in manifest.,2026-07-17T20:58:12.366997
figaro1854,bpt6k410274k,,failed,0,0,,no_usable_pages,known,,,bpt6k410274k: no usable pages in manifest.,2026-07-17T20:58:12.731933
figaro1854,bpt6k410275z,,failed,0,0,,no_usable_pages,known,,,bpt6k410275z: no usable pages in manifest.,2026-07-17T20:58:12.901706
figaro1854,bpt6k410276b,,failed,0,0,,no_usable_pages,known,,,bpt6k410276b: no usable pages in manifest.,2026-07-17T20:58:13.060255
figaro1854,bpt6k410277q,,failed,0,0,,no_usable_pages,known,,,bpt6k410277q: no usable pages in manifest.,2026-07-17T20:58:13.199065
figaro1854,bpt6k410279g,,failed,0,0,,no_usable_pages,known,,,bpt6k410279g: no usable pages in manifest.,2026-07-17T20:58:13.362241
figaro1854,bpt6k410280d,,failed,0,0,,no_usable_pages,known,,,bpt6k410280d: no usable pages in manifest.,2026-07-17T20:58:13.610571
figaro1854,bpt6k410281s,,failed,0,0,,no_usable_pages,known,,,bpt6k410281s: no usable pages in manifest.,2026-07-17T20:58:13.941602
figaro1854,bpt6k4102825,,failed,0,0,,no_usable_pages,known,,,bpt6k4102825: no usable pages in manifest.,2026-07-17T20:58:14.094358
figaro1854,bpt6k410283j,,failed,0,0,,no_usable_pages,known,,,bpt6k410283j: no usable pages in manifest.,2026-07-17T20:58:14.252331
figaro1854,bpt6k410284x,,failed,0,0,,no_usable_pages,known,,,bpt6k410284x: no usable pages in manifest.,2026-07-17T20:58:14.409721
figaro1854,bpt6k4102859,,failed,0,0,,no_usable_pages,known,,,bpt6k4102859: no usable pages in manifest.,2026-07-17T20:58:14.593798
figaro1854,bpt6k410286p,,failed,0,0,,no_usable_pages,known,,,bpt6k410286p: no usable pages in manifest.,2026-07-17T20:58:14.759508
figaro1854,bpt6k4102872,,failed,0,0,,no_usable_pages,known,,,bpt6k4102872: no usable pages in manifest.,2026-07-17T20:58:15.078925
figaro1854,bpt6k410288f,,failed,0,0,,no_usable_pages,known,,,bpt6k410288f: no usable pages in manifest.,2026-07-17T20:58:15.278761
figaro1854,bpt6k410289t,,failed,0,0,,no_usable_pages,known,,,bpt6k410289t: no usable pages in manifest.,2026-07-17T20:58:15.414226
figaro1854,bpt6k410290r,,failed,0,0,,no_usable_pages,known,,,bpt6k410290r: no usable pages in manifest.,2026-07-17T20:58:16.219111
figaro1854,bpt6k4102914,,failed,0,0,,no_usable_pages,known,,,bpt6k4102914: no usable pages in manifest.,2026-07-17T20:58:16.452654
figaro1854,bpt6k410292h,,failed,0,0,,no_usable_pages,known,,,bpt6k410292h: no usable pages in manifest.,2026-07-17T20:58:16.675296
figaro1854,bpt6k410293w,,failed,0,0,,no_usable_pages,known,,,bpt6k410293w: no usable pages in manifest.,2026-07-17T20:58:16.928736
figaro1854,bpt6k4102948,,failed,0,0,,no_usable_pages,known,,,bpt6k4102948: no usable pages in manifest.,2026-07-17T20:58:17.097932
figaro1854,bpt6k410295n,,failed,0,0,,no_usable_pages,known,,,bpt6k410295n: no usable pages in manifest.,2026-07-17T20:58:17.397849
figaro1854,bpt6k4102961,,failed,0,0,,no_usable_pages,known,,,bpt6k4102961: no usable pages in manifest.,2026-07-17T20:58:17.556012
figaro1854,bpt6k4103771,,failed,0,0,,no_usable_pages,known,,,bpt6k4103771: no usable pages in manifest.,2026-07-17T20:58:17.671367
figaro1854,bpt6k410378d,,failed,0,0,,no_usable_pages,known,,,bpt6k410378d: no usable pages in manifest.,2026-07-17T20:58:17.828943
figaro1854,bpt6k410379s,,failed,0,0,,no_usable_pages,known,,,bpt6k410379s: no usable pages in manifest.,2026-07-17T20:58:18.015482
figaro1854,bpt6k410380q,,failed,0,0,,no_usable_pages,known,,,bpt6k410380q: no usable pages in manifest.,2026-07-17T20:58:18.239324
figaro1854,bpt6k4103813,,failed,0,0,,no_usable_pages,known,,,bpt6k4103813: no usable pages in manifest.,2026-07-17T20:58:18.720168
figaro1854,bpt6k410382g,,failed,0,0,,no_usable_pages,known,,,bpt6k410382g: no usable pages in manifest.,2026-07-17T20:58:18.909619
figaro1854,bpt6k410383v,,failed,0,0,,no_usable_pages,known,,,bpt6k410383v: no usable pages in manifest.,2026-07-17T20:58:19.117307
figaro1854,bpt6k4103847,,failed,0,0,,no_usable_pages,known,,,bpt6k4103847: no usable pages in manifest.,2026-07-17T20:58:19.394567
figaro1854,bpt6k410385m,,failed,0,0,,no_usable_pages,known,,,bpt6k410385m: no usable pages in manifest.,2026-07-17T20:58:19.688369
figaro1854,bpt6k4103860,,failed,0,0,,no_usable_pages,known,,,bpt6k4103860: no usable pages in manifest.,2026-07-17T20:58:19.944835
figaro1854,bpt6k410387c,,failed,0,0,,no_usable_pages,known,,,bpt6k410387c: no usable pages in manifest.,2026-07-17T20:58:20.184733
figaro1854,bpt6k410388r,,failed,0,0,,no_usable_pages,known,,,bpt6k410388r: no usable pages in manifest.,2026-07-17T20:58:20.402131
figaro1854,bpt6k4103894,,failed,0,0,,no_usable_pages,known,,,bpt6k4103894: no usable pages in manifest.,2026-07-17T20:58:20.740582
figaro1854,bpt6k4103902,,failed,0,0,,no_usable_pages,known,,,bpt6k4103902: no usable pages in manifest.,2026-07-17T20:58:21.121027
figaro1854,bpt6k410391f,,failed,0,0,,no_usable_pages,known,,,bpt6k410391f: no usable pages in manifest.,2026-07-17T20:58:21.301357
figaro1854,bpt6k410392t,,failed,0,0,,no_usable_pages,known,,,bpt6k410392t: no usable pages in manifest.,2026-07-17T20:58:21.525757
figaro1854,bpt6k4103936,,failed,0,0,,no_usable_pages,known,,,bpt6k4103936: no usable pages in manifest.,2026-07-17T20:58:21.906423
figaro1854,bpt6k410394k,,failed,0,0,,no_usable_pages,known,,,bpt6k410394k: no usable pages in manifest.,2026-07-17T20:58:22.117851
figaro1854,bpt6k410395z,,failed,0,0,,no_usable_pages,known,,,bpt6k410395z: no usable pages in manifest.,2026-07-17T20:58:22.272419
figaro1854,bpt6k410396b,,failed,0,0,,no_usable_pages,known,,,bpt6k410396b: no usable pages in manifest.,2026-07-17T20:58:22.421265
figaro1854,bpt6k410399g,,failed,0,0,,no_usable_pages,known,,,bpt6k410399g: no usable pages in manifest.,2026-07-17T20:58:22.642773
figaro1854,bpt6k410401n,,failed,0,0,,no_usable_pages,known,,,bpt6k410401n: no usable pages in manifest.,2026-07-17T20:58:22.858742
figaro1854,bpt6k4104021,,failed,0,0,,no_usable_pages,known,,,bpt6k4104021: no usable pages in manifest.,2026-07-17T20:58:23.186961
figaro1854,bpt6k410403d,,failed,0,0,,no_usable_pages,known,,,bpt6k410403d: no usable pages in manifest.,2026-07-17T20:58:23.542323
figaro1854,bpt6k410404s,,failed,0,0,,no_usable_pages,known,,,bpt6k410404s: no usable pages in manifest.,2026-07-17T20:58:23.896336
figaro1854,bpt6k4104055,,failed,0,0,,no_usable_pages,known,,,bpt6k4104055: no usable pages in manifest.,2026-07-17T20:58:24.140009
figaro1854,bpt6k410406j,,failed,0,0,,no_usable_pages,known,,,bpt6k410406j: no usable pages in manifest.,2026-07-17T20:58:24.349732
figaro1854,bpt6k4104089,,failed,0,0,,no_usable_pages,known,,,bpt6k4104089: no usable pages in manifest.,2026-07-17T20:58:24.498484
figaro1854,bpt6k410409p,,failed,0,0,,no_usable_pages,known,,,bpt6k410409p: no usable pages in manifest.,2026-07-17T20:58:24.654108
figaro1854,bpt6k410410m,,failed,0,0,,no_usable_pages,known,,,bpt6k410410m: no usable pages in manifest.,2026-07-17T20:58:24.860105
figaro1854,bpt6k4104110,,failed,0,0,,no_usable_pages,known,,,bpt6k4104110: no usable pages in manifest.,2026-07-17T20:58:25.025114
figaro1854,bpt6k410412c,,failed,0,0,,no_usable_pages,known,,,bpt6k410412c: no usable pages in manifest.,2026-07-17T20:58:25.196362
figaro1854,bpt6k410413r,,failed,0,0,,no_usable_pages,known,,,bpt6k410413r: no usable pages in manifest.,2026-07-17T20:58:25.612441
figaro1854,bpt6k4104144,,failed,0,0,,no_usable_pages,known,,,bpt6k4104144: no usable pages in manifest.,2026-07-17T20:58:25.734275
figaro1854,bpt6k410415h,,failed,0,0,,no_usable_pages,known,,,bpt6k410415h: no usable pages in manifest.,2026-07-17T20:58:25.931452
figaro1854,bpt6k410416w,,failed,0,0,,no_usable_pages,known,,,bpt6k410416w: no usable pages in manifest.,2026-07-17T20:58:26.144911
figaro1854,bpt6k4104178,,failed,0,0,,no_usable_pages,known,,,bpt6k4104178: no usable pages in manifest.,2026-07-17T20:58:26.338468
figaro1854,bpt6k410418n,,failed,0,0,,no_usable_pages,known,,,bpt6k410418n: no usable pages in manifest.,2026-07-17T20:58:26.538269
figaro1854,bpt6k4104191,,failed,0,0,,no_usable_pages,known,,,bpt6k4104191: no usable pages in manifest.,2026-07-17T20:58:26.656887
figaro1854,bpt6k410420z,,failed,0,0,,no_usable_pages,known,,,bpt6k410420z: no usable pages in manifest.,2026-07-17T20:58:26.821496
figaro1854,bpt6k410422q,,failed,0,0,,no_usable_pages,known,,,bpt6k410422q: no usable pages in manifest.,2026-07-17T20:58:27.040125
figaro1854,bpt6k4104233,,failed,0,0,,no_usable_pages,known,,,bpt6k4104233: no usable pages in manifest.,2026-07-17T20:58:27.235600
figaro1854,bpt6k410424g,,failed,0,0,,no_usable_pages,known,,,bpt6k410424g: no usable pages in manifest.,2026-07-17T20:58:27.529502
figaro1854,bpt6k4104267,,failed,0,0,,no_usable_pages,known,,,bpt6k4104267: no usable pages in manifest.,2026-07-17T20:58:27.889612
figaro1854,bpt6k410427m,,failed,0,0,,no_usable_pages,known,,,bpt6k410427m: no usable pages in manifest.,2026-07-17T20:58:28.087455
figaro1854,bpt6k4104280,,failed,0,0,,no_usable_pages,known,,,bpt6k4104280: no usable pages in manifest.,2026-07-17T20:58:28.302528
figaro1854,bpt6k410429c,,failed,0,0,,no_usable_pages,known,,,bpt6k410429c: no usable pages in manifest.,2026-07-17T20:58:28.482420
figaro1854,bpt6k4104309,,failed,0,0,,no_usable_pages,known,,,bpt6k4104309: no usable pages in manifest.,2026-07-17T20:58:28.653888
figaro1854,bpt6k410431p,,failed,0,0,,no_usable_pages,known,,,bpt6k410431p: no usable pages in manifest.,2026-07-17T20:58:28.772840
figaro1854,bpt6k4104322,,failed,0,0,,no_usable_pages,known,,,bpt6k4104322: no usable pages in manifest.,2026-07-17T20:58:28.891866
figaro1854,bpt6k410433f,,failed,0,0,,no_usable_pages,known,,,bpt6k410433f: no usable pages in manifest.,2026-07-17T20:58:29.023797
figaro1854,bpt6k410434t,,failed,0,0,,no_usable_pages,known,,,bpt6k410434t: no usable pages in manifest.,2026-07-17T20:58:29.166777
figaro1854,bpt6k4104356,,failed,0,0,,no_usable_pages,known,,,bpt6k4104356: no usable pages in manifest.,2026-07-17T20:58:29.373462
figaro1854,bpt6k410436k,,failed,0,0,,no_usable_pages,known,,,bpt6k410436k: no usable pages in manifest.,2026-07-17T20:58:29.691779
figaro1854,bpt6k410437z,,failed,0,0,,no_usable_pages,known,,,bpt6k410437z: no usable pages in manifest.,2026-07-17T20:58:29.864089
figaro1854,bpt6k410438b,,failed,0,0,,no_usable_pages,known,,,bpt6k410438b: no usable pages in manifest.,2026-07-17T20:58:30.022800
figaro1854,bpt6k410439q,,failed,0,0,,no_usable_pages,known,,,bpt6k410439q: no usable pages in manifest.,2026-07-17T20:58:30.209543
figaro1854,bpt6k410440n,,failed,0,0,,no_usable_pages,known,,,bpt6k410440n: no usable pages in manifest.,2026-07-17T20:58:30.419542
figaro1854,bpt6k4104411,,failed,0,0,,no_usable_pages,known,,,bpt6k4104411: no usable pages in manifest.,2026-07-17T20:58:30.761539
figaro1854,bpt6k410442d,,failed,0,0,,no_usable_pages,known,,,bpt6k410442d: no usable pages in manifest.,2026-07-17T20:58:31.108244
figaro1854,bpt6k410443s,,failed,0,0,,no_usable_pages,known,,,bpt6k410443s: no usable pages in manifest.,2026-07-17T20:58:31.436359
figaro1854,bpt6k410445j,,failed,0,0,,no_usable_pages,known,,,bpt6k410445j: no usable pages in manifest.,2026-07-17T20:58:31.630081
figaro1854,bpt6k410446x,,failed,0,0,,no_usable_pages,known,,,bpt6k410446x: no usable pages in manifest.,2026-07-17T20:58:31.982310
figaro1854,bpt6k4104479,,failed,0,0,,no_usable_pages,known,,,bpt6k4104479: no usable pages in manifest.,2026-07-17T20:58:32.193594
figaro1854,bpt6k410448p,,failed,0,0,,no_usable_pages,known,,,bpt6k410448p: no usable pages in manifest.,2026-07-17T20:58:32.287247
figaro1854,bpt6k4104492,,failed,0,0,,no_usable_pages,known,,,bpt6k4104492: no usable pages in manifest.,2026-07-17T20:58:32.466609
figaro1854,bpt6k4104500,,failed,0,0,,no_usable_pages,known,,,bpt6k4104500: no usable pages in manifest.,2026-07-17T20:58:32.609067
figaro1854,bpt6k410451c,,failed,0,0,,no_usable_pages,known,,,bpt6k410451c: no usable pages in manifest.,2026-07-17T20:58:32.758998
figaro1854,bpt6k410452r,,failed,0,0,,no_usable_pages,known,,,bpt6k410452r: no usable pages in manifest.,2026-07-17T20:58:32.904057
figaro1854,bpt6k4104534,,failed,0,0,,no_usable_pages,known,,,bpt6k4104534: no usable pages in manifest.,2026-07-17T20:58:33.021677
figaro1854,bpt6k410454h,,failed,0,0,,no_usable_pages,known,,,bpt6k410454h: no usable pages in manifest.,2026-07-17T20:58:33.131109
figaro1854,bpt6k410455w,,failed,0,0,,no_usable_pages,known,,,bpt6k410455w: no usable pages in manifest.,2026-07-17T20:58:33.284490
figaro1854,bpt6k4104568,,failed,0,0,,no_usable_pages,known,,,bpt6k4104568: no usable pages in manifest.,2026-07-17T20:58:33.485148
figaro1854,bpt6k410457n,,failed,0,0,,no_usable_pages,known,,,bpt6k410457n: no usable pages in manifest.,2026-07-17T20:58:33.744893
figaro1854,bpt6k4104581,,failed,0,0,,no_usable_pages,known,,,bpt6k4104581: no usable pages in manifest.,2026-07-17T20:58:33.987876
figaro1854,bpt6k410459d,,failed,0,0,,no_usable_pages,known,,,bpt6k410459d: no usable pages in manifest.,2026-07-17T20:58:34.128941
figaro1854,bpt6k410460b,,failed,0,0,,no_usable_pages,known,,,bpt6k410460b: no usable pages in manifest.,2026-07-17T20:58:34.245928
figaro1854,bpt6k410461q,,failed,0,0,,no_usable_pages,known,,,bpt6k410461q: no usable pages in manifest.,2026-07-17T20:58:34.391241
figaro1854,bpt6k4104623,,failed,0,0,,no_usable_pages,known,,,bpt6k4104623: no usable pages in manifest.,2026-07-17T20:58:34.595771
figaro1854,bpt6k410463g,,failed,0,0,,no_usable_pages,known,,,bpt6k410463g: no usable pages in manifest.,2026-07-17T20:58:34.850572
figaro1854,bpt6k410464v,,failed,0,0,,no_usable_pages,known,,,bpt6k410464v: no usable pages in manifest.,2026-07-17T20:58:35.067815
figaro1854,bpt6k4104657,,failed,0,0,,no_usable_pages,known,,,bpt6k4104657: no usable pages in manifest.,2026-07-17T20:58:35.177973
figaro1854,bpt6k410466m,,failed,0,0,,no_usable_pages,known,,,bpt6k410466m: no usable pages in manifest.,2026-07-17T20:58:35.309627
figaro1854,bpt6k4104670,,failed,0,0,,no_usable_pages,known,,,bpt6k4104670: no usable pages in manifest.,2026-07-17T20:58:35.457153
figaro1854,bpt6k410468c,,failed,0,0,,no_usable_pages,known,,,bpt6k410468c: no usable pages in manifest.,2026-07-17T20:58:35.718473
figaro1854,bpt6k410469r,,failed,0,0,,no_usable_pages,known,,,bpt6k410469r: no usable pages in manifest.,2026-07-17T20:58:35.855632
figaro1854,bpt6k410470p,,failed,0,0,,no_usable_pages,known,,,bpt6k410470p: no usable pages in manifest.,2026-07-17T20:58:35.993196
figaro1854,bpt6k4104712,,failed,0,0,,no_usable_pages,known,,,bpt6k4104712: no usable pages in manifest.,2026-07-17T20:58:36.146557
figaro1854,bpt6k410472f,,failed,0,0,,no_usable_pages,known,,,bpt6k410472f: no usable pages in manifest.,2026-07-17T20:58:36.317256
figaro1854,bpt6k410473t,,failed,0,0,,no_usable_pages,known,,,bpt6k410473t: no usable pages in manifest.,2026-07-17T20:58:36.444627
figaro1854,bpt6k4104746,,failed,0,0,,no_usable_pages,known,,,bpt6k4104746: no usable pages in manifest.,2026-07-17T20:58:36.562328
figaro1854,bpt6k410475k,,failed,0,0,,no_usable_pages,known,,,bpt6k410475k: no usable pages in manifest.,2026-07-17T20:58:36.760864
figaro1854,bpt6k410476z,,failed,0,0,,no_usable_pages,known,,,bpt6k410476z: no usable pages in manifest.,2026-07-17T20:58:36.940416
figaro1854,bpt6k410477b,,failed,0,0,,no_usable_pages,known,,,bpt6k410477b: no usable pages in manifest.,2026-07-17T20:58:37.085982
figaro1854,bpt6k410478q,,failed,0,0,,no_usable_pages,known,,,bpt6k410478q: no usable pages in manifest.,2026-07-17T20:58:37.388202
figaro1854,bpt6k4104801,,failed,0,0,,no_usable_pages,known,,,bpt6k4104801: no usable pages in manifest.,2026-07-17T20:58:37.589142
figaro1854,bpt6k410481d,,failed,0,0,,no_usable_pages,known,,,bpt6k410481d: no usable pages in manifest.,2026-07-17T20:58:37.761174
figaro1854,bpt6k410482s,,failed,0,0,,no_usable_pages,known,,,bpt6k410482s: no usable pages in manifest.,2026-07-17T20:58:37.935227
figaro1854,bpt6k4104835,,failed,0,0,,no_usable_pages,known,,,bpt6k4104835: no usable pages in manifest.,2026-07-17T20:58:38.101594
figaro1854,bpt6k410484j,,failed,0,0,,no_usable_pages,known,,,bpt6k410484j: no usable pages in manifest.,2026-07-17T20:58:38.357231
figaro1854,bpt6k410485x,,failed,0,0,,no_usable_pages,known,,,bpt6k410485x: no usable pages in manifest.,2026-07-17T20:58:38.520694
figaro1854,bpt6k4104869,,failed,0,0,,no_usable_pages,known,,,bpt6k4104869: no usable pages in manifest.,2026-07-17T20:58:38.698160
figaro1854,bpt6k410487p,,failed,0,0,,no_usable_pages,known,,,bpt6k410487p: no usable pages in manifest.,2026-07-17T20:58:38.909876
figaro1854,bpt6k4104882,,failed,0,0,,no_usable_pages,known,,,bpt6k4104882: no usable pages in manifest.,2026-07-17T20:58:39.197501
figaro1854,bpt6k410489f,,failed,0,0,,no_usable_pages,known,,,bpt6k410489f: no usable pages in manifest.,2026-07-17T20:58:39.444369
figaro1854,bpt6k410490c,,failed,0,0,,no_usable_pages,known,,,bpt6k410490c: no usable pages in manifest.,2026-07-17T20:58:39.579658
figaro1854,bpt6k410491r,,failed,0,0,,no_usable_pages,known,,,bpt6k410491r: no usable pages in manifest.,2026-07-17T20:58:39.799357
figaro1854,bpt6k4104924,,failed,0,0,,no_usable_pages,known,,,bpt6k4104924: no usable pages in manifest.,2026-07-17T20:58:39.977150
figaro1854,bpt6k410493h,,failed,0,0,,no_usable_pages,known,,,bpt6k410493h: no usable pages in manifest.,2026-07-17T20:58:40.119544
figaro1854,bpt6k410494w,,failed,0,0,,no_usable_pages,known,,,bpt6k410494w: no usable pages in manifest.,2026-07-17T20:58:40.269941
figaro1854,bpt6k4104958,,failed,0,0,,no_usable_pages,known,,,bpt6k4104958: no usable pages in manifest.,2026-07-17T20:58:40.432384
figaro1854,bpt6k410496n,,failed,0,0,,no_usable_pages,known,,,bpt6k410496n: no usable pages in manifest.,2026-07-17T20:58:40.607424
figaro1854,bpt6k4104971,,failed,0,0,,no_usable_pages,known,,,bpt6k4104971: no usable pages in manifest.,2026-07-17T20:58:40.767261
figaro1854,bpt6k4105255,,failed,0,0,,no_usable_pages,known,,,bpt6k4105255: no usable pages in manifest.,2026-07-17T20:58:41.032736
figaro1854,bpt6k410558b,,failed,0,0,,no_usable_pages,known,,,bpt6k410558b: no usable pages in manifest.,2026-07-17T20:58:41.310397
figaro1854,bpt6k410559q,,failed,0,0,,no_usable_pages,known,,,bpt6k410559q: no usable pages in manifest.,2026-07-17T20:58:41.474247
figaro1854,bpt6k410560n,,failed,0,0,,no_usable_pages,known,,,bpt6k410560n: no usable pages in manifest.,2026-07-17T20:58:41.671549
figaro1854,bpt6k4105611,,failed,0,0,,no_usable_pages,known,,,bpt6k4105611: no usable pages in manifest.,2026-07-17T20:58:41.789629
figaro1854,bpt6k410562d,,failed,0,0,,no_usable_pages,known,,,bpt6k410562d: no usable pages in manifest.,2026-07-17T20:58:41.907459
figaro1854,bpt6k410563s,,failed,0,0,,no_usable_pages,known,,,bpt6k410563s: no usable pages in manifest.,2026-07-17T20:58:42.074572
figaro1854,bpt6k4105645,,failed,0,0,,no_usable_pages,known,,,bpt6k4105645: no usable pages in manifest.,2026-07-17T20:58:42.326773
figaro1854,bpt6k410565j,,failed,0,0,,no_usable_pages,known,,,bpt6k410565j: no usable pages in manifest.,2026-07-17T20:58:42.453190
figaro1854,bpt6k410566x,,failed,0,0,,no_usable_pages,known,,,bpt6k410566x: no usable pages in manifest.,2026-07-17T20:58:42.656664
figaro1854,bpt6k4105679,,failed,0,0,,no_usable_pages,known,,,bpt6k4105679: no usable pages in manifest.,2026-07-17T20:58:42.794860
figaro1854,bpt6k410568p,,failed,0,0,,no_usable_pages,known,,,bpt6k410568p: no usable pages in manifest.,2026-07-17T20:58:42.932846
figaro1854,bpt6k4105700,,failed,0,0,,no_usable_pages,known,,,bpt6k4105700: no usable pages in manifest.,2026-07-17T20:58:43.297920
figaro1854,bpt6k4105692,,failed,0,0,,no_usable_pages,known,,,bpt6k4105692: no usable pages in manifest.,2026-07-17T20:58:43.466610
figaro1854,bpt6k410571c,,failed,0,0,,no_usable_pages,known,,,bpt6k410571c: no usable pages in manifest.,2026-07-17T20:58:43.597078
figaro1854,bpt6k410572r,,failed,0,0,,no_usable_pages,known,,,bpt6k410572r: no usable pages in manifest.,2026-07-17T20:58:43.786111
figaro1854,bpt6k4105734,,failed,0,0,,no_usable_pages,known,,,bpt6k4105734: no usable pages in manifest.,2026-07-17T20:58:43.923198
figaro1854,bpt6k410574h,,failed,0,0,,no_usable_pages,known,,,bpt6k410574h: no usable pages in manifest.,2026-07-17T20:58:44.046862
figaro1854,bpt6k410575w,,failed,0,0,,no_usable_pages,known,,,bpt6k410575w: no usable pages in manifest.,2026-07-17T20:58:44.210260
figaro1854,bpt6k4105768,,failed,0,0,,no_usable_pages,known,,,bpt6k4105768: no usable pages in manifest.,2026-07-17T20:58:44.330755
figaro1854,bpt6k4105781,,failed,0,0,,no_usable_pages,known,,,bpt6k4105781: no usable pages in manifest.,2026-07-17T20:58:44.531448
figaro1854,bpt6k410577n,,failed,0,0,,no_usable_pages,known,,,bpt6k410577n: no usable pages in manifest.,2026-07-17T20:58:44.695354
figaro1854,bpt6k410579d,,failed,0,0,,no_usable_pages,known,,,bpt6k410579d: no usable pages in manifest.,2026-07-17T20:58:44.907200
figaro1854,bpt6k410580b,,failed,0,0,,no_usable_pages,known,,,bpt6k410580b: no usable pages in manifest.,2026-07-17T20:58:45.097318
figaro1854,bpt6k410581q,,failed,0,0,,no_usable_pages,known,,,bpt6k410581q: no usable pages in manifest.,2026-07-17T20:58:45.301977
figaro1854,bpt6k4105823,,failed,0,0,,no_usable_pages,known,,,bpt6k4105823: no usable pages in manifest.,2026-07-17T20:58:45.432996
figaro1854,bpt6k410583g,,failed,0,0,,no_usable_pages,known,,,bpt6k410583g: no usable pages in manifest.,2026-07-17T20:58:45.661698
figaro1854,bpt6k410584v,,failed,0,0,,no_usable_pages,known,,,bpt6k410584v: no usable pages in manifest.,2026-07-17T20:58:45.799349
figaro1854,bpt6k4105857,,failed,0,0,,no_usable_pages,known,,,bpt6k4105857: no usable pages in manifest.,2026-07-17T20:58:45.961017
figaro1854,bpt6k410586m,,failed,0,0,,no_usable_pages,known,,,bpt6k410586m: no usable pages in manifest.,2026-07-17T20:58:46.073852
figaro1854,bpt6k4105870,,failed,0,0,,no_usable_pages,known,,,bpt6k4105870: no usable pages in manifest.,2026-07-17T20:58:46.231522
figaro1854,bpt6k410588c,,failed,0,0,,no_usable_pages,known,,,bpt6k410588c: no usable pages in manifest.,2026-07-17T20:58:46.401470
figaro1854,bpt6k410589r,,failed,0,0,,no_usable_pages,known,,,bpt6k410589r: no usable pages in manifest.,2026-07-17T20:58:46.524552
figaro1854,bpt6k410590p,,failed,0,0,,no_usable_pages,known,,,bpt6k410590p: no usable pages in manifest.,2026-07-17T20:58:46.701144
figaro1854,bpt6k4105912,,failed,0,0,,no_usable_pages,known,,,bpt6k4105912: no usable pages in manifest.,2026-07-17T20:58:47.160545
figaro1854,bpt6k410592f,,failed,0,0,,no_usable_pages,known,,,bpt6k410592f: no usable pages in manifest.,2026-07-17T20:58:47.352576
figaro1854,bpt6k410593t,,failed,0,0,,no_usable_pages,known,,,bpt6k410593t: no usable pages in manifest.,2026-07-17T20:58:47.574150
figaro1854,bpt6k4105946,,failed,0,0,,no_usable_pages,known,,,bpt6k4105946: no usable pages in manifest.,2026-07-17T20:58:47.717092
figaro1854,bpt6k410595k,,failed,0,0,,no_usable_pages,known,,,bpt6k410595k: no usable pages in manifest.,2026-07-17T20:58:47.852189
figaro1854,bpt6k410596z,,failed,0,0,,no_usable_pages,known,,,bpt6k410596z: no usable pages in manifest.,2026-07-17T20:58:48.024840
figaro1854,bpt6k410598q,,failed,0,0,,no_usable_pages,known,,,bpt6k410598q: no usable pages in manifest.,2026-07-17T20:58:48.173036
figaro1854,bpt6k4105993,,failed,0,0,,no_usable_pages,known,,,bpt6k4105993: no usable pages in manifest.,2026-07-17T20:58:48.354223
figaro1854,bpt6k4106018,,failed,0,0,,no_usable_pages,known,,,bpt6k4106018: no usable pages in manifest.,2026-07-17T20:58:48.524591
figaro1854,bpt6k410602n,,failed,0,0,,no_usable_pages,known,,,bpt6k410602n: no usable pages in manifest.,2026-07-17T20:58:48.644887
figaro1854,bpt6k4106031,,failed,0,0,,no_usable_pages,known,,,bpt6k4106031: no usable pages in manifest.,2026-07-17T20:58:48.857226
figaro1854,bpt6k410604d,,failed,0,0,,no_usable_pages,known,,,bpt6k410604d: no usable pages in manifest.,2026-07-17T20:58:49.078619
figaro1854,bpt6k410605s,,failed,0,0,,no_usable_pages,known,,,bpt6k410605s: no usable pages in manifest.,2026-07-17T20:58:49.226821
figaro1854,bpt6k4106065,,failed,0,0,,no_usable_pages,known,,,bpt6k4106065: no usable pages in manifest.,2026-07-17T20:58:49.418070
figaro1854,bpt6k410607j,,failed,0,0,,no_usable_pages,known,,,bpt6k410607j: no usable pages in manifest.,2026-07-17T20:58:49.569464
figaro1854,bpt6k410608x,,failed,0,0,,no_usable_pages,known,,,bpt6k410608x: no usable pages in manifest.,2026-07-17T20:58:49.718549
figaro1854,bpt6k4106099,,failed,0,0,,no_usable_pages,known,,,bpt6k4106099: no usable pages in manifest.,2026-07-17T20:58:49.927146
figaro1854,bpt6k4106107,,failed,0,0,,no_usable_pages,known,,,bpt6k4106107: no usable pages in manifest.,2026-07-17T20:58:50.064297
figaro1854,bpt6k410611m,,failed,0,0,,no_usable_pages,known,,,bpt6k410611m: no usable pages in manifest.,2026-07-17T20:58:50.216313
figaro1854,bpt6k4106120,,failed,0,0,,no_usable_pages,known,,,bpt6k4106120: no usable pages in manifest.,2026-07-17T20:58:50.351365
figaro1854,bpt6k410613c,,failed,0,0,,no_usable_pages,known,,,bpt6k410613c: no usable pages in manifest.,2026-07-17T20:58:50.526349
figaro1854,bpt6k410614r,,failed,0,0,,no_usable_pages,known,,,bpt6k410614r: no usable pages in manifest.,2026-07-17T20:58:50.761514
figaro1854,bpt6k4106154,,failed,0,0,,no_usable_pages,known,,,bpt6k4106154: no usable pages in manifest.,2026-07-17T20:58:50.923072
figaro1854,bpt6k410616h,,failed,0,0,,no_usable_pages,known,,,bpt6k410616h: no usable pages in manifest.,2026-07-17T20:58:51.026170
figaro1854,bpt6k410617w,,failed,0,0,,no_usable_pages,known,,,bpt6k410617w: no usable pages in manifest.,2026-07-17T20:58:51.132239
figaro1854,bpt6k4106188,,failed,0,0,,no_usable_pages,known,,,bpt6k4106188: no usable pages in manifest.,2026-07-17T20:58:51.336297
figaro1854,bpt6k410619n,,failed,0,0,,no_usable_pages,known,,,bpt6k410619n: no usable pages in manifest.,2026-07-17T20:58:51.494494
figaro1854,bpt6k410620k,,failed,0,0,,no_usable_pages,known,,,bpt6k410620k: no usable pages in manifest.,2026-07-17T20:58:51.814821
figaro1854,bpt6k410621z,,failed,0,0,,no_usable_pages,known,,,bpt6k410621z: no usable pages in manifest.,2026-07-17T20:58:52.043625
figaro1854,bpt6k410622b,,failed,0,0,,no_usable_pages,known,,,bpt6k410622b: no usable pages in manifest.,2026-07-17T20:58:52.215453
figaro1854,bpt6k410623q,,failed,0,0,,no_usable_pages,known,,,bpt6k410623q: no usable pages in manifest.,2026-07-17T20:58:52.339573
figaro1854,bpt6k4106243,,failed,0,0,,no_usable_pages,known,,,bpt6k4106243: no usable pages in manifest.,2026-07-17T20:58:52.560222
figaro1854,bpt6k410625g,,failed,0,0,,no_usable_pages,known,,,bpt6k410625g: no usable pages in manifest.,2026-07-17T20:58:52.892196
figaro1854,bpt6k410626v,,failed,0,0,,no_usable_pages,known,,,bpt6k410626v: no usable pages in manifest.,2026-07-17T20:58:53.070376
figaro1854,bpt6k4106277,,failed,0,0,,no_usable_pages,known,,,bpt6k4106277: no usable pages in manifest.,2026-07-17T20:58:53.222962
figaro1854,bpt6k410628m,,failed,0,0,,no_usable_pages,known,,,bpt6k410628m: no usable pages in manifest.,2026-07-17T20:58:53.344300
figaro1854,bpt6k4106290,,failed,0,0,,no_usable_pages,known,,,bpt6k4106290: no usable pages in manifest.,2026-07-17T20:58:53.483468
figaro1854,bpt6k410630x,,failed,0,0,,no_usable_pages,known,,,bpt6k410630x: no usable pages in manifest.,2026-07-17T20:58:53.619720
figaro1854,bpt6k4106319,,failed,0,0,,no_usable_pages,known,,,bpt6k4106319: no usable pages in manifest.,2026-07-17T20:58:53.727062
figaro1854,bpt6k410632p,,failed,0,0,,no_usable_pages,known,,,bpt6k410632p: no usable pages in manifest.,2026-07-17T20:58:53.946761
figaro1854,bpt6k4106332,,failed,0,0,,no_usable_pages,known,,,bpt6k4106332: no usable pages in manifest.,2026-07-17T20:58:54.097092
figaro1854,bpt6k410634f,,failed,0,0,,no_usable_pages,known,,,bpt6k410634f: no usable pages in manifest.,2026-07-17T20:58:54.261627
figaro1854,bpt6k410635t,,failed,0,0,,no_usable_pages,known,,,bpt6k410635t: no usable pages in manifest.,2026-07-17T20:58:54.403299
figaro1854,bpt6k4106366,,failed,0,0,,no_usable_pages,known,,,bpt6k4106366: no usable pages in manifest.,2026-07-17T20:58:54.594866
figaro1854,bpt6k410637k,,failed,0,0,,no_usable_pages,known,,,bpt6k410637k: no usable pages in manifest.,2026-07-17T20:58:54.755153
figaro1854,bpt6k410638z,,failed,0,0,,no_usable_pages,known,,,bpt6k410638z: no usable pages in manifest.,2026-07-17T20:58:54.974818
figaro1854,bpt6k410639b,,failed,0,0,,no_usable_pages,known,,,bpt6k410639b: no usable pages in manifest.,2026-07-17T20:58:55.204382
figaro1854,bpt6k4106408,,failed,0,0,,no_usable_pages,known,,,bpt6k4106408: no usable pages in manifest.,2026-07-17T20:58:55.355981
figaro1854,bpt6k410641n,,failed,0,0,,no_usable_pages,known,,,bpt6k410641n: no usable pages in manifest.,2026-07-17T20:58:55.448451
figaro1854,bpt6k4106421,,failed,0,0,,no_usable_pages,known,,,bpt6k4106421: no usable pages in manifest.,2026-07-17T20:58:55.566831
figaro1854,bpt6k410643d,,failed,0,0,,no_usable_pages,known,,,bpt6k410643d: no usable pages in manifest.,2026-07-17T20:58:55.722672
figaro1854,bpt6k410644s,,failed,0,0,,no_usable_pages,known,,,bpt6k410644s: no usable pages in manifest.,2026-07-17T20:58:55.871967
figaro1854,bpt6k4106455,,failed,0,0,,no_usable_pages,known,,,bpt6k4106455: no usable pages in manifest.,2026-07-17T20:58:56.061773
figaro1854,bpt6k410646j,,failed,0,0,,no_usable_pages,known,,,bpt6k410646j: no usable pages in manifest.,2026-07-17T20:58:56.202117
figaro1854,bpt6k410647x,,failed,0,0,,no_usable_pages,known,,,bpt6k410647x: no usable pages in manifest.,2026-07-17T20:58:56.320815
figaro1854,bpt6k4106489,,failed,0,0,,no_usable_pages,known,,,bpt6k4106489: no usable pages in manifest.,2026-07-17T20:58:56.507405
figaro1854,bpt6k410649p,,failed,0,0,,no_usable_pages,known,,,bpt6k410649p: no usable pages in manifest.,2026-07-17T20:58:56.662717
figaro1854,bpt6k410650m,,failed,0,0,,no_usable_pages,known,,,bpt6k410650m: no usable pages in manifest.,2026-07-17T20:58:56.800316
figaro1854,bpt6k4106510,,failed,0,0,,no_usable_pages,known,,,bpt6k4106510: no usable pages in manifest.,2026-07-17T20:58:56.921743
figaro1854,bpt6k410652c,,failed,0,0,,no_usable_pages,known,,,bpt6k410652c: no usable pages in manifest.,2026-07-17T20:58:57.109859
figaro1854,bpt6k410653r,,failed,0,0,,no_usable_pages,known,,,bpt6k410653r: no usable pages in manifest.,2026-07-17T20:58:57.299766
figaro1854,bpt6k4106544,,failed,0,0,,no_usable_pages,known,,,bpt6k4106544: no usable pages in manifest.,2026-07-17T20:58:57.458999
figaro1854,bpt6k410656w,,failed,0,0,,no_usable_pages,known,,,bpt6k410656w: no usable pages in manifest.,2026-07-17T20:58:57.603521
figaro1854,bpt6k4106578,,failed,0,0,,no_usable_pages,known,,,bpt6k4106578: no usable pages in manifest.,2026-07-17T20:58:57.727293
figaro1854,bpt6k410658n,,failed,0,0,,no_usable_pages,known,,,bpt6k410658n: no usable pages in manifest.,2026-07-17T20:58:57.882454
figaro1854,bpt6k4106591,,failed,0,0,,no_usable_pages,known,,,bpt6k4106591: no usable pages in manifest.,2026-07-17T20:58:58.054871
figaro1854,bpt6k410660z,,failed,0,0,,no_usable_pages,known,,,bpt6k410660z: no usable pages in manifest.,2026-07-17T20:58:58.217255
figaro1854,bpt6k410661b,,failed,0,0,,no_usable_pages,known,,,bpt6k410661b: no usable pages in manifest.,2026-07-17T20:58:58.436698
figaro1854,bpt6k410662q,,failed,0,0,,no_usable_pages,known,,,bpt6k410662q: no usable pages in manifest.,2026-07-17T20:58:58.581086
figaro1854,bpt6k4106633,,failed,0,0,,no_usable_pages,known,,,bpt6k4106633: no usable pages in manifest.,2026-07-17T20:58:58.774769
figaro1854,bpt6k410664g,,failed,0,0,,no_usable_pages,known,,,bpt6k410664g: no usable pages in manifest.,2026-07-17T20:58:58.923316
figaro1854,bpt6k410665v,,failed,0,0,,no_usable_pages,known,,,bpt6k410665v: no usable pages in manifest.,2026-07-17T20:58:59.088430
figaro1854,bpt6k4106667,,failed,0,0,,no_usable_pages,known,,,bpt6k4106667: no usable pages in manifest.,2026-07-17T20:58:59.260607
figaro1854,bpt6k410667m,,failed,0,0,,no_usable_pages,known,,,bpt6k410667m: no usable pages in manifest.,2026-07-17T20:58:59.419583
figaro1854,bpt6k4106680,,failed,0,0,,no_usable_pages,known,,,bpt6k4106680: no usable pages in manifest.,2026-07-17T20:58:59.522109
figaro1854,bpt6k410669c,,failed,0,0,,no_usable_pages,known,,,bpt6k410669c: no usable pages in manifest.,2026-07-17T20:58:59.633832
figaro1854,bpt6k4106709,,failed,0,0,,no_usable_pages,known,,,bpt6k4106709: no usable pages in manifest.,2026-07-17T20:58:59.773886
figaro1854,bpt6k410671p,,failed,0,0,,no_usable_pages,known,,,bpt6k410671p: no usable pages in manifest.,2026-07-17T20:58:59.922886
figaro1854,bpt6k4106722,,failed,0,0,,no_usable_pages,known,,,bpt6k4106722: no usable pages in manifest.,2026-07-17T20:59:00.080213
figaro1854,bpt6k410673f,,failed,0,0,,no_usable_pages,known,,,bpt6k410673f: no usable pages in manifest.,2026-07-17T20:59:00.465706
figaro1854,bpt6k410674t,,failed,0,0,,no_usable_pages,known,,,bpt6k410674t: no usable pages in manifest.,2026-07-17T20:59:00.624013
figaro1854,bpt6k4106756,,failed,0,0,,no_usable_pages,known,,,bpt6k4106756: no usable pages in manifest.,2026-07-17T20:59:00.757193
figaro1854,bpt6k410676k,,failed,0,0,,no_usable_pages,known,,,bpt6k410676k: no usable pages in manifest.,2026-07-17T20:59:00.909687
figaro1854,bpt6k410677z,,failed,0,0,,no_usable_pages,known,,,bpt6k410677z: no usable pages in manifest.,2026-07-17T20:59:01.084167
figaro1854,bpt6k410716t,,failed,0,0,,no_usable_pages,known,,,bpt6k410716t: no usable pages in manifest.,2026-07-17T20:59:01.331689
figaro1854,bpt6k410737w,,failed,0,0,,no_usable_pages,known,,,bpt6k410737w: no usable pages in manifest.,2026-07-17T20:59:01.564455
figaro1854,bpt6k410739n,,failed,0,0,,no_usable_pages,known,,,bpt6k410739n: no usable pages in manifest.,2026-07-17T20:59:01.702879
figaro1854,bpt6k410740k,,failed,0,0,,no_usable_pages,known,,,bpt6k410740k: no usable pages in manifest.,2026-07-17T20:59:01.838575
figaro1854,bpt6k410743q,,failed,0,0,,no_usable_pages,known,,,bpt6k410743q: no usable pages in manifest.,2026-07-17T20:59:01.968727
figaro1854,bpt6k4107443,,failed,0,0,,no_usable_pages,known,,,bpt6k4107443: no usable pages in manifest.,2026-07-17T20:59:02.298026
figaro1854,bpt6k410767x,,failed,0,0,,no_usable_pages,known,,,bpt6k410767x: no usable pages in manifest.,2026-07-17T20:59:02.636365
figaro1854,bpt6k4107778,,failed,0,0,,no_usable_pages,known,,,bpt6k4107778: no usable pages in manifest.,2026-07-17T20:59:02.789593
figaro1854,bpt6k4107909,,failed,0,0,,no_usable_pages,known,,,bpt6k4107909: no usable pages in manifest.,2026-07-17T20:59:02.948653
figaro1854,bpt6k410791p,,failed,0,0,,no_usable_pages,known,,,bpt6k410791p: no usable pages in manifest.,2026-07-17T20:59:03.080697
figaro1854,bpt6k410793f,,failed,0,0,,no_usable_pages,known,,,bpt6k410793f: no usable pages in manifest.,2026-07-17T20:59:03.245473
figaro1854,bpt6k410794t,,failed,0,0,,no_usable_pages,known,,,bpt6k410794t: no usable pages in manifest.,2026-07-17T20:59:03.400564
figaro1854,bpt6k4107956,,failed,0,0,,no_usable_pages,known,,,bpt6k4107956: no usable pages in manifest.,2026-07-17T20:59:03.587905
figaro1854,bpt6k410796k,,failed,0,0,,no_usable_pages,known,,,bpt6k410796k: no usable pages in manifest.,2026-07-17T20:59:03.836534
figaro1854,bpt6k410797z,,failed,0,0,,no_usable_pages,known,,,bpt6k410797z: no usable pages in manifest.,2026-07-17T20:59:04.000654
figaro1854,bpt6k410798b,,failed,0,0,,no_usable_pages,known,,,bpt6k410798b: no usable pages in manifest.,2026-07-17T20:59:04.275089
figaro1854,bpt6k410799q,,failed,0,0,,no_usable_pages,known,,,bpt6k410799q: no usable pages in manifest.,2026-07-17T20:59:04.428605
figaro1854,bpt6k410800h,,failed,0,0,,no_usable_pages,known,,,bpt6k410800h: no usable pages in manifest.,2026-07-17T20:59:04.573655
figaro1854,bpt6k410801w,,failed,0,0,,no_usable_pages,known,,,bpt6k410801w: no usable pages in manifest.,2026-07-17T20:59:04.701533
figaro1854,bpt6k4108028,,failed,0,0,,no_usable_pages,known,,,bpt6k4108028: no usable pages in manifest.,2026-07-17T20:59:04.999207
figaro1854,bpt6k410803n,,failed,0,0,,no_usable_pages,known,,,bpt6k410803n: no usable pages in manifest.,2026-07-17T20:59:05.204809
figaro1854,bpt6k410805d,,failed,0,0,,no_usable_pages,known,,,bpt6k410805d: no usable pages in manifest.,2026-07-17T20:59:05.424665
figaro1854,bpt6k410806s,,failed,0,0,,no_usable_pages,known,,,bpt6k410806s: no usable pages in manifest.,2026-07-17T20:59:05.556759
figaro1854,bpt6k4108075,,failed,0,0,,no_usable_pages,known,,,bpt6k4108075: no usable pages in manifest.,2026-07-17T20:59:05.801539
figaro1854,bpt6k410808j,,failed,0,0,,no_usable_pages,known,,,bpt6k410808j: no usable pages in manifest.,2026-07-17T20:59:06.421193
figaro1854,bpt6k410809x,,failed,0,0,,no_usable_pages,known,,,bpt6k410809x: no usable pages in manifest.,2026-07-17T20:59:06.572643
figaro1854,bpt6k410810v,,failed,0,0,,no_usable_pages,known,,,bpt6k410810v: no usable pages in manifest.,2026-07-17T20:59:06.744434
figaro1854,bpt6k4108117,,failed,0,0,,no_usable_pages,known,,,bpt6k4108117: no usable pages in manifest.,2026-07-17T20:59:06.905301
figaro1854,bpt6k410812m,,failed,0,0,,no_usable_pages,known,,,bpt6k410812m: no usable pages in manifest.,2026-07-17T20:59:07.070270
figaro1854,bpt6k4108130,,failed,0,0,,no_usable_pages,known,,,bpt6k4108130: no usable pages in manifest.,2026-07-17T20:59:07.203574
figaro1854,bpt6k410814c,,failed,0,0,,no_usable_pages,known,,,bpt6k410814c: no usable pages in manifest.,2026-07-17T20:59:07.400293
figaro1854,bpt6k410815r,,failed,0,0,,no_usable_pages,known,,,bpt6k410815r: no usable pages in manifest.,2026-07-17T20:59:07.554146
figaro1854,bpt6k4108164,,failed,0,0,,no_usable_pages,known,,,bpt6k4108164: no usable pages in manifest.,2026-07-17T20:59:07.705023
figaro1854,bpt6k410817h,,failed,0,0,,no_usable_pages,known,,,bpt6k410817h: no usable pages in manifest.,2026-07-17T20:59:07.868295
figaro1854,bpt6k4108198,,failed,0,0,,no_usable_pages,known,,,bpt6k4108198: no usable pages in manifest.,2026-07-17T20:59:08.080131
figaro1854,bpt6k4108206,,failed,0,0,,no_usable_pages,known,,,bpt6k4108206: no usable pages in manifest.,2026-07-17T20:59:08.307521
figaro1854,bpt6k410821k,,failed,0,0,,no_usable_pages,known,,,bpt6k410821k: no usable pages in manifest.,2026-07-17T20:59:08.554905
figaro1854,bpt6k410822z,,failed,0,0,,no_usable_pages,known,,,bpt6k410822z: no usable pages in manifest.,2026-07-17T20:59:08.708975
figaro1854,bpt6k410823b,,failed,0,0,,no_usable_pages,known,,,bpt6k410823b: no usable pages in manifest.,2026-07-17T20:59:08.868075
figaro1854,bpt6k410824q,,failed,0,0,,no_usable_pages,known,,,bpt6k410824q: no usable pages in manifest.,2026-07-17T20:59:09.046653
figaro1854,bpt6k4108253,,failed,0,0,,no_usable_pages,known,,,bpt6k4108253: no usable pages in manifest.,2026-07-17T20:59:09.206859
figaro1854,bpt6k410826g,,failed,0,0,,no_usable_pages,known,,,bpt6k410826g: no usable pages in manifest.,2026-07-17T20:59:09.349218
figaro1854,bpt6k410827v,,failed,0,0,,no_usable_pages,known,,,bpt6k410827v: no usable pages in manifest.,2026-07-17T20:59:09.582516
figaro1854,bpt6k4108287,,failed,0,0,,no_usable_pages,known,,,bpt6k4108287: no usable pages in manifest.,2026-07-17T20:59:09.720160
figaro1854,bpt6k410829m,,failed,0,0,,no_usable_pages,known,,,bpt6k410829m: no usable pages in manifest.,2026-07-17T20:59:09.862210
figaro1854,bpt6k410830j,,failed,0,0,,no_usable_pages,known,,,bpt6k410830j: no usable pages in manifest.,2026-07-17T20:59:10.154516
figaro1854,bpt6k410831x,,failed,0,0,,no_usable_pages,known,,,bpt6k410831x: no usable pages in manifest.,2026-07-17T20:59:10.329011
figaro1854,bpt6k4108329,,failed,0,0,,no_usable_pages,known,,,bpt6k4108329: no usable pages in manifest.,2026-07-17T20:59:10.486579
figaro1854,bpt6k410833p,,failed,0,0,,no_usable_pages,known,,,bpt6k410833p: no usable pages in manifest.,2026-07-17T20:59:10.703405
figaro1854,bpt6k4108342,,failed,0,0,,no_usable_pages,known,,,bpt6k4108342: no usable pages in manifest.,2026-07-17T20:59:10.876774
figaro1854,bpt6k410835f,,failed,0,0,,no_usable_pages,known,,,bpt6k410835f: no usable pages in manifest.,2026-07-17T20:59:10.999293
figaro1854,bpt6k410836t,,failed,0,0,,no_usable_pages,known,,,bpt6k410836t: no usable pages in manifest.,2026-07-17T20:59:11.233041
figaro1854,bpt6k4108376,,failed,0,0,,no_usable_pages,known,,,bpt6k4108376: no usable pages in manifest.,2026-07-17T20:59:11.366490
figaro1854,bpt6k410838k,,failed,0,0,,no_usable_pages,known,,,bpt6k410838k: no usable pages in manifest.,2026-07-17T20:59:11.524361
figaro1854,bpt6k410839z,,failed,0,0,,no_usable_pages,known,,,bpt6k410839z: no usable pages in manifest.,2026-07-17T20:59:11.808710
figaro1854,bpt6k410840w,,failed,0,0,,no_usable_pages,known,,,bpt6k410840w: no usable pages in manifest.,2026-07-17T20:59:12.162227
figaro1854,bpt6k4108418,,failed,0,0,,no_usable_pages,known,,,bpt6k4108418: no usable pages in manifest.,2026-07-17T20:59:12.340672
figaro1854,bpt6k410842n,,failed,0,0,,no_usable_pages,known,,,bpt6k410842n: no usable pages in manifest.,2026-07-17T20:59:12.529361
figaro1854,bpt6k410845s,,failed,0,0,,no_usable_pages,known,,,bpt6k410845s: no usable pages in manifest.,2026-07-17T20:59:12.778433
figaro1854,bpt6k4108465,,failed,0,0,,no_usable_pages,known,,,bpt6k4108465: no usable pages in manifest.,2026-07-17T20:59:12.890683
figaro1854,bpt6k410847j,,failed,0,0,,no_usable_pages,known,,,bpt6k410847j: no usable pages in manifest.,2026-07-17T20:59:13.040849
figaro1854,bpt6k410848x,,failed,0,0,,no_usable_pages,known,,,bpt6k410848x: no usable pages in manifest.,2026-07-17T20:59:13.167218
figaro1854,bpt6k4108499,,failed,0,0,,no_usable_pages,known,,,bpt6k4108499: no usable pages in manifest.,2026-07-17T20:59:13.343937
figaro1854,bpt6k4108507,,failed,0,0,,no_usable_pages,known,,,bpt6k4108507: no usable pages in manifest.,2026-07-17T20:59:13.508428
figaro1854,bpt6k410851m,,failed,0,0,,no_usable_pages,known,,,bpt6k410851m: no usable pages in manifest.,2026-07-17T20:59:13.676726
figaro1854,bpt6k4108520,,failed,0,0,,no_usable_pages,known,,,bpt6k4108520: no usable pages in manifest.,2026-07-17T20:59:13.916336
figaro1854,bpt6k410853c,,failed,0,0,,no_usable_pages,known,,,bpt6k410853c: no usable pages in manifest.,2026-07-17T20:59:14.118897
figaro1854,bpt6k410854r,,failed,0,0,,no_usable_pages,known,,,bpt6k410854r: no usable pages in manifest.,2026-07-17T20:59:14.256445
figaro1854,bpt6k4108554,,failed,0,0,,no_usable_pages,known,,,bpt6k4108554: no usable pages in manifest.,2026-07-17T20:59:14.455851
figaro1854,bpt6k410856h,,failed,0,0,,no_usable_pages,known,,,bpt6k410856h: no usable pages in manifest.,2026-07-17T20:59:14.587394
figaro1854,bpt6k410857w,,failed,0,0,,no_usable_pages,known,,,bpt6k410857w: no usable pages in manifest.,2026-07-17T20:59:14.715461
figaro1854,bpt6k4108588,,failed,0,0,,no_usable_pages,known,,,bpt6k4108588: no usable pages in manifest.,2026-07-17T20:59:14.904320
figaro1854,bpt6k410859n,,failed,0,0,,no_usable_pages,known,,,bpt6k410859n: no usable pages in manifest.,2026-07-17T20:59:15.045610
figaro1854,bpt6k410860k,,failed,0,0,,no_usable_pages,known,,,bpt6k410860k: no usable pages in manifest.,2026-07-17T20:59:15.188087
figaro1854,bpt6k410861z,,failed,0,0,,no_usable_pages,known,,,bpt6k410861z: no usable pages in manifest.,2026-07-17T20:59:15.293642
figaro1854,bpt6k410862b,,failed,0,0,,no_usable_pages,known,,,bpt6k410862b: no usable pages in manifest.,2026-07-17T20:59:15.493850
figaro1854,bpt6k410863q,,failed,0,0,,no_usable_pages,known,,,bpt6k410863q: no usable pages in manifest.,2026-07-17T20:59:15.612774
figaro1854,bpt6k4108643,,failed,0,0,,no_usable_pages,known,,,bpt6k4108643: no usable pages in manifest.,2026-07-17T20:59:15.774649
figaro1854,bpt6k410865g,,failed,0,0,,no_usable_pages,known,,,bpt6k410865g: no usable pages in manifest.,2026-07-17T20:59:16.057517
figaro1854,bpt6k410866v,,failed,0,0,,no_usable_pages,known,,,bpt6k410866v: no usable pages in manifest.,2026-07-17T20:59:16.228132
figaro1854,bpt6k4108677,,failed,0,0,,no_usable_pages,known,,,bpt6k4108677: no usable pages in manifest.,2026-07-17T20:59:16.418698
figaro1854,bpt6k410868m,,failed,0,0,,no_usable_pages,known,,,bpt6k410868m: no usable pages in manifest.,2026-07-17T20:59:16.702633
figaro1854,bpt6k4108690,,failed,0,0,,no_usable_pages,known,,,bpt6k4108690: no usable pages in manifest.,2026-07-17T20:59:16.878664
figaro1854,bpt6k410870x,,failed,0,0,,no_usable_pages,known,,,bpt6k410870x: no usable pages in manifest.,2026-07-17T20:59:17.236150
figaro1854,bpt6k4108719,,failed,0,0,,no_usable_pages,known,,,bpt6k4108719: no usable pages in manifest.,2026-07-17T20:59:17.441163
figaro1854,bpt6k410872p,,failed,0,0,,no_usable_pages,known,,,bpt6k410872p: no usable pages in manifest.,2026-07-17T20:59:17.875216
figaro1854,bpt6k4108732,,failed,0,0,,no_usable_pages,known,,,bpt6k4108732: no usable pages in manifest.,2026-07-17T20:59:18.030474
figaro1854,bpt6k410874f,,failed,0,0,,no_usable_pages,known,,,bpt6k410874f: no usable pages in manifest.,2026-07-17T20:59:18.268601
figaro1854,bpt6k410875t,,failed,0,0,,no_usable_pages,known,,,bpt6k410875t: no usable pages in manifest.,2026-07-17T20:59:18.436564
figaro1854,bpt6k4108766,,failed,0,0,,no_usable_pages,known,,,bpt6k4108766: no usable pages in manifest.,2026-07-17T20:59:18.590182
figaro1854,bpt6k410877k,,failed,0,0,,no_usable_pages,known,,,bpt6k410877k: no usable pages in manifest.,2026-07-17T20:59:18.768411
figaro1854,bpt6k410878z,,failed,0,0,,no_usable_pages,known,,,bpt6k410878z: no usable pages in manifest.,2026-07-17T20:59:18.938133
figaro1854,bpt6k410879b,,failed,0,0,,no_usable_pages,known,,,bpt6k410879b: no usable pages in manifest.,2026-07-17T20:59:19.141748
figaro1854,bpt6k4108808,,failed,0,0,,no_usable_pages,known,,,bpt6k4108808: no usable pages in manifest.,2026-07-17T20:59:19.396935
figaro1854,bpt6k410881n,,failed,0,0,,no_usable_pages,known,,,bpt6k410881n: no usable pages in manifest.,2026-07-17T20:59:19.873406
figaro1854,bpt6k4108821,,failed,0,0,,no_usable_pages,known,,,bpt6k4108821: no usable pages in manifest.,2026-07-17T20:59:20.087682
figaro1854,bpt6k410883d,,failed,0,0,,no_usable_pages,known,,,bpt6k410883d: no usable pages in manifest.,2026-07-17T20:59:20.284329
figaro1854,bpt6k410976h,,failed,0,0,,no_usable_pages,known,,,bpt6k410976h: no usable pages in manifest.,2026-07-17T20:59:20.551777
figaro1854,bpt6k410986v,,failed,0,0,,no_usable_pages,known,,,bpt6k410986v: no usable pages in manifest.,2026-07-17T20:59:20.715250
figaro1854,bpt6k4109877,,failed,0,0,,no_usable_pages,known,,,bpt6k4109877: no usable pages in manifest.,2026-07-17T20:59:20.837690
figaro1854,bpt6k410988m,,failed,0,0,,no_usable_pages,known,,,bpt6k410988m: no usable pages in manifest.,2026-07-17T20:59:20.985508
figaro1854,bpt6k4109890,,failed,0,0,,no_usable_pages,known,,,bpt6k4109890: no usable pages in manifest.,2026-07-17T20:59:21.189611
figaro1854,bpt6k410990x,,failed,0,0,,no_usable_pages,known,,,bpt6k410990x: no usable pages in manifest.,2026-07-17T20:59:21.368408
figaro1854,bpt6k4109919,,failed,0,0,,no_usable_pages,known,,,bpt6k4109919: no usable pages in manifest.,2026-07-17T20:59:21.551970
figaro1854,bpt6k410992p,,failed,0,0,,no_usable_pages,known,,,bpt6k410992p: no usable pages in manifest.,2026-07-17T20:59:21.770117
figaro1854,bpt6k4109932,,failed,0,0,,no_usable_pages,known,,,bpt6k4109932: no usable pages in manifest.,2026-07-17T20:59:21.977440
figaro1854,bpt6k410994f,,failed,0,0,,no_usable_pages,known,,,bpt6k410994f: no usable pages in manifest.,2026-07-17T20:59:22.159204
figaro1854,bpt6k410995t,,failed,0,0,,no_usable_pages,known,,,bpt6k410995t: no usable pages in manifest.,2026-07-17T20:59:22.335419
figaro1854,bpt6k4109966,,failed,0,0,,no_usable_pages,known,,,bpt6k4109966: no usable pages in manifest.,2026-07-17T20:59:22.507709
figaro1854,bpt6k410997k,,failed,0,0,,no_usable_pages,known,,,bpt6k410997k: no usable pages in manifest.,2026-07-17T20:59:22.744684
figaro1854,bpt6k410998z,,failed,0,0,,no_usable_pages,known,,,bpt6k410998z: no usable pages in manifest.,2026-07-17T20:59:22.872656
figaro1854,bpt6k410999b,,failed,0,0,,no_usable_pages,known,,,bpt6k410999b: no usable pages in manifest.,2026-07-17T20:59:23.008289
figaro1854,bpt6k411003f,,failed,0,0,,no_usable_pages,known,,,bpt6k411003f: no usable pages in manifest.,2026-07-17T20:59:23.190461
figaro1854,bpt6k411004t,,failed,0,0,,no_usable_pages,known,,,bpt6k411004t: no usable pages in manifest.,2026-07-17T20:59:23.343733
figaro1854,bpt6k4110056,,failed,0,0,,no_usable_pages,known,,,bpt6k4110056: no usable pages in manifest.,2026-07-17T20:59:23.520616
figaro1854,bpt6k411006k,,failed,0,0,,no_usable_pages,known,,,bpt6k411006k: no usable pages in manifest.,2026-07-17T20:59:23.764190
figaro1854,bpt6k411007z,,failed,0,0,,no_usable_pages,known,,,bpt6k411007z: no usable pages in manifest.,2026-07-17T20:59:24.046538
figaro1854,bpt6k411008b,,failed,0,0,,no_usable_pages,known,,,bpt6k411008b: no usable pages in manifest.,2026-07-17T20:59:24.359710
figaro1854,bpt6k411010n,,failed,0,0,,no_usable_pages,known,,,bpt6k411010n: no usable pages in manifest.,2026-07-17T20:59:24.524618
figaro1854,bpt6k4110111,,failed,0,0,,no_usable_pages,known,,,bpt6k4110111: no usable pages in manifest.,2026-07-17T20:59:24.674571
figaro1854,bpt6k411012d,,failed,0,0,,no_usable_pages,known,,,bpt6k411012d: no usable pages in manifest.,2026-07-17T20:59:24.913178
figaro1854,bpt6k411013s,,failed,0,0,,no_usable_pages,known,,,bpt6k411013s: no usable pages in manifest.,2026-07-17T20:59:25.063914
figaro1854,bpt6k4110145,,failed,0,0,,no_usable_pages,known,,,bpt6k4110145: no usable pages in manifest.,2026-07-17T20:59:25.208843
figaro1854,bpt6k411015j,,failed,0,0,,no_usable_pages,known,,,bpt6k411015j: no usable pages in manifest.,2026-07-17T20:59:25.392352
figaro1854,bpt6k411016x,,failed,0,0,,no_usable_pages,known,,,bpt6k411016x: no usable pages in manifest.,2026-07-17T20:59:25.570954
figaro1854,bpt6k4110179,,failed,0,0,,no_usable_pages,known,,,bpt6k4110179: no usable pages in manifest.,2026-07-17T20:59:25.714536
figaro1854,bpt6k411018p,,failed,0,0,,no_usable_pages,known,,,bpt6k411018p: no usable pages in manifest.,2026-07-17T20:59:26.103707
figaro1854,bpt6k4110200,,failed,0,0,,no_usable_pages,known,,,bpt6k4110200: no usable pages in manifest.,2026-07-17T20:59:26.250405
figaro1854,bpt6k411021c,,failed,0,0,,no_usable_pages,known,,,bpt6k411021c: no usable pages in manifest.,2026-07-17T20:59:26.374068
figaro1854,bpt6k411022r,,failed,0,0,,no_usable_pages,known,,,bpt6k411022r: no usable pages in manifest.,2026-07-17T20:59:26.517969
figaro1854,bpt6k4110234,,failed,0,0,,no_usable_pages,known,,,bpt6k4110234: no usable pages in manifest.,2026-07-17T20:59:26.661923
figaro1854,bpt6k411024h,,failed,0,0,,no_usable_pages,known,,,bpt6k411024h: no usable pages in manifest.,2026-07-17T20:59:26.828427
figaro1854,bpt6k411025w,,failed,0,0,,no_usable_pages,known,,,bpt6k411025w: no usable pages in manifest.,2026-07-17T20:59:27.167138
figaro1854,bpt6k4110268,,failed,0,0,,no_usable_pages,known,,,bpt6k4110268: no usable pages in manifest.,2026-07-17T20:59:27.345692
figaro1854,bpt6k411027n,,failed,0,0,,no_usable_pages,known,,,bpt6k411027n: no usable pages in manifest.,2026-07-17T20:59:27.547858
figaro1854,bpt6k4110281,,failed,0,0,,no_usable_pages,known,,,bpt6k4110281: no usable pages in manifest.,2026-07-17T20:59:27.729664
figaro1854,bpt6k411029d,,failed,0,0,,no_usable_pages,known,,,bpt6k411029d: no usable pages in manifest.,2026-07-17T20:59:27.898949
figaro1854,bpt6k411030b,,failed,0,0,,no_usable_pages,known,,,bpt6k411030b: no usable pages in manifest.,2026-07-17T20:59:28.144900
figaro1854,bpt6k411031q,,failed,0,0,,no_usable_pages,known,,,bpt6k411031q: no usable pages in manifest.,2026-07-17T20:59:28.278255
figaro1854,bpt6k4110323,,failed,0,0,,no_usable_pages,known,,,bpt6k4110323: no usable pages in manifest.,2026-07-17T20:59:28.394353
figaro1854,bpt6k411033g,,failed,0,0,,no_usable_pages,known,,,bpt6k411033g: no usable pages in manifest.,2026-07-17T20:59:28.523226
figaro1854,bpt6k411034v,,failed,0,0,,no_usable_pages,known,,,bpt6k411034v: no usable pages in manifest.,2026-07-17T20:59:28.677960
figaro1854,bpt6k4110357,,failed,0,0,,no_usable_pages,known,,,bpt6k4110357: no usable pages in manifest.,2026-07-17T20:59:28.860353
figaro1854,bpt6k411036m,,failed,0,0,,no_usable_pages,known,,,bpt6k411036m: no usable pages in manifest.,2026-07-17T20:59:29.031987
figaro1854,bpt6k4110370,,failed,0,0,,no_usable_pages,known,,,bpt6k4110370: no usable pages in manifest.,2026-07-17T20:59:29.279735
figaro1854,bpt6k411038c,,failed,0,0,,no_usable_pages,known,,,bpt6k411038c: no usable pages in manifest.,2026-07-17T20:59:29.425092
figaro1854,bpt6k411039r,,failed,0,0,,no_usable_pages,known,,,bpt6k411039r: no usable pages in manifest.,2026-07-17T20:59:29.543162
figaro1854,bpt6k411040p,,failed,0,0,,no_usable_pages,known,,,bpt6k411040p: no usable pages in manifest.,2026-07-17T20:59:29.706583
figaro1854,bpt6k4110412,,failed,0,0,,no_usable_pages,known,,,bpt6k4110412: no usable pages in manifest.,2026-07-17T20:59:29.891761
figaro1854,bpt6k411042f,,failed,0,0,,no_usable_pages,known,,,bpt6k411042f: no usable pages in manifest.,2026-07-17T20:59:30.065772
figaro1854,bpt6k411043t,,failed,0,0,,no_usable_pages,known,,,bpt6k411043t: no usable pages in manifest.,2026-07-17T20:59:30.314723
figaro1854,bpt6k4110446,,failed,0,0,,no_usable_pages,known,,,bpt6k4110446: no usable pages in manifest.,2026-07-17T20:59:30.469875
figaro1854,bpt6k411045k,,failed,0,0,,no_usable_pages,known,,,bpt6k411045k: no usable pages in manifest.,2026-07-17T20:59:30.614573
figaro1854,bpt6k411046z,,failed,0,0,,no_usable_pages,known,,,bpt6k411046z: no usable pages in manifest.,2026-07-17T20:59:30.803667
figaro1854,bpt6k411047b,,failed,0,0,,no_usable_pages,known,,,bpt6k411047b: no usable pages in manifest.,2026-07-17T20:59:31.016713
figaro1854,bpt6k411048q,,failed,0,0,,no_usable_pages,known,,,bpt6k411048q: no usable pages in manifest.,2026-07-17T20:59:31.202832
figaro1854,bpt6k4110493,,failed,0,0,,no_usable_pages,known,,,bpt6k4110493: no usable pages in manifest.,2026-07-17T20:59:31.421088
figaro1854,bpt6k4110501,,failed,0,0,,no_usable_pages,known,,,bpt6k4110501: no usable pages in manifest.,2026-07-17T20:59:31.594755
figaro1854,bpt6k411051d,,failed,0,0,,no_usable_pages,known,,,bpt6k411051d: no usable pages in manifest.,2026-07-17T20:59:31.742486
figaro1854,bpt6k411052s,,failed,0,0,,no_usable_pages,known,,,bpt6k411052s: no usable pages in manifest.,2026-07-17T20:59:31.891721
figaro1854,bpt6k4110535,,failed,0,0,,no_usable_pages,known,,,bpt6k4110535: no usable pages in manifest.,2026-07-17T20:59:32.138769
figaro1854,bpt6k411054j,,failed,0,0,,no_usable_pages,known,,,bpt6k411054j: no usable pages in manifest.,2026-07-17T20:59:32.359605
figaro1854,bpt6k411055x,,failed,0,0,,no_usable_pages,known,,,bpt6k411055x: no usable pages in manifest.,2026-07-17T20:59:32.633619
figaro1854,bpt6k4110569,,failed,0,0,,no_usable_pages,known,,,bpt6k4110569: no usable pages in manifest.,2026-07-17T20:59:32.803762
figaro1854,bpt6k411057p,,failed,0,0,,no_usable_pages,known,,,bpt6k411057p: no usable pages in manifest.,2026-07-17T20:59:32.961362
figaro1854,bpt6k4110582,,failed,0,0,,no_usable_pages,known,,,bpt6k4110582: no usable pages in manifest.,2026-07-17T20:59:33.116108
figaro1854,bpt6k411059f,,failed,0,0,,no_usable_pages,known,,,bpt6k411059f: no usable pages in manifest.,2026-07-17T20:59:33.257235
figaro1854,bpt6k411060c,,failed,0,0,,no_usable_pages,known,,,bpt6k411060c: no usable pages in manifest.,2026-07-17T20:59:33.429237
figaro1854,bpt6k411061r,,failed,0,0,,no_usable_pages,known,,,bpt6k411061r: no usable pages in manifest.,2026-07-17T20:59:33.737830
figaro1854,bpt6k4110624,,failed,0,0,,no_usable_pages,known,,,bpt6k4110624: no usable pages in manifest.,2026-07-17T20:59:33.928036
figaro1854,bpt6k411063h,,failed,0,0,,no_usable_pages,known,,,bpt6k411063h: no usable pages in manifest.,2026-07-17T20:59:34.070769
figaro1854,bpt6k411064w,,failed,0,0,,no_usable_pages,known,,,bpt6k411064w: no usable pages in manifest.,2026-07-17T20:59:34.239330
figaro1854,bpt6k4110658,,failed,0,0,,no_usable_pages,known,,,bpt6k4110658: no usable pages in manifest.,2026-07-17T20:59:34.382243
figaro1854,bpt6k411066n,,failed,0,0,,no_usable_pages,known,,,bpt6k411066n: no usable pages in manifest.,2026-07-17T20:59:34.536562
figaro1854,bpt6k4110671,,failed,0,0,,no_usable_pages,known,,,bpt6k4110671: no usable pages in manifest.,2026-07-17T20:59:34.826320
figaro1854,bpt6k411068d,,failed,0,0,,no_usable_pages,known,,,bpt6k411068d: no usable pages in manifest.,2026-07-17T20:59:34.993026
figaro1854,bpt6k411069s,,failed,0,0,,no_usable_pages,known,,,bpt6k411069s: no usable pages in manifest.,2026-07-17T20:59:35.177374
figaro1854,bpt6k411070q,,failed,0,0,,no_usable_pages,known,,,bpt6k411070q: no usable pages in manifest.,2026-07-17T20:59:35.337862
figaro1854,bpt6k4110713,,failed,0,0,,no_usable_pages,known,,,bpt6k4110713: no usable pages in manifest.,2026-07-17T20:59:35.461143
figaro1854,bpt6k411072g,,failed,0,0,,no_usable_pages,known,,,bpt6k411072g: no usable pages in manifest.,2026-07-17T20:59:35.637291
figaro1854,bpt6k411073v,,failed,0,0,,no_usable_pages,known,,,bpt6k411073v: no usable pages in manifest.,2026-07-17T20:59:35.871886
figaro1854,bpt6k4110747,,failed,0,0,,no_usable_pages,known,,,bpt6k4110747: no usable pages in manifest.,2026-07-17T20:59:36.007508
figaro1854,bpt6k411075m,,failed,0,0,,no_usable_pages,known,,,bpt6k411075m: no usable pages in manifest.,2026-07-17T20:59:36.175481
figaro1854,bpt6k4110760,,failed,0,0,,no_usable_pages,known,,,bpt6k4110760: no usable pages in manifest.,2026-07-17T20:59:36.318931
figaro1854,bpt6k411077c,,failed,0,0,,no_usable_pages,known,,,bpt6k411077c: no usable pages in manifest.,2026-07-17T20:59:36.458863
figaro1854,bpt6k411078r,,failed,0,0,,no_usable_pages,known,,,bpt6k411078r: no usable pages in manifest.,2026-07-17T20:59:36.566345
figaro1854,bpt6k4110794,,failed,0,0,,no_usable_pages,known,,,bpt6k4110794: no usable pages in manifest.,2026-07-17T20:59:36.739496
figaro1854,bpt6k4110802,,failed,0,0,,no_usable_pages,known,,,bpt6k4110802: no usable pages in manifest.,2026-07-17T20:59:36.962425
figaro1854,bpt6k411081f,,failed,0,0,,no_usable_pages,known,,,bpt6k411081f: no usable pages in manifest.,2026-07-17T20:59:37.093359
figaro1854,bpt6k411082t,,failed,0,0,,no_usable_pages,known,,,bpt6k411082t: no usable pages in manifest.,2026-07-17T20:59:37.256534
figaro1854,bpt6k4110836,,failed,0,0,,no_usable_pages,known,,,bpt6k4110836: no usable pages in manifest.,2026-07-17T20:59:37.403152
figaro1854,bpt6k411084k,,failed,0,0,,no_usable_pages,known,,,bpt6k411084k: no usable pages in manifest.,2026-07-17T20:59:37.621254
figaro1854,bpt6k411085z,,failed,0,0,,no_usable_pages,known,,,bpt6k411085z: no usable pages in manifest.,2026-07-17T20:59:37.797432
figaro1854,bpt6k411086b,,failed,0,0,,no_usable_pages,known,,,bpt6k411086b: no usable pages in manifest.,2026-07-17T20:59:37.990485
figaro1854,bpt6k411087q,,failed,0,0,,no_usable_pages,known,,,bpt6k411087q: no usable pages in manifest.,2026-07-17T20:59:38.116319
figaro1854,bpt6k411090d,,failed,0,0,,no_usable_pages,known,,,bpt6k411090d: no usable pages in manifest.,2026-07-17T20:59:38.249381
figaro1854,bpt6k411099t,,failed,0,0,,no_usable_pages,known,,,bpt6k411099t: no usable pages in manifest.,2026-07-17T20:59:38.413777
figaro1854,bpt6k411102c,,failed,0,0,,no_usable_pages,known,,,bpt6k411102c: no usable pages in manifest.,2026-07-17T20:59:38.595266
figaro1854,bpt6k411103r,,failed,0,0,,no_usable_pages,known,,,bpt6k411103r: no usable pages in manifest.,2026-07-17T20:59:38.749889
figaro1854,bpt6k4111044,,failed,0,0,,no_usable_pages,known,,,bpt6k4111044: no usable pages in manifest.,2026-07-17T20:59:38.894329
figaro1854,bpt6k411105h,,failed,0,0,,no_usable_pages,known,,,bpt6k411105h: no usable pages in manifest.,2026-07-17T20:59:39.163379
figaro1854,bpt6k411106w,,failed,0,0,,no_usable_pages,known,,,bpt6k411106w: no usable pages in manifest.,2026-07-17T20:59:39.348420
figaro1854,bpt6k4111078,,failed,0,0,,no_usable_pages,known,,,bpt6k4111078: no usable pages in manifest.,2026-07-17T20:59:39.689402
figaro1854,bpt6k411108n,,failed,0,0,,no_usable_pages,known,,,bpt6k411108n: no usable pages in manifest.,2026-07-17T20:59:39.835913
figaro1854,bpt6k4111091,,failed,0,0,,no_usable_pages,known,,,bpt6k4111091: no usable pages in manifest.,2026-07-17T20:59:39.989017
figaro1854,bpt6k411110z,,failed,0,0,,no_usable_pages,known,,,bpt6k411110z: no usable pages in manifest.,2026-07-17T20:59:40.215605
figaro1854,bpt6k411111b,,failed,0,0,,no_usable_pages,known,,,bpt6k411111b: no usable pages in manifest.,2026-07-17T20:59:40.378345
figaro1854,bpt6k411112q,,failed,0,0,,no_usable_pages,known,,,bpt6k411112q: no usable pages in manifest.,2026-07-17T20:59:40.580046
figaro1854,bpt6k4111133,,failed,0,0,,no_usable_pages,known,,,bpt6k4111133: no usable pages in manifest.,2026-07-17T20:59:40.727727
figaro1854,bpt6k411114g,,failed,0,0,,no_usable_pages,known,,,bpt6k411114g: no usable pages in manifest.,2026-07-17T20:59:40.899824
figaro1854,bpt6k411115v,,failed,0,0,,no_usable_pages,known,,,bpt6k411115v: no usable pages in manifest.,2026-07-17T20:59:41.123701
figaro1854,bpt6k4111167,,failed,0,0,,no_usable_pages,known,,,bpt6k4111167: no usable pages in manifest.,2026-07-17T20:59:41.391938
figaro1854,bpt6k411117m,,failed,0,0,,no_usable_pages,known,,,bpt6k411117m: no usable pages in manifest.,2026-07-17T20:59:41.649396
figaro1854,bpt6k4111180,,failed,0,0,,no_usable_pages,known,,,bpt6k4111180: no usable pages in manifest.,2026-07-17T20:59:41.892552
figaro1854,bpt6k411119c,,failed,0,0,,no_usable_pages,known,,,bpt6k411119c: no usable pages in manifest.,2026-07-17T20:59:42.090194
figaro1854,bpt6k4111209,,failed,0,0,,no_usable_pages,known,,,bpt6k4111209: no usable pages in manifest.,2026-07-17T20:59:42.248205
figaro1854,bpt6k411121p,,failed,0,0,,no_usable_pages,known,,,bpt6k411121p: no usable pages in manifest.,2026-07-17T20:59:42.582292
figaro1854,bpt6k4111222,,failed,0,0,,no_usable_pages,known,,,bpt6k4111222: no usable pages in manifest.,2026-07-17T20:59:42.765095
figaro1854,bpt6k411123f,,failed,0,0,,no_usable_pages,known,,,bpt6k411123f: no usable pages in manifest.,2026-07-17T20:59:43.044032
figaro1854,bpt6k411124t,,failed,0,0,,no_usable_pages,known,,,bpt6k411124t: no usable pages in manifest.,2026-07-17T20:59:43.173343
figaro1854,bpt6k4111256,,failed,0,0,,no_usable_pages,known,,,bpt6k4111256: no usable pages in manifest.,2026-07-17T20:59:43.342996
figaro1854,bpt6k411126k,,failed,0,0,,no_usable_pages,known,,,bpt6k411126k: no usable pages in manifest.,2026-07-17T20:59:43.667056
figaro1854,bpt6k411127z,,failed,0,0,,no_usable_pages,known,,,bpt6k411127z: no usable pages in manifest.,2026-07-17T20:59:43.923621
figaro1854,bpt6k411129q,,failed,0,0,,no_usable_pages,known,,,bpt6k411129q: no usable pages in manifest.,2026-07-17T20:59:44.115612
figaro1854,bpt6k411130n,,failed,0,0,,no_usable_pages,known,,,bpt6k411130n: no usable pages in manifest.,2026-07-17T20:59:44.273748
figaro1854,bpt6k4111311,,failed,0,0,,no_usable_pages,known,,,bpt6k4111311: no usable pages in manifest.,2026-07-17T20:59:44.421997
figaro1854,bpt6k411132d,,failed,0,0,,no_usable_pages,known,,,bpt6k411132d: no usable pages in manifest.,2026-07-17T20:59:44.660506
figaro1854,bpt6k411133s,,failed,0,0,,no_usable_pages,known,,,bpt6k411133s: no usable pages in manifest.,2026-07-17T20:59:44.845991
figaro1854,bpt6k4111345,,failed,0,0,,no_usable_pages,known,,,bpt6k4111345: no usable pages in manifest.,2026-07-17T20:59:45.046519
figaro1854,bpt6k411135j,,failed,0,0,,no_usable_pages,known,,,bpt6k411135j: no usable pages in manifest.,2026-07-17T20:59:45.220146
figaro1854,bpt6k411136x,,failed,0,0,,no_usable_pages,known,,,bpt6k411136x: no usable pages in manifest.,2026-07-17T20:59:45.383195
figaro1854,bpt6k4111379,,failed,0,0,,no_usable_pages,known,,,bpt6k4111379: no usable pages in manifest.,2026-07-17T20:59:45.677606
figaro1854,bpt6k411138p,,failed,0,0,,no_usable_pages,known,,,bpt6k411138p: no usable pages in manifest.,2026-07-17T20:59:45.861068
figaro1854,bpt6k4111392,,failed,0,0,,no_usable_pages,known,,,bpt6k4111392: no usable pages in manifest.,2026-07-17T20:59:46.011456
figaro1854,bpt6k4111400,,failed,0,0,,no_usable_pages,known,,,bpt6k4111400: no usable pages in manifest.,2026-07-17T20:59:46.173536
figaro1854,bpt6k411141c,,failed,0,0,,no_usable_pages,known,,,bpt6k411141c: no usable pages in manifest.,2026-07-17T20:59:46.329779
figaro1854,bpt6k411142r,,failed,0,0,,no_usable_pages,known,,,bpt6k411142r: no usable pages in manifest.,2026-07-17T20:59:46.460357
figaro1854,bpt6k4111434,,failed,0,0,,no_usable_pages,known,,,bpt6k4111434: no usable pages in manifest.,2026-07-17T20:59:46.592059
figaro1854,bpt6k411144h,,failed,0,0,,no_usable_pages,known,,,bpt6k411144h: no usable pages in manifest.,2026-07-17T20:59:46.835699
figaro1854,bpt6k411145w,,failed,0,0,,no_usable_pages,known,,,bpt6k411145w: no usable pages in manifest.,2026-07-17T20:59:46.974912
figaro1854,bpt6k4111468,,failed,0,0,,no_usable_pages,known,,,bpt6k4111468: no usable pages in manifest.,2026-07-17T20:59:47.105595
figaro1854,bpt6k411147n,,failed,0,0,,no_usable_pages,known,,,bpt6k411147n: no usable pages in manifest.,2026-07-17T20:59:47.340399
figaro1854,bpt6k4111481,,failed,0,0,,no_usable_pages,known,,,bpt6k4111481: no usable pages in manifest.,2026-07-17T20:59:47.468803
figaro1854,bpt6k411149d,,failed,0,0,,no_usable_pages,known,,,bpt6k411149d: no usable pages in manifest.,2026-07-17T20:59:47.637135
figaro1854,bpt6k411150b,,failed,0,0,,no_usable_pages,known,,,bpt6k411150b: no usable pages in manifest.,2026-07-17T20:59:47.855620
figaro1854,bpt6k411151q,,failed,0,0,,no_usable_pages,known,,,bpt6k411151q: no usable pages in manifest.,2026-07-17T20:59:48.025837
figaro1854,bpt6k4111523,,failed,0,0,,no_usable_pages,known,,,bpt6k4111523: no usable pages in manifest.,2026-07-17T20:59:48.173009
figaro1854,bpt6k411153g,,failed,0,0,,no_usable_pages,known,,,bpt6k411153g: no usable pages in manifest.,2026-07-17T20:59:48.325598
figaro1854,bpt6k411154v,,failed,0,0,,no_usable_pages,known,,,bpt6k411154v: no usable pages in manifest.,2026-07-17T20:59:48.488632
figaro1854,bpt6k4111557,,failed,0,0,,no_usable_pages,known,,,bpt6k4111557: no usable pages in manifest.,2026-07-17T20:59:48.672398
figaro1854,bpt6k411156m,,failed,0,0,,no_usable_pages,known,,,bpt6k411156m: no usable pages in manifest.,2026-07-17T20:59:48.856351
figaro1854,bpt6k4111570,,failed,0,0,,no_usable_pages,known,,,bpt6k4111570: no usable pages in manifest.,2026-07-17T20:59:48.970831
figaro1854,bpt6k411158c,,failed,0,0,,no_usable_pages,known,,,bpt6k411158c: no usable pages in manifest.,2026-07-17T20:59:49.188136
figaro1854,bpt6k411159r,,failed,0,0,,no_usable_pages,known,,,bpt6k411159r: no usable pages in manifest.,2026-07-17T20:59:49.458756
figaro1854,bpt6k411160p,,failed,0,0,,no_usable_pages,known,,,bpt6k411160p: no usable pages in manifest.,2026-07-17T20:59:49.607675
figaro1854,bpt6k4111612,,failed,0,0,,no_usable_pages,known,,,bpt6k4111612: no usable pages in manifest.,2026-07-17T20:59:49.747036
figaro1854,bpt6k411162f,,failed,0,0,,no_usable_pages,known,,,bpt6k411162f: no usable pages in manifest.,2026-07-17T20:59:49.938128
figaro1854,bpt6k411163t,,failed,0,0,,no_usable_pages,known,,,bpt6k411163t: no usable pages in manifest.,2026-07-17T20:59:50.046554
figaro1854,bpt6k4111646,,failed,0,0,,no_usable_pages,known,,,bpt6k4111646: no usable pages in manifest.,2026-07-17T20:59:50.163374
figaro1854,bpt6k411165k,,failed,0,0,,no_usable_pages,known,,,bpt6k411165k: no usable pages in manifest.,2026-07-17T20:59:50.257189
figaro1854,bpt6k411166z,,failed,0,0,,no_usable_pages,known,,,bpt6k411166z: no usable pages in manifest.,2026-07-17T20:59:50.400276
figaro1854,bpt6k411167b,,failed,0,0,,no_usable_pages,known,,,bpt6k411167b: no usable pages in manifest.,2026-07-17T20:59:50.656648
figaro1854,bpt6k411168q,,failed,0,0,,no_usable_pages,known,,,bpt6k411168q: no usable pages in manifest.,2026-07-17T20:59:50.783012
figaro1854,bpt6k4111693,,failed,0,0,,no_usable_pages,known,,,bpt6k4111693: no usable pages in manifest.,2026-07-17T20:59:51.060045
figaro1854,bpt6k4111701,,failed,0,0,,no_usable_pages,known,,,bpt6k4111701: no usable pages in manifest.,2026-07-17T20:59:51.232422
figaro1854,bpt6k411171d,,failed,0,0,,no_usable_pages,known,,,bpt6k411171d: no usable pages in manifest.,2026-07-17T20:59:51.369351
figaro1854,bpt6k411172s,,failed,0,0,,no_usable_pages,known,,,bpt6k411172s: no usable pages in manifest.,2026-07-17T20:59:51.524810
figaro1854,bpt6k4111735,,failed,0,0,,no_usable_pages,known,,,bpt6k4111735: no usable pages in manifest.,2026-07-17T20:59:51.656663
figaro1854,bpt6k411174j,,failed,0,0,,no_usable_pages,known,,,bpt6k411174j: no usable pages in manifest.,2026-07-17T20:59:51.751823
figaro1854,bpt6k411175x,,failed,0,0,,no_usable_pages,known,,,bpt6k411175x: no usable pages in manifest.,2026-07-17T20:59:51.905898
figaro1854,bpt6k4111769,,failed,0,0,,no_usable_pages,known,,,bpt6k4111769: no usable pages in manifest.,2026-07-17T20:59:52.114821
figaro1854,bpt6k411177p,,failed,0,0,,no_usable_pages,known,,,bpt6k411177p: no usable pages in manifest.,2026-07-17T20:59:52.292890
figaro1854,bpt6k4111782,,failed,0,0,,no_usable_pages,known,,,bpt6k4111782: no usable pages in manifest.,2026-07-17T20:59:52.479184
figaro1854,bpt6k411179f,,failed,0,0,,no_usable_pages,known,,,bpt6k411179f: no usable pages in manifest.,2026-07-17T20:59:52.641663
figaro1854,bpt6k411180c,,failed,0,0,,no_usable_pages,known,,,bpt6k411180c: no usable pages in manifest.,2026-07-17T20:59:52.968718
figaro1854,bpt6k411181r,,failed,0,0,,no_usable_pages,known,,,bpt6k411181r: no usable pages in manifest.,2026-07-17T20:59:53.145320
figaro1854,bpt6k4111824,,failed,0,0,,no_usable_pages,known,,,bpt6k4111824: no usable pages in manifest.,2026-07-17T20:59:53.261460
figaro1854,bpt6k411183h,,failed,0,0,,no_usable_pages,known,,,bpt6k411183h: no usable pages in manifest.,2026-07-17T20:59:53.374246
figaro1854,bpt6k411184w,,failed,0,0,,no_usable_pages,known,,,bpt6k411184w: no usable pages in manifest.,2026-07-17T20:59:53.492680
figaro1854,bpt6k4111858,,failed,0,0,,no_usable_pages,known,,,bpt6k4111858: no usable pages in manifest.,2026-07-17T20:59:53.649594
figaro1854,bpt6k411186n,,failed,0,0,,no_usable_pages,known,,,bpt6k411186n: no usable pages in manifest.,2026-07-17T20:59:53.821639
figaro1854,bpt6k4111871,,failed,0,0,,no_usable_pages,known,,,bpt6k4111871: no usable pages in manifest.,2026-07-17T20:59:53.948652
figaro1854,bpt6k411188d,,failed,0,0,,no_usable_pages,known,,,bpt6k411188d: no usable pages in manifest.,2026-07-17T20:59:54.104435
figaro1854,bpt6k411189s,,failed,0,0,,no_usable_pages,known,,,bpt6k411189s: no usable pages in manifest.,2026-07-17T20:59:54.265878
figaro1854,bpt6k411190q,,failed,0,0,,no_usable_pages,known,,,bpt6k411190q: no usable pages in manifest.,2026-07-17T20:59:54.357428
figaro1854,bpt6k4111913,,failed,0,0,,no_usable_pages,known,,,bpt6k4111913: no usable pages in manifest.,2026-07-17T20:59:54.540617
figaro1854,bpt6k411192g,,failed,0,0,,no_usable_pages,known,,,bpt6k411192g: no usable pages in manifest.,2026-07-17T20:59:54.749558
figaro1854,bpt6k411193v,,failed,0,0,,no_usable_pages,known,,,bpt6k411193v: no usable pages in manifest.,2026-07-17T20:59:54.900374
figaro1854,bpt6k4111947,,failed,0,0,,no_usable_pages,known,,,bpt6k4111947: no usable pages in manifest.,2026-07-17T20:59:55.056494
figaro1854,bpt6k411195m,,failed,0,0,,no_usable_pages,known,,,bpt6k411195m: no usable pages in manifest.,2026-07-17T20:59:55.182920
figaro1854,bpt6k4111960,,failed,0,0,,no_usable_pages,known,,,bpt6k4111960: no usable pages in manifest.,2026-07-17T20:59:55.343526
figaro1854,bpt6k411197c,,failed,0,0,,no_usable_pages,known,,,bpt6k411197c: no usable pages in manifest.,2026-07-17T20:59:55.481408
figaro1854,bpt6k411198r,,failed,0,0,,no_usable_pages,known,,,bpt6k411198r: no usable pages in manifest.,2026-07-17T20:59:55.601649
figaro1854,bpt6k4111994,,failed,0,0,,no_usable_pages,known,,,bpt6k4111994: no usable pages in manifest.,2026-07-17T20:59:55.743735
figaro1854,bpt6k4112019,,failed,0,0,,no_usable_pages,known,,,bpt6k4112019: no usable pages in manifest.,2026-07-17T20:59:55.980462
figaro1854,bpt6k411202p,,failed,0,0,,no_usable_pages,known,,,bpt6k411202p: no usable pages in manifest.,2026-07-17T20:59:56.128798
figaro1854,bpt6k4112032,,failed,0,0,,no_usable_pages,known,,,bpt6k4112032: no usable pages in manifest.,2026-07-17T20:59:56.273025
figaro1854,bpt6k411204f,,failed,0,0,,no_usable_pages,known,,,bpt6k411204f: no usable pages in manifest.,2026-07-17T20:59:56.510416
figaro1854,bpt6k411205t,,failed,0,0,,no_usable_pages,known,,,bpt6k411205t: no usable pages in manifest.,2026-07-17T20:59:56.892813
figaro1854,bpt6k4112066,,failed,0,0,,no_usable_pages,known,,,bpt6k4112066: no usable pages in manifest.,2026-07-17T20:59:57.092935
figaro1854,bpt6k411207k,,failed,0,0,,no_usable_pages,known,,,bpt6k411207k: no usable pages in manifest.,2026-07-17T20:59:57.251486
figaro1854,bpt6k411208z,,failed,0,0,,no_usable_pages,known,,,bpt6k411208z: no usable pages in manifest.,2026-07-17T20:59:57.390325
figaro1854,bpt6k411209b,,failed,0,0,,no_usable_pages,known,,,bpt6k411209b: no usable pages in manifest.,2026-07-17T20:59:57.580064
figaro1854,bpt6k4112108,,failed,0,0,,no_usable_pages,known,,,bpt6k4112108: no usable pages in manifest.,2026-07-17T20:59:57.720549
figaro1854,bpt6k411211n,,failed,0,0,,no_usable_pages,known,,,bpt6k411211n: no usable pages in manifest.,2026-07-17T20:59:57.858081
figaro1854,bpt6k4112121,,failed,0,0,,no_usable_pages,known,,,bpt6k4112121: no usable pages in manifest.,2026-07-17T20:59:57.996193
figaro1854,bpt6k411213d,,failed,0,0,,no_usable_pages,known,,,bpt6k411213d: no usable pages in manifest.,2026-07-17T20:59:58.176123
figaro1854,bpt6k411214s,,failed,0,0,,no_usable_pages,known,,,bpt6k411214s: no usable pages in manifest.,2026-07-17T20:59:58.315288
figaro1854,bpt6k4112155,,failed,0,0,,no_usable_pages,known,,,bpt6k4112155: no usable pages in manifest.,2026-07-17T20:59:58.449527
figaro1854,bpt6k411216j,,failed,0,0,,no_usable_pages,known,,,bpt6k411216j: no usable pages in manifest.,2026-07-17T20:59:58.724184
figaro1854,bpt6k411217x,,failed,0,0,,no_usable_pages,known,,,bpt6k411217x: no usable pages in manifest.,2026-07-17T20:59:58.899560
figaro1854,bpt6k4112189,,failed,0,0,,no_usable_pages,known,,,bpt6k4112189: no usable pages in manifest.,2026-07-17T20:59:59.038595
figaro1854,bpt6k411219p,,failed,0,0,,no_usable_pages,known,,,bpt6k411219p: no usable pages in manifest.,2026-07-17T20:59:59.222186
figaro1854,bpt6k411220m,,failed,0,0,,no_usable_pages,known,,,bpt6k411220m: no usable pages in manifest.,2026-07-17T20:59:59.375239
figaro1854,bpt6k4112210,,failed,0,0,,no_usable_pages,known,,,bpt6k4112210: no usable pages in manifest.,2026-07-17T20:59:59.513994
figaro1854,bd6t568446j,,failed,0,0,,http_manifest,known,403,manifest,"Client error '403 ' for url 'https://openapiproext.bnf.fr/iiif/presentation/v3/ark:/12148/bd6t568446j/manifest.json'
For more information check: https://developer.mozilla.org/en-US/docs/Web/HTTP/Status/403",2026-07-17T20:59:59.878223
figaro1854,bd6t5706540,,failed,0,0,,http_manifest,known,403,manifest,"Client error '403 ' for url 'https://openapiproext.bnf.fr/iiif/presentation/v3/ark:/12148/bd6t5706540/manifest.json'
For more information check: https://developer.mozilla.org/en-US/docs/Web/HTTP/Status/403",2026-07-17T21:00:01.056694
figaro1854,bd6t567952m,,failed,0,0,,http_manifest,known,403,manifest,"Client error '403 ' for url 'https://openapiproext.bnf.fr/iiif/presentation/v3/ark:/12148/bd6t567952m/manifest.json'
For more information check: https://developer.mozilla.org/en-US/docs/Web/HTTP/Status/403",2026-07-17T21:00:02.156588
figaro1854,bd6t567953z,,failed,0,0,,http_manifest,known,403,manifest,"Client error '403 ' for url 'https://openapiproext.bnf.fr/iiif/presentation/v3/ark:/12148/bd6t567953z/manifest.json'
For more information check: https://developer.mozilla.org/en-US/docs/Web/HTTP/Status/403",2026-07-17T21:00:03.435774
figaro1854,bd6t5679549,,failed,0,0,,http_manifest,known,403,manifest,"Client error '403 ' for url 'https://openapiproext.bnf.fr/iiif/presentation/v3/ark:/12148/bd6t5679549/manifest.json'
For more information check: https://developer.mozilla.org/en-US/docs/Web/HTTP/Status/403",2026-07-17T21:00:04.654106
figaro1854,bd6t567955n,,failed,0,0,,http_manifest,known,403,manifest,"Client error '403 ' for url 'https://openapiproext.bnf.fr/iiif/presentation/v3/ark:/12148/bd6t567955n/manifest.json'
For more information check: https://developer.mozilla.org/en-US/docs/Web/HTTP/Status/403",2026-07-17T21:00:05.748663
figaro1854,bd6t5679560,,failed,0,0,,http_manifest,known,403,manifest,"Client error '403 ' for url 'https://openapiproext.bnf.fr/iiif/presentation/v3/ark:/12148/bd6t5679560/manifest.json'
For more information check: https://developer.mozilla.org/en-US/docs/Web/HTTP/Status/403",2026-07-17T21:00:07.141428
figaro1854,bd6t567957b,,failed,0,0,,http_manifest,known,403,manifest,"Client error '403 ' for url 'https://openapiproext.bnf.fr/iiif/presentation/v3/ark:/12148/bd6t567957b/manifest.json'
For more information check: https://developer.mozilla.org/en-US/docs/Web/HTTP/Status/403",2026-07-17T21:00:08.061091
figaro1854,bd6t567958p,,failed,0,0,,http_manifest,known,403,manifest,"Client error '403 ' for url 'https://openapiproext.bnf.fr/iiif/presentation/v3/ark:/12148/bd6t567958p/manifest.json'
For more information check: https://developer.mozilla.org/en-US/docs/Web/HTTP/Status/403",2026-07-17T21:00:10.055213
figaro1854,bd6t5679591,,failed,0,0,,http_manifest,known,403,manifest,"Client error '403 ' for url 'https://openapiproext.bnf.fr/iiif/presentation/v3/ark:/12148/bd6t5679591/manifest.json'
For more information check: https://developer.mozilla.org/en-US/docs/Web/HTTP/Status/403",2026-07-17T21:00:10.463389
figaro1854,bd6t5679607,,failed,0,0,,http_manifest,known,403,manifest,"Client error '403 ' for url 'https://openapiproext.bnf.fr/iiif/presentation/v3/ark:/12148/bd6t5679607/manifest.json'
For more information check: https://developer.mozilla.org/en-US/docs/Web/HTTP/Status/403",2026-07-17T21:00:11.703516
figaro1854,bd6t567961k,,failed,0,0,,http_manifest,known,403,manifest,"Client error '403 ' for url 'https://openapiproext.bnf.fr/iiif/presentation/v3/ark:/12148/bd6t567961k/manifest.json'
For more information check: https://developer.mozilla.org/en-US/docs/Web/HTTP/Status/403",2026-07-17T21:00:12.866975
figaro1854,bd6t567962x,,failed,0,0,,http_manifest,known,403,manifest,"Client error '403 ' for url 'https://openapiproext.bnf.fr/iiif/presentation/v3/ark:/12148/bd6t567962x/manifest.json'
For more information check: https://developer.mozilla.org/en-US/docs/Web/HTTP/Status/403",2026-07-17T21:00:14.067019
figaro1854,bd6t5679638,,failed,0,0,,http_manifest,known,403,manifest,"Client error '403 ' for url 'https://openapiproext.bnf.fr/iiif/presentation/v3/ark:/12148/bd6t5679638/manifest.json'
For more information check: https://developer.mozilla.org/en-US/docs/Web/HTTP/Status/403",2026-07-17T21:00:15.268230
figaro1854,bd6t567964m,,failed,0,0,,http_manifest,known,403,manifest,"Client error '403 ' for url 'https://openapiproext.bnf.fr/iiif/presentation/v3/ark:/12148/bd6t567964m/manifest.json'
For more information check: https://developer.mozilla.org/en-US/docs/Web/HTTP/Status/403",2026-07-17T21:00:16.468438
figaro1854,bd6t567965z,,failed,0,0,,http_manifest,known,403,manifest,"Client error '403 ' for url 'https://openapiproext.bnf.fr/iiif/presentation/v3/ark:/12148/bd6t567965z/manifest.json'
For more information check: https://developer.mozilla.org/en-US/docs/Web/HTTP/Status/403",2026-07-17T21:00:17.685966
figaro1854,bd6t5679669,,failed,0,0,,http_manifest,known,403,manifest,"Client error '403 ' for url 'https://openapiproext.bnf.fr/iiif/presentation/v3/ark:/12148/bd6t5679669/manifest.json'
For more information check: https://developer.mozilla.org/en-US/docs/Web/HTTP/Status/403",2026-07-17T21:00:18.877706
figaro1854,bd6t567967n,,failed,0,0,,http_manifest,known,403,manifest,"Client error '403 ' for url 'https://openapiproext.bnf.fr/iiif/presentation/v3/ark:/12148/bd6t567967n/manifest.json'
For more information check: https://developer.mozilla.org/en-US/docs/Web/HTTP/Status/403",2026-07-17T21:00:20.073696
figaro1854,bd6t5679680,,failed,0,0,,http_manifest,known,403,manifest,"Client error '403 ' for url 'https://openapiproext.bnf.fr/iiif/presentation/v3/ark:/12148/bd6t5679680/manifest.json'
For more information check: https://developer.mozilla.org/en-US/docs/Web/HTTP/Status/403",2026-07-17T21:00:21.282487
figaro1854,bd6t567969b,,failed,0,0,,http_manifest,known,403,manifest,"Client error '403 ' for url 'https://openapiproext.bnf.fr/iiif/presentation/v3/ark:/12148/bd6t567969b/manifest.json'
For more information check: https://developer.mozilla.org/en-US/docs/Web/HTTP/Status/403",2026-07-17T21:00:22.475995
figaro1854,bd6t567970j,,failed,0,0,,http_manifest,known,403,manifest,"Client error '403 ' for url 'https://openapiproext.bnf.fr/iiif/presentation/v3/ark:/12148/bd6t567970j/manifest.json'
For more information check: https://developer.mozilla.org/en-US/docs/Web/HTTP/Status/403",2026-07-17T21:00:23.680234
figaro1854,bd6t567971w,,failed,0,0,,http_manifest,known,403,manifest,"Client error '403 ' for url 'https://openapiproext.bnf.fr/iiif/presentation/v3/ark:/12148/bd6t567971w/manifest.json'
For more information check: https://developer.mozilla.org/en-US/docs/Web/HTTP/Status/403",2026-07-17T21:00:24.881422
figaro1854,bd6t5679727,,failed,0,0,,http_manifest,known,403,manifest,"Client error '403 ' for url 'https://openapiproext.bnf.fr/iiif/presentation/v3/ark:/12148/bd6t5679727/manifest.json'
For more information check: https://developer.mozilla.org/en-US/docs/Web/HTTP/Status/403",2026-07-17T21:00:26.084523
figaro1854,bd6t567973k,,failed,0,0,,http_manifest,known,403,manifest,"Client error '403 ' for url 'https://openapiproext.bnf.fr/iiif/presentation/v3/ark:/12148/bd6t567973k/manifest.json'
For more information check: https://developer.mozilla.org/en-US/docs/Web/HTTP/Status/403",2026-07-17T21:00:27.280824
figaro1854,bd6t567974x,,failed,0,0,,http_manifest,known,403,manifest,"Client error '403 ' for url 'https://openapiproext.bnf.fr/iiif/presentation/v3/ark:/12148/bd6t567974x/manifest.json'
For more information check: https://developer.mozilla.org/en-US/docs/Web/HTTP/Status/403",2026-07-17T21:00:28.482761
figaro1854,bd6t5679758,,failed,0,0,,http_manifest,known,403,manifest,"Client error '403 ' for url 'https://openapiproext.bnf.fr/iiif/presentation/v3/ark:/12148/bd6t5679758/manifest.json'
For more information check: https://developer.mozilla.org/en-US/docs/Web/HTTP/Status/403",2026-07-17T21:00:29.703179
figaro1854,bd6t567976m,,failed,0,0,,http_manifest,known,403,manifest,"Client error '403 ' for url 'https://openapiproext.bnf.fr/iiif/presentation/v3/ark:/12148/bd6t567976m/manifest.json'
For more information check: https://developer.mozilla.org/en-US/docs/Web/HTTP/Status/403",2026-07-17T21:00:30.886592
figaro1854,bd6t567977z,,failed,0,0,,http_manifest,known,403,manifest,"Client error '403 ' for url 'https://openapiproext.bnf.fr/iiif/presentation/v3/ark:/12148/bd6t567977z/manifest.json'
For more information check: https://developer.mozilla.org/en-US/docs/Web/HTTP/Status/403",2026-07-17T21:00:32.097417
figaro1854,bd6t5679789,,failed,0,0,,http_manifest,known,403,manifest,"Client error '403 ' for url 'https://openapiproext.bnf.fr/iiif/presentation/v3/ark:/12148/bd6t5679789/manifest.json'
For more information check: https://developer.mozilla.org/en-US/docs/Web/HTTP/Status/403",2026-07-17T21:00:33.293578
figaro1854,bd6t567979n,,failed,0,0,,http_manifest,known,403,manifest,"Client error '403 ' for url 'https://openapiproext.bnf.fr/iiif/presentation/v3/ark:/12148/bd6t567979n/manifest.json'
For more information check: https://developer.mozilla.org/en-US/docs/Web/HTTP/Status/403",2026-07-17T21:00:34.495668
figaro1854,bd6t567980v,,failed,0,0,,http_manifest,known,403,manifest,"Client error '403 ' for url 'https://openapiproext.bnf.fr/iiif/presentation/v3/ark:/12148/bd6t567980v/manifest.json'
For more information check: https://developer.mozilla.org/en-US/docs/Web/HTTP/Status/403",2026-07-17T21:00:35.696359
figaro1854,bd6t5679816,,failed,0,0,,http_manifest,known,403,manifest,"Client error '403 ' for url 'https://openapiproext.bnf.fr/iiif/presentation/v3/ark:/12148/bd6t5679816/manifest.json'
For more information check: https://developer.mozilla.org/en-US/docs/Web/HTTP/Status/403",2026-07-17T21:00:36.898699
figaro1854,bd6t567982j,,failed,0,0,,http_manifest,known,403,manifest,"Client error '403 ' for url 'https://openapiproext.bnf.fr/iiif/presentation/v3/ark:/12148/bd6t567982j/manifest.json'
For more information check: https://developer.mozilla.org/en-US/docs/Web/HTTP/Status/403",2026-07-17T21:00:38.108987
figaro1854,bd6t567983w,,failed,0,0,,http_manifest,known,403,manifest,"Client error '403 ' for url 'https://openapiproext.bnf.fr/iiif/presentation/v3/ark:/12148/bd6t567983w/manifest.json'
For more information check: https://developer.mozilla.org/en-US/docs/Web/HTTP/Status/403",2026-07-17T21:00:39.301659
figaro1854,bd6t5679847,,failed,0,0,,http_manifest,known,403,manifest,"Client error '403 ' for url 'https://openapiproext.bnf.fr/iiif/presentation/v3/ark:/12148/bd6t5679847/manifest.json'
For more information check: https://developer.mozilla.org/en-US/docs/Web/HTTP/Status/403",2026-07-17T21:00:40.510365
figaro1854,bd6t567985k,,failed,0,0,,http_manifest,known,403,manifest,"Client error '403 ' for url 'https://openapiproext.bnf.fr/iiif/presentation/v3/ark:/12148/bd6t567985k/manifest.json'
For more information check: https://developer.mozilla.org/en-US/docs/Web/HTTP/Status/403",2026-07-17T21:00:41.739754
figaro1854,bd6t567986x,,failed,0,0,,http_manifest,known,403,manifest,"Client error '403 ' for url 'https://openapiproext.bnf.fr/iiif/presentation/v3/ark:/12148/bd6t567986x/manifest.json'
For more information check: https://developer.mozilla.org/en-US/docs/Web/HTTP/Status/403",2026-07-17T21:00:42.909299
figaro1854,bd6t5679878,,failed,0,0,,http_manifest,known,403,manifest,"Client error '403 ' for url 'https://openapiproext.bnf.fr/iiif/presentation/v3/ark:/12148/bd6t5679878/manifest.json'
For more information check: https://developer.mozilla.org/en-US/docs/Web/HTTP/Status/403",2026-07-17T21:00:44.111344
figaro1854,bd6t567988m,,failed,0,0,,http_manifest,known,403,manifest,"Client error '403 ' for url 'https://openapiproext.bnf.fr/iiif/presentation/v3/ark:/12148/bd6t567988m/manifest.json'
For more information check: https://developer.mozilla.org/en-US/docs/Web/HTTP/Status/403",2026-07-17T21:00:45.313435
figaro1854,bd6t567989z,,failed,0,0,,http_manifest,known,403,manifest,"Client error '403 ' for url 'https://openapiproext.bnf.fr/iiif/presentation/v3/ark:/12148/bd6t567989z/manifest.json'
For more information check: https://developer.mozilla.org/en-US/docs/Web/HTTP/Status/403",2026-07-17T21:00:46.513765
figaro1854,bd6t5679905,,failed,0,0,,http_manifest,known,403,manifest,"Client error '403 ' for url 'https://openapiproext.bnf.fr/iiif/presentation/v3/ark:/12148/bd6t5679905/manifest.json'
For more information check: https://developer.mozilla.org/en-US/docs/Web/HTTP/Status/403",2026-07-17T21:00:47.749602
figaro1854,bd6t567991h,,failed,0,0,,http_manifest,known,403,manifest,"Client error '403 ' for url 'https://openapiproext.bnf.fr/iiif/presentation/v3/ark:/12148/bd6t567991h/manifest.json'
For more information check: https://developer.mozilla.org/en-US/docs/Web/HTTP/Status/403",2026-07-17T21:00:48.920377
figaro1854,bd6t567992v,,failed,0,0,,http_manifest,known,403,manifest,"Client error '403 ' for url 'https://openapiproext.bnf.fr/iiif/presentation/v3/ark:/12148/bd6t567992v/manifest.json'
For more information check: https://developer.mozilla.org/en-US/docs/Web/HTTP/Status/403",2026-07-17T21:00:50.119416
figaro1854,bd6t5679936,,failed,0,0,,http_manifest,known,403,manifest,"Client error '403 ' for url 'https://openapiproext.bnf.fr/iiif/presentation/v3/ark:/12148/bd6t5679936/manifest.json'
For more information check: https://developer.mozilla.org/en-US/docs/Web/HTTP/Status/403",2026-07-17T21:00:51.325114
figaro1854,bd6t567994j,,failed,0,0,,http_manifest,known,403,manifest,"Client error '403 ' for url 'https://openapiproext.bnf.fr/iiif/presentation/v3/ark:/12148/bd6t567994j/manifest.json'
For more information check: https://developer.mozilla.org/en-US/docs/Web/HTTP/Status/403",2026-07-17T21:00:52.521954
figaro1854,bd6t567995w,,failed,0,0,,http_manifest,known,403,manifest,"Client error '403 ' for url 'https://openapiproext.bnf.fr/iiif/presentation/v3/ark:/12148/bd6t567995w/manifest.json'
For more information check: https://developer.mozilla.org/en-US/docs/Web/HTTP/Status/403",2026-07-17T21:00:53.728594
figaro1854,bd6t5679967,,failed,0,0,,http_manifest,known,403,manifest,"Client error '403 ' for url 'https://openapiproext.bnf.fr/iiif/presentation/v3/ark:/12148/bd6t5679967/manifest.json'
For more information check: https://developer.mozilla.org/en-US/docs/Web/HTTP/Status/403",2026-07-17T21:00:54.926022
figaro1854,bd6t567997k,,failed,0,0,,http_manifest,known,403,manifest,"Client error '403 ' for url 'https://openapiproext.bnf.fr/iiif/presentation/v3/ark:/12148/bd6t567997k/manifest.json'
For more information check: https://developer.mozilla.org/en-US/docs/Web/HTTP/Status/403",2026-07-17T21:00:56.200232
figaro1854,bd6t567998x,,failed,0,0,,http_manifest,known,403,manifest,"Client error '403 ' for url 'https://openapiproext.bnf.fr/iiif/presentation/v3/ark:/12148/bd6t567998x/manifest.json'
For more information check: https://developer.mozilla.org/en-US/docs/Web/HTTP/Status/403",2026-07-17T21:00:57.335882
figaro1854,bd6t5679998,,failed,0,0,,http_manifest,known,403,manifest,"Client error '403 ' for url 'https://openapiproext.bnf.fr/iiif/presentation/v3/ark:/12148/bd6t5679998/manifest.json'
For more information check: https://developer.mozilla.org/en-US/docs/Web/HTTP/Status/403",2026-07-17T21:00:58.667159
figaro1854,bd6t5680004,,failed,0,0,,http_manifest,known,403,manifest,"Client error '403 ' for url 'https://openapiproext.bnf.fr/iiif/presentation/v3/ark:/12148/bd6t5680004/manifest.json'
For more information check: https://developer.mozilla.org/en-US/docs/Web/HTTP/Status/403",2026-07-17T21:00:59.763599
figaro1854,bd6t568001g,,failed,0,0,,http_manifest,known,403,manifest,"Client error '403 ' for url 'https://openapiproext.bnf.fr/iiif/presentation/v3/ark:/12148/bd6t568001g/manifest.json'
For more information check: https://developer.mozilla.org/en-US/docs/Web/HTTP/Status/403",2026-07-17T21:01:01.122372
figaro1854,bd6t568002t,,failed,0,0,,http_manifest,known,403,manifest,"Client error '403 ' for url 'https://openapiproext.bnf.fr/iiif/presentation/v3/ark:/12148/bd6t568002t/manifest.json'
For more information check: https://developer.mozilla.org/en-US/docs/Web/HTTP/Status/403",2026-07-17T21:01:02.133929
figaro1854,bd6t568238c,,failed,0,0,,http_manifest,known,403,manifest,"Client error '403 ' for url 'https://openapiproext.bnf.fr/iiif/presentation/v3/ark:/12148/bd6t568238c/manifest.json'
For more information check: https://developer.mozilla.org/en-US/docs/Web/HTTP/Status/403",2026-07-17T21:01:03.334375
figaro1854,bd6t568239q,,failed,0,0,,http_manifest,known,403,manifest,"Client error '403 ' for url 'https://openapiproext.bnf.fr/iiif/presentation/v3/ark:/12148/bd6t568239q/manifest.json'
For more information check: https://developer.mozilla.org/en-US/docs/Web/HTTP/Status/403",2026-07-17T21:01:04.762962
figaro1854,bd6t568240x,,failed,0,0,,http_manifest,known,403,manifest,"Client error '403 ' for url 'https://openapiproext.bnf.fr/iiif/presentation/v3/ark:/12148/bd6t568240x/manifest.json'
For more information check: https://developer.mozilla.org/en-US/docs/Web/HTTP/Status/403",2026-07-17T21:01:05.812647
figaro1854,bd6t5682418,,failed,0,0,,http_manifest,known,403,manifest,"Client error '403 ' for url 'https://openapiproext.bnf.fr/iiif/presentation/v3/ark:/12148/bd6t5682418/manifest.json'
For more information check: https://developer.mozilla.org/en-US/docs/Web/HTTP/Status/403",2026-07-17T21:01:07.230463
figaro1854,bd6t568242m,,failed,0,0,,http_manifest,known,403,manifest,"Client error '403 ' for url 'https://openapiproext.bnf.fr/iiif/presentation/v3/ark:/12148/bd6t568242m/manifest.json'
For more information check: https://developer.mozilla.org/en-US/docs/Web/HTTP/Status/403",2026-07-17T21:01:08.363253
figaro1854,bd6t568243z,,failed,0,0,,http_manifest,known,403,manifest,"Client error '403 ' for url 'https://openapiproext.bnf.fr/iiif/presentation/v3/ark:/12148/bd6t568243z/manifest.json'
For more information check: https://developer.mozilla.org/en-US/docs/Web/HTTP/Status/403",2026-07-17T21:01:09.425763
figaro1854,bd6t5682449,,failed,0,0,,http_manifest,known,403,manifest,"Client error '403 ' for url 'https://openapiproext.bnf.fr/iiif/presentation/v3/ark:/12148/bd6t5682449/manifest.json'
For more information check: https://developer.mozilla.org/en-US/docs/Web/HTTP/Status/403",2026-07-17T21:01:10.568026
figaro1854,bd6t568245n,,failed,0,0,,http_manifest,known,403,manifest,"Client error '403 ' for url 'https://openapiproext.bnf.fr/iiif/presentation/v3/ark:/12148/bd6t568245n/manifest.json'
For more information check: https://developer.mozilla.org/en-US/docs/Web/HTTP/Status/403",2026-07-17T21:01:11.747683
figaro1854,bd6t5682460,,failed,0,0,,http_manifest,known,403,manifest,"Client error '403 ' for url 'https://openapiproext.bnf.fr/iiif/presentation/v3/ark:/12148/bd6t5682460/manifest.json'
For more information check: https://developer.mozilla.org/en-US/docs/Web/HTTP/Status/403",2026-07-17T21:01:13.263673
figaro1854,bd6t568247b,,failed,0,0,,http_manifest,known,403,manifest,"Client error '403 ' for url 'https://openapiproext.bnf.fr/iiif/presentation/v3/ark:/12148/bd6t568247b/manifest.json'
For more information check: https://developer.mozilla.org/en-US/docs/Web/HTTP/Status/403",2026-07-17T21:01:14.316472
figaro1854,bd6t568248p,,failed,0,0,,http_manifest,known,403,manifest,"Client error '403 ' for url 'https://openapiproext.bnf.fr/iiif/presentation/v3/ark:/12148/bd6t568248p/manifest.json'
For more information check: https://developer.mozilla.org/en-US/docs/Web/HTTP/Status/403",2026-07-17T21:01:15.559300
figaro1854,bd6t5682491,,failed,0,0,,http_manifest,known,403,manifest,"Client error '403 ' for url 'https://openapiproext.bnf.fr/iiif/presentation/v3/ark:/12148/bd6t5682491/manifest.json'
For more information check: https://developer.mozilla.org/en-US/docs/Web/HTTP/Status/403",2026-07-17T21:01:16.551059
figaro1854,bd6t5682507,,failed,0,0,,http_manifest,known,403,manifest,"Client error '403 ' for url 'https://openapiproext.bnf.fr/iiif/presentation/v3/ark:/12148/bd6t5682507/manifest.json'
For more information check: https://developer.mozilla.org/en-US/docs/Web/HTTP/Status/403",2026-07-17T21:01:17.880999
figaro1854,bd6t568251k,,failed,0,0,,http_manifest,known,403,manifest,"Client error '403 ' for url 'https://openapiproext.bnf.fr/iiif/presentation/v3/ark:/12148/bd6t568251k/manifest.json'
For more information check: https://developer.mozilla.org/en-US/docs/Web/HTTP/Status/403",2026-07-17T21:01:18.957029
figaro1854,bd6t568252x,,failed,0,0,,http_manifest,known,403,manifest,"Client error '403 ' for url 'https://openapiproext.bnf.fr/iiif/presentation/v3/ark:/12148/bd6t568252x/manifest.json'
For more information check: https://developer.mozilla.org/en-US/docs/Web/HTTP/Status/403",2026-07-17T21:01:20.153416
figaro1854,bd6t5682538,,failed,0,0,,http_manifest,known,403,manifest,"Client error '403 ' for url 'https://openapiproext.bnf.fr/iiif/presentation/v3/ark:/12148/bd6t5682538/manifest.json'
For more information check: https://developer.mozilla.org/en-US/docs/Web/HTTP/Status/403",2026-07-17T21:01:21.389773
figaro1854,bd6t568254m,,failed,0,0,,http_manifest,known,403,manifest,"Client error '403 ' for url 'https://openapiproext.bnf.fr/iiif/presentation/v3/ark:/12148/bd6t568254m/manifest.json'
For more information check: https://developer.mozilla.org/en-US/docs/Web/HTTP/Status/403",2026-07-17T21:01:22.564028
figaro1854,bd6t568255z,,failed,0,0,,http_manifest,known,403,manifest,"Client error '403 ' for url 'https://openapiproext.bnf.fr/iiif/presentation/v3/ark:/12148/bd6t568255z/manifest.json'
For more information check: https://developer.mozilla.org/en-US/docs/Web/HTTP/Status/403",2026-07-17T21:01:23.759205
figaro1854,bd6t5682569,,failed,0,0,,http_manifest,known,403,manifest,"Client error '403 ' for url 'https://openapiproext.bnf.fr/iiif/presentation/v3/ark:/12148/bd6t5682569/manifest.json'
For more information check: https://developer.mozilla.org/en-US/docs/Web/HTTP/Status/403",2026-07-17T21:01:24.976203
figaro1854,bd6t568257n,,failed,0,0,,http_manifest,known,403,manifest,"Client error '403 ' for url 'https://openapiproext.bnf.fr/iiif/presentation/v3/ark:/12148/bd6t568257n/manifest.json'
For more information check: https://developer.mozilla.org/en-US/docs/Web/HTTP/Status/403",2026-07-17T21:01:26.163108
figaro1854,bd6t5682580,,failed,0,0,,http_manifest,known,403,manifest,"Client error '403 ' for url 'https://openapiproext.bnf.fr/iiif/presentation/v3/ark:/12148/bd6t5682580/manifest.json'
For more information check: https://developer.mozilla.org/en-US/docs/Web/HTTP/Status/403",2026-07-17T21:01:27.388941
figaro1854,bd6t568259b,,failed,0,0,,http_manifest,known,403,manifest,"Client error '403 ' for url 'https://openapiproext.bnf.fr/iiif/presentation/v3/ark:/12148/bd6t568259b/manifest.json'
For more information check: https://developer.mozilla.org/en-US/docs/Web/HTTP/Status/403",2026-07-17T21:01:28.566273
figaro1854,bd6t568260j,,failed,0,0,,http_manifest,known,403,manifest,"Client error '403 ' for url 'https://openapiproext.bnf.fr/iiif/presentation/v3/ark:/12148/bd6t568260j/manifest.json'
For more information check: https://developer.mozilla.org/en-US/docs/Web/HTTP/Status/403",2026-07-17T21:01:29.767938
figaro1854,bd6t568261w,,failed,0,0,,http_manifest,known,403,manifest,"Client error '403 ' for url 'https://openapiproext.bnf.fr/iiif/presentation/v3/ark:/12148/bd6t568261w/manifest.json'
For more information check: https://developer.mozilla.org/en-US/docs/Web/HTTP/Status/403",2026-07-17T21:01:30.971682
figaro1854,bd6t5682627,,failed,0,0,,http_manifest,known,403,manifest,"Client error '403 ' for url 'https://openapiproext.bnf.fr/iiif/presentation/v3/ark:/12148/bd6t5682627/manifest.json'
For more information check: https://developer.mozilla.org/en-US/docs/Web/HTTP/Status/403",2026-07-17T21:01:32.176678
figaro1854,bd6t568263k,,failed,0,0,,http_manifest,known,403,manifest,"Client error '403 ' for url 'https://openapiproext.bnf.fr/iiif/presentation/v3/ark:/12148/bd6t568263k/manifest.json'
For more information check: https://developer.mozilla.org/en-US/docs/Web/HTTP/Status/403",2026-07-17T21:01:33.369714
figaro1854,bd6t568264x,,failed,0,0,,http_manifest,known,403,manifest,"Client error '403 ' for url 'https://openapiproext.bnf.fr/iiif/presentation/v3/ark:/12148/bd6t568264x/manifest.json'
For more information check: https://developer.mozilla.org/en-US/docs/Web/HTTP/Status/403",2026-07-17T21:01:34.575779
figaro1854,bd6t5682658,,failed,0,0,,http_manifest,known,403,manifest,"Client error '403 ' for url 'https://openapiproext.bnf.fr/iiif/presentation/v3/ark:/12148/bd6t5682658/manifest.json'
For more information check: https://developer.mozilla.org/en-US/docs/Web/HTTP/Status/403",2026-07-17T21:01:35.778581
figaro1854,bd6t568266m,,failed,0,0,,http_manifest,known,403,manifest,"Client error '403 ' for url 'https://openapiproext.bnf.fr/iiif/presentation/v3/ark:/12148/bd6t568266m/manifest.json'
For more information check: https://developer.mozilla.org/en-US/docs/Web/HTTP/Status/403",2026-07-17T21:01:36.973133
figaro1854,bd6t568267z,,failed,0,0,,http_manifest,known,403,manifest,"Client error '403 ' for url 'https://openapiproext.bnf.fr/iiif/presentation/v3/ark:/12148/bd6t568267z/manifest.json'
For more information check: https://developer.mozilla.org/en-US/docs/Web/HTTP/Status/403",2026-07-17T21:01:38.173452
figaro1854,bd6t5682689,,failed,0,0,,http_manifest,known,403,manifest,"Client error '403 ' for url 'https://openapiproext.bnf.fr/iiif/presentation/v3/ark:/12148/bd6t5682689/manifest.json'
For more information check: https://developer.mozilla.org/en-US/docs/Web/HTTP/Status/403",2026-07-17T21:01:39.400901
figaro1854,bd6t568269n,,failed,0,0,,http_manifest,known,403,manifest,"Client error '403 ' for url 'https://openapiproext.bnf.fr/iiif/presentation/v3/ark:/12148/bd6t568269n/manifest.json'
For more information check: https://developer.mozilla.org/en-US/docs/Web/HTTP/Status/403",2026-07-17T21:01:40.578749
figaro1854,bd6t568270v,,failed,0,0,,http_manifest,known,403,manifest,"Client error '403 ' for url 'https://openapiproext.bnf.fr/iiif/presentation/v3/ark:/12148/bd6t568270v/manifest.json'
For more information check: https://developer.mozilla.org/en-US/docs/Web/HTTP/Status/403",2026-07-17T21:01:41.780076
figaro1854,bd6t5682716,,failed,0,0,,http_manifest,known,403,manifest,"Client error '403 ' for url 'https://openapiproext.bnf.fr/iiif/presentation/v3/ark:/12148/bd6t5682716/manifest.json'
For more information check: https://developer.mozilla.org/en-US/docs/Web/HTTP/Status/403",2026-07-17T21:01:42.983923
figaro1854,bd6t568272j,,failed,0,0,,http_manifest,known,403,manifest,"Client error '403 ' for url 'https://openapiproext.bnf.fr/iiif/presentation/v3/ark:/12148/bd6t568272j/manifest.json'
For more information check: https://developer.mozilla.org/en-US/docs/Web/HTTP/Status/403",2026-07-17T21:01:44.184086
figaro1854,bd6t568273w,,failed,0,0,,http_manifest,known,403,manifest,"Client error '403 ' for url 'https://openapiproext.bnf.fr/iiif/presentation/v3/ark:/12148/bd6t568273w/manifest.json'
For more information check: https://developer.mozilla.org/en-US/docs/Web/HTTP/Status/403",2026-07-17T21:01:45.390078
figaro1854,bd6t5682747,,failed,0,0,,http_manifest,known,403,manifest,"Client error '403 ' for url 'https://openapiproext.bnf.fr/iiif/presentation/v3/ark:/12148/bd6t5682747/manifest.json'
For more information check: https://developer.mozilla.org/en-US/docs/Web/HTTP/Status/403",2026-07-17T21:01:46.586739
figaro1854,bd6t568275k,,failed,0,0,,http_manifest,known,403,manifest,"Client error '403 ' for url 'https://openapiproext.bnf.fr/iiif/presentation/v3/ark:/12148/bd6t568275k/manifest.json'
For more information check: https://developer.mozilla.org/en-US/docs/Web/HTTP/Status/403",2026-07-17T21:01:47.796149
figaro1854,bd6t568276x,,failed,0,0,,http_manifest,known,403,manifest,"Client error '403 ' for url 'https://openapiproext.bnf.fr/iiif/presentation/v3/ark:/12148/bd6t568276x/manifest.json'
For more information check: https://developer.mozilla.org/en-US/docs/Web/HTTP/Status/403",2026-07-17T21:01:48.991135
figaro1854,bd6t5682778,,failed,0,0,,http_manifest,known,403,manifest,"Client error '403 ' for url 'https://openapiproext.bnf.fr/iiif/presentation/v3/ark:/12148/bd6t5682778/manifest.json'
For more information check: https://developer.mozilla.org/en-US/docs/Web/HTTP/Status/403",2026-07-17T21:01:50.191723
figaro1854,bd6t568278m,,failed,0,0,,http_manifest,known,403,manifest,"Client error '403 ' for url 'https://openapiproext.bnf.fr/iiif/presentation/v3/ark:/12148/bd6t568278m/manifest.json'
For more information check: https://developer.mozilla.org/en-US/docs/Web/HTTP/Status/403",2026-07-17T21:01:51.421150
figaro1854,bd6t568279z,,failed,0,0,,http_manifest,known,403,manifest,"Client error '403 ' for url 'https://openapiproext.bnf.fr/iiif/presentation/v3/ark:/12148/bd6t568279z/manifest.json'
For more information check: https://developer.mozilla.org/en-US/docs/Web/HTTP/Status/403",2026-07-17T21:01:52.605576
figaro1854,bd6t5682805,,failed,0,0,,http_manifest,known,403,manifest,"Client error '403 ' for url 'https://openapiproext.bnf.fr/iiif/presentation/v3/ark:/12148/bd6t5682805/manifest.json'
For more information check: https://developer.mozilla.org/en-US/docs/Web/HTTP/Status/403",2026-07-17T21:01:53.797288
figaro1854,bd6t568281h,,failed,0,0,,http_manifest,known,403,manifest,"Client error '403 ' for url 'https://openapiproext.bnf.fr/iiif/presentation/v3/ark:/12148/bd6t568281h/manifest.json'
For more information check: https://developer.mozilla.org/en-US/docs/Web/HTTP/Status/403",2026-07-17T21:01:55.006335
figaro1854,bd6t568282v,,failed,0,0,,http_manifest,known,403,manifest,"Client error '403 ' for url 'https://openapiproext.bnf.fr/iiif/presentation/v3/ark:/12148/bd6t568282v/manifest.json'
For more information check: https://developer.mozilla.org/en-US/docs/Web/HTTP/Status/403",2026-07-17T21:01:56.213661
figaro1854,bd6t5682836,,failed,0,0,,http_manifest,known,403,manifest,"Client error '403 ' for url 'https://openapiproext.bnf.fr/iiif/presentation/v3/ark:/12148/bd6t5682836/manifest.json'
For more information check: https://developer.mozilla.org/en-US/docs/Web/HTTP/Status/403",2026-07-17T21:01:57.677483
figaro1854,bd6t568284j,,failed,0,0,,http_manifest,known,403,manifest,"Client error '403 ' for url 'https://openapiproext.bnf.fr/iiif/presentation/v3/ark:/12148/bd6t568284j/manifest.json'
For more information check: https://developer.mozilla.org/en-US/docs/Web/HTTP/Status/403",2026-07-17T21:01:58.610037
figaro1854,bd6t568285w,,failed,0,0,,http_manifest,known,403,manifest,"Client error '403 ' for url 'https://openapiproext.bnf.fr/iiif/presentation/v3/ark:/12148/bd6t568285w/manifest.json'
For more information check: https://developer.mozilla.org/en-US/docs/Web/HTTP/Status/403",2026-07-17T21:01:59.935733
figaro1854,bd6t5682867,,failed,0,0,,http_manifest,known,403,manifest,"Client error '403 ' for url 'https://openapiproext.bnf.fr/iiif/presentation/v3/ark:/12148/bd6t5682867/manifest.json'
For more information check: https://developer.mozilla.org/en-US/docs/Web/HTTP/Status/403",2026-07-17T21:02:01.125580
figaro1854,bd6t568287k,,failed,0,0,,http_manifest,known,403,manifest,"Client error '403 ' for url 'https://openapiproext.bnf.fr/iiif/presentation/v3/ark:/12148/bd6t568287k/manifest.json'
For more information check: https://developer.mozilla.org/en-US/docs/Web/HTTP/Status/403",2026-07-17T21:02:02.364588
figaro1854,bd6t568288x,,failed,0,0,,http_manifest,known,403,manifest,"Client error '403 ' for url 'https://openapiproext.bnf.fr/iiif/presentation/v3/ark:/12148/bd6t568288x/manifest.json'
For more information check: https://developer.mozilla.org/en-US/docs/Web/HTTP/Status/403",2026-07-17T21:02:03.415151
figaro1854,bd6t5682898,,failed,0,0,,http_manifest,known,403,manifest,"Client error '403 ' for url 'https://openapiproext.bnf.fr/iiif/presentation/v3/ark:/12148/bd6t5682898/manifest.json'
For more information check: https://developer.mozilla.org/en-US/docs/Web/HTTP/Status/403",2026-07-17T21:02:04.746459
figaro1854,bd6t567900c,,failed,0,0,,http_manifest,known,403,manifest,"Client error '403 ' for url 'https://openapiproext.bnf.fr/iiif/presentation/v3/ark:/12148/bd6t567900c/manifest.json'
For more information check: https://developer.mozilla.org/en-US/docs/Web/HTTP/Status/403",2026-07-17T21:02:06.023058
figaro1854,bd6t567901q,,failed,0,0,,http_manifest,known,403,manifest,"Client error '403 ' for url 'https://openapiproext.bnf.fr/iiif/presentation/v3/ark:/12148/bd6t567901q/manifest.json'
For more information check: https://developer.mozilla.org/en-US/docs/Web/HTTP/Status/403",2026-07-17T21:02:07.128700
figaro1854,bd6t5679022,,failed,0,0,,http_manifest,known,403,manifest,"Client error '403 ' for url 'https://openapiproext.bnf.fr/iiif/presentation/v3/ark:/12148/bd6t5679022/manifest.json'
For more information check: https://developer.mozilla.org/en-US/docs/Web/HTTP/Status/403",2026-07-17T21:02:08.238226
figaro1854,bd6t567903d,,failed,0,0,,http_manifest,known,403,manifest,"Client error '403 ' for url 'https://openapiproext.bnf.fr/iiif/presentation/v3/ark:/12148/bd6t567903d/manifest.json'
For more information check: https://developer.mozilla.org/en-US/docs/Web/HTTP/Status/403",2026-07-17T21:02:09.607763
figaro1854,bd6t567904r,,failed,0,0,,http_manifest,known,403,manifest,"Client error '403 ' for url 'https://openapiproext.bnf.fr/iiif/presentation/v3/ark:/12148/bd6t567904r/manifest.json'
For more information check: https://developer.mozilla.org/en-US/docs/Web/HTTP/Status/403",2026-07-17T21:02:10.625540
figaro1854,bd6t5679053,,failed,0,0,,http_manifest,known,403,manifest,"Client error '403 ' for url 'https://openapiproext.bnf.fr/iiif/presentation/v3/ark:/12148/bd6t5679053/manifest.json'
For more information check: https://developer.mozilla.org/en-US/docs/Web/HTTP/Status/403",2026-07-17T21:02:11.896716
figaro1854,bd6t567906f,,failed,0,0,,http_manifest,known,403,manifest,"Client error '403 ' for url 'https://openapiproext.bnf.fr/iiif/presentation/v3/ark:/12148/bd6t567906f/manifest.json'
For more information check: https://developer.mozilla.org/en-US/docs/Web/HTTP/Status/403",2026-07-17T21:02:13.204516
figaro1854,bd6t567907s,,failed,0,0,,http_manifest,known,403,manifest,"Client error '403 ' for url 'https://openapiproext.bnf.fr/iiif/presentation/v3/ark:/12148/bd6t567907s/manifest.json'
For more information check: https://developer.mozilla.org/en-US/docs/Web/HTTP/Status/403",2026-07-17T21:02:14.229670
figaro1854,bd6t5679084,,failed,0,0,,http_manifest,known,403,manifest,"Client error '403 ' for url 'https://openapiproext.bnf.fr/iiif/presentation/v3/ark:/12148/bd6t5679084/manifest.json'
For more information check: https://developer.mozilla.org/en-US/docs/Web/HTTP/Status/403",2026-07-17T21:02:15.439389
figaro1854,bd6t567909g,,failed,0,0,,http_manifest,known,403,manifest,"Client error '403 ' for url 'https://openapiproext.bnf.fr/iiif/presentation/v3/ark:/12148/bd6t567909g/manifest.json'
For more information check: https://developer.mozilla.org/en-US/docs/Web/HTTP/Status/403",2026-07-17T21:02:16.633902
figaro1854,bd6t567910p,,failed,0,0,,http_manifest,known,403,manifest,"Client error '403 ' for url 'https://openapiproext.bnf.fr/iiif/presentation/v3/ark:/12148/bd6t567910p/manifest.json'
For more information check: https://developer.mozilla.org/en-US/docs/Web/HTTP/Status/403",2026-07-17T21:02:17.855354
figaro1854,bd6t5679111,,failed,0,0,,http_manifest,known,403,manifest,"Client error '403 ' for url 'https://openapiproext.bnf.fr/iiif/presentation/v3/ark:/12148/bd6t5679111/manifest.json'
For more information check: https://developer.mozilla.org/en-US/docs/Web/HTTP/Status/403",2026-07-17T21:02:19.036818
figaro1854,bd6t567912c,,failed,0,0,,http_manifest,known,403,manifest,"Client error '403 ' for url 'https://openapiproext.bnf.fr/iiif/presentation/v3/ark:/12148/bd6t567912c/manifest.json'
For more information check: https://developer.mozilla.org/en-US/docs/Web/HTTP/Status/403",2026-07-17T21:02:20.235654
figaro1854,bd6t567913q,,failed,0,0,,http_manifest,known,403,manifest,"Client error '403 ' for url 'https://openapiproext.bnf.fr/iiif/presentation/v3/ark:/12148/bd6t567913q/manifest.json'
For more information check: https://developer.mozilla.org/en-US/docs/Web/HTTP/Status/403",2026-07-17T21:02:21.439555
figaro1854,bd6t5679142,,failed,0,0,,http_manifest,known,403,manifest,"Client error '403 ' for url 'https://openapiproext.bnf.fr/iiif/presentation/v3/ark:/12148/bd6t5679142/manifest.json'
For more information check: https://developer.mozilla.org/en-US/docs/Web/HTTP/Status/403",2026-07-17T21:02:22.643943
figaro1854,bd6t567915d,,failed,0,0,,http_manifest,known,403,manifest,"Client error '403 ' for url 'https://openapiproext.bnf.fr/iiif/presentation/v3/ark:/12148/bd6t567915d/manifest.json'
For more information check: https://developer.mozilla.org/en-US/docs/Web/HTTP/Status/403",2026-07-17T21:02:23.847891
figaro1854,bd6t567916r,,failed,0,0,,http_manifest,known,403,manifest,"Client error '403 ' for url 'https://openapiproext.bnf.fr/iiif/presentation/v3/ark:/12148/bd6t567916r/manifest.json'
For more information check: https://developer.mozilla.org/en-US/docs/Web/HTTP/Status/403",2026-07-17T21:02:25.045280
figaro1854,bd6t5679173,,failed,0,0,,http_manifest,known,403,manifest,"Client error '403 ' for url 'https://openapiproext.bnf.fr/iiif/presentation/v3/ark:/12148/bd6t5679173/manifest.json'
For more information check: https://developer.mozilla.org/en-US/docs/Web/HTTP/Status/403",2026-07-17T21:02:26.249853
figaro1854,bd6t567918f,,failed,0,0,,http_manifest,known,403,manifest,"Client error '403 ' for url 'https://openapiproext.bnf.fr/iiif/presentation/v3/ark:/12148/bd6t567918f/manifest.json'
For more information check: https://developer.mozilla.org/en-US/docs/Web/HTTP/Status/403",2026-07-17T21:02:27.447442
figaro1854,bd6t567919s,,failed,0,0,,http_manifest,known,403,manifest,"Client error '403 ' for url 'https://openapiproext.bnf.fr/iiif/presentation/v3/ark:/12148/bd6t567919s/manifest.json'
For more information check: https://developer.mozilla.org/en-US/docs/Web/HTTP/Status/403",2026-07-17T21:02:28.646868
figaro1854,bd6t5679200,,failed,0,0,,http_manifest,known,403,manifest,"Client error '403 ' for url 'https://openapiproext.bnf.fr/iiif/presentation/v3/ark:/12148/bd6t5679200/manifest.json'
For more information check: https://developer.mozilla.org/en-US/docs/Web/HTTP/Status/403",2026-07-17T21:02:29.871150
figaro1854,bd6t567921b,,failed,0,0,,http_manifest,known,403,manifest,"Client error '403 ' for url 'https://openapiproext.bnf.fr/iiif/presentation/v3/ark:/12148/bd6t567921b/manifest.json'
For more information check: https://developer.mozilla.org/en-US/docs/Web/HTTP/Status/403",2026-07-17T21:02:31.050045
figaro1854,bd6t567922p,,failed,0,0,,http_manifest,known,403,manifest,"Client error '403 ' for url 'https://openapiproext.bnf.fr/iiif/presentation/v3/ark:/12148/bd6t567922p/manifest.json'
For more information check: https://developer.mozilla.org/en-US/docs/Web/HTTP/Status/403",2026-07-17T21:02:32.250547
figaro1854,bd6t5679231,,failed,0,0,,http_manifest,known,403,manifest,"Client error '403 ' for url 'https://openapiproext.bnf.fr/iiif/presentation/v3/ark:/12148/bd6t5679231/manifest.json'
For more information check: https://developer.mozilla.org/en-US/docs/Web/HTTP/Status/403",2026-07-17T21:02:33.463865
figaro1854,bd6t567924c,,failed,0,0,,http_manifest,known,403,manifest,"Client error '403 ' for url 'https://openapiproext.bnf.fr/iiif/presentation/v3/ark:/12148/bd6t567924c/manifest.json'
For more information check: https://developer.mozilla.org/en-US/docs/Web/HTTP/Status/403",2026-07-17T21:02:34.661140
figaro1854,bd6t567925q,,failed,0,0,,http_manifest,known,403,manifest,"Client error '403 ' for url 'https://openapiproext.bnf.fr/iiif/presentation/v3/ark:/12148/bd6t567925q/manifest.json'
For more information check: https://developer.mozilla.org/en-US/docs/Web/HTTP/Status/403",2026-07-17T21:02:35.884095
figaro1854,bd6t5679262,,failed,0,0,,http_manifest,known,403,manifest,"Client error '403 ' for url 'https://openapiproext.bnf.fr/iiif/presentation/v3/ark:/12148/bd6t5679262/manifest.json'
For more information check: https://developer.mozilla.org/en-US/docs/Web/HTTP/Status/403",2026-07-17T21:02:37.061552
figaro1854,bd6t567927d,,failed,0,0,,http_manifest,known,403,manifest,"Client error '403 ' for url 'https://openapiproext.bnf.fr/iiif/presentation/v3/ark:/12148/bd6t567927d/manifest.json'
For more information check: https://developer.mozilla.org/en-US/docs/Web/HTTP/Status/403",2026-07-17T21:02:38.262126
figaro1854,bd6t567928r,,failed,0,0,,http_manifest,known,403,manifest,"Client error '403 ' for url 'https://openapiproext.bnf.fr/iiif/presentation/v3/ark:/12148/bd6t567928r/manifest.json'
For more information check: https://developer.mozilla.org/en-US/docs/Web/HTTP/Status/403",2026-07-17T21:02:39.461363
figaro1854,bd6t5679293,,failed,0,0,,http_manifest,known,403,manifest,"Client error '403 ' for url 'https://openapiproext.bnf.fr/iiif/presentation/v3/ark:/12148/bd6t5679293/manifest.json'
For more information check: https://developer.mozilla.org/en-US/docs/Web/HTTP/Status/403",2026-07-17T21:02:40.666563
figaro1854,bd6t5679309,,failed,0,0,,http_manifest,known,403,manifest,"Client error '403 ' for url 'https://openapiproext.bnf.fr/iiif/presentation/v3/ark:/12148/bd6t5679309/manifest.json'
For more information check: https://developer.mozilla.org/en-US/docs/Web/HTTP/Status/403",2026-07-17T21:02:41.868689
figaro1854,bd6t567931n,,failed,0,0,,http_manifest,known,403,manifest,"Client error '403 ' for url 'https://openapiproext.bnf.fr/iiif/presentation/v3/ark:/12148/bd6t567931n/manifest.json'
For more information check: https://developer.mozilla.org/en-US/docs/Web/HTTP/Status/403",2026-07-17T21:02:43.067842
figaro1854,bd6t5679320,,failed,0,0,,http_manifest,known,403,manifest,"Client error '403 ' for url 'https://openapiproext.bnf.fr/iiif/presentation/v3/ark:/12148/bd6t5679320/manifest.json'
For more information check: https://developer.mozilla.org/en-US/docs/Web/HTTP/Status/403",2026-07-17T21:02:44.270940
figaro1854,bd6t567933b,,failed,0,0,,http_manifest,known,403,manifest,"Client error '403 ' for url 'https://openapiproext.bnf.fr/iiif/presentation/v3/ark:/12148/bd6t567933b/manifest.json'
For more information check: https://developer.mozilla.org/en-US/docs/Web/HTTP/Status/403",2026-07-17T21:02:45.473022
figaro1854,bd6t567934p,,failed,0,0,,http_manifest,known,403,manifest,"Client error '403 ' for url 'https://openapiproext.bnf.fr/iiif/presentation/v3/ark:/12148/bd6t567934p/manifest.json'
For more information check: https://developer.mozilla.org/en-US/docs/Web/HTTP/Status/403",2026-07-17T21:02:46.673838
figaro1854,bd6t5679351,,failed,0,0,,http_manifest,known,403,manifest,"Client error '403 ' for url 'https://openapiproext.bnf.fr/iiif/presentation/v3/ark:/12148/bd6t5679351/manifest.json'
For more information check: https://developer.mozilla.org/en-US/docs/Web/HTTP/Status/403",2026-07-17T21:02:47.899411
figaro1854,bd6t567936c,,failed,0,0,,http_manifest,known,403,manifest,"Client error '403 ' for url 'https://openapiproext.bnf.fr/iiif/presentation/v3/ark:/12148/bd6t567936c/manifest.json'
For more information check: https://developer.mozilla.org/en-US/docs/Web/HTTP/Status/403",2026-07-17T21:02:49.076727
figaro1854,bd6t567937q,,failed,0,0,,http_manifest,known,403,manifest,"Client error '403 ' for url 'https://openapiproext.bnf.fr/iiif/presentation/v3/ark:/12148/bd6t567937q/manifest.json'
For more information check: https://developer.mozilla.org/en-US/docs/Web/HTTP/Status/403",2026-07-17T21:02:50.279821
figaro1854,bd6t5679382,,failed,0,0,,http_manifest,known,403,manifest,"Client error '403 ' for url 'https://openapiproext.bnf.fr/iiif/presentation/v3/ark:/12148/bd6t5679382/manifest.json'
For more information check: https://developer.mozilla.org/en-US/docs/Web/HTTP/Status/403",2026-07-17T21:02:51.479768
figaro1854,bd6t567939d,,failed,0,0,,http_manifest,known,403,manifest,"Client error '403 ' for url 'https://openapiproext.bnf.fr/iiif/presentation/v3/ark:/12148/bd6t567939d/manifest.json'
For more information check: https://developer.mozilla.org/en-US/docs/Web/HTTP/Status/403",2026-07-17T21:02:52.679977
figaro1854,bd6t567940m,,failed,0,0,,http_manifest,known,403,manifest,"Client error '403 ' for url 'https://openapiproext.bnf.fr/iiif/presentation/v3/ark:/12148/bd6t567940m/manifest.json'
For more information check: https://developer.mozilla.org/en-US/docs/Web/HTTP/Status/403",2026-07-17T21:02:53.885734
figaro1854,bd6t567941z,,failed,0,0,,http_manifest,known,403,manifest,"Client error '403 ' for url 'https://openapiproext.bnf.fr/iiif/presentation/v3/ark:/12148/bd6t567941z/manifest.json'
For more information check: https://developer.mozilla.org/en-US/docs/Web/HTTP/Status/403",2026-07-17T21:02:55.090736
figaro1854,bd6t5679429,,failed,0,0,,http_manifest,known,403,manifest,"Client error '403 ' for url 'https://openapiproext.bnf.fr/iiif/presentation/v3/ark:/12148/bd6t5679429/manifest.json'
For more information check: https://developer.mozilla.org/en-US/docs/Web/HTTP/Status/403",2026-07-17T21:02:56.284149
figaro1854,bd6t567943n,,failed,0,0,,http_manifest,known,403,manifest,"Client error '403 ' for url 'https://openapiproext.bnf.fr/iiif/presentation/v3/ark:/12148/bd6t567943n/manifest.json'
For more information check: https://developer.mozilla.org/en-US/docs/Web/HTTP/Status/403",2026-07-17T21:02:57.489178
figaro1854,bd6t5679440,,failed,0,0,,http_manifest,known,403,manifest,"Client error '403 ' for url 'https://openapiproext.bnf.fr/iiif/presentation/v3/ark:/12148/bd6t5679440/manifest.json'
For more information check: https://developer.mozilla.org/en-US/docs/Web/HTTP/Status/403",2026-07-17T21:02:58.950668
figaro1854,bd6t567945b,,failed,0,0,,http_manifest,known,403,manifest,"Client error '403 ' for url 'https://openapiproext.bnf.fr/iiif/presentation/v3/ark:/12148/bd6t567945b/manifest.json'
For more information check: https://developer.mozilla.org/en-US/docs/Web/HTTP/Status/403",2026-07-17T21:02:59.963082
figaro1854,bd6t567946p,,failed,0,0,,http_manifest,known,403,manifest,"Client error '403 ' for url 'https://openapiproext.bnf.fr/iiif/presentation/v3/ark:/12148/bd6t567946p/manifest.json'
For more information check: https://developer.mozilla.org/en-US/docs/Web/HTTP/Status/403",2026-07-17T21:03:01.201580
figaro1854,bd6t5679471,,failed,0,0,,http_manifest,known,403,manifest,"Client error '403 ' for url 'https://openapiproext.bnf.fr/iiif/presentation/v3/ark:/12148/bd6t5679471/manifest.json'
For more information check: https://developer.mozilla.org/en-US/docs/Web/HTTP/Status/403",2026-07-17T21:03:02.308861
figaro1854,bd6t567948c,,failed,0,0,,http_manifest,known,403,manifest,"Client error '403 ' for url 'https://openapiproext.bnf.fr/iiif/presentation/v3/ark:/12148/bd6t567948c/manifest.json'
For more information check: https://developer.mozilla.org/en-US/docs/Web/HTTP/Status/403",2026-07-17T21:03:03.495839
figaro1854,bd6t567949q,,failed,0,0,,http_manifest,known,403,manifest,"Client error '403 ' for url 'https://openapiproext.bnf.fr/iiif/presentation/v3/ark:/12148/bd6t567949q/manifest.json'
For more information check: https://developer.mozilla.org/en-US/docs/Web/HTTP/Status/403",2026-07-17T21:03:04.782396
figaro1854,bd6t567950x,,failed,0,0,,http_manifest,known,403,manifest,"Client error '403 ' for url 'https://openapiproext.bnf.fr/iiif/presentation/v3/ark:/12148/bd6t567950x/manifest.json'
For more information check: https://developer.mozilla.org/en-US/docs/Web/HTTP/Status/403",2026-07-17T21:03:05.909375
figaro1854,bd6t5679518,,failed,0,0,,http_manifest,known,403,manifest,"Client error '403 ' for url 'https://openapiproext.bnf.fr/iiif/presentation/v3/ark:/12148/bd6t5679518/manifest.json'
For more information check: https://developer.mozilla.org/en-US/docs/Web/HTTP/Status/403",2026-07-17T21:03:07.200440
figaro1854,bd6t5704475,,failed,0,0,,http_manifest,known,403,manifest,"Client error '403 ' for url 'https://openapiproext.bnf.fr/iiif/presentation/v3/ark:/12148/bd6t5704475/manifest.json'
For more information check: https://developer.mozilla.org/en-US/docs/Web/HTTP/Status/403",2026-07-17T21:03:08.297425
figaro1854,bd6t570448h,,failed,0,0,,http_manifest,known,403,manifest,"Client error '403 ' for url 'https://openapiproext.bnf.fr/iiif/presentation/v3/ark:/12148/bd6t570448h/manifest.json'
For more information check: https://developer.mozilla.org/en-US/docs/Web/HTTP/Status/403",2026-07-17T21:03:09.502848
figaro1854,bd6t570449v,,failed,0,0,,http_manifest,known,403,manifest,"Client error '403 ' for url 'https://openapiproext.bnf.fr/iiif/presentation/v3/ark:/12148/bd6t570449v/manifest.json'
For more information check: https://developer.mozilla.org/en-US/docs/Web/HTTP/Status/403",2026-07-17T21:03:10.915427
figaro1854,bd6t5704502,,failed,0,0,,http_manifest,known,403,manifest,"Client error '403 ' for url 'https://openapiproext.bnf.fr/iiif/presentation/v3/ark:/12148/bd6t5704502/manifest.json'
For more information check: https://developer.mozilla.org/en-US/docs/Web/HTTP/Status/403",2026-07-17T21:03:11.901287
figaro1854,bd6t570451d,,failed,0,0,,http_manifest,known,403,manifest,"Client error '403 ' for url 'https://openapiproext.bnf.fr/iiif/presentation/v3/ark:/12148/bd6t570451d/manifest.json'
For more information check: https://developer.mozilla.org/en-US/docs/Web/HTTP/Status/403",2026-07-17T21:03:13.122387
figaro1854,bd6t570452r,,failed,0,0,,http_manifest,known,403,manifest,"Client error '403 ' for url 'https://openapiproext.bnf.fr/iiif/presentation/v3/ark:/12148/bd6t570452r/manifest.json'
For more information check: https://developer.mozilla.org/en-US/docs/Web/HTTP/Status/403",2026-07-17T21:03:14.505177
figaro1854,bd6t5704533,,failed,0,0,,http_manifest,known,403,manifest,"Client error '403 ' for url 'https://openapiproext.bnf.fr/iiif/presentation/v3/ark:/12148/bd6t5704533/manifest.json'
For more information check: https://developer.mozilla.org/en-US/docs/Web/HTTP/Status/403",2026-07-17T21:03:15.505865
figaro1854,bd6t570454f,,failed,0,0,,http_manifest,known,403,manifest,"Client error '403 ' for url 'https://openapiproext.bnf.fr/iiif/presentation/v3/ark:/12148/bd6t570454f/manifest.json'
For more information check: https://developer.mozilla.org/en-US/docs/Web/HTTP/Status/403",2026-07-17T21:03:16.874355
figaro1854,bd6t570455s,,failed,0,0,,http_manifest,known,403,manifest,"Client error '403 ' for url 'https://openapiproext.bnf.fr/iiif/presentation/v3/ark:/12148/bd6t570455s/manifest.json'
For more information check: https://developer.mozilla.org/en-US/docs/Web/HTTP/Status/403",2026-07-17T21:03:18.180854
figaro1854,bd6t5704564,,failed,0,0,,http_manifest,known,403,manifest,"Client error '403 ' for url 'https://openapiproext.bnf.fr/iiif/presentation/v3/ark:/12148/bd6t5704564/manifest.json'
For more information check: https://developer.mozilla.org/en-US/docs/Web/HTTP/Status/403",2026-07-17T21:03:19.264509
figaro1854,bd6t570457g,,failed,0,0,,http_manifest,known,403,manifest,"Client error '403 ' for url 'https://openapiproext.bnf.fr/iiif/presentation/v3/ark:/12148/bd6t570457g/manifest.json'
For more information check: https://developer.mozilla.org/en-US/docs/Web/HTTP/Status/403",2026-07-17T21:03:20.317732
figaro1854,bd6t570458t,,failed,0,0,,http_manifest,known,403,manifest,"Client error '403 ' for url 'https://openapiproext.bnf.fr/iiif/presentation/v3/ark:/12148/bd6t570458t/manifest.json'
For more information check: https://developer.mozilla.org/en-US/docs/Web/HTTP/Status/403",2026-07-17T21:03:21.517744
figaro1854,bd6t5704595,,failed,0,0,,http_manifest,known,403,manifest,"Client error '403 ' for url 'https://openapiproext.bnf.fr/iiif/presentation/v3/ark:/12148/bd6t5704595/manifest.json'
For more information check: https://developer.mozilla.org/en-US/docs/Web/HTTP/Status/403",2026-07-17T21:03:22.723697
figaro1854,bd6t570460c,,failed,0,0,,http_manifest,known,403,manifest,"Client error '403 ' for url 'https://openapiproext.bnf.fr/iiif/presentation/v3/ark:/12148/bd6t570460c/manifest.json'
For more information check: https://developer.mozilla.org/en-US/docs/Web/HTTP/Status/403",2026-07-17T21:03:23.923732
figaro1854,bd6t570461q,,failed,0,0,,http_manifest,known,403,manifest,"Client error '403 ' for url 'https://openapiproext.bnf.fr/iiif/presentation/v3/ark:/12148/bd6t570461q/manifest.json'
For more information check: https://developer.mozilla.org/en-US/docs/Web/HTTP/Status/403",2026-07-17T21:03:25.130840
figaro1854,bd6t5704622,,failed,0,0,,http_manifest,known,403,manifest,"Client error '403 ' for url 'https://openapiproext.bnf.fr/iiif/presentation/v3/ark:/12148/bd6t5704622/manifest.json'
For more information check: https://developer.mozilla.org/en-US/docs/Web/HTTP/Status/403",2026-07-17T21:03:26.328921
figaro1854,bd6t570463d,,failed,0,0,,http_manifest,known,403,manifest,"Client error '403 ' for url 'https://openapiproext.bnf.fr/iiif/presentation/v3/ark:/12148/bd6t570463d/manifest.json'
For more information check: https://developer.mozilla.org/en-US/docs/Web/HTTP/Status/403",2026-07-17T21:03:27.534316
figaro1854,bd6t570464r,,failed,0,0,,http_manifest,known,403,manifest,"Client error '403 ' for url 'https://openapiproext.bnf.fr/iiif/presentation/v3/ark:/12148/bd6t570464r/manifest.json'
For more information check: https://developer.mozilla.org/en-US/docs/Web/HTTP/Status/403",2026-07-17T21:03:28.752703
figaro1854,bd6t5704653,,failed,0,0,,http_manifest,known,403,manifest,"Client error '403 ' for url 'https://openapiproext.bnf.fr/iiif/presentation/v3/ark:/12148/bd6t5704653/manifest.json'
For more information check: https://developer.mozilla.org/en-US/docs/Web/HTTP/Status/403",2026-07-17T21:03:29.930818
figaro1854,bd6t570466f,,failed,0,0,,http_manifest,known,403,manifest,"Client error '403 ' for url 'https://openapiproext.bnf.fr/iiif/presentation/v3/ark:/12148/bd6t570466f/manifest.json'
For more information check: https://developer.mozilla.org/en-US/docs/Web/HTTP/Status/403",2026-07-17T21:03:31.130628
figaro1854,bd6t570467s,,failed,0,0,,http_manifest,known,403,manifest,"Client error '403 ' for url 'https://openapiproext.bnf.fr/iiif/presentation/v3/ark:/12148/bd6t570467s/manifest.json'
For more information check: https://developer.mozilla.org/en-US/docs/Web/HTTP/Status/403",2026-07-17T21:03:32.332565
figaro1854,bd6t5704684,,failed,0,0,,http_manifest,known,403,manifest,"Client error '403 ' for url 'https://openapiproext.bnf.fr/iiif/presentation/v3/ark:/12148/bd6t5704684/manifest.json'
For more information check: https://developer.mozilla.org/en-US/docs/Web/HTTP/Status/403",2026-07-17T21:03:33.540416
figaro1854,bd6t570469g,,failed,0,0,,http_manifest,known,403,manifest,"Client error '403 ' for url 'https://openapiproext.bnf.fr/iiif/presentation/v3/ark:/12148/bd6t570469g/manifest.json'
For more information check: https://developer.mozilla.org/en-US/docs/Web/HTTP/Status/403",2026-07-17T21:03:34.737211
figaro1854,bd6t570470p,,failed,0,0,,http_manifest,known,403,manifest,"Client error '403 ' for url 'https://openapiproext.bnf.fr/iiif/presentation/v3/ark:/12148/bd6t570470p/manifest.json'
For more information check: https://developer.mozilla.org/en-US/docs/Web/HTTP/Status/403",2026-07-17T21:03:35.940875
figaro1854,bd6t5704711,,failed,0,0,,http_manifest,known,403,manifest,"Client error '403 ' for url 'https://openapiproext.bnf.fr/iiif/presentation/v3/ark:/12148/bd6t5704711/manifest.json'
For more information check: https://developer.mozilla.org/en-US/docs/Web/HTTP/Status/403",2026-07-17T21:03:37.140428
figaro1854,bd6t570472c,,failed,0,0,,http_manifest,known,403,manifest,"Client error '403 ' for url 'https://openapiproext.bnf.fr/iiif/presentation/v3/ark:/12148/bd6t570472c/manifest.json'
For more information check: https://developer.mozilla.org/en-US/docs/Web/HTTP/Status/403",2026-07-17T21:03:38.343480
figaro1854,bd6t570473q,,failed,0,0,,http_manifest,known,403,manifest,"Client error '403 ' for url 'https://openapiproext.bnf.fr/iiif/presentation/v3/ark:/12148/bd6t570473q/manifest.json'
For more information check: https://developer.mozilla.org/en-US/docs/Web/HTTP/Status/403",2026-07-17T21:03:39.545484
figaro1854,bd6t5704742,,failed,0,0,,http_manifest,known,403,manifest,"Client error '403 ' for url 'https://openapiproext.bnf.fr/iiif/presentation/v3/ark:/12148/bd6t5704742/manifest.json'
For more information check: https://developer.mozilla.org/en-US/docs/Web/HTTP/Status/403",2026-07-17T21:03:40.765123
figaro1854,bd6t570475d,,failed,0,0,,http_manifest,known,403,manifest,"Client error '403 ' for url 'https://openapiproext.bnf.fr/iiif/presentation/v3/ark:/12148/bd6t570475d/manifest.json'
For more information check: https://developer.mozilla.org/en-US/docs/Web/HTTP/Status/403",2026-07-17T21:03:41.943007
figaro1854,bd6t570476r,,failed,0,0,,http_manifest,known,403,manifest,"Client error '403 ' for url 'https://openapiproext.bnf.fr/iiif/presentation/v3/ark:/12148/bd6t570476r/manifest.json'
For more information check: https://developer.mozilla.org/en-US/docs/Web/HTTP/Status/403",2026-07-17T21:03:43.150928
figaro1854,bd6t5704773,,failed,0,0,,http_manifest,known,403,manifest,"Client error '403 ' for url 'https://openapiproext.bnf.fr/iiif/presentation/v3/ark:/12148/bd6t5704773/manifest.json'
For more information check: https://developer.mozilla.org/en-US/docs/Web/HTTP/Status/403",2026-07-17T21:03:44.347046
figaro1854,bd6t570478f,,failed,0,0,,http_manifest,known,403,manifest,"Client error '403 ' for url 'https://openapiproext.bnf.fr/iiif/presentation/v3/ark:/12148/bd6t570478f/manifest.json'
For more information check: https://developer.mozilla.org/en-US/docs/Web/HTTP/Status/403",2026-07-17T21:03:45.547830
figaro1854,bd6t570479s,,failed,0,0,,http_manifest,known,403,manifest,"Client error '403 ' for url 'https://openapiproext.bnf.fr/iiif/presentation/v3/ark:/12148/bd6t570479s/manifest.json'
For more information check: https://developer.mozilla.org/en-US/docs/Web/HTTP/Status/403",2026-07-17T21:03:46.774001
figaro1854,bd6t5704800,,failed,0,0,,http_manifest,known,403,manifest,"Client error '403 ' for url 'https://openapiproext.bnf.fr/iiif/presentation/v3/ark:/12148/bd6t5704800/manifest.json'
For more information check: https://developer.mozilla.org/en-US/docs/Web/HTTP/Status/403",2026-07-17T21:03:47.951028
figaro1854,bd6t570481b,,failed,0,0,,http_manifest,known,403,manifest,"Client error '403 ' for url 'https://openapiproext.bnf.fr/iiif/presentation/v3/ark:/12148/bd6t570481b/manifest.json'
For more information check: https://developer.mozilla.org/en-US/docs/Web/HTTP/Status/403",2026-07-17T21:03:49.152838
figaro1854,bd6t570482p,,failed,0,0,,http_manifest,known,403,manifest,"Client error '403 ' for url 'https://openapiproext.bnf.fr/iiif/presentation/v3/ark:/12148/bd6t570482p/manifest.json'
For more information check: https://developer.mozilla.org/en-US/docs/Web/HTTP/Status/403",2026-07-17T21:03:50.361699
figaro1854,bd6t5704831,,failed,0,0,,http_manifest,known,403,manifest,"Client error '403 ' for url 'https://openapiproext.bnf.fr/iiif/presentation/v3/ark:/12148/bd6t5704831/manifest.json'
For more information check: https://developer.mozilla.org/en-US/docs/Web/HTTP/Status/403",2026-07-17T21:03:51.555422
figaro1854,bd6t570484c,,failed,0,0,,http_manifest,known,403,manifest,"Client error '403 ' for url 'https://openapiproext.bnf.fr/iiif/presentation/v3/ark:/12148/bd6t570484c/manifest.json'
For more information check: https://developer.mozilla.org/en-US/docs/Web/HTTP/Status/403",2026-07-17T21:03:52.757291
figaro1854,bd6t570485q,,failed,0,0,,http_manifest,known,403,manifest,"Client error '403 ' for url 'https://openapiproext.bnf.fr/iiif/presentation/v3/ark:/12148/bd6t570485q/manifest.json'
For more information check: https://developer.mozilla.org/en-US/docs/Web/HTTP/Status/403",2026-07-17T21:03:53.957206
figaro1854,bd6t5704862,,failed,0,0,,http_manifest,known,403,manifest,"Client error '403 ' for url 'https://openapiproext.bnf.fr/iiif/presentation/v3/ark:/12148/bd6t5704862/manifest.json'
For more information check: https://developer.mozilla.org/en-US/docs/Web/HTTP/Status/403",2026-07-17T21:03:55.164507
figaro1854,bd6t570487d,,failed,0,0,,http_manifest,known,403,manifest,"Client error '403 ' for url 'https://openapiproext.bnf.fr/iiif/presentation/v3/ark:/12148/bd6t570487d/manifest.json'
For more information check: https://developer.mozilla.org/en-US/docs/Web/HTTP/Status/403",2026-07-17T21:03:56.365304
figaro1854,bd6t570488r,,failed,0,0,,http_manifest,known,403,manifest,"Client error '403 ' for url 'https://openapiproext.bnf.fr/iiif/presentation/v3/ark:/12148/bd6t570488r/manifest.json'
For more information check: https://developer.mozilla.org/en-US/docs/Web/HTTP/Status/403",2026-07-17T21:03:57.565253
figaro1854,bd6t5704893,,failed,0,0,,http_manifest,known,403,manifest,"Client error '403 ' for url 'https://openapiproext.bnf.fr/iiif/presentation/v3/ark:/12148/bd6t5704893/manifest.json'
For more information check: https://developer.mozilla.org/en-US/docs/Web/HTTP/Status/403",2026-07-17T21:03:58.878747
figaro1854,bd6t5704909,,failed,0,0,,http_manifest,known,403,manifest,"Client error '403 ' for url 'https://openapiproext.bnf.fr/iiif/presentation/v3/ark:/12148/bd6t5704909/manifest.json'
For more information check: https://developer.mozilla.org/en-US/docs/Web/HTTP/Status/403",2026-07-17T21:04:00.695573
figaro1854,bd6t570491n,,failed,0,0,,http_manifest,known,403,manifest,"Client error '403 ' for url 'https://openapiproext.bnf.fr/iiif/presentation/v3/ark:/12148/bd6t570491n/manifest.json'
For more information check: https://developer.mozilla.org/en-US/docs/Web/HTTP/Status/403",2026-07-17T21:04:01.175888
figaro1854,bd6t5704920,,failed,0,0,,http_manifest,known,403,manifest,"Client error '403 ' for url 'https://openapiproext.bnf.fr/iiif/presentation/v3/ark:/12148/bd6t5704920/manifest.json'
For more information check: https://developer.mozilla.org/en-US/docs/Web/HTTP/Status/403",2026-07-17T21:04:02.384638
figaro1854,bd6t570493b,,failed,0,0,,http_manifest,known,403,manifest,"Client error '403 ' for url 'https://openapiproext.bnf.fr/iiif/presentation/v3/ark:/12148/bd6t570493b/manifest.json'
For more information check: https://developer.mozilla.org/en-US/docs/Web/HTTP/Status/403",2026-07-17T21:04:03.574731
figaro1854,bd6t570494p,,failed,0,0,,http_manifest,known,403,manifest,"Client error '403 ' for url 'https://openapiproext.bnf.fr/iiif/presentation/v3/ark:/12148/bd6t570494p/manifest.json'
For more information check: https://developer.mozilla.org/en-US/docs/Web/HTTP/Status/403",2026-07-17T21:04:04.829843
figaro1854,bd6t5704951,,failed,0,0,,http_manifest,known,403,manifest,"Client error '403 ' for url 'https://openapiproext.bnf.fr/iiif/presentation/v3/ark:/12148/bd6t5704951/manifest.json'
For more information check: https://developer.mozilla.org/en-US/docs/Web/HTTP/Status/403",2026-07-17T21:04:06.086319
figaro1854,bd6t570496c,,failed,0,0,,http_manifest,known,403,manifest,"Client error '403 ' for url 'https://openapiproext.bnf.fr/iiif/presentation/v3/ark:/12148/bd6t570496c/manifest.json'
For more information check: https://developer.mozilla.org/en-US/docs/Web/HTTP/Status/403",2026-07-17T21:04:07.412154
figaro1854,bd6t570497q,,failed,0,0,,http_manifest,known,403,manifest,"Client error '403 ' for url 'https://openapiproext.bnf.fr/iiif/presentation/v3/ark:/12148/bd6t570497q/manifest.json'
For more information check: https://developer.mozilla.org/en-US/docs/Web/HTTP/Status/403",2026-07-17T21:04:08.558877
figaro1854,bd6t5704982,,failed,0,0,,http_manifest,known,403,manifest,"Client error '403 ' for url 'https://openapiproext.bnf.fr/iiif/presentation/v3/ark:/12148/bd6t5704982/manifest.json'
For more information check: https://developer.mozilla.org/en-US/docs/Web/HTTP/Status/403",2026-07-17T21:04:09.587191
figaro1854,bd6t5678483,,failed,0,0,,http_manifest,known,403,manifest,"Client error '403 ' for url 'https://openapiproext.bnf.fr/iiif/presentation/v3/ark:/12148/bd6t5678483/manifest.json'
For more information check: https://developer.mozilla.org/en-US/docs/Web/HTTP/Status/403",2026-07-17T21:04:11.051579
figaro1854,bd6t567849f,,failed,0,0,,http_manifest,known,403,manifest,"Client error '403 ' for url 'https://openapiproext.bnf.fr/iiif/presentation/v3/ark:/12148/bd6t567849f/manifest.json'
For more information check: https://developer.mozilla.org/en-US/docs/Web/HTTP/Status/403",2026-07-17T21:04:12.026014
figaro1854,bd6t567850n,,failed,0,0,,http_manifest,known,403,manifest,"Client error '403 ' for url 'https://openapiproext.bnf.fr/iiif/presentation/v3/ark:/12148/bd6t567850n/manifest.json'
For more information check: https://developer.mozilla.org/en-US/docs/Web/HTTP/Status/403",2026-07-17T21:04:13.341471
figaro1854,bd6t5678510,,failed,0,0,,http_manifest,known,403,manifest,"Client error '403 ' for url 'https://openapiproext.bnf.fr/iiif/presentation/v3/ark:/12148/bd6t5678510/manifest.json'
For more information check: https://developer.mozilla.org/en-US/docs/Web/HTTP/Status/403",2026-07-17T21:04:14.571099
figaro1854,bd6t567852b,,failed,0,0,,http_manifest,known,403,manifest,"Client error '403 ' for url 'https://openapiproext.bnf.fr/iiif/presentation/v3/ark:/12148/bd6t567852b/manifest.json'
For more information check: https://developer.mozilla.org/en-US/docs/Web/HTTP/Status/403",2026-07-17T21:04:15.732010
figaro1854,bd6t567853p,,failed,0,0,,http_manifest,known,403,manifest,"Client error '403 ' for url 'https://openapiproext.bnf.fr/iiif/presentation/v3/ark:/12148/bd6t567853p/manifest.json'
For more information check: https://developer.mozilla.org/en-US/docs/Web/HTTP/Status/403",2026-07-17T21:04:16.798909
figaro1854,bd6t5678541,,failed,0,0,,http_manifest,known,403,manifest,"Client error '403 ' for url 'https://openapiproext.bnf.fr/iiif/presentation/v3/ark:/12148/bd6t5678541/manifest.json'
For more information check: https://developer.mozilla.org/en-US/docs/Web/HTTP/Status/403",2026-07-17T21:04:18.021548
figaro1854,bd6t567855c,,failed,0,0,,http_manifest,known,403,manifest,"Client error '403 ' for url 'https://openapiproext.bnf.fr/iiif/presentation/v3/ark:/12148/bd6t567855c/manifest.json'
For more information check: https://developer.mozilla.org/en-US/docs/Web/HTTP/Status/403",2026-07-17T21:04:19.196075
figaro1854,bd6t567856q,,failed,0,0,,http_manifest,known,403,manifest,"Client error '403 ' for url 'https://openapiproext.bnf.fr/iiif/presentation/v3/ark:/12148/bd6t567856q/manifest.json'
For more information check: https://developer.mozilla.org/en-US/docs/Web/HTTP/Status/403",2026-07-17T21:04:20.398047
figaro1854,bd6t5678572,,failed,0,0,,http_manifest,known,403,manifest,"Client error '403 ' for url 'https://openapiproext.bnf.fr/iiif/presentation/v3/ark:/12148/bd6t5678572/manifest.json'
For more information check: https://developer.mozilla.org/en-US/docs/Web/HTTP/Status/403",2026-07-17T21:04:21.596745
figaro1854,bd6t567858d,,failed,0,0,,http_manifest,known,403,manifest,"Client error '403 ' for url 'https://openapiproext.bnf.fr/iiif/presentation/v3/ark:/12148/bd6t567858d/manifest.json'
For more information check: https://developer.mozilla.org/en-US/docs/Web/HTTP/Status/403",2026-07-17T21:04:22.801468
figaro1854,bd6t567859r,,failed,0,0,,http_manifest,known,403,manifest,"Client error '403 ' for url 'https://openapiproext.bnf.fr/iiif/presentation/v3/ark:/12148/bd6t567859r/manifest.json'
For more information check: https://developer.mozilla.org/en-US/docs/Web/HTTP/Status/403",2026-07-17T21:04:24.003930
figaro1854,bd6t567860z,,failed,0,0,,http_manifest,known,403,manifest,"Client error '403 ' for url 'https://openapiproext.bnf.fr/iiif/presentation/v3/ark:/12148/bd6t567860z/manifest.json'
For more information check: https://developer.mozilla.org/en-US/docs/Web/HTTP/Status/403",2026-07-17T21:04:25.202830
figaro1854,bd6t5678619,,failed,0,0,,http_manifest,known,403,manifest,"Client error '403 ' for url 'https://openapiproext.bnf.fr/iiif/presentation/v3/ark:/12148/bd6t5678619/manifest.json'
For more information check: https://developer.mozilla.org/en-US/docs/Web/HTTP/Status/403",2026-07-17T21:04:26.402717
figaro1854,bd6t567862n,,failed,0,0,,http_manifest,known,403,manifest,"Client error '403 ' for url 'https://openapiproext.bnf.fr/iiif/presentation/v3/ark:/12148/bd6t567862n/manifest.json'
For more information check: https://developer.mozilla.org/en-US/docs/Web/HTTP/Status/403",2026-07-17T21:04:27.606148
figaro1854,bd6t5678630,,failed,0,0,,http_manifest,known,403,manifest,"Client error '403 ' for url 'https://openapiproext.bnf.fr/iiif/presentation/v3/ark:/12148/bd6t5678630/manifest.json'
For more information check: https://developer.mozilla.org/en-US/docs/Web/HTTP/Status/403",2026-07-17T21:04:28.811330
figaro1854,bd6t567864b,,failed,0,0,,http_manifest,known,403,manifest,"Client error '403 ' for url 'https://openapiproext.bnf.fr/iiif/presentation/v3/ark:/12148/bd6t567864b/manifest.json'
For more information check: https://developer.mozilla.org/en-US/docs/Web/HTTP/Status/403",2026-07-17T21:04:30.033230
figaro1854,bd6t567865p,,failed,0,0,,http_manifest,known,403,manifest,"Client error '403 ' for url 'https://openapiproext.bnf.fr/iiif/presentation/v3/ark:/12148/bd6t567865p/manifest.json'
For more information check: https://developer.mozilla.org/en-US/docs/Web/HTTP/Status/403",2026-07-17T21:04:31.208730
figaro1854,bd6t5678661,,failed,0,0,,http_manifest,known,403,manifest,"Client error '403 ' for url 'https://openapiproext.bnf.fr/iiif/presentation/v3/ark:/12148/bd6t5678661/manifest.json'
For more information check: https://developer.mozilla.org/en-US/docs/Web/HTTP/Status/403",2026-07-17T21:04:32.413849
figaro1854,bd6t567867c,,failed,0,0,,http_manifest,known,403,manifest,"Client error '403 ' for url 'https://openapiproext.bnf.fr/iiif/presentation/v3/ark:/12148/bd6t567867c/manifest.json'
For more information check: https://developer.mozilla.org/en-US/docs/Web/HTTP/Status/403",2026-07-17T21:04:33.613232
figaro1854,bd6t567868q,,failed,0,0,,http_manifest,known,403,manifest,"Client error '403 ' for url 'https://openapiproext.bnf.fr/iiif/presentation/v3/ark:/12148/bd6t567868q/manifest.json'
For more information check: https://developer.mozilla.org/en-US/docs/Web/HTTP/Status/403",2026-07-17T21:04:34.831599
figaro1854,bd6t5678692,,failed,0,0,,http_manifest,known,403,manifest,"Client error '403 ' for url 'https://openapiproext.bnf.fr/iiif/presentation/v3/ark:/12148/bd6t5678692/manifest.json'
For more information check: https://developer.mozilla.org/en-US/docs/Web/HTTP/Status/403",2026-07-17T21:04:36.020984
figaro1854,bd6t5678708,,failed,0,0,,http_manifest,known,403,manifest,"Client error '403 ' for url 'https://openapiproext.bnf.fr/iiif/presentation/v3/ark:/12148/bd6t5678708/manifest.json'
For more information check: https://developer.mozilla.org/en-US/docs/Web/HTTP/Status/403",2026-07-17T21:04:37.222599
figaro1854,bd6t567871m,,failed,0,0,,http_manifest,known,403,manifest,"Client error '403 ' for url 'https://openapiproext.bnf.fr/iiif/presentation/v3/ark:/12148/bd6t567871m/manifest.json'
For more information check: https://developer.mozilla.org/en-US/docs/Web/HTTP/Status/403",2026-07-17T21:04:38.422223
figaro1854,bd6t567872z,,failed,0,0,,http_manifest,known,403,manifest,"Client error '403 ' for url 'https://openapiproext.bnf.fr/iiif/presentation/v3/ark:/12148/bd6t567872z/manifest.json'
For more information check: https://developer.mozilla.org/en-US/docs/Web/HTTP/Status/403",2026-07-17T21:04:39.623621
figaro1854,bd6t5678739,,failed,0,0,,http_manifest,known,403,manifest,"Client error '403 ' for url 'https://openapiproext.bnf.fr/iiif/presentation/v3/ark:/12148/bd6t5678739/manifest.json'
For more information check: https://developer.mozilla.org/en-US/docs/Web/HTTP/Status/403",2026-07-17T21:04:40.820450
figaro1854,bd6t567874n,,failed,0,0,,http_manifest,known,403,manifest,"Client error '403 ' for url 'https://openapiproext.bnf.fr/iiif/presentation/v3/ark:/12148/bd6t567874n/manifest.json'
For more information check: https://developer.mozilla.org/en-US/docs/Web/HTTP/Status/403",2026-07-17T21:04:42.053616
figaro1854,bd6t5678750,,failed,0,0,,http_manifest,known,403,manifest,"Client error '403 ' for url 'https://openapiproext.bnf.fr/iiif/presentation/v3/ark:/12148/bd6t5678750/manifest.json'
For more information check: https://developer.mozilla.org/en-US/docs/Web/HTTP/Status/403",2026-07-17T21:04:43.229715
figaro1854,bd6t567876b,,failed,0,0,,http_manifest,known,403,manifest,"Client error '403 ' for url 'https://openapiproext.bnf.fr/iiif/presentation/v3/ark:/12148/bd6t567876b/manifest.json'
For more information check: https://developer.mozilla.org/en-US/docs/Web/HTTP/Status/403",2026-07-17T21:04:44.429702
figaro1854,bd6t567877p,,failed,0,0,,http_manifest,known,403,manifest,"Client error '403 ' for url 'https://openapiproext.bnf.fr/iiif/presentation/v3/ark:/12148/bd6t567877p/manifest.json'
For more information check: https://developer.mozilla.org/en-US/docs/Web/HTTP/Status/403",2026-07-17T21:04:45.631267
figaro1854,bd6t5678781,,failed,0,0,,http_manifest,known,403,manifest,"Client error '403 ' for url 'https://openapiproext.bnf.fr/iiif/presentation/v3/ark:/12148/bd6t5678781/manifest.json'
For more information check: https://developer.mozilla.org/en-US/docs/Web/HTTP/Status/403",2026-07-17T21:04:46.835111
figaro1854,bd6t567879c,,failed,0,0,,http_manifest,known,403,manifest,"Client error '403 ' for url 'https://openapiproext.bnf.fr/iiif/presentation/v3/ark:/12148/bd6t567879c/manifest.json'
For more information check: https://developer.mozilla.org/en-US/docs/Web/HTTP/Status/403",2026-07-17T21:04:48.067202
figaro1854,bd6t567880k,,failed,0,0,,http_manifest,known,403,manifest,"Client error '403 ' for url 'https://openapiproext.bnf.fr/iiif/presentation/v3/ark:/12148/bd6t567880k/manifest.json'
For more information check: https://developer.mozilla.org/en-US/docs/Web/HTTP/Status/403",2026-07-17T21:04:49.236219
figaro1854,bd6t567881x,,failed,0,0,,http_manifest,known,403,manifest,"Client error '403 ' for url 'https://openapiproext.bnf.fr/iiif/presentation/v3/ark:/12148/bd6t567881x/manifest.json'
For more information check: https://developer.mozilla.org/en-US/docs/Web/HTTP/Status/403",2026-07-17T21:04:50.436900
figaro1854,bd6t5678828,,failed,0,0,,http_manifest,known,403,manifest,"Client error '403 ' for url 'https://openapiproext.bnf.fr/iiif/presentation/v3/ark:/12148/bd6t5678828/manifest.json'
For more information check: https://developer.mozilla.org/en-US/docs/Web/HTTP/Status/403",2026-07-17T21:04:51.634802
figaro1854,bd6t567883m,,failed,0,0,,http_manifest,known,403,manifest,"Client error '403 ' for url 'https://openapiproext.bnf.fr/iiif/presentation/v3/ark:/12148/bd6t567883m/manifest.json'
For more information check: https://developer.mozilla.org/en-US/docs/Web/HTTP/Status/403",2026-07-17T21:04:52.841725
figaro1854,bd6t567884z,,failed,0,0,,http_manifest,known,403,manifest,"Client error '403 ' for url 'https://openapiproext.bnf.fr/iiif/presentation/v3/ark:/12148/bd6t567884z/manifest.json'
For more information check: https://developer.mozilla.org/en-US/docs/Web/HTTP/Status/403",2026-07-17T21:04:54.040968
figaro1854,bd6t5678859,,failed,0,0,,http_manifest,known,403,manifest,"Client error '403 ' for url 'https://openapiproext.bnf.fr/iiif/presentation/v3/ark:/12148/bd6t5678859/manifest.json'
For more information check: https://developer.mozilla.org/en-US/docs/Web/HTTP/Status/403",2026-07-17T21:04:55.242877
figaro1854,bd6t567886n,,failed,0,0,,http_manifest,known,403,manifest,"Client error '403 ' for url 'https://openapiproext.bnf.fr/iiif/presentation/v3/ark:/12148/bd6t567886n/manifest.json'
For more information check: https://developer.mozilla.org/en-US/docs/Web/HTTP/Status/403",2026-07-17T21:04:56.445185
figaro1854,bd6t5678870,,failed,0,0,,http_manifest,known,403,manifest,"Client error '403 ' for url 'https://openapiproext.bnf.fr/iiif/presentation/v3/ark:/12148/bd6t5678870/manifest.json'
For more information check: https://developer.mozilla.org/en-US/docs/Web/HTTP/Status/403",2026-07-17T21:04:57.870435
figaro1854,bd6t567888b,,failed,0,0,,http_manifest,known,403,manifest,"Client error '403 ' for url 'https://openapiproext.bnf.fr/iiif/presentation/v3/ark:/12148/bd6t567888b/manifest.json'
For more information check: https://developer.mozilla.org/en-US/docs/Web/HTTP/Status/403",2026-07-17T21:04:58.846755
figaro1854,bd6t567889p,,failed,0,0,,http_manifest,known,403,manifest,"Client error '403 ' for url 'https://openapiproext.bnf.fr/iiif/presentation/v3/ark:/12148/bd6t567889p/manifest.json'
For more information check: https://developer.mozilla.org/en-US/docs/Web/HTTP/Status/403",2026-07-17T21:05:00.162870
figaro1854,bd6t567890w,,failed,0,0,,http_manifest,known,403,manifest,"Client error '403 ' for url 'https://openapiproext.bnf.fr/iiif/presentation/v3/ark:/12148/bd6t567890w/manifest.json'
For more information check: https://developer.mozilla.org/en-US/docs/Web/HTTP/Status/403",2026-07-17T21:05:01.284887
figaro1854,bd6t5678917,,failed,0,0,,http_manifest,known,403,manifest,"Client error '403 ' for url 'https://openapiproext.bnf.fr/iiif/presentation/v3/ark:/12148/bd6t5678917/manifest.json'
For more information check: https://developer.mozilla.org/en-US/docs/Web/HTTP/Status/403",2026-07-17T21:05:02.558126
figaro1854,bd6t567892k,,failed,0,0,,http_manifest,known,403,manifest,"Client error '403 ' for url 'https://openapiproext.bnf.fr/iiif/presentation/v3/ark:/12148/bd6t567892k/manifest.json'
For more information check: https://developer.mozilla.org/en-US/docs/Web/HTTP/Status/403",2026-07-17T21:05:03.741049
figaro1854,bd6t567893x,,failed,0,0,,http_manifest,known,403,manifest,"Client error '403 ' for url 'https://openapiproext.bnf.fr/iiif/presentation/v3/ark:/12148/bd6t567893x/manifest.json'
For more information check: https://developer.mozilla.org/en-US/docs/Web/HTTP/Status/403",2026-07-17T21:05:04.852141
figaro1854,bd6t5678948,,failed,0,0,,http_manifest,known,403,manifest,"Client error '403 ' for url 'https://openapiproext.bnf.fr/iiif/presentation/v3/ark:/12148/bd6t5678948/manifest.json'
For more information check: https://developer.mozilla.org/en-US/docs/Web/HTTP/Status/403",2026-07-17T21:05:06.156517
figaro1854,bd6t567895m,,failed,0,0,,http_manifest,known,403,manifest,"Client error '403 ' for url 'https://openapiproext.bnf.fr/iiif/presentation/v3/ark:/12148/bd6t567895m/manifest.json'
For more information check: https://developer.mozilla.org/en-US/docs/Web/HTTP/Status/403",2026-07-17T21:05:07.255082
figaro1854,bd6t567896z,,failed,0,0,,http_manifest,known,403,manifest,"Client error '403 ' for url 'https://openapiproext.bnf.fr/iiif/presentation/v3/ark:/12148/bd6t567896z/manifest.json'
For more information check: https://developer.mozilla.org/en-US/docs/Web/HTTP/Status/403",2026-07-17T21:05:08.538639
figaro1854,bd6t5678979,,failed,0,0,,http_manifest,known,403,manifest,"Client error '403 ' for url 'https://openapiproext.bnf.fr/iiif/presentation/v3/ark:/12148/bd6t5678979/manifest.json'
For more information check: https://developer.mozilla.org/en-US/docs/Web/HTTP/Status/403",2026-07-17T21:05:09.731640
figaro1854,bd6t567898n,,failed,0,0,,http_manifest,known,403,manifest,"Client error '403 ' for url 'https://openapiproext.bnf.fr/iiif/presentation/v3/ark:/12148/bd6t567898n/manifest.json'
For more information check: https://developer.mozilla.org/en-US/docs/Web/HTTP/Status/403",2026-07-17T21:05:10.861466
figaro1854,bd6t5678990,,failed,0,0,,http_manifest,known,403,manifest,"Client error '403 ' for url 'https://openapiproext.bnf.fr/iiif/presentation/v3/ark:/12148/bd6t5678990/manifest.json'
For more information check: https://developer.mozilla.org/en-US/docs/Web/HTTP/Status/403",2026-07-17T21:05:12.178503
figaro1854,bd6t570499d,,failed,0,0,,http_manifest,known,403,manifest,"Client error '403 ' for url 'https://openapiproext.bnf.fr/iiif/presentation/v3/ark:/12148/bd6t570499d/manifest.json'
For more information check: https://developer.mozilla.org/en-US/docs/Web/HTTP/Status/403",2026-07-17T21:05:13.401098
figaro1854,bd6t570500s,,failed,0,0,,http_manifest,known,403,manifest,"Client error '403 ' for url 'https://openapiproext.bnf.fr/iiif/presentation/v3/ark:/12148/bd6t570500s/manifest.json'
For more information check: https://developer.mozilla.org/en-US/docs/Web/HTTP/Status/403",2026-07-17T21:05:14.472759
figaro1854,bd6t5705014,,failed,0,0,,http_manifest,known,403,manifest,"Client error '403 ' for url 'https://openapiproext.bnf.fr/iiif/presentation/v3/ark:/12148/bd6t5705014/manifest.json'
For more information check: https://developer.mozilla.org/en-US/docs/Web/HTTP/Status/403",2026-07-17T21:05:15.798856
figaro1854,bd6t570502g,,failed,0,0,,http_manifest,known,403,manifest,"Client error '403 ' for url 'https://openapiproext.bnf.fr/iiif/presentation/v3/ark:/12148/bd6t570502g/manifest.json'
For more information check: https://developer.mozilla.org/en-US/docs/Web/HTTP/Status/403",2026-07-17T21:05:16.946023
figaro1854,bd6t570503t,,failed,0,0,,http_manifest,known,403,manifest,"Client error '403 ' for url 'https://openapiproext.bnf.fr/iiif/presentation/v3/ark:/12148/bd6t570503t/manifest.json'
For more information check: https://developer.mozilla.org/en-US/docs/Web/HTTP/Status/403",2026-07-17T21:05:18.361325
figaro1854,bd6t5705045,,failed,0,0,,http_manifest,known,403,manifest,"Client error '403 ' for url 'https://openapiproext.bnf.fr/iiif/presentation/v3/ark:/12148/bd6t5705045/manifest.json'
For more information check: https://developer.mozilla.org/en-US/docs/Web/HTTP/Status/403",2026-07-17T21:05:19.278102
figaro1854,bd6t570505h,,failed,0,0,,http_manifest,known,403,manifest,"Client error '403 ' for url 'https://openapiproext.bnf.fr/iiif/presentation/v3/ark:/12148/bd6t570505h/manifest.json'
For more information check: https://developer.mozilla.org/en-US/docs/Web/HTTP/Status/403",2026-07-17T21:05:20.475664
figaro1854,bd6t570506v,,failed,0,0,,http_manifest,known,403,manifest,"Client error '403 ' for url 'https://openapiproext.bnf.fr/iiif/presentation/v3/ark:/12148/bd6t570506v/manifest.json'
For more information check: https://developer.mozilla.org/en-US/docs/Web/HTTP/Status/403",2026-07-17T21:05:21.674589
figaro1854,bd6t5705076,,failed,0,0,,http_manifest,known,403,manifest,"Client error '403 ' for url 'https://openapiproext.bnf.fr/iiif/presentation/v3/ark:/12148/bd6t5705076/manifest.json'
For more information check: https://developer.mozilla.org/en-US/docs/Web/HTTP/Status/403",2026-07-17T21:05:22.874251
figaro1854,bd6t570508j,,failed,0,0,,http_manifest,known,403,manifest,"Client error '403 ' for url 'https://openapiproext.bnf.fr/iiif/presentation/v3/ark:/12148/bd6t570508j/manifest.json'
For more information check: https://developer.mozilla.org/en-US/docs/Web/HTTP/Status/403",2026-07-17T21:05:24.077903
figaro1854,bd6t570509w,,failed,0,0,,http_manifest,known,403,manifest,"Client error '403 ' for url 'https://openapiproext.bnf.fr/iiif/presentation/v3/ark:/12148/bd6t570509w/manifest.json'
For more information check: https://developer.mozilla.org/en-US/docs/Web/HTTP/Status/403",2026-07-17T21:05:25.279729
figaro1854,bd6t5705103,,failed,0,0,,http_manifest,known,403,manifest,"Client error '403 ' for url 'https://openapiproext.bnf.fr/iiif/presentation/v3/ark:/12148/bd6t5705103/manifest.json'
For more information check: https://developer.mozilla.org/en-US/docs/Web/HTTP/Status/403",2026-07-17T21:05:26.480316
figaro1854,bd6t570511f,,failed,0,0,,http_manifest,known,403,manifest,"Client error '403 ' for url 'https://openapiproext.bnf.fr/iiif/presentation/v3/ark:/12148/bd6t570511f/manifest.json'
For more information check: https://developer.mozilla.org/en-US/docs/Web/HTTP/Status/403",2026-07-17T21:05:27.688655
figaro1854,bd6t570512s,,failed,0,0,,http_manifest,known,403,manifest,"Client error '403 ' for url 'https://openapiproext.bnf.fr/iiif/presentation/v3/ark:/12148/bd6t570512s/manifest.json'
For more information check: https://developer.mozilla.org/en-US/docs/Web/HTTP/Status/403",2026-07-17T21:05:28.886901
figaro1854,bd6t5705134,,failed,0,0,,http_manifest,known,403,manifest,"Client error '403 ' for url 'https://openapiproext.bnf.fr/iiif/presentation/v3/ark:/12148/bd6t5705134/manifest.json'
For more information check: https://developer.mozilla.org/en-US/docs/Web/HTTP/Status/403",2026-07-17T21:05:30.114959
figaro1854,bd6t570514g,,failed,0,0,,http_manifest,known,403,manifest,"Client error '403 ' for url 'https://openapiproext.bnf.fr/iiif/presentation/v3/ark:/12148/bd6t570514g/manifest.json'
For more information check: https://developer.mozilla.org/en-US/docs/Web/HTTP/Status/403",2026-07-17T21:05:31.289546
figaro1854,bd6t570515t,,failed,0,0,,http_manifest,known,403,manifest,"Client error '403 ' for url 'https://openapiproext.bnf.fr/iiif/presentation/v3/ark:/12148/bd6t570515t/manifest.json'
For more information check: https://developer.mozilla.org/en-US/docs/Web/HTTP/Status/403",2026-07-17T21:05:32.492401
figaro1854,bd6t5705165,,failed,0,0,,http_manifest,known,403,manifest,"Client error '403 ' for url 'https://openapiproext.bnf.fr/iiif/presentation/v3/ark:/12148/bd6t5705165/manifest.json'
For more information check: https://developer.mozilla.org/en-US/docs/Web/HTTP/Status/403",2026-07-17T21:05:33.693621
figaro1854,bd6t570517h,,failed,0,0,,http_manifest,known,403,manifest,"Client error '403 ' for url 'https://openapiproext.bnf.fr/iiif/presentation/v3/ark:/12148/bd6t570517h/manifest.json'
For more information check: https://developer.mozilla.org/en-US/docs/Web/HTTP/Status/403",2026-07-17T21:05:34.897062
figaro1854,bd6t570518v,,failed,0,0,,http_manifest,known,403,manifest,"Client error '403 ' for url 'https://openapiproext.bnf.fr/iiif/presentation/v3/ark:/12148/bd6t570518v/manifest.json'
For more information check: https://developer.mozilla.org/en-US/docs/Web/HTTP/Status/403",2026-07-17T21:05:36.105042
figaro1854,bd6t5705196,,failed,0,0,,http_manifest,known,403,manifest,"Client error '403 ' for url 'https://openapiproext.bnf.fr/iiif/presentation/v3/ark:/12148/bd6t5705196/manifest.json'
For more information check: https://developer.mozilla.org/en-US/docs/Web/HTTP/Status/403",2026-07-17T21:05:37.298936
figaro1854,bd6t570520d,,failed,0,0,,http_manifest,known,403,manifest,"Client error '403 ' for url 'https://openapiproext.bnf.fr/iiif/presentation/v3/ark:/12148/bd6t570520d/manifest.json'
For more information check: https://developer.mozilla.org/en-US/docs/Web/HTTP/Status/403",2026-07-17T21:05:38.499834
figaro1854,bd6t570521r,,failed,0,0,,http_manifest,known,403,manifest,"Client error '403 ' for url 'https://openapiproext.bnf.fr/iiif/presentation/v3/ark:/12148/bd6t570521r/manifest.json'
For more information check: https://developer.mozilla.org/en-US/docs/Web/HTTP/Status/403",2026-07-17T21:05:39.699978
figaro1854,bd6t5705223,,failed,0,0,,http_manifest,known,403,manifest,"Client error '403 ' for url 'https://openapiproext.bnf.fr/iiif/presentation/v3/ark:/12148/bd6t5705223/manifest.json'
For more information check: https://developer.mozilla.org/en-US/docs/Web/HTTP/Status/403",2026-07-17T21:05:40.904948
figaro1854,bd6t570523f,,failed,0,0,,http_manifest,known,403,manifest,"Client error '403 ' for url 'https://openapiproext.bnf.fr/iiif/presentation/v3/ark:/12148/bd6t570523f/manifest.json'
For more information check: https://developer.mozilla.org/en-US/docs/Web/HTTP/Status/403",2026-07-17T21:05:42.128708
figaro1854,bd6t570524s,,failed,0,0,,http_manifest,known,403,manifest,"Client error '403 ' for url 'https://openapiproext.bnf.fr/iiif/presentation/v3/ark:/12148/bd6t570524s/manifest.json'
For more information check: https://developer.mozilla.org/en-US/docs/Web/HTTP/Status/403",2026-07-17T21:05:43.310450
figaro1854,bd6t5705254,,failed,0,0,,http_manifest,known,403,manifest,"Client error '403 ' for url 'https://openapiproext.bnf.fr/iiif/presentation/v3/ark:/12148/bd6t5705254/manifest.json'
For more information check: https://developer.mozilla.org/en-US/docs/Web/HTTP/Status/403",2026-07-17T21:05:44.509949
figaro1854,bd6t570526g,,failed,0,0,,http_manifest,known,403,manifest,"Client error '403 ' for url 'https://openapiproext.bnf.fr/iiif/presentation/v3/ark:/12148/bd6t570526g/manifest.json'
For more information check: https://developer.mozilla.org/en-US/docs/Web/HTTP/Status/403",2026-07-17T21:05:45.714305
figaro1854,bd6t570527t,,failed,0,0,,http_manifest,known,403,manifest,"Client error '403 ' for url 'https://openapiproext.bnf.fr/iiif/presentation/v3/ark:/12148/bd6t570527t/manifest.json'
For more information check: https://developer.mozilla.org/en-US/docs/Web/HTTP/Status/403",2026-07-17T21:05:46.917302
figaro1854,bd6t5705285,,failed,0,0,,http_manifest,known,403,manifest,"Client error '403 ' for url 'https://openapiproext.bnf.fr/iiif/presentation/v3/ark:/12148/bd6t5705285/manifest.json'
For more information check: https://developer.mozilla.org/en-US/docs/Web/HTTP/Status/403",2026-07-17T21:05:48.141107
figaro1854,bd6t570529h,,failed,0,0,,http_manifest,known,403,manifest,"Client error '403 ' for url 'https://openapiproext.bnf.fr/iiif/presentation/v3/ark:/12148/bd6t570529h/manifest.json'
For more information check: https://developer.mozilla.org/en-US/docs/Web/HTTP/Status/403",2026-07-17T21:05:49.317144
figaro1854,bd6t570530q,,failed,0,0,,http_manifest,known,403,manifest,"Client error '403 ' for url 'https://openapiproext.bnf.fr/iiif/presentation/v3/ark:/12148/bd6t570530q/manifest.json'
For more information check: https://developer.mozilla.org/en-US/docs/Web/HTTP/Status/403",2026-07-17T21:05:50.521133
figaro1854,bd6t5705312,,failed,0,0,,http_manifest,known,403,manifest,"Client error '403 ' for url 'https://openapiproext.bnf.fr/iiif/presentation/v3/ark:/12148/bd6t5705312/manifest.json'
For more information check: https://developer.mozilla.org/en-US/docs/Web/HTTP/Status/403",2026-07-17T21:05:51.728296
figaro1854,bd6t570532d,,failed,0,0,,http_manifest,known,403,manifest,"Client error '403 ' for url 'https://openapiproext.bnf.fr/iiif/presentation/v3/ark:/12148/bd6t570532d/manifest.json'
For more information check: https://developer.mozilla.org/en-US/docs/Web/HTTP/Status/403",2026-07-17T21:05:52.924584
figaro1854,bd6t570533r,,failed,0,0,,http_manifest,known,403,manifest,"Client error '403 ' for url 'https://openapiproext.bnf.fr/iiif/presentation/v3/ark:/12148/bd6t570533r/manifest.json'
For more information check: https://developer.mozilla.org/en-US/docs/Web/HTTP/Status/403",2026-07-17T21:05:54.126487
figaro1854,bd6t5705343,,failed,0,0,,http_manifest,known,403,manifest,"Client error '403 ' for url 'https://openapiproext.bnf.fr/iiif/presentation/v3/ark:/12148/bd6t5705343/manifest.json'
For more information check: https://developer.mozilla.org/en-US/docs/Web/HTTP/Status/403",2026-07-17T21:05:55.330105
figaro1854,bd6t570535f,,failed,0,0,,http_manifest,known,403,manifest,"Client error '403 ' for url 'https://openapiproext.bnf.fr/iiif/presentation/v3/ark:/12148/bd6t570535f/manifest.json'
For more information check: https://developer.mozilla.org/en-US/docs/Web/HTTP/Status/403",2026-07-17T21:05:56.529372
figaro1854,bd6t570536s,,failed,0,0,,http_manifest,known,403,manifest,"Client error '403 ' for url 'https://openapiproext.bnf.fr/iiif/presentation/v3/ark:/12148/bd6t570536s/manifest.json'
For more information check: https://developer.mozilla.org/en-US/docs/Web/HTTP/Status/403",2026-07-17T21:05:57.730882
figaro1854,bd6t5705374,,failed,0,0,,http_manifest,known,403,manifest,"Client error '403 ' for url 'https://openapiproext.bnf.fr/iiif/presentation/v3/ark:/12148/bd6t5705374/manifest.json'
For more information check: https://developer.mozilla.org/en-US/docs/Web/HTTP/Status/403",2026-07-17T21:05:59.041852
figaro1854,bd6t570538g,,failed,0,0,,http_manifest,known,403,manifest,"Client error '403 ' for url 'https://openapiproext.bnf.fr/iiif/presentation/v3/ark:/12148/bd6t570538g/manifest.json'
For more information check: https://developer.mozilla.org/en-US/docs/Web/HTTP/Status/403",2026-07-17T21:06:00.802922
figaro1854,bd6t570539t,,failed,0,0,,http_manifest,known,403,manifest,"Client error '403 ' for url 'https://openapiproext.bnf.fr/iiif/presentation/v3/ark:/12148/bd6t570539t/manifest.json'
For more information check: https://developer.mozilla.org/en-US/docs/Web/HTTP/Status/403",2026-07-17T21:06:01.408626
figaro1854,bd6t5705401,,failed,0,0,,http_manifest,known,403,manifest,"Client error '403 ' for url 'https://openapiproext.bnf.fr/iiif/presentation/v3/ark:/12148/bd6t5705401/manifest.json'
For more information check: https://developer.mozilla.org/en-US/docs/Web/HTTP/Status/403",2026-07-17T21:06:02.534375
figaro1854,bd6t570541c,,failed,0,0,,http_manifest,known,403,manifest,"Client error '403 ' for url 'https://openapiproext.bnf.fr/iiif/presentation/v3/ark:/12148/bd6t570541c/manifest.json'
For more information check: https://developer.mozilla.org/en-US/docs/Web/HTTP/Status/403",2026-07-17T21:06:03.810560
figaro1854,bd6t570542q,,failed,0,0,,http_manifest,known,403,manifest,"Client error '403 ' for url 'https://openapiproext.bnf.fr/iiif/presentation/v3/ark:/12148/bd6t570542q/manifest.json'
For more information check: https://developer.mozilla.org/en-US/docs/Web/HTTP/Status/403",2026-07-17T21:06:05.050423
figaro1854,bd6t5705432,,failed,0,0,,http_manifest,known,403,manifest,"Client error '403 ' for url 'https://openapiproext.bnf.fr/iiif/presentation/v3/ark:/12148/bd6t5705432/manifest.json'
For more information check: https://developer.mozilla.org/en-US/docs/Web/HTTP/Status/403",2026-07-17T21:06:06.301977
figaro1854,bd6t570544d,,failed,0,0,,http_manifest,known,403,manifest,"Client error '403 ' for url 'https://openapiproext.bnf.fr/iiif/presentation/v3/ark:/12148/bd6t570544d/manifest.json'
For more information check: https://developer.mozilla.org/en-US/docs/Web/HTTP/Status/403",2026-07-17T21:06:07.340590
figaro1854,bd6t570545r,,failed,0,0,,http_manifest,known,403,manifest,"Client error '403 ' for url 'https://openapiproext.bnf.fr/iiif/presentation/v3/ark:/12148/bd6t570545r/manifest.json'
For more information check: https://developer.mozilla.org/en-US/docs/Web/HTTP/Status/403",2026-07-17T21:06:08.544205
figaro1854,bd6t5705463,,failed,0,0,,http_manifest,known,403,manifest,"Client error '403 ' for url 'https://openapiproext.bnf.fr/iiif/presentation/v3/ark:/12148/bd6t5705463/manifest.json'
For more information check: https://developer.mozilla.org/en-US/docs/Web/HTTP/Status/403",2026-07-17T21:06:09.849202
figaro1854,bd6t570547f,,failed,0,0,,http_manifest,known,403,manifest,"Client error '403 ' for url 'https://openapiproext.bnf.fr/iiif/presentation/v3/ark:/12148/bd6t570547f/manifest.json'
For more information check: https://developer.mozilla.org/en-US/docs/Web/HTTP/Status/403",2026-07-17T21:06:11.039601
figaro1854,bd6t570548s,,failed,0,0,,http_manifest,known,403,manifest,"Client error '403 ' for url 'https://openapiproext.bnf.fr/iiif/presentation/v3/ark:/12148/bd6t570548s/manifest.json'
For more information check: https://developer.mozilla.org/en-US/docs/Web/HTTP/Status/403",2026-07-17T21:06:12.169828
figaro1854,bd6t5705494,,failed,0,0,,http_manifest,known,403,manifest,"Client error '403 ' for url 'https://openapiproext.bnf.fr/iiif/presentation/v3/ark:/12148/bd6t5705494/manifest.json'
For more information check: https://developer.mozilla.org/en-US/docs/Web/HTTP/Status/403",2026-07-17T21:06:13.371849
figaro1854,bd6t5706033,,failed,0,0,,http_manifest,known,403,manifest,"Client error '403 ' for url 'https://openapiproext.bnf.fr/iiif/presentation/v3/ark:/12148/bd6t5706033/manifest.json'
For more information check: https://developer.mozilla.org/en-US/docs/Web/HTTP/Status/403",2026-07-17T21:06:14.619511
figaro1854,bd6t570604f,,failed,0,0,,http_manifest,known,403,manifest,"Client error '403 ' for url 'https://openapiproext.bnf.fr/iiif/presentation/v3/ark:/12148/bd6t570604f/manifest.json'
For more information check: https://developer.mozilla.org/en-US/docs/Web/HTTP/Status/403",2026-07-17T21:06:15.753026
figaro1854,bd6t570605s,,failed,0,0,,http_manifest,known,403,manifest,"Client error '403 ' for url 'https://openapiproext.bnf.fr/iiif/presentation/v3/ark:/12148/bd6t570605s/manifest.json'
For more information check: https://developer.mozilla.org/en-US/docs/Web/HTTP/Status/403",2026-07-17T21:06:16.950083
figaro1854,bd6t5706064,,failed,0,0,,http_manifest,known,403,manifest,"Client error '403 ' for url 'https://openapiproext.bnf.fr/iiif/presentation/v3/ark:/12148/bd6t5706064/manifest.json'
For more information check: https://developer.mozilla.org/en-US/docs/Web/HTTP/Status/403",2026-07-17T21:06:18.246128
figaro1854,bd6t570607g,,failed,0,0,,http_manifest,known,403,manifest,"Client error '403 ' for url 'https://openapiproext.bnf.fr/iiif/presentation/v3/ark:/12148/bd6t570607g/manifest.json'
For more information check: https://developer.mozilla.org/en-US/docs/Web/HTTP/Status/403",2026-07-17T21:06:19.471554
figaro1854,bd6t570608t,,failed,0,0,,http_manifest,known,403,manifest,"Client error '403 ' for url 'https://openapiproext.bnf.fr/iiif/presentation/v3/ark:/12148/bd6t570608t/manifest.json'
For more information check: https://developer.mozilla.org/en-US/docs/Web/HTTP/Status/403",2026-07-17T21:06:20.566265
figaro1854,bd6t5706095,,failed,0,0,,http_manifest,known,403,manifest,"Client error '403 ' for url 'https://openapiproext.bnf.fr/iiif/presentation/v3/ark:/12148/bd6t5706095/manifest.json'
For more information check: https://developer.mozilla.org/en-US/docs/Web/HTTP/Status/403",2026-07-17T21:06:21.759652
figaro1854,bd6t570610c,,failed,0,0,,http_manifest,known,403,manifest,"Client error '403 ' for url 'https://openapiproext.bnf.fr/iiif/presentation/v3/ark:/12148/bd6t570610c/manifest.json'
For more information check: https://developer.mozilla.org/en-US/docs/Web/HTTP/Status/403",2026-07-17T21:06:22.956653
figaro1854,bd6t570611q,,failed,0,0,,http_manifest,known,403,manifest,"Client error '403 ' for url 'https://openapiproext.bnf.fr/iiif/presentation/v3/ark:/12148/bd6t570611q/manifest.json'
For more information check: https://developer.mozilla.org/en-US/docs/Web/HTTP/Status/403",2026-07-17T21:06:24.185014
figaro1854,bd6t5706122,,failed,0,0,,http_manifest,known,403,manifest,"Client error '403 ' for url 'https://openapiproext.bnf.fr/iiif/presentation/v3/ark:/12148/bd6t5706122/manifest.json'
For more information check: https://developer.mozilla.org/en-US/docs/Web/HTTP/Status/403",2026-07-17T21:06:25.362444
figaro1854,bd6t570613d,,failed,0,0,,http_manifest,known,403,manifest,"Client error '403 ' for url 'https://openapiproext.bnf.fr/iiif/presentation/v3/ark:/12148/bd6t570613d/manifest.json'
For more information check: https://developer.mozilla.org/en-US/docs/Web/HTTP/Status/403",2026-07-17T21:06:26.561614
figaro1854,bd6t570614r,,failed,0,0,,http_manifest,known,403,manifest,"Client error '403 ' for url 'https://openapiproext.bnf.fr/iiif/presentation/v3/ark:/12148/bd6t570614r/manifest.json'
For more information check: https://developer.mozilla.org/en-US/docs/Web/HTTP/Status/403",2026-07-17T21:06:27.765079
figaro1854,bd6t5706153,,failed,0,0,,http_manifest,known,403,manifest,"Client error '403 ' for url 'https://openapiproext.bnf.fr/iiif/presentation/v3/ark:/12148/bd6t5706153/manifest.json'
For more information check: https://developer.mozilla.org/en-US/docs/Web/HTTP/Status/403",2026-07-17T21:06:28.965649
figaro1854,bd6t570616f,,failed,0,0,,http_manifest,known,403,manifest,"Client error '403 ' for url 'https://openapiproext.bnf.fr/iiif/presentation/v3/ark:/12148/bd6t570616f/manifest.json'
For more information check: https://developer.mozilla.org/en-US/docs/Web/HTTP/Status/403",2026-07-17T21:06:30.168346
figaro1854,bd6t570617s,,failed,0,0,,http_manifest,known,403,manifest,"Client error '403 ' for url 'https://openapiproext.bnf.fr/iiif/presentation/v3/ark:/12148/bd6t570617s/manifest.json'
For more information check: https://developer.mozilla.org/en-US/docs/Web/HTTP/Status/403",2026-07-17T21:06:31.372945
figaro1854,bd6t5706184,,failed,0,0,,http_manifest,known,403,manifest,"Client error '403 ' for url 'https://openapiproext.bnf.fr/iiif/presentation/v3/ark:/12148/bd6t5706184/manifest.json'
For more information check: https://developer.mozilla.org/en-US/docs/Web/HTTP/Status/403",2026-07-17T21:06:32.568637
figaro1854,bd6t570619g,,failed,0,0,,http_manifest,known,403,manifest,"Client error '403 ' for url 'https://openapiproext.bnf.fr/iiif/presentation/v3/ark:/12148/bd6t570619g/manifest.json'
For more information check: https://developer.mozilla.org/en-US/docs/Web/HTTP/Status/403",2026-07-17T21:06:33.773583
figaro1854,bd6t570620p,,failed,0,0,,http_manifest,known,403,manifest,"Client error '403 ' for url 'https://openapiproext.bnf.fr/iiif/presentation/v3/ark:/12148/bd6t570620p/manifest.json'
For more information check: https://developer.mozilla.org/en-US/docs/Web/HTTP/Status/403",2026-07-17T21:06:34.973653
figaro1854,bd6t5706211,,failed,0,0,,http_manifest,known,403,manifest,"Client error '403 ' for url 'https://openapiproext.bnf.fr/iiif/presentation/v3/ark:/12148/bd6t5706211/manifest.json'
For more information check: https://developer.mozilla.org/en-US/docs/Web/HTTP/Status/403",2026-07-17T21:06:36.203219
figaro1854,bd6t570622c,,failed,0,0,,http_manifest,known,403,manifest,"Client error '403 ' for url 'https://openapiproext.bnf.fr/iiif/presentation/v3/ark:/12148/bd6t570622c/manifest.json'
For more information check: https://developer.mozilla.org/en-US/docs/Web/HTTP/Status/403",2026-07-17T21:06:37.377585
figaro1854,bd6t570623q,,failed,0,0,,http_manifest,known,403,manifest,"Client error '403 ' for url 'https://openapiproext.bnf.fr/iiif/presentation/v3/ark:/12148/bd6t570623q/manifest.json'
For more information check: https://developer.mozilla.org/en-US/docs/Web/HTTP/Status/403",2026-07-17T21:06:38.579080
figaro1854,bd6t5706242,,failed,0,0,,http_manifest,known,403,manifest,"Client error '403 ' for url 'https://openapiproext.bnf.fr/iiif/presentation/v3/ark:/12148/bd6t5706242/manifest.json'
For more information check: https://developer.mozilla.org/en-US/docs/Web/HTTP/Status/403",2026-07-17T21:06:39.787752
figaro1854,bd6t570625d,,failed,0,0,,http_manifest,known,403,manifest,"Client error '403 ' for url 'https://openapiproext.bnf.fr/iiif/presentation/v3/ark:/12148/bd6t570625d/manifest.json'
For more information check: https://developer.mozilla.org/en-US/docs/Web/HTTP/Status/403",2026-07-17T21:06:40.983318
figaro1854,bd6t570626r,,failed,0,0,,http_manifest,known,403,manifest,"Client error '403 ' for url 'https://openapiproext.bnf.fr/iiif/presentation/v3/ark:/12148/bd6t570626r/manifest.json'
For more information check: https://developer.mozilla.org/en-US/docs/Web/HTTP/Status/403",2026-07-17T21:06:42.207822
figaro1854,bd6t5706273,,failed,0,0,,http_manifest,known,403,manifest,"Client error '403 ' for url 'https://openapiproext.bnf.fr/iiif/presentation/v3/ark:/12148/bd6t5706273/manifest.json'
For more information check: https://developer.mozilla.org/en-US/docs/Web/HTTP/Status/403",2026-07-17T21:06:43.384585
figaro1854,bd6t570628f,,failed,0,0,,http_manifest,known,403,manifest,"Client error '403 ' for url 'https://openapiproext.bnf.fr/iiif/presentation/v3/ark:/12148/bd6t570628f/manifest.json'
For more information check: https://developer.mozilla.org/en-US/docs/Web/HTTP/Status/403",2026-07-17T21:06:44.591163
figaro1854,bd6t570629s,,failed,0,0,,http_manifest,known,403,manifest,"Client error '403 ' for url 'https://openapiproext.bnf.fr/iiif/presentation/v3/ark:/12148/bd6t570629s/manifest.json'
For more information check: https://developer.mozilla.org/en-US/docs/Web/HTTP/Status/403",2026-07-17T21:06:45.783636
figaro1854,bd6t5706300,,failed,0,0,,http_manifest,known,403,manifest,"Client error '403 ' for url 'https://openapiproext.bnf.fr/iiif/presentation/v3/ark:/12148/bd6t5706300/manifest.json'
For more information check: https://developer.mozilla.org/en-US/docs/Web/HTTP/Status/403",2026-07-17T21:06:46.987195
figaro1854,bd6t570631b,,failed,0,0,,http_manifest,known,403,manifest,"Client error '403 ' for url 'https://openapiproext.bnf.fr/iiif/presentation/v3/ark:/12148/bd6t570631b/manifest.json'
For more information check: https://developer.mozilla.org/en-US/docs/Web/HTTP/Status/403",2026-07-17T21:06:48.191127
figaro1854,bd6t570632p,,failed,0,0,,http_manifest,known,403,manifest,"Client error '403 ' for url 'https://openapiproext.bnf.fr/iiif/presentation/v3/ark:/12148/bd6t570632p/manifest.json'
For more information check: https://developer.mozilla.org/en-US/docs/Web/HTTP/Status/403",2026-07-17T21:06:49.390580
figaro1854,bd6t5706331,,failed,0,0,,http_manifest,known,403,manifest,"Client error '403 ' for url 'https://openapiproext.bnf.fr/iiif/presentation/v3/ark:/12148/bd6t5706331/manifest.json'
For more information check: https://developer.mozilla.org/en-US/docs/Web/HTTP/Status/403",2026-07-17T21:06:50.591827
figaro1854,bd6t570634c,,failed,0,0,,http_manifest,known,403,manifest,"Client error '403 ' for url 'https://openapiproext.bnf.fr/iiif/presentation/v3/ark:/12148/bd6t570634c/manifest.json'
For more information check: https://developer.mozilla.org/en-US/docs/Web/HTTP/Status/403",2026-07-17T21:06:51.792946
figaro1854,bd6t570635q,,failed,0,0,,http_manifest,known,403,manifest,"Client error '403 ' for url 'https://openapiproext.bnf.fr/iiif/presentation/v3/ark:/12148/bd6t570635q/manifest.json'
For more information check: https://developer.mozilla.org/en-US/docs/Web/HTTP/Status/403",2026-07-17T21:06:52.994425
figaro1854,bd6t5706362,,failed,0,0,,http_manifest,known,403,manifest,"Client error '403 ' for url 'https://openapiproext.bnf.fr/iiif/presentation/v3/ark:/12148/bd6t5706362/manifest.json'
For more information check: https://developer.mozilla.org/en-US/docs/Web/HTTP/Status/403",2026-07-17T21:06:54.220161
figaro1854,bd6t570637d,,failed,0,0,,http_manifest,known,403,manifest,"Client error '403 ' for url 'https://openapiproext.bnf.fr/iiif/presentation/v3/ark:/12148/bd6t570637d/manifest.json'
For more information check: https://developer.mozilla.org/en-US/docs/Web/HTTP/Status/403",2026-07-17T21:06:55.402778
figaro1854,bd6t570638r,,failed,0,0,,http_manifest,known,403,manifest,"Client error '403 ' for url 'https://openapiproext.bnf.fr/iiif/presentation/v3/ark:/12148/bd6t570638r/manifest.json'
For more information check: https://developer.mozilla.org/en-US/docs/Web/HTTP/Status/403",2026-07-17T21:06:56.600144
figaro1854,bd6t5706393,,failed,0,0,,http_manifest,known,403,manifest,"Client error '403 ' for url 'https://openapiproext.bnf.fr/iiif/presentation/v3/ark:/12148/bd6t5706393/manifest.json'
For more information check: https://developer.mozilla.org/en-US/docs/Web/HTTP/Status/403",2026-07-17T21:06:57.907374
figaro1854,bd6t5706409,,failed,0,0,,http_manifest,known,403,manifest,"Client error '403 ' for url 'https://openapiproext.bnf.fr/iiif/presentation/v3/ark:/12148/bd6t5706409/manifest.json'
For more information check: https://developer.mozilla.org/en-US/docs/Web/HTTP/Status/403",2026-07-17T21:06:59.001736
figaro1854,bd6t570641n,,failed,0,0,,http_manifest,known,403,manifest,"Client error '403 ' for url 'https://openapiproext.bnf.fr/iiif/presentation/v3/ark:/12148/bd6t570641n/manifest.json'
For more information check: https://developer.mozilla.org/en-US/docs/Web/HTTP/Status/403",2026-07-17T21:07:00.232530
figaro1854,bd6t5706420,,failed,0,0,,http_manifest,known,403,manifest,"Client error '403 ' for url 'https://openapiproext.bnf.fr/iiif/presentation/v3/ark:/12148/bd6t5706420/manifest.json'
For more information check: https://developer.mozilla.org/en-US/docs/Web/HTTP/Status/403",2026-07-17T21:07:01.505772
figaro1854,bd6t570643b,,failed,0,0,,http_manifest,known,403,manifest,"Client error '403 ' for url 'https://openapiproext.bnf.fr/iiif/presentation/v3/ark:/12148/bd6t570643b/manifest.json'
For more information check: https://developer.mozilla.org/en-US/docs/Web/HTTP/Status/403",2026-07-17T21:07:02.689115
figaro1854,bd6t570644p,,failed,0,0,,http_manifest,known,403,manifest,"Client error '403 ' for url 'https://openapiproext.bnf.fr/iiif/presentation/v3/ark:/12148/bd6t570644p/manifest.json'
For more information check: https://developer.mozilla.org/en-US/docs/Web/HTTP/Status/403",2026-07-17T21:07:03.934278
figaro1854,bd6t5706451,,failed,0,0,,http_manifest,known,403,manifest,"Client error '403 ' for url 'https://openapiproext.bnf.fr/iiif/presentation/v3/ark:/12148/bd6t5706451/manifest.json'
For more information check: https://developer.mozilla.org/en-US/docs/Web/HTTP/Status/403",2026-07-17T21:07:05.152800
figaro1854,bd6t570646c,,failed,0,0,,http_manifest,known,403,manifest,"Client error '403 ' for url 'https://openapiproext.bnf.fr/iiif/presentation/v3/ark:/12148/bd6t570646c/manifest.json'
For more information check: https://developer.mozilla.org/en-US/docs/Web/HTTP/Status/403",2026-07-17T21:07:06.437213
figaro1854,bd6t570647q,,failed,0,0,,http_manifest,known,403,manifest,"Client error '403 ' for url 'https://openapiproext.bnf.fr/iiif/presentation/v3/ark:/12148/bd6t570647q/manifest.json'
For more information check: https://developer.mozilla.org/en-US/docs/Web/HTTP/Status/403",2026-07-17T21:07:07.412915
figaro1854,bd6t5706482,,failed,0,0,,http_manifest,known,403,manifest,"Client error '403 ' for url 'https://openapiproext.bnf.fr/iiif/presentation/v3/ark:/12148/bd6t5706482/manifest.json'
For more information check: https://developer.mozilla.org/en-US/docs/Web/HTTP/Status/403",2026-07-17T21:07:08.657982
figaro1854,bd6t570649d,,failed,0,0,,http_manifest,known,403,manifest,"Client error '403 ' for url 'https://openapiproext.bnf.fr/iiif/presentation/v3/ark:/12148/bd6t570649d/manifest.json'
For more information check: https://developer.mozilla.org/en-US/docs/Web/HTTP/Status/403",2026-07-17T21:07:09.824160
figaro1854,bd6t570650m,,failed,0,0,,http_manifest,known,403,manifest,"Client error '403 ' for url 'https://openapiproext.bnf.fr/iiif/presentation/v3/ark:/12148/bd6t570650m/manifest.json'
For more information check: https://developer.mozilla.org/en-US/docs/Web/HTTP/Status/403",2026-07-17T21:07:11.080708
figaro1854,bd6t570651z,,failed,0,0,,http_manifest,known,403,manifest,"Client error '403 ' for url 'https://openapiproext.bnf.fr/iiif/presentation/v3/ark:/12148/bd6t570651z/manifest.json'
For more information check: https://developer.mozilla.org/en-US/docs/Web/HTTP/Status/403",2026-07-17T21:07:12.246770
figaro1854,bd6t5706529,,failed,0,0,,http_manifest,known,403,manifest,"Client error '403 ' for url 'https://openapiproext.bnf.fr/iiif/presentation/v3/ark:/12148/bd6t5706529/manifest.json'
For more information check: https://developer.mozilla.org/en-US/docs/Web/HTTP/Status/403",2026-07-17T21:07:13.418454
figaro1854,bd6t570653n,,failed,0,0,,http_manifest,known,403,manifest,"Client error '403 ' for url 'https://openapiproext.bnf.fr/iiif/presentation/v3/ark:/12148/bd6t570653n/manifest.json'
For more information check: https://developer.mozilla.org/en-US/docs/Web/HTTP/Status/403",2026-07-17T21:07:14.854868
figaro1854,bd6t570395r,,failed,0,0,,http_manifest,known,403,manifest,"Client error '403 ' for url 'https://openapiproext.bnf.fr/iiif/presentation/v3/ark:/12148/bd6t570395r/manifest.json'
For more information check: https://developer.mozilla.org/en-US/docs/Web/HTTP/Status/403",2026-07-17T21:07:15.827351
figaro1854,bd6t5703963,,failed,0,0,,http_manifest,known,403,manifest,"Client error '403 ' for url 'https://openapiproext.bnf.fr/iiif/presentation/v3/ark:/12148/bd6t5703963/manifest.json'
For more information check: https://developer.mozilla.org/en-US/docs/Web/HTTP/Status/403",2026-07-17T21:07:17.022642
figaro1854,bd6t570397f,,failed,0,0,,http_manifest,known,403,manifest,"Client error '403 ' for url 'https://openapiproext.bnf.fr/iiif/presentation/v3/ark:/12148/bd6t570397f/manifest.json'
For more information check: https://developer.mozilla.org/en-US/docs/Web/HTTP/Status/403",2026-07-17T21:07:18.227292
figaro1854,bd6t570398s,,failed,0,0,,http_manifest,known,403,manifest,"Client error '403 ' for url 'https://openapiproext.bnf.fr/iiif/presentation/v3/ark:/12148/bd6t570398s/manifest.json'
For more information check: https://developer.mozilla.org/en-US/docs/Web/HTTP/Status/403",2026-07-17T21:07:19.426663
figaro1854,bd6t5703994,,failed,0,0,,http_manifest,known,403,manifest,"Client error '403 ' for url 'https://openapiproext.bnf.fr/iiif/presentation/v3/ark:/12148/bd6t5703994/manifest.json'
For more information check: https://developer.mozilla.org/en-US/docs/Web/HTTP/Status/403",2026-07-17T21:07:20.631466
figaro1854,bd6t570400h,,failed,0,0,,http_manifest,known,403,manifest,"Client error '403 ' for url 'https://openapiproext.bnf.fr/iiif/presentation/v3/ark:/12148/bd6t570400h/manifest.json'
For more information check: https://developer.mozilla.org/en-US/docs/Web/HTTP/Status/403",2026-07-17T21:07:21.830555
figaro1854,bd6t570401v,,failed,0,0,,http_manifest,known,403,manifest,"Client error '403 ' for url 'https://openapiproext.bnf.fr/iiif/presentation/v3/ark:/12148/bd6t570401v/manifest.json'
For more information check: https://developer.mozilla.org/en-US/docs/Web/HTTP/Status/403",2026-07-17T21:07:23.029961
figaro1854,bd6t5704026,,failed,0,0,,http_manifest,known,403,manifest,"Client error '403 ' for url 'https://openapiproext.bnf.fr/iiif/presentation/v3/ark:/12148/bd6t5704026/manifest.json'
For more information check: https://developer.mozilla.org/en-US/docs/Web/HTTP/Status/403",2026-07-17T21:07:24.259486
figaro1854,bd6t570403j,,failed,0,0,,http_manifest,known,403,manifest,"Client error '403 ' for url 'https://openapiproext.bnf.fr/iiif/presentation/v3/ark:/12148/bd6t570403j/manifest.json'
For more information check: https://developer.mozilla.org/en-US/docs/Web/HTTP/Status/403",2026-07-17T21:07:25.437067
figaro1854,bd6t570404w,,failed,0,0,,http_manifest,known,403,manifest,"Client error '403 ' for url 'https://openapiproext.bnf.fr/iiif/presentation/v3/ark:/12148/bd6t570404w/manifest.json'
For more information check: https://developer.mozilla.org/en-US/docs/Web/HTTP/Status/403",2026-07-17T21:07:26.642149
figaro1854,bd6t5704057,,failed,0,0,,http_manifest,known,403,manifest,"Client error '403 ' for url 'https://openapiproext.bnf.fr/iiif/presentation/v3/ark:/12148/bd6t5704057/manifest.json'
For more information check: https://developer.mozilla.org/en-US/docs/Web/HTTP/Status/403",2026-07-17T21:07:27.842376
figaro1854,bd6t570406k,,failed,0,0,,http_manifest,known,403,manifest,"Client error '403 ' for url 'https://openapiproext.bnf.fr/iiif/presentation/v3/ark:/12148/bd6t570406k/manifest.json'
For more information check: https://developer.mozilla.org/en-US/docs/Web/HTTP/Status/403",2026-07-17T21:07:29.041549
figaro1854,bd6t570407x,,failed,0,0,,http_manifest,known,403,manifest,"Client error '403 ' for url 'https://openapiproext.bnf.fr/iiif/presentation/v3/ark:/12148/bd6t570407x/manifest.json'
For more information check: https://developer.mozilla.org/en-US/docs/Web/HTTP/Status/403",2026-07-17T21:07:30.242177
figaro1854,bd6t5704088,,failed,0,0,,http_manifest,known,403,manifest,"Client error '403 ' for url 'https://openapiproext.bnf.fr/iiif/presentation/v3/ark:/12148/bd6t5704088/manifest.json'
For more information check: https://developer.mozilla.org/en-US/docs/Web/HTTP/Status/403",2026-07-17T21:07:31.445284
figaro1854,bd6t570409m,,failed,0,0,,http_manifest,known,403,manifest,"Client error '403 ' for url 'https://openapiproext.bnf.fr/iiif/presentation/v3/ark:/12148/bd6t570409m/manifest.json'
For more information check: https://developer.mozilla.org/en-US/docs/Web/HTTP/Status/403",2026-07-17T21:07:32.643848
figaro1854,bd6t570410t,,failed,0,0,,http_manifest,known,403,manifest,"Client error '403 ' for url 'https://openapiproext.bnf.fr/iiif/presentation/v3/ark:/12148/bd6t570410t/manifest.json'
For more information check: https://developer.mozilla.org/en-US/docs/Web/HTTP/Status/403",2026-07-17T21:07:33.850699
figaro1854,bd6t5704115,,failed,0,0,,http_manifest,known,403,manifest,"Client error '403 ' for url 'https://openapiproext.bnf.fr/iiif/presentation/v3/ark:/12148/bd6t5704115/manifest.json'
For more information check: https://developer.mozilla.org/en-US/docs/Web/HTTP/Status/403",2026-07-17T21:07:35.047656
figaro1854,bd6t570412h,,failed,0,0,,http_manifest,known,403,manifest,"Client error '403 ' for url 'https://openapiproext.bnf.fr/iiif/presentation/v3/ark:/12148/bd6t570412h/manifest.json'
For more information check: https://developer.mozilla.org/en-US/docs/Web/HTTP/Status/403",2026-07-17T21:07:36.270768
figaro1854,bd6t570413v,,failed,0,0,,http_manifest,known,403,manifest,"Client error '403 ' for url 'https://openapiproext.bnf.fr/iiif/presentation/v3/ark:/12148/bd6t570413v/manifest.json'
For more information check: https://developer.mozilla.org/en-US/docs/Web/HTTP/Status/403",2026-07-17T21:07:37.450647
figaro1854,bd6t5704146,,failed,0,0,,http_manifest,known,403,manifest,"Client error '403 ' for url 'https://openapiproext.bnf.fr/iiif/presentation/v3/ark:/12148/bd6t5704146/manifest.json'
For more information check: https://developer.mozilla.org/en-US/docs/Web/HTTP/Status/403",2026-07-17T21:07:38.656803
figaro1854,bd6t570415j,,failed,0,0,,http_manifest,known,403,manifest,"Client error '403 ' for url 'https://openapiproext.bnf.fr/iiif/presentation/v3/ark:/12148/bd6t570415j/manifest.json'
For more information check: https://developer.mozilla.org/en-US/docs/Web/HTTP/Status/403",2026-07-17T21:07:39.857652
figaro1854,bd6t570416w,,failed,0,0,,http_manifest,known,403,manifest,"Client error '403 ' for url 'https://openapiproext.bnf.fr/iiif/presentation/v3/ark:/12148/bd6t570416w/manifest.json'
For more information check: https://developer.mozilla.org/en-US/docs/Web/HTTP/Status/403",2026-07-17T21:07:41.080572
figaro1854,bd6t5704177,,failed,0,0,,http_manifest,known,403,manifest,"Client error '403 ' for url 'https://openapiproext.bnf.fr/iiif/presentation/v3/ark:/12148/bd6t5704177/manifest.json'
For more information check: https://developer.mozilla.org/en-US/docs/Web/HTTP/Status/403",2026-07-17T21:07:42.291188
figaro1854,bd6t570418k,,failed,0,0,,http_manifest,known,403,manifest,"Client error '403 ' for url 'https://openapiproext.bnf.fr/iiif/presentation/v3/ark:/12148/bd6t570418k/manifest.json'
For more information check: https://developer.mozilla.org/en-US/docs/Web/HTTP/Status/403",2026-07-17T21:07:43.462034
figaro1854,bd6t570419x,,failed,0,0,,http_manifest,known,403,manifest,"Client error '403 ' for url 'https://openapiproext.bnf.fr/iiif/presentation/v3/ark:/12148/bd6t570419x/manifest.json'
For more information check: https://developer.mozilla.org/en-US/docs/Web/HTTP/Status/403",2026-07-17T21:07:44.661073
figaro1854,bd6t5704204,,failed,0,0,,http_manifest,known,403,manifest,"Client error '403 ' for url 'https://openapiproext.bnf.fr/iiif/presentation/v3/ark:/12148/bd6t5704204/manifest.json'
For more information check: https://developer.mozilla.org/en-US/docs/Web/HTTP/Status/403",2026-07-17T21:07:45.860711
figaro1854,bd6t570421g,,failed,0,0,,http_manifest,known,403,manifest,"Client error '403 ' for url 'https://openapiproext.bnf.fr/iiif/presentation/v3/ark:/12148/bd6t570421g/manifest.json'
For more information check: https://developer.mozilla.org/en-US/docs/Web/HTTP/Status/403",2026-07-17T21:07:47.083015
figaro1854,bd6t570422t,,failed,0,0,,http_manifest,known,403,manifest,"Client error '403 ' for url 'https://openapiproext.bnf.fr/iiif/presentation/v3/ark:/12148/bd6t570422t/manifest.json'
For more information check: https://developer.mozilla.org/en-US/docs/Web/HTTP/Status/403",2026-07-17T21:07:48.264668
figaro1854,bd6t5704235,,failed,0,0,,http_manifest,known,403,manifest,"Client error '403 ' for url 'https://openapiproext.bnf.fr/iiif/presentation/v3/ark:/12148/bd6t5704235/manifest.json'
For more information check: https://developer.mozilla.org/en-US/docs/Web/HTTP/Status/403",2026-07-17T21:07:49.472953
figaro1854,bd6t570424h,,failed,0,0,,http_manifest,known,403,manifest,"Client error '403 ' for url 'https://openapiproext.bnf.fr/iiif/presentation/v3/ark:/12148/bd6t570424h/manifest.json'
For more information check: https://developer.mozilla.org/en-US/docs/Web/HTTP/Status/403",2026-07-17T21:07:50.669574
figaro1854,bd6t570425v,,failed,0,0,,http_manifest,known,403,manifest,"Client error '403 ' for url 'https://openapiproext.bnf.fr/iiif/presentation/v3/ark:/12148/bd6t570425v/manifest.json'
For more information check: https://developer.mozilla.org/en-US/docs/Web/HTTP/Status/403",2026-07-17T21:07:51.865795
figaro1854,bd6t5704266,,failed,0,0,,http_manifest,known,403,manifest,"Client error '403 ' for url 'https://openapiproext.bnf.fr/iiif/presentation/v3/ark:/12148/bd6t5704266/manifest.json'
For more information check: https://developer.mozilla.org/en-US/docs/Web/HTTP/Status/403",2026-07-17T21:07:53.078501
figaro1854,bd6t570427j,,failed,0,0,,http_manifest,known,403,manifest,"Client error '403 ' for url 'https://openapiproext.bnf.fr/iiif/presentation/v3/ark:/12148/bd6t570427j/manifest.json'
For more information check: https://developer.mozilla.org/en-US/docs/Web/HTTP/Status/403",2026-07-17T21:07:54.273127
figaro1854,bd6t570428w,,failed,0,0,,http_manifest,known,403,manifest,"Client error '403 ' for url 'https://openapiproext.bnf.fr/iiif/presentation/v3/ark:/12148/bd6t570428w/manifest.json'
For more information check: https://developer.mozilla.org/en-US/docs/Web/HTTP/Status/403",2026-07-17T21:07:55.477825
figaro1854,bd6t5704297,,failed,0,0,,http_manifest,known,403,manifest,"Client error '403 ' for url 'https://openapiproext.bnf.fr/iiif/presentation/v3/ark:/12148/bd6t5704297/manifest.json'
For more information check: https://developer.mozilla.org/en-US/docs/Web/HTTP/Status/403",2026-07-17T21:07:56.681423
figaro1854,bd6t570430f,,failed,0,0,,http_manifest,known,403,manifest,"Client error '403 ' for url 'https://openapiproext.bnf.fr/iiif/presentation/v3/ark:/12148/bd6t570430f/manifest.json'
For more information check: https://developer.mozilla.org/en-US/docs/Web/HTTP/Status/403",2026-07-17T21:07:57.879093
figaro1854,bd6t570431s,,failed,0,0,,http_manifest,known,403,manifest,"Client error '403 ' for url 'https://openapiproext.bnf.fr/iiif/presentation/v3/ark:/12148/bd6t570431s/manifest.json'
For more information check: https://developer.mozilla.org/en-US/docs/Web/HTTP/Status/403",2026-07-17T21:07:59.267732
figaro1854,bd6t5704324,,failed,0,0,,http_manifest,known,403,manifest,"Client error '403 ' for url 'https://openapiproext.bnf.fr/iiif/presentation/v3/ark:/12148/bd6t5704324/manifest.json'
For more information check: https://developer.mozilla.org/en-US/docs/Web/HTTP/Status/403",2026-07-17T21:08:00.501569
figaro1854,bd6t570433g,,failed,0,0,,http_manifest,known,403,manifest,"Client error '403 ' for url 'https://openapiproext.bnf.fr/iiif/presentation/v3/ark:/12148/bd6t570433g/manifest.json'
For more information check: https://developer.mozilla.org/en-US/docs/Web/HTTP/Status/403",2026-07-17T21:08:01.478629
figaro1854,bd6t570434t,,failed,0,0,,http_manifest,known,403,manifest,"Client error '403 ' for url 'https://openapiproext.bnf.fr/iiif/presentation/v3/ark:/12148/bd6t570434t/manifest.json'
For more information check: https://developer.mozilla.org/en-US/docs/Web/HTTP/Status/403",2026-07-17T21:08:02.715712
figaro1854,bd6t5704355,,failed,0,0,,http_manifest,known,403,manifest,"Client error '403 ' for url 'https://openapiproext.bnf.fr/iiif/presentation/v3/ark:/12148/bd6t5704355/manifest.json'
For more information check: https://developer.mozilla.org/en-US/docs/Web/HTTP/Status/403",2026-07-17T21:08:04.048832
figaro1854,bd6t570436h,,failed,0,0,,http_manifest,known,403,manifest,"Client error '403 ' for url 'https://openapiproext.bnf.fr/iiif/presentation/v3/ark:/12148/bd6t570436h/manifest.json'
For more information check: https://developer.mozilla.org/en-US/docs/Web/HTTP/Status/403",2026-07-17T21:08:05.255304
figaro1854,bd6t570437v,,failed,0,0,,http_manifest,known,403,manifest,"Client error '403 ' for url 'https://openapiproext.bnf.fr/iiif/presentation/v3/ark:/12148/bd6t570437v/manifest.json'
For more information check: https://developer.mozilla.org/en-US/docs/Web/HTTP/Status/403",2026-07-17T21:08:06.571686
figaro1854,bd6t5704386,,failed,0,0,,http_manifest,known,403,manifest,"Client error '403 ' for url 'https://openapiproext.bnf.fr/iiif/presentation/v3/ark:/12148/bd6t5704386/manifest.json'
For more information check: https://developer.mozilla.org/en-US/docs/Web/HTTP/Status/403",2026-07-17T21:08:07.488630
figaro1854,bd6t570439j,,failed,0,0,,http_manifest,known,403,manifest,"Client error '403 ' for url 'https://openapiproext.bnf.fr/iiif/presentation/v3/ark:/12148/bd6t570439j/manifest.json'
For more information check: https://developer.mozilla.org/en-US/docs/Web/HTTP/Status/403",2026-07-17T21:08:08.689346
figaro1854,bd6t570440r,,failed,0,0,,http_manifest,known,403,manifest,"Client error '403 ' for url 'https://openapiproext.bnf.fr/iiif/presentation/v3/ark:/12148/bd6t570440r/manifest.json'
For more information check: https://developer.mozilla.org/en-US/docs/Web/HTTP/Status/403",2026-07-17T21:08:09.892523
figaro1854,bd6t5704413,,failed,0,0,,http_manifest,known,403,manifest,"Client error '403 ' for url 'https://openapiproext.bnf.fr/iiif/presentation/v3/ark:/12148/bd6t5704413/manifest.json'
For more information check: https://developer.mozilla.org/en-US/docs/Web/HTTP/Status/403",2026-07-17T21:08:11.289193
figaro1854,bd6t570442f,,failed,0,0,,http_manifest,known,403,manifest,"Client error '403 ' for url 'https://openapiproext.bnf.fr/iiif/presentation/v3/ark:/12148/bd6t570442f/manifest.json'
For more information check: https://developer.mozilla.org/en-US/docs/Web/HTTP/Status/403",2026-07-17T21:08:12.419490
figaro1854,bd6t570443s,,failed,0,0,,http_manifest,known,403,manifest,"Client error '403 ' for url 'https://openapiproext.bnf.fr/iiif/presentation/v3/ark:/12148/bd6t570443s/manifest.json'
For more information check: https://developer.mozilla.org/en-US/docs/Web/HTTP/Status/403",2026-07-17T21:08:13.639242
figaro1854,bd6t5704444,,failed,0,0,,http_manifest,known,403,manifest,"Client error '403 ' for url 'https://openapiproext.bnf.fr/iiif/presentation/v3/ark:/12148/bd6t5704444/manifest.json'
For more information check: https://developer.mozilla.org/en-US/docs/Web/HTTP/Status/403",2026-07-17T21:08:14.782440
figaro1854,bd6t570445g,,failed,0,0,,http_manifest,known,403,manifest,"Client error '403 ' for url 'https://openapiproext.bnf.fr/iiif/presentation/v3/ark:/12148/bd6t570445g/manifest.json'
For more information check: https://developer.mozilla.org/en-US/docs/Web/HTTP/Status/403",2026-07-17T21:08:15.898063
figaro1854,bd6t570446t,,failed,0,0,,http_manifest,known,403,manifest,"Client error '403 ' for url 'https://openapiproext.bnf.fr/iiif/presentation/v3/ark:/12148/bd6t570446t/manifest.json'
For more information check: https://developer.mozilla.org/en-US/docs/Web/HTTP/Status/403",2026-07-17T21:08:17.205578
figaro1854,bd6t5701193,,failed,0,0,,http_manifest,known,403,manifest,"Client error '403 ' for url 'https://openapiproext.bnf.fr/iiif/presentation/v3/ark:/12148/bd6t5701193/manifest.json'
For more information check: https://developer.mozilla.org/en-US/docs/Web/HTTP/Status/403",2026-07-17T21:08:18.299999
figaro1854,bd6t5701209,,failed,0,0,,http_manifest,known,403,manifest,"Client error '403 ' for url 'https://openapiproext.bnf.fr/iiif/presentation/v3/ark:/12148/bd6t5701209/manifest.json'
For more information check: https://developer.mozilla.org/en-US/docs/Web/HTTP/Status/403",2026-07-17T21:08:19.500982
figaro1854,bd6t570121n,,failed,0,0,,http_manifest,known,403,manifest,"Client error '403 ' for url 'https://openapiproext.bnf.fr/iiif/presentation/v3/ark:/12148/bd6t570121n/manifest.json'
For more information check: https://developer.mozilla.org/en-US/docs/Web/HTTP/Status/403",2026-07-17T21:08:20.703107
figaro1854,bd6t5701220,,failed,0,0,,http_manifest,known,403,manifest,"Client error '403 ' for url 'https://openapiproext.bnf.fr/iiif/presentation/v3/ark:/12148/bd6t5701220/manifest.json'
For more information check: https://developer.mozilla.org/en-US/docs/Web/HTTP/Status/403",2026-07-17T21:08:21.906258
figaro1854,bd6t570123b,,failed,0,0,,http_manifest,known,403,manifest,"Client error '403 ' for url 'https://openapiproext.bnf.fr/iiif/presentation/v3/ark:/12148/bd6t570123b/manifest.json'
For more information check: https://developer.mozilla.org/en-US/docs/Web/HTTP/Status/403",2026-07-17T21:08:23.113248
figaro1854,bd6t570124p,,failed,0,0,,http_manifest,known,403,manifest,"Client error '403 ' for url 'https://openapiproext.bnf.fr/iiif/presentation/v3/ark:/12148/bd6t570124p/manifest.json'
For more information check: https://developer.mozilla.org/en-US/docs/Web/HTTP/Status/403",2026-07-17T21:08:24.314450
figaro1854,bd6t5701251,,failed,0,0,,http_manifest,known,403,manifest,"Client error '403 ' for url 'https://openapiproext.bnf.fr/iiif/presentation/v3/ark:/12148/bd6t5701251/manifest.json'
For more information check: https://developer.mozilla.org/en-US/docs/Web/HTTP/Status/403",2026-07-17T21:08:25.510659
figaro1854,bd6t570126c,,failed,0,0,,http_manifest,known,403,manifest,"Client error '403 ' for url 'https://openapiproext.bnf.fr/iiif/presentation/v3/ark:/12148/bd6t570126c/manifest.json'
For more information check: https://developer.mozilla.org/en-US/docs/Web/HTTP/Status/403",2026-07-17T21:08:26.710462
figaro1854,bd6t570127q,,failed,0,0,,http_manifest,known,403,manifest,"Client error '403 ' for url 'https://openapiproext.bnf.fr/iiif/presentation/v3/ark:/12148/bd6t570127q/manifest.json'
For more information check: https://developer.mozilla.org/en-US/docs/Web/HTTP/Status/403",2026-07-17T21:08:27.914620
figaro1854,bd6t5701282,,failed,0,0,,http_manifest,known,403,manifest,"Client error '403 ' for url 'https://openapiproext.bnf.fr/iiif/presentation/v3/ark:/12148/bd6t5701282/manifest.json'
For more information check: https://developer.mozilla.org/en-US/docs/Web/HTTP/Status/403",2026-07-17T21:08:29.115192
figaro1854,bd6t570129d,,failed,0,0,,http_manifest,known,403,manifest,"Client error '403 ' for url 'https://openapiproext.bnf.fr/iiif/presentation/v3/ark:/12148/bd6t570129d/manifest.json'
For more information check: https://developer.mozilla.org/en-US/docs/Web/HTTP/Status/403",2026-07-17T21:08:30.342645
figaro1854,bd6t570130m,,failed,0,0,,http_manifest,known,403,manifest,"Client error '403 ' for url 'https://openapiproext.bnf.fr/iiif/presentation/v3/ark:/12148/bd6t570130m/manifest.json'
For more information check: https://developer.mozilla.org/en-US/docs/Web/HTTP/Status/403",2026-07-17T21:08:31.518906
figaro1854,bd6t570131z,,failed,0,0,,http_manifest,known,403,manifest,"Client error '403 ' for url 'https://openapiproext.bnf.fr/iiif/presentation/v3/ark:/12148/bd6t570131z/manifest.json'
For more information check: https://developer.mozilla.org/en-US/docs/Web/HTTP/Status/403",2026-07-17T21:08:32.721668
figaro1854,bd6t5701329,,failed,0,0,,http_manifest,known,403,manifest,"Client error '403 ' for url 'https://openapiproext.bnf.fr/iiif/presentation/v3/ark:/12148/bd6t5701329/manifest.json'
For more information check: https://developer.mozilla.org/en-US/docs/Web/HTTP/Status/403",2026-07-17T21:08:33.925747
figaro1854,bd6t570133n,,failed,0,0,,http_manifest,known,403,manifest,"Client error '403 ' for url 'https://openapiproext.bnf.fr/iiif/presentation/v3/ark:/12148/bd6t570133n/manifest.json'
For more information check: https://developer.mozilla.org/en-US/docs/Web/HTTP/Status/403",2026-07-17T21:08:35.124077
figaro1854,bd6t5701340,,failed,0,0,,http_manifest,known,403,manifest,"Client error '403 ' for url 'https://openapiproext.bnf.fr/iiif/presentation/v3/ark:/12148/bd6t5701340/manifest.json'
For more information check: https://developer.mozilla.org/en-US/docs/Web/HTTP/Status/403",2026-07-17T21:08:36.325708
figaro1854,bd6t570135b,,failed,0,0,,http_manifest,known,403,manifest,"Client error '403 ' for url 'https://openapiproext.bnf.fr/iiif/presentation/v3/ark:/12148/bd6t570135b/manifest.json'
For more information check: https://developer.mozilla.org/en-US/docs/Web/HTTP/Status/403",2026-07-17T21:08:37.525587
figaro1854,bd6t570136p,,failed,0,0,,http_manifest,known,403,manifest,"Client error '403 ' for url 'https://openapiproext.bnf.fr/iiif/presentation/v3/ark:/12148/bd6t570136p/manifest.json'
For more information check: https://developer.mozilla.org/en-US/docs/Web/HTTP/Status/403",2026-07-17T21:08:38.725837
figaro1854,bd6t5701371,,failed,0,0,,http_manifest,known,403,manifest,"Client error '403 ' for url 'https://openapiproext.bnf.fr/iiif/presentation/v3/ark:/12148/bd6t5701371/manifest.json'
For more information check: https://developer.mozilla.org/en-US/docs/Web/HTTP/Status/403",2026-07-17T21:08:39.930428
figaro1854,bd6t570138c,,failed,0,0,,http_manifest,known,403,manifest,"Client error '403 ' for url 'https://openapiproext.bnf.fr/iiif/presentation/v3/ark:/12148/bd6t570138c/manifest.json'
For more information check: https://developer.mozilla.org/en-US/docs/Web/HTTP/Status/403",2026-07-17T21:08:41.130598
figaro1854,bd6t570139q,,failed,0,0,,http_manifest,known,403,manifest,"Client error '403 ' for url 'https://openapiproext.bnf.fr/iiif/presentation/v3/ark:/12148/bd6t570139q/manifest.json'
For more information check: https://developer.mozilla.org/en-US/docs/Web/HTTP/Status/403",2026-07-17T21:08:42.357719
figaro1854,bd6t570140x,,failed,0,0,,http_manifest,known,403,manifest,"Client error '403 ' for url 'https://openapiproext.bnf.fr/iiif/presentation/v3/ark:/12148/bd6t570140x/manifest.json'
For more information check: https://developer.mozilla.org/en-US/docs/Web/HTTP/Status/403",2026-07-17T21:08:43.535455
figaro1854,bd6t5701418,,failed,0,0,,http_manifest,known,403,manifest,"Client error '403 ' for url 'https://openapiproext.bnf.fr/iiif/presentation/v3/ark:/12148/bd6t5701418/manifest.json'
For more information check: https://developer.mozilla.org/en-US/docs/Web/HTTP/Status/403",2026-07-17T21:08:44.738766
figaro1854,bd6t570142m,,failed,0,0,,http_manifest,known,403,manifest,"Client error '403 ' for url 'https://openapiproext.bnf.fr/iiif/presentation/v3/ark:/12148/bd6t570142m/manifest.json'
For more information check: https://developer.mozilla.org/en-US/docs/Web/HTTP/Status/403",2026-07-17T21:08:45.942009
figaro1854,bd6t570143z,,failed,0,0,,http_manifest,known,403,manifest,"Client error '403 ' for url 'https://openapiproext.bnf.fr/iiif/presentation/v3/ark:/12148/bd6t570143z/manifest.json'
For more information check: https://developer.mozilla.org/en-US/docs/Web/HTTP/Status/403",2026-07-17T21:08:47.142055
figaro1854,bd6t5701449,,failed,0,0,,http_manifest,known,403,manifest,"Client error '403 ' for url 'https://openapiproext.bnf.fr/iiif/presentation/v3/ark:/12148/bd6t5701449/manifest.json'
For more information check: https://developer.mozilla.org/en-US/docs/Web/HTTP/Status/403",2026-07-17T21:08:48.380667
figaro1854,bd6t570145n,,failed,0,0,,http_manifest,known,403,manifest,"Client error '403 ' for url 'https://openapiproext.bnf.fr/iiif/presentation/v3/ark:/12148/bd6t570145n/manifest.json'
For more information check: https://developer.mozilla.org/en-US/docs/Web/HTTP/Status/403",2026-07-17T21:08:49.545927
figaro1854,bd6t5701460,,failed,0,0,,http_manifest,known,403,manifest,"Client error '403 ' for url 'https://openapiproext.bnf.fr/iiif/presentation/v3/ark:/12148/bd6t5701460/manifest.json'
For more information check: https://developer.mozilla.org/en-US/docs/Web/HTTP/Status/403",2026-07-17T21:08:50.746985
figaro1854,bd6t570147b,,failed,0,0,,http_manifest,known,403,manifest,"Client error '403 ' for url 'https://openapiproext.bnf.fr/iiif/presentation/v3/ark:/12148/bd6t570147b/manifest.json'
For more information check: https://developer.mozilla.org/en-US/docs/Web/HTTP/Status/403",2026-07-17T21:08:51.943736
figaro1854,bd6t570148p,,failed,0,0,,http_manifest,known,403,manifest,"Client error '403 ' for url 'https://openapiproext.bnf.fr/iiif/presentation/v3/ark:/12148/bd6t570148p/manifest.json'
For more information check: https://developer.mozilla.org/en-US/docs/Web/HTTP/Status/403",2026-07-17T21:08:53.153302
figaro1854,bd6t5701491,,failed,0,0,,http_manifest,known,403,manifest,"Client error '403 ' for url 'https://openapiproext.bnf.fr/iiif/presentation/v3/ark:/12148/bd6t5701491/manifest.json'
For more information check: https://developer.mozilla.org/en-US/docs/Web/HTTP/Status/403",2026-07-17T21:08:54.347231
figaro1854,bd6t5701507,,failed,0,0,,http_manifest,known,403,manifest,"Client error '403 ' for url 'https://openapiproext.bnf.fr/iiif/presentation/v3/ark:/12148/bd6t5701507/manifest.json'
For more information check: https://developer.mozilla.org/en-US/docs/Web/HTTP/Status/403",2026-07-17T21:08:55.549882
figaro1854,bd6t570151k,,failed,0,0,,http_manifest,known,403,manifest,"Client error '403 ' for url 'https://openapiproext.bnf.fr/iiif/presentation/v3/ark:/12148/bd6t570151k/manifest.json'
For more information check: https://developer.mozilla.org/en-US/docs/Web/HTTP/Status/403",2026-07-17T21:08:56.751553
figaro1854,bd6t570152x,,failed,0,0,,http_manifest,known,403,manifest,"Client error '403 ' for url 'https://openapiproext.bnf.fr/iiif/presentation/v3/ark:/12148/bd6t570152x/manifest.json'
For more information check: https://developer.mozilla.org/en-US/docs/Web/HTTP/Status/403",2026-07-17T21:08:58.189395
figaro1854,bd6t5701538,,failed,0,0,,http_manifest,known,403,manifest,"Client error '403 ' for url 'https://openapiproext.bnf.fr/iiif/presentation/v3/ark:/12148/bd6t5701538/manifest.json'
For more information check: https://developer.mozilla.org/en-US/docs/Web/HTTP/Status/403",2026-07-17T21:08:59.233021
figaro1854,bd6t570154m,,failed,0,0,,http_manifest,known,403,manifest,"Client error '403 ' for url 'https://openapiproext.bnf.fr/iiif/presentation/v3/ark:/12148/bd6t570154m/manifest.json'
For more information check: https://developer.mozilla.org/en-US/docs/Web/HTTP/Status/403",2026-07-17T21:09:00.570550
figaro1854,bd6t570155z,,failed,0,0,,http_manifest,known,403,manifest,"Client error '403 ' for url 'https://openapiproext.bnf.fr/iiif/presentation/v3/ark:/12148/bd6t570155z/manifest.json'
For more information check: https://developer.mozilla.org/en-US/docs/Web/HTTP/Status/403",2026-07-17T21:09:01.574897
figaro1854,bd6t5701569,,failed,0,0,,http_manifest,known,403,manifest,"Client error '403 ' for url 'https://openapiproext.bnf.fr/iiif/presentation/v3/ark:/12148/bd6t5701569/manifest.json'
For more information check: https://developer.mozilla.org/en-US/docs/Web/HTTP/Status/403",2026-07-17T21:09:02.761914
figaro1854,bd6t570157n,,failed,0,0,,http_manifest,known,403,manifest,"Client error '403 ' for url 'https://openapiproext.bnf.fr/iiif/presentation/v3/ark:/12148/bd6t570157n/manifest.json'
For more information check: https://developer.mozilla.org/en-US/docs/Web/HTTP/Status/403",2026-07-17T21:09:04.176213
figaro1854,bd6t5701580,,failed,0,0,,http_manifest,known,403,manifest,"Client error '403 ' for url 'https://openapiproext.bnf.fr/iiif/presentation/v3/ark:/12148/bd6t5701580/manifest.json'
For more information check: https://developer.mozilla.org/en-US/docs/Web/HTTP/Status/403",2026-07-17T21:09:05.349513
figaro1854,bd6t570159b,,failed,0,0,,http_manifest,known,403,manifest,"Client error '403 ' for url 'https://openapiproext.bnf.fr/iiif/presentation/v3/ark:/12148/bd6t570159b/manifest.json'
For more information check: https://developer.mozilla.org/en-US/docs/Web/HTTP/Status/403",2026-07-17T21:09:06.601464
figaro1854,bd6t570160j,,failed,0,0,,http_manifest,known,403,manifest,"Client error '403 ' for url 'https://openapiproext.bnf.fr/iiif/presentation/v3/ark:/12148/bd6t570160j/manifest.json'
For more information check: https://developer.mozilla.org/en-US/docs/Web/HTTP/Status/403",2026-07-17T21:09:07.569317
figaro1854,bd6t570161w,,failed,0,0,,http_manifest,known,403,manifest,"Client error '403 ' for url 'https://openapiproext.bnf.fr/iiif/presentation/v3/ark:/12148/bd6t570161w/manifest.json'
For more information check: https://developer.mozilla.org/en-US/docs/Web/HTTP/Status/403",2026-07-17T21:09:08.774670
figaro1854,bd6t5701627,,failed,0,0,,http_manifest,known,403,manifest,"Client error '403 ' for url 'https://openapiproext.bnf.fr/iiif/presentation/v3/ark:/12148/bd6t5701627/manifest.json'
For more information check: https://developer.mozilla.org/en-US/docs/Web/HTTP/Status/403",2026-07-17T21:09:09.970065
figaro1854,bd6t570163k,,failed,0,0,,http_manifest,known,403,manifest,"Client error '403 ' for url 'https://openapiproext.bnf.fr/iiif/presentation/v3/ark:/12148/bd6t570163k/manifest.json'
For more information check: https://developer.mozilla.org/en-US/docs/Web/HTTP/Status/403",2026-07-17T21:09:11.171154
figaro1854,bd6t570164x,,failed,0,0,,http_manifest,known,403,manifest,"Client error '403 ' for url 'https://openapiproext.bnf.fr/iiif/presentation/v3/ark:/12148/bd6t570164x/manifest.json'
For more information check: https://developer.mozilla.org/en-US/docs/Web/HTTP/Status/403",2026-07-17T21:09:12.407138
figaro1854,bd6t5701658,,failed,0,0,,http_manifest,known,403,manifest,"Client error '403 ' for url 'https://openapiproext.bnf.fr/iiif/presentation/v3/ark:/12148/bd6t5701658/manifest.json'
For more information check: https://developer.mozilla.org/en-US/docs/Web/HTTP/Status/403",2026-07-17T21:09:13.576899
figaro1854,bd6t570166m,,failed,0,0,,http_manifest,known,403,manifest,"Client error '403 ' for url 'https://openapiproext.bnf.fr/iiif/presentation/v3/ark:/12148/bd6t570166m/manifest.json'
For more information check: https://developer.mozilla.org/en-US/docs/Web/HTTP/Status/403",2026-07-17T21:09:14.776501
figaro1854,bd6t570167z,,failed,0,0,,http_manifest,known,403,manifest,"Client error '403 ' for url 'https://openapiproext.bnf.fr/iiif/presentation/v3/ark:/12148/bd6t570167z/manifest.json'
For more information check: https://developer.mozilla.org/en-US/docs/Web/HTTP/Status/403",2026-07-17T21:09:15.987815
figaro1854,bd6t5701689,,failed,0,0,,http_manifest,known,403,manifest,"Client error '403 ' for url 'https://openapiproext.bnf.fr/iiif/presentation/v3/ark:/12148/bd6t5701689/manifest.json'
For more information check: https://developer.mozilla.org/en-US/docs/Web/HTTP/Status/403",2026-07-17T21:09:17.179268
figaro1854,bd6t570169n,,failed,0,0,,http_manifest,known,403,manifest,"Client error '403 ' for url 'https://openapiproext.bnf.fr/iiif/presentation/v3/ark:/12148/bd6t570169n/manifest.json'
For more information check: https://developer.mozilla.org/en-US/docs/Web/HTTP/Status/403",2026-07-17T21:09:18.405113
figaro1854,bd6t570550b,,failed,0,0,,http_manifest,known,403,manifest,"Client error '403 ' for url 'https://openapiproext.bnf.fr/iiif/presentation/v3/ark:/12148/bd6t570550b/manifest.json'
For more information check: https://developer.mozilla.org/en-US/docs/Web/HTTP/Status/403",2026-07-17T21:09:19.584364
figaro1854,bd6t570551p,,failed,0,0,,http_manifest,known,403,manifest,"Client error '403 ' for url 'https://openapiproext.bnf.fr/iiif/presentation/v3/ark:/12148/bd6t570551p/manifest.json'
For more information check: https://developer.mozilla.org/en-US/docs/Web/HTTP/Status/403",2026-07-17T21:09:20.786746
figaro1854,bd6t5705521,,failed,0,0,,http_manifest,known,403,manifest,"Client error '403 ' for url 'https://openapiproext.bnf.fr/iiif/presentation/v3/ark:/12148/bd6t5705521/manifest.json'
For more information check: https://developer.mozilla.org/en-US/docs/Web/HTTP/Status/403",2026-07-17T21:09:21.991390
figaro1854,bd6t570553c,,failed,0,0,,http_manifest,known,403,manifest,"Client error '403 ' for url 'https://openapiproext.bnf.fr/iiif/presentation/v3/ark:/12148/bd6t570553c/manifest.json'
For more information check: https://developer.mozilla.org/en-US/docs/Web/HTTP/Status/403",2026-07-17T21:09:23.192840
figaro1854,bd6t570554q,,failed,0,0,,http_manifest,known,403,manifest,"Client error '403 ' for url 'https://openapiproext.bnf.fr/iiif/presentation/v3/ark:/12148/bd6t570554q/manifest.json'
For more information check: https://developer.mozilla.org/en-US/docs/Web/HTTP/Status/403",2026-07-17T21:09:24.392894
figaro1854,bd6t5705552,,failed,0,0,,http_manifest,known,403,manifest,"Client error '403 ' for url 'https://openapiproext.bnf.fr/iiif/presentation/v3/ark:/12148/bd6t5705552/manifest.json'
For more information check: https://developer.mozilla.org/en-US/docs/Web/HTTP/Status/403",2026-07-17T21:09:25.593480
figaro1854,bd6t570556d,,failed,0,0,,http_manifest,known,403,manifest,"Client error '403 ' for url 'https://openapiproext.bnf.fr/iiif/presentation/v3/ark:/12148/bd6t570556d/manifest.json'
For more information check: https://developer.mozilla.org/en-US/docs/Web/HTTP/Status/403",2026-07-17T21:09:26.795055
figaro1854,bd6t570557r,,failed,0,0,,http_manifest,known,403,manifest,"Client error '403 ' for url 'https://openapiproext.bnf.fr/iiif/presentation/v3/ark:/12148/bd6t570557r/manifest.json'
For more information check: https://developer.mozilla.org/en-US/docs/Web/HTTP/Status/403",2026-07-17T21:09:28.013010
figaro1854,bd6t5705583,,failed,0,0,,http_manifest,known,403,manifest,"Client error '403 ' for url 'https://openapiproext.bnf.fr/iiif/presentation/v3/ark:/12148/bd6t5705583/manifest.json'
For more information check: https://developer.mozilla.org/en-US/docs/Web/HTTP/Status/403",2026-07-17T21:09:29.201232
figaro1854,bd6t570559f,,failed,0,0,,http_manifest,known,403,manifest,"Client error '403 ' for url 'https://openapiproext.bnf.fr/iiif/presentation/v3/ark:/12148/bd6t570559f/manifest.json'
For more information check: https://developer.mozilla.org/en-US/docs/Web/HTTP/Status/403",2026-07-17T21:09:30.423130
figaro1854,bd6t570560n,,failed,0,0,,http_manifest,known,403,manifest,"Client error '403 ' for url 'https://openapiproext.bnf.fr/iiif/presentation/v3/ark:/12148/bd6t570560n/manifest.json'
For more information check: https://developer.mozilla.org/en-US/docs/Web/HTTP/Status/403",2026-07-17T21:09:31.601245
figaro1854,bd6t5705610,,failed,0,0,,http_manifest,known,403,manifest,"Client error '403 ' for url 'https://openapiproext.bnf.fr/iiif/presentation/v3/ark:/12148/bd6t5705610/manifest.json'
For more information check: https://developer.mozilla.org/en-US/docs/Web/HTTP/Status/403",2026-07-17T21:09:32.803062
figaro1854,bd6t570562b,,failed,0,0,,http_manifest,known,403,manifest,"Client error '403 ' for url 'https://openapiproext.bnf.fr/iiif/presentation/v3/ark:/12148/bd6t570562b/manifest.json'
For more information check: https://developer.mozilla.org/en-US/docs/Web/HTTP/Status/403",2026-07-17T21:09:34.010582
figaro1854,bd6t570563p,,failed,0,0,,http_manifest,known,403,manifest,"Client error '403 ' for url 'https://openapiproext.bnf.fr/iiif/presentation/v3/ark:/12148/bd6t570563p/manifest.json'
For more information check: https://developer.mozilla.org/en-US/docs/Web/HTTP/Status/403",2026-07-17T21:09:35.214546
figaro1854,bd6t5705641,,failed,0,0,,http_manifest,known,403,manifest,"Client error '403 ' for url 'https://openapiproext.bnf.fr/iiif/presentation/v3/ark:/12148/bd6t5705641/manifest.json'
For more information check: https://developer.mozilla.org/en-US/docs/Web/HTTP/Status/403",2026-07-17T21:09:36.407569
figaro1854,bd6t570565c,,failed,0,0,,http_manifest,known,403,manifest,"Client error '403 ' for url 'https://openapiproext.bnf.fr/iiif/presentation/v3/ark:/12148/bd6t570565c/manifest.json'
For more information check: https://developer.mozilla.org/en-US/docs/Web/HTTP/Status/403",2026-07-17T21:09:37.616303
figaro1854,bd6t570566q,,failed,0,0,,http_manifest,known,403,manifest,"Client error '403 ' for url 'https://openapiproext.bnf.fr/iiif/presentation/v3/ark:/12148/bd6t570566q/manifest.json'
For more information check: https://developer.mozilla.org/en-US/docs/Web/HTTP/Status/403",2026-07-17T21:09:38.811198
figaro1854,bd6t5705672,,failed,0,0,,http_manifest,known,403,manifest,"Client error '403 ' for url 'https://openapiproext.bnf.fr/iiif/presentation/v3/ark:/12148/bd6t5705672/manifest.json'
For more information check: https://developer.mozilla.org/en-US/docs/Web/HTTP/Status/403",2026-07-17T21:09:40.013370
figaro1854,bd6t570568d,,failed,0,0,,http_manifest,known,403,manifest,"Client error '403 ' for url 'https://openapiproext.bnf.fr/iiif/presentation/v3/ark:/12148/bd6t570568d/manifest.json'
For more information check: https://developer.mozilla.org/en-US/docs/Web/HTTP/Status/403",2026-07-17T21:09:41.216637
figaro1854,bd6t570569r,,failed,0,0,,http_manifest,known,403,manifest,"Client error '403 ' for url 'https://openapiproext.bnf.fr/iiif/presentation/v3/ark:/12148/bd6t570569r/manifest.json'
For more information check: https://developer.mozilla.org/en-US/docs/Web/HTTP/Status/403",2026-07-17T21:09:42.415519
figaro1854,bd6t570570z,,failed,0,0,,http_manifest,known,403,manifest,"Client error '403 ' for url 'https://openapiproext.bnf.fr/iiif/presentation/v3/ark:/12148/bd6t570570z/manifest.json'
For more information check: https://developer.mozilla.org/en-US/docs/Web/HTTP/Status/403",2026-07-17T21:09:43.616606
figaro1854,bd6t5705719,,failed,0,0,,http_manifest,known,403,manifest,"Client error '403 ' for url 'https://openapiproext.bnf.fr/iiif/presentation/v3/ark:/12148/bd6t5705719/manifest.json'
For more information check: https://developer.mozilla.org/en-US/docs/Web/HTTP/Status/403",2026-07-17T21:09:44.830656
figaro1854,bd6t570572n,,failed,0,0,,http_manifest,known,403,manifest,"Client error '403 ' for url 'https://openapiproext.bnf.fr/iiif/presentation/v3/ark:/12148/bd6t570572n/manifest.json'
For more information check: https://developer.mozilla.org/en-US/docs/Web/HTTP/Status/403",2026-07-17T21:09:46.023550
figaro1854,bd6t5705730,,failed,0,0,,http_manifest,known,403,manifest,"Client error '403 ' for url 'https://openapiproext.bnf.fr/iiif/presentation/v3/ark:/12148/bd6t5705730/manifest.json'
For more information check: https://developer.mozilla.org/en-US/docs/Web/HTTP/Status/403",2026-07-17T21:09:47.225966
figaro1854,bd6t570574b,,failed,0,0,,http_manifest,known,403,manifest,"Client error '403 ' for url 'https://openapiproext.bnf.fr/iiif/presentation/v3/ark:/12148/bd6t570574b/manifest.json'
For more information check: https://developer.mozilla.org/en-US/docs/Web/HTTP/Status/403",2026-07-17T21:09:48.448888
figaro1854,bd6t570575p,,failed,0,0,,http_manifest,known,403,manifest,"Client error '403 ' for url 'https://openapiproext.bnf.fr/iiif/presentation/v3/ark:/12148/bd6t570575p/manifest.json'
For more information check: https://developer.mozilla.org/en-US/docs/Web/HTTP/Status/403",2026-07-17T21:09:49.625817
figaro1854,bd6t5705761,,failed,0,0,,http_manifest,known,403,manifest,"Client error '403 ' for url 'https://openapiproext.bnf.fr/iiif/presentation/v3/ark:/12148/bd6t5705761/manifest.json'
For more information check: https://developer.mozilla.org/en-US/docs/Web/HTTP/Status/403",2026-07-17T21:09:50.826235
figaro1854,bd6t570577c,,failed,0,0,,http_manifest,known,403,manifest,"Client error '403 ' for url 'https://openapiproext.bnf.fr/iiif/presentation/v3/ark:/12148/bd6t570577c/manifest.json'
For more information check: https://developer.mozilla.org/en-US/docs/Web/HTTP/Status/403",2026-07-17T21:09:52.026542
figaro1854,bd6t570578q,,failed,0,0,,http_manifest,known,403,manifest,"Client error '403 ' for url 'https://openapiproext.bnf.fr/iiif/presentation/v3/ark:/12148/bd6t570578q/manifest.json'
For more information check: https://developer.mozilla.org/en-US/docs/Web/HTTP/Status/403",2026-07-17T21:09:53.232853
figaro1854,bd6t5705792,,failed,0,0,,http_manifest,known,403,manifest,"Client error '403 ' for url 'https://openapiproext.bnf.fr/iiif/presentation/v3/ark:/12148/bd6t5705792/manifest.json'
For more information check: https://developer.mozilla.org/en-US/docs/Web/HTTP/Status/403",2026-07-17T21:09:54.431508
figaro1854,bd6t5705808,,failed,0,0,,http_manifest,known,403,manifest,"Client error '403 ' for url 'https://openapiproext.bnf.fr/iiif/presentation/v3/ark:/12148/bd6t5705808/manifest.json'
For more information check: https://developer.mozilla.org/en-US/docs/Web/HTTP/Status/403",2026-07-17T21:09:55.636287
figaro1854,bd6t570581m,,failed,0,0,,http_manifest,known,403,manifest,"Client error '403 ' for url 'https://openapiproext.bnf.fr/iiif/presentation/v3/ark:/12148/bd6t570581m/manifest.json'
For more information check: https://developer.mozilla.org/en-US/docs/Web/HTTP/Status/403",2026-07-17T21:09:56.848989
figaro1854,bd6t570582z,,failed,0,0,,http_manifest,known,403,manifest,"Client error '403 ' for url 'https://openapiproext.bnf.fr/iiif/presentation/v3/ark:/12148/bd6t570582z/manifest.json'
For more information check: https://developer.mozilla.org/en-US/docs/Web/HTTP/Status/403",2026-07-17T21:09:58.039317
figaro1854,bd6t5705839,,failed,0,0,,http_manifest,known,403,manifest,"Client error '403 ' for url 'https://openapiproext.bnf.fr/iiif/presentation/v3/ark:/12148/bd6t5705839/manifest.json'
For more information check: https://developer.mozilla.org/en-US/docs/Web/HTTP/Status/403",2026-07-17T21:09:59.440578
figaro1854,bd6t570584n,,failed,0,0,,http_manifest,known,403,manifest,"Client error '403 ' for url 'https://openapiproext.bnf.fr/iiif/presentation/v3/ark:/12148/bd6t570584n/manifest.json'
For more information check: https://developer.mozilla.org/en-US/docs/Web/HTTP/Status/403",2026-07-17T21:10:00.460563
figaro1854,bd6t5705850,,failed,0,0,,http_manifest,known,403,manifest,"Client error '403 ' for url 'https://openapiproext.bnf.fr/iiif/presentation/v3/ark:/12148/bd6t5705850/manifest.json'
For more information check: https://developer.mozilla.org/en-US/docs/Web/HTTP/Status/403",2026-07-17T21:10:01.757404
figaro1854,bd6t570586b,,failed,0,0,,http_manifest,known,403,manifest,"Client error '403 ' for url 'https://openapiproext.bnf.fr/iiif/presentation/v3/ark:/12148/bd6t570586b/manifest.json'
For more information check: https://developer.mozilla.org/en-US/docs/Web/HTTP/Status/403",2026-07-17T21:10:02.844604
figaro1854,bd6t570587p,,failed,0,0,,http_manifest,known,403,manifest,"Client error '403 ' for url 'https://openapiproext.bnf.fr/iiif/presentation/v3/ark:/12148/bd6t570587p/manifest.json'
For more information check: https://developer.mozilla.org/en-US/docs/Web/HTTP/Status/403",2026-07-17T21:10:04.104295
figaro1854,bd6t5705881,,failed,0,0,,http_manifest,known,403,manifest,"Client error '403 ' for url 'https://openapiproext.bnf.fr/iiif/presentation/v3/ark:/12148/bd6t5705881/manifest.json'
For more information check: https://developer.mozilla.org/en-US/docs/Web/HTTP/Status/403",2026-07-17T21:10:05.433117
figaro1854,bd6t570589c,,failed,0,0,,http_manifest,known,403,manifest,"Client error '403 ' for url 'https://openapiproext.bnf.fr/iiif/presentation/v3/ark:/12148/bd6t570589c/manifest.json'
For more information check: https://developer.mozilla.org/en-US/docs/Web/HTTP/Status/403",2026-07-17T21:10:06.652914
figaro1854,bd6t570590k,,failed,0,0,,http_manifest,known,403,manifest,"Client error '403 ' for url 'https://openapiproext.bnf.fr/iiif/presentation/v3/ark:/12148/bd6t570590k/manifest.json'
For more information check: https://developer.mozilla.org/en-US/docs/Web/HTTP/Status/403",2026-07-17T21:10:07.656854
figaro1854,bd6t570591x,,failed,0,0,,http_manifest,known,403,manifest,"Client error '403 ' for url 'https://openapiproext.bnf.fr/iiif/presentation/v3/ark:/12148/bd6t570591x/manifest.json'
For more information check: https://developer.mozilla.org/en-US/docs/Web/HTTP/Status/403",2026-07-17T21:10:08.857948
figaro1854,bd6t5705928,,failed,0,0,,http_manifest,known,403,manifest,"Client error '403 ' for url 'https://openapiproext.bnf.fr/iiif/presentation/v3/ark:/12148/bd6t5705928/manifest.json'
For more information check: https://developer.mozilla.org/en-US/docs/Web/HTTP/Status/403",2026-07-17T21:10:10.078382
figaro1854,bd6t570593m,,failed,0,0,,http_manifest,known,403,manifest,"Client error '403 ' for url 'https://openapiproext.bnf.fr/iiif/presentation/v3/ark:/12148/bd6t570593m/manifest.json'
For more information check: https://developer.mozilla.org/en-US/docs/Web/HTTP/Status/403",2026-07-17T21:10:11.370921
figaro1854,bd6t570594z,,failed,0,0,,http_manifest,known,403,manifest,"Client error '403 ' for url 'https://openapiproext.bnf.fr/iiif/presentation/v3/ark:/12148/bd6t570594z/manifest.json'
For more information check: https://developer.mozilla.org/en-US/docs/Web/HTTP/Status/403",2026-07-17T21:10:12.462255
figaro1854,bd6t5705959,,failed,0,0,,http_manifest,known,403,manifest,"Client error '403 ' for url 'https://openapiproext.bnf.fr/iiif/presentation/v3/ark:/12148/bd6t5705959/manifest.json'
For more information check: https://developer.mozilla.org/en-US/docs/Web/HTTP/Status/403",2026-07-17T21:10:13.666894
figaro1854,bd6t570596n,,failed,0,0,,http_manifest,known,403,manifest,"Client error '403 ' for url 'https://openapiproext.bnf.fr/iiif/presentation/v3/ark:/12148/bd6t570596n/manifest.json'
For more information check: https://developer.mozilla.org/en-US/docs/Web/HTTP/Status/403",2026-07-17T21:10:15.096997
figaro1854,bd6t5705970,,failed,0,0,,http_manifest,known,403,manifest,"Client error '403 ' for url 'https://openapiproext.bnf.fr/iiif/presentation/v3/ark:/12148/bd6t5705970/manifest.json'
For more information check: https://developer.mozilla.org/en-US/docs/Web/HTTP/Status/403",2026-07-17T21:10:16.192812
figaro1854,bd6t570598b,,failed,0,0,,http_manifest,known,403,manifest,"Client error '403 ' for url 'https://openapiproext.bnf.fr/iiif/presentation/v3/ark:/12148/bd6t570598b/manifest.json'
For more information check: https://developer.mozilla.org/en-US/docs/Web/HTTP/Status/403",2026-07-17T21:10:17.454202
figaro1854,bd6t570599p,,failed,0,0,,http_manifest,known,403,manifest,"Client error '403 ' for url 'https://openapiproext.bnf.fr/iiif/presentation/v3/ark:/12148/bd6t570599p/manifest.json'
For more information check: https://developer.mozilla.org/en-US/docs/Web/HTTP/Status/403",2026-07-17T21:10:18.461758
figaro1854,bd6t5706002,,failed,0,0,,http_manifest,known,403,manifest,"Client error '403 ' for url 'https://openapiproext.bnf.fr/iiif/presentation/v3/ark:/12148/bd6t5706002/manifest.json'
For more information check: https://developer.mozilla.org/en-US/docs/Web/HTTP/Status/403",2026-07-17T21:10:19.666183
figaro1854,bd6t570601d,,failed,0,0,,http_manifest,known,403,manifest,"Client error '403 ' for url 'https://openapiproext.bnf.fr/iiif/presentation/v3/ark:/12148/bd6t570601d/manifest.json'
For more information check: https://developer.mozilla.org/en-US/docs/Web/HTTP/Status/403",2026-07-17T21:10:20.867586
figaro1854,bd6t570602r,,failed,0,0,,http_manifest,known,403,manifest,"Client error '403 ' for url 'https://openapiproext.bnf.fr/iiif/presentation/v3/ark:/12148/bd6t570602r/manifest.json'
For more information check: https://developer.mozilla.org/en-US/docs/Web/HTTP/Status/403",2026-07-17T21:10:22.529190
figaro1854,bd6t5702646,,failed,0,0,,http_manifest,known,403,manifest,"Client error '403 ' for url 'https://openapiproext.bnf.fr/iiif/presentation/v3/ark:/12148/bd6t5702646/manifest.json'
For more information check: https://developer.mozilla.org/en-US/docs/Web/HTTP/Status/403",2026-07-17T21:10:23.267936
figaro1854,bd6t570265j,,failed,0,0,,http_manifest,known,403,manifest,"Client error '403 ' for url 'https://openapiproext.bnf.fr/iiif/presentation/v3/ark:/12148/bd6t570265j/manifest.json'
For more information check: https://developer.mozilla.org/en-US/docs/Web/HTTP/Status/403",2026-07-17T21:10:24.470438
figaro1854,bd6t570266w,,failed,0,0,,http_manifest,known,403,manifest,"Client error '403 ' for url 'https://openapiproext.bnf.fr/iiif/presentation/v3/ark:/12148/bd6t570266w/manifest.json'
For more information check: https://developer.mozilla.org/en-US/docs/Web/HTTP/Status/403",2026-07-17T21:10:25.682085
figaro1854,bd6t5702677,,failed,0,0,,http_manifest,known,403,manifest,"Client error '403 ' for url 'https://openapiproext.bnf.fr/iiif/presentation/v3/ark:/12148/bd6t5702677/manifest.json'
For more information check: https://developer.mozilla.org/en-US/docs/Web/HTTP/Status/403",2026-07-17T21:10:26.873564
figaro1854,bd6t570268k,,failed,0,0,,http_manifest,known,403,manifest,"Client error '403 ' for url 'https://openapiproext.bnf.fr/iiif/presentation/v3/ark:/12148/bd6t570268k/manifest.json'
For more information check: https://developer.mozilla.org/en-US/docs/Web/HTTP/Status/403",2026-07-17T21:10:28.100919
figaro1854,bd6t570269x,,failed,0,0,,http_manifest,known,403,manifest,"Client error '403 ' for url 'https://openapiproext.bnf.fr/iiif/presentation/v3/ark:/12148/bd6t570269x/manifest.json'
For more information check: https://developer.mozilla.org/en-US/docs/Web/HTTP/Status/403",2026-07-17T21:10:29.276083
figaro1854,bd6t5702704,,failed,0,0,,http_manifest,known,403,manifest,"Client error '403 ' for url 'https://openapiproext.bnf.fr/iiif/presentation/v3/ark:/12148/bd6t5702704/manifest.json'
For more information check: https://developer.mozilla.org/en-US/docs/Web/HTTP/Status/403",2026-07-17T21:10:30.476579
figaro1854,bd6t570271g,,failed,0,0,,http_manifest,known,403,manifest,"Client error '403 ' for url 'https://openapiproext.bnf.fr/iiif/presentation/v3/ark:/12148/bd6t570271g/manifest.json'
For more information check: https://developer.mozilla.org/en-US/docs/Web/HTTP/Status/403",2026-07-17T21:10:31.699991
figaro1854,bd6t570272t,,failed,0,0,,http_manifest,known,403,manifest,"Client error '403 ' for url 'https://openapiproext.bnf.fr/iiif/presentation/v3/ark:/12148/bd6t570272t/manifest.json'
For more information check: https://developer.mozilla.org/en-US/docs/Web/HTTP/Status/403",2026-07-17T21:10:32.882338
figaro1854,bd6t5702735,,failed,0,0,,http_manifest,known,403,manifest,"Client error '403 ' for url 'https://openapiproext.bnf.fr/iiif/presentation/v3/ark:/12148/bd6t5702735/manifest.json'
For more information check: https://developer.mozilla.org/en-US/docs/Web/HTTP/Status/403",2026-07-17T21:10:34.084500
figaro1854,bd6t570274h,,failed,0,0,,http_manifest,known,403,manifest,"Client error '403 ' for url 'https://openapiproext.bnf.fr/iiif/presentation/v3/ark:/12148/bd6t570274h/manifest.json'
For more information check: https://developer.mozilla.org/en-US/docs/Web/HTTP/Status/403",2026-07-17T21:10:35.284051
figaro1854,bd6t570275v,,failed,0,0,,http_manifest,known,403,manifest,"Client error '403 ' for url 'https://openapiproext.bnf.fr/iiif/presentation/v3/ark:/12148/bd6t570275v/manifest.json'
For more information check: https://developer.mozilla.org/en-US/docs/Web/HTTP/Status/403",2026-07-17T21:10:36.486909
figaro1854,bd6t5702766,,failed,0,0,,http_manifest,known,403,manifest,"Client error '403 ' for url 'https://openapiproext.bnf.fr/iiif/presentation/v3/ark:/12148/bd6t5702766/manifest.json'
For more information check: https://developer.mozilla.org/en-US/docs/Web/HTTP/Status/403",2026-07-17T21:10:37.688823
figaro1854,bd6t570277j,,failed,0,0,,http_manifest,known,403,manifest,"Client error '403 ' for url 'https://openapiproext.bnf.fr/iiif/presentation/v3/ark:/12148/bd6t570277j/manifest.json'
For more information check: https://developer.mozilla.org/en-US/docs/Web/HTTP/Status/403",2026-07-17T21:10:38.889305
figaro1854,bd6t570278w,,failed,0,0,,http_manifest,known,403,manifest,"Client error '403 ' for url 'https://openapiproext.bnf.fr/iiif/presentation/v3/ark:/12148/bd6t570278w/manifest.json'
For more information check: https://developer.mozilla.org/en-US/docs/Web/HTTP/Status/403",2026-07-17T21:10:40.113904
figaro1854,bd6t5702797,,failed,0,0,,http_manifest,known,403,manifest,"Client error '403 ' for url 'https://openapiproext.bnf.fr/iiif/presentation/v3/ark:/12148/bd6t5702797/manifest.json'
For more information check: https://developer.mozilla.org/en-US/docs/Web/HTTP/Status/403",2026-07-17T21:10:41.294995
figaro1854,bd6t570280f,,failed,0,0,,http_manifest,known,403,manifest,"Client error '403 ' for url 'https://openapiproext.bnf.fr/iiif/presentation/v3/ark:/12148/bd6t570280f/manifest.json'
For more information check: https://developer.mozilla.org/en-US/docs/Web/HTTP/Status/403",2026-07-17T21:10:42.494889
figaro1854,bd6t570281s,,failed,0,0,,http_manifest,known,403,manifest,"Client error '403 ' for url 'https://openapiproext.bnf.fr/iiif/presentation/v3/ark:/12148/bd6t570281s/manifest.json'
For more information check: https://developer.mozilla.org/en-US/docs/Web/HTTP/Status/403",2026-07-17T21:10:43.696803
figaro1854,bd6t5702824,,failed,0,0,,http_manifest,known,403,manifest,"Client error '403 ' for url 'https://openapiproext.bnf.fr/iiif/presentation/v3/ark:/12148/bd6t5702824/manifest.json'
For more information check: https://developer.mozilla.org/en-US/docs/Web/HTTP/Status/403",2026-07-17T21:10:44.894687
figaro1854,bd6t570283g,,failed,0,0,,http_manifest,known,403,manifest,"Client error '403 ' for url 'https://openapiproext.bnf.fr/iiif/presentation/v3/ark:/12148/bd6t570283g/manifest.json'
For more information check: https://developer.mozilla.org/en-US/docs/Web/HTTP/Status/403",2026-07-17T21:10:46.097588
figaro1854,bd6t570284t,,failed,0,0,,http_manifest,known,403,manifest,"Client error '403 ' for url 'https://openapiproext.bnf.fr/iiif/presentation/v3/ark:/12148/bd6t570284t/manifest.json'
For more information check: https://developer.mozilla.org/en-US/docs/Web/HTTP/Status/403",2026-07-17T21:10:47.298296
figaro1854,bd6t5702855,,failed,0,0,,http_manifest,known,403,manifest,"Client error '403 ' for url 'https://openapiproext.bnf.fr/iiif/presentation/v3/ark:/12148/bd6t5702855/manifest.json'
For more information check: https://developer.mozilla.org/en-US/docs/Web/HTTP/Status/403",2026-07-17T21:10:48.510404
figaro1854,bd6t570286h,,failed,0,0,,http_manifest,known,403,manifest,"Client error '403 ' for url 'https://openapiproext.bnf.fr/iiif/presentation/v3/ark:/12148/bd6t570286h/manifest.json'
For more information check: https://developer.mozilla.org/en-US/docs/Web/HTTP/Status/403",2026-07-17T21:10:49.714016
figaro1854,bd6t570287v,,failed,0,0,,http_manifest,known,403,manifest,"Client error '403 ' for url 'https://openapiproext.bnf.fr/iiif/presentation/v3/ark:/12148/bd6t570287v/manifest.json'
For more information check: https://developer.mozilla.org/en-US/docs/Web/HTTP/Status/403",2026-07-17T21:10:50.899543
figaro1854,bd6t5702886,,failed,0,0,,http_manifest,known,403,manifest,"Client error '403 ' for url 'https://openapiproext.bnf.fr/iiif/presentation/v3/ark:/12148/bd6t5702886/manifest.json'
For more information check: https://developer.mozilla.org/en-US/docs/Web/HTTP/Status/403",2026-07-17T21:10:52.131305
figaro1854,bd6t570289j,,failed,0,0,,http_manifest,known,403,manifest,"Client error '403 ' for url 'https://openapiproext.bnf.fr/iiif/presentation/v3/ark:/12148/bd6t570289j/manifest.json'
For more information check: https://developer.mozilla.org/en-US/docs/Web/HTTP/Status/403",2026-07-17T21:10:53.306141
figaro1854,bd6t570290r,,failed,0,0,,http_manifest,known,403,manifest,"Client error '403 ' for url 'https://openapiproext.bnf.fr/iiif/presentation/v3/ark:/12148/bd6t570290r/manifest.json'
For more information check: https://developer.mozilla.org/en-US/docs/Web/HTTP/Status/403",2026-07-17T21:10:54.504223
figaro1854,bd6t5702913,,failed,0,0,,http_manifest,known,403,manifest,"Client error '403 ' for url 'https://openapiproext.bnf.fr/iiif/presentation/v3/ark:/12148/bd6t5702913/manifest.json'
For more information check: https://developer.mozilla.org/en-US/docs/Web/HTTP/Status/403",2026-07-17T21:10:55.709340
figaro1854,bd6t570292f,,failed,0,0,,http_manifest,known,403,manifest,"Client error '403 ' for url 'https://openapiproext.bnf.fr/iiif/presentation/v3/ark:/12148/bd6t570292f/manifest.json'
For more information check: https://developer.mozilla.org/en-US/docs/Web/HTTP/Status/403",2026-07-17T21:10:56.904358
figaro1854,bd6t570293s,,failed,0,0,,http_manifest,known,403,manifest,"Client error '403 ' for url 'https://openapiproext.bnf.fr/iiif/presentation/v3/ark:/12148/bd6t570293s/manifest.json'
For more information check: https://developer.mozilla.org/en-US/docs/Web/HTTP/Status/403",2026-07-17T21:10:58.180003
figaro1854,bd6t5702944,,failed,0,0,,http_manifest,known,403,manifest,"Client error '403 ' for url 'https://openapiproext.bnf.fr/iiif/presentation/v3/ark:/12148/bd6t5702944/manifest.json'
For more information check: https://developer.mozilla.org/en-US/docs/Web/HTTP/Status/403",2026-07-17T21:10:59.542913
figaro1854,bd6t570295g,,failed,0,0,,http_manifest,known,403,manifest,"Client error '403 ' for url 'https://openapiproext.bnf.fr/iiif/presentation/v3/ark:/12148/bd6t570295g/manifest.json'
For more information check: https://developer.mozilla.org/en-US/docs/Web/HTTP/Status/403",2026-07-17T21:11:00.633594
figaro1854,bd6t570296t,,failed,0,0,,http_manifest,known,403,manifest,"Client error '403 ' for url 'https://openapiproext.bnf.fr/iiif/presentation/v3/ark:/12148/bd6t570296t/manifest.json'
For more information check: https://developer.mozilla.org/en-US/docs/Web/HTTP/Status/403",2026-07-17T21:11:01.765106
figaro1854,bd6t5702975,,failed,0,0,,http_manifest,known,403,manifest,"Client error '403 ' for url 'https://openapiproext.bnf.fr/iiif/presentation/v3/ark:/12148/bd6t5702975/manifest.json'
For more information check: https://developer.mozilla.org/en-US/docs/Web/HTTP/Status/403",2026-07-17T21:11:03.055681
figaro1854,bd6t570298h,,failed,0,0,,http_manifest,known,403,manifest,"Client error '403 ' for url 'https://openapiproext.bnf.fr/iiif/presentation/v3/ark:/12148/bd6t570298h/manifest.json'
For more information check: https://developer.mozilla.org/en-US/docs/Web/HTTP/Status/403",2026-07-17T21:11:04.151363
figaro1854,bd6t570299v,,failed,0,0,,http_manifest,known,403,manifest,"Client error '403 ' for url 'https://openapiproext.bnf.fr/iiif/presentation/v3/ark:/12148/bd6t570299v/manifest.json'
For more information check: https://developer.mozilla.org/en-US/docs/Web/HTTP/Status/403",2026-07-17T21:11:05.325624
figaro1854,bd6t5703007,,failed,0,0,,http_manifest,known,403,manifest,"Client error '403 ' for url 'https://openapiproext.bnf.fr/iiif/presentation/v3/ark:/12148/bd6t5703007/manifest.json'
For more information check: https://developer.mozilla.org/en-US/docs/Web/HTTP/Status/403",2026-07-17T21:11:06.541398
figaro1854,bd6t570301k,,failed,0,0,,http_manifest,known,403,manifest,"Client error '403 ' for url 'https://openapiproext.bnf.fr/iiif/presentation/v3/ark:/12148/bd6t570301k/manifest.json'
For more information check: https://developer.mozilla.org/en-US/docs/Web/HTTP/Status/403",2026-07-17T21:11:07.729825
figaro1854,bd6t570302x,,failed,0,0,,http_manifest,known,403,manifest,"Client error '403 ' for url 'https://openapiproext.bnf.fr/iiif/presentation/v3/ark:/12148/bd6t570302x/manifest.json'
For more information check: https://developer.mozilla.org/en-US/docs/Web/HTTP/Status/403",2026-07-17T21:11:08.924848
figaro1854,bd6t5703038,,failed,0,0,,http_manifest,known,403,manifest,"Client error '403 ' for url 'https://openapiproext.bnf.fr/iiif/presentation/v3/ark:/12148/bd6t5703038/manifest.json'
For more information check: https://developer.mozilla.org/en-US/docs/Web/HTTP/Status/403",2026-07-17T21:11:10.149500
figaro1854,bd6t570304m,,failed,0,0,,http_manifest,known,403,manifest,"Client error '403 ' for url 'https://openapiproext.bnf.fr/iiif/presentation/v3/ark:/12148/bd6t570304m/manifest.json'
For more information check: https://developer.mozilla.org/en-US/docs/Web/HTTP/Status/403",2026-07-17T21:11:11.365145
figaro1854,bd6t570305z,,failed,0,0,,http_manifest,known,403,manifest,"Client error '403 ' for url 'https://openapiproext.bnf.fr/iiif/presentation/v3/ark:/12148/bd6t570305z/manifest.json'
For more information check: https://developer.mozilla.org/en-US/docs/Web/HTTP/Status/403",2026-07-17T21:11:12.526054
figaro1854,bd6t5703069,,failed,0,0,,http_manifest,known,403,manifest,"Client error '403 ' for url 'https://openapiproext.bnf.fr/iiif/presentation/v3/ark:/12148/bd6t5703069/manifest.json'
For more information check: https://developer.mozilla.org/en-US/docs/Web/HTTP/Status/403",2026-07-17T21:11:13.934544
figaro1854,bd6t570307n,,failed,0,0,,http_manifest,known,403,manifest,"Client error '403 ' for url 'https://openapiproext.bnf.fr/iiif/presentation/v3/ark:/12148/bd6t570307n/manifest.json'
For more information check: https://developer.mozilla.org/en-US/docs/Web/HTTP/Status/403",2026-07-17T21:11:14.935900
figaro1854,bd6t5703080,,failed,0,0,,http_manifest,known,403,manifest,"Client error '403 ' for url 'https://openapiproext.bnf.fr/iiif/presentation/v3/ark:/12148/bd6t5703080/manifest.json'
For more information check: https://developer.mozilla.org/en-US/docs/Web/HTTP/Status/403",2026-07-17T21:11:16.148006
figaro1854,bd6t570309b,,failed,0,0,,http_manifest,known,403,manifest,"Client error '403 ' for url 'https://openapiproext.bnf.fr/iiif/presentation/v3/ark:/12148/bd6t570309b/manifest.json'
For more information check: https://developer.mozilla.org/en-US/docs/Web/HTTP/Status/403",2026-07-17T21:11:17.444895
figaro1854,bd6t570310j,,failed,0,0,,http_manifest,known,403,manifest,"Client error '403 ' for url 'https://openapiproext.bnf.fr/iiif/presentation/v3/ark:/12148/bd6t570310j/manifest.json'
For more information check: https://developer.mozilla.org/en-US/docs/Web/HTTP/Status/403",2026-07-17T21:11:18.578237
figaro1854,bd6t570311w,,failed,0,0,,http_manifest,known,403,manifest,"Client error '403 ' for url 'https://openapiproext.bnf.fr/iiif/presentation/v3/ark:/12148/bd6t570311w/manifest.json'
For more information check: https://developer.mozilla.org/en-US/docs/Web/HTTP/Status/403",2026-07-17T21:11:19.735408
figaro1854,bd6t5703127,,failed,0,0,,http_manifest,known,403,manifest,"Client error '403 ' for url 'https://openapiproext.bnf.fr/iiif/presentation/v3/ark:/12148/bd6t5703127/manifest.json'
For more information check: https://developer.mozilla.org/en-US/docs/Web/HTTP/Status/403",2026-07-17T21:11:20.938573
figaro1854,bd6t570313k,,failed,0,0,,http_manifest,known,403,manifest,"Client error '403 ' for url 'https://openapiproext.bnf.fr/iiif/presentation/v3/ark:/12148/bd6t570313k/manifest.json'
For more information check: https://developer.mozilla.org/en-US/docs/Web/HTTP/Status/403",2026-07-17T21:11:22.166759
figaro1854,bd6t570314x,,failed,0,0,,http_manifest,known,403,manifest,"Client error '403 ' for url 'https://openapiproext.bnf.fr/iiif/presentation/v3/ark:/12148/bd6t570314x/manifest.json'
For more information check: https://developer.mozilla.org/en-US/docs/Web/HTTP/Status/403",2026-07-17T21:11:23.339762
figaro1854,bd6t5703158,,failed,0,0,,http_manifest,known,403,manifest,"Client error '403 ' for url 'https://openapiproext.bnf.fr/iiif/presentation/v3/ark:/12148/bd6t5703158/manifest.json'
For more information check: https://developer.mozilla.org/en-US/docs/Web/HTTP/Status/403",2026-07-17T21:11:24.542122
figaro1854,bd6t568945k,,failed,0,0,,http_manifest,known,403,manifest,"Client error '403 ' for url 'https://openapiproext.bnf.fr/iiif/presentation/v3/ark:/12148/bd6t568945k/manifest.json'
For more information check: https://developer.mozilla.org/en-US/docs/Web/HTTP/Status/403",2026-07-17T21:11:25.744339
figaro1854,bd6t568946x,,failed,0,0,,http_manifest,known,403,manifest,"Client error '403 ' for url 'https://openapiproext.bnf.fr/iiif/presentation/v3/ark:/12148/bd6t568946x/manifest.json'
For more information check: https://developer.mozilla.org/en-US/docs/Web/HTTP/Status/403",2026-07-17T21:11:26.947292
figaro1854,bd6t5689478,,failed,0,0,,http_manifest,known,403,manifest,"Client error '403 ' for url 'https://openapiproext.bnf.fr/iiif/presentation/v3/ark:/12148/bd6t5689478/manifest.json'
For more information check: https://developer.mozilla.org/en-US/docs/Web/HTTP/Status/403",2026-07-17T21:11:28.172317
figaro1854,bd6t568948m,,failed,0,0,,http_manifest,known,403,manifest,"Client error '403 ' for url 'https://openapiproext.bnf.fr/iiif/presentation/v3/ark:/12148/bd6t568948m/manifest.json'
For more information check: https://developer.mozilla.org/en-US/docs/Web/HTTP/Status/403",2026-07-17T21:11:29.353273
figaro1854,bd6t568949z,,failed,0,0,,http_manifest,known,403,manifest,"Client error '403 ' for url 'https://openapiproext.bnf.fr/iiif/presentation/v3/ark:/12148/bd6t568949z/manifest.json'
For more information check: https://developer.mozilla.org/en-US/docs/Web/HTTP/Status/403",2026-07-17T21:11:30.554613
figaro1854,bd6t5689505,,failed,0,0,,http_manifest,known,403,manifest,"Client error '403 ' for url 'https://openapiproext.bnf.fr/iiif/presentation/v3/ark:/12148/bd6t5689505/manifest.json'
For more information check: https://developer.mozilla.org/en-US/docs/Web/HTTP/Status/403",2026-07-17T21:11:31.752652
figaro1854,bd6t568951h,,failed,0,0,,http_manifest,known,403,manifest,"Client error '403 ' for url 'https://openapiproext.bnf.fr/iiif/presentation/v3/ark:/12148/bd6t568951h/manifest.json'
For more information check: https://developer.mozilla.org/en-US/docs/Web/HTTP/Status/403",2026-07-17T21:11:32.954725
figaro1854,bd6t568952v,,failed,0,0,,http_manifest,known,403,manifest,"Client error '403 ' for url 'https://openapiproext.bnf.fr/iiif/presentation/v3/ark:/12148/bd6t568952v/manifest.json'
For more information check: https://developer.mozilla.org/en-US/docs/Web/HTTP/Status/403",2026-07-17T21:11:34.160563
figaro1854,bd6t5689536,,failed,0,0,,http_manifest,known,403,manifest,"Client error '403 ' for url 'https://openapiproext.bnf.fr/iiif/presentation/v3/ark:/12148/bd6t5689536/manifest.json'
For more information check: https://developer.mozilla.org/en-US/docs/Web/HTTP/Status/403",2026-07-17T21:11:35.358141
figaro1854,bd6t568954j,,failed,0,0,,http_manifest,known,403,manifest,"Client error '403 ' for url 'https://openapiproext.bnf.fr/iiif/presentation/v3/ark:/12148/bd6t568954j/manifest.json'
For more information check: https://developer.mozilla.org/en-US/docs/Web/HTTP/Status/403",2026-07-17T21:11:36.626010
figaro1854,bd6t568955w,,failed,0,0,,http_manifest,known,403,manifest,"Client error '403 ' for url 'https://openapiproext.bnf.fr/iiif/presentation/v3/ark:/12148/bd6t568955w/manifest.json'
For more information check: https://developer.mozilla.org/en-US/docs/Web/HTTP/Status/403",2026-07-17T21:11:37.761093
figaro1854,bd6t5689567,,failed,0,0,,http_manifest,known,403,manifest,"Client error '403 ' for url 'https://openapiproext.bnf.fr/iiif/presentation/v3/ark:/12148/bd6t5689567/manifest.json'
For more information check: https://developer.mozilla.org/en-US/docs/Web/HTTP/Status/403",2026-07-17T21:11:38.966021
figaro1854,bd6t568957k,,failed,0,0,,http_manifest,known,403,manifest,"Client error '403 ' for url 'https://openapiproext.bnf.fr/iiif/presentation/v3/ark:/12148/bd6t568957k/manifest.json'
For more information check: https://developer.mozilla.org/en-US/docs/Web/HTTP/Status/403",2026-07-17T21:11:40.191917
figaro1854,bd6t568958x,,failed,0,0,,http_manifest,known,403,manifest,"Client error '403 ' for url 'https://openapiproext.bnf.fr/iiif/presentation/v3/ark:/12148/bd6t568958x/manifest.json'
For more information check: https://developer.mozilla.org/en-US/docs/Web/HTTP/Status/403",2026-07-17T21:11:41.367228
figaro1854,bd6t5689598,,failed,0,0,,http_manifest,known,403,manifest,"Client error '403 ' for url 'https://openapiproext.bnf.fr/iiif/presentation/v3/ark:/12148/bd6t5689598/manifest.json'
For more information check: https://developer.mozilla.org/en-US/docs/Web/HTTP/Status/403",2026-07-17T21:11:42.577346
figaro1854,bd6t568960g,,failed,0,0,,http_manifest,known,403,manifest,"Client error '403 ' for url 'https://openapiproext.bnf.fr/iiif/presentation/v3/ark:/12148/bd6t568960g/manifest.json'
For more information check: https://developer.mozilla.org/en-US/docs/Web/HTTP/Status/403",2026-07-17T21:11:43.776749
figaro1854,bd6t568961t,,failed,0,0,,http_manifest,known,403,manifest,"Client error '403 ' for url 'https://openapiproext.bnf.fr/iiif/presentation/v3/ark:/12148/bd6t568961t/manifest.json'
For more information check: https://developer.mozilla.org/en-US/docs/Web/HTTP/Status/403",2026-07-17T21:11:44.973297
figaro1854,bd6t5689625,,failed,0,0,,http_manifest,known,403,manifest,"Client error '403 ' for url 'https://openapiproext.bnf.fr/iiif/presentation/v3/ark:/12148/bd6t5689625/manifest.json'
For more information check: https://developer.mozilla.org/en-US/docs/Web/HTTP/Status/403",2026-07-17T21:11:46.173915
figaro1854,bd6t568963h,,failed,0,0,,http_manifest,known,403,manifest,"Client error '403 ' for url 'https://openapiproext.bnf.fr/iiif/presentation/v3/ark:/12148/bd6t568963h/manifest.json'
For more information check: https://developer.mozilla.org/en-US/docs/Web/HTTP/Status/403",2026-07-17T21:11:47.373627
figaro1854,bd6t568964v,,failed,0,0,,http_manifest,known,403,manifest,"Client error '403 ' for url 'https://openapiproext.bnf.fr/iiif/presentation/v3/ark:/12148/bd6t568964v/manifest.json'
For more information check: https://developer.mozilla.org/en-US/docs/Web/HTTP/Status/403",2026-07-17T21:11:48.572482
figaro1854,bd6t5689656,,failed,0,0,,http_manifest,known,403,manifest,"Client error '403 ' for url 'https://openapiproext.bnf.fr/iiif/presentation/v3/ark:/12148/bd6t5689656/manifest.json'
For more information check: https://developer.mozilla.org/en-US/docs/Web/HTTP/Status/403",2026-07-17T21:11:49.784512
figaro1854,bd6t568966j,,failed,0,0,,http_manifest,known,403,manifest,"Client error '403 ' for url 'https://openapiproext.bnf.fr/iiif/presentation/v3/ark:/12148/bd6t568966j/manifest.json'
For more information check: https://developer.mozilla.org/en-US/docs/Web/HTTP/Status/403",2026-07-17T21:11:50.981429
figaro1854,bd6t568967w,,failed,0,0,,http_manifest,known,403,manifest,"Client error '403 ' for url 'https://openapiproext.bnf.fr/iiif/presentation/v3/ark:/12148/bd6t568967w/manifest.json'
For more information check: https://developer.mozilla.org/en-US/docs/Web/HTTP/Status/403",2026-07-17T21:11:52.210071
figaro1854,bd6t5689687,,failed,0,0,,http_manifest,known,403,manifest,"Client error '403 ' for url 'https://openapiproext.bnf.fr/iiif/presentation/v3/ark:/12148/bd6t5689687/manifest.json'
For more information check: https://developer.mozilla.org/en-US/docs/Web/HTTP/Status/403",2026-07-17T21:11:53.385729
figaro1854,bd6t568969k,,failed,0,0,,http_manifest,known,403,manifest,"Client error '403 ' for url 'https://openapiproext.bnf.fr/iiif/presentation/v3/ark:/12148/bd6t568969k/manifest.json'
For more information check: https://developer.mozilla.org/en-US/docs/Web/HTTP/Status/403",2026-07-17T21:11:54.590941
figaro1854,bd6t568970s,,failed,0,0,,http_manifest,known,403,manifest,"Client error '403 ' for url 'https://openapiproext.bnf.fr/iiif/presentation/v3/ark:/12148/bd6t568970s/manifest.json'
For more information check: https://developer.mozilla.org/en-US/docs/Web/HTTP/Status/403",2026-07-17T21:11:55.791253
figaro1854,bd6t5689714,,failed,0,0,,http_manifest,known,403,manifest,"Client error '403 ' for url 'https://openapiproext.bnf.fr/iiif/presentation/v3/ark:/12148/bd6t5689714/manifest.json'
For more information check: https://developer.mozilla.org/en-US/docs/Web/HTTP/Status/403",2026-07-17T21:11:56.984864
figaro1854,bd6t568972g,,failed,0,0,,http_manifest,known,403,manifest,"Client error '403 ' for url 'https://openapiproext.bnf.fr/iiif/presentation/v3/ark:/12148/bd6t568972g/manifest.json'
For more information check: https://developer.mozilla.org/en-US/docs/Web/HTTP/Status/403",2026-07-17T21:11:58.209691
figaro1854,bd6t568973t,,failed,0,0,,http_manifest,known,403,manifest,"Client error '403 ' for url 'https://openapiproext.bnf.fr/iiif/presentation/v3/ark:/12148/bd6t568973t/manifest.json'
For more information check: https://developer.mozilla.org/en-US/docs/Web/HTTP/Status/403",2026-07-17T21:11:59.390892
figaro1854,bd6t5689745,,failed,0,0,,http_manifest,known,403,manifest,"Client error '403 ' for url 'https://openapiproext.bnf.fr/iiif/presentation/v3/ark:/12148/bd6t5689745/manifest.json'
For more information check: https://developer.mozilla.org/en-US/docs/Web/HTTP/Status/403",2026-07-17T21:12:00.653949
figaro1854,bd6t568975h,,failed,0,0,,http_manifest,known,403,manifest,"Client error '403 ' for url 'https://openapiproext.bnf.fr/iiif/presentation/v3/ark:/12148/bd6t568975h/manifest.json'
For more information check: https://developer.mozilla.org/en-US/docs/Web/HTTP/Status/403",2026-07-17T21:12:01.925646
figaro1854,bd6t568976v,,failed,0,0,,http_manifest,known,403,manifest,"Client error '403 ' for url 'https://openapiproext.bnf.fr/iiif/presentation/v3/ark:/12148/bd6t568976v/manifest.json'
For more information check: https://developer.mozilla.org/en-US/docs/Web/HTTP/Status/403",2026-07-17T21:12:03.051126
figaro1854,bd6t5689776,,failed,0,0,,http_manifest,known,403,manifest,"Client error '403 ' for url 'https://openapiproext.bnf.fr/iiif/presentation/v3/ark:/12148/bd6t5689776/manifest.json'
For more information check: https://developer.mozilla.org/en-US/docs/Web/HTTP/Status/403",2026-07-17T21:12:04.459097
figaro1854,bd6t568978j,,failed,0,0,,http_manifest,known,403,manifest,"Client error '403 ' for url 'https://openapiproext.bnf.fr/iiif/presentation/v3/ark:/12148/bd6t568978j/manifest.json'
For more information check: https://developer.mozilla.org/en-US/docs/Web/HTTP/Status/403",2026-07-17T21:12:05.542573
figaro1854,bd6t568979w,,failed,0,0,,http_manifest,known,403,manifest,"Client error '403 ' for url 'https://openapiproext.bnf.fr/iiif/presentation/v3/ark:/12148/bd6t568979w/manifest.json'
For more information check: https://developer.mozilla.org/en-US/docs/Web/HTTP/Status/403",2026-07-17T21:12:06.847945
figaro1854,bd6t5689803,,failed,0,0,,http_manifest,known,403,manifest,"Client error '403 ' for url 'https://openapiproext.bnf.fr/iiif/presentation/v3/ark:/12148/bd6t5689803/manifest.json'
For more information check: https://developer.mozilla.org/en-US/docs/Web/HTTP/Status/403",2026-07-17T21:12:07.806902
figaro1854,bd6t568981f,,failed,0,0,,http_manifest,known,403,manifest,"Client error '403 ' for url 'https://openapiproext.bnf.fr/iiif/presentation/v3/ark:/12148/bd6t568981f/manifest.json'
For more information check: https://developer.mozilla.org/en-US/docs/Web/HTTP/Status/403",2026-07-17T21:12:09.019598
figaro1854,bd6t568982s,,failed,0,0,,http_manifest,known,403,manifest,"Client error '403 ' for url 'https://openapiproext.bnf.fr/iiif/presentation/v3/ark:/12148/bd6t568982s/manifest.json'
For more information check: https://developer.mozilla.org/en-US/docs/Web/HTTP/Status/403",2026-07-17T21:12:10.206311
figaro1854,bd6t5689834,,failed,0,0,,http_manifest,known,403,manifest,"Client error '403 ' for url 'https://openapiproext.bnf.fr/iiif/presentation/v3/ark:/12148/bd6t5689834/manifest.json'
For more information check: https://developer.mozilla.org/en-US/docs/Web/HTTP/Status/403",2026-07-17T21:12:11.408591
figaro1854,bd6t568984g,,failed,0,0,,http_manifest,known,403,manifest,"Client error '403 ' for url 'https://openapiproext.bnf.fr/iiif/presentation/v3/ark:/12148/bd6t568984g/manifest.json'
For more information check: https://developer.mozilla.org/en-US/docs/Web/HTTP/Status/403",2026-07-17T21:12:12.632251
figaro1854,bd6t568985t,,failed,0,0,,http_manifest,known,403,manifest,"Client error '403 ' for url 'https://openapiproext.bnf.fr/iiif/presentation/v3/ark:/12148/bd6t568985t/manifest.json'
For more information check: https://developer.mozilla.org/en-US/docs/Web/HTTP/Status/403",2026-07-17T21:12:13.807004
figaro1854,bd6t5689865,,failed,0,0,,http_manifest,known,403,manifest,"Client error '403 ' for url 'https://openapiproext.bnf.fr/iiif/presentation/v3/ark:/12148/bd6t5689865/manifest.json'
For more information check: https://developer.mozilla.org/en-US/docs/Web/HTTP/Status/403",2026-07-17T21:12:15.010270
figaro1854,bd6t568987h,,failed,0,0,,http_manifest,known,403,manifest,"Client error '403 ' for url 'https://openapiproext.bnf.fr/iiif/presentation/v3/ark:/12148/bd6t568987h/manifest.json'
For more information check: https://developer.mozilla.org/en-US/docs/Web/HTTP/Status/403",2026-07-17T21:12:16.213210
figaro1854,bd6t568988v,,failed,0,0,,http_manifest,known,403,manifest,"Client error '403 ' for url 'https://openapiproext.bnf.fr/iiif/presentation/v3/ark:/12148/bd6t568988v/manifest.json'
For more information check: https://developer.mozilla.org/en-US/docs/Web/HTTP/Status/403",2026-07-17T21:12:17.417065
figaro1854,bd6t5689896,,failed,0,0,,http_manifest,known,403,manifest,"Client error '403 ' for url 'https://openapiproext.bnf.fr/iiif/presentation/v3/ark:/12148/bd6t5689896/manifest.json'
For more information check: https://developer.mozilla.org/en-US/docs/Web/HTTP/Status/403",2026-07-17T21:12:18.644265
figaro1854,bd6t568990d,,failed,0,0,,http_manifest,known,403,manifest,"Client error '403 ' for url 'https://openapiproext.bnf.fr/iiif/presentation/v3/ark:/12148/bd6t568990d/manifest.json'
For more information check: https://developer.mozilla.org/en-US/docs/Web/HTTP/Status/403",2026-07-17T21:12:19.816672
figaro1854,bd6t568991r,,failed,0,0,,http_manifest,known,403,manifest,"Client error '403 ' for url 'https://openapiproext.bnf.fr/iiif/presentation/v3/ark:/12148/bd6t568991r/manifest.json'
For more information check: https://developer.mozilla.org/en-US/docs/Web/HTTP/Status/403",2026-07-17T21:12:21.017362
figaro1854,bd6t5689923,,failed,0,0,,http_manifest,known,403,manifest,"Client error '403 ' for url 'https://openapiproext.bnf.fr/iiif/presentation/v3/ark:/12148/bd6t5689923/manifest.json'
For more information check: https://developer.mozilla.org/en-US/docs/Web/HTTP/Status/403",2026-07-17T21:12:22.216489
figaro1854,bd6t568993f,,failed,0,0,,http_manifest,known,403,manifest,"Client error '403 ' for url 'https://openapiproext.bnf.fr/iiif/presentation/v3/ark:/12148/bd6t568993f/manifest.json'
For more information check: https://developer.mozilla.org/en-US/docs/Web/HTTP/Status/403",2026-07-17T21:12:23.419009
figaro1854,bd6t568994s,,failed,0,0,,http_manifest,known,403,manifest,"Client error '403 ' for url 'https://openapiproext.bnf.fr/iiif/presentation/v3/ark:/12148/bd6t568994s/manifest.json'
For more information check: https://developer.mozilla.org/en-US/docs/Web/HTTP/Status/403",2026-07-17T21:12:24.621154
figaro1854,bd6t5689954,,failed,0,0,,http_manifest,known,403,manifest,"Client error '403 ' for url 'https://openapiproext.bnf.fr/iiif/presentation/v3/ark:/12148/bd6t5689954/manifest.json'
For more information check: https://developer.mozilla.org/en-US/docs/Web/HTTP/Status/403",2026-07-17T21:12:25.822173
figaro1854,bd6t568996g,,failed,0,0,,http_manifest,known,403,manifest,"Client error '403 ' for url 'https://openapiproext.bnf.fr/iiif/presentation/v3/ark:/12148/bd6t568996g/manifest.json'
For more information check: https://developer.mozilla.org/en-US/docs/Web/HTTP/Status/403",2026-07-17T21:12:27.023224
figaro1854,bd6t568997t,,failed,0,0,,http_manifest,known,403,manifest,"Client error '403 ' for url 'https://openapiproext.bnf.fr/iiif/presentation/v3/ark:/12148/bd6t568997t/manifest.json'
For more information check: https://developer.mozilla.org/en-US/docs/Web/HTTP/Status/403",2026-07-17T21:12:28.228080
figaro1854,bd6t571414f,,failed,0,0,,http_manifest,known,403,manifest,"Client error '403 ' for url 'https://openapiproext.bnf.fr/iiif/presentation/v3/ark:/12148/bd6t571414f/manifest.json'
For more information check: https://developer.mozilla.org/en-US/docs/Web/HTTP/Status/403",2026-07-17T21:12:29.427342
figaro1854,bd6t571415s,,failed,0,0,,http_manifest,known,403,manifest,"Client error '403 ' for url 'https://openapiproext.bnf.fr/iiif/presentation/v3/ark:/12148/bd6t571415s/manifest.json'
For more information check: https://developer.mozilla.org/en-US/docs/Web/HTTP/Status/403",2026-07-17T21:12:30.654963
figaro1854,bd6t5714164,,failed,0,0,,http_manifest,known,403,manifest,"Client error '403 ' for url 'https://openapiproext.bnf.fr/iiif/presentation/v3/ark:/12148/bd6t5714164/manifest.json'
For more information check: https://developer.mozilla.org/en-US/docs/Web/HTTP/Status/403",2026-07-17T21:12:31.830730
figaro1854,bd6t571417g,,failed,0,0,,http_manifest,known,403,manifest,"Client error '403 ' for url 'https://openapiproext.bnf.fr/iiif/presentation/v3/ark:/12148/bd6t571417g/manifest.json'
For more information check: https://developer.mozilla.org/en-US/docs/Web/HTTP/Status/403",2026-07-17T21:12:33.031659
figaro1854,bd6t571418t,,failed,0,0,,http_manifest,known,403,manifest,"Client error '403 ' for url 'https://openapiproext.bnf.fr/iiif/presentation/v3/ark:/12148/bd6t571418t/manifest.json'
For more information check: https://developer.mozilla.org/en-US/docs/Web/HTTP/Status/403",2026-07-17T21:12:34.236192
figaro1854,bd6t5714195,,failed,0,0,,http_manifest,known,403,manifest,"Client error '403 ' for url 'https://openapiproext.bnf.fr/iiif/presentation/v3/ark:/12148/bd6t5714195/manifest.json'
For more information check: https://developer.mozilla.org/en-US/docs/Web/HTTP/Status/403",2026-07-17T21:12:35.436689
figaro1854,bd6t571420c,,failed,0,0,,http_manifest,known,403,manifest,"Client error '403 ' for url 'https://openapiproext.bnf.fr/iiif/presentation/v3/ark:/12148/bd6t571420c/manifest.json'
For more information check: https://developer.mozilla.org/en-US/docs/Web/HTTP/Status/403",2026-07-17T21:12:36.636756
figaro1854,bd6t571421q,,failed,0,0,,http_manifest,known,403,manifest,"Client error '403 ' for url 'https://openapiproext.bnf.fr/iiif/presentation/v3/ark:/12148/bd6t571421q/manifest.json'
For more information check: https://developer.mozilla.org/en-US/docs/Web/HTTP/Status/403",2026-07-17T21:12:37.835680
figaro1854,bd6t5714222,,failed,0,0,,http_manifest,known,403,manifest,"Client error '403 ' for url 'https://openapiproext.bnf.fr/iiif/presentation/v3/ark:/12148/bd6t5714222/manifest.json'
For more information check: https://developer.mozilla.org/en-US/docs/Web/HTTP/Status/403",2026-07-17T21:12:39.038496
figaro1854,bd6t571423d,,failed,0,0,,http_manifest,known,403,manifest,"Client error '403 ' for url 'https://openapiproext.bnf.fr/iiif/presentation/v3/ark:/12148/bd6t571423d/manifest.json'
For more information check: https://developer.mozilla.org/en-US/docs/Web/HTTP/Status/403",2026-07-17T21:12:40.240291
figaro1854,bd6t571424r,,failed,0,0,,http_manifest,known,403,manifest,"Client error '403 ' for url 'https://openapiproext.bnf.fr/iiif/presentation/v3/ark:/12148/bd6t571424r/manifest.json'
For more information check: https://developer.mozilla.org/en-US/docs/Web/HTTP/Status/403",2026-07-17T21:12:41.439326
figaro1854,bd6t5714253,,failed,0,0,,http_manifest,known,403,manifest,"Client error '403 ' for url 'https://openapiproext.bnf.fr/iiif/presentation/v3/ark:/12148/bd6t5714253/manifest.json'
For more information check: https://developer.mozilla.org/en-US/docs/Web/HTTP/Status/403",2026-07-17T21:12:42.673276
figaro1854,bd6t571426f,,failed,0,0,,http_manifest,known,403,manifest,"Client error '403 ' for url 'https://openapiproext.bnf.fr/iiif/presentation/v3/ark:/12148/bd6t571426f/manifest.json'
For more information check: https://developer.mozilla.org/en-US/docs/Web/HTTP/Status/403",2026-07-17T21:12:43.846071
figaro1854,bd6t571427s,,failed,0,0,,http_manifest,known,403,manifest,"Client error '403 ' for url 'https://openapiproext.bnf.fr/iiif/presentation/v3/ark:/12148/bd6t571427s/manifest.json'
For more information check: https://developer.mozilla.org/en-US/docs/Web/HTTP/Status/403",2026-07-17T21:12:45.047538
figaro1854,bd6t5714284,,failed,0,0,,http_manifest,known,403,manifest,"Client error '403 ' for url 'https://openapiproext.bnf.fr/iiif/presentation/v3/ark:/12148/bd6t5714284/manifest.json'
For more information check: https://developer.mozilla.org/en-US/docs/Web/HTTP/Status/403",2026-07-17T21:12:46.246919
figaro1854,bd6t571429g,,failed,0,0,,http_manifest,known,403,manifest,"Client error '403 ' for url 'https://openapiproext.bnf.fr/iiif/presentation/v3/ark:/12148/bd6t571429g/manifest.json'
For more information check: https://developer.mozilla.org/en-US/docs/Web/HTTP/Status/403",2026-07-17T21:12:47.449124
figaro1854,bd6t571430p,,failed,0,0,,http_manifest,known,403,manifest,"Client error '403 ' for url 'https://openapiproext.bnf.fr/iiif/presentation/v3/ark:/12148/bd6t571430p/manifest.json'
For more information check: https://developer.mozilla.org/en-US/docs/Web/HTTP/Status/403",2026-07-17T21:12:48.672524
figaro1854,bd6t5714311,,failed,0,0,,http_manifest,known,403,manifest,"Client error '403 ' for url 'https://openapiproext.bnf.fr/iiif/presentation/v3/ark:/12148/bd6t5714311/manifest.json'
For more information check: https://developer.mozilla.org/en-US/docs/Web/HTTP/Status/403",2026-07-17T21:12:49.857739
figaro1854,bd6t571432c,,failed,0,0,,http_manifest,known,403,manifest,"Client error '403 ' for url 'https://openapiproext.bnf.fr/iiif/presentation/v3/ark:/12148/bd6t571432c/manifest.json'
For more information check: https://developer.mozilla.org/en-US/docs/Web/HTTP/Status/403",2026-07-17T21:12:51.054856
figaro1854,bd6t571433q,,failed,0,0,,http_manifest,known,403,manifest,"Client error '403 ' for url 'https://openapiproext.bnf.fr/iiif/presentation/v3/ark:/12148/bd6t571433q/manifest.json'
For more information check: https://developer.mozilla.org/en-US/docs/Web/HTTP/Status/403",2026-07-17T21:12:52.261155
figaro1854,bd6t5714342,,failed,0,0,,http_manifest,known,403,manifest,"Client error '403 ' for url 'https://openapiproext.bnf.fr/iiif/presentation/v3/ark:/12148/bd6t5714342/manifest.json'
For more information check: https://developer.mozilla.org/en-US/docs/Web/HTTP/Status/403",2026-07-17T21:12:53.455694
figaro1854,bd6t571435d,,failed,0,0,,http_manifest,known,403,manifest,"Client error '403 ' for url 'https://openapiproext.bnf.fr/iiif/presentation/v3/ark:/12148/bd6t571435d/manifest.json'
For more information check: https://developer.mozilla.org/en-US/docs/Web/HTTP/Status/403",2026-07-17T21:12:54.658700
figaro1854,bd6t571436r,,failed,0,0,,http_manifest,known,403,manifest,"Client error '403 ' for url 'https://openapiproext.bnf.fr/iiif/presentation/v3/ark:/12148/bd6t571436r/manifest.json'
For more information check: https://developer.mozilla.org/en-US/docs/Web/HTTP/Status/403",2026-07-17T21:12:55.855138
figaro1854,bd6t5714373,,failed,0,0,,http_manifest,known,403,manifest,"Client error '403 ' for url 'https://openapiproext.bnf.fr/iiif/presentation/v3/ark:/12148/bd6t5714373/manifest.json'
For more information check: https://developer.mozilla.org/en-US/docs/Web/HTTP/Status/403",2026-07-17T21:12:57.060915
figaro1854,bd6t571438f,,failed,0,0,,http_manifest,known,403,manifest,"Client error '403 ' for url 'https://openapiproext.bnf.fr/iiif/presentation/v3/ark:/12148/bd6t571438f/manifest.json'
For more information check: https://developer.mozilla.org/en-US/docs/Web/HTTP/Status/403",2026-07-17T21:12:58.259218
figaro1854,bd6t571439s,,failed,0,0,,http_manifest,known,403,manifest,"Client error '403 ' for url 'https://openapiproext.bnf.fr/iiif/presentation/v3/ark:/12148/bd6t571439s/manifest.json'
For more information check: https://developer.mozilla.org/en-US/docs/Web/HTTP/Status/403",2026-07-17T21:12:59.522348
figaro1854,bd6t5714400,,failed,0,0,,http_manifest,known,403,manifest,"Client error '403 ' for url 'https://openapiproext.bnf.fr/iiif/presentation/v3/ark:/12148/bd6t5714400/manifest.json'
For more information check: https://developer.mozilla.org/en-US/docs/Web/HTTP/Status/403",2026-07-17T21:13:00.693980
figaro1854,bd6t571441b,,failed,0,0,,http_manifest,known,403,manifest,"Client error '403 ' for url 'https://openapiproext.bnf.fr/iiif/presentation/v3/ark:/12148/bd6t571441b/manifest.json'
For more information check: https://developer.mozilla.org/en-US/docs/Web/HTTP/Status/403",2026-07-17T21:13:02.059904
figaro1854,bd6t571442p,,failed,0,0,,http_manifest,known,403,manifest,"Client error '403 ' for url 'https://openapiproext.bnf.fr/iiif/presentation/v3/ark:/12148/bd6t571442p/manifest.json'
For more information check: https://developer.mozilla.org/en-US/docs/Web/HTTP/Status/403",2026-07-17T21:13:03.070816
figaro1854,bd6t5714431,,failed,0,0,,http_manifest,known,403,manifest,"Client error '403 ' for url 'https://openapiproext.bnf.fr/iiif/presentation/v3/ark:/12148/bd6t5714431/manifest.json'
For more information check: https://developer.mozilla.org/en-US/docs/Web/HTTP/Status/403",2026-07-17T21:13:04.408127
figaro1854,bd6t571444c,,failed,0,0,,http_manifest,known,403,manifest,"Client error '403 ' for url 'https://openapiproext.bnf.fr/iiif/presentation/v3/ark:/12148/bd6t571444c/manifest.json'
For more information check: https://developer.mozilla.org/en-US/docs/Web/HTTP/Status/403",2026-07-17T21:13:05.623995
figaro1854,bd6t571445q,,failed,0,0,,http_manifest,known,403,manifest,"Client error '403 ' for url 'https://openapiproext.bnf.fr/iiif/presentation/v3/ark:/12148/bd6t571445q/manifest.json'
For more information check: https://developer.mozilla.org/en-US/docs/Web/HTTP/Status/403",2026-07-17T21:13:06.677726
figaro1854,bd6t5714462,,failed,0,0,,http_manifest,known,403,manifest,"Client error '403 ' for url 'https://openapiproext.bnf.fr/iiif/presentation/v3/ark:/12148/bd6t5714462/manifest.json'
For more information check: https://developer.mozilla.org/en-US/docs/Web/HTTP/Status/403",2026-07-17T21:13:08.020158
figaro1854,bd6t571447d,,failed,0,0,,http_manifest,known,403,manifest,"Client error '403 ' for url 'https://openapiproext.bnf.fr/iiif/presentation/v3/ark:/12148/bd6t571447d/manifest.json'
For more information check: https://developer.mozilla.org/en-US/docs/Web/HTTP/Status/403",2026-07-17T21:13:09.185963
figaro1854,bd6t571448r,,failed,0,0,,http_manifest,known,403,manifest,"Client error '403 ' for url 'https://openapiproext.bnf.fr/iiif/presentation/v3/ark:/12148/bd6t571448r/manifest.json'
For more information check: https://developer.mozilla.org/en-US/docs/Web/HTTP/Status/403",2026-07-17T21:13:10.275580
figaro1854,bd6t5714493,,failed,0,0,,http_manifest,known,403,manifest,"Client error '403 ' for url 'https://openapiproext.bnf.fr/iiif/presentation/v3/ark:/12148/bd6t5714493/manifest.json'
For more information check: https://developer.mozilla.org/en-US/docs/Web/HTTP/Status/403",2026-07-17T21:13:11.645290
figaro1854,bd6t5714509,,failed,0,0,,http_manifest,known,403,manifest,"Client error '403 ' for url 'https://openapiproext.bnf.fr/iiif/presentation/v3/ark:/12148/bd6t5714509/manifest.json'
For more information check: https://developer.mozilla.org/en-US/docs/Web/HTTP/Status/403",2026-07-17T21:13:12.747195
figaro1854,bd6t571451n,,failed,0,0,,http_manifest,known,403,manifest,"Client error '403 ' for url 'https://openapiproext.bnf.fr/iiif/presentation/v3/ark:/12148/bd6t571451n/manifest.json'
For more information check: https://developer.mozilla.org/en-US/docs/Web/HTTP/Status/403",2026-07-17T21:13:14.108149
figaro1854,bd6t5714520,,failed,0,0,,http_manifest,known,403,manifest,"Client error '403 ' for url 'https://openapiproext.bnf.fr/iiif/presentation/v3/ark:/12148/bd6t5714520/manifest.json'
For more information check: https://developer.mozilla.org/en-US/docs/Web/HTTP/Status/403",2026-07-17T21:13:15.329187
figaro1854,bd6t571453b,,failed,0,0,,http_manifest,known,403,manifest,"Client error '403 ' for url 'https://openapiproext.bnf.fr/iiif/presentation/v3/ark:/12148/bd6t571453b/manifest.json'
For more information check: https://developer.mozilla.org/en-US/docs/Web/HTTP/Status/403",2026-07-17T21:13:16.283338
figaro1854,bd6t571454p,,failed,0,0,,http_manifest,known,403,manifest,"Client error '403 ' for url 'https://openapiproext.bnf.fr/iiif/presentation/v3/ark:/12148/bd6t571454p/manifest.json'
For more information check: https://developer.mozilla.org/en-US/docs/Web/HTTP/Status/403",2026-07-17T21:13:17.552294
figaro1854,bd6t5714551,,failed,0,0,,http_manifest,known,403,manifest,"Client error '403 ' for url 'https://openapiproext.bnf.fr/iiif/presentation/v3/ark:/12148/bd6t5714551/manifest.json'
For more information check: https://developer.mozilla.org/en-US/docs/Web/HTTP/Status/403",2026-07-17T21:13:18.941939
figaro1854,bd6t571456c,,failed,0,0,,http_manifest,known,403,manifest,"Client error '403 ' for url 'https://openapiproext.bnf.fr/iiif/presentation/v3/ark:/12148/bd6t571456c/manifest.json'
For more information check: https://developer.mozilla.org/en-US/docs/Web/HTTP/Status/403",2026-07-17T21:13:19.890948
figaro1854,bd6t571457q,,failed,0,0,,http_manifest,known,403,manifest,"Client error '403 ' for url 'https://openapiproext.bnf.fr/iiif/presentation/v3/ark:/12148/bd6t571457q/manifest.json'
For more information check: https://developer.mozilla.org/en-US/docs/Web/HTTP/Status/403",2026-07-17T21:13:21.095024
figaro1854,bd6t5714582,,failed,0,0,,http_manifest,known,403,manifest,"Client error '403 ' for url 'https://openapiproext.bnf.fr/iiif/presentation/v3/ark:/12148/bd6t5714582/manifest.json'
For more information check: https://developer.mozilla.org/en-US/docs/Web/HTTP/Status/403",2026-07-17T21:13:22.290911
figaro1854,bd6t571459d,,failed,0,0,,http_manifest,known,403,manifest,"Client error '403 ' for url 'https://openapiproext.bnf.fr/iiif/presentation/v3/ark:/12148/bd6t571459d/manifest.json'
For more information check: https://developer.mozilla.org/en-US/docs/Web/HTTP/Status/403",2026-07-17T21:13:23.500759
figaro1854,bd6t571460m,,failed,0,0,,http_manifest,known,403,manifest,"Client error '403 ' for url 'https://openapiproext.bnf.fr/iiif/presentation/v3/ark:/12148/bd6t571460m/manifest.json'
For more information check: https://developer.mozilla.org/en-US/docs/Web/HTTP/Status/403",2026-07-17T21:13:24.696417
figaro1854,bd6t571461z,,failed,0,0,,http_manifest,known,403,manifest,"Client error '403 ' for url 'https://openapiproext.bnf.fr/iiif/presentation/v3/ark:/12148/bd6t571461z/manifest.json'
For more information check: https://developer.mozilla.org/en-US/docs/Web/HTTP/Status/403",2026-07-17T21:13:25.896144
figaro1854,bd6t5714629,,failed,0,0,,http_manifest,known,403,manifest,"Client error '403 ' for url 'https://openapiproext.bnf.fr/iiif/presentation/v3/ark:/12148/bd6t5714629/manifest.json'
For more information check: https://developer.mozilla.org/en-US/docs/Web/HTTP/Status/403",2026-07-17T21:13:27.098756
figaro1854,bd6t571463n,,failed,0,0,,http_manifest,known,403,manifest,"Client error '403 ' for url 'https://openapiproext.bnf.fr/iiif/presentation/v3/ark:/12148/bd6t571463n/manifest.json'
For more information check: https://developer.mozilla.org/en-US/docs/Web/HTTP/Status/403",2026-07-17T21:13:28.299584
figaro1854,bd6t5714640,,failed,0,0,,http_manifest,known,403,manifest,"Client error '403 ' for url 'https://openapiproext.bnf.fr/iiif/presentation/v3/ark:/12148/bd6t5714640/manifest.json'
For more information check: https://developer.mozilla.org/en-US/docs/Web/HTTP/Status/403",2026-07-17T21:13:29.502944
figaro1854,bd6t571285d,,failed,0,0,,http_manifest,known,403,manifest,"Client error '403 ' for url 'https://openapiproext.bnf.fr/iiif/presentation/v3/ark:/12148/bd6t571285d/manifest.json'
For more information check: https://developer.mozilla.org/en-US/docs/Web/HTTP/Status/403",2026-07-17T21:13:30.727414
figaro1854,bd6t571286r,,failed,0,0,,http_manifest,known,403,manifest,"Client error '403 ' for url 'https://openapiproext.bnf.fr/iiif/presentation/v3/ark:/12148/bd6t571286r/manifest.json'
For more information check: https://developer.mozilla.org/en-US/docs/Web/HTTP/Status/403",2026-07-17T21:13:31.904255
figaro1854,bd6t5712873,,failed,0,0,,http_manifest,known,403,manifest,"Client error '403 ' for url 'https://openapiproext.bnf.fr/iiif/presentation/v3/ark:/12148/bd6t5712873/manifest.json'
For more information check: https://developer.mozilla.org/en-US/docs/Web/HTTP/Status/403",2026-07-17T21:13:33.106983
figaro1854,bd6t571288f,,failed,0,0,,http_manifest,known,403,manifest,"Client error '403 ' for url 'https://openapiproext.bnf.fr/iiif/presentation/v3/ark:/12148/bd6t571288f/manifest.json'
For more information check: https://developer.mozilla.org/en-US/docs/Web/HTTP/Status/403",2026-07-17T21:13:34.306202
figaro1854,bd6t571289s,,failed,0,0,,http_manifest,known,403,manifest,"Client error '403 ' for url 'https://openapiproext.bnf.fr/iiif/presentation/v3/ark:/12148/bd6t571289s/manifest.json'
For more information check: https://developer.mozilla.org/en-US/docs/Web/HTTP/Status/403",2026-07-17T21:13:35.510757
figaro1854,bd6t5712900,,failed,0,0,,http_manifest,known,403,manifest,"Client error '403 ' for url 'https://openapiproext.bnf.fr/iiif/presentation/v3/ark:/12148/bd6t5712900/manifest.json'
For more information check: https://developer.mozilla.org/en-US/docs/Web/HTTP/Status/403",2026-07-17T21:13:36.712553
figaro1854,bd6t571291b,,failed,0,0,,http_manifest,known,403,manifest,"Client error '403 ' for url 'https://openapiproext.bnf.fr/iiif/presentation/v3/ark:/12148/bd6t571291b/manifest.json'
For more information check: https://developer.mozilla.org/en-US/docs/Web/HTTP/Status/403",2026-07-17T21:13:37.913872
figaro1854,bd6t571292p,,failed,0,0,,http_manifest,known,403,manifest,"Client error '403 ' for url 'https://openapiproext.bnf.fr/iiif/presentation/v3/ark:/12148/bd6t571292p/manifest.json'
For more information check: https://developer.mozilla.org/en-US/docs/Web/HTTP/Status/403",2026-07-17T21:13:39.117493
figaro1854,bd6t5712931,,failed,0,0,,http_manifest,known,403,manifest,"Client error '403 ' for url 'https://openapiproext.bnf.fr/iiif/presentation/v3/ark:/12148/bd6t5712931/manifest.json'
For more information check: https://developer.mozilla.org/en-US/docs/Web/HTTP/Status/403",2026-07-17T21:13:40.316375
figaro1854,bd6t571294c,,failed,0,0,,http_manifest,known,403,manifest,"Client error '403 ' for url 'https://openapiproext.bnf.fr/iiif/presentation/v3/ark:/12148/bd6t571294c/manifest.json'
For more information check: https://developer.mozilla.org/en-US/docs/Web/HTTP/Status/403",2026-07-17T21:13:41.517490
figaro1854,bd6t571295q,,failed,0,0,,http_manifest,known,403,manifest,"Client error '403 ' for url 'https://openapiproext.bnf.fr/iiif/presentation/v3/ark:/12148/bd6t571295q/manifest.json'
For more information check: https://developer.mozilla.org/en-US/docs/Web/HTTP/Status/403",2026-07-17T21:13:42.744193
figaro1854,bd6t5712962,,failed,0,0,,http_manifest,known,403,manifest,"Client error '403 ' for url 'https://openapiproext.bnf.fr/iiif/presentation/v3/ark:/12148/bd6t5712962/manifest.json'
For more information check: https://developer.mozilla.org/en-US/docs/Web/HTTP/Status/403",2026-07-17T21:13:43.920894
figaro1854,bd6t571297d,,failed,0,0,,http_manifest,known,403,manifest,"Client error '403 ' for url 'https://openapiproext.bnf.fr/iiif/presentation/v3/ark:/12148/bd6t571297d/manifest.json'
For more information check: https://developer.mozilla.org/en-US/docs/Web/HTTP/Status/403",2026-07-17T21:13:45.119732
figaro1854,bd6t571298r,,failed,0,0,,http_manifest,known,403,manifest,"Client error '403 ' for url 'https://openapiproext.bnf.fr/iiif/presentation/v3/ark:/12148/bd6t571298r/manifest.json'
For more information check: https://developer.mozilla.org/en-US/docs/Web/HTTP/Status/403",2026-07-17T21:13:46.323874
figaro1854,bd6t5712993,,failed,0,0,,http_manifest,known,403,manifest,"Client error '403 ' for url 'https://openapiproext.bnf.fr/iiif/presentation/v3/ark:/12148/bd6t5712993/manifest.json'
For more information check: https://developer.mozilla.org/en-US/docs/Web/HTTP/Status/403",2026-07-17T21:13:47.526130
figaro1854,bd6t571300g,,failed,0,0,,http_manifest,known,403,manifest,"Client error '403 ' for url 'https://openapiproext.bnf.fr/iiif/presentation/v3/ark:/12148/bd6t571300g/manifest.json'
For more information check: https://developer.mozilla.org/en-US/docs/Web/HTTP/Status/403",2026-07-17T21:13:48.755544
figaro1854,bd6t571301t,,failed,0,0,,http_manifest,known,403,manifest,"Client error '403 ' for url 'https://openapiproext.bnf.fr/iiif/presentation/v3/ark:/12148/bd6t571301t/manifest.json'
For more information check: https://developer.mozilla.org/en-US/docs/Web/HTTP/Status/403",2026-07-17T21:13:49.928946
figaro1854,bd6t5713025,,failed,0,0,,http_manifest,known,403,manifest,"Client error '403 ' for url 'https://openapiproext.bnf.fr/iiif/presentation/v3/ark:/12148/bd6t5713025/manifest.json'
For more information check: https://developer.mozilla.org/en-US/docs/Web/HTTP/Status/403",2026-07-17T21:13:51.129750
figaro1854,bd6t571303h,,failed,0,0,,http_manifest,known,403,manifest,"Client error '403 ' for url 'https://openapiproext.bnf.fr/iiif/presentation/v3/ark:/12148/bd6t571303h/manifest.json'
For more information check: https://developer.mozilla.org/en-US/docs/Web/HTTP/Status/403",2026-07-17T21:13:52.331296
figaro1854,bd6t571304v,,failed,0,0,,http_manifest,known,403,manifest,"Client error '403 ' for url 'https://openapiproext.bnf.fr/iiif/presentation/v3/ark:/12148/bd6t571304v/manifest.json'
For more information check: https://developer.mozilla.org/en-US/docs/Web/HTTP/Status/403",2026-07-17T21:13:53.535407
figaro1854,bd6t5713056,,failed,0,0,,http_manifest,known,403,manifest,"Client error '403 ' for url 'https://openapiproext.bnf.fr/iiif/presentation/v3/ark:/12148/bd6t5713056/manifest.json'
For more information check: https://developer.mozilla.org/en-US/docs/Web/HTTP/Status/403",2026-07-17T21:13:54.735126
figaro1854,bd6t571306j,,failed,0,0,,http_manifest,known,403,manifest,"Client error '403 ' for url 'https://openapiproext.bnf.fr/iiif/presentation/v3/ark:/12148/bd6t571306j/manifest.json'
For more information check: https://developer.mozilla.org/en-US/docs/Web/HTTP/Status/403",2026-07-17T21:13:55.943842
figaro1854,bd6t571307w,,failed,0,0,,http_manifest,known,403,manifest,"Client error '403 ' for url 'https://openapiproext.bnf.fr/iiif/presentation/v3/ark:/12148/bd6t571307w/manifest.json'
For more information check: https://developer.mozilla.org/en-US/docs/Web/HTTP/Status/403",2026-07-17T21:13:57.139969
figaro1854,bd6t5713087,,failed,0,0,,http_manifest,known,403,manifest,"Client error '403 ' for url 'https://openapiproext.bnf.fr/iiif/presentation/v3/ark:/12148/bd6t5713087/manifest.json'
For more information check: https://developer.mozilla.org/en-US/docs/Web/HTTP/Status/403",2026-07-17T21:13:58.341057
figaro1854,bd6t571309k,,failed,0,0,,http_manifest,known,403,manifest,"Client error '403 ' for url 'https://openapiproext.bnf.fr/iiif/presentation/v3/ark:/12148/bd6t571309k/manifest.json'
For more information check: https://developer.mozilla.org/en-US/docs/Web/HTTP/Status/403",2026-07-17T21:13:59.544646
figaro1854,bd6t571310s,,failed,0,0,,http_manifest,known,403,manifest,"Client error '403 ' for url 'https://openapiproext.bnf.fr/iiif/presentation/v3/ark:/12148/bd6t571310s/manifest.json'
For more information check: https://developer.mozilla.org/en-US/docs/Web/HTTP/Status/403",2026-07-17T21:14:00.813726
figaro1854,bd6t5713114,,failed,0,0,,http_manifest,known,403,manifest,"Client error '403 ' for url 'https://openapiproext.bnf.fr/iiif/presentation/v3/ark:/12148/bd6t5713114/manifest.json'
For more information check: https://developer.mozilla.org/en-US/docs/Web/HTTP/Status/403",2026-07-17T21:14:01.945138
figaro1854,bd6t571312g,,failed,0,0,,http_manifest,known,403,manifest,"Client error '403 ' for url 'https://openapiproext.bnf.fr/iiif/presentation/v3/ark:/12148/bd6t571312g/manifest.json'
For more information check: https://developer.mozilla.org/en-US/docs/Web/HTTP/Status/403",2026-07-17T21:14:03.374934
figaro1854,bd6t571313t,,failed,0,0,,http_manifest,known,403,manifest,"Client error '403 ' for url 'https://openapiproext.bnf.fr/iiif/presentation/v3/ark:/12148/bd6t571313t/manifest.json'
For more information check: https://developer.mozilla.org/en-US/docs/Web/HTTP/Status/403",2026-07-17T21:14:04.474043
figaro1854,bd6t5713145,,failed,0,0,,http_manifest,known,403,manifest,"Client error '403 ' for url 'https://openapiproext.bnf.fr/iiif/presentation/v3/ark:/12148/bd6t5713145/manifest.json'
For more information check: https://developer.mozilla.org/en-US/docs/Web/HTTP/Status/403",2026-07-17T21:14:05.610497
figaro1854,bd6t571315h,,failed,0,0,,http_manifest,known,403,manifest,"Client error '403 ' for url 'https://openapiproext.bnf.fr/iiif/presentation/v3/ark:/12148/bd6t571315h/manifest.json'
For more information check: https://developer.mozilla.org/en-US/docs/Web/HTTP/Status/403",2026-07-17T21:14:06.977639
figaro1854,bd6t571316v,,failed,0,0,,http_manifest,known,403,manifest,"Client error '403 ' for url 'https://openapiproext.bnf.fr/iiif/presentation/v3/ark:/12148/bd6t571316v/manifest.json'
For more information check: https://developer.mozilla.org/en-US/docs/Web/HTTP/Status/403",2026-07-17T21:14:07.952047
figaro1854,bd6t5713176,,failed,0,0,,http_manifest,known,403,manifest,"Client error '403 ' for url 'https://openapiproext.bnf.fr/iiif/presentation/v3/ark:/12148/bd6t5713176/manifest.json'
For more information check: https://developer.mozilla.org/en-US/docs/Web/HTTP/Status/403",2026-07-17T21:14:09.157151
figaro1854,bd6t571318j,,failed,0,0,,http_manifest,known,403,manifest,"Client error '403 ' for url 'https://openapiproext.bnf.fr/iiif/presentation/v3/ark:/12148/bd6t571318j/manifest.json'
For more information check: https://developer.mozilla.org/en-US/docs/Web/HTTP/Status/403",2026-07-17T21:14:10.430157
figaro1854,bd6t571319w,,failed,0,0,,http_manifest,known,403,manifest,"Client error '403 ' for url 'https://openapiproext.bnf.fr/iiif/presentation/v3/ark:/12148/bd6t571319w/manifest.json'
For more information check: https://developer.mozilla.org/en-US/docs/Web/HTTP/Status/403",2026-07-17T21:14:11.718938
figaro1854,bd6t5713203,,failed,0,0,,http_manifest,known,403,manifest,"Client error '403 ' for url 'https://openapiproext.bnf.fr/iiif/presentation/v3/ark:/12148/bd6t5713203/manifest.json'
For more information check: https://developer.mozilla.org/en-US/docs/Web/HTTP/Status/403",2026-07-17T21:14:12.828924
figaro1854,bd6t571321f,,failed,0,0,,http_manifest,known,403,manifest,"Client error '403 ' for url 'https://openapiproext.bnf.fr/iiif/presentation/v3/ark:/12148/bd6t571321f/manifest.json'
For more information check: https://developer.mozilla.org/en-US/docs/Web/HTTP/Status/403",2026-07-17T21:14:14.021085
figaro1854,bd6t571322s,,failed,0,0,,http_manifest,known,403,manifest,"Client error '403 ' for url 'https://openapiproext.bnf.fr/iiif/presentation/v3/ark:/12148/bd6t571322s/manifest.json'
For more information check: https://developer.mozilla.org/en-US/docs/Web/HTTP/Status/403",2026-07-17T21:14:15.243654
figaro1854,bd6t5713234,,failed,0,0,,http_manifest,known,403,manifest,"Client error '403 ' for url 'https://openapiproext.bnf.fr/iiif/presentation/v3/ark:/12148/bd6t5713234/manifest.json'
For more information check: https://developer.mozilla.org/en-US/docs/Web/HTTP/Status/403",2026-07-17T21:14:16.498665
figaro1854,bd6t571324g,,failed,0,0,,http_manifest,known,403,manifest,"Client error '403 ' for url 'https://openapiproext.bnf.fr/iiif/presentation/v3/ark:/12148/bd6t571324g/manifest.json'
For more information check: https://developer.mozilla.org/en-US/docs/Web/HTTP/Status/403",2026-07-17T21:14:17.622821
figaro1854,bd6t571325t,,failed,0,0,,http_manifest,known,403,manifest,"Client error '403 ' for url 'https://openapiproext.bnf.fr/iiif/presentation/v3/ark:/12148/bd6t571325t/manifest.json'
For more information check: https://developer.mozilla.org/en-US/docs/Web/HTTP/Status/403",2026-07-17T21:14:18.957019
figaro1854,bd6t5713265,,failed,0,0,,http_manifest,known,403,manifest,"Client error '403 ' for url 'https://openapiproext.bnf.fr/iiif/presentation/v3/ark:/12148/bd6t5713265/manifest.json'
For more information check: https://developer.mozilla.org/en-US/docs/Web/HTTP/Status/403",2026-07-17T21:14:19.968520
figaro1854,bd6t571327h,,failed,0,0,,http_manifest,known,403,manifest,"Client error '403 ' for url 'https://openapiproext.bnf.fr/iiif/presentation/v3/ark:/12148/bd6t571327h/manifest.json'
For more information check: https://developer.mozilla.org/en-US/docs/Web/HTTP/Status/403",2026-07-17T21:14:21.165474
figaro1854,bd6t571328v,,failed,0,0,,http_manifest,known,403,manifest,"Client error '403 ' for url 'https://openapiproext.bnf.fr/iiif/presentation/v3/ark:/12148/bd6t571328v/manifest.json'
For more information check: https://developer.mozilla.org/en-US/docs/Web/HTTP/Status/403",2026-07-17T21:14:22.376842
figaro1854,bd6t5713296,,failed,0,0,,http_manifest,known,403,manifest,"Client error '403 ' for url 'https://openapiproext.bnf.fr/iiif/presentation/v3/ark:/12148/bd6t5713296/manifest.json'
For more information check: https://developer.mozilla.org/en-US/docs/Web/HTTP/Status/403",2026-07-17T21:14:23.567263
figaro1854,bd6t571330d,,failed,0,0,,http_manifest,known,403,manifest,"Client error '403 ' for url 'https://openapiproext.bnf.fr/iiif/presentation/v3/ark:/12148/bd6t571330d/manifest.json'
For more information check: https://developer.mozilla.org/en-US/docs/Web/HTTP/Status/403",2026-07-17T21:14:24.800976
figaro1854,bd6t571331r,,failed,0,0,,http_manifest,known,403,manifest,"Client error '403 ' for url 'https://openapiproext.bnf.fr/iiif/presentation/v3/ark:/12148/bd6t571331r/manifest.json'
For more information check: https://developer.mozilla.org/en-US/docs/Web/HTTP/Status/403",2026-07-17T21:14:25.974930
figaro1854,bd6t5713323,,failed,0,0,,http_manifest,known,403,manifest,"Client error '403 ' for url 'https://openapiproext.bnf.fr/iiif/presentation/v3/ark:/12148/bd6t5713323/manifest.json'
For more information check: https://developer.mozilla.org/en-US/docs/Web/HTTP/Status/403",2026-07-17T21:14:27.172314
figaro1854,bd6t571333f,,failed,0,0,,http_manifest,known,403,manifest,"Client error '403 ' for url 'https://openapiproext.bnf.fr/iiif/presentation/v3/ark:/12148/bd6t571333f/manifest.json'
For more information check: https://developer.mozilla.org/en-US/docs/Web/HTTP/Status/403",2026-07-17T21:14:28.375696
figaro1854,bd6t571334s,,failed,0,0,,http_manifest,known,403,manifest,"Client error '403 ' for url 'https://openapiproext.bnf.fr/iiif/presentation/v3/ark:/12148/bd6t571334s/manifest.json'
For more information check: https://developer.mozilla.org/en-US/docs/Web/HTTP/Status/403",2026-07-17T21:14:29.577597
figaro1854,bd6t5713354,,failed,0,0,,http_manifest,known,403,manifest,"Client error '403 ' for url 'https://openapiproext.bnf.fr/iiif/presentation/v3/ark:/12148/bd6t5713354/manifest.json'
For more information check: https://developer.mozilla.org/en-US/docs/Web/HTTP/Status/403",2026-07-17T21:14:30.787400
figaro1854,bd6t571336g,,failed,0,0,,http_manifest,known,403,manifest,"Client error '403 ' for url 'https://openapiproext.bnf.fr/iiif/presentation/v3/ark:/12148/bd6t571336g/manifest.json'
For more information check: https://developer.mozilla.org/en-US/docs/Web/HTTP/Status/403",2026-07-17T21:14:31.981596
figaro1854,bd6t572258r,,failed,0,0,,http_manifest,known,403,manifest,"Client error '403 ' for url 'https://openapiproext.bnf.fr/iiif/presentation/v3/ark:/12148/bd6t572258r/manifest.json'
For more information check: https://developer.mozilla.org/en-US/docs/Web/HTTP/Status/403",2026-07-17T21:14:33.181314
figaro1854,bd6t5722593,,failed,0,0,,http_manifest,known,403,manifest,"Client error '403 ' for url 'https://openapiproext.bnf.fr/iiif/presentation/v3/ark:/12148/bd6t5722593/manifest.json'
For more information check: https://developer.mozilla.org/en-US/docs/Web/HTTP/Status/403",2026-07-17T21:14:34.385144
figaro1854,bd6t5722609,,failed,0,0,,http_manifest,known,403,manifest,"Client error '403 ' for url 'https://openapiproext.bnf.fr/iiif/presentation/v3/ark:/12148/bd6t5722609/manifest.json'
For more information check: https://developer.mozilla.org/en-US/docs/Web/HTTP/Status/403",2026-07-17T21:14:35.587557
figaro1854,bd6t572261n,,failed,0,0,,http_manifest,known,403,manifest,"Client error '403 ' for url 'https://openapiproext.bnf.fr/iiif/presentation/v3/ark:/12148/bd6t572261n/manifest.json'
For more information check: https://developer.mozilla.org/en-US/docs/Web/HTTP/Status/403",2026-07-17T21:14:36.811138
figaro1854,bd6t5722620,,failed,0,0,,http_manifest,known,403,manifest,"Client error '403 ' for url 'https://openapiproext.bnf.fr/iiif/presentation/v3/ark:/12148/bd6t5722620/manifest.json'
For more information check: https://developer.mozilla.org/en-US/docs/Web/HTTP/Status/403",2026-07-17T21:14:37.992452
figaro1854,bd6t572263b,,failed,0,0,,http_manifest,known,403,manifest,"Client error '403 ' for url 'https://openapiproext.bnf.fr/iiif/presentation/v3/ark:/12148/bd6t572263b/manifest.json'
For more information check: https://developer.mozilla.org/en-US/docs/Web/HTTP/Status/403",2026-07-17T21:14:39.192563
figaro1854,bd6t572264p,,failed,0,0,,http_manifest,known,403,manifest,"Client error '403 ' for url 'https://openapiproext.bnf.fr/iiif/presentation/v3/ark:/12148/bd6t572264p/manifest.json'
For more information check: https://developer.mozilla.org/en-US/docs/Web/HTTP/Status/403",2026-07-17T21:14:40.392010
figaro1854,bd6t5722651,,failed,0,0,,http_manifest,known,403,manifest,"Client error '403 ' for url 'https://openapiproext.bnf.fr/iiif/presentation/v3/ark:/12148/bd6t5722651/manifest.json'
For more information check: https://developer.mozilla.org/en-US/docs/Web/HTTP/Status/403",2026-07-17T21:14:41.589287
figaro1854,bd6t572266c,,failed,0,0,,http_manifest,known,403,manifest,"Client error '403 ' for url 'https://openapiproext.bnf.fr/iiif/presentation/v3/ark:/12148/bd6t572266c/manifest.json'
For more information check: https://developer.mozilla.org/en-US/docs/Web/HTTP/Status/403",2026-07-17T21:14:42.807856
figaro1854,bd6t572267q,,failed,0,0,,http_manifest,known,403,manifest,"Client error '403 ' for url 'https://openapiproext.bnf.fr/iiif/presentation/v3/ark:/12148/bd6t572267q/manifest.json'
For more information check: https://developer.mozilla.org/en-US/docs/Web/HTTP/Status/403",2026-07-17T21:14:43.993863
figaro1854,bd6t5722682,,failed,0,0,,http_manifest,known,403,manifest,"Client error '403 ' for url 'https://openapiproext.bnf.fr/iiif/presentation/v3/ark:/12148/bd6t5722682/manifest.json'
For more information check: https://developer.mozilla.org/en-US/docs/Web/HTTP/Status/403",2026-07-17T21:14:45.195479
figaro1854,bd6t572269d,,failed,0,0,,http_manifest,known,403,manifest,"Client error '403 ' for url 'https://openapiproext.bnf.fr/iiif/presentation/v3/ark:/12148/bd6t572269d/manifest.json'
For more information check: https://developer.mozilla.org/en-US/docs/Web/HTTP/Status/403",2026-07-17T21:14:46.398256
figaro1854,bd6t572270m,,failed,0,0,,http_manifest,known,403,manifest,"Client error '403 ' for url 'https://openapiproext.bnf.fr/iiif/presentation/v3/ark:/12148/bd6t572270m/manifest.json'
For more information check: https://developer.mozilla.org/en-US/docs/Web/HTTP/Status/403",2026-07-17T21:14:47.599575
figaro1854,bd6t572271z,,failed,0,0,,http_manifest,known,403,manifest,"Client error '403 ' for url 'https://openapiproext.bnf.fr/iiif/presentation/v3/ark:/12148/bd6t572271z/manifest.json'
For more information check: https://developer.mozilla.org/en-US/docs/Web/HTTP/Status/403",2026-07-17T21:14:48.806344
figaro1854,bd6t5722729,,failed,0,0,,http_manifest,known,403,manifest,"Client error '403 ' for url 'https://openapiproext.bnf.fr/iiif/presentation/v3/ark:/12148/bd6t5722729/manifest.json'
For more information check: https://developer.mozilla.org/en-US/docs/Web/HTTP/Status/403",2026-07-17T21:14:50.007918
figaro1854,bd6t572273n,,failed,0,0,,http_manifest,known,403,manifest,"Client error '403 ' for url 'https://openapiproext.bnf.fr/iiif/presentation/v3/ark:/12148/bd6t572273n/manifest.json'
For more information check: https://developer.mozilla.org/en-US/docs/Web/HTTP/Status/403",2026-07-17T21:14:51.206493
figaro1854,bd6t5722740,,failed,0,0,,http_manifest,known,403,manifest,"Client error '403 ' for url 'https://openapiproext.bnf.fr/iiif/presentation/v3/ark:/12148/bd6t5722740/manifest.json'
For more information check: https://developer.mozilla.org/en-US/docs/Web/HTTP/Status/403",2026-07-17T21:14:52.407559
figaro1854,bd6t572275b,,failed,0,0,,http_manifest,known,403,manifest,"Client error '403 ' for url 'https://openapiproext.bnf.fr/iiif/presentation/v3/ark:/12148/bd6t572275b/manifest.json'
For more information check: https://developer.mozilla.org/en-US/docs/Web/HTTP/Status/403",2026-07-17T21:14:53.608844
figaro1854,bd6t572276p,,failed,0,0,,http_manifest,known,403,manifest,"Client error '403 ' for url 'https://openapiproext.bnf.fr/iiif/presentation/v3/ark:/12148/bd6t572276p/manifest.json'
For more information check: https://developer.mozilla.org/en-US/docs/Web/HTTP/Status/403",2026-07-17T21:14:54.836310
figaro1854,bd6t5722771,,failed,0,0,,http_manifest,known,403,manifest,"Client error '403 ' for url 'https://openapiproext.bnf.fr/iiif/presentation/v3/ark:/12148/bd6t5722771/manifest.json'
For more information check: https://developer.mozilla.org/en-US/docs/Web/HTTP/Status/403",2026-07-17T21:14:56.012274
figaro1854,bd6t572278c,,failed,0,0,,http_manifest,known,403,manifest,"Client error '403 ' for url 'https://openapiproext.bnf.fr/iiif/presentation/v3/ark:/12148/bd6t572278c/manifest.json'
For more information check: https://developer.mozilla.org/en-US/docs/Web/HTTP/Status/403",2026-07-17T21:14:57.214252
figaro1854,bd6t572279q,,failed,0,0,,http_manifest,known,403,manifest,"Client error '403 ' for url 'https://openapiproext.bnf.fr/iiif/presentation/v3/ark:/12148/bd6t572279q/manifest.json'
For more information check: https://developer.mozilla.org/en-US/docs/Web/HTTP/Status/403",2026-07-17T21:14:58.599281
figaro1854,bd6t572280x,,failed,0,0,,http_manifest,known,403,manifest,"Client error '403 ' for url 'https://openapiproext.bnf.fr/iiif/presentation/v3/ark:/12148/bd6t572280x/manifest.json'
For more information check: https://developer.mozilla.org/en-US/docs/Web/HTTP/Status/403",2026-07-17T21:14:59.672198
figaro1854,bd6t5722818,,failed,0,0,,http_manifest,known,403,manifest,"Client error '403 ' for url 'https://openapiproext.bnf.fr/iiif/presentation/v3/ark:/12148/bd6t5722818/manifest.json'
For more information check: https://developer.mozilla.org/en-US/docs/Web/HTTP/Status/403",2026-07-17T21:15:00.823638
figaro1854,bd6t572282m,,failed,0,0,,http_manifest,known,403,manifest,"Client error '403 ' for url 'https://openapiproext.bnf.fr/iiif/presentation/v3/ark:/12148/bd6t572282m/manifest.json'
For more information check: https://developer.mozilla.org/en-US/docs/Web/HTTP/Status/403",2026-07-17T21:15:02.073613
figaro1854,bd6t572283z,,failed,0,0,,http_manifest,known,403,manifest,"Client error '403 ' for url 'https://openapiproext.bnf.fr/iiif/presentation/v3/ark:/12148/bd6t572283z/manifest.json'
For more information check: https://developer.mozilla.org/en-US/docs/Web/HTTP/Status/403",2026-07-17T21:15:03.220427
figaro1854,bd6t5722849,,failed,0,0,,http_manifest,known,403,manifest,"Client error '403 ' for url 'https://openapiproext.bnf.fr/iiif/presentation/v3/ark:/12148/bd6t5722849/manifest.json'
For more information check: https://developer.mozilla.org/en-US/docs/Web/HTTP/Status/403",2026-07-17T21:15:04.464725
figaro1854,bd6t572285n,,failed,0,0,,http_manifest,known,403,manifest,"Client error '403 ' for url 'https://openapiproext.bnf.fr/iiif/presentation/v3/ark:/12148/bd6t572285n/manifest.json'
For more information check: https://developer.mozilla.org/en-US/docs/Web/HTTP/Status/403",2026-07-17T21:15:05.744517
figaro1854,bd6t5722860,,failed,0,0,,http_manifest,known,403,manifest,"Client error '403 ' for url 'https://openapiproext.bnf.fr/iiif/presentation/v3/ark:/12148/bd6t5722860/manifest.json'
For more information check: https://developer.mozilla.org/en-US/docs/Web/HTTP/Status/403",2026-07-17T21:15:06.842757
figaro1854,bd6t572287b,,failed,0,0,,http_manifest,known,403,manifest,"Client error '403 ' for url 'https://openapiproext.bnf.fr/iiif/presentation/v3/ark:/12148/bd6t572287b/manifest.json'
For more information check: https://developer.mozilla.org/en-US/docs/Web/HTTP/Status/403",2026-07-17T21:15:08.027361
figaro1854,bd6t572288p,,failed,0,0,,http_manifest,known,403,manifest,"Client error '403 ' for url 'https://openapiproext.bnf.fr/iiif/presentation/v3/ark:/12148/bd6t572288p/manifest.json'
For more information check: https://developer.mozilla.org/en-US/docs/Web/HTTP/Status/403",2026-07-17T21:15:09.225059
figaro1854,bd6t5722891,,failed,0,0,,http_manifest,known,403,manifest,"Client error '403 ' for url 'https://openapiproext.bnf.fr/iiif/presentation/v3/ark:/12148/bd6t5722891/manifest.json'
For more information check: https://developer.mozilla.org/en-US/docs/Web/HTTP/Status/403",2026-07-17T21:15:10.428317
figaro1854,bd6t5722907,,failed,0,0,,http_manifest,known,403,manifest,"Client error '403 ' for url 'https://openapiproext.bnf.fr/iiif/presentation/v3/ark:/12148/bd6t5722907/manifest.json'
For more information check: https://developer.mozilla.org/en-US/docs/Web/HTTP/Status/403",2026-07-17T21:15:11.628286
figaro1854,bd6t572291k,,failed,0,0,,http_manifest,known,403,manifest,"Client error '403 ' for url 'https://openapiproext.bnf.fr/iiif/presentation/v3/ark:/12148/bd6t572291k/manifest.json'
For more information check: https://developer.mozilla.org/en-US/docs/Web/HTTP/Status/403",2026-07-17T21:15:12.944954
figaro1854,bd6t572292x,,failed,0,0,,http_manifest,known,403,manifest,"Client error '403 ' for url 'https://openapiproext.bnf.fr/iiif/presentation/v3/ark:/12148/bd6t572292x/manifest.json'
For more information check: https://developer.mozilla.org/en-US/docs/Web/HTTP/Status/403",2026-07-17T21:15:14.178376
figaro1854,bd6t5722938,,failed,0,0,,http_manifest,known,403,manifest,"Client error '403 ' for url 'https://openapiproext.bnf.fr/iiif/presentation/v3/ark:/12148/bd6t5722938/manifest.json'
For more information check: https://developer.mozilla.org/en-US/docs/Web/HTTP/Status/403",2026-07-17T21:15:15.233100
figaro1854,bd6t572294m,,failed,0,0,,http_manifest,known,403,manifest,"Client error '403 ' for url 'https://openapiproext.bnf.fr/iiif/presentation/v3/ark:/12148/bd6t572294m/manifest.json'
For more information check: https://developer.mozilla.org/en-US/docs/Web/HTTP/Status/403",2026-07-17T21:15:16.436634
figaro1854,bd6t572295z,,failed,0,0,,http_manifest,known,403,manifest,"Client error '403 ' for url 'https://openapiproext.bnf.fr/iiif/presentation/v3/ark:/12148/bd6t572295z/manifest.json'
For more information check: https://developer.mozilla.org/en-US/docs/Web/HTTP/Status/403",2026-07-17T21:15:17.848069
figaro1854,bd6t5722969,,failed,0,0,,http_manifest,known,403,manifest,"Client error '403 ' for url 'https://openapiproext.bnf.fr/iiif/presentation/v3/ark:/12148/bd6t5722969/manifest.json'
For more information check: https://developer.mozilla.org/en-US/docs/Web/HTTP/Status/403",2026-07-17T21:15:19.043898
figaro1854,bd6t572297n,,failed,0,0,,http_manifest,known,403,manifest,"Client error '403 ' for url 'https://openapiproext.bnf.fr/iiif/presentation/v3/ark:/12148/bd6t572297n/manifest.json'
For more information check: https://developer.mozilla.org/en-US/docs/Web/HTTP/Status/403",2026-07-17T21:15:20.067216
figaro1854,bd6t5722980,,failed,0,0,,http_manifest,known,403,manifest,"Client error '403 ' for url 'https://openapiproext.bnf.fr/iiif/presentation/v3/ark:/12148/bd6t5722980/manifest.json'
For more information check: https://developer.mozilla.org/en-US/docs/Web/HTTP/Status/403",2026-07-17T21:15:21.244242
figaro1854,bd6t572299b,,failed,0,0,,http_manifest,known,403,manifest,"Client error '403 ' for url 'https://openapiproext.bnf.fr/iiif/presentation/v3/ark:/12148/bd6t572299b/manifest.json'
For more information check: https://developer.mozilla.org/en-US/docs/Web/HTTP/Status/403",2026-07-17T21:15:22.445649
figaro1854,bd6t572300q,,failed,0,0,,http_manifest,known,403,manifest,"Client error '403 ' for url 'https://openapiproext.bnf.fr/iiif/presentation/v3/ark:/12148/bd6t572300q/manifest.json'
For more information check: https://developer.mozilla.org/en-US/docs/Web/HTTP/Status/403",2026-07-17T21:15:23.643775
figaro1854,bd6t5723012,,failed,0,0,,http_manifest,known,403,manifest,"Client error '403 ' for url 'https://openapiproext.bnf.fr/iiif/presentation/v3/ark:/12148/bd6t5723012/manifest.json'
For more information check: https://developer.mozilla.org/en-US/docs/Web/HTTP/Status/403",2026-07-17T21:15:24.864800
figaro1854,bd6t572302d,,failed,0,0,,http_manifest,known,403,manifest,"Client error '403 ' for url 'https://openapiproext.bnf.fr/iiif/presentation/v3/ark:/12148/bd6t572302d/manifest.json'
For more information check: https://developer.mozilla.org/en-US/docs/Web/HTTP/Status/403",2026-07-17T21:15:26.045385
figaro1854,bd6t572303r,,failed,0,0,,http_manifest,known,403,manifest,"Client error '403 ' for url 'https://openapiproext.bnf.fr/iiif/presentation/v3/ark:/12148/bd6t572303r/manifest.json'
For more information check: https://developer.mozilla.org/en-US/docs/Web/HTTP/Status/403",2026-07-17T21:15:27.253638
figaro1854,bd6t5723043,,failed,0,0,,http_manifest,known,403,manifest,"Client error '403 ' for url 'https://openapiproext.bnf.fr/iiif/presentation/v3/ark:/12148/bd6t5723043/manifest.json'
For more information check: https://developer.mozilla.org/en-US/docs/Web/HTTP/Status/403",2026-07-17T21:15:28.451690
figaro1854,bd6t572305f,,failed,0,0,,http_manifest,known,403,manifest,"Client error '403 ' for url 'https://openapiproext.bnf.fr/iiif/presentation/v3/ark:/12148/bd6t572305f/manifest.json'
For more information check: https://developer.mozilla.org/en-US/docs/Web/HTTP/Status/403",2026-07-17T21:15:29.649281
figaro1854,bd6t572306s,,failed,0,0,,http_manifest,known,403,manifest,"Client error '403 ' for url 'https://openapiproext.bnf.fr/iiif/presentation/v3/ark:/12148/bd6t572306s/manifest.json'
For more information check: https://developer.mozilla.org/en-US/docs/Web/HTTP/Status/403",2026-07-17T21:15:30.851482
figaro1854,bd6t5723074,,failed,0,0,,http_manifest,known,403,manifest,"Client error '403 ' for url 'https://openapiproext.bnf.fr/iiif/presentation/v3/ark:/12148/bd6t5723074/manifest.json'
For more information check: https://developer.mozilla.org/en-US/docs/Web/HTTP/Status/403",2026-07-17T21:15:32.053937
figaro1854,bd6t572308g,,failed,0,0,,http_manifest,known,403,manifest,"Client error '403 ' for url 'https://openapiproext.bnf.fr/iiif/presentation/v3/ark:/12148/bd6t572308g/manifest.json'
For more information check: https://developer.mozilla.org/en-US/docs/Web/HTTP/Status/403",2026-07-17T21:15:33.254818
figaro1854,bd6t5725457,,failed,0,0,,http_manifest,known,403,manifest,"Client error '403 ' for url 'https://openapiproext.bnf.fr/iiif/presentation/v3/ark:/12148/bd6t5725457/manifest.json'
For more information check: https://developer.mozilla.org/en-US/docs/Web/HTTP/Status/403",2026-07-17T21:15:34.458839
figaro1854,bd6t572546k,,failed,0,0,,http_manifest,known,403,manifest,"Client error '403 ' for url 'https://openapiproext.bnf.fr/iiif/presentation/v3/ark:/12148/bd6t572546k/manifest.json'
For more information check: https://developer.mozilla.org/en-US/docs/Web/HTTP/Status/403",2026-07-17T21:15:35.663322
figaro1854,bd6t572547x,,failed,0,0,,http_manifest,known,403,manifest,"Client error '403 ' for url 'https://openapiproext.bnf.fr/iiif/presentation/v3/ark:/12148/bd6t572547x/manifest.json'
For more information check: https://developer.mozilla.org/en-US/docs/Web/HTTP/Status/403",2026-07-17T21:15:36.886010
figaro1854,bd6t5725488,,failed,0,0,,http_manifest,known,403,manifest,"Client error '403 ' for url 'https://openapiproext.bnf.fr/iiif/presentation/v3/ark:/12148/bd6t5725488/manifest.json'
For more information check: https://developer.mozilla.org/en-US/docs/Web/HTTP/Status/403",2026-07-17T21:15:38.066147
figaro1854,bd6t572549m,,failed,0,0,,http_manifest,known,403,manifest,"Client error '403 ' for url 'https://openapiproext.bnf.fr/iiif/presentation/v3/ark:/12148/bd6t572549m/manifest.json'
For more information check: https://developer.mozilla.org/en-US/docs/Web/HTTP/Status/403",2026-07-17T21:15:39.263625
figaro1854,bd6t572550t,,failed,0,0,,http_manifest,known,403,manifest,"Client error '403 ' for url 'https://openapiproext.bnf.fr/iiif/presentation/v3/ark:/12148/bd6t572550t/manifest.json'
For more information check: https://developer.mozilla.org/en-US/docs/Web/HTTP/Status/403",2026-07-17T21:15:40.467633
figaro1854,bd6t5725515,,failed,0,0,,http_manifest,known,403,manifest,"Client error '403 ' for url 'https://openapiproext.bnf.fr/iiif/presentation/v3/ark:/12148/bd6t5725515/manifest.json'
For more information check: https://developer.mozilla.org/en-US/docs/Web/HTTP/Status/403",2026-07-17T21:15:41.668936
figaro1854,bd6t572552h,,failed,0,0,,http_manifest,known,403,manifest,"Client error '403 ' for url 'https://openapiproext.bnf.fr/iiif/presentation/v3/ark:/12148/bd6t572552h/manifest.json'
For more information check: https://developer.mozilla.org/en-US/docs/Web/HTTP/Status/403",2026-07-17T21:15:42.888723
figaro1854,bd6t572553v,,failed,0,0,,http_manifest,known,403,manifest,"Client error '403 ' for url 'https://openapiproext.bnf.fr/iiif/presentation/v3/ark:/12148/bd6t572553v/manifest.json'
For more information check: https://developer.mozilla.org/en-US/docs/Web/HTTP/Status/403",2026-07-17T21:15:44.072284
figaro1854,bd6t5725546,,failed,0,0,,http_manifest,known,403,manifest,"Client error '403 ' for url 'https://openapiproext.bnf.fr/iiif/presentation/v3/ark:/12148/bd6t5725546/manifest.json'
For more information check: https://developer.mozilla.org/en-US/docs/Web/HTTP/Status/403",2026-07-17T21:15:45.272503
figaro1854,bd6t572555j,,failed,0,0,,http_manifest,known,403,manifest,"Client error '403 ' for url 'https://openapiproext.bnf.fr/iiif/presentation/v3/ark:/12148/bd6t572555j/manifest.json'
For more information check: https://developer.mozilla.org/en-US/docs/Web/HTTP/Status/403",2026-07-17T21:15:46.476282
figaro1854,bd6t572556w,,failed,0,0,,http_manifest,known,403,manifest,"Client error '403 ' for url 'https://openapiproext.bnf.fr/iiif/presentation/v3/ark:/12148/bd6t572556w/manifest.json'
For more information check: https://developer.mozilla.org/en-US/docs/Web/HTTP/Status/403",2026-07-17T21:15:47.677407
figaro1854,bd6t5725577,,failed,0,0,,http_manifest,known,403,manifest,"Client error '403 ' for url 'https://openapiproext.bnf.fr/iiif/presentation/v3/ark:/12148/bd6t5725577/manifest.json'
For more information check: https://developer.mozilla.org/en-US/docs/Web/HTTP/Status/403",2026-07-17T21:15:48.880968
figaro1854,bd6t572558k,,failed,0,0,,http_manifest,known,403,manifest,"Client error '403 ' for url 'https://openapiproext.bnf.fr/iiif/presentation/v3/ark:/12148/bd6t572558k/manifest.json'
For more information check: https://developer.mozilla.org/en-US/docs/Web/HTTP/Status/403",2026-07-17T21:15:50.083086
figaro1854,bd6t572559x,,failed,0,0,,http_manifest,known,403,manifest,"Client error '403 ' for url 'https://openapiproext.bnf.fr/iiif/presentation/v3/ark:/12148/bd6t572559x/manifest.json'
For more information check: https://developer.mozilla.org/en-US/docs/Web/HTTP/Status/403",2026-07-17T21:15:51.283695
figaro1854,bd6t5725604,,failed,0,0,,http_manifest,known,403,manifest,"Client error '403 ' for url 'https://openapiproext.bnf.fr/iiif/presentation/v3/ark:/12148/bd6t5725604/manifest.json'
For more information check: https://developer.mozilla.org/en-US/docs/Web/HTTP/Status/403",2026-07-17T21:15:52.487612
figaro1854,bd6t572561g,,failed,0,0,,http_manifest,known,403,manifest,"Client error '403 ' for url 'https://openapiproext.bnf.fr/iiif/presentation/v3/ark:/12148/bd6t572561g/manifest.json'
For more information check: https://developer.mozilla.org/en-US/docs/Web/HTTP/Status/403",2026-07-17T21:15:53.688200
figaro1854,bd6t572562t,,failed,0,0,,http_manifest,known,403,manifest,"Client error '403 ' for url 'https://openapiproext.bnf.fr/iiif/presentation/v3/ark:/12148/bd6t572562t/manifest.json'
For more information check: https://developer.mozilla.org/en-US/docs/Web/HTTP/Status/403",2026-07-17T21:15:54.915025
figaro1854,bd6t5725635,,failed,0,0,,http_manifest,known,403,manifest,"Client error '403 ' for url 'https://openapiproext.bnf.fr/iiif/presentation/v3/ark:/12148/bd6t5725635/manifest.json'
For more information check: https://developer.mozilla.org/en-US/docs/Web/HTTP/Status/403",2026-07-17T21:15:56.088583
figaro1854,bd6t572564h,,failed,0,0,,http_manifest,known,403,manifest,"Client error '403 ' for url 'https://openapiproext.bnf.fr/iiif/presentation/v3/ark:/12148/bd6t572564h/manifest.json'
For more information check: https://developer.mozilla.org/en-US/docs/Web/HTTP/Status/403",2026-07-17T21:15:57.296505
figaro1854,bd6t572565v,,failed,0,0,,http_manifest,known,403,manifest,"Client error '403 ' for url 'https://openapiproext.bnf.fr/iiif/presentation/v3/ark:/12148/bd6t572565v/manifest.json'
For more information check: https://developer.mozilla.org/en-US/docs/Web/HTTP/Status/403",2026-07-17T21:15:58.611256
figaro1854,bd6t5725666,,failed,0,0,,http_manifest,known,403,manifest,"Client error '403 ' for url 'https://openapiproext.bnf.fr/iiif/presentation/v3/ark:/12148/bd6t5725666/manifest.json'
For more information check: https://developer.mozilla.org/en-US/docs/Web/HTTP/Status/403",2026-07-17T21:15:59.848778
figaro1854,bd6t572567j,,failed,0,0,,http_manifest,known,403,manifest,"Client error '403 ' for url 'https://openapiproext.bnf.fr/iiif/presentation/v3/ark:/12148/bd6t572567j/manifest.json'
For more information check: https://developer.mozilla.org/en-US/docs/Web/HTTP/Status/403",2026-07-17T21:16:01.014422
figaro1854,bd6t572568w,,failed,0,0,,http_manifest,known,403,manifest,"Client error '403 ' for url 'https://openapiproext.bnf.fr/iiif/presentation/v3/ark:/12148/bd6t572568w/manifest.json'
For more information check: https://developer.mozilla.org/en-US/docs/Web/HTTP/Status/403",2026-07-17T21:16:02.271606
figaro1854,bd6t5725697,,failed,0,0,,http_manifest,known,403,manifest,"Client error '403 ' for url 'https://openapiproext.bnf.fr/iiif/presentation/v3/ark:/12148/bd6t5725697/manifest.json'
For more information check: https://developer.mozilla.org/en-US/docs/Web/HTTP/Status/403",2026-07-17T21:16:03.304662
figaro1854,bd6t572570f,,failed,0,0,,http_manifest,known,403,manifest,"Client error '403 ' for url 'https://openapiproext.bnf.fr/iiif/presentation/v3/ark:/12148/bd6t572570f/manifest.json'
For more information check: https://developer.mozilla.org/en-US/docs/Web/HTTP/Status/403",2026-07-17T21:16:04.728495
figaro1854,bd6t572571s,,failed,0,0,,http_manifest,known,403,manifest,"Client error '403 ' for url 'https://openapiproext.bnf.fr/iiif/presentation/v3/ark:/12148/bd6t572571s/manifest.json'
For more information check: https://developer.mozilla.org/en-US/docs/Web/HTTP/Status/403",2026-07-17T21:16:05.759686
figaro1854,bd6t5725724,,failed,0,0,,http_manifest,known,403,manifest,"Client error '403 ' for url 'https://openapiproext.bnf.fr/iiif/presentation/v3/ark:/12148/bd6t5725724/manifest.json'
For more information check: https://developer.mozilla.org/en-US/docs/Web/HTTP/Status/403",2026-07-17T21:16:06.959035
figaro1854,bd6t572573g,,failed,0,0,,http_manifest,known,403,manifest,"Client error '403 ' for url 'https://openapiproext.bnf.fr/iiif/presentation/v3/ark:/12148/bd6t572573g/manifest.json'
For more information check: https://developer.mozilla.org/en-US/docs/Web/HTTP/Status/403",2026-07-17T21:16:08.286439
figaro1854,bd6t572574t,,failed,0,0,,http_manifest,known,403,manifest,"Client error '403 ' for url 'https://openapiproext.bnf.fr/iiif/presentation/v3/ark:/12148/bd6t572574t/manifest.json'
For more information check: https://developer.mozilla.org/en-US/docs/Web/HTTP/Status/403",2026-07-17T21:16:09.524138
figaro1854,bd6t5725755,,failed,0,0,,http_manifest,known,403,manifest,"Client error '403 ' for url 'https://openapiproext.bnf.fr/iiif/presentation/v3/ark:/12148/bd6t5725755/manifest.json'
For more information check: https://developer.mozilla.org/en-US/docs/Web/HTTP/Status/403",2026-07-17T21:16:10.661106
figaro1854,bd6t572576h,,failed,0,0,,http_manifest,known,403,manifest,"Client error '403 ' for url 'https://openapiproext.bnf.fr/iiif/presentation/v3/ark:/12148/bd6t572576h/manifest.json'
For more information check: https://developer.mozilla.org/en-US/docs/Web/HTTP/Status/403",2026-07-17T21:16:11.714092
figaro1854,bd6t572577v,,failed,0,0,,http_manifest,known,403,manifest,"Client error '403 ' for url 'https://openapiproext.bnf.fr/iiif/presentation/v3/ark:/12148/bd6t572577v/manifest.json'
For more information check: https://developer.mozilla.org/en-US/docs/Web/HTTP/Status/403",2026-07-17T21:16:13.045756
figaro1854,bd6t5725786,,failed,0,0,,http_manifest,known,403,manifest,"Client error '403 ' for url 'https://openapiproext.bnf.fr/iiif/presentation/v3/ark:/12148/bd6t5725786/manifest.json'
For more information check: https://developer.mozilla.org/en-US/docs/Web/HTTP/Status/403",2026-07-17T21:16:14.369882
figaro1854,bd6t572579j,,failed,0,0,,http_manifest,known,403,manifest,"Client error '403 ' for url 'https://openapiproext.bnf.fr/iiif/presentation/v3/ark:/12148/bd6t572579j/manifest.json'
For more information check: https://developer.mozilla.org/en-US/docs/Web/HTTP/Status/403",2026-07-17T21:16:15.329819
figaro1854,bd6t572580r,,failed,0,0,,http_manifest,known,403,manifest,"Client error '403 ' for url 'https://openapiproext.bnf.fr/iiif/presentation/v3/ark:/12148/bd6t572580r/manifest.json'
For more information check: https://developer.mozilla.org/en-US/docs/Web/HTTP/Status/403",2026-07-17T21:16:16.519046
figaro1854,bd6t5725813,,failed,0,0,,http_manifest,known,403,manifest,"Client error '403 ' for url 'https://openapiproext.bnf.fr/iiif/presentation/v3/ark:/12148/bd6t5725813/manifest.json'
For more information check: https://developer.mozilla.org/en-US/docs/Web/HTTP/Status/403",2026-07-17T21:16:17.722415
figaro1854,bd6t572582f,,failed,0,0,,http_manifest,known,403,manifest,"Client error '403 ' for url 'https://openapiproext.bnf.fr/iiif/presentation/v3/ark:/12148/bd6t572582f/manifest.json'
For more information check: https://developer.mozilla.org/en-US/docs/Web/HTTP/Status/403",2026-07-17T21:16:18.919730
figaro1854,bd6t572583s,,failed,0,0,,http_manifest,known,403,manifest,"Client error '403 ' for url 'https://openapiproext.bnf.fr/iiif/presentation/v3/ark:/12148/bd6t572583s/manifest.json'
For more information check: https://developer.mozilla.org/en-US/docs/Web/HTTP/Status/403",2026-07-17T21:16:20.118226
figaro1854,bd6t5725844,,failed,0,0,,http_manifest,known,403,manifest,"Client error '403 ' for url 'https://openapiproext.bnf.fr/iiif/presentation/v3/ark:/12148/bd6t5725844/manifest.json'
For more information check: https://developer.mozilla.org/en-US/docs/Web/HTTP/Status/403",2026-07-17T21:16:21.336505
figaro1854,bd6t572585g,,failed,0,0,,http_manifest,known,403,manifest,"Client error '403 ' for url 'https://openapiproext.bnf.fr/iiif/presentation/v3/ark:/12148/bd6t572585g/manifest.json'
For more information check: https://developer.mozilla.org/en-US/docs/Web/HTTP/Status/403",2026-07-17T21:16:22.525591
figaro1854,bd6t572586t,,failed,0,0,,http_manifest,known,403,manifest,"Client error '403 ' for url 'https://openapiproext.bnf.fr/iiif/presentation/v3/ark:/12148/bd6t572586t/manifest.json'
For more information check: https://developer.mozilla.org/en-US/docs/Web/HTTP/Status/403",2026-07-17T21:16:23.731650
figaro1854,bd6t5725875,,failed,0,0,,http_manifest,known,403,manifest,"Client error '403 ' for url 'https://openapiproext.bnf.fr/iiif/presentation/v3/ark:/12148/bd6t5725875/manifest.json'
For more information check: https://developer.mozilla.org/en-US/docs/Web/HTTP/Status/403",2026-07-17T21:16:24.956377
figaro1854,bd6t572588h,,failed,0,0,,http_manifest,known,403,manifest,"Client error '403 ' for url 'https://openapiproext.bnf.fr/iiif/presentation/v3/ark:/12148/bd6t572588h/manifest.json'
For more information check: https://developer.mozilla.org/en-US/docs/Web/HTTP/Status/403",2026-07-17T21:16:26.129823
figaro1854,bd6t572589v,,failed,0,0,,http_manifest,known,403,manifest,"Client error '403 ' for url 'https://openapiproext.bnf.fr/iiif/presentation/v3/ark:/12148/bd6t572589v/manifest.json'
For more information check: https://developer.mozilla.org/en-US/docs/Web/HTTP/Status/403",2026-07-17T21:16:27.330157
figaro1854,bd6t5725902,,failed,0,0,,http_manifest,known,403,manifest,"Client error '403 ' for url 'https://openapiproext.bnf.fr/iiif/presentation/v3/ark:/12148/bd6t5725902/manifest.json'
For more information check: https://developer.mozilla.org/en-US/docs/Web/HTTP/Status/403",2026-07-17T21:16:28.530962
figaro1854,bd6t572591d,,failed,0,0,,http_manifest,known,403,manifest,"Client error '403 ' for url 'https://openapiproext.bnf.fr/iiif/presentation/v3/ark:/12148/bd6t572591d/manifest.json'
For more information check: https://developer.mozilla.org/en-US/docs/Web/HTTP/Status/403",2026-07-17T21:16:29.733698
figaro1854,bd6t572592r,,failed,0,0,,http_manifest,known,403,manifest,"Client error '403 ' for url 'https://openapiproext.bnf.fr/iiif/presentation/v3/ark:/12148/bd6t572592r/manifest.json'
For more information check: https://developer.mozilla.org/en-US/docs/Web/HTTP/Status/403",2026-07-17T21:16:30.956594
figaro1854,bd6t5725933,,failed,0,0,,http_manifest,known,403,manifest,"Client error '403 ' for url 'https://openapiproext.bnf.fr/iiif/presentation/v3/ark:/12148/bd6t5725933/manifest.json'
For more information check: https://developer.mozilla.org/en-US/docs/Web/HTTP/Status/403",2026-07-17T21:16:32.139345
figaro1854,bd6t572594f,,failed,0,0,,http_manifest,known,403,manifest,"Client error '403 ' for url 'https://openapiproext.bnf.fr/iiif/presentation/v3/ark:/12148/bd6t572594f/manifest.json'
For more information check: https://developer.mozilla.org/en-US/docs/Web/HTTP/Status/403",2026-07-17T21:16:33.336587
figaro1854,bd6t572595s,,failed,0,0,,http_manifest,known,403,manifest,"Client error '403 ' for url 'https://openapiproext.bnf.fr/iiif/presentation/v3/ark:/12148/bd6t572595s/manifest.json'
For more information check: https://developer.mozilla.org/en-US/docs/Web/HTTP/Status/403",2026-07-17T21:16:34.538780
figaro1854,bd6t5725964,,failed,0,0,,http_manifest,known,403,manifest,"Client error '403 ' for url 'https://openapiproext.bnf.fr/iiif/presentation/v3/ark:/12148/bd6t5725964/manifest.json'
For more information check: https://developer.mozilla.org/en-US/docs/Web/HTTP/Status/403",2026-07-17T21:16:35.744325
figaro1854,bd6t572597g,,failed,0,0,,http_manifest,known,403,manifest,"Client error '403 ' for url 'https://openapiproext.bnf.fr/iiif/presentation/v3/ark:/12148/bd6t572597g/manifest.json'
For more information check: https://developer.mozilla.org/en-US/docs/Web/HTTP/Status/403",2026-07-17T21:16:36.943776
figaro1854,bd6t572598t,,failed,0,0,,http_manifest,known,403,manifest,"Client error '403 ' for url 'https://openapiproext.bnf.fr/iiif/presentation/v3/ark:/12148/bd6t572598t/manifest.json'
For more information check: https://developer.mozilla.org/en-US/docs/Web/HTTP/Status/403",2026-07-17T21:16:38.147384
figaro1854,bd6t5725995,,failed,0,0,,http_manifest,known,403,manifest,"Client error '403 ' for url 'https://openapiproext.bnf.fr/iiif/presentation/v3/ark:/12148/bd6t5725995/manifest.json'
For more information check: https://developer.mozilla.org/en-US/docs/Web/HTTP/Status/403",2026-07-17T21:16:39.345370
figaro1854,bd6t572600j,,failed,0,0,,http_manifest,known,403,manifest,"Client error '403 ' for url 'https://openapiproext.bnf.fr/iiif/presentation/v3/ark:/12148/bd6t572600j/manifest.json'
For more information check: https://developer.mozilla.org/en-US/docs/Web/HTTP/Status/403",2026-07-17T21:16:40.545568
figaro1854,bd6t572601w,,failed,0,0,,http_manifest,known,403,manifest,"Client error '403 ' for url 'https://openapiproext.bnf.fr/iiif/presentation/v3/ark:/12148/bd6t572601w/manifest.json'
For more information check: https://developer.mozilla.org/en-US/docs/Web/HTTP/Status/403",2026-07-17T21:16:41.749020
figaro1854,bd6t5726027,,failed,0,0,,http_manifest,known,403,manifest,"Client error '403 ' for url 'https://openapiproext.bnf.fr/iiif/presentation/v3/ark:/12148/bd6t5726027/manifest.json'
For more information check: https://developer.mozilla.org/en-US/docs/Web/HTTP/Status/403",2026-07-17T21:16:42.977903
figaro1854,bd6t572603k,,failed,0,0,,http_manifest,known,403,manifest,"Client error '403 ' for url 'https://openapiproext.bnf.fr/iiif/presentation/v3/ark:/12148/bd6t572603k/manifest.json'
For more information check: https://developer.mozilla.org/en-US/docs/Web/HTTP/Status/403",2026-07-17T21:16:44.151172
figaro1854,bd6t572604x,,failed,0,0,,http_manifest,known,403,manifest,"Client error '403 ' for url 'https://openapiproext.bnf.fr/iiif/presentation/v3/ark:/12148/bd6t572604x/manifest.json'
For more information check: https://developer.mozilla.org/en-US/docs/Web/HTTP/Status/403",2026-07-17T21:16:45.355364
figaro1854,bd6t5726058,,failed,0,0,,http_manifest,known,403,manifest,"Client error '403 ' for url 'https://openapiproext.bnf.fr/iiif/presentation/v3/ark:/12148/bd6t5726058/manifest.json'
For more information check: https://developer.mozilla.org/en-US/docs/Web/HTTP/Status/403",2026-07-17T21:16:46.567222
figaro1854,bd6t572606m,,failed,0,0,,http_manifest,known,403,manifest,"Client error '403 ' for url 'https://openapiproext.bnf.fr/iiif/presentation/v3/ark:/12148/bd6t572606m/manifest.json'
For more information check: https://developer.mozilla.org/en-US/docs/Web/HTTP/Status/403",2026-07-17T21:16:47.756648
figaro1854,bd6t572607z,,failed,0,0,,http_manifest,known,403,manifest,"Client error '403 ' for url 'https://openapiproext.bnf.fr/iiif/presentation/v3/ark:/12148/bd6t572607z/manifest.json'
For more information check: https://developer.mozilla.org/en-US/docs/Web/HTTP/Status/403",2026-07-17T21:16:48.956214
figaro1854,bd6t5726089,,failed,0,0,,http_manifest,known,403,manifest,"Client error '403 ' for url 'https://openapiproext.bnf.fr/iiif/presentation/v3/ark:/12148/bd6t5726089/manifest.json'
For more information check: https://developer.mozilla.org/en-US/docs/Web/HTTP/Status/403",2026-07-17T21:16:50.161892
figaro1854,bd6t572609n,,failed,0,0,,http_manifest,known,403,manifest,"Client error '403 ' for url 'https://openapiproext.bnf.fr/iiif/presentation/v3/ark:/12148/bd6t572609n/manifest.json'
For more information check: https://developer.mozilla.org/en-US/docs/Web/HTTP/Status/403",2026-07-17T21:16:51.358288
figaro1854,bd6t572610v,,failed,0,0,,http_manifest,known,403,manifest,"Client error '403 ' for url 'https://openapiproext.bnf.fr/iiif/presentation/v3/ark:/12148/bd6t572610v/manifest.json'
For more information check: https://developer.mozilla.org/en-US/docs/Web/HTTP/Status/403",2026-07-17T21:16:52.562400
figaro1854,bd6t5726116,,failed,0,0,,http_manifest,known,403,manifest,"Client error '403 ' for url 'https://openapiproext.bnf.fr/iiif/presentation/v3/ark:/12148/bd6t5726116/manifest.json'
For more information check: https://developer.mozilla.org/en-US/docs/Web/HTTP/Status/403",2026-07-17T21:16:53.768998
figaro1854,bd6t572612j,,failed,0,0,,http_manifest,known,403,manifest,"Client error '403 ' for url 'https://openapiproext.bnf.fr/iiif/presentation/v3/ark:/12148/bd6t572612j/manifest.json'
For more information check: https://developer.mozilla.org/en-US/docs/Web/HTTP/Status/403",2026-07-17T21:16:54.988534
figaro1854,bd6t572613w,,failed,0,0,,http_manifest,known,403,manifest,"Client error '403 ' for url 'https://openapiproext.bnf.fr/iiif/presentation/v3/ark:/12148/bd6t572613w/manifest.json'
For more information check: https://developer.mozilla.org/en-US/docs/Web/HTTP/Status/403",2026-07-17T21:16:56.169570
figaro1854,bd6t5726147,,failed,0,0,,http_manifest,known,403,manifest,"Client error '403 ' for url 'https://openapiproext.bnf.fr/iiif/presentation/v3/ark:/12148/bd6t5726147/manifest.json'
For more information check: https://developer.mozilla.org/en-US/docs/Web/HTTP/Status/403",2026-07-17T21:16:57.367378
figaro1854,bd6t572615k,,failed,0,0,,http_manifest,known,403,manifest,"Client error '403 ' for url 'https://openapiproext.bnf.fr/iiif/presentation/v3/ark:/12148/bd6t572615k/manifest.json'
For more information check: https://developer.mozilla.org/en-US/docs/Web/HTTP/Status/403",2026-07-17T21:16:58.614158
figaro1854,bd6t572616x,,failed,0,0,,http_manifest,known,403,manifest,"Client error '403 ' for url 'https://openapiproext.bnf.fr/iiif/presentation/v3/ark:/12148/bd6t572616x/manifest.json'
For more information check: https://developer.mozilla.org/en-US/docs/Web/HTTP/Status/403",2026-07-17T21:17:00.007714
figaro1854,bd6t5726178,,failed,0,0,,http_manifest,known,403,manifest,"Client error '403 ' for url 'https://openapiproext.bnf.fr/iiif/presentation/v3/ark:/12148/bd6t5726178/manifest.json'
For more information check: https://developer.mozilla.org/en-US/docs/Web/HTTP/Status/403",2026-07-17T21:17:00.974346
figaro1854,bd6t572618m,,failed,0,0,,http_manifest,known,403,manifest,"Client error '403 ' for url 'https://openapiproext.bnf.fr/iiif/presentation/v3/ark:/12148/bd6t572618m/manifest.json'
For more information check: https://developer.mozilla.org/en-US/docs/Web/HTTP/Status/403",2026-07-17T21:17:02.171272
figaro1854,bd6t572619z,,failed,0,0,,http_manifest,known,403,manifest,"Client error '403 ' for url 'https://openapiproext.bnf.fr/iiif/presentation/v3/ark:/12148/bd6t572619z/manifest.json'
For more information check: https://developer.mozilla.org/en-US/docs/Web/HTTP/Status/403",2026-07-17T21:17:03.370079
figaro1854,bd6t5726205,,failed,0,0,,http_manifest,known,403,manifest,"Client error '403 ' for url 'https://openapiproext.bnf.fr/iiif/presentation/v3/ark:/12148/bd6t5726205/manifest.json'
For more information check: https://developer.mozilla.org/en-US/docs/Web/HTTP/Status/403",2026-07-17T21:17:04.735275
figaro1854,bd6t572621h,,failed,0,0,,http_manifest,known,403,manifest,"Client error '403 ' for url 'https://openapiproext.bnf.fr/iiif/presentation/v3/ark:/12148/bd6t572621h/manifest.json'
For more information check: https://developer.mozilla.org/en-US/docs/Web/HTTP/Status/403",2026-07-17T21:17:05.906461
figaro1854,bd6t572622v,,failed,0,0,,http_manifest,known,403,manifest,"Client error '403 ' for url 'https://openapiproext.bnf.fr/iiif/presentation/v3/ark:/12148/bd6t572622v/manifest.json'
For more information check: https://developer.mozilla.org/en-US/docs/Web/HTTP/Status/403",2026-07-17T21:17:06.987401
figaro1854,bd6t5726236,,failed,0,0,,http_manifest,known,403,manifest,"Client error '403 ' for url 'https://openapiproext.bnf.fr/iiif/presentation/v3/ark:/12148/bd6t5726236/manifest.json'
For more information check: https://developer.mozilla.org/en-US/docs/Web/HTTP/Status/403",2026-07-17T21:17:08.183849
figaro1854,bd6t572624j,,failed,0,0,,http_manifest,known,403,manifest,"Client error '403 ' for url 'https://openapiproext.bnf.fr/iiif/presentation/v3/ark:/12148/bd6t572624j/manifest.json'
For more information check: https://developer.mozilla.org/en-US/docs/Web/HTTP/Status/403",2026-07-17T21:17:09.396916
figaro1854,bd6t572625w,,failed,0,0,,http_manifest,known,403,manifest,"Client error '403 ' for url 'https://openapiproext.bnf.fr/iiif/presentation/v3/ark:/12148/bd6t572625w/manifest.json'
For more information check: https://developer.mozilla.org/en-US/docs/Web/HTTP/Status/403",2026-07-17T21:17:10.582092
figaro1854,bd6t5726267,,failed,0,0,,http_manifest,known,403,manifest,"Client error '403 ' for url 'https://openapiproext.bnf.fr/iiif/presentation/v3/ark:/12148/bd6t5726267/manifest.json'
For more information check: https://developer.mozilla.org/en-US/docs/Web/HTTP/Status/403",2026-07-17T21:17:11.810093
figaro1854,bd6t572627k,,failed,0,0,,http_manifest,known,403,manifest,"Client error '403 ' for url 'https://openapiproext.bnf.fr/iiif/presentation/v3/ark:/12148/bd6t572627k/manifest.json'
For more information check: https://developer.mozilla.org/en-US/docs/Web/HTTP/Status/403",2026-07-17T21:17:12.983219
figaro1854,bd6t572628x,,failed,0,0,,http_manifest,known,403,manifest,"Client error '403 ' for url 'https://openapiproext.bnf.fr/iiif/presentation/v3/ark:/12148/bd6t572628x/manifest.json'
For more information check: https://developer.mozilla.org/en-US/docs/Web/HTTP/Status/403",2026-07-17T21:17:14.187848
figaro1854,bd6t5726298,,failed,0,0,,http_manifest,known,403,manifest,"Client error '403 ' for url 'https://openapiproext.bnf.fr/iiif/presentation/v3/ark:/12148/bd6t5726298/manifest.json'
For more information check: https://developer.mozilla.org/en-US/docs/Web/HTTP/Status/403",2026-07-17T21:17:15.386401
figaro1854,bd6t572630g,,failed,0,0,,http_manifest,known,403,manifest,"Client error '403 ' for url 'https://openapiproext.bnf.fr/iiif/presentation/v3/ark:/12148/bd6t572630g/manifest.json'
For more information check: https://developer.mozilla.org/en-US/docs/Web/HTTP/Status/403",2026-07-17T21:17:16.586518
figaro1854,bd6t572631t,,failed,0,0,,http_manifest,known,403,manifest,"Client error '403 ' for url 'https://openapiproext.bnf.fr/iiif/presentation/v3/ark:/12148/bd6t572631t/manifest.json'
For more information check: https://developer.mozilla.org/en-US/docs/Web/HTTP/Status/403",2026-07-17T21:17:17.785338
figaro1854,bd6t5726325,,failed,0,0,,http_manifest,known,403,manifest,"Client error '403 ' for url 'https://openapiproext.bnf.fr/iiif/presentation/v3/ark:/12148/bd6t5726325/manifest.json'
For more information check: https://developer.mozilla.org/en-US/docs/Web/HTTP/Status/403",2026-07-17T21:17:18.988842
figaro1854,bd6t572633h,,failed,0,0,,http_manifest,known,403,manifest,"Client error '403 ' for url 'https://openapiproext.bnf.fr/iiif/presentation/v3/ark:/12148/bd6t572633h/manifest.json'
For more information check: https://developer.mozilla.org/en-US/docs/Web/HTTP/Status/403",2026-07-17T21:17:20.189038
figaro1854,bd6t572634v,,failed,0,0,,http_manifest,known,403,manifest,"Client error '403 ' for url 'https://openapiproext.bnf.fr/iiif/presentation/v3/ark:/12148/bd6t572634v/manifest.json'
For more information check: https://developer.mozilla.org/en-US/docs/Web/HTTP/Status/403",2026-07-17T21:17:21.386304
figaro1854,bd6t5726356,,failed,0,0,,http_manifest,known,403,manifest,"Client error '403 ' for url 'https://openapiproext.bnf.fr/iiif/presentation/v3/ark:/12148/bd6t5726356/manifest.json'
For more information check: https://developer.mozilla.org/en-US/docs/Web/HTTP/Status/403",2026-07-17T21:17:22.590148
figaro1854,bd6t572636j,,failed,0,0,,http_manifest,known,403,manifest,"Client error '403 ' for url 'https://openapiproext.bnf.fr/iiif/presentation/v3/ark:/12148/bd6t572636j/manifest.json'
For more information check: https://developer.mozilla.org/en-US/docs/Web/HTTP/Status/403",2026-07-17T21:17:23.808647
figaro1854,bd6t572637w,,failed,0,0,,http_manifest,known,403,manifest,"Client error '403 ' for url 'https://openapiproext.bnf.fr/iiif/presentation/v3/ark:/12148/bd6t572637w/manifest.json'
For more information check: https://developer.mozilla.org/en-US/docs/Web/HTTP/Status/403",2026-07-17T21:17:24.994541
figaro1854,bd6t5726387,,failed,0,0,,http_manifest,known,403,manifest,"Client error '403 ' for url 'https://openapiproext.bnf.fr/iiif/presentation/v3/ark:/12148/bd6t5726387/manifest.json'
For more information check: https://developer.mozilla.org/en-US/docs/Web/HTTP/Status/403",2026-07-17T21:17:26.199130
figaro1854,bd6t572639k,,failed,0,0,,http_manifest,known,403,manifest,"Client error '403 ' for url 'https://openapiproext.bnf.fr/iiif/presentation/v3/ark:/12148/bd6t572639k/manifest.json'
For more information check: https://developer.mozilla.org/en-US/docs/Web/HTTP/Status/403",2026-07-17T21:17:27.399297
figaro1854,bd6t572640s,,failed,0,0,,http_manifest,known,403,manifest,"Client error '403 ' for url 'https://openapiproext.bnf.fr/iiif/presentation/v3/ark:/12148/bd6t572640s/manifest.json'
For more information check: https://developer.mozilla.org/en-US/docs/Web/HTTP/Status/403",2026-07-17T21:17:28.599426
figaro1854,bd6t5726414,,failed,0,0,,http_manifest,known,403,manifest,"Client error '403 ' for url 'https://openapiproext.bnf.fr/iiif/presentation/v3/ark:/12148/bd6t5726414/manifest.json'
For more information check: https://developer.mozilla.org/en-US/docs/Web/HTTP/Status/403",2026-07-17T21:17:29.827589
figaro1854,bd6t572642g,,failed,0,0,,http_manifest,known,403,manifest,"Client error '403 ' for url 'https://openapiproext.bnf.fr/iiif/presentation/v3/ark:/12148/bd6t572642g/manifest.json'
For more information check: https://developer.mozilla.org/en-US/docs/Web/HTTP/Status/403",2026-07-17T21:17:31.005251
figaro1854,bd6t572643t,,failed,0,0,,http_manifest,known,403,manifest,"Client error '403 ' for url 'https://openapiproext.bnf.fr/iiif/presentation/v3/ark:/12148/bd6t572643t/manifest.json'
For more information check: https://developer.mozilla.org/en-US/docs/Web/HTTP/Status/403",2026-07-17T21:17:32.205506
figaro1854,bd6t5726445,,failed,0,0,,http_manifest,known,403,manifest,"Client error '403 ' for url 'https://openapiproext.bnf.fr/iiif/presentation/v3/ark:/12148/bd6t5726445/manifest.json'
For more information check: https://developer.mozilla.org/en-US/docs/Web/HTTP/Status/403",2026-07-17T21:17:33.405860
figaro1854,bd6t572645h,,failed,0,0,,http_manifest,known,403,manifest,"Client error '403 ' for url 'https://openapiproext.bnf.fr/iiif/presentation/v3/ark:/12148/bd6t572645h/manifest.json'
For more information check: https://developer.mozilla.org/en-US/docs/Web/HTTP/Status/403",2026-07-17T21:17:34.605542
figaro1854,bd6t572646v,,failed,0,0,,http_manifest,known,403,manifest,"Client error '403 ' for url 'https://openapiproext.bnf.fr/iiif/presentation/v3/ark:/12148/bd6t572646v/manifest.json'
For more information check: https://developer.mozilla.org/en-US/docs/Web/HTTP/Status/403",2026-07-17T21:17:35.808468
figaro1854,bd6t5726476,,failed,0,0,,http_manifest,known,403,manifest,"Client error '403 ' for url 'https://openapiproext.bnf.fr/iiif/presentation/v3/ark:/12148/bd6t5726476/manifest.json'
For more information check: https://developer.mozilla.org/en-US/docs/Web/HTTP/Status/403",2026-07-17T21:17:37.011115
figaro1854,bd6t572648j,,failed,0,0,,http_manifest,known,403,manifest,"Client error '403 ' for url 'https://openapiproext.bnf.fr/iiif/presentation/v3/ark:/12148/bd6t572648j/manifest.json'
For more information check: https://developer.mozilla.org/en-US/docs/Web/HTTP/Status/403",2026-07-17T21:17:38.213898
figaro1854,bd6t572649w,,failed,0,0,,http_manifest,known,403,manifest,"Client error '403 ' for url 'https://openapiproext.bnf.fr/iiif/presentation/v3/ark:/12148/bd6t572649w/manifest.json'
For more information check: https://developer.mozilla.org/en-US/docs/Web/HTTP/Status/403",2026-07-17T21:17:39.412564
figaro1854,bd6t5728065,,failed,0,0,,http_manifest,known,403,manifest,"Client error '403 ' for url 'https://openapiproext.bnf.fr/iiif/presentation/v3/ark:/12148/bd6t5728065/manifest.json'
For more information check: https://developer.mozilla.org/en-US/docs/Web/HTTP/Status/403",2026-07-17T21:17:40.615320
figaro1854,bd6t572807h,,failed,0,0,,http_manifest,known,403,manifest,"Client error '403 ' for url 'https://openapiproext.bnf.fr/iiif/presentation/v3/ark:/12148/bd6t572807h/manifest.json'
For more information check: https://developer.mozilla.org/en-US/docs/Web/HTTP/Status/403",2026-07-17T21:17:41.841911
figaro1854,bd6t572808v,,failed,0,0,,http_manifest,known,403,manifest,"Client error '403 ' for url 'https://openapiproext.bnf.fr/iiif/presentation/v3/ark:/12148/bd6t572808v/manifest.json'
For more information check: https://developer.mozilla.org/en-US/docs/Web/HTTP/Status/403",2026-07-17T21:17:43.017908
figaro1854,bd6t5728096,,failed,0,0,,http_manifest,known,403,manifest,"Client error '403 ' for url 'https://openapiproext.bnf.fr/iiif/presentation/v3/ark:/12148/bd6t5728096/manifest.json'
For more information check: https://developer.mozilla.org/en-US/docs/Web/HTTP/Status/403",2026-07-17T21:17:44.223156
figaro1854,bd6t572810d,,failed,0,0,,http_manifest,known,403,manifest,"Client error '403 ' for url 'https://openapiproext.bnf.fr/iiif/presentation/v3/ark:/12148/bd6t572810d/manifest.json'
For more information check: https://developer.mozilla.org/en-US/docs/Web/HTTP/Status/403",2026-07-17T21:17:45.424467
figaro1854,bd6t572811r,,failed,0,0,,http_manifest,known,403,manifest,"Client error '403 ' for url 'https://openapiproext.bnf.fr/iiif/presentation/v3/ark:/12148/bd6t572811r/manifest.json'
For more information check: https://developer.mozilla.org/en-US/docs/Web/HTTP/Status/403",2026-07-17T21:17:46.624326
figaro1854,bd6t5728123,,failed,0,0,,http_manifest,known,403,manifest,"Client error '403 ' for url 'https://openapiproext.bnf.fr/iiif/presentation/v3/ark:/12148/bd6t5728123/manifest.json'
For more information check: https://developer.mozilla.org/en-US/docs/Web/HTTP/Status/403",2026-07-17T21:17:47.826129
figaro1854,bd6t572813f,,failed,0,0,,http_manifest,known,403,manifest,"Client error '403 ' for url 'https://openapiproext.bnf.fr/iiif/presentation/v3/ark:/12148/bd6t572813f/manifest.json'
For more information check: https://developer.mozilla.org/en-US/docs/Web/HTTP/Status/403",2026-07-17T21:17:49.027584
figaro1854,bd6t572814s,,failed,0,0,,http_manifest,known,403,manifest,"Client error '403 ' for url 'https://openapiproext.bnf.fr/iiif/presentation/v3/ark:/12148/bd6t572814s/manifest.json'
For more information check: https://developer.mozilla.org/en-US/docs/Web/HTTP/Status/403",2026-07-17T21:17:50.230000
figaro1854,bd6t5728154,,failed,0,0,,http_manifest,known,403,manifest,"Client error '403 ' for url 'https://openapiproext.bnf.fr/iiif/presentation/v3/ark:/12148/bd6t5728154/manifest.json'
For more information check: https://developer.mozilla.org/en-US/docs/Web/HTTP/Status/403",2026-07-17T21:17:51.428134
figaro1854,bd6t572816g,,failed,0,0,,http_manifest,known,403,manifest,"Client error '403 ' for url 'https://openapiproext.bnf.fr/iiif/presentation/v3/ark:/12148/bd6t572816g/manifest.json'
For more information check: https://developer.mozilla.org/en-US/docs/Web/HTTP/Status/403",2026-07-17T21:17:52.631828
figaro1854,bd6t572817t,,failed,0,0,,http_manifest,known,403,manifest,"Client error '403 ' for url 'https://openapiproext.bnf.fr/iiif/presentation/v3/ark:/12148/bd6t572817t/manifest.json'
For more information check: https://developer.mozilla.org/en-US/docs/Web/HTTP/Status/403",2026-07-17T21:17:53.855809
figaro1854,bd6t5728185,,failed,0,0,,http_manifest,known,403,manifest,"Client error '403 ' for url 'https://openapiproext.bnf.fr/iiif/presentation/v3/ark:/12148/bd6t5728185/manifest.json'
For more information check: https://developer.mozilla.org/en-US/docs/Web/HTTP/Status/403",2026-07-17T21:17:55.035243
figaro1854,bd6t572819h,,failed,0,0,,http_manifest,known,403,manifest,"Client error '403 ' for url 'https://openapiproext.bnf.fr/iiif/presentation/v3/ark:/12148/bd6t572819h/manifest.json'
For more information check: https://developer.mozilla.org/en-US/docs/Web/HTTP/Status/403",2026-07-17T21:17:56.237168
figaro1854,bd6t572820q,,failed,0,0,,http_manifest,known,403,manifest,"Client error '403 ' for url 'https://openapiproext.bnf.fr/iiif/presentation/v3/ark:/12148/bd6t572820q/manifest.json'
For more information check: https://developer.mozilla.org/en-US/docs/Web/HTTP/Status/403",2026-07-17T21:17:57.667000
figaro1854,bd6t5728212,,failed,0,0,,http_manifest,known,403,manifest,"Client error '403 ' for url 'https://openapiproext.bnf.fr/iiif/presentation/v3/ark:/12148/bd6t5728212/manifest.json'
For more information check: https://developer.mozilla.org/en-US/docs/Web/HTTP/Status/403",2026-07-17T21:17:58.637218
figaro1854,bd6t572822d,,failed,0,0,,http_manifest,known,403,manifest,"Client error '403 ' for url 'https://openapiproext.bnf.fr/iiif/presentation/v3/ark:/12148/bd6t572822d/manifest.json'
For more information check: https://developer.mozilla.org/en-US/docs/Web/HTTP/Status/403",2026-07-17T21:17:59.854913
figaro1854,bd6t572823r,,failed,0,0,,http_manifest,known,403,manifest,"Client error '403 ' for url 'https://openapiproext.bnf.fr/iiif/presentation/v3/ark:/12148/bd6t572823r/manifest.json'
For more information check: https://developer.mozilla.org/en-US/docs/Web/HTTP/Status/403",2026-07-17T21:18:01.085181
figaro1854,bd6t5728243,,failed,0,0,,http_manifest,known,403,manifest,"Client error '403 ' for url 'https://openapiproext.bnf.fr/iiif/presentation/v3/ark:/12148/bd6t5728243/manifest.json'
For more information check: https://developer.mozilla.org/en-US/docs/Web/HTTP/Status/403",2026-07-17T21:18:02.245350
figaro1854,bd6t572825f,,failed,0,0,,http_manifest,known,403,manifest,"Client error '403 ' for url 'https://openapiproext.bnf.fr/iiif/presentation/v3/ark:/12148/bd6t572825f/manifest.json'
For more information check: https://developer.mozilla.org/en-US/docs/Web/HTTP/Status/403",2026-07-17T21:18:03.444369
figaro1854,bd6t572826s,,failed,0,0,,http_manifest,known,403,manifest,"Client error '403 ' for url 'https://openapiproext.bnf.fr/iiif/presentation/v3/ark:/12148/bd6t572826s/manifest.json'
For more information check: https://developer.mozilla.org/en-US/docs/Web/HTTP/Status/403",2026-07-17T21:18:04.806665
figaro1854,bd6t5728274,,failed,0,0,,http_manifest,known,403,manifest,"Client error '403 ' for url 'https://openapiproext.bnf.fr/iiif/presentation/v3/ark:/12148/bd6t5728274/manifest.json'
For more information check: https://developer.mozilla.org/en-US/docs/Web/HTTP/Status/403",2026-07-17T21:18:05.998330
figaro1854,bd6t572828g,,failed,0,0,,http_manifest,known,403,manifest,"Client error '403 ' for url 'https://openapiproext.bnf.fr/iiif/presentation/v3/ark:/12148/bd6t572828g/manifest.json'
For more information check: https://developer.mozilla.org/en-US/docs/Web/HTTP/Status/403",2026-07-17T21:18:07.048539
figaro1854,bd6t572829t,,failed,0,0,,http_manifest,known,403,manifest,"Client error '403 ' for url 'https://openapiproext.bnf.fr/iiif/presentation/v3/ark:/12148/bd6t572829t/manifest.json'
For more information check: https://developer.mozilla.org/en-US/docs/Web/HTTP/Status/403",2026-07-17T21:18:08.475410
figaro1854,bd6t5728301,,failed,0,0,,http_manifest,known,403,manifest,"Client error '403 ' for url 'https://openapiproext.bnf.fr/iiif/presentation/v3/ark:/12148/bd6t5728301/manifest.json'
For more information check: https://developer.mozilla.org/en-US/docs/Web/HTTP/Status/403",2026-07-17T21:18:09.456397
figaro1854,bd6t572831c,,failed,0,0,,http_manifest,known,403,manifest,"Client error '403 ' for url 'https://openapiproext.bnf.fr/iiif/presentation/v3/ark:/12148/bd6t572831c/manifest.json'
For more information check: https://developer.mozilla.org/en-US/docs/Web/HTTP/Status/403",2026-07-17T21:18:10.702659
figaro1854,bd6t572832q,,failed,0,0,,http_manifest,known,403,manifest,"Client error '403 ' for url 'https://openapiproext.bnf.fr/iiif/presentation/v3/ark:/12148/bd6t572832q/manifest.json'
For more information check: https://developer.mozilla.org/en-US/docs/Web/HTTP/Status/403",2026-07-17T21:18:11.893062
figaro1854,bd6t5728332,,failed,0,0,,http_manifest,known,403,manifest,"Client error '403 ' for url 'https://openapiproext.bnf.fr/iiif/presentation/v3/ark:/12148/bd6t5728332/manifest.json'
For more information check: https://developer.mozilla.org/en-US/docs/Web/HTTP/Status/403",2026-07-17T21:18:13.241523
figaro1854,bd6t572834d,,failed,0,0,,http_manifest,known,403,manifest,"Client error '403 ' for url 'https://openapiproext.bnf.fr/iiif/presentation/v3/ark:/12148/bd6t572834d/manifest.json'
For more information check: https://developer.mozilla.org/en-US/docs/Web/HTTP/Status/403",2026-07-17T21:18:14.263584
figaro1854,bd6t572835r,,failed,0,0,,http_manifest,known,403,manifest,"Client error '403 ' for url 'https://openapiproext.bnf.fr/iiif/presentation/v3/ark:/12148/bd6t572835r/manifest.json'
For more information check: https://developer.mozilla.org/en-US/docs/Web/HTTP/Status/403",2026-07-17T21:18:15.711956
figaro1854,bd6t5728363,,failed,0,0,,http_manifest,known,403,manifest,"Client error '403 ' for url 'https://openapiproext.bnf.fr/iiif/presentation/v3/ark:/12148/bd6t5728363/manifest.json'
For more information check: https://developer.mozilla.org/en-US/docs/Web/HTTP/Status/403",2026-07-17T21:18:16.813834
figaro1854,bd6t572837f,,failed,0,0,,http_manifest,known,403,manifest,"Client error '403 ' for url 'https://openapiproext.bnf.fr/iiif/presentation/v3/ark:/12148/bd6t572837f/manifest.json'
For more information check: https://developer.mozilla.org/en-US/docs/Web/HTTP/Status/403",2026-07-17T21:18:17.899063
figaro1854,bd6t572838s,,failed,0,0,,http_manifest,known,403,manifest,"Client error '403 ' for url 'https://openapiproext.bnf.fr/iiif/presentation/v3/ark:/12148/bd6t572838s/manifest.json'
For more information check: https://developer.mozilla.org/en-US/docs/Web/HTTP/Status/403",2026-07-17T21:18:19.284451
figaro1854,bd6t572840b,,failed,0,0,,http_manifest,known,403,manifest,"Client error '403 ' for url 'https://openapiproext.bnf.fr/iiif/presentation/v3/ark:/12148/bd6t572840b/manifest.json'
For more information check: https://developer.mozilla.org/en-US/docs/Web/HTTP/Status/403",2026-07-17T21:18:20.264968
figaro1854,bd6t5728394,,failed,0,0,,http_manifest,known,403,manifest,"Client error '403 ' for url 'https://openapiproext.bnf.fr/iiif/presentation/v3/ark:/12148/bd6t5728394/manifest.json'
For more information check: https://developer.mozilla.org/en-US/docs/Web/HTTP/Status/403",2026-07-17T21:18:21.464835
figaro1854,bd6t572841p,,failed,0,0,,http_manifest,known,403,manifest,"Client error '403 ' for url 'https://openapiproext.bnf.fr/iiif/presentation/v3/ark:/12148/bd6t572841p/manifest.json'
For more information check: https://developer.mozilla.org/en-US/docs/Web/HTTP/Status/403",2026-07-17T21:18:22.667387
figaro1854,bd6t5728421,,failed,0,0,,http_manifest,known,403,manifest,"Client error '403 ' for url 'https://openapiproext.bnf.fr/iiif/presentation/v3/ark:/12148/bd6t5728421/manifest.json'
For more information check: https://developer.mozilla.org/en-US/docs/Web/HTTP/Status/403",2026-07-17T21:18:23.870046
figaro1854,bd6t572843c,,failed,0,0,,http_manifest,known,403,manifest,"Client error '403 ' for url 'https://openapiproext.bnf.fr/iiif/presentation/v3/ark:/12148/bd6t572843c/manifest.json'
For more information check: https://developer.mozilla.org/en-US/docs/Web/HTTP/Status/403",2026-07-17T21:18:25.079864
figaro1854,bd6t572844q,,failed,0,0,,http_manifest,known,403,manifest,"Client error '403 ' for url 'https://openapiproext.bnf.fr/iiif/presentation/v3/ark:/12148/bd6t572844q/manifest.json'
For more information check: https://developer.mozilla.org/en-US/docs/Web/HTTP/Status/403",2026-07-17T21:18:26.273331
figaro1854,bd6t5728452,,failed,0,0,,http_manifest,known,403,manifest,"Client error '403 ' for url 'https://openapiproext.bnf.fr/iiif/presentation/v3/ark:/12148/bd6t5728452/manifest.json'
For more information check: https://developer.mozilla.org/en-US/docs/Web/HTTP/Status/403",2026-07-17T21:18:27.476737
figaro1854,bd6t572846d,,failed,0,0,,http_manifest,known,403,manifest,"Client error '403 ' for url 'https://openapiproext.bnf.fr/iiif/presentation/v3/ark:/12148/bd6t572846d/manifest.json'
For more information check: https://developer.mozilla.org/en-US/docs/Web/HTTP/Status/403",2026-07-17T21:18:28.679292
figaro1854,bd6t572847r,,failed,0,0,,http_manifest,known,403,manifest,"Client error '403 ' for url 'https://openapiproext.bnf.fr/iiif/presentation/v3/ark:/12148/bd6t572847r/manifest.json'
For more information check: https://developer.mozilla.org/en-US/docs/Web/HTTP/Status/403",2026-07-17T21:18:29.877881
figaro1854,bd6t5728483,,failed,0,0,,http_manifest,known,403,manifest,"Client error '403 ' for url 'https://openapiproext.bnf.fr/iiif/presentation/v3/ark:/12148/bd6t5728483/manifest.json'
For more information check: https://developer.mozilla.org/en-US/docs/Web/HTTP/Status/403",2026-07-17T21:18:31.099906
figaro1854,bd6t572849f,,failed,0,0,,http_manifest,known,403,manifest,"Client error '403 ' for url 'https://openapiproext.bnf.fr/iiif/presentation/v3/ark:/12148/bd6t572849f/manifest.json'
For more information check: https://developer.mozilla.org/en-US/docs/Web/HTTP/Status/403",2026-07-17T21:18:32.281607
figaro1854,bd6t5728510,,failed,0,0,,http_manifest,known,403,manifest,"Client error '403 ' for url 'https://openapiproext.bnf.fr/iiif/presentation/v3/ark:/12148/bd6t5728510/manifest.json'
For more information check: https://developer.mozilla.org/en-US/docs/Web/HTTP/Status/403",2026-07-17T21:18:33.479807
figaro1854,bd6t572850n,,failed,0,0,,http_manifest,known,403,manifest,"Client error '403 ' for url 'https://openapiproext.bnf.fr/iiif/presentation/v3/ark:/12148/bd6t572850n/manifest.json'
For more information check: https://developer.mozilla.org/en-US/docs/Web/HTTP/Status/403",2026-07-17T21:18:34.682878
figaro1854,bd6t572852b,,failed,0,0,,http_manifest,known,403,manifest,"Client error '403 ' for url 'https://openapiproext.bnf.fr/iiif/presentation/v3/ark:/12148/bd6t572852b/manifest.json'
For more information check: https://developer.mozilla.org/en-US/docs/Web/HTTP/Status/403",2026-07-17T21:18:35.891371
figaro1854,bd6t572853p,,failed,0,0,,http_manifest,known,403,manifest,"Client error '403 ' for url 'https://openapiproext.bnf.fr/iiif/presentation/v3/ark:/12148/bd6t572853p/manifest.json'
For more information check: https://developer.mozilla.org/en-US/docs/Web/HTTP/Status/403",2026-07-17T21:18:37.086222
figaro1854,bd6t5728541,,failed,0,0,,http_manifest,known,403,manifest,"Client error '403 ' for url 'https://openapiproext.bnf.fr/iiif/presentation/v3/ark:/12148/bd6t5728541/manifest.json'
For more information check: https://developer.mozilla.org/en-US/docs/Web/HTTP/Status/403",2026-07-17T21:18:38.287571
figaro1854,bd6t572855c,,failed,0,0,,http_manifest,known,403,manifest,"Client error '403 ' for url 'https://openapiproext.bnf.fr/iiif/presentation/v3/ark:/12148/bd6t572855c/manifest.json'
For more information check: https://developer.mozilla.org/en-US/docs/Web/HTTP/Status/403",2026-07-17T21:18:39.489289
figaro1854,bd6t572856q,,failed,0,0,,http_manifest,known,403,manifest,"Client error '403 ' for url 'https://openapiproext.bnf.fr/iiif/presentation/v3/ark:/12148/bd6t572856q/manifest.json'
For more information check: https://developer.mozilla.org/en-US/docs/Web/HTTP/Status/403",2026-07-17T21:18:40.691887
figaro1854,bd6t5728572,,failed,0,0,,http_manifest,known,403,manifest,"Client error '403 ' for url 'https://openapiproext.bnf.fr/iiif/presentation/v3/ark:/12148/bd6t5728572/manifest.json'
For more information check: https://developer.mozilla.org/en-US/docs/Web/HTTP/Status/403",2026-07-17T21:18:41.894318
figaro1854,bd6t572858d,,failed,0,0,,http_manifest,known,403,manifest,"Client error '403 ' for url 'https://openapiproext.bnf.fr/iiif/presentation/v3/ark:/12148/bd6t572858d/manifest.json'
For more information check: https://developer.mozilla.org/en-US/docs/Web/HTTP/Status/403",2026-07-17T21:18:43.122371
figaro1854,bd6t572859r,,failed,0,0,,http_manifest,known,403,manifest,"Client error '403 ' for url 'https://openapiproext.bnf.fr/iiif/presentation/v3/ark:/12148/bd6t572859r/manifest.json'
For more information check: https://developer.mozilla.org/en-US/docs/Web/HTTP/Status/403",2026-07-17T21:18:44.294211
figaro1854,bd6t572860z,,failed,0,0,,http_manifest,known,403,manifest,"Client error '403 ' for url 'https://openapiproext.bnf.fr/iiif/presentation/v3/ark:/12148/bd6t572860z/manifest.json'
For more information check: https://developer.mozilla.org/en-US/docs/Web/HTTP/Status/403",2026-07-17T21:18:45.496941
figaro1854,bd6t5728619,,failed,0,0,,http_manifest,known,403,manifest,"Client error '403 ' for url 'https://openapiproext.bnf.fr/iiif/presentation/v3/ark:/12148/bd6t5728619/manifest.json'
For more information check: https://developer.mozilla.org/en-US/docs/Web/HTTP/Status/403",2026-07-17T21:18:46.701500
figaro1854,bd6t5726503,,failed,0,0,,http_manifest,known,403,manifest,"Client error '403 ' for url 'https://openapiproext.bnf.fr/iiif/presentation/v3/ark:/12148/bd6t5726503/manifest.json'
For more information check: https://developer.mozilla.org/en-US/docs/Web/HTTP/Status/403",2026-07-17T21:18:47.898995
figaro1854,bd6t572651f,,failed,0,0,,http_manifest,known,403,manifest,"Client error '403 ' for url 'https://openapiproext.bnf.fr/iiif/presentation/v3/ark:/12148/bd6t572651f/manifest.json'
For more information check: https://developer.mozilla.org/en-US/docs/Web/HTTP/Status/403",2026-07-17T21:18:49.126815
figaro1854,bd6t572652s,,failed,0,0,,http_manifest,known,403,manifest,"Client error '403 ' for url 'https://openapiproext.bnf.fr/iiif/presentation/v3/ark:/12148/bd6t572652s/manifest.json'
For more information check: https://developer.mozilla.org/en-US/docs/Web/HTTP/Status/403",2026-07-17T21:18:50.303084
figaro1854,bd6t5726534,,failed,0,0,,http_manifest,known,403,manifest,"Client error '403 ' for url 'https://openapiproext.bnf.fr/iiif/presentation/v3/ark:/12148/bd6t5726534/manifest.json'
For more information check: https://developer.mozilla.org/en-US/docs/Web/HTTP/Status/403",2026-07-17T21:18:51.659806
figaro1854,bd6t572654g,,failed,0,0,,http_manifest,known,403,manifest,"Client error '403 ' for url 'https://openapiproext.bnf.fr/iiif/presentation/v3/ark:/12148/bd6t572654g/manifest.json'
For more information check: https://developer.mozilla.org/en-US/docs/Web/HTTP/Status/403",2026-07-17T21:18:52.942475
figaro1854,bd6t572655t,,failed,0,0,,http_manifest,known,403,manifest,"Client error '403 ' for url 'https://openapiproext.bnf.fr/iiif/presentation/v3/ark:/12148/bd6t572655t/manifest.json'
For more information check: https://developer.mozilla.org/en-US/docs/Web/HTTP/Status/403",2026-07-17T21:18:53.906465
figaro1854,bd6t5726565,,failed,0,0,,http_manifest,known,403,manifest,"Client error '403 ' for url 'https://openapiproext.bnf.fr/iiif/presentation/v3/ark:/12148/bd6t5726565/manifest.json'
For more information check: https://developer.mozilla.org/en-US/docs/Web/HTTP/Status/403",2026-07-17T21:18:55.112368
figaro1854,bd6t572657h,,failed,0,0,,http_manifest,known,403,manifest,"Client error '403 ' for url 'https://openapiproext.bnf.fr/iiif/presentation/v3/ark:/12148/bd6t572657h/manifest.json'
For more information check: https://developer.mozilla.org/en-US/docs/Web/HTTP/Status/403",2026-07-17T21:18:56.320197
figaro1854,bd6t572658v,,failed,0,0,,http_manifest,known,403,manifest,"Client error '403 ' for url 'https://openapiproext.bnf.fr/iiif/presentation/v3/ark:/12148/bd6t572658v/manifest.json'
For more information check: https://developer.mozilla.org/en-US/docs/Web/HTTP/Status/403",2026-07-17T21:18:57.731393
figaro1854,bd6t5726596,,failed,0,0,,http_manifest,known,403,manifest,"Client error '403 ' for url 'https://openapiproext.bnf.fr/iiif/presentation/v3/ark:/12148/bd6t5726596/manifest.json'
For more information check: https://developer.mozilla.org/en-US/docs/Web/HTTP/Status/403",2026-07-17T21:18:58.876217
figaro1854,bd6t572660d,,failed,0,0,,http_manifest,known,403,manifest,"Client error '403 ' for url 'https://openapiproext.bnf.fr/iiif/presentation/v3/ark:/12148/bd6t572660d/manifest.json'
For more information check: https://developer.mozilla.org/en-US/docs/Web/HTTP/Status/403",2026-07-17T21:18:59.927997
figaro1854,bd6t572661r,,failed,0,0,,http_manifest,known,403,manifest,"Client error '403 ' for url 'https://openapiproext.bnf.fr/iiif/presentation/v3/ark:/12148/bd6t572661r/manifest.json'
For more information check: https://developer.mozilla.org/en-US/docs/Web/HTTP/Status/403",2026-07-17T21:19:01.151529
figaro1854,bd6t5726623,,failed,0,0,,http_manifest,known,403,manifest,"Client error '403 ' for url 'https://openapiproext.bnf.fr/iiif/presentation/v3/ark:/12148/bd6t5726623/manifest.json'
For more information check: https://developer.mozilla.org/en-US/docs/Web/HTTP/Status/403",2026-07-17T21:19:02.447754
figaro1854,bd6t572663f,,failed,0,0,,http_manifest,known,403,manifest,"Client error '403 ' for url 'https://openapiproext.bnf.fr/iiif/presentation/v3/ark:/12148/bd6t572663f/manifest.json'
For more information check: https://developer.mozilla.org/en-US/docs/Web/HTTP/Status/403",2026-07-17T21:19:03.703298
figaro1854,bd6t572664s,,failed,0,0,,http_manifest,known,403,manifest,"Client error '403 ' for url 'https://openapiproext.bnf.fr/iiif/presentation/v3/ark:/12148/bd6t572664s/manifest.json'
For more information check: https://developer.mozilla.org/en-US/docs/Web/HTTP/Status/403",2026-07-17T21:19:04.776138
figaro1854,bd6t5726654,,failed,0,0,,http_manifest,known,403,manifest,"Client error '403 ' for url 'https://openapiproext.bnf.fr/iiif/presentation/v3/ark:/12148/bd6t5726654/manifest.json'
For more information check: https://developer.mozilla.org/en-US/docs/Web/HTTP/Status/403",2026-07-17T21:19:06.069968
figaro1854,bd6t572666g,,failed,0,0,,http_manifest,known,403,manifest,"Client error '403 ' for url 'https://openapiproext.bnf.fr/iiif/presentation/v3/ark:/12148/bd6t572666g/manifest.json'
For more information check: https://developer.mozilla.org/en-US/docs/Web/HTTP/Status/403",2026-07-17T21:19:07.134200
figaro1854,bd6t572667t,,failed,0,0,,http_manifest,known,403,manifest,"Client error '403 ' for url 'https://openapiproext.bnf.fr/iiif/presentation/v3/ark:/12148/bd6t572667t/manifest.json'
For more information check: https://developer.mozilla.org/en-US/docs/Web/HTTP/Status/403",2026-07-17T21:19:08.326947
figaro1854,bd6t5726685,,failed,0,0,,http_manifest,known,403,manifest,"Client error '403 ' for url 'https://openapiproext.bnf.fr/iiif/presentation/v3/ark:/12148/bd6t5726685/manifest.json'
For more information check: https://developer.mozilla.org/en-US/docs/Web/HTTP/Status/403",2026-07-17T21:19:09.530298
figaro1854,bd6t572669h,,failed,0,0,,http_manifest,known,403,manifest,"Client error '403 ' for url 'https://openapiproext.bnf.fr/iiif/presentation/v3/ark:/12148/bd6t572669h/manifest.json'
For more information check: https://developer.mozilla.org/en-US/docs/Web/HTTP/Status/403",2026-07-17T21:19:10.951974
figaro1854,bd6t572670q,,failed,0,0,,http_manifest,known,403,manifest,"Client error '403 ' for url 'https://openapiproext.bnf.fr/iiif/presentation/v3/ark:/12148/bd6t572670q/manifest.json'
For more information check: https://developer.mozilla.org/en-US/docs/Web/HTTP/Status/403",2026-07-17T21:19:11.930323
figaro1854,bd6t5726712,,failed,0,0,,http_manifest,known,403,manifest,"Client error '403 ' for url 'https://openapiproext.bnf.fr/iiif/presentation/v3/ark:/12148/bd6t5726712/manifest.json'
For more information check: https://developer.mozilla.org/en-US/docs/Web/HTTP/Status/403",2026-07-17T21:19:13.222851
figaro1854,bd6t572672d,,failed,0,0,,http_manifest,known,403,manifest,"Client error '403 ' for url 'https://openapiproext.bnf.fr/iiif/presentation/v3/ark:/12148/bd6t572672d/manifest.json'
For more information check: https://developer.mozilla.org/en-US/docs/Web/HTTP/Status/403",2026-07-17T21:19:14.371373
figaro1854,bd6t572673r,,failed,0,0,,http_manifest,known,403,manifest,"Client error '403 ' for url 'https://openapiproext.bnf.fr/iiif/presentation/v3/ark:/12148/bd6t572673r/manifest.json'
For more information check: https://developer.mozilla.org/en-US/docs/Web/HTTP/Status/403",2026-07-17T21:19:15.536575
figaro1854,bd6t5726743,,failed,0,0,,http_manifest,known,403,manifest,"Client error '403 ' for url 'https://openapiproext.bnf.fr/iiif/presentation/v3/ark:/12148/bd6t5726743/manifest.json'
For more information check: https://developer.mozilla.org/en-US/docs/Web/HTTP/Status/403",2026-07-17T21:19:16.863881
figaro1854,bd6t572675f,,failed,0,0,,http_manifest,known,403,manifest,"Client error '403 ' for url 'https://openapiproext.bnf.fr/iiif/presentation/v3/ark:/12148/bd6t572675f/manifest.json'
For more information check: https://developer.mozilla.org/en-US/docs/Web/HTTP/Status/403",2026-07-17T21:19:18.183322
figaro1854,bd6t572676s,,failed,0,0,,http_manifest,known,403,manifest,"Client error '403 ' for url 'https://openapiproext.bnf.fr/iiif/presentation/v3/ark:/12148/bd6t572676s/manifest.json'
For more information check: https://developer.mozilla.org/en-US/docs/Web/HTTP/Status/403",2026-07-17T21:19:19.163617
figaro1854,bd6t5726774,,failed,0,0,,http_manifest,known,403,manifest,"Client error '403 ' for url 'https://openapiproext.bnf.fr/iiif/presentation/v3/ark:/12148/bd6t5726774/manifest.json'
For more information check: https://developer.mozilla.org/en-US/docs/Web/HTTP/Status/403",2026-07-17T21:19:20.343476
figaro1854,bd6t572678g,,failed,0,0,,http_manifest,known,403,manifest,"Client error '403 ' for url 'https://openapiproext.bnf.fr/iiif/presentation/v3/ark:/12148/bd6t572678g/manifest.json'
For more information check: https://developer.mozilla.org/en-US/docs/Web/HTTP/Status/403",2026-07-17T21:19:21.545189
figaro1854,bd6t572679t,,failed,0,0,,http_manifest,known,403,manifest,"Client error '403 ' for url 'https://openapiproext.bnf.fr/iiif/presentation/v3/ark:/12148/bd6t572679t/manifest.json'
For more information check: https://developer.mozilla.org/en-US/docs/Web/HTTP/Status/403",2026-07-17T21:19:22.751154
figaro1854,bd6t5726801,,failed,0,0,,http_manifest,known,403,manifest,"Client error '403 ' for url 'https://openapiproext.bnf.fr/iiif/presentation/v3/ark:/12148/bd6t5726801/manifest.json'
For more information check: https://developer.mozilla.org/en-US/docs/Web/HTTP/Status/403",2026-07-17T21:19:23.945427
figaro1854,bd6t572681c,,failed,0,0,,http_manifest,known,403,manifest,"Client error '403 ' for url 'https://openapiproext.bnf.fr/iiif/presentation/v3/ark:/12148/bd6t572681c/manifest.json'
For more information check: https://developer.mozilla.org/en-US/docs/Web/HTTP/Status/403",2026-07-17T21:19:25.146275
figaro1854,bd6t572682q,,failed,0,0,,http_manifest,known,403,manifest,"Client error '403 ' for url 'https://openapiproext.bnf.fr/iiif/presentation/v3/ark:/12148/bd6t572682q/manifest.json'
For more information check: https://developer.mozilla.org/en-US/docs/Web/HTTP/Status/403",2026-07-17T21:19:26.346442
figaro1854,bd6t5726832,,failed,0,0,,http_manifest,known,403,manifest,"Client error '403 ' for url 'https://openapiproext.bnf.fr/iiif/presentation/v3/ark:/12148/bd6t5726832/manifest.json'
For more information check: https://developer.mozilla.org/en-US/docs/Web/HTTP/Status/403",2026-07-17T21:19:27.553813
figaro1854,bd6t572684d,,failed,0,0,,http_manifest,known,403,manifest,"Client error '403 ' for url 'https://openapiproext.bnf.fr/iiif/presentation/v3/ark:/12148/bd6t572684d/manifest.json'
For more information check: https://developer.mozilla.org/en-US/docs/Web/HTTP/Status/403",2026-07-17T21:19:28.749305
figaro1854,bd6t572685r,,failed,0,0,,http_manifest,known,403,manifest,"Client error '403 ' for url 'https://openapiproext.bnf.fr/iiif/presentation/v3/ark:/12148/bd6t572685r/manifest.json'
For more information check: https://developer.mozilla.org/en-US/docs/Web/HTTP/Status/403",2026-07-17T21:19:29.954948
figaro1854,bd6t5726863,,failed,0,0,,http_manifest,known,403,manifest,"Client error '403 ' for url 'https://openapiproext.bnf.fr/iiif/presentation/v3/ark:/12148/bd6t5726863/manifest.json'
For more information check: https://developer.mozilla.org/en-US/docs/Web/HTTP/Status/403",2026-07-17T21:19:31.182489
figaro1854,bd6t572687f,,failed,0,0,,http_manifest,known,403,manifest,"Client error '403 ' for url 'https://openapiproext.bnf.fr/iiif/presentation/v3/ark:/12148/bd6t572687f/manifest.json'
For more information check: https://developer.mozilla.org/en-US/docs/Web/HTTP/Status/403",2026-07-17T21:19:32.356244
figaro1854,bd6t572688s,,failed,0,0,,http_manifest,known,403,manifest,"Client error '403 ' for url 'https://openapiproext.bnf.fr/iiif/presentation/v3/ark:/12148/bd6t572688s/manifest.json'
For more information check: https://developer.mozilla.org/en-US/docs/Web/HTTP/Status/403",2026-07-17T21:19:33.558255
figaro1854,bd6t5726894,,failed,0,0,,http_manifest,known,403,manifest,"Client error '403 ' for url 'https://openapiproext.bnf.fr/iiif/presentation/v3/ark:/12148/bd6t5726894/manifest.json'
For more information check: https://developer.mozilla.org/en-US/docs/Web/HTTP/Status/403",2026-07-17T21:19:34.760088
figaro1854,bd6t572690b,,failed,0,0,,http_manifest,known,403,manifest,"Client error '403 ' for url 'https://openapiproext.bnf.fr/iiif/presentation/v3/ark:/12148/bd6t572690b/manifest.json'
For more information check: https://developer.mozilla.org/en-US/docs/Web/HTTP/Status/403",2026-07-17T21:19:35.968901
figaro1854,bd6t572691p,,failed,0,0,,http_manifest,known,403,manifest,"Client error '403 ' for url 'https://openapiproext.bnf.fr/iiif/presentation/v3/ark:/12148/bd6t572691p/manifest.json'
For more information check: https://developer.mozilla.org/en-US/docs/Web/HTTP/Status/403",2026-07-17T21:19:37.172162
figaro1854,bd6t5726921,,failed,0,0,,http_manifest,known,403,manifest,"Client error '403 ' for url 'https://openapiproext.bnf.fr/iiif/presentation/v3/ark:/12148/bd6t5726921/manifest.json'
For more information check: https://developer.mozilla.org/en-US/docs/Web/HTTP/Status/403",2026-07-17T21:19:38.480739
figaro1854,bd6t572693c,,failed,0,0,,http_manifest,known,403,manifest,"Client error '403 ' for url 'https://openapiproext.bnf.fr/iiif/presentation/v3/ark:/12148/bd6t572693c/manifest.json'
For more information check: https://developer.mozilla.org/en-US/docs/Web/HTTP/Status/403",2026-07-17T21:19:39.562877
figaro1854,bd6t572694q,,failed,0,0,,http_manifest,known,403,manifest,"Client error '403 ' for url 'https://openapiproext.bnf.fr/iiif/presentation/v3/ark:/12148/bd6t572694q/manifest.json'
For more information check: https://developer.mozilla.org/en-US/docs/Web/HTTP/Status/403",2026-07-17T21:19:40.763974
figaro1854,bd6t5726952,,failed,0,0,,http_manifest,known,403,manifest,"Client error '403 ' for url 'https://openapiproext.bnf.fr/iiif/presentation/v3/ark:/12148/bd6t5726952/manifest.json'
For more information check: https://developer.mozilla.org/en-US/docs/Web/HTTP/Status/403",2026-07-17T21:19:41.967277
figaro1854,bd6t572696d,,failed,0,0,,http_manifest,known,403,manifest,"Client error '403 ' for url 'https://openapiproext.bnf.fr/iiif/presentation/v3/ark:/12148/bd6t572696d/manifest.json'
For more information check: https://developer.mozilla.org/en-US/docs/Web/HTTP/Status/403",2026-07-17T21:19:43.205317
figaro1854,bd6t572697r,,failed,0,0,,http_manifest,known,403,manifest,"Client error '403 ' for url 'https://openapiproext.bnf.fr/iiif/presentation/v3/ark:/12148/bd6t572697r/manifest.json'
For more information check: https://developer.mozilla.org/en-US/docs/Web/HTTP/Status/403",2026-07-17T21:19:44.370702
figaro1854,bd6t5726983,,failed,0,0,,http_manifest,known,403,manifest,"Client error '403 ' for url 'https://openapiproext.bnf.fr/iiif/presentation/v3/ark:/12148/bd6t5726983/manifest.json'
For more information check: https://developer.mozilla.org/en-US/docs/Web/HTTP/Status/403",2026-07-17T21:19:45.572577
figaro1854,bd6t572699f,,failed,0,0,,http_manifest,known,403,manifest,"Client error '403 ' for url 'https://openapiproext.bnf.fr/iiif/presentation/v3/ark:/12148/bd6t572699f/manifest.json'
For more information check: https://developer.mozilla.org/en-US/docs/Web/HTTP/Status/403",2026-07-17T21:19:46.776202
figaro1854,bd6t572700t,,failed,0,0,,http_manifest,known,403,manifest,"Client error '403 ' for url 'https://openapiproext.bnf.fr/iiif/presentation/v3/ark:/12148/bd6t572700t/manifest.json'
For more information check: https://developer.mozilla.org/en-US/docs/Web/HTTP/Status/403",2026-07-17T21:19:47.975525
figaro1854,bd6t569935h,,failed,0,0,,http_manifest,known,403,manifest,"Client error '403 ' for url 'https://openapiproext.bnf.fr/iiif/presentation/v3/ark:/12148/bd6t569935h/manifest.json'
For more information check: https://developer.mozilla.org/en-US/docs/Web/HTTP/Status/403",2026-07-17T21:19:49.203863
figaro1854,bd6t569936v,,failed,0,0,,http_manifest,known,403,manifest,"Client error '403 ' for url 'https://openapiproext.bnf.fr/iiif/presentation/v3/ark:/12148/bd6t569936v/manifest.json'
For more information check: https://developer.mozilla.org/en-US/docs/Web/HTTP/Status/403",2026-07-17T21:19:50.380081
figaro1854,bd6t5699376,,failed,0,0,,http_manifest,known,403,manifest,"Client error '403 ' for url 'https://openapiproext.bnf.fr/iiif/presentation/v3/ark:/12148/bd6t5699376/manifest.json'
For more information check: https://developer.mozilla.org/en-US/docs/Web/HTTP/Status/403",2026-07-17T21:19:51.581661
figaro1854,bd6t569938j,,failed,0,0,,http_manifest,known,403,manifest,"Client error '403 ' for url 'https://openapiproext.bnf.fr/iiif/presentation/v3/ark:/12148/bd6t569938j/manifest.json'
For more information check: https://developer.mozilla.org/en-US/docs/Web/HTTP/Status/403",2026-07-17T21:19:52.799331
figaro1854,bd6t569939w,,failed,0,0,,http_manifest,known,403,manifest,"Client error '403 ' for url 'https://openapiproext.bnf.fr/iiif/presentation/v3/ark:/12148/bd6t569939w/manifest.json'
For more information check: https://developer.mozilla.org/en-US/docs/Web/HTTP/Status/403",2026-07-17T21:19:53.987501
figaro1854,bd6t5699403,,failed,0,0,,http_manifest,known,403,manifest,"Client error '403 ' for url 'https://openapiproext.bnf.fr/iiif/presentation/v3/ark:/12148/bd6t5699403/manifest.json'
For more information check: https://developer.mozilla.org/en-US/docs/Web/HTTP/Status/403",2026-07-17T21:19:55.187766
figaro1854,bd6t569941f,,failed,0,0,,http_manifest,known,403,manifest,"Client error '403 ' for url 'https://openapiproext.bnf.fr/iiif/presentation/v3/ark:/12148/bd6t569941f/manifest.json'
For more information check: https://developer.mozilla.org/en-US/docs/Web/HTTP/Status/403",2026-07-17T21:19:56.397997
figaro1854,bd6t569942s,,failed,0,0,,http_manifest,known,403,manifest,"Client error '403 ' for url 'https://openapiproext.bnf.fr/iiif/presentation/v3/ark:/12148/bd6t569942s/manifest.json'
For more information check: https://developer.mozilla.org/en-US/docs/Web/HTTP/Status/403",2026-07-17T21:19:57.789224
figaro1854,bd6t5699434,,failed,0,0,,http_manifest,known,403,manifest,"Client error '403 ' for url 'https://openapiproext.bnf.fr/iiif/presentation/v3/ark:/12148/bd6t5699434/manifest.json'
For more information check: https://developer.mozilla.org/en-US/docs/Web/HTTP/Status/403",2026-07-17T21:19:58.909959
figaro1854,bd6t569944g,,failed,0,0,,http_manifest,known,403,manifest,"Client error '403 ' for url 'https://openapiproext.bnf.fr/iiif/presentation/v3/ark:/12148/bd6t569944g/manifest.json'
For more information check: https://developer.mozilla.org/en-US/docs/Web/HTTP/Status/403",2026-07-17T21:19:59.991246
figaro1854,bd6t569945t,,failed,0,0,,http_manifest,known,403,manifest,"Client error '403 ' for url 'https://openapiproext.bnf.fr/iiif/presentation/v3/ark:/12148/bd6t569945t/manifest.json'
For more information check: https://developer.mozilla.org/en-US/docs/Web/HTTP/Status/403",2026-07-17T21:20:01.275229
figaro1854,bd6t5699465,,failed,0,0,,http_manifest,known,403,manifest,"Client error '403 ' for url 'https://openapiproext.bnf.fr/iiif/presentation/v3/ark:/12148/bd6t5699465/manifest.json'
For more information check: https://developer.mozilla.org/en-US/docs/Web/HTTP/Status/403",2026-07-17T21:20:02.533949
figaro1854,bd6t569947h,,failed,0,0,,http_manifest,known,403,manifest,"Client error '403 ' for url 'https://openapiproext.bnf.fr/iiif/presentation/v3/ark:/12148/bd6t569947h/manifest.json'
For more information check: https://developer.mozilla.org/en-US/docs/Web/HTTP/Status/403",2026-07-17T21:20:03.868824
figaro1854,bd6t569948v,,failed,0,0,,http_manifest,known,403,manifest,"Client error '403 ' for url 'https://openapiproext.bnf.fr/iiif/presentation/v3/ark:/12148/bd6t569948v/manifest.json'
For more information check: https://developer.mozilla.org/en-US/docs/Web/HTTP/Status/403",2026-07-17T21:20:04.961836
figaro1854,bd6t5699496,,failed,0,0,,http_manifest,known,403,manifest,"Client error '403 ' for url 'https://openapiproext.bnf.fr/iiif/presentation/v3/ark:/12148/bd6t5699496/manifest.json'
For more information check: https://developer.mozilla.org/en-US/docs/Web/HTTP/Status/403",2026-07-17T21:20:06.113759
figaro1854,bd6t569950d,,failed,0,0,,http_manifest,known,403,manifest,"Client error '403 ' for url 'https://openapiproext.bnf.fr/iiif/presentation/v3/ark:/12148/bd6t569950d/manifest.json'
For more information check: https://developer.mozilla.org/en-US/docs/Web/HTTP/Status/403",2026-07-17T21:20:07.216929
figaro1854,bd6t569951r,,failed,0,0,,http_manifest,known,403,manifest,"Client error '403 ' for url 'https://openapiproext.bnf.fr/iiif/presentation/v3/ark:/12148/bd6t569951r/manifest.json'
For more information check: https://developer.mozilla.org/en-US/docs/Web/HTTP/Status/403",2026-07-17T21:20:08.496817
figaro1854,bd6t5699523,,failed,0,0,,http_manifest,known,403,manifest,"Client error '403 ' for url 'https://openapiproext.bnf.fr/iiif/presentation/v3/ark:/12148/bd6t5699523/manifest.json'
For more information check: https://developer.mozilla.org/en-US/docs/Web/HTTP/Status/403",2026-07-17T21:20:09.638033
figaro1854,bd6t569953f,,failed,0,0,,http_manifest,known,403,manifest,"Client error '403 ' for url 'https://openapiproext.bnf.fr/iiif/presentation/v3/ark:/12148/bd6t569953f/manifest.json'
For more information check: https://developer.mozilla.org/en-US/docs/Web/HTTP/Status/403",2026-07-17T21:20:10.808049
figaro1854,bd6t569954s,,failed,0,0,,http_manifest,known,403,manifest,"Client error '403 ' for url 'https://openapiproext.bnf.fr/iiif/presentation/v3/ark:/12148/bd6t569954s/manifest.json'
For more information check: https://developer.mozilla.org/en-US/docs/Web/HTTP/Status/403",2026-07-17T21:20:12.005066
figaro1854,bd6t5699554,,failed,0,0,,http_manifest,known,403,manifest,"Client error '403 ' for url 'https://openapiproext.bnf.fr/iiif/presentation/v3/ark:/12148/bd6t5699554/manifest.json'
For more information check: https://developer.mozilla.org/en-US/docs/Web/HTTP/Status/403",2026-07-17T21:20:13.249043
figaro1854,bd6t569956g,,failed,0,0,,http_manifest,known,403,manifest,"Client error '403 ' for url 'https://openapiproext.bnf.fr/iiif/presentation/v3/ark:/12148/bd6t569956g/manifest.json'
For more information check: https://developer.mozilla.org/en-US/docs/Web/HTTP/Status/403",2026-07-17T21:20:14.470193
figaro1854,bd6t569957t,,failed,0,0,,http_manifest,known,403,manifest,"Client error '403 ' for url 'https://openapiproext.bnf.fr/iiif/presentation/v3/ark:/12148/bd6t569957t/manifest.json'
For more information check: https://developer.mozilla.org/en-US/docs/Web/HTTP/Status/403",2026-07-17T21:20:15.618921
figaro1854,bd6t5699585,,failed,0,0,,http_manifest,known,403,manifest,"Client error '403 ' for url 'https://openapiproext.bnf.fr/iiif/presentation/v3/ark:/12148/bd6t5699585/manifest.json'
For more information check: https://developer.mozilla.org/en-US/docs/Web/HTTP/Status/403",2026-07-17T21:20:16.815620
figaro1854,bd6t569959h,,failed,0,0,,http_manifest,known,403,manifest,"Client error '403 ' for url 'https://openapiproext.bnf.fr/iiif/presentation/v3/ark:/12148/bd6t569959h/manifest.json'
For more information check: https://developer.mozilla.org/en-US/docs/Web/HTTP/Status/403",2026-07-17T21:20:18.018153
figaro1854,bd6t569960q,,failed,0,0,,http_manifest,known,403,manifest,"Client error '403 ' for url 'https://openapiproext.bnf.fr/iiif/presentation/v3/ark:/12148/bd6t569960q/manifest.json'
For more information check: https://developer.mozilla.org/en-US/docs/Web/HTTP/Status/403",2026-07-17T21:20:19.236996
figaro1854,bd6t5699612,,failed,0,0,,http_manifest,known,403,manifest,"Client error '403 ' for url 'https://openapiproext.bnf.fr/iiif/presentation/v3/ark:/12148/bd6t5699612/manifest.json'
For more information check: https://developer.mozilla.org/en-US/docs/Web/HTTP/Status/403",2026-07-17T21:20:20.418335
figaro1854,bd6t569962d,,failed,0,0,,http_manifest,known,403,manifest,"Client error '403 ' for url 'https://openapiproext.bnf.fr/iiif/presentation/v3/ark:/12148/bd6t569962d/manifest.json'
For more information check: https://developer.mozilla.org/en-US/docs/Web/HTTP/Status/403",2026-07-17T21:20:21.618392
figaro1854,bd6t569963r,,failed,0,0,,http_manifest,known,403,manifest,"Client error '403 ' for url 'https://openapiproext.bnf.fr/iiif/presentation/v3/ark:/12148/bd6t569963r/manifest.json'
For more information check: https://developer.mozilla.org/en-US/docs/Web/HTTP/Status/403",2026-07-17T21:20:22.820277
figaro1854,bd6t5699643,,failed,0,0,,http_manifest,known,403,manifest,"Client error '403 ' for url 'https://openapiproext.bnf.fr/iiif/presentation/v3/ark:/12148/bd6t5699643/manifest.json'
For more information check: https://developer.mozilla.org/en-US/docs/Web/HTTP/Status/403",2026-07-17T21:20:24.020302
figaro1854,bd6t569965f,,failed,0,0,,http_manifest,known,403,manifest,"Client error '403 ' for url 'https://openapiproext.bnf.fr/iiif/presentation/v3/ark:/12148/bd6t569965f/manifest.json'
For more information check: https://developer.mozilla.org/en-US/docs/Web/HTTP/Status/403",2026-07-17T21:20:25.227952
figaro1854,bd6t569966s,,failed,0,0,,http_manifest,known,403,manifest,"Client error '403 ' for url 'https://openapiproext.bnf.fr/iiif/presentation/v3/ark:/12148/bd6t569966s/manifest.json'
For more information check: https://developer.mozilla.org/en-US/docs/Web/HTTP/Status/403",2026-07-17T21:20:26.427400
figaro1854,bd6t5699674,,failed,0,0,,http_manifest,known,403,manifest,"Client error '403 ' for url 'https://openapiproext.bnf.fr/iiif/presentation/v3/ark:/12148/bd6t5699674/manifest.json'
For more information check: https://developer.mozilla.org/en-US/docs/Web/HTTP/Status/403",2026-07-17T21:20:27.627257
figaro1854,bd6t569968g,,failed,0,0,,http_manifest,known,403,manifest,"Client error '403 ' for url 'https://openapiproext.bnf.fr/iiif/presentation/v3/ark:/12148/bd6t569968g/manifest.json'
For more information check: https://developer.mozilla.org/en-US/docs/Web/HTTP/Status/403",2026-07-17T21:20:28.833421
figaro1854,bd6t569969t,,failed,0,0,,http_manifest,known,403,manifest,"Client error '403 ' for url 'https://openapiproext.bnf.fr/iiif/presentation/v3/ark:/12148/bd6t569969t/manifest.json'
For more information check: https://developer.mozilla.org/en-US/docs/Web/HTTP/Status/403",2026-07-17T21:20:30.034042
figaro1854,bd6t5699701,,failed,0,0,,http_manifest,known,403,manifest,"Client error '403 ' for url 'https://openapiproext.bnf.fr/iiif/presentation/v3/ark:/12148/bd6t5699701/manifest.json'
For more information check: https://developer.mozilla.org/en-US/docs/Web/HTTP/Status/403",2026-07-17T21:20:31.264472
figaro1854,bd6t569971c,,failed,0,0,,http_manifest,known,403,manifest,"Client error '403 ' for url 'https://openapiproext.bnf.fr/iiif/presentation/v3/ark:/12148/bd6t569971c/manifest.json'
For more information check: https://developer.mozilla.org/en-US/docs/Web/HTTP/Status/403",2026-07-17T21:20:32.449489
figaro1854,bd6t569972q,,failed,0,0,,http_manifest,known,403,manifest,"Client error '403 ' for url 'https://openapiproext.bnf.fr/iiif/presentation/v3/ark:/12148/bd6t569972q/manifest.json'
For more information check: https://developer.mozilla.org/en-US/docs/Web/HTTP/Status/403",2026-07-17T21:20:33.640054
figaro1854,bd6t5699732,,failed,0,0,,http_manifest,known,403,manifest,"Client error '403 ' for url 'https://openapiproext.bnf.fr/iiif/presentation/v3/ark:/12148/bd6t5699732/manifest.json'
For more information check: https://developer.mozilla.org/en-US/docs/Web/HTTP/Status/403",2026-07-17T21:20:34.838389
figaro1854,bd6t569974d,,failed,0,0,,http_manifest,known,403,manifest,"Client error '403 ' for url 'https://openapiproext.bnf.fr/iiif/presentation/v3/ark:/12148/bd6t569974d/manifest.json'
For more information check: https://developer.mozilla.org/en-US/docs/Web/HTTP/Status/403",2026-07-17T21:20:36.040890
figaro1854,bd6t569975r,,failed,0,0,,http_manifest,known,403,manifest,"Client error '403 ' for url 'https://openapiproext.bnf.fr/iiif/presentation/v3/ark:/12148/bd6t569975r/manifest.json'
For more information check: https://developer.mozilla.org/en-US/docs/Web/HTTP/Status/403",2026-07-17T21:20:37.244845
figaro1854,bd6t5699763,,failed,0,0,,http_manifest,known,403,manifest,"Client error '403 ' for url 'https://openapiproext.bnf.fr/iiif/presentation/v3/ark:/12148/bd6t5699763/manifest.json'
For more information check: https://developer.mozilla.org/en-US/docs/Web/HTTP/Status/403",2026-07-17T21:20:38.442741
figaro1854,bd6t569977f,,failed,0,0,,http_manifest,known,403,manifest,"Client error '403 ' for url 'https://openapiproext.bnf.fr/iiif/presentation/v3/ark:/12148/bd6t569977f/manifest.json'
For more information check: https://developer.mozilla.org/en-US/docs/Web/HTTP/Status/403",2026-07-17T21:20:39.641049
figaro1854,bd6t569978s,,failed,0,0,,http_manifest,known,403,manifest,"Client error '403 ' for url 'https://openapiproext.bnf.fr/iiif/presentation/v3/ark:/12148/bd6t569978s/manifest.json'
For more information check: https://developer.mozilla.org/en-US/docs/Web/HTTP/Status/403",2026-07-17T21:20:40.847239
figaro1854,bd6t5699794,,failed,0,0,,http_manifest,known,403,manifest,"Client error '403 ' for url 'https://openapiproext.bnf.fr/iiif/presentation/v3/ark:/12148/bd6t5699794/manifest.json'
For more information check: https://developer.mozilla.org/en-US/docs/Web/HTTP/Status/403",2026-07-17T21:20:42.048548
figaro1854,bd6t569980b,,failed,0,0,,http_manifest,known,403,manifest,"Client error '403 ' for url 'https://openapiproext.bnf.fr/iiif/presentation/v3/ark:/12148/bd6t569980b/manifest.json'
For more information check: https://developer.mozilla.org/en-US/docs/Web/HTTP/Status/403",2026-07-17T21:20:43.274922
figaro1854,bd6t569981p,,failed,0,0,,http_manifest,known,403,manifest,"Client error '403 ' for url 'https://openapiproext.bnf.fr/iiif/presentation/v3/ark:/12148/bd6t569981p/manifest.json'
For more information check: https://developer.mozilla.org/en-US/docs/Web/HTTP/Status/403",2026-07-17T21:20:44.451723
figaro1854,bd6t5699821,,failed,0,0,,http_manifest,known,403,manifest,"Client error '403 ' for url 'https://openapiproext.bnf.fr/iiif/presentation/v3/ark:/12148/bd6t5699821/manifest.json'
For more information check: https://developer.mozilla.org/en-US/docs/Web/HTTP/Status/403",2026-07-17T21:20:45.660284
figaro1854,bd6t569983c,,failed,0,0,,http_manifest,known,403,manifest,"Client error '403 ' for url 'https://openapiproext.bnf.fr/iiif/presentation/v3/ark:/12148/bd6t569983c/manifest.json'
For more information check: https://developer.mozilla.org/en-US/docs/Web/HTTP/Status/403",2026-07-17T21:20:46.855155
figaro1854,bd6t569984q,,failed,0,0,,http_manifest,known,403,manifest,"Client error '403 ' for url 'https://openapiproext.bnf.fr/iiif/presentation/v3/ark:/12148/bd6t569984q/manifest.json'
For more information check: https://developer.mozilla.org/en-US/docs/Web/HTTP/Status/403",2026-07-17T21:20:48.055748
figaro1854,bd6t5699852,,failed,0,0,,http_manifest,known,403,manifest,"Client error '403 ' for url 'https://openapiproext.bnf.fr/iiif/presentation/v3/ark:/12148/bd6t5699852/manifest.json'
For more information check: https://developer.mozilla.org/en-US/docs/Web/HTTP/Status/403",2026-07-17T21:20:49.284685
figaro1854,bd6t569986d,,failed,0,0,,http_manifest,known,403,manifest,"Client error '403 ' for url 'https://openapiproext.bnf.fr/iiif/presentation/v3/ark:/12148/bd6t569986d/manifest.json'
For more information check: https://developer.mozilla.org/en-US/docs/Web/HTTP/Status/403",2026-07-17T21:20:50.466406
figaro1854,bd6t569987r,,failed,0,0,,http_manifest,known,403,manifest,"Client error '403 ' for url 'https://openapiproext.bnf.fr/iiif/presentation/v3/ark:/12148/bd6t569987r/manifest.json'
For more information check: https://developer.mozilla.org/en-US/docs/Web/HTTP/Status/403",2026-07-17T21:20:51.668698
figaro1854,bd6t5699883,,failed,0,0,,http_manifest,known,403,manifest,"Client error '403 ' for url 'https://openapiproext.bnf.fr/iiif/presentation/v3/ark:/12148/bd6t5699883/manifest.json'
For more information check: https://developer.mozilla.org/en-US/docs/Web/HTTP/Status/403",2026-07-17T21:20:52.862163
figaro1854,bd6t569989f,,failed,0,0,,http_manifest,known,403,manifest,"Client error '403 ' for url 'https://openapiproext.bnf.fr/iiif/presentation/v3/ark:/12148/bd6t569989f/manifest.json'
For more information check: https://developer.mozilla.org/en-US/docs/Web/HTTP/Status/403",2026-07-17T21:20:54.072416
figaro1854,bd6t569990n,,failed,0,0,,http_manifest,known,403,manifest,"Client error '403 ' for url 'https://openapiproext.bnf.fr/iiif/presentation/v3/ark:/12148/bd6t569990n/manifest.json'
For more information check: https://developer.mozilla.org/en-US/docs/Web/HTTP/Status/403",2026-07-17T21:20:55.265673
figaro1854,bd6t5699910,,failed,0,0,,http_manifest,known,403,manifest,"Client error '403 ' for url 'https://openapiproext.bnf.fr/iiif/presentation/v3/ark:/12148/bd6t5699910/manifest.json'
For more information check: https://developer.mozilla.org/en-US/docs/Web/HTTP/Status/403",2026-07-17T21:20:56.464183
figaro1854,bd6t569992b,,failed,0,0,,http_manifest,known,403,manifest,"Client error '403 ' for url 'https://openapiproext.bnf.fr/iiif/presentation/v3/ark:/12148/bd6t569992b/manifest.json'
For more information check: https://developer.mozilla.org/en-US/docs/Web/HTTP/Status/403",2026-07-17T21:20:57.843403
figaro1854,bd6t569993p,,failed,0,0,,http_manifest,known,403,manifest,"Client error '403 ' for url 'https://openapiproext.bnf.fr/iiif/presentation/v3/ark:/12148/bd6t569993p/manifest.json'
For more information check: https://developer.mozilla.org/en-US/docs/Web/HTTP/Status/403",2026-07-17T21:20:59.079984
figaro1854,bd6t5699941,,failed,0,0,,http_manifest,known,403,manifest,"Client error '403 ' for url 'https://openapiproext.bnf.fr/iiif/presentation/v3/ark:/12148/bd6t5699941/manifest.json'
For more information check: https://developer.mozilla.org/en-US/docs/Web/HTTP/Status/403",2026-07-17T21:21:00.114209
figaro1854,bd6t569995c,,failed,0,0,,http_manifest,known,403,manifest,"Client error '403 ' for url 'https://openapiproext.bnf.fr/iiif/presentation/v3/ark:/12148/bd6t569995c/manifest.json'
For more information check: https://developer.mozilla.org/en-US/docs/Web/HTTP/Status/403",2026-07-17T21:21:01.578808
figaro1854,bd6t569996q,,failed,0,0,,http_manifest,known,403,manifest,"Client error '403 ' for url 'https://openapiproext.bnf.fr/iiif/presentation/v3/ark:/12148/bd6t569996q/manifest.json'
For more information check: https://developer.mozilla.org/en-US/docs/Web/HTTP/Status/403",2026-07-17T21:21:02.493408
figaro1854,bd6t5699972,,failed,0,0,,http_manifest,known,403,manifest,"Client error '403 ' for url 'https://openapiproext.bnf.fr/iiif/presentation/v3/ark:/12148/bd6t5699972/manifest.json'
For more information check: https://developer.mozilla.org/en-US/docs/Web/HTTP/Status/403",2026-07-17T21:21:03.674714
figaro1854,bd6t569998d,,failed,0,0,,http_manifest,known,403,manifest,"Client error '403 ' for url 'https://openapiproext.bnf.fr/iiif/presentation/v3/ark:/12148/bd6t569998d/manifest.json'
For more information check: https://developer.mozilla.org/en-US/docs/Web/HTTP/Status/403",2026-07-17T21:21:04.955455
figaro1854,bd6t569999r,,failed,0,0,,http_manifest,known,403,manifest,"Client error '403 ' for url 'https://openapiproext.bnf.fr/iiif/presentation/v3/ark:/12148/bd6t569999r/manifest.json'
For more information check: https://developer.mozilla.org/en-US/docs/Web/HTTP/Status/403",2026-07-17T21:21:06.254004
figaro1854,bd6t570000d,,failed,0,0,,http_manifest,known,403,manifest,"Client error '403 ' for url 'https://openapiproext.bnf.fr/iiif/presentation/v3/ark:/12148/bd6t570000d/manifest.json'
For more information check: https://developer.mozilla.org/en-US/docs/Web/HTTP/Status/403",2026-07-17T21:21:07.282712
figaro1854,bd6t570001r,,failed,0,0,,http_manifest,known,403,manifest,"Client error '403 ' for url 'https://openapiproext.bnf.fr/iiif/presentation/v3/ark:/12148/bd6t570001r/manifest.json'
For more information check: https://developer.mozilla.org/en-US/docs/Web/HTTP/Status/403",2026-07-17T21:21:08.483407
figaro1854,bd6t5700023,,failed,0,0,,http_manifest,known,403,manifest,"Client error '403 ' for url 'https://openapiproext.bnf.fr/iiif/presentation/v3/ark:/12148/bd6t5700023/manifest.json'
For more information check: https://developer.mozilla.org/en-US/docs/Web/HTTP/Status/403",2026-07-17T21:21:09.685975
figaro1854,bd6t570003f,,failed,0,0,,http_manifest,known,403,manifest,"Client error '403 ' for url 'https://openapiproext.bnf.fr/iiif/presentation/v3/ark:/12148/bd6t570003f/manifest.json'
For more information check: https://developer.mozilla.org/en-US/docs/Web/HTTP/Status/403",2026-07-17T21:21:10.881415
figaro1854,bd6t570004s,,failed,0,0,,http_manifest,known,403,manifest,"Client error '403 ' for url 'https://openapiproext.bnf.fr/iiif/presentation/v3/ark:/12148/bd6t570004s/manifest.json'
For more information check: https://developer.mozilla.org/en-US/docs/Web/HTTP/Status/403",2026-07-17T21:21:12.087962
figaro1854,bd6t5700054,,failed,0,0,,http_manifest,known,403,manifest,"Client error '403 ' for url 'https://openapiproext.bnf.fr/iiif/presentation/v3/ark:/12148/bd6t5700054/manifest.json'
For more information check: https://developer.mozilla.org/en-US/docs/Web/HTTP/Status/403",2026-07-17T21:21:13.333115
figaro1854,bd6t570006g,,failed,0,0,,http_manifest,known,403,manifest,"Client error '403 ' for url 'https://openapiproext.bnf.fr/iiif/presentation/v3/ark:/12148/bd6t570006g/manifest.json'
For more information check: https://developer.mozilla.org/en-US/docs/Web/HTTP/Status/403",2026-07-17T21:21:14.492698
figaro1854,bd6t570007t,,failed,0,0,,http_manifest,known,403,manifest,"Client error '403 ' for url 'https://openapiproext.bnf.fr/iiif/presentation/v3/ark:/12148/bd6t570007t/manifest.json'
For more information check: https://developer.mozilla.org/en-US/docs/Web/HTTP/Status/403",2026-07-17T21:21:15.692749
figaro1854,bd6t5700085,,failed,0,0,,http_manifest,known,403,manifest,"Client error '403 ' for url 'https://openapiproext.bnf.fr/iiif/presentation/v3/ark:/12148/bd6t5700085/manifest.json'
For more information check: https://developer.mozilla.org/en-US/docs/Web/HTTP/Status/403",2026-07-17T21:21:16.893880
figaro1854,bd6t570009h,,failed,0,0,,http_manifest,known,403,manifest,"Client error '403 ' for url 'https://openapiproext.bnf.fr/iiif/presentation/v3/ark:/12148/bd6t570009h/manifest.json'
For more information check: https://developer.mozilla.org/en-US/docs/Web/HTTP/Status/403",2026-07-17T21:21:18.095732
figaro1854,bd6t570010q,,failed,0,0,,http_manifest,known,403,manifest,"Client error '403 ' for url 'https://openapiproext.bnf.fr/iiif/presentation/v3/ark:/12148/bd6t570010q/manifest.json'
For more information check: https://developer.mozilla.org/en-US/docs/Web/HTTP/Status/403",2026-07-17T21:21:19.321122
figaro1854,bd6t5700112,,failed,0,0,,http_manifest,known,403,manifest,"Client error '403 ' for url 'https://openapiproext.bnf.fr/iiif/presentation/v3/ark:/12148/bd6t5700112/manifest.json'
For more information check: https://developer.mozilla.org/en-US/docs/Web/HTTP/Status/403",2026-07-17T21:21:20.498960
figaro1854,bd6t570012d,,failed,0,0,,http_manifest,known,403,manifest,"Client error '403 ' for url 'https://openapiproext.bnf.fr/iiif/presentation/v3/ark:/12148/bd6t570012d/manifest.json'
For more information check: https://developer.mozilla.org/en-US/docs/Web/HTTP/Status/403",2026-07-17T21:21:21.701149
figaro1854,bd6t570013r,,failed,0,0,,http_manifest,known,403,manifest,"Client error '403 ' for url 'https://openapiproext.bnf.fr/iiif/presentation/v3/ark:/12148/bd6t570013r/manifest.json'
For more information check: https://developer.mozilla.org/en-US/docs/Web/HTTP/Status/403",2026-07-17T21:21:22.904850
figaro1854,bd6t5700143,,failed,0,0,,http_manifest,known,403,manifest,"Client error '403 ' for url 'https://openapiproext.bnf.fr/iiif/presentation/v3/ark:/12148/bd6t5700143/manifest.json'
For more information check: https://developer.mozilla.org/en-US/docs/Web/HTTP/Status/403",2026-07-17T21:21:24.102543
figaro1854,bd6t570015f,,failed,0,0,,http_manifest,known,403,manifest,"Client error '403 ' for url 'https://openapiproext.bnf.fr/iiif/presentation/v3/ark:/12148/bd6t570015f/manifest.json'
For more information check: https://developer.mozilla.org/en-US/docs/Web/HTTP/Status/403",2026-07-17T21:21:25.308683
figaro1854,bd6t570016s,,failed,0,0,,http_manifest,known,403,manifest,"Client error '403 ' for url 'https://openapiproext.bnf.fr/iiif/presentation/v3/ark:/12148/bd6t570016s/manifest.json'
For more information check: https://developer.mozilla.org/en-US/docs/Web/HTTP/Status/403",2026-07-17T21:21:26.507581
figaro1854,bd6t5700174,,failed,0,0,,http_manifest,known,403,manifest,"Client error '403 ' for url 'https://openapiproext.bnf.fr/iiif/presentation/v3/ark:/12148/bd6t5700174/manifest.json'
For more information check: https://developer.mozilla.org/en-US/docs/Web/HTTP/Status/403",2026-07-17T21:21:27.708579
figaro1854,bd6t570018g,,failed,0,0,,http_manifest,known,403,manifest,"Client error '403 ' for url 'https://openapiproext.bnf.fr/iiif/presentation/v3/ark:/12148/bd6t570018g/manifest.json'
For more information check: https://developer.mozilla.org/en-US/docs/Web/HTTP/Status/403",2026-07-17T21:21:28.911581
figaro1854,bd6t570019t,,failed,0,0,,http_manifest,known,403,manifest,"Client error '403 ' for url 'https://openapiproext.bnf.fr/iiif/presentation/v3/ark:/12148/bd6t570019t/manifest.json'
For more information check: https://developer.mozilla.org/en-US/docs/Web/HTTP/Status/403",2026-07-17T21:21:30.116495
figaro1854,bd6t5700201,,failed,0,0,,http_manifest,known,403,manifest,"Client error '403 ' for url 'https://openapiproext.bnf.fr/iiif/presentation/v3/ark:/12148/bd6t5700201/manifest.json'
For more information check: https://developer.mozilla.org/en-US/docs/Web/HTTP/Status/403",2026-07-17T21:21:31.347409
figaro1854,bd6t570021c,,failed,0,0,,http_manifest,known,403,manifest,"Client error '403 ' for url 'https://openapiproext.bnf.fr/iiif/presentation/v3/ark:/12148/bd6t570021c/manifest.json'
For more information check: https://developer.mozilla.org/en-US/docs/Web/HTTP/Status/403",2026-07-17T21:21:32.518402
figaro1854,bd6t570022q,,failed,0,0,,http_manifest,known,403,manifest,"Client error '403 ' for url 'https://openapiproext.bnf.fr/iiif/presentation/v3/ark:/12148/bd6t570022q/manifest.json'
For more information check: https://developer.mozilla.org/en-US/docs/Web/HTTP/Status/403",2026-07-17T21:21:33.718888
figaro1854,bd6t5700232,,failed,0,0,,http_manifest,known,403,manifest,"Client error '403 ' for url 'https://openapiproext.bnf.fr/iiif/presentation/v3/ark:/12148/bd6t5700232/manifest.json'
For more information check: https://developer.mozilla.org/en-US/docs/Web/HTTP/Status/403",2026-07-17T21:21:34.915822
figaro1854,bd6t570024d,,failed,0,0,,http_manifest,known,403,manifest,"Client error '403 ' for url 'https://openapiproext.bnf.fr/iiif/presentation/v3/ark:/12148/bd6t570024d/manifest.json'
For more information check: https://developer.mozilla.org/en-US/docs/Web/HTTP/Status/403",2026-07-17T21:21:36.121608
figaro1854,bd6t570025r,,failed,0,0,,http_manifest,known,403,manifest,"Client error '403 ' for url 'https://openapiproext.bnf.fr/iiif/presentation/v3/ark:/12148/bd6t570025r/manifest.json'
For more information check: https://developer.mozilla.org/en-US/docs/Web/HTTP/Status/403",2026-07-17T21:21:37.321243
figaro1854,bd6t5700263,,failed,0,0,,http_manifest,known,403,manifest,"Client error '403 ' for url 'https://openapiproext.bnf.fr/iiif/presentation/v3/ark:/12148/bd6t5700263/manifest.json'
For more information check: https://developer.mozilla.org/en-US/docs/Web/HTTP/Status/403",2026-07-17T21:21:38.523946
figaro1854,bd6t570027f,,failed,0,0,,http_manifest,known,403,manifest,"Client error '403 ' for url 'https://openapiproext.bnf.fr/iiif/presentation/v3/ark:/12148/bd6t570027f/manifest.json'
For more information check: https://developer.mozilla.org/en-US/docs/Web/HTTP/Status/403",2026-07-17T21:21:39.724119
figaro1854,bd6t570028s,,failed,0,0,,http_manifest,known,403,manifest,"Client error '403 ' for url 'https://openapiproext.bnf.fr/iiif/presentation/v3/ark:/12148/bd6t570028s/manifest.json'
For more information check: https://developer.mozilla.org/en-US/docs/Web/HTTP/Status/403",2026-07-17T21:21:40.926649
figaro1854,bd6t5700294,,failed,0,0,,http_manifest,known,403,manifest,"Client error '403 ' for url 'https://openapiproext.bnf.fr/iiif/presentation/v3/ark:/12148/bd6t5700294/manifest.json'
For more information check: https://developer.mozilla.org/en-US/docs/Web/HTTP/Status/403",2026-07-17T21:21:42.128417
figaro1854,bd6t570030b,,failed,0,0,,http_manifest,known,403,manifest,"Client error '403 ' for url 'https://openapiproext.bnf.fr/iiif/presentation/v3/ark:/12148/bd6t570030b/manifest.json'
For more information check: https://developer.mozilla.org/en-US/docs/Web/HTTP/Status/403",2026-07-17T21:21:43.359084
figaro1854,bd6t570031p,,failed,0,0,,http_manifest,known,403,manifest,"Client error '403 ' for url 'https://openapiproext.bnf.fr/iiif/presentation/v3/ark:/12148/bd6t570031p/manifest.json'
For more information check: https://developer.mozilla.org/en-US/docs/Web/HTTP/Status/403",2026-07-17T21:21:44.530145
figaro1854,bd6t5700321,,failed,0,0,,http_manifest,known,403,manifest,"Client error '403 ' for url 'https://openapiproext.bnf.fr/iiif/presentation/v3/ark:/12148/bd6t5700321/manifest.json'
For more information check: https://developer.mozilla.org/en-US/docs/Web/HTTP/Status/403",2026-07-17T21:21:45.738901
figaro1854,bd6t570033c,,failed,0,0,,http_manifest,known,403,manifest,"Client error '403 ' for url 'https://openapiproext.bnf.fr/iiif/presentation/v3/ark:/12148/bd6t570033c/manifest.json'
For more information check: https://developer.mozilla.org/en-US/docs/Web/HTTP/Status/403",2026-07-17T21:21:46.931963
figaro1854,bd6t570034q,,failed,0,0,,http_manifest,known,403,manifest,"Client error '403 ' for url 'https://openapiproext.bnf.fr/iiif/presentation/v3/ark:/12148/bd6t570034q/manifest.json'
For more information check: https://developer.mozilla.org/en-US/docs/Web/HTTP/Status/403",2026-07-17T21:21:48.136151
figaro1854,bd6t5700352,,failed,0,0,,http_manifest,known,403,manifest,"Client error '403 ' for url 'https://openapiproext.bnf.fr/iiif/presentation/v3/ark:/12148/bd6t5700352/manifest.json'
For more information check: https://developer.mozilla.org/en-US/docs/Web/HTTP/Status/403",2026-07-17T21:21:49.359507
figaro1854,bd6t570036d,,failed,0,0,,http_manifest,known,403,manifest,"Client error '403 ' for url 'https://openapiproext.bnf.fr/iiif/presentation/v3/ark:/12148/bd6t570036d/manifest.json'
For more information check: https://developer.mozilla.org/en-US/docs/Web/HTTP/Status/403",2026-07-17T21:21:50.537021
figaro1854,bd6t570037r,,failed,0,0,,http_manifest,known,403,manifest,"Client error '403 ' for url 'https://openapiproext.bnf.fr/iiif/presentation/v3/ark:/12148/bd6t570037r/manifest.json'
For more information check: https://developer.mozilla.org/en-US/docs/Web/HTTP/Status/403",2026-07-17T21:21:51.735682
figaro1854,bd6t5700383,,failed,0,0,,http_manifest,known,403,manifest,"Client error '403 ' for url 'https://openapiproext.bnf.fr/iiif/presentation/v3/ark:/12148/bd6t5700383/manifest.json'
For more information check: https://developer.mozilla.org/en-US/docs/Web/HTTP/Status/403",2026-07-17T21:21:52.936356
figaro1854,bd6t569672w,,failed,0,0,,http_manifest,known,403,manifest,"Client error '403 ' for url 'https://openapiproext.bnf.fr/iiif/presentation/v3/ark:/12148/bd6t569672w/manifest.json'
For more information check: https://developer.mozilla.org/en-US/docs/Web/HTTP/Status/403",2026-07-17T21:21:54.138666
figaro1854,bd6t5696737,,failed,0,0,,http_manifest,known,403,manifest,"Client error '403 ' for url 'https://openapiproext.bnf.fr/iiif/presentation/v3/ark:/12148/bd6t5696737/manifest.json'
For more information check: https://developer.mozilla.org/en-US/docs/Web/HTTP/Status/403",2026-07-17T21:21:55.342285
figaro1854,bd6t569674k,,failed,0,0,,http_manifest,known,403,manifest,"Client error '403 ' for url 'https://openapiproext.bnf.fr/iiif/presentation/v3/ark:/12148/bd6t569674k/manifest.json'
For more information check: https://developer.mozilla.org/en-US/docs/Web/HTTP/Status/403",2026-07-17T21:21:56.542675
figaro1854,bd6t569675x,,failed,0,0,,http_manifest,known,403,manifest,"Client error '403 ' for url 'https://openapiproext.bnf.fr/iiif/presentation/v3/ark:/12148/bd6t569675x/manifest.json'
For more information check: https://developer.mozilla.org/en-US/docs/Web/HTTP/Status/403",2026-07-17T21:21:57.869842
figaro1854,bd6t5696768,,failed,0,0,,http_manifest,known,403,manifest,"Client error '403 ' for url 'https://openapiproext.bnf.fr/iiif/presentation/v3/ark:/12148/bd6t5696768/manifest.json'
For more information check: https://developer.mozilla.org/en-US/docs/Web/HTTP/Status/403",2026-07-17T21:21:58.949851
figaro1854,bd6t569677m,,failed,0,0,,http_manifest,known,403,manifest,"Client error '403 ' for url 'https://openapiproext.bnf.fr/iiif/presentation/v3/ark:/12148/bd6t569677m/manifest.json'
For more information check: https://developer.mozilla.org/en-US/docs/Web/HTTP/Status/403",2026-07-17T21:22:00.372475
figaro1854,bd6t569678z,,failed,0,0,,http_manifest,known,403,manifest,"Client error '403 ' for url 'https://openapiproext.bnf.fr/iiif/presentation/v3/ark:/12148/bd6t569678z/manifest.json'
For more information check: https://developer.mozilla.org/en-US/docs/Web/HTTP/Status/403",2026-07-17T21:22:01.466718
figaro1854,bd6t5696799,,failed,0,0,,http_manifest,known,403,manifest,"Client error '403 ' for url 'https://openapiproext.bnf.fr/iiif/presentation/v3/ark:/12148/bd6t5696799/manifest.json'
For more information check: https://developer.mozilla.org/en-US/docs/Web/HTTP/Status/403",2026-07-17T21:22:02.551991
figaro1854,bd6t569680h,,failed,0,0,,http_manifest,known,403,manifest,"Client error '403 ' for url 'https://openapiproext.bnf.fr/iiif/presentation/v3/ark:/12148/bd6t569680h/manifest.json'
For more information check: https://developer.mozilla.org/en-US/docs/Web/HTTP/Status/403",2026-07-17T21:22:03.760322
figaro1854,bd6t569681v,,failed,0,0,,http_manifest,known,403,manifest,"Client error '403 ' for url 'https://openapiproext.bnf.fr/iiif/presentation/v3/ark:/12148/bd6t569681v/manifest.json'
For more information check: https://developer.mozilla.org/en-US/docs/Web/HTTP/Status/403",2026-07-17T21:22:05.037090
figaro1854,bd6t5696826,,failed,0,0,,http_manifest,known,403,manifest,"Client error '403 ' for url 'https://openapiproext.bnf.fr/iiif/presentation/v3/ark:/12148/bd6t5696826/manifest.json'
For more information check: https://developer.mozilla.org/en-US/docs/Web/HTTP/Status/403",2026-07-17T21:22:06.269579
figaro1854,bd6t569683j,,failed,0,0,,http_manifest,known,403,manifest,"Client error '403 ' for url 'https://openapiproext.bnf.fr/iiif/presentation/v3/ark:/12148/bd6t569683j/manifest.json'
For more information check: https://developer.mozilla.org/en-US/docs/Web/HTTP/Status/403",2026-07-17T21:22:07.355565
figaro1854,bd6t569684w,,failed,0,0,,http_manifest,known,403,manifest,"Client error '403 ' for url 'https://openapiproext.bnf.fr/iiif/presentation/v3/ark:/12148/bd6t569684w/manifest.json'
For more information check: https://developer.mozilla.org/en-US/docs/Web/HTTP/Status/403",2026-07-17T21:22:08.673502
figaro1854,bd6t5696857,,failed,0,0,,http_manifest,known,403,manifest,"Client error '403 ' for url 'https://openapiproext.bnf.fr/iiif/presentation/v3/ark:/12148/bd6t5696857/manifest.json'
For more information check: https://developer.mozilla.org/en-US/docs/Web/HTTP/Status/403",2026-07-17T21:22:09.853810
figaro1854,bd6t569686k,,failed,0,0,,http_manifest,known,403,manifest,"Client error '403 ' for url 'https://openapiproext.bnf.fr/iiif/presentation/v3/ark:/12148/bd6t569686k/manifest.json'
For more information check: https://developer.mozilla.org/en-US/docs/Web/HTTP/Status/403",2026-07-17T21:22:11.054372
figaro1854,bd6t569687x,,failed,0,0,,http_manifest,known,403,manifest,"Client error '403 ' for url 'https://openapiproext.bnf.fr/iiif/presentation/v3/ark:/12148/bd6t569687x/manifest.json'
For more information check: https://developer.mozilla.org/en-US/docs/Web/HTTP/Status/403",2026-07-17T21:22:12.361554
figaro1854,bd6t5696888,,failed,0,0,,http_manifest,known,403,manifest,"Client error '403 ' for url 'https://openapiproext.bnf.fr/iiif/presentation/v3/ark:/12148/bd6t5696888/manifest.json'
For more information check: https://developer.mozilla.org/en-US/docs/Web/HTTP/Status/403",2026-07-17T21:22:13.560559
figaro1854,bd6t569689m,,failed,0,0,,http_manifest,known,403,manifest,"Client error '403 ' for url 'https://openapiproext.bnf.fr/iiif/presentation/v3/ark:/12148/bd6t569689m/manifest.json'
For more information check: https://developer.mozilla.org/en-US/docs/Web/HTTP/Status/403",2026-07-17T21:22:14.568440
figaro1854,bd6t569690t,,failed,0,0,,http_manifest,known,403,manifest,"Client error '403 ' for url 'https://openapiproext.bnf.fr/iiif/presentation/v3/ark:/12148/bd6t569690t/manifest.json'
For more information check: https://developer.mozilla.org/en-US/docs/Web/HTTP/Status/403",2026-07-17T21:22:15.766171
figaro1854,bd6t5696915,,failed,0,0,,http_manifest,known,403,manifest,"Client error '403 ' for url 'https://openapiproext.bnf.fr/iiif/presentation/v3/ark:/12148/bd6t5696915/manifest.json'
For more information check: https://developer.mozilla.org/en-US/docs/Web/HTTP/Status/403",2026-07-17T21:22:17.087756
figaro1854,bd6t569692h,,failed,0,0,,http_manifest,known,403,manifest,"Client error '403 ' for url 'https://openapiproext.bnf.fr/iiif/presentation/v3/ark:/12148/bd6t569692h/manifest.json'
For more information check: https://developer.mozilla.org/en-US/docs/Web/HTTP/Status/403",2026-07-17T21:22:18.286381
figaro1854,bd6t569693v,,failed,0,0,,http_manifest,known,403,manifest,"Client error '403 ' for url 'https://openapiproext.bnf.fr/iiif/presentation/v3/ark:/12148/bd6t569693v/manifest.json'
For more information check: https://developer.mozilla.org/en-US/docs/Web/HTTP/Status/403",2026-07-17T21:22:19.371053
figaro1854,bd6t5696946,,failed,0,0,,http_manifest,known,403,manifest,"Client error '403 ' for url 'https://openapiproext.bnf.fr/iiif/presentation/v3/ark:/12148/bd6t5696946/manifest.json'
For more information check: https://developer.mozilla.org/en-US/docs/Web/HTTP/Status/403",2026-07-17T21:22:20.573657
figaro1854,bd6t569695j,,failed,0,0,,http_manifest,known,403,manifest,"Client error '403 ' for url 'https://openapiproext.bnf.fr/iiif/presentation/v3/ark:/12148/bd6t569695j/manifest.json'
For more information check: https://developer.mozilla.org/en-US/docs/Web/HTTP/Status/403",2026-07-17T21:22:21.773250
figaro1854,bd6t569696w,,failed,0,0,,http_manifest,known,403,manifest,"Client error '403 ' for url 'https://openapiproext.bnf.fr/iiif/presentation/v3/ark:/12148/bd6t569696w/manifest.json'
For more information check: https://developer.mozilla.org/en-US/docs/Web/HTTP/Status/403",2026-07-17T21:22:22.973212
figaro1854,bd6t5696977,,failed,0,0,,http_manifest,known,403,manifest,"Client error '403 ' for url 'https://openapiproext.bnf.fr/iiif/presentation/v3/ark:/12148/bd6t5696977/manifest.json'
For more information check: https://developer.mozilla.org/en-US/docs/Web/HTTP/Status/403",2026-07-17T21:22:24.191913
figaro1854,bd6t569698k,,failed,0,0,,http_manifest,known,403,manifest,"Client error '403 ' for url 'https://openapiproext.bnf.fr/iiif/presentation/v3/ark:/12148/bd6t569698k/manifest.json'
For more information check: https://developer.mozilla.org/en-US/docs/Web/HTTP/Status/403",2026-07-17T21:22:25.386817
figaro1854,bd6t569699x,,failed,0,0,,http_manifest,known,403,manifest,"Client error '403 ' for url 'https://openapiproext.bnf.fr/iiif/presentation/v3/ark:/12148/bd6t569699x/manifest.json'
For more information check: https://developer.mozilla.org/en-US/docs/Web/HTTP/Status/403",2026-07-17T21:22:26.578250
figaro1854,bd6t5697009,,failed,0,0,,http_manifest,known,403,manifest,"Client error '403 ' for url 'https://openapiproext.bnf.fr/iiif/presentation/v3/ark:/12148/bd6t5697009/manifest.json'
For more information check: https://developer.mozilla.org/en-US/docs/Web/HTTP/Status/403",2026-07-17T21:22:27.781910
figaro1854,bd6t569701n,,failed,0,0,,http_manifest,known,403,manifest,"Client error '403 ' for url 'https://openapiproext.bnf.fr/iiif/presentation/v3/ark:/12148/bd6t569701n/manifest.json'
For more information check: https://developer.mozilla.org/en-US/docs/Web/HTTP/Status/403",2026-07-17T21:22:28.979502
figaro1854,bd6t5697020,,failed,0,0,,http_manifest,known,403,manifest,"Client error '403 ' for url 'https://openapiproext.bnf.fr/iiif/presentation/v3/ark:/12148/bd6t5697020/manifest.json'
For more information check: https://developer.mozilla.org/en-US/docs/Web/HTTP/Status/403",2026-07-17T21:22:30.198467
figaro1854,bd6t569703b,,failed,0,0,,http_manifest,known,403,manifest,"Client error '403 ' for url 'https://openapiproext.bnf.fr/iiif/presentation/v3/ark:/12148/bd6t569703b/manifest.json'
For more information check: https://developer.mozilla.org/en-US/docs/Web/HTTP/Status/403",2026-07-17T21:22:31.384628
figaro1854,bd6t569704p,,failed,0,0,,http_manifest,known,403,manifest,"Client error '403 ' for url 'https://openapiproext.bnf.fr/iiif/presentation/v3/ark:/12148/bd6t569704p/manifest.json'
For more information check: https://developer.mozilla.org/en-US/docs/Web/HTTP/Status/403",2026-07-17T21:22:32.585702
figaro1854,bd6t5697051,,failed,0,0,,http_manifest,known,403,manifest,"Client error '403 ' for url 'https://openapiproext.bnf.fr/iiif/presentation/v3/ark:/12148/bd6t5697051/manifest.json'
For more information check: https://developer.mozilla.org/en-US/docs/Web/HTTP/Status/403",2026-07-17T21:22:33.787101
figaro1854,bd6t569706c,,failed,0,0,,http_manifest,known,403,manifest,"Client error '403 ' for url 'https://openapiproext.bnf.fr/iiif/presentation/v3/ark:/12148/bd6t569706c/manifest.json'
For more information check: https://developer.mozilla.org/en-US/docs/Web/HTTP/Status/403",2026-07-17T21:22:34.986000
figaro1854,bd6t569707q,,failed,0,0,,http_manifest,known,403,manifest,"Client error '403 ' for url 'https://openapiproext.bnf.fr/iiif/presentation/v3/ark:/12148/bd6t569707q/manifest.json'
For more information check: https://developer.mozilla.org/en-US/docs/Web/HTTP/Status/403",2026-07-17T21:22:36.191157
figaro1854,bd6t5697082,,failed,0,0,,http_manifest,known,403,manifest,"Client error '403 ' for url 'https://openapiproext.bnf.fr/iiif/presentation/v3/ark:/12148/bd6t5697082/manifest.json'
For more information check: https://developer.mozilla.org/en-US/docs/Web/HTTP/Status/403",2026-07-17T21:22:37.397638
figaro1854,bd6t569709d,,failed,0,0,,http_manifest,known,403,manifest,"Client error '403 ' for url 'https://openapiproext.bnf.fr/iiif/presentation/v3/ark:/12148/bd6t569709d/manifest.json'
For more information check: https://developer.mozilla.org/en-US/docs/Web/HTTP/Status/403",2026-07-17T21:22:38.592600
figaro1854,bd6t569710m,,failed,0,0,,http_manifest,known,403,manifest,"Client error '403 ' for url 'https://openapiproext.bnf.fr/iiif/presentation/v3/ark:/12148/bd6t569710m/manifest.json'
For more information check: https://developer.mozilla.org/en-US/docs/Web/HTTP/Status/403",2026-07-17T21:22:39.795292
figaro1854,bd6t569711z,,failed,0,0,,http_manifest,known,403,manifest,"Client error '403 ' for url 'https://openapiproext.bnf.fr/iiif/presentation/v3/ark:/12148/bd6t569711z/manifest.json'
For more information check: https://developer.mozilla.org/en-US/docs/Web/HTTP/Status/403",2026-07-17T21:22:40.995821
figaro1854,bd6t5697129,,failed,0,0,,http_manifest,known,403,manifest,"Client error '403 ' for url 'https://openapiproext.bnf.fr/iiif/presentation/v3/ark:/12148/bd6t5697129/manifest.json'
For more information check: https://developer.mozilla.org/en-US/docs/Web/HTTP/Status/403",2026-07-17T21:22:42.214463
figaro1854,bd6t569713n,,failed,0,0,,http_manifest,known,403,manifest,"Client error '403 ' for url 'https://openapiproext.bnf.fr/iiif/presentation/v3/ark:/12148/bd6t569713n/manifest.json'
For more information check: https://developer.mozilla.org/en-US/docs/Web/HTTP/Status/403",2026-07-17T21:22:43.401695
figaro1854,bd6t5697140,,failed,0,0,,http_manifest,known,403,manifest,"Client error '403 ' for url 'https://openapiproext.bnf.fr/iiif/presentation/v3/ark:/12148/bd6t5697140/manifest.json'
For more information check: https://developer.mozilla.org/en-US/docs/Web/HTTP/Status/403",2026-07-17T21:22:44.604629
figaro1854,bd6t569715b,,failed,0,0,,http_manifest,known,403,manifest,"Client error '403 ' for url 'https://openapiproext.bnf.fr/iiif/presentation/v3/ark:/12148/bd6t569715b/manifest.json'
For more information check: https://developer.mozilla.org/en-US/docs/Web/HTTP/Status/403",2026-07-17T21:22:45.808619
figaro1854,bd6t569716p,,failed,0,0,,http_manifest,known,403,manifest,"Client error '403 ' for url 'https://openapiproext.bnf.fr/iiif/presentation/v3/ark:/12148/bd6t569716p/manifest.json'
For more information check: https://developer.mozilla.org/en-US/docs/Web/HTTP/Status/403",2026-07-17T21:22:47.011137
figaro1854,bd6t5697171,,failed,0,0,,http_manifest,known,403,manifest,"Client error '403 ' for url 'https://openapiproext.bnf.fr/iiif/presentation/v3/ark:/12148/bd6t5697171/manifest.json'
For more information check: https://developer.mozilla.org/en-US/docs/Web/HTTP/Status/403",2026-07-17T21:22:48.225122
figaro1854,bd6t569718c,,failed,0,0,,http_manifest,known,403,manifest,"Client error '403 ' for url 'https://openapiproext.bnf.fr/iiif/presentation/v3/ark:/12148/bd6t569718c/manifest.json'
For more information check: https://developer.mozilla.org/en-US/docs/Web/HTTP/Status/403",2026-07-17T21:22:49.412682
figaro1854,bd6t569719q,,failed,0,0,,http_manifest,known,403,manifest,"Client error '403 ' for url 'https://openapiproext.bnf.fr/iiif/presentation/v3/ark:/12148/bd6t569719q/manifest.json'
For more information check: https://developer.mozilla.org/en-US/docs/Web/HTTP/Status/403",2026-07-17T21:22:50.611199
figaro1854,bd6t569720x,,failed,0,0,,http_manifest,known,403,manifest,"Client error '403 ' for url 'https://openapiproext.bnf.fr/iiif/presentation/v3/ark:/12148/bd6t569720x/manifest.json'
For more information check: https://developer.mozilla.org/en-US/docs/Web/HTTP/Status/403",2026-07-17T21:22:51.812721
figaro1854,bd6t5697218,,failed,0,0,,http_manifest,known,403,manifest,"Client error '403 ' for url 'https://openapiproext.bnf.fr/iiif/presentation/v3/ark:/12148/bd6t5697218/manifest.json'
For more information check: https://developer.mozilla.org/en-US/docs/Web/HTTP/Status/403",2026-07-17T21:22:53.019011
figaro1854,bd6t569722m,,failed,0,0,,http_manifest,known,403,manifest,"Client error '403 ' for url 'https://openapiproext.bnf.fr/iiif/presentation/v3/ark:/12148/bd6t569722m/manifest.json'
For more information check: https://developer.mozilla.org/en-US/docs/Web/HTTP/Status/403",2026-07-17T21:22:54.231860
figaro1854,bd6t569723z,,failed,0,0,,http_manifest,known,403,manifest,"Client error '403 ' for url 'https://openapiproext.bnf.fr/iiif/presentation/v3/ark:/12148/bd6t569723z/manifest.json'
For more information check: https://developer.mozilla.org/en-US/docs/Web/HTTP/Status/403",2026-07-17T21:22:55.417333
figaro1854,bd6t5697249,,failed,0,0,,http_manifest,known,403,manifest,"Client error '403 ' for url 'https://openapiproext.bnf.fr/iiif/presentation/v3/ark:/12148/bd6t5697249/manifest.json'
For more information check: https://developer.mozilla.org/en-US/docs/Web/HTTP/Status/403",2026-07-17T21:22:56.620449
figaro1854,bd6t569725n,,failed,0,0,,http_manifest,known,403,manifest,"Client error '403 ' for url 'https://openapiproext.bnf.fr/iiif/presentation/v3/ark:/12148/bd6t569725n/manifest.json'
For more information check: https://developer.mozilla.org/en-US/docs/Web/HTTP/Status/403",2026-07-17T21:22:57.955858
figaro1854,bd6t5697260,,failed,0,0,,http_manifest,known,403,manifest,"Client error '403 ' for url 'https://openapiproext.bnf.fr/iiif/presentation/v3/ark:/12148/bd6t5697260/manifest.json'
For more information check: https://developer.mozilla.org/en-US/docs/Web/HTTP/Status/403",2026-07-17T21:22:59.135266
figaro1854,bd6t569727b,,failed,0,0,,http_manifest,known,403,manifest,"Client error '403 ' for url 'https://openapiproext.bnf.fr/iiif/presentation/v3/ark:/12148/bd6t569727b/manifest.json'
For more information check: https://developer.mozilla.org/en-US/docs/Web/HTTP/Status/403",2026-07-17T21:23:00.260199
figaro1854,bd6t569728p,,failed,0,0,,http_manifest,known,403,manifest,"Client error '403 ' for url 'https://openapiproext.bnf.fr/iiif/presentation/v3/ark:/12148/bd6t569728p/manifest.json'
For more information check: https://developer.mozilla.org/en-US/docs/Web/HTTP/Status/403",2026-07-17T21:23:01.542597
figaro1854,bd6t5697291,,failed,0,0,,http_manifest,known,403,manifest,"Client error '403 ' for url 'https://openapiproext.bnf.fr/iiif/presentation/v3/ark:/12148/bd6t5697291/manifest.json'
For more information check: https://developer.mozilla.org/en-US/docs/Web/HTTP/Status/403",2026-07-17T21:23:02.628157
figaro1854,bd6t5697307,,failed,0,0,,http_manifest,known,403,manifest,"Client error '403 ' for url 'https://openapiproext.bnf.fr/iiif/presentation/v3/ark:/12148/bd6t5697307/manifest.json'
For more information check: https://developer.mozilla.org/en-US/docs/Web/HTTP/Status/403",2026-07-17T21:23:03.917863
figaro1854,bd6t569731k,,failed,0,0,,http_manifest,known,403,manifest,"Client error '403 ' for url 'https://openapiproext.bnf.fr/iiif/presentation/v3/ark:/12148/bd6t569731k/manifest.json'
For more information check: https://developer.mozilla.org/en-US/docs/Web/HTTP/Status/403",2026-07-17T21:23:05.215978
figaro1854,bd6t569732x,,failed,0,0,,http_manifest,known,403,manifest,"Client error '403 ' for url 'https://openapiproext.bnf.fr/iiif/presentation/v3/ark:/12148/bd6t569732x/manifest.json'
For more information check: https://developer.mozilla.org/en-US/docs/Web/HTTP/Status/403",2026-07-17T21:23:06.299263
figaro1854,bd6t5697338,,failed,0,0,,http_manifest,known,403,manifest,"Client error '403 ' for url 'https://openapiproext.bnf.fr/iiif/presentation/v3/ark:/12148/bd6t5697338/manifest.json'
For more information check: https://developer.mozilla.org/en-US/docs/Web/HTTP/Status/403",2026-07-17T21:23:07.434368
figaro1854,bd6t569734m,,failed,0,0,,http_manifest,known,403,manifest,"Client error '403 ' for url 'https://openapiproext.bnf.fr/iiif/presentation/v3/ark:/12148/bd6t569734m/manifest.json'
For more information check: https://developer.mozilla.org/en-US/docs/Web/HTTP/Status/403",2026-07-17T21:23:08.634542
figaro1854,bd6t569735z,,failed,0,0,,http_manifest,known,403,manifest,"Client error '403 ' for url 'https://openapiproext.bnf.fr/iiif/presentation/v3/ark:/12148/bd6t569735z/manifest.json'
For more information check: https://developer.mozilla.org/en-US/docs/Web/HTTP/Status/403",2026-07-17T21:23:09.837185
figaro1854,bd6t5697369,,failed,0,0,,http_manifest,known,403,manifest,"Client error '403 ' for url 'https://openapiproext.bnf.fr/iiif/presentation/v3/ark:/12148/bd6t5697369/manifest.json'
For more information check: https://developer.mozilla.org/en-US/docs/Web/HTTP/Status/403",2026-07-17T21:23:11.206371
figaro1854,bd6t569737n,,failed,0,0,,http_manifest,known,403,manifest,"Client error '403 ' for url 'https://openapiproext.bnf.fr/iiif/presentation/v3/ark:/12148/bd6t569737n/manifest.json'
For more information check: https://developer.mozilla.org/en-US/docs/Web/HTTP/Status/403",2026-07-17T21:23:12.261496
figaro1854,bd6t5697380,,failed,0,0,,http_manifest,known,403,manifest,"Client error '403 ' for url 'https://openapiproext.bnf.fr/iiif/presentation/v3/ark:/12148/bd6t5697380/manifest.json'
For more information check: https://developer.mozilla.org/en-US/docs/Web/HTTP/Status/403",2026-07-17T21:23:13.445347
figaro1854,bd6t569739b,,failed,0,0,,http_manifest,known,403,manifest,"Client error '403 ' for url 'https://openapiproext.bnf.fr/iiif/presentation/v3/ark:/12148/bd6t569739b/manifest.json'
For more information check: https://developer.mozilla.org/en-US/docs/Web/HTTP/Status/403",2026-07-17T21:23:14.645626
figaro1854,bd6t569740j,,failed,0,0,,http_manifest,known,403,manifest,"Client error '403 ' for url 'https://openapiproext.bnf.fr/iiif/presentation/v3/ark:/12148/bd6t569740j/manifest.json'
For more information check: https://developer.mozilla.org/en-US/docs/Web/HTTP/Status/403",2026-07-17T21:23:15.844720
figaro1854,bd6t569741w,,failed,0,0,,http_manifest,known,403,manifest,"Client error '403 ' for url 'https://openapiproext.bnf.fr/iiif/presentation/v3/ark:/12148/bd6t569741w/manifest.json'
For more information check: https://developer.mozilla.org/en-US/docs/Web/HTTP/Status/403",2026-07-17T21:23:17.146404
figaro1854,bd6t5697427,,failed,0,0,,http_manifest,known,403,manifest,"Client error '403 ' for url 'https://openapiproext.bnf.fr/iiif/presentation/v3/ark:/12148/bd6t5697427/manifest.json'
For more information check: https://developer.mozilla.org/en-US/docs/Web/HTTP/Status/403",2026-07-17T21:23:18.380183
figaro1854,bd6t569743k,,failed,0,0,,http_manifest,known,403,manifest,"Client error '403 ' for url 'https://openapiproext.bnf.fr/iiif/presentation/v3/ark:/12148/bd6t569743k/manifest.json'
For more information check: https://developer.mozilla.org/en-US/docs/Web/HTTP/Status/403",2026-07-17T21:23:19.456304
figaro1854,bd6t569744x,,failed,0,0,,http_manifest,known,403,manifest,"Client error '403 ' for url 'https://openapiproext.bnf.fr/iiif/presentation/v3/ark:/12148/bd6t569744x/manifest.json'
For more information check: https://developer.mozilla.org/en-US/docs/Web/HTTP/Status/403",2026-07-17T21:23:20.655225
figaro1854,bd6t5697458,,failed,0,0,,http_manifest,known,403,manifest,"Client error '403 ' for url 'https://openapiproext.bnf.fr/iiif/presentation/v3/ark:/12148/bd6t5697458/manifest.json'
For more information check: https://developer.mozilla.org/en-US/docs/Web/HTTP/Status/403",2026-07-17T21:23:21.853280
figaro1854,bd6t569746m,,failed,0,0,,http_manifest,known,403,manifest,"Client error '403 ' for url 'https://openapiproext.bnf.fr/iiif/presentation/v3/ark:/12148/bd6t569746m/manifest.json'
For more information check: https://developer.mozilla.org/en-US/docs/Web/HTTP/Status/403",2026-07-17T21:23:23.053192
figaro1854,bd6t569747z,,failed,0,0,,http_manifest,known,403,manifest,"Client error '403 ' for url 'https://openapiproext.bnf.fr/iiif/presentation/v3/ark:/12148/bd6t569747z/manifest.json'
For more information check: https://developer.mozilla.org/en-US/docs/Web/HTTP/Status/403",2026-07-17T21:23:24.256696
figaro1854,bd6t5697489,,failed,0,0,,http_manifest,known,403,manifest,"Client error '403 ' for url 'https://openapiproext.bnf.fr/iiif/presentation/v3/ark:/12148/bd6t5697489/manifest.json'
For more information check: https://developer.mozilla.org/en-US/docs/Web/HTTP/Status/403",2026-07-17T21:23:25.459455
figaro1854,bd6t569749n,,failed,0,0,,http_manifest,known,403,manifest,"Client error '403 ' for url 'https://openapiproext.bnf.fr/iiif/presentation/v3/ark:/12148/bd6t569749n/manifest.json'
For more information check: https://developer.mozilla.org/en-US/docs/Web/HTTP/Status/403",2026-07-17T21:23:26.660380
figaro1854,bd6t569750v,,failed,0,0,,http_manifest,known,403,manifest,"Client error '403 ' for url 'https://openapiproext.bnf.fr/iiif/presentation/v3/ark:/12148/bd6t569750v/manifest.json'
For more information check: https://developer.mozilla.org/en-US/docs/Web/HTTP/Status/403",2026-07-17T21:23:27.862707
figaro1854,bd6t5697516,,failed,0,0,,http_manifest,known,403,manifest,"Client error '403 ' for url 'https://openapiproext.bnf.fr/iiif/presentation/v3/ark:/12148/bd6t5697516/manifest.json'
For more information check: https://developer.mozilla.org/en-US/docs/Web/HTTP/Status/403",2026-07-17T21:23:29.061934
figaro1854,bd6t569752j,,failed,0,0,,http_manifest,known,403,manifest,"Client error '403 ' for url 'https://openapiproext.bnf.fr/iiif/presentation/v3/ark:/12148/bd6t569752j/manifest.json'
For more information check: https://developer.mozilla.org/en-US/docs/Web/HTTP/Status/403",2026-07-17T21:23:30.274262
figaro1854,bd6t569753w,,failed,0,0,,http_manifest,known,403,manifest,"Client error '403 ' for url 'https://openapiproext.bnf.fr/iiif/presentation/v3/ark:/12148/bd6t569753w/manifest.json'
For more information check: https://developer.mozilla.org/en-US/docs/Web/HTTP/Status/403",2026-07-17T21:23:31.466253
figaro1854,bd6t5697547,,failed,0,0,,http_manifest,known,403,manifest,"Client error '403 ' for url 'https://openapiproext.bnf.fr/iiif/presentation/v3/ark:/12148/bd6t5697547/manifest.json'
For more information check: https://developer.mozilla.org/en-US/docs/Web/HTTP/Status/403",2026-07-17T21:23:32.666559
figaro1854,bd6t569755k,,failed,0,0,,http_manifest,known,403,manifest,"Client error '403 ' for url 'https://openapiproext.bnf.fr/iiif/presentation/v3/ark:/12148/bd6t569755k/manifest.json'
For more information check: https://developer.mozilla.org/en-US/docs/Web/HTTP/Status/403",2026-07-17T21:23:33.867847
figaro1854,bd6t569756x,,failed,0,0,,http_manifest,known,403,manifest,"Client error '403 ' for url 'https://openapiproext.bnf.fr/iiif/presentation/v3/ark:/12148/bd6t569756x/manifest.json'
For more information check: https://developer.mozilla.org/en-US/docs/Web/HTTP/Status/403",2026-07-17T21:23:35.078267
figaro1854,bd6t5697578,,failed,0,0,,http_manifest,known,403,manifest,"Client error '403 ' for url 'https://openapiproext.bnf.fr/iiif/presentation/v3/ark:/12148/bd6t5697578/manifest.json'
For more information check: https://developer.mozilla.org/en-US/docs/Web/HTTP/Status/403",2026-07-17T21:23:36.273203
figaro1854,bd6t569758m,,failed,0,0,,http_manifest,known,403,manifest,"Client error '403 ' for url 'https://openapiproext.bnf.fr/iiif/presentation/v3/ark:/12148/bd6t569758m/manifest.json'
For more information check: https://developer.mozilla.org/en-US/docs/Web/HTTP/Status/403",2026-07-17T21:23:37.473150
figaro1854,bd6t569759z,,failed,0,0,,http_manifest,known,403,manifest,"Client error '403 ' for url 'https://openapiproext.bnf.fr/iiif/presentation/v3/ark:/12148/bd6t569759z/manifest.json'
For more information check: https://developer.mozilla.org/en-US/docs/Web/HTTP/Status/403",2026-07-17T21:23:38.676176
figaro1854,bd6t5697605,,failed,0,0,,http_manifest,known,403,manifest,"Client error '403 ' for url 'https://openapiproext.bnf.fr/iiif/presentation/v3/ark:/12148/bd6t5697605/manifest.json'
For more information check: https://developer.mozilla.org/en-US/docs/Web/HTTP/Status/403",2026-07-17T21:23:39.877909
figaro1854,bd6t569761h,,failed,0,0,,http_manifest,known,403,manifest,"Client error '403 ' for url 'https://openapiproext.bnf.fr/iiif/presentation/v3/ark:/12148/bd6t569761h/manifest.json'
For more information check: https://developer.mozilla.org/en-US/docs/Web/HTTP/Status/403",2026-07-17T21:23:41.077742
figaro1854,bd6t569762v,,failed,0,0,,http_manifest,known,403,manifest,"Client error '403 ' for url 'https://openapiproext.bnf.fr/iiif/presentation/v3/ark:/12148/bd6t569762v/manifest.json'
For more information check: https://developer.mozilla.org/en-US/docs/Web/HTTP/Status/403",2026-07-17T21:23:42.295456
figaro1854,bd6t5697636,,failed,0,0,,http_manifest,known,403,manifest,"Client error '403 ' for url 'https://openapiproext.bnf.fr/iiif/presentation/v3/ark:/12148/bd6t5697636/manifest.json'
For more information check: https://developer.mozilla.org/en-US/docs/Web/HTTP/Status/403",2026-07-17T21:23:43.481826
figaro1854,bd6t569764j,,failed,0,0,,http_manifest,known,403,manifest,"Client error '403 ' for url 'https://openapiproext.bnf.fr/iiif/presentation/v3/ark:/12148/bd6t569764j/manifest.json'
For more information check: https://developer.mozilla.org/en-US/docs/Web/HTTP/Status/403",2026-07-17T21:23:44.681960
figaro1854,bd6t569765w,,failed,0,0,,http_manifest,known,403,manifest,"Client error '403 ' for url 'https://openapiproext.bnf.fr/iiif/presentation/v3/ark:/12148/bd6t569765w/manifest.json'
For more information check: https://developer.mozilla.org/en-US/docs/Web/HTTP/Status/403",2026-07-17T21:23:45.883701
figaro1854,bd6t5697667,,failed,0,0,,http_manifest,known,403,manifest,"Client error '403 ' for url 'https://openapiproext.bnf.fr/iiif/presentation/v3/ark:/12148/bd6t5697667/manifest.json'
For more information check: https://developer.mozilla.org/en-US/docs/Web/HTTP/Status/403",2026-07-17T21:23:47.083051
figaro1854,bd6t569767k,,failed,0,0,,http_manifest,known,403,manifest,"Client error '403 ' for url 'https://openapiproext.bnf.fr/iiif/presentation/v3/ark:/12148/bd6t569767k/manifest.json'
For more information check: https://developer.mozilla.org/en-US/docs/Web/HTTP/Status/403",2026-07-17T21:23:48.285743
figaro1854,bd6t569768x,,failed,0,0,,http_manifest,known,403,manifest,"Client error '403 ' for url 'https://openapiproext.bnf.fr/iiif/presentation/v3/ark:/12148/bd6t569768x/manifest.json'
For more information check: https://developer.mozilla.org/en-US/docs/Web/HTTP/Status/403",2026-07-17T21:23:49.486029
figaro1854,bd6t5697698,,failed,0,0,,http_manifest,known,403,manifest,"Client error '403 ' for url 'https://openapiproext.bnf.fr/iiif/presentation/v3/ark:/12148/bd6t5697698/manifest.json'
For more information check: https://developer.mozilla.org/en-US/docs/Web/HTTP/Status/403",2026-07-17T21:23:50.689547
figaro1854,bd6t569770g,,failed,0,0,,http_manifest,known,403,manifest,"Client error '403 ' for url 'https://openapiproext.bnf.fr/iiif/presentation/v3/ark:/12148/bd6t569770g/manifest.json'
For more information check: https://developer.mozilla.org/en-US/docs/Web/HTTP/Status/403",2026-07-17T21:23:51.888628
figaro1854,bd6t569771t,,failed,0,0,,http_manifest,known,403,manifest,"Client error '403 ' for url 'https://openapiproext.bnf.fr/iiif/presentation/v3/ark:/12148/bd6t569771t/manifest.json'
For more information check: https://developer.mozilla.org/en-US/docs/Web/HTTP/Status/403",2026-07-17T21:23:53.089989
figaro1854,bd6t5697725,,failed,0,0,,http_manifest,known,403,manifest,"Client error '403 ' for url 'https://openapiproext.bnf.fr/iiif/presentation/v3/ark:/12148/bd6t5697725/manifest.json'
For more information check: https://developer.mozilla.org/en-US/docs/Web/HTTP/Status/403",2026-07-17T21:23:54.306328
figaro1854,bd6t569773h,,failed,0,0,,http_manifest,known,403,manifest,"Client error '403 ' for url 'https://openapiproext.bnf.fr/iiif/presentation/v3/ark:/12148/bd6t569773h/manifest.json'
For more information check: https://developer.mozilla.org/en-US/docs/Web/HTTP/Status/403",2026-07-17T21:23:55.491554
figaro1854,bd6t569774v,,failed,0,0,,http_manifest,known,403,manifest,"Client error '403 ' for url 'https://openapiproext.bnf.fr/iiif/presentation/v3/ark:/12148/bd6t569774v/manifest.json'
For more information check: https://developer.mozilla.org/en-US/docs/Web/HTTP/Status/403",2026-07-17T21:23:56.694572
figaro1854,bd6t5697756,,failed,0,0,,http_manifest,known,403,manifest,"Client error '403 ' for url 'https://openapiproext.bnf.fr/iiif/presentation/v3/ark:/12148/bd6t5697756/manifest.json'
For more information check: https://developer.mozilla.org/en-US/docs/Web/HTTP/Status/403",2026-07-17T21:23:57.918552
figaro1854,bd6t569776j,,failed,0,0,,http_manifest,known,403,manifest,"Client error '403 ' for url 'https://openapiproext.bnf.fr/iiif/presentation/v3/ark:/12148/bd6t569776j/manifest.json'
For more information check: https://developer.mozilla.org/en-US/docs/Web/HTTP/Status/403",2026-07-17T21:23:59.203952
figaro1854,bd6t569777w,,failed,0,0,,http_manifest,known,403,manifest,"Client error '403 ' for url 'https://openapiproext.bnf.fr/iiif/presentation/v3/ark:/12148/bd6t569777w/manifest.json'
For more information check: https://developer.mozilla.org/en-US/docs/Web/HTTP/Status/403",2026-07-17T21:24:00.378490
figaro1854,bd6t5694412,,failed,0,0,,http_manifest,known,403,manifest,"Client error '403 ' for url 'https://openapiproext.bnf.fr/iiif/presentation/v3/ark:/12148/bd6t5694412/manifest.json'
For more information check: https://developer.mozilla.org/en-US/docs/Web/HTTP/Status/403",2026-07-17T21:24:02.217064
figaro1854,bd6t569442d,,failed,0,0,,http_manifest,known,403,manifest,"Client error '403 ' for url 'https://openapiproext.bnf.fr/iiif/presentation/v3/ark:/12148/bd6t569442d/manifest.json'
For more information check: https://developer.mozilla.org/en-US/docs/Web/HTTP/Status/403",2026-07-17T21:24:02.707091
figaro1854,bd6t569443r,,failed,0,0,,http_manifest,known,403,manifest,"Client error '403 ' for url 'https://openapiproext.bnf.fr/iiif/presentation/v3/ark:/12148/bd6t569443r/manifest.json'
For more information check: https://developer.mozilla.org/en-US/docs/Web/HTTP/Status/403",2026-07-17T21:24:04.117599
figaro1854,bd6t5694443,,failed,0,0,,http_manifest,known,403,manifest,"Client error '403 ' for url 'https://openapiproext.bnf.fr/iiif/presentation/v3/ark:/12148/bd6t5694443/manifest.json'
For more information check: https://developer.mozilla.org/en-US/docs/Web/HTTP/Status/403",2026-07-17T21:24:05.215486
figaro1854,bd6t569445f,,failed,0,0,,http_manifest,known,403,manifest,"Client error '403 ' for url 'https://openapiproext.bnf.fr/iiif/presentation/v3/ark:/12148/bd6t569445f/manifest.json'
For more information check: https://developer.mozilla.org/en-US/docs/Web/HTTP/Status/403",2026-07-17T21:24:06.546869
figaro1854,bd6t569446s,,failed,0,0,,http_manifest,known,403,manifest,"Client error '403 ' for url 'https://openapiproext.bnf.fr/iiif/presentation/v3/ark:/12148/bd6t569446s/manifest.json'
For more information check: https://developer.mozilla.org/en-US/docs/Web/HTTP/Status/403",2026-07-17T21:24:07.752585
figaro1854,bd6t5694474,,failed,0,0,,http_manifest,known,403,manifest,"Client error '403 ' for url 'https://openapiproext.bnf.fr/iiif/presentation/v3/ark:/12148/bd6t5694474/manifest.json'
For more information check: https://developer.mozilla.org/en-US/docs/Web/HTTP/Status/403",2026-07-17T21:24:08.722891
figaro1854,bd6t569448g,,failed,0,0,,http_manifest,known,403,manifest,"Client error '403 ' for url 'https://openapiproext.bnf.fr/iiif/presentation/v3/ark:/12148/bd6t569448g/manifest.json'
For more information check: https://developer.mozilla.org/en-US/docs/Web/HTTP/Status/403",2026-07-17T21:24:10.038918
figaro1854,bd6t569449t,,failed,0,0,,http_manifest,known,403,manifest,"Client error '403 ' for url 'https://openapiproext.bnf.fr/iiif/presentation/v3/ark:/12148/bd6t569449t/manifest.json'
For more information check: https://developer.mozilla.org/en-US/docs/Web/HTTP/Status/403",2026-07-17T21:24:11.117522
figaro1854,bd6t5694501,,failed,0,0,,http_manifest,known,403,manifest,"Client error '403 ' for url 'https://openapiproext.bnf.fr/iiif/presentation/v3/ark:/12148/bd6t5694501/manifest.json'
For more information check: https://developer.mozilla.org/en-US/docs/Web/HTTP/Status/403",2026-07-17T21:24:12.319404
figaro1854,bd6t569451c,,failed,0,0,,http_manifest,known,403,manifest,"Client error '403 ' for url 'https://openapiproext.bnf.fr/iiif/presentation/v3/ark:/12148/bd6t569451c/manifest.json'
For more information check: https://developer.mozilla.org/en-US/docs/Web/HTTP/Status/403",2026-07-17T21:24:13.621977
figaro1854,bd6t569452q,,failed,0,0,,http_manifest,known,403,manifest,"Client error '403 ' for url 'https://openapiproext.bnf.fr/iiif/presentation/v3/ark:/12148/bd6t569452q/manifest.json'
For more information check: https://developer.mozilla.org/en-US/docs/Web/HTTP/Status/403",2026-07-17T21:24:14.929632
figaro1854,bd6t5694532,,failed,0,0,,http_manifest,known,403,manifest,"Client error '403 ' for url 'https://openapiproext.bnf.fr/iiif/presentation/v3/ark:/12148/bd6t5694532/manifest.json'
For more information check: https://developer.mozilla.org/en-US/docs/Web/HTTP/Status/403",2026-07-17T21:24:15.979190
figaro1854,bd6t569454d,,failed,0,0,,http_manifest,known,403,manifest,"Client error '403 ' for url 'https://openapiproext.bnf.fr/iiif/presentation/v3/ark:/12148/bd6t569454d/manifest.json'
For more information check: https://developer.mozilla.org/en-US/docs/Web/HTTP/Status/403",2026-07-17T21:24:17.127534
figaro1854,bd6t569455r,,failed,0,0,,http_manifest,known,403,manifest,"Client error '403 ' for url 'https://openapiproext.bnf.fr/iiif/presentation/v3/ark:/12148/bd6t569455r/manifest.json'
For more information check: https://developer.mozilla.org/en-US/docs/Web/HTTP/Status/403",2026-07-17T21:24:18.327226
figaro1854,bd6t5694563,,failed,0,0,,http_manifest,known,403,manifest,"Client error '403 ' for url 'https://openapiproext.bnf.fr/iiif/presentation/v3/ark:/12148/bd6t5694563/manifest.json'
For more information check: https://developer.mozilla.org/en-US/docs/Web/HTTP/Status/403",2026-07-17T21:24:19.631468
figaro1854,bd6t569457f,,failed,0,0,,http_manifest,known,403,manifest,"Client error '403 ' for url 'https://openapiproext.bnf.fr/iiif/presentation/v3/ark:/12148/bd6t569457f/manifest.json'
For more information check: https://developer.mozilla.org/en-US/docs/Web/HTTP/Status/403",2026-07-17T21:24:20.734138
figaro1854,bd6t569458s,,failed,0,0,,http_manifest,known,403,manifest,"Client error '403 ' for url 'https://openapiproext.bnf.fr/iiif/presentation/v3/ark:/12148/bd6t569458s/manifest.json'
For more information check: https://developer.mozilla.org/en-US/docs/Web/HTTP/Status/403",2026-07-17T21:24:21.932298
figaro1854,bd6t5694594,,failed,0,0,,http_manifest,known,403,manifest,"Client error '403 ' for url 'https://openapiproext.bnf.fr/iiif/presentation/v3/ark:/12148/bd6t5694594/manifest.json'
For more information check: https://developer.mozilla.org/en-US/docs/Web/HTTP/Status/403",2026-07-17T21:24:23.132516
figaro1854,bd6t569460b,,failed,0,0,,http_manifest,known,403,manifest,"Client error '403 ' for url 'https://openapiproext.bnf.fr/iiif/presentation/v3/ark:/12148/bd6t569460b/manifest.json'
For more information check: https://developer.mozilla.org/en-US/docs/Web/HTTP/Status/403",2026-07-17T21:24:24.339576
figaro1854,bd6t569461p,,failed,0,0,,http_manifest,known,403,manifest,"Client error '403 ' for url 'https://openapiproext.bnf.fr/iiif/presentation/v3/ark:/12148/bd6t569461p/manifest.json'
For more information check: https://developer.mozilla.org/en-US/docs/Web/HTTP/Status/403",2026-07-17T21:24:25.564224
figaro1854,bd6t5694621,,failed,0,0,,http_manifest,known,403,manifest,"Client error '403 ' for url 'https://openapiproext.bnf.fr/iiif/presentation/v3/ark:/12148/bd6t5694621/manifest.json'
For more information check: https://developer.mozilla.org/en-US/docs/Web/HTTP/Status/403",2026-07-17T21:24:26.738093
figaro1854,bd6t569463c,,failed,0,0,,http_manifest,known,403,manifest,"Client error '403 ' for url 'https://openapiproext.bnf.fr/iiif/presentation/v3/ark:/12148/bd6t569463c/manifest.json'
For more information check: https://developer.mozilla.org/en-US/docs/Web/HTTP/Status/403",2026-07-17T21:24:27.941857
figaro1854,bd6t569464q,,failed,0,0,,http_manifest,known,403,manifest,"Client error '403 ' for url 'https://openapiproext.bnf.fr/iiif/presentation/v3/ark:/12148/bd6t569464q/manifest.json'
For more information check: https://developer.mozilla.org/en-US/docs/Web/HTTP/Status/403",2026-07-17T21:24:29.142912
figaro1854,bd6t5694652,,failed,0,0,,http_manifest,known,403,manifest,"Client error '403 ' for url 'https://openapiproext.bnf.fr/iiif/presentation/v3/ark:/12148/bd6t5694652/manifest.json'
For more information check: https://developer.mozilla.org/en-US/docs/Web/HTTP/Status/403",2026-07-17T21:24:30.342662
figaro1854,bd6t569466d,,failed,0,0,,http_manifest,known,403,manifest,"Client error '403 ' for url 'https://openapiproext.bnf.fr/iiif/presentation/v3/ark:/12148/bd6t569466d/manifest.json'
For more information check: https://developer.mozilla.org/en-US/docs/Web/HTTP/Status/403",2026-07-17T21:24:31.566468
figaro1854,bd6t569467r,,failed,0,0,,http_manifest,known,403,manifest,"Client error '403 ' for url 'https://openapiproext.bnf.fr/iiif/presentation/v3/ark:/12148/bd6t569467r/manifest.json'
For more information check: https://developer.mozilla.org/en-US/docs/Web/HTTP/Status/403",2026-07-17T21:24:32.755965
figaro1854,bd6t5694683,,failed,0,0,,http_manifest,known,403,manifest,"Client error '403 ' for url 'https://openapiproext.bnf.fr/iiif/presentation/v3/ark:/12148/bd6t5694683/manifest.json'
For more information check: https://developer.mozilla.org/en-US/docs/Web/HTTP/Status/403",2026-07-17T21:24:33.946435
figaro1854,bd6t569469f,,failed,0,0,,http_manifest,known,403,manifest,"Client error '403 ' for url 'https://openapiproext.bnf.fr/iiif/presentation/v3/ark:/12148/bd6t569469f/manifest.json'
For more information check: https://developer.mozilla.org/en-US/docs/Web/HTTP/Status/403",2026-07-17T21:24:35.147934
figaro1854,bd6t569470n,,failed,0,0,,http_manifest,known,403,manifest,"Client error '403 ' for url 'https://openapiproext.bnf.fr/iiif/presentation/v3/ark:/12148/bd6t569470n/manifest.json'
For more information check: https://developer.mozilla.org/en-US/docs/Web/HTTP/Status/403",2026-07-17T21:24:36.353658
figaro1854,bd6t5694710,,failed,0,0,,http_manifest,known,403,manifest,"Client error '403 ' for url 'https://openapiproext.bnf.fr/iiif/presentation/v3/ark:/12148/bd6t5694710/manifest.json'
For more information check: https://developer.mozilla.org/en-US/docs/Web/HTTP/Status/403",2026-07-17T21:24:37.553842
figaro1854,bd6t569472b,,failed,0,0,,http_manifest,known,403,manifest,"Client error '403 ' for url 'https://openapiproext.bnf.fr/iiif/presentation/v3/ark:/12148/bd6t569472b/manifest.json'
For more information check: https://developer.mozilla.org/en-US/docs/Web/HTTP/Status/403",2026-07-17T21:24:38.751714
figaro1854,bd6t569473p,,failed,0,0,,http_manifest,known,403,manifest,"Client error '403 ' for url 'https://openapiproext.bnf.fr/iiif/presentation/v3/ark:/12148/bd6t569473p/manifest.json'
For more information check: https://developer.mozilla.org/en-US/docs/Web/HTTP/Status/403",2026-07-17T21:24:39.956282
figaro1854,bd6t5694741,,failed,0,0,,http_manifest,known,403,manifest,"Client error '403 ' for url 'https://openapiproext.bnf.fr/iiif/presentation/v3/ark:/12148/bd6t5694741/manifest.json'
For more information check: https://developer.mozilla.org/en-US/docs/Web/HTTP/Status/403",2026-07-17T21:24:41.154286
figaro1854,bd6t569475c,,failed,0,0,,http_manifest,known,403,manifest,"Client error '403 ' for url 'https://openapiproext.bnf.fr/iiif/presentation/v3/ark:/12148/bd6t569475c/manifest.json'
For more information check: https://developer.mozilla.org/en-US/docs/Web/HTTP/Status/403",2026-07-17T21:24:42.358703
figaro1854,bd6t569476q,,failed,0,0,,http_manifest,known,403,manifest,"Client error '403 ' for url 'https://openapiproext.bnf.fr/iiif/presentation/v3/ark:/12148/bd6t569476q/manifest.json'
For more information check: https://developer.mozilla.org/en-US/docs/Web/HTTP/Status/403",2026-07-17T21:24:43.596909
figaro1854,bd6t5694772,,failed,0,0,,http_manifest,known,403,manifest,"Client error '403 ' for url 'https://openapiproext.bnf.fr/iiif/presentation/v3/ark:/12148/bd6t5694772/manifest.json'
For more information check: https://developer.mozilla.org/en-US/docs/Web/HTTP/Status/403",2026-07-17T21:24:44.760704
figaro1854,bd6t569478d,,failed,0,0,,http_manifest,known,403,manifest,"Client error '403 ' for url 'https://openapiproext.bnf.fr/iiif/presentation/v3/ark:/12148/bd6t569478d/manifest.json'
For more information check: https://developer.mozilla.org/en-US/docs/Web/HTTP/Status/403",2026-07-17T21:24:45.961432
figaro1854,bd6t569479r,,failed,0,0,,http_manifest,known,403,manifest,"Client error '403 ' for url 'https://openapiproext.bnf.fr/iiif/presentation/v3/ark:/12148/bd6t569479r/manifest.json'
For more information check: https://developer.mozilla.org/en-US/docs/Web/HTTP/Status/403",2026-07-17T21:24:47.161985
figaro1854,bd6t569480z,,failed,0,0,,http_manifest,known,403,manifest,"Client error '403 ' for url 'https://openapiproext.bnf.fr/iiif/presentation/v3/ark:/12148/bd6t569480z/manifest.json'
For more information check: https://developer.mozilla.org/en-US/docs/Web/HTTP/Status/403",2026-07-17T21:24:48.364671
figaro1854,bd6t5694819,,failed,0,0,,http_manifest,known,403,manifest,"Client error '403 ' for url 'https://openapiproext.bnf.fr/iiif/presentation/v3/ark:/12148/bd6t5694819/manifest.json'
For more information check: https://developer.mozilla.org/en-US/docs/Web/HTTP/Status/403",2026-07-17T21:24:49.563481
figaro1854,bd6t569482n,,failed,0,0,,http_manifest,known,403,manifest,"Client error '403 ' for url 'https://openapiproext.bnf.fr/iiif/presentation/v3/ark:/12148/bd6t569482n/manifest.json'
For more information check: https://developer.mozilla.org/en-US/docs/Web/HTTP/Status/403",2026-07-17T21:24:50.764654
figaro1854,bd6t5694830,,failed,0,0,,http_manifest,known,403,manifest,"Client error '403 ' for url 'https://openapiproext.bnf.fr/iiif/presentation/v3/ark:/12148/bd6t5694830/manifest.json'
For more information check: https://developer.mozilla.org/en-US/docs/Web/HTTP/Status/403",2026-07-17T21:24:51.968544
figaro1854,bd6t569484b,,failed,0,0,,http_manifest,known,403,manifest,"Client error '403 ' for url 'https://openapiproext.bnf.fr/iiif/presentation/v3/ark:/12148/bd6t569484b/manifest.json'
For more information check: https://developer.mozilla.org/en-US/docs/Web/HTTP/Status/403",2026-07-17T21:24:53.171166
figaro1854,bd6t569485p,,failed,0,0,,http_manifest,known,403,manifest,"Client error '403 ' for url 'https://openapiproext.bnf.fr/iiif/presentation/v3/ark:/12148/bd6t569485p/manifest.json'
For more information check: https://developer.mozilla.org/en-US/docs/Web/HTTP/Status/403",2026-07-17T21:24:54.368319
figaro1854,bd6t5694861,,failed,0,0,,http_manifest,known,403,manifest,"Client error '403 ' for url 'https://openapiproext.bnf.fr/iiif/presentation/v3/ark:/12148/bd6t5694861/manifest.json'
For more information check: https://developer.mozilla.org/en-US/docs/Web/HTTP/Status/403",2026-07-17T21:24:55.598952
figaro1854,bd6t569487c,,failed,0,0,,http_manifest,known,403,manifest,"Client error '403 ' for url 'https://openapiproext.bnf.fr/iiif/presentation/v3/ark:/12148/bd6t569487c/manifest.json'
For more information check: https://developer.mozilla.org/en-US/docs/Web/HTTP/Status/403",2026-07-17T21:24:56.773979
figaro1854,bd6t569488q,,failed,0,0,,http_manifest,known,403,manifest,"Client error '403 ' for url 'https://openapiproext.bnf.fr/iiif/presentation/v3/ark:/12148/bd6t569488q/manifest.json'
For more information check: https://developer.mozilla.org/en-US/docs/Web/HTTP/Status/403",2026-07-17T21:24:58.101079
figaro1854,bd6t5694908,,failed,0,0,,http_manifest,known,403,manifest,"Client error '403 ' for url 'https://openapiproext.bnf.fr/iiif/presentation/v3/ark:/12148/bd6t5694908/manifest.json'
For more information check: https://developer.mozilla.org/en-US/docs/Web/HTTP/Status/403",2026-07-17T21:24:59.413953
figaro1854,bd6t5694892,,failed,0,0,,http_manifest,known,403,manifest,"Client error '403 ' for url 'https://openapiproext.bnf.fr/iiif/presentation/v3/ark:/12148/bd6t5694892/manifest.json'
For more information check: https://developer.mozilla.org/en-US/docs/Web/HTTP/Status/403",2026-07-17T21:25:00.547024
figaro1854,bd6t569491m,,failed,0,0,,http_manifest,known,403,manifest,"Client error '403 ' for url 'https://openapiproext.bnf.fr/iiif/presentation/v3/ark:/12148/bd6t569491m/manifest.json'
For more information check: https://developer.mozilla.org/en-US/docs/Web/HTTP/Status/403",2026-07-17T21:25:01.828249
figaro1854,bd6t569492z,,failed,0,0,,http_manifest,known,403,manifest,"Client error '403 ' for url 'https://openapiproext.bnf.fr/iiif/presentation/v3/ark:/12148/bd6t569492z/manifest.json'
For more information check: https://developer.mozilla.org/en-US/docs/Web/HTTP/Status/403",2026-07-17T21:25:02.783010
figaro1854,bd6t5694939,,failed,0,0,,http_manifest,known,403,manifest,"Client error '403 ' for url 'https://openapiproext.bnf.fr/iiif/presentation/v3/ark:/12148/bd6t5694939/manifest.json'
For more information check: https://developer.mozilla.org/en-US/docs/Web/HTTP/Status/403",2026-07-17T21:25:04.102673
figaro1854,bd6t569050x,,failed,0,0,,http_manifest,known,403,manifest,"Client error '403 ' for url 'https://openapiproext.bnf.fr/iiif/presentation/v3/ark:/12148/bd6t569050x/manifest.json'
For more information check: https://developer.mozilla.org/en-US/docs/Web/HTTP/Status/403",2026-07-17T21:25:05.281286
figaro1854,bd6t5690518,,failed,0,0,,http_manifest,known,403,manifest,"Client error '403 ' for url 'https://openapiproext.bnf.fr/iiif/presentation/v3/ark:/12148/bd6t5690518/manifest.json'
For more information check: https://developer.mozilla.org/en-US/docs/Web/HTTP/Status/403",2026-07-17T21:25:06.611096
figaro1854,bd6t569052m,,failed,0,0,,http_manifest,known,403,manifest,"Client error '403 ' for url 'https://openapiproext.bnf.fr/iiif/presentation/v3/ark:/12148/bd6t569052m/manifest.json'
For more information check: https://developer.mozilla.org/en-US/docs/Web/HTTP/Status/403",2026-07-17T21:25:07.707149
figaro1854,bd6t569053z,,failed,0,0,,http_manifest,known,403,manifest,"Client error '403 ' for url 'https://openapiproext.bnf.fr/iiif/presentation/v3/ark:/12148/bd6t569053z/manifest.json'
For more information check: https://developer.mozilla.org/en-US/docs/Web/HTTP/Status/403",2026-07-17T21:25:08.791898
figaro1854,bd6t5690549,,failed,0,0,,http_manifest,known,403,manifest,"Client error '403 ' for url 'https://openapiproext.bnf.fr/iiif/presentation/v3/ark:/12148/bd6t5690549/manifest.json'
For more information check: https://developer.mozilla.org/en-US/docs/Web/HTTP/Status/403",2026-07-17T21:25:10.129075
figaro1854,bd6t569055n,,failed,0,0,,http_manifest,known,403,manifest,"Client error '403 ' for url 'https://openapiproext.bnf.fr/iiif/presentation/v3/ark:/12148/bd6t569055n/manifest.json'
For more information check: https://developer.mozilla.org/en-US/docs/Web/HTTP/Status/403",2026-07-17T21:25:11.407081
figaro1854,bd6t5690560,,failed,0,0,,http_manifest,known,403,manifest,"Client error '403 ' for url 'https://openapiproext.bnf.fr/iiif/presentation/v3/ark:/12148/bd6t5690560/manifest.json'
For more information check: https://developer.mozilla.org/en-US/docs/Web/HTTP/Status/403",2026-07-17T21:25:12.396431
figaro1854,bd6t569057b,,failed,0,0,,http_manifest,known,403,manifest,"Client error '403 ' for url 'https://openapiproext.bnf.fr/iiif/presentation/v3/ark:/12148/bd6t569057b/manifest.json'
For more information check: https://developer.mozilla.org/en-US/docs/Web/HTTP/Status/403",2026-07-17T21:25:13.615306
figaro1854,bd6t569058p,,failed,0,0,,http_manifest,known,403,manifest,"Client error '403 ' for url 'https://openapiproext.bnf.fr/iiif/presentation/v3/ark:/12148/bd6t569058p/manifest.json'
For more information check: https://developer.mozilla.org/en-US/docs/Web/HTTP/Status/403",2026-07-17T21:25:14.974973
figaro1854,bd6t5690591,,failed,0,0,,http_manifest,known,403,manifest,"Client error '403 ' for url 'https://openapiproext.bnf.fr/iiif/presentation/v3/ark:/12148/bd6t5690591/manifest.json'
For more information check: https://developer.mozilla.org/en-US/docs/Web/HTTP/Status/403",2026-07-17T21:25:16.006571
figaro1854,bd6t5690607,,failed,0,0,,http_manifest,known,403,manifest,"Client error '403 ' for url 'https://openapiproext.bnf.fr/iiif/presentation/v3/ark:/12148/bd6t5690607/manifest.json'
For more information check: https://developer.mozilla.org/en-US/docs/Web/HTTP/Status/403",2026-07-17T21:25:17.196858
figaro1854,bd6t569061k,,failed,0,0,,http_manifest,known,403,manifest,"Client error '403 ' for url 'https://openapiproext.bnf.fr/iiif/presentation/v3/ark:/12148/bd6t569061k/manifest.json'
For more information check: https://developer.mozilla.org/en-US/docs/Web/HTTP/Status/403",2026-07-17T21:25:18.419434
figaro1854,bd6t569062x,,failed,0,0,,http_manifest,known,403,manifest,"Client error '403 ' for url 'https://openapiproext.bnf.fr/iiif/presentation/v3/ark:/12148/bd6t569062x/manifest.json'
For more information check: https://developer.mozilla.org/en-US/docs/Web/HTTP/Status/403",2026-07-17T21:25:19.604961
figaro1854,bd6t5690638,,failed,0,0,,http_manifest,known,403,manifest,"Client error '403 ' for url 'https://openapiproext.bnf.fr/iiif/presentation/v3/ark:/12148/bd6t5690638/manifest.json'
For more information check: https://developer.mozilla.org/en-US/docs/Web/HTTP/Status/403",2026-07-17T21:25:20.804495
figaro1854,bd6t569064m,,failed,0,0,,http_manifest,known,403,manifest,"Client error '403 ' for url 'https://openapiproext.bnf.fr/iiif/presentation/v3/ark:/12148/bd6t569064m/manifest.json'
For more information check: https://developer.mozilla.org/en-US/docs/Web/HTTP/Status/403",2026-07-17T21:25:22.005328
figaro1854,bd6t569065z,,failed,0,0,,http_manifest,known,403,manifest,"Client error '403 ' for url 'https://openapiproext.bnf.fr/iiif/presentation/v3/ark:/12148/bd6t569065z/manifest.json'
For more information check: https://developer.mozilla.org/en-US/docs/Web/HTTP/Status/403",2026-07-17T21:25:23.210308
figaro1854,bd6t5690669,,failed,0,0,,http_manifest,known,403,manifest,"Client error '403 ' for url 'https://openapiproext.bnf.fr/iiif/presentation/v3/ark:/12148/bd6t5690669/manifest.json'
For more information check: https://developer.mozilla.org/en-US/docs/Web/HTTP/Status/403",2026-07-17T21:25:24.421966
figaro1854,bd6t569067n,,failed,0,0,,http_manifest,known,403,manifest,"Client error '403 ' for url 'https://openapiproext.bnf.fr/iiif/presentation/v3/ark:/12148/bd6t569067n/manifest.json'
For more information check: https://developer.mozilla.org/en-US/docs/Web/HTTP/Status/403",2026-07-17T21:25:25.632883
figaro1854,bd6t5690680,,failed,0,0,,http_manifest,known,403,manifest,"Client error '403 ' for url 'https://openapiproext.bnf.fr/iiif/presentation/v3/ark:/12148/bd6t5690680/manifest.json'
For more information check: https://developer.mozilla.org/en-US/docs/Web/HTTP/Status/403",2026-07-17T21:25:26.813931
figaro1854,bd6t569069b,,failed,0,0,,http_manifest,known,403,manifest,"Client error '403 ' for url 'https://openapiproext.bnf.fr/iiif/presentation/v3/ark:/12148/bd6t569069b/manifest.json'
For more information check: https://developer.mozilla.org/en-US/docs/Web/HTTP/Status/403",2026-07-17T21:25:28.013581
figaro1854,bd6t569070j,,failed,0,0,,http_manifest,known,403,manifest,"Client error '403 ' for url 'https://openapiproext.bnf.fr/iiif/presentation/v3/ark:/12148/bd6t569070j/manifest.json'
For more information check: https://developer.mozilla.org/en-US/docs/Web/HTTP/Status/403",2026-07-17T21:25:29.216322
figaro1854,bd6t569071w,,failed,0,0,,http_manifest,known,403,manifest,"Client error '403 ' for url 'https://openapiproext.bnf.fr/iiif/presentation/v3/ark:/12148/bd6t569071w/manifest.json'
For more information check: https://developer.mozilla.org/en-US/docs/Web/HTTP/Status/403",2026-07-17T21:25:30.415641
figaro1854,bd6t5690727,,failed,0,0,,http_manifest,known,403,manifest,"Client error '403 ' for url 'https://openapiproext.bnf.fr/iiif/presentation/v3/ark:/12148/bd6t5690727/manifest.json'
For more information check: https://developer.mozilla.org/en-US/docs/Web/HTTP/Status/403",2026-07-17T21:25:31.643391
figaro1854,bd6t569073k,,failed,0,0,,http_manifest,known,403,manifest,"Client error '403 ' for url 'https://openapiproext.bnf.fr/iiif/presentation/v3/ark:/12148/bd6t569073k/manifest.json'
For more information check: https://developer.mozilla.org/en-US/docs/Web/HTTP/Status/403",2026-07-17T21:25:32.828596
figaro1854,bd6t569074x,,failed,0,0,,http_manifest,known,403,manifest,"Client error '403 ' for url 'https://openapiproext.bnf.fr/iiif/presentation/v3/ark:/12148/bd6t569074x/manifest.json'
For more information check: https://developer.mozilla.org/en-US/docs/Web/HTTP/Status/403",2026-07-17T21:25:34.024656
figaro1854,bd6t5690758,,failed,0,0,,http_manifest,known,403,manifest,"Client error '403 ' for url 'https://openapiproext.bnf.fr/iiif/presentation/v3/ark:/12148/bd6t5690758/manifest.json'
For more information check: https://developer.mozilla.org/en-US/docs/Web/HTTP/Status/403",2026-07-17T21:25:35.217414
figaro1854,bd6t569076m,,failed,0,0,,http_manifest,known,403,manifest,"Client error '403 ' for url 'https://openapiproext.bnf.fr/iiif/presentation/v3/ark:/12148/bd6t569076m/manifest.json'
For more information check: https://developer.mozilla.org/en-US/docs/Web/HTTP/Status/403",2026-07-17T21:25:36.424354
figaro1854,bd6t569077z,,failed,0,0,,http_manifest,known,403,manifest,"Client error '403 ' for url 'https://openapiproext.bnf.fr/iiif/presentation/v3/ark:/12148/bd6t569077z/manifest.json'
For more information check: https://developer.mozilla.org/en-US/docs/Web/HTTP/Status/403",2026-07-17T21:25:37.627985
figaro1854,bd6t5690789,,failed,0,0,,http_manifest,known,403,manifest,"Client error '403 ' for url 'https://openapiproext.bnf.fr/iiif/presentation/v3/ark:/12148/bd6t5690789/manifest.json'
For more information check: https://developer.mozilla.org/en-US/docs/Web/HTTP/Status/403",2026-07-17T21:25:38.829046
figaro1854,bd6t569079n,,failed,0,0,,http_manifest,known,403,manifest,"Client error '403 ' for url 'https://openapiproext.bnf.fr/iiif/presentation/v3/ark:/12148/bd6t569079n/manifest.json'
For more information check: https://developer.mozilla.org/en-US/docs/Web/HTTP/Status/403",2026-07-17T21:25:40.031223
figaro1854,bd6t569080v,,failed,0,0,,http_manifest,known,403,manifest,"Client error '403 ' for url 'https://openapiproext.bnf.fr/iiif/presentation/v3/ark:/12148/bd6t569080v/manifest.json'
For more information check: https://developer.mozilla.org/en-US/docs/Web/HTTP/Status/403",2026-07-17T21:25:41.234200
figaro1854,bd6t5690816,,failed,0,0,,http_manifest,known,403,manifest,"Client error '403 ' for url 'https://openapiproext.bnf.fr/iiif/presentation/v3/ark:/12148/bd6t5690816/manifest.json'
For more information check: https://developer.mozilla.org/en-US/docs/Web/HTTP/Status/403",2026-07-17T21:25:42.435805
figaro1854,bd6t569082j,,failed,0,0,,http_manifest,known,403,manifest,"Client error '403 ' for url 'https://openapiproext.bnf.fr/iiif/presentation/v3/ark:/12148/bd6t569082j/manifest.json'
For more information check: https://developer.mozilla.org/en-US/docs/Web/HTTP/Status/403",2026-07-17T21:25:43.659764
figaro1854,bd6t569083w,,failed,0,0,,http_manifest,known,403,manifest,"Client error '403 ' for url 'https://openapiproext.bnf.fr/iiif/presentation/v3/ark:/12148/bd6t569083w/manifest.json'
For more information check: https://developer.mozilla.org/en-US/docs/Web/HTTP/Status/403",2026-07-17T21:25:44.837025
figaro1854,bd6t5690847,,failed,0,0,,http_manifest,known,403,manifest,"Client error '403 ' for url 'https://openapiproext.bnf.fr/iiif/presentation/v3/ark:/12148/bd6t5690847/manifest.json'
For more information check: https://developer.mozilla.org/en-US/docs/Web/HTTP/Status/403",2026-07-17T21:25:46.047245
figaro1854,bd6t569085k,,failed,0,0,,http_manifest,known,403,manifest,"Client error '403 ' for url 'https://openapiproext.bnf.fr/iiif/presentation/v3/ark:/12148/bd6t569085k/manifest.json'
For more information check: https://developer.mozilla.org/en-US/docs/Web/HTTP/Status/403",2026-07-17T21:25:47.243190
figaro1854,bd6t569086x,,failed,0,0,,http_manifest,known,403,manifest,"Client error '403 ' for url 'https://openapiproext.bnf.fr/iiif/presentation/v3/ark:/12148/bd6t569086x/manifest.json'
For more information check: https://developer.mozilla.org/en-US/docs/Web/HTTP/Status/403",2026-07-17T21:25:48.441958
figaro1854,bd6t5690878,,failed,0,0,,http_manifest,known,403,manifest,"Client error '403 ' for url 'https://openapiproext.bnf.fr/iiif/presentation/v3/ark:/12148/bd6t5690878/manifest.json'
For more information check: https://developer.mozilla.org/en-US/docs/Web/HTTP/Status/403",2026-07-17T21:25:49.643981
figaro1854,bd6t569088m,,failed,0,0,,http_manifest,known,403,manifest,"Client error '403 ' for url 'https://openapiproext.bnf.fr/iiif/presentation/v3/ark:/12148/bd6t569088m/manifest.json'
For more information check: https://developer.mozilla.org/en-US/docs/Web/HTTP/Status/403",2026-07-17T21:25:50.847500
figaro1854,bd6t569089z,,failed,0,0,,http_manifest,known,403,manifest,"Client error '403 ' for url 'https://openapiproext.bnf.fr/iiif/presentation/v3/ark:/12148/bd6t569089z/manifest.json'
For more information check: https://developer.mozilla.org/en-US/docs/Web/HTTP/Status/403",2026-07-17T21:25:52.045691
figaro1854,bd6t5690905,,failed,0,0,,http_manifest,known,403,manifest,"Client error '403 ' for url 'https://openapiproext.bnf.fr/iiif/presentation/v3/ark:/12148/bd6t5690905/manifest.json'
For more information check: https://developer.mozilla.org/en-US/docs/Web/HTTP/Status/403",2026-07-17T21:25:53.248338
figaro1854,bd6t569091h,,failed,0,0,,http_manifest,known,403,manifest,"Client error '403 ' for url 'https://openapiproext.bnf.fr/iiif/presentation/v3/ark:/12148/bd6t569091h/manifest.json'
For more information check: https://developer.mozilla.org/en-US/docs/Web/HTTP/Status/403",2026-07-17T21:25:54.445422
figaro1854,bd6t569092v,,failed,0,0,,http_manifest,known,403,manifest,"Client error '403 ' for url 'https://openapiproext.bnf.fr/iiif/presentation/v3/ark:/12148/bd6t569092v/manifest.json'
For more information check: https://developer.mozilla.org/en-US/docs/Web/HTTP/Status/403",2026-07-17T21:25:55.671600
figaro1854,bd6t5690936,,failed,0,0,,http_manifest,known,403,manifest,"Client error '403 ' for url 'https://openapiproext.bnf.fr/iiif/presentation/v3/ark:/12148/bd6t5690936/manifest.json'
For more information check: https://developer.mozilla.org/en-US/docs/Web/HTTP/Status/403",2026-07-17T21:25:56.857771
figaro1854,bd6t569094j,,failed,0,0,,http_manifest,known,403,manifest,"Client error '403 ' for url 'https://openapiproext.bnf.fr/iiif/presentation/v3/ark:/12148/bd6t569094j/manifest.json'
For more information check: https://developer.mozilla.org/en-US/docs/Web/HTTP/Status/403",2026-07-17T21:25:58.070116
figaro1854,bd6t569095w,,failed,0,0,,http_manifest,known,403,manifest,"Client error '403 ' for url 'https://openapiproext.bnf.fr/iiif/presentation/v3/ark:/12148/bd6t569095w/manifest.json'
For more information check: https://developer.mozilla.org/en-US/docs/Web/HTTP/Status/403",2026-07-17T21:25:59.258870
figaro1854,bd6t5690967,,failed,0,0,,http_manifest,known,403,manifest,"Client error '403 ' for url 'https://openapiproext.bnf.fr/iiif/presentation/v3/ark:/12148/bd6t5690967/manifest.json'
For more information check: https://developer.mozilla.org/en-US/docs/Web/HTTP/Status/403",2026-07-17T21:26:00.543728
figaro1854,bd6t569097k,,failed,0,0,,http_manifest,known,403,manifest,"Client error '403 ' for url 'https://openapiproext.bnf.fr/iiif/presentation/v3/ark:/12148/bd6t569097k/manifest.json'
For more information check: https://developer.mozilla.org/en-US/docs/Web/HTTP/Status/403",2026-07-17T21:26:01.818877
figaro1854,bd6t569098x,,failed,0,0,,http_manifest,known,403,manifest,"Client error '403 ' for url 'https://openapiproext.bnf.fr/iiif/presentation/v3/ark:/12148/bd6t569098x/manifest.json'
For more information check: https://developer.mozilla.org/en-US/docs/Web/HTTP/Status/403",2026-07-17T21:26:02.861656
figaro1854,bd6t5690998,,failed,0,0,,http_manifest,known,403,manifest,"Client error '403 ' for url 'https://openapiproext.bnf.fr/iiif/presentation/v3/ark:/12148/bd6t5690998/manifest.json'
For more information check: https://developer.mozilla.org/en-US/docs/Web/HTTP/Status/403",2026-07-17T21:26:04.203420
figaro1854,bd6t569100n,,failed,0,0,,http_manifest,known,403,manifest,"Client error '403 ' for url 'https://openapiproext.bnf.fr/iiif/presentation/v3/ark:/12148/bd6t569100n/manifest.json'
For more information check: https://developer.mozilla.org/en-US/docs/Web/HTTP/Status/403",2026-07-17T21:26:05.508668
figaro1854,bd6t569310h,,failed,0,0,,http_manifest,known,403,manifest,"Client error '403 ' for url 'https://openapiproext.bnf.fr/iiif/presentation/v3/ark:/12148/bd6t569310h/manifest.json'
For more information check: https://developer.mozilla.org/en-US/docs/Web/HTTP/Status/403",2026-07-17T21:26:06.510611
figaro1854,bd6t569311v,,failed,0,0,,http_manifest,known,403,manifest,"Client error '403 ' for url 'https://openapiproext.bnf.fr/iiif/presentation/v3/ark:/12148/bd6t569311v/manifest.json'
For more information check: https://developer.mozilla.org/en-US/docs/Web/HTTP/Status/403",2026-07-17T21:26:07.668484
figaro1854,bd6t5693126,,failed,0,0,,http_manifest,known,403,manifest,"Client error '403 ' for url 'https://openapiproext.bnf.fr/iiif/presentation/v3/ark:/12148/bd6t5693126/manifest.json'
For more information check: https://developer.mozilla.org/en-US/docs/Web/HTTP/Status/403",2026-07-17T21:26:08.920820
figaro1854,bd6t569313j,,failed,0,0,,http_manifest,known,403,manifest,"Client error '403 ' for url 'https://openapiproext.bnf.fr/iiif/presentation/v3/ark:/12148/bd6t569313j/manifest.json'
For more information check: https://developer.mozilla.org/en-US/docs/Web/HTTP/Status/403",2026-07-17T21:26:10.072273
figaro1854,bd6t569314w,,failed,0,0,,http_manifest,known,403,manifest,"Client error '403 ' for url 'https://openapiproext.bnf.fr/iiif/presentation/v3/ark:/12148/bd6t569314w/manifest.json'
For more information check: https://developer.mozilla.org/en-US/docs/Web/HTTP/Status/403",2026-07-17T21:26:11.273551
figaro1854,bd6t5693157,,failed,0,0,,http_manifest,known,403,manifest,"Client error '403 ' for url 'https://openapiproext.bnf.fr/iiif/presentation/v3/ark:/12148/bd6t5693157/manifest.json'
For more information check: https://developer.mozilla.org/en-US/docs/Web/HTTP/Status/403",2026-07-17T21:26:12.473949
figaro1854,bd6t569316k,,failed,0,0,,http_manifest,known,403,manifest,"Client error '403 ' for url 'https://openapiproext.bnf.fr/iiif/presentation/v3/ark:/12148/bd6t569316k/manifest.json'
For more information check: https://developer.mozilla.org/en-US/docs/Web/HTTP/Status/403",2026-07-17T21:26:13.887407
figaro1854,bd6t569317x,,failed,0,0,,http_manifest,known,403,manifest,"Client error '403 ' for url 'https://openapiproext.bnf.fr/iiif/presentation/v3/ark:/12148/bd6t569317x/manifest.json'
For more information check: https://developer.mozilla.org/en-US/docs/Web/HTTP/Status/403",2026-07-17T21:26:15.110248
figaro1854,bd6t5693188,,failed,0,0,,http_manifest,known,403,manifest,"Client error '403 ' for url 'https://openapiproext.bnf.fr/iiif/presentation/v3/ark:/12148/bd6t5693188/manifest.json'
For more information check: https://developer.mozilla.org/en-US/docs/Web/HTTP/Status/403",2026-07-17T21:26:16.095502
figaro1854,bd6t569319m,,failed,0,0,,http_manifest,known,403,manifest,"Client error '403 ' for url 'https://openapiproext.bnf.fr/iiif/presentation/v3/ark:/12148/bd6t569319m/manifest.json'
For more information check: https://developer.mozilla.org/en-US/docs/Web/HTTP/Status/403",2026-07-17T21:26:17.283999
figaro1854,bd6t569320t,,failed,0,0,,http_manifest,known,403,manifest,"Client error '403 ' for url 'https://openapiproext.bnf.fr/iiif/presentation/v3/ark:/12148/bd6t569320t/manifest.json'
For more information check: https://developer.mozilla.org/en-US/docs/Web/HTTP/Status/403",2026-07-17T21:26:18.481349
figaro1854,bd6t5693215,,failed,0,0,,http_manifest,known,403,manifest,"Client error '403 ' for url 'https://openapiproext.bnf.fr/iiif/presentation/v3/ark:/12148/bd6t5693215/manifest.json'
For more information check: https://developer.mozilla.org/en-US/docs/Web/HTTP/Status/403",2026-07-17T21:26:19.708668
figaro1854,bd6t569322h,,failed,0,0,,http_manifest,known,403,manifest,"Client error '403 ' for url 'https://openapiproext.bnf.fr/iiif/presentation/v3/ark:/12148/bd6t569322h/manifest.json'
For more information check: https://developer.mozilla.org/en-US/docs/Web/HTTP/Status/403",2026-07-17T21:26:20.887579
figaro1854,bd6t569323v,,failed,0,0,,http_manifest,known,403,manifest,"Client error '403 ' for url 'https://openapiproext.bnf.fr/iiif/presentation/v3/ark:/12148/bd6t569323v/manifest.json'
For more information check: https://developer.mozilla.org/en-US/docs/Web/HTTP/Status/403",2026-07-17T21:26:22.087223
figaro1854,bd6t5693246,,failed,0,0,,http_manifest,known,403,manifest,"Client error '403 ' for url 'https://openapiproext.bnf.fr/iiif/presentation/v3/ark:/12148/bd6t5693246/manifest.json'
For more information check: https://developer.mozilla.org/en-US/docs/Web/HTTP/Status/403",2026-07-17T21:26:23.289491
figaro1854,bd6t569325j,,failed,0,0,,http_manifest,known,403,manifest,"Client error '403 ' for url 'https://openapiproext.bnf.fr/iiif/presentation/v3/ark:/12148/bd6t569325j/manifest.json'
For more information check: https://developer.mozilla.org/en-US/docs/Web/HTTP/Status/403",2026-07-17T21:26:24.490839
figaro1854,bd6t569326w,,failed,0,0,,http_manifest,known,403,manifest,"Client error '403 ' for url 'https://openapiproext.bnf.fr/iiif/presentation/v3/ark:/12148/bd6t569326w/manifest.json'
For more information check: https://developer.mozilla.org/en-US/docs/Web/HTTP/Status/403",2026-07-17T21:26:25.691429
figaro1854,bd6t5693277,,failed,0,0,,http_manifest,known,403,manifest,"Client error '403 ' for url 'https://openapiproext.bnf.fr/iiif/presentation/v3/ark:/12148/bd6t5693277/manifest.json'
For more information check: https://developer.mozilla.org/en-US/docs/Web/HTTP/Status/403",2026-07-17T21:26:26.904515
figaro1854,bd6t569328k,,failed,0,0,,http_manifest,known,403,manifest,"Client error '403 ' for url 'https://openapiproext.bnf.fr/iiif/presentation/v3/ark:/12148/bd6t569328k/manifest.json'
For more information check: https://developer.mozilla.org/en-US/docs/Web/HTTP/Status/403",2026-07-17T21:26:28.099129
figaro1854,bd6t569329x,,failed,0,0,,http_manifest,known,403,manifest,"Client error '403 ' for url 'https://openapiproext.bnf.fr/iiif/presentation/v3/ark:/12148/bd6t569329x/manifest.json'
For more information check: https://developer.mozilla.org/en-US/docs/Web/HTTP/Status/403",2026-07-17T21:26:29.297816
figaro1854,bd6t5693304,,failed,0,0,,http_manifest,known,403,manifest,"Client error '403 ' for url 'https://openapiproext.bnf.fr/iiif/presentation/v3/ark:/12148/bd6t5693304/manifest.json'
For more information check: https://developer.mozilla.org/en-US/docs/Web/HTTP/Status/403",2026-07-17T21:26:30.498549
figaro1854,bd6t569331g,,failed,0,0,,http_manifest,known,403,manifest,"Client error '403 ' for url 'https://openapiproext.bnf.fr/iiif/presentation/v3/ark:/12148/bd6t569331g/manifest.json'
For more information check: https://developer.mozilla.org/en-US/docs/Web/HTTP/Status/403",2026-07-17T21:26:31.728075
figaro1854,bd6t569332t,,failed,0,0,,http_manifest,known,403,manifest,"Client error '403 ' for url 'https://openapiproext.bnf.fr/iiif/presentation/v3/ark:/12148/bd6t569332t/manifest.json'
For more information check: https://developer.mozilla.org/en-US/docs/Web/HTTP/Status/403",2026-07-17T21:26:32.912176
figaro1854,bd6t5693335,,failed,0,0,,http_manifest,known,403,manifest,"Client error '403 ' for url 'https://openapiproext.bnf.fr/iiif/presentation/v3/ark:/12148/bd6t5693335/manifest.json'
For more information check: https://developer.mozilla.org/en-US/docs/Web/HTTP/Status/403",2026-07-17T21:26:34.104315
figaro1854,bd6t569334h,,failed,0,0,,http_manifest,known,403,manifest,"Client error '403 ' for url 'https://openapiproext.bnf.fr/iiif/presentation/v3/ark:/12148/bd6t569334h/manifest.json'
For more information check: https://developer.mozilla.org/en-US/docs/Web/HTTP/Status/403",2026-07-17T21:26:35.305908
figaro1854,bd6t569335v,,failed,0,0,,http_manifest,known,403,manifest,"Client error '403 ' for url 'https://openapiproext.bnf.fr/iiif/presentation/v3/ark:/12148/bd6t569335v/manifest.json'
For more information check: https://developer.mozilla.org/en-US/docs/Web/HTTP/Status/403",2026-07-17T21:26:36.507321
figaro1854,bd6t5693366,,failed,0,0,,http_manifest,known,403,manifest,"Client error '403 ' for url 'https://openapiproext.bnf.fr/iiif/presentation/v3/ark:/12148/bd6t5693366/manifest.json'
For more information check: https://developer.mozilla.org/en-US/docs/Web/HTTP/Status/403",2026-07-17T21:26:37.709491
figaro1854,bd6t569337j,,failed,0,0,,http_manifest,known,403,manifest,"Client error '403 ' for url 'https://openapiproext.bnf.fr/iiif/presentation/v3/ark:/12148/bd6t569337j/manifest.json'
For more information check: https://developer.mozilla.org/en-US/docs/Web/HTTP/Status/403",2026-07-17T21:26:38.913613
figaro1854,bd6t569338w,,failed,0,0,,http_manifest,known,403,manifest,"Client error '403 ' for url 'https://openapiproext.bnf.fr/iiif/presentation/v3/ark:/12148/bd6t569338w/manifest.json'
For more information check: https://developer.mozilla.org/en-US/docs/Web/HTTP/Status/403",2026-07-17T21:26:40.111762
figaro1854,bd6t5693397,,failed,0,0,,http_manifest,known,403,manifest,"Client error '403 ' for url 'https://openapiproext.bnf.fr/iiif/presentation/v3/ark:/12148/bd6t5693397/manifest.json'
For more information check: https://developer.mozilla.org/en-US/docs/Web/HTTP/Status/403",2026-07-17T21:26:41.319038
figaro1854,bd6t569340f,,failed,0,0,,http_manifest,known,403,manifest,"Client error '403 ' for url 'https://openapiproext.bnf.fr/iiif/presentation/v3/ark:/12148/bd6t569340f/manifest.json'
For more information check: https://developer.mozilla.org/en-US/docs/Web/HTTP/Status/403",2026-07-17T21:26:42.518137
figaro1854,bd6t569341s,,failed,0,0,,http_manifest,known,403,manifest,"Client error '403 ' for url 'https://openapiproext.bnf.fr/iiif/presentation/v3/ark:/12148/bd6t569341s/manifest.json'
For more information check: https://developer.mozilla.org/en-US/docs/Web/HTTP/Status/403",2026-07-17T21:26:43.742977
figaro1854,bd6t5693424,,failed,0,0,,http_manifest,known,403,manifest,"Client error '403 ' for url 'https://openapiproext.bnf.fr/iiif/presentation/v3/ark:/12148/bd6t5693424/manifest.json'
For more information check: https://developer.mozilla.org/en-US/docs/Web/HTTP/Status/403",2026-07-17T21:26:44.919703
figaro1854,bd6t569343g,,failed,0,0,,http_manifest,known,403,manifest,"Client error '403 ' for url 'https://openapiproext.bnf.fr/iiif/presentation/v3/ark:/12148/bd6t569343g/manifest.json'
For more information check: https://developer.mozilla.org/en-US/docs/Web/HTTP/Status/403",2026-07-17T21:26:46.124263
figaro1854,bd6t569344t,,failed,0,0,,http_manifest,known,403,manifest,"Client error '403 ' for url 'https://openapiproext.bnf.fr/iiif/presentation/v3/ark:/12148/bd6t569344t/manifest.json'
For more information check: https://developer.mozilla.org/en-US/docs/Web/HTTP/Status/403",2026-07-17T21:26:47.323724
figaro1854,bd6t5693455,,failed,0,0,,http_manifest,known,403,manifest,"Client error '403 ' for url 'https://openapiproext.bnf.fr/iiif/presentation/v3/ark:/12148/bd6t5693455/manifest.json'
For more information check: https://developer.mozilla.org/en-US/docs/Web/HTTP/Status/403",2026-07-17T21:26:48.525810
figaro1854,bd6t569346h,,failed,0,0,,http_manifest,known,403,manifest,"Client error '403 ' for url 'https://openapiproext.bnf.fr/iiif/presentation/v3/ark:/12148/bd6t569346h/manifest.json'
For more information check: https://developer.mozilla.org/en-US/docs/Web/HTTP/Status/403",2026-07-17T21:26:49.753242
figaro1854,bd6t569347v,,failed,0,0,,http_manifest,known,403,manifest,"Client error '403 ' for url 'https://openapiproext.bnf.fr/iiif/presentation/v3/ark:/12148/bd6t569347v/manifest.json'
For more information check: https://developer.mozilla.org/en-US/docs/Web/HTTP/Status/403",2026-07-17T21:26:50.931274
figaro1854,bd6t5693486,,failed,0,0,,http_manifest,known,403,manifest,"Client error '403 ' for url 'https://openapiproext.bnf.fr/iiif/presentation/v3/ark:/12148/bd6t5693486/manifest.json'
For more information check: https://developer.mozilla.org/en-US/docs/Web/HTTP/Status/403",2026-07-17T21:26:52.134687
figaro1854,bd6t569349j,,failed,0,0,,http_manifest,known,403,manifest,"Client error '403 ' for url 'https://openapiproext.bnf.fr/iiif/presentation/v3/ark:/12148/bd6t569349j/manifest.json'
For more information check: https://developer.mozilla.org/en-US/docs/Web/HTTP/Status/403",2026-07-17T21:26:53.332510
figaro1854,bd6t569350r,,failed,0,0,,http_manifest,known,403,manifest,"Client error '403 ' for url 'https://openapiproext.bnf.fr/iiif/presentation/v3/ark:/12148/bd6t569350r/manifest.json'
For more information check: https://developer.mozilla.org/en-US/docs/Web/HTTP/Status/403",2026-07-17T21:26:54.536516
figaro1854,bd6t5693513,,failed,0,0,,http_manifest,known,403,manifest,"Client error '403 ' for url 'https://openapiproext.bnf.fr/iiif/presentation/v3/ark:/12148/bd6t5693513/manifest.json'
For more information check: https://developer.mozilla.org/en-US/docs/Web/HTTP/Status/403",2026-07-17T21:26:55.735059
figaro1854,bd6t569352f,,failed,0,0,,http_manifest,known,403,manifest,"Client error '403 ' for url 'https://openapiproext.bnf.fr/iiif/presentation/v3/ark:/12148/bd6t569352f/manifest.json'
For more information check: https://developer.mozilla.org/en-US/docs/Web/HTTP/Status/403",2026-07-17T21:26:56.938190
figaro1854,bd6t569353s,,failed,0,0,,http_manifest,known,403,manifest,"Client error '403 ' for url 'https://openapiproext.bnf.fr/iiif/presentation/v3/ark:/12148/bd6t569353s/manifest.json'
For more information check: https://developer.mozilla.org/en-US/docs/Web/HTTP/Status/403",2026-07-17T21:26:58.237969
figaro1854,bd6t5693544,,failed,0,0,,http_manifest,known,403,manifest,"Client error '403 ' for url 'https://openapiproext.bnf.fr/iiif/presentation/v3/ark:/12148/bd6t5693544/manifest.json'
For more information check: https://developer.mozilla.org/en-US/docs/Web/HTTP/Status/403",2026-07-17T21:26:59.422055
figaro1854,bd6t569355g,,failed,0,0,,http_manifest,known,403,manifest,"Client error '403 ' for url 'https://openapiproext.bnf.fr/iiif/presentation/v3/ark:/12148/bd6t569355g/manifest.json'
For more information check: https://developer.mozilla.org/en-US/docs/Web/HTTP/Status/403",2026-07-17T21:27:00.542402
figaro1854,bd6t569356t,,failed,0,0,,http_manifest,known,403,manifest,"Client error '403 ' for url 'https://openapiproext.bnf.fr/iiif/presentation/v3/ark:/12148/bd6t569356t/manifest.json'
For more information check: https://developer.mozilla.org/en-US/docs/Web/HTTP/Status/403",2026-07-17T21:27:01.909888
figaro1854,bd6t5693575,,failed,0,0,,http_manifest,known,403,manifest,"Client error '403 ' for url 'https://openapiproext.bnf.fr/iiif/presentation/v3/ark:/12148/bd6t5693575/manifest.json'
For more information check: https://developer.mozilla.org/en-US/docs/Web/HTTP/Status/403",2026-07-17T21:27:02.944271
figaro1854,bd6t569358h,,failed,0,0,,http_manifest,known,403,manifest,"Client error '403 ' for url 'https://openapiproext.bnf.fr/iiif/presentation/v3/ark:/12148/bd6t569358h/manifest.json'
For more information check: https://developer.mozilla.org/en-US/docs/Web/HTTP/Status/403",2026-07-17T21:27:04.315154
figaro1854,bd6t569359v,,failed,0,0,,http_manifest,known,403,manifest,"Client error '403 ' for url 'https://openapiproext.bnf.fr/iiif/presentation/v3/ark:/12148/bd6t569359v/manifest.json'
For more information check: https://developer.mozilla.org/en-US/docs/Web/HTTP/Status/403",2026-07-17T21:27:05.730752
figaro1854,bd6t5693602,,failed,0,0,,http_manifest,known,403,manifest,"Client error '403 ' for url 'https://openapiproext.bnf.fr/iiif/presentation/v3/ark:/12148/bd6t5693602/manifest.json'
For more information check: https://developer.mozilla.org/en-US/docs/Web/HTTP/Status/403",2026-07-17T21:27:06.996145
figaro1854,bd6t569361d,,failed,0,0,,http_manifest,known,403,manifest,"Client error '403 ' for url 'https://openapiproext.bnf.fr/iiif/presentation/v3/ark:/12148/bd6t569361d/manifest.json'
For more information check: https://developer.mozilla.org/en-US/docs/Web/HTTP/Status/403",2026-07-17T21:27:07.746832
figaro1854,bd6t569362r,,failed,0,0,,http_manifest,known,403,manifest,"Client error '403 ' for url 'https://openapiproext.bnf.fr/iiif/presentation/v3/ark:/12148/bd6t569362r/manifest.json'
For more information check: https://developer.mozilla.org/en-US/docs/Web/HTTP/Status/403",2026-07-17T21:27:08.952102
figaro1854,bd6t5727015,,failed,0,0,,http_manifest,known,403,manifest,"Client error '403 ' for url 'https://openapiproext.bnf.fr/iiif/presentation/v3/ark:/12148/bd6t5727015/manifest.json'
For more information check: https://developer.mozilla.org/en-US/docs/Web/HTTP/Status/403",2026-07-17T21:27:10.148467
figaro1854,bd6t572702h,,failed,0,0,,http_manifest,known,403,manifest,"Client error '403 ' for url 'https://openapiproext.bnf.fr/iiif/presentation/v3/ark:/12148/bd6t572702h/manifest.json'
For more information check: https://developer.mozilla.org/en-US/docs/Web/HTTP/Status/403",2026-07-17T21:27:11.353088
figaro1854,bd6t572703v,,failed,0,0,,http_manifest,known,403,manifest,"Client error '403 ' for url 'https://openapiproext.bnf.fr/iiif/presentation/v3/ark:/12148/bd6t572703v/manifest.json'
For more information check: https://developer.mozilla.org/en-US/docs/Web/HTTP/Status/403",2026-07-17T21:27:12.573710
figaro1854,bd6t5727046,,failed,0,0,,http_manifest,known,403,manifest,"Client error '403 ' for url 'https://openapiproext.bnf.fr/iiif/presentation/v3/ark:/12148/bd6t5727046/manifest.json'
For more information check: https://developer.mozilla.org/en-US/docs/Web/HTTP/Status/403",2026-07-17T21:27:13.755039
figaro1854,bd6t572705j,,failed,0,0,,http_manifest,known,403,manifest,"Client error '403 ' for url 'https://openapiproext.bnf.fr/iiif/presentation/v3/ark:/12148/bd6t572705j/manifest.json'
For more information check: https://developer.mozilla.org/en-US/docs/Web/HTTP/Status/403",2026-07-17T21:27:14.954707
figaro1854,bd6t572706w,,failed,0,0,,http_manifest,known,403,manifest,"Client error '403 ' for url 'https://openapiproext.bnf.fr/iiif/presentation/v3/ark:/12148/bd6t572706w/manifest.json'
For more information check: https://developer.mozilla.org/en-US/docs/Web/HTTP/Status/403",2026-07-17T21:27:16.161853
figaro1854,bd6t5727077,,failed,0,0,,http_manifest,known,403,manifest,"Client error '403 ' for url 'https://openapiproext.bnf.fr/iiif/presentation/v3/ark:/12148/bd6t5727077/manifest.json'
For more information check: https://developer.mozilla.org/en-US/docs/Web/HTTP/Status/403",2026-07-17T21:27:17.358762
figaro1854,bd6t572708k,,failed,0,0,,http_manifest,known,403,manifest,"Client error '403 ' for url 'https://openapiproext.bnf.fr/iiif/presentation/v3/ark:/12148/bd6t572708k/manifest.json'
For more information check: https://developer.mozilla.org/en-US/docs/Web/HTTP/Status/403",2026-07-17T21:27:18.558705
figaro1854,bd6t572709x,,failed,0,0,,http_manifest,known,403,manifest,"Client error '403 ' for url 'https://openapiproext.bnf.fr/iiif/presentation/v3/ark:/12148/bd6t572709x/manifest.json'
For more information check: https://developer.mozilla.org/en-US/docs/Web/HTTP/Status/403",2026-07-17T21:27:19.758500
figaro1854,bd6t5727104,,failed,0,0,,http_manifest,known,403,manifest,"Client error '403 ' for url 'https://openapiproext.bnf.fr/iiif/presentation/v3/ark:/12148/bd6t5727104/manifest.json'
For more information check: https://developer.mozilla.org/en-US/docs/Web/HTTP/Status/403",2026-07-17T21:27:20.964684
figaro1854,bd6t572711g,,failed,0,0,,http_manifest,known,403,manifest,"Client error '403 ' for url 'https://openapiproext.bnf.fr/iiif/presentation/v3/ark:/12148/bd6t572711g/manifest.json'
For more information check: https://developer.mozilla.org/en-US/docs/Web/HTTP/Status/403",2026-07-17T21:27:22.161389
figaro1854,bd6t572712t,,failed,0,0,,http_manifest,known,403,manifest,"Client error '403 ' for url 'https://openapiproext.bnf.fr/iiif/presentation/v3/ark:/12148/bd6t572712t/manifest.json'
For more information check: https://developer.mozilla.org/en-US/docs/Web/HTTP/Status/403",2026-07-17T21:27:23.362335
figaro1854,bd6t5727135,,failed,0,0,,http_manifest,known,403,manifest,"Client error '403 ' for url 'https://openapiproext.bnf.fr/iiif/presentation/v3/ark:/12148/bd6t5727135/manifest.json'
For more information check: https://developer.mozilla.org/en-US/docs/Web/HTTP/Status/403",2026-07-17T21:27:24.590574
figaro1854,bd6t572714h,,failed,0,0,,http_manifest,known,403,manifest,"Client error '403 ' for url 'https://openapiproext.bnf.fr/iiif/presentation/v3/ark:/12148/bd6t572714h/manifest.json'
For more information check: https://developer.mozilla.org/en-US/docs/Web/HTTP/Status/403",2026-07-17T21:27:25.764365
figaro1854,bd6t572715v,,failed,0,0,,http_manifest,known,403,manifest,"Client error '403 ' for url 'https://openapiproext.bnf.fr/iiif/presentation/v3/ark:/12148/bd6t572715v/manifest.json'
For more information check: https://developer.mozilla.org/en-US/docs/Web/HTTP/Status/403",2026-07-17T21:27:26.967668
figaro1854,bd6t5727166,,failed,0,0,,http_manifest,known,403,manifest,"Client error '403 ' for url 'https://openapiproext.bnf.fr/iiif/presentation/v3/ark:/12148/bd6t5727166/manifest.json'
For more information check: https://developer.mozilla.org/en-US/docs/Web/HTTP/Status/403",2026-07-17T21:27:28.169156
figaro1854,bd6t572717j,,failed,0,0,,http_manifest,known,403,manifest,"Client error '403 ' for url 'https://openapiproext.bnf.fr/iiif/presentation/v3/ark:/12148/bd6t572717j/manifest.json'
For more information check: https://developer.mozilla.org/en-US/docs/Web/HTTP/Status/403",2026-07-17T21:27:29.377499
figaro1854,bd6t572718w,,failed,0,0,,http_manifest,known,403,manifest,"Client error '403 ' for url 'https://openapiproext.bnf.fr/iiif/presentation/v3/ark:/12148/bd6t572718w/manifest.json'
For more information check: https://developer.mozilla.org/en-US/docs/Web/HTTP/Status/403",2026-07-17T21:27:30.588111
figaro1854,bd6t5727197,,failed,0,0,,http_manifest,known,403,manifest,"Client error '403 ' for url 'https://openapiproext.bnf.fr/iiif/presentation/v3/ark:/12148/bd6t5727197/manifest.json'
For more information check: https://developer.mozilla.org/en-US/docs/Web/HTTP/Status/403",2026-07-17T21:27:31.776670
figaro1854,bd6t572720f,,failed,0,0,,http_manifest,known,403,manifest,"Client error '403 ' for url 'https://openapiproext.bnf.fr/iiif/presentation/v3/ark:/12148/bd6t572720f/manifest.json'
For more information check: https://developer.mozilla.org/en-US/docs/Web/HTTP/Status/403",2026-07-17T21:27:32.984510
figaro1854,bd6t572721s,,failed,0,0,,http_manifest,known,403,manifest,"Client error '403 ' for url 'https://openapiproext.bnf.fr/iiif/presentation/v3/ark:/12148/bd6t572721s/manifest.json'
For more information check: https://developer.mozilla.org/en-US/docs/Web/HTTP/Status/403",2026-07-17T21:27:34.174890
figaro1854,bd6t5727224,,failed,0,0,,http_manifest,known,403,manifest,"Client error '403 ' for url 'https://openapiproext.bnf.fr/iiif/presentation/v3/ark:/12148/bd6t5727224/manifest.json'
For more information check: https://developer.mozilla.org/en-US/docs/Web/HTTP/Status/403",2026-07-17T21:27:35.376381
figaro1854,bd6t572723g,,failed,0,0,,http_manifest,known,403,manifest,"Client error '403 ' for url 'https://openapiproext.bnf.fr/iiif/presentation/v3/ark:/12148/bd6t572723g/manifest.json'
For more information check: https://developer.mozilla.org/en-US/docs/Web/HTTP/Status/403",2026-07-17T21:27:36.578244
figaro1854,bd6t572724t,,failed,0,0,,http_manifest,known,403,manifest,"Client error '403 ' for url 'https://openapiproext.bnf.fr/iiif/presentation/v3/ark:/12148/bd6t572724t/manifest.json'
For more information check: https://developer.mozilla.org/en-US/docs/Web/HTTP/Status/403",2026-07-17T21:27:37.780827
figaro1854,bd6t5727255,,failed,0,0,,http_manifest,known,403,manifest,"Client error '403 ' for url 'https://openapiproext.bnf.fr/iiif/presentation/v3/ark:/12148/bd6t5727255/manifest.json'
For more information check: https://developer.mozilla.org/en-US/docs/Web/HTTP/Status/403",2026-07-17T21:27:38.981129
figaro1854,bd6t572726h,,failed,0,0,,http_manifest,known,403,manifest,"Client error '403 ' for url 'https://openapiproext.bnf.fr/iiif/presentation/v3/ark:/12148/bd6t572726h/manifest.json'
For more information check: https://developer.mozilla.org/en-US/docs/Web/HTTP/Status/403",2026-07-17T21:27:40.181903
figaro1854,bd6t572727v,,failed,0,0,,http_manifest,known,403,manifest,"Client error '403 ' for url 'https://openapiproext.bnf.fr/iiif/presentation/v3/ark:/12148/bd6t572727v/manifest.json'
For more information check: https://developer.mozilla.org/en-US/docs/Web/HTTP/Status/403",2026-07-17T21:27:41.385896
figaro1854,bd6t5727286,,failed,0,0,,http_manifest,known,403,manifest,"Client error '403 ' for url 'https://openapiproext.bnf.fr/iiif/presentation/v3/ark:/12148/bd6t5727286/manifest.json'
For more information check: https://developer.mozilla.org/en-US/docs/Web/HTTP/Status/403",2026-07-17T21:27:42.610099
figaro1854,bd6t572729j,,failed,0,0,,http_manifest,known,403,manifest,"Client error '403 ' for url 'https://openapiproext.bnf.fr/iiif/presentation/v3/ark:/12148/bd6t572729j/manifest.json'
For more information check: https://developer.mozilla.org/en-US/docs/Web/HTTP/Status/403",2026-07-17T21:27:43.788434
figaro1854,bd6t572730r,,failed,0,0,,http_manifest,known,403,manifest,"Client error '403 ' for url 'https://openapiproext.bnf.fr/iiif/presentation/v3/ark:/12148/bd6t572730r/manifest.json'
For more information check: https://developer.mozilla.org/en-US/docs/Web/HTTP/Status/403",2026-07-17T21:27:44.988683
figaro1854,bd6t5727313,,failed,0,0,,http_manifest,known,403,manifest,"Client error '403 ' for url 'https://openapiproext.bnf.fr/iiif/presentation/v3/ark:/12148/bd6t5727313/manifest.json'
For more information check: https://developer.mozilla.org/en-US/docs/Web/HTTP/Status/403",2026-07-17T21:27:46.190673
figaro1854,bd6t572732f,,failed,0,0,,http_manifest,known,403,manifest,"Client error '403 ' for url 'https://openapiproext.bnf.fr/iiif/presentation/v3/ark:/12148/bd6t572732f/manifest.json'
For more information check: https://developer.mozilla.org/en-US/docs/Web/HTTP/Status/403",2026-07-17T21:27:47.394342
figaro1854,bd6t572733s,,failed,0,0,,http_manifest,known,403,manifest,"Client error '403 ' for url 'https://openapiproext.bnf.fr/iiif/presentation/v3/ark:/12148/bd6t572733s/manifest.json'
For more information check: https://developer.mozilla.org/en-US/docs/Web/HTTP/Status/403",2026-07-17T21:27:48.594045
figaro1854,bd6t5727344,,failed,0,0,,http_manifest,known,403,manifest,"Client error '403 ' for url 'https://openapiproext.bnf.fr/iiif/presentation/v3/ark:/12148/bd6t5727344/manifest.json'
For more information check: https://developer.mozilla.org/en-US/docs/Web/HTTP/Status/403",2026-07-17T21:27:49.794991
figaro1854,bd6t572735g,,failed,0,0,,http_manifest,known,403,manifest,"Client error '403 ' for url 'https://openapiproext.bnf.fr/iiif/presentation/v3/ark:/12148/bd6t572735g/manifest.json'
For more information check: https://developer.mozilla.org/en-US/docs/Web/HTTP/Status/403",2026-07-17T21:27:50.997709
figaro1854,bd6t572736t,,failed,0,0,,http_manifest,known,403,manifest,"Client error '403 ' for url 'https://openapiproext.bnf.fr/iiif/presentation/v3/ark:/12148/bd6t572736t/manifest.json'
For more information check: https://developer.mozilla.org/en-US/docs/Web/HTTP/Status/403",2026-07-17T21:27:52.202116
figaro1854,bd6t5727375,,failed,0,0,,http_manifest,known,403,manifest,"Client error '403 ' for url 'https://openapiproext.bnf.fr/iiif/presentation/v3/ark:/12148/bd6t5727375/manifest.json'
For more information check: https://developer.mozilla.org/en-US/docs/Web/HTTP/Status/403",2026-07-17T21:27:53.399572
figaro1854,bd6t572738h,,failed,0,0,,http_manifest,known,403,manifest,"Client error '403 ' for url 'https://openapiproext.bnf.fr/iiif/presentation/v3/ark:/12148/bd6t572738h/manifest.json'
For more information check: https://developer.mozilla.org/en-US/docs/Web/HTTP/Status/403",2026-07-17T21:27:54.621569
figaro1854,bd6t572739v,,failed,0,0,,http_manifest,known,403,manifest,"Client error '403 ' for url 'https://openapiproext.bnf.fr/iiif/presentation/v3/ark:/12148/bd6t572739v/manifest.json'
For more information check: https://developer.mozilla.org/en-US/docs/Web/HTTP/Status/403",2026-07-17T21:27:55.804029
figaro1854,bd6t5727402,,failed,0,0,,http_manifest,known,403,manifest,"Client error '403 ' for url 'https://openapiproext.bnf.fr/iiif/presentation/v3/ark:/12148/bd6t5727402/manifest.json'
For more information check: https://developer.mozilla.org/en-US/docs/Web/HTTP/Status/403",2026-07-17T21:27:57.008524
figaro1854,bd6t572741d,,failed,0,0,,http_manifest,known,403,manifest,"Client error '403 ' for url 'https://openapiproext.bnf.fr/iiif/presentation/v3/ark:/12148/bd6t572741d/manifest.json'
For more information check: https://developer.mozilla.org/en-US/docs/Web/HTTP/Status/403",2026-07-17T21:27:58.205578
figaro1854,bd6t572742r,,failed,0,0,,http_manifest,known,403,manifest,"Client error '403 ' for url 'https://openapiproext.bnf.fr/iiif/presentation/v3/ark:/12148/bd6t572742r/manifest.json'
For more information check: https://developer.mozilla.org/en-US/docs/Web/HTTP/Status/403",2026-07-17T21:27:59.410466
figaro1854,bd6t5727433,,failed,0,0,,http_manifest,known,403,manifest,"Client error '403 ' for url 'https://openapiproext.bnf.fr/iiif/presentation/v3/ark:/12148/bd6t5727433/manifest.json'
For more information check: https://developer.mozilla.org/en-US/docs/Web/HTTP/Status/403",2026-07-17T21:28:00.637076
figaro1854,bd6t572744f,,failed,0,0,,http_manifest,known,403,manifest,"Client error '403 ' for url 'https://openapiproext.bnf.fr/iiif/presentation/v3/ark:/12148/bd6t572744f/manifest.json'
For more information check: https://developer.mozilla.org/en-US/docs/Web/HTTP/Status/403",2026-07-17T21:28:02.032707
figaro1854,bd6t572745s,,failed,0,0,,http_manifest,known,403,manifest,"Client error '403 ' for url 'https://openapiproext.bnf.fr/iiif/presentation/v3/ark:/12148/bd6t572745s/manifest.json'
For more information check: https://developer.mozilla.org/en-US/docs/Web/HTTP/Status/403",2026-07-17T21:28:03.017226
figaro1854,bd6t5727464,,failed,0,0,,http_manifest,known,403,manifest,"Client error '403 ' for url 'https://openapiproext.bnf.fr/iiif/presentation/v3/ark:/12148/bd6t5727464/manifest.json'
For more information check: https://developer.mozilla.org/en-US/docs/Web/HTTP/Status/403",2026-07-17T21:28:04.383609
figaro1854,bd6t572747g,,failed,0,0,,http_manifest,known,403,manifest,"Client error '403 ' for url 'https://openapiproext.bnf.fr/iiif/presentation/v3/ark:/12148/bd6t572747g/manifest.json'
For more information check: https://developer.mozilla.org/en-US/docs/Web/HTTP/Status/403",2026-07-17T21:28:05.646965
figaro1854,bd6t572748t,,failed,0,0,,http_manifest,known,403,manifest,"Client error '403 ' for url 'https://openapiproext.bnf.fr/iiif/presentation/v3/ark:/12148/bd6t572748t/manifest.json'
For more information check: https://developer.mozilla.org/en-US/docs/Web/HTTP/Status/403",2026-07-17T21:28:06.851054
figaro1854,bd6t5727495,,failed,0,0,,http_manifest,known,403,manifest,"Client error '403 ' for url 'https://openapiproext.bnf.fr/iiif/presentation/v3/ark:/12148/bd6t5727495/manifest.json'
For more information check: https://developer.mozilla.org/en-US/docs/Web/HTTP/Status/403",2026-07-17T21:28:07.981387
figaro1854,bd6t572750c,,failed,0,0,,http_manifest,known,403,manifest,"Client error '403 ' for url 'https://openapiproext.bnf.fr/iiif/presentation/v3/ark:/12148/bd6t572750c/manifest.json'
For more information check: https://developer.mozilla.org/en-US/docs/Web/HTTP/Status/403",2026-07-17T21:28:09.024995
figaro1854,bd6t572751q,,failed,0,0,,http_manifest,known,403,manifest,"Client error '403 ' for url 'https://openapiproext.bnf.fr/iiif/presentation/v3/ark:/12148/bd6t572751q/manifest.json'
For more information check: https://developer.mozilla.org/en-US/docs/Web/HTTP/Status/403",2026-07-17T21:28:10.225397
figaro1854,bd6t5727522,,failed,0,0,,http_manifest,known,403,manifest,"Client error '403 ' for url 'https://openapiproext.bnf.fr/iiif/presentation/v3/ark:/12148/bd6t5727522/manifest.json'
For more information check: https://developer.mozilla.org/en-US/docs/Web/HTTP/Status/403",2026-07-17T21:28:11.433119
figaro1854,bd6t572753d,,failed,0,0,,http_manifest,known,403,manifest,"Client error '403 ' for url 'https://openapiproext.bnf.fr/iiif/presentation/v3/ark:/12148/bd6t572753d/manifest.json'
For more information check: https://developer.mozilla.org/en-US/docs/Web/HTTP/Status/403",2026-07-17T21:28:12.664545
figaro1854,bd6t572754r,,failed,0,0,,http_manifest,known,403,manifest,"Client error '403 ' for url 'https://openapiproext.bnf.fr/iiif/presentation/v3/ark:/12148/bd6t572754r/manifest.json'
For more information check: https://developer.mozilla.org/en-US/docs/Web/HTTP/Status/403",2026-07-17T21:28:13.832389
figaro1854,bd6t5727553,,failed,0,0,,http_manifest,known,403,manifest,"Client error '403 ' for url 'https://openapiproext.bnf.fr/iiif/presentation/v3/ark:/12148/bd6t5727553/manifest.json'
For more information check: https://developer.mozilla.org/en-US/docs/Web/HTTP/Status/403",2026-07-17T21:28:15.031446
figaro1854,bd6t572756f,,failed,0,0,,http_manifest,known,403,manifest,"Client error '403 ' for url 'https://openapiproext.bnf.fr/iiif/presentation/v3/ark:/12148/bd6t572756f/manifest.json'
For more information check: https://developer.mozilla.org/en-US/docs/Web/HTTP/Status/403",2026-07-17T21:28:16.476661
figaro1854,bd6t572757s,,failed,0,0,,http_manifest,known,403,manifest,"Client error '403 ' for url 'https://openapiproext.bnf.fr/iiif/presentation/v3/ark:/12148/bd6t572757s/manifest.json'
For more information check: https://developer.mozilla.org/en-US/docs/Web/HTTP/Status/403",2026-07-17T21:28:17.434691
figaro1854,bd6t5727584,,failed,0,0,,http_manifest,known,403,manifest,"Client error '403 ' for url 'https://openapiproext.bnf.fr/iiif/presentation/v3/ark:/12148/bd6t5727584/manifest.json'
For more information check: https://developer.mozilla.org/en-US/docs/Web/HTTP/Status/403",2026-07-17T21:28:18.634860
figaro1854,bd6t572759g,,failed,0,0,,http_manifest,known,403,manifest,"Client error '403 ' for url 'https://openapiproext.bnf.fr/iiif/presentation/v3/ark:/12148/bd6t572759g/manifest.json'
For more information check: https://developer.mozilla.org/en-US/docs/Web/HTTP/Status/403",2026-07-17T21:28:19.862943
figaro1854,bd6t572760p,,failed,0,0,,http_manifest,known,403,manifest,"Client error '403 ' for url 'https://openapiproext.bnf.fr/iiif/presentation/v3/ark:/12148/bd6t572760p/manifest.json'
For more information check: https://developer.mozilla.org/en-US/docs/Web/HTTP/Status/403",2026-07-17T21:28:21.038147
figaro1854,bd6t5727611,,failed,0,0,,http_manifest,known,403,manifest,"Client error '403 ' for url 'https://openapiproext.bnf.fr/iiif/presentation/v3/ark:/12148/bd6t5727611/manifest.json'
For more information check: https://developer.mozilla.org/en-US/docs/Web/HTTP/Status/403",2026-07-17T21:28:22.240968
figaro1854,bd6t572762c,,failed,0,0,,http_manifest,known,403,manifest,"Client error '403 ' for url 'https://openapiproext.bnf.fr/iiif/presentation/v3/ark:/12148/bd6t572762c/manifest.json'
For more information check: https://developer.mozilla.org/en-US/docs/Web/HTTP/Status/403",2026-07-17T21:28:23.444061
figaro1854,bd6t572763q,,failed,0,0,,http_manifest,known,403,manifest,"Client error '403 ' for url 'https://openapiproext.bnf.fr/iiif/presentation/v3/ark:/12148/bd6t572763q/manifest.json'
For more information check: https://developer.mozilla.org/en-US/docs/Web/HTTP/Status/403",2026-07-17T21:28:24.648166
figaro1854,bd6t5727642,,failed,0,0,,http_manifest,known,403,manifest,"Client error '403 ' for url 'https://openapiproext.bnf.fr/iiif/presentation/v3/ark:/12148/bd6t5727642/manifest.json'
For more information check: https://developer.mozilla.org/en-US/docs/Web/HTTP/Status/403",2026-07-17T21:28:25.853533
figaro1854,bd6t572765d,,failed,0,0,,http_manifest,known,403,manifest,"Client error '403 ' for url 'https://openapiproext.bnf.fr/iiif/presentation/v3/ark:/12148/bd6t572765d/manifest.json'
For more information check: https://developer.mozilla.org/en-US/docs/Web/HTTP/Status/403",2026-07-17T21:28:27.048073
figaro1854,bd6t572766r,,failed,0,0,,http_manifest,known,403,manifest,"Client error '403 ' for url 'https://openapiproext.bnf.fr/iiif/presentation/v3/ark:/12148/bd6t572766r/manifest.json'
For more information check: https://developer.mozilla.org/en-US/docs/Web/HTTP/Status/403",2026-07-17T21:28:28.244345
figaro1854,bd6t5727673,,failed,0,0,,http_manifest,known,403,manifest,"Client error '403 ' for url 'https://openapiproext.bnf.fr/iiif/presentation/v3/ark:/12148/bd6t5727673/manifest.json'
For more information check: https://developer.mozilla.org/en-US/docs/Web/HTTP/Status/403",2026-07-17T21:28:29.449113
figaro1854,bd6t572768f,,failed,0,0,,http_manifest,known,403,manifest,"Client error '403 ' for url 'https://openapiproext.bnf.fr/iiif/presentation/v3/ark:/12148/bd6t572768f/manifest.json'
For more information check: https://developer.mozilla.org/en-US/docs/Web/HTTP/Status/403",2026-07-17T21:28:30.650259
figaro1854,bd6t572769s,,failed,0,0,,http_manifest,known,403,manifest,"Client error '403 ' for url 'https://openapiproext.bnf.fr/iiif/presentation/v3/ark:/12148/bd6t572769s/manifest.json'
For more information check: https://developer.mozilla.org/en-US/docs/Web/HTTP/Status/403",2026-07-17T21:28:31.880621
figaro1854,bd6t5727700,,failed,0,0,,http_manifest,known,403,manifest,"Client error '403 ' for url 'https://openapiproext.bnf.fr/iiif/presentation/v3/ark:/12148/bd6t5727700/manifest.json'
For more information check: https://developer.mozilla.org/en-US/docs/Web/HTTP/Status/403",2026-07-17T21:28:33.053464
figaro1854,bd6t572771b,,failed,0,0,,http_manifest,known,403,manifest,"Client error '403 ' for url 'https://openapiproext.bnf.fr/iiif/presentation/v3/ark:/12148/bd6t572771b/manifest.json'
For more information check: https://developer.mozilla.org/en-US/docs/Web/HTTP/Status/403",2026-07-17T21:28:34.254517
figaro1854,bd6t572772p,,failed,0,0,,http_manifest,known,403,manifest,"Client error '403 ' for url 'https://openapiproext.bnf.fr/iiif/presentation/v3/ark:/12148/bd6t572772p/manifest.json'
For more information check: https://developer.mozilla.org/en-US/docs/Web/HTTP/Status/403",2026-07-17T21:28:35.457746
figaro1854,bd6t5727731,,failed,0,0,,http_manifest,known,403,manifest,"Client error '403 ' for url 'https://openapiproext.bnf.fr/iiif/presentation/v3/ark:/12148/bd6t5727731/manifest.json'
For more information check: https://developer.mozilla.org/en-US/docs/Web/HTTP/Status/403",2026-07-17T21:28:36.654841
figaro1854,bd6t572774c,,failed,0,0,,http_manifest,known,403,manifest,"Client error '403 ' for url 'https://openapiproext.bnf.fr/iiif/presentation/v3/ark:/12148/bd6t572774c/manifest.json'
For more information check: https://developer.mozilla.org/en-US/docs/Web/HTTP/Status/403",2026-07-17T21:28:37.894709
figaro1854,bd6t572775q,,failed,0,0,,http_manifest,known,403,manifest,"Client error '403 ' for url 'https://openapiproext.bnf.fr/iiif/presentation/v3/ark:/12148/bd6t572775q/manifest.json'
For more information check: https://developer.mozilla.org/en-US/docs/Web/HTTP/Status/403",2026-07-17T21:28:39.061684
figaro1854,bd6t5727762,,failed,0,0,,http_manifest,known,403,manifest,"Client error '403 ' for url 'https://openapiproext.bnf.fr/iiif/presentation/v3/ark:/12148/bd6t5727762/manifest.json'
For more information check: https://developer.mozilla.org/en-US/docs/Web/HTTP/Status/403",2026-07-17T21:28:40.265096
figaro1854,bd6t572777d,,failed,0,0,,http_manifest,known,403,manifest,"Client error '403 ' for url 'https://openapiproext.bnf.fr/iiif/presentation/v3/ark:/12148/bd6t572777d/manifest.json'
For more information check: https://developer.mozilla.org/en-US/docs/Web/HTTP/Status/403",2026-07-17T21:28:41.464245
figaro1854,bd6t572778r,,failed,0,0,,http_manifest,known,403,manifest,"Client error '403 ' for url 'https://openapiproext.bnf.fr/iiif/presentation/v3/ark:/12148/bd6t572778r/manifest.json'
For more information check: https://developer.mozilla.org/en-US/docs/Web/HTTP/Status/403",2026-07-17T21:28:42.668994
figaro1854,bd6t5727793,,failed,0,0,,http_manifest,known,403,manifest,"Client error '403 ' for url 'https://openapiproext.bnf.fr/iiif/presentation/v3/ark:/12148/bd6t5727793/manifest.json'
For more information check: https://developer.mozilla.org/en-US/docs/Web/HTTP/Status/403",2026-07-17T21:28:43.872179
figaro1854,bd6t5727809,,failed,0,0,,http_manifest,known,403,manifest,"Client error '403 ' for url 'https://openapiproext.bnf.fr/iiif/presentation/v3/ark:/12148/bd6t5727809/manifest.json'
For more information check: https://developer.mozilla.org/en-US/docs/Web/HTTP/Status/403",2026-07-17T21:28:45.069508
figaro1854,bd6t572781n,,failed,0,0,,http_manifest,known,403,manifest,"Client error '403 ' for url 'https://openapiproext.bnf.fr/iiif/presentation/v3/ark:/12148/bd6t572781n/manifest.json'
For more information check: https://developer.mozilla.org/en-US/docs/Web/HTTP/Status/403",2026-07-17T21:28:46.270825
figaro1854,bd6t5727820,,failed,0,0,,http_manifest,known,403,manifest,"Client error '403 ' for url 'https://openapiproext.bnf.fr/iiif/presentation/v3/ark:/12148/bd6t5727820/manifest.json'
For more information check: https://developer.mozilla.org/en-US/docs/Web/HTTP/Status/403",2026-07-17T21:28:47.472048
figaro1854,bd6t572783b,,failed,0,0,,http_manifest,known,403,manifest,"Client error '403 ' for url 'https://openapiproext.bnf.fr/iiif/presentation/v3/ark:/12148/bd6t572783b/manifest.json'
For more information check: https://developer.mozilla.org/en-US/docs/Web/HTTP/Status/403",2026-07-17T21:28:48.674490
figaro1854,bd6t572784p,,failed,0,0,,http_manifest,known,403,manifest,"Client error '403 ' for url 'https://openapiproext.bnf.fr/iiif/presentation/v3/ark:/12148/bd6t572784p/manifest.json'
For more information check: https://developer.mozilla.org/en-US/docs/Web/HTTP/Status/403",2026-07-17T21:28:49.895080
figaro1854,bd6t5727851,,failed,0,0,,http_manifest,known,403,manifest,"Client error '403 ' for url 'https://openapiproext.bnf.fr/iiif/presentation/v3/ark:/12148/bd6t5727851/manifest.json'
For more information check: https://developer.mozilla.org/en-US/docs/Web/HTTP/Status/403",2026-07-17T21:28:51.078592
figaro1854,bd6t572786c,,failed,0,0,,http_manifest,known,403,manifest,"Client error '403 ' for url 'https://openapiproext.bnf.fr/iiif/presentation/v3/ark:/12148/bd6t572786c/manifest.json'
For more information check: https://developer.mozilla.org/en-US/docs/Web/HTTP/Status/403",2026-07-17T21:28:52.282927
figaro1854,bd6t572787q,,failed,0,0,,http_manifest,known,403,manifest,"Client error '403 ' for url 'https://openapiproext.bnf.fr/iiif/presentation/v3/ark:/12148/bd6t572787q/manifest.json'
For more information check: https://developer.mozilla.org/en-US/docs/Web/HTTP/Status/403",2026-07-17T21:28:53.481618
figaro1854,bd6t5727882,,failed,0,0,,http_manifest,known,403,manifest,"Client error '403 ' for url 'https://openapiproext.bnf.fr/iiif/presentation/v3/ark:/12148/bd6t5727882/manifest.json'
For more information check: https://developer.mozilla.org/en-US/docs/Web/HTTP/Status/403",2026-07-17T21:28:54.682176
figaro1854,bd6t572789d,,failed,0,0,,http_manifest,known,403,manifest,"Client error '403 ' for url 'https://openapiproext.bnf.fr/iiif/presentation/v3/ark:/12148/bd6t572789d/manifest.json'
For more information check: https://developer.mozilla.org/en-US/docs/Web/HTTP/Status/403",2026-07-17T21:28:55.885754
figaro1854,bd6t572790m,,failed,0,0,,http_manifest,known,403,manifest,"Client error '403 ' for url 'https://openapiproext.bnf.fr/iiif/presentation/v3/ark:/12148/bd6t572790m/manifest.json'
For more information check: https://developer.mozilla.org/en-US/docs/Web/HTTP/Status/403",2026-07-17T21:28:57.091933
figaro1854,bd6t572791z,,failed,0,0,,http_manifest,known,403,manifest,"Client error '403 ' for url 'https://openapiproext.bnf.fr/iiif/presentation/v3/ark:/12148/bd6t572791z/manifest.json'
For more information check: https://developer.mozilla.org/en-US/docs/Web/HTTP/Status/403",2026-07-17T21:28:58.515289
figaro1854,bd6t5727929,,failed,0,0,,http_manifest,known,403,manifest,"Client error '403 ' for url 'https://openapiproext.bnf.fr/iiif/presentation/v3/ark:/12148/bd6t5727929/manifest.json'
For more information check: https://developer.mozilla.org/en-US/docs/Web/HTTP/Status/403",2026-07-17T21:28:59.694064
figaro1854,bd6t572793n,,failed,0,0,,http_manifest,known,403,manifest,"Client error '403 ' for url 'https://openapiproext.bnf.fr/iiif/presentation/v3/ark:/12148/bd6t572793n/manifest.json'
For more information check: https://developer.mozilla.org/en-US/docs/Web/HTTP/Status/403",2026-07-17T21:29:00.802696
figaro1854,bd6t5727940,,failed,0,0,,http_manifest,known,403,manifest,"Client error '403 ' for url 'https://openapiproext.bnf.fr/iiif/presentation/v3/ark:/12148/bd6t5727940/manifest.json'
For more information check: https://developer.mozilla.org/en-US/docs/Web/HTTP/Status/403",2026-07-17T21:29:02.243176
figaro1854,bd6t572795b,,failed,0,0,,http_manifest,known,403,manifest,"Client error '403 ' for url 'https://openapiproext.bnf.fr/iiif/presentation/v3/ark:/12148/bd6t572795b/manifest.json'
For more information check: https://developer.mozilla.org/en-US/docs/Web/HTTP/Status/403",2026-07-17T21:29:03.097880
figaro1854,bd6t572796p,,failed,0,0,,http_manifest,known,403,manifest,"Client error '403 ' for url 'https://openapiproext.bnf.fr/iiif/presentation/v3/ark:/12148/bd6t572796p/manifest.json'
For more information check: https://developer.mozilla.org/en-US/docs/Web/HTTP/Status/403",2026-07-17T21:29:04.427160
figaro1854,bd6t5727971,,failed,0,0,,http_manifest,known,403,manifest,"Client error '403 ' for url 'https://openapiproext.bnf.fr/iiif/presentation/v3/ark:/12148/bd6t5727971/manifest.json'
For more information check: https://developer.mozilla.org/en-US/docs/Web/HTTP/Status/403",2026-07-17T21:29:05.784653
figaro1854,bd6t572798c,,failed,0,0,,http_manifest,known,403,manifest,"Client error '403 ' for url 'https://openapiproext.bnf.fr/iiif/presentation/v3/ark:/12148/bd6t572798c/manifest.json'
For more information check: https://developer.mozilla.org/en-US/docs/Web/HTTP/Status/403",2026-07-17T21:29:06.792753
figaro1854,bd6t572799q,,failed,0,0,,http_manifest,known,403,manifest,"Client error '403 ' for url 'https://openapiproext.bnf.fr/iiif/presentation/v3/ark:/12148/bd6t572799q/manifest.json'
For more information check: https://developer.mozilla.org/en-US/docs/Web/HTTP/Status/403",2026-07-17T21:29:07.928084
figaro1854,bd6t5728003,,failed,0,0,,http_manifest,known,403,manifest,"Client error '403 ' for url 'https://openapiproext.bnf.fr/iiif/presentation/v3/ark:/12148/bd6t5728003/manifest.json'
For more information check: https://developer.mozilla.org/en-US/docs/Web/HTTP/Status/403",2026-07-17T21:29:09.107396
figaro1854,bd6t572801f,,failed,0,0,,http_manifest,known,403,manifest,"Client error '403 ' for url 'https://openapiproext.bnf.fr/iiif/presentation/v3/ark:/12148/bd6t572801f/manifest.json'
For more information check: https://developer.mozilla.org/en-US/docs/Web/HTTP/Status/403",2026-07-17T21:29:10.306680
figaro1854,bd6t572802s,,failed,0,0,,http_manifest,known,403,manifest,"Client error '403 ' for url 'https://openapiproext.bnf.fr/iiif/presentation/v3/ark:/12148/bd6t572802s/manifest.json'
For more information check: https://developer.mozilla.org/en-US/docs/Web/HTTP/Status/403",2026-07-17T21:29:11.509486
figaro1854,bd6t5728034,,failed,0,0,,http_manifest,known,403,manifest,"Client error '403 ' for url 'https://openapiproext.bnf.fr/iiif/presentation/v3/ark:/12148/bd6t5728034/manifest.json'
For more information check: https://developer.mozilla.org/en-US/docs/Web/HTTP/Status/403",2026-07-17T21:29:12.713279
figaro1854,bd6t572804g,,failed,0,0,,http_manifest,known,403,manifest,"Client error '403 ' for url 'https://openapiproext.bnf.fr/iiif/presentation/v3/ark:/12148/bd6t572804g/manifest.json'
For more information check: https://developer.mozilla.org/en-US/docs/Web/HTTP/Status/403",2026-07-17T21:29:13.913083
figaro1854,bd6t572805t,,failed,0,0,,http_manifest,known,403,manifest,"Client error '403 ' for url 'https://openapiproext.bnf.fr/iiif/presentation/v3/ark:/12148/bd6t572805t/manifest.json'
For more information check: https://developer.mozilla.org/en-US/docs/Web/HTTP/Status/403",2026-07-17T21:29:15.115777
figaro1854,bd6t572309t,,failed,0,0,,http_manifest,known,403,manifest,"Client error '403 ' for url 'https://openapiproext.bnf.fr/iiif/presentation/v3/ark:/12148/bd6t572309t/manifest.json'
For more information check: https://developer.mozilla.org/en-US/docs/Web/HTTP/Status/403",2026-07-17T21:29:16.313676
figaro1854,bd6t5723101,,failed,0,0,,http_manifest,known,403,manifest,"Client error '403 ' for url 'https://openapiproext.bnf.fr/iiif/presentation/v3/ark:/12148/bd6t5723101/manifest.json'
For more information check: https://developer.mozilla.org/en-US/docs/Web/HTTP/Status/403",2026-07-17T21:29:17.514639
figaro1854,bd6t572311c,,failed,0,0,,http_manifest,known,403,manifest,"Client error '403 ' for url 'https://openapiproext.bnf.fr/iiif/presentation/v3/ark:/12148/bd6t572311c/manifest.json'
For more information check: https://developer.mozilla.org/en-US/docs/Web/HTTP/Status/403",2026-07-17T21:29:18.724941
figaro1854,bd6t572312q,,failed,0,0,,http_manifest,known,403,manifest,"Client error '403 ' for url 'https://openapiproext.bnf.fr/iiif/presentation/v3/ark:/12148/bd6t572312q/manifest.json'
For more information check: https://developer.mozilla.org/en-US/docs/Web/HTTP/Status/403",2026-07-17T21:29:19.954685
figaro1854,bd6t5723132,,failed,0,0,,http_manifest,known,403,manifest,"Client error '403 ' for url 'https://openapiproext.bnf.fr/iiif/presentation/v3/ark:/12148/bd6t5723132/manifest.json'
For more information check: https://developer.mozilla.org/en-US/docs/Web/HTTP/Status/403",2026-07-17T21:29:21.119428
figaro1854,bd6t572314d,,failed,0,0,,http_manifest,known,403,manifest,"Client error '403 ' for url 'https://openapiproext.bnf.fr/iiif/presentation/v3/ark:/12148/bd6t572314d/manifest.json'
For more information check: https://developer.mozilla.org/en-US/docs/Web/HTTP/Status/403",2026-07-17T21:29:22.320375
figaro1854,bd6t572315r,,failed,0,0,,http_manifest,known,403,manifest,"Client error '403 ' for url 'https://openapiproext.bnf.fr/iiif/presentation/v3/ark:/12148/bd6t572315r/manifest.json'
For more information check: https://developer.mozilla.org/en-US/docs/Web/HTTP/Status/403",2026-07-17T21:29:23.522910
figaro1854,bd6t5723163,,failed,0,0,,http_manifest,known,403,manifest,"Client error '403 ' for url 'https://openapiproext.bnf.fr/iiif/presentation/v3/ark:/12148/bd6t5723163/manifest.json'
For more information check: https://developer.mozilla.org/en-US/docs/Web/HTTP/Status/403",2026-07-17T21:29:24.722353
figaro1854,bd6t572317f,,failed,0,0,,http_manifest,known,403,manifest,"Client error '403 ' for url 'https://openapiproext.bnf.fr/iiif/presentation/v3/ark:/12148/bd6t572317f/manifest.json'
For more information check: https://developer.mozilla.org/en-US/docs/Web/HTTP/Status/403",2026-07-17T21:29:25.928034
figaro1854,bd6t572318s,,failed,0,0,,http_manifest,known,403,manifest,"Client error '403 ' for url 'https://openapiproext.bnf.fr/iiif/presentation/v3/ark:/12148/bd6t572318s/manifest.json'
For more information check: https://developer.mozilla.org/en-US/docs/Web/HTTP/Status/403",2026-07-17T21:29:27.127304
figaro1854,bd6t5723194,,failed,0,0,,http_manifest,known,403,manifest,"Client error '403 ' for url 'https://openapiproext.bnf.fr/iiif/presentation/v3/ark:/12148/bd6t5723194/manifest.json'
For more information check: https://developer.mozilla.org/en-US/docs/Web/HTTP/Status/403",2026-07-17T21:29:28.328808
figaro1854,bd6t572320b,,failed,0,0,,http_manifest,known,403,manifest,"Client error '403 ' for url 'https://openapiproext.bnf.fr/iiif/presentation/v3/ark:/12148/bd6t572320b/manifest.json'
For more information check: https://developer.mozilla.org/en-US/docs/Web/HTTP/Status/403",2026-07-17T21:29:29.533629
figaro1854,bd6t572321p,,failed,0,0,,http_manifest,known,403,manifest,"Client error '403 ' for url 'https://openapiproext.bnf.fr/iiif/presentation/v3/ark:/12148/bd6t572321p/manifest.json'
For more information check: https://developer.mozilla.org/en-US/docs/Web/HTTP/Status/403",2026-07-17T21:29:30.736477
figaro1854,bd6t5723221,,failed,0,0,,http_manifest,known,403,manifest,"Client error '403 ' for url 'https://openapiproext.bnf.fr/iiif/presentation/v3/ark:/12148/bd6t5723221/manifest.json'
For more information check: https://developer.mozilla.org/en-US/docs/Web/HTTP/Status/403",2026-07-17T21:29:31.960291
figaro1854,bd6t572323c,,failed,0,0,,http_manifest,known,403,manifest,"Client error '403 ' for url 'https://openapiproext.bnf.fr/iiif/presentation/v3/ark:/12148/bd6t572323c/manifest.json'
For more information check: https://developer.mozilla.org/en-US/docs/Web/HTTP/Status/403",2026-07-17T21:29:33.137247
figaro1854,bd6t572324q,,failed,0,0,,http_manifest,known,403,manifest,"Client error '403 ' for url 'https://openapiproext.bnf.fr/iiif/presentation/v3/ark:/12148/bd6t572324q/manifest.json'
For more information check: https://developer.mozilla.org/en-US/docs/Web/HTTP/Status/403",2026-07-17T21:29:34.341479
figaro1854,bd6t5723252,,failed,0,0,,http_manifest,known,403,manifest,"Client error '403 ' for url 'https://openapiproext.bnf.fr/iiif/presentation/v3/ark:/12148/bd6t5723252/manifest.json'
For more information check: https://developer.mozilla.org/en-US/docs/Web/HTTP/Status/403",2026-07-17T21:29:35.539364
figaro1854,bd6t572326d,,failed,0,0,,http_manifest,known,403,manifest,"Client error '403 ' for url 'https://openapiproext.bnf.fr/iiif/presentation/v3/ark:/12148/bd6t572326d/manifest.json'
For more information check: https://developer.mozilla.org/en-US/docs/Web/HTTP/Status/403",2026-07-17T21:29:36.745135
figaro1854,bd6t572327r,,failed,0,0,,http_manifest,known,403,manifest,"Client error '403 ' for url 'https://openapiproext.bnf.fr/iiif/presentation/v3/ark:/12148/bd6t572327r/manifest.json'
For more information check: https://developer.mozilla.org/en-US/docs/Web/HTTP/Status/403",2026-07-17T21:29:37.971967
figaro1854,bd6t5723283,,failed,0,0,,http_manifest,known,403,manifest,"Client error '403 ' for url 'https://openapiproext.bnf.fr/iiif/presentation/v3/ark:/12148/bd6t5723283/manifest.json'
For more information check: https://developer.mozilla.org/en-US/docs/Web/HTTP/Status/403",2026-07-17T21:29:39.145729
figaro1854,bd6t572329f,,failed,0,0,,http_manifest,known,403,manifest,"Client error '403 ' for url 'https://openapiproext.bnf.fr/iiif/presentation/v3/ark:/12148/bd6t572329f/manifest.json'
For more information check: https://developer.mozilla.org/en-US/docs/Web/HTTP/Status/403",2026-07-17T21:29:40.361693
figaro1854,bd6t572330n,,failed,0,0,,http_manifest,known,403,manifest,"Client error '403 ' for url 'https://openapiproext.bnf.fr/iiif/presentation/v3/ark:/12148/bd6t572330n/manifest.json'
For more information check: https://developer.mozilla.org/en-US/docs/Web/HTTP/Status/403",2026-07-17T21:29:41.546051
figaro1854,bd6t5723310,,failed,0,0,,http_manifest,known,403,manifest,"Client error '403 ' for url 'https://openapiproext.bnf.fr/iiif/presentation/v3/ark:/12148/bd6t5723310/manifest.json'
For more information check: https://developer.mozilla.org/en-US/docs/Web/HTTP/Status/403",2026-07-17T21:29:42.750331
figaro1854,bd6t572333p,,failed,0,0,,http_manifest,known,403,manifest,"Client error '403 ' for url 'https://openapiproext.bnf.fr/iiif/presentation/v3/ark:/12148/bd6t572333p/manifest.json'
For more information check: https://developer.mozilla.org/en-US/docs/Web/HTTP/Status/403",2026-07-17T21:29:43.953547
figaro1854,bd6t572332b,,failed,0,0,,http_manifest,known,403,manifest,"Client error '403 ' for url 'https://openapiproext.bnf.fr/iiif/presentation/v3/ark:/12148/bd6t572332b/manifest.json'
For more information check: https://developer.mozilla.org/en-US/docs/Web/HTTP/Status/403",2026-07-17T21:29:45.156296
figaro1854,bd6t5723341,,failed,0,0,,http_manifest,known,403,manifest,"Client error '403 ' for url 'https://openapiproext.bnf.fr/iiif/presentation/v3/ark:/12148/bd6t5723341/manifest.json'
For more information check: https://developer.mozilla.org/en-US/docs/Web/HTTP/Status/403",2026-07-17T21:29:46.355444
figaro1854,bd6t572335c,,failed,0,0,,http_manifest,known,403,manifest,"Client error '403 ' for url 'https://openapiproext.bnf.fr/iiif/presentation/v3/ark:/12148/bd6t572335c/manifest.json'
For more information check: https://developer.mozilla.org/en-US/docs/Web/HTTP/Status/403",2026-07-17T21:29:47.555934
figaro1854,bd6t572336q,,failed,0,0,,http_manifest,known,403,manifest,"Client error '403 ' for url 'https://openapiproext.bnf.fr/iiif/presentation/v3/ark:/12148/bd6t572336q/manifest.json'
For more information check: https://developer.mozilla.org/en-US/docs/Web/HTTP/Status/403",2026-07-17T21:29:48.756827
figaro1854,bd6t5723372,,failed,0,0,,http_manifest,known,403,manifest,"Client error '403 ' for url 'https://openapiproext.bnf.fr/iiif/presentation/v3/ark:/12148/bd6t5723372/manifest.json'
For more information check: https://developer.mozilla.org/en-US/docs/Web/HTTP/Status/403",2026-07-17T21:29:49.981832
figaro1854,bd6t572338d,,failed,0,0,,http_manifest,known,403,manifest,"Client error '403 ' for url 'https://openapiproext.bnf.fr/iiif/presentation/v3/ark:/12148/bd6t572338d/manifest.json'
For more information check: https://developer.mozilla.org/en-US/docs/Web/HTTP/Status/403",2026-07-17T21:29:51.158896
figaro1854,bd6t572339r,,failed,0,0,,http_manifest,known,403,manifest,"Client error '403 ' for url 'https://openapiproext.bnf.fr/iiif/presentation/v3/ark:/12148/bd6t572339r/manifest.json'
For more information check: https://developer.mozilla.org/en-US/docs/Web/HTTP/Status/403",2026-07-17T21:29:52.361695
figaro1854,bd6t572340z,,failed,0,0,,http_manifest,known,403,manifest,"Client error '403 ' for url 'https://openapiproext.bnf.fr/iiif/presentation/v3/ark:/12148/bd6t572340z/manifest.json'
For more information check: https://developer.mozilla.org/en-US/docs/Web/HTTP/Status/403",2026-07-17T21:29:53.569913
figaro1854,bd6t5723419,,failed,0,0,,http_manifest,known,403,manifest,"Client error '403 ' for url 'https://openapiproext.bnf.fr/iiif/presentation/v3/ark:/12148/bd6t5723419/manifest.json'
For more information check: https://developer.mozilla.org/en-US/docs/Web/HTTP/Status/403",2026-07-17T21:29:54.765051
figaro1854,bd6t572342n,,failed,0,0,,http_manifest,known,403,manifest,"Client error '403 ' for url 'https://openapiproext.bnf.fr/iiif/presentation/v3/ark:/12148/bd6t572342n/manifest.json'
For more information check: https://developer.mozilla.org/en-US/docs/Web/HTTP/Status/403",2026-07-17T21:29:55.968346
figaro1854,bd6t5723430,,failed,0,0,,http_manifest,known,403,manifest,"Client error '403 ' for url 'https://openapiproext.bnf.fr/iiif/presentation/v3/ark:/12148/bd6t5723430/manifest.json'
For more information check: https://developer.mozilla.org/en-US/docs/Web/HTTP/Status/403",2026-07-17T21:29:57.169427
figaro1854,bd6t572344b,,failed,0,0,,http_manifest,known,403,manifest,"Client error '403 ' for url 'https://openapiproext.bnf.fr/iiif/presentation/v3/ark:/12148/bd6t572344b/manifest.json'
For more information check: https://developer.mozilla.org/en-US/docs/Web/HTTP/Status/403",2026-07-17T21:29:58.540254
figaro1854,bd6t572345p,,failed,0,0,,http_manifest,known,403,manifest,"Client error '403 ' for url 'https://openapiproext.bnf.fr/iiif/presentation/v3/ark:/12148/bd6t572345p/manifest.json'
For more information check: https://developer.mozilla.org/en-US/docs/Web/HTTP/Status/403",2026-07-17T21:29:59.627177
figaro1854,bd6t5723461,,failed,0,0,,http_manifest,known,403,manifest,"Client error '403 ' for url 'https://openapiproext.bnf.fr/iiif/presentation/v3/ark:/12148/bd6t5723461/manifest.json'
For more information check: https://developer.mozilla.org/en-US/docs/Web/HTTP/Status/403",2026-07-17T21:30:01.002481
figaro1854,bd6t572347c,,failed,0,0,,http_manifest,known,403,manifest,"Client error '403 ' for url 'https://openapiproext.bnf.fr/iiif/presentation/v3/ark:/12148/bd6t572347c/manifest.json'
For more information check: https://developer.mozilla.org/en-US/docs/Web/HTTP/Status/403",2026-07-17T21:30:02.163946
figaro1854,bd6t572348q,,failed,0,0,,http_manifest,known,403,manifest,"Client error '403 ' for url 'https://openapiproext.bnf.fr/iiif/presentation/v3/ark:/12148/bd6t572348q/manifest.json'
For more information check: https://developer.mozilla.org/en-US/docs/Web/HTTP/Status/403",2026-07-17T21:30:03.179143
figaro1854,bd6t5723492,,failed,0,0,,http_manifest,known,403,manifest,"Client error '403 ' for url 'https://openapiproext.bnf.fr/iiif/presentation/v3/ark:/12148/bd6t5723492/manifest.json'
For more information check: https://developer.mozilla.org/en-US/docs/Web/HTTP/Status/403",2026-07-17T21:30:04.634176
figaro1854,bd6t5723508,,failed,0,0,,http_manifest,known,403,manifest,"Client error '403 ' for url 'https://openapiproext.bnf.fr/iiif/presentation/v3/ark:/12148/bd6t5723508/manifest.json'
For more information check: https://developer.mozilla.org/en-US/docs/Web/HTTP/Status/403",2026-07-17T21:30:05.596204
figaro1854,bd6t572351m,,failed,0,0,,http_manifest,known,403,manifest,"Client error '403 ' for url 'https://openapiproext.bnf.fr/iiif/presentation/v3/ark:/12148/bd6t572351m/manifest.json'
For more information check: https://developer.mozilla.org/en-US/docs/Web/HTTP/Status/403",2026-07-17T21:30:06.895250
figaro1854,bd6t572352z,,failed,0,0,,http_manifest,known,403,manifest,"Client error '403 ' for url 'https://openapiproext.bnf.fr/iiif/presentation/v3/ark:/12148/bd6t572352z/manifest.json'
For more information check: https://developer.mozilla.org/en-US/docs/Web/HTTP/Status/403",2026-07-17T21:30:08.200644
figaro1854,bd6t5723539,,failed,0,0,,http_manifest,known,403,manifest,"Client error '403 ' for url 'https://openapiproext.bnf.fr/iiif/presentation/v3/ark:/12148/bd6t5723539/manifest.json'
For more information check: https://developer.mozilla.org/en-US/docs/Web/HTTP/Status/403",2026-07-17T21:30:09.238423
figaro1854,bd6t572354n,,failed,0,0,,http_manifest,known,403,manifest,"Client error '403 ' for url 'https://openapiproext.bnf.fr/iiif/presentation/v3/ark:/12148/bd6t572354n/manifest.json'
For more information check: https://developer.mozilla.org/en-US/docs/Web/HTTP/Status/403",2026-07-17T21:30:10.489309
figaro1854,bd6t5723550,,failed,0,0,,http_manifest,known,403,manifest,"Client error '403 ' for url 'https://openapiproext.bnf.fr/iiif/presentation/v3/ark:/12148/bd6t5723550/manifest.json'
For more information check: https://developer.mozilla.org/en-US/docs/Web/HTTP/Status/403",2026-07-17T21:30:11.589052
figaro1854,bd6t572356b,,failed,0,0,,http_manifest,known,403,manifest,"Client error '403 ' for url 'https://openapiproext.bnf.fr/iiif/presentation/v3/ark:/12148/bd6t572356b/manifest.json'
For more information check: https://developer.mozilla.org/en-US/docs/Web/HTTP/Status/403",2026-07-17T21:30:12.853953
figaro1854,bd6t572357p,,failed,0,0,,http_manifest,known,403,manifest,"Client error '403 ' for url 'https://openapiproext.bnf.fr/iiif/presentation/v3/ark:/12148/bd6t572357p/manifest.json'
For more information check: https://developer.mozilla.org/en-US/docs/Web/HTTP/Status/403",2026-07-17T21:30:14.043484
figaro1854,bd6t5723581,,failed,0,0,,http_manifest,known,403,manifest,"Client error '403 ' for url 'https://openapiproext.bnf.fr/iiif/presentation/v3/ark:/12148/bd6t5723581/manifest.json'
For more information check: https://developer.mozilla.org/en-US/docs/Web/HTTP/Status/403",2026-07-17T21:30:15.309852
figaro1854,bd6t572359c,,failed,0,0,,http_manifest,known,403,manifest,"Client error '403 ' for url 'https://openapiproext.bnf.fr/iiif/presentation/v3/ark:/12148/bd6t572359c/manifest.json'
For more information check: https://developer.mozilla.org/en-US/docs/Web/HTTP/Status/403",2026-07-17T21:30:16.566194
figaro1854,bd6t572360k,,failed,0,0,,http_manifest,known,403,manifest,"Client error '403 ' for url 'https://openapiproext.bnf.fr/iiif/presentation/v3/ark:/12148/bd6t572360k/manifest.json'
For more information check: https://developer.mozilla.org/en-US/docs/Web/HTTP/Status/403",2026-07-17T21:30:17.602871
figaro1854,bd6t572361x,,failed,0,0,,http_manifest,known,403,manifest,"Client error '403 ' for url 'https://openapiproext.bnf.fr/iiif/presentation/v3/ark:/12148/bd6t572361x/manifest.json'
For more information check: https://developer.mozilla.org/en-US/docs/Web/HTTP/Status/403",2026-07-17T21:30:18.807875
figaro1854,bd6t572155f,,failed,0,0,,http_manifest,known,403,manifest,"Client error '403 ' for url 'https://openapiproext.bnf.fr/iiif/presentation/v3/ark:/12148/bd6t572155f/manifest.json'
For more information check: https://developer.mozilla.org/en-US/docs/Web/HTTP/Status/403",2026-07-17T21:30:20.032801
figaro1854,bd6t572156s,,failed,0,0,,http_manifest,known,403,manifest,"Client error '403 ' for url 'https://openapiproext.bnf.fr/iiif/presentation/v3/ark:/12148/bd6t572156s/manifest.json'
For more information check: https://developer.mozilla.org/en-US/docs/Web/HTTP/Status/403",2026-07-17T21:30:21.196159
figaro1854,bd6t5721574,,failed,0,0,,http_manifest,known,403,manifest,"Client error '403 ' for url 'https://openapiproext.bnf.fr/iiif/presentation/v3/ark:/12148/bd6t5721574/manifest.json'
For more information check: https://developer.mozilla.org/en-US/docs/Web/HTTP/Status/403",2026-07-17T21:30:22.399233
figaro1854,bd6t572158g,,failed,0,0,,http_manifest,known,403,manifest,"Client error '403 ' for url 'https://openapiproext.bnf.fr/iiif/presentation/v3/ark:/12148/bd6t572158g/manifest.json'
For more information check: https://developer.mozilla.org/en-US/docs/Web/HTTP/Status/403",2026-07-17T21:30:23.598513
figaro1854,bd6t572159t,,failed,0,0,,http_manifest,known,403,manifest,"Client error '403 ' for url 'https://openapiproext.bnf.fr/iiif/presentation/v3/ark:/12148/bd6t572159t/manifest.json'
For more information check: https://developer.mozilla.org/en-US/docs/Web/HTTP/Status/403",2026-07-17T21:30:24.803924
figaro1854,bd6t5721601,,failed,0,0,,http_manifest,known,403,manifest,"Client error '403 ' for url 'https://openapiproext.bnf.fr/iiif/presentation/v3/ark:/12148/bd6t5721601/manifest.json'
For more information check: https://developer.mozilla.org/en-US/docs/Web/HTTP/Status/403",2026-07-17T21:30:26.028544
figaro1854,bd6t572161c,,failed,0,0,,http_manifest,known,403,manifest,"Client error '403 ' for url 'https://openapiproext.bnf.fr/iiif/presentation/v3/ark:/12148/bd6t572161c/manifest.json'
For more information check: https://developer.mozilla.org/en-US/docs/Web/HTTP/Status/403",2026-07-17T21:30:27.206779
figaro1854,bd6t572162q,,failed,0,0,,http_manifest,known,403,manifest,"Client error '403 ' for url 'https://openapiproext.bnf.fr/iiif/presentation/v3/ark:/12148/bd6t572162q/manifest.json'
For more information check: https://developer.mozilla.org/en-US/docs/Web/HTTP/Status/403",2026-07-17T21:30:28.409602
figaro1854,bd6t5721632,,failed,0,0,,http_manifest,known,403,manifest,"Client error '403 ' for url 'https://openapiproext.bnf.fr/iiif/presentation/v3/ark:/12148/bd6t5721632/manifest.json'
For more information check: https://developer.mozilla.org/en-US/docs/Web/HTTP/Status/403",2026-07-17T21:30:29.608842
figaro1854,bd6t572164d,,failed,0,0,,http_manifest,known,403,manifest,"Client error '403 ' for url 'https://openapiproext.bnf.fr/iiif/presentation/v3/ark:/12148/bd6t572164d/manifest.json'
For more information check: https://developer.mozilla.org/en-US/docs/Web/HTTP/Status/403",2026-07-17T21:30:30.811149
figaro1854,bd6t572165r,,failed,0,0,,http_manifest,known,403,manifest,"Client error '403 ' for url 'https://openapiproext.bnf.fr/iiif/presentation/v3/ark:/12148/bd6t572165r/manifest.json'
For more information check: https://developer.mozilla.org/en-US/docs/Web/HTTP/Status/403",2026-07-17T21:30:32.011959
figaro1854,bd6t5721663,,failed,0,0,,http_manifest,known,403,manifest,"Client error '403 ' for url 'https://openapiproext.bnf.fr/iiif/presentation/v3/ark:/12148/bd6t5721663/manifest.json'
For more information check: https://developer.mozilla.org/en-US/docs/Web/HTTP/Status/403",2026-07-17T21:30:33.214375
figaro1854,bd6t572167f,,failed,0,0,,http_manifest,known,403,manifest,"Client error '403 ' for url 'https://openapiproext.bnf.fr/iiif/presentation/v3/ark:/12148/bd6t572167f/manifest.json'
For more information check: https://developer.mozilla.org/en-US/docs/Web/HTTP/Status/403",2026-07-17T21:30:34.415666
figaro1854,bd6t572168s,,failed,0,0,,http_manifest,known,403,manifest,"Client error '403 ' for url 'https://openapiproext.bnf.fr/iiif/presentation/v3/ark:/12148/bd6t572168s/manifest.json'
For more information check: https://developer.mozilla.org/en-US/docs/Web/HTTP/Status/403",2026-07-17T21:30:35.614427
figaro1854,bd6t5721694,,failed,0,0,,http_manifest,known,403,manifest,"Client error '403 ' for url 'https://openapiproext.bnf.fr/iiif/presentation/v3/ark:/12148/bd6t5721694/manifest.json'
For more information check: https://developer.mozilla.org/en-US/docs/Web/HTTP/Status/403",2026-07-17T21:30:36.818986
figaro1854,bd6t572170b,,failed,0,0,,http_manifest,known,403,manifest,"Client error '403 ' for url 'https://openapiproext.bnf.fr/iiif/presentation/v3/ark:/12148/bd6t572170b/manifest.json'
For more information check: https://developer.mozilla.org/en-US/docs/Web/HTTP/Status/403",2026-07-17T21:30:38.045449
figaro1854,bd6t572171p,,failed,0,0,,http_manifest,known,403,manifest,"Client error '403 ' for url 'https://openapiproext.bnf.fr/iiif/presentation/v3/ark:/12148/bd6t572171p/manifest.json'
For more information check: https://developer.mozilla.org/en-US/docs/Web/HTTP/Status/403",2026-07-17T21:30:39.216968
figaro1854,bd6t5721721,,failed,0,0,,http_manifest,known,403,manifest,"Client error '403 ' for url 'https://openapiproext.bnf.fr/iiif/presentation/v3/ark:/12148/bd6t5721721/manifest.json'
For more information check: https://developer.mozilla.org/en-US/docs/Web/HTTP/Status/403",2026-07-17T21:30:40.421681
figaro1854,bd6t572173c,,failed,0,0,,http_manifest,known,403,manifest,"Client error '403 ' for url 'https://openapiproext.bnf.fr/iiif/presentation/v3/ark:/12148/bd6t572173c/manifest.json'
For more information check: https://developer.mozilla.org/en-US/docs/Web/HTTP/Status/403",2026-07-17T21:30:41.621570
figaro1854,bd6t572174q,,failed,0,0,,http_manifest,known,403,manifest,"Client error '403 ' for url 'https://openapiproext.bnf.fr/iiif/presentation/v3/ark:/12148/bd6t572174q/manifest.json'
For more information check: https://developer.mozilla.org/en-US/docs/Web/HTTP/Status/403",2026-07-17T21:30:42.823322
figaro1854,bd6t5721752,,failed,0,0,,http_manifest,known,403,manifest,"Client error '403 ' for url 'https://openapiproext.bnf.fr/iiif/presentation/v3/ark:/12148/bd6t5721752/manifest.json'
For more information check: https://developer.mozilla.org/en-US/docs/Web/HTTP/Status/403",2026-07-17T21:30:44.026328
figaro1854,bd6t572176d,,failed,0,0,,http_manifest,known,403,manifest,"Client error '403 ' for url 'https://openapiproext.bnf.fr/iiif/presentation/v3/ark:/12148/bd6t572176d/manifest.json'
For more information check: https://developer.mozilla.org/en-US/docs/Web/HTTP/Status/403",2026-07-17T21:30:45.232877
figaro1854,bd6t572177r,,failed,0,0,,http_manifest,known,403,manifest,"Client error '403 ' for url 'https://openapiproext.bnf.fr/iiif/presentation/v3/ark:/12148/bd6t572177r/manifest.json'
For more information check: https://developer.mozilla.org/en-US/docs/Web/HTTP/Status/403",2026-07-17T21:30:46.430548
figaro1854,bd6t5721783,,failed,0,0,,http_manifest,known,403,manifest,"Client error '403 ' for url 'https://openapiproext.bnf.fr/iiif/presentation/v3/ark:/12148/bd6t5721783/manifest.json'
For more information check: https://developer.mozilla.org/en-US/docs/Web/HTTP/Status/403",2026-07-17T21:30:47.632077
figaro1854,bd6t572179f,,failed,0,0,,http_manifest,known,403,manifest,"Client error '403 ' for url 'https://openapiproext.bnf.fr/iiif/presentation/v3/ark:/12148/bd6t572179f/manifest.json'
For more information check: https://developer.mozilla.org/en-US/docs/Web/HTTP/Status/403",2026-07-17T21:30:48.829842
figaro1854,bd6t572180n,,failed,0,0,,http_manifest,known,403,manifest,"Client error '403 ' for url 'https://openapiproext.bnf.fr/iiif/presentation/v3/ark:/12148/bd6t572180n/manifest.json'
For more information check: https://developer.mozilla.org/en-US/docs/Web/HTTP/Status/403",2026-07-17T21:30:50.056506
figaro1854,bd6t5721810,,failed,0,0,,http_manifest,known,403,manifest,"Client error '403 ' for url 'https://openapiproext.bnf.fr/iiif/presentation/v3/ark:/12148/bd6t5721810/manifest.json'
For more information check: https://developer.mozilla.org/en-US/docs/Web/HTTP/Status/403",2026-07-17T21:30:51.238850
figaro1854,bd6t572182b,,failed,0,0,,http_manifest,known,403,manifest,"Client error '403 ' for url 'https://openapiproext.bnf.fr/iiif/presentation/v3/ark:/12148/bd6t572182b/manifest.json'
For more information check: https://developer.mozilla.org/en-US/docs/Web/HTTP/Status/403",2026-07-17T21:30:52.436112
figaro1854,bd6t572183p,,failed,0,0,,http_manifest,known,403,manifest,"Client error '403 ' for url 'https://openapiproext.bnf.fr/iiif/presentation/v3/ark:/12148/bd6t572183p/manifest.json'
For more information check: https://developer.mozilla.org/en-US/docs/Web/HTTP/Status/403",2026-07-17T21:30:53.638798
figaro1854,bd6t5721841,,failed,0,0,,http_manifest,known,403,manifest,"Client error '403 ' for url 'https://openapiproext.bnf.fr/iiif/presentation/v3/ark:/12148/bd6t5721841/manifest.json'
For more information check: https://developer.mozilla.org/en-US/docs/Web/HTTP/Status/403",2026-07-17T21:30:54.839357
figaro1854,bd6t572185c,,failed,0,0,,http_manifest,known,403,manifest,"Client error '403 ' for url 'https://openapiproext.bnf.fr/iiif/presentation/v3/ark:/12148/bd6t572185c/manifest.json'
For more information check: https://developer.mozilla.org/en-US/docs/Web/HTTP/Status/403",2026-07-17T21:30:56.065914
figaro1854,bd6t572186q,,failed,0,0,,http_manifest,known,403,manifest,"Client error '403 ' for url 'https://openapiproext.bnf.fr/iiif/presentation/v3/ark:/12148/bd6t572186q/manifest.json'
For more information check: https://developer.mozilla.org/en-US/docs/Web/HTTP/Status/403",2026-07-17T21:30:57.245730
figaro1854,bd6t5721872,,failed,0,0,,http_manifest,known,403,manifest,"Client error '403 ' for url 'https://openapiproext.bnf.fr/iiif/presentation/v3/ark:/12148/bd6t5721872/manifest.json'
For more information check: https://developer.mozilla.org/en-US/docs/Web/HTTP/Status/403",2026-07-17T21:30:58.448956
figaro1854,bd6t572188d,,failed,0,0,,http_manifest,known,403,manifest,"Client error '403 ' for url 'https://openapiproext.bnf.fr/iiif/presentation/v3/ark:/12148/bd6t572188d/manifest.json'
For more information check: https://developer.mozilla.org/en-US/docs/Web/HTTP/Status/403",2026-07-17T21:30:59.840968
figaro1854,bd6t572189r,,failed,0,0,,http_manifest,known,403,manifest,"Client error '403 ' for url 'https://openapiproext.bnf.fr/iiif/presentation/v3/ark:/12148/bd6t572189r/manifest.json'
For more information check: https://developer.mozilla.org/en-US/docs/Web/HTTP/Status/403",2026-07-17T21:31:00.949711
figaro1854,bd6t572190z,,failed,0,0,,http_manifest,known,403,manifest,"Client error '403 ' for url 'https://openapiproext.bnf.fr/iiif/presentation/v3/ark:/12148/bd6t572190z/manifest.json'
For more information check: https://developer.mozilla.org/en-US/docs/Web/HTTP/Status/403",2026-07-17T21:31:02.158432
figaro1854,bd6t5721919,,failed,0,0,,http_manifest,known,403,manifest,"Client error '403 ' for url 'https://openapiproext.bnf.fr/iiif/presentation/v3/ark:/12148/bd6t5721919/manifest.json'
For more information check: https://developer.mozilla.org/en-US/docs/Web/HTTP/Status/403",2026-07-17T21:31:03.308922
figaro1854,bd6t572192n,,failed,0,0,,http_manifest,known,403,manifest,"Client error '403 ' for url 'https://openapiproext.bnf.fr/iiif/presentation/v3/ark:/12148/bd6t572192n/manifest.json'
For more information check: https://developer.mozilla.org/en-US/docs/Web/HTTP/Status/403",2026-07-17T21:31:04.584590
figaro1854,bd6t5721930,,failed,0,0,,http_manifest,known,403,manifest,"Client error '403 ' for url 'https://openapiproext.bnf.fr/iiif/presentation/v3/ark:/12148/bd6t5721930/manifest.json'
For more information check: https://developer.mozilla.org/en-US/docs/Web/HTTP/Status/403",2026-07-17T21:31:05.784924
figaro1854,bd6t572194b,,failed,0,0,,http_manifest,known,403,manifest,"Client error '403 ' for url 'https://openapiproext.bnf.fr/iiif/presentation/v3/ark:/12148/bd6t572194b/manifest.json'
For more information check: https://developer.mozilla.org/en-US/docs/Web/HTTP/Status/403",2026-07-17T21:31:07.071907
figaro1854,bd6t572195p,,failed,0,0,,http_manifest,known,403,manifest,"Client error '403 ' for url 'https://openapiproext.bnf.fr/iiif/presentation/v3/ark:/12148/bd6t572195p/manifest.json'
For more information check: https://developer.mozilla.org/en-US/docs/Web/HTTP/Status/403",2026-07-17T21:31:08.084924
figaro1854,bd6t5721961,,failed,0,0,,http_manifest,known,403,manifest,"Client error '403 ' for url 'https://openapiproext.bnf.fr/iiif/presentation/v3/ark:/12148/bd6t5721961/manifest.json'
For more information check: https://developer.mozilla.org/en-US/docs/Web/HTTP/Status/403",2026-07-17T21:31:09.263880
figaro1854,bd6t572197c,,failed,0,0,,http_manifest,known,403,manifest,"Client error '403 ' for url 'https://openapiproext.bnf.fr/iiif/presentation/v3/ark:/12148/bd6t572197c/manifest.json'
For more information check: https://developer.mozilla.org/en-US/docs/Web/HTTP/Status/403",2026-07-17T21:31:10.468154
figaro1854,bd6t572198q,,failed,0,0,,http_manifest,known,403,manifest,"Client error '403 ' for url 'https://openapiproext.bnf.fr/iiif/presentation/v3/ark:/12148/bd6t572198q/manifest.json'
For more information check: https://developer.mozilla.org/en-US/docs/Web/HTTP/Status/403",2026-07-17T21:31:11.664236
figaro1854,bd6t5721992,,failed,0,0,,http_manifest,known,403,manifest,"Client error '403 ' for url 'https://openapiproext.bnf.fr/iiif/presentation/v3/ark:/12148/bd6t5721992/manifest.json'
For more information check: https://developer.mozilla.org/en-US/docs/Web/HTTP/Status/403",2026-07-17T21:31:12.866151
figaro1854,bd6t572200f,,failed,0,0,,http_manifest,known,403,manifest,"Client error '403 ' for url 'https://openapiproext.bnf.fr/iiif/presentation/v3/ark:/12148/bd6t572200f/manifest.json'
For more information check: https://developer.mozilla.org/en-US/docs/Web/HTTP/Status/403",2026-07-17T21:31:14.098551
figaro1854,bd6t572201s,,failed,0,0,,http_manifest,known,403,manifest,"Client error '403 ' for url 'https://openapiproext.bnf.fr/iiif/presentation/v3/ark:/12148/bd6t572201s/manifest.json'
For more information check: https://developer.mozilla.org/en-US/docs/Web/HTTP/Status/403",2026-07-17T21:31:15.275608
figaro1854,bd6t5722024,,failed,0,0,,http_manifest,known,403,manifest,"Client error '403 ' for url 'https://openapiproext.bnf.fr/iiif/presentation/v3/ark:/12148/bd6t5722024/manifest.json'
For more information check: https://developer.mozilla.org/en-US/docs/Web/HTTP/Status/403",2026-07-17T21:31:16.486678
figaro1854,bd6t572203g,,failed,0,0,,http_manifest,known,403,manifest,"Client error '403 ' for url 'https://openapiproext.bnf.fr/iiif/presentation/v3/ark:/12148/bd6t572203g/manifest.json'
For more information check: https://developer.mozilla.org/en-US/docs/Web/HTTP/Status/403",2026-07-17T21:31:17.763413
figaro1854,bd6t572204t,,failed,0,0,,http_manifest,known,403,manifest,"Client error '403 ' for url 'https://openapiproext.bnf.fr/iiif/presentation/v3/ark:/12148/bd6t572204t/manifest.json'
For more information check: https://developer.mozilla.org/en-US/docs/Web/HTTP/Status/403",2026-07-17T21:31:19.096241
figaro1854,bd6t5722055,,failed,0,0,,http_manifest,known,403,manifest,"Client error '403 ' for url 'https://openapiproext.bnf.fr/iiif/presentation/v3/ark:/12148/bd6t5722055/manifest.json'
For more information check: https://developer.mozilla.org/en-US/docs/Web/HTTP/Status/403",2026-07-17T21:31:20.098875
figaro1854,bd6t572206h,,failed,0,0,,http_manifest,known,403,manifest,"Client error '403 ' for url 'https://openapiproext.bnf.fr/iiif/presentation/v3/ark:/12148/bd6t572206h/manifest.json'
For more information check: https://developer.mozilla.org/en-US/docs/Web/HTTP/Status/403",2026-07-17T21:31:21.282234
figaro1854,bd6t572207v,,failed,0,0,,http_manifest,known,403,manifest,"Client error '403 ' for url 'https://openapiproext.bnf.fr/iiif/presentation/v3/ark:/12148/bd6t572207v/manifest.json'
For more information check: https://developer.mozilla.org/en-US/docs/Web/HTTP/Status/403",2026-07-17T21:31:22.476010
figaro1854,bd6t5722086,,failed,0,0,,http_manifest,known,403,manifest,"Client error '403 ' for url 'https://openapiproext.bnf.fr/iiif/presentation/v3/ark:/12148/bd6t5722086/manifest.json'
For more information check: https://developer.mozilla.org/en-US/docs/Web/HTTP/Status/403",2026-07-17T21:31:23.675818
figaro1854,bd6t572209j,,failed,0,0,,http_manifest,known,403,manifest,"Client error '403 ' for url 'https://openapiproext.bnf.fr/iiif/presentation/v3/ark:/12148/bd6t572209j/manifest.json'
For more information check: https://developer.mozilla.org/en-US/docs/Web/HTTP/Status/403",2026-07-17T21:31:24.879543
figaro1854,bd6t572210r,,failed,0,0,,http_manifest,known,403,manifest,"Client error '403 ' for url 'https://openapiproext.bnf.fr/iiif/presentation/v3/ark:/12148/bd6t572210r/manifest.json'
For more information check: https://developer.mozilla.org/en-US/docs/Web/HTTP/Status/403",2026-07-17T21:31:26.102962
figaro1854,bd6t5722113,,failed,0,0,,http_manifest,known,403,manifest,"Client error '403 ' for url 'https://openapiproext.bnf.fr/iiif/presentation/v3/ark:/12148/bd6t5722113/manifest.json'
For more information check: https://developer.mozilla.org/en-US/docs/Web/HTTP/Status/403",2026-07-17T21:31:27.281221
figaro1854,bd6t572212f,,failed,0,0,,http_manifest,known,403,manifest,"Client error '403 ' for url 'https://openapiproext.bnf.fr/iiif/presentation/v3/ark:/12148/bd6t572212f/manifest.json'
For more information check: https://developer.mozilla.org/en-US/docs/Web/HTTP/Status/403",2026-07-17T21:31:28.485349
figaro1854,bd6t572213s,,failed,0,0,,http_manifest,known,403,manifest,"Client error '403 ' for url 'https://openapiproext.bnf.fr/iiif/presentation/v3/ark:/12148/bd6t572213s/manifest.json'
For more information check: https://developer.mozilla.org/en-US/docs/Web/HTTP/Status/403",2026-07-17T21:31:29.683496
figaro1854,bd6t5722144,,failed,0,0,,http_manifest,known,403,manifest,"Client error '403 ' for url 'https://openapiproext.bnf.fr/iiif/presentation/v3/ark:/12148/bd6t5722144/manifest.json'
For more information check: https://developer.mozilla.org/en-US/docs/Web/HTTP/Status/403",2026-07-17T21:31:30.892947
figaro1854,bd6t572215g,,failed,0,0,,http_manifest,known,403,manifest,"Client error '403 ' for url 'https://openapiproext.bnf.fr/iiif/presentation/v3/ark:/12148/bd6t572215g/manifest.json'
For more information check: https://developer.mozilla.org/en-US/docs/Web/HTTP/Status/403",2026-07-17T21:31:32.089194
figaro1854,bd6t572216t,,failed,0,0,,http_manifest,known,403,manifest,"Client error '403 ' for url 'https://openapiproext.bnf.fr/iiif/presentation/v3/ark:/12148/bd6t572216t/manifest.json'
For more information check: https://developer.mozilla.org/en-US/docs/Web/HTTP/Status/403",2026-07-17T21:31:33.293243
figaro1854,bd6t5722175,,failed,0,0,,http_manifest,known,403,manifest,"Client error '403 ' for url 'https://openapiproext.bnf.fr/iiif/presentation/v3/ark:/12148/bd6t5722175/manifest.json'
For more information check: https://developer.mozilla.org/en-US/docs/Web/HTTP/Status/403",2026-07-17T21:31:34.636581
figaro1854,bd6t572218h,,failed,0,0,,http_manifest,known,403,manifest,"Client error '403 ' for url 'https://openapiproext.bnf.fr/iiif/presentation/v3/ark:/12148/bd6t572218h/manifest.json'
For more information check: https://developer.mozilla.org/en-US/docs/Web/HTTP/Status/403",2026-07-17T21:31:35.695774
figaro1854,bd6t572219v,,failed,0,0,,http_manifest,known,403,manifest,"Client error '403 ' for url 'https://openapiproext.bnf.fr/iiif/presentation/v3/ark:/12148/bd6t572219v/manifest.json'
For more information check: https://developer.mozilla.org/en-US/docs/Web/HTTP/Status/403",2026-07-17T21:31:36.894969
figaro1854,bd6t5722202,,failed,0,0,,http_manifest,known,403,manifest,"Client error '403 ' for url 'https://openapiproext.bnf.fr/iiif/presentation/v3/ark:/12148/bd6t5722202/manifest.json'
For more information check: https://developer.mozilla.org/en-US/docs/Web/HTTP/Status/403",2026-07-17T21:31:38.120753
figaro1854,bd6t572221d,,failed,0,0,,http_manifest,known,403,manifest,"Client error '403 ' for url 'https://openapiproext.bnf.fr/iiif/presentation/v3/ark:/12148/bd6t572221d/manifest.json'
For more information check: https://developer.mozilla.org/en-US/docs/Web/HTTP/Status/403",2026-07-17T21:31:39.299586
figaro1854,bd6t572222r,,failed,0,0,,http_manifest,known,403,manifest,"Client error '403 ' for url 'https://openapiproext.bnf.fr/iiif/presentation/v3/ark:/12148/bd6t572222r/manifest.json'
For more information check: https://developer.mozilla.org/en-US/docs/Web/HTTP/Status/403",2026-07-17T21:31:40.502430
figaro1854,bd6t5722233,,failed,0,0,,http_manifest,known,403,manifest,"Client error '403 ' for url 'https://openapiproext.bnf.fr/iiif/presentation/v3/ark:/12148/bd6t5722233/manifest.json'
For more information check: https://developer.mozilla.org/en-US/docs/Web/HTTP/Status/403",2026-07-17T21:31:41.701729
figaro1854,bd6t572224f,,failed,0,0,,http_manifest,known,403,manifest,"Client error '403 ' for url 'https://openapiproext.bnf.fr/iiif/presentation/v3/ark:/12148/bd6t572224f/manifest.json'
For more information check: https://developer.mozilla.org/en-US/docs/Web/HTTP/Status/403",2026-07-17T21:31:42.904256
figaro1854,bd6t572225s,,failed,0,0,,http_manifest,known,403,manifest,"Client error '403 ' for url 'https://openapiproext.bnf.fr/iiif/presentation/v3/ark:/12148/bd6t572225s/manifest.json'
For more information check: https://developer.mozilla.org/en-US/docs/Web/HTTP/Status/403",2026-07-17T21:31:44.106192
figaro1854,bd6t5722264,,failed,0,0,,http_manifest,known,403,manifest,"Client error '403 ' for url 'https://openapiproext.bnf.fr/iiif/presentation/v3/ark:/12148/bd6t5722264/manifest.json'
For more information check: https://developer.mozilla.org/en-US/docs/Web/HTTP/Status/403",2026-07-17T21:31:45.307346
figaro1854,bd6t572227g,,failed,0,0,,http_manifest,known,403,manifest,"Client error '403 ' for url 'https://openapiproext.bnf.fr/iiif/presentation/v3/ark:/12148/bd6t572227g/manifest.json'
For more information check: https://developer.mozilla.org/en-US/docs/Web/HTTP/Status/403",2026-07-17T21:31:46.511618
figaro1854,bd6t572228t,,failed,0,0,,http_manifest,known,403,manifest,"Client error '403 ' for url 'https://openapiproext.bnf.fr/iiif/presentation/v3/ark:/12148/bd6t572228t/manifest.json'
For more information check: https://developer.mozilla.org/en-US/docs/Web/HTTP/Status/403",2026-07-17T21:31:47.711638
figaro1854,bd6t5722295,,failed,0,0,,http_manifest,known,403,manifest,"Client error '403 ' for url 'https://openapiproext.bnf.fr/iiif/presentation/v3/ark:/12148/bd6t5722295/manifest.json'
For more information check: https://developer.mozilla.org/en-US/docs/Web/HTTP/Status/403",2026-07-17T21:31:48.914264
figaro1854,bd6t572230c,,failed,0,0,,http_manifest,known,403,manifest,"Client error '403 ' for url 'https://openapiproext.bnf.fr/iiif/presentation/v3/ark:/12148/bd6t572230c/manifest.json'
For more information check: https://developer.mozilla.org/en-US/docs/Web/HTTP/Status/403",2026-07-17T21:31:50.129748
figaro1854,bd6t572231q,,failed,0,0,,http_manifest,known,403,manifest,"Client error '403 ' for url 'https://openapiproext.bnf.fr/iiif/presentation/v3/ark:/12148/bd6t572231q/manifest.json'
For more information check: https://developer.mozilla.org/en-US/docs/Web/HTTP/Status/403",2026-07-17T21:31:51.310991
figaro1854,bd6t5722322,,failed,0,0,,http_manifest,known,403,manifest,"Client error '403 ' for url 'https://openapiproext.bnf.fr/iiif/presentation/v3/ark:/12148/bd6t5722322/manifest.json'
For more information check: https://developer.mozilla.org/en-US/docs/Web/HTTP/Status/403",2026-07-17T21:31:52.510452
figaro1854,bd6t572233d,,failed,0,0,,http_manifest,known,403,manifest,"Client error '403 ' for url 'https://openapiproext.bnf.fr/iiif/presentation/v3/ark:/12148/bd6t572233d/manifest.json'
For more information check: https://developer.mozilla.org/en-US/docs/Web/HTTP/Status/403",2026-07-17T21:31:53.722359
figaro1854,bd6t572234r,,failed,0,0,,http_manifest,known,403,manifest,"Client error '403 ' for url 'https://openapiproext.bnf.fr/iiif/presentation/v3/ark:/12148/bd6t572234r/manifest.json'
For more information check: https://developer.mozilla.org/en-US/docs/Web/HTTP/Status/403",2026-07-17T21:31:54.919846
figaro1854,bd6t5722353,,failed,0,0,,http_manifest,known,403,manifest,"Client error '403 ' for url 'https://openapiproext.bnf.fr/iiif/presentation/v3/ark:/12148/bd6t5722353/manifest.json'
For more information check: https://developer.mozilla.org/en-US/docs/Web/HTTP/Status/403",2026-07-17T21:31:56.135093
figaro1854,bd6t572236f,,failed,0,0,,http_manifest,known,403,manifest,"Client error '403 ' for url 'https://openapiproext.bnf.fr/iiif/presentation/v3/ark:/12148/bd6t572236f/manifest.json'
For more information check: https://developer.mozilla.org/en-US/docs/Web/HTTP/Status/403",2026-07-17T21:31:57.318445
figaro1854,bd6t572237s,,failed,0,0,,http_manifest,known,403,manifest,"Client error '403 ' for url 'https://openapiproext.bnf.fr/iiif/presentation/v3/ark:/12148/bd6t572237s/manifest.json'
For more information check: https://developer.mozilla.org/en-US/docs/Web/HTTP/Status/403",2026-07-17T21:31:58.527452
figaro1854,bd6t5722384,,failed,0,0,,http_manifest,known,403,manifest,"Client error '403 ' for url 'https://openapiproext.bnf.fr/iiif/presentation/v3/ark:/12148/bd6t5722384/manifest.json'
For more information check: https://developer.mozilla.org/en-US/docs/Web/HTTP/Status/403",2026-07-17T21:31:59.978283
figaro1854,bd6t572239g,,failed,0,0,,http_manifest,known,403,manifest,"Client error '403 ' for url 'https://openapiproext.bnf.fr/iiif/presentation/v3/ark:/12148/bd6t572239g/manifest.json'
For more information check: https://developer.mozilla.org/en-US/docs/Web/HTTP/Status/403",2026-07-17T21:32:01.135203
figaro1854,bd6t572240p,,failed,0,0,,http_manifest,known,403,manifest,"Client error '403 ' for url 'https://openapiproext.bnf.fr/iiif/presentation/v3/ark:/12148/bd6t572240p/manifest.json'
For more information check: https://developer.mozilla.org/en-US/docs/Web/HTTP/Status/403",2026-07-17T21:32:02.240179
figaro1854,bd6t5722411,,failed,0,0,,http_manifest,known,403,manifest,"Client error '403 ' for url 'https://openapiproext.bnf.fr/iiif/presentation/v3/ark:/12148/bd6t5722411/manifest.json'
For more information check: https://developer.mozilla.org/en-US/docs/Web/HTTP/Status/403",2026-07-17T21:32:03.328482
figaro1854,bd6t572242c,,failed,0,0,,http_manifest,known,403,manifest,"Client error '403 ' for url 'https://openapiproext.bnf.fr/iiif/presentation/v3/ark:/12148/bd6t572242c/manifest.json'
For more information check: https://developer.mozilla.org/en-US/docs/Web/HTTP/Status/403",2026-07-17T21:32:04.563903
figaro1854,bd6t572243q,,failed,0,0,,http_manifest,known,403,manifest,"Client error '403 ' for url 'https://openapiproext.bnf.fr/iiif/presentation/v3/ark:/12148/bd6t572243q/manifest.json'
For more information check: https://developer.mozilla.org/en-US/docs/Web/HTTP/Status/403",2026-07-17T21:32:05.871509
figaro1854,bd6t5722442,,failed,0,0,,http_manifest,known,403,manifest,"Client error '403 ' for url 'https://openapiproext.bnf.fr/iiif/presentation/v3/ark:/12148/bd6t5722442/manifest.json'
For more information check: https://developer.mozilla.org/en-US/docs/Web/HTTP/Status/403",2026-07-17T21:32:07.128888
figaro1854,bd6t572245d,,failed,0,0,,http_manifest,known,403,manifest,"Client error '403 ' for url 'https://openapiproext.bnf.fr/iiif/presentation/v3/ark:/12148/bd6t572245d/manifest.json'
For more information check: https://developer.mozilla.org/en-US/docs/Web/HTTP/Status/403",2026-07-17T21:32:08.134957
figaro1854,bd6t572246r,,failed,0,0,,http_manifest,known,403,manifest,"Client error '403 ' for url 'https://openapiproext.bnf.fr/iiif/presentation/v3/ark:/12148/bd6t572246r/manifest.json'
For more information check: https://developer.mozilla.org/en-US/docs/Web/HTTP/Status/403",2026-07-17T21:32:09.409015
figaro1854,bd6t5722473,,failed,0,0,,http_manifest,known,403,manifest,"Client error '403 ' for url 'https://openapiproext.bnf.fr/iiif/presentation/v3/ark:/12148/bd6t5722473/manifest.json'
For more information check: https://developer.mozilla.org/en-US/docs/Web/HTTP/Status/403",2026-07-17T21:32:10.535014
figaro1854,bd6t572248f,,failed,0,0,,http_manifest,known,403,manifest,"Client error '403 ' for url 'https://openapiproext.bnf.fr/iiif/presentation/v3/ark:/12148/bd6t572248f/manifest.json'
For more information check: https://developer.mozilla.org/en-US/docs/Web/HTTP/Status/403",2026-07-17T21:32:11.741491
figaro1854,bd6t572249s,,failed,0,0,,http_manifest,known,403,manifest,"Client error '403 ' for url 'https://openapiproext.bnf.fr/iiif/presentation/v3/ark:/12148/bd6t572249s/manifest.json'
For more information check: https://developer.mozilla.org/en-US/docs/Web/HTTP/Status/403",2026-07-17T21:32:12.936342
figaro1854,bd6t5722500,,failed,0,0,,http_manifest,known,403,manifest,"Client error '403 ' for url 'https://openapiproext.bnf.fr/iiif/presentation/v3/ark:/12148/bd6t5722500/manifest.json'
For more information check: https://developer.mozilla.org/en-US/docs/Web/HTTP/Status/403",2026-07-17T21:32:14.152212
figaro1854,bd6t572251b,,failed,0,0,,http_manifest,known,403,manifest,"Client error '403 ' for url 'https://openapiproext.bnf.fr/iiif/presentation/v3/ark:/12148/bd6t572251b/manifest.json'
For more information check: https://developer.mozilla.org/en-US/docs/Web/HTTP/Status/403",2026-07-17T21:32:15.337478
figaro1854,bd6t572252p,,failed,0,0,,http_manifest,known,403,manifest,"Client error '403 ' for url 'https://openapiproext.bnf.fr/iiif/presentation/v3/ark:/12148/bd6t572252p/manifest.json'
For more information check: https://developer.mozilla.org/en-US/docs/Web/HTTP/Status/403",2026-07-17T21:32:16.539980
figaro1854,bd6t5722531,,failed,0,0,,http_manifest,known,403,manifest,"Client error '403 ' for url 'https://openapiproext.bnf.fr/iiif/presentation/v3/ark:/12148/bd6t5722531/manifest.json'
For more information check: https://developer.mozilla.org/en-US/docs/Web/HTTP/Status/403",2026-07-17T21:32:17.744069
figaro1854,bd6t572254c,,failed,0,0,,http_manifest,known,403,manifest,"Client error '403 ' for url 'https://openapiproext.bnf.fr/iiif/presentation/v3/ark:/12148/bd6t572254c/manifest.json'
For more information check: https://developer.mozilla.org/en-US/docs/Web/HTTP/Status/403",2026-07-17T21:32:18.941920
figaro1854,bd6t572255q,,failed,0,0,,http_manifest,known,403,manifest,"Client error '403 ' for url 'https://openapiproext.bnf.fr/iiif/presentation/v3/ark:/12148/bd6t572255q/manifest.json'
For more information check: https://developer.mozilla.org/en-US/docs/Web/HTTP/Status/403",2026-07-17T21:32:20.144535
figaro1854,bd6t5722562,,failed,0,0,,http_manifest,known,403,manifest,"Client error '403 ' for url 'https://openapiproext.bnf.fr/iiif/presentation/v3/ark:/12148/bd6t5722562/manifest.json'
For more information check: https://developer.mozilla.org/en-US/docs/Web/HTTP/Status/403",2026-07-17T21:32:21.346488
figaro1854,bd6t572257d,,failed,0,0,,http_manifest,known,403,manifest,"Client error '403 ' for url 'https://openapiproext.bnf.fr/iiif/presentation/v3/ark:/12148/bd6t572257d/manifest.json'
For more information check: https://developer.mozilla.org/en-US/docs/Web/HTTP/Status/403",2026-07-17T21:32:22.549052
figaro1854,bd6t571869t,,failed,0,0,,http_manifest,known,403,manifest,"Client error '403 ' for url 'https://openapiproext.bnf.fr/iiif/presentation/v3/ark:/12148/bd6t571869t/manifest.json'
For more information check: https://developer.mozilla.org/en-US/docs/Web/HTTP/Status/403",2026-07-17T21:32:23.755161
figaro1854,bd6t571896q,,failed,0,0,,http_manifest,known,403,manifest,"Client error '403 ' for url 'https://openapiproext.bnf.fr/iiif/presentation/v3/ark:/12148/bd6t571896q/manifest.json'
For more information check: https://developer.mozilla.org/en-US/docs/Web/HTTP/Status/403",2026-07-17T21:32:24.947948
figaro1854,bd6t5718701,,failed,0,0,,http_manifest,known,403,manifest,"Client error '403 ' for url 'https://openapiproext.bnf.fr/iiif/presentation/v3/ark:/12148/bd6t5718701/manifest.json'
For more information check: https://developer.mozilla.org/en-US/docs/Web/HTTP/Status/403",2026-07-17T21:32:26.160355
figaro1854,bd6t571871c,,failed,0,0,,http_manifest,known,403,manifest,"Client error '403 ' for url 'https://openapiproext.bnf.fr/iiif/presentation/v3/ark:/12148/bd6t571871c/manifest.json'
For more information check: https://developer.mozilla.org/en-US/docs/Web/HTTP/Status/403",2026-07-17T21:32:27.351082
figaro1854,bd6t571872q,,failed,0,0,,http_manifest,known,403,manifest,"Client error '403 ' for url 'https://openapiproext.bnf.fr/iiif/presentation/v3/ark:/12148/bd6t571872q/manifest.json'
For more information check: https://developer.mozilla.org/en-US/docs/Web/HTTP/Status/403",2026-07-17T21:32:28.556180
figaro1854,bd6t5718732,,failed,0,0,,http_manifest,known,403,manifest,"Client error '403 ' for url 'https://openapiproext.bnf.fr/iiif/presentation/v3/ark:/12148/bd6t5718732/manifest.json'
For more information check: https://developer.mozilla.org/en-US/docs/Web/HTTP/Status/403",2026-07-17T21:32:29.757690
figaro1854,bd6t571874d,,failed,0,0,,http_manifest,known,403,manifest,"Client error '403 ' for url 'https://openapiproext.bnf.fr/iiif/presentation/v3/ark:/12148/bd6t571874d/manifest.json'
For more information check: https://developer.mozilla.org/en-US/docs/Web/HTTP/Status/403",2026-07-17T21:32:30.961073
figaro1854,bd6t571875r,,failed,0,0,,http_manifest,known,403,manifest,"Client error '403 ' for url 'https://openapiproext.bnf.fr/iiif/presentation/v3/ark:/12148/bd6t571875r/manifest.json'
For more information check: https://developer.mozilla.org/en-US/docs/Web/HTTP/Status/403",2026-07-17T21:32:32.158293
figaro1854,bd6t5718763,,failed,0,0,,http_manifest,known,403,manifest,"Client error '403 ' for url 'https://openapiproext.bnf.fr/iiif/presentation/v3/ark:/12148/bd6t5718763/manifest.json'
For more information check: https://developer.mozilla.org/en-US/docs/Web/HTTP/Status/403",2026-07-17T21:32:33.362675
figaro1854,bd6t571877f,,failed,0,0,,http_manifest,known,403,manifest,"Client error '403 ' for url 'https://openapiproext.bnf.fr/iiif/presentation/v3/ark:/12148/bd6t571877f/manifest.json'
For more information check: https://developer.mozilla.org/en-US/docs/Web/HTTP/Status/403",2026-07-17T21:32:34.563624
figaro1854,bd6t571878s,,failed,0,0,,http_manifest,known,403,manifest,"Client error '403 ' for url 'https://openapiproext.bnf.fr/iiif/presentation/v3/ark:/12148/bd6t571878s/manifest.json'
For more information check: https://developer.mozilla.org/en-US/docs/Web/HTTP/Status/403",2026-07-17T21:32:35.763885
figaro1854,bd6t5718794,,failed,0,0,,http_manifest,known,403,manifest,"Client error '403 ' for url 'https://openapiproext.bnf.fr/iiif/presentation/v3/ark:/12148/bd6t5718794/manifest.json'
For more information check: https://developer.mozilla.org/en-US/docs/Web/HTTP/Status/403",2026-07-17T21:32:36.973582
figaro1854,bd6t571880b,,failed,0,0,,http_manifest,known,403,manifest,"Client error '403 ' for url 'https://openapiproext.bnf.fr/iiif/presentation/v3/ark:/12148/bd6t571880b/manifest.json'
For more information check: https://developer.mozilla.org/en-US/docs/Web/HTTP/Status/403",2026-07-17T21:32:38.165630
figaro1854,bd6t571881p,,failed,0,0,,http_manifest,known,403,manifest,"Client error '403 ' for url 'https://openapiproext.bnf.fr/iiif/presentation/v3/ark:/12148/bd6t571881p/manifest.json'
For more information check: https://developer.mozilla.org/en-US/docs/Web/HTTP/Status/403",2026-07-17T21:32:39.373506
figaro1854,bd6t5718821,,failed,0,0,,http_manifest,known,403,manifest,"Client error '403 ' for url 'https://openapiproext.bnf.fr/iiif/presentation/v3/ark:/12148/bd6t5718821/manifest.json'
For more information check: https://developer.mozilla.org/en-US/docs/Web/HTTP/Status/403",2026-07-17T21:32:40.570163
figaro1854,bd6t571883c,,failed,0,0,,http_manifest,known,403,manifest,"Client error '403 ' for url 'https://openapiproext.bnf.fr/iiif/presentation/v3/ark:/12148/bd6t571883c/manifest.json'
For more information check: https://developer.mozilla.org/en-US/docs/Web/HTTP/Status/403",2026-07-17T21:32:41.777198
figaro1854,bd6t571884q,,failed,0,0,,http_manifest,known,403,manifest,"Client error '403 ' for url 'https://openapiproext.bnf.fr/iiif/presentation/v3/ark:/12148/bd6t571884q/manifest.json'
For more information check: https://developer.mozilla.org/en-US/docs/Web/HTTP/Status/403",2026-07-17T21:32:42.987217
figaro1854,bd6t5718852,,failed,0,0,,http_manifest,known,403,manifest,"Client error '403 ' for url 'https://openapiproext.bnf.fr/iiif/presentation/v3/ark:/12148/bd6t5718852/manifest.json'
For more information check: https://developer.mozilla.org/en-US/docs/Web/HTTP/Status/403",2026-07-17T21:32:44.176915
figaro1854,bd6t571886d,,failed,0,0,,http_manifest,known,403,manifest,"Client error '403 ' for url 'https://openapiproext.bnf.fr/iiif/presentation/v3/ark:/12148/bd6t571886d/manifest.json'
For more information check: https://developer.mozilla.org/en-US/docs/Web/HTTP/Status/403",2026-07-17T21:32:45.375514
figaro1854,bd6t571887r,,failed,0,0,,http_manifest,known,403,manifest,"Client error '403 ' for url 'https://openapiproext.bnf.fr/iiif/presentation/v3/ark:/12148/bd6t571887r/manifest.json'
For more information check: https://developer.mozilla.org/en-US/docs/Web/HTTP/Status/403",2026-07-17T21:32:46.579560
figaro1854,bd6t5718883,,failed,0,0,,http_manifest,known,403,manifest,"Client error '403 ' for url 'https://openapiproext.bnf.fr/iiif/presentation/v3/ark:/12148/bd6t5718883/manifest.json'
For more information check: https://developer.mozilla.org/en-US/docs/Web/HTTP/Status/403",2026-07-17T21:32:47.780496
figaro1854,bd6t571889f,,failed,0,0,,http_manifest,known,403,manifest,"Client error '403 ' for url 'https://openapiproext.bnf.fr/iiif/presentation/v3/ark:/12148/bd6t571889f/manifest.json'
For more information check: https://developer.mozilla.org/en-US/docs/Web/HTTP/Status/403",2026-07-17T21:32:49.004121
figaro1854,bd6t571890n,,failed,0,0,,http_manifest,known,403,manifest,"Client error '403 ' for url 'https://openapiproext.bnf.fr/iiif/presentation/v3/ark:/12148/bd6t571890n/manifest.json'
For more information check: https://developer.mozilla.org/en-US/docs/Web/HTTP/Status/403",2026-07-17T21:32:50.187812
figaro1854,bd6t5718910,,failed,0,0,,http_manifest,known,403,manifest,"Client error '403 ' for url 'https://openapiproext.bnf.fr/iiif/presentation/v3/ark:/12148/bd6t5718910/manifest.json'
For more information check: https://developer.mozilla.org/en-US/docs/Web/HTTP/Status/403",2026-07-17T21:32:51.385621
figaro1854,bd6t571892b,,failed,0,0,,http_manifest,known,403,manifest,"Client error '403 ' for url 'https://openapiproext.bnf.fr/iiif/presentation/v3/ark:/12148/bd6t571892b/manifest.json'
For more information check: https://developer.mozilla.org/en-US/docs/Web/HTTP/Status/403",2026-07-17T21:32:52.589111
figaro1854,bd6t571893p,,failed,0,0,,http_manifest,known,403,manifest,"Client error '403 ' for url 'https://openapiproext.bnf.fr/iiif/presentation/v3/ark:/12148/bd6t571893p/manifest.json'
For more information check: https://developer.mozilla.org/en-US/docs/Web/HTTP/Status/403",2026-07-17T21:32:53.789673
figaro1854,bd6t5718941,,failed,0,0,,http_manifest,known,403,manifest,"Client error '403 ' for url 'https://openapiproext.bnf.fr/iiif/presentation/v3/ark:/12148/bd6t5718941/manifest.json'
For more information check: https://developer.mozilla.org/en-US/docs/Web/HTTP/Status/403",2026-07-17T21:32:54.993061
figaro1854,bd6t571895c,,failed,0,0,,http_manifest,known,403,manifest,"Client error '403 ' for url 'https://openapiproext.bnf.fr/iiif/presentation/v3/ark:/12148/bd6t571895c/manifest.json'
For more information check: https://developer.mozilla.org/en-US/docs/Web/HTTP/Status/403",2026-07-17T21:32:56.190520
figaro1854,bd6t5718972,,failed,0,0,,http_manifest,known,403,manifest,"Client error '403 ' for url 'https://openapiproext.bnf.fr/iiif/presentation/v3/ark:/12148/bd6t5718972/manifest.json'
For more information check: https://developer.mozilla.org/en-US/docs/Web/HTTP/Status/403",2026-07-17T21:32:57.392935
figaro1854,bd6t571898d,,failed,0,0,,http_manifest,known,403,manifest,"Client error '403 ' for url 'https://openapiproext.bnf.fr/iiif/presentation/v3/ark:/12148/bd6t571898d/manifest.json'
For more information check: https://developer.mozilla.org/en-US/docs/Web/HTTP/Status/403",2026-07-17T21:32:58.736130
figaro1854,bd6t571899r,,failed,0,0,,http_manifest,known,403,manifest,"Client error '403 ' for url 'https://openapiproext.bnf.fr/iiif/presentation/v3/ark:/12148/bd6t571899r/manifest.json'
For more information check: https://developer.mozilla.org/en-US/docs/Web/HTTP/Status/403",2026-07-17T21:33:00.126438
figaro1854,bd6t5719004,,failed,0,0,,http_manifest,known,403,manifest,"Client error '403 ' for url 'https://openapiproext.bnf.fr/iiif/presentation/v3/ark:/12148/bd6t5719004/manifest.json'
For more information check: https://developer.mozilla.org/en-US/docs/Web/HTTP/Status/403",2026-07-17T21:33:01.027398
figaro1854,bd6t571901g,,failed,0,0,,http_manifest,known,403,manifest,"Client error '403 ' for url 'https://openapiproext.bnf.fr/iiif/presentation/v3/ark:/12148/bd6t571901g/manifest.json'
For more information check: https://developer.mozilla.org/en-US/docs/Web/HTTP/Status/403",2026-07-17T21:33:02.201928
figaro1854,bd6t571902t,,failed,0,0,,http_manifest,known,403,manifest,"Client error '403 ' for url 'https://openapiproext.bnf.fr/iiif/presentation/v3/ark:/12148/bd6t571902t/manifest.json'
For more information check: https://developer.mozilla.org/en-US/docs/Web/HTTP/Status/403",2026-07-17T21:33:03.749598
figaro1854,bd6t5719035,,failed,0,0,,http_manifest,known,403,manifest,"Client error '403 ' for url 'https://openapiproext.bnf.fr/iiif/presentation/v3/ark:/12148/bd6t5719035/manifest.json'
For more information check: https://developer.mozilla.org/en-US/docs/Web/HTTP/Status/403",2026-07-17T21:33:04.810021
figaro1854,bd6t571904h,,failed,0,0,,http_manifest,known,403,manifest,"Client error '403 ' for url 'https://openapiproext.bnf.fr/iiif/presentation/v3/ark:/12148/bd6t571904h/manifest.json'
For more information check: https://developer.mozilla.org/en-US/docs/Web/HTTP/Status/403",2026-07-17T21:33:05.957242
figaro1854,bd6t5719066,,failed,0,0,,http_manifest,known,403,manifest,"Client error '403 ' for url 'https://openapiproext.bnf.fr/iiif/presentation/v3/ark:/12148/bd6t5719066/manifest.json'
For more information check: https://developer.mozilla.org/en-US/docs/Web/HTTP/Status/403",2026-07-17T21:33:07.009196
figaro1854,bd6t571905v,,failed,0,0,,http_manifest,known,403,manifest,"Client error '403 ' for url 'https://openapiproext.bnf.fr/iiif/presentation/v3/ark:/12148/bd6t571905v/manifest.json'
For more information check: https://developer.mozilla.org/en-US/docs/Web/HTTP/Status/403",2026-07-17T21:33:08.209506
figaro1854,bd6t571907j,,failed,0,0,,http_manifest,known,403,manifest,"Client error '403 ' for url 'https://openapiproext.bnf.fr/iiif/presentation/v3/ark:/12148/bd6t571907j/manifest.json'
For more information check: https://developer.mozilla.org/en-US/docs/Web/HTTP/Status/403",2026-07-17T21:33:09.412050
figaro1854,bd6t571908w,,failed,0,0,,http_manifest,known,403,manifest,"Client error '403 ' for url 'https://openapiproext.bnf.fr/iiif/presentation/v3/ark:/12148/bd6t571908w/manifest.json'
For more information check: https://developer.mozilla.org/en-US/docs/Web/HTTP/Status/403",2026-07-17T21:33:10.609980
figaro1854,bd6t5719097,,failed,0,0,,http_manifest,known,403,manifest,"Client error '403 ' for url 'https://openapiproext.bnf.fr/iiif/presentation/v3/ark:/12148/bd6t5719097/manifest.json'
For more information check: https://developer.mozilla.org/en-US/docs/Web/HTTP/Status/403",2026-07-17T21:33:11.826919
figaro1854,bd6t571910f,,failed,0,0,,http_manifest,known,403,manifest,"Client error '403 ' for url 'https://openapiproext.bnf.fr/iiif/presentation/v3/ark:/12148/bd6t571910f/manifest.json'
For more information check: https://developer.mozilla.org/en-US/docs/Web/HTTP/Status/403",2026-07-17T21:33:13.010534
figaro1854,bd6t571911s,,failed,0,0,,http_manifest,known,403,manifest,"Client error '403 ' for url 'https://openapiproext.bnf.fr/iiif/presentation/v3/ark:/12148/bd6t571911s/manifest.json'
For more information check: https://developer.mozilla.org/en-US/docs/Web/HTTP/Status/403",2026-07-17T21:33:14.213020
figaro1854,bd6t5719124,,failed,0,0,,http_manifest,known,403,manifest,"Client error '403 ' for url 'https://openapiproext.bnf.fr/iiif/presentation/v3/ark:/12148/bd6t5719124/manifest.json'
For more information check: https://developer.mozilla.org/en-US/docs/Web/HTTP/Status/403",2026-07-17T21:33:15.413985
figaro1854,bd6t571913g,,failed,0,0,,http_manifest,known,403,manifest,"Client error '403 ' for url 'https://openapiproext.bnf.fr/iiif/presentation/v3/ark:/12148/bd6t571913g/manifest.json'
For more information check: https://developer.mozilla.org/en-US/docs/Web/HTTP/Status/403",2026-07-17T21:33:16.616495
figaro1854,bd6t571914t,,failed,0,0,,http_manifest,known,403,manifest,"Client error '403 ' for url 'https://openapiproext.bnf.fr/iiif/presentation/v3/ark:/12148/bd6t571914t/manifest.json'
For more information check: https://developer.mozilla.org/en-US/docs/Web/HTTP/Status/403",2026-07-17T21:33:17.817881
figaro1854,bd6t5719155,,failed,0,0,,http_manifest,known,403,manifest,"Client error '403 ' for url 'https://openapiproext.bnf.fr/iiif/presentation/v3/ark:/12148/bd6t5719155/manifest.json'
For more information check: https://developer.mozilla.org/en-US/docs/Web/HTTP/Status/403",2026-07-17T21:33:19.015666
figaro1854,bd6t571916h,,failed,0,0,,http_manifest,known,403,manifest,"Client error '403 ' for url 'https://openapiproext.bnf.fr/iiif/presentation/v3/ark:/12148/bd6t571916h/manifest.json'
For more information check: https://developer.mozilla.org/en-US/docs/Web/HTTP/Status/403",2026-07-17T21:33:20.220125
figaro1854,bd6t571917v,,failed,0,0,,http_manifest,known,403,manifest,"Client error '403 ' for url 'https://openapiproext.bnf.fr/iiif/presentation/v3/ark:/12148/bd6t571917v/manifest.json'
For more information check: https://developer.mozilla.org/en-US/docs/Web/HTTP/Status/403",2026-07-17T21:33:21.421799
figaro1854,bd6t5719186,,failed,0,0,,http_manifest,known,403,manifest,"Client error '403 ' for url 'https://openapiproext.bnf.fr/iiif/presentation/v3/ark:/12148/bd6t5719186/manifest.json'
For more information check: https://developer.mozilla.org/en-US/docs/Web/HTTP/Status/403",2026-07-17T21:33:22.628812
figaro1854,bd6t571919j,,failed,0,0,,http_manifest,known,403,manifest,"Client error '403 ' for url 'https://openapiproext.bnf.fr/iiif/presentation/v3/ark:/12148/bd6t571919j/manifest.json'
For more information check: https://developer.mozilla.org/en-US/docs/Web/HTTP/Status/403",2026-07-17T21:33:23.824685
figaro1854,bd6t571920r,,failed,0,0,,http_manifest,known,403,manifest,"Client error '403 ' for url 'https://openapiproext.bnf.fr/iiif/presentation/v3/ark:/12148/bd6t571920r/manifest.json'
For more information check: https://developer.mozilla.org/en-US/docs/Web/HTTP/Status/403",2026-07-17T21:33:25.024856
figaro1854,bd6t5719213,,failed,0,0,,http_manifest,known,403,manifest,"Client error '403 ' for url 'https://openapiproext.bnf.fr/iiif/presentation/v3/ark:/12148/bd6t5719213/manifest.json'
For more information check: https://developer.mozilla.org/en-US/docs/Web/HTTP/Status/403",2026-07-17T21:33:26.227663
figaro1854,bd6t571922f,,failed,0,0,,http_manifest,known,403,manifest,"Client error '403 ' for url 'https://openapiproext.bnf.fr/iiif/presentation/v3/ark:/12148/bd6t571922f/manifest.json'
For more information check: https://developer.mozilla.org/en-US/docs/Web/HTTP/Status/403",2026-07-17T21:33:27.430099
figaro1854,bd6t5723628,,failed,0,0,,http_manifest,known,403,manifest,"Client error '403 ' for url 'https://openapiproext.bnf.fr/iiif/presentation/v3/ark:/12148/bd6t5723628/manifest.json'
For more information check: https://developer.mozilla.org/en-US/docs/Web/HTTP/Status/403",2026-07-17T21:33:28.630490
figaro1854,bd6t572363m,,failed,0,0,,http_manifest,known,403,manifest,"Client error '403 ' for url 'https://openapiproext.bnf.fr/iiif/presentation/v3/ark:/12148/bd6t572363m/manifest.json'
For more information check: https://developer.mozilla.org/en-US/docs/Web/HTTP/Status/403",2026-07-17T21:33:29.846130
figaro1854,bd6t572364z,,failed,0,0,,http_manifest,known,403,manifest,"Client error '403 ' for url 'https://openapiproext.bnf.fr/iiif/presentation/v3/ark:/12148/bd6t572364z/manifest.json'
For more information check: https://developer.mozilla.org/en-US/docs/Web/HTTP/Status/403",2026-07-17T21:33:31.032620
figaro1854,bd6t5723659,,failed,0,0,,http_manifest,known,403,manifest,"Client error '403 ' for url 'https://openapiproext.bnf.fr/iiif/presentation/v3/ark:/12148/bd6t5723659/manifest.json'
For more information check: https://developer.mozilla.org/en-US/docs/Web/HTTP/Status/403",2026-07-17T21:33:32.233996
figaro1854,bd6t572366n,,failed,0,0,,http_manifest,known,403,manifest,"Client error '403 ' for url 'https://openapiproext.bnf.fr/iiif/presentation/v3/ark:/12148/bd6t572366n/manifest.json'
For more information check: https://developer.mozilla.org/en-US/docs/Web/HTTP/Status/403",2026-07-17T21:33:33.437566
figaro1854,bd6t5723670,,failed,0,0,,http_manifest,known,403,manifest,"Client error '403 ' for url 'https://openapiproext.bnf.fr/iiif/presentation/v3/ark:/12148/bd6t5723670/manifest.json'
For more information check: https://developer.mozilla.org/en-US/docs/Web/HTTP/Status/403",2026-07-17T21:33:34.636661
figaro1854,bd6t572368b,,failed,0,0,,http_manifest,known,403,manifest,"Client error '403 ' for url 'https://openapiproext.bnf.fr/iiif/presentation/v3/ark:/12148/bd6t572368b/manifest.json'
For more information check: https://developer.mozilla.org/en-US/docs/Web/HTTP/Status/403",2026-07-17T21:33:35.837830
figaro1854,bd6t572369p,,failed,0,0,,http_manifest,known,403,manifest,"Client error '403 ' for url 'https://openapiproext.bnf.fr/iiif/presentation/v3/ark:/12148/bd6t572369p/manifest.json'
For more information check: https://developer.mozilla.org/en-US/docs/Web/HTTP/Status/403",2026-07-17T21:33:37.041911
figaro1854,bd6t572370w,,failed,0,0,,http_manifest,known,403,manifest,"Client error '403 ' for url 'https://openapiproext.bnf.fr/iiif/presentation/v3/ark:/12148/bd6t572370w/manifest.json'
For more information check: https://developer.mozilla.org/en-US/docs/Web/HTTP/Status/403",2026-07-17T21:33:38.246190
figaro1854,bd6t5723717,,failed,0,0,,http_manifest,known,403,manifest,"Client error '403 ' for url 'https://openapiproext.bnf.fr/iiif/presentation/v3/ark:/12148/bd6t5723717/manifest.json'
For more information check: https://developer.mozilla.org/en-US/docs/Web/HTTP/Status/403",2026-07-17T21:33:39.445376
figaro1854,bd6t572372k,,failed,0,0,,http_manifest,known,403,manifest,"Client error '403 ' for url 'https://openapiproext.bnf.fr/iiif/presentation/v3/ark:/12148/bd6t572372k/manifest.json'
For more information check: https://developer.mozilla.org/en-US/docs/Web/HTTP/Status/403",2026-07-17T21:33:40.644116
figaro1854,bd6t572373x,,failed,0,0,,http_manifest,known,403,manifest,"Client error '403 ' for url 'https://openapiproext.bnf.fr/iiif/presentation/v3/ark:/12148/bd6t572373x/manifest.json'
For more information check: https://developer.mozilla.org/en-US/docs/Web/HTTP/Status/403",2026-07-17T21:33:41.857477
figaro1854,bd6t5723748,,failed,0,0,,http_manifest,known,403,manifest,"Client error '403 ' for url 'https://openapiproext.bnf.fr/iiif/presentation/v3/ark:/12148/bd6t5723748/manifest.json'
For more information check: https://developer.mozilla.org/en-US/docs/Web/HTTP/Status/403",2026-07-17T21:33:43.052237
figaro1854,bd6t572375m,,failed,0,0,,http_manifest,known,403,manifest,"Client error '403 ' for url 'https://openapiproext.bnf.fr/iiif/presentation/v3/ark:/12148/bd6t572375m/manifest.json'
For more information check: https://developer.mozilla.org/en-US/docs/Web/HTTP/Status/403",2026-07-17T21:33:44.248705
figaro1854,bd6t572376z,,failed,0,0,,http_manifest,known,403,manifest,"Client error '403 ' for url 'https://openapiproext.bnf.fr/iiif/presentation/v3/ark:/12148/bd6t572376z/manifest.json'
For more information check: https://developer.mozilla.org/en-US/docs/Web/HTTP/Status/403",2026-07-17T21:33:45.448510
figaro1854,bd6t5723779,,failed,0,0,,http_manifest,known,403,manifest,"Client error '403 ' for url 'https://openapiproext.bnf.fr/iiif/presentation/v3/ark:/12148/bd6t5723779/manifest.json'
For more information check: https://developer.mozilla.org/en-US/docs/Web/HTTP/Status/403",2026-07-17T21:33:46.651238
figaro1854,bd6t572378n,,failed,0,0,,http_manifest,known,403,manifest,"Client error '403 ' for url 'https://openapiproext.bnf.fr/iiif/presentation/v3/ark:/12148/bd6t572378n/manifest.json'
For more information check: https://developer.mozilla.org/en-US/docs/Web/HTTP/Status/403",2026-07-17T21:33:47.858234
figaro1854,bd6t5723790,,failed,0,0,,http_manifest,known,403,manifest,"Client error '403 ' for url 'https://openapiproext.bnf.fr/iiif/presentation/v3/ark:/12148/bd6t5723790/manifest.json'
For more information check: https://developer.mozilla.org/en-US/docs/Web/HTTP/Status/403",2026-07-17T21:33:49.057891
figaro1854,bd6t5723806,,failed,0,0,,http_manifest,known,403,manifest,"Client error '403 ' for url 'https://openapiproext.bnf.fr/iiif/presentation/v3/ark:/12148/bd6t5723806/manifest.json'
For more information check: https://developer.mozilla.org/en-US/docs/Web/HTTP/Status/403",2026-07-17T21:33:50.256886
figaro1854,bd6t572381j,,failed,0,0,,http_manifest,known,403,manifest,"Client error '403 ' for url 'https://openapiproext.bnf.fr/iiif/presentation/v3/ark:/12148/bd6t572381j/manifest.json'
For more information check: https://developer.mozilla.org/en-US/docs/Web/HTTP/Status/403",2026-07-17T21:33:51.464941
figaro1854,bd6t572382w,,failed,0,0,,http_manifest,known,403,manifest,"Client error '403 ' for url 'https://openapiproext.bnf.fr/iiif/presentation/v3/ark:/12148/bd6t572382w/manifest.json'
For more information check: https://developer.mozilla.org/en-US/docs/Web/HTTP/Status/403",2026-07-17T21:33:52.663268
figaro1854,bd6t5723837,,failed,0,0,,http_manifest,known,403,manifest,"Client error '403 ' for url 'https://openapiproext.bnf.fr/iiif/presentation/v3/ark:/12148/bd6t5723837/manifest.json'
For more information check: https://developer.mozilla.org/en-US/docs/Web/HTTP/Status/403",2026-07-17T21:33:53.875818
figaro1854,bd6t572384k,,failed,0,0,,http_manifest,known,403,manifest,"Client error '403 ' for url 'https://openapiproext.bnf.fr/iiif/presentation/v3/ark:/12148/bd6t572384k/manifest.json'
For more information check: https://developer.mozilla.org/en-US/docs/Web/HTTP/Status/403",2026-07-17T21:33:55.063650
figaro1854,bd6t572385x,,failed,0,0,,http_manifest,known,403,manifest,"Client error '403 ' for url 'https://openapiproext.bnf.fr/iiif/presentation/v3/ark:/12148/bd6t572385x/manifest.json'
For more information check: https://developer.mozilla.org/en-US/docs/Web/HTTP/Status/403",2026-07-17T21:33:56.264837
figaro1854,bd6t5723868,,failed,0,0,,http_manifest,known,403,manifest,"Client error '403 ' for url 'https://openapiproext.bnf.fr/iiif/presentation/v3/ark:/12148/bd6t5723868/manifest.json'
For more information check: https://developer.mozilla.org/en-US/docs/Web/HTTP/Status/403",2026-07-17T21:33:57.724462
figaro1854,bd6t572387m,,failed,0,0,,http_manifest,known,403,manifest,"Client error '403 ' for url 'https://openapiproext.bnf.fr/iiif/presentation/v3/ark:/12148/bd6t572387m/manifest.json'
For more information check: https://developer.mozilla.org/en-US/docs/Web/HTTP/Status/403",2026-07-17T21:33:58.777160
figaro1854,bd6t572388z,,failed,0,0,,http_manifest,known,403,manifest,"Client error '403 ' for url 'https://openapiproext.bnf.fr/iiif/presentation/v3/ark:/12148/bd6t572388z/manifest.json'
For more information check: https://developer.mozilla.org/en-US/docs/Web/HTTP/Status/403",2026-07-17T21:33:59.908665
figaro1854,bd6t5723899,,failed,0,0,,http_manifest,known,403,manifest,"Client error '403 ' for url 'https://openapiproext.bnf.fr/iiif/presentation/v3/ark:/12148/bd6t5723899/manifest.json'
For more information check: https://developer.mozilla.org/en-US/docs/Web/HTTP/Status/403",2026-07-17T21:34:01.080747
figaro1854,bd6t572390h,,failed,0,0,,http_manifest,known,403,manifest,"Client error '403 ' for url 'https://openapiproext.bnf.fr/iiif/presentation/v3/ark:/12148/bd6t572390h/manifest.json'
For more information check: https://developer.mozilla.org/en-US/docs/Web/HTTP/Status/403",2026-07-17T21:34:02.354113
figaro1854,bd6t572391v,,failed,0,0,,http_manifest,known,403,manifest,"Client error '403 ' for url 'https://openapiproext.bnf.fr/iiif/presentation/v3/ark:/12148/bd6t572391v/manifest.json'
For more information check: https://developer.mozilla.org/en-US/docs/Web/HTTP/Status/403",2026-07-17T21:34:03.585340
figaro1854,bd6t5723926,,failed,0,0,,http_manifest,known,403,manifest,"Client error '403 ' for url 'https://openapiproext.bnf.fr/iiif/presentation/v3/ark:/12148/bd6t5723926/manifest.json'
For more information check: https://developer.mozilla.org/en-US/docs/Web/HTTP/Status/403",2026-07-17T21:34:04.790214
figaro1854,bd6t572393j,,failed,0,0,,http_manifest,known,403,manifest,"Client error '403 ' for url 'https://openapiproext.bnf.fr/iiif/presentation/v3/ark:/12148/bd6t572393j/manifest.json'
For more information check: https://developer.mozilla.org/en-US/docs/Web/HTTP/Status/403",2026-07-17T21:34:05.909799
figaro1854,bd6t572394w,,failed,0,0,,http_manifest,known,403,manifest,"Client error '403 ' for url 'https://openapiproext.bnf.fr/iiif/presentation/v3/ark:/12148/bd6t572394w/manifest.json'
For more information check: https://developer.mozilla.org/en-US/docs/Web/HTTP/Status/403",2026-07-17T21:34:07.272268
figaro1854,bd6t5723957,,failed,0,0,,http_manifest,known,403,manifest,"Client error '403 ' for url 'https://openapiproext.bnf.fr/iiif/presentation/v3/ark:/12148/bd6t5723957/manifest.json'
For more information check: https://developer.mozilla.org/en-US/docs/Web/HTTP/Status/403",2026-07-17T21:34:08.284583
figaro1854,bd6t572396k,,failed,0,0,,http_manifest,known,403,manifest,"Client error '403 ' for url 'https://openapiproext.bnf.fr/iiif/presentation/v3/ark:/12148/bd6t572396k/manifest.json'
For more information check: https://developer.mozilla.org/en-US/docs/Web/HTTP/Status/403",2026-07-17T21:34:09.487027
figaro1854,bd6t572397x,,failed,0,0,,http_manifest,known,403,manifest,"Client error '403 ' for url 'https://openapiproext.bnf.fr/iiif/presentation/v3/ark:/12148/bd6t572397x/manifest.json'
For more information check: https://developer.mozilla.org/en-US/docs/Web/HTTP/Status/403",2026-07-17T21:34:10.900013
figaro1854,bd6t5723988,,failed,0,0,,http_manifest,known,403,manifest,"Client error '403 ' for url 'https://openapiproext.bnf.fr/iiif/presentation/v3/ark:/12148/bd6t5723988/manifest.json'
For more information check: https://developer.mozilla.org/en-US/docs/Web/HTTP/Status/403",2026-07-17T21:34:12.115046
figaro1854,bd6t572399m,,failed,0,0,,http_manifest,known,403,manifest,"Client error '403 ' for url 'https://openapiproext.bnf.fr/iiif/presentation/v3/ark:/12148/bd6t572399m/manifest.json'
For more information check: https://developer.mozilla.org/en-US/docs/Web/HTTP/Status/403",2026-07-17T21:34:13.165771
figaro1854,bd6t5724000,,failed,0,0,,http_manifest,known,403,manifest,"Client error '403 ' for url 'https://openapiproext.bnf.fr/iiif/presentation/v3/ark:/12148/bd6t5724000/manifest.json'
For more information check: https://developer.mozilla.org/en-US/docs/Web/HTTP/Status/403",2026-07-17T21:34:14.398562
figaro1854,bd6t572401b,,failed,0,0,,http_manifest,known,403,manifest,"Client error '403 ' for url 'https://openapiproext.bnf.fr/iiif/presentation/v3/ark:/12148/bd6t572401b/manifest.json'
For more information check: https://developer.mozilla.org/en-US/docs/Web/HTTP/Status/403",2026-07-17T21:34:15.493503
figaro1854,bd6t572402p,,failed,0,0,,http_manifest,known,403,manifest,"Client error '403 ' for url 'https://openapiproext.bnf.fr/iiif/presentation/v3/ark:/12148/bd6t572402p/manifest.json'
For more information check: https://developer.mozilla.org/en-US/docs/Web/HTTP/Status/403",2026-07-17T21:34:16.757507
figaro1854,bd6t5724031,,failed,0,0,,http_manifest,known,403,manifest,"Client error '403 ' for url 'https://openapiproext.bnf.fr/iiif/presentation/v3/ark:/12148/bd6t5724031/manifest.json'
For more information check: https://developer.mozilla.org/en-US/docs/Web/HTTP/Status/403",2026-07-17T21:34:18.035582
figaro1854,bd6t572404c,,failed,0,0,,http_manifest,known,403,manifest,"Client error '403 ' for url 'https://openapiproext.bnf.fr/iiif/presentation/v3/ark:/12148/bd6t572404c/manifest.json'
For more information check: https://developer.mozilla.org/en-US/docs/Web/HTTP/Status/403",2026-07-17T21:34:19.409673
figaro1854,bd6t572405q,,failed,0,0,,http_manifest,known,403,manifest,"Client error '403 ' for url 'https://openapiproext.bnf.fr/iiif/presentation/v3/ark:/12148/bd6t572405q/manifest.json'
For more information check: https://developer.mozilla.org/en-US/docs/Web/HTTP/Status/403",2026-07-17T21:34:20.298687
figaro1854,bd6t5724062,,failed,0,0,,http_manifest,known,403,manifest,"Client error '403 ' for url 'https://openapiproext.bnf.fr/iiif/presentation/v3/ark:/12148/bd6t5724062/manifest.json'
For more information check: https://developer.mozilla.org/en-US/docs/Web/HTTP/Status/403",2026-07-17T21:34:21.500465
figaro1854,bd6t572407d,,failed,0,0,,http_manifest,known,403,manifest,"Client error '403 ' for url 'https://openapiproext.bnf.fr/iiif/presentation/v3/ark:/12148/bd6t572407d/manifest.json'
For more information check: https://developer.mozilla.org/en-US/docs/Web/HTTP/Status/403",2026-07-17T21:34:22.701226
figaro1854,bd6t572408r,,failed,0,0,,http_manifest,known,403,manifest,"Client error '403 ' for url 'https://openapiproext.bnf.fr/iiif/presentation/v3/ark:/12148/bd6t572408r/manifest.json'
For more information check: https://developer.mozilla.org/en-US/docs/Web/HTTP/Status/403",2026-07-17T21:34:23.915873
figaro1854,bd6t5724093,,failed,0,0,,http_manifest,known,403,manifest,"Client error '403 ' for url 'https://openapiproext.bnf.fr/iiif/presentation/v3/ark:/12148/bd6t5724093/manifest.json'
For more information check: https://developer.mozilla.org/en-US/docs/Web/HTTP/Status/403",2026-07-17T21:34:25.104252
figaro1854,bd6t5724109,,failed,0,0,,http_manifest,known,403,manifest,"Client error '403 ' for url 'https://openapiproext.bnf.fr/iiif/presentation/v3/ark:/12148/bd6t5724109/manifest.json'
For more information check: https://developer.mozilla.org/en-US/docs/Web/HTTP/Status/403",2026-07-17T21:34:26.316843
figaro1854,bd6t572411n,,failed,0,0,,http_manifest,known,403,manifest,"Client error '403 ' for url 'https://openapiproext.bnf.fr/iiif/presentation/v3/ark:/12148/bd6t572411n/manifest.json'
For more information check: https://developer.mozilla.org/en-US/docs/Web/HTTP/Status/403",2026-07-17T21:34:27.510329
figaro1854,bd6t5724120,,failed,0,0,,http_manifest,known,403,manifest,"Client error '403 ' for url 'https://openapiproext.bnf.fr/iiif/presentation/v3/ark:/12148/bd6t5724120/manifest.json'
For more information check: https://developer.mozilla.org/en-US/docs/Web/HTTP/Status/403",2026-07-17T21:34:28.710526
figaro1854,bd6t572413b,,failed,0,0,,http_manifest,known,403,manifest,"Client error '403 ' for url 'https://openapiproext.bnf.fr/iiif/presentation/v3/ark:/12148/bd6t572413b/manifest.json'
For more information check: https://developer.mozilla.org/en-US/docs/Web/HTTP/Status/403",2026-07-17T21:34:29.918479
figaro1854,bd6t572414p,,failed,0,0,,http_manifest,known,403,manifest,"Client error '403 ' for url 'https://openapiproext.bnf.fr/iiif/presentation/v3/ark:/12148/bd6t572414p/manifest.json'
For more information check: https://developer.mozilla.org/en-US/docs/Web/HTTP/Status/403",2026-07-17T21:34:31.135542
figaro1854,bd6t5724151,,failed,0,0,,http_manifest,known,403,manifest,"Client error '403 ' for url 'https://openapiproext.bnf.fr/iiif/presentation/v3/ark:/12148/bd6t5724151/manifest.json'
For more information check: https://developer.mozilla.org/en-US/docs/Web/HTTP/Status/403",2026-07-17T21:34:32.315861
figaro1854,bd6t572416c,,failed,0,0,,http_manifest,known,403,manifest,"Client error '403 ' for url 'https://openapiproext.bnf.fr/iiif/presentation/v3/ark:/12148/bd6t572416c/manifest.json'
For more information check: https://developer.mozilla.org/en-US/docs/Web/HTTP/Status/403",2026-07-17T21:34:33.515816
figaro1854,bd6t572417q,,failed,0,0,,http_manifest,known,403,manifest,"Client error '403 ' for url 'https://openapiproext.bnf.fr/iiif/presentation/v3/ark:/12148/bd6t572417q/manifest.json'
For more information check: https://developer.mozilla.org/en-US/docs/Web/HTTP/Status/403",2026-07-17T21:34:34.717089
figaro1854,bd6t5724182,,failed,0,0,,http_manifest,known,403,manifest,"Client error '403 ' for url 'https://openapiproext.bnf.fr/iiif/presentation/v3/ark:/12148/bd6t5724182/manifest.json'
For more information check: https://developer.mozilla.org/en-US/docs/Web/HTTP/Status/403",2026-07-17T21:34:35.916678
figaro1854,bd6t572419d,,failed,0,0,,http_manifest,known,403,manifest,"Client error '403 ' for url 'https://openapiproext.bnf.fr/iiif/presentation/v3/ark:/12148/bd6t572419d/manifest.json'
For more information check: https://developer.mozilla.org/en-US/docs/Web/HTTP/Status/403",2026-07-17T21:34:37.115596
figaro1854,bd6t572420m,,failed,0,0,,http_manifest,known,403,manifest,"Client error '403 ' for url 'https://openapiproext.bnf.fr/iiif/presentation/v3/ark:/12148/bd6t572420m/manifest.json'
For more information check: https://developer.mozilla.org/en-US/docs/Web/HTTP/Status/403",2026-07-17T21:34:38.320778
figaro1854,bd6t572421z,,failed,0,0,,http_manifest,known,403,manifest,"Client error '403 ' for url 'https://openapiproext.bnf.fr/iiif/presentation/v3/ark:/12148/bd6t572421z/manifest.json'
For more information check: https://developer.mozilla.org/en-US/docs/Web/HTTP/Status/403",2026-07-17T21:34:39.529210
figaro1854,bd6t5724229,,failed,0,0,,http_manifest,known,403,manifest,"Client error '403 ' for url 'https://openapiproext.bnf.fr/iiif/presentation/v3/ark:/12148/bd6t5724229/manifest.json'
For more information check: https://developer.mozilla.org/en-US/docs/Web/HTTP/Status/403",2026-07-17T21:34:40.723342
figaro1854,bd6t572423n,,failed,0,0,,http_manifest,known,403,manifest,"Client error '403 ' for url 'https://openapiproext.bnf.fr/iiif/presentation/v3/ark:/12148/bd6t572423n/manifest.json'
For more information check: https://developer.mozilla.org/en-US/docs/Web/HTTP/Status/403",2026-07-17T21:34:41.928891
figaro1854,bd6t5724240,,failed,0,0,,http_manifest,known,403,manifest,"Client error '403 ' for url 'https://openapiproext.bnf.fr/iiif/presentation/v3/ark:/12148/bd6t5724240/manifest.json'
For more information check: https://developer.mozilla.org/en-US/docs/Web/HTTP/Status/403",2026-07-17T21:34:43.156369
figaro1854,bd6t572425b,,failed,0,0,,http_manifest,known,403,manifest,"Client error '403 ' for url 'https://openapiproext.bnf.fr/iiif/presentation/v3/ark:/12148/bd6t572425b/manifest.json'
For more information check: https://developer.mozilla.org/en-US/docs/Web/HTTP/Status/403",2026-07-17T21:34:44.329583
figaro1854,bd6t572426p,,failed,0,0,,http_manifest,known,403,manifest,"Client error '403 ' for url 'https://openapiproext.bnf.fr/iiif/presentation/v3/ark:/12148/bd6t572426p/manifest.json'
For more information check: https://developer.mozilla.org/en-US/docs/Web/HTTP/Status/403",2026-07-17T21:34:45.534174
figaro1854,bd6t5724271,,failed,0,0,,http_manifest,known,403,manifest,"Client error '403 ' for url 'https://openapiproext.bnf.fr/iiif/presentation/v3/ark:/12148/bd6t5724271/manifest.json'
For more information check: https://developer.mozilla.org/en-US/docs/Web/HTTP/Status/403",2026-07-17T21:34:46.729013
figaro1854,bd6t572428c,,failed,0,0,,http_manifest,known,403,manifest,"Client error '403 ' for url 'https://openapiproext.bnf.fr/iiif/presentation/v3/ark:/12148/bd6t572428c/manifest.json'
For more information check: https://developer.mozilla.org/en-US/docs/Web/HTTP/Status/403",2026-07-17T21:34:47.936004
figaro1854,bd6t572429q,,failed,0,0,,http_manifest,known,403,manifest,"Client error '403 ' for url 'https://openapiproext.bnf.fr/iiif/presentation/v3/ark:/12148/bd6t572429q/manifest.json'
For more information check: https://developer.mozilla.org/en-US/docs/Web/HTTP/Status/403",2026-07-17T21:34:49.160721
figaro1854,bd6t572430x,,failed,0,0,,http_manifest,known,403,manifest,"Client error '403 ' for url 'https://openapiproext.bnf.fr/iiif/presentation/v3/ark:/12148/bd6t572430x/manifest.json'
For more information check: https://developer.mozilla.org/en-US/docs/Web/HTTP/Status/403",2026-07-17T21:34:50.341504
figaro1854,bd6t5724318,,failed,0,0,,http_manifest,known,403,manifest,"Client error '403 ' for url 'https://openapiproext.bnf.fr/iiif/presentation/v3/ark:/12148/bd6t5724318/manifest.json'
For more information check: https://developer.mozilla.org/en-US/docs/Web/HTTP/Status/403",2026-07-17T21:34:51.541318
figaro1854,bd6t572432m,,failed,0,0,,http_manifest,known,403,manifest,"Client error '403 ' for url 'https://openapiproext.bnf.fr/iiif/presentation/v3/ark:/12148/bd6t572432m/manifest.json'
For more information check: https://developer.mozilla.org/en-US/docs/Web/HTTP/Status/403",2026-07-17T21:34:52.742400
figaro1854,bd6t572433z,,failed,0,0,,http_manifest,known,403,manifest,"Client error '403 ' for url 'https://openapiproext.bnf.fr/iiif/presentation/v3/ark:/12148/bd6t572433z/manifest.json'
For more information check: https://developer.mozilla.org/en-US/docs/Web/HTTP/Status/403",2026-07-17T21:34:53.944575
figaro1854,bd6t5724349,,failed,0,0,,http_manifest,known,403,manifest,"Client error '403 ' for url 'https://openapiproext.bnf.fr/iiif/presentation/v3/ark:/12148/bd6t5724349/manifest.json'
For more information check: https://developer.mozilla.org/en-US/docs/Web/HTTP/Status/403",2026-07-17T21:34:55.144975
figaro1854,bd6t572435n,,failed,0,0,,http_manifest,known,403,manifest,"Client error '403 ' for url 'https://openapiproext.bnf.fr/iiif/presentation/v3/ark:/12148/bd6t572435n/manifest.json'
For more information check: https://developer.mozilla.org/en-US/docs/Web/HTTP/Status/403",2026-07-17T21:34:56.345611
figaro1854,bd6t5724360,,failed,0,0,,http_manifest,known,403,manifest,"Client error '403 ' for url 'https://openapiproext.bnf.fr/iiif/presentation/v3/ark:/12148/bd6t5724360/manifest.json'
For more information check: https://developer.mozilla.org/en-US/docs/Web/HTTP/Status/403",2026-07-17T21:34:57.557282
figaro1854,bd6t572437b,,failed,0,0,,http_manifest,known,403,manifest,"Client error '403 ' for url 'https://openapiproext.bnf.fr/iiif/presentation/v3/ark:/12148/bd6t572437b/manifest.json'
For more information check: https://developer.mozilla.org/en-US/docs/Web/HTTP/Status/403",2026-07-17T21:34:58.755827
figaro1854,bd6t572438p,,failed,0,0,,http_manifest,known,403,manifest,"Client error '403 ' for url 'https://openapiproext.bnf.fr/iiif/presentation/v3/ark:/12148/bd6t572438p/manifest.json'
For more information check: https://developer.mozilla.org/en-US/docs/Web/HTTP/Status/403",2026-07-17T21:34:59.966727
figaro1854,bd6t5724391,,failed,0,0,,http_manifest,known,403,manifest,"Client error '403 ' for url 'https://openapiproext.bnf.fr/iiif/presentation/v3/ark:/12148/bd6t5724391/manifest.json'
For more information check: https://developer.mozilla.org/en-US/docs/Web/HTTP/Status/403",2026-07-17T21:35:01.362385
figaro1854,bd6t5724407,,failed,0,0,,http_manifest,known,403,manifest,"Client error '403 ' for url 'https://openapiproext.bnf.fr/iiif/presentation/v3/ark:/12148/bd6t5724407/manifest.json'
For more information check: https://developer.mozilla.org/en-US/docs/Web/HTTP/Status/403",2026-07-17T21:35:02.496644
figaro1854,bd6t572441k,,failed,0,0,,http_manifest,known,403,manifest,"Client error '403 ' for url 'https://openapiproext.bnf.fr/iiif/presentation/v3/ark:/12148/bd6t572441k/manifest.json'
For more information check: https://developer.mozilla.org/en-US/docs/Web/HTTP/Status/403",2026-07-17T21:35:03.556070
figaro1854,bd6t572442x,,failed,0,0,,http_manifest,known,403,manifest,"Client error '403 ' for url 'https://openapiproext.bnf.fr/iiif/presentation/v3/ark:/12148/bd6t572442x/manifest.json'
For more information check: https://developer.mozilla.org/en-US/docs/Web/HTTP/Status/403",2026-07-17T21:35:04.893074
figaro1854,bd6t5724438,,failed,0,0,,http_manifest,known,403,manifest,"Client error '403 ' for url 'https://openapiproext.bnf.fr/iiif/presentation/v3/ark:/12148/bd6t5724438/manifest.json'
For more information check: https://developer.mozilla.org/en-US/docs/Web/HTTP/Status/403",2026-07-17T21:35:06.154137
figaro1854,bd6t572444m,,failed,0,0,,http_manifest,known,403,manifest,"Client error '403 ' for url 'https://openapiproext.bnf.fr/iiif/presentation/v3/ark:/12148/bd6t572444m/manifest.json'
For more information check: https://developer.mozilla.org/en-US/docs/Web/HTTP/Status/403",2026-07-17T21:35:07.159569
figaro1854,bd6t572445z,,failed,0,0,,http_manifest,known,403,manifest,"Client error '403 ' for url 'https://openapiproext.bnf.fr/iiif/presentation/v3/ark:/12148/bd6t572445z/manifest.json'
For more information check: https://developer.mozilla.org/en-US/docs/Web/HTTP/Status/403",2026-07-17T21:35:08.360494
figaro1854,bd6t5724469,,failed,0,0,,http_manifest,known,403,manifest,"Client error '403 ' for url 'https://openapiproext.bnf.fr/iiif/presentation/v3/ark:/12148/bd6t5724469/manifest.json'
For more information check: https://developer.mozilla.org/en-US/docs/Web/HTTP/Status/403",2026-07-17T21:35:09.701077
figaro1854,bd6t572447n,,failed,0,0,,http_manifest,known,403,manifest,"Client error '403 ' for url 'https://openapiproext.bnf.fr/iiif/presentation/v3/ark:/12148/bd6t572447n/manifest.json'
For more information check: https://developer.mozilla.org/en-US/docs/Web/HTTP/Status/403",2026-07-17T21:35:10.997697
figaro1854,bd6t5724480,,failed,0,0,,http_manifest,known,403,manifest,"Client error '403 ' for url 'https://openapiproext.bnf.fr/iiif/presentation/v3/ark:/12148/bd6t5724480/manifest.json'
For more information check: https://developer.mozilla.org/en-US/docs/Web/HTTP/Status/403",2026-07-17T21:35:11.969962
figaro1854,bd6t572449b,,failed,0,0,,http_manifest,known,403,manifest,"Client error '403 ' for url 'https://openapiproext.bnf.fr/iiif/presentation/v3/ark:/12148/bd6t572449b/manifest.json'
For more information check: https://developer.mozilla.org/en-US/docs/Web/HTTP/Status/403",2026-07-17T21:35:13.192419
figaro1854,bd6t572450j,,failed,0,0,,http_manifest,known,403,manifest,"Client error '403 ' for url 'https://openapiproext.bnf.fr/iiif/presentation/v3/ark:/12148/bd6t572450j/manifest.json'
For more information check: https://developer.mozilla.org/en-US/docs/Web/HTTP/Status/403",2026-07-17T21:35:14.417989
figaro1854,bd6t572451w,,failed,0,0,,http_manifest,known,403,manifest,"Client error '403 ' for url 'https://openapiproext.bnf.fr/iiif/presentation/v3/ark:/12148/bd6t572451w/manifest.json'
For more information check: https://developer.mozilla.org/en-US/docs/Web/HTTP/Status/403",2026-07-17T21:35:15.765163
figaro1854,bd6t5724527,,failed,0,0,,http_manifest,known,403,manifest,"Client error '403 ' for url 'https://openapiproext.bnf.fr/iiif/presentation/v3/ark:/12148/bd6t5724527/manifest.json'
For more information check: https://developer.mozilla.org/en-US/docs/Web/HTTP/Status/403",2026-07-17T21:35:16.772131
figaro1854,bd6t572453k,,failed,0,0,,http_manifest,known,403,manifest,"Client error '403 ' for url 'https://openapiproext.bnf.fr/iiif/presentation/v3/ark:/12148/bd6t572453k/manifest.json'
For more information check: https://developer.mozilla.org/en-US/docs/Web/HTTP/Status/403",2026-07-17T21:35:18.010458
figaro1854,bd6t572454x,,failed,0,0,,http_manifest,known,403,manifest,"Client error '403 ' for url 'https://openapiproext.bnf.fr/iiif/presentation/v3/ark:/12148/bd6t572454x/manifest.json'
For more information check: https://developer.mozilla.org/en-US/docs/Web/HTTP/Status/403",2026-07-17T21:35:19.198926
figaro1854,bd6t5724558,,failed,0,0,,http_manifest,known,403,manifest,"Client error '403 ' for url 'https://openapiproext.bnf.fr/iiif/presentation/v3/ark:/12148/bd6t5724558/manifest.json'
For more information check: https://developer.mozilla.org/en-US/docs/Web/HTTP/Status/403",2026-07-17T21:35:20.377036
figaro1854,bd6t572456m,,failed,0,0,,http_manifest,known,403,manifest,"Client error '403 ' for url 'https://openapiproext.bnf.fr/iiif/presentation/v3/ark:/12148/bd6t572456m/manifest.json'
For more information check: https://developer.mozilla.org/en-US/docs/Web/HTTP/Status/403",2026-07-17T21:35:21.582990
figaro1854,bd6t572457z,,failed,0,0,,http_manifest,known,403,manifest,"Client error '403 ' for url 'https://openapiproext.bnf.fr/iiif/presentation/v3/ark:/12148/bd6t572457z/manifest.json'
For more information check: https://developer.mozilla.org/en-US/docs/Web/HTTP/Status/403",2026-07-17T21:35:22.780984
figaro1854,bd6t5724589,,failed,0,0,,http_manifest,known,403,manifest,"Client error '403 ' for url 'https://openapiproext.bnf.fr/iiif/presentation/v3/ark:/12148/bd6t5724589/manifest.json'
For more information check: https://developer.mozilla.org/en-US/docs/Web/HTTP/Status/403",2026-07-17T21:35:23.975038
figaro1854,bd6t572459n,,failed,0,0,,http_manifest,known,403,manifest,"Client error '403 ' for url 'https://openapiproext.bnf.fr/iiif/presentation/v3/ark:/12148/bd6t572459n/manifest.json'
For more information check: https://developer.mozilla.org/en-US/docs/Web/HTTP/Status/403",2026-07-17T21:35:25.180702
figaro1854,bd6t572460v,,failed,0,0,,http_manifest,known,403,manifest,"Client error '403 ' for url 'https://openapiproext.bnf.fr/iiif/presentation/v3/ark:/12148/bd6t572460v/manifest.json'
For more information check: https://developer.mozilla.org/en-US/docs/Web/HTTP/Status/403",2026-07-17T21:35:26.381344
figaro1854,bd6t5724616,,failed,0,0,,http_manifest,known,403,manifest,"Client error '403 ' for url 'https://openapiproext.bnf.fr/iiif/presentation/v3/ark:/12148/bd6t5724616/manifest.json'
For more information check: https://developer.mozilla.org/en-US/docs/Web/HTTP/Status/403",2026-07-17T21:35:27.581206
figaro1854,bd6t572462j,,failed,0,0,,http_manifest,known,403,manifest,"Client error '403 ' for url 'https://openapiproext.bnf.fr/iiif/presentation/v3/ark:/12148/bd6t572462j/manifest.json'
For more information check: https://developer.mozilla.org/en-US/docs/Web/HTTP/Status/403",2026-07-17T21:35:28.792071
figaro1854,bd6t572463w,,failed,0,0,,http_manifest,known,403,manifest,"Client error '403 ' for url 'https://openapiproext.bnf.fr/iiif/presentation/v3/ark:/12148/bd6t572463w/manifest.json'
For more information check: https://developer.mozilla.org/en-US/docs/Web/HTTP/Status/403",2026-07-17T21:35:29.986465
figaro1854,bd6t5724647,,failed,0,0,,http_manifest,known,403,manifest,"Client error '403 ' for url 'https://openapiproext.bnf.fr/iiif/presentation/v3/ark:/12148/bd6t5724647/manifest.json'
For more information check: https://developer.mozilla.org/en-US/docs/Web/HTTP/Status/403",2026-07-17T21:35:31.210496
figaro1854,bd6t572465k,,failed,0,0,,http_manifest,known,403,manifest,"Client error '403 ' for url 'https://openapiproext.bnf.fr/iiif/presentation/v3/ark:/12148/bd6t572465k/manifest.json'
For more information check: https://developer.mozilla.org/en-US/docs/Web/HTTP/Status/403",2026-07-17T21:35:32.391463
figaro1854,bd6t5718674,,failed,0,0,,http_manifest,known,403,manifest,"Client error '403 ' for url 'https://openapiproext.bnf.fr/iiif/presentation/v3/ark:/12148/bd6t5718674/manifest.json'
For more information check: https://developer.mozilla.org/en-US/docs/Web/HTTP/Status/403",2026-07-17T21:35:33.589289
figaro1854,bd6t572466x,,failed,0,0,,http_manifest,known,403,manifest,"Client error '403 ' for url 'https://openapiproext.bnf.fr/iiif/presentation/v3/ark:/12148/bd6t572466x/manifest.json'
For more information check: https://developer.mozilla.org/en-US/docs/Web/HTTP/Status/403",2026-07-17T21:35:34.791971
figaro1854,bd6t571868g,,failed,0,0,,http_manifest,known,403,manifest,"Client error '403 ' for url 'https://openapiproext.bnf.fr/iiif/presentation/v3/ark:/12148/bd6t571868g/manifest.json'
For more information check: https://developer.mozilla.org/en-US/docs/Web/HTTP/Status/403",2026-07-17T21:35:35.993201
figaro1854,bd6t571817k,,failed,0,0,,http_manifest,known,403,manifest,"Client error '403 ' for url 'https://openapiproext.bnf.fr/iiif/presentation/v3/ark:/12148/bd6t571817k/manifest.json'
For more information check: https://developer.mozilla.org/en-US/docs/Web/HTTP/Status/403",2026-07-17T21:35:37.192166
figaro1854,bd6t571818x,,failed,0,0,,http_manifest,known,403,manifest,"Client error '403 ' for url 'https://openapiproext.bnf.fr/iiif/presentation/v3/ark:/12148/bd6t571818x/manifest.json'
For more information check: https://developer.mozilla.org/en-US/docs/Web/HTTP/Status/403",2026-07-17T21:35:38.399898
figaro1854,bd6t5718198,,failed,0,0,,http_manifest,known,403,manifest,"Client error '403 ' for url 'https://openapiproext.bnf.fr/iiif/presentation/v3/ark:/12148/bd6t5718198/manifest.json'
For more information check: https://developer.mozilla.org/en-US/docs/Web/HTTP/Status/403",2026-07-17T21:35:39.596074
figaro1854,bd6t571820g,,failed,0,0,,http_manifest,known,403,manifest,"Client error '403 ' for url 'https://openapiproext.bnf.fr/iiif/presentation/v3/ark:/12148/bd6t571820g/manifest.json'
For more information check: https://developer.mozilla.org/en-US/docs/Web/HTTP/Status/403",2026-07-17T21:35:40.801523
figaro1854,bd6t571821t,,failed,0,0,,http_manifest,known,403,manifest,"Client error '403 ' for url 'https://openapiproext.bnf.fr/iiif/presentation/v3/ark:/12148/bd6t571821t/manifest.json'
For more information check: https://developer.mozilla.org/en-US/docs/Web/HTTP/Status/403",2026-07-17T21:35:41.998742
figaro1854,bd6t5718225,,failed,0,0,,http_manifest,known,403,manifest,"Client error '403 ' for url 'https://openapiproext.bnf.fr/iiif/presentation/v3/ark:/12148/bd6t5718225/manifest.json'
For more information check: https://developer.mozilla.org/en-US/docs/Web/HTTP/Status/403",2026-07-17T21:35:43.222959
figaro1854,bd6t571823h,,failed,0,0,,http_manifest,known,403,manifest,"Client error '403 ' for url 'https://openapiproext.bnf.fr/iiif/presentation/v3/ark:/12148/bd6t571823h/manifest.json'
For more information check: https://developer.mozilla.org/en-US/docs/Web/HTTP/Status/403",2026-07-17T21:35:44.398215
figaro1854,bd6t571824v,,failed,0,0,,http_manifest,known,403,manifest,"Client error '403 ' for url 'https://openapiproext.bnf.fr/iiif/presentation/v3/ark:/12148/bd6t571824v/manifest.json'
For more information check: https://developer.mozilla.org/en-US/docs/Web/HTTP/Status/403",2026-07-17T21:35:45.604209
figaro1854,bd6t5718256,,failed,0,0,,http_manifest,known,403,manifest,"Client error '403 ' for url 'https://openapiproext.bnf.fr/iiif/presentation/v3/ark:/12148/bd6t5718256/manifest.json'
For more information check: https://developer.mozilla.org/en-US/docs/Web/HTTP/Status/403",2026-07-17T21:35:46.804692
figaro1854,bd6t571826j,,failed,0,0,,http_manifest,known,403,manifest,"Client error '403 ' for url 'https://openapiproext.bnf.fr/iiif/presentation/v3/ark:/12148/bd6t571826j/manifest.json'
For more information check: https://developer.mozilla.org/en-US/docs/Web/HTTP/Status/403",2026-07-17T21:35:48.005114
figaro1854,bd6t571827w,,failed,0,0,,http_manifest,known,403,manifest,"Client error '403 ' for url 'https://openapiproext.bnf.fr/iiif/presentation/v3/ark:/12148/bd6t571827w/manifest.json'
For more information check: https://developer.mozilla.org/en-US/docs/Web/HTTP/Status/403",2026-07-17T21:35:49.239715
figaro1854,bd6t5718287,,failed,0,0,,http_manifest,known,403,manifest,"Client error '403 ' for url 'https://openapiproext.bnf.fr/iiif/presentation/v3/ark:/12148/bd6t5718287/manifest.json'
For more information check: https://developer.mozilla.org/en-US/docs/Web/HTTP/Status/403",2026-07-17T21:35:50.406851
figaro1854,bd6t571829k,,failed,0,0,,http_manifest,known,403,manifest,"Client error '403 ' for url 'https://openapiproext.bnf.fr/iiif/presentation/v3/ark:/12148/bd6t571829k/manifest.json'
For more information check: https://developer.mozilla.org/en-US/docs/Web/HTTP/Status/403",2026-07-17T21:35:51.615348
figaro1854,bd6t571830s,,failed,0,0,,http_manifest,known,403,manifest,"Client error '403 ' for url 'https://openapiproext.bnf.fr/iiif/presentation/v3/ark:/12148/bd6t571830s/manifest.json'
For more information check: https://developer.mozilla.org/en-US/docs/Web/HTTP/Status/403",2026-07-17T21:35:52.809516
figaro1854,bd6t5718314,,failed,0,0,,http_manifest,known,403,manifest,"Client error '403 ' for url 'https://openapiproext.bnf.fr/iiif/presentation/v3/ark:/12148/bd6t5718314/manifest.json'
For more information check: https://developer.mozilla.org/en-US/docs/Web/HTTP/Status/403",2026-07-17T21:35:54.011181
figaro1854,bd6t571832g,,failed,0,0,,http_manifest,known,403,manifest,"Client error '403 ' for url 'https://openapiproext.bnf.fr/iiif/presentation/v3/ark:/12148/bd6t571832g/manifest.json'
For more information check: https://developer.mozilla.org/en-US/docs/Web/HTTP/Status/403",2026-07-17T21:35:55.222002
figaro1854,bd6t571833t,,failed,0,0,,http_manifest,known,403,manifest,"Client error '403 ' for url 'https://openapiproext.bnf.fr/iiif/presentation/v3/ark:/12148/bd6t571833t/manifest.json'
For more information check: https://developer.mozilla.org/en-US/docs/Web/HTTP/Status/403",2026-07-17T21:35:56.414392
figaro1854,bd6t5718345,,failed,0,0,,http_manifest,known,403,manifest,"Client error '403 ' for url 'https://openapiproext.bnf.fr/iiif/presentation/v3/ark:/12148/bd6t5718345/manifest.json'
For more information check: https://developer.mozilla.org/en-US/docs/Web/HTTP/Status/403",2026-07-17T21:35:57.908322
figaro1854,bd6t571835h,,failed,0,0,,http_manifest,known,403,manifest,"Client error '403 ' for url 'https://openapiproext.bnf.fr/iiif/presentation/v3/ark:/12148/bd6t571835h/manifest.json'
For more information check: https://developer.mozilla.org/en-US/docs/Web/HTTP/Status/403",2026-07-17T21:35:59.007578
figaro1854,bd6t571836v,,failed,0,0,,http_manifest,known,403,manifest,"Client error '403 ' for url 'https://openapiproext.bnf.fr/iiif/presentation/v3/ark:/12148/bd6t571836v/manifest.json'
For more information check: https://developer.mozilla.org/en-US/docs/Web/HTTP/Status/403",2026-07-17T21:36:00.026189
figaro1854,bd6t5718376,,failed,0,0,,http_manifest,known,403,manifest,"Client error '403 ' for url 'https://openapiproext.bnf.fr/iiif/presentation/v3/ark:/12148/bd6t5718376/manifest.json'
For more information check: https://developer.mozilla.org/en-US/docs/Web/HTTP/Status/403",2026-07-17T21:36:01.443605
figaro1854,bd6t571838j,,failed,0,0,,http_manifest,known,403,manifest,"Client error '403 ' for url 'https://openapiproext.bnf.fr/iiif/presentation/v3/ark:/12148/bd6t571838j/manifest.json'
For more information check: https://developer.mozilla.org/en-US/docs/Web/HTTP/Status/403",2026-07-17T21:36:02.467054
figaro1854,bd6t571839w,,failed,0,0,,http_manifest,known,403,manifest,"Client error '403 ' for url 'https://openapiproext.bnf.fr/iiif/presentation/v3/ark:/12148/bd6t571839w/manifest.json'
For more information check: https://developer.mozilla.org/en-US/docs/Web/HTTP/Status/403",2026-07-17T21:36:03.867753
figaro1854,bd6t5718403,,failed,0,0,,http_manifest,known,403,manifest,"Client error '403 ' for url 'https://openapiproext.bnf.fr/iiif/presentation/v3/ark:/12148/bd6t5718403/manifest.json'
For more information check: https://developer.mozilla.org/en-US/docs/Web/HTTP/Status/403",2026-07-17T21:36:05.065668
figaro1854,bd6t571841f,,failed,0,0,,http_manifest,known,403,manifest,"Client error '403 ' for url 'https://openapiproext.bnf.fr/iiif/presentation/v3/ark:/12148/bd6t571841f/manifest.json'
For more information check: https://developer.mozilla.org/en-US/docs/Web/HTTP/Status/403",2026-07-17T21:36:06.105616
figaro1854,bd6t571842s,,failed,0,0,,http_manifest,known,403,manifest,"Client error '403 ' for url 'https://openapiproext.bnf.fr/iiif/presentation/v3/ark:/12148/bd6t571842s/manifest.json'
For more information check: https://developer.mozilla.org/en-US/docs/Web/HTTP/Status/403",2026-07-17T21:36:07.228615
figaro1854,bd6t5718434,,failed,0,0,,http_manifest,known,403,manifest,"Client error '403 ' for url 'https://openapiproext.bnf.fr/iiif/presentation/v3/ark:/12148/bd6t5718434/manifest.json'
For more information check: https://developer.mozilla.org/en-US/docs/Web/HTTP/Status/403",2026-07-17T21:36:08.447918
figaro1854,bd6t571844g,,failed,0,0,,http_manifest,known,403,manifest,"Client error '403 ' for url 'https://openapiproext.bnf.fr/iiif/presentation/v3/ark:/12148/bd6t571844g/manifest.json'
For more information check: https://developer.mozilla.org/en-US/docs/Web/HTTP/Status/403",2026-07-17T21:36:09.629541
figaro1854,bd6t571845t,,failed,0,0,,http_manifest,known,403,manifest,"Client error '403 ' for url 'https://openapiproext.bnf.fr/iiif/presentation/v3/ark:/12148/bd6t571845t/manifest.json'
For more information check: https://developer.mozilla.org/en-US/docs/Web/HTTP/Status/403",2026-07-17T21:36:10.833461
figaro1854,bd6t5718465,,failed,0,0,,http_manifest,known,403,manifest,"Client error '403 ' for url 'https://openapiproext.bnf.fr/iiif/presentation/v3/ark:/12148/bd6t5718465/manifest.json'
For more information check: https://developer.mozilla.org/en-US/docs/Web/HTTP/Status/403",2026-07-17T21:36:12.036004
figaro1854,bd6t571847h,,failed,0,0,,http_manifest,known,403,manifest,"Client error '403 ' for url 'https://openapiproext.bnf.fr/iiif/presentation/v3/ark:/12148/bd6t571847h/manifest.json'
For more information check: https://developer.mozilla.org/en-US/docs/Web/HTTP/Status/403",2026-07-17T21:36:13.234973
figaro1854,bd6t571848v,,failed,0,0,,http_manifest,known,403,manifest,"Client error '403 ' for url 'https://openapiproext.bnf.fr/iiif/presentation/v3/ark:/12148/bd6t571848v/manifest.json'
For more information check: https://developer.mozilla.org/en-US/docs/Web/HTTP/Status/403",2026-07-17T21:36:14.434412
figaro1854,bd6t5718496,,failed,0,0,,http_manifest,known,403,manifest,"Client error '403 ' for url 'https://openapiproext.bnf.fr/iiif/presentation/v3/ark:/12148/bd6t5718496/manifest.json'
For more information check: https://developer.mozilla.org/en-US/docs/Web/HTTP/Status/403",2026-07-17T21:36:15.639970
figaro1854,bd6t571850d,,failed,0,0,,http_manifest,known,403,manifest,"Client error '403 ' for url 'https://openapiproext.bnf.fr/iiif/presentation/v3/ark:/12148/bd6t571850d/manifest.json'
For more information check: https://developer.mozilla.org/en-US/docs/Web/HTTP/Status/403",2026-07-17T21:36:16.839947
figaro1854,bd6t571851r,,failed,0,0,,http_manifest,known,403,manifest,"Client error '403 ' for url 'https://openapiproext.bnf.fr/iiif/presentation/v3/ark:/12148/bd6t571851r/manifest.json'
For more information check: https://developer.mozilla.org/en-US/docs/Web/HTTP/Status/403",2026-07-17T21:36:18.041124
figaro1854,bd6t5718523,,failed,0,0,,http_manifest,known,403,manifest,"Client error '403 ' for url 'https://openapiproext.bnf.fr/iiif/presentation/v3/ark:/12148/bd6t5718523/manifest.json'
For more information check: https://developer.mozilla.org/en-US/docs/Web/HTTP/Status/403",2026-07-17T21:36:19.242277
figaro1854,bd6t571853f,,failed,0,0,,http_manifest,known,403,manifest,"Client error '403 ' for url 'https://openapiproext.bnf.fr/iiif/presentation/v3/ark:/12148/bd6t571853f/manifest.json'
For more information check: https://developer.mozilla.org/en-US/docs/Web/HTTP/Status/403",2026-07-17T21:36:20.474971
figaro1854,bd6t571854s,,failed,0,0,,http_manifest,known,403,manifest,"Client error '403 ' for url 'https://openapiproext.bnf.fr/iiif/presentation/v3/ark:/12148/bd6t571854s/manifest.json'
For more information check: https://developer.mozilla.org/en-US/docs/Web/HTTP/Status/403",2026-07-17T21:36:21.646805
figaro1854,bd6t5718554,,failed,0,0,,http_manifest,known,403,manifest,"Client error '403 ' for url 'https://openapiproext.bnf.fr/iiif/presentation/v3/ark:/12148/bd6t5718554/manifest.json'
For more information check: https://developer.mozilla.org/en-US/docs/Web/HTTP/Status/403",2026-07-17T21:36:22.850511
figaro1854,bd6t571856g,,failed,0,0,,http_manifest,known,403,manifest,"Client error '403 ' for url 'https://openapiproext.bnf.fr/iiif/presentation/v3/ark:/12148/bd6t571856g/manifest.json'
For more information check: https://developer.mozilla.org/en-US/docs/Web/HTTP/Status/403",2026-07-17T21:36:24.049715
figaro1854,bd6t571857t,,failed,0,0,,http_manifest,known,403,manifest,"Client error '403 ' for url 'https://openapiproext.bnf.fr/iiif/presentation/v3/ark:/12148/bd6t571857t/manifest.json'
For more information check: https://developer.mozilla.org/en-US/docs/Web/HTTP/Status/403",2026-07-17T21:36:25.245240
figaro1854,bd6t5718585,,failed,0,0,,http_manifest,known,403,manifest,"Client error '403 ' for url 'https://openapiproext.bnf.fr/iiif/presentation/v3/ark:/12148/bd6t5718585/manifest.json'
For more information check: https://developer.mozilla.org/en-US/docs/Web/HTTP/Status/403",2026-07-17T21:36:26.453982
figaro1854,bd6t571859h,,failed,0,0,,http_manifest,known,403,manifest,"Client error '403 ' for url 'https://openapiproext.bnf.fr/iiif/presentation/v3/ark:/12148/bd6t571859h/manifest.json'
For more information check: https://developer.mozilla.org/en-US/docs/Web/HTTP/Status/403",2026-07-17T21:36:27.651504
figaro1854,bd6t571860q,,failed,0,0,,http_manifest,known,403,manifest,"Client error '403 ' for url 'https://openapiproext.bnf.fr/iiif/presentation/v3/ark:/12148/bd6t571860q/manifest.json'
For more information check: https://developer.mozilla.org/en-US/docs/Web/HTTP/Status/403",2026-07-17T21:36:28.851332
figaro1854,bd6t5718612,,failed,0,0,,http_manifest,known,403,manifest,"Client error '403 ' for url 'https://openapiproext.bnf.fr/iiif/presentation/v3/ark:/12148/bd6t5718612/manifest.json'
For more information check: https://developer.mozilla.org/en-US/docs/Web/HTTP/Status/403",2026-07-17T21:36:30.053267
figaro1854,bd6t571862d,,failed,0,0,,http_manifest,known,403,manifest,"Client error '403 ' for url 'https://openapiproext.bnf.fr/iiif/presentation/v3/ark:/12148/bd6t571862d/manifest.json'
For more information check: https://developer.mozilla.org/en-US/docs/Web/HTTP/Status/403",2026-07-17T21:36:31.252330
figaro1854,bd6t571863r,,failed,0,0,,http_manifest,known,403,manifest,"Client error '403 ' for url 'https://openapiproext.bnf.fr/iiif/presentation/v3/ark:/12148/bd6t571863r/manifest.json'
For more information check: https://developer.mozilla.org/en-US/docs/Web/HTTP/Status/403",2026-07-17T21:36:32.476835
figaro1854,bd6t5718643,,failed,0,0,,http_manifest,known,403,manifest,"Client error '403 ' for url 'https://openapiproext.bnf.fr/iiif/presentation/v3/ark:/12148/bd6t5718643/manifest.json'
For more information check: https://developer.mozilla.org/en-US/docs/Web/HTTP/Status/403",2026-07-17T21:36:33.658213
figaro1854,bd6t571865f,,failed,0,0,,http_manifest,known,403,manifest,"Client error '403 ' for url 'https://openapiproext.bnf.fr/iiif/presentation/v3/ark:/12148/bd6t571865f/manifest.json'
For more information check: https://developer.mozilla.org/en-US/docs/Web/HTTP/Status/403",2026-07-17T21:36:34.859811
figaro1854,bd6t571866s,,failed,0,0,,http_manifest,known,403,manifest,"Client error '403 ' for url 'https://openapiproext.bnf.fr/iiif/presentation/v3/ark:/12148/bd6t571866s/manifest.json'
For more information check: https://developer.mozilla.org/en-US/docs/Web/HTTP/Status/403",2026-07-17T21:36:36.060570
figaro1854,bd6t571791q,,failed,0,0,,http_manifest,known,403,manifest,"Client error '403 ' for url 'https://openapiproext.bnf.fr/iiif/presentation/v3/ark:/12148/bd6t571791q/manifest.json'
For more information check: https://developer.mozilla.org/en-US/docs/Web/HTTP/Status/403",2026-07-17T21:36:37.269221
figaro1854,bd6t571764t,,failed,0,0,,http_manifest,known,403,manifest,"Client error '403 ' for url 'https://openapiproext.bnf.fr/iiif/presentation/v3/ark:/12148/bd6t571764t/manifest.json'
For more information check: https://developer.mozilla.org/en-US/docs/Web/HTTP/Status/403",2026-07-17T21:36:38.488072
figaro1854,bd6t5717655,,failed,0,0,,http_manifest,known,403,manifest,"Client error '403 ' for url 'https://openapiproext.bnf.fr/iiif/presentation/v3/ark:/12148/bd6t5717655/manifest.json'
For more information check: https://developer.mozilla.org/en-US/docs/Web/HTTP/Status/403",2026-07-17T21:36:39.670895
figaro1854,bd6t571766h,,failed,0,0,,http_manifest,known,403,manifest,"Client error '403 ' for url 'https://openapiproext.bnf.fr/iiif/presentation/v3/ark:/12148/bd6t571766h/manifest.json'
For more information check: https://developer.mozilla.org/en-US/docs/Web/HTTP/Status/403",2026-07-17T21:36:40.867671
figaro1854,bd6t571767v,,failed,0,0,,http_manifest,known,403,manifest,"Client error '403 ' for url 'https://openapiproext.bnf.fr/iiif/presentation/v3/ark:/12148/bd6t571767v/manifest.json'
For more information check: https://developer.mozilla.org/en-US/docs/Web/HTTP/Status/403",2026-07-17T21:36:42.067239
figaro1854,bd6t5717686,,failed,0,0,,http_manifest,known,403,manifest,"Client error '403 ' for url 'https://openapiproext.bnf.fr/iiif/presentation/v3/ark:/12148/bd6t5717686/manifest.json'
For more information check: https://developer.mozilla.org/en-US/docs/Web/HTTP/Status/403",2026-07-17T21:36:43.272272
figaro1854,bd6t571769j,,failed,0,0,,http_manifest,known,403,manifest,"Client error '403 ' for url 'https://openapiproext.bnf.fr/iiif/presentation/v3/ark:/12148/bd6t571769j/manifest.json'
For more information check: https://developer.mozilla.org/en-US/docs/Web/HTTP/Status/403",2026-07-17T21:36:44.471704
figaro1854,bd6t5717713,,failed,0,0,,http_manifest,known,403,manifest,"Client error '403 ' for url 'https://openapiproext.bnf.fr/iiif/presentation/v3/ark:/12148/bd6t5717713/manifest.json'
For more information check: https://developer.mozilla.org/en-US/docs/Web/HTTP/Status/403",2026-07-17T21:36:45.681740
figaro1854,bd6t571770r,,failed,0,0,,http_manifest,known,403,manifest,"Client error '403 ' for url 'https://openapiproext.bnf.fr/iiif/presentation/v3/ark:/12148/bd6t571770r/manifest.json'
For more information check: https://developer.mozilla.org/en-US/docs/Web/HTTP/Status/403",2026-07-17T21:36:46.876402
figaro1854,bd6t571772f,,failed,0,0,,http_manifest,known,403,manifest,"Client error '403 ' for url 'https://openapiproext.bnf.fr/iiif/presentation/v3/ark:/12148/bd6t571772f/manifest.json'
For more information check: https://developer.mozilla.org/en-US/docs/Web/HTTP/Status/403",2026-07-17T21:36:48.078236
figaro1854,bd6t571773s,,failed,0,0,,http_manifest,known,403,manifest,"Client error '403 ' for url 'https://openapiproext.bnf.fr/iiif/presentation/v3/ark:/12148/bd6t571773s/manifest.json'
For more information check: https://developer.mozilla.org/en-US/docs/Web/HTTP/Status/403",2026-07-17T21:36:49.276220
figaro1854,bd6t5717744,,failed,0,0,,http_manifest,known,403,manifest,"Client error '403 ' for url 'https://openapiproext.bnf.fr/iiif/presentation/v3/ark:/12148/bd6t5717744/manifest.json'
For more information check: https://developer.mozilla.org/en-US/docs/Web/HTTP/Status/403",2026-07-17T21:36:50.503186
figaro1854,bd6t571775g,,failed,0,0,,http_manifest,known,403,manifest,"Client error '403 ' for url 'https://openapiproext.bnf.fr/iiif/presentation/v3/ark:/12148/bd6t571775g/manifest.json'
For more information check: https://developer.mozilla.org/en-US/docs/Web/HTTP/Status/403",2026-07-17T21:36:51.682742
figaro1854,bd6t571776t,,failed,0,0,,http_manifest,known,403,manifest,"Client error '403 ' for url 'https://openapiproext.bnf.fr/iiif/presentation/v3/ark:/12148/bd6t571776t/manifest.json'
For more information check: https://developer.mozilla.org/en-US/docs/Web/HTTP/Status/403",2026-07-17T21:36:52.883284
figaro1854,bd6t5717775,,failed,0,0,,http_manifest,known,403,manifest,"Client error '403 ' for url 'https://openapiproext.bnf.fr/iiif/presentation/v3/ark:/12148/bd6t5717775/manifest.json'
For more information check: https://developer.mozilla.org/en-US/docs/Web/HTTP/Status/403",2026-07-17T21:36:54.083469
figaro1854,bd6t571778h,,failed,0,0,,http_manifest,known,403,manifest,"Client error '403 ' for url 'https://openapiproext.bnf.fr/iiif/presentation/v3/ark:/12148/bd6t571778h/manifest.json'
For more information check: https://developer.mozilla.org/en-US/docs/Web/HTTP/Status/403",2026-07-17T21:36:55.284927
figaro1854,bd6t571779v,,failed,0,0,,http_manifest,known,403,manifest,"Client error '403 ' for url 'https://openapiproext.bnf.fr/iiif/presentation/v3/ark:/12148/bd6t571779v/manifest.json'
For more information check: https://developer.mozilla.org/en-US/docs/Web/HTTP/Status/403",2026-07-17T21:36:56.489903
figaro1854,bd6t5717802,,failed,0,0,,http_manifest,known,403,manifest,"Client error '403 ' for url 'https://openapiproext.bnf.fr/iiif/presentation/v3/ark:/12148/bd6t5717802/manifest.json'
For more information check: https://developer.mozilla.org/en-US/docs/Web/HTTP/Status/403",2026-07-17T21:36:57.689515
figaro1854,bd6t571781d,,failed,0,0,,http_manifest,known,403,manifest,"Client error '403 ' for url 'https://openapiproext.bnf.fr/iiif/presentation/v3/ark:/12148/bd6t571781d/manifest.json'
For more information check: https://developer.mozilla.org/en-US/docs/Web/HTTP/Status/403",2026-07-17T21:36:59.151938
figaro1854,bd6t571782r,,failed,0,0,,http_manifest,known,403,manifest,"Client error '403 ' for url 'https://openapiproext.bnf.fr/iiif/presentation/v3/ark:/12148/bd6t571782r/manifest.json'
For more information check: https://developer.mozilla.org/en-US/docs/Web/HTTP/Status/403",2026-07-17T21:37:00.131404
figaro1854,bd6t5717833,,failed,0,0,,http_manifest,known,403,manifest,"Client error '403 ' for url 'https://openapiproext.bnf.fr/iiif/presentation/v3/ark:/12148/bd6t5717833/manifest.json'
For more information check: https://developer.mozilla.org/en-US/docs/Web/HTTP/Status/403",2026-07-17T21:37:01.398833
figaro1854,bd6t571784f,,failed,0,0,,http_manifest,known,403,manifest,"Client error '403 ' for url 'https://openapiproext.bnf.fr/iiif/presentation/v3/ark:/12148/bd6t571784f/manifest.json'
For more information check: https://developer.mozilla.org/en-US/docs/Web/HTTP/Status/403",2026-07-17T21:37:02.520693
figaro1854,bd6t571785s,,failed,0,0,,http_manifest,known,403,manifest,"Client error '403 ' for url 'https://openapiproext.bnf.fr/iiif/presentation/v3/ark:/12148/bd6t571785s/manifest.json'
For more information check: https://developer.mozilla.org/en-US/docs/Web/HTTP/Status/403",2026-07-17T21:37:03.704302
figaro1854,bd6t5717864,,failed,0,0,,http_manifest,known,403,manifest,"Client error '403 ' for url 'https://openapiproext.bnf.fr/iiif/presentation/v3/ark:/12148/bd6t5717864/manifest.json'
For more information check: https://developer.mozilla.org/en-US/docs/Web/HTTP/Status/403",2026-07-17T21:37:04.901244
figaro1854,bd6t571787g,,failed,0,0,,http_manifest,known,403,manifest,"Client error '403 ' for url 'https://openapiproext.bnf.fr/iiif/presentation/v3/ark:/12148/bd6t571787g/manifest.json'
For more information check: https://developer.mozilla.org/en-US/docs/Web/HTTP/Status/403",2026-07-17T21:37:06.330774
figaro1854,bd6t571788t,,failed,0,0,,http_manifest,known,403,manifest,"Client error '403 ' for url 'https://openapiproext.bnf.fr/iiif/presentation/v3/ark:/12148/bd6t571788t/manifest.json'
For more information check: https://developer.mozilla.org/en-US/docs/Web/HTTP/Status/403",2026-07-17T21:37:07.466016
figaro1854,bd6t5717895,,failed,0,0,,http_manifest,known,403,manifest,"Client error '403 ' for url 'https://openapiproext.bnf.fr/iiif/presentation/v3/ark:/12148/bd6t5717895/manifest.json'
For more information check: https://developer.mozilla.org/en-US/docs/Web/HTTP/Status/403",2026-07-17T21:37:08.611747
figaro1854,bd6t571790c,,failed,0,0,,http_manifest,known,403,manifest,"Client error '403 ' for url 'https://openapiproext.bnf.fr/iiif/presentation/v3/ark:/12148/bd6t571790c/manifest.json'
For more information check: https://developer.mozilla.org/en-US/docs/Web/HTTP/Status/403",2026-07-17T21:37:09.745566
figaro1854,bd6t5717922,,failed,0,0,,http_manifest,known,403,manifest,"Client error '403 ' for url 'https://openapiproext.bnf.fr/iiif/presentation/v3/ark:/12148/bd6t5717922/manifest.json'
For more information check: https://developer.mozilla.org/en-US/docs/Web/HTTP/Status/403",2026-07-17T21:37:11.025878
figaro1854,bd6t571793d,,failed,0,0,,http_manifest,known,403,manifest,"Client error '403 ' for url 'https://openapiproext.bnf.fr/iiif/presentation/v3/ark:/12148/bd6t571793d/manifest.json'
For more information check: https://developer.mozilla.org/en-US/docs/Web/HTTP/Status/403",2026-07-17T21:37:12.273143
figaro1854,bd6t571794r,,failed,0,0,,http_manifest,known,403,manifest,"Client error '403 ' for url 'https://openapiproext.bnf.fr/iiif/presentation/v3/ark:/12148/bd6t571794r/manifest.json'
For more information check: https://developer.mozilla.org/en-US/docs/Web/HTTP/Status/403",2026-07-17T21:37:13.520346
figaro1854,bd6t5717953,,failed,0,0,,http_manifest,known,403,manifest,"Client error '403 ' for url 'https://openapiproext.bnf.fr/iiif/presentation/v3/ark:/12148/bd6t5717953/manifest.json'
For more information check: https://developer.mozilla.org/en-US/docs/Web/HTTP/Status/403",2026-07-17T21:37:14.576403
figaro1854,bd6t571796f,,failed,0,0,,http_manifest,known,403,manifest,"Client error '403 ' for url 'https://openapiproext.bnf.fr/iiif/presentation/v3/ark:/12148/bd6t571796f/manifest.json'
For more information check: https://developer.mozilla.org/en-US/docs/Web/HTTP/Status/403",2026-07-17T21:37:15.885902
figaro1854,bd6t571797s,,failed,0,0,,http_manifest,known,403,manifest,"Client error '403 ' for url 'https://openapiproext.bnf.fr/iiif/presentation/v3/ark:/12148/bd6t571797s/manifest.json'
For more information check: https://developer.mozilla.org/en-US/docs/Web/HTTP/Status/403",2026-07-17T21:37:16.916408
figaro1854,bd6t5717984,,failed,0,0,,http_manifest,known,403,manifest,"Client error '403 ' for url 'https://openapiproext.bnf.fr/iiif/presentation/v3/ark:/12148/bd6t5717984/manifest.json'
For more information check: https://developer.mozilla.org/en-US/docs/Web/HTTP/Status/403",2026-07-17T21:37:18.267098
figaro1854,bd6t571799g,,failed,0,0,,http_manifest,known,403,manifest,"Client error '403 ' for url 'https://openapiproext.bnf.fr/iiif/presentation/v3/ark:/12148/bd6t571799g/manifest.json'
For more information check: https://developer.mozilla.org/en-US/docs/Web/HTTP/Status/403",2026-07-17T21:37:19.372775
figaro1854,bd6t571800v,,failed,0,0,,http_manifest,known,403,manifest,"Client error '403 ' for url 'https://openapiproext.bnf.fr/iiif/presentation/v3/ark:/12148/bd6t571800v/manifest.json'
For more information check: https://developer.mozilla.org/en-US/docs/Web/HTTP/Status/403",2026-07-17T21:37:20.553374
figaro1854,bd6t5718016,,failed,0,0,,http_manifest,known,403,manifest,"Client error '403 ' for url 'https://openapiproext.bnf.fr/iiif/presentation/v3/ark:/12148/bd6t5718016/manifest.json'
For more information check: https://developer.mozilla.org/en-US/docs/Web/HTTP/Status/403",2026-07-17T21:37:21.720137
figaro1854,bd6t571802j,,failed,0,0,,http_manifest,known,403,manifest,"Client error '403 ' for url 'https://openapiproext.bnf.fr/iiif/presentation/v3/ark:/12148/bd6t571802j/manifest.json'
For more information check: https://developer.mozilla.org/en-US/docs/Web/HTTP/Status/403",2026-07-17T21:37:22.935677
figaro1854,bd6t571803w,,failed,0,0,,http_manifest,known,403,manifest,"Client error '403 ' for url 'https://openapiproext.bnf.fr/iiif/presentation/v3/ark:/12148/bd6t571803w/manifest.json'
For more information check: https://developer.mozilla.org/en-US/docs/Web/HTTP/Status/403",2026-07-17T21:37:24.122099
figaro1854,bd6t5718047,,failed,0,0,,http_manifest,known,403,manifest,"Client error '403 ' for url 'https://openapiproext.bnf.fr/iiif/presentation/v3/ark:/12148/bd6t5718047/manifest.json'
For more information check: https://developer.mozilla.org/en-US/docs/Web/HTTP/Status/403",2026-07-17T21:37:25.325977
figaro1854,bd6t571805k,,failed,0,0,,http_manifest,known,403,manifest,"Client error '403 ' for url 'https://openapiproext.bnf.fr/iiif/presentation/v3/ark:/12148/bd6t571805k/manifest.json'
For more information check: https://developer.mozilla.org/en-US/docs/Web/HTTP/Status/403",2026-07-17T21:37:26.524745
figaro1854,bd6t571806x,,failed,0,0,,http_manifest,known,403,manifest,"Client error '403 ' for url 'https://openapiproext.bnf.fr/iiif/presentation/v3/ark:/12148/bd6t571806x/manifest.json'
For more information check: https://developer.mozilla.org/en-US/docs/Web/HTTP/Status/403",2026-07-17T21:37:27.725452
figaro1854,bd6t5718078,,failed,0,0,,http_manifest,known,403,manifest,"Client error '403 ' for url 'https://openapiproext.bnf.fr/iiif/presentation/v3/ark:/12148/bd6t5718078/manifest.json'
For more information check: https://developer.mozilla.org/en-US/docs/Web/HTTP/Status/403",2026-07-17T21:37:28.927291
figaro1854,bd6t571808m,,failed,0,0,,http_manifest,known,403,manifest,"Client error '403 ' for url 'https://openapiproext.bnf.fr/iiif/presentation/v3/ark:/12148/bd6t571808m/manifest.json'
For more information check: https://developer.mozilla.org/en-US/docs/Web/HTTP/Status/403",2026-07-17T21:37:30.136888
figaro1854,bd6t571809z,,failed,0,0,,http_manifest,known,403,manifest,"Client error '403 ' for url 'https://openapiproext.bnf.fr/iiif/presentation/v3/ark:/12148/bd6t571809z/manifest.json'
For more information check: https://developer.mozilla.org/en-US/docs/Web/HTTP/Status/403",2026-07-17T21:37:31.328600
figaro1854,bd6t5718105,,failed,0,0,,http_manifest,known,403,manifest,"Client error '403 ' for url 'https://openapiproext.bnf.fr/iiif/presentation/v3/ark:/12148/bd6t5718105/manifest.json'
For more information check: https://developer.mozilla.org/en-US/docs/Web/HTTP/Status/403",2026-07-17T21:37:32.555111
figaro1854,bd6t571811h,,failed,0,0,,http_manifest,known,403,manifest,"Client error '403 ' for url 'https://openapiproext.bnf.fr/iiif/presentation/v3/ark:/12148/bd6t571811h/manifest.json'
For more information check: https://developer.mozilla.org/en-US/docs/Web/HTTP/Status/403",2026-07-17T21:37:33.731041
figaro1854,bd6t571812v,,failed,0,0,,http_manifest,known,403,manifest,"Client error '403 ' for url 'https://openapiproext.bnf.fr/iiif/presentation/v3/ark:/12148/bd6t571812v/manifest.json'
For more information check: https://developer.mozilla.org/en-US/docs/Web/HTTP/Status/403",2026-07-17T21:37:34.932964
figaro1854,bd6t5718136,,failed,0,0,,http_manifest,known,403,manifest,"Client error '403 ' for url 'https://openapiproext.bnf.fr/iiif/presentation/v3/ark:/12148/bd6t5718136/manifest.json'
For more information check: https://developer.mozilla.org/en-US/docs/Web/HTTP/Status/403",2026-07-17T21:37:36.136546
figaro1854,bd6t571814j,,failed,0,0,,http_manifest,known,403,manifest,"Client error '403 ' for url 'https://openapiproext.bnf.fr/iiif/presentation/v3/ark:/12148/bd6t571814j/manifest.json'
For more information check: https://developer.mozilla.org/en-US/docs/Web/HTTP/Status/403",2026-07-17T21:37:37.337700
figaro1854,bd6t571815w,,failed,0,0,,http_manifest,known,403,manifest,"Client error '403 ' for url 'https://openapiproext.bnf.fr/iiif/presentation/v3/ark:/12148/bd6t571815w/manifest.json'
For more information check: https://developer.mozilla.org/en-US/docs/Web/HTTP/Status/403",2026-07-17T21:37:38.558383
figaro1854,bd6t5718167,,failed,0,0,,http_manifest,known,403,manifest,"Client error '403 ' for url 'https://openapiproext.bnf.fr/iiif/presentation/v3/ark:/12148/bd6t5718167/manifest.json'
For more information check: https://developer.mozilla.org/en-US/docs/Web/HTTP/Status/403",2026-07-17T21:37:39.741366
figaro1854,bd6t5717148,,failed,0,0,,http_manifest,known,403,manifest,"Client error '403 ' for url 'https://openapiproext.bnf.fr/iiif/presentation/v3/ark:/12148/bd6t5717148/manifest.json'
For more information check: https://developer.mozilla.org/en-US/docs/Web/HTTP/Status/403",2026-07-17T21:37:40.943450
figaro1854,bd6t571715m,,failed,0,0,,http_manifest,known,403,manifest,"Client error '403 ' for url 'https://openapiproext.bnf.fr/iiif/presentation/v3/ark:/12148/bd6t571715m/manifest.json'
For more information check: https://developer.mozilla.org/en-US/docs/Web/HTTP/Status/403",2026-07-17T21:37:42.142910
figaro1854,bd6t571716z,,failed,0,0,,http_manifest,known,403,manifest,"Client error '403 ' for url 'https://openapiproext.bnf.fr/iiif/presentation/v3/ark:/12148/bd6t571716z/manifest.json'
For more information check: https://developer.mozilla.org/en-US/docs/Web/HTTP/Status/403",2026-07-17T21:37:43.347356
figaro1854,bd6t5717179,,failed,0,0,,http_manifest,known,403,manifest,"Client error '403 ' for url 'https://openapiproext.bnf.fr/iiif/presentation/v3/ark:/12148/bd6t5717179/manifest.json'
For more information check: https://developer.mozilla.org/en-US/docs/Web/HTTP/Status/403",2026-07-17T21:37:44.547478
figaro1854,bd6t571718n,,failed,0,0,,http_manifest,known,403,manifest,"Client error '403 ' for url 'https://openapiproext.bnf.fr/iiif/presentation/v3/ark:/12148/bd6t571718n/manifest.json'
For more information check: https://developer.mozilla.org/en-US/docs/Web/HTTP/Status/403",2026-07-17T21:37:45.746494
figaro1854,bd6t5717190,,failed,0,0,,http_manifest,known,403,manifest,"Client error '403 ' for url 'https://openapiproext.bnf.fr/iiif/presentation/v3/ark:/12148/bd6t5717190/manifest.json'
For more information check: https://developer.mozilla.org/en-US/docs/Web/HTTP/Status/403",2026-07-17T21:37:46.949083
figaro1854,bd6t5717206,,failed,0,0,,http_manifest,known,403,manifest,"Client error '403 ' for url 'https://openapiproext.bnf.fr/iiif/presentation/v3/ark:/12148/bd6t5717206/manifest.json'
For more information check: https://developer.mozilla.org/en-US/docs/Web/HTTP/Status/403",2026-07-17T21:37:48.154283
figaro1854,bd6t571721j,,failed,0,0,,http_manifest,known,403,manifest,"Client error '403 ' for url 'https://openapiproext.bnf.fr/iiif/presentation/v3/ark:/12148/bd6t571721j/manifest.json'
For more information check: https://developer.mozilla.org/en-US/docs/Web/HTTP/Status/403",2026-07-17T21:37:49.357218
figaro1854,bd6t571722w,,failed,0,0,,http_manifest,known,403,manifest,"Client error '403 ' for url 'https://openapiproext.bnf.fr/iiif/presentation/v3/ark:/12148/bd6t571722w/manifest.json'
For more information check: https://developer.mozilla.org/en-US/docs/Web/HTTP/Status/403",2026-07-17T21:37:50.580816
figaro1854,bd6t5717237,,failed,0,0,,http_manifest,known,403,manifest,"Client error '403 ' for url 'https://openapiproext.bnf.fr/iiif/presentation/v3/ark:/12148/bd6t5717237/manifest.json'
For more information check: https://developer.mozilla.org/en-US/docs/Web/HTTP/Status/403",2026-07-17T21:37:51.757278
figaro1854,bd6t571724k,,failed,0,0,,http_manifest,known,403,manifest,"Client error '403 ' for url 'https://openapiproext.bnf.fr/iiif/presentation/v3/ark:/12148/bd6t571724k/manifest.json'
For more information check: https://developer.mozilla.org/en-US/docs/Web/HTTP/Status/403",2026-07-17T21:37:52.959026
figaro1854,bd6t571725x,,failed,0,0,,http_manifest,known,403,manifest,"Client error '403 ' for url 'https://openapiproext.bnf.fr/iiif/presentation/v3/ark:/12148/bd6t571725x/manifest.json'
For more information check: https://developer.mozilla.org/en-US/docs/Web/HTTP/Status/403",2026-07-17T21:37:54.162280
figaro1854,bd6t5717268,,failed,0,0,,http_manifest,known,403,manifest,"Client error '403 ' for url 'https://openapiproext.bnf.fr/iiif/presentation/v3/ark:/12148/bd6t5717268/manifest.json'
For more information check: https://developer.mozilla.org/en-US/docs/Web/HTTP/Status/403",2026-07-17T21:37:55.363623
figaro1854,bd6t571727m,,failed,0,0,,http_manifest,known,403,manifest,"Client error '403 ' for url 'https://openapiproext.bnf.fr/iiif/presentation/v3/ark:/12148/bd6t571727m/manifest.json'
For more information check: https://developer.mozilla.org/en-US/docs/Web/HTTP/Status/403",2026-07-17T21:37:56.564096
figaro1854,bd6t571728z,,failed,0,0,,http_manifest,known,403,manifest,"Client error '403 ' for url 'https://openapiproext.bnf.fr/iiif/presentation/v3/ark:/12148/bd6t571728z/manifest.json'
For more information check: https://developer.mozilla.org/en-US/docs/Web/HTTP/Status/403",2026-07-17T21:37:57.809809
figaro1854,bd6t5717299,,failed,0,0,,http_manifest,known,403,manifest,"Client error '403 ' for url 'https://openapiproext.bnf.fr/iiif/presentation/v3/ark:/12148/bd6t5717299/manifest.json'
For more information check: https://developer.mozilla.org/en-US/docs/Web/HTTP/Status/403",2026-07-17T21:37:58.963549
figaro1854,bd6t571730h,,failed,0,0,,http_manifest,known,403,manifest,"Client error '403 ' for url 'https://openapiproext.bnf.fr/iiif/presentation/v3/ark:/12148/bd6t571730h/manifest.json'
For more information check: https://developer.mozilla.org/en-US/docs/Web/HTTP/Status/403",2026-07-17T21:38:00.165306
figaro1854,bd6t571731v,,failed,0,0,,http_manifest,known,403,manifest,"Client error '403 ' for url 'https://openapiproext.bnf.fr/iiif/presentation/v3/ark:/12148/bd6t571731v/manifest.json'
For more information check: https://developer.mozilla.org/en-US/docs/Web/HTTP/Status/403",2026-07-17T21:38:01.550670
figaro1854,bd6t5717326,,failed,0,0,,http_manifest,known,403,manifest,"Client error '403 ' for url 'https://openapiproext.bnf.fr/iiif/presentation/v3/ark:/12148/bd6t5717326/manifest.json'
For more information check: https://developer.mozilla.org/en-US/docs/Web/HTTP/Status/403",2026-07-17T21:38:02.612563
figaro1854,bd6t571733j,,failed,0,0,,http_manifest,known,403,manifest,"Client error '403 ' for url 'https://openapiproext.bnf.fr/iiif/presentation/v3/ark:/12148/bd6t571733j/manifest.json'
For more information check: https://developer.mozilla.org/en-US/docs/Web/HTTP/Status/403",2026-07-17T21:38:03.946069
figaro1854,bd6t571734w,,failed,0,0,,http_manifest,known,403,manifest,"Client error '403 ' for url 'https://openapiproext.bnf.fr/iiif/presentation/v3/ark:/12148/bd6t571734w/manifest.json'
For more information check: https://developer.mozilla.org/en-US/docs/Web/HTTP/Status/403",2026-07-17T21:38:05.200268
figaro1854,bd6t5717357,,failed,0,0,,http_manifest,known,403,manifest,"Client error '403 ' for url 'https://openapiproext.bnf.fr/iiif/presentation/v3/ark:/12148/bd6t5717357/manifest.json'
For more information check: https://developer.mozilla.org/en-US/docs/Web/HTTP/Status/403",2026-07-17T21:38:06.311209
figaro1854,bd6t571736k,,failed,0,0,,http_manifest,known,403,manifest,"Client error '403 ' for url 'https://openapiproext.bnf.fr/iiif/presentation/v3/ark:/12148/bd6t571736k/manifest.json'
For more information check: https://developer.mozilla.org/en-US/docs/Web/HTTP/Status/403",2026-07-17T21:38:07.379063
figaro1854,bd6t571737x,,failed,0,0,,http_manifest,known,403,manifest,"Client error '403 ' for url 'https://openapiproext.bnf.fr/iiif/presentation/v3/ark:/12148/bd6t571737x/manifest.json'
For more information check: https://developer.mozilla.org/en-US/docs/Web/HTTP/Status/403",2026-07-17T21:38:08.600031
figaro1854,bd6t5717388,,failed,0,0,,http_manifest,known,403,manifest,"Client error '403 ' for url 'https://openapiproext.bnf.fr/iiif/presentation/v3/ark:/12148/bd6t5717388/manifest.json'
For more information check: https://developer.mozilla.org/en-US/docs/Web/HTTP/Status/403",2026-07-17T21:38:09.843185
figaro1854,bd6t571739m,,failed,0,0,,http_manifest,known,403,manifest,"Client error '403 ' for url 'https://openapiproext.bnf.fr/iiif/presentation/v3/ark:/12148/bd6t571739m/manifest.json'
For more information check: https://developer.mozilla.org/en-US/docs/Web/HTTP/Status/403",2026-07-17T21:38:11.087950
figaro1854,bd6t571740t,,failed,0,0,,http_manifest,known,403,manifest,"Client error '403 ' for url 'https://openapiproext.bnf.fr/iiif/presentation/v3/ark:/12148/bd6t571740t/manifest.json'
For more information check: https://developer.mozilla.org/en-US/docs/Web/HTTP/Status/403",2026-07-17T21:38:12.229843
figaro1854,bd6t5717415,,failed,0,0,,http_manifest,known,403,manifest,"Client error '403 ' for url 'https://openapiproext.bnf.fr/iiif/presentation/v3/ark:/12148/bd6t5717415/manifest.json'
For more information check: https://developer.mozilla.org/en-US/docs/Web/HTTP/Status/403",2026-07-17T21:38:13.465091
figaro1854,bd6t571742h,,failed,0,0,,http_manifest,known,403,manifest,"Client error '403 ' for url 'https://openapiproext.bnf.fr/iiif/presentation/v3/ark:/12148/bd6t571742h/manifest.json'
For more information check: https://developer.mozilla.org/en-US/docs/Web/HTTP/Status/403",2026-07-17T21:38:14.643116
figaro1854,bd6t571743v,,failed,0,0,,http_manifest,known,403,manifest,"Client error '403 ' for url 'https://openapiproext.bnf.fr/iiif/presentation/v3/ark:/12148/bd6t571743v/manifest.json'
For more information check: https://developer.mozilla.org/en-US/docs/Web/HTTP/Status/403",2026-07-17T21:38:15.971890
figaro1854,bd6t5717446,,failed,0,0,,http_manifest,known,403,manifest,"Client error '403 ' for url 'https://openapiproext.bnf.fr/iiif/presentation/v3/ark:/12148/bd6t5717446/manifest.json'
For more information check: https://developer.mozilla.org/en-US/docs/Web/HTTP/Status/403",2026-07-17T21:38:16.991117
figaro1854,bd6t571745j,,failed,0,0,,http_manifest,known,403,manifest,"Client error '403 ' for url 'https://openapiproext.bnf.fr/iiif/presentation/v3/ark:/12148/bd6t571745j/manifest.json'
For more information check: https://developer.mozilla.org/en-US/docs/Web/HTTP/Status/403",2026-07-17T21:38:18.193354
figaro1854,bd6t571746w,,failed,0,0,,http_manifest,known,403,manifest,"Client error '403 ' for url 'https://openapiproext.bnf.fr/iiif/presentation/v3/ark:/12148/bd6t571746w/manifest.json'
For more information check: https://developer.mozilla.org/en-US/docs/Web/HTTP/Status/403",2026-07-17T21:38:19.391388
figaro1854,bd6t5717477,,failed,0,0,,http_manifest,known,403,manifest,"Client error '403 ' for url 'https://openapiproext.bnf.fr/iiif/presentation/v3/ark:/12148/bd6t5717477/manifest.json'
For more information check: https://developer.mozilla.org/en-US/docs/Web/HTTP/Status/403",2026-07-17T21:38:20.614321
figaro1854,bd6t571748k,,failed,0,0,,http_manifest,known,403,manifest,"Client error '403 ' for url 'https://openapiproext.bnf.fr/iiif/presentation/v3/ark:/12148/bd6t571748k/manifest.json'
For more information check: https://developer.mozilla.org/en-US/docs/Web/HTTP/Status/403",2026-07-17T21:38:21.814998
figaro1854,bd6t571749x,,failed,0,0,,http_manifest,known,403,manifest,"Client error '403 ' for url 'https://openapiproext.bnf.fr/iiif/presentation/v3/ark:/12148/bd6t571749x/manifest.json'
For more information check: https://developer.mozilla.org/en-US/docs/Web/HTTP/Status/403",2026-07-17T21:38:22.996016
figaro1854,bd6t5717504,,failed,0,0,,http_manifest,known,403,manifest,"Client error '403 ' for url 'https://openapiproext.bnf.fr/iiif/presentation/v3/ark:/12148/bd6t5717504/manifest.json'
For more information check: https://developer.mozilla.org/en-US/docs/Web/HTTP/Status/403",2026-07-17T21:38:24.193686
figaro1854,bd6t571751g,,failed,0,0,,http_manifest,known,403,manifest,"Client error '403 ' for url 'https://openapiproext.bnf.fr/iiif/presentation/v3/ark:/12148/bd6t571751g/manifest.json'
For more information check: https://developer.mozilla.org/en-US/docs/Web/HTTP/Status/403",2026-07-17T21:38:25.396011
figaro1854,bd6t571752t,,failed,0,0,,http_manifest,known,403,manifest,"Client error '403 ' for url 'https://openapiproext.bnf.fr/iiif/presentation/v3/ark:/12148/bd6t571752t/manifest.json'
For more information check: https://developer.mozilla.org/en-US/docs/Web/HTTP/Status/403",2026-07-17T21:38:26.630097
figaro1854,bd6t5717535,,failed,0,0,,http_manifest,known,403,manifest,"Client error '403 ' for url 'https://openapiproext.bnf.fr/iiif/presentation/v3/ark:/12148/bd6t5717535/manifest.json'
For more information check: https://developer.mozilla.org/en-US/docs/Web/HTTP/Status/403",2026-07-17T21:38:27.795987
figaro1854,bd6t571754h,,failed,0,0,,http_manifest,known,403,manifest,"Client error '403 ' for url 'https://openapiproext.bnf.fr/iiif/presentation/v3/ark:/12148/bd6t571754h/manifest.json'
For more information check: https://developer.mozilla.org/en-US/docs/Web/HTTP/Status/403",2026-07-17T21:38:29.000683
figaro1854,bd6t571755v,,failed,0,0,,http_manifest,known,403,manifest,"Client error '403 ' for url 'https://openapiproext.bnf.fr/iiif/presentation/v3/ark:/12148/bd6t571755v/manifest.json'
For more information check: https://developer.mozilla.org/en-US/docs/Web/HTTP/Status/403",2026-07-17T21:38:30.204142
figaro1854,bd6t5717566,,failed,0,0,,http_manifest,known,403,manifest,"Client error '403 ' for url 'https://openapiproext.bnf.fr/iiif/presentation/v3/ark:/12148/bd6t5717566/manifest.json'
For more information check: https://developer.mozilla.org/en-US/docs/Web/HTTP/Status/403",2026-07-17T21:38:31.402331
figaro1854,bd6t571757j,,failed,0,0,,http_manifest,known,403,manifest,"Client error '403 ' for url 'https://openapiproext.bnf.fr/iiif/presentation/v3/ark:/12148/bd6t571757j/manifest.json'
For more information check: https://developer.mozilla.org/en-US/docs/Web/HTTP/Status/403",2026-07-17T21:38:32.605018
figaro1854,bd6t571758w,,failed,0,0,,http_manifest,known,403,manifest,"Client error '403 ' for url 'https://openapiproext.bnf.fr/iiif/presentation/v3/ark:/12148/bd6t571758w/manifest.json'
For more information check: https://developer.mozilla.org/en-US/docs/Web/HTTP/Status/403",2026-07-17T21:38:33.804801
figaro1854,bd6t5717597,,failed,0,0,,http_manifest,known,403,manifest,"Client error '403 ' for url 'https://openapiproext.bnf.fr/iiif/presentation/v3/ark:/12148/bd6t5717597/manifest.json'
For more information check: https://developer.mozilla.org/en-US/docs/Web/HTTP/Status/403",2026-07-17T21:38:35.020666
figaro1854,bd6t571760f,,failed,0,0,,http_manifest,known,403,manifest,"Client error '403 ' for url 'https://openapiproext.bnf.fr/iiif/presentation/v3/ark:/12148/bd6t571760f/manifest.json'
For more information check: https://developer.mozilla.org/en-US/docs/Web/HTTP/Status/403",2026-07-17T21:38:36.211851
figaro1854,bd6t571761s,,failed,0,0,,http_manifest,known,403,manifest,"Client error '403 ' for url 'https://openapiproext.bnf.fr/iiif/presentation/v3/ark:/12148/bd6t571761s/manifest.json'
For more information check: https://developer.mozilla.org/en-US/docs/Web/HTTP/Status/403",2026-07-17T21:38:37.409193
figaro1854,bd6t5717624,,failed,0,0,,http_manifest,known,403,manifest,"Client error '403 ' for url 'https://openapiproext.bnf.fr/iiif/presentation/v3/ark:/12148/bd6t5717624/manifest.json'
For more information check: https://developer.mozilla.org/en-US/docs/Web/HTTP/Status/403",2026-07-17T21:38:38.638576
figaro1854,bd6t571763g,,failed,0,0,,http_manifest,known,403,manifest,"Client error '403 ' for url 'https://openapiproext.bnf.fr/iiif/presentation/v3/ark:/12148/bd6t571763g/manifest.json'
For more information check: https://developer.mozilla.org/en-US/docs/Web/HTTP/Status/403",2026-07-17T21:38:39.816216
figaro1854,bd6t571662v,,failed,0,0,,http_manifest,known,403,manifest,"Client error '403 ' for url 'https://openapiproext.bnf.fr/iiif/presentation/v3/ark:/12148/bd6t571662v/manifest.json'
For more information check: https://developer.mozilla.org/en-US/docs/Web/HTTP/Status/403",2026-07-17T21:38:41.015211
figaro1854,bd6t5716636,,failed,0,0,,http_manifest,known,403,manifest,"Client error '403 ' for url 'https://openapiproext.bnf.fr/iiif/presentation/v3/ark:/12148/bd6t5716636/manifest.json'
For more information check: https://developer.mozilla.org/en-US/docs/Web/HTTP/Status/403",2026-07-17T21:38:42.217348
figaro1854,bd6t571664j,,failed,0,0,,http_manifest,known,403,manifest,"Client error '403 ' for url 'https://openapiproext.bnf.fr/iiif/presentation/v3/ark:/12148/bd6t571664j/manifest.json'
For more information check: https://developer.mozilla.org/en-US/docs/Web/HTTP/Status/403",2026-07-17T21:38:43.419637
figaro1854,bd6t571665w,,failed,0,0,,http_manifest,known,403,manifest,"Client error '403 ' for url 'https://openapiproext.bnf.fr/iiif/presentation/v3/ark:/12148/bd6t571665w/manifest.json'
For more information check: https://developer.mozilla.org/en-US/docs/Web/HTTP/Status/403",2026-07-17T21:38:44.619728
figaro1854,bd6t5716667,,failed,0,0,,http_manifest,known,403,manifest,"Client error '403 ' for url 'https://openapiproext.bnf.fr/iiif/presentation/v3/ark:/12148/bd6t5716667/manifest.json'
For more information check: https://developer.mozilla.org/en-US/docs/Web/HTTP/Status/403",2026-07-17T21:38:45.822301
figaro1854,bd6t571667k,,failed,0,0,,http_manifest,known,403,manifest,"Client error '403 ' for url 'https://openapiproext.bnf.fr/iiif/presentation/v3/ark:/12148/bd6t571667k/manifest.json'
For more information check: https://developer.mozilla.org/en-US/docs/Web/HTTP/Status/403",2026-07-17T21:38:47.025853
figaro1854,bd6t571668x,,failed,0,0,,http_manifest,known,403,manifest,"Client error '403 ' for url 'https://openapiproext.bnf.fr/iiif/presentation/v3/ark:/12148/bd6t571668x/manifest.json'
For more information check: https://developer.mozilla.org/en-US/docs/Web/HTTP/Status/403",2026-07-17T21:38:48.230761
figaro1854,bd6t5716698,,failed,0,0,,http_manifest,known,403,manifest,"Client error '403 ' for url 'https://openapiproext.bnf.fr/iiif/presentation/v3/ark:/12148/bd6t5716698/manifest.json'
For more information check: https://developer.mozilla.org/en-US/docs/Web/HTTP/Status/403",2026-07-17T21:38:49.430511
figaro1854,bd6t571670g,,failed,0,0,,http_manifest,known,403,manifest,"Client error '403 ' for url 'https://openapiproext.bnf.fr/iiif/presentation/v3/ark:/12148/bd6t571670g/manifest.json'
For more information check: https://developer.mozilla.org/en-US/docs/Web/HTTP/Status/403",2026-07-17T21:38:50.657774
figaro1854,bd6t571671t,,failed,0,0,,http_manifest,known,403,manifest,"Client error '403 ' for url 'https://openapiproext.bnf.fr/iiif/presentation/v3/ark:/12148/bd6t571671t/manifest.json'
For more information check: https://developer.mozilla.org/en-US/docs/Web/HTTP/Status/403",2026-07-17T21:38:51.835108
figaro1854,bd6t5716725,,failed,0,0,,http_manifest,known,403,manifest,"Client error '403 ' for url 'https://openapiproext.bnf.fr/iiif/presentation/v3/ark:/12148/bd6t5716725/manifest.json'
For more information check: https://developer.mozilla.org/en-US/docs/Web/HTTP/Status/403",2026-07-17T21:38:53.036229
figaro1854,bd6t571673h,,failed,0,0,,http_manifest,known,403,manifest,"Client error '403 ' for url 'https://openapiproext.bnf.fr/iiif/presentation/v3/ark:/12148/bd6t571673h/manifest.json'
For more information check: https://developer.mozilla.org/en-US/docs/Web/HTTP/Status/403",2026-07-17T21:38:54.234184
figaro1854,bd6t571674v,,failed,0,0,,http_manifest,known,403,manifest,"Client error '403 ' for url 'https://openapiproext.bnf.fr/iiif/presentation/v3/ark:/12148/bd6t571674v/manifest.json'
For more information check: https://developer.mozilla.org/en-US/docs/Web/HTTP/Status/403",2026-07-17T21:38:55.434655
figaro1854,bd6t5716756,,failed,0,0,,http_manifest,known,403,manifest,"Client error '403 ' for url 'https://openapiproext.bnf.fr/iiif/presentation/v3/ark:/12148/bd6t5716756/manifest.json'
For more information check: https://developer.mozilla.org/en-US/docs/Web/HTTP/Status/403",2026-07-17T21:38:56.666848
figaro1854,bd6t571676j,,failed,0,0,,http_manifest,known,403,manifest,"Client error '403 ' for url 'https://openapiproext.bnf.fr/iiif/presentation/v3/ark:/12148/bd6t571676j/manifest.json'
For more information check: https://developer.mozilla.org/en-US/docs/Web/HTTP/Status/403",2026-07-17T21:38:57.881175
figaro1854,bd6t571677w,,failed,0,0,,http_manifest,known,403,manifest,"Client error '403 ' for url 'https://openapiproext.bnf.fr/iiif/presentation/v3/ark:/12148/bd6t571677w/manifest.json'
For more information check: https://developer.mozilla.org/en-US/docs/Web/HTTP/Status/403",2026-07-17T21:38:59.214245
figaro1854,bd6t5716787,,failed,0,0,,http_manifest,known,403,manifest,"Client error '403 ' for url 'https://openapiproext.bnf.fr/iiif/presentation/v3/ark:/12148/bd6t5716787/manifest.json'
For more information check: https://developer.mozilla.org/en-US/docs/Web/HTTP/Status/403",2026-07-17T21:39:00.468088
figaro1854,bd6t571679k,,failed,0,0,,http_manifest,known,403,manifest,"Client error '403 ' for url 'https://openapiproext.bnf.fr/iiif/presentation/v3/ark:/12148/bd6t571679k/manifest.json'
For more information check: https://developer.mozilla.org/en-US/docs/Web/HTTP/Status/403",2026-07-17T21:39:01.615152
figaro1854,bd6t571680s,,failed,0,0,,http_manifest,known,403,manifest,"Client error '403 ' for url 'https://openapiproext.bnf.fr/iiif/presentation/v3/ark:/12148/bd6t571680s/manifest.json'
For more information check: https://developer.mozilla.org/en-US/docs/Web/HTTP/Status/403",2026-07-17T21:39:02.662450
figaro1854,bd6t5716814,,failed,0,0,,http_manifest,known,403,manifest,"Client error '403 ' for url 'https://openapiproext.bnf.fr/iiif/presentation/v3/ark:/12148/bd6t5716814/manifest.json'
For more information check: https://developer.mozilla.org/en-US/docs/Web/HTTP/Status/403",2026-07-17T21:39:04.102126
figaro1854,bd6t571682g,,failed,0,0,,http_manifest,known,403,manifest,"Client error '403 ' for url 'https://openapiproext.bnf.fr/iiif/presentation/v3/ark:/12148/bd6t571682g/manifest.json'
For more information check: https://developer.mozilla.org/en-US/docs/Web/HTTP/Status/403",2026-07-17T21:39:05.202388
figaro1854,bd6t571683t,,failed,0,0,,http_manifest,known,403,manifest,"Client error '403 ' for url 'https://openapiproext.bnf.fr/iiif/presentation/v3/ark:/12148/bd6t571683t/manifest.json'
For more information check: https://developer.mozilla.org/en-US/docs/Web/HTTP/Status/403",2026-07-17T21:39:06.258672
figaro1854,bd6t5716845,,failed,0,0,,http_manifest,known,403,manifest,"Client error '403 ' for url 'https://openapiproext.bnf.fr/iiif/presentation/v3/ark:/12148/bd6t5716845/manifest.json'
For more information check: https://developer.mozilla.org/en-US/docs/Web/HTTP/Status/403",2026-07-17T21:39:07.453228
figaro1854,bd6t571685h,,failed,0,0,,http_manifest,known,403,manifest,"Client error '403 ' for url 'https://openapiproext.bnf.fr/iiif/presentation/v3/ark:/12148/bd6t571685h/manifest.json'
For more information check: https://developer.mozilla.org/en-US/docs/Web/HTTP/Status/403",2026-07-17T21:39:08.677706
figaro1854,bd6t571686v,,failed,0,0,,http_manifest,known,403,manifest,"Client error '403 ' for url 'https://openapiproext.bnf.fr/iiif/presentation/v3/ark:/12148/bd6t571686v/manifest.json'
For more information check: https://developer.mozilla.org/en-US/docs/Web/HTTP/Status/403",2026-07-17T21:39:09.857282
figaro1854,bd6t5716876,,failed,0,0,,http_manifest,known,403,manifest,"Client error '403 ' for url 'https://openapiproext.bnf.fr/iiif/presentation/v3/ark:/12148/bd6t5716876/manifest.json'
For more information check: https://developer.mozilla.org/en-US/docs/Web/HTTP/Status/403",2026-07-17T21:39:11.057998
figaro1854,bd6t571688j,,failed,0,0,,http_manifest,known,403,manifest,"Client error '403 ' for url 'https://openapiproext.bnf.fr/iiif/presentation/v3/ark:/12148/bd6t571688j/manifest.json'
For more information check: https://developer.mozilla.org/en-US/docs/Web/HTTP/Status/403",2026-07-17T21:39:12.255844
figaro1854,bd6t571689w,,failed,0,0,,http_manifest,known,403,manifest,"Client error '403 ' for url 'https://openapiproext.bnf.fr/iiif/presentation/v3/ark:/12148/bd6t571689w/manifest.json'
For more information check: https://developer.mozilla.org/en-US/docs/Web/HTTP/Status/403",2026-07-17T21:39:13.458227
figaro1854,bd6t5716903,,failed,0,0,,http_manifest,known,403,manifest,"Client error '403 ' for url 'https://openapiproext.bnf.fr/iiif/presentation/v3/ark:/12148/bd6t5716903/manifest.json'
For more information check: https://developer.mozilla.org/en-US/docs/Web/HTTP/Status/403",2026-07-17T21:39:14.659212
figaro1854,bd6t571691f,,failed,0,0,,http_manifest,known,403,manifest,"Client error '403 ' for url 'https://openapiproext.bnf.fr/iiif/presentation/v3/ark:/12148/bd6t571691f/manifest.json'
For more information check: https://developer.mozilla.org/en-US/docs/Web/HTTP/Status/403",2026-07-17T21:39:15.861380
figaro1854,bd6t571692s,,failed,0,0,,http_manifest,known,403,manifest,"Client error '403 ' for url 'https://openapiproext.bnf.fr/iiif/presentation/v3/ark:/12148/bd6t571692s/manifest.json'
For more information check: https://developer.mozilla.org/en-US/docs/Web/HTTP/Status/403",2026-07-17T21:39:17.063143
figaro1854,bd6t5716934,,failed,0,0,,http_manifest,known,403,manifest,"Client error '403 ' for url 'https://openapiproext.bnf.fr/iiif/presentation/v3/ark:/12148/bd6t5716934/manifest.json'
For more information check: https://developer.mozilla.org/en-US/docs/Web/HTTP/Status/403",2026-07-17T21:39:18.266943
figaro1854,bd6t571694g,,failed,0,0,,http_manifest,known,403,manifest,"Client error '403 ' for url 'https://openapiproext.bnf.fr/iiif/presentation/v3/ark:/12148/bd6t571694g/manifest.json'
For more information check: https://developer.mozilla.org/en-US/docs/Web/HTTP/Status/403",2026-07-17T21:39:19.468633
figaro1854,bd6t571695t,,failed,0,0,,http_manifest,known,403,manifest,"Client error '403 ' for url 'https://openapiproext.bnf.fr/iiif/presentation/v3/ark:/12148/bd6t571695t/manifest.json'
For more information check: https://developer.mozilla.org/en-US/docs/Web/HTTP/Status/403",2026-07-17T21:39:20.691445
figaro1854,bd6t5716965,,failed,0,0,,http_manifest,known,403,manifest,"Client error '403 ' for url 'https://openapiproext.bnf.fr/iiif/presentation/v3/ark:/12148/bd6t5716965/manifest.json'
For more information check: https://developer.mozilla.org/en-US/docs/Web/HTTP/Status/403",2026-07-17T21:39:21.868614
figaro1854,bd6t571697h,,failed,0,0,,http_manifest,known,403,manifest,"Client error '403 ' for url 'https://openapiproext.bnf.fr/iiif/presentation/v3/ark:/12148/bd6t571697h/manifest.json'
For more information check: https://developer.mozilla.org/en-US/docs/Web/HTTP/Status/403",2026-07-17T21:39:23.068096
figaro1854,bd6t571698v,,failed,0,0,,http_manifest,known,403,manifest,"Client error '403 ' for url 'https://openapiproext.bnf.fr/iiif/presentation/v3/ark:/12148/bd6t571698v/manifest.json'
For more information check: https://developer.mozilla.org/en-US/docs/Web/HTTP/Status/403",2026-07-17T21:39:24.270474
figaro1854,bd6t5716996,,failed,0,0,,http_manifest,known,403,manifest,"Client error '403 ' for url 'https://openapiproext.bnf.fr/iiif/presentation/v3/ark:/12148/bd6t5716996/manifest.json'
For more information check: https://developer.mozilla.org/en-US/docs/Web/HTTP/Status/403",2026-07-17T21:39:25.471954
figaro1854,bd6t571700k,,failed,0,0,,http_manifest,known,403,manifest,"Client error '403 ' for url 'https://openapiproext.bnf.fr/iiif/presentation/v3/ark:/12148/bd6t571700k/manifest.json'
For more information check: https://developer.mozilla.org/en-US/docs/Web/HTTP/Status/403",2026-07-17T21:39:26.688520
figaro1854,bd6t571701x,,failed,0,0,,http_manifest,known,403,manifest,"Client error '403 ' for url 'https://openapiproext.bnf.fr/iiif/presentation/v3/ark:/12148/bd6t571701x/manifest.json'
For more information check: https://developer.mozilla.org/en-US/docs/Web/HTTP/Status/403",2026-07-17T21:39:27.874726
figaro1854,bd6t5717028,,failed,0,0,,http_manifest,known,403,manifest,"Client error '403 ' for url 'https://openapiproext.bnf.fr/iiif/presentation/v3/ark:/12148/bd6t5717028/manifest.json'
For more information check: https://developer.mozilla.org/en-US/docs/Web/HTTP/Status/403",2026-07-17T21:39:29.076711
figaro1854,bd6t571703m,,failed,0,0,,http_manifest,known,403,manifest,"Client error '403 ' for url 'https://openapiproext.bnf.fr/iiif/presentation/v3/ark:/12148/bd6t571703m/manifest.json'
For more information check: https://developer.mozilla.org/en-US/docs/Web/HTTP/Status/403",2026-07-17T21:39:30.277621
figaro1854,bd6t571704z,,failed,0,0,,http_manifest,known,403,manifest,"Client error '403 ' for url 'https://openapiproext.bnf.fr/iiif/presentation/v3/ark:/12148/bd6t571704z/manifest.json'
For more information check: https://developer.mozilla.org/en-US/docs/Web/HTTP/Status/403",2026-07-17T21:39:31.480026
figaro1854,bd6t5717059,,failed,0,0,,http_manifest,known,403,manifest,"Client error '403 ' for url 'https://openapiproext.bnf.fr/iiif/presentation/v3/ark:/12148/bd6t5717059/manifest.json'
For more information check: https://developer.mozilla.org/en-US/docs/Web/HTTP/Status/403",2026-07-17T21:39:32.681624
figaro1854,bd6t571706n,,failed,0,0,,http_manifest,known,403,manifest,"Client error '403 ' for url 'https://openapiproext.bnf.fr/iiif/presentation/v3/ark:/12148/bd6t571706n/manifest.json'
For more information check: https://developer.mozilla.org/en-US/docs/Web/HTTP/Status/403",2026-07-17T21:39:33.879098
figaro1854,bd6t5717070,,failed,0,0,,http_manifest,known,403,manifest,"Client error '403 ' for url 'https://openapiproext.bnf.fr/iiif/presentation/v3/ark:/12148/bd6t5717070/manifest.json'
For more information check: https://developer.mozilla.org/en-US/docs/Web/HTTP/Status/403",2026-07-17T21:39:35.086934
figaro1854,bd6t571708b,,failed,0,0,,http_manifest,known,403,manifest,"Client error '403 ' for url 'https://openapiproext.bnf.fr/iiif/presentation/v3/ark:/12148/bd6t571708b/manifest.json'
For more information check: https://developer.mozilla.org/en-US/docs/Web/HTTP/Status/403",2026-07-17T21:39:36.290947
figaro1854,bd6t571709p,,failed,0,0,,http_manifest,known,403,manifest,"Client error '403 ' for url 'https://openapiproext.bnf.fr/iiif/presentation/v3/ark:/12148/bd6t571709p/manifest.json'
For more information check: https://developer.mozilla.org/en-US/docs/Web/HTTP/Status/403",2026-07-17T21:39:37.486440
figaro1854,bd6t571710w,,failed,0,0,,http_manifest,known,403,manifest,"Client error '403 ' for url 'https://openapiproext.bnf.fr/iiif/presentation/v3/ark:/12148/bd6t571710w/manifest.json'
For more information check: https://developer.mozilla.org/en-US/docs/Web/HTTP/Status/403",2026-07-17T21:39:38.710208
figaro1854,bd6t5717117,,failed,0,0,,http_manifest,known,403,manifest,"Client error '403 ' for url 'https://openapiproext.bnf.fr/iiif/presentation/v3/ark:/12148/bd6t5717117/manifest.json'
For more information check: https://developer.mozilla.org/en-US/docs/Web/HTTP/Status/403",2026-07-17T21:39:39.890753
figaro1854,bd6t571712k,,failed,0,0,,http_manifest,known,403,manifest,"Client error '403 ' for url 'https://openapiproext.bnf.fr/iiif/presentation/v3/ark:/12148/bd6t571712k/manifest.json'
For more information check: https://developer.mozilla.org/en-US/docs/Web/HTTP/Status/403",2026-07-17T21:39:41.093102
figaro1854,bd6t571713x,,failed,0,0,,http_manifest,known,403,manifest,"Client error '403 ' for url 'https://openapiproext.bnf.fr/iiif/presentation/v3/ark:/12148/bd6t571713x/manifest.json'
For more information check: https://developer.mozilla.org/en-US/docs/Web/HTTP/Status/403",2026-07-17T21:39:42.296140
figaro1854,bd6t5689985,,failed,0,0,,http_manifest,known,403,manifest,"Client error '403 ' for url 'https://openapiproext.bnf.fr/iiif/presentation/v3/ark:/12148/bd6t5689985/manifest.json'
For more information check: https://developer.mozilla.org/en-US/docs/Web/HTTP/Status/403",2026-07-17T21:39:43.498737
figaro1854,bd6t568999h,,failed,0,0,,http_manifest,known,403,manifest,"Client error '403 ' for url 'https://openapiproext.bnf.fr/iiif/presentation/v3/ark:/12148/bd6t568999h/manifest.json'
For more information check: https://developer.mozilla.org/en-US/docs/Web/HTTP/Status/403",2026-07-17T21:39:44.701214
figaro1854,bd6t569000c,,failed,0,0,,http_manifest,known,403,manifest,"Client error '403 ' for url 'https://openapiproext.bnf.fr/iiif/presentation/v3/ark:/12148/bd6t569000c/manifest.json'
For more information check: https://developer.mozilla.org/en-US/docs/Web/HTTP/Status/403",2026-07-17T21:39:45.898613
figaro1854,bd6t569001q,,failed,0,0,,http_manifest,known,403,manifest,"Client error '403 ' for url 'https://openapiproext.bnf.fr/iiif/presentation/v3/ark:/12148/bd6t569001q/manifest.json'
For more information check: https://developer.mozilla.org/en-US/docs/Web/HTTP/Status/403",2026-07-17T21:39:47.099959
figaro1854,bd6t5690022,,failed,0,0,,http_manifest,known,403,manifest,"Client error '403 ' for url 'https://openapiproext.bnf.fr/iiif/presentation/v3/ark:/12148/bd6t5690022/manifest.json'
For more information check: https://developer.mozilla.org/en-US/docs/Web/HTTP/Status/403",2026-07-17T21:39:48.304856
figaro1854,bd6t569003d,,failed,0,0,,http_manifest,known,403,manifest,"Client error '403 ' for url 'https://openapiproext.bnf.fr/iiif/presentation/v3/ark:/12148/bd6t569003d/manifest.json'
For more information check: https://developer.mozilla.org/en-US/docs/Web/HTTP/Status/403",2026-07-17T21:39:49.502830
figaro1854,bd6t569004r,,failed,0,0,,http_manifest,known,403,manifest,"Client error '403 ' for url 'https://openapiproext.bnf.fr/iiif/presentation/v3/ark:/12148/bd6t569004r/manifest.json'
For more information check: https://developer.mozilla.org/en-US/docs/Web/HTTP/Status/403",2026-07-17T21:39:50.728033
figaro1854,bd6t5690053,,failed,0,0,,http_manifest,known,403,manifest,"Client error '403 ' for url 'https://openapiproext.bnf.fr/iiif/presentation/v3/ark:/12148/bd6t5690053/manifest.json'
For more information check: https://developer.mozilla.org/en-US/docs/Web/HTTP/Status/403",2026-07-17T21:39:51.906111
figaro1854,bd6t569006f,,failed,0,0,,http_manifest,known,403,manifest,"Client error '403 ' for url 'https://openapiproext.bnf.fr/iiif/presentation/v3/ark:/12148/bd6t569006f/manifest.json'
For more information check: https://developer.mozilla.org/en-US/docs/Web/HTTP/Status/403",2026-07-17T21:39:53.108891
figaro1854,bd6t569007s,,failed,0,0,,http_manifest,known,403,manifest,"Client error '403 ' for url 'https://openapiproext.bnf.fr/iiif/presentation/v3/ark:/12148/bd6t569007s/manifest.json'
For more information check: https://developer.mozilla.org/en-US/docs/Web/HTTP/Status/403",2026-07-17T21:39:54.308988
figaro1854,bd6t5690084,,failed,0,0,,http_manifest,known,403,manifest,"Client error '403 ' for url 'https://openapiproext.bnf.fr/iiif/presentation/v3/ark:/12148/bd6t5690084/manifest.json'
For more information check: https://developer.mozilla.org/en-US/docs/Web/HTTP/Status/403",2026-07-17T21:39:55.510595
figaro1854,bd6t569009g,,failed,0,0,,http_manifest,known,403,manifest,"Client error '403 ' for url 'https://openapiproext.bnf.fr/iiif/presentation/v3/ark:/12148/bd6t569009g/manifest.json'
For more information check: https://developer.mozilla.org/en-US/docs/Web/HTTP/Status/403",2026-07-17T21:39:56.736548
figaro1854,bd6t569010p,,failed,0,0,,http_manifest,known,403,manifest,"Client error '403 ' for url 'https://openapiproext.bnf.fr/iiif/presentation/v3/ark:/12148/bd6t569010p/manifest.json'
For more information check: https://developer.mozilla.org/en-US/docs/Web/HTTP/Status/403",2026-07-17T21:39:58.142635
figaro1854,bd6t5690111,,failed,0,0,,http_manifest,known,403,manifest,"Client error '403 ' for url 'https://openapiproext.bnf.fr/iiif/presentation/v3/ark:/12148/bd6t5690111/manifest.json'
For more information check: https://developer.mozilla.org/en-US/docs/Web/HTTP/Status/403",2026-07-17T21:39:59.143215
figaro1854,bd6t569012c,,failed,0,0,,http_manifest,known,403,manifest,"Client error '403 ' for url 'https://openapiproext.bnf.fr/iiif/presentation/v3/ark:/12148/bd6t569012c/manifest.json'
For more information check: https://developer.mozilla.org/en-US/docs/Web/HTTP/Status/403",2026-07-17T21:40:00.317078
figaro1854,bd6t569013q,,failed,0,0,,http_manifest,known,403,manifest,"Client error '403 ' for url 'https://openapiproext.bnf.fr/iiif/presentation/v3/ark:/12148/bd6t569013q/manifest.json'
For more information check: https://developer.mozilla.org/en-US/docs/Web/HTTP/Status/403",2026-07-17T21:40:01.690508
figaro1854,bd6t5690142,,failed,0,0,,http_manifest,known,403,manifest,"Client error '403 ' for url 'https://openapiproext.bnf.fr/iiif/presentation/v3/ark:/12148/bd6t5690142/manifest.json'
For more information check: https://developer.mozilla.org/en-US/docs/Web/HTTP/Status/403",2026-07-17T21:40:02.746569
figaro1854,bd6t569015d,,failed,0,0,,http_manifest,known,403,manifest,"Client error '403 ' for url 'https://openapiproext.bnf.fr/iiif/presentation/v3/ark:/12148/bd6t569015d/manifest.json'
For more information check: https://developer.mozilla.org/en-US/docs/Web/HTTP/Status/403",2026-07-17T21:40:03.925208
figaro1854,bd6t569016r,,failed,0,0,,http_manifest,known,403,manifest,"Client error '403 ' for url 'https://openapiproext.bnf.fr/iiif/presentation/v3/ark:/12148/bd6t569016r/manifest.json'
For more information check: https://developer.mozilla.org/en-US/docs/Web/HTTP/Status/403",2026-07-17T21:40:05.120569
figaro1854,bd6t5690173,,failed,0,0,,http_manifest,known,403,manifest,"Client error '403 ' for url 'https://openapiproext.bnf.fr/iiif/presentation/v3/ark:/12148/bd6t5690173/manifest.json'
For more information check: https://developer.mozilla.org/en-US/docs/Web/HTTP/Status/403",2026-07-17T21:40:06.322073
figaro1854,bd6t569018f,,failed,0,0,,http_manifest,known,403,manifest,"Client error '403 ' for url 'https://openapiproext.bnf.fr/iiif/presentation/v3/ark:/12148/bd6t569018f/manifest.json'
For more information check: https://developer.mozilla.org/en-US/docs/Web/HTTP/Status/403",2026-07-17T21:40:07.712726
figaro1854,bd6t569019s,,failed,0,0,,http_manifest,known,403,manifest,"Client error '403 ' for url 'https://openapiproext.bnf.fr/iiif/presentation/v3/ark:/12148/bd6t569019s/manifest.json'
For more information check: https://developer.mozilla.org/en-US/docs/Web/HTTP/Status/403",2026-07-17T21:40:08.848050
figaro1854,bd6t5690200,,failed,0,0,,http_manifest,known,403,manifest,"Client error '403 ' for url 'https://openapiproext.bnf.fr/iiif/presentation/v3/ark:/12148/bd6t5690200/manifest.json'
For more information check: https://developer.mozilla.org/en-US/docs/Web/HTTP/Status/403",2026-07-17T21:40:09.948476
figaro1854,bd6t569021b,,failed,0,0,,http_manifest,known,403,manifest,"Client error '403 ' for url 'https://openapiproext.bnf.fr/iiif/presentation/v3/ark:/12148/bd6t569021b/manifest.json'
For more information check: https://developer.mozilla.org/en-US/docs/Web/HTTP/Status/403",2026-07-17T21:40:11.134539
figaro1854,bd6t569022p,,failed,0,0,,http_manifest,known,403,manifest,"Client error '403 ' for url 'https://openapiproext.bnf.fr/iiif/presentation/v3/ark:/12148/bd6t569022p/manifest.json'
For more information check: https://developer.mozilla.org/en-US/docs/Web/HTTP/Status/403",2026-07-17T21:40:12.656250
figaro1854,bd6t5690231,,failed,0,0,,http_manifest,known,403,manifest,"Client error '403 ' for url 'https://openapiproext.bnf.fr/iiif/presentation/v3/ark:/12148/bd6t5690231/manifest.json'
For more information check: https://developer.mozilla.org/en-US/docs/Web/HTTP/Status/403",2026-07-17T21:40:13.671364
figaro1854,bd6t569024c,,failed,0,0,,http_manifest,known,403,manifest,"Client error '403 ' for url 'https://openapiproext.bnf.fr/iiif/presentation/v3/ark:/12148/bd6t569024c/manifest.json'
For more information check: https://developer.mozilla.org/en-US/docs/Web/HTTP/Status/403",2026-07-17T21:40:14.850720
figaro1854,bd6t569025q,,failed,0,0,,http_manifest,known,403,manifest,"Client error '403 ' for url 'https://openapiproext.bnf.fr/iiif/presentation/v3/ark:/12148/bd6t569025q/manifest.json'
For more information check: https://developer.mozilla.org/en-US/docs/Web/HTTP/Status/403",2026-07-17T21:40:15.942378
figaro1854,bd6t5690262,,failed,0,0,,http_manifest,known,403,manifest,"Client error '403 ' for url 'https://openapiproext.bnf.fr/iiif/presentation/v3/ark:/12148/bd6t5690262/manifest.json'
For more information check: https://developer.mozilla.org/en-US/docs/Web/HTTP/Status/403",2026-07-17T21:40:17.143597
figaro1854,bd6t569027d,,failed,0,0,,http_manifest,known,403,manifest,"Client error '403 ' for url 'https://openapiproext.bnf.fr/iiif/presentation/v3/ark:/12148/bd6t569027d/manifest.json'
For more information check: https://developer.mozilla.org/en-US/docs/Web/HTTP/Status/403",2026-07-17T21:40:18.574920
figaro1854,bd6t569028r,,failed,0,0,,http_manifest,known,403,manifest,"Client error '403 ' for url 'https://openapiproext.bnf.fr/iiif/presentation/v3/ark:/12148/bd6t569028r/manifest.json'
For more information check: https://developer.mozilla.org/en-US/docs/Web/HTTP/Status/403",2026-07-17T21:40:19.545559
figaro1854,bd6t5690293,,failed,0,0,,http_manifest,known,403,manifest,"Client error '403 ' for url 'https://openapiproext.bnf.fr/iiif/presentation/v3/ark:/12148/bd6t5690293/manifest.json'
For more information check: https://developer.mozilla.org/en-US/docs/Web/HTTP/Status/403",2026-07-17T21:40:20.747210
figaro1854,bd6t5690309,,failed,0,0,,http_manifest,known,403,manifest,"Client error '403 ' for url 'https://openapiproext.bnf.fr/iiif/presentation/v3/ark:/12148/bd6t5690309/manifest.json'
For more information check: https://developer.mozilla.org/en-US/docs/Web/HTTP/Status/403",2026-07-17T21:40:21.950236
figaro1854,bd6t569031n,,failed,0,0,,http_manifest,known,403,manifest,"Client error '403 ' for url 'https://openapiproext.bnf.fr/iiif/presentation/v3/ark:/12148/bd6t569031n/manifest.json'
For more information check: https://developer.mozilla.org/en-US/docs/Web/HTTP/Status/403",2026-07-17T21:40:23.148101
figaro1854,bd6t5690320,,failed,0,0,,http_manifest,known,403,manifest,"Client error '403 ' for url 'https://openapiproext.bnf.fr/iiif/presentation/v3/ark:/12148/bd6t5690320/manifest.json'
For more information check: https://developer.mozilla.org/en-US/docs/Web/HTTP/Status/403",2026-07-17T21:40:24.346064
figaro1854,bd6t569033b,,failed,0,0,,http_manifest,known,403,manifest,"Client error '403 ' for url 'https://openapiproext.bnf.fr/iiif/presentation/v3/ark:/12148/bd6t569033b/manifest.json'
For more information check: https://developer.mozilla.org/en-US/docs/Web/HTTP/Status/403",2026-07-17T21:40:25.554819
figaro1854,bd6t569034p,,failed,0,0,,http_manifest,known,403,manifest,"Client error '403 ' for url 'https://openapiproext.bnf.fr/iiif/presentation/v3/ark:/12148/bd6t569034p/manifest.json'
For more information check: https://developer.mozilla.org/en-US/docs/Web/HTTP/Status/403",2026-07-17T21:40:26.756143
figaro1854,bd6t5690351,,failed,0,0,,http_manifest,known,403,manifest,"Client error '403 ' for url 'https://openapiproext.bnf.fr/iiif/presentation/v3/ark:/12148/bd6t5690351/manifest.json'
For more information check: https://developer.mozilla.org/en-US/docs/Web/HTTP/Status/403",2026-07-17T21:40:27.963898
figaro1854,bd6t569036c,,failed,0,0,,http_manifest,known,403,manifest,"Client error '403 ' for url 'https://openapiproext.bnf.fr/iiif/presentation/v3/ark:/12148/bd6t569036c/manifest.json'
For more information check: https://developer.mozilla.org/en-US/docs/Web/HTTP/Status/403",2026-07-17T21:40:29.161343
figaro1854,bd6t569037q,,failed,0,0,,http_manifest,known,403,manifest,"Client error '403 ' for url 'https://openapiproext.bnf.fr/iiif/presentation/v3/ark:/12148/bd6t569037q/manifest.json'
For more information check: https://developer.mozilla.org/en-US/docs/Web/HTTP/Status/403",2026-07-17T21:40:30.387982
figaro1854,bd6t5690382,,failed,0,0,,http_manifest,known,403,manifest,"Client error '403 ' for url 'https://openapiproext.bnf.fr/iiif/presentation/v3/ark:/12148/bd6t5690382/manifest.json'
For more information check: https://developer.mozilla.org/en-US/docs/Web/HTTP/Status/403",2026-07-17T21:40:31.564584
figaro1854,bd6t569039d,,failed,0,0,,http_manifest,known,403,manifest,"Client error '403 ' for url 'https://openapiproext.bnf.fr/iiif/presentation/v3/ark:/12148/bd6t569039d/manifest.json'
For more information check: https://developer.mozilla.org/en-US/docs/Web/HTTP/Status/403",2026-07-17T21:40:32.766169
figaro1854,bd6t569040m,,failed,0,0,,http_manifest,known,403,manifest,"Client error '403 ' for url 'https://openapiproext.bnf.fr/iiif/presentation/v3/ark:/12148/bd6t569040m/manifest.json'
For more information check: https://developer.mozilla.org/en-US/docs/Web/HTTP/Status/403",2026-07-17T21:40:33.972819
figaro1854,bd6t569041z,,failed,0,0,,http_manifest,known,403,manifest,"Client error '403 ' for url 'https://openapiproext.bnf.fr/iiif/presentation/v3/ark:/12148/bd6t569041z/manifest.json'
For more information check: https://developer.mozilla.org/en-US/docs/Web/HTTP/Status/403",2026-07-17T21:40:35.164848
figaro1854,bd6t5690429,,failed,0,0,,http_manifest,known,403,manifest,"Client error '403 ' for url 'https://openapiproext.bnf.fr/iiif/presentation/v3/ark:/12148/bd6t5690429/manifest.json'
For more information check: https://developer.mozilla.org/en-US/docs/Web/HTTP/Status/403",2026-07-17T21:40:36.365270
figaro1854,bd6t569043n,,failed,0,0,,http_manifest,known,403,manifest,"Client error '403 ' for url 'https://openapiproext.bnf.fr/iiif/presentation/v3/ark:/12148/bd6t569043n/manifest.json'
For more information check: https://developer.mozilla.org/en-US/docs/Web/HTTP/Status/403",2026-07-17T21:40:37.564862
figaro1854,bd6t5690440,,failed,0,0,,http_manifest,known,403,manifest,"Client error '403 ' for url 'https://openapiproext.bnf.fr/iiif/presentation/v3/ark:/12148/bd6t5690440/manifest.json'
For more information check: https://developer.mozilla.org/en-US/docs/Web/HTTP/Status/403",2026-07-17T21:40:38.770769
figaro1854,bd6t569045b,,failed,0,0,,http_manifest,known,403,manifest,"Client error '403 ' for url 'https://openapiproext.bnf.fr/iiif/presentation/v3/ark:/12148/bd6t569045b/manifest.json'
For more information check: https://developer.mozilla.org/en-US/docs/Web/HTTP/Status/403",2026-07-17T21:40:39.975104
figaro1854,bd6t569046p,,failed,0,0,,http_manifest,known,403,manifest,"Client error '403 ' for url 'https://openapiproext.bnf.fr/iiif/presentation/v3/ark:/12148/bd6t569046p/manifest.json'
For more information check: https://developer.mozilla.org/en-US/docs/Web/HTTP/Status/403",2026-07-17T21:40:41.171286
figaro1854,bd6t5690471,,failed,0,0,,http_manifest,known,403,manifest,"Client error '403 ' for url 'https://openapiproext.bnf.fr/iiif/presentation/v3/ark:/12148/bd6t5690471/manifest.json'
For more information check: https://developer.mozilla.org/en-US/docs/Web/HTTP/Status/403",2026-07-17T21:40:42.409322
figaro1854,bd6t569048c,,failed,0,0,,http_manifest,known,403,manifest,"Client error '403 ' for url 'https://openapiproext.bnf.fr/iiif/presentation/v3/ark:/12148/bd6t569048c/manifest.json'
For more information check: https://developer.mozilla.org/en-US/docs/Web/HTTP/Status/403",2026-07-17T21:40:43.575086
figaro1854,bd6t569049q,,failed,0,0,,http_manifest,known,403,manifest,"Client error '403 ' for url 'https://openapiproext.bnf.fr/iiif/presentation/v3/ark:/12148/bd6t569049q/manifest.json'
For more information check: https://developer.mozilla.org/en-US/docs/Web/HTTP/Status/403",2026-07-17T21:40:44.776512
figaro1854,bd6t568735q,,failed,0,0,,http_manifest,known,403,manifest,"Client error '403 ' for url 'https://openapiproext.bnf.fr/iiif/presentation/v3/ark:/12148/bd6t568735q/manifest.json'
For more information check: https://developer.mozilla.org/en-US/docs/Web/HTTP/Status/403",2026-07-17T21:40:45.987046
figaro1854,bd6t5687362,,failed,0,0,,http_manifest,known,403,manifest,"Client error '403 ' for url 'https://openapiproext.bnf.fr/iiif/presentation/v3/ark:/12148/bd6t5687362/manifest.json'
For more information check: https://developer.mozilla.org/en-US/docs/Web/HTTP/Status/403",2026-07-17T21:40:47.179769
figaro1854,bd6t568737d,,failed,0,0,,http_manifest,known,403,manifest,"Client error '403 ' for url 'https://openapiproext.bnf.fr/iiif/presentation/v3/ark:/12148/bd6t568737d/manifest.json'
For more information check: https://developer.mozilla.org/en-US/docs/Web/HTTP/Status/403",2026-07-17T21:40:48.381231
figaro1854,bd6t568738r,,failed,0,0,,http_manifest,known,403,manifest,"Client error '403 ' for url 'https://openapiproext.bnf.fr/iiif/presentation/v3/ark:/12148/bd6t568738r/manifest.json'
For more information check: https://developer.mozilla.org/en-US/docs/Web/HTTP/Status/403",2026-07-17T21:40:49.586716
figaro1854,bd6t5687393,,failed,0,0,,http_manifest,known,403,manifest,"Client error '403 ' for url 'https://openapiproext.bnf.fr/iiif/presentation/v3/ark:/12148/bd6t5687393/manifest.json'
For more information check: https://developer.mozilla.org/en-US/docs/Web/HTTP/Status/403",2026-07-17T21:40:50.784891
figaro1854,bd6t5687409,,failed,0,0,,http_manifest,known,403,manifest,"Client error '403 ' for url 'https://openapiproext.bnf.fr/iiif/presentation/v3/ark:/12148/bd6t5687409/manifest.json'
For more information check: https://developer.mozilla.org/en-US/docs/Web/HTTP/Status/403",2026-07-17T21:40:51.985980
figaro1854,bd6t568741n,,failed,0,0,,http_manifest,known,403,manifest,"Client error '403 ' for url 'https://openapiproext.bnf.fr/iiif/presentation/v3/ark:/12148/bd6t568741n/manifest.json'
For more information check: https://developer.mozilla.org/en-US/docs/Web/HTTP/Status/403",2026-07-17T21:40:53.212597
figaro1854,bd6t5687420,,failed,0,0,,http_manifest,known,403,manifest,"Client error '403 ' for url 'https://openapiproext.bnf.fr/iiif/presentation/v3/ark:/12148/bd6t5687420/manifest.json'
For more information check: https://developer.mozilla.org/en-US/docs/Web/HTTP/Status/403",2026-07-17T21:40:54.388581
figaro1854,bd6t568743b,,failed,0,0,,http_manifest,known,403,manifest,"Client error '403 ' for url 'https://openapiproext.bnf.fr/iiif/presentation/v3/ark:/12148/bd6t568743b/manifest.json'
For more information check: https://developer.mozilla.org/en-US/docs/Web/HTTP/Status/403",2026-07-17T21:40:55.590799
figaro1854,bd6t568744p,,failed,0,0,,http_manifest,known,403,manifest,"Client error '403 ' for url 'https://openapiproext.bnf.fr/iiif/presentation/v3/ark:/12148/bd6t568744p/manifest.json'
For more information check: https://developer.mozilla.org/en-US/docs/Web/HTTP/Status/403",2026-07-17T21:40:56.795016
figaro1854,bd6t5687451,,failed,0,0,,http_manifest,known,403,manifest,"Client error '403 ' for url 'https://openapiproext.bnf.fr/iiif/presentation/v3/ark:/12148/bd6t5687451/manifest.json'
For more information check: https://developer.mozilla.org/en-US/docs/Web/HTTP/Status/403",2026-07-17T21:40:58.118758
figaro1854,bd6t568746c,,failed,0,0,,http_manifest,known,403,manifest,"Client error '403 ' for url 'https://openapiproext.bnf.fr/iiif/presentation/v3/ark:/12148/bd6t568746c/manifest.json'
For more information check: https://developer.mozilla.org/en-US/docs/Web/HTTP/Status/403",2026-07-17T21:40:59.313046
figaro1854,bd6t568747q,,failed,0,0,,http_manifest,known,403,manifest,"Client error '403 ' for url 'https://openapiproext.bnf.fr/iiif/presentation/v3/ark:/12148/bd6t568747q/manifest.json'
For more information check: https://developer.mozilla.org/en-US/docs/Web/HTTP/Status/403",2026-07-17T21:41:00.616491
figaro1854,bd6t5687482,,failed,0,0,,http_manifest,known,403,manifest,"Client error '403 ' for url 'https://openapiproext.bnf.fr/iiif/presentation/v3/ark:/12148/bd6t5687482/manifest.json'
For more information check: https://developer.mozilla.org/en-US/docs/Web/HTTP/Status/403",2026-07-17T21:41:01.653967
figaro1854,bd6t568749d,,failed,0,0,,http_manifest,known,403,manifest,"Client error '403 ' for url 'https://openapiproext.bnf.fr/iiif/presentation/v3/ark:/12148/bd6t568749d/manifest.json'
For more information check: https://developer.mozilla.org/en-US/docs/Web/HTTP/Status/403",2026-07-17T21:41:02.801770
figaro1854,bd6t568750m,,failed,0,0,,http_manifest,known,403,manifest,"Client error '403 ' for url 'https://openapiproext.bnf.fr/iiif/presentation/v3/ark:/12148/bd6t568750m/manifest.json'
For more information check: https://developer.mozilla.org/en-US/docs/Web/HTTP/Status/403",2026-07-17T21:41:04.087298
figaro1854,bd6t568751z,,failed,0,0,,http_manifest,known,403,manifest,"Client error '403 ' for url 'https://openapiproext.bnf.fr/iiif/presentation/v3/ark:/12148/bd6t568751z/manifest.json'
For more information check: https://developer.mozilla.org/en-US/docs/Web/HTTP/Status/403",2026-07-17T21:41:05.336287
figaro1854,bd6t5687529,,failed,0,0,,http_manifest,known,403,manifest,"Client error '403 ' for url 'https://openapiproext.bnf.fr/iiif/presentation/v3/ark:/12148/bd6t5687529/manifest.json'
For more information check: https://developer.mozilla.org/en-US/docs/Web/HTTP/Status/403",2026-07-17T21:41:06.487046
figaro1854,bd6t568753n,,failed,0,0,,http_manifest,known,403,manifest,"Client error '403 ' for url 'https://openapiproext.bnf.fr/iiif/presentation/v3/ark:/12148/bd6t568753n/manifest.json'
For more information check: https://developer.mozilla.org/en-US/docs/Web/HTTP/Status/403",2026-07-17T21:41:07.605475
figaro1854,bd6t5687540,,failed,0,0,,http_manifest,known,403,manifest,"Client error '403 ' for url 'https://openapiproext.bnf.fr/iiif/presentation/v3/ark:/12148/bd6t5687540/manifest.json'
For more information check: https://developer.mozilla.org/en-US/docs/Web/HTTP/Status/403",2026-07-17T21:41:08.809567
figaro1854,bd6t568755b,,failed,0,0,,http_manifest,known,403,manifest,"Client error '403 ' for url 'https://openapiproext.bnf.fr/iiif/presentation/v3/ark:/12148/bd6t568755b/manifest.json'
For more information check: https://developer.mozilla.org/en-US/docs/Web/HTTP/Status/403",2026-07-17T21:41:10.220506
figaro1854,bd6t568756p,,failed,0,0,,http_manifest,known,403,manifest,"Client error '403 ' for url 'https://openapiproext.bnf.fr/iiif/presentation/v3/ark:/12148/bd6t568756p/manifest.json'
For more information check: https://developer.mozilla.org/en-US/docs/Web/HTTP/Status/403",2026-07-17T21:41:11.391880
figaro1854,bd6t5687571,,failed,0,0,,http_manifest,known,403,manifest,"Client error '403 ' for url 'https://openapiproext.bnf.fr/iiif/presentation/v3/ark:/12148/bd6t5687571/manifest.json'
For more information check: https://developer.mozilla.org/en-US/docs/Web/HTTP/Status/403",2026-07-17T21:41:12.415901
figaro1854,bd6t568758c,,failed,0,0,,http_manifest,known,403,manifest,"Client error '403 ' for url 'https://openapiproext.bnf.fr/iiif/presentation/v3/ark:/12148/bd6t568758c/manifest.json'
For more information check: https://developer.mozilla.org/en-US/docs/Web/HTTP/Status/403",2026-07-17T21:41:13.865742
figaro1854,bd6t568759q,,failed,0,0,,http_manifest,known,403,manifest,"Client error '403 ' for url 'https://openapiproext.bnf.fr/iiif/presentation/v3/ark:/12148/bd6t568759q/manifest.json'
For more information check: https://developer.mozilla.org/en-US/docs/Web/HTTP/Status/403",2026-07-17T21:41:14.886742
figaro1854,bd6t568760x,,failed,0,0,,http_manifest,known,403,manifest,"Client error '403 ' for url 'https://openapiproext.bnf.fr/iiif/presentation/v3/ark:/12148/bd6t568760x/manifest.json'
For more information check: https://developer.mozilla.org/en-US/docs/Web/HTTP/Status/403",2026-07-17T21:41:16.021555
figaro1854,bd6t5687618,,failed,0,0,,http_manifest,known,403,manifest,"Client error '403 ' for url 'https://openapiproext.bnf.fr/iiif/presentation/v3/ark:/12148/bd6t5687618/manifest.json'
For more information check: https://developer.mozilla.org/en-US/docs/Web/HTTP/Status/403",2026-07-17T21:41:17.392626
figaro1854,bd6t568762m,,failed,0,0,,http_manifest,known,403,manifest,"Client error '403 ' for url 'https://openapiproext.bnf.fr/iiif/presentation/v3/ark:/12148/bd6t568762m/manifest.json'
For more information check: https://developer.mozilla.org/en-US/docs/Web/HTTP/Status/403",2026-07-17T21:41:18.444038
figaro1854,bd6t568763z,,failed,0,0,,http_manifest,known,403,manifest,"Client error '403 ' for url 'https://openapiproext.bnf.fr/iiif/presentation/v3/ark:/12148/bd6t568763z/manifest.json'
For more information check: https://developer.mozilla.org/en-US/docs/Web/HTTP/Status/403",2026-07-17T21:41:19.624425
figaro1854,bd6t5687649,,failed,0,0,,http_manifest,known,403,manifest,"Client error '403 ' for url 'https://openapiproext.bnf.fr/iiif/presentation/v3/ark:/12148/bd6t5687649/manifest.json'
For more information check: https://developer.mozilla.org/en-US/docs/Web/HTTP/Status/403",2026-07-17T21:41:20.826897
figaro1854,bd6t568765n,,failed,0,0,,http_manifest,known,403,manifest,"Client error '403 ' for url 'https://openapiproext.bnf.fr/iiif/presentation/v3/ark:/12148/bd6t568765n/manifest.json'
For more information check: https://developer.mozilla.org/en-US/docs/Web/HTTP/Status/403",2026-07-17T21:41:22.027597
figaro1854,bd6t5687660,,failed,0,0,,http_manifest,known,403,manifest,"Client error '403 ' for url 'https://openapiproext.bnf.fr/iiif/presentation/v3/ark:/12148/bd6t5687660/manifest.json'
For more information check: https://developer.mozilla.org/en-US/docs/Web/HTTP/Status/403",2026-07-17T21:41:23.261950
figaro1854,bd6t568767b,,failed,0,0,,http_manifest,known,403,manifest,"Client error '403 ' for url 'https://openapiproext.bnf.fr/iiif/presentation/v3/ark:/12148/bd6t568767b/manifest.json'
For more information check: https://developer.mozilla.org/en-US/docs/Web/HTTP/Status/403",2026-07-17T21:41:24.432622
figaro1854,bd6t568768p,,failed,0,0,,http_manifest,known,403,manifest,"Client error '403 ' for url 'https://openapiproext.bnf.fr/iiif/presentation/v3/ark:/12148/bd6t568768p/manifest.json'
For more information check: https://developer.mozilla.org/en-US/docs/Web/HTTP/Status/403",2026-07-17T21:41:25.633475
figaro1854,bd6t5687691,,failed,0,0,,http_manifest,known,403,manifest,"Client error '403 ' for url 'https://openapiproext.bnf.fr/iiif/presentation/v3/ark:/12148/bd6t5687691/manifest.json'
For more information check: https://developer.mozilla.org/en-US/docs/Web/HTTP/Status/403",2026-07-17T21:41:26.833684
figaro1854,bd6t5687707,,failed,0,0,,http_manifest,known,403,manifest,"Client error '403 ' for url 'https://openapiproext.bnf.fr/iiif/presentation/v3/ark:/12148/bd6t5687707/manifest.json'
For more information check: https://developer.mozilla.org/en-US/docs/Web/HTTP/Status/403",2026-07-17T21:41:28.034000
figaro1854,bd6t568771k,,failed,0,0,,http_manifest,known,403,manifest,"Client error '403 ' for url 'https://openapiproext.bnf.fr/iiif/presentation/v3/ark:/12148/bd6t568771k/manifest.json'
For more information check: https://developer.mozilla.org/en-US/docs/Web/HTTP/Status/403",2026-07-17T21:41:29.263517
figaro1854,bd6t568772x,,failed,0,0,,http_manifest,known,403,manifest,"Client error '403 ' for url 'https://openapiproext.bnf.fr/iiif/presentation/v3/ark:/12148/bd6t568772x/manifest.json'
For more information check: https://developer.mozilla.org/en-US/docs/Web/HTTP/Status/403",2026-07-17T21:41:30.439119
figaro1854,bd6t5687738,,failed,0,0,,http_manifest,known,403,manifest,"Client error '403 ' for url 'https://openapiproext.bnf.fr/iiif/presentation/v3/ark:/12148/bd6t5687738/manifest.json'
For more information check: https://developer.mozilla.org/en-US/docs/Web/HTTP/Status/403",2026-07-17T21:41:31.639933
figaro1854,bd6t568774m,,failed,0,0,,http_manifest,known,403,manifest,"Client error '403 ' for url 'https://openapiproext.bnf.fr/iiif/presentation/v3/ark:/12148/bd6t568774m/manifest.json'
For more information check: https://developer.mozilla.org/en-US/docs/Web/HTTP/Status/403",2026-07-17T21:41:32.840959
figaro1854,bd6t568775z,,failed,0,0,,http_manifest,known,403,manifest,"Client error '403 ' for url 'https://openapiproext.bnf.fr/iiif/presentation/v3/ark:/12148/bd6t568775z/manifest.json'
For more information check: https://developer.mozilla.org/en-US/docs/Web/HTTP/Status/403",2026-07-17T21:41:34.043623
figaro1854,bd6t5687769,,failed,0,0,,http_manifest,known,403,manifest,"Client error '403 ' for url 'https://openapiproext.bnf.fr/iiif/presentation/v3/ark:/12148/bd6t5687769/manifest.json'
For more information check: https://developer.mozilla.org/en-US/docs/Web/HTTP/Status/403",2026-07-17T21:41:35.242174
figaro1854,bd6t568777n,,failed,0,0,,http_manifest,known,403,manifest,"Client error '403 ' for url 'https://openapiproext.bnf.fr/iiif/presentation/v3/ark:/12148/bd6t568777n/manifest.json'
For more information check: https://developer.mozilla.org/en-US/docs/Web/HTTP/Status/403",2026-07-17T21:41:36.445968
figaro1854,bd6t5687780,,failed,0,0,,http_manifest,known,403,manifest,"Client error '403 ' for url 'https://openapiproext.bnf.fr/iiif/presentation/v3/ark:/12148/bd6t5687780/manifest.json'
For more information check: https://developer.mozilla.org/en-US/docs/Web/HTTP/Status/403",2026-07-17T21:41:37.645564
figaro1854,bd6t568779b,,failed,0,0,,http_manifest,known,403,manifest,"Client error '403 ' for url 'https://openapiproext.bnf.fr/iiif/presentation/v3/ark:/12148/bd6t568779b/manifest.json'
For more information check: https://developer.mozilla.org/en-US/docs/Web/HTTP/Status/403",2026-07-17T21:41:38.850348
figaro1854,bd6t568780j,,failed,0,0,,http_manifest,known,403,manifest,"Client error '403 ' for url 'https://openapiproext.bnf.fr/iiif/presentation/v3/ark:/12148/bd6t568780j/manifest.json'
For more information check: https://developer.mozilla.org/en-US/docs/Web/HTTP/Status/403",2026-07-17T21:41:40.061703
figaro1854,bd6t568781w,,failed,0,0,,http_manifest,known,403,manifest,"Client error '403 ' for url 'https://openapiproext.bnf.fr/iiif/presentation/v3/ark:/12148/bd6t568781w/manifest.json'
For more information check: https://developer.mozilla.org/en-US/docs/Web/HTTP/Status/403",2026-07-17T21:41:41.277297
figaro1854,bd6t5687827,,failed,0,0,,http_manifest,known,403,manifest,"Client error '403 ' for url 'https://openapiproext.bnf.fr/iiif/presentation/v3/ark:/12148/bd6t5687827/manifest.json'
For more information check: https://developer.mozilla.org/en-US/docs/Web/HTTP/Status/403",2026-07-17T21:41:42.453559
figaro1854,bd6t568783k,,failed,0,0,,http_manifest,known,403,manifest,"Client error '403 ' for url 'https://openapiproext.bnf.fr/iiif/presentation/v3/ark:/12148/bd6t568783k/manifest.json'
For more information check: https://developer.mozilla.org/en-US/docs/Web/HTTP/Status/403",2026-07-17T21:41:43.656902
figaro1854,bd6t568784x,,failed,0,0,,http_manifest,known,403,manifest,"Client error '403 ' for url 'https://openapiproext.bnf.fr/iiif/presentation/v3/ark:/12148/bd6t568784x/manifest.json'
For more information check: https://developer.mozilla.org/en-US/docs/Web/HTTP/Status/403",2026-07-17T21:41:44.859368
figaro1854,bd6t5687858,,failed,0,0,,http_manifest,known,403,manifest,"Client error '403 ' for url 'https://openapiproext.bnf.fr/iiif/presentation/v3/ark:/12148/bd6t5687858/manifest.json'
For more information check: https://developer.mozilla.org/en-US/docs/Web/HTTP/Status/403",2026-07-17T21:41:46.074957
figaro1854,bd6t568786m,,failed,0,0,,http_manifest,known,403,manifest,"Client error '403 ' for url 'https://openapiproext.bnf.fr/iiif/presentation/v3/ark:/12148/bd6t568786m/manifest.json'
For more information check: https://developer.mozilla.org/en-US/docs/Web/HTTP/Status/403",2026-07-17T21:41:47.263536
figaro1854,bd6t568787z,,failed,0,0,,http_manifest,known,403,manifest,"Client error '403 ' for url 'https://openapiproext.bnf.fr/iiif/presentation/v3/ark:/12148/bd6t568787z/manifest.json'
For more information check: https://developer.mozilla.org/en-US/docs/Web/HTTP/Status/403",2026-07-17T21:41:48.466848
figaro1854,bd6t568290g,,failed,0,0,,http_manifest,known,403,manifest,"Client error '403 ' for url 'https://openapiproext.bnf.fr/iiif/presentation/v3/ark:/12148/bd6t568290g/manifest.json'
For more information check: https://developer.mozilla.org/en-US/docs/Web/HTTP/Status/403",2026-07-17T21:41:49.665668
figaro1854,bd6t568291t,,failed,0,0,,http_manifest,known,403,manifest,"Client error '403 ' for url 'https://openapiproext.bnf.fr/iiif/presentation/v3/ark:/12148/bd6t568291t/manifest.json'
For more information check: https://developer.mozilla.org/en-US/docs/Web/HTTP/Status/403",2026-07-17T21:41:50.868820
figaro1854,bd6t5682925,,failed,0,0,,http_manifest,known,403,manifest,"Client error '403 ' for url 'https://openapiproext.bnf.fr/iiif/presentation/v3/ark:/12148/bd6t5682925/manifest.json'
For more information check: https://developer.mozilla.org/en-US/docs/Web/HTTP/Status/403",2026-07-17T21:41:52.065273
figaro1854,bd6t568293h,,failed,0,0,,http_manifest,known,403,manifest,"Client error '403 ' for url 'https://openapiproext.bnf.fr/iiif/presentation/v3/ark:/12148/bd6t568293h/manifest.json'
For more information check: https://developer.mozilla.org/en-US/docs/Web/HTTP/Status/403",2026-07-17T21:41:53.300382
figaro1854,bd6t568294v,,failed,0,0,,http_manifest,known,403,manifest,"Client error '403 ' for url 'https://openapiproext.bnf.fr/iiif/presentation/v3/ark:/12148/bd6t568294v/manifest.json'
For more information check: https://developer.mozilla.org/en-US/docs/Web/HTTP/Status/403",2026-07-17T21:41:54.479188
figaro1854,bd6t5682956,,failed,0,0,,http_manifest,known,403,manifest,"Client error '403 ' for url 'https://openapiproext.bnf.fr/iiif/presentation/v3/ark:/12148/bd6t5682956/manifest.json'
For more information check: https://developer.mozilla.org/en-US/docs/Web/HTTP/Status/403",2026-07-17T21:41:55.672530
figaro1854,bd6t568296j,,failed,0,0,,http_manifest,known,403,manifest,"Client error '403 ' for url 'https://openapiproext.bnf.fr/iiif/presentation/v3/ark:/12148/bd6t568296j/manifest.json'
For more information check: https://developer.mozilla.org/en-US/docs/Web/HTTP/Status/403",2026-07-17T21:41:56.875890
figaro1854,bd6t568297w,,failed,0,0,,http_manifest,known,403,manifest,"Client error '403 ' for url 'https://openapiproext.bnf.fr/iiif/presentation/v3/ark:/12148/bd6t568297w/manifest.json'
For more information check: https://developer.mozilla.org/en-US/docs/Web/HTTP/Status/403",2026-07-17T21:41:58.082821
figaro1854,bd6t5682987,,failed,0,0,,http_manifest,known,403,manifest,"Client error '403 ' for url 'https://openapiproext.bnf.fr/iiif/presentation/v3/ark:/12148/bd6t5682987/manifest.json'
For more information check: https://developer.mozilla.org/en-US/docs/Web/HTTP/Status/403",2026-07-17T21:41:59.354355
figaro1854,bd6t568299k,,failed,0,0,,http_manifest,known,403,manifest,"Client error '403 ' for url 'https://openapiproext.bnf.fr/iiif/presentation/v3/ark:/12148/bd6t568299k/manifest.json'
For more information check: https://developer.mozilla.org/en-US/docs/Web/HTTP/Status/403",2026-07-17T21:42:00.479416
figaro1854,bd6t568300z,,failed,0,0,,http_manifest,known,403,manifest,"Client error '403 ' for url 'https://openapiproext.bnf.fr/iiif/presentation/v3/ark:/12148/bd6t568300z/manifest.json'
For more information check: https://developer.mozilla.org/en-US/docs/Web/HTTP/Status/403",2026-07-17T21:42:01.912107
figaro1854,bd6t5683019,,failed,0,0,,http_manifest,known,403,manifest,"Client error '403 ' for url 'https://openapiproext.bnf.fr/iiif/presentation/v3/ark:/12148/bd6t5683019/manifest.json'
For more information check: https://developer.mozilla.org/en-US/docs/Web/HTTP/Status/403",2026-07-17T21:42:02.910345
figaro1854,bd6t568302n,,failed,0,0,,http_manifest,known,403,manifest,"Client error '403 ' for url 'https://openapiproext.bnf.fr/iiif/presentation/v3/ark:/12148/bd6t568302n/manifest.json'
For more information check: https://developer.mozilla.org/en-US/docs/Web/HTTP/Status/403",2026-07-17T21:42:04.248237
figaro1854,bd6t5683030,,failed,0,0,,http_manifest,known,403,manifest,"Client error '403 ' for url 'https://openapiproext.bnf.fr/iiif/presentation/v3/ark:/12148/bd6t5683030/manifest.json'
For more information check: https://developer.mozilla.org/en-US/docs/Web/HTTP/Status/403",2026-07-17T21:42:05.533930
figaro1854,bd6t568304b,,failed,0,0,,http_manifest,known,403,manifest,"Client error '403 ' for url 'https://openapiproext.bnf.fr/iiif/presentation/v3/ark:/12148/bd6t568304b/manifest.json'
For more information check: https://developer.mozilla.org/en-US/docs/Web/HTTP/Status/403",2026-07-17T21:42:06.507010
figaro1854,bd6t568305p,,failed,0,0,,http_manifest,known,403,manifest,"Client error '403 ' for url 'https://openapiproext.bnf.fr/iiif/presentation/v3/ark:/12148/bd6t568305p/manifest.json'
For more information check: https://developer.mozilla.org/en-US/docs/Web/HTTP/Status/403",2026-07-17T21:42:07.688234
figaro1854,bd6t5683061,,failed,0,0,,http_manifest,known,403,manifest,"Client error '403 ' for url 'https://openapiproext.bnf.fr/iiif/presentation/v3/ark:/12148/bd6t5683061/manifest.json'
For more information check: https://developer.mozilla.org/en-US/docs/Web/HTTP/Status/403",2026-07-17T21:42:08.900011
figaro1854,bd6t568307c,,failed,0,0,,http_manifest,known,403,manifest,"Client error '403 ' for url 'https://openapiproext.bnf.fr/iiif/presentation/v3/ark:/12148/bd6t568307c/manifest.json'
For more information check: https://developer.mozilla.org/en-US/docs/Web/HTTP/Status/403",2026-07-17T21:42:10.299311
figaro1854,bd6t568308q,,failed,0,0,,http_manifest,known,403,manifest,"Client error '403 ' for url 'https://openapiproext.bnf.fr/iiif/presentation/v3/ark:/12148/bd6t568308q/manifest.json'
For more information check: https://developer.mozilla.org/en-US/docs/Web/HTTP/Status/403",2026-07-17T21:42:11.438620
figaro1854,bd6t5683092,,failed,0,0,,http_manifest,known,403,manifest,"Client error '403 ' for url 'https://openapiproext.bnf.fr/iiif/presentation/v3/ark:/12148/bd6t5683092/manifest.json'
For more information check: https://developer.mozilla.org/en-US/docs/Web/HTTP/Status/403",2026-07-17T21:42:12.491483
figaro1854,bd6t5683108,,failed,0,0,,http_manifest,known,403,manifest,"Client error '403 ' for url 'https://openapiproext.bnf.fr/iiif/presentation/v3/ark:/12148/bd6t5683108/manifest.json'
For more information check: https://developer.mozilla.org/en-US/docs/Web/HTTP/Status/403",2026-07-17T21:42:13.942349
figaro1854,bd6t568311m,,failed,0,0,,http_manifest,known,403,manifest,"Client error '403 ' for url 'https://openapiproext.bnf.fr/iiif/presentation/v3/ark:/12148/bd6t568311m/manifest.json'
For more information check: https://developer.mozilla.org/en-US/docs/Web/HTTP/Status/403",2026-07-17T21:42:14.898705
figaro1854,bd6t568312z,,failed,0,0,,http_manifest,known,403,manifest,"Client error '403 ' for url 'https://openapiproext.bnf.fr/iiif/presentation/v3/ark:/12148/bd6t568312z/manifest.json'
For more information check: https://developer.mozilla.org/en-US/docs/Web/HTTP/Status/403",2026-07-17T21:42:16.255710
figaro1854,bd6t5683139,,failed,0,0,,http_manifest,known,403,manifest,"Client error '403 ' for url 'https://openapiproext.bnf.fr/iiif/presentation/v3/ark:/12148/bd6t5683139/manifest.json'
For more information check: https://developer.mozilla.org/en-US/docs/Web/HTTP/Status/403",2026-07-17T21:42:17.478235
figaro1854,bd6t568314n,,failed,0,0,,http_manifest,known,403,manifest,"Client error '403 ' for url 'https://openapiproext.bnf.fr/iiif/presentation/v3/ark:/12148/bd6t568314n/manifest.json'
For more information check: https://developer.mozilla.org/en-US/docs/Web/HTTP/Status/403",2026-07-17T21:42:18.509838
figaro1854,bd6t5683150,,failed,0,0,,http_manifest,known,403,manifest,"Client error '403 ' for url 'https://openapiproext.bnf.fr/iiif/presentation/v3/ark:/12148/bd6t5683150/manifest.json'
For more information check: https://developer.mozilla.org/en-US/docs/Web/HTTP/Status/403",2026-07-17T21:42:19.722375
figaro1854,bd6t568316b,,failed,0,0,,http_manifest,known,403,manifest,"Client error '403 ' for url 'https://openapiproext.bnf.fr/iiif/presentation/v3/ark:/12148/bd6t568316b/manifest.json'
For more information check: https://developer.mozilla.org/en-US/docs/Web/HTTP/Status/403",2026-07-17T21:42:20.907593
figaro1854,bd6t568317p,,failed,0,0,,http_manifest,known,403,manifest,"Client error '403 ' for url 'https://openapiproext.bnf.fr/iiif/presentation/v3/ark:/12148/bd6t568317p/manifest.json'
For more information check: https://developer.mozilla.org/en-US/docs/Web/HTTP/Status/403",2026-07-17T21:42:22.107901
figaro1854,bd6t5683181,,failed,0,0,,http_manifest,known,403,manifest,"Client error '403 ' for url 'https://openapiproext.bnf.fr/iiif/presentation/v3/ark:/12148/bd6t5683181/manifest.json'
For more information check: https://developer.mozilla.org/en-US/docs/Web/HTTP/Status/403",2026-07-17T21:42:23.310417
figaro1854,bd6t568319c,,failed,0,0,,http_manifest,known,403,manifest,"Client error '403 ' for url 'https://openapiproext.bnf.fr/iiif/presentation/v3/ark:/12148/bd6t568319c/manifest.json'
For more information check: https://developer.mozilla.org/en-US/docs/Web/HTTP/Status/403",2026-07-17T21:42:24.519903
figaro1854,bd6t568320k,,failed,0,0,,http_manifest,known,403,manifest,"Client error '403 ' for url 'https://openapiproext.bnf.fr/iiif/presentation/v3/ark:/12148/bd6t568320k/manifest.json'
For more information check: https://developer.mozilla.org/en-US/docs/Web/HTTP/Status/403",2026-07-17T21:42:25.715230
figaro1854,bd6t568321x,,failed,0,0,,http_manifest,known,403,manifest,"Client error '403 ' for url 'https://openapiproext.bnf.fr/iiif/presentation/v3/ark:/12148/bd6t568321x/manifest.json'
For more information check: https://developer.mozilla.org/en-US/docs/Web/HTTP/Status/403",2026-07-17T21:42:26.915971
figaro1854,bd6t5683228,,failed,0,0,,http_manifest,known,403,manifest,"Client error '403 ' for url 'https://openapiproext.bnf.fr/iiif/presentation/v3/ark:/12148/bd6t5683228/manifest.json'
For more information check: https://developer.mozilla.org/en-US/docs/Web/HTTP/Status/403",2026-07-17T21:42:28.116890
figaro1854,bd6t568323m,,failed,0,0,,http_manifest,known,403,manifest,"Client error '403 ' for url 'https://openapiproext.bnf.fr/iiif/presentation/v3/ark:/12148/bd6t568323m/manifest.json'
For more information check: https://developer.mozilla.org/en-US/docs/Web/HTTP/Status/403",2026-07-17T21:42:29.324527
figaro1854,bd6t568324z,,failed,0,0,,http_manifest,known,403,manifest,"Client error '403 ' for url 'https://openapiproext.bnf.fr/iiif/presentation/v3/ark:/12148/bd6t568324z/manifest.json'
For more information check: https://developer.mozilla.org/en-US/docs/Web/HTTP/Status/403",2026-07-17T21:42:30.522109
figaro1854,bd6t5683259,,failed,0,0,,http_manifest,known,403,manifest,"Client error '403 ' for url 'https://openapiproext.bnf.fr/iiif/presentation/v3/ark:/12148/bd6t5683259/manifest.json'
For more information check: https://developer.mozilla.org/en-US/docs/Web/HTTP/Status/403",2026-07-17T21:42:31.733865
figaro1854,bd6t568326n,,failed,0,0,,http_manifest,known,403,manifest,"Client error '403 ' for url 'https://openapiproext.bnf.fr/iiif/presentation/v3/ark:/12148/bd6t568326n/manifest.json'
For more information check: https://developer.mozilla.org/en-US/docs/Web/HTTP/Status/403",2026-07-17T21:42:32.919440
figaro1854,bd6t5683270,,failed,0,0,,http_manifest,known,403,manifest,"Client error '403 ' for url 'https://openapiproext.bnf.fr/iiif/presentation/v3/ark:/12148/bd6t5683270/manifest.json'
For more information check: https://developer.mozilla.org/en-US/docs/Web/HTTP/Status/403",2026-07-17T21:42:34.120644
figaro1854,bd6t568328b,,failed,0,0,,http_manifest,known,403,manifest,"Client error '403 ' for url 'https://openapiproext.bnf.fr/iiif/presentation/v3/ark:/12148/bd6t568328b/manifest.json'
For more information check: https://developer.mozilla.org/en-US/docs/Web/HTTP/Status/403",2026-07-17T21:42:35.324265
figaro1854,bd6t568329p,,failed,0,0,,http_manifest,known,403,manifest,"Client error '403 ' for url 'https://openapiproext.bnf.fr/iiif/presentation/v3/ark:/12148/bd6t568329p/manifest.json'
For more information check: https://developer.mozilla.org/en-US/docs/Web/HTTP/Status/403",2026-07-17T21:42:36.524540
figaro1854,bd6t568330w,,failed,0,0,,http_manifest,known,403,manifest,"Client error '403 ' for url 'https://openapiproext.bnf.fr/iiif/presentation/v3/ark:/12148/bd6t568330w/manifest.json'
For more information check: https://developer.mozilla.org/en-US/docs/Web/HTTP/Status/403",2026-07-17T21:42:37.729065
figaro1854,bd6t5683317,,failed,0,0,,http_manifest,known,403,manifest,"Client error '403 ' for url 'https://openapiproext.bnf.fr/iiif/presentation/v3/ark:/12148/bd6t5683317/manifest.json'
For more information check: https://developer.mozilla.org/en-US/docs/Web/HTTP/Status/403",2026-07-17T21:42:38.927267
figaro1854,bd6t568332k,,failed,0,0,,http_manifest,known,403,manifest,"Client error '403 ' for url 'https://openapiproext.bnf.fr/iiif/presentation/v3/ark:/12148/bd6t568332k/manifest.json'
For more information check: https://developer.mozilla.org/en-US/docs/Web/HTTP/Status/403",2026-07-17T21:42:40.135986
figaro1854,bd6t568333x,,failed,0,0,,http_manifest,known,403,manifest,"Client error '403 ' for url 'https://openapiproext.bnf.fr/iiif/presentation/v3/ark:/12148/bd6t568333x/manifest.json'
For more information check: https://developer.mozilla.org/en-US/docs/Web/HTTP/Status/403",2026-07-17T21:42:41.330637
figaro1854,bd6t5683348,,failed,0,0,,http_manifest,known,403,manifest,"Client error '403 ' for url 'https://openapiproext.bnf.fr/iiif/presentation/v3/ark:/12148/bd6t5683348/manifest.json'
For more information check: https://developer.mozilla.org/en-US/docs/Web/HTTP/Status/403",2026-07-17T21:42:42.530101
figaro1854,bd6t568335m,,failed,0,0,,http_manifest,known,403,manifest,"Client error '403 ' for url 'https://openapiproext.bnf.fr/iiif/presentation/v3/ark:/12148/bd6t568335m/manifest.json'
For more information check: https://developer.mozilla.org/en-US/docs/Web/HTTP/Status/403",2026-07-17T21:42:43.752056
figaro1854,bd6t568336z,,failed,0,0,,http_manifest,known,403,manifest,"Client error '403 ' for url 'https://openapiproext.bnf.fr/iiif/presentation/v3/ark:/12148/bd6t568336z/manifest.json'
For more information check: https://developer.mozilla.org/en-US/docs/Web/HTTP/Status/403",2026-07-17T21:42:44.933317
figaro1854,bd6t5683379,,failed,0,0,,http_manifest,known,403,manifest,"Client error '403 ' for url 'https://openapiproext.bnf.fr/iiif/presentation/v3/ark:/12148/bd6t5683379/manifest.json'
For more information check: https://developer.mozilla.org/en-US/docs/Web/HTTP/Status/403",2026-07-17T21:42:46.138745
figaro1854,bd6t568338n,,failed,0,0,,http_manifest,known,403,manifest,"Client error '403 ' for url 'https://openapiproext.bnf.fr/iiif/presentation/v3/ark:/12148/bd6t568338n/manifest.json'
For more information check: https://developer.mozilla.org/en-US/docs/Web/HTTP/Status/403",2026-07-17T21:42:47.334774
figaro1854,bd6t5683390,,failed,0,0,,http_manifest,known,403,manifest,"Client error '403 ' for url 'https://openapiproext.bnf.fr/iiif/presentation/v3/ark:/12148/bd6t5683390/manifest.json'
For more information check: https://developer.mozilla.org/en-US/docs/Web/HTTP/Status/403",2026-07-17T21:42:48.539326
figaro1854,bd6t5683406,,failed,0,0,,http_manifest,known,403,manifest,"Client error '403 ' for url 'https://openapiproext.bnf.fr/iiif/presentation/v3/ark:/12148/bd6t5683406/manifest.json'
For more information check: https://developer.mozilla.org/en-US/docs/Web/HTTP/Status/403",2026-07-17T21:42:49.753131
figaro1854,bd6t568341j,,failed,0,0,,http_manifest,known,403,manifest,"Client error '403 ' for url 'https://openapiproext.bnf.fr/iiif/presentation/v3/ark:/12148/bd6t568341j/manifest.json'
For more information check: https://developer.mozilla.org/en-US/docs/Web/HTTP/Status/403",2026-07-17T21:42:50.942405
figaro1854,bd6t5686839,,failed,0,0,,http_manifest,known,403,manifest,"Client error '403 ' for url 'https://openapiproext.bnf.fr/iiif/presentation/v3/ark:/12148/bd6t5686839/manifest.json'
For more information check: https://developer.mozilla.org/en-US/docs/Web/HTTP/Status/403",2026-07-17T21:42:52.142299
figaro1854,bd6t568684n,,failed,0,0,,http_manifest,known,403,manifest,"Client error '403 ' for url 'https://openapiproext.bnf.fr/iiif/presentation/v3/ark:/12148/bd6t568684n/manifest.json'
For more information check: https://developer.mozilla.org/en-US/docs/Web/HTTP/Status/403",2026-07-17T21:42:53.342626
figaro1854,bd6t5686850,,failed,0,0,,http_manifest,known,403,manifest,"Client error '403 ' for url 'https://openapiproext.bnf.fr/iiif/presentation/v3/ark:/12148/bd6t5686850/manifest.json'
For more information check: https://developer.mozilla.org/en-US/docs/Web/HTTP/Status/403",2026-07-17T21:42:54.547268
figaro1854,bd6t568686b,,failed,0,0,,http_manifest,known,403,manifest,"Client error '403 ' for url 'https://openapiproext.bnf.fr/iiif/presentation/v3/ark:/12148/bd6t568686b/manifest.json'
For more information check: https://developer.mozilla.org/en-US/docs/Web/HTTP/Status/403",2026-07-17T21:42:55.749506
figaro1854,bd6t568687p,,failed,0,0,,http_manifest,known,403,manifest,"Client error '403 ' for url 'https://openapiproext.bnf.fr/iiif/presentation/v3/ark:/12148/bd6t568687p/manifest.json'
For more information check: https://developer.mozilla.org/en-US/docs/Web/HTTP/Status/403",2026-07-17T21:42:56.951865
figaro1854,bd6t5686881,,failed,0,0,,http_manifest,known,403,manifest,"Client error '403 ' for url 'https://openapiproext.bnf.fr/iiif/presentation/v3/ark:/12148/bd6t5686881/manifest.json'
For more information check: https://developer.mozilla.org/en-US/docs/Web/HTTP/Status/403",2026-07-17T21:42:58.189879
figaro1854,bd6t568689c,,failed,0,0,,http_manifest,known,403,manifest,"Client error '403 ' for url 'https://openapiproext.bnf.fr/iiif/presentation/v3/ark:/12148/bd6t568689c/manifest.json'
For more information check: https://developer.mozilla.org/en-US/docs/Web/HTTP/Status/403",2026-07-17T21:42:59.504799
figaro1854,bd6t568690k,,failed,0,0,,http_manifest,known,403,manifest,"Client error '403 ' for url 'https://openapiproext.bnf.fr/iiif/presentation/v3/ark:/12148/bd6t568690k/manifest.json'
For more information check: https://developer.mozilla.org/en-US/docs/Web/HTTP/Status/403",2026-07-17T21:43:00.686910
figaro1854,bd6t568691x,,failed,0,0,,http_manifest,known,403,manifest,"Client error '403 ' for url 'https://openapiproext.bnf.fr/iiif/presentation/v3/ark:/12148/bd6t568691x/manifest.json'
For more information check: https://developer.mozilla.org/en-US/docs/Web/HTTP/Status/403",2026-07-17T21:43:01.797424
figaro1854,bd6t5686928,,failed,0,0,,http_manifest,known,403,manifest,"Client error '403 ' for url 'https://openapiproext.bnf.fr/iiif/presentation/v3/ark:/12148/bd6t5686928/manifest.json'
For more information check: https://developer.mozilla.org/en-US/docs/Web/HTTP/Status/403",2026-07-17T21:43:02.962138
figaro1854,bd6t568693m,,failed,0,0,,http_manifest,known,403,manifest,"Client error '403 ' for url 'https://openapiproext.bnf.fr/iiif/presentation/v3/ark:/12148/bd6t568693m/manifest.json'
For more information check: https://developer.mozilla.org/en-US/docs/Web/HTTP/Status/403",2026-07-17T21:43:04.281114
figaro1854,bd6t568694z,,failed,0,0,,http_manifest,known,403,manifest,"Client error '403 ' for url 'https://openapiproext.bnf.fr/iiif/presentation/v3/ark:/12148/bd6t568694z/manifest.json'
For more information check: https://developer.mozilla.org/en-US/docs/Web/HTTP/Status/403",2026-07-17T21:43:05.443580
figaro1854,bd6t5686959,,failed,0,0,,http_manifest,known,403,manifest,"Client error '403 ' for url 'https://openapiproext.bnf.fr/iiif/presentation/v3/ark:/12148/bd6t5686959/manifest.json'
For more information check: https://developer.mozilla.org/en-US/docs/Web/HTTP/Status/403",2026-07-17T21:43:06.726045
figaro1854,bd6t568696n,,failed,0,0,,http_manifest,known,403,manifest,"Client error '403 ' for url 'https://openapiproext.bnf.fr/iiif/presentation/v3/ark:/12148/bd6t568696n/manifest.json'
For more information check: https://developer.mozilla.org/en-US/docs/Web/HTTP/Status/403",2026-07-17T21:43:07.767499
figaro1854,bd6t5686970,,failed,0,0,,http_manifest,known,403,manifest,"Client error '403 ' for url 'https://openapiproext.bnf.fr/iiif/presentation/v3/ark:/12148/bd6t5686970/manifest.json'
For more information check: https://developer.mozilla.org/en-US/docs/Web/HTTP/Status/403",2026-07-17T21:43:08.968491
figaro1854,bd6t568698b,,failed,0,0,,http_manifest,known,403,manifest,"Client error '403 ' for url 'https://openapiproext.bnf.fr/iiif/presentation/v3/ark:/12148/bd6t568698b/manifest.json'
For more information check: https://developer.mozilla.org/en-US/docs/Web/HTTP/Status/403",2026-07-17T21:43:10.168579
figaro1854,bd6t568699p,,failed,0,0,,http_manifest,known,403,manifest,"Client error '403 ' for url 'https://openapiproext.bnf.fr/iiif/presentation/v3/ark:/12148/bd6t568699p/manifest.json'
For more information check: https://developer.mozilla.org/en-US/docs/Web/HTTP/Status/403",2026-07-17T21:43:11.372817
figaro1854,bd6t5687002,,failed,0,0,,http_manifest,known,403,manifest,"Client error '403 ' for url 'https://openapiproext.bnf.fr/iiif/presentation/v3/ark:/12148/bd6t5687002/manifest.json'
For more information check: https://developer.mozilla.org/en-US/docs/Web/HTTP/Status/403",2026-07-17T21:43:12.572289
figaro1854,bd6t568701d,,failed,0,0,,http_manifest,known,403,manifest,"Client error '403 ' for url 'https://openapiproext.bnf.fr/iiif/presentation/v3/ark:/12148/bd6t568701d/manifest.json'
For more information check: https://developer.mozilla.org/en-US/docs/Web/HTTP/Status/403",2026-07-17T21:43:13.788993
figaro1854,bd6t568702r,,failed,0,0,,http_manifest,known,403,manifest,"Client error '403 ' for url 'https://openapiproext.bnf.fr/iiif/presentation/v3/ark:/12148/bd6t568702r/manifest.json'
For more information check: https://developer.mozilla.org/en-US/docs/Web/HTTP/Status/403",2026-07-17T21:43:14.977541
figaro1854,bd6t5687033,,failed,0,0,,http_manifest,known,403,manifest,"Client error '403 ' for url 'https://openapiproext.bnf.fr/iiif/presentation/v3/ark:/12148/bd6t5687033/manifest.json'
For more information check: https://developer.mozilla.org/en-US/docs/Web/HTTP/Status/403",2026-07-17T21:43:16.181097
figaro1854,bd6t568704f,,failed,0,0,,http_manifest,known,403,manifest,"Client error '403 ' for url 'https://openapiproext.bnf.fr/iiif/presentation/v3/ark:/12148/bd6t568704f/manifest.json'
For more information check: https://developer.mozilla.org/en-US/docs/Web/HTTP/Status/403",2026-07-17T21:43:17.380102
figaro1854,bd6t568705s,,failed,0,0,,http_manifest,known,403,manifest,"Client error '403 ' for url 'https://openapiproext.bnf.fr/iiif/presentation/v3/ark:/12148/bd6t568705s/manifest.json'
For more information check: https://developer.mozilla.org/en-US/docs/Web/HTTP/Status/403",2026-07-17T21:43:18.579307
figaro1854,bd6t5687064,,failed,0,0,,http_manifest,known,403,manifest,"Client error '403 ' for url 'https://openapiproext.bnf.fr/iiif/presentation/v3/ark:/12148/bd6t5687064/manifest.json'
For more information check: https://developer.mozilla.org/en-US/docs/Web/HTTP/Status/403",2026-07-17T21:43:19.798290
figaro1854,bd6t568707g,,failed,0,0,,http_manifest,known,403,manifest,"Client error '403 ' for url 'https://openapiproext.bnf.fr/iiif/presentation/v3/ark:/12148/bd6t568707g/manifest.json'
For more information check: https://developer.mozilla.org/en-US/docs/Web/HTTP/Status/403",2026-07-17T21:43:20.983639
figaro1854,bd6t568708t,,failed,0,0,,http_manifest,known,403,manifest,"Client error '403 ' for url 'https://openapiproext.bnf.fr/iiif/presentation/v3/ark:/12148/bd6t568708t/manifest.json'
For more information check: https://developer.mozilla.org/en-US/docs/Web/HTTP/Status/403",2026-07-17T21:43:22.185343
figaro1854,bd6t5687095,,failed,0,0,,http_manifest,known,403,manifest,"Client error '403 ' for url 'https://openapiproext.bnf.fr/iiif/presentation/v3/ark:/12148/bd6t5687095/manifest.json'
For more information check: https://developer.mozilla.org/en-US/docs/Web/HTTP/Status/403",2026-07-17T21:43:23.383673
figaro1854,bd6t568710c,,failed,0,0,,http_manifest,known,403,manifest,"Client error '403 ' for url 'https://openapiproext.bnf.fr/iiif/presentation/v3/ark:/12148/bd6t568710c/manifest.json'
For more information check: https://developer.mozilla.org/en-US/docs/Web/HTTP/Status/403",2026-07-17T21:43:24.586654
figaro1854,bd6t568711q,,failed,0,0,,http_manifest,known,403,manifest,"Client error '403 ' for url 'https://openapiproext.bnf.fr/iiif/presentation/v3/ark:/12148/bd6t568711q/manifest.json'
For more information check: https://developer.mozilla.org/en-US/docs/Web/HTTP/Status/403",2026-07-17T21:43:25.788324
figaro1854,bd6t5687122,,failed,0,0,,http_manifest,known,403,manifest,"Client error '403 ' for url 'https://openapiproext.bnf.fr/iiif/presentation/v3/ark:/12148/bd6t5687122/manifest.json'
For more information check: https://developer.mozilla.org/en-US/docs/Web/HTTP/Status/403",2026-07-17T21:43:26.989658
figaro1854,bd6t568713d,,failed,0,0,,http_manifest,known,403,manifest,"Client error '403 ' for url 'https://openapiproext.bnf.fr/iiif/presentation/v3/ark:/12148/bd6t568713d/manifest.json'
For more information check: https://developer.mozilla.org/en-US/docs/Web/HTTP/Status/403",2026-07-17T21:43:28.191706
figaro1854,bd6t568714r,,failed,0,0,,http_manifest,known,403,manifest,"Client error '403 ' for url 'https://openapiproext.bnf.fr/iiif/presentation/v3/ark:/12148/bd6t568714r/manifest.json'
For more information check: https://developer.mozilla.org/en-US/docs/Web/HTTP/Status/403",2026-07-17T21:43:29.393538
figaro1854,bd6t5687153,,failed,0,0,,http_manifest,known,403,manifest,"Client error '403 ' for url 'https://openapiproext.bnf.fr/iiif/presentation/v3/ark:/12148/bd6t5687153/manifest.json'
For more information check: https://developer.mozilla.org/en-US/docs/Web/HTTP/Status/403",2026-07-17T21:43:30.598552
figaro1854,bd6t568716f,,failed,0,0,,http_manifest,known,403,manifest,"Client error '403 ' for url 'https://openapiproext.bnf.fr/iiif/presentation/v3/ark:/12148/bd6t568716f/manifest.json'
For more information check: https://developer.mozilla.org/en-US/docs/Web/HTTP/Status/403",2026-07-17T21:43:31.812469
figaro1854,bd6t568717s,,failed,0,0,,http_manifest,known,403,manifest,"Client error '403 ' for url 'https://openapiproext.bnf.fr/iiif/presentation/v3/ark:/12148/bd6t568717s/manifest.json'
For more information check: https://developer.mozilla.org/en-US/docs/Web/HTTP/Status/403",2026-07-17T21:43:33.002467
figaro1854,bd6t5687184,,failed,0,0,,http_manifest,known,403,manifest,"Client error '403 ' for url 'https://openapiproext.bnf.fr/iiif/presentation/v3/ark:/12148/bd6t5687184/manifest.json'
For more information check: https://developer.mozilla.org/en-US/docs/Web/HTTP/Status/403",2026-07-17T21:43:34.203388
figaro1854,bd6t568719g,,failed,0,0,,http_manifest,known,403,manifest,"Client error '403 ' for url 'https://openapiproext.bnf.fr/iiif/presentation/v3/ark:/12148/bd6t568719g/manifest.json'
For more information check: https://developer.mozilla.org/en-US/docs/Web/HTTP/Status/403",2026-07-17T21:43:35.403847
figaro1854,bd6t568720p,,failed,0,0,,http_manifest,known,403,manifest,"Client error '403 ' for url 'https://openapiproext.bnf.fr/iiif/presentation/v3/ark:/12148/bd6t568720p/manifest.json'
For more information check: https://developer.mozilla.org/en-US/docs/Web/HTTP/Status/403",2026-07-17T21:43:36.606063
figaro1854,bd6t5687211,,failed,0,0,,http_manifest,known,403,manifest,"Client error '403 ' for url 'https://openapiproext.bnf.fr/iiif/presentation/v3/ark:/12148/bd6t5687211/manifest.json'
For more information check: https://developer.mozilla.org/en-US/docs/Web/HTTP/Status/403",2026-07-17T21:43:37.803829
figaro1854,bd6t568722c,,failed,0,0,,http_manifest,known,403,manifest,"Client error '403 ' for url 'https://openapiproext.bnf.fr/iiif/presentation/v3/ark:/12148/bd6t568722c/manifest.json'
For more information check: https://developer.mozilla.org/en-US/docs/Web/HTTP/Status/403",2026-07-17T21:43:39.006651
figaro1854,bd6t568723q,,failed,0,0,,http_manifest,known,403,manifest,"Client error '403 ' for url 'https://openapiproext.bnf.fr/iiif/presentation/v3/ark:/12148/bd6t568723q/manifest.json'
For more information check: https://developer.mozilla.org/en-US/docs/Web/HTTP/Status/403",2026-07-17T21:43:40.208432
figaro1854,bd6t5687242,,failed,0,0,,http_manifest,known,403,manifest,"Client error '403 ' for url 'https://openapiproext.bnf.fr/iiif/presentation/v3/ark:/12148/bd6t5687242/manifest.json'
For more information check: https://developer.mozilla.org/en-US/docs/Web/HTTP/Status/403",2026-07-17T21:43:41.411169
figaro1854,bd6t568725d,,failed,0,0,,http_manifest,known,403,manifest,"Client error '403 ' for url 'https://openapiproext.bnf.fr/iiif/presentation/v3/ark:/12148/bd6t568725d/manifest.json'
For more information check: https://developer.mozilla.org/en-US/docs/Web/HTTP/Status/403",2026-07-17T21:43:42.615362
figaro1854,bd6t568726r,,failed,0,0,,http_manifest,known,403,manifest,"Client error '403 ' for url 'https://openapiproext.bnf.fr/iiif/presentation/v3/ark:/12148/bd6t568726r/manifest.json'
For more information check: https://developer.mozilla.org/en-US/docs/Web/HTTP/Status/403",2026-07-17T21:43:43.812117
figaro1854,bd6t5687273,,failed,0,0,,http_manifest,known,403,manifest,"Client error '403 ' for url 'https://openapiproext.bnf.fr/iiif/presentation/v3/ark:/12148/bd6t5687273/manifest.json'
For more information check: https://developer.mozilla.org/en-US/docs/Web/HTTP/Status/403",2026-07-17T21:43:45.015210
figaro1854,bd6t568728f,,failed,0,0,,http_manifest,known,403,manifest,"Client error '403 ' for url 'https://openapiproext.bnf.fr/iiif/presentation/v3/ark:/12148/bd6t568728f/manifest.json'
For more information check: https://developer.mozilla.org/en-US/docs/Web/HTTP/Status/403",2026-07-17T21:43:46.215388
figaro1854,bd6t568729s,,failed,0,0,,http_manifest,known,403,manifest,"Client error '403 ' for url 'https://openapiproext.bnf.fr/iiif/presentation/v3/ark:/12148/bd6t568729s/manifest.json'
For more information check: https://developer.mozilla.org/en-US/docs/Web/HTTP/Status/403",2026-07-17T21:43:47.420174
figaro1854,bd6t5687300,,failed,0,0,,http_manifest,known,403,manifest,"Client error '403 ' for url 'https://openapiproext.bnf.fr/iiif/presentation/v3/ark:/12148/bd6t5687300/manifest.json'
For more information check: https://developer.mozilla.org/en-US/docs/Web/HTTP/Status/403",2026-07-17T21:43:48.621930
figaro1854,bd6t568731b,,failed,0,0,,http_manifest,known,403,manifest,"Client error '403 ' for url 'https://openapiproext.bnf.fr/iiif/presentation/v3/ark:/12148/bd6t568731b/manifest.json'
For more information check: https://developer.mozilla.org/en-US/docs/Web/HTTP/Status/403",2026-07-17T21:43:49.831274
figaro1854,bd6t568732p,,failed,0,0,,http_manifest,known,403,manifest,"Client error '403 ' for url 'https://openapiproext.bnf.fr/iiif/presentation/v3/ark:/12148/bd6t568732p/manifest.json'
For more information check: https://developer.mozilla.org/en-US/docs/Web/HTTP/Status/403",2026-07-17T21:43:51.021161
figaro1854,bd6t5687331,,failed,0,0,,http_manifest,known,403,manifest,"Client error '403 ' for url 'https://openapiproext.bnf.fr/iiif/presentation/v3/ark:/12148/bd6t5687331/manifest.json'
For more information check: https://developer.mozilla.org/en-US/docs/Web/HTTP/Status/403",2026-07-17T21:43:52.222011
figaro1854,bd6t568734c,,failed,0,0,,http_manifest,known,403,manifest,"Client error '403 ' for url 'https://openapiproext.bnf.fr/iiif/presentation/v3/ark:/12148/bd6t568734c/manifest.json'
For more information check: https://developer.mozilla.org/en-US/docs/Web/HTTP/Status/403",2026-07-17T21:43:53.427681
figaro1854,bd6t5677971,,failed,0,0,,http_manifest,known,403,manifest,"Client error '403 ' for url 'https://openapiproext.bnf.fr/iiif/presentation/v3/ark:/12148/bd6t5677971/manifest.json'
For more information check: https://developer.mozilla.org/en-US/docs/Web/HTTP/Status/403",2026-07-17T21:43:54.627659
figaro1854,bd6t567798c,,failed,0,0,,http_manifest,known,403,manifest,"Client error '403 ' for url 'https://openapiproext.bnf.fr/iiif/presentation/v3/ark:/12148/bd6t567798c/manifest.json'
For more information check: https://developer.mozilla.org/en-US/docs/Web/HTTP/Status/403",2026-07-17T21:43:55.831457
figaro1854,bd6t567799q,,failed,0,0,,http_manifest,known,403,manifest,"Client error '403 ' for url 'https://openapiproext.bnf.fr/iiif/presentation/v3/ark:/12148/bd6t567799q/manifest.json'
For more information check: https://developer.mozilla.org/en-US/docs/Web/HTTP/Status/403",2026-07-17T21:43:57.034477
figaro1854,bd6t5678003,,failed,0,0,,http_manifest,known,403,manifest,"Client error '403 ' for url 'https://openapiproext.bnf.fr/iiif/presentation/v3/ark:/12148/bd6t5678003/manifest.json'
For more information check: https://developer.mozilla.org/en-US/docs/Web/HTTP/Status/403",2026-07-17T21:43:58.229525
figaro1854,bd6t567801f,,failed,0,0,,http_manifest,known,403,manifest,"Client error '403 ' for url 'https://openapiproext.bnf.fr/iiif/presentation/v3/ark:/12148/bd6t567801f/manifest.json'
For more information check: https://developer.mozilla.org/en-US/docs/Web/HTTP/Status/403",2026-07-17T21:43:59.431342
figaro1854,bd6t567802s,,failed,0,0,,http_manifest,known,403,manifest,"Client error '403 ' for url 'https://openapiproext.bnf.fr/iiif/presentation/v3/ark:/12148/bd6t567802s/manifest.json'
For more information check: https://developer.mozilla.org/en-US/docs/Web/HTTP/Status/403",2026-07-17T21:44:00.633200
figaro1854,bd6t5678034,,failed,0,0,,http_manifest,known,403,manifest,"Client error '403 ' for url 'https://openapiproext.bnf.fr/iiif/presentation/v3/ark:/12148/bd6t5678034/manifest.json'
For more information check: https://developer.mozilla.org/en-US/docs/Web/HTTP/Status/403",2026-07-17T21:44:01.848544
figaro1854,bd6t567804g,,failed,0,0,,http_manifest,known,403,manifest,"Client error '403 ' for url 'https://openapiproext.bnf.fr/iiif/presentation/v3/ark:/12148/bd6t567804g/manifest.json'
For more information check: https://developer.mozilla.org/en-US/docs/Web/HTTP/Status/403",2026-07-17T21:44:03.094346
figaro1854,bd6t567805t,,failed,0,0,,http_manifest,known,403,manifest,"Client error '403 ' for url 'https://openapiproext.bnf.fr/iiif/presentation/v3/ark:/12148/bd6t567805t/manifest.json'
For more information check: https://developer.mozilla.org/en-US/docs/Web/HTTP/Status/403",2026-07-17T21:44:04.250021
figaro1854,bd6t5678065,,failed,0,0,,http_manifest,known,403,manifest,"Client error '403 ' for url 'https://openapiproext.bnf.fr/iiif/presentation/v3/ark:/12148/bd6t5678065/manifest.json'
For more information check: https://developer.mozilla.org/en-US/docs/Web/HTTP/Status/403",2026-07-17T21:44:05.441716
figaro1854,bd6t567807h,,failed,0,0,,http_manifest,known,403,manifest,"Client error '403 ' for url 'https://openapiproext.bnf.fr/iiif/presentation/v3/ark:/12148/bd6t567807h/manifest.json'
For more information check: https://developer.mozilla.org/en-US/docs/Web/HTTP/Status/403",2026-07-17T21:44:06.642936
figaro1854,bd6t567808v,,failed,0,0,,http_manifest,known,403,manifest,"Client error '403 ' for url 'https://openapiproext.bnf.fr/iiif/presentation/v3/ark:/12148/bd6t567808v/manifest.json'
For more information check: https://developer.mozilla.org/en-US/docs/Web/HTTP/Status/403",2026-07-17T21:44:07.862441
figaro1854,bd6t5678096,,failed,0,0,,http_manifest,known,403,manifest,"Client error '403 ' for url 'https://openapiproext.bnf.fr/iiif/presentation/v3/ark:/12148/bd6t5678096/manifest.json'
For more information check: https://developer.mozilla.org/en-US/docs/Web/HTTP/Status/403",2026-07-17T21:44:09.047099
figaro1854,bd6t567810d,,failed,0,0,,http_manifest,known,403,manifest,"Client error '403 ' for url 'https://openapiproext.bnf.fr/iiif/presentation/v3/ark:/12148/bd6t567810d/manifest.json'
For more information check: https://developer.mozilla.org/en-US/docs/Web/HTTP/Status/403",2026-07-17T21:44:10.415775
figaro1854,bd6t567811r,,failed,0,0,,http_manifest,known,403,manifest,"Client error '403 ' for url 'https://openapiproext.bnf.fr/iiif/presentation/v3/ark:/12148/bd6t567811r/manifest.json'
For more information check: https://developer.mozilla.org/en-US/docs/Web/HTTP/Status/403",2026-07-17T21:44:11.575616
figaro1854,bd6t5678123,,failed,0,0,,http_manifest,known,403,manifest,"Client error '403 ' for url 'https://openapiproext.bnf.fr/iiif/presentation/v3/ark:/12148/bd6t5678123/manifest.json'
For more information check: https://developer.mozilla.org/en-US/docs/Web/HTTP/Status/403",2026-07-17T21:44:12.730886
figaro1854,bd6t567813f,,failed,0,0,,http_manifest,known,403,manifest,"Client error '403 ' for url 'https://openapiproext.bnf.fr/iiif/presentation/v3/ark:/12148/bd6t567813f/manifest.json'
For more information check: https://developer.mozilla.org/en-US/docs/Web/HTTP/Status/403",2026-07-17T21:44:14.125834
figaro1854,bd6t567814s,,failed,0,0,,http_manifest,known,403,manifest,"Client error '403 ' for url 'https://openapiproext.bnf.fr/iiif/presentation/v3/ark:/12148/bd6t567814s/manifest.json'
For more information check: https://developer.mozilla.org/en-US/docs/Web/HTTP/Status/403",2026-07-17T21:44:15.238522
figaro1854,bd6t5678154,,failed,0,0,,http_manifest,known,403,manifest,"Client error '403 ' for url 'https://openapiproext.bnf.fr/iiif/presentation/v3/ark:/12148/bd6t5678154/manifest.json'
For more information check: https://developer.mozilla.org/en-US/docs/Web/HTTP/Status/403",2026-07-17T21:44:16.505562
figaro1854,bd6t567816g,,failed,0,0,,http_manifest,known,403,manifest,"Client error '403 ' for url 'https://openapiproext.bnf.fr/iiif/presentation/v3/ark:/12148/bd6t567816g/manifest.json'
For more information check: https://developer.mozilla.org/en-US/docs/Web/HTTP/Status/403",2026-07-17T21:44:17.539109
figaro1854,bd6t567817t,,failed,0,0,,http_manifest,known,403,manifest,"Client error '403 ' for url 'https://openapiproext.bnf.fr/iiif/presentation/v3/ark:/12148/bd6t567817t/manifest.json'
For more information check: https://developer.mozilla.org/en-US/docs/Web/HTTP/Status/403",2026-07-17T21:44:18.707031
figaro1854,bd6t5678185,,failed,0,0,,http_manifest,known,403,manifest,"Client error '403 ' for url 'https://openapiproext.bnf.fr/iiif/presentation/v3/ark:/12148/bd6t5678185/manifest.json'
For more information check: https://developer.mozilla.org/en-US/docs/Web/HTTP/Status/403",2026-07-17T21:44:19.865922
figaro1854,bd6t567819h,,failed,0,0,,http_manifest,known,403,manifest,"Client error '403 ' for url 'https://openapiproext.bnf.fr/iiif/presentation/v3/ark:/12148/bd6t567819h/manifest.json'
For more information check: https://developer.mozilla.org/en-US/docs/Web/HTTP/Status/403",2026-07-17T21:44:21.059460
figaro1854,bd6t567820q,,failed,0,0,,http_manifest,known,403,manifest,"Client error '403 ' for url 'https://openapiproext.bnf.fr/iiif/presentation/v3/ark:/12148/bd6t567820q/manifest.json'
For more information check: https://developer.mozilla.org/en-US/docs/Web/HTTP/Status/403",2026-07-17T21:44:22.270360
figaro1854,bd6t5678212,,failed,0,0,,http_manifest,known,403,manifest,"Client error '403 ' for url 'https://openapiproext.bnf.fr/iiif/presentation/v3/ark:/12148/bd6t5678212/manifest.json'
For more information check: https://developer.mozilla.org/en-US/docs/Web/HTTP/Status/403",2026-07-17T21:44:23.467996
figaro1854,bd6t567822d,,failed,0,0,,http_manifest,known,403,manifest,"Client error '403 ' for url 'https://openapiproext.bnf.fr/iiif/presentation/v3/ark:/12148/bd6t567822d/manifest.json'
For more information check: https://developer.mozilla.org/en-US/docs/Web/HTTP/Status/403",2026-07-17T21:44:24.669231
figaro1854,bd6t567823r,,failed,0,0,,http_manifest,known,403,manifest,"Client error '403 ' for url 'https://openapiproext.bnf.fr/iiif/presentation/v3/ark:/12148/bd6t567823r/manifest.json'
For more information check: https://developer.mozilla.org/en-US/docs/Web/HTTP/Status/403",2026-07-17T21:44:25.893482
figaro1854,bd6t5678243,,failed,0,0,,http_manifest,known,403,manifest,"Client error '403 ' for url 'https://openapiproext.bnf.fr/iiif/presentation/v3/ark:/12148/bd6t5678243/manifest.json'
For more information check: https://developer.mozilla.org/en-US/docs/Web/HTTP/Status/403",2026-07-17T21:44:27.071871
figaro1854,bd6t567825f,,failed,0,0,,http_manifest,known,403,manifest,"Client error '403 ' for url 'https://openapiproext.bnf.fr/iiif/presentation/v3/ark:/12148/bd6t567825f/manifest.json'
For more information check: https://developer.mozilla.org/en-US/docs/Web/HTTP/Status/403",2026-07-17T21:44:28.270041
figaro1854,bd6t567826s,,failed,0,0,,http_manifest,known,403,manifest,"Client error '403 ' for url 'https://openapiproext.bnf.fr/iiif/presentation/v3/ark:/12148/bd6t567826s/manifest.json'
For more information check: https://developer.mozilla.org/en-US/docs/Web/HTTP/Status/403",2026-07-17T21:44:29.476005
figaro1854,bd6t5678274,,failed,0,0,,http_manifest,known,403,manifest,"Client error '403 ' for url 'https://openapiproext.bnf.fr/iiif/presentation/v3/ark:/12148/bd6t5678274/manifest.json'
For more information check: https://developer.mozilla.org/en-US/docs/Web/HTTP/Status/403",2026-07-17T21:44:30.673695
figaro1854,bd6t567828g,,failed,0,0,,http_manifest,known,403,manifest,"Client error '403 ' for url 'https://openapiproext.bnf.fr/iiif/presentation/v3/ark:/12148/bd6t567828g/manifest.json'
For more information check: https://developer.mozilla.org/en-US/docs/Web/HTTP/Status/403",2026-07-17T21:44:31.899110
figaro1854,bd6t567829t,,failed,0,0,,http_manifest,known,403,manifest,"Client error '403 ' for url 'https://openapiproext.bnf.fr/iiif/presentation/v3/ark:/12148/bd6t567829t/manifest.json'
For more information check: https://developer.mozilla.org/en-US/docs/Web/HTTP/Status/403",2026-07-17T21:44:33.076966
figaro1854,bd6t5678301,,failed,0,0,,http_manifest,known,403,manifest,"Client error '403 ' for url 'https://openapiproext.bnf.fr/iiif/presentation/v3/ark:/12148/bd6t5678301/manifest.json'
For more information check: https://developer.mozilla.org/en-US/docs/Web/HTTP/Status/403",2026-07-17T21:44:34.276717
figaro1854,bd6t567831c,,failed,0,0,,http_manifest,known,403,manifest,"Client error '403 ' for url 'https://openapiproext.bnf.fr/iiif/presentation/v3/ark:/12148/bd6t567831c/manifest.json'
For more information check: https://developer.mozilla.org/en-US/docs/Web/HTTP/Status/403",2026-07-17T21:44:35.486239
figaro1854,bd6t567832q,,failed,0,0,,http_manifest,known,403,manifest,"Client error '403 ' for url 'https://openapiproext.bnf.fr/iiif/presentation/v3/ark:/12148/bd6t567832q/manifest.json'
For more information check: https://developer.mozilla.org/en-US/docs/Web/HTTP/Status/403",2026-07-17T21:44:36.681414
figaro1854,bd6t5678332,,failed,0,0,,http_manifest,known,403,manifest,"Client error '403 ' for url 'https://openapiproext.bnf.fr/iiif/presentation/v3/ark:/12148/bd6t5678332/manifest.json'
For more information check: https://developer.mozilla.org/en-US/docs/Web/HTTP/Status/403",2026-07-17T21:44:37.885989
figaro1854,bd6t567834d,,failed,0,0,,http_manifest,known,403,manifest,"Client error '403 ' for url 'https://openapiproext.bnf.fr/iiif/presentation/v3/ark:/12148/bd6t567834d/manifest.json'
For more information check: https://developer.mozilla.org/en-US/docs/Web/HTTP/Status/403",2026-07-17T21:44:39.086171
figaro1854,bd6t567835r,,failed,0,0,,http_manifest,known,403,manifest,"Client error '403 ' for url 'https://openapiproext.bnf.fr/iiif/presentation/v3/ark:/12148/bd6t567835r/manifest.json'
For more information check: https://developer.mozilla.org/en-US/docs/Web/HTTP/Status/403",2026-07-17T21:44:40.297065
figaro1854,bd6t5678363,,failed,0,0,,http_manifest,known,403,manifest,"Client error '403 ' for url 'https://openapiproext.bnf.fr/iiif/presentation/v3/ark:/12148/bd6t5678363/manifest.json'
For more information check: https://developer.mozilla.org/en-US/docs/Web/HTTP/Status/403",2026-07-17T21:44:41.490303
figaro1854,bd6t567837f,,failed,0,0,,http_manifest,known,403,manifest,"Client error '403 ' for url 'https://openapiproext.bnf.fr/iiif/presentation/v3/ark:/12148/bd6t567837f/manifest.json'
For more information check: https://developer.mozilla.org/en-US/docs/Web/HTTP/Status/403",2026-07-17T21:44:42.689643
figaro1854,bd6t567838s,,failed,0,0,,http_manifest,known,403,manifest,"Client error '403 ' for url 'https://openapiproext.bnf.fr/iiif/presentation/v3/ark:/12148/bd6t567838s/manifest.json'
For more information check: https://developer.mozilla.org/en-US/docs/Web/HTTP/Status/403",2026-07-17T21:44:43.923260
figaro1854,bd6t5678394,,failed,0,0,,http_manifest,known,403,manifest,"Client error '403 ' for url 'https://openapiproext.bnf.fr/iiif/presentation/v3/ark:/12148/bd6t5678394/manifest.json'
For more information check: https://developer.mozilla.org/en-US/docs/Web/HTTP/Status/403",2026-07-17T21:44:45.097109
figaro1854,bd6t567840b,,failed,0,0,,http_manifest,known,403,manifest,"Client error '403 ' for url 'https://openapiproext.bnf.fr/iiif/presentation/v3/ark:/12148/bd6t567840b/manifest.json'
For more information check: https://developer.mozilla.org/en-US/docs/Web/HTTP/Status/403",2026-07-17T21:44:46.299621
figaro1854,bd6t567841p,,failed,0,0,,http_manifest,known,403,manifest,"Client error '403 ' for url 'https://openapiproext.bnf.fr/iiif/presentation/v3/ark:/12148/bd6t567841p/manifest.json'
For more information check: https://developer.mozilla.org/en-US/docs/Web/HTTP/Status/403",2026-07-17T21:44:47.498183
figaro1854,bd6t5678421,,failed,0,0,,http_manifest,known,403,manifest,"Client error '403 ' for url 'https://openapiproext.bnf.fr/iiif/presentation/v3/ark:/12148/bd6t5678421/manifest.json'
For more information check: https://developer.mozilla.org/en-US/docs/Web/HTTP/Status/403",2026-07-17T21:44:48.701618
figaro1854,bd6t567843c,,failed,0,0,,http_manifest,known,403,manifest,"Client error '403 ' for url 'https://openapiproext.bnf.fr/iiif/presentation/v3/ark:/12148/bd6t567843c/manifest.json'
For more information check: https://developer.mozilla.org/en-US/docs/Web/HTTP/Status/403",2026-07-17T21:44:49.899806
figaro1854,bd6t567844q,,failed,0,0,,http_manifest,known,403,manifest,"Client error '403 ' for url 'https://openapiproext.bnf.fr/iiif/presentation/v3/ark:/12148/bd6t567844q/manifest.json'
For more information check: https://developer.mozilla.org/en-US/docs/Web/HTTP/Status/403",2026-07-17T21:44:51.099330
figaro1854,bd6t5678452,,failed,0,0,,http_manifest,known,403,manifest,"Client error '403 ' for url 'https://openapiproext.bnf.fr/iiif/presentation/v3/ark:/12148/bd6t5678452/manifest.json'
For more information check: https://developer.mozilla.org/en-US/docs/Web/HTTP/Status/403",2026-07-17T21:44:52.305304
figaro1854,bd6t567846d,,failed,0,0,,http_manifest,known,403,manifest,"Client error '403 ' for url 'https://openapiproext.bnf.fr/iiif/presentation/v3/ark:/12148/bd6t567846d/manifest.json'
For more information check: https://developer.mozilla.org/en-US/docs/Web/HTTP/Status/403",2026-07-17T21:44:53.505133
figaro1854,bd6t567847r,,failed,0,0,,http_manifest,known,403,manifest,"Client error '403 ' for url 'https://openapiproext.bnf.fr/iiif/presentation/v3/ark:/12148/bd6t567847r/manifest.json'
For more information check: https://developer.mozilla.org/en-US/docs/Web/HTTP/Status/403",2026-07-17T21:44:54.708903
figaro1854,bd6t5677464,,failed,0,0,,http_manifest,known,403,manifest,"Client error '403 ' for url 'https://openapiproext.bnf.fr/iiif/presentation/v3/ark:/12148/bd6t5677464/manifest.json'
For more information check: https://developer.mozilla.org/en-US/docs/Web/HTTP/Status/403",2026-07-17T21:44:55.945026
figaro1854,bd6t567747g,,failed,0,0,,http_manifest,known,403,manifest,"Client error '403 ' for url 'https://openapiproext.bnf.fr/iiif/presentation/v3/ark:/12148/bd6t567747g/manifest.json'
For more information check: https://developer.mozilla.org/en-US/docs/Web/HTTP/Status/403",2026-07-17T21:44:57.112606
figaro1854,bd6t567748t,,failed,0,0,,http_manifest,known,403,manifest,"Client error '403 ' for url 'https://openapiproext.bnf.fr/iiif/presentation/v3/ark:/12148/bd6t567748t/manifest.json'
For more information check: https://developer.mozilla.org/en-US/docs/Web/HTTP/Status/403",2026-07-17T21:44:58.492402
figaro1854,bd6t5677495,,failed,0,0,,http_manifest,known,403,manifest,"Client error '403 ' for url 'https://openapiproext.bnf.fr/iiif/presentation/v3/ark:/12148/bd6t5677495/manifest.json'
For more information check: https://developer.mozilla.org/en-US/docs/Web/HTTP/Status/403",2026-07-17T21:44:59.516551
figaro1854,bd6t567750c,,failed,0,0,,http_manifest,known,403,manifest,"Client error '403 ' for url 'https://openapiproext.bnf.fr/iiif/presentation/v3/ark:/12148/bd6t567750c/manifest.json'
For more information check: https://developer.mozilla.org/en-US/docs/Web/HTTP/Status/403",2026-07-17T21:45:00.835087
figaro1854,bd6t567751q,,failed,0,0,,http_manifest,known,403,manifest,"Client error '403 ' for url 'https://openapiproext.bnf.fr/iiif/presentation/v3/ark:/12148/bd6t567751q/manifest.json'
For more information check: https://developer.mozilla.org/en-US/docs/Web/HTTP/Status/403",2026-07-17T21:45:02.151657
figaro1854,bd6t5677522,,failed,0,0,,http_manifest,known,403,manifest,"Client error '403 ' for url 'https://openapiproext.bnf.fr/iiif/presentation/v3/ark:/12148/bd6t5677522/manifest.json'
For more information check: https://developer.mozilla.org/en-US/docs/Web/HTTP/Status/403",2026-07-17T21:45:03.117746
figaro1854,bd6t567753d,,failed,0,0,,http_manifest,known,403,manifest,"Client error '403 ' for url 'https://openapiproext.bnf.fr/iiif/presentation/v3/ark:/12148/bd6t567753d/manifest.json'
For more information check: https://developer.mozilla.org/en-US/docs/Web/HTTP/Status/403",2026-07-17T21:45:04.412051
figaro1854,bd6t567754r,,failed,0,0,,http_manifest,known,403,manifest,"Client error '403 ' for url 'https://openapiproext.bnf.fr/iiif/presentation/v3/ark:/12148/bd6t567754r/manifest.json'
For more information check: https://developer.mozilla.org/en-US/docs/Web/HTTP/Status/403",2026-07-17T21:45:05.722995
figaro1854,bd6t5677553,,failed,0,0,,http_manifest,known,403,manifest,"Client error '403 ' for url 'https://openapiproext.bnf.fr/iiif/presentation/v3/ark:/12148/bd6t5677553/manifest.json'
For more information check: https://developer.mozilla.org/en-US/docs/Web/HTTP/Status/403",2026-07-17T21:45:06.847013
figaro1854,bd6t567756f,,failed,0,0,,http_manifest,known,403,manifest,"Client error '403 ' for url 'https://openapiproext.bnf.fr/iiif/presentation/v3/ark:/12148/bd6t567756f/manifest.json'
For more information check: https://developer.mozilla.org/en-US/docs/Web/HTTP/Status/403",2026-07-17T21:45:07.930952
figaro1854,bd6t567757s,,failed,0,0,,http_manifest,known,403,manifest,"Client error '403 ' for url 'https://openapiproext.bnf.fr/iiif/presentation/v3/ark:/12148/bd6t567757s/manifest.json'
For more information check: https://developer.mozilla.org/en-US/docs/Web/HTTP/Status/403",2026-07-17T21:45:09.316064
figaro1854,bd6t5677584,,failed,0,0,,http_manifest,known,403,manifest,"Client error '403 ' for url 'https://openapiproext.bnf.fr/iiif/presentation/v3/ark:/12148/bd6t5677584/manifest.json'
For more information check: https://developer.mozilla.org/en-US/docs/Web/HTTP/Status/403",2026-07-17T21:45:10.334575
figaro1854,bd6t567759g,,failed,0,0,,http_manifest,known,403,manifest,"Client error '403 ' for url 'https://openapiproext.bnf.fr/iiif/presentation/v3/ark:/12148/bd6t567759g/manifest.json'
For more information check: https://developer.mozilla.org/en-US/docs/Web/HTTP/Status/403",2026-07-17T21:45:11.531659
figaro1854,bd6t567760p,,failed,0,0,,http_manifest,known,403,manifest,"Client error '403 ' for url 'https://openapiproext.bnf.fr/iiif/presentation/v3/ark:/12148/bd6t567760p/manifest.json'
For more information check: https://developer.mozilla.org/en-US/docs/Web/HTTP/Status/403",2026-07-17T21:45:12.834458
figaro1854,bd6t5677611,,failed,0,0,,http_manifest,known,403,manifest,"Client error '403 ' for url 'https://openapiproext.bnf.fr/iiif/presentation/v3/ark:/12148/bd6t5677611/manifest.json'
For more information check: https://developer.mozilla.org/en-US/docs/Web/HTTP/Status/403",2026-07-17T21:45:13.960403
figaro1854,bd6t567762c,,failed,0,0,,http_manifest,known,403,manifest,"Client error '403 ' for url 'https://openapiproext.bnf.fr/iiif/presentation/v3/ark:/12148/bd6t567762c/manifest.json'
For more information check: https://developer.mozilla.org/en-US/docs/Web/HTTP/Status/403",2026-07-17T21:45:15.142606
figaro1854,bd6t567763q,,failed,0,0,,http_manifest,known,403,manifest,"Client error '403 ' for url 'https://openapiproext.bnf.fr/iiif/presentation/v3/ark:/12148/bd6t567763q/manifest.json'
For more information check: https://developer.mozilla.org/en-US/docs/Web/HTTP/Status/403",2026-07-17T21:45:16.339159
figaro1854,bd6t5677642,,failed,0,0,,http_manifest,known,403,manifest,"Client error '403 ' for url 'https://openapiproext.bnf.fr/iiif/presentation/v3/ark:/12148/bd6t5677642/manifest.json'
For more information check: https://developer.mozilla.org/en-US/docs/Web/HTTP/Status/403",2026-07-17T21:45:17.571710
figaro1854,bd6t567765d,,failed,0,0,,http_manifest,known,403,manifest,"Client error '403 ' for url 'https://openapiproext.bnf.fr/iiif/presentation/v3/ark:/12148/bd6t567765d/manifest.json'
For more information check: https://developer.mozilla.org/en-US/docs/Web/HTTP/Status/403",2026-07-17T21:45:18.745231
figaro1854,bd6t567766r,,failed,0,0,,http_manifest,known,403,manifest,"Client error '403 ' for url 'https://openapiproext.bnf.fr/iiif/presentation/v3/ark:/12148/bd6t567766r/manifest.json'
For more information check: https://developer.mozilla.org/en-US/docs/Web/HTTP/Status/403",2026-07-17T21:45:19.943122
figaro1854,bd6t5677673,,failed,0,0,,http_manifest,known,403,manifest,"Client error '403 ' for url 'https://openapiproext.bnf.fr/iiif/presentation/v3/ark:/12148/bd6t5677673/manifest.json'
For more information check: https://developer.mozilla.org/en-US/docs/Web/HTTP/Status/403",2026-07-17T21:45:21.145692
figaro1854,bd6t567768f,,failed,0,0,,http_manifest,known,403,manifest,"Client error '403 ' for url 'https://openapiproext.bnf.fr/iiif/presentation/v3/ark:/12148/bd6t567768f/manifest.json'
For more information check: https://developer.mozilla.org/en-US/docs/Web/HTTP/Status/403",2026-07-17T21:45:22.355993
figaro1854,bd6t567769s,,failed,0,0,,http_manifest,known,403,manifest,"Client error '403 ' for url 'https://openapiproext.bnf.fr/iiif/presentation/v3/ark:/12148/bd6t567769s/manifest.json'
For more information check: https://developer.mozilla.org/en-US/docs/Web/HTTP/Status/403",2026-07-17T21:45:23.546808
figaro1854,bd6t5677700,,failed,0,0,,http_manifest,known,403,manifest,"Client error '403 ' for url 'https://openapiproext.bnf.fr/iiif/presentation/v3/ark:/12148/bd6t5677700/manifest.json'
For more information check: https://developer.mozilla.org/en-US/docs/Web/HTTP/Status/403",2026-07-17T21:45:24.748575
figaro1854,bd6t567771b,,failed,0,0,,http_manifest,known,403,manifest,"Client error '403 ' for url 'https://openapiproext.bnf.fr/iiif/presentation/v3/ark:/12148/bd6t567771b/manifest.json'
For more information check: https://developer.mozilla.org/en-US/docs/Web/HTTP/Status/403",2026-07-17T21:45:25.973977
figaro1854,bd6t567772p,,failed,0,0,,http_manifest,known,403,manifest,"Client error '403 ' for url 'https://openapiproext.bnf.fr/iiif/presentation/v3/ark:/12148/bd6t567772p/manifest.json'
For more information check: https://developer.mozilla.org/en-US/docs/Web/HTTP/Status/403",2026-07-17T21:45:27.156779
figaro1854,bd6t5677731,,failed,0,0,,http_manifest,known,403,manifest,"Client error '403 ' for url 'https://openapiproext.bnf.fr/iiif/presentation/v3/ark:/12148/bd6t5677731/manifest.json'
For more information check: https://developer.mozilla.org/en-US/docs/Web/HTTP/Status/403",2026-07-17T21:45:28.353292
figaro1854,bd6t567774c,,failed,0,0,,http_manifest,known,403,manifest,"Client error '403 ' for url 'https://openapiproext.bnf.fr/iiif/presentation/v3/ark:/12148/bd6t567774c/manifest.json'
For more information check: https://developer.mozilla.org/en-US/docs/Web/HTTP/Status/403",2026-07-17T21:45:29.553898
figaro1854,bd6t567775q,,failed,0,0,,http_manifest,known,403,manifest,"Client error '403 ' for url 'https://openapiproext.bnf.fr/iiif/presentation/v3/ark:/12148/bd6t567775q/manifest.json'
For more information check: https://developer.mozilla.org/en-US/docs/Web/HTTP/Status/403",2026-07-17T21:45:30.755263
figaro1854,bd6t5677762,,failed,0,0,,http_manifest,known,403,manifest,"Client error '403 ' for url 'https://openapiproext.bnf.fr/iiif/presentation/v3/ark:/12148/bd6t5677762/manifest.json'
For more information check: https://developer.mozilla.org/en-US/docs/Web/HTTP/Status/403",2026-07-17T21:45:31.982167
figaro1854,bd6t567777d,,failed,0,0,,http_manifest,known,403,manifest,"Client error '403 ' for url 'https://openapiproext.bnf.fr/iiif/presentation/v3/ark:/12148/bd6t567777d/manifest.json'
For more information check: https://developer.mozilla.org/en-US/docs/Web/HTTP/Status/403",2026-07-17T21:45:33.160203
figaro1854,bd6t567778r,,failed,0,0,,http_manifest,known,403,manifest,"Client error '403 ' for url 'https://openapiproext.bnf.fr/iiif/presentation/v3/ark:/12148/bd6t567778r/manifest.json'
For more information check: https://developer.mozilla.org/en-US/docs/Web/HTTP/Status/403",2026-07-17T21:45:34.358255
figaro1854,bd6t5677793,,failed,0,0,,http_manifest,known,403,manifest,"Client error '403 ' for url 'https://openapiproext.bnf.fr/iiif/presentation/v3/ark:/12148/bd6t5677793/manifest.json'
For more information check: https://developer.mozilla.org/en-US/docs/Web/HTTP/Status/403",2026-07-17T21:45:35.561679
figaro1854,bd6t5677809,,failed,0,0,,http_manifest,known,403,manifest,"Client error '403 ' for url 'https://openapiproext.bnf.fr/iiif/presentation/v3/ark:/12148/bd6t5677809/manifest.json'
For more information check: https://developer.mozilla.org/en-US/docs/Web/HTTP/Status/403",2026-07-17T21:45:36.764799
figaro1854,bd6t567781n,,failed,0,0,,http_manifest,known,403,manifest,"Client error '403 ' for url 'https://openapiproext.bnf.fr/iiif/presentation/v3/ark:/12148/bd6t567781n/manifest.json'
For more information check: https://developer.mozilla.org/en-US/docs/Web/HTTP/Status/403",2026-07-17T21:45:37.971255
figaro1854,bd6t5677820,,failed,0,0,,http_manifest,known,403,manifest,"Client error '403 ' for url 'https://openapiproext.bnf.fr/iiif/presentation/v3/ark:/12148/bd6t5677820/manifest.json'
For more information check: https://developer.mozilla.org/en-US/docs/Web/HTTP/Status/403",2026-07-17T21:45:39.167379
figaro1854,bd6t567783b,,failed,0,0,,http_manifest,known,403,manifest,"Client error '403 ' for url 'https://openapiproext.bnf.fr/iiif/presentation/v3/ark:/12148/bd6t567783b/manifest.json'
For more information check: https://developer.mozilla.org/en-US/docs/Web/HTTP/Status/403",2026-07-17T21:45:40.367023
figaro1854,bd6t567784p,,failed,0,0,,http_manifest,known,403,manifest,"Client error '403 ' for url 'https://openapiproext.bnf.fr/iiif/presentation/v3/ark:/12148/bd6t567784p/manifest.json'
For more information check: https://developer.mozilla.org/en-US/docs/Web/HTTP/Status/403",2026-07-17T21:45:41.568547
figaro1854,bd6t5677851,,failed,0,0,,http_manifest,known,403,manifest,"Client error '403 ' for url 'https://openapiproext.bnf.fr/iiif/presentation/v3/ark:/12148/bd6t5677851/manifest.json'
For more information check: https://developer.mozilla.org/en-US/docs/Web/HTTP/Status/403",2026-07-17T21:45:42.769618
figaro1854,bd6t567786c,,failed,0,0,,http_manifest,known,403,manifest,"Client error '403 ' for url 'https://openapiproext.bnf.fr/iiif/presentation/v3/ark:/12148/bd6t567786c/manifest.json'
For more information check: https://developer.mozilla.org/en-US/docs/Web/HTTP/Status/403",2026-07-17T21:45:43.992445
figaro1854,bd6t567787q,,failed,0,0,,http_manifest,known,403,manifest,"Client error '403 ' for url 'https://openapiproext.bnf.fr/iiif/presentation/v3/ark:/12148/bd6t567787q/manifest.json'
For more information check: https://developer.mozilla.org/en-US/docs/Web/HTTP/Status/403",2026-07-17T21:45:45.171914
figaro1854,bd6t5677882,,failed,0,0,,http_manifest,known,403,manifest,"Client error '403 ' for url 'https://openapiproext.bnf.fr/iiif/presentation/v3/ark:/12148/bd6t5677882/manifest.json'
For more information check: https://developer.mozilla.org/en-US/docs/Web/HTTP/Status/403",2026-07-17T21:45:46.372957
figaro1854,bd6t567789d,,failed,0,0,,http_manifest,known,403,manifest,"Client error '403 ' for url 'https://openapiproext.bnf.fr/iiif/presentation/v3/ark:/12148/bd6t567789d/manifest.json'
For more information check: https://developer.mozilla.org/en-US/docs/Web/HTTP/Status/403",2026-07-17T21:45:47.576761
figaro1854,bd6t567790m,,failed,0,0,,http_manifest,known,403,manifest,"Client error '403 ' for url 'https://openapiproext.bnf.fr/iiif/presentation/v3/ark:/12148/bd6t567790m/manifest.json'
For more information check: https://developer.mozilla.org/en-US/docs/Web/HTTP/Status/403",2026-07-17T21:45:48.775435
figaro1854,bd6t567791z,,failed,0,0,,http_manifest,known,403,manifest,"Client error '403 ' for url 'https://openapiproext.bnf.fr/iiif/presentation/v3/ark:/12148/bd6t567791z/manifest.json'
For more information check: https://developer.mozilla.org/en-US/docs/Web/HTTP/Status/403",2026-07-17T21:45:49.976531
figaro1854,bd6t5677929,,failed,0,0,,http_manifest,known,403,manifest,"Client error '403 ' for url 'https://openapiproext.bnf.fr/iiif/presentation/v3/ark:/12148/bd6t5677929/manifest.json'
For more information check: https://developer.mozilla.org/en-US/docs/Web/HTTP/Status/403",2026-07-17T21:45:51.188510
figaro1854,bd6t567793n,,failed,0,0,,http_manifest,known,403,manifest,"Client error '403 ' for url 'https://openapiproext.bnf.fr/iiif/presentation/v3/ark:/12148/bd6t567793n/manifest.json'
For more information check: https://developer.mozilla.org/en-US/docs/Web/HTTP/Status/403",2026-07-17T21:45:52.378370
figaro1854,bd6t5677940,,failed,0,0,,http_manifest,known,403,manifest,"Client error '403 ' for url 'https://openapiproext.bnf.fr/iiif/presentation/v3/ark:/12148/bd6t5677940/manifest.json'
For more information check: https://developer.mozilla.org/en-US/docs/Web/HTTP/Status/403",2026-07-17T21:45:53.582222
figaro1854,bd6t567795b,,failed,0,0,,http_manifest,known,403,manifest,"Client error '403 ' for url 'https://openapiproext.bnf.fr/iiif/presentation/v3/ark:/12148/bd6t567795b/manifest.json'
For more information check: https://developer.mozilla.org/en-US/docs/Web/HTTP/Status/403",2026-07-17T21:45:54.782362
figaro1854,bd6t567796p,,failed,0,0,,http_manifest,known,403,manifest,"Client error '403 ' for url 'https://openapiproext.bnf.fr/iiif/presentation/v3/ark:/12148/bd6t567796p/manifest.json'
For more information check: https://developer.mozilla.org/en-US/docs/Web/HTTP/Status/403",2026-07-17T21:45:56.016583
figaro1854,bd6t5695195,,failed,0,0,,http_manifest,known,403,manifest,"Client error '403 ' for url 'https://openapiproext.bnf.fr/iiif/presentation/v3/ark:/12148/bd6t5695195/manifest.json'
For more information check: https://developer.mozilla.org/en-US/docs/Web/HTTP/Status/403",2026-07-17T21:45:57.184039
figaro1854,bd6t569520c,,failed,0,0,,http_manifest,known,403,manifest,"Client error '403 ' for url 'https://openapiproext.bnf.fr/iiif/presentation/v3/ark:/12148/bd6t569520c/manifest.json'
For more information check: https://developer.mozilla.org/en-US/docs/Web/HTTP/Status/403",2026-07-17T21:45:58.535062
figaro1854,bd6t569521q,,failed,0,0,,http_manifest,known,403,manifest,"Client error '403 ' for url 'https://openapiproext.bnf.fr/iiif/presentation/v3/ark:/12148/bd6t569521q/manifest.json'
For more information check: https://developer.mozilla.org/en-US/docs/Web/HTTP/Status/403",2026-07-17T21:45:59.636918
figaro1854,bd6t5695222,,failed,0,0,,http_manifest,known,403,manifest,"Client error '403 ' for url 'https://openapiproext.bnf.fr/iiif/presentation/v3/ark:/12148/bd6t5695222/manifest.json'
For more information check: https://developer.mozilla.org/en-US/docs/Web/HTTP/Status/403",2026-07-17T21:46:00.833773
figaro1854,bd6t569523d,,failed,0,0,,http_manifest,known,403,manifest,"Client error '403 ' for url 'https://openapiproext.bnf.fr/iiif/presentation/v3/ark:/12148/bd6t569523d/manifest.json'
For more information check: https://developer.mozilla.org/en-US/docs/Web/HTTP/Status/403",2026-07-17T21:46:02.254982
figaro1854,bd6t569524r,,failed,0,0,,http_manifest,known,403,manifest,"Client error '403 ' for url 'https://openapiproext.bnf.fr/iiif/presentation/v3/ark:/12148/bd6t569524r/manifest.json'
For more information check: https://developer.mozilla.org/en-US/docs/Web/HTTP/Status/403",2026-07-17T21:46:03.247966
figaro1854,bd6t5695253,,failed,0,0,,http_manifest,known,403,manifest,"Client error '403 ' for url 'https://openapiproext.bnf.fr/iiif/presentation/v3/ark:/12148/bd6t5695253/manifest.json'
For more information check: https://developer.mozilla.org/en-US/docs/Web/HTTP/Status/403",2026-07-17T21:46:04.688493
figaro1854,bd6t569526f,,failed,0,0,,http_manifest,known,403,manifest,"Client error '403 ' for url 'https://openapiproext.bnf.fr/iiif/presentation/v3/ark:/12148/bd6t569526f/manifest.json'
For more information check: https://developer.mozilla.org/en-US/docs/Web/HTTP/Status/403",2026-07-17T21:46:05.824475
figaro1854,bd6t569527s,,failed,0,0,,http_manifest,known,403,manifest,"Client error '403 ' for url 'https://openapiproext.bnf.fr/iiif/presentation/v3/ark:/12148/bd6t569527s/manifest.json'
For more information check: https://developer.mozilla.org/en-US/docs/Web/HTTP/Status/403",2026-07-17T21:46:06.802750
figaro1854,bd6t5695284,,failed,0,0,,http_manifest,known,403,manifest,"Client error '403 ' for url 'https://openapiproext.bnf.fr/iiif/presentation/v3/ark:/12148/bd6t5695284/manifest.json'
For more information check: https://developer.mozilla.org/en-US/docs/Web/HTTP/Status/403",2026-07-17T21:46:08.004051
figaro1854,bd6t569529g,,failed,0,0,,http_manifest,known,403,manifest,"Client error '403 ' for url 'https://openapiproext.bnf.fr/iiif/presentation/v3/ark:/12148/bd6t569529g/manifest.json'
For more information check: https://developer.mozilla.org/en-US/docs/Web/HTTP/Status/403",2026-07-17T21:46:09.234248
figaro1854,bd6t569530p,,failed,0,0,,http_manifest,known,403,manifest,"Client error '403 ' for url 'https://openapiproext.bnf.fr/iiif/presentation/v3/ark:/12148/bd6t569530p/manifest.json'
For more information check: https://developer.mozilla.org/en-US/docs/Web/HTTP/Status/403",2026-07-17T21:46:10.405564
figaro1854,bd6t5695311,,failed,0,0,,http_manifest,known,403,manifest,"Client error '403 ' for url 'https://openapiproext.bnf.fr/iiif/presentation/v3/ark:/12148/bd6t5695311/manifest.json'
For more information check: https://developer.mozilla.org/en-US/docs/Web/HTTP/Status/403",2026-07-17T21:46:11.718188
figaro1854,bd6t569532c,,failed,0,0,,http_manifest,known,403,manifest,"Client error '403 ' for url 'https://openapiproext.bnf.fr/iiif/presentation/v3/ark:/12148/bd6t569532c/manifest.json'
For more information check: https://developer.mozilla.org/en-US/docs/Web/HTTP/Status/403",2026-07-17T21:46:12.939739
figaro1854,bd6t569533q,,failed,0,0,,http_manifest,known,403,manifest,"Client error '403 ' for url 'https://openapiproext.bnf.fr/iiif/presentation/v3/ark:/12148/bd6t569533q/manifest.json'
For more information check: https://developer.mozilla.org/en-US/docs/Web/HTTP/Status/403",2026-07-17T21:46:14.091416
figaro1854,bd6t5695342,,failed,0,0,,http_manifest,known,403,manifest,"Client error '403 ' for url 'https://openapiproext.bnf.fr/iiif/presentation/v3/ark:/12148/bd6t5695342/manifest.json'
For more information check: https://developer.mozilla.org/en-US/docs/Web/HTTP/Status/403",2026-07-17T21:46:15.328358
figaro1854,bd6t569535d,,failed,0,0,,http_manifest,known,403,manifest,"Client error '403 ' for url 'https://openapiproext.bnf.fr/iiif/presentation/v3/ark:/12148/bd6t569535d/manifest.json'
For more information check: https://developer.mozilla.org/en-US/docs/Web/HTTP/Status/403",2026-07-17T21:46:16.417311
figaro1854,bd6t569536r,,failed,0,0,,http_manifest,known,403,manifest,"Client error '403 ' for url 'https://openapiproext.bnf.fr/iiif/presentation/v3/ark:/12148/bd6t569536r/manifest.json'
For more information check: https://developer.mozilla.org/en-US/docs/Web/HTTP/Status/403",2026-07-17T21:46:17.633511
figaro1854,bd6t5695373,,failed,0,0,,http_manifest,known,403,manifest,"Client error '403 ' for url 'https://openapiproext.bnf.fr/iiif/presentation/v3/ark:/12148/bd6t5695373/manifest.json'
For more information check: https://developer.mozilla.org/en-US/docs/Web/HTTP/Status/403",2026-07-17T21:46:18.964107
figaro1854,bd6t569538f,,failed,0,0,,http_manifest,known,403,manifest,"Client error '403 ' for url 'https://openapiproext.bnf.fr/iiif/presentation/v3/ark:/12148/bd6t569538f/manifest.json'
For more information check: https://developer.mozilla.org/en-US/docs/Web/HTTP/Status/403",2026-07-17T21:46:20.029630
figaro1854,bd6t569539s,,failed,0,0,,http_manifest,known,403,manifest,"Client error '403 ' for url 'https://openapiproext.bnf.fr/iiif/presentation/v3/ark:/12148/bd6t569539s/manifest.json'
For more information check: https://developer.mozilla.org/en-US/docs/Web/HTTP/Status/403",2026-07-17T21:46:21.238408
figaro1854,bd6t5695400,,failed,0,0,,http_manifest,known,403,manifest,"Client error '403 ' for url 'https://openapiproext.bnf.fr/iiif/presentation/v3/ark:/12148/bd6t5695400/manifest.json'
For more information check: https://developer.mozilla.org/en-US/docs/Web/HTTP/Status/403",2026-07-17T21:46:22.421731
figaro1854,bd6t569541b,,failed,0,0,,http_manifest,known,403,manifest,"Client error '403 ' for url 'https://openapiproext.bnf.fr/iiif/presentation/v3/ark:/12148/bd6t569541b/manifest.json'
For more information check: https://developer.mozilla.org/en-US/docs/Web/HTTP/Status/403",2026-07-17T21:46:23.626080
figaro1854,bd6t569542p,,failed,0,0,,http_manifest,known,403,manifest,"Client error '403 ' for url 'https://openapiproext.bnf.fr/iiif/presentation/v3/ark:/12148/bd6t569542p/manifest.json'
For more information check: https://developer.mozilla.org/en-US/docs/Web/HTTP/Status/403",2026-07-17T21:46:24.824655
figaro1854,bd6t5695431,,failed,0,0,,http_manifest,known,403,manifest,"Client error '403 ' for url 'https://openapiproext.bnf.fr/iiif/presentation/v3/ark:/12148/bd6t5695431/manifest.json'
For more information check: https://developer.mozilla.org/en-US/docs/Web/HTTP/Status/403",2026-07-17T21:46:26.026024
figaro1854,bd6t569544c,,failed,0,0,,http_manifest,known,403,manifest,"Client error '403 ' for url 'https://openapiproext.bnf.fr/iiif/presentation/v3/ark:/12148/bd6t569544c/manifest.json'
For more information check: https://developer.mozilla.org/en-US/docs/Web/HTTP/Status/403",2026-07-17T21:46:27.229586
figaro1854,bd6t569545q,,failed,0,0,,http_manifest,known,403,manifest,"Client error '403 ' for url 'https://openapiproext.bnf.fr/iiif/presentation/v3/ark:/12148/bd6t569545q/manifest.json'
For more information check: https://developer.mozilla.org/en-US/docs/Web/HTTP/Status/403",2026-07-17T21:46:28.431070
figaro1854,bd6t5695462,,failed,0,0,,http_manifest,known,403,manifest,"Client error '403 ' for url 'https://openapiproext.bnf.fr/iiif/presentation/v3/ark:/12148/bd6t5695462/manifest.json'
For more information check: https://developer.mozilla.org/en-US/docs/Web/HTTP/Status/403",2026-07-17T21:46:29.636871
figaro1854,bd6t569547d,,failed,0,0,,http_manifest,known,403,manifest,"Client error '403 ' for url 'https://openapiproext.bnf.fr/iiif/presentation/v3/ark:/12148/bd6t569547d/manifest.json'
For more information check: https://developer.mozilla.org/en-US/docs/Web/HTTP/Status/403",2026-07-17T21:46:30.834089
figaro1854,bd6t569548r,,failed,0,0,,http_manifest,known,403,manifest,"Client error '403 ' for url 'https://openapiproext.bnf.fr/iiif/presentation/v3/ark:/12148/bd6t569548r/manifest.json'
For more information check: https://developer.mozilla.org/en-US/docs/Web/HTTP/Status/403",2026-07-17T21:46:32.035239
figaro1854,bd6t5695493,,failed,0,0,,http_manifest,known,403,manifest,"Client error '403 ' for url 'https://openapiproext.bnf.fr/iiif/presentation/v3/ark:/12148/bd6t5695493/manifest.json'
For more information check: https://developer.mozilla.org/en-US/docs/Web/HTTP/Status/403",2026-07-17T21:46:33.268392
figaro1854,bd6t5695509,,failed,0,0,,http_manifest,known,403,manifest,"Client error '403 ' for url 'https://openapiproext.bnf.fr/iiif/presentation/v3/ark:/12148/bd6t5695509/manifest.json'
For more information check: https://developer.mozilla.org/en-US/docs/Web/HTTP/Status/403",2026-07-17T21:46:34.443194
figaro1854,bd6t569551n,,failed,0,0,,http_manifest,known,403,manifest,"Client error '403 ' for url 'https://openapiproext.bnf.fr/iiif/presentation/v3/ark:/12148/bd6t569551n/manifest.json'
For more information check: https://developer.mozilla.org/en-US/docs/Web/HTTP/Status/403",2026-07-17T21:46:35.640842
figaro1854,bd6t5695520,,failed,0,0,,http_manifest,known,403,manifest,"Client error '403 ' for url 'https://openapiproext.bnf.fr/iiif/presentation/v3/ark:/12148/bd6t5695520/manifest.json'
For more information check: https://developer.mozilla.org/en-US/docs/Web/HTTP/Status/403",2026-07-17T21:46:36.844120
figaro1854,bd6t569553b,,failed,0,0,,http_manifest,known,403,manifest,"Client error '403 ' for url 'https://openapiproext.bnf.fr/iiif/presentation/v3/ark:/12148/bd6t569553b/manifest.json'
For more information check: https://developer.mozilla.org/en-US/docs/Web/HTTP/Status/403",2026-07-17T21:46:38.043525
figaro1854,bd6t569554p,,failed,0,0,,http_manifest,known,403,manifest,"Client error '403 ' for url 'https://openapiproext.bnf.fr/iiif/presentation/v3/ark:/12148/bd6t569554p/manifest.json'
For more information check: https://developer.mozilla.org/en-US/docs/Web/HTTP/Status/403",2026-07-17T21:46:39.276641
figaro1854,bd6t5695551,,failed,0,0,,http_manifest,known,403,manifest,"Client error '403 ' for url 'https://openapiproext.bnf.fr/iiif/presentation/v3/ark:/12148/bd6t5695551/manifest.json'
For more information check: https://developer.mozilla.org/en-US/docs/Web/HTTP/Status/403",2026-07-17T21:46:40.448003
figaro1854,bd6t569556c,,failed,0,0,,http_manifest,known,403,manifest,"Client error '403 ' for url 'https://openapiproext.bnf.fr/iiif/presentation/v3/ark:/12148/bd6t569556c/manifest.json'
For more information check: https://developer.mozilla.org/en-US/docs/Web/HTTP/Status/403",2026-07-17T21:46:41.650200
figaro1854,bd6t569557q,,failed,0,0,,http_manifest,known,403,manifest,"Client error '403 ' for url 'https://openapiproext.bnf.fr/iiif/presentation/v3/ark:/12148/bd6t569557q/manifest.json'
For more information check: https://developer.mozilla.org/en-US/docs/Web/HTTP/Status/403",2026-07-17T21:46:42.851110
figaro1854,bd6t5695582,,failed,0,0,,http_manifest,known,403,manifest,"Client error '403 ' for url 'https://openapiproext.bnf.fr/iiif/presentation/v3/ark:/12148/bd6t5695582/manifest.json'
For more information check: https://developer.mozilla.org/en-US/docs/Web/HTTP/Status/403",2026-07-17T21:46:44.050272
figaro1854,bd6t569559d,,failed,0,0,,http_manifest,known,403,manifest,"Client error '403 ' for url 'https://openapiproext.bnf.fr/iiif/presentation/v3/ark:/12148/bd6t569559d/manifest.json'
For more information check: https://developer.mozilla.org/en-US/docs/Web/HTTP/Status/403",2026-07-17T21:46:45.253385
figaro1854,bd6t569560m,,failed,0,0,,http_manifest,known,403,manifest,"Client error '403 ' for url 'https://openapiproext.bnf.fr/iiif/presentation/v3/ark:/12148/bd6t569560m/manifest.json'
For more information check: https://developer.mozilla.org/en-US/docs/Web/HTTP/Status/403",2026-07-17T21:46:46.454105
figaro1854,bd6t569561z,,failed,0,0,,http_manifest,known,403,manifest,"Client error '403 ' for url 'https://openapiproext.bnf.fr/iiif/presentation/v3/ark:/12148/bd6t569561z/manifest.json'
For more information check: https://developer.mozilla.org/en-US/docs/Web/HTTP/Status/403",2026-07-17T21:46:47.659932
figaro1854,bd6t5695629,,failed,0,0,,http_manifest,known,403,manifest,"Client error '403 ' for url 'https://openapiproext.bnf.fr/iiif/presentation/v3/ark:/12148/bd6t5695629/manifest.json'
For more information check: https://developer.mozilla.org/en-US/docs/Web/HTTP/Status/403",2026-07-17T21:46:48.862276
figaro1854,bd6t569563n,,failed,0,0,,http_manifest,known,403,manifest,"Client error '403 ' for url 'https://openapiproext.bnf.fr/iiif/presentation/v3/ark:/12148/bd6t569563n/manifest.json'
For more information check: https://developer.mozilla.org/en-US/docs/Web/HTTP/Status/403",2026-07-17T21:46:50.060878
figaro1854,bd6t5695640,,failed,0,0,,http_manifest,known,403,manifest,"Client error '403 ' for url 'https://openapiproext.bnf.fr/iiif/presentation/v3/ark:/12148/bd6t5695640/manifest.json'
For more information check: https://developer.mozilla.org/en-US/docs/Web/HTTP/Status/403",2026-07-17T21:46:51.279994
figaro1854,bd6t569565b,,failed,0,0,,http_manifest,known,403,manifest,"Client error '403 ' for url 'https://openapiproext.bnf.fr/iiif/presentation/v3/ark:/12148/bd6t569565b/manifest.json'
For more information check: https://developer.mozilla.org/en-US/docs/Web/HTTP/Status/403",2026-07-17T21:46:52.463215
figaro1854,bd6t569566p,,failed,0,0,,http_manifest,known,403,manifest,"Client error '403 ' for url 'https://openapiproext.bnf.fr/iiif/presentation/v3/ark:/12148/bd6t569566p/manifest.json'
For more information check: https://developer.mozilla.org/en-US/docs/Web/HTTP/Status/403",2026-07-17T21:46:53.665588
figaro1854,bd6t5695671,,failed,0,0,,http_manifest,known,403,manifest,"Client error '403 ' for url 'https://openapiproext.bnf.fr/iiif/presentation/v3/ark:/12148/bd6t5695671/manifest.json'
For more information check: https://developer.mozilla.org/en-US/docs/Web/HTTP/Status/403",2026-07-17T21:46:54.865708
figaro1854,bd6t569568c,,failed,0,0,,http_manifest,known,403,manifest,"Client error '403 ' for url 'https://openapiproext.bnf.fr/iiif/presentation/v3/ark:/12148/bd6t569568c/manifest.json'
For more information check: https://developer.mozilla.org/en-US/docs/Web/HTTP/Status/403",2026-07-17T21:46:56.069697
figaro1854,bd6t569569q,,failed,0,0,,http_manifest,known,403,manifest,"Client error '403 ' for url 'https://openapiproext.bnf.fr/iiif/presentation/v3/ark:/12148/bd6t569569q/manifest.json'
For more information check: https://developer.mozilla.org/en-US/docs/Web/HTTP/Status/403",2026-07-17T21:46:57.270899
figaro1854,bd6t5865175,,failed,0,0,,http_manifest,known,403,manifest,"Client error '403 ' for url 'https://openapiproext.bnf.fr/iiif/presentation/v3/ark:/12148/bd6t5865175/manifest.json'
For more information check: https://developer.mozilla.org/en-US/docs/Web/HTTP/Status/403",2026-07-17T21:46:58.694494
figaro1854,bd6t586518h,,failed,0,0,,http_manifest,known,403,manifest,"Client error '403 ' for url 'https://openapiproext.bnf.fr/iiif/presentation/v3/ark:/12148/bd6t586518h/manifest.json'
For more information check: https://developer.mozilla.org/en-US/docs/Web/HTTP/Status/403",2026-07-17T21:46:59.804537
figaro1854,bd6t586519v,,failed,0,0,,http_manifest,known,403,manifest,"Client error '403 ' for url 'https://openapiproext.bnf.fr/iiif/presentation/v3/ark:/12148/bd6t586519v/manifest.json'
For more information check: https://developer.mozilla.org/en-US/docs/Web/HTTP/Status/403",2026-07-17T21:47:00.988520
figaro1854,bd6t5865202,,failed,0,0,,http_manifest,known,403,manifest,"Client error '403 ' for url 'https://openapiproext.bnf.fr/iiif/presentation/v3/ark:/12148/bd6t5865202/manifest.json'
For more information check: https://developer.mozilla.org/en-US/docs/Web/HTTP/Status/403",2026-07-17T21:47:02.080103
figaro1854,bd6t586521d,,failed,0,0,,http_manifest,known,403,manifest,"Client error '403 ' for url 'https://openapiproext.bnf.fr/iiif/presentation/v3/ark:/12148/bd6t586521d/manifest.json'
For more information check: https://developer.mozilla.org/en-US/docs/Web/HTTP/Status/403",2026-07-17T21:47:03.477648
figaro1854,bd6t586522r,,failed,0,0,,http_manifest,known,403,manifest,"Client error '403 ' for url 'https://openapiproext.bnf.fr/iiif/presentation/v3/ark:/12148/bd6t586522r/manifest.json'
For more information check: https://developer.mozilla.org/en-US/docs/Web/HTTP/Status/403",2026-07-17T21:47:04.819066
figaro1854,bd6t5865233,,failed,0,0,,http_manifest,known,403,manifest,"Client error '403 ' for url 'https://openapiproext.bnf.fr/iiif/presentation/v3/ark:/12148/bd6t5865233/manifest.json'
For more information check: https://developer.mozilla.org/en-US/docs/Web/HTTP/Status/403",2026-07-17T21:47:05.828555
figaro1854,bd6t586524f,,failed,0,0,,http_manifest,known,403,manifest,"Client error '403 ' for url 'https://openapiproext.bnf.fr/iiif/presentation/v3/ark:/12148/bd6t586524f/manifest.json'
For more information check: https://developer.mozilla.org/en-US/docs/Web/HTTP/Status/403",2026-07-17T21:47:07.069455
figaro1854,bd6t586525s,,failed,0,0,,http_manifest,known,403,manifest,"Client error '403 ' for url 'https://openapiproext.bnf.fr/iiif/presentation/v3/ark:/12148/bd6t586525s/manifest.json'
For more information check: https://developer.mozilla.org/en-US/docs/Web/HTTP/Status/403",2026-07-17T21:47:08.091059
figaro1854,bd6t5865264,,failed,0,0,,http_manifest,known,403,manifest,"Client error '403 ' for url 'https://openapiproext.bnf.fr/iiif/presentation/v3/ark:/12148/bd6t5865264/manifest.json'
For more information check: https://developer.mozilla.org/en-US/docs/Web/HTTP/Status/403",2026-07-17T21:47:09.316740
figaro1854,bd6t586527g,,failed,0,0,,http_manifest,known,403,manifest,"Client error '403 ' for url 'https://openapiproext.bnf.fr/iiif/presentation/v3/ark:/12148/bd6t586527g/manifest.json'
For more information check: https://developer.mozilla.org/en-US/docs/Web/HTTP/Status/403",2026-07-17T21:47:10.492342
figaro1854,bd6t586528t,,failed,0,0,,http_manifest,known,403,manifest,"Client error '403 ' for url 'https://openapiproext.bnf.fr/iiif/presentation/v3/ark:/12148/bd6t586528t/manifest.json'
For more information check: https://developer.mozilla.org/en-US/docs/Web/HTTP/Status/403",2026-07-17T21:47:11.808824
figaro1854,bd6t5865295,,failed,0,0,,http_manifest,known,403,manifest,"Client error '403 ' for url 'https://openapiproext.bnf.fr/iiif/presentation/v3/ark:/12148/bd6t5865295/manifest.json'
For more information check: https://developer.mozilla.org/en-US/docs/Web/HTTP/Status/403",2026-07-17T21:47:12.973846
figaro1854,bd6t586530c,,failed,0,0,,http_manifest,known,403,manifest,"Client error '403 ' for url 'https://openapiproext.bnf.fr/iiif/presentation/v3/ark:/12148/bd6t586530c/manifest.json'
For more information check: https://developer.mozilla.org/en-US/docs/Web/HTTP/Status/403",2026-07-17T21:47:14.130284
figaro1854,bd6t586531q,,failed,0,0,,http_manifest,known,403,manifest,"Client error '403 ' for url 'https://openapiproext.bnf.fr/iiif/presentation/v3/ark:/12148/bd6t586531q/manifest.json'
For more information check: https://developer.mozilla.org/en-US/docs/Web/HTTP/Status/403",2026-07-17T21:47:15.296041
figaro1854,bd6t5865322,,failed,0,0,,http_manifest,known,403,manifest,"Client error '403 ' for url 'https://openapiproext.bnf.fr/iiif/presentation/v3/ark:/12148/bd6t5865322/manifest.json'
For more information check: https://developer.mozilla.org/en-US/docs/Web/HTTP/Status/403",2026-07-17T21:47:16.499684
figaro1854,bd6t586533d,,failed,0,0,,http_manifest,known,403,manifest,"Client error '403 ' for url 'https://openapiproext.bnf.fr/iiif/presentation/v3/ark:/12148/bd6t586533d/manifest.json'
For more information check: https://developer.mozilla.org/en-US/docs/Web/HTTP/Status/403",2026-07-17T21:47:17.727600
figaro1854,bd6t586534r,,failed,0,0,,http_manifest,known,403,manifest,"Client error '403 ' for url 'https://openapiproext.bnf.fr/iiif/presentation/v3/ark:/12148/bd6t586534r/manifest.json'
For more information check: https://developer.mozilla.org/en-US/docs/Web/HTTP/Status/403",2026-07-17T21:47:19.083045
figaro1854,bd6t5865353,,failed,0,0,,http_manifest,known,403,manifest,"Client error '403 ' for url 'https://openapiproext.bnf.fr/iiif/presentation/v3/ark:/12148/bd6t5865353/manifest.json'
For more information check: https://developer.mozilla.org/en-US/docs/Web/HTTP/Status/403",2026-07-17T21:47:20.109195
figaro1854,bd6t586536f,,failed,0,0,,http_manifest,known,403,manifest,"Client error '403 ' for url 'https://openapiproext.bnf.fr/iiif/presentation/v3/ark:/12148/bd6t586536f/manifest.json'
For more information check: https://developer.mozilla.org/en-US/docs/Web/HTTP/Status/403",2026-07-17T21:47:21.338513
figaro1854,bd6t586537s,,failed,0,0,,http_manifest,known,403,manifest,"Client error '403 ' for url 'https://openapiproext.bnf.fr/iiif/presentation/v3/ark:/12148/bd6t586537s/manifest.json'
For more information check: https://developer.mozilla.org/en-US/docs/Web/HTTP/Status/403",2026-07-17T21:47:22.511508
figaro1854,bd6t5865384,,failed,0,0,,http_manifest,known,403,manifest,"Client error '403 ' for url 'https://openapiproext.bnf.fr/iiif/presentation/v3/ark:/12148/bd6t5865384/manifest.json'
For more information check: https://developer.mozilla.org/en-US/docs/Web/HTTP/Status/403",2026-07-17T21:47:23.711831
figaro1854,bd6t586539g,,failed,0,0,,http_manifest,known,403,manifest,"Client error '403 ' for url 'https://openapiproext.bnf.fr/iiif/presentation/v3/ark:/12148/bd6t586539g/manifest.json'
For more information check: https://developer.mozilla.org/en-US/docs/Web/HTTP/Status/403",2026-07-17T21:47:24.915836
figaro1854,bd6t586540p,,failed,0,0,,http_manifest,known,403,manifest,"Client error '403 ' for url 'https://openapiproext.bnf.fr/iiif/presentation/v3/ark:/12148/bd6t586540p/manifest.json'
For more information check: https://developer.mozilla.org/en-US/docs/Web/HTTP/Status/403",2026-07-17T21:47:26.120349
figaro1854,bd6t5865411,,failed,0,0,,http_manifest,known,403,manifest,"Client error '403 ' for url 'https://openapiproext.bnf.fr/iiif/presentation/v3/ark:/12148/bd6t5865411/manifest.json'
For more information check: https://developer.mozilla.org/en-US/docs/Web/HTTP/Status/403",2026-07-17T21:47:27.316877
figaro1854,bd6t586542c,,failed,0,0,,http_manifest,known,403,manifest,"Client error '403 ' for url 'https://openapiproext.bnf.fr/iiif/presentation/v3/ark:/12148/bd6t586542c/manifest.json'
For more information check: https://developer.mozilla.org/en-US/docs/Web/HTTP/Status/403",2026-07-17T21:47:28.513439
figaro1854,bd6t586543q,,failed,0,0,,http_manifest,known,403,manifest,"Client error '403 ' for url 'https://openapiproext.bnf.fr/iiif/presentation/v3/ark:/12148/bd6t586543q/manifest.json'
For more information check: https://developer.mozilla.org/en-US/docs/Web/HTTP/Status/403",2026-07-17T21:47:29.719621
figaro1854,bd6t5865442,,failed,0,0,,http_manifest,known,403,manifest,"Client error '403 ' for url 'https://openapiproext.bnf.fr/iiif/presentation/v3/ark:/12148/bd6t5865442/manifest.json'
For more information check: https://developer.mozilla.org/en-US/docs/Web/HTTP/Status/403",2026-07-17T21:47:30.920497
figaro1854,bd6t586545d,,failed,0,0,,http_manifest,known,403,manifest,"Client error '403 ' for url 'https://openapiproext.bnf.fr/iiif/presentation/v3/ark:/12148/bd6t586545d/manifest.json'
For more information check: https://developer.mozilla.org/en-US/docs/Web/HTTP/Status/403",2026-07-17T21:47:32.120708
figaro1854,bd6t586546r,,failed,0,0,,http_manifest,known,403,manifest,"Client error '403 ' for url 'https://openapiproext.bnf.fr/iiif/presentation/v3/ark:/12148/bd6t586546r/manifest.json'
For more information check: https://developer.mozilla.org/en-US/docs/Web/HTTP/Status/403",2026-07-17T21:47:33.347381
figaro1854,bd6t5865473,,failed,0,0,,http_manifest,known,403,manifest,"Client error '403 ' for url 'https://openapiproext.bnf.fr/iiif/presentation/v3/ark:/12148/bd6t5865473/manifest.json'
For more information check: https://developer.mozilla.org/en-US/docs/Web/HTTP/Status/403",2026-07-17T21:47:34.524317
figaro1854,bd6t586548f,,failed,0,0,,http_manifest,known,403,manifest,"Client error '403 ' for url 'https://openapiproext.bnf.fr/iiif/presentation/v3/ark:/12148/bd6t586548f/manifest.json'
For more information check: https://developer.mozilla.org/en-US/docs/Web/HTTP/Status/403",2026-07-17T21:47:35.724930
figaro1854,bd6t586549s,,failed,0,0,,http_manifest,known,403,manifest,"Client error '403 ' for url 'https://openapiproext.bnf.fr/iiif/presentation/v3/ark:/12148/bd6t586549s/manifest.json'
For more information check: https://developer.mozilla.org/en-US/docs/Web/HTTP/Status/403",2026-07-17T21:47:36.927269
figaro1854,bd6t5865500,,failed,0,0,,http_manifest,known,403,manifest,"Client error '403 ' for url 'https://openapiproext.bnf.fr/iiif/presentation/v3/ark:/12148/bd6t5865500/manifest.json'
For more information check: https://developer.mozilla.org/en-US/docs/Web/HTTP/Status/403",2026-07-17T21:47:38.125929
figaro1854,bd6t586551b,,failed,0,0,,http_manifest,known,403,manifest,"Client error '403 ' for url 'https://openapiproext.bnf.fr/iiif/presentation/v3/ark:/12148/bd6t586551b/manifest.json'
For more information check: https://developer.mozilla.org/en-US/docs/Web/HTTP/Status/403",2026-07-17T21:47:39.350942
figaro1854,bd6t586552p,,failed,0,0,,http_manifest,known,403,manifest,"Client error '403 ' for url 'https://openapiproext.bnf.fr/iiif/presentation/v3/ark:/12148/bd6t586552p/manifest.json'
For more information check: https://developer.mozilla.org/en-US/docs/Web/HTTP/Status/403",2026-07-17T21:47:40.531240
figaro1854,bd6t5865531,,failed,0,0,,http_manifest,known,403,manifest,"Client error '403 ' for url 'https://openapiproext.bnf.fr/iiif/presentation/v3/ark:/12148/bd6t5865531/manifest.json'
For more information check: https://developer.mozilla.org/en-US/docs/Web/HTTP/Status/403",2026-07-17T21:47:41.732774
figaro1854,bd6t586554c,,failed,0,0,,http_manifest,known,403,manifest,"Client error '403 ' for url 'https://openapiproext.bnf.fr/iiif/presentation/v3/ark:/12148/bd6t586554c/manifest.json'
For more information check: https://developer.mozilla.org/en-US/docs/Web/HTTP/Status/403",2026-07-17T21:47:42.931956
figaro1854,bd6t586555q,,failed,0,0,,http_manifest,known,403,manifest,"Client error '403 ' for url 'https://openapiproext.bnf.fr/iiif/presentation/v3/ark:/12148/bd6t586555q/manifest.json'
For more information check: https://developer.mozilla.org/en-US/docs/Web/HTTP/Status/403",2026-07-17T21:47:44.137185
figaro1854,bd6t5865562,,failed,0,0,,http_manifest,known,403,manifest,"Client error '403 ' for url 'https://openapiproext.bnf.fr/iiif/presentation/v3/ark:/12148/bd6t5865562/manifest.json'
For more information check: https://developer.mozilla.org/en-US/docs/Web/HTTP/Status/403",2026-07-17T21:47:45.337098
figaro1854,bd6t586557d,,failed,0,0,,http_manifest,known,403,manifest,"Client error '403 ' for url 'https://openapiproext.bnf.fr/iiif/presentation/v3/ark:/12148/bd6t586557d/manifest.json'
For more information check: https://developer.mozilla.org/en-US/docs/Web/HTTP/Status/403",2026-07-17T21:47:46.536636
figaro1854,bd6t586558r,,failed,0,0,,http_manifest,known,403,manifest,"Client error '403 ' for url 'https://openapiproext.bnf.fr/iiif/presentation/v3/ark:/12148/bd6t586558r/manifest.json'
For more information check: https://developer.mozilla.org/en-US/docs/Web/HTTP/Status/403",2026-07-17T21:47:47.739443
figaro1854,bd6t5865593,,failed,0,0,,http_manifest,known,403,manifest,"Client error '403 ' for url 'https://openapiproext.bnf.fr/iiif/presentation/v3/ark:/12148/bd6t5865593/manifest.json'
For more information check: https://developer.mozilla.org/en-US/docs/Web/HTTP/Status/403",2026-07-17T21:47:48.936617
figaro1854,bd6t5865609,,failed,0,0,,http_manifest,known,403,manifest,"Client error '403 ' for url 'https://openapiproext.bnf.fr/iiif/presentation/v3/ark:/12148/bd6t5865609/manifest.json'
For more information check: https://developer.mozilla.org/en-US/docs/Web/HTTP/Status/403",2026-07-17T21:47:50.136682
figaro1854,bd6t586561n,,failed,0,0,,http_manifest,known,403,manifest,"Client error '403 ' for url 'https://openapiproext.bnf.fr/iiif/presentation/v3/ark:/12148/bd6t586561n/manifest.json'
For more information check: https://developer.mozilla.org/en-US/docs/Web/HTTP/Status/403",2026-07-17T21:47:51.362438
figaro1854,bd6t5865620,,failed,0,0,,http_manifest,known,403,manifest,"Client error '403 ' for url 'https://openapiproext.bnf.fr/iiif/presentation/v3/ark:/12148/bd6t5865620/manifest.json'
For more information check: https://developer.mozilla.org/en-US/docs/Web/HTTP/Status/403",2026-07-17T21:47:52.543097
figaro1854,bd6t586563b,,failed,0,0,,http_manifest,known,403,manifest,"Client error '403 ' for url 'https://openapiproext.bnf.fr/iiif/presentation/v3/ark:/12148/bd6t586563b/manifest.json'
For more information check: https://developer.mozilla.org/en-US/docs/Web/HTTP/Status/403",2026-07-17T21:47:53.745324
figaro1854,bd6t586564p,,failed,0,0,,http_manifest,known,403,manifest,"Client error '403 ' for url 'https://openapiproext.bnf.fr/iiif/presentation/v3/ark:/12148/bd6t586564p/manifest.json'
For more information check: https://developer.mozilla.org/en-US/docs/Web/HTTP/Status/403",2026-07-17T21:47:54.950737
figaro1854,bd6t5865651,,failed,0,0,,http_manifest,known,403,manifest,"Client error '403 ' for url 'https://openapiproext.bnf.fr/iiif/presentation/v3/ark:/12148/bd6t5865651/manifest.json'
For more information check: https://developer.mozilla.org/en-US/docs/Web/HTTP/Status/403",2026-07-17T21:47:56.149963
figaro1854,bd6t586566c,,failed,0,0,,http_manifest,known,403,manifest,"Client error '403 ' for url 'https://openapiproext.bnf.fr/iiif/presentation/v3/ark:/12148/bd6t586566c/manifest.json'
For more information check: https://developer.mozilla.org/en-US/docs/Web/HTTP/Status/403",2026-07-17T21:47:57.349679
figaro1854,bd6t586567q,,failed,0,0,,http_manifest,known,403,manifest,"Client error '403 ' for url 'https://openapiproext.bnf.fr/iiif/presentation/v3/ark:/12148/bd6t586567q/manifest.json'
For more information check: https://developer.mozilla.org/en-US/docs/Web/HTTP/Status/403",2026-07-17T21:47:58.554119
figaro1854,bd6t5865682,,failed,0,0,,http_manifest,known,403,manifest,"Client error '403 ' for url 'https://openapiproext.bnf.fr/iiif/presentation/v3/ark:/12148/bd6t5865682/manifest.json'
For more information check: https://developer.mozilla.org/en-US/docs/Web/HTTP/Status/403",2026-07-17T21:47:59.769946
figaro1854,bd6t586569d,,failed,0,0,,http_manifest,known,403,manifest,"Client error '403 ' for url 'https://openapiproext.bnf.fr/iiif/presentation/v3/ark:/12148/bd6t586569d/manifest.json'
For more information check: https://developer.mozilla.org/en-US/docs/Web/HTTP/Status/403",2026-07-17T21:48:01.124487
figaro1854,bd6t586570m,,failed,0,0,,http_manifest,known,403,manifest,"Client error '403 ' for url 'https://openapiproext.bnf.fr/iiif/presentation/v3/ark:/12148/bd6t586570m/manifest.json'
For more information check: https://developer.mozilla.org/en-US/docs/Web/HTTP/Status/403",2026-07-17T21:48:02.345187
figaro1854,bd6t586571z,,failed,0,0,,http_manifest,known,403,manifest,"Client error '403 ' for url 'https://openapiproext.bnf.fr/iiif/presentation/v3/ark:/12148/bd6t586571z/manifest.json'
For more information check: https://developer.mozilla.org/en-US/docs/Web/HTTP/Status/403",2026-07-17T21:48:03.408201
figaro1854,bd6t5865729,,failed,0,0,,http_manifest,known,403,manifest,"Client error '403 ' for url 'https://openapiproext.bnf.fr/iiif/presentation/v3/ark:/12148/bd6t5865729/manifest.json'
For more information check: https://developer.mozilla.org/en-US/docs/Web/HTTP/Status/403",2026-07-17T21:48:04.635383
figaro1854,bd6t586573n,,failed,0,0,,http_manifest,known,403,manifest,"Client error '403 ' for url 'https://openapiproext.bnf.fr/iiif/presentation/v3/ark:/12148/bd6t586573n/manifest.json'
For more information check: https://developer.mozilla.org/en-US/docs/Web/HTTP/Status/403",2026-07-17T21:48:05.914943
figaro1854,bd6t5865740,,failed,0,0,,http_manifest,known,403,manifest,"Client error '403 ' for url 'https://openapiproext.bnf.fr/iiif/presentation/v3/ark:/12148/bd6t5865740/manifest.json'
For more information check: https://developer.mozilla.org/en-US/docs/Web/HTTP/Status/403",2026-07-17T21:48:07.111016
figaro1854,bd6t586575b,,failed,0,0,,http_manifest,known,403,manifest,"Client error '403 ' for url 'https://openapiproext.bnf.fr/iiif/presentation/v3/ark:/12148/bd6t586575b/manifest.json'
For more information check: https://developer.mozilla.org/en-US/docs/Web/HTTP/Status/403",2026-07-17T21:48:08.308578
figaro1854,bd6t586576p,,failed,0,0,,http_manifest,known,403,manifest,"Client error '403 ' for url 'https://openapiproext.bnf.fr/iiif/presentation/v3/ark:/12148/bd6t586576p/manifest.json'
For more information check: https://developer.mozilla.org/en-US/docs/Web/HTTP/Status/403",2026-07-17T21:48:09.385239
figaro1854,bd6t5865771,,failed,0,0,,http_manifest,known,403,manifest,"Client error '403 ' for url 'https://openapiproext.bnf.fr/iiif/presentation/v3/ark:/12148/bd6t5865771/manifest.json'
For more information check: https://developer.mozilla.org/en-US/docs/Web/HTTP/Status/403",2026-07-17T21:48:10.734555
figaro1854,bd6t586578c,,failed,0,0,,http_manifest,known,403,manifest,"Client error '403 ' for url 'https://openapiproext.bnf.fr/iiif/presentation/v3/ark:/12148/bd6t586578c/manifest.json'
For more information check: https://developer.mozilla.org/en-US/docs/Web/HTTP/Status/403",2026-07-17T21:48:11.777250
figaro1854,bd6t586579q,,failed,0,0,,http_manifest,known,403,manifest,"Client error '403 ' for url 'https://openapiproext.bnf.fr/iiif/presentation/v3/ark:/12148/bd6t586579q/manifest.json'
For more information check: https://developer.mozilla.org/en-US/docs/Web/HTTP/Status/403",2026-07-17T21:48:12.979421
figaro1854,bd6t586580x,,failed,0,0,,http_manifest,known,403,manifest,"Client error '403 ' for url 'https://openapiproext.bnf.fr/iiif/presentation/v3/ark:/12148/bd6t586580x/manifest.json'
For more information check: https://developer.mozilla.org/en-US/docs/Web/HTTP/Status/403",2026-07-17T21:48:14.212208
figaro1854,bd6t5865818,,failed,0,0,,http_manifest,known,403,manifest,"Client error '403 ' for url 'https://openapiproext.bnf.fr/iiif/presentation/v3/ark:/12148/bd6t5865818/manifest.json'
For more information check: https://developer.mozilla.org/en-US/docs/Web/HTTP/Status/403",2026-07-17T21:48:15.492940
figaro1854,bd6t586582m,,failed,0,0,,http_manifest,known,403,manifest,"Client error '403 ' for url 'https://openapiproext.bnf.fr/iiif/presentation/v3/ark:/12148/bd6t586582m/manifest.json'
For more information check: https://developer.mozilla.org/en-US/docs/Web/HTTP/Status/403",2026-07-17T21:48:16.578857
figaro1854,bd6t586583z,,failed,0,0,,http_manifest,known,403,manifest,"Client error '403 ' for url 'https://openapiproext.bnf.fr/iiif/presentation/v3/ark:/12148/bd6t586583z/manifest.json'
For more information check: https://developer.mozilla.org/en-US/docs/Web/HTTP/Status/403",2026-07-17T21:48:17.779141
figaro1854,bd6t5865849,,failed,0,0,,http_manifest,known,403,manifest,"Client error '403 ' for url 'https://openapiproext.bnf.fr/iiif/presentation/v3/ark:/12148/bd6t5865849/manifest.json'
For more information check: https://developer.mozilla.org/en-US/docs/Web/HTTP/Status/403",2026-07-17T21:48:18.984032
figaro1854,bd6t586585n,,failed,0,0,,http_manifest,known,403,manifest,"Client error '403 ' for url 'https://openapiproext.bnf.fr/iiif/presentation/v3/ark:/12148/bd6t586585n/manifest.json'
For more information check: https://developer.mozilla.org/en-US/docs/Web/HTTP/Status/403",2026-07-17T21:48:20.179271
figaro1854,bd6t5865860,,failed,0,0,,http_manifest,known,403,manifest,"Client error '403 ' for url 'https://openapiproext.bnf.fr/iiif/presentation/v3/ark:/12148/bd6t5865860/manifest.json'
For more information check: https://developer.mozilla.org/en-US/docs/Web/HTTP/Status/403",2026-07-17T21:48:21.407245
figaro1854,bd6t586587b,,failed,0,0,,http_manifest,known,403,manifest,"Client error '403 ' for url 'https://openapiproext.bnf.fr/iiif/presentation/v3/ark:/12148/bd6t586587b/manifest.json'
For more information check: https://developer.mozilla.org/en-US/docs/Web/HTTP/Status/403",2026-07-17T21:48:22.584111
figaro1854,bd6t586588p,,failed,0,0,,http_manifest,known,403,manifest,"Client error '403 ' for url 'https://openapiproext.bnf.fr/iiif/presentation/v3/ark:/12148/bd6t586588p/manifest.json'
For more information check: https://developer.mozilla.org/en-US/docs/Web/HTTP/Status/403",2026-07-17T21:48:23.785454
figaro1854,bd6t5865891,,failed,0,0,,http_manifest,known,403,manifest,"Client error '403 ' for url 'https://openapiproext.bnf.fr/iiif/presentation/v3/ark:/12148/bd6t5865891/manifest.json'
For more information check: https://developer.mozilla.org/en-US/docs/Web/HTTP/Status/403",2026-07-17T21:48:24.987743
figaro1854,bd6t5865907,,failed,0,0,,http_manifest,known,403,manifest,"Client error '403 ' for url 'https://openapiproext.bnf.fr/iiif/presentation/v3/ark:/12148/bd6t5865907/manifest.json'
For more information check: https://developer.mozilla.org/en-US/docs/Web/HTTP/Status/403",2026-07-17T21:48:26.189166
figaro1854,bd6t586591k,,failed,0,0,,http_manifest,known,403,manifest,"Client error '403 ' for url 'https://openapiproext.bnf.fr/iiif/presentation/v3/ark:/12148/bd6t586591k/manifest.json'
For more information check: https://developer.mozilla.org/en-US/docs/Web/HTTP/Status/403",2026-07-17T21:48:27.406009
figaro1854,bd6t586592x,,failed,0,0,,http_manifest,known,403,manifest,"Client error '403 ' for url 'https://openapiproext.bnf.fr/iiif/presentation/v3/ark:/12148/bd6t586592x/manifest.json'
For more information check: https://developer.mozilla.org/en-US/docs/Web/HTTP/Status/403",2026-07-17T21:48:28.590752
figaro1854,bd6t5865938,,failed,0,0,,http_manifest,known,403,manifest,"Client error '403 ' for url 'https://openapiproext.bnf.fr/iiif/presentation/v3/ark:/12148/bd6t5865938/manifest.json'
For more information check: https://developer.mozilla.org/en-US/docs/Web/HTTP/Status/403",2026-07-17T21:48:29.798496
figaro1854,bd6t586594m,,failed,0,0,,http_manifest,known,403,manifest,"Client error '403 ' for url 'https://openapiproext.bnf.fr/iiif/presentation/v3/ark:/12148/bd6t586594m/manifest.json'
For more information check: https://developer.mozilla.org/en-US/docs/Web/HTTP/Status/403",2026-07-17T21:48:30.996331
figaro1854,bd6t586595z,,failed,0,0,,http_manifest,known,403,manifest,"Client error '403 ' for url 'https://openapiproext.bnf.fr/iiif/presentation/v3/ark:/12148/bd6t586595z/manifest.json'
For more information check: https://developer.mozilla.org/en-US/docs/Web/HTTP/Status/403",2026-07-17T21:48:32.195196
figaro1854,bd6t5865969,,failed,0,0,,http_manifest,known,403,manifest,"Client error '403 ' for url 'https://openapiproext.bnf.fr/iiif/presentation/v3/ark:/12148/bd6t5865969/manifest.json'
For more information check: https://developer.mozilla.org/en-US/docs/Web/HTTP/Status/403",2026-07-17T21:48:33.401277
figaro1854,bd6t586597n,,failed,0,0,,http_manifest,known,403,manifest,"Client error '403 ' for url 'https://openapiproext.bnf.fr/iiif/presentation/v3/ark:/12148/bd6t586597n/manifest.json'
For more information check: https://developer.mozilla.org/en-US/docs/Web/HTTP/Status/403",2026-07-17T21:48:34.600923
figaro1854,bd6t5865980,,failed,0,0,,http_manifest,known,403,manifest,"Client error '403 ' for url 'https://openapiproext.bnf.fr/iiif/presentation/v3/ark:/12148/bd6t5865980/manifest.json'
For more information check: https://developer.mozilla.org/en-US/docs/Web/HTTP/Status/403",2026-07-17T21:48:35.805107
figaro1854,bd6t586599b,,failed,0,0,,http_manifest,known,403,manifest,"Client error '403 ' for url 'https://openapiproext.bnf.fr/iiif/presentation/v3/ark:/12148/bd6t586599b/manifest.json'
For more information check: https://developer.mozilla.org/en-US/docs/Web/HTTP/Status/403",2026-07-17T21:48:37.001823
figaro1854,bd6t586600q,,failed,0,0,,http_manifest,known,403,manifest,"Client error '403 ' for url 'https://openapiproext.bnf.fr/iiif/presentation/v3/ark:/12148/bd6t586600q/manifest.json'
For more information check: https://developer.mozilla.org/en-US/docs/Web/HTTP/Status/403",2026-07-17T21:48:38.209056
figaro1854,bd6t5866012,,failed,0,0,,http_manifest,known,403,manifest,"Client error '403 ' for url 'https://openapiproext.bnf.fr/iiif/presentation/v3/ark:/12148/bd6t5866012/manifest.json'
For more information check: https://developer.mozilla.org/en-US/docs/Web/HTTP/Status/403",2026-07-17T21:48:39.429437
figaro1854,bd6t586602d,,failed,0,0,,http_manifest,known,403,manifest,"Client error '403 ' for url 'https://openapiproext.bnf.fr/iiif/presentation/v3/ark:/12148/bd6t586602d/manifest.json'
For more information check: https://developer.mozilla.org/en-US/docs/Web/HTTP/Status/403",2026-07-17T21:48:40.605882
figaro1854,bd6t586603r,,failed,0,0,,http_manifest,known,403,manifest,"Client error '403 ' for url 'https://openapiproext.bnf.fr/iiif/presentation/v3/ark:/12148/bd6t586603r/manifest.json'
For more information check: https://developer.mozilla.org/en-US/docs/Web/HTTP/Status/403",2026-07-17T21:48:41.809494
figaro1854,bd6t5866043,,failed,0,0,,http_manifest,known,403,manifest,"Client error '403 ' for url 'https://openapiproext.bnf.fr/iiif/presentation/v3/ark:/12148/bd6t5866043/manifest.json'
For more information check: https://developer.mozilla.org/en-US/docs/Web/HTTP/Status/403",2026-07-17T21:48:43.008727
figaro1854,bd6t586605f,,failed,0,0,,http_manifest,known,403,manifest,"Client error '403 ' for url 'https://openapiproext.bnf.fr/iiif/presentation/v3/ark:/12148/bd6t586605f/manifest.json'
For more information check: https://developer.mozilla.org/en-US/docs/Web/HTTP/Status/403",2026-07-17T21:48:44.219408
figaro1854,bd6t586606s,,failed,0,0,,http_manifest,known,403,manifest,"Client error '403 ' for url 'https://openapiproext.bnf.fr/iiif/presentation/v3/ark:/12148/bd6t586606s/manifest.json'
For more information check: https://developer.mozilla.org/en-US/docs/Web/HTTP/Status/403",2026-07-17T21:48:45.413147
figaro1854,bd6t5866074,,failed,0,0,,http_manifest,known,403,manifest,"Client error '403 ' for url 'https://openapiproext.bnf.fr/iiif/presentation/v3/ark:/12148/bd6t5866074/manifest.json'
For more information check: https://developer.mozilla.org/en-US/docs/Web/HTTP/Status/403",2026-07-17T21:48:46.616308
figaro1854,bd6t586608g,,failed,0,0,,http_manifest,known,403,manifest,"Client error '403 ' for url 'https://openapiproext.bnf.fr/iiif/presentation/v3/ark:/12148/bd6t586608g/manifest.json'
For more information check: https://developer.mozilla.org/en-US/docs/Web/HTTP/Status/403",2026-07-17T21:48:47.815619
figaro1854,bd6t586609t,,failed,0,0,,http_manifest,known,403,manifest,"Client error '403 ' for url 'https://openapiproext.bnf.fr/iiif/presentation/v3/ark:/12148/bd6t586609t/manifest.json'
For more information check: https://developer.mozilla.org/en-US/docs/Web/HTTP/Status/403",2026-07-17T21:48:49.018906
figaro1854,bd6t5866101,,failed,0,0,,http_manifest,known,403,manifest,"Client error '403 ' for url 'https://openapiproext.bnf.fr/iiif/presentation/v3/ark:/12148/bd6t5866101/manifest.json'
For more information check: https://developer.mozilla.org/en-US/docs/Web/HTTP/Status/403",2026-07-17T21:48:50.223764
figaro1854,bd6t586611c,,failed,0,0,,http_manifest,known,403,manifest,"Client error '403 ' for url 'https://openapiproext.bnf.fr/iiif/presentation/v3/ark:/12148/bd6t586611c/manifest.json'
For more information check: https://developer.mozilla.org/en-US/docs/Web/HTTP/Status/403",2026-07-17T21:48:51.451854
figaro1854,bd6t586612q,,failed,0,0,,http_manifest,known,403,manifest,"Client error '403 ' for url 'https://openapiproext.bnf.fr/iiif/presentation/v3/ark:/12148/bd6t586612q/manifest.json'
For more information check: https://developer.mozilla.org/en-US/docs/Web/HTTP/Status/403",2026-07-17T21:48:52.621543
figaro1854,bd6t5866132,,failed,0,0,,http_manifest,known,403,manifest,"Client error '403 ' for url 'https://openapiproext.bnf.fr/iiif/presentation/v3/ark:/12148/bd6t5866132/manifest.json'
For more information check: https://developer.mozilla.org/en-US/docs/Web/HTTP/Status/403",2026-07-17T21:48:53.825430
figaro1854,bd6t586614d,,failed,0,0,,http_manifest,known,403,manifest,"Client error '403 ' for url 'https://openapiproext.bnf.fr/iiif/presentation/v3/ark:/12148/bd6t586614d/manifest.json'
For more information check: https://developer.mozilla.org/en-US/docs/Web/HTTP/Status/403",2026-07-17T21:48:55.031359
figaro1854,bd6t586615r,,failed,0,0,,http_manifest,known,403,manifest,"Client error '403 ' for url 'https://openapiproext.bnf.fr/iiif/presentation/v3/ark:/12148/bd6t586615r/manifest.json'
For more information check: https://developer.mozilla.org/en-US/docs/Web/HTTP/Status/403",2026-07-17T21:48:56.231748
figaro1854,bd6t5866163,,failed,0,0,,http_manifest,known,403,manifest,"Client error '403 ' for url 'https://openapiproext.bnf.fr/iiif/presentation/v3/ark:/12148/bd6t5866163/manifest.json'
For more information check: https://developer.mozilla.org/en-US/docs/Web/HTTP/Status/403",2026-07-17T21:48:57.524677
figaro1854,bd6t586617f,,failed,0,0,,http_manifest,known,403,manifest,"Client error '403 ' for url 'https://openapiproext.bnf.fr/iiif/presentation/v3/ark:/12148/bd6t586617f/manifest.json'
For more information check: https://developer.mozilla.org/en-US/docs/Web/HTTP/Status/403",2026-07-17T21:48:58.633385
figaro1854,bd6t586618s,,failed,0,0,,http_manifest,known,403,manifest,"Client error '403 ' for url 'https://openapiproext.bnf.fr/iiif/presentation/v3/ark:/12148/bd6t586618s/manifest.json'
For more information check: https://developer.mozilla.org/en-US/docs/Web/HTTP/Status/403",2026-07-17T21:48:59.835492
figaro1854,bd6t5866194,,failed,0,0,,http_manifest,known,403,manifest,"Client error '403 ' for url 'https://openapiproext.bnf.fr/iiif/presentation/v3/ark:/12148/bd6t5866194/manifest.json'
For more information check: https://developer.mozilla.org/en-US/docs/Web/HTTP/Status/403",2026-07-17T21:49:01.089707
figaro1854,bd6t586620b,,failed,0,0,,http_manifest,known,403,manifest,"Client error '403 ' for url 'https://openapiproext.bnf.fr/iiif/presentation/v3/ark:/12148/bd6t586620b/manifest.json'
For more information check: https://developer.mozilla.org/en-US/docs/Web/HTTP/Status/403",2026-07-17T21:49:02.236970
figaro1854,bd6t586621p,,failed,0,0,,http_manifest,known,403,manifest,"Client error '403 ' for url 'https://openapiproext.bnf.fr/iiif/presentation/v3/ark:/12148/bd6t586621p/manifest.json'
For more information check: https://developer.mozilla.org/en-US/docs/Web/HTTP/Status/403",2026-07-17T21:49:03.441764
figaro1854,bd6t5866221,,failed,0,0,,http_manifest,known,403,manifest,"Client error '403 ' for url 'https://openapiproext.bnf.fr/iiif/presentation/v3/ark:/12148/bd6t5866221/manifest.json'
For more information check: https://developer.mozilla.org/en-US/docs/Web/HTTP/Status/403",2026-07-17T21:49:04.858322
figaro1854,bd6t5867407,,failed,0,0,,http_manifest,known,403,manifest,"Client error '403 ' for url 'https://openapiproext.bnf.fr/iiif/presentation/v3/ark:/12148/bd6t5867407/manifest.json'
For more information check: https://developer.mozilla.org/en-US/docs/Web/HTTP/Status/403",2026-07-17T21:49:06.052257
figaro1854,bd6t586741k,,failed,0,0,,http_manifest,known,403,manifest,"Client error '403 ' for url 'https://openapiproext.bnf.fr/iiif/presentation/v3/ark:/12148/bd6t586741k/manifest.json'
For more information check: https://developer.mozilla.org/en-US/docs/Web/HTTP/Status/403",2026-07-17T21:49:07.047000
figaro1854,bd6t586742x,,failed,0,0,,http_manifest,known,403,manifest,"Client error '403 ' for url 'https://openapiproext.bnf.fr/iiif/presentation/v3/ark:/12148/bd6t586742x/manifest.json'
For more information check: https://developer.mozilla.org/en-US/docs/Web/HTTP/Status/403",2026-07-17T21:49:08.255158
figaro1854,bd6t5867438,,failed,0,0,,http_manifest,known,403,manifest,"Client error '403 ' for url 'https://openapiproext.bnf.fr/iiif/presentation/v3/ark:/12148/bd6t5867438/manifest.json'
For more information check: https://developer.mozilla.org/en-US/docs/Web/HTTP/Status/403",2026-07-17T21:49:09.470119
figaro1854,bd6t586744m,,failed,0,0,,http_manifest,known,403,manifest,"Client error '403 ' for url 'https://openapiproext.bnf.fr/iiif/presentation/v3/ark:/12148/bd6t586744m/manifest.json'
For more information check: https://developer.mozilla.org/en-US/docs/Web/HTTP/Status/403",2026-07-17T21:49:10.899312
figaro1854,bd6t586745z,,failed,0,0,,http_manifest,known,403,manifest,"Client error '403 ' for url 'https://openapiproext.bnf.fr/iiif/presentation/v3/ark:/12148/bd6t586745z/manifest.json'
For more information check: https://developer.mozilla.org/en-US/docs/Web/HTTP/Status/403",2026-07-17T21:49:11.850444
figaro1854,bd6t5867469,,failed,0,0,,http_manifest,known,403,manifest,"Client error '403 ' for url 'https://openapiproext.bnf.fr/iiif/presentation/v3/ark:/12148/bd6t5867469/manifest.json'
For more information check: https://developer.mozilla.org/en-US/docs/Web/HTTP/Status/403",2026-07-17T21:49:13.234566
figaro1854,bd6t586747n,,failed,0,0,,http_manifest,known,403,manifest,"Client error '403 ' for url 'https://openapiproext.bnf.fr/iiif/presentation/v3/ark:/12148/bd6t586747n/manifest.json'
For more information check: https://developer.mozilla.org/en-US/docs/Web/HTTP/Status/403",2026-07-17T21:49:14.471413
figaro1854,bd6t5867480,,failed,0,0,,http_manifest,known,403,manifest,"Client error '403 ' for url 'https://openapiproext.bnf.fr/iiif/presentation/v3/ark:/12148/bd6t5867480/manifest.json'
For more information check: https://developer.mozilla.org/en-US/docs/Web/HTTP/Status/403",2026-07-17T21:49:15.682352
figaro1854,bd6t586749b,,failed,0,0,,http_manifest,known,403,manifest,"Client error '403 ' for url 'https://openapiproext.bnf.fr/iiif/presentation/v3/ark:/12148/bd6t586749b/manifest.json'
For more information check: https://developer.mozilla.org/en-US/docs/Web/HTTP/Status/403",2026-07-17T21:49:16.668172
figaro1854,bd6t586750j,,failed,0,0,,http_manifest,known,403,manifest,"Client error '403 ' for url 'https://openapiproext.bnf.fr/iiif/presentation/v3/ark:/12148/bd6t586750j/manifest.json'
For more information check: https://developer.mozilla.org/en-US/docs/Web/HTTP/Status/403",2026-07-17T21:49:17.943910
figaro1854,bd6t586751w,,failed,0,0,,http_manifest,known,403,manifest,"Client error '403 ' for url 'https://openapiproext.bnf.fr/iiif/presentation/v3/ark:/12148/bd6t586751w/manifest.json'
For more information check: https://developer.mozilla.org/en-US/docs/Web/HTTP/Status/403",2026-07-17T21:49:19.222978
figaro1854,bd6t5867527,,failed,0,0,,http_manifest,known,403,manifest,"Client error '403 ' for url 'https://openapiproext.bnf.fr/iiif/presentation/v3/ark:/12148/bd6t5867527/manifest.json'
For more information check: https://developer.mozilla.org/en-US/docs/Web/HTTP/Status/403",2026-07-17T21:49:20.285023
figaro1854,bd6t586753k,,failed,0,0,,http_manifest,known,403,manifest,"Client error '403 ' for url 'https://openapiproext.bnf.fr/iiif/presentation/v3/ark:/12148/bd6t586753k/manifest.json'
For more information check: https://developer.mozilla.org/en-US/docs/Web/HTTP/Status/403",2026-07-17T21:49:21.462654
figaro1854,bd6t586754x,,failed,0,0,,http_manifest,known,403,manifest,"Client error '403 ' for url 'https://openapiproext.bnf.fr/iiif/presentation/v3/ark:/12148/bd6t586754x/manifest.json'
For more information check: https://developer.mozilla.org/en-US/docs/Web/HTTP/Status/403",2026-07-17T21:49:22.661368
figaro1854,bd6t5867558,,failed,0,0,,http_manifest,known,403,manifest,"Client error '403 ' for url 'https://openapiproext.bnf.fr/iiif/presentation/v3/ark:/12148/bd6t5867558/manifest.json'
For more information check: https://developer.mozilla.org/en-US/docs/Web/HTTP/Status/403",2026-07-17T21:49:23.860826
figaro1854,bd6t586756m,,failed,0,0,,http_manifest,known,403,manifest,"Client error '403 ' for url 'https://openapiproext.bnf.fr/iiif/presentation/v3/ark:/12148/bd6t586756m/manifest.json'
For more information check: https://developer.mozilla.org/en-US/docs/Web/HTTP/Status/403",2026-07-17T21:49:25.063257
figaro1854,bd6t586757z,,failed,0,0,,http_manifest,known,403,manifest,"Client error '403 ' for url 'https://openapiproext.bnf.fr/iiif/presentation/v3/ark:/12148/bd6t586757z/manifest.json'
For more information check: https://developer.mozilla.org/en-US/docs/Web/HTTP/Status/403",2026-07-17T21:49:26.287551
figaro1854,bd6t5867589,,failed,0,0,,http_manifest,known,403,manifest,"Client error '403 ' for url 'https://openapiproext.bnf.fr/iiif/presentation/v3/ark:/12148/bd6t5867589/manifest.json'
For more information check: https://developer.mozilla.org/en-US/docs/Web/HTTP/Status/403",2026-07-17T21:49:27.467038
figaro1854,bd6t586759n,,failed,0,0,,http_manifest,known,403,manifest,"Client error '403 ' for url 'https://openapiproext.bnf.fr/iiif/presentation/v3/ark:/12148/bd6t586759n/manifest.json'
For more information check: https://developer.mozilla.org/en-US/docs/Web/HTTP/Status/403",2026-07-17T21:49:28.664804
figaro1854,bd6t586760v,,failed,0,0,,http_manifest,known,403,manifest,"Client error '403 ' for url 'https://openapiproext.bnf.fr/iiif/presentation/v3/ark:/12148/bd6t586760v/manifest.json'
For more information check: https://developer.mozilla.org/en-US/docs/Web/HTTP/Status/403",2026-07-17T21:49:29.870079
figaro1854,bd6t5867616,,failed,0,0,,http_manifest,known,403,manifest,"Client error '403 ' for url 'https://openapiproext.bnf.fr/iiif/presentation/v3/ark:/12148/bd6t5867616/manifest.json'
For more information check: https://developer.mozilla.org/en-US/docs/Web/HTTP/Status/403",2026-07-17T21:49:31.066035
figaro1854,bd6t586762j,,failed,0,0,,http_manifest,known,403,manifest,"Client error '403 ' for url 'https://openapiproext.bnf.fr/iiif/presentation/v3/ark:/12148/bd6t586762j/manifest.json'
For more information check: https://developer.mozilla.org/en-US/docs/Web/HTTP/Status/403",2026-07-17T21:49:32.274006
figaro1854,bd6t586763w,,failed,0,0,,http_manifest,known,403,manifest,"Client error '403 ' for url 'https://openapiproext.bnf.fr/iiif/presentation/v3/ark:/12148/bd6t586763w/manifest.json'
For more information check: https://developer.mozilla.org/en-US/docs/Web/HTTP/Status/403",2026-07-17T21:49:33.471469
figaro1854,bd6t5867647,,failed,0,0,,http_manifest,known,403,manifest,"Client error '403 ' for url 'https://openapiproext.bnf.fr/iiif/presentation/v3/ark:/12148/bd6t5867647/manifest.json'
For more information check: https://developer.mozilla.org/en-US/docs/Web/HTTP/Status/403",2026-07-17T21:49:34.677392
figaro1854,bd6t586765k,,failed,0,0,,http_manifest,known,403,manifest,"Client error '403 ' for url 'https://openapiproext.bnf.fr/iiif/presentation/v3/ark:/12148/bd6t586765k/manifest.json'
For more information check: https://developer.mozilla.org/en-US/docs/Web/HTTP/Status/403",2026-07-17T21:49:35.878715
figaro1854,bd6t586766x,,failed,0,0,,http_manifest,known,403,manifest,"Client error '403 ' for url 'https://openapiproext.bnf.fr/iiif/presentation/v3/ark:/12148/bd6t586766x/manifest.json'
For more information check: https://developer.mozilla.org/en-US/docs/Web/HTTP/Status/403",2026-07-17T21:49:37.075249
figaro1854,bd6t5867678,,failed,0,0,,http_manifest,known,403,manifest,"Client error '403 ' for url 'https://openapiproext.bnf.fr/iiif/presentation/v3/ark:/12148/bd6t5867678/manifest.json'
For more information check: https://developer.mozilla.org/en-US/docs/Web/HTTP/Status/403",2026-07-17T21:49:38.313177
figaro1854,bd6t586768m,,failed,0,0,,http_manifest,known,403,manifest,"Client error '403 ' for url 'https://openapiproext.bnf.fr/iiif/presentation/v3/ark:/12148/bd6t586768m/manifest.json'
For more information check: https://developer.mozilla.org/en-US/docs/Web/HTTP/Status/403",2026-07-17T21:49:39.485939
figaro1854,bd6t586769z,,failed,0,0,,http_manifest,known,403,manifest,"Client error '403 ' for url 'https://openapiproext.bnf.fr/iiif/presentation/v3/ark:/12148/bd6t586769z/manifest.json'
For more information check: https://developer.mozilla.org/en-US/docs/Web/HTTP/Status/403",2026-07-17T21:49:40.685552
figaro1854,bd6t5867705,,failed,0,0,,http_manifest,known,403,manifest,"Client error '403 ' for url 'https://openapiproext.bnf.fr/iiif/presentation/v3/ark:/12148/bd6t5867705/manifest.json'
For more information check: https://developer.mozilla.org/en-US/docs/Web/HTTP/Status/403",2026-07-17T21:49:41.883462
figaro1854,bd6t586771h,,failed,0,0,,http_manifest,known,403,manifest,"Client error '403 ' for url 'https://openapiproext.bnf.fr/iiif/presentation/v3/ark:/12148/bd6t586771h/manifest.json'
For more information check: https://developer.mozilla.org/en-US/docs/Web/HTTP/Status/403",2026-07-17T21:49:43.086077
figaro1854,bd6t586772v,,failed,0,0,,http_manifest,known,403,manifest,"Client error '403 ' for url 'https://openapiproext.bnf.fr/iiif/presentation/v3/ark:/12148/bd6t586772v/manifest.json'
For more information check: https://developer.mozilla.org/en-US/docs/Web/HTTP/Status/403",2026-07-17T21:49:44.284887
figaro1854,bd6t5867736,,failed,0,0,,http_manifest,known,403,manifest,"Client error '403 ' for url 'https://openapiproext.bnf.fr/iiif/presentation/v3/ark:/12148/bd6t5867736/manifest.json'
For more information check: https://developer.mozilla.org/en-US/docs/Web/HTTP/Status/403",2026-07-17T21:49:45.486643
figaro1854,bd6t586774j,,failed,0,0,,http_manifest,known,403,manifest,"Client error '403 ' for url 'https://openapiproext.bnf.fr/iiif/presentation/v3/ark:/12148/bd6t586774j/manifest.json'
For more information check: https://developer.mozilla.org/en-US/docs/Web/HTTP/Status/403",2026-07-17T21:49:46.687678
figaro1854,bd6t586775w,,failed,0,0,,http_manifest,known,403,manifest,"Client error '403 ' for url 'https://openapiproext.bnf.fr/iiif/presentation/v3/ark:/12148/bd6t586775w/manifest.json'
For more information check: https://developer.mozilla.org/en-US/docs/Web/HTTP/Status/403",2026-07-17T21:49:47.891617
figaro1854,bd6t5867767,,failed,0,0,,http_manifest,known,403,manifest,"Client error '403 ' for url 'https://openapiproext.bnf.fr/iiif/presentation/v3/ark:/12148/bd6t5867767/manifest.json'
For more information check: https://developer.mozilla.org/en-US/docs/Web/HTTP/Status/403",2026-07-17T21:49:49.090365
figaro1854,bd6t586777k,,failed,0,0,,http_manifest,known,403,manifest,"Client error '403 ' for url 'https://openapiproext.bnf.fr/iiif/presentation/v3/ark:/12148/bd6t586777k/manifest.json'
For more information check: https://developer.mozilla.org/en-US/docs/Web/HTTP/Status/403",2026-07-17T21:49:50.324356
figaro1854,bd6t586778x,,failed,0,0,,http_manifest,known,403,manifest,"Client error '403 ' for url 'https://openapiproext.bnf.fr/iiif/presentation/v3/ark:/12148/bd6t586778x/manifest.json'
For more information check: https://developer.mozilla.org/en-US/docs/Web/HTTP/Status/403",2026-07-17T21:49:51.496765
figaro1854,bd6t5867798,,failed,0,0,,http_manifest,known,403,manifest,"Client error '403 ' for url 'https://openapiproext.bnf.fr/iiif/presentation/v3/ark:/12148/bd6t5867798/manifest.json'
For more information check: https://developer.mozilla.org/en-US/docs/Web/HTTP/Status/403",2026-07-17T21:49:52.708014
figaro1854,bd6t586780g,,failed,0,0,,http_manifest,known,403,manifest,"Client error '403 ' for url 'https://openapiproext.bnf.fr/iiif/presentation/v3/ark:/12148/bd6t586780g/manifest.json'
For more information check: https://developer.mozilla.org/en-US/docs/Web/HTTP/Status/403",2026-07-17T21:49:53.899366
figaro1854,bd6t586781t,,failed,0,0,,http_manifest,known,403,manifest,"Client error '403 ' for url 'https://openapiproext.bnf.fr/iiif/presentation/v3/ark:/12148/bd6t586781t/manifest.json'
For more information check: https://developer.mozilla.org/en-US/docs/Web/HTTP/Status/403",2026-07-17T21:49:55.097979
figaro1854,bd6t5867825,,failed,0,0,,http_manifest,known,403,manifest,"Client error '403 ' for url 'https://openapiproext.bnf.fr/iiif/presentation/v3/ark:/12148/bd6t5867825/manifest.json'
For more information check: https://developer.mozilla.org/en-US/docs/Web/HTTP/Status/403",2026-07-17T21:49:56.324747
figaro1854,bd6t586783h,,failed,0,0,,http_manifest,known,403,manifest,"Client error '403 ' for url 'https://openapiproext.bnf.fr/iiif/presentation/v3/ark:/12148/bd6t586783h/manifest.json'
For more information check: https://developer.mozilla.org/en-US/docs/Web/HTTP/Status/403",2026-07-17T21:49:57.687452
figaro1854,bd6t586784v,,failed,0,0,,http_manifest,known,403,manifest,"Client error '403 ' for url 'https://openapiproext.bnf.fr/iiif/presentation/v3/ark:/12148/bd6t586784v/manifest.json'
For more information check: https://developer.mozilla.org/en-US/docs/Web/HTTP/Status/403",2026-07-17T21:49:58.861882
figaro1854,bd6t5867856,,failed,0,0,,http_manifest,known,403,manifest,"Client error '403 ' for url 'https://openapiproext.bnf.fr/iiif/presentation/v3/ark:/12148/bd6t5867856/manifest.json'
For more information check: https://developer.mozilla.org/en-US/docs/Web/HTTP/Status/403",2026-07-17T21:50:00.067399
figaro1854,bd6t586786j,,failed,0,0,,http_manifest,known,403,manifest,"Client error '403 ' for url 'https://openapiproext.bnf.fr/iiif/presentation/v3/ark:/12148/bd6t586786j/manifest.json'
For more information check: https://developer.mozilla.org/en-US/docs/Web/HTTP/Status/403",2026-07-17T21:50:01.141446
figaro1854,bd6t586787w,,failed,0,0,,http_manifest,known,403,manifest,"Client error '403 ' for url 'https://openapiproext.bnf.fr/iiif/presentation/v3/ark:/12148/bd6t586787w/manifest.json'
For more information check: https://developer.mozilla.org/en-US/docs/Web/HTTP/Status/403",2026-07-17T21:50:02.578760
figaro1854,bd6t5867887,,failed,0,0,,http_manifest,known,403,manifest,"Client error '403 ' for url 'https://openapiproext.bnf.fr/iiif/presentation/v3/ark:/12148/bd6t5867887/manifest.json'
For more information check: https://developer.mozilla.org/en-US/docs/Web/HTTP/Status/403",2026-07-17T21:50:03.532219
figaro1854,bd6t586789k,,failed,0,0,,http_manifest,known,403,manifest,"Client error '403 ' for url 'https://openapiproext.bnf.fr/iiif/presentation/v3/ark:/12148/bd6t586789k/manifest.json'
For more information check: https://developer.mozilla.org/en-US/docs/Web/HTTP/Status/403",2026-07-17T21:50:04.872031
figaro1854,bd6t586790s,,failed,0,0,,http_manifest,known,403,manifest,"Client error '403 ' for url 'https://openapiproext.bnf.fr/iiif/presentation/v3/ark:/12148/bd6t586790s/manifest.json'
For more information check: https://developer.mozilla.org/en-US/docs/Web/HTTP/Status/403",2026-07-17T21:50:06.094954
figaro1854,bd6t5867914,,failed,0,0,,http_manifest,known,403,manifest,"Client error '403 ' for url 'https://openapiproext.bnf.fr/iiif/presentation/v3/ark:/12148/bd6t5867914/manifest.json'
For more information check: https://developer.mozilla.org/en-US/docs/Web/HTTP/Status/403",2026-07-17T21:50:07.113454
figaro1854,bd6t5870307,,failed,0,0,,http_manifest,known,403,manifest,"Client error '403 ' for url 'https://openapiproext.bnf.fr/iiif/presentation/v3/ark:/12148/bd6t5870307/manifest.json'
For more information check: https://developer.mozilla.org/en-US/docs/Web/HTTP/Status/403",2026-07-17T21:50:08.315445
figaro1854,bd6t587031k,,failed,0,0,,http_manifest,known,403,manifest,"Client error '403 ' for url 'https://openapiproext.bnf.fr/iiif/presentation/v3/ark:/12148/bd6t587031k/manifest.json'
For more information check: https://developer.mozilla.org/en-US/docs/Web/HTTP/Status/403",2026-07-17T21:50:09.517695
figaro1854,bd6t587032x,,failed,0,0,,http_manifest,known,403,manifest,"Client error '403 ' for url 'https://openapiproext.bnf.fr/iiif/presentation/v3/ark:/12148/bd6t587032x/manifest.json'
For more information check: https://developer.mozilla.org/en-US/docs/Web/HTTP/Status/403",2026-07-17T21:50:10.741116
figaro1854,bd6t5870338,,failed,0,0,,http_manifest,known,403,manifest,"Client error '403 ' for url 'https://openapiproext.bnf.fr/iiif/presentation/v3/ark:/12148/bd6t5870338/manifest.json'
For more information check: https://developer.mozilla.org/en-US/docs/Web/HTTP/Status/403",2026-07-17T21:50:11.921686
figaro1854,bd6t587034m,,failed,0,0,,http_manifest,known,403,manifest,"Client error '403 ' for url 'https://openapiproext.bnf.fr/iiif/presentation/v3/ark:/12148/bd6t587034m/manifest.json'
For more information check: https://developer.mozilla.org/en-US/docs/Web/HTTP/Status/403",2026-07-17T21:50:13.122412
figaro1854,bd6t587035z,,failed,0,0,,http_manifest,known,403,manifest,"Client error '403 ' for url 'https://openapiproext.bnf.fr/iiif/presentation/v3/ark:/12148/bd6t587035z/manifest.json'
For more information check: https://developer.mozilla.org/en-US/docs/Web/HTTP/Status/403",2026-07-17T21:50:14.324285
figaro1854,bd6t5870369,,failed,0,0,,http_manifest,known,403,manifest,"Client error '403 ' for url 'https://openapiproext.bnf.fr/iiif/presentation/v3/ark:/12148/bd6t5870369/manifest.json'
For more information check: https://developer.mozilla.org/en-US/docs/Web/HTTP/Status/403",2026-07-17T21:50:15.521246
figaro1854,bd6t587037n,,failed,0,0,,http_manifest,known,403,manifest,"Client error '403 ' for url 'https://openapiproext.bnf.fr/iiif/presentation/v3/ark:/12148/bd6t587037n/manifest.json'
For more information check: https://developer.mozilla.org/en-US/docs/Web/HTTP/Status/403",2026-07-17T21:50:16.895409
figaro1854,bd6t5870380,,failed,0,0,,http_manifest,known,403,manifest,"Client error '403 ' for url 'https://openapiproext.bnf.fr/iiif/presentation/v3/ark:/12148/bd6t5870380/manifest.json'
For more information check: https://developer.mozilla.org/en-US/docs/Web/HTTP/Status/403",2026-07-17T21:50:18.256761
figaro1854,bd6t587039b,,failed,0,0,,http_manifest,known,403,manifest,"Client error '403 ' for url 'https://openapiproext.bnf.fr/iiif/presentation/v3/ark:/12148/bd6t587039b/manifest.json'
For more information check: https://developer.mozilla.org/en-US/docs/Web/HTTP/Status/403",2026-07-17T21:50:19.327145
figaro1854,bd6t587040j,,failed,0,0,,http_manifest,known,403,manifest,"Client error '403 ' for url 'https://openapiproext.bnf.fr/iiif/presentation/v3/ark:/12148/bd6t587040j/manifest.json'
For more information check: https://developer.mozilla.org/en-US/docs/Web/HTTP/Status/403",2026-07-17T21:50:20.434009
figaro1854,bd6t587041w,,failed,0,0,,http_manifest,known,403,manifest,"Client error '403 ' for url 'https://openapiproext.bnf.fr/iiif/presentation/v3/ark:/12148/bd6t587041w/manifest.json'
For more information check: https://developer.mozilla.org/en-US/docs/Web/HTTP/Status/403",2026-07-17T21:50:21.638714
figaro1854,bd6t587043k,,failed,0,0,,http_manifest,known,403,manifest,"Client error '403 ' for url 'https://openapiproext.bnf.fr/iiif/presentation/v3/ark:/12148/bd6t587043k/manifest.json'
For more information check: https://developer.mozilla.org/en-US/docs/Web/HTTP/Status/403",2026-07-17T21:50:22.863217
figaro1854,bd6t5870427,,failed,0,0,,http_manifest,known,403,manifest,"Client error '403 ' for url 'https://openapiproext.bnf.fr/iiif/presentation/v3/ark:/12148/bd6t5870427/manifest.json'
For more information check: https://developer.mozilla.org/en-US/docs/Web/HTTP/Status/403",2026-07-17T21:50:24.039575
figaro1854,bd6t587044x,,failed,0,0,,http_manifest,known,403,manifest,"Client error '403 ' for url 'https://openapiproext.bnf.fr/iiif/presentation/v3/ark:/12148/bd6t587044x/manifest.json'
For more information check: https://developer.mozilla.org/en-US/docs/Web/HTTP/Status/403",2026-07-17T21:50:25.239767
figaro1854,bd6t5870458,,failed,0,0,,http_manifest,known,403,manifest,"Client error '403 ' for url 'https://openapiproext.bnf.fr/iiif/presentation/v3/ark:/12148/bd6t5870458/manifest.json'
For more information check: https://developer.mozilla.org/en-US/docs/Web/HTTP/Status/403",2026-07-17T21:50:26.441331
figaro1854,bd6t587046m,,failed,0,0,,http_manifest,known,403,manifest,"Client error '403 ' for url 'https://openapiproext.bnf.fr/iiif/presentation/v3/ark:/12148/bd6t587046m/manifest.json'
For more information check: https://developer.mozilla.org/en-US/docs/Web/HTTP/Status/403",2026-07-17T21:50:27.646426
figaro1854,bd6t587047z,,failed,0,0,,http_manifest,known,403,manifest,"Client error '403 ' for url 'https://openapiproext.bnf.fr/iiif/presentation/v3/ark:/12148/bd6t587047z/manifest.json'
For more information check: https://developer.mozilla.org/en-US/docs/Web/HTTP/Status/403",2026-07-17T21:50:28.867186
figaro1854,bd6t5870489,,failed,0,0,,http_manifest,known,403,manifest,"Client error '403 ' for url 'https://openapiproext.bnf.fr/iiif/presentation/v3/ark:/12148/bd6t5870489/manifest.json'
For more information check: https://developer.mozilla.org/en-US/docs/Web/HTTP/Status/403",2026-07-17T21:50:30.057047
figaro1854,bd6t587049n,,failed,0,0,,http_manifest,known,403,manifest,"Client error '403 ' for url 'https://openapiproext.bnf.fr/iiif/presentation/v3/ark:/12148/bd6t587049n/manifest.json'
For more information check: https://developer.mozilla.org/en-US/docs/Web/HTTP/Status/403",2026-07-17T21:50:31.246333
figaro1854,bd6t587050v,,failed,0,0,,http_manifest,known,403,manifest,"Client error '403 ' for url 'https://openapiproext.bnf.fr/iiif/presentation/v3/ark:/12148/bd6t587050v/manifest.json'
For more information check: https://developer.mozilla.org/en-US/docs/Web/HTTP/Status/403",2026-07-17T21:50:32.480084
figaro1854,bd6t5870516,,failed,0,0,,http_manifest,known,403,manifest,"Client error '403 ' for url 'https://openapiproext.bnf.fr/iiif/presentation/v3/ark:/12148/bd6t5870516/manifest.json'
For more information check: https://developer.mozilla.org/en-US/docs/Web/HTTP/Status/403",2026-07-17T21:50:33.678807
figaro1854,bd6t587052j,,failed,0,0,,http_manifest,known,403,manifest,"Client error '403 ' for url 'https://openapiproext.bnf.fr/iiif/presentation/v3/ark:/12148/bd6t587052j/manifest.json'
For more information check: https://developer.mozilla.org/en-US/docs/Web/HTTP/Status/403",2026-07-17T21:50:34.887879
figaro1854,bd6t587053w,,failed,0,0,,http_manifest,known,403,manifest,"Client error '403 ' for url 'https://openapiproext.bnf.fr/iiif/presentation/v3/ark:/12148/bd6t587053w/manifest.json'
For more information check: https://developer.mozilla.org/en-US/docs/Web/HTTP/Status/403",2026-07-17T21:50:36.082684
figaro1854,bd6t5870547,,failed,0,0,,http_manifest,known,403,manifest,"Client error '403 ' for url 'https://openapiproext.bnf.fr/iiif/presentation/v3/ark:/12148/bd6t5870547/manifest.json'
For more information check: https://developer.mozilla.org/en-US/docs/Web/HTTP/Status/403",2026-07-17T21:50:37.285011
figaro1854,bd6t587055k,,failed,0,0,,http_manifest,known,403,manifest,"Client error '403 ' for url 'https://openapiproext.bnf.fr/iiif/presentation/v3/ark:/12148/bd6t587055k/manifest.json'
For more information check: https://developer.mozilla.org/en-US/docs/Web/HTTP/Status/403",2026-07-17T21:50:38.486608
figaro1854,bd6t587056x,,failed,0,0,,http_manifest,known,403,manifest,"Client error '403 ' for url 'https://openapiproext.bnf.fr/iiif/presentation/v3/ark:/12148/bd6t587056x/manifest.json'
For more information check: https://developer.mozilla.org/en-US/docs/Web/HTTP/Status/403",2026-07-17T21:50:39.688220
figaro1854,bd6t5870578,,failed,0,0,,http_manifest,known,403,manifest,"Client error '403 ' for url 'https://openapiproext.bnf.fr/iiif/presentation/v3/ark:/12148/bd6t5870578/manifest.json'
For more information check: https://developer.mozilla.org/en-US/docs/Web/HTTP/Status/403",2026-07-17T21:50:40.909659
figaro1854,bd6t587058m,,failed,0,0,,http_manifest,known,403,manifest,"Client error '403 ' for url 'https://openapiproext.bnf.fr/iiif/presentation/v3/ark:/12148/bd6t587058m/manifest.json'
For more information check: https://developer.mozilla.org/en-US/docs/Web/HTTP/Status/403",2026-07-17T21:50:42.090364
figaro1854,bd6t587059z,,failed,0,0,,http_manifest,known,403,manifest,"Client error '403 ' for url 'https://openapiproext.bnf.fr/iiif/presentation/v3/ark:/12148/bd6t587059z/manifest.json'
For more information check: https://developer.mozilla.org/en-US/docs/Web/HTTP/Status/403",2026-07-17T21:50:43.292344
figaro1854,bd6t5870605,,failed,0,0,,http_manifest,known,403,manifest,"Client error '403 ' for url 'https://openapiproext.bnf.fr/iiif/presentation/v3/ark:/12148/bd6t5870605/manifest.json'
For more information check: https://developer.mozilla.org/en-US/docs/Web/HTTP/Status/403",2026-07-17T21:50:44.495883
figaro1854,bd6t587061h,,failed,0,0,,http_manifest,known,403,manifest,"Client error '403 ' for url 'https://openapiproext.bnf.fr/iiif/presentation/v3/ark:/12148/bd6t587061h/manifest.json'
For more information check: https://developer.mozilla.org/en-US/docs/Web/HTTP/Status/403",2026-07-17T21:50:45.695027
figaro1854,bd6t587062v,,failed,0,0,,http_manifest,known,403,manifest,"Client error '403 ' for url 'https://openapiproext.bnf.fr/iiif/presentation/v3/ark:/12148/bd6t587062v/manifest.json'
For more information check: https://developer.mozilla.org/en-US/docs/Web/HTTP/Status/403",2026-07-17T21:50:46.900050
figaro1854,bd6t5870636,,failed,0,0,,http_manifest,known,403,manifest,"Client error '403 ' for url 'https://openapiproext.bnf.fr/iiif/presentation/v3/ark:/12148/bd6t5870636/manifest.json'
For more information check: https://developer.mozilla.org/en-US/docs/Web/HTTP/Status/403",2026-07-17T21:50:48.103338
figaro1854,bd6t587064j,,failed,0,0,,http_manifest,known,403,manifest,"Client error '403 ' for url 'https://openapiproext.bnf.fr/iiif/presentation/v3/ark:/12148/bd6t587064j/manifest.json'
For more information check: https://developer.mozilla.org/en-US/docs/Web/HTTP/Status/403",2026-07-17T21:50:49.303575
figaro1854,bd6t587065w,,failed,0,0,,http_manifest,known,403,manifest,"Client error '403 ' for url 'https://openapiproext.bnf.fr/iiif/presentation/v3/ark:/12148/bd6t587065w/manifest.json'
For more information check: https://developer.mozilla.org/en-US/docs/Web/HTTP/Status/403",2026-07-17T21:50:50.507965
figaro1854,bd6t5870667,,failed,0,0,,http_manifest,known,403,manifest,"Client error '403 ' for url 'https://openapiproext.bnf.fr/iiif/presentation/v3/ark:/12148/bd6t5870667/manifest.json'
For more information check: https://developer.mozilla.org/en-US/docs/Web/HTTP/Status/403",2026-07-17T21:50:51.723700
figaro1854,bd6t587067k,,failed,0,0,,http_manifest,known,403,manifest,"Client error '403 ' for url 'https://openapiproext.bnf.fr/iiif/presentation/v3/ark:/12148/bd6t587067k/manifest.json'
For more information check: https://developer.mozilla.org/en-US/docs/Web/HTTP/Status/403",2026-07-17T21:50:52.907108
figaro1854,bd6t587068x,,failed,0,0,,http_manifest,known,403,manifest,"Client error '403 ' for url 'https://openapiproext.bnf.fr/iiif/presentation/v3/ark:/12148/bd6t587068x/manifest.json'
For more information check: https://developer.mozilla.org/en-US/docs/Web/HTTP/Status/403",2026-07-17T21:50:54.108099
figaro1854,bd6t5870698,,failed,0,0,,http_manifest,known,403,manifest,"Client error '403 ' for url 'https://openapiproext.bnf.fr/iiif/presentation/v3/ark:/12148/bd6t5870698/manifest.json'
For more information check: https://developer.mozilla.org/en-US/docs/Web/HTTP/Status/403",2026-07-17T21:50:55.312231
figaro1854,bd6t586831j,,failed,0,0,,http_manifest,known,403,manifest,"Client error '403 ' for url 'https://openapiproext.bnf.fr/iiif/presentation/v3/ark:/12148/bd6t586831j/manifest.json'
For more information check: https://developer.mozilla.org/en-US/docs/Web/HTTP/Status/403",2026-07-17T21:50:56.523568
figaro1854,bd6t586832w,,failed,0,0,,http_manifest,known,403,manifest,"Client error '403 ' for url 'https://openapiproext.bnf.fr/iiif/presentation/v3/ark:/12148/bd6t586832w/manifest.json'
For more information check: https://developer.mozilla.org/en-US/docs/Web/HTTP/Status/403",2026-07-17T21:50:57.825706
figaro1854,bd6t5868337,,failed,0,0,,http_manifest,known,403,manifest,"Client error '403 ' for url 'https://openapiproext.bnf.fr/iiif/presentation/v3/ark:/12148/bd6t5868337/manifest.json'
For more information check: https://developer.mozilla.org/en-US/docs/Web/HTTP/Status/403",2026-07-17T21:50:58.920169
figaro1854,bd6t586834k,,failed,0,0,,http_manifest,known,403,manifest,"Client error '403 ' for url 'https://openapiproext.bnf.fr/iiif/presentation/v3/ark:/12148/bd6t586834k/manifest.json'
For more information check: https://developer.mozilla.org/en-US/docs/Web/HTTP/Status/403",2026-07-17T21:51:00.162768
figaro1854,bd6t586835x,,failed,0,0,,http_manifest,known,403,manifest,"Client error '403 ' for url 'https://openapiproext.bnf.fr/iiif/presentation/v3/ark:/12148/bd6t586835x/manifest.json'
For more information check: https://developer.mozilla.org/en-US/docs/Web/HTTP/Status/403",2026-07-17T21:51:01.428187
figaro1854,bd6t5868368,,failed,0,0,,http_manifest,known,403,manifest,"Client error '403 ' for url 'https://openapiproext.bnf.fr/iiif/presentation/v3/ark:/12148/bd6t5868368/manifest.json'
For more information check: https://developer.mozilla.org/en-US/docs/Web/HTTP/Status/403",2026-07-17T21:51:02.521283
figaro1854,bd6t586837m,,failed,0,0,,http_manifest,known,403,manifest,"Client error '403 ' for url 'https://openapiproext.bnf.fr/iiif/presentation/v3/ark:/12148/bd6t586837m/manifest.json'
For more information check: https://developer.mozilla.org/en-US/docs/Web/HTTP/Status/403",2026-07-17T21:51:03.748696
figaro1854,bd6t586838z,,failed,0,0,,http_manifest,known,403,manifest,"Client error '403 ' for url 'https://openapiproext.bnf.fr/iiif/presentation/v3/ark:/12148/bd6t586838z/manifest.json'
For more information check: https://developer.mozilla.org/en-US/docs/Web/HTTP/Status/403",2026-07-17T21:51:04.958965
figaro1854,bd6t5868399,,failed,0,0,,http_manifest,known,403,manifest,"Client error '403 ' for url 'https://openapiproext.bnf.fr/iiif/presentation/v3/ark:/12148/bd6t5868399/manifest.json'
For more information check: https://developer.mozilla.org/en-US/docs/Web/HTTP/Status/403",2026-07-17T21:51:06.400044
figaro1854,bd6t586840h,,failed,0,0,,http_manifest,known,403,manifest,"Client error '403 ' for url 'https://openapiproext.bnf.fr/iiif/presentation/v3/ark:/12148/bd6t586840h/manifest.json'
For more information check: https://developer.mozilla.org/en-US/docs/Web/HTTP/Status/403",2026-07-17T21:51:07.333148
figaro1854,bd6t586841v,,failed,0,0,,http_manifest,known,403,manifest,"Client error '403 ' for url 'https://openapiproext.bnf.fr/iiif/presentation/v3/ark:/12148/bd6t586841v/manifest.json'
For more information check: https://developer.mozilla.org/en-US/docs/Web/HTTP/Status/403",2026-07-17T21:51:08.527329
figaro1854,bd6t5868426,,failed,0,0,,http_manifest,known,403,manifest,"Client error '403 ' for url 'https://openapiproext.bnf.fr/iiif/presentation/v3/ark:/12148/bd6t5868426/manifest.json'
For more information check: https://developer.mozilla.org/en-US/docs/Web/HTTP/Status/403",2026-07-17T21:51:09.765118
figaro1854,bd6t586843j,,failed,0,0,,http_manifest,known,403,manifest,"Client error '403 ' for url 'https://openapiproext.bnf.fr/iiif/presentation/v3/ark:/12148/bd6t586843j/manifest.json'
For more information check: https://developer.mozilla.org/en-US/docs/Web/HTTP/Status/403",2026-07-17T21:51:10.968823
figaro1854,bd6t586844w,,failed,0,0,,http_manifest,known,403,manifest,"Client error '403 ' for url 'https://openapiproext.bnf.fr/iiif/presentation/v3/ark:/12148/bd6t586844w/manifest.json'
For more information check: https://developer.mozilla.org/en-US/docs/Web/HTTP/Status/403",2026-07-17T21:51:12.346358
figaro1854,bd6t5868457,,failed,0,0,,http_manifest,known,403,manifest,"Client error '403 ' for url 'https://openapiproext.bnf.fr/iiif/presentation/v3/ark:/12148/bd6t5868457/manifest.json'
For more information check: https://developer.mozilla.org/en-US/docs/Web/HTTP/Status/403",2026-07-17T21:51:13.331852
figaro1854,bd6t586846k,,failed,0,0,,http_manifest,known,403,manifest,"Client error '403 ' for url 'https://openapiproext.bnf.fr/iiif/presentation/v3/ark:/12148/bd6t586846k/manifest.json'
For more information check: https://developer.mozilla.org/en-US/docs/Web/HTTP/Status/403",2026-07-17T21:51:14.696458
figaro1854,bd6t586847x,,failed,0,0,,http_manifest,known,403,manifest,"Client error '403 ' for url 'https://openapiproext.bnf.fr/iiif/presentation/v3/ark:/12148/bd6t586847x/manifest.json'
For more information check: https://developer.mozilla.org/en-US/docs/Web/HTTP/Status/403",2026-07-17T21:51:15.738077
figaro1854,bd6t5868488,,failed,0,0,,http_manifest,known,403,manifest,"Client error '403 ' for url 'https://openapiproext.bnf.fr/iiif/presentation/v3/ark:/12148/bd6t5868488/manifest.json'
For more information check: https://developer.mozilla.org/en-US/docs/Web/HTTP/Status/403",2026-07-17T21:51:16.938134
figaro1854,bd6t586849m,,failed,0,0,,http_manifest,known,403,manifest,"Client error '403 ' for url 'https://openapiproext.bnf.fr/iiif/presentation/v3/ark:/12148/bd6t586849m/manifest.json'
For more information check: https://developer.mozilla.org/en-US/docs/Web/HTTP/Status/403",2026-07-17T21:51:18.377211
figaro1854,bd6t586850t,,failed,0,0,,http_manifest,known,403,manifest,"Client error '403 ' for url 'https://openapiproext.bnf.fr/iiif/presentation/v3/ark:/12148/bd6t586850t/manifest.json'
For more information check: https://developer.mozilla.org/en-US/docs/Web/HTTP/Status/403",2026-07-17T21:51:19.341529
figaro1854,bd6t5868515,,failed,0,0,,http_manifest,known,403,manifest,"Client error '403 ' for url 'https://openapiproext.bnf.fr/iiif/presentation/v3/ark:/12148/bd6t5868515/manifest.json'
For more information check: https://developer.mozilla.org/en-US/docs/Web/HTTP/Status/403",2026-07-17T21:51:20.548695
figaro1854,bd6t586852h,,failed,0,0,,http_manifest,known,403,manifest,"Client error '403 ' for url 'https://openapiproext.bnf.fr/iiif/presentation/v3/ark:/12148/bd6t586852h/manifest.json'
For more information check: https://developer.mozilla.org/en-US/docs/Web/HTTP/Status/403",2026-07-17T21:51:21.774021
figaro1854,bd6t586853v,,failed,0,0,,http_manifest,known,403,manifest,"Client error '403 ' for url 'https://openapiproext.bnf.fr/iiif/presentation/v3/ark:/12148/bd6t586853v/manifest.json'
For more information check: https://developer.mozilla.org/en-US/docs/Web/HTTP/Status/403",2026-07-17T21:51:22.943687
figaro1854,bd6t5868546,,failed,0,0,,http_manifest,known,403,manifest,"Client error '403 ' for url 'https://openapiproext.bnf.fr/iiif/presentation/v3/ark:/12148/bd6t5868546/manifest.json'
For more information check: https://developer.mozilla.org/en-US/docs/Web/HTTP/Status/403",2026-07-17T21:51:24.146371
figaro1854,bd6t586855j,,failed,0,0,,http_manifest,known,403,manifest,"Client error '403 ' for url 'https://openapiproext.bnf.fr/iiif/presentation/v3/ark:/12148/bd6t586855j/manifest.json'
For more information check: https://developer.mozilla.org/en-US/docs/Web/HTTP/Status/403",2026-07-17T21:51:25.343648
figaro1854,bd6t586856w,,failed,0,0,,http_manifest,known,403,manifest,"Client error '403 ' for url 'https://openapiproext.bnf.fr/iiif/presentation/v3/ark:/12148/bd6t586856w/manifest.json'
For more information check: https://developer.mozilla.org/en-US/docs/Web/HTTP/Status/403",2026-07-17T21:51:26.555588
figaro1854,bd6t5868577,,failed,0,0,,http_manifest,known,403,manifest,"Client error '403 ' for url 'https://openapiproext.bnf.fr/iiif/presentation/v3/ark:/12148/bd6t5868577/manifest.json'
For more information check: https://developer.mozilla.org/en-US/docs/Web/HTTP/Status/403",2026-07-17T21:51:27.752284
figaro1854,bd6t586858k,,failed,0,0,,http_manifest,known,403,manifest,"Client error '403 ' for url 'https://openapiproext.bnf.fr/iiif/presentation/v3/ark:/12148/bd6t586858k/manifest.json'
For more information check: https://developer.mozilla.org/en-US/docs/Web/HTTP/Status/403",2026-07-17T21:51:28.954861
figaro1854,bd6t586859x,,failed,0,0,,http_manifest,known,403,manifest,"Client error '403 ' for url 'https://openapiproext.bnf.fr/iiif/presentation/v3/ark:/12148/bd6t586859x/manifest.json'
For more information check: https://developer.mozilla.org/en-US/docs/Web/HTTP/Status/403",2026-07-17T21:51:30.149924
figaro1854,bd6t5868604,,failed,0,0,,http_manifest,known,403,manifest,"Client error '403 ' for url 'https://openapiproext.bnf.fr/iiif/presentation/v3/ark:/12148/bd6t5868604/manifest.json'
For more information check: https://developer.mozilla.org/en-US/docs/Web/HTTP/Status/403",2026-07-17T21:51:31.352854
figaro1854,bd6t586861g,,failed,0,0,,http_manifest,known,403,manifest,"Client error '403 ' for url 'https://openapiproext.bnf.fr/iiif/presentation/v3/ark:/12148/bd6t586861g/manifest.json'
For more information check: https://developer.mozilla.org/en-US/docs/Web/HTTP/Status/403",2026-07-17T21:51:32.553957
figaro1854,bd6t586862t,,failed,0,0,,http_manifest,known,403,manifest,"Client error '403 ' for url 'https://openapiproext.bnf.fr/iiif/presentation/v3/ark:/12148/bd6t586862t/manifest.json'
For more information check: https://developer.mozilla.org/en-US/docs/Web/HTTP/Status/403",2026-07-17T21:51:33.756688
figaro1854,bd6t5868635,,failed,0,0,,http_manifest,known,403,manifest,"Client error '403 ' for url 'https://openapiproext.bnf.fr/iiif/presentation/v3/ark:/12148/bd6t5868635/manifest.json'
For more information check: https://developer.mozilla.org/en-US/docs/Web/HTTP/Status/403",2026-07-17T21:51:34.959823
figaro1854,bd6t586864h,,failed,0,0,,http_manifest,known,403,manifest,"Client error '403 ' for url 'https://openapiproext.bnf.fr/iiif/presentation/v3/ark:/12148/bd6t586864h/manifest.json'
For more information check: https://developer.mozilla.org/en-US/docs/Web/HTTP/Status/403",2026-07-17T21:51:36.158557
figaro1854,bd6t586865v,,failed,0,0,,http_manifest,known,403,manifest,"Client error '403 ' for url 'https://openapiproext.bnf.fr/iiif/presentation/v3/ark:/12148/bd6t586865v/manifest.json'
For more information check: https://developer.mozilla.org/en-US/docs/Web/HTTP/Status/403",2026-07-17T21:51:37.358942
figaro1854,bd6t5868666,,failed,0,0,,http_manifest,known,403,manifest,"Client error '403 ' for url 'https://openapiproext.bnf.fr/iiif/presentation/v3/ark:/12148/bd6t5868666/manifest.json'
For more information check: https://developer.mozilla.org/en-US/docs/Web/HTTP/Status/403",2026-07-17T21:51:38.588816
figaro1854,bd6t586867j,,failed,0,0,,http_manifest,known,403,manifest,"Client error '403 ' for url 'https://openapiproext.bnf.fr/iiif/presentation/v3/ark:/12148/bd6t586867j/manifest.json'
For more information check: https://developer.mozilla.org/en-US/docs/Web/HTTP/Status/403",2026-07-17T21:51:39.762709
figaro1854,bd6t586868w,,failed,0,0,,http_manifest,known,403,manifest,"Client error '403 ' for url 'https://openapiproext.bnf.fr/iiif/presentation/v3/ark:/12148/bd6t586868w/manifest.json'
For more information check: https://developer.mozilla.org/en-US/docs/Web/HTTP/Status/403",2026-07-17T21:51:40.963268
figaro1854,bd6t5868697,,failed,0,0,,http_manifest,known,403,manifest,"Client error '403 ' for url 'https://openapiproext.bnf.fr/iiif/presentation/v3/ark:/12148/bd6t5868697/manifest.json'
For more information check: https://developer.mozilla.org/en-US/docs/Web/HTTP/Status/403",2026-07-17T21:51:42.168066
figaro1854,bd6t586663m,,failed,0,0,,http_manifest,known,403,manifest,"Client error '403 ' for url 'https://openapiproext.bnf.fr/iiif/presentation/v3/ark:/12148/bd6t586663m/manifest.json'
For more information check: https://developer.mozilla.org/en-US/docs/Web/HTTP/Status/403",2026-07-17T21:51:43.381865
figaro1854,bd6t586664z,,failed,0,0,,http_manifest,known,403,manifest,"Client error '403 ' for url 'https://openapiproext.bnf.fr/iiif/presentation/v3/ark:/12148/bd6t586664z/manifest.json'
For more information check: https://developer.mozilla.org/en-US/docs/Web/HTTP/Status/403",2026-07-17T21:51:44.571029
figaro1854,bd6t5866659,,failed,0,0,,http_manifest,known,403,manifest,"Client error '403 ' for url 'https://openapiproext.bnf.fr/iiif/presentation/v3/ark:/12148/bd6t5866659/manifest.json'
For more information check: https://developer.mozilla.org/en-US/docs/Web/HTTP/Status/403",2026-07-17T21:51:45.770106
figaro1854,bd6t586666n,,failed,0,0,,http_manifest,known,403,manifest,"Client error '403 ' for url 'https://openapiproext.bnf.fr/iiif/presentation/v3/ark:/12148/bd6t586666n/manifest.json'
For more information check: https://developer.mozilla.org/en-US/docs/Web/HTTP/Status/403",2026-07-17T21:51:46.971265
figaro1854,bd6t5866670,,failed,0,0,,http_manifest,known,403,manifest,"Client error '403 ' for url 'https://openapiproext.bnf.fr/iiif/presentation/v3/ark:/12148/bd6t5866670/manifest.json'
For more information check: https://developer.mozilla.org/en-US/docs/Web/HTTP/Status/403",2026-07-17T21:51:48.172802
figaro1854,bd6t586668b,,failed,0,0,,http_manifest,known,403,manifest,"Client error '403 ' for url 'https://openapiproext.bnf.fr/iiif/presentation/v3/ark:/12148/bd6t586668b/manifest.json'
For more information check: https://developer.mozilla.org/en-US/docs/Web/HTTP/Status/403",2026-07-17T21:51:49.374849
figaro1854,bd6t586669p,,failed,0,0,,http_manifest,known,403,manifest,"Client error '403 ' for url 'https://openapiproext.bnf.fr/iiif/presentation/v3/ark:/12148/bd6t586669p/manifest.json'
For more information check: https://developer.mozilla.org/en-US/docs/Web/HTTP/Status/403",2026-07-17T21:51:50.601234
figaro1854,bd6t586670w,,failed,0,0,,http_manifest,known,403,manifest,"Client error '403 ' for url 'https://openapiproext.bnf.fr/iiif/presentation/v3/ark:/12148/bd6t586670w/manifest.json'
For more information check: https://developer.mozilla.org/en-US/docs/Web/HTTP/Status/403",2026-07-17T21:51:51.780334
figaro1854,bd6t5866717,,failed,0,0,,http_manifest,known,403,manifest,"Client error '403 ' for url 'https://openapiproext.bnf.fr/iiif/presentation/v3/ark:/12148/bd6t5866717/manifest.json'
For more information check: https://developer.mozilla.org/en-US/docs/Web/HTTP/Status/403",2026-07-17T21:51:52.980652
figaro1854,bd6t586672k,,failed,0,0,,http_manifest,known,403,manifest,"Client error '403 ' for url 'https://openapiproext.bnf.fr/iiif/presentation/v3/ark:/12148/bd6t586672k/manifest.json'
For more information check: https://developer.mozilla.org/en-US/docs/Web/HTTP/Status/403",2026-07-17T21:51:54.182690
figaro1854,bd6t586673x,,failed,0,0,,http_manifest,known,403,manifest,"Client error '403 ' for url 'https://openapiproext.bnf.fr/iiif/presentation/v3/ark:/12148/bd6t586673x/manifest.json'
For more information check: https://developer.mozilla.org/en-US/docs/Web/HTTP/Status/403",2026-07-17T21:51:55.381831
figaro1854,bd6t5866748,,failed,0,0,,http_manifest,known,403,manifest,"Client error '403 ' for url 'https://openapiproext.bnf.fr/iiif/presentation/v3/ark:/12148/bd6t5866748/manifest.json'
For more information check: https://developer.mozilla.org/en-US/docs/Web/HTTP/Status/403",2026-07-17T21:51:56.585830
figaro1854,bd6t586675m,,failed,0,0,,http_manifest,known,403,manifest,"Client error '403 ' for url 'https://openapiproext.bnf.fr/iiif/presentation/v3/ark:/12148/bd6t586675m/manifest.json'
For more information check: https://developer.mozilla.org/en-US/docs/Web/HTTP/Status/403",2026-07-17T21:51:57.798103
figaro1854,bd6t586676z,,failed,0,0,,http_manifest,known,403,manifest,"Client error '403 ' for url 'https://openapiproext.bnf.fr/iiif/presentation/v3/ark:/12148/bd6t586676z/manifest.json'
For more information check: https://developer.mozilla.org/en-US/docs/Web/HTTP/Status/403",2026-07-17T21:51:58.989600
figaro1854,bd6t5866779,,failed,0,0,,http_manifest,known,403,manifest,"Client error '403 ' for url 'https://openapiproext.bnf.fr/iiif/presentation/v3/ark:/12148/bd6t5866779/manifest.json'
For more information check: https://developer.mozilla.org/en-US/docs/Web/HTTP/Status/403",2026-07-17T21:52:00.305805
figaro1854,bd6t586678n,,failed,0,0,,http_manifest,known,403,manifest,"Client error '403 ' for url 'https://openapiproext.bnf.fr/iiif/presentation/v3/ark:/12148/bd6t586678n/manifest.json'
For more information check: https://developer.mozilla.org/en-US/docs/Web/HTTP/Status/403",2026-07-17T21:52:01.397223
figaro1854,bd6t5866790,,failed,0,0,,http_manifest,known,403,manifest,"Client error '403 ' for url 'https://openapiproext.bnf.fr/iiif/presentation/v3/ark:/12148/bd6t5866790/manifest.json'
For more information check: https://developer.mozilla.org/en-US/docs/Web/HTTP/Status/403",2026-07-17T21:52:02.628971
figaro1854,bd6t5866806,,failed,0,0,,http_manifest,known,403,manifest,"Client error '403 ' for url 'https://openapiproext.bnf.fr/iiif/presentation/v3/ark:/12148/bd6t5866806/manifest.json'
For more information check: https://developer.mozilla.org/en-US/docs/Web/HTTP/Status/403",2026-07-17T21:52:03.980029
figaro1854,bd6t586681j,,failed,0,0,,http_manifest,known,403,manifest,"Client error '403 ' for url 'https://openapiproext.bnf.fr/iiif/presentation/v3/ark:/12148/bd6t586681j/manifest.json'
For more information check: https://developer.mozilla.org/en-US/docs/Web/HTTP/Status/403",2026-07-17T21:52:05.145082
figaro1854,bd6t586682w,,failed,0,0,,http_manifest,known,403,manifest,"Client error '403 ' for url 'https://openapiproext.bnf.fr/iiif/presentation/v3/ark:/12148/bd6t586682w/manifest.json'
For more information check: https://developer.mozilla.org/en-US/docs/Web/HTTP/Status/403",2026-07-17T21:52:06.323379
figaro1854,bd6t5866837,,failed,0,0,,http_manifest,known,403,manifest,"Client error '403 ' for url 'https://openapiproext.bnf.fr/iiif/presentation/v3/ark:/12148/bd6t5866837/manifest.json'
For more information check: https://developer.mozilla.org/en-US/docs/Web/HTTP/Status/403",2026-07-17T21:52:07.396930
figaro1854,bd6t586684k,,failed,0,0,,http_manifest,known,403,manifest,"Client error '403 ' for url 'https://openapiproext.bnf.fr/iiif/presentation/v3/ark:/12148/bd6t586684k/manifest.json'
For more information check: https://developer.mozilla.org/en-US/docs/Web/HTTP/Status/403",2026-07-17T21:52:08.598730
figaro1854,bd6t586685x,,failed,0,0,,http_manifest,known,403,manifest,"Client error '403 ' for url 'https://openapiproext.bnf.fr/iiif/presentation/v3/ark:/12148/bd6t586685x/manifest.json'
For more information check: https://developer.mozilla.org/en-US/docs/Web/HTTP/Status/403",2026-07-17T21:52:09.814186
figaro1854,bd6t5866868,,failed,0,0,,http_manifest,known,403,manifest,"Client error '403 ' for url 'https://openapiproext.bnf.fr/iiif/presentation/v3/ark:/12148/bd6t5866868/manifest.json'
For more information check: https://developer.mozilla.org/en-US/docs/Web/HTTP/Status/403",2026-07-17T21:52:11.044670
figaro1854,bd6t586687m,,failed,0,0,,http_manifest,known,403,manifest,"Client error '403 ' for url 'https://openapiproext.bnf.fr/iiif/presentation/v3/ark:/12148/bd6t586687m/manifest.json'
For more information check: https://developer.mozilla.org/en-US/docs/Web/HTTP/Status/403",2026-07-17T21:52:12.230719
figaro1854,bd6t586688z,,failed,0,0,,http_manifest,known,403,manifest,"Client error '403 ' for url 'https://openapiproext.bnf.fr/iiif/presentation/v3/ark:/12148/bd6t586688z/manifest.json'
For more information check: https://developer.mozilla.org/en-US/docs/Web/HTTP/Status/403",2026-07-17T21:52:13.403455
figaro1854,bd6t5866899,,failed,0,0,,http_manifest,known,403,manifest,"Client error '403 ' for url 'https://openapiproext.bnf.fr/iiif/presentation/v3/ark:/12148/bd6t5866899/manifest.json'
For more information check: https://developer.mozilla.org/en-US/docs/Web/HTTP/Status/403",2026-07-17T21:52:14.656600
figaro1854,bd6t586690h,,failed,0,0,,http_manifest,known,403,manifest,"Client error '403 ' for url 'https://openapiproext.bnf.fr/iiif/presentation/v3/ark:/12148/bd6t586690h/manifest.json'
For more information check: https://developer.mozilla.org/en-US/docs/Web/HTTP/Status/403",2026-07-17T21:52:15.806313
figaro1854,bd6t586691v,,failed,0,0,,http_manifest,known,403,manifest,"Client error '403 ' for url 'https://openapiproext.bnf.fr/iiif/presentation/v3/ark:/12148/bd6t586691v/manifest.json'
For more information check: https://developer.mozilla.org/en-US/docs/Web/HTTP/Status/403",2026-07-17T21:52:17.233016
figaro1854,bd6t5866926,,failed,0,0,,http_manifest,known,403,manifest,"Client error '403 ' for url 'https://openapiproext.bnf.fr/iiif/presentation/v3/ark:/12148/bd6t5866926/manifest.json'
For more information check: https://developer.mozilla.org/en-US/docs/Web/HTTP/Status/403",2026-07-17T21:52:18.471702
figaro1854,bd6t586693j,,failed,0,0,,http_manifest,known,403,manifest,"Client error '403 ' for url 'https://openapiproext.bnf.fr/iiif/presentation/v3/ark:/12148/bd6t586693j/manifest.json'
For more information check: https://developer.mozilla.org/en-US/docs/Web/HTTP/Status/403",2026-07-17T21:52:19.409952
figaro1854,bd6t586694w,,failed,0,0,,http_manifest,known,403,manifest,"Client error '403 ' for url 'https://openapiproext.bnf.fr/iiif/presentation/v3/ark:/12148/bd6t586694w/manifest.json'
For more information check: https://developer.mozilla.org/en-US/docs/Web/HTTP/Status/403",2026-07-17T21:52:20.612991
figaro1854,bd6t5866957,,failed,0,0,,http_manifest,known,403,manifest,"Client error '403 ' for url 'https://openapiproext.bnf.fr/iiif/presentation/v3/ark:/12148/bd6t5866957/manifest.json'
For more information check: https://developer.mozilla.org/en-US/docs/Web/HTTP/Status/403",2026-07-17T21:52:21.827637
figaro1854,bd6t586696k,,failed,0,0,,http_manifest,known,403,manifest,"Client error '403 ' for url 'https://openapiproext.bnf.fr/iiif/presentation/v3/ark:/12148/bd6t586696k/manifest.json'
For more information check: https://developer.mozilla.org/en-US/docs/Web/HTTP/Status/403",2026-07-17T21:52:23.015751
figaro1854,bd6t586697x,,failed,0,0,,http_manifest,known,403,manifest,"Client error '403 ' for url 'https://openapiproext.bnf.fr/iiif/presentation/v3/ark:/12148/bd6t586697x/manifest.json'
For more information check: https://developer.mozilla.org/en-US/docs/Web/HTTP/Status/403",2026-07-17T21:52:24.216922
figaro1854,bd6t5866988,,failed,0,0,,http_manifest,known,403,manifest,"Client error '403 ' for url 'https://openapiproext.bnf.fr/iiif/presentation/v3/ark:/12148/bd6t5866988/manifest.json'
For more information check: https://developer.mozilla.org/en-US/docs/Web/HTTP/Status/403",2026-07-17T21:52:25.416742
figaro1854,bd6t586699m,,failed,0,0,,http_manifest,known,403,manifest,"Client error '403 ' for url 'https://openapiproext.bnf.fr/iiif/presentation/v3/ark:/12148/bd6t586699m/manifest.json'
For more information check: https://developer.mozilla.org/en-US/docs/Web/HTTP/Status/403",2026-07-17T21:52:26.619443
figaro1854,bd6t5867000,,failed,0,0,,http_manifest,known,403,manifest,"Client error '403 ' for url 'https://openapiproext.bnf.fr/iiif/presentation/v3/ark:/12148/bd6t5867000/manifest.json'
For more information check: https://developer.mozilla.org/en-US/docs/Web/HTTP/Status/403",2026-07-17T21:52:27.820757
figaro1854,bd6t586792g,,failed,0,0,,http_manifest,known,403,manifest,"Client error '403 ' for url 'https://openapiproext.bnf.fr/iiif/presentation/v3/ark:/12148/bd6t586792g/manifest.json'
For more information check: https://developer.mozilla.org/en-US/docs/Web/HTTP/Status/403",2026-07-17T21:52:29.023729
figaro1854,bd6t586793t,,failed,0,0,,http_manifest,known,403,manifest,"Client error '403 ' for url 'https://openapiproext.bnf.fr/iiif/presentation/v3/ark:/12148/bd6t586793t/manifest.json'
For more information check: https://developer.mozilla.org/en-US/docs/Web/HTTP/Status/403",2026-07-17T21:52:30.225088
figaro1854,bd6t5867945,,failed,0,0,,http_manifest,known,403,manifest,"Client error '403 ' for url 'https://openapiproext.bnf.fr/iiif/presentation/v3/ark:/12148/bd6t5867945/manifest.json'
For more information check: https://developer.mozilla.org/en-US/docs/Web/HTTP/Status/403",2026-07-17T21:52:31.425672
figaro1854,bd6t586795h,,failed,0,0,,http_manifest,known,403,manifest,"Client error '403 ' for url 'https://openapiproext.bnf.fr/iiif/presentation/v3/ark:/12148/bd6t586795h/manifest.json'
For more information check: https://developer.mozilla.org/en-US/docs/Web/HTTP/Status/403",2026-07-17T21:52:32.625858
figaro1854,bd6t586796v,,failed,0,0,,http_manifest,known,403,manifest,"Client error '403 ' for url 'https://openapiproext.bnf.fr/iiif/presentation/v3/ark:/12148/bd6t586796v/manifest.json'
For more information check: https://developer.mozilla.org/en-US/docs/Web/HTTP/Status/403",2026-07-17T21:52:33.843927
figaro1854,bd6t5867976,,failed,0,0,,http_manifest,known,403,manifest,"Client error '403 ' for url 'https://openapiproext.bnf.fr/iiif/presentation/v3/ark:/12148/bd6t5867976/manifest.json'
For more information check: https://developer.mozilla.org/en-US/docs/Web/HTTP/Status/403",2026-07-17T21:52:35.027922
figaro1854,bd6t586798j,,failed,0,0,,http_manifest,known,403,manifest,"Client error '403 ' for url 'https://openapiproext.bnf.fr/iiif/presentation/v3/ark:/12148/bd6t586798j/manifest.json'
For more information check: https://developer.mozilla.org/en-US/docs/Web/HTTP/Status/403",2026-07-17T21:52:36.229654
figaro1854,bd6t586799w,,failed,0,0,,http_manifest,known,403,manifest,"Client error '403 ' for url 'https://openapiproext.bnf.fr/iiif/presentation/v3/ark:/12148/bd6t586799w/manifest.json'
For more information check: https://developer.mozilla.org/en-US/docs/Web/HTTP/Status/403",2026-07-17T21:52:37.433487
figaro1854,bd6t5868008,,failed,0,0,,http_manifest,known,403,manifest,"Client error '403 ' for url 'https://openapiproext.bnf.fr/iiif/presentation/v3/ark:/12148/bd6t5868008/manifest.json'
For more information check: https://developer.mozilla.org/en-US/docs/Web/HTTP/Status/403",2026-07-17T21:52:38.634160
figaro1854,bd6t586801m,,failed,0,0,,http_manifest,known,403,manifest,"Client error '403 ' for url 'https://openapiproext.bnf.fr/iiif/presentation/v3/ark:/12148/bd6t586801m/manifest.json'
For more information check: https://developer.mozilla.org/en-US/docs/Web/HTTP/Status/403",2026-07-17T21:52:39.850094
figaro1854,bd6t586802z,,failed,0,0,,http_manifest,known,403,manifest,"Client error '403 ' for url 'https://openapiproext.bnf.fr/iiif/presentation/v3/ark:/12148/bd6t586802z/manifest.json'
For more information check: https://developer.mozilla.org/en-US/docs/Web/HTTP/Status/403",2026-07-17T21:52:41.036248
figaro1854,bd6t5868039,,failed,0,0,,http_manifest,known,403,manifest,"Client error '403 ' for url 'https://openapiproext.bnf.fr/iiif/presentation/v3/ark:/12148/bd6t5868039/manifest.json'
For more information check: https://developer.mozilla.org/en-US/docs/Web/HTTP/Status/403",2026-07-17T21:52:42.240035
figaro1854,bd6t586804n,,failed,0,0,,http_manifest,known,403,manifest,"Client error '403 ' for url 'https://openapiproext.bnf.fr/iiif/presentation/v3/ark:/12148/bd6t586804n/manifest.json'
For more information check: https://developer.mozilla.org/en-US/docs/Web/HTTP/Status/403",2026-07-17T21:52:43.438661
figaro1854,bd6t5868050,,failed,0,0,,http_manifest,known,403,manifest,"Client error '403 ' for url 'https://openapiproext.bnf.fr/iiif/presentation/v3/ark:/12148/bd6t5868050/manifest.json'
For more information check: https://developer.mozilla.org/en-US/docs/Web/HTTP/Status/403",2026-07-17T21:52:44.640760
figaro1854,bd6t586806b,,failed,0,0,,http_manifest,known,403,manifest,"Client error '403 ' for url 'https://openapiproext.bnf.fr/iiif/presentation/v3/ark:/12148/bd6t586806b/manifest.json'
For more information check: https://developer.mozilla.org/en-US/docs/Web/HTTP/Status/403",2026-07-17T21:52:45.842108
figaro1854,bd6t586807p,,failed,0,0,,http_manifest,known,403,manifest,"Client error '403 ' for url 'https://openapiproext.bnf.fr/iiif/presentation/v3/ark:/12148/bd6t586807p/manifest.json'
For more information check: https://developer.mozilla.org/en-US/docs/Web/HTTP/Status/403",2026-07-17T21:52:47.049841
figaro1854,bd6t5868081,,failed,0,0,,http_manifest,known,403,manifest,"Client error '403 ' for url 'https://openapiproext.bnf.fr/iiif/presentation/v3/ark:/12148/bd6t5868081/manifest.json'
For more information check: https://developer.mozilla.org/en-US/docs/Web/HTTP/Status/403",2026-07-17T21:52:48.244720
figaro1854,bd6t586809c,,failed,0,0,,http_manifest,known,403,manifest,"Client error '403 ' for url 'https://openapiproext.bnf.fr/iiif/presentation/v3/ark:/12148/bd6t586809c/manifest.json'
For more information check: https://developer.mozilla.org/en-US/docs/Web/HTTP/Status/403",2026-07-17T21:52:49.450946
figaro1854,bd6t586810k,,failed,0,0,,http_manifest,known,403,manifest,"Client error '403 ' for url 'https://openapiproext.bnf.fr/iiif/presentation/v3/ark:/12148/bd6t586810k/manifest.json'
For more information check: https://developer.mozilla.org/en-US/docs/Web/HTTP/Status/403",2026-07-17T21:52:50.647465
figaro1854,bd6t586811x,,failed,0,0,,http_manifest,known,403,manifest,"Client error '403 ' for url 'https://openapiproext.bnf.fr/iiif/presentation/v3/ark:/12148/bd6t586811x/manifest.json'
For more information check: https://developer.mozilla.org/en-US/docs/Web/HTTP/Status/403",2026-07-17T21:52:51.863465
figaro1854,bd6t5868128,,failed,0,0,,http_manifest,known,403,manifest,"Client error '403 ' for url 'https://openapiproext.bnf.fr/iiif/presentation/v3/ark:/12148/bd6t5868128/manifest.json'
For more information check: https://developer.mozilla.org/en-US/docs/Web/HTTP/Status/403",2026-07-17T21:52:53.050070
figaro1854,bd6t586813m,,failed,0,0,,http_manifest,known,403,manifest,"Client error '403 ' for url 'https://openapiproext.bnf.fr/iiif/presentation/v3/ark:/12148/bd6t586813m/manifest.json'
For more information check: https://developer.mozilla.org/en-US/docs/Web/HTTP/Status/403",2026-07-17T21:52:54.254446
figaro1854,bd6t586814z,,failed,0,0,,http_manifest,known,403,manifest,"Client error '403 ' for url 'https://openapiproext.bnf.fr/iiif/presentation/v3/ark:/12148/bd6t586814z/manifest.json'
For more information check: https://developer.mozilla.org/en-US/docs/Web/HTTP/Status/403",2026-07-17T21:52:55.454085
figaro1854,bd6t5868159,,failed,0,0,,http_manifest,known,403,manifest,"Client error '403 ' for url 'https://openapiproext.bnf.fr/iiif/presentation/v3/ark:/12148/bd6t5868159/manifest.json'
For more information check: https://developer.mozilla.org/en-US/docs/Web/HTTP/Status/403",2026-07-17T21:52:56.655608
figaro1854,bd6t586816n,,failed,0,0,,http_manifest,known,403,manifest,"Client error '403 ' for url 'https://openapiproext.bnf.fr/iiif/presentation/v3/ark:/12148/bd6t586816n/manifest.json'
For more information check: https://developer.mozilla.org/en-US/docs/Web/HTTP/Status/403",2026-07-17T21:52:58.052273
figaro1854,bd6t5868170,,failed,0,0,,http_manifest,known,403,manifest,"Client error '403 ' for url 'https://openapiproext.bnf.fr/iiif/presentation/v3/ark:/12148/bd6t5868170/manifest.json'
For more information check: https://developer.mozilla.org/en-US/docs/Web/HTTP/Status/403",2026-07-17T21:52:59.251988
figaro1854,bd6t586818b,,failed,0,0,,http_manifest,known,403,manifest,"Client error '403 ' for url 'https://openapiproext.bnf.fr/iiif/presentation/v3/ark:/12148/bd6t586818b/manifest.json'
For more information check: https://developer.mozilla.org/en-US/docs/Web/HTTP/Status/403",2026-07-17T21:53:00.348744
figaro1854,bd6t586819p,,failed,0,0,,http_manifest,known,403,manifest,"Client error '403 ' for url 'https://openapiproext.bnf.fr/iiif/presentation/v3/ark:/12148/bd6t586819p/manifest.json'
For more information check: https://developer.mozilla.org/en-US/docs/Web/HTTP/Status/403",2026-07-17T21:53:01.553848
figaro1854,bd6t586820w,,failed,0,0,,http_manifest,known,403,manifest,"Client error '403 ' for url 'https://openapiproext.bnf.fr/iiif/presentation/v3/ark:/12148/bd6t586820w/manifest.json'
For more information check: https://developer.mozilla.org/en-US/docs/Web/HTTP/Status/403",2026-07-17T21:53:02.662673
figaro1854,bd6t5868217,,failed,0,0,,http_manifest,known,403,manifest,"Client error '403 ' for url 'https://openapiproext.bnf.fr/iiif/presentation/v3/ark:/12148/bd6t5868217/manifest.json'
For more information check: https://developer.mozilla.org/en-US/docs/Web/HTTP/Status/403",2026-07-17T21:53:04.068842
figaro1854,bd6t586822k,,failed,0,0,,http_manifest,known,403,manifest,"Client error '403 ' for url 'https://openapiproext.bnf.fr/iiif/presentation/v3/ark:/12148/bd6t586822k/manifest.json'
For more information check: https://developer.mozilla.org/en-US/docs/Web/HTTP/Status/403",2026-07-17T21:53:05.153116
figaro1854,bd6t586823x,,failed,0,0,,http_manifest,known,403,manifest,"Client error '403 ' for url 'https://openapiproext.bnf.fr/iiif/presentation/v3/ark:/12148/bd6t586823x/manifest.json'
For more information check: https://developer.mozilla.org/en-US/docs/Web/HTTP/Status/403",2026-07-17T21:53:06.419768
figaro1854,bd6t5868248,,failed,0,0,,http_manifest,known,403,manifest,"Client error '403 ' for url 'https://openapiproext.bnf.fr/iiif/presentation/v3/ark:/12148/bd6t5868248/manifest.json'
For more information check: https://developer.mozilla.org/en-US/docs/Web/HTTP/Status/403",2026-07-17T21:53:07.475747
figaro1854,bd6t586825m,,failed,0,0,,http_manifest,known,403,manifest,"Client error '403 ' for url 'https://openapiproext.bnf.fr/iiif/presentation/v3/ark:/12148/bd6t586825m/manifest.json'
For more information check: https://developer.mozilla.org/en-US/docs/Web/HTTP/Status/403",2026-07-17T21:53:08.670773
figaro1854,bd6t586826z,,failed,0,0,,http_manifest,known,403,manifest,"Client error '403 ' for url 'https://openapiproext.bnf.fr/iiif/presentation/v3/ark:/12148/bd6t586826z/manifest.json'
For more information check: https://developer.mozilla.org/en-US/docs/Web/HTTP/Status/403",2026-07-17T21:53:09.888097
figaro1854,bd6t5868279,,failed,0,0,,http_manifest,known,403,manifest,"Client error '403 ' for url 'https://openapiproext.bnf.fr/iiif/presentation/v3/ark:/12148/bd6t5868279/manifest.json'
For more information check: https://developer.mozilla.org/en-US/docs/Web/HTTP/Status/403",2026-07-17T21:53:11.076582
figaro1854,bd6t586828n,,failed,0,0,,http_manifest,known,403,manifest,"Client error '403 ' for url 'https://openapiproext.bnf.fr/iiif/presentation/v3/ark:/12148/bd6t586828n/manifest.json'
For more information check: https://developer.mozilla.org/en-US/docs/Web/HTTP/Status/403",2026-07-17T21:53:12.457698
figaro1854,bd6t5868290,,failed,0,0,,http_manifest,known,403,manifest,"Client error '403 ' for url 'https://openapiproext.bnf.fr/iiif/presentation/v3/ark:/12148/bd6t5868290/manifest.json'
For more information check: https://developer.mozilla.org/en-US/docs/Web/HTTP/Status/403",2026-07-17T21:53:13.477669
figaro1854,bd6t5868306,,failed,0,0,,http_manifest,known,403,manifest,"Client error '403 ' for url 'https://openapiproext.bnf.fr/iiif/presentation/v3/ark:/12148/bd6t5868306/manifest.json'
For more information check: https://developer.mozilla.org/en-US/docs/Web/HTTP/Status/403",2026-07-17T21:53:14.779744
figaro1854,bd6t586870f,,failed,0,0,,http_manifest,known,403,manifest,"Client error '403 ' for url 'https://openapiproext.bnf.fr/iiif/presentation/v3/ark:/12148/bd6t586870f/manifest.json'
For more information check: https://developer.mozilla.org/en-US/docs/Web/HTTP/Status/403",2026-07-17T21:53:16.063716
figaro1854,bd6t586871s,,failed,0,0,,http_manifest,known,403,manifest,"Client error '403 ' for url 'https://openapiproext.bnf.fr/iiif/presentation/v3/ark:/12148/bd6t586871s/manifest.json'
For more information check: https://developer.mozilla.org/en-US/docs/Web/HTTP/Status/403",2026-07-17T21:53:17.253892
figaro1854,bd6t5868724,,failed,0,0,,http_manifest,known,403,manifest,"Client error '403 ' for url 'https://openapiproext.bnf.fr/iiif/presentation/v3/ark:/12148/bd6t5868724/manifest.json'
For more information check: https://developer.mozilla.org/en-US/docs/Web/HTTP/Status/403",2026-07-17T21:53:18.292951
figaro1854,bd6t586873g,,failed,0,0,,http_manifest,known,403,manifest,"Client error '403 ' for url 'https://openapiproext.bnf.fr/iiif/presentation/v3/ark:/12148/bd6t586873g/manifest.json'
For more information check: https://developer.mozilla.org/en-US/docs/Web/HTTP/Status/403",2026-07-17T21:53:19.486308
figaro1854,bd6t586874t,,failed,0,0,,http_manifest,known,403,manifest,"Client error '403 ' for url 'https://openapiproext.bnf.fr/iiif/presentation/v3/ark:/12148/bd6t586874t/manifest.json'
For more information check: https://developer.mozilla.org/en-US/docs/Web/HTTP/Status/403",2026-07-17T21:53:20.689374
figaro1854,bd6t5868755,,failed,0,0,,http_manifest,known,403,manifest,"Client error '403 ' for url 'https://openapiproext.bnf.fr/iiif/presentation/v3/ark:/12148/bd6t5868755/manifest.json'
For more information check: https://developer.mozilla.org/en-US/docs/Web/HTTP/Status/403",2026-07-17T21:53:21.900399
figaro1854,bd6t586876h,,failed,0,0,,http_manifest,known,403,manifest,"Client error '403 ' for url 'https://openapiproext.bnf.fr/iiif/presentation/v3/ark:/12148/bd6t586876h/manifest.json'
For more information check: https://developer.mozilla.org/en-US/docs/Web/HTTP/Status/403",2026-07-17T21:53:23.090479
figaro1854,bd6t586877v,,failed,0,0,,http_manifest,known,403,manifest,"Client error '403 ' for url 'https://openapiproext.bnf.fr/iiif/presentation/v3/ark:/12148/bd6t586877v/manifest.json'
For more information check: https://developer.mozilla.org/en-US/docs/Web/HTTP/Status/403",2026-07-17T21:53:24.289234
figaro1854,bd6t5868786,,failed,0,0,,http_manifest,known,403,manifest,"Client error '403 ' for url 'https://openapiproext.bnf.fr/iiif/presentation/v3/ark:/12148/bd6t5868786/manifest.json'
For more information check: https://developer.mozilla.org/en-US/docs/Web/HTTP/Status/403",2026-07-17T21:53:25.491434
figaro1854,bd6t586879j,,failed,0,0,,http_manifest,known,403,manifest,"Client error '403 ' for url 'https://openapiproext.bnf.fr/iiif/presentation/v3/ark:/12148/bd6t586879j/manifest.json'
For more information check: https://developer.mozilla.org/en-US/docs/Web/HTTP/Status/403",2026-07-17T21:53:26.694817
figaro1854,bd6t586880r,,failed,0,0,,http_manifest,known,403,manifest,"Client error '403 ' for url 'https://openapiproext.bnf.fr/iiif/presentation/v3/ark:/12148/bd6t586880r/manifest.json'
For more information check: https://developer.mozilla.org/en-US/docs/Web/HTTP/Status/403",2026-07-17T21:53:27.901359
figaro1854,bd6t5868813,,failed,0,0,,http_manifest,known,403,manifest,"Client error '403 ' for url 'https://openapiproext.bnf.fr/iiif/presentation/v3/ark:/12148/bd6t5868813/manifest.json'
For more information check: https://developer.mozilla.org/en-US/docs/Web/HTTP/Status/403",2026-07-17T21:53:29.098399
figaro1854,bd6t586882f,,failed,0,0,,http_manifest,known,403,manifest,"Client error '403 ' for url 'https://openapiproext.bnf.fr/iiif/presentation/v3/ark:/12148/bd6t586882f/manifest.json'
For more information check: https://developer.mozilla.org/en-US/docs/Web/HTTP/Status/403",2026-07-17T21:53:30.294658
figaro1854,bd6t586883s,,failed,0,0,,http_manifest,known,403,manifest,"Client error '403 ' for url 'https://openapiproext.bnf.fr/iiif/presentation/v3/ark:/12148/bd6t586883s/manifest.json'
For more information check: https://developer.mozilla.org/en-US/docs/Web/HTTP/Status/403",2026-07-17T21:53:31.498692
figaro1854,bd6t5868844,,failed,0,0,,http_manifest,known,403,manifest,"Client error '403 ' for url 'https://openapiproext.bnf.fr/iiif/presentation/v3/ark:/12148/bd6t5868844/manifest.json'
For more information check: https://developer.mozilla.org/en-US/docs/Web/HTTP/Status/403",2026-07-17T21:53:32.699389
figaro1854,bd6t586885g,,failed,0,0,,http_manifest,known,403,manifest,"Client error '403 ' for url 'https://openapiproext.bnf.fr/iiif/presentation/v3/ark:/12148/bd6t586885g/manifest.json'
For more information check: https://developer.mozilla.org/en-US/docs/Web/HTTP/Status/403",2026-07-17T21:53:33.931478
figaro1854,bd6t586886t,,failed,0,0,,http_manifest,known,403,manifest,"Client error '403 ' for url 'https://openapiproext.bnf.fr/iiif/presentation/v3/ark:/12148/bd6t586886t/manifest.json'
For more information check: https://developer.mozilla.org/en-US/docs/Web/HTTP/Status/403",2026-07-17T21:53:35.102954
figaro1854,bd6t5868875,,failed,0,0,,http_manifest,known,403,manifest,"Client error '403 ' for url 'https://openapiproext.bnf.fr/iiif/presentation/v3/ark:/12148/bd6t5868875/manifest.json'
For more information check: https://developer.mozilla.org/en-US/docs/Web/HTTP/Status/403",2026-07-17T21:53:36.304040
figaro1854,bd6t586888h,,failed,0,0,,http_manifest,known,403,manifest,"Client error '403 ' for url 'https://openapiproext.bnf.fr/iiif/presentation/v3/ark:/12148/bd6t586888h/manifest.json'
For more information check: https://developer.mozilla.org/en-US/docs/Web/HTTP/Status/403",2026-07-17T21:53:37.506254
figaro1854,bd6t586889v,,failed,0,0,,http_manifest,known,403,manifest,"Client error '403 ' for url 'https://openapiproext.bnf.fr/iiif/presentation/v3/ark:/12148/bd6t586889v/manifest.json'
For more information check: https://developer.mozilla.org/en-US/docs/Web/HTTP/Status/403",2026-07-17T21:53:38.707966
figaro1854,bd6t5868902,,failed,0,0,,http_manifest,known,403,manifest,"Client error '403 ' for url 'https://openapiproext.bnf.fr/iiif/presentation/v3/ark:/12148/bd6t5868902/manifest.json'
For more information check: https://developer.mozilla.org/en-US/docs/Web/HTTP/Status/403",2026-07-17T21:53:39.924998
figaro1854,bd6t586891d,,failed,0,0,,http_manifest,known,403,manifest,"Client error '403 ' for url 'https://openapiproext.bnf.fr/iiif/presentation/v3/ark:/12148/bd6t586891d/manifest.json'
For more information check: https://developer.mozilla.org/en-US/docs/Web/HTTP/Status/403",2026-07-17T21:53:41.109679
figaro1854,bd6t586892r,,failed,0,0,,http_manifest,known,403,manifest,"Client error '403 ' for url 'https://openapiproext.bnf.fr/iiif/presentation/v3/ark:/12148/bd6t586892r/manifest.json'
For more information check: https://developer.mozilla.org/en-US/docs/Web/HTTP/Status/403",2026-07-17T21:53:42.311117
figaro1854,bd6t5868933,,failed,0,0,,http_manifest,known,403,manifest,"Client error '403 ' for url 'https://openapiproext.bnf.fr/iiif/presentation/v3/ark:/12148/bd6t5868933/manifest.json'
For more information check: https://developer.mozilla.org/en-US/docs/Web/HTTP/Status/403",2026-07-17T21:53:43.511833
figaro1854,bd6t586894f,,failed,0,0,,http_manifest,known,403,manifest,"Client error '403 ' for url 'https://openapiproext.bnf.fr/iiif/presentation/v3/ark:/12148/bd6t586894f/manifest.json'
For more information check: https://developer.mozilla.org/en-US/docs/Web/HTTP/Status/403",2026-07-17T21:53:44.714325
figaro1854,bd6t586895s,,failed,0,0,,http_manifest,known,403,manifest,"Client error '403 ' for url 'https://openapiproext.bnf.fr/iiif/presentation/v3/ark:/12148/bd6t586895s/manifest.json'
For more information check: https://developer.mozilla.org/en-US/docs/Web/HTTP/Status/403",2026-07-17T21:53:45.916103
figaro1854,bd6t5868964,,failed,0,0,,http_manifest,known,403,manifest,"Client error '403 ' for url 'https://openapiproext.bnf.fr/iiif/presentation/v3/ark:/12148/bd6t5868964/manifest.json'
For more information check: https://developer.mozilla.org/en-US/docs/Web/HTTP/Status/403",2026-07-17T21:53:47.117278
figaro1854,bd6t586897g,,failed,0,0,,http_manifest,known,403,manifest,"Client error '403 ' for url 'https://openapiproext.bnf.fr/iiif/presentation/v3/ark:/12148/bd6t586897g/manifest.json'
For more information check: https://developer.mozilla.org/en-US/docs/Web/HTTP/Status/403",2026-07-17T21:53:48.319433
figaro1854,bd6t586898t,,failed,0,0,,http_manifest,known,403,manifest,"Client error '403 ' for url 'https://openapiproext.bnf.fr/iiif/presentation/v3/ark:/12148/bd6t586898t/manifest.json'
For more information check: https://developer.mozilla.org/en-US/docs/Web/HTTP/Status/403",2026-07-17T21:53:49.523093
figaro1854,bd6t5868995,,failed,0,0,,http_manifest,known,403,manifest,"Client error '403 ' for url 'https://openapiproext.bnf.fr/iiif/presentation/v3/ark:/12148/bd6t5868995/manifest.json'
For more information check: https://developer.mozilla.org/en-US/docs/Web/HTTP/Status/403",2026-07-17T21:53:50.723281
figaro1854,bd6t586900j,,failed,0,0,,http_manifest,known,403,manifest,"Client error '403 ' for url 'https://openapiproext.bnf.fr/iiif/presentation/v3/ark:/12148/bd6t586900j/manifest.json'
For more information check: https://developer.mozilla.org/en-US/docs/Web/HTTP/Status/403",2026-07-17T21:53:51.937496
figaro1854,bd6t586901w,,failed,0,0,,http_manifest,known,403,manifest,"Client error '403 ' for url 'https://openapiproext.bnf.fr/iiif/presentation/v3/ark:/12148/bd6t586901w/manifest.json'
For more information check: https://developer.mozilla.org/en-US/docs/Web/HTTP/Status/403",2026-07-17T21:53:53.130237
figaro1854,bd6t5869027,,failed,0,0,,http_manifest,known,403,manifest,"Client error '403 ' for url 'https://openapiproext.bnf.fr/iiif/presentation/v3/ark:/12148/bd6t5869027/manifest.json'
For more information check: https://developer.mozilla.org/en-US/docs/Web/HTTP/Status/403",2026-07-17T21:53:54.329239
figaro1854,bd6t586903k,,failed,0,0,,http_manifest,known,403,manifest,"Client error '403 ' for url 'https://openapiproext.bnf.fr/iiif/presentation/v3/ark:/12148/bd6t586903k/manifest.json'
For more information check: https://developer.mozilla.org/en-US/docs/Web/HTTP/Status/403",2026-07-17T21:53:55.534305
figaro1854,bd6t586904x,,failed,0,0,,http_manifest,known,403,manifest,"Client error '403 ' for url 'https://openapiproext.bnf.fr/iiif/presentation/v3/ark:/12148/bd6t586904x/manifest.json'
For more information check: https://developer.mozilla.org/en-US/docs/Web/HTTP/Status/403",2026-07-17T21:53:56.737890
figaro1854,bd6t5869058,,failed,0,0,,http_manifest,known,403,manifest,"Client error '403 ' for url 'https://openapiproext.bnf.fr/iiif/presentation/v3/ark:/12148/bd6t5869058/manifest.json'
For more information check: https://developer.mozilla.org/en-US/docs/Web/HTTP/Status/403",2026-07-17T21:53:57.934438
figaro1854,bd6t586906m,,failed,0,0,,http_manifest,known,403,manifest,"Client error '403 ' for url 'https://openapiproext.bnf.fr/iiif/presentation/v3/ark:/12148/bd6t586906m/manifest.json'
For more information check: https://developer.mozilla.org/en-US/docs/Web/HTTP/Status/403",2026-07-17T21:53:59.407996
figaro1854,bd6t586907z,,failed,0,0,,http_manifest,known,403,manifest,"Client error '403 ' for url 'https://openapiproext.bnf.fr/iiif/presentation/v3/ark:/12148/bd6t586907z/manifest.json'
For more information check: https://developer.mozilla.org/en-US/docs/Web/HTTP/Status/403",2026-07-17T21:54:00.440559
figaro1854,bd6t5869089,,failed,0,0,,http_manifest,known,403,manifest,"Client error '403 ' for url 'https://openapiproext.bnf.fr/iiif/presentation/v3/ark:/12148/bd6t5869089/manifest.json'
For more information check: https://developer.mozilla.org/en-US/docs/Web/HTTP/Status/403",2026-07-17T21:54:01.542897
figaro1854,bd6t586909n,,failed,0,0,,http_manifest,known,403,manifest,"Client error '403 ' for url 'https://openapiproext.bnf.fr/iiif/presentation/v3/ark:/12148/bd6t586909n/manifest.json'
For more information check: https://developer.mozilla.org/en-US/docs/Web/HTTP/Status/403",2026-07-17T21:54:02.902835
figaro1854,bd6t586910v,,failed,0,0,,http_manifest,known,403,manifest,"Client error '403 ' for url 'https://openapiproext.bnf.fr/iiif/presentation/v3/ark:/12148/bd6t586910v/manifest.json'
For more information check: https://developer.mozilla.org/en-US/docs/Web/HTTP/Status/403",2026-07-17T21:54:04.028678
figaro1854,bd6t5869116,,failed,0,0,,http_manifest,known,403,manifest,"Client error '403 ' for url 'https://openapiproext.bnf.fr/iiif/presentation/v3/ark:/12148/bd6t5869116/manifest.json'
For more information check: https://developer.mozilla.org/en-US/docs/Web/HTTP/Status/403",2026-07-17T21:54:05.275725
figaro1854,bd6t586912j,,failed,0,0,,http_manifest,known,403,manifest,"Client error '403 ' for url 'https://openapiproext.bnf.fr/iiif/presentation/v3/ark:/12148/bd6t586912j/manifest.json'
For more information check: https://developer.mozilla.org/en-US/docs/Web/HTTP/Status/403",2026-07-17T21:54:06.372891
figaro1854,bd6t586913w,,failed,0,0,,http_manifest,known,403,manifest,"Client error '403 ' for url 'https://openapiproext.bnf.fr/iiif/presentation/v3/ark:/12148/bd6t586913w/manifest.json'
For more information check: https://developer.mozilla.org/en-US/docs/Web/HTTP/Status/403",2026-07-17T21:54:07.547109
figaro1854,bd6t5869147,,failed,0,0,,http_manifest,known,403,manifest,"Client error '403 ' for url 'https://openapiproext.bnf.fr/iiif/presentation/v3/ark:/12148/bd6t5869147/manifest.json'
For more information check: https://developer.mozilla.org/en-US/docs/Web/HTTP/Status/403",2026-07-17T21:54:08.788974
figaro1854,bd6t586915k,,failed,0,0,,http_manifest,known,403,manifest,"Client error '403 ' for url 'https://openapiproext.bnf.fr/iiif/presentation/v3/ark:/12148/bd6t586915k/manifest.json'
For more information check: https://developer.mozilla.org/en-US/docs/Web/HTTP/Status/403",2026-07-17T21:54:09.947278
figaro1854,bd6t586916x,,failed,0,0,,http_manifest,known,403,manifest,"Client error '403 ' for url 'https://openapiproext.bnf.fr/iiif/presentation/v3/ark:/12148/bd6t586916x/manifest.json'
For more information check: https://developer.mozilla.org/en-US/docs/Web/HTTP/Status/403",2026-07-17T21:54:11.156135
figaro1854,bd6t5869178,,failed,0,0,,http_manifest,known,403,manifest,"Client error '403 ' for url 'https://openapiproext.bnf.fr/iiif/presentation/v3/ark:/12148/bd6t5869178/manifest.json'
For more information check: https://developer.mozilla.org/en-US/docs/Web/HTTP/Status/403",2026-07-17T21:54:12.355622
figaro1854,bd6t586918m,,failed,0,0,,http_manifest,known,403,manifest,"Client error '403 ' for url 'https://openapiproext.bnf.fr/iiif/presentation/v3/ark:/12148/bd6t586918m/manifest.json'
For more information check: https://developer.mozilla.org/en-US/docs/Web/HTTP/Status/403",2026-07-17T21:54:13.557462
figaro1854,bd6t586919z,,failed,0,0,,http_manifest,known,403,manifest,"Client error '403 ' for url 'https://openapiproext.bnf.fr/iiif/presentation/v3/ark:/12148/bd6t586919z/manifest.json'
For more information check: https://developer.mozilla.org/en-US/docs/Web/HTTP/Status/403",2026-07-17T21:54:15.052283
figaro1854,bd6t5869205,,failed,0,0,,http_manifest,known,403,manifest,"Client error '403 ' for url 'https://openapiproext.bnf.fr/iiif/presentation/v3/ark:/12148/bd6t5869205/manifest.json'
For more information check: https://developer.mozilla.org/en-US/docs/Web/HTTP/Status/403",2026-07-17T21:54:16.035653
figaro1854,bd6t586921h,,failed,0,0,,http_manifest,known,403,manifest,"Client error '403 ' for url 'https://openapiproext.bnf.fr/iiif/presentation/v3/ark:/12148/bd6t586921h/manifest.json'
For more information check: https://developer.mozilla.org/en-US/docs/Web/HTTP/Status/403",2026-07-17T21:54:17.164920
figaro1854,bd6t586922v,,failed,0,0,,http_manifest,known,403,manifest,"Client error '403 ' for url 'https://openapiproext.bnf.fr/iiif/presentation/v3/ark:/12148/bd6t586922v/manifest.json'
For more information check: https://developer.mozilla.org/en-US/docs/Web/HTTP/Status/403",2026-07-17T21:54:18.359082
figaro1854,bd6t5869236,,failed,0,0,,http_manifest,known,403,manifest,"Client error '403 ' for url 'https://openapiproext.bnf.fr/iiif/presentation/v3/ark:/12148/bd6t5869236/manifest.json'
For more information check: https://developer.mozilla.org/en-US/docs/Web/HTTP/Status/403",2026-07-17T21:54:19.614174
figaro1854,bd6t586924j,,failed,0,0,,http_manifest,known,403,manifest,"Client error '403 ' for url 'https://openapiproext.bnf.fr/iiif/presentation/v3/ark:/12148/bd6t586924j/manifest.json'
For more information check: https://developer.mozilla.org/en-US/docs/Web/HTTP/Status/403",2026-07-17T21:54:20.765982
figaro1854,bd6t586925w,,failed,0,0,,http_manifest,known,403,manifest,"Client error '403 ' for url 'https://openapiproext.bnf.fr/iiif/presentation/v3/ark:/12148/bd6t586925w/manifest.json'
For more information check: https://developer.mozilla.org/en-US/docs/Web/HTTP/Status/403",2026-07-17T21:54:21.962662
figaro1854,bd6t5869267,,failed,0,0,,http_manifest,known,403,manifest,"Client error '403 ' for url 'https://openapiproext.bnf.fr/iiif/presentation/v3/ark:/12148/bd6t5869267/manifest.json'
For more information check: https://developer.mozilla.org/en-US/docs/Web/HTTP/Status/403",2026-07-17T21:54:23.171609
figaro1854,bd6t586927k,,failed,0,0,,http_manifest,known,403,manifest,"Client error '403 ' for url 'https://openapiproext.bnf.fr/iiif/presentation/v3/ark:/12148/bd6t586927k/manifest.json'
For more information check: https://developer.mozilla.org/en-US/docs/Web/HTTP/Status/403",2026-07-17T21:54:24.378187
figaro1854,bd6t586928x,,failed,0,0,,http_manifest,known,403,manifest,"Client error '403 ' for url 'https://openapiproext.bnf.fr/iiif/presentation/v3/ark:/12148/bd6t586928x/manifest.json'
For more information check: https://developer.mozilla.org/en-US/docs/Web/HTTP/Status/403",2026-07-17T21:54:25.567486
figaro1854,bd6t5869298,,failed,0,0,,http_manifest,known,403,manifest,"Client error '403 ' for url 'https://openapiproext.bnf.fr/iiif/presentation/v3/ark:/12148/bd6t5869298/manifest.json'
For more information check: https://developer.mozilla.org/en-US/docs/Web/HTTP/Status/403",2026-07-17T21:54:26.798869
figaro1854,bd6t586930g,,failed,0,0,,http_manifest,known,403,manifest,"Client error '403 ' for url 'https://openapiproext.bnf.fr/iiif/presentation/v3/ark:/12148/bd6t586930g/manifest.json'
For more information check: https://developer.mozilla.org/en-US/docs/Web/HTTP/Status/403",2026-07-17T21:54:27.977178
figaro1854,bd6t586931t,,failed,0,0,,http_manifest,known,403,manifest,"Client error '403 ' for url 'https://openapiproext.bnf.fr/iiif/presentation/v3/ark:/12148/bd6t586931t/manifest.json'
For more information check: https://developer.mozilla.org/en-US/docs/Web/HTTP/Status/403",2026-07-17T21:54:29.174828
figaro1854,bd6t5869325,,failed,0,0,,http_manifest,known,403,manifest,"Client error '403 ' for url 'https://openapiproext.bnf.fr/iiif/presentation/v3/ark:/12148/bd6t5869325/manifest.json'
For more information check: https://developer.mozilla.org/en-US/docs/Web/HTTP/Status/403",2026-07-17T21:54:30.376540
figaro1854,bd6t586933h,,failed,0,0,,http_manifest,known,403,manifest,"Client error '403 ' for url 'https://openapiproext.bnf.fr/iiif/presentation/v3/ark:/12148/bd6t586933h/manifest.json'
For more information check: https://developer.mozilla.org/en-US/docs/Web/HTTP/Status/403",2026-07-17T21:54:31.574670
figaro1854,bd6t586934v,,failed,0,0,,http_manifest,known,403,manifest,"Client error '403 ' for url 'https://openapiproext.bnf.fr/iiif/presentation/v3/ark:/12148/bd6t586934v/manifest.json'
For more information check: https://developer.mozilla.org/en-US/docs/Web/HTTP/Status/403",2026-07-17T21:54:32.801764
figaro1854,bd6t5869356,,failed,0,0,,http_manifest,known,403,manifest,"Client error '403 ' for url 'https://openapiproext.bnf.fr/iiif/presentation/v3/ark:/12148/bd6t5869356/manifest.json'
For more information check: https://developer.mozilla.org/en-US/docs/Web/HTTP/Status/403",2026-07-17T21:54:33.981882
figaro1854,bd6t586936j,,failed,0,0,,http_manifest,known,403,manifest,"Client error '403 ' for url 'https://openapiproext.bnf.fr/iiif/presentation/v3/ark:/12148/bd6t586936j/manifest.json'
For more information check: https://developer.mozilla.org/en-US/docs/Web/HTTP/Status/403",2026-07-17T21:54:35.201324
figaro1854,bd6t586937w,,failed,0,0,,http_manifest,known,403,manifest,"Client error '403 ' for url 'https://openapiproext.bnf.fr/iiif/presentation/v3/ark:/12148/bd6t586937w/manifest.json'
For more information check: https://developer.mozilla.org/en-US/docs/Web/HTTP/Status/403",2026-07-17T21:54:36.386500
figaro1854,bd6t5869387,,failed,0,0,,http_manifest,known,403,manifest,"Client error '403 ' for url 'https://openapiproext.bnf.fr/iiif/presentation/v3/ark:/12148/bd6t5869387/manifest.json'
For more information check: https://developer.mozilla.org/en-US/docs/Web/HTTP/Status/403",2026-07-17T21:54:37.586700
figaro1854,bd6t586939k,,failed,0,0,,http_manifest,known,403,manifest,"Client error '403 ' for url 'https://openapiproext.bnf.fr/iiif/presentation/v3/ark:/12148/bd6t586939k/manifest.json'
For more information check: https://developer.mozilla.org/en-US/docs/Web/HTTP/Status/403",2026-07-17T21:54:38.786740
figaro1854,bd6t586940s,,failed,0,0,,http_manifest,known,403,manifest,"Client error '403 ' for url 'https://openapiproext.bnf.fr/iiif/presentation/v3/ark:/12148/bd6t586940s/manifest.json'
For more information check: https://developer.mozilla.org/en-US/docs/Web/HTTP/Status/403",2026-07-17T21:54:39.987933
figaro1854,bd6t5869414,,failed,0,0,,http_manifest,known,403,manifest,"Client error '403 ' for url 'https://openapiproext.bnf.fr/iiif/presentation/v3/ark:/12148/bd6t5869414/manifest.json'
For more information check: https://developer.mozilla.org/en-US/docs/Web/HTTP/Status/403",2026-07-17T21:54:41.192385
figaro1854,bd6t586942g,,failed,0,0,,http_manifest,known,403,manifest,"Client error '403 ' for url 'https://openapiproext.bnf.fr/iiif/presentation/v3/ark:/12148/bd6t586942g/manifest.json'
For more information check: https://developer.mozilla.org/en-US/docs/Web/HTTP/Status/403",2026-07-17T21:54:42.394636
figaro1854,bd6t586943t,,failed,0,0,,http_manifest,known,403,manifest,"Client error '403 ' for url 'https://openapiproext.bnf.fr/iiif/presentation/v3/ark:/12148/bd6t586943t/manifest.json'
For more information check: https://developer.mozilla.org/en-US/docs/Web/HTTP/Status/403",2026-07-17T21:54:43.596463
figaro1854,bd6t5869445,,failed,0,0,,http_manifest,known,403,manifest,"Client error '403 ' for url 'https://openapiproext.bnf.fr/iiif/presentation/v3/ark:/12148/bd6t5869445/manifest.json'
For more information check: https://developer.mozilla.org/en-US/docs/Web/HTTP/Status/403",2026-07-17T21:54:44.819036
figaro1854,bd6t586945h,,failed,0,0,,http_manifest,known,403,manifest,"Client error '403 ' for url 'https://openapiproext.bnf.fr/iiif/presentation/v3/ark:/12148/bd6t586945h/manifest.json'
For more information check: https://developer.mozilla.org/en-US/docs/Web/HTTP/Status/403",2026-07-17T21:54:45.995502
figaro1854,bd6t586946v,,failed,0,0,,http_manifest,known,403,manifest,"Client error '403 ' for url 'https://openapiproext.bnf.fr/iiif/presentation/v3/ark:/12148/bd6t586946v/manifest.json'
For more information check: https://developer.mozilla.org/en-US/docs/Web/HTTP/Status/403",2026-07-17T21:54:47.202712
figaro1854,bd6t5869476,,failed,0,0,,http_manifest,known,403,manifest,"Client error '403 ' for url 'https://openapiproext.bnf.fr/iiif/presentation/v3/ark:/12148/bd6t5869476/manifest.json'
For more information check: https://developer.mozilla.org/en-US/docs/Web/HTTP/Status/403",2026-07-17T21:54:48.401388
figaro1854,bd6t586948j,,failed,0,0,,http_manifest,known,403,manifest,"Client error '403 ' for url 'https://openapiproext.bnf.fr/iiif/presentation/v3/ark:/12148/bd6t586948j/manifest.json'
For more information check: https://developer.mozilla.org/en-US/docs/Web/HTTP/Status/403",2026-07-17T21:54:49.605690
figaro1854,bd6t587070g,,failed,0,0,,http_manifest,known,403,manifest,"Client error '403 ' for url 'https://openapiproext.bnf.fr/iiif/presentation/v3/ark:/12148/bd6t587070g/manifest.json'
For more information check: https://developer.mozilla.org/en-US/docs/Web/HTTP/Status/403",2026-07-17T21:54:50.803981
figaro1854,bd6t587071t,,failed,0,0,,http_manifest,known,403,manifest,"Client error '403 ' for url 'https://openapiproext.bnf.fr/iiif/presentation/v3/ark:/12148/bd6t587071t/manifest.json'
For more information check: https://developer.mozilla.org/en-US/docs/Web/HTTP/Status/403",2026-07-17T21:54:52.004279
figaro1854,bd6t5870725,,failed,0,0,,http_manifest,known,403,manifest,"Client error '403 ' for url 'https://openapiproext.bnf.fr/iiif/presentation/v3/ark:/12148/bd6t5870725/manifest.json'
For more information check: https://developer.mozilla.org/en-US/docs/Web/HTTP/Status/403",2026-07-17T21:54:53.204858
figaro1854,bd6t587073h,,failed,0,0,,http_manifest,known,403,manifest,"Client error '403 ' for url 'https://openapiproext.bnf.fr/iiif/presentation/v3/ark:/12148/bd6t587073h/manifest.json'
For more information check: https://developer.mozilla.org/en-US/docs/Web/HTTP/Status/403",2026-07-17T21:54:54.415943
figaro1854,bd6t587074v,,failed,0,0,,http_manifest,known,403,manifest,"Client error '403 ' for url 'https://openapiproext.bnf.fr/iiif/presentation/v3/ark:/12148/bd6t587074v/manifest.json'
For more information check: https://developer.mozilla.org/en-US/docs/Web/HTTP/Status/403",2026-07-17T21:54:55.614934
figaro1854,bd6t5870756,,failed,0,0,,http_manifest,known,403,manifest,"Client error '403 ' for url 'https://openapiproext.bnf.fr/iiif/presentation/v3/ark:/12148/bd6t5870756/manifest.json'
For more information check: https://developer.mozilla.org/en-US/docs/Web/HTTP/Status/403",2026-07-17T21:54:56.834197
figaro1854,bd6t587076j,,failed,0,0,,http_manifest,known,403,manifest,"Client error '403 ' for url 'https://openapiproext.bnf.fr/iiif/presentation/v3/ark:/12148/bd6t587076j/manifest.json'
For more information check: https://developer.mozilla.org/en-US/docs/Web/HTTP/Status/403",2026-07-17T21:54:58.023486
figaro1854,bd6t587077w,,failed,0,0,,http_manifest,known,403,manifest,"Client error '403 ' for url 'https://openapiproext.bnf.fr/iiif/presentation/v3/ark:/12148/bd6t587077w/manifest.json'
For more information check: https://developer.mozilla.org/en-US/docs/Web/HTTP/Status/403",2026-07-17T21:54:59.214706
figaro1854,bd6t5870787,,failed,0,0,,http_manifest,known,403,manifest,"Client error '403 ' for url 'https://openapiproext.bnf.fr/iiif/presentation/v3/ark:/12148/bd6t5870787/manifest.json'
For more information check: https://developer.mozilla.org/en-US/docs/Web/HTTP/Status/403",2026-07-17T21:55:00.544821
figaro1854,bd6t587079k,,failed,0,0,,http_manifest,known,403,manifest,"Client error '403 ' for url 'https://openapiproext.bnf.fr/iiif/presentation/v3/ark:/12148/bd6t587079k/manifest.json'
For more information check: https://developer.mozilla.org/en-US/docs/Web/HTTP/Status/403",2026-07-17T21:55:01.673898
figaro1854,bd6t5870814,,failed,0,0,,http_manifest,known,403,manifest,"Client error '403 ' for url 'https://openapiproext.bnf.fr/iiif/presentation/v3/ark:/12148/bd6t5870814/manifest.json'
For more information check: https://developer.mozilla.org/en-US/docs/Web/HTTP/Status/403",2026-07-17T21:55:02.854133
figaro1854,bd6t587082g,,failed,0,0,,http_manifest,known,403,manifest,"Client error '403 ' for url 'https://openapiproext.bnf.fr/iiif/presentation/v3/ark:/12148/bd6t587082g/manifest.json'
For more information check: https://developer.mozilla.org/en-US/docs/Web/HTTP/Status/403",2026-07-17T21:55:04.169371
figaro1854,bd6t587083t,,failed,0,0,,http_manifest,known,403,manifest,"Client error '403 ' for url 'https://openapiproext.bnf.fr/iiif/presentation/v3/ark:/12148/bd6t587083t/manifest.json'
For more information check: https://developer.mozilla.org/en-US/docs/Web/HTTP/Status/403",2026-07-17T21:55:05.414375
figaro1854,bd6t5870845,,failed,0,0,,http_manifest,known,403,manifest,"Client error '403 ' for url 'https://openapiproext.bnf.fr/iiif/presentation/v3/ark:/12148/bd6t5870845/manifest.json'
For more information check: https://developer.mozilla.org/en-US/docs/Web/HTTP/Status/403",2026-07-17T21:55:06.450403
figaro1854,bd6t587085h,,failed,0,0,,http_manifest,known,403,manifest,"Client error '403 ' for url 'https://openapiproext.bnf.fr/iiif/presentation/v3/ark:/12148/bd6t587085h/manifest.json'
For more information check: https://developer.mozilla.org/en-US/docs/Web/HTTP/Status/403",2026-07-17T21:55:07.727386
figaro1854,bd6t587086v,,failed,0,0,,http_manifest,known,403,manifest,"Client error '403 ' for url 'https://openapiproext.bnf.fr/iiif/presentation/v3/ark:/12148/bd6t587086v/manifest.json'
For more information check: https://developer.mozilla.org/en-US/docs/Web/HTTP/Status/403",2026-07-17T21:55:08.968649
figaro1854,bd6t5870876,,failed,0,0,,http_manifest,known,403,manifest,"Client error '403 ' for url 'https://openapiproext.bnf.fr/iiif/presentation/v3/ark:/12148/bd6t5870876/manifest.json'
For more information check: https://developer.mozilla.org/en-US/docs/Web/HTTP/Status/403",2026-07-17T21:55:10.031689
figaro1854,bd6t587088j,,failed,0,0,,http_manifest,known,403,manifest,"Client error '403 ' for url 'https://openapiproext.bnf.fr/iiif/presentation/v3/ark:/12148/bd6t587088j/manifest.json'
For more information check: https://developer.mozilla.org/en-US/docs/Web/HTTP/Status/403",2026-07-17T21:55:11.387033
figaro1854,bd6t587089w,,failed,0,0,,http_manifest,known,403,manifest,"Client error '403 ' for url 'https://openapiproext.bnf.fr/iiif/presentation/v3/ark:/12148/bd6t587089w/manifest.json'
For more information check: https://developer.mozilla.org/en-US/docs/Web/HTTP/Status/403",2026-07-17T21:55:12.446104
figaro1854,bd6t5870903,,failed,0,0,,http_manifest,known,403,manifest,"Client error '403 ' for url 'https://openapiproext.bnf.fr/iiif/presentation/v3/ark:/12148/bd6t5870903/manifest.json'
For more information check: https://developer.mozilla.org/en-US/docs/Web/HTTP/Status/403",2026-07-17T21:55:13.690909
figaro1854,bd6t587091f,,failed,0,0,,http_manifest,known,403,manifest,"Client error '403 ' for url 'https://openapiproext.bnf.fr/iiif/presentation/v3/ark:/12148/bd6t587091f/manifest.json'
For more information check: https://developer.mozilla.org/en-US/docs/Web/HTTP/Status/403",2026-07-17T21:55:14.943906
figaro1854,bd6t587092s,,failed,0,0,,http_manifest,known,403,manifest,"Client error '403 ' for url 'https://openapiproext.bnf.fr/iiif/presentation/v3/ark:/12148/bd6t587092s/manifest.json'
For more information check: https://developer.mozilla.org/en-US/docs/Web/HTTP/Status/403",2026-07-17T21:55:16.287128
figaro1854,bd6t5870934,,failed,0,0,,http_manifest,known,403,manifest,"Client error '403 ' for url 'https://openapiproext.bnf.fr/iiif/presentation/v3/ark:/12148/bd6t5870934/manifest.json'
For more information check: https://developer.mozilla.org/en-US/docs/Web/HTTP/Status/403",2026-07-17T21:55:17.389427
figaro1854,bd6t587094g,,failed,0,0,,http_manifest,known,403,manifest,"Client error '403 ' for url 'https://openapiproext.bnf.fr/iiif/presentation/v3/ark:/12148/bd6t587094g/manifest.json'
For more information check: https://developer.mozilla.org/en-US/docs/Web/HTTP/Status/403",2026-07-17T21:55:18.556011
figaro1854,bd6t587095t,,failed,0,0,,http_manifest,known,403,manifest,"Client error '403 ' for url 'https://openapiproext.bnf.fr/iiif/presentation/v3/ark:/12148/bd6t587095t/manifest.json'
For more information check: https://developer.mozilla.org/en-US/docs/Web/HTTP/Status/403",2026-07-17T21:55:19.697014
figaro1854,bd6t5870965,,failed,0,0,,http_manifest,known,403,manifest,"Client error '403 ' for url 'https://openapiproext.bnf.fr/iiif/presentation/v3/ark:/12148/bd6t5870965/manifest.json'
For more information check: https://developer.mozilla.org/en-US/docs/Web/HTTP/Status/403",2026-07-17T21:55:20.845896
figaro1854,bd6t587097h,,failed,0,0,,http_manifest,known,403,manifest,"Client error '403 ' for url 'https://openapiproext.bnf.fr/iiif/presentation/v3/ark:/12148/bd6t587097h/manifest.json'
For more information check: https://developer.mozilla.org/en-US/docs/Web/HTTP/Status/403",2026-07-17T21:55:22.058926
figaro1854,bd6t587098v,,failed,0,0,,http_manifest,known,403,manifest,"Client error '403 ' for url 'https://openapiproext.bnf.fr/iiif/presentation/v3/ark:/12148/bd6t587098v/manifest.json'
For more information check: https://developer.mozilla.org/en-US/docs/Web/HTTP/Status/403",2026-07-17T21:55:23.250444
figaro1854,bd6t5870996,,failed,0,0,,http_manifest,known,403,manifest,"Client error '403 ' for url 'https://openapiproext.bnf.fr/iiif/presentation/v3/ark:/12148/bd6t5870996/manifest.json'
For more information check: https://developer.mozilla.org/en-US/docs/Web/HTTP/Status/403",2026-07-17T21:55:24.450241
figaro1854,bd6t587100k,,failed,0,0,,http_manifest,known,403,manifest,"Client error '403 ' for url 'https://openapiproext.bnf.fr/iiif/presentation/v3/ark:/12148/bd6t587100k/manifest.json'
For more information check: https://developer.mozilla.org/en-US/docs/Web/HTTP/Status/403",2026-07-17T21:55:25.651772
figaro1854,bd6t587101x,,failed,0,0,,http_manifest,known,403,manifest,"Client error '403 ' for url 'https://openapiproext.bnf.fr/iiif/presentation/v3/ark:/12148/bd6t587101x/manifest.json'
For more information check: https://developer.mozilla.org/en-US/docs/Web/HTTP/Status/403",2026-07-17T21:55:26.874811
figaro1854,bd6t5871028,,failed,0,0,,http_manifest,known,403,manifest,"Client error '403 ' for url 'https://openapiproext.bnf.fr/iiif/presentation/v3/ark:/12148/bd6t5871028/manifest.json'
For more information check: https://developer.mozilla.org/en-US/docs/Web/HTTP/Status/403",2026-07-17T21:55:28.063918
figaro1854,bd6t587103m,,failed,0,0,,http_manifest,known,403,manifest,"Client error '403 ' for url 'https://openapiproext.bnf.fr/iiif/presentation/v3/ark:/12148/bd6t587103m/manifest.json'
For more information check: https://developer.mozilla.org/en-US/docs/Web/HTTP/Status/403",2026-07-17T21:55:29.264739
figaro1854,bd6t587104z,,failed,0,0,,http_manifest,known,403,manifest,"Client error '403 ' for url 'https://openapiproext.bnf.fr/iiif/presentation/v3/ark:/12148/bd6t587104z/manifest.json'
For more information check: https://developer.mozilla.org/en-US/docs/Web/HTTP/Status/403",2026-07-17T21:55:30.467279
figaro1854,bd6t5871059,,failed,0,0,,http_manifest,known,403,manifest,"Client error '403 ' for url 'https://openapiproext.bnf.fr/iiif/presentation/v3/ark:/12148/bd6t5871059/manifest.json'
For more information check: https://developer.mozilla.org/en-US/docs/Web/HTTP/Status/403",2026-07-17T21:55:31.887819
figaro1854,bd6t587106n,,failed,0,0,,http_manifest,known,403,manifest,"Client error '403 ' for url 'https://openapiproext.bnf.fr/iiif/presentation/v3/ark:/12148/bd6t587106n/manifest.json'
For more information check: https://developer.mozilla.org/en-US/docs/Web/HTTP/Status/403",2026-07-17T21:55:32.871506
figaro1854,bd6t5871070,,failed,0,0,,http_manifest,known,403,manifest,"Client error '403 ' for url 'https://openapiproext.bnf.fr/iiif/presentation/v3/ark:/12148/bd6t5871070/manifest.json'
For more information check: https://developer.mozilla.org/en-US/docs/Web/HTTP/Status/403",2026-07-17T21:55:34.065273
figaro1854,bd6t587108b,,failed,0,0,,http_manifest,known,403,manifest,"Client error '403 ' for url 'https://openapiproext.bnf.fr/iiif/presentation/v3/ark:/12148/bd6t587108b/manifest.json'
For more information check: https://developer.mozilla.org/en-US/docs/Web/HTTP/Status/403",2026-07-17T21:55:35.264970
figaro1854,bd6t586623c,,failed,0,0,,http_manifest,known,403,manifest,"Client error '403 ' for url 'https://openapiproext.bnf.fr/iiif/presentation/v3/ark:/12148/bd6t586623c/manifest.json'
For more information check: https://developer.mozilla.org/en-US/docs/Web/HTTP/Status/403",2026-07-17T21:55:36.466026
figaro1854,bd6t586624q,,failed,0,0,,http_manifest,known,403,manifest,"Client error '403 ' for url 'https://openapiproext.bnf.fr/iiif/presentation/v3/ark:/12148/bd6t586624q/manifest.json'
For more information check: https://developer.mozilla.org/en-US/docs/Web/HTTP/Status/403",2026-07-17T21:55:37.669962
figaro1854,bd6t5866252,,failed,0,0,,http_manifest,known,403,manifest,"Client error '403 ' for url 'https://openapiproext.bnf.fr/iiif/presentation/v3/ark:/12148/bd6t5866252/manifest.json'
For more information check: https://developer.mozilla.org/en-US/docs/Web/HTTP/Status/403",2026-07-17T21:55:38.868900
figaro1854,bd6t586626d,,failed,0,0,,http_manifest,known,403,manifest,"Client error '403 ' for url 'https://openapiproext.bnf.fr/iiif/presentation/v3/ark:/12148/bd6t586626d/manifest.json'
For more information check: https://developer.mozilla.org/en-US/docs/Web/HTTP/Status/403",2026-07-17T21:55:40.073919
figaro1854,bd6t586627r,,failed,0,0,,http_manifest,known,403,manifest,"Client error '403 ' for url 'https://openapiproext.bnf.fr/iiif/presentation/v3/ark:/12148/bd6t586627r/manifest.json'
For more information check: https://developer.mozilla.org/en-US/docs/Web/HTTP/Status/403",2026-07-17T21:55:41.272711
figaro1854,bd6t5866283,,failed,0,0,,http_manifest,known,403,manifest,"Client error '403 ' for url 'https://openapiproext.bnf.fr/iiif/presentation/v3/ark:/12148/bd6t5866283/manifest.json'
For more information check: https://developer.mozilla.org/en-US/docs/Web/HTTP/Status/403",2026-07-17T21:55:42.483021
figaro1854,bd6t586629f,,failed,0,0,,http_manifest,known,403,manifest,"Client error '403 ' for url 'https://openapiproext.bnf.fr/iiif/presentation/v3/ark:/12148/bd6t586629f/manifest.json'
For more information check: https://developer.mozilla.org/en-US/docs/Web/HTTP/Status/403",2026-07-17T21:55:43.695573
figaro1854,bd6t586630n,,failed,0,0,,http_manifest,known,403,manifest,"Client error '403 ' for url 'https://openapiproext.bnf.fr/iiif/presentation/v3/ark:/12148/bd6t586630n/manifest.json'
For more information check: https://developer.mozilla.org/en-US/docs/Web/HTTP/Status/403",2026-07-17T21:55:44.881582
figaro1854,bd6t5866310,,failed,0,0,,http_manifest,known,403,manifest,"Client error '403 ' for url 'https://openapiproext.bnf.fr/iiif/presentation/v3/ark:/12148/bd6t5866310/manifest.json'
For more information check: https://developer.mozilla.org/en-US/docs/Web/HTTP/Status/403",2026-07-17T21:55:46.082980
figaro1854,bd6t586632b,,failed,0,0,,http_manifest,known,403,manifest,"Client error '403 ' for url 'https://openapiproext.bnf.fr/iiif/presentation/v3/ark:/12148/bd6t586632b/manifest.json'
For more information check: https://developer.mozilla.org/en-US/docs/Web/HTTP/Status/403",2026-07-17T21:55:47.292261
figaro1854,bd6t586633p,,failed,0,0,,http_manifest,known,403,manifest,"Client error '403 ' for url 'https://openapiproext.bnf.fr/iiif/presentation/v3/ark:/12148/bd6t586633p/manifest.json'
For more information check: https://developer.mozilla.org/en-US/docs/Web/HTTP/Status/403",2026-07-17T21:55:48.487665
figaro1854,bd6t5866341,,failed,0,0,,http_manifest,known,403,manifest,"Client error '403 ' for url 'https://openapiproext.bnf.fr/iiif/presentation/v3/ark:/12148/bd6t5866341/manifest.json'
For more information check: https://developer.mozilla.org/en-US/docs/Web/HTTP/Status/403",2026-07-17T21:55:49.730841
figaro1854,bd6t586635c,,failed,0,0,,http_manifest,known,403,manifest,"Client error '403 ' for url 'https://openapiproext.bnf.fr/iiif/presentation/v3/ark:/12148/bd6t586635c/manifest.json'
For more information check: https://developer.mozilla.org/en-US/docs/Web/HTTP/Status/403",2026-07-17T21:55:50.906949
figaro1854,bd6t586636q,,failed,0,0,,http_manifest,known,403,manifest,"Client error '403 ' for url 'https://openapiproext.bnf.fr/iiif/presentation/v3/ark:/12148/bd6t586636q/manifest.json'
For more information check: https://developer.mozilla.org/en-US/docs/Web/HTTP/Status/403",2026-07-17T21:55:52.097610
figaro1854,bd6t5866372,,failed,0,0,,http_manifest,known,403,manifest,"Client error '403 ' for url 'https://openapiproext.bnf.fr/iiif/presentation/v3/ark:/12148/bd6t5866372/manifest.json'
For more information check: https://developer.mozilla.org/en-US/docs/Web/HTTP/Status/403",2026-07-17T21:55:53.299578
figaro1854,bd6t586638d,,failed,0,0,,http_manifest,known,403,manifest,"Client error '403 ' for url 'https://openapiproext.bnf.fr/iiif/presentation/v3/ark:/12148/bd6t586638d/manifest.json'
For more information check: https://developer.mozilla.org/en-US/docs/Web/HTTP/Status/403",2026-07-17T21:55:54.504836
figaro1854,bd6t586639r,,failed,0,0,,http_manifest,known,403,manifest,"Client error '403 ' for url 'https://openapiproext.bnf.fr/iiif/presentation/v3/ark:/12148/bd6t586639r/manifest.json'
For more information check: https://developer.mozilla.org/en-US/docs/Web/HTTP/Status/403",2026-07-17T21:55:55.725030
figaro1854,bd6t586640z,,failed,0,0,,http_manifest,known,403,manifest,"Client error '403 ' for url 'https://openapiproext.bnf.fr/iiif/presentation/v3/ark:/12148/bd6t586640z/manifest.json'
For more information check: https://developer.mozilla.org/en-US/docs/Web/HTTP/Status/403",2026-07-17T21:55:56.904379
figaro1854,bd6t5866419,,failed,0,0,,http_manifest,known,403,manifest,"Client error '403 ' for url 'https://openapiproext.bnf.fr/iiif/presentation/v3/ark:/12148/bd6t5866419/manifest.json'
For more information check: https://developer.mozilla.org/en-US/docs/Web/HTTP/Status/403",2026-07-17T21:55:58.105520
figaro1854,bd6t586642n,,failed,0,0,,http_manifest,known,403,manifest,"Client error '403 ' for url 'https://openapiproext.bnf.fr/iiif/presentation/v3/ark:/12148/bd6t586642n/manifest.json'
For more information check: https://developer.mozilla.org/en-US/docs/Web/HTTP/Status/403",2026-07-17T21:55:59.324733
figaro1854,bd6t5866430,,failed,0,0,,http_manifest,known,403,manifest,"Client error '403 ' for url 'https://openapiproext.bnf.fr/iiif/presentation/v3/ark:/12148/bd6t5866430/manifest.json'
For more information check: https://developer.mozilla.org/en-US/docs/Web/HTTP/Status/403",2026-07-17T21:56:00.511710
figaro1854,bd6t586644b,,failed,0,0,,http_manifest,known,403,manifest,"Client error '403 ' for url 'https://openapiproext.bnf.fr/iiif/presentation/v3/ark:/12148/bd6t586644b/manifest.json'
For more information check: https://developer.mozilla.org/en-US/docs/Web/HTTP/Status/403",2026-07-17T21:56:01.812001
figaro1854,bd6t586645p,,failed,0,0,,http_manifest,known,403,manifest,"Client error '403 ' for url 'https://openapiproext.bnf.fr/iiif/presentation/v3/ark:/12148/bd6t586645p/manifest.json'
For more information check: https://developer.mozilla.org/en-US/docs/Web/HTTP/Status/403",2026-07-17T21:56:02.926671
figaro1854,bd6t5866461,,failed,0,0,,http_manifest,known,403,manifest,"Client error '403 ' for url 'https://openapiproext.bnf.fr/iiif/presentation/v3/ark:/12148/bd6t5866461/manifest.json'
For more information check: https://developer.mozilla.org/en-US/docs/Web/HTTP/Status/403",2026-07-17T21:56:04.203606
figaro1854,bd6t586647c,,failed,0,0,,http_manifest,known,403,manifest,"Client error '403 ' for url 'https://openapiproext.bnf.fr/iiif/presentation/v3/ark:/12148/bd6t586647c/manifest.json'
For more information check: https://developer.mozilla.org/en-US/docs/Web/HTTP/Status/403",2026-07-17T21:56:05.485492
figaro1854,bd6t586648q,,failed,0,0,,http_manifest,known,403,manifest,"Client error '403 ' for url 'https://openapiproext.bnf.fr/iiif/presentation/v3/ark:/12148/bd6t586648q/manifest.json'
For more information check: https://developer.mozilla.org/en-US/docs/Web/HTTP/Status/403",2026-07-17T21:56:06.519504
figaro1854,bd6t5866492,,failed,0,0,,http_manifest,known,403,manifest,"Client error '403 ' for url 'https://openapiproext.bnf.fr/iiif/presentation/v3/ark:/12148/bd6t5866492/manifest.json'
For more information check: https://developer.mozilla.org/en-US/docs/Web/HTTP/Status/403",2026-07-17T21:56:07.720694
figaro1854,bd6t5866508,,failed,0,0,,http_manifest,known,403,manifest,"Client error '403 ' for url 'https://openapiproext.bnf.fr/iiif/presentation/v3/ark:/12148/bd6t5866508/manifest.json'
For more information check: https://developer.mozilla.org/en-US/docs/Web/HTTP/Status/403",2026-07-17T21:56:08.944110
figaro1854,bd6t586651m,,failed,0,0,,http_manifest,known,403,manifest,"Client error '403 ' for url 'https://openapiproext.bnf.fr/iiif/presentation/v3/ark:/12148/bd6t586651m/manifest.json'
For more information check: https://developer.mozilla.org/en-US/docs/Web/HTTP/Status/403",2026-07-17T21:56:10.173846
figaro1854,bd6t586652z,,failed,0,0,,http_manifest,known,403,manifest,"Client error '403 ' for url 'https://openapiproext.bnf.fr/iiif/presentation/v3/ark:/12148/bd6t586652z/manifest.json'
For more information check: https://developer.mozilla.org/en-US/docs/Web/HTTP/Status/403",2026-07-17T21:56:11.326665
figaro1854,bd6t5866539,,failed,0,0,,http_manifest,known,403,manifest,"Client error '403 ' for url 'https://openapiproext.bnf.fr/iiif/presentation/v3/ark:/12148/bd6t5866539/manifest.json'
For more information check: https://developer.mozilla.org/en-US/docs/Web/HTTP/Status/403",2026-07-17T21:56:12.597244
figaro1854,bd6t586654n,,failed,0,0,,http_manifest,known,403,manifest,"Client error '403 ' for url 'https://openapiproext.bnf.fr/iiif/presentation/v3/ark:/12148/bd6t586654n/manifest.json'
For more information check: https://developer.mozilla.org/en-US/docs/Web/HTTP/Status/403",2026-07-17T21:56:13.828314
figaro1854,bd6t5866550,,failed,0,0,,http_manifest,known,403,manifest,"Client error '403 ' for url 'https://openapiproext.bnf.fr/iiif/presentation/v3/ark:/12148/bd6t5866550/manifest.json'
For more information check: https://developer.mozilla.org/en-US/docs/Web/HTTP/Status/403",2026-07-17T21:56:15.110160
figaro1854,bd6t586656b,,failed,0,0,,http_manifest,known,403,manifest,"Client error '403 ' for url 'https://openapiproext.bnf.fr/iiif/presentation/v3/ark:/12148/bd6t586656b/manifest.json'
For more information check: https://developer.mozilla.org/en-US/docs/Web/HTTP/Status/403",2026-07-17T21:56:16.128279
figaro1854,bd6t586657p,,failed,0,0,,http_manifest,known,403,manifest,"Client error '403 ' for url 'https://openapiproext.bnf.fr/iiif/presentation/v3/ark:/12148/bd6t586657p/manifest.json'
For more information check: https://developer.mozilla.org/en-US/docs/Web/HTTP/Status/403",2026-07-17T21:56:17.568282
figaro1854,bd6t5866581,,failed,0,0,,http_manifest,known,403,manifest,"Client error '403 ' for url 'https://openapiproext.bnf.fr/iiif/presentation/v3/ark:/12148/bd6t5866581/manifest.json'
For more information check: https://developer.mozilla.org/en-US/docs/Web/HTTP/Status/403",2026-07-17T21:56:18.544534
figaro1854,bd6t586659c,,failed,0,0,,http_manifest,known,403,manifest,"Client error '403 ' for url 'https://openapiproext.bnf.fr/iiif/presentation/v3/ark:/12148/bd6t586659c/manifest.json'
For more information check: https://developer.mozilla.org/en-US/docs/Web/HTTP/Status/403",2026-07-17T21:56:19.854699
figaro1854,bd6t586660k,,failed,0,0,,http_manifest,known,403,manifest,"Client error '403 ' for url 'https://openapiproext.bnf.fr/iiif/presentation/v3/ark:/12148/bd6t586660k/manifest.json'
For more information check: https://developer.mozilla.org/en-US/docs/Web/HTTP/Status/403",2026-07-17T21:56:20.965036
figaro1854,bd6t586661x,,failed,0,0,,http_manifest,known,403,manifest,"Client error '403 ' for url 'https://openapiproext.bnf.fr/iiif/presentation/v3/ark:/12148/bd6t586661x/manifest.json'
For more information check: https://developer.mozilla.org/en-US/docs/Web/HTTP/Status/403",2026-07-17T21:56:22.137005
figaro1854,bd6t5866628,,failed,0,0,,http_manifest,known,403,manifest,"Client error '403 ' for url 'https://openapiproext.bnf.fr/iiif/presentation/v3/ark:/12148/bd6t5866628/manifest.json'
For more information check: https://developer.mozilla.org/en-US/docs/Web/HTTP/Status/403",2026-07-17T21:56:23.338982
figaro1854,bd6t586701b,,failed,0,0,,http_manifest,known,403,manifest,"Client error '403 ' for url 'https://openapiproext.bnf.fr/iiif/presentation/v3/ark:/12148/bd6t586701b/manifest.json'
For more information check: https://developer.mozilla.org/en-US/docs/Web/HTTP/Status/403",2026-07-17T21:56:24.540122
figaro1854,bd6t586702p,,failed,0,0,,http_manifest,known,403,manifest,"Client error '403 ' for url 'https://openapiproext.bnf.fr/iiif/presentation/v3/ark:/12148/bd6t586702p/manifest.json'
For more information check: https://developer.mozilla.org/en-US/docs/Web/HTTP/Status/403",2026-07-17T21:56:25.743336
figaro1854,bd6t5867031,,failed,0,0,,http_manifest,known,403,manifest,"Client error '403 ' for url 'https://openapiproext.bnf.fr/iiif/presentation/v3/ark:/12148/bd6t5867031/manifest.json'
For more information check: https://developer.mozilla.org/en-US/docs/Web/HTTP/Status/403",2026-07-17T21:56:26.945237
figaro1854,bd6t586704c,,failed,0,0,,http_manifest,known,403,manifest,"Client error '403 ' for url 'https://openapiproext.bnf.fr/iiif/presentation/v3/ark:/12148/bd6t586704c/manifest.json'
For more information check: https://developer.mozilla.org/en-US/docs/Web/HTTP/Status/403",2026-07-17T21:56:28.146656
figaro1854,bd6t586705q,,failed,0,0,,http_manifest,known,403,manifest,"Client error '403 ' for url 'https://openapiproext.bnf.fr/iiif/presentation/v3/ark:/12148/bd6t586705q/manifest.json'
For more information check: https://developer.mozilla.org/en-US/docs/Web/HTTP/Status/403",2026-07-17T21:56:29.347635
figaro1854,bd6t5867062,,failed,0,0,,http_manifest,known,403,manifest,"Client error '403 ' for url 'https://openapiproext.bnf.fr/iiif/presentation/v3/ark:/12148/bd6t5867062/manifest.json'
For more information check: https://developer.mozilla.org/en-US/docs/Web/HTTP/Status/403",2026-07-17T21:56:30.552099
figaro1854,bd6t586707d,,failed,0,0,,http_manifest,known,403,manifest,"Client error '403 ' for url 'https://openapiproext.bnf.fr/iiif/presentation/v3/ark:/12148/bd6t586707d/manifest.json'
For more information check: https://developer.mozilla.org/en-US/docs/Web/HTTP/Status/403",2026-07-17T21:56:31.750635
figaro1854,bd6t586708r,,failed,0,0,,http_manifest,known,403,manifest,"Client error '403 ' for url 'https://openapiproext.bnf.fr/iiif/presentation/v3/ark:/12148/bd6t586708r/manifest.json'
For more information check: https://developer.mozilla.org/en-US/docs/Web/HTTP/Status/403",2026-07-17T21:56:32.976376
figaro1854,bd6t5867093,,failed,0,0,,http_manifest,known,403,manifest,"Client error '403 ' for url 'https://openapiproext.bnf.fr/iiif/presentation/v3/ark:/12148/bd6t5867093/manifest.json'
For more information check: https://developer.mozilla.org/en-US/docs/Web/HTTP/Status/403",2026-07-17T21:56:34.154595
figaro1854,bd6t5867109,,failed,0,0,,http_manifest,known,403,manifest,"Client error '403 ' for url 'https://openapiproext.bnf.fr/iiif/presentation/v3/ark:/12148/bd6t5867109/manifest.json'
For more information check: https://developer.mozilla.org/en-US/docs/Web/HTTP/Status/403",2026-07-17T21:56:35.357721
figaro1854,bd6t586711n,,failed,0,0,,http_manifest,known,403,manifest,"Client error '403 ' for url 'https://openapiproext.bnf.fr/iiif/presentation/v3/ark:/12148/bd6t586711n/manifest.json'
For more information check: https://developer.mozilla.org/en-US/docs/Web/HTTP/Status/403",2026-07-17T21:56:36.558854
figaro1854,bd6t5867120,,failed,0,0,,http_manifest,known,403,manifest,"Client error '403 ' for url 'https://openapiproext.bnf.fr/iiif/presentation/v3/ark:/12148/bd6t5867120/manifest.json'
For more information check: https://developer.mozilla.org/en-US/docs/Web/HTTP/Status/403",2026-07-17T21:56:37.761036
figaro1854,bd6t586713b,,failed,0,0,,http_manifest,known,403,manifest,"Client error '403 ' for url 'https://openapiproext.bnf.fr/iiif/presentation/v3/ark:/12148/bd6t586713b/manifest.json'
For more information check: https://developer.mozilla.org/en-US/docs/Web/HTTP/Status/403",2026-07-17T21:56:38.986177
figaro1854,bd6t586714p,,failed,0,0,,http_manifest,known,403,manifest,"Client error '403 ' for url 'https://openapiproext.bnf.fr/iiif/presentation/v3/ark:/12148/bd6t586714p/manifest.json'
For more information check: https://developer.mozilla.org/en-US/docs/Web/HTTP/Status/403",2026-07-17T21:56:40.160367
figaro1854,bd6t5867151,,failed,0,0,,http_manifest,known,403,manifest,"Client error '403 ' for url 'https://openapiproext.bnf.fr/iiif/presentation/v3/ark:/12148/bd6t5867151/manifest.json'
For more information check: https://developer.mozilla.org/en-US/docs/Web/HTTP/Status/403",2026-07-17T21:56:41.364396
figaro1854,bd6t586716c,,failed,0,0,,http_manifest,known,403,manifest,"Client error '403 ' for url 'https://openapiproext.bnf.fr/iiif/presentation/v3/ark:/12148/bd6t586716c/manifest.json'
For more information check: https://developer.mozilla.org/en-US/docs/Web/HTTP/Status/403",2026-07-17T21:56:42.565836
figaro1854,bd6t586717q,,failed,0,0,,http_manifest,known,403,manifest,"Client error '403 ' for url 'https://openapiproext.bnf.fr/iiif/presentation/v3/ark:/12148/bd6t586717q/manifest.json'
For more information check: https://developer.mozilla.org/en-US/docs/Web/HTTP/Status/403",2026-07-17T21:56:43.768817
figaro1854,bd6t5867182,,failed,0,0,,http_manifest,known,403,manifest,"Client error '403 ' for url 'https://openapiproext.bnf.fr/iiif/presentation/v3/ark:/12148/bd6t5867182/manifest.json'
For more information check: https://developer.mozilla.org/en-US/docs/Web/HTTP/Status/403",2026-07-17T21:56:44.966772
figaro1854,bd6t586719d,,failed,0,0,,http_manifest,known,403,manifest,"Client error '403 ' for url 'https://openapiproext.bnf.fr/iiif/presentation/v3/ark:/12148/bd6t586719d/manifest.json'
For more information check: https://developer.mozilla.org/en-US/docs/Web/HTTP/Status/403",2026-07-17T21:56:46.169306
figaro1854,bd6t586720m,,failed,0,0,,http_manifest,known,403,manifest,"Client error '403 ' for url 'https://openapiproext.bnf.fr/iiif/presentation/v3/ark:/12148/bd6t586720m/manifest.json'
For more information check: https://developer.mozilla.org/en-US/docs/Web/HTTP/Status/403",2026-07-17T21:56:47.374445
figaro1854,bd6t586721z,,failed,0,0,,http_manifest,known,403,manifest,"Client error '403 ' for url 'https://openapiproext.bnf.fr/iiif/presentation/v3/ark:/12148/bd6t586721z/manifest.json'
For more information check: https://developer.mozilla.org/en-US/docs/Web/HTTP/Status/403",2026-07-17T21:56:48.579137
figaro1854,bd6t5867229,,failed,0,0,,http_manifest,known,403,manifest,"Client error '403 ' for url 'https://openapiproext.bnf.fr/iiif/presentation/v3/ark:/12148/bd6t5867229/manifest.json'
For more information check: https://developer.mozilla.org/en-US/docs/Web/HTTP/Status/403",2026-07-17T21:56:49.774101
figaro1854,bd6t586723n,,failed,0,0,,http_manifest,known,403,manifest,"Client error '403 ' for url 'https://openapiproext.bnf.fr/iiif/presentation/v3/ark:/12148/bd6t586723n/manifest.json'
For more information check: https://developer.mozilla.org/en-US/docs/Web/HTTP/Status/403",2026-07-17T21:56:50.998492
figaro1854,bd6t5867240,,failed,0,0,,http_manifest,known,403,manifest,"Client error '403 ' for url 'https://openapiproext.bnf.fr/iiif/presentation/v3/ark:/12148/bd6t5867240/manifest.json'
For more information check: https://developer.mozilla.org/en-US/docs/Web/HTTP/Status/403",2026-07-17T21:56:52.182560
figaro1854,bd6t586725b,,failed,0,0,,http_manifest,known,403,manifest,"Client error '403 ' for url 'https://openapiproext.bnf.fr/iiif/presentation/v3/ark:/12148/bd6t586725b/manifest.json'
For more information check: https://developer.mozilla.org/en-US/docs/Web/HTTP/Status/403",2026-07-17T21:56:53.377652
figaro1854,bd6t586726p,,failed,0,0,,http_manifest,known,403,manifest,"Client error '403 ' for url 'https://openapiproext.bnf.fr/iiif/presentation/v3/ark:/12148/bd6t586726p/manifest.json'
For more information check: https://developer.mozilla.org/en-US/docs/Web/HTTP/Status/403",2026-07-17T21:56:54.581695
figaro1854,bd6t5867271,,failed,0,0,,http_manifest,known,403,manifest,"Client error '403 ' for url 'https://openapiproext.bnf.fr/iiif/presentation/v3/ark:/12148/bd6t5867271/manifest.json'
For more information check: https://developer.mozilla.org/en-US/docs/Web/HTTP/Status/403",2026-07-17T21:56:55.790017
figaro1854,bd6t586728c,,failed,0,0,,http_manifest,known,403,manifest,"Client error '403 ' for url 'https://openapiproext.bnf.fr/iiif/presentation/v3/ark:/12148/bd6t586728c/manifest.json'
For more information check: https://developer.mozilla.org/en-US/docs/Web/HTTP/Status/403",2026-07-17T21:56:56.982078
figaro1854,bd6t586729q,,failed,0,0,,http_manifest,known,403,manifest,"Client error '403 ' for url 'https://openapiproext.bnf.fr/iiif/presentation/v3/ark:/12148/bd6t586729q/manifest.json'
For more information check: https://developer.mozilla.org/en-US/docs/Web/HTTP/Status/403",2026-07-17T21:56:58.408888
figaro1854,bd6t586730x,,failed,0,0,,http_manifest,known,403,manifest,"Client error '403 ' for url 'https://openapiproext.bnf.fr/iiif/presentation/v3/ark:/12148/bd6t586730x/manifest.json'
For more information check: https://developer.mozilla.org/en-US/docs/Web/HTTP/Status/403",2026-07-17T21:56:59.412310
figaro1854,bd6t5867318,,failed,0,0,,http_manifest,known,403,manifest,"Client error '403 ' for url 'https://openapiproext.bnf.fr/iiif/presentation/v3/ark:/12148/bd6t5867318/manifest.json'
For more information check: https://developer.mozilla.org/en-US/docs/Web/HTTP/Status/403",2026-07-17T21:57:00.588262
figaro1854,bd6t586732m,,failed,0,0,,http_manifest,known,403,manifest,"Client error '403 ' for url 'https://openapiproext.bnf.fr/iiif/presentation/v3/ark:/12148/bd6t586732m/manifest.json'
For more information check: https://developer.mozilla.org/en-US/docs/Web/HTTP/Status/403",2026-07-17T21:57:02.012606
figaro1854,bd6t586733z,,failed,0,0,,http_manifest,known,403,manifest,"Client error '403 ' for url 'https://openapiproext.bnf.fr/iiif/presentation/v3/ark:/12148/bd6t586733z/manifest.json'
For more information check: https://developer.mozilla.org/en-US/docs/Web/HTTP/Status/403",2026-07-17T21:57:02.992546
figaro1854,bd6t5867349,,failed,0,0,,http_manifest,known,403,manifest,"Client error '403 ' for url 'https://openapiproext.bnf.fr/iiif/presentation/v3/ark:/12148/bd6t5867349/manifest.json'
For more information check: https://developer.mozilla.org/en-US/docs/Web/HTTP/Status/403",2026-07-17T21:57:04.194859
figaro1854,bd6t586735n,,failed,0,0,,http_manifest,known,403,manifest,"Client error '403 ' for url 'https://openapiproext.bnf.fr/iiif/presentation/v3/ark:/12148/bd6t586735n/manifest.json'
For more information check: https://developer.mozilla.org/en-US/docs/Web/HTTP/Status/403",2026-07-17T21:57:05.398159
figaro1854,bd6t5867360,,failed,0,0,,http_manifest,known,403,manifest,"Client error '403 ' for url 'https://openapiproext.bnf.fr/iiif/presentation/v3/ark:/12148/bd6t5867360/manifest.json'
For more information check: https://developer.mozilla.org/en-US/docs/Web/HTTP/Status/403",2026-07-17T21:57:06.595822
figaro1854,bd6t586737b,,failed,0,0,,http_manifest,known,403,manifest,"Client error '403 ' for url 'https://openapiproext.bnf.fr/iiif/presentation/v3/ark:/12148/bd6t586737b/manifest.json'
For more information check: https://developer.mozilla.org/en-US/docs/Web/HTTP/Status/403",2026-07-17T21:57:07.820591
figaro1854,bd6t586738p,,failed,0,0,,http_manifest,known,403,manifest,"Client error '403 ' for url 'https://openapiproext.bnf.fr/iiif/presentation/v3/ark:/12148/bd6t586738p/manifest.json'
For more information check: https://developer.mozilla.org/en-US/docs/Web/HTTP/Status/403",2026-07-17T21:57:09.188390
figaro1854,bd6t5867391,,failed,0,0,,http_manifest,known,403,manifest,"Client error '403 ' for url 'https://openapiproext.bnf.fr/iiif/presentation/v3/ark:/12148/bd6t5867391/manifest.json'
For more information check: https://developer.mozilla.org/en-US/docs/Web/HTTP/Status/403",2026-07-17T21:57:10.424120
figaro1854,bd6t585898k,,failed,0,0,,http_manifest,known,403,manifest,"Client error '403 ' for url 'https://openapiproext.bnf.fr/iiif/presentation/v3/ark:/12148/bd6t585898k/manifest.json'
For more information check: https://developer.mozilla.org/en-US/docs/Web/HTTP/Status/403",2026-07-17T21:57:11.407700
figaro1854,bd6t585899x,,failed,0,0,,http_manifest,known,403,manifest,"Client error '403 ' for url 'https://openapiproext.bnf.fr/iiif/presentation/v3/ark:/12148/bd6t585899x/manifest.json'
For more information check: https://developer.mozilla.org/en-US/docs/Web/HTTP/Status/403",2026-07-17T21:57:12.612895
figaro1854,bd6t5859009,,failed,0,0,,http_manifest,known,403,manifest,"Client error '403 ' for url 'https://openapiproext.bnf.fr/iiif/presentation/v3/ark:/12148/bd6t5859009/manifest.json'
For more information check: https://developer.mozilla.org/en-US/docs/Web/HTTP/Status/403",2026-07-17T21:57:14.021241
figaro1854,bd6t585901n,,failed,0,0,,http_manifest,known,403,manifest,"Client error '403 ' for url 'https://openapiproext.bnf.fr/iiif/presentation/v3/ark:/12148/bd6t585901n/manifest.json'
For more information check: https://developer.mozilla.org/en-US/docs/Web/HTTP/Status/403",2026-07-17T21:57:15.008951
figaro1854,bd6t5859020,,failed,0,0,,http_manifest,known,403,manifest,"Client error '403 ' for url 'https://openapiproext.bnf.fr/iiif/presentation/v3/ark:/12148/bd6t5859020/manifest.json'
For more information check: https://developer.mozilla.org/en-US/docs/Web/HTTP/Status/403",2026-07-17T21:57:16.438246
figaro1854,bd6t585903b,,failed,0,0,,http_manifest,known,403,manifest,"Client error '403 ' for url 'https://openapiproext.bnf.fr/iiif/presentation/v3/ark:/12148/bd6t585903b/manifest.json'
For more information check: https://developer.mozilla.org/en-US/docs/Web/HTTP/Status/403",2026-07-17T21:57:17.594666
figaro1854,bd6t585904p,,failed,0,0,,http_manifest,known,403,manifest,"Client error '403 ' for url 'https://openapiproext.bnf.fr/iiif/presentation/v3/ark:/12148/bd6t585904p/manifest.json'
For more information check: https://developer.mozilla.org/en-US/docs/Web/HTTP/Status/403",2026-07-17T21:57:18.614265
figaro1854,bd6t5859051,,failed,0,0,,http_manifest,known,403,manifest,"Client error '403 ' for url 'https://openapiproext.bnf.fr/iiif/presentation/v3/ark:/12148/bd6t5859051/manifest.json'
For more information check: https://developer.mozilla.org/en-US/docs/Web/HTTP/Status/403",2026-07-17T21:57:19.850552
figaro1854,bd6t585906c,,failed,0,0,,http_manifest,known,403,manifest,"Client error '403 ' for url 'https://openapiproext.bnf.fr/iiif/presentation/v3/ark:/12148/bd6t585906c/manifest.json'
For more information check: https://developer.mozilla.org/en-US/docs/Web/HTTP/Status/403",2026-07-17T21:57:21.015832
figaro1854,bd6t585907q,,failed,0,0,,http_manifest,known,403,manifest,"Client error '403 ' for url 'https://openapiproext.bnf.fr/iiif/presentation/v3/ark:/12148/bd6t585907q/manifest.json'
For more information check: https://developer.mozilla.org/en-US/docs/Web/HTTP/Status/403",2026-07-17T21:57:22.213572
figaro1854,bd6t5859082,,failed,0,0,,http_manifest,known,403,manifest,"Client error '403 ' for url 'https://openapiproext.bnf.fr/iiif/presentation/v3/ark:/12148/bd6t5859082/manifest.json'
For more information check: https://developer.mozilla.org/en-US/docs/Web/HTTP/Status/403",2026-07-17T21:57:23.416867
figaro1854,bd6t585909d,,failed,0,0,,http_manifest,known,403,manifest,"Client error '403 ' for url 'https://openapiproext.bnf.fr/iiif/presentation/v3/ark:/12148/bd6t585909d/manifest.json'
For more information check: https://developer.mozilla.org/en-US/docs/Web/HTTP/Status/403",2026-07-17T21:57:24.616074
figaro1854,bd6t585910m,,failed,0,0,,http_manifest,known,403,manifest,"Client error '403 ' for url 'https://openapiproext.bnf.fr/iiif/presentation/v3/ark:/12148/bd6t585910m/manifest.json'
For more information check: https://developer.mozilla.org/en-US/docs/Web/HTTP/Status/403",2026-07-17T21:57:25.820926
figaro1854,bd6t585911z,,failed,0,0,,http_manifest,known,403,manifest,"Client error '403 ' for url 'https://openapiproext.bnf.fr/iiif/presentation/v3/ark:/12148/bd6t585911z/manifest.json'
For more information check: https://developer.mozilla.org/en-US/docs/Web/HTTP/Status/403",2026-07-17T21:57:27.022132
figaro1854,bd6t5859129,,failed,0,0,,http_manifest,known,403,manifest,"Client error '403 ' for url 'https://openapiproext.bnf.fr/iiif/presentation/v3/ark:/12148/bd6t5859129/manifest.json'
For more information check: https://developer.mozilla.org/en-US/docs/Web/HTTP/Status/403",2026-07-17T21:57:28.227677
figaro1854,bd6t585913n,,failed,0,0,,http_manifest,known,403,manifest,"Client error '403 ' for url 'https://openapiproext.bnf.fr/iiif/presentation/v3/ark:/12148/bd6t585913n/manifest.json'
For more information check: https://developer.mozilla.org/en-US/docs/Web/HTTP/Status/403",2026-07-17T21:57:29.427724
figaro1854,bd6t5859140,,failed,0,0,,http_manifest,known,403,manifest,"Client error '403 ' for url 'https://openapiproext.bnf.fr/iiif/presentation/v3/ark:/12148/bd6t5859140/manifest.json'
For more information check: https://developer.mozilla.org/en-US/docs/Web/HTTP/Status/403",2026-07-17T21:57:30.625856
figaro1854,bd6t585915b,,failed,0,0,,http_manifest,known,403,manifest,"Client error '403 ' for url 'https://openapiproext.bnf.fr/iiif/presentation/v3/ark:/12148/bd6t585915b/manifest.json'
For more information check: https://developer.mozilla.org/en-US/docs/Web/HTTP/Status/403",2026-07-17T21:57:31.848592
figaro1854,bd6t585916p,,failed,0,0,,http_manifest,known,403,manifest,"Client error '403 ' for url 'https://openapiproext.bnf.fr/iiif/presentation/v3/ark:/12148/bd6t585916p/manifest.json'
For more information check: https://developer.mozilla.org/en-US/docs/Web/HTTP/Status/403",2026-07-17T21:57:33.031614
figaro1854,bd6t5859171,,failed,0,0,,http_manifest,known,403,manifest,"Client error '403 ' for url 'https://openapiproext.bnf.fr/iiif/presentation/v3/ark:/12148/bd6t5859171/manifest.json'
For more information check: https://developer.mozilla.org/en-US/docs/Web/HTTP/Status/403",2026-07-17T21:57:34.230639
figaro1854,bd6t585918c,,failed,0,0,,http_manifest,known,403,manifest,"Client error '403 ' for url 'https://openapiproext.bnf.fr/iiif/presentation/v3/ark:/12148/bd6t585918c/manifest.json'
For more information check: https://developer.mozilla.org/en-US/docs/Web/HTTP/Status/403",2026-07-17T21:57:35.435605
figaro1854,bd6t585919q,,failed,0,0,,http_manifest,known,403,manifest,"Client error '403 ' for url 'https://openapiproext.bnf.fr/iiif/presentation/v3/ark:/12148/bd6t585919q/manifest.json'
For more information check: https://developer.mozilla.org/en-US/docs/Web/HTTP/Status/403",2026-07-17T21:57:36.642842
figaro1854,bd6t585920x,,failed,0,0,,http_manifest,known,403,manifest,"Client error '403 ' for url 'https://openapiproext.bnf.fr/iiif/presentation/v3/ark:/12148/bd6t585920x/manifest.json'
For more information check: https://developer.mozilla.org/en-US/docs/Web/HTTP/Status/403",2026-07-17T21:57:37.862155
figaro1854,bd6t5859218,,failed,0,0,,http_manifest,known,403,manifest,"Client error '403 ' for url 'https://openapiproext.bnf.fr/iiif/presentation/v3/ark:/12148/bd6t5859218/manifest.json'
For more information check: https://developer.mozilla.org/en-US/docs/Web/HTTP/Status/403",2026-07-17T21:57:39.038124
figaro1854,bd6t585922m,,failed,0,0,,http_manifest,known,403,manifest,"Client error '403 ' for url 'https://openapiproext.bnf.fr/iiif/presentation/v3/ark:/12148/bd6t585922m/manifest.json'
For more information check: https://developer.mozilla.org/en-US/docs/Web/HTTP/Status/403",2026-07-17T21:57:40.257516
figaro1854,bd6t585923z,,failed,0,0,,http_manifest,known,403,manifest,"Client error '403 ' for url 'https://openapiproext.bnf.fr/iiif/presentation/v3/ark:/12148/bd6t585923z/manifest.json'
For more information check: https://developer.mozilla.org/en-US/docs/Web/HTTP/Status/403",2026-07-17T21:57:41.459526
figaro1854,bd6t5859249,,failed,0,0,,http_manifest,known,403,manifest,"Client error '403 ' for url 'https://openapiproext.bnf.fr/iiif/presentation/v3/ark:/12148/bd6t5859249/manifest.json'
For more information check: https://developer.mozilla.org/en-US/docs/Web/HTTP/Status/403",2026-07-17T21:57:42.646947
figaro1854,bd6t585925n,,failed,0,0,,http_manifest,known,403,manifest,"Client error '403 ' for url 'https://openapiproext.bnf.fr/iiif/presentation/v3/ark:/12148/bd6t585925n/manifest.json'
For more information check: https://developer.mozilla.org/en-US/docs/Web/HTTP/Status/403",2026-07-17T21:57:43.848739
figaro1854,bd6t5859260,,failed,0,0,,http_manifest,known,403,manifest,"Client error '403 ' for url 'https://openapiproext.bnf.fr/iiif/presentation/v3/ark:/12148/bd6t5859260/manifest.json'
For more information check: https://developer.mozilla.org/en-US/docs/Web/HTTP/Status/403",2026-07-17T21:57:45.046826
figaro1854,bd6t585927b,,failed,0,0,,http_manifest,known,403,manifest,"Client error '403 ' for url 'https://openapiproext.bnf.fr/iiif/presentation/v3/ark:/12148/bd6t585927b/manifest.json'
For more information check: https://developer.mozilla.org/en-US/docs/Web/HTTP/Status/403",2026-07-17T21:57:46.249014
figaro1854,bd6t585928p,,failed,0,0,,http_manifest,known,403,manifest,"Client error '403 ' for url 'https://openapiproext.bnf.fr/iiif/presentation/v3/ark:/12148/bd6t585928p/manifest.json'
For more information check: https://developer.mozilla.org/en-US/docs/Web/HTTP/Status/403",2026-07-17T21:57:47.451394
figaro1854,bd6t5859291,,failed,0,0,,http_manifest,known,403,manifest,"Client error '403 ' for url 'https://openapiproext.bnf.fr/iiif/presentation/v3/ark:/12148/bd6t5859291/manifest.json'
For more information check: https://developer.mozilla.org/en-US/docs/Web/HTTP/Status/403",2026-07-17T21:57:48.654465
figaro1854,bd6t5859307,,failed,0,0,,http_manifest,known,403,manifest,"Client error '403 ' for url 'https://openapiproext.bnf.fr/iiif/presentation/v3/ark:/12148/bd6t5859307/manifest.json'
For more information check: https://developer.mozilla.org/en-US/docs/Web/HTTP/Status/403",2026-07-17T21:57:49.876961
figaro1854,bd6t585931k,,failed,0,0,,http_manifest,known,403,manifest,"Client error '403 ' for url 'https://openapiproext.bnf.fr/iiif/presentation/v3/ark:/12148/bd6t585931k/manifest.json'
For more information check: https://developer.mozilla.org/en-US/docs/Web/HTTP/Status/403",2026-07-17T21:57:51.064710
figaro1854,bd6t585932x,,failed,0,0,,http_manifest,known,403,manifest,"Client error '403 ' for url 'https://openapiproext.bnf.fr/iiif/presentation/v3/ark:/12148/bd6t585932x/manifest.json'
For more information check: https://developer.mozilla.org/en-US/docs/Web/HTTP/Status/403",2026-07-17T21:57:52.258335
figaro1854,bd6t5859338,,failed,0,0,,http_manifest,known,403,manifest,"Client error '403 ' for url 'https://openapiproext.bnf.fr/iiif/presentation/v3/ark:/12148/bd6t5859338/manifest.json'
For more information check: https://developer.mozilla.org/en-US/docs/Web/HTTP/Status/403",2026-07-17T21:57:53.462232
figaro1854,bd6t585934m,,failed,0,0,,http_manifest,known,403,manifest,"Client error '403 ' for url 'https://openapiproext.bnf.fr/iiif/presentation/v3/ark:/12148/bd6t585934m/manifest.json'
For more information check: https://developer.mozilla.org/en-US/docs/Web/HTTP/Status/403",2026-07-17T21:57:54.664525
figaro1854,bd6t585935z,,failed,0,0,,http_manifest,known,403,manifest,"Client error '403 ' for url 'https://openapiproext.bnf.fr/iiif/presentation/v3/ark:/12148/bd6t585935z/manifest.json'
For more information check: https://developer.mozilla.org/en-US/docs/Web/HTTP/Status/403",2026-07-17T21:57:55.867675
figaro1854,bd6t585745q,,failed,0,0,,http_manifest,known,403,manifest,"Client error '403 ' for url 'https://openapiproext.bnf.fr/iiif/presentation/v3/ark:/12148/bd6t585745q/manifest.json'
For more information check: https://developer.mozilla.org/en-US/docs/Web/HTTP/Status/403",2026-07-17T21:57:57.068168
figaro1854,bd6t5857462,,failed,0,0,,http_manifest,known,403,manifest,"Client error '403 ' for url 'https://openapiproext.bnf.fr/iiif/presentation/v3/ark:/12148/bd6t5857462/manifest.json'
For more information check: https://developer.mozilla.org/en-US/docs/Web/HTTP/Status/403",2026-07-17T21:57:58.440205
figaro1854,bd6t585747d,,failed,0,0,,http_manifest,known,403,manifest,"Client error '403 ' for url 'https://openapiproext.bnf.fr/iiif/presentation/v3/ark:/12148/bd6t585747d/manifest.json'
For more information check: https://developer.mozilla.org/en-US/docs/Web/HTTP/Status/403",2026-07-17T21:57:59.597030
figaro1854,bd6t585748r,,failed,0,0,,http_manifest,known,403,manifest,"Client error '403 ' for url 'https://openapiproext.bnf.fr/iiif/presentation/v3/ark:/12148/bd6t585748r/manifest.json'
For more information check: https://developer.mozilla.org/en-US/docs/Web/HTTP/Status/403",2026-07-17T21:58:00.686319
figaro1854,bd6t5857493,,failed,0,0,,http_manifest,known,403,manifest,"Client error '403 ' for url 'https://openapiproext.bnf.fr/iiif/presentation/v3/ark:/12148/bd6t5857493/manifest.json'
For more information check: https://developer.mozilla.org/en-US/docs/Web/HTTP/Status/403",2026-07-17T21:58:01.904639
figaro1854,bd6t5857509,,failed,0,0,,http_manifest,known,403,manifest,"Client error '403 ' for url 'https://openapiproext.bnf.fr/iiif/presentation/v3/ark:/12148/bd6t5857509/manifest.json'
For more information check: https://developer.mozilla.org/en-US/docs/Web/HTTP/Status/403",2026-07-17T21:58:03.125232
figaro1854,bd6t585751n,,failed,0,0,,http_manifest,known,403,manifest,"Client error '403 ' for url 'https://openapiproext.bnf.fr/iiif/presentation/v3/ark:/12148/bd6t585751n/manifest.json'
For more information check: https://developer.mozilla.org/en-US/docs/Web/HTTP/Status/403",2026-07-17T21:58:04.496856
figaro1854,bd6t5857520,,failed,0,0,,http_manifest,known,403,manifest,"Client error '403 ' for url 'https://openapiproext.bnf.fr/iiif/presentation/v3/ark:/12148/bd6t5857520/manifest.json'
For more information check: https://developer.mozilla.org/en-US/docs/Web/HTTP/Status/403",2026-07-17T21:58:05.604308
figaro1854,bd6t585753b,,failed,0,0,,http_manifest,known,403,manifest,"Client error '403 ' for url 'https://openapiproext.bnf.fr/iiif/presentation/v3/ark:/12148/bd6t585753b/manifest.json'
For more information check: https://developer.mozilla.org/en-US/docs/Web/HTTP/Status/403",2026-07-17T21:58:06.845719
figaro1854,bd6t585754p,,failed,0,0,,http_manifest,known,403,manifest,"Client error '403 ' for url 'https://openapiproext.bnf.fr/iiif/presentation/v3/ark:/12148/bd6t585754p/manifest.json'
For more information check: https://developer.mozilla.org/en-US/docs/Web/HTTP/Status/403",2026-07-17T21:58:07.881958
figaro1854,bd6t5857551,,failed,0,0,,http_manifest,known,403,manifest,"Client error '403 ' for url 'https://openapiproext.bnf.fr/iiif/presentation/v3/ark:/12148/bd6t5857551/manifest.json'
For more information check: https://developer.mozilla.org/en-US/docs/Web/HTTP/Status/403",2026-07-17T21:58:09.083986
figaro1854,bd6t585756c,,failed,0,0,,http_manifest,known,403,manifest,"Client error '403 ' for url 'https://openapiproext.bnf.fr/iiif/presentation/v3/ark:/12148/bd6t585756c/manifest.json'
For more information check: https://developer.mozilla.org/en-US/docs/Web/HTTP/Status/403",2026-07-17T21:58:10.528580
figaro1854,bd6t585757q,,failed,0,0,,http_manifest,known,403,manifest,"Client error '403 ' for url 'https://openapiproext.bnf.fr/iiif/presentation/v3/ark:/12148/bd6t585757q/manifest.json'
For more information check: https://developer.mozilla.org/en-US/docs/Web/HTTP/Status/403",2026-07-17T21:58:11.485748
figaro1854,bd6t5857582,,failed,0,0,,http_manifest,known,403,manifest,"Client error '403 ' for url 'https://openapiproext.bnf.fr/iiif/presentation/v3/ark:/12148/bd6t5857582/manifest.json'
For more information check: https://developer.mozilla.org/en-US/docs/Web/HTTP/Status/403",2026-07-17T21:58:12.688661
figaro1854,bd6t585759d,,failed,0,0,,http_manifest,known,403,manifest,"Client error '403 ' for url 'https://openapiproext.bnf.fr/iiif/presentation/v3/ark:/12148/bd6t585759d/manifest.json'
For more information check: https://developer.mozilla.org/en-US/docs/Web/HTTP/Status/403",2026-07-17T21:58:13.887067
figaro1854,bd6t585760m,,failed,0,0,,http_manifest,known,403,manifest,"Client error '403 ' for url 'https://openapiproext.bnf.fr/iiif/presentation/v3/ark:/12148/bd6t585760m/manifest.json'
For more information check: https://developer.mozilla.org/en-US/docs/Web/HTTP/Status/403",2026-07-17T21:58:15.091437
figaro1854,bd6t585761z,,failed,0,0,,http_manifest,known,403,manifest,"Client error '403 ' for url 'https://openapiproext.bnf.fr/iiif/presentation/v3/ark:/12148/bd6t585761z/manifest.json'
For more information check: https://developer.mozilla.org/en-US/docs/Web/HTTP/Status/403",2026-07-17T21:58:16.315489
figaro1854,bd6t5857629,,failed,0,0,,http_manifest,known,403,manifest,"Client error '403 ' for url 'https://openapiproext.bnf.fr/iiif/presentation/v3/ark:/12148/bd6t5857629/manifest.json'
For more information check: https://developer.mozilla.org/en-US/docs/Web/HTTP/Status/403",2026-07-17T21:58:17.491299
figaro1854,bd6t585763n,,failed,0,0,,http_manifest,known,403,manifest,"Client error '403 ' for url 'https://openapiproext.bnf.fr/iiif/presentation/v3/ark:/12148/bd6t585763n/manifest.json'
For more information check: https://developer.mozilla.org/en-US/docs/Web/HTTP/Status/403",2026-07-17T21:58:18.700938
figaro1854,bd6t5857640,,failed,0,0,,http_manifest,known,403,manifest,"Client error '403 ' for url 'https://openapiproext.bnf.fr/iiif/presentation/v3/ark:/12148/bd6t5857640/manifest.json'
For more information check: https://developer.mozilla.org/en-US/docs/Web/HTTP/Status/403",2026-07-17T21:58:19.898031
figaro1854,bd6t585765b,,failed,0,0,,http_manifest,known,403,manifest,"Client error '403 ' for url 'https://openapiproext.bnf.fr/iiif/presentation/v3/ark:/12148/bd6t585765b/manifest.json'
For more information check: https://developer.mozilla.org/en-US/docs/Web/HTTP/Status/403",2026-07-17T21:58:21.099101
figaro1854,bd6t585766p,,failed,0,0,,http_manifest,known,403,manifest,"Client error '403 ' for url 'https://openapiproext.bnf.fr/iiif/presentation/v3/ark:/12148/bd6t585766p/manifest.json'
For more information check: https://developer.mozilla.org/en-US/docs/Web/HTTP/Status/403",2026-07-17T21:58:22.299756
figaro1854,bd6t5857671,,failed,0,0,,http_manifest,known,403,manifest,"Client error '403 ' for url 'https://openapiproext.bnf.fr/iiif/presentation/v3/ark:/12148/bd6t5857671/manifest.json'
For more information check: https://developer.mozilla.org/en-US/docs/Web/HTTP/Status/403",2026-07-17T21:58:23.791287
figaro1854,bd6t585768c,,failed,0,0,,http_manifest,known,403,manifest,"Client error '403 ' for url 'https://openapiproext.bnf.fr/iiif/presentation/v3/ark:/12148/bd6t585768c/manifest.json'
For more information check: https://developer.mozilla.org/en-US/docs/Web/HTTP/Status/403",2026-07-17T21:58:24.703036
figaro1854,bd6t585769q,,failed,0,0,,http_manifest,known,403,manifest,"Client error '403 ' for url 'https://openapiproext.bnf.fr/iiif/presentation/v3/ark:/12148/bd6t585769q/manifest.json'
For more information check: https://developer.mozilla.org/en-US/docs/Web/HTTP/Status/403",2026-07-17T21:58:25.906574
figaro1854,bd6t585770x,,failed,0,0,,http_manifest,known,403,manifest,"Client error '403 ' for url 'https://openapiproext.bnf.fr/iiif/presentation/v3/ark:/12148/bd6t585770x/manifest.json'
For more information check: https://developer.mozilla.org/en-US/docs/Web/HTTP/Status/403",2026-07-17T21:58:27.110091
figaro1854,bd6t5857718,,failed,0,0,,http_manifest,known,403,manifest,"Client error '403 ' for url 'https://openapiproext.bnf.fr/iiif/presentation/v3/ark:/12148/bd6t5857718/manifest.json'
For more information check: https://developer.mozilla.org/en-US/docs/Web/HTTP/Status/403",2026-07-17T21:58:28.333922
figaro1854,bd6t585772m,,failed,0,0,,http_manifest,known,403,manifest,"Client error '403 ' for url 'https://openapiproext.bnf.fr/iiif/presentation/v3/ark:/12148/bd6t585772m/manifest.json'
For more information check: https://developer.mozilla.org/en-US/docs/Web/HTTP/Status/403",2026-07-17T21:58:29.507975
figaro1854,bd6t585773z,,failed,0,0,,http_manifest,known,403,manifest,"Client error '403 ' for url 'https://openapiproext.bnf.fr/iiif/presentation/v3/ark:/12148/bd6t585773z/manifest.json'
For more information check: https://developer.mozilla.org/en-US/docs/Web/HTTP/Status/403",2026-07-17T21:58:30.714752
figaro1854,bd6t5857749,,failed,0,0,,http_manifest,known,403,manifest,"Client error '403 ' for url 'https://openapiproext.bnf.fr/iiif/presentation/v3/ark:/12148/bd6t5857749/manifest.json'
For more information check: https://developer.mozilla.org/en-US/docs/Web/HTTP/Status/403",2026-07-17T21:58:31.911270
figaro1854,bd6t585775n,,failed,0,0,,http_manifest,known,403,manifest,"Client error '403 ' for url 'https://openapiproext.bnf.fr/iiif/presentation/v3/ark:/12148/bd6t585775n/manifest.json'
For more information check: https://developer.mozilla.org/en-US/docs/Web/HTTP/Status/403",2026-07-17T21:58:33.113697
figaro1854,bd6t5857760,,failed,0,0,,http_manifest,known,403,manifest,"Client error '403 ' for url 'https://openapiproext.bnf.fr/iiif/presentation/v3/ark:/12148/bd6t5857760/manifest.json'
For more information check: https://developer.mozilla.org/en-US/docs/Web/HTTP/Status/403",2026-07-17T21:58:34.315958
figaro1854,bd6t585777b,,failed,0,0,,http_manifest,known,403,manifest,"Client error '403 ' for url 'https://openapiproext.bnf.fr/iiif/presentation/v3/ark:/12148/bd6t585777b/manifest.json'
For more information check: https://developer.mozilla.org/en-US/docs/Web/HTTP/Status/403",2026-07-17T21:58:35.517122
figaro1854,bd6t585778p,,failed,0,0,,http_manifest,known,403,manifest,"Client error '403 ' for url 'https://openapiproext.bnf.fr/iiif/presentation/v3/ark:/12148/bd6t585778p/manifest.json'
For more information check: https://developer.mozilla.org/en-US/docs/Web/HTTP/Status/403",2026-07-17T21:58:36.717540
figaro1854,bd6t5857791,,failed,0,0,,http_manifest,known,403,manifest,"Client error '403 ' for url 'https://openapiproext.bnf.fr/iiif/presentation/v3/ark:/12148/bd6t5857791/manifest.json'
For more information check: https://developer.mozilla.org/en-US/docs/Web/HTTP/Status/403",2026-07-17T21:58:37.928277
figaro1854,bd6t5857807,,failed,0,0,,http_manifest,known,403,manifest,"Client error '403 ' for url 'https://openapiproext.bnf.fr/iiif/presentation/v3/ark:/12148/bd6t5857807/manifest.json'
For more information check: https://developer.mozilla.org/en-US/docs/Web/HTTP/Status/403",2026-07-17T21:58:39.166427
figaro1854,bd6t585781k,,failed,0,0,,http_manifest,known,403,manifest,"Client error '403 ' for url 'https://openapiproext.bnf.fr/iiif/presentation/v3/ark:/12148/bd6t585781k/manifest.json'
For more information check: https://developer.mozilla.org/en-US/docs/Web/HTTP/Status/403",2026-07-17T21:58:40.357576
figaro1854,bd6t585705g,,failed,0,0,,http_manifest,known,403,manifest,"Client error '403 ' for url 'https://openapiproext.bnf.fr/iiif/presentation/v3/ark:/12148/bd6t585705g/manifest.json'
For more information check: https://developer.mozilla.org/en-US/docs/Web/HTTP/Status/403",2026-07-17T21:58:41.530112
figaro1854,bd6t585706t,,failed,0,0,,http_manifest,known,403,manifest,"Client error '403 ' for url 'https://openapiproext.bnf.fr/iiif/presentation/v3/ark:/12148/bd6t585706t/manifest.json'
For more information check: https://developer.mozilla.org/en-US/docs/Web/HTTP/Status/403",2026-07-17T21:58:42.726222
figaro1854,bd6t5857075,,failed,0,0,,http_manifest,known,403,manifest,"Client error '403 ' for url 'https://openapiproext.bnf.fr/iiif/presentation/v3/ark:/12148/bd6t5857075/manifest.json'
For more information check: https://developer.mozilla.org/en-US/docs/Web/HTTP/Status/403",2026-07-17T21:58:43.941666
figaro1854,bd6t585708h,,failed,0,0,,http_manifest,known,403,manifest,"Client error '403 ' for url 'https://openapiproext.bnf.fr/iiif/presentation/v3/ark:/12148/bd6t585708h/manifest.json'
For more information check: https://developer.mozilla.org/en-US/docs/Web/HTTP/Status/403",2026-07-17T21:58:45.135672
figaro1854,bd6t585709v,,failed,0,0,,http_manifest,known,403,manifest,"Client error '403 ' for url 'https://openapiproext.bnf.fr/iiif/presentation/v3/ark:/12148/bd6t585709v/manifest.json'
For more information check: https://developer.mozilla.org/en-US/docs/Web/HTTP/Status/403",2026-07-17T21:58:46.353884
figaro1854,bd6t5857102,,failed,0,0,,http_manifest,known,403,manifest,"Client error '403 ' for url 'https://openapiproext.bnf.fr/iiif/presentation/v3/ark:/12148/bd6t5857102/manifest.json'
For more information check: https://developer.mozilla.org/en-US/docs/Web/HTTP/Status/403",2026-07-17T21:58:47.539980
figaro1854,bd6t585711d,,failed,0,0,,http_manifest,known,403,manifest,"Client error '403 ' for url 'https://openapiproext.bnf.fr/iiif/presentation/v3/ark:/12148/bd6t585711d/manifest.json'
For more information check: https://developer.mozilla.org/en-US/docs/Web/HTTP/Status/403",2026-07-17T21:58:48.732838
figaro1854,bd6t585712r,,failed,0,0,,http_manifest,known,403,manifest,"Client error '403 ' for url 'https://openapiproext.bnf.fr/iiif/presentation/v3/ark:/12148/bd6t585712r/manifest.json'
For more information check: https://developer.mozilla.org/en-US/docs/Web/HTTP/Status/403",2026-07-17T21:58:49.934868
figaro1854,bd6t5857133,,failed,0,0,,http_manifest,known,403,manifest,"Client error '403 ' for url 'https://openapiproext.bnf.fr/iiif/presentation/v3/ark:/12148/bd6t5857133/manifest.json'
For more information check: https://developer.mozilla.org/en-US/docs/Web/HTTP/Status/403",2026-07-17T21:58:51.134606
figaro1854,bd6t585714f,,failed,0,0,,http_manifest,known,403,manifest,"Client error '403 ' for url 'https://openapiproext.bnf.fr/iiif/presentation/v3/ark:/12148/bd6t585714f/manifest.json'
For more information check: https://developer.mozilla.org/en-US/docs/Web/HTTP/Status/403",2026-07-17T21:58:52.337701
figaro1854,bd6t585715s,,failed,0,0,,http_manifest,known,403,manifest,"Client error '403 ' for url 'https://openapiproext.bnf.fr/iiif/presentation/v3/ark:/12148/bd6t585715s/manifest.json'
For more information check: https://developer.mozilla.org/en-US/docs/Web/HTTP/Status/403",2026-07-17T21:58:53.538347
figaro1854,bd6t5857164,,failed,0,0,,http_manifest,known,403,manifest,"Client error '403 ' for url 'https://openapiproext.bnf.fr/iiif/presentation/v3/ark:/12148/bd6t5857164/manifest.json'
For more information check: https://developer.mozilla.org/en-US/docs/Web/HTTP/Status/403",2026-07-17T21:58:54.738031
figaro1854,bd6t585717g,,failed,0,0,,http_manifest,known,403,manifest,"Client error '403 ' for url 'https://openapiproext.bnf.fr/iiif/presentation/v3/ark:/12148/bd6t585717g/manifest.json'
For more information check: https://developer.mozilla.org/en-US/docs/Web/HTTP/Status/403",2026-07-17T21:58:55.946102
figaro1854,bd6t585718t,,failed,0,0,,http_manifest,known,403,manifest,"Client error '403 ' for url 'https://openapiproext.bnf.fr/iiif/presentation/v3/ark:/12148/bd6t585718t/manifest.json'
For more information check: https://developer.mozilla.org/en-US/docs/Web/HTTP/Status/403",2026-07-17T21:58:57.150640
figaro1854,bd6t5857195,,failed,0,0,,http_manifest,known,403,manifest,"Client error '403 ' for url 'https://openapiproext.bnf.fr/iiif/presentation/v3/ark:/12148/bd6t5857195/manifest.json'
For more information check: https://developer.mozilla.org/en-US/docs/Web/HTTP/Status/403",2026-07-17T21:58:58.369834
figaro1854,bd6t585720c,,failed,0,0,,http_manifest,known,403,manifest,"Client error '403 ' for url 'https://openapiproext.bnf.fr/iiif/presentation/v3/ark:/12148/bd6t585720c/manifest.json'
For more information check: https://developer.mozilla.org/en-US/docs/Web/HTTP/Status/403",2026-07-17T21:58:59.664869
figaro1854,bd6t585721q,,failed,0,0,,http_manifest,known,403,manifest,"Client error '403 ' for url 'https://openapiproext.bnf.fr/iiif/presentation/v3/ark:/12148/bd6t585721q/manifest.json'
For more information check: https://developer.mozilla.org/en-US/docs/Web/HTTP/Status/403",2026-07-17T21:59:00.745886
figaro1854,bd6t5857222,,failed,0,0,,http_manifest,known,403,manifest,"Client error '403 ' for url 'https://openapiproext.bnf.fr/iiif/presentation/v3/ark:/12148/bd6t5857222/manifest.json'
For more information check: https://developer.mozilla.org/en-US/docs/Web/HTTP/Status/403",2026-07-17T21:59:01.950365
figaro1854,bd6t585723d,,failed,0,0,,http_manifest,known,403,manifest,"Client error '403 ' for url 'https://openapiproext.bnf.fr/iiif/presentation/v3/ark:/12148/bd6t585723d/manifest.json'
For more information check: https://developer.mozilla.org/en-US/docs/Web/HTTP/Status/403",2026-07-17T21:59:03.152264
figaro1854,bd6t585724r,,failed,0,0,,http_manifest,known,403,manifest,"Client error '403 ' for url 'https://openapiproext.bnf.fr/iiif/presentation/v3/ark:/12148/bd6t585724r/manifest.json'
For more information check: https://developer.mozilla.org/en-US/docs/Web/HTTP/Status/403",2026-07-17T21:59:04.365246
figaro1854,bd6t5857253,,failed,0,0,,http_manifest,known,403,manifest,"Client error '403 ' for url 'https://openapiproext.bnf.fr/iiif/presentation/v3/ark:/12148/bd6t5857253/manifest.json'
For more information check: https://developer.mozilla.org/en-US/docs/Web/HTTP/Status/403",2026-07-17T21:59:05.685730
figaro1854,bd6t585726f,,failed,0,0,,http_manifest,known,403,manifest,"Client error '403 ' for url 'https://openapiproext.bnf.fr/iiif/presentation/v3/ark:/12148/bd6t585726f/manifest.json'
For more information check: https://developer.mozilla.org/en-US/docs/Web/HTTP/Status/403",2026-07-17T21:59:06.846099
figaro1854,bd6t585727s,,failed,0,0,,http_manifest,known,403,manifest,"Client error '403 ' for url 'https://openapiproext.bnf.fr/iiif/presentation/v3/ark:/12148/bd6t585727s/manifest.json'
For more information check: https://developer.mozilla.org/en-US/docs/Web/HTTP/Status/403",2026-07-17T21:59:08.217984
figaro1854,bd6t5857284,,failed,0,0,,http_manifest,known,403,manifest,"Client error '403 ' for url 'https://openapiproext.bnf.fr/iiif/presentation/v3/ark:/12148/bd6t5857284/manifest.json'
For more information check: https://developer.mozilla.org/en-US/docs/Web/HTTP/Status/403",2026-07-17T21:59:09.236427
figaro1854,bd6t585729g,,failed,0,0,,http_manifest,known,403,manifest,"Client error '403 ' for url 'https://openapiproext.bnf.fr/iiif/presentation/v3/ark:/12148/bd6t585729g/manifest.json'
For more information check: https://developer.mozilla.org/en-US/docs/Web/HTTP/Status/403",2026-07-17T21:59:10.402710
figaro1854,bd6t585730p,,failed,0,0,,http_manifest,known,403,manifest,"Client error '403 ' for url 'https://openapiproext.bnf.fr/iiif/presentation/v3/ark:/12148/bd6t585730p/manifest.json'
For more information check: https://developer.mozilla.org/en-US/docs/Web/HTTP/Status/403",2026-07-17T21:59:11.577338
figaro1854,bd6t5857311,,failed,0,0,,http_manifest,known,403,manifest,"Client error '403 ' for url 'https://openapiproext.bnf.fr/iiif/presentation/v3/ark:/12148/bd6t5857311/manifest.json'
For more information check: https://developer.mozilla.org/en-US/docs/Web/HTTP/Status/403",2026-07-17T21:59:12.836360
figaro1854,bd6t585732c,,failed,0,0,,http_manifest,known,403,manifest,"Client error '403 ' for url 'https://openapiproext.bnf.fr/iiif/presentation/v3/ark:/12148/bd6t585732c/manifest.json'
For more information check: https://developer.mozilla.org/en-US/docs/Web/HTTP/Status/403",2026-07-17T21:59:14.088402
figaro1854,bd6t585733q,,failed,0,0,,http_manifest,known,403,manifest,"Client error '403 ' for url 'https://openapiproext.bnf.fr/iiif/presentation/v3/ark:/12148/bd6t585733q/manifest.json'
For more information check: https://developer.mozilla.org/en-US/docs/Web/HTTP/Status/403",2026-07-17T21:59:15.182496
figaro1854,bd6t5857342,,failed,0,0,,http_manifest,known,403,manifest,"Client error '403 ' for url 'https://openapiproext.bnf.fr/iiif/presentation/v3/ark:/12148/bd6t5857342/manifest.json'
For more information check: https://developer.mozilla.org/en-US/docs/Web/HTTP/Status/403",2026-07-17T21:59:16.621337
figaro1854,bd6t585735d,,failed,0,0,,http_manifest,known,403,manifest,"Client error '403 ' for url 'https://openapiproext.bnf.fr/iiif/presentation/v3/ark:/12148/bd6t585735d/manifest.json'
For more information check: https://developer.mozilla.org/en-US/docs/Web/HTTP/Status/403",2026-07-17T21:59:17.570047
figaro1854,bd6t585736r,,failed,0,0,,http_manifest,known,403,manifest,"Client error '403 ' for url 'https://openapiproext.bnf.fr/iiif/presentation/v3/ark:/12148/bd6t585736r/manifest.json'
For more information check: https://developer.mozilla.org/en-US/docs/Web/HTTP/Status/403",2026-07-17T21:59:18.818729
figaro1854,bd6t5857373,,failed,0,0,,http_manifest,known,403,manifest,"Client error '403 ' for url 'https://openapiproext.bnf.fr/iiif/presentation/v3/ark:/12148/bd6t5857373/manifest.json'
For more information check: https://developer.mozilla.org/en-US/docs/Web/HTTP/Status/403",2026-07-17T21:59:19.980865
figaro1854,bd6t585738f,,failed,0,0,,http_manifest,known,403,manifest,"Client error '403 ' for url 'https://openapiproext.bnf.fr/iiif/presentation/v3/ark:/12148/bd6t585738f/manifest.json'
For more information check: https://developer.mozilla.org/en-US/docs/Web/HTTP/Status/403",2026-07-17T21:59:21.173330
figaro1854,bd6t585739s,,failed,0,0,,http_manifest,known,403,manifest,"Client error '403 ' for url 'https://openapiproext.bnf.fr/iiif/presentation/v3/ark:/12148/bd6t585739s/manifest.json'
For more information check: https://developer.mozilla.org/en-US/docs/Web/HTTP/Status/403",2026-07-17T21:59:22.374640
figaro1854,bd6t5857400,,failed,0,0,,http_manifest,known,403,manifest,"Client error '403 ' for url 'https://openapiproext.bnf.fr/iiif/presentation/v3/ark:/12148/bd6t5857400/manifest.json'
For more information check: https://developer.mozilla.org/en-US/docs/Web/HTTP/Status/403",2026-07-17T21:59:23.579464
figaro1854,bd6t585741b,,failed,0,0,,http_manifest,known,403,manifest,"Client error '403 ' for url 'https://openapiproext.bnf.fr/iiif/presentation/v3/ark:/12148/bd6t585741b/manifest.json'
For more information check: https://developer.mozilla.org/en-US/docs/Web/HTTP/Status/403",2026-07-17T21:59:24.776044
figaro1854,bd6t585742p,,failed,0,0,,http_manifest,known,403,manifest,"Client error '403 ' for url 'https://openapiproext.bnf.fr/iiif/presentation/v3/ark:/12148/bd6t585742p/manifest.json'
For more information check: https://developer.mozilla.org/en-US/docs/Web/HTTP/Status/403",2026-07-17T21:59:25.976343
figaro1854,bd6t5857431,,failed,0,0,,http_manifest,known,403,manifest,"Client error '403 ' for url 'https://openapiproext.bnf.fr/iiif/presentation/v3/ark:/12148/bd6t5857431/manifest.json'
For more information check: https://developer.mozilla.org/en-US/docs/Web/HTTP/Status/403",2026-07-17T21:59:27.181143
figaro1854,bd6t585744c,,failed,0,0,,http_manifest,known,403,manifest,"Client error '403 ' for url 'https://openapiproext.bnf.fr/iiif/presentation/v3/ark:/12148/bd6t585744c/manifest.json'
For more information check: https://developer.mozilla.org/en-US/docs/Web/HTTP/Status/403",2026-07-17T21:59:28.405918
figaro1854,bd6t585782x,,failed,0,0,,http_manifest,known,403,manifest,"Client error '403 ' for url 'https://openapiproext.bnf.fr/iiif/presentation/v3/ark:/12148/bd6t585782x/manifest.json'
For more information check: https://developer.mozilla.org/en-US/docs/Web/HTTP/Status/403",2026-07-17T21:59:29.586430
figaro1854,bd6t5857838,,failed,0,0,,http_manifest,known,403,manifest,"Client error '403 ' for url 'https://openapiproext.bnf.fr/iiif/presentation/v3/ark:/12148/bd6t5857838/manifest.json'
For more information check: https://developer.mozilla.org/en-US/docs/Web/HTTP/Status/403",2026-07-17T21:59:30.788258
figaro1854,bd6t585784m,,failed,0,0,,http_manifest,known,403,manifest,"Client error '403 ' for url 'https://openapiproext.bnf.fr/iiif/presentation/v3/ark:/12148/bd6t585784m/manifest.json'
For more information check: https://developer.mozilla.org/en-US/docs/Web/HTTP/Status/403",2026-07-17T21:59:31.987530
figaro1854,bd6t585785z,,failed,0,0,,http_manifest,known,403,manifest,"Client error '403 ' for url 'https://openapiproext.bnf.fr/iiif/presentation/v3/ark:/12148/bd6t585785z/manifest.json'
For more information check: https://developer.mozilla.org/en-US/docs/Web/HTTP/Status/403",2026-07-17T21:59:33.189255
figaro1854,bd6t5857869,,failed,0,0,,http_manifest,known,403,manifest,"Client error '403 ' for url 'https://openapiproext.bnf.fr/iiif/presentation/v3/ark:/12148/bd6t5857869/manifest.json'
For more information check: https://developer.mozilla.org/en-US/docs/Web/HTTP/Status/403",2026-07-17T21:59:34.393465
figaro1854,bd6t585787n,,failed,0,0,,http_manifest,known,403,manifest,"Client error '403 ' for url 'https://openapiproext.bnf.fr/iiif/presentation/v3/ark:/12148/bd6t585787n/manifest.json'
For more information check: https://developer.mozilla.org/en-US/docs/Web/HTTP/Status/403",2026-07-17T21:59:35.591751
figaro1854,bd6t5857880,,failed,0,0,,http_manifest,known,403,manifest,"Client error '403 ' for url 'https://openapiproext.bnf.fr/iiif/presentation/v3/ark:/12148/bd6t5857880/manifest.json'
For more information check: https://developer.mozilla.org/en-US/docs/Web/HTTP/Status/403",2026-07-17T21:59:36.802189
figaro1854,bd6t585789b,,failed,0,0,,http_manifest,known,403,manifest,"Client error '403 ' for url 'https://openapiproext.bnf.fr/iiif/presentation/v3/ark:/12148/bd6t585789b/manifest.json'
For more information check: https://developer.mozilla.org/en-US/docs/Web/HTTP/Status/403",2026-07-17T21:59:37.994919
figaro1854,bd6t585790j,,failed,0,0,,http_manifest,known,403,manifest,"Client error '403 ' for url 'https://openapiproext.bnf.fr/iiif/presentation/v3/ark:/12148/bd6t585790j/manifest.json'
For more information check: https://developer.mozilla.org/en-US/docs/Web/HTTP/Status/403",2026-07-17T21:59:39.201874
figaro1854,bd6t585791w,,failed,0,0,,http_manifest,known,403,manifest,"Client error '403 ' for url 'https://openapiproext.bnf.fr/iiif/presentation/v3/ark:/12148/bd6t585791w/manifest.json'
For more information check: https://developer.mozilla.org/en-US/docs/Web/HTTP/Status/403",2026-07-17T21:59:40.422827
figaro1854,bd6t5857927,,failed,0,0,,http_manifest,known,403,manifest,"Client error '403 ' for url 'https://openapiproext.bnf.fr/iiif/presentation/v3/ark:/12148/bd6t5857927/manifest.json'
For more information check: https://developer.mozilla.org/en-US/docs/Web/HTTP/Status/403",2026-07-17T21:59:41.600635
figaro1854,bd6t585793k,,failed,0,0,,http_manifest,known,403,manifest,"Client error '403 ' for url 'https://openapiproext.bnf.fr/iiif/presentation/v3/ark:/12148/bd6t585793k/manifest.json'
For more information check: https://developer.mozilla.org/en-US/docs/Web/HTTP/Status/403",2026-07-17T21:59:42.800558
figaro1854,bd6t585794x,,failed,0,0,,http_manifest,known,403,manifest,"Client error '403 ' for url 'https://openapiproext.bnf.fr/iiif/presentation/v3/ark:/12148/bd6t585794x/manifest.json'
For more information check: https://developer.mozilla.org/en-US/docs/Web/HTTP/Status/403",2026-07-17T21:59:44.003000
figaro1854,bd6t5857958,,failed,0,0,,http_manifest,known,403,manifest,"Client error '403 ' for url 'https://openapiproext.bnf.fr/iiif/presentation/v3/ark:/12148/bd6t5857958/manifest.json'
For more information check: https://developer.mozilla.org/en-US/docs/Web/HTTP/Status/403",2026-07-17T21:59:45.204876
figaro1854,bd6t585796m,,failed,0,0,,http_manifest,known,403,manifest,"Client error '403 ' for url 'https://openapiproext.bnf.fr/iiif/presentation/v3/ark:/12148/bd6t585796m/manifest.json'
For more information check: https://developer.mozilla.org/en-US/docs/Web/HTTP/Status/403",2026-07-17T21:59:46.423277
figaro1854,bd6t585797z,,failed,0,0,,http_manifest,known,403,manifest,"Client error '403 ' for url 'https://openapiproext.bnf.fr/iiif/presentation/v3/ark:/12148/bd6t585797z/manifest.json'
For more information check: https://developer.mozilla.org/en-US/docs/Web/HTTP/Status/403",2026-07-17T21:59:47.605766
figaro1854,bd6t5857989,,failed,0,0,,http_manifest,known,403,manifest,"Client error '403 ' for url 'https://openapiproext.bnf.fr/iiif/presentation/v3/ark:/12148/bd6t5857989/manifest.json'
For more information check: https://developer.mozilla.org/en-US/docs/Web/HTTP/Status/403",2026-07-17T21:59:48.810873
figaro1854,bd6t585799n,,failed,0,0,,http_manifest,known,403,manifest,"Client error '403 ' for url 'https://openapiproext.bnf.fr/iiif/presentation/v3/ark:/12148/bd6t585799n/manifest.json'
For more information check: https://developer.mozilla.org/en-US/docs/Web/HTTP/Status/403",2026-07-17T21:59:50.011428
figaro1854,bd6t5858001,,failed,0,0,,http_manifest,known,403,manifest,"Client error '403 ' for url 'https://openapiproext.bnf.fr/iiif/presentation/v3/ark:/12148/bd6t5858001/manifest.json'
For more information check: https://developer.mozilla.org/en-US/docs/Web/HTTP/Status/403",2026-07-17T21:59:51.210426
figaro1854,bd6t585801c,,failed,0,0,,http_manifest,known,403,manifest,"Client error '403 ' for url 'https://openapiproext.bnf.fr/iiif/presentation/v3/ark:/12148/bd6t585801c/manifest.json'
For more information check: https://developer.mozilla.org/en-US/docs/Web/HTTP/Status/403",2026-07-17T21:59:52.427427
figaro1854,bd6t585802q,,failed,0,0,,http_manifest,known,403,manifest,"Client error '403 ' for url 'https://openapiproext.bnf.fr/iiif/presentation/v3/ark:/12148/bd6t585802q/manifest.json'
For more information check: https://developer.mozilla.org/en-US/docs/Web/HTTP/Status/403",2026-07-17T21:59:53.614041
figaro1854,bd6t5858032,,failed,0,0,,http_manifest,known,403,manifest,"Client error '403 ' for url 'https://openapiproext.bnf.fr/iiif/presentation/v3/ark:/12148/bd6t5858032/manifest.json'
For more information check: https://developer.mozilla.org/en-US/docs/Web/HTTP/Status/403",2026-07-17T21:59:54.815104
figaro1854,bd6t585804d,,failed,0,0,,http_manifest,known,403,manifest,"Client error '403 ' for url 'https://openapiproext.bnf.fr/iiif/presentation/v3/ark:/12148/bd6t585804d/manifest.json'
For more information check: https://developer.mozilla.org/en-US/docs/Web/HTTP/Status/403",2026-07-17T21:59:56.018910
figaro1854,bd6t585805r,,failed,0,0,,http_manifest,known,403,manifest,"Client error '403 ' for url 'https://openapiproext.bnf.fr/iiif/presentation/v3/ark:/12148/bd6t585805r/manifest.json'
For more information check: https://developer.mozilla.org/en-US/docs/Web/HTTP/Status/403",2026-07-17T21:59:57.226861
figaro1854,bd6t5858063,,failed,0,0,,http_manifest,known,403,manifest,"Client error '403 ' for url 'https://openapiproext.bnf.fr/iiif/presentation/v3/ark:/12148/bd6t5858063/manifest.json'
For more information check: https://developer.mozilla.org/en-US/docs/Web/HTTP/Status/403",2026-07-17T21:59:58.661039
figaro1854,bd6t585807f,,failed,0,0,,http_manifest,known,403,manifest,"Client error '403 ' for url 'https://openapiproext.bnf.fr/iiif/presentation/v3/ark:/12148/bd6t585807f/manifest.json'
For more information check: https://developer.mozilla.org/en-US/docs/Web/HTTP/Status/403",2026-07-17T21:59:59.820807
figaro1854,bd6t585808s,,failed,0,0,,http_manifest,known,403,manifest,"Client error '403 ' for url 'https://openapiproext.bnf.fr/iiif/presentation/v3/ark:/12148/bd6t585808s/manifest.json'
For more information check: https://developer.mozilla.org/en-US/docs/Web/HTTP/Status/403",2026-07-17T22:00:00.829474
figaro1854,bd6t5858094,,failed,0,0,,http_manifest,known,403,manifest,"Client error '403 ' for url 'https://openapiproext.bnf.fr/iiif/presentation/v3/ark:/12148/bd6t5858094/manifest.json'
For more information check: https://developer.mozilla.org/en-US/docs/Web/HTTP/Status/403",2026-07-17T22:00:02.177741
figaro1854,bd6t585810b,,failed,0,0,,http_manifest,known,403,manifest,"Client error '403 ' for url 'https://openapiproext.bnf.fr/iiif/presentation/v3/ark:/12148/bd6t585810b/manifest.json'
For more information check: https://developer.mozilla.org/en-US/docs/Web/HTTP/Status/403",2026-07-17T22:00:03.229819
figaro1854,bd6t585811p,,failed,0,0,,http_manifest,known,403,manifest,"Client error '403 ' for url 'https://openapiproext.bnf.fr/iiif/presentation/v3/ark:/12148/bd6t585811p/manifest.json'
For more information check: https://developer.mozilla.org/en-US/docs/Web/HTTP/Status/403",2026-07-17T22:00:04.452355
figaro1854,bd6t5858121,,failed,0,0,,http_manifest,known,403,manifest,"Client error '403 ' for url 'https://openapiproext.bnf.fr/iiif/presentation/v3/ark:/12148/bd6t5858121/manifest.json'
For more information check: https://developer.mozilla.org/en-US/docs/Web/HTTP/Status/403",2026-07-17T22:00:05.666365
figaro1854,bd6t585813c,,failed,0,0,,http_manifest,known,403,manifest,"Client error '403 ' for url 'https://openapiproext.bnf.fr/iiif/presentation/v3/ark:/12148/bd6t585813c/manifest.json'
For more information check: https://developer.mozilla.org/en-US/docs/Web/HTTP/Status/403",2026-07-17T22:00:06.835203
figaro1854,bd6t585814q,,failed,0,0,,http_manifest,known,403,manifest,"Client error '403 ' for url 'https://openapiproext.bnf.fr/iiif/presentation/v3/ark:/12148/bd6t585814q/manifest.json'
For more information check: https://developer.mozilla.org/en-US/docs/Web/HTTP/Status/403",2026-07-17T22:00:08.033083
figaro1854,bd6t5858152,,failed,0,0,,http_manifest,known,403,manifest,"Client error '403 ' for url 'https://openapiproext.bnf.fr/iiif/presentation/v3/ark:/12148/bd6t5858152/manifest.json'
For more information check: https://developer.mozilla.org/en-US/docs/Web/HTTP/Status/403",2026-07-17T22:00:09.322476
figaro1854,bd6t585816d,,failed,0,0,,http_manifest,known,403,manifest,"Client error '403 ' for url 'https://openapiproext.bnf.fr/iiif/presentation/v3/ark:/12148/bd6t585816d/manifest.json'
For more information check: https://developer.mozilla.org/en-US/docs/Web/HTTP/Status/403",2026-07-17T22:00:10.445003
figaro1854,bd6t585817r,,failed,0,0,,http_manifest,known,403,manifest,"Client error '403 ' for url 'https://openapiproext.bnf.fr/iiif/presentation/v3/ark:/12148/bd6t585817r/manifest.json'
For more information check: https://developer.mozilla.org/en-US/docs/Web/HTTP/Status/403",2026-07-17T22:00:11.846604
figaro1854,bd6t5858183,,failed,0,0,,http_manifest,known,403,manifest,"Client error '403 ' for url 'https://openapiproext.bnf.fr/iiif/presentation/v3/ark:/12148/bd6t5858183/manifest.json'
For more information check: https://developer.mozilla.org/en-US/docs/Web/HTTP/Status/403",2026-07-17T22:00:12.843010
figaro1854,bd6t585819f,,failed,0,0,,http_manifest,known,403,manifest,"Client error '403 ' for url 'https://openapiproext.bnf.fr/iiif/presentation/v3/ark:/12148/bd6t585819f/manifest.json'
For more information check: https://developer.mozilla.org/en-US/docs/Web/HTTP/Status/403",2026-07-17T22:00:14.151621
figaro1854,bd6t5859369,,failed,0,0,,http_manifest,known,403,manifest,"Client error '403 ' for url 'https://openapiproext.bnf.fr/iiif/presentation/v3/ark:/12148/bd6t5859369/manifest.json'
For more information check: https://developer.mozilla.org/en-US/docs/Web/HTTP/Status/403",2026-07-17T22:00:15.302582
figaro1854,bd6t585937n,,failed,0,0,,http_manifest,known,403,manifest,"Client error '403 ' for url 'https://openapiproext.bnf.fr/iiif/presentation/v3/ark:/12148/bd6t585937n/manifest.json'
For more information check: https://developer.mozilla.org/en-US/docs/Web/HTTP/Status/403",2026-07-17T22:00:16.622964
figaro1854,bd6t5859380,,failed,0,0,,http_manifest,known,403,manifest,"Client error '403 ' for url 'https://openapiproext.bnf.fr/iiif/presentation/v3/ark:/12148/bd6t5859380/manifest.json'
For more information check: https://developer.mozilla.org/en-US/docs/Web/HTTP/Status/403",2026-07-17T22:00:17.840274
figaro1854,bd6t585939b,,failed,0,0,,http_manifest,known,403,manifest,"Client error '403 ' for url 'https://openapiproext.bnf.fr/iiif/presentation/v3/ark:/12148/bd6t585939b/manifest.json'
For more information check: https://developer.mozilla.org/en-US/docs/Web/HTTP/Status/403",2026-07-17T22:00:18.988280
figaro1854,bd6t585940j,,failed,0,0,,http_manifest,known,403,manifest,"Client error '403 ' for url 'https://openapiproext.bnf.fr/iiif/presentation/v3/ark:/12148/bd6t585940j/manifest.json'
For more information check: https://developer.mozilla.org/en-US/docs/Web/HTTP/Status/403",2026-07-17T22:00:20.079325
figaro1854,bd6t585941w,,failed,0,0,,http_manifest,known,403,manifest,"Client error '403 ' for url 'https://openapiproext.bnf.fr/iiif/presentation/v3/ark:/12148/bd6t585941w/manifest.json'
For more information check: https://developer.mozilla.org/en-US/docs/Web/HTTP/Status/403",2026-07-17T22:00:21.251551
figaro1854,bd6t5859427,,failed,0,0,,http_manifest,known,403,manifest,"Client error '403 ' for url 'https://openapiproext.bnf.fr/iiif/presentation/v3/ark:/12148/bd6t5859427/manifest.json'
For more information check: https://developer.mozilla.org/en-US/docs/Web/HTTP/Status/403",2026-07-17T22:00:22.451199
figaro1854,bd6t585943k,,failed,0,0,,http_manifest,known,403,manifest,"Client error '403 ' for url 'https://openapiproext.bnf.fr/iiif/presentation/v3/ark:/12148/bd6t585943k/manifest.json'
For more information check: https://developer.mozilla.org/en-US/docs/Web/HTTP/Status/403",2026-07-17T22:00:23.657658
figaro1854,bd6t585944x,,failed,0,0,,http_manifest,known,403,manifest,"Client error '403 ' for url 'https://openapiproext.bnf.fr/iiif/presentation/v3/ark:/12148/bd6t585944x/manifest.json'
For more information check: https://developer.mozilla.org/en-US/docs/Web/HTTP/Status/403",2026-07-17T22:00:24.858461
figaro1854,bd6t5859458,,failed,0,0,,http_manifest,known,403,manifest,"Client error '403 ' for url 'https://openapiproext.bnf.fr/iiif/presentation/v3/ark:/12148/bd6t5859458/manifest.json'
For more information check: https://developer.mozilla.org/en-US/docs/Web/HTTP/Status/403",2026-07-17T22:00:26.054954
figaro1854,bd6t585946m,,failed,0,0,,http_manifest,known,403,manifest,"Client error '403 ' for url 'https://openapiproext.bnf.fr/iiif/presentation/v3/ark:/12148/bd6t585946m/manifest.json'
For more information check: https://developer.mozilla.org/en-US/docs/Web/HTTP/Status/403",2026-07-17T22:00:27.262632
figaro1854,bd6t585947z,,failed,0,0,,http_manifest,known,403,manifest,"Client error '403 ' for url 'https://openapiproext.bnf.fr/iiif/presentation/v3/ark:/12148/bd6t585947z/manifest.json'
For more information check: https://developer.mozilla.org/en-US/docs/Web/HTTP/Status/403",2026-07-17T22:00:28.460297
figaro1854,bd6t5859489,,failed,0,0,,http_manifest,known,403,manifest,"Client error '403 ' for url 'https://openapiproext.bnf.fr/iiif/presentation/v3/ark:/12148/bd6t5859489/manifest.json'
For more information check: https://developer.mozilla.org/en-US/docs/Web/HTTP/Status/403",2026-07-17T22:00:29.662997
figaro1854,bd6t585949n,,failed,0,0,,http_manifest,known,403,manifest,"Client error '403 ' for url 'https://openapiproext.bnf.fr/iiif/presentation/v3/ark:/12148/bd6t585949n/manifest.json'
For more information check: https://developer.mozilla.org/en-US/docs/Web/HTTP/Status/403",2026-07-17T22:00:30.863291
figaro1854,bd6t585950v,,failed,0,0,,http_manifest,known,403,manifest,"Client error '403 ' for url 'https://openapiproext.bnf.fr/iiif/presentation/v3/ark:/12148/bd6t585950v/manifest.json'
For more information check: https://developer.mozilla.org/en-US/docs/Web/HTTP/Status/403",2026-07-17T22:00:32.089950
figaro1854,bd6t5859516,,failed,0,0,,http_manifest,known,403,manifest,"Client error '403 ' for url 'https://openapiproext.bnf.fr/iiif/presentation/v3/ark:/12148/bd6t5859516/manifest.json'
For more information check: https://developer.mozilla.org/en-US/docs/Web/HTTP/Status/403",2026-07-17T22:00:33.267064
figaro1854,bd6t585952j,,failed,0,0,,http_manifest,known,403,manifest,"Client error '403 ' for url 'https://openapiproext.bnf.fr/iiif/presentation/v3/ark:/12148/bd6t585952j/manifest.json'
For more information check: https://developer.mozilla.org/en-US/docs/Web/HTTP/Status/403",2026-07-17T22:00:34.473137
figaro1854,bd6t585953w,,failed,0,0,,http_manifest,known,403,manifest,"Client error '403 ' for url 'https://openapiproext.bnf.fr/iiif/presentation/v3/ark:/12148/bd6t585953w/manifest.json'
For more information check: https://developer.mozilla.org/en-US/docs/Web/HTTP/Status/403",2026-07-17T22:00:35.685389
figaro1854,bd6t5859547,,failed,0,0,,http_manifest,known,403,manifest,"Client error '403 ' for url 'https://openapiproext.bnf.fr/iiif/presentation/v3/ark:/12148/bd6t5859547/manifest.json'
For more information check: https://developer.mozilla.org/en-US/docs/Web/HTTP/Status/403",2026-07-17T22:00:36.869116
figaro1854,bd6t585955k,,failed,0,0,,http_manifest,known,403,manifest,"Client error '403 ' for url 'https://openapiproext.bnf.fr/iiif/presentation/v3/ark:/12148/bd6t585955k/manifest.json'
For more information check: https://developer.mozilla.org/en-US/docs/Web/HTTP/Status/403",2026-07-17T22:00:38.116866
figaro1854,bd6t585956x,,failed,0,0,,http_manifest,known,403,manifest,"Client error '403 ' for url 'https://openapiproext.bnf.fr/iiif/presentation/v3/ark:/12148/bd6t585956x/manifest.json'
For more information check: https://developer.mozilla.org/en-US/docs/Web/HTTP/Status/403",2026-07-17T22:00:39.275576
figaro1854,bd6t5859578,,failed,0,0,,http_manifest,known,403,manifest,"Client error '403 ' for url 'https://openapiproext.bnf.fr/iiif/presentation/v3/ark:/12148/bd6t5859578/manifest.json'
For more information check: https://developer.mozilla.org/en-US/docs/Web/HTTP/Status/403",2026-07-17T22:00:40.480841
figaro1854,bd6t585958m,,failed,0,0,,http_manifest,known,403,manifest,"Client error '403 ' for url 'https://openapiproext.bnf.fr/iiif/presentation/v3/ark:/12148/bd6t585958m/manifest.json'
For more information check: https://developer.mozilla.org/en-US/docs/Web/HTTP/Status/403",2026-07-17T22:00:41.682727
figaro1854,bd6t585959z,,failed,0,0,,http_manifest,known,403,manifest,"Client error '403 ' for url 'https://openapiproext.bnf.fr/iiif/presentation/v3/ark:/12148/bd6t585959z/manifest.json'
For more information check: https://developer.mozilla.org/en-US/docs/Web/HTTP/Status/403",2026-07-17T22:00:42.882811
figaro1854,bd6t5859605,,failed,0,0,,http_manifest,known,403,manifest,"Client error '403 ' for url 'https://openapiproext.bnf.fr/iiif/presentation/v3/ark:/12148/bd6t5859605/manifest.json'
For more information check: https://developer.mozilla.org/en-US/docs/Web/HTTP/Status/403",2026-07-17T22:00:44.110865
figaro1854,bd6t585961h,,failed,0,0,,http_manifest,known,403,manifest,"Client error '403 ' for url 'https://openapiproext.bnf.fr/iiif/presentation/v3/ark:/12148/bd6t585961h/manifest.json'
For more information check: https://developer.mozilla.org/en-US/docs/Web/HTTP/Status/403",2026-07-17T22:00:45.286283
figaro1854,bd6t585962v,,failed,0,0,,http_manifest,known,403,manifest,"Client error '403 ' for url 'https://openapiproext.bnf.fr/iiif/presentation/v3/ark:/12148/bd6t585962v/manifest.json'
For more information check: https://developer.mozilla.org/en-US/docs/Web/HTTP/Status/403",2026-07-17T22:00:46.484890
figaro1854,bd6t5859636,,failed,0,0,,http_manifest,known,403,manifest,"Client error '403 ' for url 'https://openapiproext.bnf.fr/iiif/presentation/v3/ark:/12148/bd6t5859636/manifest.json'
For more information check: https://developer.mozilla.org/en-US/docs/Web/HTTP/Status/403",2026-07-17T22:00:47.690766
figaro1854,bd6t585964j,,failed,0,0,,http_manifest,known,403,manifest,"Client error '403 ' for url 'https://openapiproext.bnf.fr/iiif/presentation/v3/ark:/12148/bd6t585964j/manifest.json'
For more information check: https://developer.mozilla.org/en-US/docs/Web/HTTP/Status/403",2026-07-17T22:00:48.899143
figaro1854,bd6t585965w,,failed,0,0,,http_manifest,known,403,manifest,"Client error '403 ' for url 'https://openapiproext.bnf.fr/iiif/presentation/v3/ark:/12148/bd6t585965w/manifest.json'
For more information check: https://developer.mozilla.org/en-US/docs/Web/HTTP/Status/403",2026-07-17T22:00:50.114763
figaro1854,bd6t5859667,,failed,0,0,,http_manifest,known,403,manifest,"Client error '403 ' for url 'https://openapiproext.bnf.fr/iiif/presentation/v3/ark:/12148/bd6t5859667/manifest.json'
For more information check: https://developer.mozilla.org/en-US/docs/Web/HTTP/Status/403",2026-07-17T22:00:51.293364
figaro1854,bd6t585967k,,failed,0,0,,http_manifest,known,403,manifest,"Client error '403 ' for url 'https://openapiproext.bnf.fr/iiif/presentation/v3/ark:/12148/bd6t585967k/manifest.json'
For more information check: https://developer.mozilla.org/en-US/docs/Web/HTTP/Status/403",2026-07-17T22:00:52.523034
figaro1854,bd6t585968x,,failed,0,0,,http_manifest,known,403,manifest,"Client error '403 ' for url 'https://openapiproext.bnf.fr/iiif/presentation/v3/ark:/12148/bd6t585968x/manifest.json'
For more information check: https://developer.mozilla.org/en-US/docs/Web/HTTP/Status/403",2026-07-17T22:00:53.695326
figaro1854,bd6t5859698,,failed,0,0,,http_manifest,known,403,manifest,"Client error '403 ' for url 'https://openapiproext.bnf.fr/iiif/presentation/v3/ark:/12148/bd6t5859698/manifest.json'
For more information check: https://developer.mozilla.org/en-US/docs/Web/HTTP/Status/403",2026-07-17T22:00:54.902063
figaro1854,bd6t585970g,,failed,0,0,,http_manifest,known,403,manifest,"Client error '403 ' for url 'https://openapiproext.bnf.fr/iiif/presentation/v3/ark:/12148/bd6t585970g/manifest.json'
For more information check: https://developer.mozilla.org/en-US/docs/Web/HTTP/Status/403",2026-07-17T22:00:56.107605
figaro1854,bd6t585971t,,failed,0,0,,http_manifest,known,403,manifest,"Client error '403 ' for url 'https://openapiproext.bnf.fr/iiif/presentation/v3/ark:/12148/bd6t585971t/manifest.json'
For more information check: https://developer.mozilla.org/en-US/docs/Web/HTTP/Status/403",2026-07-17T22:00:57.304364
figaro1854,bd6t5859725,,failed,0,0,,http_manifest,known,403,manifest,"Client error '403 ' for url 'https://openapiproext.bnf.fr/iiif/presentation/v3/ark:/12148/bd6t5859725/manifest.json'
For more information check: https://developer.mozilla.org/en-US/docs/Web/HTTP/Status/403",2026-07-17T22:00:58.570593
figaro1854,bd6t585973h,,failed,0,0,,http_manifest,known,403,manifest,"Client error '403 ' for url 'https://openapiproext.bnf.fr/iiif/presentation/v3/ark:/12148/bd6t585973h/manifest.json'
For more information check: https://developer.mozilla.org/en-US/docs/Web/HTTP/Status/403",2026-07-17T22:00:59.713304
figaro1854,bd6t585974v,,failed,0,0,,http_manifest,known,403,manifest,"Client error '403 ' for url 'https://openapiproext.bnf.fr/iiif/presentation/v3/ark:/12148/bd6t585974v/manifest.json'
For more information check: https://developer.mozilla.org/en-US/docs/Web/HTTP/Status/403",2026-07-17T22:01:01.087617
figaro1854,bd6t5859756,,failed,0,0,,http_manifest,known,403,manifest,"Client error '403 ' for url 'https://openapiproext.bnf.fr/iiif/presentation/v3/ark:/12148/bd6t5859756/manifest.json'
For more information check: https://developer.mozilla.org/en-US/docs/Web/HTTP/Status/403",2026-07-17T22:01:02.336955
figaro1854,bd6t585976j,,failed,0,0,,http_manifest,known,403,manifest,"Client error '403 ' for url 'https://openapiproext.bnf.fr/iiif/presentation/v3/ark:/12148/bd6t585976j/manifest.json'
For more information check: https://developer.mozilla.org/en-US/docs/Web/HTTP/Status/403",2026-07-17T22:01:03.313042
figaro1854,bd6t585977w,,failed,0,0,,http_manifest,known,403,manifest,"Client error '403 ' for url 'https://openapiproext.bnf.fr/iiif/presentation/v3/ark:/12148/bd6t585977w/manifest.json'
For more information check: https://developer.mozilla.org/en-US/docs/Web/HTTP/Status/403",2026-07-17T22:01:04.620479
figaro1854,bd6t5859787,,failed,0,0,,http_manifest,known,403,manifest,"Client error '403 ' for url 'https://openapiproext.bnf.fr/iiif/presentation/v3/ark:/12148/bd6t5859787/manifest.json'
For more information check: https://developer.mozilla.org/en-US/docs/Web/HTTP/Status/403",2026-07-17T22:01:05.735590
figaro1854,bd6t585979k,,failed,0,0,,http_manifest,known,403,manifest,"Client error '403 ' for url 'https://openapiproext.bnf.fr/iiif/presentation/v3/ark:/12148/bd6t585979k/manifest.json'
For more information check: https://developer.mozilla.org/en-US/docs/Web/HTTP/Status/403",2026-07-17T22:01:06.927573
figaro1854,bd6t585980s,,failed,0,0,,http_manifest,known,403,manifest,"Client error '403 ' for url 'https://openapiproext.bnf.fr/iiif/presentation/v3/ark:/12148/bd6t585980s/manifest.json'
For more information check: https://developer.mozilla.org/en-US/docs/Web/HTTP/Status/403",2026-07-17T22:01:08.122535
figaro1854,bd6t5859814,,failed,0,0,,http_manifest,known,403,manifest,"Client error '403 ' for url 'https://openapiproext.bnf.fr/iiif/presentation/v3/ark:/12148/bd6t5859814/manifest.json'
For more information check: https://developer.mozilla.org/en-US/docs/Web/HTTP/Status/403",2026-07-17T22:01:09.321973
figaro1854,bd6t585982g,,failed,0,0,,http_manifest,known,403,manifest,"Client error '403 ' for url 'https://openapiproext.bnf.fr/iiif/presentation/v3/ark:/12148/bd6t585982g/manifest.json'
For more information check: https://developer.mozilla.org/en-US/docs/Web/HTTP/Status/403",2026-07-17T22:01:10.719440
figaro1854,bd6t585983t,,failed,0,0,,http_manifest,known,403,manifest,"Client error '403 ' for url 'https://openapiproext.bnf.fr/iiif/presentation/v3/ark:/12148/bd6t585983t/manifest.json'
For more information check: https://developer.mozilla.org/en-US/docs/Web/HTTP/Status/403",2026-07-17T22:01:11.724259
figaro1854,bd6t5859845,,failed,0,0,,http_manifest,known,403,manifest,"Client error '403 ' for url 'https://openapiproext.bnf.fr/iiif/presentation/v3/ark:/12148/bd6t5859845/manifest.json'
For more information check: https://developer.mozilla.org/en-US/docs/Web/HTTP/Status/403",2026-07-17T22:01:13.160010
figaro1854,bd6t585985h,,failed,0,0,,http_manifest,known,403,manifest,"Client error '403 ' for url 'https://openapiproext.bnf.fr/iiif/presentation/v3/ark:/12148/bd6t585985h/manifest.json'
For more information check: https://developer.mozilla.org/en-US/docs/Web/HTTP/Status/403",2026-07-17T22:01:14.125442
figaro1854,bd6t585986v,,failed,0,0,,http_manifest,known,403,manifest,"Client error '403 ' for url 'https://openapiproext.bnf.fr/iiif/presentation/v3/ark:/12148/bd6t585986v/manifest.json'
For more information check: https://developer.mozilla.org/en-US/docs/Web/HTTP/Status/403",2026-07-17T22:01:15.329613
figaro1854,bd6t5859876,,failed,0,0,,http_manifest,known,403,manifest,"Client error '403 ' for url 'https://openapiproext.bnf.fr/iiif/presentation/v3/ark:/12148/bd6t5859876/manifest.json'
For more information check: https://developer.mozilla.org/en-US/docs/Web/HTTP/Status/403",2026-07-17T22:01:16.529484
figaro1854,bd6t585988j,,failed,0,0,,http_manifest,known,403,manifest,"Client error '403 ' for url 'https://openapiproext.bnf.fr/iiif/presentation/v3/ark:/12148/bd6t585988j/manifest.json'
For more information check: https://developer.mozilla.org/en-US/docs/Web/HTTP/Status/403",2026-07-17T22:01:17.785259
figaro1854,bd6t585989w,,failed,0,0,,http_manifest,known,403,manifest,"Client error '403 ' for url 'https://openapiproext.bnf.fr/iiif/presentation/v3/ark:/12148/bd6t585989w/manifest.json'
For more information check: https://developer.mozilla.org/en-US/docs/Web/HTTP/Status/403",2026-07-17T22:01:19.069112
figaro1854,bd6t5859903,,failed,0,0,,http_manifest,known,403,manifest,"Client error '403 ' for url 'https://openapiproext.bnf.fr/iiif/presentation/v3/ark:/12148/bd6t5859903/manifest.json'
For more information check: https://developer.mozilla.org/en-US/docs/Web/HTTP/Status/403",2026-07-17T22:01:20.132370
figaro1854,bd6t585991f,,failed,0,0,,http_manifest,known,403,manifest,"Client error '403 ' for url 'https://openapiproext.bnf.fr/iiif/presentation/v3/ark:/12148/bd6t585991f/manifest.json'
For more information check: https://developer.mozilla.org/en-US/docs/Web/HTTP/Status/403",2026-07-17T22:01:21.334438
figaro1854,bd6t585992s,,failed,0,0,,http_manifest,known,403,manifest,"Client error '403 ' for url 'https://openapiproext.bnf.fr/iiif/presentation/v3/ark:/12148/bd6t585992s/manifest.json'
For more information check: https://developer.mozilla.org/en-US/docs/Web/HTTP/Status/403",2026-07-17T22:01:22.540671
figaro1854,bd6t5859934,,failed,0,0,,http_manifest,known,403,manifest,"Client error '403 ' for url 'https://openapiproext.bnf.fr/iiif/presentation/v3/ark:/12148/bd6t5859934/manifest.json'
For more information check: https://developer.mozilla.org/en-US/docs/Web/HTTP/Status/403",2026-07-17T22:01:23.741858
figaro1854,bd6t585994g,,failed,0,0,,http_manifest,known,403,manifest,"Client error '403 ' for url 'https://openapiproext.bnf.fr/iiif/presentation/v3/ark:/12148/bd6t585994g/manifest.json'
For more information check: https://developer.mozilla.org/en-US/docs/Web/HTTP/Status/403",2026-07-17T22:01:24.941432
figaro1854,bd6t585995t,,failed,0,0,,http_manifest,known,403,manifest,"Client error '403 ' for url 'https://openapiproext.bnf.fr/iiif/presentation/v3/ark:/12148/bd6t585995t/manifest.json'
For more information check: https://developer.mozilla.org/en-US/docs/Web/HTTP/Status/403",2026-07-17T22:01:26.147199
figaro1854,bd6t5859965,,failed,0,0,,http_manifest,known,403,manifest,"Client error '403 ' for url 'https://openapiproext.bnf.fr/iiif/presentation/v3/ark:/12148/bd6t5859965/manifest.json'
For more information check: https://developer.mozilla.org/en-US/docs/Web/HTTP/Status/403",2026-07-17T22:01:27.343235
figaro1854,bd6t585997h,,failed,0,0,,http_manifest,known,403,manifest,"Client error '403 ' for url 'https://openapiproext.bnf.fr/iiif/presentation/v3/ark:/12148/bd6t585997h/manifest.json'
For more information check: https://developer.mozilla.org/en-US/docs/Web/HTTP/Status/403",2026-07-17T22:01:28.550818
figaro1854,bd6t585998v,,failed,0,0,,http_manifest,known,403,manifest,"Client error '403 ' for url 'https://openapiproext.bnf.fr/iiif/presentation/v3/ark:/12148/bd6t585998v/manifest.json'
For more information check: https://developer.mozilla.org/en-US/docs/Web/HTTP/Status/403",2026-07-17T22:01:29.747146
figaro1854,bd6t5859996,,failed,0,0,,http_manifest,known,403,manifest,"Client error '403 ' for url 'https://openapiproext.bnf.fr/iiif/presentation/v3/ark:/12148/bd6t5859996/manifest.json'
For more information check: https://developer.mozilla.org/en-US/docs/Web/HTTP/Status/403",2026-07-17T22:01:30.977347
figaro1854,bd6t5860002,,failed,0,0,,http_manifest,known,403,manifest,"Client error '403 ' for url 'https://openapiproext.bnf.fr/iiif/presentation/v3/ark:/12148/bd6t5860002/manifest.json'
For more information check: https://developer.mozilla.org/en-US/docs/Web/HTTP/Status/403",2026-07-17T22:01:32.155430
figaro1854,bd6t586001d,,failed,0,0,,http_manifest,known,403,manifest,"Client error '403 ' for url 'https://openapiproext.bnf.fr/iiif/presentation/v3/ark:/12148/bd6t586001d/manifest.json'
For more information check: https://developer.mozilla.org/en-US/docs/Web/HTTP/Status/403",2026-07-17T22:01:33.353735
figaro1854,bd6t586002r,,failed,0,0,,http_manifest,known,403,manifest,"Client error '403 ' for url 'https://openapiproext.bnf.fr/iiif/presentation/v3/ark:/12148/bd6t586002r/manifest.json'
For more information check: https://developer.mozilla.org/en-US/docs/Web/HTTP/Status/403",2026-07-17T22:01:34.552986
figaro1854,bd6t5860033,,failed,0,0,,http_manifest,known,403,manifest,"Client error '403 ' for url 'https://openapiproext.bnf.fr/iiif/presentation/v3/ark:/12148/bd6t5860033/manifest.json'
For more information check: https://developer.mozilla.org/en-US/docs/Web/HTTP/Status/403",2026-07-17T22:01:35.755381
figaro1854,bd6t586004f,,failed,0,0,,http_manifest,known,403,manifest,"Client error '403 ' for url 'https://openapiproext.bnf.fr/iiif/presentation/v3/ark:/12148/bd6t586004f/manifest.json'
For more information check: https://developer.mozilla.org/en-US/docs/Web/HTTP/Status/403",2026-07-17T22:01:36.956256
figaro1854,bd6t586005s,,failed,0,0,,http_manifest,known,403,manifest,"Client error '403 ' for url 'https://openapiproext.bnf.fr/iiif/presentation/v3/ark:/12148/bd6t586005s/manifest.json'
For more information check: https://developer.mozilla.org/en-US/docs/Web/HTTP/Status/403",2026-07-17T22:01:38.155466
figaro1854,bd6t5860064,,failed,0,0,,http_manifest,known,403,manifest,"Client error '403 ' for url 'https://openapiproext.bnf.fr/iiif/presentation/v3/ark:/12148/bd6t5860064/manifest.json'
For more information check: https://developer.mozilla.org/en-US/docs/Web/HTTP/Status/403",2026-07-17T22:01:39.366266
figaro1854,bd6t586007g,,failed,0,0,,http_manifest,known,403,manifest,"Client error '403 ' for url 'https://openapiproext.bnf.fr/iiif/presentation/v3/ark:/12148/bd6t586007g/manifest.json'
For more information check: https://developer.mozilla.org/en-US/docs/Web/HTTP/Status/403",2026-07-17T22:01:40.570052
figaro1854,bd6t586008t,,failed,0,0,,http_manifest,known,403,manifest,"Client error '403 ' for url 'https://openapiproext.bnf.fr/iiif/presentation/v3/ark:/12148/bd6t586008t/manifest.json'
For more information check: https://developer.mozilla.org/en-US/docs/Web/HTTP/Status/403",2026-07-17T22:01:41.768453
figaro1854,bd6t5860095,,failed,0,0,,http_manifest,known,403,manifest,"Client error '403 ' for url 'https://openapiproext.bnf.fr/iiif/presentation/v3/ark:/12148/bd6t5860095/manifest.json'
For more information check: https://developer.mozilla.org/en-US/docs/Web/HTTP/Status/403",2026-07-17T22:01:42.990489
figaro1854,bd6t586010c,,failed,0,0,,http_manifest,known,403,manifest,"Client error '403 ' for url 'https://openapiproext.bnf.fr/iiif/presentation/v3/ark:/12148/bd6t586010c/manifest.json'
For more information check: https://developer.mozilla.org/en-US/docs/Web/HTTP/Status/403",2026-07-17T22:01:44.165390
figaro1854,bd6t586011q,,failed,0,0,,http_manifest,known,403,manifest,"Client error '403 ' for url 'https://openapiproext.bnf.fr/iiif/presentation/v3/ark:/12148/bd6t586011q/manifest.json'
For more information check: https://developer.mozilla.org/en-US/docs/Web/HTTP/Status/403",2026-07-17T22:01:45.366573
figaro1854,bd6t5860122,,failed,0,0,,http_manifest,known,403,manifest,"Client error '403 ' for url 'https://openapiproext.bnf.fr/iiif/presentation/v3/ark:/12148/bd6t5860122/manifest.json'
For more information check: https://developer.mozilla.org/en-US/docs/Web/HTTP/Status/403",2026-07-17T22:01:46.572872
figaro1854,bd6t586013d,,failed,0,0,,http_manifest,known,403,manifest,"Client error '403 ' for url 'https://openapiproext.bnf.fr/iiif/presentation/v3/ark:/12148/bd6t586013d/manifest.json'
For more information check: https://developer.mozilla.org/en-US/docs/Web/HTTP/Status/403",2026-07-17T22:01:47.774353
figaro1854,bd6t586014r,,failed,0,0,,http_manifest,known,403,manifest,"Client error '403 ' for url 'https://openapiproext.bnf.fr/iiif/presentation/v3/ark:/12148/bd6t586014r/manifest.json'
For more information check: https://developer.mozilla.org/en-US/docs/Web/HTTP/Status/403",2026-07-17T22:01:49.000602
figaro1854,bd6t5860153,,failed,0,0,,http_manifest,known,403,manifest,"Client error '403 ' for url 'https://openapiproext.bnf.fr/iiif/presentation/v3/ark:/12148/bd6t5860153/manifest.json'
For more information check: https://developer.mozilla.org/en-US/docs/Web/HTTP/Status/403",2026-07-17T22:01:50.174049
figaro1854,bd6t586477r,,failed,0,0,,http_manifest,known,403,manifest,"Client error '403 ' for url 'https://openapiproext.bnf.fr/iiif/presentation/v3/ark:/12148/bd6t586477r/manifest.json'
For more information check: https://developer.mozilla.org/en-US/docs/Web/HTTP/Status/403",2026-07-17T22:01:51.388833
figaro1854,bd6t5864783,,failed,0,0,,http_manifest,known,403,manifest,"Client error '403 ' for url 'https://openapiproext.bnf.fr/iiif/presentation/v3/ark:/12148/bd6t5864783/manifest.json'
For more information check: https://developer.mozilla.org/en-US/docs/Web/HTTP/Status/403",2026-07-17T22:01:52.577416
figaro1854,bd6t586479f,,failed,0,0,,http_manifest,known,403,manifest,"Client error '403 ' for url 'https://openapiproext.bnf.fr/iiif/presentation/v3/ark:/12148/bd6t586479f/manifest.json'
For more information check: https://developer.mozilla.org/en-US/docs/Web/HTTP/Status/403",2026-07-17T22:01:53.777681
figaro1854,bd6t586480n,,failed,0,0,,http_manifest,known,403,manifest,"Client error '403 ' for url 'https://openapiproext.bnf.fr/iiif/presentation/v3/ark:/12148/bd6t586480n/manifest.json'
For more information check: https://developer.mozilla.org/en-US/docs/Web/HTTP/Status/403",2026-07-17T22:01:54.985039
figaro1854,bd6t5864810,,failed,0,0,,http_manifest,known,403,manifest,"Client error '403 ' for url 'https://openapiproext.bnf.fr/iiif/presentation/v3/ark:/12148/bd6t5864810/manifest.json'
For more information check: https://developer.mozilla.org/en-US/docs/Web/HTTP/Status/403",2026-07-17T22:01:56.186020
figaro1854,bd6t586482b,,failed,0,0,,http_manifest,known,403,manifest,"Client error '403 ' for url 'https://openapiproext.bnf.fr/iiif/presentation/v3/ark:/12148/bd6t586482b/manifest.json'
For more information check: https://developer.mozilla.org/en-US/docs/Web/HTTP/Status/403",2026-07-17T22:01:57.384691
figaro1854,bd6t586483p,,failed,0,0,,http_manifest,known,403,manifest,"Client error '403 ' for url 'https://openapiproext.bnf.fr/iiif/presentation/v3/ark:/12148/bd6t586483p/manifest.json'
For more information check: https://developer.mozilla.org/en-US/docs/Web/HTTP/Status/403",2026-07-17T22:01:58.772477
figaro1854,bd6t5864841,,failed,0,0,,http_manifest,known,403,manifest,"Client error '403 ' for url 'https://openapiproext.bnf.fr/iiif/presentation/v3/ark:/12148/bd6t5864841/manifest.json'
For more information check: https://developer.mozilla.org/en-US/docs/Web/HTTP/Status/403",2026-07-17T22:01:59.952670
figaro1854,bd6t586485c,,failed,0,0,,http_manifest,known,403,manifest,"Client error '403 ' for url 'https://openapiproext.bnf.fr/iiif/presentation/v3/ark:/12148/bd6t586485c/manifest.json'
For more information check: https://developer.mozilla.org/en-US/docs/Web/HTTP/Status/403",2026-07-17T22:02:01.018087
figaro1854,bd6t586486q,,failed,0,0,,http_manifest,known,403,manifest,"Client error '403 ' for url 'https://openapiproext.bnf.fr/iiif/presentation/v3/ark:/12148/bd6t586486q/manifest.json'
For more information check: https://developer.mozilla.org/en-US/docs/Web/HTTP/Status/403",2026-07-17T22:02:02.376184
figaro1854,bd6t5864872,,failed,0,0,,http_manifest,known,403,manifest,"Client error '403 ' for url 'https://openapiproext.bnf.fr/iiif/presentation/v3/ark:/12148/bd6t5864872/manifest.json'
For more information check: https://developer.mozilla.org/en-US/docs/Web/HTTP/Status/403",2026-07-17T22:02:03.576649
figaro1854,bd6t586488d,,failed,0,0,,http_manifest,known,403,manifest,"Client error '403 ' for url 'https://openapiproext.bnf.fr/iiif/presentation/v3/ark:/12148/bd6t586488d/manifest.json'
For more information check: https://developer.mozilla.org/en-US/docs/Web/HTTP/Status/403",2026-07-17T22:02:04.838476
figaro1854,bd6t586489r,,failed,0,0,,http_manifest,known,403,manifest,"Client error '403 ' for url 'https://openapiproext.bnf.fr/iiif/presentation/v3/ark:/12148/bd6t586489r/manifest.json'
For more information check: https://developer.mozilla.org/en-US/docs/Web/HTTP/Status/403",2026-07-17T22:02:05.964505
figaro1854,bd6t586490z,,failed,0,0,,http_manifest,known,403,manifest,"Client error '403 ' for url 'https://openapiproext.bnf.fr/iiif/presentation/v3/ark:/12148/bd6t586490z/manifest.json'
For more information check: https://developer.mozilla.org/en-US/docs/Web/HTTP/Status/403",2026-07-17T22:02:07.161436
figaro1854,bd6t5864919,,failed,0,0,,http_manifest,known,403,manifest,"Client error '403 ' for url 'https://openapiproext.bnf.fr/iiif/presentation/v3/ark:/12148/bd6t5864919/manifest.json'
For more information check: https://developer.mozilla.org/en-US/docs/Web/HTTP/Status/403",2026-07-17T22:02:08.195775
figaro1854,bd6t586492n,,failed,0,0,,http_manifest,known,403,manifest,"Client error '403 ' for url 'https://openapiproext.bnf.fr/iiif/presentation/v3/ark:/12148/bd6t586492n/manifest.json'
For more information check: https://developer.mozilla.org/en-US/docs/Web/HTTP/Status/403",2026-07-17T22:02:09.397718
figaro1854,bd6t5864930,,failed,0,0,,http_manifest,known,403,manifest,"Client error '403 ' for url 'https://openapiproext.bnf.fr/iiif/presentation/v3/ark:/12148/bd6t5864930/manifest.json'
For more information check: https://developer.mozilla.org/en-US/docs/Web/HTTP/Status/403",2026-07-17T22:02:10.763340
figaro1854,bd6t586494b,,failed,0,0,,http_manifest,known,403,manifest,"Client error '403 ' for url 'https://openapiproext.bnf.fr/iiif/presentation/v3/ark:/12148/bd6t586494b/manifest.json'
For more information check: https://developer.mozilla.org/en-US/docs/Web/HTTP/Status/403",2026-07-17T22:02:11.973608
figaro1854,bd6t586495p,,failed,0,0,,http_manifest,known,403,manifest,"Client error '403 ' for url 'https://openapiproext.bnf.fr/iiif/presentation/v3/ark:/12148/bd6t586495p/manifest.json'
For more information check: https://developer.mozilla.org/en-US/docs/Web/HTTP/Status/403",2026-07-17T22:02:13.016405
figaro1854,bd6t5864961,,failed,0,0,,http_manifest,known,403,manifest,"Client error '403 ' for url 'https://openapiproext.bnf.fr/iiif/presentation/v3/ark:/12148/bd6t5864961/manifest.json'
For more information check: https://developer.mozilla.org/en-US/docs/Web/HTTP/Status/403",2026-07-17T22:02:14.206975
figaro1854,bd6t586497c,,failed,0,0,,http_manifest,known,403,manifest,"Client error '403 ' for url 'https://openapiproext.bnf.fr/iiif/presentation/v3/ark:/12148/bd6t586497c/manifest.json'
For more information check: https://developer.mozilla.org/en-US/docs/Web/HTTP/Status/403",2026-07-17T22:02:15.408046
figaro1854,bd6t586498q,,failed,0,0,,http_manifest,known,403,manifest,"Client error '403 ' for url 'https://openapiproext.bnf.fr/iiif/presentation/v3/ark:/12148/bd6t586498q/manifest.json'
For more information check: https://developer.mozilla.org/en-US/docs/Web/HTTP/Status/403",2026-07-17T22:02:16.763441
figaro1854,bd6t5864992,,failed,0,0,,http_manifest,known,403,manifest,"Client error '403 ' for url 'https://openapiproext.bnf.fr/iiif/presentation/v3/ark:/12148/bd6t5864992/manifest.json'
For more information check: https://developer.mozilla.org/en-US/docs/Web/HTTP/Status/403",2026-07-17T22:02:17.813487
figaro1854,bd6t586500f,,failed,0,0,,http_manifest,known,403,manifest,"Client error '403 ' for url 'https://openapiproext.bnf.fr/iiif/presentation/v3/ark:/12148/bd6t586500f/manifest.json'
For more information check: https://developer.mozilla.org/en-US/docs/Web/HTTP/Status/403",2026-07-17T22:02:19.130345
figaro1854,bd6t586501s,,failed,0,0,,http_manifest,known,403,manifest,"Client error '403 ' for url 'https://openapiproext.bnf.fr/iiif/presentation/v3/ark:/12148/bd6t586501s/manifest.json'
For more information check: https://developer.mozilla.org/en-US/docs/Web/HTTP/Status/403",2026-07-17T22:02:20.220739
figaro1854,bd6t5865024,,failed,0,0,,http_manifest,known,403,manifest,"Client error '403 ' for url 'https://openapiproext.bnf.fr/iiif/presentation/v3/ark:/12148/bd6t5865024/manifest.json'
For more information check: https://developer.mozilla.org/en-US/docs/Web/HTTP/Status/403",2026-07-17T22:02:21.411360
figaro1854,bd6t586503g,,failed,0,0,,http_manifest,known,403,manifest,"Client error '403 ' for url 'https://openapiproext.bnf.fr/iiif/presentation/v3/ark:/12148/bd6t586503g/manifest.json'
For more information check: https://developer.mozilla.org/en-US/docs/Web/HTTP/Status/403",2026-07-17T22:02:22.640937
figaro1854,bd6t586504t,,failed,0,0,,http_manifest,known,403,manifest,"Client error '403 ' for url 'https://openapiproext.bnf.fr/iiif/presentation/v3/ark:/12148/bd6t586504t/manifest.json'
For more information check: https://developer.mozilla.org/en-US/docs/Web/HTTP/Status/403",2026-07-17T22:02:23.816369
figaro1854,bd6t5865055,,failed,0,0,,http_manifest,known,403,manifest,"Client error '403 ' for url 'https://openapiproext.bnf.fr/iiif/presentation/v3/ark:/12148/bd6t5865055/manifest.json'
For more information check: https://developer.mozilla.org/en-US/docs/Web/HTTP/Status/403",2026-07-17T22:02:25.018644
figaro1854,bd6t586506h,,failed,0,0,,http_manifest,known,403,manifest,"Client error '403 ' for url 'https://openapiproext.bnf.fr/iiif/presentation/v3/ark:/12148/bd6t586506h/manifest.json'
For more information check: https://developer.mozilla.org/en-US/docs/Web/HTTP/Status/403",2026-07-17T22:02:26.220814
figaro1854,bd6t586507v,,failed,0,0,,http_manifest,known,403,manifest,"Client error '403 ' for url 'https://openapiproext.bnf.fr/iiif/presentation/v3/ark:/12148/bd6t586507v/manifest.json'
For more information check: https://developer.mozilla.org/en-US/docs/Web/HTTP/Status/403",2026-07-17T22:02:27.431895
figaro1854,bd6t5865086,,failed,0,0,,http_manifest,known,403,manifest,"Client error '403 ' for url 'https://openapiproext.bnf.fr/iiif/presentation/v3/ark:/12148/bd6t5865086/manifest.json'
For more information check: https://developer.mozilla.org/en-US/docs/Web/HTTP/Status/403",2026-07-17T22:02:28.627392
figaro1854,bd6t586509j,,failed,0,0,,http_manifest,known,403,manifest,"Client error '403 ' for url 'https://openapiproext.bnf.fr/iiif/presentation/v3/ark:/12148/bd6t586509j/manifest.json'
For more information check: https://developer.mozilla.org/en-US/docs/Web/HTTP/Status/403",2026-07-17T22:02:29.834090
figaro1854,bd6t586510r,,failed,0,0,,http_manifest,known,403,manifest,"Client error '403 ' for url 'https://openapiproext.bnf.fr/iiif/presentation/v3/ark:/12148/bd6t586510r/manifest.json'
For more information check: https://developer.mozilla.org/en-US/docs/Web/HTTP/Status/403",2026-07-17T22:02:31.026699
figaro1854,bd6t5865113,,failed,0,0,,http_manifest,known,403,manifest,"Client error '403 ' for url 'https://openapiproext.bnf.fr/iiif/presentation/v3/ark:/12148/bd6t5865113/manifest.json'
For more information check: https://developer.mozilla.org/en-US/docs/Web/HTTP/Status/403",2026-07-17T22:02:32.230314
figaro1854,bd6t586512f,,failed,0,0,,http_manifest,known,403,manifest,"Client error '403 ' for url 'https://openapiproext.bnf.fr/iiif/presentation/v3/ark:/12148/bd6t586512f/manifest.json'
For more information check: https://developer.mozilla.org/en-US/docs/Web/HTTP/Status/403",2026-07-17T22:02:33.436596
figaro1854,bd6t586513s,,failed,0,0,,http_manifest,known,403,manifest,"Client error '403 ' for url 'https://openapiproext.bnf.fr/iiif/presentation/v3/ark:/12148/bd6t586513s/manifest.json'
For more information check: https://developer.mozilla.org/en-US/docs/Web/HTTP/Status/403",2026-07-17T22:02:34.647423
figaro1854,bd6t5865144,,failed,0,0,,http_manifest,known,403,manifest,"Client error '403 ' for url 'https://openapiproext.bnf.fr/iiif/presentation/v3/ark:/12148/bd6t5865144/manifest.json'
For more information check: https://developer.mozilla.org/en-US/docs/Web/HTTP/Status/403",2026-07-17T22:02:35.828667
figaro1854,bd6t586515g,,failed,0,0,,http_manifest,known,403,manifest,"Client error '403 ' for url 'https://openapiproext.bnf.fr/iiif/presentation/v3/ark:/12148/bd6t586515g/manifest.json'
For more information check: https://developer.mozilla.org/en-US/docs/Web/HTTP/Status/403",2026-07-17T22:02:37.041112
figaro1854,bd6t586516t,,failed,0,0,,http_manifest,known,403,manifest,"Client error '403 ' for url 'https://openapiproext.bnf.fr/iiif/presentation/v3/ark:/12148/bd6t586516t/manifest.json'
For more information check: https://developer.mozilla.org/en-US/docs/Web/HTTP/Status/403",2026-07-17T22:02:38.240344
figaro1854,bd6t5864005,,failed,0,0,,http_manifest,known,403,manifest,"Client error '403 ' for url 'https://openapiproext.bnf.fr/iiif/presentation/v3/ark:/12148/bd6t5864005/manifest.json'
For more information check: https://developer.mozilla.org/en-US/docs/Web/HTTP/Status/403",2026-07-17T22:02:39.444253
figaro1854,bd6t586401h,,failed,0,0,,http_manifest,known,403,manifest,"Client error '403 ' for url 'https://openapiproext.bnf.fr/iiif/presentation/v3/ark:/12148/bd6t586401h/manifest.json'
For more information check: https://developer.mozilla.org/en-US/docs/Web/HTTP/Status/403",2026-07-17T22:02:40.660296
figaro1854,bd6t586402v,,failed,0,0,,http_manifest,known,403,manifest,"Client error '403 ' for url 'https://openapiproext.bnf.fr/iiif/presentation/v3/ark:/12148/bd6t586402v/manifest.json'
For more information check: https://developer.mozilla.org/en-US/docs/Web/HTTP/Status/403",2026-07-17T22:02:41.841578
figaro1854,bd6t5864036,,failed,0,0,,http_manifest,known,403,manifest,"Client error '403 ' for url 'https://openapiproext.bnf.fr/iiif/presentation/v3/ark:/12148/bd6t5864036/manifest.json'
For more information check: https://developer.mozilla.org/en-US/docs/Web/HTTP/Status/403",2026-07-17T22:02:43.044518
figaro1854,bd6t586404j,,failed,0,0,,http_manifest,known,403,manifest,"Client error '403 ' for url 'https://openapiproext.bnf.fr/iiif/presentation/v3/ark:/12148/bd6t586404j/manifest.json'
For more information check: https://developer.mozilla.org/en-US/docs/Web/HTTP/Status/403",2026-07-17T22:02:44.244381
figaro1854,bd6t586405w,,failed,0,0,,http_manifest,known,403,manifest,"Client error '403 ' for url 'https://openapiproext.bnf.fr/iiif/presentation/v3/ark:/12148/bd6t586405w/manifest.json'
For more information check: https://developer.mozilla.org/en-US/docs/Web/HTTP/Status/403",2026-07-17T22:02:45.444764
figaro1854,bd6t5864067,,failed,0,0,,http_manifest,known,403,manifest,"Client error '403 ' for url 'https://openapiproext.bnf.fr/iiif/presentation/v3/ark:/12148/bd6t5864067/manifest.json'
For more information check: https://developer.mozilla.org/en-US/docs/Web/HTTP/Status/403",2026-07-17T22:02:46.643779
figaro1854,bd6t586407k,,failed,0,0,,http_manifest,known,403,manifest,"Client error '403 ' for url 'https://openapiproext.bnf.fr/iiif/presentation/v3/ark:/12148/bd6t586407k/manifest.json'
For more information check: https://developer.mozilla.org/en-US/docs/Web/HTTP/Status/403",2026-07-17T22:02:47.846455
figaro1854,bd6t586408x,,failed,0,0,,http_manifest,known,403,manifest,"Client error '403 ' for url 'https://openapiproext.bnf.fr/iiif/presentation/v3/ark:/12148/bd6t586408x/manifest.json'
For more information check: https://developer.mozilla.org/en-US/docs/Web/HTTP/Status/403",2026-07-17T22:02:49.047592
figaro1854,bd6t5864098,,failed,0,0,,http_manifest,known,403,manifest,"Client error '403 ' for url 'https://openapiproext.bnf.fr/iiif/presentation/v3/ark:/12148/bd6t5864098/manifest.json'
For more information check: https://developer.mozilla.org/en-US/docs/Web/HTTP/Status/403",2026-07-17T22:02:50.257589
figaro1854,bd6t586410g,,failed,0,0,,http_manifest,known,403,manifest,"Client error '403 ' for url 'https://openapiproext.bnf.fr/iiif/presentation/v3/ark:/12148/bd6t586410g/manifest.json'
For more information check: https://developer.mozilla.org/en-US/docs/Web/HTTP/Status/403",2026-07-17T22:02:51.448101
figaro1854,bd6t586411t,,failed,0,0,,http_manifest,known,403,manifest,"Client error '403 ' for url 'https://openapiproext.bnf.fr/iiif/presentation/v3/ark:/12148/bd6t586411t/manifest.json'
For more information check: https://developer.mozilla.org/en-US/docs/Web/HTTP/Status/403",2026-07-17T22:02:52.676150
figaro1854,bd6t5864125,,failed,0,0,,http_manifest,known,403,manifest,"Client error '403 ' for url 'https://openapiproext.bnf.fr/iiif/presentation/v3/ark:/12148/bd6t5864125/manifest.json'
For more information check: https://developer.mozilla.org/en-US/docs/Web/HTTP/Status/403",2026-07-17T22:02:53.853763
figaro1854,bd6t586413h,,failed,0,0,,http_manifest,known,403,manifest,"Client error '403 ' for url 'https://openapiproext.bnf.fr/iiif/presentation/v3/ark:/12148/bd6t586413h/manifest.json'
For more information check: https://developer.mozilla.org/en-US/docs/Web/HTTP/Status/403",2026-07-17T22:02:55.057020
figaro1854,bd6t586414v,,failed,0,0,,http_manifest,known,403,manifest,"Client error '403 ' for url 'https://openapiproext.bnf.fr/iiif/presentation/v3/ark:/12148/bd6t586414v/manifest.json'
For more information check: https://developer.mozilla.org/en-US/docs/Web/HTTP/Status/403",2026-07-17T22:02:56.255980
figaro1854,bd6t5864156,,failed,0,0,,http_manifest,known,403,manifest,"Client error '403 ' for url 'https://openapiproext.bnf.fr/iiif/presentation/v3/ark:/12148/bd6t5864156/manifest.json'
For more information check: https://developer.mozilla.org/en-US/docs/Web/HTTP/Status/403",2026-07-17T22:02:57.454673
figaro1854,bd6t586416j,,failed,0,0,,http_manifest,known,403,manifest,"Client error '403 ' for url 'https://openapiproext.bnf.fr/iiif/presentation/v3/ark:/12148/bd6t586416j/manifest.json'
For more information check: https://developer.mozilla.org/en-US/docs/Web/HTTP/Status/403",2026-07-17T22:02:58.662063
figaro1854,bd6t586417w,,failed,0,0,,http_manifest,known,403,manifest,"Client error '403 ' for url 'https://openapiproext.bnf.fr/iiif/presentation/v3/ark:/12148/bd6t586417w/manifest.json'
For more information check: https://developer.mozilla.org/en-US/docs/Web/HTTP/Status/403",2026-07-17T22:02:59.893456
figaro1854,bd6t5864187,,failed,0,0,,http_manifest,known,403,manifest,"Client error '403 ' for url 'https://openapiproext.bnf.fr/iiif/presentation/v3/ark:/12148/bd6t5864187/manifest.json'
For more information check: https://developer.mozilla.org/en-US/docs/Web/HTTP/Status/403",2026-07-17T22:03:01.064504
figaro1854,bd6t586419k,,failed,0,0,,http_manifest,known,403,manifest,"Client error '403 ' for url 'https://openapiproext.bnf.fr/iiif/presentation/v3/ark:/12148/bd6t586419k/manifest.json'
For more information check: https://developer.mozilla.org/en-US/docs/Web/HTTP/Status/403",2026-07-17T22:03:02.270302
figaro1854,bd6t586420s,,failed,0,0,,http_manifest,known,403,manifest,"Client error '403 ' for url 'https://openapiproext.bnf.fr/iiif/presentation/v3/ark:/12148/bd6t586420s/manifest.json'
For more information check: https://developer.mozilla.org/en-US/docs/Web/HTTP/Status/403",2026-07-17T22:03:03.466987
figaro1854,bd6t5864214,,failed,0,0,,http_manifest,known,403,manifest,"Client error '403 ' for url 'https://openapiproext.bnf.fr/iiif/presentation/v3/ark:/12148/bd6t5864214/manifest.json'
For more information check: https://developer.mozilla.org/en-US/docs/Web/HTTP/Status/403",2026-07-17T22:03:04.818991
figaro1854,bd6t586422g,,failed,0,0,,http_manifest,known,403,manifest,"Client error '403 ' for url 'https://openapiproext.bnf.fr/iiif/presentation/v3/ark:/12148/bd6t586422g/manifest.json'
For more information check: https://developer.mozilla.org/en-US/docs/Web/HTTP/Status/403",2026-07-17T22:03:05.874961
figaro1854,bd6t586423t,,failed,0,0,,http_manifest,known,403,manifest,"Client error '403 ' for url 'https://openapiproext.bnf.fr/iiif/presentation/v3/ark:/12148/bd6t586423t/manifest.json'
For more information check: https://developer.mozilla.org/en-US/docs/Web/HTTP/Status/403",2026-07-17T22:03:07.070181
figaro1854,bd6t5864245,,failed,0,0,,http_manifest,known,403,manifest,"Client error '403 ' for url 'https://openapiproext.bnf.fr/iiif/presentation/v3/ark:/12148/bd6t5864245/manifest.json'
For more information check: https://developer.mozilla.org/en-US/docs/Web/HTTP/Status/403",2026-07-17T22:03:08.272100
figaro1854,bd6t586425h,,failed,0,0,,http_manifest,known,403,manifest,"Client error '403 ' for url 'https://openapiproext.bnf.fr/iiif/presentation/v3/ark:/12148/bd6t586425h/manifest.json'
For more information check: https://developer.mozilla.org/en-US/docs/Web/HTTP/Status/403",2026-07-17T22:03:09.485474
figaro1854,bd6t586426v,,failed,0,0,,http_manifest,known,403,manifest,"Client error '403 ' for url 'https://openapiproext.bnf.fr/iiif/presentation/v3/ark:/12148/bd6t586426v/manifest.json'
For more information check: https://developer.mozilla.org/en-US/docs/Web/HTTP/Status/403",2026-07-17T22:03:10.700095
figaro1854,bd6t5864276,,failed,0,0,,http_manifest,known,403,manifest,"Client error '403 ' for url 'https://openapiproext.bnf.fr/iiif/presentation/v3/ark:/12148/bd6t5864276/manifest.json'
For more information check: https://developer.mozilla.org/en-US/docs/Web/HTTP/Status/403",2026-07-17T22:03:11.878362
figaro1854,bd6t586428j,,failed,0,0,,http_manifest,known,403,manifest,"Client error '403 ' for url 'https://openapiproext.bnf.fr/iiif/presentation/v3/ark:/12148/bd6t586428j/manifest.json'
For more information check: https://developer.mozilla.org/en-US/docs/Web/HTTP/Status/403",2026-07-17T22:03:13.076564
figaro1854,bd6t586429w,,failed,0,0,,http_manifest,known,403,manifest,"Client error '403 ' for url 'https://openapiproext.bnf.fr/iiif/presentation/v3/ark:/12148/bd6t586429w/manifest.json'
For more information check: https://developer.mozilla.org/en-US/docs/Web/HTTP/Status/403",2026-07-17T22:03:14.281856
figaro1854,bd6t5864303,,failed,0,0,,http_manifest,known,403,manifest,"Client error '403 ' for url 'https://openapiproext.bnf.fr/iiif/presentation/v3/ark:/12148/bd6t5864303/manifest.json'
For more information check: https://developer.mozilla.org/en-US/docs/Web/HTTP/Status/403",2026-07-17T22:03:15.480500
figaro1854,bd6t586431f,,failed,0,0,,http_manifest,known,403,manifest,"Client error '403 ' for url 'https://openapiproext.bnf.fr/iiif/presentation/v3/ark:/12148/bd6t586431f/manifest.json'
For more information check: https://developer.mozilla.org/en-US/docs/Web/HTTP/Status/403",2026-07-17T22:03:16.682813
figaro1854,bd6t586432s,,failed,0,0,,http_manifest,known,403,manifest,"Client error '403 ' for url 'https://openapiproext.bnf.fr/iiif/presentation/v3/ark:/12148/bd6t586432s/manifest.json'
For more information check: https://developer.mozilla.org/en-US/docs/Web/HTTP/Status/403",2026-07-17T22:03:17.884177
figaro1854,bd6t5864334,,failed,0,0,,http_manifest,known,403,manifest,"Client error '403 ' for url 'https://openapiproext.bnf.fr/iiif/presentation/v3/ark:/12148/bd6t5864334/manifest.json'
For more information check: https://developer.mozilla.org/en-US/docs/Web/HTTP/Status/403",2026-07-17T22:03:19.157603
figaro1854,bd6t586434g,,failed,0,0,,http_manifest,known,403,manifest,"Client error '403 ' for url 'https://openapiproext.bnf.fr/iiif/presentation/v3/ark:/12148/bd6t586434g/manifest.json'
For more information check: https://developer.mozilla.org/en-US/docs/Web/HTTP/Status/403",2026-07-17T22:03:20.357833
figaro1854,bd6t586435t,,failed,0,0,,http_manifest,known,403,manifest,"Client error '403 ' for url 'https://openapiproext.bnf.fr/iiif/presentation/v3/ark:/12148/bd6t586435t/manifest.json'
For more information check: https://developer.mozilla.org/en-US/docs/Web/HTTP/Status/403",2026-07-17T22:03:21.561064
figaro1854,bd6t5864365,,failed,0,0,,http_manifest,known,403,manifest,"Client error '403 ' for url 'https://openapiproext.bnf.fr/iiif/presentation/v3/ark:/12148/bd6t5864365/manifest.json'
For more information check: https://developer.mozilla.org/en-US/docs/Web/HTTP/Status/403",2026-07-17T22:03:22.786555
figaro1854,bd6t586437h,,failed,0,0,,http_manifest,known,403,manifest,"Client error '403 ' for url 'https://openapiproext.bnf.fr/iiif/presentation/v3/ark:/12148/bd6t586437h/manifest.json'
For more information check: https://developer.mozilla.org/en-US/docs/Web/HTTP/Status/403",2026-07-17T22:03:23.961812
figaro1854,bd6t586438v,,failed,0,0,,http_manifest,known,403,manifest,"Client error '403 ' for url 'https://openapiproext.bnf.fr/iiif/presentation/v3/ark:/12148/bd6t586438v/manifest.json'
For more information check: https://developer.mozilla.org/en-US/docs/Web/HTTP/Status/403",2026-07-17T22:03:25.164976
figaro1854,bd6t586362f,,failed,0,0,,http_manifest,known,403,manifest,"Client error '403 ' for url 'https://openapiproext.bnf.fr/iiif/presentation/v3/ark:/12148/bd6t586362f/manifest.json'
For more information check: https://developer.mozilla.org/en-US/docs/Web/HTTP/Status/403",2026-07-17T22:03:26.369528
figaro1854,bd6t586363s,,failed,0,0,,http_manifest,known,403,manifest,"Client error '403 ' for url 'https://openapiproext.bnf.fr/iiif/presentation/v3/ark:/12148/bd6t586363s/manifest.json'
For more information check: https://developer.mozilla.org/en-US/docs/Web/HTTP/Status/403",2026-07-17T22:03:27.568947
figaro1854,bd6t5863644,,failed,0,0,,http_manifest,known,403,manifest,"Client error '403 ' for url 'https://openapiproext.bnf.fr/iiif/presentation/v3/ark:/12148/bd6t5863644/manifest.json'
For more information check: https://developer.mozilla.org/en-US/docs/Web/HTTP/Status/403",2026-07-17T22:03:28.768491
figaro1854,bd6t586365g,,failed,0,0,,http_manifest,known,403,manifest,"Client error '403 ' for url 'https://openapiproext.bnf.fr/iiif/presentation/v3/ark:/12148/bd6t586365g/manifest.json'
For more information check: https://developer.mozilla.org/en-US/docs/Web/HTTP/Status/403",2026-07-17T22:03:29.969050
figaro1854,bd6t586366t,,failed,0,0,,http_manifest,known,403,manifest,"Client error '403 ' for url 'https://openapiproext.bnf.fr/iiif/presentation/v3/ark:/12148/bd6t586366t/manifest.json'
For more information check: https://developer.mozilla.org/en-US/docs/Web/HTTP/Status/403",2026-07-17T22:03:31.173891
figaro1854,bd6t5863675,,failed,0,0,,http_manifest,known,403,manifest,"Client error '403 ' for url 'https://openapiproext.bnf.fr/iiif/presentation/v3/ark:/12148/bd6t5863675/manifest.json'
For more information check: https://developer.mozilla.org/en-US/docs/Web/HTTP/Status/403",2026-07-17T22:03:32.373779
figaro1854,bd6t586368h,,failed,0,0,,http_manifest,known,403,manifest,"Client error '403 ' for url 'https://openapiproext.bnf.fr/iiif/presentation/v3/ark:/12148/bd6t586368h/manifest.json'
For more information check: https://developer.mozilla.org/en-US/docs/Web/HTTP/Status/403",2026-07-17T22:03:33.577325
figaro1854,bd6t586369v,,failed,0,0,,http_manifest,known,403,manifest,"Client error '403 ' for url 'https://openapiproext.bnf.fr/iiif/presentation/v3/ark:/12148/bd6t586369v/manifest.json'
For more information check: https://developer.mozilla.org/en-US/docs/Web/HTTP/Status/403",2026-07-17T22:03:34.803622
figaro1854,bd6t5863702,,failed,0,0,,http_manifest,known,403,manifest,"Client error '403 ' for url 'https://openapiproext.bnf.fr/iiif/presentation/v3/ark:/12148/bd6t5863702/manifest.json'
For more information check: https://developer.mozilla.org/en-US/docs/Web/HTTP/Status/403",2026-07-17T22:03:35.979630
figaro1854,bd6t586371d,,failed,0,0,,http_manifest,known,403,manifest,"Client error '403 ' for url 'https://openapiproext.bnf.fr/iiif/presentation/v3/ark:/12148/bd6t586371d/manifest.json'
For more information check: https://developer.mozilla.org/en-US/docs/Web/HTTP/Status/403",2026-07-17T22:03:37.181910
figaro1854,bd6t586372r,,failed,0,0,,http_manifest,known,403,manifest,"Client error '403 ' for url 'https://openapiproext.bnf.fr/iiif/presentation/v3/ark:/12148/bd6t586372r/manifest.json'
For more information check: https://developer.mozilla.org/en-US/docs/Web/HTTP/Status/403",2026-07-17T22:03:38.381146
figaro1854,bd6t5863733,,failed,0,0,,http_manifest,known,403,manifest,"Client error '403 ' for url 'https://openapiproext.bnf.fr/iiif/presentation/v3/ark:/12148/bd6t5863733/manifest.json'
For more information check: https://developer.mozilla.org/en-US/docs/Web/HTTP/Status/403",2026-07-17T22:03:39.602523
figaro1854,bd6t586374f,,failed,0,0,,http_manifest,known,403,manifest,"Client error '403 ' for url 'https://openapiproext.bnf.fr/iiif/presentation/v3/ark:/12148/bd6t586374f/manifest.json'
For more information check: https://developer.mozilla.org/en-US/docs/Web/HTTP/Status/403",2026-07-17T22:03:40.806497
figaro1854,bd6t586375s,,failed,0,0,,http_manifest,known,403,manifest,"Client error '403 ' for url 'https://openapiproext.bnf.fr/iiif/presentation/v3/ark:/12148/bd6t586375s/manifest.json'
For more information check: https://developer.mozilla.org/en-US/docs/Web/HTTP/Status/403",2026-07-17T22:03:41.988928
figaro1854,bd6t5863764,,failed,0,0,,http_manifest,known,403,manifest,"Client error '403 ' for url 'https://openapiproext.bnf.fr/iiif/presentation/v3/ark:/12148/bd6t5863764/manifest.json'
For more information check: https://developer.mozilla.org/en-US/docs/Web/HTTP/Status/403",2026-07-17T22:03:43.194586
figaro1854,bd6t586377g,,failed,0,0,,http_manifest,known,403,manifest,"Client error '403 ' for url 'https://openapiproext.bnf.fr/iiif/presentation/v3/ark:/12148/bd6t586377g/manifest.json'
For more information check: https://developer.mozilla.org/en-US/docs/Web/HTTP/Status/403",2026-07-17T22:03:44.396044
figaro1854,bd6t586378t,,failed,0,0,,http_manifest,known,403,manifest,"Client error '403 ' for url 'https://openapiproext.bnf.fr/iiif/presentation/v3/ark:/12148/bd6t586378t/manifest.json'
For more information check: https://developer.mozilla.org/en-US/docs/Web/HTTP/Status/403",2026-07-17T22:03:45.592249
figaro1854,bd6t5863795,,failed,0,0,,http_manifest,known,403,manifest,"Client error '403 ' for url 'https://openapiproext.bnf.fr/iiif/presentation/v3/ark:/12148/bd6t5863795/manifest.json'
For more information check: https://developer.mozilla.org/en-US/docs/Web/HTTP/Status/403",2026-07-17T22:03:46.799512
figaro1854,bd6t586380c,,failed,0,0,,http_manifest,known,403,manifest,"Client error '403 ' for url 'https://openapiproext.bnf.fr/iiif/presentation/v3/ark:/12148/bd6t586380c/manifest.json'
For more information check: https://developer.mozilla.org/en-US/docs/Web/HTTP/Status/403",2026-07-17T22:03:47.995256
figaro1854,bd6t586381q,,failed,0,0,,http_manifest,known,403,manifest,"Client error '403 ' for url 'https://openapiproext.bnf.fr/iiif/presentation/v3/ark:/12148/bd6t586381q/manifest.json'
For more information check: https://developer.mozilla.org/en-US/docs/Web/HTTP/Status/403",2026-07-17T22:03:49.202326
figaro1854,bd6t5863822,,failed,0,0,,http_manifest,known,403,manifest,"Client error '403 ' for url 'https://openapiproext.bnf.fr/iiif/presentation/v3/ark:/12148/bd6t5863822/manifest.json'
For more information check: https://developer.mozilla.org/en-US/docs/Web/HTTP/Status/403",2026-07-17T22:03:50.399317
figaro1854,bd6t586383d,,failed,0,0,,http_manifest,known,403,manifest,"Client error '403 ' for url 'https://openapiproext.bnf.fr/iiif/presentation/v3/ark:/12148/bd6t586383d/manifest.json'
For more information check: https://developer.mozilla.org/en-US/docs/Web/HTTP/Status/403",2026-07-17T22:03:51.608072
figaro1854,bd6t586384r,,failed,0,0,,http_manifest,known,403,manifest,"Client error '403 ' for url 'https://openapiproext.bnf.fr/iiif/presentation/v3/ark:/12148/bd6t586384r/manifest.json'
For more information check: https://developer.mozilla.org/en-US/docs/Web/HTTP/Status/403",2026-07-17T22:03:52.830311
figaro1854,bd6t5863853,,failed,0,0,,http_manifest,known,403,manifest,"Client error '403 ' for url 'https://openapiproext.bnf.fr/iiif/presentation/v3/ark:/12148/bd6t5863853/manifest.json'
For more information check: https://developer.mozilla.org/en-US/docs/Web/HTTP/Status/403",2026-07-17T22:03:54.008138
figaro1854,bd6t586386f,,failed,0,0,,http_manifest,known,403,manifest,"Client error '403 ' for url 'https://openapiproext.bnf.fr/iiif/presentation/v3/ark:/12148/bd6t586386f/manifest.json'
For more information check: https://developer.mozilla.org/en-US/docs/Web/HTTP/Status/403",2026-07-17T22:03:55.214190
figaro1854,bd6t586387s,,failed,0,0,,http_manifest,known,403,manifest,"Client error '403 ' for url 'https://openapiproext.bnf.fr/iiif/presentation/v3/ark:/12148/bd6t586387s/manifest.json'
For more information check: https://developer.mozilla.org/en-US/docs/Web/HTTP/Status/403",2026-07-17T22:03:56.411850
figaro1854,bd6t5863884,,failed,0,0,,http_manifest,known,403,manifest,"Client error '403 ' for url 'https://openapiproext.bnf.fr/iiif/presentation/v3/ark:/12148/bd6t5863884/manifest.json'
For more information check: https://developer.mozilla.org/en-US/docs/Web/HTTP/Status/403",2026-07-17T22:03:57.614682
figaro1854,bd6t586389g,,failed,0,0,,http_manifest,known,403,manifest,"Client error '403 ' for url 'https://openapiproext.bnf.fr/iiif/presentation/v3/ark:/12148/bd6t586389g/manifest.json'
For more information check: https://developer.mozilla.org/en-US/docs/Web/HTTP/Status/403",2026-07-17T22:03:58.817950
figaro1854,bd6t586390p,,failed,0,0,,http_manifest,known,403,manifest,"Client error '403 ' for url 'https://openapiproext.bnf.fr/iiif/presentation/v3/ark:/12148/bd6t586390p/manifest.json'
For more information check: https://developer.mozilla.org/en-US/docs/Web/HTTP/Status/403",2026-07-17T22:04:00.015276
figaro1854,bd6t5863911,,failed,0,0,,http_manifest,known,403,manifest,"Client error '403 ' for url 'https://openapiproext.bnf.fr/iiif/presentation/v3/ark:/12148/bd6t5863911/manifest.json'
For more information check: https://developer.mozilla.org/en-US/docs/Web/HTTP/Status/403",2026-07-17T22:04:01.220060
figaro1854,bd6t586392c,,failed,0,0,,http_manifest,known,403,manifest,"Client error '403 ' for url 'https://openapiproext.bnf.fr/iiif/presentation/v3/ark:/12148/bd6t586392c/manifest.json'
For more information check: https://developer.mozilla.org/en-US/docs/Web/HTTP/Status/403",2026-07-17T22:04:02.424244
figaro1854,bd6t586393q,,failed,0,0,,http_manifest,known,403,manifest,"Client error '403 ' for url 'https://openapiproext.bnf.fr/iiif/presentation/v3/ark:/12148/bd6t586393q/manifest.json'
For more information check: https://developer.mozilla.org/en-US/docs/Web/HTTP/Status/403",2026-07-17T22:04:03.622933
figaro1854,bd6t5863942,,failed,0,0,,http_manifest,known,403,manifest,"Client error '403 ' for url 'https://openapiproext.bnf.fr/iiif/presentation/v3/ark:/12148/bd6t5863942/manifest.json'
For more information check: https://developer.mozilla.org/en-US/docs/Web/HTTP/Status/403",2026-07-17T22:04:04.856993
figaro1854,bd6t586395d,,failed,0,0,,http_manifest,known,403,manifest,"Client error '403 ' for url 'https://openapiproext.bnf.fr/iiif/presentation/v3/ark:/12148/bd6t586395d/manifest.json'
For more information check: https://developer.mozilla.org/en-US/docs/Web/HTTP/Status/403",2026-07-17T22:04:06.033383
figaro1854,bd6t586396r,,failed,0,0,,http_manifest,known,403,manifest,"Client error '403 ' for url 'https://openapiproext.bnf.fr/iiif/presentation/v3/ark:/12148/bd6t586396r/manifest.json'
For more information check: https://developer.mozilla.org/en-US/docs/Web/HTTP/Status/403",2026-07-17T22:04:07.225143
figaro1854,bd6t5863973,,failed,0,0,,http_manifest,known,403,manifest,"Client error '403 ' for url 'https://openapiproext.bnf.fr/iiif/presentation/v3/ark:/12148/bd6t5863973/manifest.json'
For more information check: https://developer.mozilla.org/en-US/docs/Web/HTTP/Status/403",2026-07-17T22:04:08.622829
figaro1854,bd6t586398f,,failed,0,0,,http_manifest,known,403,manifest,"Client error '403 ' for url 'https://openapiproext.bnf.fr/iiif/presentation/v3/ark:/12148/bd6t586398f/manifest.json'
For more information check: https://developer.mozilla.org/en-US/docs/Web/HTTP/Status/403",2026-07-17T22:04:09.807924
figaro1854,bd6t586399s,,failed,0,0,,http_manifest,known,403,manifest,"Client error '403 ' for url 'https://openapiproext.bnf.fr/iiif/presentation/v3/ark:/12148/bd6t586399s/manifest.json'
For more information check: https://developer.mozilla.org/en-US/docs/Web/HTTP/Status/403",2026-07-17T22:04:10.856434
figaro1854,bd6t5864396,,failed,0,0,,http_manifest,known,403,manifest,"Client error '403 ' for url 'https://openapiproext.bnf.fr/iiif/presentation/v3/ark:/12148/bd6t5864396/manifest.json'
For more information check: https://developer.mozilla.org/en-US/docs/Web/HTTP/Status/403",2026-07-17T22:04:12.195321
figaro1854,bd6t586440d,,failed,0,0,,http_manifest,known,403,manifest,"Client error '403 ' for url 'https://openapiproext.bnf.fr/iiif/presentation/v3/ark:/12148/bd6t586440d/manifest.json'
For more information check: https://developer.mozilla.org/en-US/docs/Web/HTTP/Status/403",2026-07-17T22:04:13.306043
figaro1854,bd6t586441r,,failed,0,0,,http_manifest,known,403,manifest,"Client error '403 ' for url 'https://openapiproext.bnf.fr/iiif/presentation/v3/ark:/12148/bd6t586441r/manifest.json'
For more information check: https://developer.mozilla.org/en-US/docs/Web/HTTP/Status/403",2026-07-17T22:04:14.695631
figaro1854,bd6t5864423,,failed,0,0,,http_manifest,known,403,manifest,"Client error '403 ' for url 'https://openapiproext.bnf.fr/iiif/presentation/v3/ark:/12148/bd6t5864423/manifest.json'
For more information check: https://developer.mozilla.org/en-US/docs/Web/HTTP/Status/403",2026-07-17T22:04:15.713550
figaro1854,bd6t586443f,,failed,0,0,,http_manifest,known,403,manifest,"Client error '403 ' for url 'https://openapiproext.bnf.fr/iiif/presentation/v3/ark:/12148/bd6t586443f/manifest.json'
For more information check: https://developer.mozilla.org/en-US/docs/Web/HTTP/Status/403",2026-07-17T22:04:16.839445
figaro1854,bd6t586444s,,failed,0,0,,http_manifest,known,403,manifest,"Client error '403 ' for url 'https://openapiproext.bnf.fr/iiif/presentation/v3/ark:/12148/bd6t586444s/manifest.json'
For more information check: https://developer.mozilla.org/en-US/docs/Web/HTTP/Status/403",2026-07-17T22:04:18.038914
figaro1854,bd6t5864454,,failed,0,0,,http_manifest,known,403,manifest,"Client error '403 ' for url 'https://openapiproext.bnf.fr/iiif/presentation/v3/ark:/12148/bd6t5864454/manifest.json'
For more information check: https://developer.mozilla.org/en-US/docs/Web/HTTP/Status/403",2026-07-17T22:04:19.363490
figaro1854,bd6t586446g,,failed,0,0,,http_manifest,known,403,manifest,"Client error '403 ' for url 'https://openapiproext.bnf.fr/iiif/presentation/v3/ark:/12148/bd6t586446g/manifest.json'
For more information check: https://developer.mozilla.org/en-US/docs/Web/HTTP/Status/403",2026-07-17T22:04:20.522845
figaro1854,bd6t586447t,,failed,0,0,,http_manifest,known,403,manifest,"Client error '403 ' for url 'https://openapiproext.bnf.fr/iiif/presentation/v3/ark:/12148/bd6t586447t/manifest.json'
For more information check: https://developer.mozilla.org/en-US/docs/Web/HTTP/Status/403",2026-07-17T22:04:21.646944
figaro1854,bd6t5864485,,failed,0,0,,http_manifest,known,403,manifest,"Client error '403 ' for url 'https://openapiproext.bnf.fr/iiif/presentation/v3/ark:/12148/bd6t5864485/manifest.json'
For more information check: https://developer.mozilla.org/en-US/docs/Web/HTTP/Status/403",2026-07-17T22:04:22.910004
figaro1854,bd6t586449h,,failed,0,0,,http_manifest,known,403,manifest,"Client error '403 ' for url 'https://openapiproext.bnf.fr/iiif/presentation/v3/ark:/12148/bd6t586449h/manifest.json'
For more information check: https://developer.mozilla.org/en-US/docs/Web/HTTP/Status/403",2026-07-17T22:04:24.047036
figaro1854,bd6t586450q,,failed,0,0,,http_manifest,known,403,manifest,"Client error '403 ' for url 'https://openapiproext.bnf.fr/iiif/presentation/v3/ark:/12148/bd6t586450q/manifest.json'
For more information check: https://developer.mozilla.org/en-US/docs/Web/HTTP/Status/403",2026-07-17T22:04:25.313547
figaro1854,bd6t5864512,,failed,0,0,,http_manifest,known,403,manifest,"Client error '403 ' for url 'https://openapiproext.bnf.fr/iiif/presentation/v3/ark:/12148/bd6t5864512/manifest.json'
For more information check: https://developer.mozilla.org/en-US/docs/Web/HTTP/Status/403",2026-07-17T22:04:26.736501
figaro1854,bd6t586452d,,failed,0,0,,http_manifest,known,403,manifest,"Client error '403 ' for url 'https://openapiproext.bnf.fr/iiif/presentation/v3/ark:/12148/bd6t586452d/manifest.json'
For more information check: https://developer.mozilla.org/en-US/docs/Web/HTTP/Status/403",2026-07-17T22:04:27.794803
figaro1854,bd6t586453r,,failed,0,0,,http_manifest,known,403,manifest,"Client error '403 ' for url 'https://openapiproext.bnf.fr/iiif/presentation/v3/ark:/12148/bd6t586453r/manifest.json'
For more information check: https://developer.mozilla.org/en-US/docs/Web/HTTP/Status/403",2026-07-17T22:04:28.882220
figaro1854,bd6t5864543,,failed,0,0,,http_manifest,known,403,manifest,"Client error '403 ' for url 'https://openapiproext.bnf.fr/iiif/presentation/v3/ark:/12148/bd6t5864543/manifest.json'
For more information check: https://developer.mozilla.org/en-US/docs/Web/HTTP/Status/403",2026-07-17T22:04:30.058820
figaro1854,bd6t586455f,,failed,0,0,,http_manifest,known,403,manifest,"Client error '403 ' for url 'https://openapiproext.bnf.fr/iiif/presentation/v3/ark:/12148/bd6t586455f/manifest.json'
For more information check: https://developer.mozilla.org/en-US/docs/Web/HTTP/Status/403",2026-07-17T22:04:31.266686
figaro1854,bd6t586456s,,failed,0,0,,http_manifest,known,403,manifest,"Client error '403 ' for url 'https://openapiproext.bnf.fr/iiif/presentation/v3/ark:/12148/bd6t586456s/manifest.json'
For more information check: https://developer.mozilla.org/en-US/docs/Web/HTTP/Status/403",2026-07-17T22:04:32.458475
figaro1854,bd6t5864574,,failed,0,0,,http_manifest,known,403,manifest,"Client error '403 ' for url 'https://openapiproext.bnf.fr/iiif/presentation/v3/ark:/12148/bd6t5864574/manifest.json'
For more information check: https://developer.mozilla.org/en-US/docs/Web/HTTP/Status/403",2026-07-17T22:04:33.661110
figaro1854,bd6t586458g,,failed,0,0,,http_manifest,known,403,manifest,"Client error '403 ' for url 'https://openapiproext.bnf.fr/iiif/presentation/v3/ark:/12148/bd6t586458g/manifest.json'
For more information check: https://developer.mozilla.org/en-US/docs/Web/HTTP/Status/403",2026-07-17T22:04:34.862659
figaro1854,bd6t586459t,,failed,0,0,,http_manifest,known,403,manifest,"Client error '403 ' for url 'https://openapiproext.bnf.fr/iiif/presentation/v3/ark:/12148/bd6t586459t/manifest.json'
For more information check: https://developer.mozilla.org/en-US/docs/Web/HTTP/Status/403",2026-07-17T22:04:36.062174
figaro1854,bd6t5864601,,failed,0,0,,http_manifest,known,403,manifest,"Client error '403 ' for url 'https://openapiproext.bnf.fr/iiif/presentation/v3/ark:/12148/bd6t5864601/manifest.json'
For more information check: https://developer.mozilla.org/en-US/docs/Web/HTTP/Status/403",2026-07-17T22:04:37.270010
figaro1854,bd6t586461c,,failed,0,0,,http_manifest,known,403,manifest,"Client error '403 ' for url 'https://openapiproext.bnf.fr/iiif/presentation/v3/ark:/12148/bd6t586461c/manifest.json'
For more information check: https://developer.mozilla.org/en-US/docs/Web/HTTP/Status/403",2026-07-17T22:04:38.468624
figaro1854,bd6t586462q,,failed,0,0,,http_manifest,known,403,manifest,"Client error '403 ' for url 'https://openapiproext.bnf.fr/iiif/presentation/v3/ark:/12148/bd6t586462q/manifest.json'
For more information check: https://developer.mozilla.org/en-US/docs/Web/HTTP/Status/403",2026-07-17T22:04:39.670472
figaro1854,bd6t5864632,,failed,0,0,,http_manifest,known,403,manifest,"Client error '403 ' for url 'https://openapiproext.bnf.fr/iiif/presentation/v3/ark:/12148/bd6t5864632/manifest.json'
For more information check: https://developer.mozilla.org/en-US/docs/Web/HTTP/Status/403",2026-07-17T22:04:40.897576
figaro1854,bd6t586464d,,failed,0,0,,http_manifest,known,403,manifest,"Client error '403 ' for url 'https://openapiproext.bnf.fr/iiif/presentation/v3/ark:/12148/bd6t586464d/manifest.json'
For more information check: https://developer.mozilla.org/en-US/docs/Web/HTTP/Status/403",2026-07-17T22:04:42.073384
figaro1854,bd6t586465r,,failed,0,0,,http_manifest,known,403,manifest,"Client error '403 ' for url 'https://openapiproext.bnf.fr/iiif/presentation/v3/ark:/12148/bd6t586465r/manifest.json'
For more information check: https://developer.mozilla.org/en-US/docs/Web/HTTP/Status/403",2026-07-17T22:04:43.274841
figaro1854,bd6t5864663,,failed,0,0,,http_manifest,known,403,manifest,"Client error '403 ' for url 'https://openapiproext.bnf.fr/iiif/presentation/v3/ark:/12148/bd6t5864663/manifest.json'
For more information check: https://developer.mozilla.org/en-US/docs/Web/HTTP/Status/403",2026-07-17T22:04:44.475418
figaro1854,bd6t586467f,,failed,0,0,,http_manifest,known,403,manifest,"Client error '403 ' for url 'https://openapiproext.bnf.fr/iiif/presentation/v3/ark:/12148/bd6t586467f/manifest.json'
For more information check: https://developer.mozilla.org/en-US/docs/Web/HTTP/Status/403",2026-07-17T22:04:45.679157
figaro1854,bd6t586468s,,failed,0,0,,http_manifest,known,403,manifest,"Client error '403 ' for url 'https://openapiproext.bnf.fr/iiif/presentation/v3/ark:/12148/bd6t586468s/manifest.json'
For more information check: https://developer.mozilla.org/en-US/docs/Web/HTTP/Status/403",2026-07-17T22:04:46.881083
figaro1854,bd6t5864694,,failed,0,0,,http_manifest,known,403,manifest,"Client error '403 ' for url 'https://openapiproext.bnf.fr/iiif/presentation/v3/ark:/12148/bd6t5864694/manifest.json'
For more information check: https://developer.mozilla.org/en-US/docs/Web/HTTP/Status/403",2026-07-17T22:04:48.080578
figaro1854,bd6t586470b,,failed,0,0,,http_manifest,known,403,manifest,"Client error '403 ' for url 'https://openapiproext.bnf.fr/iiif/presentation/v3/ark:/12148/bd6t586470b/manifest.json'
For more information check: https://developer.mozilla.org/en-US/docs/Web/HTTP/Status/403",2026-07-17T22:04:49.286960
figaro1854,bd6t586471p,,failed,0,0,,http_manifest,known,403,manifest,"Client error '403 ' for url 'https://openapiproext.bnf.fr/iiif/presentation/v3/ark:/12148/bd6t586471p/manifest.json'
For more information check: https://developer.mozilla.org/en-US/docs/Web/HTTP/Status/403",2026-07-17T22:04:50.484990
figaro1854,bd6t5864721,,failed,0,0,,http_manifest,known,403,manifest,"Client error '403 ' for url 'https://openapiproext.bnf.fr/iiif/presentation/v3/ark:/12148/bd6t5864721/manifest.json'
For more information check: https://developer.mozilla.org/en-US/docs/Web/HTTP/Status/403",2026-07-17T22:04:51.688267
figaro1854,bd6t586473c,,failed,0,0,,http_manifest,known,403,manifest,"Client error '403 ' for url 'https://openapiproext.bnf.fr/iiif/presentation/v3/ark:/12148/bd6t586473c/manifest.json'
For more information check: https://developer.mozilla.org/en-US/docs/Web/HTTP/Status/403",2026-07-17T22:04:52.913188
figaro1854,bd6t586474q,,failed,0,0,,http_manifest,known,403,manifest,"Client error '403 ' for url 'https://openapiproext.bnf.fr/iiif/presentation/v3/ark:/12148/bd6t586474q/manifest.json'
For more information check: https://developer.mozilla.org/en-US/docs/Web/HTTP/Status/403",2026-07-17T22:04:54.088899
figaro1854,bd6t5864752,,failed,0,0,,http_manifest,known,403,manifest,"Client error '403 ' for url 'https://openapiproext.bnf.fr/iiif/presentation/v3/ark:/12148/bd6t5864752/manifest.json'
For more information check: https://developer.mozilla.org/en-US/docs/Web/HTTP/Status/403",2026-07-17T22:04:55.290090
figaro1854,bd6t586476d,,failed,0,0,,http_manifest,known,403,manifest,"Client error '403 ' for url 'https://openapiproext.bnf.fr/iiif/presentation/v3/ark:/12148/bd6t586476d/manifest.json'
For more information check: https://developer.mozilla.org/en-US/docs/Web/HTTP/Status/403",2026-07-17T22:04:56.496920
figaro1854,bd6t587109p,,failed,0,0,,http_manifest,known,403,manifest,"Client error '403 ' for url 'https://openapiproext.bnf.fr/iiif/presentation/v3/ark:/12148/bd6t587109p/manifest.json'
For more information check: https://developer.mozilla.org/en-US/docs/Web/HTTP/Status/403",2026-07-17T22:04:57.696131
figaro1854,bd6t587110w,,failed,0,0,,http_manifest,known,403,manifest,"Client error '403 ' for url 'https://openapiproext.bnf.fr/iiif/presentation/v3/ark:/12148/bd6t587110w/manifest.json'
For more information check: https://developer.mozilla.org/en-US/docs/Web/HTTP/Status/403",2026-07-17T22:04:58.921601
figaro1854,bd6t5871117,,failed,0,0,,http_manifest,known,403,manifest,"Client error '403 ' for url 'https://openapiproext.bnf.fr/iiif/presentation/v3/ark:/12148/bd6t5871117/manifest.json'
For more information check: https://developer.mozilla.org/en-US/docs/Web/HTTP/Status/403",2026-07-17T22:05:00.100446
figaro1854,bd6t587112k,,failed,0,0,,http_manifest,known,403,manifest,"Client error '403 ' for url 'https://openapiproext.bnf.fr/iiif/presentation/v3/ark:/12148/bd6t587112k/manifest.json'
For more information check: https://developer.mozilla.org/en-US/docs/Web/HTTP/Status/403",2026-07-17T22:05:01.300894
figaro1854,bd6t587113x,,failed,0,0,,http_manifest,known,403,manifest,"Client error '403 ' for url 'https://openapiproext.bnf.fr/iiif/presentation/v3/ark:/12148/bd6t587113x/manifest.json'
For more information check: https://developer.mozilla.org/en-US/docs/Web/HTTP/Status/403",2026-07-17T22:05:02.500003
figaro1854,bd6t5871148,,failed,0,0,,http_manifest,known,403,manifest,"Client error '403 ' for url 'https://openapiproext.bnf.fr/iiif/presentation/v3/ark:/12148/bd6t5871148/manifest.json'
For more information check: https://developer.mozilla.org/en-US/docs/Web/HTTP/Status/403",2026-07-17T22:05:03.704471
figaro1854,bd6t587115m,,failed,0,0,,http_manifest,known,403,manifest,"Client error '403 ' for url 'https://openapiproext.bnf.fr/iiif/presentation/v3/ark:/12148/bd6t587115m/manifest.json'
For more information check: https://developer.mozilla.org/en-US/docs/Web/HTTP/Status/403",2026-07-17T22:05:04.906391
figaro1854,bd6t587116z,,failed,0,0,,http_manifest,known,403,manifest,"Client error '403 ' for url 'https://openapiproext.bnf.fr/iiif/presentation/v3/ark:/12148/bd6t587116z/manifest.json'
For more information check: https://developer.mozilla.org/en-US/docs/Web/HTTP/Status/403",2026-07-17T22:05:06.108054
figaro1854,bd6t5871179,,failed,0,0,,http_manifest,known,403,manifest,"Client error '403 ' for url 'https://openapiproext.bnf.fr/iiif/presentation/v3/ark:/12148/bd6t5871179/manifest.json'
For more information check: https://developer.mozilla.org/en-US/docs/Web/HTTP/Status/403",2026-07-17T22:05:07.307219
figaro1854,bd6t587118n,,failed,0,0,,http_manifest,known,403,manifest,"Client error '403 ' for url 'https://openapiproext.bnf.fr/iiif/presentation/v3/ark:/12148/bd6t587118n/manifest.json'
For more information check: https://developer.mozilla.org/en-US/docs/Web/HTTP/Status/403",2026-07-17T22:05:08.561213
figaro1854,bd6t5871190,,failed,0,0,,http_manifest,known,403,manifest,"Client error '403 ' for url 'https://openapiproext.bnf.fr/iiif/presentation/v3/ark:/12148/bd6t5871190/manifest.json'
For more information check: https://developer.mozilla.org/en-US/docs/Web/HTTP/Status/403",2026-07-17T22:05:09.709687
figaro1854,bd6t5871206,,failed,0,0,,http_manifest,known,403,manifest,"Client error '403 ' for url 'https://openapiproext.bnf.fr/iiif/presentation/v3/ark:/12148/bd6t5871206/manifest.json'
For more information check: https://developer.mozilla.org/en-US/docs/Web/HTTP/Status/403",2026-07-17T22:05:10.998764
figaro1854,bd6t587121j,,failed,0,0,,http_manifest,known,403,manifest,"Client error '403 ' for url 'https://openapiproext.bnf.fr/iiif/presentation/v3/ark:/12148/bd6t587121j/manifest.json'
For more information check: https://developer.mozilla.org/en-US/docs/Web/HTTP/Status/403",2026-07-17T22:05:12.303538
figaro1854,bd6t587122w,,failed,0,0,,http_manifest,known,403,manifest,"Client error '403 ' for url 'https://openapiproext.bnf.fr/iiif/presentation/v3/ark:/12148/bd6t587122w/manifest.json'
For more information check: https://developer.mozilla.org/en-US/docs/Web/HTTP/Status/403",2026-07-17T22:05:13.361314
figaro1854,bd6t5871237,,failed,0,0,,http_manifest,known,403,manifest,"Client error '403 ' for url 'https://openapiproext.bnf.fr/iiif/presentation/v3/ark:/12148/bd6t5871237/manifest.json'
For more information check: https://developer.mozilla.org/en-US/docs/Web/HTTP/Status/403",2026-07-17T22:05:14.648055
figaro1854,bd6t587124k,,failed,0,0,,http_manifest,known,403,manifest,"Client error '403 ' for url 'https://openapiproext.bnf.fr/iiif/presentation/v3/ark:/12148/bd6t587124k/manifest.json'
For more information check: https://developer.mozilla.org/en-US/docs/Web/HTTP/Status/403",2026-07-17T22:05:15.842174
figaro1854,bd6t587125x,,failed,0,0,,http_manifest,known,403,manifest,"Client error '403 ' for url 'https://openapiproext.bnf.fr/iiif/presentation/v3/ark:/12148/bd6t587125x/manifest.json'
For more information check: https://developer.mozilla.org/en-US/docs/Web/HTTP/Status/403",2026-07-17T22:05:16.920372
figaro1854,bd6t5871268,,failed,0,0,,http_manifest,known,403,manifest,"Client error '403 ' for url 'https://openapiproext.bnf.fr/iiif/presentation/v3/ark:/12148/bd6t5871268/manifest.json'
For more information check: https://developer.mozilla.org/en-US/docs/Web/HTTP/Status/403",2026-07-17T22:05:18.360558
figaro1854,bd6t587127m,,failed,0,0,,http_manifest,known,403,manifest,"Client error '403 ' for url 'https://openapiproext.bnf.fr/iiif/presentation/v3/ark:/12148/bd6t587127m/manifest.json'
For more information check: https://developer.mozilla.org/en-US/docs/Web/HTTP/Status/403",2026-07-17T22:05:19.419572
figaro1854,bd6t587128z,,failed,0,0,,http_manifest,known,403,manifest,"Client error '403 ' for url 'https://openapiproext.bnf.fr/iiif/presentation/v3/ark:/12148/bd6t587128z/manifest.json'
For more information check: https://developer.mozilla.org/en-US/docs/Web/HTTP/Status/403",2026-07-17T22:05:20.590834
figaro1854,bd6t5871299,,failed,0,0,,http_manifest,known,403,manifest,"Client error '403 ' for url 'https://openapiproext.bnf.fr/iiif/presentation/v3/ark:/12148/bd6t5871299/manifest.json'
For more information check: https://developer.mozilla.org/en-US/docs/Web/HTTP/Status/403",2026-07-17T22:05:21.730970
figaro1854,bd6t587130h,,failed,0,0,,http_manifest,known,403,manifest,"Client error '403 ' for url 'https://openapiproext.bnf.fr/iiif/presentation/v3/ark:/12148/bd6t587130h/manifest.json'
For more information check: https://developer.mozilla.org/en-US/docs/Web/HTTP/Status/403",2026-07-17T22:05:23.034000
figaro1854,bd6t587131v,,failed,0,0,,http_manifest,known,403,manifest,"Client error '403 ' for url 'https://openapiproext.bnf.fr/iiif/presentation/v3/ark:/12148/bd6t587131v/manifest.json'
For more information check: https://developer.mozilla.org/en-US/docs/Web/HTTP/Status/403",2026-07-17T22:05:24.256840
figaro1854,bd6t5871326,,failed,0,0,,http_manifest,known,403,manifest,"Client error '403 ' for url 'https://openapiproext.bnf.fr/iiif/presentation/v3/ark:/12148/bd6t5871326/manifest.json'
For more information check: https://developer.mozilla.org/en-US/docs/Web/HTTP/Status/403",2026-07-17T22:05:25.330416
figaro1854,bd6t587133j,,failed,0,0,,http_manifest,known,403,manifest,"Client error '403 ' for url 'https://openapiproext.bnf.fr/iiif/presentation/v3/ark:/12148/bd6t587133j/manifest.json'
For more information check: https://developer.mozilla.org/en-US/docs/Web/HTTP/Status/403",2026-07-17T22:05:26.531581
figaro1854,bd6t587134w,,failed,0,0,,http_manifest,known,403,manifest,"Client error '403 ' for url 'https://openapiproext.bnf.fr/iiif/presentation/v3/ark:/12148/bd6t587134w/manifest.json'
For more information check: https://developer.mozilla.org/en-US/docs/Web/HTTP/Status/403",2026-07-17T22:05:27.734388
figaro1854,bd6t5871357,,failed,0,0,,http_manifest,known,403,manifest,"Client error '403 ' for url 'https://openapiproext.bnf.fr/iiif/presentation/v3/ark:/12148/bd6t5871357/manifest.json'
For more information check: https://developer.mozilla.org/en-US/docs/Web/HTTP/Status/403",2026-07-17T22:05:28.961059
figaro1854,bd6t587136k,,failed,0,0,,http_manifest,known,403,manifest,"Client error '403 ' for url 'https://openapiproext.bnf.fr/iiif/presentation/v3/ark:/12148/bd6t587136k/manifest.json'
For more information check: https://developer.mozilla.org/en-US/docs/Web/HTTP/Status/403",2026-07-17T22:05:30.135949
figaro1854,bd6t587137x,,failed,0,0,,http_manifest,known,403,manifest,"Client error '403 ' for url 'https://openapiproext.bnf.fr/iiif/presentation/v3/ark:/12148/bd6t587137x/manifest.json'
For more information check: https://developer.mozilla.org/en-US/docs/Web/HTTP/Status/403",2026-07-17T22:05:31.337412
figaro1854,bd6t5871388,,failed,0,0,,http_manifest,known,403,manifest,"Client error '403 ' for url 'https://openapiproext.bnf.fr/iiif/presentation/v3/ark:/12148/bd6t5871388/manifest.json'
For more information check: https://developer.mozilla.org/en-US/docs/Web/HTTP/Status/403",2026-07-17T22:05:32.540362
figaro1854,bd6t587139m,,failed,0,0,,http_manifest,known,403,manifest,"Client error '403 ' for url 'https://openapiproext.bnf.fr/iiif/presentation/v3/ark:/12148/bd6t587139m/manifest.json'
For more information check: https://developer.mozilla.org/en-US/docs/Web/HTTP/Status/403",2026-07-17T22:05:33.743854
figaro1854,bd6t587140t,,failed,0,0,,http_manifest,known,403,manifest,"Client error '403 ' for url 'https://openapiproext.bnf.fr/iiif/presentation/v3/ark:/12148/bd6t587140t/manifest.json'
For more information check: https://developer.mozilla.org/en-US/docs/Web/HTTP/Status/403",2026-07-17T22:05:34.945350
figaro1854,bd6t5871415,,failed,0,0,,http_manifest,known,403,manifest,"Client error '403 ' for url 'https://openapiproext.bnf.fr/iiif/presentation/v3/ark:/12148/bd6t5871415/manifest.json'
For more information check: https://developer.mozilla.org/en-US/docs/Web/HTTP/Status/403",2026-07-17T22:05:36.144269
figaro1854,bd6t587142h,,failed,0,0,,http_manifest,known,403,manifest,"Client error '403 ' for url 'https://openapiproext.bnf.fr/iiif/presentation/v3/ark:/12148/bd6t587142h/manifest.json'
For more information check: https://developer.mozilla.org/en-US/docs/Web/HTTP/Status/403",2026-07-17T22:05:37.349360
figaro1854,bd6t587143v,,failed,0,0,,http_manifest,known,403,manifest,"Client error '403 ' for url 'https://openapiproext.bnf.fr/iiif/presentation/v3/ark:/12148/bd6t587143v/manifest.json'
For more information check: https://developer.mozilla.org/en-US/docs/Web/HTTP/Status/403",2026-07-17T22:05:38.553030
figaro1854,bd6t5871446,,failed,0,0,,http_manifest,known,403,manifest,"Client error '403 ' for url 'https://openapiproext.bnf.fr/iiif/presentation/v3/ark:/12148/bd6t5871446/manifest.json'
For more information check: https://developer.mozilla.org/en-US/docs/Web/HTTP/Status/403",2026-07-17T22:05:39.755368
figaro1854,bd6t587145j,,failed,0,0,,http_manifest,known,403,manifest,"Client error '403 ' for url 'https://openapiproext.bnf.fr/iiif/presentation/v3/ark:/12148/bd6t587145j/manifest.json'
For more information check: https://developer.mozilla.org/en-US/docs/Web/HTTP/Status/403",2026-07-17T22:05:40.952898
figaro1854,bd6t587146w,,failed,0,0,,http_manifest,known,403,manifest,"Client error '403 ' for url 'https://openapiproext.bnf.fr/iiif/presentation/v3/ark:/12148/bd6t587146w/manifest.json'
For more information check: https://developer.mozilla.org/en-US/docs/Web/HTTP/Status/403",2026-07-17T22:05:42.158087
figaro1854,bd6t5871477,,failed,0,0,,http_manifest,known,403,manifest,"Client error '403 ' for url 'https://openapiproext.bnf.fr/iiif/presentation/v3/ark:/12148/bd6t5871477/manifest.json'
For more information check: https://developer.mozilla.org/en-US/docs/Web/HTTP/Status/403",2026-07-17T22:05:43.356753
figaro1854,bd6t586323j,,failed,0,0,,http_manifest,known,403,manifest,"Client error '403 ' for url 'https://openapiproext.bnf.fr/iiif/presentation/v3/ark:/12148/bd6t586323j/manifest.json'
For more information check: https://developer.mozilla.org/en-US/docs/Web/HTTP/Status/403",2026-07-17T22:05:44.556762
figaro1854,bd6t586324w,,failed,0,0,,http_manifest,known,403,manifest,"Client error '403 ' for url 'https://openapiproext.bnf.fr/iiif/presentation/v3/ark:/12148/bd6t586324w/manifest.json'
For more information check: https://developer.mozilla.org/en-US/docs/Web/HTTP/Status/403",2026-07-17T22:05:45.760539
figaro1854,bd6t5863257,,failed,0,0,,http_manifest,known,403,manifest,"Client error '403 ' for url 'https://openapiproext.bnf.fr/iiif/presentation/v3/ark:/12148/bd6t5863257/manifest.json'
For more information check: https://developer.mozilla.org/en-US/docs/Web/HTTP/Status/403",2026-07-17T22:05:46.962096
figaro1854,bd6t586326k,,failed,0,0,,http_manifest,known,403,manifest,"Client error '403 ' for url 'https://openapiproext.bnf.fr/iiif/presentation/v3/ark:/12148/bd6t586326k/manifest.json'
For more information check: https://developer.mozilla.org/en-US/docs/Web/HTTP/Status/403",2026-07-17T22:05:48.165340
figaro1854,bd6t586327x,,failed,0,0,,http_manifest,known,403,manifest,"Client error '403 ' for url 'https://openapiproext.bnf.fr/iiif/presentation/v3/ark:/12148/bd6t586327x/manifest.json'
For more information check: https://developer.mozilla.org/en-US/docs/Web/HTTP/Status/403",2026-07-17T22:05:49.366920
figaro1854,bd6t5863288,,failed,0,0,,http_manifest,known,403,manifest,"Client error '403 ' for url 'https://openapiproext.bnf.fr/iiif/presentation/v3/ark:/12148/bd6t5863288/manifest.json'
For more information check: https://developer.mozilla.org/en-US/docs/Web/HTTP/Status/403",2026-07-17T22:05:50.569082
figaro1854,bd6t586329m,,failed,0,0,,http_manifest,known,403,manifest,"Client error '403 ' for url 'https://openapiproext.bnf.fr/iiif/presentation/v3/ark:/12148/bd6t586329m/manifest.json'
For more information check: https://developer.mozilla.org/en-US/docs/Web/HTTP/Status/403",2026-07-17T22:05:51.772201
figaro1854,bd6t586330t,,failed,0,0,,http_manifest,known,403,manifest,"Client error '403 ' for url 'https://openapiproext.bnf.fr/iiif/presentation/v3/ark:/12148/bd6t586330t/manifest.json'
For more information check: https://developer.mozilla.org/en-US/docs/Web/HTTP/Status/403",2026-07-17T22:05:52.998859
figaro1854,bd6t5863315,,failed,0,0,,http_manifest,known,403,manifest,"Client error '403 ' for url 'https://openapiproext.bnf.fr/iiif/presentation/v3/ark:/12148/bd6t5863315/manifest.json'
For more information check: https://developer.mozilla.org/en-US/docs/Web/HTTP/Status/403",2026-07-17T22:05:54.177841
figaro1854,bd6t586332h,,failed,0,0,,http_manifest,known,403,manifest,"Client error '403 ' for url 'https://openapiproext.bnf.fr/iiif/presentation/v3/ark:/12148/bd6t586332h/manifest.json'
For more information check: https://developer.mozilla.org/en-US/docs/Web/HTTP/Status/403",2026-07-17T22:05:55.377153
figaro1854,bd6t586333v,,failed,0,0,,http_manifest,known,403,manifest,"Client error '403 ' for url 'https://openapiproext.bnf.fr/iiif/presentation/v3/ark:/12148/bd6t586333v/manifest.json'
For more information check: https://developer.mozilla.org/en-US/docs/Web/HTTP/Status/403",2026-07-17T22:05:56.576275
figaro1854,bd6t5863346,,failed,0,0,,http_manifest,known,403,manifest,"Client error '403 ' for url 'https://openapiproext.bnf.fr/iiif/presentation/v3/ark:/12148/bd6t5863346/manifest.json'
For more information check: https://developer.mozilla.org/en-US/docs/Web/HTTP/Status/403",2026-07-17T22:05:57.781625
figaro1854,bd6t586335j,,failed,0,0,,http_manifest,known,403,manifest,"Client error '403 ' for url 'https://openapiproext.bnf.fr/iiif/presentation/v3/ark:/12148/bd6t586335j/manifest.json'
For more information check: https://developer.mozilla.org/en-US/docs/Web/HTTP/Status/403",2026-07-17T22:05:59.005060
figaro1854,bd6t586336w,,failed,0,0,,http_manifest,known,403,manifest,"Client error '403 ' for url 'https://openapiproext.bnf.fr/iiif/presentation/v3/ark:/12148/bd6t586336w/manifest.json'
For more information check: https://developer.mozilla.org/en-US/docs/Web/HTTP/Status/403",2026-07-17T22:06:00.181802
figaro1854,bd6t5863377,,failed,0,0,,http_manifest,known,403,manifest,"Client error '403 ' for url 'https://openapiproext.bnf.fr/iiif/presentation/v3/ark:/12148/bd6t5863377/manifest.json'
For more information check: https://developer.mozilla.org/en-US/docs/Web/HTTP/Status/403",2026-07-17T22:06:01.383715
figaro1854,bd6t586338k,,failed,0,0,,http_manifest,known,403,manifest,"Client error '403 ' for url 'https://openapiproext.bnf.fr/iiif/presentation/v3/ark:/12148/bd6t586338k/manifest.json'
For more information check: https://developer.mozilla.org/en-US/docs/Web/HTTP/Status/403",2026-07-17T22:06:02.582967
figaro1854,bd6t586339x,,failed,0,0,,http_manifest,known,403,manifest,"Client error '403 ' for url 'https://openapiproext.bnf.fr/iiif/presentation/v3/ark:/12148/bd6t586339x/manifest.json'
For more information check: https://developer.mozilla.org/en-US/docs/Web/HTTP/Status/403",2026-07-17T22:06:03.785973
figaro1854,bd6t5863404,,failed,0,0,,http_manifest,known,403,manifest,"Client error '403 ' for url 'https://openapiproext.bnf.fr/iiif/presentation/v3/ark:/12148/bd6t5863404/manifest.json'
For more information check: https://developer.mozilla.org/en-US/docs/Web/HTTP/Status/403",2026-07-17T22:06:05.048349
figaro1854,bd6t586341g,,failed,0,0,,http_manifest,known,403,manifest,"Client error '403 ' for url 'https://openapiproext.bnf.fr/iiif/presentation/v3/ark:/12148/bd6t586341g/manifest.json'
For more information check: https://developer.mozilla.org/en-US/docs/Web/HTTP/Status/403",2026-07-17T22:06:06.213156
figaro1854,bd6t586342t,,failed,0,0,,http_manifest,known,403,manifest,"Client error '403 ' for url 'https://openapiproext.bnf.fr/iiif/presentation/v3/ark:/12148/bd6t586342t/manifest.json'
For more information check: https://developer.mozilla.org/en-US/docs/Web/HTTP/Status/403",2026-07-17T22:06:07.641287
figaro1854,bd6t5863435,,failed,0,0,,http_manifest,known,403,manifest,"Client error '403 ' for url 'https://openapiproext.bnf.fr/iiif/presentation/v3/ark:/12148/bd6t5863435/manifest.json'
For more information check: https://developer.mozilla.org/en-US/docs/Web/HTTP/Status/403",2026-07-17T22:06:08.808407
figaro1854,bd6t586344h,,failed,0,0,,http_manifest,known,403,manifest,"Client error '403 ' for url 'https://openapiproext.bnf.fr/iiif/presentation/v3/ark:/12148/bd6t586344h/manifest.json'
For more information check: https://developer.mozilla.org/en-US/docs/Web/HTTP/Status/403",2026-07-17T22:06:10.097432
figaro1854,bd6t586345v,,failed,0,0,,http_manifest,known,403,manifest,"Client error '403 ' for url 'https://openapiproext.bnf.fr/iiif/presentation/v3/ark:/12148/bd6t586345v/manifest.json'
For more information check: https://developer.mozilla.org/en-US/docs/Web/HTTP/Status/403",2026-07-17T22:06:11.145633
figaro1854,bd6t5863466,,failed,0,0,,http_manifest,known,403,manifest,"Client error '403 ' for url 'https://openapiproext.bnf.fr/iiif/presentation/v3/ark:/12148/bd6t5863466/manifest.json'
For more information check: https://developer.mozilla.org/en-US/docs/Web/HTTP/Status/403",2026-07-17T22:06:12.243350
figaro1854,bd6t586347j,,failed,0,0,,http_manifest,known,403,manifest,"Client error '403 ' for url 'https://openapiproext.bnf.fr/iiif/presentation/v3/ark:/12148/bd6t586347j/manifest.json'
For more information check: https://developer.mozilla.org/en-US/docs/Web/HTTP/Status/403",2026-07-17T22:06:13.465124
figaro1854,bd6t586348w,,failed,0,0,,http_manifest,known,403,manifest,"Client error '403 ' for url 'https://openapiproext.bnf.fr/iiif/presentation/v3/ark:/12148/bd6t586348w/manifest.json'
For more information check: https://developer.mozilla.org/en-US/docs/Web/HTTP/Status/403",2026-07-17T22:06:14.771399
figaro1854,bd6t5863497,,failed,0,0,,http_manifest,known,403,manifest,"Client error '403 ' for url 'https://openapiproext.bnf.fr/iiif/presentation/v3/ark:/12148/bd6t5863497/manifest.json'
For more information check: https://developer.mozilla.org/en-US/docs/Web/HTTP/Status/403",2026-07-17T22:06:15.833919
figaro1854,bd6t586350f,,failed,0,0,,http_manifest,known,403,manifest,"Client error '403 ' for url 'https://openapiproext.bnf.fr/iiif/presentation/v3/ark:/12148/bd6t586350f/manifest.json'
For more information check: https://developer.mozilla.org/en-US/docs/Web/HTTP/Status/403",2026-07-17T22:06:17.005935
figaro1854,bd6t586351s,,failed,0,0,,http_manifest,known,403,manifest,"Client error '403 ' for url 'https://openapiproext.bnf.fr/iiif/presentation/v3/ark:/12148/bd6t586351s/manifest.json'
For more information check: https://developer.mozilla.org/en-US/docs/Web/HTTP/Status/403",2026-07-17T22:06:18.212026
figaro1854,bd6t5863524,,failed,0,0,,http_manifest,known,403,manifest,"Client error '403 ' for url 'https://openapiproext.bnf.fr/iiif/presentation/v3/ark:/12148/bd6t5863524/manifest.json'
For more information check: https://developer.mozilla.org/en-US/docs/Web/HTTP/Status/403",2026-07-17T22:06:19.421827
figaro1854,bd6t586353g,,failed,0,0,,http_manifest,known,403,manifest,"Client error '403 ' for url 'https://openapiproext.bnf.fr/iiif/presentation/v3/ark:/12148/bd6t586353g/manifest.json'
For more information check: https://developer.mozilla.org/en-US/docs/Web/HTTP/Status/403",2026-07-17T22:06:20.622599
figaro1854,bd6t586354t,,failed,0,0,,http_manifest,known,403,manifest,"Client error '403 ' for url 'https://openapiproext.bnf.fr/iiif/presentation/v3/ark:/12148/bd6t586354t/manifest.json'
For more information check: https://developer.mozilla.org/en-US/docs/Web/HTTP/Status/403",2026-07-17T22:06:21.835852
figaro1854,bd6t5863555,,failed,0,0,,http_manifest,known,403,manifest,"Client error '403 ' for url 'https://openapiproext.bnf.fr/iiif/presentation/v3/ark:/12148/bd6t5863555/manifest.json'
For more information check: https://developer.mozilla.org/en-US/docs/Web/HTTP/Status/403",2026-07-17T22:06:23.247297
figaro1854,bd6t586356h,,failed,0,0,,http_manifest,known,403,manifest,"Client error '403 ' for url 'https://openapiproext.bnf.fr/iiif/presentation/v3/ark:/12148/bd6t586356h/manifest.json'
For more information check: https://developer.mozilla.org/en-US/docs/Web/HTTP/Status/403",2026-07-17T22:06:24.220726
figaro1854,bd6t586357v,,failed,0,0,,http_manifest,known,403,manifest,"Client error '403 ' for url 'https://openapiproext.bnf.fr/iiif/presentation/v3/ark:/12148/bd6t586357v/manifest.json'
For more information check: https://developer.mozilla.org/en-US/docs/Web/HTTP/Status/403",2026-07-17T22:06:25.419924
figaro1854,bd6t5863586,,failed,0,0,,http_manifest,known,403,manifest,"Client error '403 ' for url 'https://openapiproext.bnf.fr/iiif/presentation/v3/ark:/12148/bd6t5863586/manifest.json'
For more information check: https://developer.mozilla.org/en-US/docs/Web/HTTP/Status/403",2026-07-17T22:06:26.634756
figaro1854,bd6t586359j,,failed,0,0,,http_manifest,known,403,manifest,"Client error '403 ' for url 'https://openapiproext.bnf.fr/iiif/presentation/v3/ark:/12148/bd6t586359j/manifest.json'
For more information check: https://developer.mozilla.org/en-US/docs/Web/HTTP/Status/403",2026-07-17T22:06:28.001911
figaro1854,bd6t586360r,,failed,0,0,,http_manifest,known,403,manifest,"Client error '403 ' for url 'https://openapiproext.bnf.fr/iiif/presentation/v3/ark:/12148/bd6t586360r/manifest.json'
For more information check: https://developer.mozilla.org/en-US/docs/Web/HTTP/Status/403",2026-07-17T22:06:29.052959
figaro1854,bd6t5863613,,failed,0,0,,http_manifest,known,403,manifest,"Client error '403 ' for url 'https://openapiproext.bnf.fr/iiif/presentation/v3/ark:/12148/bd6t5863613/manifest.json'
For more information check: https://developer.mozilla.org/en-US/docs/Web/HTTP/Status/403",2026-07-17T22:06:30.224401
figaro1854,bd6t587148k,,failed,0,0,,http_manifest,known,403,manifest,"Client error '403 ' for url 'https://openapiproext.bnf.fr/iiif/presentation/v3/ark:/12148/bd6t587148k/manifest.json'
For more information check: https://developer.mozilla.org/en-US/docs/Web/HTTP/Status/403",2026-07-17T22:06:31.425962
figaro1854,bd6t587149x,,failed,0,0,,http_manifest,known,403,manifest,"Client error '403 ' for url 'https://openapiproext.bnf.fr/iiif/presentation/v3/ark:/12148/bd6t587149x/manifest.json'
For more information check: https://developer.mozilla.org/en-US/docs/Web/HTTP/Status/403",2026-07-17T22:06:32.637686
figaro1854,bd6t5871504,,failed,0,0,,http_manifest,known,403,manifest,"Client error '403 ' for url 'https://openapiproext.bnf.fr/iiif/presentation/v3/ark:/12148/bd6t5871504/manifest.json'
For more information check: https://developer.mozilla.org/en-US/docs/Web/HTTP/Status/403",2026-07-17T22:06:33.828480
figaro1854,bd6t587151g,,failed,0,0,,http_manifest,known,403,manifest,"Client error '403 ' for url 'https://openapiproext.bnf.fr/iiif/presentation/v3/ark:/12148/bd6t587151g/manifest.json'
For more information check: https://developer.mozilla.org/en-US/docs/Web/HTTP/Status/403",2026-07-17T22:06:35.033013
figaro1854,bd6t587152t,,failed,0,0,,http_manifest,known,403,manifest,"Client error '403 ' for url 'https://openapiproext.bnf.fr/iiif/presentation/v3/ark:/12148/bd6t587152t/manifest.json'
For more information check: https://developer.mozilla.org/en-US/docs/Web/HTTP/Status/403",2026-07-17T22:06:36.231553
figaro1854,bd6t5871535,,failed,0,0,,http_manifest,known,403,manifest,"Client error '403 ' for url 'https://openapiproext.bnf.fr/iiif/presentation/v3/ark:/12148/bd6t5871535/manifest.json'
For more information check: https://developer.mozilla.org/en-US/docs/Web/HTTP/Status/403",2026-07-17T22:06:37.440093
figaro1854,bd6t587154h,,failed,0,0,,http_manifest,known,403,manifest,"Client error '403 ' for url 'https://openapiproext.bnf.fr/iiif/presentation/v3/ark:/12148/bd6t587154h/manifest.json'
For more information check: https://developer.mozilla.org/en-US/docs/Web/HTTP/Status/403",2026-07-17T22:06:38.635036
figaro1854,bd6t587155v,,failed,0,0,,http_manifest,known,403,manifest,"Client error '403 ' for url 'https://openapiproext.bnf.fr/iiif/presentation/v3/ark:/12148/bd6t587155v/manifest.json'
For more information check: https://developer.mozilla.org/en-US/docs/Web/HTTP/Status/403",2026-07-17T22:06:39.865116
figaro1854,bd6t5871566,,failed,0,0,,http_manifest,known,403,manifest,"Client error '403 ' for url 'https://openapiproext.bnf.fr/iiif/presentation/v3/ark:/12148/bd6t5871566/manifest.json'
For more information check: https://developer.mozilla.org/en-US/docs/Web/HTTP/Status/403",2026-07-17T22:06:41.040511
figaro1854,bd6t587157j,,failed,0,0,,http_manifest,known,403,manifest,"Client error '403 ' for url 'https://openapiproext.bnf.fr/iiif/presentation/v3/ark:/12148/bd6t587157j/manifest.json'
For more information check: https://developer.mozilla.org/en-US/docs/Web/HTTP/Status/403",2026-07-17T22:06:42.240448
figaro1854,bd6t587158w,,failed,0,0,,http_manifest,known,403,manifest,"Client error '403 ' for url 'https://openapiproext.bnf.fr/iiif/presentation/v3/ark:/12148/bd6t587158w/manifest.json'
For more information check: https://developer.mozilla.org/en-US/docs/Web/HTTP/Status/403",2026-07-17T22:06:43.441568
figaro1854,bd6t5871597,,failed,0,0,,http_manifest,known,403,manifest,"Client error '403 ' for url 'https://openapiproext.bnf.fr/iiif/presentation/v3/ark:/12148/bd6t5871597/manifest.json'
For more information check: https://developer.mozilla.org/en-US/docs/Web/HTTP/Status/403",2026-07-17T22:06:44.643835
figaro1854,bd6t587160f,,failed,0,0,,http_manifest,known,403,manifest,"Client error '403 ' for url 'https://openapiproext.bnf.fr/iiif/presentation/v3/ark:/12148/bd6t587160f/manifest.json'
For more information check: https://developer.mozilla.org/en-US/docs/Web/HTTP/Status/403",2026-07-17T22:06:45.845269
figaro1854,bd6t587161s,,failed,0,0,,http_manifest,known,403,manifest,"Client error '403 ' for url 'https://openapiproext.bnf.fr/iiif/presentation/v3/ark:/12148/bd6t587161s/manifest.json'
For more information check: https://developer.mozilla.org/en-US/docs/Web/HTTP/Status/403",2026-07-17T22:06:47.057416
figaro1854,bd6t5871624,,failed,0,0,,http_manifest,known,403,manifest,"Client error '403 ' for url 'https://openapiproext.bnf.fr/iiif/presentation/v3/ark:/12148/bd6t5871624/manifest.json'
For more information check: https://developer.mozilla.org/en-US/docs/Web/HTTP/Status/403",2026-07-17T22:06:48.249475
figaro1854,bd6t587163g,,failed,0,0,,http_manifest,known,403,manifest,"Client error '403 ' for url 'https://openapiproext.bnf.fr/iiif/presentation/v3/ark:/12148/bd6t587163g/manifest.json'
For more information check: https://developer.mozilla.org/en-US/docs/Web/HTTP/Status/403",2026-07-17T22:06:49.450194
figaro1854,bd6t587164t,,failed,0,0,,http_manifest,known,403,manifest,"Client error '403 ' for url 'https://openapiproext.bnf.fr/iiif/presentation/v3/ark:/12148/bd6t587164t/manifest.json'
For more information check: https://developer.mozilla.org/en-US/docs/Web/HTTP/Status/403",2026-07-17T22:06:50.658952
figaro1854,bd6t5871655,,failed,0,0,,http_manifest,known,403,manifest,"Client error '403 ' for url 'https://openapiproext.bnf.fr/iiif/presentation/v3/ark:/12148/bd6t5871655/manifest.json'
For more information check: https://developer.mozilla.org/en-US/docs/Web/HTTP/Status/403",2026-07-17T22:06:51.882183
figaro1854,bd6t587166h,,failed,0,0,,http_manifest,known,403,manifest,"Client error '403 ' for url 'https://openapiproext.bnf.fr/iiif/presentation/v3/ark:/12148/bd6t587166h/manifest.json'
For more information check: https://developer.mozilla.org/en-US/docs/Web/HTTP/Status/403",2026-07-17T22:06:53.054154
figaro1854,bd6t587167v,,failed,0,0,,http_manifest,known,403,manifest,"Client error '403 ' for url 'https://openapiproext.bnf.fr/iiif/presentation/v3/ark:/12148/bd6t587167v/manifest.json'
For more information check: https://developer.mozilla.org/en-US/docs/Web/HTTP/Status/403",2026-07-17T22:06:54.253588
figaro1854,bd6t5871686,,failed,0,0,,http_manifest,known,403,manifest,"Client error '403 ' for url 'https://openapiproext.bnf.fr/iiif/presentation/v3/ark:/12148/bd6t5871686/manifest.json'
For more information check: https://developer.mozilla.org/en-US/docs/Web/HTTP/Status/403",2026-07-17T22:06:55.455060
figaro1854,bd6t587169j,,failed,0,0,,http_manifest,known,403,manifest,"Client error '403 ' for url 'https://openapiproext.bnf.fr/iiif/presentation/v3/ark:/12148/bd6t587169j/manifest.json'
For more information check: https://developer.mozilla.org/en-US/docs/Web/HTTP/Status/403",2026-07-17T22:06:56.658536
figaro1854,bd6t587170r,,failed,0,0,,http_manifest,known,403,manifest,"Client error '403 ' for url 'https://openapiproext.bnf.fr/iiif/presentation/v3/ark:/12148/bd6t587170r/manifest.json'
For more information check: https://developer.mozilla.org/en-US/docs/Web/HTTP/Status/403",2026-07-17T22:06:57.885650
figaro1854,bd6t5871713,,failed,0,0,,http_manifest,known,403,manifest,"Client error '403 ' for url 'https://openapiproext.bnf.fr/iiif/presentation/v3/ark:/12148/bd6t5871713/manifest.json'
For more information check: https://developer.mozilla.org/en-US/docs/Web/HTTP/Status/403",2026-07-17T22:06:59.063394
figaro1854,bd6t587172f,,failed,0,0,,http_manifest,known,403,manifest,"Client error '403 ' for url 'https://openapiproext.bnf.fr/iiif/presentation/v3/ark:/12148/bd6t587172f/manifest.json'
For more information check: https://developer.mozilla.org/en-US/docs/Web/HTTP/Status/403",2026-07-17T22:07:00.262661
figaro1854,bd6t587173s,,failed,0,0,,http_manifest,known,403,manifest,"Client error '403 ' for url 'https://openapiproext.bnf.fr/iiif/presentation/v3/ark:/12148/bd6t587173s/manifest.json'
For more information check: https://developer.mozilla.org/en-US/docs/Web/HTTP/Status/403",2026-07-17T22:07:01.467456
figaro1854,bd6t5871744,,failed,0,0,,http_manifest,known,403,manifest,"Client error '403 ' for url 'https://openapiproext.bnf.fr/iiif/presentation/v3/ark:/12148/bd6t5871744/manifest.json'
For more information check: https://developer.mozilla.org/en-US/docs/Web/HTTP/Status/403",2026-07-17T22:07:02.675125
figaro1854,bd6t587175g,,failed,0,0,,http_manifest,known,403,manifest,"Client error '403 ' for url 'https://openapiproext.bnf.fr/iiif/presentation/v3/ark:/12148/bd6t587175g/manifest.json'
For more information check: https://developer.mozilla.org/en-US/docs/Web/HTTP/Status/403",2026-07-17T22:07:03.869931
figaro1854,bd6t587176t,,failed,0,0,,http_manifest,known,403,manifest,"Client error '403 ' for url 'https://openapiproext.bnf.fr/iiif/presentation/v3/ark:/12148/bd6t587176t/manifest.json'
For more information check: https://developer.mozilla.org/en-US/docs/Web/HTTP/Status/403",2026-07-17T22:07:05.071697
figaro1854,bd6t5871775,,failed,0,0,,http_manifest,known,403,manifest,"Client error '403 ' for url 'https://openapiproext.bnf.fr/iiif/presentation/v3/ark:/12148/bd6t5871775/manifest.json'
For more information check: https://developer.mozilla.org/en-US/docs/Web/HTTP/Status/403",2026-07-17T22:07:06.460049
figaro1854,bd6t587178h,,failed,0,0,,http_manifest,known,403,manifest,"Client error '403 ' for url 'https://openapiproext.bnf.fr/iiif/presentation/v3/ark:/12148/bd6t587178h/manifest.json'
For more information check: https://developer.mozilla.org/en-US/docs/Web/HTTP/Status/403",2026-07-17T22:07:07.572565
figaro1854,bd6t587179v,,failed,0,0,,http_manifest,known,403,manifest,"Client error '403 ' for url 'https://openapiproext.bnf.fr/iiif/presentation/v3/ark:/12148/bd6t587179v/manifest.json'
For more information check: https://developer.mozilla.org/en-US/docs/Web/HTTP/Status/403",2026-07-17T22:07:08.842414
figaro1854,bd6t5871802,,failed,0,0,,http_manifest,known,403,manifest,"Client error '403 ' for url 'https://openapiproext.bnf.fr/iiif/presentation/v3/ark:/12148/bd6t5871802/manifest.json'
For more information check: https://developer.mozilla.org/en-US/docs/Web/HTTP/Status/403",2026-07-17T22:07:10.047749
figaro1854,bd6t587181d,,failed,0,0,,http_manifest,known,403,manifest,"Client error '403 ' for url 'https://openapiproext.bnf.fr/iiif/presentation/v3/ark:/12148/bd6t587181d/manifest.json'
For more information check: https://developer.mozilla.org/en-US/docs/Web/HTTP/Status/403",2026-07-17T22:07:11.081467
figaro1854,bd6t587182r,,failed,0,0,,http_manifest,known,403,manifest,"Client error '403 ' for url 'https://openapiproext.bnf.fr/iiif/presentation/v3/ark:/12148/bd6t587182r/manifest.json'
For more information check: https://developer.mozilla.org/en-US/docs/Web/HTTP/Status/403",2026-07-17T22:07:12.279661
figaro1854,bd6t5871833,,failed,0,0,,http_manifest,known,403,manifest,"Client error '403 ' for url 'https://openapiproext.bnf.fr/iiif/presentation/v3/ark:/12148/bd6t5871833/manifest.json'
For more information check: https://developer.mozilla.org/en-US/docs/Web/HTTP/Status/403",2026-07-17T22:07:13.595610
figaro1854,bd6t587184f,,failed,0,0,,http_manifest,known,403,manifest,"Client error '403 ' for url 'https://openapiproext.bnf.fr/iiif/presentation/v3/ark:/12148/bd6t587184f/manifest.json'
For more information check: https://developer.mozilla.org/en-US/docs/Web/HTTP/Status/403",2026-07-17T22:07:14.840106
figaro1854,bd6t587185s,,failed,0,0,,http_manifest,known,403,manifest,"Client error '403 ' for url 'https://openapiproext.bnf.fr/iiif/presentation/v3/ark:/12148/bd6t587185s/manifest.json'
For more information check: https://developer.mozilla.org/en-US/docs/Web/HTTP/Status/403",2026-07-17T22:07:15.886620
figaro1854,bd6t5871864,,failed,0,0,,http_manifest,known,403,manifest,"Client error '403 ' for url 'https://openapiproext.bnf.fr/iiif/presentation/v3/ark:/12148/bd6t5871864/manifest.json'
For more information check: https://developer.mozilla.org/en-US/docs/Web/HTTP/Status/403",2026-07-17T22:07:17.084413
figaro1854,bd6t587187g,,failed,0,0,,http_manifest,known,403,manifest,"Client error '403 ' for url 'https://openapiproext.bnf.fr/iiif/presentation/v3/ark:/12148/bd6t587187g/manifest.json'
For more information check: https://developer.mozilla.org/en-US/docs/Web/HTTP/Status/403",2026-07-17T22:07:18.285171
figaro1854,bd6t5872287,,failed,0,0,,http_manifest,known,403,manifest,"Client error '403 ' for url 'https://openapiproext.bnf.fr/iiif/presentation/v3/ark:/12148/bd6t5872287/manifest.json'
For more information check: https://developer.mozilla.org/en-US/docs/Web/HTTP/Status/403",2026-07-17T22:07:19.647615
figaro1854,bd6t587229k,,failed,0,0,,http_manifest,known,403,manifest,"Client error '403 ' for url 'https://openapiproext.bnf.fr/iiif/presentation/v3/ark:/12148/bd6t587229k/manifest.json'
For more information check: https://developer.mozilla.org/en-US/docs/Web/HTTP/Status/403",2026-07-17T22:07:20.879271
figaro1854,bd6t587230s,,failed,0,0,,http_manifest,known,403,manifest,"Client error '403 ' for url 'https://openapiproext.bnf.fr/iiif/presentation/v3/ark:/12148/bd6t587230s/manifest.json'
For more information check: https://developer.mozilla.org/en-US/docs/Web/HTTP/Status/403",2026-07-17T22:07:21.914219
figaro1854,bd6t5872314,,failed,0,0,,http_manifest,known,403,manifest,"Client error '403 ' for url 'https://openapiproext.bnf.fr/iiif/presentation/v3/ark:/12148/bd6t5872314/manifest.json'
For more information check: https://developer.mozilla.org/en-US/docs/Web/HTTP/Status/403",2026-07-17T22:07:23.091646
figaro1854,bd6t587232g,,failed,0,0,,http_manifest,known,403,manifest,"Client error '403 ' for url 'https://openapiproext.bnf.fr/iiif/presentation/v3/ark:/12148/bd6t587232g/manifest.json'
For more information check: https://developer.mozilla.org/en-US/docs/Web/HTTP/Status/403",2026-07-17T22:07:24.330357
figaro1854,bd6t587233t,,failed,0,0,,http_manifest,known,403,manifest,"Client error '403 ' for url 'https://openapiproext.bnf.fr/iiif/presentation/v3/ark:/12148/bd6t587233t/manifest.json'
For more information check: https://developer.mozilla.org/en-US/docs/Web/HTTP/Status/403",2026-07-17T22:07:25.596621
figaro1854,bd6t5872345,,failed,0,0,,http_manifest,known,403,manifest,"Client error '403 ' for url 'https://openapiproext.bnf.fr/iiif/presentation/v3/ark:/12148/bd6t5872345/manifest.json'
For more information check: https://developer.mozilla.org/en-US/docs/Web/HTTP/Status/403",2026-07-17T22:07:26.803954
figaro1854,bd6t587235h,,failed,0,0,,http_manifest,known,403,manifest,"Client error '403 ' for url 'https://openapiproext.bnf.fr/iiif/presentation/v3/ark:/12148/bd6t587235h/manifest.json'
For more information check: https://developer.mozilla.org/en-US/docs/Web/HTTP/Status/403",2026-07-17T22:07:27.912057
figaro1854,bd6t587236v,,failed,0,0,,http_manifest,known,403,manifest,"Client error '403 ' for url 'https://openapiproext.bnf.fr/iiif/presentation/v3/ark:/12148/bd6t587236v/manifest.json'
For more information check: https://developer.mozilla.org/en-US/docs/Web/HTTP/Status/403",2026-07-17T22:07:29.102683
figaro1854,bd6t5872376,,failed,0,0,,http_manifest,known,403,manifest,"Client error '403 ' for url 'https://openapiproext.bnf.fr/iiif/presentation/v3/ark:/12148/bd6t5872376/manifest.json'
For more information check: https://developer.mozilla.org/en-US/docs/Web/HTTP/Status/403",2026-07-17T22:07:30.301966
figaro1854,bd6t587238j,,failed,0,0,,http_manifest,known,403,manifest,"Client error '403 ' for url 'https://openapiproext.bnf.fr/iiif/presentation/v3/ark:/12148/bd6t587238j/manifest.json'
For more information check: https://developer.mozilla.org/en-US/docs/Web/HTTP/Status/403",2026-07-17T22:07:31.503906
figaro1854,bd6t587239w,,failed,0,0,,http_manifest,known,403,manifest,"Client error '403 ' for url 'https://openapiproext.bnf.fr/iiif/presentation/v3/ark:/12148/bd6t587239w/manifest.json'
For more information check: https://developer.mozilla.org/en-US/docs/Web/HTTP/Status/403",2026-07-17T22:07:32.702514
figaro1854,bd6t5872403,,failed,0,0,,http_manifest,known,403,manifest,"Client error '403 ' for url 'https://openapiproext.bnf.fr/iiif/presentation/v3/ark:/12148/bd6t5872403/manifest.json'
For more information check: https://developer.mozilla.org/en-US/docs/Web/HTTP/Status/403",2026-07-17T22:07:33.915044
figaro1854,bd6t587241f,,failed,0,0,,http_manifest,known,403,manifest,"Client error '403 ' for url 'https://openapiproext.bnf.fr/iiif/presentation/v3/ark:/12148/bd6t587241f/manifest.json'
For more information check: https://developer.mozilla.org/en-US/docs/Web/HTTP/Status/403",2026-07-17T22:07:35.110019
figaro1854,bd6t587242s,,failed,0,0,,http_manifest,known,403,manifest,"Client error '403 ' for url 'https://openapiproext.bnf.fr/iiif/presentation/v3/ark:/12148/bd6t587242s/manifest.json'
For more information check: https://developer.mozilla.org/en-US/docs/Web/HTTP/Status/403",2026-07-17T22:07:36.308138
figaro1854,bd6t5872434,,failed,0,0,,http_manifest,known,403,manifest,"Client error '403 ' for url 'https://openapiproext.bnf.fr/iiif/presentation/v3/ark:/12148/bd6t5872434/manifest.json'
For more information check: https://developer.mozilla.org/en-US/docs/Web/HTTP/Status/403",2026-07-17T22:07:37.518081
figaro1854,bd6t587244g,,failed,0,0,,http_manifest,known,403,manifest,"Client error '403 ' for url 'https://openapiproext.bnf.fr/iiif/presentation/v3/ark:/12148/bd6t587244g/manifest.json'
For more information check: https://developer.mozilla.org/en-US/docs/Web/HTTP/Status/403",2026-07-17T22:07:38.711473
figaro1854,bd6t587245t,,failed,0,0,,http_manifest,known,403,manifest,"Client error '403 ' for url 'https://openapiproext.bnf.fr/iiif/presentation/v3/ark:/12148/bd6t587245t/manifest.json'
For more information check: https://developer.mozilla.org/en-US/docs/Web/HTTP/Status/403",2026-07-17T22:07:39.940588
figaro1854,bd6t5872465,,failed,0,0,,http_manifest,known,403,manifest,"Client error '403 ' for url 'https://openapiproext.bnf.fr/iiif/presentation/v3/ark:/12148/bd6t5872465/manifest.json'
For more information check: https://developer.mozilla.org/en-US/docs/Web/HTTP/Status/403",2026-07-17T22:07:41.115640
figaro1854,bd6t587247h,,failed,0,0,,http_manifest,known,403,manifest,"Client error '403 ' for url 'https://openapiproext.bnf.fr/iiif/presentation/v3/ark:/12148/bd6t587247h/manifest.json'
For more information check: https://developer.mozilla.org/en-US/docs/Web/HTTP/Status/403",2026-07-17T22:07:42.317280
figaro1854,bd6t587248v,,failed,0,0,,http_manifest,known,403,manifest,"Client error '403 ' for url 'https://openapiproext.bnf.fr/iiif/presentation/v3/ark:/12148/bd6t587248v/manifest.json'
For more information check: https://developer.mozilla.org/en-US/docs/Web/HTTP/Status/403",2026-07-17T22:07:43.517971
figaro1854,bd6t5872496,,failed,0,0,,http_manifest,known,403,manifest,"Client error '403 ' for url 'https://openapiproext.bnf.fr/iiif/presentation/v3/ark:/12148/bd6t5872496/manifest.json'
For more information check: https://developer.mozilla.org/en-US/docs/Web/HTTP/Status/403",2026-07-17T22:07:44.724031
figaro1854,bd6t587250d,,failed,0,0,,http_manifest,known,403,manifest,"Client error '403 ' for url 'https://openapiproext.bnf.fr/iiif/presentation/v3/ark:/12148/bd6t587250d/manifest.json'
For more information check: https://developer.mozilla.org/en-US/docs/Web/HTTP/Status/403",2026-07-17T22:07:45.922348
figaro1854,bd6t587251r,,failed,0,0,,http_manifest,known,403,manifest,"Client error '403 ' for url 'https://openapiproext.bnf.fr/iiif/presentation/v3/ark:/12148/bd6t587251r/manifest.json'
For more information check: https://developer.mozilla.org/en-US/docs/Web/HTTP/Status/403",2026-07-17T22:07:47.127425
figaro1854,bd6t5872523,,failed,0,0,,http_manifest,known,403,manifest,"Client error '403 ' for url 'https://openapiproext.bnf.fr/iiif/presentation/v3/ark:/12148/bd6t5872523/manifest.json'
For more information check: https://developer.mozilla.org/en-US/docs/Web/HTTP/Status/403",2026-07-17T22:07:48.323166
figaro1854,bd6t587253f,,failed,0,0,,http_manifest,known,403,manifest,"Client error '403 ' for url 'https://openapiproext.bnf.fr/iiif/presentation/v3/ark:/12148/bd6t587253f/manifest.json'
For more information check: https://developer.mozilla.org/en-US/docs/Web/HTTP/Status/403",2026-07-17T22:07:49.530883
figaro1854,bd6t587254s,,failed,0,0,,http_manifest,known,403,manifest,"Client error '403 ' for url 'https://openapiproext.bnf.fr/iiif/presentation/v3/ark:/12148/bd6t587254s/manifest.json'
For more information check: https://developer.mozilla.org/en-US/docs/Web/HTTP/Status/403",2026-07-17T22:07:50.728970
figaro1854,bd6t5872554,,failed,0,0,,http_manifest,known,403,manifest,"Client error '403 ' for url 'https://openapiproext.bnf.fr/iiif/presentation/v3/ark:/12148/bd6t5872554/manifest.json'
For more information check: https://developer.mozilla.org/en-US/docs/Web/HTTP/Status/403",2026-07-17T22:07:51.957417
figaro1854,bd6t587256g,,failed,0,0,,http_manifest,known,403,manifest,"Client error '403 ' for url 'https://openapiproext.bnf.fr/iiif/presentation/v3/ark:/12148/bd6t587256g/manifest.json'
For more information check: https://developer.mozilla.org/en-US/docs/Web/HTTP/Status/403",2026-07-17T22:07:53.131298
figaro1854,bd6t587257t,,failed,0,0,,http_manifest,known,403,manifest,"Client error '403 ' for url 'https://openapiproext.bnf.fr/iiif/presentation/v3/ark:/12148/bd6t587257t/manifest.json'
For more information check: https://developer.mozilla.org/en-US/docs/Web/HTTP/Status/403",2026-07-17T22:07:54.331573
figaro1854,bd6t5872585,,failed,0,0,,http_manifest,known,403,manifest,"Client error '403 ' for url 'https://openapiproext.bnf.fr/iiif/presentation/v3/ark:/12148/bd6t5872585/manifest.json'
For more information check: https://developer.mozilla.org/en-US/docs/Web/HTTP/Status/403",2026-07-17T22:07:55.532704
figaro1854,bd6t587259h,,failed,0,0,,http_manifest,known,403,manifest,"Client error '403 ' for url 'https://openapiproext.bnf.fr/iiif/presentation/v3/ark:/12148/bd6t587259h/manifest.json'
For more information check: https://developer.mozilla.org/en-US/docs/Web/HTTP/Status/403",2026-07-17T22:07:56.732561
figaro1854,bd6t587260q,,failed,0,0,,http_manifest,known,403,manifest,"Client error '403 ' for url 'https://openapiproext.bnf.fr/iiif/presentation/v3/ark:/12148/bd6t587260q/manifest.json'
For more information check: https://developer.mozilla.org/en-US/docs/Web/HTTP/Status/403",2026-07-17T22:07:57.956282
figaro1854,bd6t5872612,,failed,0,0,,http_manifest,known,403,manifest,"Client error '403 ' for url 'https://openapiproext.bnf.fr/iiif/presentation/v3/ark:/12148/bd6t5872612/manifest.json'
For more information check: https://developer.mozilla.org/en-US/docs/Web/HTTP/Status/403",2026-07-17T22:07:59.142336
figaro1854,bd6t587262d,,failed,0,0,,http_manifest,known,403,manifest,"Client error '403 ' for url 'https://openapiproext.bnf.fr/iiif/presentation/v3/ark:/12148/bd6t587262d/manifest.json'
For more information check: https://developer.mozilla.org/en-US/docs/Web/HTTP/Status/403",2026-07-17T22:08:00.337076
figaro1854,bd6t587263r,,failed,0,0,,http_manifest,known,403,manifest,"Client error '403 ' for url 'https://openapiproext.bnf.fr/iiif/presentation/v3/ark:/12148/bd6t587263r/manifest.json'
For more information check: https://developer.mozilla.org/en-US/docs/Web/HTTP/Status/403",2026-07-17T22:08:01.542020
figaro1854,bd6t5872643,,failed,0,0,,http_manifest,known,403,manifest,"Client error '403 ' for url 'https://openapiproext.bnf.fr/iiif/presentation/v3/ark:/12148/bd6t5872643/manifest.json'
For more information check: https://developer.mozilla.org/en-US/docs/Web/HTTP/Status/403",2026-07-17T22:08:02.748264
figaro1854,bd6t587265f,,failed,0,0,,http_manifest,known,403,manifest,"Client error '403 ' for url 'https://openapiproext.bnf.fr/iiif/presentation/v3/ark:/12148/bd6t587265f/manifest.json'
For more information check: https://developer.mozilla.org/en-US/docs/Web/HTTP/Status/403",2026-07-17T22:08:03.946106
figaro1854,bd6t586988s,,failed,0,0,,http_manifest,known,403,manifest,"Client error '403 ' for url 'https://openapiproext.bnf.fr/iiif/presentation/v3/ark:/12148/bd6t586988s/manifest.json'
For more information check: https://developer.mozilla.org/en-US/docs/Web/HTTP/Status/403",2026-07-17T22:08:05.165655
figaro1854,bd6t586991p,,failed,0,0,,http_manifest,known,403,manifest,"Client error '403 ' for url 'https://openapiproext.bnf.fr/iiif/presentation/v3/ark:/12148/bd6t586991p/manifest.json'
For more information check: https://developer.mozilla.org/en-US/docs/Web/HTTP/Status/403",2026-07-17T22:08:06.494322
figaro1854,bd6t5869894,,failed,0,0,,http_manifest,known,403,manifest,"Client error '403 ' for url 'https://openapiproext.bnf.fr/iiif/presentation/v3/ark:/12148/bd6t5869894/manifest.json'
For more information check: https://developer.mozilla.org/en-US/docs/Web/HTTP/Status/403",2026-07-17T22:08:07.546930
figaro1854,bd6t586990b,,failed,0,0,,http_manifest,known,403,manifest,"Client error '403 ' for url 'https://openapiproext.bnf.fr/iiif/presentation/v3/ark:/12148/bd6t586990b/manifest.json'
For more information check: https://developer.mozilla.org/en-US/docs/Web/HTTP/Status/403",2026-07-17T22:08:08.775899
figaro1854,bd6t5869921,,failed,0,0,,http_manifest,known,403,manifest,"Client error '403 ' for url 'https://openapiproext.bnf.fr/iiif/presentation/v3/ark:/12148/bd6t5869921/manifest.json'
For more information check: https://developer.mozilla.org/en-US/docs/Web/HTTP/Status/403",2026-07-17T22:08:09.963638
figaro1854,bd6t586993c,,failed,0,0,,http_manifest,known,403,manifest,"Client error '403 ' for url 'https://openapiproext.bnf.fr/iiif/presentation/v3/ark:/12148/bd6t586993c/manifest.json'
For more information check: https://developer.mozilla.org/en-US/docs/Web/HTTP/Status/403",2026-07-17T22:08:11.154459
figaro1854,bd6t586994q,,failed,0,0,,http_manifest,known,403,manifest,"Client error '403 ' for url 'https://openapiproext.bnf.fr/iiif/presentation/v3/ark:/12148/bd6t586994q/manifest.json'
For more information check: https://developer.mozilla.org/en-US/docs/Web/HTTP/Status/403",2026-07-17T22:08:12.488675
figaro1854,bd6t5869952,,failed,0,0,,http_manifest,known,403,manifest,"Client error '403 ' for url 'https://openapiproext.bnf.fr/iiif/presentation/v3/ark:/12148/bd6t5869952/manifest.json'
For more information check: https://developer.mozilla.org/en-US/docs/Web/HTTP/Status/403",2026-07-17T22:08:13.953229
figaro1854,bd6t586996d,,failed,0,0,,http_manifest,known,403,manifest,"Client error '403 ' for url 'https://openapiproext.bnf.fr/iiif/presentation/v3/ark:/12148/bd6t586996d/manifest.json'
For more information check: https://developer.mozilla.org/en-US/docs/Web/HTTP/Status/403",2026-07-17T22:08:14.992883
figaro1854,bd6t586997r,,failed,0,0,,http_manifest,known,403,manifest,"Client error '403 ' for url 'https://openapiproext.bnf.fr/iiif/presentation/v3/ark:/12148/bd6t586997r/manifest.json'
For more information check: https://developer.mozilla.org/en-US/docs/Web/HTTP/Status/403",2026-07-17T22:08:15.972083
figaro1854,bd6t5869983,,failed,0,0,,http_manifest,known,403,manifest,"Client error '403 ' for url 'https://openapiproext.bnf.fr/iiif/presentation/v3/ark:/12148/bd6t5869983/manifest.json'
For more information check: https://developer.mozilla.org/en-US/docs/Web/HTTP/Status/403",2026-07-17T22:08:17.163521
figaro1854,bd6t586999f,,failed,0,0,,http_manifest,known,403,manifest,"Client error '403 ' for url 'https://openapiproext.bnf.fr/iiif/presentation/v3/ark:/12148/bd6t586999f/manifest.json'
For more information check: https://developer.mozilla.org/en-US/docs/Web/HTTP/Status/403",2026-07-17T22:08:18.369121
figaro1854,bd6t5870009,,failed,0,0,,http_manifest,known,403,manifest,"Client error '403 ' for url 'https://openapiproext.bnf.fr/iiif/presentation/v3/ark:/12148/bd6t5870009/manifest.json'
For more information check: https://developer.mozilla.org/en-US/docs/Web/HTTP/Status/403",2026-07-17T22:08:19.593155
figaro1854,bd6t587001n,,failed,0,0,,http_manifest,known,403,manifest,"Client error '403 ' for url 'https://openapiproext.bnf.fr/iiif/presentation/v3/ark:/12148/bd6t587001n/manifest.json'
For more information check: https://developer.mozilla.org/en-US/docs/Web/HTTP/Status/403",2026-07-17T22:08:20.768998
figaro1854,bd6t5870020,,failed,0,0,,http_manifest,known,403,manifest,"Client error '403 ' for url 'https://openapiproext.bnf.fr/iiif/presentation/v3/ark:/12148/bd6t5870020/manifest.json'
For more information check: https://developer.mozilla.org/en-US/docs/Web/HTTP/Status/403",2026-07-17T22:08:21.990179
figaro1854,bd6t587003b,,failed,0,0,,http_manifest,known,403,manifest,"Client error '403 ' for url 'https://openapiproext.bnf.fr/iiif/presentation/v3/ark:/12148/bd6t587003b/manifest.json'
For more information check: https://developer.mozilla.org/en-US/docs/Web/HTTP/Status/403",2026-07-17T22:08:23.172763
figaro1854,bd6t587004p,,failed,0,0,,http_manifest,known,403,manifest,"Client error '403 ' for url 'https://openapiproext.bnf.fr/iiif/presentation/v3/ark:/12148/bd6t587004p/manifest.json'
For more information check: https://developer.mozilla.org/en-US/docs/Web/HTTP/Status/403",2026-07-17T22:08:24.375260
figaro1854,bd6t5870051,,failed,0,0,,http_manifest,known,403,manifest,"Client error '403 ' for url 'https://openapiproext.bnf.fr/iiif/presentation/v3/ark:/12148/bd6t5870051/manifest.json'
For more information check: https://developer.mozilla.org/en-US/docs/Web/HTTP/Status/403",2026-07-17T22:08:25.586624
figaro1854,bd6t587006c,,failed,0,0,,http_manifest,known,403,manifest,"Client error '403 ' for url 'https://openapiproext.bnf.fr/iiif/presentation/v3/ark:/12148/bd6t587006c/manifest.json'
For more information check: https://developer.mozilla.org/en-US/docs/Web/HTTP/Status/403",2026-07-17T22:08:26.924031
figaro1854,bd6t587007q,,failed,0,0,,http_manifest,known,403,manifest,"Client error '403 ' for url 'https://openapiproext.bnf.fr/iiif/presentation/v3/ark:/12148/bd6t587007q/manifest.json'
For more information check: https://developer.mozilla.org/en-US/docs/Web/HTTP/Status/403",2026-07-17T22:08:28.133689
figaro1854,bd6t5870082,,failed,0,0,,http_manifest,known,403,manifest,"Client error '403 ' for url 'https://openapiproext.bnf.fr/iiif/presentation/v3/ark:/12148/bd6t5870082/manifest.json'
For more information check: https://developer.mozilla.org/en-US/docs/Web/HTTP/Status/403",2026-07-17T22:08:29.184207
figaro1854,bd6t587009d,,failed,0,0,,http_manifest,known,403,manifest,"Client error '403 ' for url 'https://openapiproext.bnf.fr/iiif/presentation/v3/ark:/12148/bd6t587009d/manifest.json'
For more information check: https://developer.mozilla.org/en-US/docs/Web/HTTP/Status/403",2026-07-17T22:08:30.383203
figaro1854,bd6t587010m,,failed,0,0,,http_manifest,known,403,manifest,"Client error '403 ' for url 'https://openapiproext.bnf.fr/iiif/presentation/v3/ark:/12148/bd6t587010m/manifest.json'
For more information check: https://developer.mozilla.org/en-US/docs/Web/HTTP/Status/403",2026-07-17T22:08:31.602319
figaro1854,bd6t587011z,,failed,0,0,,http_manifest,known,403,manifest,"Client error '403 ' for url 'https://openapiproext.bnf.fr/iiif/presentation/v3/ark:/12148/bd6t587011z/manifest.json'
For more information check: https://developer.mozilla.org/en-US/docs/Web/HTTP/Status/403",2026-07-17T22:08:32.797935
figaro1854,bd6t5870129,,failed,0,0,,http_manifest,known,403,manifest,"Client error '403 ' for url 'https://openapiproext.bnf.fr/iiif/presentation/v3/ark:/12148/bd6t5870129/manifest.json'
For more information check: https://developer.mozilla.org/en-US/docs/Web/HTTP/Status/403",2026-07-17T22:08:33.989043
figaro1854,bd6t587013n,,failed,0,0,,http_manifest,known,403,manifest,"Client error '403 ' for url 'https://openapiproext.bnf.fr/iiif/presentation/v3/ark:/12148/bd6t587013n/manifest.json'
For more information check: https://developer.mozilla.org/en-US/docs/Web/HTTP/Status/403",2026-07-17T22:08:35.195660
figaro1854,bd6t5870140,,failed,0,0,,http_manifest,known,403,manifest,"Client error '403 ' for url 'https://openapiproext.bnf.fr/iiif/presentation/v3/ark:/12148/bd6t5870140/manifest.json'
For more information check: https://developer.mozilla.org/en-US/docs/Web/HTTP/Status/403",2026-07-17T22:08:36.402474
figaro1854,bd6t587015b,,failed,0,0,,http_manifest,known,403,manifest,"Client error '403 ' for url 'https://openapiproext.bnf.fr/iiif/presentation/v3/ark:/12148/bd6t587015b/manifest.json'
For more information check: https://developer.mozilla.org/en-US/docs/Web/HTTP/Status/403",2026-07-17T22:08:37.593036
figaro1854,bd6t587016p,,failed,0,0,,http_manifest,known,403,manifest,"Client error '403 ' for url 'https://openapiproext.bnf.fr/iiif/presentation/v3/ark:/12148/bd6t587016p/manifest.json'
For more information check: https://developer.mozilla.org/en-US/docs/Web/HTTP/Status/403",2026-07-17T22:08:38.798857
figaro1854,bd6t5870171,,failed,0,0,,http_manifest,known,403,manifest,"Client error '403 ' for url 'https://openapiproext.bnf.fr/iiif/presentation/v3/ark:/12148/bd6t5870171/manifest.json'
For more information check: https://developer.mozilla.org/en-US/docs/Web/HTTP/Status/403",2026-07-17T22:08:39.998045
figaro1854,bd6t587018c,,failed,0,0,,http_manifest,known,403,manifest,"Client error '403 ' for url 'https://openapiproext.bnf.fr/iiif/presentation/v3/ark:/12148/bd6t587018c/manifest.json'
For more information check: https://developer.mozilla.org/en-US/docs/Web/HTTP/Status/403",2026-07-17T22:08:41.204580
figaro1854,bd6t587019q,,failed,0,0,,http_manifest,known,403,manifest,"Client error '403 ' for url 'https://openapiproext.bnf.fr/iiif/presentation/v3/ark:/12148/bd6t587019q/manifest.json'
For more information check: https://developer.mozilla.org/en-US/docs/Web/HTTP/Status/403",2026-07-17T22:08:42.397066
figaro1854,bd6t587020x,,failed,0,0,,http_manifest,known,403,manifest,"Client error '403 ' for url 'https://openapiproext.bnf.fr/iiif/presentation/v3/ark:/12148/bd6t587020x/manifest.json'
For more information check: https://developer.mozilla.org/en-US/docs/Web/HTTP/Status/403",2026-07-17T22:08:43.616046
figaro1854,bd6t5870218,,failed,0,0,,http_manifest,known,403,manifest,"Client error '403 ' for url 'https://openapiproext.bnf.fr/iiif/presentation/v3/ark:/12148/bd6t5870218/manifest.json'
For more information check: https://developer.mozilla.org/en-US/docs/Web/HTTP/Status/403",2026-07-17T22:08:44.808653
figaro1854,bd6t587022m,,failed,0,0,,http_manifest,known,403,manifest,"Client error '403 ' for url 'https://openapiproext.bnf.fr/iiif/presentation/v3/ark:/12148/bd6t587022m/manifest.json'
For more information check: https://developer.mozilla.org/en-US/docs/Web/HTTP/Status/403",2026-07-17T22:08:46.006773
figaro1854,bd6t587023z,,failed,0,0,,http_manifest,known,403,manifest,"Client error '403 ' for url 'https://openapiproext.bnf.fr/iiif/presentation/v3/ark:/12148/bd6t587023z/manifest.json'
For more information check: https://developer.mozilla.org/en-US/docs/Web/HTTP/Status/403",2026-07-17T22:08:47.207039
figaro1854,bd6t5870249,,failed,0,0,,http_manifest,known,403,manifest,"Client error '403 ' for url 'https://openapiproext.bnf.fr/iiif/presentation/v3/ark:/12148/bd6t5870249/manifest.json'
For more information check: https://developer.mozilla.org/en-US/docs/Web/HTTP/Status/403",2026-07-17T22:08:48.406950
figaro1854,bd6t587025n,,failed,0,0,,http_manifest,known,403,manifest,"Client error '403 ' for url 'https://openapiproext.bnf.fr/iiif/presentation/v3/ark:/12148/bd6t587025n/manifest.json'
For more information check: https://developer.mozilla.org/en-US/docs/Web/HTTP/Status/403",2026-07-17T22:08:49.621470
figaro1854,bd6t5870260,,failed,0,0,,http_manifest,known,403,manifest,"Client error '403 ' for url 'https://openapiproext.bnf.fr/iiif/presentation/v3/ark:/12148/bd6t5870260/manifest.json'
For more information check: https://developer.mozilla.org/en-US/docs/Web/HTTP/Status/403",2026-07-17T22:08:50.809936
figaro1854,bd6t587027b,,failed,0,0,,http_manifest,known,403,manifest,"Client error '403 ' for url 'https://openapiproext.bnf.fr/iiif/presentation/v3/ark:/12148/bd6t587027b/manifest.json'
For more information check: https://developer.mozilla.org/en-US/docs/Web/HTTP/Status/403",2026-07-17T22:08:52.011165
figaro1854,bd6t587028p,,failed,0,0,,http_manifest,known,403,manifest,"Client error '403 ' for url 'https://openapiproext.bnf.fr/iiif/presentation/v3/ark:/12148/bd6t587028p/manifest.json'
For more information check: https://developer.mozilla.org/en-US/docs/Web/HTTP/Status/403",2026-07-17T22:08:53.224739
figaro1854,bd6t5870291,,failed,0,0,,http_manifest,known,403,manifest,"Client error '403 ' for url 'https://openapiproext.bnf.fr/iiif/presentation/v3/ark:/12148/bd6t5870291/manifest.json'
For more information check: https://developer.mozilla.org/en-US/docs/Web/HTTP/Status/403",2026-07-17T22:08:54.419209
figaro1854,bd6t586209q,,failed,0,0,,http_manifest,known,403,manifest,"Client error '403 ' for url 'https://openapiproext.bnf.fr/iiif/presentation/v3/ark:/12148/bd6t586209q/manifest.json'
For more information check: https://developer.mozilla.org/en-US/docs/Web/HTTP/Status/403",2026-07-17T22:08:55.616294
figaro1854,bd6t586210x,,failed,0,0,,http_manifest,known,403,manifest,"Client error '403 ' for url 'https://openapiproext.bnf.fr/iiif/presentation/v3/ark:/12148/bd6t586210x/manifest.json'
For more information check: https://developer.mozilla.org/en-US/docs/Web/HTTP/Status/403",2026-07-17T22:08:56.822513
figaro1854,bd6t5862118,,failed,0,0,,http_manifest,known,403,manifest,"Client error '403 ' for url 'https://openapiproext.bnf.fr/iiif/presentation/v3/ark:/12148/bd6t5862118/manifest.json'
For more information check: https://developer.mozilla.org/en-US/docs/Web/HTTP/Status/403",2026-07-17T22:08:58.023866
figaro1854,bd6t586212m,,failed,0,0,,http_manifest,known,403,manifest,"Client error '403 ' for url 'https://openapiproext.bnf.fr/iiif/presentation/v3/ark:/12148/bd6t586212m/manifest.json'
For more information check: https://developer.mozilla.org/en-US/docs/Web/HTTP/Status/403",2026-07-17T22:08:59.359139
figaro1854,bd6t586213z,,failed,0,0,,http_manifest,known,403,manifest,"Client error '403 ' for url 'https://openapiproext.bnf.fr/iiif/presentation/v3/ark:/12148/bd6t586213z/manifest.json'
For more information check: https://developer.mozilla.org/en-US/docs/Web/HTTP/Status/403",2026-07-17T22:09:00.428163
figaro1854,bd6t5862149,,failed,0,0,,http_manifest,known,403,manifest,"Client error '403 ' for url 'https://openapiproext.bnf.fr/iiif/presentation/v3/ark:/12148/bd6t5862149/manifest.json'
For more information check: https://developer.mozilla.org/en-US/docs/Web/HTTP/Status/403",2026-07-17T22:09:01.663697
figaro1854,bd6t586215n,,failed,0,0,,http_manifest,known,403,manifest,"Client error '403 ' for url 'https://openapiproext.bnf.fr/iiif/presentation/v3/ark:/12148/bd6t586215n/manifest.json'
For more information check: https://developer.mozilla.org/en-US/docs/Web/HTTP/Status/403",2026-07-17T22:09:02.829232
figaro1854,bd6t5862160,,failed,0,0,,http_manifest,known,403,manifest,"Client error '403 ' for url 'https://openapiproext.bnf.fr/iiif/presentation/v3/ark:/12148/bd6t5862160/manifest.json'
For more information check: https://developer.mozilla.org/en-US/docs/Web/HTTP/Status/403",2026-07-17T22:09:04.044416
figaro1854,bd6t586217b,,failed,0,0,,http_manifest,known,403,manifest,"Client error '403 ' for url 'https://openapiproext.bnf.fr/iiif/presentation/v3/ark:/12148/bd6t586217b/manifest.json'
For more information check: https://developer.mozilla.org/en-US/docs/Web/HTTP/Status/403",2026-07-17T22:09:05.234807
figaro1854,bd6t586218p,,failed,0,0,,http_manifest,known,403,manifest,"Client error '403 ' for url 'https://openapiproext.bnf.fr/iiif/presentation/v3/ark:/12148/bd6t586218p/manifest.json'
For more information check: https://developer.mozilla.org/en-US/docs/Web/HTTP/Status/403",2026-07-17T22:09:06.604741
figaro1854,bd6t5862191,,failed,0,0,,http_manifest,known,403,manifest,"Client error '403 ' for url 'https://openapiproext.bnf.fr/iiif/presentation/v3/ark:/12148/bd6t5862191/manifest.json'
For more information check: https://developer.mozilla.org/en-US/docs/Web/HTTP/Status/403",2026-07-17T22:09:07.776534
figaro1854,bd6t5862207,,failed,0,0,,http_manifest,known,403,manifest,"Client error '403 ' for url 'https://openapiproext.bnf.fr/iiif/presentation/v3/ark:/12148/bd6t5862207/manifest.json'
For more information check: https://developer.mozilla.org/en-US/docs/Web/HTTP/Status/403",2026-07-17T22:09:08.851550
figaro1854,bd6t586221k,,failed,0,0,,http_manifest,known,403,manifest,"Client error '403 ' for url 'https://openapiproext.bnf.fr/iiif/presentation/v3/ark:/12148/bd6t586221k/manifest.json'
For more information check: https://developer.mozilla.org/en-US/docs/Web/HTTP/Status/403",2026-07-17T22:09:10.195388
figaro1854,bd6t586222x,,failed,0,0,,http_manifest,known,403,manifest,"Client error '403 ' for url 'https://openapiproext.bnf.fr/iiif/presentation/v3/ark:/12148/bd6t586222x/manifest.json'
For more information check: https://developer.mozilla.org/en-US/docs/Web/HTTP/Status/403",2026-07-17T22:09:11.259969
figaro1854,bd6t5862238,,failed,0,0,,http_manifest,known,403,manifest,"Client error '403 ' for url 'https://openapiproext.bnf.fr/iiif/presentation/v3/ark:/12148/bd6t5862238/manifest.json'
For more information check: https://developer.mozilla.org/en-US/docs/Web/HTTP/Status/403",2026-07-17T22:09:12.510484
figaro1854,bd6t586224m,,failed,0,0,,http_manifest,known,403,manifest,"Client error '403 ' for url 'https://openapiproext.bnf.fr/iiif/presentation/v3/ark:/12148/bd6t586224m/manifest.json'
For more information check: https://developer.mozilla.org/en-US/docs/Web/HTTP/Status/403",2026-07-17T22:09:13.904459
figaro1854,bd6t586225z,,failed,0,0,,http_manifest,known,403,manifest,"Client error '403 ' for url 'https://openapiproext.bnf.fr/iiif/presentation/v3/ark:/12148/bd6t586225z/manifest.json'
For more information check: https://developer.mozilla.org/en-US/docs/Web/HTTP/Status/403",2026-07-17T22:09:14.878254
figaro1854,bd6t5862269,,failed,0,0,,http_manifest,known,403,manifest,"Client error '403 ' for url 'https://openapiproext.bnf.fr/iiif/presentation/v3/ark:/12148/bd6t5862269/manifest.json'
For more information check: https://developer.mozilla.org/en-US/docs/Web/HTTP/Status/403",2026-07-17T22:09:16.061677
figaro1854,bd6t586227n,,failed,0,0,,http_manifest,known,403,manifest,"Client error '403 ' for url 'https://openapiproext.bnf.fr/iiif/presentation/v3/ark:/12148/bd6t586227n/manifest.json'
For more information check: https://developer.mozilla.org/en-US/docs/Web/HTTP/Status/403",2026-07-17T22:09:17.314638
figaro1854,bd6t5862280,,failed,0,0,,http_manifest,known,403,manifest,"Client error '403 ' for url 'https://openapiproext.bnf.fr/iiif/presentation/v3/ark:/12148/bd6t5862280/manifest.json'
For more information check: https://developer.mozilla.org/en-US/docs/Web/HTTP/Status/403",2026-07-17T22:09:18.560104
figaro1854,bd6t586229b,,failed,0,0,,http_manifest,known,403,manifest,"Client error '403 ' for url 'https://openapiproext.bnf.fr/iiif/presentation/v3/ark:/12148/bd6t586229b/manifest.json'
For more information check: https://developer.mozilla.org/en-US/docs/Web/HTTP/Status/403",2026-07-17T22:09:19.677085
figaro1854,bd6t586230j,,failed,0,0,,http_manifest,known,403,manifest,"Client error '403 ' for url 'https://openapiproext.bnf.fr/iiif/presentation/v3/ark:/12148/bd6t586230j/manifest.json'
For more information check: https://developer.mozilla.org/en-US/docs/Web/HTTP/Status/403",2026-07-17T22:09:20.936266
figaro1854,bd6t586231w,,failed,0,0,,http_manifest,known,403,manifest,"Client error '403 ' for url 'https://openapiproext.bnf.fr/iiif/presentation/v3/ark:/12148/bd6t586231w/manifest.json'
For more information check: https://developer.mozilla.org/en-US/docs/Web/HTTP/Status/403",2026-07-17T22:09:22.057439
figaro1854,bd6t5862327,,failed,0,0,,http_manifest,known,403,manifest,"Client error '403 ' for url 'https://openapiproext.bnf.fr/iiif/presentation/v3/ark:/12148/bd6t5862327/manifest.json'
For more information check: https://developer.mozilla.org/en-US/docs/Web/HTTP/Status/403",2026-07-17T22:09:23.375186
figaro1854,bd6t586233k,,failed,0,0,,http_manifest,known,403,manifest,"Client error '403 ' for url 'https://openapiproext.bnf.fr/iiif/presentation/v3/ark:/12148/bd6t586233k/manifest.json'
For more information check: https://developer.mozilla.org/en-US/docs/Web/HTTP/Status/403",2026-07-17T22:09:24.458808
figaro1854,bd6t586234x,,failed,0,0,,http_manifest,known,403,manifest,"Client error '403 ' for url 'https://openapiproext.bnf.fr/iiif/presentation/v3/ark:/12148/bd6t586234x/manifest.json'
For more information check: https://developer.mozilla.org/en-US/docs/Web/HTTP/Status/403",2026-07-17T22:09:25.665183
figaro1854,bd6t5862358,,failed,0,0,,http_manifest,known,403,manifest,"Client error '403 ' for url 'https://openapiproext.bnf.fr/iiif/presentation/v3/ark:/12148/bd6t5862358/manifest.json'
For more information check: https://developer.mozilla.org/en-US/docs/Web/HTTP/Status/403",2026-07-17T22:09:26.876258
figaro1854,bd6t586236m,,failed,0,0,,http_manifest,known,403,manifest,"Client error '403 ' for url 'https://openapiproext.bnf.fr/iiif/presentation/v3/ark:/12148/bd6t586236m/manifest.json'
For more information check: https://developer.mozilla.org/en-US/docs/Web/HTTP/Status/403",2026-07-17T22:09:28.066288
figaro1854,bd6t586237z,,failed,0,0,,http_manifest,known,403,manifest,"Client error '403 ' for url 'https://openapiproext.bnf.fr/iiif/presentation/v3/ark:/12148/bd6t586237z/manifest.json'
For more information check: https://developer.mozilla.org/en-US/docs/Web/HTTP/Status/403",2026-07-17T22:09:29.269658
figaro1854,bd6t5862389,,failed,0,0,,http_manifest,known,403,manifest,"Client error '403 ' for url 'https://openapiproext.bnf.fr/iiif/presentation/v3/ark:/12148/bd6t5862389/manifest.json'
For more information check: https://developer.mozilla.org/en-US/docs/Web/HTTP/Status/403",2026-07-17T22:09:30.470807
figaro1854,bd6t586239n,,failed,0,0,,http_manifest,known,403,manifest,"Client error '403 ' for url 'https://openapiproext.bnf.fr/iiif/presentation/v3/ark:/12148/bd6t586239n/manifest.json'
For more information check: https://developer.mozilla.org/en-US/docs/Web/HTTP/Status/403",2026-07-17T22:09:31.692427
figaro1854,bd6t586240v,,failed,0,0,,http_manifest,known,403,manifest,"Client error '403 ' for url 'https://openapiproext.bnf.fr/iiif/presentation/v3/ark:/12148/bd6t586240v/manifest.json'
For more information check: https://developer.mozilla.org/en-US/docs/Web/HTTP/Status/403",2026-07-17T22:09:32.875324
figaro1854,bd6t5862416,,failed,0,0,,http_manifest,known,403,manifest,"Client error '403 ' for url 'https://openapiproext.bnf.fr/iiif/presentation/v3/ark:/12148/bd6t5862416/manifest.json'
For more information check: https://developer.mozilla.org/en-US/docs/Web/HTTP/Status/403",2026-07-17T22:09:34.075911
figaro1854,bd6t586242j,,failed,0,0,,http_manifest,known,403,manifest,"Client error '403 ' for url 'https://openapiproext.bnf.fr/iiif/presentation/v3/ark:/12148/bd6t586242j/manifest.json'
For more information check: https://developer.mozilla.org/en-US/docs/Web/HTTP/Status/403",2026-07-17T22:09:35.275923
figaro1854,bd6t586243w,,failed,0,0,,http_manifest,known,403,manifest,"Client error '403 ' for url 'https://openapiproext.bnf.fr/iiif/presentation/v3/ark:/12148/bd6t586243w/manifest.json'
For more information check: https://developer.mozilla.org/en-US/docs/Web/HTTP/Status/403",2026-07-17T22:09:36.483347
figaro1854,bd6t5862447,,failed,0,0,,http_manifest,known,403,manifest,"Client error '403 ' for url 'https://openapiproext.bnf.fr/iiif/presentation/v3/ark:/12148/bd6t5862447/manifest.json'
For more information check: https://developer.mozilla.org/en-US/docs/Web/HTTP/Status/403",2026-07-17T22:09:37.688384
figaro1854,bd6t586245k,,failed,0,0,,http_manifest,known,403,manifest,"Client error '403 ' for url 'https://openapiproext.bnf.fr/iiif/presentation/v3/ark:/12148/bd6t586245k/manifest.json'
For more information check: https://developer.mozilla.org/en-US/docs/Web/HTTP/Status/403",2026-07-17T22:09:38.881749
figaro1854,bd6t586246x,,failed,0,0,,http_manifest,known,403,manifest,"Client error '403 ' for url 'https://openapiproext.bnf.fr/iiif/presentation/v3/ark:/12148/bd6t586246x/manifest.json'
For more information check: https://developer.mozilla.org/en-US/docs/Web/HTTP/Status/403",2026-07-17T22:09:40.094328
figaro1854,bd6t586284g,,failed,0,0,,http_manifest,known,403,manifest,"Client error '403 ' for url 'https://openapiproext.bnf.fr/iiif/presentation/v3/ark:/12148/bd6t586284g/manifest.json'
For more information check: https://developer.mozilla.org/en-US/docs/Web/HTTP/Status/403",2026-07-17T22:09:41.286532
figaro1854,bd6t586285t,,failed,0,0,,http_manifest,known,403,manifest,"Client error '403 ' for url 'https://openapiproext.bnf.fr/iiif/presentation/v3/ark:/12148/bd6t586285t/manifest.json'
For more information check: https://developer.mozilla.org/en-US/docs/Web/HTTP/Status/403",2026-07-17T22:09:42.497809
figaro1854,bd6t5862865,,failed,0,0,,http_manifest,known,403,manifest,"Client error '403 ' for url 'https://openapiproext.bnf.fr/iiif/presentation/v3/ark:/12148/bd6t5862865/manifest.json'
For more information check: https://developer.mozilla.org/en-US/docs/Web/HTTP/Status/403",2026-07-17T22:09:43.715767
figaro1854,bd6t586287h,,failed,0,0,,http_manifest,known,403,manifest,"Client error '403 ' for url 'https://openapiproext.bnf.fr/iiif/presentation/v3/ark:/12148/bd6t586287h/manifest.json'
For more information check: https://developer.mozilla.org/en-US/docs/Web/HTTP/Status/403",2026-07-17T22:09:44.892032
figaro1854,bd6t586288v,,failed,0,0,,http_manifest,known,403,manifest,"Client error '403 ' for url 'https://openapiproext.bnf.fr/iiif/presentation/v3/ark:/12148/bd6t586288v/manifest.json'
For more information check: https://developer.mozilla.org/en-US/docs/Web/HTTP/Status/403",2026-07-17T22:09:46.089551
figaro1854,bd6t5862896,,failed,0,0,,http_manifest,known,403,manifest,"Client error '403 ' for url 'https://openapiproext.bnf.fr/iiif/presentation/v3/ark:/12148/bd6t5862896/manifest.json'
For more information check: https://developer.mozilla.org/en-US/docs/Web/HTTP/Status/403",2026-07-17T22:09:47.295723
figaro1854,bd6t586290d,,failed,0,0,,http_manifest,known,403,manifest,"Client error '403 ' for url 'https://openapiproext.bnf.fr/iiif/presentation/v3/ark:/12148/bd6t586290d/manifest.json'
For more information check: https://developer.mozilla.org/en-US/docs/Web/HTTP/Status/403",2026-07-17T22:09:48.495469
figaro1854,bd6t586291r,,failed,0,0,,http_manifest,known,403,manifest,"Client error '403 ' for url 'https://openapiproext.bnf.fr/iiif/presentation/v3/ark:/12148/bd6t586291r/manifest.json'
For more information check: https://developer.mozilla.org/en-US/docs/Web/HTTP/Status/403",2026-07-17T22:09:49.751406
figaro1854,bd6t5862923,,failed,0,0,,http_manifest,known,403,manifest,"Client error '403 ' for url 'https://openapiproext.bnf.fr/iiif/presentation/v3/ark:/12148/bd6t5862923/manifest.json'
For more information check: https://developer.mozilla.org/en-US/docs/Web/HTTP/Status/403",2026-07-17T22:09:50.910962
figaro1854,bd6t586293f,,failed,0,0,,http_manifest,known,403,manifest,"Client error '403 ' for url 'https://openapiproext.bnf.fr/iiif/presentation/v3/ark:/12148/bd6t586293f/manifest.json'
For more information check: https://developer.mozilla.org/en-US/docs/Web/HTTP/Status/403",2026-07-17T22:09:52.101548
figaro1854,bd6t586294s,,failed,0,0,,http_manifest,known,403,manifest,"Client error '403 ' for url 'https://openapiproext.bnf.fr/iiif/presentation/v3/ark:/12148/bd6t586294s/manifest.json'
For more information check: https://developer.mozilla.org/en-US/docs/Web/HTTP/Status/403",2026-07-17T22:09:53.302416
figaro1854,bd6t5862954,,failed,0,0,,http_manifest,known,403,manifest,"Client error '403 ' for url 'https://openapiproext.bnf.fr/iiif/presentation/v3/ark:/12148/bd6t5862954/manifest.json'
For more information check: https://developer.mozilla.org/en-US/docs/Web/HTTP/Status/403",2026-07-17T22:09:54.500899
figaro1854,bd6t586296g,,failed,0,0,,http_manifest,known,403,manifest,"Client error '403 ' for url 'https://openapiproext.bnf.fr/iiif/presentation/v3/ark:/12148/bd6t586296g/manifest.json'
For more information check: https://developer.mozilla.org/en-US/docs/Web/HTTP/Status/403",2026-07-17T22:09:55.704924
figaro1854,bd6t586297t,,failed,0,0,,http_manifest,known,403,manifest,"Client error '403 ' for url 'https://openapiproext.bnf.fr/iiif/presentation/v3/ark:/12148/bd6t586297t/manifest.json'
For more information check: https://developer.mozilla.org/en-US/docs/Web/HTTP/Status/403",2026-07-17T22:09:56.908410
figaro1854,bd6t5862985,,failed,0,0,,http_manifest,known,403,manifest,"Client error '403 ' for url 'https://openapiproext.bnf.fr/iiif/presentation/v3/ark:/12148/bd6t5862985/manifest.json'
For more information check: https://developer.mozilla.org/en-US/docs/Web/HTTP/Status/403",2026-07-17T22:09:58.112870
figaro1854,bd6t586299h,,failed,0,0,,http_manifest,known,403,manifest,"Client error '403 ' for url 'https://openapiproext.bnf.fr/iiif/presentation/v3/ark:/12148/bd6t586299h/manifest.json'
For more information check: https://developer.mozilla.org/en-US/docs/Web/HTTP/Status/403",2026-07-17T22:09:59.308258
figaro1854,bd6t586300w,,failed,0,0,,http_manifest,known,403,manifest,"Client error '403 ' for url 'https://openapiproext.bnf.fr/iiif/presentation/v3/ark:/12148/bd6t586300w/manifest.json'
For more information check: https://developer.mozilla.org/en-US/docs/Web/HTTP/Status/403",2026-07-17T22:10:00.506900
figaro1854,bd6t5863017,,failed,0,0,,http_manifest,known,403,manifest,"Client error '403 ' for url 'https://openapiproext.bnf.fr/iiif/presentation/v3/ark:/12148/bd6t5863017/manifest.json'
For more information check: https://developer.mozilla.org/en-US/docs/Web/HTTP/Status/403",2026-07-17T22:10:01.735202
figaro1854,bd6t586302k,,failed,0,0,,http_manifest,known,403,manifest,"Client error '403 ' for url 'https://openapiproext.bnf.fr/iiif/presentation/v3/ark:/12148/bd6t586302k/manifest.json'
For more information check: https://developer.mozilla.org/en-US/docs/Web/HTTP/Status/403",2026-07-17T22:10:02.935603
figaro1854,bd6t586303x,,failed,0,0,,http_manifest,known,403,manifest,"Client error '403 ' for url 'https://openapiproext.bnf.fr/iiif/presentation/v3/ark:/12148/bd6t586303x/manifest.json'
For more information check: https://developer.mozilla.org/en-US/docs/Web/HTTP/Status/403",2026-07-17T22:10:04.114071
figaro1854,bd6t5863048,,failed,0,0,,http_manifest,known,403,manifest,"Client error '403 ' for url 'https://openapiproext.bnf.fr/iiif/presentation/v3/ark:/12148/bd6t5863048/manifest.json'
For more information check: https://developer.mozilla.org/en-US/docs/Web/HTTP/Status/403",2026-07-17T22:10:05.365258
figaro1854,bd6t586305m,,failed,0,0,,http_manifest,known,403,manifest,"Client error '403 ' for url 'https://openapiproext.bnf.fr/iiif/presentation/v3/ark:/12148/bd6t586305m/manifest.json'
For more information check: https://developer.mozilla.org/en-US/docs/Web/HTTP/Status/403",2026-07-17T22:10:06.641383
figaro1854,bd6t586306z,,failed,0,0,,http_manifest,known,403,manifest,"Client error '403 ' for url 'https://openapiproext.bnf.fr/iiif/presentation/v3/ark:/12148/bd6t586306z/manifest.json'
For more information check: https://developer.mozilla.org/en-US/docs/Web/HTTP/Status/403",2026-07-17T22:10:07.720058
figaro1854,bd6t5863079,,failed,0,0,,http_manifest,known,403,manifest,"Client error '403 ' for url 'https://openapiproext.bnf.fr/iiif/presentation/v3/ark:/12148/bd6t5863079/manifest.json'
For more information check: https://developer.mozilla.org/en-US/docs/Web/HTTP/Status/403",2026-07-17T22:10:09.018413
figaro1854,bd6t586308n,,failed,0,0,,http_manifest,known,403,manifest,"Client error '403 ' for url 'https://openapiproext.bnf.fr/iiif/presentation/v3/ark:/12148/bd6t586308n/manifest.json'
For more information check: https://developer.mozilla.org/en-US/docs/Web/HTTP/Status/403",2026-07-17T22:10:10.331540
figaro1854,bd6t5863090,,failed,0,0,,http_manifest,known,403,manifest,"Client error '403 ' for url 'https://openapiproext.bnf.fr/iiif/presentation/v3/ark:/12148/bd6t5863090/manifest.json'
For more information check: https://developer.mozilla.org/en-US/docs/Web/HTTP/Status/403",2026-07-17T22:10:11.334238
figaro1854,bd6t5863106,,failed,0,0,,http_manifest,known,403,manifest,"Client error '403 ' for url 'https://openapiproext.bnf.fr/iiif/presentation/v3/ark:/12148/bd6t5863106/manifest.json'
For more information check: https://developer.mozilla.org/en-US/docs/Web/HTTP/Status/403",2026-07-17T22:10:12.528579
figaro1854,bd6t586311j,,failed,0,0,,http_manifest,known,403,manifest,"Client error '403 ' for url 'https://openapiproext.bnf.fr/iiif/presentation/v3/ark:/12148/bd6t586311j/manifest.json'
For more information check: https://developer.mozilla.org/en-US/docs/Web/HTTP/Status/403",2026-07-17T22:10:13.770743
figaro1854,bd6t586312w,,failed,0,0,,http_manifest,known,403,manifest,"Client error '403 ' for url 'https://openapiproext.bnf.fr/iiif/presentation/v3/ark:/12148/bd6t586312w/manifest.json'
For more information check: https://developer.mozilla.org/en-US/docs/Web/HTTP/Status/403",2026-07-17T22:10:14.994813
figaro1854,bd6t5863137,,failed,0,0,,http_manifest,known,403,manifest,"Client error '403 ' for url 'https://openapiproext.bnf.fr/iiif/presentation/v3/ark:/12148/bd6t5863137/manifest.json'
For more information check: https://developer.mozilla.org/en-US/docs/Web/HTTP/Status/403",2026-07-17T22:10:16.136222
figaro1854,bd6t586314k,,failed,0,0,,http_manifest,known,403,manifest,"Client error '403 ' for url 'https://openapiproext.bnf.fr/iiif/presentation/v3/ark:/12148/bd6t586314k/manifest.json'
For more information check: https://developer.mozilla.org/en-US/docs/Web/HTTP/Status/403",2026-07-17T22:10:17.355847
figaro1854,bd6t586315x,,failed,0,0,,http_manifest,known,403,manifest,"Client error '403 ' for url 'https://openapiproext.bnf.fr/iiif/presentation/v3/ark:/12148/bd6t586315x/manifest.json'
For more information check: https://developer.mozilla.org/en-US/docs/Web/HTTP/Status/403",2026-07-17T22:10:18.545628
figaro1854,bd6t5863168,,failed,0,0,,http_manifest,known,403,manifest,"Client error '403 ' for url 'https://openapiproext.bnf.fr/iiif/presentation/v3/ark:/12148/bd6t5863168/manifest.json'
For more information check: https://developer.mozilla.org/en-US/docs/Web/HTTP/Status/403",2026-07-17T22:10:19.899269
figaro1854,bd6t586317m,,failed,0,0,,http_manifest,known,403,manifest,"Client error '403 ' for url 'https://openapiproext.bnf.fr/iiif/presentation/v3/ark:/12148/bd6t586317m/manifest.json'
For more information check: https://developer.mozilla.org/en-US/docs/Web/HTTP/Status/403",2026-07-17T22:10:20.937420
figaro1854,bd6t586318z,,failed,0,0,,http_manifest,known,403,manifest,"Client error '403 ' for url 'https://openapiproext.bnf.fr/iiif/presentation/v3/ark:/12148/bd6t586318z/manifest.json'
For more information check: https://developer.mozilla.org/en-US/docs/Web/HTTP/Status/403",2026-07-17T22:10:22.221662
figaro1854,bd6t5863199,,failed,0,0,,http_manifest,known,403,manifest,"Client error '403 ' for url 'https://openapiproext.bnf.fr/iiif/presentation/v3/ark:/12148/bd6t5863199/manifest.json'
For more information check: https://developer.mozilla.org/en-US/docs/Web/HTTP/Status/403",2026-07-17T22:10:23.583810
figaro1854,bd6t586320h,,failed,0,0,,http_manifest,known,403,manifest,"Client error '403 ' for url 'https://openapiproext.bnf.fr/iiif/presentation/v3/ark:/12148/bd6t586320h/manifest.json'
For more information check: https://developer.mozilla.org/en-US/docs/Web/HTTP/Status/403",2026-07-17T22:10:24.547908
figaro1854,bd6t586321v,,failed,0,0,,http_manifest,known,403,manifest,"Client error '403 ' for url 'https://openapiproext.bnf.fr/iiif/presentation/v3/ark:/12148/bd6t586321v/manifest.json'
For more information check: https://developer.mozilla.org/en-US/docs/Web/HTTP/Status/403",2026-07-17T22:10:25.759374
figaro1854,bd6t5863226,,failed,0,0,,http_manifest,known,403,manifest,"Client error '403 ' for url 'https://openapiproext.bnf.fr/iiif/presentation/v3/ark:/12148/bd6t5863226/manifest.json'
For more information check: https://developer.mozilla.org/en-US/docs/Web/HTTP/Status/403",2026-07-17T22:10:27.067329
figaro1854,bd6t5862478,,failed,0,0,,http_manifest,known,403,manifest,"Client error '403 ' for url 'https://openapiproext.bnf.fr/iiif/presentation/v3/ark:/12148/bd6t5862478/manifest.json'
For more information check: https://developer.mozilla.org/en-US/docs/Web/HTTP/Status/403",2026-07-17T22:10:28.314560
figaro1854,bd6t586248m,,failed,0,0,,http_manifest,known,403,manifest,"Client error '403 ' for url 'https://openapiproext.bnf.fr/iiif/presentation/v3/ark:/12148/bd6t586248m/manifest.json'
For more information check: https://developer.mozilla.org/en-US/docs/Web/HTTP/Status/403",2026-07-17T22:10:29.351657
figaro1854,bd6t586249z,,failed,0,0,,http_manifest,known,403,manifest,"Client error '403 ' for url 'https://openapiproext.bnf.fr/iiif/presentation/v3/ark:/12148/bd6t586249z/manifest.json'
For more information check: https://developer.mozilla.org/en-US/docs/Web/HTTP/Status/403",2026-07-17T22:10:30.564300
figaro1854,bd6t5862505,,failed,0,0,,http_manifest,known,403,manifest,"Client error '403 ' for url 'https://openapiproext.bnf.fr/iiif/presentation/v3/ark:/12148/bd6t5862505/manifest.json'
For more information check: https://developer.mozilla.org/en-US/docs/Web/HTTP/Status/403",2026-07-17T22:10:31.751819
figaro1854,bd6t586251h,,failed,0,0,,http_manifest,known,403,manifest,"Client error '403 ' for url 'https://openapiproext.bnf.fr/iiif/presentation/v3/ark:/12148/bd6t586251h/manifest.json'
For more information check: https://developer.mozilla.org/en-US/docs/Web/HTTP/Status/403",2026-07-17T22:10:32.953660
figaro1854,bd6t586252v,,failed,0,0,,http_manifest,known,403,manifest,"Client error '403 ' for url 'https://openapiproext.bnf.fr/iiif/presentation/v3/ark:/12148/bd6t586252v/manifest.json'
For more information check: https://developer.mozilla.org/en-US/docs/Web/HTTP/Status/403",2026-07-17T22:10:34.151949
figaro1854,bd6t5862536,,failed,0,0,,http_manifest,known,403,manifest,"Client error '403 ' for url 'https://openapiproext.bnf.fr/iiif/presentation/v3/ark:/12148/bd6t5862536/manifest.json'
For more information check: https://developer.mozilla.org/en-US/docs/Web/HTTP/Status/403",2026-07-17T22:10:35.388741
figaro1854,bd6t586254j,,failed,0,0,,http_manifest,known,403,manifest,"Client error '403 ' for url 'https://openapiproext.bnf.fr/iiif/presentation/v3/ark:/12148/bd6t586254j/manifest.json'
For more information check: https://developer.mozilla.org/en-US/docs/Web/HTTP/Status/403",2026-07-17T22:10:36.560599
figaro1854,bd6t586255w,,failed,0,0,,http_manifest,known,403,manifest,"Client error '403 ' for url 'https://openapiproext.bnf.fr/iiif/presentation/v3/ark:/12148/bd6t586255w/manifest.json'
For more information check: https://developer.mozilla.org/en-US/docs/Web/HTTP/Status/403",2026-07-17T22:10:37.758163
figaro1854,bd6t5862567,,failed,0,0,,http_manifest,known,403,manifest,"Client error '403 ' for url 'https://openapiproext.bnf.fr/iiif/presentation/v3/ark:/12148/bd6t5862567/manifest.json'
For more information check: https://developer.mozilla.org/en-US/docs/Web/HTTP/Status/403",2026-07-17T22:10:38.961414
figaro1854,bd6t586257k,,failed,0,0,,http_manifest,known,403,manifest,"Client error '403 ' for url 'https://openapiproext.bnf.fr/iiif/presentation/v3/ark:/12148/bd6t586257k/manifest.json'
For more information check: https://developer.mozilla.org/en-US/docs/Web/HTTP/Status/403",2026-07-17T22:10:40.169039
figaro1854,bd6t586258x,,failed,0,0,,http_manifest,known,403,manifest,"Client error '403 ' for url 'https://openapiproext.bnf.fr/iiif/presentation/v3/ark:/12148/bd6t586258x/manifest.json'
For more information check: https://developer.mozilla.org/en-US/docs/Web/HTTP/Status/403",2026-07-17T22:10:41.372195
figaro1854,bd6t5862598,,failed,0,0,,http_manifest,known,403,manifest,"Client error '403 ' for url 'https://openapiproext.bnf.fr/iiif/presentation/v3/ark:/12148/bd6t5862598/manifest.json'
For more information check: https://developer.mozilla.org/en-US/docs/Web/HTTP/Status/403",2026-07-17T22:10:42.567121
figaro1854,bd6t586260g,,failed,0,0,,http_manifest,known,403,manifest,"Client error '403 ' for url 'https://openapiproext.bnf.fr/iiif/presentation/v3/ark:/12148/bd6t586260g/manifest.json'
For more information check: https://developer.mozilla.org/en-US/docs/Web/HTTP/Status/403",2026-07-17T22:10:43.766417
figaro1854,bd6t586261t,,failed,0,0,,http_manifest,known,403,manifest,"Client error '403 ' for url 'https://openapiproext.bnf.fr/iiif/presentation/v3/ark:/12148/bd6t586261t/manifest.json'
For more information check: https://developer.mozilla.org/en-US/docs/Web/HTTP/Status/403",2026-07-17T22:10:44.965230
figaro1854,bd6t5862625,,failed,0,0,,http_manifest,known,403,manifest,"Client error '403 ' for url 'https://openapiproext.bnf.fr/iiif/presentation/v3/ark:/12148/bd6t5862625/manifest.json'
For more information check: https://developer.mozilla.org/en-US/docs/Web/HTTP/Status/403",2026-07-17T22:10:46.170523
figaro1854,bd6t586263h,,failed,0,0,,http_manifest,known,403,manifest,"Client error '403 ' for url 'https://openapiproext.bnf.fr/iiif/presentation/v3/ark:/12148/bd6t586263h/manifest.json'
For more information check: https://developer.mozilla.org/en-US/docs/Web/HTTP/Status/403",2026-07-17T22:10:47.397458
figaro1854,bd6t586264v,,failed,0,0,,http_manifest,known,403,manifest,"Client error '403 ' for url 'https://openapiproext.bnf.fr/iiif/presentation/v3/ark:/12148/bd6t586264v/manifest.json'
For more information check: https://developer.mozilla.org/en-US/docs/Web/HTTP/Status/403",2026-07-17T22:10:48.573497
figaro1854,bd6t5862656,,failed,0,0,,http_manifest,known,403,manifest,"Client error '403 ' for url 'https://openapiproext.bnf.fr/iiif/presentation/v3/ark:/12148/bd6t5862656/manifest.json'
For more information check: https://developer.mozilla.org/en-US/docs/Web/HTTP/Status/403",2026-07-17T22:10:49.780843
figaro1854,bd6t586266j,,failed,0,0,,http_manifest,known,403,manifest,"Client error '403 ' for url 'https://openapiproext.bnf.fr/iiif/presentation/v3/ark:/12148/bd6t586266j/manifest.json'
For more information check: https://developer.mozilla.org/en-US/docs/Web/HTTP/Status/403",2026-07-17T22:10:50.976941
figaro1854,bd6t586267w,,failed,0,0,,http_manifest,known,403,manifest,"Client error '403 ' for url 'https://openapiproext.bnf.fr/iiif/presentation/v3/ark:/12148/bd6t586267w/manifest.json'
For more information check: https://developer.mozilla.org/en-US/docs/Web/HTTP/Status/403",2026-07-17T22:10:52.187098
figaro1854,bd6t5862687,,failed,0,0,,http_manifest,known,403,manifest,"Client error '403 ' for url 'https://openapiproext.bnf.fr/iiif/presentation/v3/ark:/12148/bd6t5862687/manifest.json'
For more information check: https://developer.mozilla.org/en-US/docs/Web/HTTP/Status/403",2026-07-17T22:10:53.426364
figaro1854,bd6t586269k,,failed,0,0,,http_manifest,known,403,manifest,"Client error '403 ' for url 'https://openapiproext.bnf.fr/iiif/presentation/v3/ark:/12148/bd6t586269k/manifest.json'
For more information check: https://developer.mozilla.org/en-US/docs/Web/HTTP/Status/403",2026-07-17T22:10:54.586904
figaro1854,bd6t586270s,,failed,0,0,,http_manifest,known,403,manifest,"Client error '403 ' for url 'https://openapiproext.bnf.fr/iiif/presentation/v3/ark:/12148/bd6t586270s/manifest.json'
For more information check: https://developer.mozilla.org/en-US/docs/Web/HTTP/Status/403",2026-07-17T22:10:55.783719
figaro1854,bd6t5862714,,failed,0,0,,http_manifest,known,403,manifest,"Client error '403 ' for url 'https://openapiproext.bnf.fr/iiif/presentation/v3/ark:/12148/bd6t5862714/manifest.json'
For more information check: https://developer.mozilla.org/en-US/docs/Web/HTTP/Status/403",2026-07-17T22:10:56.986636
figaro1854,bd6t586272g,,failed,0,0,,http_manifest,known,403,manifest,"Client error '403 ' for url 'https://openapiproext.bnf.fr/iiif/presentation/v3/ark:/12148/bd6t586272g/manifest.json'
For more information check: https://developer.mozilla.org/en-US/docs/Web/HTTP/Status/403",2026-07-17T22:10:58.186975
figaro1854,bd6t586273t,,failed,0,0,,http_manifest,known,403,manifest,"Client error '403 ' for url 'https://openapiproext.bnf.fr/iiif/presentation/v3/ark:/12148/bd6t586273t/manifest.json'
For more information check: https://developer.mozilla.org/en-US/docs/Web/HTTP/Status/403",2026-07-17T22:10:59.391046
figaro1854,bd6t5862745,,failed,0,0,,http_manifest,known,403,manifest,"Client error '403 ' for url 'https://openapiproext.bnf.fr/iiif/presentation/v3/ark:/12148/bd6t5862745/manifest.json'
For more information check: https://developer.mozilla.org/en-US/docs/Web/HTTP/Status/403",2026-07-17T22:11:00.588622
figaro1854,bd6t586275h,,failed,0,0,,http_manifest,known,403,manifest,"Client error '403 ' for url 'https://openapiproext.bnf.fr/iiif/presentation/v3/ark:/12148/bd6t586275h/manifest.json'
For more information check: https://developer.mozilla.org/en-US/docs/Web/HTTP/Status/403",2026-07-17T22:11:01.790383
figaro1854,bd6t586276v,,failed,0,0,,http_manifest,known,403,manifest,"Client error '403 ' for url 'https://openapiproext.bnf.fr/iiif/presentation/v3/ark:/12148/bd6t586276v/manifest.json'
For more information check: https://developer.mozilla.org/en-US/docs/Web/HTTP/Status/403",2026-07-17T22:11:02.998559
figaro1854,bd6t5862776,,failed,0,0,,http_manifest,known,403,manifest,"Client error '403 ' for url 'https://openapiproext.bnf.fr/iiif/presentation/v3/ark:/12148/bd6t5862776/manifest.json'
For more information check: https://developer.mozilla.org/en-US/docs/Web/HTTP/Status/403",2026-07-17T22:11:04.199154
figaro1854,bd6t586278j,,failed,0,0,,http_manifest,known,403,manifest,"Client error '403 ' for url 'https://openapiproext.bnf.fr/iiif/presentation/v3/ark:/12148/bd6t586278j/manifest.json'
For more information check: https://developer.mozilla.org/en-US/docs/Web/HTTP/Status/403",2026-07-17T22:11:05.424852
figaro1854,bd6t586279w,,failed,0,0,,http_manifest,known,403,manifest,"Client error '403 ' for url 'https://openapiproext.bnf.fr/iiif/presentation/v3/ark:/12148/bd6t586279w/manifest.json'
For more information check: https://developer.mozilla.org/en-US/docs/Web/HTTP/Status/403",2026-07-17T22:11:06.807015
figaro1854,bd6t5862803,,failed,0,0,,http_manifest,known,403,manifest,"Client error '403 ' for url 'https://openapiproext.bnf.fr/iiif/presentation/v3/ark:/12148/bd6t5862803/manifest.json'
For more information check: https://developer.mozilla.org/en-US/docs/Web/HTTP/Status/403",2026-07-17T22:11:07.809404
figaro1854,bd6t586281f,,failed,0,0,,http_manifest,known,403,manifest,"Client error '403 ' for url 'https://openapiproext.bnf.fr/iiif/presentation/v3/ark:/12148/bd6t586281f/manifest.json'
For more information check: https://developer.mozilla.org/en-US/docs/Web/HTTP/Status/403",2026-07-17T22:11:09.059808
figaro1854,bd6t586282s,,failed,0,0,,http_manifest,known,403,manifest,"Client error '403 ' for url 'https://openapiproext.bnf.fr/iiif/presentation/v3/ark:/12148/bd6t586282s/manifest.json'
For more information check: https://developer.mozilla.org/en-US/docs/Web/HTTP/Status/403",2026-07-17T22:11:10.380959
figaro1854,bd6t5862834,,failed,0,0,,http_manifest,known,403,manifest,"Client error '403 ' for url 'https://openapiproext.bnf.fr/iiif/presentation/v3/ark:/12148/bd6t5862834/manifest.json'
For more information check: https://developer.mozilla.org/en-US/docs/Web/HTTP/Status/403",2026-07-17T22:11:11.408030
figaro1854,bd6t5855486,,failed,0,0,,http_manifest,known,403,manifest,"Client error '403 ' for url 'https://openapiproext.bnf.fr/iiif/presentation/v3/ark:/12148/bd6t5855486/manifest.json'
For more information check: https://developer.mozilla.org/en-US/docs/Web/HTTP/Status/403",2026-07-17T22:11:12.669010
figaro1854,bd6t585549j,,failed,0,0,,http_manifest,known,403,manifest,"Client error '403 ' for url 'https://openapiproext.bnf.fr/iiif/presentation/v3/ark:/12148/bd6t585549j/manifest.json'
For more information check: https://developer.mozilla.org/en-US/docs/Web/HTTP/Status/403",2026-07-17T22:11:13.898999
figaro1854,bd6t585550r,,failed,0,0,,http_manifest,known,403,manifest,"Client error '403 ' for url 'https://openapiproext.bnf.fr/iiif/presentation/v3/ark:/12148/bd6t585550r/manifest.json'
For more information check: https://developer.mozilla.org/en-US/docs/Web/HTTP/Status/403",2026-07-17T22:11:15.096225
figaro1854,bd6t5855513,,failed,0,0,,http_manifest,known,403,manifest,"Client error '403 ' for url 'https://openapiproext.bnf.fr/iiif/presentation/v3/ark:/12148/bd6t5855513/manifest.json'
For more information check: https://developer.mozilla.org/en-US/docs/Web/HTTP/Status/403",2026-07-17T22:11:16.211859
figaro1854,bd6t585552f,,failed,0,0,,http_manifest,known,403,manifest,"Client error '403 ' for url 'https://openapiproext.bnf.fr/iiif/presentation/v3/ark:/12148/bd6t585552f/manifest.json'
For more information check: https://developer.mozilla.org/en-US/docs/Web/HTTP/Status/403",2026-07-17T22:11:17.560415
figaro1854,bd6t585553s,,failed,0,0,,http_manifest,known,403,manifest,"Client error '403 ' for url 'https://openapiproext.bnf.fr/iiif/presentation/v3/ark:/12148/bd6t585553s/manifest.json'
For more information check: https://developer.mozilla.org/en-US/docs/Web/HTTP/Status/403",2026-07-17T22:11:18.656985
figaro1854,bd6t5855544,,failed,0,0,,http_manifest,known,403,manifest,"Client error '403 ' for url 'https://openapiproext.bnf.fr/iiif/presentation/v3/ark:/12148/bd6t5855544/manifest.json'
For more information check: https://developer.mozilla.org/en-US/docs/Web/HTTP/Status/403",2026-07-17T22:11:19.880983
figaro1854,bd6t585555g,,failed,0,0,,http_manifest,known,403,manifest,"Client error '403 ' for url 'https://openapiproext.bnf.fr/iiif/presentation/v3/ark:/12148/bd6t585555g/manifest.json'
For more information check: https://developer.mozilla.org/en-US/docs/Web/HTTP/Status/403",2026-07-17T22:11:21.022505
figaro1854,bd6t585556t,,failed,0,0,,http_manifest,known,403,manifest,"Client error '403 ' for url 'https://openapiproext.bnf.fr/iiif/presentation/v3/ark:/12148/bd6t585556t/manifest.json'
For more information check: https://developer.mozilla.org/en-US/docs/Web/HTTP/Status/403",2026-07-17T22:11:22.290204
figaro1854,bd6t5855575,,failed,0,0,,http_manifest,known,403,manifest,"Client error '403 ' for url 'https://openapiproext.bnf.fr/iiif/presentation/v3/ark:/12148/bd6t5855575/manifest.json'
For more information check: https://developer.mozilla.org/en-US/docs/Web/HTTP/Status/403",2026-07-17T22:11:23.625901
figaro1854,bd6t585558h,,failed,0,0,,http_manifest,known,403,manifest,"Client error '403 ' for url 'https://openapiproext.bnf.fr/iiif/presentation/v3/ark:/12148/bd6t585558h/manifest.json'
For more information check: https://developer.mozilla.org/en-US/docs/Web/HTTP/Status/403",2026-07-17T22:11:24.662997
figaro1854,bd6t585559v,,failed,0,0,,http_manifest,known,403,manifest,"Client error '403 ' for url 'https://openapiproext.bnf.fr/iiif/presentation/v3/ark:/12148/bd6t585559v/manifest.json'
For more information check: https://developer.mozilla.org/en-US/docs/Web/HTTP/Status/403",2026-07-17T22:11:25.824170
figaro1854,bd6t5855602,,failed,0,0,,http_manifest,known,403,manifest,"Client error '403 ' for url 'https://openapiproext.bnf.fr/iiif/presentation/v3/ark:/12148/bd6t5855602/manifest.json'
For more information check: https://developer.mozilla.org/en-US/docs/Web/HTTP/Status/403",2026-07-17T22:11:27.028293
figaro1854,bd6t585561d,,failed,0,0,,http_manifest,known,403,manifest,"Client error '403 ' for url 'https://openapiproext.bnf.fr/iiif/presentation/v3/ark:/12148/bd6t585561d/manifest.json'
For more information check: https://developer.mozilla.org/en-US/docs/Web/HTTP/Status/403",2026-07-17T22:11:28.231085
figaro1854,bd6t585562r,,failed,0,0,,http_manifest,known,403,manifest,"Client error '403 ' for url 'https://openapiproext.bnf.fr/iiif/presentation/v3/ark:/12148/bd6t585562r/manifest.json'
For more information check: https://developer.mozilla.org/en-US/docs/Web/HTTP/Status/403",2026-07-17T22:11:29.428512
figaro1854,bd6t5855633,,failed,0,0,,http_manifest,known,403,manifest,"Client error '403 ' for url 'https://openapiproext.bnf.fr/iiif/presentation/v3/ark:/12148/bd6t5855633/manifest.json'
For more information check: https://developer.mozilla.org/en-US/docs/Web/HTTP/Status/403",2026-07-17T22:11:30.636411
figaro1854,bd6t585564f,,failed,0,0,,http_manifest,known,403,manifest,"Client error '403 ' for url 'https://openapiproext.bnf.fr/iiif/presentation/v3/ark:/12148/bd6t585564f/manifest.json'
For more information check: https://developer.mozilla.org/en-US/docs/Web/HTTP/Status/403",2026-07-17T22:11:31.840374
figaro1854,bd6t585565s,,failed,0,0,,http_manifest,known,403,manifest,"Client error '403 ' for url 'https://openapiproext.bnf.fr/iiif/presentation/v3/ark:/12148/bd6t585565s/manifest.json'
For more information check: https://developer.mozilla.org/en-US/docs/Web/HTTP/Status/403",2026-07-17T22:11:33.035895
figaro1854,bd6t5855664,,failed,0,0,,http_manifest,known,403,manifest,"Client error '403 ' for url 'https://openapiproext.bnf.fr/iiif/presentation/v3/ark:/12148/bd6t5855664/manifest.json'
For more information check: https://developer.mozilla.org/en-US/docs/Web/HTTP/Status/403",2026-07-17T22:11:34.245242
figaro1854,bd6t585567g,,failed,0,0,,http_manifest,known,403,manifest,"Client error '403 ' for url 'https://openapiproext.bnf.fr/iiif/presentation/v3/ark:/12148/bd6t585567g/manifest.json'
For more information check: https://developer.mozilla.org/en-US/docs/Web/HTTP/Status/403",2026-07-17T22:11:35.466687
figaro1854,bd6t585568t,,failed,0,0,,http_manifest,known,403,manifest,"Client error '403 ' for url 'https://openapiproext.bnf.fr/iiif/presentation/v3/ark:/12148/bd6t585568t/manifest.json'
For more information check: https://developer.mozilla.org/en-US/docs/Web/HTTP/Status/403",2026-07-17T22:11:36.648253
figaro1854,bd6t5855695,,failed,0,0,,http_manifest,known,403,manifest,"Client error '403 ' for url 'https://openapiproext.bnf.fr/iiif/presentation/v3/ark:/12148/bd6t5855695/manifest.json'
For more information check: https://developer.mozilla.org/en-US/docs/Web/HTTP/Status/403",2026-07-17T22:11:37.843425
figaro1854,bd6t585570c,,failed,0,0,,http_manifest,known,403,manifest,"Client error '403 ' for url 'https://openapiproext.bnf.fr/iiif/presentation/v3/ark:/12148/bd6t585570c/manifest.json'
For more information check: https://developer.mozilla.org/en-US/docs/Web/HTTP/Status/403",2026-07-17T22:11:39.045361
figaro1854,bd6t585571q,,failed,0,0,,http_manifest,known,403,manifest,"Client error '403 ' for url 'https://openapiproext.bnf.fr/iiif/presentation/v3/ark:/12148/bd6t585571q/manifest.json'
For more information check: https://developer.mozilla.org/en-US/docs/Web/HTTP/Status/403",2026-07-17T22:11:40.249176
figaro1854,bd6t5855722,,failed,0,0,,http_manifest,known,403,manifest,"Client error '403 ' for url 'https://openapiproext.bnf.fr/iiif/presentation/v3/ark:/12148/bd6t5855722/manifest.json'
For more information check: https://developer.mozilla.org/en-US/docs/Web/HTTP/Status/403",2026-07-17T22:11:41.449616
figaro1854,bd6t585573d,,failed,0,0,,http_manifest,known,403,manifest,"Client error '403 ' for url 'https://openapiproext.bnf.fr/iiif/presentation/v3/ark:/12148/bd6t585573d/manifest.json'
For more information check: https://developer.mozilla.org/en-US/docs/Web/HTTP/Status/403",2026-07-17T22:11:42.655618
figaro1854,bd6t585574r,,failed,0,0,,http_manifest,known,403,manifest,"Client error '403 ' for url 'https://openapiproext.bnf.fr/iiif/presentation/v3/ark:/12148/bd6t585574r/manifest.json'
For more information check: https://developer.mozilla.org/en-US/docs/Web/HTTP/Status/403",2026-07-17T22:11:43.853453
figaro1854,bd6t5855753,,failed,0,0,,http_manifest,known,403,manifest,"Client error '403 ' for url 'https://openapiproext.bnf.fr/iiif/presentation/v3/ark:/12148/bd6t5855753/manifest.json'
For more information check: https://developer.mozilla.org/en-US/docs/Web/HTTP/Status/403",2026-07-17T22:11:45.050553
figaro1854,bd6t585576f,,failed,0,0,,http_manifest,known,403,manifest,"Client error '403 ' for url 'https://openapiproext.bnf.fr/iiif/presentation/v3/ark:/12148/bd6t585576f/manifest.json'
For more information check: https://developer.mozilla.org/en-US/docs/Web/HTTP/Status/403",2026-07-17T22:11:46.254686
figaro1854,bd6t585577s,,failed,0,0,,http_manifest,known,403,manifest,"Client error '403 ' for url 'https://openapiproext.bnf.fr/iiif/presentation/v3/ark:/12148/bd6t585577s/manifest.json'
For more information check: https://developer.mozilla.org/en-US/docs/Web/HTTP/Status/403",2026-07-17T22:11:47.479465
figaro1854,bd6t5855784,,failed,0,0,,http_manifest,known,403,manifest,"Client error '403 ' for url 'https://openapiproext.bnf.fr/iiif/presentation/v3/ark:/12148/bd6t5855784/manifest.json'
For more information check: https://developer.mozilla.org/en-US/docs/Web/HTTP/Status/403",2026-07-17T22:11:48.665974
figaro1854,bd6t585579g,,failed,0,0,,http_manifest,known,403,manifest,"Client error '403 ' for url 'https://openapiproext.bnf.fr/iiif/presentation/v3/ark:/12148/bd6t585579g/manifest.json'
For more information check: https://developer.mozilla.org/en-US/docs/Web/HTTP/Status/403",2026-07-17T22:11:49.864910
figaro1854,bd6t585580p,,failed,0,0,,http_manifest,known,403,manifest,"Client error '403 ' for url 'https://openapiproext.bnf.fr/iiif/presentation/v3/ark:/12148/bd6t585580p/manifest.json'
For more information check: https://developer.mozilla.org/en-US/docs/Web/HTTP/Status/403",2026-07-17T22:11:51.060924
figaro1854,bd6t5855811,,failed,0,0,,http_manifest,known,403,manifest,"Client error '403 ' for url 'https://openapiproext.bnf.fr/iiif/presentation/v3/ark:/12148/bd6t5855811/manifest.json'
For more information check: https://developer.mozilla.org/en-US/docs/Web/HTTP/Status/403",2026-07-17T22:11:52.265192
figaro1854,bd6t585582c,,failed,0,0,,http_manifest,known,403,manifest,"Client error '403 ' for url 'https://openapiproext.bnf.fr/iiif/presentation/v3/ark:/12148/bd6t585582c/manifest.json'
For more information check: https://developer.mozilla.org/en-US/docs/Web/HTTP/Status/403",2026-07-17T22:11:53.484265
figaro1854,bd6t585583q,,failed,0,0,,http_manifest,known,403,manifest,"Client error '403 ' for url 'https://openapiproext.bnf.fr/iiif/presentation/v3/ark:/12148/bd6t585583q/manifest.json'
For more information check: https://developer.mozilla.org/en-US/docs/Web/HTTP/Status/403",2026-07-17T22:11:54.663673
figaro1854,bd6t5855842,,failed,0,0,,http_manifest,known,403,manifest,"Client error '403 ' for url 'https://openapiproext.bnf.fr/iiif/presentation/v3/ark:/12148/bd6t5855842/manifest.json'
For more information check: https://developer.mozilla.org/en-US/docs/Web/HTTP/Status/403",2026-07-17T22:11:55.864124
figaro1854,bd6t585585d,,failed,0,0,,http_manifest,known,403,manifest,"Client error '403 ' for url 'https://openapiproext.bnf.fr/iiif/presentation/v3/ark:/12148/bd6t585585d/manifest.json'
For more information check: https://developer.mozilla.org/en-US/docs/Web/HTTP/Status/403",2026-07-17T22:11:57.064462
figaro1854,bd6t585586r,,failed,0,0,,http_manifest,known,403,manifest,"Client error '403 ' for url 'https://openapiproext.bnf.fr/iiif/presentation/v3/ark:/12148/bd6t585586r/manifest.json'
For more information check: https://developer.mozilla.org/en-US/docs/Web/HTTP/Status/403",2026-07-17T22:11:58.267660
figaro1854,bd6t5855873,,failed,0,0,,http_manifest,known,403,manifest,"Client error '403 ' for url 'https://openapiproext.bnf.fr/iiif/presentation/v3/ark:/12148/bd6t5855873/manifest.json'
For more information check: https://developer.mozilla.org/en-US/docs/Web/HTTP/Status/403",2026-07-17T22:11:59.472251
figaro1854,bd6t585588f,,failed,0,0,,http_manifest,known,403,manifest,"Client error '403 ' for url 'https://openapiproext.bnf.fr/iiif/presentation/v3/ark:/12148/bd6t585588f/manifest.json'
For more information check: https://developer.mozilla.org/en-US/docs/Web/HTTP/Status/403",2026-07-17T22:12:00.679163
figaro1854,bd6t585589s,,failed,0,0,,http_manifest,known,403,manifest,"Client error '403 ' for url 'https://openapiproext.bnf.fr/iiif/presentation/v3/ark:/12148/bd6t585589s/manifest.json'
For more information check: https://developer.mozilla.org/en-US/docs/Web/HTTP/Status/403",2026-07-17T22:12:01.871618
figaro1854,bd6t5855900,,failed,0,0,,http_manifest,known,403,manifest,"Client error '403 ' for url 'https://openapiproext.bnf.fr/iiif/presentation/v3/ark:/12148/bd6t5855900/manifest.json'
For more information check: https://developer.mozilla.org/en-US/docs/Web/HTTP/Status/403",2026-07-17T22:12:03.075307
figaro1854,bd6t585591b,,failed,0,0,,http_manifest,known,403,manifest,"Client error '403 ' for url 'https://openapiproext.bnf.fr/iiif/presentation/v3/ark:/12148/bd6t585591b/manifest.json'
For more information check: https://developer.mozilla.org/en-US/docs/Web/HTTP/Status/403",2026-07-17T22:12:04.275255
figaro1854,bd6t585592p,,failed,0,0,,http_manifest,known,403,manifest,"Client error '403 ' for url 'https://openapiproext.bnf.fr/iiif/presentation/v3/ark:/12148/bd6t585592p/manifest.json'
For more information check: https://developer.mozilla.org/en-US/docs/Web/HTTP/Status/403",2026-07-17T22:12:05.508233
figaro1854,bd6t5855931,,failed,0,0,,http_manifest,known,403,manifest,"Client error '403 ' for url 'https://openapiproext.bnf.fr/iiif/presentation/v3/ark:/12148/bd6t5855931/manifest.json'
For more information check: https://developer.mozilla.org/en-US/docs/Web/HTTP/Status/403",2026-07-17T22:12:06.839269
figaro1854,bd6t585594c,,failed,0,0,,http_manifest,known,403,manifest,"Client error '403 ' for url 'https://openapiproext.bnf.fr/iiif/presentation/v3/ark:/12148/bd6t585594c/manifest.json'
For more information check: https://developer.mozilla.org/en-US/docs/Web/HTTP/Status/403",2026-07-17T22:12:08.084525
figaro1854,bd6t585595q,,failed,0,0,,http_manifest,known,403,manifest,"Client error '403 ' for url 'https://openapiproext.bnf.fr/iiif/presentation/v3/ark:/12148/bd6t585595q/manifest.json'
For more information check: https://developer.mozilla.org/en-US/docs/Web/HTTP/Status/403",2026-07-17T22:12:09.167052
figaro1854,bd6t5855962,,failed,0,0,,http_manifest,known,403,manifest,"Client error '403 ' for url 'https://openapiproext.bnf.fr/iiif/presentation/v3/ark:/12148/bd6t5855962/manifest.json'
For more information check: https://developer.mozilla.org/en-US/docs/Web/HTTP/Status/403",2026-07-17T22:12:10.407617
figaro1854,bd6t585597d,,failed,0,0,,http_manifest,known,403,manifest,"Client error '403 ' for url 'https://openapiproext.bnf.fr/iiif/presentation/v3/ark:/12148/bd6t585597d/manifest.json'
For more information check: https://developer.mozilla.org/en-US/docs/Web/HTTP/Status/403",2026-07-17T22:12:11.502833
figaro1854,bd6t585598r,,failed,0,0,,http_manifest,known,403,manifest,"Client error '403 ' for url 'https://openapiproext.bnf.fr/iiif/presentation/v3/ark:/12148/bd6t585598r/manifest.json'
For more information check: https://developer.mozilla.org/en-US/docs/Web/HTTP/Status/403",2026-07-17T22:12:12.754176
figaro1854,bd6t5855993,,failed,0,0,,http_manifest,known,403,manifest,"Client error '403 ' for url 'https://openapiproext.bnf.fr/iiif/presentation/v3/ark:/12148/bd6t5855993/manifest.json'
For more information check: https://developer.mozilla.org/en-US/docs/Web/HTTP/Status/403",2026-07-17T22:12:14.015797
figaro1854,bd6t585600g,,failed,0,0,,http_manifest,known,403,manifest,"Client error '403 ' for url 'https://openapiproext.bnf.fr/iiif/presentation/v3/ark:/12148/bd6t585600g/manifest.json'
For more information check: https://developer.mozilla.org/en-US/docs/Web/HTTP/Status/403",2026-07-17T22:12:15.426110
figaro1854,bd6t585601t,,failed,0,0,,http_manifest,known,403,manifest,"Client error '403 ' for url 'https://openapiproext.bnf.fr/iiif/presentation/v3/ark:/12148/bd6t585601t/manifest.json'
For more information check: https://developer.mozilla.org/en-US/docs/Web/HTTP/Status/403",2026-07-17T22:12:16.291914
figaro1854,bd6t5856025,,failed,0,0,,http_manifest,known,403,manifest,"Client error '403 ' for url 'https://openapiproext.bnf.fr/iiif/presentation/v3/ark:/12148/bd6t5856025/manifest.json'
For more information check: https://developer.mozilla.org/en-US/docs/Web/HTTP/Status/403",2026-07-17T22:12:17.490275
figaro1854,bd6t585603h,,failed,0,0,,http_manifest,known,403,manifest,"Client error '403 ' for url 'https://openapiproext.bnf.fr/iiif/presentation/v3/ark:/12148/bd6t585603h/manifest.json'
For more information check: https://developer.mozilla.org/en-US/docs/Web/HTTP/Status/403",2026-07-17T22:12:18.693442
figaro1854,bd6t585604v,,failed,0,0,,http_manifest,known,403,manifest,"Client error '403 ' for url 'https://openapiproext.bnf.fr/iiif/presentation/v3/ark:/12148/bd6t585604v/manifest.json'
For more information check: https://developer.mozilla.org/en-US/docs/Web/HTTP/Status/403",2026-07-17T22:12:19.896104
figaro1854,bd6t5856056,,failed,0,0,,http_manifest,known,403,manifest,"Client error '403 ' for url 'https://openapiproext.bnf.fr/iiif/presentation/v3/ark:/12148/bd6t5856056/manifest.json'
For more information check: https://developer.mozilla.org/en-US/docs/Web/HTTP/Status/403",2026-07-17T22:12:21.097396
figaro1854,bd6t585606j,,failed,0,0,,http_manifest,known,403,manifest,"Client error '403 ' for url 'https://openapiproext.bnf.fr/iiif/presentation/v3/ark:/12148/bd6t585606j/manifest.json'
For more information check: https://developer.mozilla.org/en-US/docs/Web/HTTP/Status/403",2026-07-17T22:12:22.295879
figaro1854,bd6t585607w,,failed,0,0,,http_manifest,known,403,manifest,"Client error '403 ' for url 'https://openapiproext.bnf.fr/iiif/presentation/v3/ark:/12148/bd6t585607w/manifest.json'
For more information check: https://developer.mozilla.org/en-US/docs/Web/HTTP/Status/403",2026-07-17T22:12:23.500424
figaro1854,bd6t5856087,,failed,0,0,,http_manifest,known,403,manifest,"Client error '403 ' for url 'https://openapiproext.bnf.fr/iiif/presentation/v3/ark:/12148/bd6t5856087/manifest.json'
For more information check: https://developer.mozilla.org/en-US/docs/Web/HTTP/Status/403",2026-07-17T22:12:24.705611
figaro1854,bd6t585609k,,failed,0,0,,http_manifest,known,403,manifest,"Client error '403 ' for url 'https://openapiproext.bnf.fr/iiif/presentation/v3/ark:/12148/bd6t585609k/manifest.json'
For more information check: https://developer.mozilla.org/en-US/docs/Web/HTTP/Status/403",2026-07-17T22:12:25.908424
figaro1854,bd6t585610s,,failed,0,0,,http_manifest,known,403,manifest,"Client error '403 ' for url 'https://openapiproext.bnf.fr/iiif/presentation/v3/ark:/12148/bd6t585610s/manifest.json'
For more information check: https://developer.mozilla.org/en-US/docs/Web/HTTP/Status/403",2026-07-17T22:12:27.101621
figaro1854,bd6t5856114,,failed,0,0,,http_manifest,known,403,manifest,"Client error '403 ' for url 'https://openapiproext.bnf.fr/iiif/presentation/v3/ark:/12148/bd6t5856114/manifest.json'
For more information check: https://developer.mozilla.org/en-US/docs/Web/HTTP/Status/403",2026-07-17T22:12:28.305407
figaro1854,bd6t585612g,,failed,0,0,,http_manifest,known,403,manifest,"Client error '403 ' for url 'https://openapiproext.bnf.fr/iiif/presentation/v3/ark:/12148/bd6t585612g/manifest.json'
For more information check: https://developer.mozilla.org/en-US/docs/Web/HTTP/Status/403",2026-07-17T22:12:29.542635
figaro1854,bd6t585613t,,failed,0,0,,http_manifest,known,403,manifest,"Client error '403 ' for url 'https://openapiproext.bnf.fr/iiif/presentation/v3/ark:/12148/bd6t585613t/manifest.json'
For more information check: https://developer.mozilla.org/en-US/docs/Web/HTTP/Status/403",2026-07-17T22:12:30.714177
figaro1854,bd6t5856145,,failed,0,0,,http_manifest,known,403,manifest,"Client error '403 ' for url 'https://openapiproext.bnf.fr/iiif/presentation/v3/ark:/12148/bd6t5856145/manifest.json'
For more information check: https://developer.mozilla.org/en-US/docs/Web/HTTP/Status/403",2026-07-17T22:12:31.910755
figaro1854,bd6t585615h,,failed,0,0,,http_manifest,known,403,manifest,"Client error '403 ' for url 'https://openapiproext.bnf.fr/iiif/presentation/v3/ark:/12148/bd6t585615h/manifest.json'
For more information check: https://developer.mozilla.org/en-US/docs/Web/HTTP/Status/403",2026-07-17T22:12:33.112081
figaro1854,bd6t585616v,,failed,0,0,,http_manifest,known,403,manifest,"Client error '403 ' for url 'https://openapiproext.bnf.fr/iiif/presentation/v3/ark:/12148/bd6t585616v/manifest.json'
For more information check: https://developer.mozilla.org/en-US/docs/Web/HTTP/Status/403",2026-07-17T22:12:34.311133
figaro1854,bd6t5856176,,failed,0,0,,http_manifest,known,403,manifest,"Client error '403 ' for url 'https://openapiproext.bnf.fr/iiif/presentation/v3/ark:/12148/bd6t5856176/manifest.json'
For more information check: https://developer.mozilla.org/en-US/docs/Web/HTTP/Status/403",2026-07-17T22:12:35.517341
figaro1854,bd6t585618j,,failed,0,0,,http_manifest,known,403,manifest,"Client error '403 ' for url 'https://openapiproext.bnf.fr/iiif/presentation/v3/ark:/12148/bd6t585618j/manifest.json'
For more information check: https://developer.mozilla.org/en-US/docs/Web/HTTP/Status/403",2026-07-17T22:12:36.715603
figaro1854,bd6t585619w,,failed,0,0,,http_manifest,known,403,manifest,"Client error '403 ' for url 'https://openapiproext.bnf.fr/iiif/presentation/v3/ark:/12148/bd6t585619w/manifest.json'
For more information check: https://developer.mozilla.org/en-US/docs/Web/HTTP/Status/403",2026-07-17T22:12:37.915854
figaro1854,bd6t5856203,,failed,0,0,,http_manifest,known,403,manifest,"Client error '403 ' for url 'https://openapiproext.bnf.fr/iiif/presentation/v3/ark:/12148/bd6t5856203/manifest.json'
For more information check: https://developer.mozilla.org/en-US/docs/Web/HTTP/Status/403",2026-07-17T22:12:39.117996
figaro1854,bd6t585621f,,failed,0,0,,http_manifest,known,403,manifest,"Client error '403 ' for url 'https://openapiproext.bnf.fr/iiif/presentation/v3/ark:/12148/bd6t585621f/manifest.json'
For more information check: https://developer.mozilla.org/en-US/docs/Web/HTTP/Status/403",2026-07-17T22:12:40.318750
figaro1854,bd6t585622s,,failed,0,0,,http_manifest,known,403,manifest,"Client error '403 ' for url 'https://openapiproext.bnf.fr/iiif/presentation/v3/ark:/12148/bd6t585622s/manifest.json'
For more information check: https://developer.mozilla.org/en-US/docs/Web/HTTP/Status/403",2026-07-17T22:12:41.535231
figaro1854,bd6t5856234,,failed,0,0,,http_manifest,known,403,manifest,"Client error '403 ' for url 'https://openapiproext.bnf.fr/iiif/presentation/v3/ark:/12148/bd6t5856234/manifest.json'
For more information check: https://developer.mozilla.org/en-US/docs/Web/HTTP/Status/403",2026-07-17T22:12:42.725312
figaro1854,bd6t585624g,,failed,0,0,,http_manifest,known,403,manifest,"Client error '403 ' for url 'https://openapiproext.bnf.fr/iiif/presentation/v3/ark:/12148/bd6t585624g/manifest.json'
For more information check: https://developer.mozilla.org/en-US/docs/Web/HTTP/Status/403",2026-07-17T22:12:43.938522
figaro1854,bd6t585625t,,failed,0,0,,http_manifest,known,403,manifest,"Client error '403 ' for url 'https://openapiproext.bnf.fr/iiif/presentation/v3/ark:/12148/bd6t585625t/manifest.json'
For more information check: https://developer.mozilla.org/en-US/docs/Web/HTTP/Status/403",2026-07-17T22:12:45.127964
figaro1854,bd6t5856652,,failed,0,0,,http_manifest,known,403,manifest,"Client error '403 ' for url 'https://openapiproext.bnf.fr/iiif/presentation/v3/ark:/12148/bd6t5856652/manifest.json'
For more information check: https://developer.mozilla.org/en-US/docs/Web/HTTP/Status/403",2026-07-17T22:12:46.329014
figaro1854,bd6t585666d,,failed,0,0,,http_manifest,known,403,manifest,"Client error '403 ' for url 'https://openapiproext.bnf.fr/iiif/presentation/v3/ark:/12148/bd6t585666d/manifest.json'
For more information check: https://developer.mozilla.org/en-US/docs/Web/HTTP/Status/403",2026-07-17T22:12:47.531052
figaro1854,bd6t585667r,,failed,0,0,,http_manifest,known,403,manifest,"Client error '403 ' for url 'https://openapiproext.bnf.fr/iiif/presentation/v3/ark:/12148/bd6t585667r/manifest.json'
For more information check: https://developer.mozilla.org/en-US/docs/Web/HTTP/Status/403",2026-07-17T22:12:48.730826
figaro1854,bd6t5856683,,failed,0,0,,http_manifest,known,403,manifest,"Client error '403 ' for url 'https://openapiproext.bnf.fr/iiif/presentation/v3/ark:/12148/bd6t5856683/manifest.json'
For more information check: https://developer.mozilla.org/en-US/docs/Web/HTTP/Status/403",2026-07-17T22:12:49.932868
figaro1854,bd6t585669f,,failed,0,0,,http_manifest,known,403,manifest,"Client error '403 ' for url 'https://openapiproext.bnf.fr/iiif/presentation/v3/ark:/12148/bd6t585669f/manifest.json'
For more information check: https://developer.mozilla.org/en-US/docs/Web/HTTP/Status/403",2026-07-17T22:12:51.136923
figaro1854,bd6t585670n,,failed,0,0,,http_manifest,known,403,manifest,"Client error '403 ' for url 'https://openapiproext.bnf.fr/iiif/presentation/v3/ark:/12148/bd6t585670n/manifest.json'
For more information check: https://developer.mozilla.org/en-US/docs/Web/HTTP/Status/403",2026-07-17T22:12:52.334444
figaro1854,bd6t5856710,,failed,0,0,,http_manifest,known,403,manifest,"Client error '403 ' for url 'https://openapiproext.bnf.fr/iiif/presentation/v3/ark:/12148/bd6t5856710/manifest.json'
For more information check: https://developer.mozilla.org/en-US/docs/Web/HTTP/Status/403",2026-07-17T22:12:53.554433
figaro1854,bd6t585672b,,failed,0,0,,http_manifest,known,403,manifest,"Client error '403 ' for url 'https://openapiproext.bnf.fr/iiif/presentation/v3/ark:/12148/bd6t585672b/manifest.json'
For more information check: https://developer.mozilla.org/en-US/docs/Web/HTTP/Status/403",2026-07-17T22:12:54.737332
figaro1854,bd6t585673p,,failed,0,0,,http_manifest,known,403,manifest,"Client error '403 ' for url 'https://openapiproext.bnf.fr/iiif/presentation/v3/ark:/12148/bd6t585673p/manifest.json'
For more information check: https://developer.mozilla.org/en-US/docs/Web/HTTP/Status/403",2026-07-17T22:12:55.944792
figaro1854,bd6t5856741,,failed,0,0,,http_manifest,known,403,manifest,"Client error '403 ' for url 'https://openapiproext.bnf.fr/iiif/presentation/v3/ark:/12148/bd6t5856741/manifest.json'
For more information check: https://developer.mozilla.org/en-US/docs/Web/HTTP/Status/403",2026-07-17T22:12:57.146105
figaro1854,bd6t585675c,,failed,0,0,,http_manifest,known,403,manifest,"Client error '403 ' for url 'https://openapiproext.bnf.fr/iiif/presentation/v3/ark:/12148/bd6t585675c/manifest.json'
For more information check: https://developer.mozilla.org/en-US/docs/Web/HTTP/Status/403",2026-07-17T22:12:58.339769
figaro1854,bd6t585676q,,failed,0,0,,http_manifest,known,403,manifest,"Client error '403 ' for url 'https://openapiproext.bnf.fr/iiif/presentation/v3/ark:/12148/bd6t585676q/manifest.json'
For more information check: https://developer.mozilla.org/en-US/docs/Web/HTTP/Status/403",2026-07-17T22:12:59.574167
figaro1854,bd6t5856772,,failed,0,0,,http_manifest,known,403,manifest,"Client error '403 ' for url 'https://openapiproext.bnf.fr/iiif/presentation/v3/ark:/12148/bd6t5856772/manifest.json'
For more information check: https://developer.mozilla.org/en-US/docs/Web/HTTP/Status/403",2026-07-17T22:13:00.746215
figaro1854,bd6t585678d,,failed,0,0,,http_manifest,known,403,manifest,"Client error '403 ' for url 'https://openapiproext.bnf.fr/iiif/presentation/v3/ark:/12148/bd6t585678d/manifest.json'
For more information check: https://developer.mozilla.org/en-US/docs/Web/HTTP/Status/403",2026-07-17T22:13:01.946805
figaro1854,bd6t585679r,,failed,0,0,,http_manifest,known,403,manifest,"Client error '403 ' for url 'https://openapiproext.bnf.fr/iiif/presentation/v3/ark:/12148/bd6t585679r/manifest.json'
For more information check: https://developer.mozilla.org/en-US/docs/Web/HTTP/Status/403",2026-07-17T22:13:03.143364
figaro1854,bd6t585680z,,failed,0,0,,http_manifest,known,403,manifest,"Client error '403 ' for url 'https://openapiproext.bnf.fr/iiif/presentation/v3/ark:/12148/bd6t585680z/manifest.json'
For more information check: https://developer.mozilla.org/en-US/docs/Web/HTTP/Status/403",2026-07-17T22:13:04.350136
figaro1854,bd6t5856819,,failed,0,0,,http_manifest,known,403,manifest,"Client error '403 ' for url 'https://openapiproext.bnf.fr/iiif/presentation/v3/ark:/12148/bd6t5856819/manifest.json'
For more information check: https://developer.mozilla.org/en-US/docs/Web/HTTP/Status/403",2026-07-17T22:13:05.558818
figaro1854,bd6t585682n,,failed,0,0,,http_manifest,known,403,manifest,"Client error '403 ' for url 'https://openapiproext.bnf.fr/iiif/presentation/v3/ark:/12148/bd6t585682n/manifest.json'
For more information check: https://developer.mozilla.org/en-US/docs/Web/HTTP/Status/403",2026-07-17T22:13:07.141379
figaro1854,bd6t5856830,,failed,0,0,,http_manifest,known,403,manifest,"Client error '403 ' for url 'https://openapiproext.bnf.fr/iiif/presentation/v3/ark:/12148/bd6t5856830/manifest.json'
For more information check: https://developer.mozilla.org/en-US/docs/Web/HTTP/Status/403",2026-07-17T22:13:08.135538
figaro1854,bd6t585684b,,failed,0,0,,http_manifest,known,403,manifest,"Client error '403 ' for url 'https://openapiproext.bnf.fr/iiif/presentation/v3/ark:/12148/bd6t585684b/manifest.json'
For more information check: https://developer.mozilla.org/en-US/docs/Web/HTTP/Status/403",2026-07-17T22:13:09.162929
figaro1854,bd6t585685p,,failed,0,0,,http_manifest,known,403,manifest,"Client error '403 ' for url 'https://openapiproext.bnf.fr/iiif/presentation/v3/ark:/12148/bd6t585685p/manifest.json'
For more information check: https://developer.mozilla.org/en-US/docs/Web/HTTP/Status/403",2026-07-17T22:13:10.447153
figaro1854,bd6t5856861,,failed,0,0,,http_manifest,known,403,manifest,"Client error '403 ' for url 'https://openapiproext.bnf.fr/iiif/presentation/v3/ark:/12148/bd6t5856861/manifest.json'
For more information check: https://developer.mozilla.org/en-US/docs/Web/HTTP/Status/403",2026-07-17T22:13:11.583254
figaro1854,bd6t585687c,,failed,0,0,,http_manifest,known,403,manifest,"Client error '403 ' for url 'https://openapiproext.bnf.fr/iiif/presentation/v3/ark:/12148/bd6t585687c/manifest.json'
For more information check: https://developer.mozilla.org/en-US/docs/Web/HTTP/Status/403",2026-07-17T22:13:12.866274
figaro1854,bd6t585688q,,failed,0,0,,http_manifest,known,403,manifest,"Client error '403 ' for url 'https://openapiproext.bnf.fr/iiif/presentation/v3/ark:/12148/bd6t585688q/manifest.json'
For more information check: https://developer.mozilla.org/en-US/docs/Web/HTTP/Status/403",2026-07-17T22:13:14.110482
figaro1854,bd6t5856892,,failed,0,0,,http_manifest,known,403,manifest,"Client error '403 ' for url 'https://openapiproext.bnf.fr/iiif/presentation/v3/ark:/12148/bd6t5856892/manifest.json'
For more information check: https://developer.mozilla.org/en-US/docs/Web/HTTP/Status/403",2026-07-17T22:13:15.363977
figaro1854,bd6t5856908,,failed,0,0,,http_manifest,known,403,manifest,"Client error '403 ' for url 'https://openapiproext.bnf.fr/iiif/presentation/v3/ark:/12148/bd6t5856908/manifest.json'
For more information check: https://developer.mozilla.org/en-US/docs/Web/HTTP/Status/403",2026-07-17T22:13:16.370592
figaro1854,bd6t585691m,,failed,0,0,,http_manifest,known,403,manifest,"Client error '403 ' for url 'https://openapiproext.bnf.fr/iiif/presentation/v3/ark:/12148/bd6t585691m/manifest.json'
For more information check: https://developer.mozilla.org/en-US/docs/Web/HTTP/Status/403",2026-07-17T22:13:17.564363
figaro1854,bd6t585692z,,failed,0,0,,http_manifest,known,403,manifest,"Client error '403 ' for url 'https://openapiproext.bnf.fr/iiif/presentation/v3/ark:/12148/bd6t585692z/manifest.json'
For more information check: https://developer.mozilla.org/en-US/docs/Web/HTTP/Status/403",2026-07-17T22:13:18.764617
figaro1854,bd6t5856939,,failed,0,0,,http_manifest,known,403,manifest,"Client error '403 ' for url 'https://openapiproext.bnf.fr/iiif/presentation/v3/ark:/12148/bd6t5856939/manifest.json'
For more information check: https://developer.mozilla.org/en-US/docs/Web/HTTP/Status/403",2026-07-17T22:13:19.966941
figaro1854,bd6t585694n,,failed,0,0,,http_manifest,known,403,manifest,"Client error '403 ' for url 'https://openapiproext.bnf.fr/iiif/presentation/v3/ark:/12148/bd6t585694n/manifest.json'
For more information check: https://developer.mozilla.org/en-US/docs/Web/HTTP/Status/403",2026-07-17T22:13:21.175398
figaro1854,bd6t5856950,,failed,0,0,,http_manifest,known,403,manifest,"Client error '403 ' for url 'https://openapiproext.bnf.fr/iiif/presentation/v3/ark:/12148/bd6t5856950/manifest.json'
For more information check: https://developer.mozilla.org/en-US/docs/Web/HTTP/Status/403",2026-07-17T22:13:22.390690
figaro1854,bd6t585696b,,failed,0,0,,http_manifest,known,403,manifest,"Client error '403 ' for url 'https://openapiproext.bnf.fr/iiif/presentation/v3/ark:/12148/bd6t585696b/manifest.json'
For more information check: https://developer.mozilla.org/en-US/docs/Web/HTTP/Status/403",2026-07-17T22:13:23.573148
figaro1854,bd6t585697p,,failed,0,0,,http_manifest,known,403,manifest,"Client error '403 ' for url 'https://openapiproext.bnf.fr/iiif/presentation/v3/ark:/12148/bd6t585697p/manifest.json'
For more information check: https://developer.mozilla.org/en-US/docs/Web/HTTP/Status/403",2026-07-17T22:13:24.775906
figaro1854,bd6t5856981,,failed,0,0,,http_manifest,known,403,manifest,"Client error '403 ' for url 'https://openapiproext.bnf.fr/iiif/presentation/v3/ark:/12148/bd6t5856981/manifest.json'
For more information check: https://developer.mozilla.org/en-US/docs/Web/HTTP/Status/403",2026-07-17T22:13:25.976820
figaro1854,bd6t585699c,,failed,0,0,,http_manifest,known,403,manifest,"Client error '403 ' for url 'https://openapiproext.bnf.fr/iiif/presentation/v3/ark:/12148/bd6t585699c/manifest.json'
For more information check: https://developer.mozilla.org/en-US/docs/Web/HTTP/Status/403",2026-07-17T22:13:27.177238
figaro1854,bd6t585700r,,failed,0,0,,http_manifest,known,403,manifest,"Client error '403 ' for url 'https://openapiproext.bnf.fr/iiif/presentation/v3/ark:/12148/bd6t585700r/manifest.json'
For more information check: https://developer.mozilla.org/en-US/docs/Web/HTTP/Status/403",2026-07-17T22:13:28.376492
figaro1854,bd6t5857013,,failed,0,0,,http_manifest,known,403,manifest,"Client error '403 ' for url 'https://openapiproext.bnf.fr/iiif/presentation/v3/ark:/12148/bd6t5857013/manifest.json'
For more information check: https://developer.mozilla.org/en-US/docs/Web/HTTP/Status/403",2026-07-17T22:13:29.579943
figaro1854,bd6t585702f,,failed,0,0,,http_manifest,known,403,manifest,"Client error '403 ' for url 'https://openapiproext.bnf.fr/iiif/presentation/v3/ark:/12148/bd6t585702f/manifest.json'
For more information check: https://developer.mozilla.org/en-US/docs/Web/HTTP/Status/403",2026-07-17T22:13:30.809070
figaro1854,bd6t585703s,,failed,0,0,,http_manifest,known,403,manifest,"Client error '403 ' for url 'https://openapiproext.bnf.fr/iiif/presentation/v3/ark:/12148/bd6t585703s/manifest.json'
For more information check: https://developer.mozilla.org/en-US/docs/Web/HTTP/Status/403",2026-07-17T22:13:31.985337
figaro1854,bd6t5857044,,failed,0,0,,http_manifest,known,403,manifest,"Client error '403 ' for url 'https://openapiproext.bnf.fr/iiif/presentation/v3/ark:/12148/bd6t5857044/manifest.json'
For more information check: https://developer.mozilla.org/en-US/docs/Web/HTTP/Status/403",2026-07-17T22:13:33.185931
figaro1854,bd6t5856265,,failed,0,0,,http_manifest,known,403,manifest,"Client error '403 ' for url 'https://openapiproext.bnf.fr/iiif/presentation/v3/ark:/12148/bd6t5856265/manifest.json'
For more information check: https://developer.mozilla.org/en-US/docs/Web/HTTP/Status/403",2026-07-17T22:13:34.408255
figaro1854,bd6t585627h,,failed,0,0,,http_manifest,known,403,manifest,"Client error '403 ' for url 'https://openapiproext.bnf.fr/iiif/presentation/v3/ark:/12148/bd6t585627h/manifest.json'
For more information check: https://developer.mozilla.org/en-US/docs/Web/HTTP/Status/403",2026-07-17T22:13:35.590198
figaro1854,bd6t585628v,,failed,0,0,,http_manifest,known,403,manifest,"Client error '403 ' for url 'https://openapiproext.bnf.fr/iiif/presentation/v3/ark:/12148/bd6t585628v/manifest.json'
For more information check: https://developer.mozilla.org/en-US/docs/Web/HTTP/Status/403",2026-07-17T22:13:36.806597
figaro1854,bd6t5856296,,failed,0,0,,http_manifest,known,403,manifest,"Client error '403 ' for url 'https://openapiproext.bnf.fr/iiif/presentation/v3/ark:/12148/bd6t5856296/manifest.json'
For more information check: https://developer.mozilla.org/en-US/docs/Web/HTTP/Status/403",2026-07-17T22:13:37.990429
figaro1854,bd6t585630d,,failed,0,0,,http_manifest,known,403,manifest,"Client error '403 ' for url 'https://openapiproext.bnf.fr/iiif/presentation/v3/ark:/12148/bd6t585630d/manifest.json'
For more information check: https://developer.mozilla.org/en-US/docs/Web/HTTP/Status/403",2026-07-17T22:13:39.197293
figaro1854,bd6t585631r,,failed,0,0,,http_manifest,known,403,manifest,"Client error '403 ' for url 'https://openapiproext.bnf.fr/iiif/presentation/v3/ark:/12148/bd6t585631r/manifest.json'
For more information check: https://developer.mozilla.org/en-US/docs/Web/HTTP/Status/403",2026-07-17T22:13:40.419201
figaro1854,bd6t5856323,,failed,0,0,,http_manifest,known,403,manifest,"Client error '403 ' for url 'https://openapiproext.bnf.fr/iiif/presentation/v3/ark:/12148/bd6t5856323/manifest.json'
For more information check: https://developer.mozilla.org/en-US/docs/Web/HTTP/Status/403",2026-07-17T22:13:41.596486
figaro1854,bd6t585633f,,failed,0,0,,http_manifest,known,403,manifest,"Client error '403 ' for url 'https://openapiproext.bnf.fr/iiif/presentation/v3/ark:/12148/bd6t585633f/manifest.json'
For more information check: https://developer.mozilla.org/en-US/docs/Web/HTTP/Status/403",2026-07-17T22:13:42.803978
figaro1854,bd6t585634s,,failed,0,0,,http_manifest,known,403,manifest,"Client error '403 ' for url 'https://openapiproext.bnf.fr/iiif/presentation/v3/ark:/12148/bd6t585634s/manifest.json'
For more information check: https://developer.mozilla.org/en-US/docs/Web/HTTP/Status/403",2026-07-17T22:13:43.998657
figaro1854,bd6t5856354,,failed,0,0,,http_manifest,known,403,manifest,"Client error '403 ' for url 'https://openapiproext.bnf.fr/iiif/presentation/v3/ark:/12148/bd6t5856354/manifest.json'
For more information check: https://developer.mozilla.org/en-US/docs/Web/HTTP/Status/403",2026-07-17T22:13:45.202616
figaro1854,bd6t585636g,,failed,0,0,,http_manifest,known,403,manifest,"Client error '403 ' for url 'https://openapiproext.bnf.fr/iiif/presentation/v3/ark:/12148/bd6t585636g/manifest.json'
For more information check: https://developer.mozilla.org/en-US/docs/Web/HTTP/Status/403",2026-07-17T22:13:46.407455
figaro1854,bd6t585637t,,failed,0,0,,http_manifest,known,403,manifest,"Client error '403 ' for url 'https://openapiproext.bnf.fr/iiif/presentation/v3/ark:/12148/bd6t585637t/manifest.json'
For more information check: https://developer.mozilla.org/en-US/docs/Web/HTTP/Status/403",2026-07-17T22:13:47.599518
figaro1854,bd6t5856385,,failed,0,0,,http_manifest,known,403,manifest,"Client error '403 ' for url 'https://openapiproext.bnf.fr/iiif/presentation/v3/ark:/12148/bd6t5856385/manifest.json'
For more information check: https://developer.mozilla.org/en-US/docs/Web/HTTP/Status/403",2026-07-17T22:13:48.810131
figaro1854,bd6t585639h,,failed,0,0,,http_manifest,known,403,manifest,"Client error '403 ' for url 'https://openapiproext.bnf.fr/iiif/presentation/v3/ark:/12148/bd6t585639h/manifest.json'
For more information check: https://developer.mozilla.org/en-US/docs/Web/HTTP/Status/403",2026-07-17T22:13:50.009006
figaro1854,bd6t585640q,,failed,0,0,,http_manifest,known,403,manifest,"Client error '403 ' for url 'https://openapiproext.bnf.fr/iiif/presentation/v3/ark:/12148/bd6t585640q/manifest.json'
For more information check: https://developer.mozilla.org/en-US/docs/Web/HTTP/Status/403",2026-07-17T22:13:51.209263
figaro1854,bd6t5856412,,failed,0,0,,http_manifest,known,403,manifest,"Client error '403 ' for url 'https://openapiproext.bnf.fr/iiif/presentation/v3/ark:/12148/bd6t5856412/manifest.json'
For more information check: https://developer.mozilla.org/en-US/docs/Web/HTTP/Status/403",2026-07-17T22:13:52.433981
figaro1854,bd6t585642d,,failed,0,0,,http_manifest,known,403,manifest,"Client error '403 ' for url 'https://openapiproext.bnf.fr/iiif/presentation/v3/ark:/12148/bd6t585642d/manifest.json'
For more information check: https://developer.mozilla.org/en-US/docs/Web/HTTP/Status/403",2026-07-17T22:13:53.612208
figaro1854,bd6t585643r,,failed,0,0,,http_manifest,known,403,manifest,"Client error '403 ' for url 'https://openapiproext.bnf.fr/iiif/presentation/v3/ark:/12148/bd6t585643r/manifest.json'
For more information check: https://developer.mozilla.org/en-US/docs/Web/HTTP/Status/403",2026-07-17T22:13:54.819474
figaro1854,bd6t5856443,,failed,0,0,,http_manifest,known,403,manifest,"Client error '403 ' for url 'https://openapiproext.bnf.fr/iiif/presentation/v3/ark:/12148/bd6t5856443/manifest.json'
For more information check: https://developer.mozilla.org/en-US/docs/Web/HTTP/Status/403",2026-07-17T22:13:56.012627
figaro1854,bd6t585645f,,failed,0,0,,http_manifest,known,403,manifest,"Client error '403 ' for url 'https://openapiproext.bnf.fr/iiif/presentation/v3/ark:/12148/bd6t585645f/manifest.json'
For more information check: https://developer.mozilla.org/en-US/docs/Web/HTTP/Status/403",2026-07-17T22:13:57.215232
figaro1854,bd6t585646s,,failed,0,0,,http_manifest,known,403,manifest,"Client error '403 ' for url 'https://openapiproext.bnf.fr/iiif/presentation/v3/ark:/12148/bd6t585646s/manifest.json'
For more information check: https://developer.mozilla.org/en-US/docs/Web/HTTP/Status/403",2026-07-17T22:13:58.419625
figaro1854,bd6t5856474,,failed,0,0,,http_manifest,known,403,manifest,"Client error '403 ' for url 'https://openapiproext.bnf.fr/iiif/presentation/v3/ark:/12148/bd6t5856474/manifest.json'
For more information check: https://developer.mozilla.org/en-US/docs/Web/HTTP/Status/403",2026-07-17T22:13:59.620129
figaro1854,bd6t585648g,,failed,0,0,,http_manifest,known,403,manifest,"Client error '403 ' for url 'https://openapiproext.bnf.fr/iiif/presentation/v3/ark:/12148/bd6t585648g/manifest.json'
For more information check: https://developer.mozilla.org/en-US/docs/Web/HTTP/Status/403",2026-07-17T22:14:00.821523
figaro1854,bd6t585649t,,failed,0,0,,http_manifest,known,403,manifest,"Client error '403 ' for url 'https://openapiproext.bnf.fr/iiif/presentation/v3/ark:/12148/bd6t585649t/manifest.json'
For more information check: https://developer.mozilla.org/en-US/docs/Web/HTTP/Status/403",2026-07-17T22:14:02.019940
figaro1854,bd6t5856501,,failed,0,0,,http_manifest,known,403,manifest,"Client error '403 ' for url 'https://openapiproext.bnf.fr/iiif/presentation/v3/ark:/12148/bd6t5856501/manifest.json'
For more information check: https://developer.mozilla.org/en-US/docs/Web/HTTP/Status/403",2026-07-17T22:14:03.226260
figaro1854,bd6t585651c,,failed,0,0,,http_manifest,known,403,manifest,"Client error '403 ' for url 'https://openapiproext.bnf.fr/iiif/presentation/v3/ark:/12148/bd6t585651c/manifest.json'
For more information check: https://developer.mozilla.org/en-US/docs/Web/HTTP/Status/403",2026-07-17T22:14:04.445694
figaro1854,bd6t585652q,,failed,0,0,,http_manifest,known,403,manifest,"Client error '403 ' for url 'https://openapiproext.bnf.fr/iiif/presentation/v3/ark:/12148/bd6t585652q/manifest.json'
For more information check: https://developer.mozilla.org/en-US/docs/Web/HTTP/Status/403",2026-07-17T22:14:05.650204
figaro1854,bd6t5856532,,failed,0,0,,http_manifest,known,403,manifest,"Client error '403 ' for url 'https://openapiproext.bnf.fr/iiif/presentation/v3/ark:/12148/bd6t5856532/manifest.json'
For more information check: https://developer.mozilla.org/en-US/docs/Web/HTTP/Status/403",2026-07-17T22:14:06.873499
figaro1854,bd6t585654d,,failed,0,0,,http_manifest,known,403,manifest,"Client error '403 ' for url 'https://openapiproext.bnf.fr/iiif/presentation/v3/ark:/12148/bd6t585654d/manifest.json'
For more information check: https://developer.mozilla.org/en-US/docs/Web/HTTP/Status/403",2026-07-17T22:14:08.027155
figaro1854,bd6t585655r,,failed,0,0,,http_manifest,known,403,manifest,"Client error '403 ' for url 'https://openapiproext.bnf.fr/iiif/presentation/v3/ark:/12148/bd6t585655r/manifest.json'
For more information check: https://developer.mozilla.org/en-US/docs/Web/HTTP/Status/403",2026-07-17T22:14:09.324580
figaro1854,bd6t5856563,,failed,0,0,,http_manifest,known,403,manifest,"Client error '403 ' for url 'https://openapiproext.bnf.fr/iiif/presentation/v3/ark:/12148/bd6t5856563/manifest.json'
For more information check: https://developer.mozilla.org/en-US/docs/Web/HTTP/Status/403",2026-07-17T22:14:10.702353
figaro1854,bd6t585657f,,failed,0,0,,http_manifest,known,403,manifest,"Client error '403 ' for url 'https://openapiproext.bnf.fr/iiif/presentation/v3/ark:/12148/bd6t585657f/manifest.json'
For more information check: https://developer.mozilla.org/en-US/docs/Web/HTTP/Status/403",2026-07-17T22:14:11.629617
figaro1854,bd6t585658s,,failed,0,0,,http_manifest,known,403,manifest,"Client error '403 ' for url 'https://openapiproext.bnf.fr/iiif/presentation/v3/ark:/12148/bd6t585658s/manifest.json'
For more information check: https://developer.mozilla.org/en-US/docs/Web/HTTP/Status/403",2026-07-17T22:14:12.830909
figaro1854,bd6t5856594,,failed,0,0,,http_manifest,known,403,manifest,"Client error '403 ' for url 'https://openapiproext.bnf.fr/iiif/presentation/v3/ark:/12148/bd6t5856594/manifest.json'
For more information check: https://developer.mozilla.org/en-US/docs/Web/HTTP/Status/403",2026-07-17T22:14:14.214967
figaro1854,bd6t585660b,,failed,0,0,,http_manifest,known,403,manifest,"Client error '403 ' for url 'https://openapiproext.bnf.fr/iiif/presentation/v3/ark:/12148/bd6t585660b/manifest.json'
For more information check: https://developer.mozilla.org/en-US/docs/Web/HTTP/Status/403",2026-07-17T22:14:15.391000
figaro1854,bd6t585661p,,failed,0,0,,http_manifest,known,403,manifest,"Client error '403 ' for url 'https://openapiproext.bnf.fr/iiif/presentation/v3/ark:/12148/bd6t585661p/manifest.json'
For more information check: https://developer.mozilla.org/en-US/docs/Web/HTTP/Status/403",2026-07-17T22:14:16.439565
figaro1854,bd6t5856621,,failed,0,0,,http_manifest,known,403,manifest,"Client error '403 ' for url 'https://openapiproext.bnf.fr/iiif/presentation/v3/ark:/12148/bd6t5856621/manifest.json'
For more information check: https://developer.mozilla.org/en-US/docs/Web/HTTP/Status/403",2026-07-17T22:14:17.638606
figaro1854,bd6t585663c,,failed,0,0,,http_manifest,known,403,manifest,"Client error '403 ' for url 'https://openapiproext.bnf.fr/iiif/presentation/v3/ark:/12148/bd6t585663c/manifest.json'
For more information check: https://developer.mozilla.org/en-US/docs/Web/HTTP/Status/403",2026-07-17T22:14:18.836676
figaro1854,bd6t585664q,,failed,0,0,,http_manifest,known,403,manifest,"Client error '403 ' for url 'https://openapiproext.bnf.fr/iiif/presentation/v3/ark:/12148/bd6t585664q/manifest.json'
For more information check: https://developer.mozilla.org/en-US/docs/Web/HTTP/Status/403",2026-07-17T22:14:20.206768
figaro1854,bd6t585820n,,failed,0,0,,http_manifest,known,403,manifest,"Client error '403 ' for url 'https://openapiproext.bnf.fr/iiif/presentation/v3/ark:/12148/bd6t585820n/manifest.json'
For more information check: https://developer.mozilla.org/en-US/docs/Web/HTTP/Status/403",2026-07-17T22:14:21.292024
figaro1854,bd6t5858210,,failed,0,0,,http_manifest,known,403,manifest,"Client error '403 ' for url 'https://openapiproext.bnf.fr/iiif/presentation/v3/ark:/12148/bd6t5858210/manifest.json'
For more information check: https://developer.mozilla.org/en-US/docs/Web/HTTP/Status/403",2026-07-17T22:14:22.458007
figaro1854,bd6t585822b,,failed,0,0,,http_manifest,known,403,manifest,"Client error '403 ' for url 'https://openapiproext.bnf.fr/iiif/presentation/v3/ark:/12148/bd6t585822b/manifest.json'
For more information check: https://developer.mozilla.org/en-US/docs/Web/HTTP/Status/403",2026-07-17T22:14:23.649178
figaro1854,bd6t585823p,,failed,0,0,,http_manifest,known,403,manifest,"Client error '403 ' for url 'https://openapiproext.bnf.fr/iiif/presentation/v3/ark:/12148/bd6t585823p/manifest.json'
For more information check: https://developer.mozilla.org/en-US/docs/Web/HTTP/Status/403",2026-07-17T22:14:24.843561
figaro1854,bd6t5858241,,failed,0,0,,http_manifest,known,403,manifest,"Client error '403 ' for url 'https://openapiproext.bnf.fr/iiif/presentation/v3/ark:/12148/bd6t5858241/manifest.json'
For more information check: https://developer.mozilla.org/en-US/docs/Web/HTTP/Status/403",2026-07-17T22:14:26.259022
figaro1854,bd6t585825c,,failed,0,0,,http_manifest,known,403,manifest,"Client error '403 ' for url 'https://openapiproext.bnf.fr/iiif/presentation/v3/ark:/12148/bd6t585825c/manifest.json'
For more information check: https://developer.mozilla.org/en-US/docs/Web/HTTP/Status/403",2026-07-17T22:14:27.327646
figaro1854,bd6t585826q,,failed,0,0,,http_manifest,known,403,manifest,"Client error '403 ' for url 'https://openapiproext.bnf.fr/iiif/presentation/v3/ark:/12148/bd6t585826q/manifest.json'
For more information check: https://developer.mozilla.org/en-US/docs/Web/HTTP/Status/403",2026-07-17T22:14:28.451584
figaro1854,bd6t5858272,,failed,0,0,,http_manifest,known,403,manifest,"Client error '403 ' for url 'https://openapiproext.bnf.fr/iiif/presentation/v3/ark:/12148/bd6t5858272/manifest.json'
For more information check: https://developer.mozilla.org/en-US/docs/Web/HTTP/Status/403",2026-07-17T22:14:29.652851
figaro1854,bd6t585828d,,failed,0,0,,http_manifest,known,403,manifest,"Client error '403 ' for url 'https://openapiproext.bnf.fr/iiif/presentation/v3/ark:/12148/bd6t585828d/manifest.json'
For more information check: https://developer.mozilla.org/en-US/docs/Web/HTTP/Status/403",2026-07-17T22:14:30.856308
figaro1854,bd6t585829r,,failed,0,0,,http_manifest,known,403,manifest,"Client error '403 ' for url 'https://openapiproext.bnf.fr/iiif/presentation/v3/ark:/12148/bd6t585829r/manifest.json'
For more information check: https://developer.mozilla.org/en-US/docs/Web/HTTP/Status/403",2026-07-17T22:14:32.052917
figaro1854,bd6t585830z,,failed,0,0,,http_manifest,known,403,manifest,"Client error '403 ' for url 'https://openapiproext.bnf.fr/iiif/presentation/v3/ark:/12148/bd6t585830z/manifest.json'
For more information check: https://developer.mozilla.org/en-US/docs/Web/HTTP/Status/403",2026-07-17T22:14:33.256385
figaro1854,bd6t5858319,,failed,0,0,,http_manifest,known,403,manifest,"Client error '403 ' for url 'https://openapiproext.bnf.fr/iiif/presentation/v3/ark:/12148/bd6t5858319/manifest.json'
For more information check: https://developer.mozilla.org/en-US/docs/Web/HTTP/Status/403",2026-07-17T22:14:34.466337
figaro1854,bd6t585832n,,failed,0,0,,http_manifest,known,403,manifest,"Client error '403 ' for url 'https://openapiproext.bnf.fr/iiif/presentation/v3/ark:/12148/bd6t585832n/manifest.json'
For more information check: https://developer.mozilla.org/en-US/docs/Web/HTTP/Status/403",2026-07-17T22:14:35.658469
figaro1854,bd6t5858330,,failed,0,0,,http_manifest,known,403,manifest,"Client error '403 ' for url 'https://openapiproext.bnf.fr/iiif/presentation/v3/ark:/12148/bd6t5858330/manifest.json'
For more information check: https://developer.mozilla.org/en-US/docs/Web/HTTP/Status/403",2026-07-17T22:14:36.866031
figaro1854,bd6t585834b,,failed,0,0,,http_manifest,known,403,manifest,"Client error '403 ' for url 'https://openapiproext.bnf.fr/iiif/presentation/v3/ark:/12148/bd6t585834b/manifest.json'
For more information check: https://developer.mozilla.org/en-US/docs/Web/HTTP/Status/403",2026-07-17T22:14:38.065412
figaro1854,bd6t585835p,,failed,0,0,,http_manifest,known,403,manifest,"Client error '403 ' for url 'https://openapiproext.bnf.fr/iiif/presentation/v3/ark:/12148/bd6t585835p/manifest.json'
For more information check: https://developer.mozilla.org/en-US/docs/Web/HTTP/Status/403",2026-07-17T22:14:39.261102
figaro1854,bd6t5858361,,failed,0,0,,http_manifest,known,403,manifest,"Client error '403 ' for url 'https://openapiproext.bnf.fr/iiif/presentation/v3/ark:/12148/bd6t5858361/manifest.json'
For more information check: https://developer.mozilla.org/en-US/docs/Web/HTTP/Status/403",2026-07-17T22:14:40.483313
figaro1854,bd6t585837c,,failed,0,0,,http_manifest,known,403,manifest,"Client error '403 ' for url 'https://openapiproext.bnf.fr/iiif/presentation/v3/ark:/12148/bd6t585837c/manifest.json'
For more information check: https://developer.mozilla.org/en-US/docs/Web/HTTP/Status/403",2026-07-17T22:14:41.663492
figaro1854,bd6t585838q,,failed,0,0,,http_manifest,known,403,manifest,"Client error '403 ' for url 'https://openapiproext.bnf.fr/iiif/presentation/v3/ark:/12148/bd6t585838q/manifest.json'
For more information check: https://developer.mozilla.org/en-US/docs/Web/HTTP/Status/403",2026-07-17T22:14:42.868499
figaro1854,bd6t5858392,,failed,0,0,,http_manifest,known,403,manifest,"Client error '403 ' for url 'https://openapiproext.bnf.fr/iiif/presentation/v3/ark:/12148/bd6t5858392/manifest.json'
For more information check: https://developer.mozilla.org/en-US/docs/Web/HTTP/Status/403",2026-07-17T22:14:44.072153
figaro1854,bd6t5858408,,failed,0,0,,http_manifest,known,403,manifest,"Client error '403 ' for url 'https://openapiproext.bnf.fr/iiif/presentation/v3/ark:/12148/bd6t5858408/manifest.json'
For more information check: https://developer.mozilla.org/en-US/docs/Web/HTTP/Status/403",2026-07-17T22:14:45.271984
figaro1854,bd6t585841m,,failed,0,0,,http_manifest,known,403,manifest,"Client error '403 ' for url 'https://openapiproext.bnf.fr/iiif/presentation/v3/ark:/12148/bd6t585841m/manifest.json'
For more information check: https://developer.mozilla.org/en-US/docs/Web/HTTP/Status/403",2026-07-17T22:14:46.472864
figaro1854,bd6t585842z,,failed,0,0,,http_manifest,known,403,manifest,"Client error '403 ' for url 'https://openapiproext.bnf.fr/iiif/presentation/v3/ark:/12148/bd6t585842z/manifest.json'
For more information check: https://developer.mozilla.org/en-US/docs/Web/HTTP/Status/403",2026-07-17T22:14:47.669974
figaro1854,bd6t5858439,,failed,0,0,,http_manifest,known,403,manifest,"Client error '403 ' for url 'https://openapiproext.bnf.fr/iiif/presentation/v3/ark:/12148/bd6t5858439/manifest.json'
For more information check: https://developer.mozilla.org/en-US/docs/Web/HTTP/Status/403",2026-07-17T22:14:48.872429
figaro1854,bd6t585844n,,failed,0,0,,http_manifest,known,403,manifest,"Client error '403 ' for url 'https://openapiproext.bnf.fr/iiif/presentation/v3/ark:/12148/bd6t585844n/manifest.json'
For more information check: https://developer.mozilla.org/en-US/docs/Web/HTTP/Status/403",2026-07-17T22:14:50.074653
figaro1854,bd6t5858450,,failed,0,0,,http_manifest,known,403,manifest,"Client error '403 ' for url 'https://openapiproext.bnf.fr/iiif/presentation/v3/ark:/12148/bd6t5858450/manifest.json'
For more information check: https://developer.mozilla.org/en-US/docs/Web/HTTP/Status/403",2026-07-17T22:14:51.276649
figaro1854,bd6t585846b,,failed,0,0,,http_manifest,known,403,manifest,"Client error '403 ' for url 'https://openapiproext.bnf.fr/iiif/presentation/v3/ark:/12148/bd6t585846b/manifest.json'
For more information check: https://developer.mozilla.org/en-US/docs/Web/HTTP/Status/403",2026-07-17T22:14:52.491356
figaro1854,bd6t585847p,,failed,0,0,,http_manifest,known,403,manifest,"Client error '403 ' for url 'https://openapiproext.bnf.fr/iiif/presentation/v3/ark:/12148/bd6t585847p/manifest.json'
For more information check: https://developer.mozilla.org/en-US/docs/Web/HTTP/Status/403",2026-07-17T22:14:53.678016
figaro1854,bd6t5858481,,failed,0,0,,http_manifest,known,403,manifest,"Client error '403 ' for url 'https://openapiproext.bnf.fr/iiif/presentation/v3/ark:/12148/bd6t5858481/manifest.json'
For more information check: https://developer.mozilla.org/en-US/docs/Web/HTTP/Status/403",2026-07-17T22:14:54.884554
figaro1854,bd6t585849c,,failed,0,0,,http_manifest,known,403,manifest,"Client error '403 ' for url 'https://openapiproext.bnf.fr/iiif/presentation/v3/ark:/12148/bd6t585849c/manifest.json'
For more information check: https://developer.mozilla.org/en-US/docs/Web/HTTP/Status/403",2026-07-17T22:14:56.081710
figaro1854,bd6t585850k,,failed,0,0,,http_manifest,known,403,manifest,"Client error '403 ' for url 'https://openapiproext.bnf.fr/iiif/presentation/v3/ark:/12148/bd6t585850k/manifest.json'
For more information check: https://developer.mozilla.org/en-US/docs/Web/HTTP/Status/403",2026-07-17T22:14:57.284899
figaro1854,bd6t585851x,,failed,0,0,,http_manifest,known,403,manifest,"Client error '403 ' for url 'https://openapiproext.bnf.fr/iiif/presentation/v3/ark:/12148/bd6t585851x/manifest.json'
For more information check: https://developer.mozilla.org/en-US/docs/Web/HTTP/Status/403",2026-07-17T22:14:58.486939
figaro1854,bd6t5858528,,failed,0,0,,http_manifest,known,403,manifest,"Client error '403 ' for url 'https://openapiproext.bnf.fr/iiif/presentation/v3/ark:/12148/bd6t5858528/manifest.json'
For more information check: https://developer.mozilla.org/en-US/docs/Web/HTTP/Status/403",2026-07-17T22:14:59.684274
figaro1854,bd6t585853m,,failed,0,0,,http_manifest,known,403,manifest,"Client error '403 ' for url 'https://openapiproext.bnf.fr/iiif/presentation/v3/ark:/12148/bd6t585853m/manifest.json'
For more information check: https://developer.mozilla.org/en-US/docs/Web/HTTP/Status/403",2026-07-17T22:15:00.885804
figaro1854,bd6t585854z,,failed,0,0,,http_manifest,known,403,manifest,"Client error '403 ' for url 'https://openapiproext.bnf.fr/iiif/presentation/v3/ark:/12148/bd6t585854z/manifest.json'
For more information check: https://developer.mozilla.org/en-US/docs/Web/HTTP/Status/403",2026-07-17T22:15:02.090677
figaro1854,bd6t5858559,,failed,0,0,,http_manifest,known,403,manifest,"Client error '403 ' for url 'https://openapiproext.bnf.fr/iiif/presentation/v3/ark:/12148/bd6t5858559/manifest.json'
For more information check: https://developer.mozilla.org/en-US/docs/Web/HTTP/Status/403",2026-07-17T22:15:03.288234
figaro1854,bd6t585856n,,failed,0,0,,http_manifest,known,403,manifest,"Client error '403 ' for url 'https://openapiproext.bnf.fr/iiif/presentation/v3/ark:/12148/bd6t585856n/manifest.json'
For more information check: https://developer.mozilla.org/en-US/docs/Web/HTTP/Status/403",2026-07-17T22:15:04.504978
figaro1854,bd6t5858570,,failed,0,0,,http_manifest,known,403,manifest,"Client error '403 ' for url 'https://openapiproext.bnf.fr/iiif/presentation/v3/ark:/12148/bd6t5858570/manifest.json'
For more information check: https://developer.mozilla.org/en-US/docs/Web/HTTP/Status/403",2026-07-17T22:15:05.696860
figaro1854,bd6t585858b,,failed,0,0,,http_manifest,known,403,manifest,"Client error '403 ' for url 'https://openapiproext.bnf.fr/iiif/presentation/v3/ark:/12148/bd6t585858b/manifest.json'
For more information check: https://developer.mozilla.org/en-US/docs/Web/HTTP/Status/403",2026-07-17T22:15:07.093156
figaro1854,bd6t585859p,,failed,0,0,,http_manifest,known,403,manifest,"Client error '403 ' for url 'https://openapiproext.bnf.fr/iiif/presentation/v3/ark:/12148/bd6t585859p/manifest.json'
For more information check: https://developer.mozilla.org/en-US/docs/Web/HTTP/Status/403",2026-07-17T22:15:08.374166
figaro1854,bd6t585860w,,failed,0,0,,http_manifest,known,403,manifest,"Client error '403 ' for url 'https://openapiproext.bnf.fr/iiif/presentation/v3/ark:/12148/bd6t585860w/manifest.json'
For more information check: https://developer.mozilla.org/en-US/docs/Web/HTTP/Status/403",2026-07-17T22:15:09.334023
figaro1854,bd6t5858617,,failed,0,0,,http_manifest,known,403,manifest,"Client error '403 ' for url 'https://openapiproext.bnf.fr/iiif/presentation/v3/ark:/12148/bd6t5858617/manifest.json'
For more information check: https://developer.mozilla.org/en-US/docs/Web/HTTP/Status/403",2026-07-17T22:15:10.713428
figaro1854,bd6t585862k,,failed,0,0,,http_manifest,known,403,manifest,"Client error '403 ' for url 'https://openapiproext.bnf.fr/iiif/presentation/v3/ark:/12148/bd6t585862k/manifest.json'
For more information check: https://developer.mozilla.org/en-US/docs/Web/HTTP/Status/403",2026-07-17T22:15:11.815292
figaro1854,bd6t585863x,,failed,0,0,,http_manifest,known,403,manifest,"Client error '403 ' for url 'https://openapiproext.bnf.fr/iiif/presentation/v3/ark:/12148/bd6t585863x/manifest.json'
For more information check: https://developer.mozilla.org/en-US/docs/Web/HTTP/Status/403",2026-07-17T22:15:13.061342
figaro1854,bd6t5858648,,failed,0,0,,http_manifest,known,403,manifest,"Client error '403 ' for url 'https://openapiproext.bnf.fr/iiif/presentation/v3/ark:/12148/bd6t5858648/manifest.json'
For more information check: https://developer.mozilla.org/en-US/docs/Web/HTTP/Status/403",2026-07-17T22:15:14.155870
figaro1854,bd6t585865m,,failed,0,0,,http_manifest,known,403,manifest,"Client error '403 ' for url 'https://openapiproext.bnf.fr/iiif/presentation/v3/ark:/12148/bd6t585865m/manifest.json'
For more information check: https://developer.mozilla.org/en-US/docs/Web/HTTP/Status/403",2026-07-17T22:15:15.501241
figaro1854,bd6t585866z,,failed,0,0,,http_manifest,known,403,manifest,"Client error '403 ' for url 'https://openapiproext.bnf.fr/iiif/presentation/v3/ark:/12148/bd6t585866z/manifest.json'
For more information check: https://developer.mozilla.org/en-US/docs/Web/HTTP/Status/403",2026-07-17T22:15:16.514834
figaro1854,bd6t5858679,,failed,0,0,,http_manifest,known,403,manifest,"Client error '403 ' for url 'https://openapiproext.bnf.fr/iiif/presentation/v3/ark:/12148/bd6t5858679/manifest.json'
For more information check: https://developer.mozilla.org/en-US/docs/Web/HTTP/Status/403",2026-07-17T22:15:17.782275
figaro1854,bd6t585868n,,failed,0,0,,http_manifest,known,403,manifest,"Client error '403 ' for url 'https://openapiproext.bnf.fr/iiif/presentation/v3/ark:/12148/bd6t585868n/manifest.json'
For more information check: https://developer.mozilla.org/en-US/docs/Web/HTTP/Status/403",2026-07-17T22:15:19.114556
figaro1854,bd6t5858690,,failed,0,0,,http_manifest,known,403,manifest,"Client error '403 ' for url 'https://openapiproext.bnf.fr/iiif/presentation/v3/ark:/12148/bd6t5858690/manifest.json'
For more information check: https://developer.mozilla.org/en-US/docs/Web/HTTP/Status/403",2026-07-17T22:15:20.110482
figaro1854,bd6t5858706,,failed,0,0,,http_manifest,known,403,manifest,"Client error '403 ' for url 'https://openapiproext.bnf.fr/iiif/presentation/v3/ark:/12148/bd6t5858706/manifest.json'
For more information check: https://developer.mozilla.org/en-US/docs/Web/HTTP/Status/403",2026-07-17T22:15:21.439769
figaro1854,bd6t585871j,,failed,0,0,,http_manifest,known,403,manifest,"Client error '403 ' for url 'https://openapiproext.bnf.fr/iiif/presentation/v3/ark:/12148/bd6t585871j/manifest.json'
For more information check: https://developer.mozilla.org/en-US/docs/Web/HTTP/Status/403",2026-07-17T22:15:22.610771
figaro1854,bd6t585872w,,failed,0,0,,http_manifest,known,403,manifest,"Client error '403 ' for url 'https://openapiproext.bnf.fr/iiif/presentation/v3/ark:/12148/bd6t585872w/manifest.json'
For more information check: https://developer.mozilla.org/en-US/docs/Web/HTTP/Status/403",2026-07-17T22:15:23.720810
figaro1854,bd6t5858737,,failed,0,0,,http_manifest,known,403,manifest,"Client error '403 ' for url 'https://openapiproext.bnf.fr/iiif/presentation/v3/ark:/12148/bd6t5858737/manifest.json'
For more information check: https://developer.mozilla.org/en-US/docs/Web/HTTP/Status/403",2026-07-17T22:15:24.917665
figaro1854,bd6t585874k,,failed,0,0,,http_manifest,known,403,manifest,"Client error '403 ' for url 'https://openapiproext.bnf.fr/iiif/presentation/v3/ark:/12148/bd6t585874k/manifest.json'
For more information check: https://developer.mozilla.org/en-US/docs/Web/HTTP/Status/403",2026-07-17T22:15:26.119404
figaro1854,bd6t585875x,,failed,0,0,,http_manifest,known,403,manifest,"Client error '403 ' for url 'https://openapiproext.bnf.fr/iiif/presentation/v3/ark:/12148/bd6t585875x/manifest.json'
For more information check: https://developer.mozilla.org/en-US/docs/Web/HTTP/Status/403",2026-07-17T22:15:27.320664
figaro1854,bd6t5858768,,failed,0,0,,http_manifest,known,403,manifest,"Client error '403 ' for url 'https://openapiproext.bnf.fr/iiif/presentation/v3/ark:/12148/bd6t5858768/manifest.json'
For more information check: https://developer.mozilla.org/en-US/docs/Web/HTTP/Status/403",2026-07-17T22:15:28.523537
figaro1854,bd6t585877m,,failed,0,0,,http_manifest,known,403,manifest,"Client error '403 ' for url 'https://openapiproext.bnf.fr/iiif/presentation/v3/ark:/12148/bd6t585877m/manifest.json'
For more information check: https://developer.mozilla.org/en-US/docs/Web/HTTP/Status/403",2026-07-17T22:15:29.752188
figaro1854,bd6t585878z,,failed,0,0,,http_manifest,known,403,manifest,"Client error '403 ' for url 'https://openapiproext.bnf.fr/iiif/presentation/v3/ark:/12148/bd6t585878z/manifest.json'
For more information check: https://developer.mozilla.org/en-US/docs/Web/HTTP/Status/403",2026-07-17T22:15:30.952380
figaro1854,bd6t5858799,,failed,0,0,,http_manifest,known,403,manifest,"Client error '403 ' for url 'https://openapiproext.bnf.fr/iiif/presentation/v3/ark:/12148/bd6t5858799/manifest.json'
For more information check: https://developer.mozilla.org/en-US/docs/Web/HTTP/Status/403",2026-07-17T22:15:32.124905
figaro1854,bd6t585880h,,failed,0,0,,http_manifest,known,403,manifest,"Client error '403 ' for url 'https://openapiproext.bnf.fr/iiif/presentation/v3/ark:/12148/bd6t585880h/manifest.json'
For more information check: https://developer.mozilla.org/en-US/docs/Web/HTTP/Status/403",2026-07-17T22:15:33.339823
figaro1854,bd6t585881v,,failed,0,0,,http_manifest,known,403,manifest,"Client error '403 ' for url 'https://openapiproext.bnf.fr/iiif/presentation/v3/ark:/12148/bd6t585881v/manifest.json'
For more information check: https://developer.mozilla.org/en-US/docs/Web/HTTP/Status/403",2026-07-17T22:15:34.552692
figaro1854,bd6t5858826,,failed,0,0,,http_manifest,known,403,manifest,"Client error '403 ' for url 'https://openapiproext.bnf.fr/iiif/presentation/v3/ark:/12148/bd6t5858826/manifest.json'
For more information check: https://developer.mozilla.org/en-US/docs/Web/HTTP/Status/403",2026-07-17T22:15:35.730801
figaro1854,bd6t585883j,,failed,0,0,,http_manifest,known,403,manifest,"Client error '403 ' for url 'https://openapiproext.bnf.fr/iiif/presentation/v3/ark:/12148/bd6t585883j/manifest.json'
For more information check: https://developer.mozilla.org/en-US/docs/Web/HTTP/Status/403",2026-07-17T22:15:36.931174
figaro1854,bd6t585884w,,failed,0,0,,http_manifest,known,403,manifest,"Client error '403 ' for url 'https://openapiproext.bnf.fr/iiif/presentation/v3/ark:/12148/bd6t585884w/manifest.json'
For more information check: https://developer.mozilla.org/en-US/docs/Web/HTTP/Status/403",2026-07-17T22:15:38.134140
figaro1854,bd6t5858857,,failed,0,0,,http_manifest,known,403,manifest,"Client error '403 ' for url 'https://openapiproext.bnf.fr/iiif/presentation/v3/ark:/12148/bd6t5858857/manifest.json'
For more information check: https://developer.mozilla.org/en-US/docs/Web/HTTP/Status/403",2026-07-17T22:15:39.343357
figaro1854,bd6t585886k,,failed,0,0,,http_manifest,known,403,manifest,"Client error '403 ' for url 'https://openapiproext.bnf.fr/iiif/presentation/v3/ark:/12148/bd6t585886k/manifest.json'
For more information check: https://developer.mozilla.org/en-US/docs/Web/HTTP/Status/403",2026-07-17T22:15:40.546540
figaro1854,bd6t585887x,,failed,0,0,,http_manifest,known,403,manifest,"Client error '403 ' for url 'https://openapiproext.bnf.fr/iiif/presentation/v3/ark:/12148/bd6t585887x/manifest.json'
For more information check: https://developer.mozilla.org/en-US/docs/Web/HTTP/Status/403",2026-07-17T22:15:41.738446
figaro1854,bd6t5858888,,failed,0,0,,http_manifest,known,403,manifest,"Client error '403 ' for url 'https://openapiproext.bnf.fr/iiif/presentation/v3/ark:/12148/bd6t5858888/manifest.json'
For more information check: https://developer.mozilla.org/en-US/docs/Web/HTTP/Status/403",2026-07-17T22:15:42.941224
figaro1854,bd6t585889m,,failed,0,0,,http_manifest,known,403,manifest,"Client error '403 ' for url 'https://openapiproext.bnf.fr/iiif/presentation/v3/ark:/12148/bd6t585889m/manifest.json'
For more information check: https://developer.mozilla.org/en-US/docs/Web/HTTP/Status/403",2026-07-17T22:15:44.137749
figaro1854,bd6t585890t,,failed,0,0,,http_manifest,known,403,manifest,"Client error '403 ' for url 'https://openapiproext.bnf.fr/iiif/presentation/v3/ark:/12148/bd6t585890t/manifest.json'
For more information check: https://developer.mozilla.org/en-US/docs/Web/HTTP/Status/403",2026-07-17T22:15:45.341742
figaro1854,bd6t5858915,,failed,0,0,,http_manifest,known,403,manifest,"Client error '403 ' for url 'https://openapiproext.bnf.fr/iiif/presentation/v3/ark:/12148/bd6t5858915/manifest.json'
For more information check: https://developer.mozilla.org/en-US/docs/Web/HTTP/Status/403",2026-07-17T22:15:46.543136
figaro1854,bd6t585892h,,failed,0,0,,http_manifest,known,403,manifest,"Client error '403 ' for url 'https://openapiproext.bnf.fr/iiif/presentation/v3/ark:/12148/bd6t585892h/manifest.json'
For more information check: https://developer.mozilla.org/en-US/docs/Web/HTTP/Status/403",2026-07-17T22:15:47.745831
figaro1854,bd6t585893v,,failed,0,0,,http_manifest,known,403,manifest,"Client error '403 ' for url 'https://openapiproext.bnf.fr/iiif/presentation/v3/ark:/12148/bd6t585893v/manifest.json'
For more information check: https://developer.mozilla.org/en-US/docs/Web/HTTP/Status/403",2026-07-17T22:15:48.942990
figaro1854,bd6t5858946,,failed,0,0,,http_manifest,known,403,manifest,"Client error '403 ' for url 'https://openapiproext.bnf.fr/iiif/presentation/v3/ark:/12148/bd6t5858946/manifest.json'
For more information check: https://developer.mozilla.org/en-US/docs/Web/HTTP/Status/403",2026-07-17T22:15:50.148812
figaro1854,bd6t585895j,,failed,0,0,,http_manifest,known,403,manifest,"Client error '403 ' for url 'https://openapiproext.bnf.fr/iiif/presentation/v3/ark:/12148/bd6t585895j/manifest.json'
For more information check: https://developer.mozilla.org/en-US/docs/Web/HTTP/Status/403",2026-07-17T22:15:51.347266
figaro1854,bd6t585896w,,failed,0,0,,http_manifest,known,403,manifest,"Client error '403 ' for url 'https://openapiproext.bnf.fr/iiif/presentation/v3/ark:/12148/bd6t585896w/manifest.json'
For more information check: https://developer.mozilla.org/en-US/docs/Web/HTTP/Status/403",2026-07-17T22:15:52.564776
figaro1854,bd6t5858977,,failed,0,0,,http_manifest,known,403,manifest,"Client error '403 ' for url 'https://openapiproext.bnf.fr/iiif/presentation/v3/ark:/12148/bd6t5858977/manifest.json'
For more information check: https://developer.mozilla.org/en-US/docs/Web/HTTP/Status/403",2026-07-17T22:15:53.750810
figaro1854,bd6t586016f,,failed,0,0,,http_manifest,known,403,manifest,"Client error '403 ' for url 'https://openapiproext.bnf.fr/iiif/presentation/v3/ark:/12148/bd6t586016f/manifest.json'
For more information check: https://developer.mozilla.org/en-US/docs/Web/HTTP/Status/403",2026-07-17T22:15:54.950132
figaro1854,bd6t586017s,,failed,0,0,,http_manifest,known,403,manifest,"Client error '403 ' for url 'https://openapiproext.bnf.fr/iiif/presentation/v3/ark:/12148/bd6t586017s/manifest.json'
For more information check: https://developer.mozilla.org/en-US/docs/Web/HTTP/Status/403",2026-07-17T22:15:56.161482
figaro1854,bd6t5860184,,failed,0,0,,http_manifest,known,403,manifest,"Client error '403 ' for url 'https://openapiproext.bnf.fr/iiif/presentation/v3/ark:/12148/bd6t5860184/manifest.json'
For more information check: https://developer.mozilla.org/en-US/docs/Web/HTTP/Status/403",2026-07-17T22:15:57.353958
figaro1854,bd6t586019g,,failed,0,0,,http_manifest,known,403,manifest,"Client error '403 ' for url 'https://openapiproext.bnf.fr/iiif/presentation/v3/ark:/12148/bd6t586019g/manifest.json'
For more information check: https://developer.mozilla.org/en-US/docs/Web/HTTP/Status/403",2026-07-17T22:15:58.572301
figaro1854,bd6t586020p,,failed,0,0,,http_manifest,known,403,manifest,"Client error '403 ' for url 'https://openapiproext.bnf.fr/iiif/presentation/v3/ark:/12148/bd6t586020p/manifest.json'
For more information check: https://developer.mozilla.org/en-US/docs/Web/HTTP/Status/403",2026-07-17T22:15:59.756833
figaro1854,bd6t5860211,,failed,0,0,,http_manifest,known,403,manifest,"Client error '403 ' for url 'https://openapiproext.bnf.fr/iiif/presentation/v3/ark:/12148/bd6t5860211/manifest.json'
For more information check: https://developer.mozilla.org/en-US/docs/Web/HTTP/Status/403",2026-07-17T22:16:00.959021
figaro1854,bd6t586022c,,failed,0,0,,http_manifest,known,403,manifest,"Client error '403 ' for url 'https://openapiproext.bnf.fr/iiif/presentation/v3/ark:/12148/bd6t586022c/manifest.json'
For more information check: https://developer.mozilla.org/en-US/docs/Web/HTTP/Status/403",2026-07-17T22:16:02.163014
figaro1854,bd6t586023q,,failed,0,0,,http_manifest,known,403,manifest,"Client error '403 ' for url 'https://openapiproext.bnf.fr/iiif/presentation/v3/ark:/12148/bd6t586023q/manifest.json'
For more information check: https://developer.mozilla.org/en-US/docs/Web/HTTP/Status/403",2026-07-17T22:16:03.364077
figaro1854,bd6t5860242,,failed,0,0,,http_manifest,known,403,manifest,"Client error '403 ' for url 'https://openapiproext.bnf.fr/iiif/presentation/v3/ark:/12148/bd6t5860242/manifest.json'
For more information check: https://developer.mozilla.org/en-US/docs/Web/HTTP/Status/403",2026-07-17T22:16:04.564509
figaro1854,bd6t586025d,,failed,0,0,,http_manifest,known,403,manifest,"Client error '403 ' for url 'https://openapiproext.bnf.fr/iiif/presentation/v3/ark:/12148/bd6t586025d/manifest.json'
For more information check: https://developer.mozilla.org/en-US/docs/Web/HTTP/Status/403",2026-07-17T22:16:05.813503
figaro1854,bd6t586026r,,failed,0,0,,http_manifest,known,403,manifest,"Client error '403 ' for url 'https://openapiproext.bnf.fr/iiif/presentation/v3/ark:/12148/bd6t586026r/manifest.json'
For more information check: https://developer.mozilla.org/en-US/docs/Web/HTTP/Status/403",2026-07-17T22:16:07.010597
figaro1854,bd6t5860273,,failed,0,0,,http_manifest,known,403,manifest,"Client error '403 ' for url 'https://openapiproext.bnf.fr/iiif/presentation/v3/ark:/12148/bd6t5860273/manifest.json'
For more information check: https://developer.mozilla.org/en-US/docs/Web/HTTP/Status/403",2026-07-17T22:16:08.331969
figaro1854,bd6t586028f,,failed,0,0,,http_manifest,known,403,manifest,"Client error '403 ' for url 'https://openapiproext.bnf.fr/iiif/presentation/v3/ark:/12148/bd6t586028f/manifest.json'
For more information check: https://developer.mozilla.org/en-US/docs/Web/HTTP/Status/403",2026-07-17T22:16:09.431623
figaro1854,bd6t586029s,,failed,0,0,,http_manifest,known,403,manifest,"Client error '403 ' for url 'https://openapiproext.bnf.fr/iiif/presentation/v3/ark:/12148/bd6t586029s/manifest.json'
For more information check: https://developer.mozilla.org/en-US/docs/Web/HTTP/Status/403",2026-07-17T22:16:10.634611
figaro1854,bd6t5860300,,failed,0,0,,http_manifest,known,403,manifest,"Client error '403 ' for url 'https://openapiproext.bnf.fr/iiif/presentation/v3/ark:/12148/bd6t5860300/manifest.json'
For more information check: https://developer.mozilla.org/en-US/docs/Web/HTTP/Status/403",2026-07-17T22:16:11.873088
figaro1854,bd6t586031b,,failed,0,0,,http_manifest,known,403,manifest,"Client error '403 ' for url 'https://openapiproext.bnf.fr/iiif/presentation/v3/ark:/12148/bd6t586031b/manifest.json'
For more information check: https://developer.mozilla.org/en-US/docs/Web/HTTP/Status/403",2026-07-17T22:16:13.277980
figaro1854,bd6t586032p,,failed,0,0,,http_manifest,known,403,manifest,"Client error '403 ' for url 'https://openapiproext.bnf.fr/iiif/presentation/v3/ark:/12148/bd6t586032p/manifest.json'
For more information check: https://developer.mozilla.org/en-US/docs/Web/HTTP/Status/403",2026-07-17T22:16:14.237034
figaro1854,bd6t5860331,,failed,0,0,,http_manifest,known,403,manifest,"Client error '403 ' for url 'https://openapiproext.bnf.fr/iiif/presentation/v3/ark:/12148/bd6t5860331/manifest.json'
For more information check: https://developer.mozilla.org/en-US/docs/Web/HTTP/Status/403",2026-07-17T22:16:15.488115
figaro1854,bd6t586034c,,failed,0,0,,http_manifest,known,403,manifest,"Client error '403 ' for url 'https://openapiproext.bnf.fr/iiif/presentation/v3/ark:/12148/bd6t586034c/manifest.json'
For more information check: https://developer.mozilla.org/en-US/docs/Web/HTTP/Status/403",2026-07-17T22:16:16.622065
figaro1854,bd6t586035q,,failed,0,0,,http_manifest,known,403,manifest,"Client error '403 ' for url 'https://openapiproext.bnf.fr/iiif/presentation/v3/ark:/12148/bd6t586035q/manifest.json'
For more information check: https://developer.mozilla.org/en-US/docs/Web/HTTP/Status/403",2026-07-17T22:16:17.788919
figaro1854,bd6t5860362,,failed,0,0,,http_manifest,known,403,manifest,"Client error '403 ' for url 'https://openapiproext.bnf.fr/iiif/presentation/v3/ark:/12148/bd6t5860362/manifest.json'
For more information check: https://developer.mozilla.org/en-US/docs/Web/HTTP/Status/403",2026-07-17T22:16:19.194775
figaro1854,bd6t586037d,,failed,0,0,,http_manifest,known,403,manifest,"Client error '403 ' for url 'https://openapiproext.bnf.fr/iiif/presentation/v3/ark:/12148/bd6t586037d/manifest.json'
For more information check: https://developer.mozilla.org/en-US/docs/Web/HTTP/Status/403",2026-07-17T22:16:20.189278
figaro1854,bd6t586038r,,failed,0,0,,http_manifest,known,403,manifest,"Client error '403 ' for url 'https://openapiproext.bnf.fr/iiif/presentation/v3/ark:/12148/bd6t586038r/manifest.json'
For more information check: https://developer.mozilla.org/en-US/docs/Web/HTTP/Status/403",2026-07-17T22:16:21.391356
figaro1854,bd6t5860393,,failed,0,0,,http_manifest,known,403,manifest,"Client error '403 ' for url 'https://openapiproext.bnf.fr/iiif/presentation/v3/ark:/12148/bd6t5860393/manifest.json'
For more information check: https://developer.mozilla.org/en-US/docs/Web/HTTP/Status/403",2026-07-17T22:16:22.834624
figaro1854,bd6t5860409,,failed,0,0,,http_manifest,known,403,manifest,"Client error '403 ' for url 'https://openapiproext.bnf.fr/iiif/presentation/v3/ark:/12148/bd6t5860409/manifest.json'
For more information check: https://developer.mozilla.org/en-US/docs/Web/HTTP/Status/403",2026-07-17T22:16:23.906382
figaro1854,bd6t586041n,,failed,0,0,,http_manifest,known,403,manifest,"Client error '403 ' for url 'https://openapiproext.bnf.fr/iiif/presentation/v3/ark:/12148/bd6t586041n/manifest.json'
For more information check: https://developer.mozilla.org/en-US/docs/Web/HTTP/Status/403",2026-07-17T22:16:25.013255
figaro1854,bd6t5860420,,failed,0,0,,http_manifest,known,403,manifest,"Client error '403 ' for url 'https://openapiproext.bnf.fr/iiif/presentation/v3/ark:/12148/bd6t5860420/manifest.json'
For more information check: https://developer.mozilla.org/en-US/docs/Web/HTTP/Status/403",2026-07-17T22:16:26.198689
figaro1854,bd6t586043b,,failed,0,0,,http_manifest,known,403,manifest,"Client error '403 ' for url 'https://openapiproext.bnf.fr/iiif/presentation/v3/ark:/12148/bd6t586043b/manifest.json'
For more information check: https://developer.mozilla.org/en-US/docs/Web/HTTP/Status/403",2026-07-17T22:16:27.399392
figaro1854,bd6t586044p,,failed,0,0,,http_manifest,known,403,manifest,"Client error '403 ' for url 'https://openapiproext.bnf.fr/iiif/presentation/v3/ark:/12148/bd6t586044p/manifest.json'
For more information check: https://developer.mozilla.org/en-US/docs/Web/HTTP/Status/403",2026-07-17T22:16:28.600679
figaro1854,bd6t5860451,,failed,0,0,,http_manifest,known,403,manifest,"Client error '403 ' for url 'https://openapiproext.bnf.fr/iiif/presentation/v3/ark:/12148/bd6t5860451/manifest.json'
For more information check: https://developer.mozilla.org/en-US/docs/Web/HTTP/Status/403",2026-07-17T22:16:29.800071
figaro1854,bd6t586046c,,failed,0,0,,http_manifest,known,403,manifest,"Client error '403 ' for url 'https://openapiproext.bnf.fr/iiif/presentation/v3/ark:/12148/bd6t586046c/manifest.json'
For more information check: https://developer.mozilla.org/en-US/docs/Web/HTTP/Status/403",2026-07-17T22:16:31.004562
figaro1854,bd6t586047q,,failed,0,0,,http_manifest,known,403,manifest,"Client error '403 ' for url 'https://openapiproext.bnf.fr/iiif/presentation/v3/ark:/12148/bd6t586047q/manifest.json'
For more information check: https://developer.mozilla.org/en-US/docs/Web/HTTP/Status/403",2026-07-17T22:16:32.206185
figaro1854,bd6t5860482,,failed,0,0,,http_manifest,known,403,manifest,"Client error '403 ' for url 'https://openapiproext.bnf.fr/iiif/presentation/v3/ark:/12148/bd6t5860482/manifest.json'
For more information check: https://developer.mozilla.org/en-US/docs/Web/HTTP/Status/403",2026-07-17T22:16:33.403366
figaro1854,bd6t586049d,,failed,0,0,,http_manifest,known,403,manifest,"Client error '403 ' for url 'https://openapiproext.bnf.fr/iiif/presentation/v3/ark:/12148/bd6t586049d/manifest.json'
For more information check: https://developer.mozilla.org/en-US/docs/Web/HTTP/Status/403",2026-07-17T22:16:34.638779
figaro1854,bd6t586050m,,failed,0,0,,http_manifest,known,403,manifest,"Client error '403 ' for url 'https://openapiproext.bnf.fr/iiif/presentation/v3/ark:/12148/bd6t586050m/manifest.json'
For more information check: https://developer.mozilla.org/en-US/docs/Web/HTTP/Status/403",2026-07-17T22:16:35.808671
figaro1854,bd6t586051z,,failed,0,0,,http_manifest,known,403,manifest,"Client error '403 ' for url 'https://openapiproext.bnf.fr/iiif/presentation/v3/ark:/12148/bd6t586051z/manifest.json'
For more information check: https://developer.mozilla.org/en-US/docs/Web/HTTP/Status/403",2026-07-17T22:16:37.009897
figaro1854,bd6t5860529,,failed,0,0,,http_manifest,known,403,manifest,"Client error '403 ' for url 'https://openapiproext.bnf.fr/iiif/presentation/v3/ark:/12148/bd6t5860529/manifest.json'
For more information check: https://developer.mozilla.org/en-US/docs/Web/HTTP/Status/403",2026-07-17T22:16:38.209458
figaro1854,bd6t586053n,,failed,0,0,,http_manifest,known,403,manifest,"Client error '403 ' for url 'https://openapiproext.bnf.fr/iiif/presentation/v3/ark:/12148/bd6t586053n/manifest.json'
For more information check: https://developer.mozilla.org/en-US/docs/Web/HTTP/Status/403",2026-07-17T22:16:39.410396
figaro1854,bd6t5860540,,failed,0,0,,http_manifest,known,403,manifest,"Client error '403 ' for url 'https://openapiproext.bnf.fr/iiif/presentation/v3/ark:/12148/bd6t5860540/manifest.json'
For more information check: https://developer.mozilla.org/en-US/docs/Web/HTTP/Status/403",2026-07-17T22:16:40.619569
figaro1854,bd6t586055b,,failed,0,0,,http_manifest,known,403,manifest,"Client error '403 ' for url 'https://openapiproext.bnf.fr/iiif/presentation/v3/ark:/12148/bd6t586055b/manifest.json'
For more information check: https://developer.mozilla.org/en-US/docs/Web/HTTP/Status/403",2026-07-17T22:16:41.818069
figaro1854,bd6t586056p,,failed,0,0,,http_manifest,known,403,manifest,"Client error '403 ' for url 'https://openapiproext.bnf.fr/iiif/presentation/v3/ark:/12148/bd6t586056p/manifest.json'
For more information check: https://developer.mozilla.org/en-US/docs/Web/HTTP/Status/403",2026-07-17T22:16:43.024835
figaro1854,bd6t5860571,,failed,0,0,,http_manifest,known,403,manifest,"Client error '403 ' for url 'https://openapiproext.bnf.fr/iiif/presentation/v3/ark:/12148/bd6t5860571/manifest.json'
For more information check: https://developer.mozilla.org/en-US/docs/Web/HTTP/Status/403",2026-07-17T22:16:44.223199
figaro1854,bd6t586058c,,failed,0,0,,http_manifest,known,403,manifest,"Client error '403 ' for url 'https://openapiproext.bnf.fr/iiif/presentation/v3/ark:/12148/bd6t586058c/manifest.json'
For more information check: https://developer.mozilla.org/en-US/docs/Web/HTTP/Status/403",2026-07-17T22:16:45.422283
figaro1854,bd6t586059q,,failed,0,0,,http_manifest,known,403,manifest,"Client error '403 ' for url 'https://openapiproext.bnf.fr/iiif/presentation/v3/ark:/12148/bd6t586059q/manifest.json'
For more information check: https://developer.mozilla.org/en-US/docs/Web/HTTP/Status/403",2026-07-17T22:16:46.644840
figaro1854,bd6t586060x,,failed,0,0,,http_manifest,known,403,manifest,"Client error '403 ' for url 'https://openapiproext.bnf.fr/iiif/presentation/v3/ark:/12148/bd6t586060x/manifest.json'
For more information check: https://developer.mozilla.org/en-US/docs/Web/HTTP/Status/403",2026-07-17T22:16:47.824763
figaro1854,bd6t5860618,,failed,0,0,,http_manifest,known,403,manifest,"Client error '403 ' for url 'https://openapiproext.bnf.fr/iiif/presentation/v3/ark:/12148/bd6t5860618/manifest.json'
For more information check: https://developer.mozilla.org/en-US/docs/Web/HTTP/Status/403",2026-07-17T22:16:49.037538
figaro1854,bd6t586062m,,failed,0,0,,http_manifest,known,403,manifest,"Client error '403 ' for url 'https://openapiproext.bnf.fr/iiif/presentation/v3/ark:/12148/bd6t586062m/manifest.json'
For more information check: https://developer.mozilla.org/en-US/docs/Web/HTTP/Status/403",2026-07-17T22:16:50.227502
figaro1854,bd6t586063z,,failed,0,0,,http_manifest,known,403,manifest,"Client error '403 ' for url 'https://openapiproext.bnf.fr/iiif/presentation/v3/ark:/12148/bd6t586063z/manifest.json'
For more information check: https://developer.mozilla.org/en-US/docs/Web/HTTP/Status/403",2026-07-17T22:16:51.430620
figaro1854,bd6t5860649,,failed,0,0,,http_manifest,known,403,manifest,"Client error '403 ' for url 'https://openapiproext.bnf.fr/iiif/presentation/v3/ark:/12148/bd6t5860649/manifest.json'
For more information check: https://developer.mozilla.org/en-US/docs/Web/HTTP/Status/403",2026-07-17T22:16:52.655163
figaro1854,bd6t586065n,,failed,0,0,,http_manifest,known,403,manifest,"Client error '403 ' for url 'https://openapiproext.bnf.fr/iiif/presentation/v3/ark:/12148/bd6t586065n/manifest.json'
For more information check: https://developer.mozilla.org/en-US/docs/Web/HTTP/Status/403",2026-07-17T22:16:53.841656
figaro1854,bd6t5860660,,failed,0,0,,http_manifest,known,403,manifest,"Client error '403 ' for url 'https://openapiproext.bnf.fr/iiif/presentation/v3/ark:/12148/bd6t5860660/manifest.json'
For more information check: https://developer.mozilla.org/en-US/docs/Web/HTTP/Status/403",2026-07-17T22:16:55.034576
figaro1854,bd6t586067b,,failed,0,0,,http_manifest,known,403,manifest,"Client error '403 ' for url 'https://openapiproext.bnf.fr/iiif/presentation/v3/ark:/12148/bd6t586067b/manifest.json'
For more information check: https://developer.mozilla.org/en-US/docs/Web/HTTP/Status/403",2026-07-17T22:16:56.244925
figaro1854,bd6t586068p,,failed,0,0,,http_manifest,known,403,manifest,"Client error '403 ' for url 'https://openapiproext.bnf.fr/iiif/presentation/v3/ark:/12148/bd6t586068p/manifest.json'
For more information check: https://developer.mozilla.org/en-US/docs/Web/HTTP/Status/403",2026-07-17T22:16:57.437096
figaro1854,bd6t5860691,,failed,0,0,,http_manifest,known,403,manifest,"Client error '403 ' for url 'https://openapiproext.bnf.fr/iiif/presentation/v3/ark:/12148/bd6t5860691/manifest.json'
For more information check: https://developer.mozilla.org/en-US/docs/Web/HTTP/Status/403",2026-07-17T22:16:58.643669
figaro1854,bd6t5860707,,failed,0,0,,http_manifest,known,403,manifest,"Client error '403 ' for url 'https://openapiproext.bnf.fr/iiif/presentation/v3/ark:/12148/bd6t5860707/manifest.json'
For more information check: https://developer.mozilla.org/en-US/docs/Web/HTTP/Status/403",2026-07-17T22:16:59.840711
figaro1854,bd6t586071k,,failed,0,0,,http_manifest,known,403,manifest,"Client error '403 ' for url 'https://openapiproext.bnf.fr/iiif/presentation/v3/ark:/12148/bd6t586071k/manifest.json'
For more information check: https://developer.mozilla.org/en-US/docs/Web/HTTP/Status/403",2026-07-17T22:17:01.048445
figaro1854,bd6t586072x,,failed,0,0,,http_manifest,known,403,manifest,"Client error '403 ' for url 'https://openapiproext.bnf.fr/iiif/presentation/v3/ark:/12148/bd6t586072x/manifest.json'
For more information check: https://developer.mozilla.org/en-US/docs/Web/HTTP/Status/403",2026-07-17T22:17:02.253041
figaro1854,bd6t5860738,,failed,0,0,,http_manifest,known,403,manifest,"Client error '403 ' for url 'https://openapiproext.bnf.fr/iiif/presentation/v3/ark:/12148/bd6t5860738/manifest.json'
For more information check: https://developer.mozilla.org/en-US/docs/Web/HTTP/Status/403",2026-07-17T22:17:03.448331
figaro1854,bd6t586074m,,failed,0,0,,http_manifest,known,403,manifest,"Client error '403 ' for url 'https://openapiproext.bnf.fr/iiif/presentation/v3/ark:/12148/bd6t586074m/manifest.json'
For more information check: https://developer.mozilla.org/en-US/docs/Web/HTTP/Status/403",2026-07-17T22:17:04.662689
figaro1854,bd6t586075z,,failed,0,0,,http_manifest,known,403,manifest,"Client error '403 ' for url 'https://openapiproext.bnf.fr/iiif/presentation/v3/ark:/12148/bd6t586075z/manifest.json'
For more information check: https://developer.mozilla.org/en-US/docs/Web/HTTP/Status/403",2026-07-17T22:17:05.857517
figaro1854,bd6t5860769,,failed,0,0,,http_manifest,known,403,manifest,"Client error '403 ' for url 'https://openapiproext.bnf.fr/iiif/presentation/v3/ark:/12148/bd6t5860769/manifest.json'
For more information check: https://developer.mozilla.org/en-US/docs/Web/HTTP/Status/403",2026-07-17T22:17:07.117472
figaro1854,bd6t586077n,,failed,0,0,,http_manifest,known,403,manifest,"Client error '403 ' for url 'https://openapiproext.bnf.fr/iiif/presentation/v3/ark:/12148/bd6t586077n/manifest.json'
For more information check: https://developer.mozilla.org/en-US/docs/Web/HTTP/Status/403",2026-07-17T22:17:08.431053
figaro1854,bd6t5860780,,failed,0,0,,http_manifest,known,403,manifest,"Client error '403 ' for url 'https://openapiproext.bnf.fr/iiif/presentation/v3/ark:/12148/bd6t5860780/manifest.json'
For more information check: https://developer.mozilla.org/en-US/docs/Web/HTTP/Status/403",2026-07-17T22:17:09.509191
figaro1854,bd6t586079b,,failed,0,0,,http_manifest,known,403,manifest,"Client error '403 ' for url 'https://openapiproext.bnf.fr/iiif/presentation/v3/ark:/12148/bd6t586079b/manifest.json'
For more information check: https://developer.mozilla.org/en-US/docs/Web/HTTP/Status/403",2026-07-17T22:17:10.839458
figaro1854,bd6t586080j,,failed,0,0,,http_manifest,known,403,manifest,"Client error '403 ' for url 'https://openapiproext.bnf.fr/iiif/presentation/v3/ark:/12148/bd6t586080j/manifest.json'
For more information check: https://developer.mozilla.org/en-US/docs/Web/HTTP/Status/403",2026-07-17T22:17:11.858400
figaro1854,bd6t586081w,,failed,0,0,,http_manifest,known,403,manifest,"Client error '403 ' for url 'https://openapiproext.bnf.fr/iiif/presentation/v3/ark:/12148/bd6t586081w/manifest.json'
For more information check: https://developer.mozilla.org/en-US/docs/Web/HTTP/Status/403",2026-07-17T22:17:13.265287
figaro1854,bd6t5860827,,failed,0,0,,http_manifest,known,403,manifest,"Client error '403 ' for url 'https://openapiproext.bnf.fr/iiif/presentation/v3/ark:/12148/bd6t5860827/manifest.json'
For more information check: https://developer.mozilla.org/en-US/docs/Web/HTTP/Status/403",2026-07-17T22:17:14.520607
figaro1854,bd6t586083k,,failed,0,0,,http_manifest,known,403,manifest,"Client error '403 ' for url 'https://openapiproext.bnf.fr/iiif/presentation/v3/ark:/12148/bd6t586083k/manifest.json'
For more information check: https://developer.mozilla.org/en-US/docs/Web/HTTP/Status/403",2026-07-17T22:17:15.579405
figaro1854,bd6t586084x,,failed,0,0,,http_manifest,known,403,manifest,"Client error '403 ' for url 'https://openapiproext.bnf.fr/iiif/presentation/v3/ark:/12148/bd6t586084x/manifest.json'
For more information check: https://developer.mozilla.org/en-US/docs/Web/HTTP/Status/403",2026-07-17T22:17:16.690166
figaro1854,bd6t5860858,,failed,0,0,,http_manifest,known,403,manifest,"Client error '403 ' for url 'https://openapiproext.bnf.fr/iiif/presentation/v3/ark:/12148/bd6t5860858/manifest.json'
For more information check: https://developer.mozilla.org/en-US/docs/Web/HTTP/Status/403",2026-07-17T22:17:18.166717
figaro1854,bd6t586086m,,failed,0,0,,http_manifest,known,403,manifest,"Client error '403 ' for url 'https://openapiproext.bnf.fr/iiif/presentation/v3/ark:/12148/bd6t586086m/manifest.json'
For more information check: https://developer.mozilla.org/en-US/docs/Web/HTTP/Status/403",2026-07-17T22:17:19.167304
figaro1854,bd6t586087z,,failed,0,0,,http_manifest,known,403,manifest,"Client error '403 ' for url 'https://openapiproext.bnf.fr/iiif/presentation/v3/ark:/12148/bd6t586087z/manifest.json'
For more information check: https://developer.mozilla.org/en-US/docs/Web/HTTP/Status/403",2026-07-17T22:17:20.267309
figaro1854,bd6t5860889,,failed,0,0,,http_manifest,known,403,manifest,"Client error '403 ' for url 'https://openapiproext.bnf.fr/iiif/presentation/v3/ark:/12148/bd6t5860889/manifest.json'
For more information check: https://developer.mozilla.org/en-US/docs/Web/HTTP/Status/403",2026-07-17T22:17:21.470773
figaro1854,bd6t586089n,,failed,0,0,,http_manifest,known,403,manifest,"Client error '403 ' for url 'https://openapiproext.bnf.fr/iiif/presentation/v3/ark:/12148/bd6t586089n/manifest.json'
For more information check: https://developer.mozilla.org/en-US/docs/Web/HTTP/Status/403",2026-07-17T22:17:22.723226
figaro1854,bd6t586090v,,failed,0,0,,http_manifest,known,403,manifest,"Client error '403 ' for url 'https://openapiproext.bnf.fr/iiif/presentation/v3/ark:/12148/bd6t586090v/manifest.json'
For more information check: https://developer.mozilla.org/en-US/docs/Web/HTTP/Status/403",2026-07-17T22:17:24.018640
figaro1854,bd6t586949w,,failed,0,0,,http_manifest,known,403,manifest,"Client error '403 ' for url 'https://openapiproext.bnf.fr/iiif/presentation/v3/ark:/12148/bd6t586949w/manifest.json'
For more information check: https://developer.mozilla.org/en-US/docs/Web/HTTP/Status/403",2026-07-17T22:17:25.071995
figaro1854,bd6t5869503,,failed,0,0,,http_manifest,known,403,manifest,"Client error '403 ' for url 'https://openapiproext.bnf.fr/iiif/presentation/v3/ark:/12148/bd6t5869503/manifest.json'
For more information check: https://developer.mozilla.org/en-US/docs/Web/HTTP/Status/403",2026-07-17T22:17:26.271936
figaro1854,bd6t586951f,,failed,0,0,,http_manifest,known,403,manifest,"Client error '403 ' for url 'https://openapiproext.bnf.fr/iiif/presentation/v3/ark:/12148/bd6t586951f/manifest.json'
For more information check: https://developer.mozilla.org/en-US/docs/Web/HTTP/Status/403",2026-07-17T22:17:27.478997
figaro1854,bd6t586952s,,failed,0,0,,http_manifest,known,403,manifest,"Client error '403 ' for url 'https://openapiproext.bnf.fr/iiif/presentation/v3/ark:/12148/bd6t586952s/manifest.json'
For more information check: https://developer.mozilla.org/en-US/docs/Web/HTTP/Status/403",2026-07-17T22:17:28.684998
figaro1854,bd6t5869534,,failed,0,0,,http_manifest,known,403,manifest,"Client error '403 ' for url 'https://openapiproext.bnf.fr/iiif/presentation/v3/ark:/12148/bd6t5869534/manifest.json'
For more information check: https://developer.mozilla.org/en-US/docs/Web/HTTP/Status/403",2026-07-17T22:17:29.877863
figaro1854,bd6t586954g,,failed,0,0,,http_manifest,known,403,manifest,"Client error '403 ' for url 'https://openapiproext.bnf.fr/iiif/presentation/v3/ark:/12148/bd6t586954g/manifest.json'
For more information check: https://developer.mozilla.org/en-US/docs/Web/HTTP/Status/403",2026-07-17T22:17:31.081667
figaro1854,bd6t586955t,,failed,0,0,,http_manifest,known,403,manifest,"Client error '403 ' for url 'https://openapiproext.bnf.fr/iiif/presentation/v3/ark:/12148/bd6t586955t/manifest.json'
For more information check: https://developer.mozilla.org/en-US/docs/Web/HTTP/Status/403",2026-07-17T22:17:32.286907
figaro1854,bd6t5869565,,failed,0,0,,http_manifest,known,403,manifest,"Client error '403 ' for url 'https://openapiproext.bnf.fr/iiif/presentation/v3/ark:/12148/bd6t5869565/manifest.json'
For more information check: https://developer.mozilla.org/en-US/docs/Web/HTTP/Status/403",2026-07-17T22:17:33.484969
figaro1854,bd6t586957h,,failed,0,0,,http_manifest,known,403,manifest,"Client error '403 ' for url 'https://openapiproext.bnf.fr/iiif/presentation/v3/ark:/12148/bd6t586957h/manifest.json'
For more information check: https://developer.mozilla.org/en-US/docs/Web/HTTP/Status/403",2026-07-17T22:17:34.713364
figaro1854,bd6t586958v,,failed,0,0,,http_manifest,known,403,manifest,"Client error '403 ' for url 'https://openapiproext.bnf.fr/iiif/presentation/v3/ark:/12148/bd6t586958v/manifest.json'
For more information check: https://developer.mozilla.org/en-US/docs/Web/HTTP/Status/403",2026-07-17T22:17:35.886838
figaro1854,bd6t5869596,,failed,0,0,,http_manifest,known,403,manifest,"Client error '403 ' for url 'https://openapiproext.bnf.fr/iiif/presentation/v3/ark:/12148/bd6t5869596/manifest.json'
For more information check: https://developer.mozilla.org/en-US/docs/Web/HTTP/Status/403",2026-07-17T22:17:37.083619
figaro1854,bd6t586960d,,failed,0,0,,http_manifest,known,403,manifest,"Client error '403 ' for url 'https://openapiproext.bnf.fr/iiif/presentation/v3/ark:/12148/bd6t586960d/manifest.json'
For more information check: https://developer.mozilla.org/en-US/docs/Web/HTTP/Status/403",2026-07-17T22:17:38.292177
figaro1854,bd6t586961r,,failed,0,0,,http_manifest,known,403,manifest,"Client error '403 ' for url 'https://openapiproext.bnf.fr/iiif/presentation/v3/ark:/12148/bd6t586961r/manifest.json'
For more information check: https://developer.mozilla.org/en-US/docs/Web/HTTP/Status/403",2026-07-17T22:17:39.492132
figaro1854,bd6t5869623,,failed,0,0,,http_manifest,known,403,manifest,"Client error '403 ' for url 'https://openapiproext.bnf.fr/iiif/presentation/v3/ark:/12148/bd6t5869623/manifest.json'
For more information check: https://developer.mozilla.org/en-US/docs/Web/HTTP/Status/403",2026-07-17T22:17:40.692123
figaro1854,bd6t586963f,,failed,0,0,,http_manifest,known,403,manifest,"Client error '403 ' for url 'https://openapiproext.bnf.fr/iiif/presentation/v3/ark:/12148/bd6t586963f/manifest.json'
For more information check: https://developer.mozilla.org/en-US/docs/Web/HTTP/Status/403",2026-07-17T22:17:41.894722
figaro1854,bd6t586964s,,failed,0,0,,http_manifest,known,403,manifest,"Client error '403 ' for url 'https://openapiproext.bnf.fr/iiif/presentation/v3/ark:/12148/bd6t586964s/manifest.json'
For more information check: https://developer.mozilla.org/en-US/docs/Web/HTTP/Status/403",2026-07-17T22:17:43.094843
figaro1854,bd6t5869654,,failed,0,0,,http_manifest,known,403,manifest,"Client error '403 ' for url 'https://openapiproext.bnf.fr/iiif/presentation/v3/ark:/12148/bd6t5869654/manifest.json'
For more information check: https://developer.mozilla.org/en-US/docs/Web/HTTP/Status/403",2026-07-17T22:17:44.301108
figaro1854,bd6t586966g,,failed,0,0,,http_manifest,known,403,manifest,"Client error '403 ' for url 'https://openapiproext.bnf.fr/iiif/presentation/v3/ark:/12148/bd6t586966g/manifest.json'
For more information check: https://developer.mozilla.org/en-US/docs/Web/HTTP/Status/403",2026-07-17T22:17:45.502751
figaro1854,bd6t586967t,,failed,0,0,,http_manifest,known,403,manifest,"Client error '403 ' for url 'https://openapiproext.bnf.fr/iiif/presentation/v3/ark:/12148/bd6t586967t/manifest.json'
For more information check: https://developer.mozilla.org/en-US/docs/Web/HTTP/Status/403",2026-07-17T22:17:46.730714
figaro1854,bd6t5869685,,failed,0,0,,http_manifest,known,403,manifest,"Client error '403 ' for url 'https://openapiproext.bnf.fr/iiif/presentation/v3/ark:/12148/bd6t5869685/manifest.json'
For more information check: https://developer.mozilla.org/en-US/docs/Web/HTTP/Status/403",2026-07-17T22:17:47.908128
figaro1854,bd6t586969h,,failed,0,0,,http_manifest,known,403,manifest,"Client error '403 ' for url 'https://openapiproext.bnf.fr/iiif/presentation/v3/ark:/12148/bd6t586969h/manifest.json'
For more information check: https://developer.mozilla.org/en-US/docs/Web/HTTP/Status/403",2026-07-17T22:17:49.115438
figaro1854,bd6t586970q,,failed,0,0,,http_manifest,known,403,manifest,"Client error '403 ' for url 'https://openapiproext.bnf.fr/iiif/presentation/v3/ark:/12148/bd6t586970q/manifest.json'
For more information check: https://developer.mozilla.org/en-US/docs/Web/HTTP/Status/403",2026-07-17T22:17:50.302198
figaro1854,bd6t5869712,,failed,0,0,,http_manifest,known,403,manifest,"Client error '403 ' for url 'https://openapiproext.bnf.fr/iiif/presentation/v3/ark:/12148/bd6t5869712/manifest.json'
For more information check: https://developer.mozilla.org/en-US/docs/Web/HTTP/Status/403",2026-07-17T22:17:51.520195
figaro1854,bd6t586972d,,failed,0,0,,http_manifest,known,403,manifest,"Client error '403 ' for url 'https://openapiproext.bnf.fr/iiif/presentation/v3/ark:/12148/bd6t586972d/manifest.json'
For more information check: https://developer.mozilla.org/en-US/docs/Web/HTTP/Status/403",2026-07-17T22:17:52.728327
figaro1854,bd6t586973r,,failed,0,0,,http_manifest,known,403,manifest,"Client error '403 ' for url 'https://openapiproext.bnf.fr/iiif/presentation/v3/ark:/12148/bd6t586973r/manifest.json'
For more information check: https://developer.mozilla.org/en-US/docs/Web/HTTP/Status/403",2026-07-17T22:17:53.912537
figaro1854,bd6t5869743,,failed,0,0,,http_manifest,known,403,manifest,"Client error '403 ' for url 'https://openapiproext.bnf.fr/iiif/presentation/v3/ark:/12148/bd6t5869743/manifest.json'
For more information check: https://developer.mozilla.org/en-US/docs/Web/HTTP/Status/403",2026-07-17T22:17:55.114731
figaro1854,bd6t586975f,,failed,0,0,,http_manifest,known,403,manifest,"Client error '403 ' for url 'https://openapiproext.bnf.fr/iiif/presentation/v3/ark:/12148/bd6t586975f/manifest.json'
For more information check: https://developer.mozilla.org/en-US/docs/Web/HTTP/Status/403",2026-07-17T22:17:56.323419
figaro1854,bd6t586976s,,failed,0,0,,http_manifest,known,403,manifest,"Client error '403 ' for url 'https://openapiproext.bnf.fr/iiif/presentation/v3/ark:/12148/bd6t586976s/manifest.json'
For more information check: https://developer.mozilla.org/en-US/docs/Web/HTTP/Status/403",2026-07-17T22:17:57.522459
figaro1854,bd6t5869774,,failed,0,0,,http_manifest,known,403,manifest,"Client error '403 ' for url 'https://openapiproext.bnf.fr/iiif/presentation/v3/ark:/12148/bd6t5869774/manifest.json'
For more information check: https://developer.mozilla.org/en-US/docs/Web/HTTP/Status/403",2026-07-17T22:17:58.726492
figaro1854,bd6t586978g,,failed,0,0,,http_manifest,known,403,manifest,"Client error '403 ' for url 'https://openapiproext.bnf.fr/iiif/presentation/v3/ark:/12148/bd6t586978g/manifest.json'
For more information check: https://developer.mozilla.org/en-US/docs/Web/HTTP/Status/403",2026-07-17T22:17:59.921519
figaro1854,bd6t586979t,,failed,0,0,,http_manifest,known,403,manifest,"Client error '403 ' for url 'https://openapiproext.bnf.fr/iiif/presentation/v3/ark:/12148/bd6t586979t/manifest.json'
For more information check: https://developer.mozilla.org/en-US/docs/Web/HTTP/Status/403",2026-07-17T22:18:01.124487
figaro1854,bd6t5869801,,failed,0,0,,http_manifest,known,403,manifest,"Client error '403 ' for url 'https://openapiproext.bnf.fr/iiif/presentation/v3/ark:/12148/bd6t5869801/manifest.json'
For more information check: https://developer.mozilla.org/en-US/docs/Web/HTTP/Status/403",2026-07-17T22:18:02.324642
figaro1854,bd6t586981c,,failed,0,0,,http_manifest,known,403,manifest,"Client error '403 ' for url 'https://openapiproext.bnf.fr/iiif/presentation/v3/ark:/12148/bd6t586981c/manifest.json'
For more information check: https://developer.mozilla.org/en-US/docs/Web/HTTP/Status/403",2026-07-17T22:18:03.534607
figaro1854,bd6t586982q,,failed,0,0,,http_manifest,known,403,manifest,"Client error '403 ' for url 'https://openapiproext.bnf.fr/iiif/presentation/v3/ark:/12148/bd6t586982q/manifest.json'
For more information check: https://developer.mozilla.org/en-US/docs/Web/HTTP/Status/403",2026-07-17T22:18:04.754142
figaro1854,bd6t5869832,,failed,0,0,,http_manifest,known,403,manifest,"Client error '403 ' for url 'https://openapiproext.bnf.fr/iiif/presentation/v3/ark:/12148/bd6t5869832/manifest.json'
For more information check: https://developer.mozilla.org/en-US/docs/Web/HTTP/Status/403",2026-07-17T22:18:05.943174
figaro1854,bd6t586984d,,failed,0,0,,http_manifest,known,403,manifest,"Client error '403 ' for url 'https://openapiproext.bnf.fr/iiif/presentation/v3/ark:/12148/bd6t586984d/manifest.json'
For more information check: https://developer.mozilla.org/en-US/docs/Web/HTTP/Status/403",2026-07-17T22:18:07.415304
figaro1854,bd6t586985r,,failed,0,0,,http_manifest,known,403,manifest,"Client error '403 ' for url 'https://openapiproext.bnf.fr/iiif/presentation/v3/ark:/12148/bd6t586985r/manifest.json'
For more information check: https://developer.mozilla.org/en-US/docs/Web/HTTP/Status/403",2026-07-17T22:18:08.421697
figaro1854,bd6t5869863,,failed,0,0,,http_manifest,known,403,manifest,"Client error '403 ' for url 'https://openapiproext.bnf.fr/iiif/presentation/v3/ark:/12148/bd6t5869863/manifest.json'
For more information check: https://developer.mozilla.org/en-US/docs/Web/HTTP/Status/403",2026-07-17T22:18:09.611140
figaro1854,bd6t586987f,,failed,0,0,,http_manifest,known,403,manifest,"Client error '403 ' for url 'https://openapiproext.bnf.fr/iiif/presentation/v3/ark:/12148/bd6t586987f/manifest.json'
For more information check: https://developer.mozilla.org/en-US/docs/Web/HTTP/Status/403",2026-07-17T22:18:10.904995
figaro1854,bd6t587188t,,failed,0,0,,http_manifest,known,403,manifest,"Client error '403 ' for url 'https://openapiproext.bnf.fr/iiif/presentation/v3/ark:/12148/bd6t587188t/manifest.json'
For more information check: https://developer.mozilla.org/en-US/docs/Web/HTTP/Status/403",2026-07-17T22:18:11.933541
figaro1854,bd6t5871895,,failed,0,0,,http_manifest,known,403,manifest,"Client error '403 ' for url 'https://openapiproext.bnf.fr/iiif/presentation/v3/ark:/12148/bd6t5871895/manifest.json'
For more information check: https://developer.mozilla.org/en-US/docs/Web/HTTP/Status/403",2026-07-17T22:18:13.300835
figaro1854,bd6t587190c,,failed,0,0,,http_manifest,known,403,manifest,"Client error '403 ' for url 'https://openapiproext.bnf.fr/iiif/presentation/v3/ark:/12148/bd6t587190c/manifest.json'
For more information check: https://developer.mozilla.org/en-US/docs/Web/HTTP/Status/403",2026-07-17T22:18:14.408178
figaro1854,bd6t587191q,,failed,0,0,,http_manifest,known,403,manifest,"Client error '403 ' for url 'https://openapiproext.bnf.fr/iiif/presentation/v3/ark:/12148/bd6t587191q/manifest.json'
For more information check: https://developer.mozilla.org/en-US/docs/Web/HTTP/Status/403",2026-07-17T22:18:15.554287
figaro1854,bd6t5871922,,failed,0,0,,http_manifest,known,403,manifest,"Client error '403 ' for url 'https://openapiproext.bnf.fr/iiif/presentation/v3/ark:/12148/bd6t5871922/manifest.json'
For more information check: https://developer.mozilla.org/en-US/docs/Web/HTTP/Status/403",2026-07-17T22:18:16.748837
figaro1854,bd6t587193d,,failed,0,0,,http_manifest,known,403,manifest,"Client error '403 ' for url 'https://openapiproext.bnf.fr/iiif/presentation/v3/ark:/12148/bd6t587193d/manifest.json'
For more information check: https://developer.mozilla.org/en-US/docs/Web/HTTP/Status/403",2026-07-17T22:18:17.943961
figaro1854,bd6t587194r,,failed,0,0,,http_manifest,known,403,manifest,"Client error '403 ' for url 'https://openapiproext.bnf.fr/iiif/presentation/v3/ark:/12148/bd6t587194r/manifest.json'
For more information check: https://developer.mozilla.org/en-US/docs/Web/HTTP/Status/403",2026-07-17T22:18:19.293001
figaro1854,bd6t5871953,,failed,0,0,,http_manifest,known,403,manifest,"Client error '403 ' for url 'https://openapiproext.bnf.fr/iiif/presentation/v3/ark:/12148/bd6t5871953/manifest.json'
For more information check: https://developer.mozilla.org/en-US/docs/Web/HTTP/Status/403",2026-07-17T22:18:20.433854
figaro1854,bd6t587196f,,failed,0,0,,http_manifest,known,403,manifest,"Client error '403 ' for url 'https://openapiproext.bnf.fr/iiif/presentation/v3/ark:/12148/bd6t587196f/manifest.json'
For more information check: https://developer.mozilla.org/en-US/docs/Web/HTTP/Status/403",2026-07-17T22:18:21.556271
figaro1854,bd6t587197s,,failed,0,0,,http_manifest,known,403,manifest,"Client error '403 ' for url 'https://openapiproext.bnf.fr/iiif/presentation/v3/ark:/12148/bd6t587197s/manifest.json'
For more information check: https://developer.mozilla.org/en-US/docs/Web/HTTP/Status/403",2026-07-17T22:18:22.750227
figaro1854,bd6t5871984,,failed,0,0,,http_manifest,known,403,manifest,"Client error '403 ' for url 'https://openapiproext.bnf.fr/iiif/presentation/v3/ark:/12148/bd6t5871984/manifest.json'
For more information check: https://developer.mozilla.org/en-US/docs/Web/HTTP/Status/403",2026-07-17T22:18:23.954957
figaro1854,bd6t587199g,,failed,0,0,,http_manifest,known,403,manifest,"Client error '403 ' for url 'https://openapiproext.bnf.fr/iiif/presentation/v3/ark:/12148/bd6t587199g/manifest.json'
For more information check: https://developer.mozilla.org/en-US/docs/Web/HTTP/Status/403",2026-07-17T22:18:25.173990
figaro1854,bd6t587200v,,failed,0,0,,http_manifest,known,403,manifest,"Client error '403 ' for url 'https://openapiproext.bnf.fr/iiif/presentation/v3/ark:/12148/bd6t587200v/manifest.json'
For more information check: https://developer.mozilla.org/en-US/docs/Web/HTTP/Status/403",2026-07-17T22:18:26.490330
figaro1854,bd6t5872016,,failed,0,0,,http_manifest,known,403,manifest,"Client error '403 ' for url 'https://openapiproext.bnf.fr/iiif/presentation/v3/ark:/12148/bd6t5872016/manifest.json'
For more information check: https://developer.mozilla.org/en-US/docs/Web/HTTP/Status/403",2026-07-17T22:18:27.713581
figaro1854,bd6t587202j,,failed,0,0,,http_manifest,known,403,manifest,"Client error '403 ' for url 'https://openapiproext.bnf.fr/iiif/presentation/v3/ark:/12148/bd6t587202j/manifest.json'
For more information check: https://developer.mozilla.org/en-US/docs/Web/HTTP/Status/403",2026-07-17T22:18:28.758692
figaro1854,bd6t587203w,,failed,0,0,,http_manifest,known,403,manifest,"Client error '403 ' for url 'https://openapiproext.bnf.fr/iiif/presentation/v3/ark:/12148/bd6t587203w/manifest.json'
For more information check: https://developer.mozilla.org/en-US/docs/Web/HTTP/Status/403",2026-07-17T22:18:29.962060
figaro1854,bd6t5872047,,failed,0,0,,http_manifest,known,403,manifest,"Client error '403 ' for url 'https://openapiproext.bnf.fr/iiif/presentation/v3/ark:/12148/bd6t5872047/manifest.json'
For more information check: https://developer.mozilla.org/en-US/docs/Web/HTTP/Status/403",2026-07-17T22:18:31.193144
figaro1854,bd6t587205k,,failed,0,0,,http_manifest,known,403,manifest,"Client error '403 ' for url 'https://openapiproext.bnf.fr/iiif/presentation/v3/ark:/12148/bd6t587205k/manifest.json'
For more information check: https://developer.mozilla.org/en-US/docs/Web/HTTP/Status/403",2026-07-17T22:18:32.362004
figaro1854,bd6t587206x,,failed,0,0,,http_manifest,known,403,manifest,"Client error '403 ' for url 'https://openapiproext.bnf.fr/iiif/presentation/v3/ark:/12148/bd6t587206x/manifest.json'
For more information check: https://developer.mozilla.org/en-US/docs/Web/HTTP/Status/403",2026-07-17T22:18:33.566699
figaro1854,bd6t5872078,,failed,0,0,,http_manifest,known,403,manifest,"Client error '403 ' for url 'https://openapiproext.bnf.fr/iiif/presentation/v3/ark:/12148/bd6t5872078/manifest.json'
For more information check: https://developer.mozilla.org/en-US/docs/Web/HTTP/Status/403",2026-07-17T22:18:34.771015
figaro1854,bd6t587208m,,failed,0,0,,http_manifest,known,403,manifest,"Client error '403 ' for url 'https://openapiproext.bnf.fr/iiif/presentation/v3/ark:/12148/bd6t587208m/manifest.json'
For more information check: https://developer.mozilla.org/en-US/docs/Web/HTTP/Status/403",2026-07-17T22:18:35.977004
figaro1854,bd6t587209z,,failed,0,0,,http_manifest,known,403,manifest,"Client error '403 ' for url 'https://openapiproext.bnf.fr/iiif/presentation/v3/ark:/12148/bd6t587209z/manifest.json'
For more information check: https://developer.mozilla.org/en-US/docs/Web/HTTP/Status/403",2026-07-17T22:18:37.172573
figaro1854,bd6t5872105,,failed,0,0,,http_manifest,known,403,manifest,"Client error '403 ' for url 'https://openapiproext.bnf.fr/iiif/presentation/v3/ark:/12148/bd6t5872105/manifest.json'
For more information check: https://developer.mozilla.org/en-US/docs/Web/HTTP/Status/403",2026-07-17T22:18:38.378696
figaro1854,bd6t587211h,,failed,0,0,,http_manifest,known,403,manifest,"Client error '403 ' for url 'https://openapiproext.bnf.fr/iiif/presentation/v3/ark:/12148/bd6t587211h/manifest.json'
For more information check: https://developer.mozilla.org/en-US/docs/Web/HTTP/Status/403",2026-07-17T22:18:39.579817
figaro1854,bd6t587212v,,failed,0,0,,http_manifest,known,403,manifest,"Client error '403 ' for url 'https://openapiproext.bnf.fr/iiif/presentation/v3/ark:/12148/bd6t587212v/manifest.json'
For more information check: https://developer.mozilla.org/en-US/docs/Web/HTTP/Status/403",2026-07-17T22:18:40.782161
figaro1854,bd6t5872136,,failed,0,0,,http_manifest,known,403,manifest,"Client error '403 ' for url 'https://openapiproext.bnf.fr/iiif/presentation/v3/ark:/12148/bd6t5872136/manifest.json'
For more information check: https://developer.mozilla.org/en-US/docs/Web/HTTP/Status/403",2026-07-17T22:18:41.979174
figaro1854,bd6t587214j,,failed,0,0,,http_manifest,known,403,manifest,"Client error '403 ' for url 'https://openapiproext.bnf.fr/iiif/presentation/v3/ark:/12148/bd6t587214j/manifest.json'
For more information check: https://developer.mozilla.org/en-US/docs/Web/HTTP/Status/403",2026-07-17T22:18:43.179979
figaro1854,bd6t587215w,,failed,0,0,,http_manifest,known,403,manifest,"Client error '403 ' for url 'https://openapiproext.bnf.fr/iiif/presentation/v3/ark:/12148/bd6t587215w/manifest.json'
For more information check: https://developer.mozilla.org/en-US/docs/Web/HTTP/Status/403",2026-07-17T22:18:44.381064
figaro1854,bd6t5872167,,failed,0,0,,http_manifest,known,403,manifest,"Client error '403 ' for url 'https://openapiproext.bnf.fr/iiif/presentation/v3/ark:/12148/bd6t5872167/manifest.json'
For more information check: https://developer.mozilla.org/en-US/docs/Web/HTTP/Status/403",2026-07-17T22:18:45.580385
figaro1854,bd6t587217k,,failed,0,0,,http_manifest,known,403,manifest,"Client error '403 ' for url 'https://openapiproext.bnf.fr/iiif/presentation/v3/ark:/12148/bd6t587217k/manifest.json'
For more information check: https://developer.mozilla.org/en-US/docs/Web/HTTP/Status/403",2026-07-17T22:18:46.785809
figaro1854,bd6t587218x,,failed,0,0,,http_manifest,known,403,manifest,"Client error '403 ' for url 'https://openapiproext.bnf.fr/iiif/presentation/v3/ark:/12148/bd6t587218x/manifest.json'
For more information check: https://developer.mozilla.org/en-US/docs/Web/HTTP/Status/403",2026-07-17T22:18:47.994660
figaro1854,bd6t5872198,,failed,0,0,,http_manifest,known,403,manifest,"Client error '403 ' for url 'https://openapiproext.bnf.fr/iiif/presentation/v3/ark:/12148/bd6t5872198/manifest.json'
For more information check: https://developer.mozilla.org/en-US/docs/Web/HTTP/Status/403",2026-07-17T22:18:49.201446
figaro1854,bd6t587220g,,failed,0,0,,http_manifest,known,403,manifest,"Client error '403 ' for url 'https://openapiproext.bnf.fr/iiif/presentation/v3/ark:/12148/bd6t587220g/manifest.json'
For more information check: https://developer.mozilla.org/en-US/docs/Web/HTTP/Status/403",2026-07-17T22:18:50.396576
figaro1854,bd6t587221t,,failed,0,0,,http_manifest,known,403,manifest,"Client error '403 ' for url 'https://openapiproext.bnf.fr/iiif/presentation/v3/ark:/12148/bd6t587221t/manifest.json'
For more information check: https://developer.mozilla.org/en-US/docs/Web/HTTP/Status/403",2026-07-17T22:18:51.595685
figaro1854,bd6t5872225,,failed,0,0,,http_manifest,known,403,manifest,"Client error '403 ' for url 'https://openapiproext.bnf.fr/iiif/presentation/v3/ark:/12148/bd6t5872225/manifest.json'
For more information check: https://developer.mozilla.org/en-US/docs/Web/HTTP/Status/403",2026-07-17T22:18:52.806258
figaro1854,bd6t587223h,,failed,0,0,,http_manifest,known,403,manifest,"Client error '403 ' for url 'https://openapiproext.bnf.fr/iiif/presentation/v3/ark:/12148/bd6t587223h/manifest.json'
For more information check: https://developer.mozilla.org/en-US/docs/Web/HTTP/Status/403",2026-07-17T22:18:54.003712
figaro1854,bd6t587224v,,failed,0,0,,http_manifest,known,403,manifest,"Client error '403 ' for url 'https://openapiproext.bnf.fr/iiif/presentation/v3/ark:/12148/bd6t587224v/manifest.json'
For more information check: https://developer.mozilla.org/en-US/docs/Web/HTTP/Status/403",2026-07-17T22:18:55.221240
figaro1854,bd6t5872256,,failed,0,0,,http_manifest,known,403,manifest,"Client error '403 ' for url 'https://openapiproext.bnf.fr/iiif/presentation/v3/ark:/12148/bd6t5872256/manifest.json'
For more information check: https://developer.mozilla.org/en-US/docs/Web/HTTP/Status/403",2026-07-17T22:18:56.398592
figaro1854,bd6t587226j,,failed,0,0,,http_manifest,known,403,manifest,"Client error '403 ' for url 'https://openapiproext.bnf.fr/iiif/presentation/v3/ark:/12148/bd6t587226j/manifest.json'
For more information check: https://developer.mozilla.org/en-US/docs/Web/HTTP/Status/403",2026-07-17T22:18:57.603589
figaro1854,bd6t587227w,,failed,0,0,,http_manifest,known,403,manifest,"Client error '403 ' for url 'https://openapiproext.bnf.fr/iiif/presentation/v3/ark:/12148/bd6t587227w/manifest.json'
For more information check: https://developer.mozilla.org/en-US/docs/Web/HTTP/Status/403",2026-07-17T22:18:58.803299
figaro1854,bd6t5861699,,failed,0,0,,http_manifest,known,403,manifest,"Client error '403 ' for url 'https://openapiproext.bnf.fr/iiif/presentation/v3/ark:/12148/bd6t5861699/manifest.json'
For more information check: https://developer.mozilla.org/en-US/docs/Web/HTTP/Status/403",2026-07-17T22:19:00.004658
figaro1854,bd6t586170h,,failed,0,0,,http_manifest,known,403,manifest,"Client error '403 ' for url 'https://openapiproext.bnf.fr/iiif/presentation/v3/ark:/12148/bd6t586170h/manifest.json'
For more information check: https://developer.mozilla.org/en-US/docs/Web/HTTP/Status/403",2026-07-17T22:19:01.225941
figaro1854,bd6t586171v,,failed,0,0,,http_manifest,known,403,manifest,"Client error '403 ' for url 'https://openapiproext.bnf.fr/iiif/presentation/v3/ark:/12148/bd6t586171v/manifest.json'
For more information check: https://developer.mozilla.org/en-US/docs/Web/HTTP/Status/403",2026-07-17T22:19:02.405634
figaro1854,bd6t5861726,,failed,0,0,,http_manifest,known,403,manifest,"Client error '403 ' for url 'https://openapiproext.bnf.fr/iiif/presentation/v3/ark:/12148/bd6t5861726/manifest.json'
For more information check: https://developer.mozilla.org/en-US/docs/Web/HTTP/Status/403",2026-07-17T22:19:03.606481
figaro1854,bd6t586173j,,failed,0,0,,http_manifest,known,403,manifest,"Client error '403 ' for url 'https://openapiproext.bnf.fr/iiif/presentation/v3/ark:/12148/bd6t586173j/manifest.json'
For more information check: https://developer.mozilla.org/en-US/docs/Web/HTTP/Status/403",2026-07-17T22:19:04.808527
figaro1854,bd6t586174w,,failed,0,0,,http_manifest,known,403,manifest,"Client error '403 ' for url 'https://openapiproext.bnf.fr/iiif/presentation/v3/ark:/12148/bd6t586174w/manifest.json'
For more information check: https://developer.mozilla.org/en-US/docs/Web/HTTP/Status/403",2026-07-17T22:19:06.013293
figaro1854,bd6t586176k,,failed,0,0,,http_manifest,known,403,manifest,"Client error '403 ' for url 'https://openapiproext.bnf.fr/iiif/presentation/v3/ark:/12148/bd6t586176k/manifest.json'
For more information check: https://developer.mozilla.org/en-US/docs/Web/HTTP/Status/403",2026-07-17T22:19:07.434224
figaro1854,bd6t5861757,,failed,0,0,,http_manifest,known,403,manifest,"Client error '403 ' for url 'https://openapiproext.bnf.fr/iiif/presentation/v3/ark:/12148/bd6t5861757/manifest.json'
For more information check: https://developer.mozilla.org/en-US/docs/Web/HTTP/Status/403",2026-07-17T22:19:08.607298
figaro1854,bd6t586177x,,failed,0,0,,http_manifest,known,403,manifest,"Client error '403 ' for url 'https://openapiproext.bnf.fr/iiif/presentation/v3/ark:/12148/bd6t586177x/manifest.json'
For more information check: https://developer.mozilla.org/en-US/docs/Web/HTTP/Status/403",2026-07-17T22:19:09.616085
figaro1854,bd6t5861788,,failed,0,0,,http_manifest,known,403,manifest,"Client error '403 ' for url 'https://openapiproext.bnf.fr/iiif/presentation/v3/ark:/12148/bd6t5861788/manifest.json'
For more information check: https://developer.mozilla.org/en-US/docs/Web/HTTP/Status/403",2026-07-17T22:19:11.001559
figaro1854,bd6t586179m,,failed,0,0,,http_manifest,known,403,manifest,"Client error '403 ' for url 'https://openapiproext.bnf.fr/iiif/presentation/v3/ark:/12148/bd6t586179m/manifest.json'
For more information check: https://developer.mozilla.org/en-US/docs/Web/HTTP/Status/403",2026-07-17T22:19:12.023956
figaro1854,bd6t586180t,,failed,0,0,,http_manifest,known,403,manifest,"Client error '403 ' for url 'https://openapiproext.bnf.fr/iiif/presentation/v3/ark:/12148/bd6t586180t/manifest.json'
For more information check: https://developer.mozilla.org/en-US/docs/Web/HTTP/Status/403",2026-07-17T22:19:13.330655
figaro1854,bd6t5861815,,failed,0,0,,http_manifest,known,403,manifest,"Client error '403 ' for url 'https://openapiproext.bnf.fr/iiif/presentation/v3/ark:/12148/bd6t5861815/manifest.json'
For more information check: https://developer.mozilla.org/en-US/docs/Web/HTTP/Status/403",2026-07-17T22:19:14.719654
figaro1854,bd6t586182h,,failed,0,0,,http_manifest,known,403,manifest,"Client error '403 ' for url 'https://openapiproext.bnf.fr/iiif/presentation/v3/ark:/12148/bd6t586182h/manifest.json'
For more information check: https://developer.mozilla.org/en-US/docs/Web/HTTP/Status/403",2026-07-17T22:19:15.806458
figaro1854,bd6t586183v,,failed,0,0,,http_manifest,known,403,manifest,"Client error '403 ' for url 'https://openapiproext.bnf.fr/iiif/presentation/v3/ark:/12148/bd6t586183v/manifest.json'
For more information check: https://developer.mozilla.org/en-US/docs/Web/HTTP/Status/403",2026-07-17T22:19:16.828998
figaro1854,bd6t5861846,,failed,0,0,,http_manifest,known,403,manifest,"Client error '403 ' for url 'https://openapiproext.bnf.fr/iiif/presentation/v3/ark:/12148/bd6t5861846/manifest.json'
For more information check: https://developer.mozilla.org/en-US/docs/Web/HTTP/Status/403",2026-07-17T22:19:18.031570
figaro1854,bd6t586185j,,failed,0,0,,http_manifest,known,403,manifest,"Client error '403 ' for url 'https://openapiproext.bnf.fr/iiif/presentation/v3/ark:/12148/bd6t586185j/manifest.json'
For more information check: https://developer.mozilla.org/en-US/docs/Web/HTTP/Status/403",2026-07-17T22:19:19.257105
figaro1854,bd6t586186w,,failed,0,0,,http_manifest,known,403,manifest,"Client error '403 ' for url 'https://openapiproext.bnf.fr/iiif/presentation/v3/ark:/12148/bd6t586186w/manifest.json'
For more information check: https://developer.mozilla.org/en-US/docs/Web/HTTP/Status/403",2026-07-17T22:19:20.429865
figaro1854,bd6t5861877,,failed,0,0,,http_manifest,known,403,manifest,"Client error '403 ' for url 'https://openapiproext.bnf.fr/iiif/presentation/v3/ark:/12148/bd6t5861877/manifest.json'
For more information check: https://developer.mozilla.org/en-US/docs/Web/HTTP/Status/403",2026-07-17T22:19:21.756906
figaro1854,bd6t586188k,,failed,0,0,,http_manifest,known,403,manifest,"Client error '403 ' for url 'https://openapiproext.bnf.fr/iiif/presentation/v3/ark:/12148/bd6t586188k/manifest.json'
For more information check: https://developer.mozilla.org/en-US/docs/Web/HTTP/Status/403",2026-07-17T22:19:22.971732
figaro1854,bd6t586189x,,failed,0,0,,http_manifest,known,403,manifest,"Client error '403 ' for url 'https://openapiproext.bnf.fr/iiif/presentation/v3/ark:/12148/bd6t586189x/manifest.json'
For more information check: https://developer.mozilla.org/en-US/docs/Web/HTTP/Status/403",2026-07-17T22:19:24.142120
figaro1854,bd6t5861904,,failed,0,0,,http_manifest,known,403,manifest,"Client error '403 ' for url 'https://openapiproext.bnf.fr/iiif/presentation/v3/ark:/12148/bd6t5861904/manifest.json'
For more information check: https://developer.mozilla.org/en-US/docs/Web/HTTP/Status/403",2026-07-17T22:19:25.259642
figaro1854,bd6t586191g,,failed,0,0,,http_manifest,known,403,manifest,"Client error '403 ' for url 'https://openapiproext.bnf.fr/iiif/presentation/v3/ark:/12148/bd6t586191g/manifest.json'
For more information check: https://developer.mozilla.org/en-US/docs/Web/HTTP/Status/403",2026-07-17T22:19:26.478893
figaro1854,bd6t586192t,,failed,0,0,,http_manifest,known,403,manifest,"Client error '403 ' for url 'https://openapiproext.bnf.fr/iiif/presentation/v3/ark:/12148/bd6t586192t/manifest.json'
For more information check: https://developer.mozilla.org/en-US/docs/Web/HTTP/Status/403",2026-07-17T22:19:27.859387
figaro1854,bd6t5861935,,failed,0,0,,http_manifest,known,403,manifest,"Client error '403 ' for url 'https://openapiproext.bnf.fr/iiif/presentation/v3/ark:/12148/bd6t5861935/manifest.json'
For more information check: https://developer.mozilla.org/en-US/docs/Web/HTTP/Status/403",2026-07-17T22:19:28.904958
figaro1854,bd6t586194h,,failed,0,0,,http_manifest,known,403,manifest,"Client error '403 ' for url 'https://openapiproext.bnf.fr/iiif/presentation/v3/ark:/12148/bd6t586194h/manifest.json'
For more information check: https://developer.mozilla.org/en-US/docs/Web/HTTP/Status/403",2026-07-17T22:19:30.041408
figaro1854,bd6t586195v,,failed,0,0,,http_manifest,known,403,manifest,"Client error '403 ' for url 'https://openapiproext.bnf.fr/iiif/presentation/v3/ark:/12148/bd6t586195v/manifest.json'
For more information check: https://developer.mozilla.org/en-US/docs/Web/HTTP/Status/403",2026-07-17T22:19:31.274533
figaro1854,bd6t5861966,,failed,0,0,,http_manifest,known,403,manifest,"Client error '403 ' for url 'https://openapiproext.bnf.fr/iiif/presentation/v3/ark:/12148/bd6t5861966/manifest.json'
For more information check: https://developer.mozilla.org/en-US/docs/Web/HTTP/Status/403",2026-07-17T22:19:32.444563
figaro1854,bd6t586197j,,failed,0,0,,http_manifest,known,403,manifest,"Client error '403 ' for url 'https://openapiproext.bnf.fr/iiif/presentation/v3/ark:/12148/bd6t586197j/manifest.json'
For more information check: https://developer.mozilla.org/en-US/docs/Web/HTTP/Status/403",2026-07-17T22:19:33.647171
figaro1854,bd6t586198w,,failed,0,0,,http_manifest,known,403,manifest,"Client error '403 ' for url 'https://openapiproext.bnf.fr/iiif/presentation/v3/ark:/12148/bd6t586198w/manifest.json'
For more information check: https://developer.mozilla.org/en-US/docs/Web/HTTP/Status/403",2026-07-17T22:19:34.854595
figaro1854,bd6t5861997,,failed,0,0,,http_manifest,known,403,manifest,"Client error '403 ' for url 'https://openapiproext.bnf.fr/iiif/presentation/v3/ark:/12148/bd6t5861997/manifest.json'
For more information check: https://developer.mozilla.org/en-US/docs/Web/HTTP/Status/403",2026-07-17T22:19:36.049369
figaro1854,bd6t586200m,,failed,0,0,,http_manifest,known,403,manifest,"Client error '403 ' for url 'https://openapiproext.bnf.fr/iiif/presentation/v3/ark:/12148/bd6t586200m/manifest.json'
For more information check: https://developer.mozilla.org/en-US/docs/Web/HTTP/Status/403",2026-07-17T22:19:37.252085
figaro1854,bd6t586201z,,failed,0,0,,http_manifest,known,403,manifest,"Client error '403 ' for url 'https://openapiproext.bnf.fr/iiif/presentation/v3/ark:/12148/bd6t586201z/manifest.json'
For more information check: https://developer.mozilla.org/en-US/docs/Web/HTTP/Status/403",2026-07-17T22:19:38.448307
figaro1854,bd6t5862029,,failed,0,0,,http_manifest,known,403,manifest,"Client error '403 ' for url 'https://openapiproext.bnf.fr/iiif/presentation/v3/ark:/12148/bd6t5862029/manifest.json'
For more information check: https://developer.mozilla.org/en-US/docs/Web/HTTP/Status/403",2026-07-17T22:19:39.654444
figaro1854,bd6t586203n,,failed,0,0,,http_manifest,known,403,manifest,"Client error '403 ' for url 'https://openapiproext.bnf.fr/iiif/presentation/v3/ark:/12148/bd6t586203n/manifest.json'
For more information check: https://developer.mozilla.org/en-US/docs/Web/HTTP/Status/403",2026-07-17T22:19:40.854154
figaro1854,bd6t5862040,,failed,0,0,,http_manifest,known,403,manifest,"Client error '403 ' for url 'https://openapiproext.bnf.fr/iiif/presentation/v3/ark:/12148/bd6t5862040/manifest.json'
For more information check: https://developer.mozilla.org/en-US/docs/Web/HTTP/Status/403",2026-07-17T22:19:42.056190
figaro1854,bd6t586205b,,failed,0,0,,http_manifest,known,403,manifest,"Client error '403 ' for url 'https://openapiproext.bnf.fr/iiif/presentation/v3/ark:/12148/bd6t586205b/manifest.json'
For more information check: https://developer.mozilla.org/en-US/docs/Web/HTTP/Status/403",2026-07-17T22:19:43.283693
figaro1854,bd6t586206p,,failed,0,0,,http_manifest,known,403,manifest,"Client error '403 ' for url 'https://openapiproext.bnf.fr/iiif/presentation/v3/ark:/12148/bd6t586206p/manifest.json'
For more information check: https://developer.mozilla.org/en-US/docs/Web/HTTP/Status/403",2026-07-17T22:19:44.461086
figaro1854,bd6t5862071,,failed,0,0,,http_manifest,known,403,manifest,"Client error '403 ' for url 'https://openapiproext.bnf.fr/iiif/presentation/v3/ark:/12148/bd6t5862071/manifest.json'
For more information check: https://developer.mozilla.org/en-US/docs/Web/HTTP/Status/403",2026-07-17T22:19:45.664249
figaro1854,bd6t586208c,,failed,0,0,,http_manifest,known,403,manifest,"Client error '403 ' for url 'https://openapiproext.bnf.fr/iiif/presentation/v3/ark:/12148/bd6t586208c/manifest.json'
For more information check: https://developer.mozilla.org/en-US/docs/Web/HTTP/Status/403",2026-07-17T22:19:46.862305
figaro1854,bd6t5861308,,failed,0,0,,http_manifest,known,403,manifest,"Client error '403 ' for url 'https://openapiproext.bnf.fr/iiif/presentation/v3/ark:/12148/bd6t5861308/manifest.json'
For more information check: https://developer.mozilla.org/en-US/docs/Web/HTTP/Status/403",2026-07-17T22:19:48.071593
figaro1854,bd6t586131m,,failed,0,0,,http_manifest,known,403,manifest,"Client error '403 ' for url 'https://openapiproext.bnf.fr/iiif/presentation/v3/ark:/12148/bd6t586131m/manifest.json'
For more information check: https://developer.mozilla.org/en-US/docs/Web/HTTP/Status/403",2026-07-17T22:19:49.264413
figaro1854,bd6t586132z,,failed,0,0,,http_manifest,known,403,manifest,"Client error '403 ' for url 'https://openapiproext.bnf.fr/iiif/presentation/v3/ark:/12148/bd6t586132z/manifest.json'
For more information check: https://developer.mozilla.org/en-US/docs/Web/HTTP/Status/403",2026-07-17T22:19:50.466844
figaro1854,bd6t5861339,,failed,0,0,,http_manifest,known,403,manifest,"Client error '403 ' for url 'https://openapiproext.bnf.fr/iiif/presentation/v3/ark:/12148/bd6t5861339/manifest.json'
For more information check: https://developer.mozilla.org/en-US/docs/Web/HTTP/Status/403",2026-07-17T22:19:51.670829
figaro1854,bd6t586134n,,failed,0,0,,http_manifest,known,403,manifest,"Client error '403 ' for url 'https://openapiproext.bnf.fr/iiif/presentation/v3/ark:/12148/bd6t586134n/manifest.json'
For more information check: https://developer.mozilla.org/en-US/docs/Web/HTTP/Status/403",2026-07-17T22:19:52.870286
figaro1854,bd6t5861350,,failed,0,0,,http_manifest,known,403,manifest,"Client error '403 ' for url 'https://openapiproext.bnf.fr/iiif/presentation/v3/ark:/12148/bd6t5861350/manifest.json'
For more information check: https://developer.mozilla.org/en-US/docs/Web/HTTP/Status/403",2026-07-17T22:19:54.076098
figaro1854,bd6t586136b,,failed,0,0,,http_manifest,known,403,manifest,"Client error '403 ' for url 'https://openapiproext.bnf.fr/iiif/presentation/v3/ark:/12148/bd6t586136b/manifest.json'
For more information check: https://developer.mozilla.org/en-US/docs/Web/HTTP/Status/403",2026-07-17T22:19:55.279775
figaro1854,bd6t586137p,,failed,0,0,,http_manifest,known,403,manifest,"Client error '403 ' for url 'https://openapiproext.bnf.fr/iiif/presentation/v3/ark:/12148/bd6t586137p/manifest.json'
For more information check: https://developer.mozilla.org/en-US/docs/Web/HTTP/Status/403",2026-07-17T22:19:56.478842
figaro1854,bd6t5861381,,failed,0,0,,http_manifest,known,403,manifest,"Client error '403 ' for url 'https://openapiproext.bnf.fr/iiif/presentation/v3/ark:/12148/bd6t5861381/manifest.json'
For more information check: https://developer.mozilla.org/en-US/docs/Web/HTTP/Status/403",2026-07-17T22:19:57.680950
figaro1854,bd6t586139c,,failed,0,0,,http_manifest,known,403,manifest,"Client error '403 ' for url 'https://openapiproext.bnf.fr/iiif/presentation/v3/ark:/12148/bd6t586139c/manifest.json'
For more information check: https://developer.mozilla.org/en-US/docs/Web/HTTP/Status/403",2026-07-17T22:19:58.879482
figaro1854,bd6t586140k,,failed,0,0,,http_manifest,known,403,manifest,"Client error '403 ' for url 'https://openapiproext.bnf.fr/iiif/presentation/v3/ark:/12148/bd6t586140k/manifest.json'
For more information check: https://developer.mozilla.org/en-US/docs/Web/HTTP/Status/403",2026-07-17T22:20:00.082713
figaro1854,bd6t586141x,,failed,0,0,,http_manifest,known,403,manifest,"Client error '403 ' for url 'https://openapiproext.bnf.fr/iiif/presentation/v3/ark:/12148/bd6t586141x/manifest.json'
For more information check: https://developer.mozilla.org/en-US/docs/Web/HTTP/Status/403",2026-07-17T22:20:01.306729
figaro1854,bd6t5861428,,failed,0,0,,http_manifest,known,403,manifest,"Client error '403 ' for url 'https://openapiproext.bnf.fr/iiif/presentation/v3/ark:/12148/bd6t5861428/manifest.json'
For more information check: https://developer.mozilla.org/en-US/docs/Web/HTTP/Status/403",2026-07-17T22:20:02.483512
figaro1854,bd6t586143m,,failed,0,0,,http_manifest,known,403,manifest,"Client error '403 ' for url 'https://openapiproext.bnf.fr/iiif/presentation/v3/ark:/12148/bd6t586143m/manifest.json'
For more information check: https://developer.mozilla.org/en-US/docs/Web/HTTP/Status/403",2026-07-17T22:20:03.687047
figaro1854,bd6t586144z,,failed,0,0,,http_manifest,known,403,manifest,"Client error '403 ' for url 'https://openapiproext.bnf.fr/iiif/presentation/v3/ark:/12148/bd6t586144z/manifest.json'
For more information check: https://developer.mozilla.org/en-US/docs/Web/HTTP/Status/403",2026-07-17T22:20:04.887967
figaro1854,bd6t5861459,,failed,0,0,,http_manifest,known,403,manifest,"Client error '403 ' for url 'https://openapiproext.bnf.fr/iiif/presentation/v3/ark:/12148/bd6t5861459/manifest.json'
For more information check: https://developer.mozilla.org/en-US/docs/Web/HTTP/Status/403",2026-07-17T22:20:06.123088
figaro1854,bd6t586146n,,failed,0,0,,http_manifest,known,403,manifest,"Client error '403 ' for url 'https://openapiproext.bnf.fr/iiif/presentation/v3/ark:/12148/bd6t586146n/manifest.json'
For more information check: https://developer.mozilla.org/en-US/docs/Web/HTTP/Status/403",2026-07-17T22:20:07.402344
figaro1854,bd6t5861470,,failed,0,0,,http_manifest,known,403,manifest,"Client error '403 ' for url 'https://openapiproext.bnf.fr/iiif/presentation/v3/ark:/12148/bd6t5861470/manifest.json'
For more information check: https://developer.mozilla.org/en-US/docs/Web/HTTP/Status/403",2026-07-17T22:20:08.656913
figaro1854,bd6t586148b,,failed,0,0,,http_manifest,known,403,manifest,"Client error '403 ' for url 'https://openapiproext.bnf.fr/iiif/presentation/v3/ark:/12148/bd6t586148b/manifest.json'
For more information check: https://developer.mozilla.org/en-US/docs/Web/HTTP/Status/403",2026-07-17T22:20:09.692315
figaro1854,bd6t586149p,,failed,0,0,,http_manifest,known,403,manifest,"Client error '403 ' for url 'https://openapiproext.bnf.fr/iiif/presentation/v3/ark:/12148/bd6t586149p/manifest.json'
For more information check: https://developer.mozilla.org/en-US/docs/Web/HTTP/Status/403",2026-07-17T22:20:10.894533
figaro1854,bd6t586150w,,failed,0,0,,http_manifest,known,403,manifest,"Client error '403 ' for url 'https://openapiproext.bnf.fr/iiif/presentation/v3/ark:/12148/bd6t586150w/manifest.json'
For more information check: https://developer.mozilla.org/en-US/docs/Web/HTTP/Status/403",2026-07-17T22:20:12.111467
figaro1854,bd6t5861517,,failed,0,0,,http_manifest,known,403,manifest,"Client error '403 ' for url 'https://openapiproext.bnf.fr/iiif/presentation/v3/ark:/12148/bd6t5861517/manifest.json'
For more information check: https://developer.mozilla.org/en-US/docs/Web/HTTP/Status/403",2026-07-17T22:20:13.303360
figaro1854,bd6t586152k,,failed,0,0,,http_manifest,known,403,manifest,"Client error '403 ' for url 'https://openapiproext.bnf.fr/iiif/presentation/v3/ark:/12148/bd6t586152k/manifest.json'
For more information check: https://developer.mozilla.org/en-US/docs/Web/HTTP/Status/403",2026-07-17T22:20:14.612063
figaro1854,bd6t586153x,,failed,0,0,,http_manifest,known,403,manifest,"Client error '403 ' for url 'https://openapiproext.bnf.fr/iiif/presentation/v3/ark:/12148/bd6t586153x/manifest.json'
For more information check: https://developer.mozilla.org/en-US/docs/Web/HTTP/Status/403",2026-07-17T22:20:15.967466
figaro1854,bd6t5861548,,failed,0,0,,http_manifest,known,403,manifest,"Client error '403 ' for url 'https://openapiproext.bnf.fr/iiif/presentation/v3/ark:/12148/bd6t5861548/manifest.json'
For more information check: https://developer.mozilla.org/en-US/docs/Web/HTTP/Status/403",2026-07-17T22:20:16.902920
figaro1854,bd6t586155m,,failed,0,0,,http_manifest,known,403,manifest,"Client error '403 ' for url 'https://openapiproext.bnf.fr/iiif/presentation/v3/ark:/12148/bd6t586155m/manifest.json'
For more information check: https://developer.mozilla.org/en-US/docs/Web/HTTP/Status/403",2026-07-17T22:20:18.129094
figaro1854,bd6t586156z,,failed,0,0,,http_manifest,known,403,manifest,"Client error '403 ' for url 'https://openapiproext.bnf.fr/iiif/presentation/v3/ark:/12148/bd6t586156z/manifest.json'
For more information check: https://developer.mozilla.org/en-US/docs/Web/HTTP/Status/403",2026-07-17T22:20:19.302537
figaro1854,bd6t5861579,,failed,0,0,,http_manifest,known,403,manifest,"Client error '403 ' for url 'https://openapiproext.bnf.fr/iiif/presentation/v3/ark:/12148/bd6t5861579/manifest.json'
For more information check: https://developer.mozilla.org/en-US/docs/Web/HTTP/Status/403",2026-07-17T22:20:20.524841
figaro1854,bd6t586158n,,failed,0,0,,http_manifest,known,403,manifest,"Client error '403 ' for url 'https://openapiproext.bnf.fr/iiif/presentation/v3/ark:/12148/bd6t586158n/manifest.json'
For more information check: https://developer.mozilla.org/en-US/docs/Web/HTTP/Status/403",2026-07-17T22:20:21.793909
figaro1854,bd6t5861590,,failed,0,0,,http_manifest,known,403,manifest,"Client error '403 ' for url 'https://openapiproext.bnf.fr/iiif/presentation/v3/ark:/12148/bd6t5861590/manifest.json'
For more information check: https://developer.mozilla.org/en-US/docs/Web/HTTP/Status/403",2026-07-17T22:20:23.008766
figaro1854,bd6t5861606,,failed,0,0,,http_manifest,known,403,manifest,"Client error '403 ' for url 'https://openapiproext.bnf.fr/iiif/presentation/v3/ark:/12148/bd6t5861606/manifest.json'
For more information check: https://developer.mozilla.org/en-US/docs/Web/HTTP/Status/403",2026-07-17T22:20:24.116193
figaro1854,bd6t586161j,,failed,0,0,,http_manifest,known,403,manifest,"Client error '403 ' for url 'https://openapiproext.bnf.fr/iiif/presentation/v3/ark:/12148/bd6t586161j/manifest.json'
For more information check: https://developer.mozilla.org/en-US/docs/Web/HTTP/Status/403",2026-07-17T22:20:25.468316
figaro1854,bd6t586162w,,failed,0,0,,http_manifest,known,403,manifest,"Client error '403 ' for url 'https://openapiproext.bnf.fr/iiif/presentation/v3/ark:/12148/bd6t586162w/manifest.json'
For more information check: https://developer.mozilla.org/en-US/docs/Web/HTTP/Status/403",2026-07-17T22:20:26.699067
figaro1854,bd6t5861637,,failed,0,0,,http_manifest,known,403,manifest,"Client error '403 ' for url 'https://openapiproext.bnf.fr/iiif/presentation/v3/ark:/12148/bd6t5861637/manifest.json'
For more information check: https://developer.mozilla.org/en-US/docs/Web/HTTP/Status/403",2026-07-17T22:20:27.794995
figaro1854,bd6t586164k,,failed,0,0,,http_manifest,known,403,manifest,"Client error '403 ' for url 'https://openapiproext.bnf.fr/iiif/presentation/v3/ark:/12148/bd6t586164k/manifest.json'
For more information check: https://developer.mozilla.org/en-US/docs/Web/HTTP/Status/403",2026-07-17T22:20:28.917339
figaro1854,bd6t586165x,,failed,0,0,,http_manifest,known,403,manifest,"Client error '403 ' for url 'https://openapiproext.bnf.fr/iiif/presentation/v3/ark:/12148/bd6t586165x/manifest.json'
For more information check: https://developer.mozilla.org/en-US/docs/Web/HTTP/Status/403",2026-07-17T22:20:30.149820
figaro1854,bd6t5861668,,failed,0,0,,http_manifest,known,403,manifest,"Client error '403 ' for url 'https://openapiproext.bnf.fr/iiif/presentation/v3/ark:/12148/bd6t5861668/manifest.json'
For more information check: https://developer.mozilla.org/en-US/docs/Web/HTTP/Status/403",2026-07-17T22:20:31.321373
figaro1854,bd6t586167m,,failed,0,0,,http_manifest,known,403,manifest,"Client error '403 ' for url 'https://openapiproext.bnf.fr/iiif/presentation/v3/ark:/12148/bd6t586167m/manifest.json'
For more information check: https://developer.mozilla.org/en-US/docs/Web/HTTP/Status/403",2026-07-17T22:20:32.523275
figaro1854,bd6t586168z,,failed,0,0,,http_manifest,known,403,manifest,"Client error '403 ' for url 'https://openapiproext.bnf.fr/iiif/presentation/v3/ark:/12148/bd6t586168z/manifest.json'
For more information check: https://developer.mozilla.org/en-US/docs/Web/HTTP/Status/403",2026-07-17T22:20:33.726416
figaro1854,bd6t5860916,,failed,0,0,,http_manifest,known,403,manifest,"Client error '403 ' for url 'https://openapiproext.bnf.fr/iiif/presentation/v3/ark:/12148/bd6t5860916/manifest.json'
For more information check: https://developer.mozilla.org/en-US/docs/Web/HTTP/Status/403",2026-07-17T22:20:34.924904
figaro1854,bd6t586092j,,failed,0,0,,http_manifest,known,403,manifest,"Client error '403 ' for url 'https://openapiproext.bnf.fr/iiif/presentation/v3/ark:/12148/bd6t586092j/manifest.json'
For more information check: https://developer.mozilla.org/en-US/docs/Web/HTTP/Status/403",2026-07-17T22:20:36.131281
figaro1854,bd6t586093w,,failed,0,0,,http_manifest,known,403,manifest,"Client error '403 ' for url 'https://openapiproext.bnf.fr/iiif/presentation/v3/ark:/12148/bd6t586093w/manifest.json'
For more information check: https://developer.mozilla.org/en-US/docs/Web/HTTP/Status/403",2026-07-17T22:20:37.331705
figaro1854,bd6t5860947,,failed,0,0,,http_manifest,known,403,manifest,"Client error '403 ' for url 'https://openapiproext.bnf.fr/iiif/presentation/v3/ark:/12148/bd6t5860947/manifest.json'
For more information check: https://developer.mozilla.org/en-US/docs/Web/HTTP/Status/403",2026-07-17T22:20:38.532224
figaro1854,bd6t586095k,,failed,0,0,,http_manifest,known,403,manifest,"Client error '403 ' for url 'https://openapiproext.bnf.fr/iiif/presentation/v3/ark:/12148/bd6t586095k/manifest.json'
For more information check: https://developer.mozilla.org/en-US/docs/Web/HTTP/Status/403",2026-07-17T22:20:39.738878
figaro1854,bd6t586096x,,failed,0,0,,http_manifest,known,403,manifest,"Client error '403 ' for url 'https://openapiproext.bnf.fr/iiif/presentation/v3/ark:/12148/bd6t586096x/manifest.json'
For more information check: https://developer.mozilla.org/en-US/docs/Web/HTTP/Status/403",2026-07-17T22:20:40.937735
figaro1854,bd6t5860978,,failed,0,0,,http_manifest,known,403,manifest,"Client error '403 ' for url 'https://openapiproext.bnf.fr/iiif/presentation/v3/ark:/12148/bd6t5860978/manifest.json'
For more information check: https://developer.mozilla.org/en-US/docs/Web/HTTP/Status/403",2026-07-17T22:20:42.156740
figaro1854,bd6t586098m,,failed,0,0,,http_manifest,known,403,manifest,"Client error '403 ' for url 'https://openapiproext.bnf.fr/iiif/presentation/v3/ark:/12148/bd6t586098m/manifest.json'
For more information check: https://developer.mozilla.org/en-US/docs/Web/HTTP/Status/403",2026-07-17T22:20:43.347559
figaro1854,bd6t586099z,,failed,0,0,,http_manifest,known,403,manifest,"Client error '403 ' for url 'https://openapiproext.bnf.fr/iiif/presentation/v3/ark:/12148/bd6t586099z/manifest.json'
For more information check: https://developer.mozilla.org/en-US/docs/Web/HTTP/Status/403",2026-07-17T22:20:44.546058
figaro1854,bd6t586100b,,failed,0,0,,http_manifest,known,403,manifest,"Client error '403 ' for url 'https://openapiproext.bnf.fr/iiif/presentation/v3/ark:/12148/bd6t586100b/manifest.json'
For more information check: https://developer.mozilla.org/en-US/docs/Web/HTTP/Status/403",2026-07-17T22:20:45.742121
figaro1854,bd6t586101p,,failed,0,0,,http_manifest,known,403,manifest,"Client error '403 ' for url 'https://openapiproext.bnf.fr/iiif/presentation/v3/ark:/12148/bd6t586101p/manifest.json'
For more information check: https://developer.mozilla.org/en-US/docs/Web/HTTP/Status/403",2026-07-17T22:20:46.945426
figaro1854,bd6t5861021,,failed,0,0,,http_manifest,known,403,manifest,"Client error '403 ' for url 'https://openapiproext.bnf.fr/iiif/presentation/v3/ark:/12148/bd6t5861021/manifest.json'
For more information check: https://developer.mozilla.org/en-US/docs/Web/HTTP/Status/403",2026-07-17T22:20:48.173061
figaro1854,bd6t586103c,,failed,0,0,,http_manifest,known,403,manifest,"Client error '403 ' for url 'https://openapiproext.bnf.fr/iiif/presentation/v3/ark:/12148/bd6t586103c/manifest.json'
For more information check: https://developer.mozilla.org/en-US/docs/Web/HTTP/Status/403",2026-07-17T22:20:49.345825
figaro1854,bd6t586104q,,failed,0,0,,http_manifest,known,403,manifest,"Client error '403 ' for url 'https://openapiproext.bnf.fr/iiif/presentation/v3/ark:/12148/bd6t586104q/manifest.json'
For more information check: https://developer.mozilla.org/en-US/docs/Web/HTTP/Status/403",2026-07-17T22:20:50.552350
figaro1854,bd6t5861052,,failed,0,0,,http_manifest,known,403,manifest,"Client error '403 ' for url 'https://openapiproext.bnf.fr/iiif/presentation/v3/ark:/12148/bd6t5861052/manifest.json'
For more information check: https://developer.mozilla.org/en-US/docs/Web/HTTP/Status/403",2026-07-17T22:20:51.751908
figaro1854,bd6t586106d,,failed,0,0,,http_manifest,known,403,manifest,"Client error '403 ' for url 'https://openapiproext.bnf.fr/iiif/presentation/v3/ark:/12148/bd6t586106d/manifest.json'
For more information check: https://developer.mozilla.org/en-US/docs/Web/HTTP/Status/403",2026-07-17T22:20:52.951183
figaro1854,bd6t586107r,,failed,0,0,,http_manifest,known,403,manifest,"Client error '403 ' for url 'https://openapiproext.bnf.fr/iiif/presentation/v3/ark:/12148/bd6t586107r/manifest.json'
For more information check: https://developer.mozilla.org/en-US/docs/Web/HTTP/Status/403",2026-07-17T22:20:54.155524
figaro1854,bd6t5861083,,failed,0,0,,http_manifest,known,403,manifest,"Client error '403 ' for url 'https://openapiproext.bnf.fr/iiif/presentation/v3/ark:/12148/bd6t5861083/manifest.json'
For more information check: https://developer.mozilla.org/en-US/docs/Web/HTTP/Status/403",2026-07-17T22:20:55.355498
figaro1854,bd6t586109f,,failed,0,0,,http_manifest,known,403,manifest,"Client error '403 ' for url 'https://openapiproext.bnf.fr/iiif/presentation/v3/ark:/12148/bd6t586109f/manifest.json'
For more information check: https://developer.mozilla.org/en-US/docs/Web/HTTP/Status/403",2026-07-17T22:20:56.561894
figaro1854,bd6t586110n,,failed,0,0,,http_manifest,known,403,manifest,"Client error '403 ' for url 'https://openapiproext.bnf.fr/iiif/presentation/v3/ark:/12148/bd6t586110n/manifest.json'
For more information check: https://developer.mozilla.org/en-US/docs/Web/HTTP/Status/403",2026-07-17T22:20:57.759632
figaro1854,bd6t5861110,,failed,0,0,,http_manifest,known,403,manifest,"Client error '403 ' for url 'https://openapiproext.bnf.fr/iiif/presentation/v3/ark:/12148/bd6t5861110/manifest.json'
For more information check: https://developer.mozilla.org/en-US/docs/Web/HTTP/Status/403",2026-07-17T22:20:58.970829
figaro1854,bd6t586112b,,failed,0,0,,http_manifest,known,403,manifest,"Client error '403 ' for url 'https://openapiproext.bnf.fr/iiif/presentation/v3/ark:/12148/bd6t586112b/manifest.json'
For more information check: https://developer.mozilla.org/en-US/docs/Web/HTTP/Status/403",2026-07-17T22:21:00.186532
figaro1854,bd6t586113p,,failed,0,0,,http_manifest,known,403,manifest,"Client error '403 ' for url 'https://openapiproext.bnf.fr/iiif/presentation/v3/ark:/12148/bd6t586113p/manifest.json'
For more information check: https://developer.mozilla.org/en-US/docs/Web/HTTP/Status/403",2026-07-17T22:21:01.361338
figaro1854,bd6t5861141,,failed,0,0,,http_manifest,known,403,manifest,"Client error '403 ' for url 'https://openapiproext.bnf.fr/iiif/presentation/v3/ark:/12148/bd6t5861141/manifest.json'
For more information check: https://developer.mozilla.org/en-US/docs/Web/HTTP/Status/403",2026-07-17T22:21:02.566961
figaro1854,bd6t586115c,,failed,0,0,,http_manifest,known,403,manifest,"Client error '403 ' for url 'https://openapiproext.bnf.fr/iiif/presentation/v3/ark:/12148/bd6t586115c/manifest.json'
For more information check: https://developer.mozilla.org/en-US/docs/Web/HTTP/Status/403",2026-07-17T22:21:03.765580
figaro1854,bd6t586116q,,failed,0,0,,http_manifest,known,403,manifest,"Client error '403 ' for url 'https://openapiproext.bnf.fr/iiif/presentation/v3/ark:/12148/bd6t586116q/manifest.json'
For more information check: https://developer.mozilla.org/en-US/docs/Web/HTTP/Status/403",2026-07-17T22:21:04.963546
figaro1854,bd6t5861172,,failed,0,0,,http_manifest,known,403,manifest,"Client error '403 ' for url 'https://openapiproext.bnf.fr/iiif/presentation/v3/ark:/12148/bd6t5861172/manifest.json'
For more information check: https://developer.mozilla.org/en-US/docs/Web/HTTP/Status/403",2026-07-17T22:21:06.165364
figaro1854,bd6t586118d,,failed,0,0,,http_manifest,known,403,manifest,"Client error '403 ' for url 'https://openapiproext.bnf.fr/iiif/presentation/v3/ark:/12148/bd6t586118d/manifest.json'
For more information check: https://developer.mozilla.org/en-US/docs/Web/HTTP/Status/403",2026-07-17T22:21:07.388708
figaro1854,bd6t586119r,,failed,0,0,,http_manifest,known,403,manifest,"Client error '403 ' for url 'https://openapiproext.bnf.fr/iiif/presentation/v3/ark:/12148/bd6t586119r/manifest.json'
For more information check: https://developer.mozilla.org/en-US/docs/Web/HTTP/Status/403",2026-07-17T22:21:08.638524
figaro1854,bd6t586120z,,failed,0,0,,http_manifest,known,403,manifest,"Client error '403 ' for url 'https://openapiproext.bnf.fr/iiif/presentation/v3/ark:/12148/bd6t586120z/manifest.json'
For more information check: https://developer.mozilla.org/en-US/docs/Web/HTTP/Status/403",2026-07-17T22:21:09.926155
figaro1854,bd6t5861219,,failed,0,0,,http_manifest,known,403,manifest,"Client error '403 ' for url 'https://openapiproext.bnf.fr/iiif/presentation/v3/ark:/12148/bd6t5861219/manifest.json'
For more information check: https://developer.mozilla.org/en-US/docs/Web/HTTP/Status/403",2026-07-17T22:21:10.977083
figaro1854,bd6t586122n,,failed,0,0,,http_manifest,known,403,manifest,"Client error '403 ' for url 'https://openapiproext.bnf.fr/iiif/presentation/v3/ark:/12148/bd6t586122n/manifest.json'
For more information check: https://developer.mozilla.org/en-US/docs/Web/HTTP/Status/403",2026-07-17T22:21:12.256450
figaro1854,bd6t5861230,,failed,0,0,,http_manifest,known,403,manifest,"Client error '403 ' for url 'https://openapiproext.bnf.fr/iiif/presentation/v3/ark:/12148/bd6t5861230/manifest.json'
For more information check: https://developer.mozilla.org/en-US/docs/Web/HTTP/Status/403",2026-07-17T22:21:13.515318
figaro1854,bd6t586124b,,failed,0,0,,http_manifest,known,403,manifest,"Client error '403 ' for url 'https://openapiproext.bnf.fr/iiif/presentation/v3/ark:/12148/bd6t586124b/manifest.json'
For more information check: https://developer.mozilla.org/en-US/docs/Web/HTTP/Status/403",2026-07-17T22:21:14.835168
figaro1854,bd6t586125p,,failed,0,0,,http_manifest,known,403,manifest,"Client error '403 ' for url 'https://openapiproext.bnf.fr/iiif/presentation/v3/ark:/12148/bd6t586125p/manifest.json'
For more information check: https://developer.mozilla.org/en-US/docs/Web/HTTP/Status/403",2026-07-17T22:21:15.865434
figaro1854,bd6t5861261,,failed,0,0,,http_manifest,known,403,manifest,"Client error '403 ' for url 'https://openapiproext.bnf.fr/iiif/presentation/v3/ark:/12148/bd6t5861261/manifest.json'
For more information check: https://developer.mozilla.org/en-US/docs/Web/HTTP/Status/403",2026-07-17T22:21:16.980532
figaro1854,bd6t586127c,,failed,0,0,,http_manifest,known,403,manifest,"Client error '403 ' for url 'https://openapiproext.bnf.fr/iiif/presentation/v3/ark:/12148/bd6t586127c/manifest.json'
For more information check: https://developer.mozilla.org/en-US/docs/Web/HTTP/Status/403",2026-07-17T22:21:18.207616
figaro1854,bd6t586128q,,failed,0,0,,http_manifest,known,403,manifest,"Client error '403 ' for url 'https://openapiproext.bnf.fr/iiif/presentation/v3/ark:/12148/bd6t586128q/manifest.json'
For more information check: https://developer.mozilla.org/en-US/docs/Web/HTTP/Status/403",2026-07-17T22:21:19.467214
figaro1854,bd6t5861292,,failed,0,0,,http_manifest,known,403,manifest,"Client error '403 ' for url 'https://openapiproext.bnf.fr/iiif/presentation/v3/ark:/12148/bd6t5861292/manifest.json'
For more information check: https://developer.mozilla.org/en-US/docs/Web/HTTP/Status/403",2026-07-17T22:21:20.688291
figarosupl,bd6t51177193h,,failed,0,0,,no_usable_pages,known,,,bd6t51177193h: no usable pages in manifest.,2026-07-17T22:21:20.940298
figarosupl,bd6t51177194x,,failed,0,0,,no_usable_pages,known,,,bd6t51177194x: no usable pages in manifest.,2026-07-17T22:21:21.075402
figarosupl,bd6t51177195b,,failed,0,0,,no_usable_pages,known,,,bd6t51177195b: no usable pages in manifest.,2026-07-17T22:21:21.181104
figarosupl,bd6t51177201m,,failed,0,0,,no_usable_pages,known,,,bd6t51177201m: no usable pages in manifest.,2026-07-17T22:21:21.287390
figarosupl,bd6t51177203f,,failed,0,0,,no_usable_pages,known,,,bd6t51177203f: no usable pages in manifest.,2026-07-17T22:21:21.393208
figarosupl,bd6t51177204v,,failed,0,0,,no_usable_pages,known,,,bd6t51177204v: no usable pages in manifest.,2026-07-17T22:21:21.497922
figarosupl,bd6t51177206p,,failed,0,0,,no_usable_pages,known,,,bd6t51177206p: no usable pages in manifest.,2026-07-17T22:21:21.640017
figarosupl,bd6t51177208h,,failed,0,0,,no_usable_pages,known,,,bd6t51177208h: no usable pages in manifest.,2026-07-17T22:21:21.740764
figarosupl,bd6t51177217g,,failed,0,0,,no_usable_pages,known,,,bd6t51177217g: no usable pages in manifest.,2026-07-17T22:21:21.930687
figarosupl,bd6t511772199,,failed,0,0,,no_usable_pages,known,,,bd6t511772199: no usable pages in manifest.,2026-07-17T22:21:22.048104
figarosupl,bd6t51177221c,,failed,0,0,,no_usable_pages,known,,,bd6t51177221c: no usable pages in manifest.,2026-07-17T22:21:22.166389
figarosupl,bd6t511772251,,failed,0,0,,no_usable_pages,known,,,bd6t511772251: no usable pages in manifest.,2026-07-17T22:21:22.335460
figarosupl,bd6t51177229p,,failed,0,0,,no_usable_pages,known,,,bd6t51177229p: no usable pages in manifest.,2026-07-17T22:21:22.489181
figarosupl,bd6t51176910p,,failed,0,0,,no_usable_pages,known,,,bd6t51176910p: no usable pages in manifest.,2026-07-17T22:21:22.684933
figarosupl,bd6t51176913x,,failed,0,0,,no_usable_pages,known,,,bd6t51176913x: no usable pages in manifest.,2026-07-17T22:21:22.782491
figarosupl,bd6t51176912h,,failed,0,0,,no_usable_pages,known,,,bd6t51176912h: no usable pages in manifest.,2026-07-17T22:21:22.976081
figarosupl,bd6t51176919d,,failed,0,0,,no_usable_pages,known,,,bd6t51176919d: no usable pages in manifest.,2026-07-17T22:21:23.074292
figarosupl,bd6t51176922w,,failed,0,0,,no_usable_pages,known,,,bd6t51176922w: no usable pages in manifest.,2026-07-17T22:21:23.165557
figarosupl,bd6t511769254,,failed,0,0,,no_usable_pages,known,,,bd6t511769254: no usable pages in manifest.,2026-07-17T22:21:23.278351
figarosupl,bd6t51176928c,,failed,0,0,,no_usable_pages,known,,,bd6t51176928c: no usable pages in manifest.,2026-07-17T22:21:23.374475
figarosupl,bd6t51176929s,,failed,0,0,,no_usable_pages,known,,,bd6t51176929s: no usable pages in manifest.,2026-07-17T22:21:23.481768
figarosupl,bd6t51176933p,,failed,0,0,,no_usable_pages,known,,,bd6t51176933p: no usable pages in manifest.,2026-07-17T22:21:23.585121
figarosupl,bd6t511769343,,failed,0,0,,no_usable_pages,known,,,bd6t511769343: no usable pages in manifest.,2026-07-17T22:21:23.762211
figarosupl,bd6t511769417,,failed,0,0,,no_usable_pages,known,,,bd6t511769417: no usable pages in manifest.,2026-07-17T22:21:23.870129
figarosupl,bd6t51176944g,,failed,0,0,,no_usable_pages,known,,,bd6t51176944g: no usable pages in manifest.,2026-07-17T22:21:24.040487
figarosupl,bd6t51176945w,,failed,0,0,,no_usable_pages,known,,,bd6t51176945w: no usable pages in manifest.,2026-07-17T22:21:24.157370
figarosupl,bd6t511769469,,failed,0,0,,no_usable_pages,known,,,bd6t511769469: no usable pages in manifest.,2026-07-17T22:21:24.284049
figarosupl,bd6t511769484,,failed,0,0,,no_usable_pages,known,,,bd6t511769484: no usable pages in manifest.,2026-07-17T22:21:24.416843
figarosupl,bd6t51176949j,,failed,0,0,,no_usable_pages,known,,,bd6t51176949j: no usable pages in manifest.,2026-07-17T22:21:24.526915
figarosupl,bd6t51176951m,,failed,0,0,,no_usable_pages,known,,,bd6t51176951m: no usable pages in manifest.,2026-07-17T22:21:24.621249
figarosupl,bd6t51176954v,,failed,0,0,,no_usable_pages,known,,,bd6t51176954v: no usable pages in manifest.,2026-07-17T22:21:24.764624
figarosupl,bd6t511769558,,failed,0,0,,no_usable_pages,known,,,bd6t511769558: no usable pages in manifest.,2026-07-17T22:21:24.883778
figarosupl,bd6t51176958h,,failed,0,0,,no_usable_pages,known,,,bd6t51176958h: no usable pages in manifest.,2026-07-17T22:21:25.138452
figarosupl,bd6t51176960k,,failed,0,0,,no_usable_pages,known,,,bd6t51176960k: no usable pages in manifest.,2026-07-17T22:21:25.239951
figarosupl,bd6t511769610,,failed,0,0,,no_usable_pages,known,,,bd6t511769610: no usable pages in manifest.,2026-07-17T22:21:25.349530
figarosupl,bd6t51176962d,,failed,0,0,,no_usable_pages,known,,,bd6t51176962d: no usable pages in manifest.,2026-07-17T22:21:25.457097
figarosupl,bd6t51176965n,,failed,0,0,,no_usable_pages,known,,,bd6t51176965n: no usable pages in manifest.,2026-07-17T22:21:25.638352
figarosupl,bd6t511769662,,failed,0,0,,no_usable_pages,known,,,bd6t511769662: no usable pages in manifest.,2026-07-17T22:21:25.786104
figarosupl,bd6t51176967g,,failed,0,0,,no_usable_pages,known,,,bd6t51176967g: no usable pages in manifest.,2026-07-17T22:21:26.035916
figarosupl,bd6t51176968w,,failed,0,0,,no_usable_pages,known,,,bd6t51176968w: no usable pages in manifest.,2026-07-17T22:21:26.276372
figarosupl,bd6t51176970z,,failed,0,0,,no_usable_pages,known,,,bd6t51176970z: no usable pages in manifest.,2026-07-17T22:21:26.381894
figarosupl,bd6t51176974m,,failed,0,0,,no_usable_pages,known,,,bd6t51176974m: no usable pages in manifest.,2026-07-17T22:21:26.519648
figarosupl,bd6t51176976f,,failed,0,0,,no_usable_pages,known,,,bd6t51176976f: no usable pages in manifest.,2026-07-17T22:21:26.658702
figarosupl,bd6t51176977v,,failed,0,0,,no_usable_pages,known,,,bd6t51176977v: no usable pages in manifest.,2026-07-17T22:21:26.769639
figarosupl,bd6t51176981r,,failed,0,0,,no_usable_pages,known,,,bd6t51176981r: no usable pages in manifest.,2026-07-17T22:21:26.875830
figarosupl,bd6t511769825,,failed,0,0,,no_usable_pages,known,,,bd6t511769825: no usable pages in manifest.,2026-07-17T22:21:27.065840
figarosupl,bd6t51176990q,,failed,0,0,,no_usable_pages,known,,,bd6t51176990q: no usable pages in manifest.,2026-07-17T22:21:27.226113
figarosupl,bd6t51176992j,,failed,0,0,,no_usable_pages,known,,,bd6t51176992j: no usable pages in manifest.,2026-07-17T22:21:27.390121
figarosupl,bd6t51176993z,,failed,0,0,,no_usable_pages,known,,,bd6t51176993z: no usable pages in manifest.,2026-07-17T22:21:27.521535
figarosupl,bd6t51176994c,,failed,0,0,,no_usable_pages,known,,,bd6t51176994c: no usable pages in manifest.,2026-07-17T22:21:27.681876
figarosupl,bd6t51176995s,,failed,0,0,,no_usable_pages,known,,,bd6t51176995s: no usable pages in manifest.,2026-07-17T22:21:27.772955
figarosupl,bd6t51176999f,,failed,0,0,,no_usable_pages,known,,,bd6t51176999f: no usable pages in manifest.,2026-07-17T22:21:27.876526
figarosupl,bd6t511775022,,failed,0,0,,no_usable_pages,known,,,bd6t511775022: no usable pages in manifest.,2026-07-17T22:21:27.982074
figarosupl,bd6t51177503g,,failed,0,0,,no_usable_pages,known,,,bd6t51177503g: no usable pages in manifest.,2026-07-17T22:21:28.080951
figarosupl,bd6t51177506q,,failed,0,0,,no_usable_pages,known,,,bd6t51177506q: no usable pages in manifest.,2026-07-17T22:21:28.197909
figarosupl,bd6t51177510m,,failed,0,0,,no_usable_pages,known,,,bd6t51177510m: no usable pages in manifest.,2026-07-17T22:21:28.314190
figarosupl,bd6t511775111,,failed,0,0,,no_usable_pages,known,,,bd6t511775111: no usable pages in manifest.,2026-07-17T22:21:28.492100
figarosupl,bd6t51177513v,,failed,0,0,,no_usable_pages,known,,,bd6t51177513v: no usable pages in manifest.,2026-07-17T22:21:28.608306
figarosupl,bd6t51177515p,,failed,0,0,,no_usable_pages,known,,,bd6t51177515p: no usable pages in manifest.,2026-07-17T22:21:28.693323
figarosupl,bd6t511775163,,failed,0,0,,no_usable_pages,known,,,bd6t511775163: no usable pages in manifest.,2026-07-17T22:21:28.788986
figarosupl,bd6t51177517h,,failed,0,0,,no_usable_pages,known,,,bd6t51177517h: no usable pages in manifest.,2026-07-17T22:21:28.935546
figarosupl,bd6t511775200,,failed,0,0,,no_usable_pages,known,,,bd6t511775200: no usable pages in manifest.,2026-07-17T22:21:29.043831
figarosupl,bd6t51177524n,,failed,0,0,,no_usable_pages,known,,,bd6t51177524n: no usable pages in manifest.,2026-07-17T22:21:29.129464
figarosupl,bd6t511775252,,failed,0,0,,no_usable_pages,known,,,bd6t511775252: no usable pages in manifest.,2026-07-17T22:21:29.240354
figarosupl,bd6t51177526g,,failed,0,0,,no_usable_pages,known,,,bd6t51177526g: no usable pages in manifest.,2026-07-17T22:21:29.380007
figarosupl,bd6t51177527w,,failed,0,0,,no_usable_pages,known,,,bd6t51177527w: no usable pages in manifest.,2026-07-17T22:21:29.563229
figarosupl,bd6t51177535f,,failed,0,0,,no_usable_pages,known,,,bd6t51177535f: no usable pages in manifest.,2026-07-17T22:21:29.721418
figarosupl,bd6t51177538p,,failed,0,0,,no_usable_pages,known,,,bd6t51177538p: no usable pages in manifest.,2026-07-17T22:21:29.825234
figarosupl,bd6t511775393,,failed,0,0,,no_usable_pages,known,,,bd6t511775393: no usable pages in manifest.,2026-07-17T22:21:29.929912
figarosupl,bd6t51177140c,,failed,0,0,,no_usable_pages,known,,,bd6t51177140c: no usable pages in manifest.,2026-07-17T22:21:30.039102
figarosupl,bd6t51177146v,,failed,0,0,,no_usable_pages,known,,,bd6t51177146v: no usable pages in manifest.,2026-07-17T22:21:30.114691
figarosupl,bd6t511771478,,failed,0,0,,no_usable_pages,known,,,bd6t511771478: no usable pages in manifest.,2026-07-17T22:21:30.208423
figarosupl,bd6t51177148p,,failed,0,0,,no_usable_pages,known,,,bd6t51177148p: no usable pages in manifest.,2026-07-17T22:21:30.335834
figarosupl,bd6t511771515,,failed,0,0,,no_usable_pages,known,,,bd6t511771515: no usable pages in manifest.,2026-07-17T22:21:30.450269
figarosupl,bd6t511771567,,failed,0,0,,no_usable_pages,known,,,bd6t511771567: no usable pages in manifest.,2026-07-17T22:21:30.618669
figarosupl,bd6t51177159g,,failed,0,0,,no_usable_pages,known,,,bd6t51177159g: no usable pages in manifest.,2026-07-17T22:21:30.733537
figarosupl,bd6t511771604,,failed,0,0,,no_usable_pages,known,,,bd6t511771604: no usable pages in manifest.,2026-07-17T22:21:30.834750
figarosupl,bd6t51177171x,,failed,0,0,,no_usable_pages,known,,,bd6t51177171x: no usable pages in manifest.,2026-07-17T22:21:31.001383
figarosupl,bd6t51177172b,,failed,0,0,,no_usable_pages,known,,,bd6t51177172b: no usable pages in manifest.,2026-07-17T22:21:31.206063
figarosupl,bd6t51177178t,,failed,0,0,,no_usable_pages,known,,,bd6t51177178t: no usable pages in manifest.,2026-07-17T22:21:31.313669
figarosupl,bd6t511771797,,failed,0,0,,no_usable_pages,known,,,bd6t511771797: no usable pages in manifest.,2026-07-17T22:21:31.445163
figarosupl,bd6t51177180w,,failed,0,0,,no_usable_pages,known,,,bd6t51177180w: no usable pages in manifest.,2026-07-17T22:21:31.549455
figarosupl,bd6t511771819,,failed,0,0,,no_usable_pages,known,,,bd6t511771819: no usable pages in manifest.,2026-07-17T22:21:31.709508
figarosupl,bd6t51177182q,,failed,0,0,,no_usable_pages,known,,,bd6t51177182q: no usable pages in manifest.,2026-07-17T22:21:31.847863
figarosupl,bd6t511771834,,failed,0,0,,no_usable_pages,known,,,bd6t511771834: no usable pages in manifest.,2026-07-17T22:21:31.981312
figarosupl,bd6t51177186c,,failed,0,0,,no_usable_pages,known,,,bd6t51177186c: no usable pages in manifest.,2026-07-17T22:21:32.073054
figarosupl,bd6t51177187s,,failed,0,0,,no_usable_pages,known,,,bd6t51177187s: no usable pages in manifest.,2026-07-17T22:21:32.159756
figarosupl,bd6t511771908,,failed,0,0,,no_usable_pages,known,,,bd6t511771908: no usable pages in manifest.,2026-07-17T22:21:32.307273
figarosupl,bd6t51177283g,,failed,0,0,,no_usable_pages,known,,,bd6t51177283g: no usable pages in manifest.,2026-07-17T22:21:32.424237
figarosupl,bd6t51177284w,,failed,0,0,,no_usable_pages,known,,,bd6t51177284w: no usable pages in manifest.,2026-07-17T22:21:32.596206
figarosupl,bd6t51177286q,,failed,0,0,,no_usable_pages,known,,,bd6t51177286q: no usable pages in manifest.,2026-07-17T22:21:32.912057
figarosupl,bd6t511772874,,failed,0,0,,no_usable_pages,known,,,bd6t511772874: no usable pages in manifest.,2026-07-17T22:21:33.030711
figarosupl,bd6t51177288j,,failed,0,0,,no_usable_pages,known,,,bd6t51177288j: no usable pages in manifest.,2026-07-17T22:21:33.139945
figarosupl,bd6t51177289z,,failed,0,0,,no_usable_pages,known,,,bd6t51177289z: no usable pages in manifest.,2026-07-17T22:21:33.233258
figarosupl,bd6t511772948,,failed,0,0,,no_usable_pages,known,,,bd6t511772948: no usable pages in manifest.,2026-07-17T22:21:33.338193
figarosupl,bd6t511772963,,failed,0,0,,no_usable_pages,known,,,bd6t511772963: no usable pages in manifest.,2026-07-17T22:21:33.508531
figarosupl,bd6t51177299b,,failed,0,0,,no_usable_pages,known,,,bd6t51177299b: no usable pages in manifest.,2026-07-17T22:21:33.668290
figarosupl,bd6t51177301z,,failed,0,0,,no_usable_pages,known,,,bd6t51177301z: no usable pages in manifest.,2026-07-17T22:21:33.883550
figarosupl,bd6t51177302c,,failed,0,0,,no_usable_pages,known,,,bd6t51177302c: no usable pages in manifest.,2026-07-17T22:21:34.029197
figarosupl,bd6t51177303s,,failed,0,0,,no_usable_pages,known,,,bd6t51177303s: no usable pages in manifest.,2026-07-17T22:21:34.127393
figarosupl,bd6t511773046,,failed,0,0,,no_usable_pages,known,,,bd6t511773046: no usable pages in manifest.,2026-07-17T22:21:34.231858
figarosupl,bd6t51177307f,,failed,0,0,,no_usable_pages,known,,,bd6t51177307f: no usable pages in manifest.,2026-07-17T22:21:34.363557
figarosupl,bd6t51177308v,,failed,0,0,,no_usable_pages,known,,,bd6t51177308v: no usable pages in manifest.,2026-07-17T22:21:34.546119
figarosupl,bd6t511773098,,failed,0,0,,no_usable_pages,known,,,bd6t511773098: no usable pages in manifest.,2026-07-17T22:21:34.741543
figarosupl,bd6t51177311b,,failed,0,0,,no_usable_pages,known,,,bd6t51177311b: no usable pages in manifest.,2026-07-17T22:21:34.908375
figarosupl,bd6t51177312r,,failed,0,0,,no_usable_pages,known,,,bd6t51177312r: no usable pages in manifest.,2026-07-17T22:21:34.986561
figarosupl,bd6t511773135,,failed,0,0,,no_usable_pages,known,,,bd6t511773135: no usable pages in manifest.,2026-07-17T22:21:35.094445
figarosupl,bd6t51177314k,,failed,0,0,,no_usable_pages,known,,,bd6t51177314k: no usable pages in manifest.,2026-07-17T22:21:35.187856
figarosupl,bd6t511773150,,failed,0,0,,no_usable_pages,known,,,bd6t511773150: no usable pages in manifest.,2026-07-17T22:21:35.290725
figarosupl,bd6t51177316d,,failed,0,0,,no_usable_pages,known,,,bd6t51177316d: no usable pages in manifest.,2026-07-17T22:21:35.408021
figarosupl,bd6t51177317t,,failed,0,0,,no_usable_pages,known,,,bd6t51177317t: no usable pages in manifest.,2026-07-17T22:21:35.502599
figarosupl,bd6t511773187,,failed,0,0,,no_usable_pages,known,,,bd6t511773187: no usable pages in manifest.,2026-07-17T22:21:35.681124
figarosupl,bd6t51177319n,,failed,0,0,,no_usable_pages,known,,,bd6t51177319n: no usable pages in manifest.,2026-07-17T22:21:35.795968
figarosupl,bd6t51177324z,,failed,0,0,,no_usable_pages,known,,,bd6t51177324z: no usable pages in manifest.,2026-07-17T22:21:35.999156
figarosupl,bd6t51177328m,,failed,0,0,,no_usable_pages,known,,,bd6t51177328m: no usable pages in manifest.,2026-07-17T22:21:36.174908
figarosupl,bd6t51177332h,,failed,0,0,,no_usable_pages,known,,,bd6t51177332h: no usable pages in manifest.,2026-07-17T22:21:36.277726
figarosupl,bd6t51177391c,,failed,0,0,,no_usable_pages,known,,,bd6t51177391c: no usable pages in manifest.,2026-07-17T22:21:36.359715
figarosupl,bd6t51177392s,,failed,0,0,,no_usable_pages,known,,,bd6t51177392s: no usable pages in manifest.,2026-07-17T22:21:36.477164
figarosupl,bd6t511773936,,failed,0,0,,no_usable_pages,known,,,bd6t511773936: no usable pages in manifest.,2026-07-17T22:21:36.570820
figarosupl,bd6t511773951,,failed,0,0,,no_usable_pages,known,,,bd6t511773951: no usable pages in manifest.,2026-07-17T22:21:36.698331
figarosupl,bd6t51177396f,,failed,0,0,,no_usable_pages,known,,,bd6t51177396f: no usable pages in manifest.,2026-07-17T22:21:36.825838
figarosupl,bd6t51177399p,,failed,0,0,,no_usable_pages,known,,,bd6t51177399p: no usable pages in manifest.,2026-07-17T22:21:36.984763
figarosupl,bd6t51177400w,,failed,0,0,,no_usable_pages,known,,,bd6t51177400w: no usable pages in manifest.,2026-07-17T22:21:37.101320
figarosupl,bd6t511774019,,failed,0,0,,no_usable_pages,known,,,bd6t511774019: no usable pages in manifest.,2026-07-17T22:21:37.269168
figarosupl,bd6t51177405z,,failed,0,0,,no_usable_pages,known,,,bd6t51177405z: no usable pages in manifest.,2026-07-17T22:21:37.404282
figarosupl,bd6t51177407s,,failed,0,0,,no_usable_pages,known,,,bd6t51177407s: no usable pages in manifest.,2026-07-17T22:21:37.525987
figarosupl,bd6t511774108,,failed,0,0,,no_usable_pages,known,,,bd6t511774108: no usable pages in manifest.,2026-07-17T22:21:37.674620
figarosupl,bd6t511774123,,failed,0,0,,no_usable_pages,known,,,bd6t511774123: no usable pages in manifest.,2026-07-17T22:21:37.930266
figarosupl,bd6t51177413h,,failed,0,0,,no_usable_pages,known,,,bd6t51177413h: no usable pages in manifest.,2026-07-17T22:21:38.095432
figarosupl,bd6t51177416r,,failed,0,0,,no_usable_pages,known,,,bd6t51177416r: no usable pages in manifest.,2026-07-17T22:21:38.184637
figarosupl,bd6t511774175,,failed,0,0,,no_usable_pages,known,,,bd6t511774175: no usable pages in manifest.,2026-07-17T22:21:38.307370
figarosupl,bd6t51177418k,,failed,0,0,,no_usable_pages,known,,,bd6t51177418k: no usable pages in manifest.,2026-07-17T22:21:38.410600
figarosupl,bd6t511774212,,failed,0,0,,no_usable_pages,known,,,bd6t511774212: no usable pages in manifest.,2026-07-17T22:21:38.490137
figarosupl,bd6t51177422g,,failed,0,0,,no_usable_pages,known,,,bd6t51177422g: no usable pages in manifest.,2026-07-17T22:21:38.590675
figarosupl,bd6t51177425q,,failed,0,0,,no_usable_pages,known,,,bd6t51177425q: no usable pages in manifest.,2026-07-17T22:21:38.723060
figarosupl,bd6t51177335r,,failed,0,0,,no_usable_pages,known,,,bd6t51177335r: no usable pages in manifest.,2026-07-17T22:21:38.864168
figarosupl,bd6t511773380,,failed,0,0,,no_usable_pages,known,,,bd6t511773380: no usable pages in manifest.,2026-07-17T22:21:39.022131
figarosupl,bd6t51177342w,,failed,0,0,,no_usable_pages,known,,,bd6t51177342w: no usable pages in manifest.,2026-07-17T22:21:39.174040
figarosupl,bd6t511773439,,failed,0,0,,no_usable_pages,known,,,bd6t511773439: no usable pages in manifest.,2026-07-17T22:21:39.280756
figarosupl,bd6t51177344q,,failed,0,0,,no_usable_pages,known,,,bd6t51177344q: no usable pages in manifest.,2026-07-17T22:21:39.365680
figarosupl,bd6t511773454,,failed,0,0,,no_usable_pages,known,,,bd6t511773454: no usable pages in manifest.,2026-07-17T22:21:39.552889
figarosupl,bd6t51177346j,,failed,0,0,,no_usable_pages,known,,,bd6t51177346j: no usable pages in manifest.,2026-07-17T22:21:39.689269
figarosupl,bd6t51177348c,,failed,0,0,,no_usable_pages,known,,,bd6t51177348c: no usable pages in manifest.,2026-07-17T22:21:39.833845
figarosupl,bd6t51177360t,,failed,0,0,,no_usable_pages,known,,,bd6t51177360t: no usable pages in manifest.,2026-07-17T22:21:40.071811
figarosupl,bd6t511773617,,failed,0,0,,no_usable_pages,known,,,bd6t511773617: no usable pages in manifest.,2026-07-17T22:21:40.263734
figarosupl,bd6t51177362n,,failed,0,0,,no_usable_pages,known,,,bd6t51177362n: no usable pages in manifest.,2026-07-17T22:21:40.413133
figarosupl,bd6t511773706,,failed,0,0,,no_usable_pages,known,,,bd6t511773706: no usable pages in manifest.,2026-07-17T22:21:40.585735
figarosupl,bd6t511773721,,failed,0,0,,no_usable_pages,known,,,bd6t511773721: no usable pages in manifest.,2026-07-17T22:21:40.671529
figarosupl,bd6t51177374v,,failed,0,0,,no_usable_pages,known,,,bd6t51177374v: no usable pages in manifest.,2026-07-17T22:21:40.782356
figarosupl,bd6t511773773,,failed,0,0,,no_usable_pages,known,,,bd6t511773773: no usable pages in manifest.,2026-07-17T22:21:40.909498
figarosupl,bd6t51177378h,,failed,0,0,,no_usable_pages,known,,,bd6t51177378h: no usable pages in manifest.,2026-07-17T22:21:40.994240
figarosupl,bd6t51177440d,,failed,0,0,,no_usable_pages,known,,,bd6t51177440d: no usable pages in manifest.,2026-07-17T22:21:41.121422
figarosupl,bd6t511774427,,failed,0,0,,no_usable_pages,known,,,bd6t511774427: no usable pages in manifest.,2026-07-17T22:21:41.327974
figarosupl,bd6t51177443n,,failed,0,0,,no_usable_pages,known,,,bd6t51177443n: no usable pages in manifest.,2026-07-17T22:21:41.502887
figarosupl,bd6t51177445g,,failed,0,0,,no_usable_pages,known,,,bd6t51177445g: no usable pages in manifest.,2026-07-17T22:21:41.629243
figarosupl,bd6t51177448q,,failed,0,0,,no_usable_pages,known,,,bd6t51177448q: no usable pages in manifest.,2026-07-17T22:21:41.715078
figarosupl,bd6t511774494,,failed,0,0,,no_usable_pages,known,,,bd6t511774494: no usable pages in manifest.,2026-07-17T22:21:41.804160
figarosupl,bd6t511774516,,failed,0,0,,no_usable_pages,known,,,bd6t511774516: no usable pages in manifest.,2026-07-17T22:21:41.907684
figarosupl,bd6t51177452m,,failed,0,0,,no_usable_pages,known,,,bd6t51177452m: no usable pages in manifest.,2026-07-17T22:21:42.018472
figarosupl,bd6t51177454f,,failed,0,0,,no_usable_pages,known,,,bd6t51177454f: no usable pages in manifest.,2026-07-17T22:21:42.166355
figarosupl,bd6t511774568,,failed,0,0,,no_usable_pages,known,,,bd6t511774568: no usable pages in manifest.,2026-07-17T22:21:42.272058
figarosupl,bd6t51177459h,,failed,0,0,,no_usable_pages,known,,,bd6t51177459h: no usable pages in manifest.,2026-07-17T22:21:42.366049
figarosupl,bd6t51177472c,,failed,0,0,,no_usable_pages,known,,,bd6t51177472c: no usable pages in manifest.,2026-07-17T22:21:42.457119
figarosupl,bd6t51177477f,,failed,0,0,,no_usable_pages,known,,,bd6t51177477f: no usable pages in manifest.,2026-07-17T22:21:42.601984
figarosupl,bd6t51177478v,,failed,0,0,,no_usable_pages,known,,,bd6t51177478v: no usable pages in manifest.,2026-07-17T22:21:42.702229
figarosupl,bd6t511774798,,failed,0,0,,no_usable_pages,known,,,bd6t511774798: no usable pages in manifest.,2026-07-17T22:21:42.793116
figarosupl,bd6t51177482r,,failed,0,0,,no_usable_pages,known,,,bd6t51177482r: no usable pages in manifest.,2026-07-17T22:21:42.886878
figarosupl,bd6t51177484k,,failed,0,0,,no_usable_pages,known,,,bd6t51177484k: no usable pages in manifest.,2026-07-17T22:21:43.030566
figarosupl,bd6t51177486d,,failed,0,0,,no_usable_pages,known,,,bd6t51177486d: no usable pages in manifest.,2026-07-17T22:21:43.192925
figarosupl,bd6t51177487t,,failed,0,0,,no_usable_pages,known,,,bd6t51177487t: no usable pages in manifest.,2026-07-17T22:21:43.324818
figarosupl,bd6t511774887,,failed,0,0,,no_usable_pages,known,,,bd6t511774887: no usable pages in manifest.,2026-07-17T22:21:43.460298
figarosupl,bd6t51177489n,,failed,0,0,,no_usable_pages,known,,,bd6t51177489n: no usable pages in manifest.,2026-07-17T22:21:43.583272
figarosupl,bd6t51176847c,,failed,0,0,,no_usable_pages,known,,,bd6t51176847c: no usable pages in manifest.,2026-07-17T22:21:43.729581
figarosupl,bd6t51176850v,,failed,0,0,,no_usable_pages,known,,,bd6t51176850v: no usable pages in manifest.,2026-07-17T22:21:43.850148
figarosupl,bd6t511768518,,failed,0,0,,no_usable_pages,known,,,bd6t511768518: no usable pages in manifest.,2026-07-17T22:21:43.970551
figarosupl,bd6t511768533,,failed,0,0,,no_usable_pages,known,,,bd6t511768533: no usable pages in manifest.,2026-07-17T22:21:44.077885
figarosupl,bd6t51176857r,,failed,0,0,,no_usable_pages,known,,,bd6t51176857r: no usable pages in manifest.,2026-07-17T22:21:44.212807
figarosupl,bd6t511768585,,failed,0,0,,no_usable_pages,known,,,bd6t511768585: no usable pages in manifest.,2026-07-17T22:21:44.398080
figarosupl,bd6t51176859k,,failed,0,0,,no_usable_pages,known,,,bd6t51176859k: no usable pages in manifest.,2026-07-17T22:21:44.535334
figarosupl,bd6t51176863g,,failed,0,0,,no_usable_pages,known,,,bd6t51176863g: no usable pages in manifest.,2026-07-17T22:21:44.661555
figarosupl,bd6t51176866q,,failed,0,0,,no_usable_pages,known,,,bd6t51176866q: no usable pages in manifest.,2026-07-17T22:21:44.806852
figarosupl,bd6t51176868j,,failed,0,0,,no_usable_pages,known,,,bd6t51176868j: no usable pages in manifest.,2026-07-17T22:21:44.897259
figarosupl,bd6t51176869z,,failed,0,0,,no_usable_pages,known,,,bd6t51176869z: no usable pages in manifest.,2026-07-17T22:21:45.024543
figarosupl,bd6t511768711,,failed,0,0,,no_usable_pages,known,,,bd6t511768711: no usable pages in manifest.,2026-07-17T22:21:45.143568
figarosupl,bd6t51176873v,,failed,0,0,,no_usable_pages,known,,,bd6t51176873v: no usable pages in manifest.,2026-07-17T22:21:45.245945
figarosupl,bd6t511768748,,failed,0,0,,no_usable_pages,known,,,bd6t511768748: no usable pages in manifest.,2026-07-17T22:21:45.436331
figarosupl,bd6t511768763,,failed,0,0,,no_usable_pages,known,,,bd6t511768763: no usable pages in manifest.,2026-07-17T22:21:45.571107
figarosupl,bd6t51176877h,,failed,0,0,,no_usable_pages,known,,,bd6t51176877h: no usable pages in manifest.,2026-07-17T22:21:45.701150
figarosupl,bd6t51176879b,,failed,0,0,,no_usable_pages,known,,,bd6t51176879b: no usable pages in manifest.,2026-07-17T22:21:45.791811
figarosupl,bd6t51176881d,,failed,0,0,,no_usable_pages,known,,,bd6t51176881d: no usable pages in manifest.,2026-07-17T22:21:45.877623
figarosupl,bd6t511768837,,failed,0,0,,no_usable_pages,known,,,bd6t511768837: no usable pages in manifest.,2026-07-17T22:21:46.002449
figarosupl,bd6t51176886g,,failed,0,0,,no_usable_pages,known,,,bd6t51176886g: no usable pages in manifest.,2026-07-17T22:21:46.103263
figarosupl,bd6t511768889,,failed,0,0,,no_usable_pages,known,,,bd6t511768889: no usable pages in manifest.,2026-07-17T22:21:46.281118
figarosupl,bd6t51176889q,,failed,0,0,,no_usable_pages,known,,,bd6t51176889q: no usable pages in manifest.,2026-07-17T22:21:46.502194
figarosupl,bd6t511765087,,failed,0,0,,no_usable_pages,known,,,bd6t511765087: no usable pages in manifest.,2026-07-17T22:21:46.659333
figarosupl,bd6t51176511q,,failed,0,0,,no_usable_pages,known,,,bd6t51176511q: no usable pages in manifest.,2026-07-17T22:21:46.785382
figarosupl,bd6t511765124,,failed,0,0,,no_usable_pages,known,,,bd6t511765124: no usable pages in manifest.,2026-07-17T22:21:46.916166
figarosupl,bd6t51176513j,,failed,0,0,,no_usable_pages,known,,,bd6t51176513j: no usable pages in manifest.,2026-07-17T22:21:47.041100
figarosupl,bd6t51176516s,,failed,0,0,,no_usable_pages,known,,,bd6t51176516s: no usable pages in manifest.,2026-07-17T22:21:47.153521
figarosupl,bd6t511765280,,failed,0,0,,no_usable_pages,known,,,bd6t511765280: no usable pages in manifest.,2026-07-17T22:21:47.271456
figarosupl,bd6t51176529d,,failed,0,0,,no_usable_pages,known,,,bd6t51176529d: no usable pages in manifest.,2026-07-17T22:21:47.407831
figarosupl,bd6t51176536j,,failed,0,0,,no_usable_pages,known,,,bd6t51176536j: no usable pages in manifest.,2026-07-17T22:21:47.644922
figarosupl,bd6t51176539s,,failed,0,0,,no_usable_pages,known,,,bd6t51176539s: no usable pages in manifest.,2026-07-17T22:21:47.778143
figarosupl,bd6t511765428,,failed,0,0,,no_usable_pages,known,,,bd6t511765428: no usable pages in manifest.,2026-07-17T22:21:47.889078
figarosupl,bd6t51176543p,,failed,0,0,,no_usable_pages,known,,,bd6t51176543p: no usable pages in manifest.,2026-07-17T22:21:47.969870
figarosupl,bd6t51176546x,,failed,0,0,,no_usable_pages,known,,,bd6t51176546x: no usable pages in manifest.,2026-07-17T22:21:48.075007
figarosupl,bd6t51176548r,,failed,0,0,,no_usable_pages,known,,,bd6t51176548r: no usable pages in manifest.,2026-07-17T22:21:48.239270
figarosupl,bd6t51176550t,,failed,0,0,,no_usable_pages,known,,,bd6t51176550t: no usable pages in manifest.,2026-07-17T22:21:48.433081
figarosupl,bd6t511765517,,failed,0,0,,no_usable_pages,known,,,bd6t511765517: no usable pages in manifest.,2026-07-17T22:21:48.537097
figarosupl,bd6t51176554g,,failed,0,0,,no_usable_pages,known,,,bd6t51176554g: no usable pages in manifest.,2026-07-17T22:21:48.671860
figarosupl,bd6t51176555w,,failed,0,0,,no_usable_pages,known,,,bd6t51176555w: no usable pages in manifest.,2026-07-17T22:21:48.740730
figarosupl,bd6t511766379,,failed,0,0,,no_usable_pages,known,,,bd6t511766379: no usable pages in manifest.,2026-07-17T22:21:48.856860
figarosupl,bd6t51176647p,,failed,0,0,,no_usable_pages,known,,,bd6t51176647p: no usable pages in manifest.,2026-07-17T22:21:48.949332
figarosupl,bd6t51176649h,,failed,0,0,,no_usable_pages,known,,,bd6t51176649h: no usable pages in manifest.,2026-07-17T22:21:49.034238
figarosupl,bd6t51176653d,,failed,0,0,,no_usable_pages,known,,,bd6t51176653d: no usable pages in manifest.,2026-07-17T22:21:49.162224
figarosupl,bd6t51176656n,,failed,0,0,,no_usable_pages,known,,,bd6t51176656n: no usable pages in manifest.,2026-07-17T22:21:49.248443
figarosupl,bd6t51176659w,,failed,0,0,,no_usable_pages,known,,,bd6t51176659w: no usable pages in manifest.,2026-07-17T22:21:49.367231
figarosupl,bd6t51176660j,,failed,0,0,,no_usable_pages,known,,,bd6t51176660j: no usable pages in manifest.,2026-07-17T22:21:49.471503
figarosupl,bd6t51176667f,,failed,0,0,,no_usable_pages,known,,,bd6t51176667f: no usable pages in manifest.,2026-07-17T22:21:49.614202
figarosupl,bd6t51176668v,,failed,0,0,,no_usable_pages,known,,,bd6t51176668v: no usable pages in manifest.,2026-07-17T22:21:49.925184
figarosupl,bd6t51176683j,,failed,0,0,,no_usable_pages,known,,,bd6t51176683j: no usable pages in manifest.,2026-07-17T22:21:50.040254
figarosupl,bd6t51176686s,,failed,0,0,,no_usable_pages,known,,,bd6t51176686s: no usable pages in manifest.,2026-07-17T22:21:50.147108
figarosupl,bd6t511766876,,failed,0,0,,no_usable_pages,known,,,bd6t511766876: no usable pages in manifest.,2026-07-17T22:21:50.259367
figarosupl,bd6t51176586f,,failed,0,0,,no_usable_pages,known,,,bd6t51176586f: no usable pages in manifest.,2026-07-17T22:21:50.315926
figarosupl,bd6t511765888,,failed,0,0,,no_usable_pages,known,,,bd6t511765888: no usable pages in manifest.,2026-07-17T22:21:50.416739
figarosupl,bd6t511766023,,failed,0,0,,no_usable_pages,known,,,bd6t511766023: no usable pages in manifest.,2026-07-17T22:21:50.540254
figarosupl,bd6t51176606r,,failed,0,0,,no_usable_pages,known,,,bd6t51176606r: no usable pages in manifest.,2026-07-17T22:21:50.681459
figarosupl,bd6t511766075,,failed,0,0,,no_usable_pages,known,,,bd6t511766075: no usable pages in manifest.,2026-07-17T22:21:50.901274
figarosupl,bd6t51176608k,,failed,0,0,,no_usable_pages,known,,,bd6t51176608k: no usable pages in manifest.,2026-07-17T22:21:51.056370
figarosupl,bd6t51176612g,,failed,0,0,,no_usable_pages,known,,,bd6t51176612g: no usable pages in manifest.,2026-07-17T22:21:51.152462
figarosupl,bd6t51176613w,,failed,0,0,,no_usable_pages,known,,,bd6t51176613w: no usable pages in manifest.,2026-07-17T22:21:51.288135
figarosupl,bd6t511766149,,failed,0,0,,no_usable_pages,known,,,bd6t511766149: no usable pages in manifest.,2026-07-17T22:21:51.398417
figarosupl,bd6t51176619c,,failed,0,0,,no_usable_pages,known,,,bd6t51176619c: no usable pages in manifest.,2026-07-17T22:21:51.488976
figarosupl,bd6t511766201,,failed,0,0,,no_usable_pages,known,,,bd6t511766201: no usable pages in manifest.,2026-07-17T22:21:51.616082
figarosupl,bd6t51176621f,,failed,0,0,,no_usable_pages,known,,,bd6t51176621f: no usable pages in manifest.,2026-07-17T22:21:51.781084
figarosupl,bd6t511766238,,failed,0,0,,no_usable_pages,known,,,bd6t511766238: no usable pages in manifest.,2026-07-17T22:21:51.955906
figarosupl,bd6t51176624p,,failed,0,0,,no_usable_pages,known,,,bd6t51176624p: no usable pages in manifest.,2026-07-17T22:21:52.066200
figarosupl,bd6t511766253,,failed,0,0,,no_usable_pages,known,,,bd6t511766253: no usable pages in manifest.,2026-07-17T22:21:52.150698
figarosupl,bd6t51176626h,,failed,0,0,,no_usable_pages,known,,,bd6t51176626h: no usable pages in manifest.,2026-07-17T22:21:52.239336
figarosupl,bd6t51176628b,,failed,0,0,,no_usable_pages,known,,,bd6t51176628b: no usable pages in manifest.,2026-07-17T22:21:52.343158
figarosupl,bd6t51176629r,,failed,0,0,,no_usable_pages,known,,,bd6t51176629r: no usable pages in manifest.,2026-07-17T22:21:52.427899
figarosupl,bd6t51176630d,,failed,0,0,,no_usable_pages,known,,,bd6t51176630d: no usable pages in manifest.,2026-07-17T22:21:52.529508
figarosupl,bd6t51176688m,,failed,0,0,,no_usable_pages,known,,,bd6t51176688m: no usable pages in manifest.,2026-07-17T22:21:52.661376
figarosupl,bd6t51176692h,,failed,0,0,,no_usable_pages,known,,,bd6t51176692h: no usable pages in manifest.,2026-07-17T22:21:52.791568
figarosupl,bd6t511766980,,failed,0,0,,no_usable_pages,known,,,bd6t511766980: no usable pages in manifest.,2026-07-17T22:21:52.930483
figarosupl,bd6t51176699d,,failed,0,0,,no_usable_pages,known,,,bd6t51176699d: no usable pages in manifest.,2026-07-17T22:21:53.109202
figarosupl,bd6t51176700m,,failed,0,0,,no_usable_pages,known,,,bd6t51176700m: no usable pages in manifest.,2026-07-17T22:21:53.237695
figarosupl,bd6t51176703v,,failed,0,0,,no_usable_pages,known,,,bd6t51176703v: no usable pages in manifest.,2026-07-17T22:21:53.393109
figarosupl,bd6t51176707h,,failed,0,0,,no_usable_pages,known,,,bd6t51176707h: no usable pages in manifest.,2026-07-17T22:21:53.536560
figarosupl,bd6t51176708x,,failed,0,0,,no_usable_pages,known,,,bd6t51176708x: no usable pages in manifest.,2026-07-17T22:21:53.652474
figarosupl,bd6t511767137,,failed,0,0,,no_usable_pages,known,,,bd6t511767137: no usable pages in manifest.,2026-07-17T22:21:53.751076
figarosupl,bd6t51176716g,,failed,0,0,,no_usable_pages,known,,,bd6t51176716g: no usable pages in manifest.,2026-07-17T22:21:53.838465
figarosupl,bd6t51176717w,,failed,0,0,,no_usable_pages,known,,,bd6t51176717w: no usable pages in manifest.,2026-07-17T22:21:53.954882
figarosupl,bd6t511767189,,failed,0,0,,no_usable_pages,known,,,bd6t511767189: no usable pages in manifest.,2026-07-17T22:21:54.117944
figarosupl,bd6t51176720c,,failed,0,0,,no_usable_pages,known,,,bd6t51176720c: no usable pages in manifest.,2026-07-17T22:21:54.200490
figarosupl,bd6t51176725f,,failed,0,0,,no_usable_pages,known,,,bd6t51176725f: no usable pages in manifest.,2026-07-17T22:21:54.272470
figarosupl,bd6t511767330,,failed,0,0,,no_usable_pages,known,,,bd6t511767330: no usable pages in manifest.,2026-07-17T22:21:54.363806
figarosupl,bd6t51176734d,,failed,0,0,,no_usable_pages,known,,,bd6t51176734d: no usable pages in manifest.,2026-07-17T22:21:54.470618
figarosupl,bd6t511767367,,failed,0,0,,no_usable_pages,known,,,bd6t511767367: no usable pages in manifest.,2026-07-17T22:21:54.589482
figarosupl,bd6t51176737n,,failed,0,0,,no_usable_pages,known,,,bd6t51176737n: no usable pages in manifest.,2026-07-17T22:21:54.685475
figarosupl,bd6t51176741j,,failed,0,0,,no_usable_pages,known,,,bd6t51176741j: no usable pages in manifest.,2026-07-17T22:21:54.839966
figarosupl,bd6t51176744s,,failed,0,0,,no_usable_pages,known,,,bd6t51176744s: no usable pages in manifest.,2026-07-17T22:21:54.981647
figarosupl,bd6t511767456,,failed,0,0,,no_usable_pages,known,,,bd6t511767456: no usable pages in manifest.,2026-07-17T22:21:55.229039
figarosupl,bd6t51176748f,,failed,0,0,,no_usable_pages,known,,,bd6t51176748f: no usable pages in manifest.,2026-07-17T22:21:55.328212
figarosupl,bd6t51176753r,,failed,0,0,,no_usable_pages,known,,,bd6t51176753r: no usable pages in manifest.,2026-07-17T22:21:55.463181
figarosupl,bd6t511767545,,failed,0,0,,no_usable_pages,known,,,bd6t511767545: no usable pages in manifest.,2026-07-17T22:21:55.567556
figarosupl,bd6t51176755k,,failed,0,0,,no_usable_pages,known,,,bd6t51176755k: no usable pages in manifest.,2026-07-17T22:21:55.726022
figarosupl,bd6t511767560,,failed,0,0,,no_usable_pages,known,,,bd6t511767560: no usable pages in manifest.,2026-07-17T22:21:55.820625
figarosupl,bd6t51176757d,,failed,0,0,,no_usable_pages,known,,,bd6t51176757d: no usable pages in manifest.,2026-07-17T22:21:55.943129
figarosupl,bd6t511767597,,failed,0,0,,no_usable_pages,known,,,bd6t511767597: no usable pages in manifest.,2026-07-17T22:21:56.066603
figarosupl,bd6t51176760w,,failed,0,0,,no_usable_pages,known,,,bd6t51176760w: no usable pages in manifest.,2026-07-17T22:21:56.270698
figarosupl,bd6t51176766c,,failed,0,0,,no_usable_pages,known,,,bd6t51176766c: no usable pages in manifest.,2026-07-17T22:21:56.390642
figarosupl,bd6t51176767s,,failed,0,0,,no_usable_pages,known,,,bd6t51176767s: no usable pages in manifest.,2026-07-17T22:21:56.594654
figarosupl,bd6t511767708,,failed,0,0,,no_usable_pages,known,,,bd6t511767708: no usable pages in manifest.,2026-07-17T22:21:56.734126
figarosupl,bd6t51176773h,,failed,0,0,,no_usable_pages,known,,,bd6t51176773h: no usable pages in manifest.,2026-07-17T22:21:56.860561
figarosupl,bd6t51176774x,,failed,0,0,,no_usable_pages,known,,,bd6t51176774x: no usable pages in manifest.,2026-07-17T22:21:56.961271
figarosupl,bd6t51176775b,,failed,0,0,,no_usable_pages,known,,,bd6t51176775b: no usable pages in manifest.,2026-07-17T22:21:57.048354
figarosupl,bd6t51176776r,,failed,0,0,,no_usable_pages,known,,,bd6t51176776r: no usable pages in manifest.,2026-07-17T22:21:57.154066
figarosupl,bd6t51176788z,,failed,0,0,,no_usable_pages,known,,,bd6t51176788z: no usable pages in manifest.,2026-07-17T22:21:57.322705
figarosupl,bd6t51176789c,,failed,0,0,,no_usable_pages,known,,,bd6t51176789c: no usable pages in manifest.,2026-07-17T22:21:57.404725
figarosupl,bd6t51176794p,,failed,0,0,,no_usable_pages,known,,,bd6t51176794p: no usable pages in manifest.,2026-07-17T22:21:57.487808
figarosupl,bd6t511767953,,failed,0,0,,no_usable_pages,known,,,bd6t511767953: no usable pages in manifest.,2026-07-17T22:21:57.595092
figarosupl,bd6t511768036,,failed,0,0,,no_usable_pages,known,,,bd6t511768036: no usable pages in manifest.,2026-07-17T22:21:57.684469
figarosupl,bd6t51176804m,,failed,0,0,,no_usable_pages,known,,,bd6t51176804m: no usable pages in manifest.,2026-07-17T22:21:57.818704
figarosupl,bd6t511768088,,failed,0,0,,no_usable_pages,known,,,bd6t511768088: no usable pages in manifest.,2026-07-17T22:21:57.981168
figarosupl,bd6t51176810b,,failed,0,0,,no_usable_pages,known,,,bd6t51176810b: no usable pages in manifest.,2026-07-17T22:21:58.103745
figarosupl,bd6t51176811r,,failed,0,0,,no_usable_pages,known,,,bd6t51176811r: no usable pages in manifest.,2026-07-17T22:21:58.261106
figarosupl,bd6t51176813k,,failed,0,0,,no_usable_pages,known,,,bd6t51176813k: no usable pages in manifest.,2026-07-17T22:21:58.409797
figarosupl,bd6t511768140,,failed,0,0,,no_usable_pages,known,,,bd6t511768140: no usable pages in manifest.,2026-07-17T22:21:58.510595
figarosupl,bd6t51176815d,,failed,0,0,,no_usable_pages,known,,,bd6t51176815d: no usable pages in manifest.,2026-07-17T22:21:58.601088
figarosupl,bd6t511768177,,failed,0,0,,no_usable_pages,known,,,bd6t511768177: no usable pages in manifest.,2026-07-17T22:21:58.697765
figarosupl,bd6t51176818n,,failed,0,0,,no_usable_pages,known,,,bd6t51176818n: no usable pages in manifest.,2026-07-17T22:21:58.811554
figarosupl,bd6t51176820q,,failed,0,0,,no_usable_pages,known,,,bd6t51176820q: no usable pages in manifest.,2026-07-17T22:21:58.906027
figarosupl,bd6t511768214,,failed,0,0,,no_usable_pages,known,,,bd6t511768214: no usable pages in manifest.,2026-07-17T22:21:59.001246
figarosupl,bd6t51176822j,,failed,0,0,,no_usable_pages,known,,,bd6t51176822j: no usable pages in manifest.,2026-07-17T22:21:59.081181
figarosupl,bd6t51176823z,,failed,0,0,,no_usable_pages,known,,,bd6t51176823z: no usable pages in manifest.,2026-07-17T22:21:59.200604
figarosupl,bd6t51176824c,,failed,0,0,,no_usable_pages,known,,,bd6t51176824c: no usable pages in manifest.,2026-07-17T22:21:59.278710
figarosupl,bd6t511768281,,failed,0,0,,no_usable_pages,known,,,bd6t511768281: no usable pages in manifest.,2026-07-17T22:21:59.427994
figarosupl,bd6t511768303,,failed,0,0,,no_usable_pages,known,,,bd6t511768303: no usable pages in manifest.,2026-07-17T22:21:59.536646
figarosupl,bd6t51176831h,,failed,0,0,,no_usable_pages,known,,,bd6t51176831h: no usable pages in manifest.,2026-07-17T22:21:59.636083
figarosupl,bd6t51176832x,,failed,0,0,,no_usable_pages,known,,,bd6t51176832x: no usable pages in manifest.,2026-07-17T22:21:59.724734
figarosupl,bd6t51176834r,,failed,0,0,,no_usable_pages,known,,,bd6t51176834r: no usable pages in manifest.,2026-07-17T22:21:59.889980
figarosupl,bd6t511768370,,failed,0,0,,no_usable_pages,known,,,bd6t511768370: no usable pages in manifest.,2026-07-17T22:21:59.996558
figarosupl,bd6t51176838d,,failed,0,0,,no_usable_pages,known,,,bd6t51176838d: no usable pages in manifest.,2026-07-17T22:22:00.104337
figarosupl,bd6t51176841w,,failed,0,0,,no_usable_pages,known,,,bd6t51176841w: no usable pages in manifest.,2026-07-17T22:22:00.195387
figarosupl,bd6t511768429,,failed,0,0,,no_usable_pages,known,,,bd6t511768429: no usable pages in manifest.,2026-07-17T22:22:00.291655
figarosupl,bd6t511768444,,failed,0,0,,no_usable_pages,known,,,bd6t511768444: no usable pages in manifest.,2026-07-17T22:22:00.399821
figarosupl,bd6t51177047x,,failed,0,0,,no_usable_pages,known,,,bd6t51177047x: no usable pages in manifest.,2026-07-17T22:22:00.572301
figarosupl,bd6t51177048b,,failed,0,0,,no_usable_pages,known,,,bd6t51177048b: no usable pages in manifest.,2026-07-17T22:22:00.668926
figarosupl,bd6t51177049r,,failed,0,0,,no_usable_pages,known,,,bd6t51177049r: no usable pages in manifest.,2026-07-17T22:22:00.752241
figarosupl,bd6t511770616,,failed,0,0,,no_usable_pages,known,,,bd6t511770616: no usable pages in manifest.,2026-07-17T22:22:00.847228
figarosupl,bd6t51177062m,,failed,0,0,,no_usable_pages,known,,,bd6t51177062m: no usable pages in manifest.,2026-07-17T22:22:00.960065
figarosupl,bd6t511770631,,failed,0,0,,no_usable_pages,known,,,bd6t511770631: no usable pages in manifest.,2026-07-17T22:22:01.037295
figarosupl,bd6t51177064f,,failed,0,0,,no_usable_pages,known,,,bd6t51177064f: no usable pages in manifest.,2026-07-17T22:22:01.160718
figarosupl,bd6t51177065v,,failed,0,0,,no_usable_pages,known,,,bd6t51177065v: no usable pages in manifest.,2026-07-17T22:22:01.289272
figarosupl,bd6t511770683,,failed,0,0,,no_usable_pages,known,,,bd6t511770683: no usable pages in manifest.,2026-07-17T22:22:01.422200
figarosupl,bd6t51177069h,,failed,0,0,,no_usable_pages,known,,,bd6t51177069h: no usable pages in manifest.,2026-07-17T22:22:01.616336
figarosupl,bd6t51177071k,,failed,0,0,,no_usable_pages,known,,,bd6t51177071k: no usable pages in manifest.,2026-07-17T22:22:01.707055
figarosupl,bd6t511770720,,failed,0,0,,no_usable_pages,known,,,bd6t511770720: no usable pages in manifest.,2026-07-17T22:22:01.796829
figarosupl,bd6t51177073d,,failed,0,0,,no_usable_pages,known,,,bd6t51177073d: no usable pages in manifest.,2026-07-17T22:22:01.874421
figarosupl,bd6t511770757,,failed,0,0,,no_usable_pages,known,,,bd6t511770757: no usable pages in manifest.,2026-07-17T22:22:01.979770
figarosupl,bd6t51177076n,,failed,0,0,,no_usable_pages,known,,,bd6t51177076n: no usable pages in manifest.,2026-07-17T22:22:02.072645
figarosupl,bd6t511770772,,failed,0,0,,no_usable_pages,known,,,bd6t511770772: no usable pages in manifest.,2026-07-17T22:22:02.176546
figarosupl,bd6t51177078g,,failed,0,0,,no_usable_pages,known,,,bd6t51177078g: no usable pages in manifest.,2026-07-17T22:22:02.290194
figarosupl,bd6t51177079w,,failed,0,0,,no_usable_pages,known,,,bd6t51177079w: no usable pages in manifest.,2026-07-17T22:22:02.366587
figarosupl,bd6t51177080j,,failed,0,0,,no_usable_pages,known,,,bd6t51177080j: no usable pages in manifest.,2026-07-17T22:22:02.450354
figarosupl,bd6t51177081z,,failed,0,0,,no_usable_pages,known,,,bd6t51177081z: no usable pages in manifest.,2026-07-17T22:22:02.638316
figarosupl,bd6t51177083s,,failed,0,0,,no_usable_pages,known,,,bd6t51177083s: no usable pages in manifest.,2026-07-17T22:22:02.743297
figarosupl,bd6t511770846,,failed,0,0,,no_usable_pages,known,,,bd6t511770846: no usable pages in manifest.,2026-07-17T22:22:02.918588
figarosupl,bd6t51177092r,,failed,0,0,,no_usable_pages,known,,,bd6t51177092r: no usable pages in manifest.,2026-07-17T22:22:03.013671
figarosupl,bd6t511770935,,failed,0,0,,no_usable_pages,known,,,bd6t511770935: no usable pages in manifest.,2026-07-17T22:22:03.117694
figarosupl,bd6t51177094k,,failed,0,0,,no_usable_pages,known,,,bd6t51177094k: no usable pages in manifest.,2026-07-17T22:22:03.211699
figarosupl,bd6t511770950,,failed,0,0,,no_usable_pages,known,,,bd6t511770950: no usable pages in manifest.,2026-07-17T22:22:03.313803
franctireur,bpt6k148282g,,failed,0,0,,no_usable_pages,known,,,bpt6k148282g: no usable pages in manifest.,2026-07-17T22:22:03.525002
franctireur,bpt6k147288g,,failed,0,0,,no_usable_pages,known,,,bpt6k147288g: no usable pages in manifest.,2026-07-17T22:22:03.716684
franctireur,bpt6k148283v,,failed,0,0,,no_usable_pages,known,,,bpt6k148283v: no usable pages in manifest.,2026-07-17T22:22:03.801216
franctireur,bpt6k1482847,,failed,0,0,,no_usable_pages,known,,,bpt6k1482847: no usable pages in manifest.,2026-07-17T22:22:03.921458
franctireur,bpt6k148285m,,failed,0,0,,no_usable_pages,known,,,bpt6k148285m: no usable pages in manifest.,2026-07-17T22:22:04.007665
franctireur,bpt6k1482860,,failed,0,0,,no_usable_pages,known,,,bpt6k1482860: no usable pages in manifest.,2026-07-17T22:22:04.095166
franctireur,bpt6k41052891,,failed,0,0,,no_usable_pages,known,,,bpt6k41052891: no usable pages in manifest.,2026-07-17T22:22:04.217480
franctireur,bpt6k41066177,,failed,0,0,,no_usable_pages,known,,,bpt6k41066177: no usable pages in manifest.,2026-07-17T22:22:04.336966
franctireur,bpt6k4106618n,,failed,0,0,,no_usable_pages,known,,,bpt6k4106618n: no usable pages in manifest.,2026-07-17T22:22:04.460595
franctireur,bpt6k41066192,,failed,0,0,,no_usable_pages,known,,,bpt6k41066192: no usable pages in manifest.,2026-07-17T22:22:04.541106
franctireur,bpt6k4106620q,,failed,0,0,,no_usable_pages,known,,,bpt6k4106620q: no usable pages in manifest.,2026-07-17T22:22:04.752864
franctireur,bpt6k41066214,,failed,0,0,,no_usable_pages,known,,,bpt6k41066214: no usable pages in manifest.,2026-07-17T22:22:04.849476
franctireur,bpt6k4106622j,,failed,0,0,,no_usable_pages,known,,,bpt6k4106622j: no usable pages in manifest.,2026-07-17T22:22:04.971003
franctireur,bpt6k4106623z,,failed,0,0,,no_usable_pages,known,,,bpt6k4106623z: no usable pages in manifest.,2026-07-17T22:22:05.052643
franctireur,bpt6k4106624c,,failed,0,0,,no_usable_pages,known,,,bpt6k4106624c: no usable pages in manifest.,2026-07-17T22:22:05.139216
franctireur,bpt6k4106625s,,failed,0,0,,no_usable_pages,known,,,bpt6k4106625s: no usable pages in manifest.,2026-07-17T22:22:05.227974
franctireur,bpt6k41066266,,failed,0,0,,no_usable_pages,known,,,bpt6k41066266: no usable pages in manifest.,2026-07-17T22:22:05.327001
franctireur,bpt6k4106627m,,failed,0,0,,no_usable_pages,known,,,bpt6k4106627m: no usable pages in manifest.,2026-07-17T22:22:05.416877
franctireur,bpt6k41066281,,failed,0,0,,no_usable_pages,known,,,bpt6k41066281: no usable pages in manifest.,2026-07-17T22:22:05.517667
franctireur,bpt6k4106629f,,failed,0,0,,no_usable_pages,known,,,bpt6k4106629f: no usable pages in manifest.,2026-07-17T22:22:05.593908
franctireur,bpt6k41066303,,failed,0,0,,no_usable_pages,known,,,bpt6k41066303: no usable pages in manifest.,2026-07-17T22:22:05.669909
franctireur,bpt6k4106631h,,failed,0,0,,no_usable_pages,known,,,bpt6k4106631h: no usable pages in manifest.,2026-07-17T22:22:05.776573
franctireur,bpt6k4106632x,,failed,0,0,,no_usable_pages,known,,,bpt6k4106632x: no usable pages in manifest.,2026-07-17T22:22:05.882040
franctireur,bpt6k4106633b,,failed,0,0,,no_usable_pages,known,,,bpt6k4106633b: no usable pages in manifest.,2026-07-17T22:22:05.985774
franctireur,bpt6k4106634r,,failed,0,0,,no_usable_pages,known,,,bpt6k4106634r: no usable pages in manifest.,2026-07-17T22:22:06.082617
franctireur,bpt6k41066355,,failed,0,0,,no_usable_pages,known,,,bpt6k41066355: no usable pages in manifest.,2026-07-17T22:22:06.160486
franctireur,bpt6k4106636k,,failed,0,0,,no_usable_pages,known,,,bpt6k4106636k: no usable pages in manifest.,2026-07-17T22:22:06.248880
franctireur,bpt6k41066370,,failed,0,0,,no_usable_pages,known,,,bpt6k41066370: no usable pages in manifest.,2026-07-17T22:22:06.335640
franctireur,bpt6k4106638d,,failed,0,0,,no_usable_pages,known,,,bpt6k4106638d: no usable pages in manifest.,2026-07-17T22:22:06.529643
franctireur,bpt6k4106639t,,failed,0,0,,no_usable_pages,known,,,bpt6k4106639t: no usable pages in manifest.,2026-07-17T22:22:06.650698
franctireur,bpt6k4106640g,,failed,0,0,,no_usable_pages,known,,,bpt6k4106640g: no usable pages in manifest.,2026-07-17T22:22:06.866482
franctireur,bpt6k4106641w,,failed,0,0,,no_usable_pages,known,,,bpt6k4106641w: no usable pages in manifest.,2026-07-17T22:22:06.970727
franctireur,bpt6k41066429,,failed,0,0,,no_usable_pages,known,,,bpt6k41066429: no usable pages in manifest.,2026-07-17T22:22:07.041050
franctireur,bpt6k4106643q,,failed,0,0,,no_usable_pages,known,,,bpt6k4106643q: no usable pages in manifest.,2026-07-17T22:22:07.141719
franctireur,bpt6k41066444,,failed,0,0,,no_usable_pages,known,,,bpt6k41066444: no usable pages in manifest.,2026-07-17T22:22:07.228698
franctireur,bpt6k4106645j,,failed,0,0,,no_usable_pages,known,,,bpt6k4106645j: no usable pages in manifest.,2026-07-17T22:22:07.314487
franctireur,bpt6k4106646z,,failed,0,0,,no_usable_pages,known,,,bpt6k4106646z: no usable pages in manifest.,2026-07-17T22:22:07.444310
franctireur,bpt6k4106647c,,failed,0,0,,no_usable_pages,known,,,bpt6k4106647c: no usable pages in manifest.,2026-07-17T22:22:07.635113
franctireur,bpt6k4106648s,,failed,0,0,,no_usable_pages,known,,,bpt6k4106648s: no usable pages in manifest.,2026-07-17T22:22:07.770757
franctireur,bpt6k41066496,,failed,0,0,,no_usable_pages,known,,,bpt6k41066496: no usable pages in manifest.,2026-07-17T22:22:08.065403
franctireur,bpt6k4106650v,,failed,0,0,,no_usable_pages,known,,,bpt6k4106650v: no usable pages in manifest.,2026-07-17T22:22:08.161382
franctireur,bpt6k41066518,,failed,0,0,,no_usable_pages,known,,,bpt6k41066518: no usable pages in manifest.,2026-07-17T22:22:08.253580
franctireur,bpt6k4106652p,,failed,0,0,,no_usable_pages,known,,,bpt6k4106652p: no usable pages in manifest.,2026-07-17T22:22:08.394980
franctireur,bpt6k41066533,,failed,0,0,,no_usable_pages,known,,,bpt6k41066533: no usable pages in manifest.,2026-07-17T22:22:08.517360
franctireur,bpt6k4106654h,,failed,0,0,,no_usable_pages,known,,,bpt6k4106654h: no usable pages in manifest.,2026-07-17T22:22:08.639123
franctireur,bpt6k4106655x,,failed,0,0,,no_usable_pages,known,,,bpt6k4106655x: no usable pages in manifest.,2026-07-17T22:22:08.813570
franctireur,bpt6k4106656b,,failed,0,0,,no_usable_pages,known,,,bpt6k4106656b: no usable pages in manifest.,2026-07-17T22:22:09.019523
franctireur,bpt6k4106657r,,failed,0,0,,no_usable_pages,known,,,bpt6k4106657r: no usable pages in manifest.,2026-07-17T22:22:09.120038
franctireur,bpt6k41066585,,failed,0,0,,no_usable_pages,known,,,bpt6k41066585: no usable pages in manifest.,2026-07-17T22:22:09.196476
franctireur,bpt6k4106659k,,failed,0,0,,no_usable_pages,known,,,bpt6k4106659k: no usable pages in manifest.,2026-07-17T22:22:09.287449
franctireur,bpt6k41066607,,failed,0,0,,no_usable_pages,known,,,bpt6k41066607: no usable pages in manifest.,2026-07-17T22:22:09.395481
franctireur,bpt6k4106661n,,failed,0,0,,no_usable_pages,known,,,bpt6k4106661n: no usable pages in manifest.,2026-07-17T22:22:09.497568
franctireur,bpt6k41066622,,failed,0,0,,no_usable_pages,known,,,bpt6k41066622: no usable pages in manifest.,2026-07-17T22:22:09.622684
franctireur,bpt6k4106663g,,failed,0,0,,no_usable_pages,known,,,bpt6k4106663g: no usable pages in manifest.,2026-07-17T22:22:09.878233
franctireur,bpt6k4106664w,,failed,0,0,,no_usable_pages,known,,,bpt6k4106664w: no usable pages in manifest.,2026-07-17T22:22:10.020585
franctireur,bpt6k41066659,,failed,0,0,,no_usable_pages,known,,,bpt6k41066659: no usable pages in manifest.,2026-07-17T22:22:10.150497
franctireur,bpt6k4106666q,,failed,0,0,,no_usable_pages,known,,,bpt6k4106666q: no usable pages in manifest.,2026-07-17T22:22:10.231613
franctireur,bpt6k41066674,,failed,0,0,,no_usable_pages,known,,,bpt6k41066674: no usable pages in manifest.,2026-07-17T22:22:10.331433
franctireur,bpt6k4106668j,,failed,0,0,,no_usable_pages,known,,,bpt6k4106668j: no usable pages in manifest.,2026-07-17T22:22:10.420556
franctireur,bpt6k4106669z,,failed,0,0,,no_usable_pages,known,,,bpt6k4106669z: no usable pages in manifest.,2026-07-17T22:22:10.526624
franctireur,bpt6k4106670m,,failed,0,0,,no_usable_pages,known,,,bpt6k4106670m: no usable pages in manifest.,2026-07-17T22:22:10.633223
franctireur,bpt6k41066711,,failed,0,0,,no_usable_pages,known,,,bpt6k41066711: no usable pages in manifest.,2026-07-17T22:22:10.728961
franctireur,bpt6k4106672f,,failed,0,0,,no_usable_pages,known,,,bpt6k4106672f: no usable pages in manifest.,2026-07-17T22:22:10.844327
franctireur,bpt6k4106673v,,failed,0,0,,no_usable_pages,known,,,bpt6k4106673v: no usable pages in manifest.,2026-07-17T22:22:10.945415
franctireur,bpt6k41066748,,failed,0,0,,no_usable_pages,known,,,bpt6k41066748: no usable pages in manifest.,2026-07-17T22:22:11.112498
franctireur,bpt6k4106675p,,failed,0,0,,no_usable_pages,known,,,bpt6k4106675p: no usable pages in manifest.,2026-07-17T22:22:11.204030
franctireur,bpt6k41066763,,failed,0,0,,no_usable_pages,known,,,bpt6k41066763: no usable pages in manifest.,2026-07-17T22:22:11.327125
franctireur,bpt6k4106677h,,failed,0,0,,no_usable_pages,known,,,bpt6k4106677h: no usable pages in manifest.,2026-07-17T22:22:11.450546
franctireur,bpt6k4106678x,,failed,0,0,,no_usable_pages,known,,,bpt6k4106678x: no usable pages in manifest.,2026-07-17T22:22:11.566104
franctireur,bpt6k4106679b,,failed,0,0,,no_usable_pages,known,,,bpt6k4106679b: no usable pages in manifest.,2026-07-17T22:22:11.691134
franctireur,bpt6k41066800,,failed,0,0,,no_usable_pages,known,,,bpt6k41066800: no usable pages in manifest.,2026-07-17T22:22:11.803186
franctireur,bpt6k4106681d,,failed,0,0,,no_usable_pages,known,,,bpt6k4106681d: no usable pages in manifest.,2026-07-17T22:22:11.908217
franctireur,bpt6k4106682t,,failed,0,0,,no_usable_pages,known,,,bpt6k4106682t: no usable pages in manifest.,2026-07-17T22:22:11.979038
franctireur,bpt6k41066837,,failed,0,0,,no_usable_pages,known,,,bpt6k41066837: no usable pages in manifest.,2026-07-17T22:22:12.114971
franctireur,bpt6k4106684n,,failed,0,0,,no_usable_pages,known,,,bpt6k4106684n: no usable pages in manifest.,2026-07-17T22:22:12.200928
franctireur,bpt6k41066852,,failed,0,0,,no_usable_pages,known,,,bpt6k41066852: no usable pages in manifest.,2026-07-17T22:22:12.311427
franctireur,bpt6k4106686g,,failed,0,0,,no_usable_pages,known,,,bpt6k4106686g: no usable pages in manifest.,2026-07-17T22:22:12.398528
franctireur,bpt6k4106687w,,failed,0,0,,no_usable_pages,known,,,bpt6k4106687w: no usable pages in manifest.,2026-07-17T22:22:12.508104
franctireur,bpt6k41066889,,failed,0,0,,no_usable_pages,known,,,bpt6k41066889: no usable pages in manifest.,2026-07-17T22:22:12.595737
franctireur,bpt6k4106689q,,failed,0,0,,no_usable_pages,known,,,bpt6k4106689q: no usable pages in manifest.,2026-07-17T22:22:12.695964
franctireur,bpt6k4106690c,,failed,0,0,,no_usable_pages,known,,,bpt6k4106690c: no usable pages in manifest.,2026-07-17T22:22:12.808546
franctireur,bpt6k4106691s,,failed,0,0,,no_usable_pages,known,,,bpt6k4106691s: no usable pages in manifest.,2026-07-17T22:22:12.919542
franctireur,bpt6k41066926,,failed,0,0,,no_usable_pages,known,,,bpt6k41066926: no usable pages in manifest.,2026-07-17T22:22:13.068292
franctireur,bpt6k4106693m,,failed,0,0,,no_usable_pages,known,,,bpt6k4106693m: no usable pages in manifest.,2026-07-17T22:22:13.267689
franctireur,bpt6k41066941,,failed,0,0,,no_usable_pages,known,,,bpt6k41066941: no usable pages in manifest.,2026-07-17T22:22:13.390273
franctireur,bpt6k4106695f,,failed,0,0,,no_usable_pages,known,,,bpt6k4106695f: no usable pages in manifest.,2026-07-17T22:22:13.474554
franctireur,bpt6k4106696v,,failed,0,0,,no_usable_pages,known,,,bpt6k4106696v: no usable pages in manifest.,2026-07-17T22:22:13.564009
franctireur,bpt6k41066978,,failed,0,0,,no_usable_pages,known,,,bpt6k41066978: no usable pages in manifest.,2026-07-17T22:22:13.663214
franctireur,bpt6k4106698p,,failed,0,0,,no_usable_pages,known,,,bpt6k4106698p: no usable pages in manifest.,2026-07-17T22:22:13.773579
franctireur,bpt6k41066993,,failed,0,0,,no_usable_pages,known,,,bpt6k41066993: no usable pages in manifest.,2026-07-17T22:22:13.870040
franctireur,bpt6k41067009,,failed,0,0,,no_usable_pages,known,,,bpt6k41067009: no usable pages in manifest.,2026-07-17T22:22:13.974292
franctireur,bpt6k4106701q,,failed,0,0,,no_usable_pages,known,,,bpt6k4106701q: no usable pages in manifest.,2026-07-17T22:22:14.055144
franctireur,bpt6k41067024,,failed,0,0,,no_usable_pages,known,,,bpt6k41067024: no usable pages in manifest.,2026-07-17T22:22:14.141243
franctireur,bpt6k4106703j,,failed,0,0,,no_usable_pages,known,,,bpt6k4106703j: no usable pages in manifest.,2026-07-17T22:22:14.292338
franctireur,bpt6k4106704z,,failed,0,0,,no_usable_pages,known,,,bpt6k4106704z: no usable pages in manifest.,2026-07-17T22:22:14.365909
franctireur,bpt6k4106705c,,failed,0,0,,no_usable_pages,known,,,bpt6k4106705c: no usable pages in manifest.,2026-07-17T22:22:14.503102
franctireur,bpt6k4106706s,,failed,0,0,,no_usable_pages,known,,,bpt6k4106706s: no usable pages in manifest.,2026-07-17T22:22:14.671820
franctireur,bpt6k41067076,,failed,0,0,,no_usable_pages,known,,,bpt6k41067076: no usable pages in manifest.,2026-07-17T22:22:14.779914
franctireur,bpt6k4106708m,,failed,0,0,,no_usable_pages,known,,,bpt6k4106708m: no usable pages in manifest.,2026-07-17T22:22:14.885361
franctireur,bpt6k41067091,,failed,0,0,,no_usable_pages,known,,,bpt6k41067091: no usable pages in manifest.,2026-07-17T22:22:15.002904
franctireur,bpt6k4106710p,,failed,0,0,,no_usable_pages,known,,,bpt6k4106710p: no usable pages in manifest.,2026-07-17T22:22:15.108405
franctireur,bpt6k41067113,,failed,0,0,,no_usable_pages,known,,,bpt6k41067113: no usable pages in manifest.,2026-07-17T22:22:15.243981
franctireur,bpt6k4106712h,,failed,0,0,,no_usable_pages,known,,,bpt6k4106712h: no usable pages in manifest.,2026-07-17T22:22:15.420587
franctireur,bpt6k4106713x,,failed,0,0,,no_usable_pages,known,,,bpt6k4106713x: no usable pages in manifest.,2026-07-17T22:22:15.545992
franctireur,bpt6k4106714b,,failed,0,0,,no_usable_pages,known,,,bpt6k4106714b: no usable pages in manifest.,2026-07-17T22:22:15.665183
franctireur,bpt6k4106715r,,failed,0,0,,no_usable_pages,known,,,bpt6k4106715r: no usable pages in manifest.,2026-07-17T22:22:15.802517
franctireur,bpt6k41067165,,failed,0,0,,no_usable_pages,known,,,bpt6k41067165: no usable pages in manifest.,2026-07-17T22:22:15.912234
franctireur,bpt6k4106717k,,failed,0,0,,no_usable_pages,known,,,bpt6k4106717k: no usable pages in manifest.,2026-07-17T22:22:16.059578
franctireur,bpt6k41067180,,failed,0,0,,no_usable_pages,known,,,bpt6k41067180: no usable pages in manifest.,2026-07-17T22:22:16.296312
franctireur,bpt6k4106719d,,failed,0,0,,no_usable_pages,known,,,bpt6k4106719d: no usable pages in manifest.,2026-07-17T22:22:16.502225
franctireur,bpt6k41067202,,failed,0,0,,no_usable_pages,known,,,bpt6k41067202: no usable pages in manifest.,2026-07-17T22:22:16.615099
franctireur,bpt6k4106721g,,failed,0,0,,no_usable_pages,known,,,bpt6k4106721g: no usable pages in manifest.,2026-07-17T22:22:16.715166
franctireur,bpt6k4106722w,,failed,0,0,,no_usable_pages,known,,,bpt6k4106722w: no usable pages in manifest.,2026-07-17T22:22:16.852512
franctireur,bpt6k41067239,,failed,0,0,,no_usable_pages,known,,,bpt6k41067239: no usable pages in manifest.,2026-07-17T22:22:16.972601
franctireur,bpt6k4106724q,,failed,0,0,,no_usable_pages,known,,,bpt6k4106724q: no usable pages in manifest.,2026-07-17T22:22:17.066318
franctireur,bpt6k41067254,,failed,0,0,,no_usable_pages,known,,,bpt6k41067254: no usable pages in manifest.,2026-07-17T22:22:17.181753
franctireur,bpt6k4106726j,,failed,0,0,,no_usable_pages,known,,,bpt6k4106726j: no usable pages in manifest.,2026-07-17T22:22:17.288494
franctireur,bpt6k4106727z,,failed,0,0,,no_usable_pages,known,,,bpt6k4106727z: no usable pages in manifest.,2026-07-17T22:22:17.382283
franctireur,bpt6k4106728c,,failed,0,0,,no_usable_pages,known,,,bpt6k4106728c: no usable pages in manifest.,2026-07-17T22:22:17.568699
franctireur,bpt6k4106729s,,failed,0,0,,no_usable_pages,known,,,bpt6k4106729s: no usable pages in manifest.,2026-07-17T22:22:17.666621
franctireur,bpt6k4106730f,,failed,0,0,,no_usable_pages,known,,,bpt6k4106730f: no usable pages in manifest.,2026-07-17T22:22:17.768218
franctireur,bpt6k4106731v,,failed,0,0,,no_usable_pages,known,,,bpt6k4106731v: no usable pages in manifest.,2026-07-17T22:22:17.983239
franctireur,bpt6k41067328,,failed,0,0,,no_usable_pages,known,,,bpt6k41067328: no usable pages in manifest.,2026-07-17T22:22:18.169452
franctireur,bpt6k4106733p,,failed,0,0,,no_usable_pages,known,,,bpt6k4106733p: no usable pages in manifest.,2026-07-17T22:22:18.295991
franctireur,bpt6k41067343,,failed,0,0,,no_usable_pages,known,,,bpt6k41067343: no usable pages in manifest.,2026-07-17T22:22:18.409551
franctireur,bpt6k4106735h,,failed,0,0,,no_usable_pages,known,,,bpt6k4106735h: no usable pages in manifest.,2026-07-17T22:22:18.606776
franctireur,bpt6k4106736x,,failed,0,0,,no_usable_pages,known,,,bpt6k4106736x: no usable pages in manifest.,2026-07-17T22:22:18.718042
franctireur,bpt6k4106737b,,failed,0,0,,no_usable_pages,known,,,bpt6k4106737b: no usable pages in manifest.,2026-07-17T22:22:18.831219
franctireur,bpt6k4106738r,,failed,0,0,,no_usable_pages,known,,,bpt6k4106738r: no usable pages in manifest.,2026-07-17T22:22:18.927607
franctireur,bpt6k41067395,,failed,0,0,,no_usable_pages,known,,,bpt6k41067395: no usable pages in manifest.,2026-07-17T22:22:19.037325
franctireur,bpt6k4106740t,,failed,0,0,,no_usable_pages,known,,,bpt6k4106740t: no usable pages in manifest.,2026-07-17T22:22:19.111840
franctireur,bpt6k41067417,,failed,0,0,,no_usable_pages,known,,,bpt6k41067417: no usable pages in manifest.,2026-07-17T22:22:19.210297
franctireur,bpt6k4106742n,,failed,0,0,,no_usable_pages,known,,,bpt6k4106742n: no usable pages in manifest.,2026-07-17T22:22:19.304367
franctireur,bpt6k41067432,,failed,0,0,,no_usable_pages,known,,,bpt6k41067432: no usable pages in manifest.,2026-07-17T22:22:19.384859
franctireur,bpt6k4106744g,,failed,0,0,,no_usable_pages,known,,,bpt6k4106744g: no usable pages in manifest.,2026-07-17T22:22:19.503832
franctireur,bpt6k4106745w,,failed,0,0,,no_usable_pages,known,,,bpt6k4106745w: no usable pages in manifest.,2026-07-17T22:22:19.703389
franctireur,bpt6k41067469,,failed,0,0,,no_usable_pages,known,,,bpt6k41067469: no usable pages in manifest.,2026-07-17T22:22:19.770366
franctireur,bpt6k4106747q,,failed,0,0,,no_usable_pages,known,,,bpt6k4106747q: no usable pages in manifest.,2026-07-17T22:22:19.900696
franctireur,bpt6k41067484,,failed,0,0,,no_usable_pages,known,,,bpt6k41067484: no usable pages in manifest.,2026-07-17T22:22:20.059095
franctireur,bpt6k4106749j,,failed,0,0,,no_usable_pages,known,,,bpt6k4106749j: no usable pages in manifest.,2026-07-17T22:22:20.156814
franctireur,bpt6k41067506,,failed,0,0,,no_usable_pages,known,,,bpt6k41067506: no usable pages in manifest.,2026-07-17T22:22:20.261694
franctireur,bpt6k4106751m,,failed,0,0,,no_usable_pages,known,,,bpt6k4106751m: no usable pages in manifest.,2026-07-17T22:22:20.349873
franctireur,bpt6k41067521,,failed,0,0,,no_usable_pages,known,,,bpt6k41067521: no usable pages in manifest.,2026-07-17T22:22:20.459222
franctireur,bpt6k4106753f,,failed,0,0,,no_usable_pages,known,,,bpt6k4106753f: no usable pages in manifest.,2026-07-17T22:22:20.566306
franctireur,bpt6k4106754v,,failed,0,0,,no_usable_pages,known,,,bpt6k4106754v: no usable pages in manifest.,2026-07-17T22:22:20.780601
franctireur,bpt6k41067558,,failed,0,0,,no_usable_pages,known,,,bpt6k41067558: no usable pages in manifest.,2026-07-17T22:22:20.864682
franctireur,bpt6k4106756p,,failed,0,0,,no_usable_pages,known,,,bpt6k4106756p: no usable pages in manifest.,2026-07-17T22:22:20.957146
franctireur,bpt6k41067573,,failed,0,0,,no_usable_pages,known,,,bpt6k41067573: no usable pages in manifest.,2026-07-17T22:22:21.057955
franctireur,bpt6k4106758h,,failed,0,0,,no_usable_pages,known,,,bpt6k4106758h: no usable pages in manifest.,2026-07-17T22:22:21.134648
franctireur,bpt6k4106759x,,failed,0,0,,no_usable_pages,known,,,bpt6k4106759x: no usable pages in manifest.,2026-07-17T22:22:21.258720
franctireur,bpt6k4106760k,,failed,0,0,,no_usable_pages,known,,,bpt6k4106760k: no usable pages in manifest.,2026-07-17T22:22:21.348630
franctireur,bpt6k41067610,,failed,0,0,,no_usable_pages,known,,,bpt6k41067610: no usable pages in manifest.,2026-07-17T22:22:21.590604
franctireur,bpt6k4106762d,,failed,0,0,,no_usable_pages,known,,,bpt6k4106762d: no usable pages in manifest.,2026-07-17T22:22:21.781151
franctireur,bpt6k4106763t,,failed,0,0,,no_usable_pages,known,,,bpt6k4106763t: no usable pages in manifest.,2026-07-17T22:22:21.860057
franctireur,bpt6k41067647,,failed,0,0,,no_usable_pages,known,,,bpt6k41067647: no usable pages in manifest.,2026-07-17T22:22:21.966187
franctireur,bpt6k4106765n,,failed,0,0,,no_usable_pages,known,,,bpt6k4106765n: no usable pages in manifest.,2026-07-17T22:22:22.076832
franctireur,bpt6k41067662,,failed,0,0,,no_usable_pages,known,,,bpt6k41067662: no usable pages in manifest.,2026-07-17T22:22:22.183132
franctireur,bpt6k4106767g,,failed,0,0,,no_usable_pages,known,,,bpt6k4106767g: no usable pages in manifest.,2026-07-17T22:22:22.302697
franctireur,bpt6k4106768w,,failed,0,0,,no_usable_pages,known,,,bpt6k4106768w: no usable pages in manifest.,2026-07-17T22:22:22.401466
franctireur,bpt6k41067699,,failed,0,0,,no_usable_pages,known,,,bpt6k41067699: no usable pages in manifest.,2026-07-17T22:22:22.485024
franctireur,bpt6k4106770z,,failed,0,0,,no_usable_pages,known,,,bpt6k4106770z: no usable pages in manifest.,2026-07-17T22:22:22.594417
franctireur,bpt6k4106771c,,failed,0,0,,no_usable_pages,known,,,bpt6k4106771c: no usable pages in manifest.,2026-07-17T22:22:22.685218
franctireur,bpt6k4106772s,,failed,0,0,,no_usable_pages,known,,,bpt6k4106772s: no usable pages in manifest.,2026-07-17T22:22:22.903641
franctireur,bpt6k41067736,,failed,0,0,,no_usable_pages,known,,,bpt6k41067736: no usable pages in manifest.,2026-07-17T22:22:23.002018
franctireur,bpt6k4106774m,,failed,0,0,,no_usable_pages,known,,,bpt6k4106774m: no usable pages in manifest.,2026-07-17T22:22:23.086522
franctireur,bpt6k41067751,,failed,0,0,,no_usable_pages,known,,,bpt6k41067751: no usable pages in manifest.,2026-07-17T22:22:23.231629
franctireur,bpt6k4106776f,,failed,0,0,,no_usable_pages,known,,,bpt6k4106776f: no usable pages in manifest.,2026-07-17T22:22:23.346735
franctireur,bpt6k4106777v,,failed,0,0,,no_usable_pages,known,,,bpt6k4106777v: no usable pages in manifest.,2026-07-17T22:22:23.498375
franctireur,bpt6k41067788,,failed,0,0,,no_usable_pages,known,,,bpt6k41067788: no usable pages in manifest.,2026-07-17T22:22:23.614692
franctireur,bpt6k4106779p,,failed,0,0,,no_usable_pages,known,,,bpt6k4106779p: no usable pages in manifest.,2026-07-17T22:22:23.733245
franctireur,bpt6k4106780b,,failed,0,0,,no_usable_pages,known,,,bpt6k4106780b: no usable pages in manifest.,2026-07-17T22:22:23.899189
franctireur,bpt6k4106781r,,failed,0,0,,no_usable_pages,known,,,bpt6k4106781r: no usable pages in manifest.,2026-07-17T22:22:24.033468
franctireur,bpt6k41067825,,failed,0,0,,no_usable_pages,known,,,bpt6k41067825: no usable pages in manifest.,2026-07-17T22:22:24.122908
franctireur,bpt6k4106783k,,failed,0,0,,no_usable_pages,known,,,bpt6k4106783k: no usable pages in manifest.,2026-07-17T22:22:24.225775
franctireur,bpt6k41067840,,failed,0,0,,no_usable_pages,known,,,bpt6k41067840: no usable pages in manifest.,2026-07-17T22:22:24.305487
franctireur,bpt6k4106785d,,failed,0,0,,no_usable_pages,known,,,bpt6k4106785d: no usable pages in manifest.,2026-07-17T22:22:24.405589
franctireur,bpt6k4106786t,,failed,0,0,,no_usable_pages,known,,,bpt6k4106786t: no usable pages in manifest.,2026-07-17T22:22:24.532230
franctireur,bpt6k41067877,,failed,0,0,,no_usable_pages,known,,,bpt6k41067877: no usable pages in manifest.,2026-07-17T22:22:24.667632
franctireur,bpt6k4106788n,,failed,0,0,,no_usable_pages,known,,,bpt6k4106788n: no usable pages in manifest.,2026-07-17T22:22:25.096170
franctireur,bpt6k41067892,,failed,0,0,,no_usable_pages,known,,,bpt6k41067892: no usable pages in manifest.,2026-07-17T22:22:25.423286
franctireur,bpt6k4106790q,,failed,0,0,,no_usable_pages,known,,,bpt6k4106790q: no usable pages in manifest.,2026-07-17T22:22:25.543441
franctireur,bpt6k41067914,,failed,0,0,,no_usable_pages,known,,,bpt6k41067914: no usable pages in manifest.,2026-07-17T22:22:25.668895
franctireur,bpt6k4106792j,,failed,0,0,,no_usable_pages,known,,,bpt6k4106792j: no usable pages in manifest.,2026-07-17T22:22:25.824070
franctireur,bpt6k4106793z,,failed,0,0,,no_usable_pages,known,,,bpt6k4106793z: no usable pages in manifest.,2026-07-17T22:22:25.935260
franctireur,bpt6k4106794c,,failed,0,0,,no_usable_pages,known,,,bpt6k4106794c: no usable pages in manifest.,2026-07-17T22:22:26.111586
franctireur,bpt6k4106795s,,failed,0,0,,no_usable_pages,known,,,bpt6k4106795s: no usable pages in manifest.,2026-07-17T22:22:26.260926
franctireur,bpt6k41067966,,failed,0,0,,no_usable_pages,known,,,bpt6k41067966: no usable pages in manifest.,2026-07-17T22:22:26.483390
franctireur,bpt6k4106797m,,failed,0,0,,no_usable_pages,known,,,bpt6k4106797m: no usable pages in manifest.,2026-07-17T22:22:26.591277
franctireur,bpt6k41067981,,failed,0,0,,no_usable_pages,known,,,bpt6k41067981: no usable pages in manifest.,2026-07-17T22:22:26.748176
franctireur,bpt6k4106799f,,failed,0,0,,no_usable_pages,known,,,bpt6k4106799f: no usable pages in manifest.,2026-07-17T22:22:27.224855
franctireur,bpt6k4106800n,,failed,0,0,,no_usable_pages,known,,,bpt6k4106800n: no usable pages in manifest.,2026-07-17T22:22:27.521190
franctireur,bpt6k41068012,,failed,0,0,,no_usable_pages,known,,,bpt6k41068012: no usable pages in manifest.,2026-07-17T22:22:27.634902
franctireur,bpt6k4106802g,,failed,0,0,,no_usable_pages,known,,,bpt6k4106802g: no usable pages in manifest.,2026-07-17T22:22:27.727881
franctireur,bpt6k4106803w,,failed,0,0,,no_usable_pages,known,,,bpt6k4106803w: no usable pages in manifest.,2026-07-17T22:22:27.860515
franctireur,bpt6k41068049,,failed,0,0,,no_usable_pages,known,,,bpt6k41068049: no usable pages in manifest.,2026-07-17T22:22:27.967554
franctireur,bpt6k4106805q,,failed,0,0,,no_usable_pages,known,,,bpt6k4106805q: no usable pages in manifest.,2026-07-17T22:22:28.056962
franctireur,bpt6k41068064,,failed,0,0,,no_usable_pages,known,,,bpt6k41068064: no usable pages in manifest.,2026-07-17T22:22:28.180353
franctireur,bpt6k4106807j,,failed,0,0,,no_usable_pages,known,,,bpt6k4106807j: no usable pages in manifest.,2026-07-17T22:22:28.277682
franctireur,bpt6k4106808z,,failed,0,0,,no_usable_pages,known,,,bpt6k4106808z: no usable pages in manifest.,2026-07-17T22:22:28.383477
franctireur,bpt6k4106809c,,failed,0,0,,no_usable_pages,known,,,bpt6k4106809c: no usable pages in manifest.,2026-07-17T22:22:28.509051
franctireur,bpt6k41068101,,failed,0,0,,no_usable_pages,known,,,bpt6k41068101: no usable pages in manifest.,2026-07-17T22:22:28.719634
franctireur,bpt6k4106811f,,failed,0,0,,no_usable_pages,known,,,bpt6k4106811f: no usable pages in manifest.,2026-07-17T22:22:28.860234
franctireur,bpt6k4106812v,,failed,0,0,,no_usable_pages,known,,,bpt6k4106812v: no usable pages in manifest.,2026-07-17T22:22:29.037651
franctireur,bpt6k41068138,,failed,0,0,,no_usable_pages,known,,,bpt6k41068138: no usable pages in manifest.,2026-07-17T22:22:29.139505
franctireur,bpt6k4106814p,,failed,0,0,,no_usable_pages,known,,,bpt6k4106814p: no usable pages in manifest.,2026-07-17T22:22:29.257517
franctireur,bpt6k41068153,,failed,0,0,,no_usable_pages,known,,,bpt6k41068153: no usable pages in manifest.,2026-07-17T22:22:29.344574
franctireur,bpt6k4106816h,,failed,0,0,,no_usable_pages,known,,,bpt6k4106816h: no usable pages in manifest.,2026-07-17T22:22:29.464710
franctireur,bpt6k4106817x,,failed,0,0,,no_usable_pages,known,,,bpt6k4106817x: no usable pages in manifest.,2026-07-17T22:22:29.602812
franctireur,bpt6k4106818b,,failed,0,0,,no_usable_pages,known,,,bpt6k4106818b: no usable pages in manifest.,2026-07-17T22:22:29.778903
franctireur,bpt6k4106819r,,failed,0,0,,no_usable_pages,known,,,bpt6k4106819r: no usable pages in manifest.,2026-07-17T22:22:29.860882
franctireur,bpt6k4106820d,,failed,0,0,,no_usable_pages,known,,,bpt6k4106820d: no usable pages in manifest.,2026-07-17T22:22:29.969467
franctireur,bpt6k4106821t,,failed,0,0,,no_usable_pages,known,,,bpt6k4106821t: no usable pages in manifest.,2026-07-17T22:22:30.052572
franctireur,bpt6k41068227,,failed,0,0,,no_usable_pages,known,,,bpt6k41068227: no usable pages in manifest.,2026-07-17T22:22:30.146542
franctireur,bpt6k4106823n,,failed,0,0,,no_usable_pages,known,,,bpt6k4106823n: no usable pages in manifest.,2026-07-17T22:22:30.245050
franctireur,bpt6k41068242,,failed,0,0,,no_usable_pages,known,,,bpt6k41068242: no usable pages in manifest.,2026-07-17T22:22:30.355460
franctireur,bpt6k4106825g,,failed,0,0,,no_usable_pages,known,,,bpt6k4106825g: no usable pages in manifest.,2026-07-17T22:22:30.466383
franctireur,bpt6k4106826w,,failed,0,0,,no_usable_pages,known,,,bpt6k4106826w: no usable pages in manifest.,2026-07-17T22:22:30.546245
franctireur,bpt6k41068279,,failed,0,0,,no_usable_pages,known,,,bpt6k41068279: no usable pages in manifest.,2026-07-17T22:22:30.693595
franctireur,bpt6k4106828q,,failed,0,0,,no_usable_pages,known,,,bpt6k4106828q: no usable pages in manifest.,2026-07-17T22:22:30.923376
franctireur,bpt6k41068294,,failed,0,0,,no_usable_pages,known,,,bpt6k41068294: no usable pages in manifest.,2026-07-17T22:22:31.019136
franctireur,bpt6k4106830s,,failed,0,0,,no_usable_pages,known,,,bpt6k4106830s: no usable pages in manifest.,2026-07-17T22:22:31.107919
franctireur,bpt6k41068316,,failed,0,0,,no_usable_pages,known,,,bpt6k41068316: no usable pages in manifest.,2026-07-17T22:22:31.194894
franctireur,bpt6k4106832m,,failed,0,0,,no_usable_pages,known,,,bpt6k4106832m: no usable pages in manifest.,2026-07-17T22:22:31.257345
franctireur,bpt6k41068331,,failed,0,0,,no_usable_pages,known,,,bpt6k41068331: no usable pages in manifest.,2026-07-17T22:22:31.357198
franctireur,bpt6k4106834f,,failed,0,0,,no_usable_pages,known,,,bpt6k4106834f: no usable pages in manifest.,2026-07-17T22:22:31.443293
franctireur,bpt6k4106835v,,failed,0,0,,no_usable_pages,known,,,bpt6k4106835v: no usable pages in manifest.,2026-07-17T22:22:31.548126
franctireur,bpt6k41068368,,failed,0,0,,no_usable_pages,known,,,bpt6k41068368: no usable pages in manifest.,2026-07-17T22:22:31.639370
franctireur,bpt6k4106837p,,failed,0,0,,no_usable_pages,known,,,bpt6k4106837p: no usable pages in manifest.,2026-07-17T22:22:31.786854
franctireur,bpt6k41068383,,failed,0,0,,no_usable_pages,known,,,bpt6k41068383: no usable pages in manifest.,2026-07-17T22:22:31.918756
franctireur,bpt6k4106839h,,failed,0,0,,no_usable_pages,known,,,bpt6k4106839h: no usable pages in manifest.,2026-07-17T22:22:32.029202
franctireur,bpt6k41068405,,failed,0,0,,no_usable_pages,known,,,bpt6k41068405: no usable pages in manifest.,2026-07-17T22:22:32.130399
franctireur,bpt6k4106841k,,failed,0,0,,no_usable_pages,known,,,bpt6k4106841k: no usable pages in manifest.,2026-07-17T22:22:32.208552
franctireur,bpt6k41068420,,failed,0,0,,no_usable_pages,known,,,bpt6k41068420: no usable pages in manifest.,2026-07-17T22:22:32.281117
franctireur,bpt6k4106843d,,failed,0,0,,no_usable_pages,known,,,bpt6k4106843d: no usable pages in manifest.,2026-07-17T22:22:32.426097
franctireur,bpt6k4106844t,,failed,0,0,,no_usable_pages,known,,,bpt6k4106844t: no usable pages in manifest.,2026-07-17T22:22:32.547200
franctireur,bpt6k41068457,,failed,0,0,,no_usable_pages,known,,,bpt6k41068457: no usable pages in manifest.,2026-07-17T22:22:32.650486
franctireur,bpt6k4106846n,,failed,0,0,,no_usable_pages,known,,,bpt6k4106846n: no usable pages in manifest.,2026-07-17T22:22:32.734691
franctireur,bpt6k41068472,,failed,0,0,,no_usable_pages,known,,,bpt6k41068472: no usable pages in manifest.,2026-07-17T22:22:32.812370
franctireur,bpt6k4106848g,,failed,0,0,,no_usable_pages,known,,,bpt6k4106848g: no usable pages in manifest.,2026-07-17T22:22:32.959000
franctireur,bpt6k4106849w,,failed,0,0,,no_usable_pages,known,,,bpt6k4106849w: no usable pages in manifest.,2026-07-17T22:22:33.075888
franctireur,bpt6k4106850j,,failed,0,0,,no_usable_pages,known,,,bpt6k4106850j: no usable pages in manifest.,2026-07-17T22:22:33.176102
franctireur,bpt6k4106851z,,failed,0,0,,no_usable_pages,known,,,bpt6k4106851z: no usable pages in manifest.,2026-07-17T22:22:33.260367
franctireur,bpt6k4106852c,,failed,0,0,,no_usable_pages,known,,,bpt6k4106852c: no usable pages in manifest.,2026-07-17T22:22:33.385431
franctireur,bpt6k4106853s,,failed,0,0,,no_usable_pages,known,,,bpt6k4106853s: no usable pages in manifest.,2026-07-17T22:22:33.473179
franctireur,bpt6k41068546,,failed,0,0,,no_usable_pages,known,,,bpt6k41068546: no usable pages in manifest.,2026-07-17T22:22:33.593815
franctireur,bpt6k4106855m,,failed,0,0,,no_usable_pages,known,,,bpt6k4106855m: no usable pages in manifest.,2026-07-17T22:22:33.701388
franctireur,bpt6k41068561,,failed,0,0,,no_usable_pages,known,,,bpt6k41068561: no usable pages in manifest.,2026-07-17T22:22:33.924295
franctireur,bpt6k4106857f,,failed,0,0,,no_usable_pages,known,,,bpt6k4106857f: no usable pages in manifest.,2026-07-17T22:22:34.262909
franctireur,bpt6k4106858v,,failed,0,0,,no_usable_pages,known,,,bpt6k4106858v: no usable pages in manifest.,2026-07-17T22:22:34.375707
franctireur,bpt6k41068598,,failed,0,0,,no_usable_pages,known,,,bpt6k41068598: no usable pages in manifest.,2026-07-17T22:22:34.495735
franctireur,bpt6k4106860x,,failed,0,0,,no_usable_pages,known,,,bpt6k4106860x: no usable pages in manifest.,2026-07-17T22:22:34.602168
franctireur,bpt6k4106861b,,failed,0,0,,no_usable_pages,known,,,bpt6k4106861b: no usable pages in manifest.,2026-07-17T22:22:34.712058
franctireur,bpt6k4106862r,,failed,0,0,,no_usable_pages,known,,,bpt6k4106862r: no usable pages in manifest.,2026-07-17T22:22:34.870907
franctireur,bpt6k41068635,,failed,0,0,,no_usable_pages,known,,,bpt6k41068635: no usable pages in manifest.,2026-07-17T22:22:34.952335
franctireur,bpt6k4106864k,,failed,0,0,,no_usable_pages,known,,,bpt6k4106864k: no usable pages in manifest.,2026-07-17T22:22:35.072195
franctireur,bpt6k41068650,,failed,0,0,,no_usable_pages,known,,,bpt6k41068650: no usable pages in manifest.,2026-07-17T22:22:35.210085
franctireur,bpt6k4106866d,,failed,0,0,,no_usable_pages,known,,,bpt6k4106866d: no usable pages in manifest.,2026-07-17T22:22:35.322887
franctireur,bpt6k4106867t,,failed,0,0,,no_usable_pages,known,,,bpt6k4106867t: no usable pages in manifest.,2026-07-17T22:22:35.434899
franctireur,bpt6k41068687,,failed,0,0,,no_usable_pages,known,,,bpt6k41068687: no usable pages in manifest.,2026-07-17T22:22:35.509092
franctireur,bpt6k4106869n,,failed,0,0,,no_usable_pages,known,,,bpt6k4106869n: no usable pages in manifest.,2026-07-17T22:22:35.641020
franctireur,bpt6k41068709,,failed,0,0,,no_usable_pages,known,,,bpt6k41068709: no usable pages in manifest.,2026-07-17T22:22:35.750704
franctireur,bpt6k4106871q,,failed,0,0,,no_usable_pages,known,,,bpt6k4106871q: no usable pages in manifest.,2026-07-17T22:22:35.853537
franctireur,bpt6k41068724,,failed,0,0,,no_usable_pages,known,,,bpt6k41068724: no usable pages in manifest.,2026-07-17T22:22:36.065559
franctireur,bpt6k4106873j,,failed,0,0,,no_usable_pages,known,,,bpt6k4106873j: no usable pages in manifest.,2026-07-17T22:22:36.234033
franctireur,bpt6k4106874z,,failed,0,0,,no_usable_pages,known,,,bpt6k4106874z: no usable pages in manifest.,2026-07-17T22:22:36.380682
franctireur,bpt6k4106875c,,failed,0,0,,no_usable_pages,known,,,bpt6k4106875c: no usable pages in manifest.,2026-07-17T22:22:36.473452
franctireur,bpt6k4106876s,,failed,0,0,,no_usable_pages,known,,,bpt6k4106876s: no usable pages in manifest.,2026-07-17T22:22:36.559119
franctireur,bpt6k41068776,,failed,0,0,,no_usable_pages,known,,,bpt6k41068776: no usable pages in manifest.,2026-07-17T22:22:36.672568
franctireur,bpt6k4106878m,,failed,0,0,,no_usable_pages,known,,,bpt6k4106878m: no usable pages in manifest.,2026-07-17T22:22:36.773133
franctireur,bpt6k41068791,,failed,0,0,,no_usable_pages,known,,,bpt6k41068791: no usable pages in manifest.,2026-07-17T22:22:36.853494
franctireur,bpt6k4106880p,,failed,0,0,,no_usable_pages,known,,,bpt6k4106880p: no usable pages in manifest.,2026-07-17T22:22:36.955766
franctireur,bpt6k41068813,,failed,0,0,,no_usable_pages,known,,,bpt6k41068813: no usable pages in manifest.,2026-07-17T22:22:37.054471
franctireur,bpt6k4106882h,,failed,0,0,,no_usable_pages,known,,,bpt6k4106882h: no usable pages in manifest.,2026-07-17T22:22:37.168454
franctireur,bpt6k4106883x,,failed,0,0,,no_usable_pages,known,,,bpt6k4106883x: no usable pages in manifest.,2026-07-17T22:22:37.287324
franctireur,bpt6k4106884b,,failed,0,0,,no_usable_pages,known,,,bpt6k4106884b: no usable pages in manifest.,2026-07-17T22:22:37.421665
franctireur,bpt6k4106885r,,failed,0,0,,no_usable_pages,known,,,bpt6k4106885r: no usable pages in manifest.,2026-07-17T22:22:37.541525
franctireur,bpt6k41068865,,failed,0,0,,no_usable_pages,known,,,bpt6k41068865: no usable pages in manifest.,2026-07-17T22:22:37.695430
franctireur,bpt6k4106887k,,failed,0,0,,no_usable_pages,known,,,bpt6k4106887k: no usable pages in manifest.,2026-07-17T22:22:37.786366
franctireur,bpt6k41068880,,failed,0,0,,no_usable_pages,known,,,bpt6k41068880: no usable pages in manifest.,2026-07-17T22:22:37.899984
franctireur,bpt6k4106889d,,failed,0,0,,no_usable_pages,known,,,bpt6k4106889d: no usable pages in manifest.,2026-07-17T22:22:38.026844
franctireur,bpt6k41068902,,failed,0,0,,no_usable_pages,known,,,bpt6k41068902: no usable pages in manifest.,2026-07-17T22:22:38.135574
franctireur,bpt6k4106891g,,failed,0,0,,no_usable_pages,known,,,bpt6k4106891g: no usable pages in manifest.,2026-07-17T22:22:38.202050
franctireur,bpt6k4106892w,,failed,0,0,,no_usable_pages,known,,,bpt6k4106892w: no usable pages in manifest.,2026-07-17T22:22:38.320442
franctireur,bpt6k41068939,,failed,0,0,,no_usable_pages,known,,,bpt6k41068939: no usable pages in manifest.,2026-07-17T22:22:38.456197
franctireur,bpt6k4106894q,,failed,0,0,,no_usable_pages,known,,,bpt6k4106894q: no usable pages in manifest.,2026-07-17T22:22:38.556491
franctireur,bpt6k41068954,,failed,0,0,,no_usable_pages,known,,,bpt6k41068954: no usable pages in manifest.,2026-07-17T22:22:38.666569
franctireur,bpt6k4106896j,,failed,0,0,,no_usable_pages,known,,,bpt6k4106896j: no usable pages in manifest.,2026-07-17T22:22:38.857898
franctireur,bpt6k4106897z,,failed,0,0,,no_usable_pages,known,,,bpt6k4106897z: no usable pages in manifest.,2026-07-17T22:22:39.014779
franctireur,bpt6k4106898c,,failed,0,0,,no_usable_pages,known,,,bpt6k4106898c: no usable pages in manifest.,2026-07-17T22:22:39.171902
franctireur,bpt6k4106899s,,failed,0,0,,no_usable_pages,known,,,bpt6k4106899s: no usable pages in manifest.,2026-07-17T22:22:39.320201
franctireur,bpt6k41069000,,failed,0,0,,no_usable_pages,known,,,bpt6k41069000: no usable pages in manifest.,2026-07-17T22:22:39.544476
franctireur,bpt6k4106901d,,failed,0,0,,no_usable_pages,known,,,bpt6k4106901d: no usable pages in manifest.,2026-07-17T22:22:39.667117
franctireur,bpt6k4106902t,,failed,0,0,,no_usable_pages,known,,,bpt6k4106902t: no usable pages in manifest.,2026-07-17T22:22:39.752265
franctireur,bpt6k41069037,,failed,0,0,,no_usable_pages,known,,,bpt6k41069037: no usable pages in manifest.,2026-07-17T22:22:39.886434
franctireur,bpt6k4106904n,,failed,0,0,,no_usable_pages,known,,,bpt6k4106904n: no usable pages in manifest.,2026-07-17T22:22:39.976255
franctireur,bpt6k41069052,,failed,0,0,,no_usable_pages,known,,,bpt6k41069052: no usable pages in manifest.,2026-07-17T22:22:40.086806
franctireur,bpt6k4106906g,,failed,0,0,,no_usable_pages,known,,,bpt6k4106906g: no usable pages in manifest.,2026-07-17T22:22:40.215540
franctireur,bpt6k4106907w,,failed,0,0,,no_usable_pages,known,,,bpt6k4106907w: no usable pages in manifest.,2026-07-17T22:22:40.337778
franctireur,bpt6k41069089,,failed,0,0,,no_usable_pages,known,,,bpt6k41069089: no usable pages in manifest.,2026-07-17T22:22:40.451260
franctireur,bpt6k4106909q,,failed,0,0,,no_usable_pages,known,,,bpt6k4106909q: no usable pages in manifest.,2026-07-17T22:22:40.701356
franctireur,bpt6k4106910c,,failed,0,0,,no_usable_pages,known,,,bpt6k4106910c: no usable pages in manifest.,2026-07-17T22:22:40.876596
franctireur,bpt6k4106911s,,failed,0,0,,no_usable_pages,known,,,bpt6k4106911s: no usable pages in manifest.,2026-07-17T22:22:41.069186
franctireur,bpt6k41069126,,failed,0,0,,no_usable_pages,known,,,bpt6k41069126: no usable pages in manifest.,2026-07-17T22:22:41.245644
franctireur,bpt6k4106913m,,failed,0,0,,no_usable_pages,known,,,bpt6k4106913m: no usable pages in manifest.,2026-07-17T22:22:41.372135
franctireur,bpt6k41069141,,failed,0,0,,no_usable_pages,known,,,bpt6k41069141: no usable pages in manifest.,2026-07-17T22:22:41.456664
franctireur,bpt6k4106915f,,failed,0,0,,no_usable_pages,known,,,bpt6k4106915f: no usable pages in manifest.,2026-07-17T22:22:41.573675
franctireur,bpt6k4106916v,,failed,0,0,,no_usable_pages,known,,,bpt6k4106916v: no usable pages in manifest.,2026-07-17T22:22:41.733306
franctireur,bpt6k41069178,,failed,0,0,,no_usable_pages,known,,,bpt6k41069178: no usable pages in manifest.,2026-07-17T22:22:41.823645
franctireur,bpt6k4106918p,,failed,0,0,,no_usable_pages,known,,,bpt6k4106918p: no usable pages in manifest.,2026-07-17T22:22:41.906423
franctireur,bpt6k41069193,,failed,0,0,,no_usable_pages,known,,,bpt6k41069193: no usable pages in manifest.,2026-07-17T22:22:42.007144
franctireur,bpt6k4106920r,,failed,0,0,,no_usable_pages,known,,,bpt6k4106920r: no usable pages in manifest.,2026-07-17T22:22:42.087460
franctireur,bpt6k41069215,,failed,0,0,,no_usable_pages,known,,,bpt6k41069215: no usable pages in manifest.,2026-07-17T22:22:42.238837
franctireur,bpt6k4106922k,,failed,0,0,,no_usable_pages,known,,,bpt6k4106922k: no usable pages in manifest.,2026-07-17T22:22:42.326413
franctireur,bpt6k41069230,,failed,0,0,,no_usable_pages,known,,,bpt6k41069230: no usable pages in manifest.,2026-07-17T22:22:42.486160
franctireur,bpt6k4106924d,,failed,0,0,,no_usable_pages,known,,,bpt6k4106924d: no usable pages in manifest.,2026-07-17T22:22:42.712814
franctireur,bpt6k4106925t,,failed,0,0,,no_usable_pages,known,,,bpt6k4106925t: no usable pages in manifest.,2026-07-17T22:22:42.919004
franctireur,bpt6k41069267,,failed,0,0,,no_usable_pages,known,,,bpt6k41069267: no usable pages in manifest.,2026-07-17T22:22:43.114752
franctireur,bpt6k4106927n,,failed,0,0,,no_usable_pages,known,,,bpt6k4106927n: no usable pages in manifest.,2026-07-17T22:22:43.223728
franctireur,bpt6k41069282,,failed,0,0,,no_usable_pages,known,,,bpt6k41069282: no usable pages in manifest.,2026-07-17T22:22:43.330633
franctireur,bpt6k4106929g,,failed,0,0,,no_usable_pages,known,,,bpt6k4106929g: no usable pages in manifest.,2026-07-17T22:22:43.533289
franctireur,bpt6k41069304,,failed,0,0,,no_usable_pages,known,,,bpt6k41069304: no usable pages in manifest.,2026-07-17T22:22:43.599407
franctireur,bpt6k4106931j,,failed,0,0,,no_usable_pages,known,,,bpt6k4106931j: no usable pages in manifest.,2026-07-17T22:22:43.714530
franctireur,bpt6k4106932z,,failed,0,0,,no_usable_pages,known,,,bpt6k4106932z: no usable pages in manifest.,2026-07-17T22:22:43.859015
franctireur,bpt6k4106933c,,failed,0,0,,no_usable_pages,known,,,bpt6k4106933c: no usable pages in manifest.,2026-07-17T22:22:43.980665
franctireur,bpt6k4106934s,,failed,0,0,,no_usable_pages,known,,,bpt6k4106934s: no usable pages in manifest.,2026-07-17T22:22:44.123307
franctireur,bpt6k41069356,,failed,0,0,,no_usable_pages,known,,,bpt6k41069356: no usable pages in manifest.,2026-07-17T22:22:44.235553
franctireur,bpt6k4106936m,,failed,0,0,,no_usable_pages,known,,,bpt6k4106936m: no usable pages in manifest.,2026-07-17T22:22:44.365504
franctireur,bpt6k41069371,,failed,0,0,,no_usable_pages,known,,,bpt6k41069371: no usable pages in manifest.,2026-07-17T22:22:44.460485
franctireur,bpt6k4106938f,,failed,0,0,,no_usable_pages,known,,,bpt6k4106938f: no usable pages in manifest.,2026-07-17T22:22:44.641576
franctireur,bpt6k4106939v,,failed,0,0,,no_usable_pages,known,,,bpt6k4106939v: no usable pages in manifest.,2026-07-17T22:22:44.748113
franctireur,bpt6k4106940h,,failed,0,0,,no_usable_pages,known,,,bpt6k4106940h: no usable pages in manifest.,2026-07-17T22:22:44.872512
franctireur,bpt6k4106941x,,failed,0,0,,no_usable_pages,known,,,bpt6k4106941x: no usable pages in manifest.,2026-07-17T22:22:45.025838
franctireur,bpt6k4106942b,,failed,0,0,,no_usable_pages,known,,,bpt6k4106942b: no usable pages in manifest.,2026-07-17T22:22:45.165459
franctireur,bpt6k4106943r,,failed,0,0,,no_usable_pages,known,,,bpt6k4106943r: no usable pages in manifest.,2026-07-17T22:22:45.258432
franctireur,bpt6k41069445,,failed,0,0,,no_usable_pages,known,,,bpt6k41069445: no usable pages in manifest.,2026-07-17T22:22:45.375859
franctireur,bpt6k4106945k,,failed,0,0,,no_usable_pages,known,,,bpt6k4106945k: no usable pages in manifest.,2026-07-17T22:22:45.473931
franctireur,bpt6k41069460,,failed,0,0,,no_usable_pages,known,,,bpt6k41069460: no usable pages in manifest.,2026-07-17T22:22:45.560515
franctireur,bpt6k4106947d,,failed,0,0,,no_usable_pages,known,,,bpt6k4106947d: no usable pages in manifest.,2026-07-17T22:22:45.708876
franctireur,bpt6k4106948t,,failed,0,0,,no_usable_pages,known,,,bpt6k4106948t: no usable pages in manifest.,2026-07-17T22:22:45.811623
franctireur,bpt6k41069497,,failed,0,0,,no_usable_pages,known,,,bpt6k41069497: no usable pages in manifest.,2026-07-17T22:22:46.007201
franctireur,bpt6k4106950w,,failed,0,0,,no_usable_pages,known,,,bpt6k4106950w: no usable pages in manifest.,2026-07-17T22:22:46.148592
franctireur,bpt6k41069519,,failed,0,0,,no_usable_pages,known,,,bpt6k41069519: no usable pages in manifest.,2026-07-17T22:22:46.242737
franctireur,bpt6k4106952q,,failed,0,0,,no_usable_pages,known,,,bpt6k4106952q: no usable pages in manifest.,2026-07-17T22:22:46.327897
franctireur,bpt6k41069534,,failed,0,0,,no_usable_pages,known,,,bpt6k41069534: no usable pages in manifest.,2026-07-17T22:22:46.429846
franctireur,bpt6k4106954j,,failed,0,0,,no_usable_pages,known,,,bpt6k4106954j: no usable pages in manifest.,2026-07-17T22:22:46.530524
franctireur,bpt6k4106955z,,failed,0,0,,no_usable_pages,known,,,bpt6k4106955z: no usable pages in manifest.,2026-07-17T22:22:46.632765
franctireur,bpt6k4106956c,,failed,0,0,,no_usable_pages,known,,,bpt6k4106956c: no usable pages in manifest.,2026-07-17T22:22:46.729810
franctireur,bpt6k4106957s,,failed,0,0,,no_usable_pages,known,,,bpt6k4106957s: no usable pages in manifest.,2026-07-17T22:22:46.886998
franctireur,bpt6k41069586,,failed,0,0,,no_usable_pages,known,,,bpt6k41069586: no usable pages in manifest.,2026-07-17T22:22:47.000587
franctireur,bpt6k4106959m,,failed,0,0,,no_usable_pages,known,,,bpt6k4106959m: no usable pages in manifest.,2026-07-17T22:22:47.117158
franctireur,bpt6k41069608,,failed,0,0,,no_usable_pages,known,,,bpt6k41069608: no usable pages in manifest.,2026-07-17T22:22:47.199062
franctireur,bpt6k4106961p,,failed,0,0,,no_usable_pages,known,,,bpt6k4106961p: no usable pages in manifest.,2026-07-17T22:22:47.307097
franctireur,bpt6k41069623,,failed,0,0,,no_usable_pages,known,,,bpt6k41069623: no usable pages in manifest.,2026-07-17T22:22:47.444493
franctireur,bpt6k4106963h,,failed,0,0,,no_usable_pages,known,,,bpt6k4106963h: no usable pages in manifest.,2026-07-17T22:22:47.557272
franctireur,bpt6k4106964x,,failed,0,0,,no_usable_pages,known,,,bpt6k4106964x: no usable pages in manifest.,2026-07-17T22:22:47.701416
franctireur,bpt6k4106965b,,failed,0,0,,no_usable_pages,known,,,bpt6k4106965b: no usable pages in manifest.,2026-07-17T22:22:47.812179
franctireur,bpt6k4106966r,,failed,0,0,,no_usable_pages,known,,,bpt6k4106966r: no usable pages in manifest.,2026-07-17T22:22:47.900939
franctireur,bpt6k41069675,,failed,0,0,,no_usable_pages,known,,,bpt6k41069675: no usable pages in manifest.,2026-07-17T22:22:48.023621
franctireur,bpt6k4106968k,,failed,0,0,,no_usable_pages,known,,,bpt6k4106968k: no usable pages in manifest.,2026-07-17T22:22:48.114981
franctireur,bpt6k41069690,,failed,0,0,,no_usable_pages,known,,,bpt6k41069690: no usable pages in manifest.,2026-07-17T22:22:48.229122
franctireur,bpt6k4106970n,,failed,0,0,,no_usable_pages,known,,,bpt6k4106970n: no usable pages in manifest.,2026-07-17T22:22:48.308141
franctireur,bpt6k41069712,,failed,0,0,,no_usable_pages,known,,,bpt6k41069712: no usable pages in manifest.,2026-07-17T22:22:48.388348
franctireur,bpt6k4106972g,,failed,0,0,,no_usable_pages,known,,,bpt6k4106972g: no usable pages in manifest.,2026-07-17T22:22:48.469318
franctireur,bpt6k4106973w,,failed,0,0,,no_usable_pages,known,,,bpt6k4106973w: no usable pages in manifest.,2026-07-17T22:22:48.595953
franctireur,bpt6k41069749,,failed,0,0,,no_usable_pages,known,,,bpt6k41069749: no usable pages in manifest.,2026-07-17T22:22:48.684194
franctireur,bpt6k4106975q,,failed,0,0,,no_usable_pages,known,,,bpt6k4106975q: no usable pages in manifest.,2026-07-17T22:22:48.776358
franctireur,bpt6k41069764,,failed,0,0,,no_usable_pages,known,,,bpt6k41069764: no usable pages in manifest.,2026-07-17T22:22:48.923040
franctireur,bpt6k4106977j,,failed,0,0,,no_usable_pages,known,,,bpt6k4106977j: no usable pages in manifest.,2026-07-17T22:22:49.148796
franctireur,bpt6k4106978z,,failed,0,0,,no_usable_pages,known,,,bpt6k4106978z: no usable pages in manifest.,2026-07-17T22:22:49.324935
franctireur,bpt6k4106979c,,failed,0,0,,no_usable_pages,known,,,bpt6k4106979c: no usable pages in manifest.,2026-07-17T22:22:49.417928
franctireur,bpt6k41069801,,failed,0,0,,no_usable_pages,known,,,bpt6k41069801: no usable pages in manifest.,2026-07-17T22:22:49.478478
franctireur,bpt6k4106981f,,failed,0,0,,no_usable_pages,known,,,bpt6k4106981f: no usable pages in manifest.,2026-07-17T22:22:49.558974
franctireur,bpt6k4106982v,,failed,0,0,,no_usable_pages,known,,,bpt6k4106982v: no usable pages in manifest.,2026-07-17T22:22:49.666985
franctireur,bpt6k41069838,,failed,0,0,,no_usable_pages,known,,,bpt6k41069838: no usable pages in manifest.,2026-07-17T22:22:49.780016
franctireur,bpt6k4106984p,,failed,0,0,,no_usable_pages,known,,,bpt6k4106984p: no usable pages in manifest.,2026-07-17T22:22:49.856992
franctireur,bpt6k41069853,,failed,0,0,,no_usable_pages,known,,,bpt6k41069853: no usable pages in manifest.,2026-07-17T22:22:49.982986
franctireur,bpt6k4106986h,,failed,0,0,,no_usable_pages,known,,,bpt6k4106986h: no usable pages in manifest.,2026-07-17T22:22:50.114670
franctireur,bpt6k4106987x,,failed,0,0,,no_usable_pages,known,,,bpt6k4106987x: no usable pages in manifest.,2026-07-17T22:22:50.206703
franctireur,bpt6k4106988b,,failed,0,0,,no_usable_pages,known,,,bpt6k4106988b: no usable pages in manifest.,2026-07-17T22:22:50.343333
franctireur,bpt6k4106989r,,failed,0,0,,no_usable_pages,known,,,bpt6k4106989r: no usable pages in manifest.,2026-07-17T22:22:50.418263
franctireur,bpt6k4106990d,,failed,0,0,,no_usable_pages,known,,,bpt6k4106990d: no usable pages in manifest.,2026-07-17T22:22:50.508936
franctireur,bpt6k4106991t,,failed,0,0,,no_usable_pages,known,,,bpt6k4106991t: no usable pages in manifest.,2026-07-17T22:22:50.624073
franctireur,bpt6k41069927,,failed,0,0,,no_usable_pages,known,,,bpt6k41069927: no usable pages in manifest.,2026-07-17T22:22:50.733800
franctireur,bpt6k4106993n,,failed,0,0,,no_usable_pages,known,,,bpt6k4106993n: no usable pages in manifest.,2026-07-17T22:22:50.895333
franctireur,bpt6k41069942,,failed,0,0,,no_usable_pages,known,,,bpt6k41069942: no usable pages in manifest.,2026-07-17T22:22:51.022060
franctireur,bpt6k4106995g,,failed,0,0,,no_usable_pages,known,,,bpt6k4106995g: no usable pages in manifest.,2026-07-17T22:22:51.145744
franctireur,bpt6k4106996w,,failed,0,0,,no_usable_pages,known,,,bpt6k4106996w: no usable pages in manifest.,2026-07-17T22:22:51.228482
franctireur,bpt6k41069979,,failed,0,0,,no_usable_pages,known,,,bpt6k41069979: no usable pages in manifest.,2026-07-17T22:22:51.324932
franctireur,bpt6k4106998q,,failed,0,0,,no_usable_pages,known,,,bpt6k4106998q: no usable pages in manifest.,2026-07-17T22:22:51.438355
franctireur,bpt6k41069994,,failed,0,0,,no_usable_pages,known,,,bpt6k41069994: no usable pages in manifest.,2026-07-17T22:22:51.516286
franctireur,bpt6k41070006,,failed,0,0,,no_usable_pages,known,,,bpt6k41070006: no usable pages in manifest.,2026-07-17T22:22:51.604458
franctireur,bpt6k4107001m,,failed,0,0,,no_usable_pages,known,,,bpt6k4107001m: no usable pages in manifest.,2026-07-17T22:22:51.691401
franctireur,bpt6k41070021,,failed,0,0,,no_usable_pages,known,,,bpt6k41070021: no usable pages in manifest.,2026-07-17T22:22:51.775862
franctireur,bpt6k4107003f,,failed,0,0,,no_usable_pages,known,,,bpt6k4107003f: no usable pages in manifest.,2026-07-17T22:22:51.850179
franctireur,bpt6k4107004v,,failed,0,0,,no_usable_pages,known,,,bpt6k4107004v: no usable pages in manifest.,2026-07-17T22:22:51.933711
franctireur,bpt6k41070058,,failed,0,0,,no_usable_pages,known,,,bpt6k41070058: no usable pages in manifest.,2026-07-17T22:22:52.023481
franctireur,bpt6k4107006p,,failed,0,0,,no_usable_pages,known,,,bpt6k4107006p: no usable pages in manifest.,2026-07-17T22:22:52.088077
franctireur,bpt6k41070073,,failed,0,0,,no_usable_pages,known,,,bpt6k41070073: no usable pages in manifest.,2026-07-17T22:22:52.195489
franctireur,bpt6k4107008h,,failed,0,0,,no_usable_pages,known,,,bpt6k4107008h: no usable pages in manifest.,2026-07-17T22:22:52.275419
franctireur,bpt6k4107009x,,failed,0,0,,no_usable_pages,known,,,bpt6k4107009x: no usable pages in manifest.,2026-07-17T22:22:52.465620
franctireur,bpt6k4107010k,,failed,0,0,,no_usable_pages,known,,,bpt6k4107010k: no usable pages in manifest.,2026-07-17T22:22:52.562232
franctireur,bpt6k41070110,,failed,0,0,,no_usable_pages,known,,,bpt6k41070110: no usable pages in manifest.,2026-07-17T22:22:52.735068
franctireur,bpt6k4107012d,,failed,0,0,,no_usable_pages,known,,,bpt6k4107012d: no usable pages in manifest.,2026-07-17T22:22:52.869018
franctireur,bpt6k4107013t,,failed,0,0,,no_usable_pages,known,,,bpt6k4107013t: no usable pages in manifest.,2026-07-17T22:22:52.956740
franctireur,bpt6k41070147,,failed,0,0,,no_usable_pages,known,,,bpt6k41070147: no usable pages in manifest.,2026-07-17T22:22:53.091090
franctireur,bpt6k4107015n,,failed,0,0,,no_usable_pages,known,,,bpt6k4107015n: no usable pages in manifest.,2026-07-17T22:22:53.181751
franctireur,bpt6k41070162,,failed,0,0,,no_usable_pages,known,,,bpt6k41070162: no usable pages in manifest.,2026-07-17T22:22:53.305880
franctireur,bpt6k4107017g,,failed,0,0,,no_usable_pages,known,,,bpt6k4107017g: no usable pages in manifest.,2026-07-17T22:22:53.392507
franctireur,bpt6k4107018w,,failed,0,0,,no_usable_pages,known,,,bpt6k4107018w: no usable pages in manifest.,2026-07-17T22:22:53.535228
franctireur,bpt6k41070199,,failed,0,0,,no_usable_pages,known,,,bpt6k41070199: no usable pages in manifest.,2026-07-17T22:22:53.641093
franctireur,bpt6k4107020z,,failed,0,0,,no_usable_pages,known,,,bpt6k4107020z: no usable pages in manifest.,2026-07-17T22:22:53.799170
franctireur,bpt6k4107021c,,failed,0,0,,no_usable_pages,known,,,bpt6k4107021c: no usable pages in manifest.,2026-07-17T22:22:53.910251
franctireur,bpt6k4107022s,,failed,0,0,,no_usable_pages,known,,,bpt6k4107022s: no usable pages in manifest.,2026-07-17T22:22:54.023086
franctireur,bpt6k41070236,,failed,0,0,,no_usable_pages,known,,,bpt6k41070236: no usable pages in manifest.,2026-07-17T22:22:54.204048
franctireur,bpt6k4107024m,,failed,0,0,,no_usable_pages,known,,,bpt6k4107024m: no usable pages in manifest.,2026-07-17T22:22:54.310400
franctireur,bpt6k41070251,,failed,0,0,,no_usable_pages,known,,,bpt6k41070251: no usable pages in manifest.,2026-07-17T22:22:54.414858
franctireur,bpt6k4107026f,,failed,0,0,,no_usable_pages,known,,,bpt6k4107026f: no usable pages in manifest.,2026-07-17T22:22:54.509673
franctireur,bpt6k4107027v,,failed,0,0,,no_usable_pages,known,,,bpt6k4107027v: no usable pages in manifest.,2026-07-17T22:22:54.597975
franctireur,bpt6k41070288,,failed,0,0,,no_usable_pages,known,,,bpt6k41070288: no usable pages in manifest.,2026-07-17T22:22:54.711416
franctireur,bpt6k4107029p,,failed,0,0,,no_usable_pages,known,,,bpt6k4107029p: no usable pages in manifest.,2026-07-17T22:22:54.815250
franctireur,bpt6k4107030b,,failed,0,0,,no_usable_pages,known,,,bpt6k4107030b: no usable pages in manifest.,2026-07-17T22:22:54.908728
franctireur,bpt6k4107031r,,failed,0,0,,no_usable_pages,known,,,bpt6k4107031r: no usable pages in manifest.,2026-07-17T22:22:54.983728
franctireur,bpt6k41070325,,failed,0,0,,no_usable_pages,known,,,bpt6k41070325: no usable pages in manifest.,2026-07-17T22:22:55.086545
franctireur,bpt6k4107033k,,failed,0,0,,no_usable_pages,known,,,bpt6k4107033k: no usable pages in manifest.,2026-07-17T22:22:55.187475
franctireur,bpt6k41070340,,failed,0,0,,no_usable_pages,known,,,bpt6k41070340: no usable pages in manifest.,2026-07-17T22:22:55.260031
franctireur,bpt6k4107035d,,failed,0,0,,no_usable_pages,known,,,bpt6k4107035d: no usable pages in manifest.,2026-07-17T22:22:55.370297
franctireur,bpt6k4107036t,,failed,0,0,,no_usable_pages,known,,,bpt6k4107036t: no usable pages in manifest.,2026-07-17T22:22:55.493442
franctireur,bpt6k41070377,,failed,0,0,,no_usable_pages,known,,,bpt6k41070377: no usable pages in manifest.,2026-07-17T22:22:55.603007
franctireur,bpt6k4107038n,,failed,0,0,,no_usable_pages,known,,,bpt6k4107038n: no usable pages in manifest.,2026-07-17T22:22:55.700154
franctireur,bpt6k41070392,,failed,0,0,,no_usable_pages,known,,,bpt6k41070392: no usable pages in manifest.,2026-07-17T22:22:55.913831
franctireur,bpt6k4107040q,,failed,0,0,,no_usable_pages,known,,,bpt6k4107040q: no usable pages in manifest.,2026-07-17T22:22:56.032850
franctireur,bpt6k41070414,,failed,0,0,,no_usable_pages,known,,,bpt6k41070414: no usable pages in manifest.,2026-07-17T22:22:56.123181
franctireur,bpt6k4107042j,,failed,0,0,,no_usable_pages,known,,,bpt6k4107042j: no usable pages in manifest.,2026-07-17T22:22:56.229801
franctireur,bpt6k4107043z,,failed,0,0,,no_usable_pages,known,,,bpt6k4107043z: no usable pages in manifest.,2026-07-17T22:22:56.327634
franctireur,bpt6k4107044c,,failed,0,0,,no_usable_pages,known,,,bpt6k4107044c: no usable pages in manifest.,2026-07-17T22:22:56.468881
franctireur,bpt6k4107045s,,failed,0,0,,no_usable_pages,known,,,bpt6k4107045s: no usable pages in manifest.,2026-07-17T22:22:56.563665
franctireur,bpt6k41070466,,failed,0,0,,no_usable_pages,known,,,bpt6k41070466: no usable pages in manifest.,2026-07-17T22:22:56.646316
franctireur,bpt6k4107047m,,failed,0,0,,no_usable_pages,known,,,bpt6k4107047m: no usable pages in manifest.,2026-07-17T22:22:56.745376
franctireur,bpt6k41070481,,failed,0,0,,no_usable_pages,known,,,bpt6k41070481: no usable pages in manifest.,2026-07-17T22:22:56.854675
franctireur,bpt6k4107049f,,failed,0,0,,no_usable_pages,known,,,bpt6k4107049f: no usable pages in manifest.,2026-07-17T22:22:56.938992
franctireur,bpt6k41070503,,failed,0,0,,no_usable_pages,known,,,bpt6k41070503: no usable pages in manifest.,2026-07-17T22:22:57.026982
franctireur,bpt6k4107051h,,failed,0,0,,no_usable_pages,known,,,bpt6k4107051h: no usable pages in manifest.,2026-07-17T22:22:57.157465
franctireur,bpt6k4107052x,,failed,0,0,,no_usable_pages,known,,,bpt6k4107052x: no usable pages in manifest.,2026-07-17T22:22:57.293175
franctireur,bpt6k4107053b,,failed,0,0,,no_usable_pages,known,,,bpt6k4107053b: no usable pages in manifest.,2026-07-17T22:22:57.540590
franctireur,bpt6k4107054r,,failed,0,0,,no_usable_pages,known,,,bpt6k4107054r: no usable pages in manifest.,2026-07-17T22:22:57.657492
franctireur,bpt6k41070555,,failed,0,0,,no_usable_pages,known,,,bpt6k41070555: no usable pages in manifest.,2026-07-17T22:22:57.796076
franctireur,bpt6k4107056k,,failed,0,0,,no_usable_pages,known,,,bpt6k4107056k: no usable pages in manifest.,2026-07-17T22:22:57.891524
franctireur,bpt6k41070570,,failed,0,0,,no_usable_pages,known,,,bpt6k41070570: no usable pages in manifest.,2026-07-17T22:22:57.998236
franctireur,bpt6k4107058d,,failed,0,0,,no_usable_pages,known,,,bpt6k4107058d: no usable pages in manifest.,2026-07-17T22:22:58.102822
franctireur,bpt6k4107059t,,failed,0,0,,no_usable_pages,known,,,bpt6k4107059t: no usable pages in manifest.,2026-07-17T22:22:58.182993
franctireur,bpt6k4107060g,,failed,0,0,,no_usable_pages,known,,,bpt6k4107060g: no usable pages in manifest.,2026-07-17T22:22:58.331210
franctireur,bpt6k4107061w,,failed,0,0,,no_usable_pages,known,,,bpt6k4107061w: no usable pages in manifest.,2026-07-17T22:22:58.412877
franctireur,bpt6k41070629,,failed,0,0,,no_usable_pages,known,,,bpt6k41070629: no usable pages in manifest.,2026-07-17T22:22:58.495692
franctireur,bpt6k4107063q,,failed,0,0,,no_usable_pages,known,,,bpt6k4107063q: no usable pages in manifest.,2026-07-17T22:22:58.615236
franctireur,bpt6k41070644,,failed,0,0,,no_usable_pages,known,,,bpt6k41070644: no usable pages in manifest.,2026-07-17T22:22:58.708928
franctireur,bpt6k4107065j,,failed,0,0,,no_usable_pages,known,,,bpt6k4107065j: no usable pages in manifest.,2026-07-17T22:22:58.834599
franctireur,bpt6k4107066z,,failed,0,0,,no_usable_pages,known,,,bpt6k4107066z: no usable pages in manifest.,2026-07-17T22:22:58.923945
franctireur,bpt6k4107067c,,failed,0,0,,no_usable_pages,known,,,bpt6k4107067c: no usable pages in manifest.,2026-07-17T22:22:59.077497
franctireur,bpt6k4107068s,,failed,0,0,,no_usable_pages,known,,,bpt6k4107068s: no usable pages in manifest.,2026-07-17T22:22:59.212062
franctireur,bpt6k41070696,,failed,0,0,,no_usable_pages,known,,,bpt6k41070696: no usable pages in manifest.,2026-07-17T22:22:59.383924
franctireur,bpt6k4107070v,,failed,0,0,,no_usable_pages,known,,,bpt6k4107070v: no usable pages in manifest.,2026-07-17T22:22:59.469303
franctireur,bpt6k41070718,,failed,0,0,,no_usable_pages,known,,,bpt6k41070718: no usable pages in manifest.,2026-07-17T22:22:59.568365
franctireur,bpt6k4107072p,,failed,0,0,,no_usable_pages,known,,,bpt6k4107072p: no usable pages in manifest.,2026-07-17T22:22:59.699247
franctireur,bpt6k41070733,,failed,0,0,,no_usable_pages,known,,,bpt6k41070733: no usable pages in manifest.,2026-07-17T22:22:59.779714
franctireur,bpt6k4107074h,,failed,0,0,,no_usable_pages,known,,,bpt6k4107074h: no usable pages in manifest.,2026-07-17T22:22:59.891995
franctireur,bpt6k4107075x,,failed,0,0,,no_usable_pages,known,,,bpt6k4107075x: no usable pages in manifest.,2026-07-17T22:22:59.976371
franctireur,bpt6k4107076b,,failed,0,0,,no_usable_pages,known,,,bpt6k4107076b: no usable pages in manifest.,2026-07-17T22:23:00.104078
franctireur,bpt6k4107077r,,failed,0,0,,no_usable_pages,known,,,bpt6k4107077r: no usable pages in manifest.,2026-07-17T22:23:00.212324
franctireur,bpt6k41070785,,failed,0,0,,no_usable_pages,known,,,bpt6k41070785: no usable pages in manifest.,2026-07-17T22:23:00.292246
franctireur,bpt6k4107079k,,failed,0,0,,no_usable_pages,known,,,bpt6k4107079k: no usable pages in manifest.,2026-07-17T22:23:00.444870
franctireur,bpt6k41070807,,failed,0,0,,no_usable_pages,known,,,bpt6k41070807: no usable pages in manifest.,2026-07-17T22:23:00.549545
franctireur,bpt6k4107081n,,failed,0,0,,no_usable_pages,known,,,bpt6k4107081n: no usable pages in manifest.,2026-07-17T22:23:00.720469
franctireur,bpt6k41070822,,failed,0,0,,no_usable_pages,known,,,bpt6k41070822: no usable pages in manifest.,2026-07-17T22:23:00.848356
franctireur,bpt6k4107083g,,failed,0,0,,no_usable_pages,known,,,bpt6k4107083g: no usable pages in manifest.,2026-07-17T22:23:00.990753
franctireur,bpt6k4107084w,,failed,0,0,,no_usable_pages,known,,,bpt6k4107084w: no usable pages in manifest.,2026-07-17T22:23:01.066433
franctireur,bpt6k41070859,,failed,0,0,,no_usable_pages,known,,,bpt6k41070859: no usable pages in manifest.,2026-07-17T22:23:01.170368
franctireur,bpt6k4107086q,,failed,0,0,,no_usable_pages,known,,,bpt6k4107086q: no usable pages in manifest.,2026-07-17T22:23:01.261071
franctireur,bpt6k41070874,,failed,0,0,,no_usable_pages,known,,,bpt6k41070874: no usable pages in manifest.,2026-07-17T22:23:01.364231
franctireur,bpt6k4107088j,,failed,0,0,,no_usable_pages,known,,,bpt6k4107088j: no usable pages in manifest.,2026-07-17T22:23:01.472090
franctireur,bpt6k4107089z,,failed,0,0,,no_usable_pages,known,,,bpt6k4107089z: no usable pages in manifest.,2026-07-17T22:23:01.615098
franctireur,bpt6k4107090m,,failed,0,0,,no_usable_pages,known,,,bpt6k4107090m: no usable pages in manifest.,2026-07-17T22:23:01.724662
franctireur,bpt6k41070911,,failed,0,0,,no_usable_pages,known,,,bpt6k41070911: no usable pages in manifest.,2026-07-17T22:23:01.881960
franctireur,bpt6k4107092f,,failed,0,0,,no_usable_pages,known,,,bpt6k4107092f: no usable pages in manifest.,2026-07-17T22:23:02.295600
franctireur,bpt6k4107093v,,failed,0,0,,no_usable_pages,known,,,bpt6k4107093v: no usable pages in manifest.,2026-07-17T22:23:02.423039
franctireur,bpt6k41070948,,failed,0,0,,no_usable_pages,known,,,bpt6k41070948: no usable pages in manifest.,2026-07-17T22:23:02.532570
franctireur,bpt6k4107095p,,failed,0,0,,no_usable_pages,known,,,bpt6k4107095p: no usable pages in manifest.,2026-07-17T22:23:02.697642
franctireur,bpt6k41070963,,failed,0,0,,no_usable_pages,known,,,bpt6k41070963: no usable pages in manifest.,2026-07-17T22:23:02.883229
franctireur,bpt6k4107097h,,failed,0,0,,no_usable_pages,known,,,bpt6k4107097h: no usable pages in manifest.,2026-07-17T22:23:03.063194
franctireur,bpt6k4107098x,,failed,0,0,,no_usable_pages,known,,,bpt6k4107098x: no usable pages in manifest.,2026-07-17T22:23:03.159311
franctireur,bpt6k4107099b,,failed,0,0,,no_usable_pages,known,,,bpt6k4107099b: no usable pages in manifest.,2026-07-17T22:23:03.265603
franctireur,bpt6k4107100j,,failed,0,0,,no_usable_pages,known,,,bpt6k4107100j: no usable pages in manifest.,2026-07-17T22:23:03.372644
franctireur,bpt6k4107101z,,failed,0,0,,no_usable_pages,known,,,bpt6k4107101z: no usable pages in manifest.,2026-07-17T22:23:03.488822
franctireur,bpt6k4107102c,,failed,0,0,,no_usable_pages,known,,,bpt6k4107102c: no usable pages in manifest.,2026-07-17T22:23:03.581953
franctireur,bpt6k4107103s,,failed,0,0,,no_usable_pages,known,,,bpt6k4107103s: no usable pages in manifest.,2026-07-17T22:23:03.721597
franctireur,bpt6k41071046,,failed,0,0,,no_usable_pages,known,,,bpt6k41071046: no usable pages in manifest.,2026-07-17T22:23:03.836678
franctireur,bpt6k4107105m,,failed,0,0,,no_usable_pages,known,,,bpt6k4107105m: no usable pages in manifest.,2026-07-17T22:23:03.953099
franctireur,bpt6k41071061,,failed,0,0,,no_usable_pages,known,,,bpt6k41071061: no usable pages in manifest.,2026-07-17T22:23:04.129163
franctireur,bpt6k4107107f,,failed,0,0,,no_usable_pages,known,,,bpt6k4107107f: no usable pages in manifest.,2026-07-17T22:23:04.266944
franctireur,bpt6k4107108v,,failed,0,0,,no_usable_pages,known,,,bpt6k4107108v: no usable pages in manifest.,2026-07-17T22:23:04.369616
franctireur,bpt6k41071098,,failed,0,0,,no_usable_pages,known,,,bpt6k41071098: no usable pages in manifest.,2026-07-17T22:23:04.451482
franctireur,bpt6k4107110x,,failed,0,0,,no_usable_pages,known,,,bpt6k4107110x: no usable pages in manifest.,2026-07-17T22:23:04.551438
franctireur,bpt6k4107111b,,failed,0,0,,no_usable_pages,known,,,bpt6k4107111b: no usable pages in manifest.,2026-07-17T22:23:04.665696
franctireur,bpt6k4107112r,,failed,0,0,,no_usable_pages,known,,,bpt6k4107112r: no usable pages in manifest.,2026-07-17T22:23:04.797515
franctireur,bpt6k41071135,,failed,0,0,,no_usable_pages,known,,,bpt6k41071135: no usable pages in manifest.,2026-07-17T22:23:04.899341
franctireur,bpt6k4107114k,,failed,0,0,,no_usable_pages,known,,,bpt6k4107114k: no usable pages in manifest.,2026-07-17T22:23:05.008803
franctireur,bpt6k41071150,,failed,0,0,,no_usable_pages,known,,,bpt6k41071150: no usable pages in manifest.,2026-07-17T22:23:05.186470
franctireur,bpt6k4107116d,,failed,0,0,,no_usable_pages,known,,,bpt6k4107116d: no usable pages in manifest.,2026-07-17T22:23:05.296526
franctireur,bpt6k4107117t,,failed,0,0,,no_usable_pages,known,,,bpt6k4107117t: no usable pages in manifest.,2026-07-17T22:23:05.429335
franctireur,bpt6k41071187,,failed,0,0,,no_usable_pages,known,,,bpt6k41071187: no usable pages in manifest.,2026-07-17T22:23:05.513681
franctireur,bpt6k4107119n,,failed,0,0,,no_usable_pages,known,,,bpt6k4107119n: no usable pages in manifest.,2026-07-17T22:23:05.773004
franctireur,bpt6k41071209,,failed,0,0,,no_usable_pages,known,,,bpt6k41071209: no usable pages in manifest.,2026-07-17T22:23:05.895236
franctireur,bpt6k4107121q,,failed,0,0,,no_usable_pages,known,,,bpt6k4107121q: no usable pages in manifest.,2026-07-17T22:23:05.981060
franctireur,bpt6k41071224,,failed,0,0,,no_usable_pages,known,,,bpt6k41071224: no usable pages in manifest.,2026-07-17T22:23:06.038408
franctireur,bpt6k4107123j,,failed,0,0,,no_usable_pages,known,,,bpt6k4107123j: no usable pages in manifest.,2026-07-17T22:23:06.147925
franctireur,bpt6k4107124z,,failed,0,0,,no_usable_pages,known,,,bpt6k4107124z: no usable pages in manifest.,2026-07-17T22:23:06.272779
franctireur,bpt6k4107125c,,failed,0,0,,no_usable_pages,known,,,bpt6k4107125c: no usable pages in manifest.,2026-07-17T22:23:06.402745
franctireur,bpt6k4107126s,,failed,0,0,,no_usable_pages,known,,,bpt6k4107126s: no usable pages in manifest.,2026-07-17T22:23:06.483058
franctireur,bpt6k41071276,,failed,0,0,,no_usable_pages,known,,,bpt6k41071276: no usable pages in manifest.,2026-07-17T22:23:06.574991
franctireur,bpt6k4107128m,,failed,0,0,,no_usable_pages,known,,,bpt6k4107128m: no usable pages in manifest.,2026-07-17T22:23:06.692701
franctireur,bpt6k41071291,,failed,0,0,,no_usable_pages,known,,,bpt6k41071291: no usable pages in manifest.,2026-07-17T22:23:06.800634
franctireur,bpt6k4107130p,,failed,0,0,,no_usable_pages,known,,,bpt6k4107130p: no usable pages in manifest.,2026-07-17T22:23:06.942663
franctireur,bpt6k41071313,,failed,0,0,,no_usable_pages,known,,,bpt6k41071313: no usable pages in manifest.,2026-07-17T22:23:07.044500
franctireur,bpt6k4107132h,,failed,0,0,,no_usable_pages,known,,,bpt6k4107132h: no usable pages in manifest.,2026-07-17T22:23:07.152240
franctireur,bpt6k4107133x,,failed,0,0,,no_usable_pages,known,,,bpt6k4107133x: no usable pages in manifest.,2026-07-17T22:23:07.427873
franctireur,bpt6k4107134b,,failed,0,0,,no_usable_pages,known,,,bpt6k4107134b: no usable pages in manifest.,2026-07-17T22:23:07.516652
franctireur,bpt6k4107135r,,failed,0,0,,no_usable_pages,known,,,bpt6k4107135r: no usable pages in manifest.,2026-07-17T22:23:07.593913
franctireur,bpt6k41071365,,failed,0,0,,no_usable_pages,known,,,bpt6k41071365: no usable pages in manifest.,2026-07-17T22:23:07.666033
franctireur,bpt6k4107137k,,failed,0,0,,no_usable_pages,known,,,bpt6k4107137k: no usable pages in manifest.,2026-07-17T22:23:07.807729
franctireur,bpt6k41071380,,failed,0,0,,no_usable_pages,known,,,bpt6k41071380: no usable pages in manifest.,2026-07-17T22:23:07.922411
franctireur,bpt6k4107139d,,failed,0,0,,no_usable_pages,known,,,bpt6k4107139d: no usable pages in manifest.,2026-07-17T22:23:08.011908
franctireur,bpt6k41071402,,failed,0,0,,no_usable_pages,known,,,bpt6k41071402: no usable pages in manifest.,2026-07-17T22:23:08.124219
franctireur,bpt6k4107141g,,failed,0,0,,no_usable_pages,known,,,bpt6k4107141g: no usable pages in manifest.,2026-07-17T22:23:08.237741
franctireur,bpt6k4107142w,,failed,0,0,,no_usable_pages,known,,,bpt6k4107142w: no usable pages in manifest.,2026-07-17T22:23:08.384606
franctireur,bpt6k41071439,,failed,0,0,,no_usable_pages,known,,,bpt6k41071439: no usable pages in manifest.,2026-07-17T22:23:08.470573
franctireur,bpt6k4107144q,,failed,0,0,,no_usable_pages,known,,,bpt6k4107144q: no usable pages in manifest.,2026-07-17T22:23:08.567685
franctireur,bpt6k41071454,,failed,0,0,,no_usable_pages,known,,,bpt6k41071454: no usable pages in manifest.,2026-07-17T22:23:08.664779
franctireur,bpt6k4107146j,,failed,0,0,,no_usable_pages,known,,,bpt6k4107146j: no usable pages in manifest.,2026-07-17T22:23:08.781478
franctireur,bpt6k4107147z,,failed,0,0,,no_usable_pages,known,,,bpt6k4107147z: no usable pages in manifest.,2026-07-17T22:23:08.911598
franctireur,bpt6k4107148c,,failed,0,0,,no_usable_pages,known,,,bpt6k4107148c: no usable pages in manifest.,2026-07-17T22:23:09.252755
franctireur,bpt6k4107149s,,failed,0,0,,no_usable_pages,known,,,bpt6k4107149s: no usable pages in manifest.,2026-07-17T22:23:09.441692
franctireur,bpt6k4107150f,,failed,0,0,,no_usable_pages,known,,,bpt6k4107150f: no usable pages in manifest.,2026-07-17T22:23:09.551429
franctireur,bpt6k4107151v,,failed,0,0,,no_usable_pages,known,,,bpt6k4107151v: no usable pages in manifest.,2026-07-17T22:23:09.642891
franctireur,bpt6k41071528,,failed,0,0,,no_usable_pages,known,,,bpt6k41071528: no usable pages in manifest.,2026-07-17T22:23:09.728901
franctireur,bpt6k4107153p,,failed,0,0,,no_usable_pages,known,,,bpt6k4107153p: no usable pages in manifest.,2026-07-17T22:23:09.812159
franctireur,bpt6k41071543,,failed,0,0,,no_usable_pages,known,,,bpt6k41071543: no usable pages in manifest.,2026-07-17T22:23:09.903750
franctireur,bpt6k4107155h,,failed,0,0,,no_usable_pages,known,,,bpt6k4107155h: no usable pages in manifest.,2026-07-17T22:23:10.007865
franctireur,bpt6k4107156x,,failed,0,0,,no_usable_pages,known,,,bpt6k4107156x: no usable pages in manifest.,2026-07-17T22:23:10.118888
franctireur,bpt6k4107157b,,failed,0,0,,no_usable_pages,known,,,bpt6k4107157b: no usable pages in manifest.,2026-07-17T22:23:10.199056
franctireur,bpt6k4107158r,,failed,0,0,,no_usable_pages,known,,,bpt6k4107158r: no usable pages in manifest.,2026-07-17T22:23:10.291898
franctireur,bpt6k41071595,,failed,0,0,,no_usable_pages,known,,,bpt6k41071595: no usable pages in manifest.,2026-07-17T22:23:10.443677
franctireur,bpt6k4107160t,,failed,0,0,,no_usable_pages,known,,,bpt6k4107160t: no usable pages in manifest.,2026-07-17T22:23:10.554457
franctireur,bpt6k41071617,,failed,0,0,,no_usable_pages,known,,,bpt6k41071617: no usable pages in manifest.,2026-07-17T22:23:10.679223
franctireur,bpt6k4107162n,,failed,0,0,,no_usable_pages,known,,,bpt6k4107162n: no usable pages in manifest.,2026-07-17T22:23:10.814910
franctireur,bpt6k41071632,,failed,0,0,,no_usable_pages,known,,,bpt6k41071632: no usable pages in manifest.,2026-07-17T22:23:10.924833
franctireur,bpt6k4107164g,,failed,0,0,,no_usable_pages,known,,,bpt6k4107164g: no usable pages in manifest.,2026-07-17T22:23:11.028298
franctireur,bpt6k4107165w,,failed,0,0,,no_usable_pages,known,,,bpt6k4107165w: no usable pages in manifest.,2026-07-17T22:23:11.141561
franctireur,bpt6k41071669,,failed,0,0,,no_usable_pages,known,,,bpt6k41071669: no usable pages in manifest.,2026-07-17T22:23:11.256656
franctireur,bpt6k4107167q,,failed,0,0,,no_usable_pages,known,,,bpt6k4107167q: no usable pages in manifest.,2026-07-17T22:23:11.351364
franctireur,bpt6k41071684,,failed,0,0,,no_usable_pages,known,,,bpt6k41071684: no usable pages in manifest.,2026-07-17T22:23:11.462510
franctireur,bpt6k4107169j,,failed,0,0,,no_usable_pages,known,,,bpt6k4107169j: no usable pages in manifest.,2026-07-17T22:23:11.566446
franctireur,bpt6k41071706,,failed,0,0,,no_usable_pages,known,,,bpt6k41071706: no usable pages in manifest.,2026-07-17T22:23:11.677981
franctireur,bpt6k4107171m,,failed,0,0,,no_usable_pages,known,,,bpt6k4107171m: no usable pages in manifest.,2026-07-17T22:23:11.767211
franctireur,bpt6k41071721,,failed,0,0,,no_usable_pages,known,,,bpt6k41071721: no usable pages in manifest.,2026-07-17T22:23:11.855192
franctireur,bpt6k4107173f,,failed,0,0,,no_usable_pages,known,,,bpt6k4107173f: no usable pages in manifest.,2026-07-17T22:23:11.956259
franctireur,bpt6k4107174v,,failed,0,0,,no_usable_pages,known,,,bpt6k4107174v: no usable pages in manifest.,2026-07-17T22:23:12.071908
franctireur,bpt6k41071758,,failed,0,0,,no_usable_pages,known,,,bpt6k41071758: no usable pages in manifest.,2026-07-17T22:23:12.226572
franctireur,bpt6k4107176p,,failed,0,0,,no_usable_pages,known,,,bpt6k4107176p: no usable pages in manifest.,2026-07-17T22:23:12.495585
franctireur,bpt6k41071773,,failed,0,0,,no_usable_pages,known,,,bpt6k41071773: no usable pages in manifest.,2026-07-17T22:23:12.678287
franctireur,bpt6k4107178h,,failed,0,0,,no_usable_pages,known,,,bpt6k4107178h: no usable pages in manifest.,2026-07-17T22:23:12.753198
franctireur,bpt6k4107179x,,failed,0,0,,no_usable_pages,known,,,bpt6k4107179x: no usable pages in manifest.,2026-07-17T22:23:12.848735
franctireur,bpt6k4107180k,,failed,0,0,,no_usable_pages,known,,,bpt6k4107180k: no usable pages in manifest.,2026-07-17T22:23:12.942670
franctireur,bpt6k41071810,,failed,0,0,,no_usable_pages,known,,,bpt6k41071810: no usable pages in manifest.,2026-07-17T22:23:13.061605
franctireur,bpt6k4107182d,,failed,0,0,,no_usable_pages,known,,,bpt6k4107182d: no usable pages in manifest.,2026-07-17T22:23:13.138021
franctireur,bpt6k4107183t,,failed,0,0,,no_usable_pages,known,,,bpt6k4107183t: no usable pages in manifest.,2026-07-17T22:23:13.278770
franctireur,bpt6k41071847,,failed,0,0,,no_usable_pages,known,,,bpt6k41071847: no usable pages in manifest.,2026-07-17T22:23:13.359184
franctireur,bpt6k4107185n,,failed,0,0,,no_usable_pages,known,,,bpt6k4107185n: no usable pages in manifest.,2026-07-17T22:23:13.428906
franctireur,bpt6k41071862,,failed,0,0,,no_usable_pages,known,,,bpt6k41071862: no usable pages in manifest.,2026-07-17T22:23:13.510530
franctireur,bpt6k4107187g,,failed,0,0,,no_usable_pages,known,,,bpt6k4107187g: no usable pages in manifest.,2026-07-17T22:23:13.642688
franctireur,bpt6k4107188w,,failed,0,0,,no_usable_pages,known,,,bpt6k4107188w: no usable pages in manifest.,2026-07-17T22:23:13.755414
franctireur,bpt6k41071899,,failed,0,0,,no_usable_pages,known,,,bpt6k41071899: no usable pages in manifest.,2026-07-17T22:23:13.875185
franctireur,bpt6k4107190z,,failed,0,0,,no_usable_pages,known,,,bpt6k4107190z: no usable pages in manifest.,2026-07-17T22:23:13.955290
franctireur,bpt6k4107191c,,failed,0,0,,no_usable_pages,known,,,bpt6k4107191c: no usable pages in manifest.,2026-07-17T22:23:14.055883
franctireur,bpt6k4107192s,,failed,0,0,,no_usable_pages,known,,,bpt6k4107192s: no usable pages in manifest.,2026-07-17T22:23:14.194729
franctireur,bpt6k41071936,,failed,0,0,,no_usable_pages,known,,,bpt6k41071936: no usable pages in manifest.,2026-07-17T22:23:14.325277
franctireur,bpt6k4107194m,,failed,0,0,,no_usable_pages,known,,,bpt6k4107194m: no usable pages in manifest.,2026-07-17T22:23:14.421970
franctireur,bpt6k41071951,,failed,0,0,,no_usable_pages,known,,,bpt6k41071951: no usable pages in manifest.,2026-07-17T22:23:14.510342
franctireur,bpt6k4107196f,,failed,0,0,,no_usable_pages,known,,,bpt6k4107196f: no usable pages in manifest.,2026-07-17T22:23:14.616665
franctireur,bpt6k4107197v,,failed,0,0,,no_usable_pages,known,,,bpt6k4107197v: no usable pages in manifest.,2026-07-17T22:23:14.730883
franctireur,bpt6k41071988,,failed,0,0,,no_usable_pages,known,,,bpt6k41071988: no usable pages in manifest.,2026-07-17T22:23:14.829044
franctireur,bpt6k4107199p,,failed,0,0,,no_usable_pages,known,,,bpt6k4107199p: no usable pages in manifest.,2026-07-17T22:23:14.908239
franctireur,bpt6k4107200w,,failed,0,0,,no_usable_pages,known,,,bpt6k4107200w: no usable pages in manifest.,2026-07-17T22:23:14.990652
franctireur,bpt6k4107202q,,failed,0,0,,no_usable_pages,known,,,bpt6k4107202q: no usable pages in manifest.,2026-07-17T22:23:15.078324
franctireur,bpt6k41072034,,failed,0,0,,no_usable_pages,known,,,bpt6k41072034: no usable pages in manifest.,2026-07-17T22:23:15.169982
franctireur,bpt6k4107204j,,failed,0,0,,no_usable_pages,known,,,bpt6k4107204j: no usable pages in manifest.,2026-07-17T22:23:15.255523
franctireur,bpt6k4107205z,,failed,0,0,,no_usable_pages,known,,,bpt6k4107205z: no usable pages in manifest.,2026-07-17T22:23:15.339881
franctireur,bpt6k4107206c,,failed,0,0,,no_usable_pages,known,,,bpt6k4107206c: no usable pages in manifest.,2026-07-17T22:23:15.475017
franctireur,bpt6k4107207s,,failed,0,0,,no_usable_pages,known,,,bpt6k4107207s: no usable pages in manifest.,2026-07-17T22:23:15.556665
franctireur,bpt6k41072086,,failed,0,0,,no_usable_pages,known,,,bpt6k41072086: no usable pages in manifest.,2026-07-17T22:23:15.697829
franctireur,bpt6k4107209m,,failed,0,0,,no_usable_pages,known,,,bpt6k4107209m: no usable pages in manifest.,2026-07-17T22:23:15.872312
franctireur,bpt6k41072108,,failed,0,0,,no_usable_pages,known,,,bpt6k41072108: no usable pages in manifest.,2026-07-17T22:23:15.983157
franctireur,bpt6k4107211p,,failed,0,0,,no_usable_pages,known,,,bpt6k4107211p: no usable pages in manifest.,2026-07-17T22:23:16.088330
franctireur,bpt6k41072123,,failed,0,0,,no_usable_pages,known,,,bpt6k41072123: no usable pages in manifest.,2026-07-17T22:23:16.183181
franctireur,bpt6k4107213h,,failed,0,0,,no_usable_pages,known,,,bpt6k4107213h: no usable pages in manifest.,2026-07-17T22:23:16.305940
franctireur,bpt6k4107214x,,failed,0,0,,no_usable_pages,known,,,bpt6k4107214x: no usable pages in manifest.,2026-07-17T22:23:16.448733
franctireur,bpt6k4107215b,,failed,0,0,,no_usable_pages,known,,,bpt6k4107215b: no usable pages in manifest.,2026-07-17T22:23:16.535797
franctireur,bpt6k4107216r,,failed,0,0,,no_usable_pages,known,,,bpt6k4107216r: no usable pages in manifest.,2026-07-17T22:23:16.633744
franctireur,bpt6k41072175,,failed,0,0,,no_usable_pages,known,,,bpt6k41072175: no usable pages in manifest.,2026-07-17T22:23:16.726062
franctireur,bpt6k4107218k,,failed,0,0,,no_usable_pages,known,,,bpt6k4107218k: no usable pages in manifest.,2026-07-17T22:23:16.855728
franctireur,bpt6k41072190,,failed,0,0,,no_usable_pages,known,,,bpt6k41072190: no usable pages in manifest.,2026-07-17T22:23:16.919180
franctireur,bpt6k4107220n,,failed,0,0,,no_usable_pages,known,,,bpt6k4107220n: no usable pages in manifest.,2026-07-17T22:23:17.015226
franctireur,bpt6k41072212,,failed,0,0,,no_usable_pages,known,,,bpt6k41072212: no usable pages in manifest.,2026-07-17T22:23:17.110936
franctireur,bpt6k4107222g,,failed,0,0,,no_usable_pages,known,,,bpt6k4107222g: no usable pages in manifest.,2026-07-17T22:23:17.193401
franctireur,bpt6k4107223w,,failed,0,0,,no_usable_pages,known,,,bpt6k4107223w: no usable pages in manifest.,2026-07-17T22:23:17.268791
franctireur,bpt6k41072249,,failed,0,0,,no_usable_pages,known,,,bpt6k41072249: no usable pages in manifest.,2026-07-17T22:23:17.414137
franctireur,bpt6k4107225q,,failed,0,0,,no_usable_pages,known,,,bpt6k4107225q: no usable pages in manifest.,2026-07-17T22:23:17.552599
franctireur,bpt6k41072264,,failed,0,0,,no_usable_pages,known,,,bpt6k41072264: no usable pages in manifest.,2026-07-17T22:23:17.652715
franctireur,bpt6k4107227j,,failed,0,0,,no_usable_pages,known,,,bpt6k4107227j: no usable pages in manifest.,2026-07-17T22:23:17.736752
franctireur,bpt6k4107228z,,failed,0,0,,no_usable_pages,known,,,bpt6k4107228z: no usable pages in manifest.,2026-07-17T22:23:17.937226
franctireur,bpt6k4107229c,,failed,0,0,,no_usable_pages,known,,,bpt6k4107229c: no usable pages in manifest.,2026-07-17T22:23:18.016776
franctireur,bpt6k41072301,,failed,0,0,,no_usable_pages,known,,,bpt6k41072301: no usable pages in manifest.,2026-07-17T22:23:18.101167
franctireur,bpt6k4107231f,,failed,0,0,,no_usable_pages,known,,,bpt6k4107231f: no usable pages in manifest.,2026-07-17T22:23:18.199692
franctireur,bpt6k4107232v,,failed,0,0,,no_usable_pages,known,,,bpt6k4107232v: no usable pages in manifest.,2026-07-17T22:23:18.284911
franctireur,bpt6k41072338,,failed,0,0,,no_usable_pages,known,,,bpt6k41072338: no usable pages in manifest.,2026-07-17T22:23:18.364727
franctireur,bpt6k4107234p,,failed,0,0,,no_usable_pages,known,,,bpt6k4107234p: no usable pages in manifest.,2026-07-17T22:23:18.430130
franctireur,bpt6k41072353,,failed,0,0,,no_usable_pages,known,,,bpt6k41072353: no usable pages in manifest.,2026-07-17T22:23:18.552946
franctireur,bpt6k4107236h,,failed,0,0,,no_usable_pages,known,,,bpt6k4107236h: no usable pages in manifest.,2026-07-17T22:23:18.633405
franctireur,bpt6k4107237x,,failed,0,0,,no_usable_pages,known,,,bpt6k4107237x: no usable pages in manifest.,2026-07-17T22:23:18.735675
franctireur,bpt6k4107238b,,failed,0,0,,no_usable_pages,known,,,bpt6k4107238b: no usable pages in manifest.,2026-07-17T22:23:18.835965
franctireur,bpt6k4107239r,,failed,0,0,,no_usable_pages,known,,,bpt6k4107239r: no usable pages in manifest.,2026-07-17T22:23:19.056893
franctireur,bpt6k4159566p,,failed,0,0,,http_manifest,known,403,manifest,"Client error '403 ' for url 'https://openapiproext.bnf.fr/iiif/presentation/v3/ark:/12148/bpt6k4159566p/manifest.json'
For more information check: https://developer.mozilla.org/en-US/docs/Web/HTTP/Status/403",2026-07-17T22:23:19.256211
franctireur,bpt6k41595673,,failed,0,0,,http_manifest,known,403,manifest,"Client error '403 ' for url 'https://openapiproext.bnf.fr/iiif/presentation/v3/ark:/12148/bpt6k41595673/manifest.json'
For more information check: https://developer.mozilla.org/en-US/docs/Web/HTTP/Status/403",2026-07-17T22:23:20.315904
franctireur,bpt6k4159568h,,failed,0,0,,http_manifest,known,403,manifest,"Client error '403 ' for url 'https://openapiproext.bnf.fr/iiif/presentation/v3/ark:/12148/bpt6k4159568h/manifest.json'
For more information check: https://developer.mozilla.org/en-US/docs/Web/HTTP/Status/403",2026-07-17T22:23:21.550473
franctireur,bpt6k4159569x,,failed,0,0,,http_manifest,known,403,manifest,"Client error '403 ' for url 'https://openapiproext.bnf.fr/iiif/presentation/v3/ark:/12148/bpt6k4159569x/manifest.json'
For more information check: https://developer.mozilla.org/en-US/docs/Web/HTTP/Status/403",2026-07-17T22:23:22.783269
franctireur,bpt6k4159570k,,failed,0,0,,http_manifest,known,403,manifest,"Client error '403 ' for url 'https://openapiproext.bnf.fr/iiif/presentation/v3/ark:/12148/bpt6k4159570k/manifest.json'
For more information check: https://developer.mozilla.org/en-US/docs/Web/HTTP/Status/403",2026-07-17T22:23:23.999505
franctireur,bpt6k41595710,,failed,0,0,,http_manifest,known,403,manifest,"Client error '403 ' for url 'https://openapiproext.bnf.fr/iiif/presentation/v3/ark:/12148/bpt6k41595710/manifest.json'
For more information check: https://developer.mozilla.org/en-US/docs/Web/HTTP/Status/403",2026-07-17T22:23:25.119111
franctireur,bpt6k4159572d,,failed,0,0,,http_manifest,known,403,manifest,"Client error '403 ' for url 'https://openapiproext.bnf.fr/iiif/presentation/v3/ark:/12148/bpt6k4159572d/manifest.json'
For more information check: https://developer.mozilla.org/en-US/docs/Web/HTTP/Status/403",2026-07-17T22:23:26.317726
franctireur,bpt6k4159573t,,failed,0,0,,http_manifest,known,403,manifest,"Client error '403 ' for url 'https://openapiproext.bnf.fr/iiif/presentation/v3/ark:/12148/bpt6k4159573t/manifest.json'
For more information check: https://developer.mozilla.org/en-US/docs/Web/HTTP/Status/403",2026-07-17T22:23:27.521490
franctireur,bpt6k41595747,,failed,0,0,,http_manifest,known,403,manifest,"Client error '403 ' for url 'https://openapiproext.bnf.fr/iiif/presentation/v3/ark:/12148/bpt6k41595747/manifest.json'
For more information check: https://developer.mozilla.org/en-US/docs/Web/HTTP/Status/403",2026-07-17T22:23:28.722657
franctireur,bpt6k4159575n,,failed,0,0,,http_manifest,known,403,manifest,"Client error '403 ' for url 'https://openapiproext.bnf.fr/iiif/presentation/v3/ark:/12148/bpt6k4159575n/manifest.json'
For more information check: https://developer.mozilla.org/en-US/docs/Web/HTTP/Status/403",2026-07-17T22:23:29.926314
franctireur,bpt6k41595762,,failed,0,0,,http_manifest,known,403,manifest,"Client error '403 ' for url 'https://openapiproext.bnf.fr/iiif/presentation/v3/ark:/12148/bpt6k41595762/manifest.json'
For more information check: https://developer.mozilla.org/en-US/docs/Web/HTTP/Status/403",2026-07-17T22:23:31.139907
franctireur,bpt6k4159577g,,failed,0,0,,http_manifest,known,403,manifest,"Client error '403 ' for url 'https://openapiproext.bnf.fr/iiif/presentation/v3/ark:/12148/bpt6k4159577g/manifest.json'
For more information check: https://developer.mozilla.org/en-US/docs/Web/HTTP/Status/403",2026-07-17T22:23:32.326485
franctireur,bpt6k4159578w,,failed,0,0,,http_manifest,known,403,manifest,"Client error '403 ' for url 'https://openapiproext.bnf.fr/iiif/presentation/v3/ark:/12148/bpt6k4159578w/manifest.json'
For more information check: https://developer.mozilla.org/en-US/docs/Web/HTTP/Status/403",2026-07-17T22:23:33.529180
franctireur,bpt6k41595799,,failed,0,0,,http_manifest,known,403,manifest,"Client error '403 ' for url 'https://openapiproext.bnf.fr/iiif/presentation/v3/ark:/12148/bpt6k41595799/manifest.json'
For more information check: https://developer.mozilla.org/en-US/docs/Web/HTTP/Status/403",2026-07-17T22:23:34.726293
franctireur,bpt6k4159580z,,failed,0,0,,http_manifest,known,403,manifest,"Client error '403 ' for url 'https://openapiproext.bnf.fr/iiif/presentation/v3/ark:/12148/bpt6k4159580z/manifest.json'
For more information check: https://developer.mozilla.org/en-US/docs/Web/HTTP/Status/403",2026-07-17T22:23:35.930600
franctireur,bpt6k4159581c,,failed,0,0,,http_manifest,known,403,manifest,"Client error '403 ' for url 'https://openapiproext.bnf.fr/iiif/presentation/v3/ark:/12148/bpt6k4159581c/manifest.json'
For more information check: https://developer.mozilla.org/en-US/docs/Web/HTTP/Status/403",2026-07-17T22:23:37.160406
franctireur,bpt6k4159582s,,failed,0,0,,http_manifest,known,403,manifest,"Client error '403 ' for url 'https://openapiproext.bnf.fr/iiif/presentation/v3/ark:/12148/bpt6k4159582s/manifest.json'
For more information check: https://developer.mozilla.org/en-US/docs/Web/HTTP/Status/403",2026-07-17T22:23:38.333676
franctireur,bpt6k41595836,,failed,0,0,,http_manifest,known,403,manifest,"Client error '403 ' for url 'https://openapiproext.bnf.fr/iiif/presentation/v3/ark:/12148/bpt6k41595836/manifest.json'
For more information check: https://developer.mozilla.org/en-US/docs/Web/HTTP/Status/403",2026-07-17T22:23:39.534216
franctireur,bpt6k4159584m,,failed,0,0,,http_manifest,known,403,manifest,"Client error '403 ' for url 'https://openapiproext.bnf.fr/iiif/presentation/v3/ark:/12148/bpt6k4159584m/manifest.json'
For more information check: https://developer.mozilla.org/en-US/docs/Web/HTTP/Status/403",2026-07-17T22:23:40.738200
franctireur,bpt6k41595851,,failed,0,0,,http_manifest,known,403,manifest,"Client error '403 ' for url 'https://openapiproext.bnf.fr/iiif/presentation/v3/ark:/12148/bpt6k41595851/manifest.json'
For more information check: https://developer.mozilla.org/en-US/docs/Web/HTTP/Status/403",2026-07-17T22:23:41.937476
franctireur,bpt6k4159586f,,failed,0,0,,http_manifest,known,403,manifest,"Client error '403 ' for url 'https://openapiproext.bnf.fr/iiif/presentation/v3/ark:/12148/bpt6k4159586f/manifest.json'
For more information check: https://developer.mozilla.org/en-US/docs/Web/HTTP/Status/403",2026-07-17T22:23:43.137713
franctireur,bpt6k4159587v,,failed,0,0,,http_manifest,known,403,manifest,"Client error '403 ' for url 'https://openapiproext.bnf.fr/iiif/presentation/v3/ark:/12148/bpt6k4159587v/manifest.json'
For more information check: https://developer.mozilla.org/en-US/docs/Web/HTTP/Status/403",2026-07-17T22:23:44.334365
franctireur,bpt6k41595888,,failed,0,0,,http_manifest,known,403,manifest,"Client error '403 ' for url 'https://openapiproext.bnf.fr/iiif/presentation/v3/ark:/12148/bpt6k41595888/manifest.json'
For more information check: https://developer.mozilla.org/en-US/docs/Web/HTTP/Status/403",2026-07-17T22:23:45.541642
franctireur,bpt6k4159589p,,failed,0,0,,http_manifest,known,403,manifest,"Client error '403 ' for url 'https://openapiproext.bnf.fr/iiif/presentation/v3/ark:/12148/bpt6k4159589p/manifest.json'
For more information check: https://developer.mozilla.org/en-US/docs/Web/HTTP/Status/403",2026-07-17T22:23:46.741951
franctireur,bpt6k4159590b,,failed,0,0,,http_manifest,known,403,manifest,"Client error '403 ' for url 'https://openapiproext.bnf.fr/iiif/presentation/v3/ark:/12148/bpt6k4159590b/manifest.json'
For more information check: https://developer.mozilla.org/en-US/docs/Web/HTTP/Status/403",2026-07-17T22:23:47.940890
franctireur,bpt6k4159591r,,failed,0,0,,http_manifest,known,403,manifest,"Client error '403 ' for url 'https://openapiproext.bnf.fr/iiif/presentation/v3/ark:/12148/bpt6k4159591r/manifest.json'
For more information check: https://developer.mozilla.org/en-US/docs/Web/HTTP/Status/403",2026-07-17T22:23:49.162039
franctireur,bpt6k41595925,,failed,0,0,,http_manifest,known,403,manifest,"Client error '403 ' for url 'https://openapiproext.bnf.fr/iiif/presentation/v3/ark:/12148/bpt6k41595925/manifest.json'
For more information check: https://developer.mozilla.org/en-US/docs/Web/HTTP/Status/403",2026-07-17T22:23:50.345374
franctireur,bpt6k4159593k,,failed,0,0,,http_manifest,known,403,manifest,"Client error '403 ' for url 'https://openapiproext.bnf.fr/iiif/presentation/v3/ark:/12148/bpt6k4159593k/manifest.json'
For more information check: https://developer.mozilla.org/en-US/docs/Web/HTTP/Status/403",2026-07-17T22:23:51.547400
franctireur,bpt6k41595940,,failed,0,0,,http_manifest,known,403,manifest,"Client error '403 ' for url 'https://openapiproext.bnf.fr/iiif/presentation/v3/ark:/12148/bpt6k41595940/manifest.json'
For more information check: https://developer.mozilla.org/en-US/docs/Web/HTTP/Status/403",2026-07-17T22:23:52.754541
franctireur,bpt6k4159595d,,failed,0,0,,http_manifest,known,403,manifest,"Client error '403 ' for url 'https://openapiproext.bnf.fr/iiif/presentation/v3/ark:/12148/bpt6k4159595d/manifest.json'
For more information check: https://developer.mozilla.org/en-US/docs/Web/HTTP/Status/403",2026-07-17T22:23:53.948831
franctireur,bpt6k4159596t,,failed,0,0,,http_manifest,known,403,manifest,"Client error '403 ' for url 'https://openapiproext.bnf.fr/iiif/presentation/v3/ark:/12148/bpt6k4159596t/manifest.json'
For more information check: https://developer.mozilla.org/en-US/docs/Web/HTTP/Status/403",2026-07-17T22:23:55.152809
franctireur,bpt6k41595977,,failed,0,0,,http_manifest,known,403,manifest,"Client error '403 ' for url 'https://openapiproext.bnf.fr/iiif/presentation/v3/ark:/12148/bpt6k41595977/manifest.json'
For more information check: https://developer.mozilla.org/en-US/docs/Web/HTTP/Status/403",2026-07-17T22:23:56.352485
franctireur,bpt6k4159598n,,failed,0,0,,http_manifest,known,403,manifest,"Client error '403 ' for url 'https://openapiproext.bnf.fr/iiif/presentation/v3/ark:/12148/bpt6k4159598n/manifest.json'
For more information check: https://developer.mozilla.org/en-US/docs/Web/HTTP/Status/403",2026-07-17T22:23:57.553762
franctireur,bpt6k41595992,,failed,0,0,,http_manifest,known,403,manifest,"Client error '403 ' for url 'https://openapiproext.bnf.fr/iiif/presentation/v3/ark:/12148/bpt6k41595992/manifest.json'
For more information check: https://developer.mozilla.org/en-US/docs/Web/HTTP/Status/403",2026-07-17T22:23:58.759978
franctireur,bpt6k41596008,,failed,0,0,,http_manifest,known,403,manifest,"Client error '403 ' for url 'https://openapiproext.bnf.fr/iiif/presentation/v3/ark:/12148/bpt6k41596008/manifest.json'
For more information check: https://developer.mozilla.org/en-US/docs/Web/HTTP/Status/403",2026-07-17T22:23:59.956047
franctireur,bpt6k4159601p,,failed,0,0,,http_manifest,known,403,manifest,"Client error '403 ' for url 'https://openapiproext.bnf.fr/iiif/presentation/v3/ark:/12148/bpt6k4159601p/manifest.json'
For more information check: https://developer.mozilla.org/en-US/docs/Web/HTTP/Status/403",2026-07-17T22:24:01.177234
franctireur,bpt6k41596023,,failed,0,0,,http_manifest,known,403,manifest,"Client error '403 ' for url 'https://openapiproext.bnf.fr/iiif/presentation/v3/ark:/12148/bpt6k41596023/manifest.json'
For more information check: https://developer.mozilla.org/en-US/docs/Web/HTTP/Status/403",2026-07-17T22:24:02.363377
franctireur,bpt6k4159603h,,failed,0,0,,http_manifest,known,403,manifest,"Client error '403 ' for url 'https://openapiproext.bnf.fr/iiif/presentation/v3/ark:/12148/bpt6k4159603h/manifest.json'
For more information check: https://developer.mozilla.org/en-US/docs/Web/HTTP/Status/403",2026-07-17T22:24:03.561861
franctireur,bpt6k4159604x,,failed,0,0,,http_manifest,known,403,manifest,"Client error '403 ' for url 'https://openapiproext.bnf.fr/iiif/presentation/v3/ark:/12148/bpt6k4159604x/manifest.json'
For more information check: https://developer.mozilla.org/en-US/docs/Web/HTTP/Status/403",2026-07-17T22:24:04.760539
franctireur,bpt6k4159605b,,failed,0,0,,http_manifest,known,403,manifest,"Client error '403 ' for url 'https://openapiproext.bnf.fr/iiif/presentation/v3/ark:/12148/bpt6k4159605b/manifest.json'
For more information check: https://developer.mozilla.org/en-US/docs/Web/HTTP/Status/403",2026-07-17T22:24:05.967408
franctireur,bpt6k4159606r,,failed,0,0,,http_manifest,known,403,manifest,"Client error '403 ' for url 'https://openapiproext.bnf.fr/iiif/presentation/v3/ark:/12148/bpt6k4159606r/manifest.json'
For more information check: https://developer.mozilla.org/en-US/docs/Web/HTTP/Status/403",2026-07-17T22:24:07.304921
franctireur,bpt6k41596075,,failed,0,0,,http_manifest,known,403,manifest,"Client error '403 ' for url 'https://openapiproext.bnf.fr/iiif/presentation/v3/ark:/12148/bpt6k41596075/manifest.json'
For more information check: https://developer.mozilla.org/en-US/docs/Web/HTTP/Status/403",2026-07-17T22:24:08.513658
franctireur,bpt6k4159608k,,failed,0,0,,http_manifest,known,403,manifest,"Client error '403 ' for url 'https://openapiproext.bnf.fr/iiif/presentation/v3/ark:/12148/bpt6k4159608k/manifest.json'
For more information check: https://developer.mozilla.org/en-US/docs/Web/HTTP/Status/403",2026-07-17T22:24:09.581134
franctireur,bpt6k41596090,,failed,0,0,,http_manifest,known,403,manifest,"Client error '403 ' for url 'https://openapiproext.bnf.fr/iiif/presentation/v3/ark:/12148/bpt6k41596090/manifest.json'
For more information check: https://developer.mozilla.org/en-US/docs/Web/HTTP/Status/403",2026-07-17T22:24:10.772866
franctireur,bpt6k4159610n,,failed,0,0,,http_manifest,known,403,manifest,"Client error '403 ' for url 'https://openapiproext.bnf.fr/iiif/presentation/v3/ark:/12148/bpt6k4159610n/manifest.json'
For more information check: https://developer.mozilla.org/en-US/docs/Web/HTTP/Status/403",2026-07-17T22:24:12.174885
franctireur,bpt6k41596112,,failed,0,0,,http_manifest,known,403,manifest,"Client error '403 ' for url 'https://openapiproext.bnf.fr/iiif/presentation/v3/ark:/12148/bpt6k41596112/manifest.json'
For more information check: https://developer.mozilla.org/en-US/docs/Web/HTTP/Status/403",2026-07-17T22:24:13.302464
franctireur,bpt6k4159612g,,failed,0,0,,http_manifest,known,403,manifest,"Client error '403 ' for url 'https://openapiproext.bnf.fr/iiif/presentation/v3/ark:/12148/bpt6k4159612g/manifest.json'
For more information check: https://developer.mozilla.org/en-US/docs/Web/HTTP/Status/403",2026-07-17T22:24:14.528010
franctireur,bpt6k4159613w,,failed,0,0,,http_manifest,known,403,manifest,"Client error '403 ' for url 'https://openapiproext.bnf.fr/iiif/presentation/v3/ark:/12148/bpt6k4159613w/manifest.json'
For more information check: https://developer.mozilla.org/en-US/docs/Web/HTTP/Status/403",2026-07-17T22:24:15.582711
franctireur,bpt6k41596149,,failed,0,0,,http_manifest,known,403,manifest,"Client error '403 ' for url 'https://openapiproext.bnf.fr/iiif/presentation/v3/ark:/12148/bpt6k41596149/manifest.json'
For more information check: https://developer.mozilla.org/en-US/docs/Web/HTTP/Status/403",2026-07-17T22:24:16.790030
franctireur,bpt6k4159615q,,failed,0,0,,http_manifest,known,403,manifest,"Client error '403 ' for url 'https://openapiproext.bnf.fr/iiif/presentation/v3/ark:/12148/bpt6k4159615q/manifest.json'
For more information check: https://developer.mozilla.org/en-US/docs/Web/HTTP/Status/403",2026-07-17T22:24:17.979873
franctireur,bpt6k41596164,,failed,0,0,,http_manifest,known,403,manifest,"Client error '403 ' for url 'https://openapiproext.bnf.fr/iiif/presentation/v3/ark:/12148/bpt6k41596164/manifest.json'
For more information check: https://developer.mozilla.org/en-US/docs/Web/HTTP/Status/403",2026-07-17T22:24:19.214291
franctireur,bpt6k4159617j,,failed,0,0,,http_manifest,known,403,manifest,"Client error '403 ' for url 'https://openapiproext.bnf.fr/iiif/presentation/v3/ark:/12148/bpt6k4159617j/manifest.json'
For more information check: https://developer.mozilla.org/en-US/docs/Web/HTTP/Status/403",2026-07-17T22:24:20.384951
franctireur,bpt6k4159618z,,failed,0,0,,http_manifest,known,403,manifest,"Client error '403 ' for url 'https://openapiproext.bnf.fr/iiif/presentation/v3/ark:/12148/bpt6k4159618z/manifest.json'
For more information check: https://developer.mozilla.org/en-US/docs/Web/HTTP/Status/403",2026-07-17T22:24:21.585967
franctireur,bpt6k4159619c,,failed,0,0,,http_manifest,known,403,manifest,"Client error '403 ' for url 'https://openapiproext.bnf.fr/iiif/presentation/v3/ark:/12148/bpt6k4159619c/manifest.json'
For more information check: https://developer.mozilla.org/en-US/docs/Web/HTTP/Status/403",2026-07-17T22:24:22.872207
franctireur,bpt6k41596201,,failed,0,0,,http_manifest,known,403,manifest,"Client error '403 ' for url 'https://openapiproext.bnf.fr/iiif/presentation/v3/ark:/12148/bpt6k41596201/manifest.json'
For more information check: https://developer.mozilla.org/en-US/docs/Web/HTTP/Status/403",2026-07-17T22:24:23.991513
franctireur,bpt6k4159621f,,failed,0,0,,http_manifest,known,403,manifest,"Client error '403 ' for url 'https://openapiproext.bnf.fr/iiif/presentation/v3/ark:/12148/bpt6k4159621f/manifest.json'
For more information check: https://developer.mozilla.org/en-US/docs/Web/HTTP/Status/403",2026-07-17T22:24:25.293041
franctireur,bpt6k4159622v,,failed,0,0,,http_manifest,known,403,manifest,"Client error '403 ' for url 'https://openapiproext.bnf.fr/iiif/presentation/v3/ark:/12148/bpt6k4159622v/manifest.json'
For more information check: https://developer.mozilla.org/en-US/docs/Web/HTTP/Status/403",2026-07-17T22:24:26.552389
franctireur,bpt6k41596238,,failed,0,0,,http_manifest,known,403,manifest,"Client error '403 ' for url 'https://openapiproext.bnf.fr/iiif/presentation/v3/ark:/12148/bpt6k41596238/manifest.json'
For more information check: https://developer.mozilla.org/en-US/docs/Web/HTTP/Status/403",2026-07-17T22:24:27.596521
franctireur,bpt6k4159624p,,failed,0,0,,http_manifest,known,403,manifest,"Client error '403 ' for url 'https://openapiproext.bnf.fr/iiif/presentation/v3/ark:/12148/bpt6k4159624p/manifest.json'
For more information check: https://developer.mozilla.org/en-US/docs/Web/HTTP/Status/403",2026-07-17T22:24:28.798578
franctireur,bpt6k41596253,,failed,0,0,,http_manifest,known,403,manifest,"Client error '403 ' for url 'https://openapiproext.bnf.fr/iiif/presentation/v3/ark:/12148/bpt6k41596253/manifest.json'
For more information check: https://developer.mozilla.org/en-US/docs/Web/HTTP/Status/403",2026-07-17T22:24:29.996235
franctireur,bpt6k4159626h,,failed,0,0,,http_manifest,known,403,manifest,"Client error '403 ' for url 'https://openapiproext.bnf.fr/iiif/presentation/v3/ark:/12148/bpt6k4159626h/manifest.json'
For more information check: https://developer.mozilla.org/en-US/docs/Web/HTTP/Status/403",2026-07-17T22:24:31.223645
franctireur,bpt6k4159627x,,failed,0,0,,http_manifest,known,403,manifest,"Client error '403 ' for url 'https://openapiproext.bnf.fr/iiif/presentation/v3/ark:/12148/bpt6k4159627x/manifest.json'
For more information check: https://developer.mozilla.org/en-US/docs/Web/HTTP/Status/403",2026-07-17T22:24:32.400828
franctireur,bpt6k4159628b,,failed,0,0,,http_manifest,known,403,manifest,"Client error '403 ' for url 'https://openapiproext.bnf.fr/iiif/presentation/v3/ark:/12148/bpt6k4159628b/manifest.json'
For more information check: https://developer.mozilla.org/en-US/docs/Web/HTTP/Status/403",2026-07-17T22:24:33.601162
franctireur,bpt6k4159629r,,failed,0,0,,http_manifest,known,403,manifest,"Client error '403 ' for url 'https://openapiproext.bnf.fr/iiif/presentation/v3/ark:/12148/bpt6k4159629r/manifest.json'
For more information check: https://developer.mozilla.org/en-US/docs/Web/HTTP/Status/403",2026-07-17T22:24:34.806815
franctireur,bpt6k4159630d,,failed,0,0,,http_manifest,known,403,manifest,"Client error '403 ' for url 'https://openapiproext.bnf.fr/iiif/presentation/v3/ark:/12148/bpt6k4159630d/manifest.json'
For more information check: https://developer.mozilla.org/en-US/docs/Web/HTTP/Status/403",2026-07-17T22:24:36.006117
franctireur,bpt6k4159631t,,failed,0,0,,http_manifest,known,403,manifest,"Client error '403 ' for url 'https://openapiproext.bnf.fr/iiif/presentation/v3/ark:/12148/bpt6k4159631t/manifest.json'
For more information check: https://developer.mozilla.org/en-US/docs/Web/HTTP/Status/403",2026-07-17T22:24:37.231227
franctireur,bpt6k41596327,,failed,0,0,,http_manifest,known,403,manifest,"Client error '403 ' for url 'https://openapiproext.bnf.fr/iiif/presentation/v3/ark:/12148/bpt6k41596327/manifest.json'
For more information check: https://developer.mozilla.org/en-US/docs/Web/HTTP/Status/403",2026-07-17T22:24:38.411395
franctireur,bpt6k4159633n,,failed,0,0,,http_manifest,known,403,manifest,"Client error '403 ' for url 'https://openapiproext.bnf.fr/iiif/presentation/v3/ark:/12148/bpt6k4159633n/manifest.json'
For more information check: https://developer.mozilla.org/en-US/docs/Web/HTTP/Status/403",2026-07-17T22:24:39.611539
franctireur,bpt6k41596342,,failed,0,0,,http_manifest,known,403,manifest,"Client error '403 ' for url 'https://openapiproext.bnf.fr/iiif/presentation/v3/ark:/12148/bpt6k41596342/manifest.json'
For more information check: https://developer.mozilla.org/en-US/docs/Web/HTTP/Status/403",2026-07-17T22:24:40.813964
franctireur,bpt6k4159635g,,failed,0,0,,http_manifest,known,403,manifest,"Client error '403 ' for url 'https://openapiproext.bnf.fr/iiif/presentation/v3/ark:/12148/bpt6k4159635g/manifest.json'
For more information check: https://developer.mozilla.org/en-US/docs/Web/HTTP/Status/403",2026-07-17T22:24:42.015971
franctireur,bpt6k4159636w,,failed,0,0,,http_manifest,known,403,manifest,"Client error '403 ' for url 'https://openapiproext.bnf.fr/iiif/presentation/v3/ark:/12148/bpt6k4159636w/manifest.json'
For more information check: https://developer.mozilla.org/en-US/docs/Web/HTTP/Status/403",2026-07-17T22:24:43.220016
franctireur,bpt6k41596379,,failed,0,0,,http_manifest,known,403,manifest,"Client error '403 ' for url 'https://openapiproext.bnf.fr/iiif/presentation/v3/ark:/12148/bpt6k41596379/manifest.json'
For more information check: https://developer.mozilla.org/en-US/docs/Web/HTTP/Status/403",2026-07-17T22:24:44.417976
franctireur,bpt6k4159638q,,failed,0,0,,http_manifest,known,403,manifest,"Client error '403 ' for url 'https://openapiproext.bnf.fr/iiif/presentation/v3/ark:/12148/bpt6k4159638q/manifest.json'
For more information check: https://developer.mozilla.org/en-US/docs/Web/HTTP/Status/403",2026-07-17T22:24:45.625199
franctireur,bpt6k41596394,,failed,0,0,,http_manifest,known,403,manifest,"Client error '403 ' for url 'https://openapiproext.bnf.fr/iiif/presentation/v3/ark:/12148/bpt6k41596394/manifest.json'
For more information check: https://developer.mozilla.org/en-US/docs/Web/HTTP/Status/403",2026-07-17T22:24:46.831202
franctireur,bpt6k4159640s,,failed,0,0,,http_manifest,known,403,manifest,"Client error '403 ' for url 'https://openapiproext.bnf.fr/iiif/presentation/v3/ark:/12148/bpt6k4159640s/manifest.json'
For more information check: https://developer.mozilla.org/en-US/docs/Web/HTTP/Status/403",2026-07-17T22:24:48.023588
franctireur,bpt6k41596416,,failed,0,0,,http_manifest,known,403,manifest,"Client error '403 ' for url 'https://openapiproext.bnf.fr/iiif/presentation/v3/ark:/12148/bpt6k41596416/manifest.json'
For more information check: https://developer.mozilla.org/en-US/docs/Web/HTTP/Status/403",2026-07-17T22:24:49.248166
franctireur,bpt6k4159642m,,failed,0,0,,http_manifest,known,403,manifest,"Client error '403 ' for url 'https://openapiproext.bnf.fr/iiif/presentation/v3/ark:/12148/bpt6k4159642m/manifest.json'
For more information check: https://developer.mozilla.org/en-US/docs/Web/HTTP/Status/403",2026-07-17T22:24:50.425000
franctireur,bpt6k41596431,,failed,0,0,,http_manifest,known,403,manifest,"Client error '403 ' for url 'https://openapiproext.bnf.fr/iiif/presentation/v3/ark:/12148/bpt6k41596431/manifest.json'
For more information check: https://developer.mozilla.org/en-US/docs/Web/HTTP/Status/403",2026-07-17T22:24:51.632589
franctireur,bpt6k4159644f,,failed,0,0,,http_manifest,known,403,manifest,"Client error '403 ' for url 'https://openapiproext.bnf.fr/iiif/presentation/v3/ark:/12148/bpt6k4159644f/manifest.json'
For more information check: https://developer.mozilla.org/en-US/docs/Web/HTTP/Status/403",2026-07-17T22:24:52.830651
franctireur,bpt6k4159645v,,failed,0,0,,http_manifest,known,403,manifest,"Client error '403 ' for url 'https://openapiproext.bnf.fr/iiif/presentation/v3/ark:/12148/bpt6k4159645v/manifest.json'
For more information check: https://developer.mozilla.org/en-US/docs/Web/HTTP/Status/403",2026-07-17T22:24:54.037714
franctireur,bpt6k41596468,,failed,0,0,,http_manifest,known,403,manifest,"Client error '403 ' for url 'https://openapiproext.bnf.fr/iiif/presentation/v3/ark:/12148/bpt6k41596468/manifest.json'
For more information check: https://developer.mozilla.org/en-US/docs/Web/HTTP/Status/403",2026-07-17T22:24:55.234877
franctireur,bpt6k4159647p,,failed,0,0,,http_manifest,known,403,manifest,"Client error '403 ' for url 'https://openapiproext.bnf.fr/iiif/presentation/v3/ark:/12148/bpt6k4159647p/manifest.json'
For more information check: https://developer.mozilla.org/en-US/docs/Web/HTTP/Status/403",2026-07-17T22:24:56.434281
franctireur,bpt6k41596483,,failed,0,0,,http_manifest,known,403,manifest,"Client error '403 ' for url 'https://openapiproext.bnf.fr/iiif/presentation/v3/ark:/12148/bpt6k41596483/manifest.json'
For more information check: https://developer.mozilla.org/en-US/docs/Web/HTTP/Status/403",2026-07-17T22:24:57.643543
franctireur,bpt6k4159649h,,failed,0,0,,http_manifest,known,403,manifest,"Client error '403 ' for url 'https://openapiproext.bnf.fr/iiif/presentation/v3/ark:/12148/bpt6k4159649h/manifest.json'
For more information check: https://developer.mozilla.org/en-US/docs/Web/HTTP/Status/403",2026-07-17T22:24:58.837524
franctireur,bpt6k41596505,,failed,0,0,,http_manifest,known,403,manifest,"Client error '403 ' for url 'https://openapiproext.bnf.fr/iiif/presentation/v3/ark:/12148/bpt6k41596505/manifest.json'
For more information check: https://developer.mozilla.org/en-US/docs/Web/HTTP/Status/403",2026-07-17T22:25:00.038404
franctireur,bpt6k4159651k,,failed,0,0,,http_manifest,known,403,manifest,"Client error '403 ' for url 'https://openapiproext.bnf.fr/iiif/presentation/v3/ark:/12148/bpt6k4159651k/manifest.json'
For more information check: https://developer.mozilla.org/en-US/docs/Web/HTTP/Status/403",2026-07-17T22:25:01.262984
franctireur,bpt6k41596520,,failed,0,0,,http_manifest,known,403,manifest,"Client error '403 ' for url 'https://openapiproext.bnf.fr/iiif/presentation/v3/ark:/12148/bpt6k41596520/manifest.json'
For more information check: https://developer.mozilla.org/en-US/docs/Web/HTTP/Status/403",2026-07-17T22:25:02.441938
franctireur,bpt6k4159653d,,failed,0,0,,http_manifest,known,403,manifest,"Client error '403 ' for url 'https://openapiproext.bnf.fr/iiif/presentation/v3/ark:/12148/bpt6k4159653d/manifest.json'
For more information check: https://developer.mozilla.org/en-US/docs/Web/HTTP/Status/403",2026-07-17T22:25:03.646277
franctireur,bpt6k4159654t,,failed,0,0,,http_manifest,known,403,manifest,"Client error '403 ' for url 'https://openapiproext.bnf.fr/iiif/presentation/v3/ark:/12148/bpt6k4159654t/manifest.json'
For more information check: https://developer.mozilla.org/en-US/docs/Web/HTTP/Status/403",2026-07-17T22:25:04.842735
franctireur,bpt6k41596557,,failed,0,0,,http_manifest,known,403,manifest,"Client error '403 ' for url 'https://openapiproext.bnf.fr/iiif/presentation/v3/ark:/12148/bpt6k41596557/manifest.json'
For more information check: https://developer.mozilla.org/en-US/docs/Web/HTTP/Status/403",2026-07-17T22:25:06.047934
franctireur,bpt6k4159656n,,failed,0,0,,http_manifest,known,403,manifest,"Client error '403 ' for url 'https://openapiproext.bnf.fr/iiif/presentation/v3/ark:/12148/bpt6k4159656n/manifest.json'
For more information check: https://developer.mozilla.org/en-US/docs/Web/HTTP/Status/403",2026-07-17T22:25:07.381422
franctireur,bpt6k41596572,,failed,0,0,,http_manifest,known,403,manifest,"Client error '403 ' for url 'https://openapiproext.bnf.fr/iiif/presentation/v3/ark:/12148/bpt6k41596572/manifest.json'
For more information check: https://developer.mozilla.org/en-US/docs/Web/HTTP/Status/403",2026-07-17T22:25:08.569124
franctireur,bpt6k4159658g,,failed,0,0,,http_manifest,known,403,manifest,"Client error '403 ' for url 'https://openapiproext.bnf.fr/iiif/presentation/v3/ark:/12148/bpt6k4159658g/manifest.json'
For more information check: https://developer.mozilla.org/en-US/docs/Web/HTTP/Status/403",2026-07-17T22:25:09.830084
franctireur,bpt6k4159659w,,failed,0,0,,http_manifest,known,403,manifest,"Client error '403 ' for url 'https://openapiproext.bnf.fr/iiif/presentation/v3/ark:/12148/bpt6k4159659w/manifest.json'
For more information check: https://developer.mozilla.org/en-US/docs/Web/HTTP/Status/403",2026-07-17T22:25:10.852868
franctireur,bpt6k4159660j,,failed,0,0,,http_manifest,known,403,manifest,"Client error '403 ' for url 'https://openapiproext.bnf.fr/iiif/presentation/v3/ark:/12148/bpt6k4159660j/manifest.json'
For more information check: https://developer.mozilla.org/en-US/docs/Web/HTTP/Status/403",2026-07-17T22:25:12.064961
franctireur,bpt6k4159661z,,failed,0,0,,http_manifest,known,403,manifest,"Client error '403 ' for url 'https://openapiproext.bnf.fr/iiif/presentation/v3/ark:/12148/bpt6k4159661z/manifest.json'
For more information check: https://developer.mozilla.org/en-US/docs/Web/HTTP/Status/403",2026-07-17T22:25:13.324701
franctireur,bpt6k4159662c,,failed,0,0,,http_manifest,known,403,manifest,"Client error '403 ' for url 'https://openapiproext.bnf.fr/iiif/presentation/v3/ark:/12148/bpt6k4159662c/manifest.json'
For more information check: https://developer.mozilla.org/en-US/docs/Web/HTTP/Status/403",2026-07-17T22:25:14.687993
franctireur,bpt6k4159663s,,failed,0,0,,http_manifest,known,403,manifest,"Client error '403 ' for url 'https://openapiproext.bnf.fr/iiif/presentation/v3/ark:/12148/bpt6k4159663s/manifest.json'
For more information check: https://developer.mozilla.org/en-US/docs/Web/HTTP/Status/403",2026-07-17T22:25:15.669394
franctireur,bpt6k41596646,,failed,0,0,,http_manifest,known,403,manifest,"Client error '403 ' for url 'https://openapiproext.bnf.fr/iiif/presentation/v3/ark:/12148/bpt6k41596646/manifest.json'
For more information check: https://developer.mozilla.org/en-US/docs/Web/HTTP/Status/403",2026-07-17T22:25:16.861341
franctireur,bpt6k4159665m,,failed,0,0,,http_manifest,known,403,manifest,"Client error '403 ' for url 'https://openapiproext.bnf.fr/iiif/presentation/v3/ark:/12148/bpt6k4159665m/manifest.json'
For more information check: https://developer.mozilla.org/en-US/docs/Web/HTTP/Status/403",2026-07-17T22:25:18.064900
franctireur,bpt6k41596661,,failed,0,0,,http_manifest,known,403,manifest,"Client error '403 ' for url 'https://openapiproext.bnf.fr/iiif/presentation/v3/ark:/12148/bpt6k41596661/manifest.json'
For more information check: https://developer.mozilla.org/en-US/docs/Web/HTTP/Status/403",2026-07-17T22:25:19.313085
franctireur,bpt6k4159667f,,failed,0,0,,http_manifest,known,403,manifest,"Client error '403 ' for url 'https://openapiproext.bnf.fr/iiif/presentation/v3/ark:/12148/bpt6k4159667f/manifest.json'
For more information check: https://developer.mozilla.org/en-US/docs/Web/HTTP/Status/403",2026-07-17T22:25:20.473956
franctireur,bpt6k4159668v,,failed,0,0,,http_manifest,known,403,manifest,"Client error '403 ' for url 'https://openapiproext.bnf.fr/iiif/presentation/v3/ark:/12148/bpt6k4159668v/manifest.json'
For more information check: https://developer.mozilla.org/en-US/docs/Web/HTTP/Status/403",2026-07-17T22:25:21.779324
franctireur,bpt6k41596698,,failed,0,0,,http_manifest,known,403,manifest,"Client error '403 ' for url 'https://openapiproext.bnf.fr/iiif/presentation/v3/ark:/12148/bpt6k41596698/manifest.json'
For more information check: https://developer.mozilla.org/en-US/docs/Web/HTTP/Status/403",2026-07-17T22:25:22.869074
franctireur,bpt6k4159670x,,failed,0,0,,http_manifest,known,403,manifest,"Client error '403 ' for url 'https://openapiproext.bnf.fr/iiif/presentation/v3/ark:/12148/bpt6k4159670x/manifest.json'
For more information check: https://developer.mozilla.org/en-US/docs/Web/HTTP/Status/403",2026-07-17T22:25:24.073908
franctireur,bpt6k4159671b,,failed,0,0,,http_manifest,known,403,manifest,"Client error '403 ' for url 'https://openapiproext.bnf.fr/iiif/presentation/v3/ark:/12148/bpt6k4159671b/manifest.json'
For more information check: https://developer.mozilla.org/en-US/docs/Web/HTTP/Status/403",2026-07-17T22:25:25.432390
franctireur,bpt6k4159672r,,failed,0,0,,http_manifest,known,403,manifest,"Client error '403 ' for url 'https://openapiproext.bnf.fr/iiif/presentation/v3/ark:/12148/bpt6k4159672r/manifest.json'
For more information check: https://developer.mozilla.org/en-US/docs/Web/HTTP/Status/403",2026-07-17T22:25:26.482639
franctireur,bpt6k41596735,,failed,0,0,,http_manifest,known,403,manifest,"Client error '403 ' for url 'https://openapiproext.bnf.fr/iiif/presentation/v3/ark:/12148/bpt6k41596735/manifest.json'
For more information check: https://developer.mozilla.org/en-US/docs/Web/HTTP/Status/403",2026-07-17T22:25:27.809233
franctireur,bpt6k4159674k,,failed,0,0,,http_manifest,known,403,manifest,"Client error '403 ' for url 'https://openapiproext.bnf.fr/iiif/presentation/v3/ark:/12148/bpt6k4159674k/manifest.json'
For more information check: https://developer.mozilla.org/en-US/docs/Web/HTTP/Status/403",2026-07-17T22:25:28.889109
franctireur,bpt6k41596750,,failed,0,0,,http_manifest,known,403,manifest,"Client error '403 ' for url 'https://openapiproext.bnf.fr/iiif/presentation/v3/ark:/12148/bpt6k41596750/manifest.json'
For more information check: https://developer.mozilla.org/en-US/docs/Web/HTTP/Status/403",2026-07-17T22:25:30.081435
franctireur,bpt6k4159676d,,failed,0,0,,http_manifest,known,403,manifest,"Client error '403 ' for url 'https://openapiproext.bnf.fr/iiif/presentation/v3/ark:/12148/bpt6k4159676d/manifest.json'
For more information check: https://developer.mozilla.org/en-US/docs/Web/HTTP/Status/403",2026-07-17T22:25:31.304135
franctireur,bpt6k4159677t,,failed,0,0,,http_manifest,known,403,manifest,"Client error '403 ' for url 'https://openapiproext.bnf.fr/iiif/presentation/v3/ark:/12148/bpt6k4159677t/manifest.json'
For more information check: https://developer.mozilla.org/en-US/docs/Web/HTTP/Status/403",2026-07-17T22:25:32.489273
franctireur,bpt6k41596787,,failed,0,0,,http_manifest,known,403,manifest,"Client error '403 ' for url 'https://openapiproext.bnf.fr/iiif/presentation/v3/ark:/12148/bpt6k41596787/manifest.json'
For more information check: https://developer.mozilla.org/en-US/docs/Web/HTTP/Status/403",2026-07-17T22:25:33.683124
franctireur,bpt6k4159679n,,failed,0,0,,http_manifest,known,403,manifest,"Client error '403 ' for url 'https://openapiproext.bnf.fr/iiif/presentation/v3/ark:/12148/bpt6k4159679n/manifest.json'
For more information check: https://developer.mozilla.org/en-US/docs/Web/HTTP/Status/403",2026-07-17T22:25:34.893293
franctireur,bpt6k41596809,,failed,0,0,,http_manifest,known,403,manifest,"Client error '403 ' for url 'https://openapiproext.bnf.fr/iiif/presentation/v3/ark:/12148/bpt6k41596809/manifest.json'
For more information check: https://developer.mozilla.org/en-US/docs/Web/HTTP/Status/403",2026-07-17T22:25:36.085095
franctireur,bpt6k4159681q,,failed,0,0,,http_manifest,known,403,manifest,"Client error '403 ' for url 'https://openapiproext.bnf.fr/iiif/presentation/v3/ark:/12148/bpt6k4159681q/manifest.json'
For more information check: https://developer.mozilla.org/en-US/docs/Web/HTTP/Status/403",2026-07-17T22:25:37.291470
franctireur,bpt6k41596824,,failed,0,0,,http_manifest,known,403,manifest,"Client error '403 ' for url 'https://openapiproext.bnf.fr/iiif/presentation/v3/ark:/12148/bpt6k41596824/manifest.json'
For more information check: https://developer.mozilla.org/en-US/docs/Web/HTTP/Status/403",2026-07-17T22:25:38.488537
franctireur,bpt6k4159683j,,failed,0,0,,http_manifest,known,403,manifest,"Client error '403 ' for url 'https://openapiproext.bnf.fr/iiif/presentation/v3/ark:/12148/bpt6k4159683j/manifest.json'
For more information check: https://developer.mozilla.org/en-US/docs/Web/HTTP/Status/403",2026-07-17T22:25:39.693417
franctireur,bpt6k4159684z,,failed,0,0,,http_manifest,known,403,manifest,"Client error '403 ' for url 'https://openapiproext.bnf.fr/iiif/presentation/v3/ark:/12148/bpt6k4159684z/manifest.json'
For more information check: https://developer.mozilla.org/en-US/docs/Web/HTTP/Status/403",2026-07-17T22:25:40.893853
franctireur,bpt6k4159685c,,failed,0,0,,http_manifest,known,403,manifest,"Client error '403 ' for url 'https://openapiproext.bnf.fr/iiif/presentation/v3/ark:/12148/bpt6k4159685c/manifest.json'
For more information check: https://developer.mozilla.org/en-US/docs/Web/HTTP/Status/403",2026-07-17T22:25:42.097746
franctireur,bpt6k4159686s,,failed,0,0,,http_manifest,known,403,manifest,"Client error '403 ' for url 'https://openapiproext.bnf.fr/iiif/presentation/v3/ark:/12148/bpt6k4159686s/manifest.json'
For more information check: https://developer.mozilla.org/en-US/docs/Web/HTTP/Status/403",2026-07-17T22:25:43.323101
franctireur,bpt6k41596876,,failed,0,0,,http_manifest,known,403,manifest,"Client error '403 ' for url 'https://openapiproext.bnf.fr/iiif/presentation/v3/ark:/12148/bpt6k41596876/manifest.json'
For more information check: https://developer.mozilla.org/en-US/docs/Web/HTTP/Status/403",2026-07-17T22:25:44.499429
franctireur,bpt6k4159688m,,failed,0,0,,http_manifest,known,403,manifest,"Client error '403 ' for url 'https://openapiproext.bnf.fr/iiif/presentation/v3/ark:/12148/bpt6k4159688m/manifest.json'
For more information check: https://developer.mozilla.org/en-US/docs/Web/HTTP/Status/403",2026-07-17T22:25:45.699958
franctireur,bpt6k41596891,,failed,0,0,,http_manifest,known,403,manifest,"Client error '403 ' for url 'https://openapiproext.bnf.fr/iiif/presentation/v3/ark:/12148/bpt6k41596891/manifest.json'
For more information check: https://developer.mozilla.org/en-US/docs/Web/HTTP/Status/403",2026-07-17T22:25:46.901291
franctireur,bpt6k4159690p,,failed,0,0,,http_manifest,known,403,manifest,"Client error '403 ' for url 'https://openapiproext.bnf.fr/iiif/presentation/v3/ark:/12148/bpt6k4159690p/manifest.json'
For more information check: https://developer.mozilla.org/en-US/docs/Web/HTTP/Status/403",2026-07-17T22:25:48.102073
franctireur,bpt6k41596913,,failed,0,0,,http_manifest,known,403,manifest,"Client error '403 ' for url 'https://openapiproext.bnf.fr/iiif/presentation/v3/ark:/12148/bpt6k41596913/manifest.json'
For more information check: https://developer.mozilla.org/en-US/docs/Web/HTTP/Status/403",2026-07-17T22:25:49.333009
franctireur,bpt6k4159692h,,failed,0,0,,http_manifest,known,403,manifest,"Client error '403 ' for url 'https://openapiproext.bnf.fr/iiif/presentation/v3/ark:/12148/bpt6k4159692h/manifest.json'
For more information check: https://developer.mozilla.org/en-US/docs/Web/HTTP/Status/403",2026-07-17T22:25:50.507940
franctireur,bpt6k4159693x,,failed,0,0,,http_manifest,known,403,manifest,"Client error '403 ' for url 'https://openapiproext.bnf.fr/iiif/presentation/v3/ark:/12148/bpt6k4159693x/manifest.json'
For more information check: https://developer.mozilla.org/en-US/docs/Web/HTTP/Status/403",2026-07-17T22:25:51.708401
franctireur,bpt6k4159694b,,failed,0,0,,http_manifest,known,403,manifest,"Client error '403 ' for url 'https://openapiproext.bnf.fr/iiif/presentation/v3/ark:/12148/bpt6k4159694b/manifest.json'
For more information check: https://developer.mozilla.org/en-US/docs/Web/HTTP/Status/403",2026-07-17T22:25:52.907909
franctireur,bpt6k4159695r,,failed,0,0,,http_manifest,known,403,manifest,"Client error '403 ' for url 'https://openapiproext.bnf.fr/iiif/presentation/v3/ark:/12148/bpt6k4159695r/manifest.json'
For more information check: https://developer.mozilla.org/en-US/docs/Web/HTTP/Status/403",2026-07-17T22:25:54.111161
franctireur,bpt6k41596965,,failed,0,0,,http_manifest,known,403,manifest,"Client error '403 ' for url 'https://openapiproext.bnf.fr/iiif/presentation/v3/ark:/12148/bpt6k41596965/manifest.json'
For more information check: https://developer.mozilla.org/en-US/docs/Web/HTTP/Status/403",2026-07-17T22:25:55.310255
franctireur,bpt6k4159697k,,failed,0,0,,http_manifest,known,403,manifest,"Client error '403 ' for url 'https://openapiproext.bnf.fr/iiif/presentation/v3/ark:/12148/bpt6k4159697k/manifest.json'
For more information check: https://developer.mozilla.org/en-US/docs/Web/HTTP/Status/403",2026-07-17T22:25:56.513759
franctireur,bpt6k41596980,,failed,0,0,,http_manifest,known,403,manifest,"Client error '403 ' for url 'https://openapiproext.bnf.fr/iiif/presentation/v3/ark:/12148/bpt6k41596980/manifest.json'
For more information check: https://developer.mozilla.org/en-US/docs/Web/HTTP/Status/403",2026-07-17T22:25:57.716881
franctireur,bpt6k4159699d,,failed,0,0,,http_manifest,known,403,manifest,"Client error '403 ' for url 'https://openapiproext.bnf.fr/iiif/presentation/v3/ark:/12148/bpt6k4159699d/manifest.json'
For more information check: https://developer.mozilla.org/en-US/docs/Web/HTTP/Status/403",2026-07-17T22:25:58.921314
franctireur,bpt6k4159700m,,failed,0,0,,http_manifest,known,403,manifest,"Client error '403 ' for url 'https://openapiproext.bnf.fr/iiif/presentation/v3/ark:/12148/bpt6k4159700m/manifest.json'
For more information check: https://developer.mozilla.org/en-US/docs/Web/HTTP/Status/403",2026-07-17T22:26:00.117776
franctireur,bpt6k41597011,,failed,0,0,,http_manifest,known,403,manifest,"Client error '403 ' for url 'https://openapiproext.bnf.fr/iiif/presentation/v3/ark:/12148/bpt6k41597011/manifest.json'
For more information check: https://developer.mozilla.org/en-US/docs/Web/HTTP/Status/403",2026-07-17T22:26:01.341365
franctireur,bpt6k4159702f,,failed,0,0,,http_manifest,known,403,manifest,"Client error '403 ' for url 'https://openapiproext.bnf.fr/iiif/presentation/v3/ark:/12148/bpt6k4159702f/manifest.json'
For more information check: https://developer.mozilla.org/en-US/docs/Web/HTTP/Status/403",2026-07-17T22:26:02.524262
franctireur,bpt6k4159703v,,failed,0,0,,http_manifest,known,403,manifest,"Client error '403 ' for url 'https://openapiproext.bnf.fr/iiif/presentation/v3/ark:/12148/bpt6k4159703v/manifest.json'
For more information check: https://developer.mozilla.org/en-US/docs/Web/HTTP/Status/403",2026-07-17T22:26:03.727633
franctireur,bpt6k41597048,,failed,0,0,,http_manifest,known,403,manifest,"Client error '403 ' for url 'https://openapiproext.bnf.fr/iiif/presentation/v3/ark:/12148/bpt6k41597048/manifest.json'
For more information check: https://developer.mozilla.org/en-US/docs/Web/HTTP/Status/403",2026-07-17T22:26:04.924486
franctireur,bpt6k4159705p,,failed,0,0,,http_manifest,known,403,manifest,"Client error '403 ' for url 'https://openapiproext.bnf.fr/iiif/presentation/v3/ark:/12148/bpt6k4159705p/manifest.json'
For more information check: https://developer.mozilla.org/en-US/docs/Web/HTTP/Status/403",2026-07-17T22:26:06.126596
franctireur,bpt6k41597063,,failed,0,0,,http_manifest,known,403,manifest,"Client error '403 ' for url 'https://openapiproext.bnf.fr/iiif/presentation/v3/ark:/12148/bpt6k41597063/manifest.json'
For more information check: https://developer.mozilla.org/en-US/docs/Web/HTTP/Status/403",2026-07-17T22:26:07.370025
franctireur,bpt6k4159707h,,failed,0,0,,http_manifest,known,403,manifest,"Client error '403 ' for url 'https://openapiproext.bnf.fr/iiif/presentation/v3/ark:/12148/bpt6k4159707h/manifest.json'
For more information check: https://developer.mozilla.org/en-US/docs/Web/HTTP/Status/403",2026-07-17T22:26:08.538897
franctireur,bpt6k4159708x,,failed,0,0,,http_manifest,known,403,manifest,"Client error '403 ' for url 'https://openapiproext.bnf.fr/iiif/presentation/v3/ark:/12148/bpt6k4159708x/manifest.json'
For more information check: https://developer.mozilla.org/en-US/docs/Web/HTTP/Status/403",2026-07-17T22:26:09.735072
franctireur,bpt6k4159709b,,failed,0,0,,http_manifest,known,403,manifest,"Client error '403 ' for url 'https://openapiproext.bnf.fr/iiif/presentation/v3/ark:/12148/bpt6k4159709b/manifest.json'
For more information check: https://developer.mozilla.org/en-US/docs/Web/HTTP/Status/403",2026-07-17T22:26:10.930485
franctireur,bpt6k41597100,,failed,0,0,,http_manifest,known,403,manifest,"Client error '403 ' for url 'https://openapiproext.bnf.fr/iiif/presentation/v3/ark:/12148/bpt6k41597100/manifest.json'
For more information check: https://developer.mozilla.org/en-US/docs/Web/HTTP/Status/403",2026-07-17T22:26:12.243178
franctireur,bpt6k4159711d,,failed,0,0,,http_manifest,known,403,manifest,"Client error '403 ' for url 'https://openapiproext.bnf.fr/iiif/presentation/v3/ark:/12148/bpt6k4159711d/manifest.json'
For more information check: https://developer.mozilla.org/en-US/docs/Web/HTTP/Status/403",2026-07-17T22:26:13.398830
franctireur,bpt6k4159712t,,failed,0,0,,http_manifest,known,403,manifest,"Client error '403 ' for url 'https://openapiproext.bnf.fr/iiif/presentation/v3/ark:/12148/bpt6k4159712t/manifest.json'
For more information check: https://developer.mozilla.org/en-US/docs/Web/HTTP/Status/403",2026-07-17T22:26:14.619593
franctireur,bpt6k41597137,,failed,0,0,,http_manifest,known,403,manifest,"Client error '403 ' for url 'https://openapiproext.bnf.fr/iiif/presentation/v3/ark:/12148/bpt6k41597137/manifest.json'
For more information check: https://developer.mozilla.org/en-US/docs/Web/HTTP/Status/403",2026-07-17T22:26:16.022030
franctireur,bpt6k4159714n,,failed,0,0,,http_manifest,known,403,manifest,"Client error '403 ' for url 'https://openapiproext.bnf.fr/iiif/presentation/v3/ark:/12148/bpt6k4159714n/manifest.json'
For more information check: https://developer.mozilla.org/en-US/docs/Web/HTTP/Status/403",2026-07-17T22:26:17.039544
franctireur,bpt6k41597152,,failed,0,0,,http_manifest,known,403,manifest,"Client error '403 ' for url 'https://openapiproext.bnf.fr/iiif/presentation/v3/ark:/12148/bpt6k41597152/manifest.json'
For more information check: https://developer.mozilla.org/en-US/docs/Web/HTTP/Status/403",2026-07-17T22:26:18.144496
franctireur,bpt6k4159716g,,failed,0,0,,http_manifest,known,403,manifest,"Client error '403 ' for url 'https://openapiproext.bnf.fr/iiif/presentation/v3/ark:/12148/bpt6k4159716g/manifest.json'
For more information check: https://developer.mozilla.org/en-US/docs/Web/HTTP/Status/403",2026-07-17T22:26:19.514240
franctireur,bpt6k4159717w,,failed,0,0,,http_manifest,known,403,manifest,"Client error '403 ' for url 'https://openapiproext.bnf.fr/iiif/presentation/v3/ark:/12148/bpt6k4159717w/manifest.json'
For more information check: https://developer.mozilla.org/en-US/docs/Web/HTTP/Status/403",2026-07-17T22:26:20.546694
franctireur,bpt6k41597189,,failed,0,0,,http_manifest,known,403,manifest,"Client error '403 ' for url 'https://openapiproext.bnf.fr/iiif/presentation/v3/ark:/12148/bpt6k41597189/manifest.json'
For more information check: https://developer.mozilla.org/en-US/docs/Web/HTTP/Status/403",2026-07-17T22:26:21.811366
franctireur,bpt6k4159719q,,failed,0,0,,http_manifest,known,403,manifest,"Client error '403 ' for url 'https://openapiproext.bnf.fr/iiif/presentation/v3/ark:/12148/bpt6k4159719q/manifest.json'
For more information check: https://developer.mozilla.org/en-US/docs/Web/HTTP/Status/403",2026-07-17T22:26:23.164541
franctireur,bpt6k4159720c,,failed,0,0,,http_manifest,known,403,manifest,"Client error '403 ' for url 'https://openapiproext.bnf.fr/iiif/presentation/v3/ark:/12148/bpt6k4159720c/manifest.json'
For more information check: https://developer.mozilla.org/en-US/docs/Web/HTTP/Status/403",2026-07-17T22:26:24.167283
franctireur,bpt6k4159721s,,failed,0,0,,http_manifest,known,403,manifest,"Client error '403 ' for url 'https://openapiproext.bnf.fr/iiif/presentation/v3/ark:/12148/bpt6k4159721s/manifest.json'
For more information check: https://developer.mozilla.org/en-US/docs/Web/HTTP/Status/403",2026-07-17T22:26:25.518385
franctireur,bpt6k41597226,,failed,0,0,,http_manifest,known,403,manifest,"Client error '403 ' for url 'https://openapiproext.bnf.fr/iiif/presentation/v3/ark:/12148/bpt6k41597226/manifest.json'
For more information check: https://developer.mozilla.org/en-US/docs/Web/HTTP/Status/403",2026-07-17T22:26:26.553362
franctireur,bpt6k4159723m,,failed,0,0,,http_manifest,known,403,manifest,"Client error '403 ' for url 'https://openapiproext.bnf.fr/iiif/presentation/v3/ark:/12148/bpt6k4159723m/manifest.json'
For more information check: https://developer.mozilla.org/en-US/docs/Web/HTTP/Status/403",2026-07-17T22:26:27.753296
franctireur,bpt6k41597241,,failed,0,0,,http_manifest,known,403,manifest,"Client error '403 ' for url 'https://openapiproext.bnf.fr/iiif/presentation/v3/ark:/12148/bpt6k41597241/manifest.json'
For more information check: https://developer.mozilla.org/en-US/docs/Web/HTTP/Status/403",2026-07-17T22:26:28.954971
franctireur,bpt6k4159725f,,failed,0,0,,http_manifest,known,403,manifest,"Client error '403 ' for url 'https://openapiproext.bnf.fr/iiif/presentation/v3/ark:/12148/bpt6k4159725f/manifest.json'
For more information check: https://developer.mozilla.org/en-US/docs/Web/HTTP/Status/403",2026-07-17T22:26:30.158248
franctireur,bpt6k4159726v,,failed,0,0,,http_manifest,known,403,manifest,"Client error '403 ' for url 'https://openapiproext.bnf.fr/iiif/presentation/v3/ark:/12148/bpt6k4159726v/manifest.json'
For more information check: https://developer.mozilla.org/en-US/docs/Web/HTTP/Status/403",2026-07-17T22:26:31.397768
franctireur,bpt6k41597278,,failed,0,0,,http_manifest,known,403,manifest,"Client error '403 ' for url 'https://openapiproext.bnf.fr/iiif/presentation/v3/ark:/12148/bpt6k41597278/manifest.json'
For more information check: https://developer.mozilla.org/en-US/docs/Web/HTTP/Status/403",2026-07-17T22:26:32.560158
franctireur,bpt6k4159728p,,failed,0,0,,http_manifest,known,403,manifest,"Client error '403 ' for url 'https://openapiproext.bnf.fr/iiif/presentation/v3/ark:/12148/bpt6k4159728p/manifest.json'
For more information check: https://developer.mozilla.org/en-US/docs/Web/HTTP/Status/403",2026-07-17T22:26:33.763566
franctireur,bpt6k41597293,,failed,0,0,,http_manifest,known,403,manifest,"Client error '403 ' for url 'https://openapiproext.bnf.fr/iiif/presentation/v3/ark:/12148/bpt6k41597293/manifest.json'
For more information check: https://developer.mozilla.org/en-US/docs/Web/HTTP/Status/403",2026-07-17T22:26:34.962975
franctireur,bpt6k4159730r,,failed,0,0,,http_manifest,known,403,manifest,"Client error '403 ' for url 'https://openapiproext.bnf.fr/iiif/presentation/v3/ark:/12148/bpt6k4159730r/manifest.json'
For more information check: https://developer.mozilla.org/en-US/docs/Web/HTTP/Status/403",2026-07-17T22:26:36.161139
franctireur,bpt6k41597315,,failed,0,0,,http_manifest,known,403,manifest,"Client error '403 ' for url 'https://openapiproext.bnf.fr/iiif/presentation/v3/ark:/12148/bpt6k41597315/manifest.json'
For more information check: https://developer.mozilla.org/en-US/docs/Web/HTTP/Status/403",2026-07-17T22:26:37.364284
franctireur,bpt6k4159732k,,failed,0,0,,http_manifest,known,403,manifest,"Client error '403 ' for url 'https://openapiproext.bnf.fr/iiif/presentation/v3/ark:/12148/bpt6k4159732k/manifest.json'
For more information check: https://developer.mozilla.org/en-US/docs/Web/HTTP/Status/403",2026-07-17T22:26:38.565658
franctireur,bpt6k41597330,,failed,0,0,,http_manifest,known,403,manifest,"Client error '403 ' for url 'https://openapiproext.bnf.fr/iiif/presentation/v3/ark:/12148/bpt6k41597330/manifest.json'
For more information check: https://developer.mozilla.org/en-US/docs/Web/HTTP/Status/403",2026-07-17T22:26:39.768820
franctireur,bpt6k4159734d,,failed,0,0,,http_manifest,known,403,manifest,"Client error '403 ' for url 'https://openapiproext.bnf.fr/iiif/presentation/v3/ark:/12148/bpt6k4159734d/manifest.json'
For more information check: https://developer.mozilla.org/en-US/docs/Web/HTTP/Status/403",2026-07-17T22:26:40.969312
franctireur,bpt6k4159735t,,failed,0,0,,http_manifest,known,403,manifest,"Client error '403 ' for url 'https://openapiproext.bnf.fr/iiif/presentation/v3/ark:/12148/bpt6k4159735t/manifest.json'
For more information check: https://developer.mozilla.org/en-US/docs/Web/HTTP/Status/403",2026-07-17T22:26:42.172127
franctireur,bpt6k41597367,,failed,0,0,,http_manifest,known,403,manifest,"Client error '403 ' for url 'https://openapiproext.bnf.fr/iiif/presentation/v3/ark:/12148/bpt6k41597367/manifest.json'
For more information check: https://developer.mozilla.org/en-US/docs/Web/HTTP/Status/403",2026-07-17T22:26:43.403181
franctireur,bpt6k4159737n,,failed,0,0,,http_manifest,known,403,manifest,"Client error '403 ' for url 'https://openapiproext.bnf.fr/iiif/presentation/v3/ark:/12148/bpt6k4159737n/manifest.json'
For more information check: https://developer.mozilla.org/en-US/docs/Web/HTTP/Status/403",2026-07-17T22:26:44.573331
franctireur,bpt6k41597382,,failed,0,0,,http_manifest,known,403,manifest,"Client error '403 ' for url 'https://openapiproext.bnf.fr/iiif/presentation/v3/ark:/12148/bpt6k41597382/manifest.json'
For more information check: https://developer.mozilla.org/en-US/docs/Web/HTTP/Status/403",2026-07-17T22:26:45.784015
franctireur,bpt6k4159739g,,failed,0,0,,http_manifest,known,403,manifest,"Client error '403 ' for url 'https://openapiproext.bnf.fr/iiif/presentation/v3/ark:/12148/bpt6k4159739g/manifest.json'
For more information check: https://developer.mozilla.org/en-US/docs/Web/HTTP/Status/403",2026-07-17T22:26:47.391064
franctireur,bpt6k41597404,,failed,0,0,,http_manifest,known,403,manifest,"Client error '403 ' for url 'https://openapiproext.bnf.fr/iiif/presentation/v3/ark:/12148/bpt6k41597404/manifest.json'
For more information check: https://developer.mozilla.org/en-US/docs/Web/HTTP/Status/403",2026-07-17T22:26:48.180443
franctireur,bpt6k4159741j,,failed,0,0,,http_manifest,known,403,manifest,"Client error '403 ' for url 'https://openapiproext.bnf.fr/iiif/presentation/v3/ark:/12148/bpt6k4159741j/manifest.json'
For more information check: https://developer.mozilla.org/en-US/docs/Web/HTTP/Status/403",2026-07-17T22:26:49.404927
franctireur,bpt6k4159742z,,failed,0,0,,http_manifest,known,403,manifest,"Client error '403 ' for url 'https://openapiproext.bnf.fr/iiif/presentation/v3/ark:/12148/bpt6k4159742z/manifest.json'
For more information check: https://developer.mozilla.org/en-US/docs/Web/HTTP/Status/403",2026-07-17T22:26:50.582221
franctireur,bpt6k4159743c,,failed,0,0,,http_manifest,known,403,manifest,"Client error '403 ' for url 'https://openapiproext.bnf.fr/iiif/presentation/v3/ark:/12148/bpt6k4159743c/manifest.json'
For more information check: https://developer.mozilla.org/en-US/docs/Web/HTTP/Status/403",2026-07-17T22:26:51.784265
franctireur,bpt6k4159744s,,failed,0,0,,http_manifest,known,403,manifest,"Client error '403 ' for url 'https://openapiproext.bnf.fr/iiif/presentation/v3/ark:/12148/bpt6k4159744s/manifest.json'
For more information check: https://developer.mozilla.org/en-US/docs/Web/HTTP/Status/403",2026-07-17T22:26:52.996437
franctireur,bpt6k41597456,,failed,0,0,,http_manifest,known,403,manifest,"Client error '403 ' for url 'https://openapiproext.bnf.fr/iiif/presentation/v3/ark:/12148/bpt6k41597456/manifest.json'
For more information check: https://developer.mozilla.org/en-US/docs/Web/HTTP/Status/403",2026-07-17T22:26:54.187738
franctireur,bpt6k4159746m,,failed,0,0,,http_manifest,known,403,manifest,"Client error '403 ' for url 'https://openapiproext.bnf.fr/iiif/presentation/v3/ark:/12148/bpt6k4159746m/manifest.json'
For more information check: https://developer.mozilla.org/en-US/docs/Web/HTTP/Status/403",2026-07-17T22:26:55.390980
franctireur,bpt6k41597471,,failed,0,0,,http_manifest,known,403,manifest,"Client error '403 ' for url 'https://openapiproext.bnf.fr/iiif/presentation/v3/ark:/12148/bpt6k41597471/manifest.json'
For more information check: https://developer.mozilla.org/en-US/docs/Web/HTTP/Status/403",2026-07-17T22:26:56.592178
franctireur,bpt6k4159748f,,failed,0,0,,http_manifest,known,403,manifest,"Client error '403 ' for url 'https://openapiproext.bnf.fr/iiif/presentation/v3/ark:/12148/bpt6k4159748f/manifest.json'
For more information check: https://developer.mozilla.org/en-US/docs/Web/HTTP/Status/403",2026-07-17T22:26:57.789633
franctireur,bpt6k4159749v,,failed,0,0,,http_manifest,known,403,manifest,"Client error '403 ' for url 'https://openapiproext.bnf.fr/iiif/presentation/v3/ark:/12148/bpt6k4159749v/manifest.json'
For more information check: https://developer.mozilla.org/en-US/docs/Web/HTTP/Status/403",2026-07-17T22:26:58.994871
franctireur,bpt6k4159750h,,failed,0,0,,http_manifest,known,403,manifest,"Client error '403 ' for url 'https://openapiproext.bnf.fr/iiif/presentation/v3/ark:/12148/bpt6k4159750h/manifest.json'
For more information check: https://developer.mozilla.org/en-US/docs/Web/HTTP/Status/403",2026-07-17T22:27:00.297148
franctireur,bpt6k4159751x,,failed,0,0,,http_manifest,known,403,manifest,"Client error '403 ' for url 'https://openapiproext.bnf.fr/iiif/presentation/v3/ark:/12148/bpt6k4159751x/manifest.json'
For more information check: https://developer.mozilla.org/en-US/docs/Web/HTTP/Status/403",2026-07-17T22:27:01.415610
franctireur,bpt6k4159752b,,failed,0,0,,http_manifest,known,403,manifest,"Client error '403 ' for url 'https://openapiproext.bnf.fr/iiif/presentation/v3/ark:/12148/bpt6k4159752b/manifest.json'
For more information check: https://developer.mozilla.org/en-US/docs/Web/HTTP/Status/403",2026-07-17T22:27:02.600687
franctireur,bpt6k4159753r,,failed,0,0,,http_manifest,known,403,manifest,"Client error '403 ' for url 'https://openapiproext.bnf.fr/iiif/presentation/v3/ark:/12148/bpt6k4159753r/manifest.json'
For more information check: https://developer.mozilla.org/en-US/docs/Web/HTTP/Status/403",2026-07-17T22:27:03.801048
franctireur,bpt6k41597545,,failed,0,0,,http_manifest,known,403,manifest,"Client error '403 ' for url 'https://openapiproext.bnf.fr/iiif/presentation/v3/ark:/12148/bpt6k41597545/manifest.json'
For more information check: https://developer.mozilla.org/en-US/docs/Web/HTTP/Status/403",2026-07-17T22:27:05.002947
franctireur,bpt6k4159755k,,failed,0,0,,http_manifest,known,403,manifest,"Client error '403 ' for url 'https://openapiproext.bnf.fr/iiif/presentation/v3/ark:/12148/bpt6k4159755k/manifest.json'
For more information check: https://developer.mozilla.org/en-US/docs/Web/HTTP/Status/403",2026-07-17T22:27:06.448369
franctireur,bpt6k41597560,,failed,0,0,,http_manifest,known,403,manifest,"Client error '403 ' for url 'https://openapiproext.bnf.fr/iiif/presentation/v3/ark:/12148/bpt6k41597560/manifest.json'
For more information check: https://developer.mozilla.org/en-US/docs/Web/HTTP/Status/403",2026-07-17T22:27:07.627603
franctireur,bpt6k4159757d,,failed,0,0,,http_manifest,known,403,manifest,"Client error '403 ' for url 'https://openapiproext.bnf.fr/iiif/presentation/v3/ark:/12148/bpt6k4159757d/manifest.json'
For more information check: https://developer.mozilla.org/en-US/docs/Web/HTTP/Status/403",2026-07-17T22:27:08.608504
franctireur,bpt6k4159758t,,failed,0,0,,http_manifest,known,403,manifest,"Client error '403 ' for url 'https://openapiproext.bnf.fr/iiif/presentation/v3/ark:/12148/bpt6k4159758t/manifest.json'
For more information check: https://developer.mozilla.org/en-US/docs/Web/HTTP/Status/403",2026-07-17T22:27:09.821005
franctireur,bpt6k41597597,,failed,0,0,,http_manifest,known,403,manifest,"Client error '403 ' for url 'https://openapiproext.bnf.fr/iiif/presentation/v3/ark:/12148/bpt6k41597597/manifest.json'
For more information check: https://developer.mozilla.org/en-US/docs/Web/HTTP/Status/403",2026-07-17T22:27:11.014859
franctireur,bpt6k4159760w,,failed,0,0,,http_manifest,known,403,manifest,"Client error '403 ' for url 'https://openapiproext.bnf.fr/iiif/presentation/v3/ark:/12148/bpt6k4159760w/manifest.json'
For more information check: https://developer.mozilla.org/en-US/docs/Web/HTTP/Status/403",2026-07-17T22:27:12.380568
franctireur,bpt6k41597619,,failed,0,0,,http_manifest,known,403,manifest,"Client error '403 ' for url 'https://openapiproext.bnf.fr/iiif/presentation/v3/ark:/12148/bpt6k41597619/manifest.json'
For more information check: https://developer.mozilla.org/en-US/docs/Web/HTTP/Status/403",2026-07-17T22:27:13.673718
franctireur,bpt6k4159762q,,failed,0,0,,http_manifest,known,403,manifest,"Client error '403 ' for url 'https://openapiproext.bnf.fr/iiif/presentation/v3/ark:/12148/bpt6k4159762q/manifest.json'
For more information check: https://developer.mozilla.org/en-US/docs/Web/HTTP/Status/403",2026-07-17T22:27:14.724176
franctireur,bpt6k41597634,,failed,0,0,,http_manifest,known,403,manifest,"Client error '403 ' for url 'https://openapiproext.bnf.fr/iiif/presentation/v3/ark:/12148/bpt6k41597634/manifest.json'
For more information check: https://developer.mozilla.org/en-US/docs/Web/HTTP/Status/403",2026-07-17T22:27:15.820756
franctireur,bpt6k4159764j,,failed,0,0,,http_manifest,known,403,manifest,"Client error '403 ' for url 'https://openapiproext.bnf.fr/iiif/presentation/v3/ark:/12148/bpt6k4159764j/manifest.json'
For more information check: https://developer.mozilla.org/en-US/docs/Web/HTTP/Status/403",2026-07-17T22:27:17.023103
franctireur,bpt6k4159765z,,failed,0,0,,http_manifest,known,403,manifest,"Client error '403 ' for url 'https://openapiproext.bnf.fr/iiif/presentation/v3/ark:/12148/bpt6k4159765z/manifest.json'
For more information check: https://developer.mozilla.org/en-US/docs/Web/HTTP/Status/403",2026-07-17T22:27:18.224901
franctireur,bpt6k4159766c,,failed,0,0,,http_manifest,known,403,manifest,"Client error '403 ' for url 'https://openapiproext.bnf.fr/iiif/presentation/v3/ark:/12148/bpt6k4159766c/manifest.json'
For more information check: https://developer.mozilla.org/en-US/docs/Web/HTTP/Status/403",2026-07-17T22:27:19.655967
franctireur,bpt6k4159767s,,failed,0,0,,http_manifest,known,403,manifest,"Client error '403 ' for url 'https://openapiproext.bnf.fr/iiif/presentation/v3/ark:/12148/bpt6k4159767s/manifest.json'
For more information check: https://developer.mozilla.org/en-US/docs/Web/HTTP/Status/403",2026-07-17T22:27:20.627777
franctireur,bpt6k41597686,,failed,0,0,,http_manifest,known,403,manifest,"Client error '403 ' for url 'https://openapiproext.bnf.fr/iiif/presentation/v3/ark:/12148/bpt6k41597686/manifest.json'
For more information check: https://developer.mozilla.org/en-US/docs/Web/HTTP/Status/403",2026-07-17T22:27:21.827250
franctireur,bpt6k4159769m,,failed,0,0,,http_manifest,known,403,manifest,"Client error '403 ' for url 'https://openapiproext.bnf.fr/iiif/presentation/v3/ark:/12148/bpt6k4159769m/manifest.json'
For more information check: https://developer.mozilla.org/en-US/docs/Web/HTTP/Status/403",2026-07-17T22:27:23.034139
franctireur,bpt6k41597708,,failed,0,0,,http_manifest,known,403,manifest,"Client error '403 ' for url 'https://openapiproext.bnf.fr/iiif/presentation/v3/ark:/12148/bpt6k41597708/manifest.json'
For more information check: https://developer.mozilla.org/en-US/docs/Web/HTTP/Status/403",2026-07-17T22:27:24.310711
franctireur,bpt6k4159771p,,failed,0,0,,http_manifest,known,403,manifest,"Client error '403 ' for url 'https://openapiproext.bnf.fr/iiif/presentation/v3/ark:/12148/bpt6k4159771p/manifest.json'
For more information check: https://developer.mozilla.org/en-US/docs/Web/HTTP/Status/403",2026-07-17T22:27:25.430978
franctireur,bpt6k41597723,,failed,0,0,,http_manifest,known,403,manifest,"Client error '403 ' for url 'https://openapiproext.bnf.fr/iiif/presentation/v3/ark:/12148/bpt6k41597723/manifest.json'
For more information check: https://developer.mozilla.org/en-US/docs/Web/HTTP/Status/403",2026-07-17T22:27:26.634070
franctireur,bpt6k4159773h,,failed,0,0,,http_manifest,known,403,manifest,"Client error '403 ' for url 'https://openapiproext.bnf.fr/iiif/presentation/v3/ark:/12148/bpt6k4159773h/manifest.json'
For more information check: https://developer.mozilla.org/en-US/docs/Web/HTTP/Status/403",2026-07-17T22:27:27.836838
franctireur,bpt6k4159774x,,failed,0,0,,http_manifest,known,403,manifest,"Client error '403 ' for url 'https://openapiproext.bnf.fr/iiif/presentation/v3/ark:/12148/bpt6k4159774x/manifest.json'
For more information check: https://developer.mozilla.org/en-US/docs/Web/HTTP/Status/403",2026-07-17T22:27:29.033114
franctireur,bpt6k4159775b,,failed,0,0,,http_manifest,known,403,manifest,"Client error '403 ' for url 'https://openapiproext.bnf.fr/iiif/presentation/v3/ark:/12148/bpt6k4159775b/manifest.json'
For more information check: https://developer.mozilla.org/en-US/docs/Web/HTTP/Status/403",2026-07-17T22:27:30.238196
franctireur,bpt6k4159776r,,failed,0,0,,http_manifest,known,403,manifest,"Client error '403 ' for url 'https://openapiproext.bnf.fr/iiif/presentation/v3/ark:/12148/bpt6k4159776r/manifest.json'
For more information check: https://developer.mozilla.org/en-US/docs/Web/HTTP/Status/403",2026-07-17T22:27:31.454919
franctireur,bpt6k41597775,,failed,0,0,,http_manifest,known,403,manifest,"Client error '403 ' for url 'https://openapiproext.bnf.fr/iiif/presentation/v3/ark:/12148/bpt6k41597775/manifest.json'
For more information check: https://developer.mozilla.org/en-US/docs/Web/HTTP/Status/403",2026-07-17T22:27:32.640942
franctireur,bpt6k4159778k,,failed,0,0,,http_manifest,known,403,manifest,"Client error '403 ' for url 'https://openapiproext.bnf.fr/iiif/presentation/v3/ark:/12148/bpt6k4159778k/manifest.json'
For more information check: https://developer.mozilla.org/en-US/docs/Web/HTTP/Status/403",2026-07-17T22:27:33.843281
franctireur,bpt6k41597790,,failed,0,0,,http_manifest,known,403,manifest,"Client error '403 ' for url 'https://openapiproext.bnf.fr/iiif/presentation/v3/ark:/12148/bpt6k41597790/manifest.json'
For more information check: https://developer.mozilla.org/en-US/docs/Web/HTTP/Status/403",2026-07-17T22:27:35.046866
franctireur,bpt6k4159780n,,failed,0,0,,http_manifest,known,403,manifest,"Client error '403 ' for url 'https://openapiproext.bnf.fr/iiif/presentation/v3/ark:/12148/bpt6k4159780n/manifest.json'
For more information check: https://developer.mozilla.org/en-US/docs/Web/HTTP/Status/403",2026-07-17T22:27:36.255205
franctireur,bpt6k41597812,,failed,0,0,,http_manifest,known,403,manifest,"Client error '403 ' for url 'https://openapiproext.bnf.fr/iiif/presentation/v3/ark:/12148/bpt6k41597812/manifest.json'
For more information check: https://developer.mozilla.org/en-US/docs/Web/HTTP/Status/403",2026-07-17T22:27:37.450983
franctireur,bpt6k4159782g,,failed,0,0,,http_manifest,known,403,manifest,"Client error '403 ' for url 'https://openapiproext.bnf.fr/iiif/presentation/v3/ark:/12148/bpt6k4159782g/manifest.json'
For more information check: https://developer.mozilla.org/en-US/docs/Web/HTTP/Status/403",2026-07-17T22:27:38.653458
franctireur,bpt6k4159783w,,failed,0,0,,http_manifest,known,403,manifest,"Client error '403 ' for url 'https://openapiproext.bnf.fr/iiif/presentation/v3/ark:/12148/bpt6k4159783w/manifest.json'
For more information check: https://developer.mozilla.org/en-US/docs/Web/HTTP/Status/403",2026-07-17T22:27:39.852078
franctireur,bpt6k41597849,,failed,0,0,,http_manifest,known,403,manifest,"Client error '403 ' for url 'https://openapiproext.bnf.fr/iiif/presentation/v3/ark:/12148/bpt6k41597849/manifest.json'
For more information check: https://developer.mozilla.org/en-US/docs/Web/HTTP/Status/403",2026-07-17T22:27:41.056704
franctireur,bpt6k4159785q,,failed,0,0,,http_manifest,known,403,manifest,"Client error '403 ' for url 'https://openapiproext.bnf.fr/iiif/presentation/v3/ark:/12148/bpt6k4159785q/manifest.json'
For more information check: https://developer.mozilla.org/en-US/docs/Web/HTTP/Status/403",2026-07-17T22:27:42.256954
franctireur,bpt6k41597864,,failed,0,0,,http_manifest,known,403,manifest,"Client error '403 ' for url 'https://openapiproext.bnf.fr/iiif/presentation/v3/ark:/12148/bpt6k41597864/manifest.json'
For more information check: https://developer.mozilla.org/en-US/docs/Web/HTTP/Status/403",2026-07-17T22:27:43.480262
franctireur,bpt6k4159787j,,failed,0,0,,http_manifest,known,403,manifest,"Client error '403 ' for url 'https://openapiproext.bnf.fr/iiif/presentation/v3/ark:/12148/bpt6k4159787j/manifest.json'
For more information check: https://developer.mozilla.org/en-US/docs/Web/HTTP/Status/403",2026-07-17T22:27:44.660507
franctireur,bpt6k4159788z,,failed,0,0,,http_manifest,known,403,manifest,"Client error '403 ' for url 'https://openapiproext.bnf.fr/iiif/presentation/v3/ark:/12148/bpt6k4159788z/manifest.json'
For more information check: https://developer.mozilla.org/en-US/docs/Web/HTTP/Status/403",2026-07-17T22:27:45.861629
franctireur,bpt6k4159789c,,failed,0,0,,http_manifest,known,403,manifest,"Client error '403 ' for url 'https://openapiproext.bnf.fr/iiif/presentation/v3/ark:/12148/bpt6k4159789c/manifest.json'
For more information check: https://developer.mozilla.org/en-US/docs/Web/HTTP/Status/403",2026-07-17T22:27:47.064128
franctireur,bpt6k41597901,,failed,0,0,,http_manifest,known,403,manifest,"Client error '403 ' for url 'https://openapiproext.bnf.fr/iiif/presentation/v3/ark:/12148/bpt6k41597901/manifest.json'
For more information check: https://developer.mozilla.org/en-US/docs/Web/HTTP/Status/403",2026-07-17T22:27:48.263975
franctireur,bpt6k4159791f,,failed,0,0,,http_manifest,known,403,manifest,"Client error '403 ' for url 'https://openapiproext.bnf.fr/iiif/presentation/v3/ark:/12148/bpt6k4159791f/manifest.json'
For more information check: https://developer.mozilla.org/en-US/docs/Web/HTTP/Status/403",2026-07-17T22:27:49.480317
franctireur,bpt6k4159792v,,failed,0,0,,http_manifest,known,403,manifest,"Client error '403 ' for url 'https://openapiproext.bnf.fr/iiif/presentation/v3/ark:/12148/bpt6k4159792v/manifest.json'
For more information check: https://developer.mozilla.org/en-US/docs/Web/HTTP/Status/403",2026-07-17T22:27:50.667065
franctireur,bpt6k41557931,,failed,0,0,,http_manifest,known,403,manifest,"Client error '403 ' for url 'https://openapiproext.bnf.fr/iiif/presentation/v3/ark:/12148/bpt6k41557931/manifest.json'
For more information check: https://developer.mozilla.org/en-US/docs/Web/HTTP/Status/403",2026-07-17T22:27:51.869412
franctireur,bpt6k41597938,,failed,0,0,,http_manifest,known,403,manifest,"Client error '403 ' for url 'https://openapiproext.bnf.fr/iiif/presentation/v3/ark:/12148/bpt6k41597938/manifest.json'
For more information check: https://developer.mozilla.org/en-US/docs/Web/HTTP/Status/403",2026-07-17T22:27:53.070946
franctireur,bpt6k4159794p,,failed,0,0,,http_manifest,known,403,manifest,"Client error '403 ' for url 'https://openapiproext.bnf.fr/iiif/presentation/v3/ark:/12148/bpt6k4159794p/manifest.json'
For more information check: https://developer.mozilla.org/en-US/docs/Web/HTTP/Status/403",2026-07-17T22:27:54.271514
franctireur,bpt6k41597953,,failed,0,0,,http_manifest,known,403,manifest,"Client error '403 ' for url 'https://openapiproext.bnf.fr/iiif/presentation/v3/ark:/12148/bpt6k41597953/manifest.json'
For more information check: https://developer.mozilla.org/en-US/docs/Web/HTTP/Status/403",2026-07-17T22:27:55.485931
franctireur,bpt6k4159796h,,failed,0,0,,http_manifest,known,403,manifest,"Client error '403 ' for url 'https://openapiproext.bnf.fr/iiif/presentation/v3/ark:/12148/bpt6k4159796h/manifest.json'
For more information check: https://developer.mozilla.org/en-US/docs/Web/HTTP/Status/403",2026-07-17T22:27:56.675876
franctireur,bpt6k4159797x,,failed,0,0,,http_manifest,known,403,manifest,"Client error '403 ' for url 'https://openapiproext.bnf.fr/iiif/presentation/v3/ark:/12148/bpt6k4159797x/manifest.json'
For more information check: https://developer.mozilla.org/en-US/docs/Web/HTTP/Status/403",2026-07-17T22:27:57.875729
franctireur,bpt6k4159798b,,failed,0,0,,http_manifest,known,403,manifest,"Client error '403 ' for url 'https://openapiproext.bnf.fr/iiif/presentation/v3/ark:/12148/bpt6k4159798b/manifest.json'
For more information check: https://developer.mozilla.org/en-US/docs/Web/HTTP/Status/403",2026-07-17T22:27:59.080965
franctireur,bpt6k4159799r,,failed,0,0,,http_manifest,known,403,manifest,"Client error '403 ' for url 'https://openapiproext.bnf.fr/iiif/presentation/v3/ark:/12148/bpt6k4159799r/manifest.json'
For more information check: https://developer.mozilla.org/en-US/docs/Web/HTTP/Status/403",2026-07-17T22:28:00.275385
franctireur,bpt6k4159800z,,failed,0,0,,http_manifest,known,403,manifest,"Client error '403 ' for url 'https://openapiproext.bnf.fr/iiif/presentation/v3/ark:/12148/bpt6k4159800z/manifest.json'
For more information check: https://developer.mozilla.org/en-US/docs/Web/HTTP/Status/403",2026-07-17T22:28:01.497418
franctireur,bpt6k4159801c,,failed,0,0,,http_manifest,known,403,manifest,"Client error '403 ' for url 'https://openapiproext.bnf.fr/iiif/presentation/v3/ark:/12148/bpt6k4159801c/manifest.json'
For more information check: https://developer.mozilla.org/en-US/docs/Web/HTTP/Status/403",2026-07-17T22:28:02.686442
franctireur,bpt6k4159802s,,failed,0,0,,http_manifest,known,403,manifest,"Client error '403 ' for url 'https://openapiproext.bnf.fr/iiif/presentation/v3/ark:/12148/bpt6k4159802s/manifest.json'
For more information check: https://developer.mozilla.org/en-US/docs/Web/HTTP/Status/403",2026-07-17T22:28:03.880875
franctireur,bpt6k41598036,,failed,0,0,,http_manifest,known,403,manifest,"Client error '403 ' for url 'https://openapiproext.bnf.fr/iiif/presentation/v3/ark:/12148/bpt6k41598036/manifest.json'
For more information check: https://developer.mozilla.org/en-US/docs/Web/HTTP/Status/403",2026-07-17T22:28:05.086018
franctireur,bpt6k4159804m,,failed,0,0,,http_manifest,known,403,manifest,"Client error '403 ' for url 'https://openapiproext.bnf.fr/iiif/presentation/v3/ark:/12148/bpt6k4159804m/manifest.json'
For more information check: https://developer.mozilla.org/en-US/docs/Web/HTTP/Status/403",2026-07-17T22:28:06.286565
franctireur,bpt6k41598051,,failed,0,0,,http_manifest,known,403,manifest,"Client error '403 ' for url 'https://openapiproext.bnf.fr/iiif/presentation/v3/ark:/12148/bpt6k41598051/manifest.json'
For more information check: https://developer.mozilla.org/en-US/docs/Web/HTTP/Status/403",2026-07-17T22:28:07.491008
franctireur,bpt6k4159806f,,failed,0,0,,http_manifest,known,403,manifest,"Client error '403 ' for url 'https://openapiproext.bnf.fr/iiif/presentation/v3/ark:/12148/bpt6k4159806f/manifest.json'
For more information check: https://developer.mozilla.org/en-US/docs/Web/HTTP/Status/403",2026-07-17T22:28:08.774920
franctireur,bpt6k4159807v,,failed,0,0,,http_manifest,known,403,manifest,"Client error '403 ' for url 'https://openapiproext.bnf.fr/iiif/presentation/v3/ark:/12148/bpt6k4159807v/manifest.json'
For more information check: https://developer.mozilla.org/en-US/docs/Web/HTTP/Status/403",2026-07-17T22:28:09.893074
franctireur,bpt6k41598088,,failed,0,0,,http_manifest,known,403,manifest,"Client error '403 ' for url 'https://openapiproext.bnf.fr/iiif/presentation/v3/ark:/12148/bpt6k41598088/manifest.json'
For more information check: https://developer.mozilla.org/en-US/docs/Web/HTTP/Status/403",2026-07-17T22:28:11.095099
franctireur,bpt6k4159809p,,failed,0,0,,http_manifest,known,403,manifest,"Client error '403 ' for url 'https://openapiproext.bnf.fr/iiif/presentation/v3/ark:/12148/bpt6k4159809p/manifest.json'
For more information check: https://developer.mozilla.org/en-US/docs/Web/HTTP/Status/403",2026-07-17T22:28:12.295309
franctireur,bpt6k4159810b,,failed,0,0,,http_manifest,known,403,manifest,"Client error '403 ' for url 'https://openapiproext.bnf.fr/iiif/presentation/v3/ark:/12148/bpt6k4159810b/manifest.json'
For more information check: https://developer.mozilla.org/en-US/docs/Web/HTTP/Status/403",2026-07-17T22:28:13.567400
franctireur,bpt6k4159811r,,failed,0,0,,http_manifest,known,403,manifest,"Client error '403 ' for url 'https://openapiproext.bnf.fr/iiif/presentation/v3/ark:/12148/bpt6k4159811r/manifest.json'
For more information check: https://developer.mozilla.org/en-US/docs/Web/HTTP/Status/403",2026-07-17T22:28:14.908640
franctireur,bpt6k41598125,,failed,0,0,,http_manifest,known,403,manifest,"Client error '403 ' for url 'https://openapiproext.bnf.fr/iiif/presentation/v3/ark:/12148/bpt6k41598125/manifest.json'
For more information check: https://developer.mozilla.org/en-US/docs/Web/HTTP/Status/403",2026-07-17T22:28:15.894682
franctireur,bpt6k4159813k,,failed,0,0,,http_manifest,known,403,manifest,"Client error '403 ' for url 'https://openapiproext.bnf.fr/iiif/presentation/v3/ark:/12148/bpt6k4159813k/manifest.json'
For more information check: https://developer.mozilla.org/en-US/docs/Web/HTTP/Status/403",2026-07-17T22:28:17.236214
franctireur,bpt6k41598140,,failed,0,0,,http_manifest,known,403,manifest,"Client error '403 ' for url 'https://openapiproext.bnf.fr/iiif/presentation/v3/ark:/12148/bpt6k41598140/manifest.json'
For more information check: https://developer.mozilla.org/en-US/docs/Web/HTTP/Status/403",2026-07-17T22:28:18.300327
franctireur,bpt6k4159815d,,failed,0,0,,http_manifest,known,403,manifest,"Client error '403 ' for url 'https://openapiproext.bnf.fr/iiif/presentation/v3/ark:/12148/bpt6k4159815d/manifest.json'
For more information check: https://developer.mozilla.org/en-US/docs/Web/HTTP/Status/403",2026-07-17T22:28:19.703239
franctireur,bpt6k4159816t,,failed,0,0,,http_manifest,known,403,manifest,"Client error '403 ' for url 'https://openapiproext.bnf.fr/iiif/presentation/v3/ark:/12148/bpt6k4159816t/manifest.json'
For more information check: https://developer.mozilla.org/en-US/docs/Web/HTTP/Status/403",2026-07-17T22:28:20.703197
franctireur,bpt6k41598177,,failed,0,0,,http_manifest,known,403,manifest,"Client error '403 ' for url 'https://openapiproext.bnf.fr/iiif/presentation/v3/ark:/12148/bpt6k41598177/manifest.json'
For more information check: https://developer.mozilla.org/en-US/docs/Web/HTTP/Status/403",2026-07-17T22:28:22.006984
franctireur,bpt6k4159818n,,failed,0,0,,http_manifest,known,403,manifest,"Client error '403 ' for url 'https://openapiproext.bnf.fr/iiif/presentation/v3/ark:/12148/bpt6k4159818n/manifest.json'
For more information check: https://developer.mozilla.org/en-US/docs/Web/HTTP/Status/403",2026-07-17T22:28:23.256952
franctireur,bpt6k41598192,,failed,0,0,,http_manifest,known,403,manifest,"Client error '403 ' for url 'https://openapiproext.bnf.fr/iiif/presentation/v3/ark:/12148/bpt6k41598192/manifest.json'
For more information check: https://developer.mozilla.org/en-US/docs/Web/HTTP/Status/403",2026-07-17T22:28:24.469510
franctireur,bpt6k4159820q,,failed,0,0,,http_manifest,known,403,manifest,"Client error '403 ' for url 'https://openapiproext.bnf.fr/iiif/presentation/v3/ark:/12148/bpt6k4159820q/manifest.json'
For more information check: https://developer.mozilla.org/en-US/docs/Web/HTTP/Status/403",2026-07-17T22:28:25.508154
franctireur,bpt6k41598214,,failed,0,0,,http_manifest,known,403,manifest,"Client error '403 ' for url 'https://openapiproext.bnf.fr/iiif/presentation/v3/ark:/12148/bpt6k41598214/manifest.json'
For more information check: https://developer.mozilla.org/en-US/docs/Web/HTTP/Status/403",2026-07-17T22:28:26.852826
franctireur,bpt6k4159822j,,failed,0,0,,http_manifest,known,403,manifest,"Client error '403 ' for url 'https://openapiproext.bnf.fr/iiif/presentation/v3/ark:/12148/bpt6k4159822j/manifest.json'
For more information check: https://developer.mozilla.org/en-US/docs/Web/HTTP/Status/403",2026-07-17T22:28:28.110778
franctireur,bpt6k4159823z,,failed,0,0,,http_manifest,known,403,manifest,"Client error '403 ' for url 'https://openapiproext.bnf.fr/iiif/presentation/v3/ark:/12148/bpt6k4159823z/manifest.json'
For more information check: https://developer.mozilla.org/en-US/docs/Web/HTTP/Status/403",2026-07-17T22:28:29.110307
franctireur,bpt6k4159824c,,failed,0,0,,http_manifest,known,403,manifest,"Client error '403 ' for url 'https://openapiproext.bnf.fr/iiif/presentation/v3/ark:/12148/bpt6k4159824c/manifest.json'
For more information check: https://developer.mozilla.org/en-US/docs/Web/HTTP/Status/403",2026-07-17T22:28:30.315252
franctireur,bpt6k4159825s,,failed,0,0,,http_manifest,known,403,manifest,"Client error '403 ' for url 'https://openapiproext.bnf.fr/iiif/presentation/v3/ark:/12148/bpt6k4159825s/manifest.json'
For more information check: https://developer.mozilla.org/en-US/docs/Web/HTTP/Status/403",2026-07-17T22:28:31.529521
franctireur,bpt6k41598266,,failed,0,0,,http_manifest,known,403,manifest,"Client error '403 ' for url 'https://openapiproext.bnf.fr/iiif/presentation/v3/ark:/12148/bpt6k41598266/manifest.json'
For more information check: https://developer.mozilla.org/en-US/docs/Web/HTTP/Status/403",2026-07-17T22:28:32.719926
franctireur,bpt6k4159827m,,failed,0,0,,http_manifest,known,403,manifest,"Client error '403 ' for url 'https://openapiproext.bnf.fr/iiif/presentation/v3/ark:/12148/bpt6k4159827m/manifest.json'
For more information check: https://developer.mozilla.org/en-US/docs/Web/HTTP/Status/403",2026-07-17T22:28:33.919029
franctireur,bpt6k41598281,,failed,0,0,,http_manifest,known,403,manifest,"Client error '403 ' for url 'https://openapiproext.bnf.fr/iiif/presentation/v3/ark:/12148/bpt6k41598281/manifest.json'
For more information check: https://developer.mozilla.org/en-US/docs/Web/HTTP/Status/403",2026-07-17T22:28:35.119260
franctireur,bpt6k4159829f,,failed,0,0,,http_manifest,known,403,manifest,"Client error '403 ' for url 'https://openapiproext.bnf.fr/iiif/presentation/v3/ark:/12148/bpt6k4159829f/manifest.json'
For more information check: https://developer.mozilla.org/en-US/docs/Web/HTTP/Status/403",2026-07-17T22:28:36.321902
franctireur,bpt6k41598303,,failed,0,0,,http_manifest,known,403,manifest,"Client error '403 ' for url 'https://openapiproext.bnf.fr/iiif/presentation/v3/ark:/12148/bpt6k41598303/manifest.json'
For more information check: https://developer.mozilla.org/en-US/docs/Web/HTTP/Status/403",2026-07-17T22:28:37.525956
franctireur,bpt6k4159831h,,failed,0,0,,http_manifest,known,403,manifest,"Client error '403 ' for url 'https://openapiproext.bnf.fr/iiif/presentation/v3/ark:/12148/bpt6k4159831h/manifest.json'
For more information check: https://developer.mozilla.org/en-US/docs/Web/HTTP/Status/403",2026-07-17T22:28:38.723992
franctireur,bpt6k4159832x,,failed,0,0,,http_manifest,known,403,manifest,"Client error '403 ' for url 'https://openapiproext.bnf.fr/iiif/presentation/v3/ark:/12148/bpt6k4159832x/manifest.json'
For more information check: https://developer.mozilla.org/en-US/docs/Web/HTTP/Status/403",2026-07-17T22:28:39.929633
franctireur,bpt6k4159833b,,failed,0,0,,http_manifest,known,403,manifest,"Client error '403 ' for url 'https://openapiproext.bnf.fr/iiif/presentation/v3/ark:/12148/bpt6k4159833b/manifest.json'
For more information check: https://developer.mozilla.org/en-US/docs/Web/HTTP/Status/403",2026-07-17T22:28:41.129893
franctireur,bpt6k4159834r,,failed,0,0,,http_manifest,known,403,manifest,"Client error '403 ' for url 'https://openapiproext.bnf.fr/iiif/presentation/v3/ark:/12148/bpt6k4159834r/manifest.json'
For more information check: https://developer.mozilla.org/en-US/docs/Web/HTTP/Status/403",2026-07-17T22:28:42.332087
franctireur,bpt6k41598355,,failed,0,0,,http_manifest,known,403,manifest,"Client error '403 ' for url 'https://openapiproext.bnf.fr/iiif/presentation/v3/ark:/12148/bpt6k41598355/manifest.json'
For more information check: https://developer.mozilla.org/en-US/docs/Web/HTTP/Status/403",2026-07-17T22:28:43.547018
franctireur,bpt6k4159836k,,failed,0,0,,http_manifest,known,403,manifest,"Client error '403 ' for url 'https://openapiproext.bnf.fr/iiif/presentation/v3/ark:/12148/bpt6k4159836k/manifest.json'
For more information check: https://developer.mozilla.org/en-US/docs/Web/HTTP/Status/403",2026-07-17T22:28:44.737056
franctireur,bpt6k41598370,,failed,0,0,,http_manifest,known,403,manifest,"Client error '403 ' for url 'https://openapiproext.bnf.fr/iiif/presentation/v3/ark:/12148/bpt6k41598370/manifest.json'
For more information check: https://developer.mozilla.org/en-US/docs/Web/HTTP/Status/403",2026-07-17T22:28:45.935288
franctireur,bpt6k4159838d,,failed,0,0,,http_manifest,known,403,manifest,"Client error '403 ' for url 'https://openapiproext.bnf.fr/iiif/presentation/v3/ark:/12148/bpt6k4159838d/manifest.json'
For more information check: https://developer.mozilla.org/en-US/docs/Web/HTTP/Status/403",2026-07-17T22:28:47.138095
franctireur,bpt6k4159839t,,failed,0,0,,http_manifest,known,403,manifest,"Client error '403 ' for url 'https://openapiproext.bnf.fr/iiif/presentation/v3/ark:/12148/bpt6k4159839t/manifest.json'
For more information check: https://developer.mozilla.org/en-US/docs/Web/HTTP/Status/403",2026-07-17T22:28:48.337482
franctireur,bpt6k4159840g,,failed,0,0,,http_manifest,known,403,manifest,"Client error '403 ' for url 'https://openapiproext.bnf.fr/iiif/presentation/v3/ark:/12148/bpt6k4159840g/manifest.json'
For more information check: https://developer.mozilla.org/en-US/docs/Web/HTTP/Status/403",2026-07-17T22:28:49.565959
franctireur,bpt6k4159841w,,failed,0,0,,http_manifest,known,403,manifest,"Client error '403 ' for url 'https://openapiproext.bnf.fr/iiif/presentation/v3/ark:/12148/bpt6k4159841w/manifest.json'
For more information check: https://developer.mozilla.org/en-US/docs/Web/HTTP/Status/403",2026-07-17T22:28:50.742297
franctireur,bpt6k41598429,,failed,0,0,,http_manifest,known,403,manifest,"Client error '403 ' for url 'https://openapiproext.bnf.fr/iiif/presentation/v3/ark:/12148/bpt6k41598429/manifest.json'
For more information check: https://developer.mozilla.org/en-US/docs/Web/HTTP/Status/403",2026-07-17T22:28:51.941409
franctireur,bpt6k4159843q,,failed,0,0,,http_manifest,known,403,manifest,"Client error '403 ' for url 'https://openapiproext.bnf.fr/iiif/presentation/v3/ark:/12148/bpt6k4159843q/manifest.json'
For more information check: https://developer.mozilla.org/en-US/docs/Web/HTTP/Status/403",2026-07-17T22:28:53.142599
franctireur,bpt6k41598444,,failed,0,0,,http_manifest,known,403,manifest,"Client error '403 ' for url 'https://openapiproext.bnf.fr/iiif/presentation/v3/ark:/12148/bpt6k41598444/manifest.json'
For more information check: https://developer.mozilla.org/en-US/docs/Web/HTTP/Status/403",2026-07-17T22:28:54.346589
franctireur,bpt6k4159845j,,failed,0,0,,http_manifest,known,403,manifest,"Client error '403 ' for url 'https://openapiproext.bnf.fr/iiif/presentation/v3/ark:/12148/bpt6k4159845j/manifest.json'
For more information check: https://developer.mozilla.org/en-US/docs/Web/HTTP/Status/403",2026-07-17T22:28:55.550130
franctireur,bpt6k4159846z,,failed,0,0,,http_manifest,known,403,manifest,"Client error '403 ' for url 'https://openapiproext.bnf.fr/iiif/presentation/v3/ark:/12148/bpt6k4159846z/manifest.json'
For more information check: https://developer.mozilla.org/en-US/docs/Web/HTTP/Status/403",2026-07-17T22:28:56.749682
franctireur,bpt6k4159847c,,failed,0,0,,http_manifest,known,403,manifest,"Client error '403 ' for url 'https://openapiproext.bnf.fr/iiif/presentation/v3/ark:/12148/bpt6k4159847c/manifest.json'
For more information check: https://developer.mozilla.org/en-US/docs/Web/HTTP/Status/403",2026-07-17T22:28:57.948456
franctireur,bpt6k4159848s,,failed,0,0,,http_manifest,known,403,manifest,"Client error '403 ' for url 'https://openapiproext.bnf.fr/iiif/presentation/v3/ark:/12148/bpt6k4159848s/manifest.json'
For more information check: https://developer.mozilla.org/en-US/docs/Web/HTTP/Status/403",2026-07-17T22:28:59.152169
franctireur,bpt6k41598496,,failed,0,0,,http_manifest,known,403,manifest,"Client error '403 ' for url 'https://openapiproext.bnf.fr/iiif/presentation/v3/ark:/12148/bpt6k41598496/manifest.json'
For more information check: https://developer.mozilla.org/en-US/docs/Web/HTTP/Status/403",2026-07-17T22:29:00.360182
franctireur,bpt6k4159850v,,failed,0,0,,http_manifest,known,403,manifest,"Client error '403 ' for url 'https://openapiproext.bnf.fr/iiif/presentation/v3/ark:/12148/bpt6k4159850v/manifest.json'
For more information check: https://developer.mozilla.org/en-US/docs/Web/HTTP/Status/403",2026-07-17T22:29:01.570399
franctireur,bpt6k41598518,,failed,0,0,,http_manifest,known,403,manifest,"Client error '403 ' for url 'https://openapiproext.bnf.fr/iiif/presentation/v3/ark:/12148/bpt6k41598518/manifest.json'
For more information check: https://developer.mozilla.org/en-US/docs/Web/HTTP/Status/403",2026-07-17T22:29:02.754188
franctireur,bpt6k4159852p,,failed,0,0,,http_manifest,known,403,manifest,"Client error '403 ' for url 'https://openapiproext.bnf.fr/iiif/presentation/v3/ark:/12148/bpt6k4159852p/manifest.json'
For more information check: https://developer.mozilla.org/en-US/docs/Web/HTTP/Status/403",2026-07-17T22:29:03.958121
franctireur,bpt6k41598533,,failed,0,0,,http_manifest,known,403,manifest,"Client error '403 ' for url 'https://openapiproext.bnf.fr/iiif/presentation/v3/ark:/12148/bpt6k41598533/manifest.json'
For more information check: https://developer.mozilla.org/en-US/docs/Web/HTTP/Status/403",2026-07-17T22:29:05.157690
franctireur,bpt6k4159854h,,failed,0,0,,http_manifest,known,403,manifest,"Client error '403 ' for url 'https://openapiproext.bnf.fr/iiif/presentation/v3/ark:/12148/bpt6k4159854h/manifest.json'
For more information check: https://developer.mozilla.org/en-US/docs/Web/HTTP/Status/403",2026-07-17T22:29:06.360440
franctireur,bpt6k4159855x,,failed,0,0,,http_manifest,known,403,manifest,"Client error '403 ' for url 'https://openapiproext.bnf.fr/iiif/presentation/v3/ark:/12148/bpt6k4159855x/manifest.json'
For more information check: https://developer.mozilla.org/en-US/docs/Web/HTTP/Status/403",2026-07-17T22:29:07.564703
franctireur,bpt6k4159856b,,failed,0,0,,http_manifest,known,403,manifest,"Client error '403 ' for url 'https://openapiproext.bnf.fr/iiif/presentation/v3/ark:/12148/bpt6k4159856b/manifest.json'
For more information check: https://developer.mozilla.org/en-US/docs/Web/HTTP/Status/403",2026-07-17T22:29:08.856195
franctireur,bpt6k4159857r,,failed,0,0,,http_manifest,known,403,manifest,"Client error '403 ' for url 'https://openapiproext.bnf.fr/iiif/presentation/v3/ark:/12148/bpt6k4159857r/manifest.json'
For more information check: https://developer.mozilla.org/en-US/docs/Web/HTTP/Status/403",2026-07-17T22:29:10.166638
franctireur,bpt6k41598585,,failed,0,0,,http_manifest,known,403,manifest,"Client error '403 ' for url 'https://openapiproext.bnf.fr/iiif/presentation/v3/ark:/12148/bpt6k41598585/manifest.json'
For more information check: https://developer.mozilla.org/en-US/docs/Web/HTTP/Status/403",2026-07-17T22:29:11.169665
franctireur,bpt6k4159859k,,failed,0,0,,http_manifest,known,403,manifest,"Client error '403 ' for url 'https://openapiproext.bnf.fr/iiif/presentation/v3/ark:/12148/bpt6k4159859k/manifest.json'
For more information check: https://developer.mozilla.org/en-US/docs/Web/HTTP/Status/403",2026-07-17T22:29:12.624147
franctireur,bpt6k41598607,,failed,0,0,,http_manifest,known,403,manifest,"Client error '403 ' for url 'https://openapiproext.bnf.fr/iiif/presentation/v3/ark:/12148/bpt6k41598607/manifest.json'
For more information check: https://developer.mozilla.org/en-US/docs/Web/HTTP/Status/403",2026-07-17T22:29:13.684915
franctireur,bpt6k4159861n,,failed,0,0,,http_manifest,known,403,manifest,"Client error '403 ' for url 'https://openapiproext.bnf.fr/iiif/presentation/v3/ark:/12148/bpt6k4159861n/manifest.json'
For more information check: https://developer.mozilla.org/en-US/docs/Web/HTTP/Status/403",2026-07-17T22:29:15.028650
franctireur,bpt6k41598622,,failed,0,0,,http_manifest,known,403,manifest,"Client error '403 ' for url 'https://openapiproext.bnf.fr/iiif/presentation/v3/ark:/12148/bpt6k41598622/manifest.json'
For more information check: https://developer.mozilla.org/en-US/docs/Web/HTTP/Status/403",2026-07-17T22:29:15.982608
franctireur,bpt6k4159863g,,failed,0,0,,http_manifest,known,403,manifest,"Client error '403 ' for url 'https://openapiproext.bnf.fr/iiif/presentation/v3/ark:/12148/bpt6k4159863g/manifest.json'
For more information check: https://developer.mozilla.org/en-US/docs/Web/HTTP/Status/403",2026-07-17T22:29:17.182937
franctireur,bpt6k4159864w,,failed,0,0,,http_manifest,known,403,manifest,"Client error '403 ' for url 'https://openapiproext.bnf.fr/iiif/presentation/v3/ark:/12148/bpt6k4159864w/manifest.json'
For more information check: https://developer.mozilla.org/en-US/docs/Web/HTTP/Status/403",2026-07-17T22:29:18.555218
franctireur,bpt6k41598659,,failed,0,0,,http_manifest,known,403,manifest,"Client error '403 ' for url 'https://openapiproext.bnf.fr/iiif/presentation/v3/ark:/12148/bpt6k41598659/manifest.json'
For more information check: https://developer.mozilla.org/en-US/docs/Web/HTTP/Status/403",2026-07-17T22:29:19.721078
franctireur,bpt6k4159866q,,failed,0,0,,http_manifest,known,403,manifest,"Client error '403 ' for url 'https://openapiproext.bnf.fr/iiif/presentation/v3/ark:/12148/bpt6k4159866q/manifest.json'
For more information check: https://developer.mozilla.org/en-US/docs/Web/HTTP/Status/403",2026-07-17T22:29:20.815725
franctireur,bpt6k41598674,,failed,0,0,,http_manifest,known,403,manifest,"Client error '403 ' for url 'https://openapiproext.bnf.fr/iiif/presentation/v3/ark:/12148/bpt6k41598674/manifest.json'
For more information check: https://developer.mozilla.org/en-US/docs/Web/HTTP/Status/403",2026-07-17T22:29:21.986246
franctireur,bpt6k4159868j,,failed,0,0,,http_manifest,known,403,manifest,"Client error '403 ' for url 'https://openapiproext.bnf.fr/iiif/presentation/v3/ark:/12148/bpt6k4159868j/manifest.json'
For more information check: https://developer.mozilla.org/en-US/docs/Web/HTTP/Status/403",2026-07-17T22:29:23.191378
franctireur,bpt6k4159869z,,failed,0,0,,http_manifest,known,403,manifest,"Client error '403 ' for url 'https://openapiproext.bnf.fr/iiif/presentation/v3/ark:/12148/bpt6k4159869z/manifest.json'
For more information check: https://developer.mozilla.org/en-US/docs/Web/HTTP/Status/403",2026-07-17T22:29:24.406644
franctireur,bpt6k4159870m,,failed,0,0,,http_manifest,known,403,manifest,"Client error '403 ' for url 'https://openapiproext.bnf.fr/iiif/presentation/v3/ark:/12148/bpt6k4159870m/manifest.json'
For more information check: https://developer.mozilla.org/en-US/docs/Web/HTTP/Status/403",2026-07-17T22:29:25.820249
franctireur,bpt6k41598711,,failed,0,0,,http_manifest,known,403,manifest,"Client error '403 ' for url 'https://openapiproext.bnf.fr/iiif/presentation/v3/ark:/12148/bpt6k41598711/manifest.json'
For more information check: https://developer.mozilla.org/en-US/docs/Web/HTTP/Status/403",2026-07-17T22:29:26.792899
franctireur,bpt6k4159872f,,failed,0,0,,http_manifest,known,403,manifest,"Client error '403 ' for url 'https://openapiproext.bnf.fr/iiif/presentation/v3/ark:/12148/bpt6k4159872f/manifest.json'
For more information check: https://developer.mozilla.org/en-US/docs/Web/HTTP/Status/403",2026-07-17T22:29:27.991429
franctireur,bpt6k4159873v,,failed,0,0,,http_manifest,known,403,manifest,"Client error '403 ' for url 'https://openapiproext.bnf.fr/iiif/presentation/v3/ark:/12148/bpt6k4159873v/manifest.json'
For more information check: https://developer.mozilla.org/en-US/docs/Web/HTTP/Status/403",2026-07-17T22:29:29.217299
franctireur,bpt6k41598748,,failed,0,0,,http_manifest,known,403,manifest,"Client error '403 ' for url 'https://openapiproext.bnf.fr/iiif/presentation/v3/ark:/12148/bpt6k41598748/manifest.json'
For more information check: https://developer.mozilla.org/en-US/docs/Web/HTTP/Status/403",2026-07-17T22:29:30.396098
franctireur,bpt6k4159875p,,failed,0,0,,http_manifest,known,403,manifest,"Client error '403 ' for url 'https://openapiproext.bnf.fr/iiif/presentation/v3/ark:/12148/bpt6k4159875p/manifest.json'
For more information check: https://developer.mozilla.org/en-US/docs/Web/HTTP/Status/403",2026-07-17T22:29:31.595754
franctireur,bpt6k41598763,,failed,0,0,,http_manifest,known,403,manifest,"Client error '403 ' for url 'https://openapiproext.bnf.fr/iiif/presentation/v3/ark:/12148/bpt6k41598763/manifest.json'
For more information check: https://developer.mozilla.org/en-US/docs/Web/HTTP/Status/403",2026-07-17T22:29:32.798846
franctireur,bd6t59405b,,failed,0,0,,http_manifest,known,403,manifest,"Client error '403 ' for url 'https://openapiproext.bnf.fr/iiif/presentation/v3/ark:/12148/bd6t59405b/manifest.json'
For more information check: https://developer.mozilla.org/en-US/docs/Web/HTTP/Status/403",2026-07-17T22:29:33.999132
franctireur,bd6t59406n,,failed,0,0,,http_manifest,known,403,manifest,"Client error '403 ' for url 'https://openapiproext.bnf.fr/iiif/presentation/v3/ark:/12148/bd6t59406n/manifest.json'
For more information check: https://developer.mozilla.org/en-US/docs/Web/HTTP/Status/403",2026-07-17T22:29:35.201029
franctireur,bd6t59407z,,failed,0,0,,http_manifest,known,403,manifest,"Client error '403 ' for url 'https://openapiproext.bnf.fr/iiif/presentation/v3/ark:/12148/bd6t59407z/manifest.json'
For more information check: https://developer.mozilla.org/en-US/docs/Web/HTTP/Status/403",2026-07-17T22:29:36.401905
franctireur,bd6t594088,,failed,0,0,,http_manifest,known,403,manifest,"Client error '403 ' for url 'https://openapiproext.bnf.fr/iiif/presentation/v3/ark:/12148/bd6t594088/manifest.json'
For more information check: https://developer.mozilla.org/en-US/docs/Web/HTTP/Status/403",2026-07-17T22:29:37.607310
franctireur,bd6t59409k,,failed,0,0,,http_manifest,known,403,manifest,"Client error '403 ' for url 'https://openapiproext.bnf.fr/iiif/presentation/v3/ark:/12148/bd6t59409k/manifest.json'
For more information check: https://developer.mozilla.org/en-US/docs/Web/HTTP/Status/403",2026-07-17T22:29:38.809125
franctireur,bd6t594102,,failed,0,0,,http_manifest,known,403,manifest,"Client error '403 ' for url 'https://openapiproext.bnf.fr/iiif/presentation/v3/ark:/12148/bd6t594102/manifest.json'
For more information check: https://developer.mozilla.org/en-US/docs/Web/HTTP/Status/403",2026-07-17T22:29:40.009540
franctireur,bd6t59411c,,failed,0,0,,http_manifest,known,403,manifest,"Client error '403 ' for url 'https://openapiproext.bnf.fr/iiif/presentation/v3/ark:/12148/bd6t59411c/manifest.json'
For more information check: https://developer.mozilla.org/en-US/docs/Web/HTTP/Status/403",2026-07-17T22:29:41.209525
franctireur,bd6t59412p,,failed,0,0,,http_manifest,known,403,manifest,"Client error '403 ' for url 'https://openapiproext.bnf.fr/iiif/presentation/v3/ark:/12148/bd6t59412p/manifest.json'
For more information check: https://developer.mozilla.org/en-US/docs/Web/HTTP/Status/403",2026-07-17T22:29:42.414078
franctireur,bd6t594130,,failed,0,0,,http_manifest,known,403,manifest,"Client error '403 ' for url 'https://openapiproext.bnf.fr/iiif/presentation/v3/ark:/12148/bd6t594130/manifest.json'
For more information check: https://developer.mozilla.org/en-US/docs/Web/HTTP/Status/403",2026-07-17T22:29:43.612668
franctireur,bd6t594149,,failed,0,0,,http_manifest,known,403,manifest,"Client error '403 ' for url 'https://openapiproext.bnf.fr/iiif/presentation/v3/ark:/12148/bd6t594149/manifest.json'
For more information check: https://developer.mozilla.org/en-US/docs/Web/HTTP/Status/403",2026-07-17T22:29:44.817906
franctireur,bd6t59415m,,failed,0,0,,http_manifest,known,403,manifest,"Client error '403 ' for url 'https://openapiproext.bnf.fr/iiif/presentation/v3/ark:/12148/bd6t59415m/manifest.json'
For more information check: https://developer.mozilla.org/en-US/docs/Web/HTTP/Status/403",2026-07-17T22:29:46.018136
franctireur,bd6t59416x,,failed,0,0,,http_manifest,known,403,manifest,"Client error '403 ' for url 'https://openapiproext.bnf.fr/iiif/presentation/v3/ark:/12148/bd6t59416x/manifest.json'
For more information check: https://developer.mozilla.org/en-US/docs/Web/HTTP/Status/403",2026-07-17T22:29:47.221449
franctireur,bd6t594177,,failed,0,0,,http_manifest,known,403,manifest,"Client error '403 ' for url 'https://openapiproext.bnf.fr/iiif/presentation/v3/ark:/12148/bd6t594177/manifest.json'
For more information check: https://developer.mozilla.org/en-US/docs/Web/HTTP/Status/403",2026-07-17T22:29:48.420563
franctireur,bd6t59418j,,failed,0,0,,http_manifest,known,403,manifest,"Client error '403 ' for url 'https://openapiproext.bnf.fr/iiif/presentation/v3/ark:/12148/bd6t59418j/manifest.json'
For more information check: https://developer.mozilla.org/en-US/docs/Web/HTTP/Status/403",2026-07-17T22:29:49.618649
franctireur,bd6t59419v,,failed,0,0,,http_manifest,known,403,manifest,"Client error '403 ' for url 'https://openapiproext.bnf.fr/iiif/presentation/v3/ark:/12148/bd6t59419v/manifest.json'
For more information check: https://developer.mozilla.org/en-US/docs/Web/HTTP/Status/403",2026-07-17T22:29:50.823989
franctireur,bd6t59420b,,failed,0,0,,http_manifest,known,403,manifest,"Client error '403 ' for url 'https://openapiproext.bnf.fr/iiif/presentation/v3/ark:/12148/bd6t59420b/manifest.json'
For more information check: https://developer.mozilla.org/en-US/docs/Web/HTTP/Status/403",2026-07-17T22:29:52.022101
franctireur,bd6t59421n,,failed,0,0,,http_manifest,known,403,manifest,"Client error '403 ' for url 'https://openapiproext.bnf.fr/iiif/presentation/v3/ark:/12148/bd6t59421n/manifest.json'
For more information check: https://developer.mozilla.org/en-US/docs/Web/HTTP/Status/403",2026-07-17T22:29:53.244719
franctireur,bd6t59422z,,failed,0,0,,http_manifest,known,403,manifest,"Client error '403 ' for url 'https://openapiproext.bnf.fr/iiif/presentation/v3/ark:/12148/bd6t59422z/manifest.json'
For more information check: https://developer.mozilla.org/en-US/docs/Web/HTTP/Status/403",2026-07-17T22:29:54.429608
franctireur,bd6t594238,,failed,0,0,,http_manifest,known,403,manifest,"Client error '403 ' for url 'https://openapiproext.bnf.fr/iiif/presentation/v3/ark:/12148/bd6t594238/manifest.json'
For more information check: https://developer.mozilla.org/en-US/docs/Web/HTTP/Status/403",2026-07-17T22:29:55.632085
franctireur,bd6t59424k,,failed,0,0,,http_manifest,known,403,manifest,"Client error '403 ' for url 'https://openapiproext.bnf.fr/iiif/presentation/v3/ark:/12148/bd6t59424k/manifest.json'
For more information check: https://developer.mozilla.org/en-US/docs/Web/HTTP/Status/403",2026-07-17T22:29:56.830707
franctireur,bd6t59425w,,failed,0,0,,http_manifest,known,403,manifest,"Client error '403 ' for url 'https://openapiproext.bnf.fr/iiif/presentation/v3/ark:/12148/bd6t59425w/manifest.json'
For more information check: https://developer.mozilla.org/en-US/docs/Web/HTTP/Status/403",2026-07-17T22:29:58.030719
franctireur,bd6t594266,,failed,0,0,,http_manifest,known,403,manifest,"Client error '403 ' for url 'https://openapiproext.bnf.fr/iiif/presentation/v3/ark:/12148/bd6t594266/manifest.json'
For more information check: https://developer.mozilla.org/en-US/docs/Web/HTTP/Status/403",2026-07-17T22:29:59.264554
franctireur,bd6t59427h,,failed,0,0,,http_manifest,known,403,manifest,"Client error '403 ' for url 'https://openapiproext.bnf.fr/iiif/presentation/v3/ark:/12148/bd6t59427h/manifest.json'
For more information check: https://developer.mozilla.org/en-US/docs/Web/HTTP/Status/403",2026-07-17T22:30:00.435732
franctireur,bd6t59428t,,failed,0,0,,http_manifest,known,403,manifest,"Client error '403 ' for url 'https://openapiproext.bnf.fr/iiif/presentation/v3/ark:/12148/bd6t59428t/manifest.json'
For more information check: https://developer.mozilla.org/en-US/docs/Web/HTTP/Status/403",2026-07-17T22:30:01.636151
franctireur,bd6t594294,,failed,0,0,,http_manifest,known,403,manifest,"Client error '403 ' for url 'https://openapiproext.bnf.fr/iiif/presentation/v3/ark:/12148/bd6t594294/manifest.json'
For more information check: https://developer.mozilla.org/en-US/docs/Web/HTTP/Status/403",2026-07-17T22:30:02.834882
franctireur,bd6t59430m,,failed,0,0,,http_manifest,known,403,manifest,"Client error '403 ' for url 'https://openapiproext.bnf.fr/iiif/presentation/v3/ark:/12148/bd6t59430m/manifest.json'
For more information check: https://developer.mozilla.org/en-US/docs/Web/HTTP/Status/403",2026-07-17T22:30:04.037995
franctireur,bd6t59431x,,failed,0,0,,http_manifest,known,403,manifest,"Client error '403 ' for url 'https://openapiproext.bnf.fr/iiif/presentation/v3/ark:/12148/bd6t59431x/manifest.json'
For more information check: https://developer.mozilla.org/en-US/docs/Web/HTTP/Status/403",2026-07-17T22:30:05.240935
franctireur,bd6t594327,,failed,0,0,,http_manifest,known,403,manifest,"Client error '403 ' for url 'https://openapiproext.bnf.fr/iiif/presentation/v3/ark:/12148/bd6t594327/manifest.json'
For more information check: https://developer.mozilla.org/en-US/docs/Web/HTTP/Status/403",2026-07-17T22:30:06.581632
franctireur,bd6t59433j,,failed,0,0,,http_manifest,known,403,manifest,"Client error '403 ' for url 'https://openapiproext.bnf.fr/iiif/presentation/v3/ark:/12148/bd6t59433j/manifest.json'
For more information check: https://developer.mozilla.org/en-US/docs/Web/HTTP/Status/403",2026-07-17T22:30:07.642641
franctireur,bd6t59434v,,failed,0,0,,http_manifest,known,403,manifest,"Client error '403 ' for url 'https://openapiproext.bnf.fr/iiif/presentation/v3/ark:/12148/bd6t59434v/manifest.json'
For more information check: https://developer.mozilla.org/en-US/docs/Web/HTTP/Status/403",2026-07-17T22:30:09.145121
franctireur,bd6t594355,,failed,0,0,,http_manifest,known,403,manifest,"Client error '403 ' for url 'https://openapiproext.bnf.fr/iiif/presentation/v3/ark:/12148/bd6t594355/manifest.json'
For more information check: https://developer.mozilla.org/en-US/docs/Web/HTTP/Status/403",2026-07-17T22:30:10.203769
franctireur,bd6t59436g,,failed,0,0,,http_manifest,known,403,manifest,"Client error '403 ' for url 'https://openapiproext.bnf.fr/iiif/presentation/v3/ark:/12148/bd6t59436g/manifest.json'
For more information check: https://developer.mozilla.org/en-US/docs/Web/HTTP/Status/403",2026-07-17T22:30:11.264220
franctireur,bd6t59437s,,failed,0,0,,http_manifest,known,403,manifest,"Client error '403 ' for url 'https://openapiproext.bnf.fr/iiif/presentation/v3/ark:/12148/bd6t59437s/manifest.json'
For more information check: https://developer.mozilla.org/en-US/docs/Web/HTTP/Status/403",2026-07-17T22:30:12.450298
franctireur,bd6t594383,,failed,0,0,,http_manifest,known,403,manifest,"Client error '403 ' for url 'https://openapiproext.bnf.fr/iiif/presentation/v3/ark:/12148/bd6t594383/manifest.json'
For more information check: https://developer.mozilla.org/en-US/docs/Web/HTTP/Status/403",2026-07-17T22:30:13.693055
franctireur,bd6t59439d,,failed,0,0,,http_manifest,known,403,manifest,"Client error '403 ' for url 'https://openapiproext.bnf.fr/iiif/presentation/v3/ark:/12148/bd6t59439d/manifest.json'
For more information check: https://developer.mozilla.org/en-US/docs/Web/HTTP/Status/403",2026-07-17T22:30:15.377940
franctireur,bd6t59440w,,failed,0,0,,http_manifest,known,403,manifest,"Client error '403 ' for url 'https://openapiproext.bnf.fr/iiif/presentation/v3/ark:/12148/bd6t59440w/manifest.json'
For more information check: https://developer.mozilla.org/en-US/docs/Web/HTTP/Status/403",2026-07-17T22:30:18.100912
franctireur,bd6t594416,,failed,0,0,,http_manifest,known,403,manifest,"Client error '403 ' for url 'https://openapiproext.bnf.fr/iiif/presentation/v3/ark:/12148/bd6t594416/manifest.json'
For more information check: https://developer.mozilla.org/en-US/docs/Web/HTTP/Status/403",2026-07-17T22:30:19.282268
franctireur,bd6t59442h,,failed,0,0,,http_manifest,known,403,manifest,"Client error '403 ' for url 'https://openapiproext.bnf.fr/iiif/presentation/v3/ark:/12148/bd6t59442h/manifest.json'
For more information check: https://developer.mozilla.org/en-US/docs/Web/HTTP/Status/403",2026-07-17T22:30:20.547761
franctireur,bd6t59443t,,failed,0,0,,http_manifest,known,403,manifest,"Client error '403 ' for url 'https://openapiproext.bnf.fr/iiif/presentation/v3/ark:/12148/bd6t59443t/manifest.json'
For more information check: https://developer.mozilla.org/en-US/docs/Web/HTTP/Status/403",2026-07-17T22:30:21.682518
franctireur,bd6t594444,,failed,0,0,,http_manifest,known,403,manifest,"Client error '403 ' for url 'https://openapiproext.bnf.fr/iiif/presentation/v3/ark:/12148/bd6t594444/manifest.json'
For more information check: https://developer.mozilla.org/en-US/docs/Web/HTTP/Status/403",2026-07-17T22:30:23.120770
franctireur,bd6t59445f,,failed,0,0,,http_manifest,known,403,manifest,"Client error '403 ' for url 'https://openapiproext.bnf.fr/iiif/presentation/v3/ark:/12148/bd6t59445f/manifest.json'
For more information check: https://developer.mozilla.org/en-US/docs/Web/HTTP/Status/403",2026-07-17T22:30:24.087761
franctireur,bd6t59446r,,failed,0,0,,http_manifest,known,403,manifest,"Client error '403 ' for url 'https://openapiproext.bnf.fr/iiif/presentation/v3/ark:/12148/bd6t59446r/manifest.json'
For more information check: https://developer.mozilla.org/en-US/docs/Web/HTTP/Status/403",2026-07-17T22:30:25.482116
franctireur,bd6t594472,,failed,0,0,,http_manifest,known,403,manifest,"Client error '403 ' for url 'https://openapiproext.bnf.fr/iiif/presentation/v3/ark:/12148/bd6t594472/manifest.json'
For more information check: https://developer.mozilla.org/en-US/docs/Web/HTTP/Status/403",2026-07-17T22:30:26.484215
franctireur,bd6t59448c,,failed,0,0,,http_manifest,known,403,manifest,"Client error '403 ' for url 'https://openapiproext.bnf.fr/iiif/presentation/v3/ark:/12148/bd6t59448c/manifest.json'
For more information check: https://developer.mozilla.org/en-US/docs/Web/HTTP/Status/403",2026-07-17T22:30:27.829361
franctireur,bd6t59449p,,failed,0,0,,http_manifest,known,403,manifest,"Client error '403 ' for url 'https://openapiproext.bnf.fr/iiif/presentation/v3/ark:/12148/bd6t59449p/manifest.json'
For more information check: https://developer.mozilla.org/en-US/docs/Web/HTTP/Status/403",2026-07-17T22:30:28.884942
franctireur,bd6t594505,,failed,0,0,,http_manifest,known,403,manifest,"Client error '403 ' for url 'https://openapiproext.bnf.fr/iiif/presentation/v3/ark:/12148/bd6t594505/manifest.json'
For more information check: https://developer.mozilla.org/en-US/docs/Web/HTTP/Status/403",2026-07-17T22:30:30.087660
franctireur,bd6t59451g,,failed,0,0,,http_manifest,known,403,manifest,"Client error '403 ' for url 'https://openapiproext.bnf.fr/iiif/presentation/v3/ark:/12148/bd6t59451g/manifest.json'
For more information check: https://developer.mozilla.org/en-US/docs/Web/HTTP/Status/403",2026-07-17T22:30:31.287727
franctireur,bd6t59452s,,failed,0,0,,http_manifest,known,403,manifest,"Client error '403 ' for url 'https://openapiproext.bnf.fr/iiif/presentation/v3/ark:/12148/bd6t59452s/manifest.json'
For more information check: https://developer.mozilla.org/en-US/docs/Web/HTTP/Status/403",2026-07-17T22:30:32.490774
franctireur,bd6t594533,,failed,0,0,,http_manifest,known,403,manifest,"Client error '403 ' for url 'https://openapiproext.bnf.fr/iiif/presentation/v3/ark:/12148/bd6t594533/manifest.json'
For more information check: https://developer.mozilla.org/en-US/docs/Web/HTTP/Status/403",2026-07-17T22:30:33.694977
franctireur,bd6t59454d,,failed,0,0,,http_manifest,known,403,manifest,"Client error '403 ' for url 'https://openapiproext.bnf.fr/iiif/presentation/v3/ark:/12148/bd6t59454d/manifest.json'
For more information check: https://developer.mozilla.org/en-US/docs/Web/HTTP/Status/403",2026-07-17T22:30:34.901411
franctireur,bd6t59158x,,failed,0,0,,http_manifest,known,403,manifest,"Client error '403 ' for url 'https://openapiproext.bnf.fr/iiif/presentation/v3/ark:/12148/bd6t59158x/manifest.json'
For more information check: https://developer.mozilla.org/en-US/docs/Web/HTTP/Status/403",2026-07-17T22:30:36.093550
franctireur,bd6t591597,,failed,0,0,,http_manifest,known,403,manifest,"Client error '403 ' for url 'https://openapiproext.bnf.fr/iiif/presentation/v3/ark:/12148/bd6t591597/manifest.json'
For more information check: https://developer.mozilla.org/en-US/docs/Web/HTTP/Status/403",2026-07-17T22:30:37.299014
franctireur,bd6t59160q,,failed,0,0,,http_manifest,known,403,manifest,"Client error '403 ' for url 'https://openapiproext.bnf.fr/iiif/presentation/v3/ark:/12148/bd6t59160q/manifest.json'
For more information check: https://developer.mozilla.org/en-US/docs/Web/HTTP/Status/403",2026-07-17T22:30:38.497262
franctireur,bd6t591611,,failed,0,0,,http_manifest,known,403,manifest,"Client error '403 ' for url 'https://openapiproext.bnf.fr/iiif/presentation/v3/ark:/12148/bd6t591611/manifest.json'
For more information check: https://developer.mozilla.org/en-US/docs/Web/HTTP/Status/403",2026-07-17T22:30:39.726466
franctireur,bd6t59162b,,failed,0,0,,http_manifest,known,403,manifest,"Client error '403 ' for url 'https://openapiproext.bnf.fr/iiif/presentation/v3/ark:/12148/bd6t59162b/manifest.json'
For more information check: https://developer.mozilla.org/en-US/docs/Web/HTTP/Status/403",2026-07-17T22:30:40.902228
franctireur,bd6t59163n,,failed,0,0,,http_manifest,known,403,manifest,"Client error '403 ' for url 'https://openapiproext.bnf.fr/iiif/presentation/v3/ark:/12148/bd6t59163n/manifest.json'
For more information check: https://developer.mozilla.org/en-US/docs/Web/HTTP/Status/403",2026-07-17T22:30:42.098125
franctireur,bd6t59164z,,failed,0,0,,http_manifest,known,403,manifest,"Client error '403 ' for url 'https://openapiproext.bnf.fr/iiif/presentation/v3/ark:/12148/bd6t59164z/manifest.json'
For more information check: https://developer.mozilla.org/en-US/docs/Web/HTTP/Status/403",2026-07-17T22:30:43.304706
franctireur,bd6t591658,,failed,0,0,,http_manifest,known,403,manifest,"Client error '403 ' for url 'https://openapiproext.bnf.fr/iiif/presentation/v3/ark:/12148/bd6t591658/manifest.json'
For more information check: https://developer.mozilla.org/en-US/docs/Web/HTTP/Status/403",2026-07-17T22:30:44.506872
franctireur,bd6t59166k,,failed,0,0,,http_manifest,known,403,manifest,"Client error '403 ' for url 'https://openapiproext.bnf.fr/iiif/presentation/v3/ark:/12148/bd6t59166k/manifest.json'
For more information check: https://developer.mozilla.org/en-US/docs/Web/HTTP/Status/403",2026-07-17T22:30:45.706286
franctireur,bd6t59167w,,failed,0,0,,http_manifest,known,403,manifest,"Client error '403 ' for url 'https://openapiproext.bnf.fr/iiif/presentation/v3/ark:/12148/bd6t59167w/manifest.json'
For more information check: https://developer.mozilla.org/en-US/docs/Web/HTTP/Status/403",2026-07-17T22:30:46.905396
franctireur,bd6t591686,,failed,0,0,,http_manifest,known,403,manifest,"Client error '403 ' for url 'https://openapiproext.bnf.fr/iiif/presentation/v3/ark:/12148/bd6t591686/manifest.json'
For more information check: https://developer.mozilla.org/en-US/docs/Web/HTTP/Status/403",2026-07-17T22:30:48.111434
franctireur,bd6t59169h,,failed,0,0,,http_manifest,known,403,manifest,"Client error '403 ' for url 'https://openapiproext.bnf.fr/iiif/presentation/v3/ark:/12148/bd6t59169h/manifest.json'
For more information check: https://developer.mozilla.org/en-US/docs/Web/HTTP/Status/403",2026-07-17T22:30:49.312048
franctireur,bd6t591700,,failed,0,0,,http_manifest,known,403,manifest,"Client error '403 ' for url 'https://openapiproext.bnf.fr/iiif/presentation/v3/ark:/12148/bd6t591700/manifest.json'
For more information check: https://developer.mozilla.org/en-US/docs/Web/HTTP/Status/403",2026-07-17T22:30:50.513925
franctireur,bd6t591719,,failed,0,0,,http_manifest,known,403,manifest,"Client error '403 ' for url 'https://openapiproext.bnf.fr/iiif/presentation/v3/ark:/12148/bd6t591719/manifest.json'
For more information check: https://developer.mozilla.org/en-US/docs/Web/HTTP/Status/403",2026-07-17T22:30:51.771236
franctireur,bd6t59172m,,failed,0,0,,http_manifest,known,403,manifest,"Client error '403 ' for url 'https://openapiproext.bnf.fr/iiif/presentation/v3/ark:/12148/bd6t59172m/manifest.json'
For more information check: https://developer.mozilla.org/en-US/docs/Web/HTTP/Status/403",2026-07-17T22:30:52.917076
franctireur,bd6t59173x,,failed,0,0,,http_manifest,known,403,manifest,"Client error '403 ' for url 'https://openapiproext.bnf.fr/iiif/presentation/v3/ark:/12148/bd6t59173x/manifest.json'
For more information check: https://developer.mozilla.org/en-US/docs/Web/HTTP/Status/403",2026-07-17T22:30:54.118415
franctireur,bd6t591747,,failed,0,0,,http_manifest,known,403,manifest,"Client error '403 ' for url 'https://openapiproext.bnf.fr/iiif/presentation/v3/ark:/12148/bd6t591747/manifest.json'
For more information check: https://developer.mozilla.org/en-US/docs/Web/HTTP/Status/403",2026-07-17T22:30:55.319738
franctireur,bd6t59175j,,failed,0,0,,http_manifest,known,403,manifest,"Client error '403 ' for url 'https://openapiproext.bnf.fr/iiif/presentation/v3/ark:/12148/bd6t59175j/manifest.json'
For more information check: https://developer.mozilla.org/en-US/docs/Web/HTTP/Status/403",2026-07-17T22:30:56.520485
franctireur,bd6t59176v,,failed,0,0,,http_manifest,known,403,manifest,"Client error '403 ' for url 'https://openapiproext.bnf.fr/iiif/presentation/v3/ark:/12148/bd6t59176v/manifest.json'
For more information check: https://developer.mozilla.org/en-US/docs/Web/HTTP/Status/403",2026-07-17T22:30:57.743900
franctireur,bd6t591775,,failed,0,0,,http_manifest,known,403,manifest,"Client error '403 ' for url 'https://openapiproext.bnf.fr/iiif/presentation/v3/ark:/12148/bd6t591775/manifest.json'
For more information check: https://developer.mozilla.org/en-US/docs/Web/HTTP/Status/403",2026-07-17T22:30:58.924997
franctireur,bd6t59178g,,failed,0,0,,http_manifest,known,403,manifest,"Client error '403 ' for url 'https://openapiproext.bnf.fr/iiif/presentation/v3/ark:/12148/bd6t59178g/manifest.json'
For more information check: https://developer.mozilla.org/en-US/docs/Web/HTTP/Status/403",2026-07-17T22:31:00.128091
franctireur,bd6t59179s,,failed,0,0,,http_manifest,known,403,manifest,"Client error '403 ' for url 'https://openapiproext.bnf.fr/iiif/presentation/v3/ark:/12148/bd6t59179s/manifest.json'
For more information check: https://developer.mozilla.org/en-US/docs/Web/HTTP/Status/403",2026-07-17T22:31:01.327913
franctireur,bd6t591808,,failed,0,0,,http_manifest,known,403,manifest,"Client error '403 ' for url 'https://openapiproext.bnf.fr/iiif/presentation/v3/ark:/12148/bd6t591808/manifest.json'
For more information check: https://developer.mozilla.org/en-US/docs/Web/HTTP/Status/403",2026-07-17T22:31:02.529843
franctireur,bd6t59181k,,failed,0,0,,http_manifest,known,403,manifest,"Client error '403 ' for url 'https://openapiproext.bnf.fr/iiif/presentation/v3/ark:/12148/bd6t59181k/manifest.json'
For more information check: https://developer.mozilla.org/en-US/docs/Web/HTTP/Status/403",2026-07-17T22:31:03.733889
franctireur,bd6t59182w,,failed,0,0,,http_manifest,known,403,manifest,"Client error '403 ' for url 'https://openapiproext.bnf.fr/iiif/presentation/v3/ark:/12148/bd6t59182w/manifest.json'
For more information check: https://developer.mozilla.org/en-US/docs/Web/HTTP/Status/403",2026-07-17T22:31:04.935104
franctireur,bd6t591836,,failed,0,0,,http_manifest,known,403,manifest,"Client error '403 ' for url 'https://openapiproext.bnf.fr/iiif/presentation/v3/ark:/12148/bd6t591836/manifest.json'
For more information check: https://developer.mozilla.org/en-US/docs/Web/HTTP/Status/403",2026-07-17T22:31:06.134563
franctireur,bd6t59184h,,failed,0,0,,http_manifest,known,403,manifest,"Client error '403 ' for url 'https://openapiproext.bnf.fr/iiif/presentation/v3/ark:/12148/bd6t59184h/manifest.json'
For more information check: https://developer.mozilla.org/en-US/docs/Web/HTTP/Status/403",2026-07-17T22:31:07.334646
franctireur,bd6t59185t,,failed,0,0,,http_manifest,known,403,manifest,"Client error '403 ' for url 'https://openapiproext.bnf.fr/iiif/presentation/v3/ark:/12148/bd6t59185t/manifest.json'
For more information check: https://developer.mozilla.org/en-US/docs/Web/HTTP/Status/403",2026-07-17T22:31:08.700849
franctireur,bd6t591864,,failed,0,0,,http_manifest,known,403,manifest,"Client error '403 ' for url 'https://openapiproext.bnf.fr/iiif/presentation/v3/ark:/12148/bd6t591864/manifest.json'
For more information check: https://developer.mozilla.org/en-US/docs/Web/HTTP/Status/403",2026-07-17T22:31:09.998749
franctireur,bd6t59187f,,failed,0,0,,http_manifest,known,403,manifest,"Client error '403 ' for url 'https://openapiproext.bnf.fr/iiif/presentation/v3/ark:/12148/bd6t59187f/manifest.json'
For more information check: https://developer.mozilla.org/en-US/docs/Web/HTTP/Status/403",2026-07-17T22:31:11.020298
franctireur,bd6t59188r,,failed,0,0,,http_manifest,known,403,manifest,"Client error '403 ' for url 'https://openapiproext.bnf.fr/iiif/presentation/v3/ark:/12148/bd6t59188r/manifest.json'
For more information check: https://developer.mozilla.org/en-US/docs/Web/HTTP/Status/403",2026-07-17T22:31:12.141230
franctireur,bd6t591892,,failed,0,0,,http_manifest,known,403,manifest,"Client error '403 ' for url 'https://openapiproext.bnf.fr/iiif/presentation/v3/ark:/12148/bd6t591892/manifest.json'
For more information check: https://developer.mozilla.org/en-US/docs/Web/HTTP/Status/403",2026-07-17T22:31:13.579213
franctireur,bd6t59190j,,failed,0,0,,http_manifest,known,403,manifest,"Client error '403 ' for url 'https://openapiproext.bnf.fr/iiif/presentation/v3/ark:/12148/bd6t59190j/manifest.json'
For more information check: https://developer.mozilla.org/en-US/docs/Web/HTTP/Status/403",2026-07-17T22:31:14.646903
franctireur,bd6t59191v,,failed,0,0,,http_manifest,known,403,manifest,"Client error '403 ' for url 'https://openapiproext.bnf.fr/iiif/presentation/v3/ark:/12148/bd6t59191v/manifest.json'
For more information check: https://developer.mozilla.org/en-US/docs/Web/HTTP/Status/403",2026-07-17T22:31:15.748826
franctireur,bd6t591925,,failed,0,0,,http_manifest,known,403,manifest,"Client error '403 ' for url 'https://openapiproext.bnf.fr/iiif/presentation/v3/ark:/12148/bd6t591925/manifest.json'
For more information check: https://developer.mozilla.org/en-US/docs/Web/HTTP/Status/403",2026-07-17T22:31:16.953219
franctireur,bd6t59193g,,failed,0,0,,http_manifest,known,403,manifest,"Client error '403 ' for url 'https://openapiproext.bnf.fr/iiif/presentation/v3/ark:/12148/bd6t59193g/manifest.json'
For more information check: https://developer.mozilla.org/en-US/docs/Web/HTTP/Status/403",2026-07-17T22:31:18.151339
franctireur,bd6t59194s,,failed,0,0,,http_manifest,known,403,manifest,"Client error '403 ' for url 'https://openapiproext.bnf.fr/iiif/presentation/v3/ark:/12148/bd6t59194s/manifest.json'
For more information check: https://developer.mozilla.org/en-US/docs/Web/HTTP/Status/403",2026-07-17T22:31:19.522479
franctireur,bd6t591953,,failed,0,0,,http_manifest,known,403,manifest,"Client error '403 ' for url 'https://openapiproext.bnf.fr/iiif/presentation/v3/ark:/12148/bd6t591953/manifest.json'
For more information check: https://developer.mozilla.org/en-US/docs/Web/HTTP/Status/403",2026-07-17T22:31:20.710080
franctireur,bd6t59196d,,failed,0,0,,http_manifest,known,403,manifest,"Client error '403 ' for url 'https://openapiproext.bnf.fr/iiif/presentation/v3/ark:/12148/bd6t59196d/manifest.json'
For more information check: https://developer.mozilla.org/en-US/docs/Web/HTTP/Status/403",2026-07-17T22:31:21.817300
franctireur,bd6t59197q,,failed,0,0,,http_manifest,known,403,manifest,"Client error '403 ' for url 'https://openapiproext.bnf.fr/iiif/presentation/v3/ark:/12148/bd6t59197q/manifest.json'
For more information check: https://developer.mozilla.org/en-US/docs/Web/HTTP/Status/403",2026-07-17T22:31:23.057390
franctireur,bd6t591981,,failed,0,0,,http_manifest,known,403,manifest,"Client error '403 ' for url 'https://openapiproext.bnf.fr/iiif/presentation/v3/ark:/12148/bd6t591981/manifest.json'
For more information check: https://developer.mozilla.org/en-US/docs/Web/HTTP/Status/403",2026-07-17T22:31:24.155552
franctireur,bd6t59199b,,failed,0,0,,http_manifest,known,403,manifest,"Client error '403 ' for url 'https://openapiproext.bnf.fr/iiif/presentation/v3/ark:/12148/bd6t59199b/manifest.json'
For more information check: https://developer.mozilla.org/en-US/docs/Web/HTTP/Status/403",2026-07-17T22:31:25.603675
franctireur,bd6t592009,,failed,0,0,,http_manifest,known,403,manifest,"Client error '403 ' for url 'https://openapiproext.bnf.fr/iiif/presentation/v3/ark:/12148/bd6t592009/manifest.json'
For more information check: https://developer.mozilla.org/en-US/docs/Web/HTTP/Status/403",2026-07-17T22:31:26.560394
franctireur,bd6t59201m,,failed,0,0,,http_manifest,known,403,manifest,"Client error '403 ' for url 'https://openapiproext.bnf.fr/iiif/presentation/v3/ark:/12148/bd6t59201m/manifest.json'
For more information check: https://developer.mozilla.org/en-US/docs/Web/HTTP/Status/403",2026-07-17T22:31:27.809562
franctireur,bd6t59202x,,failed,0,0,,http_manifest,known,403,manifest,"Client error '403 ' for url 'https://openapiproext.bnf.fr/iiif/presentation/v3/ark:/12148/bd6t59202x/manifest.json'
For more information check: https://developer.mozilla.org/en-US/docs/Web/HTTP/Status/403",2026-07-17T22:31:28.964009
franctireur,bd6t592037,,failed,0,0,,http_manifest,known,403,manifest,"Client error '403 ' for url 'https://openapiproext.bnf.fr/iiif/presentation/v3/ark:/12148/bd6t592037/manifest.json'
For more information check: https://developer.mozilla.org/en-US/docs/Web/HTTP/Status/403",2026-07-17T22:31:30.166144
franctireur,bd6t59204j,,failed,0,0,,http_manifest,known,403,manifest,"Client error '403 ' for url 'https://openapiproext.bnf.fr/iiif/presentation/v3/ark:/12148/bd6t59204j/manifest.json'
For more information check: https://developer.mozilla.org/en-US/docs/Web/HTTP/Status/403",2026-07-17T22:31:31.363173
franctireur,bd6t59205v,,failed,0,0,,http_manifest,known,403,manifest,"Client error '403 ' for url 'https://openapiproext.bnf.fr/iiif/presentation/v3/ark:/12148/bd6t59205v/manifest.json'
For more information check: https://developer.mozilla.org/en-US/docs/Web/HTTP/Status/403",2026-07-17T22:31:32.564508
franctireur,bd6t592065,,failed,0,0,,http_manifest,known,403,manifest,"Client error '403 ' for url 'https://openapiproext.bnf.fr/iiif/presentation/v3/ark:/12148/bd6t592065/manifest.json'
For more information check: https://developer.mozilla.org/en-US/docs/Web/HTTP/Status/403",2026-07-17T22:31:33.791020
franctireur,bd6t59207g,,failed,0,0,,http_manifest,known,403,manifest,"Client error '403 ' for url 'https://openapiproext.bnf.fr/iiif/presentation/v3/ark:/12148/bd6t59207g/manifest.json'
For more information check: https://developer.mozilla.org/en-US/docs/Web/HTTP/Status/403",2026-07-17T22:31:34.966519
franctireur,bd6t59208s,,failed,0,0,,http_manifest,known,403,manifest,"Client error '403 ' for url 'https://openapiproext.bnf.fr/iiif/presentation/v3/ark:/12148/bd6t59208s/manifest.json'
For more information check: https://developer.mozilla.org/en-US/docs/Web/HTTP/Status/403",2026-07-17T22:31:36.169431
franctireur,bd6t592093,,failed,0,0,,http_manifest,known,403,manifest,"Client error '403 ' for url 'https://openapiproext.bnf.fr/iiif/presentation/v3/ark:/12148/bd6t592093/manifest.json'
For more information check: https://developer.mozilla.org/en-US/docs/Web/HTTP/Status/403",2026-07-17T22:31:37.370710
franctireur,bd6t591077,,failed,0,0,,http_manifest,known,403,manifest,"Client error '403 ' for url 'https://openapiproext.bnf.fr/iiif/presentation/v3/ark:/12148/bd6t591077/manifest.json'
For more information check: https://developer.mozilla.org/en-US/docs/Web/HTTP/Status/403",2026-07-17T22:31:38.571843
franctireur,bd6t59108j,,failed,0,0,,http_manifest,known,403,manifest,"Client error '403 ' for url 'https://openapiproext.bnf.fr/iiif/presentation/v3/ark:/12148/bd6t59108j/manifest.json'
For more information check: https://developer.mozilla.org/en-US/docs/Web/HTTP/Status/403",2026-07-17T22:31:39.787719
franctireur,bd6t59109v,,failed,0,0,,http_manifest,known,403,manifest,"Client error '403 ' for url 'https://openapiproext.bnf.fr/iiif/presentation/v3/ark:/12148/bd6t59109v/manifest.json'
For more information check: https://developer.mozilla.org/en-US/docs/Web/HTTP/Status/403",2026-07-17T22:31:40.973405
franctireur,bd6t59110b,,failed,0,0,,http_manifest,known,403,manifest,"Client error '403 ' for url 'https://openapiproext.bnf.fr/iiif/presentation/v3/ark:/12148/bd6t59110b/manifest.json'
For more information check: https://developer.mozilla.org/en-US/docs/Web/HTTP/Status/403",2026-07-17T22:31:42.177917
franctireur,bd6t59111n,,failed,0,0,,http_manifest,known,403,manifest,"Client error '403 ' for url 'https://openapiproext.bnf.fr/iiif/presentation/v3/ark:/12148/bd6t59111n/manifest.json'
For more information check: https://developer.mozilla.org/en-US/docs/Web/HTTP/Status/403",2026-07-17T22:31:43.381607
franctireur,bd6t59112z,,failed,0,0,,http_manifest,known,403,manifest,"Client error '403 ' for url 'https://openapiproext.bnf.fr/iiif/presentation/v3/ark:/12148/bd6t59112z/manifest.json'
For more information check: https://developer.mozilla.org/en-US/docs/Web/HTTP/Status/403",2026-07-17T22:31:44.581967
franctireur,bd6t591138,,failed,0,0,,http_manifest,known,403,manifest,"Client error '403 ' for url 'https://openapiproext.bnf.fr/iiif/presentation/v3/ark:/12148/bd6t591138/manifest.json'
For more information check: https://developer.mozilla.org/en-US/docs/Web/HTTP/Status/403",2026-07-17T22:31:45.784708
franctireur,bd6t59114k,,failed,0,0,,http_manifest,known,403,manifest,"Client error '403 ' for url 'https://openapiproext.bnf.fr/iiif/presentation/v3/ark:/12148/bd6t59114k/manifest.json'
For more information check: https://developer.mozilla.org/en-US/docs/Web/HTTP/Status/403",2026-07-17T22:31:46.982801
franctireur,bd6t59115w,,failed,0,0,,http_manifest,known,403,manifest,"Client error '403 ' for url 'https://openapiproext.bnf.fr/iiif/presentation/v3/ark:/12148/bd6t59115w/manifest.json'
For more information check: https://developer.mozilla.org/en-US/docs/Web/HTTP/Status/403",2026-07-17T22:31:48.190157
franctireur,bd6t591166,,failed,0,0,,http_manifest,known,403,manifest,"Client error '403 ' for url 'https://openapiproext.bnf.fr/iiif/presentation/v3/ark:/12148/bd6t591166/manifest.json'
For more information check: https://developer.mozilla.org/en-US/docs/Web/HTTP/Status/403",2026-07-17T22:31:49.387758
franctireur,bd6t59117h,,failed,0,0,,http_manifest,known,403,manifest,"Client error '403 ' for url 'https://openapiproext.bnf.fr/iiif/presentation/v3/ark:/12148/bd6t59117h/manifest.json'
For more information check: https://developer.mozilla.org/en-US/docs/Web/HTTP/Status/403",2026-07-17T22:31:50.590089
franctireur,bd6t59118t,,failed,0,0,,http_manifest,known,403,manifest,"Client error '403 ' for url 'https://openapiproext.bnf.fr/iiif/presentation/v3/ark:/12148/bd6t59118t/manifest.json'
For more information check: https://developer.mozilla.org/en-US/docs/Web/HTTP/Status/403",2026-07-17T22:31:51.804363
franctireur,bd6t591194,,failed,0,0,,http_manifest,known,403,manifest,"Client error '403 ' for url 'https://openapiproext.bnf.fr/iiif/presentation/v3/ark:/12148/bd6t591194/manifest.json'
For more information check: https://developer.mozilla.org/en-US/docs/Web/HTTP/Status/403",2026-07-17T22:31:52.997088
franctireur,bd6t59120m,,failed,0,0,,http_manifest,known,403,manifest,"Client error '403 ' for url 'https://openapiproext.bnf.fr/iiif/presentation/v3/ark:/12148/bd6t59120m/manifest.json'
For more information check: https://developer.mozilla.org/en-US/docs/Web/HTTP/Status/403",2026-07-17T22:31:54.193706
franctireur,bd6t59121x,,failed,0,0,,http_manifest,known,403,manifest,"Client error '403 ' for url 'https://openapiproext.bnf.fr/iiif/presentation/v3/ark:/12148/bd6t59121x/manifest.json'
For more information check: https://developer.mozilla.org/en-US/docs/Web/HTTP/Status/403",2026-07-17T22:31:55.396388
franctireur,bd6t591227,,failed,0,0,,http_manifest,known,403,manifest,"Client error '403 ' for url 'https://openapiproext.bnf.fr/iiif/presentation/v3/ark:/12148/bd6t591227/manifest.json'
For more information check: https://developer.mozilla.org/en-US/docs/Web/HTTP/Status/403",2026-07-17T22:31:56.595426
franctireur,bd6t59123j,,failed,0,0,,http_manifest,known,403,manifest,"Client error '403 ' for url 'https://openapiproext.bnf.fr/iiif/presentation/v3/ark:/12148/bd6t59123j/manifest.json'
For more information check: https://developer.mozilla.org/en-US/docs/Web/HTTP/Status/403",2026-07-17T22:31:57.797912
franctireur,bd6t59124v,,failed,0,0,,http_manifest,known,403,manifest,"Client error '403 ' for url 'https://openapiproext.bnf.fr/iiif/presentation/v3/ark:/12148/bd6t59124v/manifest.json'
For more information check: https://developer.mozilla.org/en-US/docs/Web/HTTP/Status/403",2026-07-17T22:31:58.998483
franctireur,bd6t591255,,failed,0,0,,http_manifest,known,403,manifest,"Client error '403 ' for url 'https://openapiproext.bnf.fr/iiif/presentation/v3/ark:/12148/bd6t591255/manifest.json'
For more information check: https://developer.mozilla.org/en-US/docs/Web/HTTP/Status/403",2026-07-17T22:32:00.201265
franctireur,bd6t59126g,,failed,0,0,,http_manifest,known,403,manifest,"Client error '403 ' for url 'https://openapiproext.bnf.fr/iiif/presentation/v3/ark:/12148/bd6t59126g/manifest.json'
For more information check: https://developer.mozilla.org/en-US/docs/Web/HTTP/Status/403",2026-07-17T22:32:01.401048
franctireur,bd6t59127s,,failed,0,0,,http_manifest,known,403,manifest,"Client error '403 ' for url 'https://openapiproext.bnf.fr/iiif/presentation/v3/ark:/12148/bd6t59127s/manifest.json'
For more information check: https://developer.mozilla.org/en-US/docs/Web/HTTP/Status/403",2026-07-17T22:32:02.601316
franctireur,bd6t591283,,failed,0,0,,http_manifest,known,403,manifest,"Client error '403 ' for url 'https://openapiproext.bnf.fr/iiif/presentation/v3/ark:/12148/bd6t591283/manifest.json'
For more information check: https://developer.mozilla.org/en-US/docs/Web/HTTP/Status/403",2026-07-17T22:32:03.820221
franctireur,bd6t59129d,,failed,0,0,,http_manifest,known,403,manifest,"Client error '403 ' for url 'https://openapiproext.bnf.fr/iiif/presentation/v3/ark:/12148/bd6t59129d/manifest.json'
For more information check: https://developer.mozilla.org/en-US/docs/Web/HTTP/Status/403",2026-07-17T22:32:05.018206
franctireur,bd6t59130w,,failed,0,0,,http_manifest,known,403,manifest,"Client error '403 ' for url 'https://openapiproext.bnf.fr/iiif/presentation/v3/ark:/12148/bd6t59130w/manifest.json'
For more information check: https://developer.mozilla.org/en-US/docs/Web/HTTP/Status/403",2026-07-17T22:32:06.205660
franctireur,bd6t591316,,failed,0,0,,http_manifest,known,403,manifest,"Client error '403 ' for url 'https://openapiproext.bnf.fr/iiif/presentation/v3/ark:/12148/bd6t591316/manifest.json'
For more information check: https://developer.mozilla.org/en-US/docs/Web/HTTP/Status/403",2026-07-17T22:32:07.411217
franctireur,bd6t59132h,,failed,0,0,,http_manifest,known,403,manifest,"Client error '403 ' for url 'https://openapiproext.bnf.fr/iiif/presentation/v3/ark:/12148/bd6t59132h/manifest.json'
For more information check: https://developer.mozilla.org/en-US/docs/Web/HTTP/Status/403",2026-07-17T22:32:08.886068
franctireur,bd6t59133t,,failed,0,0,,http_manifest,known,403,manifest,"Client error '403 ' for url 'https://openapiproext.bnf.fr/iiif/presentation/v3/ark:/12148/bd6t59133t/manifest.json'
For more information check: https://developer.mozilla.org/en-US/docs/Web/HTTP/Status/403",2026-07-17T22:32:09.995227
franctireur,bd6t591344,,failed,0,0,,http_manifest,known,403,manifest,"Client error '403 ' for url 'https://openapiproext.bnf.fr/iiif/presentation/v3/ark:/12148/bd6t591344/manifest.json'
For more information check: https://developer.mozilla.org/en-US/docs/Web/HTTP/Status/403",2026-07-17T22:32:11.085046
franctireur,bd6t59135f,,failed,0,0,,http_manifest,known,403,manifest,"Client error '403 ' for url 'https://openapiproext.bnf.fr/iiif/presentation/v3/ark:/12148/bd6t59135f/manifest.json'
For more information check: https://developer.mozilla.org/en-US/docs/Web/HTTP/Status/403",2026-07-17T22:32:12.214075
franctireur,bd6t59136r,,failed,0,0,,http_manifest,known,403,manifest,"Client error '403 ' for url 'https://openapiproext.bnf.fr/iiif/presentation/v3/ark:/12148/bd6t59136r/manifest.json'
For more information check: https://developer.mozilla.org/en-US/docs/Web/HTTP/Status/403",2026-07-17T22:32:13.612747
franctireur,bd6t591372,,failed,0,0,,http_manifest,known,403,manifest,"Client error '403 ' for url 'https://openapiproext.bnf.fr/iiif/presentation/v3/ark:/12148/bd6t591372/manifest.json'
For more information check: https://developer.mozilla.org/en-US/docs/Web/HTTP/Status/403",2026-07-17T22:32:14.639756
franctireur,bd6t59138c,,failed,0,0,,http_manifest,known,403,manifest,"Client error '403 ' for url 'https://openapiproext.bnf.fr/iiif/presentation/v3/ark:/12148/bd6t59138c/manifest.json'
For more information check: https://developer.mozilla.org/en-US/docs/Web/HTTP/Status/403",2026-07-17T22:32:15.819399
franctireur,bd6t59139p,,failed,0,0,,http_manifest,known,403,manifest,"Client error '403 ' for url 'https://openapiproext.bnf.fr/iiif/presentation/v3/ark:/12148/bd6t59139p/manifest.json'
For more information check: https://developer.mozilla.org/en-US/docs/Web/HTTP/Status/403",2026-07-17T22:32:17.269703
franctireur,bd6t591405,,failed,0,0,,http_manifest,known,403,manifest,"Client error '403 ' for url 'https://openapiproext.bnf.fr/iiif/presentation/v3/ark:/12148/bd6t591405/manifest.json'
For more information check: https://developer.mozilla.org/en-US/docs/Web/HTTP/Status/403",2026-07-17T22:32:18.444619
franctireur,bd6t59141g,,failed,0,0,,http_manifest,known,403,manifest,"Client error '403 ' for url 'https://openapiproext.bnf.fr/iiif/presentation/v3/ark:/12148/bd6t59141g/manifest.json'
For more information check: https://developer.mozilla.org/en-US/docs/Web/HTTP/Status/403",2026-07-17T22:32:19.568357
franctireur,bd6t59142s,,failed,0,0,,http_manifest,known,403,manifest,"Client error '403 ' for url 'https://openapiproext.bnf.fr/iiif/presentation/v3/ark:/12148/bd6t59142s/manifest.json'
For more information check: https://developer.mozilla.org/en-US/docs/Web/HTTP/Status/403",2026-07-17T22:32:20.754854
franctireur,bd6t591433,,failed,0,0,,http_manifest,known,403,manifest,"Client error '403 ' for url 'https://openapiproext.bnf.fr/iiif/presentation/v3/ark:/12148/bd6t591433/manifest.json'
For more information check: https://developer.mozilla.org/en-US/docs/Web/HTTP/Status/403",2026-07-17T22:32:21.867057
franctireur,bd6t59144d,,failed,0,0,,http_manifest,known,403,manifest,"Client error '403 ' for url 'https://openapiproext.bnf.fr/iiif/presentation/v3/ark:/12148/bd6t59144d/manifest.json'
For more information check: https://developer.mozilla.org/en-US/docs/Web/HTTP/Status/403",2026-07-17T22:32:23.175851
franctireur,bd6t59145q,,failed,0,0,,http_manifest,known,403,manifest,"Client error '403 ' for url 'https://openapiproext.bnf.fr/iiif/presentation/v3/ark:/12148/bd6t59145q/manifest.json'
For more information check: https://developer.mozilla.org/en-US/docs/Web/HTTP/Status/403",2026-07-17T22:32:24.436632
franctireur,bd6t591461,,failed,0,0,,http_manifest,known,403,manifest,"Client error '403 ' for url 'https://openapiproext.bnf.fr/iiif/presentation/v3/ark:/12148/bd6t591461/manifest.json'
For more information check: https://developer.mozilla.org/en-US/docs/Web/HTTP/Status/403",2026-07-17T22:32:25.683820
franctireur,bd6t59147b,,failed,0,0,,http_manifest,known,403,manifest,"Client error '403 ' for url 'https://openapiproext.bnf.fr/iiif/presentation/v3/ark:/12148/bd6t59147b/manifest.json'
For more information check: https://developer.mozilla.org/en-US/docs/Web/HTTP/Status/403",2026-07-17T22:32:26.633901
franctireur,bd6t59148n,,failed,0,0,,http_manifest,known,403,manifest,"Client error '403 ' for url 'https://openapiproext.bnf.fr/iiif/presentation/v3/ark:/12148/bd6t59148n/manifest.json'
For more information check: https://developer.mozilla.org/en-US/docs/Web/HTTP/Status/403",2026-07-17T22:32:27.835931
franctireur,bd6t59149z,,failed,0,0,,http_manifest,known,403,manifest,"Client error '403 ' for url 'https://openapiproext.bnf.fr/iiif/presentation/v3/ark:/12148/bd6t59149z/manifest.json'
For more information check: https://developer.mozilla.org/en-US/docs/Web/HTTP/Status/403",2026-07-17T22:32:29.037898
franctireur,bd6t59150f,,failed,0,0,,http_manifest,known,403,manifest,"Client error '403 ' for url 'https://openapiproext.bnf.fr/iiif/presentation/v3/ark:/12148/bd6t59150f/manifest.json'
For more information check: https://developer.mozilla.org/en-US/docs/Web/HTTP/Status/403",2026-07-17T22:32:30.238268
franctireur,bd6t59151r,,failed,0,0,,http_manifest,known,403,manifest,"Client error '403 ' for url 'https://openapiproext.bnf.fr/iiif/presentation/v3/ark:/12148/bd6t59151r/manifest.json'
For more information check: https://developer.mozilla.org/en-US/docs/Web/HTTP/Status/403",2026-07-17T22:32:31.442104
franctireur,bd6t591522,,failed,0,0,,http_manifest,known,403,manifest,"Client error '403 ' for url 'https://openapiproext.bnf.fr/iiif/presentation/v3/ark:/12148/bd6t591522/manifest.json'
For more information check: https://developer.mozilla.org/en-US/docs/Web/HTTP/Status/403",2026-07-17T22:32:32.659905
franctireur,bd6t59153c,,failed,0,0,,http_manifest,known,403,manifest,"Client error '403 ' for url 'https://openapiproext.bnf.fr/iiif/presentation/v3/ark:/12148/bd6t59153c/manifest.json'
For more information check: https://developer.mozilla.org/en-US/docs/Web/HTTP/Status/403",2026-07-17T22:32:33.840153
franctireur,bd6t59154p,,failed,0,0,,http_manifest,known,403,manifest,"Client error '403 ' for url 'https://openapiproext.bnf.fr/iiif/presentation/v3/ark:/12148/bd6t59154p/manifest.json'
For more information check: https://developer.mozilla.org/en-US/docs/Web/HTTP/Status/403",2026-07-17T22:32:35.044457
franctireur,bd6t591550,,failed,0,0,,http_manifest,known,403,manifest,"Client error '403 ' for url 'https://openapiproext.bnf.fr/iiif/presentation/v3/ark:/12148/bd6t591550/manifest.json'
For more information check: https://developer.mozilla.org/en-US/docs/Web/HTTP/Status/403",2026-07-17T22:32:36.247742
franctireur,bd6t591569,,failed,0,0,,http_manifest,known,403,manifest,"Client error '403 ' for url 'https://openapiproext.bnf.fr/iiif/presentation/v3/ark:/12148/bd6t591569/manifest.json'
For more information check: https://developer.mozilla.org/en-US/docs/Web/HTTP/Status/403",2026-07-17T22:32:37.449847
franctireur,bd6t59157m,,failed,0,0,,http_manifest,known,403,manifest,"Client error '403 ' for url 'https://openapiproext.bnf.fr/iiif/presentation/v3/ark:/12148/bd6t59157m/manifest.json'
For more information check: https://developer.mozilla.org/en-US/docs/Web/HTTP/Status/403",2026-07-17T22:32:38.661170
franctireur,bd6t59455q,,failed,0,0,,http_manifest,known,403,manifest,"Client error '403 ' for url 'https://openapiproext.bnf.fr/iiif/presentation/v3/ark:/12148/bd6t59455q/manifest.json'
For more information check: https://developer.mozilla.org/en-US/docs/Web/HTTP/Status/403",2026-07-17T22:32:39.846761
franctireur,bd6t594561,,failed,0,0,,http_manifest,known,403,manifest,"Client error '403 ' for url 'https://openapiproext.bnf.fr/iiif/presentation/v3/ark:/12148/bd6t594561/manifest.json'
For more information check: https://developer.mozilla.org/en-US/docs/Web/HTTP/Status/403",2026-07-17T22:32:41.050766
franctireur,bd6t59457b,,failed,0,0,,http_manifest,known,403,manifest,"Client error '403 ' for url 'https://openapiproext.bnf.fr/iiif/presentation/v3/ark:/12148/bd6t59457b/manifest.json'
For more information check: https://developer.mozilla.org/en-US/docs/Web/HTTP/Status/403",2026-07-17T22:32:42.251308
franctireur,bd6t59458n,,failed,0,0,,http_manifest,known,403,manifest,"Client error '403 ' for url 'https://openapiproext.bnf.fr/iiif/presentation/v3/ark:/12148/bd6t59458n/manifest.json'
For more information check: https://developer.mozilla.org/en-US/docs/Web/HTTP/Status/403",2026-07-17T22:32:43.453910
franctireur,bd6t59459z,,failed,0,0,,http_manifest,known,403,manifest,"Client error '403 ' for url 'https://openapiproext.bnf.fr/iiif/presentation/v3/ark:/12148/bd6t59459z/manifest.json'
For more information check: https://developer.mozilla.org/en-US/docs/Web/HTTP/Status/403",2026-07-17T22:32:44.657256
franctireur,bd6t59460f,,failed,0,0,,http_manifest,known,403,manifest,"Client error '403 ' for url 'https://openapiproext.bnf.fr/iiif/presentation/v3/ark:/12148/bd6t59460f/manifest.json'
For more information check: https://developer.mozilla.org/en-US/docs/Web/HTTP/Status/403",2026-07-17T22:32:45.861021
franctireur,bd6t59461r,,failed,0,0,,http_manifest,known,403,manifest,"Client error '403 ' for url 'https://openapiproext.bnf.fr/iiif/presentation/v3/ark:/12148/bd6t59461r/manifest.json'
For more information check: https://developer.mozilla.org/en-US/docs/Web/HTTP/Status/403",2026-07-17T22:32:47.065250
franctireur,bd6t594622,,failed,0,0,,http_manifest,known,403,manifest,"Client error '403 ' for url 'https://openapiproext.bnf.fr/iiif/presentation/v3/ark:/12148/bd6t594622/manifest.json'
For more information check: https://developer.mozilla.org/en-US/docs/Web/HTTP/Status/403",2026-07-17T22:32:48.258197
franctireur,bd6t59463c,,failed,0,0,,http_manifest,known,403,manifest,"Client error '403 ' for url 'https://openapiproext.bnf.fr/iiif/presentation/v3/ark:/12148/bd6t59463c/manifest.json'
For more information check: https://developer.mozilla.org/en-US/docs/Web/HTTP/Status/403",2026-07-17T22:32:49.463332
franctireur,bd6t59464p,,failed,0,0,,http_manifest,known,403,manifest,"Client error '403 ' for url 'https://openapiproext.bnf.fr/iiif/presentation/v3/ark:/12148/bd6t59464p/manifest.json'
For more information check: https://developer.mozilla.org/en-US/docs/Web/HTTP/Status/403",2026-07-17T22:32:50.675684
franctireur,bd6t594650,,failed,0,0,,http_manifest,known,403,manifest,"Client error '403 ' for url 'https://openapiproext.bnf.fr/iiif/presentation/v3/ark:/12148/bd6t594650/manifest.json'
For more information check: https://developer.mozilla.org/en-US/docs/Web/HTTP/Status/403",2026-07-17T22:32:51.864828
franctireur,bd6t594669,,failed,0,0,,http_manifest,known,403,manifest,"Client error '403 ' for url 'https://openapiproext.bnf.fr/iiif/presentation/v3/ark:/12148/bd6t594669/manifest.json'
For more information check: https://developer.mozilla.org/en-US/docs/Web/HTTP/Status/403",2026-07-17T22:32:53.069648
franctireur,bd6t59467m,,failed,0,0,,http_manifest,known,403,manifest,"Client error '403 ' for url 'https://openapiproext.bnf.fr/iiif/presentation/v3/ark:/12148/bd6t59467m/manifest.json'
For more information check: https://developer.mozilla.org/en-US/docs/Web/HTTP/Status/403",2026-07-17T22:32:54.266894
franctireur,bd6t59468x,,failed,0,0,,http_manifest,known,403,manifest,"Client error '403 ' for url 'https://openapiproext.bnf.fr/iiif/presentation/v3/ark:/12148/bd6t59468x/manifest.json'
For more information check: https://developer.mozilla.org/en-US/docs/Web/HTTP/Status/403",2026-07-17T22:32:55.470365
franctireur,bd6t594697,,failed,0,0,,http_manifest,known,403,manifest,"Client error '403 ' for url 'https://openapiproext.bnf.fr/iiif/presentation/v3/ark:/12148/bd6t594697/manifest.json'
For more information check: https://developer.mozilla.org/en-US/docs/Web/HTTP/Status/403",2026-07-17T22:32:56.673486
franctireur,bd6t59470q,,failed,0,0,,http_manifest,known,403,manifest,"Client error '403 ' for url 'https://openapiproext.bnf.fr/iiif/presentation/v3/ark:/12148/bd6t59470q/manifest.json'
For more information check: https://developer.mozilla.org/en-US/docs/Web/HTTP/Status/403",2026-07-17T22:32:57.876126
franctireur,bd6t594711,,failed,0,0,,http_manifest,known,403,manifest,"Client error '403 ' for url 'https://openapiproext.bnf.fr/iiif/presentation/v3/ark:/12148/bd6t594711/manifest.json'
For more information check: https://developer.mozilla.org/en-US/docs/Web/HTTP/Status/403",2026-07-17T22:32:59.075643
franctireur,bd6t59472b,,failed,0,0,,http_manifest,known,403,manifest,"Client error '403 ' for url 'https://openapiproext.bnf.fr/iiif/presentation/v3/ark:/12148/bd6t59472b/manifest.json'
For more information check: https://developer.mozilla.org/en-US/docs/Web/HTTP/Status/403",2026-07-17T22:33:00.275964
franctireur,bd6t59473n,,failed,0,0,,http_manifest,known,403,manifest,"Client error '403 ' for url 'https://openapiproext.bnf.fr/iiif/presentation/v3/ark:/12148/bd6t59473n/manifest.json'
For more information check: https://developer.mozilla.org/en-US/docs/Web/HTTP/Status/403",2026-07-17T22:33:01.477262
franctireur,bd6t59474z,,failed,0,0,,http_manifest,known,403,manifest,"Client error '403 ' for url 'https://openapiproext.bnf.fr/iiif/presentation/v3/ark:/12148/bd6t59474z/manifest.json'
For more information check: https://developer.mozilla.org/en-US/docs/Web/HTTP/Status/403",2026-07-17T22:33:02.691200
franctireur,bd6t594758,,failed,0,0,,http_manifest,known,403,manifest,"Client error '403 ' for url 'https://openapiproext.bnf.fr/iiif/presentation/v3/ark:/12148/bd6t594758/manifest.json'
For more information check: https://developer.mozilla.org/en-US/docs/Web/HTTP/Status/403",2026-07-17T22:33:03.877721
franctireur,bd6t59476k,,failed,0,0,,http_manifest,known,403,manifest,"Client error '403 ' for url 'https://openapiproext.bnf.fr/iiif/presentation/v3/ark:/12148/bd6t59476k/manifest.json'
For more information check: https://developer.mozilla.org/en-US/docs/Web/HTTP/Status/403",2026-07-17T22:33:05.089573
franctireur,bd6t59477w,,failed,0,0,,http_manifest,known,403,manifest,"Client error '403 ' for url 'https://openapiproext.bnf.fr/iiif/presentation/v3/ark:/12148/bd6t59477w/manifest.json'
For more information check: https://developer.mozilla.org/en-US/docs/Web/HTTP/Status/403",2026-07-17T22:33:06.283549
franctireur,bd6t594786,,failed,0,0,,http_manifest,known,403,manifest,"Client error '403 ' for url 'https://openapiproext.bnf.fr/iiif/presentation/v3/ark:/12148/bd6t594786/manifest.json'
For more information check: https://developer.mozilla.org/en-US/docs/Web/HTTP/Status/403",2026-07-17T22:33:07.488839
franctireur,bd6t59479h,,failed,0,0,,http_manifest,known,403,manifest,"Client error '403 ' for url 'https://openapiproext.bnf.fr/iiif/presentation/v3/ark:/12148/bd6t59479h/manifest.json'
For more information check: https://developer.mozilla.org/en-US/docs/Web/HTTP/Status/403",2026-07-17T22:33:08.831879
franctireur,bd6t594800,,failed,0,0,,http_manifest,known,403,manifest,"Client error '403 ' for url 'https://openapiproext.bnf.fr/iiif/presentation/v3/ark:/12148/bd6t594800/manifest.json'
For more information check: https://developer.mozilla.org/en-US/docs/Web/HTTP/Status/403",2026-07-17T22:33:09.914110
franctireur,bd6t594819,,failed,0,0,,http_manifest,known,403,manifest,"Client error '403 ' for url 'https://openapiproext.bnf.fr/iiif/presentation/v3/ark:/12148/bd6t594819/manifest.json'
For more information check: https://developer.mozilla.org/en-US/docs/Web/HTTP/Status/403",2026-07-17T22:33:11.330752
franctireur,bd6t59482m,,failed,0,0,,http_manifest,known,403,manifest,"Client error '403 ' for url 'https://openapiproext.bnf.fr/iiif/presentation/v3/ark:/12148/bd6t59482m/manifest.json'
For more information check: https://developer.mozilla.org/en-US/docs/Web/HTTP/Status/403",2026-07-17T22:33:12.380062
franctireur,bd6t59483x,,failed,0,0,,http_manifest,known,403,manifest,"Client error '403 ' for url 'https://openapiproext.bnf.fr/iiif/presentation/v3/ark:/12148/bd6t59483x/manifest.json'
For more information check: https://developer.mozilla.org/en-US/docs/Web/HTTP/Status/403",2026-07-17T22:33:13.618308
franctireur,bd6t594847,,failed,0,0,,http_manifest,known,403,manifest,"Client error '403 ' for url 'https://openapiproext.bnf.fr/iiif/presentation/v3/ark:/12148/bd6t594847/manifest.json'
For more information check: https://developer.mozilla.org/en-US/docs/Web/HTTP/Status/403",2026-07-17T22:33:14.826143
franctireur,bd6t59485j,,failed,0,0,,http_manifest,known,403,manifest,"Client error '403 ' for url 'https://openapiproext.bnf.fr/iiif/presentation/v3/ark:/12148/bd6t59485j/manifest.json'
For more information check: https://developer.mozilla.org/en-US/docs/Web/HTTP/Status/403",2026-07-17T22:33:15.927815
franctireur,bd6t59486v,,failed,0,0,,http_manifest,known,403,manifest,"Client error '403 ' for url 'https://openapiproext.bnf.fr/iiif/presentation/v3/ark:/12148/bd6t59486v/manifest.json'
For more information check: https://developer.mozilla.org/en-US/docs/Web/HTTP/Status/403",2026-07-17T22:33:17.098256
franctireur,bd6t594875,,failed,0,0,,http_manifest,known,403,manifest,"Client error '403 ' for url 'https://openapiproext.bnf.fr/iiif/presentation/v3/ark:/12148/bd6t594875/manifest.json'
For more information check: https://developer.mozilla.org/en-US/docs/Web/HTTP/Status/403",2026-07-17T22:33:18.301918
franctireur,bd6t59488g,,failed,0,0,,http_manifest,known,403,manifest,"Client error '403 ' for url 'https://openapiproext.bnf.fr/iiif/presentation/v3/ark:/12148/bd6t59488g/manifest.json'
For more information check: https://developer.mozilla.org/en-US/docs/Web/HTTP/Status/403",2026-07-17T22:33:19.499394
franctireur,bd6t59489s,,failed,0,0,,http_manifest,known,403,manifest,"Client error '403 ' for url 'https://openapiproext.bnf.fr/iiif/presentation/v3/ark:/12148/bd6t59489s/manifest.json'
For more information check: https://developer.mozilla.org/en-US/docs/Web/HTTP/Status/403",2026-07-17T22:33:20.720612
franctireur,bd6t594908,,failed,0,0,,http_manifest,known,403,manifest,"Client error '403 ' for url 'https://openapiproext.bnf.fr/iiif/presentation/v3/ark:/12148/bd6t594908/manifest.json'
For more information check: https://developer.mozilla.org/en-US/docs/Web/HTTP/Status/403",2026-07-17T22:33:22.579184
franctireur,bd6t59491k,,failed,0,0,,http_manifest,known,403,manifest,"Client error '403 ' for url 'https://openapiproext.bnf.fr/iiif/presentation/v3/ark:/12148/bd6t59491k/manifest.json'
For more information check: https://developer.mozilla.org/en-US/docs/Web/HTTP/Status/403",2026-07-17T22:33:23.108188
franctireur,bd6t59492w,,failed,0,0,,http_manifest,known,403,manifest,"Client error '403 ' for url 'https://openapiproext.bnf.fr/iiif/presentation/v3/ark:/12148/bd6t59492w/manifest.json'
For more information check: https://developer.mozilla.org/en-US/docs/Web/HTTP/Status/403",2026-07-17T22:33:24.305348
franctireur,bd6t594936,,failed,0,0,,http_manifest,known,403,manifest,"Client error '403 ' for url 'https://openapiproext.bnf.fr/iiif/presentation/v3/ark:/12148/bd6t594936/manifest.json'
For more information check: https://developer.mozilla.org/en-US/docs/Web/HTTP/Status/403",2026-07-17T22:33:25.508277
franctireur,bd6t59494h,,failed,0,0,,http_manifest,known,403,manifest,"Client error '403 ' for url 'https://openapiproext.bnf.fr/iiif/presentation/v3/ark:/12148/bd6t59494h/manifest.json'
For more information check: https://developer.mozilla.org/en-US/docs/Web/HTTP/Status/403",2026-07-17T22:33:26.748150
franctireur,bd6t59495t,,failed,0,0,,http_manifest,known,403,manifest,"Client error '403 ' for url 'https://openapiproext.bnf.fr/iiif/presentation/v3/ark:/12148/bd6t59495t/manifest.json'
For more information check: https://developer.mozilla.org/en-US/docs/Web/HTTP/Status/403",2026-07-17T22:33:27.914237
franctireur,bd6t594964,,failed,0,0,,http_manifest,known,403,manifest,"Client error '403 ' for url 'https://openapiproext.bnf.fr/iiif/presentation/v3/ark:/12148/bd6t594964/manifest.json'
For more information check: https://developer.mozilla.org/en-US/docs/Web/HTTP/Status/403",2026-07-17T22:33:29.110395
franctireur,bd6t59497f,,failed,0,0,,http_manifest,known,403,manifest,"Client error '403 ' for url 'https://openapiproext.bnf.fr/iiif/presentation/v3/ark:/12148/bd6t59497f/manifest.json'
For more information check: https://developer.mozilla.org/en-US/docs/Web/HTTP/Status/403",2026-07-17T22:33:30.315718
franctireur,bd6t59498r,,failed,0,0,,http_manifest,known,403,manifest,"Client error '403 ' for url 'https://openapiproext.bnf.fr/iiif/presentation/v3/ark:/12148/bd6t59498r/manifest.json'
For more information check: https://developer.mozilla.org/en-US/docs/Web/HTTP/Status/403",2026-07-17T22:33:31.517912
franctireur,bd6t594992,,failed,0,0,,http_manifest,known,403,manifest,"Client error '403 ' for url 'https://openapiproext.bnf.fr/iiif/presentation/v3/ark:/12148/bd6t594992/manifest.json'
For more information check: https://developer.mozilla.org/en-US/docs/Web/HTTP/Status/403",2026-07-17T22:33:32.717921
franctireur,bd6t595001,,failed,0,0,,http_manifest,known,403,manifest,"Client error '403 ' for url 'https://openapiproext.bnf.fr/iiif/presentation/v3/ark:/12148/bd6t595001/manifest.json'
For more information check: https://developer.mozilla.org/en-US/docs/Web/HTTP/Status/403",2026-07-17T22:33:33.947250
franctireur,bd6t59501b,,failed,0,0,,http_manifest,known,403,manifest,"Client error '403 ' for url 'https://openapiproext.bnf.fr/iiif/presentation/v3/ark:/12148/bd6t59501b/manifest.json'
For more information check: https://developer.mozilla.org/en-US/docs/Web/HTTP/Status/403",2026-07-17T22:33:35.119182
franctireur,bd6t59502n,,failed,0,0,,http_manifest,known,403,manifest,"Client error '403 ' for url 'https://openapiproext.bnf.fr/iiif/presentation/v3/ark:/12148/bd6t59502n/manifest.json'
For more information check: https://developer.mozilla.org/en-US/docs/Web/HTTP/Status/403",2026-07-17T22:33:36.323915
franctireur,bd6t59503z,,failed,0,0,,http_manifest,known,403,manifest,"Client error '403 ' for url 'https://openapiproext.bnf.fr/iiif/presentation/v3/ark:/12148/bd6t59503z/manifest.json'
For more information check: https://developer.mozilla.org/en-US/docs/Web/HTTP/Status/403",2026-07-17T22:33:37.523119
franctireur,bd6t595048,,failed,0,0,,http_manifest,known,403,manifest,"Client error '403 ' for url 'https://openapiproext.bnf.fr/iiif/presentation/v3/ark:/12148/bd6t595048/manifest.json'
For more information check: https://developer.mozilla.org/en-US/docs/Web/HTTP/Status/403",2026-07-17T22:33:38.724352
franctireur,bd6t59505k,,failed,0,0,,http_manifest,known,403,manifest,"Client error '403 ' for url 'https://openapiproext.bnf.fr/iiif/presentation/v3/ark:/12148/bd6t59505k/manifest.json'
For more information check: https://developer.mozilla.org/en-US/docs/Web/HTTP/Status/403",2026-07-17T22:33:39.925233
franctireur,bd6t59506w,,failed,0,0,,http_manifest,known,403,manifest,"Client error '403 ' for url 'https://openapiproext.bnf.fr/iiif/presentation/v3/ark:/12148/bd6t59506w/manifest.json'
For more information check: https://developer.mozilla.org/en-US/docs/Web/HTTP/Status/403",2026-07-17T22:33:41.130336
franctireur,bd6t595076,,failed,0,0,,http_manifest,known,403,manifest,"Client error '403 ' for url 'https://openapiproext.bnf.fr/iiif/presentation/v3/ark:/12148/bd6t595076/manifest.json'
For more information check: https://developer.mozilla.org/en-US/docs/Web/HTTP/Status/403",2026-07-17T22:33:42.328431
franctireur,bd6t590417,,failed,0,0,,http_manifest,known,403,manifest,"Client error '403 ' for url 'https://openapiproext.bnf.fr/iiif/presentation/v3/ark:/12148/bd6t590417/manifest.json'
For more information check: https://developer.mozilla.org/en-US/docs/Web/HTTP/Status/403",2026-07-17T22:33:43.528846
franctireur,bd6t59042j,,failed,0,0,,http_manifest,known,403,manifest,"Client error '403 ' for url 'https://openapiproext.bnf.fr/iiif/presentation/v3/ark:/12148/bd6t59042j/manifest.json'
For more information check: https://developer.mozilla.org/en-US/docs/Web/HTTP/Status/403",2026-07-17T22:33:44.730127
franctireur,bd6t59043v,,failed,0,0,,http_manifest,known,403,manifest,"Client error '403 ' for url 'https://openapiproext.bnf.fr/iiif/presentation/v3/ark:/12148/bd6t59043v/manifest.json'
For more information check: https://developer.mozilla.org/en-US/docs/Web/HTTP/Status/403",2026-07-17T22:33:45.950342
franctireur,bd6t590445,,failed,0,0,,http_manifest,known,403,manifest,"Client error '403 ' for url 'https://openapiproext.bnf.fr/iiif/presentation/v3/ark:/12148/bd6t590445/manifest.json'
For more information check: https://developer.mozilla.org/en-US/docs/Web/HTTP/Status/403",2026-07-17T22:33:47.134288
franctireur,bd6t59045g,,failed,0,0,,http_manifest,known,403,manifest,"Client error '403 ' for url 'https://openapiproext.bnf.fr/iiif/presentation/v3/ark:/12148/bd6t59045g/manifest.json'
For more information check: https://developer.mozilla.org/en-US/docs/Web/HTTP/Status/403",2026-07-17T22:33:48.338294
franctireur,bd6t59046s,,failed,0,0,,http_manifest,known,403,manifest,"Client error '403 ' for url 'https://openapiproext.bnf.fr/iiif/presentation/v3/ark:/12148/bd6t59046s/manifest.json'
For more information check: https://developer.mozilla.org/en-US/docs/Web/HTTP/Status/403",2026-07-17T22:33:49.538952
franctireur,bd6t590473,,failed,0,0,,http_manifest,known,403,manifest,"Client error '403 ' for url 'https://openapiproext.bnf.fr/iiif/presentation/v3/ark:/12148/bd6t590473/manifest.json'
For more information check: https://developer.mozilla.org/en-US/docs/Web/HTTP/Status/403",2026-07-17T22:33:50.736501
franctireur,bd6t59048d,,failed,0,0,,http_manifest,known,403,manifest,"Client error '403 ' for url 'https://openapiproext.bnf.fr/iiif/presentation/v3/ark:/12148/bd6t59048d/manifest.json'
For more information check: https://developer.mozilla.org/en-US/docs/Web/HTTP/Status/403",2026-07-17T22:33:51.962236
franctireur,bd6t59049q,,failed,0,0,,http_manifest,known,403,manifest,"Client error '403 ' for url 'https://openapiproext.bnf.fr/iiif/presentation/v3/ark:/12148/bd6t59049q/manifest.json'
For more information check: https://developer.mozilla.org/en-US/docs/Web/HTTP/Status/403",2026-07-17T22:33:53.145361
franctireur,bd6t590506,,failed,0,0,,http_manifest,known,403,manifest,"Client error '403 ' for url 'https://openapiproext.bnf.fr/iiif/presentation/v3/ark:/12148/bd6t590506/manifest.json'
For more information check: https://developer.mozilla.org/en-US/docs/Web/HTTP/Status/403",2026-07-17T22:33:54.344629
franctireur,bd6t59051h,,failed,0,0,,http_manifest,known,403,manifest,"Client error '403 ' for url 'https://openapiproext.bnf.fr/iiif/presentation/v3/ark:/12148/bd6t59051h/manifest.json'
For more information check: https://developer.mozilla.org/en-US/docs/Web/HTTP/Status/403",2026-07-17T22:33:55.545462
franctireur,bd6t59052t,,failed,0,0,,http_manifest,known,403,manifest,"Client error '403 ' for url 'https://openapiproext.bnf.fr/iiif/presentation/v3/ark:/12148/bd6t59052t/manifest.json'
For more information check: https://developer.mozilla.org/en-US/docs/Web/HTTP/Status/403",2026-07-17T22:33:56.742408
franctireur,bd6t590534,,failed,0,0,,http_manifest,known,403,manifest,"Client error '403 ' for url 'https://openapiproext.bnf.fr/iiif/presentation/v3/ark:/12148/bd6t590534/manifest.json'
For more information check: https://developer.mozilla.org/en-US/docs/Web/HTTP/Status/403",2026-07-17T22:33:57.945737
franctireur,bd6t59054f,,failed,0,0,,http_manifest,known,403,manifest,"Client error '403 ' for url 'https://openapiproext.bnf.fr/iiif/presentation/v3/ark:/12148/bd6t59054f/manifest.json'
For more information check: https://developer.mozilla.org/en-US/docs/Web/HTTP/Status/403",2026-07-17T22:33:59.150249
franctireur,bd6t59055r,,failed,0,0,,http_manifest,known,403,manifest,"Client error '403 ' for url 'https://openapiproext.bnf.fr/iiif/presentation/v3/ark:/12148/bd6t59055r/manifest.json'
For more information check: https://developer.mozilla.org/en-US/docs/Web/HTTP/Status/403",2026-07-17T22:34:00.351660
franctireur,bd6t590562,,failed,0,0,,http_manifest,known,403,manifest,"Client error '403 ' for url 'https://openapiproext.bnf.fr/iiif/presentation/v3/ark:/12148/bd6t590562/manifest.json'
For more information check: https://developer.mozilla.org/en-US/docs/Web/HTTP/Status/403",2026-07-17T22:34:01.556373
franctireur,bd6t59057c,,failed,0,0,,http_manifest,known,403,manifest,"Client error '403 ' for url 'https://openapiproext.bnf.fr/iiif/presentation/v3/ark:/12148/bd6t59057c/manifest.json'
For more information check: https://developer.mozilla.org/en-US/docs/Web/HTTP/Status/403",2026-07-17T22:34:02.752386
franctireur,bd6t59058p,,failed,0,0,,http_manifest,known,403,manifest,"Client error '403 ' for url 'https://openapiproext.bnf.fr/iiif/presentation/v3/ark:/12148/bd6t59058p/manifest.json'
For more information check: https://developer.mozilla.org/en-US/docs/Web/HTTP/Status/403",2026-07-17T22:34:03.977711
franctireur,bd6t590590,,failed,0,0,,http_manifest,known,403,manifest,"Client error '403 ' for url 'https://openapiproext.bnf.fr/iiif/presentation/v3/ark:/12148/bd6t590590/manifest.json'
For more information check: https://developer.mozilla.org/en-US/docs/Web/HTTP/Status/403",2026-07-17T22:34:05.155962
franctireur,bd6t59060g,,failed,0,0,,http_manifest,known,403,manifest,"Client error '403 ' for url 'https://openapiproext.bnf.fr/iiif/presentation/v3/ark:/12148/bd6t59060g/manifest.json'
For more information check: https://developer.mozilla.org/en-US/docs/Web/HTTP/Status/403",2026-07-17T22:34:06.478707
franctireur,bd6t59061s,,failed,0,0,,http_manifest,known,403,manifest,"Client error '403 ' for url 'https://openapiproext.bnf.fr/iiif/presentation/v3/ark:/12148/bd6t59061s/manifest.json'
For more information check: https://developer.mozilla.org/en-US/docs/Web/HTTP/Status/403",2026-07-17T22:34:07.557502
franctireur,bd6t590623,,failed,0,0,,http_manifest,known,403,manifest,"Client error '403 ' for url 'https://openapiproext.bnf.fr/iiif/presentation/v3/ark:/12148/bd6t590623/manifest.json'
For more information check: https://developer.mozilla.org/en-US/docs/Web/HTTP/Status/403",2026-07-17T22:34:09.034280
franctireur,bd6t59063d,,failed,0,0,,http_manifest,known,403,manifest,"Client error '403 ' for url 'https://openapiproext.bnf.fr/iiif/presentation/v3/ark:/12148/bd6t59063d/manifest.json'
For more information check: https://developer.mozilla.org/en-US/docs/Web/HTTP/Status/403",2026-07-17T22:34:10.099531
franctireur,bd6t59064q,,failed,0,0,,http_manifest,known,403,manifest,"Client error '403 ' for url 'https://openapiproext.bnf.fr/iiif/presentation/v3/ark:/12148/bd6t59064q/manifest.json'
For more information check: https://developer.mozilla.org/en-US/docs/Web/HTTP/Status/403",2026-07-17T22:34:11.363968
franctireur,bd6t590651,,failed,0,0,,http_manifest,known,403,manifest,"Client error '403 ' for url 'https://openapiproext.bnf.fr/iiif/presentation/v3/ark:/12148/bd6t590651/manifest.json'
For more information check: https://developer.mozilla.org/en-US/docs/Web/HTTP/Status/403",2026-07-17T22:34:12.367921
franctireur,bd6t59066b,,failed,0,0,,http_manifest,known,403,manifest,"Client error '403 ' for url 'https://openapiproext.bnf.fr/iiif/presentation/v3/ark:/12148/bd6t59066b/manifest.json'
For more information check: https://developer.mozilla.org/en-US/docs/Web/HTTP/Status/403",2026-07-17T22:34:13.666993
franctireur,bd6t59067n,,failed,0,0,,http_manifest,known,403,manifest,"Client error '403 ' for url 'https://openapiproext.bnf.fr/iiif/presentation/v3/ark:/12148/bd6t59067n/manifest.json'
For more information check: https://developer.mozilla.org/en-US/docs/Web/HTTP/Status/403",2026-07-17T22:34:14.990490
franctireur,bd6t59068z,,failed,0,0,,http_manifest,known,403,manifest,"Client error '403 ' for url 'https://openapiproext.bnf.fr/iiif/presentation/v3/ark:/12148/bd6t59068z/manifest.json'
For more information check: https://developer.mozilla.org/en-US/docs/Web/HTTP/Status/403",2026-07-17T22:34:15.970478
franctireur,bd6t590698,,failed,0,0,,http_manifest,known,403,manifest,"Client error '403 ' for url 'https://openapiproext.bnf.fr/iiif/presentation/v3/ark:/12148/bd6t590698/manifest.json'
For more information check: https://developer.mozilla.org/en-US/docs/Web/HTTP/Status/403",2026-07-17T22:34:17.338679
franctireur,bd6t59070r,,failed,0,0,,http_manifest,known,403,manifest,"Client error '403 ' for url 'https://openapiproext.bnf.fr/iiif/presentation/v3/ark:/12148/bd6t59070r/manifest.json'
For more information check: https://developer.mozilla.org/en-US/docs/Web/HTTP/Status/403",2026-07-17T22:34:18.375269
franctireur,bd6t590712,,failed,0,0,,http_manifest,known,403,manifest,"Client error '403 ' for url 'https://openapiproext.bnf.fr/iiif/presentation/v3/ark:/12148/bd6t590712/manifest.json'
For more information check: https://developer.mozilla.org/en-US/docs/Web/HTTP/Status/403",2026-07-17T22:34:19.573605
franctireur,bd6t59072c,,failed,0,0,,http_manifest,known,403,manifest,"Client error '403 ' for url 'https://openapiproext.bnf.fr/iiif/presentation/v3/ark:/12148/bd6t59072c/manifest.json'
For more information check: https://developer.mozilla.org/en-US/docs/Web/HTTP/Status/403",2026-07-17T22:34:20.782546
franctireur,bd6t59073p,,failed,0,0,,http_manifest,known,403,manifest,"Client error '403 ' for url 'https://openapiproext.bnf.fr/iiif/presentation/v3/ark:/12148/bd6t59073p/manifest.json'
For more information check: https://developer.mozilla.org/en-US/docs/Web/HTTP/Status/403",2026-07-17T22:34:22.145464
franctireur,bd6t590740,,failed,0,0,,http_manifest,known,403,manifest,"Client error '403 ' for url 'https://openapiproext.bnf.fr/iiif/presentation/v3/ark:/12148/bd6t590740/manifest.json'
For more information check: https://developer.mozilla.org/en-US/docs/Web/HTTP/Status/403",2026-07-17T22:34:23.403112
franctireur,bd6t590759,,failed,0,0,,http_manifest,known,403,manifest,"Client error '403 ' for url 'https://openapiproext.bnf.fr/iiif/presentation/v3/ark:/12148/bd6t590759/manifest.json'
For more information check: https://developer.mozilla.org/en-US/docs/Web/HTTP/Status/403",2026-07-17T22:34:24.378829
franctireur,bd6t59076m,,failed,0,0,,http_manifest,known,403,manifest,"Client error '403 ' for url 'https://openapiproext.bnf.fr/iiif/presentation/v3/ark:/12148/bd6t59076m/manifest.json'
For more information check: https://developer.mozilla.org/en-US/docs/Web/HTTP/Status/403",2026-07-17T22:34:25.580532
franctireur,bd6t59077x,,failed,0,0,,http_manifest,known,403,manifest,"Client error '403 ' for url 'https://openapiproext.bnf.fr/iiif/presentation/v3/ark:/12148/bd6t59077x/manifest.json'
For more information check: https://developer.mozilla.org/en-US/docs/Web/HTTP/Status/403",2026-07-17T22:34:26.808173
franctireur,bd6t590787,,failed,0,0,,http_manifest,known,403,manifest,"Client error '403 ' for url 'https://openapiproext.bnf.fr/iiif/presentation/v3/ark:/12148/bd6t590787/manifest.json'
For more information check: https://developer.mozilla.org/en-US/docs/Web/HTTP/Status/403",2026-07-17T22:34:28.020537
franctireur,bd6t59079j,,failed,0,0,,http_manifest,known,403,manifest,"Client error '403 ' for url 'https://openapiproext.bnf.fr/iiif/presentation/v3/ark:/12148/bd6t59079j/manifest.json'
For more information check: https://developer.mozilla.org/en-US/docs/Web/HTTP/Status/403",2026-07-17T22:34:29.181262
franctireur,bd6t590801,,failed,0,0,,http_manifest,known,403,manifest,"Client error '403 ' for url 'https://openapiproext.bnf.fr/iiif/presentation/v3/ark:/12148/bd6t590801/manifest.json'
For more information check: https://developer.mozilla.org/en-US/docs/Web/HTTP/Status/403",2026-07-17T22:34:30.386912
franctireur,bd6t59081b,,failed,0,0,,http_manifest,known,403,manifest,"Client error '403 ' for url 'https://openapiproext.bnf.fr/iiif/presentation/v3/ark:/12148/bd6t59081b/manifest.json'
For more information check: https://developer.mozilla.org/en-US/docs/Web/HTTP/Status/403",2026-07-17T22:34:31.594270
franctireur,bd6t59082n,,failed,0,0,,http_manifest,known,403,manifest,"Client error '403 ' for url 'https://openapiproext.bnf.fr/iiif/presentation/v3/ark:/12148/bd6t59082n/manifest.json'
For more information check: https://developer.mozilla.org/en-US/docs/Web/HTTP/Status/403",2026-07-17T22:34:32.812392
franctireur,bd6t59083z,,failed,0,0,,http_manifest,known,403,manifest,"Client error '403 ' for url 'https://openapiproext.bnf.fr/iiif/presentation/v3/ark:/12148/bd6t59083z/manifest.json'
For more information check: https://developer.mozilla.org/en-US/docs/Web/HTTP/Status/403",2026-07-17T22:34:33.989377
franctireur,bd6t590848,,failed,0,0,,http_manifest,known,403,manifest,"Client error '403 ' for url 'https://openapiproext.bnf.fr/iiif/presentation/v3/ark:/12148/bd6t590848/manifest.json'
For more information check: https://developer.mozilla.org/en-US/docs/Web/HTTP/Status/403",2026-07-17T22:34:35.193951
franctireur,bd6t59085k,,failed,0,0,,http_manifest,known,403,manifest,"Client error '403 ' for url 'https://openapiproext.bnf.fr/iiif/presentation/v3/ark:/12148/bd6t59085k/manifest.json'
For more information check: https://developer.mozilla.org/en-US/docs/Web/HTTP/Status/403",2026-07-17T22:34:36.392309
franctireur,bd6t59086w,,failed,0,0,,http_manifest,known,403,manifest,"Client error '403 ' for url 'https://openapiproext.bnf.fr/iiif/presentation/v3/ark:/12148/bd6t59086w/manifest.json'
For more information check: https://developer.mozilla.org/en-US/docs/Web/HTTP/Status/403",2026-07-17T22:34:37.592542
franctireur,bd6t590876,,failed,0,0,,http_manifest,known,403,manifest,"Client error '403 ' for url 'https://openapiproext.bnf.fr/iiif/presentation/v3/ark:/12148/bd6t590876/manifest.json'
For more information check: https://developer.mozilla.org/en-US/docs/Web/HTTP/Status/403",2026-07-17T22:34:38.795735
franctireur,bd6t59088h,,failed,0,0,,http_manifest,known,403,manifest,"Client error '403 ' for url 'https://openapiproext.bnf.fr/iiif/presentation/v3/ark:/12148/bd6t59088h/manifest.json'
For more information check: https://developer.mozilla.org/en-US/docs/Web/HTTP/Status/403",2026-07-17T22:34:39.998173
franctireur,bd6t59089t,,failed,0,0,,http_manifest,known,403,manifest,"Client error '403 ' for url 'https://openapiproext.bnf.fr/iiif/presentation/v3/ark:/12148/bd6t59089t/manifest.json'
For more information check: https://developer.mozilla.org/en-US/docs/Web/HTTP/Status/403",2026-07-17T22:34:41.199411
franctireur,bd6t590909,,failed,0,0,,http_manifest,known,403,manifest,"Client error '403 ' for url 'https://openapiproext.bnf.fr/iiif/presentation/v3/ark:/12148/bd6t590909/manifest.json'
For more information check: https://developer.mozilla.org/en-US/docs/Web/HTTP/Status/403",2026-07-17T22:34:42.402226
franctireur,bd6t59091m,,failed,0,0,,http_manifest,known,403,manifest,"Client error '403 ' for url 'https://openapiproext.bnf.fr/iiif/presentation/v3/ark:/12148/bd6t59091m/manifest.json'
For more information check: https://developer.mozilla.org/en-US/docs/Web/HTTP/Status/403",2026-07-17T22:34:43.602354
franctireur,bd6t59092x,,failed,0,0,,http_manifest,known,403,manifest,"Client error '403 ' for url 'https://openapiproext.bnf.fr/iiif/presentation/v3/ark:/12148/bd6t59092x/manifest.json'
For more information check: https://developer.mozilla.org/en-US/docs/Web/HTTP/Status/403",2026-07-17T22:34:44.827824
franctireur,bd6t590937,,failed,0,0,,http_manifest,known,403,manifest,"Client error '403 ' for url 'https://openapiproext.bnf.fr/iiif/presentation/v3/ark:/12148/bd6t590937/manifest.json'
For more information check: https://developer.mozilla.org/en-US/docs/Web/HTTP/Status/403",2026-07-17T22:34:46.006458
franctireur,bd6t59094j,,failed,0,0,,http_manifest,known,403,manifest,"Client error '403 ' for url 'https://openapiproext.bnf.fr/iiif/presentation/v3/ark:/12148/bd6t59094j/manifest.json'
For more information check: https://developer.mozilla.org/en-US/docs/Web/HTTP/Status/403",2026-07-17T22:34:47.208021
franctireur,bd6t59095v,,failed,0,0,,http_manifest,known,403,manifest,"Client error '403 ' for url 'https://openapiproext.bnf.fr/iiif/presentation/v3/ark:/12148/bd6t59095v/manifest.json'
For more information check: https://developer.mozilla.org/en-US/docs/Web/HTTP/Status/403",2026-07-17T22:34:48.409924
franctireur,bd6t590965,,failed,0,0,,http_manifest,known,403,manifest,"Client error '403 ' for url 'https://openapiproext.bnf.fr/iiif/presentation/v3/ark:/12148/bd6t590965/manifest.json'
For more information check: https://developer.mozilla.org/en-US/docs/Web/HTTP/Status/403",2026-07-17T22:34:49.627884
franctireur,bd6t59097g,,failed,0,0,,http_manifest,known,403,manifest,"Client error '403 ' for url 'https://openapiproext.bnf.fr/iiif/presentation/v3/ark:/12148/bd6t59097g/manifest.json'
For more information check: https://developer.mozilla.org/en-US/docs/Web/HTTP/Status/403",2026-07-17T22:34:50.818224
franctireur,bd6t59098s,,failed,0,0,,http_manifest,known,403,manifest,"Client error '403 ' for url 'https://openapiproext.bnf.fr/iiif/presentation/v3/ark:/12148/bd6t59098s/manifest.json'
For more information check: https://developer.mozilla.org/en-US/docs/Web/HTTP/Status/403",2026-07-17T22:34:52.015906
franctireur,bd6t590993,,failed,0,0,,http_manifest,known,403,manifest,"Client error '403 ' for url 'https://openapiproext.bnf.fr/iiif/presentation/v3/ark:/12148/bd6t590993/manifest.json'
For more information check: https://developer.mozilla.org/en-US/docs/Web/HTTP/Status/403",2026-07-17T22:34:53.222867
franctireur,bd6t591002,,failed,0,0,,http_manifest,known,403,manifest,"Client error '403 ' for url 'https://openapiproext.bnf.fr/iiif/presentation/v3/ark:/12148/bd6t591002/manifest.json'
For more information check: https://developer.mozilla.org/en-US/docs/Web/HTTP/Status/403",2026-07-17T22:34:54.426259
franctireur,bd6t59101c,,failed,0,0,,http_manifest,known,403,manifest,"Client error '403 ' for url 'https://openapiproext.bnf.fr/iiif/presentation/v3/ark:/12148/bd6t59101c/manifest.json'
For more information check: https://developer.mozilla.org/en-US/docs/Web/HTTP/Status/403",2026-07-17T22:34:55.619880
franctireur,bd6t59102p,,failed,0,0,,http_manifest,known,403,manifest,"Client error '403 ' for url 'https://openapiproext.bnf.fr/iiif/presentation/v3/ark:/12148/bd6t59102p/manifest.json'
For more information check: https://developer.mozilla.org/en-US/docs/Web/HTTP/Status/403",2026-07-17T22:34:56.864713
franctireur,bd6t591030,,failed,0,0,,http_manifest,known,403,manifest,"Client error '403 ' for url 'https://openapiproext.bnf.fr/iiif/presentation/v3/ark:/12148/bd6t591030/manifest.json'
For more information check: https://developer.mozilla.org/en-US/docs/Web/HTTP/Status/403",2026-07-17T22:34:58.029366
franctireur,bd6t591049,,failed,0,0,,http_manifest,known,403,manifest,"Client error '403 ' for url 'https://openapiproext.bnf.fr/iiif/presentation/v3/ark:/12148/bd6t591049/manifest.json'
For more information check: https://developer.mozilla.org/en-US/docs/Web/HTTP/Status/403",2026-07-17T22:34:59.226724
franctireur,bd6t59105m,,failed,0,0,,http_manifest,known,403,manifest,"Client error '403 ' for url 'https://openapiproext.bnf.fr/iiif/presentation/v3/ark:/12148/bd6t59105m/manifest.json'
For more information check: https://developer.mozilla.org/en-US/docs/Web/HTTP/Status/403",2026-07-17T22:35:00.425697
franctireur,bd6t59106x,,failed,0,0,,http_manifest,known,403,manifest,"Client error '403 ' for url 'https://openapiproext.bnf.fr/iiif/presentation/v3/ark:/12148/bd6t59106x/manifest.json'
For more information check: https://developer.mozilla.org/en-US/docs/Web/HTTP/Status/403",2026-07-17T22:35:01.627023
grandechonord,bpt6k4756465f,,failed,0,0,,no_usable_pages,known,,,bpt6k4756465f: no usable pages in manifest.,2026-07-17T22:35:01.827956
grandechonord,bpt6k4756508r,,failed,0,0,,no_usable_pages,known,,,bpt6k4756508r: no usable pages in manifest.,2026-07-17T22:35:01.903794
grandechonord,bpt6k47566172,,failed,0,0,,no_usable_pages,known,,,bpt6k47566172: no usable pages in manifest.,2026-07-17T22:35:01.989315
grandechonord,bpt6k4765187z,,failed,0,0,,no_usable_pages,known,,,bpt6k4765187z: no usable pages in manifest.,2026-07-17T22:35:02.182587
grandechonord,bpt6k4145016j,,failed,0,0,,no_usable_pages,known,,,bpt6k4145016j: no usable pages in manifest.,2026-07-17T22:35:02.382409
lepays,bpt6k4654573g,,failed,0,0,,no_usable_pages,known,,,bpt6k4654573g: no usable pages in manifest.,2026-07-27T15:58:04.159500
lepays,bpt6k4654574w,,failed,0,0,,no_usable_pages,known,,,bpt6k4654574w: no usable pages in manifest.,2026-07-27T15:58:04.267453
lepays,bpt6k46545759,,failed,0,0,,no_usable_pages,known,,,bpt6k46545759: no usable pages in manifest.,2026-07-27T15:58:04.290265
lepays,bpt6k4654576q,,failed,0,0,,no_usable_pages,known,,,bpt6k4654576q: no usable pages in manifest.,2026-07-27T15:58:04.323756
lepays,bpt6k46545774,,failed,0,0,,no_usable_pages,known,,,bpt6k46545774: no usable pages in manifest.,2026-07-27T15:58:04.358126
lepays,bpt6k4654578j,,failed,0,0,,no_usable_pages,known,,,bpt6k4654578j: no usable pages in manifest.,2026-07-27T15:58:04.388379
lepays,bpt6k4654579z,,failed,0,0,,no_usable_pages,known,,,bpt6k4654579z: no usable pages in manifest.,2026-07-27T15:58:04.431300
lepays,bpt6k4654580m,,failed,0,0,,no_usable_pages,known,,,bpt6k4654580m: no usable pages in manifest.,2026-07-27T15:58:04.456987
lepays,bpt6k46545811,,failed,0,0,,no_usable_pages,known,,,bpt6k46545811: no usable pages in manifest.,2026-07-27T15:58:04.484666
lepays,bpt6k4654582f,,failed,0,0,,no_usable_pages,known,,,bpt6k4654582f: no usable pages in manifest.,2026-07-27T15:58:04.512339
lepays,bpt6k4654583v,,failed,0,0,,no_usable_pages,known,,,bpt6k4654583v: no usable pages in manifest.,2026-07-27T15:58:04.560383
lepays,bpt6k46545848,,failed,0,0,,no_usable_pages,known,,,bpt6k46545848: no usable pages in manifest.,2026-07-27T15:58:04.614633
lepays,bpt6k4654585p,,failed,0,0,,no_usable_pages,known,,,bpt6k4654585p: no usable pages in manifest.,2026-07-27T15:58:04.654714
lepays,bpt6k46545863,,failed,0,0,,no_usable_pages,known,,,bpt6k46545863: no usable pages in manifest.,2026-07-27T15:58:04.703883
lepays,bpt6k4654587h,,failed,0,0,,no_usable_pages,known,,,bpt6k4654587h: no usable pages in manifest.,2026-07-27T15:58:04.744265
lepays,bpt6k4654588x,,failed,0,0,,no_usable_pages,known,,,bpt6k4654588x: no usable pages in manifest.,2026-07-27T15:58:04.802476
lepays,bpt6k4654591d,,failed,0,0,,no_usable_pages,known,,,bpt6k4654591d: no usable pages in manifest.,2026-07-27T15:58:04.848518
lepays,bpt6k4654592t,,failed,0,0,,no_usable_pages,known,,,bpt6k4654592t: no usable pages in manifest.,2026-07-27T15:58:04.869934
lepays,bpt6k46545937,,failed,0,0,,no_usable_pages,known,,,bpt6k46545937: no usable pages in manifest.,2026-07-27T15:58:04.915887
lepays,bpt6k4651866f,,failed,0,0,,no_usable_pages,known,,,bpt6k4651866f: no usable pages in manifest.,2026-07-27T15:58:04.970100
lepays,bpt6k4651867v,,failed,0,0,,no_usable_pages,known,,,bpt6k4651867v: no usable pages in manifest.,2026-07-27T15:58:05.012474
lepays,bpt6k46518688,,failed,0,0,,no_usable_pages,known,,,bpt6k46518688: no usable pages in manifest.,2026-07-27T15:58:05.052739
lepays,bpt6k4651869p,,failed,0,0,,no_usable_pages,known,,,bpt6k4651869p: no usable pages in manifest.,2026-07-27T15:58:05.086013
lepays,bpt6k4651870b,,failed,0,0,,no_usable_pages,known,,,bpt6k4651870b: no usable pages in manifest.,2026-07-27T15:58:05.124945
lepays,bpt6k46518725,,failed,0,0,,no_usable_pages,known,,,bpt6k46518725: no usable pages in manifest.,2026-07-27T15:58:05.189883
lepays,bpt6k4651873k,,failed,0,0,,no_usable_pages,known,,,bpt6k4651873k: no usable pages in manifest.,2026-07-27T15:58:05.223096
lepays,bpt6k4651875d,,failed,0,0,,no_usable_pages,known,,,bpt6k4651875d: no usable pages in manifest.,2026-07-27T15:58:05.263598
lepays,bpt6k4651876t,,failed,0,0,,no_usable_pages,known,,,bpt6k4651876t: no usable pages in manifest.,2026-07-27T15:58:05.310083
lepays,bpt6k46518777,,failed,0,0,,no_usable_pages,known,,,bpt6k46518777: no usable pages in manifest.,2026-07-27T15:58:05.360624
lepays,bpt6k4651520d,,failed,0,0,,no_usable_pages,known,,,bpt6k4651520d: no usable pages in manifest.,2026-07-27T15:58:05.393327
lepays,bpt6k4651521t,,failed,0,0,,no_usable_pages,known,,,bpt6k4651521t: no usable pages in manifest.,2026-07-27T15:58:05.441507
lepays,bpt6k46515227,,failed,0,0,,no_usable_pages,known,,,bpt6k46515227: no usable pages in manifest.,2026-07-27T15:58:05.475691
lepays,bpt6k4651523n,,failed,0,0,,no_usable_pages,known,,,bpt6k4651523n: no usable pages in manifest.,2026-07-27T15:58:05.497484
lepays,bpt6k46515242,,failed,0,0,,no_usable_pages,known,,,bpt6k46515242: no usable pages in manifest.,2026-07-27T15:58:05.538528
lepays,bpt6k4651525g,,failed,0,0,,no_usable_pages,known,,,bpt6k4651525g: no usable pages in manifest.,2026-07-27T15:58:05.564612
lepays,bpt6k4651526w,,failed,0,0,,no_usable_pages,known,,,bpt6k4651526w: no usable pages in manifest.,2026-07-27T15:58:05.614284
lepays,bpt6k46515279,,failed,0,0,,no_usable_pages,known,,,bpt6k46515279: no usable pages in manifest.,2026-07-27T15:58:05.645383
lepays,bpt6k4651528q,,failed,0,0,,no_usable_pages,known,,,bpt6k4651528q: no usable pages in manifest.,2026-07-27T15:58:05.676720
lepays,bpt6k46515294,,failed,0,0,,no_usable_pages,known,,,bpt6k46515294: no usable pages in manifest.,2026-07-27T15:58:05.721543
lepays,bpt6k4651530s,,failed,0,0,,no_usable_pages,known,,,bpt6k4651530s: no usable pages in manifest.,2026-07-27T15:58:05.752184
lepays,bpt6k46508182,,failed,0,0,,no_usable_pages,known,,,bpt6k46508182: no usable pages in manifest.,2026-07-27T15:58:05.789805
lepays,bpt6k46508204,,failed,0,0,,no_usable_pages,known,,,bpt6k46508204: no usable pages in manifest.,2026-07-27T15:58:05.826240
lepays,bpt6k4650821j,,failed,0,0,,no_usable_pages,known,,,bpt6k4650821j: no usable pages in manifest.,2026-07-27T15:58:05.854953
lepays,bpt6k46508256,,failed,0,0,,no_usable_pages,known,,,bpt6k46508256: no usable pages in manifest.,2026-07-27T15:58:05.924722
lepays,bpt6k4650826m,,failed,0,0,,no_usable_pages,known,,,bpt6k4650826m: no usable pages in manifest.,2026-07-27T15:58:05.975350
lepays,bpt6k46508271,,failed,0,0,,no_usable_pages,known,,,bpt6k46508271: no usable pages in manifest.,2026-07-27T15:58:06.033058
lepays,bpt6k4650828f,,failed,0,0,,no_usable_pages,known,,,bpt6k4650828f: no usable pages in manifest.,2026-07-27T15:58:06.068518
lepays,bpt6k4650829v,,failed,0,0,,no_usable_pages,known,,,bpt6k4650829v: no usable pages in manifest.,2026-07-27T15:58:06.176288
lepays,bpt6k4650830h,,failed,0,0,,no_usable_pages,known,,,bpt6k4650830h: no usable pages in manifest.,2026-07-27T15:58:06.201667
lepays,bpt6k4650832b,,failed,0,0,,no_usable_pages,known,,,bpt6k4650832b: no usable pages in manifest.,2026-07-27T15:58:06.250278
lepays,bpt6k4650833r,,failed,0,0,,no_usable_pages,known,,,bpt6k4650833r: no usable pages in manifest.,2026-07-27T15:58:06.298573
lepays,bpt6k46508345,,failed,0,0,,no_usable_pages,known,,,bpt6k46508345: no usable pages in manifest.,2026-07-27T15:58:06.349642
lepays,bpt6k4650835k,,failed,0,0,,no_usable_pages,known,,,bpt6k4650835k: no usable pages in manifest.,2026-07-27T15:58:06.389205
lepays,bpt6k4650837d,,failed,0,0,,no_usable_pages,known,,,bpt6k4650837d: no usable pages in manifest.,2026-07-27T15:58:06.421429
lepays,bpt6k4650838t,,failed,0,0,,no_usable_pages,known,,,bpt6k4650838t: no usable pages in manifest.,2026-07-27T15:58:06.464146
lepays,bpt6k4650840w,,failed,0,0,,no_usable_pages,known,,,bpt6k4650840w: no usable pages in manifest.,2026-07-27T15:58:06.486349
lepays,bpt6k4650842q,,failed,0,0,,no_usable_pages,known,,,bpt6k4650842q: no usable pages in manifest.,2026-07-27T15:58:06.528987
lepays,bpt6k46508434,,failed,0,0,,no_usable_pages,known,,,bpt6k46508434: no usable pages in manifest.,2026-07-27T15:58:06.549440
lepays,bpt6k4650845z,,failed,0,0,,no_usable_pages,known,,,bpt6k4650845z: no usable pages in manifest.,2026-07-27T15:58:06.587294
lepays,bpt6k4650846c,,failed,0,0,,no_usable_pages,known,,,bpt6k4650846c: no usable pages in manifest.,2026-07-27T15:58:06.658558
lepays,bpt6k46508486,,failed,0,0,,no_usable_pages,known,,,bpt6k46508486: no usable pages in manifest.,2026-07-27T15:58:06.676665
lepays,bpt6k46550391,,failed,0,0,,no_usable_pages,known,,,bpt6k46550391: no usable pages in manifest.,2026-07-27T15:58:06.724550
lepays,bpt6k4655042h,,failed,0,0,,no_usable_pages,known,,,bpt6k4655042h: no usable pages in manifest.,2026-07-27T15:58:06.785990
lepays,bpt6k4655043x,,failed,0,0,,no_usable_pages,known,,,bpt6k4655043x: no usable pages in manifest.,2026-07-27T15:58:06.829479
lepays,bpt6k4655044b,,failed,0,0,,no_usable_pages,known,,,bpt6k4655044b: no usable pages in manifest.,2026-07-27T15:58:06.864017
lepays,bpt6k4655047k,,failed,0,0,,no_usable_pages,known,,,bpt6k4655047k: no usable pages in manifest.,2026-07-27T15:58:06.890010
lepays,bpt6k46550480,,failed,0,0,,no_usable_pages,known,,,bpt6k46550480: no usable pages in manifest.,2026-07-27T15:58:06.935431
lepays,bpt6k4655049d,,failed,0,0,,no_usable_pages,known,,,bpt6k4655049d: no usable pages in manifest.,2026-07-27T15:58:06.983522
lepays,bpt6k4655054q,,failed,0,0,,no_usable_pages,known,,,bpt6k4655054q: no usable pages in manifest.,2026-07-27T15:58:07.023385
lepays,bpt6k46550554,,failed,0,0,,no_usable_pages,known,,,bpt6k46550554: no usable pages in manifest.,2026-07-27T15:58:07.081213
lepays,bpt6k4655056j,,failed,0,0,,no_usable_pages,known,,,bpt6k4655056j: no usable pages in manifest.,2026-07-27T15:58:07.163943
lepays,bpt6k46534992,,failed,0,0,,no_usable_pages,known,,,bpt6k46534992: no usable pages in manifest.,2026-07-27T15:58:07.189406
lepays,bpt6k4653725s,,failed,0,0,,no_usable_pages,known,,,bpt6k4653725s: no usable pages in manifest.,2026-07-27T15:58:07.236867
lepays,bpt6k46537266,,failed,0,0,,no_usable_pages,known,,,bpt6k46537266: no usable pages in manifest.,2026-07-27T15:58:07.296899
lepays,bpt6k4653727m,,failed,0,0,,no_usable_pages,known,,,bpt6k4653727m: no usable pages in manifest.,2026-07-27T15:58:07.330407
lepays,bpt6k4653729f,,failed,0,0,,no_usable_pages,known,,,bpt6k4653729f: no usable pages in manifest.,2026-07-27T15:58:07.379624
lepays,bpt6k46537303,,failed,0,0,,no_usable_pages,known,,,bpt6k46537303: no usable pages in manifest.,2026-07-27T15:58:07.406926
lepays,bpt6k4653731h,,failed,0,0,,no_usable_pages,known,,,bpt6k4653731h: no usable pages in manifest.,2026-07-27T15:58:07.431481
lepays,bpt6k4653732x,,failed,0,0,,no_usable_pages,known,,,bpt6k4653732x: no usable pages in manifest.,2026-07-27T15:58:07.465428
lepays,bpt6k4653733b,,failed,0,0,,no_usable_pages,known,,,bpt6k4653733b: no usable pages in manifest.,2026-07-27T15:58:07.499983
lepays,bpt6k46537355,,failed,0,0,,no_usable_pages,known,,,bpt6k46537355: no usable pages in manifest.,2026-07-27T15:58:07.532791
lepays,bpt6k4653736k,,failed,0,0,,no_usable_pages,known,,,bpt6k4653736k: no usable pages in manifest.,2026-07-27T15:58:07.562003
lepays,bpt6k46537370,,failed,0,0,,no_usable_pages,known,,,bpt6k46537370: no usable pages in manifest.,2026-07-27T15:58:07.618248
lepays,bpt6k4653740g,,failed,0,0,,no_usable_pages,known,,,bpt6k4653740g: no usable pages in manifest.,2026-07-27T15:58:07.655311
lepays,bpt6k4653741w,,failed,0,0,,no_usable_pages,known,,,bpt6k4653741w: no usable pages in manifest.,2026-07-27T15:58:07.732872
lepays,bpt6k46537429,,failed,0,0,,no_usable_pages,known,,,bpt6k46537429: no usable pages in manifest.,2026-07-27T15:58:07.787672
lepays,bpt6k46537444,,failed,0,0,,no_usable_pages,known,,,bpt6k46537444: no usable pages in manifest.,2026-07-27T15:58:07.814524
lepays,bpt6k4653747c,,failed,0,0,,no_usable_pages,known,,,bpt6k4653747c: no usable pages in manifest.,2026-07-27T15:58:07.856353
lepays,bpt6k46558109,,failed,0,0,,no_usable_pages,known,,,bpt6k46558109: no usable pages in manifest.,2026-07-27T15:58:07.901873
lepays,bpt6k46527064,,failed,0,0,,no_usable_pages,known,,,bpt6k46527064: no usable pages in manifest.,2026-07-27T15:58:07.945210
lepays,bpt6k4652707j,,failed,0,0,,no_usable_pages,known,,,bpt6k4652707j: no usable pages in manifest.,2026-07-27T15:58:07.972679
lepays,bpt6k4652708z,,failed,0,0,,no_usable_pages,known,,,bpt6k4652708z: no usable pages in manifest.,2026-07-27T15:58:07.996381
lepays,bpt6k4652709c,,failed,0,0,,no_usable_pages,known,,,bpt6k4652709c: no usable pages in manifest.,2026-07-27T15:58:08.050891
lepays,bpt6k4652711f,,failed,0,0,,no_usable_pages,known,,,bpt6k4652711f: no usable pages in manifest.,2026-07-27T15:58:08.111068
lepays,bpt6k46527138,,failed,0,0,,no_usable_pages,known,,,bpt6k46527138: no usable pages in manifest.,2026-07-27T15:58:08.160130
lepays,bpt6k4652714p,,failed,0,0,,no_usable_pages,known,,,bpt6k4652714p: no usable pages in manifest.,2026-07-27T15:58:08.189443
lepays,bpt6k46527153,,failed,0,0,,no_usable_pages,known,,,bpt6k46527153: no usable pages in manifest.,2026-07-27T15:58:08.228613
lepays,bpt6k4652716h,,failed,0,0,,no_usable_pages,known,,,bpt6k4652716h: no usable pages in manifest.,2026-07-27T15:58:08.245325
lepays,bpt6k4652718b,,failed,0,0,,no_usable_pages,known,,,bpt6k4652718b: no usable pages in manifest.,2026-07-27T15:58:08.284998
lepays,bpt6k4652719r,,failed,0,0,,no_usable_pages,known,,,bpt6k4652719r: no usable pages in manifest.,2026-07-27T15:58:08.316435
lepays,bpt6k4652720d,,failed,0,0,,no_usable_pages,known,,,bpt6k4652720d: no usable pages in manifest.,2026-07-27T15:58:08.369449
lepays,bpt6k4652721t,,failed,0,0,,no_usable_pages,known,,,bpt6k4652721t: no usable pages in manifest.,2026-07-27T15:58:08.434113
lepays,bpt6k46527227,,failed,0,0,,no_usable_pages,known,,,bpt6k46527227: no usable pages in manifest.,2026-07-27T15:58:08.469817
lepays,bpt6k46527242,,failed,0,0,,no_usable_pages,known,,,bpt6k46527242: no usable pages in manifest.,2026-07-27T15:58:08.503128
lepays,bpt6k4652726w,,failed,0,0,,no_usable_pages,known,,,bpt6k4652726w: no usable pages in manifest.,2026-07-27T15:58:08.538824
lepays,bpt6k46527279,,failed,0,0,,no_usable_pages,known,,,bpt6k46527279: no usable pages in manifest.,2026-07-27T15:58:08.586476
lepays,bpt6k4652895g,,failed,0,0,,no_usable_pages,known,,,bpt6k4652895g: no usable pages in manifest.,2026-07-27T15:58:08.656043
lepays,bpt6k4652896w,,failed,0,0,,no_usable_pages,known,,,bpt6k4652896w: no usable pages in manifest.,2026-07-27T15:58:08.679596
lepays,bpt6k46528979,,failed,0,0,,no_usable_pages,known,,,bpt6k46528979: no usable pages in manifest.,2026-07-27T15:58:08.703553
lepays,bpt6k4652898q,,failed,0,0,,no_usable_pages,known,,,bpt6k4652898q: no usable pages in manifest.,2026-07-27T15:58:08.725266
lepays,bpt6k46528994,,failed,0,0,,no_usable_pages,known,,,bpt6k46528994: no usable pages in manifest.,2026-07-27T15:58:08.763517
lepays,bpt6k46529025,,failed,0,0,,no_usable_pages,known,,,bpt6k46529025: no usable pages in manifest.,2026-07-27T15:58:08.786503
lepays,bpt6k4652903k,,failed,0,0,,no_usable_pages,known,,,bpt6k4652903k: no usable pages in manifest.,2026-07-27T15:58:08.822756
lepays,bpt6k46529040,,failed,0,0,,no_usable_pages,known,,,bpt6k46529040: no usable pages in manifest.,2026-07-27T15:58:08.834862
lepays,bpt6k4652905d,,failed,0,0,,no_usable_pages,known,,,bpt6k4652905d: no usable pages in manifest.,2026-07-27T15:58:08.873616
lepays,bpt6k46529077,,failed,0,0,,no_usable_pages,known,,,bpt6k46529077: no usable pages in manifest.,2026-07-27T15:58:08.894130
lepays,bpt6k4652908n,,failed,0,0,,no_usable_pages,known,,,bpt6k4652908n: no usable pages in manifest.,2026-07-27T15:58:08.945080
lepays,bpt6k46529092,,failed,0,0,,no_usable_pages,known,,,bpt6k46529092: no usable pages in manifest.,2026-07-27T15:58:09.006635
lepays,bpt6k4652912j,,failed,0,0,,no_usable_pages,known,,,bpt6k4652912j: no usable pages in manifest.,2026-07-27T15:58:09.035614
lepays,bpt6k4652913z,,failed,0,0,,no_usable_pages,known,,,bpt6k4652913z: no usable pages in manifest.,2026-07-27T15:58:09.058587
lepays,bpt6k4652914c,,failed,0,0,,no_usable_pages,known,,,bpt6k4652914c: no usable pages in manifest.,2026-07-27T15:58:09.097140
lepays,bpt6k4652915s,,failed,0,0,,no_usable_pages,known,,,bpt6k4652915s: no usable pages in manifest.,2026-07-27T15:58:09.157210
lepays,bpt6k46529166,,failed,0,0,,no_usable_pages,known,,,bpt6k46529166: no usable pages in manifest.,2026-07-27T15:58:09.186401
lepays,bpt6k4656950g,,failed,0,0,,no_usable_pages,known,,,bpt6k4656950g: no usable pages in manifest.,2026-07-27T15:58:09.398506
lepays,bpt6k4656951w,,failed,0,0,,no_usable_pages,known,,,bpt6k4656951w: no usable pages in manifest.,2026-07-27T15:58:09.483740
lepays,bpt6k46569529,,failed,0,0,,no_usable_pages,known,,,bpt6k46569529: no usable pages in manifest.,2026-07-27T15:58:09.515183
lepays,bpt6k4656953q,,failed,0,0,,no_usable_pages,known,,,bpt6k4656953q: no usable pages in manifest.,2026-07-27T15:58:09.536207
lepays,bpt6k46569544,,failed,0,0,,no_usable_pages,known,,,bpt6k46569544: no usable pages in manifest.,2026-07-27T15:58:09.580553
lepays,bpt6k4656955j,,failed,0,0,,no_usable_pages,known,,,bpt6k4656955j: no usable pages in manifest.,2026-07-27T15:58:09.607769
lepays,bpt6k4656956z,,failed,0,0,,no_usable_pages,known,,,bpt6k4656956z: no usable pages in manifest.,2026-07-27T15:58:09.648990
lepays,bpt6k4656957c,,failed,0,0,,no_usable_pages,known,,,bpt6k4656957c: no usable pages in manifest.,2026-07-27T15:58:09.696860
lepays,bpt6k4656958s,,failed,0,0,,no_usable_pages,known,,,bpt6k4656958s: no usable pages in manifest.,2026-07-27T15:58:09.724752
lepays,bpt6k46569596,,failed,0,0,,no_usable_pages,known,,,bpt6k46569596: no usable pages in manifest.,2026-07-27T15:58:09.748202
lepays,bpt6k4656960v,,failed,0,0,,no_usable_pages,known,,,bpt6k4656960v: no usable pages in manifest.,2026-07-27T15:58:09.780629
lepays,bpt6k46569618,,failed,0,0,,no_usable_pages,known,,,bpt6k46569618: no usable pages in manifest.,2026-07-27T15:58:09.822103
lepays,bpt6k4656962p,,failed,0,0,,no_usable_pages,known,,,bpt6k4656962p: no usable pages in manifest.,2026-07-27T15:58:09.867340
lepays,bpt6k46569633,,failed,0,0,,no_usable_pages,known,,,bpt6k46569633: no usable pages in manifest.,2026-07-27T15:58:09.886418
lepays,bpt6k4656964h,,failed,0,0,,no_usable_pages,known,,,bpt6k4656964h: no usable pages in manifest.,2026-07-27T15:58:09.920259
lepays,bpt6k4656965x,,failed,0,0,,no_usable_pages,known,,,bpt6k4656965x: no usable pages in manifest.,2026-07-27T15:58:10.077154
lepays,bpt6k4656966b,,failed,0,0,,no_usable_pages,known,,,bpt6k4656966b: no usable pages in manifest.,2026-07-27T15:58:10.109761
lepays,bpt6k4656967r,,failed,0,0,,no_usable_pages,known,,,bpt6k4656967r: no usable pages in manifest.,2026-07-27T15:58:10.126832
lepays,bpt6k4656969k,,failed,0,0,,no_usable_pages,known,,,bpt6k4656969k: no usable pages in manifest.,2026-07-27T15:58:10.162721
lepays,bpt6k46569707,,failed,0,0,,no_usable_pages,known,,,bpt6k46569707: no usable pages in manifest.,2026-07-27T15:58:10.199140
lepays,bpt6k4656971n,,failed,0,0,,no_usable_pages,known,,,bpt6k4656971n: no usable pages in manifest.,2026-07-27T15:58:10.226712
lepays,bpt6k46569722,,failed,0,0,,no_usable_pages,known,,,bpt6k46569722: no usable pages in manifest.,2026-07-27T15:58:10.252684
lepays,bpt6k4656973g,,failed,0,0,,no_usable_pages,known,,,bpt6k4656973g: no usable pages in manifest.,2026-07-27T15:58:10.291071
lepays,bpt6k4656974w,,failed,0,0,,no_usable_pages,known,,,bpt6k4656974w: no usable pages in manifest.,2026-07-27T15:58:10.308982
lepays,bpt6k46569759,,failed,0,0,,no_usable_pages,known,,,bpt6k46569759: no usable pages in manifest.,2026-07-27T15:58:10.333278
lepays,bpt6k4656976q,,failed,0,0,,no_usable_pages,known,,,bpt6k4656976q: no usable pages in manifest.,2026-07-27T15:58:10.358479
lepays,bpt6k46569774,,failed,0,0,,no_usable_pages,known,,,bpt6k46569774: no usable pages in manifest.,2026-07-27T15:58:10.415553
lepays,bpt6k4656978j,,failed,0,0,,no_usable_pages,known,,,bpt6k4656978j: no usable pages in manifest.,2026-07-27T15:58:10.434200
lepays,bpt6k4656979z,,failed,0,0,,no_usable_pages,known,,,bpt6k4656979z: no usable pages in manifest.,2026-07-27T15:58:10.468362
lepays,bpt6k4656980m,,failed,0,0,,no_usable_pages,known,,,bpt6k4656980m: no usable pages in manifest.,2026-07-27T15:58:10.494379
lepays,bpt6k46569811,,failed,0,0,,no_usable_pages,known,,,bpt6k46569811: no usable pages in manifest.,2026-07-27T15:58:10.542089
lepays,bpt6k4656982f,,failed,0,0,,no_usable_pages,known,,,bpt6k4656982f: no usable pages in manifest.,2026-07-27T15:58:10.595740
lepays,bpt6k4656983v,,failed,0,0,,no_usable_pages,known,,,bpt6k4656983v: no usable pages in manifest.,2026-07-27T15:58:10.637477
lepays,bpt6k46569848,,failed,0,0,,no_usable_pages,known,,,bpt6k46569848: no usable pages in manifest.,2026-07-27T15:58:10.689106
lepays,bpt6k4656985p,,failed,0,0,,no_usable_pages,known,,,bpt6k4656985p: no usable pages in manifest.,2026-07-27T15:58:10.719240
lepays,bpt6k46569863,,failed,0,0,,no_usable_pages,known,,,bpt6k46569863: no usable pages in manifest.,2026-07-27T15:58:10.739839
lepays,bpt6k4656987h,,failed,0,0,,no_usable_pages,known,,,bpt6k4656987h: no usable pages in manifest.,2026-07-27T15:58:10.778855
lepays,bpt6k4656988x,,failed,0,0,,no_usable_pages,known,,,bpt6k4656988x: no usable pages in manifest.,2026-07-27T15:58:10.807345
lepays,bpt6k4656989b,,failed,0,0,,no_usable_pages,known,,,bpt6k4656989b: no usable pages in manifest.,2026-07-27T15:58:10.833073
lepays,bpt6k46569900,,failed,0,0,,no_usable_pages,known,,,bpt6k46569900: no usable pages in manifest.,2026-07-27T15:58:10.871542
lepays,bpt6k4656991d,,failed,0,0,,no_usable_pages,known,,,bpt6k4656991d: no usable pages in manifest.,2026-07-27T15:58:10.924335
lepays,bpt6k4656992t,,failed,0,0,,no_usable_pages,known,,,bpt6k4656992t: no usable pages in manifest.,2026-07-27T15:58:10.961031
lepays,bpt6k46569937,,failed,0,0,,no_usable_pages,known,,,bpt6k46569937: no usable pages in manifest.,2026-07-27T15:58:11.008136
lepays,bpt6k4656994n,,failed,0,0,,no_usable_pages,known,,,bpt6k4656994n: no usable pages in manifest.,2026-07-27T15:58:11.053492
lepays,bpt6k46569952,,failed,0,0,,no_usable_pages,known,,,bpt6k46569952: no usable pages in manifest.,2026-07-27T15:58:11.108579
lepays,bpt6k4656996g,,failed,0,0,,no_usable_pages,known,,,bpt6k4656996g: no usable pages in manifest.,2026-07-27T15:58:11.132597
lepays,bpt6k4656997w,,failed,0,0,,no_usable_pages,known,,,bpt6k4656997w: no usable pages in manifest.,2026-07-27T15:58:11.155339
lepays,bpt6k46569989,,failed,0,0,,no_usable_pages,known,,,bpt6k46569989: no usable pages in manifest.,2026-07-27T15:58:11.218444
lepays,bpt6k4656999q,,failed,0,0,,no_usable_pages,known,,,bpt6k4656999q: no usable pages in manifest.,2026-07-27T15:58:11.261990
lepays,bpt6k4657000s,,failed,0,0,,no_usable_pages,known,,,bpt6k4657000s: no usable pages in manifest.,2026-07-27T15:58:11.290589
lepays,bpt6k46570016,,failed,0,0,,no_usable_pages,known,,,bpt6k46570016: no usable pages in manifest.,2026-07-27T15:58:11.327463
lepays,bpt6k4657002m,,failed,0,0,,no_usable_pages,known,,,bpt6k4657002m: no usable pages in manifest.,2026-07-27T15:58:11.356452
lepays,bpt6k46570031,,failed,0,0,,no_usable_pages,known,,,bpt6k46570031: no usable pages in manifest.,2026-07-27T15:58:11.393242
lepays,bpt6k4657004f,,failed,0,0,,no_usable_pages,known,,,bpt6k4657004f: no usable pages in manifest.,2026-07-27T15:58:11.431739
lepays,bpt6k4657005v,,failed,0,0,,no_usable_pages,known,,,bpt6k4657005v: no usable pages in manifest.,2026-07-27T15:58:11.474410
lepays,bpt6k46570068,,failed,0,0,,no_usable_pages,known,,,bpt6k46570068: no usable pages in manifest.,2026-07-27T15:58:11.516784
lepays,bpt6k4657007p,,failed,0,0,,no_usable_pages,known,,,bpt6k4657007p: no usable pages in manifest.,2026-07-27T15:58:11.564080
lepays,bpt6k46570083,,failed,0,0,,no_usable_pages,known,,,bpt6k46570083: no usable pages in manifest.,2026-07-27T15:58:11.587475
lepays,bpt6k4657009h,,failed,0,0,,no_usable_pages,known,,,bpt6k4657009h: no usable pages in manifest.,2026-07-27T15:58:11.641687
lepays,bpt6k46570105,,failed,0,0,,no_usable_pages,known,,,bpt6k46570105: no usable pages in manifest.,2026-07-27T15:58:11.666554
lepays,bpt6k4657011k,,failed,0,0,,no_usable_pages,known,,,bpt6k4657011k: no usable pages in manifest.,2026-07-27T15:58:11.694204
lepays,bpt6k46570120,,failed,0,0,,no_usable_pages,known,,,bpt6k46570120: no usable pages in manifest.,2026-07-27T15:58:11.738618
lepays,bpt6k4657013d,,failed,0,0,,no_usable_pages,known,,,bpt6k4657013d: no usable pages in manifest.,2026-07-27T15:58:11.787936
lepays,bpt6k4657014t,,failed,0,0,,no_usable_pages,known,,,bpt6k4657014t: no usable pages in manifest.,2026-07-27T15:58:11.807912
lepays,bpt6k46570157,,failed,0,0,,no_usable_pages,known,,,bpt6k46570157: no usable pages in manifest.,2026-07-27T15:58:11.833719
lepays,bpt6k4657016n,,failed,0,0,,no_usable_pages,known,,,bpt6k4657016n: no usable pages in manifest.,2026-07-27T15:58:11.902579
lepays,bpt6k46570172,,failed,0,0,,no_usable_pages,known,,,bpt6k46570172: no usable pages in manifest.,2026-07-27T15:58:11.932261
lepays,bpt6k4657018g,,failed,0,0,,no_usable_pages,known,,,bpt6k4657018g: no usable pages in manifest.,2026-07-27T15:58:11.956673
lepays,bpt6k4657019w,,failed,0,0,,no_usable_pages,known,,,bpt6k4657019w: no usable pages in manifest.,2026-07-27T15:58:11.999265
lepays,bpt6k4657020j,,failed,0,0,,no_usable_pages,known,,,bpt6k4657020j: no usable pages in manifest.,2026-07-27T15:58:12.028370
lepays,bpt6k4657021z,,failed,0,0,,no_usable_pages,known,,,bpt6k4657021z: no usable pages in manifest.,2026-07-27T15:58:12.054929
lepays,bpt6k4657022c,,failed,0,0,,no_usable_pages,known,,,bpt6k4657022c: no usable pages in manifest.,2026-07-27T15:58:12.110787
lepays,bpt6k4657023s,,failed,0,0,,no_usable_pages,known,,,bpt6k4657023s: no usable pages in manifest.,2026-07-27T15:58:12.133082
lepays,bpt6k46570246,,failed,0,0,,no_usable_pages,known,,,bpt6k46570246: no usable pages in manifest.,2026-07-27T15:58:12.170278
lepays,bpt6k4657025m,,failed,0,0,,no_usable_pages,known,,,bpt6k4657025m: no usable pages in manifest.,2026-07-27T15:58:12.208450
lepays,bpt6k46570261,,failed,0,0,,no_usable_pages,known,,,bpt6k46570261: no usable pages in manifest.,2026-07-27T15:58:12.256732
lepays,bpt6k4657027f,,failed,0,0,,no_usable_pages,known,,,bpt6k4657027f: no usable pages in manifest.,2026-07-27T15:58:12.293850
lepays,bpt6k4657028v,,failed,0,0,,no_usable_pages,known,,,bpt6k4657028v: no usable pages in manifest.,2026-07-27T15:58:12.329385
lepays,bpt6k46570298,,failed,0,0,,no_usable_pages,known,,,bpt6k46570298: no usable pages in manifest.,2026-07-27T15:58:12.365947
lepays,bpt6k4657030x,,failed,0,0,,no_usable_pages,known,,,bpt6k4657030x: no usable pages in manifest.,2026-07-27T15:58:12.424977
lepays,bpt6k4657031b,,failed,0,0,,no_usable_pages,known,,,bpt6k4657031b: no usable pages in manifest.,2026-07-27T15:58:12.446342
lepays,bpt6k4657032r,,failed,0,0,,no_usable_pages,known,,,bpt6k4657032r: no usable pages in manifest.,2026-07-27T15:58:12.480482
lepays,bpt6k46570335,,failed,0,0,,no_usable_pages,known,,,bpt6k46570335: no usable pages in manifest.,2026-07-27T15:58:12.527655
lepays,bpt6k4657034k,,failed,0,0,,no_usable_pages,known,,,bpt6k4657034k: no usable pages in manifest.,2026-07-27T15:58:12.573576
lepays,bpt6k46570350,,failed,0,0,,no_usable_pages,known,,,bpt6k46570350: no usable pages in manifest.,2026-07-27T15:58:12.609151
lepays,bpt6k4657036d,,failed,0,0,,no_usable_pages,known,,,bpt6k4657036d: no usable pages in manifest.,2026-07-27T15:58:12.643857
lepays,bpt6k4657037t,,failed,0,0,,no_usable_pages,known,,,bpt6k4657037t: no usable pages in manifest.,2026-07-27T15:58:12.687326
lepays,bpt6k46570387,,failed,0,0,,no_usable_pages,known,,,bpt6k46570387: no usable pages in manifest.,2026-07-27T15:58:12.752951
lepays,bpt6k4657039n,,failed,0,0,,no_usable_pages,known,,,bpt6k4657039n: no usable pages in manifest.,2026-07-27T15:58:12.789655
lepays,bpt6k46570409,,failed,0,0,,no_usable_pages,known,,,bpt6k46570409: no usable pages in manifest.,2026-07-27T15:58:12.845339
lepays,bpt6k4657041q,,failed,0,0,,no_usable_pages,known,,,bpt6k4657041q: no usable pages in manifest.,2026-07-27T15:58:12.871110
lepays,bpt6k46570424,,failed,0,0,,no_usable_pages,known,,,bpt6k46570424: no usable pages in manifest.,2026-07-27T15:58:12.923311
lepays,bpt6k4657043j,,failed,0,0,,no_usable_pages,known,,,bpt6k4657043j: no usable pages in manifest.,2026-07-27T15:58:12.947438
lepays,bpt6k4657044z,,failed,0,0,,no_usable_pages,known,,,bpt6k4657044z: no usable pages in manifest.,2026-07-27T15:58:12.970728
lepays,bpt6k4657045c,,failed,0,0,,no_usable_pages,known,,,bpt6k4657045c: no usable pages in manifest.,2026-07-27T15:58:12.995442
lepays,bpt6k4657046s,,failed,0,0,,no_usable_pages,known,,,bpt6k4657046s: no usable pages in manifest.,2026-07-27T15:58:13.014690
lepays,bpt6k46570476,,failed,0,0,,no_usable_pages,known,,,bpt6k46570476: no usable pages in manifest.,2026-07-27T15:58:13.042505
lepays,bpt6k4657048m,,failed,0,0,,no_usable_pages,known,,,bpt6k4657048m: no usable pages in manifest.,2026-07-27T15:58:13.063645
lepays,bpt6k46570491,,failed,0,0,,no_usable_pages,known,,,bpt6k46570491: no usable pages in manifest.,2026-07-27T15:58:13.107237
lepays,bpt6k4657050p,,failed,0,0,,no_usable_pages,known,,,bpt6k4657050p: no usable pages in manifest.,2026-07-27T15:58:13.156250
lepays,bpt6k46570513,,failed,0,0,,no_usable_pages,known,,,bpt6k46570513: no usable pages in manifest.,2026-07-27T15:58:13.258641
lepays,bpt6k4657052h,,failed,0,0,,no_usable_pages,known,,,bpt6k4657052h: no usable pages in manifest.,2026-07-27T15:58:13.283306
lepays,bpt6k4657053x,,failed,0,0,,no_usable_pages,known,,,bpt6k4657053x: no usable pages in manifest.,2026-07-27T15:58:13.353487
lepays,bpt6k4657054b,,failed,0,0,,no_usable_pages,known,,,bpt6k4657054b: no usable pages in manifest.,2026-07-27T15:58:13.404178
lepays,bpt6k4657055r,,failed,0,0,,no_usable_pages,known,,,bpt6k4657055r: no usable pages in manifest.,2026-07-27T15:58:13.438692
lepays,bpt6k46570565,,failed,0,0,,no_usable_pages,known,,,bpt6k46570565: no usable pages in manifest.,2026-07-27T15:58:13.485487
lepays,bpt6k4657057k,,failed,0,0,,no_usable_pages,known,,,bpt6k4657057k: no usable pages in manifest.,2026-07-27T15:58:13.518243
lepays,bpt6k46570580,,failed,0,0,,no_usable_pages,known,,,bpt6k46570580: no usable pages in manifest.,2026-07-27T15:58:13.567959
lepays,bpt6k4657059d,,failed,0,0,,no_usable_pages,known,,,bpt6k4657059d: no usable pages in manifest.,2026-07-27T15:58:13.605583
lepays,bpt6k46570602,,failed,0,0,,no_usable_pages,known,,,bpt6k46570602: no usable pages in manifest.,2026-07-27T15:58:13.651246
lepays,bpt6k4657061g,,failed,0,0,,no_usable_pages,known,,,bpt6k4657061g: no usable pages in manifest.,2026-07-27T15:58:13.686800
lepays,bpt6k4657062w,,failed,0,0,,no_usable_pages,known,,,bpt6k4657062w: no usable pages in manifest.,2026-07-27T15:58:13.719208
lepays,bpt6k46570639,,failed,0,0,,no_usable_pages,known,,,bpt6k46570639: no usable pages in manifest.,2026-07-27T15:58:13.749610
lepays,bpt6k4657064q,,failed,0,0,,no_usable_pages,known,,,bpt6k4657064q: no usable pages in manifest.,2026-07-27T15:58:13.773874
lepays,bpt6k46570654,,failed,0,0,,no_usable_pages,known,,,bpt6k46570654: no usable pages in manifest.,2026-07-27T15:58:13.803572
lepays,bpt6k4657066j,,failed,0,0,,no_usable_pages,known,,,bpt6k4657066j: no usable pages in manifest.,2026-07-27T15:58:13.829355
lepays,bpt6k4657067z,,failed,0,0,,no_usable_pages,known,,,bpt6k4657067z: no usable pages in manifest.,2026-07-27T15:58:13.858660
lepays,bpt6k4657068c,,failed,0,0,,no_usable_pages,known,,,bpt6k4657068c: no usable pages in manifest.,2026-07-27T15:58:13.881987
lepays,bpt6k4657069s,,failed,0,0,,no_usable_pages,known,,,bpt6k4657069s: no usable pages in manifest.,2026-07-27T15:58:13.902470
lepays,bpt6k4657070f,,failed,0,0,,no_usable_pages,known,,,bpt6k4657070f: no usable pages in manifest.,2026-07-27T15:58:13.943293
lepays,bpt6k4657071v,,failed,0,0,,no_usable_pages,known,,,bpt6k4657071v: no usable pages in manifest.,2026-07-27T15:58:13.968350
lepays,bpt6k46570728,,failed,0,0,,no_usable_pages,known,,,bpt6k46570728: no usable pages in manifest.,2026-07-27T15:58:14.016064
lepays,bpt6k4657073p,,failed,0,0,,no_usable_pages,known,,,bpt6k4657073p: no usable pages in manifest.,2026-07-27T15:58:14.039905
lepays,bpt6k46570743,,failed,0,0,,no_usable_pages,known,,,bpt6k46570743: no usable pages in manifest.,2026-07-27T15:58:14.074658
lepays,bpt6k4657075h,,failed,0,0,,no_usable_pages,known,,,bpt6k4657075h: no usable pages in manifest.,2026-07-27T15:58:14.092389
lepays,bpt6k4657076x,,failed,0,0,,no_usable_pages,known,,,bpt6k4657076x: no usable pages in manifest.,2026-07-27T15:58:14.131963
lepays,bpt6k4657077b,,failed,0,0,,no_usable_pages,known,,,bpt6k4657077b: no usable pages in manifest.,2026-07-27T15:58:14.185570
lepays,bpt6k4657078r,,failed,0,0,,no_usable_pages,known,,,bpt6k4657078r: no usable pages in manifest.,2026-07-27T15:58:14.224715
lepays,bpt6k46570795,,failed,0,0,,no_usable_pages,known,,,bpt6k46570795: no usable pages in manifest.,2026-07-27T15:58:14.243759
lepays,bpt6k4657080t,,failed,0,0,,no_usable_pages,known,,,bpt6k4657080t: no usable pages in manifest.,2026-07-27T15:58:14.272436
lepays,bpt6k46570817,,failed,0,0,,no_usable_pages,known,,,bpt6k46570817: no usable pages in manifest.,2026-07-27T15:58:14.300315
lepays,bpt6k4657082n,,failed,0,0,,no_usable_pages,known,,,bpt6k4657082n: no usable pages in manifest.,2026-07-27T15:58:14.332366
lepays,bpt6k46570832,,failed,0,0,,no_usable_pages,known,,,bpt6k46570832: no usable pages in manifest.,2026-07-27T15:58:14.361190
lepays,bpt6k4657084g,,failed,0,0,,no_usable_pages,known,,,bpt6k4657084g: no usable pages in manifest.,2026-07-27T15:58:14.409261
lepays,bpt6k4657085w,,failed,0,0,,no_usable_pages,known,,,bpt6k4657085w: no usable pages in manifest.,2026-07-27T15:58:14.439543
lepays,bpt6k46570869,,failed,0,0,,no_usable_pages,known,,,bpt6k46570869: no usable pages in manifest.,2026-07-27T15:58:14.464489
lepays,bpt6k4657087q,,failed,0,0,,no_usable_pages,known,,,bpt6k4657087q: no usable pages in manifest.,2026-07-27T15:58:14.484624
lepays,bpt6k46570884,,failed,0,0,,no_usable_pages,known,,,bpt6k46570884: no usable pages in manifest.,2026-07-27T15:58:14.516109
lepays,bpt6k4657089j,,failed,0,0,,no_usable_pages,known,,,bpt6k4657089j: no usable pages in manifest.,2026-07-27T15:58:14.553765
lepays,bpt6k46570906,,failed,0,0,,no_usable_pages,known,,,bpt6k46570906: no usable pages in manifest.,2026-07-27T15:58:14.587470
lepays,bpt6k4657091m,,failed,0,0,,no_usable_pages,known,,,bpt6k4657091m: no usable pages in manifest.,2026-07-27T15:58:14.608767
lepays,bpt6k46570921,,failed,0,0,,no_usable_pages,known,,,bpt6k46570921: no usable pages in manifest.,2026-07-27T15:58:14.639413
lepays,bpt6k4657093f,,failed,0,0,,no_usable_pages,known,,,bpt6k4657093f: no usable pages in manifest.,2026-07-27T15:58:14.675778
lepays,bpt6k4657094v,,failed,0,0,,no_usable_pages,known,,,bpt6k4657094v: no usable pages in manifest.,2026-07-27T15:58:14.720319
lepays,bpt6k46570958,,failed,0,0,,no_usable_pages,known,,,bpt6k46570958: no usable pages in manifest.,2026-07-27T15:58:14.762450
lepays,bpt6k4657096p,,failed,0,0,,no_usable_pages,known,,,bpt6k4657096p: no usable pages in manifest.,2026-07-27T15:58:14.790011
lepays,bpt6k46570973,,failed,0,0,,no_usable_pages,known,,,bpt6k46570973: no usable pages in manifest.,2026-07-27T15:58:14.820717
lepays,bpt6k4657098h,,failed,0,0,,no_usable_pages,known,,,bpt6k4657098h: no usable pages in manifest.,2026-07-27T15:58:14.875118
lepays,bpt6k4657099x,,failed,0,0,,no_usable_pages,known,,,bpt6k4657099x: no usable pages in manifest.,2026-07-27T15:58:14.898357
lepays,bpt6k46571004,,failed,0,0,,no_usable_pages,known,,,bpt6k46571004: no usable pages in manifest.,2026-07-27T15:58:14.938328
lepays,bpt6k4657101j,,failed,0,0,,no_usable_pages,known,,,bpt6k4657101j: no usable pages in manifest.,2026-07-27T15:58:14.958691
lepays,bpt6k4657102z,,failed,0,0,,no_usable_pages,known,,,bpt6k4657102z: no usable pages in manifest.,2026-07-27T15:58:14.999652
lepays,bpt6k4657103c,,failed,0,0,,no_usable_pages,known,,,bpt6k4657103c: no usable pages in manifest.,2026-07-27T15:58:15.027738
lepays,bpt6k4657104s,,failed,0,0,,no_usable_pages,known,,,bpt6k4657104s: no usable pages in manifest.,2026-07-27T15:58:15.049583
lepays,bpt6k46571056,,failed,0,0,,no_usable_pages,known,,,bpt6k46571056: no usable pages in manifest.,2026-07-27T15:58:15.072301
lepays,bpt6k4657106m,,failed,0,0,,no_usable_pages,known,,,bpt6k4657106m: no usable pages in manifest.,2026-07-27T15:58:15.100257
lepays,bpt6k46571071,,failed,0,0,,no_usable_pages,known,,,bpt6k46571071: no usable pages in manifest.,2026-07-27T15:58:15.135197
lepays,bpt6k4657108f,,failed,0,0,,no_usable_pages,known,,,bpt6k4657108f: no usable pages in manifest.,2026-07-27T15:58:15.181276
lepays,bpt6k4657109v,,failed,0,0,,no_usable_pages,known,,,bpt6k4657109v: no usable pages in manifest.,2026-07-27T15:58:15.217413
lepays,bpt6k4657110h,,failed,0,0,,no_usable_pages,known,,,bpt6k4657110h: no usable pages in manifest.,2026-07-27T15:58:15.239450
lepays,bpt6k4657111x,,failed,0,0,,no_usable_pages,known,,,bpt6k4657111x: no usable pages in manifest.,2026-07-27T15:58:15.270547
lepays,bpt6k4657112b,,failed,0,0,,no_usable_pages,known,,,bpt6k4657112b: no usable pages in manifest.,2026-07-27T15:58:15.306959
lepetitjournal,bpt6k594046x,,failed,0,0,,no_usable_pages,known,,,bpt6k594046x: no usable pages in manifest.,2026-07-17T22:35:30.807987
lepetitjournal,bpt6k609447z,,failed,0,0,,no_usable_pages,known,,,bpt6k609447z: no usable pages in manifest.,2026-07-17T22:35:30.906571
lepetitjournal,bpt6k609448b,,failed,0,0,,no_usable_pages,known,,,bpt6k609448b: no usable pages in manifest.,2026-07-17T22:35:31.000302
lepetitjournal,bpt6k6097064,,failed,0,0,,no_usable_pages,known,,,bpt6k6097064: no usable pages in manifest.,2026-07-17T22:35:31.147766
lepetitjournal,bpt6k609795v,,failed,0,0,,no_usable_pages,known,,,bpt6k609795v: no usable pages in manifest.,2026-07-17T22:35:31.324217
lepetitjournal,bpt6k613163s,,failed,0,0,,no_usable_pages,known,,,bpt6k613163s: no usable pages in manifest.,2026-07-17T22:35:31.437314
lepetitjournal,bpt6k617687n,,failed,0,0,,no_usable_pages,known,,,bpt6k617687n: no usable pages in manifest.,2026-07-17T22:35:31.564340
lepetitjournal,bpt6k6176881,,failed,0,0,,no_usable_pages,known,,,bpt6k6176881: no usable pages in manifest.,2026-07-17T22:35:31.653064
lepetitjournal,bpt6k617689d,,failed,0,0,,no_usable_pages,known,,,bpt6k617689d: no usable pages in manifest.,2026-07-17T22:35:31.814645
lepetitjournal,bpt6k6211280,,failed,0,0,,no_usable_pages,known,,,bpt6k6211280: no usable pages in manifest.,2026-07-17T22:35:32.537948
lepetitjournal,bpt6k621129c,,failed,0,0,,no_usable_pages,known,,,bpt6k621129c: no usable pages in manifest.,2026-07-17T22:35:32.696296
lepetitjournal,bpt6k621131p,,failed,0,0,,no_usable_pages,known,,,bpt6k621131p: no usable pages in manifest.,2026-07-17T22:35:32.801180
lepetitjournal,bpt6k621134t,,failed,0,0,,no_usable_pages,known,,,bpt6k621134t: no usable pages in manifest.,2026-07-17T22:35:33.408528
lepetitjournal,bpt6k6211356,,failed,0,0,,no_usable_pages,known,,,bpt6k6211356: no usable pages in manifest.,2026-07-17T22:35:33.506776
lepetitjournal,bpt6k621136k,,failed,0,0,,no_usable_pages,known,,,bpt6k621136k: no usable pages in manifest.,2026-07-17T22:35:33.585021
lepetitjournal,bpt6k621137z,,failed,0,0,,no_usable_pages,known,,,bpt6k621137z: no usable pages in manifest.,2026-07-17T22:35:33.683226
lepetitjournal,bpt6k621138b,,failed,0,0,,no_usable_pages,known,,,bpt6k621138b: no usable pages in manifest.,2026-07-17T22:35:33.777630
lepetitjournal,bpt6k621139q,,failed,0,0,,no_usable_pages,known,,,bpt6k621139q: no usable pages in manifest.,2026-07-17T22:35:33.884732
lepetitjournal,bpt6k621140n,,failed,0,0,,no_usable_pages,known,,,bpt6k621140n: no usable pages in manifest.,2026-07-17T22:35:34.029778
lepetitjournal,bpt6k6211411,,failed,0,0,,no_usable_pages,known,,,bpt6k6211411: no usable pages in manifest.,2026-07-17T22:35:34.226773
lepetitjournal,bpt6k621142d,,failed,0,0,,no_usable_pages,known,,,bpt6k621142d: no usable pages in manifest.,2026-07-17T22:35:34.392391
lepetitjournal,bpt6k621143s,,failed,0,0,,no_usable_pages,known,,,bpt6k621143s: no usable pages in manifest.,2026-07-17T22:35:34.464571
lepetitjournal,bpt6k621145j,,failed,0,0,,no_usable_pages,known,,,bpt6k621145j: no usable pages in manifest.,2026-07-17T22:35:34.823609
lepetitjournal,bpt6k621146x,,failed,0,0,,no_usable_pages,known,,,bpt6k621146x: no usable pages in manifest.,2026-07-17T22:35:34.940810
lepetitjournal,bpt6k6211479,,failed,0,0,,no_usable_pages,known,,,bpt6k6211479: no usable pages in manifest.,2026-07-17T22:35:35.106148
lepetitjournal,bpt6k6218463,,failed,0,0,,no_usable_pages,known,,,bpt6k6218463: no usable pages in manifest.,2026-07-17T22:35:35.590549
lepetitjournal,bpt6k621847g,,failed,0,0,,no_usable_pages,known,,,bpt6k621847g: no usable pages in manifest.,2026-07-17T22:35:35.726563
lepetitjournal,bpt6k621848v,,failed,0,0,,no_usable_pages,known,,,bpt6k621848v: no usable pages in manifest.,2026-07-17T22:35:35.820103
lepetitjournal,bpt6k6218497,,failed,0,0,,no_usable_pages,known,,,bpt6k6218497: no usable pages in manifest.,2026-07-17T22:35:35.933493
lepetitjournal,bpt6k621851j,,failed,0,0,,no_usable_pages,known,,,bpt6k621851j: no usable pages in manifest.,2026-07-17T22:35:36.258455
lepetitjournal,bpt6k621852x,,failed,0,0,,no_usable_pages,known,,,bpt6k621852x: no usable pages in manifest.,2026-07-17T22:35:36.353658
lepetitjournal,bpt6k6218539,,failed,0,0,,no_usable_pages,known,,,bpt6k6218539: no usable pages in manifest.,2026-07-17T22:35:36.494567
lepetitjournal,bpt6k621854p,,failed,0,0,,no_usable_pages,known,,,bpt6k621854p: no usable pages in manifest.,2026-07-17T22:35:36.591364
lepetitjournal,bpt6k6218552,,failed,0,0,,no_usable_pages,known,,,bpt6k6218552: no usable pages in manifest.,2026-07-17T22:35:36.708321
lepetitjournal,bpt6k621856f,,failed,0,0,,no_usable_pages,known,,,bpt6k621856f: no usable pages in manifest.,2026-07-17T22:35:36.799836
lepetitjournal,bpt6k621857t,,failed,0,0,,no_usable_pages,known,,,bpt6k621857t: no usable pages in manifest.,2026-07-17T22:35:36.882936
lepetitjournal,bpt6k6218586,,failed,0,0,,no_usable_pages,known,,,bpt6k6218586: no usable pages in manifest.,2026-07-17T22:35:36.980476
lepetitjournal,bpt6k621859k,,failed,0,0,,no_usable_pages,known,,,bpt6k621859k: no usable pages in manifest.,2026-07-17T22:35:37.067169
lepetitjournal,bpt6k621860h,,failed,0,0,,no_usable_pages,known,,,bpt6k621860h: no usable pages in manifest.,2026-07-17T22:35:37.185094
lepetitjournal,bpt6k621861w,,failed,0,0,,no_usable_pages,known,,,bpt6k621861w: no usable pages in manifest.,2026-07-17T22:35:37.289308
lepetitjournal,bpt6k6218628,,failed,0,0,,no_usable_pages,known,,,bpt6k6218628: no usable pages in manifest.,2026-07-17T22:35:37.393145
lepetitjournal,bpt6k621863n,,failed,0,0,,no_usable_pages,known,,,bpt6k621863n: no usable pages in manifest.,2026-07-17T22:35:37.476693
lepetitjournal,bpt6k6218641,,failed,0,0,,no_usable_pages,known,,,bpt6k6218641: no usable pages in manifest.,2026-07-17T22:35:37.562589
lepetitjournal,bpt6k621865d,,failed,0,0,,no_usable_pages,known,,,bpt6k621865d: no usable pages in manifest.,2026-07-17T22:35:37.691824
lepetitjournal,bpt6k621866s,,failed,0,0,,no_usable_pages,known,,,bpt6k621866s: no usable pages in manifest.,2026-07-17T22:35:37.796935
lepetitjournal,bpt6k6218675,,failed,0,0,,no_usable_pages,known,,,bpt6k6218675: no usable pages in manifest.,2026-07-17T22:35:37.923470
lepetitjournal,bpt6k621868j,,failed,0,0,,no_usable_pages,known,,,bpt6k621868j: no usable pages in manifest.,2026-07-17T22:35:38.013974
lepetitjournal,bpt6k621869x,,failed,0,0,,no_usable_pages,known,,,bpt6k621869x: no usable pages in manifest.,2026-07-17T22:35:38.149759
lepetitjournal,bpt6k621870v,,failed,0,0,,no_usable_pages,known,,,bpt6k621870v: no usable pages in manifest.,2026-07-17T22:35:38.269680
lepetitjournal,bpt6k622193s,,failed,0,0,,no_usable_pages,known,,,bpt6k622193s: no usable pages in manifest.,2026-07-17T22:35:38.375831
lepetitjournal,bpt6k622595s,,failed,0,0,,no_usable_pages,known,,,bpt6k622595s: no usable pages in manifest.,2026-07-17T22:35:38.813516
lepetitjournal,bpt6k6225965,,failed,0,0,,no_usable_pages,known,,,bpt6k6225965: no usable pages in manifest.,2026-07-17T22:35:38.932658
lepetitjournal,bpt6k622597j,,failed,0,0,,no_usable_pages,known,,,bpt6k622597j: no usable pages in manifest.,2026-07-17T22:35:39.015038
lepetitjournal,bpt6k6225999,,failed,0,0,,no_usable_pages,known,,,bpt6k6225999: no usable pages in manifest.,2026-07-17T22:35:39.291627
lepetitjournal,bpt6k6226003,,failed,0,0,,no_usable_pages,known,,,bpt6k6226003: no usable pages in manifest.,2026-07-17T22:35:39.397639
lepetitjournal,bpt6k622601g,,failed,0,0,,no_usable_pages,known,,,bpt6k622601g: no usable pages in manifest.,2026-07-17T22:35:39.502836
lepetitjournal,bpt6k622602v,,failed,0,0,,no_usable_pages,known,,,bpt6k622602v: no usable pages in manifest.,2026-07-17T22:35:39.588896
lepetitjournal,bpt6k6226037,,failed,0,0,,no_usable_pages,known,,,bpt6k6226037: no usable pages in manifest.,2026-07-17T22:35:39.719706
lepetitjournal,bpt6k622604m,,failed,0,0,,no_usable_pages,known,,,bpt6k622604m: no usable pages in manifest.,2026-07-17T22:35:39.804321
lepetitjournal,bpt6k6226050,,failed,0,0,,no_usable_pages,known,,,bpt6k6226050: no usable pages in manifest.,2026-07-17T22:35:39.920199
lepetitjournal,bpt6k622606c,,failed,0,0,,no_usable_pages,known,,,bpt6k622606c: no usable pages in manifest.,2026-07-17T22:35:39.999352
lepetitjournal,bpt6k622607r,,failed,0,0,,no_usable_pages,known,,,bpt6k622607r: no usable pages in manifest.,2026-07-17T22:35:40.095401
lepetitjournal,bpt6k6226084,,failed,0,0,,no_usable_pages,known,,,bpt6k6226084: no usable pages in manifest.,2026-07-17T22:35:40.206197
lepetitjournal,bpt6k622609h,,failed,0,0,,no_usable_pages,known,,,bpt6k622609h: no usable pages in manifest.,2026-07-17T22:35:40.319881
lepetitjournal,bpt6k622610f,,failed,0,0,,no_usable_pages,known,,,bpt6k622610f: no usable pages in manifest.,2026-07-17T22:35:40.437730
lepetitjournal,bpt6k622611t,,failed,0,0,,no_usable_pages,known,,,bpt6k622611t: no usable pages in manifest.,2026-07-17T22:35:40.507048
lepetitjournal,bpt6k6226126,,failed,0,0,,no_usable_pages,known,,,bpt6k6226126: no usable pages in manifest.,2026-07-17T22:35:40.599642
lepetitjournal,bpt6k622613k,,failed,0,0,,no_usable_pages,known,,,bpt6k622613k: no usable pages in manifest.,2026-07-17T22:35:40.747401
lepetitjournal,bpt6k622614z,,failed,0,0,,no_usable_pages,known,,,bpt6k622614z: no usable pages in manifest.,2026-07-17T22:35:40.840539
lepetitjournal,bpt6k622615b,,failed,0,0,,no_usable_pages,known,,,bpt6k622615b: no usable pages in manifest.,2026-07-17T22:35:40.934634
lepetitjournal,bpt6k6226173,,failed,0,0,,no_usable_pages,known,,,bpt6k6226173: no usable pages in manifest.,2026-07-17T22:35:41.362714
lepetitjournal,bpt6k622618g,,failed,0,0,,no_usable_pages,known,,,bpt6k622618g: no usable pages in manifest.,2026-07-17T22:35:41.487463
lepetitjournal,bpt6k622619v,,failed,0,0,,no_usable_pages,known,,,bpt6k622619v: no usable pages in manifest.,2026-07-17T22:35:41.698669
lepetitjournal,bpt6k623310s,,failed,0,0,,no_usable_pages,known,,,bpt6k623310s: no usable pages in manifest.,2026-07-17T22:35:42.947970
lepetitjournal,bpt6k6233115,,failed,0,0,,no_usable_pages,known,,,bpt6k6233115: no usable pages in manifest.,2026-07-17T22:35:43.080020
lepetitjournal,bpt6k623312j,,failed,0,0,,no_usable_pages,known,,,bpt6k623312j: no usable pages in manifest.,2026-07-17T22:35:43.164110
lepetitjournal,bpt6k623313x,,failed,0,0,,no_usable_pages,known,,,bpt6k623313x: no usable pages in manifest.,2026-07-17T22:35:43.268876
lepetitjournal,bpt6k6233149,,failed,0,0,,no_usable_pages,known,,,bpt6k6233149: no usable pages in manifest.,2026-07-17T22:35:43.369051
lepetitjournal,bpt6k623315p,,failed,0,0,,no_usable_pages,known,,,bpt6k623315p: no usable pages in manifest.,2026-07-17T22:35:43.494058
lepetitjournal,bpt6k6233162,,failed,0,0,,no_usable_pages,known,,,bpt6k6233162: no usable pages in manifest.,2026-07-17T22:35:43.697246
lepetitjournal,bpt6k623317f,,failed,0,0,,no_usable_pages,known,,,bpt6k623317f: no usable pages in manifest.,2026-07-17T22:35:43.835030
lepetitjournal,bpt6k623318t,,failed,0,0,,no_usable_pages,known,,,bpt6k623318t: no usable pages in manifest.,2026-07-17T22:35:43.980181
lepetitjournal,bpt6k6233196,,failed,0,0,,no_usable_pages,known,,,bpt6k6233196: no usable pages in manifest.,2026-07-17T22:35:44.091539
lepetitjournal,bpt6k6233204,,failed,0,0,,no_usable_pages,known,,,bpt6k6233204: no usable pages in manifest.,2026-07-17T22:35:44.203642
lepetitjournal,bpt6k623321h,,failed,0,0,,no_usable_pages,known,,,bpt6k623321h: no usable pages in manifest.,2026-07-17T22:35:44.321704
lepetitjournal,bpt6k623322w,,failed,0,0,,no_usable_pages,known,,,bpt6k623322w: no usable pages in manifest.,2026-07-17T22:35:44.428954
lepetitjournal,bpt6k6233238,,failed,0,0,,no_usable_pages,known,,,bpt6k6233238: no usable pages in manifest.,2026-07-17T22:35:44.518612
lepetitjournal,bpt6k6284174,,failed,0,0,,no_usable_pages,known,,,bpt6k6284174: no usable pages in manifest.,2026-07-17T22:35:50.070906
lepetitjournal,bpt6k628418h,,failed,0,0,,no_usable_pages,known,,,bpt6k628418h: no usable pages in manifest.,2026-07-17T22:35:50.152695
lepetitjournal,bpt6k628776r,,failed,0,0,,no_usable_pages,known,,,bpt6k628776r: no usable pages in manifest.,2026-07-17T22:35:50.874948
lepetitjournal,bpt6k6287774,,failed,0,0,,no_usable_pages,known,,,bpt6k6287774: no usable pages in manifest.,2026-07-17T22:35:51.024858
lepetitjournal,bpt6k628778h,,failed,0,0,,no_usable_pages,known,,,bpt6k628778h: no usable pages in manifest.,2026-07-17T22:35:51.131988
lepetitjournal,bpt6k628779w,,failed,0,0,,no_usable_pages,known,,,bpt6k628779w: no usable pages in manifest.,2026-07-17T22:35:51.235573
lepetitjournal,bpt6k628780t,,failed,0,0,,no_usable_pages,known,,,bpt6k628780t: no usable pages in manifest.,2026-07-17T22:35:51.348813
lepetitjournal,bpt6k6287816,,failed,0,0,,no_usable_pages,known,,,bpt6k6287816: no usable pages in manifest.,2026-07-17T22:35:51.448637
lepetitjournal,bpt6k628783z,,failed,0,0,,no_usable_pages,known,,,bpt6k628783z: no usable pages in manifest.,2026-07-17T22:35:51.907560
lepetitjournal,bpt6k628785q,,failed,0,0,,no_usable_pages,known,,,bpt6k628785q: no usable pages in manifest.,2026-07-17T22:35:52.485366
lepetitjournal,bpt6k6287863,,failed,0,0,,no_usable_pages,known,,,bpt6k6287863: no usable pages in manifest.,2026-07-17T22:35:52.622521
lepetitjournal,bpt6k628787g,,failed,0,0,,no_usable_pages,known,,,bpt6k628787g: no usable pages in manifest.,2026-07-17T22:35:52.719502
lepetitjournal,bpt6k628788v,,failed,0,0,,no_usable_pages,known,,,bpt6k628788v: no usable pages in manifest.,2026-07-17T22:35:52.880453
lepetitjournal,bpt6k6287897,,failed,0,0,,no_usable_pages,known,,,bpt6k6287897: no usable pages in manifest.,2026-07-17T22:35:52.987487
lepetitjournal,bpt6k6287905,,failed,0,0,,no_usable_pages,known,,,bpt6k6287905: no usable pages in manifest.,2026-07-17T22:35:53.150859
lepetitjournal,bpt6k628791j,,failed,0,0,,no_usable_pages,known,,,bpt6k628791j: no usable pages in manifest.,2026-07-17T22:35:53.281310
lepetitjournal,bpt6k628792x,,failed,0,0,,no_usable_pages,known,,,bpt6k628792x: no usable pages in manifest.,2026-07-17T22:35:53.407228
lepetitjournal,bpt6k6287939,,failed,0,0,,no_usable_pages,known,,,bpt6k6287939: no usable pages in manifest.,2026-07-17T22:35:53.485632
lepetitjournal,bpt6k628794p,,failed,0,0,,no_usable_pages,known,,,bpt6k628794p: no usable pages in manifest.,2026-07-17T22:35:53.555209
lepetitjournal,bpt6k6287952,,failed,0,0,,no_usable_pages,known,,,bpt6k6287952: no usable pages in manifest.,2026-07-17T22:35:53.703127
lepetitjournal,bpt6k628796f,,failed,0,0,,no_usable_pages,known,,,bpt6k628796f: no usable pages in manifest.,2026-07-17T22:35:53.834363
lepetitjournal,bpt6k628797t,,failed,0,0,,no_usable_pages,known,,,bpt6k628797t: no usable pages in manifest.,2026-07-17T22:35:53.917181
lepetitjournal,bpt6k6287986,,failed,0,0,,no_usable_pages,known,,,bpt6k6287986: no usable pages in manifest.,2026-07-17T22:35:54.007728
lepetitjournal,bpt6k628799k,,failed,0,0,,no_usable_pages,known,,,bpt6k628799k: no usable pages in manifest.,2026-07-17T22:35:54.131439
lepetitjournal,bpt6k628800c,,failed,0,0,,no_usable_pages,known,,,bpt6k628800c: no usable pages in manifest.,2026-07-17T22:35:54.215054
lepetitjournal,bpt6k628801r,,failed,0,0,,no_usable_pages,known,,,bpt6k628801r: no usable pages in manifest.,2026-07-17T22:35:54.304972
lepetitjournal,bpt6k629500q,,failed,0,0,,no_usable_pages,known,,,bpt6k629500q: no usable pages in manifest.,2026-07-17T22:35:54.409382
lepetitjournal,bpt6k6295013,,failed,0,0,,no_usable_pages,known,,,bpt6k6295013: no usable pages in manifest.,2026-07-17T22:35:54.488154
lepetitjournal,bpt6k629502g,,failed,0,0,,no_usable_pages,known,,,bpt6k629502g: no usable pages in manifest.,2026-07-17T22:35:54.569884
lepetitjournal,bpt6k629503v,,failed,0,0,,no_usable_pages,known,,,bpt6k629503v: no usable pages in manifest.,2026-07-17T22:35:54.661006
lepetitjournal,bpt6k6295047,,failed,0,0,,no_usable_pages,known,,,bpt6k6295047: no usable pages in manifest.,2026-07-17T22:35:54.747580
lepetitjournal,bpt6k629508r,,failed,0,0,,no_usable_pages,known,,,bpt6k629508r: no usable pages in manifest.,2026-07-17T22:35:55.903896
lepetitjournal,bpt6k6295094,,failed,0,0,,no_usable_pages,known,,,bpt6k6295094: no usable pages in manifest.,2026-07-17T22:35:55.978598
lepetitjournal,bpt6k629511f,,failed,0,0,,no_usable_pages,known,,,bpt6k629511f: no usable pages in manifest.,2026-07-17T22:35:56.357946
lepetitjournal,bpt6k629512t,,failed,0,0,,no_usable_pages,known,,,bpt6k629512t: no usable pages in manifest.,2026-07-17T22:35:56.513055
lepetitjournal,bpt6k6295136,,failed,0,0,,no_usable_pages,known,,,bpt6k6295136: no usable pages in manifest.,2026-07-17T22:35:56.634792
lepetitjournal,bpt6k629514k,,failed,0,0,,no_usable_pages,known,,,bpt6k629514k: no usable pages in manifest.,2026-07-17T22:35:56.697044
lepetitjournal,bpt6k629515z,,failed,0,0,,no_usable_pages,known,,,bpt6k629515z: no usable pages in manifest.,2026-07-17T22:35:56.788827
lepetitjournal,bpt6k629516b,,failed,0,0,,no_usable_pages,known,,,bpt6k629516b: no usable pages in manifest.,2026-07-17T22:35:56.872535
lepetitjournal,bpt6k629517q,,failed,0,0,,no_usable_pages,known,,,bpt6k629517q: no usable pages in manifest.,2026-07-17T22:35:57.131273
lepetitjournal,bpt6k6295183,,failed,0,0,,no_usable_pages,known,,,bpt6k6295183: no usable pages in manifest.,2026-07-17T22:35:57.242119
lepetitjournal,bpt6k629519g,,failed,0,0,,no_usable_pages,known,,,bpt6k629519g: no usable pages in manifest.,2026-07-17T22:35:57.337597
lepetitjournal,bpt6k629520d,,failed,0,0,,no_usable_pages,known,,,bpt6k629520d: no usable pages in manifest.,2026-07-17T22:35:57.431867
lepetitjournal,bpt6k629521s,,failed,0,0,,no_usable_pages,known,,,bpt6k629521s: no usable pages in manifest.,2026-07-17T22:35:57.603720
lepetitjournal,bpt6k6295225,,failed,0,0,,no_usable_pages,known,,,bpt6k6295225: no usable pages in manifest.,2026-07-17T22:35:57.694848
lepetitjournal,bpt6k629523j,,failed,0,0,,no_usable_pages,known,,,bpt6k629523j: no usable pages in manifest.,2026-07-17T22:35:57.781812
lepetitjournal,bpt6k630223c,,failed,0,0,,no_usable_pages,known,,,bpt6k630223c: no usable pages in manifest.,2026-07-17T22:35:58.281674
lepetitjournal,bpt6k630224r,,failed,0,0,,no_usable_pages,known,,,bpt6k630224r: no usable pages in manifest.,2026-07-17T22:35:58.370632
lepetitjournal,bpt6k6302254,,failed,0,0,,no_usable_pages,known,,,bpt6k6302254: no usable pages in manifest.,2026-07-17T22:35:58.503612
lepetitjournal,bpt6k630227w,,failed,0,0,,no_usable_pages,known,,,bpt6k630227w: no usable pages in manifest.,2026-07-17T22:35:59.218414
lepetitjournal,bpt6k6302288,,failed,0,0,,no_usable_pages,known,,,bpt6k6302288: no usable pages in manifest.,2026-07-17T22:35:59.322584
lepetitjournal,bpt6k630229n,,failed,0,0,,no_usable_pages,known,,,bpt6k630229n: no usable pages in manifest.,2026-07-17T22:35:59.394732
lepetitjournal,bpt6k630230k,,failed,0,0,,no_usable_pages,known,,,bpt6k630230k: no usable pages in manifest.,2026-07-17T22:35:59.461752
lepetitjournal,bpt6k630231z,,failed,0,0,,no_usable_pages,known,,,bpt6k630231z: no usable pages in manifest.,2026-07-17T22:35:59.540800
lepetitjournal,bpt6k630232b,,failed,0,0,,no_usable_pages,known,,,bpt6k630232b: no usable pages in manifest.,2026-07-17T22:35:59.692649
lepetitjournal,bpt6k630233q,,failed,0,0,,no_usable_pages,known,,,bpt6k630233q: no usable pages in manifest.,2026-07-17T22:35:59.779414
lepetitjournal,bpt6k6302343,,failed,0,0,,no_usable_pages,known,,,bpt6k6302343: no usable pages in manifest.,2026-07-17T22:35:59.855153
lepetitjournal,bpt6k630235g,,failed,0,0,,no_usable_pages,known,,,bpt6k630235g: no usable pages in manifest.,2026-07-17T22:35:59.927994
lepetitjournal,bpt6k630236v,,failed,0,0,,no_usable_pages,known,,,bpt6k630236v: no usable pages in manifest.,2026-07-17T22:36:00.063302
lepetitjournal,bpt6k6302377,,failed,0,0,,no_usable_pages,known,,,bpt6k6302377: no usable pages in manifest.,2026-07-17T22:36:00.162512
lepetitjournal,bpt6k630238m,,failed,0,0,,no_usable_pages,known,,,bpt6k630238m: no usable pages in manifest.,2026-07-17T22:36:00.261522
lepetitjournal,bpt6k6302390,,failed,0,0,,no_usable_pages,known,,,bpt6k6302390: no usable pages in manifest.,2026-07-17T22:36:00.504338
lepetitjournal,bpt6k630240x,,failed,0,0,,no_usable_pages,known,,,bpt6k630240x: no usable pages in manifest.,2026-07-17T22:36:00.608313
lepetitjournal,bpt6k630242p,,failed,0,0,,no_usable_pages,known,,,bpt6k630242p: no usable pages in manifest.,2026-07-17T22:36:00.718169
lepetitjournal,bpt6k6302432,,failed,0,0,,no_usable_pages,known,,,bpt6k6302432: no usable pages in manifest.,2026-07-17T22:36:00.778100
lepetitjournal,bpt6k632405m,,failed,0,0,,no_usable_pages,known,,,bpt6k632405m: no usable pages in manifest.,2026-07-17T22:36:00.899821
lepetitjournal,bpt6k6324060,,failed,0,0,,no_usable_pages,known,,,bpt6k6324060: no usable pages in manifest.,2026-07-17T22:36:01.002253
lepetitjournal,bpt6k6337982,,failed,0,0,,no_usable_pages,known,,,bpt6k6337982: no usable pages in manifest.,2026-07-17T22:36:01.117861
lepetitjournal,bpt6k637139m,,failed,0,0,,no_usable_pages,known,,,bpt6k637139m: no usable pages in manifest.,2026-07-17T22:36:01.228711
lepetitjournal,bpt6k6372820,,failed,0,0,,no_usable_pages,known,,,bpt6k6372820: no usable pages in manifest.,2026-07-17T22:36:01.307035
lepetitjournal,bpt6k6381073,,failed,0,0,,no_usable_pages,known,,,bpt6k6381073: no usable pages in manifest.,2026-07-17T22:36:01.414362
lepetitjournal,bpt6k638108g,,failed,0,0,,no_usable_pages,known,,,bpt6k638108g: no usable pages in manifest.,2026-07-17T22:36:01.493607
lepetitjournal,bpt6k638109v,,failed,0,0,,no_usable_pages,known,,,bpt6k638109v: no usable pages in manifest.,2026-07-17T22:36:01.560222
lepetitjournal,bpt6k638110s,,failed,0,0,,no_usable_pages,known,,,bpt6k638110s: no usable pages in manifest.,2026-07-17T22:36:01.649766
lepetitjournal,bpt6k6381115,,failed,0,0,,no_usable_pages,known,,,bpt6k6381115: no usable pages in manifest.,2026-07-17T22:36:01.812300
lepetitjournal,bpt6k638112j,,failed,0,0,,no_usable_pages,known,,,bpt6k638112j: no usable pages in manifest.,2026-07-17T22:36:01.917540
lepetitjournal,bpt6k638113x,,failed,0,0,,no_usable_pages,known,,,bpt6k638113x: no usable pages in manifest.,2026-07-17T22:36:02.025815
lepetitjournal,bpt6k6381149,,failed,0,0,,no_usable_pages,known,,,bpt6k6381149: no usable pages in manifest.,2026-07-17T22:36:02.264670
lepetitjournal,bpt6k638115p,,failed,0,0,,no_usable_pages,known,,,bpt6k638115p: no usable pages in manifest.,2026-07-17T22:36:02.340738
lepetitjournal,bpt6k6381162,,failed,0,0,,no_usable_pages,known,,,bpt6k6381162: no usable pages in manifest.,2026-07-17T22:36:02.406624
lepetitjournal,bpt6k638117f,,failed,0,0,,no_usable_pages,known,,,bpt6k638117f: no usable pages in manifest.,2026-07-17T22:36:02.481184
lepetitjournal,bpt6k638118t,,failed,0,0,,no_usable_pages,known,,,bpt6k638118t: no usable pages in manifest.,2026-07-17T22:36:02.572280
lepetitjournal,bpt6k6381196,,failed,0,0,,no_usable_pages,known,,,bpt6k6381196: no usable pages in manifest.,2026-07-17T22:36:02.683840
lepetitjournal,bpt6k6381204,,failed,0,0,,no_usable_pages,known,,,bpt6k6381204: no usable pages in manifest.,2026-07-17T22:36:02.825174
lepetitjournal,bpt6k638121h,,failed,0,0,,no_usable_pages,known,,,bpt6k638121h: no usable pages in manifest.,2026-07-17T22:36:02.906561
lepetitjournal,bpt6k638122w,,failed,0,0,,no_usable_pages,known,,,bpt6k638122w: no usable pages in manifest.,2026-07-17T22:36:02.997093
lepetitjournal,bpt6k6381238,,failed,0,0,,no_usable_pages,known,,,bpt6k6381238: no usable pages in manifest.,2026-07-17T22:36:03.126095
lepetitjournal,bpt6k638124n,,failed,0,0,,no_usable_pages,known,,,bpt6k638124n: no usable pages in manifest.,2026-07-17T22:36:03.215369
lepetitjournal,bpt6k6381251,,failed,0,0,,no_usable_pages,known,,,bpt6k6381251: no usable pages in manifest.,2026-07-17T22:36:03.323235
lepetitjournal,bpt6k638126d,,failed,0,0,,no_usable_pages,known,,,bpt6k638126d: no usable pages in manifest.,2026-07-17T22:36:03.407027
lepetitjournal,bpt6k638127s,,failed,0,0,,no_usable_pages,known,,,bpt6k638127s: no usable pages in manifest.,2026-07-17T22:36:03.506610
lepetitjournal,bpt6k6381285,,failed,0,0,,no_usable_pages,known,,,bpt6k6381285: no usable pages in manifest.,2026-07-17T22:36:03.660187
lepetitjournal,bpt6k638129j,,failed,0,0,,no_usable_pages,known,,,bpt6k638129j: no usable pages in manifest.,2026-07-17T22:36:03.842961
lepetitjournal,bpt6k638130g,,failed,0,0,,no_usable_pages,known,,,bpt6k638130g: no usable pages in manifest.,2026-07-17T22:36:03.924669
lepetitjournal,bpt6k638131v,,failed,0,0,,no_usable_pages,known,,,bpt6k638131v: no usable pages in manifest.,2026-07-17T22:36:04.006733
lepetitjournal,bpt6k6381327,,failed,0,0,,no_usable_pages,known,,,bpt6k6381327: no usable pages in manifest.,2026-07-17T22:36:04.106629
lepetitjournal,bpt6k638133m,,failed,0,0,,no_usable_pages,known,,,bpt6k638133m: no usable pages in manifest.,2026-07-17T22:36:04.207589
lepetitjournal,bpt6k6381340,,failed,0,0,,no_usable_pages,known,,,bpt6k6381340: no usable pages in manifest.,2026-07-17T22:36:04.309931
lepetitjournal,bpt6k638135c,,failed,0,0,,no_usable_pages,known,,,bpt6k638135c: no usable pages in manifest.,2026-07-17T22:36:04.408078
lepetitjournal,bpt6k638136r,,failed,0,0,,no_usable_pages,known,,,bpt6k638136r: no usable pages in manifest.,2026-07-17T22:36:04.493694
lepetitjournal,bpt6k6381374,,failed,0,0,,no_usable_pages,known,,,bpt6k6381374: no usable pages in manifest.,2026-07-17T22:36:04.568729
lepetitjournal,bpt6k638138h,,failed,0,0,,no_usable_pages,known,,,bpt6k638138h: no usable pages in manifest.,2026-07-17T22:36:04.666038
lepetitjournal,bpt6k638139w,,failed,0,0,,no_usable_pages,known,,,bpt6k638139w: no usable pages in manifest.,2026-07-17T22:36:04.765396
lepetitjournal,bpt6k638140t,,failed,0,0,,no_usable_pages,known,,,bpt6k638140t: no usable pages in manifest.,2026-07-17T22:36:04.881601
lepetitjournal,bpt6k6381416,,failed,0,0,,no_usable_pages,known,,,bpt6k6381416: no usable pages in manifest.,2026-07-17T22:36:04.936703
lepetitjournal,bpt6k638142k,,failed,0,0,,no_usable_pages,known,,,bpt6k638142k: no usable pages in manifest.,2026-07-17T22:36:05.021683
lepetitjournal,bpt6k638143z,,failed,0,0,,no_usable_pages,known,,,bpt6k638143z: no usable pages in manifest.,2026-07-17T22:36:05.113832
lepetitjournal,bpt6k638144b,,failed,0,0,,no_usable_pages,known,,,bpt6k638144b: no usable pages in manifest.,2026-07-17T22:36:05.235323
lepetitjournal,bpt6k638145q,,failed,0,0,,no_usable_pages,known,,,bpt6k638145q: no usable pages in manifest.,2026-07-17T22:36:05.356233
lepetitjournal,bpt6k6381463,,failed,0,0,,no_usable_pages,known,,,bpt6k6381463: no usable pages in manifest.,2026-07-17T22:36:05.444005
lepetitjournal,bpt6k638147g,,failed,0,0,,no_usable_pages,known,,,bpt6k638147g: no usable pages in manifest.,2026-07-17T22:36:05.529564
lepetitjournal,bpt6k638148v,,failed,0,0,,no_usable_pages,known,,,bpt6k638148v: no usable pages in manifest.,2026-07-17T22:36:05.645238
lepetitjournal,bpt6k6381497,,failed,0,0,,no_usable_pages,known,,,bpt6k6381497: no usable pages in manifest.,2026-07-17T22:36:05.738272
lepetitjournal,bpt6k6381505,,failed,0,0,,no_usable_pages,known,,,bpt6k6381505: no usable pages in manifest.,2026-07-17T22:36:05.803271
lepetitjournal,bpt6k638151j,,failed,0,0,,no_usable_pages,known,,,bpt6k638151j: no usable pages in manifest.,2026-07-17T22:36:05.950906
lepetitjournal,bpt6k638152x,,failed,0,0,,no_usable_pages,known,,,bpt6k638152x: no usable pages in manifest.,2026-07-17T22:36:06.063006
lepetitjournal,bpt6k6381539,,failed,0,0,,no_usable_pages,known,,,bpt6k6381539: no usable pages in manifest.,2026-07-17T22:36:06.155960
lepetitjournal,bpt6k638154p,,failed,0,0,,no_usable_pages,known,,,bpt6k638154p: no usable pages in manifest.,2026-07-17T22:36:06.236957
lepetitjournal,bpt6k6381552,,failed,0,0,,no_usable_pages,known,,,bpt6k6381552: no usable pages in manifest.,2026-07-17T22:36:06.310593
lepetitjournal,bpt6k638156f,,failed,0,0,,no_usable_pages,known,,,bpt6k638156f: no usable pages in manifest.,2026-07-17T22:36:06.432528
lepetitjournal,bpt6k638157t,,failed,0,0,,no_usable_pages,known,,,bpt6k638157t: no usable pages in manifest.,2026-07-17T22:36:06.527339
lepetitjournal,bpt6k6381586,,failed,0,0,,no_usable_pages,known,,,bpt6k6381586: no usable pages in manifest.,2026-07-17T22:36:06.634118
lepetitjournal,bpt6k638159k,,failed,0,0,,no_usable_pages,known,,,bpt6k638159k: no usable pages in manifest.,2026-07-17T22:36:06.708599
lepetitjournal,bpt6k638160h,,failed,0,0,,no_usable_pages,known,,,bpt6k638160h: no usable pages in manifest.,2026-07-17T22:36:06.788141
lepetitjournal,bpt6k638161w,,failed,0,0,,no_usable_pages,known,,,bpt6k638161w: no usable pages in manifest.,2026-07-17T22:36:06.928773
lepetitjournal,bpt6k6381628,,failed,0,0,,no_usable_pages,known,,,bpt6k6381628: no usable pages in manifest.,2026-07-17T22:36:07.188938
lepetitjournal,bpt6k638163n,,failed,0,0,,no_usable_pages,known,,,bpt6k638163n: no usable pages in manifest.,2026-07-17T22:36:07.253487
lepetitjournal,bpt6k6381641,,failed,0,0,,no_usable_pages,known,,,bpt6k6381641: no usable pages in manifest.,2026-07-17T22:36:07.336005
lepetitjournal,bpt6k638165d,,failed,0,0,,no_usable_pages,known,,,bpt6k638165d: no usable pages in manifest.,2026-07-17T22:36:07.444866
lepetitjournal,bpt6k638166s,,failed,0,0,,no_usable_pages,known,,,bpt6k638166s: no usable pages in manifest.,2026-07-17T22:36:07.529569
lepetitjournal,bpt6k6381675,,failed,0,0,,no_usable_pages,known,,,bpt6k6381675: no usable pages in manifest.,2026-07-17T22:36:07.618980
lepetitjournal,bpt6k638168j,,failed,0,0,,no_usable_pages,known,,,bpt6k638168j: no usable pages in manifest.,2026-07-17T22:36:07.702427
lepetitjournal,bpt6k638169x,,failed,0,0,,no_usable_pages,known,,,bpt6k638169x: no usable pages in manifest.,2026-07-17T22:36:07.806169
lepetitjournal,bpt6k638170v,,failed,0,0,,no_usable_pages,known,,,bpt6k638170v: no usable pages in manifest.,2026-07-17T22:36:07.912608
lepetitjournal,bpt6k6381717,,failed,0,0,,no_usable_pages,known,,,bpt6k6381717: no usable pages in manifest.,2026-07-17T22:36:08.001803
lepetitjournal,bpt6k638172m,,failed,0,0,,no_usable_pages,known,,,bpt6k638172m: no usable pages in manifest.,2026-07-17T22:36:08.073911
lepetitjournal,bpt6k6381730,,failed,0,0,,no_usable_pages,known,,,bpt6k6381730: no usable pages in manifest.,2026-07-17T22:36:08.196696
lepetitjournal,bpt6k638174c,,failed,0,0,,no_usable_pages,known,,,bpt6k638174c: no usable pages in manifest.,2026-07-17T22:36:08.297400
lepetitjournal,bpt6k638175r,,failed,0,0,,no_usable_pages,known,,,bpt6k638175r: no usable pages in manifest.,2026-07-17T22:36:08.388870
lepetitjournal,bpt6k6381764,,failed,0,0,,no_usable_pages,known,,,bpt6k6381764: no usable pages in manifest.,2026-07-17T22:36:08.717608
lepetitjournal,bpt6k638177h,,failed,0,0,,no_usable_pages,known,,,bpt6k638177h: no usable pages in manifest.,2026-07-17T22:36:08.852515
lepetitjournal,bpt6k638178w,,failed,0,0,,no_usable_pages,known,,,bpt6k638178w: no usable pages in manifest.,2026-07-17T22:36:08.943590
lepetitjournal,bpt6k6381798,,failed,0,0,,no_usable_pages,known,,,bpt6k6381798: no usable pages in manifest.,2026-07-17T22:36:09.043417
lepetitjournal,bpt6k6381806,,failed,0,0,,no_usable_pages,known,,,bpt6k6381806: no usable pages in manifest.,2026-07-17T22:36:09.117938
lepetitjournal,bpt6k638181k,,failed,0,0,,no_usable_pages,known,,,bpt6k638181k: no usable pages in manifest.,2026-07-17T22:36:09.232351
lepetitjournal,bpt6k638182z,,failed,0,0,,no_usable_pages,known,,,bpt6k638182z: no usable pages in manifest.,2026-07-17T22:36:09.312442
lepetitjournal,bpt6k638183b,,failed,0,0,,no_usable_pages,known,,,bpt6k638183b: no usable pages in manifest.,2026-07-17T22:36:09.399647
lepetitjournal,bpt6k638184q,,failed,0,0,,no_usable_pages,known,,,bpt6k638184q: no usable pages in manifest.,2026-07-17T22:36:09.514820
lepetitjournal,bpt6k6381853,,failed,0,0,,no_usable_pages,known,,,bpt6k6381853: no usable pages in manifest.,2026-07-17T22:36:09.606723
lepetitjournal,bpt6k638186g,,failed,0,0,,no_usable_pages,known,,,bpt6k638186g: no usable pages in manifest.,2026-07-17T22:36:09.677592
lepetitjournal,bpt6k638187v,,failed,0,0,,no_usable_pages,known,,,bpt6k638187v: no usable pages in manifest.,2026-07-17T22:36:09.778662
lepetitjournal,bpt6k6381887,,failed,0,0,,no_usable_pages,known,,,bpt6k6381887: no usable pages in manifest.,2026-07-17T22:36:09.866252
lepetitjournal,bpt6k638189m,,failed,0,0,,no_usable_pages,known,,,bpt6k638189m: no usable pages in manifest.,2026-07-17T22:36:09.950927
lepetitjournal,bpt6k638190j,,failed,0,0,,no_usable_pages,known,,,bpt6k638190j: no usable pages in manifest.,2026-07-17T22:36:10.042768
lepetitjournal,bpt6k638191x,,failed,0,0,,no_usable_pages,known,,,bpt6k638191x: no usable pages in manifest.,2026-07-17T22:36:10.145079
lepetitjournal,bpt6k6381929,,failed,0,0,,no_usable_pages,known,,,bpt6k6381929: no usable pages in manifest.,2026-07-17T22:36:10.299017
lepetitjournal,bpt6k638193p,,failed,0,0,,no_usable_pages,known,,,bpt6k638193p: no usable pages in manifest.,2026-07-17T22:36:10.408759
lepetitjournal,bpt6k6381942,,failed,0,0,,no_usable_pages,known,,,bpt6k6381942: no usable pages in manifest.,2026-07-17T22:36:10.536675
lepetitjournal,bpt6k638195f,,failed,0,0,,no_usable_pages,known,,,bpt6k638195f: no usable pages in manifest.,2026-07-17T22:36:10.651906
lepetitjournal,bpt6k638196t,,failed,0,0,,no_usable_pages,known,,,bpt6k638196t: no usable pages in manifest.,2026-07-17T22:36:10.726810
lepetitjournal,bpt6k6381976,,failed,0,0,,no_usable_pages,known,,,bpt6k6381976: no usable pages in manifest.,2026-07-17T22:36:10.806334
lepetitjournal,bpt6k638198k,,failed,0,0,,no_usable_pages,known,,,bpt6k638198k: no usable pages in manifest.,2026-07-17T22:36:10.885254
lepetitjournal,bpt6k638199z,,failed,0,0,,no_usable_pages,known,,,bpt6k638199z: no usable pages in manifest.,2026-07-17T22:36:10.978189
lepetitjournal,bpt6k638200r,,failed,0,0,,no_usable_pages,known,,,bpt6k638200r: no usable pages in manifest.,2026-07-17T22:36:11.072335
lepetitjournal,bpt6k6382014,,failed,0,0,,no_usable_pages,known,,,bpt6k6382014: no usable pages in manifest.,2026-07-17T22:36:11.160265
lepetitjournal,bpt6k638202h,,failed,0,0,,no_usable_pages,known,,,bpt6k638202h: no usable pages in manifest.,2026-07-17T22:36:11.237259
lepetitjournal,bpt6k638203w,,failed,0,0,,no_usable_pages,known,,,bpt6k638203w: no usable pages in manifest.,2026-07-17T22:36:11.335557
lepetitjournal,bpt6k6382048,,failed,0,0,,no_usable_pages,known,,,bpt6k6382048: no usable pages in manifest.,2026-07-17T22:36:11.424807
lepetitjournal,bpt6k638205n,,failed,0,0,,no_usable_pages,known,,,bpt6k638205n: no usable pages in manifest.,2026-07-17T22:36:11.530691
lepetitjournal,bpt6k6382061,,failed,0,0,,no_usable_pages,known,,,bpt6k6382061: no usable pages in manifest.,2026-07-17T22:36:11.681711
lepetitjournal,bpt6k638207d,,failed,0,0,,no_usable_pages,known,,,bpt6k638207d: no usable pages in manifest.,2026-07-17T22:36:11.782436
lepetitjournal,bpt6k638208s,,failed,0,0,,no_usable_pages,known,,,bpt6k638208s: no usable pages in manifest.,2026-07-17T22:36:11.889147
lepetitjournal,bpt6k6382095,,failed,0,0,,no_usable_pages,known,,,bpt6k6382095: no usable pages in manifest.,2026-07-17T22:36:12.004586
lepetitjournal,bpt6k6382103,,failed,0,0,,no_usable_pages,known,,,bpt6k6382103: no usable pages in manifest.,2026-07-17T22:36:12.098638
lepetitjournal,bpt6k638211g,,failed,0,0,,no_usable_pages,known,,,bpt6k638211g: no usable pages in manifest.,2026-07-17T22:36:12.179760
lepetitjournal,bpt6k638212v,,failed,0,0,,no_usable_pages,known,,,bpt6k638212v: no usable pages in manifest.,2026-07-17T22:36:12.309188
lepetitjournal,bpt6k6382137,,failed,0,0,,no_usable_pages,known,,,bpt6k6382137: no usable pages in manifest.,2026-07-17T22:36:12.415975
lepetitjournal,bpt6k638214m,,failed,0,0,,no_usable_pages,known,,,bpt6k638214m: no usable pages in manifest.,2026-07-17T22:36:12.496935
lepetitjournal,bpt6k6382150,,failed,0,0,,no_usable_pages,known,,,bpt6k6382150: no usable pages in manifest.,2026-07-17T22:36:12.592471
lepetitjournal,bpt6k638216c,,failed,0,0,,no_usable_pages,known,,,bpt6k638216c: no usable pages in manifest.,2026-07-17T22:36:12.728164
lepetitjournal,bpt6k638217r,,failed,0,0,,no_usable_pages,known,,,bpt6k638217r: no usable pages in manifest.,2026-07-17T22:36:12.823820
lepetitjournal,bpt6k6382184,,failed,0,0,,no_usable_pages,known,,,bpt6k6382184: no usable pages in manifest.,2026-07-17T22:36:12.913558
lepetitjournal,bpt6k638219h,,failed,0,0,,no_usable_pages,known,,,bpt6k638219h: no usable pages in manifest.,2026-07-17T22:36:12.998481
lepetitjournal,bpt6k638220f,,failed,0,0,,no_usable_pages,known,,,bpt6k638220f: no usable pages in manifest.,2026-07-17T22:36:13.084533
lepetitjournal,bpt6k638221t,,failed,0,0,,no_usable_pages,known,,,bpt6k638221t: no usable pages in manifest.,2026-07-17T22:36:13.213838
lepetitjournal,bpt6k6382226,,failed,0,0,,no_usable_pages,known,,,bpt6k6382226: no usable pages in manifest.,2026-07-17T22:36:13.343339
lepetitjournal,bpt6k638223k,,failed,0,0,,no_usable_pages,known,,,bpt6k638223k: no usable pages in manifest.,2026-07-17T22:36:13.453396
lepetitjournal,bpt6k638224z,,failed,0,0,,no_usable_pages,known,,,bpt6k638224z: no usable pages in manifest.,2026-07-17T22:36:13.544722
lepetitjournal,bpt6k638225b,,failed,0,0,,no_usable_pages,known,,,bpt6k638225b: no usable pages in manifest.,2026-07-17T22:36:13.614824
lepetitjournal,bpt6k638226q,,failed,0,0,,no_usable_pages,known,,,bpt6k638226q: no usable pages in manifest.,2026-07-17T22:36:13.740585
lepetitjournal,bpt6k6382273,,failed,0,0,,no_usable_pages,known,,,bpt6k6382273: no usable pages in manifest.,2026-07-17T22:36:13.829837
lepetitjournal,bpt6k638228g,,failed,0,0,,no_usable_pages,known,,,bpt6k638228g: no usable pages in manifest.,2026-07-17T22:36:13.935917
lepetitjournal,bpt6k638229v,,failed,0,0,,no_usable_pages,known,,,bpt6k638229v: no usable pages in manifest.,2026-07-17T22:36:14.021187
lepetitjournal,bpt6k638230s,,failed,0,0,,no_usable_pages,known,,,bpt6k638230s: no usable pages in manifest.,2026-07-17T22:36:14.089050
lepetitjournal,bpt6k6382315,,failed,0,0,,no_usable_pages,known,,,bpt6k6382315: no usable pages in manifest.,2026-07-17T22:36:14.157119
lepetitjournal,bpt6k638232j,,failed,0,0,,no_usable_pages,known,,,bpt6k638232j: no usable pages in manifest.,2026-07-17T22:36:14.238105
lepetitjournal,bpt6k638233x,,failed,0,0,,no_usable_pages,known,,,bpt6k638233x: no usable pages in manifest.,2026-07-17T22:36:14.330581
lepetitjournal,bpt6k6382349,,failed,0,0,,no_usable_pages,known,,,bpt6k6382349: no usable pages in manifest.,2026-07-17T22:36:14.453501
lepetitjournal,bpt6k638235p,,failed,0,0,,no_usable_pages,known,,,bpt6k638235p: no usable pages in manifest.,2026-07-17T22:36:14.514115
lepetitjournal,bpt6k6382362,,failed,0,0,,no_usable_pages,known,,,bpt6k6382362: no usable pages in manifest.,2026-07-17T22:36:14.590038
lepetitjournal,bpt6k638237f,,failed,0,0,,no_usable_pages,known,,,bpt6k638237f: no usable pages in manifest.,2026-07-17T22:36:14.770976
lepetitjournal,bpt6k638238t,,failed,0,0,,no_usable_pages,known,,,bpt6k638238t: no usable pages in manifest.,2026-07-17T22:36:14.871924
lepetitjournal,bpt6k6382396,,failed,0,0,,no_usable_pages,known,,,bpt6k6382396: no usable pages in manifest.,2026-07-17T22:36:14.942496
lepetitjournal,bpt6k6382404,,failed,0,0,,no_usable_pages,known,,,bpt6k6382404: no usable pages in manifest.,2026-07-17T22:36:15.003467
lepetitjournal,bpt6k638241h,,failed,0,0,,no_usable_pages,known,,,bpt6k638241h: no usable pages in manifest.,2026-07-17T22:36:15.083032
lepetitjournal,bpt6k638242w,,failed,0,0,,no_usable_pages,known,,,bpt6k638242w: no usable pages in manifest.,2026-07-17T22:36:15.188642
lepetitjournal,bpt6k6382438,,failed,0,0,,no_usable_pages,known,,,bpt6k6382438: no usable pages in manifest.,2026-07-17T22:36:15.280738
lepetitjournal,bpt6k638244n,,failed,0,0,,no_usable_pages,known,,,bpt6k638244n: no usable pages in manifest.,2026-07-17T22:36:15.355305
lepetitjournal,bpt6k6382451,,failed,0,0,,no_usable_pages,known,,,bpt6k6382451: no usable pages in manifest.,2026-07-17T22:36:15.442574
lepetitjournal,bpt6k638246d,,failed,0,0,,no_usable_pages,known,,,bpt6k638246d: no usable pages in manifest.,2026-07-17T22:36:15.573918
lepetitjournal,bpt6k638247s,,failed,0,0,,no_usable_pages,known,,,bpt6k638247s: no usable pages in manifest.,2026-07-17T22:36:15.676842
lepetitjournal,bpt6k6382485,,failed,0,0,,no_usable_pages,known,,,bpt6k6382485: no usable pages in manifest.,2026-07-17T22:36:15.822407
lepetitjournal,bpt6k638249j,,failed,0,0,,no_usable_pages,known,,,bpt6k638249j: no usable pages in manifest.,2026-07-17T22:36:15.915972
lepetitjournal,bpt6k638250g,,failed,0,0,,no_usable_pages,known,,,bpt6k638250g: no usable pages in manifest.,2026-07-17T22:36:16.062813
lepetitjournal,bpt6k638251v,,failed,0,0,,no_usable_pages,known,,,bpt6k638251v: no usable pages in manifest.,2026-07-17T22:36:16.179070
lepetitjournal,bpt6k6382527,,failed,0,0,,no_usable_pages,known,,,bpt6k6382527: no usable pages in manifest.,2026-07-17T22:36:16.281456
lepetitjournal,bpt6k638253m,,failed,0,0,,no_usable_pages,known,,,bpt6k638253m: no usable pages in manifest.,2026-07-17T22:36:16.390286
lepetitjournal,bpt6k6382540,,failed,0,0,,no_usable_pages,known,,,bpt6k6382540: no usable pages in manifest.,2026-07-17T22:36:16.484037
lepetitjournal,bpt6k638255c,,failed,0,0,,no_usable_pages,known,,,bpt6k638255c: no usable pages in manifest.,2026-07-17T22:36:16.677446
lepetitjournal,bpt6k638256r,,failed,0,0,,no_usable_pages,known,,,bpt6k638256r: no usable pages in manifest.,2026-07-17T22:36:16.764712
lepetitjournal,bpt6k6382574,,failed,0,0,,no_usable_pages,known,,,bpt6k6382574: no usable pages in manifest.,2026-07-17T22:36:16.871296
lepetitjournal,bpt6k638258h,,failed,0,0,,no_usable_pages,known,,,bpt6k638258h: no usable pages in manifest.,2026-07-17T22:36:16.958624
lepetitjournal,bpt6k638259w,,failed,0,0,,no_usable_pages,known,,,bpt6k638259w: no usable pages in manifest.,2026-07-17T22:36:17.040903
lepetitjournal,bpt6k638260t,,failed,0,0,,no_usable_pages,known,,,bpt6k638260t: no usable pages in manifest.,2026-07-17T22:36:17.158995
lepetitjournal,bpt6k6382616,,failed,0,0,,no_usable_pages,known,,,bpt6k6382616: no usable pages in manifest.,2026-07-17T22:36:17.231159
lepetitjournal,bpt6k638262k,,failed,0,0,,no_usable_pages,known,,,bpt6k638262k: no usable pages in manifest.,2026-07-17T22:36:17.302128
lepetitjournal,bpt6k638263z,,failed,0,0,,no_usable_pages,known,,,bpt6k638263z: no usable pages in manifest.,2026-07-17T22:36:17.387539
lepetitjournal,bpt6k638264b,,failed,0,0,,no_usable_pages,known,,,bpt6k638264b: no usable pages in manifest.,2026-07-17T22:36:17.484293
lepetitjournal,bpt6k638265q,,failed,0,0,,no_usable_pages,known,,,bpt6k638265q: no usable pages in manifest.,2026-07-17T22:36:17.611727
lepetitjournal,bpt6k6382663,,failed,0,0,,no_usable_pages,known,,,bpt6k6382663: no usable pages in manifest.,2026-07-17T22:36:17.843036
lepetitjournal,bpt6k638267g,,failed,0,0,,no_usable_pages,known,,,bpt6k638267g: no usable pages in manifest.,2026-07-17T22:36:17.958526
lepetitjournal,bpt6k638268v,,failed,0,0,,no_usable_pages,known,,,bpt6k638268v: no usable pages in manifest.,2026-07-17T22:36:18.040906
lepetitjournal,bpt6k6382697,,failed,0,0,,no_usable_pages,known,,,bpt6k6382697: no usable pages in manifest.,2026-07-17T22:36:18.116312
lepetitjournal,bpt6k6382705,,failed,0,0,,no_usable_pages,known,,,bpt6k6382705: no usable pages in manifest.,2026-07-17T22:36:18.201054
lepetitjournal,bpt6k638271j,,failed,0,0,,no_usable_pages,known,,,bpt6k638271j: no usable pages in manifest.,2026-07-17T22:36:18.301493
lepetitjournal,bpt6k638272x,,failed,0,0,,no_usable_pages,known,,,bpt6k638272x: no usable pages in manifest.,2026-07-17T22:36:18.406367
lepetitjournal,bpt6k6382739,,failed,0,0,,no_usable_pages,known,,,bpt6k6382739: no usable pages in manifest.,2026-07-17T22:36:18.534319
lepetitjournal,bpt6k638274p,,failed,0,0,,no_usable_pages,known,,,bpt6k638274p: no usable pages in manifest.,2026-07-17T22:36:18.668630
lepetitjournal,bpt6k6382752,,failed,0,0,,no_usable_pages,known,,,bpt6k6382752: no usable pages in manifest.,2026-07-17T22:36:18.772168
lepetitjournal,bpt6k638276f,,failed,0,0,,no_usable_pages,known,,,bpt6k638276f: no usable pages in manifest.,2026-07-17T22:36:18.880164
lepetitjournal,bpt6k638277t,,failed,0,0,,no_usable_pages,known,,,bpt6k638277t: no usable pages in manifest.,2026-07-17T22:36:18.978950
lepetitjournal,bpt6k6382786,,failed,0,0,,no_usable_pages,known,,,bpt6k6382786: no usable pages in manifest.,2026-07-17T22:36:19.092387
lepetitjournal,bpt6k638279k,,failed,0,0,,no_usable_pages,known,,,bpt6k638279k: no usable pages in manifest.,2026-07-17T22:36:19.210411
lepetitjournal,bpt6k638280h,,failed,0,0,,no_usable_pages,known,,,bpt6k638280h: no usable pages in manifest.,2026-07-17T22:36:19.312986
lepetitjournal,bpt6k638281w,,failed,0,0,,no_usable_pages,known,,,bpt6k638281w: no usable pages in manifest.,2026-07-17T22:36:19.456384
lepetitjournal,bpt6k6382828,,failed,0,0,,no_usable_pages,known,,,bpt6k6382828: no usable pages in manifest.,2026-07-17T22:36:19.596129
lepetitjournal,bpt6k638283n,,failed,0,0,,no_usable_pages,known,,,bpt6k638283n: no usable pages in manifest.,2026-07-17T22:36:19.706302
lepetitjournal,bpt6k6382841,,failed,0,0,,no_usable_pages,known,,,bpt6k6382841: no usable pages in manifest.,2026-07-17T22:36:19.801440
lepetitjournal,bpt6k638285d,,failed,0,0,,no_usable_pages,known,,,bpt6k638285d: no usable pages in manifest.,2026-07-17T22:36:19.891295
lepetitjournal,bpt6k638286s,,failed,0,0,,no_usable_pages,known,,,bpt6k638286s: no usable pages in manifest.,2026-07-17T22:36:20.036101
lepetitjournal,bpt6k6382875,,failed,0,0,,no_usable_pages,known,,,bpt6k6382875: no usable pages in manifest.,2026-07-17T22:36:20.102308
lepetitjournal,bpt6k638288j,,failed,0,0,,no_usable_pages,known,,,bpt6k638288j: no usable pages in manifest.,2026-07-17T22:36:20.188965
lepetitjournal,bpt6k638289x,,failed,0,0,,no_usable_pages,known,,,bpt6k638289x: no usable pages in manifest.,2026-07-17T22:36:20.273650
lepetitjournal,bpt6k638290v,,failed,0,0,,no_usable_pages,known,,,bpt6k638290v: no usable pages in manifest.,2026-07-17T22:36:20.369150
lepetitjournal,bpt6k6382917,,failed,0,0,,no_usable_pages,known,,,bpt6k6382917: no usable pages in manifest.,2026-07-17T22:36:20.458662
lepetitjournal,bpt6k638292m,,failed,0,0,,no_usable_pages,known,,,bpt6k638292m: no usable pages in manifest.,2026-07-17T22:36:20.554669
lepetitjournal,bpt6k6382930,,failed,0,0,,no_usable_pages,known,,,bpt6k6382930: no usable pages in manifest.,2026-07-17T22:36:20.646198
lepetitjournal,bpt6k638294c,,failed,0,0,,no_usable_pages,known,,,bpt6k638294c: no usable pages in manifest.,2026-07-17T22:36:20.739420
lepetitjournal,bpt6k638295r,,failed,0,0,,no_usable_pages,known,,,bpt6k638295r: no usable pages in manifest.,2026-07-17T22:36:20.837455
lepetitjournal,bpt6k6382964,,failed,0,0,,no_usable_pages,known,,,bpt6k6382964: no usable pages in manifest.,2026-07-17T22:36:21.020871
lepetitjournal,bpt6k638297h,,failed,0,0,,no_usable_pages,known,,,bpt6k638297h: no usable pages in manifest.,2026-07-17T22:36:21.154298
lepetitjournal,bpt6k638298w,,failed,0,0,,no_usable_pages,known,,,bpt6k638298w: no usable pages in manifest.,2026-07-17T22:36:21.281357
lepetitjournal,bpt6k6382998,,failed,0,0,,no_usable_pages,known,,,bpt6k6382998: no usable pages in manifest.,2026-07-17T22:36:21.396477
lepetitjournal,bpt6k6383002,,failed,0,0,,no_usable_pages,known,,,bpt6k6383002: no usable pages in manifest.,2026-07-17T22:36:21.472265
lepetitjournal,bpt6k638301f,,failed,0,0,,no_usable_pages,known,,,bpt6k638301f: no usable pages in manifest.,2026-07-17T22:36:21.574140
lepetitjournal,bpt6k638302t,,failed,0,0,,no_usable_pages,known,,,bpt6k638302t: no usable pages in manifest.,2026-07-17T22:36:21.683183
lepetitjournal,bpt6k6383036,,failed,0,0,,no_usable_pages,known,,,bpt6k6383036: no usable pages in manifest.,2026-07-17T22:36:21.801048
lepetitjournal,bpt6k638304k,,failed,0,0,,no_usable_pages,known,,,bpt6k638304k: no usable pages in manifest.,2026-07-17T22:36:21.891558
lepetitjournal,bpt6k638305z,,failed,0,0,,no_usable_pages,known,,,bpt6k638305z: no usable pages in manifest.,2026-07-17T22:36:21.977271
lepetitjournal,bpt6k638306b,,failed,0,0,,no_usable_pages,known,,,bpt6k638306b: no usable pages in manifest.,2026-07-17T22:36:22.077297
lepetitjournal,bpt6k638307q,,failed,0,0,,no_usable_pages,known,,,bpt6k638307q: no usable pages in manifest.,2026-07-17T22:36:22.201100
lepetitjournal,bpt6k6383083,,failed,0,0,,no_usable_pages,known,,,bpt6k6383083: no usable pages in manifest.,2026-07-17T22:36:22.312831
lepetitjournal,bpt6k638309g,,failed,0,0,,no_usable_pages,known,,,bpt6k638309g: no usable pages in manifest.,2026-07-17T22:36:22.401513
lepetitjournal,bpt6k638310d,,failed,0,0,,no_usable_pages,known,,,bpt6k638310d: no usable pages in manifest.,2026-07-17T22:36:22.499896
lepetitjournal,bpt6k638311s,,failed,0,0,,no_usable_pages,known,,,bpt6k638311s: no usable pages in manifest.,2026-07-17T22:36:22.609620
lepetitjournal,bpt6k6383125,,failed,0,0,,no_usable_pages,known,,,bpt6k6383125: no usable pages in manifest.,2026-07-17T22:36:22.770065
lepetitjournal,bpt6k638313j,,failed,0,0,,no_usable_pages,known,,,bpt6k638313j: no usable pages in manifest.,2026-07-17T22:36:22.903317
lepetitjournal,bpt6k638314x,,failed,0,0,,no_usable_pages,known,,,bpt6k638314x: no usable pages in manifest.,2026-07-17T22:36:22.969159
lepetitjournal,bpt6k6383159,,failed,0,0,,no_usable_pages,known,,,bpt6k6383159: no usable pages in manifest.,2026-07-17T22:36:23.027245
lepetitjournal,bpt6k638316p,,failed,0,0,,no_usable_pages,known,,,bpt6k638316p: no usable pages in manifest.,2026-07-17T22:36:23.121384
lepetitjournal,bpt6k6383172,,failed,0,0,,no_usable_pages,known,,,bpt6k6383172: no usable pages in manifest.,2026-07-17T22:36:23.245252
lepetitjournal,bpt6k638318f,,failed,0,0,,no_usable_pages,known,,,bpt6k638318f: no usable pages in manifest.,2026-07-17T22:36:23.338874
lepetitjournal,bpt6k638319t,,failed,0,0,,no_usable_pages,known,,,bpt6k638319t: no usable pages in manifest.,2026-07-17T22:36:23.443760
lepetitjournal,bpt6k638320r,,failed,0,0,,no_usable_pages,known,,,bpt6k638320r: no usable pages in manifest.,2026-07-17T22:36:23.561668
lepetitjournal,bpt6k6383214,,failed,0,0,,no_usable_pages,known,,,bpt6k6383214: no usable pages in manifest.,2026-07-17T22:36:23.636169
lepetitjournal,bpt6k638322h,,failed,0,0,,no_usable_pages,known,,,bpt6k638322h: no usable pages in manifest.,2026-07-17T22:36:23.724878
lepetitjournal,bpt6k638323w,,failed,0,0,,no_usable_pages,known,,,bpt6k638323w: no usable pages in manifest.,2026-07-17T22:36:23.846094
lepetitjournal,bpt6k6383248,,failed,0,0,,no_usable_pages,known,,,bpt6k6383248: no usable pages in manifest.,2026-07-17T22:36:23.932895
lepetitjournal,bpt6k638325n,,failed,0,0,,no_usable_pages,known,,,bpt6k638325n: no usable pages in manifest.,2026-07-17T22:36:24.026314
lepetitjournal,bpt6k6383261,,failed,0,0,,no_usable_pages,known,,,bpt6k6383261: no usable pages in manifest.,2026-07-17T22:36:24.110153
lepetitjournal,bpt6k638327d,,failed,0,0,,no_usable_pages,known,,,bpt6k638327d: no usable pages in manifest.,2026-07-17T22:36:24.269294
lepetitjournal,bpt6k638328s,,failed,0,0,,no_usable_pages,known,,,bpt6k638328s: no usable pages in manifest.,2026-07-17T22:36:24.384259
lepetitjournal,bpt6k6383295,,failed,0,0,,no_usable_pages,known,,,bpt6k6383295: no usable pages in manifest.,2026-07-17T22:36:24.474307
lepetitjournal,bpt6k6383303,,failed,0,0,,no_usable_pages,known,,,bpt6k6383303: no usable pages in manifest.,2026-07-17T22:36:24.556513
lepetitjournal,bpt6k638331g,,failed,0,0,,no_usable_pages,known,,,bpt6k638331g: no usable pages in manifest.,2026-07-17T22:36:24.665861
lepetitjournal,bpt6k638332v,,failed,0,0,,no_usable_pages,known,,,bpt6k638332v: no usable pages in manifest.,2026-07-17T22:36:24.767729
lepetitjournal,bpt6k6383337,,failed,0,0,,no_usable_pages,known,,,bpt6k6383337: no usable pages in manifest.,2026-07-17T22:36:24.887643
lepetitjournal,bpt6k638334m,,failed,0,0,,no_usable_pages,known,,,bpt6k638334m: no usable pages in manifest.,2026-07-17T22:36:24.990275
lepetitjournal,bpt6k6383350,,failed,0,0,,no_usable_pages,known,,,bpt6k6383350: no usable pages in manifest.,2026-07-17T22:36:25.069288
lepetitjournal,bpt6k638336c,,failed,0,0,,no_usable_pages,known,,,bpt6k638336c: no usable pages in manifest.,2026-07-17T22:36:25.155077
lepetitjournal,bpt6k638337r,,failed,0,0,,no_usable_pages,known,,,bpt6k638337r: no usable pages in manifest.,2026-07-17T22:36:25.266486
lepetitjournal,bpt6k6383384,,failed,0,0,,no_usable_pages,known,,,bpt6k6383384: no usable pages in manifest.,2026-07-17T22:36:25.374772
lepetitjournal,bpt6k638339h,,failed,0,0,,no_usable_pages,known,,,bpt6k638339h: no usable pages in manifest.,2026-07-17T22:36:25.466006
lepetitjournal,bpt6k638340f,,failed,0,0,,no_usable_pages,known,,,bpt6k638340f: no usable pages in manifest.,2026-07-17T22:36:25.573323
lepetitjournal,bpt6k638341t,,failed,0,0,,no_usable_pages,known,,,bpt6k638341t: no usable pages in manifest.,2026-07-17T22:36:25.732949
lepetitjournal,bpt6k6383426,,failed,0,0,,no_usable_pages,known,,,bpt6k6383426: no usable pages in manifest.,2026-07-17T22:36:25.845177
lepetitjournal,bpt6k638343k,,failed,0,0,,no_usable_pages,known,,,bpt6k638343k: no usable pages in manifest.,2026-07-17T22:36:25.940016
lepetitjournal,bpt6k638344z,,failed,0,0,,no_usable_pages,known,,,bpt6k638344z: no usable pages in manifest.,2026-07-17T22:36:26.054953
lepetitjournal,bpt6k638345b,,failed,0,0,,no_usable_pages,known,,,bpt6k638345b: no usable pages in manifest.,2026-07-17T22:36:26.144171
lepetitjournal,bpt6k638346q,,failed,0,0,,no_usable_pages,known,,,bpt6k638346q: no usable pages in manifest.,2026-07-17T22:36:26.228715
lepetitjournal,bpt6k6383473,,failed,0,0,,no_usable_pages,known,,,bpt6k6383473: no usable pages in manifest.,2026-07-17T22:36:26.340648
lepetitjournal,bpt6k638348g,,failed,0,0,,no_usable_pages,known,,,bpt6k638348g: no usable pages in manifest.,2026-07-17T22:36:26.431340
lepetitjournal,bpt6k638349v,,failed,0,0,,no_usable_pages,known,,,bpt6k638349v: no usable pages in manifest.,2026-07-17T22:36:26.525037
lepetitjournal,bpt6k638350s,,failed,0,0,,no_usable_pages,known,,,bpt6k638350s: no usable pages in manifest.,2026-07-17T22:36:26.618640
lepetitjournal,bpt6k6383515,,failed,0,0,,no_usable_pages,known,,,bpt6k6383515: no usable pages in manifest.,2026-07-17T22:36:26.729595
lepetitjournal,bpt6k638352j,,failed,0,0,,no_usable_pages,known,,,bpt6k638352j: no usable pages in manifest.,2026-07-17T22:36:26.829200
lepetitjournal,bpt6k638353x,,failed,0,0,,no_usable_pages,known,,,bpt6k638353x: no usable pages in manifest.,2026-07-17T22:36:26.957886
lepetitjournal,bpt6k6383549,,failed,0,0,,no_usable_pages,known,,,bpt6k6383549: no usable pages in manifest.,2026-07-17T22:36:27.104602
lepetitjournal,bpt6k638355p,,failed,0,0,,no_usable_pages,known,,,bpt6k638355p: no usable pages in manifest.,2026-07-17T22:36:27.377072
lepetitjournal,bpt6k6383562,,failed,0,0,,no_usable_pages,known,,,bpt6k6383562: no usable pages in manifest.,2026-07-17T22:36:27.535048
lepetitjournal,bpt6k638357f,,failed,0,0,,no_usable_pages,known,,,bpt6k638357f: no usable pages in manifest.,2026-07-17T22:36:27.632753
lepetitjournal,bpt6k638358t,,failed,0,0,,no_usable_pages,known,,,bpt6k638358t: no usable pages in manifest.,2026-07-17T22:36:27.783843
lepetitjournal,bpt6k6383596,,failed,0,0,,no_usable_pages,known,,,bpt6k6383596: no usable pages in manifest.,2026-07-17T22:36:27.866419
lepetitjournal,bpt6k6383604,,failed,0,0,,no_usable_pages,known,,,bpt6k6383604: no usable pages in manifest.,2026-07-17T22:36:27.965902
lepetitjournal,bpt6k638361h,,failed,0,0,,no_usable_pages,known,,,bpt6k638361h: no usable pages in manifest.,2026-07-17T22:36:28.039429
lepetitjournal,bpt6k638362w,,failed,0,0,,no_usable_pages,known,,,bpt6k638362w: no usable pages in manifest.,2026-07-17T22:36:28.159343
lepetitjournal,bpt6k6383638,,failed,0,0,,no_usable_pages,known,,,bpt6k6383638: no usable pages in manifest.,2026-07-17T22:36:28.251632
lepetitjournal,bpt6k638364n,,failed,0,0,,no_usable_pages,known,,,bpt6k638364n: no usable pages in manifest.,2026-07-17T22:36:28.329625
lepetitjournal,bpt6k6383651,,failed,0,0,,no_usable_pages,known,,,bpt6k6383651: no usable pages in manifest.,2026-07-17T22:36:28.408419
lepetitjournal,bpt6k638366d,,failed,0,0,,no_usable_pages,known,,,bpt6k638366d: no usable pages in manifest.,2026-07-17T22:36:28.523655
lepetitjournal,bpt6k638367s,,failed,0,0,,no_usable_pages,known,,,bpt6k638367s: no usable pages in manifest.,2026-07-17T22:36:28.620745
lepetitjournal,bpt6k6383685,,failed,0,0,,no_usable_pages,known,,,bpt6k6383685: no usable pages in manifest.,2026-07-17T22:36:28.696819
lepetitjournal,bpt6k638369j,,failed,0,0,,no_usable_pages,known,,,bpt6k638369j: no usable pages in manifest.,2026-07-17T22:36:28.814474
lepetitjournal,bpt6k638370g,,failed,0,0,,no_usable_pages,known,,,bpt6k638370g: no usable pages in manifest.,2026-07-17T22:36:28.925934
lepetitjournal,bpt6k638371v,,failed,0,0,,no_usable_pages,known,,,bpt6k638371v: no usable pages in manifest.,2026-07-17T22:36:29.055496
lepetitjournal,bpt6k6383727,,failed,0,0,,no_usable_pages,known,,,bpt6k6383727: no usable pages in manifest.,2026-07-17T22:36:29.183725
lepetitjournal,bpt6k638373m,,failed,0,0,,no_usable_pages,known,,,bpt6k638373m: no usable pages in manifest.,2026-07-17T22:36:29.290342
lepetitjournal,bpt6k6383740,,failed,0,0,,no_usable_pages,known,,,bpt6k6383740: no usable pages in manifest.,2026-07-17T22:36:29.416423
lepetitjournal,bpt6k638375c,,failed,0,0,,no_usable_pages,known,,,bpt6k638375c: no usable pages in manifest.,2026-07-17T22:36:29.552863
lepetitjournal,bpt6k638376r,,failed,0,0,,no_usable_pages,known,,,bpt6k638376r: no usable pages in manifest.,2026-07-17T22:36:29.676752
lepetitjournal,bpt6k6383774,,failed,0,0,,no_usable_pages,known,,,bpt6k6383774: no usable pages in manifest.,2026-07-17T22:36:29.766938
lepetitjournal,bpt6k638378h,,failed,0,0,,no_usable_pages,known,,,bpt6k638378h: no usable pages in manifest.,2026-07-17T22:36:29.845622
lepetitjournal,bpt6k638379w,,failed,0,0,,no_usable_pages,known,,,bpt6k638379w: no usable pages in manifest.,2026-07-17T22:36:29.906937
lepetitjournal,bpt6k638380t,,failed,0,0,,no_usable_pages,known,,,bpt6k638380t: no usable pages in manifest.,2026-07-17T22:36:29.975840
lepetitjournal,bpt6k6383816,,failed,0,0,,no_usable_pages,known,,,bpt6k6383816: no usable pages in manifest.,2026-07-17T22:36:30.103884
lepetitjournal,bpt6k638382k,,failed,0,0,,no_usable_pages,known,,,bpt6k638382k: no usable pages in manifest.,2026-07-17T22:36:30.192152
lepetitjournal,bpt6k638383z,,failed,0,0,,no_usable_pages,known,,,bpt6k638383z: no usable pages in manifest.,2026-07-17T22:36:30.278960
lepetitjournal,bpt6k638384b,,failed,0,0,,no_usable_pages,known,,,bpt6k638384b: no usable pages in manifest.,2026-07-17T22:36:30.367571
lepetitjournal,bpt6k638385q,,failed,0,0,,no_usable_pages,known,,,bpt6k638385q: no usable pages in manifest.,2026-07-17T22:36:30.467408
lepetitjournal,bpt6k6383863,,failed,0,0,,no_usable_pages,known,,,bpt6k6383863: no usable pages in manifest.,2026-07-17T22:36:30.606223
lepetitjournal,bpt6k638387g,,failed,0,0,,no_usable_pages,known,,,bpt6k638387g: no usable pages in manifest.,2026-07-17T22:36:30.707668
lepetitjournal,bpt6k638388v,,failed,0,0,,no_usable_pages,known,,,bpt6k638388v: no usable pages in manifest.,2026-07-17T22:36:30.799461
lepetitjournal,bpt6k6383897,,failed,0,0,,no_usable_pages,known,,,bpt6k6383897: no usable pages in manifest.,2026-07-17T22:36:30.873318
lepetitjournal,bpt6k6383905,,failed,0,0,,no_usable_pages,known,,,bpt6k6383905: no usable pages in manifest.,2026-07-17T22:36:30.952617
lepetitjournal,bpt6k638391j,,failed,0,0,,no_usable_pages,known,,,bpt6k638391j: no usable pages in manifest.,2026-07-17T22:36:31.039041
lepetitjournal,bpt6k638392x,,failed,0,0,,no_usable_pages,known,,,bpt6k638392x: no usable pages in manifest.,2026-07-17T22:36:31.126011
lepetitjournal,bpt6k6383939,,failed,0,0,,no_usable_pages,known,,,bpt6k6383939: no usable pages in manifest.,2026-07-17T22:36:31.231546
lepetitjournal,bpt6k638394p,,failed,0,0,,no_usable_pages,known,,,bpt6k638394p: no usable pages in manifest.,2026-07-17T22:36:31.317568
lepetitjournal,bpt6k6383952,,failed,0,0,,no_usable_pages,known,,,bpt6k6383952: no usable pages in manifest.,2026-07-17T22:36:31.392720
lepetitjournal,bpt6k638396f,,failed,0,0,,no_usable_pages,known,,,bpt6k638396f: no usable pages in manifest.,2026-07-17T22:36:31.497728
lepetitjournal,bpt6k638397t,,failed,0,0,,no_usable_pages,known,,,bpt6k638397t: no usable pages in manifest.,2026-07-17T22:36:31.597860
lepetitjournal,bpt6k6383986,,failed,0,0,,no_usable_pages,known,,,bpt6k6383986: no usable pages in manifest.,2026-07-17T22:36:31.737690
lepetitjournal,bpt6k638399k,,failed,0,0,,no_usable_pages,known,,,bpt6k638399k: no usable pages in manifest.,2026-07-17T22:36:31.815496
lepetitjournal,bpt6k638400c,,failed,0,0,,no_usable_pages,known,,,bpt6k638400c: no usable pages in manifest.,2026-07-17T22:36:31.907550
lepetitjournal,bpt6k638401r,,failed,0,0,,no_usable_pages,known,,,bpt6k638401r: no usable pages in manifest.,2026-07-17T22:36:32.048570
lepetitjournal,bpt6k6384024,,failed,0,0,,no_usable_pages,known,,,bpt6k6384024: no usable pages in manifest.,2026-07-17T22:36:32.264424
lepetitjournal,bpt6k638403h,,failed,0,0,,no_usable_pages,known,,,bpt6k638403h: no usable pages in manifest.,2026-07-17T22:36:32.347505
lepetitjournal,bpt6k638404w,,failed,0,0,,no_usable_pages,known,,,bpt6k638404w: no usable pages in manifest.,2026-07-17T22:36:32.440111
lepetitjournal,bpt6k6384058,,failed,0,0,,no_usable_pages,known,,,bpt6k6384058: no usable pages in manifest.,2026-07-17T22:36:32.526576
lepetitjournal,bpt6k638406n,,failed,0,0,,no_usable_pages,known,,,bpt6k638406n: no usable pages in manifest.,2026-07-17T22:36:32.667935
lepetitjournal,bpt6k6384071,,failed,0,0,,no_usable_pages,known,,,bpt6k6384071: no usable pages in manifest.,2026-07-17T22:36:32.781711
lepetitjournal,bpt6k638408d,,failed,0,0,,no_usable_pages,known,,,bpt6k638408d: no usable pages in manifest.,2026-07-17T22:36:32.908988
lepetitjournal,bpt6k638409s,,failed,0,0,,no_usable_pages,known,,,bpt6k638409s: no usable pages in manifest.,2026-07-17T22:36:33.002773
lepetitjournal,bpt6k638410q,,failed,0,0,,no_usable_pages,known,,,bpt6k638410q: no usable pages in manifest.,2026-07-17T22:36:33.100147
lepetitjournal,bpt6k6384113,,failed,0,0,,no_usable_pages,known,,,bpt6k6384113: no usable pages in manifest.,2026-07-17T22:36:33.179189
lepetitjournal,bpt6k638412g,,failed,0,0,,no_usable_pages,known,,,bpt6k638412g: no usable pages in manifest.,2026-07-17T22:36:33.310222
lepetitjournal,bpt6k638413v,,failed,0,0,,no_usable_pages,known,,,bpt6k638413v: no usable pages in manifest.,2026-07-17T22:36:33.437350
lepetitjournal,bpt6k6384147,,failed,0,0,,no_usable_pages,known,,,bpt6k6384147: no usable pages in manifest.,2026-07-17T22:36:33.540820
lepetitjournal,bpt6k638415m,,failed,0,0,,no_usable_pages,known,,,bpt6k638415m: no usable pages in manifest.,2026-07-17T22:36:33.818287
lepetitjournal,bpt6k6384160,,failed,0,0,,no_usable_pages,known,,,bpt6k6384160: no usable pages in manifest.,2026-07-17T22:36:33.989686
lepetitjournal,bpt6k638417c,,failed,0,0,,no_usable_pages,known,,,bpt6k638417c: no usable pages in manifest.,2026-07-17T22:36:34.085108
lepetitjournal,bpt6k638418r,,failed,0,0,,no_usable_pages,known,,,bpt6k638418r: no usable pages in manifest.,2026-07-17T22:36:34.192826
lepetitjournal,bpt6k6384194,,failed,0,0,,no_usable_pages,known,,,bpt6k6384194: no usable pages in manifest.,2026-07-17T22:36:34.265320
lepetitjournal,bpt6k6384202,,failed,0,0,,no_usable_pages,known,,,bpt6k6384202: no usable pages in manifest.,2026-07-17T22:36:34.385322
lepetitjournal,bpt6k638421f,,failed,0,0,,no_usable_pages,known,,,bpt6k638421f: no usable pages in manifest.,2026-07-17T22:36:34.493518
lepetitjournal,bpt6k638422t,,failed,0,0,,no_usable_pages,known,,,bpt6k638422t: no usable pages in manifest.,2026-07-17T22:36:34.585435
lepetitjournal,bpt6k6384236,,failed,0,0,,no_usable_pages,known,,,bpt6k6384236: no usable pages in manifest.,2026-07-17T22:36:34.698544
lepetitjournal,bpt6k638424k,,failed,0,0,,no_usable_pages,known,,,bpt6k638424k: no usable pages in manifest.,2026-07-17T22:36:34.764514
lepetitjournal,bpt6k638425z,,failed,0,0,,no_usable_pages,known,,,bpt6k638425z: no usable pages in manifest.,2026-07-17T22:36:34.889469
lepetitjournal,bpt6k638426b,,failed,0,0,,no_usable_pages,known,,,bpt6k638426b: no usable pages in manifest.,2026-07-17T22:36:34.986095
lepetitjournal,bpt6k638427q,,failed,0,0,,no_usable_pages,known,,,bpt6k638427q: no usable pages in manifest.,2026-07-17T22:36:35.108203
lepetitjournal,bpt6k6384283,,failed,0,0,,no_usable_pages,known,,,bpt6k6384283: no usable pages in manifest.,2026-07-17T22:36:35.187414
lepetitjournal,bpt6k638429g,,failed,0,0,,no_usable_pages,known,,,bpt6k638429g: no usable pages in manifest.,2026-07-17T22:36:35.355573
lepetitjournal,bpt6k638430d,,failed,0,0,,no_usable_pages,known,,,bpt6k638430d: no usable pages in manifest.,2026-07-17T22:36:35.586348
lepetitjournal,bpt6k638431s,,failed,0,0,,no_usable_pages,known,,,bpt6k638431s: no usable pages in manifest.,2026-07-17T22:36:35.707405
lepetitjournal,bpt6k6384325,,failed,0,0,,no_usable_pages,known,,,bpt6k6384325: no usable pages in manifest.,2026-07-17T22:36:35.806550
lepetitjournal,bpt6k638433j,,failed,0,0,,no_usable_pages,known,,,bpt6k638433j: no usable pages in manifest.,2026-07-17T22:36:35.911561
lepetitjournal,bpt6k638434x,,failed,0,0,,no_usable_pages,known,,,bpt6k638434x: no usable pages in manifest.,2026-07-17T22:36:35.998876
lepetitjournal,bpt6k6384359,,failed,0,0,,no_usable_pages,known,,,bpt6k6384359: no usable pages in manifest.,2026-07-17T22:36:36.122307
lepetitjournal,bpt6k638436p,,failed,0,0,,no_usable_pages,known,,,bpt6k638436p: no usable pages in manifest.,2026-07-17T22:36:36.191475
lepetitjournal,bpt6k6384372,,failed,0,0,,no_usable_pages,known,,,bpt6k6384372: no usable pages in manifest.,2026-07-17T22:36:36.273764
lepetitjournal,bpt6k638438f,,failed,0,0,,no_usable_pages,known,,,bpt6k638438f: no usable pages in manifest.,2026-07-17T22:36:36.400405
lepetitjournal,bpt6k638439t,,failed,0,0,,no_usable_pages,known,,,bpt6k638439t: no usable pages in manifest.,2026-07-17T22:36:36.532516
lepetitjournal,bpt6k638440r,,failed,0,0,,no_usable_pages,known,,,bpt6k638440r: no usable pages in manifest.,2026-07-17T22:36:36.651523
lepetitjournal,bpt6k6384414,,failed,0,0,,no_usable_pages,known,,,bpt6k6384414: no usable pages in manifest.,2026-07-17T22:36:36.743504
lepetitjournal,bpt6k638442h,,failed,0,0,,no_usable_pages,known,,,bpt6k638442h: no usable pages in manifest.,2026-07-17T22:36:36.846673
lepetitjournal,bpt6k638443w,,failed,0,0,,no_usable_pages,known,,,bpt6k638443w: no usable pages in manifest.,2026-07-17T22:36:37.015465
lepetitjournal,bpt6k6384448,,failed,0,0,,no_usable_pages,known,,,bpt6k6384448: no usable pages in manifest.,2026-07-17T22:36:37.125807
lepetitjournal,bpt6k638445n,,failed,0,0,,no_usable_pages,known,,,bpt6k638445n: no usable pages in manifest.,2026-07-17T22:36:37.259508
lepetitjournal,bpt6k6384461,,failed,0,0,,no_usable_pages,known,,,bpt6k6384461: no usable pages in manifest.,2026-07-17T22:36:37.349336
lepetitjournal,bpt6k638447d,,failed,0,0,,no_usable_pages,known,,,bpt6k638447d: no usable pages in manifest.,2026-07-17T22:36:37.459603
lepetitjournal,bpt6k638448s,,failed,0,0,,no_usable_pages,known,,,bpt6k638448s: no usable pages in manifest.,2026-07-17T22:36:37.583243
lepetitjournal,bpt6k6384495,,failed,0,0,,no_usable_pages,known,,,bpt6k6384495: no usable pages in manifest.,2026-07-17T22:36:37.712917
lepetitjournal,bpt6k6384503,,failed,0,0,,no_usable_pages,known,,,bpt6k6384503: no usable pages in manifest.,2026-07-17T22:36:37.830950
lepetitjournal,bpt6k638451g,,failed,0,0,,no_usable_pages,known,,,bpt6k638451g: no usable pages in manifest.,2026-07-17T22:36:37.928596
lepetitjournal,bpt6k638452v,,failed,0,0,,no_usable_pages,known,,,bpt6k638452v: no usable pages in manifest.,2026-07-17T22:36:38.018567
lepetitjournal,bpt6k6384537,,failed,0,0,,no_usable_pages,known,,,bpt6k6384537: no usable pages in manifest.,2026-07-17T22:36:38.117353
lepetitjournal,bpt6k638454m,,failed,0,0,,no_usable_pages,known,,,bpt6k638454m: no usable pages in manifest.,2026-07-17T22:36:38.226456
lepetitjournal,bpt6k6384550,,failed,0,0,,no_usable_pages,known,,,bpt6k6384550: no usable pages in manifest.,2026-07-17T22:36:38.341981
lepetitjournal,bpt6k638456c,,failed,0,0,,no_usable_pages,known,,,bpt6k638456c: no usable pages in manifest.,2026-07-17T22:36:38.472658
lepetitjournal,bpt6k638457r,,failed,0,0,,no_usable_pages,known,,,bpt6k638457r: no usable pages in manifest.,2026-07-17T22:36:38.674579
lepetitjournal,bpt6k6384584,,failed,0,0,,no_usable_pages,known,,,bpt6k6384584: no usable pages in manifest.,2026-07-17T22:36:38.771852
lepetitjournal,bpt6k638459h,,failed,0,0,,no_usable_pages,known,,,bpt6k638459h: no usable pages in manifest.,2026-07-17T22:36:38.862481
lepetitjournal,bpt6k638460f,,failed,0,0,,no_usable_pages,known,,,bpt6k638460f: no usable pages in manifest.,2026-07-17T22:36:38.933231
lepetitjournal,bpt6k638461t,,failed,0,0,,no_usable_pages,known,,,bpt6k638461t: no usable pages in manifest.,2026-07-17T22:36:39.042482
lepetitjournal,bpt6k6384626,,failed,0,0,,no_usable_pages,known,,,bpt6k6384626: no usable pages in manifest.,2026-07-17T22:36:39.129918
lepetitjournal,bpt6k638463k,,failed,0,0,,no_usable_pages,known,,,bpt6k638463k: no usable pages in manifest.,2026-07-17T22:36:39.252501
lepetitjournal,bpt6k638464z,,failed,0,0,,no_usable_pages,known,,,bpt6k638464z: no usable pages in manifest.,2026-07-17T22:36:39.405631
lepetitjournal,bpt6k638465b,,failed,0,0,,no_usable_pages,known,,,bpt6k638465b: no usable pages in manifest.,2026-07-17T22:36:39.587041
lepetitjournal,bpt6k638466q,,failed,0,0,,no_usable_pages,known,,,bpt6k638466q: no usable pages in manifest.,2026-07-17T22:36:39.677871
lepetitjournal,bpt6k6384673,,failed,0,0,,no_usable_pages,known,,,bpt6k6384673: no usable pages in manifest.,2026-07-17T22:36:39.775704
lepetitjournal,bpt6k638468g,,failed,0,0,,no_usable_pages,known,,,bpt6k638468g: no usable pages in manifest.,2026-07-17T22:36:39.863267
lepetitjournal,bpt6k638469v,,failed,0,0,,no_usable_pages,known,,,bpt6k638469v: no usable pages in manifest.,2026-07-17T22:36:39.965723
lepetitjournal,bpt6k638470s,,failed,0,0,,no_usable_pages,known,,,bpt6k638470s: no usable pages in manifest.,2026-07-17T22:36:40.072064
lepetitjournal,bpt6k6384715,,failed,0,0,,no_usable_pages,known,,,bpt6k6384715: no usable pages in manifest.,2026-07-17T22:36:40.173652
lepetitjournal,bpt6k638472j,,failed,0,0,,no_usable_pages,known,,,bpt6k638472j: no usable pages in manifest.,2026-07-17T22:36:40.279935
lepetitjournal,bpt6k638473x,,failed,0,0,,no_usable_pages,known,,,bpt6k638473x: no usable pages in manifest.,2026-07-17T22:36:40.386885
lepetitjournal,bpt6k6384749,,failed,0,0,,no_usable_pages,known,,,bpt6k6384749: no usable pages in manifest.,2026-07-17T22:36:40.512842
lepetitjournal,bpt6k638475p,,failed,0,0,,no_usable_pages,known,,,bpt6k638475p: no usable pages in manifest.,2026-07-17T22:36:40.577338
lepetitjournal,bpt6k6384762,,failed,0,0,,no_usable_pages,known,,,bpt6k6384762: no usable pages in manifest.,2026-07-17T22:36:40.703308
lepetitjournal,bpt6k638477f,,failed,0,0,,no_usable_pages,known,,,bpt6k638477f: no usable pages in manifest.,2026-07-17T22:36:40.838909
lepetitjournal,bpt6k638478t,,failed,0,0,,no_usable_pages,known,,,bpt6k638478t: no usable pages in manifest.,2026-07-17T22:36:40.991142
lepetitjournal,bpt6k6384796,,failed,0,0,,no_usable_pages,known,,,bpt6k6384796: no usable pages in manifest.,2026-07-17T22:36:41.164269
lepetitjournal,bpt6k6384804,,failed,0,0,,no_usable_pages,known,,,bpt6k6384804: no usable pages in manifest.,2026-07-17T22:36:41.284650
lepetitjournal,bpt6k638481h,,failed,0,0,,no_usable_pages,known,,,bpt6k638481h: no usable pages in manifest.,2026-07-17T22:36:41.429627
lepetitjournal,bpt6k638482w,,failed,0,0,,no_usable_pages,known,,,bpt6k638482w: no usable pages in manifest.,2026-07-17T22:36:41.570577
lepetitjournal,bpt6k6384838,,failed,0,0,,no_usable_pages,known,,,bpt6k6384838: no usable pages in manifest.,2026-07-17T22:36:41.692449
lepetitjournal,bpt6k638484n,,failed,0,0,,no_usable_pages,known,,,bpt6k638484n: no usable pages in manifest.,2026-07-17T22:36:41.930501
lepetitjournal,bpt6k6384851,,failed,0,0,,no_usable_pages,known,,,bpt6k6384851: no usable pages in manifest.,2026-07-17T22:36:42.034524
lepetitjournal,bpt6k638486d,,failed,0,0,,no_usable_pages,known,,,bpt6k638486d: no usable pages in manifest.,2026-07-17T22:36:42.118454
lepetitjournal,bpt6k638487s,,failed,0,0,,no_usable_pages,known,,,bpt6k638487s: no usable pages in manifest.,2026-07-17T22:36:42.190929
lepetitjournal,bpt6k6384885,,failed,0,0,,no_usable_pages,known,,,bpt6k6384885: no usable pages in manifest.,2026-07-17T22:36:42.281680
lepetitjournal,bpt6k638489j,,failed,0,0,,no_usable_pages,known,,,bpt6k638489j: no usable pages in manifest.,2026-07-17T22:36:42.379213
lepetitjournal,bpt6k638490g,,failed,0,0,,no_usable_pages,known,,,bpt6k638490g: no usable pages in manifest.,2026-07-17T22:36:42.481265
lepetitjournal,bpt6k638491v,,failed,0,0,,no_usable_pages,known,,,bpt6k638491v: no usable pages in manifest.,2026-07-17T22:36:42.614304
lepetitjournal,bpt6k6384927,,failed,0,0,,no_usable_pages,known,,,bpt6k6384927: no usable pages in manifest.,2026-07-17T22:36:42.689082
lepetitjournal,bpt6k638493m,,failed,0,0,,no_usable_pages,known,,,bpt6k638493m: no usable pages in manifest.,2026-07-17T22:36:42.802881
lepetitjournal,bpt6k6384940,,failed,0,0,,no_usable_pages,known,,,bpt6k6384940: no usable pages in manifest.,2026-07-17T22:36:42.946730
lepetitjournal,bpt6k638495c,,failed,0,0,,no_usable_pages,known,,,bpt6k638495c: no usable pages in manifest.,2026-07-17T22:36:43.036234
lepetitjournal,bpt6k638496r,,failed,0,0,,no_usable_pages,known,,,bpt6k638496r: no usable pages in manifest.,2026-07-17T22:36:43.124840
lepetitjournal,bpt6k6384974,,failed,0,0,,no_usable_pages,known,,,bpt6k6384974: no usable pages in manifest.,2026-07-17T22:36:43.229537
lepetitjournal,bpt6k638498h,,failed,0,0,,no_usable_pages,known,,,bpt6k638498h: no usable pages in manifest.,2026-07-17T22:36:43.332329
lepetitjournal,bpt6k638499w,,failed,0,0,,no_usable_pages,known,,,bpt6k638499w: no usable pages in manifest.,2026-07-17T22:36:43.431454
lepetitjournal,bpt6k638500p,,failed,0,0,,no_usable_pages,known,,,bpt6k638500p: no usable pages in manifest.,2026-07-17T22:36:43.530688
lepetitjournal,bpt6k6385012,,failed,0,0,,no_usable_pages,known,,,bpt6k6385012: no usable pages in manifest.,2026-07-17T22:36:43.770847
lepetitjournal,bpt6k638502f,,failed,0,0,,no_usable_pages,known,,,bpt6k638502f: no usable pages in manifest.,2026-07-17T22:36:43.882582
lepetitjournal,bpt6k638503t,,failed,0,0,,no_usable_pages,known,,,bpt6k638503t: no usable pages in manifest.,2026-07-17T22:36:44.004084
lepetitjournal,bpt6k6385046,,failed,0,0,,no_usable_pages,known,,,bpt6k6385046: no usable pages in manifest.,2026-07-17T22:36:44.091209
lepetitjournal,bpt6k638505k,,failed,0,0,,no_usable_pages,known,,,bpt6k638505k: no usable pages in manifest.,2026-07-17T22:36:44.170251
lepetitjournal,bpt6k638506z,,failed,0,0,,no_usable_pages,known,,,bpt6k638506z: no usable pages in manifest.,2026-07-17T22:36:44.257526
lepetitjournal,bpt6k638507b,,failed,0,0,,no_usable_pages,known,,,bpt6k638507b: no usable pages in manifest.,2026-07-17T22:36:44.338853
lepetitjournal,bpt6k638508q,,failed,0,0,,no_usable_pages,known,,,bpt6k638508q: no usable pages in manifest.,2026-07-17T22:36:44.448248
lepetitjournal,bpt6k6385093,,failed,0,0,,no_usable_pages,known,,,bpt6k6385093: no usable pages in manifest.,2026-07-17T22:36:44.556674
lepetitjournal,bpt6k6385101,,failed,0,0,,no_usable_pages,known,,,bpt6k6385101: no usable pages in manifest.,2026-07-17T22:36:44.675315
lepetitjournal,bpt6k638511d,,failed,0,0,,no_usable_pages,known,,,bpt6k638511d: no usable pages in manifest.,2026-07-17T22:36:44.785759
lepetitjournal,bpt6k638512s,,failed,0,0,,no_usable_pages,known,,,bpt6k638512s: no usable pages in manifest.,2026-07-17T22:36:44.864509
lepetitjournal,bpt6k6385135,,failed,0,0,,no_usable_pages,known,,,bpt6k6385135: no usable pages in manifest.,2026-07-17T22:36:44.967437
lepetitjournal,bpt6k638514j,,failed,0,0,,no_usable_pages,known,,,bpt6k638514j: no usable pages in manifest.,2026-07-17T22:36:45.079163
lepetitjournal,bpt6k638515x,,failed,0,0,,no_usable_pages,known,,,bpt6k638515x: no usable pages in manifest.,2026-07-17T22:36:45.182919
lepetitjournal,bpt6k6385169,,failed,0,0,,no_usable_pages,known,,,bpt6k6385169: no usable pages in manifest.,2026-07-17T22:36:45.262929
lepetitjournal,bpt6k638517p,,failed,0,0,,no_usable_pages,known,,,bpt6k638517p: no usable pages in manifest.,2026-07-17T22:36:45.368233
lepetitjournal,bpt6k6385182,,failed,0,0,,no_usable_pages,known,,,bpt6k6385182: no usable pages in manifest.,2026-07-17T22:36:45.499697
lepetitjournal,bpt6k638519f,,failed,0,0,,no_usable_pages,known,,,bpt6k638519f: no usable pages in manifest.,2026-07-17T22:36:45.594498
lepetitjournal,bpt6k638520c,,failed,0,0,,no_usable_pages,known,,,bpt6k638520c: no usable pages in manifest.,2026-07-17T22:36:45.758929
lepetitjournal,bpt6k638521r,,failed,0,0,,no_usable_pages,known,,,bpt6k638521r: no usable pages in manifest.,2026-07-17T22:36:45.881319
lepetitjournal,bpt6k6385224,,failed,0,0,,no_usable_pages,known,,,bpt6k6385224: no usable pages in manifest.,2026-07-17T22:36:45.987387
lepetitjournal,bpt6k638523h,,failed,0,0,,no_usable_pages,known,,,bpt6k638523h: no usable pages in manifest.,2026-07-17T22:36:46.114981
lepetitjournal,bpt6k638524w,,failed,0,0,,no_usable_pages,known,,,bpt6k638524w: no usable pages in manifest.,2026-07-17T22:36:46.200505
lepetitjournal,bpt6k6385258,,failed,0,0,,no_usable_pages,known,,,bpt6k6385258: no usable pages in manifest.,2026-07-17T22:36:46.317091
lepetitjournal,bpt6k638526n,,failed,0,0,,no_usable_pages,known,,,bpt6k638526n: no usable pages in manifest.,2026-07-17T22:36:46.375245
lepetitjournal,bpt6k6385271,,failed,0,0,,no_usable_pages,known,,,bpt6k6385271: no usable pages in manifest.,2026-07-17T22:36:46.450578
lepetitjournal,bpt6k638528d,,failed,0,0,,no_usable_pages,known,,,bpt6k638528d: no usable pages in manifest.,2026-07-17T22:36:46.538035
lepetitjournal,bpt6k638529s,,failed,0,0,,no_usable_pages,known,,,bpt6k638529s: no usable pages in manifest.,2026-07-17T22:36:46.640435
lepetitjournal,bpt6k638530q,,failed,0,0,,no_usable_pages,known,,,bpt6k638530q: no usable pages in manifest.,2026-07-17T22:36:46.741981
lepetitjournal,bpt6k6385313,,failed,0,0,,no_usable_pages,known,,,bpt6k6385313: no usable pages in manifest.,2026-07-17T22:36:46.836143
lepetitjournal,bpt6k638532g,,failed,0,0,,no_usable_pages,known,,,bpt6k638532g: no usable pages in manifest.,2026-07-17T22:36:46.952806
lepetitjournal,bpt6k638533v,,failed,0,0,,no_usable_pages,known,,,bpt6k638533v: no usable pages in manifest.,2026-07-17T22:36:47.066204
lepetitjournal,bpt6k6385347,,failed,0,0,,no_usable_pages,known,,,bpt6k6385347: no usable pages in manifest.,2026-07-17T22:36:47.194660
lepetitjournal,bpt6k638535m,,failed,0,0,,no_usable_pages,known,,,bpt6k638535m: no usable pages in manifest.,2026-07-17T22:36:47.271409
lepetitjournal,bpt6k6385360,,failed,0,0,,no_usable_pages,known,,,bpt6k6385360: no usable pages in manifest.,2026-07-17T22:36:47.348306
lepetitjournal,bpt6k638537c,,failed,0,0,,no_usable_pages,known,,,bpt6k638537c: no usable pages in manifest.,2026-07-17T22:36:47.437496
lepetitjournal,bpt6k638538r,,failed,0,0,,no_usable_pages,known,,,bpt6k638538r: no usable pages in manifest.,2026-07-17T22:36:47.517972
lepetitjournal,bpt6k6385394,,failed,0,0,,no_usable_pages,known,,,bpt6k6385394: no usable pages in manifest.,2026-07-17T22:36:47.622715
lepetitjournal,bpt6k6385402,,failed,0,0,,no_usable_pages,known,,,bpt6k6385402: no usable pages in manifest.,2026-07-17T22:36:47.702795
lepetitjournal,bpt6k638541f,,failed,0,0,,no_usable_pages,known,,,bpt6k638541f: no usable pages in manifest.,2026-07-17T22:36:47.811431
lepetitjournal,bpt6k638542t,,failed,0,0,,no_usable_pages,known,,,bpt6k638542t: no usable pages in manifest.,2026-07-17T22:36:47.878469
lepetitjournal,bpt6k6385436,,failed,0,0,,no_usable_pages,known,,,bpt6k6385436: no usable pages in manifest.,2026-07-17T22:36:48.051278
lepetitjournal,bpt6k638544k,,failed,0,0,,no_usable_pages,known,,,bpt6k638544k: no usable pages in manifest.,2026-07-17T22:36:48.148466
lepetitjournal,bpt6k638545z,,failed,0,0,,no_usable_pages,known,,,bpt6k638545z: no usable pages in manifest.,2026-07-17T22:36:48.248946
lepetitjournal,bpt6k638546b,,failed,0,0,,no_usable_pages,known,,,bpt6k638546b: no usable pages in manifest.,2026-07-17T22:36:48.355524
lepetitjournal,bpt6k638547q,,failed,0,0,,no_usable_pages,known,,,bpt6k638547q: no usable pages in manifest.,2026-07-17T22:36:48.475522
lepetitjournal,bpt6k6385483,,failed,0,0,,no_usable_pages,known,,,bpt6k6385483: no usable pages in manifest.,2026-07-17T22:36:48.580304
lepetitjournal,bpt6k638549g,,failed,0,0,,no_usable_pages,known,,,bpt6k638549g: no usable pages in manifest.,2026-07-17T22:36:48.668975
lepetitjournal,bpt6k638550d,,failed,0,0,,no_usable_pages,known,,,bpt6k638550d: no usable pages in manifest.,2026-07-17T22:36:48.841362
lepetitjournal,bpt6k638551s,,failed,0,0,,no_usable_pages,known,,,bpt6k638551s: no usable pages in manifest.,2026-07-17T22:36:48.941335
lepetitjournal,bpt6k6385525,,failed,0,0,,no_usable_pages,known,,,bpt6k6385525: no usable pages in manifest.,2026-07-17T22:36:49.029560
lepetitjournal,bpt6k638553j,,failed,0,0,,no_usable_pages,known,,,bpt6k638553j: no usable pages in manifest.,2026-07-17T22:36:49.138658
lepetitjournal,bpt6k638554x,,failed,0,0,,no_usable_pages,known,,,bpt6k638554x: no usable pages in manifest.,2026-07-17T22:36:49.249771
lepetitjournal,bpt6k6385559,,failed,0,0,,no_usable_pages,known,,,bpt6k6385559: no usable pages in manifest.,2026-07-17T22:36:49.339890
lepetitjournal,bpt6k638556p,,failed,0,0,,no_usable_pages,known,,,bpt6k638556p: no usable pages in manifest.,2026-07-17T22:36:49.419300
lepetitjournal,bpt6k6385572,,failed,0,0,,no_usable_pages,known,,,bpt6k6385572: no usable pages in manifest.,2026-07-17T22:36:49.556442
lepetitjournal,bpt6k638558f,,failed,0,0,,no_usable_pages,known,,,bpt6k638558f: no usable pages in manifest.,2026-07-17T22:36:49.695432
lepetitjournal,bpt6k638559t,,failed,0,0,,no_usable_pages,known,,,bpt6k638559t: no usable pages in manifest.,2026-07-17T22:36:49.810819
lepetitjournal,bpt6k638560r,,failed,0,0,,no_usable_pages,known,,,bpt6k638560r: no usable pages in manifest.,2026-07-17T22:36:49.958985
lepetitjournal,bpt6k6385614,,failed,0,0,,no_usable_pages,known,,,bpt6k6385614: no usable pages in manifest.,2026-07-17T22:36:50.082150
lepetitjournal,bpt6k638562h,,failed,0,0,,no_usable_pages,known,,,bpt6k638562h: no usable pages in manifest.,2026-07-17T22:36:50.220958
lepetitjournal,bpt6k638563w,,failed,0,0,,no_usable_pages,known,,,bpt6k638563w: no usable pages in manifest.,2026-07-17T22:36:50.337459
lepetitjournal,bpt6k6385648,,failed,0,0,,no_usable_pages,known,,,bpt6k6385648: no usable pages in manifest.,2026-07-17T22:36:50.430213
lepetitjournal,bpt6k638565n,,failed,0,0,,no_usable_pages,known,,,bpt6k638565n: no usable pages in manifest.,2026-07-17T22:36:50.546322
lepetitjournal,bpt6k6385661,,failed,0,0,,no_usable_pages,known,,,bpt6k6385661: no usable pages in manifest.,2026-07-17T22:36:50.676327
lepetitjournal,bpt6k638567d,,failed,0,0,,no_usable_pages,known,,,bpt6k638567d: no usable pages in manifest.,2026-07-17T22:36:50.782747
lepetitjournal,bpt6k638568s,,failed,0,0,,no_usable_pages,known,,,bpt6k638568s: no usable pages in manifest.,2026-07-17T22:36:50.853295
lepetitjournal,bpt6k6385695,,failed,0,0,,no_usable_pages,known,,,bpt6k6385695: no usable pages in manifest.,2026-07-17T22:36:50.958931
lepetitjournal,bpt6k6385703,,failed,0,0,,no_usable_pages,known,,,bpt6k6385703: no usable pages in manifest.,2026-07-17T22:36:51.058169
lepetitjournal,bpt6k638571g,,failed,0,0,,no_usable_pages,known,,,bpt6k638571g: no usable pages in manifest.,2026-07-17T22:36:51.174572
lepetitjournal,bpt6k638572v,,failed,0,0,,no_usable_pages,known,,,bpt6k638572v: no usable pages in manifest.,2026-07-17T22:36:51.253299
lepetitjournal,bpt6k6385737,,failed,0,0,,no_usable_pages,known,,,bpt6k6385737: no usable pages in manifest.,2026-07-17T22:36:51.364313
lepetitjournal,bpt6k638574m,,failed,0,0,,no_usable_pages,known,,,bpt6k638574m: no usable pages in manifest.,2026-07-17T22:36:51.462024
lepetitjournal,bpt6k6385750,,failed,0,0,,no_usable_pages,known,,,bpt6k6385750: no usable pages in manifest.,2026-07-17T22:36:51.533595
lepetitjournal,bpt6k638576c,,failed,0,0,,no_usable_pages,known,,,bpt6k638576c: no usable pages in manifest.,2026-07-17T22:36:51.613520
lepetitjournal,bpt6k638577r,,failed,0,0,,no_usable_pages,known,,,bpt6k638577r: no usable pages in manifest.,2026-07-17T22:36:51.694245
lepetitjournal,bpt6k6385784,,failed,0,0,,no_usable_pages,known,,,bpt6k6385784: no usable pages in manifest.,2026-07-17T22:36:51.788935
lepetitjournal,bpt6k638579h,,failed,0,0,,no_usable_pages,known,,,bpt6k638579h: no usable pages in manifest.,2026-07-17T22:36:51.903243
lepetitjournal,bpt6k638580f,,failed,0,0,,no_usable_pages,known,,,bpt6k638580f: no usable pages in manifest.,2026-07-17T22:36:52.004593
lepetitjournal,bpt6k638581t,,failed,0,0,,no_usable_pages,known,,,bpt6k638581t: no usable pages in manifest.,2026-07-17T22:36:52.087063
lepetitjournal,bpt6k6385826,,failed,0,0,,no_usable_pages,known,,,bpt6k6385826: no usable pages in manifest.,2026-07-17T22:36:52.189182
lepetitjournal,bpt6k638583k,,failed,0,0,,no_usable_pages,known,,,bpt6k638583k: no usable pages in manifest.,2026-07-17T22:36:52.290506
lepetitjournal,bpt6k638584z,,failed,0,0,,no_usable_pages,known,,,bpt6k638584z: no usable pages in manifest.,2026-07-17T22:36:52.390129
lepetitjournal,bpt6k638585b,,failed,0,0,,no_usable_pages,known,,,bpt6k638585b: no usable pages in manifest.,2026-07-17T22:36:52.469774
lepetitjournal,bpt6k638586q,,failed,0,0,,no_usable_pages,known,,,bpt6k638586q: no usable pages in manifest.,2026-07-17T22:36:52.559855
lepetitjournal,bpt6k6385873,,failed,0,0,,no_usable_pages,known,,,bpt6k6385873: no usable pages in manifest.,2026-07-17T22:36:52.671764
lepetitjournal,bpt6k638588g,,failed,0,0,,no_usable_pages,known,,,bpt6k638588g: no usable pages in manifest.,2026-07-17T22:36:52.750310
lepetitjournal,bpt6k638589v,,failed,0,0,,no_usable_pages,known,,,bpt6k638589v: no usable pages in manifest.,2026-07-17T22:36:53.497118
lepetitjournal,bpt6k638590s,,failed,0,0,,no_usable_pages,known,,,bpt6k638590s: no usable pages in manifest.,2026-07-17T22:36:54.563197
lepetitjournal,bpt6k6385915,,failed,0,0,,no_usable_pages,known,,,bpt6k6385915: no usable pages in manifest.,2026-07-17T22:36:55.663882
lepetitjournal,bpt6k638592j,,failed,0,0,,no_usable_pages,known,,,bpt6k638592j: no usable pages in manifest.,2026-07-17T22:36:56.823621
lepetitjournal,bpt6k638593x,,failed,0,0,,no_usable_pages,known,,,bpt6k638593x: no usable pages in manifest.,2026-07-17T22:36:58.128271
lepetitjournal,bpt6k6385949,,failed,0,0,,no_usable_pages,known,,,bpt6k6385949: no usable pages in manifest.,2026-07-17T22:36:59.308033
lepetitjournal,bpt6k638595p,,failed,0,0,,no_usable_pages,known,,,bpt6k638595p: no usable pages in manifest.,2026-07-17T22:37:00.465616
lepetitjournal,bpt6k6385962,,failed,0,0,,no_usable_pages,known,,,bpt6k6385962: no usable pages in manifest.,2026-07-17T22:37:01.727617
lepetitjournal,bpt6k638597f,,failed,0,0,,no_usable_pages,known,,,bpt6k638597f: no usable pages in manifest.,2026-07-17T22:37:02.833111
lepetitjournal,bpt6k638598t,,failed,0,0,,no_usable_pages,known,,,bpt6k638598t: no usable pages in manifest.,2026-07-17T22:37:04.163570
lepetitjournal,bpt6k6385996,,failed,0,0,,no_usable_pages,known,,,bpt6k6385996: no usable pages in manifest.,2026-07-17T22:37:05.346272
lepetitjournal,bpt6k6386000,,failed,0,0,,no_usable_pages,known,,,bpt6k6386000: no usable pages in manifest.,2026-07-17T22:37:06.449353
lepetitjournal,bpt6k638601c,,failed,0,0,,no_usable_pages,known,,,bpt6k638601c: no usable pages in manifest.,2026-07-17T22:37:07.865972
lepetitjournal,bpt6k638602r,,failed,0,0,,no_usable_pages,known,,,bpt6k638602r: no usable pages in manifest.,2026-07-17T22:37:09.097923
lepetitjournal,bpt6k6386034,,failed,0,0,,no_usable_pages,known,,,bpt6k6386034: no usable pages in manifest.,2026-07-17T22:37:10.122166
lepetitjournal,bpt6k638604h,,failed,0,0,,no_usable_pages,known,,,bpt6k638604h: no usable pages in manifest.,2026-07-17T22:37:11.453555
lepetitjournal,bpt6k638605w,,failed,0,0,,no_usable_pages,known,,,bpt6k638605w: no usable pages in manifest.,2026-07-17T22:37:12.474415
lepetitjournal,bpt6k6386068,,failed,0,0,,no_usable_pages,known,,,bpt6k6386068: no usable pages in manifest.,2026-07-17T22:37:13.781628
lepetitjournal,bpt6k638607n,,failed,0,0,,no_usable_pages,known,,,bpt6k638607n: no usable pages in manifest.,2026-07-17T22:37:15.034905
lepetitjournal,bpt6k6386081,,failed,0,0,,no_usable_pages,known,,,bpt6k6386081: no usable pages in manifest.,2026-07-17T22:37:16.036242
lepetitjournal,bpt6k638609d,,failed,0,0,,no_usable_pages,known,,,bpt6k638609d: no usable pages in manifest.,2026-07-17T22:37:17.316285
lepetitjournal,bpt6k638610b,,failed,0,0,,no_usable_pages,known,,,bpt6k638610b: no usable pages in manifest.,2026-07-17T22:37:18.752100
lepetitjournal,bpt6k638611q,,failed,0,0,,no_usable_pages,known,,,bpt6k638611q: no usable pages in manifest.,2026-07-17T22:37:19.702247
petitmarocain,bd6t5133101d,,failed,0,0,,no_usable_pages,known,,,bd6t5133101d: no usable pages in manifest.,2026-07-27T15:58:25.411295
petitmarocain,bd6t5137638r,,failed,0,0,,http_manifest,known,403,manifest,"Client error '403 ' for url 'https://openapiproext.bnf.fr/iiif/presentation/v3/ark:/12148/bd6t5137638r/manifest.json'
For more information check: https://developer.mozilla.org/en-US/docs/Web/HTTP/Status/403",2026-07-27T15:58:31.090901
petitmarocain,bd6t51376394,,failed,0,0,,http_manifest,known,403,manifest,"Client error '403 ' for url 'https://openapiproext.bnf.fr/iiif/presentation/v3/ark:/12148/bd6t51376394/manifest.json'
For more information check: https://developer.mozilla.org/en-US/docs/Web/HTTP/Status/403",2026-07-27T15:58:32.268917
petitmarocain,bd6t51376402,,failed,0,0,,http_manifest,known,403,manifest,"Client error '403 ' for url 'https://openapiproext.bnf.fr/iiif/presentation/v3/ark:/12148/bd6t51376402/manifest.json'
For more information check: https://developer.mozilla.org/en-US/docs/Web/HTTP/Status/403",2026-07-27T15:58:33.520920
petitmarocain,bd6t5137641f,,failed,0,0,,http_manifest,known,403,manifest,"Client error '403 ' for url 'https://openapiproext.bnf.fr/iiif/presentation/v3/ark:/12148/bd6t5137641f/manifest.json'
For more information check: https://developer.mozilla.org/en-US/docs/Web/HTTP/Status/403",2026-07-27T15:58:34.859301
petitmarocain,bd6t5137642t,,failed,0,0,,http_manifest,known,403,manifest,"Client error '403 ' for url 'https://openapiproext.bnf.fr/iiif/presentation/v3/ark:/12148/bd6t5137642t/manifest.json'
For more information check: https://developer.mozilla.org/en-US/docs/Web/HTTP/Status/403",2026-07-27T15:58:35.887990
petitmarocain,bd6t51376436,,failed,0,0,,http_manifest,known,403,manifest,"Client error '403 ' for url 'https://openapiproext.bnf.fr/iiif/presentation/v3/ark:/12148/bd6t51376436/manifest.json'
For more information check: https://developer.mozilla.org/en-US/docs/Web/HTTP/Status/403",2026-07-27T15:58:37.209292
petitmarocain,bd6t5137644k,,failed,0,0,,http_manifest,known,403,manifest,"Client error '403 ' for url 'https://openapiproext.bnf.fr/iiif/presentation/v3/ark:/12148/bd6t5137644k/manifest.json'
For more information check: https://developer.mozilla.org/en-US/docs/Web/HTTP/Status/403",2026-07-27T15:58:38.462437
petitmarocain,bd6t5137645z,,failed,0,0,,http_manifest,known,403,manifest,"Client error '403 ' for url 'https://openapiproext.bnf.fr/iiif/presentation/v3/ark:/12148/bd6t5137645z/manifest.json'
For more information check: https://developer.mozilla.org/en-US/docs/Web/HTTP/Status/403",2026-07-27T15:58:39.493200
petitmarocain,bd6t5137646b,,failed,0,0,,http_manifest,known,403,manifest,"Client error '403 ' for url 'https://openapiproext.bnf.fr/iiif/presentation/v3/ark:/12148/bd6t5137646b/manifest.json'
For more information check: https://developer.mozilla.org/en-US/docs/Web/HTTP/Status/403",2026-07-27T15:58:40.921823
petitmarocain,bd6t5137647q,,failed,0,0,,http_manifest,known,403,manifest,"Client error '403 ' for url 'https://openapiproext.bnf.fr/iiif/presentation/v3/ark:/12148/bd6t5137647q/manifest.json'
For more information check: https://developer.mozilla.org/en-US/docs/Web/HTTP/Status/403",2026-07-27T15:58:41.907464
petitmarocain,bd6t51376483,,failed,0,0,,http_manifest,known,403,manifest,"Client error '403 ' for url 'https://openapiproext.bnf.fr/iiif/presentation/v3/ark:/12148/bd6t51376483/manifest.json'
For more information check: https://developer.mozilla.org/en-US/docs/Web/HTTP/Status/403",2026-07-27T15:58:43.076302
petitmarocain,bd6t5137649g,,failed,0,0,,http_manifest,known,403,manifest,"Client error '403 ' for url 'https://openapiproext.bnf.fr/iiif/presentation/v3/ark:/12148/bd6t5137649g/manifest.json'
For more information check: https://developer.mozilla.org/en-US/docs/Web/HTTP/Status/403",2026-07-27T15:58:44.572312
petitmarocain,bd6t5137650d,,failed,0,0,,http_manifest,known,403,manifest,"Client error '403 ' for url 'https://openapiproext.bnf.fr/iiif/presentation/v3/ark:/12148/bd6t5137650d/manifest.json'
For more information check: https://developer.mozilla.org/en-US/docs/Web/HTTP/Status/403",2026-07-27T15:58:45.719769
petitmarocain,bd6t5137651s,,failed,0,0,,http_manifest,known,403,manifest,"Client error '403 ' for url 'https://openapiproext.bnf.fr/iiif/presentation/v3/ark:/12148/bd6t5137651s/manifest.json'
For more information check: https://developer.mozilla.org/en-US/docs/Web/HTTP/Status/403",2026-07-27T15:58:46.898025
petitmarocain,bd6t51376525,,failed,0,0,,http_manifest,known,403,manifest,"Client error '403 ' for url 'https://openapiproext.bnf.fr/iiif/presentation/v3/ark:/12148/bd6t51376525/manifest.json'
For more information check: https://developer.mozilla.org/en-US/docs/Web/HTTP/Status/403",2026-07-27T15:58:48.128246
petitmarocain,bd6t5137653j,,failed,0,0,,http_manifest,known,403,manifest,"Client error '403 ' for url 'https://openapiproext.bnf.fr/iiif/presentation/v3/ark:/12148/bd6t5137653j/manifest.json'
For more information check: https://developer.mozilla.org/en-US/docs/Web/HTTP/Status/403",2026-07-27T15:58:49.322646
petitmarocain,bd6t5137654x,,failed,0,0,,http_manifest,known,403,manifest,"Client error '403 ' for url 'https://openapiproext.bnf.fr/iiif/presentation/v3/ark:/12148/bd6t5137654x/manifest.json'
For more information check: https://developer.mozilla.org/en-US/docs/Web/HTTP/Status/403",2026-07-27T15:58:50.313596
petitmarocain,bd6t51376559,,failed,0,0,,http_manifest,known,403,manifest,"Client error '403 ' for url 'https://openapiproext.bnf.fr/iiif/presentation/v3/ark:/12148/bd6t51376559/manifest.json'
For more information check: https://developer.mozilla.org/en-US/docs/Web/HTTP/Status/403",2026-07-27T15:58:51.496783
petitmarocain,bd6t5137656p,,failed,0,0,,http_manifest,known,403,manifest,"Client error '403 ' for url 'https://openapiproext.bnf.fr/iiif/presentation/v3/ark:/12148/bd6t5137656p/manifest.json'
For more information check: https://developer.mozilla.org/en-US/docs/Web/HTTP/Status/403",2026-07-27T15:58:52.712990
petitmarocain,bd6t51376572,,failed,0,0,,http_manifest,known,403,manifest,"Client error '403 ' for url 'https://openapiproext.bnf.fr/iiif/presentation/v3/ark:/12148/bd6t51376572/manifest.json'
For more information check: https://developer.mozilla.org/en-US/docs/Web/HTTP/Status/403",2026-07-27T15:58:53.912597
petitmarocain,bd6t5137658f,,failed,0,0,,http_manifest,known,403,manifest,"Client error '403 ' for url 'https://openapiproext.bnf.fr/iiif/presentation/v3/ark:/12148/bd6t5137658f/manifest.json'
For more information check: https://developer.mozilla.org/en-US/docs/Web/HTTP/Status/403",2026-07-27T15:58:55.089995
petitmarocain,bd6t5137659t,,failed,0,0,,http_manifest,known,403,manifest,"Client error '403 ' for url 'https://openapiproext.bnf.fr/iiif/presentation/v3/ark:/12148/bd6t5137659t/manifest.json'
For more information check: https://developer.mozilla.org/en-US/docs/Web/HTTP/Status/403",2026-07-27T15:58:56.442803
petitmarocain,bd6t5137660r,,failed,0,0,,http_manifest,known,403,manifest,"Client error '403 ' for url 'https://openapiproext.bnf.fr/iiif/presentation/v3/ark:/12148/bd6t5137660r/manifest.json'
For more information check: https://developer.mozilla.org/en-US/docs/Web/HTTP/Status/403",2026-07-27T15:58:57.495933
petitmarocain,bd6t51376614,,failed,0,0,,http_manifest,known,403,manifest,"Client error '403 ' for url 'https://openapiproext.bnf.fr/iiif/presentation/v3/ark:/12148/bd6t51376614/manifest.json'
For more information check: https://developer.mozilla.org/en-US/docs/Web/HTTP/Status/403",2026-07-27T15:58:58.729878
petitmarocain,bd6t5137662h,,failed,0,0,,http_manifest,known,403,manifest,"Client error '403 ' for url 'https://openapiproext.bnf.fr/iiif/presentation/v3/ark:/12148/bd6t5137662h/manifest.json'
For more information check: https://developer.mozilla.org/en-US/docs/Web/HTTP/Status/403",2026-07-27T15:58:59.946937
petitmarocain,bd6t5137663w,,failed,0,0,,http_manifest,known,403,manifest,"Client error '403 ' for url 'https://openapiproext.bnf.fr/iiif/presentation/v3/ark:/12148/bd6t5137663w/manifest.json'
For more information check: https://developer.mozilla.org/en-US/docs/Web/HTTP/Status/403",2026-07-27T15:59:01.110289
petitmarocain,bd6t51376648,,failed,0,0,,http_manifest,known,403,manifest,"Client error '403 ' for url 'https://openapiproext.bnf.fr/iiif/presentation/v3/ark:/12148/bd6t51376648/manifest.json'
For more information check: https://developer.mozilla.org/en-US/docs/Web/HTTP/Status/403",2026-07-27T15:59:02.328833
petitmarocain,bd6t5137665n,,failed,0,0,,http_manifest,known,403,manifest,"Client error '403 ' for url 'https://openapiproext.bnf.fr/iiif/presentation/v3/ark:/12148/bd6t5137665n/manifest.json'
For more information check: https://developer.mozilla.org/en-US/docs/Web/HTTP/Status/403",2026-07-27T15:59:03.518177
petitmarocain,bd6t51376661,,failed,0,0,,http_manifest,known,403,manifest,"Client error '403 ' for url 'https://openapiproext.bnf.fr/iiif/presentation/v3/ark:/12148/bd6t51376661/manifest.json'
For more information check: https://developer.mozilla.org/en-US/docs/Web/HTTP/Status/403",2026-07-27T15:59:04.710415
petitmarocain,bd6t5137667d,,failed,0,0,,http_manifest,known,403,manifest,"Client error '403 ' for url 'https://openapiproext.bnf.fr/iiif/presentation/v3/ark:/12148/bd6t5137667d/manifest.json'
For more information check: https://developer.mozilla.org/en-US/docs/Web/HTTP/Status/403",2026-07-27T15:59:05.931388
petitmarocain,bd6t5137668s,,failed,0,0,,http_manifest,known,403,manifest,"Client error '403 ' for url 'https://openapiproext.bnf.fr/iiif/presentation/v3/ark:/12148/bd6t5137668s/manifest.json'
For more information check: https://developer.mozilla.org/en-US/docs/Web/HTTP/Status/403",2026-07-27T15:59:07.107872
petitmarocain,bd6t51376695,,failed,0,0,,http_manifest,known,403,manifest,"Client error '403 ' for url 'https://openapiproext.bnf.fr/iiif/presentation/v3/ark:/12148/bd6t51376695/manifest.json'
For more information check: https://developer.mozilla.org/en-US/docs/Web/HTTP/Status/403",2026-07-27T15:59:08.338621
petitmarocain,bd6t51376703,,failed,0,0,,http_manifest,known,403,manifest,"Client error '403 ' for url 'https://openapiproext.bnf.fr/iiif/presentation/v3/ark:/12148/bd6t51376703/manifest.json'
For more information check: https://developer.mozilla.org/en-US/docs/Web/HTTP/Status/403",2026-07-27T15:59:09.515858
petitmarocain,bd6t5137671g,,failed,0,0,,http_manifest,known,403,manifest,"Client error '403 ' for url 'https://openapiproext.bnf.fr/iiif/presentation/v3/ark:/12148/bd6t5137671g/manifest.json'
For more information check: https://developer.mozilla.org/en-US/docs/Web/HTTP/Status/403",2026-07-27T15:59:10.748421
petitmarocain,bd6t5137672v,,failed,0,0,,http_manifest,known,403,manifest,"Client error '403 ' for url 'https://openapiproext.bnf.fr/iiif/presentation/v3/ark:/12148/bd6t5137672v/manifest.json'
For more information check: https://developer.mozilla.org/en-US/docs/Web/HTTP/Status/403",2026-07-27T15:59:11.950318
petitmarocain,bd6t51376737,,failed,0,0,,http_manifest,known,403,manifest,"Client error '403 ' for url 'https://openapiproext.bnf.fr/iiif/presentation/v3/ark:/12148/bd6t51376737/manifest.json'
For more information check: https://developer.mozilla.org/en-US/docs/Web/HTTP/Status/403",2026-07-27T15:59:13.123953
petitmarocain,bd6t5137674m,,failed,0,0,,http_manifest,known,403,manifest,"Client error '403 ' for url 'https://openapiproext.bnf.fr/iiif/presentation/v3/ark:/12148/bd6t5137674m/manifest.json'
For more information check: https://developer.mozilla.org/en-US/docs/Web/HTTP/Status/403",2026-07-27T15:59:14.353967
petitmarocain,bd6t51376750,,failed,0,0,,http_manifest,known,403,manifest,"Client error '403 ' for url 'https://openapiproext.bnf.fr/iiif/presentation/v3/ark:/12148/bd6t51376750/manifest.json'
For more information check: https://developer.mozilla.org/en-US/docs/Web/HTTP/Status/403",2026-07-27T15:59:15.543851
petitmarocain,bd6t5137676c,,failed,0,0,,http_manifest,known,403,manifest,"Client error '403 ' for url 'https://openapiproext.bnf.fr/iiif/presentation/v3/ark:/12148/bd6t5137676c/manifest.json'
For more information check: https://developer.mozilla.org/en-US/docs/Web/HTTP/Status/403",2026-07-27T15:59:16.725014
petitmarocain,bd6t5137677r,,failed,0,0,,http_manifest,known,403,manifest,"Client error '403 ' for url 'https://openapiproext.bnf.fr/iiif/presentation/v3/ark:/12148/bd6t5137677r/manifest.json'
For more information check: https://developer.mozilla.org/en-US/docs/Web/HTTP/Status/403",2026-07-27T15:59:17.950861
petitmarocain,bd6t51376784,,failed,0,0,,http_manifest,known,403,manifest,"Client error '403 ' for url 'https://openapiproext.bnf.fr/iiif/presentation/v3/ark:/12148/bd6t51376784/manifest.json'
For more information check: https://developer.mozilla.org/en-US/docs/Web/HTTP/Status/403",2026-07-27T15:59:19.124444
petitmarocain,bd6t5137679h,,failed,0,0,,http_manifest,known,403,manifest,"Client error '403 ' for url 'https://openapiproext.bnf.fr/iiif/presentation/v3/ark:/12148/bd6t5137679h/manifest.json'
For more information check: https://developer.mozilla.org/en-US/docs/Web/HTTP/Status/403",2026-07-27T15:59:20.355885
petitmarocain,bd6t5137680f,,failed,0,0,,http_manifest,known,403,manifest,"Client error '403 ' for url 'https://openapiproext.bnf.fr/iiif/presentation/v3/ark:/12148/bd6t5137680f/manifest.json'
For more information check: https://developer.mozilla.org/en-US/docs/Web/HTTP/Status/403",2026-07-27T15:59:21.531454
petitmarocain,bd6t5137681t,,failed,0,0,,http_manifest,known,403,manifest,"Client error '403 ' for url 'https://openapiproext.bnf.fr/iiif/presentation/v3/ark:/12148/bd6t5137681t/manifest.json'
For more information check: https://developer.mozilla.org/en-US/docs/Web/HTTP/Status/403",2026-07-27T15:59:22.764812
petitmarocain,bd6t51376826,,failed,0,0,,http_manifest,known,403,manifest,"Client error '403 ' for url 'https://openapiproext.bnf.fr/iiif/presentation/v3/ark:/12148/bd6t51376826/manifest.json'
For more information check: https://developer.mozilla.org/en-US/docs/Web/HTTP/Status/403",2026-07-27T15:59:23.962374
petitmarocain,bd6t5137683k,,failed,0,0,,http_manifest,known,403,manifest,"Client error '403 ' for url 'https://openapiproext.bnf.fr/iiif/presentation/v3/ark:/12148/bd6t5137683k/manifest.json'
For more information check: https://developer.mozilla.org/en-US/docs/Web/HTTP/Status/403",2026-07-27T15:59:25.138416
petitmarocain,bd6t5137684z,,failed,0,0,,http_manifest,known,403,manifest,"Client error '403 ' for url 'https://openapiproext.bnf.fr/iiif/presentation/v3/ark:/12148/bd6t5137684z/manifest.json'
For more information check: https://developer.mozilla.org/en-US/docs/Web/HTTP/Status/403",2026-07-27T15:59:26.365540
petitmarocain,bd6t5137685b,,failed,0,0,,http_manifest,known,403,manifest,"Client error '403 ' for url 'https://openapiproext.bnf.fr/iiif/presentation/v3/ark:/12148/bd6t5137685b/manifest.json'
For more information check: https://developer.mozilla.org/en-US/docs/Web/HTTP/Status/403",2026-07-27T15:59:27.561808
petitmarocain,bd6t5137686q,,failed,0,0,,http_manifest,known,403,manifest,"Client error '403 ' for url 'https://openapiproext.bnf.fr/iiif/presentation/v3/ark:/12148/bd6t5137686q/manifest.json'
For more information check: https://developer.mozilla.org/en-US/docs/Web/HTTP/Status/403",2026-07-27T15:59:28.861547
petitmarocain,bd6t51376873,,failed,0,0,,http_manifest,known,403,manifest,"Client error '403 ' for url 'https://openapiproext.bnf.fr/iiif/presentation/v3/ark:/12148/bd6t51376873/manifest.json'
For more information check: https://developer.mozilla.org/en-US/docs/Web/HTTP/Status/403",2026-07-27T15:59:30.090467
petitmarocain,bd6t5137688g,,failed,0,0,,http_manifest,known,403,manifest,"Client error '403 ' for url 'https://openapiproext.bnf.fr/iiif/presentation/v3/ark:/12148/bd6t5137688g/manifest.json'
For more information check: https://developer.mozilla.org/en-US/docs/Web/HTTP/Status/403",2026-07-27T15:59:31.147365
petitmarocain,bd6t5137689v,,failed,0,0,,http_manifest,known,403,manifest,"Client error '403 ' for url 'https://openapiproext.bnf.fr/iiif/presentation/v3/ark:/12148/bd6t5137689v/manifest.json'
For more information check: https://developer.mozilla.org/en-US/docs/Web/HTTP/Status/403",2026-07-27T15:59:32.468933
petitmarocain,bd6t5137690s,,failed,0,0,,http_manifest,known,403,manifest,"Client error '403 ' for url 'https://openapiproext.bnf.fr/iiif/presentation/v3/ark:/12148/bd6t5137690s/manifest.json'
For more information check: https://developer.mozilla.org/en-US/docs/Web/HTTP/Status/403",2026-07-27T15:59:33.550393
petitmarocain,bd6t51376915,,failed,0,0,,http_manifest,known,403,manifest,"Client error '403 ' for url 'https://openapiproext.bnf.fr/iiif/presentation/v3/ark:/12148/bd6t51376915/manifest.json'
For more information check: https://developer.mozilla.org/en-US/docs/Web/HTTP/Status/403",2026-07-27T15:59:34.861614
petitmarocain,bd6t5137692j,,failed,0,0,,http_manifest,known,403,manifest,"Client error '403 ' for url 'https://openapiproext.bnf.fr/iiif/presentation/v3/ark:/12148/bd6t5137692j/manifest.json'
For more information check: https://developer.mozilla.org/en-US/docs/Web/HTTP/Status/403",2026-07-27T15:59:36.016985
petitmarocain,bd6t5137693x,,failed,0,0,,http_manifest,known,403,manifest,"Client error '403 ' for url 'https://openapiproext.bnf.fr/iiif/presentation/v3/ark:/12148/bd6t5137693x/manifest.json'
For more information check: https://developer.mozilla.org/en-US/docs/Web/HTTP/Status/403",2026-07-27T15:59:37.312053
petitmarocain,bd6t51376949,,failed,0,0,,http_manifest,known,403,manifest,"Client error '403 ' for url 'https://openapiproext.bnf.fr/iiif/presentation/v3/ark:/12148/bd6t51376949/manifest.json'
For more information check: https://developer.mozilla.org/en-US/docs/Web/HTTP/Status/403",2026-07-27T15:59:38.546850
petitmarocain,bd6t5137695p,,failed,0,0,,http_manifest,known,403,manifest,"Client error '403 ' for url 'https://openapiproext.bnf.fr/iiif/presentation/v3/ark:/12148/bd6t5137695p/manifest.json'
For more information check: https://developer.mozilla.org/en-US/docs/Web/HTTP/Status/403",2026-07-27T15:59:39.575578
petitmarocain,bd6t51376962,,failed,0,0,,http_manifest,known,403,manifest,"Client error '403 ' for url 'https://openapiproext.bnf.fr/iiif/presentation/v3/ark:/12148/bd6t51376962/manifest.json'
For more information check: https://developer.mozilla.org/en-US/docs/Web/HTTP/Status/403",2026-07-27T15:59:40.878207
petitmarocain,bd6t5137697f,,failed,0,0,,http_manifest,known,403,manifest,"Client error '403 ' for url 'https://openapiproext.bnf.fr/iiif/presentation/v3/ark:/12148/bd6t5137697f/manifest.json'
For more information check: https://developer.mozilla.org/en-US/docs/Web/HTTP/Status/403",2026-07-27T15:59:42.310439
petitmarocain,bd6t5137698t,,failed,0,0,,http_manifest,known,403,manifest,"Client error '403 ' for url 'https://openapiproext.bnf.fr/iiif/presentation/v3/ark:/12148/bd6t5137698t/manifest.json'
For more information check: https://developer.mozilla.org/en-US/docs/Web/HTTP/Status/403",2026-07-27T15:59:43.175905
petitmarocain,bd6t51376996,,failed,0,0,,http_manifest,known,403,manifest,"Client error '403 ' for url 'https://openapiproext.bnf.fr/iiif/presentation/v3/ark:/12148/bd6t51376996/manifest.json'
For more information check: https://developer.mozilla.org/en-US/docs/Web/HTTP/Status/403",2026-07-27T15:59:44.422772
petitmarocain,bd6t51377000,,failed,0,0,,http_manifest,known,403,manifest,"Client error '403 ' for url 'https://openapiproext.bnf.fr/iiif/presentation/v3/ark:/12148/bd6t51377000/manifest.json'
For more information check: https://developer.mozilla.org/en-US/docs/Web/HTTP/Status/403",2026-07-27T15:59:45.822440
petitmarocain,bd6t5137701c,,failed,0,0,,http_manifest,known,403,manifest,"Client error '403 ' for url 'https://openapiproext.bnf.fr/iiif/presentation/v3/ark:/12148/bd6t5137701c/manifest.json'
For more information check: https://developer.mozilla.org/en-US/docs/Web/HTTP/Status/403",2026-07-27T15:59:46.801763
petitmarocain,bd6t5137702r,,failed,0,0,,http_manifest,known,403,manifest,"Client error '403 ' for url 'https://openapiproext.bnf.fr/iiif/presentation/v3/ark:/12148/bd6t5137702r/manifest.json'
For more information check: https://developer.mozilla.org/en-US/docs/Web/HTTP/Status/403",2026-07-27T15:59:48.087869
petitmarocain,bd6t51377034,,failed,0,0,,http_manifest,known,403,manifest,"Client error '403 ' for url 'https://openapiproext.bnf.fr/iiif/presentation/v3/ark:/12148/bd6t51377034/manifest.json'
For more information check: https://developer.mozilla.org/en-US/docs/Web/HTTP/Status/403",2026-07-27T15:59:49.447279
petitmarocain,bd6t5137704h,,failed,0,0,,http_manifest,known,403,manifest,"Client error '403 ' for url 'https://openapiproext.bnf.fr/iiif/presentation/v3/ark:/12148/bd6t5137704h/manifest.json'
For more information check: https://developer.mozilla.org/en-US/docs/Web/HTTP/Status/403",2026-07-27T15:59:50.402710
petitmarocain,bd6t5137705w,,failed,0,0,,http_manifest,known,403,manifest,"Client error '403 ' for url 'https://openapiproext.bnf.fr/iiif/presentation/v3/ark:/12148/bd6t5137705w/manifest.json'
For more information check: https://developer.mozilla.org/en-US/docs/Web/HTTP/Status/403",2026-07-27T15:59:51.591305
petitmarocain,bd6t51377068,,failed,0,0,,http_manifest,known,403,manifest,"Client error '403 ' for url 'https://openapiproext.bnf.fr/iiif/presentation/v3/ark:/12148/bd6t51377068/manifest.json'
For more information check: https://developer.mozilla.org/en-US/docs/Web/HTTP/Status/403",2026-07-27T15:59:52.781707
petitmarocain,bd6t5137707n,,failed,0,0,,http_manifest,known,403,manifest,"Client error '403 ' for url 'https://openapiproext.bnf.fr/iiif/presentation/v3/ark:/12148/bd6t5137707n/manifest.json'
For more information check: https://developer.mozilla.org/en-US/docs/Web/HTTP/Status/403",2026-07-27T15:59:54.000991
petitmarocain,bd6t51377081,,failed,0,0,,http_manifest,known,403,manifest,"Client error '403 ' for url 'https://openapiproext.bnf.fr/iiif/presentation/v3/ark:/12148/bd6t51377081/manifest.json'
For more information check: https://developer.mozilla.org/en-US/docs/Web/HTTP/Status/403",2026-07-27T15:59:55.180712
petitmarocain,bd6t5137709d,,failed,0,0,,http_manifest,known,403,manifest,"Client error '403 ' for url 'https://openapiproext.bnf.fr/iiif/presentation/v3/ark:/12148/bd6t5137709d/manifest.json'
For more information check: https://developer.mozilla.org/en-US/docs/Web/HTTP/Status/403",2026-07-27T15:59:56.420596
petitmarocain,bd6t5137710b,,failed,0,0,,http_manifest,known,403,manifest,"Client error '403 ' for url 'https://openapiproext.bnf.fr/iiif/presentation/v3/ark:/12148/bd6t5137710b/manifest.json'
For more information check: https://developer.mozilla.org/en-US/docs/Web/HTTP/Status/403",2026-07-27T15:59:57.585496
petitmarocain,bd6t5137711q,,failed,0,0,,http_manifest,known,403,manifest,"Client error '403 ' for url 'https://openapiproext.bnf.fr/iiif/presentation/v3/ark:/12148/bd6t5137711q/manifest.json'
For more information check: https://developer.mozilla.org/en-US/docs/Web/HTTP/Status/403",2026-07-27T15:59:58.813515
petitmarocain,bd6t51377123,,failed,0,0,,http_manifest,known,403,manifest,"Client error '403 ' for url 'https://openapiproext.bnf.fr/iiif/presentation/v3/ark:/12148/bd6t51377123/manifest.json'
For more information check: https://developer.mozilla.org/en-US/docs/Web/HTTP/Status/403",2026-07-27T16:00:00.021728
petitmarocain,bd6t5137713g,,failed,0,0,,http_manifest,known,403,manifest,"Client error '403 ' for url 'https://openapiproext.bnf.fr/iiif/presentation/v3/ark:/12148/bd6t5137713g/manifest.json'
For more information check: https://developer.mozilla.org/en-US/docs/Web/HTTP/Status/403",2026-07-27T16:00:01.203970
petitmarocain,bd6t5137714v,,failed,0,0,,http_manifest,known,403,manifest,"Client error '403 ' for url 'https://openapiproext.bnf.fr/iiif/presentation/v3/ark:/12148/bd6t5137714v/manifest.json'
For more information check: https://developer.mozilla.org/en-US/docs/Web/HTTP/Status/403",2026-07-27T16:00:02.414117
petitmarocain,bd6t51377157,,failed,0,0,,http_manifest,known,403,manifest,"Client error '403 ' for url 'https://openapiproext.bnf.fr/iiif/presentation/v3/ark:/12148/bd6t51377157/manifest.json'
For more information check: https://developer.mozilla.org/en-US/docs/Web/HTTP/Status/403",2026-07-27T16:00:03.609535
petitmarocain,bd6t5137716m,,failed,0,0,,http_manifest,known,403,manifest,"Client error '403 ' for url 'https://openapiproext.bnf.fr/iiif/presentation/v3/ark:/12148/bd6t5137716m/manifest.json'
For more information check: https://developer.mozilla.org/en-US/docs/Web/HTTP/Status/403",2026-07-27T16:00:04.807666
petitmarocain,bd6t51377170,,failed,0,0,,http_manifest,known,403,manifest,"Client error '403 ' for url 'https://openapiproext.bnf.fr/iiif/presentation/v3/ark:/12148/bd6t51377170/manifest.json'
For more information check: https://developer.mozilla.org/en-US/docs/Web/HTTP/Status/403",2026-07-27T16:00:06.000611
petitmarocain,bd6t5137718c,,failed,0,0,,http_manifest,known,403,manifest,"Client error '403 ' for url 'https://openapiproext.bnf.fr/iiif/presentation/v3/ark:/12148/bd6t5137718c/manifest.json'
For more information check: https://developer.mozilla.org/en-US/docs/Web/HTTP/Status/403",2026-07-27T16:00:07.198913
petitmarocain,bd6t5137719r,,failed,0,0,,http_manifest,known,403,manifest,"Client error '403 ' for url 'https://openapiproext.bnf.fr/iiif/presentation/v3/ark:/12148/bd6t5137719r/manifest.json'
For more information check: https://developer.mozilla.org/en-US/docs/Web/HTTP/Status/403",2026-07-27T16:00:08.427112
petitmarocain,bd6t5137720p,,failed,0,0,,http_manifest,known,403,manifest,"Client error '403 ' for url 'https://openapiproext.bnf.fr/iiif/presentation/v3/ark:/12148/bd6t5137720p/manifest.json'
For more information check: https://developer.mozilla.org/en-US/docs/Web/HTTP/Status/403",2026-07-27T16:00:09.630423
petitmarocain,bd6t51377212,,failed,0,0,,http_manifest,known,403,manifest,"Client error '403 ' for url 'https://openapiproext.bnf.fr/iiif/presentation/v3/ark:/12148/bd6t51377212/manifest.json'
For more information check: https://developer.mozilla.org/en-US/docs/Web/HTTP/Status/403",2026-07-27T16:00:10.833851
petitmarocain,bd6t5137722f,,failed,0,0,,http_manifest,known,403,manifest,"Client error '403 ' for url 'https://openapiproext.bnf.fr/iiif/presentation/v3/ark:/12148/bd6t5137722f/manifest.json'
For more information check: https://developer.mozilla.org/en-US/docs/Web/HTTP/Status/403",2026-07-27T16:00:12.033101
petitmarocain,bd6t5137723t,,failed,0,0,,http_manifest,known,403,manifest,"Client error '403 ' for url 'https://openapiproext.bnf.fr/iiif/presentation/v3/ark:/12148/bd6t5137723t/manifest.json'
For more information check: https://developer.mozilla.org/en-US/docs/Web/HTTP/Status/403",2026-07-27T16:00:13.226086
petitmarocain,bd6t51377246,,failed,0,0,,http_manifest,known,403,manifest,"Client error '403 ' for url 'https://openapiproext.bnf.fr/iiif/presentation/v3/ark:/12148/bd6t51377246/manifest.json'
For more information check: https://developer.mozilla.org/en-US/docs/Web/HTTP/Status/403",2026-07-27T16:00:14.435134
petitmarocain,bd6t5137725k,,failed,0,0,,http_manifest,known,403,manifest,"Client error '403 ' for url 'https://openapiproext.bnf.fr/iiif/presentation/v3/ark:/12148/bd6t5137725k/manifest.json'
For more information check: https://developer.mozilla.org/en-US/docs/Web/HTTP/Status/403",2026-07-27T16:00:15.626799
petitmarocain,bd6t5137726z,,failed,0,0,,http_manifest,known,403,manifest,"Client error '403 ' for url 'https://openapiproext.bnf.fr/iiif/presentation/v3/ark:/12148/bd6t5137726z/manifest.json'
For more information check: https://developer.mozilla.org/en-US/docs/Web/HTTP/Status/403",2026-07-27T16:00:16.819388
petitmarocain,bd6t5137727b,,failed,0,0,,http_manifest,known,403,manifest,"Client error '403 ' for url 'https://openapiproext.bnf.fr/iiif/presentation/v3/ark:/12148/bd6t5137727b/manifest.json'
For more information check: https://developer.mozilla.org/en-US/docs/Web/HTTP/Status/403",2026-07-27T16:00:18.043840
petitmarocain,bd6t5137728q,,failed,0,0,,http_manifest,known,403,manifest,"Client error '403 ' for url 'https://openapiproext.bnf.fr/iiif/presentation/v3/ark:/12148/bd6t5137728q/manifest.json'
For more information check: https://developer.mozilla.org/en-US/docs/Web/HTTP/Status/403",2026-07-27T16:00:19.220721
petitmarocain,bd6t51365351,,failed,0,0,,http_manifest,known,403,manifest,"Client error '403 ' for url 'https://openapiproext.bnf.fr/iiif/presentation/v3/ark:/12148/bd6t51365351/manifest.json'
For more information check: https://developer.mozilla.org/en-US/docs/Web/HTTP/Status/403",2026-07-27T16:00:20.453110
petitmarocain,bd6t5136536d,,failed,0,0,,http_manifest,known,403,manifest,"Client error '403 ' for url 'https://openapiproext.bnf.fr/iiif/presentation/v3/ark:/12148/bd6t5136536d/manifest.json'
For more information check: https://developer.mozilla.org/en-US/docs/Web/HTTP/Status/403",2026-07-27T16:00:21.621754
petitmarocain,bd6t5136537s,,failed,0,0,,http_manifest,known,403,manifest,"Client error '403 ' for url 'https://openapiproext.bnf.fr/iiif/presentation/v3/ark:/12148/bd6t5136537s/manifest.json'
For more information check: https://developer.mozilla.org/en-US/docs/Web/HTTP/Status/403",2026-07-27T16:00:22.849724
petitmarocain,bd6t51365385,,failed,0,0,,http_manifest,known,403,manifest,"Client error '403 ' for url 'https://openapiproext.bnf.fr/iiif/presentation/v3/ark:/12148/bd6t51365385/manifest.json'
For more information check: https://developer.mozilla.org/en-US/docs/Web/HTTP/Status/403",2026-07-27T16:00:24.055347
petitmarocain,bd6t5136539j,,failed,0,0,,http_manifest,known,403,manifest,"Client error '403 ' for url 'https://openapiproext.bnf.fr/iiif/presentation/v3/ark:/12148/bd6t5136539j/manifest.json'
For more information check: https://developer.mozilla.org/en-US/docs/Web/HTTP/Status/403",2026-07-27T16:00:25.234306
petitmarocain,bd6t5136540g,,failed,0,0,,http_manifest,known,403,manifest,"Client error '403 ' for url 'https://openapiproext.bnf.fr/iiif/presentation/v3/ark:/12148/bd6t5136540g/manifest.json'
For more information check: https://developer.mozilla.org/en-US/docs/Web/HTTP/Status/403",2026-07-27T16:00:26.458981
petitmarocain,bd6t5136541v,,failed,0,0,,http_manifest,known,403,manifest,"Client error '403 ' for url 'https://openapiproext.bnf.fr/iiif/presentation/v3/ark:/12148/bd6t5136541v/manifest.json'
For more information check: https://developer.mozilla.org/en-US/docs/Web/HTTP/Status/403",2026-07-27T16:00:27.645180
petitmarocain,bd6t51365427,,failed,0,0,,http_manifest,known,403,manifest,"Client error '403 ' for url 'https://openapiproext.bnf.fr/iiif/presentation/v3/ark:/12148/bd6t51365427/manifest.json'
For more information check: https://developer.mozilla.org/en-US/docs/Web/HTTP/Status/403",2026-07-27T16:00:28.836014
petitmarocain,bd6t5136543m,,failed,0,0,,http_manifest,known,403,manifest,"Client error '403 ' for url 'https://openapiproext.bnf.fr/iiif/presentation/v3/ark:/12148/bd6t5136543m/manifest.json'
For more information check: https://developer.mozilla.org/en-US/docs/Web/HTTP/Status/403",2026-07-27T16:00:30.072630
petitmarocain,bd6t51365440,,failed,0,0,,http_manifest,known,403,manifest,"Client error '403 ' for url 'https://openapiproext.bnf.fr/iiif/presentation/v3/ark:/12148/bd6t51365440/manifest.json'
For more information check: https://developer.mozilla.org/en-US/docs/Web/HTTP/Status/403",2026-07-27T16:00:31.245064
petitmarocain,bd6t5136545c,,failed,0,0,,http_manifest,known,403,manifest,"Client error '403 ' for url 'https://openapiproext.bnf.fr/iiif/presentation/v3/ark:/12148/bd6t5136545c/manifest.json'
For more information check: https://developer.mozilla.org/en-US/docs/Web/HTTP/Status/403",2026-07-27T16:00:32.610189
petitmarocain,bd6t5136546r,,failed,0,0,,http_manifest,known,403,manifest,"Client error '403 ' for url 'https://openapiproext.bnf.fr/iiif/presentation/v3/ark:/12148/bd6t5136546r/manifest.json'
For more information check: https://developer.mozilla.org/en-US/docs/Web/HTTP/Status/403",2026-07-27T16:00:33.719078
petitmarocain,bd6t51365474,,failed,0,0,,http_manifest,known,403,manifest,"Client error '403 ' for url 'https://openapiproext.bnf.fr/iiif/presentation/v3/ark:/12148/bd6t51365474/manifest.json'
For more information check: https://developer.mozilla.org/en-US/docs/Web/HTTP/Status/403",2026-07-27T16:00:34.914712
petitmarocain,bd6t5136548h,,failed,0,0,,http_manifest,known,403,manifest,"Client error '403 ' for url 'https://openapiproext.bnf.fr/iiif/presentation/v3/ark:/12148/bd6t5136548h/manifest.json'
For more information check: https://developer.mozilla.org/en-US/docs/Web/HTTP/Status/403",2026-07-27T16:00:36.092326
petitmarocain,bd6t5136549w,,failed,0,0,,http_manifest,known,403,manifest,"Client error '403 ' for url 'https://openapiproext.bnf.fr/iiif/presentation/v3/ark:/12148/bd6t5136549w/manifest.json'
For more information check: https://developer.mozilla.org/en-US/docs/Web/HTTP/Status/403",2026-07-27T16:00:37.307575
petitmarocain,bd6t5136550t,,failed,0,0,,http_manifest,known,403,manifest,"Client error '403 ' for url 'https://openapiproext.bnf.fr/iiif/presentation/v3/ark:/12148/bd6t5136550t/manifest.json'
For more information check: https://developer.mozilla.org/en-US/docs/Web/HTTP/Status/403",2026-07-27T16:00:38.811410
petitmarocain,bd6t51365516,,failed,0,0,,http_manifest,known,403,manifest,"Client error '403 ' for url 'https://openapiproext.bnf.fr/iiif/presentation/v3/ark:/12148/bd6t51365516/manifest.json'
For more information check: https://developer.mozilla.org/en-US/docs/Web/HTTP/Status/403",2026-07-27T16:00:39.797556
petitmarocain,bd6t5136552k,,failed,0,0,,http_manifest,known,403,manifest,"Client error '403 ' for url 'https://openapiproext.bnf.fr/iiif/presentation/v3/ark:/12148/bd6t5136552k/manifest.json'
For more information check: https://developer.mozilla.org/en-US/docs/Web/HTTP/Status/403",2026-07-27T16:00:40.858776
petitmarocain,bd6t5136553z,,failed,0,0,,http_manifest,known,403,manifest,"Client error '403 ' for url 'https://openapiproext.bnf.fr/iiif/presentation/v3/ark:/12148/bd6t5136553z/manifest.json'
For more information check: https://developer.mozilla.org/en-US/docs/Web/HTTP/Status/403",2026-07-27T16:00:42.088214
petitmarocain,bd6t5136554b,,failed,0,0,,http_manifest,known,403,manifest,"Client error '403 ' for url 'https://openapiproext.bnf.fr/iiif/presentation/v3/ark:/12148/bd6t5136554b/manifest.json'
For more information check: https://developer.mozilla.org/en-US/docs/Web/HTTP/Status/403",2026-07-27T16:00:43.256099
petitmarocain,bd6t5136555q,,failed,0,0,,http_manifest,known,403,manifest,"Client error '403 ' for url 'https://openapiproext.bnf.fr/iiif/presentation/v3/ark:/12148/bd6t5136555q/manifest.json'
For more information check: https://developer.mozilla.org/en-US/docs/Web/HTTP/Status/403",2026-07-27T16:00:44.716716
petitmarocain,bd6t51365563,,failed,0,0,,http_manifest,known,403,manifest,"Client error '403 ' for url 'https://openapiproext.bnf.fr/iiif/presentation/v3/ark:/12148/bd6t51365563/manifest.json'
For more information check: https://developer.mozilla.org/en-US/docs/Web/HTTP/Status/403",2026-07-27T16:00:45.905786
petitmarocain,bd6t5136557g,,failed,0,0,,http_manifest,known,403,manifest,"Client error '403 ' for url 'https://openapiproext.bnf.fr/iiif/presentation/v3/ark:/12148/bd6t5136557g/manifest.json'
For more information check: https://developer.mozilla.org/en-US/docs/Web/HTTP/Status/403",2026-07-27T16:00:46.965655
petitmarocain,bd6t5136558v,,failed,0,0,,http_manifest,known,403,manifest,"Client error '403 ' for url 'https://openapiproext.bnf.fr/iiif/presentation/v3/ark:/12148/bd6t5136558v/manifest.json'
For more information check: https://developer.mozilla.org/en-US/docs/Web/HTTP/Status/403",2026-07-27T16:00:48.092176
petitmarocain,bd6t51365597,,failed,0,0,,http_manifest,known,403,manifest,"Client error '403 ' for url 'https://openapiproext.bnf.fr/iiif/presentation/v3/ark:/12148/bd6t51365597/manifest.json'
For more information check: https://developer.mozilla.org/en-US/docs/Web/HTTP/Status/403",2026-07-27T16:00:49.321805
petitmarocain,bd6t51365605,,failed,0,0,,http_manifest,known,403,manifest,"Client error '403 ' for url 'https://openapiproext.bnf.fr/iiif/presentation/v3/ark:/12148/bd6t51365605/manifest.json'
For more information check: https://developer.mozilla.org/en-US/docs/Web/HTTP/Status/403",2026-07-27T16:00:50.725026
petitmarocain,bd6t5136561j,,failed,0,0,,http_manifest,known,403,manifest,"Client error '403 ' for url 'https://openapiproext.bnf.fr/iiif/presentation/v3/ark:/12148/bd6t5136561j/manifest.json'
For more information check: https://developer.mozilla.org/en-US/docs/Web/HTTP/Status/403",2026-07-27T16:00:51.814059
petitmarocain,bd6t5136562x,,failed,0,0,,http_manifest,known,403,manifest,"Client error '403 ' for url 'https://openapiproext.bnf.fr/iiif/presentation/v3/ark:/12148/bd6t5136562x/manifest.json'
For more information check: https://developer.mozilla.org/en-US/docs/Web/HTTP/Status/403",2026-07-27T16:00:52.875821
petitmarocain,bd6t51365639,,failed,0,0,,http_manifest,known,403,manifest,"Client error '403 ' for url 'https://openapiproext.bnf.fr/iiif/presentation/v3/ark:/12148/bd6t51365639/manifest.json'
For more information check: https://developer.mozilla.org/en-US/docs/Web/HTTP/Status/403",2026-07-27T16:00:54.089946
petitmarocain,bd6t5136564p,,failed,0,0,,http_manifest,known,403,manifest,"Client error '403 ' for url 'https://openapiproext.bnf.fr/iiif/presentation/v3/ark:/12148/bd6t5136564p/manifest.json'
For more information check: https://developer.mozilla.org/en-US/docs/Web/HTTP/Status/403",2026-07-27T16:00:55.268616
petitmarocain,bd6t51365652,,failed,0,0,,http_manifest,known,403,manifest,"Client error '403 ' for url 'https://openapiproext.bnf.fr/iiif/presentation/v3/ark:/12148/bd6t51365652/manifest.json'
For more information check: https://developer.mozilla.org/en-US/docs/Web/HTTP/Status/403",2026-07-27T16:00:56.499687
petitmarocain,bd6t5136566f,,failed,0,0,,http_manifest,known,403,manifest,"Client error '403 ' for url 'https://openapiproext.bnf.fr/iiif/presentation/v3/ark:/12148/bd6t5136566f/manifest.json'
For more information check: https://developer.mozilla.org/en-US/docs/Web/HTTP/Status/403",2026-07-27T16:00:57.695661
petitmarocain,bd6t5136567t,,failed,0,0,,http_manifest,known,403,manifest,"Client error '403 ' for url 'https://openapiproext.bnf.fr/iiif/presentation/v3/ark:/12148/bd6t5136567t/manifest.json'
For more information check: https://developer.mozilla.org/en-US/docs/Web/HTTP/Status/403",2026-07-27T16:00:58.906183
petitmarocain,bd6t51365686,,failed,0,0,,http_manifest,known,403,manifest,"Client error '403 ' for url 'https://openapiproext.bnf.fr/iiif/presentation/v3/ark:/12148/bd6t51365686/manifest.json'
For more information check: https://developer.mozilla.org/en-US/docs/Web/HTTP/Status/403",2026-07-27T16:01:00.099892
petitmarocain,bd6t5136569k,,failed,0,0,,http_manifest,known,403,manifest,"Client error '403 ' for url 'https://openapiproext.bnf.fr/iiif/presentation/v3/ark:/12148/bd6t5136569k/manifest.json'
For more information check: https://developer.mozilla.org/en-US/docs/Web/HTTP/Status/403",2026-07-27T16:01:01.293774
petitmarocain,bd6t5136570h,,failed,0,0,,http_manifest,known,403,manifest,"Client error '403 ' for url 'https://openapiproext.bnf.fr/iiif/presentation/v3/ark:/12148/bd6t5136570h/manifest.json'
For more information check: https://developer.mozilla.org/en-US/docs/Web/HTTP/Status/403",2026-07-27T16:01:02.513003
petitmarocain,bd6t5136571w,,failed,0,0,,http_manifest,known,403,manifest,"Client error '403 ' for url 'https://openapiproext.bnf.fr/iiif/presentation/v3/ark:/12148/bd6t5136571w/manifest.json'
For more information check: https://developer.mozilla.org/en-US/docs/Web/HTTP/Status/403",2026-07-27T16:01:03.698950
petitmarocain,bd6t51365728,,failed,0,0,,http_manifest,known,403,manifest,"Client error '403 ' for url 'https://openapiproext.bnf.fr/iiif/presentation/v3/ark:/12148/bd6t51365728/manifest.json'
For more information check: https://developer.mozilla.org/en-US/docs/Web/HTTP/Status/403",2026-07-27T16:01:04.901430
petitmarocain,bd6t5136573n,,failed,0,0,,http_manifest,known,403,manifest,"Client error '403 ' for url 'https://openapiproext.bnf.fr/iiif/presentation/v3/ark:/12148/bd6t5136573n/manifest.json'
For more information check: https://developer.mozilla.org/en-US/docs/Web/HTTP/Status/403",2026-07-27T16:01:06.113673
petitmarocain,bd6t51365741,,failed,0,0,,http_manifest,known,403,manifest,"Client error '403 ' for url 'https://openapiproext.bnf.fr/iiif/presentation/v3/ark:/12148/bd6t51365741/manifest.json'
For more information check: https://developer.mozilla.org/en-US/docs/Web/HTTP/Status/403",2026-07-27T16:01:07.293896
petitmarocain,bd6t5136575d,,failed,0,0,,http_manifest,known,403,manifest,"Client error '403 ' for url 'https://openapiproext.bnf.fr/iiif/presentation/v3/ark:/12148/bd6t5136575d/manifest.json'
For more information check: https://developer.mozilla.org/en-US/docs/Web/HTTP/Status/403",2026-07-27T16:01:08.516505
petitmarocain,bd6t5136576s,,failed,0,0,,http_manifest,known,403,manifest,"Client error '403 ' for url 'https://openapiproext.bnf.fr/iiif/presentation/v3/ark:/12148/bd6t5136576s/manifest.json'
For more information check: https://developer.mozilla.org/en-US/docs/Web/HTTP/Status/403",2026-07-27T16:01:09.698681
petitmarocain,bd6t51365775,,failed,0,0,,http_manifest,known,403,manifest,"Client error '403 ' for url 'https://openapiproext.bnf.fr/iiif/presentation/v3/ark:/12148/bd6t51365775/manifest.json'
For more information check: https://developer.mozilla.org/en-US/docs/Web/HTTP/Status/403",2026-07-27T16:01:10.918334
petitmarocain,bd6t5136578j,,failed,0,0,,http_manifest,known,403,manifest,"Client error '403 ' for url 'https://openapiproext.bnf.fr/iiif/presentation/v3/ark:/12148/bd6t5136578j/manifest.json'
For more information check: https://developer.mozilla.org/en-US/docs/Web/HTTP/Status/403",2026-07-27T16:01:12.128276
petitmarocain,bd6t5136579x,,failed,0,0,,http_manifest,known,403,manifest,"Client error '403 ' for url 'https://openapiproext.bnf.fr/iiif/presentation/v3/ark:/12148/bd6t5136579x/manifest.json'
For more information check: https://developer.mozilla.org/en-US/docs/Web/HTTP/Status/403",2026-07-27T16:01:13.302935
petitmarocain,bd6t5136580v,,failed,0,0,,http_manifest,known,403,manifest,"Client error '403 ' for url 'https://openapiproext.bnf.fr/iiif/presentation/v3/ark:/12148/bd6t5136580v/manifest.json'
For more information check: https://developer.mozilla.org/en-US/docs/Web/HTTP/Status/403",2026-07-27T16:01:14.533610
petitmarocain,bd6t51365817,,failed,0,0,,http_manifest,known,403,manifest,"Client error '403 ' for url 'https://openapiproext.bnf.fr/iiif/presentation/v3/ark:/12148/bd6t51365817/manifest.json'
For more information check: https://developer.mozilla.org/en-US/docs/Web/HTTP/Status/403",2026-07-27T16:01:15.723404
petitmarocain,bd6t5136582m,,failed,0,0,,http_manifest,known,403,manifest,"Client error '403 ' for url 'https://openapiproext.bnf.fr/iiif/presentation/v3/ark:/12148/bd6t5136582m/manifest.json'
For more information check: https://developer.mozilla.org/en-US/docs/Web/HTTP/Status/403",2026-07-27T16:01:16.923499
petitmarocain,bd6t51365830,,failed,0,0,,http_manifest,known,403,manifest,"Client error '403 ' for url 'https://openapiproext.bnf.fr/iiif/presentation/v3/ark:/12148/bd6t51365830/manifest.json'
For more information check: https://developer.mozilla.org/en-US/docs/Web/HTTP/Status/403",2026-07-27T16:01:18.130027
petitmarocain,bd6t5136584c,,failed,0,0,,http_manifest,known,403,manifest,"Client error '403 ' for url 'https://openapiproext.bnf.fr/iiif/presentation/v3/ark:/12148/bd6t5136584c/manifest.json'
For more information check: https://developer.mozilla.org/en-US/docs/Web/HTTP/Status/403",2026-07-27T16:01:19.312882
petitmarocain,bd6t5136585r,,failed,0,0,,http_manifest,known,403,manifest,"Client error '403 ' for url 'https://openapiproext.bnf.fr/iiif/presentation/v3/ark:/12148/bd6t5136585r/manifest.json'
For more information check: https://developer.mozilla.org/en-US/docs/Web/HTTP/Status/403",2026-07-27T16:01:20.576133
petitmarocain,bd6t51365864,,failed,0,0,,http_manifest,known,403,manifest,"Client error '403 ' for url 'https://openapiproext.bnf.fr/iiif/presentation/v3/ark:/12148/bd6t51365864/manifest.json'
For more information check: https://developer.mozilla.org/en-US/docs/Web/HTTP/Status/403",2026-07-27T16:01:21.717917
petitmarocain,bd6t5136587h,,failed,0,0,,http_manifest,known,403,manifest,"Client error '403 ' for url 'https://openapiproext.bnf.fr/iiif/presentation/v3/ark:/12148/bd6t5136587h/manifest.json'
For more information check: https://developer.mozilla.org/en-US/docs/Web/HTTP/Status/403",2026-07-27T16:01:22.936435
petitmarocain,bd6t5136588w,,failed,0,0,,http_manifest,known,403,manifest,"Client error '403 ' for url 'https://openapiproext.bnf.fr/iiif/presentation/v3/ark:/12148/bd6t5136588w/manifest.json'
For more information check: https://developer.mozilla.org/en-US/docs/Web/HTTP/Status/403",2026-07-27T16:01:24.159991
petitmarocain,bd6t51365898,,failed,0,0,,http_manifest,known,403,manifest,"Client error '403 ' for url 'https://openapiproext.bnf.fr/iiif/presentation/v3/ark:/12148/bd6t51365898/manifest.json'
For more information check: https://developer.mozilla.org/en-US/docs/Web/HTTP/Status/403",2026-07-27T16:01:25.325801
petitmarocain,bd6t51365906,,failed,0,0,,http_manifest,known,403,manifest,"Client error '403 ' for url 'https://openapiproext.bnf.fr/iiif/presentation/v3/ark:/12148/bd6t51365906/manifest.json'
For more information check: https://developer.mozilla.org/en-US/docs/Web/HTTP/Status/403",2026-07-27T16:01:26.556592
petitmarocain,bd6t5136591k,,failed,0,0,,http_manifest,known,403,manifest,"Client error '403 ' for url 'https://openapiproext.bnf.fr/iiif/presentation/v3/ark:/12148/bd6t5136591k/manifest.json'
For more information check: https://developer.mozilla.org/en-US/docs/Web/HTTP/Status/403",2026-07-27T16:01:27.741872
petitmarocain,bd6t5136592z,,failed,0,0,,http_manifest,known,403,manifest,"Client error '403 ' for url 'https://openapiproext.bnf.fr/iiif/presentation/v3/ark:/12148/bd6t5136592z/manifest.json'
For more information check: https://developer.mozilla.org/en-US/docs/Web/HTTP/Status/403",2026-07-27T16:01:28.930388
petitmarocain,bd6t5136593b,,failed,0,0,,http_manifest,known,403,manifest,"Client error '403 ' for url 'https://openapiproext.bnf.fr/iiif/presentation/v3/ark:/12148/bd6t5136593b/manifest.json'
For more information check: https://developer.mozilla.org/en-US/docs/Web/HTTP/Status/403",2026-07-27T16:01:30.321541
petitmarocain,bd6t5136594q,,failed,0,0,,http_manifest,known,403,manifest,"Client error '403 ' for url 'https://openapiproext.bnf.fr/iiif/presentation/v3/ark:/12148/bd6t5136594q/manifest.json'
For more information check: https://developer.mozilla.org/en-US/docs/Web/HTTP/Status/403",2026-07-27T16:01:31.476814
petitmarocain,bd6t51365953,,failed,0,0,,http_manifest,known,403,manifest,"Client error '403 ' for url 'https://openapiproext.bnf.fr/iiif/presentation/v3/ark:/12148/bd6t51365953/manifest.json'
For more information check: https://developer.mozilla.org/en-US/docs/Web/HTTP/Status/403",2026-07-27T16:01:32.566069
petitmarocain,bd6t5136596g,,failed,0,0,,http_manifest,known,403,manifest,"Client error '403 ' for url 'https://openapiproext.bnf.fr/iiif/presentation/v3/ark:/12148/bd6t5136596g/manifest.json'
For more information check: https://developer.mozilla.org/en-US/docs/Web/HTTP/Status/403",2026-07-27T16:01:33.814594
petitmarocain,bd6t5136597v,,failed,0,0,,http_manifest,known,403,manifest,"Client error '403 ' for url 'https://openapiproext.bnf.fr/iiif/presentation/v3/ark:/12148/bd6t5136597v/manifest.json'
For more information check: https://developer.mozilla.org/en-US/docs/Web/HTTP/Status/403",2026-07-27T16:01:35.210195
petitmarocain,bd6t51365987,,failed,0,0,,http_manifest,known,403,manifest,"Client error '403 ' for url 'https://openapiproext.bnf.fr/iiif/presentation/v3/ark:/12148/bd6t51365987/manifest.json'
For more information check: https://developer.mozilla.org/en-US/docs/Web/HTTP/Status/403",2026-07-27T16:01:36.356535
petitmarocain,bd6t5136599m,,failed,0,0,,http_manifest,known,403,manifest,"Client error '403 ' for url 'https://openapiproext.bnf.fr/iiif/presentation/v3/ark:/12148/bd6t5136599m/manifest.json'
For more information check: https://developer.mozilla.org/en-US/docs/Web/HTTP/Status/403",2026-07-27T16:01:37.423587
petitmarocain,bd6t5136600d,,failed,0,0,,http_manifest,known,403,manifest,"Client error '403 ' for url 'https://openapiproext.bnf.fr/iiif/presentation/v3/ark:/12148/bd6t5136600d/manifest.json'
For more information check: https://developer.mozilla.org/en-US/docs/Web/HTTP/Status/403",2026-07-27T16:01:38.687214
petitmarocain,bd6t5136601s,,failed,0,0,,http_manifest,known,403,manifest,"Client error '403 ' for url 'https://openapiproext.bnf.fr/iiif/presentation/v3/ark:/12148/bd6t5136601s/manifest.json'
For more information check: https://developer.mozilla.org/en-US/docs/Web/HTTP/Status/403",2026-07-27T16:01:39.768372
petitmarocain,bd6t51366025,,failed,0,0,,http_manifest,known,403,manifest,"Client error '403 ' for url 'https://openapiproext.bnf.fr/iiif/presentation/v3/ark:/12148/bd6t51366025/manifest.json'
For more information check: https://developer.mozilla.org/en-US/docs/Web/HTTP/Status/403",2026-07-27T16:01:41.144725
petitmarocain,bd6t5136603j,,failed,0,0,,http_manifest,known,403,manifest,"Client error '403 ' for url 'https://openapiproext.bnf.fr/iiif/presentation/v3/ark:/12148/bd6t5136603j/manifest.json'
For more information check: https://developer.mozilla.org/en-US/docs/Web/HTTP/Status/403",2026-07-27T16:01:42.161780
petitmarocain,bd6t5136604x,,failed,0,0,,http_manifest,known,403,manifest,"Client error '403 ' for url 'https://openapiproext.bnf.fr/iiif/presentation/v3/ark:/12148/bd6t5136604x/manifest.json'
For more information check: https://developer.mozilla.org/en-US/docs/Web/HTTP/Status/403",2026-07-27T16:01:43.379621
petitmarocain,bd6t51366059,,failed,0,0,,http_manifest,known,403,manifest,"Client error '403 ' for url 'https://openapiproext.bnf.fr/iiif/presentation/v3/ark:/12148/bd6t51366059/manifest.json'
For more information check: https://developer.mozilla.org/en-US/docs/Web/HTTP/Status/403",2026-07-27T16:01:45.074446
petitmarocain,bd6t5136606p,,failed,0,0,,http_manifest,known,403,manifest,"Client error '403 ' for url 'https://openapiproext.bnf.fr/iiif/presentation/v3/ark:/12148/bd6t5136606p/manifest.json'
For more information check: https://developer.mozilla.org/en-US/docs/Web/HTTP/Status/403",2026-07-27T16:01:45.747436
petitmarocain,bd6t51366072,,failed,0,0,,http_manifest,known,403,manifest,"Client error '403 ' for url 'https://openapiproext.bnf.fr/iiif/presentation/v3/ark:/12148/bd6t51366072/manifest.json'
For more information check: https://developer.mozilla.org/en-US/docs/Web/HTTP/Status/403",2026-07-27T16:01:46.988399
petitmarocain,bd6t5136608f,,failed,0,0,,http_manifest,known,403,manifest,"Client error '403 ' for url 'https://openapiproext.bnf.fr/iiif/presentation/v3/ark:/12148/bd6t5136608f/manifest.json'
For more information check: https://developer.mozilla.org/en-US/docs/Web/HTTP/Status/403",2026-07-27T16:01:48.330500
petitmarocain,bd6t5136609t,,failed,0,0,,http_manifest,known,403,manifest,"Client error '403 ' for url 'https://openapiproext.bnf.fr/iiif/presentation/v3/ark:/12148/bd6t5136609t/manifest.json'
For more information check: https://developer.mozilla.org/en-US/docs/Web/HTTP/Status/403",2026-07-27T16:01:49.356432
petitmarocain,bd6t5136610r,,failed,0,0,,http_manifest,known,403,manifest,"Client error '403 ' for url 'https://openapiproext.bnf.fr/iiif/presentation/v3/ark:/12148/bd6t5136610r/manifest.json'
For more information check: https://developer.mozilla.org/en-US/docs/Web/HTTP/Status/403",2026-07-27T16:01:50.748793
petitmarocain,bd6t51366114,,failed,0,0,,http_manifest,known,403,manifest,"Client error '403 ' for url 'https://openapiproext.bnf.fr/iiif/presentation/v3/ark:/12148/bd6t51366114/manifest.json'
For more information check: https://developer.mozilla.org/en-US/docs/Web/HTTP/Status/403",2026-07-27T16:01:51.772894
petitmarocain,bd6t5136612h,,failed,0,0,,http_manifest,known,403,manifest,"Client error '403 ' for url 'https://openapiproext.bnf.fr/iiif/presentation/v3/ark:/12148/bd6t5136612h/manifest.json'
For more information check: https://developer.mozilla.org/en-US/docs/Web/HTTP/Status/403",2026-07-27T16:01:53.084641
petitmarocain,bd6t5136613w,,failed,0,0,,http_manifest,known,403,manifest,"Client error '403 ' for url 'https://openapiproext.bnf.fr/iiif/presentation/v3/ark:/12148/bd6t5136613w/manifest.json'
For more information check: https://developer.mozilla.org/en-US/docs/Web/HTTP/Status/403",2026-07-27T16:01:54.186790
petitmarocain,bd6t51366148,,failed,0,0,,http_manifest,known,403,manifest,"Client error '403 ' for url 'https://openapiproext.bnf.fr/iiif/presentation/v3/ark:/12148/bd6t51366148/manifest.json'
For more information check: https://developer.mozilla.org/en-US/docs/Web/HTTP/Status/403",2026-07-27T16:01:55.361563
petitmarocain,bd6t5136615n,,failed,0,0,,http_manifest,known,403,manifest,"Client error '403 ' for url 'https://openapiproext.bnf.fr/iiif/presentation/v3/ark:/12148/bd6t5136615n/manifest.json'
For more information check: https://developer.mozilla.org/en-US/docs/Web/HTTP/Status/403",2026-07-27T16:01:56.592691
petitmarocain,bd6t51366161,,failed,0,0,,http_manifest,known,403,manifest,"Client error '403 ' for url 'https://openapiproext.bnf.fr/iiif/presentation/v3/ark:/12148/bd6t51366161/manifest.json'
For more information check: https://developer.mozilla.org/en-US/docs/Web/HTTP/Status/403",2026-07-27T16:01:57.765198
petitmarocain,bd6t5136617d,,failed,0,0,,http_manifest,known,403,manifest,"Client error '403 ' for url 'https://openapiproext.bnf.fr/iiif/presentation/v3/ark:/12148/bd6t5136617d/manifest.json'
For more information check: https://developer.mozilla.org/en-US/docs/Web/HTTP/Status/403",2026-07-27T16:01:58.986106
petitmarocain,bd6t5136618s,,failed,0,0,,http_manifest,known,403,manifest,"Client error '403 ' for url 'https://openapiproext.bnf.fr/iiif/presentation/v3/ark:/12148/bd6t5136618s/manifest.json'
For more information check: https://developer.mozilla.org/en-US/docs/Web/HTTP/Status/403",2026-07-27T16:02:00.201115
petitmarocain,bd6t51366195,,failed,0,0,,http_manifest,known,403,manifest,"Client error '403 ' for url 'https://openapiproext.bnf.fr/iiif/presentation/v3/ark:/12148/bd6t51366195/manifest.json'
For more information check: https://developer.mozilla.org/en-US/docs/Web/HTTP/Status/403",2026-07-27T16:02:01.381166
petitmarocain,bd6t51366203,,failed,0,0,,http_manifest,known,403,manifest,"Client error '403 ' for url 'https://openapiproext.bnf.fr/iiif/presentation/v3/ark:/12148/bd6t51366203/manifest.json'
For more information check: https://developer.mozilla.org/en-US/docs/Web/HTTP/Status/403",2026-07-27T16:02:02.596594
petitmarocain,bd6t5136621g,,failed,0,0,,http_manifest,known,403,manifest,"Client error '403 ' for url 'https://openapiproext.bnf.fr/iiif/presentation/v3/ark:/12148/bd6t5136621g/manifest.json'
For more information check: https://developer.mozilla.org/en-US/docs/Web/HTTP/Status/403",2026-07-27T16:02:03.792050
petitmarocain,bd6t5136622v,,failed,0,0,,http_manifest,known,403,manifest,"Client error '403 ' for url 'https://openapiproext.bnf.fr/iiif/presentation/v3/ark:/12148/bd6t5136622v/manifest.json'
For more information check: https://developer.mozilla.org/en-US/docs/Web/HTTP/Status/403",2026-07-27T16:02:04.983390
petitmarocain,bd6t51366237,,failed,0,0,,http_manifest,known,403,manifest,"Client error '403 ' for url 'https://openapiproext.bnf.fr/iiif/presentation/v3/ark:/12148/bd6t51366237/manifest.json'
For more information check: https://developer.mozilla.org/en-US/docs/Web/HTTP/Status/403",2026-07-27T16:02:06.195156
petitmarocain,bd6t5136624m,,failed,0,0,,http_manifest,known,403,manifest,"Client error '403 ' for url 'https://openapiproext.bnf.fr/iiif/presentation/v3/ark:/12148/bd6t5136624m/manifest.json'
For more information check: https://developer.mozilla.org/en-US/docs/Web/HTTP/Status/403",2026-07-27T16:02:07.379604
petitmarocain,bd6t51366250,,failed,0,0,,http_manifest,known,403,manifest,"Client error '403 ' for url 'https://openapiproext.bnf.fr/iiif/presentation/v3/ark:/12148/bd6t51366250/manifest.json'
For more information check: https://developer.mozilla.org/en-US/docs/Web/HTTP/Status/403",2026-07-27T16:02:08.629660
petitmarocain,bd6t5136823v,,failed,0,0,,http_manifest,known,403,manifest,"Client error '403 ' for url 'https://openapiproext.bnf.fr/iiif/presentation/v3/ark:/12148/bd6t5136823v/manifest.json'
For more information check: https://developer.mozilla.org/en-US/docs/Web/HTTP/Status/403",2026-07-27T16:02:09.787160
petitmarocain,bd6t51368247,,failed,0,0,,http_manifest,known,403,manifest,"Client error '403 ' for url 'https://openapiproext.bnf.fr/iiif/presentation/v3/ark:/12148/bd6t51368247/manifest.json'
For more information check: https://developer.mozilla.org/en-US/docs/Web/HTTP/Status/403",2026-07-27T16:02:11.020330
petitmarocain,bd6t5136825m,,failed,0,0,,http_manifest,known,403,manifest,"Client error '403 ' for url 'https://openapiproext.bnf.fr/iiif/presentation/v3/ark:/12148/bd6t5136825m/manifest.json'
For more information check: https://developer.mozilla.org/en-US/docs/Web/HTTP/Status/403",2026-07-27T16:02:12.217802
petitmarocain,bd6t51368260,,failed,0,0,,http_manifest,known,403,manifest,"Client error '403 ' for url 'https://openapiproext.bnf.fr/iiif/presentation/v3/ark:/12148/bd6t51368260/manifest.json'
For more information check: https://developer.mozilla.org/en-US/docs/Web/HTTP/Status/403",2026-07-27T16:02:13.400510
petitmarocain,bd6t5136827c,,failed,0,0,,http_manifest,known,403,manifest,"Client error '403 ' for url 'https://openapiproext.bnf.fr/iiif/presentation/v3/ark:/12148/bd6t5136827c/manifest.json'
For more information check: https://developer.mozilla.org/en-US/docs/Web/HTTP/Status/403",2026-07-27T16:02:14.621886
petitmarocain,bd6t5136828r,,failed,0,0,,http_manifest,known,403,manifest,"Client error '403 ' for url 'https://openapiproext.bnf.fr/iiif/presentation/v3/ark:/12148/bd6t5136828r/manifest.json'
For more information check: https://developer.mozilla.org/en-US/docs/Web/HTTP/Status/403",2026-07-27T16:02:15.806370
petitmarocain,bd6t51368294,,failed,0,0,,http_manifest,known,403,manifest,"Client error '403 ' for url 'https://openapiproext.bnf.fr/iiif/presentation/v3/ark:/12148/bd6t51368294/manifest.json'
For more information check: https://developer.mozilla.org/en-US/docs/Web/HTTP/Status/403",2026-07-27T16:02:17.013475
petitmarocain,bd6t51368302,,failed,0,0,,http_manifest,known,403,manifest,"Client error '403 ' for url 'https://openapiproext.bnf.fr/iiif/presentation/v3/ark:/12148/bd6t51368302/manifest.json'
For more information check: https://developer.mozilla.org/en-US/docs/Web/HTTP/Status/403",2026-07-27T16:02:18.222470
petitmarocain,bd6t5136831f,,failed,0,0,,http_manifest,known,403,manifest,"Client error '403 ' for url 'https://openapiproext.bnf.fr/iiif/presentation/v3/ark:/12148/bd6t5136831f/manifest.json'
For more information check: https://developer.mozilla.org/en-US/docs/Web/HTTP/Status/403",2026-07-27T16:02:19.406920
petitmarocain,bd6t5136832t,,failed,0,0,,http_manifest,known,403,manifest,"Client error '403 ' for url 'https://openapiproext.bnf.fr/iiif/presentation/v3/ark:/12148/bd6t5136832t/manifest.json'
For more information check: https://developer.mozilla.org/en-US/docs/Web/HTTP/Status/403",2026-07-27T16:02:20.629517
petitmarocain,bd6t51368336,,failed,0,0,,http_manifest,known,403,manifest,"Client error '403 ' for url 'https://openapiproext.bnf.fr/iiif/presentation/v3/ark:/12148/bd6t51368336/manifest.json'
For more information check: https://developer.mozilla.org/en-US/docs/Web/HTTP/Status/403",2026-07-27T16:02:21.802464
petitmarocain,bd6t5136834k,,failed,0,0,,http_manifest,known,403,manifest,"Client error '403 ' for url 'https://openapiproext.bnf.fr/iiif/presentation/v3/ark:/12148/bd6t5136834k/manifest.json'
For more information check: https://developer.mozilla.org/en-US/docs/Web/HTTP/Status/403",2026-07-27T16:02:23.036305
petitmarocain,bd6t5136835z,,failed,0,0,,http_manifest,known,403,manifest,"Client error '403 ' for url 'https://openapiproext.bnf.fr/iiif/presentation/v3/ark:/12148/bd6t5136835z/manifest.json'
For more information check: https://developer.mozilla.org/en-US/docs/Web/HTTP/Status/403",2026-07-27T16:02:24.234846
petitmarocain,bd6t5136836b,,failed,0,0,,http_manifest,known,403,manifest,"Client error '403 ' for url 'https://openapiproext.bnf.fr/iiif/presentation/v3/ark:/12148/bd6t5136836b/manifest.json'
For more information check: https://developer.mozilla.org/en-US/docs/Web/HTTP/Status/403",2026-07-27T16:02:25.414991
petitmarocain,bd6t5136837q,,failed,0,0,,http_manifest,known,403,manifest,"Client error '403 ' for url 'https://openapiproext.bnf.fr/iiif/presentation/v3/ark:/12148/bd6t5136837q/manifest.json'
For more information check: https://developer.mozilla.org/en-US/docs/Web/HTTP/Status/403",2026-07-27T16:02:26.628106
petitmarocain,bd6t51368383,,failed,0,0,,http_manifest,known,403,manifest,"Client error '403 ' for url 'https://openapiproext.bnf.fr/iiif/presentation/v3/ark:/12148/bd6t51368383/manifest.json'
For more information check: https://developer.mozilla.org/en-US/docs/Web/HTTP/Status/403",2026-07-27T16:02:27.823142
petitmarocain,bd6t5136839g,,failed,0,0,,http_manifest,known,403,manifest,"Client error '403 ' for url 'https://openapiproext.bnf.fr/iiif/presentation/v3/ark:/12148/bd6t5136839g/manifest.json'
For more information check: https://developer.mozilla.org/en-US/docs/Web/HTTP/Status/403",2026-07-27T16:02:29.014935
petitmarocain,bd6t5136840d,,failed,0,0,,http_manifest,known,403,manifest,"Client error '403 ' for url 'https://openapiproext.bnf.fr/iiif/presentation/v3/ark:/12148/bd6t5136840d/manifest.json'
For more information check: https://developer.mozilla.org/en-US/docs/Web/HTTP/Status/403",2026-07-27T16:02:30.251621
petitmarocain,bd6t5136841s,,failed,0,0,,http_manifest,known,403,manifest,"Client error '403 ' for url 'https://openapiproext.bnf.fr/iiif/presentation/v3/ark:/12148/bd6t5136841s/manifest.json'
For more information check: https://developer.mozilla.org/en-US/docs/Web/HTTP/Status/403",2026-07-27T16:02:31.479440
petitmarocain,bd6t51368425,,failed,0,0,,http_manifest,known,403,manifest,"Client error '403 ' for url 'https://openapiproext.bnf.fr/iiif/presentation/v3/ark:/12148/bd6t51368425/manifest.json'
For more information check: https://developer.mozilla.org/en-US/docs/Web/HTTP/Status/403",2026-07-27T16:02:32.666020
petitmarocain,bd6t5136843j,,failed,0,0,,http_manifest,known,403,manifest,"Client error '403 ' for url 'https://openapiproext.bnf.fr/iiif/presentation/v3/ark:/12148/bd6t5136843j/manifest.json'
For more information check: https://developer.mozilla.org/en-US/docs/Web/HTTP/Status/403",2026-07-27T16:02:33.827983
petitmarocain,bd6t5136844x,,failed,0,0,,http_manifest,known,403,manifest,"Client error '403 ' for url 'https://openapiproext.bnf.fr/iiif/presentation/v3/ark:/12148/bd6t5136844x/manifest.json'
For more information check: https://developer.mozilla.org/en-US/docs/Web/HTTP/Status/403",2026-07-27T16:02:35.055546
petitmarocain,bd6t51368459,,failed,0,0,,http_manifest,known,403,manifest,"Client error '403 ' for url 'https://openapiproext.bnf.fr/iiif/presentation/v3/ark:/12148/bd6t51368459/manifest.json'
For more information check: https://developer.mozilla.org/en-US/docs/Web/HTTP/Status/403",2026-07-27T16:02:36.256664
petitmarocain,bd6t5136846p,,failed,0,0,,http_manifest,known,403,manifest,"Client error '403 ' for url 'https://openapiproext.bnf.fr/iiif/presentation/v3/ark:/12148/bd6t5136846p/manifest.json'
For more information check: https://developer.mozilla.org/en-US/docs/Web/HTTP/Status/403",2026-07-27T16:02:37.470407
petitmarocain,bd6t51368472,,failed,0,0,,http_manifest,known,403,manifest,"Client error '403 ' for url 'https://openapiproext.bnf.fr/iiif/presentation/v3/ark:/12148/bd6t51368472/manifest.json'
For more information check: https://developer.mozilla.org/en-US/docs/Web/HTTP/Status/403",2026-07-27T16:02:38.677675
petitmarocain,bd6t5136848f,,failed,0,0,,http_manifest,known,403,manifest,"Client error '403 ' for url 'https://openapiproext.bnf.fr/iiif/presentation/v3/ark:/12148/bd6t5136848f/manifest.json'
For more information check: https://developer.mozilla.org/en-US/docs/Web/HTTP/Status/403",2026-07-27T16:02:39.851197
petitmarocain,bd6t5136849t,,failed,0,0,,http_manifest,known,403,manifest,"Client error '403 ' for url 'https://openapiproext.bnf.fr/iiif/presentation/v3/ark:/12148/bd6t5136849t/manifest.json'
For more information check: https://developer.mozilla.org/en-US/docs/Web/HTTP/Status/403",2026-07-27T16:02:41.164752
petitmarocain,bd6t5136850r,,failed,0,0,,http_manifest,known,403,manifest,"Client error '403 ' for url 'https://openapiproext.bnf.fr/iiif/presentation/v3/ark:/12148/bd6t5136850r/manifest.json'
For more information check: https://developer.mozilla.org/en-US/docs/Web/HTTP/Status/403",2026-07-27T16:02:42.262710
petitmarocain,bd6t51368514,,failed,0,0,,http_manifest,known,403,manifest,"Client error '403 ' for url 'https://openapiproext.bnf.fr/iiif/presentation/v3/ark:/12148/bd6t51368514/manifest.json'
For more information check: https://developer.mozilla.org/en-US/docs/Web/HTTP/Status/403",2026-07-27T16:02:43.436389
petitmarocain,bd6t5136852h,,failed,0,0,,http_manifest,known,403,manifest,"Client error '403 ' for url 'https://openapiproext.bnf.fr/iiif/presentation/v3/ark:/12148/bd6t5136852h/manifest.json'
For more information check: https://developer.mozilla.org/en-US/docs/Web/HTTP/Status/403",2026-07-27T16:02:44.660061
petitmarocain,bd6t5136853w,,failed,0,0,,http_manifest,known,403,manifest,"Client error '403 ' for url 'https://openapiproext.bnf.fr/iiif/presentation/v3/ark:/12148/bd6t5136853w/manifest.json'
For more information check: https://developer.mozilla.org/en-US/docs/Web/HTTP/Status/403",2026-07-27T16:02:45.975611
petitmarocain,bd6t51368548,,failed,0,0,,http_manifest,known,403,manifest,"Client error '403 ' for url 'https://openapiproext.bnf.fr/iiif/presentation/v3/ark:/12148/bd6t51368548/manifest.json'
For more information check: https://developer.mozilla.org/en-US/docs/Web/HTTP/Status/403",2026-07-27T16:02:47.223454
petitmarocain,bd6t5136855n,,failed,0,0,,http_manifest,known,403,manifest,"Client error '403 ' for url 'https://openapiproext.bnf.fr/iiif/presentation/v3/ark:/12148/bd6t5136855n/manifest.json'
For more information check: https://developer.mozilla.org/en-US/docs/Web/HTTP/Status/403",2026-07-27T16:02:48.393011
petitmarocain,bd6t51368561,,failed,0,0,,http_manifest,known,403,manifest,"Client error '403 ' for url 'https://openapiproext.bnf.fr/iiif/presentation/v3/ark:/12148/bd6t51368561/manifest.json'
For more information check: https://developer.mozilla.org/en-US/docs/Web/HTTP/Status/403",2026-07-27T16:02:49.464601
petitmarocain,bd6t5136857d,,failed,0,0,,http_manifest,known,403,manifest,"Client error '403 ' for url 'https://openapiproext.bnf.fr/iiif/presentation/v3/ark:/12148/bd6t5136857d/manifest.json'
For more information check: https://developer.mozilla.org/en-US/docs/Web/HTTP/Status/403",2026-07-27T16:02:50.678308
petitmarocain,bd6t5136858s,,failed,0,0,,http_manifest,known,403,manifest,"Client error '403 ' for url 'https://openapiproext.bnf.fr/iiif/presentation/v3/ark:/12148/bd6t5136858s/manifest.json'
For more information check: https://developer.mozilla.org/en-US/docs/Web/HTTP/Status/403",2026-07-27T16:02:51.953150
petitmarocain,bd6t51368595,,failed,0,0,,http_manifest,known,403,manifest,"Client error '403 ' for url 'https://openapiproext.bnf.fr/iiif/presentation/v3/ark:/12148/bd6t51368595/manifest.json'
For more information check: https://developer.mozilla.org/en-US/docs/Web/HTTP/Status/403",2026-07-27T16:02:53.057178
petitmarocain,bd6t51368603,,failed,0,0,,http_manifest,known,403,manifest,"Client error '403 ' for url 'https://openapiproext.bnf.fr/iiif/presentation/v3/ark:/12148/bd6t51368603/manifest.json'
For more information check: https://developer.mozilla.org/en-US/docs/Web/HTTP/Status/403",2026-07-27T16:02:54.275717
petitmarocain,bd6t5136861g,,failed,0,0,,http_manifest,known,403,manifest,"Client error '403 ' for url 'https://openapiproext.bnf.fr/iiif/presentation/v3/ark:/12148/bd6t5136861g/manifest.json'
For more information check: https://developer.mozilla.org/en-US/docs/Web/HTTP/Status/403",2026-07-27T16:02:55.455114
petitmarocain,bd6t5136862v,,failed,0,0,,http_manifest,known,403,manifest,"Client error '403 ' for url 'https://openapiproext.bnf.fr/iiif/presentation/v3/ark:/12148/bd6t5136862v/manifest.json'
For more information check: https://developer.mozilla.org/en-US/docs/Web/HTTP/Status/403",2026-07-27T16:02:56.675658
petitmarocain,bd6t51368637,,failed,0,0,,http_manifest,known,403,manifest,"Client error '403 ' for url 'https://openapiproext.bnf.fr/iiif/presentation/v3/ark:/12148/bd6t51368637/manifest.json'
For more information check: https://developer.mozilla.org/en-US/docs/Web/HTTP/Status/403",2026-07-27T16:02:57.853534
petitmarocain,bd6t5136864m,,failed,0,0,,http_manifest,known,403,manifest,"Client error '403 ' for url 'https://openapiproext.bnf.fr/iiif/presentation/v3/ark:/12148/bd6t5136864m/manifest.json'
For more information check: https://developer.mozilla.org/en-US/docs/Web/HTTP/Status/403",2026-07-27T16:02:59.084107
petitmarocain,bd6t51368650,,failed,0,0,,http_manifest,known,403,manifest,"Client error '403 ' for url 'https://openapiproext.bnf.fr/iiif/presentation/v3/ark:/12148/bd6t51368650/manifest.json'
For more information check: https://developer.mozilla.org/en-US/docs/Web/HTTP/Status/403",2026-07-27T16:03:00.290741
petitmarocain,bd6t5136866c,,failed,0,0,,http_manifest,known,403,manifest,"Client error '403 ' for url 'https://openapiproext.bnf.fr/iiif/presentation/v3/ark:/12148/bd6t5136866c/manifest.json'
For more information check: https://developer.mozilla.org/en-US/docs/Web/HTTP/Status/403",2026-07-27T16:03:01.466899
petitmarocain,bd6t5136867r,,failed,0,0,,http_manifest,known,403,manifest,"Client error '403 ' for url 'https://openapiproext.bnf.fr/iiif/presentation/v3/ark:/12148/bd6t5136867r/manifest.json'
For more information check: https://developer.mozilla.org/en-US/docs/Web/HTTP/Status/403",2026-07-27T16:03:02.694713
petitmarocain,bd6t51368684,,failed,0,0,,http_manifest,known,403,manifest,"Client error '403 ' for url 'https://openapiproext.bnf.fr/iiif/presentation/v3/ark:/12148/bd6t51368684/manifest.json'
For more information check: https://developer.mozilla.org/en-US/docs/Web/HTTP/Status/403",2026-07-27T16:03:03.879080
petitmarocain,bd6t5136869h,,failed,0,0,,http_manifest,known,403,manifest,"Client error '403 ' for url 'https://openapiproext.bnf.fr/iiif/presentation/v3/ark:/12148/bd6t5136869h/manifest.json'
For more information check: https://developer.mozilla.org/en-US/docs/Web/HTTP/Status/403",2026-07-27T16:03:05.073053
petitmarocain,bd6t5136870f,,failed,0,0,,http_manifest,known,403,manifest,"Client error '403 ' for url 'https://openapiproext.bnf.fr/iiif/presentation/v3/ark:/12148/bd6t5136870f/manifest.json'
For more information check: https://developer.mozilla.org/en-US/docs/Web/HTTP/Status/403",2026-07-27T16:03:06.297940
petitmarocain,bd6t5136871t,,failed,0,0,,http_manifest,known,403,manifest,"Client error '403 ' for url 'https://openapiproext.bnf.fr/iiif/presentation/v3/ark:/12148/bd6t5136871t/manifest.json'
For more information check: https://developer.mozilla.org/en-US/docs/Web/HTTP/Status/403",2026-07-27T16:03:07.467322
petitmarocain,bd6t51368726,,failed,0,0,,http_manifest,known,403,manifest,"Client error '403 ' for url 'https://openapiproext.bnf.fr/iiif/presentation/v3/ark:/12148/bd6t51368726/manifest.json'
For more information check: https://developer.mozilla.org/en-US/docs/Web/HTTP/Status/403",2026-07-27T16:03:08.700274
petitmarocain,bd6t5136873k,,failed,0,0,,http_manifest,known,403,manifest,"Client error '403 ' for url 'https://openapiproext.bnf.fr/iiif/presentation/v3/ark:/12148/bd6t5136873k/manifest.json'
For more information check: https://developer.mozilla.org/en-US/docs/Web/HTTP/Status/403",2026-07-27T16:03:09.879236
petitmarocain,bd6t5136874z,,failed,0,0,,http_manifest,known,403,manifest,"Client error '403 ' for url 'https://openapiproext.bnf.fr/iiif/presentation/v3/ark:/12148/bd6t5136874z/manifest.json'
For more information check: https://developer.mozilla.org/en-US/docs/Web/HTTP/Status/403",2026-07-27T16:03:11.102574
petitmarocain,bd6t5136875b,,failed,0,0,,http_manifest,known,403,manifest,"Client error '403 ' for url 'https://openapiproext.bnf.fr/iiif/presentation/v3/ark:/12148/bd6t5136875b/manifest.json'
For more information check: https://developer.mozilla.org/en-US/docs/Web/HTTP/Status/403",2026-07-27T16:03:12.310761
petitmarocain,bd6t5136876q,,failed,0,0,,http_manifest,known,403,manifest,"Client error '403 ' for url 'https://openapiproext.bnf.fr/iiif/presentation/v3/ark:/12148/bd6t5136876q/manifest.json'
For more information check: https://developer.mozilla.org/en-US/docs/Web/HTTP/Status/403",2026-07-27T16:03:13.481346
petitmarocain,bd6t51368773,,failed,0,0,,http_manifest,known,403,manifest,"Client error '403 ' for url 'https://openapiproext.bnf.fr/iiif/presentation/v3/ark:/12148/bd6t51368773/manifest.json'
For more information check: https://developer.mozilla.org/en-US/docs/Web/HTTP/Status/403",2026-07-27T16:03:14.703000
petitmarocain,bd6t5136878g,,failed,0,0,,http_manifest,known,403,manifest,"Client error '403 ' for url 'https://openapiproext.bnf.fr/iiif/presentation/v3/ark:/12148/bd6t5136878g/manifest.json'
For more information check: https://developer.mozilla.org/en-US/docs/Web/HTTP/Status/403",2026-07-27T16:03:15.901360
petitmarocain,bd6t5136879v,,failed,0,0,,http_manifest,known,403,manifest,"Client error '403 ' for url 'https://openapiproext.bnf.fr/iiif/presentation/v3/ark:/12148/bd6t5136879v/manifest.json'
For more information check: https://developer.mozilla.org/en-US/docs/Web/HTTP/Status/403",2026-07-27T16:03:17.088375
petitmarocain,bd6t5136880s,,failed,0,0,,http_manifest,known,403,manifest,"Client error '403 ' for url 'https://openapiproext.bnf.fr/iiif/presentation/v3/ark:/12148/bd6t5136880s/manifest.json'
For more information check: https://developer.mozilla.org/en-US/docs/Web/HTTP/Status/403",2026-07-27T16:03:18.305468
petitmarocain,bd6t51368815,,failed,0,0,,http_manifest,known,403,manifest,"Client error '403 ' for url 'https://openapiproext.bnf.fr/iiif/presentation/v3/ark:/12148/bd6t51368815/manifest.json'
For more information check: https://developer.mozilla.org/en-US/docs/Web/HTTP/Status/403",2026-07-27T16:03:19.489077
petitmarocain,bd6t5136882j,,failed,0,0,,http_manifest,known,403,manifest,"Client error '403 ' for url 'https://openapiproext.bnf.fr/iiif/presentation/v3/ark:/12148/bd6t5136882j/manifest.json'
For more information check: https://developer.mozilla.org/en-US/docs/Web/HTTP/Status/403",2026-07-27T16:03:20.717813
petitmarocain,bd6t5136883x,,failed,0,0,,http_manifest,known,403,manifest,"Client error '403 ' for url 'https://openapiproext.bnf.fr/iiif/presentation/v3/ark:/12148/bd6t5136883x/manifest.json'
For more information check: https://developer.mozilla.org/en-US/docs/Web/HTTP/Status/403",2026-07-27T16:03:21.893954
petitmarocain,bd6t51368849,,failed,0,0,,http_manifest,known,403,manifest,"Client error '403 ' for url 'https://openapiproext.bnf.fr/iiif/presentation/v3/ark:/12148/bd6t51368849/manifest.json'
For more information check: https://developer.mozilla.org/en-US/docs/Web/HTTP/Status/403",2026-07-27T16:03:23.138668
petitmarocain,bd6t5136885p,,failed,0,0,,http_manifest,known,403,manifest,"Client error '403 ' for url 'https://openapiproext.bnf.fr/iiif/presentation/v3/ark:/12148/bd6t5136885p/manifest.json'
For more information check: https://developer.mozilla.org/en-US/docs/Web/HTTP/Status/403",2026-07-27T16:03:24.324137
petitmarocain,bd6t51368862,,failed,0,0,,http_manifest,known,403,manifest,"Client error '403 ' for url 'https://openapiproext.bnf.fr/iiif/presentation/v3/ark:/12148/bd6t51368862/manifest.json'
For more information check: https://developer.mozilla.org/en-US/docs/Web/HTTP/Status/403",2026-07-27T16:03:25.502585
petitmarocain,bd6t5136887f,,failed,0,0,,http_manifest,known,403,manifest,"Client error '403 ' for url 'https://openapiproext.bnf.fr/iiif/presentation/v3/ark:/12148/bd6t5136887f/manifest.json'
For more information check: https://developer.mozilla.org/en-US/docs/Web/HTTP/Status/403",2026-07-27T16:03:26.722509
petitmarocain,bd6t5136888t,,failed,0,0,,http_manifest,known,403,manifest,"Client error '403 ' for url 'https://openapiproext.bnf.fr/iiif/presentation/v3/ark:/12148/bd6t5136888t/manifest.json'
For more information check: https://developer.mozilla.org/en-US/docs/Web/HTTP/Status/403",2026-07-27T16:03:27.928574
petitmarocain,bd6t51368896,,failed,0,0,,http_manifest,known,403,manifest,"Client error '403 ' for url 'https://openapiproext.bnf.fr/iiif/presentation/v3/ark:/12148/bd6t51368896/manifest.json'
For more information check: https://developer.mozilla.org/en-US/docs/Web/HTTP/Status/403",2026-07-27T16:03:29.111130
petitmarocain,bd6t51368904,,failed,0,0,,http_manifest,known,403,manifest,"Client error '403 ' for url 'https://openapiproext.bnf.fr/iiif/presentation/v3/ark:/12148/bd6t51368904/manifest.json'
For more information check: https://developer.mozilla.org/en-US/docs/Web/HTTP/Status/403",2026-07-27T16:03:30.339982
petitmarocain,bd6t5136891h,,failed,0,0,,http_manifest,known,403,manifest,"Client error '403 ' for url 'https://openapiproext.bnf.fr/iiif/presentation/v3/ark:/12148/bd6t5136891h/manifest.json'
For more information check: https://developer.mozilla.org/en-US/docs/Web/HTTP/Status/403",2026-07-27T16:03:31.508593
petitmarocain,bd6t5136892w,,failed,0,0,,http_manifest,known,403,manifest,"Client error '403 ' for url 'https://openapiproext.bnf.fr/iiif/presentation/v3/ark:/12148/bd6t5136892w/manifest.json'
For more information check: https://developer.mozilla.org/en-US/docs/Web/HTTP/Status/403",2026-07-27T16:03:32.941169
petitmarocain,bd6t51368938,,failed,0,0,,http_manifest,known,403,manifest,"Client error '403 ' for url 'https://openapiproext.bnf.fr/iiif/presentation/v3/ark:/12148/bd6t51368938/manifest.json'
For more information check: https://developer.mozilla.org/en-US/docs/Web/HTTP/Status/403",2026-07-27T16:03:33.913173
petitmarocain,bd6t5136894n,,failed,0,0,,http_manifest,known,403,manifest,"Client error '403 ' for url 'https://openapiproext.bnf.fr/iiif/presentation/v3/ark:/12148/bd6t5136894n/manifest.json'
For more information check: https://developer.mozilla.org/en-US/docs/Web/HTTP/Status/403",2026-07-27T16:03:35.142146
petitmarocain,bd6t51368951,,failed,0,0,,http_manifest,known,403,manifest,"Client error '403 ' for url 'https://openapiproext.bnf.fr/iiif/presentation/v3/ark:/12148/bd6t51368951/manifest.json'
For more information check: https://developer.mozilla.org/en-US/docs/Web/HTTP/Status/403",2026-07-27T16:03:36.358414
petitmarocain,bd6t5136896d,,failed,0,0,,http_manifest,known,403,manifest,"Client error '403 ' for url 'https://openapiproext.bnf.fr/iiif/presentation/v3/ark:/12148/bd6t5136896d/manifest.json'
For more information check: https://developer.mozilla.org/en-US/docs/Web/HTTP/Status/403",2026-07-27T16:03:37.638438
petitmarocain,bd6t5136897s,,failed,0,0,,http_manifest,known,403,manifest,"Client error '403 ' for url 'https://openapiproext.bnf.fr/iiif/presentation/v3/ark:/12148/bd6t5136897s/manifest.json'
For more information check: https://developer.mozilla.org/en-US/docs/Web/HTTP/Status/403",2026-07-27T16:03:39.243465
petitmarocain,bd6t51368985,,failed,0,0,,http_manifest,known,403,manifest,"Client error '403 ' for url 'https://openapiproext.bnf.fr/iiif/presentation/v3/ark:/12148/bd6t51368985/manifest.json'
For more information check: https://developer.mozilla.org/en-US/docs/Web/HTTP/Status/403",2026-07-27T16:03:39.931913
petitmarocain,bd6t5136899j,,failed,0,0,,http_manifest,known,403,manifest,"Client error '403 ' for url 'https://openapiproext.bnf.fr/iiif/presentation/v3/ark:/12148/bd6t5136899j/manifest.json'
For more information check: https://developer.mozilla.org/en-US/docs/Web/HTTP/Status/403",2026-07-27T16:03:41.421452
petitmarocain,bd6t5136900b,,failed,0,0,,http_manifest,known,403,manifest,"Client error '403 ' for url 'https://openapiproext.bnf.fr/iiif/presentation/v3/ark:/12148/bd6t5136900b/manifest.json'
For more information check: https://developer.mozilla.org/en-US/docs/Web/HTTP/Status/403",2026-07-27T16:03:42.350388
petitmarocain,bd6t5136901q,,failed,0,0,,http_manifest,known,403,manifest,"Client error '403 ' for url 'https://openapiproext.bnf.fr/iiif/presentation/v3/ark:/12148/bd6t5136901q/manifest.json'
For more information check: https://developer.mozilla.org/en-US/docs/Web/HTTP/Status/403",2026-07-27T16:03:43.522840
petitmarocain,bd6t51369023,,failed,0,0,,http_manifest,known,403,manifest,"Client error '403 ' for url 'https://openapiproext.bnf.fr/iiif/presentation/v3/ark:/12148/bd6t51369023/manifest.json'
For more information check: https://developer.mozilla.org/en-US/docs/Web/HTTP/Status/403",2026-07-27T16:03:44.797457
petitmarocain,bd6t5136903g,,failed,0,0,,http_manifest,known,403,manifest,"Client error '403 ' for url 'https://openapiproext.bnf.fr/iiif/presentation/v3/ark:/12148/bd6t5136903g/manifest.json'
For more information check: https://developer.mozilla.org/en-US/docs/Web/HTTP/Status/403",2026-07-27T16:03:46.020391
petitmarocain,bd6t5136904v,,failed,0,0,,http_manifest,known,403,manifest,"Client error '403 ' for url 'https://openapiproext.bnf.fr/iiif/presentation/v3/ark:/12148/bd6t5136904v/manifest.json'
For more information check: https://developer.mozilla.org/en-US/docs/Web/HTTP/Status/403",2026-07-27T16:03:47.226095
petitmarocain,bd6t51369057,,failed,0,0,,http_manifest,known,403,manifest,"Client error '403 ' for url 'https://openapiproext.bnf.fr/iiif/presentation/v3/ark:/12148/bd6t51369057/manifest.json'
For more information check: https://developer.mozilla.org/en-US/docs/Web/HTTP/Status/403",2026-07-27T16:03:48.376726
petitmarocain,bd6t5136906m,,failed,0,0,,http_manifest,known,403,manifest,"Client error '403 ' for url 'https://openapiproext.bnf.fr/iiif/presentation/v3/ark:/12148/bd6t5136906m/manifest.json'
For more information check: https://developer.mozilla.org/en-US/docs/Web/HTTP/Status/403",2026-07-27T16:03:49.539930
petitmarocain,bd6t51369070,,failed,0,0,,http_manifest,known,403,manifest,"Client error '403 ' for url 'https://openapiproext.bnf.fr/iiif/presentation/v3/ark:/12148/bd6t51369070/manifest.json'
For more information check: https://developer.mozilla.org/en-US/docs/Web/HTTP/Status/403",2026-07-27T16:03:50.771953
petitmarocain,bd6t5136908c,,failed,0,0,,http_manifest,known,403,manifest,"Client error '403 ' for url 'https://openapiproext.bnf.fr/iiif/presentation/v3/ark:/12148/bd6t5136908c/manifest.json'
For more information check: https://developer.mozilla.org/en-US/docs/Web/HTTP/Status/403",2026-07-27T16:03:52.144690
petitmarocain,bd6t5136909r,,failed,0,0,,http_manifest,known,403,manifest,"Client error '403 ' for url 'https://openapiproext.bnf.fr/iiif/presentation/v3/ark:/12148/bd6t5136909r/manifest.json'
For more information check: https://developer.mozilla.org/en-US/docs/Web/HTTP/Status/403",2026-07-27T16:03:53.368882
petitmarocain,bd6t5136910p,,failed,0,0,,http_manifest,known,403,manifest,"Client error '403 ' for url 'https://openapiproext.bnf.fr/iiif/presentation/v3/ark:/12148/bd6t5136910p/manifest.json'
For more information check: https://developer.mozilla.org/en-US/docs/Web/HTTP/Status/403",2026-07-27T16:03:54.373675
petitmarocain,bd6t51369112,,failed,0,0,,http_manifest,known,403,manifest,"Client error '403 ' for url 'https://openapiproext.bnf.fr/iiif/presentation/v3/ark:/12148/bd6t51369112/manifest.json'
For more information check: https://developer.mozilla.org/en-US/docs/Web/HTTP/Status/403",2026-07-27T16:03:55.544992
petitmarocain,bd6t5136912f,,failed,0,0,,http_manifest,known,403,manifest,"Client error '403 ' for url 'https://openapiproext.bnf.fr/iiif/presentation/v3/ark:/12148/bd6t5136912f/manifest.json'
For more information check: https://developer.mozilla.org/en-US/docs/Web/HTTP/Status/403",2026-07-27T16:03:56.769204
petitmarocain,bd6t5136913t,,failed,0,0,,http_manifest,known,403,manifest,"Client error '403 ' for url 'https://openapiproext.bnf.fr/iiif/presentation/v3/ark:/12148/bd6t5136913t/manifest.json'
For more information check: https://developer.mozilla.org/en-US/docs/Web/HTTP/Status/403",2026-07-27T16:03:57.948240
petitmarocain,bd6t51369146,,failed,0,0,,http_manifest,known,403,manifest,"Client error '403 ' for url 'https://openapiproext.bnf.fr/iiif/presentation/v3/ark:/12148/bd6t51369146/manifest.json'
For more information check: https://developer.mozilla.org/en-US/docs/Web/HTTP/Status/403",2026-07-27T16:03:59.176793
petitmarocain,bd6t51367183,,failed,0,0,,http_manifest,known,403,manifest,"Client error '403 ' for url 'https://openapiproext.bnf.fr/iiif/presentation/v3/ark:/12148/bd6t51367183/manifest.json'
For more information check: https://developer.mozilla.org/en-US/docs/Web/HTTP/Status/403",2026-07-27T16:04:00.372792
petitmarocain,bd6t5136719g,,failed,0,0,,http_manifest,known,403,manifest,"Client error '403 ' for url 'https://openapiproext.bnf.fr/iiif/presentation/v3/ark:/12148/bd6t5136719g/manifest.json'
For more information check: https://developer.mozilla.org/en-US/docs/Web/HTTP/Status/403",2026-07-27T16:04:01.562148
petitmarocain,bd6t5136720d,,failed,0,0,,http_manifest,known,403,manifest,"Client error '403 ' for url 'https://openapiproext.bnf.fr/iiif/presentation/v3/ark:/12148/bd6t5136720d/manifest.json'
For more information check: https://developer.mozilla.org/en-US/docs/Web/HTTP/Status/403",2026-07-27T16:04:02.770147
petitmarocain,bd6t5136721s,,failed,0,0,,http_manifest,known,403,manifest,"Client error '403 ' for url 'https://openapiproext.bnf.fr/iiif/presentation/v3/ark:/12148/bd6t5136721s/manifest.json'
For more information check: https://developer.mozilla.org/en-US/docs/Web/HTTP/Status/403",2026-07-27T16:04:03.966461
petitmarocain,bd6t51367225,,failed,0,0,,http_manifest,known,403,manifest,"Client error '403 ' for url 'https://openapiproext.bnf.fr/iiif/presentation/v3/ark:/12148/bd6t51367225/manifest.json'
For more information check: https://developer.mozilla.org/en-US/docs/Web/HTTP/Status/403",2026-07-27T16:04:05.156977
petitmarocain,bd6t5136723j,,failed,0,0,,http_manifest,known,403,manifest,"Client error '403 ' for url 'https://openapiproext.bnf.fr/iiif/presentation/v3/ark:/12148/bd6t5136723j/manifest.json'
For more information check: https://developer.mozilla.org/en-US/docs/Web/HTTP/Status/403",2026-07-27T16:04:06.377869
petitmarocain,bd6t5136724x,,failed,0,0,,http_manifest,known,403,manifest,"Client error '403 ' for url 'https://openapiproext.bnf.fr/iiif/presentation/v3/ark:/12148/bd6t5136724x/manifest.json'
For more information check: https://developer.mozilla.org/en-US/docs/Web/HTTP/Status/403",2026-07-27T16:04:07.562654
petitmarocain,bd6t51367259,,failed,0,0,,http_manifest,known,403,manifest,"Client error '403 ' for url 'https://openapiproext.bnf.fr/iiif/presentation/v3/ark:/12148/bd6t51367259/manifest.json'
For more information check: https://developer.mozilla.org/en-US/docs/Web/HTTP/Status/403",2026-07-27T16:04:08.807473
petitmarocain,bd6t5136726p,,failed,0,0,,http_manifest,known,403,manifest,"Client error '403 ' for url 'https://openapiproext.bnf.fr/iiif/presentation/v3/ark:/12148/bd6t5136726p/manifest.json'
For more information check: https://developer.mozilla.org/en-US/docs/Web/HTTP/Status/403",2026-07-27T16:04:09.965064
petitmarocain,bd6t51367272,,failed,0,0,,http_manifest,known,403,manifest,"Client error '403 ' for url 'https://openapiproext.bnf.fr/iiif/presentation/v3/ark:/12148/bd6t51367272/manifest.json'
For more information check: https://developer.mozilla.org/en-US/docs/Web/HTTP/Status/403",2026-07-27T16:04:11.196981
petitmarocain,bd6t5136728f,,failed,0,0,,http_manifest,known,403,manifest,"Client error '403 ' for url 'https://openapiproext.bnf.fr/iiif/presentation/v3/ark:/12148/bd6t5136728f/manifest.json'
For more information check: https://developer.mozilla.org/en-US/docs/Web/HTTP/Status/403",2026-07-27T16:04:12.390183
petitmarocain,bd6t5136729t,,failed,0,0,,http_manifest,known,403,manifest,"Client error '403 ' for url 'https://openapiproext.bnf.fr/iiif/presentation/v3/ark:/12148/bd6t5136729t/manifest.json'
For more information check: https://developer.mozilla.org/en-US/docs/Web/HTTP/Status/403",2026-07-27T16:04:13.578931
petitmarocain,bd6t5136730r,,failed,0,0,,http_manifest,known,403,manifest,"Client error '403 ' for url 'https://openapiproext.bnf.fr/iiif/presentation/v3/ark:/12148/bd6t5136730r/manifest.json'
For more information check: https://developer.mozilla.org/en-US/docs/Web/HTTP/Status/403",2026-07-27T16:04:14.794569
petitmarocain,bd6t51367314,,failed,0,0,,http_manifest,known,403,manifest,"Client error '403 ' for url 'https://openapiproext.bnf.fr/iiif/presentation/v3/ark:/12148/bd6t51367314/manifest.json'
For more information check: https://developer.mozilla.org/en-US/docs/Web/HTTP/Status/403",2026-07-27T16:04:15.988167
petitmarocain,bd6t5136732h,,failed,0,0,,http_manifest,known,403,manifest,"Client error '403 ' for url 'https://openapiproext.bnf.fr/iiif/presentation/v3/ark:/12148/bd6t5136732h/manifest.json'
For more information check: https://developer.mozilla.org/en-US/docs/Web/HTTP/Status/403",2026-07-27T16:04:17.186462
petitmarocain,bd6t5136733w,,failed,0,0,,http_manifest,known,403,manifest,"Client error '403 ' for url 'https://openapiproext.bnf.fr/iiif/presentation/v3/ark:/12148/bd6t5136733w/manifest.json'
For more information check: https://developer.mozilla.org/en-US/docs/Web/HTTP/Status/403",2026-07-27T16:04:18.398936
petitmarocain,bd6t51367348,,failed,0,0,,http_manifest,known,403,manifest,"Client error '403 ' for url 'https://openapiproext.bnf.fr/iiif/presentation/v3/ark:/12148/bd6t51367348/manifest.json'
For more information check: https://developer.mozilla.org/en-US/docs/Web/HTTP/Status/403",2026-07-27T16:04:19.580942
petitmarocain,bd6t5136735n,,failed,0,0,,http_manifest,known,403,manifest,"Client error '403 ' for url 'https://openapiproext.bnf.fr/iiif/presentation/v3/ark:/12148/bd6t5136735n/manifest.json'
For more information check: https://developer.mozilla.org/en-US/docs/Web/HTTP/Status/403",2026-07-27T16:04:20.807921
petitmarocain,bd6t51367361,,failed,0,0,,http_manifest,known,403,manifest,"Client error '403 ' for url 'https://openapiproext.bnf.fr/iiif/presentation/v3/ark:/12148/bd6t51367361/manifest.json'
For more information check: https://developer.mozilla.org/en-US/docs/Web/HTTP/Status/403",2026-07-27T16:04:21.994295
petitmarocain,bd6t5136737d,,failed,0,0,,http_manifest,known,403,manifest,"Client error '403 ' for url 'https://openapiproext.bnf.fr/iiif/presentation/v3/ark:/12148/bd6t5136737d/manifest.json'
For more information check: https://developer.mozilla.org/en-US/docs/Web/HTTP/Status/403",2026-07-27T16:04:23.215920
petitmarocain,bd6t5136738s,,failed,0,0,,http_manifest,known,403,manifest,"Client error '403 ' for url 'https://openapiproext.bnf.fr/iiif/presentation/v3/ark:/12148/bd6t5136738s/manifest.json'
For more information check: https://developer.mozilla.org/en-US/docs/Web/HTTP/Status/403",2026-07-27T16:04:24.412755
petitmarocain,bd6t51367395,,failed,0,0,,http_manifest,known,403,manifest,"Client error '403 ' for url 'https://openapiproext.bnf.fr/iiif/presentation/v3/ark:/12148/bd6t51367395/manifest.json'
For more information check: https://developer.mozilla.org/en-US/docs/Web/HTTP/Status/403",2026-07-27T16:04:25.612873
petitmarocain,bd6t51367403,,failed,0,0,,http_manifest,known,403,manifest,"Client error '403 ' for url 'https://openapiproext.bnf.fr/iiif/presentation/v3/ark:/12148/bd6t51367403/manifest.json'
For more information check: https://developer.mozilla.org/en-US/docs/Web/HTTP/Status/403",2026-07-27T16:04:26.820328
petitmarocain,bd6t5136741g,,failed,0,0,,http_manifest,known,403,manifest,"Client error '403 ' for url 'https://openapiproext.bnf.fr/iiif/presentation/v3/ark:/12148/bd6t5136741g/manifest.json'
For more information check: https://developer.mozilla.org/en-US/docs/Web/HTTP/Status/403",2026-07-27T16:04:28.009648
petitmarocain,bd6t5136742v,,failed,0,0,,http_manifest,known,403,manifest,"Client error '403 ' for url 'https://openapiproext.bnf.fr/iiif/presentation/v3/ark:/12148/bd6t5136742v/manifest.json'
For more information check: https://developer.mozilla.org/en-US/docs/Web/HTTP/Status/403",2026-07-27T16:04:29.394028
petitmarocain,bd6t51367437,,failed,0,0,,http_manifest,known,403,manifest,"Client error '403 ' for url 'https://openapiproext.bnf.fr/iiif/presentation/v3/ark:/12148/bd6t51367437/manifest.json'
For more information check: https://developer.mozilla.org/en-US/docs/Web/HTTP/Status/403",2026-07-27T16:04:30.558583
petitmarocain,bd6t5136744m,,failed,0,0,,http_manifest,known,403,manifest,"Client error '403 ' for url 'https://openapiproext.bnf.fr/iiif/presentation/v3/ark:/12148/bd6t5136744m/manifest.json'
For more information check: https://developer.mozilla.org/en-US/docs/Web/HTTP/Status/403",2026-07-27T16:04:31.721418
petitmarocain,bd6t51367450,,failed,0,0,,http_manifest,known,403,manifest,"Client error '403 ' for url 'https://openapiproext.bnf.fr/iiif/presentation/v3/ark:/12148/bd6t51367450/manifest.json'
For more information check: https://developer.mozilla.org/en-US/docs/Web/HTTP/Status/403",2026-07-27T16:04:32.975489
petitmarocain,bd6t5136746c,,failed,0,0,,http_manifest,known,403,manifest,"Client error '403 ' for url 'https://openapiproext.bnf.fr/iiif/presentation/v3/ark:/12148/bd6t5136746c/manifest.json'
For more information check: https://developer.mozilla.org/en-US/docs/Web/HTTP/Status/403",2026-07-27T16:04:34.061591
petitmarocain,bd6t5136747r,,failed,0,0,,http_manifest,known,403,manifest,"Client error '403 ' for url 'https://openapiproext.bnf.fr/iiif/presentation/v3/ark:/12148/bd6t5136747r/manifest.json'
For more information check: https://developer.mozilla.org/en-US/docs/Web/HTTP/Status/403",2026-07-27T16:04:35.241627
petitmarocain,bd6t51367484,,failed,0,0,,http_manifest,known,403,manifest,"Client error '403 ' for url 'https://openapiproext.bnf.fr/iiif/presentation/v3/ark:/12148/bd6t51367484/manifest.json'
For more information check: https://developer.mozilla.org/en-US/docs/Web/HTTP/Status/403",2026-07-27T16:04:36.444507
petitmarocain,bd6t5136749h,,failed,0,0,,http_manifest,known,403,manifest,"Client error '403 ' for url 'https://openapiproext.bnf.fr/iiif/presentation/v3/ark:/12148/bd6t5136749h/manifest.json'
For more information check: https://developer.mozilla.org/en-US/docs/Web/HTTP/Status/403",2026-07-27T16:04:37.801384
petitmarocain,bd6t5136750f,,failed,0,0,,http_manifest,known,403,manifest,"Client error '403 ' for url 'https://openapiproext.bnf.fr/iiif/presentation/v3/ark:/12148/bd6t5136750f/manifest.json'
For more information check: https://developer.mozilla.org/en-US/docs/Web/HTTP/Status/403",2026-07-27T16:04:39.063013
petitmarocain,bd6t5136751t,,failed,0,0,,http_manifest,known,403,manifest,"Client error '403 ' for url 'https://openapiproext.bnf.fr/iiif/presentation/v3/ark:/12148/bd6t5136751t/manifest.json'
For more information check: https://developer.mozilla.org/en-US/docs/Web/HTTP/Status/403",2026-07-27T16:04:40.030382
petitmarocain,bd6t51367526,,failed,0,0,,http_manifest,known,403,manifest,"Client error '403 ' for url 'https://openapiproext.bnf.fr/iiif/presentation/v3/ark:/12148/bd6t51367526/manifest.json'
For more information check: https://developer.mozilla.org/en-US/docs/Web/HTTP/Status/403",2026-07-27T16:04:41.234250
petitmarocain,bd6t5136753k,,failed,0,0,,http_manifest,known,403,manifest,"Client error '403 ' for url 'https://openapiproext.bnf.fr/iiif/presentation/v3/ark:/12148/bd6t5136753k/manifest.json'
For more information check: https://developer.mozilla.org/en-US/docs/Web/HTTP/Status/403",2026-07-27T16:04:42.443580
petitmarocain,bd6t5136754z,,failed,0,0,,http_manifest,known,403,manifest,"Client error '403 ' for url 'https://openapiproext.bnf.fr/iiif/presentation/v3/ark:/12148/bd6t5136754z/manifest.json'
For more information check: https://developer.mozilla.org/en-US/docs/Web/HTTP/Status/403",2026-07-27T16:04:43.628287
petitmarocain,bd6t5136755b,,failed,0,0,,http_manifest,known,403,manifest,"Client error '403 ' for url 'https://openapiproext.bnf.fr/iiif/presentation/v3/ark:/12148/bd6t5136755b/manifest.json'
For more information check: https://developer.mozilla.org/en-US/docs/Web/HTTP/Status/403",2026-07-27T16:04:45.046483
petitmarocain,bd6t5136756q,,failed,0,0,,http_manifest,known,403,manifest,"Client error '403 ' for url 'https://openapiproext.bnf.fr/iiif/presentation/v3/ark:/12148/bd6t5136756q/manifest.json'
For more information check: https://developer.mozilla.org/en-US/docs/Web/HTTP/Status/403",2026-07-27T16:04:46.175309
petitmarocain,bd6t51367573,,failed,0,0,,http_manifest,known,403,manifest,"Client error '403 ' for url 'https://openapiproext.bnf.fr/iiif/presentation/v3/ark:/12148/bd6t51367573/manifest.json'
For more information check: https://developer.mozilla.org/en-US/docs/Web/HTTP/Status/403",2026-07-27T16:04:47.246004
petitmarocain,bd6t5136758g,,failed,0,0,,http_manifest,known,403,manifest,"Client error '403 ' for url 'https://openapiproext.bnf.fr/iiif/presentation/v3/ark:/12148/bd6t5136758g/manifest.json'
For more information check: https://developer.mozilla.org/en-US/docs/Web/HTTP/Status/403",2026-07-27T16:04:48.620669
petitmarocain,bd6t5136759v,,failed,0,0,,http_manifest,known,403,manifest,"Client error '403 ' for url 'https://openapiproext.bnf.fr/iiif/presentation/v3/ark:/12148/bd6t5136759v/manifest.json'
For more information check: https://developer.mozilla.org/en-US/docs/Web/HTTP/Status/403",2026-07-27T16:04:49.644139
petitmarocain,bd6t5136760s,,failed,0,0,,http_manifest,known,403,manifest,"Client error '403 ' for url 'https://openapiproext.bnf.fr/iiif/presentation/v3/ark:/12148/bd6t5136760s/manifest.json'
For more information check: https://developer.mozilla.org/en-US/docs/Web/HTTP/Status/403",2026-07-27T16:04:50.854073
petitmarocain,bd6t51367615,,failed,0,0,,http_manifest,known,403,manifest,"Client error '403 ' for url 'https://openapiproext.bnf.fr/iiif/presentation/v3/ark:/12148/bd6t51367615/manifest.json'
For more information check: https://developer.mozilla.org/en-US/docs/Web/HTTP/Status/403",2026-07-27T16:04:52.047720
petitmarocain,bd6t5136762j,,failed,0,0,,http_manifest,known,403,manifest,"Client error '403 ' for url 'https://openapiproext.bnf.fr/iiif/presentation/v3/ark:/12148/bd6t5136762j/manifest.json'
For more information check: https://developer.mozilla.org/en-US/docs/Web/HTTP/Status/403",2026-07-27T16:04:53.405433
petitmarocain,bd6t5136763x,,failed,0,0,,http_manifest,known,403,manifest,"Client error '403 ' for url 'https://openapiproext.bnf.fr/iiif/presentation/v3/ark:/12148/bd6t5136763x/manifest.json'
For more information check: https://developer.mozilla.org/en-US/docs/Web/HTTP/Status/403",2026-07-27T16:04:54.463527
petitmarocain,bd6t51367649,,failed,0,0,,http_manifest,known,403,manifest,"Client error '403 ' for url 'https://openapiproext.bnf.fr/iiif/presentation/v3/ark:/12148/bd6t51367649/manifest.json'
For more information check: https://developer.mozilla.org/en-US/docs/Web/HTTP/Status/403",2026-07-27T16:04:55.636308
petitmarocain,bd6t5136765p,,failed,0,0,,http_manifest,known,403,manifest,"Client error '403 ' for url 'https://openapiproext.bnf.fr/iiif/presentation/v3/ark:/12148/bd6t5136765p/manifest.json'
For more information check: https://developer.mozilla.org/en-US/docs/Web/HTTP/Status/403",2026-07-27T16:04:56.861245
petitmarocain,bd6t51367662,,failed,0,0,,http_manifest,known,403,manifest,"Client error '403 ' for url 'https://openapiproext.bnf.fr/iiif/presentation/v3/ark:/12148/bd6t51367662/manifest.json'
For more information check: https://developer.mozilla.org/en-US/docs/Web/HTTP/Status/403",2026-07-27T16:04:58.043698
petitmarocain,bd6t5136767f,,failed,0,0,,http_manifest,known,403,manifest,"Client error '403 ' for url 'https://openapiproext.bnf.fr/iiif/presentation/v3/ark:/12148/bd6t5136767f/manifest.json'
For more information check: https://developer.mozilla.org/en-US/docs/Web/HTTP/Status/403",2026-07-27T16:04:59.282795
petitmarocain,bd6t5136768t,,failed,0,0,,http_manifest,known,403,manifest,"Client error '403 ' for url 'https://openapiproext.bnf.fr/iiif/presentation/v3/ark:/12148/bd6t5136768t/manifest.json'
For more information check: https://developer.mozilla.org/en-US/docs/Web/HTTP/Status/403",2026-07-27T16:05:00.486715
petitmarocain,bd6t51367696,,failed,0,0,,http_manifest,known,403,manifest,"Client error '403 ' for url 'https://openapiproext.bnf.fr/iiif/presentation/v3/ark:/12148/bd6t51367696/manifest.json'
For more information check: https://developer.mozilla.org/en-US/docs/Web/HTTP/Status/403",2026-07-27T16:05:01.656659
petitmarocain,bd6t51367704,,failed,0,0,,http_manifest,known,403,manifest,"Client error '403 ' for url 'https://openapiproext.bnf.fr/iiif/presentation/v3/ark:/12148/bd6t51367704/manifest.json'
For more information check: https://developer.mozilla.org/en-US/docs/Web/HTTP/Status/403",2026-07-27T16:05:02.877944
petitmarocain,bd6t5136771h,,failed,0,0,,http_manifest,known,403,manifest,"Client error '403 ' for url 'https://openapiproext.bnf.fr/iiif/presentation/v3/ark:/12148/bd6t5136771h/manifest.json'
For more information check: https://developer.mozilla.org/en-US/docs/Web/HTTP/Status/403",2026-07-27T16:05:04.054808
petitmarocain,bd6t5136772w,,failed,0,0,,http_manifest,known,403,manifest,"Client error '403 ' for url 'https://openapiproext.bnf.fr/iiif/presentation/v3/ark:/12148/bd6t5136772w/manifest.json'
For more information check: https://developer.mozilla.org/en-US/docs/Web/HTTP/Status/403",2026-07-27T16:05:05.252712
petitmarocain,bd6t51367738,,failed,0,0,,http_manifest,known,403,manifest,"Client error '403 ' for url 'https://openapiproext.bnf.fr/iiif/presentation/v3/ark:/12148/bd6t51367738/manifest.json'
For more information check: https://developer.mozilla.org/en-US/docs/Web/HTTP/Status/403",2026-07-27T16:05:06.474886
petitmarocain,bd6t5136774n,,failed,0,0,,http_manifest,known,403,manifest,"Client error '403 ' for url 'https://openapiproext.bnf.fr/iiif/presentation/v3/ark:/12148/bd6t5136774n/manifest.json'
For more information check: https://developer.mozilla.org/en-US/docs/Web/HTTP/Status/403",2026-07-27T16:05:07.681326
petitmarocain,bd6t51367751,,failed,0,0,,http_manifest,known,403,manifest,"Client error '403 ' for url 'https://openapiproext.bnf.fr/iiif/presentation/v3/ark:/12148/bd6t51367751/manifest.json'
For more information check: https://developer.mozilla.org/en-US/docs/Web/HTTP/Status/403",2026-07-27T16:05:08.879346
petitmarocain,bd6t5136776d,,failed,0,0,,http_manifest,known,403,manifest,"Client error '403 ' for url 'https://openapiproext.bnf.fr/iiif/presentation/v3/ark:/12148/bd6t5136776d/manifest.json'
For more information check: https://developer.mozilla.org/en-US/docs/Web/HTTP/Status/403",2026-07-27T16:05:10.054424
petitmarocain,bd6t5136777s,,failed,0,0,,http_manifest,known,403,manifest,"Client error '403 ' for url 'https://openapiproext.bnf.fr/iiif/presentation/v3/ark:/12148/bd6t5136777s/manifest.json'
For more information check: https://developer.mozilla.org/en-US/docs/Web/HTTP/Status/403",2026-07-27T16:05:11.292504
petitmarocain,bd6t51367785,,failed,0,0,,http_manifest,known,403,manifest,"Client error '403 ' for url 'https://openapiproext.bnf.fr/iiif/presentation/v3/ark:/12148/bd6t51367785/manifest.json'
For more information check: https://developer.mozilla.org/en-US/docs/Web/HTTP/Status/403",2026-07-27T16:05:12.485780
petitmarocain,bd6t5136779j,,failed,0,0,,http_manifest,known,403,manifest,"Client error '403 ' for url 'https://openapiproext.bnf.fr/iiif/presentation/v3/ark:/12148/bd6t5136779j/manifest.json'
For more information check: https://developer.mozilla.org/en-US/docs/Web/HTTP/Status/403",2026-07-27T16:05:13.666590
petitmarocain,bd6t5136780g,,failed,0,0,,http_manifest,known,403,manifest,"Client error '403 ' for url 'https://openapiproext.bnf.fr/iiif/presentation/v3/ark:/12148/bd6t5136780g/manifest.json'
For more information check: https://developer.mozilla.org/en-US/docs/Web/HTTP/Status/403",2026-07-27T16:05:14.893123
petitmarocain,bd6t5136781v,,failed,0,0,,http_manifest,known,403,manifest,"Client error '403 ' for url 'https://openapiproext.bnf.fr/iiif/presentation/v3/ark:/12148/bd6t5136781v/manifest.json'
For more information check: https://developer.mozilla.org/en-US/docs/Web/HTTP/Status/403",2026-07-27T16:05:16.077069
petitmarocain,bd6t51367827,,failed,0,0,,http_manifest,known,403,manifest,"Client error '403 ' for url 'https://openapiproext.bnf.fr/iiif/presentation/v3/ark:/12148/bd6t51367827/manifest.json'
For more information check: https://developer.mozilla.org/en-US/docs/Web/HTTP/Status/403",2026-07-27T16:05:17.272455
petitmarocain,bd6t5136783m,,failed,0,0,,http_manifest,known,403,manifest,"Client error '403 ' for url 'https://openapiproext.bnf.fr/iiif/presentation/v3/ark:/12148/bd6t5136783m/manifest.json'
For more information check: https://developer.mozilla.org/en-US/docs/Web/HTTP/Status/403",2026-07-27T16:05:18.491340
petitmarocain,bd6t51367840,,failed,0,0,,http_manifest,known,403,manifest,"Client error '403 ' for url 'https://openapiproext.bnf.fr/iiif/presentation/v3/ark:/12148/bd6t51367840/manifest.json'
For more information check: https://developer.mozilla.org/en-US/docs/Web/HTTP/Status/403",2026-07-27T16:05:19.670699
petitmarocain,bd6t5136785c,,failed,0,0,,http_manifest,known,403,manifest,"Client error '403 ' for url 'https://openapiproext.bnf.fr/iiif/presentation/v3/ark:/12148/bd6t5136785c/manifest.json'
For more information check: https://developer.mozilla.org/en-US/docs/Web/HTTP/Status/403",2026-07-27T16:05:20.895070
petitmarocain,bd6t5136786r,,failed,0,0,,http_manifest,known,403,manifest,"Client error '403 ' for url 'https://openapiproext.bnf.fr/iiif/presentation/v3/ark:/12148/bd6t5136786r/manifest.json'
For more information check: https://developer.mozilla.org/en-US/docs/Web/HTTP/Status/403",2026-07-27T16:05:22.078296
petitmarocain,bd6t51367874,,failed,0,0,,http_manifest,known,403,manifest,"Client error '403 ' for url 'https://openapiproext.bnf.fr/iiif/presentation/v3/ark:/12148/bd6t51367874/manifest.json'
For more information check: https://developer.mozilla.org/en-US/docs/Web/HTTP/Status/403",2026-07-27T16:05:23.340931
petitmarocain,bd6t5136788h,,failed,0,0,,http_manifest,known,403,manifest,"Client error '403 ' for url 'https://openapiproext.bnf.fr/iiif/presentation/v3/ark:/12148/bd6t5136788h/manifest.json'
For more information check: https://developer.mozilla.org/en-US/docs/Web/HTTP/Status/403",2026-07-27T16:05:24.508420
petitmarocain,bd6t5136789w,,failed,0,0,,http_manifest,known,403,manifest,"Client error '403 ' for url 'https://openapiproext.bnf.fr/iiif/presentation/v3/ark:/12148/bd6t5136789w/manifest.json'
For more information check: https://developer.mozilla.org/en-US/docs/Web/HTTP/Status/403",2026-07-27T16:05:25.684895
petitmarocain,bd6t5136790t,,failed,0,0,,http_manifest,known,403,manifest,"Client error '403 ' for url 'https://openapiproext.bnf.fr/iiif/presentation/v3/ark:/12148/bd6t5136790t/manifest.json'
For more information check: https://developer.mozilla.org/en-US/docs/Web/HTTP/Status/403",2026-07-27T16:05:26.917163
petitmarocain,bd6t51367916,,failed,0,0,,http_manifest,known,403,manifest,"Client error '403 ' for url 'https://openapiproext.bnf.fr/iiif/presentation/v3/ark:/12148/bd6t51367916/manifest.json'
For more information check: https://developer.mozilla.org/en-US/docs/Web/HTTP/Status/403",2026-07-27T16:05:28.098299
petitmarocain,bd6t5136792k,,failed,0,0,,http_manifest,known,403,manifest,"Client error '403 ' for url 'https://openapiproext.bnf.fr/iiif/presentation/v3/ark:/12148/bd6t5136792k/manifest.json'
For more information check: https://developer.mozilla.org/en-US/docs/Web/HTTP/Status/403",2026-07-27T16:05:29.464325
petitmarocain,bd6t5136793z,,failed,0,0,,http_manifest,known,403,manifest,"Client error '403 ' for url 'https://openapiproext.bnf.fr/iiif/presentation/v3/ark:/12148/bd6t5136793z/manifest.json'
For more information check: https://developer.mozilla.org/en-US/docs/Web/HTTP/Status/403",2026-07-27T16:05:30.645561
petitmarocain,bd6t5136794b,,failed,0,0,,http_manifest,known,403,manifest,"Client error '403 ' for url 'https://openapiproext.bnf.fr/iiif/presentation/v3/ark:/12148/bd6t5136794b/manifest.json'
For more information check: https://developer.mozilla.org/en-US/docs/Web/HTTP/Status/403",2026-07-27T16:05:31.805321
petitmarocain,bd6t5136795q,,failed,0,0,,http_manifest,known,403,manifest,"Client error '403 ' for url 'https://openapiproext.bnf.fr/iiif/presentation/v3/ark:/12148/bd6t5136795q/manifest.json'
For more information check: https://developer.mozilla.org/en-US/docs/Web/HTTP/Status/403",2026-07-27T16:05:32.923730
petitmarocain,bd6t51367963,,failed,0,0,,http_manifest,known,403,manifest,"Client error '403 ' for url 'https://openapiproext.bnf.fr/iiif/presentation/v3/ark:/12148/bd6t51367963/manifest.json'
For more information check: https://developer.mozilla.org/en-US/docs/Web/HTTP/Status/403",2026-07-27T16:05:34.217399
petitmarocain,bd6t5136797g,,failed,0,0,,http_manifest,known,403,manifest,"Client error '403 ' for url 'https://openapiproext.bnf.fr/iiif/presentation/v3/ark:/12148/bd6t5136797g/manifest.json'
For more information check: https://developer.mozilla.org/en-US/docs/Web/HTTP/Status/403",2026-07-27T16:05:35.330546
petitmarocain,bd6t5136798v,,failed,0,0,,http_manifest,known,403,manifest,"Client error '403 ' for url 'https://openapiproext.bnf.fr/iiif/presentation/v3/ark:/12148/bd6t5136798v/manifest.json'
For more information check: https://developer.mozilla.org/en-US/docs/Web/HTTP/Status/403",2026-07-27T16:05:36.527644
petitmarocain,bd6t51367997,,failed,0,0,,http_manifest,known,403,manifest,"Client error '403 ' for url 'https://openapiproext.bnf.fr/iiif/presentation/v3/ark:/12148/bd6t51367997/manifest.json'
For more information check: https://developer.mozilla.org/en-US/docs/Web/HTTP/Status/403",2026-07-27T16:05:37.719373
petitmarocain,bd6t51368001,,failed,0,0,,http_manifest,known,403,manifest,"Client error '403 ' for url 'https://openapiproext.bnf.fr/iiif/presentation/v3/ark:/12148/bd6t51368001/manifest.json'
For more information check: https://developer.mozilla.org/en-US/docs/Web/HTTP/Status/403",2026-07-27T16:05:38.933700
petitmarocain,bd6t5136801d,,failed,0,0,,http_manifest,known,403,manifest,"Client error '403 ' for url 'https://openapiproext.bnf.fr/iiif/presentation/v3/ark:/12148/bd6t5136801d/manifest.json'
For more information check: https://developer.mozilla.org/en-US/docs/Web/HTTP/Status/403",2026-07-27T16:05:40.118275
petitmarocain,bd6t5136802s,,failed,0,0,,http_manifest,known,403,manifest,"Client error '403 ' for url 'https://openapiproext.bnf.fr/iiif/presentation/v3/ark:/12148/bd6t5136802s/manifest.json'
For more information check: https://developer.mozilla.org/en-US/docs/Web/HTTP/Status/403",2026-07-27T16:05:41.325208
petitmarocain,bd6t51368035,,failed,0,0,,http_manifest,known,403,manifest,"Client error '403 ' for url 'https://openapiproext.bnf.fr/iiif/presentation/v3/ark:/12148/bd6t51368035/manifest.json'
For more information check: https://developer.mozilla.org/en-US/docs/Web/HTTP/Status/403",2026-07-27T16:05:42.658980
petitmarocain,bd6t5136804j,,failed,0,0,,http_manifest,known,403,manifest,"Client error '403 ' for url 'https://openapiproext.bnf.fr/iiif/presentation/v3/ark:/12148/bd6t5136804j/manifest.json'
For more information check: https://developer.mozilla.org/en-US/docs/Web/HTTP/Status/403",2026-07-27T16:05:43.704340
petitmarocain,bd6t5136805x,,failed,0,0,,http_manifest,known,403,manifest,"Client error '403 ' for url 'https://openapiproext.bnf.fr/iiif/presentation/v3/ark:/12148/bd6t5136805x/manifest.json'
For more information check: https://developer.mozilla.org/en-US/docs/Web/HTTP/Status/403",2026-07-27T16:05:44.965387
petitmarocain,bd6t51368069,,failed,0,0,,http_manifest,known,403,manifest,"Client error '403 ' for url 'https://openapiproext.bnf.fr/iiif/presentation/v3/ark:/12148/bd6t51368069/manifest.json'
For more information check: https://developer.mozilla.org/en-US/docs/Web/HTTP/Status/403",2026-07-27T16:05:46.116258
petitmarocain,bd6t5136807p,,failed,0,0,,http_manifest,known,403,manifest,"Client error '403 ' for url 'https://openapiproext.bnf.fr/iiif/presentation/v3/ark:/12148/bd6t5136807p/manifest.json'
For more information check: https://developer.mozilla.org/en-US/docs/Web/HTTP/Status/403",2026-07-27T16:05:47.346269
petitmarocain,bd6t51368082,,failed,0,0,,http_manifest,known,403,manifest,"Client error '403 ' for url 'https://openapiproext.bnf.fr/iiif/presentation/v3/ark:/12148/bd6t51368082/manifest.json'
For more information check: https://developer.mozilla.org/en-US/docs/Web/HTTP/Status/403",2026-07-27T16:05:48.724852
petitmarocain,bd6t5136809f,,failed,0,0,,http_manifest,known,403,manifest,"Client error '403 ' for url 'https://openapiproext.bnf.fr/iiif/presentation/v3/ark:/12148/bd6t5136809f/manifest.json'
For more information check: https://developer.mozilla.org/en-US/docs/Web/HTTP/Status/403",2026-07-27T16:05:49.734650
petitmarocain,bd6t5136810c,,failed,0,0,,http_manifest,known,403,manifest,"Client error '403 ' for url 'https://openapiproext.bnf.fr/iiif/presentation/v3/ark:/12148/bd6t5136810c/manifest.json'
For more information check: https://developer.mozilla.org/en-US/docs/Web/HTTP/Status/403",2026-07-27T16:05:50.941799
petitmarocain,bd6t5136811r,,failed,0,0,,http_manifest,known,403,manifest,"Client error '403 ' for url 'https://openapiproext.bnf.fr/iiif/presentation/v3/ark:/12148/bd6t5136811r/manifest.json'
For more information check: https://developer.mozilla.org/en-US/docs/Web/HTTP/Status/403",2026-07-27T16:05:52.134663
petitmarocain,bd6t51368124,,failed,0,0,,http_manifest,known,403,manifest,"Client error '403 ' for url 'https://openapiproext.bnf.fr/iiif/presentation/v3/ark:/12148/bd6t51368124/manifest.json'
For more information check: https://developer.mozilla.org/en-US/docs/Web/HTTP/Status/403",2026-07-27T16:05:53.408956
petitmarocain,bd6t5136813h,,failed,0,0,,http_manifest,known,403,manifest,"Client error '403 ' for url 'https://openapiproext.bnf.fr/iiif/presentation/v3/ark:/12148/bd6t5136813h/manifest.json'
For more information check: https://developer.mozilla.org/en-US/docs/Web/HTTP/Status/403",2026-07-27T16:05:54.548387
petitmarocain,bd6t5136814w,,failed,0,0,,http_manifest,known,403,manifest,"Client error '403 ' for url 'https://openapiproext.bnf.fr/iiif/presentation/v3/ark:/12148/bd6t5136814w/manifest.json'
For more information check: https://developer.mozilla.org/en-US/docs/Web/HTTP/Status/403",2026-07-27T16:05:55.720811
petitmarocain,bd6t51368158,,failed,0,0,,http_manifest,known,403,manifest,"Client error '403 ' for url 'https://openapiproext.bnf.fr/iiif/presentation/v3/ark:/12148/bd6t51368158/manifest.json'
For more information check: https://developer.mozilla.org/en-US/docs/Web/HTTP/Status/403",2026-07-27T16:05:56.955803
petitmarocain,bd6t5136816n,,failed,0,0,,http_manifest,known,403,manifest,"Client error '403 ' for url 'https://openapiproext.bnf.fr/iiif/presentation/v3/ark:/12148/bd6t5136816n/manifest.json'
For more information check: https://developer.mozilla.org/en-US/docs/Web/HTTP/Status/403",2026-07-27T16:05:58.127024
petitmarocain,bd6t51368171,,failed,0,0,,http_manifest,known,403,manifest,"Client error '403 ' for url 'https://openapiproext.bnf.fr/iiif/presentation/v3/ark:/12148/bd6t51368171/manifest.json'
For more information check: https://developer.mozilla.org/en-US/docs/Web/HTTP/Status/403",2026-07-27T16:05:59.358144
petitmarocain,bd6t5136818d,,failed,0,0,,http_manifest,known,403,manifest,"Client error '403 ' for url 'https://openapiproext.bnf.fr/iiif/presentation/v3/ark:/12148/bd6t5136818d/manifest.json'
For more information check: https://developer.mozilla.org/en-US/docs/Web/HTTP/Status/403",2026-07-27T16:06:00.561146
petitmarocain,bd6t5136819s,,failed,0,0,,http_manifest,known,403,manifest,"Client error '403 ' for url 'https://openapiproext.bnf.fr/iiif/presentation/v3/ark:/12148/bd6t5136819s/manifest.json'
For more information check: https://developer.mozilla.org/en-US/docs/Web/HTTP/Status/403",2026-07-27T16:06:01.759964
petitmarocain,bd6t5136820q,,failed,0,0,,http_manifest,known,403,manifest,"Client error '403 ' for url 'https://openapiproext.bnf.fr/iiif/presentation/v3/ark:/12148/bd6t5136820q/manifest.json'
For more information check: https://developer.mozilla.org/en-US/docs/Web/HTTP/Status/403",2026-07-27T16:06:02.963079
petitmarocain,bd6t51368213,,failed,0,0,,http_manifest,known,403,manifest,"Client error '403 ' for url 'https://openapiproext.bnf.fr/iiif/presentation/v3/ark:/12148/bd6t51368213/manifest.json'
For more information check: https://developer.mozilla.org/en-US/docs/Web/HTTP/Status/403",2026-07-27T16:06:04.161018
petitmarocain,bd6t5136822g,,failed,0,0,,http_manifest,known,403,manifest,"Client error '403 ' for url 'https://openapiproext.bnf.fr/iiif/presentation/v3/ark:/12148/bd6t5136822g/manifest.json'
For more information check: https://developer.mozilla.org/en-US/docs/Web/HTTP/Status/403",2026-07-27T16:06:05.344211
petitmarocain,bd6t5138712c,,failed,0,0,,http_manifest,known,403,manifest,"Client error '403 ' for url 'https://openapiproext.bnf.fr/iiif/presentation/v3/ark:/12148/bd6t5138712c/manifest.json'
For more information check: https://developer.mozilla.org/en-US/docs/Web/HTTP/Status/403",2026-07-27T16:06:06.566696
petitmarocain,bd6t5138713r,,failed,0,0,,http_manifest,known,403,manifest,"Client error '403 ' for url 'https://openapiproext.bnf.fr/iiif/presentation/v3/ark:/12148/bd6t5138713r/manifest.json'
For more information check: https://developer.mozilla.org/en-US/docs/Web/HTTP/Status/403",2026-07-27T16:06:07.745688
petitmarocain,bd6t51387144,,failed,0,0,,http_manifest,known,403,manifest,"Client error '403 ' for url 'https://openapiproext.bnf.fr/iiif/presentation/v3/ark:/12148/bd6t51387144/manifest.json'
For more information check: https://developer.mozilla.org/en-US/docs/Web/HTTP/Status/403",2026-07-27T16:06:08.975537
petitmarocain,bd6t5138715h,,failed,0,0,,http_manifest,known,403,manifest,"Client error '403 ' for url 'https://openapiproext.bnf.fr/iiif/presentation/v3/ark:/12148/bd6t5138715h/manifest.json'
For more information check: https://developer.mozilla.org/en-US/docs/Web/HTTP/Status/403",2026-07-27T16:06:10.148406
petitmarocain,bd6t5138716w,,failed,0,0,,http_manifest,known,403,manifest,"Client error '403 ' for url 'https://openapiproext.bnf.fr/iiif/presentation/v3/ark:/12148/bd6t5138716w/manifest.json'
For more information check: https://developer.mozilla.org/en-US/docs/Web/HTTP/Status/403",2026-07-27T16:06:11.378766
petitmarocain,bd6t51387178,,failed,0,0,,http_manifest,known,403,manifest,"Client error '403 ' for url 'https://openapiproext.bnf.fr/iiif/presentation/v3/ark:/12148/bd6t51387178/manifest.json'
For more information check: https://developer.mozilla.org/en-US/docs/Web/HTTP/Status/403",2026-07-27T16:06:12.574867
petitmarocain,bd6t5138718n,,failed,0,0,,http_manifest,known,403,manifest,"Client error '403 ' for url 'https://openapiproext.bnf.fr/iiif/presentation/v3/ark:/12148/bd6t5138718n/manifest.json'
For more information check: https://developer.mozilla.org/en-US/docs/Web/HTTP/Status/403",2026-07-27T16:06:13.759418
petitmarocain,bd6t51387191,,failed,0,0,,http_manifest,known,403,manifest,"Client error '403 ' for url 'https://openapiproext.bnf.fr/iiif/presentation/v3/ark:/12148/bd6t51387191/manifest.json'
For more information check: https://developer.mozilla.org/en-US/docs/Web/HTTP/Status/403",2026-07-27T16:06:14.980017
petitmarocain,bd6t5138720z,,failed,0,0,,http_manifest,known,403,manifest,"Client error '403 ' for url 'https://openapiproext.bnf.fr/iiif/presentation/v3/ark:/12148/bd6t5138720z/manifest.json'
For more information check: https://developer.mozilla.org/en-US/docs/Web/HTTP/Status/403",2026-07-27T16:06:16.171696
petitmarocain,bd6t5138721b,,failed,0,0,,http_manifest,known,403,manifest,"Client error '403 ' for url 'https://openapiproext.bnf.fr/iiif/presentation/v3/ark:/12148/bd6t5138721b/manifest.json'
For more information check: https://developer.mozilla.org/en-US/docs/Web/HTTP/Status/403",2026-07-27T16:06:17.365938
petitmarocain,bd6t5138722q,,failed,0,0,,http_manifest,known,403,manifest,"Client error '403 ' for url 'https://openapiproext.bnf.fr/iiif/presentation/v3/ark:/12148/bd6t5138722q/manifest.json'
For more information check: https://developer.mozilla.org/en-US/docs/Web/HTTP/Status/403",2026-07-27T16:06:18.581577
petitmarocain,bd6t51387233,,failed,0,0,,http_manifest,known,403,manifest,"Client error '403 ' for url 'https://openapiproext.bnf.fr/iiif/presentation/v3/ark:/12148/bd6t51387233/manifest.json'
For more information check: https://developer.mozilla.org/en-US/docs/Web/HTTP/Status/403",2026-07-27T16:06:19.766946
petitmarocain,bd6t5138724g,,failed,0,0,,http_manifest,known,403,manifest,"Client error '403 ' for url 'https://openapiproext.bnf.fr/iiif/presentation/v3/ark:/12148/bd6t5138724g/manifest.json'
For more information check: https://developer.mozilla.org/en-US/docs/Web/HTTP/Status/403",2026-07-27T16:06:21.052639
petitmarocain,bd6t5138725v,,failed,0,0,,http_manifest,known,403,manifest,"Client error '403 ' for url 'https://openapiproext.bnf.fr/iiif/presentation/v3/ark:/12148/bd6t5138725v/manifest.json'
For more information check: https://developer.mozilla.org/en-US/docs/Web/HTTP/Status/403",2026-07-27T16:06:22.165942
petitmarocain,bd6t51387267,,failed,0,0,,http_manifest,known,403,manifest,"Client error '403 ' for url 'https://openapiproext.bnf.fr/iiif/presentation/v3/ark:/12148/bd6t51387267/manifest.json'
For more information check: https://developer.mozilla.org/en-US/docs/Web/HTTP/Status/403",2026-07-27T16:06:23.397756
petitmarocain,bd6t5138727m,,failed,0,0,,http_manifest,known,403,manifest,"Client error '403 ' for url 'https://openapiproext.bnf.fr/iiif/presentation/v3/ark:/12148/bd6t5138727m/manifest.json'
For more information check: https://developer.mozilla.org/en-US/docs/Web/HTTP/Status/403",2026-07-27T16:06:24.619743
petitmarocain,bd6t51387280,,failed,0,0,,http_manifest,known,403,manifest,"Client error '403 ' for url 'https://openapiproext.bnf.fr/iiif/presentation/v3/ark:/12148/bd6t51387280/manifest.json'
For more information check: https://developer.mozilla.org/en-US/docs/Web/HTTP/Status/403",2026-07-27T16:06:25.770959
petitmarocain,bd6t5138729c,,failed,0,0,,http_manifest,known,403,manifest,"Client error '403 ' for url 'https://openapiproext.bnf.fr/iiif/presentation/v3/ark:/12148/bd6t5138729c/manifest.json'
For more information check: https://developer.mozilla.org/en-US/docs/Web/HTTP/Status/403",2026-07-27T16:06:27.000086
petitmarocain,bd6t51387309,,failed,0,0,,http_manifest,known,403,manifest,"Client error '403 ' for url 'https://openapiproext.bnf.fr/iiif/presentation/v3/ark:/12148/bd6t51387309/manifest.json'
For more information check: https://developer.mozilla.org/en-US/docs/Web/HTTP/Status/403",2026-07-27T16:06:28.192326
petitmarocain,bd6t5138731p,,failed,0,0,,http_manifest,known,403,manifest,"Client error '403 ' for url 'https://openapiproext.bnf.fr/iiif/presentation/v3/ark:/12148/bd6t5138731p/manifest.json'
For more information check: https://developer.mozilla.org/en-US/docs/Web/HTTP/Status/403",2026-07-27T16:06:29.706186
petitmarocain,bd6t51387322,,failed,0,0,,http_manifest,known,403,manifest,"Client error '403 ' for url 'https://openapiproext.bnf.fr/iiif/presentation/v3/ark:/12148/bd6t51387322/manifest.json'
For more information check: https://developer.mozilla.org/en-US/docs/Web/HTTP/Status/403",2026-07-27T16:06:30.737883
petitmarocain,bd6t5138733f,,failed,0,0,,http_manifest,known,403,manifest,"Client error '403 ' for url 'https://openapiproext.bnf.fr/iiif/presentation/v3/ark:/12148/bd6t5138733f/manifest.json'
For more information check: https://developer.mozilla.org/en-US/docs/Web/HTTP/Status/403",2026-07-27T16:06:31.955381
petitmarocain,bd6t5138734t,,failed,0,0,,http_manifest,known,403,manifest,"Client error '403 ' for url 'https://openapiproext.bnf.fr/iiif/presentation/v3/ark:/12148/bd6t5138734t/manifest.json'
For more information check: https://developer.mozilla.org/en-US/docs/Web/HTTP/Status/403",2026-07-27T16:06:33.229770
petitmarocain,bd6t51387356,,failed,0,0,,http_manifest,known,403,manifest,"Client error '403 ' for url 'https://openapiproext.bnf.fr/iiif/presentation/v3/ark:/12148/bd6t51387356/manifest.json'
For more information check: https://developer.mozilla.org/en-US/docs/Web/HTTP/Status/403",2026-07-27T16:06:34.186581
petitmarocain,bd6t5138736k,,failed,0,0,,http_manifest,known,403,manifest,"Client error '403 ' for url 'https://openapiproext.bnf.fr/iiif/presentation/v3/ark:/12148/bd6t5138736k/manifest.json'
For more information check: https://developer.mozilla.org/en-US/docs/Web/HTTP/Status/403",2026-07-27T16:06:35.477620
petitmarocain,bd6t5138737z,,failed,0,0,,http_manifest,known,403,manifest,"Client error '403 ' for url 'https://openapiproext.bnf.fr/iiif/presentation/v3/ark:/12148/bd6t5138737z/manifest.json'
For more information check: https://developer.mozilla.org/en-US/docs/Web/HTTP/Status/403",2026-07-27T16:06:36.758799
petitmarocain,bd6t5138738b,,failed,0,0,,http_manifest,known,403,manifest,"Client error '403 ' for url 'https://openapiproext.bnf.fr/iiif/presentation/v3/ark:/12148/bd6t5138738b/manifest.json'
For more information check: https://developer.mozilla.org/en-US/docs/Web/HTTP/Status/403",2026-07-27T16:06:37.910478
petitmarocain,bd6t5138739q,,failed,0,0,,http_manifest,known,403,manifest,"Client error '403 ' for url 'https://openapiproext.bnf.fr/iiif/presentation/v3/ark:/12148/bd6t5138739q/manifest.json'
For more information check: https://developer.mozilla.org/en-US/docs/Web/HTTP/Status/403",2026-07-27T16:06:39.209968
petitmarocain,bd6t5138740n,,failed,0,0,,http_manifest,known,403,manifest,"Client error '403 ' for url 'https://openapiproext.bnf.fr/iiif/presentation/v3/ark:/12148/bd6t5138740n/manifest.json'
For more information check: https://developer.mozilla.org/en-US/docs/Web/HTTP/Status/403",2026-07-27T16:06:40.209363
petitmarocain,bd6t51387411,,failed,0,0,,http_manifest,known,403,manifest,"Client error '403 ' for url 'https://openapiproext.bnf.fr/iiif/presentation/v3/ark:/12148/bd6t51387411/manifest.json'
For more information check: https://developer.mozilla.org/en-US/docs/Web/HTTP/Status/403",2026-07-27T16:06:41.435464
petitmarocain,bd6t5138742d,,failed,0,0,,http_manifest,known,403,manifest,"Client error '403 ' for url 'https://openapiproext.bnf.fr/iiif/presentation/v3/ark:/12148/bd6t5138742d/manifest.json'
For more information check: https://developer.mozilla.org/en-US/docs/Web/HTTP/Status/403",2026-07-27T16:06:42.630432
petitmarocain,bd6t5138743s,,failed,0,0,,http_manifest,known,403,manifest,"Client error '403 ' for url 'https://openapiproext.bnf.fr/iiif/presentation/v3/ark:/12148/bd6t5138743s/manifest.json'
For more information check: https://developer.mozilla.org/en-US/docs/Web/HTTP/Status/403",2026-07-27T16:06:43.795639
petitmarocain,bd6t51387445,,failed,0,0,,http_manifest,known,403,manifest,"Client error '403 ' for url 'https://openapiproext.bnf.fr/iiif/presentation/v3/ark:/12148/bd6t51387445/manifest.json'
For more information check: https://developer.mozilla.org/en-US/docs/Web/HTTP/Status/403",2026-07-27T16:06:45.164367
petitmarocain,bd6t5138745j,,failed,0,0,,http_manifest,known,403,manifest,"Client error '403 ' for url 'https://openapiproext.bnf.fr/iiif/presentation/v3/ark:/12148/bd6t5138745j/manifest.json'
For more information check: https://developer.mozilla.org/en-US/docs/Web/HTTP/Status/403",2026-07-27T16:06:46.390432
petitmarocain,bd6t5138746x,,failed,0,0,,http_manifest,known,403,manifest,"Client error '403 ' for url 'https://openapiproext.bnf.fr/iiif/presentation/v3/ark:/12148/bd6t5138746x/manifest.json'
For more information check: https://developer.mozilla.org/en-US/docs/Web/HTTP/Status/403",2026-07-27T16:06:47.427813
petitmarocain,bd6t51387479,,failed,0,0,,http_manifest,known,403,manifest,"Client error '403 ' for url 'https://openapiproext.bnf.fr/iiif/presentation/v3/ark:/12148/bd6t51387479/manifest.json'
For more information check: https://developer.mozilla.org/en-US/docs/Web/HTTP/Status/403",2026-07-27T16:06:48.789562
petitmarocain,bd6t5138748p,,failed,0,0,,http_manifest,known,403,manifest,"Client error '403 ' for url 'https://openapiproext.bnf.fr/iiif/presentation/v3/ark:/12148/bd6t5138748p/manifest.json'
For more information check: https://developer.mozilla.org/en-US/docs/Web/HTTP/Status/403",2026-07-27T16:06:50.026106
petitmarocain,bd6t51387492,,failed,0,0,,http_manifest,known,403,manifest,"Client error '403 ' for url 'https://openapiproext.bnf.fr/iiif/presentation/v3/ark:/12148/bd6t51387492/manifest.json'
For more information check: https://developer.mozilla.org/en-US/docs/Web/HTTP/Status/403",2026-07-27T16:06:51.290999
petitmarocain,bd6t51387500,,failed,0,0,,http_manifest,known,403,manifest,"Client error '403 ' for url 'https://openapiproext.bnf.fr/iiif/presentation/v3/ark:/12148/bd6t51387500/manifest.json'
For more information check: https://developer.mozilla.org/en-US/docs/Web/HTTP/Status/403",2026-07-27T16:06:52.295391
petitmarocain,bd6t5138751c,,failed,0,0,,http_manifest,known,403,manifest,"Client error '403 ' for url 'https://openapiproext.bnf.fr/iiif/presentation/v3/ark:/12148/bd6t5138751c/manifest.json'
For more information check: https://developer.mozilla.org/en-US/docs/Web/HTTP/Status/403",2026-07-27T16:06:53.424514
petitmarocain,bd6t5138752r,,failed,0,0,,http_manifest,known,403,manifest,"Client error '403 ' for url 'https://openapiproext.bnf.fr/iiif/presentation/v3/ark:/12148/bd6t5138752r/manifest.json'
For more information check: https://developer.mozilla.org/en-US/docs/Web/HTTP/Status/403",2026-07-27T16:06:54.635267
petitmarocain,bd6t51387534,,failed,0,0,,http_manifest,known,403,manifest,"Client error '403 ' for url 'https://openapiproext.bnf.fr/iiif/presentation/v3/ark:/12148/bd6t51387534/manifest.json'
For more information check: https://developer.mozilla.org/en-US/docs/Web/HTTP/Status/403",2026-07-27T16:06:55.809227
petitmarocain,bd6t5138754h,,failed,0,0,,http_manifest,known,403,manifest,"Client error '403 ' for url 'https://openapiproext.bnf.fr/iiif/presentation/v3/ark:/12148/bd6t5138754h/manifest.json'
For more information check: https://developer.mozilla.org/en-US/docs/Web/HTTP/Status/403",2026-07-27T16:06:57.040446
petitmarocain,bd6t5138755w,,failed,0,0,,http_manifest,known,403,manifest,"Client error '403 ' for url 'https://openapiproext.bnf.fr/iiif/presentation/v3/ark:/12148/bd6t5138755w/manifest.json'
For more information check: https://developer.mozilla.org/en-US/docs/Web/HTTP/Status/403",2026-07-27T16:06:58.222694
petitmarocain,bd6t51387568,,failed,0,0,,http_manifest,known,403,manifest,"Client error '403 ' for url 'https://openapiproext.bnf.fr/iiif/presentation/v3/ark:/12148/bd6t51387568/manifest.json'
For more information check: https://developer.mozilla.org/en-US/docs/Web/HTTP/Status/403",2026-07-27T16:06:59.449389
petitmarocain,bd6t5138757n,,failed,0,0,,http_manifest,known,403,manifest,"Client error '403 ' for url 'https://openapiproext.bnf.fr/iiif/presentation/v3/ark:/12148/bd6t5138757n/manifest.json'
For more information check: https://developer.mozilla.org/en-US/docs/Web/HTTP/Status/403",2026-07-27T16:07:00.658898
petitmarocain,bd6t51387581,,failed,0,0,,http_manifest,known,403,manifest,"Client error '403 ' for url 'https://openapiproext.bnf.fr/iiif/presentation/v3/ark:/12148/bd6t51387581/manifest.json'
For more information check: https://developer.mozilla.org/en-US/docs/Web/HTTP/Status/403",2026-07-27T16:07:01.831027
petitmarocain,bd6t5138759d,,failed,0,0,,http_manifest,known,403,manifest,"Client error '403 ' for url 'https://openapiproext.bnf.fr/iiif/presentation/v3/ark:/12148/bd6t5138759d/manifest.json'
For more information check: https://developer.mozilla.org/en-US/docs/Web/HTTP/Status/403",2026-07-27T16:07:03.045077
petitmarocain,bd6t5138760b,,failed,0,0,,http_manifest,known,403,manifest,"Client error '403 ' for url 'https://openapiproext.bnf.fr/iiif/presentation/v3/ark:/12148/bd6t5138760b/manifest.json'
For more information check: https://developer.mozilla.org/en-US/docs/Web/HTTP/Status/403",2026-07-27T16:07:04.242116
petitmarocain,bd6t5138761q,,failed,0,0,,http_manifest,known,403,manifest,"Client error '403 ' for url 'https://openapiproext.bnf.fr/iiif/presentation/v3/ark:/12148/bd6t5138761q/manifest.json'
For more information check: https://developer.mozilla.org/en-US/docs/Web/HTTP/Status/403",2026-07-27T16:07:05.431404
petitmarocain,bd6t51387623,,failed,0,0,,http_manifest,known,403,manifest,"Client error '403 ' for url 'https://openapiproext.bnf.fr/iiif/presentation/v3/ark:/12148/bd6t51387623/manifest.json'
For more information check: https://developer.mozilla.org/en-US/docs/Web/HTTP/Status/403",2026-07-27T16:07:06.657113
petitmarocain,bd6t5138763g,,failed,0,0,,http_manifest,known,403,manifest,"Client error '403 ' for url 'https://openapiproext.bnf.fr/iiif/presentation/v3/ark:/12148/bd6t5138763g/manifest.json'
For more information check: https://developer.mozilla.org/en-US/docs/Web/HTTP/Status/403",2026-07-27T16:07:07.830963
petitmarocain,bd6t5138764v,,failed,0,0,,http_manifest,known,403,manifest,"Client error '403 ' for url 'https://openapiproext.bnf.fr/iiif/presentation/v3/ark:/12148/bd6t5138764v/manifest.json'
For more information check: https://developer.mozilla.org/en-US/docs/Web/HTTP/Status/403",2026-07-27T16:07:09.063159
petitmarocain,bd6t51387657,,failed,0,0,,http_manifest,known,403,manifest,"Client error '403 ' for url 'https://openapiproext.bnf.fr/iiif/presentation/v3/ark:/12148/bd6t51387657/manifest.json'
For more information check: https://developer.mozilla.org/en-US/docs/Web/HTTP/Status/403",2026-07-27T16:07:10.238822
petitmarocain,bd6t5138766m,,failed,0,0,,http_manifest,known,403,manifest,"Client error '403 ' for url 'https://openapiproext.bnf.fr/iiif/presentation/v3/ark:/12148/bd6t5138766m/manifest.json'
For more information check: https://developer.mozilla.org/en-US/docs/Web/HTTP/Status/403",2026-07-27T16:07:11.471204
petitmarocain,bd6t51387670,,failed,0,0,,http_manifest,known,403,manifest,"Client error '403 ' for url 'https://openapiproext.bnf.fr/iiif/presentation/v3/ark:/12148/bd6t51387670/manifest.json'
For more information check: https://developer.mozilla.org/en-US/docs/Web/HTTP/Status/403",2026-07-27T16:07:12.666376
petitmarocain,bd6t5138768c,,failed,0,0,,http_manifest,known,403,manifest,"Client error '403 ' for url 'https://openapiproext.bnf.fr/iiif/presentation/v3/ark:/12148/bd6t5138768c/manifest.json'
For more information check: https://developer.mozilla.org/en-US/docs/Web/HTTP/Status/403",2026-07-27T16:07:13.845411
petitmarocain,bd6t5138769r,,failed,0,0,,http_manifest,known,403,manifest,"Client error '403 ' for url 'https://openapiproext.bnf.fr/iiif/presentation/v3/ark:/12148/bd6t5138769r/manifest.json'
For more information check: https://developer.mozilla.org/en-US/docs/Web/HTTP/Status/403",2026-07-27T16:07:15.064127
petitmarocain,bd6t5138770p,,failed,0,0,,http_manifest,known,403,manifest,"Client error '403 ' for url 'https://openapiproext.bnf.fr/iiif/presentation/v3/ark:/12148/bd6t5138770p/manifest.json'
For more information check: https://developer.mozilla.org/en-US/docs/Web/HTTP/Status/403",2026-07-27T16:07:16.263830
petitmarocain,bd6t51387712,,failed,0,0,,http_manifest,known,403,manifest,"Client error '403 ' for url 'https://openapiproext.bnf.fr/iiif/presentation/v3/ark:/12148/bd6t51387712/manifest.json'
For more information check: https://developer.mozilla.org/en-US/docs/Web/HTTP/Status/403",2026-07-27T16:07:17.451706
petitmarocain,bd6t5138772f,,failed,0,0,,http_manifest,known,403,manifest,"Client error '403 ' for url 'https://openapiproext.bnf.fr/iiif/presentation/v3/ark:/12148/bd6t5138772f/manifest.json'
For more information check: https://developer.mozilla.org/en-US/docs/Web/HTTP/Status/403",2026-07-27T16:07:18.669077
petitmarocain,bd6t5138773t,,failed,0,0,,http_manifest,known,403,manifest,"Client error '403 ' for url 'https://openapiproext.bnf.fr/iiif/presentation/v3/ark:/12148/bd6t5138773t/manifest.json'
For more information check: https://developer.mozilla.org/en-US/docs/Web/HTTP/Status/403",2026-07-27T16:07:19.848686
petitmarocain,bd6t51387746,,failed,0,0,,http_manifest,known,403,manifest,"Client error '403 ' for url 'https://openapiproext.bnf.fr/iiif/presentation/v3/ark:/12148/bd6t51387746/manifest.json'
For more information check: https://developer.mozilla.org/en-US/docs/Web/HTTP/Status/403",2026-07-27T16:07:21.082016
petitmarocain,bd6t5138775k,,failed,0,0,,http_manifest,known,403,manifest,"Client error '403 ' for url 'https://openapiproext.bnf.fr/iiif/presentation/v3/ark:/12148/bd6t5138775k/manifest.json'
For more information check: https://developer.mozilla.org/en-US/docs/Web/HTTP/Status/403",2026-07-27T16:07:22.258096
petitmarocain,bd6t5138776z,,failed,0,0,,http_manifest,known,403,manifest,"Client error '403 ' for url 'https://openapiproext.bnf.fr/iiif/presentation/v3/ark:/12148/bd6t5138776z/manifest.json'
For more information check: https://developer.mozilla.org/en-US/docs/Web/HTTP/Status/403",2026-07-27T16:07:23.467086
petitmarocain,bd6t5138777b,,failed,0,0,,http_manifest,known,403,manifest,"Client error '403 ' for url 'https://openapiproext.bnf.fr/iiif/presentation/v3/ark:/12148/bd6t5138777b/manifest.json'
For more information check: https://developer.mozilla.org/en-US/docs/Web/HTTP/Status/403",2026-07-27T16:07:24.679303
petitmarocain,bd6t5138778q,,failed,0,0,,http_manifest,known,403,manifest,"Client error '403 ' for url 'https://openapiproext.bnf.fr/iiif/presentation/v3/ark:/12148/bd6t5138778q/manifest.json'
For more information check: https://developer.mozilla.org/en-US/docs/Web/HTTP/Status/403",2026-07-27T16:07:25.896383
petitmarocain,bd6t51387793,,failed,0,0,,http_manifest,known,403,manifest,"Client error '403 ' for url 'https://openapiproext.bnf.fr/iiif/presentation/v3/ark:/12148/bd6t51387793/manifest.json'
For more information check: https://developer.mozilla.org/en-US/docs/Web/HTTP/Status/403",2026-07-27T16:07:27.082560
petitmarocain,bd6t51387801,,failed,0,0,,http_manifest,known,403,manifest,"Client error '403 ' for url 'https://openapiproext.bnf.fr/iiif/presentation/v3/ark:/12148/bd6t51387801/manifest.json'
For more information check: https://developer.mozilla.org/en-US/docs/Web/HTTP/Status/403",2026-07-27T16:07:28.281993
petitmarocain,bd6t5138781d,,failed,0,0,,http_manifest,known,403,manifest,"Client error '403 ' for url 'https://openapiproext.bnf.fr/iiif/presentation/v3/ark:/12148/bd6t5138781d/manifest.json'
For more information check: https://developer.mozilla.org/en-US/docs/Web/HTTP/Status/403",2026-07-27T16:07:29.604455
petitmarocain,bd6t5138782s,,failed,0,0,,http_manifest,known,403,manifest,"Client error '403 ' for url 'https://openapiproext.bnf.fr/iiif/presentation/v3/ark:/12148/bd6t5138782s/manifest.json'
For more information check: https://developer.mozilla.org/en-US/docs/Web/HTTP/Status/403",2026-07-27T16:07:30.834572
petitmarocain,bd6t51387835,,failed,0,0,,http_manifest,known,403,manifest,"Client error '403 ' for url 'https://openapiproext.bnf.fr/iiif/presentation/v3/ark:/12148/bd6t51387835/manifest.json'
For more information check: https://developer.mozilla.org/en-US/docs/Web/HTTP/Status/403",2026-07-27T16:07:32.020636
petitmarocain,bd6t5138784j,,failed,0,0,,http_manifest,known,403,manifest,"Client error '403 ' for url 'https://openapiproext.bnf.fr/iiif/presentation/v3/ark:/12148/bd6t5138784j/manifest.json'
For more information check: https://developer.mozilla.org/en-US/docs/Web/HTTP/Status/403",2026-07-27T16:07:33.139212
petitmarocain,bd6t5138785x,,failed,0,0,,http_manifest,known,403,manifest,"Client error '403 ' for url 'https://openapiproext.bnf.fr/iiif/presentation/v3/ark:/12148/bd6t5138785x/manifest.json'
For more information check: https://developer.mozilla.org/en-US/docs/Web/HTTP/Status/403",2026-07-27T16:07:34.308009
petitmarocain,bd6t51387869,,failed,0,0,,http_manifest,known,403,manifest,"Client error '403 ' for url 'https://openapiproext.bnf.fr/iiif/presentation/v3/ark:/12148/bd6t51387869/manifest.json'
For more information check: https://developer.mozilla.org/en-US/docs/Web/HTTP/Status/403",2026-07-27T16:07:35.479184
petitmarocain,bd6t5138787p,,failed,0,0,,http_manifest,known,403,manifest,"Client error '403 ' for url 'https://openapiproext.bnf.fr/iiif/presentation/v3/ark:/12148/bd6t5138787p/manifest.json'
For more information check: https://developer.mozilla.org/en-US/docs/Web/HTTP/Status/403",2026-07-27T16:07:36.880824
petitmarocain,bd6t51387882,,failed,0,0,,http_manifest,known,403,manifest,"Client error '403 ' for url 'https://openapiproext.bnf.fr/iiif/presentation/v3/ark:/12148/bd6t51387882/manifest.json'
For more information check: https://developer.mozilla.org/en-US/docs/Web/HTTP/Status/403",2026-07-27T16:07:38.079626
petitmarocain,bd6t5138789f,,failed,0,0,,http_manifest,known,403,manifest,"Client error '403 ' for url 'https://openapiproext.bnf.fr/iiif/presentation/v3/ark:/12148/bd6t5138789f/manifest.json'
For more information check: https://developer.mozilla.org/en-US/docs/Web/HTTP/Status/403",2026-07-27T16:07:39.193455
petitmarocain,bd6t5138790c,,failed,0,0,,http_manifest,known,403,manifest,"Client error '403 ' for url 'https://openapiproext.bnf.fr/iiif/presentation/v3/ark:/12148/bd6t5138790c/manifest.json'
For more information check: https://developer.mozilla.org/en-US/docs/Web/HTTP/Status/403",2026-07-27T16:07:40.385243
petitmarocain,bd6t5138791r,,failed,0,0,,http_manifest,known,403,manifest,"Client error '403 ' for url 'https://openapiproext.bnf.fr/iiif/presentation/v3/ark:/12148/bd6t5138791r/manifest.json'
For more information check: https://developer.mozilla.org/en-US/docs/Web/HTTP/Status/403",2026-07-27T16:07:41.489415
petitmarocain,bd6t51387924,,failed,0,0,,http_manifest,known,403,manifest,"Client error '403 ' for url 'https://openapiproext.bnf.fr/iiif/presentation/v3/ark:/12148/bd6t51387924/manifest.json'
For more information check: https://developer.mozilla.org/en-US/docs/Web/HTTP/Status/403",2026-07-27T16:07:42.827769
petitmarocain,bd6t5138793h,,failed,0,0,,http_manifest,known,403,manifest,"Client error '403 ' for url 'https://openapiproext.bnf.fr/iiif/presentation/v3/ark:/12148/bd6t5138793h/manifest.json'
For more information check: https://developer.mozilla.org/en-US/docs/Web/HTTP/Status/403",2026-07-27T16:07:43.888845
petitmarocain,bd6t5138794w,,failed,0,0,,http_manifest,known,403,manifest,"Client error '403 ' for url 'https://openapiproext.bnf.fr/iiif/presentation/v3/ark:/12148/bd6t5138794w/manifest.json'
For more information check: https://developer.mozilla.org/en-US/docs/Web/HTTP/Status/403",2026-07-27T16:07:45.114764
petitmarocain,bd6t51387958,,failed,0,0,,http_manifest,known,403,manifest,"Client error '403 ' for url 'https://openapiproext.bnf.fr/iiif/presentation/v3/ark:/12148/bd6t51387958/manifest.json'
For more information check: https://developer.mozilla.org/en-US/docs/Web/HTTP/Status/403",2026-07-27T16:07:46.297500
petitmarocain,bd6t5138796n,,failed,0,0,,http_manifest,known,403,manifest,"Client error '403 ' for url 'https://openapiproext.bnf.fr/iiif/presentation/v3/ark:/12148/bd6t5138796n/manifest.json'
For more information check: https://developer.mozilla.org/en-US/docs/Web/HTTP/Status/403",2026-07-27T16:07:47.498181
petitmarocain,bd6t51387971,,failed,0,0,,http_manifest,known,403,manifest,"Client error '403 ' for url 'https://openapiproext.bnf.fr/iiif/presentation/v3/ark:/12148/bd6t51387971/manifest.json'
For more information check: https://developer.mozilla.org/en-US/docs/Web/HTTP/Status/403",2026-07-27T16:07:48.720252
petitmarocain,bd6t5138798d,,failed,0,0,,http_manifest,known,403,manifest,"Client error '403 ' for url 'https://openapiproext.bnf.fr/iiif/presentation/v3/ark:/12148/bd6t5138798d/manifest.json'
For more information check: https://developer.mozilla.org/en-US/docs/Web/HTTP/Status/403",2026-07-27T16:07:49.899591
petitmarocain,bd6t5138799s,,failed,0,0,,http_manifest,known,403,manifest,"Client error '403 ' for url 'https://openapiproext.bnf.fr/iiif/presentation/v3/ark:/12148/bd6t5138799s/manifest.json'
For more information check: https://developer.mozilla.org/en-US/docs/Web/HTTP/Status/403",2026-07-27T16:07:51.176764
petitmarocain,bd6t5138800k,,failed,0,0,,http_manifest,known,403,manifest,"Client error '403 ' for url 'https://openapiproext.bnf.fr/iiif/presentation/v3/ark:/12148/bd6t5138800k/manifest.json'
For more information check: https://developer.mozilla.org/en-US/docs/Web/HTTP/Status/403",2026-07-27T16:07:52.298710
petitmarocain,bd6t5138801z,,failed,0,0,,http_manifest,known,403,manifest,"Client error '403 ' for url 'https://openapiproext.bnf.fr/iiif/presentation/v3/ark:/12148/bd6t5138801z/manifest.json'
For more information check: https://developer.mozilla.org/en-US/docs/Web/HTTP/Status/403",2026-07-27T16:07:53.542323
petitmarocain,bd6t5138802b,,failed,0,0,,http_manifest,known,403,manifest,"Client error '403 ' for url 'https://openapiproext.bnf.fr/iiif/presentation/v3/ark:/12148/bd6t5138802b/manifest.json'
For more information check: https://developer.mozilla.org/en-US/docs/Web/HTTP/Status/403",2026-07-27T16:07:54.724594
petitmarocain,bd6t5138803q,,failed,0,0,,http_manifest,known,403,manifest,"Client error '403 ' for url 'https://openapiproext.bnf.fr/iiif/presentation/v3/ark:/12148/bd6t5138803q/manifest.json'
For more information check: https://developer.mozilla.org/en-US/docs/Web/HTTP/Status/403",2026-07-27T16:07:55.907696
petitmarocain,bd6t51388043,,failed,0,0,,http_manifest,known,403,manifest,"Client error '403 ' for url 'https://openapiproext.bnf.fr/iiif/presentation/v3/ark:/12148/bd6t51388043/manifest.json'
For more information check: https://developer.mozilla.org/en-US/docs/Web/HTTP/Status/403",2026-07-27T16:07:57.149737
petitmarocain,bd6t5138805g,,failed,0,0,,http_manifest,known,403,manifest,"Client error '403 ' for url 'https://openapiproext.bnf.fr/iiif/presentation/v3/ark:/12148/bd6t5138805g/manifest.json'
For more information check: https://developer.mozilla.org/en-US/docs/Web/HTTP/Status/403",2026-07-27T16:07:58.308733
petitmarocain,bd6t5138806v,,failed,0,0,,http_manifest,known,403,manifest,"Client error '403 ' for url 'https://openapiproext.bnf.fr/iiif/presentation/v3/ark:/12148/bd6t5138806v/manifest.json'
For more information check: https://developer.mozilla.org/en-US/docs/Web/HTTP/Status/403",2026-07-27T16:07:59.536455
petitmarocain,bd6t51388077,,failed,0,0,,http_manifest,known,403,manifest,"Client error '403 ' for url 'https://openapiproext.bnf.fr/iiif/presentation/v3/ark:/12148/bd6t51388077/manifest.json'
For more information check: https://developer.mozilla.org/en-US/docs/Web/HTTP/Status/403",2026-07-27T16:08:00.736143
petitmarocain,bd6t5138808m,,failed,0,0,,http_manifest,known,403,manifest,"Client error '403 ' for url 'https://openapiproext.bnf.fr/iiif/presentation/v3/ark:/12148/bd6t5138808m/manifest.json'
For more information check: https://developer.mozilla.org/en-US/docs/Web/HTTP/Status/403",2026-07-27T16:08:01.912425
petitmarocain,bd6t51388090,,failed,0,0,,http_manifest,known,403,manifest,"Client error '403 ' for url 'https://openapiproext.bnf.fr/iiif/presentation/v3/ark:/12148/bd6t51388090/manifest.json'
For more information check: https://developer.mozilla.org/en-US/docs/Web/HTTP/Status/403",2026-07-27T16:08:03.132214
petitmarocain,bd6t5138810x,,failed,0,0,,http_manifest,known,403,manifest,"Client error '403 ' for url 'https://openapiproext.bnf.fr/iiif/presentation/v3/ark:/12148/bd6t5138810x/manifest.json'
For more information check: https://developer.mozilla.org/en-US/docs/Web/HTTP/Status/403",2026-07-27T16:08:04.328056
petitmarocain,bd6t51388119,,failed,0,0,,http_manifest,known,403,manifest,"Client error '403 ' for url 'https://openapiproext.bnf.fr/iiif/presentation/v3/ark:/12148/bd6t51388119/manifest.json'
For more information check: https://developer.mozilla.org/en-US/docs/Web/HTTP/Status/403",2026-07-27T16:08:05.520286
petitmarocain,bd6t5138812p,,failed,0,0,,http_manifest,known,403,manifest,"Client error '403 ' for url 'https://openapiproext.bnf.fr/iiif/presentation/v3/ark:/12148/bd6t5138812p/manifest.json'
For more information check: https://developer.mozilla.org/en-US/docs/Web/HTTP/Status/403",2026-07-27T16:08:06.737760
petitmarocain,bd6t51388132,,failed,0,0,,http_manifest,known,403,manifest,"Client error '403 ' for url 'https://openapiproext.bnf.fr/iiif/presentation/v3/ark:/12148/bd6t51388132/manifest.json'
For more information check: https://developer.mozilla.org/en-US/docs/Web/HTTP/Status/403",2026-07-27T16:08:07.915192
petitmarocain,bd6t5138814f,,failed,0,0,,http_manifest,known,403,manifest,"Client error '403 ' for url 'https://openapiproext.bnf.fr/iiif/presentation/v3/ark:/12148/bd6t5138814f/manifest.json'
For more information check: https://developer.mozilla.org/en-US/docs/Web/HTTP/Status/403",2026-07-27T16:08:09.120274
petitmarocain,bd6t5138815t,,failed,0,0,,http_manifest,known,403,manifest,"Client error '403 ' for url 'https://openapiproext.bnf.fr/iiif/presentation/v3/ark:/12148/bd6t5138815t/manifest.json'
For more information check: https://developer.mozilla.org/en-US/docs/Web/HTTP/Status/403",2026-07-27T16:08:10.320269
petitmarocain,bd6t51388166,,failed,0,0,,http_manifest,known,403,manifest,"Client error '403 ' for url 'https://openapiproext.bnf.fr/iiif/presentation/v3/ark:/12148/bd6t51388166/manifest.json'
For more information check: https://developer.mozilla.org/en-US/docs/Web/HTTP/Status/403",2026-07-27T16:08:11.523659
petitmarocain,bd6t51386067,,failed,0,0,,http_manifest,known,403,manifest,"Client error '403 ' for url 'https://openapiproext.bnf.fr/iiif/presentation/v3/ark:/12148/bd6t51386067/manifest.json'
For more information check: https://developer.mozilla.org/en-US/docs/Web/HTTP/Status/403",2026-07-27T16:08:12.755827
petitmarocain,bd6t5138607m,,failed,0,0,,http_manifest,known,403,manifest,"Client error '403 ' for url 'https://openapiproext.bnf.fr/iiif/presentation/v3/ark:/12148/bd6t5138607m/manifest.json'
For more information check: https://developer.mozilla.org/en-US/docs/Web/HTTP/Status/403",2026-07-27T16:08:13.939270
petitmarocain,bd6t51386080,,failed,0,0,,http_manifest,known,403,manifest,"Client error '403 ' for url 'https://openapiproext.bnf.fr/iiif/presentation/v3/ark:/12148/bd6t51386080/manifest.json'
For more information check: https://developer.mozilla.org/en-US/docs/Web/HTTP/Status/403",2026-07-27T16:08:15.132522
petitmarocain,bd6t5138609c,,failed,0,0,,http_manifest,known,403,manifest,"Client error '403 ' for url 'https://openapiproext.bnf.fr/iiif/presentation/v3/ark:/12148/bd6t5138609c/manifest.json'
For more information check: https://developer.mozilla.org/en-US/docs/Web/HTTP/Status/403",2026-07-27T16:08:16.333127
petitmarocain,bd6t51386109,,failed,0,0,,http_manifest,known,403,manifest,"Client error '403 ' for url 'https://openapiproext.bnf.fr/iiif/presentation/v3/ark:/12148/bd6t51386109/manifest.json'
For more information check: https://developer.mozilla.org/en-US/docs/Web/HTTP/Status/403",2026-07-27T16:08:17.539747
petitmarocain,bd6t5138611p,,failed,0,0,,http_manifest,known,403,manifest,"Client error '403 ' for url 'https://openapiproext.bnf.fr/iiif/presentation/v3/ark:/12148/bd6t5138611p/manifest.json'
For more information check: https://developer.mozilla.org/en-US/docs/Web/HTTP/Status/403",2026-07-27T16:08:18.771769
petitmarocain,bd6t51386122,,failed,0,0,,http_manifest,known,403,manifest,"Client error '403 ' for url 'https://openapiproext.bnf.fr/iiif/presentation/v3/ark:/12148/bd6t51386122/manifest.json'
For more information check: https://developer.mozilla.org/en-US/docs/Web/HTTP/Status/403",2026-07-27T16:08:19.949947
petitmarocain,bd6t5138613f,,failed,0,0,,http_manifest,known,403,manifest,"Client error '403 ' for url 'https://openapiproext.bnf.fr/iiif/presentation/v3/ark:/12148/bd6t5138613f/manifest.json'
For more information check: https://developer.mozilla.org/en-US/docs/Web/HTTP/Status/403",2026-07-27T16:08:21.146844
petitmarocain,bd6t5138614t,,failed,0,0,,http_manifest,known,403,manifest,"Client error '403 ' for url 'https://openapiproext.bnf.fr/iiif/presentation/v3/ark:/12148/bd6t5138614t/manifest.json'
For more information check: https://developer.mozilla.org/en-US/docs/Web/HTTP/Status/403",2026-07-27T16:08:22.343924
petitmarocain,bd6t51386156,,failed,0,0,,http_manifest,known,403,manifest,"Client error '403 ' for url 'https://openapiproext.bnf.fr/iiif/presentation/v3/ark:/12148/bd6t51386156/manifest.json'
For more information check: https://developer.mozilla.org/en-US/docs/Web/HTTP/Status/403",2026-07-27T16:08:23.563778
petitmarocain,bd6t5138616k,,failed,0,0,,http_manifest,known,403,manifest,"Client error '403 ' for url 'https://openapiproext.bnf.fr/iiif/presentation/v3/ark:/12148/bd6t5138616k/manifest.json'
For more information check: https://developer.mozilla.org/en-US/docs/Web/HTTP/Status/403",2026-07-27T16:08:24.769536
petitmarocain,bd6t5138617z,,failed,0,0,,http_manifest,known,403,manifest,"Client error '403 ' for url 'https://openapiproext.bnf.fr/iiif/presentation/v3/ark:/12148/bd6t5138617z/manifest.json'
For more information check: https://developer.mozilla.org/en-US/docs/Web/HTTP/Status/403",2026-07-27T16:08:25.947516
petitmarocain,bd6t5138618b,,failed,0,0,,http_manifest,known,403,manifest,"Client error '403 ' for url 'https://openapiproext.bnf.fr/iiif/presentation/v3/ark:/12148/bd6t5138618b/manifest.json'
For more information check: https://developer.mozilla.org/en-US/docs/Web/HTTP/Status/403",2026-07-27T16:08:27.168700
petitmarocain,bd6t5138619q,,failed,0,0,,http_manifest,known,403,manifest,"Client error '403 ' for url 'https://openapiproext.bnf.fr/iiif/presentation/v3/ark:/12148/bd6t5138619q/manifest.json'
For more information check: https://developer.mozilla.org/en-US/docs/Web/HTTP/Status/403",2026-07-27T16:08:28.365608
petitmarocain,bd6t5138620n,,failed,0,0,,http_manifest,known,403,manifest,"Client error '403 ' for url 'https://openapiproext.bnf.fr/iiif/presentation/v3/ark:/12148/bd6t5138620n/manifest.json'
For more information check: https://developer.mozilla.org/en-US/docs/Web/HTTP/Status/403",2026-07-27T16:08:29.682897
petitmarocain,bd6t51386211,,failed,0,0,,http_manifest,known,403,manifest,"Client error '403 ' for url 'https://openapiproext.bnf.fr/iiif/presentation/v3/ark:/12148/bd6t51386211/manifest.json'
For more information check: https://developer.mozilla.org/en-US/docs/Web/HTTP/Status/403",2026-07-27T16:08:30.946768
petitmarocain,bd6t5138622d,,failed,0,0,,http_manifest,known,403,manifest,"Client error '403 ' for url 'https://openapiproext.bnf.fr/iiif/presentation/v3/ark:/12148/bd6t5138622d/manifest.json'
For more information check: https://developer.mozilla.org/en-US/docs/Web/HTTP/Status/403",2026-07-27T16:08:32.021113
petitmarocain,bd6t5138623s,,failed,0,0,,http_manifest,known,403,manifest,"Client error '403 ' for url 'https://openapiproext.bnf.fr/iiif/presentation/v3/ark:/12148/bd6t5138623s/manifest.json'
For more information check: https://developer.mozilla.org/en-US/docs/Web/HTTP/Status/403",2026-07-27T16:08:33.254242
petitmarocain,bd6t51386245,,failed,0,0,,http_manifest,known,403,manifest,"Client error '403 ' for url 'https://openapiproext.bnf.fr/iiif/presentation/v3/ark:/12148/bd6t51386245/manifest.json'
For more information check: https://developer.mozilla.org/en-US/docs/Web/HTTP/Status/403",2026-07-27T16:08:34.356150
petitmarocain,bd6t5138625j,,failed,0,0,,http_manifest,known,403,manifest,"Client error '403 ' for url 'https://openapiproext.bnf.fr/iiif/presentation/v3/ark:/12148/bd6t5138625j/manifest.json'
For more information check: https://developer.mozilla.org/en-US/docs/Web/HTTP/Status/403",2026-07-27T16:08:35.575912
petitmarocain,bd6t5138626x,,failed,0,0,,http_manifest,known,403,manifest,"Client error '403 ' for url 'https://openapiproext.bnf.fr/iiif/presentation/v3/ark:/12148/bd6t5138626x/manifest.json'
For more information check: https://developer.mozilla.org/en-US/docs/Web/HTTP/Status/403",2026-07-27T16:08:36.851208
petitmarocain,bd6t51386279,,failed,0,0,,http_manifest,known,403,manifest,"Client error '403 ' for url 'https://openapiproext.bnf.fr/iiif/presentation/v3/ark:/12148/bd6t51386279/manifest.json'
For more information check: https://developer.mozilla.org/en-US/docs/Web/HTTP/Status/403",2026-07-27T16:08:38.121126
petitmarocain,bd6t5138628p,,failed,0,0,,http_manifest,known,403,manifest,"Client error '403 ' for url 'https://openapiproext.bnf.fr/iiif/presentation/v3/ark:/12148/bd6t5138628p/manifest.json'
For more information check: https://developer.mozilla.org/en-US/docs/Web/HTTP/Status/403",2026-07-27T16:08:39.334500
petitmarocain,bd6t51386292,,failed,0,0,,http_manifest,known,403,manifest,"Client error '403 ' for url 'https://openapiproext.bnf.fr/iiif/presentation/v3/ark:/12148/bd6t51386292/manifest.json'
For more information check: https://developer.mozilla.org/en-US/docs/Web/HTTP/Status/403",2026-07-27T16:08:40.381482
petitmarocain,bd6t51386300,,failed,0,0,,http_manifest,known,403,manifest,"Client error '403 ' for url 'https://openapiproext.bnf.fr/iiif/presentation/v3/ark:/12148/bd6t51386300/manifest.json'
For more information check: https://developer.mozilla.org/en-US/docs/Web/HTTP/Status/403",2026-07-27T16:08:41.564518
petitmarocain,bd6t5138631c,,failed,0,0,,http_manifest,known,403,manifest,"Client error '403 ' for url 'https://openapiproext.bnf.fr/iiif/presentation/v3/ark:/12148/bd6t5138631c/manifest.json'
For more information check: https://developer.mozilla.org/en-US/docs/Web/HTTP/Status/403",2026-07-27T16:08:42.787441
petitmarocain,bd6t5138632r,,failed,0,0,,http_manifest,known,403,manifest,"Client error '403 ' for url 'https://openapiproext.bnf.fr/iiif/presentation/v3/ark:/12148/bd6t5138632r/manifest.json'
For more information check: https://developer.mozilla.org/en-US/docs/Web/HTTP/Status/403",2026-07-27T16:08:43.972551
petitmarocain,bd6t51386334,,failed,0,0,,http_manifest,known,403,manifest,"Client error '403 ' for url 'https://openapiproext.bnf.fr/iiif/presentation/v3/ark:/12148/bd6t51386334/manifest.json'
For more information check: https://developer.mozilla.org/en-US/docs/Web/HTTP/Status/403",2026-07-27T16:08:45.269661
petitmarocain,bd6t5138634h,,failed,0,0,,http_manifest,known,403,manifest,"Client error '403 ' for url 'https://openapiproext.bnf.fr/iiif/presentation/v3/ark:/12148/bd6t5138634h/manifest.json'
For more information check: https://developer.mozilla.org/en-US/docs/Web/HTTP/Status/403",2026-07-27T16:08:46.389686
petitmarocain,bd6t5138635w,,failed,0,0,,http_manifest,known,403,manifest,"Client error '403 ' for url 'https://openapiproext.bnf.fr/iiif/presentation/v3/ark:/12148/bd6t5138635w/manifest.json'
For more information check: https://developer.mozilla.org/en-US/docs/Web/HTTP/Status/403",2026-07-27T16:08:47.603502
petitmarocain,bd6t51386368,,failed,0,0,,http_manifest,known,403,manifest,"Client error '403 ' for url 'https://openapiproext.bnf.fr/iiif/presentation/v3/ark:/12148/bd6t51386368/manifest.json'
For more information check: https://developer.mozilla.org/en-US/docs/Web/HTTP/Status/403",2026-07-27T16:08:48.801448
petitmarocain,bd6t5138637n,,failed,0,0,,http_manifest,known,403,manifest,"Client error '403 ' for url 'https://openapiproext.bnf.fr/iiif/presentation/v3/ark:/12148/bd6t5138637n/manifest.json'
For more information check: https://developer.mozilla.org/en-US/docs/Web/HTTP/Status/403",2026-07-27T16:08:50.078633
petitmarocain,bd6t51386381,,failed,0,0,,http_manifest,known,403,manifest,"Client error '403 ' for url 'https://openapiproext.bnf.fr/iiif/presentation/v3/ark:/12148/bd6t51386381/manifest.json'
For more information check: https://developer.mozilla.org/en-US/docs/Web/HTTP/Status/403",2026-07-27T16:08:51.266959
petitmarocain,bd6t5138639d,,failed,0,0,,http_manifest,known,403,manifest,"Client error '403 ' for url 'https://openapiproext.bnf.fr/iiif/presentation/v3/ark:/12148/bd6t5138639d/manifest.json'
For more information check: https://developer.mozilla.org/en-US/docs/Web/HTTP/Status/403",2026-07-27T16:08:52.389627
petitmarocain,bd6t5138640b,,failed,0,0,,http_manifest,known,403,manifest,"Client error '403 ' for url 'https://openapiproext.bnf.fr/iiif/presentation/v3/ark:/12148/bd6t5138640b/manifest.json'
For more information check: https://developer.mozilla.org/en-US/docs/Web/HTTP/Status/403",2026-07-27T16:08:53.589588
petitmarocain,bd6t5138641q,,failed,0,0,,http_manifest,known,403,manifest,"Client error '403 ' for url 'https://openapiproext.bnf.fr/iiif/presentation/v3/ark:/12148/bd6t5138641q/manifest.json'
For more information check: https://developer.mozilla.org/en-US/docs/Web/HTTP/Status/403",2026-07-27T16:08:54.808831
petitmarocain,bd6t51386423,,failed,0,0,,http_manifest,known,403,manifest,"Client error '403 ' for url 'https://openapiproext.bnf.fr/iiif/presentation/v3/ark:/12148/bd6t51386423/manifest.json'
For more information check: https://developer.mozilla.org/en-US/docs/Web/HTTP/Status/403",2026-07-27T16:08:55.978780
petitmarocain,bd6t5138643g,,failed,0,0,,http_manifest,known,403,manifest,"Client error '403 ' for url 'https://openapiproext.bnf.fr/iiif/presentation/v3/ark:/12148/bd6t5138643g/manifest.json'
For more information check: https://developer.mozilla.org/en-US/docs/Web/HTTP/Status/403",2026-07-27T16:08:57.209505
petitmarocain,bd6t5138644v,,failed,0,0,,http_manifest,known,403,manifest,"Client error '403 ' for url 'https://openapiproext.bnf.fr/iiif/presentation/v3/ark:/12148/bd6t5138644v/manifest.json'
For more information check: https://developer.mozilla.org/en-US/docs/Web/HTTP/Status/403",2026-07-27T16:08:58.390283
petitmarocain,bd6t51386457,,failed,0,0,,http_manifest,known,403,manifest,"Client error '403 ' for url 'https://openapiproext.bnf.fr/iiif/presentation/v3/ark:/12148/bd6t51386457/manifest.json'
For more information check: https://developer.mozilla.org/en-US/docs/Web/HTTP/Status/403",2026-07-27T16:08:59.613786
petitmarocain,bd6t5138646m,,failed,0,0,,http_manifest,known,403,manifest,"Client error '403 ' for url 'https://openapiproext.bnf.fr/iiif/presentation/v3/ark:/12148/bd6t5138646m/manifest.json'
For more information check: https://developer.mozilla.org/en-US/docs/Web/HTTP/Status/403",2026-07-27T16:09:00.832226
petitmarocain,bd6t51386470,,failed,0,0,,http_manifest,known,403,manifest,"Client error '403 ' for url 'https://openapiproext.bnf.fr/iiif/presentation/v3/ark:/12148/bd6t51386470/manifest.json'
For more information check: https://developer.mozilla.org/en-US/docs/Web/HTTP/Status/403",2026-07-27T16:09:02.004345
petitmarocain,bd6t5138648c,,failed,0,0,,http_manifest,known,403,manifest,"Client error '403 ' for url 'https://openapiproext.bnf.fr/iiif/presentation/v3/ark:/12148/bd6t5138648c/manifest.json'
For more information check: https://developer.mozilla.org/en-US/docs/Web/HTTP/Status/403",2026-07-27T16:09:03.212900
petitmarocain,bd6t5138649r,,failed,0,0,,http_manifest,known,403,manifest,"Client error '403 ' for url 'https://openapiproext.bnf.fr/iiif/presentation/v3/ark:/12148/bd6t5138649r/manifest.json'
For more information check: https://developer.mozilla.org/en-US/docs/Web/HTTP/Status/403",2026-07-27T16:09:04.410775
petitmarocain,bd6t5138650p,,failed,0,0,,http_manifest,known,403,manifest,"Client error '403 ' for url 'https://openapiproext.bnf.fr/iiif/presentation/v3/ark:/12148/bd6t5138650p/manifest.json'
For more information check: https://developer.mozilla.org/en-US/docs/Web/HTTP/Status/403",2026-07-27T16:09:05.605657
petitmarocain,bd6t51386512,,failed,0,0,,http_manifest,known,403,manifest,"Client error '403 ' for url 'https://openapiproext.bnf.fr/iiif/presentation/v3/ark:/12148/bd6t51386512/manifest.json'
For more information check: https://developer.mozilla.org/en-US/docs/Web/HTTP/Status/403",2026-07-27T16:09:06.820829
petitmarocain,bd6t5138652f,,failed,0,0,,http_manifest,known,403,manifest,"Client error '403 ' for url 'https://openapiproext.bnf.fr/iiif/presentation/v3/ark:/12148/bd6t5138652f/manifest.json'
For more information check: https://developer.mozilla.org/en-US/docs/Web/HTTP/Status/403",2026-07-27T16:09:07.995709
petitmarocain,bd6t5138653t,,failed,0,0,,http_manifest,known,403,manifest,"Client error '403 ' for url 'https://openapiproext.bnf.fr/iiif/presentation/v3/ark:/12148/bd6t5138653t/manifest.json'
For more information check: https://developer.mozilla.org/en-US/docs/Web/HTTP/Status/403",2026-07-27T16:09:09.229762
petitmarocain,bd6t51386546,,failed,0,0,,http_manifest,known,403,manifest,"Client error '403 ' for url 'https://openapiproext.bnf.fr/iiif/presentation/v3/ark:/12148/bd6t51386546/manifest.json'
For more information check: https://developer.mozilla.org/en-US/docs/Web/HTTP/Status/403",2026-07-27T16:09:10.402567
petitmarocain,bd6t5138655k,,failed,0,0,,http_manifest,known,403,manifest,"Client error '403 ' for url 'https://openapiproext.bnf.fr/iiif/presentation/v3/ark:/12148/bd6t5138655k/manifest.json'
For more information check: https://developer.mozilla.org/en-US/docs/Web/HTTP/Status/403",2026-07-27T16:09:11.634475
petitmarocain,bd6t5138656z,,failed,0,0,,http_manifest,known,403,manifest,"Client error '403 ' for url 'https://openapiproext.bnf.fr/iiif/presentation/v3/ark:/12148/bd6t5138656z/manifest.json'
For more information check: https://developer.mozilla.org/en-US/docs/Web/HTTP/Status/403",2026-07-27T16:09:12.842092
petitmarocain,bd6t5138657b,,failed,0,0,,http_manifest,known,403,manifest,"Client error '403 ' for url 'https://openapiproext.bnf.fr/iiif/presentation/v3/ark:/12148/bd6t5138657b/manifest.json'
For more information check: https://developer.mozilla.org/en-US/docs/Web/HTTP/Status/403",2026-07-27T16:09:14.021596
petitmarocain,bd6t5138658q,,failed,0,0,,http_manifest,known,403,manifest,"Client error '403 ' for url 'https://openapiproext.bnf.fr/iiif/presentation/v3/ark:/12148/bd6t5138658q/manifest.json'
For more information check: https://developer.mozilla.org/en-US/docs/Web/HTTP/Status/403",2026-07-27T16:09:15.215853
petitmarocain,bd6t51386593,,failed,0,0,,http_manifest,known,403,manifest,"Client error '403 ' for url 'https://openapiproext.bnf.fr/iiif/presentation/v3/ark:/12148/bd6t51386593/manifest.json'
For more information check: https://developer.mozilla.org/en-US/docs/Web/HTTP/Status/403",2026-07-27T16:09:16.428076
petitmarocain,bd6t51386601,,failed,0,0,,http_manifest,known,403,manifest,"Client error '403 ' for url 'https://openapiproext.bnf.fr/iiif/presentation/v3/ark:/12148/bd6t51386601/manifest.json'
For more information check: https://developer.mozilla.org/en-US/docs/Web/HTTP/Status/403",2026-07-27T16:09:17.687904
petitmarocain,bd6t5138661d,,failed,0,0,,http_manifest,known,403,manifest,"Client error '403 ' for url 'https://openapiproext.bnf.fr/iiif/presentation/v3/ark:/12148/bd6t5138661d/manifest.json'
For more information check: https://developer.mozilla.org/en-US/docs/Web/HTTP/Status/403",2026-07-27T16:09:18.842428
petitmarocain,bd6t5138662s,,failed,0,0,,http_manifest,known,403,manifest,"Client error '403 ' for url 'https://openapiproext.bnf.fr/iiif/presentation/v3/ark:/12148/bd6t5138662s/manifest.json'
For more information check: https://developer.mozilla.org/en-US/docs/Web/HTTP/Status/403",2026-07-27T16:09:20.018470
petitmarocain,bd6t51386635,,failed,0,0,,http_manifest,known,403,manifest,"Client error '403 ' for url 'https://openapiproext.bnf.fr/iiif/presentation/v3/ark:/12148/bd6t51386635/manifest.json'
For more information check: https://developer.mozilla.org/en-US/docs/Web/HTTP/Status/403",2026-07-27T16:09:21.246446
petitmarocain,bd6t5138664j,,failed,0,0,,http_manifest,known,403,manifest,"Client error '403 ' for url 'https://openapiproext.bnf.fr/iiif/presentation/v3/ark:/12148/bd6t5138664j/manifest.json'
For more information check: https://developer.mozilla.org/en-US/docs/Web/HTTP/Status/403",2026-07-27T16:09:22.430903
petitmarocain,bd6t5138665x,,failed,0,0,,http_manifest,known,403,manifest,"Client error '403 ' for url 'https://openapiproext.bnf.fr/iiif/presentation/v3/ark:/12148/bd6t5138665x/manifest.json'
For more information check: https://developer.mozilla.org/en-US/docs/Web/HTTP/Status/403",2026-07-27T16:09:23.670071
petitmarocain,bd6t51386669,,failed,0,0,,http_manifest,known,403,manifest,"Client error '403 ' for url 'https://openapiproext.bnf.fr/iiif/presentation/v3/ark:/12148/bd6t51386669/manifest.json'
For more information check: https://developer.mozilla.org/en-US/docs/Web/HTTP/Status/403",2026-07-27T16:09:24.856039
petitmarocain,bd6t5138667p,,failed,0,0,,http_manifest,known,403,manifest,"Client error '403 ' for url 'https://openapiproext.bnf.fr/iiif/presentation/v3/ark:/12148/bd6t5138667p/manifest.json'
For more information check: https://developer.mozilla.org/en-US/docs/Web/HTTP/Status/403",2026-07-27T16:09:26.038038
petitmarocain,bd6t51386682,,failed,0,0,,http_manifest,known,403,manifest,"Client error '403 ' for url 'https://openapiproext.bnf.fr/iiif/presentation/v3/ark:/12148/bd6t51386682/manifest.json'
For more information check: https://developer.mozilla.org/en-US/docs/Web/HTTP/Status/403",2026-07-27T16:09:27.252070
petitmarocain,bd6t5138669f,,failed,0,0,,http_manifest,known,403,manifest,"Client error '403 ' for url 'https://openapiproext.bnf.fr/iiif/presentation/v3/ark:/12148/bd6t5138669f/manifest.json'
For more information check: https://developer.mozilla.org/en-US/docs/Web/HTTP/Status/403",2026-07-27T16:09:28.445807
petitmarocain,bd6t5138670c,,failed,0,0,,http_manifest,known,403,manifest,"Client error '403 ' for url 'https://openapiproext.bnf.fr/iiif/presentation/v3/ark:/12148/bd6t5138670c/manifest.json'
For more information check: https://developer.mozilla.org/en-US/docs/Web/HTTP/Status/403",2026-07-27T16:09:29.670485
petitmarocain,bd6t5138671r,,failed,0,0,,http_manifest,known,403,manifest,"Client error '403 ' for url 'https://openapiproext.bnf.fr/iiif/presentation/v3/ark:/12148/bd6t5138671r/manifest.json'
For more information check: https://developer.mozilla.org/en-US/docs/Web/HTTP/Status/403",2026-07-27T16:09:30.864530
petitmarocain,bd6t51386724,,failed,0,0,,http_manifest,known,403,manifest,"Client error '403 ' for url 'https://openapiproext.bnf.fr/iiif/presentation/v3/ark:/12148/bd6t51386724/manifest.json'
For more information check: https://developer.mozilla.org/en-US/docs/Web/HTTP/Status/403",2026-07-27T16:09:32.131926
petitmarocain,bd6t5138673h,,failed,0,0,,http_manifest,known,403,manifest,"Client error '403 ' for url 'https://openapiproext.bnf.fr/iiif/presentation/v3/ark:/12148/bd6t5138673h/manifest.json'
For more information check: https://developer.mozilla.org/en-US/docs/Web/HTTP/Status/403",2026-07-27T16:09:33.500038
petitmarocain,bd6t5138674w,,failed,0,0,,http_manifest,known,403,manifest,"Client error '403 ' for url 'https://openapiproext.bnf.fr/iiif/presentation/v3/ark:/12148/bd6t5138674w/manifest.json'
For more information check: https://developer.mozilla.org/en-US/docs/Web/HTTP/Status/403",2026-07-27T16:09:34.450892
petitmarocain,bd6t51386758,,failed,0,0,,http_manifest,known,403,manifest,"Client error '403 ' for url 'https://openapiproext.bnf.fr/iiif/presentation/v3/ark:/12148/bd6t51386758/manifest.json'
For more information check: https://developer.mozilla.org/en-US/docs/Web/HTTP/Status/403",2026-07-27T16:09:35.978742
petitmarocain,bd6t5138676n,,failed,0,0,,http_manifest,known,403,manifest,"Client error '403 ' for url 'https://openapiproext.bnf.fr/iiif/presentation/v3/ark:/12148/bd6t5138676n/manifest.json'
For more information check: https://developer.mozilla.org/en-US/docs/Web/HTTP/Status/403",2026-07-27T16:09:37.052988
petitmarocain,bd6t51386771,,failed,0,0,,http_manifest,known,403,manifest,"Client error '403 ' for url 'https://openapiproext.bnf.fr/iiif/presentation/v3/ark:/12148/bd6t51386771/manifest.json'
For more information check: https://developer.mozilla.org/en-US/docs/Web/HTTP/Status/403",2026-07-27T16:09:38.091380
petitmarocain,bd6t5138678d,,failed,0,0,,http_manifest,known,403,manifest,"Client error '403 ' for url 'https://openapiproext.bnf.fr/iiif/presentation/v3/ark:/12148/bd6t5138678d/manifest.json'
For more information check: https://developer.mozilla.org/en-US/docs/Web/HTTP/Status/403",2026-07-27T16:09:39.541339
petitmarocain,bd6t5138679s,,failed,0,0,,http_manifest,known,403,manifest,"Client error '403 ' for url 'https://openapiproext.bnf.fr/iiif/presentation/v3/ark:/12148/bd6t5138679s/manifest.json'
For more information check: https://developer.mozilla.org/en-US/docs/Web/HTTP/Status/403",2026-07-27T16:09:40.474848
petitmarocain,bd6t5138680q,,failed,0,0,,http_manifest,known,403,manifest,"Client error '403 ' for url 'https://openapiproext.bnf.fr/iiif/presentation/v3/ark:/12148/bd6t5138680q/manifest.json'
For more information check: https://developer.mozilla.org/en-US/docs/Web/HTTP/Status/403",2026-07-27T16:09:41.942537
petitmarocain,bd6t51386813,,failed,0,0,,http_manifest,known,403,manifest,"Client error '403 ' for url 'https://openapiproext.bnf.fr/iiif/presentation/v3/ark:/12148/bd6t51386813/manifest.json'
For more information check: https://developer.mozilla.org/en-US/docs/Web/HTTP/Status/403",2026-07-27T16:09:43.111767
petitmarocain,bd6t5138682g,,failed,0,0,,http_manifest,known,403,manifest,"Client error '403 ' for url 'https://openapiproext.bnf.fr/iiif/presentation/v3/ark:/12148/bd6t5138682g/manifest.json'
For more information check: https://developer.mozilla.org/en-US/docs/Web/HTTP/Status/403",2026-07-27T16:09:44.057280
petitmarocain,bd6t5138683v,,failed,0,0,,http_manifest,known,403,manifest,"Client error '403 ' for url 'https://openapiproext.bnf.fr/iiif/presentation/v3/ark:/12148/bd6t5138683v/manifest.json'
For more information check: https://developer.mozilla.org/en-US/docs/Web/HTTP/Status/403",2026-07-27T16:09:45.280489
petitmarocain,bd6t51386847,,failed,0,0,,http_manifest,known,403,manifest,"Client error '403 ' for url 'https://openapiproext.bnf.fr/iiif/presentation/v3/ark:/12148/bd6t51386847/manifest.json'
For more information check: https://developer.mozilla.org/en-US/docs/Web/HTTP/Status/403",2026-07-27T16:09:46.525561
petitmarocain,bd6t5138685m,,failed,0,0,,http_manifest,known,403,manifest,"Client error '403 ' for url 'https://openapiproext.bnf.fr/iiif/presentation/v3/ark:/12148/bd6t5138685m/manifest.json'
For more information check: https://developer.mozilla.org/en-US/docs/Web/HTTP/Status/403",2026-07-27T16:09:47.985608
petitmarocain,bd6t51386860,,failed,0,0,,http_manifest,known,403,manifest,"Client error '403 ' for url 'https://openapiproext.bnf.fr/iiif/presentation/v3/ark:/12148/bd6t51386860/manifest.json'
For more information check: https://developer.mozilla.org/en-US/docs/Web/HTTP/Status/403",2026-07-27T16:09:49.016646
petitmarocain,bd6t5138687c,,failed,0,0,,http_manifest,known,403,manifest,"Client error '403 ' for url 'https://openapiproext.bnf.fr/iiif/presentation/v3/ark:/12148/bd6t5138687c/manifest.json'
For more information check: https://developer.mozilla.org/en-US/docs/Web/HTTP/Status/403",2026-07-27T16:09:50.064399
petitmarocain,bd6t5138688r,,failed,0,0,,http_manifest,known,403,manifest,"Client error '403 ' for url 'https://openapiproext.bnf.fr/iiif/presentation/v3/ark:/12148/bd6t5138688r/manifest.json'
For more information check: https://developer.mozilla.org/en-US/docs/Web/HTTP/Status/403",2026-07-27T16:09:51.288759
petitmarocain,bd6t51386894,,failed,0,0,,http_manifest,known,403,manifest,"Client error '403 ' for url 'https://openapiproext.bnf.fr/iiif/presentation/v3/ark:/12148/bd6t51386894/manifest.json'
For more information check: https://developer.mozilla.org/en-US/docs/Web/HTTP/Status/403",2026-07-27T16:09:52.486322
petitmarocain,bd6t51386902,,failed,0,0,,http_manifest,known,403,manifest,"Client error '403 ' for url 'https://openapiproext.bnf.fr/iiif/presentation/v3/ark:/12148/bd6t51386902/manifest.json'
For more information check: https://developer.mozilla.org/en-US/docs/Web/HTTP/Status/403",2026-07-27T16:09:53.674567
petitmarocain,bd6t5138691f,,failed,0,0,,http_manifest,known,403,manifest,"Client error '403 ' for url 'https://openapiproext.bnf.fr/iiif/presentation/v3/ark:/12148/bd6t5138691f/manifest.json'
For more information check: https://developer.mozilla.org/en-US/docs/Web/HTTP/Status/403",2026-07-27T16:09:54.894845
petitmarocain,bd6t5138692t,,failed,0,0,,http_manifest,known,403,manifest,"Client error '403 ' for url 'https://openapiproext.bnf.fr/iiif/presentation/v3/ark:/12148/bd6t5138692t/manifest.json'
For more information check: https://developer.mozilla.org/en-US/docs/Web/HTTP/Status/403",2026-07-27T16:09:56.069578
petitmarocain,bd6t51386936,,failed,0,0,,http_manifest,known,403,manifest,"Client error '403 ' for url 'https://openapiproext.bnf.fr/iiif/presentation/v3/ark:/12148/bd6t51386936/manifest.json'
For more information check: https://developer.mozilla.org/en-US/docs/Web/HTTP/Status/403",2026-07-27T16:09:57.313755
petitmarocain,bd6t5138694k,,failed,0,0,,http_manifest,known,403,manifest,"Client error '403 ' for url 'https://openapiproext.bnf.fr/iiif/presentation/v3/ark:/12148/bd6t5138694k/manifest.json'
For more information check: https://developer.mozilla.org/en-US/docs/Web/HTTP/Status/403",2026-07-27T16:09:58.475463
petitmarocain,bd6t5138695z,,failed,0,0,,http_manifest,known,403,manifest,"Client error '403 ' for url 'https://openapiproext.bnf.fr/iiif/presentation/v3/ark:/12148/bd6t5138695z/manifest.json'
For more information check: https://developer.mozilla.org/en-US/docs/Web/HTTP/Status/403",2026-07-27T16:09:59.724363
petitmarocain,bd6t5138696b,,failed,0,0,,http_manifest,known,403,manifest,"Client error '403 ' for url 'https://openapiproext.bnf.fr/iiif/presentation/v3/ark:/12148/bd6t5138696b/manifest.json'
For more information check: https://developer.mozilla.org/en-US/docs/Web/HTTP/Status/403",2026-07-27T16:10:00.915749
petitmarocain,bd6t5138697q,,failed,0,0,,http_manifest,known,403,manifest,"Client error '403 ' for url 'https://openapiproext.bnf.fr/iiif/presentation/v3/ark:/12148/bd6t5138697q/manifest.json'
For more information check: https://developer.mozilla.org/en-US/docs/Web/HTTP/Status/403",2026-07-27T16:10:02.080490
petitmarocain,bd6t51386983,,failed,0,0,,http_manifest,known,403,manifest,"Client error '403 ' for url 'https://openapiproext.bnf.fr/iiif/presentation/v3/ark:/12148/bd6t51386983/manifest.json'
For more information check: https://developer.mozilla.org/en-US/docs/Web/HTTP/Status/403",2026-07-27T16:10:03.302900
petitmarocain,bd6t5138699g,,failed,0,0,,http_manifest,known,403,manifest,"Client error '403 ' for url 'https://openapiproext.bnf.fr/iiif/presentation/v3/ark:/12148/bd6t5138699g/manifest.json'
For more information check: https://developer.mozilla.org/en-US/docs/Web/HTTP/Status/403",2026-07-27T16:10:04.500347
petitmarocain,bd6t51387008,,failed,0,0,,http_manifest,known,403,manifest,"Client error '403 ' for url 'https://openapiproext.bnf.fr/iiif/presentation/v3/ark:/12148/bd6t51387008/manifest.json'
For more information check: https://developer.mozilla.org/en-US/docs/Web/HTTP/Status/403",2026-07-27T16:10:05.689992
petitmarocain,bd6t5138701n,,failed,0,0,,http_manifest,known,403,manifest,"Client error '403 ' for url 'https://openapiproext.bnf.fr/iiif/presentation/v3/ark:/12148/bd6t5138701n/manifest.json'
For more information check: https://developer.mozilla.org/en-US/docs/Web/HTTP/Status/403",2026-07-27T16:10:06.911839
petitmarocain,bd6t51387021,,failed,0,0,,http_manifest,known,403,manifest,"Client error '403 ' for url 'https://openapiproext.bnf.fr/iiif/presentation/v3/ark:/12148/bd6t51387021/manifest.json'
For more information check: https://developer.mozilla.org/en-US/docs/Web/HTTP/Status/403",2026-07-27T16:10:08.096169
petitmarocain,bd6t5138703d,,failed,0,0,,http_manifest,known,403,manifest,"Client error '403 ' for url 'https://openapiproext.bnf.fr/iiif/presentation/v3/ark:/12148/bd6t5138703d/manifest.json'
For more information check: https://developer.mozilla.org/en-US/docs/Web/HTTP/Status/403",2026-07-27T16:10:09.494363
petitmarocain,bd6t5138704s,,failed,0,0,,http_manifest,known,403,manifest,"Client error '403 ' for url 'https://openapiproext.bnf.fr/iiif/presentation/v3/ark:/12148/bd6t5138704s/manifest.json'
For more information check: https://developer.mozilla.org/en-US/docs/Web/HTTP/Status/403",2026-07-27T16:10:10.496367
petitmarocain,bd6t51387055,,failed,0,0,,http_manifest,known,403,manifest,"Client error '403 ' for url 'https://openapiproext.bnf.fr/iiif/presentation/v3/ark:/12148/bd6t51387055/manifest.json'
For more information check: https://developer.mozilla.org/en-US/docs/Web/HTTP/Status/403",2026-07-27T16:10:11.736617
petitmarocain,bd6t5138706j,,failed,0,0,,http_manifest,known,403,manifest,"Client error '403 ' for url 'https://openapiproext.bnf.fr/iiif/presentation/v3/ark:/12148/bd6t5138706j/manifest.json'
For more information check: https://developer.mozilla.org/en-US/docs/Web/HTTP/Status/403",2026-07-27T16:10:12.922403
petitmarocain,bd6t5138707x,,failed,0,0,,http_manifest,known,403,manifest,"Client error '403 ' for url 'https://openapiproext.bnf.fr/iiif/presentation/v3/ark:/12148/bd6t5138707x/manifest.json'
For more information check: https://developer.mozilla.org/en-US/docs/Web/HTTP/Status/403",2026-07-27T16:10:14.111249
petitmarocain,bd6t51387089,,failed,0,0,,http_manifest,known,403,manifest,"Client error '403 ' for url 'https://openapiproext.bnf.fr/iiif/presentation/v3/ark:/12148/bd6t51387089/manifest.json'
For more information check: https://developer.mozilla.org/en-US/docs/Web/HTTP/Status/403",2026-07-27T16:10:15.322814
petitmarocain,bd6t5138709p,,failed,0,0,,http_manifest,known,403,manifest,"Client error '403 ' for url 'https://openapiproext.bnf.fr/iiif/presentation/v3/ark:/12148/bd6t5138709p/manifest.json'
For more information check: https://developer.mozilla.org/en-US/docs/Web/HTTP/Status/403",2026-07-27T16:10:16.512823
petitmarocain,bd6t5138710m,,failed,0,0,,http_manifest,known,403,manifest,"Client error '403 ' for url 'https://openapiproext.bnf.fr/iiif/presentation/v3/ark:/12148/bd6t5138710m/manifest.json'
For more information check: https://developer.mozilla.org/en-US/docs/Web/HTTP/Status/403",2026-07-27T16:10:17.721118
petitmarocain,bd6t51387110,,failed,0,0,,http_manifest,known,403,manifest,"Client error '403 ' for url 'https://openapiproext.bnf.fr/iiif/presentation/v3/ark:/12148/bd6t51387110/manifest.json'
For more information check: https://developer.mozilla.org/en-US/docs/Web/HTTP/Status/403",2026-07-27T16:10:18.925743
petitmarocain,bd6t5139531b,,failed,0,0,,http_manifest,known,403,manifest,"Client error '403 ' for url 'https://openapiproext.bnf.fr/iiif/presentation/v3/ark:/12148/bd6t5139531b/manifest.json'
For more information check: https://developer.mozilla.org/en-US/docs/Web/HTTP/Status/403",2026-07-27T16:10:20.110400
petitmarocain,bd6t5139532q,,failed,0,0,,http_manifest,known,403,manifest,"Client error '403 ' for url 'https://openapiproext.bnf.fr/iiif/presentation/v3/ark:/12148/bd6t5139532q/manifest.json'
For more information check: https://developer.mozilla.org/en-US/docs/Web/HTTP/Status/403",2026-07-27T16:10:21.335282
petitmarocain,bd6t51395333,,failed,0,0,,http_manifest,known,403,manifest,"Client error '403 ' for url 'https://openapiproext.bnf.fr/iiif/presentation/v3/ark:/12148/bd6t51395333/manifest.json'
For more information check: https://developer.mozilla.org/en-US/docs/Web/HTTP/Status/403",2026-07-27T16:10:22.512880
petitmarocain,bd6t5139534g,,failed,0,0,,http_manifest,known,403,manifest,"Client error '403 ' for url 'https://openapiproext.bnf.fr/iiif/presentation/v3/ark:/12148/bd6t5139534g/manifest.json'
For more information check: https://developer.mozilla.org/en-US/docs/Web/HTTP/Status/403",2026-07-27T16:10:23.734142
petitmarocain,bd6t5139535v,,failed,0,0,,http_manifest,known,403,manifest,"Client error '403 ' for url 'https://openapiproext.bnf.fr/iiif/presentation/v3/ark:/12148/bd6t5139535v/manifest.json'
For more information check: https://developer.mozilla.org/en-US/docs/Web/HTTP/Status/403",2026-07-27T16:10:24.942537
petitmarocain,bd6t51395367,,failed,0,0,,http_manifest,known,403,manifest,"Client error '403 ' for url 'https://openapiproext.bnf.fr/iiif/presentation/v3/ark:/12148/bd6t51395367/manifest.json'
For more information check: https://developer.mozilla.org/en-US/docs/Web/HTTP/Status/403",2026-07-27T16:10:26.120714
petitmarocain,bd6t5139537m,,failed,0,0,,http_manifest,known,403,manifest,"Client error '403 ' for url 'https://openapiproext.bnf.fr/iiif/presentation/v3/ark:/12148/bd6t5139537m/manifest.json'
For more information check: https://developer.mozilla.org/en-US/docs/Web/HTTP/Status/403",2026-07-27T16:10:27.345916
petitmarocain,bd6t51395380,,failed,0,0,,http_manifest,known,403,manifest,"Client error '403 ' for url 'https://openapiproext.bnf.fr/iiif/presentation/v3/ark:/12148/bd6t51395380/manifest.json'
For more information check: https://developer.mozilla.org/en-US/docs/Web/HTTP/Status/403",2026-07-27T16:10:28.530396
petitmarocain,bd6t5139539c,,failed,0,0,,http_manifest,known,403,manifest,"Client error '403 ' for url 'https://openapiproext.bnf.fr/iiif/presentation/v3/ark:/12148/bd6t5139539c/manifest.json'
For more information check: https://developer.mozilla.org/en-US/docs/Web/HTTP/Status/403",2026-07-27T16:10:29.730182
petitmarocain,bd6t51395409,,failed,0,0,,http_manifest,known,403,manifest,"Client error '403 ' for url 'https://openapiproext.bnf.fr/iiif/presentation/v3/ark:/12148/bd6t51395409/manifest.json'
For more information check: https://developer.mozilla.org/en-US/docs/Web/HTTP/Status/403",2026-07-27T16:10:31.035457
petitmarocain,bd6t5139541p,,failed,0,0,,http_manifest,known,403,manifest,"Client error '403 ' for url 'https://openapiproext.bnf.fr/iiif/presentation/v3/ark:/12148/bd6t5139541p/manifest.json'
For more information check: https://developer.mozilla.org/en-US/docs/Web/HTTP/Status/403",2026-07-27T16:10:32.416806
petitmarocain,bd6t51395422,,failed,0,0,,http_manifest,known,403,manifest,"Client error '403 ' for url 'https://openapiproext.bnf.fr/iiif/presentation/v3/ark:/12148/bd6t51395422/manifest.json'
For more information check: https://developer.mozilla.org/en-US/docs/Web/HTTP/Status/403",2026-07-27T16:10:33.491518
petitmarocain,bd6t5139543f,,failed,0,0,,http_manifest,known,403,manifest,"Client error '403 ' for url 'https://openapiproext.bnf.fr/iiif/presentation/v3/ark:/12148/bd6t5139543f/manifest.json'
For more information check: https://developer.mozilla.org/en-US/docs/Web/HTTP/Status/403",2026-07-27T16:10:34.533523
petitmarocain,bd6t5139544t,,failed,0,0,,http_manifest,known,403,manifest,"Client error '403 ' for url 'https://openapiproext.bnf.fr/iiif/presentation/v3/ark:/12148/bd6t5139544t/manifest.json'
For more information check: https://developer.mozilla.org/en-US/docs/Web/HTTP/Status/403",2026-07-27T16:10:35.911577
petitmarocain,bd6t51395456,,failed,0,0,,http_manifest,known,403,manifest,"Client error '403 ' for url 'https://openapiproext.bnf.fr/iiif/presentation/v3/ark:/12148/bd6t51395456/manifest.json'
For more information check: https://developer.mozilla.org/en-US/docs/Web/HTTP/Status/403",2026-07-27T16:10:37.101014
petitmarocain,bd6t5139546k,,failed,0,0,,http_manifest,known,403,manifest,"Client error '403 ' for url 'https://openapiproext.bnf.fr/iiif/presentation/v3/ark:/12148/bd6t5139546k/manifest.json'
For more information check: https://developer.mozilla.org/en-US/docs/Web/HTTP/Status/403",2026-07-27T16:10:38.159540
petitmarocain,bd6t5139547z,,failed,0,0,,http_manifest,known,403,manifest,"Client error '403 ' for url 'https://openapiproext.bnf.fr/iiif/presentation/v3/ark:/12148/bd6t5139547z/manifest.json'
For more information check: https://developer.mozilla.org/en-US/docs/Web/HTTP/Status/403",2026-07-27T16:10:39.670459
petitmarocain,bd6t5139548b,,failed,0,0,,http_manifest,known,403,manifest,"Client error '403 ' for url 'https://openapiproext.bnf.fr/iiif/presentation/v3/ark:/12148/bd6t5139548b/manifest.json'
For more information check: https://developer.mozilla.org/en-US/docs/Web/HTTP/Status/403",2026-07-27T16:10:40.554761
petitmarocain,bd6t5139549q,,failed,0,0,,http_manifest,known,403,manifest,"Client error '403 ' for url 'https://openapiproext.bnf.fr/iiif/presentation/v3/ark:/12148/bd6t5139549q/manifest.json'
For more information check: https://developer.mozilla.org/en-US/docs/Web/HTTP/Status/403",2026-07-27T16:10:41.759150
petitmarocain,bd6t5139550n,,failed,0,0,,http_manifest,known,403,manifest,"Client error '403 ' for url 'https://openapiproext.bnf.fr/iiif/presentation/v3/ark:/12148/bd6t5139550n/manifest.json'
For more information check: https://developer.mozilla.org/en-US/docs/Web/HTTP/Status/403",2026-07-27T16:10:42.971700
petitmarocain,bd6t51395511,,failed,0,0,,http_manifest,known,403,manifest,"Client error '403 ' for url 'https://openapiproext.bnf.fr/iiif/presentation/v3/ark:/12148/bd6t51395511/manifest.json'
For more information check: https://developer.mozilla.org/en-US/docs/Web/HTTP/Status/403",2026-07-27T16:10:44.146788
petitmarocain,bd6t5139552d,,failed,0,0,,http_manifest,known,403,manifest,"Client error '403 ' for url 'https://openapiproext.bnf.fr/iiif/presentation/v3/ark:/12148/bd6t5139552d/manifest.json'
For more information check: https://developer.mozilla.org/en-US/docs/Web/HTTP/Status/403",2026-07-27T16:10:45.368667
petitmarocain,bd6t5139553s,,failed,0,0,,http_manifest,known,403,manifest,"Client error '403 ' for url 'https://openapiproext.bnf.fr/iiif/presentation/v3/ark:/12148/bd6t5139553s/manifest.json'
For more information check: https://developer.mozilla.org/en-US/docs/Web/HTTP/Status/403",2026-07-27T16:10:46.829036
petitmarocain,bd6t51395545,,failed,0,0,,http_manifest,known,403,manifest,"Client error '403 ' for url 'https://openapiproext.bnf.fr/iiif/presentation/v3/ark:/12148/bd6t51395545/manifest.json'
For more information check: https://developer.mozilla.org/en-US/docs/Web/HTTP/Status/403",2026-07-27T16:10:47.794348
petitmarocain,bd6t5139555j,,failed,0,0,,http_manifest,known,403,manifest,"Client error '403 ' for url 'https://openapiproext.bnf.fr/iiif/presentation/v3/ark:/12148/bd6t5139555j/manifest.json'
For more information check: https://developer.mozilla.org/en-US/docs/Web/HTTP/Status/403",2026-07-27T16:10:48.989674
petitmarocain,bd6t5139556x,,failed,0,0,,http_manifest,known,403,manifest,"Client error '403 ' for url 'https://openapiproext.bnf.fr/iiif/presentation/v3/ark:/12148/bd6t5139556x/manifest.json'
For more information check: https://developer.mozilla.org/en-US/docs/Web/HTTP/Status/403",2026-07-27T16:10:50.177822
petitmarocain,bd6t51395579,,failed,0,0,,http_manifest,known,403,manifest,"Client error '403 ' for url 'https://openapiproext.bnf.fr/iiif/presentation/v3/ark:/12148/bd6t51395579/manifest.json'
For more information check: https://developer.mozilla.org/en-US/docs/Web/HTTP/Status/403",2026-07-27T16:10:51.366547
petitmarocain,bd6t5139558p,,failed,0,0,,http_manifest,known,403,manifest,"Client error '403 ' for url 'https://openapiproext.bnf.fr/iiif/presentation/v3/ark:/12148/bd6t5139558p/manifest.json'
For more information check: https://developer.mozilla.org/en-US/docs/Web/HTTP/Status/403",2026-07-27T16:10:52.729388
petitmarocain,bd6t51395592,,failed,0,0,,http_manifest,known,403,manifest,"Client error '403 ' for url 'https://openapiproext.bnf.fr/iiif/presentation/v3/ark:/12148/bd6t51395592/manifest.json'
For more information check: https://developer.mozilla.org/en-US/docs/Web/HTTP/Status/403",2026-07-27T16:10:53.765521
petitmarocain,bd6t51395600,,failed,0,0,,http_manifest,known,403,manifest,"Client error '403 ' for url 'https://openapiproext.bnf.fr/iiif/presentation/v3/ark:/12148/bd6t51395600/manifest.json'
For more information check: https://developer.mozilla.org/en-US/docs/Web/HTTP/Status/403",2026-07-27T16:10:54.989209
petitmarocain,bd6t5139561c,,failed,0,0,,http_manifest,known,403,manifest,"Client error '403 ' for url 'https://openapiproext.bnf.fr/iiif/presentation/v3/ark:/12148/bd6t5139561c/manifest.json'
For more information check: https://developer.mozilla.org/en-US/docs/Web/HTTP/Status/403",2026-07-27T16:10:56.165581
petitmarocain,bd6t5139562r,,failed,0,0,,http_manifest,known,403,manifest,"Client error '403 ' for url 'https://openapiproext.bnf.fr/iiif/presentation/v3/ark:/12148/bd6t5139562r/manifest.json'
For more information check: https://developer.mozilla.org/en-US/docs/Web/HTTP/Status/403",2026-07-27T16:10:57.382790
petitmarocain,bd6t51395634,,failed,0,0,,http_manifest,known,403,manifest,"Client error '403 ' for url 'https://openapiproext.bnf.fr/iiif/presentation/v3/ark:/12148/bd6t51395634/manifest.json'
For more information check: https://developer.mozilla.org/en-US/docs/Web/HTTP/Status/403",2026-07-27T16:10:58.565735
petitmarocain,bd6t5139564h,,failed,0,0,,http_manifest,known,403,manifest,"Client error '403 ' for url 'https://openapiproext.bnf.fr/iiif/presentation/v3/ark:/12148/bd6t5139564h/manifest.json'
For more information check: https://developer.mozilla.org/en-US/docs/Web/HTTP/Status/403",2026-07-27T16:10:59.849887
petitmarocain,bd6t5139565w,,failed,0,0,,http_manifest,known,403,manifest,"Client error '403 ' for url 'https://openapiproext.bnf.fr/iiif/presentation/v3/ark:/12148/bd6t5139565w/manifest.json'
For more information check: https://developer.mozilla.org/en-US/docs/Web/HTTP/Status/403",2026-07-27T16:11:00.999871
petitmarocain,bd6t51395668,,failed,0,0,,http_manifest,known,403,manifest,"Client error '403 ' for url 'https://openapiproext.bnf.fr/iiif/presentation/v3/ark:/12148/bd6t51395668/manifest.json'
For more information check: https://developer.mozilla.org/en-US/docs/Web/HTTP/Status/403",2026-07-27T16:11:02.174899
petitmarocain,bd6t5139567n,,failed,0,0,,http_manifest,known,403,manifest,"Client error '403 ' for url 'https://openapiproext.bnf.fr/iiif/presentation/v3/ark:/12148/bd6t5139567n/manifest.json'
For more information check: https://developer.mozilla.org/en-US/docs/Web/HTTP/Status/403",2026-07-27T16:11:03.394611
petitmarocain,bd6t51395681,,failed,0,0,,http_manifest,known,403,manifest,"Client error '403 ' for url 'https://openapiproext.bnf.fr/iiif/presentation/v3/ark:/12148/bd6t51395681/manifest.json'
For more information check: https://developer.mozilla.org/en-US/docs/Web/HTTP/Status/403",2026-07-27T16:11:04.589448
petitmarocain,bd6t5139569d,,failed,0,0,,http_manifest,known,403,manifest,"Client error '403 ' for url 'https://openapiproext.bnf.fr/iiif/presentation/v3/ark:/12148/bd6t5139569d/manifest.json'
For more information check: https://developer.mozilla.org/en-US/docs/Web/HTTP/Status/403",2026-07-27T16:11:05.783243
petitmarocain,bd6t5139570b,,failed,0,0,,http_manifest,known,403,manifest,"Client error '403 ' for url 'https://openapiproext.bnf.fr/iiif/presentation/v3/ark:/12148/bd6t5139570b/manifest.json'
For more information check: https://developer.mozilla.org/en-US/docs/Web/HTTP/Status/403",2026-07-27T16:11:07.010433
petitmarocain,bd6t5139571q,,failed,0,0,,http_manifest,known,403,manifest,"Client error '403 ' for url 'https://openapiproext.bnf.fr/iiif/presentation/v3/ark:/12148/bd6t5139571q/manifest.json'
For more information check: https://developer.mozilla.org/en-US/docs/Web/HTTP/Status/403",2026-07-27T16:11:08.183146
petitmarocain,bd6t51395723,,failed,0,0,,http_manifest,known,403,manifest,"Client error '403 ' for url 'https://openapiproext.bnf.fr/iiif/presentation/v3/ark:/12148/bd6t51395723/manifest.json'
For more information check: https://developer.mozilla.org/en-US/docs/Web/HTTP/Status/403",2026-07-27T16:11:09.384546
petitmarocain,bd6t5139573g,,failed,0,0,,http_manifest,known,403,manifest,"Client error '403 ' for url 'https://openapiproext.bnf.fr/iiif/presentation/v3/ark:/12148/bd6t5139573g/manifest.json'
For more information check: https://developer.mozilla.org/en-US/docs/Web/HTTP/Status/403",2026-07-27T16:11:10.582180
petitmarocain,bd6t5139574v,,failed,0,0,,http_manifest,known,403,manifest,"Client error '403 ' for url 'https://openapiproext.bnf.fr/iiif/presentation/v3/ark:/12148/bd6t5139574v/manifest.json'
For more information check: https://developer.mozilla.org/en-US/docs/Web/HTTP/Status/403",2026-07-27T16:11:11.813854
petitmarocain,bd6t51395757,,failed,0,0,,http_manifest,known,403,manifest,"Client error '403 ' for url 'https://openapiproext.bnf.fr/iiif/presentation/v3/ark:/12148/bd6t51395757/manifest.json'
For more information check: https://developer.mozilla.org/en-US/docs/Web/HTTP/Status/403",2026-07-27T16:11:13.022728
petitmarocain,bd6t5139576m,,failed,0,0,,http_manifest,known,403,manifest,"Client error '403 ' for url 'https://openapiproext.bnf.fr/iiif/presentation/v3/ark:/12148/bd6t5139576m/manifest.json'
For more information check: https://developer.mozilla.org/en-US/docs/Web/HTTP/Status/403",2026-07-27T16:11:14.188726
petitmarocain,bd6t51395770,,failed,0,0,,http_manifest,known,403,manifest,"Client error '403 ' for url 'https://openapiproext.bnf.fr/iiif/presentation/v3/ark:/12148/bd6t51395770/manifest.json'
For more information check: https://developer.mozilla.org/en-US/docs/Web/HTTP/Status/403",2026-07-27T16:11:15.423711
petitmarocain,bd6t5139578c,,failed,0,0,,http_manifest,known,403,manifest,"Client error '403 ' for url 'https://openapiproext.bnf.fr/iiif/presentation/v3/ark:/12148/bd6t5139578c/manifest.json'
For more information check: https://developer.mozilla.org/en-US/docs/Web/HTTP/Status/403",2026-07-27T16:11:16.604602
petitmarocain,bd6t5139579r,,failed,0,0,,http_manifest,known,403,manifest,"Client error '403 ' for url 'https://openapiproext.bnf.fr/iiif/presentation/v3/ark:/12148/bd6t5139579r/manifest.json'
For more information check: https://developer.mozilla.org/en-US/docs/Web/HTTP/Status/403",2026-07-27T16:11:17.800523
petitmarocain,bd6t5139580p,,failed,0,0,,http_manifest,known,403,manifest,"Client error '403 ' for url 'https://openapiproext.bnf.fr/iiif/presentation/v3/ark:/12148/bd6t5139580p/manifest.json'
For more information check: https://developer.mozilla.org/en-US/docs/Web/HTTP/Status/403",2026-07-27T16:11:19.021329
petitmarocain,bd6t51395812,,failed,0,0,,http_manifest,known,403,manifest,"Client error '403 ' for url 'https://openapiproext.bnf.fr/iiif/presentation/v3/ark:/12148/bd6t51395812/manifest.json'
For more information check: https://developer.mozilla.org/en-US/docs/Web/HTTP/Status/403",2026-07-27T16:11:20.199436
petitmarocain,bd6t5139582f,,failed,0,0,,http_manifest,known,403,manifest,"Client error '403 ' for url 'https://openapiproext.bnf.fr/iiif/presentation/v3/ark:/12148/bd6t5139582f/manifest.json'
For more information check: https://developer.mozilla.org/en-US/docs/Web/HTTP/Status/403",2026-07-27T16:11:21.418070
petitmarocain,bd6t5139583t,,failed,0,0,,http_manifest,known,403,manifest,"Client error '403 ' for url 'https://openapiproext.bnf.fr/iiif/presentation/v3/ark:/12148/bd6t5139583t/manifest.json'
For more information check: https://developer.mozilla.org/en-US/docs/Web/HTTP/Status/403",2026-07-27T16:11:22.601805
petitmarocain,bd6t51395846,,failed,0,0,,http_manifest,known,403,manifest,"Client error '403 ' for url 'https://openapiproext.bnf.fr/iiif/presentation/v3/ark:/12148/bd6t51395846/manifest.json'
For more information check: https://developer.mozilla.org/en-US/docs/Web/HTTP/Status/403",2026-07-27T16:11:23.829437
petitmarocain,bd6t5139585k,,failed,0,0,,http_manifest,known,403,manifest,"Client error '403 ' for url 'https://openapiproext.bnf.fr/iiif/presentation/v3/ark:/12148/bd6t5139585k/manifest.json'
For more information check: https://developer.mozilla.org/en-US/docs/Web/HTTP/Status/403",2026-07-27T16:11:25.039694
petitmarocain,bd6t5139586z,,failed,0,0,,http_manifest,known,403,manifest,"Client error '403 ' for url 'https://openapiproext.bnf.fr/iiif/presentation/v3/ark:/12148/bd6t5139586z/manifest.json'
For more information check: https://developer.mozilla.org/en-US/docs/Web/HTTP/Status/403",2026-07-27T16:11:26.212554
petitmarocain,bd6t5139587b,,failed,0,0,,http_manifest,known,403,manifest,"Client error '403 ' for url 'https://openapiproext.bnf.fr/iiif/presentation/v3/ark:/12148/bd6t5139587b/manifest.json'
For more information check: https://developer.mozilla.org/en-US/docs/Web/HTTP/Status/403",2026-07-27T16:11:27.433178
petitmarocain,bd6t5139588q,,failed,0,0,,http_manifest,known,403,manifest,"Client error '403 ' for url 'https://openapiproext.bnf.fr/iiif/presentation/v3/ark:/12148/bd6t5139588q/manifest.json'
For more information check: https://developer.mozilla.org/en-US/docs/Web/HTTP/Status/403",2026-07-27T16:11:28.619859
petitmarocain,bd6t51395893,,failed,0,0,,http_manifest,known,403,manifest,"Client error '403 ' for url 'https://openapiproext.bnf.fr/iiif/presentation/v3/ark:/12148/bd6t51395893/manifest.json'
For more information check: https://developer.mozilla.org/en-US/docs/Web/HTTP/Status/403",2026-07-27T16:11:29.824992
petitmarocain,bd6t51395901,,failed,0,0,,http_manifest,known,403,manifest,"Client error '403 ' for url 'https://openapiproext.bnf.fr/iiif/presentation/v3/ark:/12148/bd6t51395901/manifest.json'
For more information check: https://developer.mozilla.org/en-US/docs/Web/HTTP/Status/403",2026-07-27T16:11:31.178180
petitmarocain,bd6t5139591d,,failed,0,0,,http_manifest,known,403,manifest,"Client error '403 ' for url 'https://openapiproext.bnf.fr/iiif/presentation/v3/ark:/12148/bd6t5139591d/manifest.json'
For more information check: https://developer.mozilla.org/en-US/docs/Web/HTTP/Status/403",2026-07-27T16:11:32.218932
petitmarocain,bd6t5139592s,,failed,0,0,,http_manifest,known,403,manifest,"Client error '403 ' for url 'https://openapiproext.bnf.fr/iiif/presentation/v3/ark:/12148/bd6t5139592s/manifest.json'
For more information check: https://developer.mozilla.org/en-US/docs/Web/HTTP/Status/403",2026-07-27T16:11:33.467150
petitmarocain,bd6t51395935,,failed,0,0,,http_manifest,known,403,manifest,"Client error '403 ' for url 'https://openapiproext.bnf.fr/iiif/presentation/v3/ark:/12148/bd6t51395935/manifest.json'
For more information check: https://developer.mozilla.org/en-US/docs/Web/HTTP/Status/403",2026-07-27T16:11:34.622833
petitmarocain,bd6t5139594j,,failed,0,0,,http_manifest,known,403,manifest,"Client error '403 ' for url 'https://openapiproext.bnf.fr/iiif/presentation/v3/ark:/12148/bd6t5139594j/manifest.json'
For more information check: https://developer.mozilla.org/en-US/docs/Web/HTTP/Status/403",2026-07-27T16:11:35.944697
petitmarocain,bd6t5139595x,,failed,0,0,,http_manifest,known,403,manifest,"Client error '403 ' for url 'https://openapiproext.bnf.fr/iiif/presentation/v3/ark:/12148/bd6t5139595x/manifest.json'
For more information check: https://developer.mozilla.org/en-US/docs/Web/HTTP/Status/403",2026-07-27T16:11:37.144873
petitmarocain,bd6t51395969,,failed,0,0,,http_manifest,known,403,manifest,"Client error '403 ' for url 'https://openapiproext.bnf.fr/iiif/presentation/v3/ark:/12148/bd6t51395969/manifest.json'
For more information check: https://developer.mozilla.org/en-US/docs/Web/HTTP/Status/403",2026-07-27T16:11:38.378756
petitmarocain,bd6t5139597p,,failed,0,0,,http_manifest,known,403,manifest,"Client error '403 ' for url 'https://openapiproext.bnf.fr/iiif/presentation/v3/ark:/12148/bd6t5139597p/manifest.json'
For more information check: https://developer.mozilla.org/en-US/docs/Web/HTTP/Status/403",2026-07-27T16:11:39.527141
petitmarocain,bd6t51395982,,failed,0,0,,http_manifest,known,403,manifest,"Client error '403 ' for url 'https://openapiproext.bnf.fr/iiif/presentation/v3/ark:/12148/bd6t51395982/manifest.json'
For more information check: https://developer.mozilla.org/en-US/docs/Web/HTTP/Status/403",2026-07-27T16:11:40.640853
petitmarocain,bd6t5139599f,,failed,0,0,,http_manifest,known,403,manifest,"Client error '403 ' for url 'https://openapiproext.bnf.fr/iiif/presentation/v3/ark:/12148/bd6t5139599f/manifest.json'
For more information check: https://developer.mozilla.org/en-US/docs/Web/HTTP/Status/403",2026-07-27T16:11:41.841411
petitmarocain,bd6t51396007,,failed,0,0,,http_manifest,known,403,manifest,"Client error '403 ' for url 'https://openapiproext.bnf.fr/iiif/presentation/v3/ark:/12148/bd6t51396007/manifest.json'
For more information check: https://developer.mozilla.org/en-US/docs/Web/HTTP/Status/403",2026-07-27T16:11:43.054920
petitmarocain,bd6t5139601m,,failed,0,0,,http_manifest,known,403,manifest,"Client error '403 ' for url 'https://openapiproext.bnf.fr/iiif/presentation/v3/ark:/12148/bd6t5139601m/manifest.json'
For more information check: https://developer.mozilla.org/en-US/docs/Web/HTTP/Status/403",2026-07-27T16:11:44.236589
petitmarocain,bd6t51396020,,failed,0,0,,http_manifest,known,403,manifest,"Client error '403 ' for url 'https://openapiproext.bnf.fr/iiif/presentation/v3/ark:/12148/bd6t51396020/manifest.json'
For more information check: https://developer.mozilla.org/en-US/docs/Web/HTTP/Status/403",2026-07-27T16:11:45.644645
petitmarocain,bd6t5139603c,,failed,0,0,,http_manifest,known,403,manifest,"Client error '403 ' for url 'https://openapiproext.bnf.fr/iiif/presentation/v3/ark:/12148/bd6t5139603c/manifest.json'
For more information check: https://developer.mozilla.org/en-US/docs/Web/HTTP/Status/403",2026-07-27T16:11:46.635877
petitmarocain,bd6t5139604r,,failed,0,0,,http_manifest,known,403,manifest,"Client error '403 ' for url 'https://openapiproext.bnf.fr/iiif/presentation/v3/ark:/12148/bd6t5139604r/manifest.json'
For more information check: https://developer.mozilla.org/en-US/docs/Web/HTTP/Status/403",2026-07-27T16:11:48.073174
petitmarocain,bd6t51396054,,failed,0,0,,http_manifest,known,403,manifest,"Client error '403 ' for url 'https://openapiproext.bnf.fr/iiif/presentation/v3/ark:/12148/bd6t51396054/manifest.json'
For more information check: https://developer.mozilla.org/en-US/docs/Web/HTTP/Status/403",2026-07-27T16:11:49.215718
petitmarocain,bd6t5139606h,,failed,0,0,,http_manifest,known,403,manifest,"Client error '403 ' for url 'https://openapiproext.bnf.fr/iiif/presentation/v3/ark:/12148/bd6t5139606h/manifest.json'
For more information check: https://developer.mozilla.org/en-US/docs/Web/HTTP/Status/403",2026-07-27T16:11:50.266837
petitmarocain,bd6t5139607w,,failed,0,0,,http_manifest,known,403,manifest,"Client error '403 ' for url 'https://openapiproext.bnf.fr/iiif/presentation/v3/ark:/12148/bd6t5139607w/manifest.json'
For more information check: https://developer.mozilla.org/en-US/docs/Web/HTTP/Status/403",2026-07-27T16:11:51.493875
petitmarocain,bd6t51396088,,failed,0,0,,http_manifest,known,403,manifest,"Client error '403 ' for url 'https://openapiproext.bnf.fr/iiif/presentation/v3/ark:/12148/bd6t51396088/manifest.json'
For more information check: https://developer.mozilla.org/en-US/docs/Web/HTTP/Status/403",2026-07-27T16:11:52.775048
petitmarocain,bd6t5139609n,,failed,0,0,,http_manifest,known,403,manifest,"Client error '403 ' for url 'https://openapiproext.bnf.fr/iiif/presentation/v3/ark:/12148/bd6t5139609n/manifest.json'
For more information check: https://developer.mozilla.org/en-US/docs/Web/HTTP/Status/403",2026-07-27T16:11:53.852477
petitmarocain,bd6t5139610k,,failed,0,0,,http_manifest,known,403,manifest,"Client error '403 ' for url 'https://openapiproext.bnf.fr/iiif/presentation/v3/ark:/12148/bd6t5139610k/manifest.json'
For more information check: https://developer.mozilla.org/en-US/docs/Web/HTTP/Status/403",2026-07-27T16:11:55.071506
petitmarocain,bd6t5139611z,,failed,0,0,,http_manifest,known,403,manifest,"Client error '403 ' for url 'https://openapiproext.bnf.fr/iiif/presentation/v3/ark:/12148/bd6t5139611z/manifest.json'
For more information check: https://developer.mozilla.org/en-US/docs/Web/HTTP/Status/403",2026-07-27T16:11:56.251693
petitmarocain,bd6t5139612b,,failed,0,0,,http_manifest,known,403,manifest,"Client error '403 ' for url 'https://openapiproext.bnf.fr/iiif/presentation/v3/ark:/12148/bd6t5139612b/manifest.json'
For more information check: https://developer.mozilla.org/en-US/docs/Web/HTTP/Status/403",2026-07-27T16:11:57.474622
petitmarocain,bd6t5139613q,,failed,0,0,,http_manifest,known,403,manifest,"Client error '403 ' for url 'https://openapiproext.bnf.fr/iiif/presentation/v3/ark:/12148/bd6t5139613q/manifest.json'
For more information check: https://developer.mozilla.org/en-US/docs/Web/HTTP/Status/403",2026-07-27T16:11:58.660779
petitmarocain,bd6t51396143,,failed,0,0,,http_manifest,known,403,manifest,"Client error '403 ' for url 'https://openapiproext.bnf.fr/iiif/presentation/v3/ark:/12148/bd6t51396143/manifest.json'
For more information check: https://developer.mozilla.org/en-US/docs/Web/HTTP/Status/403",2026-07-27T16:11:59.882537
petitmarocain,bd6t5139615g,,failed,0,0,,http_manifest,known,403,manifest,"Client error '403 ' for url 'https://openapiproext.bnf.fr/iiif/presentation/v3/ark:/12148/bd6t5139615g/manifest.json'
For more information check: https://developer.mozilla.org/en-US/docs/Web/HTTP/Status/403",2026-07-27T16:12:01.087207
petitmarocain,bd6t5139616v,,failed,0,0,,http_manifest,known,403,manifest,"Client error '403 ' for url 'https://openapiproext.bnf.fr/iiif/presentation/v3/ark:/12148/bd6t5139616v/manifest.json'
For more information check: https://developer.mozilla.org/en-US/docs/Web/HTTP/Status/403",2026-07-27T16:12:02.271727
petitmarocain,bd6t51396177,,failed,0,0,,http_manifest,known,403,manifest,"Client error '403 ' for url 'https://openapiproext.bnf.fr/iiif/presentation/v3/ark:/12148/bd6t51396177/manifest.json'
For more information check: https://developer.mozilla.org/en-US/docs/Web/HTTP/Status/403",2026-07-27T16:12:03.472485
petitmarocain,bd6t5139618m,,failed,0,0,,http_manifest,known,403,manifest,"Client error '403 ' for url 'https://openapiproext.bnf.fr/iiif/presentation/v3/ark:/12148/bd6t5139618m/manifest.json'
For more information check: https://developer.mozilla.org/en-US/docs/Web/HTTP/Status/403",2026-07-27T16:12:04.685746
petitmarocain,bd6t51396190,,failed,0,0,,http_manifest,known,403,manifest,"Client error '403 ' for url 'https://openapiproext.bnf.fr/iiif/presentation/v3/ark:/12148/bd6t51396190/manifest.json'
For more information check: https://developer.mozilla.org/en-US/docs/Web/HTTP/Status/403",2026-07-27T16:12:05.872187
petitmarocain,bd6t5139620x,,failed,0,0,,http_manifest,known,403,manifest,"Client error '403 ' for url 'https://openapiproext.bnf.fr/iiif/presentation/v3/ark:/12148/bd6t5139620x/manifest.json'
For more information check: https://developer.mozilla.org/en-US/docs/Web/HTTP/Status/403",2026-07-27T16:12:07.070635
petitmarocain,bd6t51396219,,failed,0,0,,http_manifest,known,403,manifest,"Client error '403 ' for url 'https://openapiproext.bnf.fr/iiif/presentation/v3/ark:/12148/bd6t51396219/manifest.json'
For more information check: https://developer.mozilla.org/en-US/docs/Web/HTTP/Status/403",2026-07-27T16:12:08.270817
petitmarocain,bd6t5139622p,,failed,0,0,,http_manifest,known,403,manifest,"Client error '403 ' for url 'https://openapiproext.bnf.fr/iiif/presentation/v3/ark:/12148/bd6t5139622p/manifest.json'
For more information check: https://developer.mozilla.org/en-US/docs/Web/HTTP/Status/403",2026-07-27T16:12:09.493764
petitmarocain,bd6t51396232,,failed,0,0,,http_manifest,known,403,manifest,"Client error '403 ' for url 'https://openapiproext.bnf.fr/iiif/presentation/v3/ark:/12148/bd6t51396232/manifest.json'
For more information check: https://developer.mozilla.org/en-US/docs/Web/HTTP/Status/403",2026-07-27T16:12:10.670097
petitmarocain,bd6t5139624f,,failed,0,0,,http_manifest,known,403,manifest,"Client error '403 ' for url 'https://openapiproext.bnf.fr/iiif/presentation/v3/ark:/12148/bd6t5139624f/manifest.json'
For more information check: https://developer.mozilla.org/en-US/docs/Web/HTTP/Status/403",2026-07-27T16:12:11.887032
petitmarocain,bd6t5139625t,,failed,0,0,,http_manifest,known,403,manifest,"Client error '403 ' for url 'https://openapiproext.bnf.fr/iiif/presentation/v3/ark:/12148/bd6t5139625t/manifest.json'
For more information check: https://developer.mozilla.org/en-US/docs/Web/HTTP/Status/403",2026-07-27T16:12:13.112831
petitmarocain,bd6t51396266,,failed,0,0,,http_manifest,known,403,manifest,"Client error '403 ' for url 'https://openapiproext.bnf.fr/iiif/presentation/v3/ark:/12148/bd6t51396266/manifest.json'
For more information check: https://developer.mozilla.org/en-US/docs/Web/HTTP/Status/403",2026-07-27T16:12:14.286869
petitmarocain,bd6t5139627k,,failed,0,0,,http_manifest,known,403,manifest,"Client error '403 ' for url 'https://openapiproext.bnf.fr/iiif/presentation/v3/ark:/12148/bd6t5139627k/manifest.json'
For more information check: https://developer.mozilla.org/en-US/docs/Web/HTTP/Status/403",2026-07-27T16:12:15.489757
petitmarocain,bd6t5139628z,,failed,0,0,,http_manifest,known,403,manifest,"Client error '403 ' for url 'https://openapiproext.bnf.fr/iiif/presentation/v3/ark:/12148/bd6t5139628z/manifest.json'
For more information check: https://developer.mozilla.org/en-US/docs/Web/HTTP/Status/403",2026-07-27T16:12:16.694627
petitmarocain,bd6t5139629b,,failed,0,0,,http_manifest,known,403,manifest,"Client error '403 ' for url 'https://openapiproext.bnf.fr/iiif/presentation/v3/ark:/12148/bd6t5139629b/manifest.json'
For more information check: https://developer.mozilla.org/en-US/docs/Web/HTTP/Status/403",2026-07-27T16:12:17.894642
petitmarocain,bd6t51396308,,failed,0,0,,http_manifest,known,403,manifest,"Client error '403 ' for url 'https://openapiproext.bnf.fr/iiif/presentation/v3/ark:/12148/bd6t51396308/manifest.json'
For more information check: https://developer.mozilla.org/en-US/docs/Web/HTTP/Status/403",2026-07-27T16:12:19.120251
petitmarocain,bd6t5139631n,,failed,0,0,,http_manifest,known,403,manifest,"Client error '403 ' for url 'https://openapiproext.bnf.fr/iiif/presentation/v3/ark:/12148/bd6t5139631n/manifest.json'
For more information check: https://developer.mozilla.org/en-US/docs/Web/HTTP/Status/403",2026-07-27T16:12:20.288212
petitmarocain,bd6t51396321,,failed,0,0,,http_manifest,known,403,manifest,"Client error '403 ' for url 'https://openapiproext.bnf.fr/iiif/presentation/v3/ark:/12148/bd6t51396321/manifest.json'
For more information check: https://developer.mozilla.org/en-US/docs/Web/HTTP/Status/403",2026-07-27T16:12:21.522454
petitmarocain,bd6t5139633d,,failed,0,0,,http_manifest,known,403,manifest,"Client error '403 ' for url 'https://openapiproext.bnf.fr/iiif/presentation/v3/ark:/12148/bd6t5139633d/manifest.json'
For more information check: https://developer.mozilla.org/en-US/docs/Web/HTTP/Status/403",2026-07-27T16:12:22.700658
petitmarocain,bd6t5139634s,,failed,0,0,,http_manifest,known,403,manifest,"Client error '403 ' for url 'https://openapiproext.bnf.fr/iiif/presentation/v3/ark:/12148/bd6t5139634s/manifest.json'
For more information check: https://developer.mozilla.org/en-US/docs/Web/HTTP/Status/403",2026-07-27T16:12:23.993309
petitmarocain,bd6t51396355,,failed,0,0,,http_manifest,known,403,manifest,"Client error '403 ' for url 'https://openapiproext.bnf.fr/iiif/presentation/v3/ark:/12148/bd6t51396355/manifest.json'
For more information check: https://developer.mozilla.org/en-US/docs/Web/HTTP/Status/403",2026-07-27T16:12:25.128301
petitmarocain,bd6t5139636j,,failed,0,0,,http_manifest,known,403,manifest,"Client error '403 ' for url 'https://openapiproext.bnf.fr/iiif/presentation/v3/ark:/12148/bd6t5139636j/manifest.json'
For more information check: https://developer.mozilla.org/en-US/docs/Web/HTTP/Status/403",2026-07-27T16:12:26.310931
petitmarocain,bd6t5139637x,,failed,0,0,,http_manifest,known,403,manifest,"Client error '403 ' for url 'https://openapiproext.bnf.fr/iiif/presentation/v3/ark:/12148/bd6t5139637x/manifest.json'
For more information check: https://developer.mozilla.org/en-US/docs/Web/HTTP/Status/403",2026-07-27T16:12:27.518465
petitmarocain,bd6t51396389,,failed,0,0,,http_manifest,known,403,manifest,"Client error '403 ' for url 'https://openapiproext.bnf.fr/iiif/presentation/v3/ark:/12148/bd6t51396389/manifest.json'
For more information check: https://developer.mozilla.org/en-US/docs/Web/HTTP/Status/403",2026-07-27T16:12:28.720830
petitmarocain,bd6t5139639p,,failed,0,0,,http_manifest,known,403,manifest,"Client error '403 ' for url 'https://openapiproext.bnf.fr/iiif/presentation/v3/ark:/12148/bd6t5139639p/manifest.json'
For more information check: https://developer.mozilla.org/en-US/docs/Web/HTTP/Status/403",2026-07-27T16:12:29.953285
petitmarocain,bd6t5139640m,,failed,0,0,,http_manifest,known,403,manifest,"Client error '403 ' for url 'https://openapiproext.bnf.fr/iiif/presentation/v3/ark:/12148/bd6t5139640m/manifest.json'
For more information check: https://developer.mozilla.org/en-US/docs/Web/HTTP/Status/403",2026-07-27T16:12:31.167585
petitmarocain,bd6t51396410,,failed,0,0,,http_manifest,known,403,manifest,"Client error '403 ' for url 'https://openapiproext.bnf.fr/iiif/presentation/v3/ark:/12148/bd6t51396410/manifest.json'
For more information check: https://developer.mozilla.org/en-US/docs/Web/HTTP/Status/403",2026-07-27T16:12:32.325670
petitmarocain,bd6t5139642c,,failed,0,0,,http_manifest,known,403,manifest,"Client error '403 ' for url 'https://openapiproext.bnf.fr/iiif/presentation/v3/ark:/12148/bd6t5139642c/manifest.json'
For more information check: https://developer.mozilla.org/en-US/docs/Web/HTTP/Status/403",2026-07-27T16:12:33.542508
petitmarocain,bd6t5139643r,,failed,0,0,,http_manifest,known,403,manifest,"Client error '403 ' for url 'https://openapiproext.bnf.fr/iiif/presentation/v3/ark:/12148/bd6t5139643r/manifest.json'
For more information check: https://developer.mozilla.org/en-US/docs/Web/HTTP/Status/403",2026-07-27T16:12:34.718773
petitmarocain,bd6t51396444,,failed,0,0,,http_manifest,known,403,manifest,"Client error '403 ' for url 'https://openapiproext.bnf.fr/iiif/presentation/v3/ark:/12148/bd6t51396444/manifest.json'
For more information check: https://developer.mozilla.org/en-US/docs/Web/HTTP/Status/403",2026-07-27T16:12:35.952182
petitmarocain,bd6t5139645h,,failed,0,0,,http_manifest,known,403,manifest,"Client error '403 ' for url 'https://openapiproext.bnf.fr/iiif/presentation/v3/ark:/12148/bd6t5139645h/manifest.json'
For more information check: https://developer.mozilla.org/en-US/docs/Web/HTTP/Status/403",2026-07-27T16:12:37.389728
petitmarocain,bd6t5139646w,,failed,0,0,,http_manifest,known,403,manifest,"Client error '403 ' for url 'https://openapiproext.bnf.fr/iiif/presentation/v3/ark:/12148/bd6t5139646w/manifest.json'
For more information check: https://developer.mozilla.org/en-US/docs/Web/HTTP/Status/403",2026-07-27T16:12:38.337305
petitmarocain,bd6t51396478,,failed,0,0,,http_manifest,known,403,manifest,"Client error '403 ' for url 'https://openapiproext.bnf.fr/iiif/presentation/v3/ark:/12148/bd6t51396478/manifest.json'
For more information check: https://developer.mozilla.org/en-US/docs/Web/HTTP/Status/403",2026-07-27T16:12:39.549865
petitmarocain,bd6t5139648n,,failed,0,0,,http_manifest,known,403,manifest,"Client error '403 ' for url 'https://openapiproext.bnf.fr/iiif/presentation/v3/ark:/12148/bd6t5139648n/manifest.json'
For more information check: https://developer.mozilla.org/en-US/docs/Web/HTTP/Status/403",2026-07-27T16:12:40.737262
petitmarocain,bd6t51396491,,failed,0,0,,http_manifest,known,403,manifest,"Client error '403 ' for url 'https://openapiproext.bnf.fr/iiif/presentation/v3/ark:/12148/bd6t51396491/manifest.json'
For more information check: https://developer.mozilla.org/en-US/docs/Web/HTTP/Status/403",2026-07-27T16:12:41.921959
petitmarocain,bd6t5139650z,,failed,0,0,,http_manifest,known,403,manifest,"Client error '403 ' for url 'https://openapiproext.bnf.fr/iiif/presentation/v3/ark:/12148/bd6t5139650z/manifest.json'
For more information check: https://developer.mozilla.org/en-US/docs/Web/HTTP/Status/403",2026-07-27T16:12:43.156440
petitmarocain,bd6t5139651b,,failed,0,0,,http_manifest,known,403,manifest,"Client error '403 ' for url 'https://openapiproext.bnf.fr/iiif/presentation/v3/ark:/12148/bd6t5139651b/manifest.json'
For more information check: https://developer.mozilla.org/en-US/docs/Web/HTTP/Status/403",2026-07-27T16:12:44.320688
petitmarocain,bd6t5139652q,,failed,0,0,,http_manifest,known,403,manifest,"Client error '403 ' for url 'https://openapiproext.bnf.fr/iiif/presentation/v3/ark:/12148/bd6t5139652q/manifest.json'
For more information check: https://developer.mozilla.org/en-US/docs/Web/HTTP/Status/403",2026-07-27T16:12:45.806701
petitmarocain,bd6t51396533,,failed,0,0,,http_manifest,known,403,manifest,"Client error '403 ' for url 'https://openapiproext.bnf.fr/iiif/presentation/v3/ark:/12148/bd6t51396533/manifest.json'
For more information check: https://developer.mozilla.org/en-US/docs/Web/HTTP/Status/403",2026-07-27T16:12:46.739743
petitmarocain,bd6t5139654g,,failed,0,0,,http_manifest,known,403,manifest,"Client error '403 ' for url 'https://openapiproext.bnf.fr/iiif/presentation/v3/ark:/12148/bd6t5139654g/manifest.json'
For more information check: https://developer.mozilla.org/en-US/docs/Web/HTTP/Status/403",2026-07-27T16:12:48.037579
petitmarocain,bd6t5139655v,,failed,0,0,,http_manifest,known,403,manifest,"Client error '403 ' for url 'https://openapiproext.bnf.fr/iiif/presentation/v3/ark:/12148/bd6t5139655v/manifest.json'
For more information check: https://developer.mozilla.org/en-US/docs/Web/HTTP/Status/403",2026-07-27T16:12:49.195828
petitmarocain,bd6t51396567,,failed,0,0,,http_manifest,known,403,manifest,"Client error '403 ' for url 'https://openapiproext.bnf.fr/iiif/presentation/v3/ark:/12148/bd6t51396567/manifest.json'
For more information check: https://developer.mozilla.org/en-US/docs/Web/HTTP/Status/403",2026-07-27T16:12:50.526134
petitmarocain,bd6t5139657m,,failed,0,0,,http_manifest,known,403,manifest,"Client error '403 ' for url 'https://openapiproext.bnf.fr/iiif/presentation/v3/ark:/12148/bd6t5139657m/manifest.json'
For more information check: https://developer.mozilla.org/en-US/docs/Web/HTTP/Status/403",2026-07-27T16:12:51.731197
petitmarocain,bd6t51396580,,failed,0,0,,http_manifest,known,403,manifest,"Client error '403 ' for url 'https://openapiproext.bnf.fr/iiif/presentation/v3/ark:/12148/bd6t51396580/manifest.json'
For more information check: https://developer.mozilla.org/en-US/docs/Web/HTTP/Status/403",2026-07-27T16:12:52.751272
petitmarocain,bd6t5139659c,,failed,0,0,,http_manifest,known,403,manifest,"Client error '403 ' for url 'https://openapiproext.bnf.fr/iiif/presentation/v3/ark:/12148/bd6t5139659c/manifest.json'
For more information check: https://developer.mozilla.org/en-US/docs/Web/HTTP/Status/403",2026-07-27T16:12:54.182082
petitmarocain,bd6t51396609,,failed,0,0,,http_manifest,known,403,manifest,"Client error '403 ' for url 'https://openapiproext.bnf.fr/iiif/presentation/v3/ark:/12148/bd6t51396609/manifest.json'
For more information check: https://developer.mozilla.org/en-US/docs/Web/HTTP/Status/403",2026-07-27T16:12:55.170345
petitmarocain,bd6t5139661p,,failed,0,0,,http_manifest,known,403,manifest,"Client error '403 ' for url 'https://openapiproext.bnf.fr/iiif/presentation/v3/ark:/12148/bd6t5139661p/manifest.json'
For more information check: https://developer.mozilla.org/en-US/docs/Web/HTTP/Status/403",2026-07-27T16:12:56.339698
petitmarocain,bd6t51396622,,failed,0,0,,http_manifest,known,403,manifest,"Client error '403 ' for url 'https://openapiproext.bnf.fr/iiif/presentation/v3/ark:/12148/bd6t51396622/manifest.json'
For more information check: https://developer.mozilla.org/en-US/docs/Web/HTTP/Status/403",2026-07-27T16:12:57.571182
petitmarocain,bd6t5139663f,,failed,0,0,,http_manifest,known,403,manifest,"Client error '403 ' for url 'https://openapiproext.bnf.fr/iiif/presentation/v3/ark:/12148/bd6t5139663f/manifest.json'
For more information check: https://developer.mozilla.org/en-US/docs/Web/HTTP/Status/403",2026-07-27T16:12:58.773701
petitmarocain,bd6t5139664t,,failed,0,0,,http_manifest,known,403,manifest,"Client error '403 ' for url 'https://openapiproext.bnf.fr/iiif/presentation/v3/ark:/12148/bd6t5139664t/manifest.json'
For more information check: https://developer.mozilla.org/en-US/docs/Web/HTTP/Status/403",2026-07-27T16:12:59.951149
petitmarocain,bd6t51396656,,failed,0,0,,http_manifest,known,403,manifest,"Client error '403 ' for url 'https://openapiproext.bnf.fr/iiif/presentation/v3/ark:/12148/bd6t51396656/manifest.json'
For more information check: https://developer.mozilla.org/en-US/docs/Web/HTTP/Status/403",2026-07-27T16:13:01.160778
petitmarocain,bd6t5139666k,,failed,0,0,,http_manifest,known,403,manifest,"Client error '403 ' for url 'https://openapiproext.bnf.fr/iiif/presentation/v3/ark:/12148/bd6t5139666k/manifest.json'
For more information check: https://developer.mozilla.org/en-US/docs/Web/HTTP/Status/403",2026-07-27T16:13:02.358791
petitmarocain,bd6t5139667z,,failed,0,0,,http_manifest,known,403,manifest,"Client error '403 ' for url 'https://openapiproext.bnf.fr/iiif/presentation/v3/ark:/12148/bd6t5139667z/manifest.json'
For more information check: https://developer.mozilla.org/en-US/docs/Web/HTTP/Status/403",2026-07-27T16:13:03.552574
petitmarocain,bd6t5139668b,,failed,0,0,,http_manifest,known,403,manifest,"Client error '403 ' for url 'https://openapiproext.bnf.fr/iiif/presentation/v3/ark:/12148/bd6t5139668b/manifest.json'
For more information check: https://developer.mozilla.org/en-US/docs/Web/HTTP/Status/403",2026-07-27T16:13:04.780664
petitmarocain,bd6t51363553,,failed,0,0,,http_manifest,known,403,manifest,"Client error '403 ' for url 'https://openapiproext.bnf.fr/iiif/presentation/v3/ark:/12148/bd6t51363553/manifest.json'
For more information check: https://developer.mozilla.org/en-US/docs/Web/HTTP/Status/403",2026-07-27T16:13:05.956753
petitmarocain,bd6t5136356g,,failed,0,0,,http_manifest,known,403,manifest,"Client error '403 ' for url 'https://openapiproext.bnf.fr/iiif/presentation/v3/ark:/12148/bd6t5136356g/manifest.json'
For more information check: https://developer.mozilla.org/en-US/docs/Web/HTTP/Status/403",2026-07-27T16:13:07.165314
petitmarocain,bd6t5136357v,,failed,0,0,,http_manifest,known,403,manifest,"Client error '403 ' for url 'https://openapiproext.bnf.fr/iiif/presentation/v3/ark:/12148/bd6t5136357v/manifest.json'
For more information check: https://developer.mozilla.org/en-US/docs/Web/HTTP/Status/403",2026-07-27T16:13:08.376941
petitmarocain,bd6t51363587,,failed,0,0,,http_manifest,known,403,manifest,"Client error '403 ' for url 'https://openapiproext.bnf.fr/iiif/presentation/v3/ark:/12148/bd6t51363587/manifest.json'
For more information check: https://developer.mozilla.org/en-US/docs/Web/HTTP/Status/403",2026-07-27T16:13:09.569594
petitmarocain,bd6t5136359m,,failed,0,0,,http_manifest,known,403,manifest,"Client error '403 ' for url 'https://openapiproext.bnf.fr/iiif/presentation/v3/ark:/12148/bd6t5136359m/manifest.json'
For more information check: https://developer.mozilla.org/en-US/docs/Web/HTTP/Status/403",2026-07-27T16:13:10.801847
petitmarocain,bd6t5136360j,,failed,0,0,,http_manifest,known,403,manifest,"Client error '403 ' for url 'https://openapiproext.bnf.fr/iiif/presentation/v3/ark:/12148/bd6t5136360j/manifest.json'
For more information check: https://developer.mozilla.org/en-US/docs/Web/HTTP/Status/403",2026-07-27T16:13:11.974015
petitmarocain,bd6t5136361x,,failed,0,0,,http_manifest,known,403,manifest,"Client error '403 ' for url 'https://openapiproext.bnf.fr/iiif/presentation/v3/ark:/12148/bd6t5136361x/manifest.json'
For more information check: https://developer.mozilla.org/en-US/docs/Web/HTTP/Status/403",2026-07-27T16:13:13.170888
petitmarocain,bd6t51363629,,failed,0,0,,http_manifest,known,403,manifest,"Client error '403 ' for url 'https://openapiproext.bnf.fr/iiif/presentation/v3/ark:/12148/bd6t51363629/manifest.json'
For more information check: https://developer.mozilla.org/en-US/docs/Web/HTTP/Status/403",2026-07-27T16:13:14.381932
petitmarocain,bd6t5136363p,,failed,0,0,,http_manifest,known,403,manifest,"Client error '403 ' for url 'https://openapiproext.bnf.fr/iiif/presentation/v3/ark:/12148/bd6t5136363p/manifest.json'
For more information check: https://developer.mozilla.org/en-US/docs/Web/HTTP/Status/403",2026-07-27T16:13:15.572783
petitmarocain,bd6t51363642,,failed,0,0,,http_manifest,known,403,manifest,"Client error '403 ' for url 'https://openapiproext.bnf.fr/iiif/presentation/v3/ark:/12148/bd6t51363642/manifest.json'
For more information check: https://developer.mozilla.org/en-US/docs/Web/HTTP/Status/403",2026-07-27T16:13:16.813694
petitmarocain,bd6t5136365f,,failed,0,0,,http_manifest,known,403,manifest,"Client error '403 ' for url 'https://openapiproext.bnf.fr/iiif/presentation/v3/ark:/12148/bd6t5136365f/manifest.json'
For more information check: https://developer.mozilla.org/en-US/docs/Web/HTTP/Status/403",2026-07-27T16:13:17.974784
petitmarocain,bd6t5136366t,,failed,0,0,,http_manifest,known,403,manifest,"Client error '403 ' for url 'https://openapiproext.bnf.fr/iiif/presentation/v3/ark:/12148/bd6t5136366t/manifest.json'
For more information check: https://developer.mozilla.org/en-US/docs/Web/HTTP/Status/403",2026-07-27T16:13:19.191930
petitmarocain,bd6t51363676,,failed,0,0,,http_manifest,known,403,manifest,"Client error '403 ' for url 'https://openapiproext.bnf.fr/iiif/presentation/v3/ark:/12148/bd6t51363676/manifest.json'
For more information check: https://developer.mozilla.org/en-US/docs/Web/HTTP/Status/403",2026-07-27T16:13:20.374288
petitmarocain,bd6t5136368k,,failed,0,0,,http_manifest,known,403,manifest,"Client error '403 ' for url 'https://openapiproext.bnf.fr/iiif/presentation/v3/ark:/12148/bd6t5136368k/manifest.json'
For more information check: https://developer.mozilla.org/en-US/docs/Web/HTTP/Status/403",2026-07-27T16:13:21.587713
petitmarocain,bd6t5136369z,,failed,0,0,,http_manifest,known,403,manifest,"Client error '403 ' for url 'https://openapiproext.bnf.fr/iiif/presentation/v3/ark:/12148/bd6t5136369z/manifest.json'
For more information check: https://developer.mozilla.org/en-US/docs/Web/HTTP/Status/403",2026-07-27T16:13:22.812755
petitmarocain,bd6t5136370w,,failed,0,0,,http_manifest,known,403,manifest,"Client error '403 ' for url 'https://openapiproext.bnf.fr/iiif/presentation/v3/ark:/12148/bd6t5136370w/manifest.json'
For more information check: https://developer.mozilla.org/en-US/docs/Web/HTTP/Status/403",2026-07-27T16:13:23.998184
petitmarocain,bd6t51363718,,failed,0,0,,http_manifest,known,403,manifest,"Client error '403 ' for url 'https://openapiproext.bnf.fr/iiif/presentation/v3/ark:/12148/bd6t51363718/manifest.json'
For more information check: https://developer.mozilla.org/en-US/docs/Web/HTTP/Status/403",2026-07-27T16:13:25.254683
petitmarocain,bd6t5136372n,,failed,0,0,,http_manifest,known,403,manifest,"Client error '403 ' for url 'https://openapiproext.bnf.fr/iiif/presentation/v3/ark:/12148/bd6t5136372n/manifest.json'
For more information check: https://developer.mozilla.org/en-US/docs/Web/HTTP/Status/403",2026-07-27T16:13:26.388304
petitmarocain,bd6t51363731,,failed,0,0,,http_manifest,known,403,manifest,"Client error '403 ' for url 'https://openapiproext.bnf.fr/iiif/presentation/v3/ark:/12148/bd6t51363731/manifest.json'
For more information check: https://developer.mozilla.org/en-US/docs/Web/HTTP/Status/403",2026-07-27T16:13:27.584694
petitmarocain,bd6t5136374d,,failed,0,0,,http_manifest,known,403,manifest,"Client error '403 ' for url 'https://openapiproext.bnf.fr/iiif/presentation/v3/ark:/12148/bd6t5136374d/manifest.json'
For more information check: https://developer.mozilla.org/en-US/docs/Web/HTTP/Status/403",2026-07-27T16:13:28.787752
petitmarocain,bd6t5136375s,,failed,0,0,,http_manifest,known,403,manifest,"Client error '403 ' for url 'https://openapiproext.bnf.fr/iiif/presentation/v3/ark:/12148/bd6t5136375s/manifest.json'
For more information check: https://developer.mozilla.org/en-US/docs/Web/HTTP/Status/403",2026-07-27T16:13:30.042931
petitmarocain,bd6t51363765,,failed,0,0,,http_manifest,known,403,manifest,"Client error '403 ' for url 'https://openapiproext.bnf.fr/iiif/presentation/v3/ark:/12148/bd6t51363765/manifest.json'
For more information check: https://developer.mozilla.org/en-US/docs/Web/HTTP/Status/403",2026-07-27T16:13:31.225872
petitmarocain,bd6t5136377j,,failed,0,0,,http_manifest,known,403,manifest,"Client error '403 ' for url 'https://openapiproext.bnf.fr/iiif/presentation/v3/ark:/12148/bd6t5136377j/manifest.json'
For more information check: https://developer.mozilla.org/en-US/docs/Web/HTTP/Status/403",2026-07-27T16:13:32.606748
petitmarocain,bd6t5136378x,,failed,0,0,,http_manifest,known,403,manifest,"Client error '403 ' for url 'https://openapiproext.bnf.fr/iiif/presentation/v3/ark:/12148/bd6t5136378x/manifest.json'
For more information check: https://developer.mozilla.org/en-US/docs/Web/HTTP/Status/403",2026-07-27T16:13:33.840953
petitmarocain,bd6t51363799,,failed,0,0,,http_manifest,known,403,manifest,"Client error '403 ' for url 'https://openapiproext.bnf.fr/iiif/presentation/v3/ark:/12148/bd6t51363799/manifest.json'
For more information check: https://developer.mozilla.org/en-US/docs/Web/HTTP/Status/403",2026-07-27T16:13:35.081014
petitmarocain,bd6t51363807,,failed,0,0,,http_manifest,known,403,manifest,"Client error '403 ' for url 'https://openapiproext.bnf.fr/iiif/presentation/v3/ark:/12148/bd6t51363807/manifest.json'
For more information check: https://developer.mozilla.org/en-US/docs/Web/HTTP/Status/403",2026-07-27T16:13:36.518414
petitmarocain,bd6t5136381m,,failed,0,0,,http_manifest,known,403,manifest,"Client error '403 ' for url 'https://openapiproext.bnf.fr/iiif/presentation/v3/ark:/12148/bd6t5136381m/manifest.json'
For more information check: https://developer.mozilla.org/en-US/docs/Web/HTTP/Status/403",2026-07-27T16:13:37.396595
petitmarocain,bd6t51363820,,failed,0,0,,http_manifest,known,403,manifest,"Client error '403 ' for url 'https://openapiproext.bnf.fr/iiif/presentation/v3/ark:/12148/bd6t51363820/manifest.json'
For more information check: https://developer.mozilla.org/en-US/docs/Web/HTTP/Status/403",2026-07-27T16:13:38.632789
petitmarocain,bd6t5136383c,,failed,0,0,,http_manifest,known,403,manifest,"Client error '403 ' for url 'https://openapiproext.bnf.fr/iiif/presentation/v3/ark:/12148/bd6t5136383c/manifest.json'
For more information check: https://developer.mozilla.org/en-US/docs/Web/HTTP/Status/403",2026-07-27T16:13:39.836651
petitmarocain,bd6t5136384r,,failed,0,0,,http_manifest,known,403,manifest,"Client error '403 ' for url 'https://openapiproext.bnf.fr/iiif/presentation/v3/ark:/12148/bd6t5136384r/manifest.json'
For more information check: https://developer.mozilla.org/en-US/docs/Web/HTTP/Status/403",2026-07-27T16:13:41.150778
petitmarocain,bd6t51363854,,failed,0,0,,http_manifest,known,403,manifest,"Client error '403 ' for url 'https://openapiproext.bnf.fr/iiif/presentation/v3/ark:/12148/bd6t51363854/manifest.json'
For more information check: https://developer.mozilla.org/en-US/docs/Web/HTTP/Status/403",2026-07-27T16:13:42.044325
petitmarocain,bd6t5136386h,,failed,0,0,,http_manifest,known,403,manifest,"Client error '403 ' for url 'https://openapiproext.bnf.fr/iiif/presentation/v3/ark:/12148/bd6t5136386h/manifest.json'
For more information check: https://developer.mozilla.org/en-US/docs/Web/HTTP/Status/403",2026-07-27T16:13:43.225111
petitmarocain,bd6t5136387w,,failed,0,0,,http_manifest,known,403,manifest,"Client error '403 ' for url 'https://openapiproext.bnf.fr/iiif/presentation/v3/ark:/12148/bd6t5136387w/manifest.json'
For more information check: https://developer.mozilla.org/en-US/docs/Web/HTTP/Status/403",2026-07-27T16:13:44.415099
petitmarocain,bd6t51363888,,failed,0,0,,http_manifest,known,403,manifest,"Client error '403 ' for url 'https://openapiproext.bnf.fr/iiif/presentation/v3/ark:/12148/bd6t51363888/manifest.json'
For more information check: https://developer.mozilla.org/en-US/docs/Web/HTTP/Status/403",2026-07-27T16:13:45.633160
petitmarocain,bd6t5136389n,,failed,0,0,,http_manifest,known,403,manifest,"Client error '403 ' for url 'https://openapiproext.bnf.fr/iiif/presentation/v3/ark:/12148/bd6t5136389n/manifest.json'
For more information check: https://developer.mozilla.org/en-US/docs/Web/HTTP/Status/403",2026-07-27T16:13:46.818865
petitmarocain,bd6t5136390k,,failed,0,0,,http_manifest,known,403,manifest,"Client error '403 ' for url 'https://openapiproext.bnf.fr/iiif/presentation/v3/ark:/12148/bd6t5136390k/manifest.json'
For more information check: https://developer.mozilla.org/en-US/docs/Web/HTTP/Status/403",2026-07-27T16:13:48.026716
petitmarocain,bd6t5136391z,,failed,0,0,,http_manifest,known,403,manifest,"Client error '403 ' for url 'https://openapiproext.bnf.fr/iiif/presentation/v3/ark:/12148/bd6t5136391z/manifest.json'
For more information check: https://developer.mozilla.org/en-US/docs/Web/HTTP/Status/403",2026-07-27T16:13:49.470289
petitmarocain,bd6t5136392b,,failed,0,0,,http_manifest,known,403,manifest,"Client error '403 ' for url 'https://openapiproext.bnf.fr/iiif/presentation/v3/ark:/12148/bd6t5136392b/manifest.json'
For more information check: https://developer.mozilla.org/en-US/docs/Web/HTTP/Status/403",2026-07-27T16:13:50.757693
petitmarocain,bd6t5136393q,,failed,0,0,,http_manifest,known,403,manifest,"Client error '403 ' for url 'https://openapiproext.bnf.fr/iiif/presentation/v3/ark:/12148/bd6t5136393q/manifest.json'
For more information check: https://developer.mozilla.org/en-US/docs/Web/HTTP/Status/403",2026-07-27T16:13:51.645593
petitmarocain,bd6t51363943,,failed,0,0,,http_manifest,known,403,manifest,"Client error '403 ' for url 'https://openapiproext.bnf.fr/iiif/presentation/v3/ark:/12148/bd6t51363943/manifest.json'
For more information check: https://developer.mozilla.org/en-US/docs/Web/HTTP/Status/403",2026-07-27T16:13:52.836462
petitmarocain,bd6t5136395g,,failed,0,0,,http_manifest,known,403,manifest,"Client error '403 ' for url 'https://openapiproext.bnf.fr/iiif/presentation/v3/ark:/12148/bd6t5136395g/manifest.json'
For more information check: https://developer.mozilla.org/en-US/docs/Web/HTTP/Status/403",2026-07-27T16:13:54.050257
petitmarocain,bd6t5136396v,,failed,0,0,,http_manifest,known,403,manifest,"Client error '403 ' for url 'https://openapiproext.bnf.fr/iiif/presentation/v3/ark:/12148/bd6t5136396v/manifest.json'
For more information check: https://developer.mozilla.org/en-US/docs/Web/HTTP/Status/403",2026-07-27T16:13:55.369570
petitmarocain,bd6t51363977,,failed,0,0,,http_manifest,known,403,manifest,"Client error '403 ' for url 'https://openapiproext.bnf.fr/iiif/presentation/v3/ark:/12148/bd6t51363977/manifest.json'
For more information check: https://developer.mozilla.org/en-US/docs/Web/HTTP/Status/403",2026-07-27T16:13:56.497963
petitmarocain,bd6t5136398m,,failed,0,0,,http_manifest,known,403,manifest,"Client error '403 ' for url 'https://openapiproext.bnf.fr/iiif/presentation/v3/ark:/12148/bd6t5136398m/manifest.json'
For more information check: https://developer.mozilla.org/en-US/docs/Web/HTTP/Status/403",2026-07-27T16:13:57.627925
petitmarocain,bd6t51363990,,failed,0,0,,http_manifest,known,403,manifest,"Client error '403 ' for url 'https://openapiproext.bnf.fr/iiif/presentation/v3/ark:/12148/bd6t51363990/manifest.json'
For more information check: https://developer.mozilla.org/en-US/docs/Web/HTTP/Status/403",2026-07-27T16:13:58.832754
petitmarocain,bd6t5136400s,,failed,0,0,,http_manifest,known,403,manifest,"Client error '403 ' for url 'https://openapiproext.bnf.fr/iiif/presentation/v3/ark:/12148/bd6t5136400s/manifest.json'
For more information check: https://developer.mozilla.org/en-US/docs/Web/HTTP/Status/403",2026-07-27T16:14:00.032622
petitmarocain,bd6t51364015,,failed,0,0,,http_manifest,known,403,manifest,"Client error '403 ' for url 'https://openapiproext.bnf.fr/iiif/presentation/v3/ark:/12148/bd6t51364015/manifest.json'
For more information check: https://developer.mozilla.org/en-US/docs/Web/HTTP/Status/403",2026-07-27T16:14:01.229924
petitmarocain,bd6t5136402j,,failed,0,0,,http_manifest,known,403,manifest,"Client error '403 ' for url 'https://openapiproext.bnf.fr/iiif/presentation/v3/ark:/12148/bd6t5136402j/manifest.json'
For more information check: https://developer.mozilla.org/en-US/docs/Web/HTTP/Status/403",2026-07-27T16:14:02.454991
petitmarocain,bd6t5136403x,,failed,0,0,,http_manifest,known,403,manifest,"Client error '403 ' for url 'https://openapiproext.bnf.fr/iiif/presentation/v3/ark:/12148/bd6t5136403x/manifest.json'
For more information check: https://developer.mozilla.org/en-US/docs/Web/HTTP/Status/403",2026-07-27T16:14:03.630516
petitmarocain,bd6t51364049,,failed,0,0,,http_manifest,known,403,manifest,"Client error '403 ' for url 'https://openapiproext.bnf.fr/iiif/presentation/v3/ark:/12148/bd6t51364049/manifest.json'
For more information check: https://developer.mozilla.org/en-US/docs/Web/HTTP/Status/403",2026-07-27T16:14:04.836881
petitmarocain,bd6t5136405p,,failed,0,0,,http_manifest,known,403,manifest,"Client error '403 ' for url 'https://openapiproext.bnf.fr/iiif/presentation/v3/ark:/12148/bd6t5136405p/manifest.json'
For more information check: https://developer.mozilla.org/en-US/docs/Web/HTTP/Status/403",2026-07-27T16:14:06.039179
petitmarocain,bd6t51364062,,failed,0,0,,http_manifest,known,403,manifest,"Client error '403 ' for url 'https://openapiproext.bnf.fr/iiif/presentation/v3/ark:/12148/bd6t51364062/manifest.json'
For more information check: https://developer.mozilla.org/en-US/docs/Web/HTTP/Status/403",2026-07-27T16:14:07.248074
petitmarocain,bd6t5136407f,,failed,0,0,,http_manifest,known,403,manifest,"Client error '403 ' for url 'https://openapiproext.bnf.fr/iiif/presentation/v3/ark:/12148/bd6t5136407f/manifest.json'
For more information check: https://developer.mozilla.org/en-US/docs/Web/HTTP/Status/403",2026-07-27T16:14:08.440972
petitmarocain,bd6t5136408t,,failed,0,0,,http_manifest,known,403,manifest,"Client error '403 ' for url 'https://openapiproext.bnf.fr/iiif/presentation/v3/ark:/12148/bd6t5136408t/manifest.json'
For more information check: https://developer.mozilla.org/en-US/docs/Web/HTTP/Status/403",2026-07-27T16:14:09.653864
petitmarocain,bd6t51364096,,failed,0,0,,http_manifest,known,403,manifest,"Client error '403 ' for url 'https://openapiproext.bnf.fr/iiif/presentation/v3/ark:/12148/bd6t51364096/manifest.json'
For more information check: https://developer.mozilla.org/en-US/docs/Web/HTTP/Status/403",2026-07-27T16:14:10.841674
petitmarocain,bd6t51364104,,failed,0,0,,http_manifest,known,403,manifest,"Client error '403 ' for url 'https://openapiproext.bnf.fr/iiif/presentation/v3/ark:/12148/bd6t51364104/manifest.json'
For more information check: https://developer.mozilla.org/en-US/docs/Web/HTTP/Status/403",2026-07-27T16:14:12.046753
petitmarocain,bd6t5136411h,,failed,0,0,,http_manifest,known,403,manifest,"Client error '403 ' for url 'https://openapiproext.bnf.fr/iiif/presentation/v3/ark:/12148/bd6t5136411h/manifest.json'
For more information check: https://developer.mozilla.org/en-US/docs/Web/HTTP/Status/403",2026-07-27T16:14:13.245624
petitmarocain,bd6t5136412w,,failed,0,0,,http_manifest,known,403,manifest,"Client error '403 ' for url 'https://openapiproext.bnf.fr/iiif/presentation/v3/ark:/12148/bd6t5136412w/manifest.json'
For more information check: https://developer.mozilla.org/en-US/docs/Web/HTTP/Status/403",2026-07-27T16:14:14.462723
petitmarocain,bd6t51364138,,failed,0,0,,http_manifest,known,403,manifest,"Client error '403 ' for url 'https://openapiproext.bnf.fr/iiif/presentation/v3/ark:/12148/bd6t51364138/manifest.json'
For more information check: https://developer.mozilla.org/en-US/docs/Web/HTTP/Status/403",2026-07-27T16:14:15.660578
petitmarocain,bd6t5136414n,,failed,0,0,,http_manifest,known,403,manifest,"Client error '403 ' for url 'https://openapiproext.bnf.fr/iiif/presentation/v3/ark:/12148/bd6t5136414n/manifest.json'
For more information check: https://developer.mozilla.org/en-US/docs/Web/HTTP/Status/403",2026-07-27T16:14:16.854744
petitmarocain,bd6t51364151,,failed,0,0,,http_manifest,known,403,manifest,"Client error '403 ' for url 'https://openapiproext.bnf.fr/iiif/presentation/v3/ark:/12148/bd6t51364151/manifest.json'
For more information check: https://developer.mozilla.org/en-US/docs/Web/HTTP/Status/403",2026-07-27T16:14:18.056637
petitmarocain,bd6t5136416d,,failed,0,0,,http_manifest,known,403,manifest,"Client error '403 ' for url 'https://openapiproext.bnf.fr/iiif/presentation/v3/ark:/12148/bd6t5136416d/manifest.json'
For more information check: https://developer.mozilla.org/en-US/docs/Web/HTTP/Status/403",2026-07-27T16:14:19.267890
petitmarocain,bd6t5136417s,,failed,0,0,,http_manifest,known,403,manifest,"Client error '403 ' for url 'https://openapiproext.bnf.fr/iiif/presentation/v3/ark:/12148/bd6t5136417s/manifest.json'
For more information check: https://developer.mozilla.org/en-US/docs/Web/HTTP/Status/403",2026-07-27T16:14:20.477992
petitmarocain,bd6t51364185,,failed,0,0,,http_manifest,known,403,manifest,"Client error '403 ' for url 'https://openapiproext.bnf.fr/iiif/presentation/v3/ark:/12148/bd6t51364185/manifest.json'
For more information check: https://developer.mozilla.org/en-US/docs/Web/HTTP/Status/403",2026-07-27T16:14:21.668695
petitmarocain,bd6t5136419j,,failed,0,0,,http_manifest,known,403,manifest,"Client error '403 ' for url 'https://openapiproext.bnf.fr/iiif/presentation/v3/ark:/12148/bd6t5136419j/manifest.json'
For more information check: https://developer.mozilla.org/en-US/docs/Web/HTTP/Status/403",2026-07-27T16:14:22.867381
petitmarocain,bd6t5136420g,,failed,0,0,,http_manifest,known,403,manifest,"Client error '403 ' for url 'https://openapiproext.bnf.fr/iiif/presentation/v3/ark:/12148/bd6t5136420g/manifest.json'
For more information check: https://developer.mozilla.org/en-US/docs/Web/HTTP/Status/403",2026-07-27T16:14:24.064037
petitmarocain,bd6t5136421v,,failed,0,0,,http_manifest,known,403,manifest,"Client error '403 ' for url 'https://openapiproext.bnf.fr/iiif/presentation/v3/ark:/12148/bd6t5136421v/manifest.json'
For more information check: https://developer.mozilla.org/en-US/docs/Web/HTTP/Status/403",2026-07-27T16:14:25.261625
petitmarocain,bd6t51364227,,failed,0,0,,http_manifest,known,403,manifest,"Client error '403 ' for url 'https://openapiproext.bnf.fr/iiif/presentation/v3/ark:/12148/bd6t51364227/manifest.json'
For more information check: https://developer.mozilla.org/en-US/docs/Web/HTTP/Status/403",2026-07-27T16:14:26.491505
petitmarocain,bd6t5136423m,,failed,0,0,,http_manifest,known,403,manifest,"Client error '403 ' for url 'https://openapiproext.bnf.fr/iiif/presentation/v3/ark:/12148/bd6t5136423m/manifest.json'
For more information check: https://developer.mozilla.org/en-US/docs/Web/HTTP/Status/403",2026-07-27T16:14:27.672544
petitmarocain,bd6t51364240,,failed,0,0,,http_manifest,known,403,manifest,"Client error '403 ' for url 'https://openapiproext.bnf.fr/iiif/presentation/v3/ark:/12148/bd6t51364240/manifest.json'
For more information check: https://developer.mozilla.org/en-US/docs/Web/HTTP/Status/403",2026-07-27T16:14:28.872931
petitmarocain,bd6t5136425c,,failed,0,0,,http_manifest,known,403,manifest,"Client error '403 ' for url 'https://openapiproext.bnf.fr/iiif/presentation/v3/ark:/12148/bd6t5136425c/manifest.json'
For more information check: https://developer.mozilla.org/en-US/docs/Web/HTTP/Status/403",2026-07-27T16:14:30.072963
petitmarocain,bd6t5136426r,,failed,0,0,,http_manifest,known,403,manifest,"Client error '403 ' for url 'https://openapiproext.bnf.fr/iiif/presentation/v3/ark:/12148/bd6t5136426r/manifest.json'
For more information check: https://developer.mozilla.org/en-US/docs/Web/HTTP/Status/403",2026-07-27T16:14:31.272307
petitmarocain,bd6t51364274,,failed,0,0,,http_manifest,known,403,manifest,"Client error '403 ' for url 'https://openapiproext.bnf.fr/iiif/presentation/v3/ark:/12148/bd6t51364274/manifest.json'
For more information check: https://developer.mozilla.org/en-US/docs/Web/HTTP/Status/403",2026-07-27T16:14:32.490713
petitmarocain,bd6t5136428h,,failed,0,0,,http_manifest,known,403,manifest,"Client error '403 ' for url 'https://openapiproext.bnf.fr/iiif/presentation/v3/ark:/12148/bd6t5136428h/manifest.json'
For more information check: https://developer.mozilla.org/en-US/docs/Web/HTTP/Status/403",2026-07-27T16:14:33.697513
petitmarocain,bd6t5136429w,,failed,0,0,,http_manifest,known,403,manifest,"Client error '403 ' for url 'https://openapiproext.bnf.fr/iiif/presentation/v3/ark:/12148/bd6t5136429w/manifest.json'
For more information check: https://developer.mozilla.org/en-US/docs/Web/HTTP/Status/403",2026-07-27T16:14:34.881036
petitmarocain,bd6t5136430t,,failed,0,0,,http_manifest,known,403,manifest,"Client error '403 ' for url 'https://openapiproext.bnf.fr/iiif/presentation/v3/ark:/12148/bd6t5136430t/manifest.json'
For more information check: https://developer.mozilla.org/en-US/docs/Web/HTTP/Status/403",2026-07-27T16:14:36.089276
petitmarocain,bd6t51364316,,failed,0,0,,http_manifest,known,403,manifest,"Client error '403 ' for url 'https://openapiproext.bnf.fr/iiif/presentation/v3/ark:/12148/bd6t51364316/manifest.json'
For more information check: https://developer.mozilla.org/en-US/docs/Web/HTTP/Status/403",2026-07-27T16:14:37.283180
petitmarocain,bd6t5136432k,,failed,0,0,,http_manifest,known,403,manifest,"Client error '403 ' for url 'https://openapiproext.bnf.fr/iiif/presentation/v3/ark:/12148/bd6t5136432k/manifest.json'
For more information check: https://developer.mozilla.org/en-US/docs/Web/HTTP/Status/403",2026-07-27T16:14:38.730160
petitmarocain,bd6t5136433z,,failed,0,0,,http_manifest,known,403,manifest,"Client error '403 ' for url 'https://openapiproext.bnf.fr/iiif/presentation/v3/ark:/12148/bd6t5136433z/manifest.json'
For more information check: https://developer.mozilla.org/en-US/docs/Web/HTTP/Status/403",2026-07-27T16:14:39.689092
petitmarocain,bd6t5136434b,,failed,0,0,,http_manifest,known,403,manifest,"Client error '403 ' for url 'https://openapiproext.bnf.fr/iiif/presentation/v3/ark:/12148/bd6t5136434b/manifest.json'
For more information check: https://developer.mozilla.org/en-US/docs/Web/HTTP/Status/403",2026-07-27T16:14:40.990066
petitmarocain,bd6t5136435q,,failed,0,0,,http_manifest,known,403,manifest,"Client error '403 ' for url 'https://openapiproext.bnf.fr/iiif/presentation/v3/ark:/12148/bd6t5136435q/manifest.json'
For more information check: https://developer.mozilla.org/en-US/docs/Web/HTTP/Status/403",2026-07-27T16:14:42.096408
petitmarocain,bd6t51364363,,failed,0,0,,http_manifest,known,403,manifest,"Client error '403 ' for url 'https://openapiproext.bnf.fr/iiif/presentation/v3/ark:/12148/bd6t51364363/manifest.json'
For more information check: https://developer.mozilla.org/en-US/docs/Web/HTTP/Status/403",2026-07-27T16:14:43.312733
petitmarocain,bd6t5136437g,,failed,0,0,,http_manifest,known,403,manifest,"Client error '403 ' for url 'https://openapiproext.bnf.fr/iiif/presentation/v3/ark:/12148/bd6t5136437g/manifest.json'
For more information check: https://developer.mozilla.org/en-US/docs/Web/HTTP/Status/403",2026-07-27T16:14:44.656268
petitmarocain,bd6t5136438v,,failed,0,0,,http_manifest,known,403,manifest,"Client error '403 ' for url 'https://openapiproext.bnf.fr/iiif/presentation/v3/ark:/12148/bd6t5136438v/manifest.json'
For more information check: https://developer.mozilla.org/en-US/docs/Web/HTTP/Status/403",2026-07-27T16:14:45.853065
petitmarocain,bd6t51364397,,failed,0,0,,http_manifest,known,403,manifest,"Client error '403 ' for url 'https://openapiproext.bnf.fr/iiif/presentation/v3/ark:/12148/bd6t51364397/manifest.json'
For more information check: https://developer.mozilla.org/en-US/docs/Web/HTTP/Status/403",2026-07-27T16:14:47.131062
petitmarocain,bd6t51364405,,failed,0,0,,http_manifest,known,403,manifest,"Client error '403 ' for url 'https://openapiproext.bnf.fr/iiif/presentation/v3/ark:/12148/bd6t51364405/manifest.json'
For more information check: https://developer.mozilla.org/en-US/docs/Web/HTTP/Status/403",2026-07-27T16:14:48.222080
petitmarocain,bd6t5136441j,,failed,0,0,,http_manifest,known,403,manifest,"Client error '403 ' for url 'https://openapiproext.bnf.fr/iiif/presentation/v3/ark:/12148/bd6t5136441j/manifest.json'
For more information check: https://developer.mozilla.org/en-US/docs/Web/HTTP/Status/403",2026-07-27T16:14:49.456783
petitmarocain,bd6t5136442x,,failed,0,0,,http_manifest,known,403,manifest,"Client error '403 ' for url 'https://openapiproext.bnf.fr/iiif/presentation/v3/ark:/12148/bd6t5136442x/manifest.json'
For more information check: https://developer.mozilla.org/en-US/docs/Web/HTTP/Status/403",2026-07-27T16:14:50.528709
petitmarocain,bd6t51364439,,failed,0,0,,http_manifest,known,403,manifest,"Client error '403 ' for url 'https://openapiproext.bnf.fr/iiif/presentation/v3/ark:/12148/bd6t51364439/manifest.json'
For more information check: https://developer.mozilla.org/en-US/docs/Web/HTTP/Status/403",2026-07-27T16:14:51.904972
petitmarocain,bd6t5136444p,,failed,0,0,,http_manifest,known,403,manifest,"Client error '403 ' for url 'https://openapiproext.bnf.fr/iiif/presentation/v3/ark:/12148/bd6t5136444p/manifest.json'
For more information check: https://developer.mozilla.org/en-US/docs/Web/HTTP/Status/403",2026-07-27T16:14:53.063976
petitmarocain,bd6t5136264r,,failed,0,0,,http_manifest,known,403,manifest,"Client error '403 ' for url 'https://openapiproext.bnf.fr/iiif/presentation/v3/ark:/12148/bd6t5136264r/manifest.json'
For more information check: https://developer.mozilla.org/en-US/docs/Web/HTTP/Status/403",2026-07-27T16:14:54.339914
petitmarocain,bd6t51362654,,failed,0,0,,http_manifest,known,403,manifest,"Client error '403 ' for url 'https://openapiproext.bnf.fr/iiif/presentation/v3/ark:/12148/bd6t51362654/manifest.json'
For more information check: https://developer.mozilla.org/en-US/docs/Web/HTTP/Status/403",2026-07-27T16:14:55.307839
petitmarocain,bd6t5136266h,,failed,0,0,,http_manifest,known,403,manifest,"Client error '403 ' for url 'https://openapiproext.bnf.fr/iiif/presentation/v3/ark:/12148/bd6t5136266h/manifest.json'
For more information check: https://developer.mozilla.org/en-US/docs/Web/HTTP/Status/403",2026-07-27T16:14:56.534129
petitmarocain,bd6t5136267w,,failed,0,0,,http_manifest,known,403,manifest,"Client error '403 ' for url 'https://openapiproext.bnf.fr/iiif/presentation/v3/ark:/12148/bd6t5136267w/manifest.json'
For more information check: https://developer.mozilla.org/en-US/docs/Web/HTTP/Status/403",2026-07-27T16:14:57.711120
petitmarocain,bd6t51362688,,failed,0,0,,http_manifest,known,403,manifest,"Client error '403 ' for url 'https://openapiproext.bnf.fr/iiif/presentation/v3/ark:/12148/bd6t51362688/manifest.json'
For more information check: https://developer.mozilla.org/en-US/docs/Web/HTTP/Status/403",2026-07-27T16:14:58.918677
petitmarocain,bd6t5136269n,,failed,0,0,,http_manifest,known,403,manifest,"Client error '403 ' for url 'https://openapiproext.bnf.fr/iiif/presentation/v3/ark:/12148/bd6t5136269n/manifest.json'
For more information check: https://developer.mozilla.org/en-US/docs/Web/HTTP/Status/403",2026-07-27T16:15:00.116200
petitmarocain,bd6t5136270k,,failed,0,0,,http_manifest,known,403,manifest,"Client error '403 ' for url 'https://openapiproext.bnf.fr/iiif/presentation/v3/ark:/12148/bd6t5136270k/manifest.json'
For more information check: https://developer.mozilla.org/en-US/docs/Web/HTTP/Status/403",2026-07-27T16:15:01.353295
petitmarocain,bd6t5136271z,,failed,0,0,,http_manifest,known,403,manifest,"Client error '403 ' for url 'https://openapiproext.bnf.fr/iiif/presentation/v3/ark:/12148/bd6t5136271z/manifest.json'
For more information check: https://developer.mozilla.org/en-US/docs/Web/HTTP/Status/403",2026-07-27T16:15:02.524055
petitmarocain,bd6t5136272b,,failed,0,0,,http_manifest,known,403,manifest,"Client error '403 ' for url 'https://openapiproext.bnf.fr/iiif/presentation/v3/ark:/12148/bd6t5136272b/manifest.json'
For more information check: https://developer.mozilla.org/en-US/docs/Web/HTTP/Status/403",2026-07-27T16:15:03.715492
petitmarocain,bd6t5136273q,,failed,0,0,,http_manifest,known,403,manifest,"Client error '403 ' for url 'https://openapiproext.bnf.fr/iiif/presentation/v3/ark:/12148/bd6t5136273q/manifest.json'
For more information check: https://developer.mozilla.org/en-US/docs/Web/HTTP/Status/403",2026-07-27T16:15:04.912344
petitmarocain,bd6t51362743,,failed,0,0,,http_manifest,known,403,manifest,"Client error '403 ' for url 'https://openapiproext.bnf.fr/iiif/presentation/v3/ark:/12148/bd6t51362743/manifest.json'
For more information check: https://developer.mozilla.org/en-US/docs/Web/HTTP/Status/403",2026-07-27T16:15:06.125065
petitmarocain,bd6t5136275g,,failed,0,0,,http_manifest,known,403,manifest,"Client error '403 ' for url 'https://openapiproext.bnf.fr/iiif/presentation/v3/ark:/12148/bd6t5136275g/manifest.json'
For more information check: https://developer.mozilla.org/en-US/docs/Web/HTTP/Status/403",2026-07-27T16:15:07.358055
petitmarocain,bd6t5136276v,,failed,0,0,,http_manifest,known,403,manifest,"Client error '403 ' for url 'https://openapiproext.bnf.fr/iiif/presentation/v3/ark:/12148/bd6t5136276v/manifest.json'
For more information check: https://developer.mozilla.org/en-US/docs/Web/HTTP/Status/403",2026-07-27T16:15:08.538994
petitmarocain,bd6t51362777,,failed,0,0,,http_manifest,known,403,manifest,"Client error '403 ' for url 'https://openapiproext.bnf.fr/iiif/presentation/v3/ark:/12148/bd6t51362777/manifest.json'
For more information check: https://developer.mozilla.org/en-US/docs/Web/HTTP/Status/403",2026-07-27T16:15:09.727010
petitmarocain,bd6t5136278m,,failed,0,0,,http_manifest,known,403,manifest,"Client error '403 ' for url 'https://openapiproext.bnf.fr/iiif/presentation/v3/ark:/12148/bd6t5136278m/manifest.json'
For more information check: https://developer.mozilla.org/en-US/docs/Web/HTTP/Status/403",2026-07-27T16:15:10.929884
petitmarocain,bd6t51362790,,failed,0,0,,http_manifest,known,403,manifest,"Client error '403 ' for url 'https://openapiproext.bnf.fr/iiif/presentation/v3/ark:/12148/bd6t51362790/manifest.json'
For more information check: https://developer.mozilla.org/en-US/docs/Web/HTTP/Status/403",2026-07-27T16:15:12.124044
petitmarocain,bd6t5136280x,,failed,0,0,,http_manifest,known,403,manifest,"Client error '403 ' for url 'https://openapiproext.bnf.fr/iiif/presentation/v3/ark:/12148/bd6t5136280x/manifest.json'
For more information check: https://developer.mozilla.org/en-US/docs/Web/HTTP/Status/403",2026-07-27T16:15:13.355364
petitmarocain,bd6t51362819,,failed,0,0,,http_manifest,known,403,manifest,"Client error '403 ' for url 'https://openapiproext.bnf.fr/iiif/presentation/v3/ark:/12148/bd6t51362819/manifest.json'
For more information check: https://developer.mozilla.org/en-US/docs/Web/HTTP/Status/403",2026-07-27T16:15:14.533426
petitmarocain,bd6t5136282p,,failed,0,0,,http_manifest,known,403,manifest,"Client error '403 ' for url 'https://openapiproext.bnf.fr/iiif/presentation/v3/ark:/12148/bd6t5136282p/manifest.json'
For more information check: https://developer.mozilla.org/en-US/docs/Web/HTTP/Status/403",2026-07-27T16:15:15.848723
petitmarocain,bd6t51362832,,failed,0,0,,http_manifest,known,403,manifest,"Client error '403 ' for url 'https://openapiproext.bnf.fr/iiif/presentation/v3/ark:/12148/bd6t51362832/manifest.json'
For more information check: https://developer.mozilla.org/en-US/docs/Web/HTTP/Status/403",2026-07-27T16:15:16.933881
petitmarocain,bd6t5136284f,,failed,0,0,,http_manifest,known,403,manifest,"Client error '403 ' for url 'https://openapiproext.bnf.fr/iiif/presentation/v3/ark:/12148/bd6t5136284f/manifest.json'
For more information check: https://developer.mozilla.org/en-US/docs/Web/HTTP/Status/403",2026-07-27T16:15:18.166123
petitmarocain,bd6t5136285t,,failed,0,0,,http_manifest,known,403,manifest,"Client error '403 ' for url 'https://openapiproext.bnf.fr/iiif/presentation/v3/ark:/12148/bd6t5136285t/manifest.json'
For more information check: https://developer.mozilla.org/en-US/docs/Web/HTTP/Status/403",2026-07-27T16:15:19.338204
petitmarocain,bd6t51362866,,failed,0,0,,http_manifest,known,403,manifest,"Client error '403 ' for url 'https://openapiproext.bnf.fr/iiif/presentation/v3/ark:/12148/bd6t51362866/manifest.json'
For more information check: https://developer.mozilla.org/en-US/docs/Web/HTTP/Status/403",2026-07-27T16:15:20.540036
petitmarocain,bd6t5136287k,,failed,0,0,,http_manifest,known,403,manifest,"Client error '403 ' for url 'https://openapiproext.bnf.fr/iiif/presentation/v3/ark:/12148/bd6t5136287k/manifest.json'
For more information check: https://developer.mozilla.org/en-US/docs/Web/HTTP/Status/403",2026-07-27T16:15:21.745838
petitmarocain,bd6t5136288z,,failed,0,0,,http_manifest,known,403,manifest,"Client error '403 ' for url 'https://openapiproext.bnf.fr/iiif/presentation/v3/ark:/12148/bd6t5136288z/manifest.json'
For more information check: https://developer.mozilla.org/en-US/docs/Web/HTTP/Status/403",2026-07-27T16:15:22.943968
petitmarocain,bd6t5136289b,,failed,0,0,,http_manifest,known,403,manifest,"Client error '403 ' for url 'https://openapiproext.bnf.fr/iiif/presentation/v3/ark:/12148/bd6t5136289b/manifest.json'
For more information check: https://developer.mozilla.org/en-US/docs/Web/HTTP/Status/403",2026-07-27T16:15:24.145544
petitmarocain,bd6t51362908,,failed,0,0,,http_manifest,known,403,manifest,"Client error '403 ' for url 'https://openapiproext.bnf.fr/iiif/presentation/v3/ark:/12148/bd6t51362908/manifest.json'
For more information check: https://developer.mozilla.org/en-US/docs/Web/HTTP/Status/403",2026-07-27T16:15:25.380500
petitmarocain,bd6t5136291n,,failed,0,0,,http_manifest,known,403,manifest,"Client error '403 ' for url 'https://openapiproext.bnf.fr/iiif/presentation/v3/ark:/12148/bd6t5136291n/manifest.json'
For more information check: https://developer.mozilla.org/en-US/docs/Web/HTTP/Status/403",2026-07-27T16:15:26.554676
petitmarocain,bd6t51362921,,failed,0,0,,http_manifest,known,403,manifest,"Client error '403 ' for url 'https://openapiproext.bnf.fr/iiif/presentation/v3/ark:/12148/bd6t51362921/manifest.json'
For more information check: https://developer.mozilla.org/en-US/docs/Web/HTTP/Status/403",2026-07-27T16:15:27.753648
petitmarocain,bd6t5136293d,,failed,0,0,,http_manifest,known,403,manifest,"Client error '403 ' for url 'https://openapiproext.bnf.fr/iiif/presentation/v3/ark:/12148/bd6t5136293d/manifest.json'
For more information check: https://developer.mozilla.org/en-US/docs/Web/HTTP/Status/403",2026-07-27T16:15:28.952407
petitmarocain,bd6t5136294s,,failed,0,0,,http_manifest,known,403,manifest,"Client error '403 ' for url 'https://openapiproext.bnf.fr/iiif/presentation/v3/ark:/12148/bd6t5136294s/manifest.json'
For more information check: https://developer.mozilla.org/en-US/docs/Web/HTTP/Status/403",2026-07-27T16:15:30.325992
petitmarocain,bd6t51362955,,failed,0,0,,http_manifest,known,403,manifest,"Client error '403 ' for url 'https://openapiproext.bnf.fr/iiif/presentation/v3/ark:/12148/bd6t51362955/manifest.json'
For more information check: https://developer.mozilla.org/en-US/docs/Web/HTTP/Status/403",2026-07-27T16:15:31.363765
petitmarocain,bd6t5136296j,,failed,0,0,,http_manifest,known,403,manifest,"Client error '403 ' for url 'https://openapiproext.bnf.fr/iiif/presentation/v3/ark:/12148/bd6t5136296j/manifest.json'
For more information check: https://developer.mozilla.org/en-US/docs/Web/HTTP/Status/403",2026-07-27T16:15:32.778771
petitmarocain,bd6t5136297x,,failed,0,0,,http_manifest,known,403,manifest,"Client error '403 ' for url 'https://openapiproext.bnf.fr/iiif/presentation/v3/ark:/12148/bd6t5136297x/manifest.json'
For more information check: https://developer.mozilla.org/en-US/docs/Web/HTTP/Status/403",2026-07-27T16:15:33.935764
petitmarocain,bd6t51362989,,failed,0,0,,http_manifest,known,403,manifest,"Client error '403 ' for url 'https://openapiproext.bnf.fr/iiif/presentation/v3/ark:/12148/bd6t51362989/manifest.json'
For more information check: https://developer.mozilla.org/en-US/docs/Web/HTTP/Status/403",2026-07-27T16:15:35.503363
petitmarocain,bd6t5136299p,,failed,0,0,,http_manifest,known,403,manifest,"Client error '403 ' for url 'https://openapiproext.bnf.fr/iiif/presentation/v3/ark:/12148/bd6t5136299p/manifest.json'
For more information check: https://developer.mozilla.org/en-US/docs/Web/HTTP/Status/403",2026-07-27T16:15:36.172916
petitmarocain,bd6t5136300g,,failed,0,0,,http_manifest,known,403,manifest,"Client error '403 ' for url 'https://openapiproext.bnf.fr/iiif/presentation/v3/ark:/12148/bd6t5136300g/manifest.json'
For more information check: https://developer.mozilla.org/en-US/docs/Web/HTTP/Status/403",2026-07-27T16:15:37.483448
petitmarocain,bd6t5136301v,,failed,0,0,,http_manifest,known,403,manifest,"Client error '403 ' for url 'https://openapiproext.bnf.fr/iiif/presentation/v3/ark:/12148/bd6t5136301v/manifest.json'
For more information check: https://developer.mozilla.org/en-US/docs/Web/HTTP/Status/403",2026-07-27T16:15:38.621719
petitmarocain,bd6t51363027,,failed,0,0,,http_manifest,known,403,manifest,"Client error '403 ' for url 'https://openapiproext.bnf.fr/iiif/presentation/v3/ark:/12148/bd6t51363027/manifest.json'
For more information check: https://developer.mozilla.org/en-US/docs/Web/HTTP/Status/403",2026-07-27T16:15:39.817080
petitmarocain,bd6t5136303m,,failed,0,0,,http_manifest,known,403,manifest,"Client error '403 ' for url 'https://openapiproext.bnf.fr/iiif/presentation/v3/ark:/12148/bd6t5136303m/manifest.json'
For more information check: https://developer.mozilla.org/en-US/docs/Web/HTTP/Status/403",2026-07-27T16:15:40.970994
petitmarocain,bd6t51363040,,failed,0,0,,http_manifest,known,403,manifest,"Client error '403 ' for url 'https://openapiproext.bnf.fr/iiif/presentation/v3/ark:/12148/bd6t51363040/manifest.json'
For more information check: https://developer.mozilla.org/en-US/docs/Web/HTTP/Status/403",2026-07-27T16:15:42.180748
petitmarocain,bd6t5136305c,,failed,0,0,,http_manifest,known,403,manifest,"Client error '403 ' for url 'https://openapiproext.bnf.fr/iiif/presentation/v3/ark:/12148/bd6t5136305c/manifest.json'
For more information check: https://developer.mozilla.org/en-US/docs/Web/HTTP/Status/403",2026-07-27T16:15:43.551847
petitmarocain,bd6t5136306r,,failed,0,0,,http_manifest,known,403,manifest,"Client error '403 ' for url 'https://openapiproext.bnf.fr/iiif/presentation/v3/ark:/12148/bd6t5136306r/manifest.json'
For more information check: https://developer.mozilla.org/en-US/docs/Web/HTTP/Status/403",2026-07-27T16:15:44.576984
petitmarocain,bd6t51363074,,failed,0,0,,http_manifest,known,403,manifest,"Client error '403 ' for url 'https://openapiproext.bnf.fr/iiif/presentation/v3/ark:/12148/bd6t51363074/manifest.json'
For more information check: https://developer.mozilla.org/en-US/docs/Web/HTTP/Status/403",2026-07-27T16:15:45.788476
petitmarocain,bd6t5136308h,,failed,0,0,,http_manifest,known,403,manifest,"Client error '403 ' for url 'https://openapiproext.bnf.fr/iiif/presentation/v3/ark:/12148/bd6t5136308h/manifest.json'
For more information check: https://developer.mozilla.org/en-US/docs/Web/HTTP/Status/403",2026-07-27T16:15:47.165843
petitmarocain,bd6t5136309w,,failed,0,0,,http_manifest,known,403,manifest,"Client error '403 ' for url 'https://openapiproext.bnf.fr/iiif/presentation/v3/ark:/12148/bd6t5136309w/manifest.json'
For more information check: https://developer.mozilla.org/en-US/docs/Web/HTTP/Status/403",2026-07-27T16:15:48.189466
petitmarocain,bd6t5136310t,,failed,0,0,,http_manifest,known,403,manifest,"Client error '403 ' for url 'https://openapiproext.bnf.fr/iiif/presentation/v3/ark:/12148/bd6t5136310t/manifest.json'
For more information check: https://developer.mozilla.org/en-US/docs/Web/HTTP/Status/403",2026-07-27T16:15:49.381886
petitmarocain,bd6t51363116,,failed,0,0,,http_manifest,known,403,manifest,"Client error '403 ' for url 'https://openapiproext.bnf.fr/iiif/presentation/v3/ark:/12148/bd6t51363116/manifest.json'
For more information check: https://developer.mozilla.org/en-US/docs/Web/HTTP/Status/403",2026-07-27T16:15:50.600589
petitmarocain,bd6t5136312k,,failed,0,0,,http_manifest,known,403,manifest,"Client error '403 ' for url 'https://openapiproext.bnf.fr/iiif/presentation/v3/ark:/12148/bd6t5136312k/manifest.json'
For more information check: https://developer.mozilla.org/en-US/docs/Web/HTTP/Status/403",2026-07-27T16:15:52.000695
petitmarocain,bd6t5136313z,,failed,0,0,,http_manifest,known,403,manifest,"Client error '403 ' for url 'https://openapiproext.bnf.fr/iiif/presentation/v3/ark:/12148/bd6t5136313z/manifest.json'
For more information check: https://developer.mozilla.org/en-US/docs/Web/HTTP/Status/403",2026-07-27T16:15:53.141443
petitmarocain,bd6t5136314b,,failed,0,0,,http_manifest,known,403,manifest,"Client error '403 ' for url 'https://openapiproext.bnf.fr/iiif/presentation/v3/ark:/12148/bd6t5136314b/manifest.json'
For more information check: https://developer.mozilla.org/en-US/docs/Web/HTTP/Status/403",2026-07-27T16:15:54.193135
petitmarocain,bd6t5136315q,,failed,0,0,,http_manifest,known,403,manifest,"Client error '403 ' for url 'https://openapiproext.bnf.fr/iiif/presentation/v3/ark:/12148/bd6t5136315q/manifest.json'
For more information check: https://developer.mozilla.org/en-US/docs/Web/HTTP/Status/403",2026-07-27T16:15:55.427994
petitmarocain,bd6t51363163,,failed,0,0,,http_manifest,known,403,manifest,"Client error '403 ' for url 'https://openapiproext.bnf.fr/iiif/presentation/v3/ark:/12148/bd6t51363163/manifest.json'
For more information check: https://developer.mozilla.org/en-US/docs/Web/HTTP/Status/403",2026-07-27T16:15:56.596253
petitmarocain,bd6t5136317g,,failed,0,0,,http_manifest,known,403,manifest,"Client error '403 ' for url 'https://openapiproext.bnf.fr/iiif/presentation/v3/ark:/12148/bd6t5136317g/manifest.json'
For more information check: https://developer.mozilla.org/en-US/docs/Web/HTTP/Status/403",2026-07-27T16:15:57.806969
petitmarocain,bd6t5136318v,,failed,0,0,,http_manifest,known,403,manifest,"Client error '403 ' for url 'https://openapiproext.bnf.fr/iiif/presentation/v3/ark:/12148/bd6t5136318v/manifest.json'
For more information check: https://developer.mozilla.org/en-US/docs/Web/HTTP/Status/403",2026-07-27T16:15:59.001130
petitmarocain,bd6t51363197,,failed,0,0,,http_manifest,known,403,manifest,"Client error '403 ' for url 'https://openapiproext.bnf.fr/iiif/presentation/v3/ark:/12148/bd6t51363197/manifest.json'
For more information check: https://developer.mozilla.org/en-US/docs/Web/HTTP/Status/403",2026-07-27T16:16:00.202203
petitmarocain,bd6t51363205,,failed,0,0,,http_manifest,known,403,manifest,"Client error '403 ' for url 'https://openapiproext.bnf.fr/iiif/presentation/v3/ark:/12148/bd6t51363205/manifest.json'
For more information check: https://developer.mozilla.org/en-US/docs/Web/HTTP/Status/403",2026-07-27T16:16:01.402901
petitmarocain,bd6t5136321j,,failed,0,0,,http_manifest,known,403,manifest,"Client error '403 ' for url 'https://openapiproext.bnf.fr/iiif/presentation/v3/ark:/12148/bd6t5136321j/manifest.json'
For more information check: https://developer.mozilla.org/en-US/docs/Web/HTTP/Status/403",2026-07-27T16:16:02.601696
petitmarocain,bd6t5136322x,,failed,0,0,,http_manifest,known,403,manifest,"Client error '403 ' for url 'https://openapiproext.bnf.fr/iiif/presentation/v3/ark:/12148/bd6t5136322x/manifest.json'
For more information check: https://developer.mozilla.org/en-US/docs/Web/HTTP/Status/403",2026-07-27T16:16:03.802135
petitmarocain,bd6t51363239,,failed,0,0,,http_manifest,known,403,manifest,"Client error '403 ' for url 'https://openapiproext.bnf.fr/iiif/presentation/v3/ark:/12148/bd6t51363239/manifest.json'
For more information check: https://developer.mozilla.org/en-US/docs/Web/HTTP/Status/403",2026-07-27T16:16:05.004959
petitmarocain,bd6t5136324p,,failed,0,0,,http_manifest,known,403,manifest,"Client error '403 ' for url 'https://openapiproext.bnf.fr/iiif/presentation/v3/ark:/12148/bd6t5136324p/manifest.json'
For more information check: https://developer.mozilla.org/en-US/docs/Web/HTTP/Status/403",2026-07-27T16:16:06.208495
petitmarocain,bd6t51363252,,failed,0,0,,http_manifest,known,403,manifest,"Client error '403 ' for url 'https://openapiproext.bnf.fr/iiif/presentation/v3/ark:/12148/bd6t51363252/manifest.json'
For more information check: https://developer.mozilla.org/en-US/docs/Web/HTTP/Status/403",2026-07-27T16:16:07.432407
petitmarocain,bd6t5136326f,,failed,0,0,,http_manifest,known,403,manifest,"Client error '403 ' for url 'https://openapiproext.bnf.fr/iiif/presentation/v3/ark:/12148/bd6t5136326f/manifest.json'
For more information check: https://developer.mozilla.org/en-US/docs/Web/HTTP/Status/403",2026-07-27T16:16:08.604110
petitmarocain,bd6t5136327t,,failed,0,0,,http_manifest,known,403,manifest,"Client error '403 ' for url 'https://openapiproext.bnf.fr/iiif/presentation/v3/ark:/12148/bd6t5136327t/manifest.json'
For more information check: https://developer.mozilla.org/en-US/docs/Web/HTTP/Status/403",2026-07-27T16:16:09.805992
petitmarocain,bd6t51363286,,failed,0,0,,http_manifest,known,403,manifest,"Client error '403 ' for url 'https://openapiproext.bnf.fr/iiif/presentation/v3/ark:/12148/bd6t51363286/manifest.json'
For more information check: https://developer.mozilla.org/en-US/docs/Web/HTTP/Status/403",2026-07-27T16:16:11.013568
petitmarocain,bd6t5136329k,,failed,0,0,,http_manifest,known,403,manifest,"Client error '403 ' for url 'https://openapiproext.bnf.fr/iiif/presentation/v3/ark:/12148/bd6t5136329k/manifest.json'
For more information check: https://developer.mozilla.org/en-US/docs/Web/HTTP/Status/403",2026-07-27T16:16:12.221280
petitmarocain,bd6t5136330h,,failed,0,0,,http_manifest,known,403,manifest,"Client error '403 ' for url 'https://openapiproext.bnf.fr/iiif/presentation/v3/ark:/12148/bd6t5136330h/manifest.json'
For more information check: https://developer.mozilla.org/en-US/docs/Web/HTTP/Status/403",2026-07-27T16:16:13.436392
petitmarocain,bd6t5136331w,,failed,0,0,,http_manifest,known,403,manifest,"Client error '403 ' for url 'https://openapiproext.bnf.fr/iiif/presentation/v3/ark:/12148/bd6t5136331w/manifest.json'
For more information check: https://developer.mozilla.org/en-US/docs/Web/HTTP/Status/403",2026-07-27T16:16:14.628587
petitmarocain,bd6t51363328,,failed,0,0,,http_manifest,known,403,manifest,"Client error '403 ' for url 'https://openapiproext.bnf.fr/iiif/presentation/v3/ark:/12148/bd6t51363328/manifest.json'
For more information check: https://developer.mozilla.org/en-US/docs/Web/HTTP/Status/403",2026-07-27T16:16:15.837768
petitmarocain,bd6t5136333n,,failed,0,0,,http_manifest,known,403,manifest,"Client error '403 ' for url 'https://openapiproext.bnf.fr/iiif/presentation/v3/ark:/12148/bd6t5136333n/manifest.json'
For more information check: https://developer.mozilla.org/en-US/docs/Web/HTTP/Status/403",2026-07-27T16:16:17.022366
petitmarocain,bd6t51363341,,failed,0,0,,http_manifest,known,403,manifest,"Client error '403 ' for url 'https://openapiproext.bnf.fr/iiif/presentation/v3/ark:/12148/bd6t51363341/manifest.json'
For more information check: https://developer.mozilla.org/en-US/docs/Web/HTTP/Status/403",2026-07-27T16:16:18.224695
petitmarocain,bd6t5136335d,,failed,0,0,,http_manifest,known,403,manifest,"Client error '403 ' for url 'https://openapiproext.bnf.fr/iiif/presentation/v3/ark:/12148/bd6t5136335d/manifest.json'
For more information check: https://developer.mozilla.org/en-US/docs/Web/HTTP/Status/403",2026-07-27T16:16:19.423331
petitmarocain,bd6t5136336s,,failed,0,0,,http_manifest,known,403,manifest,"Client error '403 ' for url 'https://openapiproext.bnf.fr/iiif/presentation/v3/ark:/12148/bd6t5136336s/manifest.json'
For more information check: https://developer.mozilla.org/en-US/docs/Web/HTTP/Status/403",2026-07-27T16:16:20.658351
petitmarocain,bd6t51363375,,failed,0,0,,http_manifest,known,403,manifest,"Client error '403 ' for url 'https://openapiproext.bnf.fr/iiif/presentation/v3/ark:/12148/bd6t51363375/manifest.json'
For more information check: https://developer.mozilla.org/en-US/docs/Web/HTTP/Status/403",2026-07-27T16:16:21.827455
petitmarocain,bd6t5136338j,,failed,0,0,,http_manifest,known,403,manifest,"Client error '403 ' for url 'https://openapiproext.bnf.fr/iiif/presentation/v3/ark:/12148/bd6t5136338j/manifest.json'
For more information check: https://developer.mozilla.org/en-US/docs/Web/HTTP/Status/403",2026-07-27T16:16:23.032035
petitmarocain,bd6t5136339x,,failed,0,0,,http_manifest,known,403,manifest,"Client error '403 ' for url 'https://openapiproext.bnf.fr/iiif/presentation/v3/ark:/12148/bd6t5136339x/manifest.json'
For more information check: https://developer.mozilla.org/en-US/docs/Web/HTTP/Status/403",2026-07-27T16:16:24.232055
petitmarocain,bd6t5136340v,,failed,0,0,,http_manifest,known,403,manifest,"Client error '403 ' for url 'https://openapiproext.bnf.fr/iiif/presentation/v3/ark:/12148/bd6t5136340v/manifest.json'
For more information check: https://developer.mozilla.org/en-US/docs/Web/HTTP/Status/403",2026-07-27T16:16:25.449471
petitmarocain,bd6t51363417,,failed,0,0,,http_manifest,known,403,manifest,"Client error '403 ' for url 'https://openapiproext.bnf.fr/iiif/presentation/v3/ark:/12148/bd6t51363417/manifest.json'
For more information check: https://developer.mozilla.org/en-US/docs/Web/HTTP/Status/403",2026-07-27T16:16:26.639052
petitmarocain,bd6t5136342m,,failed,0,0,,http_manifest,known,403,manifest,"Client error '403 ' for url 'https://openapiproext.bnf.fr/iiif/presentation/v3/ark:/12148/bd6t5136342m/manifest.json'
For more information check: https://developer.mozilla.org/en-US/docs/Web/HTTP/Status/403",2026-07-27T16:16:27.831489
petitmarocain,bd6t51363430,,failed,0,0,,http_manifest,known,403,manifest,"Client error '403 ' for url 'https://openapiproext.bnf.fr/iiif/presentation/v3/ark:/12148/bd6t51363430/manifest.json'
For more information check: https://developer.mozilla.org/en-US/docs/Web/HTTP/Status/403",2026-07-27T16:16:29.044440
petitmarocain,bd6t5136344c,,failed,0,0,,http_manifest,known,403,manifest,"Client error '403 ' for url 'https://openapiproext.bnf.fr/iiif/presentation/v3/ark:/12148/bd6t5136344c/manifest.json'
For more information check: https://developer.mozilla.org/en-US/docs/Web/HTTP/Status/403",2026-07-27T16:16:30.323929
petitmarocain,bd6t5136345r,,failed,0,0,,http_manifest,known,403,manifest,"Client error '403 ' for url 'https://openapiproext.bnf.fr/iiif/presentation/v3/ark:/12148/bd6t5136345r/manifest.json'
For more information check: https://developer.mozilla.org/en-US/docs/Web/HTTP/Status/403",2026-07-27T16:16:31.466003
petitmarocain,bd6t51363464,,failed,0,0,,http_manifest,known,403,manifest,"Client error '403 ' for url 'https://openapiproext.bnf.fr/iiif/presentation/v3/ark:/12148/bd6t51363464/manifest.json'
For more information check: https://developer.mozilla.org/en-US/docs/Web/HTTP/Status/403",2026-07-27T16:16:32.742827
petitmarocain,bd6t5136347h,,failed,0,0,,http_manifest,known,403,manifest,"Client error '403 ' for url 'https://openapiproext.bnf.fr/iiif/presentation/v3/ark:/12148/bd6t5136347h/manifest.json'
For more information check: https://developer.mozilla.org/en-US/docs/Web/HTTP/Status/403",2026-07-27T16:16:33.876747
petitmarocain,bd6t5136348w,,failed,0,0,,http_manifest,known,403,manifest,"Client error '403 ' for url 'https://openapiproext.bnf.fr/iiif/presentation/v3/ark:/12148/bd6t5136348w/manifest.json'
For more information check: https://developer.mozilla.org/en-US/docs/Web/HTTP/Status/403",2026-07-27T16:16:35.315971
petitmarocain,bd6t51363498,,failed,0,0,,http_manifest,known,403,manifest,"Client error '403 ' for url 'https://openapiproext.bnf.fr/iiif/presentation/v3/ark:/12148/bd6t51363498/manifest.json'
For more information check: https://developer.mozilla.org/en-US/docs/Web/HTTP/Status/403",2026-07-27T16:16:36.248649
petitmarocain,bd6t51363506,,failed,0,0,,http_manifest,known,403,manifest,"Client error '403 ' for url 'https://openapiproext.bnf.fr/iiif/presentation/v3/ark:/12148/bd6t51363506/manifest.json'
For more information check: https://developer.mozilla.org/en-US/docs/Web/HTTP/Status/403",2026-07-27T16:16:37.479881
petitmarocain,bd6t5136351k,,failed,0,0,,http_manifest,known,403,manifest,"Client error '403 ' for url 'https://openapiproext.bnf.fr/iiif/presentation/v3/ark:/12148/bd6t5136351k/manifest.json'
For more information check: https://developer.mozilla.org/en-US/docs/Web/HTTP/Status/403",2026-07-27T16:16:38.864725
petitmarocain,bd6t5136352z,,failed,0,0,,http_manifest,known,403,manifest,"Client error '403 ' for url 'https://openapiproext.bnf.fr/iiif/presentation/v3/ark:/12148/bd6t5136352z/manifest.json'
For more information check: https://developer.mozilla.org/en-US/docs/Web/HTTP/Status/403",2026-07-27T16:16:39.890583
petitmarocain,bd6t5136353b,,failed,0,0,,http_manifest,known,403,manifest,"Client error '403 ' for url 'https://openapiproext.bnf.fr/iiif/presentation/v3/ark:/12148/bd6t5136353b/manifest.json'
For more information check: https://developer.mozilla.org/en-US/docs/Web/HTTP/Status/403",2026-07-27T16:16:41.096404
petitmarocain,bd6t5136354q,,failed,0,0,,http_manifest,known,403,manifest,"Client error '403 ' for url 'https://openapiproext.bnf.fr/iiif/presentation/v3/ark:/12148/bd6t5136354q/manifest.json'
For more information check: https://developer.mozilla.org/en-US/docs/Web/HTTP/Status/403",2026-07-27T16:16:42.270392
petitmarocain,bd6t51361721,,failed,0,0,,http_manifest,known,403,manifest,"Client error '403 ' for url 'https://openapiproext.bnf.fr/iiif/presentation/v3/ark:/12148/bd6t51361721/manifest.json'
For more information check: https://developer.mozilla.org/en-US/docs/Web/HTTP/Status/403",2026-07-27T16:16:43.490578
petitmarocain,bd6t5136173d,,failed,0,0,,http_manifest,known,403,manifest,"Client error '403 ' for url 'https://openapiproext.bnf.fr/iiif/presentation/v3/ark:/12148/bd6t5136173d/manifest.json'
For more information check: https://developer.mozilla.org/en-US/docs/Web/HTTP/Status/403",2026-07-27T16:16:44.678149
petitmarocain,bd6t5136174s,,failed,0,0,,http_manifest,known,403,manifest,"Client error '403 ' for url 'https://openapiproext.bnf.fr/iiif/presentation/v3/ark:/12148/bd6t5136174s/manifest.json'
For more information check: https://developer.mozilla.org/en-US/docs/Web/HTTP/Status/403",2026-07-27T16:16:45.916360
petitmarocain,bd6t51361755,,failed,0,0,,http_manifest,known,403,manifest,"Client error '403 ' for url 'https://openapiproext.bnf.fr/iiif/presentation/v3/ark:/12148/bd6t51361755/manifest.json'
For more information check: https://developer.mozilla.org/en-US/docs/Web/HTTP/Status/403",2026-07-27T16:16:47.085291
petitmarocain,bd6t5136176j,,failed,0,0,,http_manifest,known,403,manifest,"Client error '403 ' for url 'https://openapiproext.bnf.fr/iiif/presentation/v3/ark:/12148/bd6t5136176j/manifest.json'
For more information check: https://developer.mozilla.org/en-US/docs/Web/HTTP/Status/403",2026-07-27T16:16:48.274370
petitmarocain,bd6t5136177x,,failed,0,0,,http_manifest,known,403,manifest,"Client error '403 ' for url 'https://openapiproext.bnf.fr/iiif/presentation/v3/ark:/12148/bd6t5136177x/manifest.json'
For more information check: https://developer.mozilla.org/en-US/docs/Web/HTTP/Status/403",2026-07-27T16:16:49.488684
petitmarocain,bd6t51361789,,failed,0,0,,http_manifest,known,403,manifest,"Client error '403 ' for url 'https://openapiproext.bnf.fr/iiif/presentation/v3/ark:/12148/bd6t51361789/manifest.json'
For more information check: https://developer.mozilla.org/en-US/docs/Web/HTTP/Status/403",2026-07-27T16:16:50.685691
petitmarocain,bd6t5136179p,,failed,0,0,,http_manifest,known,403,manifest,"Client error '403 ' for url 'https://openapiproext.bnf.fr/iiif/presentation/v3/ark:/12148/bd6t5136179p/manifest.json'
For more information check: https://developer.mozilla.org/en-US/docs/Web/HTTP/Status/403",2026-07-27T16:16:51.878379
petitmarocain,bd6t5136180m,,failed,0,0,,http_manifest,known,403,manifest,"Client error '403 ' for url 'https://openapiproext.bnf.fr/iiif/presentation/v3/ark:/12148/bd6t5136180m/manifest.json'
For more information check: https://developer.mozilla.org/en-US/docs/Web/HTTP/Status/403",2026-07-27T16:16:53.254537
petitmarocain,bd6t51361810,,failed,0,0,,http_manifest,known,403,manifest,"Client error '403 ' for url 'https://openapiproext.bnf.fr/iiif/presentation/v3/ark:/12148/bd6t51361810/manifest.json'
For more information check: https://developer.mozilla.org/en-US/docs/Web/HTTP/Status/403",2026-07-27T16:16:54.335768
petitmarocain,bd6t5136182c,,failed,0,0,,http_manifest,known,403,manifest,"Client error '403 ' for url 'https://openapiproext.bnf.fr/iiif/presentation/v3/ark:/12148/bd6t5136182c/manifest.json'
For more information check: https://developer.mozilla.org/en-US/docs/Web/HTTP/Status/403",2026-07-27T16:16:55.580054
petitmarocain,bd6t5136183r,,failed,0,0,,http_manifest,known,403,manifest,"Client error '403 ' for url 'https://openapiproext.bnf.fr/iiif/presentation/v3/ark:/12148/bd6t5136183r/manifest.json'
For more information check: https://developer.mozilla.org/en-US/docs/Web/HTTP/Status/403",2026-07-27T16:16:56.748437
petitmarocain,bd6t51361844,,failed,0,0,,http_manifest,known,403,manifest,"Client error '403 ' for url 'https://openapiproext.bnf.fr/iiif/presentation/v3/ark:/12148/bd6t51361844/manifest.json'
For more information check: https://developer.mozilla.org/en-US/docs/Web/HTTP/Status/403",2026-07-27T16:16:57.905096
petitmarocain,bd6t5136185h,,failed,0,0,,http_manifest,known,403,manifest,"Client error '403 ' for url 'https://openapiproext.bnf.fr/iiif/presentation/v3/ark:/12148/bd6t5136185h/manifest.json'
For more information check: https://developer.mozilla.org/en-US/docs/Web/HTTP/Status/403",2026-07-27T16:16:59.106209
petitmarocain,bd6t5136186w,,failed,0,0,,http_manifest,known,403,manifest,"Client error '403 ' for url 'https://openapiproext.bnf.fr/iiif/presentation/v3/ark:/12148/bd6t5136186w/manifest.json'
For more information check: https://developer.mozilla.org/en-US/docs/Web/HTTP/Status/403",2026-07-27T16:17:00.311071
petitmarocain,bd6t51361878,,failed,0,0,,http_manifest,known,403,manifest,"Client error '403 ' for url 'https://openapiproext.bnf.fr/iiif/presentation/v3/ark:/12148/bd6t51361878/manifest.json'
For more information check: https://developer.mozilla.org/en-US/docs/Web/HTTP/Status/403",2026-07-27T16:17:01.539475
petitmarocain,bd6t5136188n,,failed,0,0,,http_manifest,known,403,manifest,"Client error '403 ' for url 'https://openapiproext.bnf.fr/iiif/presentation/v3/ark:/12148/bd6t5136188n/manifest.json'
For more information check: https://developer.mozilla.org/en-US/docs/Web/HTTP/Status/403",2026-07-27T16:17:02.700648
petitmarocain,bd6t51361891,,failed,0,0,,http_manifest,known,403,manifest,"Client error '403 ' for url 'https://openapiproext.bnf.fr/iiif/presentation/v3/ark:/12148/bd6t51361891/manifest.json'
For more information check: https://developer.mozilla.org/en-US/docs/Web/HTTP/Status/403",2026-07-27T16:17:03.891286
petitmarocain,bd6t5136190z,,failed,0,0,,http_manifest,known,403,manifest,"Client error '403 ' for url 'https://openapiproext.bnf.fr/iiif/presentation/v3/ark:/12148/bd6t5136190z/manifest.json'
For more information check: https://developer.mozilla.org/en-US/docs/Web/HTTP/Status/403",2026-07-27T16:17:05.092914
petitmarocain,bd6t5136191b,,failed,0,0,,http_manifest,known,403,manifest,"Client error '403 ' for url 'https://openapiproext.bnf.fr/iiif/presentation/v3/ark:/12148/bd6t5136191b/manifest.json'
For more information check: https://developer.mozilla.org/en-US/docs/Web/HTTP/Status/403",2026-07-27T16:17:06.294763
petitmarocain,bd6t5136192q,,failed,0,0,,http_manifest,known,403,manifest,"Client error '403 ' for url 'https://openapiproext.bnf.fr/iiif/presentation/v3/ark:/12148/bd6t5136192q/manifest.json'
For more information check: https://developer.mozilla.org/en-US/docs/Web/HTTP/Status/403",2026-07-27T16:17:07.524806
petitmarocain,bd6t51361933,,failed,0,0,,http_manifest,known,403,manifest,"Client error '403 ' for url 'https://openapiproext.bnf.fr/iiif/presentation/v3/ark:/12148/bd6t51361933/manifest.json'
For more information check: https://developer.mozilla.org/en-US/docs/Web/HTTP/Status/403",2026-07-27T16:17:08.698843
petitmarocain,bd6t5136194g,,failed,0,0,,http_manifest,known,403,manifest,"Client error '403 ' for url 'https://openapiproext.bnf.fr/iiif/presentation/v3/ark:/12148/bd6t5136194g/manifest.json'
For more information check: https://developer.mozilla.org/en-US/docs/Web/HTTP/Status/403",2026-07-27T16:17:09.896319
petitmarocain,bd6t5136195v,,failed,0,0,,http_manifest,known,403,manifest,"Client error '403 ' for url 'https://openapiproext.bnf.fr/iiif/presentation/v3/ark:/12148/bd6t5136195v/manifest.json'
For more information check: https://developer.mozilla.org/en-US/docs/Web/HTTP/Status/403",2026-07-27T16:17:11.106050
petitmarocain,bd6t51361967,,failed,0,0,,http_manifest,known,403,manifest,"Client error '403 ' for url 'https://openapiproext.bnf.fr/iiif/presentation/v3/ark:/12148/bd6t51361967/manifest.json'
For more information check: https://developer.mozilla.org/en-US/docs/Web/HTTP/Status/403",2026-07-27T16:17:12.307062
petitmarocain,bd6t5136197m,,failed,0,0,,http_manifest,known,403,manifest,"Client error '403 ' for url 'https://openapiproext.bnf.fr/iiif/presentation/v3/ark:/12148/bd6t5136197m/manifest.json'
For more information check: https://developer.mozilla.org/en-US/docs/Web/HTTP/Status/403",2026-07-27T16:17:13.503704
petitmarocain,bd6t51361980,,failed,0,0,,http_manifest,known,403,manifest,"Client error '403 ' for url 'https://openapiproext.bnf.fr/iiif/presentation/v3/ark:/12148/bd6t51361980/manifest.json'
For more information check: https://developer.mozilla.org/en-US/docs/Web/HTTP/Status/403",2026-07-27T16:17:14.707608
petitmarocain,bd6t5136199c,,failed,0,0,,http_manifest,known,403,manifest,"Client error '403 ' for url 'https://openapiproext.bnf.fr/iiif/presentation/v3/ark:/12148/bd6t5136199c/manifest.json'
For more information check: https://developer.mozilla.org/en-US/docs/Web/HTTP/Status/403",2026-07-27T16:17:15.907249
petitmarocain,bd6t51362005,,failed,0,0,,http_manifest,known,403,manifest,"Client error '403 ' for url 'https://openapiproext.bnf.fr/iiif/presentation/v3/ark:/12148/bd6t51362005/manifest.json'
For more information check: https://developer.mozilla.org/en-US/docs/Web/HTTP/Status/403",2026-07-27T16:17:17.108009
petitmarocain,bd6t5136201j,,failed,0,0,,http_manifest,known,403,manifest,"Client error '403 ' for url 'https://openapiproext.bnf.fr/iiif/presentation/v3/ark:/12148/bd6t5136201j/manifest.json'
For more information check: https://developer.mozilla.org/en-US/docs/Web/HTTP/Status/403",2026-07-27T16:17:18.311480
petitmarocain,bd6t5136202x,,failed,0,0,,http_manifest,known,403,manifest,"Client error '403 ' for url 'https://openapiproext.bnf.fr/iiif/presentation/v3/ark:/12148/bd6t5136202x/manifest.json'
For more information check: https://developer.mozilla.org/en-US/docs/Web/HTTP/Status/403",2026-07-27T16:17:19.539717
petitmarocain,bd6t51362039,,failed,0,0,,http_manifest,known,403,manifest,"Client error '403 ' for url 'https://openapiproext.bnf.fr/iiif/presentation/v3/ark:/12148/bd6t51362039/manifest.json'
For more information check: https://developer.mozilla.org/en-US/docs/Web/HTTP/Status/403",2026-07-27T16:17:20.711831
petitmarocain,bd6t5136204p,,failed,0,0,,http_manifest,known,403,manifest,"Client error '403 ' for url 'https://openapiproext.bnf.fr/iiif/presentation/v3/ark:/12148/bd6t5136204p/manifest.json'
For more information check: https://developer.mozilla.org/en-US/docs/Web/HTTP/Status/403",2026-07-27T16:17:21.917820
petitmarocain,bd6t51362052,,failed,0,0,,http_manifest,known,403,manifest,"Client error '403 ' for url 'https://openapiproext.bnf.fr/iiif/presentation/v3/ark:/12148/bd6t51362052/manifest.json'
For more information check: https://developer.mozilla.org/en-US/docs/Web/HTTP/Status/403",2026-07-27T16:17:23.126400
petitmarocain,bd6t5136206f,,failed,0,0,,http_manifest,known,403,manifest,"Client error '403 ' for url 'https://openapiproext.bnf.fr/iiif/presentation/v3/ark:/12148/bd6t5136206f/manifest.json'
For more information check: https://developer.mozilla.org/en-US/docs/Web/HTTP/Status/403",2026-07-27T16:17:24.326747
petitmarocain,bd6t5136207t,,failed,0,0,,http_manifest,known,403,manifest,"Client error '403 ' for url 'https://openapiproext.bnf.fr/iiif/presentation/v3/ark:/12148/bd6t5136207t/manifest.json'
For more information check: https://developer.mozilla.org/en-US/docs/Web/HTTP/Status/403",2026-07-27T16:17:25.548250
petitmarocain,bd6t51362086,,failed,0,0,,http_manifest,known,403,manifest,"Client error '403 ' for url 'https://openapiproext.bnf.fr/iiif/presentation/v3/ark:/12148/bd6t51362086/manifest.json'
For more information check: https://developer.mozilla.org/en-US/docs/Web/HTTP/Status/403",2026-07-27T16:17:26.729667
petitmarocain,bd6t5136209k,,failed,0,0,,http_manifest,known,403,manifest,"Client error '403 ' for url 'https://openapiproext.bnf.fr/iiif/presentation/v3/ark:/12148/bd6t5136209k/manifest.json'
For more information check: https://developer.mozilla.org/en-US/docs/Web/HTTP/Status/403",2026-07-27T16:17:27.927812
petitmarocain,bd6t5136210h,,failed,0,0,,http_manifest,known,403,manifest,"Client error '403 ' for url 'https://openapiproext.bnf.fr/iiif/presentation/v3/ark:/12148/bd6t5136210h/manifest.json'
For more information check: https://developer.mozilla.org/en-US/docs/Web/HTTP/Status/403",2026-07-27T16:17:29.250793
petitmarocain,bd6t5136211w,,failed,0,0,,http_manifest,known,403,manifest,"Client error '403 ' for url 'https://openapiproext.bnf.fr/iiif/presentation/v3/ark:/12148/bd6t5136211w/manifest.json'
For more information check: https://developer.mozilla.org/en-US/docs/Web/HTTP/Status/403",2026-07-27T16:17:30.447091
petitmarocain,bd6t51362128,,failed,0,0,,http_manifest,known,403,manifest,"Client error '403 ' for url 'https://openapiproext.bnf.fr/iiif/presentation/v3/ark:/12148/bd6t51362128/manifest.json'
For more information check: https://developer.mozilla.org/en-US/docs/Web/HTTP/Status/403",2026-07-27T16:17:31.657189
petitmarocain,bd6t5136213n,,failed,0,0,,http_manifest,known,403,manifest,"Client error '403 ' for url 'https://openapiproext.bnf.fr/iiif/presentation/v3/ark:/12148/bd6t5136213n/manifest.json'
For more information check: https://developer.mozilla.org/en-US/docs/Web/HTTP/Status/403",2026-07-27T16:17:32.880620
petitmarocain,bd6t51362141,,failed,0,0,,http_manifest,known,403,manifest,"Client error '403 ' for url 'https://openapiproext.bnf.fr/iiif/presentation/v3/ark:/12148/bd6t51362141/manifest.json'
For more information check: https://developer.mozilla.org/en-US/docs/Web/HTTP/Status/403",2026-07-27T16:17:34.098728
petitmarocain,bd6t5136215d,,failed,0,0,,http_manifest,known,403,manifest,"Client error '403 ' for url 'https://openapiproext.bnf.fr/iiif/presentation/v3/ark:/12148/bd6t5136215d/manifest.json'
For more information check: https://developer.mozilla.org/en-US/docs/Web/HTTP/Status/403",2026-07-27T16:17:35.302498
petitmarocain,bd6t5136216s,,failed,0,0,,http_manifest,known,403,manifest,"Client error '403 ' for url 'https://openapiproext.bnf.fr/iiif/presentation/v3/ark:/12148/bd6t5136216s/manifest.json'
For more information check: https://developer.mozilla.org/en-US/docs/Web/HTTP/Status/403",2026-07-27T16:17:36.429411
petitmarocain,bd6t51362175,,failed,0,0,,http_manifest,known,403,manifest,"Client error '403 ' for url 'https://openapiproext.bnf.fr/iiif/presentation/v3/ark:/12148/bd6t51362175/manifest.json'
For more information check: https://developer.mozilla.org/en-US/docs/Web/HTTP/Status/403",2026-07-27T16:17:37.885484
petitmarocain,bd6t5136218j,,failed,0,0,,http_manifest,known,403,manifest,"Client error '403 ' for url 'https://openapiproext.bnf.fr/iiif/presentation/v3/ark:/12148/bd6t5136218j/manifest.json'
For more information check: https://developer.mozilla.org/en-US/docs/Web/HTTP/Status/403",2026-07-27T16:17:38.859626
petitmarocain,bd6t5136219x,,failed,0,0,,http_manifest,known,403,manifest,"Client error '403 ' for url 'https://openapiproext.bnf.fr/iiif/presentation/v3/ark:/12148/bd6t5136219x/manifest.json'
For more information check: https://developer.mozilla.org/en-US/docs/Web/HTTP/Status/403",2026-07-27T16:17:40.006544
petitmarocain,bd6t5136220v,,failed,0,0,,http_manifest,known,403,manifest,"Client error '403 ' for url 'https://openapiproext.bnf.fr/iiif/presentation/v3/ark:/12148/bd6t5136220v/manifest.json'
For more information check: https://developer.mozilla.org/en-US/docs/Web/HTTP/Status/403",2026-07-27T16:17:41.147813
petitmarocain,bd6t51362217,,failed,0,0,,http_manifest,known,403,manifest,"Client error '403 ' for url 'https://openapiproext.bnf.fr/iiif/presentation/v3/ark:/12148/bd6t51362217/manifest.json'
For more information check: https://developer.mozilla.org/en-US/docs/Web/HTTP/Status/403",2026-07-27T16:17:42.347675
petitmarocain,bd6t5136222m,,failed,0,0,,http_manifest,known,403,manifest,"Client error '403 ' for url 'https://openapiproext.bnf.fr/iiif/presentation/v3/ark:/12148/bd6t5136222m/manifest.json'
For more information check: https://developer.mozilla.org/en-US/docs/Web/HTTP/Status/403",2026-07-27T16:17:43.554811
petitmarocain,bd6t51362230,,failed,0,0,,http_manifest,known,403,manifest,"Client error '403 ' for url 'https://openapiproext.bnf.fr/iiif/presentation/v3/ark:/12148/bd6t51362230/manifest.json'
For more information check: https://developer.mozilla.org/en-US/docs/Web/HTTP/Status/403",2026-07-27T16:17:44.750128
petitmarocain,bd6t5136224c,,failed,0,0,,http_manifest,known,403,manifest,"Client error '403 ' for url 'https://openapiproext.bnf.fr/iiif/presentation/v3/ark:/12148/bd6t5136224c/manifest.json'
For more information check: https://developer.mozilla.org/en-US/docs/Web/HTTP/Status/403",2026-07-27T16:17:45.950660
petitmarocain,bd6t5136225r,,failed,0,0,,http_manifest,known,403,manifest,"Client error '403 ' for url 'https://openapiproext.bnf.fr/iiif/presentation/v3/ark:/12148/bd6t5136225r/manifest.json'
For more information check: https://developer.mozilla.org/en-US/docs/Web/HTTP/Status/403",2026-07-27T16:17:47.148344
petitmarocain,bd6t51362264,,failed,0,0,,http_manifest,known,403,manifest,"Client error '403 ' for url 'https://openapiproext.bnf.fr/iiif/presentation/v3/ark:/12148/bd6t51362264/manifest.json'
For more information check: https://developer.mozilla.org/en-US/docs/Web/HTTP/Status/403",2026-07-27T16:17:48.353029
petitmarocain,bd6t5136227h,,failed,0,0,,http_manifest,known,403,manifest,"Client error '403 ' for url 'https://openapiproext.bnf.fr/iiif/presentation/v3/ark:/12148/bd6t5136227h/manifest.json'
For more information check: https://developer.mozilla.org/en-US/docs/Web/HTTP/Status/403",2026-07-27T16:17:49.572846
petitmarocain,bd6t5136228w,,failed,0,0,,http_manifest,known,403,manifest,"Client error '403 ' for url 'https://openapiproext.bnf.fr/iiif/presentation/v3/ark:/12148/bd6t5136228w/manifest.json'
For more information check: https://developer.mozilla.org/en-US/docs/Web/HTTP/Status/403",2026-07-27T16:17:50.755201
petitmarocain,bd6t51362298,,failed,0,0,,http_manifest,known,403,manifest,"Client error '403 ' for url 'https://openapiproext.bnf.fr/iiif/presentation/v3/ark:/12148/bd6t51362298/manifest.json'
For more information check: https://developer.mozilla.org/en-US/docs/Web/HTTP/Status/403",2026-07-27T16:17:51.959406
petitmarocain,bd6t51362306,,failed,0,0,,http_manifest,known,403,manifest,"Client error '403 ' for url 'https://openapiproext.bnf.fr/iiif/presentation/v3/ark:/12148/bd6t51362306/manifest.json'
For more information check: https://developer.mozilla.org/en-US/docs/Web/HTTP/Status/403",2026-07-27T16:17:53.167212
petitmarocain,bd6t5136231k,,failed,0,0,,http_manifest,known,403,manifest,"Client error '403 ' for url 'https://openapiproext.bnf.fr/iiif/presentation/v3/ark:/12148/bd6t5136231k/manifest.json'
For more information check: https://developer.mozilla.org/en-US/docs/Web/HTTP/Status/403",2026-07-27T16:17:54.365509
petitmarocain,bd6t5136232z,,failed,0,0,,http_manifest,known,403,manifest,"Client error '403 ' for url 'https://openapiproext.bnf.fr/iiif/presentation/v3/ark:/12148/bd6t5136232z/manifest.json'
For more information check: https://developer.mozilla.org/en-US/docs/Web/HTTP/Status/403",2026-07-27T16:17:55.586137
petitmarocain,bd6t5136233b,,failed,0,0,,http_manifest,known,403,manifest,"Client error '403 ' for url 'https://openapiproext.bnf.fr/iiif/presentation/v3/ark:/12148/bd6t5136233b/manifest.json'
For more information check: https://developer.mozilla.org/en-US/docs/Web/HTTP/Status/403",2026-07-27T16:17:56.768147
petitmarocain,bd6t5136234q,,failed,0,0,,http_manifest,known,403,manifest,"Client error '403 ' for url 'https://openapiproext.bnf.fr/iiif/presentation/v3/ark:/12148/bd6t5136234q/manifest.json'
For more information check: https://developer.mozilla.org/en-US/docs/Web/HTTP/Status/403",2026-07-27T16:17:57.964604
petitmarocain,bd6t51362353,,failed,0,0,,http_manifest,known,403,manifest,"Client error '403 ' for url 'https://openapiproext.bnf.fr/iiif/presentation/v3/ark:/12148/bd6t51362353/manifest.json'
For more information check: https://developer.mozilla.org/en-US/docs/Web/HTTP/Status/403",2026-07-27T16:17:59.166016
petitmarocain,bd6t5136236g,,failed,0,0,,http_manifest,known,403,manifest,"Client error '403 ' for url 'https://openapiproext.bnf.fr/iiif/presentation/v3/ark:/12148/bd6t5136236g/manifest.json'
For more information check: https://developer.mozilla.org/en-US/docs/Web/HTTP/Status/403",2026-07-27T16:18:00.371306
petitmarocain,bd6t5136237v,,failed,0,0,,http_manifest,known,403,manifest,"Client error '403 ' for url 'https://openapiproext.bnf.fr/iiif/presentation/v3/ark:/12148/bd6t5136237v/manifest.json'
For more information check: https://developer.mozilla.org/en-US/docs/Web/HTTP/Status/403",2026-07-27T16:18:01.572878
petitmarocain,bd6t51362387,,failed,0,0,,http_manifest,known,403,manifest,"Client error '403 ' for url 'https://openapiproext.bnf.fr/iiif/presentation/v3/ark:/12148/bd6t51362387/manifest.json'
For more information check: https://developer.mozilla.org/en-US/docs/Web/HTTP/Status/403",2026-07-27T16:18:02.772528
petitmarocain,bd6t5136239m,,failed,0,0,,http_manifest,known,403,manifest,"Client error '403 ' for url 'https://openapiproext.bnf.fr/iiif/presentation/v3/ark:/12148/bd6t5136239m/manifest.json'
For more information check: https://developer.mozilla.org/en-US/docs/Web/HTTP/Status/403",2026-07-27T16:18:03.974938
petitmarocain,bd6t5136240j,,failed,0,0,,http_manifest,known,403,manifest,"Client error '403 ' for url 'https://openapiproext.bnf.fr/iiif/presentation/v3/ark:/12148/bd6t5136240j/manifest.json'
For more information check: https://developer.mozilla.org/en-US/docs/Web/HTTP/Status/403",2026-07-27T16:18:05.184440
petitmarocain,bd6t5136241x,,failed,0,0,,http_manifest,known,403,manifest,"Client error '403 ' for url 'https://openapiproext.bnf.fr/iiif/presentation/v3/ark:/12148/bd6t5136241x/manifest.json'
For more information check: https://developer.mozilla.org/en-US/docs/Web/HTTP/Status/403",2026-07-27T16:18:06.381882
petitmarocain,bd6t51362429,,failed,0,0,,http_manifest,known,403,manifest,"Client error '403 ' for url 'https://openapiproext.bnf.fr/iiif/presentation/v3/ark:/12148/bd6t51362429/manifest.json'
For more information check: https://developer.mozilla.org/en-US/docs/Web/HTTP/Status/403",2026-07-27T16:18:07.604954
petitmarocain,bd6t5136243p,,failed,0,0,,http_manifest,known,403,manifest,"Client error '403 ' for url 'https://openapiproext.bnf.fr/iiif/presentation/v3/ark:/12148/bd6t5136243p/manifest.json'
For more information check: https://developer.mozilla.org/en-US/docs/Web/HTTP/Status/403",2026-07-27T16:18:08.785503
petitmarocain,bd6t51362442,,failed,0,0,,http_manifest,known,403,manifest,"Client error '403 ' for url 'https://openapiproext.bnf.fr/iiif/presentation/v3/ark:/12148/bd6t51362442/manifest.json'
For more information check: https://developer.mozilla.org/en-US/docs/Web/HTTP/Status/403",2026-07-27T16:18:09.998120
petitmarocain,bd6t5136245f,,failed,0,0,,http_manifest,known,403,manifest,"Client error '403 ' for url 'https://openapiproext.bnf.fr/iiif/presentation/v3/ark:/12148/bd6t5136245f/manifest.json'
For more information check: https://developer.mozilla.org/en-US/docs/Web/HTTP/Status/403",2026-07-27T16:18:11.186360
petitmarocain,bd6t5136246t,,failed,0,0,,http_manifest,known,403,manifest,"Client error '403 ' for url 'https://openapiproext.bnf.fr/iiif/presentation/v3/ark:/12148/bd6t5136246t/manifest.json'
For more information check: https://developer.mozilla.org/en-US/docs/Web/HTTP/Status/403",2026-07-27T16:18:12.396962
petitmarocain,bd6t51362476,,failed,0,0,,http_manifest,known,403,manifest,"Client error '403 ' for url 'https://openapiproext.bnf.fr/iiif/presentation/v3/ark:/12148/bd6t51362476/manifest.json'
For more information check: https://developer.mozilla.org/en-US/docs/Web/HTTP/Status/403",2026-07-27T16:18:13.595096
petitmarocain,bd6t5136248k,,failed,0,0,,http_manifest,known,403,manifest,"Client error '403 ' for url 'https://openapiproext.bnf.fr/iiif/presentation/v3/ark:/12148/bd6t5136248k/manifest.json'
For more information check: https://developer.mozilla.org/en-US/docs/Web/HTTP/Status/403",2026-07-27T16:18:14.792955
petitmarocain,bd6t5136249z,,failed,0,0,,http_manifest,known,403,manifest,"Client error '403 ' for url 'https://openapiproext.bnf.fr/iiif/presentation/v3/ark:/12148/bd6t5136249z/manifest.json'
For more information check: https://developer.mozilla.org/en-US/docs/Web/HTTP/Status/403",2026-07-27T16:18:16.005244
petitmarocain,bd6t5136250w,,failed,0,0,,http_manifest,known,403,manifest,"Client error '403 ' for url 'https://openapiproext.bnf.fr/iiif/presentation/v3/ark:/12148/bd6t5136250w/manifest.json'
For more information check: https://developer.mozilla.org/en-US/docs/Web/HTTP/Status/403",2026-07-27T16:18:17.196544
petitmarocain,bd6t51362518,,failed,0,0,,http_manifest,known,403,manifest,"Client error '403 ' for url 'https://openapiproext.bnf.fr/iiif/presentation/v3/ark:/12148/bd6t51362518/manifest.json'
For more information check: https://developer.mozilla.org/en-US/docs/Web/HTTP/Status/403",2026-07-27T16:18:18.400169
petitmarocain,bd6t5136252n,,failed,0,0,,http_manifest,known,403,manifest,"Client error '403 ' for url 'https://openapiproext.bnf.fr/iiif/presentation/v3/ark:/12148/bd6t5136252n/manifest.json'
For more information check: https://developer.mozilla.org/en-US/docs/Web/HTTP/Status/403",2026-07-27T16:18:19.625375
petitmarocain,bd6t51362531,,failed,0,0,,http_manifest,known,403,manifest,"Client error '403 ' for url 'https://openapiproext.bnf.fr/iiif/presentation/v3/ark:/12148/bd6t51362531/manifest.json'
For more information check: https://developer.mozilla.org/en-US/docs/Web/HTTP/Status/403",2026-07-27T16:18:20.801245
petitmarocain,bd6t5136254d,,failed,0,0,,http_manifest,known,403,manifest,"Client error '403 ' for url 'https://openapiproext.bnf.fr/iiif/presentation/v3/ark:/12148/bd6t5136254d/manifest.json'
For more information check: https://developer.mozilla.org/en-US/docs/Web/HTTP/Status/403",2026-07-27T16:18:22.000988
petitmarocain,bd6t5136255s,,failed,0,0,,http_manifest,known,403,manifest,"Client error '403 ' for url 'https://openapiproext.bnf.fr/iiif/presentation/v3/ark:/12148/bd6t5136255s/manifest.json'
For more information check: https://developer.mozilla.org/en-US/docs/Web/HTTP/Status/403",2026-07-27T16:18:23.207896
petitmarocain,bd6t51362565,,failed,0,0,,http_manifest,known,403,manifest,"Client error '403 ' for url 'https://openapiproext.bnf.fr/iiif/presentation/v3/ark:/12148/bd6t51362565/manifest.json'
For more information check: https://developer.mozilla.org/en-US/docs/Web/HTTP/Status/403",2026-07-27T16:18:24.412855
petitmarocain,bd6t5136257j,,failed,0,0,,http_manifest,known,403,manifest,"Client error '403 ' for url 'https://openapiproext.bnf.fr/iiif/presentation/v3/ark:/12148/bd6t5136257j/manifest.json'
For more information check: https://developer.mozilla.org/en-US/docs/Web/HTTP/Status/403",2026-07-27T16:18:25.622258
petitmarocain,bd6t5136258x,,failed,0,0,,http_manifest,known,403,manifest,"Client error '403 ' for url 'https://openapiproext.bnf.fr/iiif/presentation/v3/ark:/12148/bd6t5136258x/manifest.json'
For more information check: https://developer.mozilla.org/en-US/docs/Web/HTTP/Status/403",2026-07-27T16:18:26.808313
petitmarocain,bd6t51362599,,failed,0,0,,http_manifest,known,403,manifest,"Client error '403 ' for url 'https://openapiproext.bnf.fr/iiif/presentation/v3/ark:/12148/bd6t51362599/manifest.json'
For more information check: https://developer.mozilla.org/en-US/docs/Web/HTTP/Status/403",2026-07-27T16:18:28.025301
petitmarocain,bd6t51362607,,failed,0,0,,http_manifest,known,403,manifest,"Client error '403 ' for url 'https://openapiproext.bnf.fr/iiif/presentation/v3/ark:/12148/bd6t51362607/manifest.json'
For more information check: https://developer.mozilla.org/en-US/docs/Web/HTTP/Status/403",2026-07-27T16:18:29.330620
petitmarocain,bd6t5136261m,,failed,0,0,,http_manifest,known,403,manifest,"Client error '403 ' for url 'https://openapiproext.bnf.fr/iiif/presentation/v3/ark:/12148/bd6t5136261m/manifest.json'
For more information check: https://developer.mozilla.org/en-US/docs/Web/HTTP/Status/403",2026-07-27T16:18:30.658536
petitmarocain,bd6t51362620,,failed,0,0,,http_manifest,known,403,manifest,"Client error '403 ' for url 'https://openapiproext.bnf.fr/iiif/presentation/v3/ark:/12148/bd6t51362620/manifest.json'
For more information check: https://developer.mozilla.org/en-US/docs/Web/HTTP/Status/403",2026-07-27T16:18:31.785981
petitmarocain,bd6t5136263c,,failed,0,0,,http_manifest,known,403,manifest,"Client error '403 ' for url 'https://openapiproext.bnf.fr/iiif/presentation/v3/ark:/12148/bd6t5136263c/manifest.json'
For more information check: https://developer.mozilla.org/en-US/docs/Web/HTTP/Status/403",2026-07-27T16:18:32.909499
petitmarocain,bd6t51343511,,failed,0,0,,http_manifest,known,403,manifest,"Client error '403 ' for url 'https://openapiproext.bnf.fr/iiif/presentation/v3/ark:/12148/bd6t51343511/manifest.json'
For more information check: https://developer.mozilla.org/en-US/docs/Web/HTTP/Status/403",2026-07-27T16:18:34.022922
petitmarocain,bd6t5134352d,,failed,0,0,,http_manifest,known,403,manifest,"Client error '403 ' for url 'https://openapiproext.bnf.fr/iiif/presentation/v3/ark:/12148/bd6t5134352d/manifest.json'
For more information check: https://developer.mozilla.org/en-US/docs/Web/HTTP/Status/403",2026-07-27T16:18:35.290994
petitmarocain,bd6t5134353s,,failed,0,0,,http_manifest,known,403,manifest,"Client error '403 ' for url 'https://openapiproext.bnf.fr/iiif/presentation/v3/ark:/12148/bd6t5134353s/manifest.json'
For more information check: https://developer.mozilla.org/en-US/docs/Web/HTTP/Status/403",2026-07-27T16:18:36.536333
petitmarocain,bd6t51343545,,failed,0,0,,http_manifest,known,403,manifest,"Client error '403 ' for url 'https://openapiproext.bnf.fr/iiif/presentation/v3/ark:/12148/bd6t51343545/manifest.json'
For more information check: https://developer.mozilla.org/en-US/docs/Web/HTTP/Status/403",2026-07-27T16:18:37.691449
petitmarocain,bd6t5134355j,,failed,0,0,,http_manifest,known,403,manifest,"Client error '403 ' for url 'https://openapiproext.bnf.fr/iiif/presentation/v3/ark:/12148/bd6t5134355j/manifest.json'
For more information check: https://developer.mozilla.org/en-US/docs/Web/HTTP/Status/403",2026-07-27T16:18:39.099565
petitmarocain,bd6t5134356x,,failed,0,0,,http_manifest,known,403,manifest,"Client error '403 ' for url 'https://openapiproext.bnf.fr/iiif/presentation/v3/ark:/12148/bd6t5134356x/manifest.json'
For more information check: https://developer.mozilla.org/en-US/docs/Web/HTTP/Status/403",2026-07-27T16:18:40.027156
petitmarocain,bd6t51343579,,failed,0,0,,http_manifest,known,403,manifest,"Client error '403 ' for url 'https://openapiproext.bnf.fr/iiif/presentation/v3/ark:/12148/bd6t51343579/manifest.json'
For more information check: https://developer.mozilla.org/en-US/docs/Web/HTTP/Status/403",2026-07-27T16:18:41.241900
petitmarocain,bd6t5134358p,,failed,0,0,,http_manifest,known,403,manifest,"Client error '403 ' for url 'https://openapiproext.bnf.fr/iiif/presentation/v3/ark:/12148/bd6t5134358p/manifest.json'
For more information check: https://developer.mozilla.org/en-US/docs/Web/HTTP/Status/403",2026-07-27T16:18:42.434250
petitmarocain,bd6t51343592,,failed,0,0,,http_manifest,known,403,manifest,"Client error '403 ' for url 'https://openapiproext.bnf.fr/iiif/presentation/v3/ark:/12148/bd6t51343592/manifest.json'
For more information check: https://developer.mozilla.org/en-US/docs/Web/HTTP/Status/403",2026-07-27T16:18:43.785847
petitmarocain,bd6t51343600,,failed,0,0,,http_manifest,known,403,manifest,"Client error '403 ' for url 'https://openapiproext.bnf.fr/iiif/presentation/v3/ark:/12148/bd6t51343600/manifest.json'
For more information check: https://developer.mozilla.org/en-US/docs/Web/HTTP/Status/403",2026-07-27T16:18:44.850760
petitmarocain,bd6t5134361c,,failed,0,0,,http_manifest,known,403,manifest,"Client error '403 ' for url 'https://openapiproext.bnf.fr/iiif/presentation/v3/ark:/12148/bd6t5134361c/manifest.json'
For more information check: https://developer.mozilla.org/en-US/docs/Web/HTTP/Status/403",2026-07-27T16:18:46.112176
petitmarocain,bd6t5134362r,,failed,0,0,,http_manifest,known,403,manifest,"Client error '403 ' for url 'https://openapiproext.bnf.fr/iiif/presentation/v3/ark:/12148/bd6t5134362r/manifest.json'
For more information check: https://developer.mozilla.org/en-US/docs/Web/HTTP/Status/403",2026-07-27T16:18:47.380533
petitmarocain,bd6t51343634,,failed,0,0,,http_manifest,known,403,manifest,"Client error '403 ' for url 'https://openapiproext.bnf.fr/iiif/presentation/v3/ark:/12148/bd6t51343634/manifest.json'
For more information check: https://developer.mozilla.org/en-US/docs/Web/HTTP/Status/403",2026-07-27T16:18:48.469934
petitmarocain,bd6t5134364h,,failed,0,0,,http_manifest,known,403,manifest,"Client error '403 ' for url 'https://openapiproext.bnf.fr/iiif/presentation/v3/ark:/12148/bd6t5134364h/manifest.json'
For more information check: https://developer.mozilla.org/en-US/docs/Web/HTTP/Status/403",2026-07-27T16:18:49.694496
petitmarocain,bd6t5134365w,,failed,0,0,,http_manifest,known,403,manifest,"Client error '403 ' for url 'https://openapiproext.bnf.fr/iiif/presentation/v3/ark:/12148/bd6t5134365w/manifest.json'
For more information check: https://developer.mozilla.org/en-US/docs/Web/HTTP/Status/403",2026-07-27T16:18:51.108429
petitmarocain,bd6t51343668,,failed,0,0,,http_manifest,known,403,manifest,"Client error '403 ' for url 'https://openapiproext.bnf.fr/iiif/presentation/v3/ark:/12148/bd6t51343668/manifest.json'
For more information check: https://developer.mozilla.org/en-US/docs/Web/HTTP/Status/403",2026-07-27T16:18:52.273860
petitmarocain,bd6t5134367n,,failed,0,0,,http_manifest,known,403,manifest,"Client error '403 ' for url 'https://openapiproext.bnf.fr/iiif/presentation/v3/ark:/12148/bd6t5134367n/manifest.json'
For more information check: https://developer.mozilla.org/en-US/docs/Web/HTTP/Status/403",2026-07-27T16:18:53.282656
petitmarocain,bd6t51343681,,failed,0,0,,http_manifest,known,403,manifest,"Client error '403 ' for url 'https://openapiproext.bnf.fr/iiif/presentation/v3/ark:/12148/bd6t51343681/manifest.json'
For more information check: https://developer.mozilla.org/en-US/docs/Web/HTTP/Status/403",2026-07-27T16:18:54.474010
petitmarocain,bd6t5134369d,,failed,0,0,,http_manifest,known,403,manifest,"Client error '403 ' for url 'https://openapiproext.bnf.fr/iiif/presentation/v3/ark:/12148/bd6t5134369d/manifest.json'
For more information check: https://developer.mozilla.org/en-US/docs/Web/HTTP/Status/403",2026-07-27T16:18:55.649998
petitmarocain,bd6t5134370b,,failed,0,0,,http_manifest,known,403,manifest,"Client error '403 ' for url 'https://openapiproext.bnf.fr/iiif/presentation/v3/ark:/12148/bd6t5134370b/manifest.json'
For more information check: https://developer.mozilla.org/en-US/docs/Web/HTTP/Status/403",2026-07-27T16:18:56.852426
petitmarocain,bd6t5134371q,,failed,0,0,,http_manifest,known,403,manifest,"Client error '403 ' for url 'https://openapiproext.bnf.fr/iiif/presentation/v3/ark:/12148/bd6t5134371q/manifest.json'
For more information check: https://developer.mozilla.org/en-US/docs/Web/HTTP/Status/403",2026-07-27T16:18:58.060804
petitmarocain,bd6t51343723,,failed,0,0,,http_manifest,known,403,manifest,"Client error '403 ' for url 'https://openapiproext.bnf.fr/iiif/presentation/v3/ark:/12148/bd6t51343723/manifest.json'
For more information check: https://developer.mozilla.org/en-US/docs/Web/HTTP/Status/403",2026-07-27T16:18:59.259518
petitmarocain,bd6t5134373g,,failed,0,0,,http_manifest,known,403,manifest,"Client error '403 ' for url 'https://openapiproext.bnf.fr/iiif/presentation/v3/ark:/12148/bd6t5134373g/manifest.json'
For more information check: https://developer.mozilla.org/en-US/docs/Web/HTTP/Status/403",2026-07-27T16:19:00.460483
petitmarocain,bd6t5134374v,,failed,0,0,,http_manifest,known,403,manifest,"Client error '403 ' for url 'https://openapiproext.bnf.fr/iiif/presentation/v3/ark:/12148/bd6t5134374v/manifest.json'
For more information check: https://developer.mozilla.org/en-US/docs/Web/HTTP/Status/403",2026-07-27T16:19:01.721534
petitmarocain,bd6t51343757,,failed,0,0,,http_manifest,known,403,manifest,"Client error '403 ' for url 'https://openapiproext.bnf.fr/iiif/presentation/v3/ark:/12148/bd6t51343757/manifest.json'
For more information check: https://developer.mozilla.org/en-US/docs/Web/HTTP/Status/403",2026-07-27T16:19:02.866856
petitmarocain,bd6t5134376m,,failed,0,0,,http_manifest,known,403,manifest,"Client error '403 ' for url 'https://openapiproext.bnf.fr/iiif/presentation/v3/ark:/12148/bd6t5134376m/manifest.json'
For more information check: https://developer.mozilla.org/en-US/docs/Web/HTTP/Status/403",2026-07-27T16:19:04.068536
petitmarocain,bd6t51343770,,failed,0,0,,http_manifest,known,403,manifest,"Client error '403 ' for url 'https://openapiproext.bnf.fr/iiif/presentation/v3/ark:/12148/bd6t51343770/manifest.json'
For more information check: https://developer.mozilla.org/en-US/docs/Web/HTTP/Status/403",2026-07-27T16:19:05.280296
petitmarocain,bd6t5134378c,,failed,0,0,,http_manifest,known,403,manifest,"Client error '403 ' for url 'https://openapiproext.bnf.fr/iiif/presentation/v3/ark:/12148/bd6t5134378c/manifest.json'
For more information check: https://developer.mozilla.org/en-US/docs/Web/HTTP/Status/403",2026-07-27T16:19:06.472987
petitmarocain,bd6t5134379r,,failed,0,0,,http_manifest,known,403,manifest,"Client error '403 ' for url 'https://openapiproext.bnf.fr/iiif/presentation/v3/ark:/12148/bd6t5134379r/manifest.json'
For more information check: https://developer.mozilla.org/en-US/docs/Web/HTTP/Status/403",2026-07-27T16:19:07.674719
petitmarocain,bd6t5134380p,,failed,0,0,,http_manifest,known,403,manifest,"Client error '403 ' for url 'https://openapiproext.bnf.fr/iiif/presentation/v3/ark:/12148/bd6t5134380p/manifest.json'
For more information check: https://developer.mozilla.org/en-US/docs/Web/HTTP/Status/403",2026-07-27T16:19:08.874929
petitmarocain,bd6t51343812,,failed,0,0,,http_manifest,known,403,manifest,"Client error '403 ' for url 'https://openapiproext.bnf.fr/iiif/presentation/v3/ark:/12148/bd6t51343812/manifest.json'
For more information check: https://developer.mozilla.org/en-US/docs/Web/HTTP/Status/403",2026-07-27T16:19:10.077309
petitmarocain,bd6t5134382f,,failed,0,0,,http_manifest,known,403,manifest,"Client error '403 ' for url 'https://openapiproext.bnf.fr/iiif/presentation/v3/ark:/12148/bd6t5134382f/manifest.json'
For more information check: https://developer.mozilla.org/en-US/docs/Web/HTTP/Status/403",2026-07-27T16:19:11.277435
petitmarocain,bd6t5134383t,,failed,0,0,,http_manifest,known,403,manifest,"Client error '403 ' for url 'https://openapiproext.bnf.fr/iiif/presentation/v3/ark:/12148/bd6t5134383t/manifest.json'
For more information check: https://developer.mozilla.org/en-US/docs/Web/HTTP/Status/403",2026-07-27T16:19:12.479872
petitmarocain,bd6t51343846,,failed,0,0,,http_manifest,known,403,manifest,"Client error '403 ' for url 'https://openapiproext.bnf.fr/iiif/presentation/v3/ark:/12148/bd6t51343846/manifest.json'
For more information check: https://developer.mozilla.org/en-US/docs/Web/HTTP/Status/403",2026-07-27T16:19:13.698498
petitmarocain,bd6t5134385k,,failed,0,0,,http_manifest,known,403,manifest,"Client error '403 ' for url 'https://openapiproext.bnf.fr/iiif/presentation/v3/ark:/12148/bd6t5134385k/manifest.json'
For more information check: https://developer.mozilla.org/en-US/docs/Web/HTTP/Status/403",2026-07-27T16:19:14.885054
petitmarocain,bd6t5134386z,,failed,0,0,,http_manifest,known,403,manifest,"Client error '403 ' for url 'https://openapiproext.bnf.fr/iiif/presentation/v3/ark:/12148/bd6t5134386z/manifest.json'
For more information check: https://developer.mozilla.org/en-US/docs/Web/HTTP/Status/403",2026-07-27T16:19:16.085093
petitmarocain,bd6t5134387b,,failed,0,0,,http_manifest,known,403,manifest,"Client error '403 ' for url 'https://openapiproext.bnf.fr/iiif/presentation/v3/ark:/12148/bd6t5134387b/manifest.json'
For more information check: https://developer.mozilla.org/en-US/docs/Web/HTTP/Status/403",2026-07-27T16:19:17.289134
petitmarocain,bd6t5134388q,,failed,0,0,,http_manifest,known,403,manifest,"Client error '403 ' for url 'https://openapiproext.bnf.fr/iiif/presentation/v3/ark:/12148/bd6t5134388q/manifest.json'
For more information check: https://developer.mozilla.org/en-US/docs/Web/HTTP/Status/403",2026-07-27T16:19:18.479212
petitmarocain,bd6t51343893,,failed,0,0,,http_manifest,known,403,manifest,"Client error '403 ' for url 'https://openapiproext.bnf.fr/iiif/presentation/v3/ark:/12148/bd6t51343893/manifest.json'
For more information check: https://developer.mozilla.org/en-US/docs/Web/HTTP/Status/403",2026-07-27T16:19:19.692769
petitmarocain,bd6t51343901,,failed,0,0,,http_manifest,known,403,manifest,"Client error '403 ' for url 'https://openapiproext.bnf.fr/iiif/presentation/v3/ark:/12148/bd6t51343901/manifest.json'
For more information check: https://developer.mozilla.org/en-US/docs/Web/HTTP/Status/403",2026-07-27T16:19:20.893530
petitmarocain,bd6t5134391d,,failed,0,0,,http_manifest,known,403,manifest,"Client error '403 ' for url 'https://openapiproext.bnf.fr/iiif/presentation/v3/ark:/12148/bd6t5134391d/manifest.json'
For more information check: https://developer.mozilla.org/en-US/docs/Web/HTTP/Status/403",2026-07-27T16:19:22.089588
petitmarocain,bd6t5134392s,,failed,0,0,,http_manifest,known,403,manifest,"Client error '403 ' for url 'https://openapiproext.bnf.fr/iiif/presentation/v3/ark:/12148/bd6t5134392s/manifest.json'
For more information check: https://developer.mozilla.org/en-US/docs/Web/HTTP/Status/403",2026-07-27T16:19:23.307384
petitmarocain,bd6t51343935,,failed,0,0,,http_manifest,known,403,manifest,"Client error '403 ' for url 'https://openapiproext.bnf.fr/iiif/presentation/v3/ark:/12148/bd6t51343935/manifest.json'
For more information check: https://developer.mozilla.org/en-US/docs/Web/HTTP/Status/403",2026-07-27T16:19:24.507633
petitmarocain,bd6t5134394j,,failed,0,0,,http_manifest,known,403,manifest,"Client error '403 ' for url 'https://openapiproext.bnf.fr/iiif/presentation/v3/ark:/12148/bd6t5134394j/manifest.json'
For more information check: https://developer.mozilla.org/en-US/docs/Web/HTTP/Status/403",2026-07-27T16:19:25.719964
petitmarocain,bd6t5134395x,,failed,0,0,,http_manifest,known,403,manifest,"Client error '403 ' for url 'https://openapiproext.bnf.fr/iiif/presentation/v3/ark:/12148/bd6t5134395x/manifest.json'
For more information check: https://developer.mozilla.org/en-US/docs/Web/HTTP/Status/403",2026-07-27T16:19:26.918849
petitmarocain,bd6t51343969,,failed,0,0,,http_manifest,known,403,manifest,"Client error '403 ' for url 'https://openapiproext.bnf.fr/iiif/presentation/v3/ark:/12148/bd6t51343969/manifest.json'
For more information check: https://developer.mozilla.org/en-US/docs/Web/HTTP/Status/403",2026-07-27T16:19:28.114360
petitmarocain,bd6t5134397p,,failed,0,0,,http_manifest,known,403,manifest,"Client error '403 ' for url 'https://openapiproext.bnf.fr/iiif/presentation/v3/ark:/12148/bd6t5134397p/manifest.json'
For more information check: https://developer.mozilla.org/en-US/docs/Web/HTTP/Status/403",2026-07-27T16:19:29.308061
petitmarocain,bd6t51343982,,failed,0,0,,http_manifest,known,403,manifest,"Client error '403 ' for url 'https://openapiproext.bnf.fr/iiif/presentation/v3/ark:/12148/bd6t51343982/manifest.json'
For more information check: https://developer.mozilla.org/en-US/docs/Web/HTTP/Status/403",2026-07-27T16:19:30.537691
petitmarocain,bd6t5134399f,,failed,0,0,,http_manifest,known,403,manifest,"Client error '403 ' for url 'https://openapiproext.bnf.fr/iiif/presentation/v3/ark:/12148/bd6t5134399f/manifest.json'
For more information check: https://developer.mozilla.org/en-US/docs/Web/HTTP/Status/403",2026-07-27T16:19:31.774920
petitmarocain,bd6t51344007,,failed,0,0,,http_manifest,known,403,manifest,"Client error '403 ' for url 'https://openapiproext.bnf.fr/iiif/presentation/v3/ark:/12148/bd6t51344007/manifest.json'
For more information check: https://developer.mozilla.org/en-US/docs/Web/HTTP/Status/403",2026-07-27T16:19:32.951018
petitmarocain,bd6t5134401m,,failed,0,0,,http_manifest,known,403,manifest,"Client error '403 ' for url 'https://openapiproext.bnf.fr/iiif/presentation/v3/ark:/12148/bd6t5134401m/manifest.json'
For more information check: https://developer.mozilla.org/en-US/docs/Web/HTTP/Status/403",2026-07-27T16:19:34.272393
petitmarocain,bd6t51344020,,failed,0,0,,http_manifest,known,403,manifest,"Client error '403 ' for url 'https://openapiproext.bnf.fr/iiif/presentation/v3/ark:/12148/bd6t51344020/manifest.json'
For more information check: https://developer.mozilla.org/en-US/docs/Web/HTTP/Status/403",2026-07-27T16:19:35.347341
petitmarocain,bd6t5134403c,,failed,0,0,,http_manifest,known,403,manifest,"Client error '403 ' for url 'https://openapiproext.bnf.fr/iiif/presentation/v3/ark:/12148/bd6t5134403c/manifest.json'
For more information check: https://developer.mozilla.org/en-US/docs/Web/HTTP/Status/403",2026-07-27T16:19:36.545848
petitmarocain,bd6t5134404r,,failed,0,0,,http_manifest,known,403,manifest,"Client error '403 ' for url 'https://openapiproext.bnf.fr/iiif/presentation/v3/ark:/12148/bd6t5134404r/manifest.json'
For more information check: https://developer.mozilla.org/en-US/docs/Web/HTTP/Status/403",2026-07-27T16:19:37.750891
petitmarocain,bd6t51344054,,failed,0,0,,http_manifest,known,403,manifest,"Client error '403 ' for url 'https://openapiproext.bnf.fr/iiif/presentation/v3/ark:/12148/bd6t51344054/manifest.json'
For more information check: https://developer.mozilla.org/en-US/docs/Web/HTTP/Status/403",2026-07-27T16:19:39.222941
petitmarocain,bd6t5134406h,,failed,0,0,,http_manifest,known,403,manifest,"Client error '403 ' for url 'https://openapiproext.bnf.fr/iiif/presentation/v3/ark:/12148/bd6t5134406h/manifest.json'
For more information check: https://developer.mozilla.org/en-US/docs/Web/HTTP/Status/403",2026-07-27T16:19:40.373985
petitmarocain,bd6t5134407w,,failed,0,0,,http_manifest,known,403,manifest,"Client error '403 ' for url 'https://openapiproext.bnf.fr/iiif/presentation/v3/ark:/12148/bd6t5134407w/manifest.json'
For more information check: https://developer.mozilla.org/en-US/docs/Web/HTTP/Status/403",2026-07-27T16:19:41.353529
petitmarocain,bd6t51344088,,failed,0,0,,http_manifest,known,403,manifest,"Client error '403 ' for url 'https://openapiproext.bnf.fr/iiif/presentation/v3/ark:/12148/bd6t51344088/manifest.json'
For more information check: https://developer.mozilla.org/en-US/docs/Web/HTTP/Status/403",2026-07-27T16:19:42.554681
petitmarocain,bd6t5134409n,,failed,0,0,,http_manifest,known,403,manifest,"Client error '403 ' for url 'https://openapiproext.bnf.fr/iiif/presentation/v3/ark:/12148/bd6t5134409n/manifest.json'
For more information check: https://developer.mozilla.org/en-US/docs/Web/HTTP/Status/403",2026-07-27T16:19:44.042136
petitmarocain,bd6t5134410k,,failed,0,0,,http_manifest,known,403,manifest,"Client error '403 ' for url 'https://openapiproext.bnf.fr/iiif/presentation/v3/ark:/12148/bd6t5134410k/manifest.json'
For more information check: https://developer.mozilla.org/en-US/docs/Web/HTTP/Status/403",2026-07-27T16:19:44.971443
petitmarocain,bd6t5134411z,,failed,0,0,,http_manifest,known,403,manifest,"Client error '403 ' for url 'https://openapiproext.bnf.fr/iiif/presentation/v3/ark:/12148/bd6t5134411z/manifest.json'
For more information check: https://developer.mozilla.org/en-US/docs/Web/HTTP/Status/403",2026-07-27T16:19:46.299327
petitmarocain,bd6t5134412b,,failed,0,0,,http_manifest,known,403,manifest,"Client error '403 ' for url 'https://openapiproext.bnf.fr/iiif/presentation/v3/ark:/12148/bd6t5134412b/manifest.json'
For more information check: https://developer.mozilla.org/en-US/docs/Web/HTTP/Status/403",2026-07-27T16:19:47.523540
petitmarocain,bd6t5134413q,,failed,0,0,,http_manifest,known,403,manifest,"Client error '403 ' for url 'https://openapiproext.bnf.fr/iiif/presentation/v3/ark:/12148/bd6t5134413q/manifest.json'
For more information check: https://developer.mozilla.org/en-US/docs/Web/HTTP/Status/403",2026-07-27T16:19:48.710668
petitmarocain,bd6t51344143,,failed,0,0,,http_manifest,known,403,manifest,"Client error '403 ' for url 'https://openapiproext.bnf.fr/iiif/presentation/v3/ark:/12148/bd6t51344143/manifest.json'
For more information check: https://developer.mozilla.org/en-US/docs/Web/HTTP/Status/403",2026-07-27T16:19:49.771682
petitmarocain,bd6t5134415g,,failed,0,0,,http_manifest,known,403,manifest,"Client error '403 ' for url 'https://openapiproext.bnf.fr/iiif/presentation/v3/ark:/12148/bd6t5134415g/manifest.json'
For more information check: https://developer.mozilla.org/en-US/docs/Web/HTTP/Status/403",2026-07-27T16:19:51.145679
petitmarocain,bd6t5134416v,,failed,0,0,,http_manifest,known,403,manifest,"Client error '403 ' for url 'https://openapiproext.bnf.fr/iiif/presentation/v3/ark:/12148/bd6t5134416v/manifest.json'
For more information check: https://developer.mozilla.org/en-US/docs/Web/HTTP/Status/403",2026-07-27T16:19:52.378937
petitmarocain,bd6t51344177,,failed,0,0,,http_manifest,known,403,manifest,"Client error '403 ' for url 'https://openapiproext.bnf.fr/iiif/presentation/v3/ark:/12148/bd6t51344177/manifest.json'
For more information check: https://developer.mozilla.org/en-US/docs/Web/HTTP/Status/403",2026-07-27T16:19:53.608601
petitmarocain,bd6t5134418m,,failed,0,0,,http_manifest,known,403,manifest,"Client error '403 ' for url 'https://openapiproext.bnf.fr/iiif/presentation/v3/ark:/12148/bd6t5134418m/manifest.json'
For more information check: https://developer.mozilla.org/en-US/docs/Web/HTTP/Status/403",2026-07-27T16:19:54.631180
petitmarocain,bd6t51344190,,failed,0,0,,http_manifest,known,403,manifest,"Client error '403 ' for url 'https://openapiproext.bnf.fr/iiif/presentation/v3/ark:/12148/bd6t51344190/manifest.json'
For more information check: https://developer.mozilla.org/en-US/docs/Web/HTTP/Status/403",2026-07-27T16:19:55.804366
petitmarocain,bd6t5134420x,,failed,0,0,,http_manifest,known,403,manifest,"Client error '403 ' for url 'https://openapiproext.bnf.fr/iiif/presentation/v3/ark:/12148/bd6t5134420x/manifest.json'
For more information check: https://developer.mozilla.org/en-US/docs/Web/HTTP/Status/403",2026-07-27T16:19:56.982559
petitmarocain,bd6t51344219,,failed,0,0,,http_manifest,known,403,manifest,"Client error '403 ' for url 'https://openapiproext.bnf.fr/iiif/presentation/v3/ark:/12148/bd6t51344219/manifest.json'
For more information check: https://developer.mozilla.org/en-US/docs/Web/HTTP/Status/403",2026-07-27T16:19:58.187906
petitmarocain,bd6t5134422p,,failed,0,0,,http_manifest,known,403,manifest,"Client error '403 ' for url 'https://openapiproext.bnf.fr/iiif/presentation/v3/ark:/12148/bd6t5134422p/manifest.json'
For more information check: https://developer.mozilla.org/en-US/docs/Web/HTTP/Status/403",2026-07-27T16:19:59.398538
petitmarocain,bd6t51344232,,failed,0,0,,http_manifest,known,403,manifest,"Client error '403 ' for url 'https://openapiproext.bnf.fr/iiif/presentation/v3/ark:/12148/bd6t51344232/manifest.json'
For more information check: https://developer.mozilla.org/en-US/docs/Web/HTTP/Status/403",2026-07-27T16:20:00.591548
petitmarocain,bd6t5134424f,,failed,0,0,,http_manifest,known,403,manifest,"Client error '403 ' for url 'https://openapiproext.bnf.fr/iiif/presentation/v3/ark:/12148/bd6t5134424f/manifest.json'
For more information check: https://developer.mozilla.org/en-US/docs/Web/HTTP/Status/403",2026-07-27T16:20:01.809915
petitmarocain,bd6t5134425t,,failed,0,0,,http_manifest,known,403,manifest,"Client error '403 ' for url 'https://openapiproext.bnf.fr/iiif/presentation/v3/ark:/12148/bd6t5134425t/manifest.json'
For more information check: https://developer.mozilla.org/en-US/docs/Web/HTTP/Status/403",2026-07-27T16:20:02.999768
petitmarocain,bd6t51344266,,failed,0,0,,http_manifest,known,403,manifest,"Client error '403 ' for url 'https://openapiproext.bnf.fr/iiif/presentation/v3/ark:/12148/bd6t51344266/manifest.json'
For more information check: https://developer.mozilla.org/en-US/docs/Web/HTTP/Status/403",2026-07-27T16:20:04.196483
petitmarocain,bd6t5134427k,,failed,0,0,,http_manifest,known,403,manifest,"Client error '403 ' for url 'https://openapiproext.bnf.fr/iiif/presentation/v3/ark:/12148/bd6t5134427k/manifest.json'
For more information check: https://developer.mozilla.org/en-US/docs/Web/HTTP/Status/403",2026-07-27T16:20:05.397846
petitmarocain,bd6t5134428z,,failed,0,0,,http_manifest,known,403,manifest,"Client error '403 ' for url 'https://openapiproext.bnf.fr/iiif/presentation/v3/ark:/12148/bd6t5134428z/manifest.json'
For more information check: https://developer.mozilla.org/en-US/docs/Web/HTTP/Status/403",2026-07-27T16:20:06.595379
petitmarocain,bd6t5134429b,,failed,0,0,,http_manifest,known,403,manifest,"Client error '403 ' for url 'https://openapiproext.bnf.fr/iiif/presentation/v3/ark:/12148/bd6t5134429b/manifest.json'
For more information check: https://developer.mozilla.org/en-US/docs/Web/HTTP/Status/403",2026-07-27T16:20:07.806024
petitmarocain,bd6t51344308,,failed,0,0,,http_manifest,known,403,manifest,"Client error '403 ' for url 'https://openapiproext.bnf.fr/iiif/presentation/v3/ark:/12148/bd6t51344308/manifest.json'
For more information check: https://developer.mozilla.org/en-US/docs/Web/HTTP/Status/403",2026-07-27T16:20:08.994993
petitmarocain,bd6t5134431n,,failed,0,0,,http_manifest,known,403,manifest,"Client error '403 ' for url 'https://openapiproext.bnf.fr/iiif/presentation/v3/ark:/12148/bd6t5134431n/manifest.json'
For more information check: https://developer.mozilla.org/en-US/docs/Web/HTTP/Status/403",2026-07-27T16:20:10.204062
petitmarocain,bd6t51344321,,failed,0,0,,http_manifest,known,403,manifest,"Client error '403 ' for url 'https://openapiproext.bnf.fr/iiif/presentation/v3/ark:/12148/bd6t51344321/manifest.json'
For more information check: https://developer.mozilla.org/en-US/docs/Web/HTTP/Status/403",2026-07-27T16:20:11.401057
petitmarocain,bd6t5134433d,,failed,0,0,,http_manifest,known,403,manifest,"Client error '403 ' for url 'https://openapiproext.bnf.fr/iiif/presentation/v3/ark:/12148/bd6t5134433d/manifest.json'
For more information check: https://developer.mozilla.org/en-US/docs/Web/HTTP/Status/403",2026-07-27T16:20:12.609931
petitmarocain,bd6t5134434s,,failed,0,0,,http_manifest,known,403,manifest,"Client error '403 ' for url 'https://openapiproext.bnf.fr/iiif/presentation/v3/ark:/12148/bd6t5134434s/manifest.json'
For more information check: https://developer.mozilla.org/en-US/docs/Web/HTTP/Status/403",2026-07-27T16:20:13.829782
petitmarocain,bd6t51344355,,failed,0,0,,http_manifest,known,403,manifest,"Client error '403 ' for url 'https://openapiproext.bnf.fr/iiif/presentation/v3/ark:/12148/bd6t51344355/manifest.json'
For more information check: https://developer.mozilla.org/en-US/docs/Web/HTTP/Status/403",2026-07-27T16:20:15.010024
petitmarocain,bd6t5134436j,,failed,0,0,,http_manifest,known,403,manifest,"Client error '403 ' for url 'https://openapiproext.bnf.fr/iiif/presentation/v3/ark:/12148/bd6t5134436j/manifest.json'
For more information check: https://developer.mozilla.org/en-US/docs/Web/HTTP/Status/403",2026-07-27T16:20:16.209157
petitmarocain,bd6t5134437x,,failed,0,0,,http_manifest,known,403,manifest,"Client error '403 ' for url 'https://openapiproext.bnf.fr/iiif/presentation/v3/ark:/12148/bd6t5134437x/manifest.json'
For more information check: https://developer.mozilla.org/en-US/docs/Web/HTTP/Status/403",2026-07-27T16:20:17.407287
petitmarocain,bd6t51344389,,failed,0,0,,http_manifest,known,403,manifest,"Client error '403 ' for url 'https://openapiproext.bnf.fr/iiif/presentation/v3/ark:/12148/bd6t51344389/manifest.json'
For more information check: https://developer.mozilla.org/en-US/docs/Web/HTTP/Status/403",2026-07-27T16:20:18.611491
petitmarocain,bd6t5134439p,,failed,0,0,,http_manifest,known,403,manifest,"Client error '403 ' for url 'https://openapiproext.bnf.fr/iiif/presentation/v3/ark:/12148/bd6t5134439p/manifest.json'
For more information check: https://developer.mozilla.org/en-US/docs/Web/HTTP/Status/403",2026-07-27T16:20:19.823012
petitmarocain,bd6t5134440m,,failed,0,0,,http_manifest,known,403,manifest,"Client error '403 ' for url 'https://openapiproext.bnf.fr/iiif/presentation/v3/ark:/12148/bd6t5134440m/manifest.json'
For more information check: https://developer.mozilla.org/en-US/docs/Web/HTTP/Status/403",2026-07-27T16:20:21.016030
petitmarocain,bd6t51344410,,failed,0,0,,http_manifest,known,403,manifest,"Client error '403 ' for url 'https://openapiproext.bnf.fr/iiif/presentation/v3/ark:/12148/bd6t51344410/manifest.json'
For more information check: https://developer.mozilla.org/en-US/docs/Web/HTTP/Status/403",2026-07-27T16:20:22.216167
petitmarocain,bd6t5134442c,,failed,0,0,,http_manifest,known,403,manifest,"Client error '403 ' for url 'https://openapiproext.bnf.fr/iiif/presentation/v3/ark:/12148/bd6t5134442c/manifest.json'
For more information check: https://developer.mozilla.org/en-US/docs/Web/HTTP/Status/403",2026-07-27T16:20:23.415161
petitmarocain,bd6t5134443r,,failed,0,0,,http_manifest,known,403,manifest,"Client error '403 ' for url 'https://openapiproext.bnf.fr/iiif/presentation/v3/ark:/12148/bd6t5134443r/manifest.json'
For more information check: https://developer.mozilla.org/en-US/docs/Web/HTTP/Status/403",2026-07-27T16:20:24.621174
petitmarocain,bd6t51344444,,failed,0,0,,http_manifest,known,403,manifest,"Client error '403 ' for url 'https://openapiproext.bnf.fr/iiif/presentation/v3/ark:/12148/bd6t51344444/manifest.json'
For more information check: https://developer.mozilla.org/en-US/docs/Web/HTTP/Status/403",2026-07-27T16:20:25.841803
petitmarocain,bd6t5134445h,,failed,0,0,,http_manifest,known,403,manifest,"Client error '403 ' for url 'https://openapiproext.bnf.fr/iiif/presentation/v3/ark:/12148/bd6t5134445h/manifest.json'
For more information check: https://developer.mozilla.org/en-US/docs/Web/HTTP/Status/403",2026-07-27T16:20:27.032307
petitmarocain,bd6t5134446w,,failed,0,0,,http_manifest,known,403,manifest,"Client error '403 ' for url 'https://openapiproext.bnf.fr/iiif/presentation/v3/ark:/12148/bd6t5134446w/manifest.json'
For more information check: https://developer.mozilla.org/en-US/docs/Web/HTTP/Status/403",2026-07-27T16:20:28.224553
petitmarocain,bd6t51344478,,failed,0,0,,http_manifest,known,403,manifest,"Client error '403 ' for url 'https://openapiproext.bnf.fr/iiif/presentation/v3/ark:/12148/bd6t51344478/manifest.json'
For more information check: https://developer.mozilla.org/en-US/docs/Web/HTTP/Status/403",2026-07-27T16:20:29.444008
petitmarocain,bd6t5134448n,,failed,0,0,,http_manifest,known,403,manifest,"Client error '403 ' for url 'https://openapiproext.bnf.fr/iiif/presentation/v3/ark:/12148/bd6t5134448n/manifest.json'
For more information check: https://developer.mozilla.org/en-US/docs/Web/HTTP/Status/403",2026-07-27T16:20:30.775795
petitmarocain,bd6t51344491,,failed,0,0,,http_manifest,known,403,manifest,"Client error '403 ' for url 'https://openapiproext.bnf.fr/iiif/presentation/v3/ark:/12148/bd6t51344491/manifest.json'
For more information check: https://developer.mozilla.org/en-US/docs/Web/HTTP/Status/403",2026-07-27T16:20:31.918906
petitmarocain,bd6t5134450z,,failed,0,0,,http_manifest,known,403,manifest,"Client error '403 ' for url 'https://openapiproext.bnf.fr/iiif/presentation/v3/ark:/12148/bd6t5134450z/manifest.json'
For more information check: https://developer.mozilla.org/en-US/docs/Web/HTTP/Status/403",2026-07-27T16:20:33.217879
petitmarocain,bd6t5134451b,,failed,0,0,,http_manifest,known,403,manifest,"Client error '403 ' for url 'https://openapiproext.bnf.fr/iiif/presentation/v3/ark:/12148/bd6t5134451b/manifest.json'
For more information check: https://developer.mozilla.org/en-US/docs/Web/HTTP/Status/403",2026-07-27T16:20:34.239088
petitmarocain,bd6t5134452q,,failed,0,0,,http_manifest,known,403,manifest,"Client error '403 ' for url 'https://openapiproext.bnf.fr/iiif/presentation/v3/ark:/12148/bd6t5134452q/manifest.json'
For more information check: https://developer.mozilla.org/en-US/docs/Web/HTTP/Status/403",2026-07-27T16:20:35.428457
petitmarocain,bd6t51344533,,failed,0,0,,http_manifest,known,403,manifest,"Client error '403 ' for url 'https://openapiproext.bnf.fr/iiif/presentation/v3/ark:/12148/bd6t51344533/manifest.json'
For more information check: https://developer.mozilla.org/en-US/docs/Web/HTTP/Status/403",2026-07-27T16:20:36.800885
petitmarocain,bd6t5134454g,,failed,0,0,,http_manifest,known,403,manifest,"Client error '403 ' for url 'https://openapiproext.bnf.fr/iiif/presentation/v3/ark:/12148/bd6t5134454g/manifest.json'
For more information check: https://developer.mozilla.org/en-US/docs/Web/HTTP/Status/403",2026-07-27T16:20:37.898006
petitmarocain,bd6t5134455v,,failed,0,0,,http_manifest,known,403,manifest,"Client error '403 ' for url 'https://openapiproext.bnf.fr/iiif/presentation/v3/ark:/12148/bd6t5134455v/manifest.json'
For more information check: https://developer.mozilla.org/en-US/docs/Web/HTTP/Status/403",2026-07-27T16:20:39.219993
petitmarocain,bd6t51344567,,failed,0,0,,http_manifest,known,403,manifest,"Client error '403 ' for url 'https://openapiproext.bnf.fr/iiif/presentation/v3/ark:/12148/bd6t51344567/manifest.json'
For more information check: https://developer.mozilla.org/en-US/docs/Web/HTTP/Status/403",2026-07-27T16:20:40.466303
petitmarocain,bd6t5134457m,,failed,0,0,,http_manifest,known,403,manifest,"Client error '403 ' for url 'https://openapiproext.bnf.fr/iiif/presentation/v3/ark:/12148/bd6t5134457m/manifest.json'
For more information check: https://developer.mozilla.org/en-US/docs/Web/HTTP/Status/403",2026-07-27T16:20:41.441198
petitmarocain,bd6t51344580,,failed,0,0,,http_manifest,known,403,manifest,"Client error '403 ' for url 'https://openapiproext.bnf.fr/iiif/presentation/v3/ark:/12148/bd6t51344580/manifest.json'
For more information check: https://developer.mozilla.org/en-US/docs/Web/HTTP/Status/403",2026-07-27T16:20:42.662235
petitmarocain,bd6t5134459c,,failed,0,0,,http_manifest,known,403,manifest,"Client error '403 ' for url 'https://openapiproext.bnf.fr/iiif/presentation/v3/ark:/12148/bd6t5134459c/manifest.json'
For more information check: https://developer.mozilla.org/en-US/docs/Web/HTTP/Status/403",2026-07-27T16:20:43.865688
petitmarocain,bd6t51344609,,failed,0,0,,http_manifest,known,403,manifest,"Client error '403 ' for url 'https://openapiproext.bnf.fr/iiif/presentation/v3/ark:/12148/bd6t51344609/manifest.json'
For more information check: https://developer.mozilla.org/en-US/docs/Web/HTTP/Status/403",2026-07-27T16:20:45.278978
petitmarocain,bd6t5134461p,,failed,0,0,,http_manifest,known,403,manifest,"Client error '403 ' for url 'https://openapiproext.bnf.fr/iiif/presentation/v3/ark:/12148/bd6t5134461p/manifest.json'
For more information check: https://developer.mozilla.org/en-US/docs/Web/HTTP/Status/403",2026-07-27T16:20:46.253960
petitmarocain,bd6t51344622,,failed,0,0,,http_manifest,known,403,manifest,"Client error '403 ' for url 'https://openapiproext.bnf.fr/iiif/presentation/v3/ark:/12148/bd6t51344622/manifest.json'
For more information check: https://developer.mozilla.org/en-US/docs/Web/HTTP/Status/403",2026-07-27T16:20:47.446765
petitmarocain,bd6t5134463f,,failed,0,0,,http_manifest,known,403,manifest,"Client error '403 ' for url 'https://openapiproext.bnf.fr/iiif/presentation/v3/ark:/12148/bd6t5134463f/manifest.json'
For more information check: https://developer.mozilla.org/en-US/docs/Web/HTTP/Status/403",2026-07-27T16:20:48.806773
petitmarocain,bd6t5134464t,,failed,0,0,,http_manifest,known,403,manifest,"Client error '403 ' for url 'https://openapiproext.bnf.fr/iiif/presentation/v3/ark:/12148/bd6t5134464t/manifest.json'
For more information check: https://developer.mozilla.org/en-US/docs/Web/HTTP/Status/403",2026-07-27T16:20:49.866894
petitmarocain,bd6t51344656,,failed,0,0,,http_manifest,known,403,manifest,"Client error '403 ' for url 'https://openapiproext.bnf.fr/iiif/presentation/v3/ark:/12148/bd6t51344656/manifest.json'
For more information check: https://developer.mozilla.org/en-US/docs/Web/HTTP/Status/403",2026-07-27T16:20:51.071508
petitmarocain,bd6t5134466k,,failed,0,0,,http_manifest,known,403,manifest,"Client error '403 ' for url 'https://openapiproext.bnf.fr/iiif/presentation/v3/ark:/12148/bd6t5134466k/manifest.json'
For more information check: https://developer.mozilla.org/en-US/docs/Web/HTTP/Status/403",2026-07-27T16:20:52.261326
petitmarocain,bd6t5134467z,,failed,0,0,,http_manifest,known,403,manifest,"Client error '403 ' for url 'https://openapiproext.bnf.fr/iiif/presentation/v3/ark:/12148/bd6t5134467z/manifest.json'
For more information check: https://developer.mozilla.org/en-US/docs/Web/HTTP/Status/403",2026-07-27T16:20:53.724192
petitmarocain,bd6t5134468b,,failed,0,0,,http_manifest,known,403,manifest,"Client error '403 ' for url 'https://openapiproext.bnf.fr/iiif/presentation/v3/ark:/12148/bd6t5134468b/manifest.json'
For more information check: https://developer.mozilla.org/en-US/docs/Web/HTTP/Status/403",2026-07-27T16:20:54.666839
petitmarocain,bd6t5134469q,,failed,0,0,,http_manifest,known,403,manifest,"Client error '403 ' for url 'https://openapiproext.bnf.fr/iiif/presentation/v3/ark:/12148/bd6t5134469q/manifest.json'
For more information check: https://developer.mozilla.org/en-US/docs/Web/HTTP/Status/403",2026-07-27T16:20:56.135400
petitmarocain,bd6t5134470n,,failed,0,0,,http_manifest,known,403,manifest,"Client error '403 ' for url 'https://openapiproext.bnf.fr/iiif/presentation/v3/ark:/12148/bd6t5134470n/manifest.json'
For more information check: https://developer.mozilla.org/en-US/docs/Web/HTTP/Status/403",2026-07-27T16:20:57.070438
petitmarocain,bd6t51344711,,failed,0,0,,http_manifest,known,403,manifest,"Client error '403 ' for url 'https://openapiproext.bnf.fr/iiif/presentation/v3/ark:/12148/bd6t51344711/manifest.json'
For more information check: https://developer.mozilla.org/en-US/docs/Web/HTTP/Status/403",2026-07-27T16:20:58.267899
petitmarocain,bd6t5134472d,,failed,0,0,,http_manifest,known,403,manifest,"Client error '403 ' for url 'https://openapiproext.bnf.fr/iiif/presentation/v3/ark:/12148/bd6t5134472d/manifest.json'
For more information check: https://developer.mozilla.org/en-US/docs/Web/HTTP/Status/403",2026-07-27T16:20:59.469065
petitmarocain,bd6t5134473s,,failed,0,0,,http_manifest,known,403,manifest,"Client error '403 ' for url 'https://openapiproext.bnf.fr/iiif/presentation/v3/ark:/12148/bd6t5134473s/manifest.json'
For more information check: https://developer.mozilla.org/en-US/docs/Web/HTTP/Status/403",2026-07-27T16:21:00.670501
petitmarocain,bd6t51344745,,failed,0,0,,http_manifest,known,403,manifest,"Client error '403 ' for url 'https://openapiproext.bnf.fr/iiif/presentation/v3/ark:/12148/bd6t51344745/manifest.json'
For more information check: https://developer.mozilla.org/en-US/docs/Web/HTTP/Status/403",2026-07-27T16:21:01.919750
petitmarocain,bd6t5134475j,,failed,0,0,,http_manifest,known,403,manifest,"Client error '403 ' for url 'https://openapiproext.bnf.fr/iiif/presentation/v3/ark:/12148/bd6t5134475j/manifest.json'
For more information check: https://developer.mozilla.org/en-US/docs/Web/HTTP/Status/403",2026-07-27T16:21:03.096978
petitmarocain,bd6t5134476x,,failed,0,0,,http_manifest,known,403,manifest,"Client error '403 ' for url 'https://openapiproext.bnf.fr/iiif/presentation/v3/ark:/12148/bd6t5134476x/manifest.json'
For more information check: https://developer.mozilla.org/en-US/docs/Web/HTTP/Status/403",2026-07-27T16:21:04.268193
petitmarocain,bd6t51344779,,failed,0,0,,http_manifest,known,403,manifest,"Client error '403 ' for url 'https://openapiproext.bnf.fr/iiif/presentation/v3/ark:/12148/bd6t51344779/manifest.json'
For more information check: https://developer.mozilla.org/en-US/docs/Web/HTTP/Status/403",2026-07-27T16:21:05.468389
petitmarocain,bd6t5134478p,,failed,0,0,,http_manifest,known,403,manifest,"Client error '403 ' for url 'https://openapiproext.bnf.fr/iiif/presentation/v3/ark:/12148/bd6t5134478p/manifest.json'
For more information check: https://developer.mozilla.org/en-US/docs/Web/HTTP/Status/403",2026-07-27T16:21:06.682976
petitmarocain,bd6t51344792,,failed,0,0,,http_manifest,known,403,manifest,"Client error '403 ' for url 'https://openapiproext.bnf.fr/iiif/presentation/v3/ark:/12148/bd6t51344792/manifest.json'
For more information check: https://developer.mozilla.org/en-US/docs/Web/HTTP/Status/403",2026-07-27T16:21:07.873581
petitmarocain,bd6t51344800,,failed,0,0,,http_manifest,known,403,manifest,"Client error '403 ' for url 'https://openapiproext.bnf.fr/iiif/presentation/v3/ark:/12148/bd6t51344800/manifest.json'
For more information check: https://developer.mozilla.org/en-US/docs/Web/HTTP/Status/403",2026-07-27T16:21:09.073815
petitmarocain,bd6t5134481c,,failed,0,0,,http_manifest,known,403,manifest,"Client error '403 ' for url 'https://openapiproext.bnf.fr/iiif/presentation/v3/ark:/12148/bd6t5134481c/manifest.json'
For more information check: https://developer.mozilla.org/en-US/docs/Web/HTTP/Status/403",2026-07-27T16:21:10.276702
petitmarocain,bd6t5134482r,,failed,0,0,,http_manifest,known,403,manifest,"Client error '403 ' for url 'https://openapiproext.bnf.fr/iiif/presentation/v3/ark:/12148/bd6t5134482r/manifest.json'
For more information check: https://developer.mozilla.org/en-US/docs/Web/HTTP/Status/403",2026-07-27T16:21:11.477423
petitmarocain,bd6t51344834,,failed,0,0,,http_manifest,known,403,manifest,"Client error '403 ' for url 'https://openapiproext.bnf.fr/iiif/presentation/v3/ark:/12148/bd6t51344834/manifest.json'
For more information check: https://developer.mozilla.org/en-US/docs/Web/HTTP/Status/403",2026-07-27T16:21:12.678140
petitmarocain,bd6t5134484h,,failed,0,0,,http_manifest,known,403,manifest,"Client error '403 ' for url 'https://openapiproext.bnf.fr/iiif/presentation/v3/ark:/12148/bd6t5134484h/manifest.json'
For more information check: https://developer.mozilla.org/en-US/docs/Web/HTTP/Status/403",2026-07-27T16:21:13.903026
petitmarocain,bd6t5134485w,,failed,0,0,,http_manifest,known,403,manifest,"Client error '403 ' for url 'https://openapiproext.bnf.fr/iiif/presentation/v3/ark:/12148/bd6t5134485w/manifest.json'
For more information check: https://developer.mozilla.org/en-US/docs/Web/HTTP/Status/403",2026-07-27T16:21:15.085916
petitmarocain,bd6t51344868,,failed,0,0,,http_manifest,known,403,manifest,"Client error '403 ' for url 'https://openapiproext.bnf.fr/iiif/presentation/v3/ark:/12148/bd6t51344868/manifest.json'
For more information check: https://developer.mozilla.org/en-US/docs/Web/HTTP/Status/403",2026-07-27T16:21:16.282739
petitmarocain,bd6t5134487n,,failed,0,0,,http_manifest,known,403,manifest,"Client error '403 ' for url 'https://openapiproext.bnf.fr/iiif/presentation/v3/ark:/12148/bd6t5134487n/manifest.json'
For more information check: https://developer.mozilla.org/en-US/docs/Web/HTTP/Status/403",2026-07-27T16:21:17.490255
petitmarocain,bd6t51344881,,failed,0,0,,http_manifest,known,403,manifest,"Client error '403 ' for url 'https://openapiproext.bnf.fr/iiif/presentation/v3/ark:/12148/bd6t51344881/manifest.json'
For more information check: https://developer.mozilla.org/en-US/docs/Web/HTTP/Status/403",2026-07-27T16:21:18.687646
petitmarocain,bd6t5134489d,,failed,0,0,,http_manifest,known,403,manifest,"Client error '403 ' for url 'https://openapiproext.bnf.fr/iiif/presentation/v3/ark:/12148/bd6t5134489d/manifest.json'
For more information check: https://developer.mozilla.org/en-US/docs/Web/HTTP/Status/403",2026-07-27T16:21:19.888456
petitmarocain,bd6t5134490b,,failed,0,0,,http_manifest,known,403,manifest,"Client error '403 ' for url 'https://openapiproext.bnf.fr/iiif/presentation/v3/ark:/12148/bd6t5134490b/manifest.json'
For more information check: https://developer.mozilla.org/en-US/docs/Web/HTTP/Status/403",2026-07-27T16:21:21.086104
petitmarocain,bd6t5134491q,,failed,0,0,,http_manifest,known,403,manifest,"Client error '403 ' for url 'https://openapiproext.bnf.fr/iiif/presentation/v3/ark:/12148/bd6t5134491q/manifest.json'
For more information check: https://developer.mozilla.org/en-US/docs/Web/HTTP/Status/403",2026-07-27T16:21:22.297517
petitmarocain,bd6t51344923,,failed,0,0,,http_manifest,known,403,manifest,"Client error '403 ' for url 'https://openapiproext.bnf.fr/iiif/presentation/v3/ark:/12148/bd6t51344923/manifest.json'
For more information check: https://developer.mozilla.org/en-US/docs/Web/HTTP/Status/403",2026-07-27T16:21:23.499552
petitmarocain,bd6t5134493g,,failed,0,0,,http_manifest,known,403,manifest,"Client error '403 ' for url 'https://openapiproext.bnf.fr/iiif/presentation/v3/ark:/12148/bd6t5134493g/manifest.json'
For more information check: https://developer.mozilla.org/en-US/docs/Web/HTTP/Status/403",2026-07-27T16:21:24.695272
petitmarocain,bd6t5134494v,,failed,0,0,,http_manifest,known,403,manifest,"Client error '403 ' for url 'https://openapiproext.bnf.fr/iiif/presentation/v3/ark:/12148/bd6t5134494v/manifest.json'
For more information check: https://developer.mozilla.org/en-US/docs/Web/HTTP/Status/403",2026-07-27T16:21:25.912970
petitmarocain,bd6t51344957,,failed,0,0,,http_manifest,known,403,manifest,"Client error '403 ' for url 'https://openapiproext.bnf.fr/iiif/presentation/v3/ark:/12148/bd6t51344957/manifest.json'
For more information check: https://developer.mozilla.org/en-US/docs/Web/HTTP/Status/403",2026-07-27T16:21:27.099929
petitmarocain,bd6t5134496m,,failed,0,0,,http_manifest,known,403,manifest,"Client error '403 ' for url 'https://openapiproext.bnf.fr/iiif/presentation/v3/ark:/12148/bd6t5134496m/manifest.json'
For more information check: https://developer.mozilla.org/en-US/docs/Web/HTTP/Status/403",2026-07-27T16:21:28.302817
petitmarocain,bd6t51344970,,failed,0,0,,http_manifest,known,403,manifest,"Client error '403 ' for url 'https://openapiproext.bnf.fr/iiif/presentation/v3/ark:/12148/bd6t51344970/manifest.json'
For more information check: https://developer.mozilla.org/en-US/docs/Web/HTTP/Status/403",2026-07-27T16:21:29.677907
petitmarocain,bd6t5134498c,,failed,0,0,,http_manifest,known,403,manifest,"Client error '403 ' for url 'https://openapiproext.bnf.fr/iiif/presentation/v3/ark:/12148/bd6t5134498c/manifest.json'
For more information check: https://developer.mozilla.org/en-US/docs/Web/HTTP/Status/403",2026-07-27T16:21:30.834305
petitmarocain,bd6t5134499r,,failed,0,0,,http_manifest,known,403,manifest,"Client error '403 ' for url 'https://openapiproext.bnf.fr/iiif/presentation/v3/ark:/12148/bd6t5134499r/manifest.json'
For more information check: https://developer.mozilla.org/en-US/docs/Web/HTTP/Status/403",2026-07-27T16:21:32.142472
petitmarocain,bd6t5134500j,,failed,0,0,,http_manifest,known,403,manifest,"Client error '403 ' for url 'https://openapiproext.bnf.fr/iiif/presentation/v3/ark:/12148/bd6t5134500j/manifest.json'
For more information check: https://developer.mozilla.org/en-US/docs/Web/HTTP/Status/403",2026-07-27T16:21:33.214897
petitmarocain,bd6t5134501x,,failed,0,0,,http_manifest,known,403,manifest,"Client error '403 ' for url 'https://openapiproext.bnf.fr/iiif/presentation/v3/ark:/12148/bd6t5134501x/manifest.json'
For more information check: https://developer.mozilla.org/en-US/docs/Web/HTTP/Status/403",2026-07-27T16:21:34.308663
petitmarocain,bd6t51345029,,failed,0,0,,http_manifest,known,403,manifest,"Client error '403 ' for url 'https://openapiproext.bnf.fr/iiif/presentation/v3/ark:/12148/bd6t51345029/manifest.json'
For more information check: https://developer.mozilla.org/en-US/docs/Web/HTTP/Status/403",2026-07-27T16:21:35.640088
petitmarocain,bd6t5134503p,,failed,0,0,,http_manifest,known,403,manifest,"Client error '403 ' for url 'https://openapiproext.bnf.fr/iiif/presentation/v3/ark:/12148/bd6t5134503p/manifest.json'
For more information check: https://developer.mozilla.org/en-US/docs/Web/HTTP/Status/403",2026-07-27T16:21:36.810075
petitmarocain,bd6t51345042,,failed,0,0,,http_manifest,known,403,manifest,"Client error '403 ' for url 'https://openapiproext.bnf.fr/iiif/presentation/v3/ark:/12148/bd6t51345042/manifest.json'
For more information check: https://developer.mozilla.org/en-US/docs/Web/HTTP/Status/403",2026-07-27T16:21:38.262681
petitmarocain,bd6t5134505f,,failed,0,0,,http_manifest,known,403,manifest,"Client error '403 ' for url 'https://openapiproext.bnf.fr/iiif/presentation/v3/ark:/12148/bd6t5134505f/manifest.json'
For more information check: https://developer.mozilla.org/en-US/docs/Web/HTTP/Status/403",2026-07-27T16:21:39.356053
petitmarocain,bd6t5134506t,,failed,0,0,,http_manifest,known,403,manifest,"Client error '403 ' for url 'https://openapiproext.bnf.fr/iiif/presentation/v3/ark:/12148/bd6t5134506t/manifest.json'
For more information check: https://developer.mozilla.org/en-US/docs/Web/HTTP/Status/403",2026-07-27T16:21:40.322374
petitmarocain,bd6t51345076,,failed,0,0,,http_manifest,known,403,manifest,"Client error '403 ' for url 'https://openapiproext.bnf.fr/iiif/presentation/v3/ark:/12148/bd6t51345076/manifest.json'
For more information check: https://developer.mozilla.org/en-US/docs/Web/HTTP/Status/403",2026-07-27T16:21:41.778874
petitmarocain,bd6t5134508k,,failed,0,0,,http_manifest,known,403,manifest,"Client error '403 ' for url 'https://openapiproext.bnf.fr/iiif/presentation/v3/ark:/12148/bd6t5134508k/manifest.json'
For more information check: https://developer.mozilla.org/en-US/docs/Web/HTTP/Status/403",2026-07-27T16:21:42.732284
petitmarocain,bd6t5134509z,,failed,0,0,,http_manifest,known,403,manifest,"Client error '403 ' for url 'https://openapiproext.bnf.fr/iiif/presentation/v3/ark:/12148/bd6t5134509z/manifest.json'
For more information check: https://developer.mozilla.org/en-US/docs/Web/HTTP/Status/403",2026-07-27T16:21:43.944415
petitmarocain,bd6t5134510w,,failed,0,0,,http_manifest,known,403,manifest,"Client error '403 ' for url 'https://openapiproext.bnf.fr/iiif/presentation/v3/ark:/12148/bd6t5134510w/manifest.json'
For more information check: https://developer.mozilla.org/en-US/docs/Web/HTTP/Status/403",2026-07-27T16:21:45.130121
petitmarocain,bd6t51345118,,failed,0,0,,http_manifest,known,403,manifest,"Client error '403 ' for url 'https://openapiproext.bnf.fr/iiif/presentation/v3/ark:/12148/bd6t51345118/manifest.json'
For more information check: https://developer.mozilla.org/en-US/docs/Web/HTTP/Status/403",2026-07-27T16:21:46.326212
petitmarocain,bd6t5134512n,,failed,0,0,,http_manifest,known,403,manifest,"Client error '403 ' for url 'https://openapiproext.bnf.fr/iiif/presentation/v3/ark:/12148/bd6t5134512n/manifest.json'
For more information check: https://developer.mozilla.org/en-US/docs/Web/HTTP/Status/403",2026-07-27T16:21:47.530800
petitmarocain,bd6t51345131,,failed,0,0,,http_manifest,known,403,manifest,"Client error '403 ' for url 'https://openapiproext.bnf.fr/iiif/presentation/v3/ark:/12148/bd6t51345131/manifest.json'
For more information check: https://developer.mozilla.org/en-US/docs/Web/HTTP/Status/403",2026-07-27T16:21:48.722227
petitmarocain,bd6t5134514d,,failed,0,0,,http_manifest,known,403,manifest,"Client error '403 ' for url 'https://openapiproext.bnf.fr/iiif/presentation/v3/ark:/12148/bd6t5134514d/manifest.json'
For more information check: https://developer.mozilla.org/en-US/docs/Web/HTTP/Status/403",2026-07-27T16:21:49.927346
petitmarocain,bd6t5134515s,,failed,0,0,,http_manifest,known,403,manifest,"Client error '403 ' for url 'https://openapiproext.bnf.fr/iiif/presentation/v3/ark:/12148/bd6t5134515s/manifest.json'
For more information check: https://developer.mozilla.org/en-US/docs/Web/HTTP/Status/403",2026-07-27T16:21:51.442345
petitmarocain,bd6t51345165,,failed,0,0,,http_manifest,known,403,manifest,"Client error '403 ' for url 'https://openapiproext.bnf.fr/iiif/presentation/v3/ark:/12148/bd6t51345165/manifest.json'
For more information check: https://developer.mozilla.org/en-US/docs/Web/HTTP/Status/403",2026-07-27T16:21:52.460389
petitmarocain,bd6t5134517j,,failed,0,0,,http_manifest,known,403,manifest,"Client error '403 ' for url 'https://openapiproext.bnf.fr/iiif/presentation/v3/ark:/12148/bd6t5134517j/manifest.json'
For more information check: https://developer.mozilla.org/en-US/docs/Web/HTTP/Status/403",2026-07-27T16:21:53.620191
petitmarocain,bd6t5134518x,,failed,0,0,,http_manifest,known,403,manifest,"Client error '403 ' for url 'https://openapiproext.bnf.fr/iiif/presentation/v3/ark:/12148/bd6t5134518x/manifest.json'
For more information check: https://developer.mozilla.org/en-US/docs/Web/HTTP/Status/403",2026-07-27T16:21:54.739390
petitmarocain,bd6t51345199,,failed,0,0,,http_manifest,known,403,manifest,"Client error '403 ' for url 'https://openapiproext.bnf.fr/iiif/presentation/v3/ark:/12148/bd6t51345199/manifest.json'
For more information check: https://developer.mozilla.org/en-US/docs/Web/HTTP/Status/403",2026-07-27T16:21:55.961333
petitmarocain,bd6t51345207,,failed,0,0,,http_manifest,known,403,manifest,"Client error '403 ' for url 'https://openapiproext.bnf.fr/iiif/presentation/v3/ark:/12148/bd6t51345207/manifest.json'
For more information check: https://developer.mozilla.org/en-US/docs/Web/HTTP/Status/403",2026-07-27T16:21:57.140275
petitmarocain,bd6t5134521m,,failed,0,0,,http_manifest,known,403,manifest,"Client error '403 ' for url 'https://openapiproext.bnf.fr/iiif/presentation/v3/ark:/12148/bd6t5134521m/manifest.json'
For more information check: https://developer.mozilla.org/en-US/docs/Web/HTTP/Status/403",2026-07-27T16:21:58.467547
petitmarocain,bd6t51345220,,failed,0,0,,http_manifest,known,403,manifest,"Client error '403 ' for url 'https://openapiproext.bnf.fr/iiif/presentation/v3/ark:/12148/bd6t51345220/manifest.json'
For more information check: https://developer.mozilla.org/en-US/docs/Web/HTTP/Status/403",2026-07-27T16:21:59.539462
petitmarocain,bd6t5134523c,,failed,0,0,,http_manifest,known,403,manifest,"Client error '403 ' for url 'https://openapiproext.bnf.fr/iiif/presentation/v3/ark:/12148/bd6t5134523c/manifest.json'
For more information check: https://developer.mozilla.org/en-US/docs/Web/HTTP/Status/403",2026-07-27T16:22:00.740974
petitmarocain,bd6t5134524r,,failed,0,0,,http_manifest,known,403,manifest,"Client error '403 ' for url 'https://openapiproext.bnf.fr/iiif/presentation/v3/ark:/12148/bd6t5134524r/manifest.json'
For more information check: https://developer.mozilla.org/en-US/docs/Web/HTTP/Status/403",2026-07-27T16:22:01.941295
petitmarocain,bd6t51345254,,failed,0,0,,http_manifest,known,403,manifest,"Client error '403 ' for url 'https://openapiproext.bnf.fr/iiif/presentation/v3/ark:/12148/bd6t51345254/manifest.json'
For more information check: https://developer.mozilla.org/en-US/docs/Web/HTTP/Status/403",2026-07-27T16:22:03.145976
petitmarocain,bd6t5134526h,,failed,0,0,,http_manifest,known,403,manifest,"Client error '403 ' for url 'https://openapiproext.bnf.fr/iiif/presentation/v3/ark:/12148/bd6t5134526h/manifest.json'
For more information check: https://developer.mozilla.org/en-US/docs/Web/HTTP/Status/403",2026-07-27T16:22:04.345162
petitmarocain,bd6t5134527w,,failed,0,0,,http_manifest,known,403,manifest,"Client error '403 ' for url 'https://openapiproext.bnf.fr/iiif/presentation/v3/ark:/12148/bd6t5134527w/manifest.json'
For more information check: https://developer.mozilla.org/en-US/docs/Web/HTTP/Status/403",2026-07-27T16:22:05.548631
petitmarocain,bd6t51345288,,failed,0,0,,http_manifest,known,403,manifest,"Client error '403 ' for url 'https://openapiproext.bnf.fr/iiif/presentation/v3/ark:/12148/bd6t51345288/manifest.json'
For more information check: https://developer.mozilla.org/en-US/docs/Web/HTTP/Status/403",2026-07-27T16:22:06.750367
petitmarocain,bd6t5134529n,,failed,0,0,,http_manifest,known,403,manifest,"Client error '403 ' for url 'https://openapiproext.bnf.fr/iiif/presentation/v3/ark:/12148/bd6t5134529n/manifest.json'
For more information check: https://developer.mozilla.org/en-US/docs/Web/HTTP/Status/403",2026-07-27T16:22:07.977561
petitmarocain,bd6t5134530k,,failed,0,0,,http_manifest,known,403,manifest,"Client error '403 ' for url 'https://openapiproext.bnf.fr/iiif/presentation/v3/ark:/12148/bd6t5134530k/manifest.json'
For more information check: https://developer.mozilla.org/en-US/docs/Web/HTTP/Status/403",2026-07-27T16:22:09.156370
petitmarocain,bd6t5134531z,,failed,0,0,,http_manifest,known,403,manifest,"Client error '403 ' for url 'https://openapiproext.bnf.fr/iiif/presentation/v3/ark:/12148/bd6t5134531z/manifest.json'
For more information check: https://developer.mozilla.org/en-US/docs/Web/HTTP/Status/403",2026-07-27T16:22:10.354955
petitmarocain,bd6t51364452,,failed,0,0,,http_manifest,known,403,manifest,"Client error '403 ' for url 'https://openapiproext.bnf.fr/iiif/presentation/v3/ark:/12148/bd6t51364452/manifest.json'
For more information check: https://developer.mozilla.org/en-US/docs/Web/HTTP/Status/403",2026-07-27T16:22:11.561307
petitmarocain,bd6t5136446f,,failed,0,0,,http_manifest,known,403,manifest,"Client error '403 ' for url 'https://openapiproext.bnf.fr/iiif/presentation/v3/ark:/12148/bd6t5136446f/manifest.json'
For more information check: https://developer.mozilla.org/en-US/docs/Web/HTTP/Status/403",2026-07-27T16:22:12.758501
petitmarocain,bd6t5136447t,,failed,0,0,,http_manifest,known,403,manifest,"Client error '403 ' for url 'https://openapiproext.bnf.fr/iiif/presentation/v3/ark:/12148/bd6t5136447t/manifest.json'
For more information check: https://developer.mozilla.org/en-US/docs/Web/HTTP/Status/403",2026-07-27T16:22:13.975985
petitmarocain,bd6t51364486,,failed,0,0,,http_manifest,known,403,manifest,"Client error '403 ' for url 'https://openapiproext.bnf.fr/iiif/presentation/v3/ark:/12148/bd6t51364486/manifest.json'
For more information check: https://developer.mozilla.org/en-US/docs/Web/HTTP/Status/403",2026-07-27T16:22:15.165096
petitmarocain,bd6t5136449k,,failed,0,0,,http_manifest,known,403,manifest,"Client error '403 ' for url 'https://openapiproext.bnf.fr/iiif/presentation/v3/ark:/12148/bd6t5136449k/manifest.json'
For more information check: https://developer.mozilla.org/en-US/docs/Web/HTTP/Status/403",2026-07-27T16:22:16.365107
petitmarocain,bd6t5136450h,,failed,0,0,,http_manifest,known,403,manifest,"Client error '403 ' for url 'https://openapiproext.bnf.fr/iiif/presentation/v3/ark:/12148/bd6t5136450h/manifest.json'
For more information check: https://developer.mozilla.org/en-US/docs/Web/HTTP/Status/403",2026-07-27T16:22:17.574145
petitmarocain,bd6t5136451w,,failed,0,0,,http_manifest,known,403,manifest,"Client error '403 ' for url 'https://openapiproext.bnf.fr/iiif/presentation/v3/ark:/12148/bd6t5136451w/manifest.json'
For more information check: https://developer.mozilla.org/en-US/docs/Web/HTTP/Status/403",2026-07-27T16:22:18.772825
petitmarocain,bd6t51364528,,failed,0,0,,http_manifest,known,403,manifest,"Client error '403 ' for url 'https://openapiproext.bnf.fr/iiif/presentation/v3/ark:/12148/bd6t51364528/manifest.json'
For more information check: https://developer.mozilla.org/en-US/docs/Web/HTTP/Status/403",2026-07-27T16:22:19.974768
petitmarocain,bd6t5136453n,,failed,0,0,,http_manifest,known,403,manifest,"Client error '403 ' for url 'https://openapiproext.bnf.fr/iiif/presentation/v3/ark:/12148/bd6t5136453n/manifest.json'
For more information check: https://developer.mozilla.org/en-US/docs/Web/HTTP/Status/403",2026-07-27T16:22:21.173262
petitmarocain,bd6t51364541,,failed,0,0,,http_manifest,known,403,manifest,"Client error '403 ' for url 'https://openapiproext.bnf.fr/iiif/presentation/v3/ark:/12148/bd6t51364541/manifest.json'
For more information check: https://developer.mozilla.org/en-US/docs/Web/HTTP/Status/403",2026-07-27T16:22:22.375240
petitmarocain,bd6t5136455d,,failed,0,0,,http_manifest,known,403,manifest,"Client error '403 ' for url 'https://openapiproext.bnf.fr/iiif/presentation/v3/ark:/12148/bd6t5136455d/manifest.json'
For more information check: https://developer.mozilla.org/en-US/docs/Web/HTTP/Status/403",2026-07-27T16:22:23.581908
petitmarocain,bd6t5136456s,,failed,0,0,,http_manifest,known,403,manifest,"Client error '403 ' for url 'https://openapiproext.bnf.fr/iiif/presentation/v3/ark:/12148/bd6t5136456s/manifest.json'
For more information check: https://developer.mozilla.org/en-US/docs/Web/HTTP/Status/403",2026-07-27T16:22:24.774496
petitmarocain,bd6t51364575,,failed,0,0,,http_manifest,known,403,manifest,"Client error '403 ' for url 'https://openapiproext.bnf.fr/iiif/presentation/v3/ark:/12148/bd6t51364575/manifest.json'
For more information check: https://developer.mozilla.org/en-US/docs/Web/HTTP/Status/403",2026-07-27T16:22:26.000848
petitmarocain,bd6t5136458j,,failed,0,0,,http_manifest,known,403,manifest,"Client error '403 ' for url 'https://openapiproext.bnf.fr/iiif/presentation/v3/ark:/12148/bd6t5136458j/manifest.json'
For more information check: https://developer.mozilla.org/en-US/docs/Web/HTTP/Status/403",2026-07-27T16:22:27.182296
petitmarocain,bd6t5136459x,,failed,0,0,,http_manifest,known,403,manifest,"Client error '403 ' for url 'https://openapiproext.bnf.fr/iiif/presentation/v3/ark:/12148/bd6t5136459x/manifest.json'
For more information check: https://developer.mozilla.org/en-US/docs/Web/HTTP/Status/403",2026-07-27T16:22:28.380672
petitmarocain,bd6t5136460v,,failed,0,0,,http_manifest,known,403,manifest,"Client error '403 ' for url 'https://openapiproext.bnf.fr/iiif/presentation/v3/ark:/12148/bd6t5136460v/manifest.json'
For more information check: https://developer.mozilla.org/en-US/docs/Web/HTTP/Status/403",2026-07-27T16:22:29.611206
petitmarocain,bd6t51364617,,failed,0,0,,http_manifest,known,403,manifest,"Client error '403 ' for url 'https://openapiproext.bnf.fr/iiif/presentation/v3/ark:/12148/bd6t51364617/manifest.json'
For more information check: https://developer.mozilla.org/en-US/docs/Web/HTTP/Status/403",2026-07-27T16:22:30.788883
petitmarocain,bd6t5136462m,,failed,0,0,,http_manifest,known,403,manifest,"Client error '403 ' for url 'https://openapiproext.bnf.fr/iiif/presentation/v3/ark:/12148/bd6t5136462m/manifest.json'
For more information check: https://developer.mozilla.org/en-US/docs/Web/HTTP/Status/403",2026-07-27T16:22:32.063599
petitmarocain,bd6t51364630,,failed,0,0,,http_manifest,known,403,manifest,"Client error '403 ' for url 'https://openapiproext.bnf.fr/iiif/presentation/v3/ark:/12148/bd6t51364630/manifest.json'
For more information check: https://developer.mozilla.org/en-US/docs/Web/HTTP/Status/403",2026-07-27T16:22:33.339830
petitmarocain,bd6t5136464c,,failed,0,0,,http_manifest,known,403,manifest,"Client error '403 ' for url 'https://openapiproext.bnf.fr/iiif/presentation/v3/ark:/12148/bd6t5136464c/manifest.json'
For more information check: https://developer.mozilla.org/en-US/docs/Web/HTTP/Status/403",2026-07-27T16:22:34.401977
petitmarocain,bd6t5136465r,,failed,0,0,,http_manifest,known,403,manifest,"Client error '403 ' for url 'https://openapiproext.bnf.fr/iiif/presentation/v3/ark:/12148/bd6t5136465r/manifest.json'
For more information check: https://developer.mozilla.org/en-US/docs/Web/HTTP/Status/403",2026-07-27T16:22:35.685063
petitmarocain,bd6t51364664,,failed,0,0,,http_manifest,known,403,manifest,"Client error '403 ' for url 'https://openapiproext.bnf.fr/iiif/presentation/v3/ark:/12148/bd6t51364664/manifest.json'
For more information check: https://developer.mozilla.org/en-US/docs/Web/HTTP/Status/403",2026-07-27T16:22:36.926695
petitmarocain,bd6t5136467h,,failed,0,0,,http_manifest,known,403,manifest,"Client error '403 ' for url 'https://openapiproext.bnf.fr/iiif/presentation/v3/ark:/12148/bd6t5136467h/manifest.json'
For more information check: https://developer.mozilla.org/en-US/docs/Web/HTTP/Status/403",2026-07-27T16:22:38.288792
petitmarocain,bd6t5136468w,,failed,0,0,,http_manifest,known,403,manifest,"Client error '403 ' for url 'https://openapiproext.bnf.fr/iiif/presentation/v3/ark:/12148/bd6t5136468w/manifest.json'
For more information check: https://developer.mozilla.org/en-US/docs/Web/HTTP/Status/403",2026-07-27T16:22:39.363871
petitmarocain,bd6t51364698,,failed,0,0,,http_manifest,known,403,manifest,"Client error '403 ' for url 'https://openapiproext.bnf.fr/iiif/presentation/v3/ark:/12148/bd6t51364698/manifest.json'
For more information check: https://developer.mozilla.org/en-US/docs/Web/HTTP/Status/403",2026-07-27T16:22:40.527725
petitmarocain,bd6t51364706,,failed,0,0,,http_manifest,known,403,manifest,"Client error '403 ' for url 'https://openapiproext.bnf.fr/iiif/presentation/v3/ark:/12148/bd6t51364706/manifest.json'
For more information check: https://developer.mozilla.org/en-US/docs/Web/HTTP/Status/403",2026-07-27T16:22:41.608145
petitmarocain,bd6t5136471k,,failed,0,0,,http_manifest,known,403,manifest,"Client error '403 ' for url 'https://openapiproext.bnf.fr/iiif/presentation/v3/ark:/12148/bd6t5136471k/manifest.json'
For more information check: https://developer.mozilla.org/en-US/docs/Web/HTTP/Status/403",2026-07-27T16:22:43.026433
petitmarocain,bd6t5136472z,,failed,0,0,,http_manifest,known,403,manifest,"Client error '403 ' for url 'https://openapiproext.bnf.fr/iiif/presentation/v3/ark:/12148/bd6t5136472z/manifest.json'
For more information check: https://developer.mozilla.org/en-US/docs/Web/HTTP/Status/403",2026-07-27T16:22:44.033553
petitmarocain,bd6t5136473b,,failed,0,0,,http_manifest,known,403,manifest,"Client error '403 ' for url 'https://openapiproext.bnf.fr/iiif/presentation/v3/ark:/12148/bd6t5136473b/manifest.json'
For more information check: https://developer.mozilla.org/en-US/docs/Web/HTTP/Status/403",2026-07-27T16:22:45.262481
petitmarocain,bd6t5136474q,,failed,0,0,,http_manifest,known,403,manifest,"Client error '403 ' for url 'https://openapiproext.bnf.fr/iiif/presentation/v3/ark:/12148/bd6t5136474q/manifest.json'
For more information check: https://developer.mozilla.org/en-US/docs/Web/HTTP/Status/403",2026-07-27T16:22:46.422813
petitmarocain,bd6t51364753,,failed,0,0,,http_manifest,known,403,manifest,"Client error '403 ' for url 'https://openapiproext.bnf.fr/iiif/presentation/v3/ark:/12148/bd6t51364753/manifest.json'
For more information check: https://developer.mozilla.org/en-US/docs/Web/HTTP/Status/403",2026-07-27T16:22:47.756563
petitmarocain,bd6t5136476g,,failed,0,0,,http_manifest,known,403,manifest,"Client error '403 ' for url 'https://openapiproext.bnf.fr/iiif/presentation/v3/ark:/12148/bd6t5136476g/manifest.json'
For more information check: https://developer.mozilla.org/en-US/docs/Web/HTTP/Status/403",2026-07-27T16:22:48.811787
petitmarocain,bd6t5136477v,,failed,0,0,,http_manifest,known,403,manifest,"Client error '403 ' for url 'https://openapiproext.bnf.fr/iiif/presentation/v3/ark:/12148/bd6t5136477v/manifest.json'
For more information check: https://developer.mozilla.org/en-US/docs/Web/HTTP/Status/403",2026-07-27T16:22:50.015180
petitmarocain,bd6t51364787,,failed,0,0,,http_manifest,known,403,manifest,"Client error '403 ' for url 'https://openapiproext.bnf.fr/iiif/presentation/v3/ark:/12148/bd6t51364787/manifest.json'
For more information check: https://developer.mozilla.org/en-US/docs/Web/HTTP/Status/403",2026-07-27T16:22:51.218029
petitmarocain,bd6t5136479m,,failed,0,0,,http_manifest,known,403,manifest,"Client error '403 ' for url 'https://openapiproext.bnf.fr/iiif/presentation/v3/ark:/12148/bd6t5136479m/manifest.json'
For more information check: https://developer.mozilla.org/en-US/docs/Web/HTTP/Status/403",2026-07-27T16:22:52.415852
petitmarocain,bd6t5136480j,,failed,0,0,,http_manifest,known,403,manifest,"Client error '403 ' for url 'https://openapiproext.bnf.fr/iiif/presentation/v3/ark:/12148/bd6t5136480j/manifest.json'
For more information check: https://developer.mozilla.org/en-US/docs/Web/HTTP/Status/403",2026-07-27T16:22:53.622979
petitmarocain,bd6t5136481x,,failed,0,0,,http_manifest,known,403,manifest,"Client error '403 ' for url 'https://openapiproext.bnf.fr/iiif/presentation/v3/ark:/12148/bd6t5136481x/manifest.json'
For more information check: https://developer.mozilla.org/en-US/docs/Web/HTTP/Status/403",2026-07-27T16:22:54.819052
petitmarocain,bd6t51364829,,failed,0,0,,http_manifest,known,403,manifest,"Client error '403 ' for url 'https://openapiproext.bnf.fr/iiif/presentation/v3/ark:/12148/bd6t51364829/manifest.json'
For more information check: https://developer.mozilla.org/en-US/docs/Web/HTTP/Status/403",2026-07-27T16:22:56.045411
petitmarocain,bd6t5136483p,,failed,0,0,,http_manifest,known,403,manifest,"Client error '403 ' for url 'https://openapiproext.bnf.fr/iiif/presentation/v3/ark:/12148/bd6t5136483p/manifest.json'
For more information check: https://developer.mozilla.org/en-US/docs/Web/HTTP/Status/403",2026-07-27T16:22:57.224348
petitmarocain,bd6t51364842,,failed,0,0,,http_manifest,known,403,manifest,"Client error '403 ' for url 'https://openapiproext.bnf.fr/iiif/presentation/v3/ark:/12148/bd6t51364842/manifest.json'
For more information check: https://developer.mozilla.org/en-US/docs/Web/HTTP/Status/403",2026-07-27T16:22:58.427446
petitmarocain,bd6t5136485f,,failed,0,0,,http_manifest,known,403,manifest,"Client error '403 ' for url 'https://openapiproext.bnf.fr/iiif/presentation/v3/ark:/12148/bd6t5136485f/manifest.json'
For more information check: https://developer.mozilla.org/en-US/docs/Web/HTTP/Status/403",2026-07-27T16:22:59.629830
petitmarocain,bd6t5136486t,,failed,0,0,,http_manifest,known,403,manifest,"Client error '403 ' for url 'https://openapiproext.bnf.fr/iiif/presentation/v3/ark:/12148/bd6t5136486t/manifest.json'
For more information check: https://developer.mozilla.org/en-US/docs/Web/HTTP/Status/403",2026-07-27T16:23:00.836857
petitmarocain,bd6t51364876,,failed,0,0,,http_manifest,known,403,manifest,"Client error '403 ' for url 'https://openapiproext.bnf.fr/iiif/presentation/v3/ark:/12148/bd6t51364876/manifest.json'
For more information check: https://developer.mozilla.org/en-US/docs/Web/HTTP/Status/403",2026-07-27T16:23:02.088824
petitmarocain,bd6t5136488k,,failed,0,0,,http_manifest,known,403,manifest,"Client error '403 ' for url 'https://openapiproext.bnf.fr/iiif/presentation/v3/ark:/12148/bd6t5136488k/manifest.json'
For more information check: https://developer.mozilla.org/en-US/docs/Web/HTTP/Status/403",2026-07-27T16:23:03.232695
petitmarocain,bd6t5136489z,,failed,0,0,,http_manifest,known,403,manifest,"Client error '403 ' for url 'https://openapiproext.bnf.fr/iiif/presentation/v3/ark:/12148/bd6t5136489z/manifest.json'
For more information check: https://developer.mozilla.org/en-US/docs/Web/HTTP/Status/403",2026-07-27T16:23:04.433110
petitmarocain,bd6t5136490w,,failed,0,0,,http_manifest,known,403,manifest,"Client error '403 ' for url 'https://openapiproext.bnf.fr/iiif/presentation/v3/ark:/12148/bd6t5136490w/manifest.json'
For more information check: https://developer.mozilla.org/en-US/docs/Web/HTTP/Status/403",2026-07-27T16:23:05.634982
petitmarocain,bd6t51364918,,failed,0,0,,http_manifest,known,403,manifest,"Client error '403 ' for url 'https://openapiproext.bnf.fr/iiif/presentation/v3/ark:/12148/bd6t51364918/manifest.json'
For more information check: https://developer.mozilla.org/en-US/docs/Web/HTTP/Status/403",2026-07-27T16:23:06.839347
petitmarocain,bd6t5136492n,,failed,0,0,,http_manifest,known,403,manifest,"Client error '403 ' for url 'https://openapiproext.bnf.fr/iiif/presentation/v3/ark:/12148/bd6t5136492n/manifest.json'
For more information check: https://developer.mozilla.org/en-US/docs/Web/HTTP/Status/403",2026-07-27T16:23:08.065077
petitmarocain,bd6t51364931,,failed,0,0,,http_manifest,known,403,manifest,"Client error '403 ' for url 'https://openapiproext.bnf.fr/iiif/presentation/v3/ark:/12148/bd6t51364931/manifest.json'
For more information check: https://developer.mozilla.org/en-US/docs/Web/HTTP/Status/403",2026-07-27T16:23:09.244620
petitmarocain,bd6t5136494d,,failed,0,0,,http_manifest,known,403,manifest,"Client error '403 ' for url 'https://openapiproext.bnf.fr/iiif/presentation/v3/ark:/12148/bd6t5136494d/manifest.json'
For more information check: https://developer.mozilla.org/en-US/docs/Web/HTTP/Status/403",2026-07-27T16:23:10.441342
petitmarocain,bd6t5136495s,,failed,0,0,,http_manifest,known,403,manifest,"Client error '403 ' for url 'https://openapiproext.bnf.fr/iiif/presentation/v3/ark:/12148/bd6t5136495s/manifest.json'
For more information check: https://developer.mozilla.org/en-US/docs/Web/HTTP/Status/403",2026-07-27T16:23:11.641066
petitmarocain,bd6t51364965,,failed,0,0,,http_manifest,known,403,manifest,"Client error '403 ' for url 'https://openapiproext.bnf.fr/iiif/presentation/v3/ark:/12148/bd6t51364965/manifest.json'
For more information check: https://developer.mozilla.org/en-US/docs/Web/HTTP/Status/403",2026-07-27T16:23:12.847653
petitmarocain,bd6t5136497j,,failed,0,0,,http_manifest,known,403,manifest,"Client error '403 ' for url 'https://openapiproext.bnf.fr/iiif/presentation/v3/ark:/12148/bd6t5136497j/manifest.json'
For more information check: https://developer.mozilla.org/en-US/docs/Web/HTTP/Status/403",2026-07-27T16:23:14.052604
petitmarocain,bd6t5136498x,,failed,0,0,,http_manifest,known,403,manifest,"Client error '403 ' for url 'https://openapiproext.bnf.fr/iiif/presentation/v3/ark:/12148/bd6t5136498x/manifest.json'
For more information check: https://developer.mozilla.org/en-US/docs/Web/HTTP/Status/403",2026-07-27T16:23:15.248336
petitmarocain,bd6t51364999,,failed,0,0,,http_manifest,known,403,manifest,"Client error '403 ' for url 'https://openapiproext.bnf.fr/iiif/presentation/v3/ark:/12148/bd6t51364999/manifest.json'
For more information check: https://developer.mozilla.org/en-US/docs/Web/HTTP/Status/403",2026-07-27T16:23:16.446286
petitmarocain,bd6t51365003,,failed,0,0,,http_manifest,known,403,manifest,"Client error '403 ' for url 'https://openapiproext.bnf.fr/iiif/presentation/v3/ark:/12148/bd6t51365003/manifest.json'
For more information check: https://developer.mozilla.org/en-US/docs/Web/HTTP/Status/403",2026-07-27T16:23:17.650668
petitmarocain,bd6t5136501g,,failed,0,0,,http_manifest,known,403,manifest,"Client error '403 ' for url 'https://openapiproext.bnf.fr/iiif/presentation/v3/ark:/12148/bd6t5136501g/manifest.json'
For more information check: https://developer.mozilla.org/en-US/docs/Web/HTTP/Status/403",2026-07-27T16:23:18.848929
petitmarocain,bd6t5136502v,,failed,0,0,,http_manifest,known,403,manifest,"Client error '403 ' for url 'https://openapiproext.bnf.fr/iiif/presentation/v3/ark:/12148/bd6t5136502v/manifest.json'
For more information check: https://developer.mozilla.org/en-US/docs/Web/HTTP/Status/403",2026-07-27T16:23:20.079794
petitmarocain,bd6t51365037,,failed,0,0,,http_manifest,known,403,manifest,"Client error '403 ' for url 'https://openapiproext.bnf.fr/iiif/presentation/v3/ark:/12148/bd6t51365037/manifest.json'
For more information check: https://developer.mozilla.org/en-US/docs/Web/HTTP/Status/403",2026-07-27T16:23:21.258442
petitmarocain,bd6t5136504m,,failed,0,0,,http_manifest,known,403,manifest,"Client error '403 ' for url 'https://openapiproext.bnf.fr/iiif/presentation/v3/ark:/12148/bd6t5136504m/manifest.json'
For more information check: https://developer.mozilla.org/en-US/docs/Web/HTTP/Status/403",2026-07-27T16:23:22.461003
petitmarocain,bd6t51365050,,failed,0,0,,http_manifest,known,403,manifest,"Client error '403 ' for url 'https://openapiproext.bnf.fr/iiif/presentation/v3/ark:/12148/bd6t51365050/manifest.json'
For more information check: https://developer.mozilla.org/en-US/docs/Web/HTTP/Status/403",2026-07-27T16:23:23.657399
petitmarocain,bd6t5136506c,,failed,0,0,,http_manifest,known,403,manifest,"Client error '403 ' for url 'https://openapiproext.bnf.fr/iiif/presentation/v3/ark:/12148/bd6t5136506c/manifest.json'
For more information check: https://developer.mozilla.org/en-US/docs/Web/HTTP/Status/403",2026-07-27T16:23:24.864863
petitmarocain,bd6t5136507r,,failed,0,0,,http_manifest,known,403,manifest,"Client error '403 ' for url 'https://openapiproext.bnf.fr/iiif/presentation/v3/ark:/12148/bd6t5136507r/manifest.json'
For more information check: https://developer.mozilla.org/en-US/docs/Web/HTTP/Status/403",2026-07-27T16:23:26.066938
petitmarocain,bd6t51365084,,failed,0,0,,http_manifest,known,403,manifest,"Client error '403 ' for url 'https://openapiproext.bnf.fr/iiif/presentation/v3/ark:/12148/bd6t51365084/manifest.json'
For more information check: https://developer.mozilla.org/en-US/docs/Web/HTTP/Status/403",2026-07-27T16:23:27.265433
petitmarocain,bd6t5136509h,,failed,0,0,,http_manifest,known,403,manifest,"Client error '403 ' for url 'https://openapiproext.bnf.fr/iiif/presentation/v3/ark:/12148/bd6t5136509h/manifest.json'
For more information check: https://developer.mozilla.org/en-US/docs/Web/HTTP/Status/403",2026-07-27T16:23:28.472204
petitmarocain,bd6t5136510f,,failed,0,0,,http_manifest,known,403,manifest,"Client error '403 ' for url 'https://openapiproext.bnf.fr/iiif/presentation/v3/ark:/12148/bd6t5136510f/manifest.json'
For more information check: https://developer.mozilla.org/en-US/docs/Web/HTTP/Status/403",2026-07-27T16:23:29.758371
petitmarocain,bd6t5136511t,,failed,0,0,,http_manifest,known,403,manifest,"Client error '403 ' for url 'https://openapiproext.bnf.fr/iiif/presentation/v3/ark:/12148/bd6t5136511t/manifest.json'
For more information check: https://developer.mozilla.org/en-US/docs/Web/HTTP/Status/403",2026-07-27T16:23:30.883447
petitmarocain,bd6t51365126,,failed,0,0,,http_manifest,known,403,manifest,"Client error '403 ' for url 'https://openapiproext.bnf.fr/iiif/presentation/v3/ark:/12148/bd6t51365126/manifest.json'
For more information check: https://developer.mozilla.org/en-US/docs/Web/HTTP/Status/403",2026-07-27T16:23:32.219770
petitmarocain,bd6t5136513k,,failed,0,0,,http_manifest,known,403,manifest,"Client error '403 ' for url 'https://openapiproext.bnf.fr/iiif/presentation/v3/ark:/12148/bd6t5136513k/manifest.json'
For more information check: https://developer.mozilla.org/en-US/docs/Web/HTTP/Status/403",2026-07-27T16:23:33.386366
petitmarocain,bd6t5136514z,,failed,0,0,,http_manifest,known,403,manifest,"Client error '403 ' for url 'https://openapiproext.bnf.fr/iiif/presentation/v3/ark:/12148/bd6t5136514z/manifest.json'
For more information check: https://developer.mozilla.org/en-US/docs/Web/HTTP/Status/403",2026-07-27T16:23:34.478986
petitmarocain,bd6t5136515b,,failed,0,0,,http_manifest,known,403,manifest,"Client error '403 ' for url 'https://openapiproext.bnf.fr/iiif/presentation/v3/ark:/12148/bd6t5136515b/manifest.json'
For more information check: https://developer.mozilla.org/en-US/docs/Web/HTTP/Status/403",2026-07-27T16:23:35.675660
petitmarocain,bd6t5136516q,,failed,0,0,,http_manifest,known,403,manifest,"Client error '403 ' for url 'https://openapiproext.bnf.fr/iiif/presentation/v3/ark:/12148/bd6t5136516q/manifest.json'
For more information check: https://developer.mozilla.org/en-US/docs/Web/HTTP/Status/403",2026-07-27T16:23:37.053688
petitmarocain,bd6t51365173,,failed,0,0,,http_manifest,known,403,manifest,"Client error '403 ' for url 'https://openapiproext.bnf.fr/iiif/presentation/v3/ark:/12148/bd6t51365173/manifest.json'
For more information check: https://developer.mozilla.org/en-US/docs/Web/HTTP/Status/403",2026-07-27T16:23:38.316345
petitmarocain,bd6t5136518g,,failed,0,0,,http_manifest,known,403,manifest,"Client error '403 ' for url 'https://openapiproext.bnf.fr/iiif/presentation/v3/ark:/12148/bd6t5136518g/manifest.json'
For more information check: https://developer.mozilla.org/en-US/docs/Web/HTTP/Status/403",2026-07-27T16:23:39.292756
petitmarocain,bd6t5136519v,,failed,0,0,,http_manifest,known,403,manifest,"Client error '403 ' for url 'https://openapiproext.bnf.fr/iiif/presentation/v3/ark:/12148/bd6t5136519v/manifest.json'
For more information check: https://developer.mozilla.org/en-US/docs/Web/HTTP/Status/403",2026-07-27T16:23:40.493757
petitmarocain,bd6t5136520s,,failed,0,0,,http_manifest,known,403,manifest,"Client error '403 ' for url 'https://openapiproext.bnf.fr/iiif/presentation/v3/ark:/12148/bd6t5136520s/manifest.json'
For more information check: https://developer.mozilla.org/en-US/docs/Web/HTTP/Status/403",2026-07-27T16:23:41.693514
petitmarocain,bd6t51365215,,failed,0,0,,http_manifest,known,403,manifest,"Client error '403 ' for url 'https://openapiproext.bnf.fr/iiif/presentation/v3/ark:/12148/bd6t51365215/manifest.json'
For more information check: https://developer.mozilla.org/en-US/docs/Web/HTTP/Status/403",2026-07-27T16:23:42.888988
petitmarocain,bd6t5136522j,,failed,0,0,,http_manifest,known,403,manifest,"Client error '403 ' for url 'https://openapiproext.bnf.fr/iiif/presentation/v3/ark:/12148/bd6t5136522j/manifest.json'
For more information check: https://developer.mozilla.org/en-US/docs/Web/HTTP/Status/403",2026-07-27T16:23:44.088931
petitmarocain,bd6t5136523x,,failed,0,0,,http_manifest,known,403,manifest,"Client error '403 ' for url 'https://openapiproext.bnf.fr/iiif/presentation/v3/ark:/12148/bd6t5136523x/manifest.json'
For more information check: https://developer.mozilla.org/en-US/docs/Web/HTTP/Status/403",2026-07-27T16:23:45.413012
petitmarocain,bd6t51365249,,failed,0,0,,http_manifest,known,403,manifest,"Client error '403 ' for url 'https://openapiproext.bnf.fr/iiif/presentation/v3/ark:/12148/bd6t51365249/manifest.json'
For more information check: https://developer.mozilla.org/en-US/docs/Web/HTTP/Status/403",2026-07-27T16:23:46.490549
petitmarocain,bd6t5136525p,,failed,0,0,,http_manifest,known,403,manifest,"Client error '403 ' for url 'https://openapiproext.bnf.fr/iiif/presentation/v3/ark:/12148/bd6t5136525p/manifest.json'
For more information check: https://developer.mozilla.org/en-US/docs/Web/HTTP/Status/403",2026-07-27T16:23:47.863136
petitmarocain,bd6t51365262,,failed,0,0,,http_manifest,known,403,manifest,"Client error '403 ' for url 'https://openapiproext.bnf.fr/iiif/presentation/v3/ark:/12148/bd6t51365262/manifest.json'
For more information check: https://developer.mozilla.org/en-US/docs/Web/HTTP/Status/403",2026-07-27T16:23:48.993019
petitmarocain,bd6t5136527f,,failed,0,0,,http_manifest,known,403,manifest,"Client error '403 ' for url 'https://openapiproext.bnf.fr/iiif/presentation/v3/ark:/12148/bd6t5136527f/manifest.json'
For more information check: https://developer.mozilla.org/en-US/docs/Web/HTTP/Status/403",2026-07-27T16:23:50.129645
petitmarocain,bd6t5136528t,,failed,0,0,,http_manifest,known,403,manifest,"Client error '403 ' for url 'https://openapiproext.bnf.fr/iiif/presentation/v3/ark:/12148/bd6t5136528t/manifest.json'
For more information check: https://developer.mozilla.org/en-US/docs/Web/HTTP/Status/403",2026-07-27T16:23:51.300028
petitmarocain,bd6t51365296,,failed,0,0,,http_manifest,known,403,manifest,"Client error '403 ' for url 'https://openapiproext.bnf.fr/iiif/presentation/v3/ark:/12148/bd6t51365296/manifest.json'
For more information check: https://developer.mozilla.org/en-US/docs/Web/HTTP/Status/403",2026-07-27T16:23:52.505505
petitmarocain,bd6t51365304,,failed,0,0,,http_manifest,known,403,manifest,"Client error '403 ' for url 'https://openapiproext.bnf.fr/iiif/presentation/v3/ark:/12148/bd6t51365304/manifest.json'
For more information check: https://developer.mozilla.org/en-US/docs/Web/HTTP/Status/403",2026-07-27T16:23:53.876004
petitmarocain,bd6t5136531h,,failed,0,0,,http_manifest,known,403,manifest,"Client error '403 ' for url 'https://openapiproext.bnf.fr/iiif/presentation/v3/ark:/12148/bd6t5136531h/manifest.json'
For more information check: https://developer.mozilla.org/en-US/docs/Web/HTTP/Status/403",2026-07-27T16:23:54.925160
petitmarocain,bd6t5136532w,,failed,0,0,,http_manifest,known,403,manifest,"Client error '403 ' for url 'https://openapiproext.bnf.fr/iiif/presentation/v3/ark:/12148/bd6t5136532w/manifest.json'
For more information check: https://developer.mozilla.org/en-US/docs/Web/HTTP/Status/403",2026-07-27T16:23:56.109472
petitmarocain,bd6t51365338,,failed,0,0,,http_manifest,known,403,manifest,"Client error '403 ' for url 'https://openapiproext.bnf.fr/iiif/presentation/v3/ark:/12148/bd6t51365338/manifest.json'
For more information check: https://developer.mozilla.org/en-US/docs/Web/HTTP/Status/403",2026-07-27T16:23:57.311741
petitmarocain,bd6t5136534n,,failed,0,0,,http_manifest,known,403,manifest,"Client error '403 ' for url 'https://openapiproext.bnf.fr/iiif/presentation/v3/ark:/12148/bd6t5136534n/manifest.json'
For more information check: https://developer.mozilla.org/en-US/docs/Web/HTTP/Status/403",2026-07-27T16:23:58.514086
petitmarocain,bd6t5138514h,,failed,0,0,,http_manifest,known,403,manifest,"Client error '403 ' for url 'https://openapiproext.bnf.fr/iiif/presentation/v3/ark:/12148/bd6t5138514h/manifest.json'
For more information check: https://developer.mozilla.org/en-US/docs/Web/HTTP/Status/403",2026-07-27T16:23:59.710306
petitmarocain,bd6t5138515w,,failed,0,0,,http_manifest,known,403,manifest,"Client error '403 ' for url 'https://openapiproext.bnf.fr/iiif/presentation/v3/ark:/12148/bd6t5138515w/manifest.json'
For more information check: https://developer.mozilla.org/en-US/docs/Web/HTTP/Status/403",2026-07-27T16:24:00.912364
petitmarocain,bd6t51385168,,failed,0,0,,http_manifest,known,403,manifest,"Client error '403 ' for url 'https://openapiproext.bnf.fr/iiif/presentation/v3/ark:/12148/bd6t51385168/manifest.json'
For more information check: https://developer.mozilla.org/en-US/docs/Web/HTTP/Status/403",2026-07-27T16:24:02.138396
petitmarocain,bd6t5138517n,,failed,0,0,,http_manifest,known,403,manifest,"Client error '403 ' for url 'https://openapiproext.bnf.fr/iiif/presentation/v3/ark:/12148/bd6t5138517n/manifest.json'
For more information check: https://developer.mozilla.org/en-US/docs/Web/HTTP/Status/403",2026-07-27T16:24:03.325715
petitmarocain,bd6t51385181,,failed,0,0,,http_manifest,known,403,manifest,"Client error '403 ' for url 'https://openapiproext.bnf.fr/iiif/presentation/v3/ark:/12148/bd6t51385181/manifest.json'
For more information check: https://developer.mozilla.org/en-US/docs/Web/HTTP/Status/403",2026-07-27T16:24:04.525104
petitmarocain,bd6t5138519d,,failed,0,0,,http_manifest,known,403,manifest,"Client error '403 ' for url 'https://openapiproext.bnf.fr/iiif/presentation/v3/ark:/12148/bd6t5138519d/manifest.json'
For more information check: https://developer.mozilla.org/en-US/docs/Web/HTTP/Status/403",2026-07-27T16:24:05.720742
petitmarocain,bd6t5138520b,,failed,0,0,,http_manifest,known,403,manifest,"Client error '403 ' for url 'https://openapiproext.bnf.fr/iiif/presentation/v3/ark:/12148/bd6t5138520b/manifest.json'
For more information check: https://developer.mozilla.org/en-US/docs/Web/HTTP/Status/403",2026-07-27T16:24:06.923593
petitmarocain,bd6t5138521q,,failed,0,0,,http_manifest,known,403,manifest,"Client error '403 ' for url 'https://openapiproext.bnf.fr/iiif/presentation/v3/ark:/12148/bd6t5138521q/manifest.json'
For more information check: https://developer.mozilla.org/en-US/docs/Web/HTTP/Status/403",2026-07-27T16:24:08.154273
petitmarocain,bd6t51385223,,failed,0,0,,http_manifest,known,403,manifest,"Client error '403 ' for url 'https://openapiproext.bnf.fr/iiif/presentation/v3/ark:/12148/bd6t51385223/manifest.json'
For more information check: https://developer.mozilla.org/en-US/docs/Web/HTTP/Status/403",2026-07-27T16:24:09.326963
petitmarocain,bd6t5138523g,,failed,0,0,,http_manifest,known,403,manifest,"Client error '403 ' for url 'https://openapiproext.bnf.fr/iiif/presentation/v3/ark:/12148/bd6t5138523g/manifest.json'
For more information check: https://developer.mozilla.org/en-US/docs/Web/HTTP/Status/403",2026-07-27T16:24:10.531596
petitmarocain,bd6t5138524v,,failed,0,0,,http_manifest,known,403,manifest,"Client error '403 ' for url 'https://openapiproext.bnf.fr/iiif/presentation/v3/ark:/12148/bd6t5138524v/manifest.json'
For more information check: https://developer.mozilla.org/en-US/docs/Web/HTTP/Status/403",2026-07-27T16:24:11.733061
petitmarocain,bd6t51385257,,failed,0,0,,http_manifest,known,403,manifest,"Client error '403 ' for url 'https://openapiproext.bnf.fr/iiif/presentation/v3/ark:/12148/bd6t51385257/manifest.json'
For more information check: https://developer.mozilla.org/en-US/docs/Web/HTTP/Status/403",2026-07-27T16:24:12.937814
petitmarocain,bd6t5138526m,,failed,0,0,,http_manifest,known,403,manifest,"Client error '403 ' for url 'https://openapiproext.bnf.fr/iiif/presentation/v3/ark:/12148/bd6t5138526m/manifest.json'
For more information check: https://developer.mozilla.org/en-US/docs/Web/HTTP/Status/403",2026-07-27T16:24:14.144828
petitmarocain,bd6t51385270,,failed,0,0,,http_manifest,known,403,manifest,"Client error '403 ' for url 'https://openapiproext.bnf.fr/iiif/presentation/v3/ark:/12148/bd6t51385270/manifest.json'
For more information check: https://developer.mozilla.org/en-US/docs/Web/HTTP/Status/403",2026-07-27T16:24:15.333138
petitmarocain,bd6t5138528c,,failed,0,0,,http_manifest,known,403,manifest,"Client error '403 ' for url 'https://openapiproext.bnf.fr/iiif/presentation/v3/ark:/12148/bd6t5138528c/manifest.json'
For more information check: https://developer.mozilla.org/en-US/docs/Web/HTTP/Status/403",2026-07-27T16:24:16.535998
petitmarocain,bd6t5138529r,,failed,0,0,,http_manifest,known,403,manifest,"Client error '403 ' for url 'https://openapiproext.bnf.fr/iiif/presentation/v3/ark:/12148/bd6t5138529r/manifest.json'
For more information check: https://developer.mozilla.org/en-US/docs/Web/HTTP/Status/403",2026-07-27T16:24:17.738625
petitmarocain,bd6t5138530p,,failed,0,0,,http_manifest,known,403,manifest,"Client error '403 ' for url 'https://openapiproext.bnf.fr/iiif/presentation/v3/ark:/12148/bd6t5138530p/manifest.json'
For more information check: https://developer.mozilla.org/en-US/docs/Web/HTTP/Status/403",2026-07-27T16:24:18.944584
petitmarocain,bd6t51385312,,failed,0,0,,http_manifest,known,403,manifest,"Client error '403 ' for url 'https://openapiproext.bnf.fr/iiif/presentation/v3/ark:/12148/bd6t51385312/manifest.json'
For more information check: https://developer.mozilla.org/en-US/docs/Web/HTTP/Status/403",2026-07-27T16:24:20.163887
petitmarocain,bd6t5138532f,,failed,0,0,,http_manifest,known,403,manifest,"Client error '403 ' for url 'https://openapiproext.bnf.fr/iiif/presentation/v3/ark:/12148/bd6t5138532f/manifest.json'
For more information check: https://developer.mozilla.org/en-US/docs/Web/HTTP/Status/403",2026-07-27T16:24:21.346643
petitmarocain,bd6t5138533t,,failed,0,0,,http_manifest,known,403,manifest,"Client error '403 ' for url 'https://openapiproext.bnf.fr/iiif/presentation/v3/ark:/12148/bd6t5138533t/manifest.json'
For more information check: https://developer.mozilla.org/en-US/docs/Web/HTTP/Status/403",2026-07-27T16:24:22.550881
petitmarocain,bd6t51385346,,failed,0,0,,http_manifest,known,403,manifest,"Client error '403 ' for url 'https://openapiproext.bnf.fr/iiif/presentation/v3/ark:/12148/bd6t51385346/manifest.json'
For more information check: https://developer.mozilla.org/en-US/docs/Web/HTTP/Status/403",2026-07-27T16:24:23.750878
petitmarocain,bd6t5138535k,,failed,0,0,,http_manifest,known,403,manifest,"Client error '403 ' for url 'https://openapiproext.bnf.fr/iiif/presentation/v3/ark:/12148/bd6t5138535k/manifest.json'
For more information check: https://developer.mozilla.org/en-US/docs/Web/HTTP/Status/403",2026-07-27T16:24:24.946849
petitmarocain,bd6t5138536z,,failed,0,0,,http_manifest,known,403,manifest,"Client error '403 ' for url 'https://openapiproext.bnf.fr/iiif/presentation/v3/ark:/12148/bd6t5138536z/manifest.json'
For more information check: https://developer.mozilla.org/en-US/docs/Web/HTTP/Status/403",2026-07-27T16:24:26.150704
petitmarocain,bd6t5138537b,,failed,0,0,,http_manifest,known,403,manifest,"Client error '403 ' for url 'https://openapiproext.bnf.fr/iiif/presentation/v3/ark:/12148/bd6t5138537b/manifest.json'
For more information check: https://developer.mozilla.org/en-US/docs/Web/HTTP/Status/403",2026-07-27T16:24:27.352941
petitmarocain,bd6t5138538q,,failed,0,0,,http_manifest,known,403,manifest,"Client error '403 ' for url 'https://openapiproext.bnf.fr/iiif/presentation/v3/ark:/12148/bd6t5138538q/manifest.json'
For more information check: https://developer.mozilla.org/en-US/docs/Web/HTTP/Status/403",2026-07-27T16:24:28.556201
petitmarocain,bd6t51385393,,failed,0,0,,http_manifest,known,403,manifest,"Client error '403 ' for url 'https://openapiproext.bnf.fr/iiif/presentation/v3/ark:/12148/bd6t51385393/manifest.json'
For more information check: https://developer.mozilla.org/en-US/docs/Web/HTTP/Status/403",2026-07-27T16:24:29.758861
petitmarocain,bd6t51385401,,failed,0,0,,http_manifest,known,403,manifest,"Client error '403 ' for url 'https://openapiproext.bnf.fr/iiif/presentation/v3/ark:/12148/bd6t51385401/manifest.json'
For more information check: https://developer.mozilla.org/en-US/docs/Web/HTTP/Status/403",2026-07-27T16:24:31.147279
petitmarocain,bd6t5138541d,,failed,0,0,,http_manifest,known,403,manifest,"Client error '403 ' for url 'https://openapiproext.bnf.fr/iiif/presentation/v3/ark:/12148/bd6t5138541d/manifest.json'
For more information check: https://developer.mozilla.org/en-US/docs/Web/HTTP/Status/403",2026-07-27T16:24:32.186052
petitmarocain,bd6t5138542s,,failed,0,0,,http_manifest,known,403,manifest,"Client error '403 ' for url 'https://openapiproext.bnf.fr/iiif/presentation/v3/ark:/12148/bd6t5138542s/manifest.json'
For more information check: https://developer.mozilla.org/en-US/docs/Web/HTTP/Status/403",2026-07-27T16:24:33.366820
petitmarocain,bd6t51385435,,failed,0,0,,http_manifest,known,403,manifest,"Client error '403 ' for url 'https://openapiproext.bnf.fr/iiif/presentation/v3/ark:/12148/bd6t51385435/manifest.json'
For more information check: https://developer.mozilla.org/en-US/docs/Web/HTTP/Status/403",2026-07-27T16:24:34.569284
petitmarocain,bd6t5138544j,,failed,0,0,,http_manifest,known,403,manifest,"Client error '403 ' for url 'https://openapiproext.bnf.fr/iiif/presentation/v3/ark:/12148/bd6t5138544j/manifest.json'
For more information check: https://developer.mozilla.org/en-US/docs/Web/HTTP/Status/403",2026-07-27T16:24:35.773954
petitmarocain,bd6t5138545x,,failed,0,0,,http_manifest,known,403,manifest,"Client error '403 ' for url 'https://openapiproext.bnf.fr/iiif/presentation/v3/ark:/12148/bd6t5138545x/manifest.json'
For more information check: https://developer.mozilla.org/en-US/docs/Web/HTTP/Status/403",2026-07-27T16:24:37.128641
petitmarocain,bd6t51385469,,failed,0,0,,http_manifest,known,403,manifest,"Client error '403 ' for url 'https://openapiproext.bnf.fr/iiif/presentation/v3/ark:/12148/bd6t51385469/manifest.json'
For more information check: https://developer.mozilla.org/en-US/docs/Web/HTTP/Status/403",2026-07-27T16:24:38.200239
petitmarocain,bd6t5138547p,,failed,0,0,,http_manifest,known,403,manifest,"Client error '403 ' for url 'https://openapiproext.bnf.fr/iiif/presentation/v3/ark:/12148/bd6t5138547p/manifest.json'
For more information check: https://developer.mozilla.org/en-US/docs/Web/HTTP/Status/403",2026-07-27T16:24:39.496897
petitmarocain,bd6t51385482,,failed,0,0,,http_manifest,known,403,manifest,"Client error '403 ' for url 'https://openapiproext.bnf.fr/iiif/presentation/v3/ark:/12148/bd6t51385482/manifest.json'
For more information check: https://developer.mozilla.org/en-US/docs/Web/HTTP/Status/403",2026-07-27T16:24:40.574013
petitmarocain,bd6t5138549f,,failed,0,0,,http_manifest,known,403,manifest,"Client error '403 ' for url 'https://openapiproext.bnf.fr/iiif/presentation/v3/ark:/12148/bd6t5138549f/manifest.json'
For more information check: https://developer.mozilla.org/en-US/docs/Web/HTTP/Status/403",2026-07-27T16:24:41.973873
petitmarocain,bd6t5138550c,,failed,0,0,,http_manifest,known,403,manifest,"Client error '403 ' for url 'https://openapiproext.bnf.fr/iiif/presentation/v3/ark:/12148/bd6t5138550c/manifest.json'
For more information check: https://developer.mozilla.org/en-US/docs/Web/HTTP/Status/403",2026-07-27T16:24:42.980095
petitmarocain,bd6t5138551r,,failed,0,0,,http_manifest,known,403,manifest,"Client error '403 ' for url 'https://openapiproext.bnf.fr/iiif/presentation/v3/ark:/12148/bd6t5138551r/manifest.json'
For more information check: https://developer.mozilla.org/en-US/docs/Web/HTTP/Status/403",2026-07-27T16:24:44.178004
petitmarocain,bd6t51385524,,failed,0,0,,http_manifest,known,403,manifest,"Client error '403 ' for url 'https://openapiproext.bnf.fr/iiif/presentation/v3/ark:/12148/bd6t51385524/manifest.json'
For more information check: https://developer.mozilla.org/en-US/docs/Web/HTTP/Status/403",2026-07-27T16:24:45.486412
petitmarocain,bd6t5138553h,,failed,0,0,,http_manifest,known,403,manifest,"Client error '403 ' for url 'https://openapiproext.bnf.fr/iiif/presentation/v3/ark:/12148/bd6t5138553h/manifest.json'
For more information check: https://developer.mozilla.org/en-US/docs/Web/HTTP/Status/403",2026-07-27T16:24:46.833512
petitmarocain,bd6t5138554w,,failed,0,0,,http_manifest,known,403,manifest,"Client error '403 ' for url 'https://openapiproext.bnf.fr/iiif/presentation/v3/ark:/12148/bd6t5138554w/manifest.json'
For more information check: https://developer.mozilla.org/en-US/docs/Web/HTTP/Status/403",2026-07-27T16:24:48.074369
petitmarocain,bd6t51385558,,failed,0,0,,http_manifest,known,403,manifest,"Client error '403 ' for url 'https://openapiproext.bnf.fr/iiif/presentation/v3/ark:/12148/bd6t51385558/manifest.json'
For more information check: https://developer.mozilla.org/en-US/docs/Web/HTTP/Status/403",2026-07-27T16:24:49.110016
petitmarocain,bd6t5138556n,,failed,0,0,,http_manifest,known,403,manifest,"Client error '403 ' for url 'https://openapiproext.bnf.fr/iiif/presentation/v3/ark:/12148/bd6t5138556n/manifest.json'
For more information check: https://developer.mozilla.org/en-US/docs/Web/HTTP/Status/403",2026-07-27T16:24:50.209346
petitmarocain,bd6t51385571,,failed,0,0,,http_manifest,known,403,manifest,"Client error '403 ' for url 'https://openapiproext.bnf.fr/iiif/presentation/v3/ark:/12148/bd6t51385571/manifest.json'
For more information check: https://developer.mozilla.org/en-US/docs/Web/HTTP/Status/403",2026-07-27T16:24:51.387282
petitmarocain,bd6t5138558d,,failed,0,0,,http_manifest,known,403,manifest,"Client error '403 ' for url 'https://openapiproext.bnf.fr/iiif/presentation/v3/ark:/12148/bd6t5138558d/manifest.json'
For more information check: https://developer.mozilla.org/en-US/docs/Web/HTTP/Status/403",2026-07-27T16:24:52.607124
petitmarocain,bd6t5138559s,,failed,0,0,,http_manifest,known,403,manifest,"Client error '403 ' for url 'https://openapiproext.bnf.fr/iiif/presentation/v3/ark:/12148/bd6t5138559s/manifest.json'
For more information check: https://developer.mozilla.org/en-US/docs/Web/HTTP/Status/403",2026-07-27T16:24:53.947505
petitmarocain,bd6t5138560q,,failed,0,0,,http_manifest,known,403,manifest,"Client error '403 ' for url 'https://openapiproext.bnf.fr/iiif/presentation/v3/ark:/12148/bd6t5138560q/manifest.json'
For more information check: https://developer.mozilla.org/en-US/docs/Web/HTTP/Status/403",2026-07-27T16:24:54.999953
petitmarocain,bd6t51385613,,failed,0,0,,http_manifest,known,403,manifest,"Client error '403 ' for url 'https://openapiproext.bnf.fr/iiif/presentation/v3/ark:/12148/bd6t51385613/manifest.json'
For more information check: https://developer.mozilla.org/en-US/docs/Web/HTTP/Status/403",2026-07-27T16:24:56.191628
petitmarocain,bd6t5138562g,,failed,0,0,,http_manifest,known,403,manifest,"Client error '403 ' for url 'https://openapiproext.bnf.fr/iiif/presentation/v3/ark:/12148/bd6t5138562g/manifest.json'
For more information check: https://developer.mozilla.org/en-US/docs/Web/HTTP/Status/403",2026-07-27T16:24:57.393332
petitmarocain,bd6t5138563v,,failed,0,0,,http_manifest,known,403,manifest,"Client error '403 ' for url 'https://openapiproext.bnf.fr/iiif/presentation/v3/ark:/12148/bd6t5138563v/manifest.json'
For more information check: https://developer.mozilla.org/en-US/docs/Web/HTTP/Status/403",2026-07-27T16:24:58.944606
petitmarocain,bd6t51385647,,failed,0,0,,http_manifest,known,403,manifest,"Client error '403 ' for url 'https://openapiproext.bnf.fr/iiif/presentation/v3/ark:/12148/bd6t51385647/manifest.json'
For more information check: https://developer.mozilla.org/en-US/docs/Web/HTTP/Status/403",2026-07-27T16:24:59.791718
petitmarocain,bd6t5138565m,,failed,0,0,,http_manifest,known,403,manifest,"Client error '403 ' for url 'https://openapiproext.bnf.fr/iiif/presentation/v3/ark:/12148/bd6t5138565m/manifest.json'
For more information check: https://developer.mozilla.org/en-US/docs/Web/HTTP/Status/403",2026-07-27T16:25:01.002127
petitmarocain,bd6t51385660,,failed,0,0,,http_manifest,known,403,manifest,"Client error '403 ' for url 'https://openapiproext.bnf.fr/iiif/presentation/v3/ark:/12148/bd6t51385660/manifest.json'
For more information check: https://developer.mozilla.org/en-US/docs/Web/HTTP/Status/403",2026-07-27T16:25:02.270124
petitmarocain,bd6t5138567c,,failed,0,0,,http_manifest,known,403,manifest,"Client error '403 ' for url 'https://openapiproext.bnf.fr/iiif/presentation/v3/ark:/12148/bd6t5138567c/manifest.json'
For more information check: https://developer.mozilla.org/en-US/docs/Web/HTTP/Status/403",2026-07-27T16:25:03.402717
petitmarocain,bd6t5138568r,,failed,0,0,,http_manifest,known,403,manifest,"Client error '403 ' for url 'https://openapiproext.bnf.fr/iiif/presentation/v3/ark:/12148/bd6t5138568r/manifest.json'
For more information check: https://developer.mozilla.org/en-US/docs/Web/HTTP/Status/403",2026-07-27T16:25:04.600417
petitmarocain,bd6t51385694,,failed,0,0,,http_manifest,known,403,manifest,"Client error '403 ' for url 'https://openapiproext.bnf.fr/iiif/presentation/v3/ark:/12148/bd6t51385694/manifest.json'
For more information check: https://developer.mozilla.org/en-US/docs/Web/HTTP/Status/403",2026-07-27T16:25:05.803944
petitmarocain,bd6t51385702,,failed,0,0,,http_manifest,known,403,manifest,"Client error '403 ' for url 'https://openapiproext.bnf.fr/iiif/presentation/v3/ark:/12148/bd6t51385702/manifest.json'
For more information check: https://developer.mozilla.org/en-US/docs/Web/HTTP/Status/403",2026-07-27T16:25:07.022255
petitmarocain,bd6t5138571f,,failed,0,0,,http_manifest,known,403,manifest,"Client error '403 ' for url 'https://openapiproext.bnf.fr/iiif/presentation/v3/ark:/12148/bd6t5138571f/manifest.json'
For more information check: https://developer.mozilla.org/en-US/docs/Web/HTTP/Status/403",2026-07-27T16:25:08.235685
petitmarocain,bd6t5138572t,,failed,0,0,,http_manifest,known,403,manifest,"Client error '403 ' for url 'https://openapiproext.bnf.fr/iiif/presentation/v3/ark:/12148/bd6t5138572t/manifest.json'
For more information check: https://developer.mozilla.org/en-US/docs/Web/HTTP/Status/403",2026-07-27T16:25:09.425477
petitmarocain,bd6t51385736,,failed,0,0,,http_manifest,known,403,manifest,"Client error '403 ' for url 'https://openapiproext.bnf.fr/iiif/presentation/v3/ark:/12148/bd6t51385736/manifest.json'
For more information check: https://developer.mozilla.org/en-US/docs/Web/HTTP/Status/403",2026-07-27T16:25:10.620110
petitmarocain,bd6t5138574k,,failed,0,0,,http_manifest,known,403,manifest,"Client error '403 ' for url 'https://openapiproext.bnf.fr/iiif/presentation/v3/ark:/12148/bd6t5138574k/manifest.json'
For more information check: https://developer.mozilla.org/en-US/docs/Web/HTTP/Status/403",2026-07-27T16:25:11.837536
petitmarocain,bd6t5138575z,,failed,0,0,,http_manifest,known,403,manifest,"Client error '403 ' for url 'https://openapiproext.bnf.fr/iiif/presentation/v3/ark:/12148/bd6t5138575z/manifest.json'
For more information check: https://developer.mozilla.org/en-US/docs/Web/HTTP/Status/403",2026-07-27T16:25:13.027967
petitmarocain,bd6t5138576b,,failed,0,0,,http_manifest,known,403,manifest,"Client error '403 ' for url 'https://openapiproext.bnf.fr/iiif/presentation/v3/ark:/12148/bd6t5138576b/manifest.json'
For more information check: https://developer.mozilla.org/en-US/docs/Web/HTTP/Status/403",2026-07-27T16:25:14.239700
petitmarocain,bd6t5138577q,,failed,0,0,,http_manifest,known,403,manifest,"Client error '403 ' for url 'https://openapiproext.bnf.fr/iiif/presentation/v3/ark:/12148/bd6t5138577q/manifest.json'
For more information check: https://developer.mozilla.org/en-US/docs/Web/HTTP/Status/403",2026-07-27T16:25:15.425500
petitmarocain,bd6t51385783,,failed,0,0,,http_manifest,known,403,manifest,"Client error '403 ' for url 'https://openapiproext.bnf.fr/iiif/presentation/v3/ark:/12148/bd6t51385783/manifest.json'
For more information check: https://developer.mozilla.org/en-US/docs/Web/HTTP/Status/403",2026-07-27T16:25:16.631766
petitmarocain,bd6t5138579g,,failed,0,0,,http_manifest,known,403,manifest,"Client error '403 ' for url 'https://openapiproext.bnf.fr/iiif/presentation/v3/ark:/12148/bd6t5138579g/manifest.json'
For more information check: https://developer.mozilla.org/en-US/docs/Web/HTTP/Status/403",2026-07-27T16:25:17.833809
petitmarocain,bd6t5138580d,,failed,0,0,,http_manifest,known,403,manifest,"Client error '403 ' for url 'https://openapiproext.bnf.fr/iiif/presentation/v3/ark:/12148/bd6t5138580d/manifest.json'
For more information check: https://developer.mozilla.org/en-US/docs/Web/HTTP/Status/403",2026-07-27T16:25:19.030679
petitmarocain,bd6t5138581s,,failed,0,0,,http_manifest,known,403,manifest,"Client error '403 ' for url 'https://openapiproext.bnf.fr/iiif/presentation/v3/ark:/12148/bd6t5138581s/manifest.json'
For more information check: https://developer.mozilla.org/en-US/docs/Web/HTTP/Status/403",2026-07-27T16:25:20.230116
petitmarocain,bd6t51385825,,failed,0,0,,http_manifest,known,403,manifest,"Client error '403 ' for url 'https://openapiproext.bnf.fr/iiif/presentation/v3/ark:/12148/bd6t51385825/manifest.json'
For more information check: https://developer.mozilla.org/en-US/docs/Web/HTTP/Status/403",2026-07-27T16:25:21.436612
petitmarocain,bd6t5138583j,,failed,0,0,,http_manifest,known,403,manifest,"Client error '403 ' for url 'https://openapiproext.bnf.fr/iiif/presentation/v3/ark:/12148/bd6t5138583j/manifest.json'
For more information check: https://developer.mozilla.org/en-US/docs/Web/HTTP/Status/403",2026-07-27T16:25:22.647731
petitmarocain,bd6t5138584x,,failed,0,0,,http_manifest,known,403,manifest,"Client error '403 ' for url 'https://openapiproext.bnf.fr/iiif/presentation/v3/ark:/12148/bd6t5138584x/manifest.json'
For more information check: https://developer.mozilla.org/en-US/docs/Web/HTTP/Status/403",2026-07-27T16:25:23.869948
petitmarocain,bd6t51385859,,failed,0,0,,http_manifest,known,403,manifest,"Client error '403 ' for url 'https://openapiproext.bnf.fr/iiif/presentation/v3/ark:/12148/bd6t51385859/manifest.json'
For more information check: https://developer.mozilla.org/en-US/docs/Web/HTTP/Status/403",2026-07-27T16:25:25.048745
petitmarocain,bd6t5138586p,,failed,0,0,,http_manifest,known,403,manifest,"Client error '403 ' for url 'https://openapiproext.bnf.fr/iiif/presentation/v3/ark:/12148/bd6t5138586p/manifest.json'
For more information check: https://developer.mozilla.org/en-US/docs/Web/HTTP/Status/403",2026-07-27T16:25:26.269919
petitmarocain,bd6t51385872,,failed,0,0,,http_manifest,known,403,manifest,"Client error '403 ' for url 'https://openapiproext.bnf.fr/iiif/presentation/v3/ark:/12148/bd6t51385872/manifest.json'
For more information check: https://developer.mozilla.org/en-US/docs/Web/HTTP/Status/403",2026-07-27T16:25:27.446121
petitmarocain,bd6t5138588f,,failed,0,0,,http_manifest,known,403,manifest,"Client error '403 ' for url 'https://openapiproext.bnf.fr/iiif/presentation/v3/ark:/12148/bd6t5138588f/manifest.json'
For more information check: https://developer.mozilla.org/en-US/docs/Web/HTTP/Status/403",2026-07-27T16:25:28.649111
petitmarocain,bd6t5138589t,,failed,0,0,,http_manifest,known,403,manifest,"Client error '403 ' for url 'https://openapiproext.bnf.fr/iiif/presentation/v3/ark:/12148/bd6t5138589t/manifest.json'
For more information check: https://developer.mozilla.org/en-US/docs/Web/HTTP/Status/403",2026-07-27T16:25:30.103713
petitmarocain,bd6t5138590r,,failed,0,0,,http_manifest,known,403,manifest,"Client error '403 ' for url 'https://openapiproext.bnf.fr/iiif/presentation/v3/ark:/12148/bd6t5138590r/manifest.json'
For more information check: https://developer.mozilla.org/en-US/docs/Web/HTTP/Status/403",2026-07-27T16:25:31.062702
petitmarocain,bd6t51385914,,failed,0,0,,http_manifest,known,403,manifest,"Client error '403 ' for url 'https://openapiproext.bnf.fr/iiif/presentation/v3/ark:/12148/bd6t51385914/manifest.json'
For more information check: https://developer.mozilla.org/en-US/docs/Web/HTTP/Status/403",2026-07-27T16:25:32.562801
petitmarocain,bd6t5138592h,,failed,0,0,,http_manifest,known,403,manifest,"Client error '403 ' for url 'https://openapiproext.bnf.fr/iiif/presentation/v3/ark:/12148/bd6t5138592h/manifest.json'
For more information check: https://developer.mozilla.org/en-US/docs/Web/HTTP/Status/403",2026-07-27T16:25:33.536842
petitmarocain,bd6t5138593w,,failed,0,0,,http_manifest,known,403,manifest,"Client error '403 ' for url 'https://openapiproext.bnf.fr/iiif/presentation/v3/ark:/12148/bd6t5138593w/manifest.json'
For more information check: https://developer.mozilla.org/en-US/docs/Web/HTTP/Status/403",2026-07-27T16:25:34.818376
petitmarocain,bd6t51385948,,failed,0,0,,http_manifest,known,403,manifest,"Client error '403 ' for url 'https://openapiproext.bnf.fr/iiif/presentation/v3/ark:/12148/bd6t51385948/manifest.json'
For more information check: https://developer.mozilla.org/en-US/docs/Web/HTTP/Status/403",2026-07-27T16:25:35.962958
petitmarocain,bd6t5138595n,,failed,0,0,,http_manifest,known,403,manifest,"Client error '403 ' for url 'https://openapiproext.bnf.fr/iiif/presentation/v3/ark:/12148/bd6t5138595n/manifest.json'
For more information check: https://developer.mozilla.org/en-US/docs/Web/HTTP/Status/403",2026-07-27T16:25:37.260386
petitmarocain,bd6t51385961,,failed,0,0,,http_manifest,known,403,manifest,"Client error '403 ' for url 'https://openapiproext.bnf.fr/iiif/presentation/v3/ark:/12148/bd6t51385961/manifest.json'
For more information check: https://developer.mozilla.org/en-US/docs/Web/HTTP/Status/403",2026-07-27T16:25:38.474786
petitmarocain,bd6t5138597d,,failed,0,0,,http_manifest,known,403,manifest,"Client error '403 ' for url 'https://openapiproext.bnf.fr/iiif/presentation/v3/ark:/12148/bd6t5138597d/manifest.json'
For more information check: https://developer.mozilla.org/en-US/docs/Web/HTTP/Status/403",2026-07-27T16:25:39.608493
petitmarocain,bd6t5138598s,,failed,0,0,,http_manifest,known,403,manifest,"Client error '403 ' for url 'https://openapiproext.bnf.fr/iiif/presentation/v3/ark:/12148/bd6t5138598s/manifest.json'
For more information check: https://developer.mozilla.org/en-US/docs/Web/HTTP/Status/403",2026-07-27T16:25:40.827533
petitmarocain,bd6t51385995,,failed,0,0,,http_manifest,known,403,manifest,"Client error '403 ' for url 'https://openapiproext.bnf.fr/iiif/presentation/v3/ark:/12148/bd6t51385995/manifest.json'
For more information check: https://developer.mozilla.org/en-US/docs/Web/HTTP/Status/403",2026-07-27T16:25:41.923529
petitmarocain,bd6t5138600z,,failed,0,0,,http_manifest,known,403,manifest,"Client error '403 ' for url 'https://openapiproext.bnf.fr/iiif/presentation/v3/ark:/12148/bd6t5138600z/manifest.json'
For more information check: https://developer.mozilla.org/en-US/docs/Web/HTTP/Status/403",2026-07-27T16:25:43.110265
petitmarocain,bd6t5138601b,,failed,0,0,,http_manifest,known,403,manifest,"Client error '403 ' for url 'https://openapiproext.bnf.fr/iiif/presentation/v3/ark:/12148/bd6t5138601b/manifest.json'
For more information check: https://developer.mozilla.org/en-US/docs/Web/HTTP/Status/403",2026-07-27T16:25:44.301567
petitmarocain,bd6t5138602q,,failed,0,0,,http_manifest,known,403,manifest,"Client error '403 ' for url 'https://openapiproext.bnf.fr/iiif/presentation/v3/ark:/12148/bd6t5138602q/manifest.json'
For more information check: https://developer.mozilla.org/en-US/docs/Web/HTTP/Status/403",2026-07-27T16:25:45.475179
petitmarocain,bd6t51386033,,failed,0,0,,http_manifest,known,403,manifest,"Client error '403 ' for url 'https://openapiproext.bnf.fr/iiif/presentation/v3/ark:/12148/bd6t51386033/manifest.json'
For more information check: https://developer.mozilla.org/en-US/docs/Web/HTTP/Status/403",2026-07-27T16:25:46.702649
petitmarocain,bd6t5138604g,,failed,0,0,,http_manifest,known,403,manifest,"Client error '403 ' for url 'https://openapiproext.bnf.fr/iiif/presentation/v3/ark:/12148/bd6t5138604g/manifest.json'
For more information check: https://developer.mozilla.org/en-US/docs/Web/HTTP/Status/403",2026-07-27T16:25:47.879641
petitmarocain,bd6t5138605v,,failed,0,0,,http_manifest,known,403,manifest,"Client error '403 ' for url 'https://openapiproext.bnf.fr/iiif/presentation/v3/ark:/12148/bd6t5138605v/manifest.json'
For more information check: https://developer.mozilla.org/en-US/docs/Web/HTTP/Status/403",2026-07-27T16:25:49.075164
petitmarocain,bd6t5138817k,,failed,0,0,,http_manifest,known,403,manifest,"Client error '403 ' for url 'https://openapiproext.bnf.fr/iiif/presentation/v3/ark:/12148/bd6t5138817k/manifest.json'
For more information check: https://developer.mozilla.org/en-US/docs/Web/HTTP/Status/403",2026-07-27T16:25:50.277638
petitmarocain,bd6t5138847m,,failed,0,0,,http_manifest,known,403,manifest,"Client error '403 ' for url 'https://openapiproext.bnf.fr/iiif/presentation/v3/ark:/12148/bd6t5138847m/manifest.json'
For more information check: https://developer.mozilla.org/en-US/docs/Web/HTTP/Status/403",2026-07-27T16:25:51.491556
petitmarocain,bd6t5138818z,,failed,0,0,,http_manifest,known,403,manifest,"Client error '403 ' for url 'https://openapiproext.bnf.fr/iiif/presentation/v3/ark:/12148/bd6t5138818z/manifest.json'
For more information check: https://developer.mozilla.org/en-US/docs/Web/HTTP/Status/403",2026-07-27T16:25:52.683464
petitmarocain,bd6t5138819b,,failed,0,0,,http_manifest,known,403,manifest,"Client error '403 ' for url 'https://openapiproext.bnf.fr/iiif/presentation/v3/ark:/12148/bd6t5138819b/manifest.json'
For more information check: https://developer.mozilla.org/en-US/docs/Web/HTTP/Status/403",2026-07-27T16:25:53.880560
petitmarocain,bd6t51388208,,failed,0,0,,http_manifest,known,403,manifest,"Client error '403 ' for url 'https://openapiproext.bnf.fr/iiif/presentation/v3/ark:/12148/bd6t51388208/manifest.json'
For more information check: https://developer.mozilla.org/en-US/docs/Web/HTTP/Status/403",2026-07-27T16:25:55.089058
petitmarocain,bd6t5138821n,,failed,0,0,,http_manifest,known,403,manifest,"Client error '403 ' for url 'https://openapiproext.bnf.fr/iiif/presentation/v3/ark:/12148/bd6t5138821n/manifest.json'
For more information check: https://developer.mozilla.org/en-US/docs/Web/HTTP/Status/403",2026-07-27T16:25:56.321752
petitmarocain,bd6t51388221,,failed,0,0,,http_manifest,known,403,manifest,"Client error '403 ' for url 'https://openapiproext.bnf.fr/iiif/presentation/v3/ark:/12148/bd6t51388221/manifest.json'
For more information check: https://developer.mozilla.org/en-US/docs/Web/HTTP/Status/403",2026-07-27T16:25:57.487509
petitmarocain,bd6t5138823d,,failed,0,0,,http_manifest,known,403,manifest,"Client error '403 ' for url 'https://openapiproext.bnf.fr/iiif/presentation/v3/ark:/12148/bd6t5138823d/manifest.json'
For more information check: https://developer.mozilla.org/en-US/docs/Web/HTTP/Status/403",2026-07-27T16:25:58.690331
petitmarocain,bd6t5138824s,,failed,0,0,,http_manifest,known,403,manifest,"Client error '403 ' for url 'https://openapiproext.bnf.fr/iiif/presentation/v3/ark:/12148/bd6t5138824s/manifest.json'
For more information check: https://developer.mozilla.org/en-US/docs/Web/HTTP/Status/403",2026-07-27T16:25:59.894699
petitmarocain,bd6t51388255,,failed,0,0,,http_manifest,known,403,manifest,"Client error '403 ' for url 'https://openapiproext.bnf.fr/iiif/presentation/v3/ark:/12148/bd6t51388255/manifest.json'
For more information check: https://developer.mozilla.org/en-US/docs/Web/HTTP/Status/403",2026-07-27T16:26:01.097257
petitmarocain,bd6t5138826j,,failed,0,0,,http_manifest,known,403,manifest,"Client error '403 ' for url 'https://openapiproext.bnf.fr/iiif/presentation/v3/ark:/12148/bd6t5138826j/manifest.json'
For more information check: https://developer.mozilla.org/en-US/docs/Web/HTTP/Status/403",2026-07-27T16:26:02.322959
petitmarocain,bd6t5138827x,,failed,0,0,,http_manifest,known,403,manifest,"Client error '403 ' for url 'https://openapiproext.bnf.fr/iiif/presentation/v3/ark:/12148/bd6t5138827x/manifest.json'
For more information check: https://developer.mozilla.org/en-US/docs/Web/HTTP/Status/403",2026-07-27T16:26:03.493091
petitmarocain,bd6t51388289,,failed,0,0,,http_manifest,known,403,manifest,"Client error '403 ' for url 'https://openapiproext.bnf.fr/iiif/presentation/v3/ark:/12148/bd6t51388289/manifest.json'
For more information check: https://developer.mozilla.org/en-US/docs/Web/HTTP/Status/403",2026-07-27T16:26:04.701442
petitmarocain,bd6t5138829p,,failed,0,0,,http_manifest,known,403,manifest,"Client error '403 ' for url 'https://openapiproext.bnf.fr/iiif/presentation/v3/ark:/12148/bd6t5138829p/manifest.json'
For more information check: https://developer.mozilla.org/en-US/docs/Web/HTTP/Status/403",2026-07-27T16:26:05.893942
petitmarocain,bd6t5138830m,,failed,0,0,,http_manifest,known,403,manifest,"Client error '403 ' for url 'https://openapiproext.bnf.fr/iiif/presentation/v3/ark:/12148/bd6t5138830m/manifest.json'
For more information check: https://developer.mozilla.org/en-US/docs/Web/HTTP/Status/403",2026-07-27T16:26:07.100114
petitmarocain,bd6t51388310,,failed,0,0,,http_manifest,known,403,manifest,"Client error '403 ' for url 'https://openapiproext.bnf.fr/iiif/presentation/v3/ark:/12148/bd6t51388310/manifest.json'
For more information check: https://developer.mozilla.org/en-US/docs/Web/HTTP/Status/403",2026-07-27T16:26:08.305144
petitmarocain,bd6t5138832c,,failed,0,0,,http_manifest,known,403,manifest,"Client error '403 ' for url 'https://openapiproext.bnf.fr/iiif/presentation/v3/ark:/12148/bd6t5138832c/manifest.json'
For more information check: https://developer.mozilla.org/en-US/docs/Web/HTTP/Status/403",2026-07-27T16:26:09.512479
petitmarocain,bd6t5138833r,,failed,0,0,,http_manifest,known,403,manifest,"Client error '403 ' for url 'https://openapiproext.bnf.fr/iiif/presentation/v3/ark:/12148/bd6t5138833r/manifest.json'
For more information check: https://developer.mozilla.org/en-US/docs/Web/HTTP/Status/403",2026-07-27T16:26:10.704785
petitmarocain,bd6t51388344,,failed,0,0,,http_manifest,known,403,manifest,"Client error '403 ' for url 'https://openapiproext.bnf.fr/iiif/presentation/v3/ark:/12148/bd6t51388344/manifest.json'
For more information check: https://developer.mozilla.org/en-US/docs/Web/HTTP/Status/403",2026-07-27T16:26:11.909491
petitmarocain,bd6t5138835h,,failed,0,0,,http_manifest,known,403,manifest,"Client error '403 ' for url 'https://openapiproext.bnf.fr/iiif/presentation/v3/ark:/12148/bd6t5138835h/manifest.json'
For more information check: https://developer.mozilla.org/en-US/docs/Web/HTTP/Status/403",2026-07-27T16:26:13.119845
petitmarocain,bd6t5138836w,,failed,0,0,,http_manifest,known,403,manifest,"Client error '403 ' for url 'https://openapiproext.bnf.fr/iiif/presentation/v3/ark:/12148/bd6t5138836w/manifest.json'
For more information check: https://developer.mozilla.org/en-US/docs/Web/HTTP/Status/403",2026-07-27T16:26:14.345633
petitmarocain,bd6t51388378,,failed,0,0,,http_manifest,known,403,manifest,"Client error '403 ' for url 'https://openapiproext.bnf.fr/iiif/presentation/v3/ark:/12148/bd6t51388378/manifest.json'
For more information check: https://developer.mozilla.org/en-US/docs/Web/HTTP/Status/403",2026-07-27T16:26:15.516509
petitmarocain,bd6t5138838n,,failed,0,0,,http_manifest,known,403,manifest,"Client error '403 ' for url 'https://openapiproext.bnf.fr/iiif/presentation/v3/ark:/12148/bd6t5138838n/manifest.json'
For more information check: https://developer.mozilla.org/en-US/docs/Web/HTTP/Status/403",2026-07-27T16:26:16.715527
petitmarocain,bd6t51388391,,failed,0,0,,http_manifest,known,403,manifest,"Client error '403 ' for url 'https://openapiproext.bnf.fr/iiif/presentation/v3/ark:/12148/bd6t51388391/manifest.json'
For more information check: https://developer.mozilla.org/en-US/docs/Web/HTTP/Status/403",2026-07-27T16:26:17.918140
petitmarocain,bd6t5138840z,,failed,0,0,,http_manifest,known,403,manifest,"Client error '403 ' for url 'https://openapiproext.bnf.fr/iiif/presentation/v3/ark:/12148/bd6t5138840z/manifest.json'
For more information check: https://developer.mozilla.org/en-US/docs/Web/HTTP/Status/403",2026-07-27T16:26:19.125895
petitmarocain,bd6t5138841b,,failed,0,0,,http_manifest,known,403,manifest,"Client error '403 ' for url 'https://openapiproext.bnf.fr/iiif/presentation/v3/ark:/12148/bd6t5138841b/manifest.json'
For more information check: https://developer.mozilla.org/en-US/docs/Web/HTTP/Status/403",2026-07-27T16:26:20.330923
petitmarocain,bd6t5138842q,,failed,0,0,,http_manifest,known,403,manifest,"Client error '403 ' for url 'https://openapiproext.bnf.fr/iiif/presentation/v3/ark:/12148/bd6t5138842q/manifest.json'
For more information check: https://developer.mozilla.org/en-US/docs/Web/HTTP/Status/403",2026-07-27T16:26:21.521306
petitmarocain,bd6t51388433,,failed,0,0,,http_manifest,known,403,manifest,"Client error '403 ' for url 'https://openapiproext.bnf.fr/iiif/presentation/v3/ark:/12148/bd6t51388433/manifest.json'
For more information check: https://developer.mozilla.org/en-US/docs/Web/HTTP/Status/403",2026-07-27T16:26:22.744803
petitmarocain,bd6t5138844g,,failed,0,0,,http_manifest,known,403,manifest,"Client error '403 ' for url 'https://openapiproext.bnf.fr/iiif/presentation/v3/ark:/12148/bd6t5138844g/manifest.json'
For more information check: https://developer.mozilla.org/en-US/docs/Web/HTTP/Status/403",2026-07-27T16:26:23.930973
petitmarocain,bd6t5138845v,,failed,0,0,,http_manifest,known,403,manifest,"Client error '403 ' for url 'https://openapiproext.bnf.fr/iiif/presentation/v3/ark:/12148/bd6t5138845v/manifest.json'
For more information check: https://developer.mozilla.org/en-US/docs/Web/HTTP/Status/403",2026-07-27T16:26:25.129783
petitmarocain,bd6t51388467,,failed,0,0,,http_manifest,known,403,manifest,"Client error '403 ' for url 'https://openapiproext.bnf.fr/iiif/presentation/v3/ark:/12148/bd6t51388467/manifest.json'
For more information check: https://developer.mozilla.org/en-US/docs/Web/HTTP/Status/403",2026-07-27T16:26:26.348830
petitmarocain,bd6t51388480,,failed,0,0,,http_manifest,known,403,manifest,"Client error '403 ' for url 'https://openapiproext.bnf.fr/iiif/presentation/v3/ark:/12148/bd6t51388480/manifest.json'
For more information check: https://developer.mozilla.org/en-US/docs/Web/HTTP/Status/403",2026-07-27T16:26:27.535342
petitmarocain,bd6t5138849c,,failed,0,0,,http_manifest,known,403,manifest,"Client error '403 ' for url 'https://openapiproext.bnf.fr/iiif/presentation/v3/ark:/12148/bd6t5138849c/manifest.json'
For more information check: https://developer.mozilla.org/en-US/docs/Web/HTTP/Status/403",2026-07-27T16:26:28.737534
petitmarocain,bd6t51388509,,failed,0,0,,http_manifest,known,403,manifest,"Client error '403 ' for url 'https://openapiproext.bnf.fr/iiif/presentation/v3/ark:/12148/bd6t51388509/manifest.json'
For more information check: https://developer.mozilla.org/en-US/docs/Web/HTTP/Status/403",2026-07-27T16:26:30.182052
petitmarocain,bd6t5138851p,,failed,0,0,,http_manifest,known,403,manifest,"Client error '403 ' for url 'https://openapiproext.bnf.fr/iiif/presentation/v3/ark:/12148/bd6t5138851p/manifest.json'
For more information check: https://developer.mozilla.org/en-US/docs/Web/HTTP/Status/403",2026-07-27T16:26:31.191956
petitmarocain,bd6t51388522,,failed,0,0,,http_manifest,known,403,manifest,"Client error '403 ' for url 'https://openapiproext.bnf.fr/iiif/presentation/v3/ark:/12148/bd6t51388522/manifest.json'
For more information check: https://developer.mozilla.org/en-US/docs/Web/HTTP/Status/403",2026-07-27T16:26:32.633092
petitmarocain,bd6t5138853f,,failed,0,0,,http_manifest,known,403,manifest,"Client error '403 ' for url 'https://openapiproext.bnf.fr/iiif/presentation/v3/ark:/12148/bd6t5138853f/manifest.json'
For more information check: https://developer.mozilla.org/en-US/docs/Web/HTTP/Status/403",2026-07-27T16:26:33.831092
petitmarocain,bd6t5138854t,,failed,0,0,,http_manifest,known,403,manifest,"Client error '403 ' for url 'https://openapiproext.bnf.fr/iiif/presentation/v3/ark:/12148/bd6t5138854t/manifest.json'
For more information check: https://developer.mozilla.org/en-US/docs/Web/HTTP/Status/403",2026-07-27T16:26:34.755090
petitmarocain,bd6t51388556,,failed,0,0,,http_manifest,known,403,manifest,"Client error '403 ' for url 'https://openapiproext.bnf.fr/iiif/presentation/v3/ark:/12148/bd6t51388556/manifest.json'
For more information check: https://developer.mozilla.org/en-US/docs/Web/HTTP/Status/403",2026-07-27T16:26:36.040070
petitmarocain,bd6t5138856k,,failed,0,0,,http_manifest,known,403,manifest,"Client error '403 ' for url 'https://openapiproext.bnf.fr/iiif/presentation/v3/ark:/12148/bd6t5138856k/manifest.json'
For more information check: https://developer.mozilla.org/en-US/docs/Web/HTTP/Status/403",2026-07-27T16:26:37.307362
petitmarocain,bd6t5138857z,,failed,0,0,,http_manifest,known,403,manifest,"Client error '403 ' for url 'https://openapiproext.bnf.fr/iiif/presentation/v3/ark:/12148/bd6t5138857z/manifest.json'
For more information check: https://developer.mozilla.org/en-US/docs/Web/HTTP/Status/403",2026-07-27T16:26:38.689092
petitmarocain,bd6t5138858b,,failed,0,0,,http_manifest,known,403,manifest,"Client error '403 ' for url 'https://openapiproext.bnf.fr/iiif/presentation/v3/ark:/12148/bd6t5138858b/manifest.json'
For more information check: https://developer.mozilla.org/en-US/docs/Web/HTTP/Status/403",2026-07-27T16:26:39.722802
petitmarocain,bd6t5138859q,,failed,0,0,,http_manifest,known,403,manifest,"Client error '403 ' for url 'https://openapiproext.bnf.fr/iiif/presentation/v3/ark:/12148/bd6t5138859q/manifest.json'
For more information check: https://developer.mozilla.org/en-US/docs/Web/HTTP/Status/403",2026-07-27T16:26:40.929565
petitmarocain,bd6t5138860n,,failed,0,0,,http_manifest,known,403,manifest,"Client error '403 ' for url 'https://openapiproext.bnf.fr/iiif/presentation/v3/ark:/12148/bd6t5138860n/manifest.json'
For more information check: https://developer.mozilla.org/en-US/docs/Web/HTTP/Status/403",2026-07-27T16:26:41.958968
petitmarocain,bd6t51388611,,failed,0,0,,http_manifest,known,403,manifest,"Client error '403 ' for url 'https://openapiproext.bnf.fr/iiif/presentation/v3/ark:/12148/bd6t51388611/manifest.json'
For more information check: https://developer.mozilla.org/en-US/docs/Web/HTTP/Status/403",2026-07-27T16:26:43.165066
petitmarocain,bd6t5138862d,,failed,0,0,,http_manifest,known,403,manifest,"Client error '403 ' for url 'https://openapiproext.bnf.fr/iiif/presentation/v3/ark:/12148/bd6t5138862d/manifest.json'
For more information check: https://developer.mozilla.org/en-US/docs/Web/HTTP/Status/403",2026-07-27T16:26:44.377930
petitmarocain,bd6t5138863s,,failed,0,0,,http_manifest,known,403,manifest,"Client error '403 ' for url 'https://openapiproext.bnf.fr/iiif/presentation/v3/ark:/12148/bd6t5138863s/manifest.json'
For more information check: https://developer.mozilla.org/en-US/docs/Web/HTTP/Status/403",2026-07-27T16:26:45.695313
petitmarocain,bd6t51388645,,failed,0,0,,http_manifest,known,403,manifest,"Client error '403 ' for url 'https://openapiproext.bnf.fr/iiif/presentation/v3/ark:/12148/bd6t51388645/manifest.json'
For more information check: https://developer.mozilla.org/en-US/docs/Web/HTTP/Status/403",2026-07-27T16:26:46.762782
petitmarocain,bd6t5138865j,,failed,0,0,,http_manifest,known,403,manifest,"Client error '403 ' for url 'https://openapiproext.bnf.fr/iiif/presentation/v3/ark:/12148/bd6t5138865j/manifest.json'
For more information check: https://developer.mozilla.org/en-US/docs/Web/HTTP/Status/403",2026-07-27T16:26:47.974127
petitmarocain,bd6t5138866x,,failed,0,0,,http_manifest,known,403,manifest,"Client error '403 ' for url 'https://openapiproext.bnf.fr/iiif/presentation/v3/ark:/12148/bd6t5138866x/manifest.json'
For more information check: https://developer.mozilla.org/en-US/docs/Web/HTTP/Status/403",2026-07-27T16:26:49.165034
petitmarocain,bd6t51388679,,failed,0,0,,http_manifest,known,403,manifest,"Client error '403 ' for url 'https://openapiproext.bnf.fr/iiif/presentation/v3/ark:/12148/bd6t51388679/manifest.json'
For more information check: https://developer.mozilla.org/en-US/docs/Web/HTTP/Status/403",2026-07-27T16:26:50.378294
petitmarocain,bd6t5138868p,,failed,0,0,,http_manifest,known,403,manifest,"Client error '403 ' for url 'https://openapiproext.bnf.fr/iiif/presentation/v3/ark:/12148/bd6t5138868p/manifest.json'
For more information check: https://developer.mozilla.org/en-US/docs/Web/HTTP/Status/403",2026-07-27T16:26:51.572188
petitmarocain,bd6t51388692,,failed,0,0,,http_manifest,known,403,manifest,"Client error '403 ' for url 'https://openapiproext.bnf.fr/iiif/presentation/v3/ark:/12148/bd6t51388692/manifest.json'
For more information check: https://developer.mozilla.org/en-US/docs/Web/HTTP/Status/403",2026-07-27T16:26:52.763577
petitmarocain,bd6t51388700,,failed,0,0,,http_manifest,known,403,manifest,"Client error '403 ' for url 'https://openapiproext.bnf.fr/iiif/presentation/v3/ark:/12148/bd6t51388700/manifest.json'
For more information check: https://developer.mozilla.org/en-US/docs/Web/HTTP/Status/403",2026-07-27T16:26:53.970238
petitmarocain,bd6t5138871c,,failed,0,0,,http_manifest,known,403,manifest,"Client error '403 ' for url 'https://openapiproext.bnf.fr/iiif/presentation/v3/ark:/12148/bd6t5138871c/manifest.json'
For more information check: https://developer.mozilla.org/en-US/docs/Web/HTTP/Status/403",2026-07-27T16:26:55.178781
petitmarocain,bd6t5138872r,,failed,0,0,,http_manifest,known,403,manifest,"Client error '403 ' for url 'https://openapiproext.bnf.fr/iiif/presentation/v3/ark:/12148/bd6t5138872r/manifest.json'
For more information check: https://developer.mozilla.org/en-US/docs/Web/HTTP/Status/403",2026-07-27T16:26:56.392326
petitmarocain,bd6t51388734,,failed,0,0,,http_manifest,known,403,manifest,"Client error '403 ' for url 'https://openapiproext.bnf.fr/iiif/presentation/v3/ark:/12148/bd6t51388734/manifest.json'
For more information check: https://developer.mozilla.org/en-US/docs/Web/HTTP/Status/403",2026-07-27T16:26:57.575664
petitmarocain,bd6t5138874h,,failed,0,0,,http_manifest,known,403,manifest,"Client error '403 ' for url 'https://openapiproext.bnf.fr/iiif/presentation/v3/ark:/12148/bd6t5138874h/manifest.json'
For more information check: https://developer.mozilla.org/en-US/docs/Web/HTTP/Status/403",2026-07-27T16:26:58.779205
petitmarocain,bd6t5138875w,,failed,0,0,,http_manifest,known,403,manifest,"Client error '403 ' for url 'https://openapiproext.bnf.fr/iiif/presentation/v3/ark:/12148/bd6t5138875w/manifest.json'
For more information check: https://developer.mozilla.org/en-US/docs/Web/HTTP/Status/403",2026-07-27T16:26:59.987806
petitmarocain,bd6t51388768,,failed,0,0,,http_manifest,known,403,manifest,"Client error '403 ' for url 'https://openapiproext.bnf.fr/iiif/presentation/v3/ark:/12148/bd6t51388768/manifest.json'
For more information check: https://developer.mozilla.org/en-US/docs/Web/HTTP/Status/403",2026-07-27T16:27:01.179657
petitmarocain,bd6t5138877n,,failed,0,0,,http_manifest,known,403,manifest,"Client error '403 ' for url 'https://openapiproext.bnf.fr/iiif/presentation/v3/ark:/12148/bd6t5138877n/manifest.json'
For more information check: https://developer.mozilla.org/en-US/docs/Web/HTTP/Status/403",2026-07-27T16:27:02.432529
petitmarocain,bd6t51388781,,failed,0,0,,http_manifest,known,403,manifest,"Client error '403 ' for url 'https://openapiproext.bnf.fr/iiif/presentation/v3/ark:/12148/bd6t51388781/manifest.json'
For more information check: https://developer.mozilla.org/en-US/docs/Web/HTTP/Status/403",2026-07-27T16:27:03.581466
petitmarocain,bd6t5138879d,,failed,0,0,,http_manifest,known,403,manifest,"Client error '403 ' for url 'https://openapiproext.bnf.fr/iiif/presentation/v3/ark:/12148/bd6t5138879d/manifest.json'
For more information check: https://developer.mozilla.org/en-US/docs/Web/HTTP/Status/403",2026-07-27T16:27:04.784518
petitmarocain,bd6t5138880b,,failed,0,0,,http_manifest,known,403,manifest,"Client error '403 ' for url 'https://openapiproext.bnf.fr/iiif/presentation/v3/ark:/12148/bd6t5138880b/manifest.json'
For more information check: https://developer.mozilla.org/en-US/docs/Web/HTTP/Status/403",2026-07-27T16:27:05.993821
petitmarocain,bd6t5138881q,,failed,0,0,,http_manifest,known,403,manifest,"Client error '403 ' for url 'https://openapiproext.bnf.fr/iiif/presentation/v3/ark:/12148/bd6t5138881q/manifest.json'
For more information check: https://developer.mozilla.org/en-US/docs/Web/HTTP/Status/403",2026-07-27T16:27:07.188074
petitmarocain,bd6t51388823,,failed,0,0,,http_manifest,known,403,manifest,"Client error '403 ' for url 'https://openapiproext.bnf.fr/iiif/presentation/v3/ark:/12148/bd6t51388823/manifest.json'
For more information check: https://developer.mozilla.org/en-US/docs/Web/HTTP/Status/403",2026-07-27T16:27:08.428328
petitmarocain,bd6t5138883g,,failed,0,0,,http_manifest,known,403,manifest,"Client error '403 ' for url 'https://openapiproext.bnf.fr/iiif/presentation/v3/ark:/12148/bd6t5138883g/manifest.json'
For more information check: https://developer.mozilla.org/en-US/docs/Web/HTTP/Status/403",2026-07-27T16:27:09.592096
petitmarocain,bd6t5138884v,,failed,0,0,,http_manifest,known,403,manifest,"Client error '403 ' for url 'https://openapiproext.bnf.fr/iiif/presentation/v3/ark:/12148/bd6t5138884v/manifest.json'
For more information check: https://developer.mozilla.org/en-US/docs/Web/HTTP/Status/403",2026-07-27T16:27:10.793057
petitmarocain,bd6t51388857,,failed,0,0,,http_manifest,known,403,manifest,"Client error '403 ' for url 'https://openapiproext.bnf.fr/iiif/presentation/v3/ark:/12148/bd6t51388857/manifest.json'
For more information check: https://developer.mozilla.org/en-US/docs/Web/HTTP/Status/403",2026-07-27T16:27:11.992864
petitmarocain,bd6t5138886m,,failed,0,0,,http_manifest,known,403,manifest,"Client error '403 ' for url 'https://openapiproext.bnf.fr/iiif/presentation/v3/ark:/12148/bd6t5138886m/manifest.json'
For more information check: https://developer.mozilla.org/en-US/docs/Web/HTTP/Status/403",2026-07-27T16:27:13.194353
petitmarocain,bd6t51388870,,failed,0,0,,http_manifest,known,403,manifest,"Client error '403 ' for url 'https://openapiproext.bnf.fr/iiif/presentation/v3/ark:/12148/bd6t51388870/manifest.json'
For more information check: https://developer.mozilla.org/en-US/docs/Web/HTTP/Status/403",2026-07-27T16:27:14.440081
petitmarocain,bd6t5138888c,,failed,0,0,,http_manifest,known,403,manifest,"Client error '403 ' for url 'https://openapiproext.bnf.fr/iiif/presentation/v3/ark:/12148/bd6t5138888c/manifest.json'
For more information check: https://developer.mozilla.org/en-US/docs/Web/HTTP/Status/403",2026-07-27T16:27:15.597648
petitmarocain,bd6t5138889r,,failed,0,0,,http_manifest,known,403,manifest,"Client error '403 ' for url 'https://openapiproext.bnf.fr/iiif/presentation/v3/ark:/12148/bd6t5138889r/manifest.json'
For more information check: https://developer.mozilla.org/en-US/docs/Web/HTTP/Status/403",2026-07-27T16:27:16.819879
petitmarocain,bd6t5138890p,,failed,0,0,,http_manifest,known,403,manifest,"Client error '403 ' for url 'https://openapiproext.bnf.fr/iiif/presentation/v3/ark:/12148/bd6t5138890p/manifest.json'
For more information check: https://developer.mozilla.org/en-US/docs/Web/HTTP/Status/403",2026-07-27T16:27:17.999523
petitmarocain,bd6t51388912,,failed,0,0,,http_manifest,known,403,manifest,"Client error '403 ' for url 'https://openapiproext.bnf.fr/iiif/presentation/v3/ark:/12148/bd6t51388912/manifest.json'
For more information check: https://developer.mozilla.org/en-US/docs/Web/HTTP/Status/403",2026-07-27T16:27:19.203194
petitmarocain,bd6t5138892f,,failed,0,0,,http_manifest,known,403,manifest,"Client error '403 ' for url 'https://openapiproext.bnf.fr/iiif/presentation/v3/ark:/12148/bd6t5138892f/manifest.json'
For more information check: https://developer.mozilla.org/en-US/docs/Web/HTTP/Status/403",2026-07-27T16:27:20.408526
petitmarocain,bd6t5138893t,,failed,0,0,,http_manifest,known,403,manifest,"Client error '403 ' for url 'https://openapiproext.bnf.fr/iiif/presentation/v3/ark:/12148/bd6t5138893t/manifest.json'
For more information check: https://developer.mozilla.org/en-US/docs/Web/HTTP/Status/403",2026-07-27T16:27:21.610355
petitmarocain,bd6t51388946,,failed,0,0,,http_manifest,known,403,manifest,"Client error '403 ' for url 'https://openapiproext.bnf.fr/iiif/presentation/v3/ark:/12148/bd6t51388946/manifest.json'
For more information check: https://developer.mozilla.org/en-US/docs/Web/HTTP/Status/403",2026-07-27T16:27:22.809678
petitmarocain,bd6t5138895k,,failed,0,0,,http_manifest,known,403,manifest,"Client error '403 ' for url 'https://openapiproext.bnf.fr/iiif/presentation/v3/ark:/12148/bd6t5138895k/manifest.json'
For more information check: https://developer.mozilla.org/en-US/docs/Web/HTTP/Status/403",2026-07-27T16:27:24.010379
petitmarocain,bd6t5138896z,,failed,0,0,,http_manifest,known,403,manifest,"Client error '403 ' for url 'https://openapiproext.bnf.fr/iiif/presentation/v3/ark:/12148/bd6t5138896z/manifest.json'
For more information check: https://developer.mozilla.org/en-US/docs/Web/HTTP/Status/403",2026-07-27T16:27:25.209988
petitmarocain,bd6t5138897b,,failed,0,0,,http_manifest,known,403,manifest,"Client error '403 ' for url 'https://openapiproext.bnf.fr/iiif/presentation/v3/ark:/12148/bd6t5138897b/manifest.json'
For more information check: https://developer.mozilla.org/en-US/docs/Web/HTTP/Status/403",2026-07-27T16:27:26.439962
petitmarocain,bd6t5138898q,,failed,0,0,,http_manifest,known,403,manifest,"Client error '403 ' for url 'https://openapiproext.bnf.fr/iiif/presentation/v3/ark:/12148/bd6t5138898q/manifest.json'
For more information check: https://developer.mozilla.org/en-US/docs/Web/HTTP/Status/403",2026-07-27T16:27:27.617634
petitmarocain,bd6t51388993,,failed,0,0,,http_manifest,known,403,manifest,"Client error '403 ' for url 'https://openapiproext.bnf.fr/iiif/presentation/v3/ark:/12148/bd6t51388993/manifest.json'
For more information check: https://developer.mozilla.org/en-US/docs/Web/HTTP/Status/403",2026-07-27T16:27:28.818405
petitmarocain,bd6t5138900w,,failed,0,0,,http_manifest,known,403,manifest,"Client error '403 ' for url 'https://openapiproext.bnf.fr/iiif/presentation/v3/ark:/12148/bd6t5138900w/manifest.json'
For more information check: https://developer.mozilla.org/en-US/docs/Web/HTTP/Status/403",2026-07-27T16:27:30.212137
petitmarocain,bd6t51389018,,failed,0,0,,http_manifest,known,403,manifest,"Client error '403 ' for url 'https://openapiproext.bnf.fr/iiif/presentation/v3/ark:/12148/bd6t51389018/manifest.json'
For more information check: https://developer.mozilla.org/en-US/docs/Web/HTTP/Status/403",2026-07-27T16:27:31.343817
petitmarocain,bd6t5138902n,,failed,0,0,,http_manifest,known,403,manifest,"Client error '403 ' for url 'https://openapiproext.bnf.fr/iiif/presentation/v3/ark:/12148/bd6t5138902n/manifest.json'
For more information check: https://developer.mozilla.org/en-US/docs/Web/HTTP/Status/403",2026-07-27T16:27:32.440007
petitmarocain,bd6t51389031,,failed,0,0,,http_manifest,known,403,manifest,"Client error '403 ' for url 'https://openapiproext.bnf.fr/iiif/presentation/v3/ark:/12148/bd6t51389031/manifest.json'
For more information check: https://developer.mozilla.org/en-US/docs/Web/HTTP/Status/403",2026-07-27T16:27:33.636489
petitmarocain,bd6t5138904d,,failed,0,0,,http_manifest,known,403,manifest,"Client error '403 ' for url 'https://openapiproext.bnf.fr/iiif/presentation/v3/ark:/12148/bd6t5138904d/manifest.json'
For more information check: https://developer.mozilla.org/en-US/docs/Web/HTTP/Status/403",2026-07-27T16:27:34.827168
petitmarocain,bd6t5138905s,,failed,0,0,,http_manifest,known,403,manifest,"Client error '403 ' for url 'https://openapiproext.bnf.fr/iiif/presentation/v3/ark:/12148/bd6t5138905s/manifest.json'
For more information check: https://developer.mozilla.org/en-US/docs/Web/HTTP/Status/403",2026-07-27T16:27:36.121471
petitmarocain,bd6t51389065,,failed,0,0,,http_manifest,known,403,manifest,"Client error '403 ' for url 'https://openapiproext.bnf.fr/iiif/presentation/v3/ark:/12148/bd6t51389065/manifest.json'
For more information check: https://developer.mozilla.org/en-US/docs/Web/HTTP/Status/403",2026-07-27T16:27:37.323168
petitmarocain,bd6t51379091,,failed,0,0,,http_manifest,known,403,manifest,"Client error '403 ' for url 'https://openapiproext.bnf.fr/iiif/presentation/v3/ark:/12148/bd6t51379091/manifest.json'
For more information check: https://developer.mozilla.org/en-US/docs/Web/HTTP/Status/403",2026-07-27T16:27:38.552721
petitmarocain,bd6t5137910z,,failed,0,0,,http_manifest,known,403,manifest,"Client error '403 ' for url 'https://openapiproext.bnf.fr/iiif/presentation/v3/ark:/12148/bd6t5137910z/manifest.json'
For more information check: https://developer.mozilla.org/en-US/docs/Web/HTTP/Status/403",2026-07-27T16:27:39.742948
petitmarocain,bd6t5137911b,,failed,0,0,,http_manifest,known,403,manifest,"Client error '403 ' for url 'https://openapiproext.bnf.fr/iiif/presentation/v3/ark:/12148/bd6t5137911b/manifest.json'
For more information check: https://developer.mozilla.org/en-US/docs/Web/HTTP/Status/403",2026-07-27T16:27:40.842934
petitmarocain,bd6t5137912q,,failed,0,0,,http_manifest,known,403,manifest,"Client error '403 ' for url 'https://openapiproext.bnf.fr/iiif/presentation/v3/ark:/12148/bd6t5137912q/manifest.json'
For more information check: https://developer.mozilla.org/en-US/docs/Web/HTTP/Status/403",2026-07-27T16:27:42.232012
petitmarocain,bd6t51379133,,failed,0,0,,http_manifest,known,403,manifest,"Client error '403 ' for url 'https://openapiproext.bnf.fr/iiif/presentation/v3/ark:/12148/bd6t51379133/manifest.json'
For more information check: https://developer.mozilla.org/en-US/docs/Web/HTTP/Status/403",2026-07-27T16:27:43.248826
petitmarocain,bd6t5137914g,,failed,0,0,,http_manifest,known,403,manifest,"Client error '403 ' for url 'https://openapiproext.bnf.fr/iiif/presentation/v3/ark:/12148/bd6t5137914g/manifest.json'
For more information check: https://developer.mozilla.org/en-US/docs/Web/HTTP/Status/403",2026-07-27T16:27:44.481346
petitmarocain,bd6t5137915v,,failed,0,0,,http_manifest,known,403,manifest,"Client error '403 ' for url 'https://openapiproext.bnf.fr/iiif/presentation/v3/ark:/12148/bd6t5137915v/manifest.json'
For more information check: https://developer.mozilla.org/en-US/docs/Web/HTTP/Status/403",2026-07-27T16:27:45.759295
petitmarocain,bd6t51379167,,failed,0,0,,http_manifest,known,403,manifest,"Client error '403 ' for url 'https://openapiproext.bnf.fr/iiif/presentation/v3/ark:/12148/bd6t51379167/manifest.json'
For more information check: https://developer.mozilla.org/en-US/docs/Web/HTTP/Status/403",2026-07-27T16:27:46.904526
petitmarocain,bd6t5137917m,,failed,0,0,,http_manifest,known,403,manifest,"Client error '403 ' for url 'https://openapiproext.bnf.fr/iiif/presentation/v3/ark:/12148/bd6t5137917m/manifest.json'
For more information check: https://developer.mozilla.org/en-US/docs/Web/HTTP/Status/403",2026-07-27T16:27:48.233976
petitmarocain,bd6t51379180,,failed,0,0,,http_manifest,known,403,manifest,"Client error '403 ' for url 'https://openapiproext.bnf.fr/iiif/presentation/v3/ark:/12148/bd6t51379180/manifest.json'
For more information check: https://developer.mozilla.org/en-US/docs/Web/HTTP/Status/403",2026-07-27T16:27:49.563550
petitmarocain,bd6t5137919c,,failed,0,0,,http_manifest,known,403,manifest,"Client error '403 ' for url 'https://openapiproext.bnf.fr/iiif/presentation/v3/ark:/12148/bd6t5137919c/manifest.json'
For more information check: https://developer.mozilla.org/en-US/docs/Web/HTTP/Status/403",2026-07-27T16:27:50.459349
petitmarocain,bd6t51379209,,failed,0,0,,http_manifest,known,403,manifest,"Client error '403 ' for url 'https://openapiproext.bnf.fr/iiif/presentation/v3/ark:/12148/bd6t51379209/manifest.json'
For more information check: https://developer.mozilla.org/en-US/docs/Web/HTTP/Status/403",2026-07-27T16:27:51.651988
petitmarocain,bd6t5137921p,,failed,0,0,,http_manifest,known,403,manifest,"Client error '403 ' for url 'https://openapiproext.bnf.fr/iiif/presentation/v3/ark:/12148/bd6t5137921p/manifest.json'
For more information check: https://developer.mozilla.org/en-US/docs/Web/HTTP/Status/403",2026-07-27T16:27:52.996615
petitmarocain,bd6t51379222,,failed,0,0,,http_manifest,known,403,manifest,"Client error '403 ' for url 'https://openapiproext.bnf.fr/iiif/presentation/v3/ark:/12148/bd6t51379222/manifest.json'
For more information check: https://developer.mozilla.org/en-US/docs/Web/HTTP/Status/403",2026-07-27T16:27:54.059557
petitmarocain,bd6t5137923f,,failed,0,0,,http_manifest,known,403,manifest,"Client error '403 ' for url 'https://openapiproext.bnf.fr/iiif/presentation/v3/ark:/12148/bd6t5137923f/manifest.json'
For more information check: https://developer.mozilla.org/en-US/docs/Web/HTTP/Status/403",2026-07-27T16:27:55.284648
petitmarocain,bd6t5137924t,,failed,0,0,,http_manifest,known,403,manifest,"Client error '403 ' for url 'https://openapiproext.bnf.fr/iiif/presentation/v3/ark:/12148/bd6t5137924t/manifest.json'
For more information check: https://developer.mozilla.org/en-US/docs/Web/HTTP/Status/403",2026-07-27T16:27:56.457618
petitmarocain,bd6t51379256,,failed,0,0,,http_manifest,known,403,manifest,"Client error '403 ' for url 'https://openapiproext.bnf.fr/iiif/presentation/v3/ark:/12148/bd6t51379256/manifest.json'
For more information check: https://developer.mozilla.org/en-US/docs/Web/HTTP/Status/403",2026-07-27T16:27:57.661579
petitmarocain,bd6t5137926k,,failed,0,0,,http_manifest,known,403,manifest,"Client error '403 ' for url 'https://openapiproext.bnf.fr/iiif/presentation/v3/ark:/12148/bd6t5137926k/manifest.json'
For more information check: https://developer.mozilla.org/en-US/docs/Web/HTTP/Status/403",2026-07-27T16:27:58.860771
petitmarocain,bd6t5137927z,,failed,0,0,,http_manifest,known,403,manifest,"Client error '403 ' for url 'https://openapiproext.bnf.fr/iiif/presentation/v3/ark:/12148/bd6t5137927z/manifest.json'
For more information check: https://developer.mozilla.org/en-US/docs/Web/HTTP/Status/403",2026-07-27T16:28:00.066317
petitmarocain,bd6t5137928b,,failed,0,0,,http_manifest,known,403,manifest,"Client error '403 ' for url 'https://openapiproext.bnf.fr/iiif/presentation/v3/ark:/12148/bd6t5137928b/manifest.json'
For more information check: https://developer.mozilla.org/en-US/docs/Web/HTTP/Status/403",2026-07-27T16:28:01.272416
petitmarocain,bd6t5137929q,,failed,0,0,,http_manifest,known,403,manifest,"Client error '403 ' for url 'https://openapiproext.bnf.fr/iiif/presentation/v3/ark:/12148/bd6t5137929q/manifest.json'
For more information check: https://developer.mozilla.org/en-US/docs/Web/HTTP/Status/403",2026-07-27T16:28:02.478307
petitmarocain,bd6t5137930n,,failed,0,0,,http_manifest,known,403,manifest,"Client error '403 ' for url 'https://openapiproext.bnf.fr/iiif/presentation/v3/ark:/12148/bd6t5137930n/manifest.json'
For more information check: https://developer.mozilla.org/en-US/docs/Web/HTTP/Status/403",2026-07-27T16:28:03.670036
petitmarocain,bd6t51379311,,failed,0,0,,http_manifest,known,403,manifest,"Client error '403 ' for url 'https://openapiproext.bnf.fr/iiif/presentation/v3/ark:/12148/bd6t51379311/manifest.json'
For more information check: https://developer.mozilla.org/en-US/docs/Web/HTTP/Status/403",2026-07-27T16:28:04.872276
petitmarocain,bd6t5137932d,,failed,0,0,,http_manifest,known,403,manifest,"Client error '403 ' for url 'https://openapiproext.bnf.fr/iiif/presentation/v3/ark:/12148/bd6t5137932d/manifest.json'
For more information check: https://developer.mozilla.org/en-US/docs/Web/HTTP/Status/403",2026-07-27T16:28:06.079329
petitmarocain,bd6t5137933s,,failed,0,0,,http_manifest,known,403,manifest,"Client error '403 ' for url 'https://openapiproext.bnf.fr/iiif/presentation/v3/ark:/12148/bd6t5137933s/manifest.json'
For more information check: https://developer.mozilla.org/en-US/docs/Web/HTTP/Status/403",2026-07-27T16:28:07.293967
petitmarocain,bd6t51379345,,failed,0,0,,http_manifest,known,403,manifest,"Client error '403 ' for url 'https://openapiproext.bnf.fr/iiif/presentation/v3/ark:/12148/bd6t51379345/manifest.json'
For more information check: https://developer.mozilla.org/en-US/docs/Web/HTTP/Status/403",2026-07-27T16:28:08.481473
petitmarocain,bd6t5137935j,,failed,0,0,,http_manifest,known,403,manifest,"Client error '403 ' for url 'https://openapiproext.bnf.fr/iiif/presentation/v3/ark:/12148/bd6t5137935j/manifest.json'
For more information check: https://developer.mozilla.org/en-US/docs/Web/HTTP/Status/403",2026-07-27T16:28:09.682301
petitmarocain,bd6t5137936x,,failed,0,0,,http_manifest,known,403,manifest,"Client error '403 ' for url 'https://openapiproext.bnf.fr/iiif/presentation/v3/ark:/12148/bd6t5137936x/manifest.json'
For more information check: https://developer.mozilla.org/en-US/docs/Web/HTTP/Status/403",2026-07-27T16:28:10.880954
petitmarocain,bd6t51379379,,failed,0,0,,http_manifest,known,403,manifest,"Client error '403 ' for url 'https://openapiproext.bnf.fr/iiif/presentation/v3/ark:/12148/bd6t51379379/manifest.json'
For more information check: https://developer.mozilla.org/en-US/docs/Web/HTTP/Status/403",2026-07-27T16:28:12.080465
petitmarocain,bd6t5137938p,,failed,0,0,,http_manifest,known,403,manifest,"Client error '403 ' for url 'https://openapiproext.bnf.fr/iiif/presentation/v3/ark:/12148/bd6t5137938p/manifest.json'
For more information check: https://developer.mozilla.org/en-US/docs/Web/HTTP/Status/403",2026-07-27T16:28:13.304044
petitmarocain,bd6t51379392,,failed,0,0,,http_manifest,known,403,manifest,"Client error '403 ' for url 'https://openapiproext.bnf.fr/iiif/presentation/v3/ark:/12148/bd6t51379392/manifest.json'
For more information check: https://developer.mozilla.org/en-US/docs/Web/HTTP/Status/403",2026-07-27T16:28:14.493051
petitmarocain,bd6t51379400,,failed,0,0,,http_manifest,known,403,manifest,"Client error '403 ' for url 'https://openapiproext.bnf.fr/iiif/presentation/v3/ark:/12148/bd6t51379400/manifest.json'
For more information check: https://developer.mozilla.org/en-US/docs/Web/HTTP/Status/403",2026-07-27T16:28:15.687828
petitmarocain,bd6t5137941c,,failed,0,0,,http_manifest,known,403,manifest,"Client error '403 ' for url 'https://openapiproext.bnf.fr/iiif/presentation/v3/ark:/12148/bd6t5137941c/manifest.json'
For more information check: https://developer.mozilla.org/en-US/docs/Web/HTTP/Status/403",2026-07-27T16:28:16.894474
petitmarocain,bd6t5137942r,,failed,0,0,,http_manifest,known,403,manifest,"Client error '403 ' for url 'https://openapiproext.bnf.fr/iiif/presentation/v3/ark:/12148/bd6t5137942r/manifest.json'
For more information check: https://developer.mozilla.org/en-US/docs/Web/HTTP/Status/403",2026-07-27T16:28:18.095133
petitmarocain,bd6t51379434,,failed,0,0,,http_manifest,known,403,manifest,"Client error '403 ' for url 'https://openapiproext.bnf.fr/iiif/presentation/v3/ark:/12148/bd6t51379434/manifest.json'
For more information check: https://developer.mozilla.org/en-US/docs/Web/HTTP/Status/403",2026-07-27T16:28:19.296070
petitmarocain,bd6t5137944h,,failed,0,0,,http_manifest,known,403,manifest,"Client error '403 ' for url 'https://openapiproext.bnf.fr/iiif/presentation/v3/ark:/12148/bd6t5137944h/manifest.json'
For more information check: https://developer.mozilla.org/en-US/docs/Web/HTTP/Status/403",2026-07-27T16:28:20.491014
petitmarocain,bd6t5137945w,,failed,0,0,,http_manifest,known,403,manifest,"Client error '403 ' for url 'https://openapiproext.bnf.fr/iiif/presentation/v3/ark:/12148/bd6t5137945w/manifest.json'
For more information check: https://developer.mozilla.org/en-US/docs/Web/HTTP/Status/403",2026-07-27T16:28:21.705317
petitmarocain,bd6t51379468,,failed,0,0,,http_manifest,known,403,manifest,"Client error '403 ' for url 'https://openapiproext.bnf.fr/iiif/presentation/v3/ark:/12148/bd6t51379468/manifest.json'
For more information check: https://developer.mozilla.org/en-US/docs/Web/HTTP/Status/403",2026-07-27T16:28:22.898682
petitmarocain,bd6t5137947n,,failed,0,0,,http_manifest,known,403,manifest,"Client error '403 ' for url 'https://openapiproext.bnf.fr/iiif/presentation/v3/ark:/12148/bd6t5137947n/manifest.json'
For more information check: https://developer.mozilla.org/en-US/docs/Web/HTTP/Status/403",2026-07-27T16:28:24.099911
petitmarocain,bd6t51379481,,failed,0,0,,http_manifest,known,403,manifest,"Client error '403 ' for url 'https://openapiproext.bnf.fr/iiif/presentation/v3/ark:/12148/bd6t51379481/manifest.json'
For more information check: https://developer.mozilla.org/en-US/docs/Web/HTTP/Status/403",2026-07-27T16:28:25.319489
petitmarocain,bd6t5137949d,,failed,0,0,,http_manifest,known,403,manifest,"Client error '403 ' for url 'https://openapiproext.bnf.fr/iiif/presentation/v3/ark:/12148/bd6t5137949d/manifest.json'
For more information check: https://developer.mozilla.org/en-US/docs/Web/HTTP/Status/403",2026-07-27T16:28:26.503566
petitmarocain,bd6t5137950b,,failed,0,0,,http_manifest,known,403,manifest,"Client error '403 ' for url 'https://openapiproext.bnf.fr/iiif/presentation/v3/ark:/12148/bd6t5137950b/manifest.json'
For more information check: https://developer.mozilla.org/en-US/docs/Web/HTTP/Status/403",2026-07-27T16:28:27.706853
petitmarocain,bd6t5137951q,,failed,0,0,,http_manifest,known,403,manifest,"Client error '403 ' for url 'https://openapiproext.bnf.fr/iiif/presentation/v3/ark:/12148/bd6t5137951q/manifest.json'
For more information check: https://developer.mozilla.org/en-US/docs/Web/HTTP/Status/403",2026-07-27T16:28:28.909877
petitmarocain,bd6t51379523,,failed,0,0,,http_manifest,known,403,manifest,"Client error '403 ' for url 'https://openapiproext.bnf.fr/iiif/presentation/v3/ark:/12148/bd6t51379523/manifest.json'
For more information check: https://developer.mozilla.org/en-US/docs/Web/HTTP/Status/403",2026-07-27T16:28:30.191840
petitmarocain,bd6t5137953g,,failed,0,0,,http_manifest,known,403,manifest,"Client error '403 ' for url 'https://openapiproext.bnf.fr/iiif/presentation/v3/ark:/12148/bd6t5137953g/manifest.json'
For more information check: https://developer.mozilla.org/en-US/docs/Web/HTTP/Status/403",2026-07-27T16:28:31.544902
petitmarocain,bd6t5137954v,,failed,0,0,,http_manifest,known,403,manifest,"Client error '403 ' for url 'https://openapiproext.bnf.fr/iiif/presentation/v3/ark:/12148/bd6t5137954v/manifest.json'
For more information check: https://developer.mozilla.org/en-US/docs/Web/HTTP/Status/403",2026-07-27T16:28:32.511308
petitmarocain,bd6t51379557,,failed,0,0,,http_manifest,known,403,manifest,"Client error '403 ' for url 'https://openapiproext.bnf.fr/iiif/presentation/v3/ark:/12148/bd6t51379557/manifest.json'
For more information check: https://developer.mozilla.org/en-US/docs/Web/HTTP/Status/403",2026-07-27T16:28:33.717951
petitmarocain,bd6t5137956m,,failed,0,0,,http_manifest,known,403,manifest,"Client error '403 ' for url 'https://openapiproext.bnf.fr/iiif/presentation/v3/ark:/12148/bd6t5137956m/manifest.json'
For more information check: https://developer.mozilla.org/en-US/docs/Web/HTTP/Status/403",2026-07-27T16:28:35.185385
petitmarocain,bd6t51379570,,failed,0,0,,http_manifest,known,403,manifest,"Client error '403 ' for url 'https://openapiproext.bnf.fr/iiif/presentation/v3/ark:/12148/bd6t51379570/manifest.json'
For more information check: https://developer.mozilla.org/en-US/docs/Web/HTTP/Status/403",2026-07-27T16:28:36.382432
petitmarocain,bd6t5137958c,,failed,0,0,,http_manifest,known,403,manifest,"Client error '403 ' for url 'https://openapiproext.bnf.fr/iiif/presentation/v3/ark:/12148/bd6t5137958c/manifest.json'
For more information check: https://developer.mozilla.org/en-US/docs/Web/HTTP/Status/403",2026-07-27T16:28:37.521270
petitmarocain,bd6t5137959r,,failed,0,0,,http_manifest,known,403,manifest,"Client error '403 ' for url 'https://openapiproext.bnf.fr/iiif/presentation/v3/ark:/12148/bd6t5137959r/manifest.json'
For more information check: https://developer.mozilla.org/en-US/docs/Web/HTTP/Status/403",2026-07-27T16:28:38.631349
petitmarocain,bd6t5137960p,,failed,0,0,,http_manifest,known,403,manifest,"Client error '403 ' for url 'https://openapiproext.bnf.fr/iiif/presentation/v3/ark:/12148/bd6t5137960p/manifest.json'
For more information check: https://developer.mozilla.org/en-US/docs/Web/HTTP/Status/403",2026-07-27T16:28:39.866764
petitmarocain,bd6t51379612,,failed,0,0,,http_manifest,known,403,manifest,"Client error '403 ' for url 'https://openapiproext.bnf.fr/iiif/presentation/v3/ark:/12148/bd6t51379612/manifest.json'
For more information check: https://developer.mozilla.org/en-US/docs/Web/HTTP/Status/403",2026-07-27T16:28:40.934045
petitmarocain,bd6t5137962f,,failed,0,0,,http_manifest,known,403,manifest,"Client error '403 ' for url 'https://openapiproext.bnf.fr/iiif/presentation/v3/ark:/12148/bd6t5137962f/manifest.json'
For more information check: https://developer.mozilla.org/en-US/docs/Web/HTTP/Status/403",2026-07-27T16:28:42.127124
petitmarocain,bd6t5137963t,,failed,0,0,,http_manifest,known,403,manifest,"Client error '403 ' for url 'https://openapiproext.bnf.fr/iiif/presentation/v3/ark:/12148/bd6t5137963t/manifest.json'
For more information check: https://developer.mozilla.org/en-US/docs/Web/HTTP/Status/403",2026-07-27T16:28:43.358445
petitmarocain,bd6t51379646,,failed,0,0,,http_manifest,known,403,manifest,"Client error '403 ' for url 'https://openapiproext.bnf.fr/iiif/presentation/v3/ark:/12148/bd6t51379646/manifest.json'
For more information check: https://developer.mozilla.org/en-US/docs/Web/HTTP/Status/403",2026-07-27T16:28:44.529075
petitmarocain,bd6t5137965k,,failed,0,0,,http_manifest,known,403,manifest,"Client error '403 ' for url 'https://openapiproext.bnf.fr/iiif/presentation/v3/ark:/12148/bd6t5137965k/manifest.json'
For more information check: https://developer.mozilla.org/en-US/docs/Web/HTTP/Status/403",2026-07-27T16:28:45.733446
petitmarocain,bd6t5137966z,,failed,0,0,,http_manifest,known,403,manifest,"Client error '403 ' for url 'https://openapiproext.bnf.fr/iiif/presentation/v3/ark:/12148/bd6t5137966z/manifest.json'
For more information check: https://developer.mozilla.org/en-US/docs/Web/HTTP/Status/403",2026-07-27T16:28:46.934369
petitmarocain,bd6t5137967b,,failed,0,0,,http_manifest,known,403,manifest,"Client error '403 ' for url 'https://openapiproext.bnf.fr/iiif/presentation/v3/ark:/12148/bd6t5137967b/manifest.json'
For more information check: https://developer.mozilla.org/en-US/docs/Web/HTTP/Status/403",2026-07-27T16:28:48.132095
petitmarocain,bd6t5137968q,,failed,0,0,,http_manifest,known,403,manifest,"Client error '403 ' for url 'https://openapiproext.bnf.fr/iiif/presentation/v3/ark:/12148/bd6t5137968q/manifest.json'
For more information check: https://developer.mozilla.org/en-US/docs/Web/HTTP/Status/403",2026-07-27T16:28:49.338278
petitmarocain,bd6t51379693,,failed,0,0,,http_manifest,known,403,manifest,"Client error '403 ' for url 'https://openapiproext.bnf.fr/iiif/presentation/v3/ark:/12148/bd6t51379693/manifest.json'
For more information check: https://developer.mozilla.org/en-US/docs/Web/HTTP/Status/403",2026-07-27T16:28:50.546770
petitmarocain,bd6t51379701,,failed,0,0,,http_manifest,known,403,manifest,"Client error '403 ' for url 'https://openapiproext.bnf.fr/iiif/presentation/v3/ark:/12148/bd6t51379701/manifest.json'
For more information check: https://developer.mozilla.org/en-US/docs/Web/HTTP/Status/403",2026-07-27T16:28:51.743373
petitmarocain,bd6t5137971d,,failed,0,0,,http_manifest,known,403,manifest,"Client error '403 ' for url 'https://openapiproext.bnf.fr/iiif/presentation/v3/ark:/12148/bd6t5137971d/manifest.json'
For more information check: https://developer.mozilla.org/en-US/docs/Web/HTTP/Status/403",2026-07-27T16:28:52.945618
petitmarocain,bd6t5137972s,,failed,0,0,,http_manifest,known,403,manifest,"Client error '403 ' for url 'https://openapiproext.bnf.fr/iiif/presentation/v3/ark:/12148/bd6t5137972s/manifest.json'
For more information check: https://developer.mozilla.org/en-US/docs/Web/HTTP/Status/403",2026-07-27T16:28:54.141056
petitmarocain,bd6t51379735,,failed,0,0,,http_manifest,known,403,manifest,"Client error '403 ' for url 'https://openapiproext.bnf.fr/iiif/presentation/v3/ark:/12148/bd6t51379735/manifest.json'
For more information check: https://developer.mozilla.org/en-US/docs/Web/HTTP/Status/403",2026-07-27T16:28:55.361020
petitmarocain,bd6t5137974j,,failed,0,0,,http_manifest,known,403,manifest,"Client error '403 ' for url 'https://openapiproext.bnf.fr/iiif/presentation/v3/ark:/12148/bd6t5137974j/manifest.json'
For more information check: https://developer.mozilla.org/en-US/docs/Web/HTTP/Status/403",2026-07-27T16:28:56.557644
petitmarocain,bd6t5137975x,,failed,0,0,,http_manifest,known,403,manifest,"Client error '403 ' for url 'https://openapiproext.bnf.fr/iiif/presentation/v3/ark:/12148/bd6t5137975x/manifest.json'
For more information check: https://developer.mozilla.org/en-US/docs/Web/HTTP/Status/403",2026-07-27T16:28:57.746734
petitmarocain,bd6t51379769,,failed,0,0,,http_manifest,known,403,manifest,"Client error '403 ' for url 'https://openapiproext.bnf.fr/iiif/presentation/v3/ark:/12148/bd6t51379769/manifest.json'
For more information check: https://developer.mozilla.org/en-US/docs/Web/HTTP/Status/403",2026-07-27T16:28:58.956850
petitmarocain,bd6t5137977p,,failed,0,0,,http_manifest,known,403,manifest,"Client error '403 ' for url 'https://openapiproext.bnf.fr/iiif/presentation/v3/ark:/12148/bd6t5137977p/manifest.json'
For more information check: https://developer.mozilla.org/en-US/docs/Web/HTTP/Status/403",2026-07-27T16:29:00.157489
petitmarocain,bd6t51379782,,failed,0,0,,http_manifest,known,403,manifest,"Client error '403 ' for url 'https://openapiproext.bnf.fr/iiif/presentation/v3/ark:/12148/bd6t51379782/manifest.json'
For more information check: https://developer.mozilla.org/en-US/docs/Web/HTTP/Status/403",2026-07-27T16:29:01.360056
petitmarocain,bd6t5137979f,,failed,0,0,,http_manifest,known,403,manifest,"Client error '403 ' for url 'https://openapiproext.bnf.fr/iiif/presentation/v3/ark:/12148/bd6t5137979f/manifest.json'
For more information check: https://developer.mozilla.org/en-US/docs/Web/HTTP/Status/403",2026-07-27T16:29:02.589669
petitmarocain,bd6t5137980c,,failed,0,0,,http_manifest,known,403,manifest,"Client error '403 ' for url 'https://openapiproext.bnf.fr/iiif/presentation/v3/ark:/12148/bd6t5137980c/manifest.json'
For more information check: https://developer.mozilla.org/en-US/docs/Web/HTTP/Status/403",2026-07-27T16:29:03.761549
petitmarocain,bd6t5137981r,,failed,0,0,,http_manifest,known,403,manifest,"Client error '403 ' for url 'https://openapiproext.bnf.fr/iiif/presentation/v3/ark:/12148/bd6t5137981r/manifest.json'
For more information check: https://developer.mozilla.org/en-US/docs/Web/HTTP/Status/403",2026-07-27T16:29:04.962359
petitmarocain,bd6t51379824,,failed,0,0,,http_manifest,known,403,manifest,"Client error '403 ' for url 'https://openapiproext.bnf.fr/iiif/presentation/v3/ark:/12148/bd6t51379824/manifest.json'
For more information check: https://developer.mozilla.org/en-US/docs/Web/HTTP/Status/403",2026-07-27T16:29:06.161578
petitmarocain,bd6t5137983h,,failed,0,0,,http_manifest,known,403,manifest,"Client error '403 ' for url 'https://openapiproext.bnf.fr/iiif/presentation/v3/ark:/12148/bd6t5137983h/manifest.json'
For more information check: https://developer.mozilla.org/en-US/docs/Web/HTTP/Status/403",2026-07-27T16:29:07.365387
petitmarocain,bd6t5137984w,,failed,0,0,,http_manifest,known,403,manifest,"Client error '403 ' for url 'https://openapiproext.bnf.fr/iiif/presentation/v3/ark:/12148/bd6t5137984w/manifest.json'
For more information check: https://developer.mozilla.org/en-US/docs/Web/HTTP/Status/403",2026-07-27T16:29:08.577856
petitmarocain,bd6t51379858,,failed,0,0,,http_manifest,known,403,manifest,"Client error '403 ' for url 'https://openapiproext.bnf.fr/iiif/presentation/v3/ark:/12148/bd6t51379858/manifest.json'
For more information check: https://developer.mozilla.org/en-US/docs/Web/HTTP/Status/403",2026-07-27T16:29:09.769745
petitmarocain,bd6t5137986n,,failed,0,0,,http_manifest,known,403,manifest,"Client error '403 ' for url 'https://openapiproext.bnf.fr/iiif/presentation/v3/ark:/12148/bd6t5137986n/manifest.json'
For more information check: https://developer.mozilla.org/en-US/docs/Web/HTTP/Status/403",2026-07-27T16:29:10.973150
petitmarocain,bd6t51379871,,failed,0,0,,http_manifest,known,403,manifest,"Client error '403 ' for url 'https://openapiproext.bnf.fr/iiif/presentation/v3/ark:/12148/bd6t51379871/manifest.json'
For more information check: https://developer.mozilla.org/en-US/docs/Web/HTTP/Status/403",2026-07-27T16:29:12.175297
petitmarocain,bd6t5137988d,,failed,0,0,,http_manifest,known,403,manifest,"Client error '403 ' for url 'https://openapiproext.bnf.fr/iiif/presentation/v3/ark:/12148/bd6t5137988d/manifest.json'
For more information check: https://developer.mozilla.org/en-US/docs/Web/HTTP/Status/403",2026-07-27T16:29:13.371142
petitmarocain,bd6t5137989s,,failed,0,0,,http_manifest,known,403,manifest,"Client error '403 ' for url 'https://openapiproext.bnf.fr/iiif/presentation/v3/ark:/12148/bd6t5137989s/manifest.json'
For more information check: https://developer.mozilla.org/en-US/docs/Web/HTTP/Status/403",2026-07-27T16:29:14.574499
petitmarocain,bd6t5137990q,,failed,0,0,,http_manifest,known,403,manifest,"Client error '403 ' for url 'https://openapiproext.bnf.fr/iiif/presentation/v3/ark:/12148/bd6t5137990q/manifest.json'
For more information check: https://developer.mozilla.org/en-US/docs/Web/HTTP/Status/403",2026-07-27T16:29:15.774444
petitmarocain,bd6t51379913,,failed,0,0,,http_manifest,known,403,manifest,"Client error '403 ' for url 'https://openapiproext.bnf.fr/iiif/presentation/v3/ark:/12148/bd6t51379913/manifest.json'
For more information check: https://developer.mozilla.org/en-US/docs/Web/HTTP/Status/403",2026-07-27T16:29:16.973111
petitmarocain,bd6t5137992g,,failed,0,0,,http_manifest,known,403,manifest,"Client error '403 ' for url 'https://openapiproext.bnf.fr/iiif/presentation/v3/ark:/12148/bd6t5137992g/manifest.json'
For more information check: https://developer.mozilla.org/en-US/docs/Web/HTTP/Status/403",2026-07-27T16:29:18.180538
petitmarocain,bd6t5137993v,,failed,0,0,,http_manifest,known,403,manifest,"Client error '403 ' for url 'https://openapiproext.bnf.fr/iiif/presentation/v3/ark:/12148/bd6t5137993v/manifest.json'
For more information check: https://developer.mozilla.org/en-US/docs/Web/HTTP/Status/403",2026-07-27T16:29:19.385768
petitmarocain,bd6t51379947,,failed,0,0,,http_manifest,known,403,manifest,"Client error '403 ' for url 'https://openapiproext.bnf.fr/iiif/presentation/v3/ark:/12148/bd6t51379947/manifest.json'
For more information check: https://developer.mozilla.org/en-US/docs/Web/HTTP/Status/403",2026-07-27T16:29:20.595620
petitmarocain,bd6t5137995m,,failed,0,0,,http_manifest,known,403,manifest,"Client error '403 ' for url 'https://openapiproext.bnf.fr/iiif/presentation/v3/ark:/12148/bd6t5137995m/manifest.json'
For more information check: https://developer.mozilla.org/en-US/docs/Web/HTTP/Status/403",2026-07-27T16:29:21.788589
petitmarocain,bd6t51379960,,failed,0,0,,http_manifest,known,403,manifest,"Client error '403 ' for url 'https://openapiproext.bnf.fr/iiif/presentation/v3/ark:/12148/bd6t51379960/manifest.json'
For more information check: https://developer.mozilla.org/en-US/docs/Web/HTTP/Status/403",2026-07-27T16:29:22.992407
petitmarocain,bd6t5137997c,,failed,0,0,,http_manifest,known,403,manifest,"Client error '403 ' for url 'https://openapiproext.bnf.fr/iiif/presentation/v3/ark:/12148/bd6t5137997c/manifest.json'
For more information check: https://developer.mozilla.org/en-US/docs/Web/HTTP/Status/403",2026-07-27T16:29:24.187419
petitmarocain,bd6t5137998r,,failed,0,0,,http_manifest,known,403,manifest,"Client error '403 ' for url 'https://openapiproext.bnf.fr/iiif/presentation/v3/ark:/12148/bd6t5137998r/manifest.json'
For more information check: https://developer.mozilla.org/en-US/docs/Web/HTTP/Status/403",2026-07-27T16:29:25.405629
petitmarocain,bd6t5137818p,,failed,0,0,,http_manifest,known,403,manifest,"Client error '403 ' for url 'https://openapiproext.bnf.fr/iiif/presentation/v3/ark:/12148/bd6t5137818p/manifest.json'
For more information check: https://developer.mozilla.org/en-US/docs/Web/HTTP/Status/403",2026-07-27T16:29:26.634844
petitmarocain,bd6t51378192,,failed,0,0,,http_manifest,known,403,manifest,"Client error '403 ' for url 'https://openapiproext.bnf.fr/iiif/presentation/v3/ark:/12148/bd6t51378192/manifest.json'
For more information check: https://developer.mozilla.org/en-US/docs/Web/HTTP/Status/403",2026-07-27T16:29:27.791571
petitmarocain,bd6t51378200,,failed,0,0,,http_manifest,known,403,manifest,"Client error '403 ' for url 'https://openapiproext.bnf.fr/iiif/presentation/v3/ark:/12148/bd6t51378200/manifest.json'
For more information check: https://developer.mozilla.org/en-US/docs/Web/HTTP/Status/403",2026-07-27T16:29:28.997687
petitmarocain,bd6t5137821c,,failed,0,0,,http_manifest,known,403,manifest,"Client error '403 ' for url 'https://openapiproext.bnf.fr/iiif/presentation/v3/ark:/12148/bd6t5137821c/manifest.json'
For more information check: https://developer.mozilla.org/en-US/docs/Web/HTTP/Status/403",2026-07-27T16:29:30.270407
petitmarocain,bd6t5137822r,,failed,0,0,,http_manifest,known,403,manifest,"Client error '403 ' for url 'https://openapiproext.bnf.fr/iiif/presentation/v3/ark:/12148/bd6t5137822r/manifest.json'
For more information check: https://developer.mozilla.org/en-US/docs/Web/HTTP/Status/403",2026-07-27T16:29:31.548916
petitmarocain,bd6t51378234,,failed,0,0,,http_manifest,known,403,manifest,"Client error '403 ' for url 'https://openapiproext.bnf.fr/iiif/presentation/v3/ark:/12148/bd6t51378234/manifest.json'
For more information check: https://developer.mozilla.org/en-US/docs/Web/HTTP/Status/403",2026-07-27T16:29:32.647650
petitmarocain,bd6t5137824h,,failed,0,0,,http_manifest,known,403,manifest,"Client error '403 ' for url 'https://openapiproext.bnf.fr/iiif/presentation/v3/ark:/12148/bd6t5137824h/manifest.json'
For more information check: https://developer.mozilla.org/en-US/docs/Web/HTTP/Status/403",2026-07-27T16:29:33.809567
petitmarocain,bd6t5137825w,,failed,0,0,,http_manifest,known,403,manifest,"Client error '403 ' for url 'https://openapiproext.bnf.fr/iiif/presentation/v3/ark:/12148/bd6t5137825w/manifest.json'
For more information check: https://developer.mozilla.org/en-US/docs/Web/HTTP/Status/403",2026-07-27T16:29:35.047150
petitmarocain,bd6t51378268,,failed,0,0,,http_manifest,known,403,manifest,"Client error '403 ' for url 'https://openapiproext.bnf.fr/iiif/presentation/v3/ark:/12148/bd6t51378268/manifest.json'
For more information check: https://developer.mozilla.org/en-US/docs/Web/HTTP/Status/403",2026-07-27T16:29:36.319807
petitmarocain,bd6t5137827n,,failed,0,0,,http_manifest,known,403,manifest,"Client error '403 ' for url 'https://openapiproext.bnf.fr/iiif/presentation/v3/ark:/12148/bd6t5137827n/manifest.json'
For more information check: https://developer.mozilla.org/en-US/docs/Web/HTTP/Status/403",2026-07-27T16:29:37.415823
petitmarocain,bd6t51378281,,failed,0,0,,http_manifest,known,403,manifest,"Client error '403 ' for url 'https://openapiproext.bnf.fr/iiif/presentation/v3/ark:/12148/bd6t51378281/manifest.json'
For more information check: https://developer.mozilla.org/en-US/docs/Web/HTTP/Status/403",2026-07-27T16:29:38.728014
petitmarocain,bd6t5137829d,,failed,0,0,,http_manifest,known,403,manifest,"Client error '403 ' for url 'https://openapiproext.bnf.fr/iiif/presentation/v3/ark:/12148/bd6t5137829d/manifest.json'
For more information check: https://developer.mozilla.org/en-US/docs/Web/HTTP/Status/403",2026-07-27T16:29:39.863527
petitmarocain,bd6t5137830b,,failed,0,0,,http_manifest,known,403,manifest,"Client error '403 ' for url 'https://openapiproext.bnf.fr/iiif/presentation/v3/ark:/12148/bd6t5137830b/manifest.json'
For more information check: https://developer.mozilla.org/en-US/docs/Web/HTTP/Status/403",2026-07-27T16:29:41.028507
petitmarocain,bd6t5137831q,,failed,0,0,,http_manifest,known,403,manifest,"Client error '403 ' for url 'https://openapiproext.bnf.fr/iiif/presentation/v3/ark:/12148/bd6t5137831q/manifest.json'
For more information check: https://developer.mozilla.org/en-US/docs/Web/HTTP/Status/403",2026-07-27T16:29:42.255052
petitmarocain,bd6t51378323,,failed,0,0,,http_manifest,known,403,manifest,"Client error '403 ' for url 'https://openapiproext.bnf.fr/iiif/presentation/v3/ark:/12148/bd6t51378323/manifest.json'
For more information check: https://developer.mozilla.org/en-US/docs/Web/HTTP/Status/403",2026-07-27T16:29:43.421468
petitmarocain,bd6t5137833g,,failed,0,0,,http_manifest,known,403,manifest,"Client error '403 ' for url 'https://openapiproext.bnf.fr/iiif/presentation/v3/ark:/12148/bd6t5137833g/manifest.json'
For more information check: https://developer.mozilla.org/en-US/docs/Web/HTTP/Status/403",2026-07-27T16:29:44.764494
petitmarocain,bd6t5137834v,,failed,0,0,,http_manifest,known,403,manifest,"Client error '403 ' for url 'https://openapiproext.bnf.fr/iiif/presentation/v3/ark:/12148/bd6t5137834v/manifest.json'
For more information check: https://developer.mozilla.org/en-US/docs/Web/HTTP/Status/403",2026-07-27T16:29:45.946892
petitmarocain,bd6t51378357,,failed,0,0,,http_manifest,known,403,manifest,"Client error '403 ' for url 'https://openapiproext.bnf.fr/iiif/presentation/v3/ark:/12148/bd6t51378357/manifest.json'
For more information check: https://developer.mozilla.org/en-US/docs/Web/HTTP/Status/403",2026-07-27T16:29:47.349470
petitmarocain,bd6t5137836m,,failed,0,0,,http_manifest,known,403,manifest,"Client error '403 ' for url 'https://openapiproext.bnf.fr/iiif/presentation/v3/ark:/12148/bd6t5137836m/manifest.json'
For more information check: https://developer.mozilla.org/en-US/docs/Web/HTTP/Status/403",2026-07-27T16:29:48.250810
petitmarocain,bd6t51378370,,failed,0,0,,http_manifest,known,403,manifest,"Client error '403 ' for url 'https://openapiproext.bnf.fr/iiif/presentation/v3/ark:/12148/bd6t51378370/manifest.json'
For more information check: https://developer.mozilla.org/en-US/docs/Web/HTTP/Status/403",2026-07-27T16:29:49.554210
petitmarocain,bd6t5137838c,,failed,0,0,,http_manifest,known,403,manifest,"Client error '403 ' for url 'https://openapiproext.bnf.fr/iiif/presentation/v3/ark:/12148/bd6t5137838c/manifest.json'
For more information check: https://developer.mozilla.org/en-US/docs/Web/HTTP/Status/403",2026-07-27T16:29:50.643663
petitmarocain,bd6t5137839r,,failed,0,0,,http_manifest,known,403,manifest,"Client error '403 ' for url 'https://openapiproext.bnf.fr/iiif/presentation/v3/ark:/12148/bd6t5137839r/manifest.json'
For more information check: https://developer.mozilla.org/en-US/docs/Web/HTTP/Status/403",2026-07-27T16:29:51.848951
petitmarocain,bd6t5137840p,,failed,0,0,,http_manifest,known,403,manifest,"Client error '403 ' for url 'https://openapiproext.bnf.fr/iiif/presentation/v3/ark:/12148/bd6t5137840p/manifest.json'
For more information check: https://developer.mozilla.org/en-US/docs/Web/HTTP/Status/403",2026-07-27T16:29:53.138869
petitmarocain,bd6t51378412,,failed,0,0,,http_manifest,known,403,manifest,"Client error '403 ' for url 'https://openapiproext.bnf.fr/iiif/presentation/v3/ark:/12148/bd6t51378412/manifest.json'
For more information check: https://developer.mozilla.org/en-US/docs/Web/HTTP/Status/403",2026-07-27T16:29:54.393629
petitmarocain,bd6t5137842f,,failed,0,0,,http_manifest,known,403,manifest,"Client error '403 ' for url 'https://openapiproext.bnf.fr/iiif/presentation/v3/ark:/12148/bd6t5137842f/manifest.json'
For more information check: https://developer.mozilla.org/en-US/docs/Web/HTTP/Status/403",2026-07-27T16:29:55.433720
petitmarocain,bd6t5137843t,,failed,0,0,,http_manifest,known,403,manifest,"Client error '403 ' for url 'https://openapiproext.bnf.fr/iiif/presentation/v3/ark:/12148/bd6t5137843t/manifest.json'
For more information check: https://developer.mozilla.org/en-US/docs/Web/HTTP/Status/403",2026-07-27T16:29:56.651424
petitmarocain,bd6t51378446,,failed,0,0,,http_manifest,known,403,manifest,"Client error '403 ' for url 'https://openapiproext.bnf.fr/iiif/presentation/v3/ark:/12148/bd6t51378446/manifest.json'
For more information check: https://developer.mozilla.org/en-US/docs/Web/HTTP/Status/403",2026-07-27T16:29:57.849476
petitmarocain,bd6t5137845k,,failed,0,0,,http_manifest,known,403,manifest,"Client error '403 ' for url 'https://openapiproext.bnf.fr/iiif/presentation/v3/ark:/12148/bd6t5137845k/manifest.json'
For more information check: https://developer.mozilla.org/en-US/docs/Web/HTTP/Status/403",2026-07-27T16:29:59.347549
petitmarocain,bd6t5137846z,,failed,0,0,,http_manifest,known,403,manifest,"Client error '403 ' for url 'https://openapiproext.bnf.fr/iiif/presentation/v3/ark:/12148/bd6t5137846z/manifest.json'
For more information check: https://developer.mozilla.org/en-US/docs/Web/HTTP/Status/403",2026-07-27T16:30:00.242056
petitmarocain,bd6t5137847b,,failed,0,0,,http_manifest,known,403,manifest,"Client error '403 ' for url 'https://openapiproext.bnf.fr/iiif/presentation/v3/ark:/12148/bd6t5137847b/manifest.json'
For more information check: https://developer.mozilla.org/en-US/docs/Web/HTTP/Status/403",2026-07-27T16:30:01.440554
petitmarocain,bd6t5137848q,,failed,0,0,,http_manifest,known,403,manifest,"Client error '403 ' for url 'https://openapiproext.bnf.fr/iiif/presentation/v3/ark:/12148/bd6t5137848q/manifest.json'
For more information check: https://developer.mozilla.org/en-US/docs/Web/HTTP/Status/403",2026-07-27T16:30:02.646551
petitmarocain,bd6t51378493,,failed,0,0,,http_manifest,known,403,manifest,"Client error '403 ' for url 'https://openapiproext.bnf.fr/iiif/presentation/v3/ark:/12148/bd6t51378493/manifest.json'
For more information check: https://developer.mozilla.org/en-US/docs/Web/HTTP/Status/403",2026-07-27T16:30:03.839642
petitmarocain,bd6t51378501,,failed,0,0,,http_manifest,known,403,manifest,"Client error '403 ' for url 'https://openapiproext.bnf.fr/iiif/presentation/v3/ark:/12148/bd6t51378501/manifest.json'
For more information check: https://developer.mozilla.org/en-US/docs/Web/HTTP/Status/403",2026-07-27T16:30:05.044789
petitmarocain,bd6t5137851d,,failed,0,0,,http_manifest,known,403,manifest,"Client error '403 ' for url 'https://openapiproext.bnf.fr/iiif/presentation/v3/ark:/12148/bd6t5137851d/manifest.json'
For more information check: https://developer.mozilla.org/en-US/docs/Web/HTTP/Status/403",2026-07-27T16:30:06.245785
petitmarocain,bd6t5137852s,,failed,0,0,,http_manifest,known,403,manifest,"Client error '403 ' for url 'https://openapiproext.bnf.fr/iiif/presentation/v3/ark:/12148/bd6t5137852s/manifest.json'
For more information check: https://developer.mozilla.org/en-US/docs/Web/HTTP/Status/403",2026-07-27T16:30:07.456443
petitmarocain,bd6t51378535,,failed,0,0,,http_manifest,known,403,manifest,"Client error '403 ' for url 'https://openapiproext.bnf.fr/iiif/presentation/v3/ark:/12148/bd6t51378535/manifest.json'
For more information check: https://developer.mozilla.org/en-US/docs/Web/HTTP/Status/403",2026-07-27T16:30:08.729958
petitmarocain,bd6t5137854j,,failed,0,0,,http_manifest,known,403,manifest,"Client error '403 ' for url 'https://openapiproext.bnf.fr/iiif/presentation/v3/ark:/12148/bd6t5137854j/manifest.json'
For more information check: https://developer.mozilla.org/en-US/docs/Web/HTTP/Status/403",2026-07-27T16:30:09.860095
petitmarocain,bd6t5137855x,,failed,0,0,,http_manifest,known,403,manifest,"Client error '403 ' for url 'https://openapiproext.bnf.fr/iiif/presentation/v3/ark:/12148/bd6t5137855x/manifest.json'
For more information check: https://developer.mozilla.org/en-US/docs/Web/HTTP/Status/403",2026-07-27T16:30:11.059362
petitmarocain,bd6t51378569,,failed,0,0,,http_manifest,known,403,manifest,"Client error '403 ' for url 'https://openapiproext.bnf.fr/iiif/presentation/v3/ark:/12148/bd6t51378569/manifest.json'
For more information check: https://developer.mozilla.org/en-US/docs/Web/HTTP/Status/403",2026-07-27T16:30:12.257370
petitmarocain,bd6t5137857p,,failed,0,0,,http_manifest,known,403,manifest,"Client error '403 ' for url 'https://openapiproext.bnf.fr/iiif/presentation/v3/ark:/12148/bd6t5137857p/manifest.json'
For more information check: https://developer.mozilla.org/en-US/docs/Web/HTTP/Status/403",2026-07-27T16:30:13.504365
petitmarocain,bd6t51378582,,failed,0,0,,http_manifest,known,403,manifest,"Client error '403 ' for url 'https://openapiproext.bnf.fr/iiif/presentation/v3/ark:/12148/bd6t51378582/manifest.json'
For more information check: https://developer.mozilla.org/en-US/docs/Web/HTTP/Status/403",2026-07-27T16:30:14.935729
petitmarocain,bd6t5137859f,,failed,0,0,,http_manifest,known,403,manifest,"Client error '403 ' for url 'https://openapiproext.bnf.fr/iiif/presentation/v3/ark:/12148/bd6t5137859f/manifest.json'
For more information check: https://developer.mozilla.org/en-US/docs/Web/HTTP/Status/403",2026-07-27T16:30:15.860200
petitmarocain,bd6t5137860c,,failed,0,0,,http_manifest,known,403,manifest,"Client error '403 ' for url 'https://openapiproext.bnf.fr/iiif/presentation/v3/ark:/12148/bd6t5137860c/manifest.json'
For more information check: https://developer.mozilla.org/en-US/docs/Web/HTTP/Status/403",2026-07-27T16:30:17.066137
petitmarocain,bd6t5137861r,,failed,0,0,,http_manifest,known,403,manifest,"Client error '403 ' for url 'https://openapiproext.bnf.fr/iiif/presentation/v3/ark:/12148/bd6t5137861r/manifest.json'
For more information check: https://developer.mozilla.org/en-US/docs/Web/HTTP/Status/403",2026-07-27T16:30:18.261953
petitmarocain,bd6t51378624,,failed,0,0,,http_manifest,known,403,manifest,"Client error '403 ' for url 'https://openapiproext.bnf.fr/iiif/presentation/v3/ark:/12148/bd6t51378624/manifest.json'
For more information check: https://developer.mozilla.org/en-US/docs/Web/HTTP/Status/403",2026-07-27T16:30:19.472900
petitmarocain,bd6t5137863h,,failed,0,0,,http_manifest,known,403,manifest,"Client error '403 ' for url 'https://openapiproext.bnf.fr/iiif/presentation/v3/ark:/12148/bd6t5137863h/manifest.json'
For more information check: https://developer.mozilla.org/en-US/docs/Web/HTTP/Status/403",2026-07-27T16:30:20.681018
petitmarocain,bd6t5137864w,,failed,0,0,,http_manifest,known,403,manifest,"Client error '403 ' for url 'https://openapiproext.bnf.fr/iiif/presentation/v3/ark:/12148/bd6t5137864w/manifest.json'
For more information check: https://developer.mozilla.org/en-US/docs/Web/HTTP/Status/403",2026-07-27T16:30:21.865084
petitmarocain,bd6t51378658,,failed,0,0,,http_manifest,known,403,manifest,"Client error '403 ' for url 'https://openapiproext.bnf.fr/iiif/presentation/v3/ark:/12148/bd6t51378658/manifest.json'
For more information check: https://developer.mozilla.org/en-US/docs/Web/HTTP/Status/403",2026-07-27T16:30:23.066744
petitmarocain,bd6t5137866n,,failed,0,0,,http_manifest,known,403,manifest,"Client error '403 ' for url 'https://openapiproext.bnf.fr/iiif/presentation/v3/ark:/12148/bd6t5137866n/manifest.json'
For more information check: https://developer.mozilla.org/en-US/docs/Web/HTTP/Status/403",2026-07-27T16:30:24.271948
petitmarocain,bd6t51378671,,failed,0,0,,http_manifest,known,403,manifest,"Client error '403 ' for url 'https://openapiproext.bnf.fr/iiif/presentation/v3/ark:/12148/bd6t51378671/manifest.json'
For more information check: https://developer.mozilla.org/en-US/docs/Web/HTTP/Status/403",2026-07-27T16:30:25.480353
petitmarocain,bd6t5137868d,,failed,0,0,,http_manifest,known,403,manifest,"Client error '403 ' for url 'https://openapiproext.bnf.fr/iiif/presentation/v3/ark:/12148/bd6t5137868d/manifest.json'
For more information check: https://developer.mozilla.org/en-US/docs/Web/HTTP/Status/403",2026-07-27T16:30:26.688277
petitmarocain,bd6t5137869s,,failed,0,0,,http_manifest,known,403,manifest,"Client error '403 ' for url 'https://openapiproext.bnf.fr/iiif/presentation/v3/ark:/12148/bd6t5137869s/manifest.json'
For more information check: https://developer.mozilla.org/en-US/docs/Web/HTTP/Status/403",2026-07-27T16:30:27.875590
petitmarocain,bd6t5137870q,,failed,0,0,,http_manifest,known,403,manifest,"Client error '403 ' for url 'https://openapiproext.bnf.fr/iiif/presentation/v3/ark:/12148/bd6t5137870q/manifest.json'
For more information check: https://developer.mozilla.org/en-US/docs/Web/HTTP/Status/403",2026-07-27T16:30:29.314339
petitmarocain,bd6t51378713,,failed,0,0,,http_manifest,known,403,manifest,"Client error '403 ' for url 'https://openapiproext.bnf.fr/iiif/presentation/v3/ark:/12148/bd6t51378713/manifest.json'
For more information check: https://developer.mozilla.org/en-US/docs/Web/HTTP/Status/403",2026-07-27T16:30:30.292434
petitmarocain,bd6t5137872g,,failed,0,0,,http_manifest,known,403,manifest,"Client error '403 ' for url 'https://openapiproext.bnf.fr/iiif/presentation/v3/ark:/12148/bd6t5137872g/manifest.json'
For more information check: https://developer.mozilla.org/en-US/docs/Web/HTTP/Status/403",2026-07-27T16:30:31.710021
petitmarocain,bd6t5137873v,,failed,0,0,,http_manifest,known,403,manifest,"Client error '403 ' for url 'https://openapiproext.bnf.fr/iiif/presentation/v3/ark:/12148/bd6t5137873v/manifest.json'
For more information check: https://developer.mozilla.org/en-US/docs/Web/HTTP/Status/403",2026-07-27T16:30:32.755611
petitmarocain,bd6t51378747,,failed,0,0,,http_manifest,known,403,manifest,"Client error '403 ' for url 'https://openapiproext.bnf.fr/iiif/presentation/v3/ark:/12148/bd6t51378747/manifest.json'
For more information check: https://developer.mozilla.org/en-US/docs/Web/HTTP/Status/403",2026-07-27T16:30:34.016286
petitmarocain,bd6t5137875m,,failed,0,0,,http_manifest,known,403,manifest,"Client error '403 ' for url 'https://openapiproext.bnf.fr/iiif/presentation/v3/ark:/12148/bd6t5137875m/manifest.json'
For more information check: https://developer.mozilla.org/en-US/docs/Web/HTTP/Status/403",2026-07-27T16:30:35.213608
petitmarocain,bd6t51378760,,failed,0,0,,http_manifest,known,403,manifest,"Client error '403 ' for url 'https://openapiproext.bnf.fr/iiif/presentation/v3/ark:/12148/bd6t51378760/manifest.json'
For more information check: https://developer.mozilla.org/en-US/docs/Web/HTTP/Status/403",2026-07-27T16:30:36.293037
petitmarocain,bd6t5137877c,,failed,0,0,,http_manifest,known,403,manifest,"Client error '403 ' for url 'https://openapiproext.bnf.fr/iiif/presentation/v3/ark:/12148/bd6t5137877c/manifest.json'
For more information check: https://developer.mozilla.org/en-US/docs/Web/HTTP/Status/403",2026-07-27T16:30:37.534607
petitmarocain,bd6t5137878r,,failed,0,0,,http_manifest,known,403,manifest,"Client error '403 ' for url 'https://openapiproext.bnf.fr/iiif/presentation/v3/ark:/12148/bd6t5137878r/manifest.json'
For more information check: https://developer.mozilla.org/en-US/docs/Web/HTTP/Status/403",2026-07-27T16:30:38.714871
petitmarocain,bd6t51378794,,failed,0,0,,http_manifest,known,403,manifest,"Client error '403 ' for url 'https://openapiproext.bnf.fr/iiif/presentation/v3/ark:/12148/bd6t51378794/manifest.json'
For more information check: https://developer.mozilla.org/en-US/docs/Web/HTTP/Status/403",2026-07-27T16:30:40.131031
petitmarocain,bd6t51378802,,failed,0,0,,http_manifest,known,403,manifest,"Client error '403 ' for url 'https://openapiproext.bnf.fr/iiif/presentation/v3/ark:/12148/bd6t51378802/manifest.json'
For more information check: https://developer.mozilla.org/en-US/docs/Web/HTTP/Status/403",2026-07-27T16:30:41.098200
petitmarocain,bd6t5137881f,,failed,0,0,,http_manifest,known,403,manifest,"Client error '403 ' for url 'https://openapiproext.bnf.fr/iiif/presentation/v3/ark:/12148/bd6t5137881f/manifest.json'
For more information check: https://developer.mozilla.org/en-US/docs/Web/HTTP/Status/403",2026-07-27T16:30:42.306438
petitmarocain,bd6t5137882t,,failed,0,0,,http_manifest,known,403,manifest,"Client error '403 ' for url 'https://openapiproext.bnf.fr/iiif/presentation/v3/ark:/12148/bd6t5137882t/manifest.json'
For more information check: https://developer.mozilla.org/en-US/docs/Web/HTTP/Status/403",2026-07-27T16:30:43.502695
petitmarocain,bd6t51378836,,failed,0,0,,http_manifest,known,403,manifest,"Client error '403 ' for url 'https://openapiproext.bnf.fr/iiif/presentation/v3/ark:/12148/bd6t51378836/manifest.json'
For more information check: https://developer.mozilla.org/en-US/docs/Web/HTTP/Status/403",2026-07-27T16:30:44.706431
petitmarocain,bd6t5137884k,,failed,0,0,,http_manifest,known,403,manifest,"Client error '403 ' for url 'https://openapiproext.bnf.fr/iiif/presentation/v3/ark:/12148/bd6t5137884k/manifest.json'
For more information check: https://developer.mozilla.org/en-US/docs/Web/HTTP/Status/403",2026-07-27T16:30:45.906188
petitmarocain,bd6t5137885z,,failed,0,0,,http_manifest,known,403,manifest,"Client error '403 ' for url 'https://openapiproext.bnf.fr/iiif/presentation/v3/ark:/12148/bd6t5137885z/manifest.json'
For more information check: https://developer.mozilla.org/en-US/docs/Web/HTTP/Status/403",2026-07-27T16:30:47.146780
petitmarocain,bd6t5137886b,,failed,0,0,,http_manifest,known,403,manifest,"Client error '403 ' for url 'https://openapiproext.bnf.fr/iiif/presentation/v3/ark:/12148/bd6t5137886b/manifest.json'
For more information check: https://developer.mozilla.org/en-US/docs/Web/HTTP/Status/403",2026-07-27T16:30:48.320816
petitmarocain,bd6t5137887q,,failed,0,0,,http_manifest,known,403,manifest,"Client error '403 ' for url 'https://openapiproext.bnf.fr/iiif/presentation/v3/ark:/12148/bd6t5137887q/manifest.json'
For more information check: https://developer.mozilla.org/en-US/docs/Web/HTTP/Status/403",2026-07-27T16:30:49.536544
petitmarocain,bd6t51378883,,failed,0,0,,http_manifest,known,403,manifest,"Client error '403 ' for url 'https://openapiproext.bnf.fr/iiif/presentation/v3/ark:/12148/bd6t51378883/manifest.json'
For more information check: https://developer.mozilla.org/en-US/docs/Web/HTTP/Status/403",2026-07-27T16:30:50.789748
petitmarocain,bd6t5137889g,,failed,0,0,,http_manifest,known,403,manifest,"Client error '403 ' for url 'https://openapiproext.bnf.fr/iiif/presentation/v3/ark:/12148/bd6t5137889g/manifest.json'
For more information check: https://developer.mozilla.org/en-US/docs/Web/HTTP/Status/403",2026-07-27T16:30:51.923564
petitmarocain,bd6t5137890d,,failed,0,0,,http_manifest,known,403,manifest,"Client error '403 ' for url 'https://openapiproext.bnf.fr/iiif/presentation/v3/ark:/12148/bd6t5137890d/manifest.json'
For more information check: https://developer.mozilla.org/en-US/docs/Web/HTTP/Status/403",2026-07-27T16:30:53.192672
petitmarocain,bd6t5137891s,,failed,0,0,,http_manifest,known,403,manifest,"Client error '403 ' for url 'https://openapiproext.bnf.fr/iiif/presentation/v3/ark:/12148/bd6t5137891s/manifest.json'
For more information check: https://developer.mozilla.org/en-US/docs/Web/HTTP/Status/403",2026-07-27T16:30:54.332700
petitmarocain,bd6t51378925,,failed,0,0,,http_manifest,known,403,manifest,"Client error '403 ' for url 'https://openapiproext.bnf.fr/iiif/presentation/v3/ark:/12148/bd6t51378925/manifest.json'
For more information check: https://developer.mozilla.org/en-US/docs/Web/HTTP/Status/403",2026-07-27T16:30:55.532294
petitmarocain,bd6t5137893j,,failed,0,0,,http_manifest,known,403,manifest,"Client error '403 ' for url 'https://openapiproext.bnf.fr/iiif/presentation/v3/ark:/12148/bd6t5137893j/manifest.json'
For more information check: https://developer.mozilla.org/en-US/docs/Web/HTTP/Status/403",2026-07-27T16:30:56.734158
petitmarocain,bd6t5137894x,,failed,0,0,,http_manifest,known,403,manifest,"Client error '403 ' for url 'https://openapiproext.bnf.fr/iiif/presentation/v3/ark:/12148/bd6t5137894x/manifest.json'
For more information check: https://developer.mozilla.org/en-US/docs/Web/HTTP/Status/403",2026-07-27T16:30:57.923647
petitmarocain,bd6t51378959,,failed,0,0,,http_manifest,known,403,manifest,"Client error '403 ' for url 'https://openapiproext.bnf.fr/iiif/presentation/v3/ark:/12148/bd6t51378959/manifest.json'
For more information check: https://developer.mozilla.org/en-US/docs/Web/HTTP/Status/403",2026-07-27T16:30:59.127980
petitmarocain,bd6t5137896p,,failed,0,0,,http_manifest,known,403,manifest,"Client error '403 ' for url 'https://openapiproext.bnf.fr/iiif/presentation/v3/ark:/12148/bd6t5137896p/manifest.json'
For more information check: https://developer.mozilla.org/en-US/docs/Web/HTTP/Status/403",2026-07-27T16:31:00.324062
petitmarocain,bd6t51378972,,failed,0,0,,http_manifest,known,403,manifest,"Client error '403 ' for url 'https://openapiproext.bnf.fr/iiif/presentation/v3/ark:/12148/bd6t51378972/manifest.json'
For more information check: https://developer.mozilla.org/en-US/docs/Web/HTTP/Status/403",2026-07-27T16:31:01.548524
petitmarocain,bd6t5137898f,,failed,0,0,,http_manifest,known,403,manifest,"Client error '403 ' for url 'https://openapiproext.bnf.fr/iiif/presentation/v3/ark:/12148/bd6t5137898f/manifest.json'
For more information check: https://developer.mozilla.org/en-US/docs/Web/HTTP/Status/403",2026-07-27T16:31:02.790494
petitmarocain,bd6t5137899t,,failed,0,0,,http_manifest,known,403,manifest,"Client error '403 ' for url 'https://openapiproext.bnf.fr/iiif/presentation/v3/ark:/12148/bd6t5137899t/manifest.json'
For more information check: https://developer.mozilla.org/en-US/docs/Web/HTTP/Status/403",2026-07-27T16:31:03.933565
petitmarocain,bd6t5137900m,,failed,0,0,,http_manifest,known,403,manifest,"Client error '403 ' for url 'https://openapiproext.bnf.fr/iiif/presentation/v3/ark:/12148/bd6t5137900m/manifest.json'
For more information check: https://developer.mozilla.org/en-US/docs/Web/HTTP/Status/403",2026-07-27T16:31:05.138007
petitmarocain,bd6t51379010,,failed,0,0,,http_manifest,known,403,manifest,"Client error '403 ' for url 'https://openapiproext.bnf.fr/iiif/presentation/v3/ark:/12148/bd6t51379010/manifest.json'
For more information check: https://developer.mozilla.org/en-US/docs/Web/HTTP/Status/403",2026-07-27T16:31:06.332919
petitmarocain,bd6t5137902c,,failed,0,0,,http_manifest,known,403,manifest,"Client error '403 ' for url 'https://openapiproext.bnf.fr/iiif/presentation/v3/ark:/12148/bd6t5137902c/manifest.json'
For more information check: https://developer.mozilla.org/en-US/docs/Web/HTTP/Status/403",2026-07-27T16:31:07.546300
petitmarocain,bd6t5137903r,,failed,0,0,,http_manifest,known,403,manifest,"Client error '403 ' for url 'https://openapiproext.bnf.fr/iiif/presentation/v3/ark:/12148/bd6t5137903r/manifest.json'
For more information check: https://developer.mozilla.org/en-US/docs/Web/HTTP/Status/403",2026-07-27T16:31:08.749116
petitmarocain,bd6t51379044,,failed,0,0,,http_manifest,known,403,manifest,"Client error '403 ' for url 'https://openapiproext.bnf.fr/iiif/presentation/v3/ark:/12148/bd6t51379044/manifest.json'
For more information check: https://developer.mozilla.org/en-US/docs/Web/HTTP/Status/403",2026-07-27T16:31:09.950701
petitmarocain,bd6t5137905h,,failed,0,0,,http_manifest,known,403,manifest,"Client error '403 ' for url 'https://openapiproext.bnf.fr/iiif/presentation/v3/ark:/12148/bd6t5137905h/manifest.json'
For more information check: https://developer.mozilla.org/en-US/docs/Web/HTTP/Status/403",2026-07-27T16:31:11.139010
petitmarocain,bd6t5137906w,,failed,0,0,,http_manifest,known,403,manifest,"Client error '403 ' for url 'https://openapiproext.bnf.fr/iiif/presentation/v3/ark:/12148/bd6t5137906w/manifest.json'
For more information check: https://developer.mozilla.org/en-US/docs/Web/HTTP/Status/403",2026-07-27T16:31:12.345065
petitmarocain,bd6t51379078,,failed,0,0,,http_manifest,known,403,manifest,"Client error '403 ' for url 'https://openapiproext.bnf.fr/iiif/presentation/v3/ark:/12148/bd6t51379078/manifest.json'
For more information check: https://developer.mozilla.org/en-US/docs/Web/HTTP/Status/403",2026-07-27T16:31:13.546484
petitmarocain,bd6t5137908n,,failed,0,0,,http_manifest,known,403,manifest,"Client error '403 ' for url 'https://openapiproext.bnf.fr/iiif/presentation/v3/ark:/12148/bd6t5137908n/manifest.json'
For more information check: https://developer.mozilla.org/en-US/docs/Web/HTTP/Status/403",2026-07-27T16:31:14.772627
petitmarocain,bd6t51377293,,failed,0,0,,http_manifest,known,403,manifest,"Client error '403 ' for url 'https://openapiproext.bnf.fr/iiif/presentation/v3/ark:/12148/bd6t51377293/manifest.json'
For more information check: https://developer.mozilla.org/en-US/docs/Web/HTTP/Status/403",2026-07-27T16:31:15.951396
petitmarocain,bd6t51377301,,failed,0,0,,http_manifest,known,403,manifest,"Client error '403 ' for url 'https://openapiproext.bnf.fr/iiif/presentation/v3/ark:/12148/bd6t51377301/manifest.json'
For more information check: https://developer.mozilla.org/en-US/docs/Web/HTTP/Status/403",2026-07-27T16:31:17.160375
petitmarocain,bd6t5137731d,,failed,0,0,,http_manifest,known,403,manifest,"Client error '403 ' for url 'https://openapiproext.bnf.fr/iiif/presentation/v3/ark:/12148/bd6t5137731d/manifest.json'
For more information check: https://developer.mozilla.org/en-US/docs/Web/HTTP/Status/403",2026-07-27T16:31:18.353544
petitmarocain,bd6t5137732s,,failed,0,0,,http_manifest,known,403,manifest,"Client error '403 ' for url 'https://openapiproext.bnf.fr/iiif/presentation/v3/ark:/12148/bd6t5137732s/manifest.json'
For more information check: https://developer.mozilla.org/en-US/docs/Web/HTTP/Status/403",2026-07-27T16:31:19.564025
petitmarocain,bd6t51377335,,failed,0,0,,http_manifest,known,403,manifest,"Client error '403 ' for url 'https://openapiproext.bnf.fr/iiif/presentation/v3/ark:/12148/bd6t51377335/manifest.json'
For more information check: https://developer.mozilla.org/en-US/docs/Web/HTTP/Status/403",2026-07-27T16:31:20.758765
petitmarocain,bd6t5137734j,,failed,0,0,,http_manifest,known,403,manifest,"Client error '403 ' for url 'https://openapiproext.bnf.fr/iiif/presentation/v3/ark:/12148/bd6t5137734j/manifest.json'
For more information check: https://developer.mozilla.org/en-US/docs/Web/HTTP/Status/403",2026-07-27T16:31:21.973161
petitmarocain,bd6t5137735x,,failed,0,0,,http_manifest,known,403,manifest,"Client error '403 ' for url 'https://openapiproext.bnf.fr/iiif/presentation/v3/ark:/12148/bd6t5137735x/manifest.json'
For more information check: https://developer.mozilla.org/en-US/docs/Web/HTTP/Status/403",2026-07-27T16:31:23.158979
petitmarocain,bd6t51377369,,failed,0,0,,http_manifest,known,403,manifest,"Client error '403 ' for url 'https://openapiproext.bnf.fr/iiif/presentation/v3/ark:/12148/bd6t51377369/manifest.json'
For more information check: https://developer.mozilla.org/en-US/docs/Web/HTTP/Status/403",2026-07-27T16:31:24.363163
petitmarocain,bd6t5137737p,,failed,0,0,,http_manifest,known,403,manifest,"Client error '403 ' for url 'https://openapiproext.bnf.fr/iiif/presentation/v3/ark:/12148/bd6t5137737p/manifest.json'
For more information check: https://developer.mozilla.org/en-US/docs/Web/HTTP/Status/403",2026-07-27T16:31:25.564542
petitmarocain,bd6t51377382,,failed,0,0,,http_manifest,known,403,manifest,"Client error '403 ' for url 'https://openapiproext.bnf.fr/iiif/presentation/v3/ark:/12148/bd6t51377382/manifest.json'
For more information check: https://developer.mozilla.org/en-US/docs/Web/HTTP/Status/403",2026-07-27T16:31:26.797365
petitmarocain,bd6t5137739f,,failed,0,0,,http_manifest,known,403,manifest,"Client error '403 ' for url 'https://openapiproext.bnf.fr/iiif/presentation/v3/ark:/12148/bd6t5137739f/manifest.json'
For more information check: https://developer.mozilla.org/en-US/docs/Web/HTTP/Status/403",2026-07-27T16:31:27.971211
petitmarocain,bd6t5137740c,,failed,0,0,,http_manifest,known,403,manifest,"Client error '403 ' for url 'https://openapiproext.bnf.fr/iiif/presentation/v3/ark:/12148/bd6t5137740c/manifest.json'
For more information check: https://developer.mozilla.org/en-US/docs/Web/HTTP/Status/403",2026-07-27T16:31:29.172017
petitmarocain,bd6t5137741r,,failed,0,0,,http_manifest,known,403,manifest,"Client error '403 ' for url 'https://openapiproext.bnf.fr/iiif/presentation/v3/ark:/12148/bd6t5137741r/manifest.json'
For more information check: https://developer.mozilla.org/en-US/docs/Web/HTTP/Status/403",2026-07-27T16:31:30.372113
petitmarocain,bd6t51377424,,failed,0,0,,http_manifest,known,403,manifest,"Client error '403 ' for url 'https://openapiproext.bnf.fr/iiif/presentation/v3/ark:/12148/bd6t51377424/manifest.json'
For more information check: https://developer.mozilla.org/en-US/docs/Web/HTTP/Status/403",2026-07-27T16:31:31.575701
petitmarocain,bd6t5137743h,,failed,0,0,,http_manifest,known,403,manifest,"Client error '403 ' for url 'https://openapiproext.bnf.fr/iiif/presentation/v3/ark:/12148/bd6t5137743h/manifest.json'
For more information check: https://developer.mozilla.org/en-US/docs/Web/HTTP/Status/403",2026-07-27T16:31:32.803636
petitmarocain,bd6t5137744w,,failed,0,0,,http_manifest,known,403,manifest,"Client error '403 ' for url 'https://openapiproext.bnf.fr/iiif/presentation/v3/ark:/12148/bd6t5137744w/manifest.json'
For more information check: https://developer.mozilla.org/en-US/docs/Web/HTTP/Status/403",2026-07-27T16:31:33.984256
petitmarocain,bd6t51377458,,failed,0,0,,http_manifest,known,403,manifest,"Client error '403 ' for url 'https://openapiproext.bnf.fr/iiif/presentation/v3/ark:/12148/bd6t51377458/manifest.json'
For more information check: https://developer.mozilla.org/en-US/docs/Web/HTTP/Status/403",2026-07-27T16:31:35.186076
petitmarocain,bd6t5137746n,,failed,0,0,,http_manifest,known,403,manifest,"Client error '403 ' for url 'https://openapiproext.bnf.fr/iiif/presentation/v3/ark:/12148/bd6t5137746n/manifest.json'
For more information check: https://developer.mozilla.org/en-US/docs/Web/HTTP/Status/403",2026-07-27T16:31:36.385045
petitmarocain,bd6t51377471,,failed,0,0,,http_manifest,known,403,manifest,"Client error '403 ' for url 'https://openapiproext.bnf.fr/iiif/presentation/v3/ark:/12148/bd6t51377471/manifest.json'
For more information check: https://developer.mozilla.org/en-US/docs/Web/HTTP/Status/403",2026-07-27T16:31:37.596456
petitmarocain,bd6t5137748d,,failed,0,0,,http_manifest,known,403,manifest,"Client error '403 ' for url 'https://openapiproext.bnf.fr/iiif/presentation/v3/ark:/12148/bd6t5137748d/manifest.json'
For more information check: https://developer.mozilla.org/en-US/docs/Web/HTTP/Status/403",2026-07-27T16:31:38.804605
petitmarocain,bd6t5137749s,,failed,0,0,,http_manifest,known,403,manifest,"Client error '403 ' for url 'https://openapiproext.bnf.fr/iiif/presentation/v3/ark:/12148/bd6t5137749s/manifest.json'
For more information check: https://developer.mozilla.org/en-US/docs/Web/HTTP/Status/403",2026-07-27T16:31:40.035510
petitmarocain,bd6t5137750q,,failed,0,0,,http_manifest,known,403,manifest,"Client error '403 ' for url 'https://openapiproext.bnf.fr/iiif/presentation/v3/ark:/12148/bd6t5137750q/manifest.json'
For more information check: https://developer.mozilla.org/en-US/docs/Web/HTTP/Status/403",2026-07-27T16:31:41.200114
petitmarocain,bd6t51377513,,failed,0,0,,http_manifest,known,403,manifest,"Client error '403 ' for url 'https://openapiproext.bnf.fr/iiif/presentation/v3/ark:/12148/bd6t51377513/manifest.json'
For more information check: https://developer.mozilla.org/en-US/docs/Web/HTTP/Status/403",2026-07-27T16:31:42.548000
petitmarocain,bd6t5137752g,,failed,0,0,,http_manifest,known,403,manifest,"Client error '403 ' for url 'https://openapiproext.bnf.fr/iiif/presentation/v3/ark:/12148/bd6t5137752g/manifest.json'
For more information check: https://developer.mozilla.org/en-US/docs/Web/HTTP/Status/403",2026-07-27T16:31:43.866207
petitmarocain,bd6t5137753v,,failed,0,0,,http_manifest,known,403,manifest,"Client error '403 ' for url 'https://openapiproext.bnf.fr/iiif/presentation/v3/ark:/12148/bd6t5137753v/manifest.json'
For more information check: https://developer.mozilla.org/en-US/docs/Web/HTTP/Status/403",2026-07-27T16:31:44.823191
petitmarocain,bd6t51377547,,failed,0,0,,http_manifest,known,403,manifest,"Client error '403 ' for url 'https://openapiproext.bnf.fr/iiif/presentation/v3/ark:/12148/bd6t51377547/manifest.json'
For more information check: https://developer.mozilla.org/en-US/docs/Web/HTTP/Status/403",2026-07-27T16:31:46.216181
petitmarocain,bd6t5137755m,,failed,0,0,,http_manifest,known,403,manifest,"Client error '403 ' for url 'https://openapiproext.bnf.fr/iiif/presentation/v3/ark:/12148/bd6t5137755m/manifest.json'
For more information check: https://developer.mozilla.org/en-US/docs/Web/HTTP/Status/403",2026-07-27T16:31:47.251337
petitmarocain,bd6t51377560,,failed,0,0,,http_manifest,known,403,manifest,"Client error '403 ' for url 'https://openapiproext.bnf.fr/iiif/presentation/v3/ark:/12148/bd6t51377560/manifest.json'
For more information check: https://developer.mozilla.org/en-US/docs/Web/HTTP/Status/403",2026-07-27T16:31:48.631846
petitmarocain,bd6t5137757c,,failed,0,0,,http_manifest,known,403,manifest,"Client error '403 ' for url 'https://openapiproext.bnf.fr/iiif/presentation/v3/ark:/12148/bd6t5137757c/manifest.json'
For more information check: https://developer.mozilla.org/en-US/docs/Web/HTTP/Status/403",2026-07-27T16:31:49.755690
petitmarocain,bd6t5137758r,,failed,0,0,,http_manifest,known,403,manifest,"Client error '403 ' for url 'https://openapiproext.bnf.fr/iiif/presentation/v3/ark:/12148/bd6t5137758r/manifest.json'
For more information check: https://developer.mozilla.org/en-US/docs/Web/HTTP/Status/403",2026-07-27T16:31:50.906042
petitmarocain,bd6t51377594,,failed,0,0,,http_manifest,known,403,manifest,"Client error '403 ' for url 'https://openapiproext.bnf.fr/iiif/presentation/v3/ark:/12148/bd6t51377594/manifest.json'
For more information check: https://developer.mozilla.org/en-US/docs/Web/HTTP/Status/403",2026-07-27T16:31:52.086681
petitmarocain,bd6t51377602,,failed,0,0,,http_manifest,known,403,manifest,"Client error '403 ' for url 'https://openapiproext.bnf.fr/iiif/presentation/v3/ark:/12148/bd6t51377602/manifest.json'
For more information check: https://developer.mozilla.org/en-US/docs/Web/HTTP/Status/403",2026-07-27T16:31:53.749095
petitmarocain,bd6t5137761f,,failed,0,0,,http_manifest,known,403,manifest,"Client error '403 ' for url 'https://openapiproext.bnf.fr/iiif/presentation/v3/ark:/12148/bd6t5137761f/manifest.json'
For more information check: https://developer.mozilla.org/en-US/docs/Web/HTTP/Status/403",2026-07-27T16:31:54.439093
petitmarocain,bd6t5137762t,,failed,0,0,,http_manifest,known,403,manifest,"Client error '403 ' for url 'https://openapiproext.bnf.fr/iiif/presentation/v3/ark:/12148/bd6t5137762t/manifest.json'
For more information check: https://developer.mozilla.org/en-US/docs/Web/HTTP/Status/403",2026-07-27T16:31:55.649432
petitmarocain,bd6t51377636,,failed,0,0,,http_manifest,known,403,manifest,"Client error '403 ' for url 'https://openapiproext.bnf.fr/iiif/presentation/v3/ark:/12148/bd6t51377636/manifest.json'
For more information check: https://developer.mozilla.org/en-US/docs/Web/HTTP/Status/403",2026-07-27T16:31:56.815800
petitmarocain,bd6t5137764k,,failed,0,0,,http_manifest,known,403,manifest,"Client error '403 ' for url 'https://openapiproext.bnf.fr/iiif/presentation/v3/ark:/12148/bd6t5137764k/manifest.json'
For more information check: https://developer.mozilla.org/en-US/docs/Web/HTTP/Status/403",2026-07-27T16:31:58.031565
petitmarocain,bd6t5137765z,,failed,0,0,,http_manifest,known,403,manifest,"Client error '403 ' for url 'https://openapiproext.bnf.fr/iiif/presentation/v3/ark:/12148/bd6t5137765z/manifest.json'
For more information check: https://developer.mozilla.org/en-US/docs/Web/HTTP/Status/403",2026-07-27T16:31:59.222187
petitmarocain,bd6t5137766b,,failed,0,0,,http_manifest,known,403,manifest,"Client error '403 ' for url 'https://openapiproext.bnf.fr/iiif/presentation/v3/ark:/12148/bd6t5137766b/manifest.json'
For more information check: https://developer.mozilla.org/en-US/docs/Web/HTTP/Status/403",2026-07-27T16:32:00.426846
petitmarocain,bd6t5137767q,,failed,0,0,,http_manifest,known,403,manifest,"Client error '403 ' for url 'https://openapiproext.bnf.fr/iiif/presentation/v3/ark:/12148/bd6t5137767q/manifest.json'
For more information check: https://developer.mozilla.org/en-US/docs/Web/HTTP/Status/403",2026-07-27T16:32:01.638532
petitmarocain,bd6t51377683,,failed,0,0,,http_manifest,known,403,manifest,"Client error '403 ' for url 'https://openapiproext.bnf.fr/iiif/presentation/v3/ark:/12148/bd6t51377683/manifest.json'
For more information check: https://developer.mozilla.org/en-US/docs/Web/HTTP/Status/403",2026-07-27T16:32:02.826188
petitmarocain,bd6t5137769g,,failed,0,0,,http_manifest,known,403,manifest,"Client error '403 ' for url 'https://openapiproext.bnf.fr/iiif/presentation/v3/ark:/12148/bd6t5137769g/manifest.json'
For more information check: https://developer.mozilla.org/en-US/docs/Web/HTTP/Status/403",2026-07-27T16:32:04.027649
petitmarocain,bd6t5137770d,,failed,0,0,,http_manifest,known,403,manifest,"Client error '403 ' for url 'https://openapiproext.bnf.fr/iiif/presentation/v3/ark:/12148/bd6t5137770d/manifest.json'
For more information check: https://developer.mozilla.org/en-US/docs/Web/HTTP/Status/403",2026-07-27T16:32:05.234752
petitmarocain,bd6t5137771s,,failed,0,0,,http_manifest,known,403,manifest,"Client error '403 ' for url 'https://openapiproext.bnf.fr/iiif/presentation/v3/ark:/12148/bd6t5137771s/manifest.json'
For more information check: https://developer.mozilla.org/en-US/docs/Web/HTTP/Status/403",2026-07-27T16:32:06.427399
petitmarocain,bd6t51377725,,failed,0,0,,http_manifest,known,403,manifest,"Client error '403 ' for url 'https://openapiproext.bnf.fr/iiif/presentation/v3/ark:/12148/bd6t51377725/manifest.json'
For more information check: https://developer.mozilla.org/en-US/docs/Web/HTTP/Status/403",2026-07-27T16:32:07.636084
petitmarocain,bd6t5137773j,,failed,0,0,,http_manifest,known,403,manifest,"Client error '403 ' for url 'https://openapiproext.bnf.fr/iiif/presentation/v3/ark:/12148/bd6t5137773j/manifest.json'
For more information check: https://developer.mozilla.org/en-US/docs/Web/HTTP/Status/403",2026-07-27T16:32:08.825563
petitmarocain,bd6t5137774x,,failed,0,0,,http_manifest,known,403,manifest,"Client error '403 ' for url 'https://openapiproext.bnf.fr/iiif/presentation/v3/ark:/12148/bd6t5137774x/manifest.json'
For more information check: https://developer.mozilla.org/en-US/docs/Web/HTTP/Status/403",2026-07-27T16:32:10.032246
petitmarocain,bd6t51377759,,failed,0,0,,http_manifest,known,403,manifest,"Client error '403 ' for url 'https://openapiproext.bnf.fr/iiif/presentation/v3/ark:/12148/bd6t51377759/manifest.json'
For more information check: https://developer.mozilla.org/en-US/docs/Web/HTTP/Status/403",2026-07-27T16:32:11.236207
petitmarocain,bd6t5137776p,,failed,0,0,,http_manifest,known,403,manifest,"Client error '403 ' for url 'https://openapiproext.bnf.fr/iiif/presentation/v3/ark:/12148/bd6t5137776p/manifest.json'
For more information check: https://developer.mozilla.org/en-US/docs/Web/HTTP/Status/403",2026-07-27T16:32:12.435797
petitmarocain,bd6t51377772,,failed,0,0,,http_manifest,known,403,manifest,"Client error '403 ' for url 'https://openapiproext.bnf.fr/iiif/presentation/v3/ark:/12148/bd6t51377772/manifest.json'
For more information check: https://developer.mozilla.org/en-US/docs/Web/HTTP/Status/403",2026-07-27T16:32:13.666576
petitmarocain,bd6t5137778f,,failed,0,0,,http_manifest,known,403,manifest,"Client error '403 ' for url 'https://openapiproext.bnf.fr/iiif/presentation/v3/ark:/12148/bd6t5137778f/manifest.json'
For more information check: https://developer.mozilla.org/en-US/docs/Web/HTTP/Status/403",2026-07-27T16:32:14.856379
petitmarocain,bd6t5137779t,,failed,0,0,,http_manifest,known,403,manifest,"Client error '403 ' for url 'https://openapiproext.bnf.fr/iiif/presentation/v3/ark:/12148/bd6t5137779t/manifest.json'
For more information check: https://developer.mozilla.org/en-US/docs/Web/HTTP/Status/403",2026-07-27T16:32:16.047578
petitmarocain,bd6t5137780r,,failed,0,0,,http_manifest,known,403,manifest,"Client error '403 ' for url 'https://openapiproext.bnf.fr/iiif/presentation/v3/ark:/12148/bd6t5137780r/manifest.json'
For more information check: https://developer.mozilla.org/en-US/docs/Web/HTTP/Status/403",2026-07-27T16:32:17.245555
petitmarocain,bd6t51377814,,failed,0,0,,http_manifest,known,403,manifest,"Client error '403 ' for url 'https://openapiproext.bnf.fr/iiif/presentation/v3/ark:/12148/bd6t51377814/manifest.json'
For more information check: https://developer.mozilla.org/en-US/docs/Web/HTTP/Status/403",2026-07-27T16:32:18.447594
petitmarocain,bd6t5137782h,,failed,0,0,,http_manifest,known,403,manifest,"Client error '403 ' for url 'https://openapiproext.bnf.fr/iiif/presentation/v3/ark:/12148/bd6t5137782h/manifest.json'
For more information check: https://developer.mozilla.org/en-US/docs/Web/HTTP/Status/403",2026-07-27T16:32:19.653720
petitmarocain,bd6t5137783w,,failed,0,0,,http_manifest,known,403,manifest,"Client error '403 ' for url 'https://openapiproext.bnf.fr/iiif/presentation/v3/ark:/12148/bd6t5137783w/manifest.json'
For more information check: https://developer.mozilla.org/en-US/docs/Web/HTTP/Status/403",2026-07-27T16:32:20.859489
petitmarocain,bd6t51377848,,failed,0,0,,http_manifest,known,403,manifest,"Client error '403 ' for url 'https://openapiproext.bnf.fr/iiif/presentation/v3/ark:/12148/bd6t51377848/manifest.json'
For more information check: https://developer.mozilla.org/en-US/docs/Web/HTTP/Status/403",2026-07-27T16:32:22.049669
petitmarocain,bd6t5137785n,,failed,0,0,,http_manifest,known,403,manifest,"Client error '403 ' for url 'https://openapiproext.bnf.fr/iiif/presentation/v3/ark:/12148/bd6t5137785n/manifest.json'
For more information check: https://developer.mozilla.org/en-US/docs/Web/HTTP/Status/403",2026-07-27T16:32:23.258536
petitmarocain,bd6t51377861,,failed,0,0,,http_manifest,known,403,manifest,"Client error '403 ' for url 'https://openapiproext.bnf.fr/iiif/presentation/v3/ark:/12148/bd6t51377861/manifest.json'
For more information check: https://developer.mozilla.org/en-US/docs/Web/HTTP/Status/403",2026-07-27T16:32:24.452165
petitmarocain,bd6t5137787d,,failed,0,0,,http_manifest,known,403,manifest,"Client error '403 ' for url 'https://openapiproext.bnf.fr/iiif/presentation/v3/ark:/12148/bd6t5137787d/manifest.json'
For more information check: https://developer.mozilla.org/en-US/docs/Web/HTTP/Status/403",2026-07-27T16:32:25.685679
petitmarocain,bd6t5137788s,,failed,0,0,,http_manifest,known,403,manifest,"Client error '403 ' for url 'https://openapiproext.bnf.fr/iiif/presentation/v3/ark:/12148/bd6t5137788s/manifest.json'
For more information check: https://developer.mozilla.org/en-US/docs/Web/HTTP/Status/403",2026-07-27T16:32:26.866090
petitmarocain,bd6t51377895,,failed,0,0,,http_manifest,known,403,manifest,"Client error '403 ' for url 'https://openapiproext.bnf.fr/iiif/presentation/v3/ark:/12148/bd6t51377895/manifest.json'
For more information check: https://developer.mozilla.org/en-US/docs/Web/HTTP/Status/403",2026-07-27T16:32:28.060476
petitmarocain,bd6t51377903,,failed,0,0,,http_manifest,known,403,manifest,"Client error '403 ' for url 'https://openapiproext.bnf.fr/iiif/presentation/v3/ark:/12148/bd6t51377903/manifest.json'
For more information check: https://developer.mozilla.org/en-US/docs/Web/HTTP/Status/403",2026-07-27T16:32:29.392182
petitmarocain,bd6t5137791g,,failed,0,0,,http_manifest,known,403,manifest,"Client error '403 ' for url 'https://openapiproext.bnf.fr/iiif/presentation/v3/ark:/12148/bd6t5137791g/manifest.json'
For more information check: https://developer.mozilla.org/en-US/docs/Web/HTTP/Status/403",2026-07-27T16:32:30.702445
petitmarocain,bd6t5137792v,,failed,0,0,,http_manifest,known,403,manifest,"Client error '403 ' for url 'https://openapiproext.bnf.fr/iiif/presentation/v3/ark:/12148/bd6t5137792v/manifest.json'
For more information check: https://developer.mozilla.org/en-US/docs/Web/HTTP/Status/403",2026-07-27T16:32:31.750955
petitmarocain,bd6t51377937,,failed,0,0,,http_manifest,known,403,manifest,"Client error '403 ' for url 'https://openapiproext.bnf.fr/iiif/presentation/v3/ark:/12148/bd6t51377937/manifest.json'
For more information check: https://developer.mozilla.org/en-US/docs/Web/HTTP/Status/403",2026-07-27T16:32:32.998253
petitmarocain,bd6t5137794m,,failed,0,0,,http_manifest,known,403,manifest,"Client error '403 ' for url 'https://openapiproext.bnf.fr/iiif/presentation/v3/ark:/12148/bd6t5137794m/manifest.json'
For more information check: https://developer.mozilla.org/en-US/docs/Web/HTTP/Status/403",2026-07-27T16:32:34.244996
petitmarocain,bd6t51377950,,failed,0,0,,http_manifest,known,403,manifest,"Client error '403 ' for url 'https://openapiproext.bnf.fr/iiif/presentation/v3/ark:/12148/bd6t51377950/manifest.json'
For more information check: https://developer.mozilla.org/en-US/docs/Web/HTTP/Status/403",2026-07-27T16:32:35.308492
petitmarocain,bd6t5137796c,,failed,0,0,,http_manifest,known,403,manifest,"Client error '403 ' for url 'https://openapiproext.bnf.fr/iiif/presentation/v3/ark:/12148/bd6t5137796c/manifest.json'
For more information check: https://developer.mozilla.org/en-US/docs/Web/HTTP/Status/403",2026-07-27T16:32:36.512862
petitmarocain,bd6t5137797r,,failed,0,0,,http_manifest,known,403,manifest,"Client error '403 ' for url 'https://openapiproext.bnf.fr/iiif/presentation/v3/ark:/12148/bd6t5137797r/manifest.json'
For more information check: https://developer.mozilla.org/en-US/docs/Web/HTTP/Status/403",2026-07-27T16:32:37.677163
petitmarocain,bd6t51377984,,failed,0,0,,http_manifest,known,403,manifest,"Client error '403 ' for url 'https://openapiproext.bnf.fr/iiif/presentation/v3/ark:/12148/bd6t51377984/manifest.json'
For more information check: https://developer.mozilla.org/en-US/docs/Web/HTTP/Status/403",2026-07-27T16:32:39.236788
petitmarocain,bd6t5137799h,,failed,0,0,,http_manifest,known,403,manifest,"Client error '403 ' for url 'https://openapiproext.bnf.fr/iiif/presentation/v3/ark:/12148/bd6t5137799h/manifest.json'
For more information check: https://developer.mozilla.org/en-US/docs/Web/HTTP/Status/403",2026-07-27T16:32:40.514474
petitmarocain,bd6t51378009,,failed,0,0,,http_manifest,known,403,manifest,"Client error '403 ' for url 'https://openapiproext.bnf.fr/iiif/presentation/v3/ark:/12148/bd6t51378009/manifest.json'
For more information check: https://developer.mozilla.org/en-US/docs/Web/HTTP/Status/403",2026-07-27T16:32:41.282201
petitmarocain,bd6t5137801p,,failed,0,0,,http_manifest,known,403,manifest,"Client error '403 ' for url 'https://openapiproext.bnf.fr/iiif/presentation/v3/ark:/12148/bd6t5137801p/manifest.json'
For more information check: https://developer.mozilla.org/en-US/docs/Web/HTTP/Status/403",2026-07-27T16:32:42.520687
petitmarocain,bd6t51378022,,failed,0,0,,http_manifest,known,403,manifest,"Client error '403 ' for url 'https://openapiproext.bnf.fr/iiif/presentation/v3/ark:/12148/bd6t51378022/manifest.json'
For more information check: https://developer.mozilla.org/en-US/docs/Web/HTTP/Status/403",2026-07-27T16:32:43.699750
petitmarocain,bd6t5137803f,,failed,0,0,,http_manifest,known,403,manifest,"Client error '403 ' for url 'https://openapiproext.bnf.fr/iiif/presentation/v3/ark:/12148/bd6t5137803f/manifest.json'
For more information check: https://developer.mozilla.org/en-US/docs/Web/HTTP/Status/403",2026-07-27T16:32:45.011761
petitmarocain,bd6t5137804t,,failed,0,0,,http_manifest,known,403,manifest,"Client error '403 ' for url 'https://openapiproext.bnf.fr/iiif/presentation/v3/ark:/12148/bd6t5137804t/manifest.json'
For more information check: https://developer.mozilla.org/en-US/docs/Web/HTTP/Status/403",2026-07-27T16:32:46.084524
petitmarocain,bd6t51378056,,failed,0,0,,http_manifest,known,403,manifest,"Client error '403 ' for url 'https://openapiproext.bnf.fr/iiif/presentation/v3/ark:/12148/bd6t51378056/manifest.json'
For more information check: https://developer.mozilla.org/en-US/docs/Web/HTTP/Status/403",2026-07-27T16:32:47.304549
petitmarocain,bd6t5137806k,,failed,0,0,,http_manifest,known,403,manifest,"Client error '403 ' for url 'https://openapiproext.bnf.fr/iiif/presentation/v3/ark:/12148/bd6t5137806k/manifest.json'
For more information check: https://developer.mozilla.org/en-US/docs/Web/HTTP/Status/403",2026-07-27T16:32:48.493578
petitmarocain,bd6t5137807z,,failed,0,0,,http_manifest,known,403,manifest,"Client error '403 ' for url 'https://openapiproext.bnf.fr/iiif/presentation/v3/ark:/12148/bd6t5137807z/manifest.json'
For more information check: https://developer.mozilla.org/en-US/docs/Web/HTTP/Status/403",2026-07-27T16:32:49.695638
petitmarocain,bd6t5137808b,,failed,0,0,,http_manifest,known,403,manifest,"Client error '403 ' for url 'https://openapiproext.bnf.fr/iiif/presentation/v3/ark:/12148/bd6t5137808b/manifest.json'
For more information check: https://developer.mozilla.org/en-US/docs/Web/HTTP/Status/403",2026-07-27T16:32:50.899733
petitmarocain,bd6t5137809q,,failed,0,0,,http_manifest,known,403,manifest,"Client error '403 ' for url 'https://openapiproext.bnf.fr/iiif/presentation/v3/ark:/12148/bd6t5137809q/manifest.json'
For more information check: https://developer.mozilla.org/en-US/docs/Web/HTTP/Status/403",2026-07-27T16:32:52.263082
petitmarocain,bd6t5137810n,,failed,0,0,,http_manifest,known,403,manifest,"Client error '403 ' for url 'https://openapiproext.bnf.fr/iiif/presentation/v3/ark:/12148/bd6t5137810n/manifest.json'
For more information check: https://developer.mozilla.org/en-US/docs/Web/HTTP/Status/403",2026-07-27T16:32:53.538985
petitmarocain,bd6t51378111,,failed,0,0,,http_manifest,known,403,manifest,"Client error '403 ' for url 'https://openapiproext.bnf.fr/iiif/presentation/v3/ark:/12148/bd6t51378111/manifest.json'
For more information check: https://developer.mozilla.org/en-US/docs/Web/HTTP/Status/403",2026-07-27T16:32:54.542942
petitmarocain,bd6t5137812d,,failed,0,0,,http_manifest,known,403,manifest,"Client error '403 ' for url 'https://openapiproext.bnf.fr/iiif/presentation/v3/ark:/12148/bd6t5137812d/manifest.json'
For more information check: https://developer.mozilla.org/en-US/docs/Web/HTTP/Status/403",2026-07-27T16:32:55.732738
petitmarocain,bd6t5137813s,,failed,0,0,,http_manifest,known,403,manifest,"Client error '403 ' for url 'https://openapiproext.bnf.fr/iiif/presentation/v3/ark:/12148/bd6t5137813s/manifest.json'
For more information check: https://developer.mozilla.org/en-US/docs/Web/HTTP/Status/403",2026-07-27T16:32:56.900565
petitmarocain,bd6t51378145,,failed,0,0,,http_manifest,known,403,manifest,"Client error '403 ' for url 'https://openapiproext.bnf.fr/iiif/presentation/v3/ark:/12148/bd6t51378145/manifest.json'
For more information check: https://developer.mozilla.org/en-US/docs/Web/HTTP/Status/403",2026-07-27T16:32:58.110995
petitmarocain,bd6t5137815j,,failed,0,0,,http_manifest,known,403,manifest,"Client error '403 ' for url 'https://openapiproext.bnf.fr/iiif/presentation/v3/ark:/12148/bd6t5137815j/manifest.json'
For more information check: https://developer.mozilla.org/en-US/docs/Web/HTTP/Status/403",2026-07-27T16:32:59.299766
petitmarocain,bd6t5137816x,,failed,0,0,,http_manifest,known,403,manifest,"Client error '403 ' for url 'https://openapiproext.bnf.fr/iiif/presentation/v3/ark:/12148/bd6t5137816x/manifest.json'
For more information check: https://developer.mozilla.org/en-US/docs/Web/HTTP/Status/403",2026-07-27T16:33:00.509734
petitmarocain,bd6t51378179,,failed,0,0,,http_manifest,known,403,manifest,"Client error '403 ' for url 'https://openapiproext.bnf.fr/iiif/presentation/v3/ark:/12148/bd6t51378179/manifest.json'
For more information check: https://developer.mozilla.org/en-US/docs/Web/HTTP/Status/403",2026-07-27T16:33:01.724117
petitmarocain,bd6t5140515x,,failed,0,0,,http_manifest,known,403,manifest,"Client error '403 ' for url 'https://openapiproext.bnf.fr/iiif/presentation/v3/ark:/12148/bd6t5140515x/manifest.json'
For more information check: https://developer.mozilla.org/en-US/docs/Web/HTTP/Status/403",2026-07-27T16:33:02.949869
petitmarocain,bd6t51405169,,failed,0,0,,http_manifest,known,403,manifest,"Client error '403 ' for url 'https://openapiproext.bnf.fr/iiif/presentation/v3/ark:/12148/bd6t51405169/manifest.json'
For more information check: https://developer.mozilla.org/en-US/docs/Web/HTTP/Status/403",2026-07-27T16:33:04.105395
petitmarocain,bd6t5140517p,,failed,0,0,,http_manifest,known,403,manifest,"Client error '403 ' for url 'https://openapiproext.bnf.fr/iiif/presentation/v3/ark:/12148/bd6t5140517p/manifest.json'
For more information check: https://developer.mozilla.org/en-US/docs/Web/HTTP/Status/403",2026-07-27T16:33:05.308537
petitmarocain,bd6t51405182,,failed,0,0,,http_manifest,known,403,manifest,"Client error '403 ' for url 'https://openapiproext.bnf.fr/iiif/presentation/v3/ark:/12148/bd6t51405182/manifest.json'
For more information check: https://developer.mozilla.org/en-US/docs/Web/HTTP/Status/403",2026-07-27T16:33:06.508269
petitmarocain,bd6t5140519f,,failed,0,0,,http_manifest,known,403,manifest,"Client error '403 ' for url 'https://openapiproext.bnf.fr/iiif/presentation/v3/ark:/12148/bd6t5140519f/manifest.json'
For more information check: https://developer.mozilla.org/en-US/docs/Web/HTTP/Status/403",2026-07-27T16:33:07.715239
petitmarocain,bd6t5140520c,,failed,0,0,,http_manifest,known,403,manifest,"Client error '403 ' for url 'https://openapiproext.bnf.fr/iiif/presentation/v3/ark:/12148/bd6t5140520c/manifest.json'
For more information check: https://developer.mozilla.org/en-US/docs/Web/HTTP/Status/403",2026-07-27T16:33:08.933362
petitmarocain,bd6t5140521r,,failed,0,0,,http_manifest,known,403,manifest,"Client error '403 ' for url 'https://openapiproext.bnf.fr/iiif/presentation/v3/ark:/12148/bd6t5140521r/manifest.json'
For more information check: https://developer.mozilla.org/en-US/docs/Web/HTTP/Status/403",2026-07-27T16:33:10.112562
petitmarocain,bd6t51405224,,failed,0,0,,http_manifest,known,403,manifest,"Client error '403 ' for url 'https://openapiproext.bnf.fr/iiif/presentation/v3/ark:/12148/bd6t51405224/manifest.json'
For more information check: https://developer.mozilla.org/en-US/docs/Web/HTTP/Status/403",2026-07-27T16:33:11.318401
petitmarocain,bd6t5140523h,,failed,0,0,,http_manifest,known,403,manifest,"Client error '403 ' for url 'https://openapiproext.bnf.fr/iiif/presentation/v3/ark:/12148/bd6t5140523h/manifest.json'
For more information check: https://developer.mozilla.org/en-US/docs/Web/HTTP/Status/403",2026-07-27T16:33:12.515010
petitmarocain,bd6t5140524w,,failed,0,0,,http_manifest,known,403,manifest,"Client error '403 ' for url 'https://openapiproext.bnf.fr/iiif/presentation/v3/ark:/12148/bd6t5140524w/manifest.json'
For more information check: https://developer.mozilla.org/en-US/docs/Web/HTTP/Status/403",2026-07-27T16:33:13.726431
petitmarocain,bd6t51405258,,failed,0,0,,http_manifest,known,403,manifest,"Client error '403 ' for url 'https://openapiproext.bnf.fr/iiif/presentation/v3/ark:/12148/bd6t51405258/manifest.json'
For more information check: https://developer.mozilla.org/en-US/docs/Web/HTTP/Status/403",2026-07-27T16:33:14.946895
petitmarocain,bd6t5140526n,,failed,0,0,,http_manifest,known,403,manifest,"Client error '403 ' for url 'https://openapiproext.bnf.fr/iiif/presentation/v3/ark:/12148/bd6t5140526n/manifest.json'
For more information check: https://developer.mozilla.org/en-US/docs/Web/HTTP/Status/403",2026-07-27T16:33:16.126751
petitmarocain,bd6t51405271,,failed,0,0,,http_manifest,known,403,manifest,"Client error '403 ' for url 'https://openapiproext.bnf.fr/iiif/presentation/v3/ark:/12148/bd6t51405271/manifest.json'
For more information check: https://developer.mozilla.org/en-US/docs/Web/HTTP/Status/403",2026-07-27T16:33:17.335575
petitmarocain,bd6t5140528d,,failed,0,0,,http_manifest,known,403,manifest,"Client error '403 ' for url 'https://openapiproext.bnf.fr/iiif/presentation/v3/ark:/12148/bd6t5140528d/manifest.json'
For more information check: https://developer.mozilla.org/en-US/docs/Web/HTTP/Status/403",2026-07-27T16:33:18.538843
petitmarocain,bd6t5140529s,,failed,0,0,,http_manifest,known,403,manifest,"Client error '403 ' for url 'https://openapiproext.bnf.fr/iiif/presentation/v3/ark:/12148/bd6t5140529s/manifest.json'
For more information check: https://developer.mozilla.org/en-US/docs/Web/HTTP/Status/403",2026-07-27T16:33:19.740488
petitmarocain,bd6t5140530q,,failed,0,0,,http_manifest,known,403,manifest,"Client error '403 ' for url 'https://openapiproext.bnf.fr/iiif/presentation/v3/ark:/12148/bd6t5140530q/manifest.json'
For more information check: https://developer.mozilla.org/en-US/docs/Web/HTTP/Status/403",2026-07-27T16:33:20.938937
petitmarocain,bd6t51405313,,failed,0,0,,http_manifest,known,403,manifest,"Client error '403 ' for url 'https://openapiproext.bnf.fr/iiif/presentation/v3/ark:/12148/bd6t51405313/manifest.json'
For more information check: https://developer.mozilla.org/en-US/docs/Web/HTTP/Status/403",2026-07-27T16:33:22.137130
petitmarocain,bd6t5140532g,,failed,0,0,,http_manifest,known,403,manifest,"Client error '403 ' for url 'https://openapiproext.bnf.fr/iiif/presentation/v3/ark:/12148/bd6t5140532g/manifest.json'
For more information check: https://developer.mozilla.org/en-US/docs/Web/HTTP/Status/403",2026-07-27T16:33:23.344299
petitmarocain,bd6t5140533v,,failed,0,0,,http_manifest,known,403,manifest,"Client error '403 ' for url 'https://openapiproext.bnf.fr/iiif/presentation/v3/ark:/12148/bd6t5140533v/manifest.json'
For more information check: https://developer.mozilla.org/en-US/docs/Web/HTTP/Status/403",2026-07-27T16:33:24.546194
petitmarocain,bd6t51405347,,failed,0,0,,http_manifest,known,403,manifest,"Client error '403 ' for url 'https://openapiproext.bnf.fr/iiif/presentation/v3/ark:/12148/bd6t51405347/manifest.json'
For more information check: https://developer.mozilla.org/en-US/docs/Web/HTTP/Status/403",2026-07-27T16:33:25.754165
petitmarocain,bd6t5140535m,,failed,0,0,,http_manifest,known,403,manifest,"Client error '403 ' for url 'https://openapiproext.bnf.fr/iiif/presentation/v3/ark:/12148/bd6t5140535m/manifest.json'
For more information check: https://developer.mozilla.org/en-US/docs/Web/HTTP/Status/403",2026-07-27T16:33:26.965310
petitmarocain,bd6t51405360,,failed,0,0,,http_manifest,known,403,manifest,"Client error '403 ' for url 'https://openapiproext.bnf.fr/iiif/presentation/v3/ark:/12148/bd6t51405360/manifest.json'
For more information check: https://developer.mozilla.org/en-US/docs/Web/HTTP/Status/403",2026-07-27T16:33:28.151736
petitmarocain,bd6t5140537c,,failed,0,0,,http_manifest,known,403,manifest,"Client error '403 ' for url 'https://openapiproext.bnf.fr/iiif/presentation/v3/ark:/12148/bd6t5140537c/manifest.json'
For more information check: https://developer.mozilla.org/en-US/docs/Web/HTTP/Status/403",2026-07-27T16:33:29.564302
petitmarocain,bd6t5140538r,,failed,0,0,,http_manifest,known,403,manifest,"Client error '403 ' for url 'https://openapiproext.bnf.fr/iiif/presentation/v3/ark:/12148/bd6t5140538r/manifest.json'
For more information check: https://developer.mozilla.org/en-US/docs/Web/HTTP/Status/403",2026-07-27T16:33:30.555718
petitmarocain,bd6t51405394,,failed,0,0,,http_manifest,known,403,manifest,"Client error '403 ' for url 'https://openapiproext.bnf.fr/iiif/presentation/v3/ark:/12148/bd6t51405394/manifest.json'
For more information check: https://developer.mozilla.org/en-US/docs/Web/HTTP/Status/403",2026-07-27T16:33:31.818014
petitmarocain,bd6t51405402,,failed,0,0,,http_manifest,known,403,manifest,"Client error '403 ' for url 'https://openapiproext.bnf.fr/iiif/presentation/v3/ark:/12148/bd6t51405402/manifest.json'
For more information check: https://developer.mozilla.org/en-US/docs/Web/HTTP/Status/403",2026-07-27T16:33:32.994649
petitmarocain,bd6t5140541f,,failed,0,0,,http_manifest,known,403,manifest,"Client error '403 ' for url 'https://openapiproext.bnf.fr/iiif/presentation/v3/ark:/12148/bd6t5140541f/manifest.json'
For more information check: https://developer.mozilla.org/en-US/docs/Web/HTTP/Status/403",2026-07-27T16:33:34.158282
petitmarocain,bd6t5140542t,,failed,0,0,,http_manifest,known,403,manifest,"Client error '403 ' for url 'https://openapiproext.bnf.fr/iiif/presentation/v3/ark:/12148/bd6t5140542t/manifest.json'
For more information check: https://developer.mozilla.org/en-US/docs/Web/HTTP/Status/403",2026-07-27T16:33:35.520244
petitmarocain,bd6t51405436,,failed,0,0,,http_manifest,known,403,manifest,"Client error '403 ' for url 'https://openapiproext.bnf.fr/iiif/presentation/v3/ark:/12148/bd6t51405436/manifest.json'
For more information check: https://developer.mozilla.org/en-US/docs/Web/HTTP/Status/403",2026-07-27T16:33:36.799521
petitmarocain,bd6t5140544k,,failed,0,0,,http_manifest,known,403,manifest,"Client error '403 ' for url 'https://openapiproext.bnf.fr/iiif/presentation/v3/ark:/12148/bd6t5140544k/manifest.json'
For more information check: https://developer.mozilla.org/en-US/docs/Web/HTTP/Status/403",2026-07-27T16:33:38.029407
petitmarocain,bd6t5140545z,,failed,0,0,,http_manifest,known,403,manifest,"Client error '403 ' for url 'https://openapiproext.bnf.fr/iiif/presentation/v3/ark:/12148/bd6t5140545z/manifest.json'
For more information check: https://developer.mozilla.org/en-US/docs/Web/HTTP/Status/403",2026-07-27T16:33:39.230083
petitmarocain,bd6t5140546b,,failed,0,0,,http_manifest,known,403,manifest,"Client error '403 ' for url 'https://openapiproext.bnf.fr/iiif/presentation/v3/ark:/12148/bd6t5140546b/manifest.json'
For more information check: https://developer.mozilla.org/en-US/docs/Web/HTTP/Status/403",2026-07-27T16:33:40.167607
petitmarocain,bd6t5140547q,,failed,0,0,,http_manifest,known,403,manifest,"Client error '403 ' for url 'https://openapiproext.bnf.fr/iiif/presentation/v3/ark:/12148/bd6t5140547q/manifest.json'
For more information check: https://developer.mozilla.org/en-US/docs/Web/HTTP/Status/403",2026-07-27T16:33:41.373800
petitmarocain,bd6t51405483,,failed,0,0,,http_manifest,known,403,manifest,"Client error '403 ' for url 'https://openapiproext.bnf.fr/iiif/presentation/v3/ark:/12148/bd6t51405483/manifest.json'
For more information check: https://developer.mozilla.org/en-US/docs/Web/HTTP/Status/403",2026-07-27T16:33:42.574346
petitmarocain,bd6t5140549g,,failed,0,0,,http_manifest,known,403,manifest,"Client error '403 ' for url 'https://openapiproext.bnf.fr/iiif/presentation/v3/ark:/12148/bd6t5140549g/manifest.json'
For more information check: https://developer.mozilla.org/en-US/docs/Web/HTTP/Status/403",2026-07-27T16:33:43.796492
petitmarocain,bd6t5140550d,,failed,0,0,,http_manifest,known,403,manifest,"Client error '403 ' for url 'https://openapiproext.bnf.fr/iiif/presentation/v3/ark:/12148/bd6t5140550d/manifest.json'
For more information check: https://developer.mozilla.org/en-US/docs/Web/HTTP/Status/403",2026-07-27T16:33:45.012349
petitmarocain,bd6t5140551s,,failed,0,0,,http_manifest,known,403,manifest,"Client error '403 ' for url 'https://openapiproext.bnf.fr/iiif/presentation/v3/ark:/12148/bd6t5140551s/manifest.json'
For more information check: https://developer.mozilla.org/en-US/docs/Web/HTTP/Status/403",2026-07-27T16:33:46.216207
petitmarocain,bd6t51405525,,failed,0,0,,http_manifest,known,403,manifest,"Client error '403 ' for url 'https://openapiproext.bnf.fr/iiif/presentation/v3/ark:/12148/bd6t51405525/manifest.json'
For more information check: https://developer.mozilla.org/en-US/docs/Web/HTTP/Status/403",2026-07-27T16:33:47.376596
petitmarocain,bd6t5140553j,,failed,0,0,,http_manifest,known,403,manifest,"Client error '403 ' for url 'https://openapiproext.bnf.fr/iiif/presentation/v3/ark:/12148/bd6t5140553j/manifest.json'
For more information check: https://developer.mozilla.org/en-US/docs/Web/HTTP/Status/403",2026-07-27T16:33:48.588273
petitmarocain,bd6t5140554x,,failed,0,0,,http_manifest,known,403,manifest,"Client error '403 ' for url 'https://openapiproext.bnf.fr/iiif/presentation/v3/ark:/12148/bd6t5140554x/manifest.json'
For more information check: https://developer.mozilla.org/en-US/docs/Web/HTTP/Status/403",2026-07-27T16:33:49.805717
petitmarocain,bd6t51405559,,failed,0,0,,http_manifest,known,403,manifest,"Client error '403 ' for url 'https://openapiproext.bnf.fr/iiif/presentation/v3/ark:/12148/bd6t51405559/manifest.json'
For more information check: https://developer.mozilla.org/en-US/docs/Web/HTTP/Status/403",2026-07-27T16:33:50.983738
petitmarocain,bd6t5140556p,,failed,0,0,,http_manifest,known,403,manifest,"Client error '403 ' for url 'https://openapiproext.bnf.fr/iiif/presentation/v3/ark:/12148/bd6t5140556p/manifest.json'
For more information check: https://developer.mozilla.org/en-US/docs/Web/HTTP/Status/403",2026-07-27T16:33:52.186677
petitmarocain,bd6t51405572,,failed,0,0,,http_manifest,known,403,manifest,"Client error '403 ' for url 'https://openapiproext.bnf.fr/iiif/presentation/v3/ark:/12148/bd6t51405572/manifest.json'
For more information check: https://developer.mozilla.org/en-US/docs/Web/HTTP/Status/403",2026-07-27T16:33:53.520856
petitmarocain,bd6t5140558f,,failed,0,0,,http_manifest,known,403,manifest,"Client error '403 ' for url 'https://openapiproext.bnf.fr/iiif/presentation/v3/ark:/12148/bd6t5140558f/manifest.json'
For more information check: https://developer.mozilla.org/en-US/docs/Web/HTTP/Status/403",2026-07-27T16:33:54.595940
petitmarocain,bd6t5140559t,,failed,0,0,,http_manifest,known,403,manifest,"Client error '403 ' for url 'https://openapiproext.bnf.fr/iiif/presentation/v3/ark:/12148/bd6t5140559t/manifest.json'
For more information check: https://developer.mozilla.org/en-US/docs/Web/HTTP/Status/403",2026-07-27T16:33:55.810375
petitmarocain,bd6t5140560r,,failed,0,0,,http_manifest,known,403,manifest,"Client error '403 ' for url 'https://openapiproext.bnf.fr/iiif/presentation/v3/ark:/12148/bd6t5140560r/manifest.json'
For more information check: https://developer.mozilla.org/en-US/docs/Web/HTTP/Status/403",2026-07-27T16:33:56.995527
petitmarocain,bd6t51405614,,failed,0,0,,http_manifest,known,403,manifest,"Client error '403 ' for url 'https://openapiproext.bnf.fr/iiif/presentation/v3/ark:/12148/bd6t51405614/manifest.json'
For more information check: https://developer.mozilla.org/en-US/docs/Web/HTTP/Status/403",2026-07-27T16:33:58.196549
petitmarocain,bd6t5140562h,,failed,0,0,,http_manifest,known,403,manifest,"Client error '403 ' for url 'https://openapiproext.bnf.fr/iiif/presentation/v3/ark:/12148/bd6t5140562h/manifest.json'
For more information check: https://developer.mozilla.org/en-US/docs/Web/HTTP/Status/403",2026-07-27T16:33:59.403946
petitmarocain,bd6t5140563w,,failed,0,0,,http_manifest,known,403,manifest,"Client error '403 ' for url 'https://openapiproext.bnf.fr/iiif/presentation/v3/ark:/12148/bd6t5140563w/manifest.json'
For more information check: https://developer.mozilla.org/en-US/docs/Web/HTTP/Status/403",2026-07-27T16:34:00.598535
petitmarocain,bd6t51405648,,failed,0,0,,http_manifest,known,403,manifest,"Client error '403 ' for url 'https://openapiproext.bnf.fr/iiif/presentation/v3/ark:/12148/bd6t51405648/manifest.json'
For more information check: https://developer.mozilla.org/en-US/docs/Web/HTTP/Status/403",2026-07-27T16:34:01.795961
petitmarocain,bd6t5140565n,,failed,0,0,,http_manifest,known,403,manifest,"Client error '403 ' for url 'https://openapiproext.bnf.fr/iiif/presentation/v3/ark:/12148/bd6t5140565n/manifest.json'
For more information check: https://developer.mozilla.org/en-US/docs/Web/HTTP/Status/403",2026-07-27T16:34:03.000057
petitmarocain,bd6t51405661,,failed,0,0,,http_manifest,known,403,manifest,"Client error '403 ' for url 'https://openapiproext.bnf.fr/iiif/presentation/v3/ark:/12148/bd6t51405661/manifest.json'
For more information check: https://developer.mozilla.org/en-US/docs/Web/HTTP/Status/403",2026-07-27T16:34:04.206312
petitmarocain,bd6t5140567d,,failed,0,0,,http_manifest,known,403,manifest,"Client error '403 ' for url 'https://openapiproext.bnf.fr/iiif/presentation/v3/ark:/12148/bd6t5140567d/manifest.json'
For more information check: https://developer.mozilla.org/en-US/docs/Web/HTTP/Status/403",2026-07-27T16:34:05.415269
petitmarocain,bd6t5140568s,,failed,0,0,,http_manifest,known,403,manifest,"Client error '403 ' for url 'https://openapiproext.bnf.fr/iiif/presentation/v3/ark:/12148/bd6t5140568s/manifest.json'
For more information check: https://developer.mozilla.org/en-US/docs/Web/HTTP/Status/403",2026-07-27T16:34:06.605670
petitmarocain,bd6t51405695,,failed,0,0,,http_manifest,known,403,manifest,"Client error '403 ' for url 'https://openapiproext.bnf.fr/iiif/presentation/v3/ark:/12148/bd6t51405695/manifest.json'
For more information check: https://developer.mozilla.org/en-US/docs/Web/HTTP/Status/403",2026-07-27T16:34:07.828717
petitmarocain,bd6t51405703,,failed,0,0,,http_manifest,known,403,manifest,"Client error '403 ' for url 'https://openapiproext.bnf.fr/iiif/presentation/v3/ark:/12148/bd6t51405703/manifest.json'
For more information check: https://developer.mozilla.org/en-US/docs/Web/HTTP/Status/403",2026-07-27T16:34:09.009032
petitmarocain,bd6t5140571g,,failed,0,0,,http_manifest,known,403,manifest,"Client error '403 ' for url 'https://openapiproext.bnf.fr/iiif/presentation/v3/ark:/12148/bd6t5140571g/manifest.json'
For more information check: https://developer.mozilla.org/en-US/docs/Web/HTTP/Status/403",2026-07-27T16:34:10.212315
petitmarocain,bd6t5140572v,,failed,0,0,,http_manifest,known,403,manifest,"Client error '403 ' for url 'https://openapiproext.bnf.fr/iiif/presentation/v3/ark:/12148/bd6t5140572v/manifest.json'
For more information check: https://developer.mozilla.org/en-US/docs/Web/HTTP/Status/403",2026-07-27T16:34:11.407818
petitmarocain,bd6t51405737,,failed,0,0,,http_manifest,known,403,manifest,"Client error '403 ' for url 'https://openapiproext.bnf.fr/iiif/presentation/v3/ark:/12148/bd6t51405737/manifest.json'
For more information check: https://developer.mozilla.org/en-US/docs/Web/HTTP/Status/403",2026-07-27T16:34:12.617977
petitmarocain,bd6t5140574m,,failed,0,0,,http_manifest,known,403,manifest,"Client error '403 ' for url 'https://openapiproext.bnf.fr/iiif/presentation/v3/ark:/12148/bd6t5140574m/manifest.json'
For more information check: https://developer.mozilla.org/en-US/docs/Web/HTTP/Status/403",2026-07-27T16:34:13.834775
petitmarocain,bd6t51405750,,failed,0,0,,http_manifest,known,403,manifest,"Client error '403 ' for url 'https://openapiproext.bnf.fr/iiif/presentation/v3/ark:/12148/bd6t51405750/manifest.json'
For more information check: https://developer.mozilla.org/en-US/docs/Web/HTTP/Status/403",2026-07-27T16:34:15.017560
petitmarocain,bd6t5140576c,,failed,0,0,,http_manifest,known,403,manifest,"Client error '403 ' for url 'https://openapiproext.bnf.fr/iiif/presentation/v3/ark:/12148/bd6t5140576c/manifest.json'
For more information check: https://developer.mozilla.org/en-US/docs/Web/HTTP/Status/403",2026-07-27T16:34:16.223789
petitmarocain,bd6t5140577r,,failed,0,0,,http_manifest,known,403,manifest,"Client error '403 ' for url 'https://openapiproext.bnf.fr/iiif/presentation/v3/ark:/12148/bd6t5140577r/manifest.json'
For more information check: https://developer.mozilla.org/en-US/docs/Web/HTTP/Status/403",2026-07-27T16:34:17.422118
petitmarocain,bd6t51405784,,failed,0,0,,http_manifest,known,403,manifest,"Client error '403 ' for url 'https://openapiproext.bnf.fr/iiif/presentation/v3/ark:/12148/bd6t51405784/manifest.json'
For more information check: https://developer.mozilla.org/en-US/docs/Web/HTTP/Status/403",2026-07-27T16:34:18.627410
petitmarocain,bd6t5140579h,,failed,0,0,,http_manifest,known,403,manifest,"Client error '403 ' for url 'https://openapiproext.bnf.fr/iiif/presentation/v3/ark:/12148/bd6t5140579h/manifest.json'
For more information check: https://developer.mozilla.org/en-US/docs/Web/HTTP/Status/403",2026-07-27T16:34:19.829725
petitmarocain,bd6t5140580f,,failed,0,0,,http_manifest,known,403,manifest,"Client error '403 ' for url 'https://openapiproext.bnf.fr/iiif/presentation/v3/ark:/12148/bd6t5140580f/manifest.json'
For more information check: https://developer.mozilla.org/en-US/docs/Web/HTTP/Status/403",2026-07-27T16:34:21.022256
petitmarocain,bd6t5140581t,,failed,0,0,,http_manifest,known,403,manifest,"Client error '403 ' for url 'https://openapiproext.bnf.fr/iiif/presentation/v3/ark:/12148/bd6t5140581t/manifest.json'
For more information check: https://developer.mozilla.org/en-US/docs/Web/HTTP/Status/403",2026-07-27T16:34:22.228495
petitmarocain,bd6t51405826,,failed,0,0,,http_manifest,known,403,manifest,"Client error '403 ' for url 'https://openapiproext.bnf.fr/iiif/presentation/v3/ark:/12148/bd6t51405826/manifest.json'
For more information check: https://developer.mozilla.org/en-US/docs/Web/HTTP/Status/403",2026-07-27T16:34:23.431068
petitmarocain,bd6t5140583k,,failed,0,0,,http_manifest,known,403,manifest,"Client error '403 ' for url 'https://openapiproext.bnf.fr/iiif/presentation/v3/ark:/12148/bd6t5140583k/manifest.json'
For more information check: https://developer.mozilla.org/en-US/docs/Web/HTTP/Status/403",2026-07-27T16:34:24.658358
petitmarocain,bd6t5140584z,,failed,0,0,,http_manifest,known,403,manifest,"Client error '403 ' for url 'https://openapiproext.bnf.fr/iiif/presentation/v3/ark:/12148/bd6t5140584z/manifest.json'
For more information check: https://developer.mozilla.org/en-US/docs/Web/HTTP/Status/403",2026-07-27T16:34:25.871893
petitmarocain,bd6t5140585b,,failed,0,0,,http_manifest,known,403,manifest,"Client error '403 ' for url 'https://openapiproext.bnf.fr/iiif/presentation/v3/ark:/12148/bd6t5140585b/manifest.json'
For more information check: https://developer.mozilla.org/en-US/docs/Web/HTTP/Status/403",2026-07-27T16:34:27.038168
petitmarocain,bd6t5140586q,,failed,0,0,,http_manifest,known,403,manifest,"Client error '403 ' for url 'https://openapiproext.bnf.fr/iiif/presentation/v3/ark:/12148/bd6t5140586q/manifest.json'
For more information check: https://developer.mozilla.org/en-US/docs/Web/HTTP/Status/403",2026-07-27T16:34:28.237974
petitmarocain,bd6t51405873,,failed,0,0,,http_manifest,known,403,manifest,"Client error '403 ' for url 'https://openapiproext.bnf.fr/iiif/presentation/v3/ark:/12148/bd6t51405873/manifest.json'
For more information check: https://developer.mozilla.org/en-US/docs/Web/HTTP/Status/403",2026-07-27T16:34:29.441688
petitmarocain,bd6t5140588g,,failed,0,0,,http_manifest,known,403,manifest,"Client error '403 ' for url 'https://openapiproext.bnf.fr/iiif/presentation/v3/ark:/12148/bd6t5140588g/manifest.json'
For more information check: https://developer.mozilla.org/en-US/docs/Web/HTTP/Status/403",2026-07-27T16:34:30.647699
petitmarocain,bd6t5140589v,,failed,0,0,,http_manifest,known,403,manifest,"Client error '403 ' for url 'https://openapiproext.bnf.fr/iiif/presentation/v3/ark:/12148/bd6t5140589v/manifest.json'
For more information check: https://developer.mozilla.org/en-US/docs/Web/HTTP/Status/403",2026-07-27T16:34:31.850418
petitmarocain,bd6t5140590s,,failed,0,0,,http_manifest,known,403,manifest,"Client error '403 ' for url 'https://openapiproext.bnf.fr/iiif/presentation/v3/ark:/12148/bd6t5140590s/manifest.json'
For more information check: https://developer.mozilla.org/en-US/docs/Web/HTTP/Status/403",2026-07-27T16:34:33.045721
petitmarocain,bd6t51405915,,failed,0,0,,http_manifest,known,403,manifest,"Client error '403 ' for url 'https://openapiproext.bnf.fr/iiif/presentation/v3/ark:/12148/bd6t51405915/manifest.json'
For more information check: https://developer.mozilla.org/en-US/docs/Web/HTTP/Status/403",2026-07-27T16:34:34.250875
petitmarocain,bd6t5140592j,,failed,0,0,,http_manifest,known,403,manifest,"Client error '403 ' for url 'https://openapiproext.bnf.fr/iiif/presentation/v3/ark:/12148/bd6t5140592j/manifest.json'
For more information check: https://developer.mozilla.org/en-US/docs/Web/HTTP/Status/403",2026-07-27T16:34:35.457940
petitmarocain,bd6t5140593x,,failed,0,0,,http_manifest,known,403,manifest,"Client error '403 ' for url 'https://openapiproext.bnf.fr/iiif/presentation/v3/ark:/12148/bd6t5140593x/manifest.json'
For more information check: https://developer.mozilla.org/en-US/docs/Web/HTTP/Status/403",2026-07-27T16:34:36.655355
petitmarocain,bd6t51405949,,failed,0,0,,http_manifest,known,403,manifest,"Client error '403 ' for url 'https://openapiproext.bnf.fr/iiif/presentation/v3/ark:/12148/bd6t51405949/manifest.json'
For more information check: https://developer.mozilla.org/en-US/docs/Web/HTTP/Status/403",2026-07-27T16:34:37.878690
petitmarocain,bd6t5140595p,,failed,0,0,,http_manifest,known,403,manifest,"Client error '403 ' for url 'https://openapiproext.bnf.fr/iiif/presentation/v3/ark:/12148/bd6t5140595p/manifest.json'
For more information check: https://developer.mozilla.org/en-US/docs/Web/HTTP/Status/403",2026-07-27T16:34:39.057495
petitmarocain,bd6t51405962,,failed,0,0,,http_manifest,known,403,manifest,"Client error '403 ' for url 'https://openapiproext.bnf.fr/iiif/presentation/v3/ark:/12148/bd6t51405962/manifest.json'
For more information check: https://developer.mozilla.org/en-US/docs/Web/HTTP/Status/403",2026-07-27T16:34:40.320963
petitmarocain,bd6t5140597f,,failed,0,0,,http_manifest,known,403,manifest,"Client error '403 ' for url 'https://openapiproext.bnf.fr/iiif/presentation/v3/ark:/12148/bd6t5140597f/manifest.json'
For more information check: https://developer.mozilla.org/en-US/docs/Web/HTTP/Status/403",2026-07-27T16:34:41.498748
petitmarocain,bd6t5140598t,,failed,0,0,,http_manifest,known,403,manifest,"Client error '403 ' for url 'https://openapiproext.bnf.fr/iiif/presentation/v3/ark:/12148/bd6t5140598t/manifest.json'
For more information check: https://developer.mozilla.org/en-US/docs/Web/HTTP/Status/403",2026-07-27T16:34:42.771408
petitmarocain,bd6t51405996,,failed,0,0,,http_manifest,known,403,manifest,"Client error '403 ' for url 'https://openapiproext.bnf.fr/iiif/presentation/v3/ark:/12148/bd6t51405996/manifest.json'
For more information check: https://developer.mozilla.org/en-US/docs/Web/HTTP/Status/403",2026-07-27T16:34:44.082850
petitmarocain,bd6t51406000,,failed,0,0,,http_manifest,known,403,manifest,"Client error '403 ' for url 'https://openapiproext.bnf.fr/iiif/presentation/v3/ark:/12148/bd6t51406000/manifest.json'
For more information check: https://developer.mozilla.org/en-US/docs/Web/HTTP/Status/403",2026-07-27T16:34:45.068848
petitmarocain,bd6t5140601c,,failed,0,0,,http_manifest,known,403,manifest,"Client error '403 ' for url 'https://openapiproext.bnf.fr/iiif/presentation/v3/ark:/12148/bd6t5140601c/manifest.json'
For more information check: https://developer.mozilla.org/en-US/docs/Web/HTTP/Status/403",2026-07-27T16:34:46.530455
petitmarocain,bd6t5140602r,,failed,0,0,,http_manifest,known,403,manifest,"Client error '403 ' for url 'https://openapiproext.bnf.fr/iiif/presentation/v3/ark:/12148/bd6t5140602r/manifest.json'
For more information check: https://developer.mozilla.org/en-US/docs/Web/HTTP/Status/403",2026-07-27T16:34:47.547818
petitmarocain,bd6t51406034,,failed,0,0,,http_manifest,known,403,manifest,"Client error '403 ' for url 'https://openapiproext.bnf.fr/iiif/presentation/v3/ark:/12148/bd6t51406034/manifest.json'
For more information check: https://developer.mozilla.org/en-US/docs/Web/HTTP/Status/403",2026-07-27T16:34:49.038551
petitmarocain,bd6t5140604h,,failed,0,0,,http_manifest,known,403,manifest,"Client error '403 ' for url 'https://openapiproext.bnf.fr/iiif/presentation/v3/ark:/12148/bd6t5140604h/manifest.json'
For more information check: https://developer.mozilla.org/en-US/docs/Web/HTTP/Status/403",2026-07-27T16:34:50.005638
petitmarocain,bd6t5140001h,,failed,0,0,,http_manifest,known,403,manifest,"Client error '403 ' for url 'https://openapiproext.bnf.fr/iiif/presentation/v3/ark:/12148/bd6t5140001h/manifest.json'
For more information check: https://developer.mozilla.org/en-US/docs/Web/HTTP/Status/403",2026-07-27T16:34:51.131745
petitmarocain,bd6t5140002w,,failed,0,0,,http_manifest,known,403,manifest,"Client error '403 ' for url 'https://openapiproext.bnf.fr/iiif/presentation/v3/ark:/12148/bd6t5140002w/manifest.json'
For more information check: https://developer.mozilla.org/en-US/docs/Web/HTTP/Status/403",2026-07-27T16:34:52.299719
petitmarocain,bd6t51400038,,failed,0,0,,http_manifest,known,403,manifest,"Client error '403 ' for url 'https://openapiproext.bnf.fr/iiif/presentation/v3/ark:/12148/bd6t51400038/manifest.json'
For more information check: https://developer.mozilla.org/en-US/docs/Web/HTTP/Status/403",2026-07-27T16:34:53.487284
petitmarocain,bd6t5140004n,,failed,0,0,,http_manifest,known,403,manifest,"Client error '403 ' for url 'https://openapiproext.bnf.fr/iiif/presentation/v3/ark:/12148/bd6t5140004n/manifest.json'
For more information check: https://developer.mozilla.org/en-US/docs/Web/HTTP/Status/403",2026-07-27T16:34:54.677412
petitmarocain,bd6t51400051,,failed,0,0,,http_manifest,known,403,manifest,"Client error '403 ' for url 'https://openapiproext.bnf.fr/iiif/presentation/v3/ark:/12148/bd6t51400051/manifest.json'
For more information check: https://developer.mozilla.org/en-US/docs/Web/HTTP/Status/403",2026-07-27T16:34:55.900774
petitmarocain,bd6t5140006d,,failed,0,0,,http_manifest,known,403,manifest,"Client error '403 ' for url 'https://openapiproext.bnf.fr/iiif/presentation/v3/ark:/12148/bd6t5140006d/manifest.json'
For more information check: https://developer.mozilla.org/en-US/docs/Web/HTTP/Status/403",2026-07-27T16:34:57.339594
petitmarocain,bd6t5140007s,,failed,0,0,,http_manifest,known,403,manifest,"Client error '403 ' for url 'https://openapiproext.bnf.fr/iiif/presentation/v3/ark:/12148/bd6t5140007s/manifest.json'
For more information check: https://developer.mozilla.org/en-US/docs/Web/HTTP/Status/403",2026-07-27T16:34:58.282871
petitmarocain,bd6t51400085,,failed,0,0,,http_manifest,known,403,manifest,"Client error '403 ' for url 'https://openapiproext.bnf.fr/iiif/presentation/v3/ark:/12148/bd6t51400085/manifest.json'
For more information check: https://developer.mozilla.org/en-US/docs/Web/HTTP/Status/403",2026-07-27T16:34:59.486386
petitmarocain,bd6t5140009j,,failed,0,0,,http_manifest,known,403,manifest,"Client error '403 ' for url 'https://openapiproext.bnf.fr/iiif/presentation/v3/ark:/12148/bd6t5140009j/manifest.json'
For more information check: https://developer.mozilla.org/en-US/docs/Web/HTTP/Status/403",2026-07-27T16:35:00.685711
petitmarocain,bd6t5140010g,,failed,0,0,,http_manifest,known,403,manifest,"Client error '403 ' for url 'https://openapiproext.bnf.fr/iiif/presentation/v3/ark:/12148/bd6t5140010g/manifest.json'
For more information check: https://developer.mozilla.org/en-US/docs/Web/HTTP/Status/403",2026-07-27T16:35:01.887599
petitmarocain,bd6t5140011v,,failed,0,0,,http_manifest,known,403,manifest,"Client error '403 ' for url 'https://openapiproext.bnf.fr/iiif/presentation/v3/ark:/12148/bd6t5140011v/manifest.json'
For more information check: https://developer.mozilla.org/en-US/docs/Web/HTTP/Status/403",2026-07-27T16:35:03.148550
petitmarocain,bd6t51400127,,failed,0,0,,http_manifest,known,403,manifest,"Client error '403 ' for url 'https://openapiproext.bnf.fr/iiif/presentation/v3/ark:/12148/bd6t51400127/manifest.json'
For more information check: https://developer.mozilla.org/en-US/docs/Web/HTTP/Status/403",2026-07-27T16:35:04.299238
petitmarocain,bd6t5140013m,,failed,0,0,,http_manifest,known,403,manifest,"Client error '403 ' for url 'https://openapiproext.bnf.fr/iiif/presentation/v3/ark:/12148/bd6t5140013m/manifest.json'
For more information check: https://developer.mozilla.org/en-US/docs/Web/HTTP/Status/403",2026-07-27T16:35:05.498261
petitmarocain,bd6t51400140,,failed,0,0,,http_manifest,known,403,manifest,"Client error '403 ' for url 'https://openapiproext.bnf.fr/iiif/presentation/v3/ark:/12148/bd6t51400140/manifest.json'
For more information check: https://developer.mozilla.org/en-US/docs/Web/HTTP/Status/403",2026-07-27T16:35:06.697701
petitmarocain,bd6t5140015c,,failed,0,0,,http_manifest,known,403,manifest,"Client error '403 ' for url 'https://openapiproext.bnf.fr/iiif/presentation/v3/ark:/12148/bd6t5140015c/manifest.json'
For more information check: https://developer.mozilla.org/en-US/docs/Web/HTTP/Status/403",2026-07-27T16:35:07.900681
petitmarocain,bd6t5140016r,,failed,0,0,,http_manifest,known,403,manifest,"Client error '403 ' for url 'https://openapiproext.bnf.fr/iiif/presentation/v3/ark:/12148/bd6t5140016r/manifest.json'
For more information check: https://developer.mozilla.org/en-US/docs/Web/HTTP/Status/403",2026-07-27T16:35:09.118490
petitmarocain,bd6t51400174,,failed,0,0,,http_manifest,known,403,manifest,"Client error '403 ' for url 'https://openapiproext.bnf.fr/iiif/presentation/v3/ark:/12148/bd6t51400174/manifest.json'
For more information check: https://developer.mozilla.org/en-US/docs/Web/HTTP/Status/403",2026-07-27T16:35:10.300955
petitmarocain,bd6t5140018h,,failed,0,0,,http_manifest,known,403,manifest,"Client error '403 ' for url 'https://openapiproext.bnf.fr/iiif/presentation/v3/ark:/12148/bd6t5140018h/manifest.json'
For more information check: https://developer.mozilla.org/en-US/docs/Web/HTTP/Status/403",2026-07-27T16:35:11.501241
petitmarocain,bd6t5140019w,,failed,0,0,,http_manifest,known,403,manifest,"Client error '403 ' for url 'https://openapiproext.bnf.fr/iiif/presentation/v3/ark:/12148/bd6t5140019w/manifest.json'
For more information check: https://developer.mozilla.org/en-US/docs/Web/HTTP/Status/403",2026-07-27T16:35:12.698372
petitmarocain,bd6t5140020t,,failed,0,0,,http_manifest,known,403,manifest,"Client error '403 ' for url 'https://openapiproext.bnf.fr/iiif/presentation/v3/ark:/12148/bd6t5140020t/manifest.json'
For more information check: https://developer.mozilla.org/en-US/docs/Web/HTTP/Status/403",2026-07-27T16:35:13.909257
petitmarocain,bd6t51400216,,failed,0,0,,http_manifest,known,403,manifest,"Client error '403 ' for url 'https://openapiproext.bnf.fr/iiif/presentation/v3/ark:/12148/bd6t51400216/manifest.json'
For more information check: https://developer.mozilla.org/en-US/docs/Web/HTTP/Status/403",2026-07-27T16:35:15.125347
petitmarocain,bd6t5140022k,,failed,0,0,,http_manifest,known,403,manifest,"Client error '403 ' for url 'https://openapiproext.bnf.fr/iiif/presentation/v3/ark:/12148/bd6t5140022k/manifest.json'
For more information check: https://developer.mozilla.org/en-US/docs/Web/HTTP/Status/403",2026-07-27T16:35:16.314598
petitmarocain,bd6t5140023z,,failed,0,0,,http_manifest,known,403,manifest,"Client error '403 ' for url 'https://openapiproext.bnf.fr/iiif/presentation/v3/ark:/12148/bd6t5140023z/manifest.json'
For more information check: https://developer.mozilla.org/en-US/docs/Web/HTTP/Status/403",2026-07-27T16:35:17.509045
petitmarocain,bd6t5140024b,,failed,0,0,,http_manifest,known,403,manifest,"Client error '403 ' for url 'https://openapiproext.bnf.fr/iiif/presentation/v3/ark:/12148/bd6t5140024b/manifest.json'
For more information check: https://developer.mozilla.org/en-US/docs/Web/HTTP/Status/403",2026-07-27T16:35:18.708831
petitmarocain,bd6t5140025q,,failed,0,0,,http_manifest,known,403,manifest,"Client error '403 ' for url 'https://openapiproext.bnf.fr/iiif/presentation/v3/ark:/12148/bd6t5140025q/manifest.json'
For more information check: https://developer.mozilla.org/en-US/docs/Web/HTTP/Status/403",2026-07-27T16:35:19.913484
petitmarocain,bd6t51400263,,failed,0,0,,http_manifest,known,403,manifest,"Client error '403 ' for url 'https://openapiproext.bnf.fr/iiif/presentation/v3/ark:/12148/bd6t51400263/manifest.json'
For more information check: https://developer.mozilla.org/en-US/docs/Web/HTTP/Status/403",2026-07-27T16:35:21.115283
petitmarocain,bd6t5140027g,,failed,0,0,,http_manifest,known,403,manifest,"Client error '403 ' for url 'https://openapiproext.bnf.fr/iiif/presentation/v3/ark:/12148/bd6t5140027g/manifest.json'
For more information check: https://developer.mozilla.org/en-US/docs/Web/HTTP/Status/403",2026-07-27T16:35:22.311771
petitmarocain,bd6t5140028v,,failed,0,0,,http_manifest,known,403,manifest,"Client error '403 ' for url 'https://openapiproext.bnf.fr/iiif/presentation/v3/ark:/12148/bd6t5140028v/manifest.json'
For more information check: https://developer.mozilla.org/en-US/docs/Web/HTTP/Status/403",2026-07-27T16:35:23.525564
petitmarocain,bd6t51400297,,failed,0,0,,http_manifest,known,403,manifest,"Client error '403 ' for url 'https://openapiproext.bnf.fr/iiif/presentation/v3/ark:/12148/bd6t51400297/manifest.json'
For more information check: https://developer.mozilla.org/en-US/docs/Web/HTTP/Status/403",2026-07-27T16:35:24.728400
petitmarocain,bd6t51400305,,failed,0,0,,http_manifest,known,403,manifest,"Client error '403 ' for url 'https://openapiproext.bnf.fr/iiif/presentation/v3/ark:/12148/bd6t51400305/manifest.json'
For more information check: https://developer.mozilla.org/en-US/docs/Web/HTTP/Status/403",2026-07-27T16:35:25.924872
petitmarocain,bd6t5140031j,,failed,0,0,,http_manifest,known,403,manifest,"Client error '403 ' for url 'https://openapiproext.bnf.fr/iiif/presentation/v3/ark:/12148/bd6t5140031j/manifest.json'
For more information check: https://developer.mozilla.org/en-US/docs/Web/HTTP/Status/403",2026-07-27T16:35:27.146080
petitmarocain,bd6t5140032x,,failed,0,0,,http_manifest,known,403,manifest,"Client error '403 ' for url 'https://openapiproext.bnf.fr/iiif/presentation/v3/ark:/12148/bd6t5140032x/manifest.json'
For more information check: https://developer.mozilla.org/en-US/docs/Web/HTTP/Status/403",2026-07-27T16:35:28.326118
petitmarocain,bd6t51400339,,failed,0,0,,http_manifest,known,403,manifest,"Client error '403 ' for url 'https://openapiproext.bnf.fr/iiif/presentation/v3/ark:/12148/bd6t51400339/manifest.json'
For more information check: https://developer.mozilla.org/en-US/docs/Web/HTTP/Status/403",2026-07-27T16:35:29.661854
petitmarocain,bd6t5140034p,,failed,0,0,,http_manifest,known,403,manifest,"Client error '403 ' for url 'https://openapiproext.bnf.fr/iiif/presentation/v3/ark:/12148/bd6t5140034p/manifest.json'
For more information check: https://developer.mozilla.org/en-US/docs/Web/HTTP/Status/403",2026-07-27T16:35:30.739771
petitmarocain,bd6t51400352,,failed,0,0,,http_manifest,known,403,manifest,"Client error '403 ' for url 'https://openapiproext.bnf.fr/iiif/presentation/v3/ark:/12148/bd6t51400352/manifest.json'
For more information check: https://developer.mozilla.org/en-US/docs/Web/HTTP/Status/403",2026-07-27T16:35:31.933642
petitmarocain,bd6t5140036f,,failed,0,0,,http_manifest,known,403,manifest,"Client error '403 ' for url 'https://openapiproext.bnf.fr/iiif/presentation/v3/ark:/12148/bd6t5140036f/manifest.json'
For more information check: https://developer.mozilla.org/en-US/docs/Web/HTTP/Status/403",2026-07-27T16:35:33.147820
petitmarocain,bd6t5140037t,,failed,0,0,,http_manifest,known,403,manifest,"Client error '403 ' for url 'https://openapiproext.bnf.fr/iiif/presentation/v3/ark:/12148/bd6t5140037t/manifest.json'
For more information check: https://developer.mozilla.org/en-US/docs/Web/HTTP/Status/403",2026-07-27T16:35:34.340992
petitmarocain,bd6t51400386,,failed,0,0,,http_manifest,known,403,manifest,"Client error '403 ' for url 'https://openapiproext.bnf.fr/iiif/presentation/v3/ark:/12148/bd6t51400386/manifest.json'
For more information check: https://developer.mozilla.org/en-US/docs/Web/HTTP/Status/403",2026-07-27T16:35:35.538689
petitmarocain,bd6t5140039k,,failed,0,0,,http_manifest,known,403,manifest,"Client error '403 ' for url 'https://openapiproext.bnf.fr/iiif/presentation/v3/ark:/12148/bd6t5140039k/manifest.json'
For more information check: https://developer.mozilla.org/en-US/docs/Web/HTTP/Status/403",2026-07-27T16:35:37.011372
petitmarocain,bd6t5140040h,,failed,0,0,,http_manifest,known,403,manifest,"Client error '403 ' for url 'https://openapiproext.bnf.fr/iiif/presentation/v3/ark:/12148/bd6t5140040h/manifest.json'
For more information check: https://developer.mozilla.org/en-US/docs/Web/HTTP/Status/403",2026-07-27T16:35:38.139968
petitmarocain,bd6t5140041w,,failed,0,0,,http_manifest,known,403,manifest,"Client error '403 ' for url 'https://openapiproext.bnf.fr/iiif/presentation/v3/ark:/12148/bd6t5140041w/manifest.json'
For more information check: https://developer.mozilla.org/en-US/docs/Web/HTTP/Status/403",2026-07-27T16:35:39.485503
petitmarocain,bd6t51400428,,failed,0,0,,http_manifest,known,403,manifest,"Client error '403 ' for url 'https://openapiproext.bnf.fr/iiif/presentation/v3/ark:/12148/bd6t51400428/manifest.json'
For more information check: https://developer.mozilla.org/en-US/docs/Web/HTTP/Status/403",2026-07-27T16:35:40.350403
petitmarocain,bd6t5140043n,,failed,0,0,,http_manifest,known,403,manifest,"Client error '403 ' for url 'https://openapiproext.bnf.fr/iiif/presentation/v3/ark:/12148/bd6t5140043n/manifest.json'
For more information check: https://developer.mozilla.org/en-US/docs/Web/HTTP/Status/403",2026-07-27T16:35:41.809597
petitmarocain,bd6t51400441,,failed,0,0,,http_manifest,known,403,manifest,"Client error '403 ' for url 'https://openapiproext.bnf.fr/iiif/presentation/v3/ark:/12148/bd6t51400441/manifest.json'
For more information check: https://developer.mozilla.org/en-US/docs/Web/HTTP/Status/403",2026-07-27T16:35:42.778458
petitmarocain,bd6t5140045d,,failed,0,0,,http_manifest,known,403,manifest,"Client error '403 ' for url 'https://openapiproext.bnf.fr/iiif/presentation/v3/ark:/12148/bd6t5140045d/manifest.json'
For more information check: https://developer.mozilla.org/en-US/docs/Web/HTTP/Status/403",2026-07-27T16:35:43.987576
petitmarocain,bd6t5140046s,,failed,0,0,,http_manifest,known,403,manifest,"Client error '403 ' for url 'https://openapiproext.bnf.fr/iiif/presentation/v3/ark:/12148/bd6t5140046s/manifest.json'
For more information check: https://developer.mozilla.org/en-US/docs/Web/HTTP/Status/403",2026-07-27T16:35:45.183424
petitmarocain,bd6t51400475,,failed,0,0,,http_manifest,known,403,manifest,"Client error '403 ' for url 'https://openapiproext.bnf.fr/iiif/presentation/v3/ark:/12148/bd6t51400475/manifest.json'
For more information check: https://developer.mozilla.org/en-US/docs/Web/HTTP/Status/403",2026-07-27T16:35:46.617602
petitmarocain,bd6t5140048j,,failed,0,0,,http_manifest,known,403,manifest,"Client error '403 ' for url 'https://openapiproext.bnf.fr/iiif/presentation/v3/ark:/12148/bd6t5140048j/manifest.json'
For more information check: https://developer.mozilla.org/en-US/docs/Web/HTTP/Status/403",2026-07-27T16:35:47.719459
petitmarocain,bd6t5140049x,,failed,0,0,,http_manifest,known,403,manifest,"Client error '403 ' for url 'https://openapiproext.bnf.fr/iiif/presentation/v3/ark:/12148/bd6t5140049x/manifest.json'
For more information check: https://developer.mozilla.org/en-US/docs/Web/HTTP/Status/403",2026-07-27T16:35:48.783697
petitmarocain,bd6t5140050v,,failed,0,0,,http_manifest,known,403,manifest,"Client error '403 ' for url 'https://openapiproext.bnf.fr/iiif/presentation/v3/ark:/12148/bd6t5140050v/manifest.json'
For more information check: https://developer.mozilla.org/en-US/docs/Web/HTTP/Status/403",2026-07-27T16:35:50.207767
petitmarocain,bd6t51400517,,failed,0,0,,http_manifest,known,403,manifest,"Client error '403 ' for url 'https://openapiproext.bnf.fr/iiif/presentation/v3/ark:/12148/bd6t51400517/manifest.json'
For more information check: https://developer.mozilla.org/en-US/docs/Web/HTTP/Status/403",2026-07-27T16:35:51.167663
petitmarocain,bd6t5140052m,,failed,0,0,,http_manifest,known,403,manifest,"Client error '403 ' for url 'https://openapiproext.bnf.fr/iiif/presentation/v3/ark:/12148/bd6t5140052m/manifest.json'
For more information check: https://developer.mozilla.org/en-US/docs/Web/HTTP/Status/403",2026-07-27T16:35:52.376359
petitmarocain,bd6t51400530,,failed,0,0,,http_manifest,known,403,manifest,"Client error '403 ' for url 'https://openapiproext.bnf.fr/iiif/presentation/v3/ark:/12148/bd6t51400530/manifest.json'
For more information check: https://developer.mozilla.org/en-US/docs/Web/HTTP/Status/403",2026-07-27T16:35:53.564102
petitmarocain,bd6t5140054c,,failed,0,0,,http_manifest,known,403,manifest,"Client error '403 ' for url 'https://openapiproext.bnf.fr/iiif/presentation/v3/ark:/12148/bd6t5140054c/manifest.json'
For more information check: https://developer.mozilla.org/en-US/docs/Web/HTTP/Status/403",2026-07-27T16:35:54.767641
petitmarocain,bd6t5140055r,,failed,0,0,,http_manifest,known,403,manifest,"Client error '403 ' for url 'https://openapiproext.bnf.fr/iiif/presentation/v3/ark:/12148/bd6t5140055r/manifest.json'
For more information check: https://developer.mozilla.org/en-US/docs/Web/HTTP/Status/403",2026-07-27T16:35:55.991969
petitmarocain,bd6t51400564,,failed,0,0,,http_manifest,known,403,manifest,"Client error '403 ' for url 'https://openapiproext.bnf.fr/iiif/presentation/v3/ark:/12148/bd6t51400564/manifest.json'
For more information check: https://developer.mozilla.org/en-US/docs/Web/HTTP/Status/403",2026-07-27T16:35:57.168465
petitmarocain,bd6t5140057h,,failed,0,0,,http_manifest,known,403,manifest,"Client error '403 ' for url 'https://openapiproext.bnf.fr/iiif/presentation/v3/ark:/12148/bd6t5140057h/manifest.json'
For more information check: https://developer.mozilla.org/en-US/docs/Web/HTTP/Status/403",2026-07-27T16:35:58.372327
petitmarocain,bd6t5140058w,,failed,0,0,,http_manifest,known,403,manifest,"Client error '403 ' for url 'https://openapiproext.bnf.fr/iiif/presentation/v3/ark:/12148/bd6t5140058w/manifest.json'
For more information check: https://developer.mozilla.org/en-US/docs/Web/HTTP/Status/403",2026-07-27T16:35:59.570901
petitmarocain,bd6t51400598,,failed,0,0,,http_manifest,known,403,manifest,"Client error '403 ' for url 'https://openapiproext.bnf.fr/iiif/presentation/v3/ark:/12148/bd6t51400598/manifest.json'
For more information check: https://developer.mozilla.org/en-US/docs/Web/HTTP/Status/403",2026-07-27T16:36:00.774011
petitmarocain,bd6t51400606,,failed,0,0,,http_manifest,known,403,manifest,"Client error '403 ' for url 'https://openapiproext.bnf.fr/iiif/presentation/v3/ark:/12148/bd6t51400606/manifest.json'
For more information check: https://developer.mozilla.org/en-US/docs/Web/HTTP/Status/403",2026-07-27T16:36:01.977019
petitmarocain,bd6t5140061k,,failed,0,0,,http_manifest,known,403,manifest,"Client error '403 ' for url 'https://openapiproext.bnf.fr/iiif/presentation/v3/ark:/12148/bd6t5140061k/manifest.json'
For more information check: https://developer.mozilla.org/en-US/docs/Web/HTTP/Status/403",2026-07-27T16:36:03.177817
petitmarocain,bd6t5140062z,,failed,0,0,,http_manifest,known,403,manifest,"Client error '403 ' for url 'https://openapiproext.bnf.fr/iiif/presentation/v3/ark:/12148/bd6t5140062z/manifest.json'
For more information check: https://developer.mozilla.org/en-US/docs/Web/HTTP/Status/403",2026-07-27T16:36:04.378527
petitmarocain,bd6t5140063b,,failed,0,0,,http_manifest,known,403,manifest,"Client error '403 ' for url 'https://openapiproext.bnf.fr/iiif/presentation/v3/ark:/12148/bd6t5140063b/manifest.json'
For more information check: https://developer.mozilla.org/en-US/docs/Web/HTTP/Status/403",2026-07-27T16:36:05.582243
petitmarocain,bd6t5140064q,,failed,0,0,,http_manifest,known,403,manifest,"Client error '403 ' for url 'https://openapiproext.bnf.fr/iiif/presentation/v3/ark:/12148/bd6t5140064q/manifest.json'
For more information check: https://developer.mozilla.org/en-US/docs/Web/HTTP/Status/403",2026-07-27T16:36:06.789050
petitmarocain,bd6t51400653,,failed,0,0,,http_manifest,known,403,manifest,"Client error '403 ' for url 'https://openapiproext.bnf.fr/iiif/presentation/v3/ark:/12148/bd6t51400653/manifest.json'
For more information check: https://developer.mozilla.org/en-US/docs/Web/HTTP/Status/403",2026-07-27T16:36:08.009573
petitmarocain,bd6t5140066g,,failed,0,0,,http_manifest,known,403,manifest,"Client error '403 ' for url 'https://openapiproext.bnf.fr/iiif/presentation/v3/ark:/12148/bd6t5140066g/manifest.json'
For more information check: https://developer.mozilla.org/en-US/docs/Web/HTTP/Status/403",2026-07-27T16:36:09.204654
petitmarocain,bd6t5140067v,,failed,0,0,,http_manifest,known,403,manifest,"Client error '403 ' for url 'https://openapiproext.bnf.fr/iiif/presentation/v3/ark:/12148/bd6t5140067v/manifest.json'
For more information check: https://developer.mozilla.org/en-US/docs/Web/HTTP/Status/403",2026-07-27T16:36:10.392428
petitmarocain,bd6t51400687,,failed,0,0,,http_manifest,known,403,manifest,"Client error '403 ' for url 'https://openapiproext.bnf.fr/iiif/presentation/v3/ark:/12148/bd6t51400687/manifest.json'
For more information check: https://developer.mozilla.org/en-US/docs/Web/HTTP/Status/403",2026-07-27T16:36:11.584608
petitmarocain,bd6t5140069m,,failed,0,0,,http_manifest,known,403,manifest,"Client error '403 ' for url 'https://openapiproext.bnf.fr/iiif/presentation/v3/ark:/12148/bd6t5140069m/manifest.json'
For more information check: https://developer.mozilla.org/en-US/docs/Web/HTTP/Status/403",2026-07-27T16:36:12.798202
petitmarocain,bd6t5140070j,,failed,0,0,,http_manifest,known,403,manifest,"Client error '403 ' for url 'https://openapiproext.bnf.fr/iiif/presentation/v3/ark:/12148/bd6t5140070j/manifest.json'
For more information check: https://developer.mozilla.org/en-US/docs/Web/HTTP/Status/403",2026-07-27T16:36:13.998423
petitmarocain,bd6t5140071x,,failed,0,0,,http_manifest,known,403,manifest,"Client error '403 ' for url 'https://openapiproext.bnf.fr/iiif/presentation/v3/ark:/12148/bd6t5140071x/manifest.json'
For more information check: https://developer.mozilla.org/en-US/docs/Web/HTTP/Status/403",2026-07-27T16:36:15.191473
petitmarocain,bd6t51400729,,failed,0,0,,http_manifest,known,403,manifest,"Client error '403 ' for url 'https://openapiproext.bnf.fr/iiif/presentation/v3/ark:/12148/bd6t51400729/manifest.json'
For more information check: https://developer.mozilla.org/en-US/docs/Web/HTTP/Status/403",2026-07-27T16:36:16.393564
petitmarocain,bd6t5140073p,,failed,0,0,,http_manifest,known,403,manifest,"Client error '403 ' for url 'https://openapiproext.bnf.fr/iiif/presentation/v3/ark:/12148/bd6t5140073p/manifest.json'
For more information check: https://developer.mozilla.org/en-US/docs/Web/HTTP/Status/403",2026-07-27T16:36:17.598022
petitmarocain,bd6t51400742,,failed,0,0,,http_manifest,known,403,manifest,"Client error '403 ' for url 'https://openapiproext.bnf.fr/iiif/presentation/v3/ark:/12148/bd6t51400742/manifest.json'
For more information check: https://developer.mozilla.org/en-US/docs/Web/HTTP/Status/403",2026-07-27T16:36:18.804624
petitmarocain,bd6t5140075f,,failed,0,0,,http_manifest,known,403,manifest,"Client error '403 ' for url 'https://openapiproext.bnf.fr/iiif/presentation/v3/ark:/12148/bd6t5140075f/manifest.json'
For more information check: https://developer.mozilla.org/en-US/docs/Web/HTTP/Status/403",2026-07-27T16:36:20.022782
petitmarocain,bd6t5140076t,,failed,0,0,,http_manifest,known,403,manifest,"Client error '403 ' for url 'https://openapiproext.bnf.fr/iiif/presentation/v3/ark:/12148/bd6t5140076t/manifest.json'
For more information check: https://developer.mozilla.org/en-US/docs/Web/HTTP/Status/403",2026-07-27T16:36:21.196691
petitmarocain,bd6t51400776,,failed,0,0,,http_manifest,known,403,manifest,"Client error '403 ' for url 'https://openapiproext.bnf.fr/iiif/presentation/v3/ark:/12148/bd6t51400776/manifest.json'
For more information check: https://developer.mozilla.org/en-US/docs/Web/HTTP/Status/403",2026-07-27T16:36:22.404672
petitmarocain,bd6t5140078k,,failed,0,0,,http_manifest,known,403,manifest,"Client error '403 ' for url 'https://openapiproext.bnf.fr/iiif/presentation/v3/ark:/12148/bd6t5140078k/manifest.json'
For more information check: https://developer.mozilla.org/en-US/docs/Web/HTTP/Status/403",2026-07-27T16:36:23.606748
petitmarocain,bd6t5140079z,,failed,0,0,,http_manifest,known,403,manifest,"Client error '403 ' for url 'https://openapiproext.bnf.fr/iiif/presentation/v3/ark:/12148/bd6t5140079z/manifest.json'
For more information check: https://developer.mozilla.org/en-US/docs/Web/HTTP/Status/403",2026-07-27T16:36:24.814079
petitmarocain,bd6t5140080w,,failed,0,0,,http_manifest,known,403,manifest,"Client error '403 ' for url 'https://openapiproext.bnf.fr/iiif/presentation/v3/ark:/12148/bd6t5140080w/manifest.json'
For more information check: https://developer.mozilla.org/en-US/docs/Web/HTTP/Status/403",2026-07-27T16:36:26.032749
petitmarocain,bd6t51400818,,failed,0,0,,http_manifest,known,403,manifest,"Client error '403 ' for url 'https://openapiproext.bnf.fr/iiif/presentation/v3/ark:/12148/bd6t51400818/manifest.json'
For more information check: https://developer.mozilla.org/en-US/docs/Web/HTTP/Status/403",2026-07-27T16:36:27.212641
petitmarocain,bd6t5140082n,,failed,0,0,,http_manifest,known,403,manifest,"Client error '403 ' for url 'https://openapiproext.bnf.fr/iiif/presentation/v3/ark:/12148/bd6t5140082n/manifest.json'
For more information check: https://developer.mozilla.org/en-US/docs/Web/HTTP/Status/403",2026-07-27T16:36:28.413516
petitmarocain,bd6t51400831,,failed,0,0,,http_manifest,known,403,manifest,"Client error '403 ' for url 'https://openapiproext.bnf.fr/iiif/presentation/v3/ark:/12148/bd6t51400831/manifest.json'
For more information check: https://developer.mozilla.org/en-US/docs/Web/HTTP/Status/403",2026-07-27T16:36:29.670807
petitmarocain,bd6t5140084d,,failed,0,0,,http_manifest,known,403,manifest,"Client error '403 ' for url 'https://openapiproext.bnf.fr/iiif/presentation/v3/ark:/12148/bd6t5140084d/manifest.json'
For more information check: https://developer.mozilla.org/en-US/docs/Web/HTTP/Status/403",2026-07-27T16:36:30.877261
petitmarocain,bd6t5140085s,,failed,0,0,,http_manifest,known,403,manifest,"Client error '403 ' for url 'https://openapiproext.bnf.fr/iiif/presentation/v3/ark:/12148/bd6t5140085s/manifest.json'
For more information check: https://developer.mozilla.org/en-US/docs/Web/HTTP/Status/403",2026-07-27T16:36:32.014090
petitmarocain,bd6t51400865,,failed,0,0,,http_manifest,known,403,manifest,"Client error '403 ' for url 'https://openapiproext.bnf.fr/iiif/presentation/v3/ark:/12148/bd6t51400865/manifest.json'
For more information check: https://developer.mozilla.org/en-US/docs/Web/HTTP/Status/403",2026-07-27T16:36:33.373701
petitmarocain,bd6t5140087j,,failed,0,0,,http_manifest,known,403,manifest,"Client error '403 ' for url 'https://openapiproext.bnf.fr/iiif/presentation/v3/ark:/12148/bd6t5140087j/manifest.json'
For more information check: https://developer.mozilla.org/en-US/docs/Web/HTTP/Status/403",2026-07-27T16:36:34.433395
petitmarocain,bd6t5140088x,,failed,0,0,,http_manifest,known,403,manifest,"Client error '403 ' for url 'https://openapiproext.bnf.fr/iiif/presentation/v3/ark:/12148/bd6t5140088x/manifest.json'
For more information check: https://developer.mozilla.org/en-US/docs/Web/HTTP/Status/403",2026-07-27T16:36:35.619029
petitmarocain,bd6t51400899,,failed,0,0,,http_manifest,known,403,manifest,"Client error '403 ' for url 'https://openapiproext.bnf.fr/iiif/presentation/v3/ark:/12148/bd6t51400899/manifest.json'
For more information check: https://developer.mozilla.org/en-US/docs/Web/HTTP/Status/403",2026-07-27T16:36:36.981705
petitmarocain,bd6t51400907,,failed,0,0,,http_manifest,known,403,manifest,"Client error '403 ' for url 'https://openapiproext.bnf.fr/iiif/presentation/v3/ark:/12148/bd6t51400907/manifest.json'
For more information check: https://developer.mozilla.org/en-US/docs/Web/HTTP/Status/403",2026-07-27T16:36:38.131972
petitmarocain,bd6t5140091m,,failed,0,0,,http_manifest,known,403,manifest,"Client error '403 ' for url 'https://openapiproext.bnf.fr/iiif/presentation/v3/ark:/12148/bd6t5140091m/manifest.json'
For more information check: https://developer.mozilla.org/en-US/docs/Web/HTTP/Status/403",2026-07-27T16:36:39.273037
petitmarocain,bd6t51400920,,failed,0,0,,http_manifest,known,403,manifest,"Client error '403 ' for url 'https://openapiproext.bnf.fr/iiif/presentation/v3/ark:/12148/bd6t51400920/manifest.json'
For more information check: https://developer.mozilla.org/en-US/docs/Web/HTTP/Status/403",2026-07-27T16:36:40.563431
petitmarocain,bd6t5140093c,,failed,0,0,,http_manifest,known,403,manifest,"Client error '403 ' for url 'https://openapiproext.bnf.fr/iiif/presentation/v3/ark:/12148/bd6t5140093c/manifest.json'
For more information check: https://developer.mozilla.org/en-US/docs/Web/HTTP/Status/403",2026-07-27T16:36:41.631438
petitmarocain,bd6t5140094r,,failed,0,0,,http_manifest,known,403,manifest,"Client error '403 ' for url 'https://openapiproext.bnf.fr/iiif/presentation/v3/ark:/12148/bd6t5140094r/manifest.json'
For more information check: https://developer.mozilla.org/en-US/docs/Web/HTTP/Status/403",2026-07-27T16:36:42.830071
petitmarocain,bd6t51400954,,failed,0,0,,http_manifest,known,403,manifest,"Client error '403 ' for url 'https://openapiproext.bnf.fr/iiif/presentation/v3/ark:/12148/bd6t51400954/manifest.json'
For more information check: https://developer.mozilla.org/en-US/docs/Web/HTTP/Status/403",2026-07-27T16:36:44.049353
petitmarocain,bd6t5140096h,,failed,0,0,,http_manifest,known,403,manifest,"Client error '403 ' for url 'https://openapiproext.bnf.fr/iiif/presentation/v3/ark:/12148/bd6t5140096h/manifest.json'
For more information check: https://developer.mozilla.org/en-US/docs/Web/HTTP/Status/403",2026-07-27T16:36:45.242237
petitmarocain,bd6t5140097w,,failed,0,0,,http_manifest,known,403,manifest,"Client error '403 ' for url 'https://openapiproext.bnf.fr/iiif/presentation/v3/ark:/12148/bd6t5140097w/manifest.json'
For more information check: https://developer.mozilla.org/en-US/docs/Web/HTTP/Status/403",2026-07-27T16:36:46.663653
petitmarocain,bd6t51400988,,failed,0,0,,http_manifest,known,403,manifest,"Client error '403 ' for url 'https://openapiproext.bnf.fr/iiif/presentation/v3/ark:/12148/bd6t51400988/manifest.json'
For more information check: https://developer.mozilla.org/en-US/docs/Web/HTTP/Status/403",2026-07-27T16:36:47.870140
petitmarocain,bd6t5140099n,,failed,0,0,,http_manifest,known,403,manifest,"Client error '403 ' for url 'https://openapiproext.bnf.fr/iiif/presentation/v3/ark:/12148/bd6t5140099n/manifest.json'
For more information check: https://developer.mozilla.org/en-US/docs/Web/HTTP/Status/403",2026-07-27T16:36:49.085792
petitmarocain,bd6t5140100f,,failed,0,0,,http_manifest,known,403,manifest,"Client error '403 ' for url 'https://openapiproext.bnf.fr/iiif/presentation/v3/ark:/12148/bd6t5140100f/manifest.json'
For more information check: https://developer.mozilla.org/en-US/docs/Web/HTTP/Status/403",2026-07-27T16:36:50.040689
petitmarocain,bd6t5140101t,,failed,0,0,,http_manifest,known,403,manifest,"Client error '403 ' for url 'https://openapiproext.bnf.fr/iiif/presentation/v3/ark:/12148/bd6t5140101t/manifest.json'
For more information check: https://developer.mozilla.org/en-US/docs/Web/HTTP/Status/403",2026-07-27T16:36:51.240788
petitmarocain,bd6t51401026,,failed,0,0,,http_manifest,known,403,manifest,"Client error '403 ' for url 'https://openapiproext.bnf.fr/iiif/presentation/v3/ark:/12148/bd6t51401026/manifest.json'
For more information check: https://developer.mozilla.org/en-US/docs/Web/HTTP/Status/403",2026-07-27T16:36:52.443297
petitmarocain,bd6t5140103k,,failed,0,0,,http_manifest,known,403,manifest,"Client error '403 ' for url 'https://openapiproext.bnf.fr/iiif/presentation/v3/ark:/12148/bd6t5140103k/manifest.json'
For more information check: https://developer.mozilla.org/en-US/docs/Web/HTTP/Status/403",2026-07-27T16:36:53.652476
petitmarocain,bd6t5140104z,,failed,0,0,,http_manifest,known,403,manifest,"Client error '403 ' for url 'https://openapiproext.bnf.fr/iiif/presentation/v3/ark:/12148/bd6t5140104z/manifest.json'
For more information check: https://developer.mozilla.org/en-US/docs/Web/HTTP/Status/403",2026-07-27T16:36:54.868474
petitmarocain,bd6t5140105b,,failed,0,0,,http_manifest,known,403,manifest,"Client error '403 ' for url 'https://openapiproext.bnf.fr/iiif/presentation/v3/ark:/12148/bd6t5140105b/manifest.json'
For more information check: https://developer.mozilla.org/en-US/docs/Web/HTTP/Status/403",2026-07-27T16:36:56.042088
petitmarocain,bd6t5140106q,,failed,0,0,,http_manifest,known,403,manifest,"Client error '403 ' for url 'https://openapiproext.bnf.fr/iiif/presentation/v3/ark:/12148/bd6t5140106q/manifest.json'
For more information check: https://developer.mozilla.org/en-US/docs/Web/HTTP/Status/403",2026-07-27T16:36:57.250976
petitmarocain,bd6t51401073,,failed,0,0,,http_manifest,known,403,manifest,"Client error '403 ' for url 'https://openapiproext.bnf.fr/iiif/presentation/v3/ark:/12148/bd6t51401073/manifest.json'
For more information check: https://developer.mozilla.org/en-US/docs/Web/HTTP/Status/403",2026-07-27T16:36:58.447965
petitmarocain,bd6t5140108g,,failed,0,0,,http_manifest,known,403,manifest,"Client error '403 ' for url 'https://openapiproext.bnf.fr/iiif/presentation/v3/ark:/12148/bd6t5140108g/manifest.json'
For more information check: https://developer.mozilla.org/en-US/docs/Web/HTTP/Status/403",2026-07-27T16:36:59.653749
petitmarocain,bd6t5140109v,,failed,0,0,,http_manifest,known,403,manifest,"Client error '403 ' for url 'https://openapiproext.bnf.fr/iiif/presentation/v3/ark:/12148/bd6t5140109v/manifest.json'
For more information check: https://developer.mozilla.org/en-US/docs/Web/HTTP/Status/403",2026-07-27T16:37:00.849972
petitmarocain,bd6t5140110s,,failed,0,0,,http_manifest,known,403,manifest,"Client error '403 ' for url 'https://openapiproext.bnf.fr/iiif/presentation/v3/ark:/12148/bd6t5140110s/manifest.json'
For more information check: https://developer.mozilla.org/en-US/docs/Web/HTTP/Status/403",2026-07-27T16:37:02.060461
petitmarocain,bd6t51401115,,failed,0,0,,http_manifest,known,403,manifest,"Client error '403 ' for url 'https://openapiproext.bnf.fr/iiif/presentation/v3/ark:/12148/bd6t51401115/manifest.json'
For more information check: https://developer.mozilla.org/en-US/docs/Web/HTTP/Status/403",2026-07-27T16:37:03.282144
petitmarocain,bd6t5140112j,,failed,0,0,,http_manifest,known,403,manifest,"Client error '403 ' for url 'https://openapiproext.bnf.fr/iiif/presentation/v3/ark:/12148/bd6t5140112j/manifest.json'
For more information check: https://developer.mozilla.org/en-US/docs/Web/HTTP/Status/403",2026-07-27T16:37:04.454397
petitmarocain,bd6t5140113x,,failed,0,0,,http_manifest,known,403,manifest,"Client error '403 ' for url 'https://openapiproext.bnf.fr/iiif/presentation/v3/ark:/12148/bd6t5140113x/manifest.json'
For more information check: https://developer.mozilla.org/en-US/docs/Web/HTTP/Status/403",2026-07-27T16:37:05.661066
petitmarocain,bd6t51401149,,failed,0,0,,http_manifest,known,403,manifest,"Client error '403 ' for url 'https://openapiproext.bnf.fr/iiif/presentation/v3/ark:/12148/bd6t51401149/manifest.json'
For more information check: https://developer.mozilla.org/en-US/docs/Web/HTTP/Status/403",2026-07-27T16:37:06.861458
petitmarocain,bd6t5140115p,,failed,0,0,,http_manifest,known,403,manifest,"Client error '403 ' for url 'https://openapiproext.bnf.fr/iiif/presentation/v3/ark:/12148/bd6t5140115p/manifest.json'
For more information check: https://developer.mozilla.org/en-US/docs/Web/HTTP/Status/403",2026-07-27T16:37:08.058769
petitmarocain,bd6t51401162,,failed,0,0,,http_manifest,known,403,manifest,"Client error '403 ' for url 'https://openapiproext.bnf.fr/iiif/presentation/v3/ark:/12148/bd6t51401162/manifest.json'
For more information check: https://developer.mozilla.org/en-US/docs/Web/HTTP/Status/403",2026-07-27T16:37:09.270859
petitmarocain,bd6t5140117f,,failed,0,0,,http_manifest,known,403,manifest,"Client error '403 ' for url 'https://openapiproext.bnf.fr/iiif/presentation/v3/ark:/12148/bd6t5140117f/manifest.json'
For more information check: https://developer.mozilla.org/en-US/docs/Web/HTTP/Status/403",2026-07-27T16:37:10.458042
petitmarocain,bd6t5140118t,,failed,0,0,,http_manifest,known,403,manifest,"Client error '403 ' for url 'https://openapiproext.bnf.fr/iiif/presentation/v3/ark:/12148/bd6t5140118t/manifest.json'
For more information check: https://developer.mozilla.org/en-US/docs/Web/HTTP/Status/403",2026-07-27T16:37:11.665841
petitmarocain,bd6t51401196,,failed,0,0,,http_manifest,known,403,manifest,"Client error '403 ' for url 'https://openapiproext.bnf.fr/iiif/presentation/v3/ark:/12148/bd6t51401196/manifest.json'
For more information check: https://developer.mozilla.org/en-US/docs/Web/HTTP/Status/403",2026-07-27T16:37:12.869256
petitmarocain,bd6t51401204,,failed,0,0,,http_manifest,known,403,manifest,"Client error '403 ' for url 'https://openapiproext.bnf.fr/iiif/presentation/v3/ark:/12148/bd6t51401204/manifest.json'
For more information check: https://developer.mozilla.org/en-US/docs/Web/HTTP/Status/403",2026-07-27T16:37:14.065248
petitmarocain,bd6t5140121h,,failed,0,0,,http_manifest,known,403,manifest,"Client error '403 ' for url 'https://openapiproext.bnf.fr/iiif/presentation/v3/ark:/12148/bd6t5140121h/manifest.json'
For more information check: https://developer.mozilla.org/en-US/docs/Web/HTTP/Status/403",2026-07-27T16:37:15.267866
petitmarocain,bd6t5140122w,,failed,0,0,,http_manifest,known,403,manifest,"Client error '403 ' for url 'https://openapiproext.bnf.fr/iiif/presentation/v3/ark:/12148/bd6t5140122w/manifest.json'
For more information check: https://developer.mozilla.org/en-US/docs/Web/HTTP/Status/403",2026-07-27T16:37:16.468002
petitmarocain,bd6t51401238,,failed,0,0,,http_manifest,known,403,manifest,"Client error '403 ' for url 'https://openapiproext.bnf.fr/iiif/presentation/v3/ark:/12148/bd6t51401238/manifest.json'
For more information check: https://developer.mozilla.org/en-US/docs/Web/HTTP/Status/403",2026-07-27T16:37:17.677923
petitmarocain,bd6t5140124n,,failed,0,0,,http_manifest,known,403,manifest,"Client error '403 ' for url 'https://openapiproext.bnf.fr/iiif/presentation/v3/ark:/12148/bd6t5140124n/manifest.json'
For more information check: https://developer.mozilla.org/en-US/docs/Web/HTTP/Status/403",2026-07-27T16:37:18.878087
petitmarocain,bd6t51401251,,failed,0,0,,http_manifest,known,403,manifest,"Client error '403 ' for url 'https://openapiproext.bnf.fr/iiif/presentation/v3/ark:/12148/bd6t51401251/manifest.json'
For more information check: https://developer.mozilla.org/en-US/docs/Web/HTTP/Status/403",2026-07-27T16:37:20.072734
petitmarocain,bd6t5140126d,,failed,0,0,,http_manifest,known,403,manifest,"Client error '403 ' for url 'https://openapiproext.bnf.fr/iiif/presentation/v3/ark:/12148/bd6t5140126d/manifest.json'
For more information check: https://developer.mozilla.org/en-US/docs/Web/HTTP/Status/403",2026-07-27T16:37:21.293138
petitmarocain,bd6t5140127s,,failed,0,0,,http_manifest,known,403,manifest,"Client error '403 ' for url 'https://openapiproext.bnf.fr/iiif/presentation/v3/ark:/12148/bd6t5140127s/manifest.json'
For more information check: https://developer.mozilla.org/en-US/docs/Web/HTTP/Status/403",2026-07-27T16:37:22.479117
petitmarocain,bd6t51401285,,failed,0,0,,http_manifest,known,403,manifest,"Client error '403 ' for url 'https://openapiproext.bnf.fr/iiif/presentation/v3/ark:/12148/bd6t51401285/manifest.json'
For more information check: https://developer.mozilla.org/en-US/docs/Web/HTTP/Status/403",2026-07-27T16:37:23.679033
petitmarocain,bd6t5140129j,,failed,0,0,,http_manifest,known,403,manifest,"Client error '403 ' for url 'https://openapiproext.bnf.fr/iiif/presentation/v3/ark:/12148/bd6t5140129j/manifest.json'
For more information check: https://developer.mozilla.org/en-US/docs/Web/HTTP/Status/403",2026-07-27T16:37:24.880092
petitmarocain,bd6t5140130g,,failed,0,0,,http_manifest,known,403,manifest,"Client error '403 ' for url 'https://openapiproext.bnf.fr/iiif/presentation/v3/ark:/12148/bd6t5140130g/manifest.json'
For more information check: https://developer.mozilla.org/en-US/docs/Web/HTTP/Status/403",2026-07-27T16:37:26.085074
petitmarocain,bd6t5140131v,,failed,0,0,,http_manifest,known,403,manifest,"Client error '403 ' for url 'https://openapiproext.bnf.fr/iiif/presentation/v3/ark:/12148/bd6t5140131v/manifest.json'
For more information check: https://developer.mozilla.org/en-US/docs/Web/HTTP/Status/403",2026-07-27T16:37:27.296940
petitmarocain,bd6t51401327,,failed,0,0,,http_manifest,known,403,manifest,"Client error '403 ' for url 'https://openapiproext.bnf.fr/iiif/presentation/v3/ark:/12148/bd6t51401327/manifest.json'
For more information check: https://developer.mozilla.org/en-US/docs/Web/HTTP/Status/403",2026-07-27T16:37:28.495724
petitmarocain,bd6t5140133m,,failed,0,0,,http_manifest,known,403,manifest,"Client error '403 ' for url 'https://openapiproext.bnf.fr/iiif/presentation/v3/ark:/12148/bd6t5140133m/manifest.json'
For more information check: https://developer.mozilla.org/en-US/docs/Web/HTTP/Status/403",2026-07-27T16:37:29.776277
petitmarocain,bd6t51401340,,failed,0,0,,http_manifest,known,403,manifest,"Client error '403 ' for url 'https://openapiproext.bnf.fr/iiif/presentation/v3/ark:/12148/bd6t51401340/manifest.json'
For more information check: https://developer.mozilla.org/en-US/docs/Web/HTTP/Status/403",2026-07-27T16:37:30.892985
petitmarocain,bd6t5140135c,,failed,0,0,,http_manifest,known,403,manifest,"Client error '403 ' for url 'https://openapiproext.bnf.fr/iiif/presentation/v3/ark:/12148/bd6t5140135c/manifest.json'
For more information check: https://developer.mozilla.org/en-US/docs/Web/HTTP/Status/403",2026-07-27T16:37:32.124661
petitmarocain,bd6t5140136r,,failed,0,0,,http_manifest,known,403,manifest,"Client error '403 ' for url 'https://openapiproext.bnf.fr/iiif/presentation/v3/ark:/12148/bd6t5140136r/manifest.json'
For more information check: https://developer.mozilla.org/en-US/docs/Web/HTTP/Status/403",2026-07-27T16:37:33.496000
petitmarocain,bd6t51401374,,failed,0,0,,http_manifest,known,403,manifest,"Client error '403 ' for url 'https://openapiproext.bnf.fr/iiif/presentation/v3/ark:/12148/bd6t51401374/manifest.json'
For more information check: https://developer.mozilla.org/en-US/docs/Web/HTTP/Status/403",2026-07-27T16:37:34.496057
petitmarocain,bd6t5140138h,,failed,0,0,,http_manifest,known,403,manifest,"Client error '403 ' for url 'https://openapiproext.bnf.fr/iiif/presentation/v3/ark:/12148/bd6t5140138h/manifest.json'
For more information check: https://developer.mozilla.org/en-US/docs/Web/HTTP/Status/403",2026-07-27T16:37:35.694636
petitmarocain,bd6t5140139w,,failed,0,0,,http_manifest,known,403,manifest,"Client error '403 ' for url 'https://openapiproext.bnf.fr/iiif/presentation/v3/ark:/12148/bd6t5140139w/manifest.json'
For more information check: https://developer.mozilla.org/en-US/docs/Web/HTTP/Status/403",2026-07-27T16:37:36.977359
petitmarocain,bd6t5140140t,,failed,0,0,,http_manifest,known,403,manifest,"Client error '403 ' for url 'https://openapiproext.bnf.fr/iiif/presentation/v3/ark:/12148/bd6t5140140t/manifest.json'
For more information check: https://developer.mozilla.org/en-US/docs/Web/HTTP/Status/403",2026-07-27T16:37:38.103581
petitmarocain,bd6t51401416,,failed,0,0,,http_manifest,known,403,manifest,"Client error '403 ' for url 'https://openapiproext.bnf.fr/iiif/presentation/v3/ark:/12148/bd6t51401416/manifest.json'
For more information check: https://developer.mozilla.org/en-US/docs/Web/HTTP/Status/403",2026-07-27T16:37:39.477902
petitmarocain,bd6t5140142k,,failed,0,0,,http_manifest,known,403,manifest,"Client error '403 ' for url 'https://openapiproext.bnf.fr/iiif/presentation/v3/ark:/12148/bd6t5140142k/manifest.json'
For more information check: https://developer.mozilla.org/en-US/docs/Web/HTTP/Status/403",2026-07-27T16:37:40.682844
petitmarocain,bd6t5140143z,,failed,0,0,,http_manifest,known,403,manifest,"Client error '403 ' for url 'https://openapiproext.bnf.fr/iiif/presentation/v3/ark:/12148/bd6t5140143z/manifest.json'
For more information check: https://developer.mozilla.org/en-US/docs/Web/HTTP/Status/403",2026-07-27T16:37:41.762573
petitmarocain,bd6t5140144b,,failed,0,0,,http_manifest,known,403,manifest,"Client error '403 ' for url 'https://openapiproext.bnf.fr/iiif/presentation/v3/ark:/12148/bd6t5140144b/manifest.json'
For more information check: https://developer.mozilla.org/en-US/docs/Web/HTTP/Status/403",2026-07-27T16:37:43.111964
petitmarocain,bd6t5140145q,,failed,0,0,,http_manifest,known,403,manifest,"Client error '403 ' for url 'https://openapiproext.bnf.fr/iiif/presentation/v3/ark:/12148/bd6t5140145q/manifest.json'
For more information check: https://developer.mozilla.org/en-US/docs/Web/HTTP/Status/403",2026-07-27T16:37:44.119488
petitmarocain,bd6t51401463,,failed,0,0,,http_manifest,known,403,manifest,"Client error '403 ' for url 'https://openapiproext.bnf.fr/iiif/presentation/v3/ark:/12148/bd6t51401463/manifest.json'
For more information check: https://developer.mozilla.org/en-US/docs/Web/HTTP/Status/403",2026-07-27T16:37:45.478550
petitmarocain,bd6t5140147g,,failed,0,0,,http_manifest,known,403,manifest,"Client error '403 ' for url 'https://openapiproext.bnf.fr/iiif/presentation/v3/ark:/12148/bd6t5140147g/manifest.json'
For more information check: https://developer.mozilla.org/en-US/docs/Web/HTTP/Status/403",2026-07-27T16:37:46.657072
petitmarocain,bd6t5140148v,,failed,0,0,,http_manifest,known,403,manifest,"Client error '403 ' for url 'https://openapiproext.bnf.fr/iiif/presentation/v3/ark:/12148/bd6t5140148v/manifest.json'
For more information check: https://developer.mozilla.org/en-US/docs/Web/HTTP/Status/403",2026-07-27T16:37:47.813555
petitmarocain,bd6t51401497,,failed,0,0,,http_manifest,known,403,manifest,"Client error '403 ' for url 'https://openapiproext.bnf.fr/iiif/presentation/v3/ark:/12148/bd6t51401497/manifest.json'
For more information check: https://developer.mozilla.org/en-US/docs/Web/HTTP/Status/403",2026-07-27T16:37:48.926248
petitmarocain,bd6t51401505,,failed,0,0,,http_manifest,known,403,manifest,"Client error '403 ' for url 'https://openapiproext.bnf.fr/iiif/presentation/v3/ark:/12148/bd6t51401505/manifest.json'
For more information check: https://developer.mozilla.org/en-US/docs/Web/HTTP/Status/403",2026-07-27T16:37:50.118063
petitmarocain,bd6t5140151j,,failed,0,0,,http_manifest,known,403,manifest,"Client error '403 ' for url 'https://openapiproext.bnf.fr/iiif/presentation/v3/ark:/12148/bd6t5140151j/manifest.json'
For more information check: https://developer.mozilla.org/en-US/docs/Web/HTTP/Status/403",2026-07-27T16:37:51.341011
petitmarocain,bd6t5140152x,,failed,0,0,,http_manifest,known,403,manifest,"Client error '403 ' for url 'https://openapiproext.bnf.fr/iiif/presentation/v3/ark:/12148/bd6t5140152x/manifest.json'
For more information check: https://developer.mozilla.org/en-US/docs/Web/HTTP/Status/403",2026-07-27T16:37:52.525626
petitmarocain,bd6t51401539,,failed,0,0,,http_manifest,known,403,manifest,"Client error '403 ' for url 'https://openapiproext.bnf.fr/iiif/presentation/v3/ark:/12148/bd6t51401539/manifest.json'
For more information check: https://developer.mozilla.org/en-US/docs/Web/HTTP/Status/403",2026-07-27T16:37:53.723859
petitmarocain,bd6t5140154p,,failed,0,0,,http_manifest,known,403,manifest,"Client error '403 ' for url 'https://openapiproext.bnf.fr/iiif/presentation/v3/ark:/12148/bd6t5140154p/manifest.json'
For more information check: https://developer.mozilla.org/en-US/docs/Web/HTTP/Status/403",2026-07-27T16:37:54.934778
petitmarocain,bd6t51401552,,failed,0,0,,http_manifest,known,403,manifest,"Client error '403 ' for url 'https://openapiproext.bnf.fr/iiif/presentation/v3/ark:/12148/bd6t51401552/manifest.json'
For more information check: https://developer.mozilla.org/en-US/docs/Web/HTTP/Status/403",2026-07-27T16:37:56.135890
petitmarocain,bd6t5140156f,,failed,0,0,,http_manifest,known,403,manifest,"Client error '403 ' for url 'https://openapiproext.bnf.fr/iiif/presentation/v3/ark:/12148/bd6t5140156f/manifest.json'
For more information check: https://developer.mozilla.org/en-US/docs/Web/HTTP/Status/403",2026-07-27T16:37:57.346651
petitmarocain,bd6t5140157t,,failed,0,0,,http_manifest,known,403,manifest,"Client error '403 ' for url 'https://openapiproext.bnf.fr/iiif/presentation/v3/ark:/12148/bd6t5140157t/manifest.json'
For more information check: https://developer.mozilla.org/en-US/docs/Web/HTTP/Status/403",2026-07-27T16:37:58.535640
petitmarocain,bd6t51401586,,failed,0,0,,http_manifest,known,403,manifest,"Client error '403 ' for url 'https://openapiproext.bnf.fr/iiif/presentation/v3/ark:/12148/bd6t51401586/manifest.json'
For more information check: https://developer.mozilla.org/en-US/docs/Web/HTTP/Status/403",2026-07-27T16:37:59.729282
petitmarocain,bd6t5140159k,,failed,0,0,,http_manifest,known,403,manifest,"Client error '403 ' for url 'https://openapiproext.bnf.fr/iiif/presentation/v3/ark:/12148/bd6t5140159k/manifest.json'
For more information check: https://developer.mozilla.org/en-US/docs/Web/HTTP/Status/403",2026-07-27T16:38:00.935902
petitmarocain,bd6t5140160h,,failed,0,0,,http_manifest,known,403,manifest,"Client error '403 ' for url 'https://openapiproext.bnf.fr/iiif/presentation/v3/ark:/12148/bd6t5140160h/manifest.json'
For more information check: https://developer.mozilla.org/en-US/docs/Web/HTTP/Status/403",2026-07-27T16:38:02.133282
petitmarocain,bd6t5140161w,,failed,0,0,,http_manifest,known,403,manifest,"Client error '403 ' for url 'https://openapiproext.bnf.fr/iiif/presentation/v3/ark:/12148/bd6t5140161w/manifest.json'
For more information check: https://developer.mozilla.org/en-US/docs/Web/HTTP/Status/403",2026-07-27T16:38:03.337265
petitmarocain,bd6t51401628,,failed,0,0,,http_manifest,known,403,manifest,"Client error '403 ' for url 'https://openapiproext.bnf.fr/iiif/presentation/v3/ark:/12148/bd6t51401628/manifest.json'
For more information check: https://developer.mozilla.org/en-US/docs/Web/HTTP/Status/403",2026-07-27T16:38:04.544147
petitmarocain,bd6t5140163n,,failed,0,0,,http_manifest,known,403,manifest,"Client error '403 ' for url 'https://openapiproext.bnf.fr/iiif/presentation/v3/ark:/12148/bd6t5140163n/manifest.json'
For more information check: https://developer.mozilla.org/en-US/docs/Web/HTTP/Status/403",2026-07-27T16:38:05.741901
petitmarocain,bd6t51401641,,failed,0,0,,http_manifest,known,403,manifest,"Client error '403 ' for url 'https://openapiproext.bnf.fr/iiif/presentation/v3/ark:/12148/bd6t51401641/manifest.json'
For more information check: https://developer.mozilla.org/en-US/docs/Web/HTTP/Status/403",2026-07-27T16:38:06.946415
petitmarocain,bd6t5140165d,,failed,0,0,,http_manifest,known,403,manifest,"Client error '403 ' for url 'https://openapiproext.bnf.fr/iiif/presentation/v3/ark:/12148/bd6t5140165d/manifest.json'
For more information check: https://developer.mozilla.org/en-US/docs/Web/HTTP/Status/403",2026-07-27T16:38:08.139773
petitmarocain,bd6t5140166s,,failed,0,0,,http_manifest,known,403,manifest,"Client error '403 ' for url 'https://openapiproext.bnf.fr/iiif/presentation/v3/ark:/12148/bd6t5140166s/manifest.json'
For more information check: https://developer.mozilla.org/en-US/docs/Web/HTTP/Status/403",2026-07-27T16:38:09.365859
petitmarocain,bd6t51401675,,failed,0,0,,http_manifest,known,403,manifest,"Client error '403 ' for url 'https://openapiproext.bnf.fr/iiif/presentation/v3/ark:/12148/bd6t51401675/manifest.json'
For more information check: https://developer.mozilla.org/en-US/docs/Web/HTTP/Status/403",2026-07-27T16:38:10.549019
petitmarocain,bd6t5140168j,,failed,0,0,,http_manifest,known,403,manifest,"Client error '403 ' for url 'https://openapiproext.bnf.fr/iiif/presentation/v3/ark:/12148/bd6t5140168j/manifest.json'
For more information check: https://developer.mozilla.org/en-US/docs/Web/HTTP/Status/403",2026-07-27T16:38:11.748771
petitmarocain,bd6t5140169x,,failed,0,0,,http_manifest,known,403,manifest,"Client error '403 ' for url 'https://openapiproext.bnf.fr/iiif/presentation/v3/ark:/12148/bd6t5140169x/manifest.json'
For more information check: https://developer.mozilla.org/en-US/docs/Web/HTTP/Status/403",2026-07-27T16:38:12.948664
petitmarocain,bd6t5140170v,,failed,0,0,,http_manifest,known,403,manifest,"Client error '403 ' for url 'https://openapiproext.bnf.fr/iiif/presentation/v3/ark:/12148/bd6t5140170v/manifest.json'
For more information check: https://developer.mozilla.org/en-US/docs/Web/HTTP/Status/403",2026-07-27T16:38:14.153300
petitmarocain,bd6t51401717,,failed,0,0,,http_manifest,known,403,manifest,"Client error '403 ' for url 'https://openapiproext.bnf.fr/iiif/presentation/v3/ark:/12148/bd6t51401717/manifest.json'
For more information check: https://developer.mozilla.org/en-US/docs/Web/HTTP/Status/403",2026-07-27T16:38:15.352342
petitmarocain,bd6t5140172m,,failed,0,0,,http_manifest,known,403,manifest,"Client error '403 ' for url 'https://openapiproext.bnf.fr/iiif/presentation/v3/ark:/12148/bd6t5140172m/manifest.json'
For more information check: https://developer.mozilla.org/en-US/docs/Web/HTTP/Status/403",2026-07-27T16:38:16.554406
petitmarocain,bd6t51401730,,failed,0,0,,http_manifest,known,403,manifest,"Client error '403 ' for url 'https://openapiproext.bnf.fr/iiif/presentation/v3/ark:/12148/bd6t51401730/manifest.json'
For more information check: https://developer.mozilla.org/en-US/docs/Web/HTTP/Status/403",2026-07-27T16:38:17.754825
petitmarocain,bd6t5140174c,,failed,0,0,,http_manifest,known,403,manifest,"Client error '403 ' for url 'https://openapiproext.bnf.fr/iiif/presentation/v3/ark:/12148/bd6t5140174c/manifest.json'
For more information check: https://developer.mozilla.org/en-US/docs/Web/HTTP/Status/403",2026-07-27T16:38:18.956719
petitmarocain,bd6t5140175r,,failed,0,0,,http_manifest,known,403,manifest,"Client error '403 ' for url 'https://openapiproext.bnf.fr/iiif/presentation/v3/ark:/12148/bd6t5140175r/manifest.json'
For more information check: https://developer.mozilla.org/en-US/docs/Web/HTTP/Status/403",2026-07-27T16:38:20.158058
petitmarocain,bd6t51401764,,failed,0,0,,http_manifest,known,403,manifest,"Client error '403 ' for url 'https://openapiproext.bnf.fr/iiif/presentation/v3/ark:/12148/bd6t51401764/manifest.json'
For more information check: https://developer.mozilla.org/en-US/docs/Web/HTTP/Status/403",2026-07-27T16:38:21.372291
petitmarocain,bd6t5140177h,,failed,0,0,,http_manifest,known,403,manifest,"Client error '403 ' for url 'https://openapiproext.bnf.fr/iiif/presentation/v3/ark:/12148/bd6t5140177h/manifest.json'
For more information check: https://developer.mozilla.org/en-US/docs/Web/HTTP/Status/403",2026-07-27T16:38:22.565093
petitmarocain,bd6t5140178w,,failed,0,0,,http_manifest,known,403,manifest,"Client error '403 ' for url 'https://openapiproext.bnf.fr/iiif/presentation/v3/ark:/12148/bd6t5140178w/manifest.json'
For more information check: https://developer.mozilla.org/en-US/docs/Web/HTTP/Status/403",2026-07-27T16:38:23.761780
petitmarocain,bd6t51401798,,failed,0,0,,http_manifest,known,403,manifest,"Client error '403 ' for url 'https://openapiproext.bnf.fr/iiif/presentation/v3/ark:/12148/bd6t51401798/manifest.json'
For more information check: https://developer.mozilla.org/en-US/docs/Web/HTTP/Status/403",2026-07-27T16:38:24.963058
petitmarocain,bd6t51401806,,failed,0,0,,http_manifest,known,403,manifest,"Client error '403 ' for url 'https://openapiproext.bnf.fr/iiif/presentation/v3/ark:/12148/bd6t51401806/manifest.json'
For more information check: https://developer.mozilla.org/en-US/docs/Web/HTTP/Status/403",2026-07-27T16:38:26.172016
petitmarocain,bd6t5140181k,,failed,0,0,,http_manifest,known,403,manifest,"Client error '403 ' for url 'https://openapiproext.bnf.fr/iiif/presentation/v3/ark:/12148/bd6t5140181k/manifest.json'
For more information check: https://developer.mozilla.org/en-US/docs/Web/HTTP/Status/403",2026-07-27T16:38:27.386978
petitmarocain,bd6t51397610,,failed,0,0,,http_manifest,known,403,manifest,"Client error '403 ' for url 'https://openapiproext.bnf.fr/iiif/presentation/v3/ark:/12148/bd6t51397610/manifest.json'
For more information check: https://developer.mozilla.org/en-US/docs/Web/HTTP/Status/403",2026-07-27T16:38:28.590309
petitmarocain,bd6t5139762c,,failed,0,0,,http_manifest,known,403,manifest,"Client error '403 ' for url 'https://openapiproext.bnf.fr/iiif/presentation/v3/ark:/12148/bd6t5139762c/manifest.json'
For more information check: https://developer.mozilla.org/en-US/docs/Web/HTTP/Status/403",2026-07-27T16:38:29.893794
petitmarocain,bd6t5139763r,,failed,0,0,,http_manifest,known,403,manifest,"Client error '403 ' for url 'https://openapiproext.bnf.fr/iiif/presentation/v3/ark:/12148/bd6t5139763r/manifest.json'
For more information check: https://developer.mozilla.org/en-US/docs/Web/HTTP/Status/403",2026-07-27T16:38:31.129580
petitmarocain,bd6t51397644,,failed,0,0,,http_manifest,known,403,manifest,"Client error '403 ' for url 'https://openapiproext.bnf.fr/iiif/presentation/v3/ark:/12148/bd6t51397644/manifest.json'
For more information check: https://developer.mozilla.org/en-US/docs/Web/HTTP/Status/403",2026-07-27T16:38:32.221434
petitmarocain,bd6t5139765h,,failed,0,0,,http_manifest,known,403,manifest,"Client error '403 ' for url 'https://openapiproext.bnf.fr/iiif/presentation/v3/ark:/12148/bd6t5139765h/manifest.json'
For more information check: https://developer.mozilla.org/en-US/docs/Web/HTTP/Status/403",2026-07-27T16:38:33.659661
petitmarocain,bd6t5139766w,,failed,0,0,,http_manifest,known,403,manifest,"Client error '403 ' for url 'https://openapiproext.bnf.fr/iiif/presentation/v3/ark:/12148/bd6t5139766w/manifest.json'
For more information check: https://developer.mozilla.org/en-US/docs/Web/HTTP/Status/403",2026-07-27T16:38:34.731614
petitmarocain,bd6t51397678,,failed,0,0,,http_manifest,known,403,manifest,"Client error '403 ' for url 'https://openapiproext.bnf.fr/iiif/presentation/v3/ark:/12148/bd6t51397678/manifest.json'
For more information check: https://developer.mozilla.org/en-US/docs/Web/HTTP/Status/403",2026-07-27T16:38:35.940483
petitmarocain,bd6t5139768n,,failed,0,0,,http_manifest,known,403,manifest,"Client error '403 ' for url 'https://openapiproext.bnf.fr/iiif/presentation/v3/ark:/12148/bd6t5139768n/manifest.json'
For more information check: https://developer.mozilla.org/en-US/docs/Web/HTTP/Status/403",2026-07-27T16:38:37.140975
petitmarocain,bd6t51397691,,failed,0,0,,http_manifest,known,403,manifest,"Client error '403 ' for url 'https://openapiproext.bnf.fr/iiif/presentation/v3/ark:/12148/bd6t51397691/manifest.json'
For more information check: https://developer.mozilla.org/en-US/docs/Web/HTTP/Status/403",2026-07-27T16:38:38.462020
petitmarocain,bd6t5139770z,,failed,0,0,,http_manifest,known,403,manifest,"Client error '403 ' for url 'https://openapiproext.bnf.fr/iiif/presentation/v3/ark:/12148/bd6t5139770z/manifest.json'
For more information check: https://developer.mozilla.org/en-US/docs/Web/HTTP/Status/403",2026-07-27T16:38:39.688855
petitmarocain,bd6t5139771b,,failed,0,0,,http_manifest,known,403,manifest,"Client error '403 ' for url 'https://openapiproext.bnf.fr/iiif/presentation/v3/ark:/12148/bd6t5139771b/manifest.json'
For more information check: https://developer.mozilla.org/en-US/docs/Web/HTTP/Status/403",2026-07-27T16:38:40.598899
petitmarocain,bd6t5139772q,,failed,0,0,,http_manifest,known,403,manifest,"Client error '403 ' for url 'https://openapiproext.bnf.fr/iiif/presentation/v3/ark:/12148/bd6t5139772q/manifest.json'
For more information check: https://developer.mozilla.org/en-US/docs/Web/HTTP/Status/403",2026-07-27T16:38:41.806905
petitmarocain,bd6t51397733,,failed,0,0,,http_manifest,known,403,manifest,"Client error '403 ' for url 'https://openapiproext.bnf.fr/iiif/presentation/v3/ark:/12148/bd6t51397733/manifest.json'
For more information check: https://developer.mozilla.org/en-US/docs/Web/HTTP/Status/403",2026-07-27T16:38:43.007357
petitmarocain,bd6t5139774g,,failed,0,0,,http_manifest,known,403,manifest,"Client error '403 ' for url 'https://openapiproext.bnf.fr/iiif/presentation/v3/ark:/12148/bd6t5139774g/manifest.json'
For more information check: https://developer.mozilla.org/en-US/docs/Web/HTTP/Status/403",2026-07-27T16:38:44.198802
petitmarocain,bd6t5139775v,,failed,0,0,,http_manifest,known,403,manifest,"Client error '403 ' for url 'https://openapiproext.bnf.fr/iiif/presentation/v3/ark:/12148/bd6t5139775v/manifest.json'
For more information check: https://developer.mozilla.org/en-US/docs/Web/HTTP/Status/403",2026-07-27T16:38:45.402644
petitmarocain,bd6t51397767,,failed,0,0,,http_manifest,known,403,manifest,"Client error '403 ' for url 'https://openapiproext.bnf.fr/iiif/presentation/v3/ark:/12148/bd6t51397767/manifest.json'
For more information check: https://developer.mozilla.org/en-US/docs/Web/HTTP/Status/403",2026-07-27T16:38:46.603497
petitmarocain,bd6t5139777m,,failed,0,0,,http_manifest,known,403,manifest,"Client error '403 ' for url 'https://openapiproext.bnf.fr/iiif/presentation/v3/ark:/12148/bd6t5139777m/manifest.json'
For more information check: https://developer.mozilla.org/en-US/docs/Web/HTTP/Status/403",2026-07-27T16:38:47.805605
petitmarocain,bd6t51397780,,failed,0,0,,http_manifest,known,403,manifest,"Client error '403 ' for url 'https://openapiproext.bnf.fr/iiif/presentation/v3/ark:/12148/bd6t51397780/manifest.json'
For more information check: https://developer.mozilla.org/en-US/docs/Web/HTTP/Status/403",2026-07-27T16:38:49.020463
petitmarocain,bd6t5139779c,,failed,0,0,,http_manifest,known,403,manifest,"Client error '403 ' for url 'https://openapiproext.bnf.fr/iiif/presentation/v3/ark:/12148/bd6t5139779c/manifest.json'
For more information check: https://developer.mozilla.org/en-US/docs/Web/HTTP/Status/403",2026-07-27T16:38:50.208846
petitmarocain,bd6t51397809,,failed,0,0,,http_manifest,known,403,manifest,"Client error '403 ' for url 'https://openapiproext.bnf.fr/iiif/presentation/v3/ark:/12148/bd6t51397809/manifest.json'
For more information check: https://developer.mozilla.org/en-US/docs/Web/HTTP/Status/403",2026-07-27T16:38:51.418137
petitmarocain,bd6t5139781p,,failed,0,0,,http_manifest,known,403,manifest,"Client error '403 ' for url 'https://openapiproext.bnf.fr/iiif/presentation/v3/ark:/12148/bd6t5139781p/manifest.json'
For more information check: https://developer.mozilla.org/en-US/docs/Web/HTTP/Status/403",2026-07-27T16:38:52.610887
petitmarocain,bd6t51397822,,failed,0,0,,http_manifest,known,403,manifest,"Client error '403 ' for url 'https://openapiproext.bnf.fr/iiif/presentation/v3/ark:/12148/bd6t51397822/manifest.json'
For more information check: https://developer.mozilla.org/en-US/docs/Web/HTTP/Status/403",2026-07-27T16:38:53.809527
petitmarocain,bd6t5139783f,,failed,0,0,,http_manifest,known,403,manifest,"Client error '403 ' for url 'https://openapiproext.bnf.fr/iiif/presentation/v3/ark:/12148/bd6t5139783f/manifest.json'
For more information check: https://developer.mozilla.org/en-US/docs/Web/HTTP/Status/403",2026-07-27T16:38:55.023035
petitmarocain,bd6t5139784t,,failed,0,0,,http_manifest,known,403,manifest,"Client error '403 ' for url 'https://openapiproext.bnf.fr/iiif/presentation/v3/ark:/12148/bd6t5139784t/manifest.json'
For more information check: https://developer.mozilla.org/en-US/docs/Web/HTTP/Status/403",2026-07-27T16:38:56.220995
petitmarocain,bd6t51397856,,failed,0,0,,http_manifest,known,403,manifest,"Client error '403 ' for url 'https://openapiproext.bnf.fr/iiif/presentation/v3/ark:/12148/bd6t51397856/manifest.json'
For more information check: https://developer.mozilla.org/en-US/docs/Web/HTTP/Status/403",2026-07-27T16:38:57.427840
petitmarocain,bd6t5139786k,,failed,0,0,,http_manifest,known,403,manifest,"Client error '403 ' for url 'https://openapiproext.bnf.fr/iiif/presentation/v3/ark:/12148/bd6t5139786k/manifest.json'
For more information check: https://developer.mozilla.org/en-US/docs/Web/HTTP/Status/403",2026-07-27T16:38:58.614176
petitmarocain,bd6t5139787z,,failed,0,0,,http_manifest,known,403,manifest,"Client error '403 ' for url 'https://openapiproext.bnf.fr/iiif/presentation/v3/ark:/12148/bd6t5139787z/manifest.json'
For more information check: https://developer.mozilla.org/en-US/docs/Web/HTTP/Status/403",2026-07-27T16:38:59.816086
petitmarocain,bd6t5139788b,,failed,0,0,,http_manifest,known,403,manifest,"Client error '403 ' for url 'https://openapiproext.bnf.fr/iiif/presentation/v3/ark:/12148/bd6t5139788b/manifest.json'
For more information check: https://developer.mozilla.org/en-US/docs/Web/HTTP/Status/403",2026-07-27T16:39:01.025898
petitmarocain,bd6t5139789q,,failed,0,0,,http_manifest,known,403,manifest,"Client error '403 ' for url 'https://openapiproext.bnf.fr/iiif/presentation/v3/ark:/12148/bd6t5139789q/manifest.json'
For more information check: https://developer.mozilla.org/en-US/docs/Web/HTTP/Status/403",2026-07-27T16:39:02.220613
petitmarocain,bd6t5139790n,,failed,0,0,,http_manifest,known,403,manifest,"Client error '403 ' for url 'https://openapiproext.bnf.fr/iiif/presentation/v3/ark:/12148/bd6t5139790n/manifest.json'
For more information check: https://developer.mozilla.org/en-US/docs/Web/HTTP/Status/403",2026-07-27T16:39:03.482508
petitmarocain,bd6t51397911,,failed,0,0,,http_manifest,known,403,manifest,"Client error '403 ' for url 'https://openapiproext.bnf.fr/iiif/presentation/v3/ark:/12148/bd6t51397911/manifest.json'
For more information check: https://developer.mozilla.org/en-US/docs/Web/HTTP/Status/403",2026-07-27T16:39:04.631840
petitmarocain,bd6t5139792d,,failed,0,0,,http_manifest,known,403,manifest,"Client error '403 ' for url 'https://openapiproext.bnf.fr/iiif/presentation/v3/ark:/12148/bd6t5139792d/manifest.json'
For more information check: https://developer.mozilla.org/en-US/docs/Web/HTTP/Status/403",2026-07-27T16:39:05.830288
petitmarocain,bd6t5139793s,,failed,0,0,,http_manifest,known,403,manifest,"Client error '403 ' for url 'https://openapiproext.bnf.fr/iiif/presentation/v3/ark:/12148/bd6t5139793s/manifest.json'
For more information check: https://developer.mozilla.org/en-US/docs/Web/HTTP/Status/403",2026-07-27T16:39:07.037636
petitmarocain,bd6t51397945,,failed,0,0,,http_manifest,known,403,manifest,"Client error '403 ' for url 'https://openapiproext.bnf.fr/iiif/presentation/v3/ark:/12148/bd6t51397945/manifest.json'
For more information check: https://developer.mozilla.org/en-US/docs/Web/HTTP/Status/403",2026-07-27T16:39:08.237301
petitmarocain,bd6t5139795j,,failed,0,0,,http_manifest,known,403,manifest,"Client error '403 ' for url 'https://openapiproext.bnf.fr/iiif/presentation/v3/ark:/12148/bd6t5139795j/manifest.json'
For more information check: https://developer.mozilla.org/en-US/docs/Web/HTTP/Status/403",2026-07-27T16:39:09.432169
petitmarocain,bd6t5139796x,,failed,0,0,,http_manifest,known,403,manifest,"Client error '403 ' for url 'https://openapiproext.bnf.fr/iiif/presentation/v3/ark:/12148/bd6t5139796x/manifest.json'
For more information check: https://developer.mozilla.org/en-US/docs/Web/HTTP/Status/403",2026-07-27T16:39:10.636114
petitmarocain,bd6t51397979,,failed,0,0,,http_manifest,known,403,manifest,"Client error '403 ' for url 'https://openapiproext.bnf.fr/iiif/presentation/v3/ark:/12148/bd6t51397979/manifest.json'
For more information check: https://developer.mozilla.org/en-US/docs/Web/HTTP/Status/403",2026-07-27T16:39:11.837083
petitmarocain,bd6t5139798p,,failed,0,0,,http_manifest,known,403,manifest,"Client error '403 ' for url 'https://openapiproext.bnf.fr/iiif/presentation/v3/ark:/12148/bd6t5139798p/manifest.json'
For more information check: https://developer.mozilla.org/en-US/docs/Web/HTTP/Status/403",2026-07-27T16:39:13.039405
petitmarocain,bd6t51397992,,failed,0,0,,http_manifest,known,403,manifest,"Client error '403 ' for url 'https://openapiproext.bnf.fr/iiif/presentation/v3/ark:/12148/bd6t51397992/manifest.json'
For more information check: https://developer.mozilla.org/en-US/docs/Web/HTTP/Status/403",2026-07-27T16:39:14.241322
petitmarocain,bd6t5139800v,,failed,0,0,,http_manifest,known,403,manifest,"Client error '403 ' for url 'https://openapiproext.bnf.fr/iiif/presentation/v3/ark:/12148/bd6t5139800v/manifest.json'
For more information check: https://developer.mozilla.org/en-US/docs/Web/HTTP/Status/403",2026-07-27T16:39:15.475134
petitmarocain,bd6t51398017,,failed,0,0,,http_manifest,known,403,manifest,"Client error '403 ' for url 'https://openapiproext.bnf.fr/iiif/presentation/v3/ark:/12148/bd6t51398017/manifest.json'
For more information check: https://developer.mozilla.org/en-US/docs/Web/HTTP/Status/403",2026-07-27T16:39:16.649515
petitmarocain,bd6t5139802m,,failed,0,0,,http_manifest,known,403,manifest,"Client error '403 ' for url 'https://openapiproext.bnf.fr/iiif/presentation/v3/ark:/12148/bd6t5139802m/manifest.json'
For more information check: https://developer.mozilla.org/en-US/docs/Web/HTTP/Status/403",2026-07-27T16:39:17.844908
petitmarocain,bd6t51398030,,failed,0,0,,http_manifest,known,403,manifest,"Client error '403 ' for url 'https://openapiproext.bnf.fr/iiif/presentation/v3/ark:/12148/bd6t51398030/manifest.json'
For more information check: https://developer.mozilla.org/en-US/docs/Web/HTTP/Status/403",2026-07-27T16:39:19.046568
petitmarocain,bd6t5139804c,,failed,0,0,,http_manifest,known,403,manifest,"Client error '403 ' for url 'https://openapiproext.bnf.fr/iiif/presentation/v3/ark:/12148/bd6t5139804c/manifest.json'
For more information check: https://developer.mozilla.org/en-US/docs/Web/HTTP/Status/403",2026-07-27T16:39:20.254601
petitmarocain,bd6t5139805r,,failed,0,0,,http_manifest,known,403,manifest,"Client error '403 ' for url 'https://openapiproext.bnf.fr/iiif/presentation/v3/ark:/12148/bd6t5139805r/manifest.json'
For more information check: https://developer.mozilla.org/en-US/docs/Web/HTTP/Status/403",2026-07-27T16:39:21.453772
petitmarocain,bd6t51398064,,failed,0,0,,http_manifest,known,403,manifest,"Client error '403 ' for url 'https://openapiproext.bnf.fr/iiif/presentation/v3/ark:/12148/bd6t51398064/manifest.json'
For more information check: https://developer.mozilla.org/en-US/docs/Web/HTTP/Status/403",2026-07-27T16:39:22.659027
petitmarocain,bd6t5139807h,,failed,0,0,,http_manifest,known,403,manifest,"Client error '403 ' for url 'https://openapiproext.bnf.fr/iiif/presentation/v3/ark:/12148/bd6t5139807h/manifest.json'
For more information check: https://developer.mozilla.org/en-US/docs/Web/HTTP/Status/403",2026-07-27T16:39:23.863581
petitmarocain,bd6t5139808w,,failed,0,0,,http_manifest,known,403,manifest,"Client error '403 ' for url 'https://openapiproext.bnf.fr/iiif/presentation/v3/ark:/12148/bd6t5139808w/manifest.json'
For more information check: https://developer.mozilla.org/en-US/docs/Web/HTTP/Status/403",2026-07-27T16:39:25.072984
petitmarocain,bd6t51398098,,failed,0,0,,http_manifest,known,403,manifest,"Client error '403 ' for url 'https://openapiproext.bnf.fr/iiif/presentation/v3/ark:/12148/bd6t51398098/manifest.json'
For more information check: https://developer.mozilla.org/en-US/docs/Web/HTTP/Status/403",2026-07-27T16:39:26.257631
petitmarocain,bd6t51398106,,failed,0,0,,http_manifest,known,403,manifest,"Client error '403 ' for url 'https://openapiproext.bnf.fr/iiif/presentation/v3/ark:/12148/bd6t51398106/manifest.json'
For more information check: https://developer.mozilla.org/en-US/docs/Web/HTTP/Status/403",2026-07-27T16:39:27.483610
petitmarocain,bd6t5139811k,,failed,0,0,,http_manifest,known,403,manifest,"Client error '403 ' for url 'https://openapiproext.bnf.fr/iiif/presentation/v3/ark:/12148/bd6t5139811k/manifest.json'
For more information check: https://developer.mozilla.org/en-US/docs/Web/HTTP/Status/403",2026-07-27T16:39:28.667385
petitmarocain,bd6t5139812z,,failed,0,0,,http_manifest,known,403,manifest,"Client error '403 ' for url 'https://openapiproext.bnf.fr/iiif/presentation/v3/ark:/12148/bd6t5139812z/manifest.json'
For more information check: https://developer.mozilla.org/en-US/docs/Web/HTTP/Status/403",2026-07-27T16:39:29.982722
petitmarocain,bd6t5139813b,,failed,0,0,,http_manifest,known,403,manifest,"Client error '403 ' for url 'https://openapiproext.bnf.fr/iiif/presentation/v3/ark:/12148/bd6t5139813b/manifest.json'
For more information check: https://developer.mozilla.org/en-US/docs/Web/HTTP/Status/403",2026-07-27T16:39:31.161717
petitmarocain,bd6t5139814q,,failed,0,0,,http_manifest,known,403,manifest,"Client error '403 ' for url 'https://openapiproext.bnf.fr/iiif/presentation/v3/ark:/12148/bd6t5139814q/manifest.json'
For more information check: https://developer.mozilla.org/en-US/docs/Web/HTTP/Status/403",2026-07-27T16:39:32.281588
petitmarocain,bd6t51398153,,failed,0,0,,http_manifest,known,403,manifest,"Client error '403 ' for url 'https://openapiproext.bnf.fr/iiif/presentation/v3/ark:/12148/bd6t51398153/manifest.json'
For more information check: https://developer.mozilla.org/en-US/docs/Web/HTTP/Status/403",2026-07-27T16:39:33.650989
petitmarocain,bd6t5139816g,,failed,0,0,,http_manifest,known,403,manifest,"Client error '403 ' for url 'https://openapiproext.bnf.fr/iiif/presentation/v3/ark:/12148/bd6t5139816g/manifest.json'
For more information check: https://developer.mozilla.org/en-US/docs/Web/HTTP/Status/403",2026-07-27T16:39:34.675876
petitmarocain,bd6t5139817v,,failed,0,0,,http_manifest,known,403,manifest,"Client error '403 ' for url 'https://openapiproext.bnf.fr/iiif/presentation/v3/ark:/12148/bd6t5139817v/manifest.json'
For more information check: https://developer.mozilla.org/en-US/docs/Web/HTTP/Status/403",2026-07-27T16:39:36.058281
petitmarocain,bd6t51398187,,failed,0,0,,http_manifest,known,403,manifest,"Client error '403 ' for url 'https://openapiproext.bnf.fr/iiif/presentation/v3/ark:/12148/bd6t51398187/manifest.json'
For more information check: https://developer.mozilla.org/en-US/docs/Web/HTTP/Status/403",2026-07-27T16:39:37.173674
petitmarocain,bd6t5139819m,,failed,0,0,,http_manifest,known,403,manifest,"Client error '403 ' for url 'https://openapiproext.bnf.fr/iiif/presentation/v3/ark:/12148/bd6t5139819m/manifest.json'
For more information check: https://developer.mozilla.org/en-US/docs/Web/HTTP/Status/403",2026-07-27T16:39:38.409331
petitmarocain,bd6t5139820j,,failed,0,0,,http_manifest,known,403,manifest,"Client error '403 ' for url 'https://openapiproext.bnf.fr/iiif/presentation/v3/ark:/12148/bd6t5139820j/manifest.json'
For more information check: https://developer.mozilla.org/en-US/docs/Web/HTTP/Status/403",2026-07-27T16:39:39.488548
petitmarocain,bd6t5139821x,,failed,0,0,,http_manifest,known,403,manifest,"Client error '403 ' for url 'https://openapiproext.bnf.fr/iiif/presentation/v3/ark:/12148/bd6t5139821x/manifest.json'
For more information check: https://developer.mozilla.org/en-US/docs/Web/HTTP/Status/403",2026-07-27T16:39:40.688765
petitmarocain,bd6t51398229,,failed,0,0,,http_manifest,known,403,manifest,"Client error '403 ' for url 'https://openapiproext.bnf.fr/iiif/presentation/v3/ark:/12148/bd6t51398229/manifest.json'
For more information check: https://developer.mozilla.org/en-US/docs/Web/HTTP/Status/403",2026-07-27T16:39:41.891088
petitmarocain,bd6t5139823p,,failed,0,0,,http_manifest,known,403,manifest,"Client error '403 ' for url 'https://openapiproext.bnf.fr/iiif/presentation/v3/ark:/12148/bd6t5139823p/manifest.json'
For more information check: https://developer.mozilla.org/en-US/docs/Web/HTTP/Status/403",2026-07-27T16:39:43.085552
petitmarocain,bd6t51398242,,failed,0,0,,http_manifest,known,403,manifest,"Client error '403 ' for url 'https://openapiproext.bnf.fr/iiif/presentation/v3/ark:/12148/bd6t51398242/manifest.json'
For more information check: https://developer.mozilla.org/en-US/docs/Web/HTTP/Status/403",2026-07-27T16:39:44.290865
petitmarocain,bd6t5139825f,,failed,0,0,,http_manifest,known,403,manifest,"Client error '403 ' for url 'https://openapiproext.bnf.fr/iiif/presentation/v3/ark:/12148/bd6t5139825f/manifest.json'
For more information check: https://developer.mozilla.org/en-US/docs/Web/HTTP/Status/403",2026-07-27T16:39:45.625753
petitmarocain,bd6t5139826t,,failed,0,0,,http_manifest,known,403,manifest,"Client error '403 ' for url 'https://openapiproext.bnf.fr/iiif/presentation/v3/ark:/12148/bd6t5139826t/manifest.json'
For more information check: https://developer.mozilla.org/en-US/docs/Web/HTTP/Status/403",2026-07-27T16:39:46.769447
petitmarocain,bd6t51398276,,failed,0,0,,http_manifest,known,403,manifest,"Client error '403 ' for url 'https://openapiproext.bnf.fr/iiif/presentation/v3/ark:/12148/bd6t51398276/manifest.json'
For more information check: https://developer.mozilla.org/en-US/docs/Web/HTTP/Status/403",2026-07-27T16:39:48.060091
petitmarocain,bd6t5139828k,,failed,0,0,,http_manifest,known,403,manifest,"Client error '403 ' for url 'https://openapiproext.bnf.fr/iiif/presentation/v3/ark:/12148/bd6t5139828k/manifest.json'
For more information check: https://developer.mozilla.org/en-US/docs/Web/HTTP/Status/403",2026-07-27T16:39:49.099199
petitmarocain,bd6t5139829z,,failed,0,0,,http_manifest,known,403,manifest,"Client error '403 ' for url 'https://openapiproext.bnf.fr/iiif/presentation/v3/ark:/12148/bd6t5139829z/manifest.json'
For more information check: https://developer.mozilla.org/en-US/docs/Web/HTTP/Status/403",2026-07-27T16:39:50.386384
petitmarocain,bd6t5139830w,,failed,0,0,,http_manifest,known,403,manifest,"Client error '403 ' for url 'https://openapiproext.bnf.fr/iiif/presentation/v3/ark:/12148/bd6t5139830w/manifest.json'
For more information check: https://developer.mozilla.org/en-US/docs/Web/HTTP/Status/403",2026-07-27T16:39:51.510609
petitmarocain,bd6t51398318,,failed,0,0,,http_manifest,known,403,manifest,"Client error '403 ' for url 'https://openapiproext.bnf.fr/iiif/presentation/v3/ark:/12148/bd6t51398318/manifest.json'
For more information check: https://developer.mozilla.org/en-US/docs/Web/HTTP/Status/403",2026-07-27T16:39:52.710474
petitmarocain,bd6t5139832n,,failed,0,0,,http_manifest,known,403,manifest,"Client error '403 ' for url 'https://openapiproext.bnf.fr/iiif/presentation/v3/ark:/12148/bd6t5139832n/manifest.json'
For more information check: https://developer.mozilla.org/en-US/docs/Web/HTTP/Status/403",2026-07-27T16:39:53.915447
petitmarocain,bd6t51398331,,failed,0,0,,http_manifest,known,403,manifest,"Client error '403 ' for url 'https://openapiproext.bnf.fr/iiif/presentation/v3/ark:/12148/bd6t51398331/manifest.json'
For more information check: https://developer.mozilla.org/en-US/docs/Web/HTTP/Status/403",2026-07-27T16:39:55.110424
petitmarocain,bd6t5139834d,,failed,0,0,,http_manifest,known,403,manifest,"Client error '403 ' for url 'https://openapiproext.bnf.fr/iiif/presentation/v3/ark:/12148/bd6t5139834d/manifest.json'
For more information check: https://developer.mozilla.org/en-US/docs/Web/HTTP/Status/403",2026-07-27T16:39:56.309893
petitmarocain,bd6t5139835s,,failed,0,0,,http_manifest,known,403,manifest,"Client error '403 ' for url 'https://openapiproext.bnf.fr/iiif/presentation/v3/ark:/12148/bd6t5139835s/manifest.json'
For more information check: https://developer.mozilla.org/en-US/docs/Web/HTTP/Status/403",2026-07-27T16:39:57.533104
petitmarocain,bd6t51398365,,failed,0,0,,http_manifest,known,403,manifest,"Client error '403 ' for url 'https://openapiproext.bnf.fr/iiif/presentation/v3/ark:/12148/bd6t51398365/manifest.json'
For more information check: https://developer.mozilla.org/en-US/docs/Web/HTTP/Status/403",2026-07-27T16:39:58.723166
petitmarocain,bd6t5139837j,,failed,0,0,,http_manifest,known,403,manifest,"Client error '403 ' for url 'https://openapiproext.bnf.fr/iiif/presentation/v3/ark:/12148/bd6t5139837j/manifest.json'
For more information check: https://developer.mozilla.org/en-US/docs/Web/HTTP/Status/403",2026-07-27T16:39:59.917499
petitmarocain,bd6t5139838x,,failed,0,0,,http_manifest,known,403,manifest,"Client error '403 ' for url 'https://openapiproext.bnf.fr/iiif/presentation/v3/ark:/12148/bd6t5139838x/manifest.json'
For more information check: https://developer.mozilla.org/en-US/docs/Web/HTTP/Status/403",2026-07-27T16:40:01.111834
petitmarocain,bd6t51398399,,failed,0,0,,http_manifest,known,403,manifest,"Client error '403 ' for url 'https://openapiproext.bnf.fr/iiif/presentation/v3/ark:/12148/bd6t51398399/manifest.json'
For more information check: https://developer.mozilla.org/en-US/docs/Web/HTTP/Status/403",2026-07-27T16:40:02.317337
petitmarocain,bd6t51398407,,failed,0,0,,http_manifest,known,403,manifest,"Client error '403 ' for url 'https://openapiproext.bnf.fr/iiif/presentation/v3/ark:/12148/bd6t51398407/manifest.json'
For more information check: https://developer.mozilla.org/en-US/docs/Web/HTTP/Status/403",2026-07-27T16:40:03.540688
petitmarocain,bd6t5139841m,,failed,0,0,,http_manifest,known,403,manifest,"Client error '403 ' for url 'https://openapiproext.bnf.fr/iiif/presentation/v3/ark:/12148/bd6t5139841m/manifest.json'
For more information check: https://developer.mozilla.org/en-US/docs/Web/HTTP/Status/403",2026-07-27T16:40:04.722856
petitmarocain,bd6t51398420,,failed,0,0,,http_manifest,known,403,manifest,"Client error '403 ' for url 'https://openapiproext.bnf.fr/iiif/presentation/v3/ark:/12148/bd6t51398420/manifest.json'
For more information check: https://developer.mozilla.org/en-US/docs/Web/HTTP/Status/403",2026-07-27T16:40:05.919420
petitmarocain,bd6t5139843c,,failed,0,0,,http_manifest,known,403,manifest,"Client error '403 ' for url 'https://openapiproext.bnf.fr/iiif/presentation/v3/ark:/12148/bd6t5139843c/manifest.json'
For more information check: https://developer.mozilla.org/en-US/docs/Web/HTTP/Status/403",2026-07-27T16:40:07.124971
petitmarocain,bd6t5139844r,,failed,0,0,,http_manifest,known,403,manifest,"Client error '403 ' for url 'https://openapiproext.bnf.fr/iiif/presentation/v3/ark:/12148/bd6t5139844r/manifest.json'
For more information check: https://developer.mozilla.org/en-US/docs/Web/HTTP/Status/403",2026-07-27T16:40:08.329068
petitmarocain,bd6t51398454,,failed,0,0,,http_manifest,known,403,manifest,"Client error '403 ' for url 'https://openapiproext.bnf.fr/iiif/presentation/v3/ark:/12148/bd6t51398454/manifest.json'
For more information check: https://developer.mozilla.org/en-US/docs/Web/HTTP/Status/403",2026-07-27T16:40:09.529310
petitmarocain,bd6t5139846h,,failed,0,0,,http_manifest,known,403,manifest,"Client error '403 ' for url 'https://openapiproext.bnf.fr/iiif/presentation/v3/ark:/12148/bd6t5139846h/manifest.json'
For more information check: https://developer.mozilla.org/en-US/docs/Web/HTTP/Status/403",2026-07-27T16:40:10.726902
petitmarocain,bd6t5139847w,,failed,0,0,,http_manifest,known,403,manifest,"Client error '403 ' for url 'https://openapiproext.bnf.fr/iiif/presentation/v3/ark:/12148/bd6t5139847w/manifest.json'
For more information check: https://developer.mozilla.org/en-US/docs/Web/HTTP/Status/403",2026-07-27T16:40:11.940567
petitmarocain,bd6t51398488,,failed,0,0,,http_manifest,known,403,manifest,"Client error '403 ' for url 'https://openapiproext.bnf.fr/iiif/presentation/v3/ark:/12148/bd6t51398488/manifest.json'
For more information check: https://developer.mozilla.org/en-US/docs/Web/HTTP/Status/403",2026-07-27T16:40:13.140247
petitmarocain,bd6t5139849n,,failed,0,0,,http_manifest,known,403,manifest,"Client error '403 ' for url 'https://openapiproext.bnf.fr/iiif/presentation/v3/ark:/12148/bd6t5139849n/manifest.json'
For more information check: https://developer.mozilla.org/en-US/docs/Web/HTTP/Status/403",2026-07-27T16:40:14.337281
petitmarocain,bd6t5139850k,,failed,0,0,,http_manifest,known,403,manifest,"Client error '403 ' for url 'https://openapiproext.bnf.fr/iiif/presentation/v3/ark:/12148/bd6t5139850k/manifest.json'
For more information check: https://developer.mozilla.org/en-US/docs/Web/HTTP/Status/403",2026-07-27T16:40:15.556672
petitmarocain,bd6t5139851z,,failed,0,0,,http_manifest,known,403,manifest,"Client error '403 ' for url 'https://openapiproext.bnf.fr/iiif/presentation/v3/ark:/12148/bd6t5139851z/manifest.json'
For more information check: https://developer.mozilla.org/en-US/docs/Web/HTTP/Status/403",2026-07-27T16:40:16.741942
petitmarocain,bd6t5140272x,,failed,0,0,,http_manifest,known,403,manifest,"Client error '403 ' for url 'https://openapiproext.bnf.fr/iiif/presentation/v3/ark:/12148/bd6t5140272x/manifest.json'
For more information check: https://developer.mozilla.org/en-US/docs/Web/HTTP/Status/403",2026-07-27T16:40:17.940163
petitmarocain,bd6t51402739,,failed,0,0,,http_manifest,known,403,manifest,"Client error '403 ' for url 'https://openapiproext.bnf.fr/iiif/presentation/v3/ark:/12148/bd6t51402739/manifest.json'
For more information check: https://developer.mozilla.org/en-US/docs/Web/HTTP/Status/403",2026-07-27T16:40:19.142173
petitmarocain,bd6t5140274p,,failed,0,0,,http_manifest,known,403,manifest,"Client error '403 ' for url 'https://openapiproext.bnf.fr/iiif/presentation/v3/ark:/12148/bd6t5140274p/manifest.json'
For more information check: https://developer.mozilla.org/en-US/docs/Web/HTTP/Status/403",2026-07-27T16:40:20.342710
petitmarocain,bd6t51402752,,failed,0,0,,http_manifest,known,403,manifest,"Client error '403 ' for url 'https://openapiproext.bnf.fr/iiif/presentation/v3/ark:/12148/bd6t51402752/manifest.json'
For more information check: https://developer.mozilla.org/en-US/docs/Web/HTTP/Status/403",2026-07-27T16:40:21.549762
petitmarocain,bd6t5140276f,,failed,0,0,,http_manifest,known,403,manifest,"Client error '403 ' for url 'https://openapiproext.bnf.fr/iiif/presentation/v3/ark:/12148/bd6t5140276f/manifest.json'
For more information check: https://developer.mozilla.org/en-US/docs/Web/HTTP/Status/403",2026-07-27T16:40:22.743459
petitmarocain,bd6t5140277t,,failed,0,0,,http_manifest,known,403,manifest,"Client error '403 ' for url 'https://openapiproext.bnf.fr/iiif/presentation/v3/ark:/12148/bd6t5140277t/manifest.json'
For more information check: https://developer.mozilla.org/en-US/docs/Web/HTTP/Status/403",2026-07-27T16:40:23.948156
petitmarocain,bd6t51402786,,failed,0,0,,http_manifest,known,403,manifest,"Client error '403 ' for url 'https://openapiproext.bnf.fr/iiif/presentation/v3/ark:/12148/bd6t51402786/manifest.json'
For more information check: https://developer.mozilla.org/en-US/docs/Web/HTTP/Status/403",2026-07-27T16:40:25.146726
petitmarocain,bd6t5140279k,,failed,0,0,,http_manifest,known,403,manifest,"Client error '403 ' for url 'https://openapiproext.bnf.fr/iiif/presentation/v3/ark:/12148/bd6t5140279k/manifest.json'
For more information check: https://developer.mozilla.org/en-US/docs/Web/HTTP/Status/403",2026-07-27T16:40:26.349939
petitmarocain,bd6t5140280h,,failed,0,0,,http_manifest,known,403,manifest,"Client error '403 ' for url 'https://openapiproext.bnf.fr/iiif/presentation/v3/ark:/12148/bd6t5140280h/manifest.json'
For more information check: https://developer.mozilla.org/en-US/docs/Web/HTTP/Status/403",2026-07-27T16:40:27.579600
petitmarocain,bd6t5140281w,,failed,0,0,,http_manifest,known,403,manifest,"Client error '403 ' for url 'https://openapiproext.bnf.fr/iiif/presentation/v3/ark:/12148/bd6t5140281w/manifest.json'
For more information check: https://developer.mozilla.org/en-US/docs/Web/HTTP/Status/403",2026-07-27T16:40:28.755913
petitmarocain,bd6t51402828,,failed,0,0,,http_manifest,known,403,manifest,"Client error '403 ' for url 'https://openapiproext.bnf.fr/iiif/presentation/v3/ark:/12148/bd6t51402828/manifest.json'
For more information check: https://developer.mozilla.org/en-US/docs/Web/HTTP/Status/403",2026-07-27T16:40:30.228172
petitmarocain,bd6t5140283n,,failed,0,0,,http_manifest,known,403,manifest,"Client error '403 ' for url 'https://openapiproext.bnf.fr/iiif/presentation/v3/ark:/12148/bd6t5140283n/manifest.json'
For more information check: https://developer.mozilla.org/en-US/docs/Web/HTTP/Status/403",2026-07-27T16:40:31.156575
petitmarocain,bd6t51402841,,failed,0,0,,http_manifest,known,403,manifest,"Client error '403 ' for url 'https://openapiproext.bnf.fr/iiif/presentation/v3/ark:/12148/bd6t51402841/manifest.json'
For more information check: https://developer.mozilla.org/en-US/docs/Web/HTTP/Status/403",2026-07-27T16:40:32.466903
petitmarocain,bd6t5140285d,,failed,0,0,,http_manifest,known,403,manifest,"Client error '403 ' for url 'https://openapiproext.bnf.fr/iiif/presentation/v3/ark:/12148/bd6t5140285d/manifest.json'
For more information check: https://developer.mozilla.org/en-US/docs/Web/HTTP/Status/403",2026-07-27T16:40:33.767426
petitmarocain,bd6t5140286s,,failed,0,0,,http_manifest,known,403,manifest,"Client error '403 ' for url 'https://openapiproext.bnf.fr/iiif/presentation/v3/ark:/12148/bd6t5140286s/manifest.json'
For more information check: https://developer.mozilla.org/en-US/docs/Web/HTTP/Status/403",2026-07-27T16:40:34.763987
petitmarocain,bd6t51402875,,failed,0,0,,http_manifest,known,403,manifest,"Client error '403 ' for url 'https://openapiproext.bnf.fr/iiif/presentation/v3/ark:/12148/bd6t51402875/manifest.json'
For more information check: https://developer.mozilla.org/en-US/docs/Web/HTTP/Status/403",2026-07-27T16:40:36.043192
petitmarocain,bd6t5140288j,,failed,0,0,,http_manifest,known,403,manifest,"Client error '403 ' for url 'https://openapiproext.bnf.fr/iiif/presentation/v3/ark:/12148/bd6t5140288j/manifest.json'
For more information check: https://developer.mozilla.org/en-US/docs/Web/HTTP/Status/403",2026-07-27T16:40:37.229720
petitmarocain,bd6t5140289x,,failed,0,0,,http_manifest,known,403,manifest,"Client error '403 ' for url 'https://openapiproext.bnf.fr/iiif/presentation/v3/ark:/12148/bd6t5140289x/manifest.json'
For more information check: https://developer.mozilla.org/en-US/docs/Web/HTTP/Status/403",2026-07-27T16:40:38.599271
petitmarocain,bd6t5140290v,,failed,0,0,,http_manifest,known,403,manifest,"Client error '403 ' for url 'https://openapiproext.bnf.fr/iiif/presentation/v3/ark:/12148/bd6t5140290v/manifest.json'
For more information check: https://developer.mozilla.org/en-US/docs/Web/HTTP/Status/403",2026-07-27T16:40:39.744848
petitmarocain,bd6t51402917,,failed,0,0,,http_manifest,known,403,manifest,"Client error '403 ' for url 'https://openapiproext.bnf.fr/iiif/presentation/v3/ark:/12148/bd6t51402917/manifest.json'
For more information check: https://developer.mozilla.org/en-US/docs/Web/HTTP/Status/403",2026-07-27T16:40:40.869506
petitmarocain,bd6t5140292m,,failed,0,0,,http_manifest,known,403,manifest,"Client error '403 ' for url 'https://openapiproext.bnf.fr/iiif/presentation/v3/ark:/12148/bd6t5140292m/manifest.json'
For more information check: https://developer.mozilla.org/en-US/docs/Web/HTTP/Status/403",2026-07-27T16:40:41.978528
petitmarocain,bd6t51402930,,failed,0,0,,http_manifest,known,403,manifest,"Client error '403 ' for url 'https://openapiproext.bnf.fr/iiif/presentation/v3/ark:/12148/bd6t51402930/manifest.json'
For more information check: https://developer.mozilla.org/en-US/docs/Web/HTTP/Status/403",2026-07-27T16:40:43.177955
petitmarocain,bd6t5140294c,,failed,0,0,,http_manifest,known,403,manifest,"Client error '403 ' for url 'https://openapiproext.bnf.fr/iiif/presentation/v3/ark:/12148/bd6t5140294c/manifest.json'
For more information check: https://developer.mozilla.org/en-US/docs/Web/HTTP/Status/403",2026-07-27T16:40:44.372593
petitmarocain,bd6t5140295r,,failed,0,0,,http_manifest,known,403,manifest,"Client error '403 ' for url 'https://openapiproext.bnf.fr/iiif/presentation/v3/ark:/12148/bd6t5140295r/manifest.json'
For more information check: https://developer.mozilla.org/en-US/docs/Web/HTTP/Status/403",2026-07-27T16:40:45.611469
petitmarocain,bd6t51402964,,failed,0,0,,http_manifest,known,403,manifest,"Client error '403 ' for url 'https://openapiproext.bnf.fr/iiif/presentation/v3/ark:/12148/bd6t51402964/manifest.json'
For more information check: https://developer.mozilla.org/en-US/docs/Web/HTTP/Status/403",2026-07-27T16:40:46.777460
petitmarocain,bd6t5140297h,,failed,0,0,,http_manifest,known,403,manifest,"Client error '403 ' for url 'https://openapiproext.bnf.fr/iiif/presentation/v3/ark:/12148/bd6t5140297h/manifest.json'
For more information check: https://developer.mozilla.org/en-US/docs/Web/HTTP/Status/403",2026-07-27T16:40:48.096934
petitmarocain,bd6t5140298w,,failed,0,0,,http_manifest,known,403,manifest,"Client error '403 ' for url 'https://openapiproext.bnf.fr/iiif/presentation/v3/ark:/12148/bd6t5140298w/manifest.json'
For more information check: https://developer.mozilla.org/en-US/docs/Web/HTTP/Status/403",2026-07-27T16:40:49.273928
petitmarocain,bd6t51402998,,failed,0,0,,http_manifest,known,403,manifest,"Client error '403 ' for url 'https://openapiproext.bnf.fr/iiif/presentation/v3/ark:/12148/bd6t51402998/manifest.json'
For more information check: https://developer.mozilla.org/en-US/docs/Web/HTTP/Status/403",2026-07-27T16:40:50.379767
petitmarocain,bd6t51403002,,failed,0,0,,http_manifest,known,403,manifest,"Client error '403 ' for url 'https://openapiproext.bnf.fr/iiif/presentation/v3/ark:/12148/bd6t51403002/manifest.json'
For more information check: https://developer.mozilla.org/en-US/docs/Web/HTTP/Status/403",2026-07-27T16:40:51.584452
petitmarocain,bd6t5140301f,,failed,0,0,,http_manifest,known,403,manifest,"Client error '403 ' for url 'https://openapiproext.bnf.fr/iiif/presentation/v3/ark:/12148/bd6t5140301f/manifest.json'
For more information check: https://developer.mozilla.org/en-US/docs/Web/HTTP/Status/403",2026-07-27T16:40:52.786467
petitmarocain,bd6t5140302t,,failed,0,0,,http_manifest,known,403,manifest,"Client error '403 ' for url 'https://openapiproext.bnf.fr/iiif/presentation/v3/ark:/12148/bd6t5140302t/manifest.json'
For more information check: https://developer.mozilla.org/en-US/docs/Web/HTTP/Status/403",2026-07-27T16:40:53.993756
petitmarocain,bd6t51403036,,failed,0,0,,http_manifest,known,403,manifest,"Client error '403 ' for url 'https://openapiproext.bnf.fr/iiif/presentation/v3/ark:/12148/bd6t51403036/manifest.json'
For more information check: https://developer.mozilla.org/en-US/docs/Web/HTTP/Status/403",2026-07-27T16:40:55.184579
petitmarocain,bd6t5140304k,,failed,0,0,,http_manifest,known,403,manifest,"Client error '403 ' for url 'https://openapiproext.bnf.fr/iiif/presentation/v3/ark:/12148/bd6t5140304k/manifest.json'
For more information check: https://developer.mozilla.org/en-US/docs/Web/HTTP/Status/403",2026-07-27T16:40:56.388804
petitmarocain,bd6t5140305z,,failed,0,0,,http_manifest,known,403,manifest,"Client error '403 ' for url 'https://openapiproext.bnf.fr/iiif/presentation/v3/ark:/12148/bd6t5140305z/manifest.json'
For more information check: https://developer.mozilla.org/en-US/docs/Web/HTTP/Status/403",2026-07-27T16:40:57.613751
petitmarocain,bd6t5140306b,,failed,0,0,,http_manifest,known,403,manifest,"Client error '403 ' for url 'https://openapiproext.bnf.fr/iiif/presentation/v3/ark:/12148/bd6t5140306b/manifest.json'
For more information check: https://developer.mozilla.org/en-US/docs/Web/HTTP/Status/403",2026-07-27T16:40:58.790818
petitmarocain,bd6t5140307q,,failed,0,0,,http_manifest,known,403,manifest,"Client error '403 ' for url 'https://openapiproext.bnf.fr/iiif/presentation/v3/ark:/12148/bd6t5140307q/manifest.json'
For more information check: https://developer.mozilla.org/en-US/docs/Web/HTTP/Status/403",2026-07-27T16:40:59.989568
petitmarocain,bd6t51403083,,failed,0,0,,http_manifest,known,403,manifest,"Client error '403 ' for url 'https://openapiproext.bnf.fr/iiif/presentation/v3/ark:/12148/bd6t51403083/manifest.json'
For more information check: https://developer.mozilla.org/en-US/docs/Web/HTTP/Status/403",2026-07-27T16:41:01.199543
petitmarocain,bd6t5140309g,,failed,0,0,,http_manifest,known,403,manifest,"Client error '403 ' for url 'https://openapiproext.bnf.fr/iiif/presentation/v3/ark:/12148/bd6t5140309g/manifest.json'
For more information check: https://developer.mozilla.org/en-US/docs/Web/HTTP/Status/403",2026-07-27T16:41:02.402180
petitmarocain,bd6t5140310d,,failed,0,0,,http_manifest,known,403,manifest,"Client error '403 ' for url 'https://openapiproext.bnf.fr/iiif/presentation/v3/ark:/12148/bd6t5140310d/manifest.json'
For more information check: https://developer.mozilla.org/en-US/docs/Web/HTTP/Status/403",2026-07-27T16:41:03.646877
petitmarocain,bd6t5140311s,,failed,0,0,,http_manifest,known,403,manifest,"Client error '403 ' for url 'https://openapiproext.bnf.fr/iiif/presentation/v3/ark:/12148/bd6t5140311s/manifest.json'
For more information check: https://developer.mozilla.org/en-US/docs/Web/HTTP/Status/403",2026-07-27T16:41:04.804619
petitmarocain,bd6t51403125,,failed,0,0,,http_manifest,known,403,manifest,"Client error '403 ' for url 'https://openapiproext.bnf.fr/iiif/presentation/v3/ark:/12148/bd6t51403125/manifest.json'
For more information check: https://developer.mozilla.org/en-US/docs/Web/HTTP/Status/403",2026-07-27T16:41:06.000464
petitmarocain,bd6t5140313j,,failed,0,0,,http_manifest,known,403,manifest,"Client error '403 ' for url 'https://openapiproext.bnf.fr/iiif/presentation/v3/ark:/12148/bd6t5140313j/manifest.json'
For more information check: https://developer.mozilla.org/en-US/docs/Web/HTTP/Status/403",2026-07-27T16:41:07.200745
petitmarocain,bd6t5140314x,,failed,0,0,,http_manifest,known,403,manifest,"Client error '403 ' for url 'https://openapiproext.bnf.fr/iiif/presentation/v3/ark:/12148/bd6t5140314x/manifest.json'
For more information check: https://developer.mozilla.org/en-US/docs/Web/HTTP/Status/403",2026-07-27T16:41:08.412871
petitmarocain,bd6t51403159,,failed,0,0,,http_manifest,known,403,manifest,"Client error '403 ' for url 'https://openapiproext.bnf.fr/iiif/presentation/v3/ark:/12148/bd6t51403159/manifest.json'
For more information check: https://developer.mozilla.org/en-US/docs/Web/HTTP/Status/403",2026-07-27T16:41:09.610731
petitmarocain,bd6t5140316p,,failed,0,0,,http_manifest,known,403,manifest,"Client error '403 ' for url 'https://openapiproext.bnf.fr/iiif/presentation/v3/ark:/12148/bd6t5140316p/manifest.json'
For more information check: https://developer.mozilla.org/en-US/docs/Web/HTTP/Status/403",2026-07-27T16:41:10.802810
petitmarocain,bd6t51403172,,failed,0,0,,http_manifest,known,403,manifest,"Client error '403 ' for url 'https://openapiproext.bnf.fr/iiif/presentation/v3/ark:/12148/bd6t51403172/manifest.json'
For more information check: https://developer.mozilla.org/en-US/docs/Web/HTTP/Status/403",2026-07-27T16:41:12.020838
petitmarocain,bd6t5140318f,,failed,0,0,,http_manifest,known,403,manifest,"Client error '403 ' for url 'https://openapiproext.bnf.fr/iiif/presentation/v3/ark:/12148/bd6t5140318f/manifest.json'
For more information check: https://developer.mozilla.org/en-US/docs/Web/HTTP/Status/403",2026-07-27T16:41:13.209734
petitmarocain,bd6t5140319t,,failed,0,0,,http_manifest,known,403,manifest,"Client error '403 ' for url 'https://openapiproext.bnf.fr/iiif/presentation/v3/ark:/12148/bd6t5140319t/manifest.json'
For more information check: https://developer.mozilla.org/en-US/docs/Web/HTTP/Status/403",2026-07-27T16:41:14.424140
petitmarocain,bd6t5140320r,,failed,0,0,,http_manifest,known,403,manifest,"Client error '403 ' for url 'https://openapiproext.bnf.fr/iiif/presentation/v3/ark:/12148/bd6t5140320r/manifest.json'
For more information check: https://developer.mozilla.org/en-US/docs/Web/HTTP/Status/403",2026-07-27T16:41:15.631843
petitmarocain,bd6t51403214,,failed,0,0,,http_manifest,known,403,manifest,"Client error '403 ' for url 'https://openapiproext.bnf.fr/iiif/presentation/v3/ark:/12148/bd6t51403214/manifest.json'
For more information check: https://developer.mozilla.org/en-US/docs/Web/HTTP/Status/403",2026-07-27T16:41:16.825736
petitmarocain,bd6t5140322h,,failed,0,0,,http_manifest,known,403,manifest,"Client error '403 ' for url 'https://openapiproext.bnf.fr/iiif/presentation/v3/ark:/12148/bd6t5140322h/manifest.json'
For more information check: https://developer.mozilla.org/en-US/docs/Web/HTTP/Status/403",2026-07-27T16:41:18.018737
petitmarocain,bd6t5140323w,,failed,0,0,,http_manifest,known,403,manifest,"Client error '403 ' for url 'https://openapiproext.bnf.fr/iiif/presentation/v3/ark:/12148/bd6t5140323w/manifest.json'
For more information check: https://developer.mozilla.org/en-US/docs/Web/HTTP/Status/403",2026-07-27T16:41:19.223438
petitmarocain,bd6t51403248,,failed,0,0,,http_manifest,known,403,manifest,"Client error '403 ' for url 'https://openapiproext.bnf.fr/iiif/presentation/v3/ark:/12148/bd6t51403248/manifest.json'
For more information check: https://developer.mozilla.org/en-US/docs/Web/HTTP/Status/403",2026-07-27T16:41:20.424774
petitmarocain,bd6t5140325n,,failed,0,0,,http_manifest,known,403,manifest,"Client error '403 ' for url 'https://openapiproext.bnf.fr/iiif/presentation/v3/ark:/12148/bd6t5140325n/manifest.json'
For more information check: https://developer.mozilla.org/en-US/docs/Web/HTTP/Status/403",2026-07-27T16:41:21.638351
petitmarocain,bd6t51403261,,failed,0,0,,http_manifest,known,403,manifest,"Client error '403 ' for url 'https://openapiproext.bnf.fr/iiif/presentation/v3/ark:/12148/bd6t51403261/manifest.json'
For more information check: https://developer.mozilla.org/en-US/docs/Web/HTTP/Status/403",2026-07-27T16:41:22.828676
petitmarocain,bd6t5140327d,,failed,0,0,,http_manifest,known,403,manifest,"Client error '403 ' for url 'https://openapiproext.bnf.fr/iiif/presentation/v3/ark:/12148/bd6t5140327d/manifest.json'
For more information check: https://developer.mozilla.org/en-US/docs/Web/HTTP/Status/403",2026-07-27T16:41:24.029960
petitmarocain,bd6t5140328s,,failed,0,0,,http_manifest,known,403,manifest,"Client error '403 ' for url 'https://openapiproext.bnf.fr/iiif/presentation/v3/ark:/12148/bd6t5140328s/manifest.json'
For more information check: https://developer.mozilla.org/en-US/docs/Web/HTTP/Status/403",2026-07-27T16:41:25.240759
petitmarocain,bd6t51403295,,failed,0,0,,http_manifest,known,403,manifest,"Client error '403 ' for url 'https://openapiproext.bnf.fr/iiif/presentation/v3/ark:/12148/bd6t51403295/manifest.json'
For more information check: https://developer.mozilla.org/en-US/docs/Web/HTTP/Status/403",2026-07-27T16:41:26.433661
petitmarocain,bd6t51403303,,failed,0,0,,http_manifest,known,403,manifest,"Client error '403 ' for url 'https://openapiproext.bnf.fr/iiif/presentation/v3/ark:/12148/bd6t51403303/manifest.json'
For more information check: https://developer.mozilla.org/en-US/docs/Web/HTTP/Status/403",2026-07-27T16:41:27.658262
petitmarocain,bd6t5140331g,,failed,0,0,,http_manifest,known,403,manifest,"Client error '403 ' for url 'https://openapiproext.bnf.fr/iiif/presentation/v3/ark:/12148/bd6t5140331g/manifest.json'
For more information check: https://developer.mozilla.org/en-US/docs/Web/HTTP/Status/403",2026-07-27T16:41:28.843311
petitmarocain,bd6t5140332v,,failed,0,0,,http_manifest,known,403,manifest,"Client error '403 ' for url 'https://openapiproext.bnf.fr/iiif/presentation/v3/ark:/12148/bd6t5140332v/manifest.json'
For more information check: https://developer.mozilla.org/en-US/docs/Web/HTTP/Status/403",2026-07-27T16:41:30.161797
petitmarocain,bd6t51403337,,failed,0,0,,http_manifest,known,403,manifest,"Client error '403 ' for url 'https://openapiproext.bnf.fr/iiif/presentation/v3/ark:/12148/bd6t51403337/manifest.json'
For more information check: https://developer.mozilla.org/en-US/docs/Web/HTTP/Status/403",2026-07-27T16:41:31.390270
petitmarocain,bd6t5140334m,,failed,0,0,,http_manifest,known,403,manifest,"Client error '403 ' for url 'https://openapiproext.bnf.fr/iiif/presentation/v3/ark:/12148/bd6t5140334m/manifest.json'
For more information check: https://developer.mozilla.org/en-US/docs/Web/HTTP/Status/403",2026-07-27T16:41:32.675554
petitmarocain,bd6t51403350,,failed,0,0,,http_manifest,known,403,manifest,"Client error '403 ' for url 'https://openapiproext.bnf.fr/iiif/presentation/v3/ark:/12148/bd6t51403350/manifest.json'
For more information check: https://developer.mozilla.org/en-US/docs/Web/HTTP/Status/403",2026-07-27T16:41:33.652090
petitmarocain,bd6t5140336c,,failed,0,0,,http_manifest,known,403,manifest,"Client error '403 ' for url 'https://openapiproext.bnf.fr/iiif/presentation/v3/ark:/12148/bd6t5140336c/manifest.json'
For more information check: https://developer.mozilla.org/en-US/docs/Web/HTTP/Status/403",2026-07-27T16:41:34.853178
petitmarocain,bd6t5140337r,,failed,0,0,,http_manifest,known,403,manifest,"Client error '403 ' for url 'https://openapiproext.bnf.fr/iiif/presentation/v3/ark:/12148/bd6t5140337r/manifest.json'
For more information check: https://developer.mozilla.org/en-US/docs/Web/HTTP/Status/403",2026-07-27T16:41:36.151090
petitmarocain,bd6t51403384,,failed,0,0,,http_manifest,known,403,manifest,"Client error '403 ' for url 'https://openapiproext.bnf.fr/iiif/presentation/v3/ark:/12148/bd6t51403384/manifest.json'
For more information check: https://developer.mozilla.org/en-US/docs/Web/HTTP/Status/403",2026-07-27T16:41:37.416756
petitmarocain,bd6t5140339h,,failed,0,0,,http_manifest,known,403,manifest,"Client error '403 ' for url 'https://openapiproext.bnf.fr/iiif/presentation/v3/ark:/12148/bd6t5140339h/manifest.json'
For more information check: https://developer.mozilla.org/en-US/docs/Web/HTTP/Status/403",2026-07-27T16:41:38.489455
petitmarocain,bd6t5140340f,,failed,0,0,,http_manifest,known,403,manifest,"Client error '403 ' for url 'https://openapiproext.bnf.fr/iiif/presentation/v3/ark:/12148/bd6t5140340f/manifest.json'
For more information check: https://developer.mozilla.org/en-US/docs/Web/HTTP/Status/403",2026-07-27T16:41:39.735335
petitmarocain,bd6t5140341t,,failed,0,0,,http_manifest,known,403,manifest,"Client error '403 ' for url 'https://openapiproext.bnf.fr/iiif/presentation/v3/ark:/12148/bd6t5140341t/manifest.json'
For more information check: https://developer.mozilla.org/en-US/docs/Web/HTTP/Status/403",2026-07-27T16:41:40.857936
petitmarocain,bd6t51403426,,failed,0,0,,http_manifest,known,403,manifest,"Client error '403 ' for url 'https://openapiproext.bnf.fr/iiif/presentation/v3/ark:/12148/bd6t51403426/manifest.json'
For more information check: https://developer.mozilla.org/en-US/docs/Web/HTTP/Status/403",2026-07-27T16:41:42.054427
petitmarocain,bd6t5140343k,,failed,0,0,,http_manifest,known,403,manifest,"Client error '403 ' for url 'https://openapiproext.bnf.fr/iiif/presentation/v3/ark:/12148/bd6t5140343k/manifest.json'
For more information check: https://developer.mozilla.org/en-US/docs/Web/HTTP/Status/403",2026-07-27T16:41:43.277387
petitmarocain,bd6t5140344z,,failed,0,0,,http_manifest,known,403,manifest,"Client error '403 ' for url 'https://openapiproext.bnf.fr/iiif/presentation/v3/ark:/12148/bd6t5140344z/manifest.json'
For more information check: https://developer.mozilla.org/en-US/docs/Web/HTTP/Status/403",2026-07-27T16:41:44.481403
petitmarocain,bd6t5140345b,,failed,0,0,,http_manifest,known,403,manifest,"Client error '403 ' for url 'https://openapiproext.bnf.fr/iiif/presentation/v3/ark:/12148/bd6t5140345b/manifest.json'
For more information check: https://developer.mozilla.org/en-US/docs/Web/HTTP/Status/403",2026-07-27T16:41:45.904995
petitmarocain,bd6t5140346q,,failed,0,0,,http_manifest,known,403,manifest,"Client error '403 ' for url 'https://openapiproext.bnf.fr/iiif/presentation/v3/ark:/12148/bd6t5140346q/manifest.json'
For more information check: https://developer.mozilla.org/en-US/docs/Web/HTTP/Status/403",2026-07-27T16:41:46.866948
petitmarocain,bd6t51403473,,failed,0,0,,http_manifest,known,403,manifest,"Client error '403 ' for url 'https://openapiproext.bnf.fr/iiif/presentation/v3/ark:/12148/bd6t51403473/manifest.json'
For more information check: https://developer.mozilla.org/en-US/docs/Web/HTTP/Status/403",2026-07-27T16:41:48.178043
petitmarocain,bd6t5140348g,,failed,0,0,,http_manifest,known,403,manifest,"Client error '403 ' for url 'https://openapiproext.bnf.fr/iiif/presentation/v3/ark:/12148/bd6t5140348g/manifest.json'
For more information check: https://developer.mozilla.org/en-US/docs/Web/HTTP/Status/403",2026-07-27T16:41:49.273176
petitmarocain,bd6t5140349v,,failed,0,0,,http_manifest,known,403,manifest,"Client error '403 ' for url 'https://openapiproext.bnf.fr/iiif/presentation/v3/ark:/12148/bd6t5140349v/manifest.json'
For more information check: https://developer.mozilla.org/en-US/docs/Web/HTTP/Status/403",2026-07-27T16:41:50.469171
petitmarocain,bd6t5140350s,,failed,0,0,,http_manifest,known,403,manifest,"Client error '403 ' for url 'https://openapiproext.bnf.fr/iiif/presentation/v3/ark:/12148/bd6t5140350s/manifest.json'
For more information check: https://developer.mozilla.org/en-US/docs/Web/HTTP/Status/403",2026-07-27T16:41:51.844690
petitmarocain,bd6t51403515,,failed,0,0,,http_manifest,known,403,manifest,"Client error '403 ' for url 'https://openapiproext.bnf.fr/iiif/presentation/v3/ark:/12148/bd6t51403515/manifest.json'
For more information check: https://developer.mozilla.org/en-US/docs/Web/HTTP/Status/403",2026-07-27T16:41:52.878683
petitmarocain,bd6t5140352j,,failed,0,0,,http_manifest,known,403,manifest,"Client error '403 ' for url 'https://openapiproext.bnf.fr/iiif/presentation/v3/ark:/12148/bd6t5140352j/manifest.json'
For more information check: https://developer.mozilla.org/en-US/docs/Web/HTTP/Status/403",2026-07-27T16:41:54.194957
petitmarocain,bd6t5140353x,,failed,0,0,,http_manifest,known,403,manifest,"Client error '403 ' for url 'https://openapiproext.bnf.fr/iiif/presentation/v3/ark:/12148/bd6t5140353x/manifest.json'
For more information check: https://developer.mozilla.org/en-US/docs/Web/HTTP/Status/403",2026-07-27T16:41:55.273568
petitmarocain,bd6t51403549,,failed,0,0,,http_manifest,known,403,manifest,"Client error '403 ' for url 'https://openapiproext.bnf.fr/iiif/presentation/v3/ark:/12148/bd6t51403549/manifest.json'
For more information check: https://developer.mozilla.org/en-US/docs/Web/HTTP/Status/403",2026-07-27T16:41:56.513629
petitmarocain,bd6t5140355p,,failed,0,0,,http_manifest,known,403,manifest,"Client error '403 ' for url 'https://openapiproext.bnf.fr/iiif/presentation/v3/ark:/12148/bd6t5140355p/manifest.json'
For more information check: https://developer.mozilla.org/en-US/docs/Web/HTTP/Status/403",2026-07-27T16:41:57.678521
petitmarocain,bd6t51403562,,failed,0,0,,http_manifest,known,403,manifest,"Client error '403 ' for url 'https://openapiproext.bnf.fr/iiif/presentation/v3/ark:/12148/bd6t51403562/manifest.json'
For more information check: https://developer.mozilla.org/en-US/docs/Web/HTTP/Status/403",2026-07-27T16:41:58.878358
petitmarocain,bd6t5140357f,,failed,0,0,,http_manifest,known,403,manifest,"Client error '403 ' for url 'https://openapiproext.bnf.fr/iiif/presentation/v3/ark:/12148/bd6t5140357f/manifest.json'
For more information check: https://developer.mozilla.org/en-US/docs/Web/HTTP/Status/403",2026-07-27T16:42:00.082563
petitmarocain,bd6t5140358t,,failed,0,0,,http_manifest,known,403,manifest,"Client error '403 ' for url 'https://openapiproext.bnf.fr/iiif/presentation/v3/ark:/12148/bd6t5140358t/manifest.json'
For more information check: https://developer.mozilla.org/en-US/docs/Web/HTTP/Status/403",2026-07-27T16:42:01.280068
petitmarocain,bd6t51403596,,failed,0,0,,http_manifest,known,403,manifest,"Client error '403 ' for url 'https://openapiproext.bnf.fr/iiif/presentation/v3/ark:/12148/bd6t51403596/manifest.json'
For more information check: https://developer.mozilla.org/en-US/docs/Web/HTTP/Status/403",2026-07-27T16:42:02.502014
petitmarocain,bd6t51403604,,failed,0,0,,http_manifest,known,403,manifest,"Client error '403 ' for url 'https://openapiproext.bnf.fr/iiif/presentation/v3/ark:/12148/bd6t51403604/manifest.json'
For more information check: https://developer.mozilla.org/en-US/docs/Web/HTTP/Status/403",2026-07-27T16:42:03.681461
petitmarocain,bd6t5140361h,,failed,0,0,,http_manifest,known,403,manifest,"Client error '403 ' for url 'https://openapiproext.bnf.fr/iiif/presentation/v3/ark:/12148/bd6t5140361h/manifest.json'
For more information check: https://developer.mozilla.org/en-US/docs/Web/HTTP/Status/403",2026-07-27T16:42:04.887458
petitmarocain,bd6t5140362w,,failed,0,0,,http_manifest,known,403,manifest,"Client error '403 ' for url 'https://openapiproext.bnf.fr/iiif/presentation/v3/ark:/12148/bd6t5140362w/manifest.json'
For more information check: https://developer.mozilla.org/en-US/docs/Web/HTTP/Status/403",2026-07-27T16:42:06.091545
petitmarocain,bd6t51403638,,failed,0,0,,http_manifest,known,403,manifest,"Client error '403 ' for url 'https://openapiproext.bnf.fr/iiif/presentation/v3/ark:/12148/bd6t51403638/manifest.json'
For more information check: https://developer.mozilla.org/en-US/docs/Web/HTTP/Status/403",2026-07-27T16:42:07.289937
petitmarocain,bd6t5140182z,,failed,0,0,,http_manifest,known,403,manifest,"Client error '403 ' for url 'https://openapiproext.bnf.fr/iiif/presentation/v3/ark:/12148/bd6t5140182z/manifest.json'
For more information check: https://developer.mozilla.org/en-US/docs/Web/HTTP/Status/403",2026-07-27T16:42:08.494102
petitmarocain,bd6t5140183b,,failed,0,0,,http_manifest,known,403,manifest,"Client error '403 ' for url 'https://openapiproext.bnf.fr/iiif/presentation/v3/ark:/12148/bd6t5140183b/manifest.json'
For more information check: https://developer.mozilla.org/en-US/docs/Web/HTTP/Status/403",2026-07-27T16:42:09.696985
petitmarocain,bd6t5140184q,,failed,0,0,,http_manifest,known,403,manifest,"Client error '403 ' for url 'https://openapiproext.bnf.fr/iiif/presentation/v3/ark:/12148/bd6t5140184q/manifest.json'
For more information check: https://developer.mozilla.org/en-US/docs/Web/HTTP/Status/403",2026-07-27T16:42:10.897211
petitmarocain,bd6t51401853,,failed,0,0,,http_manifest,known,403,manifest,"Client error '403 ' for url 'https://openapiproext.bnf.fr/iiif/presentation/v3/ark:/12148/bd6t51401853/manifest.json'
For more information check: https://developer.mozilla.org/en-US/docs/Web/HTTP/Status/403",2026-07-27T16:42:12.093103
petitmarocain,bd6t5140186g,,failed,0,0,,http_manifest,known,403,manifest,"Client error '403 ' for url 'https://openapiproext.bnf.fr/iiif/presentation/v3/ark:/12148/bd6t5140186g/manifest.json'
For more information check: https://developer.mozilla.org/en-US/docs/Web/HTTP/Status/403",2026-07-27T16:42:13.305542
petitmarocain,bd6t5140187v,,failed,0,0,,http_manifest,known,403,manifest,"Client error '403 ' for url 'https://openapiproext.bnf.fr/iiif/presentation/v3/ark:/12148/bd6t5140187v/manifest.json'
For more information check: https://developer.mozilla.org/en-US/docs/Web/HTTP/Status/403",2026-07-27T16:42:14.522880
petitmarocain,bd6t51401887,,failed,0,0,,http_manifest,known,403,manifest,"Client error '403 ' for url 'https://openapiproext.bnf.fr/iiif/presentation/v3/ark:/12148/bd6t51401887/manifest.json'
For more information check: https://developer.mozilla.org/en-US/docs/Web/HTTP/Status/403",2026-07-27T16:42:15.706606
petitmarocain,bd6t5140189m,,failed,0,0,,http_manifest,known,403,manifest,"Client error '403 ' for url 'https://openapiproext.bnf.fr/iiif/presentation/v3/ark:/12148/bd6t5140189m/manifest.json'
For more information check: https://developer.mozilla.org/en-US/docs/Web/HTTP/Status/403",2026-07-27T16:42:16.907654
petitmarocain,bd6t5140190j,,failed,0,0,,http_manifest,known,403,manifest,"Client error '403 ' for url 'https://openapiproext.bnf.fr/iiif/presentation/v3/ark:/12148/bd6t5140190j/manifest.json'
For more information check: https://developer.mozilla.org/en-US/docs/Web/HTTP/Status/403",2026-07-27T16:42:18.109171
petitmarocain,bd6t5140191x,,failed,0,0,,http_manifest,known,403,manifest,"Client error '403 ' for url 'https://openapiproext.bnf.fr/iiif/presentation/v3/ark:/12148/bd6t5140191x/manifest.json'
For more information check: https://developer.mozilla.org/en-US/docs/Web/HTTP/Status/403",2026-07-27T16:42:19.310328
petitmarocain,bd6t51401929,,failed,0,0,,http_manifest,known,403,manifest,"Client error '403 ' for url 'https://openapiproext.bnf.fr/iiif/presentation/v3/ark:/12148/bd6t51401929/manifest.json'
For more information check: https://developer.mozilla.org/en-US/docs/Web/HTTP/Status/403",2026-07-27T16:42:20.508405
petitmarocain,bd6t5140193p,,failed,0,0,,http_manifest,known,403,manifest,"Client error '403 ' for url 'https://openapiproext.bnf.fr/iiif/presentation/v3/ark:/12148/bd6t5140193p/manifest.json'
For more information check: https://developer.mozilla.org/en-US/docs/Web/HTTP/Status/403",2026-07-27T16:42:21.712698
petitmarocain,bd6t51401942,,failed,0,0,,http_manifest,known,403,manifest,"Client error '403 ' for url 'https://openapiproext.bnf.fr/iiif/presentation/v3/ark:/12148/bd6t51401942/manifest.json'
For more information check: https://developer.mozilla.org/en-US/docs/Web/HTTP/Status/403",2026-07-27T16:42:22.916851
petitmarocain,bd6t5140195f,,failed,0,0,,http_manifest,known,403,manifest,"Client error '403 ' for url 'https://openapiproext.bnf.fr/iiif/presentation/v3/ark:/12148/bd6t5140195f/manifest.json'
For more information check: https://developer.mozilla.org/en-US/docs/Web/HTTP/Status/403",2026-07-27T16:42:24.117014
petitmarocain,bd6t5140196t,,failed,0,0,,http_manifest,known,403,manifest,"Client error '403 ' for url 'https://openapiproext.bnf.fr/iiif/presentation/v3/ark:/12148/bd6t5140196t/manifest.json'
For more information check: https://developer.mozilla.org/en-US/docs/Web/HTTP/Status/403",2026-07-27T16:42:25.317057
petitmarocain,bd6t51401976,,failed,0,0,,http_manifest,known,403,manifest,"Client error '403 ' for url 'https://openapiproext.bnf.fr/iiif/presentation/v3/ark:/12148/bd6t51401976/manifest.json'
For more information check: https://developer.mozilla.org/en-US/docs/Web/HTTP/Status/403",2026-07-27T16:42:26.519126
petitmarocain,bd6t5140198k,,failed,0,0,,http_manifest,known,403,manifest,"Client error '403 ' for url 'https://openapiproext.bnf.fr/iiif/presentation/v3/ark:/12148/bd6t5140198k/manifest.json'
For more information check: https://developer.mozilla.org/en-US/docs/Web/HTTP/Status/403",2026-07-27T16:42:27.721315
petitmarocain,bd6t5140199z,,failed,0,0,,http_manifest,known,403,manifest,"Client error '403 ' for url 'https://openapiproext.bnf.fr/iiif/presentation/v3/ark:/12148/bd6t5140199z/manifest.json'
For more information check: https://developer.mozilla.org/en-US/docs/Web/HTTP/Status/403",2026-07-27T16:42:28.921664
petitmarocain,bd6t5140200r,,failed,0,0,,http_manifest,known,403,manifest,"Client error '403 ' for url 'https://openapiproext.bnf.fr/iiif/presentation/v3/ark:/12148/bd6t5140200r/manifest.json'
For more information check: https://developer.mozilla.org/en-US/docs/Web/HTTP/Status/403",2026-07-27T16:42:30.231076
petitmarocain,bd6t51402014,,failed,0,0,,http_manifest,known,403,manifest,"Client error '403 ' for url 'https://openapiproext.bnf.fr/iiif/presentation/v3/ark:/12148/bd6t51402014/manifest.json'
For more information check: https://developer.mozilla.org/en-US/docs/Web/HTTP/Status/403",2026-07-27T16:42:31.490881
petitmarocain,bd6t5140202h,,failed,0,0,,http_manifest,known,403,manifest,"Client error '403 ' for url 'https://openapiproext.bnf.fr/iiif/presentation/v3/ark:/12148/bd6t5140202h/manifest.json'
For more information check: https://developer.mozilla.org/en-US/docs/Web/HTTP/Status/403",2026-07-27T16:42:32.789982
petitmarocain,bd6t5140203w,,failed,0,0,,http_manifest,known,403,manifest,"Client error '403 ' for url 'https://openapiproext.bnf.fr/iiif/presentation/v3/ark:/12148/bd6t5140203w/manifest.json'
For more information check: https://developer.mozilla.org/en-US/docs/Web/HTTP/Status/403",2026-07-27T16:42:33.789914
petitmarocain,bd6t51402048,,failed,0,0,,http_manifest,known,403,manifest,"Client error '403 ' for url 'https://openapiproext.bnf.fr/iiif/presentation/v3/ark:/12148/bd6t51402048/manifest.json'
For more information check: https://developer.mozilla.org/en-US/docs/Web/HTTP/Status/403",2026-07-27T16:42:34.930414
petitmarocain,bd6t5140205n,,failed,0,0,,http_manifest,known,403,manifest,"Client error '403 ' for url 'https://openapiproext.bnf.fr/iiif/presentation/v3/ark:/12148/bd6t5140205n/manifest.json'
For more information check: https://developer.mozilla.org/en-US/docs/Web/HTTP/Status/403",2026-07-27T16:42:36.302299
petitmarocain,bd6t51402061,,failed,0,0,,http_manifest,known,403,manifest,"Client error '403 ' for url 'https://openapiproext.bnf.fr/iiif/presentation/v3/ark:/12148/bd6t51402061/manifest.json'
For more information check: https://developer.mozilla.org/en-US/docs/Web/HTTP/Status/403",2026-07-27T16:42:37.579855
petitmarocain,bd6t5140207d,,failed,0,0,,http_manifest,known,403,manifest,"Client error '403 ' for url 'https://openapiproext.bnf.fr/iiif/presentation/v3/ark:/12148/bd6t5140207d/manifest.json'
For more information check: https://developer.mozilla.org/en-US/docs/Web/HTTP/Status/403",2026-07-27T16:42:38.741285
petitmarocain,bd6t5140208s,,failed,0,0,,http_manifest,known,403,manifest,"Client error '403 ' for url 'https://openapiproext.bnf.fr/iiif/presentation/v3/ark:/12148/bd6t5140208s/manifest.json'
For more information check: https://developer.mozilla.org/en-US/docs/Web/HTTP/Status/403",2026-07-27T16:42:39.947881
petitmarocain,bd6t51402095,,failed,0,0,,http_manifest,known,403,manifest,"Client error '403 ' for url 'https://openapiproext.bnf.fr/iiif/presentation/v3/ark:/12148/bd6t51402095/manifest.json'
For more information check: https://developer.mozilla.org/en-US/docs/Web/HTTP/Status/403",2026-07-27T16:42:40.945112
petitmarocain,bd6t51402103,,failed,0,0,,http_manifest,known,403,manifest,"Client error '403 ' for url 'https://openapiproext.bnf.fr/iiif/presentation/v3/ark:/12148/bd6t51402103/manifest.json'
For more information check: https://developer.mozilla.org/en-US/docs/Web/HTTP/Status/403",2026-07-27T16:42:42.293483
petitmarocain,bd6t5140211g,,failed,0,0,,http_manifest,known,403,manifest,"Client error '403 ' for url 'https://openapiproext.bnf.fr/iiif/presentation/v3/ark:/12148/bd6t5140211g/manifest.json'
For more information check: https://developer.mozilla.org/en-US/docs/Web/HTTP/Status/403",2026-07-27T16:42:43.368921
petitmarocain,bd6t5140212v,,failed,0,0,,http_manifest,known,403,manifest,"Client error '403 ' for url 'https://openapiproext.bnf.fr/iiif/presentation/v3/ark:/12148/bd6t5140212v/manifest.json'
For more information check: https://developer.mozilla.org/en-US/docs/Web/HTTP/Status/403",2026-07-27T16:42:44.554196
petitmarocain,bd6t51402137,,failed,0,0,,http_manifest,known,403,manifest,"Client error '403 ' for url 'https://openapiproext.bnf.fr/iiif/presentation/v3/ark:/12148/bd6t51402137/manifest.json'
For more information check: https://developer.mozilla.org/en-US/docs/Web/HTTP/Status/403",2026-07-27T16:42:45.899755
petitmarocain,bd6t5140214m,,failed,0,0,,http_manifest,known,403,manifest,"Client error '403 ' for url 'https://openapiproext.bnf.fr/iiif/presentation/v3/ark:/12148/bd6t5140214m/manifest.json'
For more information check: https://developer.mozilla.org/en-US/docs/Web/HTTP/Status/403",2026-07-27T16:42:47.166524
petitmarocain,bd6t51402150,,failed,0,0,,http_manifest,known,403,manifest,"Client error '403 ' for url 'https://openapiproext.bnf.fr/iiif/presentation/v3/ark:/12148/bd6t51402150/manifest.json'
For more information check: https://developer.mozilla.org/en-US/docs/Web/HTTP/Status/403",2026-07-27T16:42:48.536102
petitmarocain,bd6t5140216c,,failed,0,0,,http_manifest,known,403,manifest,"Client error '403 ' for url 'https://openapiproext.bnf.fr/iiif/presentation/v3/ark:/12148/bd6t5140216c/manifest.json'
For more information check: https://developer.mozilla.org/en-US/docs/Web/HTTP/Status/403",2026-07-27T16:42:49.469363
petitmarocain,bd6t5140217r,,failed,0,0,,http_manifest,known,403,manifest,"Client error '403 ' for url 'https://openapiproext.bnf.fr/iiif/presentation/v3/ark:/12148/bd6t5140217r/manifest.json'
For more information check: https://developer.mozilla.org/en-US/docs/Web/HTTP/Status/403",2026-07-27T16:42:50.555254
petitmarocain,bd6t51402184,,failed,0,0,,http_manifest,known,403,manifest,"Client error '403 ' for url 'https://openapiproext.bnf.fr/iiif/presentation/v3/ark:/12148/bd6t51402184/manifest.json'
For more information check: https://developer.mozilla.org/en-US/docs/Web/HTTP/Status/403",2026-07-27T16:42:51.767119
petitmarocain,bd6t5140219h,,failed,0,0,,http_manifest,known,403,manifest,"Client error '403 ' for url 'https://openapiproext.bnf.fr/iiif/presentation/v3/ark:/12148/bd6t5140219h/manifest.json'
For more information check: https://developer.mozilla.org/en-US/docs/Web/HTTP/Status/403",2026-07-27T16:42:52.963169
petitmarocain,bd6t5140220f,,failed,0,0,,http_manifest,known,403,manifest,"Client error '403 ' for url 'https://openapiproext.bnf.fr/iiif/presentation/v3/ark:/12148/bd6t5140220f/manifest.json'
For more information check: https://developer.mozilla.org/en-US/docs/Web/HTTP/Status/403",2026-07-27T16:42:54.188930
petitmarocain,bd6t5140221t,,failed,0,0,,http_manifest,known,403,manifest,"Client error '403 ' for url 'https://openapiproext.bnf.fr/iiif/presentation/v3/ark:/12148/bd6t5140221t/manifest.json'
For more information check: https://developer.mozilla.org/en-US/docs/Web/HTTP/Status/403",2026-07-27T16:42:55.363505
petitmarocain,bd6t51402226,,failed,0,0,,http_manifest,known,403,manifest,"Client error '403 ' for url 'https://openapiproext.bnf.fr/iiif/presentation/v3/ark:/12148/bd6t51402226/manifest.json'
For more information check: https://developer.mozilla.org/en-US/docs/Web/HTTP/Status/403",2026-07-27T16:42:56.568707
petitmarocain,bd6t5140223k,,failed,0,0,,http_manifest,known,403,manifest,"Client error '403 ' for url 'https://openapiproext.bnf.fr/iiif/presentation/v3/ark:/12148/bd6t5140223k/manifest.json'
For more information check: https://developer.mozilla.org/en-US/docs/Web/HTTP/Status/403",2026-07-27T16:42:57.762303
petitmarocain,bd6t5140224z,,failed,0,0,,http_manifest,known,403,manifest,"Client error '403 ' for url 'https://openapiproext.bnf.fr/iiif/presentation/v3/ark:/12148/bd6t5140224z/manifest.json'
For more information check: https://developer.mozilla.org/en-US/docs/Web/HTTP/Status/403",2026-07-27T16:42:58.965851
petitmarocain,bd6t5140225b,,failed,0,0,,http_manifest,known,403,manifest,"Client error '403 ' for url 'https://openapiproext.bnf.fr/iiif/presentation/v3/ark:/12148/bd6t5140225b/manifest.json'
For more information check: https://developer.mozilla.org/en-US/docs/Web/HTTP/Status/403",2026-07-27T16:43:00.170692
petitmarocain,bd6t5140226q,,failed,0,0,,http_manifest,known,403,manifest,"Client error '403 ' for url 'https://openapiproext.bnf.fr/iiif/presentation/v3/ark:/12148/bd6t5140226q/manifest.json'
For more information check: https://developer.mozilla.org/en-US/docs/Web/HTTP/Status/403",2026-07-27T16:43:01.367975
petitmarocain,bd6t51402273,,failed,0,0,,http_manifest,known,403,manifest,"Client error '403 ' for url 'https://openapiproext.bnf.fr/iiif/presentation/v3/ark:/12148/bd6t51402273/manifest.json'
For more information check: https://developer.mozilla.org/en-US/docs/Web/HTTP/Status/403",2026-07-27T16:43:02.570047
petitmarocain,bd6t5140228g,,failed,0,0,,http_manifest,known,403,manifest,"Client error '403 ' for url 'https://openapiproext.bnf.fr/iiif/presentation/v3/ark:/12148/bd6t5140228g/manifest.json'
For more information check: https://developer.mozilla.org/en-US/docs/Web/HTTP/Status/403",2026-07-27T16:43:03.804435
petitmarocain,bd6t5140229v,,failed,0,0,,http_manifest,known,403,manifest,"Client error '403 ' for url 'https://openapiproext.bnf.fr/iiif/presentation/v3/ark:/12148/bd6t5140229v/manifest.json'
For more information check: https://developer.mozilla.org/en-US/docs/Web/HTTP/Status/403",2026-07-27T16:43:04.973130
petitmarocain,bd6t5140230s,,failed,0,0,,http_manifest,known,403,manifest,"Client error '403 ' for url 'https://openapiproext.bnf.fr/iiif/presentation/v3/ark:/12148/bd6t5140230s/manifest.json'
For more information check: https://developer.mozilla.org/en-US/docs/Web/HTTP/Status/403",2026-07-27T16:43:06.173671
petitmarocain,bd6t51402315,,failed,0,0,,http_manifest,known,403,manifest,"Client error '403 ' for url 'https://openapiproext.bnf.fr/iiif/presentation/v3/ark:/12148/bd6t51402315/manifest.json'
For more information check: https://developer.mozilla.org/en-US/docs/Web/HTTP/Status/403",2026-07-27T16:43:07.378139
petitmarocain,bd6t5140232j,,failed,0,0,,http_manifest,known,403,manifest,"Client error '403 ' for url 'https://openapiproext.bnf.fr/iiif/presentation/v3/ark:/12148/bd6t5140232j/manifest.json'
For more information check: https://developer.mozilla.org/en-US/docs/Web/HTTP/Status/403",2026-07-27T16:43:08.581758
petitmarocain,bd6t5140233x,,failed,0,0,,http_manifest,known,403,manifest,"Client error '403 ' for url 'https://openapiproext.bnf.fr/iiif/presentation/v3/ark:/12148/bd6t5140233x/manifest.json'
For more information check: https://developer.mozilla.org/en-US/docs/Web/HTTP/Status/403",2026-07-27T16:43:09.800423
petitmarocain,bd6t51402349,,failed,0,0,,http_manifest,known,403,manifest,"Client error '403 ' for url 'https://openapiproext.bnf.fr/iiif/presentation/v3/ark:/12148/bd6t51402349/manifest.json'
For more information check: https://developer.mozilla.org/en-US/docs/Web/HTTP/Status/403",2026-07-27T16:43:10.991557
petitmarocain,bd6t5140235p,,failed,0,0,,http_manifest,known,403,manifest,"Client error '403 ' for url 'https://openapiproext.bnf.fr/iiif/presentation/v3/ark:/12148/bd6t5140235p/manifest.json'
For more information check: https://developer.mozilla.org/en-US/docs/Web/HTTP/Status/403",2026-07-27T16:43:12.187009
petitmarocain,bd6t51402362,,failed,0,0,,http_manifest,known,403,manifest,"Client error '403 ' for url 'https://openapiproext.bnf.fr/iiif/presentation/v3/ark:/12148/bd6t51402362/manifest.json'
For more information check: https://developer.mozilla.org/en-US/docs/Web/HTTP/Status/403",2026-07-27T16:43:13.391579
petitmarocain,bd6t5140237f,,failed,0,0,,http_manifest,known,403,manifest,"Client error '403 ' for url 'https://openapiproext.bnf.fr/iiif/presentation/v3/ark:/12148/bd6t5140237f/manifest.json'
For more information check: https://developer.mozilla.org/en-US/docs/Web/HTTP/Status/403",2026-07-27T16:43:14.587279
petitmarocain,bd6t5140238t,,failed,0,0,,http_manifest,known,403,manifest,"Client error '403 ' for url 'https://openapiproext.bnf.fr/iiif/presentation/v3/ark:/12148/bd6t5140238t/manifest.json'
For more information check: https://developer.mozilla.org/en-US/docs/Web/HTTP/Status/403",2026-07-27T16:43:15.812653
petitmarocain,bd6t51402396,,failed,0,0,,http_manifest,known,403,manifest,"Client error '403 ' for url 'https://openapiproext.bnf.fr/iiif/presentation/v3/ark:/12148/bd6t51402396/manifest.json'
For more information check: https://developer.mozilla.org/en-US/docs/Web/HTTP/Status/403",2026-07-27T16:43:16.994242
petitmarocain,bd6t51402404,,failed,0,0,,http_manifest,known,403,manifest,"Client error '403 ' for url 'https://openapiproext.bnf.fr/iiif/presentation/v3/ark:/12148/bd6t51402404/manifest.json'
For more information check: https://developer.mozilla.org/en-US/docs/Web/HTTP/Status/403",2026-07-27T16:43:18.198390
petitmarocain,bd6t5140241h,,failed,0,0,,http_manifest,known,403,manifest,"Client error '403 ' for url 'https://openapiproext.bnf.fr/iiif/presentation/v3/ark:/12148/bd6t5140241h/manifest.json'
For more information check: https://developer.mozilla.org/en-US/docs/Web/HTTP/Status/403",2026-07-27T16:43:19.398379
petitmarocain,bd6t5140242w,,failed,0,0,,http_manifest,known,403,manifest,"Client error '403 ' for url 'https://openapiproext.bnf.fr/iiif/presentation/v3/ark:/12148/bd6t5140242w/manifest.json'
For more information check: https://developer.mozilla.org/en-US/docs/Web/HTTP/Status/403",2026-07-27T16:43:20.606818
petitmarocain,bd6t51402438,,failed,0,0,,http_manifest,known,403,manifest,"Client error '403 ' for url 'https://openapiproext.bnf.fr/iiif/presentation/v3/ark:/12148/bd6t51402438/manifest.json'
For more information check: https://developer.mozilla.org/en-US/docs/Web/HTTP/Status/403",2026-07-27T16:43:21.802791
petitmarocain,bd6t5140244n,,failed,0,0,,http_manifest,known,403,manifest,"Client error '403 ' for url 'https://openapiproext.bnf.fr/iiif/presentation/v3/ark:/12148/bd6t5140244n/manifest.json'
For more information check: https://developer.mozilla.org/en-US/docs/Web/HTTP/Status/403",2026-07-27T16:43:22.998952
petitmarocain,bd6t51402451,,failed,0,0,,http_manifest,known,403,manifest,"Client error '403 ' for url 'https://openapiproext.bnf.fr/iiif/presentation/v3/ark:/12148/bd6t51402451/manifest.json'
For more information check: https://developer.mozilla.org/en-US/docs/Web/HTTP/Status/403",2026-07-27T16:43:24.203445
petitmarocain,bd6t5140246d,,failed,0,0,,http_manifest,known,403,manifest,"Client error '403 ' for url 'https://openapiproext.bnf.fr/iiif/presentation/v3/ark:/12148/bd6t5140246d/manifest.json'
For more information check: https://developer.mozilla.org/en-US/docs/Web/HTTP/Status/403",2026-07-27T16:43:25.409800
petitmarocain,bd6t5140247s,,failed,0,0,,http_manifest,known,403,manifest,"Client error '403 ' for url 'https://openapiproext.bnf.fr/iiif/presentation/v3/ark:/12148/bd6t5140247s/manifest.json'
For more information check: https://developer.mozilla.org/en-US/docs/Web/HTTP/Status/403",2026-07-27T16:43:26.608990
petitmarocain,bd6t51402485,,failed,0,0,,http_manifest,known,403,manifest,"Client error '403 ' for url 'https://openapiproext.bnf.fr/iiif/presentation/v3/ark:/12148/bd6t51402485/manifest.json'
For more information check: https://developer.mozilla.org/en-US/docs/Web/HTTP/Status/403",2026-07-27T16:43:27.828360
petitmarocain,bd6t5140249j,,failed,0,0,,http_manifest,known,403,manifest,"Client error '403 ' for url 'https://openapiproext.bnf.fr/iiif/presentation/v3/ark:/12148/bd6t5140249j/manifest.json'
For more information check: https://developer.mozilla.org/en-US/docs/Web/HTTP/Status/403",2026-07-27T16:43:29.009183
petitmarocain,bd6t5140250g,,failed,0,0,,http_manifest,known,403,manifest,"Client error '403 ' for url 'https://openapiproext.bnf.fr/iiif/presentation/v3/ark:/12148/bd6t5140250g/manifest.json'
For more information check: https://developer.mozilla.org/en-US/docs/Web/HTTP/Status/403",2026-07-27T16:43:30.346630
petitmarocain,bd6t5140251v,,failed,0,0,,http_manifest,known,403,manifest,"Client error '403 ' for url 'https://openapiproext.bnf.fr/iiif/presentation/v3/ark:/12148/bd6t5140251v/manifest.json'
For more information check: https://developer.mozilla.org/en-US/docs/Web/HTTP/Status/403",2026-07-27T16:43:31.627805
petitmarocain,bd6t51402527,,failed,0,0,,http_manifest,known,403,manifest,"Client error '403 ' for url 'https://openapiproext.bnf.fr/iiif/presentation/v3/ark:/12148/bd6t51402527/manifest.json'
For more information check: https://developer.mozilla.org/en-US/docs/Web/HTTP/Status/403",2026-07-27T16:43:32.616844
petitmarocain,bd6t5140253m,,failed,0,0,,http_manifest,known,403,manifest,"Client error '403 ' for url 'https://openapiproext.bnf.fr/iiif/presentation/v3/ark:/12148/bd6t5140253m/manifest.json'
For more information check: https://developer.mozilla.org/en-US/docs/Web/HTTP/Status/403",2026-07-27T16:43:33.818017
petitmarocain,bd6t51402540,,failed,0,0,,http_manifest,known,403,manifest,"Client error '403 ' for url 'https://openapiproext.bnf.fr/iiif/presentation/v3/ark:/12148/bd6t51402540/manifest.json'
For more information check: https://developer.mozilla.org/en-US/docs/Web/HTTP/Status/403",2026-07-27T16:43:35.018548
petitmarocain,bd6t5140255c,,failed,0,0,,http_manifest,known,403,manifest,"Client error '403 ' for url 'https://openapiproext.bnf.fr/iiif/presentation/v3/ark:/12148/bd6t5140255c/manifest.json'
For more information check: https://developer.mozilla.org/en-US/docs/Web/HTTP/Status/403",2026-07-27T16:43:36.234262
petitmarocain,bd6t5140256r,,failed,0,0,,http_manifest,known,403,manifest,"Client error '403 ' for url 'https://openapiproext.bnf.fr/iiif/presentation/v3/ark:/12148/bd6t5140256r/manifest.json'
For more information check: https://developer.mozilla.org/en-US/docs/Web/HTTP/Status/403",2026-07-27T16:43:37.584973
petitmarocain,bd6t51402574,,failed,0,0,,http_manifest,known,403,manifest,"Client error '403 ' for url 'https://openapiproext.bnf.fr/iiif/presentation/v3/ark:/12148/bd6t51402574/manifest.json'
For more information check: https://developer.mozilla.org/en-US/docs/Web/HTTP/Status/403",2026-07-27T16:43:38.656074
petitmarocain,bd6t5140258h,,failed,0,0,,http_manifest,known,403,manifest,"Client error '403 ' for url 'https://openapiproext.bnf.fr/iiif/presentation/v3/ark:/12148/bd6t5140258h/manifest.json'
For more information check: https://developer.mozilla.org/en-US/docs/Web/HTTP/Status/403",2026-07-27T16:43:39.925292
petitmarocain,bd6t5140259w,,failed,0,0,,http_manifest,known,403,manifest,"Client error '403 ' for url 'https://openapiproext.bnf.fr/iiif/presentation/v3/ark:/12148/bd6t5140259w/manifest.json'
For more information check: https://developer.mozilla.org/en-US/docs/Web/HTTP/Status/403",2026-07-27T16:43:41.034796
petitmarocain,bd6t5140260t,,failed,0,0,,http_manifest,known,403,manifest,"Client error '403 ' for url 'https://openapiproext.bnf.fr/iiif/presentation/v3/ark:/12148/bd6t5140260t/manifest.json'
For more information check: https://developer.mozilla.org/en-US/docs/Web/HTTP/Status/403",2026-07-27T16:43:42.310184
petitmarocain,bd6t51402616,,failed,0,0,,http_manifest,known,403,manifest,"Client error '403 ' for url 'https://openapiproext.bnf.fr/iiif/presentation/v3/ark:/12148/bd6t51402616/manifest.json'
For more information check: https://developer.mozilla.org/en-US/docs/Web/HTTP/Status/403",2026-07-27T16:43:43.432564
petitmarocain,bd6t5140262k,,failed,0,0,,http_manifest,known,403,manifest,"Client error '403 ' for url 'https://openapiproext.bnf.fr/iiif/presentation/v3/ark:/12148/bd6t5140262k/manifest.json'
For more information check: https://developer.mozilla.org/en-US/docs/Web/HTTP/Status/403",2026-07-27T16:43:44.726437
petitmarocain,bd6t5140263z,,failed,0,0,,http_manifest,known,403,manifest,"Client error '403 ' for url 'https://openapiproext.bnf.fr/iiif/presentation/v3/ark:/12148/bd6t5140263z/manifest.json'
For more information check: https://developer.mozilla.org/en-US/docs/Web/HTTP/Status/403",2026-07-27T16:43:45.860164
petitmarocain,bd6t5140264b,,failed,0,0,,http_manifest,known,403,manifest,"Client error '403 ' for url 'https://openapiproext.bnf.fr/iiif/presentation/v3/ark:/12148/bd6t5140264b/manifest.json'
For more information check: https://developer.mozilla.org/en-US/docs/Web/HTTP/Status/403",2026-07-27T16:43:47.216591
petitmarocain,bd6t5140265q,,failed,0,0,,http_manifest,known,403,manifest,"Client error '403 ' for url 'https://openapiproext.bnf.fr/iiif/presentation/v3/ark:/12148/bd6t5140265q/manifest.json'
For more information check: https://developer.mozilla.org/en-US/docs/Web/HTTP/Status/403",2026-07-27T16:43:48.426452
petitmarocain,bd6t51402663,,failed,0,0,,http_manifest,known,403,manifest,"Client error '403 ' for url 'https://openapiproext.bnf.fr/iiif/presentation/v3/ark:/12148/bd6t51402663/manifest.json'
For more information check: https://developer.mozilla.org/en-US/docs/Web/HTTP/Status/403",2026-07-27T16:43:49.754460
petitmarocain,bd6t5140267g,,failed,0,0,,http_manifest,known,403,manifest,"Client error '403 ' for url 'https://openapiproext.bnf.fr/iiif/presentation/v3/ark:/12148/bd6t5140267g/manifest.json'
For more information check: https://developer.mozilla.org/en-US/docs/Web/HTTP/Status/403",2026-07-27T16:43:50.647608
petitmarocain,bd6t5140268v,,failed,0,0,,http_manifest,known,403,manifest,"Client error '403 ' for url 'https://openapiproext.bnf.fr/iiif/presentation/v3/ark:/12148/bd6t5140268v/manifest.json'
For more information check: https://developer.mozilla.org/en-US/docs/Web/HTTP/Status/403",2026-07-27T16:43:51.942204
petitmarocain,bd6t51402697,,failed,0,0,,http_manifest,known,403,manifest,"Client error '403 ' for url 'https://openapiproext.bnf.fr/iiif/presentation/v3/ark:/12148/bd6t51402697/manifest.json'
For more information check: https://developer.mozilla.org/en-US/docs/Web/HTTP/Status/403",2026-07-27T16:43:53.173340
petitmarocain,bd6t51402705,,failed,0,0,,http_manifest,known,403,manifest,"Client error '403 ' for url 'https://openapiproext.bnf.fr/iiif/presentation/v3/ark:/12148/bd6t51402705/manifest.json'
For more information check: https://developer.mozilla.org/en-US/docs/Web/HTTP/Status/403",2026-07-27T16:43:54.446886
petitmarocain,bd6t5140271j,,failed,0,0,,http_manifest,known,403,manifest,"Client error '403 ' for url 'https://openapiproext.bnf.fr/iiif/presentation/v3/ark:/12148/bd6t5140271j/manifest.json'
For more information check: https://developer.mozilla.org/en-US/docs/Web/HTTP/Status/403",2026-07-27T16:43:55.463182
petitmarocain,bd6t5140364n,,failed,0,0,,http_manifest,known,403,manifest,"Client error '403 ' for url 'https://openapiproext.bnf.fr/iiif/presentation/v3/ark:/12148/bd6t5140364n/manifest.json'
For more information check: https://developer.mozilla.org/en-US/docs/Web/HTTP/Status/403",2026-07-27T16:43:56.649770
petitmarocain,bd6t51403651,,failed,0,0,,http_manifest,known,403,manifest,"Client error '403 ' for url 'https://openapiproext.bnf.fr/iiif/presentation/v3/ark:/12148/bd6t51403651/manifest.json'
For more information check: https://developer.mozilla.org/en-US/docs/Web/HTTP/Status/403",2026-07-27T16:43:57.877653
petitmarocain,bd6t5140366d,,failed,0,0,,http_manifest,known,403,manifest,"Client error '403 ' for url 'https://openapiproext.bnf.fr/iiif/presentation/v3/ark:/12148/bd6t5140366d/manifest.json'
For more information check: https://developer.mozilla.org/en-US/docs/Web/HTTP/Status/403",2026-07-27T16:43:59.058025
petitmarocain,bd6t5140367s,,failed,0,0,,http_manifest,known,403,manifest,"Client error '403 ' for url 'https://openapiproext.bnf.fr/iiif/presentation/v3/ark:/12148/bd6t5140367s/manifest.json'
For more information check: https://developer.mozilla.org/en-US/docs/Web/HTTP/Status/403",2026-07-27T16:44:00.255825
petitmarocain,bd6t51403685,,failed,0,0,,http_manifest,known,403,manifest,"Client error '403 ' for url 'https://openapiproext.bnf.fr/iiif/presentation/v3/ark:/12148/bd6t51403685/manifest.json'
For more information check: https://developer.mozilla.org/en-US/docs/Web/HTTP/Status/403",2026-07-27T16:44:01.456985
petitmarocain,bd6t5140369j,,failed,0,0,,http_manifest,known,403,manifest,"Client error '403 ' for url 'https://openapiproext.bnf.fr/iiif/presentation/v3/ark:/12148/bd6t5140369j/manifest.json'
For more information check: https://developer.mozilla.org/en-US/docs/Web/HTTP/Status/403",2026-07-27T16:44:02.660551
petitmarocain,bd6t5140370g,,failed,0,0,,http_manifest,known,403,manifest,"Client error '403 ' for url 'https://openapiproext.bnf.fr/iiif/presentation/v3/ark:/12148/bd6t5140370g/manifest.json'
For more information check: https://developer.mozilla.org/en-US/docs/Web/HTTP/Status/403",2026-07-27T16:44:03.864086
petitmarocain,bd6t5140371v,,failed,0,0,,http_manifest,known,403,manifest,"Client error '403 ' for url 'https://openapiproext.bnf.fr/iiif/presentation/v3/ark:/12148/bd6t5140371v/manifest.json'
For more information check: https://developer.mozilla.org/en-US/docs/Web/HTTP/Status/403",2026-07-27T16:44:05.060927
petitmarocain,bd6t51403727,,failed,0,0,,http_manifest,known,403,manifest,"Client error '403 ' for url 'https://openapiproext.bnf.fr/iiif/presentation/v3/ark:/12148/bd6t51403727/manifest.json'
For more information check: https://developer.mozilla.org/en-US/docs/Web/HTTP/Status/403",2026-07-27T16:44:06.260930
petitmarocain,bd6t5140373m,,failed,0,0,,http_manifest,known,403,manifest,"Client error '403 ' for url 'https://openapiproext.bnf.fr/iiif/presentation/v3/ark:/12148/bd6t5140373m/manifest.json'
For more information check: https://developer.mozilla.org/en-US/docs/Web/HTTP/Status/403",2026-07-27T16:44:07.467267
petitmarocain,bd6t51403740,,failed,0,0,,http_manifest,known,403,manifest,"Client error '403 ' for url 'https://openapiproext.bnf.fr/iiif/presentation/v3/ark:/12148/bd6t51403740/manifest.json'
For more information check: https://developer.mozilla.org/en-US/docs/Web/HTTP/Status/403",2026-07-27T16:44:08.670462
petitmarocain,bd6t5140375c,,failed,0,0,,http_manifest,known,403,manifest,"Client error '403 ' for url 'https://openapiproext.bnf.fr/iiif/presentation/v3/ark:/12148/bd6t5140375c/manifest.json'
For more information check: https://developer.mozilla.org/en-US/docs/Web/HTTP/Status/403",2026-07-27T16:44:09.884401
petitmarocain,bd6t5140376r,,failed,0,0,,http_manifest,known,403,manifest,"Client error '403 ' for url 'https://openapiproext.bnf.fr/iiif/presentation/v3/ark:/12148/bd6t5140376r/manifest.json'
For more information check: https://developer.mozilla.org/en-US/docs/Web/HTTP/Status/403",2026-07-27T16:44:11.073632
petitmarocain,bd6t51403774,,failed,0,0,,http_manifest,known,403,manifest,"Client error '403 ' for url 'https://openapiproext.bnf.fr/iiif/presentation/v3/ark:/12148/bd6t51403774/manifest.json'
For more information check: https://developer.mozilla.org/en-US/docs/Web/HTTP/Status/403",2026-07-27T16:44:12.275541
petitmarocain,bd6t5140378h,,failed,0,0,,http_manifest,known,403,manifest,"Client error '403 ' for url 'https://openapiproext.bnf.fr/iiif/presentation/v3/ark:/12148/bd6t5140378h/manifest.json'
For more information check: https://developer.mozilla.org/en-US/docs/Web/HTTP/Status/403",2026-07-27T16:44:13.474928
petitmarocain,bd6t5140379w,,failed,0,0,,http_manifest,known,403,manifest,"Client error '403 ' for url 'https://openapiproext.bnf.fr/iiif/presentation/v3/ark:/12148/bd6t5140379w/manifest.json'
For more information check: https://developer.mozilla.org/en-US/docs/Web/HTTP/Status/403",2026-07-27T16:44:14.680095
petitmarocain,bd6t5140380t,,failed,0,0,,http_manifest,known,403,manifest,"Client error '403 ' for url 'https://openapiproext.bnf.fr/iiif/presentation/v3/ark:/12148/bd6t5140380t/manifest.json'
For more information check: https://developer.mozilla.org/en-US/docs/Web/HTTP/Status/403",2026-07-27T16:44:15.895109
petitmarocain,bd6t51403816,,failed,0,0,,http_manifest,known,403,manifest,"Client error '403 ' for url 'https://openapiproext.bnf.fr/iiif/presentation/v3/ark:/12148/bd6t51403816/manifest.json'
For more information check: https://developer.mozilla.org/en-US/docs/Web/HTTP/Status/403",2026-07-27T16:44:17.094453
petitmarocain,bd6t5140382k,,failed,0,0,,http_manifest,known,403,manifest,"Client error '403 ' for url 'https://openapiproext.bnf.fr/iiif/presentation/v3/ark:/12148/bd6t5140382k/manifest.json'
For more information check: https://developer.mozilla.org/en-US/docs/Web/HTTP/Status/403",2026-07-27T16:44:18.297232
petitmarocain,bd6t5140383z,,failed,0,0,,http_manifest,known,403,manifest,"Client error '403 ' for url 'https://openapiproext.bnf.fr/iiif/presentation/v3/ark:/12148/bd6t5140383z/manifest.json'
For more information check: https://developer.mozilla.org/en-US/docs/Web/HTTP/Status/403",2026-07-27T16:44:19.486953
petitmarocain,bd6t5140384b,,failed,0,0,,http_manifest,known,403,manifest,"Client error '403 ' for url 'https://openapiproext.bnf.fr/iiif/presentation/v3/ark:/12148/bd6t5140384b/manifest.json'
For more information check: https://developer.mozilla.org/en-US/docs/Web/HTTP/Status/403",2026-07-27T16:44:20.686306
petitmarocain,bd6t5140385q,,failed,0,0,,http_manifest,known,403,manifest,"Client error '403 ' for url 'https://openapiproext.bnf.fr/iiif/presentation/v3/ark:/12148/bd6t5140385q/manifest.json'
For more information check: https://developer.mozilla.org/en-US/docs/Web/HTTP/Status/403",2026-07-27T16:44:21.883584
petitmarocain,bd6t51403863,,failed,0,0,,http_manifest,known,403,manifest,"Client error '403 ' for url 'https://openapiproext.bnf.fr/iiif/presentation/v3/ark:/12148/bd6t51403863/manifest.json'
For more information check: https://developer.mozilla.org/en-US/docs/Web/HTTP/Status/403",2026-07-27T16:44:23.083197
petitmarocain,bd6t5140387g,,failed,0,0,,http_manifest,known,403,manifest,"Client error '403 ' for url 'https://openapiproext.bnf.fr/iiif/presentation/v3/ark:/12148/bd6t5140387g/manifest.json'
For more information check: https://developer.mozilla.org/en-US/docs/Web/HTTP/Status/403",2026-07-27T16:44:24.296782
petitmarocain,bd6t5140388v,,failed,0,0,,http_manifest,known,403,manifest,"Client error '403 ' for url 'https://openapiproext.bnf.fr/iiif/presentation/v3/ark:/12148/bd6t5140388v/manifest.json'
For more information check: https://developer.mozilla.org/en-US/docs/Web/HTTP/Status/403",2026-07-27T16:44:25.490397
petitmarocain,bd6t51403897,,failed,0,0,,http_manifest,known,403,manifest,"Client error '403 ' for url 'https://openapiproext.bnf.fr/iiif/presentation/v3/ark:/12148/bd6t51403897/manifest.json'
For more information check: https://developer.mozilla.org/en-US/docs/Web/HTTP/Status/403",2026-07-27T16:44:26.688346
petitmarocain,bd6t51403905,,failed,0,0,,http_manifest,known,403,manifest,"Client error '403 ' for url 'https://openapiproext.bnf.fr/iiif/presentation/v3/ark:/12148/bd6t51403905/manifest.json'
For more information check: https://developer.mozilla.org/en-US/docs/Web/HTTP/Status/403",2026-07-27T16:44:27.921028
petitmarocain,bd6t5140391j,,failed,0,0,,http_manifest,known,403,manifest,"Client error '403 ' for url 'https://openapiproext.bnf.fr/iiif/presentation/v3/ark:/12148/bd6t5140391j/manifest.json'
For more information check: https://developer.mozilla.org/en-US/docs/Web/HTTP/Status/403",2026-07-27T16:44:29.104264
petitmarocain,bd6t5140392x,,failed,0,0,,http_manifest,known,403,manifest,"Client error '403 ' for url 'https://openapiproext.bnf.fr/iiif/presentation/v3/ark:/12148/bd6t5140392x/manifest.json'
For more information check: https://developer.mozilla.org/en-US/docs/Web/HTTP/Status/403",2026-07-27T16:44:30.373248
petitmarocain,bd6t51403939,,failed,0,0,,http_manifest,known,403,manifest,"Client error '403 ' for url 'https://openapiproext.bnf.fr/iiif/presentation/v3/ark:/12148/bd6t51403939/manifest.json'
For more information check: https://developer.mozilla.org/en-US/docs/Web/HTTP/Status/403",2026-07-27T16:44:31.641372
petitmarocain,bd6t5140394p,,failed,0,0,,http_manifest,known,403,manifest,"Client error '403 ' for url 'https://openapiproext.bnf.fr/iiif/presentation/v3/ark:/12148/bd6t5140394p/manifest.json'
For more information check: https://developer.mozilla.org/en-US/docs/Web/HTTP/Status/403",2026-07-27T16:44:32.702619
petitmarocain,bd6t51403952,,failed,0,0,,http_manifest,known,403,manifest,"Client error '403 ' for url 'https://openapiproext.bnf.fr/iiif/presentation/v3/ark:/12148/bd6t51403952/manifest.json'
For more information check: https://developer.mozilla.org/en-US/docs/Web/HTTP/Status/403",2026-07-27T16:44:33.918165
petitmarocain,bd6t5140396f,,failed,0,0,,http_manifest,known,403,manifest,"Client error '403 ' for url 'https://openapiproext.bnf.fr/iiif/presentation/v3/ark:/12148/bd6t5140396f/manifest.json'
For more information check: https://developer.mozilla.org/en-US/docs/Web/HTTP/Status/403",2026-07-27T16:44:35.108169
petitmarocain,bd6t5140397t,,failed,0,0,,http_manifest,known,403,manifest,"Client error '403 ' for url 'https://openapiproext.bnf.fr/iiif/presentation/v3/ark:/12148/bd6t5140397t/manifest.json'
For more information check: https://developer.mozilla.org/en-US/docs/Web/HTTP/Status/403",2026-07-27T16:44:36.391309
petitmarocain,bd6t51403986,,failed,0,0,,http_manifest,known,403,manifest,"Client error '403 ' for url 'https://openapiproext.bnf.fr/iiif/presentation/v3/ark:/12148/bd6t51403986/manifest.json'
For more information check: https://developer.mozilla.org/en-US/docs/Web/HTTP/Status/403",2026-07-27T16:44:37.662773
petitmarocain,bd6t5140399k,,failed,0,0,,http_manifest,known,403,manifest,"Client error '403 ' for url 'https://openapiproext.bnf.fr/iiif/presentation/v3/ark:/12148/bd6t5140399k/manifest.json'
For more information check: https://developer.mozilla.org/en-US/docs/Web/HTTP/Status/403",2026-07-27T16:44:38.724105
petitmarocain,bd6t5140400c,,failed,0,0,,http_manifest,known,403,manifest,"Client error '403 ' for url 'https://openapiproext.bnf.fr/iiif/presentation/v3/ark:/12148/bd6t5140400c/manifest.json'
For more information check: https://developer.mozilla.org/en-US/docs/Web/HTTP/Status/403",2026-07-27T16:44:39.951626
petitmarocain,bd6t5140401r,,failed,0,0,,http_manifest,known,403,manifest,"Client error '403 ' for url 'https://openapiproext.bnf.fr/iiif/presentation/v3/ark:/12148/bd6t5140401r/manifest.json'
For more information check: https://developer.mozilla.org/en-US/docs/Web/HTTP/Status/403",2026-07-27T16:44:41.439575
petitmarocain,bd6t51404024,,failed,0,0,,http_manifest,known,403,manifest,"Client error '403 ' for url 'https://openapiproext.bnf.fr/iiif/presentation/v3/ark:/12148/bd6t51404024/manifest.json'
For more information check: https://developer.mozilla.org/en-US/docs/Web/HTTP/Status/403",2026-07-27T16:44:42.535295
petitmarocain,bd6t5140403h,,failed,0,0,,http_manifest,known,403,manifest,"Client error '403 ' for url 'https://openapiproext.bnf.fr/iiif/presentation/v3/ark:/12148/bd6t5140403h/manifest.json'
For more information check: https://developer.mozilla.org/en-US/docs/Web/HTTP/Status/403",2026-07-27T16:44:43.518322
petitmarocain,bd6t5140404w,,failed,0,0,,http_manifest,known,403,manifest,"Client error '403 ' for url 'https://openapiproext.bnf.fr/iiif/presentation/v3/ark:/12148/bd6t5140404w/manifest.json'
For more information check: https://developer.mozilla.org/en-US/docs/Web/HTTP/Status/403",2026-07-27T16:44:44.791631
petitmarocain,bd6t51404058,,failed,0,0,,http_manifest,known,403,manifest,"Client error '403 ' for url 'https://openapiproext.bnf.fr/iiif/presentation/v3/ark:/12148/bd6t51404058/manifest.json'
For more information check: https://developer.mozilla.org/en-US/docs/Web/HTTP/Status/403",2026-07-27T16:44:45.961971
petitmarocain,bd6t5140406n,,failed,0,0,,http_manifest,known,403,manifest,"Client error '403 ' for url 'https://openapiproext.bnf.fr/iiif/presentation/v3/ark:/12148/bd6t5140406n/manifest.json'
For more information check: https://developer.mozilla.org/en-US/docs/Web/HTTP/Status/403",2026-07-27T16:44:47.126030
petitmarocain,bd6t51404071,,failed,0,0,,http_manifest,known,403,manifest,"Client error '403 ' for url 'https://openapiproext.bnf.fr/iiif/presentation/v3/ark:/12148/bd6t51404071/manifest.json'
For more information check: https://developer.mozilla.org/en-US/docs/Web/HTTP/Status/403",2026-07-27T16:44:48.477900
petitmarocain,bd6t5140408d,,failed,0,0,,http_manifest,known,403,manifest,"Client error '403 ' for url 'https://openapiproext.bnf.fr/iiif/presentation/v3/ark:/12148/bd6t5140408d/manifest.json'
For more information check: https://developer.mozilla.org/en-US/docs/Web/HTTP/Status/403",2026-07-27T16:44:49.719755
petitmarocain,bd6t5140409s,,failed,0,0,,http_manifest,known,403,manifest,"Client error '403 ' for url 'https://openapiproext.bnf.fr/iiif/presentation/v3/ark:/12148/bd6t5140409s/manifest.json'
For more information check: https://developer.mozilla.org/en-US/docs/Web/HTTP/Status/403",2026-07-27T16:44:50.751764
petitmarocain,bd6t5140410q,,failed,0,0,,http_manifest,known,403,manifest,"Client error '403 ' for url 'https://openapiproext.bnf.fr/iiif/presentation/v3/ark:/12148/bd6t5140410q/manifest.json'
For more information check: https://developer.mozilla.org/en-US/docs/Web/HTTP/Status/403",2026-07-27T16:44:51.940509
petitmarocain,bd6t51404113,,failed,0,0,,http_manifest,known,403,manifest,"Client error '403 ' for url 'https://openapiproext.bnf.fr/iiif/presentation/v3/ark:/12148/bd6t51404113/manifest.json'
For more information check: https://developer.mozilla.org/en-US/docs/Web/HTTP/Status/403",2026-07-27T16:44:53.184779
petitmarocain,bd6t5140412g,,failed,0,0,,http_manifest,known,403,manifest,"Client error '403 ' for url 'https://openapiproext.bnf.fr/iiif/presentation/v3/ark:/12148/bd6t5140412g/manifest.json'
For more information check: https://developer.mozilla.org/en-US/docs/Web/HTTP/Status/403",2026-07-27T16:44:54.361728
petitmarocain,bd6t5140413v,,failed,0,0,,http_manifest,known,403,manifest,"Client error '403 ' for url 'https://openapiproext.bnf.fr/iiif/presentation/v3/ark:/12148/bd6t5140413v/manifest.json'
For more information check: https://developer.mozilla.org/en-US/docs/Web/HTTP/Status/403",2026-07-27T16:44:55.546820
petitmarocain,bd6t51404147,,failed,0,0,,http_manifest,known,403,manifest,"Client error '403 ' for url 'https://openapiproext.bnf.fr/iiif/presentation/v3/ark:/12148/bd6t51404147/manifest.json'
For more information check: https://developer.mozilla.org/en-US/docs/Web/HTTP/Status/403",2026-07-27T16:44:56.739429
petitmarocain,bd6t5140415m,,failed,0,0,,http_manifest,known,403,manifest,"Client error '403 ' for url 'https://openapiproext.bnf.fr/iiif/presentation/v3/ark:/12148/bd6t5140415m/manifest.json'
For more information check: https://developer.mozilla.org/en-US/docs/Web/HTTP/Status/403",2026-07-27T16:44:57.964333
petitmarocain,bd6t51404160,,failed,0,0,,http_manifest,known,403,manifest,"Client error '403 ' for url 'https://openapiproext.bnf.fr/iiif/presentation/v3/ark:/12148/bd6t51404160/manifest.json'
For more information check: https://developer.mozilla.org/en-US/docs/Web/HTTP/Status/403",2026-07-27T16:44:59.151024
petitmarocain,bd6t5140417c,,failed,0,0,,http_manifest,known,403,manifest,"Client error '403 ' for url 'https://openapiproext.bnf.fr/iiif/presentation/v3/ark:/12148/bd6t5140417c/manifest.json'
For more information check: https://developer.mozilla.org/en-US/docs/Web/HTTP/Status/403",2026-07-27T16:45:00.346158
petitmarocain,bd6t5140418r,,failed,0,0,,http_manifest,known,403,manifest,"Client error '403 ' for url 'https://openapiproext.bnf.fr/iiif/presentation/v3/ark:/12148/bd6t5140418r/manifest.json'
For more information check: https://developer.mozilla.org/en-US/docs/Web/HTTP/Status/403",2026-07-27T16:45:01.548776
petitmarocain,bd6t51404194,,failed,0,0,,http_manifest,known,403,manifest,"Client error '403 ' for url 'https://openapiproext.bnf.fr/iiif/presentation/v3/ark:/12148/bd6t51404194/manifest.json'
For more information check: https://developer.mozilla.org/en-US/docs/Web/HTTP/Status/403",2026-07-27T16:45:02.745152
petitmarocain,bd6t51404202,,failed,0,0,,http_manifest,known,403,manifest,"Client error '403 ' for url 'https://openapiproext.bnf.fr/iiif/presentation/v3/ark:/12148/bd6t51404202/manifest.json'
For more information check: https://developer.mozilla.org/en-US/docs/Web/HTTP/Status/403",2026-07-27T16:45:03.972188
petitmarocain,bd6t5140421f,,failed,0,0,,http_manifest,known,403,manifest,"Client error '403 ' for url 'https://openapiproext.bnf.fr/iiif/presentation/v3/ark:/12148/bd6t5140421f/manifest.json'
For more information check: https://developer.mozilla.org/en-US/docs/Web/HTTP/Status/403",2026-07-27T16:45:05.162478
petitmarocain,bd6t5140422t,,failed,0,0,,http_manifest,known,403,manifest,"Client error '403 ' for url 'https://openapiproext.bnf.fr/iiif/presentation/v3/ark:/12148/bd6t5140422t/manifest.json'
For more information check: https://developer.mozilla.org/en-US/docs/Web/HTTP/Status/403",2026-07-27T16:45:06.352917
petitmarocain,bd6t51404236,,failed,0,0,,http_manifest,known,403,manifest,"Client error '403 ' for url 'https://openapiproext.bnf.fr/iiif/presentation/v3/ark:/12148/bd6t51404236/manifest.json'
For more information check: https://developer.mozilla.org/en-US/docs/Web/HTTP/Status/403",2026-07-27T16:45:07.553242
petitmarocain,bd6t5140424k,,failed,0,0,,http_manifest,known,403,manifest,"Client error '403 ' for url 'https://openapiproext.bnf.fr/iiif/presentation/v3/ark:/12148/bd6t5140424k/manifest.json'
For more information check: https://developer.mozilla.org/en-US/docs/Web/HTTP/Status/403",2026-07-27T16:45:08.756009
petitmarocain,bd6t5140425z,,failed,0,0,,http_manifest,known,403,manifest,"Client error '403 ' for url 'https://openapiproext.bnf.fr/iiif/presentation/v3/ark:/12148/bd6t5140425z/manifest.json'
For more information check: https://developer.mozilla.org/en-US/docs/Web/HTTP/Status/403",2026-07-27T16:45:09.986538
petitmarocain,bd6t5140426b,,failed,0,0,,http_manifest,known,403,manifest,"Client error '403 ' for url 'https://openapiproext.bnf.fr/iiif/presentation/v3/ark:/12148/bd6t5140426b/manifest.json'
For more information check: https://developer.mozilla.org/en-US/docs/Web/HTTP/Status/403",2026-07-27T16:45:11.165526
petitmarocain,bd6t5140427q,,failed,0,0,,http_manifest,known,403,manifest,"Client error '403 ' for url 'https://openapiproext.bnf.fr/iiif/presentation/v3/ark:/12148/bd6t5140427q/manifest.json'
For more information check: https://developer.mozilla.org/en-US/docs/Web/HTTP/Status/403",2026-07-27T16:45:12.357747
petitmarocain,bd6t51404283,,failed,0,0,,http_manifest,known,403,manifest,"Client error '403 ' for url 'https://openapiproext.bnf.fr/iiif/presentation/v3/ark:/12148/bd6t51404283/manifest.json'
For more information check: https://developer.mozilla.org/en-US/docs/Web/HTTP/Status/403",2026-07-27T16:45:13.566625
petitmarocain,bd6t5140429g,,failed,0,0,,http_manifest,known,403,manifest,"Client error '403 ' for url 'https://openapiproext.bnf.fr/iiif/presentation/v3/ark:/12148/bd6t5140429g/manifest.json'
For more information check: https://developer.mozilla.org/en-US/docs/Web/HTTP/Status/403",2026-07-27T16:45:14.764778
petitmarocain,bd6t5140430d,,failed,0,0,,http_manifest,known,403,manifest,"Client error '403 ' for url 'https://openapiproext.bnf.fr/iiif/presentation/v3/ark:/12148/bd6t5140430d/manifest.json'
For more information check: https://developer.mozilla.org/en-US/docs/Web/HTTP/Status/403",2026-07-27T16:45:15.971966
petitmarocain,bd6t5140431s,,failed,0,0,,http_manifest,known,403,manifest,"Client error '403 ' for url 'https://openapiproext.bnf.fr/iiif/presentation/v3/ark:/12148/bd6t5140431s/manifest.json'
For more information check: https://developer.mozilla.org/en-US/docs/Web/HTTP/Status/403",2026-07-27T16:45:17.166786
petitmarocain,bd6t51404325,,failed,0,0,,http_manifest,known,403,manifest,"Client error '403 ' for url 'https://openapiproext.bnf.fr/iiif/presentation/v3/ark:/12148/bd6t51404325/manifest.json'
For more information check: https://developer.mozilla.org/en-US/docs/Web/HTTP/Status/403",2026-07-27T16:45:18.370650
petitmarocain,bd6t5140433j,,failed,0,0,,http_manifest,known,403,manifest,"Client error '403 ' for url 'https://openapiproext.bnf.fr/iiif/presentation/v3/ark:/12148/bd6t5140433j/manifest.json'
For more information check: https://developer.mozilla.org/en-US/docs/Web/HTTP/Status/403",2026-07-27T16:45:19.565631
petitmarocain,bd6t5140434x,,failed,0,0,,http_manifest,known,403,manifest,"Client error '403 ' for url 'https://openapiproext.bnf.fr/iiif/presentation/v3/ark:/12148/bd6t5140434x/manifest.json'
For more information check: https://developer.mozilla.org/en-US/docs/Web/HTTP/Status/403",2026-07-27T16:45:20.772479
petitmarocain,bd6t51404359,,failed,0,0,,http_manifest,known,403,manifest,"Client error '403 ' for url 'https://openapiproext.bnf.fr/iiif/presentation/v3/ark:/12148/bd6t51404359/manifest.json'
For more information check: https://developer.mozilla.org/en-US/docs/Web/HTTP/Status/403",2026-07-27T16:45:21.974580
petitmarocain,bd6t5140436p,,failed,0,0,,http_manifest,known,403,manifest,"Client error '403 ' for url 'https://openapiproext.bnf.fr/iiif/presentation/v3/ark:/12148/bd6t5140436p/manifest.json'
For more information check: https://developer.mozilla.org/en-US/docs/Web/HTTP/Status/403",2026-07-27T16:45:23.171991
petitmarocain,bd6t51404372,,failed,0,0,,http_manifest,known,403,manifest,"Client error '403 ' for url 'https://openapiproext.bnf.fr/iiif/presentation/v3/ark:/12148/bd6t51404372/manifest.json'
For more information check: https://developer.mozilla.org/en-US/docs/Web/HTTP/Status/403",2026-07-27T16:45:24.380105
petitmarocain,bd6t5140438f,,failed,0,0,,http_manifest,known,403,manifest,"Client error '403 ' for url 'https://openapiproext.bnf.fr/iiif/presentation/v3/ark:/12148/bd6t5140438f/manifest.json'
For more information check: https://developer.mozilla.org/en-US/docs/Web/HTTP/Status/403",2026-07-27T16:45:25.571802
petitmarocain,bd6t5140439t,,failed,0,0,,http_manifest,known,403,manifest,"Client error '403 ' for url 'https://openapiproext.bnf.fr/iiif/presentation/v3/ark:/12148/bd6t5140439t/manifest.json'
For more information check: https://developer.mozilla.org/en-US/docs/Web/HTTP/Status/403",2026-07-27T16:45:26.788748
petitmarocain,bd6t5140440r,,failed,0,0,,http_manifest,known,403,manifest,"Client error '403 ' for url 'https://openapiproext.bnf.fr/iiif/presentation/v3/ark:/12148/bd6t5140440r/manifest.json'
For more information check: https://developer.mozilla.org/en-US/docs/Web/HTTP/Status/403",2026-07-27T16:45:27.996805
petitmarocain,bd6t51404414,,failed,0,0,,http_manifest,known,403,manifest,"Client error '403 ' for url 'https://openapiproext.bnf.fr/iiif/presentation/v3/ark:/12148/bd6t51404414/manifest.json'
For more information check: https://developer.mozilla.org/en-US/docs/Web/HTTP/Status/403",2026-07-27T16:45:29.237993
petitmarocain,bd6t5140442h,,failed,0,0,,http_manifest,known,403,manifest,"Client error '403 ' for url 'https://openapiproext.bnf.fr/iiif/presentation/v3/ark:/12148/bd6t5140442h/manifest.json'
For more information check: https://developer.mozilla.org/en-US/docs/Web/HTTP/Status/403",2026-07-27T16:45:30.624880
petitmarocain,bd6t5140443w,,failed,0,0,,http_manifest,known,403,manifest,"Client error '403 ' for url 'https://openapiproext.bnf.fr/iiif/presentation/v3/ark:/12148/bd6t5140443w/manifest.json'
For more information check: https://developer.mozilla.org/en-US/docs/Web/HTTP/Status/403",2026-07-27T16:45:31.668355
petitmarocain,bd6t51404448,,failed,0,0,,http_manifest,known,403,manifest,"Client error '403 ' for url 'https://openapiproext.bnf.fr/iiif/presentation/v3/ark:/12148/bd6t51404448/manifest.json'
For more information check: https://developer.mozilla.org/en-US/docs/Web/HTTP/Status/403",2026-07-27T16:45:32.930172
petitmarocain,bd6t5140445n,,failed,0,0,,http_manifest,known,403,manifest,"Client error '403 ' for url 'https://openapiproext.bnf.fr/iiif/presentation/v3/ark:/12148/bd6t5140445n/manifest.json'
For more information check: https://developer.mozilla.org/en-US/docs/Web/HTTP/Status/403",2026-07-27T16:45:34.120180
petitmarocain,bd6t51404461,,failed,0,0,,http_manifest,known,403,manifest,"Client error '403 ' for url 'https://openapiproext.bnf.fr/iiif/presentation/v3/ark:/12148/bd6t51404461/manifest.json'
For more information check: https://developer.mozilla.org/en-US/docs/Web/HTTP/Status/403",2026-07-27T16:45:35.193949
petitmarocain,bd6t5140447d,,failed,0,0,,http_manifest,known,403,manifest,"Client error '403 ' for url 'https://openapiproext.bnf.fr/iiif/presentation/v3/ark:/12148/bd6t5140447d/manifest.json'
For more information check: https://developer.mozilla.org/en-US/docs/Web/HTTP/Status/403",2026-07-27T16:45:36.457076
petitmarocain,bd6t5140448s,,failed,0,0,,http_manifest,known,403,manifest,"Client error '403 ' for url 'https://openapiproext.bnf.fr/iiif/presentation/v3/ark:/12148/bd6t5140448s/manifest.json'
For more information check: https://developer.mozilla.org/en-US/docs/Web/HTTP/Status/403",2026-07-27T16:45:37.806493
petitmarocain,bd6t51404495,,failed,0,0,,http_manifest,known,403,manifest,"Client error '403 ' for url 'https://openapiproext.bnf.fr/iiif/presentation/v3/ark:/12148/bd6t51404495/manifest.json'
For more information check: https://developer.mozilla.org/en-US/docs/Web/HTTP/Status/403",2026-07-27T16:45:38.968782
petitmarocain,bd6t51404503,,failed,0,0,,http_manifest,known,403,manifest,"Client error '403 ' for url 'https://openapiproext.bnf.fr/iiif/presentation/v3/ark:/12148/bd6t51404503/manifest.json'
For more information check: https://developer.mozilla.org/en-US/docs/Web/HTTP/Status/403",2026-07-27T16:45:40.176259
petitmarocain,bd6t5140451g,,failed,0,0,,http_manifest,known,403,manifest,"Client error '403 ' for url 'https://openapiproext.bnf.fr/iiif/presentation/v3/ark:/12148/bd6t5140451g/manifest.json'
For more information check: https://developer.mozilla.org/en-US/docs/Web/HTTP/Status/403",2026-07-27T16:45:41.204907
petitmarocain,bd6t5140452v,,failed,0,0,,http_manifest,known,403,manifest,"Client error '403 ' for url 'https://openapiproext.bnf.fr/iiif/presentation/v3/ark:/12148/bd6t5140452v/manifest.json'
For more information check: https://developer.mozilla.org/en-US/docs/Web/HTTP/Status/403",2026-07-27T16:45:42.408093
petitmarocain,bd6t51404537,,failed,0,0,,http_manifest,known,403,manifest,"Client error '403 ' for url 'https://openapiproext.bnf.fr/iiif/presentation/v3/ark:/12148/bd6t51404537/manifest.json'
For more information check: https://developer.mozilla.org/en-US/docs/Web/HTTP/Status/403",2026-07-27T16:45:43.612959
petitmarocain,bd6t5141033k,,failed,0,0,,http_manifest,known,403,manifest,"Client error '403 ' for url 'https://openapiproext.bnf.fr/iiif/presentation/v3/ark:/12148/bd6t5141033k/manifest.json'
For more information check: https://developer.mozilla.org/en-US/docs/Web/HTTP/Status/403",2026-07-27T16:45:44.807192
petitmarocain,bd6t5141034z,,failed,0,0,,http_manifest,known,403,manifest,"Client error '403 ' for url 'https://openapiproext.bnf.fr/iiif/presentation/v3/ark:/12148/bd6t5141034z/manifest.json'
For more information check: https://developer.mozilla.org/en-US/docs/Web/HTTP/Status/403",2026-07-27T16:45:46.119610
petitmarocain,bd6t5141035b,,failed,0,0,,http_manifest,known,403,manifest,"Client error '403 ' for url 'https://openapiproext.bnf.fr/iiif/presentation/v3/ark:/12148/bd6t5141035b/manifest.json'
For more information check: https://developer.mozilla.org/en-US/docs/Web/HTTP/Status/403",2026-07-27T16:45:47.343654
petitmarocain,bd6t5141036q,,failed,0,0,,http_manifest,known,403,manifest,"Client error '403 ' for url 'https://openapiproext.bnf.fr/iiif/presentation/v3/ark:/12148/bd6t5141036q/manifest.json'
For more information check: https://developer.mozilla.org/en-US/docs/Web/HTTP/Status/403",2026-07-27T16:45:48.582011
petitmarocain,bd6t51410373,,failed,0,0,,http_manifest,known,403,manifest,"Client error '403 ' for url 'https://openapiproext.bnf.fr/iiif/presentation/v3/ark:/12148/bd6t51410373/manifest.json'
For more information check: https://developer.mozilla.org/en-US/docs/Web/HTTP/Status/403",2026-07-27T16:45:49.773499
petitmarocain,bd6t5141038g,,failed,0,0,,http_manifest,known,403,manifest,"Client error '403 ' for url 'https://openapiproext.bnf.fr/iiif/presentation/v3/ark:/12148/bd6t5141038g/manifest.json'
For more information check: https://developer.mozilla.org/en-US/docs/Web/HTTP/Status/403",2026-07-27T16:45:50.819015
petitmarocain,bd6t5141039v,,failed,0,0,,http_manifest,known,403,manifest,"Client error '403 ' for url 'https://openapiproext.bnf.fr/iiif/presentation/v3/ark:/12148/bd6t5141039v/manifest.json'
For more information check: https://developer.mozilla.org/en-US/docs/Web/HTTP/Status/403",2026-07-27T16:45:52.017947
petitmarocain,bd6t5141040s,,failed,0,0,,http_manifest,known,403,manifest,"Client error '403 ' for url 'https://openapiproext.bnf.fr/iiif/presentation/v3/ark:/12148/bd6t5141040s/manifest.json'
For more information check: https://developer.mozilla.org/en-US/docs/Web/HTTP/Status/403",2026-07-27T16:45:53.221483
petitmarocain,bd6t51410415,,failed,0,0,,http_manifest,known,403,manifest,"Client error '403 ' for url 'https://openapiproext.bnf.fr/iiif/presentation/v3/ark:/12148/bd6t51410415/manifest.json'
For more information check: https://developer.mozilla.org/en-US/docs/Web/HTTP/Status/403",2026-07-27T16:45:54.419421
petitmarocain,bd6t5141042j,,failed,0,0,,http_manifest,known,403,manifest,"Client error '403 ' for url 'https://openapiproext.bnf.fr/iiif/presentation/v3/ark:/12148/bd6t5141042j/manifest.json'
For more information check: https://developer.mozilla.org/en-US/docs/Web/HTTP/Status/403",2026-07-27T16:45:55.620099
petitmarocain,bd6t5141043x,,failed,0,0,,http_manifest,known,403,manifest,"Client error '403 ' for url 'https://openapiproext.bnf.fr/iiif/presentation/v3/ark:/12148/bd6t5141043x/manifest.json'
For more information check: https://developer.mozilla.org/en-US/docs/Web/HTTP/Status/403",2026-07-27T16:45:56.824900
petitmarocain,bd6t51410449,,failed,0,0,,http_manifest,known,403,manifest,"Client error '403 ' for url 'https://openapiproext.bnf.fr/iiif/presentation/v3/ark:/12148/bd6t51410449/manifest.json'
For more information check: https://developer.mozilla.org/en-US/docs/Web/HTTP/Status/403",2026-07-27T16:45:58.042834
petitmarocain,bd6t5141045p,,failed,0,0,,http_manifest,known,403,manifest,"Client error '403 ' for url 'https://openapiproext.bnf.fr/iiif/presentation/v3/ark:/12148/bd6t5141045p/manifest.json'
For more information check: https://developer.mozilla.org/en-US/docs/Web/HTTP/Status/403",2026-07-27T16:45:59.227807
petitmarocain,bd6t51410462,,failed,0,0,,http_manifest,known,403,manifest,"Client error '403 ' for url 'https://openapiproext.bnf.fr/iiif/presentation/v3/ark:/12148/bd6t51410462/manifest.json'
For more information check: https://developer.mozilla.org/en-US/docs/Web/HTTP/Status/403",2026-07-27T16:46:00.431906
petitmarocain,bd6t5141047f,,failed,0,0,,http_manifest,known,403,manifest,"Client error '403 ' for url 'https://openapiproext.bnf.fr/iiif/presentation/v3/ark:/12148/bd6t5141047f/manifest.json'
For more information check: https://developer.mozilla.org/en-US/docs/Web/HTTP/Status/403",2026-07-27T16:46:01.635376
petitmarocain,bd6t5141048t,,failed,0,0,,http_manifest,known,403,manifest,"Client error '403 ' for url 'https://openapiproext.bnf.fr/iiif/presentation/v3/ark:/12148/bd6t5141048t/manifest.json'
For more information check: https://developer.mozilla.org/en-US/docs/Web/HTTP/Status/403",2026-07-27T16:46:02.833241
petitmarocain,bd6t51410496,,failed,0,0,,http_manifest,known,403,manifest,"Client error '403 ' for url 'https://openapiproext.bnf.fr/iiif/presentation/v3/ark:/12148/bd6t51410496/manifest.json'
For more information check: https://developer.mozilla.org/en-US/docs/Web/HTTP/Status/403",2026-07-27T16:46:04.037023
petitmarocain,bd6t51410504,,failed,0,0,,http_manifest,known,403,manifest,"Client error '403 ' for url 'https://openapiproext.bnf.fr/iiif/presentation/v3/ark:/12148/bd6t51410504/manifest.json'
For more information check: https://developer.mozilla.org/en-US/docs/Web/HTTP/Status/403",2026-07-27T16:46:05.236129
petitmarocain,bd6t5141051h,,failed,0,0,,http_manifest,known,403,manifest,"Client error '403 ' for url 'https://openapiproext.bnf.fr/iiif/presentation/v3/ark:/12148/bd6t5141051h/manifest.json'
For more information check: https://developer.mozilla.org/en-US/docs/Web/HTTP/Status/403",2026-07-27T16:46:06.439022
petitmarocain,bd6t5141052w,,failed,0,0,,http_manifest,known,403,manifest,"Client error '403 ' for url 'https://openapiproext.bnf.fr/iiif/presentation/v3/ark:/12148/bd6t5141052w/manifest.json'
For more information check: https://developer.mozilla.org/en-US/docs/Web/HTTP/Status/403",2026-07-27T16:46:07.641778
petitmarocain,bd6t51410538,,failed,0,0,,http_manifest,known,403,manifest,"Client error '403 ' for url 'https://openapiproext.bnf.fr/iiif/presentation/v3/ark:/12148/bd6t51410538/manifest.json'
For more information check: https://developer.mozilla.org/en-US/docs/Web/HTTP/Status/403",2026-07-27T16:46:08.843777
petitmarocain,bd6t5141054n,,failed,0,0,,http_manifest,known,403,manifest,"Client error '403 ' for url 'https://openapiproext.bnf.fr/iiif/presentation/v3/ark:/12148/bd6t5141054n/manifest.json'
For more information check: https://developer.mozilla.org/en-US/docs/Web/HTTP/Status/403",2026-07-27T16:46:10.060968
petitmarocain,bd6t51410551,,failed,0,0,,http_manifest,known,403,manifest,"Client error '403 ' for url 'https://openapiproext.bnf.fr/iiif/presentation/v3/ark:/12148/bd6t51410551/manifest.json'
For more information check: https://developer.mozilla.org/en-US/docs/Web/HTTP/Status/403",2026-07-27T16:46:11.247723
petitmarocain,bd6t5141056d,,failed,0,0,,http_manifest,known,403,manifest,"Client error '403 ' for url 'https://openapiproext.bnf.fr/iiif/presentation/v3/ark:/12148/bd6t5141056d/manifest.json'
For more information check: https://developer.mozilla.org/en-US/docs/Web/HTTP/Status/403",2026-07-27T16:46:12.447541
petitmarocain,bd6t5141057s,,failed,0,0,,http_manifest,known,403,manifest,"Client error '403 ' for url 'https://openapiproext.bnf.fr/iiif/presentation/v3/ark:/12148/bd6t5141057s/manifest.json'
For more information check: https://developer.mozilla.org/en-US/docs/Web/HTTP/Status/403",2026-07-27T16:46:13.641436
petitmarocain,bd6t51410585,,failed,0,0,,http_manifest,known,403,manifest,"Client error '403 ' for url 'https://openapiproext.bnf.fr/iiif/presentation/v3/ark:/12148/bd6t51410585/manifest.json'
For more information check: https://developer.mozilla.org/en-US/docs/Web/HTTP/Status/403",2026-07-27T16:46:14.847139
petitmarocain,bd6t5141059j,,failed,0,0,,http_manifest,known,403,manifest,"Client error '403 ' for url 'https://openapiproext.bnf.fr/iiif/presentation/v3/ark:/12148/bd6t5141059j/manifest.json'
For more information check: https://developer.mozilla.org/en-US/docs/Web/HTTP/Status/403",2026-07-27T16:46:16.072314
petitmarocain,bd6t5141060g,,failed,0,0,,http_manifest,known,403,manifest,"Client error '403 ' for url 'https://openapiproext.bnf.fr/iiif/presentation/v3/ark:/12148/bd6t5141060g/manifest.json'
For more information check: https://developer.mozilla.org/en-US/docs/Web/HTTP/Status/403",2026-07-27T16:46:17.255257
petitmarocain,bd6t5141061v,,failed,0,0,,http_manifest,known,403,manifest,"Client error '403 ' for url 'https://openapiproext.bnf.fr/iiif/presentation/v3/ark:/12148/bd6t5141061v/manifest.json'
For more information check: https://developer.mozilla.org/en-US/docs/Web/HTTP/Status/403",2026-07-27T16:46:18.454178
petitmarocain,bd6t51410627,,failed,0,0,,http_manifest,known,403,manifest,"Client error '403 ' for url 'https://openapiproext.bnf.fr/iiif/presentation/v3/ark:/12148/bd6t51410627/manifest.json'
For more information check: https://developer.mozilla.org/en-US/docs/Web/HTTP/Status/403",2026-07-27T16:46:19.653660
petitmarocain,bd6t5141063m,,failed,0,0,,http_manifest,known,403,manifest,"Client error '403 ' for url 'https://openapiproext.bnf.fr/iiif/presentation/v3/ark:/12148/bd6t5141063m/manifest.json'
For more information check: https://developer.mozilla.org/en-US/docs/Web/HTTP/Status/403",2026-07-27T16:46:20.857752
petitmarocain,bd6t51410640,,failed,0,0,,http_manifest,known,403,manifest,"Client error '403 ' for url 'https://openapiproext.bnf.fr/iiif/presentation/v3/ark:/12148/bd6t51410640/manifest.json'
For more information check: https://developer.mozilla.org/en-US/docs/Web/HTTP/Status/403",2026-07-27T16:46:22.054624
petitmarocain,bd6t5141065c,,failed,0,0,,http_manifest,known,403,manifest,"Client error '403 ' for url 'https://openapiproext.bnf.fr/iiif/presentation/v3/ark:/12148/bd6t5141065c/manifest.json'
For more information check: https://developer.mozilla.org/en-US/docs/Web/HTTP/Status/403",2026-07-27T16:46:23.263003
petitmarocain,bd6t5141066r,,failed,0,0,,http_manifest,known,403,manifest,"Client error '403 ' for url 'https://openapiproext.bnf.fr/iiif/presentation/v3/ark:/12148/bd6t5141066r/manifest.json'
For more information check: https://developer.mozilla.org/en-US/docs/Web/HTTP/Status/403",2026-07-27T16:46:24.481697
petitmarocain,bd6t51410674,,failed,0,0,,http_manifest,known,403,manifest,"Client error '403 ' for url 'https://openapiproext.bnf.fr/iiif/presentation/v3/ark:/12148/bd6t51410674/manifest.json'
For more information check: https://developer.mozilla.org/en-US/docs/Web/HTTP/Status/403",2026-07-27T16:46:25.665522
petitmarocain,bd6t5141068h,,failed,0,0,,http_manifest,known,403,manifest,"Client error '403 ' for url 'https://openapiproext.bnf.fr/iiif/presentation/v3/ark:/12148/bd6t5141068h/manifest.json'
For more information check: https://developer.mozilla.org/en-US/docs/Web/HTTP/Status/403",2026-07-27T16:46:26.867060
petitmarocain,bd6t5141069w,,failed,0,0,,http_manifest,known,403,manifest,"Client error '403 ' for url 'https://openapiproext.bnf.fr/iiif/presentation/v3/ark:/12148/bd6t5141069w/manifest.json'
For more information check: https://developer.mozilla.org/en-US/docs/Web/HTTP/Status/403",2026-07-27T16:46:28.082483
petitmarocain,bd6t5141070t,,failed,0,0,,http_manifest,known,403,manifest,"Client error '403 ' for url 'https://openapiproext.bnf.fr/iiif/presentation/v3/ark:/12148/bd6t5141070t/manifest.json'
For more information check: https://developer.mozilla.org/en-US/docs/Web/HTTP/Status/403",2026-07-27T16:46:29.274344
petitmarocain,bd6t51410716,,failed,0,0,,http_manifest,known,403,manifest,"Client error '403 ' for url 'https://openapiproext.bnf.fr/iiif/presentation/v3/ark:/12148/bd6t51410716/manifest.json'
For more information check: https://developer.mozilla.org/en-US/docs/Web/HTTP/Status/403",2026-07-27T16:46:30.529873
petitmarocain,bd6t5141072k,,failed,0,0,,http_manifest,known,403,manifest,"Client error '403 ' for url 'https://openapiproext.bnf.fr/iiif/presentation/v3/ark:/12148/bd6t5141072k/manifest.json'
For more information check: https://developer.mozilla.org/en-US/docs/Web/HTTP/Status/403",2026-07-27T16:46:31.687627
petitmarocain,bd6t5141073z,,failed,0,0,,http_manifest,known,403,manifest,"Client error '403 ' for url 'https://openapiproext.bnf.fr/iiif/presentation/v3/ark:/12148/bd6t5141073z/manifest.json'
For more information check: https://developer.mozilla.org/en-US/docs/Web/HTTP/Status/403",2026-07-27T16:46:32.888483
petitmarocain,bd6t5141074b,,failed,0,0,,http_manifest,known,403,manifest,"Client error '403 ' for url 'https://openapiproext.bnf.fr/iiif/presentation/v3/ark:/12148/bd6t5141074b/manifest.json'
For more information check: https://developer.mozilla.org/en-US/docs/Web/HTTP/Status/403",2026-07-27T16:46:34.073699
petitmarocain,bd6t5141075q,,failed,0,0,,http_manifest,known,403,manifest,"Client error '403 ' for url 'https://openapiproext.bnf.fr/iiif/presentation/v3/ark:/12148/bd6t5141075q/manifest.json'
For more information check: https://developer.mozilla.org/en-US/docs/Web/HTTP/Status/403",2026-07-27T16:46:35.278758
petitmarocain,bd6t51410763,,failed,0,0,,http_manifest,known,403,manifest,"Client error '403 ' for url 'https://openapiproext.bnf.fr/iiif/presentation/v3/ark:/12148/bd6t51410763/manifest.json'
For more information check: https://developer.mozilla.org/en-US/docs/Web/HTTP/Status/403",2026-07-27T16:46:36.491444
petitmarocain,bd6t5141077g,,failed,0,0,,http_manifest,known,403,manifest,"Client error '403 ' for url 'https://openapiproext.bnf.fr/iiif/presentation/v3/ark:/12148/bd6t5141077g/manifest.json'
For more information check: https://developer.mozilla.org/en-US/docs/Web/HTTP/Status/403",2026-07-27T16:46:37.699319
petitmarocain,bd6t5141078v,,failed,0,0,,http_manifest,known,403,manifest,"Client error '403 ' for url 'https://openapiproext.bnf.fr/iiif/presentation/v3/ark:/12148/bd6t5141078v/manifest.json'
For more information check: https://developer.mozilla.org/en-US/docs/Web/HTTP/Status/403",2026-07-27T16:46:39.072157
petitmarocain,bd6t51410797,,failed,0,0,,http_manifest,known,403,manifest,"Client error '403 ' for url 'https://openapiproext.bnf.fr/iiif/presentation/v3/ark:/12148/bd6t51410797/manifest.json'
For more information check: https://developer.mozilla.org/en-US/docs/Web/HTTP/Status/403",2026-07-27T16:46:40.107943
petitmarocain,bd6t51410805,,failed,0,0,,http_manifest,known,403,manifest,"Client error '403 ' for url 'https://openapiproext.bnf.fr/iiif/presentation/v3/ark:/12148/bd6t51410805/manifest.json'
For more information check: https://developer.mozilla.org/en-US/docs/Web/HTTP/Status/403",2026-07-27T16:46:41.290050
petitmarocain,bd6t5141081j,,failed,0,0,,http_manifest,known,403,manifest,"Client error '403 ' for url 'https://openapiproext.bnf.fr/iiif/presentation/v3/ark:/12148/bd6t5141081j/manifest.json'
For more information check: https://developer.mozilla.org/en-US/docs/Web/HTTP/Status/403",2026-07-27T16:46:42.502569
petitmarocain,bd6t5141082x,,failed,0,0,,http_manifest,known,403,manifest,"Client error '403 ' for url 'https://openapiproext.bnf.fr/iiif/presentation/v3/ark:/12148/bd6t5141082x/manifest.json'
For more information check: https://developer.mozilla.org/en-US/docs/Web/HTTP/Status/403",2026-07-27T16:46:43.705128
petitmarocain,bd6t51410839,,failed,0,0,,http_manifest,known,403,manifest,"Client error '403 ' for url 'https://openapiproext.bnf.fr/iiif/presentation/v3/ark:/12148/bd6t51410839/manifest.json'
For more information check: https://developer.mozilla.org/en-US/docs/Web/HTTP/Status/403",2026-07-27T16:46:45.053993
petitmarocain,bd6t5141084p,,failed,0,0,,http_manifest,known,403,manifest,"Client error '403 ' for url 'https://openapiproext.bnf.fr/iiif/presentation/v3/ark:/12148/bd6t5141084p/manifest.json'
For more information check: https://developer.mozilla.org/en-US/docs/Web/HTTP/Status/403",2026-07-27T16:46:46.290838
petitmarocain,bd6t51410852,,failed,0,0,,http_manifest,known,403,manifest,"Client error '403 ' for url 'https://openapiproext.bnf.fr/iiif/presentation/v3/ark:/12148/bd6t51410852/manifest.json'
For more information check: https://developer.mozilla.org/en-US/docs/Web/HTTP/Status/403",2026-07-27T16:46:47.482434
petitmarocain,bd6t5141086f,,failed,0,0,,http_manifest,known,403,manifest,"Client error '403 ' for url 'https://openapiproext.bnf.fr/iiif/presentation/v3/ark:/12148/bd6t5141086f/manifest.json'
For more information check: https://developer.mozilla.org/en-US/docs/Web/HTTP/Status/403",2026-07-27T16:46:48.519559
petitmarocain,bd6t5141087t,,failed,0,0,,http_manifest,known,403,manifest,"Client error '403 ' for url 'https://openapiproext.bnf.fr/iiif/presentation/v3/ark:/12148/bd6t5141087t/manifest.json'
For more information check: https://developer.mozilla.org/en-US/docs/Web/HTTP/Status/403",2026-07-27T16:46:49.738275
petitmarocain,bd6t51410886,,failed,0,0,,http_manifest,known,403,manifest,"Client error '403 ' for url 'https://openapiproext.bnf.fr/iiif/presentation/v3/ark:/12148/bd6t51410886/manifest.json'
For more information check: https://developer.mozilla.org/en-US/docs/Web/HTTP/Status/403",2026-07-27T16:46:51.144213
petitmarocain,bd6t5141089k,,failed,0,0,,http_manifest,known,403,manifest,"Client error '403 ' for url 'https://openapiproext.bnf.fr/iiif/presentation/v3/ark:/12148/bd6t5141089k/manifest.json'
For more information check: https://developer.mozilla.org/en-US/docs/Web/HTTP/Status/403",2026-07-27T16:46:52.111370
petitmarocain,bd6t5141090h,,failed,0,0,,http_manifest,known,403,manifest,"Client error '403 ' for url 'https://openapiproext.bnf.fr/iiif/presentation/v3/ark:/12148/bd6t5141090h/manifest.json'
For more information check: https://developer.mozilla.org/en-US/docs/Web/HTTP/Status/403",2026-07-27T16:46:53.312664
petitmarocain,bd6t5141091w,,failed,0,0,,http_manifest,known,403,manifest,"Client error '403 ' for url 'https://openapiproext.bnf.fr/iiif/presentation/v3/ark:/12148/bd6t5141091w/manifest.json'
For more information check: https://developer.mozilla.org/en-US/docs/Web/HTTP/Status/403",2026-07-27T16:46:54.510772
petitmarocain,bd6t51410928,,failed,0,0,,http_manifest,known,403,manifest,"Client error '403 ' for url 'https://openapiproext.bnf.fr/iiif/presentation/v3/ark:/12148/bd6t51410928/manifest.json'
For more information check: https://developer.mozilla.org/en-US/docs/Web/HTTP/Status/403",2026-07-27T16:46:55.725114
petitmarocain,bd6t5141093n,,failed,0,0,,http_manifest,known,403,manifest,"Client error '403 ' for url 'https://openapiproext.bnf.fr/iiif/presentation/v3/ark:/12148/bd6t5141093n/manifest.json'
For more information check: https://developer.mozilla.org/en-US/docs/Web/HTTP/Status/403",2026-07-27T16:46:56.911273
petitmarocain,bd6t51410941,,failed,0,0,,http_manifest,known,403,manifest,"Client error '403 ' for url 'https://openapiproext.bnf.fr/iiif/presentation/v3/ark:/12148/bd6t51410941/manifest.json'
For more information check: https://developer.mozilla.org/en-US/docs/Web/HTTP/Status/403",2026-07-27T16:46:58.131680
petitmarocain,bd6t5141095d,,failed,0,0,,http_manifest,known,403,manifest,"Client error '403 ' for url 'https://openapiproext.bnf.fr/iiif/presentation/v3/ark:/12148/bd6t5141095d/manifest.json'
For more information check: https://developer.mozilla.org/en-US/docs/Web/HTTP/Status/403",2026-07-27T16:46:59.319258
petitmarocain,bd6t5141096s,,failed,0,0,,http_manifest,known,403,manifest,"Client error '403 ' for url 'https://openapiproext.bnf.fr/iiif/presentation/v3/ark:/12148/bd6t5141096s/manifest.json'
For more information check: https://developer.mozilla.org/en-US/docs/Web/HTTP/Status/403",2026-07-27T16:47:00.520407
petitmarocain,bd6t51410975,,failed,0,0,,http_manifest,known,403,manifest,"Client error '403 ' for url 'https://openapiproext.bnf.fr/iiif/presentation/v3/ark:/12148/bd6t51410975/manifest.json'
For more information check: https://developer.mozilla.org/en-US/docs/Web/HTTP/Status/403",2026-07-27T16:47:01.724014
petitmarocain,bd6t5141098j,,failed,0,0,,http_manifest,known,403,manifest,"Client error '403 ' for url 'https://openapiproext.bnf.fr/iiif/presentation/v3/ark:/12148/bd6t5141098j/manifest.json'
For more information check: https://developer.mozilla.org/en-US/docs/Web/HTTP/Status/403",2026-07-27T16:47:02.921779
petitmarocain,bd6t5141099x,,failed,0,0,,http_manifest,known,403,manifest,"Client error '403 ' for url 'https://openapiproext.bnf.fr/iiif/presentation/v3/ark:/12148/bd6t5141099x/manifest.json'
For more information check: https://developer.mozilla.org/en-US/docs/Web/HTTP/Status/403",2026-07-27T16:47:04.192121
petitmarocain,bd6t5141100q,,failed,0,0,,http_manifest,known,403,manifest,"Client error '403 ' for url 'https://openapiproext.bnf.fr/iiif/presentation/v3/ark:/12148/bd6t5141100q/manifest.json'
For more information check: https://developer.mozilla.org/en-US/docs/Web/HTTP/Status/403",2026-07-27T16:47:05.331316
petitmarocain,bd6t51411013,,failed,0,0,,http_manifest,known,403,manifest,"Client error '403 ' for url 'https://openapiproext.bnf.fr/iiif/presentation/v3/ark:/12148/bd6t51411013/manifest.json'
For more information check: https://developer.mozilla.org/en-US/docs/Web/HTTP/Status/403",2026-07-27T16:47:06.534911
petitmarocain,bd6t5141102g,,failed,0,0,,http_manifest,known,403,manifest,"Client error '403 ' for url 'https://openapiproext.bnf.fr/iiif/presentation/v3/ark:/12148/bd6t5141102g/manifest.json'
For more information check: https://developer.mozilla.org/en-US/docs/Web/HTTP/Status/403",2026-07-27T16:47:07.731048
petitmarocain,bd6t5141103v,,failed,0,0,,http_manifest,known,403,manifest,"Client error '403 ' for url 'https://openapiproext.bnf.fr/iiif/presentation/v3/ark:/12148/bd6t5141103v/manifest.json'
For more information check: https://developer.mozilla.org/en-US/docs/Web/HTTP/Status/403",2026-07-27T16:47:08.930939
petitmarocain,bd6t51411047,,failed,0,0,,http_manifest,known,403,manifest,"Client error '403 ' for url 'https://openapiproext.bnf.fr/iiif/presentation/v3/ark:/12148/bd6t51411047/manifest.json'
For more information check: https://developer.mozilla.org/en-US/docs/Web/HTTP/Status/403",2026-07-27T16:47:10.137797
petitmarocain,bd6t5141105m,,failed,0,0,,http_manifest,known,403,manifest,"Client error '403 ' for url 'https://openapiproext.bnf.fr/iiif/presentation/v3/ark:/12148/bd6t5141105m/manifest.json'
For more information check: https://developer.mozilla.org/en-US/docs/Web/HTTP/Status/403",2026-07-27T16:47:11.338976
petitmarocain,bd6t51411060,,failed,0,0,,http_manifest,known,403,manifest,"Client error '403 ' for url 'https://openapiproext.bnf.fr/iiif/presentation/v3/ark:/12148/bd6t51411060/manifest.json'
For more information check: https://developer.mozilla.org/en-US/docs/Web/HTTP/Status/403",2026-07-27T16:47:12.541922
petitmarocain,bd6t5141107c,,failed,0,0,,http_manifest,known,403,manifest,"Client error '403 ' for url 'https://openapiproext.bnf.fr/iiif/presentation/v3/ark:/12148/bd6t5141107c/manifest.json'
For more information check: https://developer.mozilla.org/en-US/docs/Web/HTTP/Status/403",2026-07-27T16:47:13.755597
petitmarocain,bd6t5141108r,,failed,0,0,,http_manifest,known,403,manifest,"Client error '403 ' for url 'https://openapiproext.bnf.fr/iiif/presentation/v3/ark:/12148/bd6t5141108r/manifest.json'
For more information check: https://developer.mozilla.org/en-US/docs/Web/HTTP/Status/403",2026-07-27T16:47:14.944779
petitmarocain,bd6t51411094,,failed,0,0,,http_manifest,known,403,manifest,"Client error '403 ' for url 'https://openapiproext.bnf.fr/iiif/presentation/v3/ark:/12148/bd6t51411094/manifest.json'
For more information check: https://developer.mozilla.org/en-US/docs/Web/HTTP/Status/403",2026-07-27T16:47:16.160001
petitmarocain,bd6t51411102,,failed,0,0,,http_manifest,known,403,manifest,"Client error '403 ' for url 'https://openapiproext.bnf.fr/iiif/presentation/v3/ark:/12148/bd6t51411102/manifest.json'
For more information check: https://developer.mozilla.org/en-US/docs/Web/HTTP/Status/403",2026-07-27T16:47:17.359657
petitmarocain,bd6t5141111f,,failed,0,0,,http_manifest,known,403,manifest,"Client error '403 ' for url 'https://openapiproext.bnf.fr/iiif/presentation/v3/ark:/12148/bd6t5141111f/manifest.json'
For more information check: https://developer.mozilla.org/en-US/docs/Web/HTTP/Status/403",2026-07-27T16:47:18.561593
petitmarocain,bd6t5141112t,,failed,0,0,,http_manifest,known,403,manifest,"Client error '403 ' for url 'https://openapiproext.bnf.fr/iiif/presentation/v3/ark:/12148/bd6t5141112t/manifest.json'
For more information check: https://developer.mozilla.org/en-US/docs/Web/HTTP/Status/403",2026-07-27T16:47:19.751143
petitmarocain,bd6t51411136,,failed,0,0,,http_manifest,known,403,manifest,"Client error '403 ' for url 'https://openapiproext.bnf.fr/iiif/presentation/v3/ark:/12148/bd6t51411136/manifest.json'
For more information check: https://developer.mozilla.org/en-US/docs/Web/HTTP/Status/403",2026-07-27T16:47:20.955213
petitmarocain,bd6t5141114k,,failed,0,0,,http_manifest,known,403,manifest,"Client error '403 ' for url 'https://openapiproext.bnf.fr/iiif/presentation/v3/ark:/12148/bd6t5141114k/manifest.json'
For more information check: https://developer.mozilla.org/en-US/docs/Web/HTTP/Status/403",2026-07-27T16:47:22.156119
petitmarocain,bd6t5141115z,,failed,0,0,,http_manifest,known,403,manifest,"Client error '403 ' for url 'https://openapiproext.bnf.fr/iiif/presentation/v3/ark:/12148/bd6t5141115z/manifest.json'
For more information check: https://developer.mozilla.org/en-US/docs/Web/HTTP/Status/403",2026-07-27T16:47:23.356352
petitmarocain,bd6t5141116b,,failed,0,0,,http_manifest,known,403,manifest,"Client error '403 ' for url 'https://openapiproext.bnf.fr/iiif/presentation/v3/ark:/12148/bd6t5141116b/manifest.json'
For more information check: https://developer.mozilla.org/en-US/docs/Web/HTTP/Status/403",2026-07-27T16:47:24.556201
petitmarocain,bd6t5141117q,,failed,0,0,,http_manifest,known,403,manifest,"Client error '403 ' for url 'https://openapiproext.bnf.fr/iiif/presentation/v3/ark:/12148/bd6t5141117q/manifest.json'
For more information check: https://developer.mozilla.org/en-US/docs/Web/HTTP/Status/403",2026-07-27T16:47:25.759158
petitmarocain,bd6t51411183,,failed,0,0,,http_manifest,known,403,manifest,"Client error '403 ' for url 'https://openapiproext.bnf.fr/iiif/presentation/v3/ark:/12148/bd6t51411183/manifest.json'
For more information check: https://developer.mozilla.org/en-US/docs/Web/HTTP/Status/403",2026-07-27T16:47:26.955725
petitmarocain,bd6t5141119g,,failed,0,0,,http_manifest,known,403,manifest,"Client error '403 ' for url 'https://openapiproext.bnf.fr/iiif/presentation/v3/ark:/12148/bd6t5141119g/manifest.json'
For more information check: https://developer.mozilla.org/en-US/docs/Web/HTTP/Status/403",2026-07-27T16:47:28.179938
petitmarocain,bd6t5141120d,,failed,0,0,,http_manifest,known,403,manifest,"Client error '403 ' for url 'https://openapiproext.bnf.fr/iiif/presentation/v3/ark:/12148/bd6t5141120d/manifest.json'
For more information check: https://developer.mozilla.org/en-US/docs/Web/HTTP/Status/403",2026-07-27T16:47:29.359730
petitmarocain,bd6t5141121s,,failed,0,0,,http_manifest,known,403,manifest,"Client error '403 ' for url 'https://openapiproext.bnf.fr/iiif/presentation/v3/ark:/12148/bd6t5141121s/manifest.json'
For more information check: https://developer.mozilla.org/en-US/docs/Web/HTTP/Status/403",2026-07-27T16:47:30.714120
petitmarocain,bd6t51411225,,failed,0,0,,http_manifest,known,403,manifest,"Client error '403 ' for url 'https://openapiproext.bnf.fr/iiif/presentation/v3/ark:/12148/bd6t51411225/manifest.json'
For more information check: https://developer.mozilla.org/en-US/docs/Web/HTTP/Status/403",2026-07-27T16:47:31.976383
petitmarocain,bd6t5141123j,,failed,0,0,,http_manifest,known,403,manifest,"Client error '403 ' for url 'https://openapiproext.bnf.fr/iiif/presentation/v3/ark:/12148/bd6t5141123j/manifest.json'
For more information check: https://developer.mozilla.org/en-US/docs/Web/HTTP/Status/403",2026-07-27T16:47:32.976573
petitmarocain,bd6t5141124x,,failed,0,0,,http_manifest,known,403,manifest,"Client error '403 ' for url 'https://openapiproext.bnf.fr/iiif/presentation/v3/ark:/12148/bd6t5141124x/manifest.json'
For more information check: https://developer.mozilla.org/en-US/docs/Web/HTTP/Status/403",2026-07-27T16:47:34.193037
petitmarocain,bd6t5140941p,,failed,0,0,,http_manifest,known,403,manifest,"Client error '403 ' for url 'https://openapiproext.bnf.fr/iiif/presentation/v3/ark:/12148/bd6t5140941p/manifest.json'
For more information check: https://developer.mozilla.org/en-US/docs/Web/HTTP/Status/403",2026-07-27T16:47:35.491214
petitmarocain,bd6t51409422,,failed,0,0,,http_manifest,known,403,manifest,"Client error '403 ' for url 'https://openapiproext.bnf.fr/iiif/presentation/v3/ark:/12148/bd6t51409422/manifest.json'
For more information check: https://developer.mozilla.org/en-US/docs/Web/HTTP/Status/403",2026-07-27T16:47:36.984384
petitmarocain,bd6t5140943f,,failed,0,0,,http_manifest,known,403,manifest,"Client error '403 ' for url 'https://openapiproext.bnf.fr/iiif/presentation/v3/ark:/12148/bd6t5140943f/manifest.json'
For more information check: https://developer.mozilla.org/en-US/docs/Web/HTTP/Status/403",2026-07-27T16:47:38.083826
petitmarocain,bd6t5140944t,,failed,0,0,,http_manifest,known,403,manifest,"Client error '403 ' for url 'https://openapiproext.bnf.fr/iiif/presentation/v3/ark:/12148/bd6t5140944t/manifest.json'
For more information check: https://developer.mozilla.org/en-US/docs/Web/HTTP/Status/403",2026-07-27T16:47:39.256324
petitmarocain,bd6t51409456,,failed,0,0,,http_manifest,known,403,manifest,"Client error '403 ' for url 'https://openapiproext.bnf.fr/iiif/presentation/v3/ark:/12148/bd6t51409456/manifest.json'
For more information check: https://developer.mozilla.org/en-US/docs/Web/HTTP/Status/403",2026-07-27T16:47:40.187515
petitmarocain,bd6t5140946k,,failed,0,0,,http_manifest,known,403,manifest,"Client error '403 ' for url 'https://openapiproext.bnf.fr/iiif/presentation/v3/ark:/12148/bd6t5140946k/manifest.json'
For more information check: https://developer.mozilla.org/en-US/docs/Web/HTTP/Status/403",2026-07-27T16:47:41.378892
petitmarocain,bd6t5140947z,,failed,0,0,,http_manifest,known,403,manifest,"Client error '403 ' for url 'https://openapiproext.bnf.fr/iiif/presentation/v3/ark:/12148/bd6t5140947z/manifest.json'
For more information check: https://developer.mozilla.org/en-US/docs/Web/HTTP/Status/403",2026-07-27T16:47:42.584648
petitmarocain,bd6t5140948b,,failed,0,0,,http_manifest,known,403,manifest,"Client error '403 ' for url 'https://openapiproext.bnf.fr/iiif/presentation/v3/ark:/12148/bd6t5140948b/manifest.json'
For more information check: https://developer.mozilla.org/en-US/docs/Web/HTTP/Status/403",2026-07-27T16:47:43.952961
petitmarocain,bd6t5140949q,,failed,0,0,,http_manifest,known,403,manifest,"Client error '403 ' for url 'https://openapiproext.bnf.fr/iiif/presentation/v3/ark:/12148/bd6t5140949q/manifest.json'
For more information check: https://developer.mozilla.org/en-US/docs/Web/HTTP/Status/403",2026-07-27T16:47:45.012370
petitmarocain,bd6t5140950n,,failed,0,0,,http_manifest,known,403,manifest,"Client error '403 ' for url 'https://openapiproext.bnf.fr/iiif/presentation/v3/ark:/12148/bd6t5140950n/manifest.json'
For more information check: https://developer.mozilla.org/en-US/docs/Web/HTTP/Status/403",2026-07-27T16:47:46.195680
petitmarocain,bd6t51409511,,failed,0,0,,http_manifest,known,403,manifest,"Client error '403 ' for url 'https://openapiproext.bnf.fr/iiif/presentation/v3/ark:/12148/bd6t51409511/manifest.json'
For more information check: https://developer.mozilla.org/en-US/docs/Web/HTTP/Status/403",2026-07-27T16:47:47.380341
petitmarocain,bd6t5140952d,,failed,0,0,,http_manifest,known,403,manifest,"Client error '403 ' for url 'https://openapiproext.bnf.fr/iiif/presentation/v3/ark:/12148/bd6t5140952d/manifest.json'
For more information check: https://developer.mozilla.org/en-US/docs/Web/HTTP/Status/403",2026-07-27T16:47:48.584039
petitmarocain,bd6t5140953s,,failed,0,0,,http_manifest,known,403,manifest,"Client error '403 ' for url 'https://openapiproext.bnf.fr/iiif/presentation/v3/ark:/12148/bd6t5140953s/manifest.json'
For more information check: https://developer.mozilla.org/en-US/docs/Web/HTTP/Status/403",2026-07-27T16:47:49.804009
petitmarocain,bd6t51409545,,failed,0,0,,http_manifest,known,403,manifest,"Client error '403 ' for url 'https://openapiproext.bnf.fr/iiif/presentation/v3/ark:/12148/bd6t51409545/manifest.json'
For more information check: https://developer.mozilla.org/en-US/docs/Web/HTTP/Status/403",2026-07-27T16:47:50.994306
petitmarocain,bd6t5140955j,,failed,0,0,,http_manifest,known,403,manifest,"Client error '403 ' for url 'https://openapiproext.bnf.fr/iiif/presentation/v3/ark:/12148/bd6t5140955j/manifest.json'
For more information check: https://developer.mozilla.org/en-US/docs/Web/HTTP/Status/403",2026-07-27T16:47:52.450280
petitmarocain,bd6t5140956x,,failed,0,0,,http_manifest,known,403,manifest,"Client error '403 ' for url 'https://openapiproext.bnf.fr/iiif/presentation/v3/ark:/12148/bd6t5140956x/manifest.json'
For more information check: https://developer.mozilla.org/en-US/docs/Web/HTTP/Status/403",2026-07-27T16:47:53.602556
petitmarocain,bd6t51409579,,failed,0,0,,http_manifest,known,403,manifest,"Client error '403 ' for url 'https://openapiproext.bnf.fr/iiif/presentation/v3/ark:/12148/bd6t51409579/manifest.json'
For more information check: https://developer.mozilla.org/en-US/docs/Web/HTTP/Status/403",2026-07-27T16:47:54.696038
petitmarocain,bd6t5140958p,,failed,0,0,,http_manifest,known,403,manifest,"Client error '403 ' for url 'https://openapiproext.bnf.fr/iiif/presentation/v3/ark:/12148/bd6t5140958p/manifest.json'
For more information check: https://developer.mozilla.org/en-US/docs/Web/HTTP/Status/403",2026-07-27T16:47:55.804570
petitmarocain,bd6t51409592,,failed,0,0,,http_manifest,known,403,manifest,"Client error '403 ' for url 'https://openapiproext.bnf.fr/iiif/presentation/v3/ark:/12148/bd6t51409592/manifest.json'
For more information check: https://developer.mozilla.org/en-US/docs/Web/HTTP/Status/403",2026-07-27T16:47:57.025078
petitmarocain,bd6t51409600,,failed,0,0,,http_manifest,known,403,manifest,"Client error '403 ' for url 'https://openapiproext.bnf.fr/iiif/presentation/v3/ark:/12148/bd6t51409600/manifest.json'
For more information check: https://developer.mozilla.org/en-US/docs/Web/HTTP/Status/403",2026-07-27T16:47:58.201125
petitmarocain,bd6t5140961c,,failed,0,0,,http_manifest,known,403,manifest,"Client error '403 ' for url 'https://openapiproext.bnf.fr/iiif/presentation/v3/ark:/12148/bd6t5140961c/manifest.json'
For more information check: https://developer.mozilla.org/en-US/docs/Web/HTTP/Status/403",2026-07-27T16:47:59.405249
petitmarocain,bd6t5140962r,,failed,0,0,,http_manifest,known,403,manifest,"Client error '403 ' for url 'https://openapiproext.bnf.fr/iiif/presentation/v3/ark:/12148/bd6t5140962r/manifest.json'
For more information check: https://developer.mozilla.org/en-US/docs/Web/HTTP/Status/403",2026-07-27T16:48:00.608760
petitmarocain,bd6t51409634,,failed,0,0,,http_manifest,known,403,manifest,"Client error '403 ' for url 'https://openapiproext.bnf.fr/iiif/presentation/v3/ark:/12148/bd6t51409634/manifest.json'
For more information check: https://developer.mozilla.org/en-US/docs/Web/HTTP/Status/403",2026-07-27T16:48:01.803609
petitmarocain,bd6t5140964h,,failed,0,0,,http_manifest,known,403,manifest,"Client error '403 ' for url 'https://openapiproext.bnf.fr/iiif/presentation/v3/ark:/12148/bd6t5140964h/manifest.json'
For more information check: https://developer.mozilla.org/en-US/docs/Web/HTTP/Status/403",2026-07-27T16:48:03.007928
petitmarocain,bd6t5140965w,,failed,0,0,,http_manifest,known,403,manifest,"Client error '403 ' for url 'https://openapiproext.bnf.fr/iiif/presentation/v3/ark:/12148/bd6t5140965w/manifest.json'
For more information check: https://developer.mozilla.org/en-US/docs/Web/HTTP/Status/403",2026-07-27T16:48:04.209795
petitmarocain,bd6t51409668,,failed,0,0,,http_manifest,known,403,manifest,"Client error '403 ' for url 'https://openapiproext.bnf.fr/iiif/presentation/v3/ark:/12148/bd6t51409668/manifest.json'
For more information check: https://developer.mozilla.org/en-US/docs/Web/HTTP/Status/403",2026-07-27T16:48:05.409434
petitmarocain,bd6t5140967n,,failed,0,0,,http_manifest,known,403,manifest,"Client error '403 ' for url 'https://openapiproext.bnf.fr/iiif/presentation/v3/ark:/12148/bd6t5140967n/manifest.json'
For more information check: https://developer.mozilla.org/en-US/docs/Web/HTTP/Status/403",2026-07-27T16:48:06.614170
petitmarocain,bd6t51409681,,failed,0,0,,http_manifest,known,403,manifest,"Client error '403 ' for url 'https://openapiproext.bnf.fr/iiif/presentation/v3/ark:/12148/bd6t51409681/manifest.json'
For more information check: https://developer.mozilla.org/en-US/docs/Web/HTTP/Status/403",2026-07-27T16:48:07.809254
petitmarocain,bd6t5140969d,,failed,0,0,,http_manifest,known,403,manifest,"Client error '403 ' for url 'https://openapiproext.bnf.fr/iiif/presentation/v3/ark:/12148/bd6t5140969d/manifest.json'
For more information check: https://developer.mozilla.org/en-US/docs/Web/HTTP/Status/403",2026-07-27T16:48:09.031622
petitmarocain,bd6t5140970b,,failed,0,0,,http_manifest,known,403,manifest,"Client error '403 ' for url 'https://openapiproext.bnf.fr/iiif/presentation/v3/ark:/12148/bd6t5140970b/manifest.json'
For more information check: https://developer.mozilla.org/en-US/docs/Web/HTTP/Status/403",2026-07-27T16:48:10.215967
petitmarocain,bd6t5140971q,,failed,0,0,,http_manifest,known,403,manifest,"Client error '403 ' for url 'https://openapiproext.bnf.fr/iiif/presentation/v3/ark:/12148/bd6t5140971q/manifest.json'
For more information check: https://developer.mozilla.org/en-US/docs/Web/HTTP/Status/403",2026-07-27T16:48:11.417802
petitmarocain,bd6t51409723,,failed,0,0,,http_manifest,known,403,manifest,"Client error '403 ' for url 'https://openapiproext.bnf.fr/iiif/presentation/v3/ark:/12148/bd6t51409723/manifest.json'
For more information check: https://developer.mozilla.org/en-US/docs/Web/HTTP/Status/403",2026-07-27T16:48:12.620121
petitmarocain,bd6t5140973g,,failed,0,0,,http_manifest,known,403,manifest,"Client error '403 ' for url 'https://openapiproext.bnf.fr/iiif/presentation/v3/ark:/12148/bd6t5140973g/manifest.json'
For more information check: https://developer.mozilla.org/en-US/docs/Web/HTTP/Status/403",2026-07-27T16:48:13.826837
petitmarocain,bd6t5140974v,,failed,0,0,,http_manifest,known,403,manifest,"Client error '403 ' for url 'https://openapiproext.bnf.fr/iiif/presentation/v3/ark:/12148/bd6t5140974v/manifest.json'
For more information check: https://developer.mozilla.org/en-US/docs/Web/HTTP/Status/403",2026-07-27T16:48:15.043691
petitmarocain,bd6t51409757,,failed,0,0,,http_manifest,known,403,manifest,"Client error '403 ' for url 'https://openapiproext.bnf.fr/iiif/presentation/v3/ark:/12148/bd6t51409757/manifest.json'
For more information check: https://developer.mozilla.org/en-US/docs/Web/HTTP/Status/403",2026-07-27T16:48:16.222089
petitmarocain,bd6t5140976m,,failed,0,0,,http_manifest,known,403,manifest,"Client error '403 ' for url 'https://openapiproext.bnf.fr/iiif/presentation/v3/ark:/12148/bd6t5140976m/manifest.json'
For more information check: https://developer.mozilla.org/en-US/docs/Web/HTTP/Status/403",2026-07-27T16:48:17.437436
petitmarocain,bd6t51409770,,failed,0,0,,http_manifest,known,403,manifest,"Client error '403 ' for url 'https://openapiproext.bnf.fr/iiif/presentation/v3/ark:/12148/bd6t51409770/manifest.json'
For more information check: https://developer.mozilla.org/en-US/docs/Web/HTTP/Status/403",2026-07-27T16:48:18.628992
petitmarocain,bd6t5140978c,,failed,0,0,,http_manifest,known,403,manifest,"Client error '403 ' for url 'https://openapiproext.bnf.fr/iiif/presentation/v3/ark:/12148/bd6t5140978c/manifest.json'
For more information check: https://developer.mozilla.org/en-US/docs/Web/HTTP/Status/403",2026-07-27T16:48:19.828600
petitmarocain,bd6t5140979r,,failed,0,0,,http_manifest,known,403,manifest,"Client error '403 ' for url 'https://openapiproext.bnf.fr/iiif/presentation/v3/ark:/12148/bd6t5140979r/manifest.json'
For more information check: https://developer.mozilla.org/en-US/docs/Web/HTTP/Status/403",2026-07-27T16:48:21.040092
petitmarocain,bd6t5140980p,,failed,0,0,,http_manifest,known,403,manifest,"Client error '403 ' for url 'https://openapiproext.bnf.fr/iiif/presentation/v3/ark:/12148/bd6t5140980p/manifest.json'
For more information check: https://developer.mozilla.org/en-US/docs/Web/HTTP/Status/403",2026-07-27T16:48:22.238075
petitmarocain,bd6t51409812,,failed,0,0,,http_manifest,known,403,manifest,"Client error '403 ' for url 'https://openapiproext.bnf.fr/iiif/presentation/v3/ark:/12148/bd6t51409812/manifest.json'
For more information check: https://developer.mozilla.org/en-US/docs/Web/HTTP/Status/403",2026-07-27T16:48:23.435253
petitmarocain,bd6t5140982f,,failed,0,0,,http_manifest,known,403,manifest,"Client error '403 ' for url 'https://openapiproext.bnf.fr/iiif/presentation/v3/ark:/12148/bd6t5140982f/manifest.json'
For more information check: https://developer.mozilla.org/en-US/docs/Web/HTTP/Status/403",2026-07-27T16:48:24.646780
petitmarocain,bd6t5140983t,,failed,0,0,,http_manifest,known,403,manifest,"Client error '403 ' for url 'https://openapiproext.bnf.fr/iiif/presentation/v3/ark:/12148/bd6t5140983t/manifest.json'
For more information check: https://developer.mozilla.org/en-US/docs/Web/HTTP/Status/403",2026-07-27T16:48:25.841104
petitmarocain,bd6t51409846,,failed,0,0,,http_manifest,known,403,manifest,"Client error '403 ' for url 'https://openapiproext.bnf.fr/iiif/presentation/v3/ark:/12148/bd6t51409846/manifest.json'
For more information check: https://developer.mozilla.org/en-US/docs/Web/HTTP/Status/403",2026-07-27T16:48:27.056675
petitmarocain,bd6t5140985k,,failed,0,0,,http_manifest,known,403,manifest,"Client error '403 ' for url 'https://openapiproext.bnf.fr/iiif/presentation/v3/ark:/12148/bd6t5140985k/manifest.json'
For more information check: https://developer.mozilla.org/en-US/docs/Web/HTTP/Status/403",2026-07-27T16:48:28.240545
petitmarocain,bd6t5140986z,,failed,0,0,,http_manifest,known,403,manifest,"Client error '403 ' for url 'https://openapiproext.bnf.fr/iiif/presentation/v3/ark:/12148/bd6t5140986z/manifest.json'
For more information check: https://developer.mozilla.org/en-US/docs/Web/HTTP/Status/403",2026-07-27T16:48:29.521554
petitmarocain,bd6t5140987b,,failed,0,0,,http_manifest,known,403,manifest,"Client error '403 ' for url 'https://openapiproext.bnf.fr/iiif/presentation/v3/ark:/12148/bd6t5140987b/manifest.json'
For more information check: https://developer.mozilla.org/en-US/docs/Web/HTTP/Status/403",2026-07-27T16:48:30.843009
petitmarocain,bd6t5140988q,,failed,0,0,,http_manifest,known,403,manifest,"Client error '403 ' for url 'https://openapiproext.bnf.fr/iiif/presentation/v3/ark:/12148/bd6t5140988q/manifest.json'
For more information check: https://developer.mozilla.org/en-US/docs/Web/HTTP/Status/403",2026-07-27T16:48:31.927983
petitmarocain,bd6t51409893,,failed,0,0,,http_manifest,known,403,manifest,"Client error '403 ' for url 'https://openapiproext.bnf.fr/iiif/presentation/v3/ark:/12148/bd6t51409893/manifest.json'
For more information check: https://developer.mozilla.org/en-US/docs/Web/HTTP/Status/403",2026-07-27T16:48:33.247632
petitmarocain,bd6t51409901,,failed,0,0,,http_manifest,known,403,manifest,"Client error '403 ' for url 'https://openapiproext.bnf.fr/iiif/presentation/v3/ark:/12148/bd6t51409901/manifest.json'
For more information check: https://developer.mozilla.org/en-US/docs/Web/HTTP/Status/403",2026-07-27T16:48:34.317375
petitmarocain,bd6t5140991d,,failed,0,0,,http_manifest,known,403,manifest,"Client error '403 ' for url 'https://openapiproext.bnf.fr/iiif/presentation/v3/ark:/12148/bd6t5140991d/manifest.json'
For more information check: https://developer.mozilla.org/en-US/docs/Web/HTTP/Status/403",2026-07-27T16:48:35.460850
petitmarocain,bd6t5140992s,,failed,0,0,,http_manifest,known,403,manifest,"Client error '403 ' for url 'https://openapiproext.bnf.fr/iiif/presentation/v3/ark:/12148/bd6t5140992s/manifest.json'
For more information check: https://developer.mozilla.org/en-US/docs/Web/HTTP/Status/403",2026-07-27T16:48:36.767061
petitmarocain,bd6t51409935,,failed,0,0,,http_manifest,known,403,manifest,"Client error '403 ' for url 'https://openapiproext.bnf.fr/iiif/presentation/v3/ark:/12148/bd6t51409935/manifest.json'
For more information check: https://developer.mozilla.org/en-US/docs/Web/HTTP/Status/403",2026-07-27T16:48:38.096102
petitmarocain,bd6t5140994j,,failed,0,0,,http_manifest,known,403,manifest,"Client error '403 ' for url 'https://openapiproext.bnf.fr/iiif/presentation/v3/ark:/12148/bd6t5140994j/manifest.json'
For more information check: https://developer.mozilla.org/en-US/docs/Web/HTTP/Status/403",2026-07-27T16:48:39.213772
petitmarocain,bd6t5140995x,,failed,0,0,,http_manifest,known,403,manifest,"Client error '403 ' for url 'https://openapiproext.bnf.fr/iiif/presentation/v3/ark:/12148/bd6t5140995x/manifest.json'
For more information check: https://developer.mozilla.org/en-US/docs/Web/HTTP/Status/403",2026-07-27T16:48:40.269365
petitmarocain,bd6t51409969,,failed,0,0,,http_manifest,known,403,manifest,"Client error '403 ' for url 'https://openapiproext.bnf.fr/iiif/presentation/v3/ark:/12148/bd6t51409969/manifest.json'
For more information check: https://developer.mozilla.org/en-US/docs/Web/HTTP/Status/403",2026-07-27T16:48:41.468803
petitmarocain,bd6t5140997p,,failed,0,0,,http_manifest,known,403,manifest,"Client error '403 ' for url 'https://openapiproext.bnf.fr/iiif/presentation/v3/ark:/12148/bd6t5140997p/manifest.json'
For more information check: https://developer.mozilla.org/en-US/docs/Web/HTTP/Status/403",2026-07-27T16:48:42.667536
petitmarocain,bd6t51409982,,failed,0,0,,http_manifest,known,403,manifest,"Client error '403 ' for url 'https://openapiproext.bnf.fr/iiif/presentation/v3/ark:/12148/bd6t51409982/manifest.json'
For more information check: https://developer.mozilla.org/en-US/docs/Web/HTTP/Status/403",2026-07-27T16:48:43.879108
petitmarocain,bd6t5140999f,,failed,0,0,,http_manifest,known,403,manifest,"Client error '403 ' for url 'https://openapiproext.bnf.fr/iiif/presentation/v3/ark:/12148/bd6t5140999f/manifest.json'
For more information check: https://developer.mozilla.org/en-US/docs/Web/HTTP/Status/403",2026-07-27T16:48:45.285405
petitmarocain,bd6t5141000d,,failed,0,0,,http_manifest,known,403,manifest,"Client error '403 ' for url 'https://openapiproext.bnf.fr/iiif/presentation/v3/ark:/12148/bd6t5141000d/manifest.json'
For more information check: https://developer.mozilla.org/en-US/docs/Web/HTTP/Status/403",2026-07-27T16:48:46.322374
petitmarocain,bd6t5141001s,,failed,0,0,,http_manifest,known,403,manifest,"Client error '403 ' for url 'https://openapiproext.bnf.fr/iiif/presentation/v3/ark:/12148/bd6t5141001s/manifest.json'
For more information check: https://developer.mozilla.org/en-US/docs/Web/HTTP/Status/403",2026-07-27T16:48:47.475456
petitmarocain,bd6t51410025,,failed,0,0,,http_manifest,known,403,manifest,"Client error '403 ' for url 'https://openapiproext.bnf.fr/iiif/presentation/v3/ark:/12148/bd6t51410025/manifest.json'
For more information check: https://developer.mozilla.org/en-US/docs/Web/HTTP/Status/403",2026-07-27T16:48:48.690144
petitmarocain,bd6t5141003j,,failed,0,0,,http_manifest,known,403,manifest,"Client error '403 ' for url 'https://openapiproext.bnf.fr/iiif/presentation/v3/ark:/12148/bd6t5141003j/manifest.json'
For more information check: https://developer.mozilla.org/en-US/docs/Web/HTTP/Status/403",2026-07-27T16:48:49.875949
petitmarocain,bd6t5141004x,,failed,0,0,,http_manifest,known,403,manifest,"Client error '403 ' for url 'https://openapiproext.bnf.fr/iiif/presentation/v3/ark:/12148/bd6t5141004x/manifest.json'
For more information check: https://developer.mozilla.org/en-US/docs/Web/HTTP/Status/403",2026-07-27T16:48:51.087457
petitmarocain,bd6t51410059,,failed,0,0,,http_manifest,known,403,manifest,"Client error '403 ' for url 'https://openapiproext.bnf.fr/iiif/presentation/v3/ark:/12148/bd6t51410059/manifest.json'
For more information check: https://developer.mozilla.org/en-US/docs/Web/HTTP/Status/403",2026-07-27T16:48:52.291839
petitmarocain,bd6t5141006p,,failed,0,0,,http_manifest,known,403,manifest,"Client error '403 ' for url 'https://openapiproext.bnf.fr/iiif/presentation/v3/ark:/12148/bd6t5141006p/manifest.json'
For more information check: https://developer.mozilla.org/en-US/docs/Web/HTTP/Status/403",2026-07-27T16:48:53.503259
petitmarocain,bd6t51410072,,failed,0,0,,http_manifest,known,403,manifest,"Client error '403 ' for url 'https://openapiproext.bnf.fr/iiif/presentation/v3/ark:/12148/bd6t51410072/manifest.json'
For more information check: https://developer.mozilla.org/en-US/docs/Web/HTTP/Status/403",2026-07-27T16:48:54.692544
petitmarocain,bd6t5141008f,,failed,0,0,,http_manifest,known,403,manifest,"Client error '403 ' for url 'https://openapiproext.bnf.fr/iiif/presentation/v3/ark:/12148/bd6t5141008f/manifest.json'
For more information check: https://developer.mozilla.org/en-US/docs/Web/HTTP/Status/403",2026-07-27T16:48:55.906026
petitmarocain,bd6t5141009t,,failed,0,0,,http_manifest,known,403,manifest,"Client error '403 ' for url 'https://openapiproext.bnf.fr/iiif/presentation/v3/ark:/12148/bd6t5141009t/manifest.json'
For more information check: https://developer.mozilla.org/en-US/docs/Web/HTTP/Status/403",2026-07-27T16:48:57.118190
petitmarocain,bd6t5141010r,,failed,0,0,,http_manifest,known,403,manifest,"Client error '403 ' for url 'https://openapiproext.bnf.fr/iiif/presentation/v3/ark:/12148/bd6t5141010r/manifest.json'
For more information check: https://developer.mozilla.org/en-US/docs/Web/HTTP/Status/403",2026-07-27T16:48:58.298791
petitmarocain,bd6t51410114,,failed,0,0,,http_manifest,known,403,manifest,"Client error '403 ' for url 'https://openapiproext.bnf.fr/iiif/presentation/v3/ark:/12148/bd6t51410114/manifest.json'
For more information check: https://developer.mozilla.org/en-US/docs/Web/HTTP/Status/403",2026-07-27T16:48:59.498654
petitmarocain,bd6t5141012h,,failed,0,0,,http_manifest,known,403,manifest,"Client error '403 ' for url 'https://openapiproext.bnf.fr/iiif/presentation/v3/ark:/12148/bd6t5141012h/manifest.json'
For more information check: https://developer.mozilla.org/en-US/docs/Web/HTTP/Status/403",2026-07-27T16:49:00.698273
petitmarocain,bd6t5141013w,,failed,0,0,,http_manifest,known,403,manifest,"Client error '403 ' for url 'https://openapiproext.bnf.fr/iiif/presentation/v3/ark:/12148/bd6t5141013w/manifest.json'
For more information check: https://developer.mozilla.org/en-US/docs/Web/HTTP/Status/403",2026-07-27T16:49:01.902819
petitmarocain,bd6t51410148,,failed,0,0,,http_manifest,known,403,manifest,"Client error '403 ' for url 'https://openapiproext.bnf.fr/iiif/presentation/v3/ark:/12148/bd6t51410148/manifest.json'
For more information check: https://developer.mozilla.org/en-US/docs/Web/HTTP/Status/403",2026-07-27T16:49:03.102645
petitmarocain,bd6t5141015n,,failed,0,0,,http_manifest,known,403,manifest,"Client error '403 ' for url 'https://openapiproext.bnf.fr/iiif/presentation/v3/ark:/12148/bd6t5141015n/manifest.json'
For more information check: https://developer.mozilla.org/en-US/docs/Web/HTTP/Status/403",2026-07-27T16:49:04.350031
petitmarocain,bd6t51410161,,failed,0,0,,http_manifest,known,403,manifest,"Client error '403 ' for url 'https://openapiproext.bnf.fr/iiif/presentation/v3/ark:/12148/bd6t51410161/manifest.json'
For more information check: https://developer.mozilla.org/en-US/docs/Web/HTTP/Status/403",2026-07-27T16:49:05.503993
petitmarocain,bd6t5141017d,,failed,0,0,,http_manifest,known,403,manifest,"Client error '403 ' for url 'https://openapiproext.bnf.fr/iiif/presentation/v3/ark:/12148/bd6t5141017d/manifest.json'
For more information check: https://developer.mozilla.org/en-US/docs/Web/HTTP/Status/403",2026-07-27T16:49:06.707375
petitmarocain,bd6t5141018s,,failed,0,0,,http_manifest,known,403,manifest,"Client error '403 ' for url 'https://openapiproext.bnf.fr/iiif/presentation/v3/ark:/12148/bd6t5141018s/manifest.json'
For more information check: https://developer.mozilla.org/en-US/docs/Web/HTTP/Status/403",2026-07-27T16:49:07.912886
petitmarocain,bd6t51410195,,failed,0,0,,http_manifest,known,403,manifest,"Client error '403 ' for url 'https://openapiproext.bnf.fr/iiif/presentation/v3/ark:/12148/bd6t51410195/manifest.json'
For more information check: https://developer.mozilla.org/en-US/docs/Web/HTTP/Status/403",2026-07-27T16:49:09.109267
petitmarocain,bd6t51410203,,failed,0,0,,http_manifest,known,403,manifest,"Client error '403 ' for url 'https://openapiproext.bnf.fr/iiif/presentation/v3/ark:/12148/bd6t51410203/manifest.json'
For more information check: https://developer.mozilla.org/en-US/docs/Web/HTTP/Status/403",2026-07-27T16:49:10.317136
petitmarocain,bd6t5141021g,,failed,0,0,,http_manifest,known,403,manifest,"Client error '403 ' for url 'https://openapiproext.bnf.fr/iiif/presentation/v3/ark:/12148/bd6t5141021g/manifest.json'
For more information check: https://developer.mozilla.org/en-US/docs/Web/HTTP/Status/403",2026-07-27T16:49:11.516828
petitmarocain,bd6t5141022v,,failed,0,0,,http_manifest,known,403,manifest,"Client error '403 ' for url 'https://openapiproext.bnf.fr/iiif/presentation/v3/ark:/12148/bd6t5141022v/manifest.json'
For more information check: https://developer.mozilla.org/en-US/docs/Web/HTTP/Status/403",2026-07-27T16:49:12.717033
petitmarocain,bd6t51410237,,failed,0,0,,http_manifest,known,403,manifest,"Client error '403 ' for url 'https://openapiproext.bnf.fr/iiif/presentation/v3/ark:/12148/bd6t51410237/manifest.json'
For more information check: https://developer.mozilla.org/en-US/docs/Web/HTTP/Status/403",2026-07-27T16:49:13.915754
petitmarocain,bd6t5141024m,,failed,0,0,,http_manifest,known,403,manifest,"Client error '403 ' for url 'https://openapiproext.bnf.fr/iiif/presentation/v3/ark:/12148/bd6t5141024m/manifest.json'
For more information check: https://developer.mozilla.org/en-US/docs/Web/HTTP/Status/403",2026-07-27T16:49:15.112488
petitmarocain,bd6t51410250,,failed,0,0,,http_manifest,known,403,manifest,"Client error '403 ' for url 'https://openapiproext.bnf.fr/iiif/presentation/v3/ark:/12148/bd6t51410250/manifest.json'
For more information check: https://developer.mozilla.org/en-US/docs/Web/HTTP/Status/403",2026-07-27T16:49:16.337458
petitmarocain,bd6t5141026c,,failed,0,0,,http_manifest,known,403,manifest,"Client error '403 ' for url 'https://openapiproext.bnf.fr/iiif/presentation/v3/ark:/12148/bd6t5141026c/manifest.json'
For more information check: https://developer.mozilla.org/en-US/docs/Web/HTTP/Status/403",2026-07-27T16:49:17.517020
petitmarocain,bd6t5141027r,,failed,0,0,,http_manifest,known,403,manifest,"Client error '403 ' for url 'https://openapiproext.bnf.fr/iiif/presentation/v3/ark:/12148/bd6t5141027r/manifest.json'
For more information check: https://developer.mozilla.org/en-US/docs/Web/HTTP/Status/403",2026-07-27T16:49:18.721572
petitmarocain,bd6t51410284,,failed,0,0,,http_manifest,known,403,manifest,"Client error '403 ' for url 'https://openapiproext.bnf.fr/iiif/presentation/v3/ark:/12148/bd6t51410284/manifest.json'
For more information check: https://developer.mozilla.org/en-US/docs/Web/HTTP/Status/403",2026-07-27T16:49:19.920975
petitmarocain,bd6t5141029h,,failed,0,0,,http_manifest,known,403,manifest,"Client error '403 ' for url 'https://openapiproext.bnf.fr/iiif/presentation/v3/ark:/12148/bd6t5141029h/manifest.json'
For more information check: https://developer.mozilla.org/en-US/docs/Web/HTTP/Status/403",2026-07-27T16:49:21.132653
petitmarocain,bd6t5141030f,,failed,0,0,,http_manifest,known,403,manifest,"Client error '403 ' for url 'https://openapiproext.bnf.fr/iiif/presentation/v3/ark:/12148/bd6t5141030f/manifest.json'
For more information check: https://developer.mozilla.org/en-US/docs/Web/HTTP/Status/403",2026-07-27T16:49:22.330903
petitmarocain,bd6t5141031t,,failed,0,0,,http_manifest,known,403,manifest,"Client error '403 ' for url 'https://openapiproext.bnf.fr/iiif/presentation/v3/ark:/12148/bd6t5141031t/manifest.json'
For more information check: https://developer.mozilla.org/en-US/docs/Web/HTTP/Status/403",2026-07-27T16:49:23.530765
petitmarocain,bd6t51410326,,failed,0,0,,http_manifest,known,403,manifest,"Client error '403 ' for url 'https://openapiproext.bnf.fr/iiif/presentation/v3/ark:/12148/bd6t51410326/manifest.json'
For more information check: https://developer.mozilla.org/en-US/docs/Web/HTTP/Status/403",2026-07-27T16:49:24.734386
petitmarocain,bd6t51360029,,failed,0,0,,http_manifest,known,403,manifest,"Client error '403 ' for url 'https://openapiproext.bnf.fr/iiif/presentation/v3/ark:/12148/bd6t51360029/manifest.json'
For more information check: https://developer.mozilla.org/en-US/docs/Web/HTTP/Status/403",2026-07-27T16:49:25.930429
petitmarocain,bd6t5136003p,,failed,0,0,,http_manifest,known,403,manifest,"Client error '403 ' for url 'https://openapiproext.bnf.fr/iiif/presentation/v3/ark:/12148/bd6t5136003p/manifest.json'
For more information check: https://developer.mozilla.org/en-US/docs/Web/HTTP/Status/403",2026-07-27T16:49:27.140489
petitmarocain,bd6t51360042,,failed,0,0,,http_manifest,known,403,manifest,"Client error '403 ' for url 'https://openapiproext.bnf.fr/iiif/presentation/v3/ark:/12148/bd6t51360042/manifest.json'
For more information check: https://developer.mozilla.org/en-US/docs/Web/HTTP/Status/403",2026-07-27T16:49:28.358984
petitmarocain,bd6t5136005f,,failed,0,0,,http_manifest,known,403,manifest,"Client error '403 ' for url 'https://openapiproext.bnf.fr/iiif/presentation/v3/ark:/12148/bd6t5136005f/manifest.json'
For more information check: https://developer.mozilla.org/en-US/docs/Web/HTTP/Status/403",2026-07-27T16:49:29.670916
petitmarocain,bd6t5136006t,,failed,0,0,,http_manifest,known,403,manifest,"Client error '403 ' for url 'https://openapiproext.bnf.fr/iiif/presentation/v3/ark:/12148/bd6t5136006t/manifest.json'
For more information check: https://developer.mozilla.org/en-US/docs/Web/HTTP/Status/403",2026-07-27T16:49:30.748361
petitmarocain,bd6t51360076,,failed,0,0,,http_manifest,known,403,manifest,"Client error '403 ' for url 'https://openapiproext.bnf.fr/iiif/presentation/v3/ark:/12148/bd6t51360076/manifest.json'
For more information check: https://developer.mozilla.org/en-US/docs/Web/HTTP/Status/403",2026-07-27T16:49:31.945250
petitmarocain,bd6t5136008k,,failed,0,0,,http_manifest,known,403,manifest,"Client error '403 ' for url 'https://openapiproext.bnf.fr/iiif/presentation/v3/ark:/12148/bd6t5136008k/manifest.json'
For more information check: https://developer.mozilla.org/en-US/docs/Web/HTTP/Status/403",2026-07-27T16:49:33.136702
petitmarocain,bd6t5136009z,,failed,0,0,,http_manifest,known,403,manifest,"Client error '403 ' for url 'https://openapiproext.bnf.fr/iiif/presentation/v3/ark:/12148/bd6t5136009z/manifest.json'
For more information check: https://developer.mozilla.org/en-US/docs/Web/HTTP/Status/403",2026-07-27T16:49:34.516482
petitmarocain,bd6t5136010w,,failed,0,0,,http_manifest,known,403,manifest,"Client error '403 ' for url 'https://openapiproext.bnf.fr/iiif/presentation/v3/ark:/12148/bd6t5136010w/manifest.json'
For more information check: https://developer.mozilla.org/en-US/docs/Web/HTTP/Status/403",2026-07-27T16:49:35.546868
petitmarocain,bd6t51360118,,failed,0,0,,http_manifest,known,403,manifest,"Client error '403 ' for url 'https://openapiproext.bnf.fr/iiif/presentation/v3/ark:/12148/bd6t51360118/manifest.json'
For more information check: https://developer.mozilla.org/en-US/docs/Web/HTTP/Status/403",2026-07-27T16:49:36.784710
petitmarocain,bd6t5136012n,,failed,0,0,,http_manifest,known,403,manifest,"Client error '403 ' for url 'https://openapiproext.bnf.fr/iiif/presentation/v3/ark:/12148/bd6t5136012n/manifest.json'
For more information check: https://developer.mozilla.org/en-US/docs/Web/HTTP/Status/403",2026-07-27T16:49:38.148389
petitmarocain,bd6t51360131,,failed,0,0,,http_manifest,known,403,manifest,"Client error '403 ' for url 'https://openapiproext.bnf.fr/iiif/presentation/v3/ark:/12148/bd6t51360131/manifest.json'
For more information check: https://developer.mozilla.org/en-US/docs/Web/HTTP/Status/403",2026-07-27T16:49:39.254048
petitmarocain,bd6t5136014d,,failed,0,0,,http_manifest,known,403,manifest,"Client error '403 ' for url 'https://openapiproext.bnf.fr/iiif/presentation/v3/ark:/12148/bd6t5136014d/manifest.json'
For more information check: https://developer.mozilla.org/en-US/docs/Web/HTTP/Status/403",2026-07-27T16:49:40.565896
petitmarocain,bd6t5136015s,,failed,0,0,,http_manifest,known,403,manifest,"Client error '403 ' for url 'https://openapiproext.bnf.fr/iiif/presentation/v3/ark:/12148/bd6t5136015s/manifest.json'
For more information check: https://developer.mozilla.org/en-US/docs/Web/HTTP/Status/403",2026-07-27T16:49:41.566978
petitmarocain,bd6t51360165,,failed,0,0,,http_manifest,known,403,manifest,"Client error '403 ' for url 'https://openapiproext.bnf.fr/iiif/presentation/v3/ark:/12148/bd6t51360165/manifest.json'
For more information check: https://developer.mozilla.org/en-US/docs/Web/HTTP/Status/403",2026-07-27T16:49:42.759417
petitmarocain,bd6t5136017j,,failed,0,0,,http_manifest,known,403,manifest,"Client error '403 ' for url 'https://openapiproext.bnf.fr/iiif/presentation/v3/ark:/12148/bd6t5136017j/manifest.json'
For more information check: https://developer.mozilla.org/en-US/docs/Web/HTTP/Status/403",2026-07-27T16:49:43.959975
petitmarocain,bd6t5136018x,,failed,0,0,,http_manifest,known,403,manifest,"Client error '403 ' for url 'https://openapiproext.bnf.fr/iiif/presentation/v3/ark:/12148/bd6t5136018x/manifest.json'
For more information check: https://developer.mozilla.org/en-US/docs/Web/HTTP/Status/403",2026-07-27T16:49:45.182132
petitmarocain,bd6t51360199,,failed,0,0,,http_manifest,known,403,manifest,"Client error '403 ' for url 'https://openapiproext.bnf.fr/iiif/presentation/v3/ark:/12148/bd6t51360199/manifest.json'
For more information check: https://developer.mozilla.org/en-US/docs/Web/HTTP/Status/403",2026-07-27T16:49:46.541998
petitmarocain,bd6t51360207,,failed,0,0,,http_manifest,known,403,manifest,"Client error '403 ' for url 'https://openapiproext.bnf.fr/iiif/presentation/v3/ark:/12148/bd6t51360207/manifest.json'
For more information check: https://developer.mozilla.org/en-US/docs/Web/HTTP/Status/403",2026-07-27T16:49:47.704721
petitmarocain,bd6t5136021m,,failed,0,0,,http_manifest,known,403,manifest,"Client error '403 ' for url 'https://openapiproext.bnf.fr/iiif/presentation/v3/ark:/12148/bd6t5136021m/manifest.json'
For more information check: https://developer.mozilla.org/en-US/docs/Web/HTTP/Status/403",2026-07-27T16:49:48.794348
petitmarocain,bd6t51360220,,failed,0,0,,http_manifest,known,403,manifest,"Client error '403 ' for url 'https://openapiproext.bnf.fr/iiif/presentation/v3/ark:/12148/bd6t51360220/manifest.json'
For more information check: https://developer.mozilla.org/en-US/docs/Web/HTTP/Status/403",2026-07-27T16:49:49.972248
petitmarocain,bd6t5136023c,,failed,0,0,,http_manifest,known,403,manifest,"Client error '403 ' for url 'https://openapiproext.bnf.fr/iiif/presentation/v3/ark:/12148/bd6t5136023c/manifest.json'
For more information check: https://developer.mozilla.org/en-US/docs/Web/HTTP/Status/403",2026-07-27T16:49:51.172000
petitmarocain,bd6t5136024r,,failed,0,0,,http_manifest,known,403,manifest,"Client error '403 ' for url 'https://openapiproext.bnf.fr/iiif/presentation/v3/ark:/12148/bd6t5136024r/manifest.json'
For more information check: https://developer.mozilla.org/en-US/docs/Web/HTTP/Status/403",2026-07-27T16:49:52.637474
petitmarocain,bd6t51360254,,failed,0,0,,http_manifest,known,403,manifest,"Client error '403 ' for url 'https://openapiproext.bnf.fr/iiif/presentation/v3/ark:/12148/bd6t51360254/manifest.json'
For more information check: https://developer.mozilla.org/en-US/docs/Web/HTTP/Status/403",2026-07-27T16:49:53.917472
petitmarocain,bd6t5136026h,,failed,0,0,,http_manifest,known,403,manifest,"Client error '403 ' for url 'https://openapiproext.bnf.fr/iiif/presentation/v3/ark:/12148/bd6t5136026h/manifest.json'
For more information check: https://developer.mozilla.org/en-US/docs/Web/HTTP/Status/403",2026-07-27T16:49:54.773112
petitmarocain,bd6t5136027w,,failed,0,0,,http_manifest,known,403,manifest,"Client error '403 ' for url 'https://openapiproext.bnf.fr/iiif/presentation/v3/ark:/12148/bd6t5136027w/manifest.json'
For more information check: https://developer.mozilla.org/en-US/docs/Web/HTTP/Status/403",2026-07-27T16:49:55.977632
petitmarocain,bd6t51360288,,failed,0,0,,http_manifest,known,403,manifest,"Client error '403 ' for url 'https://openapiproext.bnf.fr/iiif/presentation/v3/ark:/12148/bd6t51360288/manifest.json'
For more information check: https://developer.mozilla.org/en-US/docs/Web/HTTP/Status/403",2026-07-27T16:49:57.175734
petitmarocain,bd6t5136029n,,failed,0,0,,http_manifest,known,403,manifest,"Client error '403 ' for url 'https://openapiproext.bnf.fr/iiif/presentation/v3/ark:/12148/bd6t5136029n/manifest.json'
For more information check: https://developer.mozilla.org/en-US/docs/Web/HTTP/Status/403",2026-07-27T16:49:58.376115
petitmarocain,bd6t5136030k,,failed,0,0,,http_manifest,known,403,manifest,"Client error '403 ' for url 'https://openapiproext.bnf.fr/iiif/presentation/v3/ark:/12148/bd6t5136030k/manifest.json'
For more information check: https://developer.mozilla.org/en-US/docs/Web/HTTP/Status/403",2026-07-27T16:49:59.591344
petitmarocain,bd6t5136031z,,failed,0,0,,http_manifest,known,403,manifest,"Client error '403 ' for url 'https://openapiproext.bnf.fr/iiif/presentation/v3/ark:/12148/bd6t5136031z/manifest.json'
For more information check: https://developer.mozilla.org/en-US/docs/Web/HTTP/Status/403",2026-07-27T16:50:00.780588
petitmarocain,bd6t5136032b,,failed,0,0,,http_manifest,known,403,manifest,"Client error '403 ' for url 'https://openapiproext.bnf.fr/iiif/presentation/v3/ark:/12148/bd6t5136032b/manifest.json'
For more information check: https://developer.mozilla.org/en-US/docs/Web/HTTP/Status/403",2026-07-27T16:50:01.981449
petitmarocain,bd6t5136033q,,failed,0,0,,http_manifest,known,403,manifest,"Client error '403 ' for url 'https://openapiproext.bnf.fr/iiif/presentation/v3/ark:/12148/bd6t5136033q/manifest.json'
For more information check: https://developer.mozilla.org/en-US/docs/Web/HTTP/Status/403",2026-07-27T16:50:03.182924
petitmarocain,bd6t51360343,,failed,0,0,,http_manifest,known,403,manifest,"Client error '403 ' for url 'https://openapiproext.bnf.fr/iiif/presentation/v3/ark:/12148/bd6t51360343/manifest.json'
For more information check: https://developer.mozilla.org/en-US/docs/Web/HTTP/Status/403",2026-07-27T16:50:04.407136
petitmarocain,bd6t5136035g,,failed,0,0,,http_manifest,known,403,manifest,"Client error '403 ' for url 'https://openapiproext.bnf.fr/iiif/presentation/v3/ark:/12148/bd6t5136035g/manifest.json'
For more information check: https://developer.mozilla.org/en-US/docs/Web/HTTP/Status/403",2026-07-27T16:50:05.582128
petitmarocain,bd6t5136036v,,failed,0,0,,http_manifest,known,403,manifest,"Client error '403 ' for url 'https://openapiproext.bnf.fr/iiif/presentation/v3/ark:/12148/bd6t5136036v/manifest.json'
For more information check: https://developer.mozilla.org/en-US/docs/Web/HTTP/Status/403",2026-07-27T16:50:06.780427
petitmarocain,bd6t51360377,,failed,0,0,,http_manifest,known,403,manifest,"Client error '403 ' for url 'https://openapiproext.bnf.fr/iiif/presentation/v3/ark:/12148/bd6t51360377/manifest.json'
For more information check: https://developer.mozilla.org/en-US/docs/Web/HTTP/Status/403",2026-07-27T16:50:07.989247
petitmarocain,bd6t5136038m,,failed,0,0,,http_manifest,known,403,manifest,"Client error '403 ' for url 'https://openapiproext.bnf.fr/iiif/presentation/v3/ark:/12148/bd6t5136038m/manifest.json'
For more information check: https://developer.mozilla.org/en-US/docs/Web/HTTP/Status/403",2026-07-27T16:50:09.190327
petitmarocain,bd6t51360390,,failed,0,0,,http_manifest,known,403,manifest,"Client error '403 ' for url 'https://openapiproext.bnf.fr/iiif/presentation/v3/ark:/12148/bd6t51360390/manifest.json'
For more information check: https://developer.mozilla.org/en-US/docs/Web/HTTP/Status/403",2026-07-27T16:50:10.392669
petitmarocain,bd6t5136040x,,failed,0,0,,http_manifest,known,403,manifest,"Client error '403 ' for url 'https://openapiproext.bnf.fr/iiif/presentation/v3/ark:/12148/bd6t5136040x/manifest.json'
For more information check: https://developer.mozilla.org/en-US/docs/Web/HTTP/Status/403",2026-07-27T16:50:11.595716
petitmarocain,bd6t51360419,,failed,0,0,,http_manifest,known,403,manifest,"Client error '403 ' for url 'https://openapiproext.bnf.fr/iiif/presentation/v3/ark:/12148/bd6t51360419/manifest.json'
For more information check: https://developer.mozilla.org/en-US/docs/Web/HTTP/Status/403",2026-07-27T16:50:12.794572
petitmarocain,bd6t5136042p,,failed,0,0,,http_manifest,known,403,manifest,"Client error '403 ' for url 'https://openapiproext.bnf.fr/iiif/presentation/v3/ark:/12148/bd6t5136042p/manifest.json'
For more information check: https://developer.mozilla.org/en-US/docs/Web/HTTP/Status/403",2026-07-27T16:50:13.997972
petitmarocain,bd6t51360432,,failed,0,0,,http_manifest,known,403,manifest,"Client error '403 ' for url 'https://openapiproext.bnf.fr/iiif/presentation/v3/ark:/12148/bd6t51360432/manifest.json'
For more information check: https://developer.mozilla.org/en-US/docs/Web/HTTP/Status/403",2026-07-27T16:50:15.199106
petitmarocain,bd6t5136044f,,failed,0,0,,http_manifest,known,403,manifest,"Client error '403 ' for url 'https://openapiproext.bnf.fr/iiif/presentation/v3/ark:/12148/bd6t5136044f/manifest.json'
For more information check: https://developer.mozilla.org/en-US/docs/Web/HTTP/Status/403",2026-07-27T16:50:16.426707
petitmarocain,bd6t5136045t,,failed,0,0,,http_manifest,known,403,manifest,"Client error '403 ' for url 'https://openapiproext.bnf.fr/iiif/presentation/v3/ark:/12148/bd6t5136045t/manifest.json'
For more information check: https://developer.mozilla.org/en-US/docs/Web/HTTP/Status/403",2026-07-27T16:50:17.601751
petitmarocain,bd6t51360466,,failed,0,0,,http_manifest,known,403,manifest,"Client error '403 ' for url 'https://openapiproext.bnf.fr/iiif/presentation/v3/ark:/12148/bd6t51360466/manifest.json'
For more information check: https://developer.mozilla.org/en-US/docs/Web/HTTP/Status/403",2026-07-27T16:50:18.802245
petitmarocain,bd6t5136047k,,failed,0,0,,http_manifest,known,403,manifest,"Client error '403 ' for url 'https://openapiproext.bnf.fr/iiif/presentation/v3/ark:/12148/bd6t5136047k/manifest.json'
For more information check: https://developer.mozilla.org/en-US/docs/Web/HTTP/Status/403",2026-07-27T16:50:20.002050
petitmarocain,bd6t5136048z,,failed,0,0,,http_manifest,known,403,manifest,"Client error '403 ' for url 'https://openapiproext.bnf.fr/iiif/presentation/v3/ark:/12148/bd6t5136048z/manifest.json'
For more information check: https://developer.mozilla.org/en-US/docs/Web/HTTP/Status/403",2026-07-27T16:50:21.205648
petitmarocain,bd6t5136049b,,failed,0,0,,http_manifest,known,403,manifest,"Client error '403 ' for url 'https://openapiproext.bnf.fr/iiif/presentation/v3/ark:/12148/bd6t5136049b/manifest.json'
For more information check: https://developer.mozilla.org/en-US/docs/Web/HTTP/Status/403",2026-07-27T16:50:22.431557
petitmarocain,bd6t51360508,,failed,0,0,,http_manifest,known,403,manifest,"Client error '403 ' for url 'https://openapiproext.bnf.fr/iiif/presentation/v3/ark:/12148/bd6t51360508/manifest.json'
For more information check: https://developer.mozilla.org/en-US/docs/Web/HTTP/Status/403",2026-07-27T16:50:23.617104
petitmarocain,bd6t5136051n,,failed,0,0,,http_manifest,known,403,manifest,"Client error '403 ' for url 'https://openapiproext.bnf.fr/iiif/presentation/v3/ark:/12148/bd6t5136051n/manifest.json'
For more information check: https://developer.mozilla.org/en-US/docs/Web/HTTP/Status/403",2026-07-27T16:50:24.810871
petitmarocain,bd6t51360521,,failed,0,0,,http_manifest,known,403,manifest,"Client error '403 ' for url 'https://openapiproext.bnf.fr/iiif/presentation/v3/ark:/12148/bd6t51360521/manifest.json'
For more information check: https://developer.mozilla.org/en-US/docs/Web/HTTP/Status/403",2026-07-27T16:50:26.022012
petitmarocain,bd6t5136053d,,failed,0,0,,http_manifest,known,403,manifest,"Client error '403 ' for url 'https://openapiproext.bnf.fr/iiif/presentation/v3/ark:/12148/bd6t5136053d/manifest.json'
For more information check: https://developer.mozilla.org/en-US/docs/Web/HTTP/Status/403",2026-07-27T16:50:27.215640
petitmarocain,bd6t5136054s,,failed,0,0,,http_manifest,known,403,manifest,"Client error '403 ' for url 'https://openapiproext.bnf.fr/iiif/presentation/v3/ark:/12148/bd6t5136054s/manifest.json'
For more information check: https://developer.mozilla.org/en-US/docs/Web/HTTP/Status/403",2026-07-27T16:50:28.421636
petitmarocain,bd6t51360555,,failed,0,0,,http_manifest,known,403,manifest,"Client error '403 ' for url 'https://openapiproext.bnf.fr/iiif/presentation/v3/ark:/12148/bd6t51360555/manifest.json'
For more information check: https://developer.mozilla.org/en-US/docs/Web/HTTP/Status/403",2026-07-27T16:50:29.893356
petitmarocain,bd6t5136056j,,failed,0,0,,http_manifest,known,403,manifest,"Client error '403 ' for url 'https://openapiproext.bnf.fr/iiif/presentation/v3/ark:/12148/bd6t5136056j/manifest.json'
For more information check: https://developer.mozilla.org/en-US/docs/Web/HTTP/Status/403",2026-07-27T16:50:30.950206
petitmarocain,bd6t5136057x,,failed,0,0,,http_manifest,known,403,manifest,"Client error '403 ' for url 'https://openapiproext.bnf.fr/iiif/presentation/v3/ark:/12148/bd6t5136057x/manifest.json'
For more information check: https://developer.mozilla.org/en-US/docs/Web/HTTP/Status/403",2026-07-27T16:50:32.307190
petitmarocain,bd6t51360589,,failed,0,0,,http_manifest,known,403,manifest,"Client error '403 ' for url 'https://openapiproext.bnf.fr/iiif/presentation/v3/ark:/12148/bd6t51360589/manifest.json'
For more information check: https://developer.mozilla.org/en-US/docs/Web/HTTP/Status/403",2026-07-27T16:50:33.225445
petitmarocain,bd6t5136059p,,failed,0,0,,http_manifest,known,403,manifest,"Client error '403 ' for url 'https://openapiproext.bnf.fr/iiif/presentation/v3/ark:/12148/bd6t5136059p/manifest.json'
For more information check: https://developer.mozilla.org/en-US/docs/Web/HTTP/Status/403",2026-07-27T16:50:34.522847
petitmarocain,bd6t5136060m,,failed,0,0,,http_manifest,known,403,manifest,"Client error '403 ' for url 'https://openapiproext.bnf.fr/iiif/presentation/v3/ark:/12148/bd6t5136060m/manifest.json'
For more information check: https://developer.mozilla.org/en-US/docs/Web/HTTP/Status/403",2026-07-27T16:50:35.747448
petitmarocain,bd6t51360610,,failed,0,0,,http_manifest,known,403,manifest,"Client error '403 ' for url 'https://openapiproext.bnf.fr/iiif/presentation/v3/ark:/12148/bd6t51360610/manifest.json'
For more information check: https://developer.mozilla.org/en-US/docs/Web/HTTP/Status/403",2026-07-27T16:50:37.023423
petitmarocain,bd6t5136062c,,failed,0,0,,http_manifest,known,403,manifest,"Client error '403 ' for url 'https://openapiproext.bnf.fr/iiif/presentation/v3/ark:/12148/bd6t5136062c/manifest.json'
For more information check: https://developer.mozilla.org/en-US/docs/Web/HTTP/Status/403",2026-07-27T16:50:38.132759
petitmarocain,bd6t5136063r,,failed,0,0,,http_manifest,known,403,manifest,"Client error '403 ' for url 'https://openapiproext.bnf.fr/iiif/presentation/v3/ark:/12148/bd6t5136063r/manifest.json'
For more information check: https://developer.mozilla.org/en-US/docs/Web/HTTP/Status/403",2026-07-27T16:50:39.270144
petitmarocain,bd6t51360644,,failed,0,0,,http_manifest,known,403,manifest,"Client error '403 ' for url 'https://openapiproext.bnf.fr/iiif/presentation/v3/ark:/12148/bd6t51360644/manifest.json'
For more information check: https://developer.mozilla.org/en-US/docs/Web/HTTP/Status/403",2026-07-27T16:50:40.444795
petitmarocain,bd6t5136065h,,failed,0,0,,http_manifest,known,403,manifest,"Client error '403 ' for url 'https://openapiproext.bnf.fr/iiif/presentation/v3/ark:/12148/bd6t5136065h/manifest.json'
For more information check: https://developer.mozilla.org/en-US/docs/Web/HTTP/Status/403",2026-07-27T16:50:41.639157
petitmarocain,bd6t5136066w,,failed,0,0,,http_manifest,known,403,manifest,"Client error '403 ' for url 'https://openapiproext.bnf.fr/iiif/presentation/v3/ark:/12148/bd6t5136066w/manifest.json'
For more information check: https://developer.mozilla.org/en-US/docs/Web/HTTP/Status/403",2026-07-27T16:50:42.837299
petitmarocain,bd6t51360678,,failed,0,0,,http_manifest,known,403,manifest,"Client error '403 ' for url 'https://openapiproext.bnf.fr/iiif/presentation/v3/ark:/12148/bd6t51360678/manifest.json'
For more information check: https://developer.mozilla.org/en-US/docs/Web/HTTP/Status/403",2026-07-27T16:50:44.043130
petitmarocain,bd6t5136068n,,failed,0,0,,http_manifest,known,403,manifest,"Client error '403 ' for url 'https://openapiproext.bnf.fr/iiif/presentation/v3/ark:/12148/bd6t5136068n/manifest.json'
For more information check: https://developer.mozilla.org/en-US/docs/Web/HTTP/Status/403",2026-07-27T16:50:45.241711
petitmarocain,bd6t51360691,,failed,0,0,,http_manifest,known,403,manifest,"Client error '403 ' for url 'https://openapiproext.bnf.fr/iiif/presentation/v3/ark:/12148/bd6t51360691/manifest.json'
For more information check: https://developer.mozilla.org/en-US/docs/Web/HTTP/Status/403",2026-07-27T16:50:46.465994
petitmarocain,bd6t5136070z,,failed,0,0,,http_manifest,known,403,manifest,"Client error '403 ' for url 'https://openapiproext.bnf.fr/iiif/presentation/v3/ark:/12148/bd6t5136070z/manifest.json'
For more information check: https://developer.mozilla.org/en-US/docs/Web/HTTP/Status/403",2026-07-27T16:50:47.652599
petitmarocain,bd6t5136071b,,failed,0,0,,http_manifest,known,403,manifest,"Client error '403 ' for url 'https://openapiproext.bnf.fr/iiif/presentation/v3/ark:/12148/bd6t5136071b/manifest.json'
For more information check: https://developer.mozilla.org/en-US/docs/Web/HTTP/Status/403",2026-07-27T16:50:48.844485
petitmarocain,bd6t5136072q,,failed,0,0,,http_manifest,known,403,manifest,"Client error '403 ' for url 'https://openapiproext.bnf.fr/iiif/presentation/v3/ark:/12148/bd6t5136072q/manifest.json'
For more information check: https://developer.mozilla.org/en-US/docs/Web/HTTP/Status/403",2026-07-27T16:50:50.050552
petitmarocain,bd6t51360733,,failed,0,0,,http_manifest,known,403,manifest,"Client error '403 ' for url 'https://openapiproext.bnf.fr/iiif/presentation/v3/ark:/12148/bd6t51360733/manifest.json'
For more information check: https://developer.mozilla.org/en-US/docs/Web/HTTP/Status/403",2026-07-27T16:50:51.251656
petitmarocain,bd6t5136074g,,failed,0,0,,http_manifest,known,403,manifest,"Client error '403 ' for url 'https://openapiproext.bnf.fr/iiif/presentation/v3/ark:/12148/bd6t5136074g/manifest.json'
For more information check: https://developer.mozilla.org/en-US/docs/Web/HTTP/Status/403",2026-07-27T16:50:52.473935
petitmarocain,bd6t5136075v,,failed,0,0,,http_manifest,known,403,manifest,"Client error '403 ' for url 'https://openapiproext.bnf.fr/iiif/presentation/v3/ark:/12148/bd6t5136075v/manifest.json'
For more information check: https://developer.mozilla.org/en-US/docs/Web/HTTP/Status/403",2026-07-27T16:50:53.654778
petitmarocain,bd6t51360767,,failed,0,0,,http_manifest,known,403,manifest,"Client error '403 ' for url 'https://openapiproext.bnf.fr/iiif/presentation/v3/ark:/12148/bd6t51360767/manifest.json'
For more information check: https://developer.mozilla.org/en-US/docs/Web/HTTP/Status/403",2026-07-27T16:50:54.861895
petitmarocain,bd6t5136077m,,failed,0,0,,http_manifest,known,403,manifest,"Client error '403 ' for url 'https://openapiproext.bnf.fr/iiif/presentation/v3/ark:/12148/bd6t5136077m/manifest.json'
For more information check: https://developer.mozilla.org/en-US/docs/Web/HTTP/Status/403",2026-07-27T16:50:56.057656
petitmarocain,bd6t51360780,,failed,0,0,,http_manifest,known,403,manifest,"Client error '403 ' for url 'https://openapiproext.bnf.fr/iiif/presentation/v3/ark:/12148/bd6t51360780/manifest.json'
For more information check: https://developer.mozilla.org/en-US/docs/Web/HTTP/Status/403",2026-07-27T16:50:57.260039
petitmarocain,bd6t5136079c,,failed,0,0,,http_manifest,known,403,manifest,"Client error '403 ' for url 'https://openapiproext.bnf.fr/iiif/presentation/v3/ark:/12148/bd6t5136079c/manifest.json'
For more information check: https://developer.mozilla.org/en-US/docs/Web/HTTP/Status/403",2026-07-27T16:50:58.459004
petitmarocain,bd6t51360809,,failed,0,0,,http_manifest,known,403,manifest,"Client error '403 ' for url 'https://openapiproext.bnf.fr/iiif/presentation/v3/ark:/12148/bd6t51360809/manifest.json'
For more information check: https://developer.mozilla.org/en-US/docs/Web/HTTP/Status/403",2026-07-27T16:50:59.657715
petitmarocain,bd6t5136081p,,failed,0,0,,http_manifest,known,403,manifest,"Client error '403 ' for url 'https://openapiproext.bnf.fr/iiif/presentation/v3/ark:/12148/bd6t5136081p/manifest.json'
For more information check: https://developer.mozilla.org/en-US/docs/Web/HTTP/Status/403",2026-07-27T16:51:00.861636
petitmarocain,bd6t51360822,,failed,0,0,,http_manifest,known,403,manifest,"Client error '403 ' for url 'https://openapiproext.bnf.fr/iiif/presentation/v3/ark:/12148/bd6t51360822/manifest.json'
For more information check: https://developer.mozilla.org/en-US/docs/Web/HTTP/Status/403",2026-07-27T16:51:02.063599
petitmarocain,bd6t5136083f,,failed,0,0,,http_manifest,known,403,manifest,"Client error '403 ' for url 'https://openapiproext.bnf.fr/iiif/presentation/v3/ark:/12148/bd6t5136083f/manifest.json'
For more information check: https://developer.mozilla.org/en-US/docs/Web/HTTP/Status/403",2026-07-27T16:51:03.272188
petitmarocain,bd6t5136084t,,failed,0,0,,http_manifest,known,403,manifest,"Client error '403 ' for url 'https://openapiproext.bnf.fr/iiif/presentation/v3/ark:/12148/bd6t5136084t/manifest.json'
For more information check: https://developer.mozilla.org/en-US/docs/Web/HTTP/Status/403",2026-07-27T16:51:04.549691
petitmarocain,bd6t51360856,,failed,0,0,,http_manifest,known,403,manifest,"Client error '403 ' for url 'https://openapiproext.bnf.fr/iiif/presentation/v3/ark:/12148/bd6t51360856/manifest.json'
For more information check: https://developer.mozilla.org/en-US/docs/Web/HTTP/Status/403",2026-07-27T16:51:05.675427
petitmarocain,bd6t5136086k,,failed,0,0,,http_manifest,known,403,manifest,"Client error '403 ' for url 'https://openapiproext.bnf.fr/iiif/presentation/v3/ark:/12148/bd6t5136086k/manifest.json'
For more information check: https://developer.mozilla.org/en-US/docs/Web/HTTP/Status/403",2026-07-27T16:51:06.880194
petitmarocain,bd6t5136087z,,failed,0,0,,http_manifest,known,403,manifest,"Client error '403 ' for url 'https://openapiproext.bnf.fr/iiif/presentation/v3/ark:/12148/bd6t5136087z/manifest.json'
For more information check: https://developer.mozilla.org/en-US/docs/Web/HTTP/Status/403",2026-07-27T16:51:08.083456
petitmarocain,bd6t5136088b,,failed,0,0,,http_manifest,known,403,manifest,"Client error '403 ' for url 'https://openapiproext.bnf.fr/iiif/presentation/v3/ark:/12148/bd6t5136088b/manifest.json'
For more information check: https://developer.mozilla.org/en-US/docs/Web/HTTP/Status/403",2026-07-27T16:51:09.276337
petitmarocain,bd6t5136089q,,failed,0,0,,http_manifest,known,403,manifest,"Client error '403 ' for url 'https://openapiproext.bnf.fr/iiif/presentation/v3/ark:/12148/bd6t5136089q/manifest.json'
For more information check: https://developer.mozilla.org/en-US/docs/Web/HTTP/Status/403",2026-07-27T16:51:10.483725
petitmarocain,bd6t5136090n,,failed,0,0,,http_manifest,known,403,manifest,"Client error '403 ' for url 'https://openapiproext.bnf.fr/iiif/presentation/v3/ark:/12148/bd6t5136090n/manifest.json'
For more information check: https://developer.mozilla.org/en-US/docs/Web/HTTP/Status/403",2026-07-27T16:51:11.690105
petitmarocain,bd6t51360911,,failed,0,0,,http_manifest,known,403,manifest,"Client error '403 ' for url 'https://openapiproext.bnf.fr/iiif/presentation/v3/ark:/12148/bd6t51360911/manifest.json'
For more information check: https://developer.mozilla.org/en-US/docs/Web/HTTP/Status/403",2026-07-27T16:51:12.879467
petitmarocain,bd6t5136092d,,failed,0,0,,http_manifest,known,403,manifest,"Client error '403 ' for url 'https://openapiproext.bnf.fr/iiif/presentation/v3/ark:/12148/bd6t5136092d/manifest.json'
For more information check: https://developer.mozilla.org/en-US/docs/Web/HTTP/Status/403",2026-07-27T16:51:14.094578
petitmarocain,bd6t5136093s,,failed,0,0,,http_manifest,known,403,manifest,"Client error '403 ' for url 'https://openapiproext.bnf.fr/iiif/presentation/v3/ark:/12148/bd6t5136093s/manifest.json'
For more information check: https://developer.mozilla.org/en-US/docs/Web/HTTP/Status/403",2026-07-27T16:51:15.288749
petitmarocain,bd6t51360945,,failed,0,0,,http_manifest,known,403,manifest,"Client error '403 ' for url 'https://openapiproext.bnf.fr/iiif/presentation/v3/ark:/12148/bd6t51360945/manifest.json'
For more information check: https://developer.mozilla.org/en-US/docs/Web/HTTP/Status/403",2026-07-27T16:51:16.507954
petitmarocain,bd6t5136095j,,failed,0,0,,http_manifest,known,403,manifest,"Client error '403 ' for url 'https://openapiproext.bnf.fr/iiif/presentation/v3/ark:/12148/bd6t5136095j/manifest.json'
For more information check: https://developer.mozilla.org/en-US/docs/Web/HTTP/Status/403",2026-07-27T16:51:17.693589
petitmarocain,bd6t5136096x,,failed,0,0,,http_manifest,known,403,manifest,"Client error '403 ' for url 'https://openapiproext.bnf.fr/iiif/presentation/v3/ark:/12148/bd6t5136096x/manifest.json'
For more information check: https://developer.mozilla.org/en-US/docs/Web/HTTP/Status/403",2026-07-27T16:51:18.893750
petitmarocain,bd6t51360979,,failed,0,0,,http_manifest,known,403,manifest,"Client error '403 ' for url 'https://openapiproext.bnf.fr/iiif/presentation/v3/ark:/12148/bd6t51360979/manifest.json'
For more information check: https://developer.mozilla.org/en-US/docs/Web/HTTP/Status/403",2026-07-27T16:51:20.142739
petitmarocain,bd6t5136098p,,failed,0,0,,http_manifest,known,403,manifest,"Client error '403 ' for url 'https://openapiproext.bnf.fr/iiif/presentation/v3/ark:/12148/bd6t5136098p/manifest.json'
For more information check: https://developer.mozilla.org/en-US/docs/Web/HTTP/Status/403",2026-07-27T16:51:21.303030
petitmarocain,bd6t51360992,,failed,0,0,,http_manifest,known,403,manifest,"Client error '403 ' for url 'https://openapiproext.bnf.fr/iiif/presentation/v3/ark:/12148/bd6t51360992/manifest.json'
For more information check: https://developer.mozilla.org/en-US/docs/Web/HTTP/Status/403",2026-07-27T16:51:22.502240
petitmarocain,bd6t5136100v,,failed,0,0,,http_manifest,known,403,manifest,"Client error '403 ' for url 'https://openapiproext.bnf.fr/iiif/presentation/v3/ark:/12148/bd6t5136100v/manifest.json'
For more information check: https://developer.mozilla.org/en-US/docs/Web/HTTP/Status/403",2026-07-27T16:51:23.721256
petitmarocain,bd6t51361017,,failed,0,0,,http_manifest,known,403,manifest,"Client error '403 ' for url 'https://openapiproext.bnf.fr/iiif/presentation/v3/ark:/12148/bd6t51361017/manifest.json'
For more information check: https://developer.mozilla.org/en-US/docs/Web/HTTP/Status/403",2026-07-27T16:51:24.901410
petitmarocain,bd6t5136102m,,failed,0,0,,http_manifest,known,403,manifest,"Client error '403 ' for url 'https://openapiproext.bnf.fr/iiif/presentation/v3/ark:/12148/bd6t5136102m/manifest.json'
For more information check: https://developer.mozilla.org/en-US/docs/Web/HTTP/Status/403",2026-07-27T16:51:26.103188
petitmarocain,bd6t51361030,,failed,0,0,,http_manifest,known,403,manifest,"Client error '403 ' for url 'https://openapiproext.bnf.fr/iiif/presentation/v3/ark:/12148/bd6t51361030/manifest.json'
For more information check: https://developer.mozilla.org/en-US/docs/Web/HTTP/Status/403",2026-07-27T16:51:27.319579
petitmarocain,bd6t5136104c,,failed,0,0,,http_manifest,known,403,manifest,"Client error '403 ' for url 'https://openapiproext.bnf.fr/iiif/presentation/v3/ark:/12148/bd6t5136104c/manifest.json'
For more information check: https://developer.mozilla.org/en-US/docs/Web/HTTP/Status/403",2026-07-27T16:51:28.555912
petitmarocain,bd6t5136105r,,failed,0,0,,http_manifest,known,403,manifest,"Client error '403 ' for url 'https://openapiproext.bnf.fr/iiif/presentation/v3/ark:/12148/bd6t5136105r/manifest.json'
For more information check: https://developer.mozilla.org/en-US/docs/Web/HTTP/Status/403",2026-07-27T16:51:29.899723
petitmarocain,bd6t51361064,,failed,0,0,,http_manifest,known,403,manifest,"Client error '403 ' for url 'https://openapiproext.bnf.fr/iiif/presentation/v3/ark:/12148/bd6t51361064/manifest.json'
For more information check: https://developer.mozilla.org/en-US/docs/Web/HTTP/Status/403",2026-07-27T16:51:30.973405
petitmarocain,bd6t5136107h,,failed,0,0,,http_manifest,known,403,manifest,"Client error '403 ' for url 'https://openapiproext.bnf.fr/iiif/presentation/v3/ark:/12148/bd6t5136107h/manifest.json'
For more information check: https://developer.mozilla.org/en-US/docs/Web/HTTP/Status/403",2026-07-27T16:51:32.117457
petitmarocain,bd6t5136108w,,failed,0,0,,http_manifest,known,403,manifest,"Client error '403 ' for url 'https://openapiproext.bnf.fr/iiif/presentation/v3/ark:/12148/bd6t5136108w/manifest.json'
For more information check: https://developer.mozilla.org/en-US/docs/Web/HTTP/Status/403",2026-07-27T16:51:33.478644
petitmarocain,bd6t51361098,,failed,0,0,,http_manifest,known,403,manifest,"Client error '403 ' for url 'https://openapiproext.bnf.fr/iiif/presentation/v3/ark:/12148/bd6t51361098/manifest.json'
For more information check: https://developer.mozilla.org/en-US/docs/Web/HTTP/Status/403",2026-07-27T16:51:34.787337
petitmarocain,bd6t51361106,,failed,0,0,,http_manifest,known,403,manifest,"Client error '403 ' for url 'https://openapiproext.bnf.fr/iiif/presentation/v3/ark:/12148/bd6t51361106/manifest.json'
For more information check: https://developer.mozilla.org/en-US/docs/Web/HTTP/Status/403",2026-07-27T16:51:35.891577
petitmarocain,bd6t5136111k,,failed,0,0,,http_manifest,known,403,manifest,"Client error '403 ' for url 'https://openapiproext.bnf.fr/iiif/presentation/v3/ark:/12148/bd6t5136111k/manifest.json'
For more information check: https://developer.mozilla.org/en-US/docs/Web/HTTP/Status/403",2026-07-27T16:51:38.843601
petitmarocain,bd6t5136112z,,failed,0,0,,http_manifest,known,403,manifest,"Client error '403 ' for url 'https://openapiproext.bnf.fr/iiif/presentation/v3/ark:/12148/bd6t5136112z/manifest.json'
For more information check: https://developer.mozilla.org/en-US/docs/Web/HTTP/Status/403",2026-07-27T16:51:40.012847
petitmarocain,bd6t5136113b,,failed,0,0,,http_manifest,known,403,manifest,"Client error '403 ' for url 'https://openapiproext.bnf.fr/iiif/presentation/v3/ark:/12148/bd6t5136113b/manifest.json'
For more information check: https://developer.mozilla.org/en-US/docs/Web/HTTP/Status/403",2026-07-27T16:51:41.214510
petitmarocain,bd6t5136114q,,failed,0,0,,http_manifest,known,403,manifest,"Client error '403 ' for url 'https://openapiproext.bnf.fr/iiif/presentation/v3/ark:/12148/bd6t5136114q/manifest.json'
For more information check: https://developer.mozilla.org/en-US/docs/Web/HTTP/Status/403",2026-07-27T16:51:42.417360
petitmarocain,bd6t51361153,,failed,0,0,,http_manifest,known,403,manifest,"Client error '403 ' for url 'https://openapiproext.bnf.fr/iiif/presentation/v3/ark:/12148/bd6t51361153/manifest.json'
For more information check: https://developer.mozilla.org/en-US/docs/Web/HTTP/Status/403",2026-07-27T16:51:43.787787
petitmarocain,bd6t5136116g,,failed,0,0,,http_manifest,known,403,manifest,"Client error '403 ' for url 'https://openapiproext.bnf.fr/iiif/presentation/v3/ark:/12148/bd6t5136116g/manifest.json'
For more information check: https://developer.mozilla.org/en-US/docs/Web/HTTP/Status/403",2026-07-27T16:51:44.817340
petitmarocain,bd6t5136117v,,failed,0,0,,http_manifest,known,403,manifest,"Client error '403 ' for url 'https://openapiproext.bnf.fr/iiif/presentation/v3/ark:/12148/bd6t5136117v/manifest.json'
For more information check: https://developer.mozilla.org/en-US/docs/Web/HTTP/Status/403",2026-07-27T16:51:46.022326
petitmarocain,bd6t51361187,,failed,0,0,,http_manifest,known,403,manifest,"Client error '403 ' for url 'https://openapiproext.bnf.fr/iiif/presentation/v3/ark:/12148/bd6t51361187/manifest.json'
For more information check: https://developer.mozilla.org/en-US/docs/Web/HTTP/Status/403",2026-07-27T16:51:47.222314
petitmarocain,bd6t5136119m,,failed,0,0,,http_manifest,known,403,manifest,"Client error '403 ' for url 'https://openapiproext.bnf.fr/iiif/presentation/v3/ark:/12148/bd6t5136119m/manifest.json'
For more information check: https://developer.mozilla.org/en-US/docs/Web/HTTP/Status/403",2026-07-27T16:51:48.423450
petitmarocain,bd6t5136120j,,failed,0,0,,http_manifest,known,403,manifest,"Client error '403 ' for url 'https://openapiproext.bnf.fr/iiif/presentation/v3/ark:/12148/bd6t5136120j/manifest.json'
For more information check: https://developer.mozilla.org/en-US/docs/Web/HTTP/Status/403",2026-07-27T16:51:49.769441
petitmarocain,bd6t5136121x,,failed,0,0,,http_manifest,known,403,manifest,"Client error '403 ' for url 'https://openapiproext.bnf.fr/iiif/presentation/v3/ark:/12148/bd6t5136121x/manifest.json'
For more information check: https://developer.mozilla.org/en-US/docs/Web/HTTP/Status/403",2026-07-27T16:51:50.828277
petitmarocain,bd6t51361229,,failed,0,0,,http_manifest,known,403,manifest,"Client error '403 ' for url 'https://openapiproext.bnf.fr/iiif/presentation/v3/ark:/12148/bd6t51361229/manifest.json'
For more information check: https://developer.mozilla.org/en-US/docs/Web/HTTP/Status/403",2026-07-27T16:51:52.164660
petitmarocain,bd6t5136123p,,failed,0,0,,http_manifest,known,403,manifest,"Client error '403 ' for url 'https://openapiproext.bnf.fr/iiif/presentation/v3/ark:/12148/bd6t5136123p/manifest.json'
For more information check: https://developer.mozilla.org/en-US/docs/Web/HTTP/Status/403",2026-07-27T16:51:53.336068
petitmarocain,bd6t51361242,,failed,0,0,,http_manifest,known,403,manifest,"Client error '403 ' for url 'https://openapiproext.bnf.fr/iiif/presentation/v3/ark:/12148/bd6t51361242/manifest.json'
For more information check: https://developer.mozilla.org/en-US/docs/Web/HTTP/Status/403",2026-07-27T16:51:54.431990
petitmarocain,bd6t5136125f,,failed,0,0,,http_manifest,known,403,manifest,"Client error '403 ' for url 'https://openapiproext.bnf.fr/iiif/presentation/v3/ark:/12148/bd6t5136125f/manifest.json'
For more information check: https://developer.mozilla.org/en-US/docs/Web/HTTP/Status/403",2026-07-27T16:51:55.683594
petitmarocain,bd6t5136126t,,failed,0,0,,http_manifest,known,403,manifest,"Client error '403 ' for url 'https://openapiproext.bnf.fr/iiif/presentation/v3/ark:/12148/bd6t5136126t/manifest.json'
For more information check: https://developer.mozilla.org/en-US/docs/Web/HTTP/Status/403",2026-07-27T16:51:56.837028
petitmarocain,bd6t51361276,,failed,0,0,,http_manifest,known,403,manifest,"Client error '403 ' for url 'https://openapiproext.bnf.fr/iiif/presentation/v3/ark:/12148/bd6t51361276/manifest.json'
For more information check: https://developer.mozilla.org/en-US/docs/Web/HTTP/Status/403",2026-07-27T16:51:58.036624
petitmarocain,bd6t5136128k,,failed,0,0,,http_manifest,known,403,manifest,"Client error '403 ' for url 'https://openapiproext.bnf.fr/iiif/presentation/v3/ark:/12148/bd6t5136128k/manifest.json'
For more information check: https://developer.mozilla.org/en-US/docs/Web/HTTP/Status/403",2026-07-27T16:51:59.237759
petitmarocain,bd6t5136129z,,failed,0,0,,http_manifest,known,403,manifest,"Client error '403 ' for url 'https://openapiproext.bnf.fr/iiif/presentation/v3/ark:/12148/bd6t5136129z/manifest.json'
For more information check: https://developer.mozilla.org/en-US/docs/Web/HTTP/Status/403",2026-07-27T16:52:00.444959
petitmarocain,bd6t5136130w,,failed,0,0,,http_manifest,known,403,manifest,"Client error '403 ' for url 'https://openapiproext.bnf.fr/iiif/presentation/v3/ark:/12148/bd6t5136130w/manifest.json'
For more information check: https://developer.mozilla.org/en-US/docs/Web/HTTP/Status/403",2026-07-27T16:52:01.669406
petitmarocain,bd6t51361318,,failed,0,0,,http_manifest,known,403,manifest,"Client error '403 ' for url 'https://openapiproext.bnf.fr/iiif/presentation/v3/ark:/12148/bd6t51361318/manifest.json'
For more information check: https://developer.mozilla.org/en-US/docs/Web/HTTP/Status/403",2026-07-27T16:52:02.838938
petitmarocain,bd6t5136132n,,failed,0,0,,http_manifest,known,403,manifest,"Client error '403 ' for url 'https://openapiproext.bnf.fr/iiif/presentation/v3/ark:/12148/bd6t5136132n/manifest.json'
For more information check: https://developer.mozilla.org/en-US/docs/Web/HTTP/Status/403",2026-07-27T16:52:04.050532
petitmarocain,bd6t51361331,,failed,0,0,,http_manifest,known,403,manifest,"Client error '403 ' for url 'https://openapiproext.bnf.fr/iiif/presentation/v3/ark:/12148/bd6t51361331/manifest.json'
For more information check: https://developer.mozilla.org/en-US/docs/Web/HTTP/Status/403",2026-07-27T16:52:05.249591
petitmarocain,bd6t5136134d,,failed,0,0,,http_manifest,known,403,manifest,"Client error '403 ' for url 'https://openapiproext.bnf.fr/iiif/presentation/v3/ark:/12148/bd6t5136134d/manifest.json'
For more information check: https://developer.mozilla.org/en-US/docs/Web/HTTP/Status/403",2026-07-27T16:52:06.447763
petitmarocain,bd6t5136135s,,failed,0,0,,http_manifest,known,403,manifest,"Client error '403 ' for url 'https://openapiproext.bnf.fr/iiif/presentation/v3/ark:/12148/bd6t5136135s/manifest.json'
For more information check: https://developer.mozilla.org/en-US/docs/Web/HTTP/Status/403",2026-07-27T16:52:07.657080
petitmarocain,bd6t51361365,,failed,0,0,,http_manifest,known,403,manifest,"Client error '403 ' for url 'https://openapiproext.bnf.fr/iiif/presentation/v3/ark:/12148/bd6t51361365/manifest.json'
For more information check: https://developer.mozilla.org/en-US/docs/Web/HTTP/Status/403",2026-07-27T16:52:08.852597
petitmarocain,bd6t5136137j,,failed,0,0,,http_manifest,known,403,manifest,"Client error '403 ' for url 'https://openapiproext.bnf.fr/iiif/presentation/v3/ark:/12148/bd6t5136137j/manifest.json'
For more information check: https://developer.mozilla.org/en-US/docs/Web/HTTP/Status/403",2026-07-27T16:52:10.052666
petitmarocain,bd6t5136138x,,failed,0,0,,http_manifest,known,403,manifest,"Client error '403 ' for url 'https://openapiproext.bnf.fr/iiif/presentation/v3/ark:/12148/bd6t5136138x/manifest.json'
For more information check: https://developer.mozilla.org/en-US/docs/Web/HTTP/Status/403",2026-07-27T16:52:11.255080
petitmarocain,bd6t51361399,,failed,0,0,,http_manifest,known,403,manifest,"Client error '403 ' for url 'https://openapiproext.bnf.fr/iiif/presentation/v3/ark:/12148/bd6t51361399/manifest.json'
For more information check: https://developer.mozilla.org/en-US/docs/Web/HTTP/Status/403",2026-07-27T16:52:12.460512
petitmarocain,bd6t51361407,,failed,0,0,,http_manifest,known,403,manifest,"Client error '403 ' for url 'https://openapiproext.bnf.fr/iiif/presentation/v3/ark:/12148/bd6t51361407/manifest.json'
For more information check: https://developer.mozilla.org/en-US/docs/Web/HTTP/Status/403",2026-07-27T16:52:13.686729
petitmarocain,bd6t5136141m,,failed,0,0,,http_manifest,known,403,manifest,"Client error '403 ' for url 'https://openapiproext.bnf.fr/iiif/presentation/v3/ark:/12148/bd6t5136141m/manifest.json'
For more information check: https://developer.mozilla.org/en-US/docs/Web/HTTP/Status/403",2026-07-27T16:52:14.860710
petitmarocain,bd6t51361420,,failed,0,0,,http_manifest,known,403,manifest,"Client error '403 ' for url 'https://openapiproext.bnf.fr/iiif/presentation/v3/ark:/12148/bd6t51361420/manifest.json'
For more information check: https://developer.mozilla.org/en-US/docs/Web/HTTP/Status/403",2026-07-27T16:52:16.062138
petitmarocain,bd6t5136143c,,failed,0,0,,http_manifest,known,403,manifest,"Client error '403 ' for url 'https://openapiproext.bnf.fr/iiif/presentation/v3/ark:/12148/bd6t5136143c/manifest.json'
For more information check: https://developer.mozilla.org/en-US/docs/Web/HTTP/Status/403",2026-07-27T16:52:17.261186
petitmarocain,bd6t5136144r,,failed,0,0,,http_manifest,known,403,manifest,"Client error '403 ' for url 'https://openapiproext.bnf.fr/iiif/presentation/v3/ark:/12148/bd6t5136144r/manifest.json'
For more information check: https://developer.mozilla.org/en-US/docs/Web/HTTP/Status/403",2026-07-27T16:52:18.469204
petitmarocain,bd6t51361454,,failed,0,0,,http_manifest,known,403,manifest,"Client error '403 ' for url 'https://openapiproext.bnf.fr/iiif/presentation/v3/ark:/12148/bd6t51361454/manifest.json'
For more information check: https://developer.mozilla.org/en-US/docs/Web/HTTP/Status/403",2026-07-27T16:52:19.667513
petitmarocain,bd6t5136146h,,failed,0,0,,http_manifest,known,403,manifest,"Client error '403 ' for url 'https://openapiproext.bnf.fr/iiif/presentation/v3/ark:/12148/bd6t5136146h/manifest.json'
For more information check: https://developer.mozilla.org/en-US/docs/Web/HTTP/Status/403",2026-07-27T16:52:20.871472
petitmarocain,bd6t5136147w,,failed,0,0,,http_manifest,known,403,manifest,"Client error '403 ' for url 'https://openapiproext.bnf.fr/iiif/presentation/v3/ark:/12148/bd6t5136147w/manifest.json'
For more information check: https://developer.mozilla.org/en-US/docs/Web/HTTP/Status/403",2026-07-27T16:52:22.070784
petitmarocain,bd6t51361488,,failed,0,0,,http_manifest,known,403,manifest,"Client error '403 ' for url 'https://openapiproext.bnf.fr/iiif/presentation/v3/ark:/12148/bd6t51361488/manifest.json'
For more information check: https://developer.mozilla.org/en-US/docs/Web/HTTP/Status/403",2026-07-27T16:52:23.278931
petitmarocain,bd6t5136149n,,failed,0,0,,http_manifest,known,403,manifest,"Client error '403 ' for url 'https://openapiproext.bnf.fr/iiif/presentation/v3/ark:/12148/bd6t5136149n/manifest.json'
For more information check: https://developer.mozilla.org/en-US/docs/Web/HTTP/Status/403",2026-07-27T16:52:24.479260
petitmarocain,bd6t5136150k,,failed,0,0,,http_manifest,known,403,manifest,"Client error '403 ' for url 'https://openapiproext.bnf.fr/iiif/presentation/v3/ark:/12148/bd6t5136150k/manifest.json'
For more information check: https://developer.mozilla.org/en-US/docs/Web/HTTP/Status/403",2026-07-27T16:52:25.707170
petitmarocain,bd6t5136151z,,failed,0,0,,http_manifest,known,403,manifest,"Client error '403 ' for url 'https://openapiproext.bnf.fr/iiif/presentation/v3/ark:/12148/bd6t5136151z/manifest.json'
For more information check: https://developer.mozilla.org/en-US/docs/Web/HTTP/Status/403",2026-07-27T16:52:26.883164
petitmarocain,bd6t5136152b,,failed,0,0,,http_manifest,known,403,manifest,"Client error '403 ' for url 'https://openapiproext.bnf.fr/iiif/presentation/v3/ark:/12148/bd6t5136152b/manifest.json'
For more information check: https://developer.mozilla.org/en-US/docs/Web/HTTP/Status/403",2026-07-27T16:52:28.085785
petitmarocain,bd6t5136153q,,failed,0,0,,http_manifest,known,403,manifest,"Client error '403 ' for url 'https://openapiproext.bnf.fr/iiif/presentation/v3/ark:/12148/bd6t5136153q/manifest.json'
For more information check: https://developer.mozilla.org/en-US/docs/Web/HTTP/Status/403",2026-07-27T16:52:29.661292
petitmarocain,bd6t51361543,,failed,0,0,,http_manifest,known,403,manifest,"Client error '403 ' for url 'https://openapiproext.bnf.fr/iiif/presentation/v3/ark:/12148/bd6t51361543/manifest.json'
For more information check: https://developer.mozilla.org/en-US/docs/Web/HTTP/Status/403",2026-07-27T16:52:30.641423
petitmarocain,bd6t5136155g,,failed,0,0,,http_manifest,known,403,manifest,"Client error '403 ' for url 'https://openapiproext.bnf.fr/iiif/presentation/v3/ark:/12148/bd6t5136155g/manifest.json'
For more information check: https://developer.mozilla.org/en-US/docs/Web/HTTP/Status/403",2026-07-27T16:52:31.971045
petitmarocain,bd6t5136156v,,failed,0,0,,http_manifest,known,403,manifest,"Client error '403 ' for url 'https://openapiproext.bnf.fr/iiif/presentation/v3/ark:/12148/bd6t5136156v/manifest.json'
For more information check: https://developer.mozilla.org/en-US/docs/Web/HTTP/Status/403",2026-07-27T16:52:32.936738
petitmarocain,bd6t51361577,,failed,0,0,,http_manifest,known,403,manifest,"Client error '403 ' for url 'https://openapiproext.bnf.fr/iiif/presentation/v3/ark:/12148/bd6t51361577/manifest.json'
For more information check: https://developer.mozilla.org/en-US/docs/Web/HTTP/Status/403",2026-07-27T16:52:34.115525
petitmarocain,bd6t5136158m,,failed,0,0,,http_manifest,known,403,manifest,"Client error '403 ' for url 'https://openapiproext.bnf.fr/iiif/presentation/v3/ark:/12148/bd6t5136158m/manifest.json'
For more information check: https://developer.mozilla.org/en-US/docs/Web/HTTP/Status/403",2026-07-27T16:52:35.541174
petitmarocain,bd6t51361590,,failed,0,0,,http_manifest,known,403,manifest,"Client error '403 ' for url 'https://openapiproext.bnf.fr/iiif/presentation/v3/ark:/12148/bd6t51361590/manifest.json'
For more information check: https://developer.mozilla.org/en-US/docs/Web/HTTP/Status/403",2026-07-27T16:52:36.714020
petitmarocain,bd6t5136160x,,failed,0,0,,http_manifest,known,403,manifest,"Client error '403 ' for url 'https://openapiproext.bnf.fr/iiif/presentation/v3/ark:/12148/bd6t5136160x/manifest.json'
For more information check: https://developer.mozilla.org/en-US/docs/Web/HTTP/Status/403",2026-07-27T16:52:37.768864
petitmarocain,bd6t51361619,,failed,0,0,,http_manifest,known,403,manifest,"Client error '403 ' for url 'https://openapiproext.bnf.fr/iiif/presentation/v3/ark:/12148/bd6t51361619/manifest.json'
For more information check: https://developer.mozilla.org/en-US/docs/Web/HTTP/Status/403",2026-07-27T16:52:39.126172
petitmarocain,bd6t5136162p,,failed,0,0,,http_manifest,known,403,manifest,"Client error '403 ' for url 'https://openapiproext.bnf.fr/iiif/presentation/v3/ark:/12148/bd6t5136162p/manifest.json'
For more information check: https://developer.mozilla.org/en-US/docs/Web/HTTP/Status/403",2026-07-27T16:52:40.117150
petitmarocain,bd6t51361632,,failed,0,0,,http_manifest,known,403,manifest,"Client error '403 ' for url 'https://openapiproext.bnf.fr/iiif/presentation/v3/ark:/12148/bd6t51361632/manifest.json'
For more information check: https://developer.mozilla.org/en-US/docs/Web/HTTP/Status/403",2026-07-27T16:52:41.321425
petitmarocain,bd6t5136164f,,failed,0,0,,http_manifest,known,403,manifest,"Client error '403 ' for url 'https://openapiproext.bnf.fr/iiif/presentation/v3/ark:/12148/bd6t5136164f/manifest.json'
For more information check: https://developer.mozilla.org/en-US/docs/Web/HTTP/Status/403",2026-07-27T16:52:42.521679
petitmarocain,bd6t5136165t,,failed,0,0,,http_manifest,known,403,manifest,"Client error '403 ' for url 'https://openapiproext.bnf.fr/iiif/presentation/v3/ark:/12148/bd6t5136165t/manifest.json'
For more information check: https://developer.mozilla.org/en-US/docs/Web/HTTP/Status/403",2026-07-27T16:52:43.743044
petitmarocain,bd6t51361666,,failed,0,0,,http_manifest,known,403,manifest,"Client error '403 ' for url 'https://openapiproext.bnf.fr/iiif/presentation/v3/ark:/12148/bd6t51361666/manifest.json'
For more information check: https://developer.mozilla.org/en-US/docs/Web/HTTP/Status/403",2026-07-27T16:52:44.918841
petitmarocain,bd6t5136167k,,failed,0,0,,http_manifest,known,403,manifest,"Client error '403 ' for url 'https://openapiproext.bnf.fr/iiif/presentation/v3/ark:/12148/bd6t5136167k/manifest.json'
For more information check: https://developer.mozilla.org/en-US/docs/Web/HTTP/Status/403",2026-07-27T16:52:46.120409
petitmarocain,bd6t5136168z,,failed,0,0,,http_manifest,known,403,manifest,"Client error '403 ' for url 'https://openapiproext.bnf.fr/iiif/presentation/v3/ark:/12148/bd6t5136168z/manifest.json'
For more information check: https://developer.mozilla.org/en-US/docs/Web/HTTP/Status/403",2026-07-27T16:52:47.320565
petitmarocain,bd6t5136169b,,failed,0,0,,http_manifest,known,403,manifest,"Client error '403 ' for url 'https://openapiproext.bnf.fr/iiif/presentation/v3/ark:/12148/bd6t5136169b/manifest.json'
For more information check: https://developer.mozilla.org/en-US/docs/Web/HTTP/Status/403",2026-07-27T16:52:48.528510
petitmarocain,bd6t51361708,,failed,0,0,,http_manifest,known,403,manifest,"Client error '403 ' for url 'https://openapiproext.bnf.fr/iiif/presentation/v3/ark:/12148/bd6t51361708/manifest.json'
For more information check: https://developer.mozilla.org/en-US/docs/Web/HTTP/Status/403",2026-07-27T16:52:49.723575
petitmarocain,bd6t5136171n,,failed,0,0,,http_manifest,known,403,manifest,"Client error '403 ' for url 'https://openapiproext.bnf.fr/iiif/presentation/v3/ark:/12148/bd6t5136171n/manifest.json'
For more information check: https://developer.mozilla.org/en-US/docs/Web/HTTP/Status/403",2026-07-27T16:52:50.928545
petitmarocain,bd6t5135162d,,failed,0,0,,http_manifest,known,403,manifest,"Client error '403 ' for url 'https://openapiproext.bnf.fr/iiif/presentation/v3/ark:/12148/bd6t5135162d/manifest.json'
For more information check: https://developer.mozilla.org/en-US/docs/Web/HTTP/Status/403",2026-07-27T16:52:52.126509
petitmarocain,bd6t5135163s,,failed,0,0,,http_manifest,known,403,manifest,"Client error '403 ' for url 'https://openapiproext.bnf.fr/iiif/presentation/v3/ark:/12148/bd6t5135163s/manifest.json'
For more information check: https://developer.mozilla.org/en-US/docs/Web/HTTP/Status/403",2026-07-27T16:52:53.333099
petitmarocain,bd6t51351645,,failed,0,0,,http_manifest,known,403,manifest,"Client error '403 ' for url 'https://openapiproext.bnf.fr/iiif/presentation/v3/ark:/12148/bd6t51351645/manifest.json'
For more information check: https://developer.mozilla.org/en-US/docs/Web/HTTP/Status/403",2026-07-27T16:52:54.531617
petitmarocain,bd6t5135165j,,failed,0,0,,http_manifest,known,403,manifest,"Client error '403 ' for url 'https://openapiproext.bnf.fr/iiif/presentation/v3/ark:/12148/bd6t5135165j/manifest.json'
For more information check: https://developer.mozilla.org/en-US/docs/Web/HTTP/Status/403",2026-07-27T16:52:55.748015
petitmarocain,bd6t5135166x,,failed,0,0,,http_manifest,known,403,manifest,"Client error '403 ' for url 'https://openapiproext.bnf.fr/iiif/presentation/v3/ark:/12148/bd6t5135166x/manifest.json'
For more information check: https://developer.mozilla.org/en-US/docs/Web/HTTP/Status/403",2026-07-27T16:52:56.931695
petitmarocain,bd6t51351679,,failed,0,0,,http_manifest,known,403,manifest,"Client error '403 ' for url 'https://openapiproext.bnf.fr/iiif/presentation/v3/ark:/12148/bd6t51351679/manifest.json'
For more information check: https://developer.mozilla.org/en-US/docs/Web/HTTP/Status/403",2026-07-27T16:52:58.129699
petitmarocain,bd6t5135168p,,failed,0,0,,http_manifest,known,403,manifest,"Client error '403 ' for url 'https://openapiproext.bnf.fr/iiif/presentation/v3/ark:/12148/bd6t5135168p/manifest.json'
For more information check: https://developer.mozilla.org/en-US/docs/Web/HTTP/Status/403",2026-07-27T16:52:59.346502
petitmarocain,bd6t51351692,,failed,0,0,,http_manifest,known,403,manifest,"Client error '403 ' for url 'https://openapiproext.bnf.fr/iiif/presentation/v3/ark:/12148/bd6t51351692/manifest.json'
For more information check: https://developer.mozilla.org/en-US/docs/Web/HTTP/Status/403",2026-07-27T16:53:00.536134
petitmarocain,bd6t51351700,,failed,0,0,,http_manifest,known,403,manifest,"Client error '403 ' for url 'https://openapiproext.bnf.fr/iiif/presentation/v3/ark:/12148/bd6t51351700/manifest.json'
For more information check: https://developer.mozilla.org/en-US/docs/Web/HTTP/Status/403",2026-07-27T16:53:01.771963
petitmarocain,bd6t5135171c,,failed,0,0,,http_manifest,known,403,manifest,"Client error '403 ' for url 'https://openapiproext.bnf.fr/iiif/presentation/v3/ark:/12148/bd6t5135171c/manifest.json'
For more information check: https://developer.mozilla.org/en-US/docs/Web/HTTP/Status/403",2026-07-27T16:53:02.943150
petitmarocain,bd6t5135172r,,failed,0,0,,http_manifest,known,403,manifest,"Client error '403 ' for url 'https://openapiproext.bnf.fr/iiif/presentation/v3/ark:/12148/bd6t5135172r/manifest.json'
For more information check: https://developer.mozilla.org/en-US/docs/Web/HTTP/Status/403",2026-07-27T16:53:04.137027
petitmarocain,bd6t51351734,,failed,0,0,,http_manifest,known,403,manifest,"Client error '403 ' for url 'https://openapiproext.bnf.fr/iiif/presentation/v3/ark:/12148/bd6t51351734/manifest.json'
For more information check: https://developer.mozilla.org/en-US/docs/Web/HTTP/Status/403",2026-07-27T16:53:05.346175
petitmarocain,bd6t5135174h,,failed,0,0,,http_manifest,known,403,manifest,"Client error '403 ' for url 'https://openapiproext.bnf.fr/iiif/presentation/v3/ark:/12148/bd6t5135174h/manifest.json'
For more information check: https://developer.mozilla.org/en-US/docs/Web/HTTP/Status/403",2026-07-27T16:53:06.550963
petitmarocain,bd6t5135175w,,failed,0,0,,http_manifest,known,403,manifest,"Client error '403 ' for url 'https://openapiproext.bnf.fr/iiif/presentation/v3/ark:/12148/bd6t5135175w/manifest.json'
For more information check: https://developer.mozilla.org/en-US/docs/Web/HTTP/Status/403",2026-07-27T16:53:07.745533
petitmarocain,bd6t51351768,,failed,0,0,,http_manifest,known,403,manifest,"Client error '403 ' for url 'https://openapiproext.bnf.fr/iiif/presentation/v3/ark:/12148/bd6t51351768/manifest.json'
For more information check: https://developer.mozilla.org/en-US/docs/Web/HTTP/Status/403",2026-07-27T16:53:08.950256
petitmarocain,bd6t5135177n,,failed,0,0,,http_manifest,known,403,manifest,"Client error '403 ' for url 'https://openapiproext.bnf.fr/iiif/presentation/v3/ark:/12148/bd6t5135177n/manifest.json'
For more information check: https://developer.mozilla.org/en-US/docs/Web/HTTP/Status/403",2026-07-27T16:53:10.160877
petitmarocain,bd6t51351781,,failed,0,0,,http_manifest,known,403,manifest,"Client error '403 ' for url 'https://openapiproext.bnf.fr/iiif/presentation/v3/ark:/12148/bd6t51351781/manifest.json'
For more information check: https://developer.mozilla.org/en-US/docs/Web/HTTP/Status/403",2026-07-27T16:53:11.355604
petitmarocain,bd6t5135179d,,failed,0,0,,http_manifest,known,403,manifest,"Client error '403 ' for url 'https://openapiproext.bnf.fr/iiif/presentation/v3/ark:/12148/bd6t5135179d/manifest.json'
For more information check: https://developer.mozilla.org/en-US/docs/Web/HTTP/Status/403",2026-07-27T16:53:12.558088
petitmarocain,bd6t5135180b,,failed,0,0,,http_manifest,known,403,manifest,"Client error '403 ' for url 'https://openapiproext.bnf.fr/iiif/presentation/v3/ark:/12148/bd6t5135180b/manifest.json'
For more information check: https://developer.mozilla.org/en-US/docs/Web/HTTP/Status/403",2026-07-27T16:53:13.782215
petitmarocain,bd6t5135181q,,failed,0,0,,http_manifest,known,403,manifest,"Client error '403 ' for url 'https://openapiproext.bnf.fr/iiif/presentation/v3/ark:/12148/bd6t5135181q/manifest.json'
For more information check: https://developer.mozilla.org/en-US/docs/Web/HTTP/Status/403",2026-07-27T16:53:14.957261
petitmarocain,bd6t51351823,,failed,0,0,,http_manifest,known,403,manifest,"Client error '403 ' for url 'https://openapiproext.bnf.fr/iiif/presentation/v3/ark:/12148/bd6t51351823/manifest.json'
For more information check: https://developer.mozilla.org/en-US/docs/Web/HTTP/Status/403",2026-07-27T16:53:16.166560
petitmarocain,bd6t5135183g,,failed,0,0,,http_manifest,known,403,manifest,"Client error '403 ' for url 'https://openapiproext.bnf.fr/iiif/presentation/v3/ark:/12148/bd6t5135183g/manifest.json'
For more information check: https://developer.mozilla.org/en-US/docs/Web/HTTP/Status/403",2026-07-27T16:53:17.364460
petitmarocain,bd6t5135184v,,failed,0,0,,http_manifest,known,403,manifest,"Client error '403 ' for url 'https://openapiproext.bnf.fr/iiif/presentation/v3/ark:/12148/bd6t5135184v/manifest.json'
For more information check: https://developer.mozilla.org/en-US/docs/Web/HTTP/Status/403",2026-07-27T16:53:18.562972
petitmarocain,bd6t51351857,,failed,0,0,,http_manifest,known,403,manifest,"Client error '403 ' for url 'https://openapiproext.bnf.fr/iiif/presentation/v3/ark:/12148/bd6t51351857/manifest.json'
For more information check: https://developer.mozilla.org/en-US/docs/Web/HTTP/Status/403",2026-07-27T16:53:19.765841
petitmarocain,bd6t5135186m,,failed,0,0,,http_manifest,known,403,manifest,"Client error '403 ' for url 'https://openapiproext.bnf.fr/iiif/presentation/v3/ark:/12148/bd6t5135186m/manifest.json'
For more information check: https://developer.mozilla.org/en-US/docs/Web/HTTP/Status/403",2026-07-27T16:53:20.973713
petitmarocain,bd6t51351870,,failed,0,0,,http_manifest,known,403,manifest,"Client error '403 ' for url 'https://openapiproext.bnf.fr/iiif/presentation/v3/ark:/12148/bd6t51351870/manifest.json'
For more information check: https://developer.mozilla.org/en-US/docs/Web/HTTP/Status/403",2026-07-27T16:53:22.169670
petitmarocain,bd6t5135188c,,failed,0,0,,http_manifest,known,403,manifest,"Client error '403 ' for url 'https://openapiproext.bnf.fr/iiif/presentation/v3/ark:/12148/bd6t5135188c/manifest.json'
For more information check: https://developer.mozilla.org/en-US/docs/Web/HTTP/Status/403",2026-07-27T16:53:23.372191
petitmarocain,bd6t5135189r,,failed,0,0,,http_manifest,known,403,manifest,"Client error '403 ' for url 'https://openapiproext.bnf.fr/iiif/presentation/v3/ark:/12148/bd6t5135189r/manifest.json'
For more information check: https://developer.mozilla.org/en-US/docs/Web/HTTP/Status/403",2026-07-27T16:53:24.572424
petitmarocain,bd6t5135190p,,failed,0,0,,http_manifest,known,403,manifest,"Client error '403 ' for url 'https://openapiproext.bnf.fr/iiif/presentation/v3/ark:/12148/bd6t5135190p/manifest.json'
For more information check: https://developer.mozilla.org/en-US/docs/Web/HTTP/Status/403",2026-07-27T16:53:25.799476
petitmarocain,bd6t51351912,,failed,0,0,,http_manifest,known,403,manifest,"Client error '403 ' for url 'https://openapiproext.bnf.fr/iiif/presentation/v3/ark:/12148/bd6t51351912/manifest.json'
For more information check: https://developer.mozilla.org/en-US/docs/Web/HTTP/Status/403",2026-07-27T16:53:26.976267
petitmarocain,bd6t5135192f,,failed,0,0,,http_manifest,known,403,manifest,"Client error '403 ' for url 'https://openapiproext.bnf.fr/iiif/presentation/v3/ark:/12148/bd6t5135192f/manifest.json'
For more information check: https://developer.mozilla.org/en-US/docs/Web/HTTP/Status/403",2026-07-27T16:53:28.178880
petitmarocain,bd6t5135193t,,failed,0,0,,http_manifest,known,403,manifest,"Client error '403 ' for url 'https://openapiproext.bnf.fr/iiif/presentation/v3/ark:/12148/bd6t5135193t/manifest.json'
For more information check: https://developer.mozilla.org/en-US/docs/Web/HTTP/Status/403",2026-07-27T16:53:29.379450
petitmarocain,bd6t51351946,,failed,0,0,,http_manifest,known,403,manifest,"Client error '403 ' for url 'https://openapiproext.bnf.fr/iiif/presentation/v3/ark:/12148/bd6t51351946/manifest.json'
For more information check: https://developer.mozilla.org/en-US/docs/Web/HTTP/Status/403",2026-07-27T16:53:30.772518
petitmarocain,bd6t5135195k,,failed,0,0,,http_manifest,known,403,manifest,"Client error '403 ' for url 'https://openapiproext.bnf.fr/iiif/presentation/v3/ark:/12148/bd6t5135195k/manifest.json'
For more information check: https://developer.mozilla.org/en-US/docs/Web/HTTP/Status/403",2026-07-27T16:53:31.901404
petitmarocain,bd6t5135196z,,failed,0,0,,http_manifest,known,403,manifest,"Client error '403 ' for url 'https://openapiproext.bnf.fr/iiif/presentation/v3/ark:/12148/bd6t5135196z/manifest.json'
For more information check: https://developer.mozilla.org/en-US/docs/Web/HTTP/Status/403",2026-07-27T16:53:33.219965
petitmarocain,bd6t5135197b,,failed,0,0,,http_manifest,known,403,manifest,"Client error '403 ' for url 'https://openapiproext.bnf.fr/iiif/presentation/v3/ark:/12148/bd6t5135197b/manifest.json'
For more information check: https://developer.mozilla.org/en-US/docs/Web/HTTP/Status/403",2026-07-27T16:53:34.193332
petitmarocain,bd6t5135198q,,failed,0,0,,http_manifest,known,403,manifest,"Client error '403 ' for url 'https://openapiproext.bnf.fr/iiif/presentation/v3/ark:/12148/bd6t5135198q/manifest.json'
For more information check: https://developer.mozilla.org/en-US/docs/Web/HTTP/Status/403",2026-07-27T16:53:35.387499
petitmarocain,bd6t51351993,,failed,0,0,,http_manifest,known,403,manifest,"Client error '403 ' for url 'https://openapiproext.bnf.fr/iiif/presentation/v3/ark:/12148/bd6t51351993/manifest.json'
For more information check: https://developer.mozilla.org/en-US/docs/Web/HTTP/Status/403",2026-07-27T16:53:36.712666
petitmarocain,bd6t5135200w,,failed,0,0,,http_manifest,known,403,manifest,"Client error '403 ' for url 'https://openapiproext.bnf.fr/iiif/presentation/v3/ark:/12148/bd6t5135200w/manifest.json'
For more information check: https://developer.mozilla.org/en-US/docs/Web/HTTP/Status/403",2026-07-27T16:53:37.843540
petitmarocain,bd6t51352018,,failed,0,0,,http_manifest,known,403,manifest,"Client error '403 ' for url 'https://openapiproext.bnf.fr/iiif/presentation/v3/ark:/12148/bd6t51352018/manifest.json'
For more information check: https://developer.mozilla.org/en-US/docs/Web/HTTP/Status/403",2026-07-27T16:53:39.202254
petitmarocain,bd6t5135202n,,failed,0,0,,http_manifest,known,403,manifest,"Client error '403 ' for url 'https://openapiproext.bnf.fr/iiif/presentation/v3/ark:/12148/bd6t5135202n/manifest.json'
For more information check: https://developer.mozilla.org/en-US/docs/Web/HTTP/Status/403",2026-07-27T16:53:40.506286
petitmarocain,bd6t51352031,,failed,0,0,,http_manifest,known,403,manifest,"Client error '403 ' for url 'https://openapiproext.bnf.fr/iiif/presentation/v3/ark:/12148/bd6t51352031/manifest.json'
For more information check: https://developer.mozilla.org/en-US/docs/Web/HTTP/Status/403",2026-07-27T16:53:41.435310
petitmarocain,bd6t5135204d,,failed,0,0,,http_manifest,known,403,manifest,"Client error '403 ' for url 'https://openapiproext.bnf.fr/iiif/presentation/v3/ark:/12148/bd6t5135204d/manifest.json'
For more information check: https://developer.mozilla.org/en-US/docs/Web/HTTP/Status/403",2026-07-27T16:53:42.764653
petitmarocain,bd6t5135205s,,failed,0,0,,http_manifest,known,403,manifest,"Client error '403 ' for url 'https://openapiproext.bnf.fr/iiif/presentation/v3/ark:/12148/bd6t5135205s/manifest.json'
For more information check: https://developer.mozilla.org/en-US/docs/Web/HTTP/Status/403",2026-07-27T16:53:44.073919
petitmarocain,bd6t51352065,,failed,0,0,,http_manifest,known,403,manifest,"Client error '403 ' for url 'https://openapiproext.bnf.fr/iiif/presentation/v3/ark:/12148/bd6t51352065/manifest.json'
For more information check: https://developer.mozilla.org/en-US/docs/Web/HTTP/Status/403",2026-07-27T16:53:45.026897
petitmarocain,bd6t5135207j,,failed,0,0,,http_manifest,known,403,manifest,"Client error '403 ' for url 'https://openapiproext.bnf.fr/iiif/presentation/v3/ark:/12148/bd6t5135207j/manifest.json'
For more information check: https://developer.mozilla.org/en-US/docs/Web/HTTP/Status/403",2026-07-27T16:53:46.209260
petitmarocain,bd6t5135208x,,failed,0,0,,http_manifest,known,403,manifest,"Client error '403 ' for url 'https://openapiproext.bnf.fr/iiif/presentation/v3/ark:/12148/bd6t5135208x/manifest.json'
For more information check: https://developer.mozilla.org/en-US/docs/Web/HTTP/Status/403",2026-07-27T16:53:47.639054
petitmarocain,bd6t51352099,,failed,0,0,,http_manifest,known,403,manifest,"Client error '403 ' for url 'https://openapiproext.bnf.fr/iiif/presentation/v3/ark:/12148/bd6t51352099/manifest.json'
For more information check: https://developer.mozilla.org/en-US/docs/Web/HTTP/Status/403",2026-07-27T16:53:48.843043
petitmarocain,bd6t51352107,,failed,0,0,,http_manifest,known,403,manifest,"Client error '403 ' for url 'https://openapiproext.bnf.fr/iiif/presentation/v3/ark:/12148/bd6t51352107/manifest.json'
For more information check: https://developer.mozilla.org/en-US/docs/Web/HTTP/Status/403",2026-07-27T16:53:50.008989
petitmarocain,bd6t5135211m,,failed,0,0,,http_manifest,known,403,manifest,"Client error '403 ' for url 'https://openapiproext.bnf.fr/iiif/presentation/v3/ark:/12148/bd6t5135211m/manifest.json'
For more information check: https://developer.mozilla.org/en-US/docs/Web/HTTP/Status/403",2026-07-27T16:53:51.029716
petitmarocain,bd6t51352120,,failed,0,0,,http_manifest,known,403,manifest,"Client error '403 ' for url 'https://openapiproext.bnf.fr/iiif/presentation/v3/ark:/12148/bd6t51352120/manifest.json'
For more information check: https://developer.mozilla.org/en-US/docs/Web/HTTP/Status/403",2026-07-27T16:53:52.208647
petitmarocain,bd6t5135213c,,failed,0,0,,http_manifest,known,403,manifest,"Client error '403 ' for url 'https://openapiproext.bnf.fr/iiif/presentation/v3/ark:/12148/bd6t5135213c/manifest.json'
For more information check: https://developer.mozilla.org/en-US/docs/Web/HTTP/Status/403",2026-07-27T16:53:53.407452
petitmarocain,bd6t5135214r,,failed,0,0,,http_manifest,known,403,manifest,"Client error '403 ' for url 'https://openapiproext.bnf.fr/iiif/presentation/v3/ark:/12148/bd6t5135214r/manifest.json'
For more information check: https://developer.mozilla.org/en-US/docs/Web/HTTP/Status/403",2026-07-27T16:53:54.614107
petitmarocain,bd6t51352154,,failed,0,0,,http_manifest,known,403,manifest,"Client error '403 ' for url 'https://openapiproext.bnf.fr/iiif/presentation/v3/ark:/12148/bd6t51352154/manifest.json'
For more information check: https://developer.mozilla.org/en-US/docs/Web/HTTP/Status/403",2026-07-27T16:53:55.816016
petitmarocain,bd6t5135216h,,failed,0,0,,http_manifest,known,403,manifest,"Client error '403 ' for url 'https://openapiproext.bnf.fr/iiif/presentation/v3/ark:/12148/bd6t5135216h/manifest.json'
For more information check: https://developer.mozilla.org/en-US/docs/Web/HTTP/Status/403",2026-07-27T16:53:57.030649
petitmarocain,bd6t5135217w,,failed,0,0,,http_manifest,known,403,manifest,"Client error '403 ' for url 'https://openapiproext.bnf.fr/iiif/presentation/v3/ark:/12148/bd6t5135217w/manifest.json'
For more information check: https://developer.mozilla.org/en-US/docs/Web/HTTP/Status/403",2026-07-27T16:53:58.223700
petitmarocain,bd6t51352188,,failed,0,0,,http_manifest,known,403,manifest,"Client error '403 ' for url 'https://openapiproext.bnf.fr/iiif/presentation/v3/ark:/12148/bd6t51352188/manifest.json'
For more information check: https://developer.mozilla.org/en-US/docs/Web/HTTP/Status/403",2026-07-27T16:53:59.424352
petitmarocain,bd6t5135219n,,failed,0,0,,http_manifest,known,403,manifest,"Client error '403 ' for url 'https://openapiproext.bnf.fr/iiif/presentation/v3/ark:/12148/bd6t5135219n/manifest.json'
For more information check: https://developer.mozilla.org/en-US/docs/Web/HTTP/Status/403",2026-07-27T16:54:00.623214
petitmarocain,bd6t5135220k,,failed,0,0,,http_manifest,known,403,manifest,"Client error '403 ' for url 'https://openapiproext.bnf.fr/iiif/presentation/v3/ark:/12148/bd6t5135220k/manifest.json'
For more information check: https://developer.mozilla.org/en-US/docs/Web/HTTP/Status/403",2026-07-27T16:54:01.825605
petitmarocain,bd6t5135221z,,failed,0,0,,http_manifest,known,403,manifest,"Client error '403 ' for url 'https://openapiproext.bnf.fr/iiif/presentation/v3/ark:/12148/bd6t5135221z/manifest.json'
For more information check: https://developer.mozilla.org/en-US/docs/Web/HTTP/Status/403",2026-07-27T16:54:03.023351
petitmarocain,bd6t5135222b,,failed,0,0,,http_manifest,known,403,manifest,"Client error '403 ' for url 'https://openapiproext.bnf.fr/iiif/presentation/v3/ark:/12148/bd6t5135222b/manifest.json'
For more information check: https://developer.mozilla.org/en-US/docs/Web/HTTP/Status/403",2026-07-27T16:54:04.222301
petitmarocain,bd6t5135223q,,failed,0,0,,http_manifest,known,403,manifest,"Client error '403 ' for url 'https://openapiproext.bnf.fr/iiif/presentation/v3/ark:/12148/bd6t5135223q/manifest.json'
For more information check: https://developer.mozilla.org/en-US/docs/Web/HTTP/Status/403",2026-07-27T16:54:05.427984
petitmarocain,bd6t51352243,,failed,0,0,,http_manifest,known,403,manifest,"Client error '403 ' for url 'https://openapiproext.bnf.fr/iiif/presentation/v3/ark:/12148/bd6t51352243/manifest.json'
For more information check: https://developer.mozilla.org/en-US/docs/Web/HTTP/Status/403",2026-07-27T16:54:06.648559
petitmarocain,bd6t5135225g,,failed,0,0,,http_manifest,known,403,manifest,"Client error '403 ' for url 'https://openapiproext.bnf.fr/iiif/presentation/v3/ark:/12148/bd6t5135225g/manifest.json'
For more information check: https://developer.mozilla.org/en-US/docs/Web/HTTP/Status/403",2026-07-27T16:54:07.833199
petitmarocain,bd6t5135226v,,failed,0,0,,http_manifest,known,403,manifest,"Client error '403 ' for url 'https://openapiproext.bnf.fr/iiif/presentation/v3/ark:/12148/bd6t5135226v/manifest.json'
For more information check: https://developer.mozilla.org/en-US/docs/Web/HTTP/Status/403",2026-07-27T16:54:09.046202
petitmarocain,bd6t51352277,,failed,0,0,,http_manifest,known,403,manifest,"Client error '403 ' for url 'https://openapiproext.bnf.fr/iiif/presentation/v3/ark:/12148/bd6t51352277/manifest.json'
For more information check: https://developer.mozilla.org/en-US/docs/Web/HTTP/Status/403",2026-07-27T16:54:10.234743
petitmarocain,bd6t5135228m,,failed,0,0,,http_manifest,known,403,manifest,"Client error '403 ' for url 'https://openapiproext.bnf.fr/iiif/presentation/v3/ark:/12148/bd6t5135228m/manifest.json'
For more information check: https://developer.mozilla.org/en-US/docs/Web/HTTP/Status/403",2026-07-27T16:54:11.435486
petitmarocain,bd6t51352290,,failed,0,0,,http_manifest,known,403,manifest,"Client error '403 ' for url 'https://openapiproext.bnf.fr/iiif/presentation/v3/ark:/12148/bd6t51352290/manifest.json'
For more information check: https://developer.mozilla.org/en-US/docs/Web/HTTP/Status/403",2026-07-27T16:54:12.633709
petitmarocain,bd6t5135230x,,failed,0,0,,http_manifest,known,403,manifest,"Client error '403 ' for url 'https://openapiproext.bnf.fr/iiif/presentation/v3/ark:/12148/bd6t5135230x/manifest.json'
For more information check: https://developer.mozilla.org/en-US/docs/Web/HTTP/Status/403",2026-07-27T16:54:13.838157
petitmarocain,bd6t51352319,,failed,0,0,,http_manifest,known,403,manifest,"Client error '403 ' for url 'https://openapiproext.bnf.fr/iiif/presentation/v3/ark:/12148/bd6t51352319/manifest.json'
For more information check: https://developer.mozilla.org/en-US/docs/Web/HTTP/Status/403",2026-07-27T16:54:15.038817
petitmarocain,bd6t5135232p,,failed,0,0,,http_manifest,known,403,manifest,"Client error '403 ' for url 'https://openapiproext.bnf.fr/iiif/presentation/v3/ark:/12148/bd6t5135232p/manifest.json'
For more information check: https://developer.mozilla.org/en-US/docs/Web/HTTP/Status/403",2026-07-27T16:54:16.236733
petitmarocain,bd6t51352332,,failed,0,0,,http_manifest,known,403,manifest,"Client error '403 ' for url 'https://openapiproext.bnf.fr/iiif/presentation/v3/ark:/12148/bd6t51352332/manifest.json'
For more information check: https://developer.mozilla.org/en-US/docs/Web/HTTP/Status/403",2026-07-27T16:54:17.446195
petitmarocain,bd6t5135234f,,failed,0,0,,http_manifest,known,403,manifest,"Client error '403 ' for url 'https://openapiproext.bnf.fr/iiif/presentation/v3/ark:/12148/bd6t5135234f/manifest.json'
For more information check: https://developer.mozilla.org/en-US/docs/Web/HTTP/Status/403",2026-07-27T16:54:18.648393
petitmarocain,bd6t5135235t,,failed,0,0,,http_manifest,known,403,manifest,"Client error '403 ' for url 'https://openapiproext.bnf.fr/iiif/presentation/v3/ark:/12148/bd6t5135235t/manifest.json'
For more information check: https://developer.mozilla.org/en-US/docs/Web/HTTP/Status/403",2026-07-27T16:54:19.844848
petitmarocain,bd6t51352366,,failed,0,0,,http_manifest,known,403,manifest,"Client error '403 ' for url 'https://openapiproext.bnf.fr/iiif/presentation/v3/ark:/12148/bd6t51352366/manifest.json'
For more information check: https://developer.mozilla.org/en-US/docs/Web/HTTP/Status/403",2026-07-27T16:54:21.063615
petitmarocain,bd6t5135237k,,failed,0,0,,http_manifest,known,403,manifest,"Client error '403 ' for url 'https://openapiproext.bnf.fr/iiif/presentation/v3/ark:/12148/bd6t5135237k/manifest.json'
For more information check: https://developer.mozilla.org/en-US/docs/Web/HTTP/Status/403",2026-07-27T16:54:22.251448
petitmarocain,bd6t5135238z,,failed,0,0,,http_manifest,known,403,manifest,"Client error '403 ' for url 'https://openapiproext.bnf.fr/iiif/presentation/v3/ark:/12148/bd6t5135238z/manifest.json'
For more information check: https://developer.mozilla.org/en-US/docs/Web/HTTP/Status/403",2026-07-27T16:54:23.453809
petitmarocain,bd6t5135239b,,failed,0,0,,http_manifest,known,403,manifest,"Client error '403 ' for url 'https://openapiproext.bnf.fr/iiif/presentation/v3/ark:/12148/bd6t5135239b/manifest.json'
For more information check: https://developer.mozilla.org/en-US/docs/Web/HTTP/Status/403",2026-07-27T16:54:24.657060
petitmarocain,bd6t51352408,,failed,0,0,,http_manifest,known,403,manifest,"Client error '403 ' for url 'https://openapiproext.bnf.fr/iiif/presentation/v3/ark:/12148/bd6t51352408/manifest.json'
For more information check: https://developer.mozilla.org/en-US/docs/Web/HTTP/Status/403",2026-07-27T16:54:25.852331
petitmarocain,bd6t5135241n,,failed,0,0,,http_manifest,known,403,manifest,"Client error '403 ' for url 'https://openapiproext.bnf.fr/iiif/presentation/v3/ark:/12148/bd6t5135241n/manifest.json'
For more information check: https://developer.mozilla.org/en-US/docs/Web/HTTP/Status/403",2026-07-27T16:54:27.076085
petitmarocain,bd6t51352421,,failed,0,0,,http_manifest,known,403,manifest,"Client error '403 ' for url 'https://openapiproext.bnf.fr/iiif/presentation/v3/ark:/12148/bd6t51352421/manifest.json'
For more information check: https://developer.mozilla.org/en-US/docs/Web/HTTP/Status/403",2026-07-27T16:54:28.268360
petitmarocain,bd6t5135243d,,failed,0,0,,http_manifest,known,403,manifest,"Client error '403 ' for url 'https://openapiproext.bnf.fr/iiif/presentation/v3/ark:/12148/bd6t5135243d/manifest.json'
For more information check: https://developer.mozilla.org/en-US/docs/Web/HTTP/Status/403",2026-07-27T16:54:29.463722
petitmarocain,bd6t5135244s,,failed,0,0,,http_manifest,known,403,manifest,"Client error '403 ' for url 'https://openapiproext.bnf.fr/iiif/presentation/v3/ark:/12148/bd6t5135244s/manifest.json'
For more information check: https://developer.mozilla.org/en-US/docs/Web/HTTP/Status/403",2026-07-27T16:54:30.975571
petitmarocain,bd6t51352455,,failed,0,0,,http_manifest,known,403,manifest,"Client error '403 ' for url 'https://openapiproext.bnf.fr/iiif/presentation/v3/ark:/12148/bd6t51352455/manifest.json'
For more information check: https://developer.mozilla.org/en-US/docs/Web/HTTP/Status/403",2026-07-27T16:54:32.154625
petitmarocain,bd6t5135246j,,failed,0,0,,http_manifest,known,403,manifest,"Client error '403 ' for url 'https://openapiproext.bnf.fr/iiif/presentation/v3/ark:/12148/bd6t5135246j/manifest.json'
For more information check: https://developer.mozilla.org/en-US/docs/Web/HTTP/Status/403",2026-07-27T16:54:33.307083
petitmarocain,bd6t5135247x,,failed,0,0,,http_manifest,known,403,manifest,"Client error '403 ' for url 'https://openapiproext.bnf.fr/iiif/presentation/v3/ark:/12148/bd6t5135247x/manifest.json'
For more information check: https://developer.mozilla.org/en-US/docs/Web/HTTP/Status/403",2026-07-27T16:54:34.279715
petitmarocain,bd6t51352489,,failed,0,0,,http_manifest,known,403,manifest,"Client error '403 ' for url 'https://openapiproext.bnf.fr/iiif/presentation/v3/ark:/12148/bd6t51352489/manifest.json'
For more information check: https://developer.mozilla.org/en-US/docs/Web/HTTP/Status/403",2026-07-27T16:54:35.477083
petitmarocain,bd6t5135249p,,failed,0,0,,http_manifest,known,403,manifest,"Client error '403 ' for url 'https://openapiproext.bnf.fr/iiif/presentation/v3/ark:/12148/bd6t5135249p/manifest.json'
For more information check: https://developer.mozilla.org/en-US/docs/Web/HTTP/Status/403",2026-07-27T16:54:36.925525
petitmarocain,bd6t5135250m,,failed,0,0,,http_manifest,known,403,manifest,"Client error '403 ' for url 'https://openapiproext.bnf.fr/iiif/presentation/v3/ark:/12148/bd6t5135250m/manifest.json'
For more information check: https://developer.mozilla.org/en-US/docs/Web/HTTP/Status/403",2026-07-27T16:54:38.059747
petitmarocain,bd6t51352510,,failed,0,0,,http_manifest,known,403,manifest,"Client error '403 ' for url 'https://openapiproext.bnf.fr/iiif/presentation/v3/ark:/12148/bd6t51352510/manifest.json'
For more information check: https://developer.mozilla.org/en-US/docs/Web/HTTP/Status/403",2026-07-27T16:54:39.104355
petitmarocain,bd6t5135252c,,failed,0,0,,http_manifest,known,403,manifest,"Client error '403 ' for url 'https://openapiproext.bnf.fr/iiif/presentation/v3/ark:/12148/bd6t5135252c/manifest.json'
For more information check: https://developer.mozilla.org/en-US/docs/Web/HTTP/Status/403",2026-07-27T16:54:40.327768
petitmarocain,bd6t5135340k,,failed,0,0,,http_manifest,known,403,manifest,"Client error '403 ' for url 'https://openapiproext.bnf.fr/iiif/presentation/v3/ark:/12148/bd6t5135340k/manifest.json'
For more information check: https://developer.mozilla.org/en-US/docs/Web/HTTP/Status/403",2026-07-27T16:54:41.499343
petitmarocain,bd6t5135341z,,failed,0,0,,http_manifest,known,403,manifest,"Client error '403 ' for url 'https://openapiproext.bnf.fr/iiif/presentation/v3/ark:/12148/bd6t5135341z/manifest.json'
For more information check: https://developer.mozilla.org/en-US/docs/Web/HTTP/Status/403",2026-07-27T16:54:42.704961
petitmarocain,bd6t5135342b,,failed,0,0,,http_manifest,known,403,manifest,"Client error '403 ' for url 'https://openapiproext.bnf.fr/iiif/presentation/v3/ark:/12148/bd6t5135342b/manifest.json'
For more information check: https://developer.mozilla.org/en-US/docs/Web/HTTP/Status/403",2026-07-27T16:54:44.049532
petitmarocain,bd6t5135343q,,failed,0,0,,http_manifest,known,403,manifest,"Client error '403 ' for url 'https://openapiproext.bnf.fr/iiif/presentation/v3/ark:/12148/bd6t5135343q/manifest.json'
For more information check: https://developer.mozilla.org/en-US/docs/Web/HTTP/Status/403",2026-07-27T16:54:45.085690
petitmarocain,bd6t51353443,,failed,0,0,,http_manifest,known,403,manifest,"Client error '403 ' for url 'https://openapiproext.bnf.fr/iiif/presentation/v3/ark:/12148/bd6t51353443/manifest.json'
For more information check: https://developer.mozilla.org/en-US/docs/Web/HTTP/Status/403",2026-07-27T16:54:46.303254
petitmarocain,bd6t5135345g,,failed,0,0,,http_manifest,known,403,manifest,"Client error '403 ' for url 'https://openapiproext.bnf.fr/iiif/presentation/v3/ark:/12148/bd6t5135345g/manifest.json'
For more information check: https://developer.mozilla.org/en-US/docs/Web/HTTP/Status/403",2026-07-27T16:54:47.697978
petitmarocain,bd6t5135346v,,failed,0,0,,http_manifest,known,403,manifest,"Client error '403 ' for url 'https://openapiproext.bnf.fr/iiif/presentation/v3/ark:/12148/bd6t5135346v/manifest.json'
For more information check: https://developer.mozilla.org/en-US/docs/Web/HTTP/Status/403",2026-07-27T16:54:48.884396
petitmarocain,bd6t51353477,,failed,0,0,,http_manifest,known,403,manifest,"Client error '403 ' for url 'https://openapiproext.bnf.fr/iiif/presentation/v3/ark:/12148/bd6t51353477/manifest.json'
For more information check: https://developer.mozilla.org/en-US/docs/Web/HTTP/Status/403",2026-07-27T16:54:49.996421
petitmarocain,bd6t5135348m,,failed,0,0,,http_manifest,known,403,manifest,"Client error '403 ' for url 'https://openapiproext.bnf.fr/iiif/presentation/v3/ark:/12148/bd6t5135348m/manifest.json'
For more information check: https://developer.mozilla.org/en-US/docs/Web/HTTP/Status/403",2026-07-27T16:54:51.101618
petitmarocain,bd6t51353490,,failed,0,0,,http_manifest,known,403,manifest,"Client error '403 ' for url 'https://openapiproext.bnf.fr/iiif/presentation/v3/ark:/12148/bd6t51353490/manifest.json'
For more information check: https://developer.mozilla.org/en-US/docs/Web/HTTP/Status/403",2026-07-27T16:54:52.294327
petitmarocain,bd6t5135350x,,failed,0,0,,http_manifest,known,403,manifest,"Client error '403 ' for url 'https://openapiproext.bnf.fr/iiif/presentation/v3/ark:/12148/bd6t5135350x/manifest.json'
For more information check: https://developer.mozilla.org/en-US/docs/Web/HTTP/Status/403",2026-07-27T16:54:53.491678
petitmarocain,bd6t51353519,,failed,0,0,,http_manifest,known,403,manifest,"Client error '403 ' for url 'https://openapiproext.bnf.fr/iiif/presentation/v3/ark:/12148/bd6t51353519/manifest.json'
For more information check: https://developer.mozilla.org/en-US/docs/Web/HTTP/Status/403",2026-07-27T16:54:54.694701
petitmarocain,bd6t5135352p,,failed,0,0,,http_manifest,known,403,manifest,"Client error '403 ' for url 'https://openapiproext.bnf.fr/iiif/presentation/v3/ark:/12148/bd6t5135352p/manifest.json'
For more information check: https://developer.mozilla.org/en-US/docs/Web/HTTP/Status/403",2026-07-27T16:54:55.911541
petitmarocain,bd6t51353532,,failed,0,0,,http_manifest,known,403,manifest,"Client error '403 ' for url 'https://openapiproext.bnf.fr/iiif/presentation/v3/ark:/12148/bd6t51353532/manifest.json'
For more information check: https://developer.mozilla.org/en-US/docs/Web/HTTP/Status/403",2026-07-27T16:54:57.101549
petitmarocain,bd6t5135354f,,failed,0,0,,http_manifest,known,403,manifest,"Client error '403 ' for url 'https://openapiproext.bnf.fr/iiif/presentation/v3/ark:/12148/bd6t5135354f/manifest.json'
For more information check: https://developer.mozilla.org/en-US/docs/Web/HTTP/Status/403",2026-07-27T16:54:58.303821
petitmarocain,bd6t5135355t,,failed,0,0,,http_manifest,known,403,manifest,"Client error '403 ' for url 'https://openapiproext.bnf.fr/iiif/presentation/v3/ark:/12148/bd6t5135355t/manifest.json'
For more information check: https://developer.mozilla.org/en-US/docs/Web/HTTP/Status/403",2026-07-27T16:54:59.508954
petitmarocain,bd6t51353566,,failed,0,0,,http_manifest,known,403,manifest,"Client error '403 ' for url 'https://openapiproext.bnf.fr/iiif/presentation/v3/ark:/12148/bd6t51353566/manifest.json'
For more information check: https://developer.mozilla.org/en-US/docs/Web/HTTP/Status/403",2026-07-27T16:55:00.707991
petitmarocain,bd6t5135357k,,failed,0,0,,http_manifest,known,403,manifest,"Client error '403 ' for url 'https://openapiproext.bnf.fr/iiif/presentation/v3/ark:/12148/bd6t5135357k/manifest.json'
For more information check: https://developer.mozilla.org/en-US/docs/Web/HTTP/Status/403",2026-07-27T16:55:01.908735
petitmarocain,bd6t5135358z,,failed,0,0,,http_manifest,known,403,manifest,"Client error '403 ' for url 'https://openapiproext.bnf.fr/iiif/presentation/v3/ark:/12148/bd6t5135358z/manifest.json'
For more information check: https://developer.mozilla.org/en-US/docs/Web/HTTP/Status/403",2026-07-27T16:55:03.105479
petitmarocain,bd6t5135359b,,failed,0,0,,http_manifest,known,403,manifest,"Client error '403 ' for url 'https://openapiproext.bnf.fr/iiif/presentation/v3/ark:/12148/bd6t5135359b/manifest.json'
For more information check: https://developer.mozilla.org/en-US/docs/Web/HTTP/Status/403",2026-07-27T16:55:04.327422
petitmarocain,bd6t51353608,,failed,0,0,,http_manifest,known,403,manifest,"Client error '403 ' for url 'https://openapiproext.bnf.fr/iiif/presentation/v3/ark:/12148/bd6t51353608/manifest.json'
For more information check: https://developer.mozilla.org/en-US/docs/Web/HTTP/Status/403",2026-07-27T16:55:05.512421
petitmarocain,bd6t5135361n,,failed,0,0,,http_manifest,known,403,manifest,"Client error '403 ' for url 'https://openapiproext.bnf.fr/iiif/presentation/v3/ark:/12148/bd6t5135361n/manifest.json'
For more information check: https://developer.mozilla.org/en-US/docs/Web/HTTP/Status/403",2026-07-27T16:55:06.724714
petitmarocain,bd6t51353621,,failed,0,0,,http_manifest,known,403,manifest,"Client error '403 ' for url 'https://openapiproext.bnf.fr/iiif/presentation/v3/ark:/12148/bd6t51353621/manifest.json'
For more information check: https://developer.mozilla.org/en-US/docs/Web/HTTP/Status/403",2026-07-27T16:55:07.933177
petitmarocain,bd6t5135363d,,failed,0,0,,http_manifest,known,403,manifest,"Client error '403 ' for url 'https://openapiproext.bnf.fr/iiif/presentation/v3/ark:/12148/bd6t5135363d/manifest.json'
For more information check: https://developer.mozilla.org/en-US/docs/Web/HTTP/Status/403",2026-07-27T16:55:09.118465
petitmarocain,bd6t5135364s,,failed,0,0,,http_manifest,known,403,manifest,"Client error '403 ' for url 'https://openapiproext.bnf.fr/iiif/presentation/v3/ark:/12148/bd6t5135364s/manifest.json'
For more information check: https://developer.mozilla.org/en-US/docs/Web/HTTP/Status/403",2026-07-27T16:55:10.316910
petitmarocain,bd6t51353655,,failed,0,0,,http_manifest,known,403,manifest,"Client error '403 ' for url 'https://openapiproext.bnf.fr/iiif/presentation/v3/ark:/12148/bd6t51353655/manifest.json'
For more information check: https://developer.mozilla.org/en-US/docs/Web/HTTP/Status/403",2026-07-27T16:55:11.523248
petitmarocain,bd6t5135366j,,failed,0,0,,http_manifest,known,403,manifest,"Client error '403 ' for url 'https://openapiproext.bnf.fr/iiif/presentation/v3/ark:/12148/bd6t5135366j/manifest.json'
For more information check: https://developer.mozilla.org/en-US/docs/Web/HTTP/Status/403",2026-07-27T16:55:12.720876
petitmarocain,bd6t5135367x,,failed,0,0,,http_manifest,known,403,manifest,"Client error '403 ' for url 'https://openapiproext.bnf.fr/iiif/presentation/v3/ark:/12148/bd6t5135367x/manifest.json'
For more information check: https://developer.mozilla.org/en-US/docs/Web/HTTP/Status/403",2026-07-27T16:55:13.926655
petitmarocain,bd6t51353689,,failed,0,0,,http_manifest,known,403,manifest,"Client error '403 ' for url 'https://openapiproext.bnf.fr/iiif/presentation/v3/ark:/12148/bd6t51353689/manifest.json'
For more information check: https://developer.mozilla.org/en-US/docs/Web/HTTP/Status/403",2026-07-27T16:55:15.136808
petitmarocain,bd6t5135369p,,failed,0,0,,http_manifest,known,403,manifest,"Client error '403 ' for url 'https://openapiproext.bnf.fr/iiif/presentation/v3/ark:/12148/bd6t5135369p/manifest.json'
For more information check: https://developer.mozilla.org/en-US/docs/Web/HTTP/Status/403",2026-07-27T16:55:16.330162
petitmarocain,bd6t5135370m,,failed,0,0,,http_manifest,known,403,manifest,"Client error '403 ' for url 'https://openapiproext.bnf.fr/iiif/presentation/v3/ark:/12148/bd6t5135370m/manifest.json'
For more information check: https://developer.mozilla.org/en-US/docs/Web/HTTP/Status/403",2026-07-27T16:55:17.530999
petitmarocain,bd6t51353710,,failed,0,0,,http_manifest,known,403,manifest,"Client error '403 ' for url 'https://openapiproext.bnf.fr/iiif/presentation/v3/ark:/12148/bd6t51353710/manifest.json'
For more information check: https://developer.mozilla.org/en-US/docs/Web/HTTP/Status/403",2026-07-27T16:55:18.741312
petitmarocain,bd6t5135372c,,failed,0,0,,http_manifest,known,403,manifest,"Client error '403 ' for url 'https://openapiproext.bnf.fr/iiif/presentation/v3/ark:/12148/bd6t5135372c/manifest.json'
For more information check: https://developer.mozilla.org/en-US/docs/Web/HTTP/Status/403",2026-07-27T16:55:19.954538
petitmarocain,bd6t5135373r,,failed,0,0,,http_manifest,known,403,manifest,"Client error '403 ' for url 'https://openapiproext.bnf.fr/iiif/presentation/v3/ark:/12148/bd6t5135373r/manifest.json'
For more information check: https://developer.mozilla.org/en-US/docs/Web/HTTP/Status/403",2026-07-27T16:55:21.136977
petitmarocain,bd6t51353744,,failed,0,0,,http_manifest,known,403,manifest,"Client error '403 ' for url 'https://openapiproext.bnf.fr/iiif/presentation/v3/ark:/12148/bd6t51353744/manifest.json'
For more information check: https://developer.mozilla.org/en-US/docs/Web/HTTP/Status/403",2026-07-27T16:55:22.336122
petitmarocain,bd6t5135375h,,failed,0,0,,http_manifest,known,403,manifest,"Client error '403 ' for url 'https://openapiproext.bnf.fr/iiif/presentation/v3/ark:/12148/bd6t5135375h/manifest.json'
For more information check: https://developer.mozilla.org/en-US/docs/Web/HTTP/Status/403",2026-07-27T16:55:23.538188
petitmarocain,bd6t5135376w,,failed,0,0,,http_manifest,known,403,manifest,"Client error '403 ' for url 'https://openapiproext.bnf.fr/iiif/presentation/v3/ark:/12148/bd6t5135376w/manifest.json'
For more information check: https://developer.mozilla.org/en-US/docs/Web/HTTP/Status/403",2026-07-27T16:55:24.735912
petitmarocain,bd6t51353778,,failed,0,0,,http_manifest,known,403,manifest,"Client error '403 ' for url 'https://openapiproext.bnf.fr/iiif/presentation/v3/ark:/12148/bd6t51353778/manifest.json'
For more information check: https://developer.mozilla.org/en-US/docs/Web/HTTP/Status/403",2026-07-27T16:55:25.956773
petitmarocain,bd6t5135378n,,failed,0,0,,http_manifest,known,403,manifest,"Client error '403 ' for url 'https://openapiproext.bnf.fr/iiif/presentation/v3/ark:/12148/bd6t5135378n/manifest.json'
For more information check: https://developer.mozilla.org/en-US/docs/Web/HTTP/Status/403",2026-07-27T16:55:27.141340
petitmarocain,bd6t51353791,,failed,0,0,,http_manifest,known,403,manifest,"Client error '403 ' for url 'https://openapiproext.bnf.fr/iiif/presentation/v3/ark:/12148/bd6t51353791/manifest.json'
For more information check: https://developer.mozilla.org/en-US/docs/Web/HTTP/Status/403",2026-07-27T16:55:28.358581
petitmarocain,bd6t5135380z,,failed,0,0,,http_manifest,known,403,manifest,"Client error '403 ' for url 'https://openapiproext.bnf.fr/iiif/presentation/v3/ark:/12148/bd6t5135380z/manifest.json'
For more information check: https://developer.mozilla.org/en-US/docs/Web/HTTP/Status/403",2026-07-27T16:55:29.542298
petitmarocain,bd6t5135381b,,failed,0,0,,http_manifest,known,403,manifest,"Client error '403 ' for url 'https://openapiproext.bnf.fr/iiif/presentation/v3/ark:/12148/bd6t5135381b/manifest.json'
For more information check: https://developer.mozilla.org/en-US/docs/Web/HTTP/Status/403",2026-07-27T16:55:30.747193
petitmarocain,bd6t5135382q,,failed,0,0,,http_manifest,known,403,manifest,"Client error '403 ' for url 'https://openapiproext.bnf.fr/iiif/presentation/v3/ark:/12148/bd6t5135382q/manifest.json'
For more information check: https://developer.mozilla.org/en-US/docs/Web/HTTP/Status/403",2026-07-27T16:55:32.158922
petitmarocain,bd6t51353833,,failed,0,0,,http_manifest,known,403,manifest,"Client error '403 ' for url 'https://openapiproext.bnf.fr/iiif/presentation/v3/ark:/12148/bd6t51353833/manifest.json'
For more information check: https://developer.mozilla.org/en-US/docs/Web/HTTP/Status/403",2026-07-27T16:55:33.158525
petitmarocain,bd6t5135384g,,failed,0,0,,http_manifest,known,403,manifest,"Client error '403 ' for url 'https://openapiproext.bnf.fr/iiif/presentation/v3/ark:/12148/bd6t5135384g/manifest.json'
For more information check: https://developer.mozilla.org/en-US/docs/Web/HTTP/Status/403",2026-07-27T16:55:34.357208
petitmarocain,bd6t5135385v,,failed,0,0,,http_manifest,known,403,manifest,"Client error '403 ' for url 'https://openapiproext.bnf.fr/iiif/presentation/v3/ark:/12148/bd6t5135385v/manifest.json'
For more information check: https://developer.mozilla.org/en-US/docs/Web/HTTP/Status/403",2026-07-27T16:55:35.572033
petitmarocain,bd6t51353867,,failed,0,0,,http_manifest,known,403,manifest,"Client error '403 ' for url 'https://openapiproext.bnf.fr/iiif/presentation/v3/ark:/12148/bd6t51353867/manifest.json'
For more information check: https://developer.mozilla.org/en-US/docs/Web/HTTP/Status/403",2026-07-27T16:55:36.816659
petitmarocain,bd6t5135387m,,failed,0,0,,http_manifest,known,403,manifest,"Client error '403 ' for url 'https://openapiproext.bnf.fr/iiif/presentation/v3/ark:/12148/bd6t5135387m/manifest.json'
For more information check: https://developer.mozilla.org/en-US/docs/Web/HTTP/Status/403",2026-07-27T16:55:37.980710
petitmarocain,bd6t51353880,,failed,0,0,,http_manifest,known,403,manifest,"Client error '403 ' for url 'https://openapiproext.bnf.fr/iiif/presentation/v3/ark:/12148/bd6t51353880/manifest.json'
For more information check: https://developer.mozilla.org/en-US/docs/Web/HTTP/Status/403",2026-07-27T16:55:39.405918
petitmarocain,bd6t5135389c,,failed,0,0,,http_manifest,known,403,manifest,"Client error '403 ' for url 'https://openapiproext.bnf.fr/iiif/presentation/v3/ark:/12148/bd6t5135389c/manifest.json'
For more information check: https://developer.mozilla.org/en-US/docs/Web/HTTP/Status/403",2026-07-27T16:55:40.379678
petitmarocain,bd6t51353909,,failed,0,0,,http_manifest,known,403,manifest,"Client error '403 ' for url 'https://openapiproext.bnf.fr/iiif/presentation/v3/ark:/12148/bd6t51353909/manifest.json'
For more information check: https://developer.mozilla.org/en-US/docs/Web/HTTP/Status/403",2026-07-27T16:55:41.563183
petitmarocain,bd6t5135391p,,failed,0,0,,http_manifest,known,403,manifest,"Client error '403 ' for url 'https://openapiproext.bnf.fr/iiif/presentation/v3/ark:/12148/bd6t5135391p/manifest.json'
For more information check: https://developer.mozilla.org/en-US/docs/Web/HTTP/Status/403",2026-07-27T16:55:42.762395
petitmarocain,bd6t51353922,,failed,0,0,,http_manifest,known,403,manifest,"Client error '403 ' for url 'https://openapiproext.bnf.fr/iiif/presentation/v3/ark:/12148/bd6t51353922/manifest.json'
For more information check: https://developer.mozilla.org/en-US/docs/Web/HTTP/Status/403",2026-07-27T16:55:43.965378
petitmarocain,bd6t5135393f,,failed,0,0,,http_manifest,known,403,manifest,"Client error '403 ' for url 'https://openapiproext.bnf.fr/iiif/presentation/v3/ark:/12148/bd6t5135393f/manifest.json'
For more information check: https://developer.mozilla.org/en-US/docs/Web/HTTP/Status/403",2026-07-27T16:55:45.192778
petitmarocain,bd6t5135394t,,failed,0,0,,http_manifest,known,403,manifest,"Client error '403 ' for url 'https://openapiproext.bnf.fr/iiif/presentation/v3/ark:/12148/bd6t5135394t/manifest.json'
For more information check: https://developer.mozilla.org/en-US/docs/Web/HTTP/Status/403",2026-07-27T16:55:46.371708
petitmarocain,bd6t51353956,,failed,0,0,,http_manifest,known,403,manifest,"Client error '403 ' for url 'https://openapiproext.bnf.fr/iiif/presentation/v3/ark:/12148/bd6t51353956/manifest.json'
For more information check: https://developer.mozilla.org/en-US/docs/Web/HTTP/Status/403",2026-07-27T16:55:47.570325
petitmarocain,bd6t5135396k,,failed,0,0,,http_manifest,known,403,manifest,"Client error '403 ' for url 'https://openapiproext.bnf.fr/iiif/presentation/v3/ark:/12148/bd6t5135396k/manifest.json'
For more information check: https://developer.mozilla.org/en-US/docs/Web/HTTP/Status/403",2026-07-27T16:55:48.769255
petitmarocain,bd6t5135397z,,failed,0,0,,http_manifest,known,403,manifest,"Client error '403 ' for url 'https://openapiproext.bnf.fr/iiif/presentation/v3/ark:/12148/bd6t5135397z/manifest.json'
For more information check: https://developer.mozilla.org/en-US/docs/Web/HTTP/Status/403",2026-07-27T16:55:49.971139
petitmarocain,bd6t5135398b,,failed,0,0,,http_manifest,known,403,manifest,"Client error '403 ' for url 'https://openapiproext.bnf.fr/iiif/presentation/v3/ark:/12148/bd6t5135398b/manifest.json'
For more information check: https://developer.mozilla.org/en-US/docs/Web/HTTP/Status/403",2026-07-27T16:55:51.176966
petitmarocain,bd6t5135399q,,failed,0,0,,http_manifest,known,403,manifest,"Client error '403 ' for url 'https://openapiproext.bnf.fr/iiif/presentation/v3/ark:/12148/bd6t5135399q/manifest.json'
For more information check: https://developer.mozilla.org/en-US/docs/Web/HTTP/Status/403",2026-07-27T16:55:52.378255
petitmarocain,bd6t5135400h,,failed,0,0,,http_manifest,known,403,manifest,"Client error '403 ' for url 'https://openapiproext.bnf.fr/iiif/presentation/v3/ark:/12148/bd6t5135400h/manifest.json'
For more information check: https://developer.mozilla.org/en-US/docs/Web/HTTP/Status/403",2026-07-27T16:55:53.578103
petitmarocain,bd6t5135401w,,failed,0,0,,http_manifest,known,403,manifest,"Client error '403 ' for url 'https://openapiproext.bnf.fr/iiif/presentation/v3/ark:/12148/bd6t5135401w/manifest.json'
For more information check: https://developer.mozilla.org/en-US/docs/Web/HTTP/Status/403",2026-07-27T16:55:54.783213
petitmarocain,bd6t51354028,,failed,0,0,,http_manifest,known,403,manifest,"Client error '403 ' for url 'https://openapiproext.bnf.fr/iiif/presentation/v3/ark:/12148/bd6t51354028/manifest.json'
For more information check: https://developer.mozilla.org/en-US/docs/Web/HTTP/Status/403",2026-07-27T16:55:55.979996
petitmarocain,bd6t5135403n,,failed,0,0,,http_manifest,known,403,manifest,"Client error '403 ' for url 'https://openapiproext.bnf.fr/iiif/presentation/v3/ark:/12148/bd6t5135403n/manifest.json'
For more information check: https://developer.mozilla.org/en-US/docs/Web/HTTP/Status/403",2026-07-27T16:55:57.205967
petitmarocain,bd6t51354041,,failed,0,0,,http_manifest,known,403,manifest,"Client error '403 ' for url 'https://openapiproext.bnf.fr/iiif/presentation/v3/ark:/12148/bd6t51354041/manifest.json'
For more information check: https://developer.mozilla.org/en-US/docs/Web/HTTP/Status/403",2026-07-27T16:55:58.384175
petitmarocain,bd6t5135405d,,failed,0,0,,http_manifest,known,403,manifest,"Client error '403 ' for url 'https://openapiproext.bnf.fr/iiif/presentation/v3/ark:/12148/bd6t5135405d/manifest.json'
For more information check: https://developer.mozilla.org/en-US/docs/Web/HTTP/Status/403",2026-07-27T16:55:59.584682
petitmarocain,bd6t5135406s,,failed,0,0,,http_manifest,known,403,manifest,"Client error '403 ' for url 'https://openapiproext.bnf.fr/iiif/presentation/v3/ark:/12148/bd6t5135406s/manifest.json'
For more information check: https://developer.mozilla.org/en-US/docs/Web/HTTP/Status/403",2026-07-27T16:56:00.789349
petitmarocain,bd6t51354075,,failed,0,0,,http_manifest,known,403,manifest,"Client error '403 ' for url 'https://openapiproext.bnf.fr/iiif/presentation/v3/ark:/12148/bd6t51354075/manifest.json'
For more information check: https://developer.mozilla.org/en-US/docs/Web/HTTP/Status/403",2026-07-27T16:56:01.989567
petitmarocain,bd6t5135408j,,failed,0,0,,http_manifest,known,403,manifest,"Client error '403 ' for url 'https://openapiproext.bnf.fr/iiif/presentation/v3/ark:/12148/bd6t5135408j/manifest.json'
For more information check: https://developer.mozilla.org/en-US/docs/Web/HTTP/Status/403",2026-07-27T16:56:03.195642
petitmarocain,bd6t5135409x,,failed,0,0,,http_manifest,known,403,manifest,"Client error '403 ' for url 'https://openapiproext.bnf.fr/iiif/presentation/v3/ark:/12148/bd6t5135409x/manifest.json'
For more information check: https://developer.mozilla.org/en-US/docs/Web/HTTP/Status/403",2026-07-27T16:56:04.398740
petitmarocain,bd6t5135410v,,failed,0,0,,http_manifest,known,403,manifest,"Client error '403 ' for url 'https://openapiproext.bnf.fr/iiif/presentation/v3/ark:/12148/bd6t5135410v/manifest.json'
For more information check: https://developer.mozilla.org/en-US/docs/Web/HTTP/Status/403",2026-07-27T16:56:05.607451
petitmarocain,bd6t51354117,,failed,0,0,,http_manifest,known,403,manifest,"Client error '403 ' for url 'https://openapiproext.bnf.fr/iiif/presentation/v3/ark:/12148/bd6t51354117/manifest.json'
For more information check: https://developer.mozilla.org/en-US/docs/Web/HTTP/Status/403",2026-07-27T16:56:06.799849
petitmarocain,bd6t5135412m,,failed,0,0,,http_manifest,known,403,manifest,"Client error '403 ' for url 'https://openapiproext.bnf.fr/iiif/presentation/v3/ark:/12148/bd6t5135412m/manifest.json'
For more information check: https://developer.mozilla.org/en-US/docs/Web/HTTP/Status/403",2026-07-27T16:56:08.001554
petitmarocain,bd6t51354130,,failed,0,0,,http_manifest,known,403,manifest,"Client error '403 ' for url 'https://openapiproext.bnf.fr/iiif/presentation/v3/ark:/12148/bd6t51354130/manifest.json'
For more information check: https://developer.mozilla.org/en-US/docs/Web/HTTP/Status/403",2026-07-27T16:56:09.224294
petitmarocain,bd6t5135414c,,failed,0,0,,http_manifest,known,403,manifest,"Client error '403 ' for url 'https://openapiproext.bnf.fr/iiif/presentation/v3/ark:/12148/bd6t5135414c/manifest.json'
For more information check: https://developer.mozilla.org/en-US/docs/Web/HTTP/Status/403",2026-07-27T16:56:10.401047
petitmarocain,bd6t5135415r,,failed,0,0,,http_manifest,known,403,manifest,"Client error '403 ' for url 'https://openapiproext.bnf.fr/iiif/presentation/v3/ark:/12148/bd6t5135415r/manifest.json'
For more information check: https://developer.mozilla.org/en-US/docs/Web/HTTP/Status/403",2026-07-27T16:56:11.609145
petitmarocain,bd6t51354164,,failed,0,0,,http_manifest,known,403,manifest,"Client error '403 ' for url 'https://openapiproext.bnf.fr/iiif/presentation/v3/ark:/12148/bd6t51354164/manifest.json'
For more information check: https://developer.mozilla.org/en-US/docs/Web/HTTP/Status/403",2026-07-27T16:56:12.803304
petitmarocain,bd6t5135417h,,failed,0,0,,http_manifest,known,403,manifest,"Client error '403 ' for url 'https://openapiproext.bnf.fr/iiif/presentation/v3/ark:/12148/bd6t5135417h/manifest.json'
For more information check: https://developer.mozilla.org/en-US/docs/Web/HTTP/Status/403",2026-07-27T16:56:14.015625
petitmarocain,bd6t5135418w,,failed,0,0,,http_manifest,known,403,manifest,"Client error '403 ' for url 'https://openapiproext.bnf.fr/iiif/presentation/v3/ark:/12148/bd6t5135418w/manifest.json'
For more information check: https://developer.mozilla.org/en-US/docs/Web/HTTP/Status/403",2026-07-27T16:56:15.234580
petitmarocain,bd6t51354198,,failed,0,0,,http_manifest,known,403,manifest,"Client error '403 ' for url 'https://openapiproext.bnf.fr/iiif/presentation/v3/ark:/12148/bd6t51354198/manifest.json'
For more information check: https://developer.mozilla.org/en-US/docs/Web/HTTP/Status/403",2026-07-27T16:56:16.414441
petitmarocain,bd6t51354206,,failed,0,0,,http_manifest,known,403,manifest,"Client error '403 ' for url 'https://openapiproext.bnf.fr/iiif/presentation/v3/ark:/12148/bd6t51354206/manifest.json'
For more information check: https://developer.mozilla.org/en-US/docs/Web/HTTP/Status/403",2026-07-27T16:56:17.614159
petitmarocain,bd6t5135421k,,failed,0,0,,http_manifest,known,403,manifest,"Client error '403 ' for url 'https://openapiproext.bnf.fr/iiif/presentation/v3/ark:/12148/bd6t5135421k/manifest.json'
For more information check: https://developer.mozilla.org/en-US/docs/Web/HTTP/Status/403",2026-07-27T16:56:18.814053
petitmarocain,bd6t5135422z,,failed,0,0,,http_manifest,known,403,manifest,"Client error '403 ' for url 'https://openapiproext.bnf.fr/iiif/presentation/v3/ark:/12148/bd6t5135422z/manifest.json'
For more information check: https://developer.mozilla.org/en-US/docs/Web/HTTP/Status/403",2026-07-27T16:56:20.018924
petitmarocain,bd6t5135423b,,failed,0,0,,http_manifest,known,403,manifest,"Client error '403 ' for url 'https://openapiproext.bnf.fr/iiif/presentation/v3/ark:/12148/bd6t5135423b/manifest.json'
For more information check: https://developer.mozilla.org/en-US/docs/Web/HTTP/Status/403",2026-07-27T16:56:21.222538
petitmarocain,bd6t5135424q,,failed,0,0,,http_manifest,known,403,manifest,"Client error '403 ' for url 'https://openapiproext.bnf.fr/iiif/presentation/v3/ark:/12148/bd6t5135424q/manifest.json'
For more information check: https://developer.mozilla.org/en-US/docs/Web/HTTP/Status/403",2026-07-27T16:56:22.419855
petitmarocain,bd6t51354253,,failed,0,0,,http_manifest,known,403,manifest,"Client error '403 ' for url 'https://openapiproext.bnf.fr/iiif/presentation/v3/ark:/12148/bd6t51354253/manifest.json'
For more information check: https://developer.mozilla.org/en-US/docs/Web/HTTP/Status/403",2026-07-27T16:56:23.625435
petitmarocain,bd6t5135426g,,failed,0,0,,http_manifest,known,403,manifest,"Client error '403 ' for url 'https://openapiproext.bnf.fr/iiif/presentation/v3/ark:/12148/bd6t5135426g/manifest.json'
For more information check: https://developer.mozilla.org/en-US/docs/Web/HTTP/Status/403",2026-07-27T16:56:24.825663
petitmarocain,bd6t5135427v,,failed,0,0,,http_manifest,known,403,manifest,"Client error '403 ' for url 'https://openapiproext.bnf.fr/iiif/presentation/v3/ark:/12148/bd6t5135427v/manifest.json'
For more information check: https://developer.mozilla.org/en-US/docs/Web/HTTP/Status/403",2026-07-27T16:56:26.025126
petitmarocain,bd6t51354287,,failed,0,0,,http_manifest,known,403,manifest,"Client error '403 ' for url 'https://openapiproext.bnf.fr/iiif/presentation/v3/ark:/12148/bd6t51354287/manifest.json'
For more information check: https://developer.mozilla.org/en-US/docs/Web/HTTP/Status/403",2026-07-27T16:56:27.252494
petitmarocain,bd6t5135429m,,failed,0,0,,http_manifest,known,403,manifest,"Client error '403 ' for url 'https://openapiproext.bnf.fr/iiif/presentation/v3/ark:/12148/bd6t5135429m/manifest.json'
For more information check: https://developer.mozilla.org/en-US/docs/Web/HTTP/Status/403",2026-07-27T16:56:28.433430
petitmarocain,bd6t5135430j,,failed,0,0,,http_manifest,known,403,manifest,"Client error '403 ' for url 'https://openapiproext.bnf.fr/iiif/presentation/v3/ark:/12148/bd6t5135430j/manifest.json'
For more information check: https://developer.mozilla.org/en-US/docs/Web/HTTP/Status/403",2026-07-27T16:56:29.830330
petitmarocain,bd6t5134989z,,failed,0,0,,http_manifest,known,403,manifest,"Client error '403 ' for url 'https://openapiproext.bnf.fr/iiif/presentation/v3/ark:/12148/bd6t5134989z/manifest.json'
For more information check: https://developer.mozilla.org/en-US/docs/Web/HTTP/Status/403",2026-07-27T16:56:30.852413
petitmarocain,bd6t5134990w,,failed,0,0,,http_manifest,known,403,manifest,"Client error '403 ' for url 'https://openapiproext.bnf.fr/iiif/presentation/v3/ark:/12148/bd6t5134990w/manifest.json'
For more information check: https://developer.mozilla.org/en-US/docs/Web/HTTP/Status/403",2026-07-27T16:56:32.144313
petitmarocain,bd6t51349918,,failed,0,0,,http_manifest,known,403,manifest,"Client error '403 ' for url 'https://openapiproext.bnf.fr/iiif/presentation/v3/ark:/12148/bd6t51349918/manifest.json'
For more information check: https://developer.mozilla.org/en-US/docs/Web/HTTP/Status/403",2026-07-27T16:56:33.295753
petitmarocain,bd6t5134992n,,failed,0,0,,http_manifest,known,403,manifest,"Client error '403 ' for url 'https://openapiproext.bnf.fr/iiif/presentation/v3/ark:/12148/bd6t5134992n/manifest.json'
For more information check: https://developer.mozilla.org/en-US/docs/Web/HTTP/Status/403",2026-07-27T16:56:34.435213
petitmarocain,bd6t51349931,,failed,0,0,,http_manifest,known,403,manifest,"Client error '403 ' for url 'https://openapiproext.bnf.fr/iiif/presentation/v3/ark:/12148/bd6t51349931/manifest.json'
For more information check: https://developer.mozilla.org/en-US/docs/Web/HTTP/Status/403",2026-07-27T16:56:35.636395
petitmarocain,bd6t5134994d,,failed,0,0,,http_manifest,known,403,manifest,"Client error '403 ' for url 'https://openapiproext.bnf.fr/iiif/presentation/v3/ark:/12148/bd6t5134994d/manifest.json'
For more information check: https://developer.mozilla.org/en-US/docs/Web/HTTP/Status/403",2026-07-27T16:56:37.000354
petitmarocain,bd6t5134995s,,failed,0,0,,http_manifest,known,403,manifest,"Client error '403 ' for url 'https://openapiproext.bnf.fr/iiif/presentation/v3/ark:/12148/bd6t5134995s/manifest.json'
For more information check: https://developer.mozilla.org/en-US/docs/Web/HTTP/Status/403",2026-07-27T16:56:38.301460
petitmarocain,bd6t51349965,,failed,0,0,,http_manifest,known,403,manifest,"Client error '403 ' for url 'https://openapiproext.bnf.fr/iiif/presentation/v3/ark:/12148/bd6t51349965/manifest.json'
For more information check: https://developer.mozilla.org/en-US/docs/Web/HTTP/Status/403",2026-07-27T16:56:39.241848
petitmarocain,bd6t5134997j,,failed,0,0,,http_manifest,known,403,manifest,"Client error '403 ' for url 'https://openapiproext.bnf.fr/iiif/presentation/v3/ark:/12148/bd6t5134997j/manifest.json'
For more information check: https://developer.mozilla.org/en-US/docs/Web/HTTP/Status/403",2026-07-27T16:56:40.443802
petitmarocain,bd6t5134998x,,failed,0,0,,http_manifest,known,403,manifest,"Client error '403 ' for url 'https://openapiproext.bnf.fr/iiif/presentation/v3/ark:/12148/bd6t5134998x/manifest.json'
For more information check: https://developer.mozilla.org/en-US/docs/Web/HTTP/Status/403",2026-07-27T16:56:41.647425
petitmarocain,bd6t51349999,,failed,0,0,,http_manifest,known,403,manifest,"Client error '403 ' for url 'https://openapiproext.bnf.fr/iiif/presentation/v3/ark:/12148/bd6t51349999/manifest.json'
For more information check: https://developer.mozilla.org/en-US/docs/Web/HTTP/Status/403",2026-07-27T16:56:42.853395
petitmarocain,bd6t51350008,,failed,0,0,,http_manifest,known,403,manifest,"Client error '403 ' for url 'https://openapiproext.bnf.fr/iiif/presentation/v3/ark:/12148/bd6t51350008/manifest.json'
For more information check: https://developer.mozilla.org/en-US/docs/Web/HTTP/Status/403",2026-07-27T16:56:44.065547
petitmarocain,bd6t5135001n,,failed,0,0,,http_manifest,known,403,manifest,"Client error '403 ' for url 'https://openapiproext.bnf.fr/iiif/presentation/v3/ark:/12148/bd6t5135001n/manifest.json'
For more information check: https://developer.mozilla.org/en-US/docs/Web/HTTP/Status/403",2026-07-27T16:56:45.386786
petitmarocain,bd6t51350021,,failed,0,0,,http_manifest,known,403,manifest,"Client error '403 ' for url 'https://openapiproext.bnf.fr/iiif/presentation/v3/ark:/12148/bd6t51350021/manifest.json'
For more information check: https://developer.mozilla.org/en-US/docs/Web/HTTP/Status/403",2026-07-27T16:56:46.457859
petitmarocain,bd6t5135003d,,failed,0,0,,http_manifest,known,403,manifest,"Client error '403 ' for url 'https://openapiproext.bnf.fr/iiif/presentation/v3/ark:/12148/bd6t5135003d/manifest.json'
For more information check: https://developer.mozilla.org/en-US/docs/Web/HTTP/Status/403",2026-07-27T16:56:47.937633
petitmarocain,bd6t5135004s,,failed,0,0,,http_manifest,known,403,manifest,"Client error '403 ' for url 'https://openapiproext.bnf.fr/iiif/presentation/v3/ark:/12148/bd6t5135004s/manifest.json'
For more information check: https://developer.mozilla.org/en-US/docs/Web/HTTP/Status/403",2026-07-27T16:56:48.859670
petitmarocain,bd6t51350055,,failed,0,0,,http_manifest,known,403,manifest,"Client error '403 ' for url 'https://openapiproext.bnf.fr/iiif/presentation/v3/ark:/12148/bd6t51350055/manifest.json'
For more information check: https://developer.mozilla.org/en-US/docs/Web/HTTP/Status/403",2026-07-27T16:56:50.066712
petitmarocain,bd6t5135006j,,failed,0,0,,http_manifest,known,403,manifest,"Client error '403 ' for url 'https://openapiproext.bnf.fr/iiif/presentation/v3/ark:/12148/bd6t5135006j/manifest.json'
For more information check: https://developer.mozilla.org/en-US/docs/Web/HTTP/Status/403",2026-07-27T16:56:51.348762
petitmarocain,bd6t5135007x,,failed,0,0,,http_manifest,known,403,manifest,"Client error '403 ' for url 'https://openapiproext.bnf.fr/iiif/presentation/v3/ark:/12148/bd6t5135007x/manifest.json'
For more information check: https://developer.mozilla.org/en-US/docs/Web/HTTP/Status/403",2026-07-27T16:56:52.740787
petitmarocain,bd6t51350089,,failed,0,0,,http_manifest,known,403,manifest,"Client error '403 ' for url 'https://openapiproext.bnf.fr/iiif/presentation/v3/ark:/12148/bd6t51350089/manifest.json'
For more information check: https://developer.mozilla.org/en-US/docs/Web/HTTP/Status/403",2026-07-27T16:56:53.671332
petitmarocain,bd6t5135009p,,failed,0,0,,http_manifest,known,403,manifest,"Client error '403 ' for url 'https://openapiproext.bnf.fr/iiif/presentation/v3/ark:/12148/bd6t5135009p/manifest.json'
For more information check: https://developer.mozilla.org/en-US/docs/Web/HTTP/Status/403",2026-07-27T16:56:54.883795
petitmarocain,bd6t5135010m,,failed,0,0,,http_manifest,known,403,manifest,"Client error '403 ' for url 'https://openapiproext.bnf.fr/iiif/presentation/v3/ark:/12148/bd6t5135010m/manifest.json'
For more information check: https://developer.mozilla.org/en-US/docs/Web/HTTP/Status/403",2026-07-27T16:56:56.091386
petitmarocain,bd6t51350110,,failed,0,0,,http_manifest,known,403,manifest,"Client error '403 ' for url 'https://openapiproext.bnf.fr/iiif/presentation/v3/ark:/12148/bd6t51350110/manifest.json'
For more information check: https://developer.mozilla.org/en-US/docs/Web/HTTP/Status/403",2026-07-27T16:56:57.274654
petitmarocain,bd6t5135012c,,failed,0,0,,http_manifest,known,403,manifest,"Client error '403 ' for url 'https://openapiproext.bnf.fr/iiif/presentation/v3/ark:/12148/bd6t5135012c/manifest.json'
For more information check: https://developer.mozilla.org/en-US/docs/Web/HTTP/Status/403",2026-07-27T16:56:58.466777
petitmarocain,bd6t5135013r,,failed,0,0,,http_manifest,known,403,manifest,"Client error '403 ' for url 'https://openapiproext.bnf.fr/iiif/presentation/v3/ark:/12148/bd6t5135013r/manifest.json'
For more information check: https://developer.mozilla.org/en-US/docs/Web/HTTP/Status/403",2026-07-27T16:56:59.669593
petitmarocain,bd6t51350144,,failed,0,0,,http_manifest,known,403,manifest,"Client error '403 ' for url 'https://openapiproext.bnf.fr/iiif/presentation/v3/ark:/12148/bd6t51350144/manifest.json'
For more information check: https://developer.mozilla.org/en-US/docs/Web/HTTP/Status/403",2026-07-27T16:57:00.869957
petitmarocain,bd6t5135015h,,failed,0,0,,http_manifest,known,403,manifest,"Client error '403 ' for url 'https://openapiproext.bnf.fr/iiif/presentation/v3/ark:/12148/bd6t5135015h/manifest.json'
For more information check: https://developer.mozilla.org/en-US/docs/Web/HTTP/Status/403",2026-07-27T16:57:02.078581
petitmarocain,bd6t5135016w,,failed,0,0,,http_manifest,known,403,manifest,"Client error '403 ' for url 'https://openapiproext.bnf.fr/iiif/presentation/v3/ark:/12148/bd6t5135016w/manifest.json'
For more information check: https://developer.mozilla.org/en-US/docs/Web/HTTP/Status/403",2026-07-27T16:57:03.272093
petitmarocain,bd6t51350178,,failed,0,0,,http_manifest,known,403,manifest,"Client error '403 ' for url 'https://openapiproext.bnf.fr/iiif/presentation/v3/ark:/12148/bd6t51350178/manifest.json'
For more information check: https://developer.mozilla.org/en-US/docs/Web/HTTP/Status/403",2026-07-27T16:57:04.483744
petitmarocain,bd6t5135018n,,failed,0,0,,http_manifest,known,403,manifest,"Client error '403 ' for url 'https://openapiproext.bnf.fr/iiif/presentation/v3/ark:/12148/bd6t5135018n/manifest.json'
For more information check: https://developer.mozilla.org/en-US/docs/Web/HTTP/Status/403",2026-07-27T16:57:05.678569
petitmarocain,bd6t51350191,,failed,0,0,,http_manifest,known,403,manifest,"Client error '403 ' for url 'https://openapiproext.bnf.fr/iiif/presentation/v3/ark:/12148/bd6t51350191/manifest.json'
For more information check: https://developer.mozilla.org/en-US/docs/Web/HTTP/Status/403",2026-07-27T16:57:06.877625
petitmarocain,bd6t5135020z,,failed,0,0,,http_manifest,known,403,manifest,"Client error '403 ' for url 'https://openapiproext.bnf.fr/iiif/presentation/v3/ark:/12148/bd6t5135020z/manifest.json'
For more information check: https://developer.mozilla.org/en-US/docs/Web/HTTP/Status/403",2026-07-27T16:57:08.106484
petitmarocain,bd6t5135021b,,failed,0,0,,http_manifest,known,403,manifest,"Client error '403 ' for url 'https://openapiproext.bnf.fr/iiif/presentation/v3/ark:/12148/bd6t5135021b/manifest.json'
For more information check: https://developer.mozilla.org/en-US/docs/Web/HTTP/Status/403",2026-07-27T16:57:09.281968
petitmarocain,bd6t5135022q,,failed,0,0,,http_manifest,known,403,manifest,"Client error '403 ' for url 'https://openapiproext.bnf.fr/iiif/presentation/v3/ark:/12148/bd6t5135022q/manifest.json'
For more information check: https://developer.mozilla.org/en-US/docs/Web/HTTP/Status/403",2026-07-27T16:57:10.483143
petitmarocain,bd6t51350233,,failed,0,0,,http_manifest,known,403,manifest,"Client error '403 ' for url 'https://openapiproext.bnf.fr/iiif/presentation/v3/ark:/12148/bd6t51350233/manifest.json'
For more information check: https://developer.mozilla.org/en-US/docs/Web/HTTP/Status/403",2026-07-27T16:57:11.686786
petitmarocain,bd6t5135024g,,failed,0,0,,http_manifest,known,403,manifest,"Client error '403 ' for url 'https://openapiproext.bnf.fr/iiif/presentation/v3/ark:/12148/bd6t5135024g/manifest.json'
For more information check: https://developer.mozilla.org/en-US/docs/Web/HTTP/Status/403",2026-07-27T16:57:12.885097
petitmarocain,bd6t5135025v,,failed,0,0,,http_manifest,known,403,manifest,"Client error '403 ' for url 'https://openapiproext.bnf.fr/iiif/presentation/v3/ark:/12148/bd6t5135025v/manifest.json'
For more information check: https://developer.mozilla.org/en-US/docs/Web/HTTP/Status/403",2026-07-27T16:57:14.114527
petitmarocain,bd6t51350267,,failed,0,0,,http_manifest,known,403,manifest,"Client error '403 ' for url 'https://openapiproext.bnf.fr/iiif/presentation/v3/ark:/12148/bd6t51350267/manifest.json'
For more information check: https://developer.mozilla.org/en-US/docs/Web/HTTP/Status/403",2026-07-27T16:57:15.286719
petitmarocain,bd6t5135027m,,failed,0,0,,http_manifest,known,403,manifest,"Client error '403 ' for url 'https://openapiproext.bnf.fr/iiif/presentation/v3/ark:/12148/bd6t5135027m/manifest.json'
For more information check: https://developer.mozilla.org/en-US/docs/Web/HTTP/Status/403",2026-07-27T16:57:16.488198
petitmarocain,bd6t51350280,,failed,0,0,,http_manifest,known,403,manifest,"Client error '403 ' for url 'https://openapiproext.bnf.fr/iiif/presentation/v3/ark:/12148/bd6t51350280/manifest.json'
For more information check: https://developer.mozilla.org/en-US/docs/Web/HTTP/Status/403",2026-07-27T16:57:17.701105
petitmarocain,bd6t5135029c,,failed,0,0,,http_manifest,known,403,manifest,"Client error '403 ' for url 'https://openapiproext.bnf.fr/iiif/presentation/v3/ark:/12148/bd6t5135029c/manifest.json'
For more information check: https://developer.mozilla.org/en-US/docs/Web/HTTP/Status/403",2026-07-27T16:57:18.899608
petitmarocain,bd6t51350309,,failed,0,0,,http_manifest,known,403,manifest,"Client error '403 ' for url 'https://openapiproext.bnf.fr/iiif/presentation/v3/ark:/12148/bd6t51350309/manifest.json'
For more information check: https://developer.mozilla.org/en-US/docs/Web/HTTP/Status/403",2026-07-27T16:57:20.097711
petitmarocain,bd6t5135031p,,failed,0,0,,http_manifest,known,403,manifest,"Client error '403 ' for url 'https://openapiproext.bnf.fr/iiif/presentation/v3/ark:/12148/bd6t5135031p/manifest.json'
For more information check: https://developer.mozilla.org/en-US/docs/Web/HTTP/Status/403",2026-07-27T16:57:21.300501
petitmarocain,bd6t51350322,,failed,0,0,,http_manifest,known,403,manifest,"Client error '403 ' for url 'https://openapiproext.bnf.fr/iiif/presentation/v3/ark:/12148/bd6t51350322/manifest.json'
For more information check: https://developer.mozilla.org/en-US/docs/Web/HTTP/Status/403",2026-07-27T16:57:22.500359
petitmarocain,bd6t5135033f,,failed,0,0,,http_manifest,known,403,manifest,"Client error '403 ' for url 'https://openapiproext.bnf.fr/iiif/presentation/v3/ark:/12148/bd6t5135033f/manifest.json'
For more information check: https://developer.mozilla.org/en-US/docs/Web/HTTP/Status/403",2026-07-27T16:57:23.699999
petitmarocain,bd6t5135034t,,failed,0,0,,http_manifest,known,403,manifest,"Client error '403 ' for url 'https://openapiproext.bnf.fr/iiif/presentation/v3/ark:/12148/bd6t5135034t/manifest.json'
For more information check: https://developer.mozilla.org/en-US/docs/Web/HTTP/Status/403",2026-07-27T16:57:24.895489
petitmarocain,bd6t51350356,,failed,0,0,,http_manifest,known,403,manifest,"Client error '403 ' for url 'https://openapiproext.bnf.fr/iiif/presentation/v3/ark:/12148/bd6t51350356/manifest.json'
For more information check: https://developer.mozilla.org/en-US/docs/Web/HTTP/Status/403",2026-07-27T16:57:26.125366
petitmarocain,bd6t5135036k,,failed,0,0,,http_manifest,known,403,manifest,"Client error '403 ' for url 'https://openapiproext.bnf.fr/iiif/presentation/v3/ark:/12148/bd6t5135036k/manifest.json'
For more information check: https://developer.mozilla.org/en-US/docs/Web/HTTP/Status/403",2026-07-27T16:57:27.304505
petitmarocain,bd6t5135037z,,failed,0,0,,http_manifest,known,403,manifest,"Client error '403 ' for url 'https://openapiproext.bnf.fr/iiif/presentation/v3/ark:/12148/bd6t5135037z/manifest.json'
For more information check: https://developer.mozilla.org/en-US/docs/Web/HTTP/Status/403",2026-07-27T16:57:28.506455
petitmarocain,bd6t5135038b,,failed,0,0,,http_manifest,known,403,manifest,"Client error '403 ' for url 'https://openapiproext.bnf.fr/iiif/presentation/v3/ark:/12148/bd6t5135038b/manifest.json'
For more information check: https://developer.mozilla.org/en-US/docs/Web/HTTP/Status/403",2026-07-27T16:57:29.709125
petitmarocain,bd6t5135039q,,failed,0,0,,http_manifest,known,403,manifest,"Client error '403 ' for url 'https://openapiproext.bnf.fr/iiif/presentation/v3/ark:/12148/bd6t5135039q/manifest.json'
For more information check: https://developer.mozilla.org/en-US/docs/Web/HTTP/Status/403",2026-07-27T16:57:30.924927
petitmarocain,bd6t5135040n,,failed,0,0,,http_manifest,known,403,manifest,"Client error '403 ' for url 'https://openapiproext.bnf.fr/iiif/presentation/v3/ark:/12148/bd6t5135040n/manifest.json'
For more information check: https://developer.mozilla.org/en-US/docs/Web/HTTP/Status/403",2026-07-27T16:57:32.237104
petitmarocain,bd6t51350411,,failed,0,0,,http_manifest,known,403,manifest,"Client error '403 ' for url 'https://openapiproext.bnf.fr/iiif/presentation/v3/ark:/12148/bd6t51350411/manifest.json'
For more information check: https://developer.mozilla.org/en-US/docs/Web/HTTP/Status/403",2026-07-27T16:57:33.353395
petitmarocain,bd6t5135042d,,failed,0,0,,http_manifest,known,403,manifest,"Client error '403 ' for url 'https://openapiproext.bnf.fr/iiif/presentation/v3/ark:/12148/bd6t5135042d/manifest.json'
For more information check: https://developer.mozilla.org/en-US/docs/Web/HTTP/Status/403",2026-07-27T16:57:34.519083
petitmarocain,bd6t5135043s,,failed,0,0,,http_manifest,known,403,manifest,"Client error '403 ' for url 'https://openapiproext.bnf.fr/iiif/presentation/v3/ark:/12148/bd6t5135043s/manifest.json'
For more information check: https://developer.mozilla.org/en-US/docs/Web/HTTP/Status/403",2026-07-27T16:57:35.720778
petitmarocain,bd6t51350445,,failed,0,0,,http_manifest,known,403,manifest,"Client error '403 ' for url 'https://openapiproext.bnf.fr/iiif/presentation/v3/ark:/12148/bd6t51350445/manifest.json'
For more information check: https://developer.mozilla.org/en-US/docs/Web/HTTP/Status/403",2026-07-27T16:57:37.045647
petitmarocain,bd6t5135045j,,failed,0,0,,http_manifest,known,403,manifest,"Client error '403 ' for url 'https://openapiproext.bnf.fr/iiif/presentation/v3/ark:/12148/bd6t5135045j/manifest.json'
For more information check: https://developer.mozilla.org/en-US/docs/Web/HTTP/Status/403",2026-07-27T16:57:38.218921
petitmarocain,bd6t5135046x,,failed,0,0,,http_manifest,known,403,manifest,"Client error '403 ' for url 'https://openapiproext.bnf.fr/iiif/presentation/v3/ark:/12148/bd6t5135046x/manifest.json'
For more information check: https://developer.mozilla.org/en-US/docs/Web/HTTP/Status/403",2026-07-27T16:57:39.567043
petitmarocain,bd6t51350479,,failed,0,0,,http_manifest,known,403,manifest,"Client error '403 ' for url 'https://openapiproext.bnf.fr/iiif/presentation/v3/ark:/12148/bd6t51350479/manifest.json'
For more information check: https://developer.mozilla.org/en-US/docs/Web/HTTP/Status/403",2026-07-27T16:57:40.767790
petitmarocain,bd6t5135048p,,failed,0,0,,http_manifest,known,403,manifest,"Client error '403 ' for url 'https://openapiproext.bnf.fr/iiif/presentation/v3/ark:/12148/bd6t5135048p/manifest.json'
For more information check: https://developer.mozilla.org/en-US/docs/Web/HTTP/Status/403",2026-07-27T16:57:41.736888
petitmarocain,bd6t51350492,,failed,0,0,,http_manifest,known,403,manifest,"Client error '403 ' for url 'https://openapiproext.bnf.fr/iiif/presentation/v3/ark:/12148/bd6t51350492/manifest.json'
For more information check: https://developer.mozilla.org/en-US/docs/Web/HTTP/Status/403",2026-07-27T16:57:43.051007
petitmarocain,bd6t51350500,,failed,0,0,,http_manifest,known,403,manifest,"Client error '403 ' for url 'https://openapiproext.bnf.fr/iiif/presentation/v3/ark:/12148/bd6t51350500/manifest.json'
For more information check: https://developer.mozilla.org/en-US/docs/Web/HTTP/Status/403",2026-07-27T16:57:44.430181
petitmarocain,bd6t5135051c,,failed,0,0,,http_manifest,known,403,manifest,"Client error '403 ' for url 'https://openapiproext.bnf.fr/iiif/presentation/v3/ark:/12148/bd6t5135051c/manifest.json'
For more information check: https://developer.mozilla.org/en-US/docs/Web/HTTP/Status/403",2026-07-27T16:57:45.483529
petitmarocain,bd6t5135052r,,failed,0,0,,http_manifest,known,403,manifest,"Client error '403 ' for url 'https://openapiproext.bnf.fr/iiif/presentation/v3/ark:/12148/bd6t5135052r/manifest.json'
For more information check: https://developer.mozilla.org/en-US/docs/Web/HTTP/Status/403",2026-07-27T16:57:46.814638
petitmarocain,bd6t51350534,,failed,0,0,,http_manifest,known,403,manifest,"Client error '403 ' for url 'https://openapiproext.bnf.fr/iiif/presentation/v3/ark:/12148/bd6t51350534/manifest.json'
For more information check: https://developer.mozilla.org/en-US/docs/Web/HTTP/Status/403",2026-07-27T16:57:47.761855
petitmarocain,bd6t5135054h,,failed,0,0,,http_manifest,known,403,manifest,"Client error '403 ' for url 'https://openapiproext.bnf.fr/iiif/presentation/v3/ark:/12148/bd6t5135054h/manifest.json'
For more information check: https://developer.mozilla.org/en-US/docs/Web/HTTP/Status/403",2026-07-27T16:57:49.106123
petitmarocain,bd6t5135055w,,failed,0,0,,http_manifest,known,403,manifest,"Client error '403 ' for url 'https://openapiproext.bnf.fr/iiif/presentation/v3/ark:/12148/bd6t5135055w/manifest.json'
For more information check: https://developer.mozilla.org/en-US/docs/Web/HTTP/Status/403",2026-07-27T16:57:50.520459
petitmarocain,bd6t51350568,,failed,0,0,,http_manifest,known,403,manifest,"Client error '403 ' for url 'https://openapiproext.bnf.fr/iiif/presentation/v3/ark:/12148/bd6t51350568/manifest.json'
For more information check: https://developer.mozilla.org/en-US/docs/Web/HTTP/Status/403",2026-07-27T16:57:51.400452
petitmarocain,bd6t5135057n,,failed,0,0,,http_manifest,known,403,manifest,"Client error '403 ' for url 'https://openapiproext.bnf.fr/iiif/presentation/v3/ark:/12148/bd6t5135057n/manifest.json'
For more information check: https://developer.mozilla.org/en-US/docs/Web/HTTP/Status/403",2026-07-27T16:57:52.879046
petitmarocain,bd6t51350581,,failed,0,0,,http_manifest,known,403,manifest,"Client error '403 ' for url 'https://openapiproext.bnf.fr/iiif/presentation/v3/ark:/12148/bd6t51350581/manifest.json'
For more information check: https://developer.mozilla.org/en-US/docs/Web/HTTP/Status/403",2026-07-27T16:57:53.753371
petitmarocain,bd6t5135059d,,failed,0,0,,http_manifest,known,403,manifest,"Client error '403 ' for url 'https://openapiproext.bnf.fr/iiif/presentation/v3/ark:/12148/bd6t5135059d/manifest.json'
For more information check: https://developer.mozilla.org/en-US/docs/Web/HTTP/Status/403",2026-07-27T16:57:54.968731
petitmarocain,bd6t5135060b,,failed,0,0,,http_manifest,known,403,manifest,"Client error '403 ' for url 'https://openapiproext.bnf.fr/iiif/presentation/v3/ark:/12148/bd6t5135060b/manifest.json'
For more information check: https://developer.mozilla.org/en-US/docs/Web/HTTP/Status/403",2026-07-27T16:57:56.179983
petitmarocain,bd6t5135061q,,failed,0,0,,http_manifest,known,403,manifest,"Client error '403 ' for url 'https://openapiproext.bnf.fr/iiif/presentation/v3/ark:/12148/bd6t5135061q/manifest.json'
For more information check: https://developer.mozilla.org/en-US/docs/Web/HTTP/Status/403",2026-07-27T16:57:57.366748
petitmarocain,bd6t51350623,,failed,0,0,,http_manifest,known,403,manifest,"Client error '403 ' for url 'https://openapiproext.bnf.fr/iiif/presentation/v3/ark:/12148/bd6t51350623/manifest.json'
For more information check: https://developer.mozilla.org/en-US/docs/Web/HTTP/Status/403",2026-07-27T16:57:58.553965
petitmarocain,bd6t5135063g,,failed,0,0,,http_manifest,known,403,manifest,"Client error '403 ' for url 'https://openapiproext.bnf.fr/iiif/presentation/v3/ark:/12148/bd6t5135063g/manifest.json'
For more information check: https://developer.mozilla.org/en-US/docs/Web/HTTP/Status/403",2026-07-27T16:57:59.767145
petitmarocain,bd6t5135064v,,failed,0,0,,http_manifest,known,403,manifest,"Client error '403 ' for url 'https://openapiproext.bnf.fr/iiif/presentation/v3/ark:/12148/bd6t5135064v/manifest.json'
For more information check: https://developer.mozilla.org/en-US/docs/Web/HTTP/Status/403",2026-07-27T16:58:00.958772
petitmarocain,bd6t51350657,,failed,0,0,,http_manifest,known,403,manifest,"Client error '403 ' for url 'https://openapiproext.bnf.fr/iiif/presentation/v3/ark:/12148/bd6t51350657/manifest.json'
For more information check: https://developer.mozilla.org/en-US/docs/Web/HTTP/Status/403",2026-07-27T16:58:02.161586
petitmarocain,bd6t5135066m,,failed,0,0,,http_manifest,known,403,manifest,"Client error '403 ' for url 'https://openapiproext.bnf.fr/iiif/presentation/v3/ark:/12148/bd6t5135066m/manifest.json'
For more information check: https://developer.mozilla.org/en-US/docs/Web/HTTP/Status/403",2026-07-27T16:58:03.367337
petitmarocain,bd6t51350670,,failed,0,0,,http_manifest,known,403,manifest,"Client error '403 ' for url 'https://openapiproext.bnf.fr/iiif/presentation/v3/ark:/12148/bd6t51350670/manifest.json'
For more information check: https://developer.mozilla.org/en-US/docs/Web/HTTP/Status/403",2026-07-27T16:58:04.561052
petitmarocain,bd6t5135068c,,failed,0,0,,http_manifest,known,403,manifest,"Client error '403 ' for url 'https://openapiproext.bnf.fr/iiif/presentation/v3/ark:/12148/bd6t5135068c/manifest.json'
For more information check: https://developer.mozilla.org/en-US/docs/Web/HTTP/Status/403",2026-07-27T16:58:05.768304
petitmarocain,bd6t5135069r,,failed,0,0,,http_manifest,known,403,manifest,"Client error '403 ' for url 'https://openapiproext.bnf.fr/iiif/presentation/v3/ark:/12148/bd6t5135069r/manifest.json'
For more information check: https://developer.mozilla.org/en-US/docs/Web/HTTP/Status/403",2026-07-27T16:58:06.961438
petitmarocain,bd6t5135070p,,failed,0,0,,http_manifest,known,403,manifest,"Client error '403 ' for url 'https://openapiproext.bnf.fr/iiif/presentation/v3/ark:/12148/bd6t5135070p/manifest.json'
For more information check: https://developer.mozilla.org/en-US/docs/Web/HTTP/Status/403",2026-07-27T16:58:08.201283
petitmarocain,bd6t51350712,,failed,0,0,,http_manifest,known,403,manifest,"Client error '403 ' for url 'https://openapiproext.bnf.fr/iiif/presentation/v3/ark:/12148/bd6t51350712/manifest.json'
For more information check: https://developer.mozilla.org/en-US/docs/Web/HTTP/Status/403",2026-07-27T16:58:09.371440
petitmarocain,bd6t5135072f,,failed,0,0,,http_manifest,known,403,manifest,"Client error '403 ' for url 'https://openapiproext.bnf.fr/iiif/presentation/v3/ark:/12148/bd6t5135072f/manifest.json'
For more information check: https://developer.mozilla.org/en-US/docs/Web/HTTP/Status/403",2026-07-27T16:58:10.577720
petitmarocain,bd6t5135073t,,failed,0,0,,http_manifest,known,403,manifest,"Client error '403 ' for url 'https://openapiproext.bnf.fr/iiif/presentation/v3/ark:/12148/bd6t5135073t/manifest.json'
For more information check: https://developer.mozilla.org/en-US/docs/Web/HTTP/Status/403",2026-07-27T16:58:11.778078
petitmarocain,bd6t5135253r,,failed,0,0,,http_manifest,known,403,manifest,"Client error '403 ' for url 'https://openapiproext.bnf.fr/iiif/presentation/v3/ark:/12148/bd6t5135253r/manifest.json'
For more information check: https://developer.mozilla.org/en-US/docs/Web/HTTP/Status/403",2026-07-27T16:58:12.976298
petitmarocain,bd6t51352544,,failed,0,0,,http_manifest,known,403,manifest,"Client error '403 ' for url 'https://openapiproext.bnf.fr/iiif/presentation/v3/ark:/12148/bd6t51352544/manifest.json'
For more information check: https://developer.mozilla.org/en-US/docs/Web/HTTP/Status/403",2026-07-27T16:58:14.215618
petitmarocain,bd6t5135255h,,failed,0,0,,http_manifest,known,403,manifest,"Client error '403 ' for url 'https://openapiproext.bnf.fr/iiif/presentation/v3/ark:/12148/bd6t5135255h/manifest.json'
For more information check: https://developer.mozilla.org/en-US/docs/Web/HTTP/Status/403",2026-07-27T16:58:15.378404
petitmarocain,bd6t5135256w,,failed,0,0,,http_manifest,known,403,manifest,"Client error '403 ' for url 'https://openapiproext.bnf.fr/iiif/presentation/v3/ark:/12148/bd6t5135256w/manifest.json'
For more information check: https://developer.mozilla.org/en-US/docs/Web/HTTP/Status/403",2026-07-27T16:58:16.582197
petitmarocain,bd6t51352578,,failed,0,0,,http_manifest,known,403,manifest,"Client error '403 ' for url 'https://openapiproext.bnf.fr/iiif/presentation/v3/ark:/12148/bd6t51352578/manifest.json'
For more information check: https://developer.mozilla.org/en-US/docs/Web/HTTP/Status/403",2026-07-27T16:58:17.781817
petitmarocain,bd6t5135258n,,failed,0,0,,http_manifest,known,403,manifest,"Client error '403 ' for url 'https://openapiproext.bnf.fr/iiif/presentation/v3/ark:/12148/bd6t5135258n/manifest.json'
For more information check: https://developer.mozilla.org/en-US/docs/Web/HTTP/Status/403",2026-07-27T16:58:18.981042
petitmarocain,bd6t51352591,,failed,0,0,,http_manifest,known,403,manifest,"Client error '403 ' for url 'https://openapiproext.bnf.fr/iiif/presentation/v3/ark:/12148/bd6t51352591/manifest.json'
For more information check: https://developer.mozilla.org/en-US/docs/Web/HTTP/Status/403",2026-07-27T16:58:20.195282
petitmarocain,bd6t5135260z,,failed,0,0,,http_manifest,known,403,manifest,"Client error '403 ' for url 'https://openapiproext.bnf.fr/iiif/presentation/v3/ark:/12148/bd6t5135260z/manifest.json'
For more information check: https://developer.mozilla.org/en-US/docs/Web/HTTP/Status/403",2026-07-27T16:58:21.394496
petitmarocain,bd6t5135261b,,failed,0,0,,http_manifest,known,403,manifest,"Client error '403 ' for url 'https://openapiproext.bnf.fr/iiif/presentation/v3/ark:/12148/bd6t5135261b/manifest.json'
For more information check: https://developer.mozilla.org/en-US/docs/Web/HTTP/Status/403",2026-07-27T16:58:22.591625
petitmarocain,bd6t5135262q,,failed,0,0,,http_manifest,known,403,manifest,"Client error '403 ' for url 'https://openapiproext.bnf.fr/iiif/presentation/v3/ark:/12148/bd6t5135262q/manifest.json'
For more information check: https://developer.mozilla.org/en-US/docs/Web/HTTP/Status/403",2026-07-27T16:58:23.793680
petitmarocain,bd6t51352633,,failed,0,0,,http_manifest,known,403,manifest,"Client error '403 ' for url 'https://openapiproext.bnf.fr/iiif/presentation/v3/ark:/12148/bd6t51352633/manifest.json'
For more information check: https://developer.mozilla.org/en-US/docs/Web/HTTP/Status/403",2026-07-27T16:58:25.008829
petitmarocain,bd6t5135264g,,failed,0,0,,http_manifest,known,403,manifest,"Client error '403 ' for url 'https://openapiproext.bnf.fr/iiif/presentation/v3/ark:/12148/bd6t5135264g/manifest.json'
For more information check: https://developer.mozilla.org/en-US/docs/Web/HTTP/Status/403",2026-07-27T16:58:26.263927
petitmarocain,bd6t5135265v,,failed,0,0,,http_manifest,known,403,manifest,"Client error '403 ' for url 'https://openapiproext.bnf.fr/iiif/presentation/v3/ark:/12148/bd6t5135265v/manifest.json'
For more information check: https://developer.mozilla.org/en-US/docs/Web/HTTP/Status/403",2026-07-27T16:58:27.398726
petitmarocain,bd6t51352667,,failed,0,0,,http_manifest,known,403,manifest,"Client error '403 ' for url 'https://openapiproext.bnf.fr/iiif/presentation/v3/ark:/12148/bd6t51352667/manifest.json'
For more information check: https://developer.mozilla.org/en-US/docs/Web/HTTP/Status/403",2026-07-27T16:58:28.603367
petitmarocain,bd6t5135267m,,failed,0,0,,http_manifest,known,403,manifest,"Client error '403 ' for url 'https://openapiproext.bnf.fr/iiif/presentation/v3/ark:/12148/bd6t5135267m/manifest.json'
For more information check: https://developer.mozilla.org/en-US/docs/Web/HTTP/Status/403",2026-07-27T16:58:29.956525
petitmarocain,bd6t51352680,,failed,0,0,,http_manifest,known,403,manifest,"Client error '403 ' for url 'https://openapiproext.bnf.fr/iiif/presentation/v3/ark:/12148/bd6t51352680/manifest.json'
For more information check: https://developer.mozilla.org/en-US/docs/Web/HTTP/Status/403",2026-07-27T16:58:31.303210
petitmarocain,bd6t5135269c,,failed,0,0,,http_manifest,known,403,manifest,"Client error '403 ' for url 'https://openapiproext.bnf.fr/iiif/presentation/v3/ark:/12148/bd6t5135269c/manifest.json'
For more information check: https://developer.mozilla.org/en-US/docs/Web/HTTP/Status/403",2026-07-27T16:58:32.425085
petitmarocain,bd6t51352709,,failed,0,0,,http_manifest,known,403,manifest,"Client error '403 ' for url 'https://openapiproext.bnf.fr/iiif/presentation/v3/ark:/12148/bd6t51352709/manifest.json'
For more information check: https://developer.mozilla.org/en-US/docs/Web/HTTP/Status/403",2026-07-27T16:58:33.627467
petitmarocain,bd6t5135271p,,failed,0,0,,http_manifest,known,403,manifest,"Client error '403 ' for url 'https://openapiproext.bnf.fr/iiif/presentation/v3/ark:/12148/bd6t5135271p/manifest.json'
For more information check: https://developer.mozilla.org/en-US/docs/Web/HTTP/Status/403",2026-07-27T16:58:34.607011
petitmarocain,bd6t51352722,,failed,0,0,,http_manifest,known,403,manifest,"Client error '403 ' for url 'https://openapiproext.bnf.fr/iiif/presentation/v3/ark:/12148/bd6t51352722/manifest.json'
For more information check: https://developer.mozilla.org/en-US/docs/Web/HTTP/Status/403",2026-07-27T16:58:36.070790
petitmarocain,bd6t5135273f,,failed,0,0,,http_manifest,known,403,manifest,"Client error '403 ' for url 'https://openapiproext.bnf.fr/iiif/presentation/v3/ark:/12148/bd6t5135273f/manifest.json'
For more information check: https://developer.mozilla.org/en-US/docs/Web/HTTP/Status/403",2026-07-27T16:58:37.324555
petitmarocain,bd6t5135274t,,failed,0,0,,http_manifest,known,403,manifest,"Client error '403 ' for url 'https://openapiproext.bnf.fr/iiif/presentation/v3/ark:/12148/bd6t5135274t/manifest.json'
For more information check: https://developer.mozilla.org/en-US/docs/Web/HTTP/Status/403",2026-07-27T16:58:38.402719
petitmarocain,bd6t51352756,,failed,0,0,,http_manifest,known,403,manifest,"Client error '403 ' for url 'https://openapiproext.bnf.fr/iiif/presentation/v3/ark:/12148/bd6t51352756/manifest.json'
For more information check: https://developer.mozilla.org/en-US/docs/Web/HTTP/Status/403",2026-07-27T16:58:39.489833
petitmarocain,bd6t5135276k,,failed,0,0,,http_manifest,known,403,manifest,"Client error '403 ' for url 'https://openapiproext.bnf.fr/iiif/presentation/v3/ark:/12148/bd6t5135276k/manifest.json'
For more information check: https://developer.mozilla.org/en-US/docs/Web/HTTP/Status/403",2026-07-27T16:58:40.620097
petitmarocain,bd6t5135277z,,failed,0,0,,http_manifest,known,403,manifest,"Client error '403 ' for url 'https://openapiproext.bnf.fr/iiif/presentation/v3/ark:/12148/bd6t5135277z/manifest.json'
For more information check: https://developer.mozilla.org/en-US/docs/Web/HTTP/Status/403",2026-07-27T16:58:41.817346
petitmarocain,bd6t5135278b,,failed,0,0,,http_manifest,known,403,manifest,"Client error '403 ' for url 'https://openapiproext.bnf.fr/iiif/presentation/v3/ark:/12148/bd6t5135278b/manifest.json'
For more information check: https://developer.mozilla.org/en-US/docs/Web/HTTP/Status/403",2026-07-27T16:58:43.040570
petitmarocain,bd6t5135279q,,failed,0,0,,http_manifest,known,403,manifest,"Client error '403 ' for url 'https://openapiproext.bnf.fr/iiif/presentation/v3/ark:/12148/bd6t5135279q/manifest.json'
For more information check: https://developer.mozilla.org/en-US/docs/Web/HTTP/Status/403",2026-07-27T16:58:44.227268
petitmarocain,bd6t5135280n,,failed,0,0,,http_manifest,known,403,manifest,"Client error '403 ' for url 'https://openapiproext.bnf.fr/iiif/presentation/v3/ark:/12148/bd6t5135280n/manifest.json'
For more information check: https://developer.mozilla.org/en-US/docs/Web/HTTP/Status/403",2026-07-27T16:58:45.426420
petitmarocain,bd6t51352811,,failed,0,0,,http_manifest,known,403,manifest,"Client error '403 ' for url 'https://openapiproext.bnf.fr/iiif/presentation/v3/ark:/12148/bd6t51352811/manifest.json'
For more information check: https://developer.mozilla.org/en-US/docs/Web/HTTP/Status/403",2026-07-27T16:58:46.626182
petitmarocain,bd6t5135282d,,failed,0,0,,http_manifest,known,403,manifest,"Client error '403 ' for url 'https://openapiproext.bnf.fr/iiif/presentation/v3/ark:/12148/bd6t5135282d/manifest.json'
For more information check: https://developer.mozilla.org/en-US/docs/Web/HTTP/Status/403",2026-07-27T16:58:47.833417
petitmarocain,bd6t5135283s,,failed,0,0,,http_manifest,known,403,manifest,"Client error '403 ' for url 'https://openapiproext.bnf.fr/iiif/presentation/v3/ark:/12148/bd6t5135283s/manifest.json'
For more information check: https://developer.mozilla.org/en-US/docs/Web/HTTP/Status/403",2026-07-27T16:58:49.033034
petitmarocain,bd6t51352845,,failed,0,0,,http_manifest,known,403,manifest,"Client error '403 ' for url 'https://openapiproext.bnf.fr/iiif/presentation/v3/ark:/12148/bd6t51352845/manifest.json'
For more information check: https://developer.mozilla.org/en-US/docs/Web/HTTP/Status/403",2026-07-27T16:58:50.226795
petitmarocain,bd6t5135285j,,failed,0,0,,http_manifest,known,403,manifest,"Client error '403 ' for url 'https://openapiproext.bnf.fr/iiif/presentation/v3/ark:/12148/bd6t5135285j/manifest.json'
For more information check: https://developer.mozilla.org/en-US/docs/Web/HTTP/Status/403",2026-07-27T16:58:51.429073
petitmarocain,bd6t5135286x,,failed,0,0,,http_manifest,known,403,manifest,"Client error '403 ' for url 'https://openapiproext.bnf.fr/iiif/presentation/v3/ark:/12148/bd6t5135286x/manifest.json'
For more information check: https://developer.mozilla.org/en-US/docs/Web/HTTP/Status/403",2026-07-27T16:58:52.630507
petitmarocain,bd6t51352879,,failed,0,0,,http_manifest,known,403,manifest,"Client error '403 ' for url 'https://openapiproext.bnf.fr/iiif/presentation/v3/ark:/12148/bd6t51352879/manifest.json'
For more information check: https://developer.mozilla.org/en-US/docs/Web/HTTP/Status/403",2026-07-27T16:58:53.833855
petitmarocain,bd6t5135288p,,failed,0,0,,http_manifest,known,403,manifest,"Client error '403 ' for url 'https://openapiproext.bnf.fr/iiif/presentation/v3/ark:/12148/bd6t5135288p/manifest.json'
For more information check: https://developer.mozilla.org/en-US/docs/Web/HTTP/Status/403",2026-07-27T16:58:55.061824
petitmarocain,bd6t51352892,,failed,0,0,,http_manifest,known,403,manifest,"Client error '403 ' for url 'https://openapiproext.bnf.fr/iiif/presentation/v3/ark:/12148/bd6t51352892/manifest.json'
For more information check: https://developer.mozilla.org/en-US/docs/Web/HTTP/Status/403",2026-07-27T16:58:56.242889
petitmarocain,bd6t51352900,,failed,0,0,,http_manifest,known,403,manifest,"Client error '403 ' for url 'https://openapiproext.bnf.fr/iiif/presentation/v3/ark:/12148/bd6t51352900/manifest.json'
For more information check: https://developer.mozilla.org/en-US/docs/Web/HTTP/Status/403",2026-07-27T16:58:57.436647
petitmarocain,bd6t5135291c,,failed,0,0,,http_manifest,known,403,manifest,"Client error '403 ' for url 'https://openapiproext.bnf.fr/iiif/presentation/v3/ark:/12148/bd6t5135291c/manifest.json'
For more information check: https://developer.mozilla.org/en-US/docs/Web/HTTP/Status/403",2026-07-27T16:58:58.640462
petitmarocain,bd6t5135292r,,failed,0,0,,http_manifest,known,403,manifest,"Client error '403 ' for url 'https://openapiproext.bnf.fr/iiif/presentation/v3/ark:/12148/bd6t5135292r/manifest.json'
For more information check: https://developer.mozilla.org/en-US/docs/Web/HTTP/Status/403",2026-07-27T16:58:59.846329
petitmarocain,bd6t51352934,,failed,0,0,,http_manifest,known,403,manifest,"Client error '403 ' for url 'https://openapiproext.bnf.fr/iiif/presentation/v3/ark:/12148/bd6t51352934/manifest.json'
For more information check: https://developer.mozilla.org/en-US/docs/Web/HTTP/Status/403",2026-07-27T16:59:01.045168
petitmarocain,bd6t5135294h,,failed,0,0,,http_manifest,known,403,manifest,"Client error '403 ' for url 'https://openapiproext.bnf.fr/iiif/presentation/v3/ark:/12148/bd6t5135294h/manifest.json'
For more information check: https://developer.mozilla.org/en-US/docs/Web/HTTP/Status/403",2026-07-27T16:59:02.258714
petitmarocain,bd6t5135295w,,failed,0,0,,http_manifest,known,403,manifest,"Client error '403 ' for url 'https://openapiproext.bnf.fr/iiif/presentation/v3/ark:/12148/bd6t5135295w/manifest.json'
For more information check: https://developer.mozilla.org/en-US/docs/Web/HTTP/Status/403",2026-07-27T16:59:03.449018
petitmarocain,bd6t51352968,,failed,0,0,,http_manifest,known,403,manifest,"Client error '403 ' for url 'https://openapiproext.bnf.fr/iiif/presentation/v3/ark:/12148/bd6t51352968/manifest.json'
For more information check: https://developer.mozilla.org/en-US/docs/Web/HTTP/Status/403",2026-07-27T16:59:04.658632
petitmarocain,bd6t5135297n,,failed,0,0,,http_manifest,known,403,manifest,"Client error '403 ' for url 'https://openapiproext.bnf.fr/iiif/presentation/v3/ark:/12148/bd6t5135297n/manifest.json'
For more information check: https://developer.mozilla.org/en-US/docs/Web/HTTP/Status/403",2026-07-27T16:59:05.851283
petitmarocain,bd6t51352981,,failed,0,0,,http_manifest,known,403,manifest,"Client error '403 ' for url 'https://openapiproext.bnf.fr/iiif/presentation/v3/ark:/12148/bd6t51352981/manifest.json'
For more information check: https://developer.mozilla.org/en-US/docs/Web/HTTP/Status/403",2026-07-27T16:59:07.069231
petitmarocain,bd6t5135299d,,failed,0,0,,http_manifest,known,403,manifest,"Client error '403 ' for url 'https://openapiproext.bnf.fr/iiif/presentation/v3/ark:/12148/bd6t5135299d/manifest.json'
For more information check: https://developer.mozilla.org/en-US/docs/Web/HTTP/Status/403",2026-07-27T16:59:08.259569
petitmarocain,bd6t51353006,,failed,0,0,,http_manifest,known,403,manifest,"Client error '403 ' for url 'https://openapiproext.bnf.fr/iiif/presentation/v3/ark:/12148/bd6t51353006/manifest.json'
For more information check: https://developer.mozilla.org/en-US/docs/Web/HTTP/Status/403",2026-07-27T16:59:09.453347
petitmarocain,bd6t5135301k,,failed,0,0,,http_manifest,known,403,manifest,"Client error '403 ' for url 'https://openapiproext.bnf.fr/iiif/presentation/v3/ark:/12148/bd6t5135301k/manifest.json'
For more information check: https://developer.mozilla.org/en-US/docs/Web/HTTP/Status/403",2026-07-27T16:59:10.671246
petitmarocain,bd6t5135302z,,failed,0,0,,http_manifest,known,403,manifest,"Client error '403 ' for url 'https://openapiproext.bnf.fr/iiif/presentation/v3/ark:/12148/bd6t5135302z/manifest.json'
For more information check: https://developer.mozilla.org/en-US/docs/Web/HTTP/Status/403",2026-07-27T16:59:11.861748
petitmarocain,bd6t5135303b,,failed,0,0,,http_manifest,known,403,manifest,"Client error '403 ' for url 'https://openapiproext.bnf.fr/iiif/presentation/v3/ark:/12148/bd6t5135303b/manifest.json'
For more information check: https://developer.mozilla.org/en-US/docs/Web/HTTP/Status/403",2026-07-27T16:59:13.072457
petitmarocain,bd6t5135304q,,failed,0,0,,http_manifest,known,403,manifest,"Client error '403 ' for url 'https://openapiproext.bnf.fr/iiif/presentation/v3/ark:/12148/bd6t5135304q/manifest.json'
For more information check: https://developer.mozilla.org/en-US/docs/Web/HTTP/Status/403",2026-07-27T16:59:14.278156
petitmarocain,bd6t51353053,,failed,0,0,,http_manifest,known,403,manifest,"Client error '403 ' for url 'https://openapiproext.bnf.fr/iiif/presentation/v3/ark:/12148/bd6t51353053/manifest.json'
For more information check: https://developer.mozilla.org/en-US/docs/Web/HTTP/Status/403",2026-07-27T16:59:15.460752
petitmarocain,bd6t5135306g,,failed,0,0,,http_manifest,known,403,manifest,"Client error '403 ' for url 'https://openapiproext.bnf.fr/iiif/presentation/v3/ark:/12148/bd6t5135306g/manifest.json'
For more information check: https://developer.mozilla.org/en-US/docs/Web/HTTP/Status/403",2026-07-27T16:59:16.669598
petitmarocain,bd6t5135307v,,failed,0,0,,http_manifest,known,403,manifest,"Client error '403 ' for url 'https://openapiproext.bnf.fr/iiif/presentation/v3/ark:/12148/bd6t5135307v/manifest.json'
For more information check: https://developer.mozilla.org/en-US/docs/Web/HTTP/Status/403",2026-07-27T16:59:17.870846
petitmarocain,bd6t51353087,,failed,0,0,,http_manifest,known,403,manifest,"Client error '403 ' for url 'https://openapiproext.bnf.fr/iiif/presentation/v3/ark:/12148/bd6t51353087/manifest.json'
For more information check: https://developer.mozilla.org/en-US/docs/Web/HTTP/Status/403",2026-07-27T16:59:19.075643
petitmarocain,bd6t5135309m,,failed,0,0,,http_manifest,known,403,manifest,"Client error '403 ' for url 'https://openapiproext.bnf.fr/iiif/presentation/v3/ark:/12148/bd6t5135309m/manifest.json'
For more information check: https://developer.mozilla.org/en-US/docs/Web/HTTP/Status/403",2026-07-27T16:59:20.275398
petitmarocain,bd6t5135310j,,failed,0,0,,http_manifest,known,403,manifest,"Client error '403 ' for url 'https://openapiproext.bnf.fr/iiif/presentation/v3/ark:/12148/bd6t5135310j/manifest.json'
For more information check: https://developer.mozilla.org/en-US/docs/Web/HTTP/Status/403",2026-07-27T16:59:21.477901
petitmarocain,bd6t5135311x,,failed,0,0,,http_manifest,known,403,manifest,"Client error '403 ' for url 'https://openapiproext.bnf.fr/iiif/presentation/v3/ark:/12148/bd6t5135311x/manifest.json'
For more information check: https://developer.mozilla.org/en-US/docs/Web/HTTP/Status/403",2026-07-27T16:59:22.679314
petitmarocain,bd6t51353129,,failed,0,0,,http_manifest,known,403,manifest,"Client error '403 ' for url 'https://openapiproext.bnf.fr/iiif/presentation/v3/ark:/12148/bd6t51353129/manifest.json'
For more information check: https://developer.mozilla.org/en-US/docs/Web/HTTP/Status/403",2026-07-27T16:59:23.875534
petitmarocain,bd6t5135313p,,failed,0,0,,http_manifest,known,403,manifest,"Client error '403 ' for url 'https://openapiproext.bnf.fr/iiif/presentation/v3/ark:/12148/bd6t5135313p/manifest.json'
For more information check: https://developer.mozilla.org/en-US/docs/Web/HTTP/Status/403",2026-07-27T16:59:25.105619
petitmarocain,bd6t51353142,,failed,0,0,,http_manifest,known,403,manifest,"Client error '403 ' for url 'https://openapiproext.bnf.fr/iiif/presentation/v3/ark:/12148/bd6t51353142/manifest.json'
For more information check: https://developer.mozilla.org/en-US/docs/Web/HTTP/Status/403",2026-07-27T16:59:26.286379
petitmarocain,bd6t5135315f,,failed,0,0,,http_manifest,known,403,manifest,"Client error '403 ' for url 'https://openapiproext.bnf.fr/iiif/presentation/v3/ark:/12148/bd6t5135315f/manifest.json'
For more information check: https://developer.mozilla.org/en-US/docs/Web/HTTP/Status/403",2026-07-27T16:59:27.493703
petitmarocain,bd6t5135316t,,failed,0,0,,http_manifest,known,403,manifest,"Client error '403 ' for url 'https://openapiproext.bnf.fr/iiif/presentation/v3/ark:/12148/bd6t5135316t/manifest.json'
For more information check: https://developer.mozilla.org/en-US/docs/Web/HTTP/Status/403",2026-07-27T16:59:28.689203
petitmarocain,bd6t51353176,,failed,0,0,,http_manifest,known,403,manifest,"Client error '403 ' for url 'https://openapiproext.bnf.fr/iiif/presentation/v3/ark:/12148/bd6t51353176/manifest.json'
For more information check: https://developer.mozilla.org/en-US/docs/Web/HTTP/Status/403",2026-07-27T16:59:30.040983
petitmarocain,bd6t5135318k,,failed,0,0,,http_manifest,known,403,manifest,"Client error '403 ' for url 'https://openapiproext.bnf.fr/iiif/presentation/v3/ark:/12148/bd6t5135318k/manifest.json'
For more information check: https://developer.mozilla.org/en-US/docs/Web/HTTP/Status/403",2026-07-27T16:59:31.198864
petitmarocain,bd6t5135319z,,failed,0,0,,http_manifest,known,403,manifest,"Client error '403 ' for url 'https://openapiproext.bnf.fr/iiif/presentation/v3/ark:/12148/bd6t5135319z/manifest.json'
For more information check: https://developer.mozilla.org/en-US/docs/Web/HTTP/Status/403",2026-07-27T16:59:32.445548
petitmarocain,bd6t5135320w,,failed,0,0,,http_manifest,known,403,manifest,"Client error '403 ' for url 'https://openapiproext.bnf.fr/iiif/presentation/v3/ark:/12148/bd6t5135320w/manifest.json'
For more information check: https://developer.mozilla.org/en-US/docs/Web/HTTP/Status/403",2026-07-27T16:59:33.650467
petitmarocain,bd6t51353218,,failed,0,0,,http_manifest,known,403,manifest,"Client error '403 ' for url 'https://openapiproext.bnf.fr/iiif/presentation/v3/ark:/12148/bd6t51353218/manifest.json'
For more information check: https://developer.mozilla.org/en-US/docs/Web/HTTP/Status/403",2026-07-27T16:59:34.796508
petitmarocain,bd6t5135322n,,failed,0,0,,http_manifest,known,403,manifest,"Client error '403 ' for url 'https://openapiproext.bnf.fr/iiif/presentation/v3/ark:/12148/bd6t5135322n/manifest.json'
For more information check: https://developer.mozilla.org/en-US/docs/Web/HTTP/Status/403",2026-07-27T16:59:35.904837
petitmarocain,bd6t51353231,,failed,0,0,,http_manifest,known,403,manifest,"Client error '403 ' for url 'https://openapiproext.bnf.fr/iiif/presentation/v3/ark:/12148/bd6t51353231/manifest.json'
For more information check: https://developer.mozilla.org/en-US/docs/Web/HTTP/Status/403",2026-07-27T16:59:37.353473
petitmarocain,bd6t5135324d,,failed,0,0,,http_manifest,known,403,manifest,"Client error '403 ' for url 'https://openapiproext.bnf.fr/iiif/presentation/v3/ark:/12148/bd6t5135324d/manifest.json'
For more information check: https://developer.mozilla.org/en-US/docs/Web/HTTP/Status/403",2026-07-27T16:59:38.331836
petitmarocain,bd6t5135325s,,failed,0,0,,http_manifest,known,403,manifest,"Client error '403 ' for url 'https://openapiproext.bnf.fr/iiif/presentation/v3/ark:/12148/bd6t5135325s/manifest.json'
For more information check: https://developer.mozilla.org/en-US/docs/Web/HTTP/Status/403",2026-07-27T16:59:39.573761
petitmarocain,bd6t51353265,,failed,0,0,,http_manifest,known,403,manifest,"Client error '403 ' for url 'https://openapiproext.bnf.fr/iiif/presentation/v3/ark:/12148/bd6t51353265/manifest.json'
For more information check: https://developer.mozilla.org/en-US/docs/Web/HTTP/Status/403",2026-07-27T16:59:40.727729
petitmarocain,bd6t5135327j,,failed,0,0,,http_manifest,known,403,manifest,"Client error '403 ' for url 'https://openapiproext.bnf.fr/iiif/presentation/v3/ark:/12148/bd6t5135327j/manifest.json'
For more information check: https://developer.mozilla.org/en-US/docs/Web/HTTP/Status/403",2026-07-27T16:59:41.915521
petitmarocain,bd6t5135328x,,failed,0,0,,http_manifest,known,403,manifest,"Client error '403 ' for url 'https://openapiproext.bnf.fr/iiif/presentation/v3/ark:/12148/bd6t5135328x/manifest.json'
For more information check: https://developer.mozilla.org/en-US/docs/Web/HTTP/Status/403",2026-07-27T16:59:43.112193
petitmarocain,bd6t51353299,,failed,0,0,,http_manifest,known,403,manifest,"Client error '403 ' for url 'https://openapiproext.bnf.fr/iiif/presentation/v3/ark:/12148/bd6t51353299/manifest.json'
For more information check: https://developer.mozilla.org/en-US/docs/Web/HTTP/Status/403",2026-07-27T16:59:44.312572
petitmarocain,bd6t51353307,,failed,0,0,,http_manifest,known,403,manifest,"Client error '403 ' for url 'https://openapiproext.bnf.fr/iiif/presentation/v3/ark:/12148/bd6t51353307/manifest.json'
For more information check: https://developer.mozilla.org/en-US/docs/Web/HTTP/Status/403",2026-07-27T16:59:45.782537
petitmarocain,bd6t5135331m,,failed,0,0,,http_manifest,known,403,manifest,"Client error '403 ' for url 'https://openapiproext.bnf.fr/iiif/presentation/v3/ark:/12148/bd6t5135331m/manifest.json'
For more information check: https://developer.mozilla.org/en-US/docs/Web/HTTP/Status/403",2026-07-27T16:59:46.877833
petitmarocain,bd6t51353320,,failed,0,0,,http_manifest,known,403,manifest,"Client error '403 ' for url 'https://openapiproext.bnf.fr/iiif/presentation/v3/ark:/12148/bd6t51353320/manifest.json'
For more information check: https://developer.mozilla.org/en-US/docs/Web/HTTP/Status/403",2026-07-27T16:59:48.167300
petitmarocain,bd6t5135333c,,failed,0,0,,http_manifest,known,403,manifest,"Client error '403 ' for url 'https://openapiproext.bnf.fr/iiif/presentation/v3/ark:/12148/bd6t5135333c/manifest.json'
For more information check: https://developer.mozilla.org/en-US/docs/Web/HTTP/Status/403",2026-07-27T16:59:49.230727
petitmarocain,bd6t5135334r,,failed,0,0,,http_manifest,known,403,manifest,"Client error '403 ' for url 'https://openapiproext.bnf.fr/iiif/presentation/v3/ark:/12148/bd6t5135334r/manifest.json'
For more information check: https://developer.mozilla.org/en-US/docs/Web/HTTP/Status/403",2026-07-27T16:59:50.327647
petitmarocain,bd6t51353354,,failed,0,0,,http_manifest,known,403,manifest,"Client error '403 ' for url 'https://openapiproext.bnf.fr/iiif/presentation/v3/ark:/12148/bd6t51353354/manifest.json'
For more information check: https://developer.mozilla.org/en-US/docs/Web/HTTP/Status/403",2026-07-27T16:59:51.523108
petitmarocain,bd6t5135336h,,failed,0,0,,http_manifest,known,403,manifest,"Client error '403 ' for url 'https://openapiproext.bnf.fr/iiif/presentation/v3/ark:/12148/bd6t5135336h/manifest.json'
For more information check: https://developer.mozilla.org/en-US/docs/Web/HTTP/Status/403",2026-07-27T16:59:52.801516
petitmarocain,bd6t5135337w,,failed,0,0,,http_manifest,known,403,manifest,"Client error '403 ' for url 'https://openapiproext.bnf.fr/iiif/presentation/v3/ark:/12148/bd6t5135337w/manifest.json'
For more information check: https://developer.mozilla.org/en-US/docs/Web/HTTP/Status/403",2026-07-27T16:59:53.935095
petitmarocain,bd6t51353388,,failed,0,0,,http_manifest,known,403,manifest,"Client error '403 ' for url 'https://openapiproext.bnf.fr/iiif/presentation/v3/ark:/12148/bd6t51353388/manifest.json'
For more information check: https://developer.mozilla.org/en-US/docs/Web/HTTP/Status/403",2026-07-27T16:59:55.128393
petitmarocain,bd6t5135339n,,failed,0,0,,http_manifest,known,403,manifest,"Client error '403 ' for url 'https://openapiproext.bnf.fr/iiif/presentation/v3/ark:/12148/bd6t5135339n/manifest.json'
For more information check: https://developer.mozilla.org/en-US/docs/Web/HTTP/Status/403",2026-07-27T16:59:56.329126
petitmarocain,bd6t51350746,,failed,0,0,,http_manifest,known,403,manifest,"Client error '403 ' for url 'https://openapiproext.bnf.fr/iiif/presentation/v3/ark:/12148/bd6t51350746/manifest.json'
For more information check: https://developer.mozilla.org/en-US/docs/Web/HTTP/Status/403",2026-07-27T16:59:57.557667
petitmarocain,bd6t5135075k,,failed,0,0,,http_manifest,known,403,manifest,"Client error '403 ' for url 'https://openapiproext.bnf.fr/iiif/presentation/v3/ark:/12148/bd6t5135075k/manifest.json'
For more information check: https://developer.mozilla.org/en-US/docs/Web/HTTP/Status/403",2026-07-27T16:59:58.734447
petitmarocain,bd6t5135076z,,failed,0,0,,http_manifest,known,403,manifest,"Client error '403 ' for url 'https://openapiproext.bnf.fr/iiif/presentation/v3/ark:/12148/bd6t5135076z/manifest.json'
For more information check: https://developer.mozilla.org/en-US/docs/Web/HTTP/Status/403",2026-07-27T16:59:59.940967
petitmarocain,bd6t5135077b,,failed,0,0,,http_manifest,known,403,manifest,"Client error '403 ' for url 'https://openapiproext.bnf.fr/iiif/presentation/v3/ark:/12148/bd6t5135077b/manifest.json'
For more information check: https://developer.mozilla.org/en-US/docs/Web/HTTP/Status/403",2026-07-27T17:00:01.138260
petitmarocain,bd6t5135078q,,failed,0,0,,http_manifest,known,403,manifest,"Client error '403 ' for url 'https://openapiproext.bnf.fr/iiif/presentation/v3/ark:/12148/bd6t5135078q/manifest.json'
For more information check: https://developer.mozilla.org/en-US/docs/Web/HTTP/Status/403",2026-07-27T17:00:02.343438
petitmarocain,bd6t51350793,,failed,0,0,,http_manifest,known,403,manifest,"Client error '403 ' for url 'https://openapiproext.bnf.fr/iiif/presentation/v3/ark:/12148/bd6t51350793/manifest.json'
For more information check: https://developer.mozilla.org/en-US/docs/Web/HTTP/Status/403",2026-07-27T17:00:03.540961
petitmarocain,bd6t51350801,,failed,0,0,,http_manifest,known,403,manifest,"Client error '403 ' for url 'https://openapiproext.bnf.fr/iiif/presentation/v3/ark:/12148/bd6t51350801/manifest.json'
For more information check: https://developer.mozilla.org/en-US/docs/Web/HTTP/Status/403",2026-07-27T17:00:04.742812
petitmarocain,bd6t5135081d,,failed,0,0,,http_manifest,known,403,manifest,"Client error '403 ' for url 'https://openapiproext.bnf.fr/iiif/presentation/v3/ark:/12148/bd6t5135081d/manifest.json'
For more information check: https://developer.mozilla.org/en-US/docs/Web/HTTP/Status/403",2026-07-27T17:00:05.949335
petitmarocain,bd6t5135082s,,failed,0,0,,http_manifest,known,403,manifest,"Client error '403 ' for url 'https://openapiproext.bnf.fr/iiif/presentation/v3/ark:/12148/bd6t5135082s/manifest.json'
For more information check: https://developer.mozilla.org/en-US/docs/Web/HTTP/Status/403",2026-07-27T17:00:07.157629
petitmarocain,bd6t51350835,,failed,0,0,,http_manifest,known,403,manifest,"Client error '403 ' for url 'https://openapiproext.bnf.fr/iiif/presentation/v3/ark:/12148/bd6t51350835/manifest.json'
For more information check: https://developer.mozilla.org/en-US/docs/Web/HTTP/Status/403",2026-07-27T17:00:08.351022
petitmarocain,bd6t5135084j,,failed,0,0,,http_manifest,known,403,manifest,"Client error '403 ' for url 'https://openapiproext.bnf.fr/iiif/presentation/v3/ark:/12148/bd6t5135084j/manifest.json'
For more information check: https://developer.mozilla.org/en-US/docs/Web/HTTP/Status/403",2026-07-27T17:00:09.565081
petitmarocain,bd6t5135085x,,failed,0,0,,http_manifest,known,403,manifest,"Client error '403 ' for url 'https://openapiproext.bnf.fr/iiif/presentation/v3/ark:/12148/bd6t5135085x/manifest.json'
For more information check: https://developer.mozilla.org/en-US/docs/Web/HTTP/Status/403",2026-07-27T17:00:10.746494
petitmarocain,bd6t51350869,,failed,0,0,,http_manifest,known,403,manifest,"Client error '403 ' for url 'https://openapiproext.bnf.fr/iiif/presentation/v3/ark:/12148/bd6t51350869/manifest.json'
For more information check: https://developer.mozilla.org/en-US/docs/Web/HTTP/Status/403",2026-07-27T17:00:11.956253
petitmarocain,bd6t5135087p,,failed,0,0,,http_manifest,known,403,manifest,"Client error '403 ' for url 'https://openapiproext.bnf.fr/iiif/presentation/v3/ark:/12148/bd6t5135087p/manifest.json'
For more information check: https://developer.mozilla.org/en-US/docs/Web/HTTP/Status/403",2026-07-27T17:00:13.156385
petitmarocain,bd6t51350882,,failed,0,0,,http_manifest,known,403,manifest,"Client error '403 ' for url 'https://openapiproext.bnf.fr/iiif/presentation/v3/ark:/12148/bd6t51350882/manifest.json'
For more information check: https://developer.mozilla.org/en-US/docs/Web/HTTP/Status/403",2026-07-27T17:00:14.355752
petitmarocain,bd6t5135089f,,failed,0,0,,http_manifest,known,403,manifest,"Client error '403 ' for url 'https://openapiproext.bnf.fr/iiif/presentation/v3/ark:/12148/bd6t5135089f/manifest.json'
For more information check: https://developer.mozilla.org/en-US/docs/Web/HTTP/Status/403",2026-07-27T17:00:15.579503
petitmarocain,bd6t5135090c,,failed,0,0,,http_manifest,known,403,manifest,"Client error '403 ' for url 'https://openapiproext.bnf.fr/iiif/presentation/v3/ark:/12148/bd6t5135090c/manifest.json'
For more information check: https://developer.mozilla.org/en-US/docs/Web/HTTP/Status/403",2026-07-27T17:00:16.759406
petitmarocain,bd6t5135091r,,failed,0,0,,http_manifest,known,403,manifest,"Client error '403 ' for url 'https://openapiproext.bnf.fr/iiif/presentation/v3/ark:/12148/bd6t5135091r/manifest.json'
For more information check: https://developer.mozilla.org/en-US/docs/Web/HTTP/Status/403",2026-07-27T17:00:17.967027
petitmarocain,bd6t51350924,,failed,0,0,,http_manifest,known,403,manifest,"Client error '403 ' for url 'https://openapiproext.bnf.fr/iiif/presentation/v3/ark:/12148/bd6t51350924/manifest.json'
For more information check: https://developer.mozilla.org/en-US/docs/Web/HTTP/Status/403",2026-07-27T17:00:19.167002
petitmarocain,bd6t5135093h,,failed,0,0,,http_manifest,known,403,manifest,"Client error '403 ' for url 'https://openapiproext.bnf.fr/iiif/presentation/v3/ark:/12148/bd6t5135093h/manifest.json'
For more information check: https://developer.mozilla.org/en-US/docs/Web/HTTP/Status/403",2026-07-27T17:00:20.374975
petitmarocain,bd6t5135094w,,failed,0,0,,http_manifest,known,403,manifest,"Client error '403 ' for url 'https://openapiproext.bnf.fr/iiif/presentation/v3/ark:/12148/bd6t5135094w/manifest.json'
For more information check: https://developer.mozilla.org/en-US/docs/Web/HTTP/Status/403",2026-07-27T17:00:21.564284
petitmarocain,bd6t51350958,,failed,0,0,,http_manifest,known,403,manifest,"Client error '403 ' for url 'https://openapiproext.bnf.fr/iiif/presentation/v3/ark:/12148/bd6t51350958/manifest.json'
For more information check: https://developer.mozilla.org/en-US/docs/Web/HTTP/Status/403",2026-07-27T17:00:22.767786
petitmarocain,bd6t5135096n,,failed,0,0,,http_manifest,known,403,manifest,"Client error '403 ' for url 'https://openapiproext.bnf.fr/iiif/presentation/v3/ark:/12148/bd6t5135096n/manifest.json'
For more information check: https://developer.mozilla.org/en-US/docs/Web/HTTP/Status/403",2026-07-27T17:00:23.975128
petitmarocain,bd6t51350971,,failed,0,0,,http_manifest,known,403,manifest,"Client error '403 ' for url 'https://openapiproext.bnf.fr/iiif/presentation/v3/ark:/12148/bd6t51350971/manifest.json'
For more information check: https://developer.mozilla.org/en-US/docs/Web/HTTP/Status/403",2026-07-27T17:00:25.170597
petitmarocain,bd6t5135098d,,failed,0,0,,http_manifest,known,403,manifest,"Client error '403 ' for url 'https://openapiproext.bnf.fr/iiif/presentation/v3/ark:/12148/bd6t5135098d/manifest.json'
For more information check: https://developer.mozilla.org/en-US/docs/Web/HTTP/Status/403",2026-07-27T17:00:26.381614
petitmarocain,bd6t5135099s,,failed,0,0,,http_manifest,known,403,manifest,"Client error '403 ' for url 'https://openapiproext.bnf.fr/iiif/presentation/v3/ark:/12148/bd6t5135099s/manifest.json'
For more information check: https://developer.mozilla.org/en-US/docs/Web/HTTP/Status/403",2026-07-27T17:00:27.612081
petitmarocain,bd6t5135100k,,failed,0,0,,http_manifest,known,403,manifest,"Client error '403 ' for url 'https://openapiproext.bnf.fr/iiif/presentation/v3/ark:/12148/bd6t5135100k/manifest.json'
For more information check: https://developer.mozilla.org/en-US/docs/Web/HTTP/Status/403",2026-07-27T17:00:28.789440
petitmarocain,bd6t5135101z,,failed,0,0,,http_manifest,known,403,manifest,"Client error '403 ' for url 'https://openapiproext.bnf.fr/iiif/presentation/v3/ark:/12148/bd6t5135101z/manifest.json'
For more information check: https://developer.mozilla.org/en-US/docs/Web/HTTP/Status/403",2026-07-27T17:00:29.999685
petitmarocain,bd6t5135102b,,failed,0,0,,http_manifest,known,403,manifest,"Client error '403 ' for url 'https://openapiproext.bnf.fr/iiif/presentation/v3/ark:/12148/bd6t5135102b/manifest.json'
For more information check: https://developer.mozilla.org/en-US/docs/Web/HTTP/Status/403",2026-07-27T17:00:31.306312
petitmarocain,bd6t5135103q,,failed,0,0,,http_manifest,known,403,manifest,"Client error '403 ' for url 'https://openapiproext.bnf.fr/iiif/presentation/v3/ark:/12148/bd6t5135103q/manifest.json'
For more information check: https://developer.mozilla.org/en-US/docs/Web/HTTP/Status/403",2026-07-27T17:00:32.457478
petitmarocain,bd6t51351043,,failed,0,0,,http_manifest,known,403,manifest,"Client error '403 ' for url 'https://openapiproext.bnf.fr/iiif/presentation/v3/ark:/12148/bd6t51351043/manifest.json'
For more information check: https://developer.mozilla.org/en-US/docs/Web/HTTP/Status/403",2026-07-27T17:00:33.583938
petitmarocain,bd6t5135105g,,failed,0,0,,http_manifest,known,403,manifest,"Client error '403 ' for url 'https://openapiproext.bnf.fr/iiif/presentation/v3/ark:/12148/bd6t5135105g/manifest.json'
For more information check: https://developer.mozilla.org/en-US/docs/Web/HTTP/Status/403",2026-07-27T17:00:34.789722
petitmarocain,bd6t5135106v,,failed,0,0,,http_manifest,known,403,manifest,"Client error '403 ' for url 'https://openapiproext.bnf.fr/iiif/presentation/v3/ark:/12148/bd6t5135106v/manifest.json'
For more information check: https://developer.mozilla.org/en-US/docs/Web/HTTP/Status/403",2026-07-27T17:00:36.105659
petitmarocain,bd6t51351077,,failed,0,0,,http_manifest,known,403,manifest,"Client error '403 ' for url 'https://openapiproext.bnf.fr/iiif/presentation/v3/ark:/12148/bd6t51351077/manifest.json'
For more information check: https://developer.mozilla.org/en-US/docs/Web/HTTP/Status/403",2026-07-27T17:00:37.188551
petitmarocain,bd6t5135108m,,failed,0,0,,http_manifest,known,403,manifest,"Client error '403 ' for url 'https://openapiproext.bnf.fr/iiif/presentation/v3/ark:/12148/bd6t5135108m/manifest.json'
For more information check: https://developer.mozilla.org/en-US/docs/Web/HTTP/Status/403",2026-07-27T17:00:38.611741
petitmarocain,bd6t51351090,,failed,0,0,,http_manifest,known,403,manifest,"Client error '403 ' for url 'https://openapiproext.bnf.fr/iiif/presentation/v3/ark:/12148/bd6t51351090/manifest.json'
For more information check: https://developer.mozilla.org/en-US/docs/Web/HTTP/Status/403",2026-07-27T17:00:39.779700
petitmarocain,bd6t5135110x,,failed,0,0,,http_manifest,known,403,manifest,"Client error '403 ' for url 'https://openapiproext.bnf.fr/iiif/presentation/v3/ark:/12148/bd6t5135110x/manifest.json'
For more information check: https://developer.mozilla.org/en-US/docs/Web/HTTP/Status/403",2026-07-27T17:00:40.798061
petitmarocain,bd6t51351119,,failed,0,0,,http_manifest,known,403,manifest,"Client error '403 ' for url 'https://openapiproext.bnf.fr/iiif/presentation/v3/ark:/12148/bd6t51351119/manifest.json'
For more information check: https://developer.mozilla.org/en-US/docs/Web/HTTP/Status/403",2026-07-27T17:00:42.917876
petitmarocain,bd6t5135112p,,failed,0,0,,http_manifest,known,403,manifest,"Client error '403 ' for url 'https://openapiproext.bnf.fr/iiif/presentation/v3/ark:/12148/bd6t5135112p/manifest.json'
For more information check: https://developer.mozilla.org/en-US/docs/Web/HTTP/Status/403",2026-07-27T17:00:43.223691
petitmarocain,bd6t51351132,,failed,0,0,,http_manifest,known,403,manifest,"Client error '403 ' for url 'https://openapiproext.bnf.fr/iiif/presentation/v3/ark:/12148/bd6t51351132/manifest.json'
For more information check: https://developer.mozilla.org/en-US/docs/Web/HTTP/Status/403",2026-07-27T17:00:44.400793
petitmarocain,bd6t5135114f,,failed,0,0,,http_manifest,known,403,manifest,"Client error '403 ' for url 'https://openapiproext.bnf.fr/iiif/presentation/v3/ark:/12148/bd6t5135114f/manifest.json'
For more information check: https://developer.mozilla.org/en-US/docs/Web/HTTP/Status/403",2026-07-27T17:00:45.749404
petitmarocain,bd6t5135115t,,failed,0,0,,http_manifest,known,403,manifest,"Client error '403 ' for url 'https://openapiproext.bnf.fr/iiif/presentation/v3/ark:/12148/bd6t5135115t/manifest.json'
For more information check: https://developer.mozilla.org/en-US/docs/Web/HTTP/Status/403",2026-07-27T17:00:46.955395
petitmarocain,bd6t51351166,,failed,0,0,,http_manifest,known,403,manifest,"Client error '403 ' for url 'https://openapiproext.bnf.fr/iiif/presentation/v3/ark:/12148/bd6t51351166/manifest.json'
For more information check: https://developer.mozilla.org/en-US/docs/Web/HTTP/Status/403",2026-07-27T17:00:48.176298
petitmarocain,bd6t5135117k,,failed,0,0,,http_manifest,known,403,manifest,"Client error '403 ' for url 'https://openapiproext.bnf.fr/iiif/presentation/v3/ark:/12148/bd6t5135117k/manifest.json'
For more information check: https://developer.mozilla.org/en-US/docs/Web/HTTP/Status/403",2026-07-27T17:00:49.351135
petitmarocain,bd6t5135118z,,failed,0,0,,http_manifest,known,403,manifest,"Client error '403 ' for url 'https://openapiproext.bnf.fr/iiif/presentation/v3/ark:/12148/bd6t5135118z/manifest.json'
For more information check: https://developer.mozilla.org/en-US/docs/Web/HTTP/Status/403",2026-07-27T17:00:50.442517
petitmarocain,bd6t5135119b,,failed,0,0,,http_manifest,known,403,manifest,"Client error '403 ' for url 'https://openapiproext.bnf.fr/iiif/presentation/v3/ark:/12148/bd6t5135119b/manifest.json'
For more information check: https://developer.mozilla.org/en-US/docs/Web/HTTP/Status/403",2026-07-27T17:00:51.794351
petitmarocain,bd6t51351208,,failed,0,0,,http_manifest,known,403,manifest,"Client error '403 ' for url 'https://openapiproext.bnf.fr/iiif/presentation/v3/ark:/12148/bd6t51351208/manifest.json'
For more information check: https://developer.mozilla.org/en-US/docs/Web/HTTP/Status/403",2026-07-27T17:00:52.890940
petitmarocain,bd6t5135121n,,failed,0,0,,http_manifest,known,403,manifest,"Client error '403 ' for url 'https://openapiproext.bnf.fr/iiif/presentation/v3/ark:/12148/bd6t5135121n/manifest.json'
For more information check: https://developer.mozilla.org/en-US/docs/Web/HTTP/Status/403",2026-07-27T17:00:54.030237
petitmarocain,bd6t51351221,,failed,0,0,,http_manifest,known,403,manifest,"Client error '403 ' for url 'https://openapiproext.bnf.fr/iiif/presentation/v3/ark:/12148/bd6t51351221/manifest.json'
For more information check: https://developer.mozilla.org/en-US/docs/Web/HTTP/Status/403",2026-07-27T17:00:55.229137
petitmarocain,bd6t5135123d,,failed,0,0,,http_manifest,known,403,manifest,"Client error '403 ' for url 'https://openapiproext.bnf.fr/iiif/presentation/v3/ark:/12148/bd6t5135123d/manifest.json'
For more information check: https://developer.mozilla.org/en-US/docs/Web/HTTP/Status/403",2026-07-27T17:00:56.460153
petitmarocain,bd6t5135124s,,failed,0,0,,http_manifest,known,403,manifest,"Client error '403 ' for url 'https://openapiproext.bnf.fr/iiif/presentation/v3/ark:/12148/bd6t5135124s/manifest.json'
For more information check: https://developer.mozilla.org/en-US/docs/Web/HTTP/Status/403",2026-07-27T17:00:57.613865
petitmarocain,bd6t51351255,,failed,0,0,,http_manifest,known,403,manifest,"Client error '403 ' for url 'https://openapiproext.bnf.fr/iiif/presentation/v3/ark:/12148/bd6t51351255/manifest.json'
For more information check: https://developer.mozilla.org/en-US/docs/Web/HTTP/Status/403",2026-07-27T17:00:58.822341
petitmarocain,bd6t5135126j,,failed,0,0,,http_manifest,known,403,manifest,"Client error '403 ' for url 'https://openapiproext.bnf.fr/iiif/presentation/v3/ark:/12148/bd6t5135126j/manifest.json'
For more information check: https://developer.mozilla.org/en-US/docs/Web/HTTP/Status/403",2026-07-27T17:01:00.022818
petitmarocain,bd6t5135127x,,failed,0,0,,http_manifest,known,403,manifest,"Client error '403 ' for url 'https://openapiproext.bnf.fr/iiif/presentation/v3/ark:/12148/bd6t5135127x/manifest.json'
For more information check: https://developer.mozilla.org/en-US/docs/Web/HTTP/Status/403",2026-07-27T17:01:01.218368
petitmarocain,bd6t51351289,,failed,0,0,,http_manifest,known,403,manifest,"Client error '403 ' for url 'https://openapiproext.bnf.fr/iiif/presentation/v3/ark:/12148/bd6t51351289/manifest.json'
For more information check: https://developer.mozilla.org/en-US/docs/Web/HTTP/Status/403",2026-07-27T17:01:02.442614
petitmarocain,bd6t5135129p,,failed,0,0,,http_manifest,known,403,manifest,"Client error '403 ' for url 'https://openapiproext.bnf.fr/iiif/presentation/v3/ark:/12148/bd6t5135129p/manifest.json'
For more information check: https://developer.mozilla.org/en-US/docs/Web/HTTP/Status/403",2026-07-27T17:01:03.634895
petitmarocain,bd6t5135130m,,failed,0,0,,http_manifest,known,403,manifest,"Client error '403 ' for url 'https://openapiproext.bnf.fr/iiif/presentation/v3/ark:/12148/bd6t5135130m/manifest.json'
For more information check: https://developer.mozilla.org/en-US/docs/Web/HTTP/Status/403",2026-07-27T17:01:04.838828
petitmarocain,bd6t51351310,,failed,0,0,,http_manifest,known,403,manifest,"Client error '403 ' for url 'https://openapiproext.bnf.fr/iiif/presentation/v3/ark:/12148/bd6t51351310/manifest.json'
For more information check: https://developer.mozilla.org/en-US/docs/Web/HTTP/Status/403",2026-07-27T17:01:06.037506
petitmarocain,bd6t5135132c,,failed,0,0,,http_manifest,known,403,manifest,"Client error '403 ' for url 'https://openapiproext.bnf.fr/iiif/presentation/v3/ark:/12148/bd6t5135132c/manifest.json'
For more information check: https://developer.mozilla.org/en-US/docs/Web/HTTP/Status/403",2026-07-27T17:01:07.237622
petitmarocain,bd6t5135133r,,failed,0,0,,http_manifest,known,403,manifest,"Client error '403 ' for url 'https://openapiproext.bnf.fr/iiif/presentation/v3/ark:/12148/bd6t5135133r/manifest.json'
For more information check: https://developer.mozilla.org/en-US/docs/Web/HTTP/Status/403",2026-07-27T17:01:08.555315
petitmarocain,bd6t51351344,,failed,0,0,,http_manifest,known,403,manifest,"Client error '403 ' for url 'https://openapiproext.bnf.fr/iiif/presentation/v3/ark:/12148/bd6t51351344/manifest.json'
For more information check: https://developer.mozilla.org/en-US/docs/Web/HTTP/Status/403",2026-07-27T17:01:09.633298
petitmarocain,bd6t5135135h,,failed,0,0,,http_manifest,known,403,manifest,"Client error '403 ' for url 'https://openapiproext.bnf.fr/iiif/presentation/v3/ark:/12148/bd6t5135135h/manifest.json'
For more information check: https://developer.mozilla.org/en-US/docs/Web/HTTP/Status/403",2026-07-27T17:01:10.838297
petitmarocain,bd6t5135136w,,failed,0,0,,http_manifest,known,403,manifest,"Client error '403 ' for url 'https://openapiproext.bnf.fr/iiif/presentation/v3/ark:/12148/bd6t5135136w/manifest.json'
For more information check: https://developer.mozilla.org/en-US/docs/Web/HTTP/Status/403",2026-07-27T17:01:12.031999
petitmarocain,bd6t51351378,,failed,0,0,,http_manifest,known,403,manifest,"Client error '403 ' for url 'https://openapiproext.bnf.fr/iiif/presentation/v3/ark:/12148/bd6t51351378/manifest.json'
For more information check: https://developer.mozilla.org/en-US/docs/Web/HTTP/Status/403",2026-07-27T17:01:13.241632
petitmarocain,bd6t5135138n,,failed,0,0,,http_manifest,known,403,manifest,"Client error '403 ' for url 'https://openapiproext.bnf.fr/iiif/presentation/v3/ark:/12148/bd6t5135138n/manifest.json'
For more information check: https://developer.mozilla.org/en-US/docs/Web/HTTP/Status/403",2026-07-27T17:01:14.440577
petitmarocain,bd6t51351391,,failed,0,0,,http_manifest,known,403,manifest,"Client error '403 ' for url 'https://openapiproext.bnf.fr/iiif/presentation/v3/ark:/12148/bd6t51351391/manifest.json'
For more information check: https://developer.mozilla.org/en-US/docs/Web/HTTP/Status/403",2026-07-27T17:01:15.639129
petitmarocain,bd6t5135140z,,failed,0,0,,http_manifest,known,403,manifest,"Client error '403 ' for url 'https://openapiproext.bnf.fr/iiif/presentation/v3/ark:/12148/bd6t5135140z/manifest.json'
For more information check: https://developer.mozilla.org/en-US/docs/Web/HTTP/Status/403",2026-07-27T17:01:16.839609
petitmarocain,bd6t5135141b,,failed,0,0,,http_manifest,known,403,manifest,"Client error '403 ' for url 'https://openapiproext.bnf.fr/iiif/presentation/v3/ark:/12148/bd6t5135141b/manifest.json'
For more information check: https://developer.mozilla.org/en-US/docs/Web/HTTP/Status/403",2026-07-27T17:01:18.269294
petitmarocain,bd6t5135142q,,failed,0,0,,http_manifest,known,403,manifest,"Client error '403 ' for url 'https://openapiproext.bnf.fr/iiif/presentation/v3/ark:/12148/bd6t5135142q/manifest.json'
For more information check: https://developer.mozilla.org/en-US/docs/Web/HTTP/Status/403",2026-07-27T17:01:19.250333
petitmarocain,bd6t51351433,,failed,0,0,,http_manifest,known,403,manifest,"Client error '403 ' for url 'https://openapiproext.bnf.fr/iiif/presentation/v3/ark:/12148/bd6t51351433/manifest.json'
For more information check: https://developer.mozilla.org/en-US/docs/Web/HTTP/Status/403",2026-07-27T17:01:20.470697
petitmarocain,bd6t5135144g,,failed,0,0,,http_manifest,known,403,manifest,"Client error '403 ' for url 'https://openapiproext.bnf.fr/iiif/presentation/v3/ark:/12148/bd6t5135144g/manifest.json'
For more information check: https://developer.mozilla.org/en-US/docs/Web/HTTP/Status/403",2026-07-27T17:01:21.652031
petitmarocain,bd6t5135145v,,failed,0,0,,http_manifest,known,403,manifest,"Client error '403 ' for url 'https://openapiproext.bnf.fr/iiif/presentation/v3/ark:/12148/bd6t5135145v/manifest.json'
For more information check: https://developer.mozilla.org/en-US/docs/Web/HTTP/Status/403",2026-07-27T17:01:22.856830
petitmarocain,bd6t51351467,,failed,0,0,,http_manifest,known,403,manifest,"Client error '403 ' for url 'https://openapiproext.bnf.fr/iiif/presentation/v3/ark:/12148/bd6t51351467/manifest.json'
For more information check: https://developer.mozilla.org/en-US/docs/Web/HTTP/Status/403",2026-07-27T17:01:24.063775
petitmarocain,bd6t5135147m,,failed,0,0,,http_manifest,known,403,manifest,"Client error '403 ' for url 'https://openapiproext.bnf.fr/iiif/presentation/v3/ark:/12148/bd6t5135147m/manifest.json'
For more information check: https://developer.mozilla.org/en-US/docs/Web/HTTP/Status/403",2026-07-27T17:01:25.259451
petitmarocain,bd6t51351480,,failed,0,0,,http_manifest,known,403,manifest,"Client error '403 ' for url 'https://openapiproext.bnf.fr/iiif/presentation/v3/ark:/12148/bd6t51351480/manifest.json'
For more information check: https://developer.mozilla.org/en-US/docs/Web/HTTP/Status/403",2026-07-27T17:01:26.479500
petitmarocain,bd6t5135149c,,failed,0,0,,http_manifest,known,403,manifest,"Client error '403 ' for url 'https://openapiproext.bnf.fr/iiif/presentation/v3/ark:/12148/bd6t5135149c/manifest.json'
For more information check: https://developer.mozilla.org/en-US/docs/Web/HTTP/Status/403",2026-07-27T17:01:27.661575
petitmarocain,bd6t51351509,,failed,0,0,,http_manifest,known,403,manifest,"Client error '403 ' for url 'https://openapiproext.bnf.fr/iiif/presentation/v3/ark:/12148/bd6t51351509/manifest.json'
For more information check: https://developer.mozilla.org/en-US/docs/Web/HTTP/Status/403",2026-07-27T17:01:28.865510
petitmarocain,bd6t5135151p,,failed,0,0,,http_manifest,known,403,manifest,"Client error '403 ' for url 'https://openapiproext.bnf.fr/iiif/presentation/v3/ark:/12148/bd6t5135151p/manifest.json'
For more information check: https://developer.mozilla.org/en-US/docs/Web/HTTP/Status/403",2026-07-27T17:01:30.254687
petitmarocain,bd6t51351522,,failed,0,0,,http_manifest,known,403,manifest,"Client error '403 ' for url 'https://openapiproext.bnf.fr/iiif/presentation/v3/ark:/12148/bd6t51351522/manifest.json'
For more information check: https://developer.mozilla.org/en-US/docs/Web/HTTP/Status/403",2026-07-27T17:01:31.484826
petitmarocain,bd6t5135153f,,failed,0,0,,http_manifest,known,403,manifest,"Client error '403 ' for url 'https://openapiproext.bnf.fr/iiif/presentation/v3/ark:/12148/bd6t5135153f/manifest.json'
For more information check: https://developer.mozilla.org/en-US/docs/Web/HTTP/Status/403",2026-07-27T17:01:32.478857
petitmarocain,bd6t5135154t,,failed,0,0,,http_manifest,known,403,manifest,"Client error '403 ' for url 'https://openapiproext.bnf.fr/iiif/presentation/v3/ark:/12148/bd6t5135154t/manifest.json'
For more information check: https://developer.mozilla.org/en-US/docs/Web/HTTP/Status/403",2026-07-27T17:01:33.950565
petitmarocain,bd6t51351556,,failed,0,0,,http_manifest,known,403,manifest,"Client error '403 ' for url 'https://openapiproext.bnf.fr/iiif/presentation/v3/ark:/12148/bd6t51351556/manifest.json'
For more information check: https://developer.mozilla.org/en-US/docs/Web/HTTP/Status/403",2026-07-27T17:01:35.061618
petitmarocain,bd6t5135156k,,failed,0,0,,http_manifest,known,403,manifest,"Client error '403 ' for url 'https://openapiproext.bnf.fr/iiif/presentation/v3/ark:/12148/bd6t5135156k/manifest.json'
For more information check: https://developer.mozilla.org/en-US/docs/Web/HTTP/Status/403",2026-07-27T17:01:36.078715
petitmarocain,bd6t5135157z,,failed,0,0,,http_manifest,known,403,manifest,"Client error '403 ' for url 'https://openapiproext.bnf.fr/iiif/presentation/v3/ark:/12148/bd6t5135157z/manifest.json'
For more information check: https://developer.mozilla.org/en-US/docs/Web/HTTP/Status/403",2026-07-27T17:01:37.332428
petitmarocain,bd6t5135158b,,failed,0,0,,http_manifest,known,403,manifest,"Client error '403 ' for url 'https://openapiproext.bnf.fr/iiif/presentation/v3/ark:/12148/bd6t5135158b/manifest.json'
For more information check: https://developer.mozilla.org/en-US/docs/Web/HTTP/Status/403",2026-07-27T17:01:38.681410
petitmarocain,bd6t5135159q,,failed,0,0,,http_manifest,known,403,manifest,"Client error '403 ' for url 'https://openapiproext.bnf.fr/iiif/presentation/v3/ark:/12148/bd6t5135159q/manifest.json'
For more information check: https://developer.mozilla.org/en-US/docs/Web/HTTP/Status/403",2026-07-27T17:01:39.746566
petitmarocain,bd6t5135160n,,failed,0,0,,http_manifest,known,403,manifest,"Client error '403 ' for url 'https://openapiproext.bnf.fr/iiif/presentation/v3/ark:/12148/bd6t5135160n/manifest.json'
For more information check: https://developer.mozilla.org/en-US/docs/Web/HTTP/Status/403",2026-07-27T17:01:40.917737
petitmarocain,bd6t51351611,,failed,0,0,,http_manifest,known,403,manifest,"Client error '403 ' for url 'https://openapiproext.bnf.fr/iiif/presentation/v3/ark:/12148/bd6t51351611/manifest.json'
For more information check: https://developer.mozilla.org/en-US/docs/Web/HTTP/Status/403",2026-07-27T17:01:42.102452
petitmarocain,bd6t5135431x,,failed,0,0,,http_manifest,known,403,manifest,"Client error '403 ' for url 'https://openapiproext.bnf.fr/iiif/presentation/v3/ark:/12148/bd6t5135431x/manifest.json'
For more information check: https://developer.mozilla.org/en-US/docs/Web/HTTP/Status/403",2026-07-27T17:01:43.318827
petitmarocain,bd6t51354329,,failed,0,0,,http_manifest,known,403,manifest,"Client error '403 ' for url 'https://openapiproext.bnf.fr/iiif/presentation/v3/ark:/12148/bd6t51354329/manifest.json'
For more information check: https://developer.mozilla.org/en-US/docs/Web/HTTP/Status/403",2026-07-27T17:01:44.974435
petitmarocain,bd6t5135433p,,failed,0,0,,http_manifest,known,404,manifest,"Client error '404 ' for url 'https://openapiproext.bnf.fr/iiif/presentation/v3/ark:/12148/bd6t5135433p/manifest.json'
For more information check: https://developer.mozilla.org/en-US/docs/Web/HTTP/Status/404",2026-07-27T17:01:46.419823
petitmarocain,bd6t51354342,,failed,0,0,,http_manifest,known,403,manifest,"Client error '403 ' for url 'https://openapiproext.bnf.fr/iiif/presentation/v3/ark:/12148/bd6t51354342/manifest.json'
For more information check: https://developer.mozilla.org/en-US/docs/Web/HTTP/Status/403",2026-07-27T17:01:46.959060
petitmarocain,bd6t5135435f,,failed,0,0,,http_manifest,known,403,manifest,"Client error '403 ' for url 'https://openapiproext.bnf.fr/iiif/presentation/v3/ark:/12148/bd6t5135435f/manifest.json'
For more information check: https://developer.mozilla.org/en-US/docs/Web/HTTP/Status/403",2026-07-27T17:01:48.281464
petitmarocain,bd6t5135436t,,failed,0,0,,http_manifest,known,403,manifest,"Client error '403 ' for url 'https://openapiproext.bnf.fr/iiif/presentation/v3/ark:/12148/bd6t5135436t/manifest.json'
For more information check: https://developer.mozilla.org/en-US/docs/Web/HTTP/Status/403",2026-07-27T17:01:49.402147
petitmarocain,bd6t51354376,,failed,0,0,,http_manifest,known,403,manifest,"Client error '403 ' for url 'https://openapiproext.bnf.fr/iiif/presentation/v3/ark:/12148/bd6t51354376/manifest.json'
For more information check: https://developer.mozilla.org/en-US/docs/Web/HTTP/Status/403",2026-07-27T17:01:50.526546
petitmarocain,bd6t5135438k,,failed,0,0,,http_manifest,known,403,manifest,"Client error '403 ' for url 'https://openapiproext.bnf.fr/iiif/presentation/v3/ark:/12148/bd6t5135438k/manifest.json'
For more information check: https://developer.mozilla.org/en-US/docs/Web/HTTP/Status/403",2026-07-27T17:01:51.698618
petitmarocain,bd6t5135439z,,failed,0,0,,http_manifest,known,403,manifest,"Client error '403 ' for url 'https://openapiproext.bnf.fr/iiif/presentation/v3/ark:/12148/bd6t5135439z/manifest.json'
For more information check: https://developer.mozilla.org/en-US/docs/Web/HTTP/Status/403",2026-07-27T17:01:52.909044
petitmarocain,bd6t5135440w,,failed,0,0,,http_manifest,known,403,manifest,"Client error '403 ' for url 'https://openapiproext.bnf.fr/iiif/presentation/v3/ark:/12148/bd6t5135440w/manifest.json'
For more information check: https://developer.mozilla.org/en-US/docs/Web/HTTP/Status/403",2026-07-27T17:01:54.435537
petitmarocain,bd6t51354418,,failed,0,0,,http_manifest,known,403,manifest,"Client error '403 ' for url 'https://openapiproext.bnf.fr/iiif/presentation/v3/ark:/12148/bd6t51354418/manifest.json'
For more information check: https://developer.mozilla.org/en-US/docs/Web/HTTP/Status/403",2026-07-27T17:01:55.315018
petitmarocain,bd6t5135442n,,failed,0,0,,http_manifest,known,403,manifest,"Client error '403 ' for url 'https://openapiproext.bnf.fr/iiif/presentation/v3/ark:/12148/bd6t5135442n/manifest.json'
For more information check: https://developer.mozilla.org/en-US/docs/Web/HTTP/Status/403",2026-07-27T17:01:56.524631
petitmarocain,bd6t51354431,,failed,0,0,,http_manifest,known,403,manifest,"Client error '403 ' for url 'https://openapiproext.bnf.fr/iiif/presentation/v3/ark:/12148/bd6t51354431/manifest.json'
For more information check: https://developer.mozilla.org/en-US/docs/Web/HTTP/Status/403",2026-07-27T17:01:57.771441
petitmarocain,bd6t5135444d,,failed,0,0,,http_manifest,known,403,manifest,"Client error '403 ' for url 'https://openapiproext.bnf.fr/iiif/presentation/v3/ark:/12148/bd6t5135444d/manifest.json'
For more information check: https://developer.mozilla.org/en-US/docs/Web/HTTP/Status/403",2026-07-27T17:01:58.906409
petitmarocain,bd6t5135445s,,failed,0,0,,http_manifest,known,403,manifest,"Client error '403 ' for url 'https://openapiproext.bnf.fr/iiif/presentation/v3/ark:/12148/bd6t5135445s/manifest.json'
For more information check: https://developer.mozilla.org/en-US/docs/Web/HTTP/Status/403",2026-07-27T17:02:00.109806
petitmarocain,bd6t51354465,,failed,0,0,,http_manifest,known,403,manifest,"Client error '403 ' for url 'https://openapiproext.bnf.fr/iiif/presentation/v3/ark:/12148/bd6t51354465/manifest.json'
For more information check: https://developer.mozilla.org/en-US/docs/Web/HTTP/Status/403",2026-07-27T17:02:01.313923
petitmarocain,bd6t5135447j,,failed,0,0,,http_manifest,known,403,manifest,"Client error '403 ' for url 'https://openapiproext.bnf.fr/iiif/presentation/v3/ark:/12148/bd6t5135447j/manifest.json'
For more information check: https://developer.mozilla.org/en-US/docs/Web/HTTP/Status/403",2026-07-27T17:02:02.516626
petitmarocain,bd6t5135448x,,failed,0,0,,http_manifest,known,403,manifest,"Client error '403 ' for url 'https://openapiproext.bnf.fr/iiif/presentation/v3/ark:/12148/bd6t5135448x/manifest.json'
For more information check: https://developer.mozilla.org/en-US/docs/Web/HTTP/Status/403",2026-07-27T17:02:03.726351
petitmarocain,bd6t51354499,,failed,0,0,,http_manifest,known,403,manifest,"Client error '403 ' for url 'https://openapiproext.bnf.fr/iiif/presentation/v3/ark:/12148/bd6t51354499/manifest.json'
For more information check: https://developer.mozilla.org/en-US/docs/Web/HTTP/Status/403",2026-07-27T17:02:04.923319
petitmarocain,bd6t51354507,,failed,0,0,,http_manifest,known,403,manifest,"Client error '403 ' for url 'https://openapiproext.bnf.fr/iiif/presentation/v3/ark:/12148/bd6t51354507/manifest.json'
For more information check: https://developer.mozilla.org/en-US/docs/Web/HTTP/Status/403",2026-07-27T17:02:06.118778
petitmarocain,bd6t5135451m,,failed,0,0,,http_manifest,known,403,manifest,"Client error '403 ' for url 'https://openapiproext.bnf.fr/iiif/presentation/v3/ark:/12148/bd6t5135451m/manifest.json'
For more information check: https://developer.mozilla.org/en-US/docs/Web/HTTP/Status/403",2026-07-27T17:02:07.317086
petitmarocain,bd6t51354520,,failed,0,0,,http_manifest,known,403,manifest,"Client error '403 ' for url 'https://openapiproext.bnf.fr/iiif/presentation/v3/ark:/12148/bd6t51354520/manifest.json'
For more information check: https://developer.mozilla.org/en-US/docs/Web/HTTP/Status/403",2026-07-27T17:02:08.538547
petitmarocain,bd6t5135453c,,failed,0,0,,http_manifest,known,403,manifest,"Client error '403 ' for url 'https://openapiproext.bnf.fr/iiif/presentation/v3/ark:/12148/bd6t5135453c/manifest.json'
For more information check: https://developer.mozilla.org/en-US/docs/Web/HTTP/Status/403",2026-07-27T17:02:09.727503
petitmarocain,bd6t5135454r,,failed,0,0,,http_manifest,known,403,manifest,"Client error '403 ' for url 'https://openapiproext.bnf.fr/iiif/presentation/v3/ark:/12148/bd6t5135454r/manifest.json'
For more information check: https://developer.mozilla.org/en-US/docs/Web/HTTP/Status/403",2026-07-27T17:02:10.929131
petitmarocain,bd6t51354554,,failed,0,0,,http_manifest,known,403,manifest,"Client error '403 ' for url 'https://openapiproext.bnf.fr/iiif/presentation/v3/ark:/12148/bd6t51354554/manifest.json'
For more information check: https://developer.mozilla.org/en-US/docs/Web/HTTP/Status/403",2026-07-27T17:02:12.132932
petitmarocain,bd6t5135456h,,failed,0,0,,http_manifest,known,403,manifest,"Client error '403 ' for url 'https://openapiproext.bnf.fr/iiif/presentation/v3/ark:/12148/bd6t5135456h/manifest.json'
For more information check: https://developer.mozilla.org/en-US/docs/Web/HTTP/Status/403",2026-07-27T17:02:13.329426
petitmarocain,bd6t5135457w,,failed,0,0,,http_manifest,known,403,manifest,"Client error '403 ' for url 'https://openapiproext.bnf.fr/iiif/presentation/v3/ark:/12148/bd6t5135457w/manifest.json'
For more information check: https://developer.mozilla.org/en-US/docs/Web/HTTP/Status/403",2026-07-27T17:02:14.528789
petitmarocain,bd6t51354588,,failed,0,0,,http_manifest,known,403,manifest,"Client error '403 ' for url 'https://openapiproext.bnf.fr/iiif/presentation/v3/ark:/12148/bd6t51354588/manifest.json'
For more information check: https://developer.mozilla.org/en-US/docs/Web/HTTP/Status/403",2026-07-27T17:02:15.731140
petitmarocain,bd6t5135459n,,failed,0,0,,http_manifest,known,403,manifest,"Client error '403 ' for url 'https://openapiproext.bnf.fr/iiif/presentation/v3/ark:/12148/bd6t5135459n/manifest.json'
For more information check: https://developer.mozilla.org/en-US/docs/Web/HTTP/Status/403",2026-07-27T17:02:16.945446
petitmarocain,bd6t5135460k,,failed,0,0,,http_manifest,known,403,manifest,"Client error '403 ' for url 'https://openapiproext.bnf.fr/iiif/presentation/v3/ark:/12148/bd6t5135460k/manifest.json'
For more information check: https://developer.mozilla.org/en-US/docs/Web/HTTP/Status/403",2026-07-27T17:02:18.130996
petitmarocain,bd6t5135461z,,failed,0,0,,http_manifest,known,403,manifest,"Client error '403 ' for url 'https://openapiproext.bnf.fr/iiif/presentation/v3/ark:/12148/bd6t5135461z/manifest.json'
For more information check: https://developer.mozilla.org/en-US/docs/Web/HTTP/Status/403",2026-07-27T17:02:19.334582
petitmarocain,bd6t5135462b,,failed,0,0,,http_manifest,known,403,manifest,"Client error '403 ' for url 'https://openapiproext.bnf.fr/iiif/presentation/v3/ark:/12148/bd6t5135462b/manifest.json'
For more information check: https://developer.mozilla.org/en-US/docs/Web/HTTP/Status/403",2026-07-27T17:02:20.561040
petitmarocain,bd6t5135463q,,failed,0,0,,http_manifest,known,403,manifest,"Client error '403 ' for url 'https://openapiproext.bnf.fr/iiif/presentation/v3/ark:/12148/bd6t5135463q/manifest.json'
For more information check: https://developer.mozilla.org/en-US/docs/Web/HTTP/Status/403",2026-07-27T17:02:21.739573
petitmarocain,bd6t51354643,,failed,0,0,,http_manifest,known,403,manifest,"Client error '403 ' for url 'https://openapiproext.bnf.fr/iiif/presentation/v3/ark:/12148/bd6t51354643/manifest.json'
For more information check: https://developer.mozilla.org/en-US/docs/Web/HTTP/Status/403",2026-07-27T17:02:22.947440
petitmarocain,bd6t5135465g,,failed,0,0,,http_manifest,known,403,manifest,"Client error '403 ' for url 'https://openapiproext.bnf.fr/iiif/presentation/v3/ark:/12148/bd6t5135465g/manifest.json'
For more information check: https://developer.mozilla.org/en-US/docs/Web/HTTP/Status/403",2026-07-27T17:02:24.148823
petitmarocain,bd6t5135466v,,failed,0,0,,http_manifest,known,403,manifest,"Client error '403 ' for url 'https://openapiproext.bnf.fr/iiif/presentation/v3/ark:/12148/bd6t5135466v/manifest.json'
For more information check: https://developer.mozilla.org/en-US/docs/Web/HTTP/Status/403",2026-07-27T17:02:25.354081
petitmarocain,bd6t51354677,,failed,0,0,,http_manifest,known,403,manifest,"Client error '403 ' for url 'https://openapiproext.bnf.fr/iiif/presentation/v3/ark:/12148/bd6t51354677/manifest.json'
For more information check: https://developer.mozilla.org/en-US/docs/Web/HTTP/Status/403",2026-07-27T17:02:26.564709
petitmarocain,bd6t5135468m,,failed,0,0,,http_manifest,known,403,manifest,"Client error '403 ' for url 'https://openapiproext.bnf.fr/iiif/presentation/v3/ark:/12148/bd6t5135468m/manifest.json'
For more information check: https://developer.mozilla.org/en-US/docs/Web/HTTP/Status/403",2026-07-27T17:02:27.748718
petitmarocain,bd6t51354690,,failed,0,0,,http_manifest,known,403,manifest,"Client error '403 ' for url 'https://openapiproext.bnf.fr/iiif/presentation/v3/ark:/12148/bd6t51354690/manifest.json'
For more information check: https://developer.mozilla.org/en-US/docs/Web/HTTP/Status/403",2026-07-27T17:02:28.958552
petitmarocain,bd6t5135470x,,failed,0,0,,http_manifest,known,403,manifest,"Client error '403 ' for url 'https://openapiproext.bnf.fr/iiif/presentation/v3/ark:/12148/bd6t5135470x/manifest.json'
For more information check: https://developer.mozilla.org/en-US/docs/Web/HTTP/Status/403",2026-07-27T17:02:30.214854
petitmarocain,bd6t51354719,,failed,0,0,,http_manifest,known,403,manifest,"Client error '403 ' for url 'https://openapiproext.bnf.fr/iiif/presentation/v3/ark:/12148/bd6t51354719/manifest.json'
For more information check: https://developer.mozilla.org/en-US/docs/Web/HTTP/Status/403",2026-07-27T17:02:31.604316
petitmarocain,bd6t5135472p,,failed,0,0,,http_manifest,known,403,manifest,"Client error '403 ' for url 'https://openapiproext.bnf.fr/iiif/presentation/v3/ark:/12148/bd6t5135472p/manifest.json'
For more information check: https://developer.mozilla.org/en-US/docs/Web/HTTP/Status/403",2026-07-27T17:02:32.613427
petitmarocain,bd6t51354732,,failed,0,0,,http_manifest,known,403,manifest,"Client error '403 ' for url 'https://openapiproext.bnf.fr/iiif/presentation/v3/ark:/12148/bd6t51354732/manifest.json'
For more information check: https://developer.mozilla.org/en-US/docs/Web/HTTP/Status/403",2026-07-27T17:02:34.116592
petitmarocain,bd6t5135474f,,failed,0,0,,http_manifest,known,403,manifest,"Client error '403 ' for url 'https://openapiproext.bnf.fr/iiif/presentation/v3/ark:/12148/bd6t5135474f/manifest.json'
For more information check: https://developer.mozilla.org/en-US/docs/Web/HTTP/Status/403",2026-07-27T17:02:35.000640
petitmarocain,bd6t5135475t,,failed,0,0,,http_manifest,known,403,manifest,"Client error '403 ' for url 'https://openapiproext.bnf.fr/iiif/presentation/v3/ark:/12148/bd6t5135475t/manifest.json'
For more information check: https://developer.mozilla.org/en-US/docs/Web/HTTP/Status/403",2026-07-27T17:02:36.184366
petitmarocain,bd6t51354766,,failed,0,0,,http_manifest,known,403,manifest,"Client error '403 ' for url 'https://openapiproext.bnf.fr/iiif/presentation/v3/ark:/12148/bd6t51354766/manifest.json'
For more information check: https://developer.mozilla.org/en-US/docs/Web/HTTP/Status/403",2026-07-27T17:02:37.412092
petitmarocain,bd6t5135477k,,failed,0,0,,http_manifest,known,403,manifest,"Client error '403 ' for url 'https://openapiproext.bnf.fr/iiif/presentation/v3/ark:/12148/bd6t5135477k/manifest.json'
For more information check: https://developer.mozilla.org/en-US/docs/Web/HTTP/Status/403",2026-07-27T17:02:38.589681
petitmarocain,bd6t5135478z,,failed,0,0,,http_manifest,known,403,manifest,"Client error '403 ' for url 'https://openapiproext.bnf.fr/iiif/presentation/v3/ark:/12148/bd6t5135478z/manifest.json'
For more information check: https://developer.mozilla.org/en-US/docs/Web/HTTP/Status/403",2026-07-27T17:02:39.797488
petitmarocain,bd6t5135479b,,failed,0,0,,http_manifest,known,403,manifest,"Client error '403 ' for url 'https://openapiproext.bnf.fr/iiif/presentation/v3/ark:/12148/bd6t5135479b/manifest.json'
For more information check: https://developer.mozilla.org/en-US/docs/Web/HTTP/Status/403",2026-07-27T17:02:40.982250
petitmarocain,bd6t51354808,,failed,0,0,,http_manifest,known,403,manifest,"Client error '403 ' for url 'https://openapiproext.bnf.fr/iiif/presentation/v3/ark:/12148/bd6t51354808/manifest.json'
For more information check: https://developer.mozilla.org/en-US/docs/Web/HTTP/Status/403",2026-07-27T17:02:42.172705
petitmarocain,bd6t5135481n,,failed,0,0,,http_manifest,known,403,manifest,"Client error '403 ' for url 'https://openapiproext.bnf.fr/iiif/presentation/v3/ark:/12148/bd6t5135481n/manifest.json'
For more information check: https://developer.mozilla.org/en-US/docs/Web/HTTP/Status/403",2026-07-27T17:02:43.381282
petitmarocain,bd6t51354821,,failed,0,0,,http_manifest,known,403,manifest,"Client error '403 ' for url 'https://openapiproext.bnf.fr/iiif/presentation/v3/ark:/12148/bd6t51354821/manifest.json'
For more information check: https://developer.mozilla.org/en-US/docs/Web/HTTP/Status/403",2026-07-27T17:02:44.575718
petitmarocain,bd6t5135483d,,failed,0,0,,http_manifest,known,403,manifest,"Client error '403 ' for url 'https://openapiproext.bnf.fr/iiif/presentation/v3/ark:/12148/bd6t5135483d/manifest.json'
For more information check: https://developer.mozilla.org/en-US/docs/Web/HTTP/Status/403",2026-07-27T17:02:45.787668
petitmarocain,bd6t5135484s,,failed,0,0,,http_manifest,known,403,manifest,"Client error '403 ' for url 'https://openapiproext.bnf.fr/iiif/presentation/v3/ark:/12148/bd6t5135484s/manifest.json'
For more information check: https://developer.mozilla.org/en-US/docs/Web/HTTP/Status/403",2026-07-27T17:02:47.198849
petitmarocain,bd6t51354855,,failed,0,0,,http_manifest,known,403,manifest,"Client error '403 ' for url 'https://openapiproext.bnf.fr/iiif/presentation/v3/ark:/12148/bd6t51354855/manifest.json'
For more information check: https://developer.mozilla.org/en-US/docs/Web/HTTP/Status/403",2026-07-27T17:02:48.436770
petitmarocain,bd6t5135486j,,failed,0,0,,http_manifest,known,403,manifest,"Client error '403 ' for url 'https://openapiproext.bnf.fr/iiif/presentation/v3/ark:/12148/bd6t5135486j/manifest.json'
For more information check: https://developer.mozilla.org/en-US/docs/Web/HTTP/Status/403",2026-07-27T17:02:49.430950
petitmarocain,bd6t5135487x,,failed,0,0,,http_manifest,known,403,manifest,"Client error '403 ' for url 'https://openapiproext.bnf.fr/iiif/presentation/v3/ark:/12148/bd6t5135487x/manifest.json'
For more information check: https://developer.mozilla.org/en-US/docs/Web/HTTP/Status/403",2026-07-27T17:02:50.592259
petitmarocain,bd6t51354889,,failed,0,0,,http_manifest,known,403,manifest,"Client error '403 ' for url 'https://openapiproext.bnf.fr/iiif/presentation/v3/ark:/12148/bd6t51354889/manifest.json'
For more information check: https://developer.mozilla.org/en-US/docs/Web/HTTP/Status/403",2026-07-27T17:02:51.812247
petitmarocain,bd6t5135489p,,failed,0,0,,http_manifest,known,403,manifest,"Client error '403 ' for url 'https://openapiproext.bnf.fr/iiif/presentation/v3/ark:/12148/bd6t5135489p/manifest.json'
For more information check: https://developer.mozilla.org/en-US/docs/Web/HTTP/Status/403",2026-07-27T17:02:53.130096
petitmarocain,bd6t5135490m,,failed,0,0,,http_manifest,known,403,manifest,"Client error '403 ' for url 'https://openapiproext.bnf.fr/iiif/presentation/v3/ark:/12148/bd6t5135490m/manifest.json'
For more information check: https://developer.mozilla.org/en-US/docs/Web/HTTP/Status/403",2026-07-27T17:02:54.463246
petitmarocain,bd6t51354910,,failed,0,0,,http_manifest,known,403,manifest,"Client error '403 ' for url 'https://openapiproext.bnf.fr/iiif/presentation/v3/ark:/12148/bd6t51354910/manifest.json'
For more information check: https://developer.mozilla.org/en-US/docs/Web/HTTP/Status/403",2026-07-27T17:02:55.603202
petitmarocain,bd6t5135492c,,failed,0,0,,http_manifest,known,403,manifest,"Client error '403 ' for url 'https://openapiproext.bnf.fr/iiif/presentation/v3/ark:/12148/bd6t5135492c/manifest.json'
For more information check: https://developer.mozilla.org/en-US/docs/Web/HTTP/Status/403",2026-07-27T17:02:56.874508
petitmarocain,bd6t5135493r,,failed,0,0,,http_manifest,known,403,manifest,"Client error '403 ' for url 'https://openapiproext.bnf.fr/iiif/presentation/v3/ark:/12148/bd6t5135493r/manifest.json'
For more information check: https://developer.mozilla.org/en-US/docs/Web/HTTP/Status/403",2026-07-27T17:02:57.811054
petitmarocain,bd6t51354944,,failed,0,0,,http_manifest,known,403,manifest,"Client error '403 ' for url 'https://openapiproext.bnf.fr/iiif/presentation/v3/ark:/12148/bd6t51354944/manifest.json'
For more information check: https://developer.mozilla.org/en-US/docs/Web/HTTP/Status/403",2026-07-27T17:02:59.011066
petitmarocain,bd6t5135495h,,failed,0,0,,http_manifest,known,403,manifest,"Client error '403 ' for url 'https://openapiproext.bnf.fr/iiif/presentation/v3/ark:/12148/bd6t5135495h/manifest.json'
For more information check: https://developer.mozilla.org/en-US/docs/Web/HTTP/Status/403",2026-07-27T17:03:00.218390
petitmarocain,bd6t5135496w,,failed,0,0,,http_manifest,known,403,manifest,"Client error '403 ' for url 'https://openapiproext.bnf.fr/iiif/presentation/v3/ark:/12148/bd6t5135496w/manifest.json'
For more information check: https://developer.mozilla.org/en-US/docs/Web/HTTP/Status/403",2026-07-27T17:03:01.408557
petitmarocain,bd6t51354978,,failed,0,0,,http_manifest,known,403,manifest,"Client error '403 ' for url 'https://openapiproext.bnf.fr/iiif/presentation/v3/ark:/12148/bd6t51354978/manifest.json'
For more information check: https://developer.mozilla.org/en-US/docs/Web/HTTP/Status/403",2026-07-27T17:03:02.611254
petitmarocain,bd6t5135498n,,failed,0,0,,http_manifest,known,403,manifest,"Client error '403 ' for url 'https://openapiproext.bnf.fr/iiif/presentation/v3/ark:/12148/bd6t5135498n/manifest.json'
For more information check: https://developer.mozilla.org/en-US/docs/Web/HTTP/Status/403",2026-07-27T17:03:03.807180
petitmarocain,bd6t51354991,,failed,0,0,,http_manifest,known,403,manifest,"Client error '403 ' for url 'https://openapiproext.bnf.fr/iiif/presentation/v3/ark:/12148/bd6t51354991/manifest.json'
For more information check: https://developer.mozilla.org/en-US/docs/Web/HTTP/Status/403",2026-07-27T17:03:05.017509
petitmarocain,bd6t5135500t,,failed,0,0,,http_manifest,known,403,manifest,"Client error '403 ' for url 'https://openapiproext.bnf.fr/iiif/presentation/v3/ark:/12148/bd6t5135500t/manifest.json'
For more information check: https://developer.mozilla.org/en-US/docs/Web/HTTP/Status/403",2026-07-27T17:03:06.237905
petitmarocain,bd6t51355016,,failed,0,0,,http_manifest,known,403,manifest,"Client error '403 ' for url 'https://openapiproext.bnf.fr/iiif/presentation/v3/ark:/12148/bd6t51355016/manifest.json'
For more information check: https://developer.mozilla.org/en-US/docs/Web/HTTP/Status/403",2026-07-27T17:03:07.421136
petitmarocain,bd6t5135502k,,failed,0,0,,http_manifest,known,403,manifest,"Client error '403 ' for url 'https://openapiproext.bnf.fr/iiif/presentation/v3/ark:/12148/bd6t5135502k/manifest.json'
For more information check: https://developer.mozilla.org/en-US/docs/Web/HTTP/Status/403",2026-07-27T17:03:08.614265
petitmarocain,bd6t5135503z,,failed,0,0,,http_manifest,known,403,manifest,"Client error '403 ' for url 'https://openapiproext.bnf.fr/iiif/presentation/v3/ark:/12148/bd6t5135503z/manifest.json'
For more information check: https://developer.mozilla.org/en-US/docs/Web/HTTP/Status/403",2026-07-27T17:03:09.827718
petitmarocain,bd6t5135504b,,failed,0,0,,http_manifest,known,403,manifest,"Client error '403 ' for url 'https://openapiproext.bnf.fr/iiif/presentation/v3/ark:/12148/bd6t5135504b/manifest.json'
For more information check: https://developer.mozilla.org/en-US/docs/Web/HTTP/Status/403",2026-07-27T17:03:11.017825
petitmarocain,bd6t5135505q,,failed,0,0,,http_manifest,known,403,manifest,"Client error '403 ' for url 'https://openapiproext.bnf.fr/iiif/presentation/v3/ark:/12148/bd6t5135505q/manifest.json'
For more information check: https://developer.mozilla.org/en-US/docs/Web/HTTP/Status/403",2026-07-27T17:03:12.221019
petitmarocain,bd6t51355063,,failed,0,0,,http_manifest,known,403,manifest,"Client error '403 ' for url 'https://openapiproext.bnf.fr/iiif/presentation/v3/ark:/12148/bd6t51355063/manifest.json'
For more information check: https://developer.mozilla.org/en-US/docs/Web/HTTP/Status/403",2026-07-27T17:03:13.431922
petitmarocain,bd6t5135507g,,failed,0,0,,http_manifest,known,403,manifest,"Client error '403 ' for url 'https://openapiproext.bnf.fr/iiif/presentation/v3/ark:/12148/bd6t5135507g/manifest.json'
For more information check: https://developer.mozilla.org/en-US/docs/Web/HTTP/Status/403",2026-07-27T17:03:14.657272
petitmarocain,bd6t5135508v,,failed,0,0,,http_manifest,known,403,manifest,"Client error '403 ' for url 'https://openapiproext.bnf.fr/iiif/presentation/v3/ark:/12148/bd6t5135508v/manifest.json'
For more information check: https://developer.mozilla.org/en-US/docs/Web/HTTP/Status/403",2026-07-27T17:03:15.848155
petitmarocain,bd6t51355097,,failed,0,0,,http_manifest,known,403,manifest,"Client error '403 ' for url 'https://openapiproext.bnf.fr/iiif/presentation/v3/ark:/12148/bd6t51355097/manifest.json'
For more information check: https://developer.mozilla.org/en-US/docs/Web/HTTP/Status/403",2026-07-27T17:03:17.024254
petitmarocain,bd6t51355105,,failed,0,0,,http_manifest,known,403,manifest,"Client error '403 ' for url 'https://openapiproext.bnf.fr/iiif/presentation/v3/ark:/12148/bd6t51355105/manifest.json'
For more information check: https://developer.mozilla.org/en-US/docs/Web/HTTP/Status/403",2026-07-27T17:03:18.251370
petitmarocain,bd6t5135511j,,failed,0,0,,http_manifest,known,403,manifest,"Client error '403 ' for url 'https://openapiproext.bnf.fr/iiif/presentation/v3/ark:/12148/bd6t5135511j/manifest.json'
For more information check: https://developer.mozilla.org/en-US/docs/Web/HTTP/Status/403",2026-07-27T17:03:19.453561
petitmarocain,bd6t5135512x,,failed,0,0,,http_manifest,known,403,manifest,"Client error '403 ' for url 'https://openapiproext.bnf.fr/iiif/presentation/v3/ark:/12148/bd6t5135512x/manifest.json'
For more information check: https://developer.mozilla.org/en-US/docs/Web/HTTP/Status/403",2026-07-27T17:03:20.642740
petitmarocain,bd6t51355139,,failed,0,0,,http_manifest,known,403,manifest,"Client error '403 ' for url 'https://openapiproext.bnf.fr/iiif/presentation/v3/ark:/12148/bd6t51355139/manifest.json'
For more information check: https://developer.mozilla.org/en-US/docs/Web/HTTP/Status/403",2026-07-27T17:03:21.842497
petitmarocain,bd6t5135514p,,failed,0,0,,http_manifest,known,403,manifest,"Client error '403 ' for url 'https://openapiproext.bnf.fr/iiif/presentation/v3/ark:/12148/bd6t5135514p/manifest.json'
For more information check: https://developer.mozilla.org/en-US/docs/Web/HTTP/Status/403",2026-07-27T17:03:23.042260
petitmarocain,bd6t51355152,,failed,0,0,,http_manifest,known,403,manifest,"Client error '403 ' for url 'https://openapiproext.bnf.fr/iiif/presentation/v3/ark:/12148/bd6t51355152/manifest.json'
For more information check: https://developer.mozilla.org/en-US/docs/Web/HTTP/Status/403",2026-07-27T17:03:24.257681
petitmarocain,bd6t5135516f,,failed,0,0,,http_manifest,known,403,manifest,"Client error '403 ' for url 'https://openapiproext.bnf.fr/iiif/presentation/v3/ark:/12148/bd6t5135516f/manifest.json'
For more information check: https://developer.mozilla.org/en-US/docs/Web/HTTP/Status/403",2026-07-27T17:03:25.509060
petitmarocain,bd6t5135517t,,failed,0,0,,http_manifest,known,403,manifest,"Client error '403 ' for url 'https://openapiproext.bnf.fr/iiif/presentation/v3/ark:/12148/bd6t5135517t/manifest.json'
For more information check: https://developer.mozilla.org/en-US/docs/Web/HTTP/Status/403",2026-07-27T17:03:26.662847
petitmarocain,bd6t51355186,,failed,0,0,,http_manifest,known,403,manifest,"Client error '403 ' for url 'https://openapiproext.bnf.fr/iiif/presentation/v3/ark:/12148/bd6t51355186/manifest.json'
For more information check: https://developer.mozilla.org/en-US/docs/Web/HTTP/Status/403",2026-07-27T17:03:27.868930
petitmarocain,bd6t5135519k,,failed,0,0,,http_manifest,known,403,manifest,"Client error '403 ' for url 'https://openapiproext.bnf.fr/iiif/presentation/v3/ark:/12148/bd6t5135519k/manifest.json'
For more information check: https://developer.mozilla.org/en-US/docs/Web/HTTP/Status/403",2026-07-27T17:03:29.092507
petitmarocain,bd6t5135520h,,failed,0,0,,http_manifest,known,403,manifest,"Client error '403 ' for url 'https://openapiproext.bnf.fr/iiif/presentation/v3/ark:/12148/bd6t5135520h/manifest.json'
For more information check: https://developer.mozilla.org/en-US/docs/Web/HTTP/Status/403",2026-07-27T17:03:30.574051
petitmarocain,bd6t5138424j,,failed,0,0,,http_manifest,known,403,manifest,"Client error '403 ' for url 'https://openapiproext.bnf.fr/iiif/presentation/v3/ark:/12148/bd6t5138424j/manifest.json'
For more information check: https://developer.mozilla.org/en-US/docs/Web/HTTP/Status/403",2026-07-27T17:03:31.684986
petitmarocain,bd6t5138425x,,failed,0,0,,http_manifest,known,403,manifest,"Client error '403 ' for url 'https://openapiproext.bnf.fr/iiif/presentation/v3/ark:/12148/bd6t5138425x/manifest.json'
For more information check: https://developer.mozilla.org/en-US/docs/Web/HTTP/Status/403",2026-07-27T17:03:32.798904
petitmarocain,bd6t51384269,,failed,0,0,,http_manifest,known,403,manifest,"Client error '403 ' for url 'https://openapiproext.bnf.fr/iiif/presentation/v3/ark:/12148/bd6t51384269/manifest.json'
For more information check: https://developer.mozilla.org/en-US/docs/Web/HTTP/Status/403",2026-07-27T17:03:33.921516
petitmarocain,bd6t5138427p,,failed,0,0,,http_manifest,known,403,manifest,"Client error '403 ' for url 'https://openapiproext.bnf.fr/iiif/presentation/v3/ark:/12148/bd6t5138427p/manifest.json'
For more information check: https://developer.mozilla.org/en-US/docs/Web/HTTP/Status/403",2026-07-27T17:03:35.092678
petitmarocain,bd6t51384282,,failed,0,0,,http_manifest,known,403,manifest,"Client error '403 ' for url 'https://openapiproext.bnf.fr/iiif/presentation/v3/ark:/12148/bd6t51384282/manifest.json'
For more information check: https://developer.mozilla.org/en-US/docs/Web/HTTP/Status/403",2026-07-27T17:03:36.579757
petitmarocain,bd6t5138429f,,failed,0,0,,http_manifest,known,403,manifest,"Client error '403 ' for url 'https://openapiproext.bnf.fr/iiif/presentation/v3/ark:/12148/bd6t5138429f/manifest.json'
For more information check: https://developer.mozilla.org/en-US/docs/Web/HTTP/Status/403",2026-07-27T17:03:37.960357
petitmarocain,bd6t5138430c,,failed,0,0,,http_manifest,known,403,manifest,"Client error '403 ' for url 'https://openapiproext.bnf.fr/iiif/presentation/v3/ark:/12148/bd6t5138430c/manifest.json'
For more information check: https://developer.mozilla.org/en-US/docs/Web/HTTP/Status/403",2026-07-27T17:03:38.930726
petitmarocain,bd6t5138431r,,failed,0,0,,http_manifest,known,403,manifest,"Client error '403 ' for url 'https://openapiproext.bnf.fr/iiif/presentation/v3/ark:/12148/bd6t5138431r/manifest.json'
For more information check: https://developer.mozilla.org/en-US/docs/Web/HTTP/Status/403",2026-07-27T17:03:40.138386
petitmarocain,bd6t51384324,,failed,0,0,,http_manifest,known,403,manifest,"Client error '403 ' for url 'https://openapiproext.bnf.fr/iiif/presentation/v3/ark:/12148/bd6t51384324/manifest.json'
For more information check: https://developer.mozilla.org/en-US/docs/Web/HTTP/Status/403",2026-07-27T17:03:41.097649
petitmarocain,bd6t5138433h,,failed,0,0,,http_manifest,known,403,manifest,"Client error '403 ' for url 'https://openapiproext.bnf.fr/iiif/presentation/v3/ark:/12148/bd6t5138433h/manifest.json'
For more information check: https://developer.mozilla.org/en-US/docs/Web/HTTP/Status/403",2026-07-27T17:03:42.304281
petitmarocain,bd6t5138434w,,failed,0,0,,http_manifest,known,403,manifest,"Client error '403 ' for url 'https://openapiproext.bnf.fr/iiif/presentation/v3/ark:/12148/bd6t5138434w/manifest.json'
For more information check: https://developer.mozilla.org/en-US/docs/Web/HTTP/Status/403",2026-07-27T17:03:43.492731
petitmarocain,bd6t51384358,,failed,0,0,,http_manifest,known,403,manifest,"Client error '403 ' for url 'https://openapiproext.bnf.fr/iiif/presentation/v3/ark:/12148/bd6t51384358/manifest.json'
For more information check: https://developer.mozilla.org/en-US/docs/Web/HTTP/Status/403",2026-07-27T17:03:44.726012
petitmarocain,bd6t5138436n,,failed,0,0,,http_manifest,known,403,manifest,"Client error '403 ' for url 'https://openapiproext.bnf.fr/iiif/presentation/v3/ark:/12148/bd6t5138436n/manifest.json'
For more information check: https://developer.mozilla.org/en-US/docs/Web/HTTP/Status/403",2026-07-27T17:03:45.898319
petitmarocain,bd6t51384371,,failed,0,0,,http_manifest,known,403,manifest,"Client error '403 ' for url 'https://openapiproext.bnf.fr/iiif/presentation/v3/ark:/12148/bd6t51384371/manifest.json'
For more information check: https://developer.mozilla.org/en-US/docs/Web/HTTP/Status/403",2026-07-27T17:03:47.093673
petitmarocain,bd6t5138438d,,failed,0,0,,http_manifest,known,403,manifest,"Client error '403 ' for url 'https://openapiproext.bnf.fr/iiif/presentation/v3/ark:/12148/bd6t5138438d/manifest.json'
For more information check: https://developer.mozilla.org/en-US/docs/Web/HTTP/Status/403",2026-07-27T17:03:48.305914
petitmarocain,bd6t5138439s,,failed,0,0,,http_manifest,known,403,manifest,"Client error '403 ' for url 'https://openapiproext.bnf.fr/iiif/presentation/v3/ark:/12148/bd6t5138439s/manifest.json'
For more information check: https://developer.mozilla.org/en-US/docs/Web/HTTP/Status/403",2026-07-27T17:03:49.506864
petitmarocain,bd6t5138440q,,failed,0,0,,http_manifest,known,403,manifest,"Client error '403 ' for url 'https://openapiproext.bnf.fr/iiif/presentation/v3/ark:/12148/bd6t5138440q/manifest.json'
For more information check: https://developer.mozilla.org/en-US/docs/Web/HTTP/Status/403",2026-07-27T17:03:50.713207
petitmarocain,bd6t51384413,,failed,0,0,,http_manifest,known,403,manifest,"Client error '403 ' for url 'https://openapiproext.bnf.fr/iiif/presentation/v3/ark:/12148/bd6t51384413/manifest.json'
For more information check: https://developer.mozilla.org/en-US/docs/Web/HTTP/Status/403",2026-07-27T17:03:51.939342
petitmarocain,bd6t5138442g,,failed,0,0,,http_manifest,known,403,manifest,"Client error '403 ' for url 'https://openapiproext.bnf.fr/iiif/presentation/v3/ark:/12148/bd6t5138442g/manifest.json'
For more information check: https://developer.mozilla.org/en-US/docs/Web/HTTP/Status/403",2026-07-27T17:03:53.110319
petitmarocain,bd6t5138443v,,failed,0,0,,http_manifest,known,403,manifest,"Client error '403 ' for url 'https://openapiproext.bnf.fr/iiif/presentation/v3/ark:/12148/bd6t5138443v/manifest.json'
For more information check: https://developer.mozilla.org/en-US/docs/Web/HTTP/Status/403",2026-07-27T17:03:54.302315
petitmarocain,bd6t51384447,,failed,0,0,,http_manifest,known,403,manifest,"Client error '403 ' for url 'https://openapiproext.bnf.fr/iiif/presentation/v3/ark:/12148/bd6t51384447/manifest.json'
For more information check: https://developer.mozilla.org/en-US/docs/Web/HTTP/Status/403",2026-07-27T17:03:55.511666
petitmarocain,bd6t5138445m,,failed,0,0,,http_manifest,known,403,manifest,"Client error '403 ' for url 'https://openapiproext.bnf.fr/iiif/presentation/v3/ark:/12148/bd6t5138445m/manifest.json'
For more information check: https://developer.mozilla.org/en-US/docs/Web/HTTP/Status/403",2026-07-27T17:03:56.711383
petitmarocain,bd6t51384460,,failed,0,0,,http_manifest,known,403,manifest,"Client error '403 ' for url 'https://openapiproext.bnf.fr/iiif/presentation/v3/ark:/12148/bd6t51384460/manifest.json'
For more information check: https://developer.mozilla.org/en-US/docs/Web/HTTP/Status/403",2026-07-27T17:03:57.915949
petitmarocain,bd6t5138447c,,failed,0,0,,http_manifest,known,403,manifest,"Client error '403 ' for url 'https://openapiproext.bnf.fr/iiif/presentation/v3/ark:/12148/bd6t5138447c/manifest.json'
For more information check: https://developer.mozilla.org/en-US/docs/Web/HTTP/Status/403",2026-07-27T17:03:59.110720
petitmarocain,bd6t5138448r,,failed,0,0,,http_manifest,known,403,manifest,"Client error '403 ' for url 'https://openapiproext.bnf.fr/iiif/presentation/v3/ark:/12148/bd6t5138448r/manifest.json'
For more information check: https://developer.mozilla.org/en-US/docs/Web/HTTP/Status/403",2026-07-27T17:04:00.313640
petitmarocain,bd6t51384494,,failed,0,0,,http_manifest,known,403,manifest,"Client error '403 ' for url 'https://openapiproext.bnf.fr/iiif/presentation/v3/ark:/12148/bd6t51384494/manifest.json'
For more information check: https://developer.mozilla.org/en-US/docs/Web/HTTP/Status/403",2026-07-27T17:04:01.516409
petitmarocain,bd6t51384502,,failed,0,0,,http_manifest,known,403,manifest,"Client error '403 ' for url 'https://openapiproext.bnf.fr/iiif/presentation/v3/ark:/12148/bd6t51384502/manifest.json'
For more information check: https://developer.mozilla.org/en-US/docs/Web/HTTP/Status/403",2026-07-27T17:04:02.730374
petitmarocain,bd6t5138451f,,failed,0,0,,http_manifest,known,403,manifest,"Client error '403 ' for url 'https://openapiproext.bnf.fr/iiif/presentation/v3/ark:/12148/bd6t5138451f/manifest.json'
For more information check: https://developer.mozilla.org/en-US/docs/Web/HTTP/Status/403",2026-07-27T17:04:03.948866
petitmarocain,bd6t5138452t,,failed,0,0,,http_manifest,known,403,manifest,"Client error '403 ' for url 'https://openapiproext.bnf.fr/iiif/presentation/v3/ark:/12148/bd6t5138452t/manifest.json'
For more information check: https://developer.mozilla.org/en-US/docs/Web/HTTP/Status/403",2026-07-27T17:04:05.125606
petitmarocain,bd6t51384536,,failed,0,0,,http_manifest,known,403,manifest,"Client error '403 ' for url 'https://openapiproext.bnf.fr/iiif/presentation/v3/ark:/12148/bd6t51384536/manifest.json'
For more information check: https://developer.mozilla.org/en-US/docs/Web/HTTP/Status/403",2026-07-27T17:04:06.321329
petitmarocain,bd6t5138454k,,failed,0,0,,http_manifest,known,403,manifest,"Client error '403 ' for url 'https://openapiproext.bnf.fr/iiif/presentation/v3/ark:/12148/bd6t5138454k/manifest.json'
For more information check: https://developer.mozilla.org/en-US/docs/Web/HTTP/Status/403",2026-07-27T17:04:07.522178
petitmarocain,bd6t5138455z,,failed,0,0,,http_manifest,known,403,manifest,"Client error '403 ' for url 'https://openapiproext.bnf.fr/iiif/presentation/v3/ark:/12148/bd6t5138455z/manifest.json'
For more information check: https://developer.mozilla.org/en-US/docs/Web/HTTP/Status/403",2026-07-27T17:04:08.723854
petitmarocain,bd6t5138456b,,failed,0,0,,http_manifest,known,403,manifest,"Client error '403 ' for url 'https://openapiproext.bnf.fr/iiif/presentation/v3/ark:/12148/bd6t5138456b/manifest.json'
For more information check: https://developer.mozilla.org/en-US/docs/Web/HTTP/Status/403",2026-07-27T17:04:09.925250
petitmarocain,bd6t5138457q,,failed,0,0,,http_manifest,known,403,manifest,"Client error '403 ' for url 'https://openapiproext.bnf.fr/iiif/presentation/v3/ark:/12148/bd6t5138457q/manifest.json'
For more information check: https://developer.mozilla.org/en-US/docs/Web/HTTP/Status/403",2026-07-27T17:04:11.130697
petitmarocain,bd6t51384583,,failed,0,0,,http_manifest,known,403,manifest,"Client error '403 ' for url 'https://openapiproext.bnf.fr/iiif/presentation/v3/ark:/12148/bd6t51384583/manifest.json'
For more information check: https://developer.mozilla.org/en-US/docs/Web/HTTP/Status/403",2026-07-27T17:04:12.328300
petitmarocain,bd6t5138459g,,failed,0,0,,http_manifest,known,403,manifest,"Client error '403 ' for url 'https://openapiproext.bnf.fr/iiif/presentation/v3/ark:/12148/bd6t5138459g/manifest.json'
For more information check: https://developer.mozilla.org/en-US/docs/Web/HTTP/Status/403",2026-07-27T17:04:13.534084
petitmarocain,bd6t5138460d,,failed,0,0,,http_manifest,known,403,manifest,"Client error '403 ' for url 'https://openapiproext.bnf.fr/iiif/presentation/v3/ark:/12148/bd6t5138460d/manifest.json'
For more information check: https://developer.mozilla.org/en-US/docs/Web/HTTP/Status/403",2026-07-27T17:04:14.761701
petitmarocain,bd6t5138461s,,failed,0,0,,http_manifest,known,403,manifest,"Client error '403 ' for url 'https://openapiproext.bnf.fr/iiif/presentation/v3/ark:/12148/bd6t5138461s/manifest.json'
For more information check: https://developer.mozilla.org/en-US/docs/Web/HTTP/Status/403",2026-07-27T17:04:15.939783
petitmarocain,bd6t51384625,,failed,0,0,,http_manifest,known,403,manifest,"Client error '403 ' for url 'https://openapiproext.bnf.fr/iiif/presentation/v3/ark:/12148/bd6t51384625/manifest.json'
For more information check: https://developer.mozilla.org/en-US/docs/Web/HTTP/Status/403",2026-07-27T17:04:17.139259
petitmarocain,bd6t5138463j,,failed,0,0,,http_manifest,known,403,manifest,"Client error '403 ' for url 'https://openapiproext.bnf.fr/iiif/presentation/v3/ark:/12148/bd6t5138463j/manifest.json'
For more information check: https://developer.mozilla.org/en-US/docs/Web/HTTP/Status/403",2026-07-27T17:04:18.328949
petitmarocain,bd6t5138464x,,failed,0,0,,http_manifest,known,403,manifest,"Client error '403 ' for url 'https://openapiproext.bnf.fr/iiif/presentation/v3/ark:/12148/bd6t5138464x/manifest.json'
For more information check: https://developer.mozilla.org/en-US/docs/Web/HTTP/Status/403",2026-07-27T17:04:19.538346
petitmarocain,bd6t51384659,,failed,0,0,,http_manifest,known,403,manifest,"Client error '403 ' for url 'https://openapiproext.bnf.fr/iiif/presentation/v3/ark:/12148/bd6t51384659/manifest.json'
For more information check: https://developer.mozilla.org/en-US/docs/Web/HTTP/Status/403",2026-07-27T17:04:20.742110
petitmarocain,bd6t5138466p,,failed,0,0,,http_manifest,known,403,manifest,"Client error '403 ' for url 'https://openapiproext.bnf.fr/iiif/presentation/v3/ark:/12148/bd6t5138466p/manifest.json'
For more information check: https://developer.mozilla.org/en-US/docs/Web/HTTP/Status/403",2026-07-27T17:04:21.937995
petitmarocain,bd6t51384672,,failed,0,0,,http_manifest,known,403,manifest,"Client error '403 ' for url 'https://openapiproext.bnf.fr/iiif/presentation/v3/ark:/12148/bd6t51384672/manifest.json'
For more information check: https://developer.mozilla.org/en-US/docs/Web/HTTP/Status/403",2026-07-27T17:04:23.141779
petitmarocain,bd6t5138468f,,failed,0,0,,http_manifest,known,403,manifest,"Client error '403 ' for url 'https://openapiproext.bnf.fr/iiif/presentation/v3/ark:/12148/bd6t5138468f/manifest.json'
For more information check: https://developer.mozilla.org/en-US/docs/Web/HTTP/Status/403",2026-07-27T17:04:24.348714
petitmarocain,bd6t5138469t,,failed,0,0,,http_manifest,known,403,manifest,"Client error '403 ' for url 'https://openapiproext.bnf.fr/iiif/presentation/v3/ark:/12148/bd6t5138469t/manifest.json'
For more information check: https://developer.mozilla.org/en-US/docs/Web/HTTP/Status/403",2026-07-27T17:04:25.548636
petitmarocain,bd6t5138470r,,failed,0,0,,http_manifest,known,403,manifest,"Client error '403 ' for url 'https://openapiproext.bnf.fr/iiif/presentation/v3/ark:/12148/bd6t5138470r/manifest.json'
For more information check: https://developer.mozilla.org/en-US/docs/Web/HTTP/Status/403",2026-07-27T17:04:26.774792
petitmarocain,bd6t51384714,,failed,0,0,,http_manifest,known,403,manifest,"Client error '403 ' for url 'https://openapiproext.bnf.fr/iiif/presentation/v3/ark:/12148/bd6t51384714/manifest.json'
For more information check: https://developer.mozilla.org/en-US/docs/Web/HTTP/Status/403",2026-07-27T17:04:27.954506
petitmarocain,bd6t5138472h,,failed,0,0,,http_manifest,known,403,manifest,"Client error '403 ' for url 'https://openapiproext.bnf.fr/iiif/presentation/v3/ark:/12148/bd6t5138472h/manifest.json'
For more information check: https://developer.mozilla.org/en-US/docs/Web/HTTP/Status/403",2026-07-27T17:04:29.442213
petitmarocain,bd6t5138473w,,failed,0,0,,http_manifest,known,403,manifest,"Client error '403 ' for url 'https://openapiproext.bnf.fr/iiif/presentation/v3/ark:/12148/bd6t5138473w/manifest.json'
For more information check: https://developer.mozilla.org/en-US/docs/Web/HTTP/Status/403",2026-07-27T17:04:30.408949
petitmarocain,bd6t51384748,,failed,0,0,,http_manifest,known,403,manifest,"Client error '403 ' for url 'https://openapiproext.bnf.fr/iiif/presentation/v3/ark:/12148/bd6t51384748/manifest.json'
For more information check: https://developer.mozilla.org/en-US/docs/Web/HTTP/Status/403",2026-07-27T17:04:31.568601
petitmarocain,bd6t5138475n,,failed,0,0,,http_manifest,known,403,manifest,"Client error '403 ' for url 'https://openapiproext.bnf.fr/iiif/presentation/v3/ark:/12148/bd6t5138475n/manifest.json'
For more information check: https://developer.mozilla.org/en-US/docs/Web/HTTP/Status/403",2026-07-27T17:04:32.892747
petitmarocain,bd6t51384761,,failed,0,0,,http_manifest,known,403,manifest,"Client error '403 ' for url 'https://openapiproext.bnf.fr/iiif/presentation/v3/ark:/12148/bd6t51384761/manifest.json'
For more information check: https://developer.mozilla.org/en-US/docs/Web/HTTP/Status/403",2026-07-27T17:04:34.061947
petitmarocain,bd6t5138477d,,failed,0,0,,http_manifest,known,403,manifest,"Client error '403 ' for url 'https://openapiproext.bnf.fr/iiif/presentation/v3/ark:/12148/bd6t5138477d/manifest.json'
For more information check: https://developer.mozilla.org/en-US/docs/Web/HTTP/Status/403",2026-07-27T17:04:35.178464
petitmarocain,bd6t5138478s,,failed,0,0,,http_manifest,known,403,manifest,"Client error '403 ' for url 'https://openapiproext.bnf.fr/iiif/presentation/v3/ark:/12148/bd6t5138478s/manifest.json'
For more information check: https://developer.mozilla.org/en-US/docs/Web/HTTP/Status/403",2026-07-27T17:04:36.386541
petitmarocain,bd6t51384795,,failed,0,0,,http_manifest,known,403,manifest,"Client error '403 ' for url 'https://openapiproext.bnf.fr/iiif/presentation/v3/ark:/12148/bd6t51384795/manifest.json'
For more information check: https://developer.mozilla.org/en-US/docs/Web/HTTP/Status/403",2026-07-27T17:04:37.713172
petitmarocain,bd6t51384803,,failed,0,0,,http_manifest,known,403,manifest,"Client error '403 ' for url 'https://openapiproext.bnf.fr/iiif/presentation/v3/ark:/12148/bd6t51384803/manifest.json'
For more information check: https://developer.mozilla.org/en-US/docs/Web/HTTP/Status/403",2026-07-27T17:04:38.984681
petitmarocain,bd6t5138481g,,failed,0,0,,http_manifest,known,403,manifest,"Client error '403 ' for url 'https://openapiproext.bnf.fr/iiif/presentation/v3/ark:/12148/bd6t5138481g/manifest.json'
For more information check: https://developer.mozilla.org/en-US/docs/Web/HTTP/Status/403",2026-07-27T17:04:40.241870
petitmarocain,bd6t5138482v,,failed,0,0,,http_manifest,known,403,manifest,"Client error '403 ' for url 'https://openapiproext.bnf.fr/iiif/presentation/v3/ark:/12148/bd6t5138482v/manifest.json'
For more information check: https://developer.mozilla.org/en-US/docs/Web/HTTP/Status/403",2026-07-27T17:04:41.172180
petitmarocain,bd6t51384837,,failed,0,0,,http_manifest,known,403,manifest,"Client error '403 ' for url 'https://openapiproext.bnf.fr/iiif/presentation/v3/ark:/12148/bd6t51384837/manifest.json'
For more information check: https://developer.mozilla.org/en-US/docs/Web/HTTP/Status/403",2026-07-27T17:04:42.374480
petitmarocain,bd6t5138484m,,failed,0,0,,http_manifest,known,403,manifest,"Client error '403 ' for url 'https://openapiproext.bnf.fr/iiif/presentation/v3/ark:/12148/bd6t5138484m/manifest.json'
For more information check: https://developer.mozilla.org/en-US/docs/Web/HTTP/Status/403",2026-07-27T17:04:43.573399
petitmarocain,bd6t51384850,,failed,0,0,,http_manifest,known,403,manifest,"Client error '403 ' for url 'https://openapiproext.bnf.fr/iiif/presentation/v3/ark:/12148/bd6t51384850/manifest.json'
For more information check: https://developer.mozilla.org/en-US/docs/Web/HTTP/Status/403",2026-07-27T17:04:44.797821
petitmarocain,bd6t5138486c,,failed,0,0,,http_manifest,known,403,manifest,"Client error '403 ' for url 'https://openapiproext.bnf.fr/iiif/presentation/v3/ark:/12148/bd6t5138486c/manifest.json'
For more information check: https://developer.mozilla.org/en-US/docs/Web/HTTP/Status/403",2026-07-27T17:04:45.978506
petitmarocain,bd6t5138487r,,failed,0,0,,http_manifest,known,403,manifest,"Client error '403 ' for url 'https://openapiproext.bnf.fr/iiif/presentation/v3/ark:/12148/bd6t5138487r/manifest.json'
For more information check: https://developer.mozilla.org/en-US/docs/Web/HTTP/Status/403",2026-07-27T17:04:47.177496
petitmarocain,bd6t51384884,,failed,0,0,,http_manifest,known,403,manifest,"Client error '403 ' for url 'https://openapiproext.bnf.fr/iiif/presentation/v3/ark:/12148/bd6t51384884/manifest.json'
For more information check: https://developer.mozilla.org/en-US/docs/Web/HTTP/Status/403",2026-07-27T17:04:48.379767
petitmarocain,bd6t5138489h,,failed,0,0,,http_manifest,known,403,manifest,"Client error '403 ' for url 'https://openapiproext.bnf.fr/iiif/presentation/v3/ark:/12148/bd6t5138489h/manifest.json'
For more information check: https://developer.mozilla.org/en-US/docs/Web/HTTP/Status/403",2026-07-27T17:04:49.589644
petitmarocain,bd6t5138490f,,failed,0,0,,http_manifest,known,403,manifest,"Client error '403 ' for url 'https://openapiproext.bnf.fr/iiif/presentation/v3/ark:/12148/bd6t5138490f/manifest.json'
For more information check: https://developer.mozilla.org/en-US/docs/Web/HTTP/Status/403",2026-07-27T17:04:50.788092
petitmarocain,bd6t5138491t,,failed,0,0,,http_manifest,known,403,manifest,"Client error '403 ' for url 'https://openapiproext.bnf.fr/iiif/presentation/v3/ark:/12148/bd6t5138491t/manifest.json'
For more information check: https://developer.mozilla.org/en-US/docs/Web/HTTP/Status/403",2026-07-27T17:04:51.989801
petitmarocain,bd6t51384926,,failed,0,0,,http_manifest,known,403,manifest,"Client error '403 ' for url 'https://openapiproext.bnf.fr/iiif/presentation/v3/ark:/12148/bd6t51384926/manifest.json'
For more information check: https://developer.mozilla.org/en-US/docs/Web/HTTP/Status/403",2026-07-27T17:04:53.232097
petitmarocain,bd6t5138493k,,failed,0,0,,http_manifest,known,403,manifest,"Client error '403 ' for url 'https://openapiproext.bnf.fr/iiif/presentation/v3/ark:/12148/bd6t5138493k/manifest.json'
For more information check: https://developer.mozilla.org/en-US/docs/Web/HTTP/Status/403",2026-07-27T17:04:54.413961
petitmarocain,bd6t5138494z,,failed,0,0,,http_manifest,known,403,manifest,"Client error '403 ' for url 'https://openapiproext.bnf.fr/iiif/presentation/v3/ark:/12148/bd6t5138494z/manifest.json'
For more information check: https://developer.mozilla.org/en-US/docs/Web/HTTP/Status/403",2026-07-27T17:04:55.592691
petitmarocain,bd6t5138495b,,failed,0,0,,http_manifest,known,403,manifest,"Client error '403 ' for url 'https://openapiproext.bnf.fr/iiif/presentation/v3/ark:/12148/bd6t5138495b/manifest.json'
For more information check: https://developer.mozilla.org/en-US/docs/Web/HTTP/Status/403",2026-07-27T17:04:56.826041
petitmarocain,bd6t5138496q,,failed,0,0,,http_manifest,known,403,manifest,"Client error '403 ' for url 'https://openapiproext.bnf.fr/iiif/presentation/v3/ark:/12148/bd6t5138496q/manifest.json'
For more information check: https://developer.mozilla.org/en-US/docs/Web/HTTP/Status/403",2026-07-27T17:04:58.006084
petitmarocain,bd6t51384973,,failed,0,0,,http_manifest,known,403,manifest,"Client error '403 ' for url 'https://openapiproext.bnf.fr/iiif/presentation/v3/ark:/12148/bd6t51384973/manifest.json'
For more information check: https://developer.mozilla.org/en-US/docs/Web/HTTP/Status/403",2026-07-27T17:04:59.195719
petitmarocain,bd6t5138498g,,failed,0,0,,http_manifest,known,403,manifest,"Client error '403 ' for url 'https://openapiproext.bnf.fr/iiif/presentation/v3/ark:/12148/bd6t5138498g/manifest.json'
For more information check: https://developer.mozilla.org/en-US/docs/Web/HTTP/Status/403",2026-07-27T17:05:00.397573
petitmarocain,bd6t5138499v,,failed,0,0,,http_manifest,known,403,manifest,"Client error '403 ' for url 'https://openapiproext.bnf.fr/iiif/presentation/v3/ark:/12148/bd6t5138499v/manifest.json'
For more information check: https://developer.mozilla.org/en-US/docs/Web/HTTP/Status/403",2026-07-27T17:05:01.593246
petitmarocain,bd6t5138500n,,failed,0,0,,http_manifest,known,403,manifest,"Client error '403 ' for url 'https://openapiproext.bnf.fr/iiif/presentation/v3/ark:/12148/bd6t5138500n/manifest.json'
For more information check: https://developer.mozilla.org/en-US/docs/Web/HTTP/Status/403",2026-07-27T17:05:02.827344
petitmarocain,bd6t51385011,,failed,0,0,,http_manifest,known,403,manifest,"Client error '403 ' for url 'https://openapiproext.bnf.fr/iiif/presentation/v3/ark:/12148/bd6t51385011/manifest.json'
For more information check: https://developer.mozilla.org/en-US/docs/Web/HTTP/Status/403",2026-07-27T17:05:03.999445
petitmarocain,bd6t5138502d,,failed,0,0,,http_manifest,known,403,manifest,"Client error '403 ' for url 'https://openapiproext.bnf.fr/iiif/presentation/v3/ark:/12148/bd6t5138502d/manifest.json'
For more information check: https://developer.mozilla.org/en-US/docs/Web/HTTP/Status/403",2026-07-27T17:05:05.197784
petitmarocain,bd6t5138503s,,failed,0,0,,http_manifest,known,403,manifest,"Client error '403 ' for url 'https://openapiproext.bnf.fr/iiif/presentation/v3/ark:/12148/bd6t5138503s/manifest.json'
For more information check: https://developer.mozilla.org/en-US/docs/Web/HTTP/Status/403",2026-07-27T17:05:06.404697
petitmarocain,bd6t51385045,,failed,0,0,,http_manifest,known,403,manifest,"Client error '403 ' for url 'https://openapiproext.bnf.fr/iiif/presentation/v3/ark:/12148/bd6t51385045/manifest.json'
For more information check: https://developer.mozilla.org/en-US/docs/Web/HTTP/Status/403",2026-07-27T17:05:07.602205
petitmarocain,bd6t5138505j,,failed,0,0,,http_manifest,known,403,manifest,"Client error '403 ' for url 'https://openapiproext.bnf.fr/iiif/presentation/v3/ark:/12148/bd6t5138505j/manifest.json'
For more information check: https://developer.mozilla.org/en-US/docs/Web/HTTP/Status/403",2026-07-27T17:05:08.807624
petitmarocain,bd6t5138506x,,failed,0,0,,http_manifest,known,403,manifest,"Client error '403 ' for url 'https://openapiproext.bnf.fr/iiif/presentation/v3/ark:/12148/bd6t5138506x/manifest.json'
For more information check: https://developer.mozilla.org/en-US/docs/Web/HTTP/Status/403",2026-07-27T17:05:10.022165
petitmarocain,bd6t51385079,,failed,0,0,,http_manifest,known,403,manifest,"Client error '403 ' for url 'https://openapiproext.bnf.fr/iiif/presentation/v3/ark:/12148/bd6t51385079/manifest.json'
For more information check: https://developer.mozilla.org/en-US/docs/Web/HTTP/Status/403",2026-07-27T17:05:11.213886
petitmarocain,bd6t5138508p,,failed,0,0,,http_manifest,known,403,manifest,"Client error '403 ' for url 'https://openapiproext.bnf.fr/iiif/presentation/v3/ark:/12148/bd6t5138508p/manifest.json'
For more information check: https://developer.mozilla.org/en-US/docs/Web/HTTP/Status/403",2026-07-27T17:05:12.412494
petitmarocain,bd6t51385092,,failed,0,0,,http_manifest,known,403,manifest,"Client error '403 ' for url 'https://openapiproext.bnf.fr/iiif/presentation/v3/ark:/12148/bd6t51385092/manifest.json'
For more information check: https://developer.mozilla.org/en-US/docs/Web/HTTP/Status/403",2026-07-27T17:05:13.615240
petitmarocain,bd6t51385100,,failed,0,0,,http_manifest,known,403,manifest,"Client error '403 ' for url 'https://openapiproext.bnf.fr/iiif/presentation/v3/ark:/12148/bd6t51385100/manifest.json'
For more information check: https://developer.mozilla.org/en-US/docs/Web/HTTP/Status/403",2026-07-27T17:05:14.850262
petitmarocain,bd6t5138511c,,failed,0,0,,http_manifest,known,403,manifest,"Client error '403 ' for url 'https://openapiproext.bnf.fr/iiif/presentation/v3/ark:/12148/bd6t5138511c/manifest.json'
For more information check: https://developer.mozilla.org/en-US/docs/Web/HTTP/Status/403",2026-07-27T17:05:16.020179
petitmarocain,bd6t5138512r,,failed,0,0,,http_manifest,known,403,manifest,"Client error '403 ' for url 'https://openapiproext.bnf.fr/iiif/presentation/v3/ark:/12148/bd6t5138512r/manifest.json'
For more information check: https://developer.mozilla.org/en-US/docs/Web/HTTP/Status/403",2026-07-27T17:05:17.229399
petitmarocain,bd6t51385134,,failed,0,0,,http_manifest,known,403,manifest,"Client error '403 ' for url 'https://openapiproext.bnf.fr/iiif/presentation/v3/ark:/12148/bd6t51385134/manifest.json'
For more information check: https://developer.mozilla.org/en-US/docs/Web/HTTP/Status/403",2026-07-27T17:05:18.424772
petitmarocain,bd6t51383336,,failed,0,0,,http_manifest,known,403,manifest,"Client error '403 ' for url 'https://openapiproext.bnf.fr/iiif/presentation/v3/ark:/12148/bd6t51383336/manifest.json'
For more information check: https://developer.mozilla.org/en-US/docs/Web/HTTP/Status/403",2026-07-27T17:05:19.620345
petitmarocain,bd6t5138334k,,failed,0,0,,http_manifest,known,403,manifest,"Client error '403 ' for url 'https://openapiproext.bnf.fr/iiif/presentation/v3/ark:/12148/bd6t5138334k/manifest.json'
For more information check: https://developer.mozilla.org/en-US/docs/Web/HTTP/Status/403",2026-07-27T17:05:20.865675
petitmarocain,bd6t5138335z,,failed,0,0,,http_manifest,known,403,manifest,"Client error '403 ' for url 'https://openapiproext.bnf.fr/iiif/presentation/v3/ark:/12148/bd6t5138335z/manifest.json'
For more information check: https://developer.mozilla.org/en-US/docs/Web/HTTP/Status/403",2026-07-27T17:05:22.036789
petitmarocain,bd6t5138336b,,failed,0,0,,http_manifest,known,403,manifest,"Client error '403 ' for url 'https://openapiproext.bnf.fr/iiif/presentation/v3/ark:/12148/bd6t5138336b/manifest.json'
For more information check: https://developer.mozilla.org/en-US/docs/Web/HTTP/Status/403",2026-07-27T17:05:23.232311
petitmarocain,bd6t5138337q,,failed,0,0,,http_manifest,known,403,manifest,"Client error '403 ' for url 'https://openapiproext.bnf.fr/iiif/presentation/v3/ark:/12148/bd6t5138337q/manifest.json'
For more information check: https://developer.mozilla.org/en-US/docs/Web/HTTP/Status/403",2026-07-27T17:05:24.430534
petitmarocain,bd6t51383383,,failed,0,0,,http_manifest,known,403,manifest,"Client error '403 ' for url 'https://openapiproext.bnf.fr/iiif/presentation/v3/ark:/12148/bd6t51383383/manifest.json'
For more information check: https://developer.mozilla.org/en-US/docs/Web/HTTP/Status/403",2026-07-27T17:05:25.642274
petitmarocain,bd6t5138339g,,failed,0,0,,http_manifest,known,403,manifest,"Client error '403 ' for url 'https://openapiproext.bnf.fr/iiif/presentation/v3/ark:/12148/bd6t5138339g/manifest.json'
For more information check: https://developer.mozilla.org/en-US/docs/Web/HTTP/Status/403",2026-07-27T17:05:26.848087
petitmarocain,bd6t5138340d,,failed,0,0,,http_manifest,known,403,manifest,"Client error '403 ' for url 'https://openapiproext.bnf.fr/iiif/presentation/v3/ark:/12148/bd6t5138340d/manifest.json'
For more information check: https://developer.mozilla.org/en-US/docs/Web/HTTP/Status/403",2026-07-27T17:05:28.032440
petitmarocain,bd6t5138341s,,failed,0,0,,http_manifest,known,403,manifest,"Client error '403 ' for url 'https://openapiproext.bnf.fr/iiif/presentation/v3/ark:/12148/bd6t5138341s/manifest.json'
For more information check: https://developer.mozilla.org/en-US/docs/Web/HTTP/Status/403",2026-07-27T17:05:29.452023
petitmarocain,bd6t51383425,,failed,0,0,,http_manifest,known,403,manifest,"Client error '403 ' for url 'https://openapiproext.bnf.fr/iiif/presentation/v3/ark:/12148/bd6t51383425/manifest.json'
For more information check: https://developer.mozilla.org/en-US/docs/Web/HTTP/Status/403",2026-07-27T17:05:30.591093
petitmarocain,bd6t5138343j,,failed,0,0,,http_manifest,known,403,manifest,"Client error '403 ' for url 'https://openapiproext.bnf.fr/iiif/presentation/v3/ark:/12148/bd6t5138343j/manifest.json'
For more information check: https://developer.mozilla.org/en-US/docs/Web/HTTP/Status/403",2026-07-27T17:05:31.951472
petitmarocain,bd6t5138344x,,failed,0,0,,http_manifest,known,403,manifest,"Client error '403 ' for url 'https://openapiproext.bnf.fr/iiif/presentation/v3/ark:/12148/bd6t5138344x/manifest.json'
For more information check: https://developer.mozilla.org/en-US/docs/Web/HTTP/Status/403",2026-07-27T17:05:32.911531
petitmarocain,bd6t51383459,,failed,0,0,,http_manifest,known,403,manifest,"Client error '403 ' for url 'https://openapiproext.bnf.fr/iiif/presentation/v3/ark:/12148/bd6t51383459/manifest.json'
For more information check: https://developer.mozilla.org/en-US/docs/Web/HTTP/Status/403",2026-07-27T17:05:34.047571
petitmarocain,bd6t5138346p,,failed,0,0,,http_manifest,known,403,manifest,"Client error '403 ' for url 'https://openapiproext.bnf.fr/iiif/presentation/v3/ark:/12148/bd6t5138346p/manifest.json'
For more information check: https://developer.mozilla.org/en-US/docs/Web/HTTP/Status/403",2026-07-27T17:05:35.275510
petitmarocain,bd6t51383472,,failed,0,0,,http_manifest,known,403,manifest,"Client error '403 ' for url 'https://openapiproext.bnf.fr/iiif/presentation/v3/ark:/12148/bd6t51383472/manifest.json'
For more information check: https://developer.mozilla.org/en-US/docs/Web/HTTP/Status/403",2026-07-27T17:05:36.479057
petitmarocain,bd6t5138348f,,failed,0,0,,http_manifest,known,403,manifest,"Client error '403 ' for url 'https://openapiproext.bnf.fr/iiif/presentation/v3/ark:/12148/bd6t5138348f/manifest.json'
For more information check: https://developer.mozilla.org/en-US/docs/Web/HTTP/Status/403",2026-07-27T17:05:37.659843
petitmarocain,bd6t5138349t,,failed,0,0,,http_manifest,known,403,manifest,"Client error '403 ' for url 'https://openapiproext.bnf.fr/iiif/presentation/v3/ark:/12148/bd6t5138349t/manifest.json'
For more information check: https://developer.mozilla.org/en-US/docs/Web/HTTP/Status/403",2026-07-27T17:05:39.039702
petitmarocain,bd6t5138350r,,failed,0,0,,http_manifest,known,403,manifest,"Client error '403 ' for url 'https://openapiproext.bnf.fr/iiif/presentation/v3/ark:/12148/bd6t5138350r/manifest.json'
For more information check: https://developer.mozilla.org/en-US/docs/Web/HTTP/Status/403",2026-07-27T17:05:40.220989
petitmarocain,bd6t51383514,,failed,0,0,,http_manifest,known,403,manifest,"Client error '403 ' for url 'https://openapiproext.bnf.fr/iiif/presentation/v3/ark:/12148/bd6t51383514/manifest.json'
For more information check: https://developer.mozilla.org/en-US/docs/Web/HTTP/Status/403",2026-07-27T17:05:41.256173
petitmarocain,bd6t5138352h,,failed,0,0,,http_manifest,known,403,manifest,"Client error '403 ' for url 'https://openapiproext.bnf.fr/iiif/presentation/v3/ark:/12148/bd6t5138352h/manifest.json'
For more information check: https://developer.mozilla.org/en-US/docs/Web/HTTP/Status/403",2026-07-27T17:05:42.465620
petitmarocain,bd6t5138353w,,failed,0,0,,http_manifest,known,403,manifest,"Client error '403 ' for url 'https://openapiproext.bnf.fr/iiif/presentation/v3/ark:/12148/bd6t5138353w/manifest.json'
For more information check: https://developer.mozilla.org/en-US/docs/Web/HTTP/Status/403",2026-07-27T17:05:43.668175
petitmarocain,bd6t51383548,,failed,0,0,,http_manifest,known,403,manifest,"Client error '403 ' for url 'https://openapiproext.bnf.fr/iiif/presentation/v3/ark:/12148/bd6t51383548/manifest.json'
For more information check: https://developer.mozilla.org/en-US/docs/Web/HTTP/Status/403",2026-07-27T17:05:45.021675
petitmarocain,bd6t5138355n,,failed,0,0,,http_manifest,known,403,manifest,"Client error '403 ' for url 'https://openapiproext.bnf.fr/iiif/presentation/v3/ark:/12148/bd6t5138355n/manifest.json'
For more information check: https://developer.mozilla.org/en-US/docs/Web/HTTP/Status/403",2026-07-27T17:05:46.101033
petitmarocain,bd6t51383561,,failed,0,0,,http_manifest,known,403,manifest,"Client error '403 ' for url 'https://openapiproext.bnf.fr/iiif/presentation/v3/ark:/12148/bd6t51383561/manifest.json'
For more information check: https://developer.mozilla.org/en-US/docs/Web/HTTP/Status/403",2026-07-27T17:05:47.354839
petitmarocain,bd6t5138357d,,failed,0,0,,http_manifest,known,403,manifest,"Client error '403 ' for url 'https://openapiproext.bnf.fr/iiif/presentation/v3/ark:/12148/bd6t5138357d/manifest.json'
For more information check: https://developer.mozilla.org/en-US/docs/Web/HTTP/Status/403",2026-07-27T17:05:48.466284
petitmarocain,bd6t5138358s,,failed,0,0,,http_manifest,known,403,manifest,"Client error '403 ' for url 'https://openapiproext.bnf.fr/iiif/presentation/v3/ark:/12148/bd6t5138358s/manifest.json'
For more information check: https://developer.mozilla.org/en-US/docs/Web/HTTP/Status/403",2026-07-27T17:05:49.869282
petitmarocain,bd6t51383595,,failed,0,0,,http_manifest,known,403,manifest,"Client error '403 ' for url 'https://openapiproext.bnf.fr/iiif/presentation/v3/ark:/12148/bd6t51383595/manifest.json'
For more information check: https://developer.mozilla.org/en-US/docs/Web/HTTP/Status/403",2026-07-27T17:05:50.866764
petitmarocain,bd6t51383603,,failed,0,0,,http_manifest,known,403,manifest,"Client error '403 ' for url 'https://openapiproext.bnf.fr/iiif/presentation/v3/ark:/12148/bd6t51383603/manifest.json'
For more information check: https://developer.mozilla.org/en-US/docs/Web/HTTP/Status/403",2026-07-27T17:05:52.146716
petitmarocain,bd6t5138361g,,failed,0,0,,http_manifest,known,403,manifest,"Client error '403 ' for url 'https://openapiproext.bnf.fr/iiif/presentation/v3/ark:/12148/bd6t5138361g/manifest.json'
For more information check: https://developer.mozilla.org/en-US/docs/Web/HTTP/Status/403",2026-07-27T17:05:53.288211
petitmarocain,bd6t5138362v,,failed,0,0,,http_manifest,known,403,manifest,"Client error '403 ' for url 'https://openapiproext.bnf.fr/iiif/presentation/v3/ark:/12148/bd6t5138362v/manifest.json'
For more information check: https://developer.mozilla.org/en-US/docs/Web/HTTP/Status/403",2026-07-27T17:05:54.486690
petitmarocain,bd6t51383637,,failed,0,0,,http_manifest,known,403,manifest,"Client error '403 ' for url 'https://openapiproext.bnf.fr/iiif/presentation/v3/ark:/12148/bd6t51383637/manifest.json'
For more information check: https://developer.mozilla.org/en-US/docs/Web/HTTP/Status/403",2026-07-27T17:05:55.677618
petitmarocain,bd6t5138364m,,failed,0,0,,http_manifest,known,403,manifest,"Client error '403 ' for url 'https://openapiproext.bnf.fr/iiif/presentation/v3/ark:/12148/bd6t5138364m/manifest.json'
For more information check: https://developer.mozilla.org/en-US/docs/Web/HTTP/Status/403",2026-07-27T17:05:56.874817
petitmarocain,bd6t51383650,,failed,0,0,,http_manifest,known,403,manifest,"Client error '403 ' for url 'https://openapiproext.bnf.fr/iiif/presentation/v3/ark:/12148/bd6t51383650/manifest.json'
For more information check: https://developer.mozilla.org/en-US/docs/Web/HTTP/Status/403",2026-07-27T17:05:58.099862
petitmarocain,bd6t5138366c,,failed,0,0,,http_manifest,known,403,manifest,"Client error '403 ' for url 'https://openapiproext.bnf.fr/iiif/presentation/v3/ark:/12148/bd6t5138366c/manifest.json'
For more information check: https://developer.mozilla.org/en-US/docs/Web/HTTP/Status/403",2026-07-27T17:05:59.278486
petitmarocain,bd6t5138367r,,failed,0,0,,http_manifest,known,403,manifest,"Client error '403 ' for url 'https://openapiproext.bnf.fr/iiif/presentation/v3/ark:/12148/bd6t5138367r/manifest.json'
For more information check: https://developer.mozilla.org/en-US/docs/Web/HTTP/Status/403",2026-07-27T17:06:00.486867
petitmarocain,bd6t51383684,,failed,0,0,,http_manifest,known,403,manifest,"Client error '403 ' for url 'https://openapiproext.bnf.fr/iiif/presentation/v3/ark:/12148/bd6t51383684/manifest.json'
For more information check: https://developer.mozilla.org/en-US/docs/Web/HTTP/Status/403",2026-07-27T17:06:01.695947
petitmarocain,bd6t5138369h,,failed,0,0,,http_manifest,known,403,manifest,"Client error '403 ' for url 'https://openapiproext.bnf.fr/iiif/presentation/v3/ark:/12148/bd6t5138369h/manifest.json'
For more information check: https://developer.mozilla.org/en-US/docs/Web/HTTP/Status/403",2026-07-27T17:06:02.884156
petitmarocain,bd6t5138370f,,failed,0,0,,http_manifest,known,403,manifest,"Client error '403 ' for url 'https://openapiproext.bnf.fr/iiif/presentation/v3/ark:/12148/bd6t5138370f/manifest.json'
For more information check: https://developer.mozilla.org/en-US/docs/Web/HTTP/Status/403",2026-07-27T17:06:04.087777
petitmarocain,bd6t5138371t,,failed,0,0,,http_manifest,known,403,manifest,"Client error '403 ' for url 'https://openapiproext.bnf.fr/iiif/presentation/v3/ark:/12148/bd6t5138371t/manifest.json'
For more information check: https://developer.mozilla.org/en-US/docs/Web/HTTP/Status/403",2026-07-27T17:06:05.285901
petitmarocain,bd6t51383726,,failed,0,0,,http_manifest,known,403,manifest,"Client error '403 ' for url 'https://openapiproext.bnf.fr/iiif/presentation/v3/ark:/12148/bd6t51383726/manifest.json'
For more information check: https://developer.mozilla.org/en-US/docs/Web/HTTP/Status/403",2026-07-27T17:06:06.491837
petitmarocain,bd6t5138373k,,failed,0,0,,http_manifest,known,403,manifest,"Client error '403 ' for url 'https://openapiproext.bnf.fr/iiif/presentation/v3/ark:/12148/bd6t5138373k/manifest.json'
For more information check: https://developer.mozilla.org/en-US/docs/Web/HTTP/Status/403",2026-07-27T17:06:07.696899
petitmarocain,bd6t5138374z,,failed,0,0,,http_manifest,known,403,manifest,"Client error '403 ' for url 'https://openapiproext.bnf.fr/iiif/presentation/v3/ark:/12148/bd6t5138374z/manifest.json'
For more information check: https://developer.mozilla.org/en-US/docs/Web/HTTP/Status/403",2026-07-27T17:06:08.900904
petitmarocain,bd6t5138375b,,failed,0,0,,http_manifest,known,403,manifest,"Client error '403 ' for url 'https://openapiproext.bnf.fr/iiif/presentation/v3/ark:/12148/bd6t5138375b/manifest.json'
For more information check: https://developer.mozilla.org/en-US/docs/Web/HTTP/Status/403",2026-07-27T17:06:10.122365
petitmarocain,bd6t5138376q,,failed,0,0,,http_manifest,known,403,manifest,"Client error '403 ' for url 'https://openapiproext.bnf.fr/iiif/presentation/v3/ark:/12148/bd6t5138376q/manifest.json'
For more information check: https://developer.mozilla.org/en-US/docs/Web/HTTP/Status/403",2026-07-27T17:06:11.302431
petitmarocain,bd6t51383773,,failed,0,0,,http_manifest,known,403,manifest,"Client error '403 ' for url 'https://openapiproext.bnf.fr/iiif/presentation/v3/ark:/12148/bd6t51383773/manifest.json'
For more information check: https://developer.mozilla.org/en-US/docs/Web/HTTP/Status/403",2026-07-27T17:06:12.499437
petitmarocain,bd6t5138378g,,failed,0,0,,http_manifest,known,403,manifest,"Client error '403 ' for url 'https://openapiproext.bnf.fr/iiif/presentation/v3/ark:/12148/bd6t5138378g/manifest.json'
For more information check: https://developer.mozilla.org/en-US/docs/Web/HTTP/Status/403",2026-07-27T17:06:13.701782
petitmarocain,bd6t5138379v,,failed,0,0,,http_manifest,known,403,manifest,"Client error '403 ' for url 'https://openapiproext.bnf.fr/iiif/presentation/v3/ark:/12148/bd6t5138379v/manifest.json'
For more information check: https://developer.mozilla.org/en-US/docs/Web/HTTP/Status/403",2026-07-27T17:06:14.903076
petitmarocain,bd6t5138380s,,failed,0,0,,http_manifest,known,403,manifest,"Client error '403 ' for url 'https://openapiproext.bnf.fr/iiif/presentation/v3/ark:/12148/bd6t5138380s/manifest.json'
For more information check: https://developer.mozilla.org/en-US/docs/Web/HTTP/Status/403",2026-07-27T17:06:16.125124
petitmarocain,bd6t51383815,,failed,0,0,,http_manifest,known,403,manifest,"Client error '403 ' for url 'https://openapiproext.bnf.fr/iiif/presentation/v3/ark:/12148/bd6t51383815/manifest.json'
For more information check: https://developer.mozilla.org/en-US/docs/Web/HTTP/Status/403",2026-07-27T17:06:17.313135
petitmarocain,bd6t5138382j,,failed,0,0,,http_manifest,known,403,manifest,"Client error '403 ' for url 'https://openapiproext.bnf.fr/iiif/presentation/v3/ark:/12148/bd6t5138382j/manifest.json'
For more information check: https://developer.mozilla.org/en-US/docs/Web/HTTP/Status/403",2026-07-27T17:06:18.510165
petitmarocain,bd6t5138383x,,failed,0,0,,http_manifest,known,403,manifest,"Client error '403 ' for url 'https://openapiproext.bnf.fr/iiif/presentation/v3/ark:/12148/bd6t5138383x/manifest.json'
For more information check: https://developer.mozilla.org/en-US/docs/Web/HTTP/Status/403",2026-07-27T17:06:19.706854
petitmarocain,bd6t51383849,,failed,0,0,,http_manifest,known,403,manifest,"Client error '403 ' for url 'https://openapiproext.bnf.fr/iiif/presentation/v3/ark:/12148/bd6t51383849/manifest.json'
For more information check: https://developer.mozilla.org/en-US/docs/Web/HTTP/Status/403",2026-07-27T17:06:20.917287
petitmarocain,bd6t5138385p,,failed,0,0,,http_manifest,known,403,manifest,"Client error '403 ' for url 'https://openapiproext.bnf.fr/iiif/presentation/v3/ark:/12148/bd6t5138385p/manifest.json'
For more information check: https://developer.mozilla.org/en-US/docs/Web/HTTP/Status/403",2026-07-27T17:06:22.112874
petitmarocain,bd6t51383862,,failed,0,0,,http_manifest,known,403,manifest,"Client error '403 ' for url 'https://openapiproext.bnf.fr/iiif/presentation/v3/ark:/12148/bd6t51383862/manifest.json'
For more information check: https://developer.mozilla.org/en-US/docs/Web/HTTP/Status/403",2026-07-27T17:06:23.313779
petitmarocain,bd6t5138387f,,failed,0,0,,http_manifest,known,403,manifest,"Client error '403 ' for url 'https://openapiproext.bnf.fr/iiif/presentation/v3/ark:/12148/bd6t5138387f/manifest.json'
For more information check: https://developer.mozilla.org/en-US/docs/Web/HTTP/Status/403",2026-07-27T17:06:24.519525
petitmarocain,bd6t5138388t,,failed,0,0,,http_manifest,known,403,manifest,"Client error '403 ' for url 'https://openapiproext.bnf.fr/iiif/presentation/v3/ark:/12148/bd6t5138388t/manifest.json'
For more information check: https://developer.mozilla.org/en-US/docs/Web/HTTP/Status/403",2026-07-27T17:06:25.718611
petitmarocain,bd6t51383896,,failed,0,0,,http_manifest,known,403,manifest,"Client error '403 ' for url 'https://openapiproext.bnf.fr/iiif/presentation/v3/ark:/12148/bd6t51383896/manifest.json'
For more information check: https://developer.mozilla.org/en-US/docs/Web/HTTP/Status/403",2026-07-27T17:06:26.915289
petitmarocain,bd6t51383904,,failed,0,0,,http_manifest,known,403,manifest,"Client error '403 ' for url 'https://openapiproext.bnf.fr/iiif/presentation/v3/ark:/12148/bd6t51383904/manifest.json'
For more information check: https://developer.mozilla.org/en-US/docs/Web/HTTP/Status/403",2026-07-27T17:06:28.137355
petitmarocain,bd6t5138391h,,failed,0,0,,http_manifest,known,403,manifest,"Client error '403 ' for url 'https://openapiproext.bnf.fr/iiif/presentation/v3/ark:/12148/bd6t5138391h/manifest.json'
For more information check: https://developer.mozilla.org/en-US/docs/Web/HTTP/Status/403",2026-07-27T17:06:29.421247
petitmarocain,bd6t5138392w,,failed,0,0,,http_manifest,known,403,manifest,"Client error '403 ' for url 'https://openapiproext.bnf.fr/iiif/presentation/v3/ark:/12148/bd6t5138392w/manifest.json'
For more information check: https://developer.mozilla.org/en-US/docs/Web/HTTP/Status/403",2026-07-27T17:06:30.541970
petitmarocain,bd6t51383938,,failed,0,0,,http_manifest,known,403,manifest,"Client error '403 ' for url 'https://openapiproext.bnf.fr/iiif/presentation/v3/ark:/12148/bd6t51383938/manifest.json'
For more information check: https://developer.mozilla.org/en-US/docs/Web/HTTP/Status/403",2026-07-27T17:06:31.885710
petitmarocain,bd6t5138394n,,failed,0,0,,http_manifest,known,403,manifest,"Client error '403 ' for url 'https://openapiproext.bnf.fr/iiif/presentation/v3/ark:/12148/bd6t5138394n/manifest.json'
For more information check: https://developer.mozilla.org/en-US/docs/Web/HTTP/Status/403",2026-07-27T17:06:33.084768
petitmarocain,bd6t51383951,,failed,0,0,,http_manifest,known,403,manifest,"Client error '403 ' for url 'https://openapiproext.bnf.fr/iiif/presentation/v3/ark:/12148/bd6t51383951/manifest.json'
For more information check: https://developer.mozilla.org/en-US/docs/Web/HTTP/Status/403",2026-07-27T17:06:34.392336
petitmarocain,bd6t5138396d,,failed,0,0,,http_manifest,known,403,manifest,"Client error '403 ' for url 'https://openapiproext.bnf.fr/iiif/presentation/v3/ark:/12148/bd6t5138396d/manifest.json'
For more information check: https://developer.mozilla.org/en-US/docs/Web/HTTP/Status/403",2026-07-27T17:06:35.626946
petitmarocain,bd6t5138397s,,failed,0,0,,http_manifest,known,403,manifest,"Client error '403 ' for url 'https://openapiproext.bnf.fr/iiif/presentation/v3/ark:/12148/bd6t5138397s/manifest.json'
For more information check: https://developer.mozilla.org/en-US/docs/Web/HTTP/Status/403",2026-07-27T17:06:36.586451
petitmarocain,bd6t51383985,,failed,0,0,,http_manifest,known,403,manifest,"Client error '403 ' for url 'https://openapiproext.bnf.fr/iiif/presentation/v3/ark:/12148/bd6t51383985/manifest.json'
For more information check: https://developer.mozilla.org/en-US/docs/Web/HTTP/Status/403",2026-07-27T17:06:37.752948
petitmarocain,bd6t5138399j,,failed,0,0,,http_manifest,known,403,manifest,"Client error '403 ' for url 'https://openapiproext.bnf.fr/iiif/presentation/v3/ark:/12148/bd6t5138399j/manifest.json'
For more information check: https://developer.mozilla.org/en-US/docs/Web/HTTP/Status/403",2026-07-27T17:06:39.220169
petitmarocain,bd6t5138400b,,failed,0,0,,http_manifest,known,403,manifest,"Client error '403 ' for url 'https://openapiproext.bnf.fr/iiif/presentation/v3/ark:/12148/bd6t5138400b/manifest.json'
For more information check: https://developer.mozilla.org/en-US/docs/Web/HTTP/Status/403",2026-07-27T17:06:40.385049
petitmarocain,bd6t5138401q,,failed,0,0,,http_manifest,known,403,manifest,"Client error '403 ' for url 'https://openapiproext.bnf.fr/iiif/presentation/v3/ark:/12148/bd6t5138401q/manifest.json'
For more information check: https://developer.mozilla.org/en-US/docs/Web/HTTP/Status/403",2026-07-27T17:06:41.362170
petitmarocain,bd6t51384023,,failed,0,0,,http_manifest,known,403,manifest,"Client error '403 ' for url 'https://openapiproext.bnf.fr/iiif/presentation/v3/ark:/12148/bd6t51384023/manifest.json'
For more information check: https://developer.mozilla.org/en-US/docs/Web/HTTP/Status/403",2026-07-27T17:06:42.561469
petitmarocain,bd6t5138403g,,failed,0,0,,http_manifest,known,403,manifest,"Client error '403 ' for url 'https://openapiproext.bnf.fr/iiif/presentation/v3/ark:/12148/bd6t5138403g/manifest.json'
For more information check: https://developer.mozilla.org/en-US/docs/Web/HTTP/Status/403",2026-07-27T17:06:43.765205
petitmarocain,bd6t5138404v,,failed,0,0,,http_manifest,known,403,manifest,"Client error '403 ' for url 'https://openapiproext.bnf.fr/iiif/presentation/v3/ark:/12148/bd6t5138404v/manifest.json'
For more information check: https://developer.mozilla.org/en-US/docs/Web/HTTP/Status/403",2026-07-27T17:06:45.058074
petitmarocain,bd6t51384057,,failed,0,0,,http_manifest,known,403,manifest,"Client error '403 ' for url 'https://openapiproext.bnf.fr/iiif/presentation/v3/ark:/12148/bd6t51384057/manifest.json'
For more information check: https://developer.mozilla.org/en-US/docs/Web/HTTP/Status/403",2026-07-27T17:06:46.188117
petitmarocain,bd6t5138406m,,failed,0,0,,http_manifest,known,403,manifest,"Client error '403 ' for url 'https://openapiproext.bnf.fr/iiif/presentation/v3/ark:/12148/bd6t5138406m/manifest.json'
For more information check: https://developer.mozilla.org/en-US/docs/Web/HTTP/Status/403",2026-07-27T17:06:47.346340
petitmarocain,bd6t51384070,,failed,0,0,,http_manifest,known,403,manifest,"Client error '403 ' for url 'https://openapiproext.bnf.fr/iiif/presentation/v3/ark:/12148/bd6t51384070/manifest.json'
For more information check: https://developer.mozilla.org/en-US/docs/Web/HTTP/Status/403",2026-07-27T17:06:48.836323
petitmarocain,bd6t5138408c,,failed,0,0,,http_manifest,known,403,manifest,"Client error '403 ' for url 'https://openapiproext.bnf.fr/iiif/presentation/v3/ark:/12148/bd6t5138408c/manifest.json'
For more information check: https://developer.mozilla.org/en-US/docs/Web/HTTP/Status/403",2026-07-27T17:06:49.757383
petitmarocain,bd6t5138409r,,failed,0,0,,http_manifest,known,403,manifest,"Client error '403 ' for url 'https://openapiproext.bnf.fr/iiif/presentation/v3/ark:/12148/bd6t5138409r/manifest.json'
For more information check: https://developer.mozilla.org/en-US/docs/Web/HTTP/Status/403",2026-07-27T17:06:51.114411
petitmarocain,bd6t5138410p,,failed,0,0,,http_manifest,known,403,manifest,"Client error '403 ' for url 'https://openapiproext.bnf.fr/iiif/presentation/v3/ark:/12148/bd6t5138410p/manifest.json'
For more information check: https://developer.mozilla.org/en-US/docs/Web/HTTP/Status/403",2026-07-27T17:06:52.164450
petitmarocain,bd6t51384112,,failed,0,0,,http_manifest,known,403,manifest,"Client error '403 ' for url 'https://openapiproext.bnf.fr/iiif/presentation/v3/ark:/12148/bd6t51384112/manifest.json'
For more information check: https://developer.mozilla.org/en-US/docs/Web/HTTP/Status/403",2026-07-27T17:06:53.512977
petitmarocain,bd6t5138412f,,failed,0,0,,http_manifest,known,403,manifest,"Client error '403 ' for url 'https://openapiproext.bnf.fr/iiif/presentation/v3/ark:/12148/bd6t5138412f/manifest.json'
For more information check: https://developer.mozilla.org/en-US/docs/Web/HTTP/Status/403",2026-07-27T17:06:54.698319
petitmarocain,bd6t5138413t,,failed,0,0,,http_manifest,known,403,manifest,"Client error '403 ' for url 'https://openapiproext.bnf.fr/iiif/presentation/v3/ark:/12148/bd6t5138413t/manifest.json'
For more information check: https://developer.mozilla.org/en-US/docs/Web/HTTP/Status/403",2026-07-27T17:06:55.857332
petitmarocain,bd6t51384146,,failed,0,0,,http_manifest,known,403,manifest,"Client error '403 ' for url 'https://openapiproext.bnf.fr/iiif/presentation/v3/ark:/12148/bd6t51384146/manifest.json'
For more information check: https://developer.mozilla.org/en-US/docs/Web/HTTP/Status/403",2026-07-27T17:06:56.959906
petitmarocain,bd6t5138415k,,failed,0,0,,http_manifest,known,403,manifest,"Client error '403 ' for url 'https://openapiproext.bnf.fr/iiif/presentation/v3/ark:/12148/bd6t5138415k/manifest.json'
For more information check: https://developer.mozilla.org/en-US/docs/Web/HTTP/Status/403",2026-07-27T17:06:58.189621
petitmarocain,bd6t5138416z,,failed,0,0,,http_manifest,known,403,manifest,"Client error '403 ' for url 'https://openapiproext.bnf.fr/iiif/presentation/v3/ark:/12148/bd6t5138416z/manifest.json'
For more information check: https://developer.mozilla.org/en-US/docs/Web/HTTP/Status/403",2026-07-27T17:06:59.366129
petitmarocain,bd6t5138417b,,failed,0,0,,http_manifest,known,403,manifest,"Client error '403 ' for url 'https://openapiproext.bnf.fr/iiif/presentation/v3/ark:/12148/bd6t5138417b/manifest.json'
For more information check: https://developer.mozilla.org/en-US/docs/Web/HTTP/Status/403",2026-07-27T17:07:00.565038
petitmarocain,bd6t5138418q,,failed,0,0,,http_manifest,known,403,manifest,"Client error '403 ' for url 'https://openapiproext.bnf.fr/iiif/presentation/v3/ark:/12148/bd6t5138418q/manifest.json'
For more information check: https://developer.mozilla.org/en-US/docs/Web/HTTP/Status/403",2026-07-27T17:07:01.769450
petitmarocain,bd6t51384193,,failed,0,0,,http_manifest,known,403,manifest,"Client error '403 ' for url 'https://openapiproext.bnf.fr/iiif/presentation/v3/ark:/12148/bd6t51384193/manifest.json'
For more information check: https://developer.mozilla.org/en-US/docs/Web/HTTP/Status/403",2026-07-27T17:07:02.969832
petitmarocain,bd6t51384201,,failed,0,0,,http_manifest,known,403,manifest,"Client error '403 ' for url 'https://openapiproext.bnf.fr/iiif/presentation/v3/ark:/12148/bd6t51384201/manifest.json'
For more information check: https://developer.mozilla.org/en-US/docs/Web/HTTP/Status/403",2026-07-27T17:07:04.172995
petitmarocain,bd6t5138421d,,failed,0,0,,http_manifest,known,403,manifest,"Client error '403 ' for url 'https://openapiproext.bnf.fr/iiif/presentation/v3/ark:/12148/bd6t5138421d/manifest.json'
For more information check: https://developer.mozilla.org/en-US/docs/Web/HTTP/Status/403",2026-07-27T17:07:05.379383
petitmarocain,bd6t5138422s,,failed,0,0,,http_manifest,known,403,manifest,"Client error '403 ' for url 'https://openapiproext.bnf.fr/iiif/presentation/v3/ark:/12148/bd6t5138422s/manifest.json'
For more information check: https://developer.mozilla.org/en-US/docs/Web/HTTP/Status/403",2026-07-27T17:07:06.570836
petitmarocain,bd6t51384235,,failed,0,0,,http_manifest,known,403,manifest,"Client error '403 ' for url 'https://openapiproext.bnf.fr/iiif/presentation/v3/ark:/12148/bd6t51384235/manifest.json'
For more information check: https://developer.mozilla.org/en-US/docs/Web/HTTP/Status/403",2026-07-27T17:07:07.774306
petitmarocain,bd6t5137004b,,failed,0,0,,http_manifest,known,403,manifest,"Client error '403 ' for url 'https://openapiproext.bnf.fr/iiif/presentation/v3/ark:/12148/bd6t5137004b/manifest.json'
For more information check: https://developer.mozilla.org/en-US/docs/Web/HTTP/Status/403",2026-07-27T17:07:08.977254
petitmarocain,bd6t5137005q,,failed,0,0,,http_manifest,known,403,manifest,"Client error '403 ' for url 'https://openapiproext.bnf.fr/iiif/presentation/v3/ark:/12148/bd6t5137005q/manifest.json'
For more information check: https://developer.mozilla.org/en-US/docs/Web/HTTP/Status/403",2026-07-27T17:07:10.200204
petitmarocain,bd6t51370063,,failed,0,0,,http_manifest,known,403,manifest,"Client error '403 ' for url 'https://openapiproext.bnf.fr/iiif/presentation/v3/ark:/12148/bd6t51370063/manifest.json'
For more information check: https://developer.mozilla.org/en-US/docs/Web/HTTP/Status/403",2026-07-27T17:07:11.381739
petitmarocain,bd6t5137007g,,failed,0,0,,http_manifest,known,403,manifest,"Client error '403 ' for url 'https://openapiproext.bnf.fr/iiif/presentation/v3/ark:/12148/bd6t5137007g/manifest.json'
For more information check: https://developer.mozilla.org/en-US/docs/Web/HTTP/Status/403",2026-07-27T17:07:12.587389
petitmarocain,bd6t5137008v,,failed,0,0,,http_manifest,known,403,manifest,"Client error '403 ' for url 'https://openapiproext.bnf.fr/iiif/presentation/v3/ark:/12148/bd6t5137008v/manifest.json'
For more information check: https://developer.mozilla.org/en-US/docs/Web/HTTP/Status/403",2026-07-27T17:07:13.782552
petitmarocain,bd6t51370097,,failed,0,0,,http_manifest,known,403,manifest,"Client error '403 ' for url 'https://openapiproext.bnf.fr/iiif/presentation/v3/ark:/12148/bd6t51370097/manifest.json'
For more information check: https://developer.mozilla.org/en-US/docs/Web/HTTP/Status/403",2026-07-27T17:07:14.986695
petitmarocain,bd6t51370105,,failed,0,0,,http_manifest,known,403,manifest,"Client error '403 ' for url 'https://openapiproext.bnf.fr/iiif/presentation/v3/ark:/12148/bd6t51370105/manifest.json'
For more information check: https://developer.mozilla.org/en-US/docs/Web/HTTP/Status/403",2026-07-27T17:07:16.229201
petitmarocain,bd6t5137011j,,failed,0,0,,http_manifest,known,403,manifest,"Client error '403 ' for url 'https://openapiproext.bnf.fr/iiif/presentation/v3/ark:/12148/bd6t5137011j/manifest.json'
For more information check: https://developer.mozilla.org/en-US/docs/Web/HTTP/Status/403",2026-07-27T17:07:17.386948
petitmarocain,bd6t5137012x,,failed,0,0,,http_manifest,known,403,manifest,"Client error '403 ' for url 'https://openapiproext.bnf.fr/iiif/presentation/v3/ark:/12148/bd6t5137012x/manifest.json'
For more information check: https://developer.mozilla.org/en-US/docs/Web/HTTP/Status/403",2026-07-27T17:07:18.592526
petitmarocain,bd6t51370139,,failed,0,0,,http_manifest,known,403,manifest,"Client error '403 ' for url 'https://openapiproext.bnf.fr/iiif/presentation/v3/ark:/12148/bd6t51370139/manifest.json'
For more information check: https://developer.mozilla.org/en-US/docs/Web/HTTP/Status/403",2026-07-27T17:07:19.785338
petitmarocain,bd6t5137014p,,failed,0,0,,http_manifest,known,403,manifest,"Client error '403 ' for url 'https://openapiproext.bnf.fr/iiif/presentation/v3/ark:/12148/bd6t5137014p/manifest.json'
For more information check: https://developer.mozilla.org/en-US/docs/Web/HTTP/Status/403",2026-07-27T17:07:21.003909
petitmarocain,bd6t51370152,,failed,0,0,,http_manifest,known,403,manifest,"Client error '403 ' for url 'https://openapiproext.bnf.fr/iiif/presentation/v3/ark:/12148/bd6t51370152/manifest.json'
For more information check: https://developer.mozilla.org/en-US/docs/Web/HTTP/Status/403",2026-07-27T17:07:22.198551
petitmarocain,bd6t5137016f,,failed,0,0,,http_manifest,known,403,manifest,"Client error '403 ' for url 'https://openapiproext.bnf.fr/iiif/presentation/v3/ark:/12148/bd6t5137016f/manifest.json'
For more information check: https://developer.mozilla.org/en-US/docs/Web/HTTP/Status/403",2026-07-27T17:07:23.410251
petitmarocain,bd6t5137017t,,failed,0,0,,http_manifest,known,403,manifest,"Client error '403 ' for url 'https://openapiproext.bnf.fr/iiif/presentation/v3/ark:/12148/bd6t5137017t/manifest.json'
For more information check: https://developer.mozilla.org/en-US/docs/Web/HTTP/Status/403",2026-07-27T17:07:24.598756
petitmarocain,bd6t51370186,,failed,0,0,,http_manifest,known,403,manifest,"Client error '403 ' for url 'https://openapiproext.bnf.fr/iiif/presentation/v3/ark:/12148/bd6t51370186/manifest.json'
For more information check: https://developer.mozilla.org/en-US/docs/Web/HTTP/Status/403",2026-07-27T17:07:25.808777
petitmarocain,bd6t5137019k,,failed,0,0,,http_manifest,known,403,manifest,"Client error '403 ' for url 'https://openapiproext.bnf.fr/iiif/presentation/v3/ark:/12148/bd6t5137019k/manifest.json'
For more information check: https://developer.mozilla.org/en-US/docs/Web/HTTP/Status/403",2026-07-27T17:07:27.000547
petitmarocain,bd6t5137020h,,failed,0,0,,http_manifest,known,403,manifest,"Client error '403 ' for url 'https://openapiproext.bnf.fr/iiif/presentation/v3/ark:/12148/bd6t5137020h/manifest.json'
For more information check: https://developer.mozilla.org/en-US/docs/Web/HTTP/Status/403",2026-07-27T17:07:28.229561
petitmarocain,bd6t5137021w,,failed,0,0,,http_manifest,known,403,manifest,"Client error '403 ' for url 'https://openapiproext.bnf.fr/iiif/presentation/v3/ark:/12148/bd6t5137021w/manifest.json'
For more information check: https://developer.mozilla.org/en-US/docs/Web/HTTP/Status/403",2026-07-27T17:07:29.423273
petitmarocain,bd6t51370228,,failed,0,0,,http_manifest,known,403,manifest,"Client error '403 ' for url 'https://openapiproext.bnf.fr/iiif/presentation/v3/ark:/12148/bd6t51370228/manifest.json'
For more information check: https://developer.mozilla.org/en-US/docs/Web/HTTP/Status/403",2026-07-27T17:07:30.617709
petitmarocain,bd6t5137023n,,failed,0,0,,http_manifest,known,403,manifest,"Client error '403 ' for url 'https://openapiproext.bnf.fr/iiif/presentation/v3/ark:/12148/bd6t5137023n/manifest.json'
For more information check: https://developer.mozilla.org/en-US/docs/Web/HTTP/Status/403",2026-07-27T17:07:31.811873
petitmarocain,bd6t51370241,,failed,0,0,,http_manifest,known,403,manifest,"Client error '403 ' for url 'https://openapiproext.bnf.fr/iiif/presentation/v3/ark:/12148/bd6t51370241/manifest.json'
For more information check: https://developer.mozilla.org/en-US/docs/Web/HTTP/Status/403",2026-07-27T17:07:33.248938
petitmarocain,bd6t5137025d,,failed,0,0,,http_manifest,known,403,manifest,"Client error '403 ' for url 'https://openapiproext.bnf.fr/iiif/presentation/v3/ark:/12148/bd6t5137025d/manifest.json'
For more information check: https://developer.mozilla.org/en-US/docs/Web/HTTP/Status/403",2026-07-27T17:07:34.246828
petitmarocain,bd6t5137026s,,failed,0,0,,http_manifest,known,403,manifest,"Client error '403 ' for url 'https://openapiproext.bnf.fr/iiif/presentation/v3/ark:/12148/bd6t5137026s/manifest.json'
For more information check: https://developer.mozilla.org/en-US/docs/Web/HTTP/Status/403",2026-07-27T17:07:35.417871
petitmarocain,bd6t51370275,,failed,0,0,,http_manifest,known,403,manifest,"Client error '403 ' for url 'https://openapiproext.bnf.fr/iiif/presentation/v3/ark:/12148/bd6t51370275/manifest.json'
For more information check: https://developer.mozilla.org/en-US/docs/Web/HTTP/Status/403",2026-07-27T17:07:36.843765
petitmarocain,bd6t5137028j,,failed,0,0,,http_manifest,known,403,manifest,"Client error '403 ' for url 'https://openapiproext.bnf.fr/iiif/presentation/v3/ark:/12148/bd6t5137028j/manifest.json'
For more information check: https://developer.mozilla.org/en-US/docs/Web/HTTP/Status/403",2026-07-27T17:07:37.942313
petitmarocain,bd6t5137029x,,failed,0,0,,http_manifest,known,403,manifest,"Client error '403 ' for url 'https://openapiproext.bnf.fr/iiif/presentation/v3/ark:/12148/bd6t5137029x/manifest.json'
For more information check: https://developer.mozilla.org/en-US/docs/Web/HTTP/Status/403",2026-07-27T17:07:39.219461
petitmarocain,bd6t5137030v,,failed,0,0,,http_manifest,known,403,manifest,"Client error '403 ' for url 'https://openapiproext.bnf.fr/iiif/presentation/v3/ark:/12148/bd6t5137030v/manifest.json'
For more information check: https://developer.mozilla.org/en-US/docs/Web/HTTP/Status/403",2026-07-27T17:07:40.454714
petitmarocain,bd6t51370317,,failed,0,0,,http_manifest,known,403,manifest,"Client error '403 ' for url 'https://openapiproext.bnf.fr/iiif/presentation/v3/ark:/12148/bd6t51370317/manifest.json'
For more information check: https://developer.mozilla.org/en-US/docs/Web/HTTP/Status/403",2026-07-27T17:07:41.436702
petitmarocain,bd6t5137032m,,failed,0,0,,http_manifest,known,403,manifest,"Client error '403 ' for url 'https://openapiproext.bnf.fr/iiif/presentation/v3/ark:/12148/bd6t5137032m/manifest.json'
For more information check: https://developer.mozilla.org/en-US/docs/Web/HTTP/Status/403",2026-07-27T17:07:42.844199
petitmarocain,bd6t51370330,,failed,0,0,,http_manifest,known,403,manifest,"Client error '403 ' for url 'https://openapiproext.bnf.fr/iiif/presentation/v3/ark:/12148/bd6t51370330/manifest.json'
For more information check: https://developer.mozilla.org/en-US/docs/Web/HTTP/Status/403",2026-07-27T17:07:43.839946
petitmarocain,bd6t5137034c,,failed,0,0,,http_manifest,known,403,manifest,"Client error '403 ' for url 'https://openapiproext.bnf.fr/iiif/presentation/v3/ark:/12148/bd6t5137034c/manifest.json'
For more information check: https://developer.mozilla.org/en-US/docs/Web/HTTP/Status/403",2026-07-27T17:07:45.194387
petitmarocain,bd6t5137035r,,failed,0,0,,http_manifest,known,403,manifest,"Client error '403 ' for url 'https://openapiproext.bnf.fr/iiif/presentation/v3/ark:/12148/bd6t5137035r/manifest.json'
For more information check: https://developer.mozilla.org/en-US/docs/Web/HTTP/Status/403",2026-07-27T17:07:46.254308
petitmarocain,bd6t51370364,,failed,0,0,,http_manifest,known,403,manifest,"Client error '403 ' for url 'https://openapiproext.bnf.fr/iiif/presentation/v3/ark:/12148/bd6t51370364/manifest.json'
For more information check: https://developer.mozilla.org/en-US/docs/Web/HTTP/Status/403",2026-07-27T17:07:47.587689
petitmarocain,bd6t5137037h,,failed,0,0,,http_manifest,known,403,manifest,"Client error '403 ' for url 'https://openapiproext.bnf.fr/iiif/presentation/v3/ark:/12148/bd6t5137037h/manifest.json'
For more information check: https://developer.mozilla.org/en-US/docs/Web/HTTP/Status/403",2026-07-27T17:07:48.717346
petitmarocain,bd6t5137038w,,failed,0,0,,http_manifest,known,403,manifest,"Client error '403 ' for url 'https://openapiproext.bnf.fr/iiif/presentation/v3/ark:/12148/bd6t5137038w/manifest.json'
For more information check: https://developer.mozilla.org/en-US/docs/Web/HTTP/Status/403",2026-07-27T17:07:50.138658
petitmarocain,bd6t51370398,,failed,0,0,,http_manifest,known,403,manifest,"Client error '403 ' for url 'https://openapiproext.bnf.fr/iiif/presentation/v3/ark:/12148/bd6t51370398/manifest.json'
For more information check: https://developer.mozilla.org/en-US/docs/Web/HTTP/Status/403",2026-07-27T17:07:51.245629
petitmarocain,bd6t51370406,,failed,0,0,,http_manifest,known,403,manifest,"Client error '403 ' for url 'https://openapiproext.bnf.fr/iiif/presentation/v3/ark:/12148/bd6t51370406/manifest.json'
For more information check: https://developer.mozilla.org/en-US/docs/Web/HTTP/Status/403",2026-07-27T17:07:52.556013
petitmarocain,bd6t5137041k,,failed,0,0,,http_manifest,known,403,manifest,"Client error '403 ' for url 'https://openapiproext.bnf.fr/iiif/presentation/v3/ark:/12148/bd6t5137041k/manifest.json'
For more information check: https://developer.mozilla.org/en-US/docs/Web/HTTP/Status/403",2026-07-27T17:07:53.445139
petitmarocain,bd6t5137042z,,failed,0,0,,http_manifest,known,403,manifest,"Client error '403 ' for url 'https://openapiproext.bnf.fr/iiif/presentation/v3/ark:/12148/bd6t5137042z/manifest.json'
For more information check: https://developer.mozilla.org/en-US/docs/Web/HTTP/Status/403",2026-07-27T17:07:54.842321
petitmarocain,bd6t5137043b,,failed,0,0,,http_manifest,known,403,manifest,"Client error '403 ' for url 'https://openapiproext.bnf.fr/iiif/presentation/v3/ark:/12148/bd6t5137043b/manifest.json'
For more information check: https://developer.mozilla.org/en-US/docs/Web/HTTP/Status/403",2026-07-27T17:07:55.847151
petitmarocain,bd6t5137044q,,failed,0,0,,http_manifest,known,403,manifest,"Client error '403 ' for url 'https://openapiproext.bnf.fr/iiif/presentation/v3/ark:/12148/bd6t5137044q/manifest.json'
For more information check: https://developer.mozilla.org/en-US/docs/Web/HTTP/Status/403",2026-07-27T17:07:57.046901
petitmarocain,bd6t51370453,,failed,0,0,,http_manifest,known,403,manifest,"Client error '403 ' for url 'https://openapiproext.bnf.fr/iiif/presentation/v3/ark:/12148/bd6t51370453/manifest.json'
For more information check: https://developer.mozilla.org/en-US/docs/Web/HTTP/Status/403",2026-07-27T17:07:58.250996
petitmarocain,bd6t5137046g,,failed,0,0,,http_manifest,known,403,manifest,"Client error '403 ' for url 'https://openapiproext.bnf.fr/iiif/presentation/v3/ark:/12148/bd6t5137046g/manifest.json'
For more information check: https://developer.mozilla.org/en-US/docs/Web/HTTP/Status/403",2026-07-27T17:07:59.454638
petitmarocain,bd6t5137047v,,failed,0,0,,http_manifest,known,403,manifest,"Client error '403 ' for url 'https://openapiproext.bnf.fr/iiif/presentation/v3/ark:/12148/bd6t5137047v/manifest.json'
For more information check: https://developer.mozilla.org/en-US/docs/Web/HTTP/Status/403",2026-07-27T17:08:00.653249
petitmarocain,bd6t51370487,,failed,0,0,,http_manifest,known,403,manifest,"Client error '403 ' for url 'https://openapiproext.bnf.fr/iiif/presentation/v3/ark:/12148/bd6t51370487/manifest.json'
For more information check: https://developer.mozilla.org/en-US/docs/Web/HTTP/Status/403",2026-07-27T17:08:01.854138
petitmarocain,bd6t5137049m,,failed,0,0,,http_manifest,known,403,manifest,"Client error '403 ' for url 'https://openapiproext.bnf.fr/iiif/presentation/v3/ark:/12148/bd6t5137049m/manifest.json'
For more information check: https://developer.mozilla.org/en-US/docs/Web/HTTP/Status/403",2026-07-27T17:08:03.079933
petitmarocain,bd6t5137050j,,failed,0,0,,http_manifest,known,403,manifest,"Client error '403 ' for url 'https://openapiproext.bnf.fr/iiif/presentation/v3/ark:/12148/bd6t5137050j/manifest.json'
For more information check: https://developer.mozilla.org/en-US/docs/Web/HTTP/Status/403",2026-07-27T17:08:04.252530
petitmarocain,bd6t5137051x,,failed,0,0,,http_manifest,known,403,manifest,"Client error '403 ' for url 'https://openapiproext.bnf.fr/iiif/presentation/v3/ark:/12148/bd6t5137051x/manifest.json'
For more information check: https://developer.mozilla.org/en-US/docs/Web/HTTP/Status/403",2026-07-27T17:08:05.462106
petitmarocain,bd6t51370529,,failed,0,0,,http_manifest,known,403,manifest,"Client error '403 ' for url 'https://openapiproext.bnf.fr/iiif/presentation/v3/ark:/12148/bd6t51370529/manifest.json'
For more information check: https://developer.mozilla.org/en-US/docs/Web/HTTP/Status/403",2026-07-27T17:08:06.659533
petitmarocain,bd6t5137053p,,failed,0,0,,http_manifest,known,403,manifest,"Client error '403 ' for url 'https://openapiproext.bnf.fr/iiif/presentation/v3/ark:/12148/bd6t5137053p/manifest.json'
For more information check: https://developer.mozilla.org/en-US/docs/Web/HTTP/Status/403",2026-07-27T17:08:07.857525
petitmarocain,bd6t51370542,,failed,0,0,,http_manifest,known,403,manifest,"Client error '403 ' for url 'https://openapiproext.bnf.fr/iiif/presentation/v3/ark:/12148/bd6t51370542/manifest.json'
For more information check: https://developer.mozilla.org/en-US/docs/Web/HTTP/Status/403",2026-07-27T17:08:09.081363
petitmarocain,bd6t5137055f,,failed,0,0,,http_manifest,known,403,manifest,"Client error '403 ' for url 'https://openapiproext.bnf.fr/iiif/presentation/v3/ark:/12148/bd6t5137055f/manifest.json'
For more information check: https://developer.mozilla.org/en-US/docs/Web/HTTP/Status/403",2026-07-27T17:08:10.263812
petitmarocain,bd6t5137056t,,failed,0,0,,http_manifest,known,403,manifest,"Client error '403 ' for url 'https://openapiproext.bnf.fr/iiif/presentation/v3/ark:/12148/bd6t5137056t/manifest.json'
For more information check: https://developer.mozilla.org/en-US/docs/Web/HTTP/Status/403",2026-07-27T17:08:11.473430
petitmarocain,bd6t51370576,,failed,0,0,,http_manifest,known,403,manifest,"Client error '403 ' for url 'https://openapiproext.bnf.fr/iiif/presentation/v3/ark:/12148/bd6t51370576/manifest.json'
For more information check: https://developer.mozilla.org/en-US/docs/Web/HTTP/Status/403",2026-07-27T17:08:12.665570
petitmarocain,bd6t5137058k,,failed,0,0,,http_manifest,known,403,manifest,"Client error '403 ' for url 'https://openapiproext.bnf.fr/iiif/presentation/v3/ark:/12148/bd6t5137058k/manifest.json'
For more information check: https://developer.mozilla.org/en-US/docs/Web/HTTP/Status/403",2026-07-27T17:08:13.873106
petitmarocain,bd6t5137059z,,failed,0,0,,http_manifest,known,403,manifest,"Client error '403 ' for url 'https://openapiproext.bnf.fr/iiif/presentation/v3/ark:/12148/bd6t5137059z/manifest.json'
For more information check: https://developer.mozilla.org/en-US/docs/Web/HTTP/Status/403",2026-07-27T17:08:15.073571
petitmarocain,bd6t5137060w,,failed,0,0,,http_manifest,known,403,manifest,"Client error '403 ' for url 'https://openapiproext.bnf.fr/iiif/presentation/v3/ark:/12148/bd6t5137060w/manifest.json'
For more information check: https://developer.mozilla.org/en-US/docs/Web/HTTP/Status/403",2026-07-27T17:08:16.278595
petitmarocain,bd6t51370618,,failed,0,0,,http_manifest,known,403,manifest,"Client error '403 ' for url 'https://openapiproext.bnf.fr/iiif/presentation/v3/ark:/12148/bd6t51370618/manifest.json'
For more information check: https://developer.mozilla.org/en-US/docs/Web/HTTP/Status/403",2026-07-27T17:08:17.477741
petitmarocain,bd6t5137062n,,failed,0,0,,http_manifest,known,403,manifest,"Client error '403 ' for url 'https://openapiproext.bnf.fr/iiif/presentation/v3/ark:/12148/bd6t5137062n/manifest.json'
For more information check: https://developer.mozilla.org/en-US/docs/Web/HTTP/Status/403",2026-07-27T17:08:18.678319
petitmarocain,bd6t51370631,,failed,0,0,,http_manifest,known,403,manifest,"Client error '403 ' for url 'https://openapiproext.bnf.fr/iiif/presentation/v3/ark:/12148/bd6t51370631/manifest.json'
For more information check: https://developer.mozilla.org/en-US/docs/Web/HTTP/Status/403",2026-07-27T17:08:19.883620
petitmarocain,bd6t5137064d,,failed,0,0,,http_manifest,known,403,manifest,"Client error '403 ' for url 'https://openapiproext.bnf.fr/iiif/presentation/v3/ark:/12148/bd6t5137064d/manifest.json'
For more information check: https://developer.mozilla.org/en-US/docs/Web/HTTP/Status/403",2026-07-27T17:08:21.104396
petitmarocain,bd6t5137065s,,failed,0,0,,http_manifest,known,403,manifest,"Client error '403 ' for url 'https://openapiproext.bnf.fr/iiif/presentation/v3/ark:/12148/bd6t5137065s/manifest.json'
For more information check: https://developer.mozilla.org/en-US/docs/Web/HTTP/Status/403",2026-07-27T17:08:22.286178
petitmarocain,bd6t51370665,,failed,0,0,,http_manifest,known,403,manifest,"Client error '403 ' for url 'https://openapiproext.bnf.fr/iiif/presentation/v3/ark:/12148/bd6t51370665/manifest.json'
For more information check: https://developer.mozilla.org/en-US/docs/Web/HTTP/Status/403",2026-07-27T17:08:23.482231
petitmarocain,bd6t5137067j,,failed,0,0,,http_manifest,known,403,manifest,"Client error '403 ' for url 'https://openapiproext.bnf.fr/iiif/presentation/v3/ark:/12148/bd6t5137067j/manifest.json'
For more information check: https://developer.mozilla.org/en-US/docs/Web/HTTP/Status/403",2026-07-27T17:08:24.684331
petitmarocain,bd6t5137068x,,failed,0,0,,http_manifest,known,403,manifest,"Client error '403 ' for url 'https://openapiproext.bnf.fr/iiif/presentation/v3/ark:/12148/bd6t5137068x/manifest.json'
For more information check: https://developer.mozilla.org/en-US/docs/Web/HTTP/Status/403",2026-07-27T17:08:25.888263
petitmarocain,bd6t51370699,,failed,0,0,,http_manifest,known,403,manifest,"Client error '403 ' for url 'https://openapiproext.bnf.fr/iiif/presentation/v3/ark:/12148/bd6t51370699/manifest.json'
For more information check: https://developer.mozilla.org/en-US/docs/Web/HTTP/Status/403",2026-07-27T17:08:27.084528
petitmarocain,bd6t51370707,,failed,0,0,,http_manifest,known,403,manifest,"Client error '403 ' for url 'https://openapiproext.bnf.fr/iiif/presentation/v3/ark:/12148/bd6t51370707/manifest.json'
For more information check: https://developer.mozilla.org/en-US/docs/Web/HTTP/Status/403",2026-07-27T17:08:28.287976
petitmarocain,bd6t5137071m,,failed,0,0,,http_manifest,known,403,manifest,"Client error '403 ' for url 'https://openapiproext.bnf.fr/iiif/presentation/v3/ark:/12148/bd6t5137071m/manifest.json'
For more information check: https://developer.mozilla.org/en-US/docs/Web/HTTP/Status/403",2026-07-27T17:08:29.492106
petitmarocain,bd6t51370720,,failed,0,0,,http_manifest,known,403,manifest,"Client error '403 ' for url 'https://openapiproext.bnf.fr/iiif/presentation/v3/ark:/12148/bd6t51370720/manifest.json'
For more information check: https://developer.mozilla.org/en-US/docs/Web/HTTP/Status/403",2026-07-27T17:08:30.705493
petitmarocain,bd6t5137073c,,failed,0,0,,http_manifest,known,403,manifest,"Client error '403 ' for url 'https://openapiproext.bnf.fr/iiif/presentation/v3/ark:/12148/bd6t5137073c/manifest.json'
For more information check: https://developer.mozilla.org/en-US/docs/Web/HTTP/Status/403",2026-07-27T17:08:32.134887
petitmarocain,bd6t5137074r,,failed,0,0,,http_manifest,known,403,manifest,"Client error '403 ' for url 'https://openapiproext.bnf.fr/iiif/presentation/v3/ark:/12148/bd6t5137074r/manifest.json'
For more information check: https://developer.mozilla.org/en-US/docs/Web/HTTP/Status/403",2026-07-27T17:08:33.096580
petitmarocain,bd6t51370754,,failed,0,0,,http_manifest,known,403,manifest,"Client error '403 ' for url 'https://openapiproext.bnf.fr/iiif/presentation/v3/ark:/12148/bd6t51370754/manifest.json'
For more information check: https://developer.mozilla.org/en-US/docs/Web/HTTP/Status/403",2026-07-27T17:08:34.350844
petitmarocain,bd6t5137076h,,failed,0,0,,http_manifest,known,403,manifest,"Client error '403 ' for url 'https://openapiproext.bnf.fr/iiif/presentation/v3/ark:/12148/bd6t5137076h/manifest.json'
For more information check: https://developer.mozilla.org/en-US/docs/Web/HTTP/Status/403",2026-07-27T17:08:35.518945
petitmarocain,bd6t5137077w,,failed,0,0,,http_manifest,known,403,manifest,"Client error '403 ' for url 'https://openapiproext.bnf.fr/iiif/presentation/v3/ark:/12148/bd6t5137077w/manifest.json'
For more information check: https://developer.mozilla.org/en-US/docs/Web/HTTP/Status/403",2026-07-27T17:08:36.824480
petitmarocain,bd6t51370788,,failed,0,0,,http_manifest,known,403,manifest,"Client error '403 ' for url 'https://openapiproext.bnf.fr/iiif/presentation/v3/ark:/12148/bd6t51370788/manifest.json'
For more information check: https://developer.mozilla.org/en-US/docs/Web/HTTP/Status/403",2026-07-27T17:08:37.985744
petitmarocain,bd6t5137079n,,failed,0,0,,http_manifest,known,403,manifest,"Client error '403 ' for url 'https://openapiproext.bnf.fr/iiif/presentation/v3/ark:/12148/bd6t5137079n/manifest.json'
For more information check: https://developer.mozilla.org/en-US/docs/Web/HTTP/Status/403",2026-07-27T17:08:39.353121
petitmarocain,bd6t5137080k,,failed,0,0,,http_manifest,known,403,manifest,"Client error '403 ' for url 'https://openapiproext.bnf.fr/iiif/presentation/v3/ark:/12148/bd6t5137080k/manifest.json'
For more information check: https://developer.mozilla.org/en-US/docs/Web/HTTP/Status/403",2026-07-27T17:08:40.420775
petitmarocain,bd6t5137081z,,failed,0,0,,http_manifest,known,403,manifest,"Client error '403 ' for url 'https://openapiproext.bnf.fr/iiif/presentation/v3/ark:/12148/bd6t5137081z/manifest.json'
For more information check: https://developer.mozilla.org/en-US/docs/Web/HTTP/Status/403",2026-07-27T17:08:41.509198
petitmarocain,bd6t5137082b,,failed,0,0,,http_manifest,known,403,manifest,"Client error '403 ' for url 'https://openapiproext.bnf.fr/iiif/presentation/v3/ark:/12148/bd6t5137082b/manifest.json'
For more information check: https://developer.mozilla.org/en-US/docs/Web/HTTP/Status/403",2026-07-27T17:08:42.881398
petitmarocain,bd6t5137083q,,failed,0,0,,http_manifest,known,403,manifest,"Client error '403 ' for url 'https://openapiproext.bnf.fr/iiif/presentation/v3/ark:/12148/bd6t5137083q/manifest.json'
For more information check: https://developer.mozilla.org/en-US/docs/Web/HTTP/Status/403",2026-07-27T17:08:44.211301
petitmarocain,bd6t51370843,,failed,0,0,,http_manifest,known,403,manifest,"Client error '403 ' for url 'https://openapiproext.bnf.fr/iiif/presentation/v3/ark:/12148/bd6t51370843/manifest.json'
For more information check: https://developer.mozilla.org/en-US/docs/Web/HTTP/Status/403",2026-07-27T17:08:45.120247
petitmarocain,bd6t5137085g,,failed,0,0,,http_manifest,known,403,manifest,"Client error '403 ' for url 'https://openapiproext.bnf.fr/iiif/presentation/v3/ark:/12148/bd6t5137085g/manifest.json'
For more information check: https://developer.mozilla.org/en-US/docs/Web/HTTP/Status/403",2026-07-27T17:08:46.577341
petitmarocain,bd6t5137086v,,failed,0,0,,http_manifest,known,403,manifest,"Client error '403 ' for url 'https://openapiproext.bnf.fr/iiif/presentation/v3/ark:/12148/bd6t5137086v/manifest.json'
For more information check: https://developer.mozilla.org/en-US/docs/Web/HTTP/Status/403",2026-07-27T17:08:47.654176
petitmarocain,bd6t51370877,,failed,0,0,,http_manifest,known,403,manifest,"Client error '403 ' for url 'https://openapiproext.bnf.fr/iiif/presentation/v3/ark:/12148/bd6t51370877/manifest.json'
For more information check: https://developer.mozilla.org/en-US/docs/Web/HTTP/Status/403",2026-07-27T17:08:48.720429
petitmarocain,bd6t5137088m,,failed,0,0,,http_manifest,known,403,manifest,"Client error '403 ' for url 'https://openapiproext.bnf.fr/iiif/presentation/v3/ark:/12148/bd6t5137088m/manifest.json'
For more information check: https://developer.mozilla.org/en-US/docs/Web/HTTP/Status/403",2026-07-27T17:08:50.110134
petitmarocain,bd6t51370890,,failed,0,0,,http_manifest,known,403,manifest,"Client error '403 ' for url 'https://openapiproext.bnf.fr/iiif/presentation/v3/ark:/12148/bd6t51370890/manifest.json'
For more information check: https://developer.mozilla.org/en-US/docs/Web/HTTP/Status/403",2026-07-27T17:08:51.311363
petitmarocain,bd6t5137090x,,failed,0,0,,http_manifest,known,403,manifest,"Client error '403 ' for url 'https://openapiproext.bnf.fr/iiif/presentation/v3/ark:/12148/bd6t5137090x/manifest.json'
For more information check: https://developer.mozilla.org/en-US/docs/Web/HTTP/Status/403",2026-07-27T17:08:52.340108
petitmarocain,bd6t51370919,,failed,0,0,,http_manifest,known,403,manifest,"Client error '403 ' for url 'https://openapiproext.bnf.fr/iiif/presentation/v3/ark:/12148/bd6t51370919/manifest.json'
For more information check: https://developer.mozilla.org/en-US/docs/Web/HTTP/Status/403",2026-07-27T17:08:53.691940
petitmarocain,bd6t5137092p,,failed,0,0,,http_manifest,known,403,manifest,"Client error '403 ' for url 'https://openapiproext.bnf.fr/iiif/presentation/v3/ark:/12148/bd6t5137092p/manifest.json'
For more information check: https://developer.mozilla.org/en-US/docs/Web/HTTP/Status/403",2026-07-27T17:08:54.732496
petitmarocain,bd6t51370932,,failed,0,0,,http_manifest,known,403,manifest,"Client error '403 ' for url 'https://openapiproext.bnf.fr/iiif/presentation/v3/ark:/12148/bd6t51370932/manifest.json'
For more information check: https://developer.mozilla.org/en-US/docs/Web/HTTP/Status/403",2026-07-27T17:08:55.928665
petitmarocain,bd6t5137094f,,failed,0,0,,http_manifest,known,403,manifest,"Client error '403 ' for url 'https://openapiproext.bnf.fr/iiif/presentation/v3/ark:/12148/bd6t5137094f/manifest.json'
For more information check: https://developer.mozilla.org/en-US/docs/Web/HTTP/Status/403",2026-07-27T17:08:57.134524
petitmarocain,bd6t5137095t,,failed,0,0,,http_manifest,known,403,manifest,"Client error '403 ' for url 'https://openapiproext.bnf.fr/iiif/presentation/v3/ark:/12148/bd6t5137095t/manifest.json'
For more information check: https://developer.mozilla.org/en-US/docs/Web/HTTP/Status/403",2026-07-27T17:08:58.326453
petitmarocain,bd6t51370966,,failed,0,0,,http_manifest,known,403,manifest,"Client error '403 ' for url 'https://openapiproext.bnf.fr/iiif/presentation/v3/ark:/12148/bd6t51370966/manifest.json'
For more information check: https://developer.mozilla.org/en-US/docs/Web/HTTP/Status/403",2026-07-27T17:08:59.533851
petitmarocain,bd6t5137097k,,failed,0,0,,http_manifest,known,403,manifest,"Client error '403 ' for url 'https://openapiproext.bnf.fr/iiif/presentation/v3/ark:/12148/bd6t5137097k/manifest.json'
For more information check: https://developer.mozilla.org/en-US/docs/Web/HTTP/Status/403",2026-07-27T17:09:00.735973
petitmarocain,bd6t5137098z,,failed,0,0,,http_manifest,known,403,manifest,"Client error '403 ' for url 'https://openapiproext.bnf.fr/iiif/presentation/v3/ark:/12148/bd6t5137098z/manifest.json'
For more information check: https://developer.mozilla.org/en-US/docs/Web/HTTP/Status/403",2026-07-27T17:09:01.957588
petitmarocain,bd6t5137099b,,failed,0,0,,http_manifest,known,403,manifest,"Client error '403 ' for url 'https://openapiproext.bnf.fr/iiif/presentation/v3/ark:/12148/bd6t5137099b/manifest.json'
For more information check: https://developer.mozilla.org/en-US/docs/Web/HTTP/Status/403",2026-07-27T17:09:03.133988
petitmarocain,bd6t51371004,,failed,0,0,,http_manifest,known,403,manifest,"Client error '403 ' for url 'https://openapiproext.bnf.fr/iiif/presentation/v3/ark:/12148/bd6t51371004/manifest.json'
For more information check: https://developer.mozilla.org/en-US/docs/Web/HTTP/Status/403",2026-07-27T17:09:04.331769
petitmarocain,bd6t5137101h,,failed,0,0,,http_manifest,known,403,manifest,"Client error '403 ' for url 'https://openapiproext.bnf.fr/iiif/presentation/v3/ark:/12148/bd6t5137101h/manifest.json'
For more information check: https://developer.mozilla.org/en-US/docs/Web/HTTP/Status/403",2026-07-27T17:09:05.541971
petitmarocain,bd6t5137102w,,failed,0,0,,http_manifest,known,403,manifest,"Client error '403 ' for url 'https://openapiproext.bnf.fr/iiif/presentation/v3/ark:/12148/bd6t5137102w/manifest.json'
For more information check: https://developer.mozilla.org/en-US/docs/Web/HTTP/Status/403",2026-07-27T17:09:06.743862
petitmarocain,bd6t51371038,,failed,0,0,,http_manifest,known,403,manifest,"Client error '403 ' for url 'https://openapiproext.bnf.fr/iiif/presentation/v3/ark:/12148/bd6t51371038/manifest.json'
For more information check: https://developer.mozilla.org/en-US/docs/Web/HTTP/Status/403",2026-07-27T17:09:07.967385
petitmarocain,bd6t5137104n,,failed,0,0,,http_manifest,known,403,manifest,"Client error '403 ' for url 'https://openapiproext.bnf.fr/iiif/presentation/v3/ark:/12148/bd6t5137104n/manifest.json'
For more information check: https://developer.mozilla.org/en-US/docs/Web/HTTP/Status/403",2026-07-27T17:09:09.159795
petitmarocain,bd6t51371051,,failed,0,0,,http_manifest,known,403,manifest,"Client error '403 ' for url 'https://openapiproext.bnf.fr/iiif/presentation/v3/ark:/12148/bd6t51371051/manifest.json'
For more information check: https://developer.mozilla.org/en-US/docs/Web/HTTP/Status/403",2026-07-27T17:09:10.352079
petitmarocain,bd6t5137106d,,failed,0,0,,http_manifest,known,403,manifest,"Client error '403 ' for url 'https://openapiproext.bnf.fr/iiif/presentation/v3/ark:/12148/bd6t5137106d/manifest.json'
For more information check: https://developer.mozilla.org/en-US/docs/Web/HTTP/Status/403",2026-07-27T17:09:11.550884
petitmarocain,bd6t5137107s,,failed,0,0,,http_manifest,known,403,manifest,"Client error '403 ' for url 'https://openapiproext.bnf.fr/iiif/presentation/v3/ark:/12148/bd6t5137107s/manifest.json'
For more information check: https://developer.mozilla.org/en-US/docs/Web/HTTP/Status/403",2026-07-27T17:09:12.753179
petitmarocain,bd6t51371085,,failed,0,0,,http_manifest,known,403,manifest,"Client error '403 ' for url 'https://openapiproext.bnf.fr/iiif/presentation/v3/ark:/12148/bd6t51371085/manifest.json'
For more information check: https://developer.mozilla.org/en-US/docs/Web/HTTP/Status/403",2026-07-27T17:09:13.956273
petitmarocain,bd6t5137109j,,failed,0,0,,http_manifest,known,403,manifest,"Client error '403 ' for url 'https://openapiproext.bnf.fr/iiif/presentation/v3/ark:/12148/bd6t5137109j/manifest.json'
For more information check: https://developer.mozilla.org/en-US/docs/Web/HTTP/Status/403",2026-07-27T17:09:15.155577
petitmarocain,bd6t5137110g,,failed,0,0,,http_manifest,known,403,manifest,"Client error '403 ' for url 'https://openapiproext.bnf.fr/iiif/presentation/v3/ark:/12148/bd6t5137110g/manifest.json'
For more information check: https://developer.mozilla.org/en-US/docs/Web/HTTP/Status/403",2026-07-27T17:09:16.359163
petitmarocain,bd6t5137111v,,failed,0,0,,http_manifest,known,403,manifest,"Client error '403 ' for url 'https://openapiproext.bnf.fr/iiif/presentation/v3/ark:/12148/bd6t5137111v/manifest.json'
For more information check: https://developer.mozilla.org/en-US/docs/Web/HTTP/Status/403",2026-07-27T17:09:17.558213
petitmarocain,bd6t51371127,,failed,0,0,,http_manifest,known,403,manifest,"Client error '403 ' for url 'https://openapiproext.bnf.fr/iiif/presentation/v3/ark:/12148/bd6t51371127/manifest.json'
For more information check: https://developer.mozilla.org/en-US/docs/Web/HTTP/Status/403",2026-07-27T17:09:18.766433
petitmarocain,bd6t5137113m,,failed,0,0,,http_manifest,known,403,manifest,"Client error '403 ' for url 'https://openapiproext.bnf.fr/iiif/presentation/v3/ark:/12148/bd6t5137113m/manifest.json'
For more information check: https://developer.mozilla.org/en-US/docs/Web/HTTP/Status/403",2026-07-27T17:09:19.991088
petitmarocain,bd6t51371140,,failed,0,0,,http_manifest,known,403,manifest,"Client error '403 ' for url 'https://openapiproext.bnf.fr/iiif/presentation/v3/ark:/12148/bd6t51371140/manifest.json'
For more information check: https://developer.mozilla.org/en-US/docs/Web/HTTP/Status/403",2026-07-27T17:09:21.169791
petitmarocain,bd6t5137115c,,failed,0,0,,http_manifest,known,403,manifest,"Client error '403 ' for url 'https://openapiproext.bnf.fr/iiif/presentation/v3/ark:/12148/bd6t5137115c/manifest.json'
For more information check: https://developer.mozilla.org/en-US/docs/Web/HTTP/Status/403",2026-07-27T17:09:22.372845
petitmarocain,bd6t5137116r,,failed,0,0,,http_manifest,known,403,manifest,"Client error '403 ' for url 'https://openapiproext.bnf.fr/iiif/presentation/v3/ark:/12148/bd6t5137116r/manifest.json'
For more information check: https://developer.mozilla.org/en-US/docs/Web/HTTP/Status/403",2026-07-27T17:09:23.571780
petitmarocain,bd6t51371174,,failed,0,0,,http_manifest,known,403,manifest,"Client error '403 ' for url 'https://openapiproext.bnf.fr/iiif/presentation/v3/ark:/12148/bd6t51371174/manifest.json'
For more information check: https://developer.mozilla.org/en-US/docs/Web/HTTP/Status/403",2026-07-27T17:09:24.778465
petitmarocain,bd6t5137118h,,failed,0,0,,http_manifest,known,403,manifest,"Client error '403 ' for url 'https://openapiproext.bnf.fr/iiif/presentation/v3/ark:/12148/bd6t5137118h/manifest.json'
For more information check: https://developer.mozilla.org/en-US/docs/Web/HTTP/Status/403",2026-07-27T17:09:25.971928
petitmarocain,bd6t5137119w,,failed,0,0,,http_manifest,known,403,manifest,"Client error '403 ' for url 'https://openapiproext.bnf.fr/iiif/presentation/v3/ark:/12148/bd6t5137119w/manifest.json'
For more information check: https://developer.mozilla.org/en-US/docs/Web/HTTP/Status/403",2026-07-27T17:09:27.182096
petitmarocain,bd6t5137120t,,failed,0,0,,http_manifest,known,403,manifest,"Client error '403 ' for url 'https://openapiproext.bnf.fr/iiif/presentation/v3/ark:/12148/bd6t5137120t/manifest.json'
For more information check: https://developer.mozilla.org/en-US/docs/Web/HTTP/Status/403",2026-07-27T17:09:28.379594
petitmarocain,bd6t51371216,,failed,0,0,,http_manifest,known,403,manifest,"Client error '403 ' for url 'https://openapiproext.bnf.fr/iiif/presentation/v3/ark:/12148/bd6t51371216/manifest.json'
For more information check: https://developer.mozilla.org/en-US/docs/Web/HTTP/Status/403",2026-07-27T17:09:29.584284
petitmarocain,bd6t5137122k,,failed,0,0,,http_manifest,known,403,manifest,"Client error '403 ' for url 'https://openapiproext.bnf.fr/iiif/presentation/v3/ark:/12148/bd6t5137122k/manifest.json'
For more information check: https://developer.mozilla.org/en-US/docs/Web/HTTP/Status/403",2026-07-27T17:09:30.788872
petitmarocain,bd6t5137123z,,failed,0,0,,http_manifest,known,403,manifest,"Client error '403 ' for url 'https://openapiproext.bnf.fr/iiif/presentation/v3/ark:/12148/bd6t5137123z/manifest.json'
For more information check: https://developer.mozilla.org/en-US/docs/Web/HTTP/Status/403",2026-07-27T17:09:32.010334
petitmarocain,bd6t5137124b,,failed,0,0,,http_manifest,known,403,manifest,"Client error '403 ' for url 'https://openapiproext.bnf.fr/iiif/presentation/v3/ark:/12148/bd6t5137124b/manifest.json'
For more information check: https://developer.mozilla.org/en-US/docs/Web/HTTP/Status/403",2026-07-27T17:09:33.187751
petitmarocain,bd6t5137125q,,failed,0,0,,http_manifest,known,403,manifest,"Client error '403 ' for url 'https://openapiproext.bnf.fr/iiif/presentation/v3/ark:/12148/bd6t5137125q/manifest.json'
For more information check: https://developer.mozilla.org/en-US/docs/Web/HTTP/Status/403",2026-07-27T17:09:34.405093
petitmarocain,bd6t51371263,,failed,0,0,,http_manifest,known,403,manifest,"Client error '403 ' for url 'https://openapiproext.bnf.fr/iiif/presentation/v3/ark:/12148/bd6t51371263/manifest.json'
For more information check: https://developer.mozilla.org/en-US/docs/Web/HTTP/Status/403",2026-07-27T17:09:35.597264
petitmarocain,bd6t5137127g,,failed,0,0,,http_manifest,known,403,manifest,"Client error '403 ' for url 'https://openapiproext.bnf.fr/iiif/presentation/v3/ark:/12148/bd6t5137127g/manifest.json'
For more information check: https://developer.mozilla.org/en-US/docs/Web/HTTP/Status/403",2026-07-27T17:09:36.793819
petitmarocain,bd6t5137128v,,failed,0,0,,http_manifest,known,403,manifest,"Client error '403 ' for url 'https://openapiproext.bnf.fr/iiif/presentation/v3/ark:/12148/bd6t5137128v/manifest.json'
For more information check: https://developer.mozilla.org/en-US/docs/Web/HTTP/Status/403",2026-07-27T17:09:38.028797
petitmarocain,bd6t51371297,,failed,0,0,,http_manifest,known,403,manifest,"Client error '403 ' for url 'https://openapiproext.bnf.fr/iiif/presentation/v3/ark:/12148/bd6t51371297/manifest.json'
For more information check: https://developer.mozilla.org/en-US/docs/Web/HTTP/Status/403",2026-07-27T17:09:39.201775
petitmarocain,bd6t51371305,,failed,0,0,,http_manifest,known,403,manifest,"Client error '403 ' for url 'https://openapiproext.bnf.fr/iiif/presentation/v3/ark:/12148/bd6t51371305/manifest.json'
For more information check: https://developer.mozilla.org/en-US/docs/Web/HTTP/Status/403",2026-07-27T17:09:40.435563
petitmarocain,bd6t5137131j,,failed,0,0,,http_manifest,known,403,manifest,"Client error '403 ' for url 'https://openapiproext.bnf.fr/iiif/presentation/v3/ark:/12148/bd6t5137131j/manifest.json'
For more information check: https://developer.mozilla.org/en-US/docs/Web/HTTP/Status/403",2026-07-27T17:09:41.609914
petitmarocain,bd6t5137132x,,failed,0,0,,http_manifest,known,403,manifest,"Client error '403 ' for url 'https://openapiproext.bnf.fr/iiif/presentation/v3/ark:/12148/bd6t5137132x/manifest.json'
For more information check: https://developer.mozilla.org/en-US/docs/Web/HTTP/Status/403",2026-07-27T17:09:42.989464
petitmarocain,bd6t51371339,,failed,0,0,,http_manifest,known,403,manifest,"Client error '403 ' for url 'https://openapiproext.bnf.fr/iiif/presentation/v3/ark:/12148/bd6t51371339/manifest.json'
For more information check: https://developer.mozilla.org/en-US/docs/Web/HTTP/Status/403",2026-07-27T17:09:44.055862
petitmarocain,bd6t5137134p,,failed,0,0,,http_manifest,known,403,manifest,"Client error '403 ' for url 'https://openapiproext.bnf.fr/iiif/presentation/v3/ark:/12148/bd6t5137134p/manifest.json'
For more information check: https://developer.mozilla.org/en-US/docs/Web/HTTP/Status/403",2026-07-27T17:09:45.248340
petitmarocain,bd6t51371352,,failed,0,0,,http_manifest,known,403,manifest,"Client error '403 ' for url 'https://openapiproext.bnf.fr/iiif/presentation/v3/ark:/12148/bd6t51371352/manifest.json'
For more information check: https://developer.mozilla.org/en-US/docs/Web/HTTP/Status/403",2026-07-27T17:09:46.637068
petitmarocain,bd6t5137136f,,failed,0,0,,http_manifest,known,403,manifest,"Client error '403 ' for url 'https://openapiproext.bnf.fr/iiif/presentation/v3/ark:/12148/bd6t5137136f/manifest.json'
For more information check: https://developer.mozilla.org/en-US/docs/Web/HTTP/Status/403",2026-07-27T17:09:47.744427
petitmarocain,bd6t5137137t,,failed,0,0,,http_manifest,known,403,manifest,"Client error '403 ' for url 'https://openapiproext.bnf.fr/iiif/presentation/v3/ark:/12148/bd6t5137137t/manifest.json'
For more information check: https://developer.mozilla.org/en-US/docs/Web/HTTP/Status/403",2026-07-27T17:09:48.873794
petitmarocain,bd6t51371386,,failed,0,0,,http_manifest,known,403,manifest,"Client error '403 ' for url 'https://openapiproext.bnf.fr/iiif/presentation/v3/ark:/12148/bd6t51371386/manifest.json'
For more information check: https://developer.mozilla.org/en-US/docs/Web/HTTP/Status/403",2026-07-27T17:09:50.270715
petitmarocain,bd6t5137139k,,failed,0,0,,http_manifest,known,403,manifest,"Client error '403 ' for url 'https://openapiproext.bnf.fr/iiif/presentation/v3/ark:/12148/bd6t5137139k/manifest.json'
For more information check: https://developer.mozilla.org/en-US/docs/Web/HTTP/Status/403",2026-07-27T17:09:51.225127
petitmarocain,bd6t5137140h,,failed,0,0,,http_manifest,known,403,manifest,"Client error '403 ' for url 'https://openapiproext.bnf.fr/iiif/presentation/v3/ark:/12148/bd6t5137140h/manifest.json'
For more information check: https://developer.mozilla.org/en-US/docs/Web/HTTP/Status/403",2026-07-27T17:09:52.417744
petitmarocain,bd6t5137141w,,failed,0,0,,http_manifest,known,403,manifest,"Client error '403 ' for url 'https://openapiproext.bnf.fr/iiif/presentation/v3/ark:/12148/bd6t5137141w/manifest.json'
For more information check: https://developer.mozilla.org/en-US/docs/Web/HTTP/Status/403",2026-07-27T17:09:53.615885
petitmarocain,bd6t51371428,,failed,0,0,,http_manifest,known,403,manifest,"Client error '403 ' for url 'https://openapiproext.bnf.fr/iiif/presentation/v3/ark:/12148/bd6t51371428/manifest.json'
For more information check: https://developer.mozilla.org/en-US/docs/Web/HTTP/Status/403",2026-07-27T17:09:54.817473
petitmarocain,bd6t5137143n,,failed,0,0,,http_manifest,known,403,manifest,"Client error '403 ' for url 'https://openapiproext.bnf.fr/iiif/presentation/v3/ark:/12148/bd6t5137143n/manifest.json'
For more information check: https://developer.mozilla.org/en-US/docs/Web/HTTP/Status/403",2026-07-27T17:09:56.018378
petitmarocain,bd6t51371441,,failed,0,0,,http_manifest,known,403,manifest,"Client error '403 ' for url 'https://openapiproext.bnf.fr/iiif/presentation/v3/ark:/12148/bd6t51371441/manifest.json'
For more information check: https://developer.mozilla.org/en-US/docs/Web/HTTP/Status/403",2026-07-27T17:09:57.228333
petitmarocain,bd6t5137145d,,failed,0,0,,http_manifest,known,403,manifest,"Client error '403 ' for url 'https://openapiproext.bnf.fr/iiif/presentation/v3/ark:/12148/bd6t5137145d/manifest.json'
For more information check: https://developer.mozilla.org/en-US/docs/Web/HTTP/Status/403",2026-07-27T17:09:58.434723
petitmarocain,bd6t5137146s,,failed,0,0,,http_manifest,known,403,manifest,"Client error '403 ' for url 'https://openapiproext.bnf.fr/iiif/presentation/v3/ark:/12148/bd6t5137146s/manifest.json'
For more information check: https://developer.mozilla.org/en-US/docs/Web/HTTP/Status/403",2026-07-27T17:09:59.626058
petitmarocain,bd6t51371475,,failed,0,0,,http_manifest,known,403,manifest,"Client error '403 ' for url 'https://openapiproext.bnf.fr/iiif/presentation/v3/ark:/12148/bd6t51371475/manifest.json'
For more information check: https://developer.mozilla.org/en-US/docs/Web/HTTP/Status/403",2026-07-27T17:10:00.825868
petitmarocain,bd6t5137148j,,failed,0,0,,http_manifest,known,403,manifest,"Client error '403 ' for url 'https://openapiproext.bnf.fr/iiif/presentation/v3/ark:/12148/bd6t5137148j/manifest.json'
For more information check: https://developer.mozilla.org/en-US/docs/Web/HTTP/Status/403",2026-07-27T17:10:02.027291
petitmarocain,bd6t5137149x,,failed,0,0,,http_manifest,known,403,manifest,"Client error '403 ' for url 'https://openapiproext.bnf.fr/iiif/presentation/v3/ark:/12148/bd6t5137149x/manifest.json'
For more information check: https://developer.mozilla.org/en-US/docs/Web/HTTP/Status/403",2026-07-27T17:10:03.230763
petitmarocain,bd6t5137150v,,failed,0,0,,http_manifest,known,403,manifest,"Client error '403 ' for url 'https://openapiproext.bnf.fr/iiif/presentation/v3/ark:/12148/bd6t5137150v/manifest.json'
For more information check: https://developer.mozilla.org/en-US/docs/Web/HTTP/Status/403",2026-07-27T17:10:04.432261
petitmarocain,bd6t51371517,,failed,0,0,,http_manifest,known,403,manifest,"Client error '403 ' for url 'https://openapiproext.bnf.fr/iiif/presentation/v3/ark:/12148/bd6t51371517/manifest.json'
For more information check: https://developer.mozilla.org/en-US/docs/Web/HTTP/Status/403",2026-07-27T17:10:05.631042
petitmarocain,bd6t5137152m,,failed,0,0,,http_manifest,known,403,manifest,"Client error '403 ' for url 'https://openapiproext.bnf.fr/iiif/presentation/v3/ark:/12148/bd6t5137152m/manifest.json'
For more information check: https://developer.mozilla.org/en-US/docs/Web/HTTP/Status/403",2026-07-27T17:10:06.846557
petitmarocain,bd6t51371530,,failed,0,0,,http_manifest,known,403,manifest,"Client error '403 ' for url 'https://openapiproext.bnf.fr/iiif/presentation/v3/ark:/12148/bd6t51371530/manifest.json'
For more information check: https://developer.mozilla.org/en-US/docs/Web/HTTP/Status/403",2026-07-27T17:10:08.040889
petitmarocain,bd6t5137154c,,failed,0,0,,http_manifest,known,403,manifest,"Client error '403 ' for url 'https://openapiproext.bnf.fr/iiif/presentation/v3/ark:/12148/bd6t5137154c/manifest.json'
For more information check: https://developer.mozilla.org/en-US/docs/Web/HTTP/Status/403",2026-07-27T17:10:09.247750
petitmarocain,bd6t5137155r,,failed,0,0,,http_manifest,known,403,manifest,"Client error '403 ' for url 'https://openapiproext.bnf.fr/iiif/presentation/v3/ark:/12148/bd6t5137155r/manifest.json'
For more information check: https://developer.mozilla.org/en-US/docs/Web/HTTP/Status/403",2026-07-27T17:10:10.453708
petitmarocain,bd6t51371564,,failed,0,0,,http_manifest,known,403,manifest,"Client error '403 ' for url 'https://openapiproext.bnf.fr/iiif/presentation/v3/ark:/12148/bd6t51371564/manifest.json'
For more information check: https://developer.mozilla.org/en-US/docs/Web/HTTP/Status/403",2026-07-27T17:10:11.642491
petitmarocain,bd6t5137157h,,failed,0,0,,http_manifest,known,403,manifest,"Client error '403 ' for url 'https://openapiproext.bnf.fr/iiif/presentation/v3/ark:/12148/bd6t5137157h/manifest.json'
For more information check: https://developer.mozilla.org/en-US/docs/Web/HTTP/Status/403",2026-07-27T17:10:12.846144
petitmarocain,bd6t5137158w,,failed,0,0,,http_manifest,known,403,manifest,"Client error '403 ' for url 'https://openapiproext.bnf.fr/iiif/presentation/v3/ark:/12148/bd6t5137158w/manifest.json'
For more information check: https://developer.mozilla.org/en-US/docs/Web/HTTP/Status/403",2026-07-27T17:10:14.044839
petitmarocain,bd6t51371598,,failed,0,0,,http_manifest,known,403,manifest,"Client error '403 ' for url 'https://openapiproext.bnf.fr/iiif/presentation/v3/ark:/12148/bd6t51371598/manifest.json'
For more information check: https://developer.mozilla.org/en-US/docs/Web/HTTP/Status/403",2026-07-27T17:10:15.288357
petitmarocain,bd6t51371606,,failed,0,0,,http_manifest,known,403,manifest,"Client error '403 ' for url 'https://openapiproext.bnf.fr/iiif/presentation/v3/ark:/12148/bd6t51371606/manifest.json'
For more information check: https://developer.mozilla.org/en-US/docs/Web/HTTP/Status/403",2026-07-27T17:10:16.464541
petitmarocain,bd6t5137161k,,failed,0,0,,http_manifest,known,403,manifest,"Client error '403 ' for url 'https://openapiproext.bnf.fr/iiif/presentation/v3/ark:/12148/bd6t5137161k/manifest.json'
For more information check: https://developer.mozilla.org/en-US/docs/Web/HTTP/Status/403",2026-07-27T17:10:17.655117
petitmarocain,bd6t5137162z,,failed,0,0,,http_manifest,known,403,manifest,"Client error '403 ' for url 'https://openapiproext.bnf.fr/iiif/presentation/v3/ark:/12148/bd6t5137162z/manifest.json'
For more information check: https://developer.mozilla.org/en-US/docs/Web/HTTP/Status/403",2026-07-27T17:10:18.853126
petitmarocain,bd6t5137163b,,failed,0,0,,http_manifest,known,403,manifest,"Client error '403 ' for url 'https://openapiproext.bnf.fr/iiif/presentation/v3/ark:/12148/bd6t5137163b/manifest.json'
For more information check: https://developer.mozilla.org/en-US/docs/Web/HTTP/Status/403",2026-07-27T17:10:20.057682
petitmarocain,bd6t5137164q,,failed,0,0,,http_manifest,known,403,manifest,"Client error '403 ' for url 'https://openapiproext.bnf.fr/iiif/presentation/v3/ark:/12148/bd6t5137164q/manifest.json'
For more information check: https://developer.mozilla.org/en-US/docs/Web/HTTP/Status/403",2026-07-27T17:10:21.295976
petitmarocain,bd6t51371653,,failed,0,0,,http_manifest,known,403,manifest,"Client error '403 ' for url 'https://openapiproext.bnf.fr/iiif/presentation/v3/ark:/12148/bd6t51371653/manifest.json'
For more information check: https://developer.mozilla.org/en-US/docs/Web/HTTP/Status/403",2026-07-27T17:10:22.466611
petitmarocain,bd6t5137166g,,failed,0,0,,http_manifest,known,403,manifest,"Client error '403 ' for url 'https://openapiproext.bnf.fr/iiif/presentation/v3/ark:/12148/bd6t5137166g/manifest.json'
For more information check: https://developer.mozilla.org/en-US/docs/Web/HTTP/Status/403",2026-07-27T17:10:23.663057
petitmarocain,bd6t5137167v,,failed,0,0,,http_manifest,known,403,manifest,"Client error '403 ' for url 'https://openapiproext.bnf.fr/iiif/presentation/v3/ark:/12148/bd6t5137167v/manifest.json'
For more information check: https://developer.mozilla.org/en-US/docs/Web/HTTP/Status/403",2026-07-27T17:10:24.869553
petitmarocain,bd6t51371687,,failed,0,0,,http_manifest,known,403,manifest,"Client error '403 ' for url 'https://openapiproext.bnf.fr/iiif/presentation/v3/ark:/12148/bd6t51371687/manifest.json'
For more information check: https://developer.mozilla.org/en-US/docs/Web/HTTP/Status/403",2026-07-27T17:10:26.066306
petitmarocain,bd6t5137169m,,failed,0,0,,http_manifest,known,403,manifest,"Client error '403 ' for url 'https://openapiproext.bnf.fr/iiif/presentation/v3/ark:/12148/bd6t5137169m/manifest.json'
For more information check: https://developer.mozilla.org/en-US/docs/Web/HTTP/Status/403",2026-07-27T17:10:27.265643
petitmarocain,bd6t5137170j,,failed,0,0,,http_manifest,known,403,manifest,"Client error '403 ' for url 'https://openapiproext.bnf.fr/iiif/presentation/v3/ark:/12148/bd6t5137170j/manifest.json'
For more information check: https://developer.mozilla.org/en-US/docs/Web/HTTP/Status/403",2026-07-27T17:10:28.497506
petitmarocain,bd6t5137171x,,failed,0,0,,http_manifest,known,403,manifest,"Client error '403 ' for url 'https://openapiproext.bnf.fr/iiif/presentation/v3/ark:/12148/bd6t5137171x/manifest.json'
For more information check: https://developer.mozilla.org/en-US/docs/Web/HTTP/Status/403",2026-07-27T17:10:29.887568
petitmarocain,bd6t51371729,,failed,0,0,,http_manifest,known,403,manifest,"Client error '403 ' for url 'https://openapiproext.bnf.fr/iiif/presentation/v3/ark:/12148/bd6t51371729/manifest.json'
For more information check: https://developer.mozilla.org/en-US/docs/Web/HTTP/Status/403",2026-07-27T17:10:30.948565
petitmarocain,bd6t5137173p,,failed,0,0,,http_manifest,known,403,manifest,"Client error '403 ' for url 'https://openapiproext.bnf.fr/iiif/presentation/v3/ark:/12148/bd6t5137173p/manifest.json'
For more information check: https://developer.mozilla.org/en-US/docs/Web/HTTP/Status/403",2026-07-27T17:10:32.309181
petitmarocain,bd6t51371742,,failed,0,0,,http_manifest,known,403,manifest,"Client error '403 ' for url 'https://openapiproext.bnf.fr/iiif/presentation/v3/ark:/12148/bd6t51371742/manifest.json'
For more information check: https://developer.mozilla.org/en-US/docs/Web/HTTP/Status/403",2026-07-27T17:10:33.605339
petitmarocain,bd6t5137175f,,failed,0,0,,http_manifest,known,403,manifest,"Client error '403 ' for url 'https://openapiproext.bnf.fr/iiif/presentation/v3/ark:/12148/bd6t5137175f/manifest.json'
For more information check: https://developer.mozilla.org/en-US/docs/Web/HTTP/Status/403",2026-07-27T17:10:34.561788
petitmarocain,bd6t5137176t,,failed,0,0,,http_manifest,known,403,manifest,"Client error '403 ' for url 'https://openapiproext.bnf.fr/iiif/presentation/v3/ark:/12148/bd6t5137176t/manifest.json'
For more information check: https://developer.mozilla.org/en-US/docs/Web/HTTP/Status/403",2026-07-27T17:10:35.699824
petitmarocain,bd6t51371776,,failed,0,0,,http_manifest,known,403,manifest,"Client error '403 ' for url 'https://openapiproext.bnf.fr/iiif/presentation/v3/ark:/12148/bd6t51371776/manifest.json'
For more information check: https://developer.mozilla.org/en-US/docs/Web/HTTP/Status/403",2026-07-27T17:10:37.197987
petitmarocain,bd6t5137178k,,failed,0,0,,http_manifest,known,403,manifest,"Client error '403 ' for url 'https://openapiproext.bnf.fr/iiif/presentation/v3/ark:/12148/bd6t5137178k/manifest.json'
For more information check: https://developer.mozilla.org/en-US/docs/Web/HTTP/Status/403",2026-07-27T17:10:38.421539
petitmarocain,bd6t5137179z,,failed,0,0,,http_manifest,known,403,manifest,"Client error '403 ' for url 'https://openapiproext.bnf.fr/iiif/presentation/v3/ark:/12148/bd6t5137179z/manifest.json'
For more information check: https://developer.mozilla.org/en-US/docs/Web/HTTP/Status/403",2026-07-27T17:10:39.528866
petitmarocain,bd6t5137180w,,failed,0,0,,http_manifest,known,403,manifest,"Client error '403 ' for url 'https://openapiproext.bnf.fr/iiif/presentation/v3/ark:/12148/bd6t5137180w/manifest.json'
For more information check: https://developer.mozilla.org/en-US/docs/Web/HTTP/Status/403",2026-07-27T17:10:40.510671
petitmarocain,bd6t51371818,,failed,0,0,,http_manifest,known,403,manifest,"Client error '403 ' for url 'https://openapiproext.bnf.fr/iiif/presentation/v3/ark:/12148/bd6t51371818/manifest.json'
For more information check: https://developer.mozilla.org/en-US/docs/Web/HTTP/Status/403",2026-07-27T17:10:41.705646
petitmarocain,bd6t5137182n,,failed,0,0,,http_manifest,known,403,manifest,"Client error '403 ' for url 'https://openapiproext.bnf.fr/iiif/presentation/v3/ark:/12148/bd6t5137182n/manifest.json'
For more information check: https://developer.mozilla.org/en-US/docs/Web/HTTP/Status/403",2026-07-27T17:10:42.908724
petitmarocain,bd6t51371831,,failed,0,0,,http_manifest,known,403,manifest,"Client error '403 ' for url 'https://openapiproext.bnf.fr/iiif/presentation/v3/ark:/12148/bd6t51371831/manifest.json'
For more information check: https://developer.mozilla.org/en-US/docs/Web/HTTP/Status/403",2026-07-27T17:10:44.094567
petitmarocain,bd6t5137184d,,failed,0,0,,http_manifest,known,403,manifest,"Client error '403 ' for url 'https://openapiproext.bnf.fr/iiif/presentation/v3/ark:/12148/bd6t5137184d/manifest.json'
For more information check: https://developer.mozilla.org/en-US/docs/Web/HTTP/Status/403",2026-07-27T17:10:45.297552
petitmarocain,bd6t5137185s,,failed,0,0,,http_manifest,known,403,manifest,"Client error '403 ' for url 'https://openapiproext.bnf.fr/iiif/presentation/v3/ark:/12148/bd6t5137185s/manifest.json'
For more information check: https://developer.mozilla.org/en-US/docs/Web/HTTP/Status/403",2026-07-27T17:10:46.501937
petitmarocain,bd6t5136915k,,failed,0,0,,http_manifest,known,403,manifest,"Client error '403 ' for url 'https://openapiproext.bnf.fr/iiif/presentation/v3/ark:/12148/bd6t5136915k/manifest.json'
For more information check: https://developer.mozilla.org/en-US/docs/Web/HTTP/Status/403",2026-07-27T17:10:47.699574
petitmarocain,bd6t5136916z,,failed,0,0,,http_manifest,known,403,manifest,"Client error '403 ' for url 'https://openapiproext.bnf.fr/iiif/presentation/v3/ark:/12148/bd6t5136916z/manifest.json'
For more information check: https://developer.mozilla.org/en-US/docs/Web/HTTP/Status/403",2026-07-27T17:10:48.910256
petitmarocain,bd6t5136917b,,failed,0,0,,http_manifest,known,403,manifest,"Client error '403 ' for url 'https://openapiproext.bnf.fr/iiif/presentation/v3/ark:/12148/bd6t5136917b/manifest.json'
For more information check: https://developer.mozilla.org/en-US/docs/Web/HTTP/Status/403",2026-07-27T17:10:50.102464
petitmarocain,bd6t5136918q,,failed,0,0,,http_manifest,known,403,manifest,"Client error '403 ' for url 'https://openapiproext.bnf.fr/iiif/presentation/v3/ark:/12148/bd6t5136918q/manifest.json'
For more information check: https://developer.mozilla.org/en-US/docs/Web/HTTP/Status/403",2026-07-27T17:10:51.322295
petitmarocain,bd6t51369193,,failed,0,0,,http_manifest,known,403,manifest,"Client error '403 ' for url 'https://openapiproext.bnf.fr/iiif/presentation/v3/ark:/12148/bd6t51369193/manifest.json'
For more information check: https://developer.mozilla.org/en-US/docs/Web/HTTP/Status/403",2026-07-27T17:10:52.511198
petitmarocain,bd6t51369201,,failed,0,0,,http_manifest,known,403,manifest,"Client error '403 ' for url 'https://openapiproext.bnf.fr/iiif/presentation/v3/ark:/12148/bd6t51369201/manifest.json'
For more information check: https://developer.mozilla.org/en-US/docs/Web/HTTP/Status/403",2026-07-27T17:10:53.714441
petitmarocain,bd6t5136921d,,failed,0,0,,http_manifest,known,403,manifest,"Client error '403 ' for url 'https://openapiproext.bnf.fr/iiif/presentation/v3/ark:/12148/bd6t5136921d/manifest.json'
For more information check: https://developer.mozilla.org/en-US/docs/Web/HTTP/Status/403",2026-07-27T17:10:54.910709
petitmarocain,bd6t5136922s,,failed,0,0,,http_manifest,known,403,manifest,"Client error '403 ' for url 'https://openapiproext.bnf.fr/iiif/presentation/v3/ark:/12148/bd6t5136922s/manifest.json'
For more information check: https://developer.mozilla.org/en-US/docs/Web/HTTP/Status/403",2026-07-27T17:10:56.106565
petitmarocain,bd6t51369235,,failed,0,0,,http_manifest,known,403,manifest,"Client error '403 ' for url 'https://openapiproext.bnf.fr/iiif/presentation/v3/ark:/12148/bd6t51369235/manifest.json'
For more information check: https://developer.mozilla.org/en-US/docs/Web/HTTP/Status/403",2026-07-27T17:10:57.328193
petitmarocain,bd6t5136924j,,failed,0,0,,http_manifest,known,403,manifest,"Client error '403 ' for url 'https://openapiproext.bnf.fr/iiif/presentation/v3/ark:/12148/bd6t5136924j/manifest.json'
For more information check: https://developer.mozilla.org/en-US/docs/Web/HTTP/Status/403",2026-07-27T17:10:58.513577
petitmarocain,bd6t5136925x,,failed,0,0,,http_manifest,known,403,manifest,"Client error '403 ' for url 'https://openapiproext.bnf.fr/iiif/presentation/v3/ark:/12148/bd6t5136925x/manifest.json'
For more information check: https://developer.mozilla.org/en-US/docs/Web/HTTP/Status/403",2026-07-27T17:10:59.716197
petitmarocain,bd6t51369269,,failed,0,0,,http_manifest,known,403,manifest,"Client error '403 ' for url 'https://openapiproext.bnf.fr/iiif/presentation/v3/ark:/12148/bd6t51369269/manifest.json'
For more information check: https://developer.mozilla.org/en-US/docs/Web/HTTP/Status/403",2026-07-27T17:11:00.919882
petitmarocain,bd6t5136927p,,failed,0,0,,http_manifest,known,403,manifest,"Client error '403 ' for url 'https://openapiproext.bnf.fr/iiif/presentation/v3/ark:/12148/bd6t5136927p/manifest.json'
For more information check: https://developer.mozilla.org/en-US/docs/Web/HTTP/Status/403",2026-07-27T17:11:02.121443
petitmarocain,bd6t51369282,,failed,0,0,,http_manifest,known,403,manifest,"Client error '403 ' for url 'https://openapiproext.bnf.fr/iiif/presentation/v3/ark:/12148/bd6t51369282/manifest.json'
For more information check: https://developer.mozilla.org/en-US/docs/Web/HTTP/Status/403",2026-07-27T17:11:03.322123
petitmarocain,bd6t5136929f,,failed,0,0,,http_manifest,known,403,manifest,"Client error '403 ' for url 'https://openapiproext.bnf.fr/iiif/presentation/v3/ark:/12148/bd6t5136929f/manifest.json'
For more information check: https://developer.mozilla.org/en-US/docs/Web/HTTP/Status/403",2026-07-27T17:11:04.524683
petitmarocain,bd6t5136930c,,failed,0,0,,http_manifest,known,403,manifest,"Client error '403 ' for url 'https://openapiproext.bnf.fr/iiif/presentation/v3/ark:/12148/bd6t5136930c/manifest.json'
For more information check: https://developer.mozilla.org/en-US/docs/Web/HTTP/Status/403",2026-07-27T17:11:05.725091
petitmarocain,bd6t5136931r,,failed,0,0,,http_manifest,known,403,manifest,"Client error '403 ' for url 'https://openapiproext.bnf.fr/iiif/presentation/v3/ark:/12148/bd6t5136931r/manifest.json'
For more information check: https://developer.mozilla.org/en-US/docs/Web/HTTP/Status/403",2026-07-27T17:11:06.925574
petitmarocain,bd6t51369324,,failed,0,0,,http_manifest,known,403,manifest,"Client error '403 ' for url 'https://openapiproext.bnf.fr/iiif/presentation/v3/ark:/12148/bd6t51369324/manifest.json'
For more information check: https://developer.mozilla.org/en-US/docs/Web/HTTP/Status/403",2026-07-27T17:11:08.131722
petitmarocain,bd6t5136933h,,failed,0,0,,http_manifest,known,403,manifest,"Client error '403 ' for url 'https://openapiproext.bnf.fr/iiif/presentation/v3/ark:/12148/bd6t5136933h/manifest.json'
For more information check: https://developer.mozilla.org/en-US/docs/Web/HTTP/Status/403",2026-07-27T17:11:09.349212
petitmarocain,bd6t5136934w,,failed,0,0,,http_manifest,known,403,manifest,"Client error '403 ' for url 'https://openapiproext.bnf.fr/iiif/presentation/v3/ark:/12148/bd6t5136934w/manifest.json'
For more information check: https://developer.mozilla.org/en-US/docs/Web/HTTP/Status/403",2026-07-27T17:11:10.538449
petitmarocain,bd6t51369358,,failed,0,0,,http_manifest,known,403,manifest,"Client error '403 ' for url 'https://openapiproext.bnf.fr/iiif/presentation/v3/ark:/12148/bd6t51369358/manifest.json'
For more information check: https://developer.mozilla.org/en-US/docs/Web/HTTP/Status/403",2026-07-27T17:11:11.734657
petitmarocain,bd6t5136936n,,failed,0,0,,http_manifest,known,403,manifest,"Client error '403 ' for url 'https://openapiproext.bnf.fr/iiif/presentation/v3/ark:/12148/bd6t5136936n/manifest.json'
For more information check: https://developer.mozilla.org/en-US/docs/Web/HTTP/Status/403",2026-07-27T17:11:12.933924
petitmarocain,bd6t51369371,,failed,0,0,,http_manifest,known,403,manifest,"Client error '403 ' for url 'https://openapiproext.bnf.fr/iiif/presentation/v3/ark:/12148/bd6t51369371/manifest.json'
For more information check: https://developer.mozilla.org/en-US/docs/Web/HTTP/Status/403",2026-07-27T17:11:14.145972
petitmarocain,bd6t5136938d,,failed,0,0,,http_manifest,known,403,manifest,"Client error '403 ' for url 'https://openapiproext.bnf.fr/iiif/presentation/v3/ark:/12148/bd6t5136938d/manifest.json'
For more information check: https://developer.mozilla.org/en-US/docs/Web/HTTP/Status/403",2026-07-27T17:11:15.352884
petitmarocain,bd6t5136939s,,failed,0,0,,http_manifest,known,403,manifest,"Client error '403 ' for url 'https://openapiproext.bnf.fr/iiif/presentation/v3/ark:/12148/bd6t5136939s/manifest.json'
For more information check: https://developer.mozilla.org/en-US/docs/Web/HTTP/Status/403",2026-07-27T17:11:16.542877
petitmarocain,bd6t5136940q,,failed,0,0,,http_manifest,known,403,manifest,"Client error '403 ' for url 'https://openapiproext.bnf.fr/iiif/presentation/v3/ark:/12148/bd6t5136940q/manifest.json'
For more information check: https://developer.mozilla.org/en-US/docs/Web/HTTP/Status/403",2026-07-27T17:11:17.739656
petitmarocain,bd6t51369413,,failed,0,0,,http_manifest,known,403,manifest,"Client error '403 ' for url 'https://openapiproext.bnf.fr/iiif/presentation/v3/ark:/12148/bd6t51369413/manifest.json'
For more information check: https://developer.mozilla.org/en-US/docs/Web/HTTP/Status/403",2026-07-27T17:11:18.949417
petitmarocain,bd6t5136942g,,failed,0,0,,http_manifest,known,403,manifest,"Client error '403 ' for url 'https://openapiproext.bnf.fr/iiif/presentation/v3/ark:/12148/bd6t5136942g/manifest.json'
For more information check: https://developer.mozilla.org/en-US/docs/Web/HTTP/Status/403",2026-07-27T17:11:20.157127
petitmarocain,bd6t5136943v,,failed,0,0,,http_manifest,known,403,manifest,"Client error '403 ' for url 'https://openapiproext.bnf.fr/iiif/presentation/v3/ark:/12148/bd6t5136943v/manifest.json'
For more information check: https://developer.mozilla.org/en-US/docs/Web/HTTP/Status/403",2026-07-27T17:11:21.363881
petitmarocain,bd6t51369447,,failed,0,0,,http_manifest,known,403,manifest,"Client error '403 ' for url 'https://openapiproext.bnf.fr/iiif/presentation/v3/ark:/12148/bd6t51369447/manifest.json'
For more information check: https://developer.mozilla.org/en-US/docs/Web/HTTP/Status/403",2026-07-27T17:11:22.562307
petitmarocain,bd6t5136945m,,failed,0,0,,http_manifest,known,403,manifest,"Client error '403 ' for url 'https://openapiproext.bnf.fr/iiif/presentation/v3/ark:/12148/bd6t5136945m/manifest.json'
For more information check: https://developer.mozilla.org/en-US/docs/Web/HTTP/Status/403",2026-07-27T17:11:23.750383
petitmarocain,bd6t51369460,,failed,0,0,,http_manifest,known,403,manifest,"Client error '403 ' for url 'https://openapiproext.bnf.fr/iiif/presentation/v3/ark:/12148/bd6t51369460/manifest.json'
For more information check: https://developer.mozilla.org/en-US/docs/Web/HTTP/Status/403",2026-07-27T17:11:24.991910
petitmarocain,bd6t5136947c,,failed,0,0,,http_manifest,known,403,manifest,"Client error '403 ' for url 'https://openapiproext.bnf.fr/iiif/presentation/v3/ark:/12148/bd6t5136947c/manifest.json'
For more information check: https://developer.mozilla.org/en-US/docs/Web/HTTP/Status/403",2026-07-27T17:11:26.163544
petitmarocain,bd6t5136948r,,failed,0,0,,http_manifest,known,403,manifest,"Client error '403 ' for url 'https://openapiproext.bnf.fr/iiif/presentation/v3/ark:/12148/bd6t5136948r/manifest.json'
For more information check: https://developer.mozilla.org/en-US/docs/Web/HTTP/Status/403",2026-07-27T17:11:27.367041
petitmarocain,bd6t51369494,,failed,0,0,,http_manifest,known,403,manifest,"Client error '403 ' for url 'https://openapiproext.bnf.fr/iiif/presentation/v3/ark:/12148/bd6t51369494/manifest.json'
For more information check: https://developer.mozilla.org/en-US/docs/Web/HTTP/Status/403",2026-07-27T17:11:28.564819
petitmarocain,bd6t51369502,,failed,0,0,,http_manifest,known,403,manifest,"Client error '403 ' for url 'https://openapiproext.bnf.fr/iiif/presentation/v3/ark:/12148/bd6t51369502/manifest.json'
For more information check: https://developer.mozilla.org/en-US/docs/Web/HTTP/Status/403",2026-07-27T17:11:29.762819
petitmarocain,bd6t5136951f,,failed,0,0,,http_manifest,known,403,manifest,"Client error '403 ' for url 'https://openapiproext.bnf.fr/iiif/presentation/v3/ark:/12148/bd6t5136951f/manifest.json'
For more information check: https://developer.mozilla.org/en-US/docs/Web/HTTP/Status/403",2026-07-27T17:11:30.967380
petitmarocain,bd6t5136952t,,failed,0,0,,http_manifest,known,403,manifest,"Client error '403 ' for url 'https://openapiproext.bnf.fr/iiif/presentation/v3/ark:/12148/bd6t5136952t/manifest.json'
For more information check: https://developer.mozilla.org/en-US/docs/Web/HTTP/Status/403",2026-07-27T17:11:32.168402
petitmarocain,bd6t51369536,,failed,0,0,,http_manifest,known,403,manifest,"Client error '403 ' for url 'https://openapiproext.bnf.fr/iiif/presentation/v3/ark:/12148/bd6t51369536/manifest.json'
For more information check: https://developer.mozilla.org/en-US/docs/Web/HTTP/Status/403",2026-07-27T17:11:33.365594
petitmarocain,bd6t5136954k,,failed,0,0,,http_manifest,known,403,manifest,"Client error '403 ' for url 'https://openapiproext.bnf.fr/iiif/presentation/v3/ark:/12148/bd6t5136954k/manifest.json'
For more information check: https://developer.mozilla.org/en-US/docs/Web/HTTP/Status/403",2026-07-27T17:11:34.569121
petitmarocain,bd6t5136955z,,failed,0,0,,http_manifest,known,403,manifest,"Client error '403 ' for url 'https://openapiproext.bnf.fr/iiif/presentation/v3/ark:/12148/bd6t5136955z/manifest.json'
For more information check: https://developer.mozilla.org/en-US/docs/Web/HTTP/Status/403",2026-07-27T17:11:35.780372
petitmarocain,bd6t5136956b,,failed,0,0,,http_manifest,known,403,manifest,"Client error '403 ' for url 'https://openapiproext.bnf.fr/iiif/presentation/v3/ark:/12148/bd6t5136956b/manifest.json'
For more information check: https://developer.mozilla.org/en-US/docs/Web/HTTP/Status/403",2026-07-27T17:11:36.969138
petitmarocain,bd6t5136957q,,failed,0,0,,http_manifest,known,403,manifest,"Client error '403 ' for url 'https://openapiproext.bnf.fr/iiif/presentation/v3/ark:/12148/bd6t5136957q/manifest.json'
For more information check: https://developer.mozilla.org/en-US/docs/Web/HTTP/Status/403",2026-07-27T17:11:38.172942
petitmarocain,bd6t51369583,,failed,0,0,,http_manifest,known,403,manifest,"Client error '403 ' for url 'https://openapiproext.bnf.fr/iiif/presentation/v3/ark:/12148/bd6t51369583/manifest.json'
For more information check: https://developer.mozilla.org/en-US/docs/Web/HTTP/Status/403",2026-07-27T17:11:39.573237
petitmarocain,bd6t5136959g,,failed,0,0,,http_manifest,known,403,manifest,"Client error '403 ' for url 'https://openapiproext.bnf.fr/iiif/presentation/v3/ark:/12148/bd6t5136959g/manifest.json'
For more information check: https://developer.mozilla.org/en-US/docs/Web/HTTP/Status/403",2026-07-27T17:11:41.039898
petitmarocain,bd6t5136960d,,failed,0,0,,http_manifest,known,403,manifest,"Client error '403 ' for url 'https://openapiproext.bnf.fr/iiif/presentation/v3/ark:/12148/bd6t5136960d/manifest.json'
For more information check: https://developer.mozilla.org/en-US/docs/Web/HTTP/Status/403",2026-07-27T17:11:42.002376
petitmarocain,bd6t5136961s,,failed,0,0,,http_manifest,known,403,manifest,"Client error '403 ' for url 'https://openapiproext.bnf.fr/iiif/presentation/v3/ark:/12148/bd6t5136961s/manifest.json'
For more information check: https://developer.mozilla.org/en-US/docs/Web/HTTP/Status/403",2026-07-27T17:11:43.056277
petitmarocain,bd6t51369625,,failed,0,0,,http_manifest,known,403,manifest,"Client error '403 ' for url 'https://openapiproext.bnf.fr/iiif/presentation/v3/ark:/12148/bd6t51369625/manifest.json'
For more information check: https://developer.mozilla.org/en-US/docs/Web/HTTP/Status/403",2026-07-27T17:11:44.193700
petitmarocain,bd6t5136963j,,failed,0,0,,http_manifest,known,403,manifest,"Client error '403 ' for url 'https://openapiproext.bnf.fr/iiif/presentation/v3/ark:/12148/bd6t5136963j/manifest.json'
For more information check: https://developer.mozilla.org/en-US/docs/Web/HTTP/Status/403",2026-07-27T17:11:45.591456
petitmarocain,bd6t5136964x,,failed,0,0,,http_manifest,known,403,manifest,"Client error '403 ' for url 'https://openapiproext.bnf.fr/iiif/presentation/v3/ark:/12148/bd6t5136964x/manifest.json'
For more information check: https://developer.mozilla.org/en-US/docs/Web/HTTP/Status/403",2026-07-27T17:11:46.661588
petitmarocain,bd6t51369659,,failed,0,0,,http_manifest,known,403,manifest,"Client error '403 ' for url 'https://openapiproext.bnf.fr/iiif/presentation/v3/ark:/12148/bd6t51369659/manifest.json'
For more information check: https://developer.mozilla.org/en-US/docs/Web/HTTP/Status/403",2026-07-27T17:11:48.028954
petitmarocain,bd6t5136966p,,failed,0,0,,http_manifest,known,403,manifest,"Client error '403 ' for url 'https://openapiproext.bnf.fr/iiif/presentation/v3/ark:/12148/bd6t5136966p/manifest.json'
For more information check: https://developer.mozilla.org/en-US/docs/Web/HTTP/Status/403",2026-07-27T17:11:49.156758
petitmarocain,bd6t51369672,,failed,0,0,,http_manifest,known,403,manifest,"Client error '403 ' for url 'https://openapiproext.bnf.fr/iiif/presentation/v3/ark:/12148/bd6t51369672/manifest.json'
For more information check: https://developer.mozilla.org/en-US/docs/Web/HTTP/Status/403",2026-07-27T17:11:50.196760
petitmarocain,bd6t5136968f,,failed,0,0,,http_manifest,known,403,manifest,"Client error '403 ' for url 'https://openapiproext.bnf.fr/iiif/presentation/v3/ark:/12148/bd6t5136968f/manifest.json'
For more information check: https://developer.mozilla.org/en-US/docs/Web/HTTP/Status/403",2026-07-27T17:11:51.406101
petitmarocain,bd6t5136969t,,failed,0,0,,http_manifest,known,403,manifest,"Client error '403 ' for url 'https://openapiproext.bnf.fr/iiif/presentation/v3/ark:/12148/bd6t5136969t/manifest.json'
For more information check: https://developer.mozilla.org/en-US/docs/Web/HTTP/Status/403",2026-07-27T17:11:52.807899
petitmarocain,bd6t5136970r,,failed,0,0,,http_manifest,known,403,manifest,"Client error '403 ' for url 'https://openapiproext.bnf.fr/iiif/presentation/v3/ark:/12148/bd6t5136970r/manifest.json'
For more information check: https://developer.mozilla.org/en-US/docs/Web/HTTP/Status/403",2026-07-27T17:11:53.928742
petitmarocain,bd6t51369714,,failed,0,0,,http_manifest,known,403,manifest,"Client error '403 ' for url 'https://openapiproext.bnf.fr/iiif/presentation/v3/ark:/12148/bd6t51369714/manifest.json'
For more information check: https://developer.mozilla.org/en-US/docs/Web/HTTP/Status/403",2026-07-27T17:11:55.002682
petitmarocain,bd6t5136972h,,failed,0,0,,http_manifest,known,403,manifest,"Client error '403 ' for url 'https://openapiproext.bnf.fr/iiif/presentation/v3/ark:/12148/bd6t5136972h/manifest.json'
For more information check: https://developer.mozilla.org/en-US/docs/Web/HTTP/Status/403",2026-07-27T17:11:56.229343
petitmarocain,bd6t5136973w,,failed,0,0,,http_manifest,known,403,manifest,"Client error '403 ' for url 'https://openapiproext.bnf.fr/iiif/presentation/v3/ark:/12148/bd6t5136973w/manifest.json'
For more information check: https://developer.mozilla.org/en-US/docs/Web/HTTP/Status/403",2026-07-27T17:11:57.409935
petitmarocain,bd6t51369748,,failed,0,0,,http_manifest,known,403,manifest,"Client error '403 ' for url 'https://openapiproext.bnf.fr/iiif/presentation/v3/ark:/12148/bd6t51369748/manifest.json'
For more information check: https://developer.mozilla.org/en-US/docs/Web/HTTP/Status/403",2026-07-27T17:11:58.607903
petitmarocain,bd6t5136975n,,failed,0,0,,http_manifest,known,403,manifest,"Client error '403 ' for url 'https://openapiproext.bnf.fr/iiif/presentation/v3/ark:/12148/bd6t5136975n/manifest.json'
For more information check: https://developer.mozilla.org/en-US/docs/Web/HTTP/Status/403",2026-07-27T17:11:59.808123
petitmarocain,bd6t51369761,,failed,0,0,,http_manifest,known,403,manifest,"Client error '403 ' for url 'https://openapiproext.bnf.fr/iiif/presentation/v3/ark:/12148/bd6t51369761/manifest.json'
For more information check: https://developer.mozilla.org/en-US/docs/Web/HTTP/Status/403",2026-07-27T17:12:01.012604
petitmarocain,bd6t5136977d,,failed,0,0,,http_manifest,known,403,manifest,"Client error '403 ' for url 'https://openapiproext.bnf.fr/iiif/presentation/v3/ark:/12148/bd6t5136977d/manifest.json'
For more information check: https://developer.mozilla.org/en-US/docs/Web/HTTP/Status/403",2026-07-27T17:12:02.214852
petitmarocain,bd6t5136978s,,failed,0,0,,http_manifest,known,403,manifest,"Client error '403 ' for url 'https://openapiproext.bnf.fr/iiif/presentation/v3/ark:/12148/bd6t5136978s/manifest.json'
For more information check: https://developer.mozilla.org/en-US/docs/Web/HTTP/Status/403",2026-07-27T17:12:03.431393
petitmarocain,bd6t51369795,,failed,0,0,,http_manifest,known,403,manifest,"Client error '403 ' for url 'https://openapiproext.bnf.fr/iiif/presentation/v3/ark:/12148/bd6t51369795/manifest.json'
For more information check: https://developer.mozilla.org/en-US/docs/Web/HTTP/Status/403",2026-07-27T17:12:04.919177
petitmarocain,bd6t51369803,,failed,0,0,,http_manifest,known,403,manifest,"Client error '403 ' for url 'https://openapiproext.bnf.fr/iiif/presentation/v3/ark:/12148/bd6t51369803/manifest.json'
For more information check: https://developer.mozilla.org/en-US/docs/Web/HTTP/Status/403",2026-07-27T17:12:05.818594
petitmarocain,bd6t5136981g,,failed,0,0,,http_manifest,known,403,manifest,"Client error '403 ' for url 'https://openapiproext.bnf.fr/iiif/presentation/v3/ark:/12148/bd6t5136981g/manifest.json'
For more information check: https://developer.mozilla.org/en-US/docs/Web/HTTP/Status/403",2026-07-27T17:12:07.045425
petitmarocain,bd6t5136982v,,failed,0,0,,http_manifest,known,403,manifest,"Client error '403 ' for url 'https://openapiproext.bnf.fr/iiif/presentation/v3/ark:/12148/bd6t5136982v/manifest.json'
For more information check: https://developer.mozilla.org/en-US/docs/Web/HTTP/Status/403",2026-07-27T17:12:08.249203
petitmarocain,bd6t51369837,,failed,0,0,,http_manifest,known,403,manifest,"Client error '403 ' for url 'https://openapiproext.bnf.fr/iiif/presentation/v3/ark:/12148/bd6t51369837/manifest.json'
For more information check: https://developer.mozilla.org/en-US/docs/Web/HTTP/Status/403",2026-07-27T17:12:09.425732
petitmarocain,bd6t5136984m,,failed,0,0,,http_manifest,known,403,manifest,"Client error '403 ' for url 'https://openapiproext.bnf.fr/iiif/presentation/v3/ark:/12148/bd6t5136984m/manifest.json'
For more information check: https://developer.mozilla.org/en-US/docs/Web/HTTP/Status/403",2026-07-27T17:12:10.626341
petitmarocain,bd6t51369850,,failed,0,0,,http_manifest,known,403,manifest,"Client error '403 ' for url 'https://openapiproext.bnf.fr/iiif/presentation/v3/ark:/12148/bd6t51369850/manifest.json'
For more information check: https://developer.mozilla.org/en-US/docs/Web/HTTP/Status/403",2026-07-27T17:12:11.830498
petitmarocain,bd6t5136986c,,failed,0,0,,http_manifest,known,403,manifest,"Client error '403 ' for url 'https://openapiproext.bnf.fr/iiif/presentation/v3/ark:/12148/bd6t5136986c/manifest.json'
For more information check: https://developer.mozilla.org/en-US/docs/Web/HTTP/Status/403",2026-07-27T17:12:13.032625
petitmarocain,bd6t5136987r,,failed,0,0,,http_manifest,known,403,manifest,"Client error '403 ' for url 'https://openapiproext.bnf.fr/iiif/presentation/v3/ark:/12148/bd6t5136987r/manifest.json'
For more information check: https://developer.mozilla.org/en-US/docs/Web/HTTP/Status/403",2026-07-27T17:12:14.234848
petitmarocain,bd6t51369884,,failed,0,0,,http_manifest,known,403,manifest,"Client error '403 ' for url 'https://openapiproext.bnf.fr/iiif/presentation/v3/ark:/12148/bd6t51369884/manifest.json'
For more information check: https://developer.mozilla.org/en-US/docs/Web/HTTP/Status/403",2026-07-27T17:12:15.434693
petitmarocain,bd6t5136989h,,failed,0,0,,http_manifest,known,403,manifest,"Client error '403 ' for url 'https://openapiproext.bnf.fr/iiif/presentation/v3/ark:/12148/bd6t5136989h/manifest.json'
For more information check: https://developer.mozilla.org/en-US/docs/Web/HTTP/Status/403",2026-07-27T17:12:16.663649
petitmarocain,bd6t5136990f,,failed,0,0,,http_manifest,known,403,manifest,"Client error '403 ' for url 'https://openapiproext.bnf.fr/iiif/presentation/v3/ark:/12148/bd6t5136990f/manifest.json'
For more information check: https://developer.mozilla.org/en-US/docs/Web/HTTP/Status/403",2026-07-27T17:12:17.835689
petitmarocain,bd6t5136991t,,failed,0,0,,http_manifest,known,403,manifest,"Client error '403 ' for url 'https://openapiproext.bnf.fr/iiif/presentation/v3/ark:/12148/bd6t5136991t/manifest.json'
For more information check: https://developer.mozilla.org/en-US/docs/Web/HTTP/Status/403",2026-07-27T17:12:19.039890
petitmarocain,bd6t51369926,,failed,0,0,,http_manifest,known,403,manifest,"Client error '403 ' for url 'https://openapiproext.bnf.fr/iiif/presentation/v3/ark:/12148/bd6t51369926/manifest.json'
For more information check: https://developer.mozilla.org/en-US/docs/Web/HTTP/Status/403",2026-07-27T17:12:20.237469
petitmarocain,bd6t5136993k,,failed,0,0,,http_manifest,known,403,manifest,"Client error '403 ' for url 'https://openapiproext.bnf.fr/iiif/presentation/v3/ark:/12148/bd6t5136993k/manifest.json'
For more information check: https://developer.mozilla.org/en-US/docs/Web/HTTP/Status/403",2026-07-27T17:12:21.450743
petitmarocain,bd6t5136994z,,failed,0,0,,http_manifest,known,403,manifest,"Client error '403 ' for url 'https://openapiproext.bnf.fr/iiif/presentation/v3/ark:/12148/bd6t5136994z/manifest.json'
For more information check: https://developer.mozilla.org/en-US/docs/Web/HTTP/Status/403",2026-07-27T17:12:22.649888
petitmarocain,bd6t5136995b,,failed,0,0,,http_manifest,known,403,manifest,"Client error '403 ' for url 'https://openapiproext.bnf.fr/iiif/presentation/v3/ark:/12148/bd6t5136995b/manifest.json'
For more information check: https://developer.mozilla.org/en-US/docs/Web/HTTP/Status/403",2026-07-27T17:12:23.854751
petitmarocain,bd6t5136996q,,failed,0,0,,http_manifest,known,403,manifest,"Client error '403 ' for url 'https://openapiproext.bnf.fr/iiif/presentation/v3/ark:/12148/bd6t5136996q/manifest.json'
For more information check: https://developer.mozilla.org/en-US/docs/Web/HTTP/Status/403",2026-07-27T17:12:25.099902
petitmarocain,bd6t51369973,,failed,0,0,,http_manifest,known,403,manifest,"Client error '403 ' for url 'https://openapiproext.bnf.fr/iiif/presentation/v3/ark:/12148/bd6t51369973/manifest.json'
For more information check: https://developer.mozilla.org/en-US/docs/Web/HTTP/Status/403",2026-07-27T17:12:26.257069
petitmarocain,bd6t5136998g,,failed,0,0,,http_manifest,known,403,manifest,"Client error '403 ' for url 'https://openapiproext.bnf.fr/iiif/presentation/v3/ark:/12148/bd6t5136998g/manifest.json'
For more information check: https://developer.mozilla.org/en-US/docs/Web/HTTP/Status/403",2026-07-27T17:12:27.459762
petitmarocain,bd6t5136999v,,failed,0,0,,http_manifest,known,403,manifest,"Client error '403 ' for url 'https://openapiproext.bnf.fr/iiif/presentation/v3/ark:/12148/bd6t5136999v/manifest.json'
For more information check: https://developer.mozilla.org/en-US/docs/Web/HTTP/Status/403",2026-07-27T17:12:28.658378
petitmarocain,bd6t5137000t,,failed,0,0,,http_manifest,known,403,manifest,"Client error '403 ' for url 'https://openapiproext.bnf.fr/iiif/presentation/v3/ark:/12148/bd6t5137000t/manifest.json'
For more information check: https://developer.mozilla.org/en-US/docs/Web/HTTP/Status/403",2026-07-27T17:12:30.066544
petitmarocain,bd6t51370016,,failed,0,0,,http_manifest,known,403,manifest,"Client error '403 ' for url 'https://openapiproext.bnf.fr/iiif/presentation/v3/ark:/12148/bd6t51370016/manifest.json'
For more information check: https://developer.mozilla.org/en-US/docs/Web/HTTP/Status/403",2026-07-27T17:12:31.078680
petitmarocain,bd6t5137002k,,failed,0,0,,http_manifest,known,403,manifest,"Client error '403 ' for url 'https://openapiproext.bnf.fr/iiif/presentation/v3/ark:/12148/bd6t5137002k/manifest.json'
For more information check: https://developer.mozilla.org/en-US/docs/Web/HTTP/Status/403",2026-07-27T17:12:32.315352
petitmarocain,bd6t5137003z,,failed,0,0,,http_manifest,known,403,manifest,"Client error '403 ' for url 'https://openapiproext.bnf.fr/iiif/presentation/v3/ark:/12148/bd6t5137003z/manifest.json'
For more information check: https://developer.mozilla.org/en-US/docs/Web/HTTP/Status/403",2026-07-27T17:12:33.588867
petitmarocain,bd6t5137274c,,failed,0,0,,http_manifest,known,403,manifest,"Client error '403 ' for url 'https://openapiproext.bnf.fr/iiif/presentation/v3/ark:/12148/bd6t5137274c/manifest.json'
For more information check: https://developer.mozilla.org/en-US/docs/Web/HTTP/Status/403",2026-07-27T17:12:34.868277
petitmarocain,bd6t5137275r,,failed,0,0,,http_manifest,known,403,manifest,"Client error '403 ' for url 'https://openapiproext.bnf.fr/iiif/presentation/v3/ark:/12148/bd6t5137275r/manifest.json'
For more information check: https://developer.mozilla.org/en-US/docs/Web/HTTP/Status/403",2026-07-27T17:12:36.044402
petitmarocain,bd6t51372764,,failed,0,0,,http_manifest,known,403,manifest,"Client error '403 ' for url 'https://openapiproext.bnf.fr/iiif/presentation/v3/ark:/12148/bd6t51372764/manifest.json'
For more information check: https://developer.mozilla.org/en-US/docs/Web/HTTP/Status/403",2026-07-27T17:12:37.144312
petitmarocain,bd6t5137277h,,failed,0,0,,http_manifest,known,403,manifest,"Client error '403 ' for url 'https://openapiproext.bnf.fr/iiif/presentation/v3/ark:/12148/bd6t5137277h/manifest.json'
For more information check: https://developer.mozilla.org/en-US/docs/Web/HTTP/Status/403",2026-07-27T17:12:38.336205
petitmarocain,bd6t5137278w,,failed,0,0,,http_manifest,known,403,manifest,"Client error '403 ' for url 'https://openapiproext.bnf.fr/iiif/presentation/v3/ark:/12148/bd6t5137278w/manifest.json'
For more information check: https://developer.mozilla.org/en-US/docs/Web/HTTP/Status/403",2026-07-27T17:12:39.618750
petitmarocain,bd6t51372798,,failed,0,0,,http_manifest,known,403,manifest,"Client error '403 ' for url 'https://openapiproext.bnf.fr/iiif/presentation/v3/ark:/12148/bd6t51372798/manifest.json'
For more information check: https://developer.mozilla.org/en-US/docs/Web/HTTP/Status/403",2026-07-27T17:12:40.878958
petitmarocain,bd6t51372806,,failed,0,0,,http_manifest,known,403,manifest,"Client error '403 ' for url 'https://openapiproext.bnf.fr/iiif/presentation/v3/ark:/12148/bd6t51372806/manifest.json'
For more information check: https://developer.mozilla.org/en-US/docs/Web/HTTP/Status/403",2026-07-27T17:12:41.900298
petitmarocain,bd6t5137281k,,failed,0,0,,http_manifest,known,403,manifest,"Client error '403 ' for url 'https://openapiproext.bnf.fr/iiif/presentation/v3/ark:/12148/bd6t5137281k/manifest.json'
For more information check: https://developer.mozilla.org/en-US/docs/Web/HTTP/Status/403",2026-07-27T17:12:43.074493
petitmarocain,bd6t5137282z,,failed,0,0,,http_manifest,known,403,manifest,"Client error '403 ' for url 'https://openapiproext.bnf.fr/iiif/presentation/v3/ark:/12148/bd6t5137282z/manifest.json'
For more information check: https://developer.mozilla.org/en-US/docs/Web/HTTP/Status/403",2026-07-27T17:12:44.286762
petitmarocain,bd6t5137283b,,failed,0,0,,http_manifest,known,403,manifest,"Client error '403 ' for url 'https://openapiproext.bnf.fr/iiif/presentation/v3/ark:/12148/bd6t5137283b/manifest.json'
For more information check: https://developer.mozilla.org/en-US/docs/Web/HTTP/Status/403",2026-07-27T17:12:45.569986
petitmarocain,bd6t5137284q,,failed,0,0,,http_manifest,known,403,manifest,"Client error '403 ' for url 'https://openapiproext.bnf.fr/iiif/presentation/v3/ark:/12148/bd6t5137284q/manifest.json'
For more information check: https://developer.mozilla.org/en-US/docs/Web/HTTP/Status/403",2026-07-27T17:12:46.695829
petitmarocain,bd6t51372853,,failed,0,0,,http_manifest,known,403,manifest,"Client error '403 ' for url 'https://openapiproext.bnf.fr/iiif/presentation/v3/ark:/12148/bd6t51372853/manifest.json'
For more information check: https://developer.mozilla.org/en-US/docs/Web/HTTP/Status/403",2026-07-27T17:12:47.884792
petitmarocain,bd6t5137286g,,failed,0,0,,http_manifest,known,403,manifest,"Client error '403 ' for url 'https://openapiproext.bnf.fr/iiif/presentation/v3/ark:/12148/bd6t5137286g/manifest.json'
For more information check: https://developer.mozilla.org/en-US/docs/Web/HTTP/Status/403",2026-07-27T17:12:49.322256
petitmarocain,bd6t5137287v,,failed,0,0,,http_manifest,known,403,manifest,"Client error '403 ' for url 'https://openapiproext.bnf.fr/iiif/presentation/v3/ark:/12148/bd6t5137287v/manifest.json'
For more information check: https://developer.mozilla.org/en-US/docs/Web/HTTP/Status/403",2026-07-27T17:12:50.298528
petitmarocain,bd6t51372887,,failed,0,0,,http_manifest,known,403,manifest,"Client error '403 ' for url 'https://openapiproext.bnf.fr/iiif/presentation/v3/ark:/12148/bd6t51372887/manifest.json'
For more information check: https://developer.mozilla.org/en-US/docs/Web/HTTP/Status/403",2026-07-27T17:12:51.515468
petitmarocain,bd6t5137289m,,failed,0,0,,http_manifest,known,403,manifest,"Client error '403 ' for url 'https://openapiproext.bnf.fr/iiif/presentation/v3/ark:/12148/bd6t5137289m/manifest.json'
For more information check: https://developer.mozilla.org/en-US/docs/Web/HTTP/Status/403",2026-07-27T17:12:52.680934
petitmarocain,bd6t5137290j,,failed,0,0,,http_manifest,known,403,manifest,"Client error '403 ' for url 'https://openapiproext.bnf.fr/iiif/presentation/v3/ark:/12148/bd6t5137290j/manifest.json'
For more information check: https://developer.mozilla.org/en-US/docs/Web/HTTP/Status/403",2026-07-27T17:12:54.169191
petitmarocain,bd6t5137291x,,failed,0,0,,http_manifest,known,403,manifest,"Client error '403 ' for url 'https://openapiproext.bnf.fr/iiif/presentation/v3/ark:/12148/bd6t5137291x/manifest.json'
For more information check: https://developer.mozilla.org/en-US/docs/Web/HTTP/Status/403",2026-07-27T17:12:55.106376
petitmarocain,bd6t51372929,,failed,0,0,,http_manifest,known,403,manifest,"Client error '403 ' for url 'https://openapiproext.bnf.fr/iiif/presentation/v3/ark:/12148/bd6t51372929/manifest.json'
For more information check: https://developer.mozilla.org/en-US/docs/Web/HTTP/Status/403",2026-07-27T17:12:56.379456
petitmarocain,bd6t5137293p,,failed,0,0,,http_manifest,known,403,manifest,"Client error '403 ' for url 'https://openapiproext.bnf.fr/iiif/presentation/v3/ark:/12148/bd6t5137293p/manifest.json'
For more information check: https://developer.mozilla.org/en-US/docs/Web/HTTP/Status/403",2026-07-27T17:12:57.493167
petitmarocain,bd6t51372942,,failed,0,0,,http_manifest,known,403,manifest,"Client error '403 ' for url 'https://openapiproext.bnf.fr/iiif/presentation/v3/ark:/12148/bd6t51372942/manifest.json'
For more information check: https://developer.mozilla.org/en-US/docs/Web/HTTP/Status/403",2026-07-27T17:12:58.694266
petitmarocain,bd6t5137295f,,failed,0,0,,http_manifest,known,403,manifest,"Client error '403 ' for url 'https://openapiproext.bnf.fr/iiif/presentation/v3/ark:/12148/bd6t5137295f/manifest.json'
For more information check: https://developer.mozilla.org/en-US/docs/Web/HTTP/Status/403",2026-07-27T17:12:59.896047
petitmarocain,bd6t5137296t,,failed,0,0,,http_manifest,known,403,manifest,"Client error '403 ' for url 'https://openapiproext.bnf.fr/iiif/presentation/v3/ark:/12148/bd6t5137296t/manifest.json'
For more information check: https://developer.mozilla.org/en-US/docs/Web/HTTP/Status/403",2026-07-27T17:13:01.098775
petitmarocain,bd6t51372976,,failed,0,0,,http_manifest,known,403,manifest,"Client error '403 ' for url 'https://openapiproext.bnf.fr/iiif/presentation/v3/ark:/12148/bd6t51372976/manifest.json'
For more information check: https://developer.mozilla.org/en-US/docs/Web/HTTP/Status/403",2026-07-27T17:13:02.298344
petitmarocain,bd6t5137298k,,failed,0,0,,http_manifest,known,403,manifest,"Client error '403 ' for url 'https://openapiproext.bnf.fr/iiif/presentation/v3/ark:/12148/bd6t5137298k/manifest.json'
For more information check: https://developer.mozilla.org/en-US/docs/Web/HTTP/Status/403",2026-07-27T17:13:03.532912
petitmarocain,bd6t5137299z,,failed,0,0,,http_manifest,known,403,manifest,"Client error '403 ' for url 'https://openapiproext.bnf.fr/iiif/presentation/v3/ark:/12148/bd6t5137299z/manifest.json'
For more information check: https://developer.mozilla.org/en-US/docs/Web/HTTP/Status/403",2026-07-27T17:13:04.714966
petitmarocain,bd6t5137300r,,failed,0,0,,http_manifest,known,403,manifest,"Client error '403 ' for url 'https://openapiproext.bnf.fr/iiif/presentation/v3/ark:/12148/bd6t5137300r/manifest.json'
For more information check: https://developer.mozilla.org/en-US/docs/Web/HTTP/Status/403",2026-07-27T17:13:05.906058
petitmarocain,bd6t51373014,,failed,0,0,,http_manifest,known,403,manifest,"Client error '403 ' for url 'https://openapiproext.bnf.fr/iiif/presentation/v3/ark:/12148/bd6t51373014/manifest.json'
For more information check: https://developer.mozilla.org/en-US/docs/Web/HTTP/Status/403",2026-07-27T17:13:07.116389
petitmarocain,bd6t5137302h,,failed,0,0,,http_manifest,known,403,manifest,"Client error '403 ' for url 'https://openapiproext.bnf.fr/iiif/presentation/v3/ark:/12148/bd6t5137302h/manifest.json'
For more information check: https://developer.mozilla.org/en-US/docs/Web/HTTP/Status/403",2026-07-27T17:13:08.309307
petitmarocain,bd6t5137303w,,failed,0,0,,http_manifest,known,403,manifest,"Client error '403 ' for url 'https://openapiproext.bnf.fr/iiif/presentation/v3/ark:/12148/bd6t5137303w/manifest.json'
For more information check: https://developer.mozilla.org/en-US/docs/Web/HTTP/Status/403",2026-07-27T17:13:09.512637
petitmarocain,bd6t51373048,,failed,0,0,,http_manifest,known,403,manifest,"Client error '403 ' for url 'https://openapiproext.bnf.fr/iiif/presentation/v3/ark:/12148/bd6t51373048/manifest.json'
For more information check: https://developer.mozilla.org/en-US/docs/Web/HTTP/Status/403",2026-07-27T17:13:10.711288
petitmarocain,bd6t5137305n,,failed,0,0,,http_manifest,known,403,manifest,"Client error '403 ' for url 'https://openapiproext.bnf.fr/iiif/presentation/v3/ark:/12148/bd6t5137305n/manifest.json'
For more information check: https://developer.mozilla.org/en-US/docs/Web/HTTP/Status/403",2026-07-27T17:13:11.916908
petitmarocain,bd6t51373061,,failed,0,0,,http_manifest,known,403,manifest,"Client error '403 ' for url 'https://openapiproext.bnf.fr/iiif/presentation/v3/ark:/12148/bd6t51373061/manifest.json'
For more information check: https://developer.mozilla.org/en-US/docs/Web/HTTP/Status/403",2026-07-27T17:13:13.122015
petitmarocain,bd6t5137307d,,failed,0,0,,http_manifest,known,403,manifest,"Client error '403 ' for url 'https://openapiproext.bnf.fr/iiif/presentation/v3/ark:/12148/bd6t5137307d/manifest.json'
For more information check: https://developer.mozilla.org/en-US/docs/Web/HTTP/Status/403",2026-07-27T17:13:14.320708
petitmarocain,bd6t5137308s,,failed,0,0,,http_manifest,known,403,manifest,"Client error '403 ' for url 'https://openapiproext.bnf.fr/iiif/presentation/v3/ark:/12148/bd6t5137308s/manifest.json'
For more information check: https://developer.mozilla.org/en-US/docs/Web/HTTP/Status/403",2026-07-27T17:13:15.556613
petitmarocain,bd6t51373095,,failed,0,0,,http_manifest,known,403,manifest,"Client error '403 ' for url 'https://openapiproext.bnf.fr/iiif/presentation/v3/ark:/12148/bd6t51373095/manifest.json'
For more information check: https://developer.mozilla.org/en-US/docs/Web/HTTP/Status/403",2026-07-27T17:13:16.723341
petitmarocain,bd6t51373103,,failed,0,0,,http_manifest,known,403,manifest,"Client error '403 ' for url 'https://openapiproext.bnf.fr/iiif/presentation/v3/ark:/12148/bd6t51373103/manifest.json'
For more information check: https://developer.mozilla.org/en-US/docs/Web/HTTP/Status/403",2026-07-27T17:13:17.919764
petitmarocain,bd6t5137311g,,failed,0,0,,http_manifest,known,403,manifest,"Client error '403 ' for url 'https://openapiproext.bnf.fr/iiif/presentation/v3/ark:/12148/bd6t5137311g/manifest.json'
For more information check: https://developer.mozilla.org/en-US/docs/Web/HTTP/Status/403",2026-07-27T17:13:19.123875
petitmarocain,bd6t5137312v,,failed,0,0,,http_manifest,known,403,manifest,"Client error '403 ' for url 'https://openapiproext.bnf.fr/iiif/presentation/v3/ark:/12148/bd6t5137312v/manifest.json'
For more information check: https://developer.mozilla.org/en-US/docs/Web/HTTP/Status/403",2026-07-27T17:13:20.327037
petitmarocain,bd6t51373137,,failed,0,0,,http_manifest,known,403,manifest,"Client error '403 ' for url 'https://openapiproext.bnf.fr/iiif/presentation/v3/ark:/12148/bd6t51373137/manifest.json'
For more information check: https://developer.mozilla.org/en-US/docs/Web/HTTP/Status/403",2026-07-27T17:13:21.575335
petitmarocain,bd6t5137314m,,failed,0,0,,http_manifest,known,403,manifest,"Client error '403 ' for url 'https://openapiproext.bnf.fr/iiif/presentation/v3/ark:/12148/bd6t5137314m/manifest.json'
For more information check: https://developer.mozilla.org/en-US/docs/Web/HTTP/Status/403",2026-07-27T17:13:22.731412
petitmarocain,bd6t51373150,,failed,0,0,,http_manifest,known,403,manifest,"Client error '403 ' for url 'https://openapiproext.bnf.fr/iiif/presentation/v3/ark:/12148/bd6t51373150/manifest.json'
For more information check: https://developer.mozilla.org/en-US/docs/Web/HTTP/Status/403",2026-07-27T17:13:23.931216
petitmarocain,bd6t5137316c,,failed,0,0,,http_manifest,known,403,manifest,"Client error '403 ' for url 'https://openapiproext.bnf.fr/iiif/presentation/v3/ark:/12148/bd6t5137316c/manifest.json'
For more information check: https://developer.mozilla.org/en-US/docs/Web/HTTP/Status/403",2026-07-27T17:13:25.133827
petitmarocain,bd6t5137317r,,failed,0,0,,http_manifest,known,403,manifest,"Client error '403 ' for url 'https://openapiproext.bnf.fr/iiif/presentation/v3/ark:/12148/bd6t5137317r/manifest.json'
For more information check: https://developer.mozilla.org/en-US/docs/Web/HTTP/Status/403",2026-07-27T17:13:26.337300
petitmarocain,bd6t51373184,,failed,0,0,,http_manifest,known,403,manifest,"Client error '403 ' for url 'https://openapiproext.bnf.fr/iiif/presentation/v3/ark:/12148/bd6t51373184/manifest.json'
For more information check: https://developer.mozilla.org/en-US/docs/Web/HTTP/Status/403",2026-07-27T17:13:27.534924
petitmarocain,bd6t5137319h,,failed,0,0,,http_manifest,known,403,manifest,"Client error '403 ' for url 'https://openapiproext.bnf.fr/iiif/presentation/v3/ark:/12148/bd6t5137319h/manifest.json'
For more information check: https://developer.mozilla.org/en-US/docs/Web/HTTP/Status/403",2026-07-27T17:13:28.739343
petitmarocain,bd6t5137320f,,failed,0,0,,http_manifest,known,403,manifest,"Client error '403 ' for url 'https://openapiproext.bnf.fr/iiif/presentation/v3/ark:/12148/bd6t5137320f/manifest.json'
For more information check: https://developer.mozilla.org/en-US/docs/Web/HTTP/Status/403",2026-07-27T17:13:29.939883
petitmarocain,bd6t5137321t,,failed,0,0,,http_manifest,known,403,manifest,"Client error '403 ' for url 'https://openapiproext.bnf.fr/iiif/presentation/v3/ark:/12148/bd6t5137321t/manifest.json'
For more information check: https://developer.mozilla.org/en-US/docs/Web/HTTP/Status/403",2026-07-27T17:13:31.143931
petitmarocain,bd6t51373226,,failed,0,0,,http_manifest,known,403,manifest,"Client error '403 ' for url 'https://openapiproext.bnf.fr/iiif/presentation/v3/ark:/12148/bd6t51373226/manifest.json'
For more information check: https://developer.mozilla.org/en-US/docs/Web/HTTP/Status/403",2026-07-27T17:13:32.342583
petitmarocain,bd6t5137323k,,failed,0,0,,http_manifest,known,403,manifest,"Client error '403 ' for url 'https://openapiproext.bnf.fr/iiif/presentation/v3/ark:/12148/bd6t5137323k/manifest.json'
For more information check: https://developer.mozilla.org/en-US/docs/Web/HTTP/Status/403",2026-07-27T17:13:33.577543
petitmarocain,bd6t5137324z,,failed,0,0,,http_manifest,known,403,manifest,"Client error '403 ' for url 'https://openapiproext.bnf.fr/iiif/presentation/v3/ark:/12148/bd6t5137324z/manifest.json'
For more information check: https://developer.mozilla.org/en-US/docs/Web/HTTP/Status/403",2026-07-27T17:13:34.953336
petitmarocain,bd6t5137325b,,failed,0,0,,http_manifest,known,403,manifest,"Client error '403 ' for url 'https://openapiproext.bnf.fr/iiif/presentation/v3/ark:/12148/bd6t5137325b/manifest.json'
For more information check: https://developer.mozilla.org/en-US/docs/Web/HTTP/Status/403",2026-07-27T17:13:35.947107
petitmarocain,bd6t5137326q,,failed,0,0,,http_manifest,known,403,manifest,"Client error '403 ' for url 'https://openapiproext.bnf.fr/iiif/presentation/v3/ark:/12148/bd6t5137326q/manifest.json'
For more information check: https://developer.mozilla.org/en-US/docs/Web/HTTP/Status/403",2026-07-27T17:13:37.346566
petitmarocain,bd6t51373273,,failed,0,0,,http_manifest,known,403,manifest,"Client error '403 ' for url 'https://openapiproext.bnf.fr/iiif/presentation/v3/ark:/12148/bd6t51373273/manifest.json'
For more information check: https://developer.mozilla.org/en-US/docs/Web/HTTP/Status/403",2026-07-27T17:13:38.469354
petitmarocain,bd6t5137328g,,failed,0,0,,http_manifest,known,403,manifest,"Client error '403 ' for url 'https://openapiproext.bnf.fr/iiif/presentation/v3/ark:/12148/bd6t5137328g/manifest.json'
For more information check: https://developer.mozilla.org/en-US/docs/Web/HTTP/Status/403",2026-07-27T17:13:39.813015
petitmarocain,bd6t5137329v,,failed,0,0,,http_manifest,known,403,manifest,"Client error '403 ' for url 'https://openapiproext.bnf.fr/iiif/presentation/v3/ark:/12148/bd6t5137329v/manifest.json'
For more information check: https://developer.mozilla.org/en-US/docs/Web/HTTP/Status/403",2026-07-27T17:13:40.818878
petitmarocain,bd6t5137330s,,failed,0,0,,http_manifest,known,403,manifest,"Client error '403 ' for url 'https://openapiproext.bnf.fr/iiif/presentation/v3/ark:/12148/bd6t5137330s/manifest.json'
For more information check: https://developer.mozilla.org/en-US/docs/Web/HTTP/Status/403",2026-07-27T17:13:41.957255
petitmarocain,bd6t51373315,,failed,0,0,,http_manifest,known,403,manifest,"Client error '403 ' for url 'https://openapiproext.bnf.fr/iiif/presentation/v3/ark:/12148/bd6t51373315/manifest.json'
For more information check: https://developer.mozilla.org/en-US/docs/Web/HTTP/Status/403",2026-07-27T17:13:43.159418
petitmarocain,bd6t5137332j,,failed,0,0,,http_manifest,known,403,manifest,"Client error '403 ' for url 'https://openapiproext.bnf.fr/iiif/presentation/v3/ark:/12148/bd6t5137332j/manifest.json'
For more information check: https://developer.mozilla.org/en-US/docs/Web/HTTP/Status/403",2026-07-27T17:13:44.538070
petitmarocain,bd6t5137333x,,failed,0,0,,http_manifest,known,403,manifest,"Client error '403 ' for url 'https://openapiproext.bnf.fr/iiif/presentation/v3/ark:/12148/bd6t5137333x/manifest.json'
For more information check: https://developer.mozilla.org/en-US/docs/Web/HTTP/Status/403",2026-07-27T17:13:45.585065
petitmarocain,bd6t51373349,,failed,0,0,,http_manifest,known,403,manifest,"Client error '403 ' for url 'https://openapiproext.bnf.fr/iiif/presentation/v3/ark:/12148/bd6t51373349/manifest.json'
For more information check: https://developer.mozilla.org/en-US/docs/Web/HTTP/Status/403",2026-07-27T17:13:47.073697
petitmarocain,bd6t5137335p,,failed,0,0,,http_manifest,known,403,manifest,"Client error '403 ' for url 'https://openapiproext.bnf.fr/iiif/presentation/v3/ark:/12148/bd6t5137335p/manifest.json'
For more information check: https://developer.mozilla.org/en-US/docs/Web/HTTP/Status/403",2026-07-27T17:13:48.010258
petitmarocain,bd6t51373362,,failed,0,0,,http_manifest,known,403,manifest,"Client error '403 ' for url 'https://openapiproext.bnf.fr/iiif/presentation/v3/ark:/12148/bd6t51373362/manifest.json'
For more information check: https://developer.mozilla.org/en-US/docs/Web/HTTP/Status/403",2026-07-27T17:13:49.193708
petitmarocain,bd6t5137337f,,failed,0,0,,http_manifest,known,403,manifest,"Client error '403 ' for url 'https://openapiproext.bnf.fr/iiif/presentation/v3/ark:/12148/bd6t5137337f/manifest.json'
For more information check: https://developer.mozilla.org/en-US/docs/Web/HTTP/Status/403",2026-07-27T17:13:50.483606
petitmarocain,bd6t5137338t,,failed,0,0,,http_manifest,known,403,manifest,"Client error '403 ' for url 'https://openapiproext.bnf.fr/iiif/presentation/v3/ark:/12148/bd6t5137338t/manifest.json'
For more information check: https://developer.mozilla.org/en-US/docs/Web/HTTP/Status/403",2026-07-27T17:13:51.597467
petitmarocain,bd6t51373396,,failed,0,0,,http_manifest,known,403,manifest,"Client error '403 ' for url 'https://openapiproext.bnf.fr/iiif/presentation/v3/ark:/12148/bd6t51373396/manifest.json'
For more information check: https://developer.mozilla.org/en-US/docs/Web/HTTP/Status/403",2026-07-27T17:13:52.845558
petitmarocain,bd6t51373404,,failed,0,0,,http_manifest,known,403,manifest,"Client error '403 ' for url 'https://openapiproext.bnf.fr/iiif/presentation/v3/ark:/12148/bd6t51373404/manifest.json'
For more information check: https://developer.mozilla.org/en-US/docs/Web/HTTP/Status/403",2026-07-27T17:13:54.307918
petitmarocain,bd6t5137341h,,failed,0,0,,http_manifest,known,403,manifest,"Client error '403 ' for url 'https://openapiproext.bnf.fr/iiif/presentation/v3/ark:/12148/bd6t5137341h/manifest.json'
For more information check: https://developer.mozilla.org/en-US/docs/Web/HTTP/Status/403",2026-07-27T17:13:55.184558
petitmarocain,bd6t5137342w,,failed,0,0,,http_manifest,known,403,manifest,"Client error '403 ' for url 'https://openapiproext.bnf.fr/iiif/presentation/v3/ark:/12148/bd6t5137342w/manifest.json'
For more information check: https://developer.mozilla.org/en-US/docs/Web/HTTP/Status/403",2026-07-27T17:13:56.390405
petitmarocain,bd6t51373438,,failed,0,0,,http_manifest,known,403,manifest,"Client error '403 ' for url 'https://openapiproext.bnf.fr/iiif/presentation/v3/ark:/12148/bd6t51373438/manifest.json'
For more information check: https://developer.mozilla.org/en-US/docs/Web/HTTP/Status/403",2026-07-27T17:13:57.593349
petitmarocain,bd6t5137344n,,failed,0,0,,http_manifest,known,403,manifest,"Client error '403 ' for url 'https://openapiproext.bnf.fr/iiif/presentation/v3/ark:/12148/bd6t5137344n/manifest.json'
For more information check: https://developer.mozilla.org/en-US/docs/Web/HTTP/Status/403",2026-07-27T17:13:58.827104
petitmarocain,bd6t51373451,,failed,0,0,,http_manifest,known,403,manifest,"Client error '403 ' for url 'https://openapiproext.bnf.fr/iiif/presentation/v3/ark:/12148/bd6t51373451/manifest.json'
For more information check: https://developer.mozilla.org/en-US/docs/Web/HTTP/Status/403",2026-07-27T17:13:59.983209
petitmarocain,bd6t5137346d,,failed,0,0,,http_manifest,known,403,manifest,"Client error '403 ' for url 'https://openapiproext.bnf.fr/iiif/presentation/v3/ark:/12148/bd6t5137346d/manifest.json'
For more information check: https://developer.mozilla.org/en-US/docs/Web/HTTP/Status/403",2026-07-27T17:14:01.186870
petitmarocain,bd6t5137347s,,failed,0,0,,http_manifest,known,403,manifest,"Client error '403 ' for url 'https://openapiproext.bnf.fr/iiif/presentation/v3/ark:/12148/bd6t5137347s/manifest.json'
For more information check: https://developer.mozilla.org/en-US/docs/Web/HTTP/Status/403",2026-07-27T17:14:02.387008
petitmarocain,bd6t51373485,,failed,0,0,,http_manifest,known,403,manifest,"Client error '403 ' for url 'https://openapiproext.bnf.fr/iiif/presentation/v3/ark:/12148/bd6t51373485/manifest.json'
For more information check: https://developer.mozilla.org/en-US/docs/Web/HTTP/Status/403",2026-07-27T17:14:03.584739
petitmarocain,bd6t5137349j,,failed,0,0,,http_manifest,known,403,manifest,"Client error '403 ' for url 'https://openapiproext.bnf.fr/iiif/presentation/v3/ark:/12148/bd6t5137349j/manifest.json'
For more information check: https://developer.mozilla.org/en-US/docs/Web/HTTP/Status/403",2026-07-27T17:14:04.814591
petitmarocain,bd6t5137350g,,failed,0,0,,http_manifest,known,403,manifest,"Client error '403 ' for url 'https://openapiproext.bnf.fr/iiif/presentation/v3/ark:/12148/bd6t5137350g/manifest.json'
For more information check: https://developer.mozilla.org/en-US/docs/Web/HTTP/Status/403",2026-07-27T17:14:05.998106
petitmarocain,bd6t5137351v,,failed,0,0,,http_manifest,known,403,manifest,"Client error '403 ' for url 'https://openapiproext.bnf.fr/iiif/presentation/v3/ark:/12148/bd6t5137351v/manifest.json'
For more information check: https://developer.mozilla.org/en-US/docs/Web/HTTP/Status/403",2026-07-27T17:14:07.193244
petitmarocain,bd6t51373527,,failed,0,0,,http_manifest,known,403,manifest,"Client error '403 ' for url 'https://openapiproext.bnf.fr/iiif/presentation/v3/ark:/12148/bd6t51373527/manifest.json'
For more information check: https://developer.mozilla.org/en-US/docs/Web/HTTP/Status/403",2026-07-27T17:14:08.406168
petitmarocain,bd6t5137353m,,failed,0,0,,http_manifest,known,403,manifest,"Client error '403 ' for url 'https://openapiproext.bnf.fr/iiif/presentation/v3/ark:/12148/bd6t5137353m/manifest.json'
For more information check: https://developer.mozilla.org/en-US/docs/Web/HTTP/Status/403",2026-07-27T17:14:09.597164
petitmarocain,bd6t51373540,,failed,0,0,,http_manifest,known,403,manifest,"Client error '403 ' for url 'https://openapiproext.bnf.fr/iiif/presentation/v3/ark:/12148/bd6t51373540/manifest.json'
For more information check: https://developer.mozilla.org/en-US/docs/Web/HTTP/Status/403",2026-07-27T17:14:10.797775
petitmarocain,bd6t5137355c,,failed,0,0,,http_manifest,known,403,manifest,"Client error '403 ' for url 'https://openapiproext.bnf.fr/iiif/presentation/v3/ark:/12148/bd6t5137355c/manifest.json'
For more information check: https://developer.mozilla.org/en-US/docs/Web/HTTP/Status/403",2026-07-27T17:14:12.010207
petitmarocain,bd6t5137356r,,failed,0,0,,http_manifest,known,403,manifest,"Client error '403 ' for url 'https://openapiproext.bnf.fr/iiif/presentation/v3/ark:/12148/bd6t5137356r/manifest.json'
For more information check: https://developer.mozilla.org/en-US/docs/Web/HTTP/Status/403",2026-07-27T17:14:13.198387
petitmarocain,bd6t51373574,,failed,0,0,,http_manifest,known,403,manifest,"Client error '403 ' for url 'https://openapiproext.bnf.fr/iiif/presentation/v3/ark:/12148/bd6t51373574/manifest.json'
For more information check: https://developer.mozilla.org/en-US/docs/Web/HTTP/Status/403",2026-07-27T17:14:14.396517
petitmarocain,bd6t5137358h,,failed,0,0,,http_manifest,known,403,manifest,"Client error '403 ' for url 'https://openapiproext.bnf.fr/iiif/presentation/v3/ark:/12148/bd6t5137358h/manifest.json'
For more information check: https://developer.mozilla.org/en-US/docs/Web/HTTP/Status/403",2026-07-27T17:14:15.604430
petitmarocain,bd6t5137359w,,failed,0,0,,http_manifest,known,403,manifest,"Client error '403 ' for url 'https://openapiproext.bnf.fr/iiif/presentation/v3/ark:/12148/bd6t5137359w/manifest.json'
For more information check: https://developer.mozilla.org/en-US/docs/Web/HTTP/Status/403",2026-07-27T17:14:16.826715
petitmarocain,bd6t5137360t,,failed,0,0,,http_manifest,known,403,manifest,"Client error '403 ' for url 'https://openapiproext.bnf.fr/iiif/presentation/v3/ark:/12148/bd6t5137360t/manifest.json'
For more information check: https://developer.mozilla.org/en-US/docs/Web/HTTP/Status/403",2026-07-27T17:14:18.010649
petitmarocain,bd6t51373616,,failed,0,0,,http_manifest,known,403,manifest,"Client error '403 ' for url 'https://openapiproext.bnf.fr/iiif/presentation/v3/ark:/12148/bd6t51373616/manifest.json'
For more information check: https://developer.mozilla.org/en-US/docs/Web/HTTP/Status/403",2026-07-27T17:14:19.220409
petitmarocain,bd6t5137362k,,failed,0,0,,http_manifest,known,403,manifest,"Client error '403 ' for url 'https://openapiproext.bnf.fr/iiif/presentation/v3/ark:/12148/bd6t5137362k/manifest.json'
For more information check: https://developer.mozilla.org/en-US/docs/Web/HTTP/Status/403",2026-07-27T17:14:20.430974
petitmarocain,bd6t5137363z,,failed,0,0,,http_manifest,known,403,manifest,"Client error '403 ' for url 'https://openapiproext.bnf.fr/iiif/presentation/v3/ark:/12148/bd6t5137363z/manifest.json'
For more information check: https://developer.mozilla.org/en-US/docs/Web/HTTP/Status/403",2026-07-27T17:14:21.615769
petitmarocain,bd6t5139084n,,failed,0,0,,http_manifest,known,403,manifest,"Client error '403 ' for url 'https://openapiproext.bnf.fr/iiif/presentation/v3/ark:/12148/bd6t5139084n/manifest.json'
For more information check: https://developer.mozilla.org/en-US/docs/Web/HTTP/Status/403",2026-07-27T17:14:22.815586
petitmarocain,bd6t51390851,,failed,0,0,,http_manifest,known,403,manifest,"Client error '403 ' for url 'https://openapiproext.bnf.fr/iiif/presentation/v3/ark:/12148/bd6t51390851/manifest.json'
For more information check: https://developer.mozilla.org/en-US/docs/Web/HTTP/Status/403",2026-07-27T17:14:24.019816
petitmarocain,bd6t5139086d,,failed,0,0,,http_manifest,known,403,manifest,"Client error '403 ' for url 'https://openapiproext.bnf.fr/iiif/presentation/v3/ark:/12148/bd6t5139086d/manifest.json'
For more information check: https://developer.mozilla.org/en-US/docs/Web/HTTP/Status/403",2026-07-27T17:14:25.216541
petitmarocain,bd6t5139087s,,failed,0,0,,http_manifest,known,403,manifest,"Client error '403 ' for url 'https://openapiproext.bnf.fr/iiif/presentation/v3/ark:/12148/bd6t5139087s/manifest.json'
For more information check: https://developer.mozilla.org/en-US/docs/Web/HTTP/Status/403",2026-07-27T17:14:26.425830
petitmarocain,bd6t51390885,,failed,0,0,,http_manifest,known,403,manifest,"Client error '403 ' for url 'https://openapiproext.bnf.fr/iiif/presentation/v3/ark:/12148/bd6t51390885/manifest.json'
For more information check: https://developer.mozilla.org/en-US/docs/Web/HTTP/Status/403",2026-07-27T17:14:27.639736
petitmarocain,bd6t5139089j,,failed,0,0,,http_manifest,known,403,manifest,"Client error '403 ' for url 'https://openapiproext.bnf.fr/iiif/presentation/v3/ark:/12148/bd6t5139089j/manifest.json'
For more information check: https://developer.mozilla.org/en-US/docs/Web/HTTP/Status/403",2026-07-27T17:14:28.895905
petitmarocain,bd6t5139090g,,failed,0,0,,http_manifest,known,403,manifest,"Client error '403 ' for url 'https://openapiproext.bnf.fr/iiif/presentation/v3/ark:/12148/bd6t5139090g/manifest.json'
For more information check: https://developer.mozilla.org/en-US/docs/Web/HTTP/Status/403",2026-07-27T17:14:30.035447
petitmarocain,bd6t5139091v,,failed,0,0,,http_manifest,known,403,manifest,"Client error '403 ' for url 'https://openapiproext.bnf.fr/iiif/presentation/v3/ark:/12148/bd6t5139091v/manifest.json'
For more information check: https://developer.mozilla.org/en-US/docs/Web/HTTP/Status/403",2026-07-27T17:14:31.240638
petitmarocain,bd6t51390927,,failed,0,0,,http_manifest,known,403,manifest,"Client error '403 ' for url 'https://openapiproext.bnf.fr/iiif/presentation/v3/ark:/12148/bd6t51390927/manifest.json'
For more information check: https://developer.mozilla.org/en-US/docs/Web/HTTP/Status/403",2026-07-27T17:14:32.446699
petitmarocain,bd6t5139093m,,failed,0,0,,http_manifest,known,403,manifest,"Client error '403 ' for url 'https://openapiproext.bnf.fr/iiif/presentation/v3/ark:/12148/bd6t5139093m/manifest.json'
For more information check: https://developer.mozilla.org/en-US/docs/Web/HTTP/Status/403",2026-07-27T17:14:33.837947
petitmarocain,bd6t51390940,,failed,0,0,,http_manifest,known,403,manifest,"Client error '403 ' for url 'https://openapiproext.bnf.fr/iiif/presentation/v3/ark:/12148/bd6t51390940/manifest.json'
For more information check: https://developer.mozilla.org/en-US/docs/Web/HTTP/Status/403",2026-07-27T17:14:34.941831
petitmarocain,bd6t5139095c,,failed,0,0,,http_manifest,known,403,manifest,"Client error '403 ' for url 'https://openapiproext.bnf.fr/iiif/presentation/v3/ark:/12148/bd6t5139095c/manifest.json'
For more information check: https://developer.mozilla.org/en-US/docs/Web/HTTP/Status/403",2026-07-27T17:14:36.098501
petitmarocain,bd6t5139096r,,failed,0,0,,http_manifest,known,403,manifest,"Client error '403 ' for url 'https://openapiproext.bnf.fr/iiif/presentation/v3/ark:/12148/bd6t5139096r/manifest.json'
For more information check: https://developer.mozilla.org/en-US/docs/Web/HTTP/Status/403",2026-07-27T17:14:37.443558
petitmarocain,bd6t51390974,,failed,0,0,,http_manifest,known,403,manifest,"Client error '403 ' for url 'https://openapiproext.bnf.fr/iiif/presentation/v3/ark:/12148/bd6t51390974/manifest.json'
For more information check: https://developer.mozilla.org/en-US/docs/Web/HTTP/Status/403",2026-07-27T17:14:38.654735
petitmarocain,bd6t5139098h,,failed,0,0,,http_manifest,known,403,manifest,"Client error '403 ' for url 'https://openapiproext.bnf.fr/iiif/presentation/v3/ark:/12148/bd6t5139098h/manifest.json'
For more information check: https://developer.mozilla.org/en-US/docs/Web/HTTP/Status/403",2026-07-27T17:14:39.771549
petitmarocain,bd6t5139099w,,failed,0,0,,http_manifest,known,403,manifest,"Client error '403 ' for url 'https://openapiproext.bnf.fr/iiif/presentation/v3/ark:/12148/bd6t5139099w/manifest.json'
For more information check: https://developer.mozilla.org/en-US/docs/Web/HTTP/Status/403",2026-07-27T17:14:41.135769
petitmarocain,bd6t5139100p,,failed,0,0,,http_manifest,known,403,manifest,"Client error '403 ' for url 'https://openapiproext.bnf.fr/iiif/presentation/v3/ark:/12148/bd6t5139100p/manifest.json'
For more information check: https://developer.mozilla.org/en-US/docs/Web/HTTP/Status/403",2026-07-27T17:14:42.121125
petitmarocain,bd6t51391012,,failed,0,0,,http_manifest,known,403,manifest,"Client error '403 ' for url 'https://openapiproext.bnf.fr/iiif/presentation/v3/ark:/12148/bd6t51391012/manifest.json'
For more information check: https://developer.mozilla.org/en-US/docs/Web/HTTP/Status/403",2026-07-27T17:14:43.265910
petitmarocain,bd6t5139102f,,failed,0,0,,http_manifest,known,403,manifest,"Client error '403 ' for url 'https://openapiproext.bnf.fr/iiif/presentation/v3/ark:/12148/bd6t5139102f/manifest.json'
For more information check: https://developer.mozilla.org/en-US/docs/Web/HTTP/Status/403",2026-07-27T17:14:44.614950
petitmarocain,bd6t5139103t,,failed,0,0,,http_manifest,known,403,manifest,"Client error '403 ' for url 'https://openapiproext.bnf.fr/iiif/presentation/v3/ark:/12148/bd6t5139103t/manifest.json'
For more information check: https://developer.mozilla.org/en-US/docs/Web/HTTP/Status/403",2026-07-27T17:14:45.671936
petitmarocain,bd6t51391046,,failed,0,0,,http_manifest,known,403,manifest,"Client error '403 ' for url 'https://openapiproext.bnf.fr/iiif/presentation/v3/ark:/12148/bd6t51391046/manifest.json'
For more information check: https://developer.mozilla.org/en-US/docs/Web/HTTP/Status/403",2026-07-27T17:14:47.099664
petitmarocain,bd6t5139105k,,failed,0,0,,http_manifest,known,403,manifest,"Client error '403 ' for url 'https://openapiproext.bnf.fr/iiif/presentation/v3/ark:/12148/bd6t5139105k/manifest.json'
For more information check: https://developer.mozilla.org/en-US/docs/Web/HTTP/Status/403",2026-07-27T17:14:48.078354
petitmarocain,bd6t5139106z,,failed,0,0,,http_manifest,known,403,manifest,"Client error '403 ' for url 'https://openapiproext.bnf.fr/iiif/presentation/v3/ark:/12148/bd6t5139106z/manifest.json'
For more information check: https://developer.mozilla.org/en-US/docs/Web/HTTP/Status/403",2026-07-27T17:14:49.409692
petitmarocain,bd6t5139107b,,failed,0,0,,http_manifest,known,403,manifest,"Client error '403 ' for url 'https://openapiproext.bnf.fr/iiif/presentation/v3/ark:/12148/bd6t5139107b/manifest.json'
For more information check: https://developer.mozilla.org/en-US/docs/Web/HTTP/Status/403",2026-07-27T17:14:50.476830
petitmarocain,bd6t5139108q,,failed,0,0,,http_manifest,known,403,manifest,"Client error '403 ' for url 'https://openapiproext.bnf.fr/iiif/presentation/v3/ark:/12148/bd6t5139108q/manifest.json'
For more information check: https://developer.mozilla.org/en-US/docs/Web/HTTP/Status/403",2026-07-27T17:14:51.663078
petitmarocain,bd6t51391093,,failed,0,0,,http_manifest,known,403,manifest,"Client error '403 ' for url 'https://openapiproext.bnf.fr/iiif/presentation/v3/ark:/12148/bd6t51391093/manifest.json'
For more information check: https://developer.mozilla.org/en-US/docs/Web/HTTP/Status/403",2026-07-27T17:14:52.869709
petitmarocain,bd6t51391101,,failed,0,0,,http_manifest,known,403,manifest,"Client error '403 ' for url 'https://openapiproext.bnf.fr/iiif/presentation/v3/ark:/12148/bd6t51391101/manifest.json'
For more information check: https://developer.mozilla.org/en-US/docs/Web/HTTP/Status/403",2026-07-27T17:14:54.072319
petitmarocain,bd6t5139111d,,failed,0,0,,http_manifest,known,403,manifest,"Client error '403 ' for url 'https://openapiproext.bnf.fr/iiif/presentation/v3/ark:/12148/bd6t5139111d/manifest.json'
For more information check: https://developer.mozilla.org/en-US/docs/Web/HTTP/Status/403",2026-07-27T17:14:55.267967
petitmarocain,bd6t5139112s,,failed,0,0,,http_manifest,known,403,manifest,"Client error '403 ' for url 'https://openapiproext.bnf.fr/iiif/presentation/v3/ark:/12148/bd6t5139112s/manifest.json'
For more information check: https://developer.mozilla.org/en-US/docs/Web/HTTP/Status/403",2026-07-27T17:14:56.471639
petitmarocain,bd6t51391135,,failed,0,0,,http_manifest,known,403,manifest,"Client error '403 ' for url 'https://openapiproext.bnf.fr/iiif/presentation/v3/ark:/12148/bd6t51391135/manifest.json'
For more information check: https://developer.mozilla.org/en-US/docs/Web/HTTP/Status/403",2026-07-27T17:14:57.673677
petitmarocain,bd6t5139114j,,failed,0,0,,http_manifest,known,403,manifest,"Client error '403 ' for url 'https://openapiproext.bnf.fr/iiif/presentation/v3/ark:/12148/bd6t5139114j/manifest.json'
For more information check: https://developer.mozilla.org/en-US/docs/Web/HTTP/Status/403",2026-07-27T17:14:58.910568
petitmarocain,bd6t5139115x,,failed,0,0,,http_manifest,known,403,manifest,"Client error '403 ' for url 'https://openapiproext.bnf.fr/iiif/presentation/v3/ark:/12148/bd6t5139115x/manifest.json'
For more information check: https://developer.mozilla.org/en-US/docs/Web/HTTP/Status/403",2026-07-27T17:15:00.074126
petitmarocain,bd6t51391169,,failed,0,0,,http_manifest,known,403,manifest,"Client error '403 ' for url 'https://openapiproext.bnf.fr/iiif/presentation/v3/ark:/12148/bd6t51391169/manifest.json'
For more information check: https://developer.mozilla.org/en-US/docs/Web/HTTP/Status/403",2026-07-27T17:15:01.278388
petitmarocain,bd6t5139117p,,failed,0,0,,http_manifest,known,403,manifest,"Client error '403 ' for url 'https://openapiproext.bnf.fr/iiif/presentation/v3/ark:/12148/bd6t5139117p/manifest.json'
For more information check: https://developer.mozilla.org/en-US/docs/Web/HTTP/Status/403",2026-07-27T17:15:02.481945
petitmarocain,bd6t51391182,,failed,0,0,,http_manifest,known,403,manifest,"Client error '403 ' for url 'https://openapiproext.bnf.fr/iiif/presentation/v3/ark:/12148/bd6t51391182/manifest.json'
For more information check: https://developer.mozilla.org/en-US/docs/Web/HTTP/Status/403",2026-07-27T17:15:03.682974
petitmarocain,bd6t5139119f,,failed,0,0,,http_manifest,known,403,manifest,"Client error '403 ' for url 'https://openapiproext.bnf.fr/iiif/presentation/v3/ark:/12148/bd6t5139119f/manifest.json'
For more information check: https://developer.mozilla.org/en-US/docs/Web/HTTP/Status/403",2026-07-27T17:15:04.897079
petitmarocain,bd6t5139120c,,failed,0,0,,http_manifest,known,403,manifest,"Client error '403 ' for url 'https://openapiproext.bnf.fr/iiif/presentation/v3/ark:/12148/bd6t5139120c/manifest.json'
For more information check: https://developer.mozilla.org/en-US/docs/Web/HTTP/Status/403",2026-07-27T17:15:06.085049
petitmarocain,bd6t5139121r,,failed,0,0,,http_manifest,known,403,manifest,"Client error '403 ' for url 'https://openapiproext.bnf.fr/iiif/presentation/v3/ark:/12148/bd6t5139121r/manifest.json'
For more information check: https://developer.mozilla.org/en-US/docs/Web/HTTP/Status/403",2026-07-27T17:15:07.290375
petitmarocain,bd6t51391224,,failed,0,0,,http_manifest,known,403,manifest,"Client error '403 ' for url 'https://openapiproext.bnf.fr/iiif/presentation/v3/ark:/12148/bd6t51391224/manifest.json'
For more information check: https://developer.mozilla.org/en-US/docs/Web/HTTP/Status/403",2026-07-27T17:15:08.483650
petitmarocain,bd6t5139123h,,failed,0,0,,http_manifest,known,403,manifest,"Client error '403 ' for url 'https://openapiproext.bnf.fr/iiif/presentation/v3/ark:/12148/bd6t5139123h/manifest.json'
For more information check: https://developer.mozilla.org/en-US/docs/Web/HTTP/Status/403",2026-07-27T17:15:09.693348
petitmarocain,bd6t5139124w,,failed,0,0,,http_manifest,known,403,manifest,"Client error '403 ' for url 'https://openapiproext.bnf.fr/iiif/presentation/v3/ark:/12148/bd6t5139124w/manifest.json'
For more information check: https://developer.mozilla.org/en-US/docs/Web/HTTP/Status/403",2026-07-27T17:15:10.889894
petitmarocain,bd6t51391258,,failed,0,0,,http_manifest,known,403,manifest,"Client error '403 ' for url 'https://openapiproext.bnf.fr/iiif/presentation/v3/ark:/12148/bd6t51391258/manifest.json'
For more information check: https://developer.mozilla.org/en-US/docs/Web/HTTP/Status/403",2026-07-27T17:15:12.092425
petitmarocain,bd6t5139126n,,failed,0,0,,http_manifest,known,403,manifest,"Client error '403 ' for url 'https://openapiproext.bnf.fr/iiif/presentation/v3/ark:/12148/bd6t5139126n/manifest.json'
For more information check: https://developer.mozilla.org/en-US/docs/Web/HTTP/Status/403",2026-07-27T17:15:13.296711
petitmarocain,bd6t51391271,,failed,0,0,,http_manifest,known,403,manifest,"Client error '403 ' for url 'https://openapiproext.bnf.fr/iiif/presentation/v3/ark:/12148/bd6t51391271/manifest.json'
For more information check: https://developer.mozilla.org/en-US/docs/Web/HTTP/Status/403",2026-07-27T17:15:14.503944
petitmarocain,bd6t5139128d,,failed,0,0,,http_manifest,known,403,manifest,"Client error '403 ' for url 'https://openapiproext.bnf.fr/iiif/presentation/v3/ark:/12148/bd6t5139128d/manifest.json'
For more information check: https://developer.mozilla.org/en-US/docs/Web/HTTP/Status/403",2026-07-27T17:15:15.704112
petitmarocain,bd6t5139129s,,failed,0,0,,http_manifest,known,403,manifest,"Client error '403 ' for url 'https://openapiproext.bnf.fr/iiif/presentation/v3/ark:/12148/bd6t5139129s/manifest.json'
For more information check: https://developer.mozilla.org/en-US/docs/Web/HTTP/Status/403",2026-07-27T17:15:16.925375
petitmarocain,bd6t5139130q,,failed,0,0,,http_manifest,known,403,manifest,"Client error '403 ' for url 'https://openapiproext.bnf.fr/iiif/presentation/v3/ark:/12148/bd6t5139130q/manifest.json'
For more information check: https://developer.mozilla.org/en-US/docs/Web/HTTP/Status/403",2026-07-27T17:15:18.111969
petitmarocain,bd6t51391313,,failed,0,0,,http_manifest,known,403,manifest,"Client error '403 ' for url 'https://openapiproext.bnf.fr/iiif/presentation/v3/ark:/12148/bd6t51391313/manifest.json'
For more information check: https://developer.mozilla.org/en-US/docs/Web/HTTP/Status/403",2026-07-27T17:15:19.307188
petitmarocain,bd6t5139132g,,failed,0,0,,http_manifest,known,403,manifest,"Client error '403 ' for url 'https://openapiproext.bnf.fr/iiif/presentation/v3/ark:/12148/bd6t5139132g/manifest.json'
For more information check: https://developer.mozilla.org/en-US/docs/Web/HTTP/Status/403",2026-07-27T17:15:20.535982
petitmarocain,bd6t5139133v,,failed,0,0,,http_manifest,known,403,manifest,"Client error '403 ' for url 'https://openapiproext.bnf.fr/iiif/presentation/v3/ark:/12148/bd6t5139133v/manifest.json'
For more information check: https://developer.mozilla.org/en-US/docs/Web/HTTP/Status/403",2026-07-27T17:15:21.711842
petitmarocain,bd6t51391347,,failed,0,0,,http_manifest,known,403,manifest,"Client error '403 ' for url 'https://openapiproext.bnf.fr/iiif/presentation/v3/ark:/12148/bd6t51391347/manifest.json'
For more information check: https://developer.mozilla.org/en-US/docs/Web/HTTP/Status/403",2026-07-27T17:15:22.904940
petitmarocain,bd6t5139135m,,failed,0,0,,http_manifest,known,403,manifest,"Client error '403 ' for url 'https://openapiproext.bnf.fr/iiif/presentation/v3/ark:/12148/bd6t5139135m/manifest.json'
For more information check: https://developer.mozilla.org/en-US/docs/Web/HTTP/Status/403",2026-07-27T17:15:24.110449
petitmarocain,bd6t51391360,,failed,0,0,,http_manifest,known,403,manifest,"Client error '403 ' for url 'https://openapiproext.bnf.fr/iiif/presentation/v3/ark:/12148/bd6t51391360/manifest.json'
For more information check: https://developer.mozilla.org/en-US/docs/Web/HTTP/Status/403",2026-07-27T17:15:25.318801
petitmarocain,bd6t5139137c,,failed,0,0,,http_manifest,known,403,manifest,"Client error '403 ' for url 'https://openapiproext.bnf.fr/iiif/presentation/v3/ark:/12148/bd6t5139137c/manifest.json'
For more information check: https://developer.mozilla.org/en-US/docs/Web/HTTP/Status/403",2026-07-27T17:15:26.538684
petitmarocain,bd6t5139138r,,failed,0,0,,http_manifest,known,403,manifest,"Client error '403 ' for url 'https://openapiproext.bnf.fr/iiif/presentation/v3/ark:/12148/bd6t5139138r/manifest.json'
For more information check: https://developer.mozilla.org/en-US/docs/Web/HTTP/Status/403",2026-07-27T17:15:27.721466
petitmarocain,bd6t51391394,,failed,0,0,,http_manifest,known,403,manifest,"Client error '403 ' for url 'https://openapiproext.bnf.fr/iiif/presentation/v3/ark:/12148/bd6t51391394/manifest.json'
For more information check: https://developer.mozilla.org/en-US/docs/Web/HTTP/Status/403",2026-07-27T17:15:28.947108
petitmarocain,bd6t51391402,,failed,0,0,,http_manifest,known,403,manifest,"Client error '403 ' for url 'https://openapiproext.bnf.fr/iiif/presentation/v3/ark:/12148/bd6t51391402/manifest.json'
For more information check: https://developer.mozilla.org/en-US/docs/Web/HTTP/Status/403",2026-07-27T17:15:30.140493
petitmarocain,bd6t5139141f,,failed,0,0,,http_manifest,known,403,manifest,"Client error '403 ' for url 'https://openapiproext.bnf.fr/iiif/presentation/v3/ark:/12148/bd6t5139141f/manifest.json'
For more information check: https://developer.mozilla.org/en-US/docs/Web/HTTP/Status/403",2026-07-27T17:15:31.501258
petitmarocain,bd6t5139142t,,failed,0,0,,http_manifest,known,403,manifest,"Client error '403 ' for url 'https://openapiproext.bnf.fr/iiif/presentation/v3/ark:/12148/bd6t5139142t/manifest.json'
For more information check: https://developer.mozilla.org/en-US/docs/Web/HTTP/Status/403",2026-07-27T17:15:32.711730
petitmarocain,bd6t51391436,,failed,0,0,,http_manifest,known,403,manifest,"Client error '403 ' for url 'https://openapiproext.bnf.fr/iiif/presentation/v3/ark:/12148/bd6t51391436/manifest.json'
For more information check: https://developer.mozilla.org/en-US/docs/Web/HTTP/Status/403",2026-07-27T17:15:33.889173
petitmarocain,bd6t5139144k,,failed,0,0,,http_manifest,known,403,manifest,"Client error '403 ' for url 'https://openapiproext.bnf.fr/iiif/presentation/v3/ark:/12148/bd6t5139144k/manifest.json'
For more information check: https://developer.mozilla.org/en-US/docs/Web/HTTP/Status/403",2026-07-27T17:15:35.113312
petitmarocain,bd6t5139145z,,failed,0,0,,http_manifest,known,403,manifest,"Client error '403 ' for url 'https://openapiproext.bnf.fr/iiif/presentation/v3/ark:/12148/bd6t5139145z/manifest.json'
For more information check: https://developer.mozilla.org/en-US/docs/Web/HTTP/Status/403",2026-07-27T17:15:36.127507
petitmarocain,bd6t5139146b,,failed,0,0,,http_manifest,known,403,manifest,"Client error '403 ' for url 'https://openapiproext.bnf.fr/iiif/presentation/v3/ark:/12148/bd6t5139146b/manifest.json'
For more information check: https://developer.mozilla.org/en-US/docs/Web/HTTP/Status/403",2026-07-27T17:15:37.425614
petitmarocain,bd6t5139147q,,failed,0,0,,http_manifest,known,403,manifest,"Client error '403 ' for url 'https://openapiproext.bnf.fr/iiif/presentation/v3/ark:/12148/bd6t5139147q/manifest.json'
For more information check: https://developer.mozilla.org/en-US/docs/Web/HTTP/Status/403",2026-07-27T17:15:38.762688
petitmarocain,bd6t51391483,,failed,0,0,,http_manifest,known,403,manifest,"Client error '403 ' for url 'https://openapiproext.bnf.fr/iiif/presentation/v3/ark:/12148/bd6t51391483/manifest.json'
For more information check: https://developer.mozilla.org/en-US/docs/Web/HTTP/Status/403",2026-07-27T17:15:39.925265
petitmarocain,bd6t5139149g,,failed,0,0,,http_manifest,known,403,manifest,"Client error '403 ' for url 'https://openapiproext.bnf.fr/iiif/presentation/v3/ark:/12148/bd6t5139149g/manifest.json'
For more information check: https://developer.mozilla.org/en-US/docs/Web/HTTP/Status/403",2026-07-27T17:15:40.991577
petitmarocain,bd6t5139150d,,failed,0,0,,http_manifest,known,403,manifest,"Client error '403 ' for url 'https://openapiproext.bnf.fr/iiif/presentation/v3/ark:/12148/bd6t5139150d/manifest.json'
For more information check: https://developer.mozilla.org/en-US/docs/Web/HTTP/Status/403",2026-07-27T17:15:42.145655
petitmarocain,bd6t5139151s,,failed,0,0,,http_manifest,known,403,manifest,"Client error '403 ' for url 'https://openapiproext.bnf.fr/iiif/presentation/v3/ark:/12148/bd6t5139151s/manifest.json'
For more information check: https://developer.mozilla.org/en-US/docs/Web/HTTP/Status/403",2026-07-27T17:15:43.339404
petitmarocain,bd6t51391525,,failed,0,0,,http_manifest,known,403,manifest,"Client error '403 ' for url 'https://openapiproext.bnf.fr/iiif/presentation/v3/ark:/12148/bd6t51391525/manifest.json'
For more information check: https://developer.mozilla.org/en-US/docs/Web/HTTP/Status/403",2026-07-27T17:15:44.538926
petitmarocain,bd6t5139153j,,failed,0,0,,http_manifest,known,403,manifest,"Client error '403 ' for url 'https://openapiproext.bnf.fr/iiif/presentation/v3/ark:/12148/bd6t5139153j/manifest.json'
For more information check: https://developer.mozilla.org/en-US/docs/Web/HTTP/Status/403",2026-07-27T17:15:45.740958
petitmarocain,bd6t5139154x,,failed,0,0,,http_manifest,known,403,manifest,"Client error '403 ' for url 'https://openapiproext.bnf.fr/iiif/presentation/v3/ark:/12148/bd6t5139154x/manifest.json'
For more information check: https://developer.mozilla.org/en-US/docs/Web/HTTP/Status/403",2026-07-27T17:15:46.963578
petitmarocain,bd6t51391559,,failed,0,0,,http_manifest,known,403,manifest,"Client error '403 ' for url 'https://openapiproext.bnf.fr/iiif/presentation/v3/ark:/12148/bd6t51391559/manifest.json'
For more information check: https://developer.mozilla.org/en-US/docs/Web/HTTP/Status/403",2026-07-27T17:15:48.144976
petitmarocain,bd6t5139156p,,failed,0,0,,http_manifest,known,403,manifest,"Client error '403 ' for url 'https://openapiproext.bnf.fr/iiif/presentation/v3/ark:/12148/bd6t5139156p/manifest.json'
For more information check: https://developer.mozilla.org/en-US/docs/Web/HTTP/Status/403",2026-07-27T17:15:49.346404
petitmarocain,bd6t51391572,,failed,0,0,,http_manifest,known,403,manifest,"Client error '403 ' for url 'https://openapiproext.bnf.fr/iiif/presentation/v3/ark:/12148/bd6t51391572/manifest.json'
For more information check: https://developer.mozilla.org/en-US/docs/Web/HTTP/Status/403",2026-07-27T17:15:50.548474
petitmarocain,bd6t5139158f,,failed,0,0,,http_manifest,known,403,manifest,"Client error '403 ' for url 'https://openapiproext.bnf.fr/iiif/presentation/v3/ark:/12148/bd6t5139158f/manifest.json'
For more information check: https://developer.mozilla.org/en-US/docs/Web/HTTP/Status/403",2026-07-27T17:15:51.750037
petitmarocain,bd6t5139159t,,failed,0,0,,http_manifest,known,403,manifest,"Client error '403 ' for url 'https://openapiproext.bnf.fr/iiif/presentation/v3/ark:/12148/bd6t5139159t/manifest.json'
For more information check: https://developer.mozilla.org/en-US/docs/Web/HTTP/Status/403",2026-07-27T17:15:52.953486
petitmarocain,bd6t5139160r,,failed,0,0,,http_manifest,known,403,manifest,"Client error '403 ' for url 'https://openapiproext.bnf.fr/iiif/presentation/v3/ark:/12148/bd6t5139160r/manifest.json'
For more information check: https://developer.mozilla.org/en-US/docs/Web/HTTP/Status/403",2026-07-27T17:15:54.152477
petitmarocain,bd6t51391614,,failed,0,0,,http_manifest,known,403,manifest,"Client error '403 ' for url 'https://openapiproext.bnf.fr/iiif/presentation/v3/ark:/12148/bd6t51391614/manifest.json'
For more information check: https://developer.mozilla.org/en-US/docs/Web/HTTP/Status/403",2026-07-27T17:15:55.351401
petitmarocain,bd6t5139162h,,failed,0,0,,http_manifest,known,403,manifest,"Client error '403 ' for url 'https://openapiproext.bnf.fr/iiif/presentation/v3/ark:/12148/bd6t5139162h/manifest.json'
For more information check: https://developer.mozilla.org/en-US/docs/Web/HTTP/Status/403",2026-07-27T17:15:56.556029
petitmarocain,bd6t5139163w,,failed,0,0,,http_manifest,known,403,manifest,"Client error '403 ' for url 'https://openapiproext.bnf.fr/iiif/presentation/v3/ark:/12148/bd6t5139163w/manifest.json'
For more information check: https://developer.mozilla.org/en-US/docs/Web/HTTP/Status/403",2026-07-27T17:15:57.762742
petitmarocain,bd6t51391648,,failed,0,0,,http_manifest,known,403,manifest,"Client error '403 ' for url 'https://openapiproext.bnf.fr/iiif/presentation/v3/ark:/12148/bd6t51391648/manifest.json'
For more information check: https://developer.mozilla.org/en-US/docs/Web/HTTP/Status/403",2026-07-27T17:15:58.985636
petitmarocain,bd6t5139165n,,failed,0,0,,http_manifest,known,403,manifest,"Client error '403 ' for url 'https://openapiproext.bnf.fr/iiif/presentation/v3/ark:/12148/bd6t5139165n/manifest.json'
For more information check: https://developer.mozilla.org/en-US/docs/Web/HTTP/Status/403",2026-07-27T17:16:00.165166
petitmarocain,bd6t51391661,,failed,0,0,,http_manifest,known,403,manifest,"Client error '403 ' for url 'https://openapiproext.bnf.fr/iiif/presentation/v3/ark:/12148/bd6t51391661/manifest.json'
For more information check: https://developer.mozilla.org/en-US/docs/Web/HTTP/Status/403",2026-07-27T17:16:01.362039
petitmarocain,bd6t5139167d,,failed,0,0,,http_manifest,known,403,manifest,"Client error '403 ' for url 'https://openapiproext.bnf.fr/iiif/presentation/v3/ark:/12148/bd6t5139167d/manifest.json'
For more information check: https://developer.mozilla.org/en-US/docs/Web/HTTP/Status/403",2026-07-27T17:16:02.587803
petitmarocain,bd6t5139168s,,failed,0,0,,http_manifest,known,403,manifest,"Client error '403 ' for url 'https://openapiproext.bnf.fr/iiif/presentation/v3/ark:/12148/bd6t5139168s/manifest.json'
For more information check: https://developer.mozilla.org/en-US/docs/Web/HTTP/Status/403",2026-07-27T17:16:03.777976
petitmarocain,bd6t51391695,,failed,0,0,,http_manifest,known,403,manifest,"Client error '403 ' for url 'https://openapiproext.bnf.fr/iiif/presentation/v3/ark:/12148/bd6t51391695/manifest.json'
For more information check: https://developer.mozilla.org/en-US/docs/Web/HTTP/Status/403",2026-07-27T17:16:05.008577
petitmarocain,bd6t51391703,,failed,0,0,,http_manifest,known,403,manifest,"Client error '403 ' for url 'https://openapiproext.bnf.fr/iiif/presentation/v3/ark:/12148/bd6t51391703/manifest.json'
For more information check: https://developer.mozilla.org/en-US/docs/Web/HTTP/Status/403",2026-07-27T17:16:06.180794
petitmarocain,bd6t5139171g,,failed,0,0,,http_manifest,known,403,manifest,"Client error '403 ' for url 'https://openapiproext.bnf.fr/iiif/presentation/v3/ark:/12148/bd6t5139171g/manifest.json'
For more information check: https://developer.mozilla.org/en-US/docs/Web/HTTP/Status/403",2026-07-27T17:16:07.401552
petitmarocain,bd6t5139172v,,failed,0,0,,http_manifest,known,403,manifest,"Client error '403 ' for url 'https://openapiproext.bnf.fr/iiif/presentation/v3/ark:/12148/bd6t5139172v/manifest.json'
For more information check: https://developer.mozilla.org/en-US/docs/Web/HTTP/Status/403",2026-07-27T17:16:08.576732
petitmarocain,bd6t51391737,,failed,0,0,,http_manifest,known,403,manifest,"Client error '403 ' for url 'https://openapiproext.bnf.fr/iiif/presentation/v3/ark:/12148/bd6t51391737/manifest.json'
For more information check: https://developer.mozilla.org/en-US/docs/Web/HTTP/Status/403",2026-07-27T17:16:09.773912
petitmarocain,bd6t5138995w,,failed,0,0,,http_manifest,known,403,manifest,"Client error '403 ' for url 'https://openapiproext.bnf.fr/iiif/presentation/v3/ark:/12148/bd6t5138995w/manifest.json'
For more information check: https://developer.mozilla.org/en-US/docs/Web/HTTP/Status/403",2026-07-27T17:16:10.985772
petitmarocain,bd6t51389968,,failed,0,0,,http_manifest,known,403,manifest,"Client error '403 ' for url 'https://openapiproext.bnf.fr/iiif/presentation/v3/ark:/12148/bd6t51389968/manifest.json'
For more information check: https://developer.mozilla.org/en-US/docs/Web/HTTP/Status/403",2026-07-27T17:16:12.178306
petitmarocain,bd6t5138997n,,failed,0,0,,http_manifest,known,403,manifest,"Client error '403 ' for url 'https://openapiproext.bnf.fr/iiif/presentation/v3/ark:/12148/bd6t5138997n/manifest.json'
For more information check: https://developer.mozilla.org/en-US/docs/Web/HTTP/Status/403",2026-07-27T17:16:13.387539
petitmarocain,bd6t51389981,,failed,0,0,,http_manifest,known,403,manifest,"Client error '403 ' for url 'https://openapiproext.bnf.fr/iiif/presentation/v3/ark:/12148/bd6t51389981/manifest.json'
For more information check: https://developer.mozilla.org/en-US/docs/Web/HTTP/Status/403",2026-07-27T17:16:14.603549
petitmarocain,bd6t5138999d,,failed,0,0,,http_manifest,known,403,manifest,"Client error '403 ' for url 'https://openapiproext.bnf.fr/iiif/presentation/v3/ark:/12148/bd6t5138999d/manifest.json'
For more information check: https://developer.mozilla.org/en-US/docs/Web/HTTP/Status/403",2026-07-27T17:16:15.809110
petitmarocain,bd6t5139000c,,failed,0,0,,http_manifest,known,403,manifest,"Client error '403 ' for url 'https://openapiproext.bnf.fr/iiif/presentation/v3/ark:/12148/bd6t5139000c/manifest.json'
For more information check: https://developer.mozilla.org/en-US/docs/Web/HTTP/Status/403",2026-07-27T17:16:17.005941
petitmarocain,bd6t5139001r,,failed,0,0,,http_manifest,known,403,manifest,"Client error '403 ' for url 'https://openapiproext.bnf.fr/iiif/presentation/v3/ark:/12148/bd6t5139001r/manifest.json'
For more information check: https://developer.mozilla.org/en-US/docs/Web/HTTP/Status/403",2026-07-27T17:16:18.193627
petitmarocain,bd6t51390024,,failed,0,0,,http_manifest,known,403,manifest,"Client error '403 ' for url 'https://openapiproext.bnf.fr/iiif/presentation/v3/ark:/12148/bd6t51390024/manifest.json'
For more information check: https://developer.mozilla.org/en-US/docs/Web/HTTP/Status/403",2026-07-27T17:16:19.392760
petitmarocain,bd6t5139003h,,failed,0,0,,http_manifest,known,403,manifest,"Client error '403 ' for url 'https://openapiproext.bnf.fr/iiif/presentation/v3/ark:/12148/bd6t5139003h/manifest.json'
For more information check: https://developer.mozilla.org/en-US/docs/Web/HTTP/Status/403",2026-07-27T17:16:20.595505
petitmarocain,bd6t5139004w,,failed,0,0,,http_manifest,known,403,manifest,"Client error '403 ' for url 'https://openapiproext.bnf.fr/iiif/presentation/v3/ark:/12148/bd6t5139004w/manifest.json'
For more information check: https://developer.mozilla.org/en-US/docs/Web/HTTP/Status/403",2026-07-27T17:16:21.792799
petitmarocain,bd6t51390058,,failed,0,0,,http_manifest,known,403,manifest,"Client error '403 ' for url 'https://openapiproext.bnf.fr/iiif/presentation/v3/ark:/12148/bd6t51390058/manifest.json'
For more information check: https://developer.mozilla.org/en-US/docs/Web/HTTP/Status/403",2026-07-27T17:16:23.000168
petitmarocain,bd6t5139006n,,failed,0,0,,http_manifest,known,403,manifest,"Client error '403 ' for url 'https://openapiproext.bnf.fr/iiif/presentation/v3/ark:/12148/bd6t5139006n/manifest.json'
For more information check: https://developer.mozilla.org/en-US/docs/Web/HTTP/Status/403",2026-07-27T17:16:24.200814
petitmarocain,bd6t51390071,,failed,0,0,,http_manifest,known,403,manifest,"Client error '403 ' for url 'https://openapiproext.bnf.fr/iiif/presentation/v3/ark:/12148/bd6t51390071/manifest.json'
For more information check: https://developer.mozilla.org/en-US/docs/Web/HTTP/Status/403",2026-07-27T17:16:25.402251
petitmarocain,bd6t5139008d,,failed,0,0,,http_manifest,known,403,manifest,"Client error '403 ' for url 'https://openapiproext.bnf.fr/iiif/presentation/v3/ark:/12148/bd6t5139008d/manifest.json'
For more information check: https://developer.mozilla.org/en-US/docs/Web/HTTP/Status/403",2026-07-27T17:16:26.604087
petitmarocain,bd6t5139009s,,failed,0,0,,http_manifest,known,403,manifest,"Client error '403 ' for url 'https://openapiproext.bnf.fr/iiif/presentation/v3/ark:/12148/bd6t5139009s/manifest.json'
For more information check: https://developer.mozilla.org/en-US/docs/Web/HTTP/Status/403",2026-07-27T17:16:27.812798
petitmarocain,bd6t5139010q,,failed,0,0,,http_manifest,known,403,manifest,"Client error '403 ' for url 'https://openapiproext.bnf.fr/iiif/presentation/v3/ark:/12148/bd6t5139010q/manifest.json'
For more information check: https://developer.mozilla.org/en-US/docs/Web/HTTP/Status/403",2026-07-27T17:16:29.021016
petitmarocain,bd6t51390113,,failed,0,0,,http_manifest,known,403,manifest,"Client error '403 ' for url 'https://openapiproext.bnf.fr/iiif/presentation/v3/ark:/12148/bd6t51390113/manifest.json'
For more information check: https://developer.mozilla.org/en-US/docs/Web/HTTP/Status/403",2026-07-27T17:16:30.423989
petitmarocain,bd6t5139012g,,failed,0,0,,http_manifest,known,403,manifest,"Client error '403 ' for url 'https://openapiproext.bnf.fr/iiif/presentation/v3/ark:/12148/bd6t5139012g/manifest.json'
For more information check: https://developer.mozilla.org/en-US/docs/Web/HTTP/Status/403",2026-07-27T17:16:31.412207
petitmarocain,bd6t5139013v,,failed,0,0,,http_manifest,known,403,manifest,"Client error '403 ' for url 'https://openapiproext.bnf.fr/iiif/presentation/v3/ark:/12148/bd6t5139013v/manifest.json'
For more information check: https://developer.mozilla.org/en-US/docs/Web/HTTP/Status/403",2026-07-27T17:16:32.620851
petitmarocain,bd6t51390147,,failed,0,0,,http_manifest,known,403,manifest,"Client error '403 ' for url 'https://openapiproext.bnf.fr/iiif/presentation/v3/ark:/12148/bd6t51390147/manifest.json'
For more information check: https://developer.mozilla.org/en-US/docs/Web/HTTP/Status/403",2026-07-27T17:16:33.908340
petitmarocain,bd6t5139015m,,failed,0,0,,http_manifest,known,403,manifest,"Client error '403 ' for url 'https://openapiproext.bnf.fr/iiif/presentation/v3/ark:/12148/bd6t5139015m/manifest.json'
For more information check: https://developer.mozilla.org/en-US/docs/Web/HTTP/Status/403",2026-07-27T17:16:35.035519
petitmarocain,bd6t51390160,,failed,0,0,,http_manifest,known,403,manifest,"Client error '403 ' for url 'https://openapiproext.bnf.fr/iiif/presentation/v3/ark:/12148/bd6t51390160/manifest.json'
For more information check: https://developer.mozilla.org/en-US/docs/Web/HTTP/Status/403",2026-07-27T17:16:36.298856
petitmarocain,bd6t5139017c,,failed,0,0,,http_manifest,known,403,manifest,"Client error '403 ' for url 'https://openapiproext.bnf.fr/iiif/presentation/v3/ark:/12148/bd6t5139017c/manifest.json'
For more information check: https://developer.mozilla.org/en-US/docs/Web/HTTP/Status/403",2026-07-27T17:16:37.428144
petitmarocain,bd6t5139018r,,failed,0,0,,http_manifest,known,403,manifest,"Client error '403 ' for url 'https://openapiproext.bnf.fr/iiif/presentation/v3/ark:/12148/bd6t5139018r/manifest.json'
For more information check: https://developer.mozilla.org/en-US/docs/Web/HTTP/Status/403",2026-07-27T17:16:38.897840
petitmarocain,bd6t51390194,,failed,0,0,,http_manifest,known,403,manifest,"Client error '403 ' for url 'https://openapiproext.bnf.fr/iiif/presentation/v3/ark:/12148/bd6t51390194/manifest.json'
For more information check: https://developer.mozilla.org/en-US/docs/Web/HTTP/Status/403",2026-07-27T17:16:39.826104
petitmarocain,bd6t51390202,,failed,0,0,,http_manifest,known,403,manifest,"Client error '403 ' for url 'https://openapiproext.bnf.fr/iiif/presentation/v3/ark:/12148/bd6t51390202/manifest.json'
For more information check: https://developer.mozilla.org/en-US/docs/Web/HTTP/Status/403",2026-07-27T17:16:41.027329
petitmarocain,bd6t5139021f,,failed,0,0,,http_manifest,known,403,manifest,"Client error '403 ' for url 'https://openapiproext.bnf.fr/iiif/presentation/v3/ark:/12148/bd6t5139021f/manifest.json'
For more information check: https://developer.mozilla.org/en-US/docs/Web/HTTP/Status/403",2026-07-27T17:16:42.228319
petitmarocain,bd6t5139022t,,failed,0,0,,http_manifest,known,403,manifest,"Client error '403 ' for url 'https://openapiproext.bnf.fr/iiif/presentation/v3/ark:/12148/bd6t5139022t/manifest.json'
For more information check: https://developer.mozilla.org/en-US/docs/Web/HTTP/Status/403",2026-07-27T17:16:43.433735
petitmarocain,bd6t51390236,,failed,0,0,,http_manifest,known,403,manifest,"Client error '403 ' for url 'https://openapiproext.bnf.fr/iiif/presentation/v3/ark:/12148/bd6t51390236/manifest.json'
For more information check: https://developer.mozilla.org/en-US/docs/Web/HTTP/Status/403",2026-07-27T17:16:44.630321
petitmarocain,bd6t5139024k,,failed,0,0,,http_manifest,known,403,manifest,"Client error '403 ' for url 'https://openapiproext.bnf.fr/iiif/presentation/v3/ark:/12148/bd6t5139024k/manifest.json'
For more information check: https://developer.mozilla.org/en-US/docs/Web/HTTP/Status/403",2026-07-27T17:16:46.100332
petitmarocain,bd6t5139025z,,failed,0,0,,http_manifest,known,403,manifest,"Client error '403 ' for url 'https://openapiproext.bnf.fr/iiif/presentation/v3/ark:/12148/bd6t5139025z/manifest.json'
For more information check: https://developer.mozilla.org/en-US/docs/Web/HTTP/Status/403",2026-07-27T17:16:47.041757
petitmarocain,bd6t5139026b,,failed,0,0,,http_manifest,known,403,manifest,"Client error '403 ' for url 'https://openapiproext.bnf.fr/iiif/presentation/v3/ark:/12148/bd6t5139026b/manifest.json'
For more information check: https://developer.mozilla.org/en-US/docs/Web/HTTP/Status/403",2026-07-27T17:16:48.259202
petitmarocain,bd6t5139027q,,failed,0,0,,http_manifest,known,403,manifest,"Client error '403 ' for url 'https://openapiproext.bnf.fr/iiif/presentation/v3/ark:/12148/bd6t5139027q/manifest.json'
For more information check: https://developer.mozilla.org/en-US/docs/Web/HTTP/Status/403",2026-07-27T17:16:49.453919
petitmarocain,bd6t51390283,,failed,0,0,,http_manifest,known,403,manifest,"Client error '403 ' for url 'https://openapiproext.bnf.fr/iiif/presentation/v3/ark:/12148/bd6t51390283/manifest.json'
For more information check: https://developer.mozilla.org/en-US/docs/Web/HTTP/Status/403",2026-07-27T17:16:50.794293
petitmarocain,bd6t5139029g,,failed,0,0,,http_manifest,known,403,manifest,"Client error '403 ' for url 'https://openapiproext.bnf.fr/iiif/presentation/v3/ark:/12148/bd6t5139029g/manifest.json'
For more information check: https://developer.mozilla.org/en-US/docs/Web/HTTP/Status/403",2026-07-27T17:16:51.915731
petitmarocain,bd6t5139030d,,failed,0,0,,http_manifest,known,403,manifest,"Client error '403 ' for url 'https://openapiproext.bnf.fr/iiif/presentation/v3/ark:/12148/bd6t5139030d/manifest.json'
For more information check: https://developer.mozilla.org/en-US/docs/Web/HTTP/Status/403",2026-07-27T17:16:53.061641
petitmarocain,bd6t5139031s,,failed,0,0,,http_manifest,known,403,manifest,"Client error '403 ' for url 'https://openapiproext.bnf.fr/iiif/presentation/v3/ark:/12148/bd6t5139031s/manifest.json'
For more information check: https://developer.mozilla.org/en-US/docs/Web/HTTP/Status/403",2026-07-27T17:16:54.465433
petitmarocain,bd6t51390325,,failed,0,0,,http_manifest,known,403,manifest,"Client error '403 ' for url 'https://openapiproext.bnf.fr/iiif/presentation/v3/ark:/12148/bd6t51390325/manifest.json'
For more information check: https://developer.mozilla.org/en-US/docs/Web/HTTP/Status/403",2026-07-27T17:16:55.464689
petitmarocain,bd6t5139033j,,failed,0,0,,http_manifest,known,403,manifest,"Client error '403 ' for url 'https://openapiproext.bnf.fr/iiif/presentation/v3/ark:/12148/bd6t5139033j/manifest.json'
For more information check: https://developer.mozilla.org/en-US/docs/Web/HTTP/Status/403",2026-07-27T17:16:56.653431
petitmarocain,bd6t5139034x,,failed,0,0,,http_manifest,known,403,manifest,"Client error '403 ' for url 'https://openapiproext.bnf.fr/iiif/presentation/v3/ark:/12148/bd6t5139034x/manifest.json'
For more information check: https://developer.mozilla.org/en-US/docs/Web/HTTP/Status/403",2026-07-27T17:16:57.876575
petitmarocain,bd6t51390359,,failed,0,0,,http_manifest,known,403,manifest,"Client error '403 ' for url 'https://openapiproext.bnf.fr/iiif/presentation/v3/ark:/12148/bd6t51390359/manifest.json'
For more information check: https://developer.mozilla.org/en-US/docs/Web/HTTP/Status/403",2026-07-27T17:16:59.061491
petitmarocain,bd6t5139036p,,failed,0,0,,http_manifest,known,403,manifest,"Client error '403 ' for url 'https://openapiproext.bnf.fr/iiif/presentation/v3/ark:/12148/bd6t5139036p/manifest.json'
For more information check: https://developer.mozilla.org/en-US/docs/Web/HTTP/Status/403",2026-07-27T17:17:00.255841
petitmarocain,bd6t51390372,,failed,0,0,,http_manifest,known,403,manifest,"Client error '403 ' for url 'https://openapiproext.bnf.fr/iiif/presentation/v3/ark:/12148/bd6t51390372/manifest.json'
For more information check: https://developer.mozilla.org/en-US/docs/Web/HTTP/Status/403",2026-07-27T17:17:01.461171
petitmarocain,bd6t5139038f,,failed,0,0,,http_manifest,known,403,manifest,"Client error '403 ' for url 'https://openapiproext.bnf.fr/iiif/presentation/v3/ark:/12148/bd6t5139038f/manifest.json'
For more information check: https://developer.mozilla.org/en-US/docs/Web/HTTP/Status/403",2026-07-27T17:17:02.665053
petitmarocain,bd6t5139039t,,failed,0,0,,http_manifest,known,403,manifest,"Client error '403 ' for url 'https://openapiproext.bnf.fr/iiif/presentation/v3/ark:/12148/bd6t5139039t/manifest.json'
For more information check: https://developer.mozilla.org/en-US/docs/Web/HTTP/Status/403",2026-07-27T17:17:03.867266
petitmarocain,bd6t5139040r,,failed,0,0,,http_manifest,known,403,manifest,"Client error '403 ' for url 'https://openapiproext.bnf.fr/iiif/presentation/v3/ark:/12148/bd6t5139040r/manifest.json'
For more information check: https://developer.mozilla.org/en-US/docs/Web/HTTP/Status/403",2026-07-27T17:17:05.079130
petitmarocain,bd6t51390414,,failed,0,0,,http_manifest,known,403,manifest,"Client error '403 ' for url 'https://openapiproext.bnf.fr/iiif/presentation/v3/ark:/12148/bd6t51390414/manifest.json'
For more information check: https://developer.mozilla.org/en-US/docs/Web/HTTP/Status/403",2026-07-27T17:17:06.268723
petitmarocain,bd6t5139042h,,failed,0,0,,http_manifest,known,403,manifest,"Client error '403 ' for url 'https://openapiproext.bnf.fr/iiif/presentation/v3/ark:/12148/bd6t5139042h/manifest.json'
For more information check: https://developer.mozilla.org/en-US/docs/Web/HTTP/Status/403",2026-07-27T17:17:07.466816
petitmarocain,bd6t5139043w,,failed,0,0,,http_manifest,known,403,manifest,"Client error '403 ' for url 'https://openapiproext.bnf.fr/iiif/presentation/v3/ark:/12148/bd6t5139043w/manifest.json'
For more information check: https://developer.mozilla.org/en-US/docs/Web/HTTP/Status/403",2026-07-27T17:17:08.670380
petitmarocain,bd6t51390448,,failed,0,0,,http_manifest,known,403,manifest,"Client error '403 ' for url 'https://openapiproext.bnf.fr/iiif/presentation/v3/ark:/12148/bd6t51390448/manifest.json'
For more information check: https://developer.mozilla.org/en-US/docs/Web/HTTP/Status/403",2026-07-27T17:17:09.896864
petitmarocain,bd6t5139045n,,failed,0,0,,http_manifest,known,403,manifest,"Client error '403 ' for url 'https://openapiproext.bnf.fr/iiif/presentation/v3/ark:/12148/bd6t5139045n/manifest.json'
For more information check: https://developer.mozilla.org/en-US/docs/Web/HTTP/Status/403",2026-07-27T17:17:11.076119
petitmarocain,bd6t51390461,,failed,0,0,,http_manifest,known,403,manifest,"Client error '403 ' for url 'https://openapiproext.bnf.fr/iiif/presentation/v3/ark:/12148/bd6t51390461/manifest.json'
For more information check: https://developer.mozilla.org/en-US/docs/Web/HTTP/Status/403",2026-07-27T17:17:12.278333
petitmarocain,bd6t5139047d,,failed,0,0,,http_manifest,known,403,manifest,"Client error '403 ' for url 'https://openapiproext.bnf.fr/iiif/presentation/v3/ark:/12148/bd6t5139047d/manifest.json'
For more information check: https://developer.mozilla.org/en-US/docs/Web/HTTP/Status/403",2026-07-27T17:17:13.480456
petitmarocain,bd6t5139048s,,failed,0,0,,http_manifest,known,403,manifest,"Client error '403 ' for url 'https://openapiproext.bnf.fr/iiif/presentation/v3/ark:/12148/bd6t5139048s/manifest.json'
For more information check: https://developer.mozilla.org/en-US/docs/Web/HTTP/Status/403",2026-07-27T17:17:14.681327
petitmarocain,bd6t51390495,,failed,0,0,,http_manifest,known,403,manifest,"Client error '403 ' for url 'https://openapiproext.bnf.fr/iiif/presentation/v3/ark:/12148/bd6t51390495/manifest.json'
For more information check: https://developer.mozilla.org/en-US/docs/Web/HTTP/Status/403",2026-07-27T17:17:15.897596
petitmarocain,bd6t51390503,,failed,0,0,,http_manifest,known,403,manifest,"Client error '403 ' for url 'https://openapiproext.bnf.fr/iiif/presentation/v3/ark:/12148/bd6t51390503/manifest.json'
For more information check: https://developer.mozilla.org/en-US/docs/Web/HTTP/Status/403",2026-07-27T17:17:17.081231
petitmarocain,bd6t5139051g,,failed,0,0,,http_manifest,known,403,manifest,"Client error '403 ' for url 'https://openapiproext.bnf.fr/iiif/presentation/v3/ark:/12148/bd6t5139051g/manifest.json'
For more information check: https://developer.mozilla.org/en-US/docs/Web/HTTP/Status/403",2026-07-27T17:17:18.288079
petitmarocain,bd6t5139052v,,failed,0,0,,http_manifest,known,403,manifest,"Client error '403 ' for url 'https://openapiproext.bnf.fr/iiif/presentation/v3/ark:/12148/bd6t5139052v/manifest.json'
For more information check: https://developer.mozilla.org/en-US/docs/Web/HTTP/Status/403",2026-07-27T17:17:19.483980
petitmarocain,bd6t51390537,,failed,0,0,,http_manifest,known,403,manifest,"Client error '403 ' for url 'https://openapiproext.bnf.fr/iiif/presentation/v3/ark:/12148/bd6t51390537/manifest.json'
For more information check: https://developer.mozilla.org/en-US/docs/Web/HTTP/Status/403",2026-07-27T17:17:20.689696
petitmarocain,bd6t5139054m,,failed,0,0,,http_manifest,known,403,manifest,"Client error '403 ' for url 'https://openapiproext.bnf.fr/iiif/presentation/v3/ark:/12148/bd6t5139054m/manifest.json'
For more information check: https://developer.mozilla.org/en-US/docs/Web/HTTP/Status/403",2026-07-27T17:17:21.891262
petitmarocain,bd6t51390550,,failed,0,0,,http_manifest,known,403,manifest,"Client error '403 ' for url 'https://openapiproext.bnf.fr/iiif/presentation/v3/ark:/12148/bd6t51390550/manifest.json'
For more information check: https://developer.mozilla.org/en-US/docs/Web/HTTP/Status/403",2026-07-27T17:17:23.097757
petitmarocain,bd6t5139056c,,failed,0,0,,http_manifest,known,403,manifest,"Client error '403 ' for url 'https://openapiproext.bnf.fr/iiif/presentation/v3/ark:/12148/bd6t5139056c/manifest.json'
For more information check: https://developer.mozilla.org/en-US/docs/Web/HTTP/Status/403",2026-07-27T17:17:24.291103
petitmarocain,bd6t5139057r,,failed,0,0,,http_manifest,known,403,manifest,"Client error '403 ' for url 'https://openapiproext.bnf.fr/iiif/presentation/v3/ark:/12148/bd6t5139057r/manifest.json'
For more information check: https://developer.mozilla.org/en-US/docs/Web/HTTP/Status/403",2026-07-27T17:17:25.496174
petitmarocain,bd6t51390584,,failed,0,0,,http_manifest,known,403,manifest,"Client error '403 ' for url 'https://openapiproext.bnf.fr/iiif/presentation/v3/ark:/12148/bd6t51390584/manifest.json'
For more information check: https://developer.mozilla.org/en-US/docs/Web/HTTP/Status/403",2026-07-27T17:17:26.692859
petitmarocain,bd6t5139059h,,failed,0,0,,http_manifest,known,403,manifest,"Client error '403 ' for url 'https://openapiproext.bnf.fr/iiif/presentation/v3/ark:/12148/bd6t5139059h/manifest.json'
For more information check: https://developer.mozilla.org/en-US/docs/Web/HTTP/Status/403",2026-07-27T17:17:27.917673
petitmarocain,bd6t5139060f,,failed,0,0,,http_manifest,known,403,manifest,"Client error '403 ' for url 'https://openapiproext.bnf.fr/iiif/presentation/v3/ark:/12148/bd6t5139060f/manifest.json'
For more information check: https://developer.mozilla.org/en-US/docs/Web/HTTP/Status/403",2026-07-27T17:17:29.271198
petitmarocain,bd6t5139061t,,failed,0,0,,http_manifest,known,403,manifest,"Client error '403 ' for url 'https://openapiproext.bnf.fr/iiif/presentation/v3/ark:/12148/bd6t5139061t/manifest.json'
For more information check: https://developer.mozilla.org/en-US/docs/Web/HTTP/Status/403",2026-07-27T17:17:30.317240
petitmarocain,bd6t51390626,,failed,0,0,,http_manifest,known,403,manifest,"Client error '403 ' for url 'https://openapiproext.bnf.fr/iiif/presentation/v3/ark:/12148/bd6t51390626/manifest.json'
For more information check: https://developer.mozilla.org/en-US/docs/Web/HTTP/Status/403",2026-07-27T17:17:31.512328
petitmarocain,bd6t5139063k,,failed,0,0,,http_manifest,known,403,manifest,"Client error '403 ' for url 'https://openapiproext.bnf.fr/iiif/presentation/v3/ark:/12148/bd6t5139063k/manifest.json'
For more information check: https://developer.mozilla.org/en-US/docs/Web/HTTP/Status/403",2026-07-27T17:17:32.706874
petitmarocain,bd6t5139064z,,failed,0,0,,http_manifest,known,403,manifest,"Client error '403 ' for url 'https://openapiproext.bnf.fr/iiif/presentation/v3/ark:/12148/bd6t5139064z/manifest.json'
For more information check: https://developer.mozilla.org/en-US/docs/Web/HTTP/Status/403",2026-07-27T17:17:33.914486
petitmarocain,bd6t5139065b,,failed,0,0,,http_manifest,known,403,manifest,"Client error '403 ' for url 'https://openapiproext.bnf.fr/iiif/presentation/v3/ark:/12148/bd6t5139065b/manifest.json'
For more information check: https://developer.mozilla.org/en-US/docs/Web/HTTP/Status/403",2026-07-27T17:17:35.114513
petitmarocain,bd6t5139066q,,failed,0,0,,http_manifest,known,403,manifest,"Client error '403 ' for url 'https://openapiproext.bnf.fr/iiif/presentation/v3/ark:/12148/bd6t5139066q/manifest.json'
For more information check: https://developer.mozilla.org/en-US/docs/Web/HTTP/Status/403",2026-07-27T17:17:36.310884
petitmarocain,bd6t51390673,,failed,0,0,,http_manifest,known,403,manifest,"Client error '403 ' for url 'https://openapiproext.bnf.fr/iiif/presentation/v3/ark:/12148/bd6t51390673/manifest.json'
For more information check: https://developer.mozilla.org/en-US/docs/Web/HTTP/Status/403",2026-07-27T17:17:37.638135
petitmarocain,bd6t5139068g,,failed,0,0,,http_manifest,known,403,manifest,"Client error '403 ' for url 'https://openapiproext.bnf.fr/iiif/presentation/v3/ark:/12148/bd6t5139068g/manifest.json'
For more information check: https://developer.mozilla.org/en-US/docs/Web/HTTP/Status/403",2026-07-27T17:17:38.954478
petitmarocain,bd6t5139069v,,failed,0,0,,http_manifest,known,403,manifest,"Client error '403 ' for url 'https://openapiproext.bnf.fr/iiif/presentation/v3/ark:/12148/bd6t5139069v/manifest.json'
For more information check: https://developer.mozilla.org/en-US/docs/Web/HTTP/Status/403",2026-07-27T17:17:40.121045
petitmarocain,bd6t5139070s,,failed,0,0,,http_manifest,known,403,manifest,"Client error '403 ' for url 'https://openapiproext.bnf.fr/iiif/presentation/v3/ark:/12148/bd6t5139070s/manifest.json'
For more information check: https://developer.mozilla.org/en-US/docs/Web/HTTP/Status/403",2026-07-27T17:17:41.141858
petitmarocain,bd6t51390715,,failed,0,0,,http_manifest,known,403,manifest,"Client error '403 ' for url 'https://openapiproext.bnf.fr/iiif/presentation/v3/ark:/12148/bd6t51390715/manifest.json'
For more information check: https://developer.mozilla.org/en-US/docs/Web/HTTP/Status/403",2026-07-27T17:17:42.498690
petitmarocain,bd6t5139072j,,failed,0,0,,http_manifest,known,403,manifest,"Client error '403 ' for url 'https://openapiproext.bnf.fr/iiif/presentation/v3/ark:/12148/bd6t5139072j/manifest.json'
For more information check: https://developer.mozilla.org/en-US/docs/Web/HTTP/Status/403",2026-07-27T17:17:43.599103
petitmarocain,bd6t5139073x,,failed,0,0,,http_manifest,known,403,manifest,"Client error '403 ' for url 'https://openapiproext.bnf.fr/iiif/presentation/v3/ark:/12148/bd6t5139073x/manifest.json'
For more information check: https://developer.mozilla.org/en-US/docs/Web/HTTP/Status/403",2026-07-27T17:17:44.750381
petitmarocain,bd6t51390749,,failed,0,0,,http_manifest,known,403,manifest,"Client error '403 ' for url 'https://openapiproext.bnf.fr/iiif/presentation/v3/ark:/12148/bd6t51390749/manifest.json'
For more information check: https://developer.mozilla.org/en-US/docs/Web/HTTP/Status/403",2026-07-27T17:17:46.080444
petitmarocain,bd6t5139075p,,failed,0,0,,http_manifest,known,403,manifest,"Client error '403 ' for url 'https://openapiproext.bnf.fr/iiif/presentation/v3/ark:/12148/bd6t5139075p/manifest.json'
For more information check: https://developer.mozilla.org/en-US/docs/Web/HTTP/Status/403",2026-07-27T17:17:47.366645
petitmarocain,bd6t51390762,,failed,0,0,,http_manifest,known,403,manifest,"Client error '403 ' for url 'https://openapiproext.bnf.fr/iiif/presentation/v3/ark:/12148/bd6t51390762/manifest.json'
For more information check: https://developer.mozilla.org/en-US/docs/Web/HTTP/Status/403",2026-07-27T17:17:48.500289
petitmarocain,bd6t5139077f,,failed,0,0,,http_manifest,known,403,manifest,"Client error '403 ' for url 'https://openapiproext.bnf.fr/iiif/presentation/v3/ark:/12148/bd6t5139077f/manifest.json'
For more information check: https://developer.mozilla.org/en-US/docs/Web/HTTP/Status/403",2026-07-27T17:17:49.626439
petitmarocain,bd6t5139078t,,failed,0,0,,http_manifest,known,403,manifest,"Client error '403 ' for url 'https://openapiproext.bnf.fr/iiif/presentation/v3/ark:/12148/bd6t5139078t/manifest.json'
For more information check: https://developer.mozilla.org/en-US/docs/Web/HTTP/Status/403",2026-07-27T17:17:50.745917
petitmarocain,bd6t51390796,,failed,0,0,,http_manifest,known,403,manifest,"Client error '403 ' for url 'https://openapiproext.bnf.fr/iiif/presentation/v3/ark:/12148/bd6t51390796/manifest.json'
For more information check: https://developer.mozilla.org/en-US/docs/Web/HTTP/Status/403",2026-07-27T17:17:51.927702
petitmarocain,bd6t51390804,,failed,0,0,,http_manifest,known,403,manifest,"Client error '403 ' for url 'https://openapiproext.bnf.fr/iiif/presentation/v3/ark:/12148/bd6t51390804/manifest.json'
For more information check: https://developer.mozilla.org/en-US/docs/Web/HTTP/Status/403",2026-07-27T17:17:53.136603
petitmarocain,bd6t5139081h,,failed,0,0,,http_manifest,known,403,manifest,"Client error '403 ' for url 'https://openapiproext.bnf.fr/iiif/presentation/v3/ark:/12148/bd6t5139081h/manifest.json'
For more information check: https://developer.mozilla.org/en-US/docs/Web/HTTP/Status/403",2026-07-27T17:17:54.332573
petitmarocain,bd6t5139082w,,failed,0,0,,http_manifest,known,403,manifest,"Client error '403 ' for url 'https://openapiproext.bnf.fr/iiif/presentation/v3/ark:/12148/bd6t5139082w/manifest.json'
For more information check: https://developer.mozilla.org/en-US/docs/Web/HTTP/Status/403",2026-07-27T17:17:55.532114
petitmarocain,bd6t51390838,,failed,0,0,,http_manifest,known,403,manifest,"Client error '403 ' for url 'https://openapiproext.bnf.fr/iiif/presentation/v3/ark:/12148/bd6t51390838/manifest.json'
For more information check: https://developer.mozilla.org/en-US/docs/Web/HTTP/Status/403",2026-07-27T17:17:56.744391
petitmarocain,bd6t5138907j,,failed,0,0,,http_manifest,known,403,manifest,"Client error '403 ' for url 'https://openapiproext.bnf.fr/iiif/presentation/v3/ark:/12148/bd6t5138907j/manifest.json'
For more information check: https://developer.mozilla.org/en-US/docs/Web/HTTP/Status/403",2026-07-27T17:17:57.937603
petitmarocain,bd6t5138908x,,failed,0,0,,http_manifest,known,403,manifest,"Client error '403 ' for url 'https://openapiproext.bnf.fr/iiif/presentation/v3/ark:/12148/bd6t5138908x/manifest.json'
For more information check: https://developer.mozilla.org/en-US/docs/Web/HTTP/Status/403",2026-07-27T17:17:59.139879
petitmarocain,bd6t51389099,,failed,0,0,,http_manifest,known,403,manifest,"Client error '403 ' for url 'https://openapiproext.bnf.fr/iiif/presentation/v3/ark:/12148/bd6t51389099/manifest.json'
For more information check: https://developer.mozilla.org/en-US/docs/Web/HTTP/Status/403",2026-07-27T17:18:00.342639
petitmarocain,bd6t51389107,,failed,0,0,,http_manifest,known,403,manifest,"Client error '403 ' for url 'https://openapiproext.bnf.fr/iiif/presentation/v3/ark:/12148/bd6t51389107/manifest.json'
For more information check: https://developer.mozilla.org/en-US/docs/Web/HTTP/Status/403",2026-07-27T17:18:01.538610
petitmarocain,bd6t5138911m,,failed,0,0,,http_manifest,known,403,manifest,"Client error '403 ' for url 'https://openapiproext.bnf.fr/iiif/presentation/v3/ark:/12148/bd6t5138911m/manifest.json'
For more information check: https://developer.mozilla.org/en-US/docs/Web/HTTP/Status/403",2026-07-27T17:18:02.745340
petitmarocain,bd6t51389120,,failed,0,0,,http_manifest,known,403,manifest,"Client error '403 ' for url 'https://openapiproext.bnf.fr/iiif/presentation/v3/ark:/12148/bd6t51389120/manifest.json'
For more information check: https://developer.mozilla.org/en-US/docs/Web/HTTP/Status/403",2026-07-27T17:18:03.941683
petitmarocain,bd6t5138913c,,failed,0,0,,http_manifest,known,403,manifest,"Client error '403 ' for url 'https://openapiproext.bnf.fr/iiif/presentation/v3/ark:/12148/bd6t5138913c/manifest.json'
For more information check: https://developer.mozilla.org/en-US/docs/Web/HTTP/Status/403",2026-07-27T17:18:05.149482
petitmarocain,bd6t5138914r,,failed,0,0,,http_manifest,known,403,manifest,"Client error '403 ' for url 'https://openapiproext.bnf.fr/iiif/presentation/v3/ark:/12148/bd6t5138914r/manifest.json'
For more information check: https://developer.mozilla.org/en-US/docs/Web/HTTP/Status/403",2026-07-27T17:18:06.351431
petitmarocain,bd6t51389154,,failed,0,0,,http_manifest,known,403,manifest,"Client error '403 ' for url 'https://openapiproext.bnf.fr/iiif/presentation/v3/ark:/12148/bd6t51389154/manifest.json'
For more information check: https://developer.mozilla.org/en-US/docs/Web/HTTP/Status/403",2026-07-27T17:18:07.549849
petitmarocain,bd6t5138916h,,failed,0,0,,http_manifest,known,403,manifest,"Client error '403 ' for url 'https://openapiproext.bnf.fr/iiif/presentation/v3/ark:/12148/bd6t5138916h/manifest.json'
For more information check: https://developer.mozilla.org/en-US/docs/Web/HTTP/Status/403",2026-07-27T17:18:08.770777
petitmarocain,bd6t5138917w,,failed,0,0,,http_manifest,known,403,manifest,"Client error '403 ' for url 'https://openapiproext.bnf.fr/iiif/presentation/v3/ark:/12148/bd6t5138917w/manifest.json'
For more information check: https://developer.mozilla.org/en-US/docs/Web/HTTP/Status/403",2026-07-27T17:18:09.955397
petitmarocain,bd6t51389188,,failed,0,0,,http_manifest,known,403,manifest,"Client error '403 ' for url 'https://openapiproext.bnf.fr/iiif/presentation/v3/ark:/12148/bd6t51389188/manifest.json'
For more information check: https://developer.mozilla.org/en-US/docs/Web/HTTP/Status/403",2026-07-27T17:18:11.149884
petitmarocain,bd6t5138919n,,failed,0,0,,http_manifest,known,403,manifest,"Client error '403 ' for url 'https://openapiproext.bnf.fr/iiif/presentation/v3/ark:/12148/bd6t5138919n/manifest.json'
For more information check: https://developer.mozilla.org/en-US/docs/Web/HTTP/Status/403",2026-07-27T17:18:12.353405
petitmarocain,bd6t5138920k,,failed,0,0,,http_manifest,known,403,manifest,"Client error '403 ' for url 'https://openapiproext.bnf.fr/iiif/presentation/v3/ark:/12148/bd6t5138920k/manifest.json'
For more information check: https://developer.mozilla.org/en-US/docs/Web/HTTP/Status/403",2026-07-27T17:18:13.554726
petitmarocain,bd6t5138921z,,failed,0,0,,http_manifest,known,403,manifest,"Client error '403 ' for url 'https://openapiproext.bnf.fr/iiif/presentation/v3/ark:/12148/bd6t5138921z/manifest.json'
For more information check: https://developer.mozilla.org/en-US/docs/Web/HTTP/Status/403",2026-07-27T17:18:14.780890
petitmarocain,bd6t5138922b,,failed,0,0,,http_manifest,known,403,manifest,"Client error '403 ' for url 'https://openapiproext.bnf.fr/iiif/presentation/v3/ark:/12148/bd6t5138922b/manifest.json'
For more information check: https://developer.mozilla.org/en-US/docs/Web/HTTP/Status/403",2026-07-27T17:18:15.959110
petitmarocain,bd6t5138923q,,failed,0,0,,http_manifest,known,403,manifest,"Client error '403 ' for url 'https://openapiproext.bnf.fr/iiif/presentation/v3/ark:/12148/bd6t5138923q/manifest.json'
For more information check: https://developer.mozilla.org/en-US/docs/Web/HTTP/Status/403",2026-07-27T17:18:17.162073
petitmarocain,bd6t51389243,,failed,0,0,,http_manifest,known,403,manifest,"Client error '403 ' for url 'https://openapiproext.bnf.fr/iiif/presentation/v3/ark:/12148/bd6t51389243/manifest.json'
For more information check: https://developer.mozilla.org/en-US/docs/Web/HTTP/Status/403",2026-07-27T17:18:18.361209
petitmarocain,bd6t5138925g,,failed,0,0,,http_manifest,known,403,manifest,"Client error '403 ' for url 'https://openapiproext.bnf.fr/iiif/presentation/v3/ark:/12148/bd6t5138925g/manifest.json'
For more information check: https://developer.mozilla.org/en-US/docs/Web/HTTP/Status/403",2026-07-27T17:18:19.566745
petitmarocain,bd6t5138926v,,failed,0,0,,http_manifest,known,403,manifest,"Client error '403 ' for url 'https://openapiproext.bnf.fr/iiif/presentation/v3/ark:/12148/bd6t5138926v/manifest.json'
For more information check: https://developer.mozilla.org/en-US/docs/Web/HTTP/Status/403",2026-07-27T17:18:20.766772
petitmarocain,bd6t51389277,,failed,0,0,,http_manifest,known,403,manifest,"Client error '403 ' for url 'https://openapiproext.bnf.fr/iiif/presentation/v3/ark:/12148/bd6t51389277/manifest.json'
For more information check: https://developer.mozilla.org/en-US/docs/Web/HTTP/Status/403",2026-07-27T17:18:21.964584
petitmarocain,bd6t5138928m,,failed,0,0,,http_manifest,known,403,manifest,"Client error '403 ' for url 'https://openapiproext.bnf.fr/iiif/presentation/v3/ark:/12148/bd6t5138928m/manifest.json'
For more information check: https://developer.mozilla.org/en-US/docs/Web/HTTP/Status/403",2026-07-27T17:18:23.171720
petitmarocain,bd6t51389290,,failed,0,0,,http_manifest,known,403,manifest,"Client error '403 ' for url 'https://openapiproext.bnf.fr/iiif/presentation/v3/ark:/12148/bd6t51389290/manifest.json'
For more information check: https://developer.mozilla.org/en-US/docs/Web/HTTP/Status/403",2026-07-27T17:18:24.369884
petitmarocain,bd6t5138930x,,failed,0,0,,http_manifest,known,403,manifest,"Client error '403 ' for url 'https://openapiproext.bnf.fr/iiif/presentation/v3/ark:/12148/bd6t5138930x/manifest.json'
For more information check: https://developer.mozilla.org/en-US/docs/Web/HTTP/Status/403",2026-07-27T17:18:25.580345
petitmarocain,bd6t51389319,,failed,0,0,,http_manifest,known,403,manifest,"Client error '403 ' for url 'https://openapiproext.bnf.fr/iiif/presentation/v3/ark:/12148/bd6t51389319/manifest.json'
For more information check: https://developer.mozilla.org/en-US/docs/Web/HTTP/Status/403",2026-07-27T17:18:26.802630
petitmarocain,bd6t5138932p,,failed,0,0,,http_manifest,known,403,manifest,"Client error '403 ' for url 'https://openapiproext.bnf.fr/iiif/presentation/v3/ark:/12148/bd6t5138932p/manifest.json'
For more information check: https://developer.mozilla.org/en-US/docs/Web/HTTP/Status/403",2026-07-27T17:18:27.982103
petitmarocain,bd6t51389332,,failed,0,0,,http_manifest,known,403,manifest,"Client error '403 ' for url 'https://openapiproext.bnf.fr/iiif/presentation/v3/ark:/12148/bd6t51389332/manifest.json'
For more information check: https://developer.mozilla.org/en-US/docs/Web/HTTP/Status/403",2026-07-27T17:18:29.182170
petitmarocain,bd6t5138934f,,failed,0,0,,http_manifest,known,403,manifest,"Client error '403 ' for url 'https://openapiproext.bnf.fr/iiif/presentation/v3/ark:/12148/bd6t5138934f/manifest.json'
For more information check: https://developer.mozilla.org/en-US/docs/Web/HTTP/Status/403",2026-07-27T17:18:30.509257
petitmarocain,bd6t5138935t,,failed,0,0,,http_manifest,known,403,manifest,"Client error '403 ' for url 'https://openapiproext.bnf.fr/iiif/presentation/v3/ark:/12148/bd6t5138935t/manifest.json'
For more information check: https://developer.mozilla.org/en-US/docs/Web/HTTP/Status/403",2026-07-27T17:18:31.743042
petitmarocain,bd6t51389366,,failed,0,0,,http_manifest,known,403,manifest,"Client error '403 ' for url 'https://openapiproext.bnf.fr/iiif/presentation/v3/ark:/12148/bd6t51389366/manifest.json'
For more information check: https://developer.mozilla.org/en-US/docs/Web/HTTP/Status/403",2026-07-27T17:18:32.784309
petitmarocain,bd6t5138937k,,failed,0,0,,http_manifest,known,403,manifest,"Client error '403 ' for url 'https://openapiproext.bnf.fr/iiif/presentation/v3/ark:/12148/bd6t5138937k/manifest.json'
For more information check: https://developer.mozilla.org/en-US/docs/Web/HTTP/Status/403",2026-07-27T17:18:34.143732
petitmarocain,bd6t5138938z,,failed,0,0,,http_manifest,known,403,manifest,"Client error '403 ' for url 'https://openapiproext.bnf.fr/iiif/presentation/v3/ark:/12148/bd6t5138938z/manifest.json'
For more information check: https://developer.mozilla.org/en-US/docs/Web/HTTP/Status/403",2026-07-27T17:18:35.188722
petitmarocain,bd6t5138939b,,failed,0,0,,http_manifest,known,403,manifest,"Client error '403 ' for url 'https://openapiproext.bnf.fr/iiif/presentation/v3/ark:/12148/bd6t5138939b/manifest.json'
For more information check: https://developer.mozilla.org/en-US/docs/Web/HTTP/Status/403",2026-07-27T17:18:36.578515
petitmarocain,bd6t51389408,,failed,0,0,,http_manifest,known,403,manifest,"Client error '403 ' for url 'https://openapiproext.bnf.fr/iiif/presentation/v3/ark:/12148/bd6t51389408/manifest.json'
For more information check: https://developer.mozilla.org/en-US/docs/Web/HTTP/Status/403",2026-07-27T17:18:37.656510
petitmarocain,bd6t5138941n,,failed,0,0,,http_manifest,known,403,manifest,"Client error '403 ' for url 'https://openapiproext.bnf.fr/iiif/presentation/v3/ark:/12148/bd6t5138941n/manifest.json'
For more information check: https://developer.mozilla.org/en-US/docs/Web/HTTP/Status/403",2026-07-27T17:18:38.971420
petitmarocain,bd6t51389421,,failed,0,0,,http_manifest,known,403,manifest,"Client error '403 ' for url 'https://openapiproext.bnf.fr/iiif/presentation/v3/ark:/12148/bd6t51389421/manifest.json'
For more information check: https://developer.mozilla.org/en-US/docs/Web/HTTP/Status/403",2026-07-27T17:18:40.005752
petitmarocain,bd6t5138943d,,failed,0,0,,http_manifest,known,403,manifest,"Client error '403 ' for url 'https://openapiproext.bnf.fr/iiif/presentation/v3/ark:/12148/bd6t5138943d/manifest.json'
For more information check: https://developer.mozilla.org/en-US/docs/Web/HTTP/Status/403",2026-07-27T17:18:41.201194
petitmarocain,bd6t5138944s,,failed,0,0,,http_manifest,known,403,manifest,"Client error '403 ' for url 'https://openapiproext.bnf.fr/iiif/presentation/v3/ark:/12148/bd6t5138944s/manifest.json'
For more information check: https://developer.mozilla.org/en-US/docs/Web/HTTP/Status/403",2026-07-27T17:18:42.399423
petitmarocain,bd6t51389455,,failed,0,0,,http_manifest,known,403,manifest,"Client error '403 ' for url 'https://openapiproext.bnf.fr/iiif/presentation/v3/ark:/12148/bd6t51389455/manifest.json'
For more information check: https://developer.mozilla.org/en-US/docs/Web/HTTP/Status/403",2026-07-27T17:18:43.602341
petitmarocain,bd6t5138946j,,failed,0,0,,http_manifest,known,403,manifest,"Client error '403 ' for url 'https://openapiproext.bnf.fr/iiif/presentation/v3/ark:/12148/bd6t5138946j/manifest.json'
For more information check: https://developer.mozilla.org/en-US/docs/Web/HTTP/Status/403",2026-07-27T17:18:45.007269
petitmarocain,bd6t5138947x,,failed,0,0,,http_manifest,known,403,manifest,"Client error '403 ' for url 'https://openapiproext.bnf.fr/iiif/presentation/v3/ark:/12148/bd6t5138947x/manifest.json'
For more information check: https://developer.mozilla.org/en-US/docs/Web/HTTP/Status/403",2026-07-27T17:18:46.005052
petitmarocain,bd6t51389489,,failed,0,0,,http_manifest,known,403,manifest,"Client error '403 ' for url 'https://openapiproext.bnf.fr/iiif/presentation/v3/ark:/12148/bd6t51389489/manifest.json'
For more information check: https://developer.mozilla.org/en-US/docs/Web/HTTP/Status/403",2026-07-27T17:18:47.209552
petitmarocain,bd6t5138949p,,failed,0,0,,http_manifest,known,403,manifest,"Client error '403 ' for url 'https://openapiproext.bnf.fr/iiif/presentation/v3/ark:/12148/bd6t5138949p/manifest.json'
For more information check: https://developer.mozilla.org/en-US/docs/Web/HTTP/Status/403",2026-07-27T17:18:48.403654
petitmarocain,bd6t5138950m,,failed,0,0,,http_manifest,known,403,manifest,"Client error '403 ' for url 'https://openapiproext.bnf.fr/iiif/presentation/v3/ark:/12148/bd6t5138950m/manifest.json'
For more information check: https://developer.mozilla.org/en-US/docs/Web/HTTP/Status/403",2026-07-27T17:18:49.663889
petitmarocain,bd6t51389510,,failed,0,0,,http_manifest,known,403,manifest,"Client error '403 ' for url 'https://openapiproext.bnf.fr/iiif/presentation/v3/ark:/12148/bd6t51389510/manifest.json'
For more information check: https://developer.mozilla.org/en-US/docs/Web/HTTP/Status/403",2026-07-27T17:18:50.906454
petitmarocain,bd6t5138952c,,failed,0,0,,http_manifest,known,403,manifest,"Client error '403 ' for url 'https://openapiproext.bnf.fr/iiif/presentation/v3/ark:/12148/bd6t5138952c/manifest.json'
For more information check: https://developer.mozilla.org/en-US/docs/Web/HTTP/Status/403",2026-07-27T17:18:52.381018
petitmarocain,bd6t5138953r,,failed,0,0,,http_manifest,known,403,manifest,"Client error '403 ' for url 'https://openapiproext.bnf.fr/iiif/presentation/v3/ark:/12148/bd6t5138953r/manifest.json'
For more information check: https://developer.mozilla.org/en-US/docs/Web/HTTP/Status/403",2026-07-27T17:18:53.227456
petitmarocain,bd6t51389544,,failed,0,0,,http_manifest,known,403,manifest,"Client error '403 ' for url 'https://openapiproext.bnf.fr/iiif/presentation/v3/ark:/12148/bd6t51389544/manifest.json'
For more information check: https://developer.mozilla.org/en-US/docs/Web/HTTP/Status/403",2026-07-27T17:18:54.423160
petitmarocain,bd6t5138955h,,failed,0,0,,http_manifest,known,403,manifest,"Client error '403 ' for url 'https://openapiproext.bnf.fr/iiif/presentation/v3/ark:/12148/bd6t5138955h/manifest.json'
For more information check: https://developer.mozilla.org/en-US/docs/Web/HTTP/Status/403",2026-07-27T17:18:55.642160
petitmarocain,bd6t5138956w,,failed,0,0,,http_manifest,known,403,manifest,"Client error '403 ' for url 'https://openapiproext.bnf.fr/iiif/presentation/v3/ark:/12148/bd6t5138956w/manifest.json'
For more information check: https://developer.mozilla.org/en-US/docs/Web/HTTP/Status/403",2026-07-27T17:18:56.824420
petitmarocain,bd6t51389578,,failed,0,0,,http_manifest,known,403,manifest,"Client error '403 ' for url 'https://openapiproext.bnf.fr/iiif/presentation/v3/ark:/12148/bd6t51389578/manifest.json'
For more information check: https://developer.mozilla.org/en-US/docs/Web/HTTP/Status/403",2026-07-27T17:18:58.020423
petitmarocain,bd6t5138958n,,failed,0,0,,http_manifest,known,403,manifest,"Client error '403 ' for url 'https://openapiproext.bnf.fr/iiif/presentation/v3/ark:/12148/bd6t5138958n/manifest.json'
For more information check: https://developer.mozilla.org/en-US/docs/Web/HTTP/Status/403",2026-07-27T17:18:59.222140
petitmarocain,bd6t51389591,,failed,0,0,,http_manifest,known,403,manifest,"Client error '403 ' for url 'https://openapiproext.bnf.fr/iiif/presentation/v3/ark:/12148/bd6t51389591/manifest.json'
For more information check: https://developer.mozilla.org/en-US/docs/Web/HTTP/Status/403",2026-07-27T17:19:00.423051
petitmarocain,bd6t5138960z,,failed,0,0,,http_manifest,known,403,manifest,"Client error '403 ' for url 'https://openapiproext.bnf.fr/iiif/presentation/v3/ark:/12148/bd6t5138960z/manifest.json'
For more information check: https://developer.mozilla.org/en-US/docs/Web/HTTP/Status/403",2026-07-27T17:19:01.634991
petitmarocain,bd6t5138961b,,failed,0,0,,http_manifest,known,403,manifest,"Client error '403 ' for url 'https://openapiproext.bnf.fr/iiif/presentation/v3/ark:/12148/bd6t5138961b/manifest.json'
For more information check: https://developer.mozilla.org/en-US/docs/Web/HTTP/Status/403",2026-07-27T17:19:02.837069
petitmarocain,bd6t5138962q,,failed,0,0,,http_manifest,known,403,manifest,"Client error '403 ' for url 'https://openapiproext.bnf.fr/iiif/presentation/v3/ark:/12148/bd6t5138962q/manifest.json'
For more information check: https://developer.mozilla.org/en-US/docs/Web/HTTP/Status/403",2026-07-27T17:19:04.026530
petitmarocain,bd6t51389633,,failed,0,0,,http_manifest,known,403,manifest,"Client error '403 ' for url 'https://openapiproext.bnf.fr/iiif/presentation/v3/ark:/12148/bd6t51389633/manifest.json'
For more information check: https://developer.mozilla.org/en-US/docs/Web/HTTP/Status/403",2026-07-27T17:19:05.239470
petitmarocain,bd6t5138964g,,failed,0,0,,http_manifest,known,403,manifest,"Client error '403 ' for url 'https://openapiproext.bnf.fr/iiif/presentation/v3/ark:/12148/bd6t5138964g/manifest.json'
For more information check: https://developer.mozilla.org/en-US/docs/Web/HTTP/Status/403",2026-07-27T17:19:06.430532
petitmarocain,bd6t5138965v,,failed,0,0,,http_manifest,known,403,manifest,"Client error '403 ' for url 'https://openapiproext.bnf.fr/iiif/presentation/v3/ark:/12148/bd6t5138965v/manifest.json'
For more information check: https://developer.mozilla.org/en-US/docs/Web/HTTP/Status/403",2026-07-27T17:19:07.657459
petitmarocain,bd6t51389667,,failed,0,0,,http_manifest,known,403,manifest,"Client error '403 ' for url 'https://openapiproext.bnf.fr/iiif/presentation/v3/ark:/12148/bd6t51389667/manifest.json'
For more information check: https://developer.mozilla.org/en-US/docs/Web/HTTP/Status/403",2026-07-27T17:19:08.838953
petitmarocain,bd6t5138967m,,failed,0,0,,http_manifest,known,403,manifest,"Client error '403 ' for url 'https://openapiproext.bnf.fr/iiif/presentation/v3/ark:/12148/bd6t5138967m/manifest.json'
For more information check: https://developer.mozilla.org/en-US/docs/Web/HTTP/Status/403",2026-07-27T17:19:10.040123
petitmarocain,bd6t51389680,,failed,0,0,,http_manifest,known,403,manifest,"Client error '403 ' for url 'https://openapiproext.bnf.fr/iiif/presentation/v3/ark:/12148/bd6t51389680/manifest.json'
For more information check: https://developer.mozilla.org/en-US/docs/Web/HTTP/Status/403",2026-07-27T17:19:11.242917
petitmarocain,bd6t5138969c,,failed,0,0,,http_manifest,known,403,manifest,"Client error '403 ' for url 'https://openapiproext.bnf.fr/iiif/presentation/v3/ark:/12148/bd6t5138969c/manifest.json'
For more information check: https://developer.mozilla.org/en-US/docs/Web/HTTP/Status/403",2026-07-27T17:19:12.441106
petitmarocain,bd6t51389709,,failed,0,0,,http_manifest,known,403,manifest,"Client error '403 ' for url 'https://openapiproext.bnf.fr/iiif/presentation/v3/ark:/12148/bd6t51389709/manifest.json'
For more information check: https://developer.mozilla.org/en-US/docs/Web/HTTP/Status/403",2026-07-27T17:19:13.647458
petitmarocain,bd6t5138971p,,failed,0,0,,http_manifest,known,403,manifest,"Client error '403 ' for url 'https://openapiproext.bnf.fr/iiif/presentation/v3/ark:/12148/bd6t5138971p/manifest.json'
For more information check: https://developer.mozilla.org/en-US/docs/Web/HTTP/Status/403",2026-07-27T17:19:14.847562
petitmarocain,bd6t51389722,,failed,0,0,,http_manifest,known,403,manifest,"Client error '403 ' for url 'https://openapiproext.bnf.fr/iiif/presentation/v3/ark:/12148/bd6t51389722/manifest.json'
For more information check: https://developer.mozilla.org/en-US/docs/Web/HTTP/Status/403",2026-07-27T17:19:16.045861
petitmarocain,bd6t5138973f,,failed,0,0,,http_manifest,known,403,manifest,"Client error '403 ' for url 'https://openapiproext.bnf.fr/iiif/presentation/v3/ark:/12148/bd6t5138973f/manifest.json'
For more information check: https://developer.mozilla.org/en-US/docs/Web/HTTP/Status/403",2026-07-27T17:19:17.261873
petitmarocain,bd6t5138974t,,failed,0,0,,http_manifest,known,403,manifest,"Client error '403 ' for url 'https://openapiproext.bnf.fr/iiif/presentation/v3/ark:/12148/bd6t5138974t/manifest.json'
For more information check: https://developer.mozilla.org/en-US/docs/Web/HTTP/Status/403",2026-07-27T17:19:18.448160
petitmarocain,bd6t51389756,,failed,0,0,,http_manifest,known,403,manifest,"Client error '403 ' for url 'https://openapiproext.bnf.fr/iiif/presentation/v3/ark:/12148/bd6t51389756/manifest.json'
For more information check: https://developer.mozilla.org/en-US/docs/Web/HTTP/Status/403",2026-07-27T17:19:19.677002
petitmarocain,bd6t5138976k,,failed,0,0,,http_manifest,known,403,manifest,"Client error '403 ' for url 'https://openapiproext.bnf.fr/iiif/presentation/v3/ark:/12148/bd6t5138976k/manifest.json'
For more information check: https://developer.mozilla.org/en-US/docs/Web/HTTP/Status/403",2026-07-27T17:19:20.852028
petitmarocain,bd6t5138977z,,failed,0,0,,http_manifest,known,403,manifest,"Client error '403 ' for url 'https://openapiproext.bnf.fr/iiif/presentation/v3/ark:/12148/bd6t5138977z/manifest.json'
For more information check: https://developer.mozilla.org/en-US/docs/Web/HTTP/Status/403",2026-07-27T17:19:22.054420
petitmarocain,bd6t5138978b,,failed,0,0,,http_manifest,known,403,manifest,"Client error '403 ' for url 'https://openapiproext.bnf.fr/iiif/presentation/v3/ark:/12148/bd6t5138978b/manifest.json'
For more information check: https://developer.mozilla.org/en-US/docs/Web/HTTP/Status/403",2026-07-27T17:19:23.257402
petitmarocain,bd6t5138979q,,failed,0,0,,http_manifest,known,403,manifest,"Client error '403 ' for url 'https://openapiproext.bnf.fr/iiif/presentation/v3/ark:/12148/bd6t5138979q/manifest.json'
For more information check: https://developer.mozilla.org/en-US/docs/Web/HTTP/Status/403",2026-07-27T17:19:24.457993
petitmarocain,bd6t5138980n,,failed,0,0,,http_manifest,known,403,manifest,"Client error '403 ' for url 'https://openapiproext.bnf.fr/iiif/presentation/v3/ark:/12148/bd6t5138980n/manifest.json'
For more information check: https://developer.mozilla.org/en-US/docs/Web/HTTP/Status/403",2026-07-27T17:19:25.684458
petitmarocain,bd6t51389811,,failed,0,0,,http_manifest,known,403,manifest,"Client error '403 ' for url 'https://openapiproext.bnf.fr/iiif/presentation/v3/ark:/12148/bd6t51389811/manifest.json'
For more information check: https://developer.mozilla.org/en-US/docs/Web/HTTP/Status/403",2026-07-27T17:19:26.867201
petitmarocain,bd6t5138982d,,failed,0,0,,http_manifest,known,403,manifest,"Client error '403 ' for url 'https://openapiproext.bnf.fr/iiif/presentation/v3/ark:/12148/bd6t5138982d/manifest.json'
For more information check: https://developer.mozilla.org/en-US/docs/Web/HTTP/Status/403",2026-07-27T17:19:28.061506
petitmarocain,bd6t5138983s,,failed,0,0,,http_manifest,known,403,manifest,"Client error '403 ' for url 'https://openapiproext.bnf.fr/iiif/presentation/v3/ark:/12148/bd6t5138983s/manifest.json'
For more information check: https://developer.mozilla.org/en-US/docs/Web/HTTP/Status/403",2026-07-27T17:19:29.265335
petitmarocain,bd6t51389845,,failed,0,0,,http_manifest,known,403,manifest,"Client error '403 ' for url 'https://openapiproext.bnf.fr/iiif/presentation/v3/ark:/12148/bd6t51389845/manifest.json'
For more information check: https://developer.mozilla.org/en-US/docs/Web/HTTP/Status/403",2026-07-27T17:19:30.571284
petitmarocain,bd6t5138985j,,failed,0,0,,http_manifest,known,403,manifest,"Client error '403 ' for url 'https://openapiproext.bnf.fr/iiif/presentation/v3/ark:/12148/bd6t5138985j/manifest.json'
For more information check: https://developer.mozilla.org/en-US/docs/Web/HTTP/Status/403",2026-07-27T17:19:31.664262
petitmarocain,bd6t5138986x,,failed,0,0,,http_manifest,known,403,manifest,"Client error '403 ' for url 'https://openapiproext.bnf.fr/iiif/presentation/v3/ark:/12148/bd6t5138986x/manifest.json'
For more information check: https://developer.mozilla.org/en-US/docs/Web/HTTP/Status/403",2026-07-27T17:19:32.887030
petitmarocain,bd6t51389879,,failed,0,0,,http_manifest,known,403,manifest,"Client error '403 ' for url 'https://openapiproext.bnf.fr/iiif/presentation/v3/ark:/12148/bd6t51389879/manifest.json'
For more information check: https://developer.mozilla.org/en-US/docs/Web/HTTP/Status/403",2026-07-27T17:19:34.116193
petitmarocain,bd6t5138988p,,failed,0,0,,http_manifest,known,403,manifest,"Client error '403 ' for url 'https://openapiproext.bnf.fr/iiif/presentation/v3/ark:/12148/bd6t5138988p/manifest.json'
For more information check: https://developer.mozilla.org/en-US/docs/Web/HTTP/Status/403",2026-07-27T17:19:35.269713
petitmarocain,bd6t51389892,,failed,0,0,,http_manifest,known,403,manifest,"Client error '403 ' for url 'https://openapiproext.bnf.fr/iiif/presentation/v3/ark:/12148/bd6t51389892/manifest.json'
For more information check: https://developer.mozilla.org/en-US/docs/Web/HTTP/Status/403",2026-07-27T17:19:36.732776
petitmarocain,bd6t51389900,,failed,0,0,,http_manifest,known,403,manifest,"Client error '403 ' for url 'https://openapiproext.bnf.fr/iiif/presentation/v3/ark:/12148/bd6t51389900/manifest.json'
For more information check: https://developer.mozilla.org/en-US/docs/Web/HTTP/Status/403",2026-07-27T17:19:38.097616
petitmarocain,bd6t5138991c,,failed,0,0,,http_manifest,known,403,manifest,"Client error '403 ' for url 'https://openapiproext.bnf.fr/iiif/presentation/v3/ark:/12148/bd6t5138991c/manifest.json'
For more information check: https://developer.mozilla.org/en-US/docs/Web/HTTP/Status/403",2026-07-27T17:19:39.111982
petitmarocain,bd6t5138992r,,failed,0,0,,http_manifest,known,403,manifest,"Client error '403 ' for url 'https://openapiproext.bnf.fr/iiif/presentation/v3/ark:/12148/bd6t5138992r/manifest.json'
For more information check: https://developer.mozilla.org/en-US/docs/Web/HTTP/Status/403",2026-07-27T17:19:40.261454
petitmarocain,bd6t51389934,,failed,0,0,,http_manifest,known,403,manifest,"Client error '403 ' for url 'https://openapiproext.bnf.fr/iiif/presentation/v3/ark:/12148/bd6t51389934/manifest.json'
For more information check: https://developer.mozilla.org/en-US/docs/Web/HTTP/Status/403",2026-07-27T17:19:41.317180
petitmarocain,bd6t5138994h,,failed,0,0,,http_manifest,known,403,manifest,"Client error '403 ' for url 'https://openapiproext.bnf.fr/iiif/presentation/v3/ark:/12148/bd6t5138994h/manifest.json'
For more information check: https://developer.mozilla.org/en-US/docs/Web/HTTP/Status/403",2026-07-27T17:19:42.502678
petitmarocain,bd6t5137547d,,failed,0,0,,http_manifest,known,403,manifest,"Client error '403 ' for url 'https://openapiproext.bnf.fr/iiif/presentation/v3/ark:/12148/bd6t5137547d/manifest.json'
For more information check: https://developer.mozilla.org/en-US/docs/Web/HTTP/Status/403",2026-07-27T17:19:43.684636
petitmarocain,bd6t5137548s,,failed,0,0,,http_manifest,known,403,manifest,"Client error '403 ' for url 'https://openapiproext.bnf.fr/iiif/presentation/v3/ark:/12148/bd6t5137548s/manifest.json'
For more information check: https://developer.mozilla.org/en-US/docs/Web/HTTP/Status/403",2026-07-27T17:19:44.927292
petitmarocain,bd6t51375495,,failed,0,0,,http_manifest,known,403,manifest,"Client error '403 ' for url 'https://openapiproext.bnf.fr/iiif/presentation/v3/ark:/12148/bd6t51375495/manifest.json'
For more information check: https://developer.mozilla.org/en-US/docs/Web/HTTP/Status/403",2026-07-27T17:19:46.202727
petitmarocain,bd6t51375503,,failed,0,0,,http_manifest,known,403,manifest,"Client error '403 ' for url 'https://openapiproext.bnf.fr/iiif/presentation/v3/ark:/12148/bd6t51375503/manifest.json'
For more information check: https://developer.mozilla.org/en-US/docs/Web/HTTP/Status/403",2026-07-27T17:19:47.298892
petitmarocain,bd6t5137551g,,failed,0,0,,http_manifest,known,403,manifest,"Client error '403 ' for url 'https://openapiproext.bnf.fr/iiif/presentation/v3/ark:/12148/bd6t5137551g/manifest.json'
For more information check: https://developer.mozilla.org/en-US/docs/Web/HTTP/Status/403",2026-07-27T17:19:48.736889
petitmarocain,bd6t5137552v,,failed,0,0,,http_manifest,known,403,manifest,"Client error '403 ' for url 'https://openapiproext.bnf.fr/iiif/presentation/v3/ark:/12148/bd6t5137552v/manifest.json'
For more information check: https://developer.mozilla.org/en-US/docs/Web/HTTP/Status/403",2026-07-27T17:19:49.821086
petitmarocain,bd6t51375537,,failed,0,0,,http_manifest,known,403,manifest,"Client error '403 ' for url 'https://openapiproext.bnf.fr/iiif/presentation/v3/ark:/12148/bd6t51375537/manifest.json'
For more information check: https://developer.mozilla.org/en-US/docs/Web/HTTP/Status/403",2026-07-27T17:19:50.920819
petitmarocain,bd6t5137554m,,failed,0,0,,http_manifest,known,403,manifest,"Client error '403 ' for url 'https://openapiproext.bnf.fr/iiif/presentation/v3/ark:/12148/bd6t5137554m/manifest.json'
For more information check: https://developer.mozilla.org/en-US/docs/Web/HTTP/Status/403",2026-07-27T17:19:52.104772
petitmarocain,bd6t51375550,,failed,0,0,,http_manifest,known,403,manifest,"Client error '403 ' for url 'https://openapiproext.bnf.fr/iiif/presentation/v3/ark:/12148/bd6t51375550/manifest.json'
For more information check: https://developer.mozilla.org/en-US/docs/Web/HTTP/Status/403",2026-07-27T17:19:53.515322
petitmarocain,bd6t5137556c,,failed,0,0,,http_manifest,known,403,manifest,"Client error '403 ' for url 'https://openapiproext.bnf.fr/iiif/presentation/v3/ark:/12148/bd6t5137556c/manifest.json'
For more information check: https://developer.mozilla.org/en-US/docs/Web/HTTP/Status/403",2026-07-27T17:19:54.521359
petitmarocain,bd6t5137557r,,failed,0,0,,http_manifest,known,403,manifest,"Client error '403 ' for url 'https://openapiproext.bnf.fr/iiif/presentation/v3/ark:/12148/bd6t5137557r/manifest.json'
For more information check: https://developer.mozilla.org/en-US/docs/Web/HTTP/Status/403",2026-07-27T17:19:55.700500
petitmarocain,bd6t51375584,,failed,0,0,,http_manifest,known,403,manifest,"Client error '403 ' for url 'https://openapiproext.bnf.fr/iiif/presentation/v3/ark:/12148/bd6t51375584/manifest.json'
For more information check: https://developer.mozilla.org/en-US/docs/Web/HTTP/Status/403",2026-07-27T17:19:56.912632
petitmarocain,bd6t5137559h,,failed,0,0,,http_manifest,known,403,manifest,"Client error '403 ' for url 'https://openapiproext.bnf.fr/iiif/presentation/v3/ark:/12148/bd6t5137559h/manifest.json'
For more information check: https://developer.mozilla.org/en-US/docs/Web/HTTP/Status/403",2026-07-27T17:19:58.107037
petitmarocain,bd6t5137560f,,failed,0,0,,http_manifest,known,403,manifest,"Client error '403 ' for url 'https://openapiproext.bnf.fr/iiif/presentation/v3/ark:/12148/bd6t5137560f/manifest.json'
For more information check: https://developer.mozilla.org/en-US/docs/Web/HTTP/Status/403",2026-07-27T17:19:59.312892
petitmarocain,bd6t5137561t,,failed,0,0,,http_manifest,known,403,manifest,"Client error '403 ' for url 'https://openapiproext.bnf.fr/iiif/presentation/v3/ark:/12148/bd6t5137561t/manifest.json'
For more information check: https://developer.mozilla.org/en-US/docs/Web/HTTP/Status/403",2026-07-27T17:20:00.513011
petitmarocain,bd6t51375626,,failed,0,0,,http_manifest,known,403,manifest,"Client error '403 ' for url 'https://openapiproext.bnf.fr/iiif/presentation/v3/ark:/12148/bd6t51375626/manifest.json'
For more information check: https://developer.mozilla.org/en-US/docs/Web/HTTP/Status/403",2026-07-27T17:20:01.711099
petitmarocain,bd6t5137563k,,failed,0,0,,http_manifest,known,403,manifest,"Client error '403 ' for url 'https://openapiproext.bnf.fr/iiif/presentation/v3/ark:/12148/bd6t5137563k/manifest.json'
For more information check: https://developer.mozilla.org/en-US/docs/Web/HTTP/Status/403",2026-07-27T17:20:02.933514
petitmarocain,bd6t5137564z,,failed,0,0,,http_manifest,known,403,manifest,"Client error '403 ' for url 'https://openapiproext.bnf.fr/iiif/presentation/v3/ark:/12148/bd6t5137564z/manifest.json'
For more information check: https://developer.mozilla.org/en-US/docs/Web/HTTP/Status/403",2026-07-27T17:20:04.112971
petitmarocain,bd6t5137565b,,failed,0,0,,http_manifest,known,403,manifest,"Client error '403 ' for url 'https://openapiproext.bnf.fr/iiif/presentation/v3/ark:/12148/bd6t5137565b/manifest.json'
For more information check: https://developer.mozilla.org/en-US/docs/Web/HTTP/Status/403",2026-07-27T17:20:05.317384
petitmarocain,bd6t5137566q,,failed,0,0,,http_manifest,known,403,manifest,"Client error '403 ' for url 'https://openapiproext.bnf.fr/iiif/presentation/v3/ark:/12148/bd6t5137566q/manifest.json'
For more information check: https://developer.mozilla.org/en-US/docs/Web/HTTP/Status/403",2026-07-27T17:20:06.520571
petitmarocain,bd6t51375673,,failed,0,0,,http_manifest,known,403,manifest,"Client error '403 ' for url 'https://openapiproext.bnf.fr/iiif/presentation/v3/ark:/12148/bd6t51375673/manifest.json'
For more information check: https://developer.mozilla.org/en-US/docs/Web/HTTP/Status/403",2026-07-27T17:20:07.723744
petitmarocain,bd6t5137568g,,failed,0,0,,http_manifest,known,403,manifest,"Client error '403 ' for url 'https://openapiproext.bnf.fr/iiif/presentation/v3/ark:/12148/bd6t5137568g/manifest.json'
For more information check: https://developer.mozilla.org/en-US/docs/Web/HTTP/Status/403",2026-07-27T17:20:08.941927
petitmarocain,bd6t5137569v,,failed,0,0,,http_manifest,known,403,manifest,"Client error '403 ' for url 'https://openapiproext.bnf.fr/iiif/presentation/v3/ark:/12148/bd6t5137569v/manifest.json'
For more information check: https://developer.mozilla.org/en-US/docs/Web/HTTP/Status/403",2026-07-27T17:20:10.118491
petitmarocain,bd6t5137570s,,failed,0,0,,http_manifest,known,403,manifest,"Client error '403 ' for url 'https://openapiproext.bnf.fr/iiif/presentation/v3/ark:/12148/bd6t5137570s/manifest.json'
For more information check: https://developer.mozilla.org/en-US/docs/Web/HTTP/Status/403",2026-07-27T17:20:11.330213
petitmarocain,bd6t51375715,,failed,0,0,,http_manifest,known,403,manifest,"Client error '403 ' for url 'https://openapiproext.bnf.fr/iiif/presentation/v3/ark:/12148/bd6t51375715/manifest.json'
For more information check: https://developer.mozilla.org/en-US/docs/Web/HTTP/Status/403",2026-07-27T17:20:12.526105
petitmarocain,bd6t5137572j,,failed,0,0,,http_manifest,known,403,manifest,"Client error '403 ' for url 'https://openapiproext.bnf.fr/iiif/presentation/v3/ark:/12148/bd6t5137572j/manifest.json'
For more information check: https://developer.mozilla.org/en-US/docs/Web/HTTP/Status/403",2026-07-27T17:20:13.731963
petitmarocain,bd6t5137573x,,failed,0,0,,http_manifest,known,403,manifest,"Client error '403 ' for url 'https://openapiproext.bnf.fr/iiif/presentation/v3/ark:/12148/bd6t5137573x/manifest.json'
For more information check: https://developer.mozilla.org/en-US/docs/Web/HTTP/Status/403",2026-07-27T17:20:14.927159
petitmarocain,bd6t51375749,,failed,0,0,,http_manifest,known,403,manifest,"Client error '403 ' for url 'https://openapiproext.bnf.fr/iiif/presentation/v3/ark:/12148/bd6t51375749/manifest.json'
For more information check: https://developer.mozilla.org/en-US/docs/Web/HTTP/Status/403",2026-07-27T17:20:16.134252
petitmarocain,bd6t5137575p,,failed,0,0,,http_manifest,known,403,manifest,"Client error '403 ' for url 'https://openapiproext.bnf.fr/iiif/presentation/v3/ark:/12148/bd6t5137575p/manifest.json'
For more information check: https://developer.mozilla.org/en-US/docs/Web/HTTP/Status/403",2026-07-27T17:20:17.331521
petitmarocain,bd6t51375762,,failed,0,0,,http_manifest,known,403,manifest,"Client error '403 ' for url 'https://openapiproext.bnf.fr/iiif/presentation/v3/ark:/12148/bd6t51375762/manifest.json'
For more information check: https://developer.mozilla.org/en-US/docs/Web/HTTP/Status/403",2026-07-27T17:20:18.531747
petitmarocain,bd6t5137577f,,failed,0,0,,http_manifest,known,403,manifest,"Client error '403 ' for url 'https://openapiproext.bnf.fr/iiif/presentation/v3/ark:/12148/bd6t5137577f/manifest.json'
For more information check: https://developer.mozilla.org/en-US/docs/Web/HTTP/Status/403",2026-07-27T17:20:19.734639
petitmarocain,bd6t5137578t,,failed,0,0,,http_manifest,known,403,manifest,"Client error '403 ' for url 'https://openapiproext.bnf.fr/iiif/presentation/v3/ark:/12148/bd6t5137578t/manifest.json'
For more information check: https://developer.mozilla.org/en-US/docs/Web/HTTP/Status/403",2026-07-27T17:20:20.963805
petitmarocain,bd6t51375796,,failed,0,0,,http_manifest,known,403,manifest,"Client error '403 ' for url 'https://openapiproext.bnf.fr/iiif/presentation/v3/ark:/12148/bd6t51375796/manifest.json'
For more information check: https://developer.mozilla.org/en-US/docs/Web/HTTP/Status/403",2026-07-27T17:20:22.142132
petitmarocain,bd6t51375804,,failed,0,0,,http_manifest,known,403,manifest,"Client error '403 ' for url 'https://openapiproext.bnf.fr/iiif/presentation/v3/ark:/12148/bd6t51375804/manifest.json'
For more information check: https://developer.mozilla.org/en-US/docs/Web/HTTP/Status/403",2026-07-27T17:20:23.341512
petitmarocain,bd6t5137581h,,failed,0,0,,http_manifest,known,403,manifest,"Client error '403 ' for url 'https://openapiproext.bnf.fr/iiif/presentation/v3/ark:/12148/bd6t5137581h/manifest.json'
For more information check: https://developer.mozilla.org/en-US/docs/Web/HTTP/Status/403",2026-07-27T17:20:24.541887
petitmarocain,bd6t5137582w,,failed,0,0,,http_manifest,known,403,manifest,"Client error '403 ' for url 'https://openapiproext.bnf.fr/iiif/presentation/v3/ark:/12148/bd6t5137582w/manifest.json'
For more information check: https://developer.mozilla.org/en-US/docs/Web/HTTP/Status/403",2026-07-27T17:20:25.748403
petitmarocain,bd6t51375838,,failed,0,0,,http_manifest,known,403,manifest,"Client error '403 ' for url 'https://openapiproext.bnf.fr/iiif/presentation/v3/ark:/12148/bd6t51375838/manifest.json'
For more information check: https://developer.mozilla.org/en-US/docs/Web/HTTP/Status/403",2026-07-27T17:20:26.943373
petitmarocain,bd6t5137584n,,failed,0,0,,http_manifest,known,403,manifest,"Client error '403 ' for url 'https://openapiproext.bnf.fr/iiif/presentation/v3/ark:/12148/bd6t5137584n/manifest.json'
For more information check: https://developer.mozilla.org/en-US/docs/Web/HTTP/Status/403",2026-07-27T17:20:28.151043
petitmarocain,bd6t51375851,,failed,0,0,,http_manifest,known,403,manifest,"Client error '403 ' for url 'https://openapiproext.bnf.fr/iiif/presentation/v3/ark:/12148/bd6t51375851/manifest.json'
For more information check: https://developer.mozilla.org/en-US/docs/Web/HTTP/Status/403",2026-07-27T17:20:29.346438
petitmarocain,bd6t5137586d,,failed,0,0,,http_manifest,known,403,manifest,"Client error '403 ' for url 'https://openapiproext.bnf.fr/iiif/presentation/v3/ark:/12148/bd6t5137586d/manifest.json'
For more information check: https://developer.mozilla.org/en-US/docs/Web/HTTP/Status/403",2026-07-27T17:20:30.561940
petitmarocain,bd6t5137587s,,failed,0,0,,http_manifest,known,403,manifest,"Client error '403 ' for url 'https://openapiproext.bnf.fr/iiif/presentation/v3/ark:/12148/bd6t5137587s/manifest.json'
For more information check: https://developer.mozilla.org/en-US/docs/Web/HTTP/Status/403",2026-07-27T17:20:31.846401
petitmarocain,bd6t51375885,,failed,0,0,,http_manifest,known,403,manifest,"Client error '403 ' for url 'https://openapiproext.bnf.fr/iiif/presentation/v3/ark:/12148/bd6t51375885/manifest.json'
For more information check: https://developer.mozilla.org/en-US/docs/Web/HTTP/Status/403",2026-07-27T17:20:33.120762
petitmarocain,bd6t5137589j,,failed,0,0,,http_manifest,known,403,manifest,"Client error '403 ' for url 'https://openapiproext.bnf.fr/iiif/presentation/v3/ark:/12148/bd6t5137589j/manifest.json'
For more information check: https://developer.mozilla.org/en-US/docs/Web/HTTP/Status/403",2026-07-27T17:20:34.217125
petitmarocain,bd6t5137590g,,failed,0,0,,http_manifest,known,403,manifest,"Client error '403 ' for url 'https://openapiproext.bnf.fr/iiif/presentation/v3/ark:/12148/bd6t5137590g/manifest.json'
For more information check: https://developer.mozilla.org/en-US/docs/Web/HTTP/Status/403",2026-07-27T17:20:35.377184
petitmarocain,bd6t5137591v,,failed,0,0,,http_manifest,known,403,manifest,"Client error '403 ' for url 'https://openapiproext.bnf.fr/iiif/presentation/v3/ark:/12148/bd6t5137591v/manifest.json'
For more information check: https://developer.mozilla.org/en-US/docs/Web/HTTP/Status/403",2026-07-27T17:20:36.581515
petitmarocain,bd6t51375927,,failed,0,0,,http_manifest,known,403,manifest,"Client error '403 ' for url 'https://openapiproext.bnf.fr/iiif/presentation/v3/ark:/12148/bd6t51375927/manifest.json'
For more information check: https://developer.mozilla.org/en-US/docs/Web/HTTP/Status/403",2026-07-27T17:20:37.761320
petitmarocain,bd6t5137593m,,failed,0,0,,http_manifest,known,403,manifest,"Client error '403 ' for url 'https://openapiproext.bnf.fr/iiif/presentation/v3/ark:/12148/bd6t5137593m/manifest.json'
For more information check: https://developer.mozilla.org/en-US/docs/Web/HTTP/Status/403",2026-07-27T17:20:39.103569
petitmarocain,bd6t51375940,,failed,0,0,,http_manifest,known,403,manifest,"Client error '403 ' for url 'https://openapiproext.bnf.fr/iiif/presentation/v3/ark:/12148/bd6t51375940/manifest.json'
For more information check: https://developer.mozilla.org/en-US/docs/Web/HTTP/Status/403",2026-07-27T17:20:40.164554
petitmarocain,bd6t5137595c,,failed,0,0,,http_manifest,known,403,manifest,"Client error '403 ' for url 'https://openapiproext.bnf.fr/iiif/presentation/v3/ark:/12148/bd6t5137595c/manifest.json'
For more information check: https://developer.mozilla.org/en-US/docs/Web/HTTP/Status/403",2026-07-27T17:20:41.370384
petitmarocain,bd6t5137596r,,failed,0,0,,http_manifest,known,403,manifest,"Client error '403 ' for url 'https://openapiproext.bnf.fr/iiif/presentation/v3/ark:/12148/bd6t5137596r/manifest.json'
For more information check: https://developer.mozilla.org/en-US/docs/Web/HTTP/Status/403",2026-07-27T17:20:42.572266
petitmarocain,bd6t51375974,,failed,0,0,,http_manifest,known,403,manifest,"Client error '403 ' for url 'https://openapiproext.bnf.fr/iiif/presentation/v3/ark:/12148/bd6t51375974/manifest.json'
For more information check: https://developer.mozilla.org/en-US/docs/Web/HTTP/Status/403",2026-07-27T17:20:43.773756
petitmarocain,bd6t5137598h,,failed,0,0,,http_manifest,known,403,manifest,"Client error '403 ' for url 'https://openapiproext.bnf.fr/iiif/presentation/v3/ark:/12148/bd6t5137598h/manifest.json'
For more information check: https://developer.mozilla.org/en-US/docs/Web/HTTP/Status/403",2026-07-27T17:20:45.081997
petitmarocain,bd6t5137599w,,failed,0,0,,http_manifest,known,403,manifest,"Client error '403 ' for url 'https://openapiproext.bnf.fr/iiif/presentation/v3/ark:/12148/bd6t5137599w/manifest.json'
For more information check: https://developer.mozilla.org/en-US/docs/Web/HTTP/Status/403",2026-07-27T17:20:46.322861
petitmarocain,bd6t5137600p,,failed,0,0,,http_manifest,known,403,manifest,"Client error '403 ' for url 'https://openapiproext.bnf.fr/iiif/presentation/v3/ark:/12148/bd6t5137600p/manifest.json'
For more information check: https://developer.mozilla.org/en-US/docs/Web/HTTP/Status/403",2026-07-27T17:20:47.409132
petitmarocain,bd6t51376012,,failed,0,0,,http_manifest,known,403,manifest,"Client error '403 ' for url 'https://openapiproext.bnf.fr/iiif/presentation/v3/ark:/12148/bd6t51376012/manifest.json'
For more information check: https://developer.mozilla.org/en-US/docs/Web/HTTP/Status/403",2026-07-27T17:20:48.774300
petitmarocain,bd6t5137602f,,failed,0,0,,http_manifest,known,403,manifest,"Client error '403 ' for url 'https://openapiproext.bnf.fr/iiif/presentation/v3/ark:/12148/bd6t5137602f/manifest.json'
For more information check: https://developer.mozilla.org/en-US/docs/Web/HTTP/Status/403",2026-07-27T17:20:49.779368
petitmarocain,bd6t5137603t,,failed,0,0,,http_manifest,known,403,manifest,"Client error '403 ' for url 'https://openapiproext.bnf.fr/iiif/presentation/v3/ark:/12148/bd6t5137603t/manifest.json'
For more information check: https://developer.mozilla.org/en-US/docs/Web/HTTP/Status/403",2026-07-27T17:20:51.086551
petitmarocain,bd6t51376046,,failed,0,0,,http_manifest,known,403,manifest,"Client error '403 ' for url 'https://openapiproext.bnf.fr/iiif/presentation/v3/ark:/12148/bd6t51376046/manifest.json'
For more information check: https://developer.mozilla.org/en-US/docs/Web/HTTP/Status/403",2026-07-27T17:20:52.241605
petitmarocain,bd6t5137605k,,failed,0,0,,http_manifest,known,403,manifest,"Client error '403 ' for url 'https://openapiproext.bnf.fr/iiif/presentation/v3/ark:/12148/bd6t5137605k/manifest.json'
For more information check: https://developer.mozilla.org/en-US/docs/Web/HTTP/Status/403",2026-07-27T17:20:53.508309
petitmarocain,bd6t5137606z,,failed,0,0,,http_manifest,known,403,manifest,"Client error '403 ' for url 'https://openapiproext.bnf.fr/iiif/presentation/v3/ark:/12148/bd6t5137606z/manifest.json'
For more information check: https://developer.mozilla.org/en-US/docs/Web/HTTP/Status/403",2026-07-27T17:20:54.605724
petitmarocain,bd6t5137607b,,failed,0,0,,http_manifest,known,403,manifest,"Client error '403 ' for url 'https://openapiproext.bnf.fr/iiif/presentation/v3/ark:/12148/bd6t5137607b/manifest.json'
For more information check: https://developer.mozilla.org/en-US/docs/Web/HTTP/Status/403",2026-07-27T17:20:55.789087
petitmarocain,bd6t5137608q,,failed,0,0,,http_manifest,known,403,manifest,"Client error '403 ' for url 'https://openapiproext.bnf.fr/iiif/presentation/v3/ark:/12148/bd6t5137608q/manifest.json'
For more information check: https://developer.mozilla.org/en-US/docs/Web/HTTP/Status/403",2026-07-27T17:20:56.992982
petitmarocain,bd6t51376093,,failed,0,0,,http_manifest,known,403,manifest,"Client error '403 ' for url 'https://openapiproext.bnf.fr/iiif/presentation/v3/ark:/12148/bd6t51376093/manifest.json'
For more information check: https://developer.mozilla.org/en-US/docs/Web/HTTP/Status/403",2026-07-27T17:20:58.194293
petitmarocain,bd6t51376101,,failed,0,0,,http_manifest,known,403,manifest,"Client error '403 ' for url 'https://openapiproext.bnf.fr/iiif/presentation/v3/ark:/12148/bd6t51376101/manifest.json'
For more information check: https://developer.mozilla.org/en-US/docs/Web/HTTP/Status/403",2026-07-27T17:20:59.393179
petitmarocain,bd6t5137611d,,failed,0,0,,http_manifest,known,403,manifest,"Client error '403 ' for url 'https://openapiproext.bnf.fr/iiif/presentation/v3/ark:/12148/bd6t5137611d/manifest.json'
For more information check: https://developer.mozilla.org/en-US/docs/Web/HTTP/Status/403",2026-07-27T17:21:00.594081
petitmarocain,bd6t5137612s,,failed,0,0,,http_manifest,known,403,manifest,"Client error '403 ' for url 'https://openapiproext.bnf.fr/iiif/presentation/v3/ark:/12148/bd6t5137612s/manifest.json'
For more information check: https://developer.mozilla.org/en-US/docs/Web/HTTP/Status/403",2026-07-27T17:21:01.797073
petitmarocain,bd6t51376135,,failed,0,0,,http_manifest,known,403,manifest,"Client error '403 ' for url 'https://openapiproext.bnf.fr/iiif/presentation/v3/ark:/12148/bd6t51376135/manifest.json'
For more information check: https://developer.mozilla.org/en-US/docs/Web/HTTP/Status/403",2026-07-27T17:21:02.994302
petitmarocain,bd6t5137614j,,failed,0,0,,http_manifest,known,403,manifest,"Client error '403 ' for url 'https://openapiproext.bnf.fr/iiif/presentation/v3/ark:/12148/bd6t5137614j/manifest.json'
For more information check: https://developer.mozilla.org/en-US/docs/Web/HTTP/Status/403",2026-07-27T17:21:04.202827
petitmarocain,bd6t5137615x,,failed,0,0,,http_manifest,known,403,manifest,"Client error '403 ' for url 'https://openapiproext.bnf.fr/iiif/presentation/v3/ark:/12148/bd6t5137615x/manifest.json'
For more information check: https://developer.mozilla.org/en-US/docs/Web/HTTP/Status/403",2026-07-27T17:21:05.411858
petitmarocain,bd6t51376169,,failed,0,0,,http_manifest,known,403,manifest,"Client error '403 ' for url 'https://openapiproext.bnf.fr/iiif/presentation/v3/ark:/12148/bd6t51376169/manifest.json'
For more information check: https://developer.mozilla.org/en-US/docs/Web/HTTP/Status/403",2026-07-27T17:21:06.620574
petitmarocain,bd6t5137617p,,failed,0,0,,http_manifest,known,403,manifest,"Client error '403 ' for url 'https://openapiproext.bnf.fr/iiif/presentation/v3/ark:/12148/bd6t5137617p/manifest.json'
For more information check: https://developer.mozilla.org/en-US/docs/Web/HTTP/Status/403",2026-07-27T17:21:07.825780
petitmarocain,bd6t51376182,,failed,0,0,,http_manifest,known,403,manifest,"Client error '403 ' for url 'https://openapiproext.bnf.fr/iiif/presentation/v3/ark:/12148/bd6t51376182/manifest.json'
For more information check: https://developer.mozilla.org/en-US/docs/Web/HTTP/Status/403",2026-07-27T17:21:09.007036
petitmarocain,bd6t5137619f,,failed,0,0,,http_manifest,known,403,manifest,"Client error '403 ' for url 'https://openapiproext.bnf.fr/iiif/presentation/v3/ark:/12148/bd6t5137619f/manifest.json'
For more information check: https://developer.mozilla.org/en-US/docs/Web/HTTP/Status/403",2026-07-27T17:21:10.212940
petitmarocain,bd6t5137620c,,failed,0,0,,http_manifest,known,403,manifest,"Client error '403 ' for url 'https://openapiproext.bnf.fr/iiif/presentation/v3/ark:/12148/bd6t5137620c/manifest.json'
For more information check: https://developer.mozilla.org/en-US/docs/Web/HTTP/Status/403",2026-07-27T17:21:11.411207
petitmarocain,bd6t5137621r,,failed,0,0,,http_manifest,known,403,manifest,"Client error '403 ' for url 'https://openapiproext.bnf.fr/iiif/presentation/v3/ark:/12148/bd6t5137621r/manifest.json'
For more information check: https://developer.mozilla.org/en-US/docs/Web/HTTP/Status/403",2026-07-27T17:21:12.620159
petitmarocain,bd6t51376224,,failed,0,0,,http_manifest,known,403,manifest,"Client error '403 ' for url 'https://openapiproext.bnf.fr/iiif/presentation/v3/ark:/12148/bd6t51376224/manifest.json'
For more information check: https://developer.mozilla.org/en-US/docs/Web/HTTP/Status/403",2026-07-27T17:21:13.818977
petitmarocain,bd6t5137623h,,failed,0,0,,http_manifest,known,403,manifest,"Client error '403 ' for url 'https://openapiproext.bnf.fr/iiif/presentation/v3/ark:/12148/bd6t5137623h/manifest.json'
For more information check: https://developer.mozilla.org/en-US/docs/Web/HTTP/Status/403",2026-07-27T17:21:15.014896
petitmarocain,bd6t5137624w,,failed,0,0,,http_manifest,known,403,manifest,"Client error '403 ' for url 'https://openapiproext.bnf.fr/iiif/presentation/v3/ark:/12148/bd6t5137624w/manifest.json'
For more information check: https://developer.mozilla.org/en-US/docs/Web/HTTP/Status/403",2026-07-27T17:21:16.221192
petitmarocain,bd6t51376258,,failed,0,0,,http_manifest,known,403,manifest,"Client error '403 ' for url 'https://openapiproext.bnf.fr/iiif/presentation/v3/ark:/12148/bd6t51376258/manifest.json'
For more information check: https://developer.mozilla.org/en-US/docs/Web/HTTP/Status/403",2026-07-27T17:21:17.422995
petitmarocain,bd6t5137626n,,failed,0,0,,http_manifest,known,403,manifest,"Client error '403 ' for url 'https://openapiproext.bnf.fr/iiif/presentation/v3/ark:/12148/bd6t5137626n/manifest.json'
For more information check: https://developer.mozilla.org/en-US/docs/Web/HTTP/Status/403",2026-07-27T17:21:18.625381
petitmarocain,bd6t51376271,,failed,0,0,,http_manifest,known,403,manifest,"Client error '403 ' for url 'https://openapiproext.bnf.fr/iiif/presentation/v3/ark:/12148/bd6t51376271/manifest.json'
For more information check: https://developer.mozilla.org/en-US/docs/Web/HTTP/Status/403",2026-07-27T17:21:19.848993
petitmarocain,bd6t5137628d,,failed,0,0,,http_manifest,known,403,manifest,"Client error '403 ' for url 'https://openapiproext.bnf.fr/iiif/presentation/v3/ark:/12148/bd6t5137628d/manifest.json'
For more information check: https://developer.mozilla.org/en-US/docs/Web/HTTP/Status/403",2026-07-27T17:21:21.031080
petitmarocain,bd6t5137629s,,failed,0,0,,http_manifest,known,403,manifest,"Client error '403 ' for url 'https://openapiproext.bnf.fr/iiif/presentation/v3/ark:/12148/bd6t5137629s/manifest.json'
For more information check: https://developer.mozilla.org/en-US/docs/Web/HTTP/Status/403",2026-07-27T17:21:22.230491
petitmarocain,bd6t5137630q,,failed,0,0,,http_manifest,known,403,manifest,"Client error '403 ' for url 'https://openapiproext.bnf.fr/iiif/presentation/v3/ark:/12148/bd6t5137630q/manifest.json'
For more information check: https://developer.mozilla.org/en-US/docs/Web/HTTP/Status/403",2026-07-27T17:21:23.426709
petitmarocain,bd6t51376313,,failed,0,0,,http_manifest,known,403,manifest,"Client error '403 ' for url 'https://openapiproext.bnf.fr/iiif/presentation/v3/ark:/12148/bd6t51376313/manifest.json'
For more information check: https://developer.mozilla.org/en-US/docs/Web/HTTP/Status/403",2026-07-27T17:21:24.632442
petitmarocain,bd6t5137632g,,failed,0,0,,http_manifest,known,403,manifest,"Client error '403 ' for url 'https://openapiproext.bnf.fr/iiif/presentation/v3/ark:/12148/bd6t5137632g/manifest.json'
For more information check: https://developer.mozilla.org/en-US/docs/Web/HTTP/Status/403",2026-07-27T17:21:25.836708
petitmarocain,bd6t5137633v,,failed,0,0,,http_manifest,known,403,manifest,"Client error '403 ' for url 'https://openapiproext.bnf.fr/iiif/presentation/v3/ark:/12148/bd6t5137633v/manifest.json'
For more information check: https://developer.mozilla.org/en-US/docs/Web/HTTP/Status/403",2026-07-27T17:21:27.038526
petitmarocain,bd6t51376347,,failed,0,0,,http_manifest,known,403,manifest,"Client error '403 ' for url 'https://openapiproext.bnf.fr/iiif/presentation/v3/ark:/12148/bd6t51376347/manifest.json'
For more information check: https://developer.mozilla.org/en-US/docs/Web/HTTP/Status/403",2026-07-27T17:21:28.235392
petitmarocain,bd6t5137635m,,failed,0,0,,http_manifest,known,403,manifest,"Client error '403 ' for url 'https://openapiproext.bnf.fr/iiif/presentation/v3/ark:/12148/bd6t5137635m/manifest.json'
For more information check: https://developer.mozilla.org/en-US/docs/Web/HTTP/Status/403",2026-07-27T17:21:29.440752
petitmarocain,bd6t51376360,,failed,0,0,,http_manifest,known,403,manifest,"Client error '403 ' for url 'https://openapiproext.bnf.fr/iiif/presentation/v3/ark:/12148/bd6t51376360/manifest.json'
For more information check: https://developer.mozilla.org/en-US/docs/Web/HTTP/Status/403",2026-07-27T17:21:30.903507
petitmarocain,bd6t5137637c,,failed,0,0,,http_manifest,known,403,manifest,"Client error '403 ' for url 'https://openapiproext.bnf.fr/iiif/presentation/v3/ark:/12148/bd6t5137637c/manifest.json'
For more information check: https://developer.mozilla.org/en-US/docs/Web/HTTP/Status/403",2026-07-27T17:21:31.851183
petitmarocain,bd6t51394400,,failed,0,0,,http_manifest,known,403,manifest,"Client error '403 ' for url 'https://openapiproext.bnf.fr/iiif/presentation/v3/ark:/12148/bd6t51394400/manifest.json'
For more information check: https://developer.mozilla.org/en-US/docs/Web/HTTP/Status/403",2026-07-27T17:21:33.075402
petitmarocain,bd6t5139441c,,failed,0,0,,http_manifest,known,403,manifest,"Client error '403 ' for url 'https://openapiproext.bnf.fr/iiif/presentation/v3/ark:/12148/bd6t5139441c/manifest.json'
For more information check: https://developer.mozilla.org/en-US/docs/Web/HTTP/Status/403",2026-07-27T17:21:34.244548
petitmarocain,bd6t5139442r,,failed,0,0,,http_manifest,known,403,manifest,"Client error '403 ' for url 'https://openapiproext.bnf.fr/iiif/presentation/v3/ark:/12148/bd6t5139442r/manifest.json'
For more information check: https://developer.mozilla.org/en-US/docs/Web/HTTP/Status/403",2026-07-27T17:21:35.584149
petitmarocain,bd6t51394434,,failed,0,0,,http_manifest,known,403,manifest,"Client error '403 ' for url 'https://openapiproext.bnf.fr/iiif/presentation/v3/ark:/12148/bd6t51394434/manifest.json'
For more information check: https://developer.mozilla.org/en-US/docs/Web/HTTP/Status/403",2026-07-27T17:21:36.820255
petitmarocain,bd6t5139444h,,failed,0,0,,http_manifest,known,403,manifest,"Client error '403 ' for url 'https://openapiproext.bnf.fr/iiif/presentation/v3/ark:/12148/bd6t5139444h/manifest.json'
For more information check: https://developer.mozilla.org/en-US/docs/Web/HTTP/Status/403",2026-07-27T17:21:37.873040
petitmarocain,bd6t5139445w,,failed,0,0,,http_manifest,known,403,manifest,"Client error '403 ' for url 'https://openapiproext.bnf.fr/iiif/presentation/v3/ark:/12148/bd6t5139445w/manifest.json'
For more information check: https://developer.mozilla.org/en-US/docs/Web/HTTP/Status/403",2026-07-27T17:21:39.199280
petitmarocain,bd6t51394468,,failed,0,0,,http_manifest,known,403,manifest,"Client error '403 ' for url 'https://openapiproext.bnf.fr/iiif/presentation/v3/ark:/12148/bd6t51394468/manifest.json'
For more information check: https://developer.mozilla.org/en-US/docs/Web/HTTP/Status/403",2026-07-27T17:21:40.259663
petitmarocain,bd6t5139447n,,failed,0,0,,http_manifest,known,403,manifest,"Client error '403 ' for url 'https://openapiproext.bnf.fr/iiif/presentation/v3/ark:/12148/bd6t5139447n/manifest.json'
For more information check: https://developer.mozilla.org/en-US/docs/Web/HTTP/Status/403",2026-07-27T17:21:41.534126
petitmarocain,bd6t51394481,,failed,0,0,,http_manifest,known,403,manifest,"Client error '403 ' for url 'https://openapiproext.bnf.fr/iiif/presentation/v3/ark:/12148/bd6t51394481/manifest.json'
For more information check: https://developer.mozilla.org/en-US/docs/Web/HTTP/Status/403",2026-07-27T17:21:42.784981
petitmarocain,bd6t5139449d,,failed,0,0,,http_manifest,known,403,manifest,"Client error '403 ' for url 'https://openapiproext.bnf.fr/iiif/presentation/v3/ark:/12148/bd6t5139449d/manifest.json'
For more information check: https://developer.mozilla.org/en-US/docs/Web/HTTP/Status/403",2026-07-27T17:21:43.860076
petitmarocain,bd6t5139450b,,failed,0,0,,http_manifest,known,403,manifest,"Client error '403 ' for url 'https://openapiproext.bnf.fr/iiif/presentation/v3/ark:/12148/bd6t5139450b/manifest.json'
For more information check: https://developer.mozilla.org/en-US/docs/Web/HTTP/Status/403",2026-07-27T17:21:45.060300
petitmarocain,bd6t5139451q,,failed,0,0,,http_manifest,known,403,manifest,"Client error '403 ' for url 'https://openapiproext.bnf.fr/iiif/presentation/v3/ark:/12148/bd6t5139451q/manifest.json'
For more information check: https://developer.mozilla.org/en-US/docs/Web/HTTP/Status/403",2026-07-27T17:21:46.260167
petitmarocain,bd6t51394523,,failed,0,0,,http_manifest,known,403,manifest,"Client error '403 ' for url 'https://openapiproext.bnf.fr/iiif/presentation/v3/ark:/12148/bd6t51394523/manifest.json'
For more information check: https://developer.mozilla.org/en-US/docs/Web/HTTP/Status/403",2026-07-27T17:21:47.497656
petitmarocain,bd6t5139453g,,failed,0,0,,http_manifest,known,403,manifest,"Client error '403 ' for url 'https://openapiproext.bnf.fr/iiif/presentation/v3/ark:/12148/bd6t5139453g/manifest.json'
For more information check: https://developer.mozilla.org/en-US/docs/Web/HTTP/Status/403",2026-07-27T17:21:48.672883
petitmarocain,bd6t5139454v,,failed,0,0,,http_manifest,known,403,manifest,"Client error '403 ' for url 'https://openapiproext.bnf.fr/iiif/presentation/v3/ark:/12148/bd6t5139454v/manifest.json'
For more information check: https://developer.mozilla.org/en-US/docs/Web/HTTP/Status/403",2026-07-27T17:21:49.867170
petitmarocain,bd6t51394557,,failed,0,0,,http_manifest,known,403,manifest,"Client error '403 ' for url 'https://openapiproext.bnf.fr/iiif/presentation/v3/ark:/12148/bd6t51394557/manifest.json'
For more information check: https://developer.mozilla.org/en-US/docs/Web/HTTP/Status/403",2026-07-27T17:21:51.066856
petitmarocain,bd6t5139456m,,failed,0,0,,http_manifest,known,403,manifest,"Client error '403 ' for url 'https://openapiproext.bnf.fr/iiif/presentation/v3/ark:/12148/bd6t5139456m/manifest.json'
For more information check: https://developer.mozilla.org/en-US/docs/Web/HTTP/Status/403",2026-07-27T17:21:52.271732
petitmarocain,bd6t51394570,,failed,0,0,,http_manifest,known,403,manifest,"Client error '403 ' for url 'https://openapiproext.bnf.fr/iiif/presentation/v3/ark:/12148/bd6t51394570/manifest.json'
For more information check: https://developer.mozilla.org/en-US/docs/Web/HTTP/Status/403",2026-07-27T17:21:53.475273
petitmarocain,bd6t5139458c,,failed,0,0,,http_manifest,known,403,manifest,"Client error '403 ' for url 'https://openapiproext.bnf.fr/iiif/presentation/v3/ark:/12148/bd6t5139458c/manifest.json'
For more information check: https://developer.mozilla.org/en-US/docs/Web/HTTP/Status/403",2026-07-27T17:21:54.674786
petitmarocain,bd6t5139459r,,failed,0,0,,http_manifest,known,403,manifest,"Client error '403 ' for url 'https://openapiproext.bnf.fr/iiif/presentation/v3/ark:/12148/bd6t5139459r/manifest.json'
For more information check: https://developer.mozilla.org/en-US/docs/Web/HTTP/Status/403",2026-07-27T17:21:55.874000
petitmarocain,bd6t5139460p,,failed,0,0,,http_manifest,known,403,manifest,"Client error '403 ' for url 'https://openapiproext.bnf.fr/iiif/presentation/v3/ark:/12148/bd6t5139460p/manifest.json'
For more information check: https://developer.mozilla.org/en-US/docs/Web/HTTP/Status/403",2026-07-27T17:21:57.079929
petitmarocain,bd6t51394612,,failed,0,0,,http_manifest,known,403,manifest,"Client error '403 ' for url 'https://openapiproext.bnf.fr/iiif/presentation/v3/ark:/12148/bd6t51394612/manifest.json'
For more information check: https://developer.mozilla.org/en-US/docs/Web/HTTP/Status/403",2026-07-27T17:21:58.283066
petitmarocain,bd6t5139462f,,failed,0,0,,http_manifest,known,403,manifest,"Client error '403 ' for url 'https://openapiproext.bnf.fr/iiif/presentation/v3/ark:/12148/bd6t5139462f/manifest.json'
For more information check: https://developer.mozilla.org/en-US/docs/Web/HTTP/Status/403",2026-07-27T17:21:59.497972
petitmarocain,bd6t5139463t,,failed,0,0,,http_manifest,known,403,manifest,"Client error '403 ' for url 'https://openapiproext.bnf.fr/iiif/presentation/v3/ark:/12148/bd6t5139463t/manifest.json'
For more information check: https://developer.mozilla.org/en-US/docs/Web/HTTP/Status/403",2026-07-27T17:22:00.685770
petitmarocain,bd6t51394646,,failed,0,0,,http_manifest,known,403,manifest,"Client error '403 ' for url 'https://openapiproext.bnf.fr/iiif/presentation/v3/ark:/12148/bd6t51394646/manifest.json'
For more information check: https://developer.mozilla.org/en-US/docs/Web/HTTP/Status/403",2026-07-27T17:22:01.887837
petitmarocain,bd6t5139465k,,failed,0,0,,http_manifest,known,403,manifest,"Client error '403 ' for url 'https://openapiproext.bnf.fr/iiif/presentation/v3/ark:/12148/bd6t5139465k/manifest.json'
For more information check: https://developer.mozilla.org/en-US/docs/Web/HTTP/Status/403",2026-07-27T17:22:03.092402
petitmarocain,bd6t5139466z,,failed,0,0,,http_manifest,known,403,manifest,"Client error '403 ' for url 'https://openapiproext.bnf.fr/iiif/presentation/v3/ark:/12148/bd6t5139466z/manifest.json'
For more information check: https://developer.mozilla.org/en-US/docs/Web/HTTP/Status/403",2026-07-27T17:22:04.292625
petitmarocain,bd6t5139467b,,failed,0,0,,http_manifest,known,403,manifest,"Client error '403 ' for url 'https://openapiproext.bnf.fr/iiif/presentation/v3/ark:/12148/bd6t5139467b/manifest.json'
For more information check: https://developer.mozilla.org/en-US/docs/Web/HTTP/Status/403",2026-07-27T17:22:05.486991
petitmarocain,bd6t5139468q,,failed,0,0,,http_manifest,known,403,manifest,"Client error '403 ' for url 'https://openapiproext.bnf.fr/iiif/presentation/v3/ark:/12148/bd6t5139468q/manifest.json'
For more information check: https://developer.mozilla.org/en-US/docs/Web/HTTP/Status/403",2026-07-27T17:22:06.693635
petitmarocain,bd6t51394693,,failed,0,0,,http_manifest,known,403,manifest,"Client error '403 ' for url 'https://openapiproext.bnf.fr/iiif/presentation/v3/ark:/12148/bd6t51394693/manifest.json'
For more information check: https://developer.mozilla.org/en-US/docs/Web/HTTP/Status/403",2026-07-27T17:22:07.894082
petitmarocain,bd6t51394701,,failed,0,0,,http_manifest,known,403,manifest,"Client error '403 ' for url 'https://openapiproext.bnf.fr/iiif/presentation/v3/ark:/12148/bd6t51394701/manifest.json'
For more information check: https://developer.mozilla.org/en-US/docs/Web/HTTP/Status/403",2026-07-27T17:22:09.092080
petitmarocain,bd6t5139471d,,failed,0,0,,http_manifest,known,403,manifest,"Client error '403 ' for url 'https://openapiproext.bnf.fr/iiif/presentation/v3/ark:/12148/bd6t5139471d/manifest.json'
For more information check: https://developer.mozilla.org/en-US/docs/Web/HTTP/Status/403",2026-07-27T17:22:10.297543
petitmarocain,bd6t5139472s,,failed,0,0,,http_manifest,known,403,manifest,"Client error '403 ' for url 'https://openapiproext.bnf.fr/iiif/presentation/v3/ark:/12148/bd6t5139472s/manifest.json'
For more information check: https://developer.mozilla.org/en-US/docs/Web/HTTP/Status/403",2026-07-27T17:22:11.524637
petitmarocain,bd6t51394735,,failed,0,0,,http_manifest,known,403,manifest,"Client error '403 ' for url 'https://openapiproext.bnf.fr/iiif/presentation/v3/ark:/12148/bd6t51394735/manifest.json'
For more information check: https://developer.mozilla.org/en-US/docs/Web/HTTP/Status/403",2026-07-27T17:22:12.703427
petitmarocain,bd6t5139474j,,failed,0,0,,http_manifest,known,403,manifest,"Client error '403 ' for url 'https://openapiproext.bnf.fr/iiif/presentation/v3/ark:/12148/bd6t5139474j/manifest.json'
For more information check: https://developer.mozilla.org/en-US/docs/Web/HTTP/Status/403",2026-07-27T17:22:13.903773
petitmarocain,bd6t5139475x,,failed,0,0,,http_manifest,known,403,manifest,"Client error '403 ' for url 'https://openapiproext.bnf.fr/iiif/presentation/v3/ark:/12148/bd6t5139475x/manifest.json'
For more information check: https://developer.mozilla.org/en-US/docs/Web/HTTP/Status/403",2026-07-27T17:22:15.102266
petitmarocain,bd6t51394769,,failed,0,0,,http_manifest,known,403,manifest,"Client error '403 ' for url 'https://openapiproext.bnf.fr/iiif/presentation/v3/ark:/12148/bd6t51394769/manifest.json'
For more information check: https://developer.mozilla.org/en-US/docs/Web/HTTP/Status/403",2026-07-27T17:22:16.305985
petitmarocain,bd6t5139477p,,failed,0,0,,http_manifest,known,403,manifest,"Client error '403 ' for url 'https://openapiproext.bnf.fr/iiif/presentation/v3/ark:/12148/bd6t5139477p/manifest.json'
For more information check: https://developer.mozilla.org/en-US/docs/Web/HTTP/Status/403",2026-07-27T17:22:17.519357
petitmarocain,bd6t51394782,,failed,0,0,,http_manifest,known,403,manifest,"Client error '403 ' for url 'https://openapiproext.bnf.fr/iiif/presentation/v3/ark:/12148/bd6t51394782/manifest.json'
For more information check: https://developer.mozilla.org/en-US/docs/Web/HTTP/Status/403",2026-07-27T17:22:18.709319
petitmarocain,bd6t5139479f,,failed,0,0,,http_manifest,known,403,manifest,"Client error '403 ' for url 'https://openapiproext.bnf.fr/iiif/presentation/v3/ark:/12148/bd6t5139479f/manifest.json'
For more information check: https://developer.mozilla.org/en-US/docs/Web/HTTP/Status/403",2026-07-27T17:22:19.911005
petitmarocain,bd6t5139480c,,failed,0,0,,http_manifest,known,403,manifest,"Client error '403 ' for url 'https://openapiproext.bnf.fr/iiif/presentation/v3/ark:/12148/bd6t5139480c/manifest.json'
For more information check: https://developer.mozilla.org/en-US/docs/Web/HTTP/Status/403",2026-07-27T17:22:21.106162
petitmarocain,bd6t5139481r,,failed,0,0,,http_manifest,known,403,manifest,"Client error '403 ' for url 'https://openapiproext.bnf.fr/iiif/presentation/v3/ark:/12148/bd6t5139481r/manifest.json'
For more information check: https://developer.mozilla.org/en-US/docs/Web/HTTP/Status/403",2026-07-27T17:22:22.314328
petitmarocain,bd6t51394824,,failed,0,0,,http_manifest,known,403,manifest,"Client error '403 ' for url 'https://openapiproext.bnf.fr/iiif/presentation/v3/ark:/12148/bd6t51394824/manifest.json'
For more information check: https://developer.mozilla.org/en-US/docs/Web/HTTP/Status/403",2026-07-27T17:22:23.512567
petitmarocain,bd6t5139483h,,failed,0,0,,http_manifest,known,403,manifest,"Client error '403 ' for url 'https://openapiproext.bnf.fr/iiif/presentation/v3/ark:/12148/bd6t5139483h/manifest.json'
For more information check: https://developer.mozilla.org/en-US/docs/Web/HTTP/Status/403",2026-07-27T17:22:24.718891
petitmarocain,bd6t5139484w,,failed,0,0,,http_manifest,known,403,manifest,"Client error '403 ' for url 'https://openapiproext.bnf.fr/iiif/presentation/v3/ark:/12148/bd6t5139484w/manifest.json'
For more information check: https://developer.mozilla.org/en-US/docs/Web/HTTP/Status/403",2026-07-27T17:22:25.920686
petitmarocain,bd6t51394858,,failed,0,0,,http_manifest,known,403,manifest,"Client error '403 ' for url 'https://openapiproext.bnf.fr/iiif/presentation/v3/ark:/12148/bd6t51394858/manifest.json'
For more information check: https://developer.mozilla.org/en-US/docs/Web/HTTP/Status/403",2026-07-27T17:22:27.116659
petitmarocain,bd6t5139486n,,failed,0,0,,http_manifest,known,403,manifest,"Client error '403 ' for url 'https://openapiproext.bnf.fr/iiif/presentation/v3/ark:/12148/bd6t5139486n/manifest.json'
For more information check: https://developer.mozilla.org/en-US/docs/Web/HTTP/Status/403",2026-07-27T17:22:28.325363
petitmarocain,bd6t51394871,,failed,0,0,,http_manifest,known,403,manifest,"Client error '403 ' for url 'https://openapiproext.bnf.fr/iiif/presentation/v3/ark:/12148/bd6t51394871/manifest.json'
For more information check: https://developer.mozilla.org/en-US/docs/Web/HTTP/Status/403",2026-07-27T17:22:29.652672
petitmarocain,bd6t5139488d,,failed,0,0,,http_manifest,known,403,manifest,"Client error '403 ' for url 'https://openapiproext.bnf.fr/iiif/presentation/v3/ark:/12148/bd6t5139488d/manifest.json'
For more information check: https://developer.mozilla.org/en-US/docs/Web/HTTP/Status/403",2026-07-27T17:22:30.728371
petitmarocain,bd6t5139489s,,failed,0,0,,http_manifest,known,403,manifest,"Client error '403 ' for url 'https://openapiproext.bnf.fr/iiif/presentation/v3/ark:/12148/bd6t5139489s/manifest.json'
For more information check: https://developer.mozilla.org/en-US/docs/Web/HTTP/Status/403",2026-07-27T17:22:31.930841
petitmarocain,bd6t5139490q,,failed,0,0,,http_manifest,known,403,manifest,"Client error '403 ' for url 'https://openapiproext.bnf.fr/iiif/presentation/v3/ark:/12148/bd6t5139490q/manifest.json'
For more information check: https://developer.mozilla.org/en-US/docs/Web/HTTP/Status/403",2026-07-27T17:22:33.202315
petitmarocain,bd6t51394913,,failed,0,0,,http_manifest,known,403,manifest,"Client error '403 ' for url 'https://openapiproext.bnf.fr/iiif/presentation/v3/ark:/12148/bd6t51394913/manifest.json'
For more information check: https://developer.mozilla.org/en-US/docs/Web/HTTP/Status/403",2026-07-27T17:22:34.339497
petitmarocain,bd6t5139492g,,failed,0,0,,http_manifest,known,403,manifest,"Client error '403 ' for url 'https://openapiproext.bnf.fr/iiif/presentation/v3/ark:/12148/bd6t5139492g/manifest.json'
For more information check: https://developer.mozilla.org/en-US/docs/Web/HTTP/Status/403",2026-07-27T17:22:35.530330
petitmarocain,bd6t5139493v,,failed,0,0,,http_manifest,known,403,manifest,"Client error '403 ' for url 'https://openapiproext.bnf.fr/iiif/presentation/v3/ark:/12148/bd6t5139493v/manifest.json'
For more information check: https://developer.mozilla.org/en-US/docs/Web/HTTP/Status/403",2026-07-27T17:22:36.795601
petitmarocain,bd6t51394947,,failed,0,0,,http_manifest,known,403,manifest,"Client error '403 ' for url 'https://openapiproext.bnf.fr/iiif/presentation/v3/ark:/12148/bd6t51394947/manifest.json'
For more information check: https://developer.mozilla.org/en-US/docs/Web/HTTP/Status/403",2026-07-27T17:22:37.934890
petitmarocain,bd6t5139495m,,failed,0,0,,http_manifest,known,403,manifest,"Client error '403 ' for url 'https://openapiproext.bnf.fr/iiif/presentation/v3/ark:/12148/bd6t5139495m/manifest.json'
For more information check: https://developer.mozilla.org/en-US/docs/Web/HTTP/Status/403",2026-07-27T17:22:39.290141
petitmarocain,bd6t51394960,,failed,0,0,,http_manifest,known,403,manifest,"Client error '403 ' for url 'https://openapiproext.bnf.fr/iiif/presentation/v3/ark:/12148/bd6t51394960/manifest.json'
For more information check: https://developer.mozilla.org/en-US/docs/Web/HTTP/Status/403",2026-07-27T17:22:40.425613
petitmarocain,bd6t5139497c,,failed,0,0,,http_manifest,known,403,manifest,"Client error '403 ' for url 'https://openapiproext.bnf.fr/iiif/presentation/v3/ark:/12148/bd6t5139497c/manifest.json'
For more information check: https://developer.mozilla.org/en-US/docs/Web/HTTP/Status/403",2026-07-27T17:22:41.554269
petitmarocain,bd6t5139498r,,failed,0,0,,http_manifest,known,403,manifest,"Client error '403 ' for url 'https://openapiproext.bnf.fr/iiif/presentation/v3/ark:/12148/bd6t5139498r/manifest.json'
For more information check: https://developer.mozilla.org/en-US/docs/Web/HTTP/Status/403",2026-07-27T17:22:43.026313
petitmarocain,bd6t51394994,,failed,0,0,,http_manifest,known,403,manifest,"Client error '403 ' for url 'https://openapiproext.bnf.fr/iiif/presentation/v3/ark:/12148/bd6t51394994/manifest.json'
For more information check: https://developer.mozilla.org/en-US/docs/Web/HTTP/Status/403",2026-07-27T17:22:43.938424
petitmarocain,bd6t5139500x,,failed,0,0,,http_manifest,known,403,manifest,"Client error '403 ' for url 'https://openapiproext.bnf.fr/iiif/presentation/v3/ark:/12148/bd6t5139500x/manifest.json'
For more information check: https://developer.mozilla.org/en-US/docs/Web/HTTP/Status/403",2026-07-27T17:22:45.152346
petitmarocain,bd6t51395019,,failed,0,0,,http_manifest,known,403,manifest,"Client error '403 ' for url 'https://openapiproext.bnf.fr/iiif/presentation/v3/ark:/12148/bd6t51395019/manifest.json'
For more information check: https://developer.mozilla.org/en-US/docs/Web/HTTP/Status/403",2026-07-27T17:22:46.362799
petitmarocain,bd6t5139502p,,failed,0,0,,http_manifest,known,403,manifest,"Client error '403 ' for url 'https://openapiproext.bnf.fr/iiif/presentation/v3/ark:/12148/bd6t5139502p/manifest.json'
For more information check: https://developer.mozilla.org/en-US/docs/Web/HTTP/Status/403",2026-07-27T17:22:47.790543
petitmarocain,bd6t51395032,,failed,0,0,,http_manifest,known,403,manifest,"Client error '403 ' for url 'https://openapiproext.bnf.fr/iiif/presentation/v3/ark:/12148/bd6t51395032/manifest.json'
For more information check: https://developer.mozilla.org/en-US/docs/Web/HTTP/Status/403",2026-07-27T17:22:48.765862
petitmarocain,bd6t5139504f,,failed,0,0,,http_manifest,known,403,manifest,"Client error '403 ' for url 'https://openapiproext.bnf.fr/iiif/presentation/v3/ark:/12148/bd6t5139504f/manifest.json'
For more information check: https://developer.mozilla.org/en-US/docs/Web/HTTP/Status/403",2026-07-27T17:22:50.004160
petitmarocain,bd6t5139505t,,failed,0,0,,http_manifest,known,403,manifest,"Client error '403 ' for url 'https://openapiproext.bnf.fr/iiif/presentation/v3/ark:/12148/bd6t5139505t/manifest.json'
For more information check: https://developer.mozilla.org/en-US/docs/Web/HTTP/Status/403",2026-07-27T17:22:51.340176
petitmarocain,bd6t51395066,,failed,0,0,,http_manifest,known,403,manifest,"Client error '403 ' for url 'https://openapiproext.bnf.fr/iiif/presentation/v3/ark:/12148/bd6t51395066/manifest.json'
For more information check: https://developer.mozilla.org/en-US/docs/Web/HTTP/Status/403",2026-07-27T17:22:52.531165
petitmarocain,bd6t5139507k,,failed,0,0,,http_manifest,known,403,manifest,"Client error '403 ' for url 'https://openapiproext.bnf.fr/iiif/presentation/v3/ark:/12148/bd6t5139507k/manifest.json'
For more information check: https://developer.mozilla.org/en-US/docs/Web/HTTP/Status/403",2026-07-27T17:22:53.699391
petitmarocain,bd6t5139508z,,failed,0,0,,http_manifest,known,403,manifest,"Client error '403 ' for url 'https://openapiproext.bnf.fr/iiif/presentation/v3/ark:/12148/bd6t5139508z/manifest.json'
For more information check: https://developer.mozilla.org/en-US/docs/Web/HTTP/Status/403",2026-07-27T17:22:54.806443
petitmarocain,bd6t5139509b,,failed,0,0,,http_manifest,known,403,manifest,"Client error '403 ' for url 'https://openapiproext.bnf.fr/iiif/presentation/v3/ark:/12148/bd6t5139509b/manifest.json'
For more information check: https://developer.mozilla.org/en-US/docs/Web/HTTP/Status/403",2026-07-27T17:22:55.953572
petitmarocain,bd6t51395108,,failed,0,0,,http_manifest,known,403,manifest,"Client error '403 ' for url 'https://openapiproext.bnf.fr/iiif/presentation/v3/ark:/12148/bd6t51395108/manifest.json'
For more information check: https://developer.mozilla.org/en-US/docs/Web/HTTP/Status/403",2026-07-27T17:22:57.168490
petitmarocain,bd6t5139511n,,failed,0,0,,http_manifest,known,403,manifest,"Client error '403 ' for url 'https://openapiproext.bnf.fr/iiif/presentation/v3/ark:/12148/bd6t5139511n/manifest.json'
For more information check: https://developer.mozilla.org/en-US/docs/Web/HTTP/Status/403",2026-07-27T17:22:58.372840
petitmarocain,bd6t51395121,,failed,0,0,,http_manifest,known,403,manifest,"Client error '403 ' for url 'https://openapiproext.bnf.fr/iiif/presentation/v3/ark:/12148/bd6t51395121/manifest.json'
For more information check: https://developer.mozilla.org/en-US/docs/Web/HTTP/Status/403",2026-07-27T17:22:59.564173
petitmarocain,bd6t5139513d,,failed,0,0,,http_manifest,known,403,manifest,"Client error '403 ' for url 'https://openapiproext.bnf.fr/iiif/presentation/v3/ark:/12148/bd6t5139513d/manifest.json'
For more information check: https://developer.mozilla.org/en-US/docs/Web/HTTP/Status/403",2026-07-27T17:23:00.781432
petitmarocain,bd6t5139514s,,failed,0,0,,http_manifest,known,403,manifest,"Client error '403 ' for url 'https://openapiproext.bnf.fr/iiif/presentation/v3/ark:/12148/bd6t5139514s/manifest.json'
For more information check: https://developer.mozilla.org/en-US/docs/Web/HTTP/Status/403",2026-07-27T17:23:01.965825
petitmarocain,bd6t51395155,,failed,0,0,,http_manifest,known,403,manifest,"Client error '403 ' for url 'https://openapiproext.bnf.fr/iiif/presentation/v3/ark:/12148/bd6t51395155/manifest.json'
For more information check: https://developer.mozilla.org/en-US/docs/Web/HTTP/Status/403",2026-07-27T17:23:03.168664
petitmarocain,bd6t5139516j,,failed,0,0,,http_manifest,known,403,manifest,"Client error '403 ' for url 'https://openapiproext.bnf.fr/iiif/presentation/v3/ark:/12148/bd6t5139516j/manifest.json'
For more information check: https://developer.mozilla.org/en-US/docs/Web/HTTP/Status/403",2026-07-27T17:23:04.377432
petitmarocain,bd6t5139517x,,failed,0,0,,http_manifest,known,403,manifest,"Client error '403 ' for url 'https://openapiproext.bnf.fr/iiif/presentation/v3/ark:/12148/bd6t5139517x/manifest.json'
For more information check: https://developer.mozilla.org/en-US/docs/Web/HTTP/Status/403",2026-07-27T17:23:05.576974
petitmarocain,bd6t51395189,,failed,0,0,,http_manifest,known,403,manifest,"Client error '403 ' for url 'https://openapiproext.bnf.fr/iiif/presentation/v3/ark:/12148/bd6t51395189/manifest.json'
For more information check: https://developer.mozilla.org/en-US/docs/Web/HTTP/Status/403",2026-07-27T17:23:06.781708
petitmarocain,bd6t5139519p,,failed,0,0,,http_manifest,known,403,manifest,"Client error '403 ' for url 'https://openapiproext.bnf.fr/iiif/presentation/v3/ark:/12148/bd6t5139519p/manifest.json'
For more information check: https://developer.mozilla.org/en-US/docs/Web/HTTP/Status/403",2026-07-27T17:23:07.976228
petitmarocain,bd6t5139520m,,failed,0,0,,http_manifest,known,403,manifest,"Client error '403 ' for url 'https://openapiproext.bnf.fr/iiif/presentation/v3/ark:/12148/bd6t5139520m/manifest.json'
For more information check: https://developer.mozilla.org/en-US/docs/Web/HTTP/Status/403",2026-07-27T17:23:09.200508
petitmarocain,bd6t51395210,,failed,0,0,,http_manifest,known,403,manifest,"Client error '403 ' for url 'https://openapiproext.bnf.fr/iiif/presentation/v3/ark:/12148/bd6t51395210/manifest.json'
For more information check: https://developer.mozilla.org/en-US/docs/Web/HTTP/Status/403",2026-07-27T17:23:10.378185
petitmarocain,bd6t5139522c,,failed,0,0,,http_manifest,known,403,manifest,"Client error '403 ' for url 'https://openapiproext.bnf.fr/iiif/presentation/v3/ark:/12148/bd6t5139522c/manifest.json'
For more information check: https://developer.mozilla.org/en-US/docs/Web/HTTP/Status/403",2026-07-27T17:23:11.587170
petitmarocain,bd6t5139523r,,failed,0,0,,http_manifest,known,403,manifest,"Client error '403 ' for url 'https://openapiproext.bnf.fr/iiif/presentation/v3/ark:/12148/bd6t5139523r/manifest.json'
For more information check: https://developer.mozilla.org/en-US/docs/Web/HTTP/Status/403",2026-07-27T17:23:12.782266
petitmarocain,bd6t51395244,,failed,0,0,,http_manifest,known,403,manifest,"Client error '403 ' for url 'https://openapiproext.bnf.fr/iiif/presentation/v3/ark:/12148/bd6t51395244/manifest.json'
For more information check: https://developer.mozilla.org/en-US/docs/Web/HTTP/Status/403",2026-07-27T17:23:13.979009
petitmarocain,bd6t5139525h,,failed,0,0,,http_manifest,known,403,manifest,"Client error '403 ' for url 'https://openapiproext.bnf.fr/iiif/presentation/v3/ark:/12148/bd6t5139525h/manifest.json'
For more information check: https://developer.mozilla.org/en-US/docs/Web/HTTP/Status/403",2026-07-27T17:23:15.182853
petitmarocain,bd6t5139526w,,failed,0,0,,http_manifest,known,403,manifest,"Client error '403 ' for url 'https://openapiproext.bnf.fr/iiif/presentation/v3/ark:/12148/bd6t5139526w/manifest.json'
For more information check: https://developer.mozilla.org/en-US/docs/Web/HTTP/Status/403",2026-07-27T17:23:16.389812
petitmarocain,bd6t51395278,,failed,0,0,,http_manifest,known,403,manifest,"Client error '403 ' for url 'https://openapiproext.bnf.fr/iiif/presentation/v3/ark:/12148/bd6t51395278/manifest.json'
For more information check: https://developer.mozilla.org/en-US/docs/Web/HTTP/Status/403",2026-07-27T17:23:17.584647
petitmarocain,bd6t5139528n,,failed,0,0,,http_manifest,known,403,manifest,"Client error '403 ' for url 'https://openapiproext.bnf.fr/iiif/presentation/v3/ark:/12148/bd6t5139528n/manifest.json'
For more information check: https://developer.mozilla.org/en-US/docs/Web/HTTP/Status/403",2026-07-27T17:23:18.784698
petitmarocain,bd6t51395291,,failed,0,0,,http_manifest,known,403,manifest,"Client error '403 ' for url 'https://openapiproext.bnf.fr/iiif/presentation/v3/ark:/12148/bd6t51395291/manifest.json'
For more information check: https://developer.mozilla.org/en-US/docs/Web/HTTP/Status/403",2026-07-27T17:23:20.006891
petitmarocain,bd6t5139530z,,failed,0,0,,http_manifest,known,403,manifest,"Client error '403 ' for url 'https://openapiproext.bnf.fr/iiif/presentation/v3/ark:/12148/bd6t5139530z/manifest.json'
For more information check: https://developer.mozilla.org/en-US/docs/Web/HTTP/Status/403",2026-07-27T17:23:21.194568
petitmarocain,bd6t51393493,,failed,0,0,,http_manifest,known,403,manifest,"Client error '403 ' for url 'https://openapiproext.bnf.fr/iiif/presentation/v3/ark:/12148/bd6t51393493/manifest.json'
For more information check: https://developer.mozilla.org/en-US/docs/Web/HTTP/Status/403",2026-07-27T17:23:22.398472
petitmarocain,bd6t51393501,,failed,0,0,,http_manifest,known,403,manifest,"Client error '403 ' for url 'https://openapiproext.bnf.fr/iiif/presentation/v3/ark:/12148/bd6t51393501/manifest.json'
For more information check: https://developer.mozilla.org/en-US/docs/Web/HTTP/Status/403",2026-07-27T17:23:23.607186
petitmarocain,bd6t5139351d,,failed,0,0,,http_manifest,known,403,manifest,"Client error '403 ' for url 'https://openapiproext.bnf.fr/iiif/presentation/v3/ark:/12148/bd6t5139351d/manifest.json'
For more information check: https://developer.mozilla.org/en-US/docs/Web/HTTP/Status/403",2026-07-27T17:23:24.802707
petitmarocain,bd6t5139352s,,failed,0,0,,http_manifest,known,403,manifest,"Client error '403 ' for url 'https://openapiproext.bnf.fr/iiif/presentation/v3/ark:/12148/bd6t5139352s/manifest.json'
For more information check: https://developer.mozilla.org/en-US/docs/Web/HTTP/Status/403",2026-07-27T17:23:26.017370
petitmarocain,bd6t51393535,,failed,0,0,,http_manifest,known,403,manifest,"Client error '403 ' for url 'https://openapiproext.bnf.fr/iiif/presentation/v3/ark:/12148/bd6t51393535/manifest.json'
For more information check: https://developer.mozilla.org/en-US/docs/Web/HTTP/Status/403",2026-07-27T17:23:27.205573
petitmarocain,bd6t5139354j,,failed,0,0,,http_manifest,known,403,manifest,"Client error '403 ' for url 'https://openapiproext.bnf.fr/iiif/presentation/v3/ark:/12148/bd6t5139354j/manifest.json'
For more information check: https://developer.mozilla.org/en-US/docs/Web/HTTP/Status/403",2026-07-27T17:23:28.409411
petitmarocain,bd6t5139355x,,failed,0,0,,http_manifest,known,403,manifest,"Client error '403 ' for url 'https://openapiproext.bnf.fr/iiif/presentation/v3/ark:/12148/bd6t5139355x/manifest.json'
For more information check: https://developer.mozilla.org/en-US/docs/Web/HTTP/Status/403",2026-07-27T17:23:29.728501
petitmarocain,bd6t51393569,,failed,0,0,,http_manifest,known,403,manifest,"Client error '403 ' for url 'https://openapiproext.bnf.fr/iiif/presentation/v3/ark:/12148/bd6t51393569/manifest.json'
For more information check: https://developer.mozilla.org/en-US/docs/Web/HTTP/Status/403",2026-07-27T17:23:30.810141
petitmarocain,bd6t5139357p,,failed,0,0,,http_manifest,known,403,manifest,"Client error '403 ' for url 'https://openapiproext.bnf.fr/iiif/presentation/v3/ark:/12148/bd6t5139357p/manifest.json'
For more information check: https://developer.mozilla.org/en-US/docs/Web/HTTP/Status/403",2026-07-27T17:23:32.268769
petitmarocain,bd6t51393582,,failed,0,0,,http_manifest,known,403,manifest,"Client error '403 ' for url 'https://openapiproext.bnf.fr/iiif/presentation/v3/ark:/12148/bd6t51393582/manifest.json'
For more information check: https://developer.mozilla.org/en-US/docs/Web/HTTP/Status/403",2026-07-27T17:23:33.219594
petitmarocain,bd6t5139359f,,failed,0,0,,http_manifest,known,403,manifest,"Client error '403 ' for url 'https://openapiproext.bnf.fr/iiif/presentation/v3/ark:/12148/bd6t5139359f/manifest.json'
For more information check: https://developer.mozilla.org/en-US/docs/Web/HTTP/Status/403",2026-07-27T17:23:34.416877
petitmarocain,bd6t5139360c,,failed,0,0,,http_manifest,known,403,manifest,"Client error '403 ' for url 'https://openapiproext.bnf.fr/iiif/presentation/v3/ark:/12148/bd6t5139360c/manifest.json'
For more information check: https://developer.mozilla.org/en-US/docs/Web/HTTP/Status/403",2026-07-27T17:23:35.620444
petitmarocain,bd6t5139361r,,failed,0,0,,http_manifest,known,403,manifest,"Client error '403 ' for url 'https://openapiproext.bnf.fr/iiif/presentation/v3/ark:/12148/bd6t5139361r/manifest.json'
For more information check: https://developer.mozilla.org/en-US/docs/Web/HTTP/Status/403",2026-07-27T17:23:36.955441
petitmarocain,bd6t51393624,,failed,0,0,,http_manifest,known,403,manifest,"Client error '403 ' for url 'https://openapiproext.bnf.fr/iiif/presentation/v3/ark:/12148/bd6t51393624/manifest.json'
For more information check: https://developer.mozilla.org/en-US/docs/Web/HTTP/Status/403",2026-07-27T17:23:38.072204
petitmarocain,bd6t5139363h,,failed,0,0,,http_manifest,known,403,manifest,"Client error '403 ' for url 'https://openapiproext.bnf.fr/iiif/presentation/v3/ark:/12148/bd6t5139363h/manifest.json'
For more information check: https://developer.mozilla.org/en-US/docs/Web/HTTP/Status/403",2026-07-27T17:23:39.303146
petitmarocain,bd6t5139364w,,failed,0,0,,http_manifest,known,403,manifest,"Client error '403 ' for url 'https://openapiproext.bnf.fr/iiif/presentation/v3/ark:/12148/bd6t5139364w/manifest.json'
For more information check: https://developer.mozilla.org/en-US/docs/Web/HTTP/Status/403",2026-07-27T17:23:40.573167
petitmarocain,bd6t51393658,,failed,0,0,,http_manifest,known,403,manifest,"Client error '403 ' for url 'https://openapiproext.bnf.fr/iiif/presentation/v3/ark:/12148/bd6t51393658/manifest.json'
For more information check: https://developer.mozilla.org/en-US/docs/Web/HTTP/Status/403",2026-07-27T17:23:41.666207
petitmarocain,bd6t5139366n,,failed,0,0,,http_manifest,known,403,manifest,"Client error '403 ' for url 'https://openapiproext.bnf.fr/iiif/presentation/v3/ark:/12148/bd6t5139366n/manifest.json'
For more information check: https://developer.mozilla.org/en-US/docs/Web/HTTP/Status/403",2026-07-27T17:23:42.840912
petitmarocain,bd6t51393671,,failed,0,0,,http_manifest,known,403,manifest,"Client error '403 ' for url 'https://openapiproext.bnf.fr/iiif/presentation/v3/ark:/12148/bd6t51393671/manifest.json'
For more information check: https://developer.mozilla.org/en-US/docs/Web/HTTP/Status/403",2026-07-27T17:23:44.027793
petitmarocain,bd6t5139368d,,failed,0,0,,http_manifest,known,403,manifest,"Client error '403 ' for url 'https://openapiproext.bnf.fr/iiif/presentation/v3/ark:/12148/bd6t5139368d/manifest.json'
For more information check: https://developer.mozilla.org/en-US/docs/Web/HTTP/Status/403",2026-07-27T17:23:45.236401
petitmarocain,bd6t5139369s,,failed,0,0,,http_manifest,known,403,manifest,"Client error '403 ' for url 'https://openapiproext.bnf.fr/iiif/presentation/v3/ark:/12148/bd6t5139369s/manifest.json'
For more information check: https://developer.mozilla.org/en-US/docs/Web/HTTP/Status/403",2026-07-27T17:23:46.622462
petitmarocain,bd6t5139370q,,failed,0,0,,http_manifest,known,403,manifest,"Client error '403 ' for url 'https://openapiproext.bnf.fr/iiif/presentation/v3/ark:/12148/bd6t5139370q/manifest.json'
For more information check: https://developer.mozilla.org/en-US/docs/Web/HTTP/Status/403",2026-07-27T17:23:47.823395
petitmarocain,bd6t51393713,,failed,0,0,,http_manifest,known,403,manifest,"Client error '403 ' for url 'https://openapiproext.bnf.fr/iiif/presentation/v3/ark:/12148/bd6t51393713/manifest.json'
For more information check: https://developer.mozilla.org/en-US/docs/Web/HTTP/Status/403",2026-07-27T17:23:49.098523
petitmarocain,bd6t5139372g,,failed,0,0,,http_manifest,known,403,manifest,"Client error '403 ' for url 'https://openapiproext.bnf.fr/iiif/presentation/v3/ark:/12148/bd6t5139372g/manifest.json'
For more information check: https://developer.mozilla.org/en-US/docs/Web/HTTP/Status/403",2026-07-27T17:23:50.043378
petitmarocain,bd6t5139373v,,failed,0,0,,http_manifest,known,403,manifest,"Client error '403 ' for url 'https://openapiproext.bnf.fr/iiif/presentation/v3/ark:/12148/bd6t5139373v/manifest.json'
For more information check: https://developer.mozilla.org/en-US/docs/Web/HTTP/Status/403",2026-07-27T17:23:51.244283
petitmarocain,bd6t51393747,,failed,0,0,,http_manifest,known,403,manifest,"Client error '403 ' for url 'https://openapiproext.bnf.fr/iiif/presentation/v3/ark:/12148/bd6t51393747/manifest.json'
For more information check: https://developer.mozilla.org/en-US/docs/Web/HTTP/Status/403",2026-07-27T17:23:52.764275
petitmarocain,bd6t5139375m,,failed,0,0,,http_manifest,known,403,manifest,"Client error '403 ' for url 'https://openapiproext.bnf.fr/iiif/presentation/v3/ark:/12148/bd6t5139375m/manifest.json'
For more information check: https://developer.mozilla.org/en-US/docs/Web/HTTP/Status/403",2026-07-27T17:23:53.639780
petitmarocain,bd6t51393760,,failed,0,0,,http_manifest,known,403,manifest,"Client error '403 ' for url 'https://openapiproext.bnf.fr/iiif/presentation/v3/ark:/12148/bd6t51393760/manifest.json'
For more information check: https://developer.mozilla.org/en-US/docs/Web/HTTP/Status/403",2026-07-27T17:23:54.841391
petitmarocain,bd6t5139377c,,failed,0,0,,http_manifest,known,403,manifest,"Client error '403 ' for url 'https://openapiproext.bnf.fr/iiif/presentation/v3/ark:/12148/bd6t5139377c/manifest.json'
For more information check: https://developer.mozilla.org/en-US/docs/Web/HTTP/Status/403",2026-07-27T17:23:56.043322
petitmarocain,bd6t5139378r,,failed,0,0,,http_manifest,known,403,manifest,"Client error '403 ' for url 'https://openapiproext.bnf.fr/iiif/presentation/v3/ark:/12148/bd6t5139378r/manifest.json'
For more information check: https://developer.mozilla.org/en-US/docs/Web/HTTP/Status/403",2026-07-27T17:23:57.253654
petitmarocain,bd6t51393794,,failed,0,0,,http_manifest,known,403,manifest,"Client error '403 ' for url 'https://openapiproext.bnf.fr/iiif/presentation/v3/ark:/12148/bd6t51393794/manifest.json'
For more information check: https://developer.mozilla.org/en-US/docs/Web/HTTP/Status/403",2026-07-27T17:23:58.447559
petitmarocain,bd6t51393802,,failed,0,0,,http_manifest,known,403,manifest,"Client error '403 ' for url 'https://openapiproext.bnf.fr/iiif/presentation/v3/ark:/12148/bd6t51393802/manifest.json'
For more information check: https://developer.mozilla.org/en-US/docs/Web/HTTP/Status/403",2026-07-27T17:23:59.657188
petitmarocain,bd6t5139381f,,failed,0,0,,http_manifest,known,403,manifest,"Client error '403 ' for url 'https://openapiproext.bnf.fr/iiif/presentation/v3/ark:/12148/bd6t5139381f/manifest.json'
For more information check: https://developer.mozilla.org/en-US/docs/Web/HTTP/Status/403",2026-07-27T17:24:00.848761
petitmarocain,bd6t5139382t,,failed,0,0,,http_manifest,known,403,manifest,"Client error '403 ' for url 'https://openapiproext.bnf.fr/iiif/presentation/v3/ark:/12148/bd6t5139382t/manifest.json'
For more information check: https://developer.mozilla.org/en-US/docs/Web/HTTP/Status/403",2026-07-27T17:24:02.052015
petitmarocain,bd6t51393836,,failed,0,0,,http_manifest,known,403,manifest,"Client error '403 ' for url 'https://openapiproext.bnf.fr/iiif/presentation/v3/ark:/12148/bd6t51393836/manifest.json'
For more information check: https://developer.mozilla.org/en-US/docs/Web/HTTP/Status/403",2026-07-27T17:24:03.252798
petitmarocain,bd6t5139384k,,failed,0,0,,http_manifest,known,403,manifest,"Client error '403 ' for url 'https://openapiproext.bnf.fr/iiif/presentation/v3/ark:/12148/bd6t5139384k/manifest.json'
For more information check: https://developer.mozilla.org/en-US/docs/Web/HTTP/Status/403",2026-07-27T17:24:04.460150
petitmarocain,bd6t5139385z,,failed,0,0,,http_manifest,known,403,manifest,"Client error '403 ' for url 'https://openapiproext.bnf.fr/iiif/presentation/v3/ark:/12148/bd6t5139385z/manifest.json'
For more information check: https://developer.mozilla.org/en-US/docs/Web/HTTP/Status/403",2026-07-27T17:24:05.660541
petitmarocain,bd6t5139386b,,failed,0,0,,http_manifest,known,403,manifest,"Client error '403 ' for url 'https://openapiproext.bnf.fr/iiif/presentation/v3/ark:/12148/bd6t5139386b/manifest.json'
For more information check: https://developer.mozilla.org/en-US/docs/Web/HTTP/Status/403",2026-07-27T17:24:06.862076
petitmarocain,bd6t5139387q,,failed,0,0,,http_manifest,known,403,manifest,"Client error '403 ' for url 'https://openapiproext.bnf.fr/iiif/presentation/v3/ark:/12148/bd6t5139387q/manifest.json'
For more information check: https://developer.mozilla.org/en-US/docs/Web/HTTP/Status/403",2026-07-27T17:24:08.064449
petitmarocain,bd6t51393883,,failed,0,0,,http_manifest,known,403,manifest,"Client error '403 ' for url 'https://openapiproext.bnf.fr/iiif/presentation/v3/ark:/12148/bd6t51393883/manifest.json'
For more information check: https://developer.mozilla.org/en-US/docs/Web/HTTP/Status/403",2026-07-27T17:24:09.259245
petitmarocain,bd6t5139389g,,failed,0,0,,http_manifest,known,403,manifest,"Client error '403 ' for url 'https://openapiproext.bnf.fr/iiif/presentation/v3/ark:/12148/bd6t5139389g/manifest.json'
For more information check: https://developer.mozilla.org/en-US/docs/Web/HTTP/Status/403",2026-07-27T17:24:10.462207
petitmarocain,bd6t5139390d,,failed,0,0,,http_manifest,known,403,manifest,"Client error '403 ' for url 'https://openapiproext.bnf.fr/iiif/presentation/v3/ark:/12148/bd6t5139390d/manifest.json'
For more information check: https://developer.mozilla.org/en-US/docs/Web/HTTP/Status/403",2026-07-27T17:24:11.662013
petitmarocain,bd6t5139391s,,failed,0,0,,http_manifest,known,403,manifest,"Client error '403 ' for url 'https://openapiproext.bnf.fr/iiif/presentation/v3/ark:/12148/bd6t5139391s/manifest.json'
For more information check: https://developer.mozilla.org/en-US/docs/Web/HTTP/Status/403",2026-07-27T17:24:12.862203
petitmarocain,bd6t51393925,,failed,0,0,,http_manifest,known,403,manifest,"Client error '403 ' for url 'https://openapiproext.bnf.fr/iiif/presentation/v3/ark:/12148/bd6t51393925/manifest.json'
For more information check: https://developer.mozilla.org/en-US/docs/Web/HTTP/Status/403",2026-07-27T17:24:14.091599
petitmarocain,bd6t5139393j,,failed,0,0,,http_manifest,known,403,manifest,"Client error '403 ' for url 'https://openapiproext.bnf.fr/iiif/presentation/v3/ark:/12148/bd6t5139393j/manifest.json'
For more information check: https://developer.mozilla.org/en-US/docs/Web/HTTP/Status/403",2026-07-27T17:24:15.268913
petitmarocain,bd6t5139394x,,failed,0,0,,http_manifest,known,403,manifest,"Client error '403 ' for url 'https://openapiproext.bnf.fr/iiif/presentation/v3/ark:/12148/bd6t5139394x/manifest.json'
For more information check: https://developer.mozilla.org/en-US/docs/Web/HTTP/Status/403",2026-07-27T17:24:16.468910
petitmarocain,bd6t51393959,,failed,0,0,,http_manifest,known,403,manifest,"Client error '403 ' for url 'https://openapiproext.bnf.fr/iiif/presentation/v3/ark:/12148/bd6t51393959/manifest.json'
For more information check: https://developer.mozilla.org/en-US/docs/Web/HTTP/Status/403",2026-07-27T17:24:17.671596
petitmarocain,bd6t5139396p,,failed,0,0,,http_manifest,known,403,manifest,"Client error '403 ' for url 'https://openapiproext.bnf.fr/iiif/presentation/v3/ark:/12148/bd6t5139396p/manifest.json'
For more information check: https://developer.mozilla.org/en-US/docs/Web/HTTP/Status/403",2026-07-27T17:24:18.878771
petitmarocain,bd6t51393972,,failed,0,0,,http_manifest,known,403,manifest,"Client error '403 ' for url 'https://openapiproext.bnf.fr/iiif/presentation/v3/ark:/12148/bd6t51393972/manifest.json'
For more information check: https://developer.mozilla.org/en-US/docs/Web/HTTP/Status/403",2026-07-27T17:24:20.073395
petitmarocain,bd6t5139398f,,failed,0,0,,http_manifest,known,403,manifest,"Client error '403 ' for url 'https://openapiproext.bnf.fr/iiif/presentation/v3/ark:/12148/bd6t5139398f/manifest.json'
For more information check: https://developer.mozilla.org/en-US/docs/Web/HTTP/Status/403",2026-07-27T17:24:21.277888
petitmarocain,bd6t5139399t,,failed,0,0,,http_manifest,known,403,manifest,"Client error '403 ' for url 'https://openapiproext.bnf.fr/iiif/presentation/v3/ark:/12148/bd6t5139399t/manifest.json'
For more information check: https://developer.mozilla.org/en-US/docs/Web/HTTP/Status/403",2026-07-27T17:24:22.482010
petitmarocain,bd6t5139400m,,failed,0,0,,http_manifest,known,403,manifest,"Client error '403 ' for url 'https://openapiproext.bnf.fr/iiif/presentation/v3/ark:/12148/bd6t5139400m/manifest.json'
For more information check: https://developer.mozilla.org/en-US/docs/Web/HTTP/Status/403",2026-07-27T17:24:23.685961
petitmarocain,bd6t51394010,,failed,0,0,,http_manifest,known,403,manifest,"Client error '403 ' for url 'https://openapiproext.bnf.fr/iiif/presentation/v3/ark:/12148/bd6t51394010/manifest.json'
For more information check: https://developer.mozilla.org/en-US/docs/Web/HTTP/Status/403",2026-07-27T17:24:24.880929
petitmarocain,bd6t5139402c,,failed,0,0,,http_manifest,known,403,manifest,"Client error '403 ' for url 'https://openapiproext.bnf.fr/iiif/presentation/v3/ark:/12148/bd6t5139402c/manifest.json'
For more information check: https://developer.mozilla.org/en-US/docs/Web/HTTP/Status/403",2026-07-27T17:24:26.101995
petitmarocain,bd6t5139403r,,failed,0,0,,http_manifest,known,403,manifest,"Client error '403 ' for url 'https://openapiproext.bnf.fr/iiif/presentation/v3/ark:/12148/bd6t5139403r/manifest.json'
For more information check: https://developer.mozilla.org/en-US/docs/Web/HTTP/Status/403",2026-07-27T17:24:27.286240
petitmarocain,bd6t51394044,,failed,0,0,,http_manifest,known,403,manifest,"Client error '403 ' for url 'https://openapiproext.bnf.fr/iiif/presentation/v3/ark:/12148/bd6t51394044/manifest.json'
For more information check: https://developer.mozilla.org/en-US/docs/Web/HTTP/Status/403",2026-07-27T17:24:28.489409
petitmarocain,bd6t5139405h,,failed,0,0,,http_manifest,known,403,manifest,"Client error '403 ' for url 'https://openapiproext.bnf.fr/iiif/presentation/v3/ark:/12148/bd6t5139405h/manifest.json'
For more information check: https://developer.mozilla.org/en-US/docs/Web/HTTP/Status/403",2026-07-27T17:24:29.829528
petitmarocain,bd6t5139406w,,failed,0,0,,http_manifest,known,403,manifest,"Client error '403 ' for url 'https://openapiproext.bnf.fr/iiif/presentation/v3/ark:/12148/bd6t5139406w/manifest.json'
For more information check: https://developer.mozilla.org/en-US/docs/Web/HTTP/Status/403",2026-07-27T17:24:31.015711
petitmarocain,bd6t51394078,,failed,0,0,,http_manifest,known,403,manifest,"Client error '403 ' for url 'https://openapiproext.bnf.fr/iiif/presentation/v3/ark:/12148/bd6t51394078/manifest.json'
For more information check: https://developer.mozilla.org/en-US/docs/Web/HTTP/Status/403",2026-07-27T17:24:32.102857
petitmarocain,bd6t5139408n,,failed,0,0,,http_manifest,known,403,manifest,"Client error '403 ' for url 'https://openapiproext.bnf.fr/iiif/presentation/v3/ark:/12148/bd6t5139408n/manifest.json'
For more information check: https://developer.mozilla.org/en-US/docs/Web/HTTP/Status/403",2026-07-27T17:24:33.518703
petitmarocain,bd6t51394091,,failed,0,0,,http_manifest,known,403,manifest,"Client error '403 ' for url 'https://openapiproext.bnf.fr/iiif/presentation/v3/ark:/12148/bd6t51394091/manifest.json'
For more information check: https://developer.mozilla.org/en-US/docs/Web/HTTP/Status/403",2026-07-27T17:24:34.496584
petitmarocain,bd6t5139410z,,failed,0,0,,http_manifest,known,403,manifest,"Client error '403 ' for url 'https://openapiproext.bnf.fr/iiif/presentation/v3/ark:/12148/bd6t5139410z/manifest.json'
For more information check: https://developer.mozilla.org/en-US/docs/Web/HTTP/Status/403",2026-07-27T17:24:35.942904
petitmarocain,bd6t5139411b,,failed,0,0,,http_manifest,known,403,manifest,"Client error '403 ' for url 'https://openapiproext.bnf.fr/iiif/presentation/v3/ark:/12148/bd6t5139411b/manifest.json'
For more information check: https://developer.mozilla.org/en-US/docs/Web/HTTP/Status/403",2026-07-27T17:24:37.176546
petitmarocain,bd6t5139412q,,failed,0,0,,http_manifest,known,403,manifest,"Client error '403 ' for url 'https://openapiproext.bnf.fr/iiif/presentation/v3/ark:/12148/bd6t5139412q/manifest.json'
For more information check: https://developer.mozilla.org/en-US/docs/Web/HTTP/Status/403",2026-07-27T17:24:38.259805
petitmarocain,bd6t51394133,,failed,0,0,,http_manifest,known,403,manifest,"Client error '403 ' for url 'https://openapiproext.bnf.fr/iiif/presentation/v3/ark:/12148/bd6t51394133/manifest.json'
For more information check: https://developer.mozilla.org/en-US/docs/Web/HTTP/Status/403",2026-07-27T17:24:39.317437
petitmarocain,bd6t5139414g,,failed,0,0,,http_manifest,known,403,manifest,"Client error '403 ' for url 'https://openapiproext.bnf.fr/iiif/presentation/v3/ark:/12148/bd6t5139414g/manifest.json'
For more information check: https://developer.mozilla.org/en-US/docs/Web/HTTP/Status/403",2026-07-27T17:24:40.521507
petitmarocain,bd6t5139415v,,failed,0,0,,http_manifest,known,403,manifest,"Client error '403 ' for url 'https://openapiproext.bnf.fr/iiif/presentation/v3/ark:/12148/bd6t5139415v/manifest.json'
For more information check: https://developer.mozilla.org/en-US/docs/Web/HTTP/Status/403",2026-07-27T17:24:41.712261
petitmarocain,bd6t51394167,,failed,0,0,,http_manifest,known,403,manifest,"Client error '403 ' for url 'https://openapiproext.bnf.fr/iiif/presentation/v3/ark:/12148/bd6t51394167/manifest.json'
For more information check: https://developer.mozilla.org/en-US/docs/Web/HTTP/Status/403",2026-07-27T17:24:42.939835
petitmarocain,bd6t5139417m,,failed,0,0,,http_manifest,known,403,manifest,"Client error '403 ' for url 'https://openapiproext.bnf.fr/iiif/presentation/v3/ark:/12148/bd6t5139417m/manifest.json'
For more information check: https://developer.mozilla.org/en-US/docs/Web/HTTP/Status/403",2026-07-27T17:24:44.124711
petitmarocain,bd6t51394180,,failed,0,0,,http_manifest,known,403,manifest,"Client error '403 ' for url 'https://openapiproext.bnf.fr/iiif/presentation/v3/ark:/12148/bd6t51394180/manifest.json'
For more information check: https://developer.mozilla.org/en-US/docs/Web/HTTP/Status/403",2026-07-27T17:24:45.316287
petitmarocain,bd6t5139419c,,failed,0,0,,http_manifest,known,403,manifest,"Client error '403 ' for url 'https://openapiproext.bnf.fr/iiif/presentation/v3/ark:/12148/bd6t5139419c/manifest.json'
For more information check: https://developer.mozilla.org/en-US/docs/Web/HTTP/Status/403",2026-07-27T17:24:46.519151
petitmarocain,bd6t51394209,,failed,0,0,,http_manifest,known,403,manifest,"Client error '403 ' for url 'https://openapiproext.bnf.fr/iiif/presentation/v3/ark:/12148/bd6t51394209/manifest.json'
For more information check: https://developer.mozilla.org/en-US/docs/Web/HTTP/Status/403",2026-07-27T17:24:47.720081
petitmarocain,bd6t5139421p,,failed,0,0,,http_manifest,known,403,manifest,"Client error '403 ' for url 'https://openapiproext.bnf.fr/iiif/presentation/v3/ark:/12148/bd6t5139421p/manifest.json'
For more information check: https://developer.mozilla.org/en-US/docs/Web/HTTP/Status/403",2026-07-27T17:24:48.923198
petitmarocain,bd6t51394222,,failed,0,0,,http_manifest,known,403,manifest,"Client error '403 ' for url 'https://openapiproext.bnf.fr/iiif/presentation/v3/ark:/12148/bd6t51394222/manifest.json'
For more information check: https://developer.mozilla.org/en-US/docs/Web/HTTP/Status/403",2026-07-27T17:24:50.123860
petitmarocain,bd6t5139423f,,failed,0,0,,http_manifest,known,403,manifest,"Client error '403 ' for url 'https://openapiproext.bnf.fr/iiif/presentation/v3/ark:/12148/bd6t5139423f/manifest.json'
For more information check: https://developer.mozilla.org/en-US/docs/Web/HTTP/Status/403",2026-07-27T17:24:51.324530
petitmarocain,bd6t5139424t,,failed,0,0,,http_manifest,known,403,manifest,"Client error '403 ' for url 'https://openapiproext.bnf.fr/iiif/presentation/v3/ark:/12148/bd6t5139424t/manifest.json'
For more information check: https://developer.mozilla.org/en-US/docs/Web/HTTP/Status/403",2026-07-27T17:24:52.528960
petitmarocain,bd6t51394256,,failed,0,0,,http_manifest,known,403,manifest,"Client error '403 ' for url 'https://openapiproext.bnf.fr/iiif/presentation/v3/ark:/12148/bd6t51394256/manifest.json'
For more information check: https://developer.mozilla.org/en-US/docs/Web/HTTP/Status/403",2026-07-27T17:24:53.734099
petitmarocain,bd6t5139426k,,failed,0,0,,http_manifest,known,403,manifest,"Client error '403 ' for url 'https://openapiproext.bnf.fr/iiif/presentation/v3/ark:/12148/bd6t5139426k/manifest.json'
For more information check: https://developer.mozilla.org/en-US/docs/Web/HTTP/Status/403",2026-07-27T17:24:54.954639
petitmarocain,bd6t5139427z,,failed,0,0,,http_manifest,known,403,manifest,"Client error '403 ' for url 'https://openapiproext.bnf.fr/iiif/presentation/v3/ark:/12148/bd6t5139427z/manifest.json'
For more information check: https://developer.mozilla.org/en-US/docs/Web/HTTP/Status/403",2026-07-27T17:24:56.135056
petitmarocain,bd6t5139428b,,failed,0,0,,http_manifest,known,403,manifest,"Client error '403 ' for url 'https://openapiproext.bnf.fr/iiif/presentation/v3/ark:/12148/bd6t5139428b/manifest.json'
For more information check: https://developer.mozilla.org/en-US/docs/Web/HTTP/Status/403",2026-07-27T17:24:57.335423
petitmarocain,bd6t5139429q,,failed,0,0,,http_manifest,known,403,manifest,"Client error '403 ' for url 'https://openapiproext.bnf.fr/iiif/presentation/v3/ark:/12148/bd6t5139429q/manifest.json'
For more information check: https://developer.mozilla.org/en-US/docs/Web/HTTP/Status/403",2026-07-27T17:24:58.531037
petitmarocain,bd6t5139430n,,failed,0,0,,http_manifest,known,403,manifest,"Client error '403 ' for url 'https://openapiproext.bnf.fr/iiif/presentation/v3/ark:/12148/bd6t5139430n/manifest.json'
For more information check: https://developer.mozilla.org/en-US/docs/Web/HTTP/Status/403",2026-07-27T17:24:59.736888
petitmarocain,bd6t51394311,,failed,0,0,,http_manifest,known,403,manifest,"Client error '403 ' for url 'https://openapiproext.bnf.fr/iiif/presentation/v3/ark:/12148/bd6t51394311/manifest.json'
For more information check: https://developer.mozilla.org/en-US/docs/Web/HTTP/Status/403",2026-07-27T17:25:00.939120
petitmarocain,bd6t5139432d,,failed,0,0,,http_manifest,known,403,manifest,"Client error '403 ' for url 'https://openapiproext.bnf.fr/iiif/presentation/v3/ark:/12148/bd6t5139432d/manifest.json'
For more information check: https://developer.mozilla.org/en-US/docs/Web/HTTP/Status/403",2026-07-27T17:25:02.144568
petitmarocain,bd6t5139433s,,failed,0,0,,http_manifest,known,403,manifest,"Client error '403 ' for url 'https://openapiproext.bnf.fr/iiif/presentation/v3/ark:/12148/bd6t5139433s/manifest.json'
For more information check: https://developer.mozilla.org/en-US/docs/Web/HTTP/Status/403",2026-07-27T17:25:03.348974
petitmarocain,bd6t51394345,,failed,0,0,,http_manifest,known,403,manifest,"Client error '403 ' for url 'https://openapiproext.bnf.fr/iiif/presentation/v3/ark:/12148/bd6t51394345/manifest.json'
For more information check: https://developer.mozilla.org/en-US/docs/Web/HTTP/Status/403",2026-07-27T17:25:04.546092
petitmarocain,bd6t5139435j,,failed,0,0,,http_manifest,known,403,manifest,"Client error '403 ' for url 'https://openapiproext.bnf.fr/iiif/presentation/v3/ark:/12148/bd6t5139435j/manifest.json'
For more information check: https://developer.mozilla.org/en-US/docs/Web/HTTP/Status/403",2026-07-27T17:25:05.744903
petitmarocain,bd6t5139436x,,failed,0,0,,http_manifest,known,403,manifest,"Client error '403 ' for url 'https://openapiproext.bnf.fr/iiif/presentation/v3/ark:/12148/bd6t5139436x/manifest.json'
For more information check: https://developer.mozilla.org/en-US/docs/Web/HTTP/Status/403",2026-07-27T17:25:06.969791
petitmarocain,bd6t51394379,,failed,0,0,,http_manifest,known,403,manifest,"Client error '403 ' for url 'https://openapiproext.bnf.fr/iiif/presentation/v3/ark:/12148/bd6t51394379/manifest.json'
For more information check: https://developer.mozilla.org/en-US/docs/Web/HTTP/Status/403",2026-07-27T17:25:08.155550
petitmarocain,bd6t5139438p,,failed,0,0,,http_manifest,known,403,manifest,"Client error '403 ' for url 'https://openapiproext.bnf.fr/iiif/presentation/v3/ark:/12148/bd6t5139438p/manifest.json'
For more information check: https://developer.mozilla.org/en-US/docs/Web/HTTP/Status/403",2026-07-27T17:25:09.356030
petitmarocain,bd6t51394392,,failed,0,0,,http_manifest,known,403,manifest,"Client error '403 ' for url 'https://openapiproext.bnf.fr/iiif/presentation/v3/ark:/12148/bd6t51394392/manifest.json'
For more information check: https://developer.mozilla.org/en-US/docs/Web/HTTP/Status/403",2026-07-27T17:25:10.557262
petitmarocain,bd6t51392602,,failed,0,0,,http_manifest,known,403,manifest,"Client error '403 ' for url 'https://openapiproext.bnf.fr/iiif/presentation/v3/ark:/12148/bd6t51392602/manifest.json'
For more information check: https://developer.mozilla.org/en-US/docs/Web/HTTP/Status/403",2026-07-27T17:25:11.755565
petitmarocain,bd6t5139261f,,failed,0,0,,http_manifest,known,403,manifest,"Client error '403 ' for url 'https://openapiproext.bnf.fr/iiif/presentation/v3/ark:/12148/bd6t5139261f/manifest.json'
For more information check: https://developer.mozilla.org/en-US/docs/Web/HTTP/Status/403",2026-07-27T17:25:12.980314
petitmarocain,bd6t5139262t,,failed,0,0,,http_manifest,known,403,manifest,"Client error '403 ' for url 'https://openapiproext.bnf.fr/iiif/presentation/v3/ark:/12148/bd6t5139262t/manifest.json'
For more information check: https://developer.mozilla.org/en-US/docs/Web/HTTP/Status/403",2026-07-27T17:25:14.164748
petitmarocain,bd6t51392636,,failed,0,0,,http_manifest,known,403,manifest,"Client error '403 ' for url 'https://openapiproext.bnf.fr/iiif/presentation/v3/ark:/12148/bd6t51392636/manifest.json'
For more information check: https://developer.mozilla.org/en-US/docs/Web/HTTP/Status/403",2026-07-27T17:25:15.364907
petitmarocain,bd6t5139264k,,failed,0,0,,http_manifest,known,403,manifest,"Client error '403 ' for url 'https://openapiproext.bnf.fr/iiif/presentation/v3/ark:/12148/bd6t5139264k/manifest.json'
For more information check: https://developer.mozilla.org/en-US/docs/Web/HTTP/Status/403",2026-07-27T17:25:16.567746
petitmarocain,bd6t5139265z,,failed,0,0,,http_manifest,known,403,manifest,"Client error '403 ' for url 'https://openapiproext.bnf.fr/iiif/presentation/v3/ark:/12148/bd6t5139265z/manifest.json'
For more information check: https://developer.mozilla.org/en-US/docs/Web/HTTP/Status/403",2026-07-27T17:25:17.766304
petitmarocain,bd6t5139266b,,failed,0,0,,http_manifest,known,403,manifest,"Client error '403 ' for url 'https://openapiproext.bnf.fr/iiif/presentation/v3/ark:/12148/bd6t5139266b/manifest.json'
For more information check: https://developer.mozilla.org/en-US/docs/Web/HTTP/Status/403",2026-07-27T17:25:18.979296
petitmarocain,bd6t5139267q,,failed,0,0,,http_manifest,known,403,manifest,"Client error '403 ' for url 'https://openapiproext.bnf.fr/iiif/presentation/v3/ark:/12148/bd6t5139267q/manifest.json'
For more information check: https://developer.mozilla.org/en-US/docs/Web/HTTP/Status/403",2026-07-27T17:25:20.172320
petitmarocain,bd6t51392683,,failed,0,0,,http_manifest,known,403,manifest,"Client error '403 ' for url 'https://openapiproext.bnf.fr/iiif/presentation/v3/ark:/12148/bd6t51392683/manifest.json'
For more information check: https://developer.mozilla.org/en-US/docs/Web/HTTP/Status/403",2026-07-27T17:25:21.381396
petitmarocain,bd6t5139269g,,failed,0,0,,http_manifest,known,403,manifest,"Client error '403 ' for url 'https://openapiproext.bnf.fr/iiif/presentation/v3/ark:/12148/bd6t5139269g/manifest.json'
For more information check: https://developer.mozilla.org/en-US/docs/Web/HTTP/Status/403",2026-07-27T17:25:22.579535
petitmarocain,bd6t5139270d,,failed,0,0,,http_manifest,known,403,manifest,"Client error '403 ' for url 'https://openapiproext.bnf.fr/iiif/presentation/v3/ark:/12148/bd6t5139270d/manifest.json'
For more information check: https://developer.mozilla.org/en-US/docs/Web/HTTP/Status/403",2026-07-27T17:25:23.777089
petitmarocain,bd6t5139271s,,failed,0,0,,http_manifest,known,403,manifest,"Client error '403 ' for url 'https://openapiproext.bnf.fr/iiif/presentation/v3/ark:/12148/bd6t5139271s/manifest.json'
For more information check: https://developer.mozilla.org/en-US/docs/Web/HTTP/Status/403",2026-07-27T17:25:25.026082
petitmarocain,bd6t51392725,,failed,0,0,,http_manifest,known,403,manifest,"Client error '403 ' for url 'https://openapiproext.bnf.fr/iiif/presentation/v3/ark:/12148/bd6t51392725/manifest.json'
For more information check: https://developer.mozilla.org/en-US/docs/Web/HTTP/Status/403",2026-07-27T17:25:26.174850
petitmarocain,bd6t5139273j,,failed,0,0,,http_manifest,known,403,manifest,"Client error '403 ' for url 'https://openapiproext.bnf.fr/iiif/presentation/v3/ark:/12148/bd6t5139273j/manifest.json'
For more information check: https://developer.mozilla.org/en-US/docs/Web/HTTP/Status/403",2026-07-27T17:25:27.380813
petitmarocain,bd6t5139274x,,failed,0,0,,http_manifest,known,403,manifest,"Client error '403 ' for url 'https://openapiproext.bnf.fr/iiif/presentation/v3/ark:/12148/bd6t5139274x/manifest.json'
For more information check: https://developer.mozilla.org/en-US/docs/Web/HTTP/Status/403",2026-07-27T17:25:28.588438
petitmarocain,bd6t51392759,,failed,0,0,,http_manifest,known,403,manifest,"Client error '403 ' for url 'https://openapiproext.bnf.fr/iiif/presentation/v3/ark:/12148/bd6t51392759/manifest.json'
For more information check: https://developer.mozilla.org/en-US/docs/Web/HTTP/Status/403",2026-07-27T17:25:29.784002
petitmarocain,bd6t5139276p,,failed,0,0,,http_manifest,known,403,manifest,"Client error '403 ' for url 'https://openapiproext.bnf.fr/iiif/presentation/v3/ark:/12148/bd6t5139276p/manifest.json'
For more information check: https://developer.mozilla.org/en-US/docs/Web/HTTP/Status/403",2026-07-27T17:25:30.986564
petitmarocain,bd6t51392772,,failed,0,0,,http_manifest,known,403,manifest,"Client error '403 ' for url 'https://openapiproext.bnf.fr/iiif/presentation/v3/ark:/12148/bd6t51392772/manifest.json'
For more information check: https://developer.mozilla.org/en-US/docs/Web/HTTP/Status/403",2026-07-27T17:25:32.183037
petitmarocain,bd6t5139278f,,failed,0,0,,http_manifest,known,403,manifest,"Client error '403 ' for url 'https://openapiproext.bnf.fr/iiif/presentation/v3/ark:/12148/bd6t5139278f/manifest.json'
For more information check: https://developer.mozilla.org/en-US/docs/Web/HTTP/Status/403",2026-07-27T17:25:33.391809
petitmarocain,bd6t5139279t,,failed,0,0,,http_manifest,known,403,manifest,"Client error '403 ' for url 'https://openapiproext.bnf.fr/iiif/presentation/v3/ark:/12148/bd6t5139279t/manifest.json'
For more information check: https://developer.mozilla.org/en-US/docs/Web/HTTP/Status/403",2026-07-27T17:25:34.593424
petitmarocain,bd6t5139280r,,failed,0,0,,http_manifest,known,403,manifest,"Client error '403 ' for url 'https://openapiproext.bnf.fr/iiif/presentation/v3/ark:/12148/bd6t5139280r/manifest.json'
For more information check: https://developer.mozilla.org/en-US/docs/Web/HTTP/Status/403",2026-07-27T17:25:35.790883
petitmarocain,bd6t51392814,,failed,0,0,,http_manifest,known,403,manifest,"Client error '403 ' for url 'https://openapiproext.bnf.fr/iiif/presentation/v3/ark:/12148/bd6t51392814/manifest.json'
For more information check: https://developer.mozilla.org/en-US/docs/Web/HTTP/Status/403",2026-07-27T17:25:37.016176
petitmarocain,bd6t5139282h,,failed,0,0,,http_manifest,known,403,manifest,"Client error '403 ' for url 'https://openapiproext.bnf.fr/iiif/presentation/v3/ark:/12148/bd6t5139282h/manifest.json'
For more information check: https://developer.mozilla.org/en-US/docs/Web/HTTP/Status/403",2026-07-27T17:25:38.195672
petitmarocain,bd6t5139283w,,failed,0,0,,http_manifest,known,403,manifest,"Client error '403 ' for url 'https://openapiproext.bnf.fr/iiif/presentation/v3/ark:/12148/bd6t5139283w/manifest.json'
For more information check: https://developer.mozilla.org/en-US/docs/Web/HTTP/Status/403",2026-07-27T17:25:39.625888
petitmarocain,bd6t51392848,,failed,0,0,,http_manifest,known,403,manifest,"Client error '403 ' for url 'https://openapiproext.bnf.fr/iiif/presentation/v3/ark:/12148/bd6t51392848/manifest.json'
For more information check: https://developer.mozilla.org/en-US/docs/Web/HTTP/Status/403",2026-07-27T17:25:40.818061
petitmarocain,bd6t5139285n,,failed,0,0,,http_manifest,known,403,manifest,"Client error '403 ' for url 'https://openapiproext.bnf.fr/iiif/presentation/v3/ark:/12148/bd6t5139285n/manifest.json'
For more information check: https://developer.mozilla.org/en-US/docs/Web/HTTP/Status/403",2026-07-27T17:25:42.048839
petitmarocain,bd6t51392861,,failed,0,0,,http_manifest,known,403,manifest,"Client error '403 ' for url 'https://openapiproext.bnf.fr/iiif/presentation/v3/ark:/12148/bd6t51392861/manifest.json'
For more information check: https://developer.mozilla.org/en-US/docs/Web/HTTP/Status/403",2026-07-27T17:25:43.012266
petitmarocain,bd6t5139287d,,failed,0,0,,http_manifest,known,403,manifest,"Client error '403 ' for url 'https://openapiproext.bnf.fr/iiif/presentation/v3/ark:/12148/bd6t5139287d/manifest.json'
For more information check: https://developer.mozilla.org/en-US/docs/Web/HTTP/Status/403",2026-07-27T17:25:44.208249
petitmarocain,bd6t5139288s,,failed,0,0,,http_manifest,known,403,manifest,"Client error '403 ' for url 'https://openapiproext.bnf.fr/iiif/presentation/v3/ark:/12148/bd6t5139288s/manifest.json'
For more information check: https://developer.mozilla.org/en-US/docs/Web/HTTP/Status/403",2026-07-27T17:25:45.972963
petitmarocain,bd6t51392895,,failed,0,0,,http_manifest,known,403,manifest,"Client error '403 ' for url 'https://openapiproext.bnf.fr/iiif/presentation/v3/ark:/12148/bd6t51392895/manifest.json'
For more information check: https://developer.mozilla.org/en-US/docs/Web/HTTP/Status/403",2026-07-27T17:25:46.808733
petitmarocain,bd6t51392903,,failed,0,0,,http_manifest,known,403,manifest,"Client error '403 ' for url 'https://openapiproext.bnf.fr/iiif/presentation/v3/ark:/12148/bd6t51392903/manifest.json'
For more information check: https://developer.mozilla.org/en-US/docs/Web/HTTP/Status/403",2026-07-27T17:25:47.942793
petitmarocain,bd6t5139291g,,failed,0,0,,http_manifest,known,403,manifest,"Client error '403 ' for url 'https://openapiproext.bnf.fr/iiif/presentation/v3/ark:/12148/bd6t5139291g/manifest.json'
For more information check: https://developer.mozilla.org/en-US/docs/Web/HTTP/Status/403",2026-07-27T17:25:49.236123
petitmarocain,bd6t5139292v,,failed,0,0,,http_manifest,known,403,manifest,"Client error '403 ' for url 'https://openapiproext.bnf.fr/iiif/presentation/v3/ark:/12148/bd6t5139292v/manifest.json'
For more information check: https://developer.mozilla.org/en-US/docs/Web/HTTP/Status/403",2026-07-27T17:25:50.206272
petitmarocain,bd6t51392937,,failed,0,0,,http_manifest,known,403,manifest,"Client error '403 ' for url 'https://openapiproext.bnf.fr/iiif/presentation/v3/ark:/12148/bd6t51392937/manifest.json'
For more information check: https://developer.mozilla.org/en-US/docs/Web/HTTP/Status/403",2026-07-27T17:25:51.413028
petitmarocain,bd6t5139294m,,failed,0,0,,http_manifest,known,403,manifest,"Client error '403 ' for url 'https://openapiproext.bnf.fr/iiif/presentation/v3/ark:/12148/bd6t5139294m/manifest.json'
For more information check: https://developer.mozilla.org/en-US/docs/Web/HTTP/Status/403",2026-07-27T17:25:52.617083
petitmarocain,bd6t51392950,,failed,0,0,,http_manifest,known,403,manifest,"Client error '403 ' for url 'https://openapiproext.bnf.fr/iiif/presentation/v3/ark:/12148/bd6t51392950/manifest.json'
For more information check: https://developer.mozilla.org/en-US/docs/Web/HTTP/Status/403",2026-07-27T17:25:53.822368
petitmarocain,bd6t5139296c,,failed,0,0,,http_manifest,known,403,manifest,"Client error '403 ' for url 'https://openapiproext.bnf.fr/iiif/presentation/v3/ark:/12148/bd6t5139296c/manifest.json'
For more information check: https://developer.mozilla.org/en-US/docs/Web/HTTP/Status/403",2026-07-27T17:25:55.022882
petitmarocain,bd6t5139297r,,failed,0,0,,http_manifest,known,403,manifest,"Client error '403 ' for url 'https://openapiproext.bnf.fr/iiif/presentation/v3/ark:/12148/bd6t5139297r/manifest.json'
For more information check: https://developer.mozilla.org/en-US/docs/Web/HTTP/Status/403",2026-07-27T17:25:56.221643
petitmarocain,bd6t51392984,,failed,0,0,,http_manifest,known,403,manifest,"Client error '403 ' for url 'https://openapiproext.bnf.fr/iiif/presentation/v3/ark:/12148/bd6t51392984/manifest.json'
For more information check: https://developer.mozilla.org/en-US/docs/Web/HTTP/Status/403",2026-07-27T17:25:57.423832
petitmarocain,bd6t5139299h,,failed,0,0,,http_manifest,known,403,manifest,"Client error '403 ' for url 'https://openapiproext.bnf.fr/iiif/presentation/v3/ark:/12148/bd6t5139299h/manifest.json'
For more information check: https://developer.mozilla.org/en-US/docs/Web/HTTP/Status/403",2026-07-27T17:25:58.633470
petitmarocain,bd6t51393009,,failed,0,0,,http_manifest,known,403,manifest,"Client error '403 ' for url 'https://openapiproext.bnf.fr/iiif/presentation/v3/ark:/12148/bd6t51393009/manifest.json'
For more information check: https://developer.mozilla.org/en-US/docs/Web/HTTP/Status/403",2026-07-27T17:25:59.841896
petitmarocain,bd6t5139301p,,failed,0,0,,http_manifest,known,403,manifest,"Client error '403 ' for url 'https://openapiproext.bnf.fr/iiif/presentation/v3/ark:/12148/bd6t5139301p/manifest.json'
For more information check: https://developer.mozilla.org/en-US/docs/Web/HTTP/Status/403",2026-07-27T17:26:01.031570
petitmarocain,bd6t51393022,,failed,0,0,,http_manifest,known,403,manifest,"Client error '403 ' for url 'https://openapiproext.bnf.fr/iiif/presentation/v3/ark:/12148/bd6t51393022/manifest.json'
For more information check: https://developer.mozilla.org/en-US/docs/Web/HTTP/Status/403",2026-07-27T17:26:02.238434
petitmarocain,bd6t5139303f,,failed,0,0,,http_manifest,known,403,manifest,"Client error '403 ' for url 'https://openapiproext.bnf.fr/iiif/presentation/v3/ark:/12148/bd6t5139303f/manifest.json'
For more information check: https://developer.mozilla.org/en-US/docs/Web/HTTP/Status/403",2026-07-27T17:26:03.429179
petitmarocain,bd6t5139304t,,failed,0,0,,http_manifest,known,403,manifest,"Client error '403 ' for url 'https://openapiproext.bnf.fr/iiif/presentation/v3/ark:/12148/bd6t5139304t/manifest.json'
For more information check: https://developer.mozilla.org/en-US/docs/Web/HTTP/Status/403",2026-07-27T17:26:04.640413
petitmarocain,bd6t51393056,,failed,0,0,,http_manifest,known,403,manifest,"Client error '403 ' for url 'https://openapiproext.bnf.fr/iiif/presentation/v3/ark:/12148/bd6t51393056/manifest.json'
For more information check: https://developer.mozilla.org/en-US/docs/Web/HTTP/Status/403",2026-07-27T17:26:05.844968
petitmarocain,bd6t5139306k,,failed,0,0,,http_manifest,known,403,manifest,"Client error '403 ' for url 'https://openapiproext.bnf.fr/iiif/presentation/v3/ark:/12148/bd6t5139306k/manifest.json'
For more information check: https://developer.mozilla.org/en-US/docs/Web/HTTP/Status/403",2026-07-27T17:26:07.044672
petitmarocain,bd6t5139307z,,failed,0,0,,http_manifest,known,403,manifest,"Client error '403 ' for url 'https://openapiproext.bnf.fr/iiif/presentation/v3/ark:/12148/bd6t5139307z/manifest.json'
For more information check: https://developer.mozilla.org/en-US/docs/Web/HTTP/Status/403",2026-07-27T17:26:08.234848
petitmarocain,bd6t5139308b,,failed,0,0,,http_manifest,known,403,manifest,"Client error '403 ' for url 'https://openapiproext.bnf.fr/iiif/presentation/v3/ark:/12148/bd6t5139308b/manifest.json'
For more information check: https://developer.mozilla.org/en-US/docs/Web/HTTP/Status/403",2026-07-27T17:26:09.437139
petitmarocain,bd6t5139309q,,failed,0,0,,http_manifest,known,403,manifest,"Client error '403 ' for url 'https://openapiproext.bnf.fr/iiif/presentation/v3/ark:/12148/bd6t5139309q/manifest.json'
For more information check: https://developer.mozilla.org/en-US/docs/Web/HTTP/Status/403",2026-07-27T17:26:10.639187
petitmarocain,bd6t5139310n,,failed,0,0,,http_manifest,known,403,manifest,"Client error '403 ' for url 'https://openapiproext.bnf.fr/iiif/presentation/v3/ark:/12148/bd6t5139310n/manifest.json'
For more information check: https://developer.mozilla.org/en-US/docs/Web/HTTP/Status/403",2026-07-27T17:26:11.847524
petitmarocain,bd6t51393111,,failed,0,0,,http_manifest,known,403,manifest,"Client error '403 ' for url 'https://openapiproext.bnf.fr/iiif/presentation/v3/ark:/12148/bd6t51393111/manifest.json'
For more information check: https://developer.mozilla.org/en-US/docs/Web/HTTP/Status/403",2026-07-27T17:26:13.044511
petitmarocain,bd6t5139312d,,failed,0,0,,http_manifest,known,403,manifest,"Client error '403 ' for url 'https://openapiproext.bnf.fr/iiif/presentation/v3/ark:/12148/bd6t5139312d/manifest.json'
For more information check: https://developer.mozilla.org/en-US/docs/Web/HTTP/Status/403",2026-07-27T17:26:14.244189
petitmarocain,bd6t5139313s,,failed,0,0,,http_manifest,known,403,manifest,"Client error '403 ' for url 'https://openapiproext.bnf.fr/iiif/presentation/v3/ark:/12148/bd6t5139313s/manifest.json'
For more information check: https://developer.mozilla.org/en-US/docs/Web/HTTP/Status/403",2026-07-27T17:26:15.453415
petitmarocain,bd6t51393145,,failed,0,0,,http_manifest,known,403,manifest,"Client error '403 ' for url 'https://openapiproext.bnf.fr/iiif/presentation/v3/ark:/12148/bd6t51393145/manifest.json'
For more information check: https://developer.mozilla.org/en-US/docs/Web/HTTP/Status/403",2026-07-27T17:26:16.646773
petitmarocain,bd6t5139315j,,failed,0,0,,http_manifest,known,403,manifest,"Client error '403 ' for url 'https://openapiproext.bnf.fr/iiif/presentation/v3/ark:/12148/bd6t5139315j/manifest.json'
For more information check: https://developer.mozilla.org/en-US/docs/Web/HTTP/Status/403",2026-07-27T17:26:17.868541
petitmarocain,bd6t5139316x,,failed,0,0,,http_manifest,known,403,manifest,"Client error '403 ' for url 'https://openapiproext.bnf.fr/iiif/presentation/v3/ark:/12148/bd6t5139316x/manifest.json'
For more information check: https://developer.mozilla.org/en-US/docs/Web/HTTP/Status/403",2026-07-27T17:26:19.054325
petitmarocain,bd6t51393179,,failed,0,0,,http_manifest,known,403,manifest,"Client error '403 ' for url 'https://openapiproext.bnf.fr/iiif/presentation/v3/ark:/12148/bd6t51393179/manifest.json'
For more information check: https://developer.mozilla.org/en-US/docs/Web/HTTP/Status/403",2026-07-27T17:26:20.252300
petitmarocain,bd6t5139318p,,failed,0,0,,http_manifest,known,403,manifest,"Client error '403 ' for url 'https://openapiproext.bnf.fr/iiif/presentation/v3/ark:/12148/bd6t5139318p/manifest.json'
For more information check: https://developer.mozilla.org/en-US/docs/Web/HTTP/Status/403",2026-07-27T17:26:21.456294
petitmarocain,bd6t51393192,,failed,0,0,,http_manifest,known,403,manifest,"Client error '403 ' for url 'https://openapiproext.bnf.fr/iiif/presentation/v3/ark:/12148/bd6t51393192/manifest.json'
For more information check: https://developer.mozilla.org/en-US/docs/Web/HTTP/Status/403",2026-07-27T17:26:22.656260
petitmarocain,bd6t51393200,,failed,0,0,,http_manifest,known,403,manifest,"Client error '403 ' for url 'https://openapiproext.bnf.fr/iiif/presentation/v3/ark:/12148/bd6t51393200/manifest.json'
For more information check: https://developer.mozilla.org/en-US/docs/Web/HTTP/Status/403",2026-07-27T17:26:23.859834
petitmarocain,bd6t5139321c,,failed,0,0,,http_manifest,known,403,manifest,"Client error '403 ' for url 'https://openapiproext.bnf.fr/iiif/presentation/v3/ark:/12148/bd6t5139321c/manifest.json'
For more information check: https://developer.mozilla.org/en-US/docs/Web/HTTP/Status/403",2026-07-27T17:26:25.059191
petitmarocain,bd6t5139322r,,failed,0,0,,http_manifest,known,403,manifest,"Client error '403 ' for url 'https://openapiproext.bnf.fr/iiif/presentation/v3/ark:/12148/bd6t5139322r/manifest.json'
For more information check: https://developer.mozilla.org/en-US/docs/Web/HTTP/Status/403",2026-07-27T17:26:26.266969
petitmarocain,bd6t51393234,,failed,0,0,,http_manifest,known,403,manifest,"Client error '403 ' for url 'https://openapiproext.bnf.fr/iiif/presentation/v3/ark:/12148/bd6t51393234/manifest.json'
For more information check: https://developer.mozilla.org/en-US/docs/Web/HTTP/Status/403",2026-07-27T17:26:27.464216
petitmarocain,bd6t5139324h,,failed,0,0,,http_manifest,known,403,manifest,"Client error '403 ' for url 'https://openapiproext.bnf.fr/iiif/presentation/v3/ark:/12148/bd6t5139324h/manifest.json'
For more information check: https://developer.mozilla.org/en-US/docs/Web/HTTP/Status/403",2026-07-27T17:26:28.663144
petitmarocain,bd6t5139325w,,failed,0,0,,http_manifest,known,403,manifest,"Client error '403 ' for url 'https://openapiproext.bnf.fr/iiif/presentation/v3/ark:/12148/bd6t5139325w/manifest.json'
For more information check: https://developer.mozilla.org/en-US/docs/Web/HTTP/Status/403",2026-07-27T17:26:29.966103
petitmarocain,bd6t51393268,,failed,0,0,,http_manifest,known,403,manifest,"Client error '403 ' for url 'https://openapiproext.bnf.fr/iiif/presentation/v3/ark:/12148/bd6t51393268/manifest.json'
For more information check: https://developer.mozilla.org/en-US/docs/Web/HTTP/Status/403",2026-07-27T17:26:31.071699
petitmarocain,bd6t5139327n,,failed,0,0,,http_manifest,known,403,manifest,"Client error '403 ' for url 'https://openapiproext.bnf.fr/iiif/presentation/v3/ark:/12148/bd6t5139327n/manifest.json'
For more information check: https://developer.mozilla.org/en-US/docs/Web/HTTP/Status/403",2026-07-27T17:26:32.356943
petitmarocain,bd6t51393281,,failed,0,0,,http_manifest,known,403,manifest,"Client error '403 ' for url 'https://openapiproext.bnf.fr/iiif/presentation/v3/ark:/12148/bd6t51393281/manifest.json'
For more information check: https://developer.mozilla.org/en-US/docs/Web/HTTP/Status/403",2026-07-27T17:26:33.728580
petitmarocain,bd6t5139329d,,failed,0,0,,http_manifest,known,403,manifest,"Client error '403 ' for url 'https://openapiproext.bnf.fr/iiif/presentation/v3/ark:/12148/bd6t5139329d/manifest.json'
For more information check: https://developer.mozilla.org/en-US/docs/Web/HTTP/Status/403",2026-07-27T17:26:34.681193
petitmarocain,bd6t5139330b,,failed,0,0,,http_manifest,known,403,manifest,"Client error '403 ' for url 'https://openapiproext.bnf.fr/iiif/presentation/v3/ark:/12148/bd6t5139330b/manifest.json'
For more information check: https://developer.mozilla.org/en-US/docs/Web/HTTP/Status/403",2026-07-27T17:26:36.090307
petitmarocain,bd6t5139331q,,failed,0,0,,http_manifest,known,403,manifest,"Client error '403 ' for url 'https://openapiproext.bnf.fr/iiif/presentation/v3/ark:/12148/bd6t5139331q/manifest.json'
For more information check: https://developer.mozilla.org/en-US/docs/Web/HTTP/Status/403",2026-07-27T17:26:37.157710
petitmarocain,bd6t51393323,,failed,0,0,,http_manifest,known,403,manifest,"Client error '403 ' for url 'https://openapiproext.bnf.fr/iiif/presentation/v3/ark:/12148/bd6t51393323/manifest.json'
For more information check: https://developer.mozilla.org/en-US/docs/Web/HTTP/Status/403",2026-07-27T17:26:38.280987
petitmarocain,bd6t5139333g,,failed,0,0,,http_manifest,known,403,manifest,"Client error '403 ' for url 'https://openapiproext.bnf.fr/iiif/presentation/v3/ark:/12148/bd6t5139333g/manifest.json'
For more information check: https://developer.mozilla.org/en-US/docs/Web/HTTP/Status/403",2026-07-27T17:26:39.637840
petitmarocain,bd6t5139334v,,failed,0,0,,http_manifest,known,403,manifest,"Client error '403 ' for url 'https://openapiproext.bnf.fr/iiif/presentation/v3/ark:/12148/bd6t5139334v/manifest.json'
For more information check: https://developer.mozilla.org/en-US/docs/Web/HTTP/Status/403",2026-07-27T17:26:40.695406
petitmarocain,bd6t51393357,,failed,0,0,,http_manifest,known,403,manifest,"Client error '403 ' for url 'https://openapiproext.bnf.fr/iiif/presentation/v3/ark:/12148/bd6t51393357/manifest.json'
For more information check: https://developer.mozilla.org/en-US/docs/Web/HTTP/Status/403",2026-07-27T17:26:42.062081
petitmarocain,bd6t5139336m,,failed,0,0,,http_manifest,known,403,manifest,"Client error '403 ' for url 'https://openapiproext.bnf.fr/iiif/presentation/v3/ark:/12148/bd6t5139336m/manifest.json'
For more information check: https://developer.mozilla.org/en-US/docs/Web/HTTP/Status/403",2026-07-27T17:26:43.094606
petitmarocain,bd6t51393370,,failed,0,0,,http_manifest,known,403,manifest,"Client error '403 ' for url 'https://openapiproext.bnf.fr/iiif/presentation/v3/ark:/12148/bd6t51393370/manifest.json'
For more information check: https://developer.mozilla.org/en-US/docs/Web/HTTP/Status/403",2026-07-27T17:26:44.500354
petitmarocain,bd6t5139338c,,failed,0,0,,http_manifest,known,403,manifest,"Client error '403 ' for url 'https://openapiproext.bnf.fr/iiif/presentation/v3/ark:/12148/bd6t5139338c/manifest.json'
For more information check: https://developer.mozilla.org/en-US/docs/Web/HTTP/Status/403",2026-07-27T17:26:45.673803
petitmarocain,bd6t5139339r,,failed,0,0,,http_manifest,known,403,manifest,"Client error '403 ' for url 'https://openapiproext.bnf.fr/iiif/presentation/v3/ark:/12148/bd6t5139339r/manifest.json'
For more information check: https://developer.mozilla.org/en-US/docs/Web/HTTP/Status/403",2026-07-27T17:26:46.780514
petitmarocain,bd6t5139340p,,failed,0,0,,http_manifest,known,403,manifest,"Client error '403 ' for url 'https://openapiproext.bnf.fr/iiif/presentation/v3/ark:/12148/bd6t5139340p/manifest.json'
For more information check: https://developer.mozilla.org/en-US/docs/Web/HTTP/Status/403",2026-07-27T17:26:47.992048
petitmarocain,bd6t51393412,,failed,0,0,,http_manifest,known,403,manifest,"Client error '403 ' for url 'https://openapiproext.bnf.fr/iiif/presentation/v3/ark:/12148/bd6t51393412/manifest.json'
For more information check: https://developer.mozilla.org/en-US/docs/Web/HTTP/Status/403",2026-07-27T17:26:49.175600
petitmarocain,bd6t5139342f,,failed,0,0,,http_manifest,known,403,manifest,"Client error '403 ' for url 'https://openapiproext.bnf.fr/iiif/presentation/v3/ark:/12148/bd6t5139342f/manifest.json'
For more information check: https://developer.mozilla.org/en-US/docs/Web/HTTP/Status/403",2026-07-27T17:26:50.329014
petitmarocain,bd6t5139343t,,failed,0,0,,http_manifest,known,403,manifest,"Client error '403 ' for url 'https://openapiproext.bnf.fr/iiif/presentation/v3/ark:/12148/bd6t5139343t/manifest.json'
For more information check: https://developer.mozilla.org/en-US/docs/Web/HTTP/Status/403",2026-07-27T17:26:51.608120
petitmarocain,bd6t51393446,,failed,0,0,,http_manifest,known,403,manifest,"Client error '403 ' for url 'https://openapiproext.bnf.fr/iiif/presentation/v3/ark:/12148/bd6t51393446/manifest.json'
For more information check: https://developer.mozilla.org/en-US/docs/Web/HTTP/Status/403",2026-07-27T17:26:52.716838
petitmarocain,bd6t5139345k,,failed,0,0,,http_manifest,known,403,manifest,"Client error '403 ' for url 'https://openapiproext.bnf.fr/iiif/presentation/v3/ark:/12148/bd6t5139345k/manifest.json'
For more information check: https://developer.mozilla.org/en-US/docs/Web/HTTP/Status/403",2026-07-27T17:26:54.170901
petitmarocain,bd6t5139346z,,failed,0,0,,http_manifest,known,403,manifest,"Client error '403 ' for url 'https://openapiproext.bnf.fr/iiif/presentation/v3/ark:/12148/bd6t5139346z/manifest.json'
For more information check: https://developer.mozilla.org/en-US/docs/Web/HTTP/Status/403",2026-07-27T17:26:55.108856
petitmarocain,bd6t5139347b,,failed,0,0,,http_manifest,known,403,manifest,"Client error '403 ' for url 'https://openapiproext.bnf.fr/iiif/presentation/v3/ark:/12148/bd6t5139347b/manifest.json'
For more information check: https://developer.mozilla.org/en-US/docs/Web/HTTP/Status/403",2026-07-27T17:26:56.309433
petitmarocain,bd6t5139348q,,failed,0,0,,http_manifest,known,403,manifest,"Client error '403 ' for url 'https://openapiproext.bnf.fr/iiif/presentation/v3/ark:/12148/bd6t5139348q/manifest.json'
For more information check: https://developer.mozilla.org/en-US/docs/Web/HTTP/Status/403",2026-07-27T17:26:57.511673
petitmarocain,bd6t5139174m,,failed,0,0,,http_manifest,known,403,manifest,"Client error '403 ' for url 'https://openapiproext.bnf.fr/iiif/presentation/v3/ark:/12148/bd6t5139174m/manifest.json'
For more information check: https://developer.mozilla.org/en-US/docs/Web/HTTP/Status/403",2026-07-27T17:26:58.713062
petitmarocain,bd6t51391750,,failed,0,0,,http_manifest,known,403,manifest,"Client error '403 ' for url 'https://openapiproext.bnf.fr/iiif/presentation/v3/ark:/12148/bd6t51391750/manifest.json'
For more information check: https://developer.mozilla.org/en-US/docs/Web/HTTP/Status/403",2026-07-27T17:26:59.933995
petitmarocain,bd6t5139176c,,failed,0,0,,http_manifest,known,403,manifest,"Client error '403 ' for url 'https://openapiproext.bnf.fr/iiif/presentation/v3/ark:/12148/bd6t5139176c/manifest.json'
For more information check: https://developer.mozilla.org/en-US/docs/Web/HTTP/Status/403",2026-07-27T17:27:01.114068
petitmarocain,bd6t5139177r,,failed,0,0,,http_manifest,known,403,manifest,"Client error '403 ' for url 'https://openapiproext.bnf.fr/iiif/presentation/v3/ark:/12148/bd6t5139177r/manifest.json'
For more information check: https://developer.mozilla.org/en-US/docs/Web/HTTP/Status/403",2026-07-27T17:27:02.316773
petitmarocain,bd6t51391784,,failed,0,0,,http_manifest,known,403,manifest,"Client error '403 ' for url 'https://openapiproext.bnf.fr/iiif/presentation/v3/ark:/12148/bd6t51391784/manifest.json'
For more information check: https://developer.mozilla.org/en-US/docs/Web/HTTP/Status/403",2026-07-27T17:27:03.515053
petitmarocain,bd6t5139179h,,failed,0,0,,http_manifest,known,403,manifest,"Client error '403 ' for url 'https://openapiproext.bnf.fr/iiif/presentation/v3/ark:/12148/bd6t5139179h/manifest.json'
For more information check: https://developer.mozilla.org/en-US/docs/Web/HTTP/Status/403",2026-07-27T17:27:04.719012
petitmarocain,bd6t5139180f,,failed,0,0,,http_manifest,known,403,manifest,"Client error '403 ' for url 'https://openapiproext.bnf.fr/iiif/presentation/v3/ark:/12148/bd6t5139180f/manifest.json'
For more information check: https://developer.mozilla.org/en-US/docs/Web/HTTP/Status/403",2026-07-27T17:27:05.937618
petitmarocain,bd6t5139181t,,failed,0,0,,http_manifest,known,403,manifest,"Client error '403 ' for url 'https://openapiproext.bnf.fr/iiif/presentation/v3/ark:/12148/bd6t5139181t/manifest.json'
For more information check: https://developer.mozilla.org/en-US/docs/Web/HTTP/Status/403",2026-07-27T17:27:07.118715
petitmarocain,bd6t51391826,,failed,0,0,,http_manifest,known,403,manifest,"Client error '403 ' for url 'https://openapiproext.bnf.fr/iiif/presentation/v3/ark:/12148/bd6t51391826/manifest.json'
For more information check: https://developer.mozilla.org/en-US/docs/Web/HTTP/Status/403",2026-07-27T17:27:08.322104
petitmarocain,bd6t5139183k,,failed,0,0,,http_manifest,known,403,manifest,"Client error '403 ' for url 'https://openapiproext.bnf.fr/iiif/presentation/v3/ark:/12148/bd6t5139183k/manifest.json'
For more information check: https://developer.mozilla.org/en-US/docs/Web/HTTP/Status/403",2026-07-27T17:27:09.522240
petitmarocain,bd6t5139184z,,failed,0,0,,http_manifest,known,403,manifest,"Client error '403 ' for url 'https://openapiproext.bnf.fr/iiif/presentation/v3/ark:/12148/bd6t5139184z/manifest.json'
For more information check: https://developer.mozilla.org/en-US/docs/Web/HTTP/Status/403",2026-07-27T17:27:10.730454
petitmarocain,bd6t5139185b,,failed,0,0,,http_manifest,known,403,manifest,"Client error '403 ' for url 'https://openapiproext.bnf.fr/iiif/presentation/v3/ark:/12148/bd6t5139185b/manifest.json'
For more information check: https://developer.mozilla.org/en-US/docs/Web/HTTP/Status/403",2026-07-27T17:27:11.929257
petitmarocain,bd6t5139186q,,failed,0,0,,http_manifest,known,403,manifest,"Client error '403 ' for url 'https://openapiproext.bnf.fr/iiif/presentation/v3/ark:/12148/bd6t5139186q/manifest.json'
For more information check: https://developer.mozilla.org/en-US/docs/Web/HTTP/Status/403",2026-07-27T17:27:13.132913
petitmarocain,bd6t51391873,,failed,0,0,,http_manifest,known,403,manifest,"Client error '403 ' for url 'https://openapiproext.bnf.fr/iiif/presentation/v3/ark:/12148/bd6t51391873/manifest.json'
For more information check: https://developer.mozilla.org/en-US/docs/Web/HTTP/Status/403",2026-07-27T17:27:14.331065
petitmarocain,bd6t5139188g,,failed,0,0,,http_manifest,known,403,manifest,"Client error '403 ' for url 'https://openapiproext.bnf.fr/iiif/presentation/v3/ark:/12148/bd6t5139188g/manifest.json'
For more information check: https://developer.mozilla.org/en-US/docs/Web/HTTP/Status/403",2026-07-27T17:27:15.529080
petitmarocain,bd6t5139189v,,failed,0,0,,http_manifest,known,403,manifest,"Client error '403 ' for url 'https://openapiproext.bnf.fr/iiif/presentation/v3/ark:/12148/bd6t5139189v/manifest.json'
For more information check: https://developer.mozilla.org/en-US/docs/Web/HTTP/Status/403",2026-07-27T17:27:16.730949
petitmarocain,bd6t5139190s,,failed,0,0,,http_manifest,known,403,manifest,"Client error '403 ' for url 'https://openapiproext.bnf.fr/iiif/presentation/v3/ark:/12148/bd6t5139190s/manifest.json'
For more information check: https://developer.mozilla.org/en-US/docs/Web/HTTP/Status/403",2026-07-27T17:27:17.952713
petitmarocain,bd6t51391915,,failed,0,0,,http_manifest,known,403,manifest,"Client error '403 ' for url 'https://openapiproext.bnf.fr/iiif/presentation/v3/ark:/12148/bd6t51391915/manifest.json'
For more information check: https://developer.mozilla.org/en-US/docs/Web/HTTP/Status/403",2026-07-27T17:27:19.141582
petitmarocain,bd6t5139192j,,failed,0,0,,http_manifest,known,403,manifest,"Client error '403 ' for url 'https://openapiproext.bnf.fr/iiif/presentation/v3/ark:/12148/bd6t5139192j/manifest.json'
For more information check: https://developer.mozilla.org/en-US/docs/Web/HTTP/Status/403",2026-07-27T17:27:20.335609
petitmarocain,bd6t5139193x,,failed,0,0,,http_manifest,known,403,manifest,"Client error '403 ' for url 'https://openapiproext.bnf.fr/iiif/presentation/v3/ark:/12148/bd6t5139193x/manifest.json'
For more information check: https://developer.mozilla.org/en-US/docs/Web/HTTP/Status/403",2026-07-27T17:27:21.541648
petitmarocain,bd6t51391949,,failed,0,0,,http_manifest,known,403,manifest,"Client error '403 ' for url 'https://openapiproext.bnf.fr/iiif/presentation/v3/ark:/12148/bd6t51391949/manifest.json'
For more information check: https://developer.mozilla.org/en-US/docs/Web/HTTP/Status/403",2026-07-27T17:27:22.742351
petitmarocain,bd6t5139195p,,failed,0,0,,http_manifest,known,403,manifest,"Client error '403 ' for url 'https://openapiproext.bnf.fr/iiif/presentation/v3/ark:/12148/bd6t5139195p/manifest.json'
For more information check: https://developer.mozilla.org/en-US/docs/Web/HTTP/Status/403",2026-07-27T17:27:23.941573
petitmarocain,bd6t51391962,,failed,0,0,,http_manifest,known,403,manifest,"Client error '403 ' for url 'https://openapiproext.bnf.fr/iiif/presentation/v3/ark:/12148/bd6t51391962/manifest.json'
For more information check: https://developer.mozilla.org/en-US/docs/Web/HTTP/Status/403",2026-07-27T17:27:25.143332
petitmarocain,bd6t5139197f,,failed,0,0,,http_manifest,known,403,manifest,"Client error '403 ' for url 'https://openapiproext.bnf.fr/iiif/presentation/v3/ark:/12148/bd6t5139197f/manifest.json'
For more information check: https://developer.mozilla.org/en-US/docs/Web/HTTP/Status/403",2026-07-27T17:27:26.346267
petitmarocain,bd6t5139198t,,failed,0,0,,http_manifest,known,403,manifest,"Client error '403 ' for url 'https://openapiproext.bnf.fr/iiif/presentation/v3/ark:/12148/bd6t5139198t/manifest.json'
For more information check: https://developer.mozilla.org/en-US/docs/Web/HTTP/Status/403",2026-07-27T17:27:27.553345
petitmarocain,bd6t51391996,,failed,0,0,,http_manifest,known,403,manifest,"Client error '403 ' for url 'https://openapiproext.bnf.fr/iiif/presentation/v3/ark:/12148/bd6t51391996/manifest.json'
For more information check: https://developer.mozilla.org/en-US/docs/Web/HTTP/Status/403",2026-07-27T17:27:28.753180
petitmarocain,bd6t51392000,,failed,0,0,,http_manifest,known,403,manifest,"Client error '403 ' for url 'https://openapiproext.bnf.fr/iiif/presentation/v3/ark:/12148/bd6t51392000/manifest.json'
For more information check: https://developer.mozilla.org/en-US/docs/Web/HTTP/Status/403",2026-07-27T17:27:29.975124
petitmarocain,bd6t5139201c,,failed,0,0,,http_manifest,known,403,manifest,"Client error '403 ' for url 'https://openapiproext.bnf.fr/iiif/presentation/v3/ark:/12148/bd6t5139201c/manifest.json'
For more information check: https://developer.mozilla.org/en-US/docs/Web/HTTP/Status/403",2026-07-27T17:27:31.254967
petitmarocain,bd6t5139202r,,failed,0,0,,http_manifest,known,403,manifest,"Client error '403 ' for url 'https://openapiproext.bnf.fr/iiif/presentation/v3/ark:/12148/bd6t5139202r/manifest.json'
For more information check: https://developer.mozilla.org/en-US/docs/Web/HTTP/Status/403",2026-07-27T17:27:32.364594
petitmarocain,bd6t51392034,,failed,0,0,,http_manifest,known,403,manifest,"Client error '403 ' for url 'https://openapiproext.bnf.fr/iiif/presentation/v3/ark:/12148/bd6t51392034/manifest.json'
For more information check: https://developer.mozilla.org/en-US/docs/Web/HTTP/Status/403",2026-07-27T17:27:33.566265
petitmarocain,bd6t5139204h,,failed,0,0,,http_manifest,known,403,manifest,"Client error '403 ' for url 'https://openapiproext.bnf.fr/iiif/presentation/v3/ark:/12148/bd6t5139204h/manifest.json'
For more information check: https://developer.mozilla.org/en-US/docs/Web/HTTP/Status/403",2026-07-27T17:27:34.973648
petitmarocain,bd6t5139205w,,failed,0,0,,http_manifest,known,403,manifest,"Client error '403 ' for url 'https://openapiproext.bnf.fr/iiif/presentation/v3/ark:/12148/bd6t5139205w/manifest.json'
For more information check: https://developer.mozilla.org/en-US/docs/Web/HTTP/Status/403",2026-07-27T17:27:36.103747
petitmarocain,bd6t51392068,,failed,0,0,,http_manifest,known,403,manifest,"Client error '403 ' for url 'https://openapiproext.bnf.fr/iiif/presentation/v3/ark:/12148/bd6t51392068/manifest.json'
For more information check: https://developer.mozilla.org/en-US/docs/Web/HTTP/Status/403",2026-07-27T17:27:37.230213
petitmarocain,bd6t5139207n,,failed,0,0,,http_manifest,known,403,manifest,"Client error '403 ' for url 'https://openapiproext.bnf.fr/iiif/presentation/v3/ark:/12148/bd6t5139207n/manifest.json'
For more information check: https://developer.mozilla.org/en-US/docs/Web/HTTP/Status/403",2026-07-27T17:27:38.428875
petitmarocain,bd6t51392081,,failed,0,0,,http_manifest,known,403,manifest,"Client error '403 ' for url 'https://openapiproext.bnf.fr/iiif/presentation/v3/ark:/12148/bd6t51392081/manifest.json'
For more information check: https://developer.mozilla.org/en-US/docs/Web/HTTP/Status/403",2026-07-27T17:27:39.578865
petitmarocain,bd6t5139209d,,failed,0,0,,http_manifest,known,403,manifest,"Client error '403 ' for url 'https://openapiproext.bnf.fr/iiif/presentation/v3/ark:/12148/bd6t5139209d/manifest.json'
For more information check: https://developer.mozilla.org/en-US/docs/Web/HTTP/Status/403",2026-07-27T17:27:40.790769
petitmarocain,bd6t5139210b,,failed,0,0,,http_manifest,known,403,manifest,"Client error '403 ' for url 'https://openapiproext.bnf.fr/iiif/presentation/v3/ark:/12148/bd6t5139210b/manifest.json'
For more information check: https://developer.mozilla.org/en-US/docs/Web/HTTP/Status/403",2026-07-27T17:27:41.985085
petitmarocain,bd6t5139211q,,failed,0,0,,http_manifest,known,403,manifest,"Client error '403 ' for url 'https://openapiproext.bnf.fr/iiif/presentation/v3/ark:/12148/bd6t5139211q/manifest.json'
For more information check: https://developer.mozilla.org/en-US/docs/Web/HTTP/Status/403",2026-07-27T17:27:43.176587
petitmarocain,bd6t51392123,,failed,0,0,,http_manifest,known,403,manifest,"Client error '403 ' for url 'https://openapiproext.bnf.fr/iiif/presentation/v3/ark:/12148/bd6t51392123/manifest.json'
For more information check: https://developer.mozilla.org/en-US/docs/Web/HTTP/Status/403",2026-07-27T17:27:44.543136
petitmarocain,bd6t5139213g,,failed,0,0,,http_manifest,known,403,manifest,"Client error '403 ' for url 'https://openapiproext.bnf.fr/iiif/presentation/v3/ark:/12148/bd6t5139213g/manifest.json'
For more information check: https://developer.mozilla.org/en-US/docs/Web/HTTP/Status/403",2026-07-27T17:27:45.579337
petitmarocain,bd6t5139214v,,failed,0,0,,http_manifest,known,403,manifest,"Client error '403 ' for url 'https://openapiproext.bnf.fr/iiif/presentation/v3/ark:/12148/bd6t5139214v/manifest.json'
For more information check: https://developer.mozilla.org/en-US/docs/Web/HTTP/Status/403",2026-07-27T17:27:46.794600
petitmarocain,bd6t51392157,,failed,0,0,,http_manifest,known,403,manifest,"Client error '403 ' for url 'https://openapiproext.bnf.fr/iiif/presentation/v3/ark:/12148/bd6t51392157/manifest.json'
For more information check: https://developer.mozilla.org/en-US/docs/Web/HTTP/Status/403",2026-07-27T17:27:47.982375
petitmarocain,bd6t5139216m,,failed,0,0,,http_manifest,known,403,manifest,"Client error '403 ' for url 'https://openapiproext.bnf.fr/iiif/presentation/v3/ark:/12148/bd6t5139216m/manifest.json'
For more information check: https://developer.mozilla.org/en-US/docs/Web/HTTP/Status/403",2026-07-27T17:27:49.185745
petitmarocain,bd6t51392170,,failed,0,0,,http_manifest,known,403,manifest,"Client error '403 ' for url 'https://openapiproext.bnf.fr/iiif/presentation/v3/ark:/12148/bd6t51392170/manifest.json'
For more information check: https://developer.mozilla.org/en-US/docs/Web/HTTP/Status/403",2026-07-27T17:27:50.387460
petitmarocain,bd6t5139218c,,failed,0,0,,http_manifest,known,403,manifest,"Client error '403 ' for url 'https://openapiproext.bnf.fr/iiif/presentation/v3/ark:/12148/bd6t5139218c/manifest.json'
For more information check: https://developer.mozilla.org/en-US/docs/Web/HTTP/Status/403",2026-07-27T17:27:51.589580
petitmarocain,bd6t5139219r,,failed,0,0,,http_manifest,known,403,manifest,"Client error '403 ' for url 'https://openapiproext.bnf.fr/iiif/presentation/v3/ark:/12148/bd6t5139219r/manifest.json'
For more information check: https://developer.mozilla.org/en-US/docs/Web/HTTP/Status/403",2026-07-27T17:27:52.959589
petitmarocain,bd6t5139220p,,failed,0,0,,http_manifest,known,403,manifest,"Client error '403 ' for url 'https://openapiproext.bnf.fr/iiif/presentation/v3/ark:/12148/bd6t5139220p/manifest.json'
For more information check: https://developer.mozilla.org/en-US/docs/Web/HTTP/Status/403",2026-07-27T17:27:54.057290
petitmarocain,bd6t51392212,,failed,0,0,,http_manifest,known,403,manifest,"Client error '403 ' for url 'https://openapiproext.bnf.fr/iiif/presentation/v3/ark:/12148/bd6t51392212/manifest.json'
For more information check: https://developer.mozilla.org/en-US/docs/Web/HTTP/Status/403",2026-07-27T17:27:55.193111
petitmarocain,bd6t5139222f,,failed,0,0,,http_manifest,known,403,manifest,"Client error '403 ' for url 'https://openapiproext.bnf.fr/iiif/presentation/v3/ark:/12148/bd6t5139222f/manifest.json'
For more information check: https://developer.mozilla.org/en-US/docs/Web/HTTP/Status/403",2026-07-27T17:27:56.395441
petitmarocain,bd6t5139223t,,failed,0,0,,http_manifest,known,403,manifest,"Client error '403 ' for url 'https://openapiproext.bnf.fr/iiif/presentation/v3/ark:/12148/bd6t5139223t/manifest.json'
For more information check: https://developer.mozilla.org/en-US/docs/Web/HTTP/Status/403",2026-07-27T17:27:57.597558
petitmarocain,bd6t51392246,,failed,0,0,,http_manifest,known,403,manifest,"Client error '403 ' for url 'https://openapiproext.bnf.fr/iiif/presentation/v3/ark:/12148/bd6t51392246/manifest.json'
For more information check: https://developer.mozilla.org/en-US/docs/Web/HTTP/Status/403",2026-07-27T17:27:58.807961
petitmarocain,bd6t5139225k,,failed,0,0,,http_manifest,known,403,manifest,"Client error '403 ' for url 'https://openapiproext.bnf.fr/iiif/presentation/v3/ark:/12148/bd6t5139225k/manifest.json'
For more information check: https://developer.mozilla.org/en-US/docs/Web/HTTP/Status/403",2026-07-27T17:27:59.996957
petitmarocain,bd6t5139226z,,failed,0,0,,http_manifest,known,403,manifest,"Client error '403 ' for url 'https://openapiproext.bnf.fr/iiif/presentation/v3/ark:/12148/bd6t5139226z/manifest.json'
For more information check: https://developer.mozilla.org/en-US/docs/Web/HTTP/Status/403",2026-07-27T17:28:01.195821
petitmarocain,bd6t5139227b,,failed,0,0,,http_manifest,known,403,manifest,"Client error '403 ' for url 'https://openapiproext.bnf.fr/iiif/presentation/v3/ark:/12148/bd6t5139227b/manifest.json'
For more information check: https://developer.mozilla.org/en-US/docs/Web/HTTP/Status/403",2026-07-27T17:28:02.400130
petitmarocain,bd6t5139228q,,failed,0,0,,http_manifest,known,403,manifest,"Client error '403 ' for url 'https://openapiproext.bnf.fr/iiif/presentation/v3/ark:/12148/bd6t5139228q/manifest.json'
For more information check: https://developer.mozilla.org/en-US/docs/Web/HTTP/Status/403",2026-07-27T17:28:03.600035
petitmarocain,bd6t51392293,,failed,0,0,,http_manifest,known,403,manifest,"Client error '403 ' for url 'https://openapiproext.bnf.fr/iiif/presentation/v3/ark:/12148/bd6t51392293/manifest.json'
For more information check: https://developer.mozilla.org/en-US/docs/Web/HTTP/Status/403",2026-07-27T17:28:04.803360
petitmarocain,bd6t51392301,,failed,0,0,,http_manifest,known,403,manifest,"Client error '403 ' for url 'https://openapiproext.bnf.fr/iiif/presentation/v3/ark:/12148/bd6t51392301/manifest.json'
For more information check: https://developer.mozilla.org/en-US/docs/Web/HTTP/Status/403",2026-07-27T17:28:06.003006
petitmarocain,bd6t5139231d,,failed,0,0,,http_manifest,known,403,manifest,"Client error '403 ' for url 'https://openapiproext.bnf.fr/iiif/presentation/v3/ark:/12148/bd6t5139231d/manifest.json'
For more information check: https://developer.mozilla.org/en-US/docs/Web/HTTP/Status/403",2026-07-27T17:28:07.199416
petitmarocain,bd6t5139232s,,failed,0,0,,http_manifest,known,403,manifest,"Client error '403 ' for url 'https://openapiproext.bnf.fr/iiif/presentation/v3/ark:/12148/bd6t5139232s/manifest.json'
For more information check: https://developer.mozilla.org/en-US/docs/Web/HTTP/Status/403",2026-07-27T17:28:08.406148
petitmarocain,bd6t51392335,,failed,0,0,,http_manifest,known,403,manifest,"Client error '403 ' for url 'https://openapiproext.bnf.fr/iiif/presentation/v3/ark:/12148/bd6t51392335/manifest.json'
For more information check: https://developer.mozilla.org/en-US/docs/Web/HTTP/Status/403",2026-07-27T17:28:09.605514
petitmarocain,bd6t5139234j,,failed,0,0,,http_manifest,known,403,manifest,"Client error '403 ' for url 'https://openapiproext.bnf.fr/iiif/presentation/v3/ark:/12148/bd6t5139234j/manifest.json'
For more information check: https://developer.mozilla.org/en-US/docs/Web/HTTP/Status/403",2026-07-27T17:28:10.842001
petitmarocain,bd6t5139235x,,failed,0,0,,http_manifest,known,403,manifest,"Client error '403 ' for url 'https://openapiproext.bnf.fr/iiif/presentation/v3/ark:/12148/bd6t5139235x/manifest.json'
For more information check: https://developer.mozilla.org/en-US/docs/Web/HTTP/Status/403",2026-07-27T17:28:12.014099
petitmarocain,bd6t51392369,,failed,0,0,,http_manifest,known,403,manifest,"Client error '403 ' for url 'https://openapiproext.bnf.fr/iiif/presentation/v3/ark:/12148/bd6t51392369/manifest.json'
For more information check: https://developer.mozilla.org/en-US/docs/Web/HTTP/Status/403",2026-07-27T17:28:13.211651
petitmarocain,bd6t5139237p,,failed,0,0,,http_manifest,known,403,manifest,"Client error '403 ' for url 'https://openapiproext.bnf.fr/iiif/presentation/v3/ark:/12148/bd6t5139237p/manifest.json'
For more information check: https://developer.mozilla.org/en-US/docs/Web/HTTP/Status/403",2026-07-27T17:28:14.410460
petitmarocain,bd6t51392382,,failed,0,0,,http_manifest,known,403,manifest,"Client error '403 ' for url 'https://openapiproext.bnf.fr/iiif/presentation/v3/ark:/12148/bd6t51392382/manifest.json'
For more information check: https://developer.mozilla.org/en-US/docs/Web/HTTP/Status/403",2026-07-27T17:28:15.614769
petitmarocain,bd6t5139239f,,failed,0,0,,http_manifest,known,403,manifest,"Client error '403 ' for url 'https://openapiproext.bnf.fr/iiif/presentation/v3/ark:/12148/bd6t5139239f/manifest.json'
For more information check: https://developer.mozilla.org/en-US/docs/Web/HTTP/Status/403",2026-07-27T17:28:16.830520
petitmarocain,bd6t5139240c,,failed,0,0,,http_manifest,known,403,manifest,"Client error '403 ' for url 'https://openapiproext.bnf.fr/iiif/presentation/v3/ark:/12148/bd6t5139240c/manifest.json'
For more information check: https://developer.mozilla.org/en-US/docs/Web/HTTP/Status/403",2026-07-27T17:28:18.019827
petitmarocain,bd6t5139241r,,failed,0,0,,http_manifest,known,403,manifest,"Client error '403 ' for url 'https://openapiproext.bnf.fr/iiif/presentation/v3/ark:/12148/bd6t5139241r/manifest.json'
For more information check: https://developer.mozilla.org/en-US/docs/Web/HTTP/Status/403",2026-07-27T17:28:19.222314
petitmarocain,bd6t51392424,,failed,0,0,,http_manifest,known,403,manifest,"Client error '403 ' for url 'https://openapiproext.bnf.fr/iiif/presentation/v3/ark:/12148/bd6t51392424/manifest.json'
For more information check: https://developer.mozilla.org/en-US/docs/Web/HTTP/Status/403",2026-07-27T17:28:20.421287
petitmarocain,bd6t5139243h,,failed,0,0,,http_manifest,known,403,manifest,"Client error '403 ' for url 'https://openapiproext.bnf.fr/iiif/presentation/v3/ark:/12148/bd6t5139243h/manifest.json'
For more information check: https://developer.mozilla.org/en-US/docs/Web/HTTP/Status/403",2026-07-27T17:28:21.620545
petitmarocain,bd6t5139244w,,failed,0,0,,http_manifest,known,403,manifest,"Client error '403 ' for url 'https://openapiproext.bnf.fr/iiif/presentation/v3/ark:/12148/bd6t5139244w/manifest.json'
For more information check: https://developer.mozilla.org/en-US/docs/Web/HTTP/Status/403",2026-07-27T17:28:22.821464
petitmarocain,bd6t51392458,,failed,0,0,,http_manifest,known,403,manifest,"Client error '403 ' for url 'https://openapiproext.bnf.fr/iiif/presentation/v3/ark:/12148/bd6t51392458/manifest.json'
For more information check: https://developer.mozilla.org/en-US/docs/Web/HTTP/Status/403",2026-07-27T17:28:24.020907
petitmarocain,bd6t5139246n,,failed,0,0,,http_manifest,known,403,manifest,"Client error '403 ' for url 'https://openapiproext.bnf.fr/iiif/presentation/v3/ark:/12148/bd6t5139246n/manifest.json'
For more information check: https://developer.mozilla.org/en-US/docs/Web/HTTP/Status/403",2026-07-27T17:28:25.225057
petitmarocain,bd6t51392471,,failed,0,0,,http_manifest,known,403,manifest,"Client error '403 ' for url 'https://openapiproext.bnf.fr/iiif/presentation/v3/ark:/12148/bd6t51392471/manifest.json'
For more information check: https://developer.mozilla.org/en-US/docs/Web/HTTP/Status/403",2026-07-27T17:28:26.429188
petitmarocain,bd6t5139248d,,failed,0,0,,http_manifest,known,403,manifest,"Client error '403 ' for url 'https://openapiproext.bnf.fr/iiif/presentation/v3/ark:/12148/bd6t5139248d/manifest.json'
For more information check: https://developer.mozilla.org/en-US/docs/Web/HTTP/Status/403",2026-07-27T17:28:27.631279
petitmarocain,bd6t5139249s,,failed,0,0,,http_manifest,known,403,manifest,"Client error '403 ' for url 'https://openapiproext.bnf.fr/iiif/presentation/v3/ark:/12148/bd6t5139249s/manifest.json'
For more information check: https://developer.mozilla.org/en-US/docs/Web/HTTP/Status/403",2026-07-27T17:28:28.846093
petitmarocain,bd6t5139250q,,failed,0,0,,http_manifest,known,403,manifest,"Client error '403 ' for url 'https://openapiproext.bnf.fr/iiif/presentation/v3/ark:/12148/bd6t5139250q/manifest.json'
For more information check: https://developer.mozilla.org/en-US/docs/Web/HTTP/Status/403",2026-07-27T17:28:30.269686
petitmarocain,bd6t51392513,,failed,0,0,,http_manifest,known,403,manifest,"Client error '403 ' for url 'https://openapiproext.bnf.fr/iiif/presentation/v3/ark:/12148/bd6t51392513/manifest.json'
For more information check: https://developer.mozilla.org/en-US/docs/Web/HTTP/Status/403",2026-07-27T17:28:31.435079
petitmarocain,bd6t5139252g,,failed,0,0,,http_manifest,known,403,manifest,"Client error '403 ' for url 'https://openapiproext.bnf.fr/iiif/presentation/v3/ark:/12148/bd6t5139252g/manifest.json'
For more information check: https://developer.mozilla.org/en-US/docs/Web/HTTP/Status/403",2026-07-27T17:28:32.627505
petitmarocain,bd6t5139253v,,failed,0,0,,http_manifest,known,403,manifest,"Client error '403 ' for url 'https://openapiproext.bnf.fr/iiif/presentation/v3/ark:/12148/bd6t5139253v/manifest.json'
For more information check: https://developer.mozilla.org/en-US/docs/Web/HTTP/Status/403",2026-07-27T17:28:33.838756
petitmarocain,bd6t51392547,,failed,0,0,,http_manifest,known,403,manifest,"Client error '403 ' for url 'https://openapiproext.bnf.fr/iiif/presentation/v3/ark:/12148/bd6t51392547/manifest.json'
For more information check: https://developer.mozilla.org/en-US/docs/Web/HTTP/Status/403",2026-07-27T17:28:34.840609
petitmarocain,bd6t5139255m,,failed,0,0,,http_manifest,known,403,manifest,"Client error '403 ' for url 'https://openapiproext.bnf.fr/iiif/presentation/v3/ark:/12148/bd6t5139255m/manifest.json'
For more information check: https://developer.mozilla.org/en-US/docs/Web/HTTP/Status/403",2026-07-27T17:28:36.043096
petitmarocain,bd6t51392560,,failed,0,0,,http_manifest,known,403,manifest,"Client error '403 ' for url 'https://openapiproext.bnf.fr/iiif/presentation/v3/ark:/12148/bd6t51392560/manifest.json'
For more information check: https://developer.mozilla.org/en-US/docs/Web/HTTP/Status/403",2026-07-27T17:28:37.316595
petitmarocain,bd6t5139257c,,failed,0,0,,http_manifest,known,403,manifest,"Client error '403 ' for url 'https://openapiproext.bnf.fr/iiif/presentation/v3/ark:/12148/bd6t5139257c/manifest.json'
For more information check: https://developer.mozilla.org/en-US/docs/Web/HTTP/Status/403",2026-07-27T17:28:38.536500
petitmarocain,bd6t5139258r,,failed,0,0,,http_manifest,known,403,manifest,"Client error '403 ' for url 'https://openapiproext.bnf.fr/iiif/presentation/v3/ark:/12148/bd6t5139258r/manifest.json'
For more information check: https://developer.mozilla.org/en-US/docs/Web/HTTP/Status/403",2026-07-27T17:28:39.890787
petitmarocain,bd6t51392594,,failed,0,0,,http_manifest,known,403,manifest,"Client error '403 ' for url 'https://openapiproext.bnf.fr/iiif/presentation/v3/ark:/12148/bd6t51392594/manifest.json'
For more information check: https://developer.mozilla.org/en-US/docs/Web/HTTP/Status/403",2026-07-27T17:28:40.849864
petitmarocain,bd6t5137364b,,failed,0,0,,http_manifest,known,403,manifest,"Client error '403 ' for url 'https://openapiproext.bnf.fr/iiif/presentation/v3/ark:/12148/bd6t5137364b/manifest.json'
For more information check: https://developer.mozilla.org/en-US/docs/Web/HTTP/Status/403",2026-07-27T17:28:42.050118
petitmarocain,bd6t5137365q,,failed,0,0,,http_manifest,known,403,manifest,"Client error '403 ' for url 'https://openapiproext.bnf.fr/iiif/presentation/v3/ark:/12148/bd6t5137365q/manifest.json'
For more information check: https://developer.mozilla.org/en-US/docs/Web/HTTP/Status/403",2026-07-27T17:28:43.252104
petitmarocain,bd6t51373663,,failed,0,0,,http_manifest,known,403,manifest,"Client error '403 ' for url 'https://openapiproext.bnf.fr/iiif/presentation/v3/ark:/12148/bd6t51373663/manifest.json'
For more information check: https://developer.mozilla.org/en-US/docs/Web/HTTP/Status/403",2026-07-27T17:28:44.669723
petitmarocain,bd6t5137367g,,failed,0,0,,http_manifest,known,403,manifest,"Client error '403 ' for url 'https://openapiproext.bnf.fr/iiif/presentation/v3/ark:/12148/bd6t5137367g/manifest.json'
For more information check: https://developer.mozilla.org/en-US/docs/Web/HTTP/Status/403",2026-07-27T17:28:45.657192
petitmarocain,bd6t5137368v,,failed,0,0,,http_manifest,known,403,manifest,"Client error '403 ' for url 'https://openapiproext.bnf.fr/iiif/presentation/v3/ark:/12148/bd6t5137368v/manifest.json'
For more information check: https://developer.mozilla.org/en-US/docs/Web/HTTP/Status/403",2026-07-27T17:28:47.003705
petitmarocain,bd6t51373697,,failed,0,0,,http_manifest,known,403,manifest,"Client error '403 ' for url 'https://openapiproext.bnf.fr/iiif/presentation/v3/ark:/12148/bd6t51373697/manifest.json'
For more information check: https://developer.mozilla.org/en-US/docs/Web/HTTP/Status/403",2026-07-27T17:28:48.061329
petitmarocain,bd6t51373705,,failed,0,0,,http_manifest,known,403,manifest,"Client error '403 ' for url 'https://openapiproext.bnf.fr/iiif/presentation/v3/ark:/12148/bd6t51373705/manifest.json'
For more information check: https://developer.mozilla.org/en-US/docs/Web/HTTP/Status/403",2026-07-27T17:28:49.260897
petitmarocain,bd6t5137371j,,failed,0,0,,http_manifest,known,403,manifest,"Client error '403 ' for url 'https://openapiproext.bnf.fr/iiif/presentation/v3/ark:/12148/bd6t5137371j/manifest.json'
For more information check: https://developer.mozilla.org/en-US/docs/Web/HTTP/Status/403",2026-07-27T17:28:50.653377
petitmarocain,bd6t5137372x,,failed,0,0,,http_manifest,known,403,manifest,"Client error '403 ' for url 'https://openapiproext.bnf.fr/iiif/presentation/v3/ark:/12148/bd6t5137372x/manifest.json'
For more information check: https://developer.mozilla.org/en-US/docs/Web/HTTP/Status/403",2026-07-27T17:28:51.747858
petitmarocain,bd6t51373739,,failed,0,0,,http_manifest,known,403,manifest,"Client error '403 ' for url 'https://openapiproext.bnf.fr/iiif/presentation/v3/ark:/12148/bd6t51373739/manifest.json'
For more information check: https://developer.mozilla.org/en-US/docs/Web/HTTP/Status/403",2026-07-27T17:28:52.873214
petitmarocain,bd6t5137374p,,failed,0,0,,http_manifest,known,403,manifest,"Client error '403 ' for url 'https://openapiproext.bnf.fr/iiif/presentation/v3/ark:/12148/bd6t5137374p/manifest.json'
For more information check: https://developer.mozilla.org/en-US/docs/Web/HTTP/Status/403",2026-07-27T17:28:54.088605
petitmarocain,bd6t51373752,,failed,0,0,,http_manifest,known,403,manifest,"Client error '403 ' for url 'https://openapiproext.bnf.fr/iiif/presentation/v3/ark:/12148/bd6t51373752/manifest.json'
For more information check: https://developer.mozilla.org/en-US/docs/Web/HTTP/Status/403",2026-07-27T17:28:55.284652
petitmarocain,bd6t5137376f,,failed,0,0,,http_manifest,known,403,manifest,"Client error '403 ' for url 'https://openapiproext.bnf.fr/iiif/presentation/v3/ark:/12148/bd6t5137376f/manifest.json'
For more information check: https://developer.mozilla.org/en-US/docs/Web/HTTP/Status/403",2026-07-27T17:28:56.476740
petitmarocain,bd6t5137377t,,failed,0,0,,http_manifest,known,403,manifest,"Client error '403 ' for url 'https://openapiproext.bnf.fr/iiif/presentation/v3/ark:/12148/bd6t5137377t/manifest.json'
For more information check: https://developer.mozilla.org/en-US/docs/Web/HTTP/Status/403",2026-07-27T17:28:57.693684
petitmarocain,bd6t51373786,,failed,0,0,,http_manifest,known,403,manifest,"Client error '403 ' for url 'https://openapiproext.bnf.fr/iiif/presentation/v3/ark:/12148/bd6t51373786/manifest.json'
For more information check: https://developer.mozilla.org/en-US/docs/Web/HTTP/Status/403",2026-07-27T17:28:58.882903
petitmarocain,bd6t5137379k,,failed,0,0,,http_manifest,known,403,manifest,"Client error '403 ' for url 'https://openapiproext.bnf.fr/iiif/presentation/v3/ark:/12148/bd6t5137379k/manifest.json'
For more information check: https://developer.mozilla.org/en-US/docs/Web/HTTP/Status/403",2026-07-27T17:29:00.085986
petitmarocain,bd6t5137380h,,failed,0,0,,http_manifest,known,403,manifest,"Client error '403 ' for url 'https://openapiproext.bnf.fr/iiif/presentation/v3/ark:/12148/bd6t5137380h/manifest.json'
For more information check: https://developer.mozilla.org/en-US/docs/Web/HTTP/Status/403",2026-07-27T17:29:01.285470
petitmarocain,bd6t5137381w,,failed,0,0,,http_manifest,known,403,manifest,"Client error '403 ' for url 'https://openapiproext.bnf.fr/iiif/presentation/v3/ark:/12148/bd6t5137381w/manifest.json'
For more information check: https://developer.mozilla.org/en-US/docs/Web/HTTP/Status/403",2026-07-27T17:29:02.491760
petitmarocain,bd6t51373828,,failed,0,0,,http_manifest,known,403,manifest,"Client error '403 ' for url 'https://openapiproext.bnf.fr/iiif/presentation/v3/ark:/12148/bd6t51373828/manifest.json'
For more information check: https://developer.mozilla.org/en-US/docs/Web/HTTP/Status/403",2026-07-27T17:29:03.685913
petitmarocain,bd6t5137383n,,failed,0,0,,http_manifest,known,403,manifest,"Client error '403 ' for url 'https://openapiproext.bnf.fr/iiif/presentation/v3/ark:/12148/bd6t5137383n/manifest.json'
For more information check: https://developer.mozilla.org/en-US/docs/Web/HTTP/Status/403",2026-07-27T17:29:04.889471
petitmarocain,bd6t51373841,,failed,0,0,,http_manifest,known,403,manifest,"Client error '403 ' for url 'https://openapiproext.bnf.fr/iiif/presentation/v3/ark:/12148/bd6t51373841/manifest.json'
For more information check: https://developer.mozilla.org/en-US/docs/Web/HTTP/Status/403",2026-07-27T17:29:06.090963
petitmarocain,bd6t5137385d,,failed,0,0,,http_manifest,known,403,manifest,"Client error '403 ' for url 'https://openapiproext.bnf.fr/iiif/presentation/v3/ark:/12148/bd6t5137385d/manifest.json'
For more information check: https://developer.mozilla.org/en-US/docs/Web/HTTP/Status/403",2026-07-27T17:29:07.293123
petitmarocain,bd6t5137386s,,failed,0,0,,http_manifest,known,403,manifest,"Client error '403 ' for url 'https://openapiproext.bnf.fr/iiif/presentation/v3/ark:/12148/bd6t5137386s/manifest.json'
For more information check: https://developer.mozilla.org/en-US/docs/Web/HTTP/Status/403",2026-07-27T17:29:08.490815
petitmarocain,bd6t51373875,,failed,0,0,,http_manifest,known,403,manifest,"Client error '403 ' for url 'https://openapiproext.bnf.fr/iiif/presentation/v3/ark:/12148/bd6t51373875/manifest.json'
For more information check: https://developer.mozilla.org/en-US/docs/Web/HTTP/Status/403",2026-07-27T17:29:09.708695
petitmarocain,bd6t5137388j,,failed,0,0,,http_manifest,known,403,manifest,"Client error '403 ' for url 'https://openapiproext.bnf.fr/iiif/presentation/v3/ark:/12148/bd6t5137388j/manifest.json'
For more information check: https://developer.mozilla.org/en-US/docs/Web/HTTP/Status/403",2026-07-27T17:29:10.897263
petitmarocain,bd6t5137389x,,failed,0,0,,http_manifest,known,403,manifest,"Client error '403 ' for url 'https://openapiproext.bnf.fr/iiif/presentation/v3/ark:/12148/bd6t5137389x/manifest.json'
For more information check: https://developer.mozilla.org/en-US/docs/Web/HTTP/Status/403",2026-07-27T17:29:12.095797
petitmarocain,bd6t5137390v,,failed,0,0,,http_manifest,known,403,manifest,"Client error '403 ' for url 'https://openapiproext.bnf.fr/iiif/presentation/v3/ark:/12148/bd6t5137390v/manifest.json'
For more information check: https://developer.mozilla.org/en-US/docs/Web/HTTP/Status/403",2026-07-27T17:29:13.299610
petitmarocain,bd6t51373917,,failed,0,0,,http_manifest,known,403,manifest,"Client error '403 ' for url 'https://openapiproext.bnf.fr/iiif/presentation/v3/ark:/12148/bd6t51373917/manifest.json'
For more information check: https://developer.mozilla.org/en-US/docs/Web/HTTP/Status/403",2026-07-27T17:29:14.504307
petitmarocain,bd6t5137392m,,failed,0,0,,http_manifest,known,403,manifest,"Client error '403 ' for url 'https://openapiproext.bnf.fr/iiif/presentation/v3/ark:/12148/bd6t5137392m/manifest.json'
For more information check: https://developer.mozilla.org/en-US/docs/Web/HTTP/Status/403",2026-07-27T17:29:15.703771
petitmarocain,bd6t51373930,,failed,0,0,,http_manifest,known,403,manifest,"Client error '403 ' for url 'https://openapiproext.bnf.fr/iiif/presentation/v3/ark:/12148/bd6t51373930/manifest.json'
For more information check: https://developer.mozilla.org/en-US/docs/Web/HTTP/Status/403",2026-07-27T17:29:16.904376
petitmarocain,bd6t5137394c,,failed,0,0,,http_manifest,known,403,manifest,"Client error '403 ' for url 'https://openapiproext.bnf.fr/iiif/presentation/v3/ark:/12148/bd6t5137394c/manifest.json'
For more information check: https://developer.mozilla.org/en-US/docs/Web/HTTP/Status/403",2026-07-27T17:29:18.104345
petitmarocain,bd6t5137395r,,failed,0,0,,http_manifest,known,403,manifest,"Client error '403 ' for url 'https://openapiproext.bnf.fr/iiif/presentation/v3/ark:/12148/bd6t5137395r/manifest.json'
For more information check: https://developer.mozilla.org/en-US/docs/Web/HTTP/Status/403",2026-07-27T17:29:19.311758
petitmarocain,bd6t51373964,,failed,0,0,,http_manifest,known,403,manifest,"Client error '403 ' for url 'https://openapiproext.bnf.fr/iiif/presentation/v3/ark:/12148/bd6t51373964/manifest.json'
For more information check: https://developer.mozilla.org/en-US/docs/Web/HTTP/Status/403",2026-07-27T17:29:20.509803
petitmarocain,bd6t5137397h,,failed,0,0,,http_manifest,known,403,manifest,"Client error '403 ' for url 'https://openapiproext.bnf.fr/iiif/presentation/v3/ark:/12148/bd6t5137397h/manifest.json'
For more information check: https://developer.mozilla.org/en-US/docs/Web/HTTP/Status/403",2026-07-27T17:29:21.730823
petitmarocain,bd6t5137398w,,failed,0,0,,http_manifest,known,403,manifest,"Client error '403 ' for url 'https://openapiproext.bnf.fr/iiif/presentation/v3/ark:/12148/bd6t5137398w/manifest.json'
For more information check: https://developer.mozilla.org/en-US/docs/Web/HTTP/Status/403",2026-07-27T17:29:22.913371
petitmarocain,bd6t51373998,,failed,0,0,,http_manifest,known,403,manifest,"Client error '403 ' for url 'https://openapiproext.bnf.fr/iiif/presentation/v3/ark:/12148/bd6t51373998/manifest.json'
For more information check: https://developer.mozilla.org/en-US/docs/Web/HTTP/Status/403",2026-07-27T17:29:24.117448
petitmarocain,bd6t51374002,,failed,0,0,,http_manifest,known,403,manifest,"Client error '403 ' for url 'https://openapiproext.bnf.fr/iiif/presentation/v3/ark:/12148/bd6t51374002/manifest.json'
For more information check: https://developer.mozilla.org/en-US/docs/Web/HTTP/Status/403",2026-07-27T17:29:25.325874
petitmarocain,bd6t5137401f,,failed,0,0,,http_manifest,known,403,manifest,"Client error '403 ' for url 'https://openapiproext.bnf.fr/iiif/presentation/v3/ark:/12148/bd6t5137401f/manifest.json'
For more information check: https://developer.mozilla.org/en-US/docs/Web/HTTP/Status/403",2026-07-27T17:29:26.528256
petitmarocain,bd6t5137402t,,failed,0,0,,http_manifest,known,403,manifest,"Client error '403 ' for url 'https://openapiproext.bnf.fr/iiif/presentation/v3/ark:/12148/bd6t5137402t/manifest.json'
For more information check: https://developer.mozilla.org/en-US/docs/Web/HTTP/Status/403",2026-07-27T17:29:27.732348
petitmarocain,bd6t51374036,,failed,0,0,,http_manifest,known,403,manifest,"Client error '403 ' for url 'https://openapiproext.bnf.fr/iiif/presentation/v3/ark:/12148/bd6t51374036/manifest.json'
For more information check: https://developer.mozilla.org/en-US/docs/Web/HTTP/Status/403",2026-07-27T17:29:28.924568
petitmarocain,bd6t5137404k,,failed,0,0,,http_manifest,known,403,manifest,"Client error '403 ' for url 'https://openapiproext.bnf.fr/iiif/presentation/v3/ark:/12148/bd6t5137404k/manifest.json'
For more information check: https://developer.mozilla.org/en-US/docs/Web/HTTP/Status/403",2026-07-27T17:29:30.298660
petitmarocain,bd6t5137405z,,failed,0,0,,http_manifest,known,403,manifest,"Client error '403 ' for url 'https://openapiproext.bnf.fr/iiif/presentation/v3/ark:/12148/bd6t5137405z/manifest.json'
For more information check: https://developer.mozilla.org/en-US/docs/Web/HTTP/Status/403",2026-07-27T17:29:31.342433
petitmarocain,bd6t5137406b,,failed,0,0,,http_manifest,known,403,manifest,"Client error '403 ' for url 'https://openapiproext.bnf.fr/iiif/presentation/v3/ark:/12148/bd6t5137406b/manifest.json'
For more information check: https://developer.mozilla.org/en-US/docs/Web/HTTP/Status/403",2026-07-27T17:29:32.536339
petitmarocain,bd6t5137407q,,failed,0,0,,http_manifest,known,403,manifest,"Client error '403 ' for url 'https://openapiproext.bnf.fr/iiif/presentation/v3/ark:/12148/bd6t5137407q/manifest.json'
For more information check: https://developer.mozilla.org/en-US/docs/Web/HTTP/Status/403",2026-07-27T17:29:33.959720
petitmarocain,bd6t51374083,,failed,0,0,,http_manifest,known,403,manifest,"Client error '403 ' for url 'https://openapiproext.bnf.fr/iiif/presentation/v3/ark:/12148/bd6t51374083/manifest.json'
For more information check: https://developer.mozilla.org/en-US/docs/Web/HTTP/Status/403",2026-07-27T17:29:34.929326
petitmarocain,bd6t5137409g,,failed,0,0,,http_manifest,known,403,manifest,"Client error '403 ' for url 'https://openapiproext.bnf.fr/iiif/presentation/v3/ark:/12148/bd6t5137409g/manifest.json'
For more information check: https://developer.mozilla.org/en-US/docs/Web/HTTP/Status/403",2026-07-27T17:29:36.168620
petitmarocain,bd6t5137410d,,failed,0,0,,http_manifest,known,403,manifest,"Client error '403 ' for url 'https://openapiproext.bnf.fr/iiif/presentation/v3/ark:/12148/bd6t5137410d/manifest.json'
For more information check: https://developer.mozilla.org/en-US/docs/Web/HTTP/Status/403",2026-07-27T17:29:37.476442
petitmarocain,bd6t5137411s,,failed,0,0,,http_manifest,known,403,manifest,"Client error '403 ' for url 'https://openapiproext.bnf.fr/iiif/presentation/v3/ark:/12148/bd6t5137411s/manifest.json'
For more information check: https://developer.mozilla.org/en-US/docs/Web/HTTP/Status/403",2026-07-27T17:29:38.634935
petitmarocain,bd6t51374125,,failed,0,0,,http_manifest,known,403,manifest,"Client error '403 ' for url 'https://openapiproext.bnf.fr/iiif/presentation/v3/ark:/12148/bd6t51374125/manifest.json'
For more information check: https://developer.mozilla.org/en-US/docs/Web/HTTP/Status/403",2026-07-27T17:29:39.775632
petitmarocain,bd6t5137413j,,failed,0,0,,http_manifest,known,403,manifest,"Client error '403 ' for url 'https://openapiproext.bnf.fr/iiif/presentation/v3/ark:/12148/bd6t5137413j/manifest.json'
For more information check: https://developer.mozilla.org/en-US/docs/Web/HTTP/Status/403",2026-07-27T17:29:40.935941
petitmarocain,bd6t5137414x,,failed,0,0,,http_manifest,known,403,manifest,"Client error '403 ' for url 'https://openapiproext.bnf.fr/iiif/presentation/v3/ark:/12148/bd6t5137414x/manifest.json'
For more information check: https://developer.mozilla.org/en-US/docs/Web/HTTP/Status/403",2026-07-27T17:29:42.209430
petitmarocain,bd6t51374159,,failed,0,0,,http_manifest,known,403,manifest,"Client error '403 ' for url 'https://openapiproext.bnf.fr/iiif/presentation/v3/ark:/12148/bd6t51374159/manifest.json'
For more information check: https://developer.mozilla.org/en-US/docs/Web/HTTP/Status/403",2026-07-27T17:29:43.514575
petitmarocain,bd6t5137416p,,failed,0,0,,http_manifest,known,403,manifest,"Client error '403 ' for url 'https://openapiproext.bnf.fr/iiif/presentation/v3/ark:/12148/bd6t5137416p/manifest.json'
For more information check: https://developer.mozilla.org/en-US/docs/Web/HTTP/Status/403",2026-07-27T17:29:44.551827
petitmarocain,bd6t51374172,,failed,0,0,,http_manifest,known,403,manifest,"Client error '403 ' for url 'https://openapiproext.bnf.fr/iiif/presentation/v3/ark:/12148/bd6t51374172/manifest.json'
For more information check: https://developer.mozilla.org/en-US/docs/Web/HTTP/Status/403",2026-07-27T17:29:45.824139
petitmarocain,bd6t5137418f,,failed,0,0,,http_manifest,known,403,manifest,"Client error '403 ' for url 'https://openapiproext.bnf.fr/iiif/presentation/v3/ark:/12148/bd6t5137418f/manifest.json'
For more information check: https://developer.mozilla.org/en-US/docs/Web/HTTP/Status/403",2026-07-27T17:29:46.957170
petitmarocain,bd6t5137419t,,failed,0,0,,http_manifest,known,403,manifest,"Client error '403 ' for url 'https://openapiproext.bnf.fr/iiif/presentation/v3/ark:/12148/bd6t5137419t/manifest.json'
For more information check: https://developer.mozilla.org/en-US/docs/Web/HTTP/Status/403",2026-07-27T17:29:48.207919
petitmarocain,bd6t5137420r,,failed,0,0,,http_manifest,known,403,manifest,"Client error '403 ' for url 'https://openapiproext.bnf.fr/iiif/presentation/v3/ark:/12148/bd6t5137420r/manifest.json'
For more information check: https://developer.mozilla.org/en-US/docs/Web/HTTP/Status/403",2026-07-27T17:29:49.375054
petitmarocain,bd6t51374214,,failed,0,0,,http_manifest,known,403,manifest,"Client error '403 ' for url 'https://openapiproext.bnf.fr/iiif/presentation/v3/ark:/12148/bd6t51374214/manifest.json'
For more information check: https://developer.mozilla.org/en-US/docs/Web/HTTP/Status/403",2026-07-27T17:29:50.556562
petitmarocain,bd6t5137422h,,failed,0,0,,http_manifest,known,403,manifest,"Client error '403 ' for url 'https://openapiproext.bnf.fr/iiif/presentation/v3/ark:/12148/bd6t5137422h/manifest.json'
For more information check: https://developer.mozilla.org/en-US/docs/Web/HTTP/Status/403",2026-07-27T17:29:51.759365
petitmarocain,bd6t5137423w,,failed,0,0,,http_manifest,known,403,manifest,"Client error '403 ' for url 'https://openapiproext.bnf.fr/iiif/presentation/v3/ark:/12148/bd6t5137423w/manifest.json'
For more information check: https://developer.mozilla.org/en-US/docs/Web/HTTP/Status/403",2026-07-27T17:29:52.958374
petitmarocain,bd6t51374248,,failed,0,0,,http_manifest,known,403,manifest,"Client error '403 ' for url 'https://openapiproext.bnf.fr/iiif/presentation/v3/ark:/12148/bd6t51374248/manifest.json'
For more information check: https://developer.mozilla.org/en-US/docs/Web/HTTP/Status/403",2026-07-27T17:29:54.178953
petitmarocain,bd6t5137425n,,failed,0,0,,http_manifest,known,403,manifest,"Client error '403 ' for url 'https://openapiproext.bnf.fr/iiif/presentation/v3/ark:/12148/bd6t5137425n/manifest.json'
For more information check: https://developer.mozilla.org/en-US/docs/Web/HTTP/Status/403",2026-07-27T17:29:55.371715
petitmarocain,bd6t51374261,,failed,0,0,,http_manifest,known,403,manifest,"Client error '403 ' for url 'https://openapiproext.bnf.fr/iiif/presentation/v3/ark:/12148/bd6t51374261/manifest.json'
For more information check: https://developer.mozilla.org/en-US/docs/Web/HTTP/Status/403",2026-07-27T17:29:56.557085
petitmarocain,bd6t5137427d,,failed,0,0,,http_manifest,known,403,manifest,"Client error '403 ' for url 'https://openapiproext.bnf.fr/iiif/presentation/v3/ark:/12148/bd6t5137427d/manifest.json'
For more information check: https://developer.mozilla.org/en-US/docs/Web/HTTP/Status/403",2026-07-27T17:29:57.763314
petitmarocain,bd6t5137428s,,failed,0,0,,http_manifest,known,403,manifest,"Client error '403 ' for url 'https://openapiproext.bnf.fr/iiif/presentation/v3/ark:/12148/bd6t5137428s/manifest.json'
For more information check: https://developer.mozilla.org/en-US/docs/Web/HTTP/Status/403",2026-07-27T17:29:58.966140
petitmarocain,bd6t51374295,,failed,0,0,,http_manifest,known,403,manifest,"Client error '403 ' for url 'https://openapiproext.bnf.fr/iiif/presentation/v3/ark:/12148/bd6t51374295/manifest.json'
For more information check: https://developer.mozilla.org/en-US/docs/Web/HTTP/Status/403",2026-07-27T17:30:00.163317
petitmarocain,bd6t51374303,,failed,0,0,,http_manifest,known,403,manifest,"Client error '403 ' for url 'https://openapiproext.bnf.fr/iiif/presentation/v3/ark:/12148/bd6t51374303/manifest.json'
For more information check: https://developer.mozilla.org/en-US/docs/Web/HTTP/Status/403",2026-07-27T17:30:01.369691
petitmarocain,bd6t5137431g,,failed,0,0,,http_manifest,known,403,manifest,"Client error '403 ' for url 'https://openapiproext.bnf.fr/iiif/presentation/v3/ark:/12148/bd6t5137431g/manifest.json'
For more information check: https://developer.mozilla.org/en-US/docs/Web/HTTP/Status/403",2026-07-27T17:30:02.570603
petitmarocain,bd6t5137432v,,failed,0,0,,http_manifest,known,403,manifest,"Client error '403 ' for url 'https://openapiproext.bnf.fr/iiif/presentation/v3/ark:/12148/bd6t5137432v/manifest.json'
For more information check: https://developer.mozilla.org/en-US/docs/Web/HTTP/Status/403",2026-07-27T17:30:03.777632
petitmarocain,bd6t51374337,,failed,0,0,,http_manifest,known,403,manifest,"Client error '403 ' for url 'https://openapiproext.bnf.fr/iiif/presentation/v3/ark:/12148/bd6t51374337/manifest.json'
For more information check: https://developer.mozilla.org/en-US/docs/Web/HTTP/Status/403",2026-07-27T17:30:04.977151
petitmarocain,bd6t5137434m,,failed,0,0,,http_manifest,known,403,manifest,"Client error '403 ' for url 'https://openapiproext.bnf.fr/iiif/presentation/v3/ark:/12148/bd6t5137434m/manifest.json'
For more information check: https://developer.mozilla.org/en-US/docs/Web/HTTP/Status/403",2026-07-27T17:30:06.210526
petitmarocain,bd6t51374350,,failed,0,0,,http_manifest,known,403,manifest,"Client error '403 ' for url 'https://openapiproext.bnf.fr/iiif/presentation/v3/ark:/12148/bd6t51374350/manifest.json'
For more information check: https://developer.mozilla.org/en-US/docs/Web/HTTP/Status/403",2026-07-27T17:30:07.382426
petitmarocain,bd6t5137436c,,failed,0,0,,http_manifest,known,403,manifest,"Client error '403 ' for url 'https://openapiproext.bnf.fr/iiif/presentation/v3/ark:/12148/bd6t5137436c/manifest.json'
For more information check: https://developer.mozilla.org/en-US/docs/Web/HTTP/Status/403",2026-07-27T17:30:08.589158
petitmarocain,bd6t5137437r,,failed,0,0,,http_manifest,known,403,manifest,"Client error '403 ' for url 'https://openapiproext.bnf.fr/iiif/presentation/v3/ark:/12148/bd6t5137437r/manifest.json'
For more information check: https://developer.mozilla.org/en-US/docs/Web/HTTP/Status/403",2026-07-27T17:30:09.777703
petitmarocain,bd6t51374384,,failed,0,0,,http_manifest,known,403,manifest,"Client error '403 ' for url 'https://openapiproext.bnf.fr/iiif/presentation/v3/ark:/12148/bd6t51374384/manifest.json'
For more information check: https://developer.mozilla.org/en-US/docs/Web/HTTP/Status/403",2026-07-27T17:30:10.988739
petitmarocain,bd6t5137439h,,failed,0,0,,http_manifest,known,403,manifest,"Client error '403 ' for url 'https://openapiproext.bnf.fr/iiif/presentation/v3/ark:/12148/bd6t5137439h/manifest.json'
For more information check: https://developer.mozilla.org/en-US/docs/Web/HTTP/Status/403",2026-07-27T17:30:12.215633
petitmarocain,bd6t5137440f,,failed,0,0,,http_manifest,known,403,manifest,"Client error '403 ' for url 'https://openapiproext.bnf.fr/iiif/presentation/v3/ark:/12148/bd6t5137440f/manifest.json'
For more information check: https://developer.mozilla.org/en-US/docs/Web/HTTP/Status/403",2026-07-27T17:30:13.384962
petitmarocain,bd6t5137441t,,failed,0,0,,http_manifest,known,403,manifest,"Client error '403 ' for url 'https://openapiproext.bnf.fr/iiif/presentation/v3/ark:/12148/bd6t5137441t/manifest.json'
For more information check: https://developer.mozilla.org/en-US/docs/Web/HTTP/Status/403",2026-07-27T17:30:14.586100
petitmarocain,bd6t51374426,,failed,0,0,,http_manifest,known,403,manifest,"Client error '403 ' for url 'https://openapiproext.bnf.fr/iiif/presentation/v3/ark:/12148/bd6t51374426/manifest.json'
For more information check: https://developer.mozilla.org/en-US/docs/Web/HTTP/Status/403",2026-07-27T17:30:15.788050
petitmarocain,bd6t5137443k,,failed,0,0,,http_manifest,known,403,manifest,"Client error '403 ' for url 'https://openapiproext.bnf.fr/iiif/presentation/v3/ark:/12148/bd6t5137443k/manifest.json'
For more information check: https://developer.mozilla.org/en-US/docs/Web/HTTP/Status/403",2026-07-27T17:30:16.997584
petitmarocain,bd6t5137444z,,failed,0,0,,http_manifest,known,403,manifest,"Client error '403 ' for url 'https://openapiproext.bnf.fr/iiif/presentation/v3/ark:/12148/bd6t5137444z/manifest.json'
For more information check: https://developer.mozilla.org/en-US/docs/Web/HTTP/Status/403",2026-07-27T17:30:18.195044
petitmarocain,bd6t5137445b,,failed,0,0,,http_manifest,known,403,manifest,"Client error '403 ' for url 'https://openapiproext.bnf.fr/iiif/presentation/v3/ark:/12148/bd6t5137445b/manifest.json'
For more information check: https://developer.mozilla.org/en-US/docs/Web/HTTP/Status/403",2026-07-27T17:30:19.399705
petitmarocain,bd6t5137446q,,failed,0,0,,http_manifest,known,403,manifest,"Client error '403 ' for url 'https://openapiproext.bnf.fr/iiif/presentation/v3/ark:/12148/bd6t5137446q/manifest.json'
For more information check: https://developer.mozilla.org/en-US/docs/Web/HTTP/Status/403",2026-07-27T17:30:20.592653
petitmarocain,bd6t51374473,,failed,0,0,,http_manifest,known,403,manifest,"Client error '403 ' for url 'https://openapiproext.bnf.fr/iiif/presentation/v3/ark:/12148/bd6t51374473/manifest.json'
For more information check: https://developer.mozilla.org/en-US/docs/Web/HTTP/Status/403",2026-07-27T17:30:21.804967
petitmarocain,bd6t5137448g,,failed,0,0,,http_manifest,known,403,manifest,"Client error '403 ' for url 'https://openapiproext.bnf.fr/iiif/presentation/v3/ark:/12148/bd6t5137448g/manifest.json'
For more information check: https://developer.mozilla.org/en-US/docs/Web/HTTP/Status/403",2026-07-27T17:30:23.003752
petitmarocain,bd6t5137449v,,failed,0,0,,http_manifest,known,403,manifest,"Client error '403 ' for url 'https://openapiproext.bnf.fr/iiif/presentation/v3/ark:/12148/bd6t5137449v/manifest.json'
For more information check: https://developer.mozilla.org/en-US/docs/Web/HTTP/Status/403",2026-07-27T17:30:24.221444
petitmarocain,bd6t5137450s,,failed,0,0,,http_manifest,known,403,manifest,"Client error '403 ' for url 'https://openapiproext.bnf.fr/iiif/presentation/v3/ark:/12148/bd6t5137450s/manifest.json'
For more information check: https://developer.mozilla.org/en-US/docs/Web/HTTP/Status/403",2026-07-27T17:30:25.409932
petitmarocain,bd6t51374515,,failed,0,0,,http_manifest,known,403,manifest,"Client error '403 ' for url 'https://openapiproext.bnf.fr/iiif/presentation/v3/ark:/12148/bd6t51374515/manifest.json'
For more information check: https://developer.mozilla.org/en-US/docs/Web/HTTP/Status/403",2026-07-27T17:30:26.614042
petitmarocain,bd6t5137452j,,failed,0,0,,http_manifest,known,403,manifest,"Client error '403 ' for url 'https://openapiproext.bnf.fr/iiif/presentation/v3/ark:/12148/bd6t5137452j/manifest.json'
For more information check: https://developer.mozilla.org/en-US/docs/Web/HTTP/Status/403",2026-07-27T17:30:27.818678
petitmarocain,bd6t5137453x,,failed,0,0,,http_manifest,known,403,manifest,"Client error '403 ' for url 'https://openapiproext.bnf.fr/iiif/presentation/v3/ark:/12148/bd6t5137453x/manifest.json'
For more information check: https://developer.mozilla.org/en-US/docs/Web/HTTP/Status/403",2026-07-27T17:30:29.015176
petitmarocain,bd6t51374549,,failed,0,0,,http_manifest,known,403,manifest,"Client error '403 ' for url 'https://openapiproext.bnf.fr/iiif/presentation/v3/ark:/12148/bd6t51374549/manifest.json'
For more information check: https://developer.mozilla.org/en-US/docs/Web/HTTP/Status/403",2026-07-27T17:30:30.257421
petitmarocain,bd6t5137455p,,failed,0,0,,http_manifest,known,403,manifest,"Client error '403 ' for url 'https://openapiproext.bnf.fr/iiif/presentation/v3/ark:/12148/bd6t5137455p/manifest.json'
For more information check: https://developer.mozilla.org/en-US/docs/Web/HTTP/Status/403",2026-07-27T17:30:31.545858
petitmarocain,bd6t51374562,,failed,0,0,,http_manifest,known,403,manifest,"Client error '403 ' for url 'https://openapiproext.bnf.fr/iiif/presentation/v3/ark:/12148/bd6t51374562/manifest.json'
For more information check: https://developer.mozilla.org/en-US/docs/Web/HTTP/Status/403",2026-07-27T17:30:32.618782
petitmarocain,bd6t5137457f,,failed,0,0,,http_manifest,known,403,manifest,"Client error '403 ' for url 'https://openapiproext.bnf.fr/iiif/presentation/v3/ark:/12148/bd6t5137457f/manifest.json'
For more information check: https://developer.mozilla.org/en-US/docs/Web/HTTP/Status/403",2026-07-27T17:30:33.821064
petitmarocain,bd6t5137458t,,failed,0,0,,http_manifest,known,403,manifest,"Client error '403 ' for url 'https://openapiproext.bnf.fr/iiif/presentation/v3/ark:/12148/bd6t5137458t/manifest.json'
For more information check: https://developer.mozilla.org/en-US/docs/Web/HTTP/Status/403",2026-07-27T17:30:35.030724
petitmarocain,bd6t51374596,,failed,0,0,,http_manifest,known,403,manifest,"Client error '403 ' for url 'https://openapiproext.bnf.fr/iiif/presentation/v3/ark:/12148/bd6t51374596/manifest.json'
For more information check: https://developer.mozilla.org/en-US/docs/Web/HTTP/Status/403",2026-07-27T17:30:36.480376
petitmarocain,bd6t51374604,,failed,0,0,,http_manifest,known,403,manifest,"Client error '403 ' for url 'https://openapiproext.bnf.fr/iiif/presentation/v3/ark:/12148/bd6t51374604/manifest.json'
For more information check: https://developer.mozilla.org/en-US/docs/Web/HTTP/Status/403",2026-07-27T17:30:37.701007
petitmarocain,bd6t5137461h,,failed,0,0,,http_manifest,known,403,manifest,"Client error '403 ' for url 'https://openapiproext.bnf.fr/iiif/presentation/v3/ark:/12148/bd6t5137461h/manifest.json'
For more information check: https://developer.mozilla.org/en-US/docs/Web/HTTP/Status/403",2026-07-27T17:30:38.892963
petitmarocain,bd6t5137462w,,failed,0,0,,http_manifest,known,403,manifest,"Client error '403 ' for url 'https://openapiproext.bnf.fr/iiif/presentation/v3/ark:/12148/bd6t5137462w/manifest.json'
For more information check: https://developer.mozilla.org/en-US/docs/Web/HTTP/Status/403",2026-07-27T17:30:39.947603
petitmarocain,bd6t51374638,,failed,0,0,,http_manifest,known,403,manifest,"Client error '403 ' for url 'https://openapiproext.bnf.fr/iiif/presentation/v3/ark:/12148/bd6t51374638/manifest.json'
For more information check: https://developer.mozilla.org/en-US/docs/Web/HTTP/Status/403",2026-07-27T17:30:41.129280
petitmarocain,bd6t5137464n,,failed,0,0,,http_manifest,known,403,manifest,"Client error '403 ' for url 'https://openapiproext.bnf.fr/iiif/presentation/v3/ark:/12148/bd6t5137464n/manifest.json'
For more information check: https://developer.mozilla.org/en-US/docs/Web/HTTP/Status/403",2026-07-27T17:30:42.513863
petitmarocain,bd6t51374651,,failed,0,0,,http_manifest,known,403,manifest,"Client error '403 ' for url 'https://openapiproext.bnf.fr/iiif/presentation/v3/ark:/12148/bd6t51374651/manifest.json'
For more information check: https://developer.mozilla.org/en-US/docs/Web/HTTP/Status/403",2026-07-27T17:30:43.536046
petitmarocain,bd6t5137466d,,failed,0,0,,http_manifest,known,403,manifest,"Client error '403 ' for url 'https://openapiproext.bnf.fr/iiif/presentation/v3/ark:/12148/bd6t5137466d/manifest.json'
For more information check: https://developer.mozilla.org/en-US/docs/Web/HTTP/Status/403",2026-07-27T17:30:44.651155
petitmarocain,bd6t5137467s,,failed,0,0,,http_manifest,known,403,manifest,"Client error '403 ' for url 'https://openapiproext.bnf.fr/iiif/presentation/v3/ark:/12148/bd6t5137467s/manifest.json'
For more information check: https://developer.mozilla.org/en-US/docs/Web/HTTP/Status/403",2026-07-27T17:30:45.856780
petitmarocain,bd6t51374685,,failed,0,0,,http_manifest,known,403,manifest,"Client error '403 ' for url 'https://openapiproext.bnf.fr/iiif/presentation/v3/ark:/12148/bd6t51374685/manifest.json'
For more information check: https://developer.mozilla.org/en-US/docs/Web/HTTP/Status/403",2026-07-27T17:30:47.168305
petitmarocain,bd6t5137469j,,failed,0,0,,http_manifest,known,403,manifest,"Client error '403 ' for url 'https://openapiproext.bnf.fr/iiif/presentation/v3/ark:/12148/bd6t5137469j/manifest.json'
For more information check: https://developer.mozilla.org/en-US/docs/Web/HTTP/Status/403",2026-07-27T17:30:48.290309
petitmarocain,bd6t5137470g,,failed,0,0,,http_manifest,known,403,manifest,"Client error '403 ' for url 'https://openapiproext.bnf.fr/iiif/presentation/v3/ark:/12148/bd6t5137470g/manifest.json'
For more information check: https://developer.mozilla.org/en-US/docs/Web/HTTP/Status/403",2026-07-27T17:30:49.765208
petitmarocain,bd6t5137471v,,failed,0,0,,http_manifest,known,403,manifest,"Client error '403 ' for url 'https://openapiproext.bnf.fr/iiif/presentation/v3/ark:/12148/bd6t5137471v/manifest.json'
For more information check: https://developer.mozilla.org/en-US/docs/Web/HTTP/Status/403",2026-07-27T17:30:50.673566
petitmarocain,bd6t51374727,,failed,0,0,,http_manifest,known,403,manifest,"Client error '403 ' for url 'https://openapiproext.bnf.fr/iiif/presentation/v3/ark:/12148/bd6t51374727/manifest.json'
For more information check: https://developer.mozilla.org/en-US/docs/Web/HTTP/Status/403",2026-07-27T17:30:51.856314
petitmarocain,bd6t5137473m,,failed,0,0,,http_manifest,known,403,manifest,"Client error '403 ' for url 'https://openapiproext.bnf.fr/iiif/presentation/v3/ark:/12148/bd6t5137473m/manifest.json'
For more information check: https://developer.mozilla.org/en-US/docs/Web/HTTP/Status/403",2026-07-27T17:30:53.047074
petitmarocain,bd6t51374740,,failed,0,0,,http_manifest,known,403,manifest,"Client error '403 ' for url 'https://openapiproext.bnf.fr/iiif/presentation/v3/ark:/12148/bd6t51374740/manifest.json'
For more information check: https://developer.mozilla.org/en-US/docs/Web/HTTP/Status/403",2026-07-27T17:30:54.267533
petitmarocain,bd6t5137475c,,failed,0,0,,http_manifest,known,403,manifest,"Client error '403 ' for url 'https://openapiproext.bnf.fr/iiif/presentation/v3/ark:/12148/bd6t5137475c/manifest.json'
For more information check: https://developer.mozilla.org/en-US/docs/Web/HTTP/Status/403",2026-07-27T17:30:55.454054
petitmarocain,bd6t5137476r,,failed,0,0,,http_manifest,known,403,manifest,"Client error '403 ' for url 'https://openapiproext.bnf.fr/iiif/presentation/v3/ark:/12148/bd6t5137476r/manifest.json'
For more information check: https://developer.mozilla.org/en-US/docs/Web/HTTP/Status/403",2026-07-27T17:30:56.644528
petitmarocain,bd6t51374774,,failed,0,0,,http_manifest,known,403,manifest,"Client error '403 ' for url 'https://openapiproext.bnf.fr/iiif/presentation/v3/ark:/12148/bd6t51374774/manifest.json'
For more information check: https://developer.mozilla.org/en-US/docs/Web/HTTP/Status/403",2026-07-27T17:30:57.847407
petitmarocain,bd6t5137478h,,failed,0,0,,http_manifest,known,403,manifest,"Client error '403 ' for url 'https://openapiproext.bnf.fr/iiif/presentation/v3/ark:/12148/bd6t5137478h/manifest.json'
For more information check: https://developer.mozilla.org/en-US/docs/Web/HTTP/Status/403",2026-07-27T17:30:59.050589
petitmarocain,bd6t5137479w,,failed,0,0,,http_manifest,known,403,manifest,"Client error '403 ' for url 'https://openapiproext.bnf.fr/iiif/presentation/v3/ark:/12148/bd6t5137479w/manifest.json'
For more information check: https://developer.mozilla.org/en-US/docs/Web/HTTP/Status/403",2026-07-27T17:31:00.266559
petitmarocain,bd6t5137480t,,failed,0,0,,http_manifest,known,403,manifest,"Client error '403 ' for url 'https://openapiproext.bnf.fr/iiif/presentation/v3/ark:/12148/bd6t5137480t/manifest.json'
For more information check: https://developer.mozilla.org/en-US/docs/Web/HTTP/Status/403",2026-07-27T17:31:01.459819
petitmarocain,bd6t51374816,,failed,0,0,,http_manifest,known,403,manifest,"Client error '403 ' for url 'https://openapiproext.bnf.fr/iiif/presentation/v3/ark:/12148/bd6t51374816/manifest.json'
For more information check: https://developer.mozilla.org/en-US/docs/Web/HTTP/Status/403",2026-07-27T17:31:02.656022
petitmarocain,bd6t5137482k,,failed,0,0,,http_manifest,known,403,manifest,"Client error '403 ' for url 'https://openapiproext.bnf.fr/iiif/presentation/v3/ark:/12148/bd6t5137482k/manifest.json'
For more information check: https://developer.mozilla.org/en-US/docs/Web/HTTP/Status/403",2026-07-27T17:31:03.858065
petitmarocain,bd6t5137483z,,failed,0,0,,http_manifest,known,403,manifest,"Client error '403 ' for url 'https://openapiproext.bnf.fr/iiif/presentation/v3/ark:/12148/bd6t5137483z/manifest.json'
For more information check: https://developer.mozilla.org/en-US/docs/Web/HTTP/Status/403",2026-07-27T17:31:05.055389
petitmarocain,bd6t5137484b,,failed,0,0,,http_manifest,known,403,manifest,"Client error '403 ' for url 'https://openapiproext.bnf.fr/iiif/presentation/v3/ark:/12148/bd6t5137484b/manifest.json'
For more information check: https://developer.mozilla.org/en-US/docs/Web/HTTP/Status/403",2026-07-27T17:31:06.288487
petitmarocain,bd6t5137485q,,failed,0,0,,http_manifest,known,403,manifest,"Client error '403 ' for url 'https://openapiproext.bnf.fr/iiif/presentation/v3/ark:/12148/bd6t5137485q/manifest.json'
For more information check: https://developer.mozilla.org/en-US/docs/Web/HTTP/Status/403",2026-07-27T17:31:07.462730
petitmarocain,bd6t51374863,,failed,0,0,,http_manifest,known,403,manifest,"Client error '403 ' for url 'https://openapiproext.bnf.fr/iiif/presentation/v3/ark:/12148/bd6t51374863/manifest.json'
For more information check: https://developer.mozilla.org/en-US/docs/Web/HTTP/Status/403",2026-07-27T17:31:08.661081
petitmarocain,bd6t5137487g,,failed,0,0,,http_manifest,known,403,manifest,"Client error '403 ' for url 'https://openapiproext.bnf.fr/iiif/presentation/v3/ark:/12148/bd6t5137487g/manifest.json'
For more information check: https://developer.mozilla.org/en-US/docs/Web/HTTP/Status/403",2026-07-27T17:31:09.862598
petitmarocain,bd6t5137488v,,failed,0,0,,http_manifest,known,403,manifest,"Client error '403 ' for url 'https://openapiproext.bnf.fr/iiif/presentation/v3/ark:/12148/bd6t5137488v/manifest.json'
For more information check: https://developer.mozilla.org/en-US/docs/Web/HTTP/Status/403",2026-07-27T17:31:11.068289
petitmarocain,bd6t51374897,,failed,0,0,,http_manifest,known,403,manifest,"Client error '403 ' for url 'https://openapiproext.bnf.fr/iiif/presentation/v3/ark:/12148/bd6t51374897/manifest.json'
For more information check: https://developer.mozilla.org/en-US/docs/Web/HTTP/Status/403",2026-07-27T17:31:12.295410
petitmarocain,bd6t51374905,,failed,0,0,,http_manifest,known,403,manifest,"Client error '403 ' for url 'https://openapiproext.bnf.fr/iiif/presentation/v3/ark:/12148/bd6t51374905/manifest.json'
For more information check: https://developer.mozilla.org/en-US/docs/Web/HTTP/Status/403",2026-07-27T17:31:13.472631
petitmarocain,bd6t5137491j,,failed,0,0,,http_manifest,known,403,manifest,"Client error '403 ' for url 'https://openapiproext.bnf.fr/iiif/presentation/v3/ark:/12148/bd6t5137491j/manifest.json'
For more information check: https://developer.mozilla.org/en-US/docs/Web/HTTP/Status/403",2026-07-27T17:31:14.673000
petitmarocain,bd6t5137492x,,failed,0,0,,http_manifest,known,403,manifest,"Client error '403 ' for url 'https://openapiproext.bnf.fr/iiif/presentation/v3/ark:/12148/bd6t5137492x/manifest.json'
For more information check: https://developer.mozilla.org/en-US/docs/Web/HTTP/Status/403",2026-07-27T17:31:15.869185
petitmarocain,bd6t51374939,,failed,0,0,,http_manifest,known,403,manifest,"Client error '403 ' for url 'https://openapiproext.bnf.fr/iiif/presentation/v3/ark:/12148/bd6t51374939/manifest.json'
For more information check: https://developer.mozilla.org/en-US/docs/Web/HTTP/Status/403",2026-07-27T17:31:17.073457
petitmarocain,bd6t5137494p,,failed,0,0,,http_manifest,known,403,manifest,"Client error '403 ' for url 'https://openapiproext.bnf.fr/iiif/presentation/v3/ark:/12148/bd6t5137494p/manifest.json'
For more information check: https://developer.mozilla.org/en-US/docs/Web/HTTP/Status/403",2026-07-27T17:31:18.277870
petitmarocain,bd6t51374952,,failed,0,0,,http_manifest,known,403,manifest,"Client error '403 ' for url 'https://openapiproext.bnf.fr/iiif/presentation/v3/ark:/12148/bd6t51374952/manifest.json'
For more information check: https://developer.mozilla.org/en-US/docs/Web/HTTP/Status/403",2026-07-27T17:31:19.483520
petitmarocain,bd6t5137496f,,failed,0,0,,http_manifest,known,403,manifest,"Client error '403 ' for url 'https://openapiproext.bnf.fr/iiif/presentation/v3/ark:/12148/bd6t5137496f/manifest.json'
For more information check: https://developer.mozilla.org/en-US/docs/Web/HTTP/Status/403",2026-07-27T17:31:20.672424
petitmarocain,bd6t5137497t,,failed,0,0,,http_manifest,known,403,manifest,"Client error '403 ' for url 'https://openapiproext.bnf.fr/iiif/presentation/v3/ark:/12148/bd6t5137497t/manifest.json'
For more information check: https://developer.mozilla.org/en-US/docs/Web/HTTP/Status/403",2026-07-27T17:31:21.878028
petitmarocain,bd6t51374986,,failed,0,0,,http_manifest,known,403,manifest,"Client error '403 ' for url 'https://openapiproext.bnf.fr/iiif/presentation/v3/ark:/12148/bd6t51374986/manifest.json'
For more information check: https://developer.mozilla.org/en-US/docs/Web/HTTP/Status/403",2026-07-27T17:31:23.083888
petitmarocain,bd6t5137499k,,failed,0,0,,http_manifest,known,403,manifest,"Client error '403 ' for url 'https://openapiproext.bnf.fr/iiif/presentation/v3/ark:/12148/bd6t5137499k/manifest.json'
For more information check: https://developer.mozilla.org/en-US/docs/Web/HTTP/Status/403",2026-07-27T17:31:24.308905
petitmarocain,bd6t5137500c,,failed,0,0,,http_manifest,known,403,manifest,"Client error '403 ' for url 'https://openapiproext.bnf.fr/iiif/presentation/v3/ark:/12148/bd6t5137500c/manifest.json'
For more information check: https://developer.mozilla.org/en-US/docs/Web/HTTP/Status/403",2026-07-27T17:31:25.488353
petitmarocain,bd6t5137501r,,failed,0,0,,http_manifest,known,403,manifest,"Client error '403 ' for url 'https://openapiproext.bnf.fr/iiif/presentation/v3/ark:/12148/bd6t5137501r/manifest.json'
For more information check: https://developer.mozilla.org/en-US/docs/Web/HTTP/Status/403",2026-07-27T17:31:26.688747
petitmarocain,bd6t51375024,,failed,0,0,,http_manifest,known,403,manifest,"Client error '403 ' for url 'https://openapiproext.bnf.fr/iiif/presentation/v3/ark:/12148/bd6t51375024/manifest.json'
For more information check: https://developer.mozilla.org/en-US/docs/Web/HTTP/Status/403",2026-07-27T17:31:27.905477
petitmarocain,bd6t5137503h,,failed,0,0,,http_manifest,known,403,manifest,"Client error '403 ' for url 'https://openapiproext.bnf.fr/iiif/presentation/v3/ark:/12148/bd6t5137503h/manifest.json'
For more information check: https://developer.mozilla.org/en-US/docs/Web/HTTP/Status/403",2026-07-27T17:31:29.259191
petitmarocain,bd6t5137504w,,failed,0,0,,http_manifest,known,403,manifest,"Client error '403 ' for url 'https://openapiproext.bnf.fr/iiif/presentation/v3/ark:/12148/bd6t5137504w/manifest.json'
For more information check: https://developer.mozilla.org/en-US/docs/Web/HTTP/Status/403",2026-07-27T17:31:30.546152
petitmarocain,bd6t51375058,,failed,0,0,,http_manifest,known,403,manifest,"Client error '403 ' for url 'https://openapiproext.bnf.fr/iiif/presentation/v3/ark:/12148/bd6t51375058/manifest.json'
For more information check: https://developer.mozilla.org/en-US/docs/Web/HTTP/Status/403",2026-07-27T17:31:31.615396
petitmarocain,bd6t5137506n,,failed,0,0,,http_manifest,known,403,manifest,"Client error '403 ' for url 'https://openapiproext.bnf.fr/iiif/presentation/v3/ark:/12148/bd6t5137506n/manifest.json'
For more information check: https://developer.mozilla.org/en-US/docs/Web/HTTP/Status/403",2026-07-27T17:31:32.847304
petitmarocain,bd6t51375071,,failed,0,0,,http_manifest,known,403,manifest,"Client error '403 ' for url 'https://openapiproext.bnf.fr/iiif/presentation/v3/ark:/12148/bd6t51375071/manifest.json'
For more information check: https://developer.mozilla.org/en-US/docs/Web/HTTP/Status/403",2026-07-27T17:31:34.023185
petitmarocain,bd6t5137508d,,failed,0,0,,http_manifest,known,403,manifest,"Client error '403 ' for url 'https://openapiproext.bnf.fr/iiif/presentation/v3/ark:/12148/bd6t5137508d/manifest.json'
For more information check: https://developer.mozilla.org/en-US/docs/Web/HTTP/Status/403",2026-07-27T17:31:35.225601
petitmarocain,bd6t5137509s,,failed,0,0,,http_manifest,known,403,manifest,"Client error '403 ' for url 'https://openapiproext.bnf.fr/iiif/presentation/v3/ark:/12148/bd6t5137509s/manifest.json'
For more information check: https://developer.mozilla.org/en-US/docs/Web/HTTP/Status/403",2026-07-27T17:31:36.574514
petitmarocain,bd6t5137510q,,failed,0,0,,http_manifest,known,403,manifest,"Client error '403 ' for url 'https://openapiproext.bnf.fr/iiif/presentation/v3/ark:/12148/bd6t5137510q/manifest.json'
For more information check: https://developer.mozilla.org/en-US/docs/Web/HTTP/Status/403",2026-07-27T17:31:37.782607
petitmarocain,bd6t51375113,,failed,0,0,,http_manifest,known,403,manifest,"Client error '403 ' for url 'https://openapiproext.bnf.fr/iiif/presentation/v3/ark:/12148/bd6t51375113/manifest.json'
For more information check: https://developer.mozilla.org/en-US/docs/Web/HTTP/Status/403",2026-07-27T17:31:38.846130
petitmarocain,bd6t5137512g,,failed,0,0,,http_manifest,known,403,manifest,"Client error '403 ' for url 'https://openapiproext.bnf.fr/iiif/presentation/v3/ark:/12148/bd6t5137512g/manifest.json'
For more information check: https://developer.mozilla.org/en-US/docs/Web/HTTP/Status/403",2026-07-27T17:31:40.007586
petitmarocain,bd6t5137513v,,failed,0,0,,http_manifest,known,403,manifest,"Client error '403 ' for url 'https://openapiproext.bnf.fr/iiif/presentation/v3/ark:/12148/bd6t5137513v/manifest.json'
For more information check: https://developer.mozilla.org/en-US/docs/Web/HTTP/Status/403",2026-07-27T17:31:41.213903
petitmarocain,bd6t51375147,,failed,0,0,,http_manifest,known,403,manifest,"Client error '403 ' for url 'https://openapiproext.bnf.fr/iiif/presentation/v3/ark:/12148/bd6t51375147/manifest.json'
For more information check: https://developer.mozilla.org/en-US/docs/Web/HTTP/Status/403",2026-07-27T17:31:42.387866
petitmarocain,bd6t5137515m,,failed,0,0,,http_manifest,known,403,manifest,"Client error '403 ' for url 'https://openapiproext.bnf.fr/iiif/presentation/v3/ark:/12148/bd6t5137515m/manifest.json'
For more information check: https://developer.mozilla.org/en-US/docs/Web/HTTP/Status/403",2026-07-27T17:31:43.601105
petitmarocain,bd6t51375160,,failed,0,0,,http_manifest,known,403,manifest,"Client error '403 ' for url 'https://openapiproext.bnf.fr/iiif/presentation/v3/ark:/12148/bd6t51375160/manifest.json'
For more information check: https://developer.mozilla.org/en-US/docs/Web/HTTP/Status/403",2026-07-27T17:31:44.730849
petitmarocain,bd6t5137517c,,failed,0,0,,http_manifest,known,403,manifest,"Client error '403 ' for url 'https://openapiproext.bnf.fr/iiif/presentation/v3/ark:/12148/bd6t5137517c/manifest.json'
For more information check: https://developer.mozilla.org/en-US/docs/Web/HTTP/Status/403",2026-07-27T17:31:45.931518
petitmarocain,bd6t5137518r,,failed,0,0,,http_manifest,known,403,manifest,"Client error '403 ' for url 'https://openapiproext.bnf.fr/iiif/presentation/v3/ark:/12148/bd6t5137518r/manifest.json'
For more information check: https://developer.mozilla.org/en-US/docs/Web/HTTP/Status/403",2026-07-27T17:31:47.387766
petitmarocain,bd6t51375194,,failed,0,0,,http_manifest,known,403,manifest,"Client error '403 ' for url 'https://openapiproext.bnf.fr/iiif/presentation/v3/ark:/12148/bd6t51375194/manifest.json'
For more information check: https://developer.mozilla.org/en-US/docs/Web/HTTP/Status/403",2026-07-27T17:31:48.412184
petitmarocain,bd6t51375202,,failed,0,0,,http_manifest,known,403,manifest,"Client error '403 ' for url 'https://openapiproext.bnf.fr/iiif/presentation/v3/ark:/12148/bd6t51375202/manifest.json'
For more information check: https://developer.mozilla.org/en-US/docs/Web/HTTP/Status/403",2026-07-27T17:31:49.526530
petitmarocain,bd6t5137521f,,failed,0,0,,http_manifest,known,403,manifest,"Client error '403 ' for url 'https://openapiproext.bnf.fr/iiif/presentation/v3/ark:/12148/bd6t5137521f/manifest.json'
For more information check: https://developer.mozilla.org/en-US/docs/Web/HTTP/Status/403",2026-07-27T17:31:50.727106
petitmarocain,bd6t5137522t,,failed,0,0,,http_manifest,known,403,manifest,"Client error '403 ' for url 'https://openapiproext.bnf.fr/iiif/presentation/v3/ark:/12148/bd6t5137522t/manifest.json'
For more information check: https://developer.mozilla.org/en-US/docs/Web/HTTP/Status/403",2026-07-27T17:31:52.000486
petitmarocain,bd6t51375236,,failed,0,0,,http_manifest,known,403,manifest,"Client error '403 ' for url 'https://openapiproext.bnf.fr/iiif/presentation/v3/ark:/12148/bd6t51375236/manifest.json'
For more information check: https://developer.mozilla.org/en-US/docs/Web/HTTP/Status/403",2026-07-27T17:31:53.129406
petitmarocain,bd6t5137524k,,failed,0,0,,http_manifest,known,403,manifest,"Client error '403 ' for url 'https://openapiproext.bnf.fr/iiif/presentation/v3/ark:/12148/bd6t5137524k/manifest.json'
For more information check: https://developer.mozilla.org/en-US/docs/Web/HTTP/Status/403",2026-07-27T17:31:54.323555
petitmarocain,bd6t5137525z,,failed,0,0,,http_manifest,known,403,manifest,"Client error '403 ' for url 'https://openapiproext.bnf.fr/iiif/presentation/v3/ark:/12148/bd6t5137525z/manifest.json'
For more information check: https://developer.mozilla.org/en-US/docs/Web/HTTP/Status/403",2026-07-27T17:31:55.532883
petitmarocain,bd6t5137526b,,failed,0,0,,http_manifest,known,403,manifest,"Client error '403 ' for url 'https://openapiproext.bnf.fr/iiif/presentation/v3/ark:/12148/bd6t5137526b/manifest.json'
For more information check: https://developer.mozilla.org/en-US/docs/Web/HTTP/Status/403",2026-07-27T17:31:56.731385
petitmarocain,bd6t5137527q,,failed,0,0,,http_manifest,known,403,manifest,"Client error '403 ' for url 'https://openapiproext.bnf.fr/iiif/presentation/v3/ark:/12148/bd6t5137527q/manifest.json'
For more information check: https://developer.mozilla.org/en-US/docs/Web/HTTP/Status/403",2026-07-27T17:31:57.934480
petitmarocain,bd6t51375283,,failed,0,0,,http_manifest,known,403,manifest,"Client error '403 ' for url 'https://openapiproext.bnf.fr/iiif/presentation/v3/ark:/12148/bd6t51375283/manifest.json'
For more information check: https://developer.mozilla.org/en-US/docs/Web/HTTP/Status/403",2026-07-27T17:31:59.149935
petitmarocain,bd6t5137529g,,failed,0,0,,http_manifest,known,403,manifest,"Client error '403 ' for url 'https://openapiproext.bnf.fr/iiif/presentation/v3/ark:/12148/bd6t5137529g/manifest.json'
For more information check: https://developer.mozilla.org/en-US/docs/Web/HTTP/Status/403",2026-07-27T17:32:00.337078
petitmarocain,bd6t5137530d,,failed,0,0,,http_manifest,known,403,manifest,"Client error '403 ' for url 'https://openapiproext.bnf.fr/iiif/presentation/v3/ark:/12148/bd6t5137530d/manifest.json'
For more information check: https://developer.mozilla.org/en-US/docs/Web/HTTP/Status/403",2026-07-27T17:32:01.538998
petitmarocain,bd6t5137531s,,failed,0,0,,http_manifest,known,403,manifest,"Client error '403 ' for url 'https://openapiproext.bnf.fr/iiif/presentation/v3/ark:/12148/bd6t5137531s/manifest.json'
For more information check: https://developer.mozilla.org/en-US/docs/Web/HTTP/Status/403",2026-07-27T17:32:02.743039
petitmarocain,bd6t51375325,,failed,0,0,,http_manifest,known,403,manifest,"Client error '403 ' for url 'https://openapiproext.bnf.fr/iiif/presentation/v3/ark:/12148/bd6t51375325/manifest.json'
For more information check: https://developer.mozilla.org/en-US/docs/Web/HTTP/Status/403",2026-07-27T17:32:03.945776
petitmarocain,bd6t5137533j,,failed,0,0,,http_manifest,known,403,manifest,"Client error '403 ' for url 'https://openapiproext.bnf.fr/iiif/presentation/v3/ark:/12148/bd6t5137533j/manifest.json'
For more information check: https://developer.mozilla.org/en-US/docs/Web/HTTP/Status/403",2026-07-27T17:32:05.164903
petitmarocain,bd6t5137534x,,failed,0,0,,http_manifest,known,403,manifest,"Client error '403 ' for url 'https://openapiproext.bnf.fr/iiif/presentation/v3/ark:/12148/bd6t5137534x/manifest.json'
For more information check: https://developer.mozilla.org/en-US/docs/Web/HTTP/Status/403",2026-07-27T17:32:06.348419
petitmarocain,bd6t51375359,,failed,0,0,,http_manifest,known,403,manifest,"Client error '403 ' for url 'https://openapiproext.bnf.fr/iiif/presentation/v3/ark:/12148/bd6t51375359/manifest.json'
For more information check: https://developer.mozilla.org/en-US/docs/Web/HTTP/Status/403",2026-07-27T17:32:07.552903
petitmarocain,bd6t5137536p,,failed,0,0,,http_manifest,known,403,manifest,"Client error '403 ' for url 'https://openapiproext.bnf.fr/iiif/presentation/v3/ark:/12148/bd6t5137536p/manifest.json'
For more information check: https://developer.mozilla.org/en-US/docs/Web/HTTP/Status/403",2026-07-27T17:32:08.754015
petitmarocain,bd6t51375372,,failed,0,0,,http_manifest,known,403,manifest,"Client error '403 ' for url 'https://openapiproext.bnf.fr/iiif/presentation/v3/ark:/12148/bd6t51375372/manifest.json'
For more information check: https://developer.mozilla.org/en-US/docs/Web/HTTP/Status/403",2026-07-27T17:32:09.953675
petitmarocain,bd6t5137538f,,failed,0,0,,http_manifest,known,403,manifest,"Client error '403 ' for url 'https://openapiproext.bnf.fr/iiif/presentation/v3/ark:/12148/bd6t5137538f/manifest.json'
For more information check: https://developer.mozilla.org/en-US/docs/Web/HTTP/Status/403",2026-07-27T17:32:11.155643
petitmarocain,bd6t5137539t,,failed,0,0,,http_manifest,known,403,manifest,"Client error '403 ' for url 'https://openapiproext.bnf.fr/iiif/presentation/v3/ark:/12148/bd6t5137539t/manifest.json'
For more information check: https://developer.mozilla.org/en-US/docs/Web/HTTP/Status/403",2026-07-27T17:32:12.377898
petitmarocain,bd6t5137540r,,failed,0,0,,http_manifest,known,403,manifest,"Client error '403 ' for url 'https://openapiproext.bnf.fr/iiif/presentation/v3/ark:/12148/bd6t5137540r/manifest.json'
For more information check: https://developer.mozilla.org/en-US/docs/Web/HTTP/Status/403",2026-07-27T17:32:13.557298
petitmarocain,bd6t51375414,,failed,0,0,,http_manifest,known,403,manifest,"Client error '403 ' for url 'https://openapiproext.bnf.fr/iiif/presentation/v3/ark:/12148/bd6t51375414/manifest.json'
For more information check: https://developer.mozilla.org/en-US/docs/Web/HTTP/Status/403",2026-07-27T17:32:14.753739
petitmarocain,bd6t5137542h,,failed,0,0,,http_manifest,known,403,manifest,"Client error '403 ' for url 'https://openapiproext.bnf.fr/iiif/presentation/v3/ark:/12148/bd6t5137542h/manifest.json'
For more information check: https://developer.mozilla.org/en-US/docs/Web/HTTP/Status/403",2026-07-27T17:32:15.962046
petitmarocain,bd6t5137543w,,failed,0,0,,http_manifest,known,403,manifest,"Client error '403 ' for url 'https://openapiproext.bnf.fr/iiif/presentation/v3/ark:/12148/bd6t5137543w/manifest.json'
For more information check: https://developer.mozilla.org/en-US/docs/Web/HTTP/Status/403",2026-07-27T17:32:17.180756
petitmarocain,bd6t51375448,,failed,0,0,,http_manifest,known,403,manifest,"Client error '403 ' for url 'https://openapiproext.bnf.fr/iiif/presentation/v3/ark:/12148/bd6t51375448/manifest.json'
For more information check: https://developer.mozilla.org/en-US/docs/Web/HTTP/Status/403",2026-07-27T17:32:18.368188
petitmarocain,bd6t5137545n,,failed,0,0,,http_manifest,known,403,manifest,"Client error '403 ' for url 'https://openapiproext.bnf.fr/iiif/presentation/v3/ark:/12148/bd6t5137545n/manifest.json'
For more information check: https://developer.mozilla.org/en-US/docs/Web/HTTP/Status/403",2026-07-27T17:32:19.562237
petitmarocain,bd6t51375461,,failed,0,0,,http_manifest,known,403,manifest,"Client error '403 ' for url 'https://openapiproext.bnf.fr/iiif/presentation/v3/ark:/12148/bd6t51375461/manifest.json'
For more information check: https://developer.mozilla.org/en-US/docs/Web/HTTP/Status/403",2026-07-27T17:32:20.767892
petitmarocain,bd6t51371865,,failed,0,0,,http_manifest,known,403,manifest,"Client error '403 ' for url 'https://openapiproext.bnf.fr/iiif/presentation/v3/ark:/12148/bd6t51371865/manifest.json'
For more information check: https://developer.mozilla.org/en-US/docs/Web/HTTP/Status/403",2026-07-27T17:32:21.966729
petitmarocain,bd6t5137187j,,failed,0,0,,http_manifest,known,403,manifest,"Client error '403 ' for url 'https://openapiproext.bnf.fr/iiif/presentation/v3/ark:/12148/bd6t5137187j/manifest.json'
For more information check: https://developer.mozilla.org/en-US/docs/Web/HTTP/Status/403",2026-07-27T17:32:23.170761
petitmarocain,bd6t5137188x,,failed,0,0,,http_manifest,known,403,manifest,"Client error '403 ' for url 'https://openapiproext.bnf.fr/iiif/presentation/v3/ark:/12148/bd6t5137188x/manifest.json'
For more information check: https://developer.mozilla.org/en-US/docs/Web/HTTP/Status/403",2026-07-27T17:32:24.372029
petitmarocain,bd6t51371899,,failed,0,0,,http_manifest,known,403,manifest,"Client error '403 ' for url 'https://openapiproext.bnf.fr/iiif/presentation/v3/ark:/12148/bd6t51371899/manifest.json'
For more information check: https://developer.mozilla.org/en-US/docs/Web/HTTP/Status/403",2026-07-27T17:32:25.570963
petitmarocain,bd6t51371907,,failed,0,0,,http_manifest,known,403,manifest,"Client error '403 ' for url 'https://openapiproext.bnf.fr/iiif/presentation/v3/ark:/12148/bd6t51371907/manifest.json'
For more information check: https://developer.mozilla.org/en-US/docs/Web/HTTP/Status/403",2026-07-27T17:32:26.776236
petitmarocain,bd6t5137191m,,failed,0,0,,http_manifest,known,403,manifest,"Client error '403 ' for url 'https://openapiproext.bnf.fr/iiif/presentation/v3/ark:/12148/bd6t5137191m/manifest.json'
For more information check: https://developer.mozilla.org/en-US/docs/Web/HTTP/Status/403",2026-07-27T17:32:27.981144
petitmarocain,bd6t51371920,,failed,0,0,,http_manifest,known,403,manifest,"Client error '403 ' for url 'https://openapiproext.bnf.fr/iiif/presentation/v3/ark:/12148/bd6t51371920/manifest.json'
For more information check: https://developer.mozilla.org/en-US/docs/Web/HTTP/Status/403",2026-07-27T17:32:29.363482
petitmarocain,bd6t5137193c,,failed,0,0,,http_manifest,known,403,manifest,"Client error '403 ' for url 'https://openapiproext.bnf.fr/iiif/presentation/v3/ark:/12148/bd6t5137193c/manifest.json'
For more information check: https://developer.mozilla.org/en-US/docs/Web/HTTP/Status/403",2026-07-27T17:32:30.459904
petitmarocain,bd6t5137194r,,failed,0,0,,http_manifest,known,403,manifest,"Client error '403 ' for url 'https://openapiproext.bnf.fr/iiif/presentation/v3/ark:/12148/bd6t5137194r/manifest.json'
For more information check: https://developer.mozilla.org/en-US/docs/Web/HTTP/Status/403",2026-07-27T17:32:31.672140
petitmarocain,bd6t51371954,,failed,0,0,,http_manifest,known,403,manifest,"Client error '403 ' for url 'https://openapiproext.bnf.fr/iiif/presentation/v3/ark:/12148/bd6t51371954/manifest.json'
For more information check: https://developer.mozilla.org/en-US/docs/Web/HTTP/Status/403",2026-07-27T17:32:32.892825
petitmarocain,bd6t5137196h,,failed,0,0,,http_manifest,known,403,manifest,"Client error '403 ' for url 'https://openapiproext.bnf.fr/iiif/presentation/v3/ark:/12148/bd6t5137196h/manifest.json'
For more information check: https://developer.mozilla.org/en-US/docs/Web/HTTP/Status/403",2026-07-27T17:32:34.238230
petitmarocain,bd6t5137197w,,failed,0,0,,http_manifest,known,403,manifest,"Client error '403 ' for url 'https://openapiproext.bnf.fr/iiif/presentation/v3/ark:/12148/bd6t5137197w/manifest.json'
For more information check: https://developer.mozilla.org/en-US/docs/Web/HTTP/Status/403",2026-07-27T17:32:35.761944
petitmarocain,bd6t51371988,,failed,0,0,,http_manifest,known,403,manifest,"Client error '403 ' for url 'https://openapiproext.bnf.fr/iiif/presentation/v3/ark:/12148/bd6t51371988/manifest.json'
For more information check: https://developer.mozilla.org/en-US/docs/Web/HTTP/Status/403",2026-07-27T17:32:36.399290
petitmarocain,bd6t5137199n,,failed,0,0,,http_manifest,known,403,manifest,"Client error '403 ' for url 'https://openapiproext.bnf.fr/iiif/presentation/v3/ark:/12148/bd6t5137199n/manifest.json'
For more information check: https://developer.mozilla.org/en-US/docs/Web/HTTP/Status/403",2026-07-27T17:32:37.777346
petitmarocain,bd6t5137200f,,failed,0,0,,http_manifest,known,403,manifest,"Client error '403 ' for url 'https://openapiproext.bnf.fr/iiif/presentation/v3/ark:/12148/bd6t5137200f/manifest.json'
For more information check: https://developer.mozilla.org/en-US/docs/Web/HTTP/Status/403",2026-07-27T17:32:38.924406
petitmarocain,bd6t5137201t,,failed,0,0,,http_manifest,known,403,manifest,"Client error '403 ' for url 'https://openapiproext.bnf.fr/iiif/presentation/v3/ark:/12148/bd6t5137201t/manifest.json'
For more information check: https://developer.mozilla.org/en-US/docs/Web/HTTP/Status/403",2026-07-27T17:32:40.082575
petitmarocain,bd6t51372026,,failed,0,0,,http_manifest,known,403,manifest,"Client error '403 ' for url 'https://openapiproext.bnf.fr/iiif/presentation/v3/ark:/12148/bd6t51372026/manifest.json'
For more information check: https://developer.mozilla.org/en-US/docs/Web/HTTP/Status/403",2026-07-27T17:32:41.205124
petitmarocain,bd6t5137203k,,failed,0,0,,http_manifest,known,403,manifest,"Client error '403 ' for url 'https://openapiproext.bnf.fr/iiif/presentation/v3/ark:/12148/bd6t5137203k/manifest.json'
For more information check: https://developer.mozilla.org/en-US/docs/Web/HTTP/Status/403",2026-07-27T17:32:42.397339
petitmarocain,bd6t5137204z,,failed,0,0,,http_manifest,known,403,manifest,"Client error '403 ' for url 'https://openapiproext.bnf.fr/iiif/presentation/v3/ark:/12148/bd6t5137204z/manifest.json'
For more information check: https://developer.mozilla.org/en-US/docs/Web/HTTP/Status/403",2026-07-27T17:32:43.601369
petitmarocain,bd6t5137205b,,failed,0,0,,http_manifest,known,403,manifest,"Client error '403 ' for url 'https://openapiproext.bnf.fr/iiif/presentation/v3/ark:/12148/bd6t5137205b/manifest.json'
For more information check: https://developer.mozilla.org/en-US/docs/Web/HTTP/Status/403",2026-07-27T17:32:44.812940
petitmarocain,bd6t5137206q,,failed,0,0,,http_manifest,known,403,manifest,"Client error '403 ' for url 'https://openapiproext.bnf.fr/iiif/presentation/v3/ark:/12148/bd6t5137206q/manifest.json'
For more information check: https://developer.mozilla.org/en-US/docs/Web/HTTP/Status/403",2026-07-27T17:32:46.266986
petitmarocain,bd6t51372073,,failed,0,0,,http_manifest,known,403,manifest,"Client error '403 ' for url 'https://openapiproext.bnf.fr/iiif/presentation/v3/ark:/12148/bd6t51372073/manifest.json'
For more information check: https://developer.mozilla.org/en-US/docs/Web/HTTP/Status/403",2026-07-27T17:32:47.203681
petitmarocain,bd6t5137208g,,failed,0,0,,http_manifest,known,403,manifest,"Client error '403 ' for url 'https://openapiproext.bnf.fr/iiif/presentation/v3/ark:/12148/bd6t5137208g/manifest.json'
For more information check: https://developer.mozilla.org/en-US/docs/Web/HTTP/Status/403",2026-07-27T17:32:48.551425
petitmarocain,bd6t5137209v,,failed,0,0,,http_manifest,known,403,manifest,"Client error '403 ' for url 'https://openapiproext.bnf.fr/iiif/presentation/v3/ark:/12148/bd6t5137209v/manifest.json'
For more information check: https://developer.mozilla.org/en-US/docs/Web/HTTP/Status/403",2026-07-27T17:32:49.630124
petitmarocain,bd6t5137210s,,failed,0,0,,http_manifest,known,403,manifest,"Client error '403 ' for url 'https://openapiproext.bnf.fr/iiif/presentation/v3/ark:/12148/bd6t5137210s/manifest.json'
For more information check: https://developer.mozilla.org/en-US/docs/Web/HTTP/Status/403",2026-07-27T17:32:50.825338
petitmarocain,bd6t51372115,,failed,0,0,,http_manifest,known,403,manifest,"Client error '403 ' for url 'https://openapiproext.bnf.fr/iiif/presentation/v3/ark:/12148/bd6t51372115/manifest.json'
For more information check: https://developer.mozilla.org/en-US/docs/Web/HTTP/Status/403",2026-07-27T17:32:52.176343
petitmarocain,bd6t5137212j,,failed,0,0,,http_manifest,known,403,manifest,"Client error '403 ' for url 'https://openapiproext.bnf.fr/iiif/presentation/v3/ark:/12148/bd6t5137212j/manifest.json'
For more information check: https://developer.mozilla.org/en-US/docs/Web/HTTP/Status/403",2026-07-27T17:32:53.345418
petitmarocain,bd6t5137213x,,failed,0,0,,http_manifest,known,403,manifest,"Client error '403 ' for url 'https://openapiproext.bnf.fr/iiif/presentation/v3/ark:/12148/bd6t5137213x/manifest.json'
For more information check: https://developer.mozilla.org/en-US/docs/Web/HTTP/Status/403",2026-07-27T17:32:54.591446
petitmarocain,bd6t51372149,,failed,0,0,,http_manifest,known,403,manifest,"Client error '403 ' for url 'https://openapiproext.bnf.fr/iiif/presentation/v3/ark:/12148/bd6t51372149/manifest.json'
For more information check: https://developer.mozilla.org/en-US/docs/Web/HTTP/Status/403",2026-07-27T17:32:55.638378
petitmarocain,bd6t5137215p,,failed,0,0,,http_manifest,known,403,manifest,"Client error '403 ' for url 'https://openapiproext.bnf.fr/iiif/presentation/v3/ark:/12148/bd6t5137215p/manifest.json'
For more information check: https://developer.mozilla.org/en-US/docs/Web/HTTP/Status/403",2026-07-27T17:32:56.825695
petitmarocain,bd6t51372162,,failed,0,0,,http_manifest,known,403,manifest,"Client error '403 ' for url 'https://openapiproext.bnf.fr/iiif/presentation/v3/ark:/12148/bd6t51372162/manifest.json'
For more information check: https://developer.mozilla.org/en-US/docs/Web/HTTP/Status/403",2026-07-27T17:32:58.047482
petitmarocain,bd6t5137217f,,failed,0,0,,http_manifest,known,403,manifest,"Client error '403 ' for url 'https://openapiproext.bnf.fr/iiif/presentation/v3/ark:/12148/bd6t5137217f/manifest.json'
For more information check: https://developer.mozilla.org/en-US/docs/Web/HTTP/Status/403",2026-07-27T17:32:59.253847
petitmarocain,bd6t5137218t,,failed,0,0,,http_manifest,known,403,manifest,"Client error '403 ' for url 'https://openapiproext.bnf.fr/iiif/presentation/v3/ark:/12148/bd6t5137218t/manifest.json'
For more information check: https://developer.mozilla.org/en-US/docs/Web/HTTP/Status/403",2026-07-27T17:33:00.428575
petitmarocain,bd6t51372196,,failed,0,0,,http_manifest,known,403,manifest,"Client error '403 ' for url 'https://openapiproext.bnf.fr/iiif/presentation/v3/ark:/12148/bd6t51372196/manifest.json'
For more information check: https://developer.mozilla.org/en-US/docs/Web/HTTP/Status/403",2026-07-27T17:33:01.627671
petitmarocain,bd6t51372204,,failed,0,0,,http_manifest,known,403,manifest,"Client error '403 ' for url 'https://openapiproext.bnf.fr/iiif/presentation/v3/ark:/12148/bd6t51372204/manifest.json'
For more information check: https://developer.mozilla.org/en-US/docs/Web/HTTP/Status/403",2026-07-27T17:33:02.826733
petitmarocain,bd6t5137221h,,failed,0,0,,http_manifest,known,403,manifest,"Client error '403 ' for url 'https://openapiproext.bnf.fr/iiif/presentation/v3/ark:/12148/bd6t5137221h/manifest.json'
For more information check: https://developer.mozilla.org/en-US/docs/Web/HTTP/Status/403",2026-07-27T17:33:04.030775
petitmarocain,bd6t5137222w,,failed,0,0,,http_manifest,known,403,manifest,"Client error '403 ' for url 'https://openapiproext.bnf.fr/iiif/presentation/v3/ark:/12148/bd6t5137222w/manifest.json'
For more information check: https://developer.mozilla.org/en-US/docs/Web/HTTP/Status/403",2026-07-27T17:33:05.233086
petitmarocain,bd6t51372238,,failed,0,0,,http_manifest,known,403,manifest,"Client error '403 ' for url 'https://openapiproext.bnf.fr/iiif/presentation/v3/ark:/12148/bd6t51372238/manifest.json'
For more information check: https://developer.mozilla.org/en-US/docs/Web/HTTP/Status/403",2026-07-27T17:33:06.434368
petitmarocain,bd6t5137224n,,failed,0,0,,http_manifest,known,403,manifest,"Client error '403 ' for url 'https://openapiproext.bnf.fr/iiif/presentation/v3/ark:/12148/bd6t5137224n/manifest.json'
For more information check: https://developer.mozilla.org/en-US/docs/Web/HTTP/Status/403",2026-07-27T17:33:07.641279
petitmarocain,bd6t51372251,,failed,0,0,,http_manifest,known,403,manifest,"Client error '403 ' for url 'https://openapiproext.bnf.fr/iiif/presentation/v3/ark:/12148/bd6t51372251/manifest.json'
For more information check: https://developer.mozilla.org/en-US/docs/Web/HTTP/Status/403",2026-07-27T17:33:08.842604
petitmarocain,bd6t5137226d,,failed,0,0,,http_manifest,known,403,manifest,"Client error '403 ' for url 'https://openapiproext.bnf.fr/iiif/presentation/v3/ark:/12148/bd6t5137226d/manifest.json'
For more information check: https://developer.mozilla.org/en-US/docs/Web/HTTP/Status/403",2026-07-27T17:33:10.057298
petitmarocain,bd6t5137227s,,failed,0,0,,http_manifest,known,403,manifest,"Client error '403 ' for url 'https://openapiproext.bnf.fr/iiif/presentation/v3/ark:/12148/bd6t5137227s/manifest.json'
For more information check: https://developer.mozilla.org/en-US/docs/Web/HTTP/Status/403",2026-07-27T17:33:11.240000
petitmarocain,bd6t51372285,,failed,0,0,,http_manifest,known,403,manifest,"Client error '403 ' for url 'https://openapiproext.bnf.fr/iiif/presentation/v3/ark:/12148/bd6t51372285/manifest.json'
For more information check: https://developer.mozilla.org/en-US/docs/Web/HTTP/Status/403",2026-07-27T17:33:12.439795
petitmarocain,bd6t5137229j,,failed,0,0,,http_manifest,known,403,manifest,"Client error '403 ' for url 'https://openapiproext.bnf.fr/iiif/presentation/v3/ark:/12148/bd6t5137229j/manifest.json'
For more information check: https://developer.mozilla.org/en-US/docs/Web/HTTP/Status/403",2026-07-27T17:33:13.649388
petitmarocain,bd6t5137230g,,failed,0,0,,http_manifest,known,403,manifest,"Client error '403 ' for url 'https://openapiproext.bnf.fr/iiif/presentation/v3/ark:/12148/bd6t5137230g/manifest.json'
For more information check: https://developer.mozilla.org/en-US/docs/Web/HTTP/Status/403",2026-07-27T17:33:14.845578
petitmarocain,bd6t5137231v,,failed,0,0,,http_manifest,known,403,manifest,"Client error '403 ' for url 'https://openapiproext.bnf.fr/iiif/presentation/v3/ark:/12148/bd6t5137231v/manifest.json'
For more information check: https://developer.mozilla.org/en-US/docs/Web/HTTP/Status/403",2026-07-27T17:33:16.070886
petitmarocain,bd6t51372327,,failed,0,0,,http_manifest,known,403,manifest,"Client error '403 ' for url 'https://openapiproext.bnf.fr/iiif/presentation/v3/ark:/12148/bd6t51372327/manifest.json'
For more information check: https://developer.mozilla.org/en-US/docs/Web/HTTP/Status/403",2026-07-27T17:33:17.247046
petitmarocain,bd6t5137233m,,failed,0,0,,http_manifest,known,403,manifest,"Client error '403 ' for url 'https://openapiproext.bnf.fr/iiif/presentation/v3/ark:/12148/bd6t5137233m/manifest.json'
For more information check: https://developer.mozilla.org/en-US/docs/Web/HTTP/Status/403",2026-07-27T17:33:18.453152
petitmarocain,bd6t51372340,,failed,0,0,,http_manifest,known,403,manifest,"Client error '403 ' for url 'https://openapiproext.bnf.fr/iiif/presentation/v3/ark:/12148/bd6t51372340/manifest.json'
For more information check: https://developer.mozilla.org/en-US/docs/Web/HTTP/Status/403",2026-07-27T17:33:19.651541
petitmarocain,bd6t5137235c,,failed,0,0,,http_manifest,known,403,manifest,"Client error '403 ' for url 'https://openapiproext.bnf.fr/iiif/presentation/v3/ark:/12148/bd6t5137235c/manifest.json'
For more information check: https://developer.mozilla.org/en-US/docs/Web/HTTP/Status/403",2026-07-27T17:33:20.853826
petitmarocain,bd6t5137236r,,failed,0,0,,http_manifest,known,403,manifest,"Client error '403 ' for url 'https://openapiproext.bnf.fr/iiif/presentation/v3/ark:/12148/bd6t5137236r/manifest.json'
For more information check: https://developer.mozilla.org/en-US/docs/Web/HTTP/Status/403",2026-07-27T17:33:22.057858
petitmarocain,bd6t51372374,,failed,0,0,,http_manifest,known,403,manifest,"Client error '403 ' for url 'https://openapiproext.bnf.fr/iiif/presentation/v3/ark:/12148/bd6t51372374/manifest.json'
For more information check: https://developer.mozilla.org/en-US/docs/Web/HTTP/Status/403",2026-07-27T17:33:23.259579
petitmarocain,bd6t5137238h,,failed,0,0,,http_manifest,known,403,manifest,"Client error '403 ' for url 'https://openapiproext.bnf.fr/iiif/presentation/v3/ark:/12148/bd6t5137238h/manifest.json'
For more information check: https://developer.mozilla.org/en-US/docs/Web/HTTP/Status/403",2026-07-27T17:33:24.467156
petitmarocain,bd6t5137239w,,failed,0,0,,http_manifest,known,403,manifest,"Client error '403 ' for url 'https://openapiproext.bnf.fr/iiif/presentation/v3/ark:/12148/bd6t5137239w/manifest.json'
For more information check: https://developer.mozilla.org/en-US/docs/Web/HTTP/Status/403",2026-07-27T17:33:25.671061
petitmarocain,bd6t5137240t,,failed,0,0,,http_manifest,known,403,manifest,"Client error '403 ' for url 'https://openapiproext.bnf.fr/iiif/presentation/v3/ark:/12148/bd6t5137240t/manifest.json'
For more information check: https://developer.mozilla.org/en-US/docs/Web/HTTP/Status/403",2026-07-27T17:33:26.865670
petitmarocain,bd6t51372416,,failed,0,0,,http_manifest,known,403,manifest,"Client error '403 ' for url 'https://openapiproext.bnf.fr/iiif/presentation/v3/ark:/12148/bd6t51372416/manifest.json'
For more information check: https://developer.mozilla.org/en-US/docs/Web/HTTP/Status/403",2026-07-27T17:33:28.089850
petitmarocain,bd6t5137242k,,failed,0,0,,http_manifest,known,403,manifest,"Client error '403 ' for url 'https://openapiproext.bnf.fr/iiif/presentation/v3/ark:/12148/bd6t5137242k/manifest.json'
For more information check: https://developer.mozilla.org/en-US/docs/Web/HTTP/Status/403",2026-07-27T17:33:29.274023
petitmarocain,bd6t5137243z,,failed,0,0,,http_manifest,known,403,manifest,"Client error '403 ' for url 'https://openapiproext.bnf.fr/iiif/presentation/v3/ark:/12148/bd6t5137243z/manifest.json'
For more information check: https://developer.mozilla.org/en-US/docs/Web/HTTP/Status/403",2026-07-27T17:33:30.569020
petitmarocain,bd6t5137244b,,failed,0,0,,http_manifest,known,403,manifest,"Client error '403 ' for url 'https://openapiproext.bnf.fr/iiif/presentation/v3/ark:/12148/bd6t5137244b/manifest.json'
For more information check: https://developer.mozilla.org/en-US/docs/Web/HTTP/Status/403",2026-07-27T17:33:31.965682
petitmarocain,bd6t5137245q,,failed,0,0,,http_manifest,known,403,manifest,"Client error '403 ' for url 'https://openapiproext.bnf.fr/iiif/presentation/v3/ark:/12148/bd6t5137245q/manifest.json'
For more information check: https://developer.mozilla.org/en-US/docs/Web/HTTP/Status/403",2026-07-27T17:33:32.890133
petitmarocain,bd6t51372463,,failed,0,0,,http_manifest,known,403,manifest,"Client error '403 ' for url 'https://openapiproext.bnf.fr/iiif/presentation/v3/ark:/12148/bd6t51372463/manifest.json'
For more information check: https://developer.mozilla.org/en-US/docs/Web/HTTP/Status/403",2026-07-27T17:33:34.254690
petitmarocain,bd6t5137247g,,failed,0,0,,http_manifest,known,403,manifest,"Client error '403 ' for url 'https://openapiproext.bnf.fr/iiif/presentation/v3/ark:/12148/bd6t5137247g/manifest.json'
For more information check: https://developer.mozilla.org/en-US/docs/Web/HTTP/Status/403",2026-07-27T17:33:35.278562
petitmarocain,bd6t5137248v,,failed,0,0,,http_manifest,known,403,manifest,"Client error '403 ' for url 'https://openapiproext.bnf.fr/iiif/presentation/v3/ark:/12148/bd6t5137248v/manifest.json'
For more information check: https://developer.mozilla.org/en-US/docs/Web/HTTP/Status/403",2026-07-27T17:33:36.685038
petitmarocain,bd6t51372497,,failed,0,0,,http_manifest,known,403,manifest,"Client error '403 ' for url 'https://openapiproext.bnf.fr/iiif/presentation/v3/ark:/12148/bd6t51372497/manifest.json'
For more information check: https://developer.mozilla.org/en-US/docs/Web/HTTP/Status/403",2026-07-27T17:33:37.774518
petitmarocain,bd6t51372505,,failed,0,0,,http_manifest,known,403,manifest,"Client error '403 ' for url 'https://openapiproext.bnf.fr/iiif/presentation/v3/ark:/12148/bd6t51372505/manifest.json'
For more information check: https://developer.mozilla.org/en-US/docs/Web/HTTP/Status/403",2026-07-27T17:33:38.894582
petitmarocain,bd6t5137251j,,failed,0,0,,http_manifest,known,403,manifest,"Client error '403 ' for url 'https://openapiproext.bnf.fr/iiif/presentation/v3/ark:/12148/bd6t5137251j/manifest.json'
For more information check: https://developer.mozilla.org/en-US/docs/Web/HTTP/Status/403",2026-07-27T17:33:40.304344
petitmarocain,bd6t5137252x,,failed,0,0,,http_manifest,known,403,manifest,"Client error '403 ' for url 'https://openapiproext.bnf.fr/iiif/presentation/v3/ark:/12148/bd6t5137252x/manifest.json'
For more information check: https://developer.mozilla.org/en-US/docs/Web/HTTP/Status/403",2026-07-27T17:33:41.293832
petitmarocain,bd6t51372539,,failed,0,0,,http_manifest,known,403,manifest,"Client error '403 ' for url 'https://openapiproext.bnf.fr/iiif/presentation/v3/ark:/12148/bd6t51372539/manifest.json'
For more information check: https://developer.mozilla.org/en-US/docs/Web/HTTP/Status/403",2026-07-27T17:33:42.511468
petitmarocain,bd6t5137254p,,failed,0,0,,http_manifest,known,403,manifest,"Client error '403 ' for url 'https://openapiproext.bnf.fr/iiif/presentation/v3/ark:/12148/bd6t5137254p/manifest.json'
For more information check: https://developer.mozilla.org/en-US/docs/Web/HTTP/Status/403",2026-07-27T17:33:43.679802
petitmarocain,bd6t51372552,,failed,0,0,,http_manifest,known,403,manifest,"Client error '403 ' for url 'https://openapiproext.bnf.fr/iiif/presentation/v3/ark:/12148/bd6t51372552/manifest.json'
For more information check: https://developer.mozilla.org/en-US/docs/Web/HTTP/Status/403",2026-07-27T17:33:45.133280
petitmarocain,bd6t5137256f,,failed,0,0,,http_manifest,known,403,manifest,"Client error '403 ' for url 'https://openapiproext.bnf.fr/iiif/presentation/v3/ark:/12148/bd6t5137256f/manifest.json'
For more information check: https://developer.mozilla.org/en-US/docs/Web/HTTP/Status/403",2026-07-27T17:33:46.090744
petitmarocain,bd6t5137257t,,failed,0,0,,http_manifest,known,403,manifest,"Client error '403 ' for url 'https://openapiproext.bnf.fr/iiif/presentation/v3/ark:/12148/bd6t5137257t/manifest.json'
For more information check: https://developer.mozilla.org/en-US/docs/Web/HTTP/Status/403",2026-07-27T17:33:47.287863
petitmarocain,bd6t51372586,,failed,0,0,,http_manifest,known,403,manifest,"Client error '403 ' for url 'https://openapiproext.bnf.fr/iiif/presentation/v3/ark:/12148/bd6t51372586/manifest.json'
For more information check: https://developer.mozilla.org/en-US/docs/Web/HTTP/Status/403",2026-07-27T17:33:48.567334
petitmarocain,bd6t5137259k,,failed,0,0,,http_manifest,known,403,manifest,"Client error '403 ' for url 'https://openapiproext.bnf.fr/iiif/presentation/v3/ark:/12148/bd6t5137259k/manifest.json'
For more information check: https://developer.mozilla.org/en-US/docs/Web/HTTP/Status/403",2026-07-27T17:33:49.689278
petitmarocain,bd6t5137260h,,failed,0,0,,http_manifest,known,403,manifest,"Client error '403 ' for url 'https://openapiproext.bnf.fr/iiif/presentation/v3/ark:/12148/bd6t5137260h/manifest.json'
For more information check: https://developer.mozilla.org/en-US/docs/Web/HTTP/Status/403",2026-07-27T17:33:50.893490
petitmarocain,bd6t5137261w,,failed,0,0,,http_manifest,known,403,manifest,"Client error '403 ' for url 'https://openapiproext.bnf.fr/iiif/presentation/v3/ark:/12148/bd6t5137261w/manifest.json'
For more information check: https://developer.mozilla.org/en-US/docs/Web/HTTP/Status/403",2026-07-27T17:33:52.211683
petitmarocain,bd6t51372628,,failed,0,0,,http_manifest,known,403,manifest,"Client error '403 ' for url 'https://openapiproext.bnf.fr/iiif/presentation/v3/ark:/12148/bd6t51372628/manifest.json'
For more information check: https://developer.mozilla.org/en-US/docs/Web/HTTP/Status/403",2026-07-27T17:33:53.306804
petitmarocain,bd6t5137263n,,failed,0,0,,http_manifest,known,403,manifest,"Client error '403 ' for url 'https://openapiproext.bnf.fr/iiif/presentation/v3/ark:/12148/bd6t5137263n/manifest.json'
For more information check: https://developer.mozilla.org/en-US/docs/Web/HTTP/Status/403",2026-07-27T17:33:54.505066
petitmarocain,bd6t51372641,,failed,0,0,,http_manifest,known,403,manifest,"Client error '403 ' for url 'https://openapiproext.bnf.fr/iiif/presentation/v3/ark:/12148/bd6t51372641/manifest.json'
For more information check: https://developer.mozilla.org/en-US/docs/Web/HTTP/Status/403",2026-07-27T17:33:55.704825
petitmarocain,bd6t5137265d,,failed,0,0,,http_manifest,known,403,manifest,"Client error '403 ' for url 'https://openapiproext.bnf.fr/iiif/presentation/v3/ark:/12148/bd6t5137265d/manifest.json'
For more information check: https://developer.mozilla.org/en-US/docs/Web/HTTP/Status/403",2026-07-27T17:33:56.902813
petitmarocain,bd6t5137266s,,failed,0,0,,http_manifest,known,403,manifest,"Client error '403 ' for url 'https://openapiproext.bnf.fr/iiif/presentation/v3/ark:/12148/bd6t5137266s/manifest.json'
For more information check: https://developer.mozilla.org/en-US/docs/Web/HTTP/Status/403",2026-07-27T17:33:58.104424
petitmarocain,bd6t51372675,,failed,0,0,,http_manifest,known,403,manifest,"Client error '403 ' for url 'https://openapiproext.bnf.fr/iiif/presentation/v3/ark:/12148/bd6t51372675/manifest.json'
For more information check: https://developer.mozilla.org/en-US/docs/Web/HTTP/Status/403",2026-07-27T17:33:59.309971
petitmarocain,bd6t5137268j,,failed,0,0,,http_manifest,known,403,manifest,"Client error '403 ' for url 'https://openapiproext.bnf.fr/iiif/presentation/v3/ark:/12148/bd6t5137268j/manifest.json'
For more information check: https://developer.mozilla.org/en-US/docs/Web/HTTP/Status/403",2026-07-27T17:34:00.521649
petitmarocain,bd6t5137269x,,failed,0,0,,http_manifest,known,403,manifest,"Client error '403 ' for url 'https://openapiproext.bnf.fr/iiif/presentation/v3/ark:/12148/bd6t5137269x/manifest.json'
For more information check: https://developer.mozilla.org/en-US/docs/Web/HTTP/Status/403",2026-07-27T17:34:01.712184
petitmarocain,bd6t5137270v,,failed,0,0,,http_manifest,known,403,manifest,"Client error '403 ' for url 'https://openapiproext.bnf.fr/iiif/presentation/v3/ark:/12148/bd6t5137270v/manifest.json'
For more information check: https://developer.mozilla.org/en-US/docs/Web/HTTP/Status/403",2026-07-27T17:34:02.913966
petitmarocain,bd6t51372717,,failed,0,0,,http_manifest,known,403,manifest,"Client error '403 ' for url 'https://openapiproext.bnf.fr/iiif/presentation/v3/ark:/12148/bd6t51372717/manifest.json'
For more information check: https://developer.mozilla.org/en-US/docs/Web/HTTP/Status/403",2026-07-27T17:34:04.110808
petitmarocain,bd6t5137272m,,failed,0,0,,http_manifest,known,403,manifest,"Client error '403 ' for url 'https://openapiproext.bnf.fr/iiif/presentation/v3/ark:/12148/bd6t5137272m/manifest.json'
For more information check: https://developer.mozilla.org/en-US/docs/Web/HTTP/Status/403",2026-07-27T17:34:05.321696
petitmarocain,bd6t51372730,,failed,0,0,,http_manifest,known,403,manifest,"Client error '403 ' for url 'https://openapiproext.bnf.fr/iiif/presentation/v3/ark:/12148/bd6t51372730/manifest.json'
For more information check: https://developer.mozilla.org/en-US/docs/Web/HTTP/Status/403",2026-07-27T17:34:06.535496
petitmarocain,bd6t51346242,,failed,0,0,,http_manifest,known,403,manifest,"Client error '403 ' for url 'https://openapiproext.bnf.fr/iiif/presentation/v3/ark:/12148/bd6t51346242/manifest.json'
For more information check: https://developer.mozilla.org/en-US/docs/Web/HTTP/Status/403",2026-07-27T17:34:07.723356
petitmarocain,bd6t5134625f,,failed,0,0,,http_manifest,known,403,manifest,"Client error '403 ' for url 'https://openapiproext.bnf.fr/iiif/presentation/v3/ark:/12148/bd6t5134625f/manifest.json'
For more information check: https://developer.mozilla.org/en-US/docs/Web/HTTP/Status/403",2026-07-27T17:34:08.924423
petitmarocain,bd6t5134626t,,failed,0,0,,http_manifest,known,403,manifest,"Client error '403 ' for url 'https://openapiproext.bnf.fr/iiif/presentation/v3/ark:/12148/bd6t5134626t/manifest.json'
For more information check: https://developer.mozilla.org/en-US/docs/Web/HTTP/Status/403",2026-07-27T17:34:10.122509
petitmarocain,bd6t51346276,,failed,0,0,,http_manifest,known,403,manifest,"Client error '403 ' for url 'https://openapiproext.bnf.fr/iiif/presentation/v3/ark:/12148/bd6t51346276/manifest.json'
For more information check: https://developer.mozilla.org/en-US/docs/Web/HTTP/Status/403",2026-07-27T17:34:11.336364
petitmarocain,bd6t5134628k,,failed,0,0,,http_manifest,known,403,manifest,"Client error '403 ' for url 'https://openapiproext.bnf.fr/iiif/presentation/v3/ark:/12148/bd6t5134628k/manifest.json'
For more information check: https://developer.mozilla.org/en-US/docs/Web/HTTP/Status/403",2026-07-27T17:34:12.535723
petitmarocain,bd6t5134629z,,failed,0,0,,http_manifest,known,403,manifest,"Client error '403 ' for url 'https://openapiproext.bnf.fr/iiif/presentation/v3/ark:/12148/bd6t5134629z/manifest.json'
For more information check: https://developer.mozilla.org/en-US/docs/Web/HTTP/Status/403",2026-07-27T17:34:13.729827
petitmarocain,bd6t5134630w,,failed,0,0,,http_manifest,known,403,manifest,"Client error '403 ' for url 'https://openapiproext.bnf.fr/iiif/presentation/v3/ark:/12148/bd6t5134630w/manifest.json'
For more information check: https://developer.mozilla.org/en-US/docs/Web/HTTP/Status/403",2026-07-27T17:34:14.931959
petitmarocain,bd6t51346318,,failed,0,0,,http_manifest,known,403,manifest,"Client error '403 ' for url 'https://openapiproext.bnf.fr/iiif/presentation/v3/ark:/12148/bd6t51346318/manifest.json'
For more information check: https://developer.mozilla.org/en-US/docs/Web/HTTP/Status/403",2026-07-27T17:34:16.137891
petitmarocain,bd6t5134632n,,failed,0,0,,http_manifest,known,403,manifest,"Client error '403 ' for url 'https://openapiproext.bnf.fr/iiif/presentation/v3/ark:/12148/bd6t5134632n/manifest.json'
For more information check: https://developer.mozilla.org/en-US/docs/Web/HTTP/Status/403",2026-07-27T17:34:17.336492
petitmarocain,bd6t51346331,,failed,0,0,,http_manifest,known,403,manifest,"Client error '403 ' for url 'https://openapiproext.bnf.fr/iiif/presentation/v3/ark:/12148/bd6t51346331/manifest.json'
For more information check: https://developer.mozilla.org/en-US/docs/Web/HTTP/Status/403",2026-07-27T17:34:18.553067
petitmarocain,bd6t5134634d,,failed,0,0,,http_manifest,known,403,manifest,"Client error '403 ' for url 'https://openapiproext.bnf.fr/iiif/presentation/v3/ark:/12148/bd6t5134634d/manifest.json'
For more information check: https://developer.mozilla.org/en-US/docs/Web/HTTP/Status/403",2026-07-27T17:34:19.736577
petitmarocain,bd6t5134635s,,failed,0,0,,http_manifest,known,403,manifest,"Client error '403 ' for url 'https://openapiproext.bnf.fr/iiif/presentation/v3/ark:/12148/bd6t5134635s/manifest.json'
For more information check: https://developer.mozilla.org/en-US/docs/Web/HTTP/Status/403",2026-07-27T17:34:20.935558
petitmarocain,bd6t51346365,,failed,0,0,,http_manifest,known,403,manifest,"Client error '403 ' for url 'https://openapiproext.bnf.fr/iiif/presentation/v3/ark:/12148/bd6t51346365/manifest.json'
For more information check: https://developer.mozilla.org/en-US/docs/Web/HTTP/Status/403",2026-07-27T17:34:22.139936
petitmarocain,bd6t5134637j,,failed,0,0,,http_manifest,known,403,manifest,"Client error '403 ' for url 'https://openapiproext.bnf.fr/iiif/presentation/v3/ark:/12148/bd6t5134637j/manifest.json'
For more information check: https://developer.mozilla.org/en-US/docs/Web/HTTP/Status/403",2026-07-27T17:34:23.340872
petitmarocain,bd6t5134638x,,failed,0,0,,http_manifest,known,403,manifest,"Client error '403 ' for url 'https://openapiproext.bnf.fr/iiif/presentation/v3/ark:/12148/bd6t5134638x/manifest.json'
For more information check: https://developer.mozilla.org/en-US/docs/Web/HTTP/Status/403",2026-07-27T17:34:24.540260
petitmarocain,bd6t51346399,,failed,0,0,,http_manifest,known,403,manifest,"Client error '403 ' for url 'https://openapiproext.bnf.fr/iiif/presentation/v3/ark:/12148/bd6t51346399/manifest.json'
For more information check: https://developer.mozilla.org/en-US/docs/Web/HTTP/Status/403",2026-07-27T17:34:25.740901
petitmarocain,bd6t51346407,,failed,0,0,,http_manifest,known,403,manifest,"Client error '403 ' for url 'https://openapiproext.bnf.fr/iiif/presentation/v3/ark:/12148/bd6t51346407/manifest.json'
For more information check: https://developer.mozilla.org/en-US/docs/Web/HTTP/Status/403",2026-07-27T17:34:26.948690
petitmarocain,bd6t5134641m,,failed,0,0,,http_manifest,known,403,manifest,"Client error '403 ' for url 'https://openapiproext.bnf.fr/iiif/presentation/v3/ark:/12148/bd6t5134641m/manifest.json'
For more information check: https://developer.mozilla.org/en-US/docs/Web/HTTP/Status/403",2026-07-27T17:34:28.144591
petitmarocain,bd6t51346420,,failed,0,0,,http_manifest,known,403,manifest,"Client error '403 ' for url 'https://openapiproext.bnf.fr/iiif/presentation/v3/ark:/12148/bd6t51346420/manifest.json'
For more information check: https://developer.mozilla.org/en-US/docs/Web/HTTP/Status/403",2026-07-27T17:34:29.357579
petitmarocain,bd6t5134643c,,failed,0,0,,http_manifest,known,403,manifest,"Client error '403 ' for url 'https://openapiproext.bnf.fr/iiif/presentation/v3/ark:/12148/bd6t5134643c/manifest.json'
For more information check: https://developer.mozilla.org/en-US/docs/Web/HTTP/Status/403",2026-07-27T17:34:30.570601
petitmarocain,bd6t5134644r,,failed,0,0,,http_manifest,known,403,manifest,"Client error '403 ' for url 'https://openapiproext.bnf.fr/iiif/presentation/v3/ark:/12148/bd6t5134644r/manifest.json'
For more information check: https://developer.mozilla.org/en-US/docs/Web/HTTP/Status/403",2026-07-27T17:34:31.941532
petitmarocain,bd6t51346454,,failed,0,0,,http_manifest,known,403,manifest,"Client error '403 ' for url 'https://openapiproext.bnf.fr/iiif/presentation/v3/ark:/12148/bd6t51346454/manifest.json'
For more information check: https://developer.mozilla.org/en-US/docs/Web/HTTP/Status/403",2026-07-27T17:34:32.952140
petitmarocain,bd6t5134646h,,failed,0,0,,http_manifest,known,403,manifest,"Client error '403 ' for url 'https://openapiproext.bnf.fr/iiif/presentation/v3/ark:/12148/bd6t5134646h/manifest.json'
For more information check: https://developer.mozilla.org/en-US/docs/Web/HTTP/Status/403",2026-07-27T17:34:34.312390
petitmarocain,bd6t5134647w,,failed,0,0,,http_manifest,known,403,manifest,"Client error '403 ' for url 'https://openapiproext.bnf.fr/iiif/presentation/v3/ark:/12148/bd6t5134647w/manifest.json'
For more information check: https://developer.mozilla.org/en-US/docs/Web/HTTP/Status/403",2026-07-27T17:34:35.365250
petitmarocain,bd6t51346488,,failed,0,0,,http_manifest,known,403,manifest,"Client error '403 ' for url 'https://openapiproext.bnf.fr/iiif/presentation/v3/ark:/12148/bd6t51346488/manifest.json'
For more information check: https://developer.mozilla.org/en-US/docs/Web/HTTP/Status/403",2026-07-27T17:34:36.599448
petitmarocain,bd6t5134649n,,failed,0,0,,http_manifest,known,403,manifest,"Client error '403 ' for url 'https://openapiproext.bnf.fr/iiif/presentation/v3/ark:/12148/bd6t5134649n/manifest.json'
For more information check: https://developer.mozilla.org/en-US/docs/Web/HTTP/Status/403",2026-07-27T17:34:37.969383
petitmarocain,bd6t5134650k,,failed,0,0,,http_manifest,known,403,manifest,"Client error '403 ' for url 'https://openapiproext.bnf.fr/iiif/presentation/v3/ark:/12148/bd6t5134650k/manifest.json'
For more information check: https://developer.mozilla.org/en-US/docs/Web/HTTP/Status/403",2026-07-27T17:34:39.194954
petitmarocain,bd6t5134651z,,failed,0,0,,http_manifest,known,403,manifest,"Client error '403 ' for url 'https://openapiproext.bnf.fr/iiif/presentation/v3/ark:/12148/bd6t5134651z/manifest.json'
For more information check: https://developer.mozilla.org/en-US/docs/Web/HTTP/Status/403",2026-07-27T17:34:40.162301
petitmarocain,bd6t5134652b,,failed,0,0,,http_manifest,known,403,manifest,"Client error '403 ' for url 'https://openapiproext.bnf.fr/iiif/presentation/v3/ark:/12148/bd6t5134652b/manifest.json'
For more information check: https://developer.mozilla.org/en-US/docs/Web/HTTP/Status/403",2026-07-27T17:34:41.362182
petitmarocain,bd6t5134653q,,failed,0,0,,http_manifest,known,403,manifest,"Client error '403 ' for url 'https://openapiproext.bnf.fr/iiif/presentation/v3/ark:/12148/bd6t5134653q/manifest.json'
For more information check: https://developer.mozilla.org/en-US/docs/Web/HTTP/Status/403",2026-07-27T17:34:42.571774
petitmarocain,bd6t51346543,,failed,0,0,,http_manifest,known,403,manifest,"Client error '403 ' for url 'https://openapiproext.bnf.fr/iiif/presentation/v3/ark:/12148/bd6t51346543/manifest.json'
For more information check: https://developer.mozilla.org/en-US/docs/Web/HTTP/Status/403",2026-07-27T17:34:43.766549
petitmarocain,bd6t5134655g,,failed,0,0,,http_manifest,known,403,manifest,"Client error '403 ' for url 'https://openapiproext.bnf.fr/iiif/presentation/v3/ark:/12148/bd6t5134655g/manifest.json'
For more information check: https://developer.mozilla.org/en-US/docs/Web/HTTP/Status/403",2026-07-27T17:34:44.972521
petitmarocain,bd6t5134656v,,failed,0,0,,http_manifest,known,403,manifest,"Client error '403 ' for url 'https://openapiproext.bnf.fr/iiif/presentation/v3/ark:/12148/bd6t5134656v/manifest.json'
For more information check: https://developer.mozilla.org/en-US/docs/Web/HTTP/Status/403",2026-07-27T17:34:46.378655
petitmarocain,bd6t51346577,,failed,0,0,,http_manifest,known,403,manifest,"Client error '403 ' for url 'https://openapiproext.bnf.fr/iiif/presentation/v3/ark:/12148/bd6t51346577/manifest.json'
For more information check: https://developer.mozilla.org/en-US/docs/Web/HTTP/Status/403",2026-07-27T17:34:47.377663
petitmarocain,bd6t5134658m,,failed,0,0,,http_manifest,known,403,manifest,"Client error '403 ' for url 'https://openapiproext.bnf.fr/iiif/presentation/v3/ark:/12148/bd6t5134658m/manifest.json'
For more information check: https://developer.mozilla.org/en-US/docs/Web/HTTP/Status/403",2026-07-27T17:34:48.590718
petitmarocain,bd6t51346590,,failed,0,0,,http_manifest,known,403,manifest,"Client error '403 ' for url 'https://openapiproext.bnf.fr/iiif/presentation/v3/ark:/12148/bd6t51346590/manifest.json'
For more information check: https://developer.mozilla.org/en-US/docs/Web/HTTP/Status/403",2026-07-27T17:34:49.786666
petitmarocain,bd6t5134660x,,failed,0,0,,http_manifest,known,403,manifest,"Client error '403 ' for url 'https://openapiproext.bnf.fr/iiif/presentation/v3/ark:/12148/bd6t5134660x/manifest.json'
For more information check: https://developer.mozilla.org/en-US/docs/Web/HTTP/Status/403",2026-07-27T17:34:51.151577
petitmarocain,bd6t51346619,,failed,0,0,,http_manifest,known,403,manifest,"Client error '403 ' for url 'https://openapiproext.bnf.fr/iiif/presentation/v3/ark:/12148/bd6t51346619/manifest.json'
For more information check: https://developer.mozilla.org/en-US/docs/Web/HTTP/Status/403",2026-07-27T17:34:52.288501
petitmarocain,bd6t5134662p,,failed,0,0,,http_manifest,known,403,manifest,"Client error '403 ' for url 'https://openapiproext.bnf.fr/iiif/presentation/v3/ark:/12148/bd6t5134662p/manifest.json'
For more information check: https://developer.mozilla.org/en-US/docs/Web/HTTP/Status/403",2026-07-27T17:34:53.673917
petitmarocain,bd6t51346632,,failed,0,0,,http_manifest,known,403,manifest,"Client error '403 ' for url 'https://openapiproext.bnf.fr/iiif/presentation/v3/ark:/12148/bd6t51346632/manifest.json'
For more information check: https://developer.mozilla.org/en-US/docs/Web/HTTP/Status/403",2026-07-27T17:34:54.582664
petitmarocain,bd6t5134664f,,failed,0,0,,http_manifest,known,403,manifest,"Client error '403 ' for url 'https://openapiproext.bnf.fr/iiif/presentation/v3/ark:/12148/bd6t5134664f/manifest.json'
For more information check: https://developer.mozilla.org/en-US/docs/Web/HTTP/Status/403",2026-07-27T17:34:55.781379
petitmarocain,bd6t5134665t,,failed,0,0,,http_manifest,known,403,manifest,"Client error '403 ' for url 'https://openapiproext.bnf.fr/iiif/presentation/v3/ark:/12148/bd6t5134665t/manifest.json'
For more information check: https://developer.mozilla.org/en-US/docs/Web/HTTP/Status/403",2026-07-27T17:34:56.980107
petitmarocain,bd6t51346666,,failed,0,0,,http_manifest,known,403,manifest,"Client error '403 ' for url 'https://openapiproext.bnf.fr/iiif/presentation/v3/ark:/12148/bd6t51346666/manifest.json'
For more information check: https://developer.mozilla.org/en-US/docs/Web/HTTP/Status/403",2026-07-27T17:34:58.180364
petitmarocain,bd6t5134667k,,failed,0,0,,http_manifest,known,403,manifest,"Client error '403 ' for url 'https://openapiproext.bnf.fr/iiif/presentation/v3/ark:/12148/bd6t5134667k/manifest.json'
For more information check: https://developer.mozilla.org/en-US/docs/Web/HTTP/Status/403",2026-07-27T17:34:59.403834
petitmarocain,bd6t5134668z,,failed,0,0,,http_manifest,known,403,manifest,"Client error '403 ' for url 'https://openapiproext.bnf.fr/iiif/presentation/v3/ark:/12148/bd6t5134668z/manifest.json'
For more information check: https://developer.mozilla.org/en-US/docs/Web/HTTP/Status/403",2026-07-27T17:35:00.593061
petitmarocain,bd6t5134669b,,failed,0,0,,http_manifest,known,403,manifest,"Client error '403 ' for url 'https://openapiproext.bnf.fr/iiif/presentation/v3/ark:/12148/bd6t5134669b/manifest.json'
For more information check: https://developer.mozilla.org/en-US/docs/Web/HTTP/Status/403",2026-07-27T17:35:01.793755
petitmarocain,bd6t51346708,,failed,0,0,,http_manifest,known,403,manifest,"Client error '403 ' for url 'https://openapiproext.bnf.fr/iiif/presentation/v3/ark:/12148/bd6t51346708/manifest.json'
For more information check: https://developer.mozilla.org/en-US/docs/Web/HTTP/Status/403",2026-07-27T17:35:02.989678
petitmarocain,bd6t5134671n,,failed,0,0,,http_manifest,known,403,manifest,"Client error '403 ' for url 'https://openapiproext.bnf.fr/iiif/presentation/v3/ark:/12148/bd6t5134671n/manifest.json'
For more information check: https://developer.mozilla.org/en-US/docs/Web/HTTP/Status/403",2026-07-27T17:35:04.190047
petitmarocain,bd6t51346721,,failed,0,0,,http_manifest,known,403,manifest,"Client error '403 ' for url 'https://openapiproext.bnf.fr/iiif/presentation/v3/ark:/12148/bd6t51346721/manifest.json'
For more information check: https://developer.mozilla.org/en-US/docs/Web/HTTP/Status/403",2026-07-27T17:35:05.394853
petitmarocain,bd6t5134673d,,failed,0,0,,http_manifest,known,403,manifest,"Client error '403 ' for url 'https://openapiproext.bnf.fr/iiif/presentation/v3/ark:/12148/bd6t5134673d/manifest.json'
For more information check: https://developer.mozilla.org/en-US/docs/Web/HTTP/Status/403",2026-07-27T17:35:06.593727
petitmarocain,bd6t5134674s,,failed,0,0,,http_manifest,known,403,manifest,"Client error '403 ' for url 'https://openapiproext.bnf.fr/iiif/presentation/v3/ark:/12148/bd6t5134674s/manifest.json'
For more information check: https://developer.mozilla.org/en-US/docs/Web/HTTP/Status/403",2026-07-27T17:35:07.797098
petitmarocain,bd6t51346755,,failed,0,0,,http_manifest,known,403,manifest,"Client error '403 ' for url 'https://openapiproext.bnf.fr/iiif/presentation/v3/ark:/12148/bd6t51346755/manifest.json'
For more information check: https://developer.mozilla.org/en-US/docs/Web/HTTP/Status/403",2026-07-27T17:35:08.997030
petitmarocain,bd6t5134677x,,failed,0,0,,http_manifest,known,403,manifest,"Client error '403 ' for url 'https://openapiproext.bnf.fr/iiif/presentation/v3/ark:/12148/bd6t5134677x/manifest.json'
For more information check: https://developer.mozilla.org/en-US/docs/Web/HTTP/Status/403",2026-07-27T17:35:10.200794
petitmarocain,bd6t5134676j,,failed,0,0,,http_manifest,known,403,manifest,"Client error '403 ' for url 'https://openapiproext.bnf.fr/iiif/presentation/v3/ark:/12148/bd6t5134676j/manifest.json'
For more information check: https://developer.mozilla.org/en-US/docs/Web/HTTP/Status/403",2026-07-27T17:35:11.419874
petitmarocain,bd6t51346789,,failed,0,0,,http_manifest,known,403,manifest,"Client error '403 ' for url 'https://openapiproext.bnf.fr/iiif/presentation/v3/ark:/12148/bd6t51346789/manifest.json'
For more information check: https://developer.mozilla.org/en-US/docs/Web/HTTP/Status/403",2026-07-27T17:35:12.606096
petitmarocain,bd6t5134679p,,failed,0,0,,http_manifest,known,403,manifest,"Client error '403 ' for url 'https://openapiproext.bnf.fr/iiif/presentation/v3/ark:/12148/bd6t5134679p/manifest.json'
For more information check: https://developer.mozilla.org/en-US/docs/Web/HTTP/Status/403",2026-07-27T17:35:13.807584
petitmarocain,bd6t5134680m,,failed,0,0,,http_manifest,known,403,manifest,"Client error '403 ' for url 'https://openapiproext.bnf.fr/iiif/presentation/v3/ark:/12148/bd6t5134680m/manifest.json'
For more information check: https://developer.mozilla.org/en-US/docs/Web/HTTP/Status/403",2026-07-27T17:35:15.008177
petitmarocain,bd6t51346810,,failed,0,0,,http_manifest,known,403,manifest,"Client error '403 ' for url 'https://openapiproext.bnf.fr/iiif/presentation/v3/ark:/12148/bd6t51346810/manifest.json'
For more information check: https://developer.mozilla.org/en-US/docs/Web/HTTP/Status/403",2026-07-27T17:35:16.207576
petitmarocain,bd6t5134682c,,failed,0,0,,http_manifest,known,403,manifest,"Client error '403 ' for url 'https://openapiproext.bnf.fr/iiif/presentation/v3/ark:/12148/bd6t5134682c/manifest.json'
For more information check: https://developer.mozilla.org/en-US/docs/Web/HTTP/Status/403",2026-07-27T17:35:17.426847
petitmarocain,bd6t5134683r,,failed,0,0,,http_manifest,known,403,manifest,"Client error '403 ' for url 'https://openapiproext.bnf.fr/iiif/presentation/v3/ark:/12148/bd6t5134683r/manifest.json'
For more information check: https://developer.mozilla.org/en-US/docs/Web/HTTP/Status/403",2026-07-27T17:35:18.630384
petitmarocain,bd6t51346844,,failed,0,0,,http_manifest,known,403,manifest,"Client error '403 ' for url 'https://openapiproext.bnf.fr/iiif/presentation/v3/ark:/12148/bd6t51346844/manifest.json'
For more information check: https://developer.mozilla.org/en-US/docs/Web/HTTP/Status/403",2026-07-27T17:35:19.816941
petitmarocain,bd6t5134685h,,failed,0,0,,http_manifest,known,403,manifest,"Client error '403 ' for url 'https://openapiproext.bnf.fr/iiif/presentation/v3/ark:/12148/bd6t5134685h/manifest.json'
For more information check: https://developer.mozilla.org/en-US/docs/Web/HTTP/Status/403",2026-07-27T17:35:21.019702
petitmarocain,bd6t5134686w,,failed,0,0,,http_manifest,known,403,manifest,"Client error '403 ' for url 'https://openapiproext.bnf.fr/iiif/presentation/v3/ark:/12148/bd6t5134686w/manifest.json'
For more information check: https://developer.mozilla.org/en-US/docs/Web/HTTP/Status/403",2026-07-27T17:35:22.220494
petitmarocain,bd6t51346878,,failed,0,0,,http_manifest,known,403,manifest,"Client error '403 ' for url 'https://openapiproext.bnf.fr/iiif/presentation/v3/ark:/12148/bd6t51346878/manifest.json'
For more information check: https://developer.mozilla.org/en-US/docs/Web/HTTP/Status/403",2026-07-27T17:35:23.426909
petitmarocain,bd6t5134688n,,failed,0,0,,http_manifest,known,403,manifest,"Client error '403 ' for url 'https://openapiproext.bnf.fr/iiif/presentation/v3/ark:/12148/bd6t5134688n/manifest.json'
For more information check: https://developer.mozilla.org/en-US/docs/Web/HTTP/Status/403",2026-07-27T17:35:24.622508
petitmarocain,bd6t51346891,,failed,0,0,,http_manifest,known,403,manifest,"Client error '403 ' for url 'https://openapiproext.bnf.fr/iiif/presentation/v3/ark:/12148/bd6t51346891/manifest.json'
For more information check: https://developer.mozilla.org/en-US/docs/Web/HTTP/Status/403",2026-07-27T17:35:25.822923
petitmarocain,bd6t5134690z,,failed,0,0,,http_manifest,known,403,manifest,"Client error '403 ' for url 'https://openapiproext.bnf.fr/iiif/presentation/v3/ark:/12148/bd6t5134690z/manifest.json'
For more information check: https://developer.mozilla.org/en-US/docs/Web/HTTP/Status/403",2026-07-27T17:35:27.027194
petitmarocain,bd6t5134691b,,failed,0,0,,http_manifest,known,403,manifest,"Client error '403 ' for url 'https://openapiproext.bnf.fr/iiif/presentation/v3/ark:/12148/bd6t5134691b/manifest.json'
For more information check: https://developer.mozilla.org/en-US/docs/Web/HTTP/Status/403",2026-07-27T17:35:28.229738
petitmarocain,bd6t5134692q,,failed,0,0,,http_manifest,known,403,manifest,"Client error '403 ' for url 'https://openapiproext.bnf.fr/iiif/presentation/v3/ark:/12148/bd6t5134692q/manifest.json'
For more information check: https://developer.mozilla.org/en-US/docs/Web/HTTP/Status/403",2026-07-27T17:35:29.443481
petitmarocain,bd6t51346933,,failed,0,0,,http_manifest,known,403,manifest,"Client error '403 ' for url 'https://openapiproext.bnf.fr/iiif/presentation/v3/ark:/12148/bd6t51346933/manifest.json'
For more information check: https://developer.mozilla.org/en-US/docs/Web/HTTP/Status/403",2026-07-27T17:35:30.630716
petitmarocain,bd6t5134694g,,failed,0,0,,http_manifest,known,403,manifest,"Client error '403 ' for url 'https://openapiproext.bnf.fr/iiif/presentation/v3/ark:/12148/bd6t5134694g/manifest.json'
For more information check: https://developer.mozilla.org/en-US/docs/Web/HTTP/Status/403",2026-07-27T17:35:31.893611
petitmarocain,bd6t5134695v,,failed,0,0,,http_manifest,known,403,manifest,"Client error '403 ' for url 'https://openapiproext.bnf.fr/iiif/presentation/v3/ark:/12148/bd6t5134695v/manifest.json'
For more information check: https://developer.mozilla.org/en-US/docs/Web/HTTP/Status/403",2026-07-27T17:35:33.036445
petitmarocain,bd6t51346967,,failed,0,0,,http_manifest,known,403,manifest,"Client error '403 ' for url 'https://openapiproext.bnf.fr/iiif/presentation/v3/ark:/12148/bd6t51346967/manifest.json'
For more information check: https://developer.mozilla.org/en-US/docs/Web/HTTP/Status/403",2026-07-27T17:35:34.232590
petitmarocain,bd6t5134697m,,failed,0,0,,http_manifest,known,403,manifest,"Client error '403 ' for url 'https://openapiproext.bnf.fr/iiif/presentation/v3/ark:/12148/bd6t5134697m/manifest.json'
For more information check: https://developer.mozilla.org/en-US/docs/Web/HTTP/Status/403",2026-07-27T17:35:35.515042
petitmarocain,bd6t51346980,,failed,0,0,,http_manifest,known,403,manifest,"Client error '403 ' for url 'https://openapiproext.bnf.fr/iiif/presentation/v3/ark:/12148/bd6t51346980/manifest.json'
For more information check: https://developer.mozilla.org/en-US/docs/Web/HTTP/Status/403",2026-07-27T17:35:36.948251
petitmarocain,bd6t5134699c,,failed,0,0,,http_manifest,known,403,manifest,"Client error '403 ' for url 'https://openapiproext.bnf.fr/iiif/presentation/v3/ark:/12148/bd6t5134699c/manifest.json'
For more information check: https://developer.mozilla.org/en-US/docs/Web/HTTP/Status/403",2026-07-27T17:35:37.847019
petitmarocain,bd6t51347005,,failed,0,0,,http_manifest,known,403,manifest,"Client error '403 ' for url 'https://openapiproext.bnf.fr/iiif/presentation/v3/ark:/12148/bd6t51347005/manifest.json'
For more information check: https://developer.mozilla.org/en-US/docs/Web/HTTP/Status/403",2026-07-27T17:35:39.230807
petitmarocain,bd6t5134701j,,failed,0,0,,http_manifest,known,403,manifest,"Client error '403 ' for url 'https://openapiproext.bnf.fr/iiif/presentation/v3/ark:/12148/bd6t5134701j/manifest.json'
For more information check: https://developer.mozilla.org/en-US/docs/Web/HTTP/Status/403",2026-07-27T17:35:40.425808
petitmarocain,bd6t5134702x,,failed,0,0,,http_manifest,known,403,manifest,"Client error '403 ' for url 'https://openapiproext.bnf.fr/iiif/presentation/v3/ark:/12148/bd6t5134702x/manifest.json'
For more information check: https://developer.mozilla.org/en-US/docs/Web/HTTP/Status/403",2026-07-27T17:35:41.555454
petitmarocain,bd6t51347039,,failed,0,0,,http_manifest,known,403,manifest,"Client error '403 ' for url 'https://openapiproext.bnf.fr/iiif/presentation/v3/ark:/12148/bd6t51347039/manifest.json'
For more information check: https://developer.mozilla.org/en-US/docs/Web/HTTP/Status/403",2026-07-27T17:35:42.832935
petitmarocain,bd6t5134704p,,failed,0,0,,http_manifest,known,403,manifest,"Client error '403 ' for url 'https://openapiproext.bnf.fr/iiif/presentation/v3/ark:/12148/bd6t5134704p/manifest.json'
For more information check: https://developer.mozilla.org/en-US/docs/Web/HTTP/Status/403",2026-07-27T17:35:43.848568
petitmarocain,bd6t51347052,,failed,0,0,,http_manifest,known,403,manifest,"Client error '403 ' for url 'https://openapiproext.bnf.fr/iiif/presentation/v3/ark:/12148/bd6t51347052/manifest.json'
For more information check: https://developer.mozilla.org/en-US/docs/Web/HTTP/Status/403",2026-07-27T17:35:45.268116
petitmarocain,bd6t5134706f,,failed,0,0,,http_manifest,known,403,manifest,"Client error '403 ' for url 'https://openapiproext.bnf.fr/iiif/presentation/v3/ark:/12148/bd6t5134706f/manifest.json'
For more information check: https://developer.mozilla.org/en-US/docs/Web/HTTP/Status/403",2026-07-27T17:35:46.285272
petitmarocain,bd6t5134707t,,failed,0,0,,http_manifest,known,403,manifest,"Client error '403 ' for url 'https://openapiproext.bnf.fr/iiif/presentation/v3/ark:/12148/bd6t5134707t/manifest.json'
For more information check: https://developer.mozilla.org/en-US/docs/Web/HTTP/Status/403",2026-07-27T17:35:47.673204
petitmarocain,bd6t51347086,,failed,0,0,,http_manifest,known,403,manifest,"Client error '403 ' for url 'https://openapiproext.bnf.fr/iiif/presentation/v3/ark:/12148/bd6t51347086/manifest.json'
For more information check: https://developer.mozilla.org/en-US/docs/Web/HTTP/Status/403",2026-07-27T17:35:48.866431
petitmarocain,bd6t5134709k,,failed,0,0,,http_manifest,known,403,manifest,"Client error '403 ' for url 'https://openapiproext.bnf.fr/iiif/presentation/v3/ark:/12148/bd6t5134709k/manifest.json'
For more information check: https://developer.mozilla.org/en-US/docs/Web/HTTP/Status/403",2026-07-27T17:35:49.883739
petitmarocain,bd6t5134710h,,failed,0,0,,http_manifest,known,403,manifest,"Client error '403 ' for url 'https://openapiproext.bnf.fr/iiif/presentation/v3/ark:/12148/bd6t5134710h/manifest.json'
For more information check: https://developer.mozilla.org/en-US/docs/Web/HTTP/Status/403",2026-07-27T17:35:51.061125
petitmarocain,bd6t5134711w,,failed,0,0,,http_manifest,known,403,manifest,"Client error '403 ' for url 'https://openapiproext.bnf.fr/iiif/presentation/v3/ark:/12148/bd6t5134711w/manifest.json'
For more information check: https://developer.mozilla.org/en-US/docs/Web/HTTP/Status/403",2026-07-27T17:35:52.312667
petitmarocain,bd6t51347128,,failed,0,0,,http_manifest,known,403,manifest,"Client error '403 ' for url 'https://openapiproext.bnf.fr/iiif/presentation/v3/ark:/12148/bd6t51347128/manifest.json'
For more information check: https://developer.mozilla.org/en-US/docs/Web/HTTP/Status/403",2026-07-27T17:35:53.473692
petitmarocain,bd6t5134713n,,failed,0,0,,http_manifest,known,403,manifest,"Client error '403 ' for url 'https://openapiproext.bnf.fr/iiif/presentation/v3/ark:/12148/bd6t5134713n/manifest.json'
For more information check: https://developer.mozilla.org/en-US/docs/Web/HTTP/Status/403",2026-07-27T17:35:54.885835
petitmarocain,bd6t51347141,,failed,0,0,,http_manifest,known,403,manifest,"Client error '403 ' for url 'https://openapiproext.bnf.fr/iiif/presentation/v3/ark:/12148/bd6t51347141/manifest.json'
For more information check: https://developer.mozilla.org/en-US/docs/Web/HTTP/Status/403",2026-07-27T17:35:55.872285
petitmarocain,bd6t51356085,,failed,0,0,,http_manifest,known,403,manifest,"Client error '403 ' for url 'https://openapiproext.bnf.fr/iiif/presentation/v3/ark:/12148/bd6t51356085/manifest.json'
For more information check: https://developer.mozilla.org/en-US/docs/Web/HTTP/Status/403",2026-07-27T17:35:57.079807
petitmarocain,bd6t5135609j,,failed,0,0,,http_manifest,known,403,manifest,"Client error '403 ' for url 'https://openapiproext.bnf.fr/iiif/presentation/v3/ark:/12148/bd6t5135609j/manifest.json'
For more information check: https://developer.mozilla.org/en-US/docs/Web/HTTP/Status/403",2026-07-27T17:35:58.360873
petitmarocain,bd6t5135610g,,failed,0,0,,http_manifest,known,403,manifest,"Client error '403 ' for url 'https://openapiproext.bnf.fr/iiif/presentation/v3/ark:/12148/bd6t5135610g/manifest.json'
For more information check: https://developer.mozilla.org/en-US/docs/Web/HTTP/Status/403",2026-07-27T17:35:59.500326
petitmarocain,bd6t5135611v,,failed,0,0,,http_manifest,known,403,manifest,"Client error '403 ' for url 'https://openapiproext.bnf.fr/iiif/presentation/v3/ark:/12148/bd6t5135611v/manifest.json'
For more information check: https://developer.mozilla.org/en-US/docs/Web/HTTP/Status/403",2026-07-27T17:36:00.685400
petitmarocain,bd6t51356127,,failed,0,0,,http_manifest,known,403,manifest,"Client error '403 ' for url 'https://openapiproext.bnf.fr/iiif/presentation/v3/ark:/12148/bd6t51356127/manifest.json'
For more information check: https://developer.mozilla.org/en-US/docs/Web/HTTP/Status/403",2026-07-27T17:36:01.882832
petitmarocain,bd6t5135613m,,failed,0,0,,http_manifest,known,403,manifest,"Client error '403 ' for url 'https://openapiproext.bnf.fr/iiif/presentation/v3/ark:/12148/bd6t5135613m/manifest.json'
For more information check: https://developer.mozilla.org/en-US/docs/Web/HTTP/Status/403",2026-07-27T17:36:03.094399
petitmarocain,bd6t51356140,,failed,0,0,,http_manifest,known,403,manifest,"Client error '403 ' for url 'https://openapiproext.bnf.fr/iiif/presentation/v3/ark:/12148/bd6t51356140/manifest.json'
For more information check: https://developer.mozilla.org/en-US/docs/Web/HTTP/Status/403",2026-07-27T17:36:04.286506
petitmarocain,bd6t5135615c,,failed,0,0,,http_manifest,known,403,manifest,"Client error '403 ' for url 'https://openapiproext.bnf.fr/iiif/presentation/v3/ark:/12148/bd6t5135615c/manifest.json'
For more information check: https://developer.mozilla.org/en-US/docs/Web/HTTP/Status/403",2026-07-27T17:36:05.491882
petitmarocain,bd6t5135616r,,failed,0,0,,http_manifest,known,403,manifest,"Client error '403 ' for url 'https://openapiproext.bnf.fr/iiif/presentation/v3/ark:/12148/bd6t5135616r/manifest.json'
For more information check: https://developer.mozilla.org/en-US/docs/Web/HTTP/Status/403",2026-07-27T17:36:06.691546
petitmarocain,bd6t51356174,,failed,0,0,,http_manifest,known,403,manifest,"Client error '403 ' for url 'https://openapiproext.bnf.fr/iiif/presentation/v3/ark:/12148/bd6t51356174/manifest.json'
For more information check: https://developer.mozilla.org/en-US/docs/Web/HTTP/Status/403",2026-07-27T17:36:07.892898
petitmarocain,bd6t5135618h,,failed,0,0,,http_manifest,known,403,manifest,"Client error '403 ' for url 'https://openapiproext.bnf.fr/iiif/presentation/v3/ark:/12148/bd6t5135618h/manifest.json'
For more information check: https://developer.mozilla.org/en-US/docs/Web/HTTP/Status/403",2026-07-27T17:36:09.091663
petitmarocain,bd6t5135619w,,failed,0,0,,http_manifest,known,403,manifest,"Client error '403 ' for url 'https://openapiproext.bnf.fr/iiif/presentation/v3/ark:/12148/bd6t5135619w/manifest.json'
For more information check: https://developer.mozilla.org/en-US/docs/Web/HTTP/Status/403",2026-07-27T17:36:10.295947
petitmarocain,bd6t5135620t,,failed,0,0,,http_manifest,known,403,manifest,"Client error '403 ' for url 'https://openapiproext.bnf.fr/iiif/presentation/v3/ark:/12148/bd6t5135620t/manifest.json'
For more information check: https://developer.mozilla.org/en-US/docs/Web/HTTP/Status/403",2026-07-27T17:36:11.511626
petitmarocain,bd6t51356216,,failed,0,0,,http_manifest,known,403,manifest,"Client error '403 ' for url 'https://openapiproext.bnf.fr/iiif/presentation/v3/ark:/12148/bd6t51356216/manifest.json'
For more information check: https://developer.mozilla.org/en-US/docs/Web/HTTP/Status/403",2026-07-27T17:36:12.694462
petitmarocain,bd6t5135622k,,failed,0,0,,http_manifest,known,403,manifest,"Client error '403 ' for url 'https://openapiproext.bnf.fr/iiif/presentation/v3/ark:/12148/bd6t5135622k/manifest.json'
For more information check: https://developer.mozilla.org/en-US/docs/Web/HTTP/Status/403",2026-07-27T17:36:13.899034
petitmarocain,bd6t5135623z,,failed,0,0,,http_manifest,known,403,manifest,"Client error '403 ' for url 'https://openapiproext.bnf.fr/iiif/presentation/v3/ark:/12148/bd6t5135623z/manifest.json'
For more information check: https://developer.mozilla.org/en-US/docs/Web/HTTP/Status/403",2026-07-27T17:36:15.109518
petitmarocain,bd6t5135624b,,failed,0,0,,http_manifest,known,403,manifest,"Client error '403 ' for url 'https://openapiproext.bnf.fr/iiif/presentation/v3/ark:/12148/bd6t5135624b/manifest.json'
For more information check: https://developer.mozilla.org/en-US/docs/Web/HTTP/Status/403",2026-07-27T17:36:16.299337
petitmarocain,bd6t5135625q,,failed,0,0,,http_manifest,known,403,manifest,"Client error '403 ' for url 'https://openapiproext.bnf.fr/iiif/presentation/v3/ark:/12148/bd6t5135625q/manifest.json'
For more information check: https://developer.mozilla.org/en-US/docs/Web/HTTP/Status/403",2026-07-27T17:36:17.515901
petitmarocain,bd6t51356263,,failed,0,0,,http_manifest,known,403,manifest,"Client error '403 ' for url 'https://openapiproext.bnf.fr/iiif/presentation/v3/ark:/12148/bd6t51356263/manifest.json'
For more information check: https://developer.mozilla.org/en-US/docs/Web/HTTP/Status/403",2026-07-27T17:36:18.704584
petitmarocain,bd6t5135627g,,failed,0,0,,http_manifest,known,403,manifest,"Client error '403 ' for url 'https://openapiproext.bnf.fr/iiif/presentation/v3/ark:/12148/bd6t5135627g/manifest.json'
For more information check: https://developer.mozilla.org/en-US/docs/Web/HTTP/Status/403",2026-07-27T17:36:19.905696
petitmarocain,bd6t5135628v,,failed,0,0,,http_manifest,known,403,manifest,"Client error '403 ' for url 'https://openapiproext.bnf.fr/iiif/presentation/v3/ark:/12148/bd6t5135628v/manifest.json'
For more information check: https://developer.mozilla.org/en-US/docs/Web/HTTP/Status/403",2026-07-27T17:36:21.112136
petitmarocain,bd6t51356297,,failed,0,0,,http_manifest,known,403,manifest,"Client error '403 ' for url 'https://openapiproext.bnf.fr/iiif/presentation/v3/ark:/12148/bd6t51356297/manifest.json'
For more information check: https://developer.mozilla.org/en-US/docs/Web/HTTP/Status/403",2026-07-27T17:36:22.312684
petitmarocain,bd6t51356305,,failed,0,0,,http_manifest,known,403,manifest,"Client error '403 ' for url 'https://openapiproext.bnf.fr/iiif/presentation/v3/ark:/12148/bd6t51356305/manifest.json'
For more information check: https://developer.mozilla.org/en-US/docs/Web/HTTP/Status/403",2026-07-27T17:36:23.507304
petitmarocain,bd6t5135631j,,failed,0,0,,http_manifest,known,403,manifest,"Client error '403 ' for url 'https://openapiproext.bnf.fr/iiif/presentation/v3/ark:/12148/bd6t5135631j/manifest.json'
For more information check: https://developer.mozilla.org/en-US/docs/Web/HTTP/Status/403",2026-07-27T17:36:24.712922
petitmarocain,bd6t5135632x,,failed,0,0,,http_manifest,known,403,manifest,"Client error '403 ' for url 'https://openapiproext.bnf.fr/iiif/presentation/v3/ark:/12148/bd6t5135632x/manifest.json'
For more information check: https://developer.mozilla.org/en-US/docs/Web/HTTP/Status/403",2026-07-27T17:36:25.912123
petitmarocain,bd6t51356339,,failed,0,0,,http_manifest,known,403,manifest,"Client error '403 ' for url 'https://openapiproext.bnf.fr/iiif/presentation/v3/ark:/12148/bd6t51356339/manifest.json'
For more information check: https://developer.mozilla.org/en-US/docs/Web/HTTP/Status/403",2026-07-27T17:36:27.117523
petitmarocain,bd6t5135634p,,failed,0,0,,http_manifest,known,403,manifest,"Client error '403 ' for url 'https://openapiproext.bnf.fr/iiif/presentation/v3/ark:/12148/bd6t5135634p/manifest.json'
For more information check: https://developer.mozilla.org/en-US/docs/Web/HTTP/Status/403",2026-07-27T17:36:28.317694
petitmarocain,bd6t51356352,,failed,0,0,,http_manifest,known,403,manifest,"Client error '403 ' for url 'https://openapiproext.bnf.fr/iiif/presentation/v3/ark:/12148/bd6t51356352/manifest.json'
For more information check: https://developer.mozilla.org/en-US/docs/Web/HTTP/Status/403",2026-07-27T17:36:29.533747
petitmarocain,bd6t5135636f,,failed,0,0,,http_manifest,known,403,manifest,"Client error '403 ' for url 'https://openapiproext.bnf.fr/iiif/presentation/v3/ark:/12148/bd6t5135636f/manifest.json'
For more information check: https://developer.mozilla.org/en-US/docs/Web/HTTP/Status/403",2026-07-27T17:36:30.757720
petitmarocain,bd6t5135637t,,failed,0,0,,http_manifest,known,403,manifest,"Client error '403 ' for url 'https://openapiproext.bnf.fr/iiif/presentation/v3/ark:/12148/bd6t5135637t/manifest.json'
For more information check: https://developer.mozilla.org/en-US/docs/Web/HTTP/Status/403",2026-07-27T17:36:32.065988
petitmarocain,bd6t51356386,,failed,0,0,,http_manifest,known,403,manifest,"Client error '403 ' for url 'https://openapiproext.bnf.fr/iiif/presentation/v3/ark:/12148/bd6t51356386/manifest.json'
For more information check: https://developer.mozilla.org/en-US/docs/Web/HTTP/Status/403",2026-07-27T17:36:33.130647
petitmarocain,bd6t5135639k,,failed,0,0,,http_manifest,known,403,manifest,"Client error '403 ' for url 'https://openapiproext.bnf.fr/iiif/presentation/v3/ark:/12148/bd6t5135639k/manifest.json'
For more information check: https://developer.mozilla.org/en-US/docs/Web/HTTP/Status/403",2026-07-27T17:36:34.338138
petitmarocain,bd6t5135640h,,failed,0,0,,http_manifest,known,403,manifest,"Client error '403 ' for url 'https://openapiproext.bnf.fr/iiif/presentation/v3/ark:/12148/bd6t5135640h/manifest.json'
For more information check: https://developer.mozilla.org/en-US/docs/Web/HTTP/Status/403",2026-07-27T17:36:35.535113
petitmarocain,bd6t5135641w,,failed,0,0,,http_manifest,known,403,manifest,"Client error '403 ' for url 'https://openapiproext.bnf.fr/iiif/presentation/v3/ark:/12148/bd6t5135641w/manifest.json'
For more information check: https://developer.mozilla.org/en-US/docs/Web/HTTP/Status/403",2026-07-27T17:36:36.735439
petitmarocain,bd6t51356428,,failed,0,0,,http_manifest,known,403,manifest,"Client error '403 ' for url 'https://openapiproext.bnf.fr/iiif/presentation/v3/ark:/12148/bd6t51356428/manifest.json'
For more information check: https://developer.mozilla.org/en-US/docs/Web/HTTP/Status/403",2026-07-27T17:36:37.941826
petitmarocain,bd6t5135643n,,failed,0,0,,http_manifest,known,403,manifest,"Client error '403 ' for url 'https://openapiproext.bnf.fr/iiif/presentation/v3/ark:/12148/bd6t5135643n/manifest.json'
For more information check: https://developer.mozilla.org/en-US/docs/Web/HTTP/Status/403",2026-07-27T17:36:39.216726
petitmarocain,bd6t51356441,,failed,0,0,,http_manifest,known,403,manifest,"Client error '403 ' for url 'https://openapiproext.bnf.fr/iiif/presentation/v3/ark:/12148/bd6t51356441/manifest.json'
For more information check: https://developer.mozilla.org/en-US/docs/Web/HTTP/Status/403",2026-07-27T17:36:40.346829
petitmarocain,bd6t5135645d,,failed,0,0,,http_manifest,known,403,manifest,"Client error '403 ' for url 'https://openapiproext.bnf.fr/iiif/presentation/v3/ark:/12148/bd6t5135645d/manifest.json'
For more information check: https://developer.mozilla.org/en-US/docs/Web/HTTP/Status/403",2026-07-27T17:36:41.549721
petitmarocain,bd6t5135646s,,failed,0,0,,http_manifest,known,403,manifest,"Client error '403 ' for url 'https://openapiproext.bnf.fr/iiif/presentation/v3/ark:/12148/bd6t5135646s/manifest.json'
For more information check: https://developer.mozilla.org/en-US/docs/Web/HTTP/Status/403",2026-07-27T17:36:42.816621
petitmarocain,bd6t51356475,,failed,0,0,,http_manifest,known,403,manifest,"Client error '403 ' for url 'https://openapiproext.bnf.fr/iiif/presentation/v3/ark:/12148/bd6t51356475/manifest.json'
For more information check: https://developer.mozilla.org/en-US/docs/Web/HTTP/Status/403",2026-07-27T17:36:43.942377
petitmarocain,bd6t5135648j,,failed,0,0,,http_manifest,known,403,manifest,"Client error '403 ' for url 'https://openapiproext.bnf.fr/iiif/presentation/v3/ark:/12148/bd6t5135648j/manifest.json'
For more information check: https://developer.mozilla.org/en-US/docs/Web/HTTP/Status/403",2026-07-27T17:36:45.143581
petitmarocain,bd6t5135649x,,failed,0,0,,http_manifest,known,403,manifest,"Client error '403 ' for url 'https://openapiproext.bnf.fr/iiif/presentation/v3/ark:/12148/bd6t5135649x/manifest.json'
For more information check: https://developer.mozilla.org/en-US/docs/Web/HTTP/Status/403",2026-07-27T17:36:46.410846
petitmarocain,bd6t5135650v,,failed,0,0,,http_manifest,known,403,manifest,"Client error '403 ' for url 'https://openapiproext.bnf.fr/iiif/presentation/v3/ark:/12148/bd6t5135650v/manifest.json'
For more information check: https://developer.mozilla.org/en-US/docs/Web/HTTP/Status/403",2026-07-27T17:36:47.848865
petitmarocain,bd6t51356517,,failed,0,0,,http_manifest,known,403,manifest,"Client error '403 ' for url 'https://openapiproext.bnf.fr/iiif/presentation/v3/ark:/12148/bd6t51356517/manifest.json'
For more information check: https://developer.mozilla.org/en-US/docs/Web/HTTP/Status/403",2026-07-27T17:36:48.936611
petitmarocain,bd6t5135652m,,failed,0,0,,http_manifest,known,403,manifest,"Client error '403 ' for url 'https://openapiproext.bnf.fr/iiif/presentation/v3/ark:/12148/bd6t5135652m/manifest.json'
For more information check: https://developer.mozilla.org/en-US/docs/Web/HTTP/Status/403",2026-07-27T17:36:50.063524
petitmarocain,bd6t51356530,,failed,0,0,,http_manifest,known,403,manifest,"Client error '403 ' for url 'https://openapiproext.bnf.fr/iiif/presentation/v3/ark:/12148/bd6t51356530/manifest.json'
For more information check: https://developer.mozilla.org/en-US/docs/Web/HTTP/Status/403",2026-07-27T17:36:51.226887
petitmarocain,bd6t5135654c,,failed,0,0,,http_manifest,known,403,manifest,"Client error '403 ' for url 'https://openapiproext.bnf.fr/iiif/presentation/v3/ark:/12148/bd6t5135654c/manifest.json'
For more information check: https://developer.mozilla.org/en-US/docs/Web/HTTP/Status/403",2026-07-27T17:36:52.472119
petitmarocain,bd6t5135655r,,failed,0,0,,http_manifest,known,403,manifest,"Client error '403 ' for url 'https://openapiproext.bnf.fr/iiif/presentation/v3/ark:/12148/bd6t5135655r/manifest.json'
For more information check: https://developer.mozilla.org/en-US/docs/Web/HTTP/Status/403",2026-07-27T17:36:53.588824
petitmarocain,bd6t51356564,,failed,0,0,,http_manifest,known,403,manifest,"Client error '403 ' for url 'https://openapiproext.bnf.fr/iiif/presentation/v3/ark:/12148/bd6t51356564/manifest.json'
For more information check: https://developer.mozilla.org/en-US/docs/Web/HTTP/Status/403",2026-07-27T17:36:54.751338
petitmarocain,bd6t5135657h,,failed,0,0,,http_manifest,known,403,manifest,"Client error '403 ' for url 'https://openapiproext.bnf.fr/iiif/presentation/v3/ark:/12148/bd6t5135657h/manifest.json'
For more information check: https://developer.mozilla.org/en-US/docs/Web/HTTP/Status/403",2026-07-27T17:36:55.955576
petitmarocain,bd6t5135658w,,failed,0,0,,http_manifest,known,403,manifest,"Client error '403 ' for url 'https://openapiproext.bnf.fr/iiif/presentation/v3/ark:/12148/bd6t5135658w/manifest.json'
For more information check: https://developer.mozilla.org/en-US/docs/Web/HTTP/Status/403",2026-07-27T17:36:57.150239
petitmarocain,bd6t51356598,,failed,0,0,,http_manifest,known,403,manifest,"Client error '403 ' for url 'https://openapiproext.bnf.fr/iiif/presentation/v3/ark:/12148/bd6t51356598/manifest.json'
For more information check: https://developer.mozilla.org/en-US/docs/Web/HTTP/Status/403",2026-07-27T17:36:58.355121
petitmarocain,bd6t51356606,,failed,0,0,,http_manifest,known,403,manifest,"Client error '403 ' for url 'https://openapiproext.bnf.fr/iiif/presentation/v3/ark:/12148/bd6t51356606/manifest.json'
For more information check: https://developer.mozilla.org/en-US/docs/Web/HTTP/Status/403",2026-07-27T17:36:59.569682
petitmarocain,bd6t5135661k,,failed,0,0,,http_manifest,known,403,manifest,"Client error '403 ' for url 'https://openapiproext.bnf.fr/iiif/presentation/v3/ark:/12148/bd6t5135661k/manifest.json'
For more information check: https://developer.mozilla.org/en-US/docs/Web/HTTP/Status/403",2026-07-27T17:37:00.763605
petitmarocain,bd6t5135662z,,failed,0,0,,http_manifest,known,403,manifest,"Client error '403 ' for url 'https://openapiproext.bnf.fr/iiif/presentation/v3/ark:/12148/bd6t5135662z/manifest.json'
For more information check: https://developer.mozilla.org/en-US/docs/Web/HTTP/Status/403",2026-07-27T17:37:01.959461
petitmarocain,bd6t5135663b,,failed,0,0,,http_manifest,known,403,manifest,"Client error '403 ' for url 'https://openapiproext.bnf.fr/iiif/presentation/v3/ark:/12148/bd6t5135663b/manifest.json'
For more information check: https://developer.mozilla.org/en-US/docs/Web/HTTP/Status/403",2026-07-27T17:37:03.161525
petitmarocain,bd6t5135664q,,failed,0,0,,http_manifest,known,403,manifest,"Client error '403 ' for url 'https://openapiproext.bnf.fr/iiif/presentation/v3/ark:/12148/bd6t5135664q/manifest.json'
For more information check: https://developer.mozilla.org/en-US/docs/Web/HTTP/Status/403",2026-07-27T17:37:04.359794
petitmarocain,bd6t51356653,,failed,0,0,,http_manifest,known,403,manifest,"Client error '403 ' for url 'https://openapiproext.bnf.fr/iiif/presentation/v3/ark:/12148/bd6t51356653/manifest.json'
For more information check: https://developer.mozilla.org/en-US/docs/Web/HTTP/Status/403",2026-07-27T17:37:05.566128
petitmarocain,bd6t5135666g,,failed,0,0,,http_manifest,known,403,manifest,"Client error '403 ' for url 'https://openapiproext.bnf.fr/iiif/presentation/v3/ark:/12148/bd6t5135666g/manifest.json'
For more information check: https://developer.mozilla.org/en-US/docs/Web/HTTP/Status/403",2026-07-27T17:37:06.765976
petitmarocain,bd6t5135667v,,failed,0,0,,http_manifest,known,403,manifest,"Client error '403 ' for url 'https://openapiproext.bnf.fr/iiif/presentation/v3/ark:/12148/bd6t5135667v/manifest.json'
For more information check: https://developer.mozilla.org/en-US/docs/Web/HTTP/Status/403",2026-07-27T17:37:07.966065
petitmarocain,bd6t51356687,,failed,0,0,,http_manifest,known,403,manifest,"Client error '403 ' for url 'https://openapiproext.bnf.fr/iiif/presentation/v3/ark:/12148/bd6t51356687/manifest.json'
For more information check: https://developer.mozilla.org/en-US/docs/Web/HTTP/Status/403",2026-07-27T17:37:09.161879
petitmarocain,bd6t5135669m,,failed,0,0,,http_manifest,known,403,manifest,"Client error '403 ' for url 'https://openapiproext.bnf.fr/iiif/presentation/v3/ark:/12148/bd6t5135669m/manifest.json'
For more information check: https://developer.mozilla.org/en-US/docs/Web/HTTP/Status/403",2026-07-27T17:37:10.378133
petitmarocain,bd6t5135670j,,failed,0,0,,http_manifest,known,403,manifest,"Client error '403 ' for url 'https://openapiproext.bnf.fr/iiif/presentation/v3/ark:/12148/bd6t5135670j/manifest.json'
For more information check: https://developer.mozilla.org/en-US/docs/Web/HTTP/Status/403",2026-07-27T17:37:11.584563
petitmarocain,bd6t5135671x,,failed,0,0,,http_manifest,known,403,manifest,"Client error '403 ' for url 'https://openapiproext.bnf.fr/iiif/presentation/v3/ark:/12148/bd6t5135671x/manifest.json'
For more information check: https://developer.mozilla.org/en-US/docs/Web/HTTP/Status/403",2026-07-27T17:37:12.769749
petitmarocain,bd6t51356729,,failed,0,0,,http_manifest,known,403,manifest,"Client error '403 ' for url 'https://openapiproext.bnf.fr/iiif/presentation/v3/ark:/12148/bd6t51356729/manifest.json'
For more information check: https://developer.mozilla.org/en-US/docs/Web/HTTP/Status/403",2026-07-27T17:37:13.968575
petitmarocain,bd6t5135673p,,failed,0,0,,http_manifest,known,403,manifest,"Client error '403 ' for url 'https://openapiproext.bnf.fr/iiif/presentation/v3/ark:/12148/bd6t5135673p/manifest.json'
For more information check: https://developer.mozilla.org/en-US/docs/Web/HTTP/Status/403",2026-07-27T17:37:15.171564
petitmarocain,bd6t51356742,,failed,0,0,,http_manifest,known,403,manifest,"Client error '403 ' for url 'https://openapiproext.bnf.fr/iiif/presentation/v3/ark:/12148/bd6t51356742/manifest.json'
For more information check: https://developer.mozilla.org/en-US/docs/Web/HTTP/Status/403",2026-07-27T17:37:16.376678
petitmarocain,bd6t5135675f,,failed,0,0,,http_manifest,known,403,manifest,"Client error '403 ' for url 'https://openapiproext.bnf.fr/iiif/presentation/v3/ark:/12148/bd6t5135675f/manifest.json'
For more information check: https://developer.mozilla.org/en-US/docs/Web/HTTP/Status/403",2026-07-27T17:37:17.594765
petitmarocain,bd6t5135676t,,failed,0,0,,http_manifest,known,403,manifest,"Client error '403 ' for url 'https://openapiproext.bnf.fr/iiif/presentation/v3/ark:/12148/bd6t5135676t/manifest.json'
For more information check: https://developer.mozilla.org/en-US/docs/Web/HTTP/Status/403",2026-07-27T17:37:18.785832
petitmarocain,bd6t51356776,,failed,0,0,,http_manifest,known,403,manifest,"Client error '403 ' for url 'https://openapiproext.bnf.fr/iiif/presentation/v3/ark:/12148/bd6t51356776/manifest.json'
For more information check: https://developer.mozilla.org/en-US/docs/Web/HTTP/Status/403",2026-07-27T17:37:19.982407
petitmarocain,bd6t5135678k,,failed,0,0,,http_manifest,known,403,manifest,"Client error '403 ' for url 'https://openapiproext.bnf.fr/iiif/presentation/v3/ark:/12148/bd6t5135678k/manifest.json'
For more information check: https://developer.mozilla.org/en-US/docs/Web/HTTP/Status/403",2026-07-27T17:37:21.182129
petitmarocain,bd6t5135679z,,failed,0,0,,http_manifest,known,403,manifest,"Client error '403 ' for url 'https://openapiproext.bnf.fr/iiif/presentation/v3/ark:/12148/bd6t5135679z/manifest.json'
For more information check: https://developer.mozilla.org/en-US/docs/Web/HTTP/Status/403",2026-07-27T17:37:22.383607
petitmarocain,bd6t5135680w,,failed,0,0,,http_manifest,known,403,manifest,"Client error '403 ' for url 'https://openapiproext.bnf.fr/iiif/presentation/v3/ark:/12148/bd6t5135680w/manifest.json'
For more information check: https://developer.mozilla.org/en-US/docs/Web/HTTP/Status/403",2026-07-27T17:37:23.582992
petitmarocain,bd6t51356818,,failed,0,0,,http_manifest,known,403,manifest,"Client error '403 ' for url 'https://openapiproext.bnf.fr/iiif/presentation/v3/ark:/12148/bd6t51356818/manifest.json'
For more information check: https://developer.mozilla.org/en-US/docs/Web/HTTP/Status/403",2026-07-27T17:37:24.787255
petitmarocain,bd6t5135682n,,failed,0,0,,http_manifest,known,403,manifest,"Client error '403 ' for url 'https://openapiproext.bnf.fr/iiif/presentation/v3/ark:/12148/bd6t5135682n/manifest.json'
For more information check: https://developer.mozilla.org/en-US/docs/Web/HTTP/Status/403",2026-07-27T17:37:25.994943
petitmarocain,bd6t51356831,,failed,0,0,,http_manifest,known,403,manifest,"Client error '403 ' for url 'https://openapiproext.bnf.fr/iiif/presentation/v3/ark:/12148/bd6t51356831/manifest.json'
For more information check: https://developer.mozilla.org/en-US/docs/Web/HTTP/Status/403",2026-07-27T17:37:27.190654
petitmarocain,bd6t5135684d,,failed,0,0,,http_manifest,known,403,manifest,"Client error '403 ' for url 'https://openapiproext.bnf.fr/iiif/presentation/v3/ark:/12148/bd6t5135684d/manifest.json'
For more information check: https://developer.mozilla.org/en-US/docs/Web/HTTP/Status/403",2026-07-27T17:37:28.400928
petitmarocain,bd6t5135685s,,failed,0,0,,http_manifest,known,403,manifest,"Client error '403 ' for url 'https://openapiproext.bnf.fr/iiif/presentation/v3/ark:/12148/bd6t5135685s/manifest.json'
For more information check: https://developer.mozilla.org/en-US/docs/Web/HTTP/Status/403",2026-07-27T17:37:29.656431
petitmarocain,bd6t51356865,,failed,0,0,,http_manifest,known,403,manifest,"Client error '403 ' for url 'https://openapiproext.bnf.fr/iiif/presentation/v3/ark:/12148/bd6t51356865/manifest.json'
For more information check: https://developer.mozilla.org/en-US/docs/Web/HTTP/Status/403",2026-07-27T17:37:30.858797
petitmarocain,bd6t5135687j,,failed,0,0,,http_manifest,known,403,manifest,"Client error '403 ' for url 'https://openapiproext.bnf.fr/iiif/presentation/v3/ark:/12148/bd6t5135687j/manifest.json'
For more information check: https://developer.mozilla.org/en-US/docs/Web/HTTP/Status/403",2026-07-27T17:37:32.191842
petitmarocain,bd6t5135688x,,failed,0,0,,http_manifest,known,403,manifest,"Client error '403 ' for url 'https://openapiproext.bnf.fr/iiif/presentation/v3/ark:/12148/bd6t5135688x/manifest.json'
For more information check: https://developer.mozilla.org/en-US/docs/Web/HTTP/Status/403",2026-07-27T17:37:33.210591
petitmarocain,bd6t51356899,,failed,0,0,,http_manifest,known,403,manifest,"Client error '403 ' for url 'https://openapiproext.bnf.fr/iiif/presentation/v3/ark:/12148/bd6t51356899/manifest.json'
For more information check: https://developer.mozilla.org/en-US/docs/Web/HTTP/Status/403",2026-07-27T17:37:34.415187
petitmarocain,bd6t51356907,,failed,0,0,,http_manifest,known,403,manifest,"Client error '403 ' for url 'https://openapiproext.bnf.fr/iiif/presentation/v3/ark:/12148/bd6t51356907/manifest.json'
For more information check: https://developer.mozilla.org/en-US/docs/Web/HTTP/Status/403",2026-07-27T17:37:35.940759
petitmarocain,bd6t5135691m,,failed,0,0,,http_manifest,known,403,manifest,"Client error '403 ' for url 'https://openapiproext.bnf.fr/iiif/presentation/v3/ark:/12148/bd6t5135691m/manifest.json'
For more information check: https://developer.mozilla.org/en-US/docs/Web/HTTP/Status/403",2026-07-27T17:37:37.069932
petitmarocain,bd6t51356920,,failed,0,0,,http_manifest,known,403,manifest,"Client error '403 ' for url 'https://openapiproext.bnf.fr/iiif/presentation/v3/ark:/12148/bd6t51356920/manifest.json'
For more information check: https://developer.mozilla.org/en-US/docs/Web/HTTP/Status/403",2026-07-27T17:37:38.323970
petitmarocain,bd6t5135693c,,failed,0,0,,http_manifest,known,403,manifest,"Client error '403 ' for url 'https://openapiproext.bnf.fr/iiif/presentation/v3/ark:/12148/bd6t5135693c/manifest.json'
For more information check: https://developer.mozilla.org/en-US/docs/Web/HTTP/Status/403",2026-07-27T17:37:39.368002
petitmarocain,bd6t5135694r,,failed,0,0,,http_manifest,known,403,manifest,"Client error '403 ' for url 'https://openapiproext.bnf.fr/iiif/presentation/v3/ark:/12148/bd6t5135694r/manifest.json'
For more information check: https://developer.mozilla.org/en-US/docs/Web/HTTP/Status/403",2026-07-27T17:37:40.413757
petitmarocain,bd6t51356954,,failed,0,0,,http_manifest,known,403,manifest,"Client error '403 ' for url 'https://openapiproext.bnf.fr/iiif/presentation/v3/ark:/12148/bd6t51356954/manifest.json'
For more information check: https://developer.mozilla.org/en-US/docs/Web/HTTP/Status/403",2026-07-27T17:37:41.616793
petitmarocain,bd6t5135696h,,failed,0,0,,http_manifest,known,403,manifest,"Client error '403 ' for url 'https://openapiproext.bnf.fr/iiif/presentation/v3/ark:/12148/bd6t5135696h/manifest.json'
For more information check: https://developer.mozilla.org/en-US/docs/Web/HTTP/Status/403",2026-07-27T17:37:42.867526
petitmarocain,bd6t5135697w,,failed,0,0,,http_manifest,known,403,manifest,"Client error '403 ' for url 'https://openapiproext.bnf.fr/iiif/presentation/v3/ark:/12148/bd6t5135697w/manifest.json'
For more information check: https://developer.mozilla.org/en-US/docs/Web/HTTP/Status/403",2026-07-27T17:37:44.015896
petitmarocain,bd6t51356988,,failed,0,0,,http_manifest,known,403,manifest,"Client error '403 ' for url 'https://openapiproext.bnf.fr/iiif/presentation/v3/ark:/12148/bd6t51356988/manifest.json'
For more information check: https://developer.mozilla.org/en-US/docs/Web/HTTP/Status/403",2026-07-27T17:37:45.260851
petitmarocain,bd6t5135521w,,failed,0,0,,http_manifest,known,403,manifest,"Client error '403 ' for url 'https://openapiproext.bnf.fr/iiif/presentation/v3/ark:/12148/bd6t5135521w/manifest.json'
For more information check: https://developer.mozilla.org/en-US/docs/Web/HTTP/Status/403",2026-07-27T17:37:46.452779
petitmarocain,bd6t51355228,,failed,0,0,,http_manifest,known,403,manifest,"Client error '403 ' for url 'https://openapiproext.bnf.fr/iiif/presentation/v3/ark:/12148/bd6t51355228/manifest.json'
For more information check: https://developer.mozilla.org/en-US/docs/Web/HTTP/Status/403",2026-07-27T17:37:47.637268
petitmarocain,bd6t5135523n,,failed,0,0,,http_manifest,known,403,manifest,"Client error '403 ' for url 'https://openapiproext.bnf.fr/iiif/presentation/v3/ark:/12148/bd6t5135523n/manifest.json'
For more information check: https://developer.mozilla.org/en-US/docs/Web/HTTP/Status/403",2026-07-27T17:37:48.838609
petitmarocain,bd6t51355241,,failed,0,0,,http_manifest,known,403,manifest,"Client error '403 ' for url 'https://openapiproext.bnf.fr/iiif/presentation/v3/ark:/12148/bd6t51355241/manifest.json'
For more information check: https://developer.mozilla.org/en-US/docs/Web/HTTP/Status/403",2026-07-27T17:37:50.066735
petitmarocain,bd6t5135525d,,failed,0,0,,http_manifest,known,403,manifest,"Client error '403 ' for url 'https://openapiproext.bnf.fr/iiif/presentation/v3/ark:/12148/bd6t5135525d/manifest.json'
For more information check: https://developer.mozilla.org/en-US/docs/Web/HTTP/Status/403",2026-07-27T17:37:51.234186
petitmarocain,bd6t5135526s,,failed,0,0,,http_manifest,known,403,manifest,"Client error '403 ' for url 'https://openapiproext.bnf.fr/iiif/presentation/v3/ark:/12148/bd6t5135526s/manifest.json'
For more information check: https://developer.mozilla.org/en-US/docs/Web/HTTP/Status/403",2026-07-27T17:37:52.454096
petitmarocain,bd6t51355275,,failed,0,0,,http_manifest,known,403,manifest,"Client error '403 ' for url 'https://openapiproext.bnf.fr/iiif/presentation/v3/ark:/12148/bd6t51355275/manifest.json'
For more information check: https://developer.mozilla.org/en-US/docs/Web/HTTP/Status/403",2026-07-27T17:37:53.632099
petitmarocain,bd6t5135528j,,failed,0,0,,http_manifest,known,403,manifest,"Client error '403 ' for url 'https://openapiproext.bnf.fr/iiif/presentation/v3/ark:/12148/bd6t5135528j/manifest.json'
For more information check: https://developer.mozilla.org/en-US/docs/Web/HTTP/Status/403",2026-07-27T17:37:54.861772
petitmarocain,bd6t5135529x,,failed,0,0,,http_manifest,known,403,manifest,"Client error '403 ' for url 'https://openapiproext.bnf.fr/iiif/presentation/v3/ark:/12148/bd6t5135529x/manifest.json'
For more information check: https://developer.mozilla.org/en-US/docs/Web/HTTP/Status/403",2026-07-27T17:37:56.038804
petitmarocain,bd6t5135530v,,failed,0,0,,http_manifest,known,403,manifest,"Client error '403 ' for url 'https://openapiproext.bnf.fr/iiif/presentation/v3/ark:/12148/bd6t5135530v/manifest.json'
For more information check: https://developer.mozilla.org/en-US/docs/Web/HTTP/Status/403",2026-07-27T17:37:57.239753
petitmarocain,bd6t51355317,,failed,0,0,,http_manifest,known,403,manifest,"Client error '403 ' for url 'https://openapiproext.bnf.fr/iiif/presentation/v3/ark:/12148/bd6t51355317/manifest.json'
For more information check: https://developer.mozilla.org/en-US/docs/Web/HTTP/Status/403",2026-07-27T17:37:58.435638
petitmarocain,bd6t5135532m,,failed,0,0,,http_manifest,known,403,manifest,"Client error '403 ' for url 'https://openapiproext.bnf.fr/iiif/presentation/v3/ark:/12148/bd6t5135532m/manifest.json'
For more information check: https://developer.mozilla.org/en-US/docs/Web/HTTP/Status/403",2026-07-27T17:37:59.642377
petitmarocain,bd6t51355330,,failed,0,0,,http_manifest,known,403,manifest,"Client error '403 ' for url 'https://openapiproext.bnf.fr/iiif/presentation/v3/ark:/12148/bd6t51355330/manifest.json'
For more information check: https://developer.mozilla.org/en-US/docs/Web/HTTP/Status/403",2026-07-27T17:38:00.841260
petitmarocain,bd6t5135534c,,failed,0,0,,http_manifest,known,403,manifest,"Client error '403 ' for url 'https://openapiproext.bnf.fr/iiif/presentation/v3/ark:/12148/bd6t5135534c/manifest.json'
For more information check: https://developer.mozilla.org/en-US/docs/Web/HTTP/Status/403",2026-07-27T17:38:02.054124
petitmarocain,bd6t5135535r,,failed,0,0,,http_manifest,known,403,manifest,"Client error '403 ' for url 'https://openapiproext.bnf.fr/iiif/presentation/v3/ark:/12148/bd6t5135535r/manifest.json'
For more information check: https://developer.mozilla.org/en-US/docs/Web/HTTP/Status/403",2026-07-27T17:38:03.247421
petitmarocain,bd6t51355364,,failed,0,0,,http_manifest,known,403,manifest,"Client error '403 ' for url 'https://openapiproext.bnf.fr/iiif/presentation/v3/ark:/12148/bd6t51355364/manifest.json'
For more information check: https://developer.mozilla.org/en-US/docs/Web/HTTP/Status/403",2026-07-27T17:38:04.448052
petitmarocain,bd6t5135537h,,failed,0,0,,http_manifest,known,403,manifest,"Client error '403 ' for url 'https://openapiproext.bnf.fr/iiif/presentation/v3/ark:/12148/bd6t5135537h/manifest.json'
For more information check: https://developer.mozilla.org/en-US/docs/Web/HTTP/Status/403",2026-07-27T17:38:05.650282
petitmarocain,bd6t5135538w,,failed,0,0,,http_manifest,known,403,manifest,"Client error '403 ' for url 'https://openapiproext.bnf.fr/iiif/presentation/v3/ark:/12148/bd6t5135538w/manifest.json'
For more information check: https://developer.mozilla.org/en-US/docs/Web/HTTP/Status/403",2026-07-27T17:38:06.893097
petitmarocain,bd6t51355398,,failed,0,0,,http_manifest,known,403,manifest,"Client error '403 ' for url 'https://openapiproext.bnf.fr/iiif/presentation/v3/ark:/12148/bd6t51355398/manifest.json'
For more information check: https://developer.mozilla.org/en-US/docs/Web/HTTP/Status/403",2026-07-27T17:38:08.052261
petitmarocain,bd6t51355406,,failed,0,0,,http_manifest,known,403,manifest,"Client error '403 ' for url 'https://openapiproext.bnf.fr/iiif/presentation/v3/ark:/12148/bd6t51355406/manifest.json'
For more information check: https://developer.mozilla.org/en-US/docs/Web/HTTP/Status/403",2026-07-27T17:38:09.252232
petitmarocain,bd6t5135541k,,failed,0,0,,http_manifest,known,403,manifest,"Client error '403 ' for url 'https://openapiproext.bnf.fr/iiif/presentation/v3/ark:/12148/bd6t5135541k/manifest.json'
For more information check: https://developer.mozilla.org/en-US/docs/Web/HTTP/Status/403",2026-07-27T17:38:10.721312
petitmarocain,bd6t5135542z,,failed,0,0,,http_manifest,known,403,manifest,"Client error '403 ' for url 'https://openapiproext.bnf.fr/iiif/presentation/v3/ark:/12148/bd6t5135542z/manifest.json'
For more information check: https://developer.mozilla.org/en-US/docs/Web/HTTP/Status/403",2026-07-27T17:38:11.656870
petitmarocain,bd6t5135543b,,failed,0,0,,http_manifest,known,403,manifest,"Client error '403 ' for url 'https://openapiproext.bnf.fr/iiif/presentation/v3/ark:/12148/bd6t5135543b/manifest.json'
For more information check: https://developer.mozilla.org/en-US/docs/Web/HTTP/Status/403",2026-07-27T17:38:12.879381
petitmarocain,bd6t5135544q,,failed,0,0,,http_manifest,known,403,manifest,"Client error '403 ' for url 'https://openapiproext.bnf.fr/iiif/presentation/v3/ark:/12148/bd6t5135544q/manifest.json'
For more information check: https://developer.mozilla.org/en-US/docs/Web/HTTP/Status/403",2026-07-27T17:38:14.054511
petitmarocain,bd6t51355453,,failed,0,0,,http_manifest,known,403,manifest,"Client error '403 ' for url 'https://openapiproext.bnf.fr/iiif/presentation/v3/ark:/12148/bd6t51355453/manifest.json'
For more information check: https://developer.mozilla.org/en-US/docs/Web/HTTP/Status/403",2026-07-27T17:38:15.263854
petitmarocain,bd6t5135546g,,failed,0,0,,http_manifest,known,403,manifest,"Client error '403 ' for url 'https://openapiproext.bnf.fr/iiif/presentation/v3/ark:/12148/bd6t5135546g/manifest.json'
For more information check: https://developer.mozilla.org/en-US/docs/Web/HTTP/Status/403",2026-07-27T17:38:16.464340
petitmarocain,bd6t5135547v,,failed,0,0,,http_manifest,known,403,manifest,"Client error '403 ' for url 'https://openapiproext.bnf.fr/iiif/presentation/v3/ark:/12148/bd6t5135547v/manifest.json'
For more information check: https://developer.mozilla.org/en-US/docs/Web/HTTP/Status/403",2026-07-27T17:38:17.665743
petitmarocain,bd6t51355487,,failed,0,0,,http_manifest,known,403,manifest,"Client error '403 ' for url 'https://openapiproext.bnf.fr/iiif/presentation/v3/ark:/12148/bd6t51355487/manifest.json'
For more information check: https://developer.mozilla.org/en-US/docs/Web/HTTP/Status/403",2026-07-27T17:38:18.868773
petitmarocain,bd6t5135549m,,failed,0,0,,http_manifest,known,403,manifest,"Client error '403 ' for url 'https://openapiproext.bnf.fr/iiif/presentation/v3/ark:/12148/bd6t5135549m/manifest.json'
For more information check: https://developer.mozilla.org/en-US/docs/Web/HTTP/Status/403",2026-07-27T17:38:20.079394
petitmarocain,bd6t5135550j,,failed,0,0,,http_manifest,known,403,manifest,"Client error '403 ' for url 'https://openapiproext.bnf.fr/iiif/presentation/v3/ark:/12148/bd6t5135550j/manifest.json'
For more information check: https://developer.mozilla.org/en-US/docs/Web/HTTP/Status/403",2026-07-27T17:38:21.267807
petitmarocain,bd6t5135551x,,failed,0,0,,http_manifest,known,403,manifest,"Client error '403 ' for url 'https://openapiproext.bnf.fr/iiif/presentation/v3/ark:/12148/bd6t5135551x/manifest.json'
For more information check: https://developer.mozilla.org/en-US/docs/Web/HTTP/Status/403",2026-07-27T17:38:22.468977
petitmarocain,bd6t51355529,,failed,0,0,,http_manifest,known,403,manifest,"Client error '403 ' for url 'https://openapiproext.bnf.fr/iiif/presentation/v3/ark:/12148/bd6t51355529/manifest.json'
For more information check: https://developer.mozilla.org/en-US/docs/Web/HTTP/Status/403",2026-07-27T17:38:23.672089
petitmarocain,bd6t5135553p,,failed,0,0,,http_manifest,known,403,manifest,"Client error '403 ' for url 'https://openapiproext.bnf.fr/iiif/presentation/v3/ark:/12148/bd6t5135553p/manifest.json'
For more information check: https://developer.mozilla.org/en-US/docs/Web/HTTP/Status/403",2026-07-27T17:38:24.890952
petitmarocain,bd6t51355542,,failed,0,0,,http_manifest,known,403,manifest,"Client error '403 ' for url 'https://openapiproext.bnf.fr/iiif/presentation/v3/ark:/12148/bd6t51355542/manifest.json'
For more information check: https://developer.mozilla.org/en-US/docs/Web/HTTP/Status/403",2026-07-27T17:38:26.080588
petitmarocain,bd6t5135555f,,failed,0,0,,http_manifest,known,403,manifest,"Client error '403 ' for url 'https://openapiproext.bnf.fr/iiif/presentation/v3/ark:/12148/bd6t5135555f/manifest.json'
For more information check: https://developer.mozilla.org/en-US/docs/Web/HTTP/Status/403",2026-07-27T17:38:27.280857
petitmarocain,bd6t5135556t,,failed,0,0,,http_manifest,known,403,manifest,"Client error '403 ' for url 'https://openapiproext.bnf.fr/iiif/presentation/v3/ark:/12148/bd6t5135556t/manifest.json'
For more information check: https://developer.mozilla.org/en-US/docs/Web/HTTP/Status/403",2026-07-27T17:38:28.606917
petitmarocain,bd6t51355576,,failed,0,0,,http_manifest,known,403,manifest,"Client error '403 ' for url 'https://openapiproext.bnf.fr/iiif/presentation/v3/ark:/12148/bd6t51355576/manifest.json'
For more information check: https://developer.mozilla.org/en-US/docs/Web/HTTP/Status/403",2026-07-27T17:38:29.847557
petitmarocain,bd6t5135558k,,failed,0,0,,http_manifest,known,403,manifest,"Client error '403 ' for url 'https://openapiproext.bnf.fr/iiif/presentation/v3/ark:/12148/bd6t5135558k/manifest.json'
For more information check: https://developer.mozilla.org/en-US/docs/Web/HTTP/Status/403",2026-07-27T17:38:30.922554
petitmarocain,bd6t5135559z,,failed,0,0,,http_manifest,known,403,manifest,"Client error '403 ' for url 'https://openapiproext.bnf.fr/iiif/presentation/v3/ark:/12148/bd6t5135559z/manifest.json'
For more information check: https://developer.mozilla.org/en-US/docs/Web/HTTP/Status/403",2026-07-27T17:38:32.092797
petitmarocain,bd6t5135560w,,failed,0,0,,http_manifest,known,403,manifest,"Client error '403 ' for url 'https://openapiproext.bnf.fr/iiif/presentation/v3/ark:/12148/bd6t5135560w/manifest.json'
For more information check: https://developer.mozilla.org/en-US/docs/Web/HTTP/Status/403",2026-07-27T17:38:33.310849
petitmarocain,bd6t51355618,,failed,0,0,,http_manifest,known,403,manifest,"Client error '403 ' for url 'https://openapiproext.bnf.fr/iiif/presentation/v3/ark:/12148/bd6t51355618/manifest.json'
For more information check: https://developer.mozilla.org/en-US/docs/Web/HTTP/Status/403",2026-07-27T17:38:34.494593
petitmarocain,bd6t5135562n,,failed,0,0,,http_manifest,known,403,manifest,"Client error '403 ' for url 'https://openapiproext.bnf.fr/iiif/presentation/v3/ark:/12148/bd6t5135562n/manifest.json'
For more information check: https://developer.mozilla.org/en-US/docs/Web/HTTP/Status/403",2026-07-27T17:38:35.705109
petitmarocain,bd6t51355631,,failed,0,0,,http_manifest,known,403,manifest,"Client error '403 ' for url 'https://openapiproext.bnf.fr/iiif/presentation/v3/ark:/12148/bd6t51355631/manifest.json'
For more information check: https://developer.mozilla.org/en-US/docs/Web/HTTP/Status/403",2026-07-27T17:38:37.009449
petitmarocain,bd6t5135564d,,failed,0,0,,http_manifest,known,403,manifest,"Client error '403 ' for url 'https://openapiproext.bnf.fr/iiif/presentation/v3/ark:/12148/bd6t5135564d/manifest.json'
For more information check: https://developer.mozilla.org/en-US/docs/Web/HTTP/Status/403",2026-07-27T17:38:38.315817
petitmarocain,bd6t5135565s,,failed,0,0,,http_manifest,known,403,manifest,"Client error '403 ' for url 'https://openapiproext.bnf.fr/iiif/presentation/v3/ark:/12148/bd6t5135565s/manifest.json'
For more information check: https://developer.mozilla.org/en-US/docs/Web/HTTP/Status/403",2026-07-27T17:38:39.466863
petitmarocain,bd6t51355665,,failed,0,0,,http_manifest,known,403,manifest,"Client error '403 ' for url 'https://openapiproext.bnf.fr/iiif/presentation/v3/ark:/12148/bd6t51355665/manifest.json'
For more information check: https://developer.mozilla.org/en-US/docs/Web/HTTP/Status/403",2026-07-27T17:38:40.519438
petitmarocain,bd6t5135567j,,failed,0,0,,http_manifest,known,403,manifest,"Client error '403 ' for url 'https://openapiproext.bnf.fr/iiif/presentation/v3/ark:/12148/bd6t5135567j/manifest.json'
For more information check: https://developer.mozilla.org/en-US/docs/Web/HTTP/Status/403",2026-07-27T17:38:41.725260
petitmarocain,bd6t5135568x,,failed,0,0,,http_manifest,known,403,manifest,"Client error '403 ' for url 'https://openapiproext.bnf.fr/iiif/presentation/v3/ark:/12148/bd6t5135568x/manifest.json'
For more information check: https://developer.mozilla.org/en-US/docs/Web/HTTP/Status/403",2026-07-27T17:38:42.922384
petitmarocain,bd6t51355699,,failed,0,0,,http_manifest,known,403,manifest,"Client error '403 ' for url 'https://openapiproext.bnf.fr/iiif/presentation/v3/ark:/12148/bd6t51355699/manifest.json'
For more information check: https://developer.mozilla.org/en-US/docs/Web/HTTP/Status/403",2026-07-27T17:38:44.360467
petitmarocain,bd6t51355707,,failed,0,0,,http_manifest,known,403,manifest,"Client error '403 ' for url 'https://openapiproext.bnf.fr/iiif/presentation/v3/ark:/12148/bd6t51355707/manifest.json'
For more information check: https://developer.mozilla.org/en-US/docs/Web/HTTP/Status/403",2026-07-27T17:38:45.365316
petitmarocain,bd6t5135571m,,failed,0,0,,http_manifest,known,403,manifest,"Client error '403 ' for url 'https://openapiproext.bnf.fr/iiif/presentation/v3/ark:/12148/bd6t5135571m/manifest.json'
For more information check: https://developer.mozilla.org/en-US/docs/Web/HTTP/Status/403",2026-07-27T17:38:46.516882
petitmarocain,bd6t51355720,,failed,0,0,,http_manifest,known,403,manifest,"Client error '403 ' for url 'https://openapiproext.bnf.fr/iiif/presentation/v3/ark:/12148/bd6t51355720/manifest.json'
For more information check: https://developer.mozilla.org/en-US/docs/Web/HTTP/Status/403",2026-07-27T17:38:47.897333
petitmarocain,bd6t5135573c,,failed,0,0,,http_manifest,known,403,manifest,"Client error '403 ' for url 'https://openapiproext.bnf.fr/iiif/presentation/v3/ark:/12148/bd6t5135573c/manifest.json'
For more information check: https://developer.mozilla.org/en-US/docs/Web/HTTP/Status/403",2026-07-27T17:38:48.919190
petitmarocain,bd6t5135574r,,failed,0,0,,http_manifest,known,403,manifest,"Client error '403 ' for url 'https://openapiproext.bnf.fr/iiif/presentation/v3/ark:/12148/bd6t5135574r/manifest.json'
For more information check: https://developer.mozilla.org/en-US/docs/Web/HTTP/Status/403",2026-07-27T17:38:50.260033
petitmarocain,bd6t51355754,,failed,0,0,,http_manifest,known,403,manifest,"Client error '403 ' for url 'https://openapiproext.bnf.fr/iiif/presentation/v3/ark:/12148/bd6t51355754/manifest.json'
For more information check: https://developer.mozilla.org/en-US/docs/Web/HTTP/Status/403",2026-07-27T17:38:51.621261
petitmarocain,bd6t5135576h,,failed,0,0,,http_manifest,known,403,manifest,"Client error '403 ' for url 'https://openapiproext.bnf.fr/iiif/presentation/v3/ark:/12148/bd6t5135576h/manifest.json'
For more information check: https://developer.mozilla.org/en-US/docs/Web/HTTP/Status/403",2026-07-27T17:38:52.696176
petitmarocain,bd6t5135577w,,failed,0,0,,http_manifest,known,403,manifest,"Client error '403 ' for url 'https://openapiproext.bnf.fr/iiif/presentation/v3/ark:/12148/bd6t5135577w/manifest.json'
For more information check: https://developer.mozilla.org/en-US/docs/Web/HTTP/Status/403",2026-07-27T17:38:53.900555
petitmarocain,bd6t51355788,,failed,0,0,,http_manifest,known,403,manifest,"Client error '403 ' for url 'https://openapiproext.bnf.fr/iiif/presentation/v3/ark:/12148/bd6t51355788/manifest.json'
For more information check: https://developer.mozilla.org/en-US/docs/Web/HTTP/Status/403",2026-07-27T17:38:55.193561
petitmarocain,bd6t5135579n,,failed,0,0,,http_manifest,known,403,manifest,"Client error '403 ' for url 'https://openapiproext.bnf.fr/iiif/presentation/v3/ark:/12148/bd6t5135579n/manifest.json'
For more information check: https://developer.mozilla.org/en-US/docs/Web/HTTP/Status/403",2026-07-27T17:38:56.133722
petitmarocain,bd6t5135580k,,failed,0,0,,http_manifest,known,403,manifest,"Client error '403 ' for url 'https://openapiproext.bnf.fr/iiif/presentation/v3/ark:/12148/bd6t5135580k/manifest.json'
For more information check: https://developer.mozilla.org/en-US/docs/Web/HTTP/Status/403",2026-07-27T17:38:57.332914
petitmarocain,bd6t5135581z,,failed,0,0,,http_manifest,known,403,manifest,"Client error '403 ' for url 'https://openapiproext.bnf.fr/iiif/presentation/v3/ark:/12148/bd6t5135581z/manifest.json'
For more information check: https://developer.mozilla.org/en-US/docs/Web/HTTP/Status/403",2026-07-27T17:38:58.526765
petitmarocain,bd6t5135582b,,failed,0,0,,http_manifest,known,403,manifest,"Client error '403 ' for url 'https://openapiproext.bnf.fr/iiif/presentation/v3/ark:/12148/bd6t5135582b/manifest.json'
For more information check: https://developer.mozilla.org/en-US/docs/Web/HTTP/Status/403",2026-07-27T17:38:59.733696
petitmarocain,bd6t5135583q,,failed,0,0,,http_manifest,known,403,manifest,"Client error '403 ' for url 'https://openapiproext.bnf.fr/iiif/presentation/v3/ark:/12148/bd6t5135583q/manifest.json'
For more information check: https://developer.mozilla.org/en-US/docs/Web/HTTP/Status/403",2026-07-27T17:39:00.936267
petitmarocain,bd6t51355843,,failed,0,0,,http_manifest,known,403,manifest,"Client error '403 ' for url 'https://openapiproext.bnf.fr/iiif/presentation/v3/ark:/12148/bd6t51355843/manifest.json'
For more information check: https://developer.mozilla.org/en-US/docs/Web/HTTP/Status/403",2026-07-27T17:39:02.141632
petitmarocain,bd6t5135585g,,failed,0,0,,http_manifest,known,403,manifest,"Client error '403 ' for url 'https://openapiproext.bnf.fr/iiif/presentation/v3/ark:/12148/bd6t5135585g/manifest.json'
For more information check: https://developer.mozilla.org/en-US/docs/Web/HTTP/Status/403",2026-07-27T17:39:03.340833
petitmarocain,bd6t5135586v,,failed,0,0,,http_manifest,known,403,manifest,"Client error '403 ' for url 'https://openapiproext.bnf.fr/iiif/presentation/v3/ark:/12148/bd6t5135586v/manifest.json'
For more information check: https://developer.mozilla.org/en-US/docs/Web/HTTP/Status/403",2026-07-27T17:39:04.536149
petitmarocain,bd6t51355877,,failed,0,0,,http_manifest,known,403,manifest,"Client error '403 ' for url 'https://openapiproext.bnf.fr/iiif/presentation/v3/ark:/12148/bd6t51355877/manifest.json'
For more information check: https://developer.mozilla.org/en-US/docs/Web/HTTP/Status/403",2026-07-27T17:39:05.742011
petitmarocain,bd6t5135588m,,failed,0,0,,http_manifest,known,403,manifest,"Client error '403 ' for url 'https://openapiproext.bnf.fr/iiif/presentation/v3/ark:/12148/bd6t5135588m/manifest.json'
For more information check: https://developer.mozilla.org/en-US/docs/Web/HTTP/Status/403",2026-07-27T17:39:06.966940
petitmarocain,bd6t51355890,,failed,0,0,,http_manifest,known,403,manifest,"Client error '403 ' for url 'https://openapiproext.bnf.fr/iiif/presentation/v3/ark:/12148/bd6t51355890/manifest.json'
For more information check: https://developer.mozilla.org/en-US/docs/Web/HTTP/Status/403",2026-07-27T17:39:08.137063
petitmarocain,bd6t5135590x,,failed,0,0,,http_manifest,known,403,manifest,"Client error '403 ' for url 'https://openapiproext.bnf.fr/iiif/presentation/v3/ark:/12148/bd6t5135590x/manifest.json'
For more information check: https://developer.mozilla.org/en-US/docs/Web/HTTP/Status/403",2026-07-27T17:39:09.342888
petitmarocain,bd6t51355919,,failed,0,0,,http_manifest,known,403,manifest,"Client error '403 ' for url 'https://openapiproext.bnf.fr/iiif/presentation/v3/ark:/12148/bd6t51355919/manifest.json'
For more information check: https://developer.mozilla.org/en-US/docs/Web/HTTP/Status/403",2026-07-27T17:39:10.544265
petitmarocain,bd6t5135592p,,failed,0,0,,http_manifest,known,403,manifest,"Client error '403 ' for url 'https://openapiproext.bnf.fr/iiif/presentation/v3/ark:/12148/bd6t5135592p/manifest.json'
For more information check: https://developer.mozilla.org/en-US/docs/Web/HTTP/Status/403",2026-07-27T17:39:11.747318
petitmarocain,bd6t51355932,,failed,0,0,,http_manifest,known,403,manifest,"Client error '403 ' for url 'https://openapiproext.bnf.fr/iiif/presentation/v3/ark:/12148/bd6t51355932/manifest.json'
For more information check: https://developer.mozilla.org/en-US/docs/Web/HTTP/Status/403",2026-07-27T17:39:12.971954
petitmarocain,bd6t5135594f,,failed,0,0,,http_manifest,known,403,manifest,"Client error '403 ' for url 'https://openapiproext.bnf.fr/iiif/presentation/v3/ark:/12148/bd6t5135594f/manifest.json'
For more information check: https://developer.mozilla.org/en-US/docs/Web/HTTP/Status/403",2026-07-27T17:39:14.151601
petitmarocain,bd6t5135595t,,failed,0,0,,http_manifest,known,403,manifest,"Client error '403 ' for url 'https://openapiproext.bnf.fr/iiif/presentation/v3/ark:/12148/bd6t5135595t/manifest.json'
For more information check: https://developer.mozilla.org/en-US/docs/Web/HTTP/Status/403",2026-07-27T17:39:15.362892
petitmarocain,bd6t51355966,,failed,0,0,,http_manifest,known,403,manifest,"Client error '403 ' for url 'https://openapiproext.bnf.fr/iiif/presentation/v3/ark:/12148/bd6t51355966/manifest.json'
For more information check: https://developer.mozilla.org/en-US/docs/Web/HTTP/Status/403",2026-07-27T17:39:16.556087
petitmarocain,bd6t5135597k,,failed,0,0,,http_manifest,known,403,manifest,"Client error '403 ' for url 'https://openapiproext.bnf.fr/iiif/presentation/v3/ark:/12148/bd6t5135597k/manifest.json'
For more information check: https://developer.mozilla.org/en-US/docs/Web/HTTP/Status/403",2026-07-27T17:39:17.754906
petitmarocain,bd6t5135598z,,failed,0,0,,http_manifest,known,403,manifest,"Client error '403 ' for url 'https://openapiproext.bnf.fr/iiif/presentation/v3/ark:/12148/bd6t5135598z/manifest.json'
For more information check: https://developer.mozilla.org/en-US/docs/Web/HTTP/Status/403",2026-07-27T17:39:18.958976
petitmarocain,bd6t5135599b,,failed,0,0,,http_manifest,known,403,manifest,"Client error '403 ' for url 'https://openapiproext.bnf.fr/iiif/presentation/v3/ark:/12148/bd6t5135599b/manifest.json'
For more information check: https://developer.mozilla.org/en-US/docs/Web/HTTP/Status/403",2026-07-27T17:39:20.159070
petitmarocain,bd6t51356004,,failed,0,0,,http_manifest,known,403,manifest,"Client error '403 ' for url 'https://openapiproext.bnf.fr/iiif/presentation/v3/ark:/12148/bd6t51356004/manifest.json'
For more information check: https://developer.mozilla.org/en-US/docs/Web/HTTP/Status/403",2026-07-27T17:39:21.361578
petitmarocain,bd6t5135601h,,failed,0,0,,http_manifest,known,403,manifest,"Client error '403 ' for url 'https://openapiproext.bnf.fr/iiif/presentation/v3/ark:/12148/bd6t5135601h/manifest.json'
For more information check: https://developer.mozilla.org/en-US/docs/Web/HTTP/Status/403",2026-07-27T17:39:22.569851
petitmarocain,bd6t5135602w,,failed,0,0,,http_manifest,known,403,manifest,"Client error '403 ' for url 'https://openapiproext.bnf.fr/iiif/presentation/v3/ark:/12148/bd6t5135602w/manifest.json'
For more information check: https://developer.mozilla.org/en-US/docs/Web/HTTP/Status/403",2026-07-27T17:39:23.765451
petitmarocain,bd6t51356038,,failed,0,0,,http_manifest,known,403,manifest,"Client error '403 ' for url 'https://openapiproext.bnf.fr/iiif/presentation/v3/ark:/12148/bd6t51356038/manifest.json'
For more information check: https://developer.mozilla.org/en-US/docs/Web/HTTP/Status/403",2026-07-27T17:39:24.987562
petitmarocain,bd6t5135604n,,failed,0,0,,http_manifest,known,403,manifest,"Client error '403 ' for url 'https://openapiproext.bnf.fr/iiif/presentation/v3/ark:/12148/bd6t5135604n/manifest.json'
For more information check: https://developer.mozilla.org/en-US/docs/Web/HTTP/Status/403",2026-07-27T17:39:26.178790
petitmarocain,bd6t51356051,,failed,0,0,,http_manifest,known,403,manifest,"Client error '403 ' for url 'https://openapiproext.bnf.fr/iiif/presentation/v3/ark:/12148/bd6t51356051/manifest.json'
For more information check: https://developer.mozilla.org/en-US/docs/Web/HTTP/Status/403",2026-07-27T17:39:27.368631
petitmarocain,bd6t5135606d,,failed,0,0,,http_manifest,known,403,manifest,"Client error '403 ' for url 'https://openapiproext.bnf.fr/iiif/presentation/v3/ark:/12148/bd6t5135606d/manifest.json'
For more information check: https://developer.mozilla.org/en-US/docs/Web/HTTP/Status/403",2026-07-27T17:39:28.566633
petitmarocain,bd6t5135607s,,failed,0,0,,http_manifest,known,403,manifest,"Client error '403 ' for url 'https://openapiproext.bnf.fr/iiif/presentation/v3/ark:/12148/bd6t5135607s/manifest.json'
For more information check: https://developer.mozilla.org/en-US/docs/Web/HTTP/Status/403",2026-07-27T17:39:29.773677
petitmarocain,bd6t5134715d,,failed,0,0,,http_manifest,known,403,manifest,"Client error '403 ' for url 'https://openapiproext.bnf.fr/iiif/presentation/v3/ark:/12148/bd6t5134715d/manifest.json'
For more information check: https://developer.mozilla.org/en-US/docs/Web/HTTP/Status/403",2026-07-27T17:39:30.979408
petitmarocain,bd6t5134716s,,failed,0,0,,http_manifest,known,403,manifest,"Client error '403 ' for url 'https://openapiproext.bnf.fr/iiif/presentation/v3/ark:/12148/bd6t5134716s/manifest.json'
For more information check: https://developer.mozilla.org/en-US/docs/Web/HTTP/Status/403",2026-07-27T17:39:32.177752
petitmarocain,bd6t51347175,,failed,0,0,,http_manifest,known,403,manifest,"Client error '403 ' for url 'https://openapiproext.bnf.fr/iiif/presentation/v3/ark:/12148/bd6t51347175/manifest.json'
For more information check: https://developer.mozilla.org/en-US/docs/Web/HTTP/Status/403",2026-07-27T17:39:33.389420
petitmarocain,bd6t5134718j,,failed,0,0,,http_manifest,known,403,manifest,"Client error '403 ' for url 'https://openapiproext.bnf.fr/iiif/presentation/v3/ark:/12148/bd6t5134718j/manifest.json'
For more information check: https://developer.mozilla.org/en-US/docs/Web/HTTP/Status/403",2026-07-27T17:39:34.571106
petitmarocain,bd6t5134719x,,failed,0,0,,http_manifest,known,403,manifest,"Client error '403 ' for url 'https://openapiproext.bnf.fr/iiif/presentation/v3/ark:/12148/bd6t5134719x/manifest.json'
For more information check: https://developer.mozilla.org/en-US/docs/Web/HTTP/Status/403",2026-07-27T17:39:36.434482
petitmarocain,bd6t5134720v,,failed,0,0,,http_manifest,known,403,manifest,"Client error '403 ' for url 'https://openapiproext.bnf.fr/iiif/presentation/v3/ark:/12148/bd6t5134720v/manifest.json'
For more information check: https://developer.mozilla.org/en-US/docs/Web/HTTP/Status/403",2026-07-27T17:39:37.156979
petitmarocain,bd6t51347217,,failed,0,0,,http_manifest,known,403,manifest,"Client error '403 ' for url 'https://openapiproext.bnf.fr/iiif/presentation/v3/ark:/12148/bd6t51347217/manifest.json'
For more information check: https://developer.mozilla.org/en-US/docs/Web/HTTP/Status/403",2026-07-27T17:39:38.183038
petitmarocain,bd6t5134722m,,failed,0,0,,http_manifest,known,403,manifest,"Client error '403 ' for url 'https://openapiproext.bnf.fr/iiif/presentation/v3/ark:/12148/bd6t5134722m/manifest.json'
For more information check: https://developer.mozilla.org/en-US/docs/Web/HTTP/Status/403",2026-07-27T17:39:39.510384
petitmarocain,bd6t51347230,,failed,0,0,,http_manifest,known,403,manifest,"Client error '403 ' for url 'https://openapiproext.bnf.fr/iiif/presentation/v3/ark:/12148/bd6t51347230/manifest.json'
For more information check: https://developer.mozilla.org/en-US/docs/Web/HTTP/Status/403",2026-07-27T17:39:40.599392
petitmarocain,bd6t5134724c,,failed,0,0,,http_manifest,known,403,manifest,"Client error '403 ' for url 'https://openapiproext.bnf.fr/iiif/presentation/v3/ark:/12148/bd6t5134724c/manifest.json'
For more information check: https://developer.mozilla.org/en-US/docs/Web/HTTP/Status/403",2026-07-27T17:39:41.833818
petitmarocain,bd6t5134725r,,failed,0,0,,http_manifest,known,403,manifest,"Client error '403 ' for url 'https://openapiproext.bnf.fr/iiif/presentation/v3/ark:/12148/bd6t5134725r/manifest.json'
For more information check: https://developer.mozilla.org/en-US/docs/Web/HTTP/Status/403",2026-07-27T17:39:43.115729
petitmarocain,bd6t51347264,,failed,0,0,,http_manifest,known,403,manifest,"Client error '403 ' for url 'https://openapiproext.bnf.fr/iiif/presentation/v3/ark:/12148/bd6t51347264/manifest.json'
For more information check: https://developer.mozilla.org/en-US/docs/Web/HTTP/Status/403",2026-07-27T17:39:44.363840
petitmarocain,bd6t5134727h,,failed,0,0,,http_manifest,known,403,manifest,"Client error '403 ' for url 'https://openapiproext.bnf.fr/iiif/presentation/v3/ark:/12148/bd6t5134727h/manifest.json'
For more information check: https://developer.mozilla.org/en-US/docs/Web/HTTP/Status/403",2026-07-27T17:39:45.384934
petitmarocain,bd6t5134728w,,failed,0,0,,http_manifest,known,403,manifest,"Client error '403 ' for url 'https://openapiproext.bnf.fr/iiif/presentation/v3/ark:/12148/bd6t5134728w/manifest.json'
For more information check: https://developer.mozilla.org/en-US/docs/Web/HTTP/Status/403",2026-07-27T17:39:46.795950
petitmarocain,bd6t51347298,,failed,0,0,,http_manifest,known,403,manifest,"Client error '403 ' for url 'https://openapiproext.bnf.fr/iiif/presentation/v3/ark:/12148/bd6t51347298/manifest.json'
For more information check: https://developer.mozilla.org/en-US/docs/Web/HTTP/Status/403",2026-07-27T17:39:48.057140
petitmarocain,bd6t51347306,,failed,0,0,,http_manifest,known,403,manifest,"Client error '403 ' for url 'https://openapiproext.bnf.fr/iiif/presentation/v3/ark:/12148/bd6t51347306/manifest.json'
For more information check: https://developer.mozilla.org/en-US/docs/Web/HTTP/Status/403",2026-07-27T17:39:49.294371
petitmarocain,bd6t5134731k,,failed,0,0,,http_manifest,known,403,manifest,"Client error '403 ' for url 'https://openapiproext.bnf.fr/iiif/presentation/v3/ark:/12148/bd6t5134731k/manifest.json'
For more information check: https://developer.mozilla.org/en-US/docs/Web/HTTP/Status/403",2026-07-27T17:39:50.199813
petitmarocain,bd6t5134732z,,failed,0,0,,http_manifest,known,403,manifest,"Client error '403 ' for url 'https://openapiproext.bnf.fr/iiif/presentation/v3/ark:/12148/bd6t5134732z/manifest.json'
For more information check: https://developer.mozilla.org/en-US/docs/Web/HTTP/Status/403",2026-07-27T17:39:51.395655
petitmarocain,bd6t5134733b,,failed,0,0,,http_manifest,known,403,manifest,"Client error '403 ' for url 'https://openapiproext.bnf.fr/iiif/presentation/v3/ark:/12148/bd6t5134733b/manifest.json'
For more information check: https://developer.mozilla.org/en-US/docs/Web/HTTP/Status/403",2026-07-27T17:39:52.621570
petitmarocain,bd6t5134734q,,failed,0,0,,http_manifest,known,403,manifest,"Client error '403 ' for url 'https://openapiproext.bnf.fr/iiif/presentation/v3/ark:/12148/bd6t5134734q/manifest.json'
For more information check: https://developer.mozilla.org/en-US/docs/Web/HTTP/Status/403",2026-07-27T17:39:53.957928
petitmarocain,bd6t51347353,,failed,0,0,,http_manifest,known,403,manifest,"Client error '403 ' for url 'https://openapiproext.bnf.fr/iiif/presentation/v3/ark:/12148/bd6t51347353/manifest.json'
For more information check: https://developer.mozilla.org/en-US/docs/Web/HTTP/Status/403",2026-07-27T17:39:55.066114
petitmarocain,bd6t5134736g,,failed,0,0,,http_manifest,known,403,manifest,"Client error '403 ' for url 'https://openapiproext.bnf.fr/iiif/presentation/v3/ark:/12148/bd6t5134736g/manifest.json'
For more information check: https://developer.mozilla.org/en-US/docs/Web/HTTP/Status/403",2026-07-27T17:39:56.205093
petitmarocain,bd6t5134737v,,failed,0,0,,http_manifest,known,403,manifest,"Client error '403 ' for url 'https://openapiproext.bnf.fr/iiif/presentation/v3/ark:/12148/bd6t5134737v/manifest.json'
For more information check: https://developer.mozilla.org/en-US/docs/Web/HTTP/Status/403",2026-07-27T17:39:57.422250
petitmarocain,bd6t51347387,,failed,0,0,,http_manifest,known,403,manifest,"Client error '403 ' for url 'https://openapiproext.bnf.fr/iiif/presentation/v3/ark:/12148/bd6t51347387/manifest.json'
For more information check: https://developer.mozilla.org/en-US/docs/Web/HTTP/Status/403",2026-07-27T17:39:58.609372
petitmarocain,bd6t5134739m,,failed,0,0,,http_manifest,known,403,manifest,"Client error '403 ' for url 'https://openapiproext.bnf.fr/iiif/presentation/v3/ark:/12148/bd6t5134739m/manifest.json'
For more information check: https://developer.mozilla.org/en-US/docs/Web/HTTP/Status/403",2026-07-27T17:39:59.829308
petitmarocain,bd6t5134740j,,failed,0,0,,http_manifest,known,403,manifest,"Client error '403 ' for url 'https://openapiproext.bnf.fr/iiif/presentation/v3/ark:/12148/bd6t5134740j/manifest.json'
For more information check: https://developer.mozilla.org/en-US/docs/Web/HTTP/Status/403",2026-07-27T17:40:01.011636
petitmarocain,bd6t5134741x,,failed,0,0,,http_manifest,known,403,manifest,"Client error '403 ' for url 'https://openapiproext.bnf.fr/iiif/presentation/v3/ark:/12148/bd6t5134741x/manifest.json'
For more information check: https://developer.mozilla.org/en-US/docs/Web/HTTP/Status/403",2026-07-27T17:40:02.208593
petitmarocain,bd6t51347429,,failed,0,0,,http_manifest,known,403,manifest,"Client error '403 ' for url 'https://openapiproext.bnf.fr/iiif/presentation/v3/ark:/12148/bd6t51347429/manifest.json'
For more information check: https://developer.mozilla.org/en-US/docs/Web/HTTP/Status/403",2026-07-27T17:40:03.421068
petitmarocain,bd6t5134743p,,failed,0,0,,http_manifest,known,403,manifest,"Client error '403 ' for url 'https://openapiproext.bnf.fr/iiif/presentation/v3/ark:/12148/bd6t5134743p/manifest.json'
For more information check: https://developer.mozilla.org/en-US/docs/Web/HTTP/Status/403",2026-07-27T17:40:04.615161
petitmarocain,bd6t51347442,,failed,0,0,,http_manifest,known,403,manifest,"Client error '403 ' for url 'https://openapiproext.bnf.fr/iiif/presentation/v3/ark:/12148/bd6t51347442/manifest.json'
For more information check: https://developer.mozilla.org/en-US/docs/Web/HTTP/Status/403",2026-07-27T17:40:05.846871
petitmarocain,bd6t5134745f,,failed,0,0,,http_manifest,known,403,manifest,"Client error '403 ' for url 'https://openapiproext.bnf.fr/iiif/presentation/v3/ark:/12148/bd6t5134745f/manifest.json'
For more information check: https://developer.mozilla.org/en-US/docs/Web/HTTP/Status/403",2026-07-27T17:40:07.014131
petitmarocain,bd6t5134746t,,failed,0,0,,http_manifest,known,403,manifest,"Client error '403 ' for url 'https://openapiproext.bnf.fr/iiif/presentation/v3/ark:/12148/bd6t5134746t/manifest.json'
For more information check: https://developer.mozilla.org/en-US/docs/Web/HTTP/Status/403",2026-07-27T17:40:08.222982
petitmarocain,bd6t51347476,,failed,0,0,,http_manifest,known,403,manifest,"Client error '403 ' for url 'https://openapiproext.bnf.fr/iiif/presentation/v3/ark:/12148/bd6t51347476/manifest.json'
For more information check: https://developer.mozilla.org/en-US/docs/Web/HTTP/Status/403",2026-07-27T17:40:09.422332
petitmarocain,bd6t5134748k,,failed,0,0,,http_manifest,known,403,manifest,"Client error '403 ' for url 'https://openapiproext.bnf.fr/iiif/presentation/v3/ark:/12148/bd6t5134748k/manifest.json'
For more information check: https://developer.mozilla.org/en-US/docs/Web/HTTP/Status/403",2026-07-27T17:40:10.623830
petitmarocain,bd6t5134749z,,failed,0,0,,http_manifest,known,403,manifest,"Client error '403 ' for url 'https://openapiproext.bnf.fr/iiif/presentation/v3/ark:/12148/bd6t5134749z/manifest.json'
For more information check: https://developer.mozilla.org/en-US/docs/Web/HTTP/Status/403",2026-07-27T17:40:11.829944
petitmarocain,bd6t5134750w,,failed,0,0,,http_manifest,known,403,manifest,"Client error '403 ' for url 'https://openapiproext.bnf.fr/iiif/presentation/v3/ark:/12148/bd6t5134750w/manifest.json'
For more information check: https://developer.mozilla.org/en-US/docs/Web/HTTP/Status/403",2026-07-27T17:40:13.035370
petitmarocain,bd6t51347518,,failed,0,0,,http_manifest,known,403,manifest,"Client error '403 ' for url 'https://openapiproext.bnf.fr/iiif/presentation/v3/ark:/12148/bd6t51347518/manifest.json'
For more information check: https://developer.mozilla.org/en-US/docs/Web/HTTP/Status/403",2026-07-27T17:40:14.238872
petitmarocain,bd6t5134752n,,failed,0,0,,http_manifest,known,403,manifest,"Client error '403 ' for url 'https://openapiproext.bnf.fr/iiif/presentation/v3/ark:/12148/bd6t5134752n/manifest.json'
For more information check: https://developer.mozilla.org/en-US/docs/Web/HTTP/Status/403",2026-07-27T17:40:15.435178
petitmarocain,bd6t51347531,,failed,0,0,,http_manifest,known,403,manifest,"Client error '403 ' for url 'https://openapiproext.bnf.fr/iiif/presentation/v3/ark:/12148/bd6t51347531/manifest.json'
For more information check: https://developer.mozilla.org/en-US/docs/Web/HTTP/Status/403",2026-07-27T17:40:16.641605
petitmarocain,bd6t5134754d,,failed,0,0,,http_manifest,known,403,manifest,"Client error '403 ' for url 'https://openapiproext.bnf.fr/iiif/presentation/v3/ark:/12148/bd6t5134754d/manifest.json'
For more information check: https://developer.mozilla.org/en-US/docs/Web/HTTP/Status/403",2026-07-27T17:40:17.852859
petitmarocain,bd6t5134755s,,failed,0,0,,http_manifest,known,403,manifest,"Client error '403 ' for url 'https://openapiproext.bnf.fr/iiif/presentation/v3/ark:/12148/bd6t5134755s/manifest.json'
For more information check: https://developer.mozilla.org/en-US/docs/Web/HTTP/Status/403",2026-07-27T17:40:19.047754
petitmarocain,bd6t51347565,,failed,0,0,,http_manifest,known,403,manifest,"Client error '403 ' for url 'https://openapiproext.bnf.fr/iiif/presentation/v3/ark:/12148/bd6t51347565/manifest.json'
For more information check: https://developer.mozilla.org/en-US/docs/Web/HTTP/Status/403",2026-07-27T17:40:20.241010
petitmarocain,bd6t5134757j,,failed,0,0,,http_manifest,known,403,manifest,"Client error '403 ' for url 'https://openapiproext.bnf.fr/iiif/presentation/v3/ark:/12148/bd6t5134757j/manifest.json'
For more information check: https://developer.mozilla.org/en-US/docs/Web/HTTP/Status/403",2026-07-27T17:40:21.443957
petitmarocain,bd6t5134758x,,failed,0,0,,http_manifest,known,403,manifest,"Client error '403 ' for url 'https://openapiproext.bnf.fr/iiif/presentation/v3/ark:/12148/bd6t5134758x/manifest.json'
For more information check: https://developer.mozilla.org/en-US/docs/Web/HTTP/Status/403",2026-07-27T17:40:22.638537
petitmarocain,bd6t51347599,,failed,0,0,,http_manifest,known,403,manifest,"Client error '403 ' for url 'https://openapiproext.bnf.fr/iiif/presentation/v3/ark:/12148/bd6t51347599/manifest.json'
For more information check: https://developer.mozilla.org/en-US/docs/Web/HTTP/Status/403",2026-07-27T17:40:23.859679
petitmarocain,bd6t51347607,,failed,0,0,,http_manifest,known,403,manifest,"Client error '403 ' for url 'https://openapiproext.bnf.fr/iiif/presentation/v3/ark:/12148/bd6t51347607/manifest.json'
For more information check: https://developer.mozilla.org/en-US/docs/Web/HTTP/Status/403",2026-07-27T17:40:25.045589
petitmarocain,bd6t5134761m,,failed,0,0,,http_manifest,known,403,manifest,"Client error '403 ' for url 'https://openapiproext.bnf.fr/iiif/presentation/v3/ark:/12148/bd6t5134761m/manifest.json'
For more information check: https://developer.mozilla.org/en-US/docs/Web/HTTP/Status/403",2026-07-27T17:40:26.270733
petitmarocain,bd6t51347620,,failed,0,0,,http_manifest,known,403,manifest,"Client error '403 ' for url 'https://openapiproext.bnf.fr/iiif/presentation/v3/ark:/12148/bd6t51347620/manifest.json'
For more information check: https://developer.mozilla.org/en-US/docs/Web/HTTP/Status/403",2026-07-27T17:40:27.453057
petitmarocain,bd6t5134763c,,failed,0,0,,http_manifest,known,403,manifest,"Client error '403 ' for url 'https://openapiproext.bnf.fr/iiif/presentation/v3/ark:/12148/bd6t5134763c/manifest.json'
For more information check: https://developer.mozilla.org/en-US/docs/Web/HTTP/Status/403",2026-07-27T17:40:28.658460
petitmarocain,bd6t5134764r,,failed,0,0,,http_manifest,known,403,manifest,"Client error '403 ' for url 'https://openapiproext.bnf.fr/iiif/presentation/v3/ark:/12148/bd6t5134764r/manifest.json'
For more information check: https://developer.mozilla.org/en-US/docs/Web/HTTP/Status/403",2026-07-27T17:40:29.997296
petitmarocain,bd6t51347654,,failed,0,0,,http_manifest,known,403,manifest,"Client error '403 ' for url 'https://openapiproext.bnf.fr/iiif/presentation/v3/ark:/12148/bd6t51347654/manifest.json'
For more information check: https://developer.mozilla.org/en-US/docs/Web/HTTP/Status/403",2026-07-27T17:40:31.067708
petitmarocain,bd6t5134766h,,failed,0,0,,http_manifest,known,403,manifest,"Client error '403 ' for url 'https://openapiproext.bnf.fr/iiif/presentation/v3/ark:/12148/bd6t5134766h/manifest.json'
For more information check: https://developer.mozilla.org/en-US/docs/Web/HTTP/Status/403",2026-07-27T17:40:32.482339
petitmarocain,bd6t5134767w,,failed,0,0,,http_manifest,known,403,manifest,"Client error '403 ' for url 'https://openapiproext.bnf.fr/iiif/presentation/v3/ark:/12148/bd6t5134767w/manifest.json'
For more information check: https://developer.mozilla.org/en-US/docs/Web/HTTP/Status/403",2026-07-27T17:40:33.471474
petitmarocain,bd6t51347688,,failed,0,0,,http_manifest,known,403,manifest,"Client error '403 ' for url 'https://openapiproext.bnf.fr/iiif/presentation/v3/ark:/12148/bd6t51347688/manifest.json'
For more information check: https://developer.mozilla.org/en-US/docs/Web/HTTP/Status/403",2026-07-27T17:40:34.896995
petitmarocain,bd6t5134769n,,failed,0,0,,http_manifest,known,403,manifest,"Client error '403 ' for url 'https://openapiproext.bnf.fr/iiif/presentation/v3/ark:/12148/bd6t5134769n/manifest.json'
For more information check: https://developer.mozilla.org/en-US/docs/Web/HTTP/Status/403",2026-07-27T17:40:35.897299
petitmarocain,bd6t5134770k,,failed,0,0,,http_manifest,known,403,manifest,"Client error '403 ' for url 'https://openapiproext.bnf.fr/iiif/presentation/v3/ark:/12148/bd6t5134770k/manifest.json'
For more information check: https://developer.mozilla.org/en-US/docs/Web/HTTP/Status/403",2026-07-27T17:40:37.291653
petitmarocain,bd6t5134771z,,failed,0,0,,http_manifest,known,403,manifest,"Client error '403 ' for url 'https://openapiproext.bnf.fr/iiif/presentation/v3/ark:/12148/bd6t5134771z/manifest.json'
For more information check: https://developer.mozilla.org/en-US/docs/Web/HTTP/Status/403",2026-07-27T17:40:38.438028
petitmarocain,bd6t5134772b,,failed,0,0,,http_manifest,known,403,manifest,"Client error '403 ' for url 'https://openapiproext.bnf.fr/iiif/presentation/v3/ark:/12148/bd6t5134772b/manifest.json'
For more information check: https://developer.mozilla.org/en-US/docs/Web/HTTP/Status/403",2026-07-27T17:40:39.628921
petitmarocain,bd6t5134773q,,failed,0,0,,http_manifest,known,403,manifest,"Client error '403 ' for url 'https://openapiproext.bnf.fr/iiif/presentation/v3/ark:/12148/bd6t5134773q/manifest.json'
For more information check: https://developer.mozilla.org/en-US/docs/Web/HTTP/Status/403",2026-07-27T17:40:40.769720
petitmarocain,bd6t51347743,,failed,0,0,,http_manifest,known,403,manifest,"Client error '403 ' for url 'https://openapiproext.bnf.fr/iiif/presentation/v3/ark:/12148/bd6t51347743/manifest.json'
For more information check: https://developer.mozilla.org/en-US/docs/Web/HTTP/Status/403",2026-07-27T17:40:41.902059
petitmarocain,bd6t5134775g,,failed,0,0,,http_manifest,known,403,manifest,"Client error '403 ' for url 'https://openapiproext.bnf.fr/iiif/presentation/v3/ark:/12148/bd6t5134775g/manifest.json'
For more information check: https://developer.mozilla.org/en-US/docs/Web/HTTP/Status/403",2026-07-27T17:40:43.078891
petitmarocain,bd6t5134776v,,failed,0,0,,http_manifest,known,403,manifest,"Client error '403 ' for url 'https://openapiproext.bnf.fr/iiif/presentation/v3/ark:/12148/bd6t5134776v/manifest.json'
For more information check: https://developer.mozilla.org/en-US/docs/Web/HTTP/Status/403",2026-07-27T17:40:44.283021
petitmarocain,bd6t51347777,,failed,0,0,,http_manifest,known,403,manifest,"Client error '403 ' for url 'https://openapiproext.bnf.fr/iiif/presentation/v3/ark:/12148/bd6t51347777/manifest.json'
For more information check: https://developer.mozilla.org/en-US/docs/Web/HTTP/Status/403",2026-07-27T17:40:45.553585
petitmarocain,bd6t5134778m,,failed,0,0,,http_manifest,known,403,manifest,"Client error '403 ' for url 'https://openapiproext.bnf.fr/iiif/presentation/v3/ark:/12148/bd6t5134778m/manifest.json'
For more information check: https://developer.mozilla.org/en-US/docs/Web/HTTP/Status/403",2026-07-27T17:40:46.686083
petitmarocain,bd6t51347790,,failed,0,0,,http_manifest,known,403,manifest,"Client error '403 ' for url 'https://openapiproext.bnf.fr/iiif/presentation/v3/ark:/12148/bd6t51347790/manifest.json'
For more information check: https://developer.mozilla.org/en-US/docs/Web/HTTP/Status/403",2026-07-27T17:40:47.905672
petitmarocain,bd6t5134780x,,failed,0,0,,http_manifest,known,403,manifest,"Client error '403 ' for url 'https://openapiproext.bnf.fr/iiif/presentation/v3/ark:/12148/bd6t5134780x/manifest.json'
For more information check: https://developer.mozilla.org/en-US/docs/Web/HTTP/Status/403",2026-07-27T17:40:49.082336
petitmarocain,bd6t51347819,,failed,0,0,,http_manifest,known,403,manifest,"Client error '403 ' for url 'https://openapiproext.bnf.fr/iiif/presentation/v3/ark:/12148/bd6t51347819/manifest.json'
For more information check: https://developer.mozilla.org/en-US/docs/Web/HTTP/Status/403",2026-07-27T17:40:50.290764
petitmarocain,bd6t5134782p,,failed,0,0,,http_manifest,known,403,manifest,"Client error '403 ' for url 'https://openapiproext.bnf.fr/iiif/presentation/v3/ark:/12148/bd6t5134782p/manifest.json'
For more information check: https://developer.mozilla.org/en-US/docs/Web/HTTP/Status/403",2026-07-27T17:40:51.488242
petitmarocain,bd6t51347832,,failed,0,0,,http_manifest,known,403,manifest,"Client error '403 ' for url 'https://openapiproext.bnf.fr/iiif/presentation/v3/ark:/12148/bd6t51347832/manifest.json'
For more information check: https://developer.mozilla.org/en-US/docs/Web/HTTP/Status/403",2026-07-27T17:40:52.695025
petitmarocain,bd6t5134784f,,failed,0,0,,http_manifest,known,403,manifest,"Client error '403 ' for url 'https://openapiproext.bnf.fr/iiif/presentation/v3/ark:/12148/bd6t5134784f/manifest.json'
For more information check: https://developer.mozilla.org/en-US/docs/Web/HTTP/Status/403",2026-07-27T17:40:53.885659
petitmarocain,bd6t5134785t,,failed,0,0,,http_manifest,known,403,manifest,"Client error '403 ' for url 'https://openapiproext.bnf.fr/iiif/presentation/v3/ark:/12148/bd6t5134785t/manifest.json'
For more information check: https://developer.mozilla.org/en-US/docs/Web/HTTP/Status/403",2026-07-27T17:40:55.089573
petitmarocain,bd6t51347866,,failed,0,0,,http_manifest,known,403,manifest,"Client error '403 ' for url 'https://openapiproext.bnf.fr/iiif/presentation/v3/ark:/12148/bd6t51347866/manifest.json'
For more information check: https://developer.mozilla.org/en-US/docs/Web/HTTP/Status/403",2026-07-27T17:40:56.295038
petitmarocain,bd6t5134787k,,failed,0,0,,http_manifest,known,403,manifest,"Client error '403 ' for url 'https://openapiproext.bnf.fr/iiif/presentation/v3/ark:/12148/bd6t5134787k/manifest.json'
For more information check: https://developer.mozilla.org/en-US/docs/Web/HTTP/Status/403",2026-07-27T17:40:57.503174
petitmarocain,bd6t5134788z,,failed,0,0,,http_manifest,known,403,manifest,"Client error '403 ' for url 'https://openapiproext.bnf.fr/iiif/presentation/v3/ark:/12148/bd6t5134788z/manifest.json'
For more information check: https://developer.mozilla.org/en-US/docs/Web/HTTP/Status/403",2026-07-27T17:40:58.695013
petitmarocain,bd6t5134789b,,failed,0,0,,http_manifest,known,403,manifest,"Client error '403 ' for url 'https://openapiproext.bnf.fr/iiif/presentation/v3/ark:/12148/bd6t5134789b/manifest.json'
For more information check: https://developer.mozilla.org/en-US/docs/Web/HTTP/Status/403",2026-07-27T17:40:59.920304
petitmarocain,bd6t51347908,,failed,0,0,,http_manifest,known,403,manifest,"Client error '403 ' for url 'https://openapiproext.bnf.fr/iiif/presentation/v3/ark:/12148/bd6t51347908/manifest.json'
For more information check: https://developer.mozilla.org/en-US/docs/Web/HTTP/Status/403",2026-07-27T17:41:01.096749
petitmarocain,bd6t5134791n,,failed,0,0,,http_manifest,known,403,manifest,"Client error '403 ' for url 'https://openapiproext.bnf.fr/iiif/presentation/v3/ark:/12148/bd6t5134791n/manifest.json'
For more information check: https://developer.mozilla.org/en-US/docs/Web/HTTP/Status/403",2026-07-27T17:41:02.317319
petitmarocain,bd6t51347921,,failed,0,0,,http_manifest,known,403,manifest,"Client error '403 ' for url 'https://openapiproext.bnf.fr/iiif/presentation/v3/ark:/12148/bd6t51347921/manifest.json'
For more information check: https://developer.mozilla.org/en-US/docs/Web/HTTP/Status/403",2026-07-27T17:41:03.504784
petitmarocain,bd6t5134793d,,failed,0,0,,http_manifest,known,403,manifest,"Client error '403 ' for url 'https://openapiproext.bnf.fr/iiif/presentation/v3/ark:/12148/bd6t5134793d/manifest.json'
For more information check: https://developer.mozilla.org/en-US/docs/Web/HTTP/Status/403",2026-07-27T17:41:04.709833
petitmarocain,bd6t5134794s,,failed,0,0,,http_manifest,known,403,manifest,"Client error '403 ' for url 'https://openapiproext.bnf.fr/iiif/presentation/v3/ark:/12148/bd6t5134794s/manifest.json'
For more information check: https://developer.mozilla.org/en-US/docs/Web/HTTP/Status/403",2026-07-27T17:41:05.931575
petitmarocain,bd6t51347955,,failed,0,0,,http_manifest,known,403,manifest,"Client error '403 ' for url 'https://openapiproext.bnf.fr/iiif/presentation/v3/ark:/12148/bd6t51347955/manifest.json'
For more information check: https://developer.mozilla.org/en-US/docs/Web/HTTP/Status/403",2026-07-27T17:41:07.111083
petitmarocain,bd6t5134796j,,failed,0,0,,http_manifest,known,403,manifest,"Client error '403 ' for url 'https://openapiproext.bnf.fr/iiif/presentation/v3/ark:/12148/bd6t5134796j/manifest.json'
For more information check: https://developer.mozilla.org/en-US/docs/Web/HTTP/Status/403",2026-07-27T17:41:08.310466
petitmarocain,bd6t5134797x,,failed,0,0,,http_manifest,known,403,manifest,"Client error '403 ' for url 'https://openapiproext.bnf.fr/iiif/presentation/v3/ark:/12148/bd6t5134797x/manifest.json'
For more information check: https://developer.mozilla.org/en-US/docs/Web/HTTP/Status/403",2026-07-27T17:41:09.511670
petitmarocain,bd6t51347989,,failed,0,0,,http_manifest,known,403,manifest,"Client error '403 ' for url 'https://openapiproext.bnf.fr/iiif/presentation/v3/ark:/12148/bd6t51347989/manifest.json'
For more information check: https://developer.mozilla.org/en-US/docs/Web/HTTP/Status/403",2026-07-27T17:41:10.728399
petitmarocain,bd6t5134799p,,failed,0,0,,http_manifest,known,403,manifest,"Client error '403 ' for url 'https://openapiproext.bnf.fr/iiif/presentation/v3/ark:/12148/bd6t5134799p/manifest.json'
For more information check: https://developer.mozilla.org/en-US/docs/Web/HTTP/Status/403",2026-07-27T17:41:11.910764
petitmarocain,bd6t5134800g,,failed,0,0,,http_manifest,known,403,manifest,"Client error '403 ' for url 'https://openapiproext.bnf.fr/iiif/presentation/v3/ark:/12148/bd6t5134800g/manifest.json'
For more information check: https://developer.mozilla.org/en-US/docs/Web/HTTP/Status/403",2026-07-27T17:41:13.120572
petitmarocain,bd6t5134801v,,failed,0,0,,http_manifest,known,403,manifest,"Client error '403 ' for url 'https://openapiproext.bnf.fr/iiif/presentation/v3/ark:/12148/bd6t5134801v/manifest.json'
For more information check: https://developer.mozilla.org/en-US/docs/Web/HTTP/Status/403",2026-07-27T17:41:14.526301
petitmarocain,bd6t51348027,,failed,0,0,,http_manifest,known,403,manifest,"Client error '403 ' for url 'https://openapiproext.bnf.fr/iiif/presentation/v3/ark:/12148/bd6t51348027/manifest.json'
For more information check: https://developer.mozilla.org/en-US/docs/Web/HTTP/Status/403",2026-07-27T17:41:15.532341
petitmarocain,bd6t5134803m,,failed,0,0,,http_manifest,known,403,manifest,"Client error '403 ' for url 'https://openapiproext.bnf.fr/iiif/presentation/v3/ark:/12148/bd6t5134803m/manifest.json'
For more information check: https://developer.mozilla.org/en-US/docs/Web/HTTP/Status/403",2026-07-27T17:41:16.727350
petitmarocain,bd6t51348040,,failed,0,0,,http_manifest,known,403,manifest,"Client error '403 ' for url 'https://openapiproext.bnf.fr/iiif/presentation/v3/ark:/12148/bd6t51348040/manifest.json'
For more information check: https://developer.mozilla.org/en-US/docs/Web/HTTP/Status/403",2026-07-27T17:41:17.949275
petitmarocain,bd6t5134532b,,failed,0,0,,http_manifest,known,403,manifest,"Client error '403 ' for url 'https://openapiproext.bnf.fr/iiif/presentation/v3/ark:/12148/bd6t5134532b/manifest.json'
For more information check: https://developer.mozilla.org/en-US/docs/Web/HTTP/Status/403",2026-07-27T17:41:19.151684
petitmarocain,bd6t5134533q,,failed,0,0,,http_manifest,known,403,manifest,"Client error '403 ' for url 'https://openapiproext.bnf.fr/iiif/presentation/v3/ark:/12148/bd6t5134533q/manifest.json'
For more information check: https://developer.mozilla.org/en-US/docs/Web/HTTP/Status/403",2026-07-27T17:41:20.380309
petitmarocain,bd6t51345343,,failed,0,0,,http_manifest,known,403,manifest,"Client error '403 ' for url 'https://openapiproext.bnf.fr/iiif/presentation/v3/ark:/12148/bd6t51345343/manifest.json'
For more information check: https://developer.mozilla.org/en-US/docs/Web/HTTP/Status/403",2026-07-27T17:41:21.536381
petitmarocain,bd6t5134535g,,failed,0,0,,http_manifest,known,403,manifest,"Client error '403 ' for url 'https://openapiproext.bnf.fr/iiif/presentation/v3/ark:/12148/bd6t5134535g/manifest.json'
For more information check: https://developer.mozilla.org/en-US/docs/Web/HTTP/Status/403",2026-07-27T17:41:22.738662
petitmarocain,bd6t5134536v,,failed,0,0,,http_manifest,known,403,manifest,"Client error '403 ' for url 'https://openapiproext.bnf.fr/iiif/presentation/v3/ark:/12148/bd6t5134536v/manifest.json'
For more information check: https://developer.mozilla.org/en-US/docs/Web/HTTP/Status/403",2026-07-27T17:41:23.938687
petitmarocain,bd6t51345377,,failed,0,0,,http_manifest,known,403,manifest,"Client error '403 ' for url 'https://openapiproext.bnf.fr/iiif/presentation/v3/ark:/12148/bd6t51345377/manifest.json'
For more information check: https://developer.mozilla.org/en-US/docs/Web/HTTP/Status/403",2026-07-27T17:41:25.128358
petitmarocain,bd6t5134538m,,failed,0,0,,http_manifest,known,403,manifest,"Client error '403 ' for url 'https://openapiproext.bnf.fr/iiif/presentation/v3/ark:/12148/bd6t5134538m/manifest.json'
For more information check: https://developer.mozilla.org/en-US/docs/Web/HTTP/Status/403",2026-07-27T17:41:26.333991
petitmarocain,bd6t51345390,,failed,0,0,,http_manifest,known,403,manifest,"Client error '403 ' for url 'https://openapiproext.bnf.fr/iiif/presentation/v3/ark:/12148/bd6t51345390/manifest.json'
For more information check: https://developer.mozilla.org/en-US/docs/Web/HTTP/Status/403",2026-07-27T17:41:27.535741
petitmarocain,bd6t5134540x,,failed,0,0,,http_manifest,known,403,manifest,"Client error '403 ' for url 'https://openapiproext.bnf.fr/iiif/presentation/v3/ark:/12148/bd6t5134540x/manifest.json'
For more information check: https://developer.mozilla.org/en-US/docs/Web/HTTP/Status/403",2026-07-27T17:41:28.738931
petitmarocain,bd6t51345419,,failed,0,0,,http_manifest,known,403,manifest,"Client error '403 ' for url 'https://openapiproext.bnf.fr/iiif/presentation/v3/ark:/12148/bd6t51345419/manifest.json'
For more information check: https://developer.mozilla.org/en-US/docs/Web/HTTP/Status/403",2026-07-27T17:41:30.259515
petitmarocain,bd6t5134542p,,failed,0,0,,http_manifest,known,403,manifest,"Client error '403 ' for url 'https://openapiproext.bnf.fr/iiif/presentation/v3/ark:/12148/bd6t5134542p/manifest.json'
For more information check: https://developer.mozilla.org/en-US/docs/Web/HTTP/Status/403",2026-07-27T17:41:31.265715
petitmarocain,bd6t51345432,,failed,0,0,,http_manifest,known,403,manifest,"Client error '403 ' for url 'https://openapiproext.bnf.fr/iiif/presentation/v3/ark:/12148/bd6t51345432/manifest.json'
For more information check: https://developer.mozilla.org/en-US/docs/Web/HTTP/Status/403",2026-07-27T17:41:32.538833
petitmarocain,bd6t5134544f,,failed,0,0,,http_manifest,known,403,manifest,"Client error '403 ' for url 'https://openapiproext.bnf.fr/iiif/presentation/v3/ark:/12148/bd6t5134544f/manifest.json'
For more information check: https://developer.mozilla.org/en-US/docs/Web/HTTP/Status/403",2026-07-27T17:41:33.670248
petitmarocain,bd6t5134545t,,failed,0,0,,http_manifest,known,403,manifest,"Client error '403 ' for url 'https://openapiproext.bnf.fr/iiif/presentation/v3/ark:/12148/bd6t5134545t/manifest.json'
For more information check: https://developer.mozilla.org/en-US/docs/Web/HTTP/Status/403",2026-07-27T17:41:34.970535
petitmarocain,bd6t51345466,,failed,0,0,,http_manifest,known,403,manifest,"Client error '403 ' for url 'https://openapiproext.bnf.fr/iiif/presentation/v3/ark:/12148/bd6t51345466/manifest.json'
For more information check: https://developer.mozilla.org/en-US/docs/Web/HTTP/Status/403",2026-07-27T17:41:35.966021
petitmarocain,bd6t5134547k,,failed,0,0,,http_manifest,known,403,manifest,"Client error '403 ' for url 'https://openapiproext.bnf.fr/iiif/presentation/v3/ark:/12148/bd6t5134547k/manifest.json'
For more information check: https://developer.mozilla.org/en-US/docs/Web/HTTP/Status/403",2026-07-27T17:41:37.182630
petitmarocain,bd6t5134548z,,failed,0,0,,http_manifest,known,403,manifest,"Client error '403 ' for url 'https://openapiproext.bnf.fr/iiif/presentation/v3/ark:/12148/bd6t5134548z/manifest.json'
For more information check: https://developer.mozilla.org/en-US/docs/Web/HTTP/Status/403",2026-07-27T17:41:38.513382
petitmarocain,bd6t5134549b,,failed,0,0,,http_manifest,known,403,manifest,"Client error '403 ' for url 'https://openapiproext.bnf.fr/iiif/presentation/v3/ark:/12148/bd6t5134549b/manifest.json'
For more information check: https://developer.mozilla.org/en-US/docs/Web/HTTP/Status/403",2026-07-27T17:41:39.677044
petitmarocain,bd6t51345508,,failed,0,0,,http_manifest,known,403,manifest,"Client error '403 ' for url 'https://openapiproext.bnf.fr/iiif/presentation/v3/ark:/12148/bd6t51345508/manifest.json'
For more information check: https://developer.mozilla.org/en-US/docs/Web/HTTP/Status/403",2026-07-27T17:41:40.984732
petitmarocain,bd6t5134551n,,failed,0,0,,http_manifest,known,403,manifest,"Client error '403 ' for url 'https://openapiproext.bnf.fr/iiif/presentation/v3/ark:/12148/bd6t5134551n/manifest.json'
For more information check: https://developer.mozilla.org/en-US/docs/Web/HTTP/Status/403",2026-07-27T17:41:41.960189
petitmarocain,bd6t51345521,,failed,0,0,,http_manifest,known,403,manifest,"Client error '403 ' for url 'https://openapiproext.bnf.fr/iiif/presentation/v3/ark:/12148/bd6t51345521/manifest.json'
For more information check: https://developer.mozilla.org/en-US/docs/Web/HTTP/Status/403",2026-07-27T17:41:43.183052
petitmarocain,bd6t5134553d,,failed,0,0,,http_manifest,known,403,manifest,"Client error '403 ' for url 'https://openapiproext.bnf.fr/iiif/presentation/v3/ark:/12148/bd6t5134553d/manifest.json'
For more information check: https://developer.mozilla.org/en-US/docs/Web/HTTP/Status/403",2026-07-27T17:41:44.358247
petitmarocain,bd6t5134554s,,failed,0,0,,http_manifest,known,403,manifest,"Client error '403 ' for url 'https://openapiproext.bnf.fr/iiif/presentation/v3/ark:/12148/bd6t5134554s/manifest.json'
For more information check: https://developer.mozilla.org/en-US/docs/Web/HTTP/Status/403",2026-07-27T17:41:45.712092
petitmarocain,bd6t51345555,,failed,0,0,,http_manifest,known,403,manifest,"Client error '403 ' for url 'https://openapiproext.bnf.fr/iiif/presentation/v3/ark:/12148/bd6t51345555/manifest.json'
For more information check: https://developer.mozilla.org/en-US/docs/Web/HTTP/Status/403",2026-07-27T17:41:46.992606
petitmarocain,bd6t5134556j,,failed,0,0,,http_manifest,known,403,manifest,"Client error '403 ' for url 'https://openapiproext.bnf.fr/iiif/presentation/v3/ark:/12148/bd6t5134556j/manifest.json'
For more information check: https://developer.mozilla.org/en-US/docs/Web/HTTP/Status/403",2026-07-27T17:41:48.045798
petitmarocain,bd6t5134557x,,failed,0,0,,http_manifest,known,403,manifest,"Client error '403 ' for url 'https://openapiproext.bnf.fr/iiif/presentation/v3/ark:/12148/bd6t5134557x/manifest.json'
For more information check: https://developer.mozilla.org/en-US/docs/Web/HTTP/Status/403",2026-07-27T17:41:49.303385
petitmarocain,bd6t51345589,,failed,0,0,,http_manifest,known,403,manifest,"Client error '403 ' for url 'https://openapiproext.bnf.fr/iiif/presentation/v3/ark:/12148/bd6t51345589/manifest.json'
For more information check: https://developer.mozilla.org/en-US/docs/Web/HTTP/Status/403",2026-07-27T17:41:50.366105
petitmarocain,bd6t5134559p,,failed,0,0,,http_manifest,known,403,manifest,"Client error '403 ' for url 'https://openapiproext.bnf.fr/iiif/presentation/v3/ark:/12148/bd6t5134559p/manifest.json'
For more information check: https://developer.mozilla.org/en-US/docs/Web/HTTP/Status/403",2026-07-27T17:41:51.691857
petitmarocain,bd6t5134560m,,failed,0,0,,http_manifest,known,403,manifest,"Client error '403 ' for url 'https://openapiproext.bnf.fr/iiif/presentation/v3/ark:/12148/bd6t5134560m/manifest.json'
For more information check: https://developer.mozilla.org/en-US/docs/Web/HTTP/Status/403",2026-07-27T17:41:52.907990
petitmarocain,bd6t51345610,,failed,0,0,,http_manifest,known,403,manifest,"Client error '403 ' for url 'https://openapiproext.bnf.fr/iiif/presentation/v3/ark:/12148/bd6t51345610/manifest.json'
For more information check: https://developer.mozilla.org/en-US/docs/Web/HTTP/Status/403",2026-07-27T17:41:54.223627
petitmarocain,bd6t5134562c,,failed,0,0,,http_manifest,known,403,manifest,"Client error '403 ' for url 'https://openapiproext.bnf.fr/iiif/presentation/v3/ark:/12148/bd6t5134562c/manifest.json'
For more information check: https://developer.mozilla.org/en-US/docs/Web/HTTP/Status/403",2026-07-27T17:41:55.175988
petitmarocain,bd6t5134563r,,failed,0,0,,http_manifest,known,403,manifest,"Client error '403 ' for url 'https://openapiproext.bnf.fr/iiif/presentation/v3/ark:/12148/bd6t5134563r/manifest.json'
For more information check: https://developer.mozilla.org/en-US/docs/Web/HTTP/Status/403",2026-07-27T17:41:56.377353
petitmarocain,bd6t51345644,,failed,0,0,,http_manifest,known,403,manifest,"Client error '403 ' for url 'https://openapiproext.bnf.fr/iiif/presentation/v3/ark:/12148/bd6t51345644/manifest.json'
For more information check: https://developer.mozilla.org/en-US/docs/Web/HTTP/Status/403",2026-07-27T17:41:57.582726
petitmarocain,bd6t5134565h,,failed,0,0,,http_manifest,known,403,manifest,"Client error '403 ' for url 'https://openapiproext.bnf.fr/iiif/presentation/v3/ark:/12148/bd6t5134565h/manifest.json'
For more information check: https://developer.mozilla.org/en-US/docs/Web/HTTP/Status/403",2026-07-27T17:41:58.777447
petitmarocain,bd6t5134566w,,failed,0,0,,http_manifest,known,403,manifest,"Client error '403 ' for url 'https://openapiproext.bnf.fr/iiif/presentation/v3/ark:/12148/bd6t5134566w/manifest.json'
For more information check: https://developer.mozilla.org/en-US/docs/Web/HTTP/Status/403",2026-07-27T17:41:59.976638
petitmarocain,bd6t51345678,,failed,0,0,,http_manifest,known,403,manifest,"Client error '403 ' for url 'https://openapiproext.bnf.fr/iiif/presentation/v3/ark:/12148/bd6t51345678/manifest.json'
For more information check: https://developer.mozilla.org/en-US/docs/Web/HTTP/Status/403",2026-07-27T17:42:01.190848
petitmarocain,bd6t5134568n,,failed,0,0,,http_manifest,known,403,manifest,"Client error '403 ' for url 'https://openapiproext.bnf.fr/iiif/presentation/v3/ark:/12148/bd6t5134568n/manifest.json'
For more information check: https://developer.mozilla.org/en-US/docs/Web/HTTP/Status/403",2026-07-27T17:42:02.379985
petitmarocain,bd6t51345691,,failed,0,0,,http_manifest,known,403,manifest,"Client error '403 ' for url 'https://openapiproext.bnf.fr/iiif/presentation/v3/ark:/12148/bd6t51345691/manifest.json'
For more information check: https://developer.mozilla.org/en-US/docs/Web/HTTP/Status/403",2026-07-27T17:42:03.584997
petitmarocain,bd6t5134570z,,failed,0,0,,http_manifest,known,403,manifest,"Client error '403 ' for url 'https://openapiproext.bnf.fr/iiif/presentation/v3/ark:/12148/bd6t5134570z/manifest.json'
For more information check: https://developer.mozilla.org/en-US/docs/Web/HTTP/Status/403",2026-07-27T17:42:04.784424
petitmarocain,bd6t5134571b,,failed,0,0,,http_manifest,known,403,manifest,"Client error '403 ' for url 'https://openapiproext.bnf.fr/iiif/presentation/v3/ark:/12148/bd6t5134571b/manifest.json'
For more information check: https://developer.mozilla.org/en-US/docs/Web/HTTP/Status/403",2026-07-27T17:42:05.984098
petitmarocain,bd6t5134572q,,failed,0,0,,http_manifest,known,403,manifest,"Client error '403 ' for url 'https://openapiproext.bnf.fr/iiif/presentation/v3/ark:/12148/bd6t5134572q/manifest.json'
For more information check: https://developer.mozilla.org/en-US/docs/Web/HTTP/Status/403",2026-07-27T17:42:07.201397
petitmarocain,bd6t51345733,,failed,0,0,,http_manifest,known,403,manifest,"Client error '403 ' for url 'https://openapiproext.bnf.fr/iiif/presentation/v3/ark:/12148/bd6t51345733/manifest.json'
For more information check: https://developer.mozilla.org/en-US/docs/Web/HTTP/Status/403",2026-07-27T17:42:08.387830
petitmarocain,bd6t5134574g,,failed,0,0,,http_manifest,known,403,manifest,"Client error '403 ' for url 'https://openapiproext.bnf.fr/iiif/presentation/v3/ark:/12148/bd6t5134574g/manifest.json'
For more information check: https://developer.mozilla.org/en-US/docs/Web/HTTP/Status/403",2026-07-27T17:42:09.592872
petitmarocain,bd6t5134575v,,failed,0,0,,http_manifest,known,403,manifest,"Client error '403 ' for url 'https://openapiproext.bnf.fr/iiif/presentation/v3/ark:/12148/bd6t5134575v/manifest.json'
For more information check: https://developer.mozilla.org/en-US/docs/Web/HTTP/Status/403",2026-07-27T17:42:10.793068
petitmarocain,bd6t51345767,,failed,0,0,,http_manifest,known,403,manifest,"Client error '403 ' for url 'https://openapiproext.bnf.fr/iiif/presentation/v3/ark:/12148/bd6t51345767/manifest.json'
For more information check: https://developer.mozilla.org/en-US/docs/Web/HTTP/Status/403",2026-07-27T17:42:12.001696
petitmarocain,bd6t5134577m,,failed,0,0,,http_manifest,known,403,manifest,"Client error '403 ' for url 'https://openapiproext.bnf.fr/iiif/presentation/v3/ark:/12148/bd6t5134577m/manifest.json'
For more information check: https://developer.mozilla.org/en-US/docs/Web/HTTP/Status/403",2026-07-27T17:42:13.197583
petitmarocain,bd6t51345780,,failed,0,0,,http_manifest,known,403,manifest,"Client error '403 ' for url 'https://openapiproext.bnf.fr/iiif/presentation/v3/ark:/12148/bd6t51345780/manifest.json'
For more information check: https://developer.mozilla.org/en-US/docs/Web/HTTP/Status/403",2026-07-27T17:42:14.398473
petitmarocain,bd6t5134579c,,failed,0,0,,http_manifest,known,403,manifest,"Client error '403 ' for url 'https://openapiproext.bnf.fr/iiif/presentation/v3/ark:/12148/bd6t5134579c/manifest.json'
For more information check: https://developer.mozilla.org/en-US/docs/Web/HTTP/Status/403",2026-07-27T17:42:15.599739
petitmarocain,bd6t51345809,,failed,0,0,,http_manifest,known,403,manifest,"Client error '403 ' for url 'https://openapiproext.bnf.fr/iiif/presentation/v3/ark:/12148/bd6t51345809/manifest.json'
For more information check: https://developer.mozilla.org/en-US/docs/Web/HTTP/Status/403",2026-07-27T17:42:16.802501
petitmarocain,bd6t5134581p,,failed,0,0,,http_manifest,known,403,manifest,"Client error '403 ' for url 'https://openapiproext.bnf.fr/iiif/presentation/v3/ark:/12148/bd6t5134581p/manifest.json'
For more information check: https://developer.mozilla.org/en-US/docs/Web/HTTP/Status/403",2026-07-27T17:42:18.010684
petitmarocain,bd6t51345822,,failed,0,0,,http_manifest,known,403,manifest,"Client error '403 ' for url 'https://openapiproext.bnf.fr/iiif/presentation/v3/ark:/12148/bd6t51345822/manifest.json'
For more information check: https://developer.mozilla.org/en-US/docs/Web/HTTP/Status/403",2026-07-27T17:42:19.220942
petitmarocain,bd6t5134583f,,failed,0,0,,http_manifest,known,403,manifest,"Client error '403 ' for url 'https://openapiproext.bnf.fr/iiif/presentation/v3/ark:/12148/bd6t5134583f/manifest.json'
For more information check: https://developer.mozilla.org/en-US/docs/Web/HTTP/Status/403",2026-07-27T17:42:20.407895
petitmarocain,bd6t5134584t,,failed,0,0,,http_manifest,known,403,manifest,"Client error '403 ' for url 'https://openapiproext.bnf.fr/iiif/presentation/v3/ark:/12148/bd6t5134584t/manifest.json'
For more information check: https://developer.mozilla.org/en-US/docs/Web/HTTP/Status/403",2026-07-27T17:42:21.612040
petitmarocain,bd6t51345856,,failed,0,0,,http_manifest,known,403,manifest,"Client error '403 ' for url 'https://openapiproext.bnf.fr/iiif/presentation/v3/ark:/12148/bd6t51345856/manifest.json'
For more information check: https://developer.mozilla.org/en-US/docs/Web/HTTP/Status/403",2026-07-27T17:42:22.819474
petitmarocain,bd6t5134586k,,failed,0,0,,http_manifest,known,403,manifest,"Client error '403 ' for url 'https://openapiproext.bnf.fr/iiif/presentation/v3/ark:/12148/bd6t5134586k/manifest.json'
For more information check: https://developer.mozilla.org/en-US/docs/Web/HTTP/Status/403",2026-07-27T17:42:24.008944
petitmarocain,bd6t5134587z,,failed,0,0,,http_manifest,known,403,manifest,"Client error '403 ' for url 'https://openapiproext.bnf.fr/iiif/presentation/v3/ark:/12148/bd6t5134587z/manifest.json'
For more information check: https://developer.mozilla.org/en-US/docs/Web/HTTP/Status/403",2026-07-27T17:42:25.212498
petitmarocain,bd6t5134588b,,failed,0,0,,http_manifest,known,403,manifest,"Client error '403 ' for url 'https://openapiproext.bnf.fr/iiif/presentation/v3/ark:/12148/bd6t5134588b/manifest.json'
For more information check: https://developer.mozilla.org/en-US/docs/Web/HTTP/Status/403",2026-07-27T17:42:26.413586
petitmarocain,bd6t5134589q,,failed,0,0,,http_manifest,known,403,manifest,"Client error '403 ' for url 'https://openapiproext.bnf.fr/iiif/presentation/v3/ark:/12148/bd6t5134589q/manifest.json'
For more information check: https://developer.mozilla.org/en-US/docs/Web/HTTP/Status/403",2026-07-27T17:42:27.616520
petitmarocain,bd6t5134590n,,failed,0,0,,http_manifest,known,403,manifest,"Client error '403 ' for url 'https://openapiproext.bnf.fr/iiif/presentation/v3/ark:/12148/bd6t5134590n/manifest.json'
For more information check: https://developer.mozilla.org/en-US/docs/Web/HTTP/Status/403",2026-07-27T17:42:28.819958
petitmarocain,bd6t51345911,,failed,0,0,,http_manifest,known,403,manifest,"Client error '403 ' for url 'https://openapiproext.bnf.fr/iiif/presentation/v3/ark:/12148/bd6t51345911/manifest.json'
For more information check: https://developer.mozilla.org/en-US/docs/Web/HTTP/Status/403",2026-07-27T17:42:30.019098
petitmarocain,bd6t5134592d,,failed,0,0,,http_manifest,known,403,manifest,"Client error '403 ' for url 'https://openapiproext.bnf.fr/iiif/presentation/v3/ark:/12148/bd6t5134592d/manifest.json'
For more information check: https://developer.mozilla.org/en-US/docs/Web/HTTP/Status/403",2026-07-27T17:42:31.346091
petitmarocain,bd6t5134593s,,failed,0,0,,http_manifest,known,403,manifest,"Client error '403 ' for url 'https://openapiproext.bnf.fr/iiif/presentation/v3/ark:/12148/bd6t5134593s/manifest.json'
For more information check: https://developer.mozilla.org/en-US/docs/Web/HTTP/Status/403",2026-07-27T17:42:32.432025
petitmarocain,bd6t51345945,,failed,0,0,,http_manifest,known,403,manifest,"Client error '403 ' for url 'https://openapiproext.bnf.fr/iiif/presentation/v3/ark:/12148/bd6t51345945/manifest.json'
For more information check: https://developer.mozilla.org/en-US/docs/Web/HTTP/Status/403",2026-07-27T17:42:33.630755
petitmarocain,bd6t5134595j,,failed,0,0,,http_manifest,known,403,manifest,"Client error '403 ' for url 'https://openapiproext.bnf.fr/iiif/presentation/v3/ark:/12148/bd6t5134595j/manifest.json'
For more information check: https://developer.mozilla.org/en-US/docs/Web/HTTP/Status/403",2026-07-27T17:42:34.832004
petitmarocain,bd6t5134596x,,failed,0,0,,http_manifest,known,403,manifest,"Client error '403 ' for url 'https://openapiproext.bnf.fr/iiif/presentation/v3/ark:/12148/bd6t5134596x/manifest.json'
For more information check: https://developer.mozilla.org/en-US/docs/Web/HTTP/Status/403",2026-07-27T17:42:36.242804
petitmarocain,bd6t51345979,,failed,0,0,,http_manifest,known,403,manifest,"Client error '403 ' for url 'https://openapiproext.bnf.fr/iiif/presentation/v3/ark:/12148/bd6t51345979/manifest.json'
For more information check: https://developer.mozilla.org/en-US/docs/Web/HTTP/Status/403",2026-07-27T17:42:37.252979
petitmarocain,bd6t5134598p,,failed,0,0,,http_manifest,known,403,manifest,"Client error '403 ' for url 'https://openapiproext.bnf.fr/iiif/presentation/v3/ark:/12148/bd6t5134598p/manifest.json'
For more information check: https://developer.mozilla.org/en-US/docs/Web/HTTP/Status/403",2026-07-27T17:42:38.510802
petitmarocain,bd6t51345992,,failed,0,0,,http_manifest,known,403,manifest,"Client error '403 ' for url 'https://openapiproext.bnf.fr/iiif/presentation/v3/ark:/12148/bd6t51345992/manifest.json'
For more information check: https://developer.mozilla.org/en-US/docs/Web/HTTP/Status/403",2026-07-27T17:42:39.652060
petitmarocain,bd6t5134600v,,failed,0,0,,http_manifest,known,403,manifest,"Client error '403 ' for url 'https://openapiproext.bnf.fr/iiif/presentation/v3/ark:/12148/bd6t5134600v/manifest.json'
For more information check: https://developer.mozilla.org/en-US/docs/Web/HTTP/Status/403",2026-07-27T17:42:40.831804
petitmarocain,bd6t51346017,,failed,0,0,,http_manifest,known,403,manifest,"Client error '403 ' for url 'https://openapiproext.bnf.fr/iiif/presentation/v3/ark:/12148/bd6t51346017/manifest.json'
For more information check: https://developer.mozilla.org/en-US/docs/Web/HTTP/Status/403",2026-07-27T17:42:42.252957
petitmarocain,bd6t5134602m,,failed,0,0,,http_manifest,known,403,manifest,"Client error '403 ' for url 'https://openapiproext.bnf.fr/iiif/presentation/v3/ark:/12148/bd6t5134602m/manifest.json'
For more information check: https://developer.mozilla.org/en-US/docs/Web/HTTP/Status/403",2026-07-27T17:42:43.241485
petitmarocain,bd6t51346030,,failed,0,0,,http_manifest,known,403,manifest,"Client error '403 ' for url 'https://openapiproext.bnf.fr/iiif/presentation/v3/ark:/12148/bd6t51346030/manifest.json'
For more information check: https://developer.mozilla.org/en-US/docs/Web/HTTP/Status/403",2026-07-27T17:42:44.637796
petitmarocain,bd6t5134604c,,failed,0,0,,http_manifest,known,403,manifest,"Client error '403 ' for url 'https://openapiproext.bnf.fr/iiif/presentation/v3/ark:/12148/bd6t5134604c/manifest.json'
For more information check: https://developer.mozilla.org/en-US/docs/Web/HTTP/Status/403",2026-07-27T17:42:45.889908
petitmarocain,bd6t5134605r,,failed,0,0,,http_manifest,known,403,manifest,"Client error '403 ' for url 'https://openapiproext.bnf.fr/iiif/presentation/v3/ark:/12148/bd6t5134605r/manifest.json'
For more information check: https://developer.mozilla.org/en-US/docs/Web/HTTP/Status/403",2026-07-27T17:42:46.880114
petitmarocain,bd6t51346064,,failed,0,0,,http_manifest,known,403,manifest,"Client error '403 ' for url 'https://openapiproext.bnf.fr/iiif/presentation/v3/ark:/12148/bd6t51346064/manifest.json'
For more information check: https://developer.mozilla.org/en-US/docs/Web/HTTP/Status/403",2026-07-27T17:42:48.268288
petitmarocain,bd6t5134607h,,failed,0,0,,http_manifest,known,403,manifest,"Client error '403 ' for url 'https://openapiproext.bnf.fr/iiif/presentation/v3/ark:/12148/bd6t5134607h/manifest.json'
For more information check: https://developer.mozilla.org/en-US/docs/Web/HTTP/Status/403",2026-07-27T17:42:49.372064
petitmarocain,bd6t5134608w,,failed,0,0,,http_manifest,known,403,manifest,"Client error '403 ' for url 'https://openapiproext.bnf.fr/iiif/presentation/v3/ark:/12148/bd6t5134608w/manifest.json'
For more information check: https://developer.mozilla.org/en-US/docs/Web/HTTP/Status/403",2026-07-27T17:42:50.452485
petitmarocain,bd6t51346098,,failed,0,0,,http_manifest,known,403,manifest,"Client error '403 ' for url 'https://openapiproext.bnf.fr/iiif/presentation/v3/ark:/12148/bd6t51346098/manifest.json'
For more information check: https://developer.mozilla.org/en-US/docs/Web/HTTP/Status/403",2026-07-27T17:42:51.686820
petitmarocain,bd6t51346106,,failed,0,0,,http_manifest,known,403,manifest,"Client error '403 ' for url 'https://openapiproext.bnf.fr/iiif/presentation/v3/ark:/12148/bd6t51346106/manifest.json'
For more information check: https://developer.mozilla.org/en-US/docs/Web/HTTP/Status/403",2026-07-27T17:42:52.858288
petitmarocain,bd6t5134611k,,failed,0,0,,http_manifest,known,403,manifest,"Client error '403 ' for url 'https://openapiproext.bnf.fr/iiif/presentation/v3/ark:/12148/bd6t5134611k/manifest.json'
For more information check: https://developer.mozilla.org/en-US/docs/Web/HTTP/Status/403",2026-07-27T17:42:54.060838
petitmarocain,bd6t5134612z,,failed,0,0,,http_manifest,known,403,manifest,"Client error '403 ' for url 'https://openapiproext.bnf.fr/iiif/presentation/v3/ark:/12148/bd6t5134612z/manifest.json'
For more information check: https://developer.mozilla.org/en-US/docs/Web/HTTP/Status/403",2026-07-27T17:42:55.256133
petitmarocain,bd6t5134613b,,failed,0,0,,http_manifest,known,403,manifest,"Client error '403 ' for url 'https://openapiproext.bnf.fr/iiif/presentation/v3/ark:/12148/bd6t5134613b/manifest.json'
For more information check: https://developer.mozilla.org/en-US/docs/Web/HTTP/Status/403",2026-07-27T17:42:56.458651
petitmarocain,bd6t5134614q,,failed,0,0,,http_manifest,known,403,manifest,"Client error '403 ' for url 'https://openapiproext.bnf.fr/iiif/presentation/v3/ark:/12148/bd6t5134614q/manifest.json'
For more information check: https://developer.mozilla.org/en-US/docs/Web/HTTP/Status/403",2026-07-27T17:42:57.654618
petitmarocain,bd6t51346153,,failed,0,0,,http_manifest,known,403,manifest,"Client error '403 ' for url 'https://openapiproext.bnf.fr/iiif/presentation/v3/ark:/12148/bd6t51346153/manifest.json'
For more information check: https://developer.mozilla.org/en-US/docs/Web/HTTP/Status/403",2026-07-27T17:42:58.860214
petitmarocain,bd6t5134616g,,failed,0,0,,http_manifest,known,403,manifest,"Client error '403 ' for url 'https://openapiproext.bnf.fr/iiif/presentation/v3/ark:/12148/bd6t5134616g/manifest.json'
For more information check: https://developer.mozilla.org/en-US/docs/Web/HTTP/Status/403",2026-07-27T17:43:00.079043
petitmarocain,bd6t5134617v,,failed,0,0,,http_manifest,known,403,manifest,"Client error '403 ' for url 'https://openapiproext.bnf.fr/iiif/presentation/v3/ark:/12148/bd6t5134617v/manifest.json'
For more information check: https://developer.mozilla.org/en-US/docs/Web/HTTP/Status/403",2026-07-27T17:43:01.261682
petitmarocain,bd6t51346187,,failed,0,0,,http_manifest,known,403,manifest,"Client error '403 ' for url 'https://openapiproext.bnf.fr/iiif/presentation/v3/ark:/12148/bd6t51346187/manifest.json'
For more information check: https://developer.mozilla.org/en-US/docs/Web/HTTP/Status/403",2026-07-27T17:43:02.466100
petitmarocain,bd6t5134619m,,failed,0,0,,http_manifest,known,403,manifest,"Client error '403 ' for url 'https://openapiproext.bnf.fr/iiif/presentation/v3/ark:/12148/bd6t5134619m/manifest.json'
For more information check: https://developer.mozilla.org/en-US/docs/Web/HTTP/Status/403",2026-07-27T17:43:03.677429
petitmarocain,bd6t5134620j,,failed,0,0,,http_manifest,known,403,manifest,"Client error '403 ' for url 'https://openapiproext.bnf.fr/iiif/presentation/v3/ark:/12148/bd6t5134620j/manifest.json'
For more information check: https://developer.mozilla.org/en-US/docs/Web/HTTP/Status/403",2026-07-27T17:43:04.874313
petitmarocain,bd6t5134621x,,failed,0,0,,http_manifest,known,403,manifest,"Client error '403 ' for url 'https://openapiproext.bnf.fr/iiif/presentation/v3/ark:/12148/bd6t5134621x/manifest.json'
For more information check: https://developer.mozilla.org/en-US/docs/Web/HTTP/Status/403",2026-07-27T17:43:06.087515
petitmarocain,bd6t51346229,,failed,0,0,,http_manifest,known,403,manifest,"Client error '403 ' for url 'https://openapiproext.bnf.fr/iiif/presentation/v3/ark:/12148/bd6t51346229/manifest.json'
For more information check: https://developer.mozilla.org/en-US/docs/Web/HTTP/Status/403",2026-07-27T17:43:07.269522
petitmarocain,bd6t5134623p,,failed,0,0,,http_manifest,known,403,manifest,"Client error '403 ' for url 'https://openapiproext.bnf.fr/iiif/presentation/v3/ark:/12148/bd6t5134623p/manifest.json'
For more information check: https://developer.mozilla.org/en-US/docs/Web/HTTP/Status/403",2026-07-27T17:43:08.476345
petitmarocain,bd6t5134805c,,failed,0,0,,http_manifest,known,403,manifest,"Client error '403 ' for url 'https://openapiproext.bnf.fr/iiif/presentation/v3/ark:/12148/bd6t5134805c/manifest.json'
For more information check: https://developer.mozilla.org/en-US/docs/Web/HTTP/Status/403",2026-07-27T17:43:09.672538
petitmarocain,bd6t5134806r,,failed,0,0,,http_manifest,known,403,manifest,"Client error '403 ' for url 'https://openapiproext.bnf.fr/iiif/presentation/v3/ark:/12148/bd6t5134806r/manifest.json'
For more information check: https://developer.mozilla.org/en-US/docs/Web/HTTP/Status/403",2026-07-27T17:43:10.875403
petitmarocain,bd6t51348074,,failed,0,0,,http_manifest,known,403,manifest,"Client error '403 ' for url 'https://openapiproext.bnf.fr/iiif/presentation/v3/ark:/12148/bd6t51348074/manifest.json'
For more information check: https://developer.mozilla.org/en-US/docs/Web/HTTP/Status/403",2026-07-27T17:43:12.080360
petitmarocain,bd6t5134808h,,failed,0,0,,http_manifest,known,403,manifest,"Client error '403 ' for url 'https://openapiproext.bnf.fr/iiif/presentation/v3/ark:/12148/bd6t5134808h/manifest.json'
For more information check: https://developer.mozilla.org/en-US/docs/Web/HTTP/Status/403",2026-07-27T17:43:13.280697
petitmarocain,bd6t5134809w,,failed,0,0,,http_manifest,known,403,manifest,"Client error '403 ' for url 'https://openapiproext.bnf.fr/iiif/presentation/v3/ark:/12148/bd6t5134809w/manifest.json'
For more information check: https://developer.mozilla.org/en-US/docs/Web/HTTP/Status/403",2026-07-27T17:43:14.483181
petitmarocain,bd6t5134810t,,failed,0,0,,http_manifest,known,403,manifest,"Client error '403 ' for url 'https://openapiproext.bnf.fr/iiif/presentation/v3/ark:/12148/bd6t5134810t/manifest.json'
For more information check: https://developer.mozilla.org/en-US/docs/Web/HTTP/Status/403",2026-07-27T17:43:15.683745
petitmarocain,bd6t51348116,,failed,0,0,,http_manifest,known,403,manifest,"Client error '403 ' for url 'https://openapiproext.bnf.fr/iiif/presentation/v3/ark:/12148/bd6t51348116/manifest.json'
For more information check: https://developer.mozilla.org/en-US/docs/Web/HTTP/Status/403",2026-07-27T17:43:16.884255
petitmarocain,bd6t5134812k,,failed,0,0,,http_manifest,known,403,manifest,"Client error '403 ' for url 'https://openapiproext.bnf.fr/iiif/presentation/v3/ark:/12148/bd6t5134812k/manifest.json'
For more information check: https://developer.mozilla.org/en-US/docs/Web/HTTP/Status/403",2026-07-27T17:43:18.099087
petitmarocain,bd6t5134813z,,failed,0,0,,http_manifest,known,403,manifest,"Client error '403 ' for url 'https://openapiproext.bnf.fr/iiif/presentation/v3/ark:/12148/bd6t5134813z/manifest.json'
For more information check: https://developer.mozilla.org/en-US/docs/Web/HTTP/Status/403",2026-07-27T17:43:19.290445
petitmarocain,bd6t5134814b,,failed,0,0,,http_manifest,known,403,manifest,"Client error '403 ' for url 'https://openapiproext.bnf.fr/iiif/presentation/v3/ark:/12148/bd6t5134814b/manifest.json'
For more information check: https://developer.mozilla.org/en-US/docs/Web/HTTP/Status/403",2026-07-27T17:43:20.495439
petitmarocain,bd6t5134815q,,failed,0,0,,http_manifest,known,403,manifest,"Client error '403 ' for url 'https://openapiproext.bnf.fr/iiif/presentation/v3/ark:/12148/bd6t5134815q/manifest.json'
For more information check: https://developer.mozilla.org/en-US/docs/Web/HTTP/Status/403",2026-07-27T17:43:21.690647
petitmarocain,bd6t51348163,,failed,0,0,,http_manifest,known,403,manifest,"Client error '403 ' for url 'https://openapiproext.bnf.fr/iiif/presentation/v3/ark:/12148/bd6t51348163/manifest.json'
For more information check: https://developer.mozilla.org/en-US/docs/Web/HTTP/Status/403",2026-07-27T17:43:22.891823
petitmarocain,bd6t5134817g,,failed,0,0,,http_manifest,known,403,manifest,"Client error '403 ' for url 'https://openapiproext.bnf.fr/iiif/presentation/v3/ark:/12148/bd6t5134817g/manifest.json'
For more information check: https://developer.mozilla.org/en-US/docs/Web/HTTP/Status/403",2026-07-27T17:43:24.093266
petitmarocain,bd6t5134818v,,failed,0,0,,http_manifest,known,403,manifest,"Client error '403 ' for url 'https://openapiproext.bnf.fr/iiif/presentation/v3/ark:/12148/bd6t5134818v/manifest.json'
For more information check: https://developer.mozilla.org/en-US/docs/Web/HTTP/Status/403",2026-07-27T17:43:25.292159
petitmarocain,bd6t51348197,,failed,0,0,,http_manifest,known,403,manifest,"Client error '403 ' for url 'https://openapiproext.bnf.fr/iiif/presentation/v3/ark:/12148/bd6t51348197/manifest.json'
For more information check: https://developer.mozilla.org/en-US/docs/Web/HTTP/Status/403",2026-07-27T17:43:26.498527
petitmarocain,bd6t51348205,,failed,0,0,,http_manifest,known,403,manifest,"Client error '403 ' for url 'https://openapiproext.bnf.fr/iiif/presentation/v3/ark:/12148/bd6t51348205/manifest.json'
For more information check: https://developer.mozilla.org/en-US/docs/Web/HTTP/Status/403",2026-07-27T17:43:27.699791
petitmarocain,bd6t5134821j,,failed,0,0,,http_manifest,known,403,manifest,"Client error '403 ' for url 'https://openapiproext.bnf.fr/iiif/presentation/v3/ark:/12148/bd6t5134821j/manifest.json'
For more information check: https://developer.mozilla.org/en-US/docs/Web/HTTP/Status/403",2026-07-27T17:43:28.905120
petitmarocain,bd6t5134822x,,failed,0,0,,http_manifest,known,403,manifest,"Client error '403 ' for url 'https://openapiproext.bnf.fr/iiif/presentation/v3/ark:/12148/bd6t5134822x/manifest.json'
For more information check: https://developer.mozilla.org/en-US/docs/Web/HTTP/Status/403",2026-07-27T17:43:30.121867
petitmarocain,bd6t51348239,,failed,0,0,,http_manifest,known,403,manifest,"Client error '403 ' for url 'https://openapiproext.bnf.fr/iiif/presentation/v3/ark:/12148/bd6t51348239/manifest.json'
For more information check: https://developer.mozilla.org/en-US/docs/Web/HTTP/Status/403",2026-07-27T17:43:31.405952
petitmarocain,bd6t5134824p,,failed,0,0,,http_manifest,known,403,manifest,"Client error '403 ' for url 'https://openapiproext.bnf.fr/iiif/presentation/v3/ark:/12148/bd6t5134824p/manifest.json'
For more information check: https://developer.mozilla.org/en-US/docs/Web/HTTP/Status/403",2026-07-27T17:43:32.767906
petitmarocain,bd6t51348252,,failed,0,0,,http_manifest,known,403,manifest,"Client error '403 ' for url 'https://openapiproext.bnf.fr/iiif/presentation/v3/ark:/12148/bd6t51348252/manifest.json'
For more information check: https://developer.mozilla.org/en-US/docs/Web/HTTP/Status/403",2026-07-27T17:43:33.712785
petitmarocain,bd6t5134826f,,failed,0,0,,http_manifest,known,403,manifest,"Client error '403 ' for url 'https://openapiproext.bnf.fr/iiif/presentation/v3/ark:/12148/bd6t5134826f/manifest.json'
For more information check: https://developer.mozilla.org/en-US/docs/Web/HTTP/Status/403",2026-07-27T17:43:34.916480
petitmarocain,bd6t5134827t,,failed,0,0,,http_manifest,known,403,manifest,"Client error '403 ' for url 'https://openapiproext.bnf.fr/iiif/presentation/v3/ark:/12148/bd6t5134827t/manifest.json'
For more information check: https://developer.mozilla.org/en-US/docs/Web/HTTP/Status/403",2026-07-27T17:43:36.262441
petitmarocain,bd6t51348286,,failed,0,0,,http_manifest,known,403,manifest,"Client error '403 ' for url 'https://openapiproext.bnf.fr/iiif/presentation/v3/ark:/12148/bd6t51348286/manifest.json'
For more information check: https://developer.mozilla.org/en-US/docs/Web/HTTP/Status/403",2026-07-27T17:43:37.411996
petitmarocain,bd6t5134829k,,failed,0,0,,http_manifest,known,403,manifest,"Client error '403 ' for url 'https://openapiproext.bnf.fr/iiif/presentation/v3/ark:/12148/bd6t5134829k/manifest.json'
For more information check: https://developer.mozilla.org/en-US/docs/Web/HTTP/Status/403",2026-07-27T17:43:38.660129
petitmarocain,bd6t5134830h,,failed,0,0,,http_manifest,known,403,manifest,"Client error '403 ' for url 'https://openapiproext.bnf.fr/iiif/presentation/v3/ark:/12148/bd6t5134830h/manifest.json'
For more information check: https://developer.mozilla.org/en-US/docs/Web/HTTP/Status/403",2026-07-27T17:43:39.796343
petitmarocain,bd6t5134831w,,failed,0,0,,http_manifest,known,403,manifest,"Client error '403 ' for url 'https://openapiproext.bnf.fr/iiif/presentation/v3/ark:/12148/bd6t5134831w/manifest.json'
For more information check: https://developer.mozilla.org/en-US/docs/Web/HTTP/Status/403",2026-07-27T17:43:40.926155
petitmarocain,bd6t51348328,,failed,0,0,,http_manifest,known,403,manifest,"Client error '403 ' for url 'https://openapiproext.bnf.fr/iiif/presentation/v3/ark:/12148/bd6t51348328/manifest.json'
For more information check: https://developer.mozilla.org/en-US/docs/Web/HTTP/Status/403",2026-07-27T17:43:42.130150
petitmarocain,bd6t5134833n,,failed,0,0,,http_manifest,known,403,manifest,"Client error '403 ' for url 'https://openapiproext.bnf.fr/iiif/presentation/v3/ark:/12148/bd6t5134833n/manifest.json'
For more information check: https://developer.mozilla.org/en-US/docs/Web/HTTP/Status/403",2026-07-27T17:43:43.329054
petitmarocain,bd6t51348341,,failed,0,0,,http_manifest,known,403,manifest,"Client error '403 ' for url 'https://openapiproext.bnf.fr/iiif/presentation/v3/ark:/12148/bd6t51348341/manifest.json'
For more information check: https://developer.mozilla.org/en-US/docs/Web/HTTP/Status/403",2026-07-27T17:43:44.752905
petitmarocain,bd6t5134835d,,failed,0,0,,http_manifest,known,403,manifest,"Client error '403 ' for url 'https://openapiproext.bnf.fr/iiif/presentation/v3/ark:/12148/bd6t5134835d/manifest.json'
For more information check: https://developer.mozilla.org/en-US/docs/Web/HTTP/Status/403",2026-07-27T17:43:45.813536
petitmarocain,bd6t5134836s,,failed,0,0,,http_manifest,known,403,manifest,"Client error '403 ' for url 'https://openapiproext.bnf.fr/iiif/presentation/v3/ark:/12148/bd6t5134836s/manifest.json'
For more information check: https://developer.mozilla.org/en-US/docs/Web/HTTP/Status/403",2026-07-27T17:43:46.937471
petitmarocain,bd6t51348375,,failed,0,0,,http_manifest,known,403,manifest,"Client error '403 ' for url 'https://openapiproext.bnf.fr/iiif/presentation/v3/ark:/12148/bd6t51348375/manifest.json'
For more information check: https://developer.mozilla.org/en-US/docs/Web/HTTP/Status/403",2026-07-27T17:43:48.144829
petitmarocain,bd6t5134838j,,failed,0,0,,http_manifest,known,403,manifest,"Client error '403 ' for url 'https://openapiproext.bnf.fr/iiif/presentation/v3/ark:/12148/bd6t5134838j/manifest.json'
For more information check: https://developer.mozilla.org/en-US/docs/Web/HTTP/Status/403",2026-07-27T17:43:49.335927
petitmarocain,bd6t5134839x,,failed,0,0,,http_manifest,known,403,manifest,"Client error '403 ' for url 'https://openapiproext.bnf.fr/iiif/presentation/v3/ark:/12148/bd6t5134839x/manifest.json'
For more information check: https://developer.mozilla.org/en-US/docs/Web/HTTP/Status/403",2026-07-27T17:43:50.538987
petitmarocain,bd6t5134840v,,failed,0,0,,http_manifest,known,403,manifest,"Client error '403 ' for url 'https://openapiproext.bnf.fr/iiif/presentation/v3/ark:/12148/bd6t5134840v/manifest.json'
For more information check: https://developer.mozilla.org/en-US/docs/Web/HTTP/Status/403",2026-07-27T17:43:51.829898
petitmarocain,bd6t51348417,,failed,0,0,,http_manifest,known,403,manifest,"Client error '403 ' for url 'https://openapiproext.bnf.fr/iiif/presentation/v3/ark:/12148/bd6t51348417/manifest.json'
For more information check: https://developer.mozilla.org/en-US/docs/Web/HTTP/Status/403",2026-07-27T17:43:53.181782
petitmarocain,bd6t5134842m,,failed,0,0,,http_manifest,known,403,manifest,"Client error '403 ' for url 'https://openapiproext.bnf.fr/iiif/presentation/v3/ark:/12148/bd6t5134842m/manifest.json'
For more information check: https://developer.mozilla.org/en-US/docs/Web/HTTP/Status/403",2026-07-27T17:43:54.148696
petitmarocain,bd6t51348430,,failed,0,0,,http_manifest,known,403,manifest,"Client error '403 ' for url 'https://openapiproext.bnf.fr/iiif/presentation/v3/ark:/12148/bd6t51348430/manifest.json'
For more information check: https://developer.mozilla.org/en-US/docs/Web/HTTP/Status/403",2026-07-27T17:43:55.338511
petitmarocain,bd6t5134844c,,failed,0,0,,http_manifest,known,403,manifest,"Client error '403 ' for url 'https://openapiproext.bnf.fr/iiif/presentation/v3/ark:/12148/bd6t5134844c/manifest.json'
For more information check: https://developer.mozilla.org/en-US/docs/Web/HTTP/Status/403",2026-07-27T17:43:56.555391
petitmarocain,bd6t5134845r,,failed,0,0,,http_manifest,known,403,manifest,"Client error '403 ' for url 'https://openapiproext.bnf.fr/iiif/presentation/v3/ark:/12148/bd6t5134845r/manifest.json'
For more information check: https://developer.mozilla.org/en-US/docs/Web/HTTP/Status/403",2026-07-27T17:43:57.740682
petitmarocain,bd6t51348464,,failed,0,0,,http_manifest,known,403,manifest,"Client error '403 ' for url 'https://openapiproext.bnf.fr/iiif/presentation/v3/ark:/12148/bd6t51348464/manifest.json'
For more information check: https://developer.mozilla.org/en-US/docs/Web/HTTP/Status/403",2026-07-27T17:43:58.958759
petitmarocain,bd6t5134847h,,failed,0,0,,http_manifest,known,403,manifest,"Client error '403 ' for url 'https://openapiproext.bnf.fr/iiif/presentation/v3/ark:/12148/bd6t5134847h/manifest.json'
For more information check: https://developer.mozilla.org/en-US/docs/Web/HTTP/Status/403",2026-07-27T17:44:00.145107
petitmarocain,bd6t5134848w,,failed,0,0,,http_manifest,known,403,manifest,"Client error '403 ' for url 'https://openapiproext.bnf.fr/iiif/presentation/v3/ark:/12148/bd6t5134848w/manifest.json'
For more information check: https://developer.mozilla.org/en-US/docs/Web/HTTP/Status/403",2026-07-27T17:44:01.349523
petitmarocain,bd6t51348498,,failed,0,0,,http_manifest,known,403,manifest,"Client error '403 ' for url 'https://openapiproext.bnf.fr/iiif/presentation/v3/ark:/12148/bd6t51348498/manifest.json'
For more information check: https://developer.mozilla.org/en-US/docs/Web/HTTP/Status/403",2026-07-27T17:44:02.554003
petitmarocain,bd6t51348506,,failed,0,0,,http_manifest,known,403,manifest,"Client error '403 ' for url 'https://openapiproext.bnf.fr/iiif/presentation/v3/ark:/12148/bd6t51348506/manifest.json'
For more information check: https://developer.mozilla.org/en-US/docs/Web/HTTP/Status/403",2026-07-27T17:44:03.753161
petitmarocain,bd6t5134851k,,failed,0,0,,http_manifest,known,403,manifest,"Client error '403 ' for url 'https://openapiproext.bnf.fr/iiif/presentation/v3/ark:/12148/bd6t5134851k/manifest.json'
For more information check: https://developer.mozilla.org/en-US/docs/Web/HTTP/Status/403",2026-07-27T17:44:04.952601
petitmarocain,bd6t5134852z,,failed,0,0,,http_manifest,known,403,manifest,"Client error '403 ' for url 'https://openapiproext.bnf.fr/iiif/presentation/v3/ark:/12148/bd6t5134852z/manifest.json'
For more information check: https://developer.mozilla.org/en-US/docs/Web/HTTP/Status/403",2026-07-27T17:44:06.155767
petitmarocain,bd6t5134853b,,failed,0,0,,http_manifest,known,403,manifest,"Client error '403 ' for url 'https://openapiproext.bnf.fr/iiif/presentation/v3/ark:/12148/bd6t5134853b/manifest.json'
For more information check: https://developer.mozilla.org/en-US/docs/Web/HTTP/Status/403",2026-07-27T17:44:07.354949
petitmarocain,bd6t5134854q,,failed,0,0,,http_manifest,known,403,manifest,"Client error '403 ' for url 'https://openapiproext.bnf.fr/iiif/presentation/v3/ark:/12148/bd6t5134854q/manifest.json'
For more information check: https://developer.mozilla.org/en-US/docs/Web/HTTP/Status/403",2026-07-27T17:44:08.557128
petitmarocain,bd6t51348553,,failed,0,0,,http_manifest,known,403,manifest,"Client error '403 ' for url 'https://openapiproext.bnf.fr/iiif/presentation/v3/ark:/12148/bd6t51348553/manifest.json'
For more information check: https://developer.mozilla.org/en-US/docs/Web/HTTP/Status/403",2026-07-27T17:44:09.762399
petitmarocain,bd6t5134856g,,failed,0,0,,http_manifest,known,403,manifest,"Client error '403 ' for url 'https://openapiproext.bnf.fr/iiif/presentation/v3/ark:/12148/bd6t5134856g/manifest.json'
For more information check: https://developer.mozilla.org/en-US/docs/Web/HTTP/Status/403",2026-07-27T17:44:10.975540
petitmarocain,bd6t5134857v,,failed,0,0,,http_manifest,known,403,manifest,"Client error '403 ' for url 'https://openapiproext.bnf.fr/iiif/presentation/v3/ark:/12148/bd6t5134857v/manifest.json'
For more information check: https://developer.mozilla.org/en-US/docs/Web/HTTP/Status/403",2026-07-27T17:44:12.170120
petitmarocain,bd6t51348587,,failed,0,0,,http_manifest,known,403,manifest,"Client error '403 ' for url 'https://openapiproext.bnf.fr/iiif/presentation/v3/ark:/12148/bd6t51348587/manifest.json'
For more information check: https://developer.mozilla.org/en-US/docs/Web/HTTP/Status/403",2026-07-27T17:44:13.364377
petitmarocain,bd6t5134859m,,failed,0,0,,http_manifest,known,403,manifest,"Client error '403 ' for url 'https://openapiproext.bnf.fr/iiif/presentation/v3/ark:/12148/bd6t5134859m/manifest.json'
For more information check: https://developer.mozilla.org/en-US/docs/Web/HTTP/Status/403",2026-07-27T17:44:14.586744
petitmarocain,bd6t5134860j,,failed,0,0,,http_manifest,known,403,manifest,"Client error '403 ' for url 'https://openapiproext.bnf.fr/iiif/presentation/v3/ark:/12148/bd6t5134860j/manifest.json'
For more information check: https://developer.mozilla.org/en-US/docs/Web/HTTP/Status/403",2026-07-27T17:44:15.789950
petitmarocain,bd6t5134861x,,failed,0,0,,http_manifest,known,403,manifest,"Client error '403 ' for url 'https://openapiproext.bnf.fr/iiif/presentation/v3/ark:/12148/bd6t5134861x/manifest.json'
For more information check: https://developer.mozilla.org/en-US/docs/Web/HTTP/Status/403",2026-07-27T17:44:16.980040
petitmarocain,bd6t51348629,,failed,0,0,,http_manifest,known,403,manifest,"Client error '403 ' for url 'https://openapiproext.bnf.fr/iiif/presentation/v3/ark:/12148/bd6t51348629/manifest.json'
For more information check: https://developer.mozilla.org/en-US/docs/Web/HTTP/Status/403",2026-07-27T17:44:18.170930
petitmarocain,bd6t5134863p,,failed,0,0,,http_manifest,known,403,manifest,"Client error '403 ' for url 'https://openapiproext.bnf.fr/iiif/presentation/v3/ark:/12148/bd6t5134863p/manifest.json'
For more information check: https://developer.mozilla.org/en-US/docs/Web/HTTP/Status/403",2026-07-27T17:44:19.409343
petitmarocain,bd6t51348642,,failed,0,0,,http_manifest,known,403,manifest,"Client error '403 ' for url 'https://openapiproext.bnf.fr/iiif/presentation/v3/ark:/12148/bd6t51348642/manifest.json'
For more information check: https://developer.mozilla.org/en-US/docs/Web/HTTP/Status/403",2026-07-27T17:44:20.575162
petitmarocain,bd6t5134865f,,failed,0,0,,http_manifest,known,403,manifest,"Client error '403 ' for url 'https://openapiproext.bnf.fr/iiif/presentation/v3/ark:/12148/bd6t5134865f/manifest.json'
For more information check: https://developer.mozilla.org/en-US/docs/Web/HTTP/Status/403",2026-07-27T17:44:21.776549
petitmarocain,bd6t5134866t,,failed,0,0,,http_manifest,known,403,manifest,"Client error '403 ' for url 'https://openapiproext.bnf.fr/iiif/presentation/v3/ark:/12148/bd6t5134866t/manifest.json'
For more information check: https://developer.mozilla.org/en-US/docs/Web/HTTP/Status/403",2026-07-27T17:44:22.978779
petitmarocain,bd6t51348676,,failed,0,0,,http_manifest,known,403,manifest,"Client error '403 ' for url 'https://openapiproext.bnf.fr/iiif/presentation/v3/ark:/12148/bd6t51348676/manifest.json'
For more information check: https://developer.mozilla.org/en-US/docs/Web/HTTP/Status/403",2026-07-27T17:44:24.213725
petitmarocain,bd6t5134868k,,failed,0,0,,http_manifest,known,403,manifest,"Client error '403 ' for url 'https://openapiproext.bnf.fr/iiif/presentation/v3/ark:/12148/bd6t5134868k/manifest.json'
For more information check: https://developer.mozilla.org/en-US/docs/Web/HTTP/Status/403",2026-07-27T17:44:25.381030
petitmarocain,bd6t5134869z,,failed,0,0,,http_manifest,known,403,manifest,"Client error '403 ' for url 'https://openapiproext.bnf.fr/iiif/presentation/v3/ark:/12148/bd6t5134869z/manifest.json'
For more information check: https://developer.mozilla.org/en-US/docs/Web/HTTP/Status/403",2026-07-27T17:44:26.584829
petitmarocain,bd6t5134870w,,failed,0,0,,http_manifest,known,403,manifest,"Client error '403 ' for url 'https://openapiproext.bnf.fr/iiif/presentation/v3/ark:/12148/bd6t5134870w/manifest.json'
For more information check: https://developer.mozilla.org/en-US/docs/Web/HTTP/Status/403",2026-07-27T17:44:27.782434
petitmarocain,bd6t51348718,,failed,0,0,,http_manifest,known,403,manifest,"Client error '403 ' for url 'https://openapiproext.bnf.fr/iiif/presentation/v3/ark:/12148/bd6t51348718/manifest.json'
For more information check: https://developer.mozilla.org/en-US/docs/Web/HTTP/Status/403",2026-07-27T17:44:29.001090
petitmarocain,bd6t5134872n,,failed,0,0,,http_manifest,known,403,manifest,"Client error '403 ' for url 'https://openapiproext.bnf.fr/iiif/presentation/v3/ark:/12148/bd6t5134872n/manifest.json'
For more information check: https://developer.mozilla.org/en-US/docs/Web/HTTP/Status/403",2026-07-27T17:44:30.197192
petitmarocain,bd6t51348731,,failed,0,0,,http_manifest,known,403,manifest,"Client error '403 ' for url 'https://openapiproext.bnf.fr/iiif/presentation/v3/ark:/12148/bd6t51348731/manifest.json'
For more information check: https://developer.mozilla.org/en-US/docs/Web/HTTP/Status/403",2026-07-27T17:44:31.581872
petitmarocain,bd6t5134874d,,failed,0,0,,http_manifest,known,403,manifest,"Client error '403 ' for url 'https://openapiproext.bnf.fr/iiif/presentation/v3/ark:/12148/bd6t5134874d/manifest.json'
For more information check: https://developer.mozilla.org/en-US/docs/Web/HTTP/Status/403",2026-07-27T17:44:32.795363
petitmarocain,bd6t5134875s,,failed,0,0,,http_manifest,known,403,manifest,"Client error '403 ' for url 'https://openapiproext.bnf.fr/iiif/presentation/v3/ark:/12148/bd6t5134875s/manifest.json'
For more information check: https://developer.mozilla.org/en-US/docs/Web/HTTP/Status/403",2026-07-27T17:44:33.795283
petitmarocain,bd6t51348765,,failed,0,0,,http_manifest,known,403,manifest,"Client error '403 ' for url 'https://openapiproext.bnf.fr/iiif/presentation/v3/ark:/12148/bd6t51348765/manifest.json'
For more information check: https://developer.mozilla.org/en-US/docs/Web/HTTP/Status/403",2026-07-27T17:44:34.993822
petitmarocain,bd6t5134877j,,failed,0,0,,http_manifest,known,403,manifest,"Client error '403 ' for url 'https://openapiproext.bnf.fr/iiif/presentation/v3/ark:/12148/bd6t5134877j/manifest.json'
For more information check: https://developer.mozilla.org/en-US/docs/Web/HTTP/Status/403",2026-07-27T17:44:36.345574
petitmarocain,bd6t5134878x,,failed,0,0,,http_manifest,known,403,manifest,"Client error '403 ' for url 'https://openapiproext.bnf.fr/iiif/presentation/v3/ark:/12148/bd6t5134878x/manifest.json'
For more information check: https://developer.mozilla.org/en-US/docs/Web/HTTP/Status/403",2026-07-27T17:44:37.406383
petitmarocain,bd6t51348799,,failed,0,0,,http_manifest,known,403,manifest,"Client error '403 ' for url 'https://openapiproext.bnf.fr/iiif/presentation/v3/ark:/12148/bd6t51348799/manifest.json'
For more information check: https://developer.mozilla.org/en-US/docs/Web/HTTP/Status/403",2026-07-27T17:44:38.680317
petitmarocain,bd6t51348807,,failed,0,0,,http_manifest,known,403,manifest,"Client error '403 ' for url 'https://openapiproext.bnf.fr/iiif/presentation/v3/ark:/12148/bd6t51348807/manifest.json'
For more information check: https://developer.mozilla.org/en-US/docs/Web/HTTP/Status/403",2026-07-27T17:44:40.026367
petitmarocain,bd6t5134881m,,failed,0,0,,http_manifest,known,403,manifest,"Client error '403 ' for url 'https://openapiproext.bnf.fr/iiif/presentation/v3/ark:/12148/bd6t5134881m/manifest.json'
For more information check: https://developer.mozilla.org/en-US/docs/Web/HTTP/Status/403",2026-07-27T17:44:41.003804
petitmarocain,bd6t51348820,,failed,0,0,,http_manifest,known,403,manifest,"Client error '403 ' for url 'https://openapiproext.bnf.fr/iiif/presentation/v3/ark:/12148/bd6t51348820/manifest.json'
For more information check: https://developer.mozilla.org/en-US/docs/Web/HTTP/Status/403",2026-07-27T17:44:42.454349
petitmarocain,bd6t5134883c,,failed,0,0,,http_manifest,known,403,manifest,"Client error '403 ' for url 'https://openapiproext.bnf.fr/iiif/presentation/v3/ark:/12148/bd6t5134883c/manifest.json'
For more information check: https://developer.mozilla.org/en-US/docs/Web/HTTP/Status/403",2026-07-27T17:44:43.410894
petitmarocain,bd6t5134884r,,failed,0,0,,http_manifest,known,403,manifest,"Client error '403 ' for url 'https://openapiproext.bnf.fr/iiif/presentation/v3/ark:/12148/bd6t5134884r/manifest.json'
For more information check: https://developer.mozilla.org/en-US/docs/Web/HTTP/Status/403",2026-07-27T17:44:44.623129
petitmarocain,bd6t51348854,,failed,0,0,,http_manifest,known,403,manifest,"Client error '403 ' for url 'https://openapiproext.bnf.fr/iiif/presentation/v3/ark:/12148/bd6t51348854/manifest.json'
For more information check: https://developer.mozilla.org/en-US/docs/Web/HTTP/Status/403",2026-07-27T17:44:45.838466
petitmarocain,bd6t5134886h,,failed,0,0,,http_manifest,known,403,manifest,"Client error '403 ' for url 'https://openapiproext.bnf.fr/iiif/presentation/v3/ark:/12148/bd6t5134886h/manifest.json'
For more information check: https://developer.mozilla.org/en-US/docs/Web/HTTP/Status/403",2026-07-27T17:44:47.301702
petitmarocain,bd6t5134887w,,failed,0,0,,http_manifest,known,403,manifest,"Client error '403 ' for url 'https://openapiproext.bnf.fr/iiif/presentation/v3/ark:/12148/bd6t5134887w/manifest.json'
For more information check: https://developer.mozilla.org/en-US/docs/Web/HTTP/Status/403",2026-07-27T17:44:48.478378
petitmarocain,bd6t51348888,,failed,0,0,,http_manifest,known,403,manifest,"Client error '403 ' for url 'https://openapiproext.bnf.fr/iiif/presentation/v3/ark:/12148/bd6t51348888/manifest.json'
For more information check: https://developer.mozilla.org/en-US/docs/Web/HTTP/Status/403",2026-07-27T17:44:49.506075
petitmarocain,bd6t5134889n,,failed,0,0,,http_manifest,known,403,manifest,"Client error '403 ' for url 'https://openapiproext.bnf.fr/iiif/presentation/v3/ark:/12148/bd6t5134889n/manifest.json'
For more information check: https://developer.mozilla.org/en-US/docs/Web/HTTP/Status/403",2026-07-27T17:44:50.623288
petitmarocain,bd6t5134890k,,failed,0,0,,http_manifest,known,403,manifest,"Client error '403 ' for url 'https://openapiproext.bnf.fr/iiif/presentation/v3/ark:/12148/bd6t5134890k/manifest.json'
For more information check: https://developer.mozilla.org/en-US/docs/Web/HTTP/Status/403",2026-07-27T17:44:51.832082
petitmarocain,bd6t5134891z,,failed,0,0,,http_manifest,known,403,manifest,"Client error '403 ' for url 'https://openapiproext.bnf.fr/iiif/presentation/v3/ark:/12148/bd6t5134891z/manifest.json'
For more information check: https://developer.mozilla.org/en-US/docs/Web/HTTP/Status/403",2026-07-27T17:44:53.020809
petitmarocain,bd6t5134892b,,failed,0,0,,http_manifest,known,403,manifest,"Client error '403 ' for url 'https://openapiproext.bnf.fr/iiif/presentation/v3/ark:/12148/bd6t5134892b/manifest.json'
For more information check: https://developer.mozilla.org/en-US/docs/Web/HTTP/Status/403",2026-07-27T17:44:54.220075
petitmarocain,bd6t5134893q,,failed,0,0,,http_manifest,known,403,manifest,"Client error '403 ' for url 'https://openapiproext.bnf.fr/iiif/presentation/v3/ark:/12148/bd6t5134893q/manifest.json'
For more information check: https://developer.mozilla.org/en-US/docs/Web/HTTP/Status/403",2026-07-27T17:44:55.423765
petitmarocain,bd6t51348943,,failed,0,0,,http_manifest,known,403,manifest,"Client error '403 ' for url 'https://openapiproext.bnf.fr/iiif/presentation/v3/ark:/12148/bd6t51348943/manifest.json'
For more information check: https://developer.mozilla.org/en-US/docs/Web/HTTP/Status/403",2026-07-27T17:44:56.619807
petitmarocain,bd6t5134895g,,failed,0,0,,http_manifest,known,403,manifest,"Client error '403 ' for url 'https://openapiproext.bnf.fr/iiif/presentation/v3/ark:/12148/bd6t5134895g/manifest.json'
For more information check: https://developer.mozilla.org/en-US/docs/Web/HTTP/Status/403",2026-07-27T17:44:57.840260
petitmarocain,bd6t5134896v,,failed,0,0,,http_manifest,known,403,manifest,"Client error '403 ' for url 'https://openapiproext.bnf.fr/iiif/presentation/v3/ark:/12148/bd6t5134896v/manifest.json'
For more information check: https://developer.mozilla.org/en-US/docs/Web/HTTP/Status/403",2026-07-27T17:44:59.021565
petitmarocain,bd6t5135910d,,failed,0,0,,http_manifest,known,403,manifest,"Client error '403 ' for url 'https://openapiproext.bnf.fr/iiif/presentation/v3/ark:/12148/bd6t5135910d/manifest.json'
For more information check: https://developer.mozilla.org/en-US/docs/Web/HTTP/Status/403",2026-07-27T17:45:00.229703
petitmarocain,bd6t5135911s,,failed,0,0,,http_manifest,known,403,manifest,"Client error '403 ' for url 'https://openapiproext.bnf.fr/iiif/presentation/v3/ark:/12148/bd6t5135911s/manifest.json'
For more information check: https://developer.mozilla.org/en-US/docs/Web/HTTP/Status/403",2026-07-27T17:45:01.429931
petitmarocain,bd6t51359125,,failed,0,0,,http_manifest,known,403,manifest,"Client error '403 ' for url 'https://openapiproext.bnf.fr/iiif/presentation/v3/ark:/12148/bd6t51359125/manifest.json'
For more information check: https://developer.mozilla.org/en-US/docs/Web/HTTP/Status/403",2026-07-27T17:45:02.628690
petitmarocain,bd6t5135913j,,failed,0,0,,http_manifest,known,403,manifest,"Client error '403 ' for url 'https://openapiproext.bnf.fr/iiif/presentation/v3/ark:/12148/bd6t5135913j/manifest.json'
For more information check: https://developer.mozilla.org/en-US/docs/Web/HTTP/Status/403",2026-07-27T17:45:03.835019
petitmarocain,bd6t5135914x,,failed,0,0,,http_manifest,known,403,manifest,"Client error '403 ' for url 'https://openapiproext.bnf.fr/iiif/presentation/v3/ark:/12148/bd6t5135914x/manifest.json'
For more information check: https://developer.mozilla.org/en-US/docs/Web/HTTP/Status/403",2026-07-27T17:45:05.030754
petitmarocain,bd6t51359159,,failed,0,0,,http_manifest,known,403,manifest,"Client error '403 ' for url 'https://openapiproext.bnf.fr/iiif/presentation/v3/ark:/12148/bd6t51359159/manifest.json'
For more information check: https://developer.mozilla.org/en-US/docs/Web/HTTP/Status/403",2026-07-27T17:45:06.236998
petitmarocain,bd6t5135916p,,failed,0,0,,http_manifest,known,403,manifest,"Client error '403 ' for url 'https://openapiproext.bnf.fr/iiif/presentation/v3/ark:/12148/bd6t5135916p/manifest.json'
For more information check: https://developer.mozilla.org/en-US/docs/Web/HTTP/Status/403",2026-07-27T17:45:07.437155
petitmarocain,bd6t51359172,,failed,0,0,,http_manifest,known,403,manifest,"Client error '403 ' for url 'https://openapiproext.bnf.fr/iiif/presentation/v3/ark:/12148/bd6t51359172/manifest.json'
For more information check: https://developer.mozilla.org/en-US/docs/Web/HTTP/Status/403",2026-07-27T17:45:08.638497
petitmarocain,bd6t5135918f,,failed,0,0,,http_manifest,known,403,manifest,"Client error '403 ' for url 'https://openapiproext.bnf.fr/iiif/presentation/v3/ark:/12148/bd6t5135918f/manifest.json'
For more information check: https://developer.mozilla.org/en-US/docs/Web/HTTP/Status/403",2026-07-27T17:45:09.854783
petitmarocain,bd6t5135919t,,failed,0,0,,http_manifest,known,403,manifest,"Client error '403 ' for url 'https://openapiproext.bnf.fr/iiif/presentation/v3/ark:/12148/bd6t5135919t/manifest.json'
For more information check: https://developer.mozilla.org/en-US/docs/Web/HTTP/Status/403",2026-07-27T17:45:11.046050
petitmarocain,bd6t5135920r,,failed,0,0,,http_manifest,known,403,manifest,"Client error '403 ' for url 'https://openapiproext.bnf.fr/iiif/presentation/v3/ark:/12148/bd6t5135920r/manifest.json'
For more information check: https://developer.mozilla.org/en-US/docs/Web/HTTP/Status/403",2026-07-27T17:45:12.242686
petitmarocain,bd6t51359214,,failed,0,0,,http_manifest,known,403,manifest,"Client error '403 ' for url 'https://openapiproext.bnf.fr/iiif/presentation/v3/ark:/12148/bd6t51359214/manifest.json'
For more information check: https://developer.mozilla.org/en-US/docs/Web/HTTP/Status/403",2026-07-27T17:45:13.450340
petitmarocain,bd6t5135922h,,failed,0,0,,http_manifest,known,403,manifest,"Client error '403 ' for url 'https://openapiproext.bnf.fr/iiif/presentation/v3/ark:/12148/bd6t5135922h/manifest.json'
For more information check: https://developer.mozilla.org/en-US/docs/Web/HTTP/Status/403",2026-07-27T17:45:14.646572
petitmarocain,bd6t5135923w,,failed,0,0,,http_manifest,known,403,manifest,"Client error '403 ' for url 'https://openapiproext.bnf.fr/iiif/presentation/v3/ark:/12148/bd6t5135923w/manifest.json'
For more information check: https://developer.mozilla.org/en-US/docs/Web/HTTP/Status/403",2026-07-27T17:45:15.846239
petitmarocain,bd6t51359248,,failed,0,0,,http_manifest,known,403,manifest,"Client error '403 ' for url 'https://openapiproext.bnf.fr/iiif/presentation/v3/ark:/12148/bd6t51359248/manifest.json'
For more information check: https://developer.mozilla.org/en-US/docs/Web/HTTP/Status/403",2026-07-27T17:45:17.048805
petitmarocain,bd6t5135925n,,failed,0,0,,http_manifest,known,403,manifest,"Client error '403 ' for url 'https://openapiproext.bnf.fr/iiif/presentation/v3/ark:/12148/bd6t5135925n/manifest.json'
For more information check: https://developer.mozilla.org/en-US/docs/Web/HTTP/Status/403",2026-07-27T17:45:18.248888
petitmarocain,bd6t51359261,,failed,0,0,,http_manifest,known,403,manifest,"Client error '403 ' for url 'https://openapiproext.bnf.fr/iiif/presentation/v3/ark:/12148/bd6t51359261/manifest.json'
For more information check: https://developer.mozilla.org/en-US/docs/Web/HTTP/Status/403",2026-07-27T17:45:19.450638
petitmarocain,bd6t5135927d,,failed,0,0,,http_manifest,known,403,manifest,"Client error '403 ' for url 'https://openapiproext.bnf.fr/iiif/presentation/v3/ark:/12148/bd6t5135927d/manifest.json'
For more information check: https://developer.mozilla.org/en-US/docs/Web/HTTP/Status/403",2026-07-27T17:45:20.654640
petitmarocain,bd6t5135928s,,failed,0,0,,http_manifest,known,403,manifest,"Client error '403 ' for url 'https://openapiproext.bnf.fr/iiif/presentation/v3/ark:/12148/bd6t5135928s/manifest.json'
For more information check: https://developer.mozilla.org/en-US/docs/Web/HTTP/Status/403",2026-07-27T17:45:21.867452
petitmarocain,bd6t51359295,,failed,0,0,,http_manifest,known,403,manifest,"Client error '403 ' for url 'https://openapiproext.bnf.fr/iiif/presentation/v3/ark:/12148/bd6t51359295/manifest.json'
For more information check: https://developer.mozilla.org/en-US/docs/Web/HTTP/Status/403",2026-07-27T17:45:23.057910
petitmarocain,bd6t51359303,,failed,0,0,,http_manifest,known,403,manifest,"Client error '403 ' for url 'https://openapiproext.bnf.fr/iiif/presentation/v3/ark:/12148/bd6t51359303/manifest.json'
For more information check: https://developer.mozilla.org/en-US/docs/Web/HTTP/Status/403",2026-07-27T17:45:24.258737
petitmarocain,bd6t5135931g,,failed,0,0,,http_manifest,known,403,manifest,"Client error '403 ' for url 'https://openapiproext.bnf.fr/iiif/presentation/v3/ark:/12148/bd6t5135931g/manifest.json'
For more information check: https://developer.mozilla.org/en-US/docs/Web/HTTP/Status/403",2026-07-27T17:45:25.453793
petitmarocain,bd6t5135932v,,failed,0,0,,http_manifest,known,403,manifest,"Client error '403 ' for url 'https://openapiproext.bnf.fr/iiif/presentation/v3/ark:/12148/bd6t5135932v/manifest.json'
For more information check: https://developer.mozilla.org/en-US/docs/Web/HTTP/Status/403",2026-07-27T17:45:26.660198
petitmarocain,bd6t51359337,,failed,0,0,,http_manifest,known,403,manifest,"Client error '403 ' for url 'https://openapiproext.bnf.fr/iiif/presentation/v3/ark:/12148/bd6t51359337/manifest.json'
For more information check: https://developer.mozilla.org/en-US/docs/Web/HTTP/Status/403",2026-07-27T17:45:27.883430
petitmarocain,bd6t5135934m,,failed,0,0,,http_manifest,known,403,manifest,"Client error '403 ' for url 'https://openapiproext.bnf.fr/iiif/presentation/v3/ark:/12148/bd6t5135934m/manifest.json'
For more information check: https://developer.mozilla.org/en-US/docs/Web/HTTP/Status/403",2026-07-27T17:45:29.062341
petitmarocain,bd6t51359350,,failed,0,0,,http_manifest,known,403,manifest,"Client error '403 ' for url 'https://openapiproext.bnf.fr/iiif/presentation/v3/ark:/12148/bd6t51359350/manifest.json'
For more information check: https://developer.mozilla.org/en-US/docs/Web/HTTP/Status/403",2026-07-27T17:45:30.266516
petitmarocain,bd6t5135936c,,failed,0,0,,http_manifest,known,403,manifest,"Client error '403 ' for url 'https://openapiproext.bnf.fr/iiif/presentation/v3/ark:/12148/bd6t5135936c/manifest.json'
For more information check: https://developer.mozilla.org/en-US/docs/Web/HTTP/Status/403",2026-07-27T17:45:31.495047
petitmarocain,bd6t5135937r,,failed,0,0,,http_manifest,known,403,manifest,"Client error '403 ' for url 'https://openapiproext.bnf.fr/iiif/presentation/v3/ark:/12148/bd6t5135937r/manifest.json'
For more information check: https://developer.mozilla.org/en-US/docs/Web/HTTP/Status/403",2026-07-27T17:45:32.672658
petitmarocain,bd6t51359384,,failed,0,0,,http_manifest,known,403,manifest,"Client error '403 ' for url 'https://openapiproext.bnf.fr/iiif/presentation/v3/ark:/12148/bd6t51359384/manifest.json'
For more information check: https://developer.mozilla.org/en-US/docs/Web/HTTP/Status/403",2026-07-27T17:45:34.112094
petitmarocain,bd6t5135939h,,failed,0,0,,http_manifest,known,403,manifest,"Client error '403 ' for url 'https://openapiproext.bnf.fr/iiif/presentation/v3/ark:/12148/bd6t5135939h/manifest.json'
For more information check: https://developer.mozilla.org/en-US/docs/Web/HTTP/Status/403",2026-07-27T17:45:35.078167
petitmarocain,bd6t5135940f,,failed,0,0,,http_manifest,known,403,manifest,"Client error '403 ' for url 'https://openapiproext.bnf.fr/iiif/presentation/v3/ark:/12148/bd6t5135940f/manifest.json'
For more information check: https://developer.mozilla.org/en-US/docs/Web/HTTP/Status/403",2026-07-27T17:45:36.293509
petitmarocain,bd6t5135941t,,failed,0,0,,http_manifest,known,403,manifest,"Client error '403 ' for url 'https://openapiproext.bnf.fr/iiif/presentation/v3/ark:/12148/bd6t5135941t/manifest.json'
For more information check: https://developer.mozilla.org/en-US/docs/Web/HTTP/Status/403",2026-07-27T17:45:37.673523
petitmarocain,bd6t51359426,,failed,0,0,,http_manifest,known,403,manifest,"Client error '403 ' for url 'https://openapiproext.bnf.fr/iiif/presentation/v3/ark:/12148/bd6t51359426/manifest.json'
For more information check: https://developer.mozilla.org/en-US/docs/Web/HTTP/Status/403",2026-07-27T17:45:38.702006
petitmarocain,bd6t5135943k,,failed,0,0,,http_manifest,known,403,manifest,"Client error '403 ' for url 'https://openapiproext.bnf.fr/iiif/presentation/v3/ark:/12148/bd6t5135943k/manifest.json'
For more information check: https://developer.mozilla.org/en-US/docs/Web/HTTP/Status/403",2026-07-27T17:45:39.893140
petitmarocain,bd6t5135944z,,failed,0,0,,http_manifest,known,403,manifest,"Client error '403 ' for url 'https://openapiproext.bnf.fr/iiif/presentation/v3/ark:/12148/bd6t5135944z/manifest.json'
For more information check: https://developer.mozilla.org/en-US/docs/Web/HTTP/Status/403",2026-07-27T17:45:41.211463
petitmarocain,bd6t5135945b,,failed,0,0,,http_manifest,known,403,manifest,"Client error '403 ' for url 'https://openapiproext.bnf.fr/iiif/presentation/v3/ark:/12148/bd6t5135945b/manifest.json'
For more information check: https://developer.mozilla.org/en-US/docs/Web/HTTP/Status/403",2026-07-27T17:45:42.496890
petitmarocain,bd6t5135946q,,failed,0,0,,http_manifest,known,403,manifest,"Client error '403 ' for url 'https://openapiproext.bnf.fr/iiif/presentation/v3/ark:/12148/bd6t5135946q/manifest.json'
For more information check: https://developer.mozilla.org/en-US/docs/Web/HTTP/Status/403",2026-07-27T17:45:43.724072
petitmarocain,bd6t51359473,,failed,0,0,,http_manifest,known,403,manifest,"Client error '403 ' for url 'https://openapiproext.bnf.fr/iiif/presentation/v3/ark:/12148/bd6t51359473/manifest.json'
For more information check: https://developer.mozilla.org/en-US/docs/Web/HTTP/Status/403",2026-07-27T17:45:44.694724
petitmarocain,bd6t5135948g,,failed,0,0,,http_manifest,known,403,manifest,"Client error '403 ' for url 'https://openapiproext.bnf.fr/iiif/presentation/v3/ark:/12148/bd6t5135948g/manifest.json'
For more information check: https://developer.mozilla.org/en-US/docs/Web/HTTP/Status/403",2026-07-27T17:45:46.223636
petitmarocain,bd6t5135949v,,failed,0,0,,http_manifest,known,403,manifest,"Client error '403 ' for url 'https://openapiproext.bnf.fr/iiif/presentation/v3/ark:/12148/bd6t5135949v/manifest.json'
For more information check: https://developer.mozilla.org/en-US/docs/Web/HTTP/Status/403",2026-07-27T17:45:47.351994
petitmarocain,bd6t5135950s,,failed,0,0,,http_manifest,known,403,manifest,"Client error '403 ' for url 'https://openapiproext.bnf.fr/iiif/presentation/v3/ark:/12148/bd6t5135950s/manifest.json'
For more information check: https://developer.mozilla.org/en-US/docs/Web/HTTP/Status/403",2026-07-27T17:45:48.318489
petitmarocain,bd6t51359515,,failed,0,0,,http_manifest,known,403,manifest,"Client error '403 ' for url 'https://openapiproext.bnf.fr/iiif/presentation/v3/ark:/12148/bd6t51359515/manifest.json'
For more information check: https://developer.mozilla.org/en-US/docs/Web/HTTP/Status/403",2026-07-27T17:45:49.504690
petitmarocain,bd6t5135952j,,failed,0,0,,http_manifest,known,403,manifest,"Client error '403 ' for url 'https://openapiproext.bnf.fr/iiif/presentation/v3/ark:/12148/bd6t5135952j/manifest.json'
For more information check: https://developer.mozilla.org/en-US/docs/Web/HTTP/Status/403",2026-07-27T17:45:50.715310
petitmarocain,bd6t5135953x,,failed,0,0,,http_manifest,known,403,manifest,"Client error '403 ' for url 'https://openapiproext.bnf.fr/iiif/presentation/v3/ark:/12148/bd6t5135953x/manifest.json'
For more information check: https://developer.mozilla.org/en-US/docs/Web/HTTP/Status/403",2026-07-27T17:45:51.902530
petitmarocain,bd6t51359549,,failed,0,0,,http_manifest,known,403,manifest,"Client error '403 ' for url 'https://openapiproext.bnf.fr/iiif/presentation/v3/ark:/12148/bd6t51359549/manifest.json'
For more information check: https://developer.mozilla.org/en-US/docs/Web/HTTP/Status/403",2026-07-27T17:45:53.104124
petitmarocain,bd6t5135955p,,failed,0,0,,http_manifest,known,403,manifest,"Client error '403 ' for url 'https://openapiproext.bnf.fr/iiif/presentation/v3/ark:/12148/bd6t5135955p/manifest.json'
For more information check: https://developer.mozilla.org/en-US/docs/Web/HTTP/Status/403",2026-07-27T17:45:54.299205
petitmarocain,bd6t51359562,,failed,0,0,,http_manifest,known,403,manifest,"Client error '403 ' for url 'https://openapiproext.bnf.fr/iiif/presentation/v3/ark:/12148/bd6t51359562/manifest.json'
For more information check: https://developer.mozilla.org/en-US/docs/Web/HTTP/Status/403",2026-07-27T17:45:55.524275
petitmarocain,bd6t5135957f,,failed,0,0,,http_manifest,known,403,manifest,"Client error '403 ' for url 'https://openapiproext.bnf.fr/iiif/presentation/v3/ark:/12148/bd6t5135957f/manifest.json'
For more information check: https://developer.mozilla.org/en-US/docs/Web/HTTP/Status/403",2026-07-27T17:45:56.706886
petitmarocain,bd6t5135958t,,failed,0,0,,http_manifest,known,403,manifest,"Client error '403 ' for url 'https://openapiproext.bnf.fr/iiif/presentation/v3/ark:/12148/bd6t5135958t/manifest.json'
For more information check: https://developer.mozilla.org/en-US/docs/Web/HTTP/Status/403",2026-07-27T17:45:57.904727
petitmarocain,bd6t51359596,,failed,0,0,,http_manifest,known,403,manifest,"Client error '403 ' for url 'https://openapiproext.bnf.fr/iiif/presentation/v3/ark:/12148/bd6t51359596/manifest.json'
For more information check: https://developer.mozilla.org/en-US/docs/Web/HTTP/Status/403",2026-07-27T17:45:59.150338
petitmarocain,bd6t51359604,,failed,0,0,,http_manifest,known,403,manifest,"Client error '403 ' for url 'https://openapiproext.bnf.fr/iiif/presentation/v3/ark:/12148/bd6t51359604/manifest.json'
For more information check: https://developer.mozilla.org/en-US/docs/Web/HTTP/Status/403",2026-07-27T17:46:00.316648
petitmarocain,bd6t5135961h,,failed,0,0,,http_manifest,known,403,manifest,"Client error '403 ' for url 'https://openapiproext.bnf.fr/iiif/presentation/v3/ark:/12148/bd6t5135961h/manifest.json'
For more information check: https://developer.mozilla.org/en-US/docs/Web/HTTP/Status/403",2026-07-27T17:46:01.515133
petitmarocain,bd6t5135962w,,failed,0,0,,http_manifest,known,403,manifest,"Client error '403 ' for url 'https://openapiproext.bnf.fr/iiif/presentation/v3/ark:/12148/bd6t5135962w/manifest.json'
For more information check: https://developer.mozilla.org/en-US/docs/Web/HTTP/Status/403",2026-07-27T17:46:02.732239
petitmarocain,bd6t51359638,,failed,0,0,,http_manifest,known,403,manifest,"Client error '403 ' for url 'https://openapiproext.bnf.fr/iiif/presentation/v3/ark:/12148/bd6t51359638/manifest.json'
For more information check: https://developer.mozilla.org/en-US/docs/Web/HTTP/Status/403",2026-07-27T17:46:03.922381
petitmarocain,bd6t5135964n,,failed,0,0,,http_manifest,known,403,manifest,"Client error '403 ' for url 'https://openapiproext.bnf.fr/iiif/presentation/v3/ark:/12148/bd6t5135964n/manifest.json'
For more information check: https://developer.mozilla.org/en-US/docs/Web/HTTP/Status/403",2026-07-27T17:46:05.120367
petitmarocain,bd6t51359651,,failed,0,0,,http_manifest,known,403,manifest,"Client error '403 ' for url 'https://openapiproext.bnf.fr/iiif/presentation/v3/ark:/12148/bd6t51359651/manifest.json'
For more information check: https://developer.mozilla.org/en-US/docs/Web/HTTP/Status/403",2026-07-27T17:46:06.320771
petitmarocain,bd6t5135966d,,failed,0,0,,http_manifest,known,403,manifest,"Client error '403 ' for url 'https://openapiproext.bnf.fr/iiif/presentation/v3/ark:/12148/bd6t5135966d/manifest.json'
For more information check: https://developer.mozilla.org/en-US/docs/Web/HTTP/Status/403",2026-07-27T17:46:07.546472
petitmarocain,bd6t5135967s,,failed,0,0,,http_manifest,known,403,manifest,"Client error '403 ' for url 'https://openapiproext.bnf.fr/iiif/presentation/v3/ark:/12148/bd6t5135967s/manifest.json'
For more information check: https://developer.mozilla.org/en-US/docs/Web/HTTP/Status/403",2026-07-27T17:46:08.727171
petitmarocain,bd6t51359685,,failed,0,0,,http_manifest,known,403,manifest,"Client error '403 ' for url 'https://openapiproext.bnf.fr/iiif/presentation/v3/ark:/12148/bd6t51359685/manifest.json'
For more information check: https://developer.mozilla.org/en-US/docs/Web/HTTP/Status/403",2026-07-27T17:46:09.944539
petitmarocain,bd6t5135969j,,failed,0,0,,http_manifest,known,403,manifest,"Client error '403 ' for url 'https://openapiproext.bnf.fr/iiif/presentation/v3/ark:/12148/bd6t5135969j/manifest.json'
For more information check: https://developer.mozilla.org/en-US/docs/Web/HTTP/Status/403",2026-07-27T17:46:11.140400
petitmarocain,bd6t5135970g,,failed,0,0,,http_manifest,known,403,manifest,"Client error '403 ' for url 'https://openapiproext.bnf.fr/iiif/presentation/v3/ark:/12148/bd6t5135970g/manifest.json'
For more information check: https://developer.mozilla.org/en-US/docs/Web/HTTP/Status/403",2026-07-27T17:46:12.330366
petitmarocain,bd6t5135971v,,failed,0,0,,http_manifest,known,403,manifest,"Client error '403 ' for url 'https://openapiproext.bnf.fr/iiif/presentation/v3/ark:/12148/bd6t5135971v/manifest.json'
For more information check: https://developer.mozilla.org/en-US/docs/Web/HTTP/Status/403",2026-07-27T17:46:13.567896
petitmarocain,bd6t51359727,,failed,0,0,,http_manifest,known,403,manifest,"Client error '403 ' for url 'https://openapiproext.bnf.fr/iiif/presentation/v3/ark:/12148/bd6t51359727/manifest.json'
For more information check: https://developer.mozilla.org/en-US/docs/Web/HTTP/Status/403",2026-07-27T17:46:14.735594
petitmarocain,bd6t5135973m,,failed,0,0,,http_manifest,known,403,manifest,"Client error '403 ' for url 'https://openapiproext.bnf.fr/iiif/presentation/v3/ark:/12148/bd6t5135973m/manifest.json'
For more information check: https://developer.mozilla.org/en-US/docs/Web/HTTP/Status/403",2026-07-27T17:46:15.939707
petitmarocain,bd6t51359740,,failed,0,0,,http_manifest,known,403,manifest,"Client error '403 ' for url 'https://openapiproext.bnf.fr/iiif/presentation/v3/ark:/12148/bd6t51359740/manifest.json'
For more information check: https://developer.mozilla.org/en-US/docs/Web/HTTP/Status/403",2026-07-27T17:46:17.152040
petitmarocain,bd6t5135975c,,failed,0,0,,http_manifest,known,403,manifest,"Client error '403 ' for url 'https://openapiproext.bnf.fr/iiif/presentation/v3/ark:/12148/bd6t5135975c/manifest.json'
For more information check: https://developer.mozilla.org/en-US/docs/Web/HTTP/Status/403",2026-07-27T17:46:18.341962
petitmarocain,bd6t5135976r,,failed,0,0,,http_manifest,known,403,manifest,"Client error '403 ' for url 'https://openapiproext.bnf.fr/iiif/presentation/v3/ark:/12148/bd6t5135976r/manifest.json'
For more information check: https://developer.mozilla.org/en-US/docs/Web/HTTP/Status/403",2026-07-27T17:46:19.540415
petitmarocain,bd6t51359774,,failed,0,0,,http_manifest,known,403,manifest,"Client error '403 ' for url 'https://openapiproext.bnf.fr/iiif/presentation/v3/ark:/12148/bd6t51359774/manifest.json'
For more information check: https://developer.mozilla.org/en-US/docs/Web/HTTP/Status/403",2026-07-27T17:46:20.742878
petitmarocain,bd6t5135978h,,failed,0,0,,http_manifest,known,403,manifest,"Client error '403 ' for url 'https://openapiproext.bnf.fr/iiif/presentation/v3/ark:/12148/bd6t5135978h/manifest.json'
For more information check: https://developer.mozilla.org/en-US/docs/Web/HTTP/Status/403",2026-07-27T17:46:21.946349
petitmarocain,bd6t5135979w,,failed,0,0,,http_manifest,known,403,manifest,"Client error '403 ' for url 'https://openapiproext.bnf.fr/iiif/presentation/v3/ark:/12148/bd6t5135979w/manifest.json'
For more information check: https://developer.mozilla.org/en-US/docs/Web/HTTP/Status/403",2026-07-27T17:46:23.144548
petitmarocain,bd6t5135980t,,failed,0,0,,http_manifest,known,403,manifest,"Client error '403 ' for url 'https://openapiproext.bnf.fr/iiif/presentation/v3/ark:/12148/bd6t5135980t/manifest.json'
For more information check: https://developer.mozilla.org/en-US/docs/Web/HTTP/Status/403",2026-07-27T17:46:24.347906
petitmarocain,bd6t51359816,,failed,0,0,,http_manifest,known,403,manifest,"Client error '403 ' for url 'https://openapiproext.bnf.fr/iiif/presentation/v3/ark:/12148/bd6t51359816/manifest.json'
For more information check: https://developer.mozilla.org/en-US/docs/Web/HTTP/Status/403",2026-07-27T17:46:25.584824
petitmarocain,bd6t5135982k,,failed,0,0,,http_manifest,known,403,manifest,"Client error '403 ' for url 'https://openapiproext.bnf.fr/iiif/presentation/v3/ark:/12148/bd6t5135982k/manifest.json'
For more information check: https://developer.mozilla.org/en-US/docs/Web/HTTP/Status/403",2026-07-27T17:46:26.752258
petitmarocain,bd6t5135983z,,failed,0,0,,http_manifest,known,403,manifest,"Client error '403 ' for url 'https://openapiproext.bnf.fr/iiif/presentation/v3/ark:/12148/bd6t5135983z/manifest.json'
For more information check: https://developer.mozilla.org/en-US/docs/Web/HTTP/Status/403",2026-07-27T17:46:27.944765
petitmarocain,bd6t5135984b,,failed,0,0,,http_manifest,known,403,manifest,"Client error '403 ' for url 'https://openapiproext.bnf.fr/iiif/presentation/v3/ark:/12148/bd6t5135984b/manifest.json'
For more information check: https://developer.mozilla.org/en-US/docs/Web/HTTP/Status/403",2026-07-27T17:46:29.150326
petitmarocain,bd6t5135985q,,failed,0,0,,http_manifest,known,403,manifest,"Client error '403 ' for url 'https://openapiproext.bnf.fr/iiif/presentation/v3/ark:/12148/bd6t5135985q/manifest.json'
For more information check: https://developer.mozilla.org/en-US/docs/Web/HTTP/Status/403",2026-07-27T17:46:30.408240
petitmarocain,bd6t51359863,,failed,0,0,,http_manifest,known,403,manifest,"Client error '403 ' for url 'https://openapiproext.bnf.fr/iiif/presentation/v3/ark:/12148/bd6t51359863/manifest.json'
For more information check: https://developer.mozilla.org/en-US/docs/Web/HTTP/Status/403",2026-07-27T17:46:31.750822
petitmarocain,bd6t5135987g,,failed,0,0,,http_manifest,known,403,manifest,"Client error '403 ' for url 'https://openapiproext.bnf.fr/iiif/presentation/v3/ark:/12148/bd6t5135987g/manifest.json'
For more information check: https://developer.mozilla.org/en-US/docs/Web/HTTP/Status/403",2026-07-27T17:46:32.999390
petitmarocain,bd6t5135988v,,failed,0,0,,http_manifest,known,403,manifest,"Client error '403 ' for url 'https://openapiproext.bnf.fr/iiif/presentation/v3/ark:/12148/bd6t5135988v/manifest.json'
For more information check: https://developer.mozilla.org/en-US/docs/Web/HTTP/Status/403",2026-07-27T17:46:34.266313
petitmarocain,bd6t51359897,,failed,0,0,,http_manifest,known,403,manifest,"Client error '403 ' for url 'https://openapiproext.bnf.fr/iiif/presentation/v3/ark:/12148/bd6t51359897/manifest.json'
For more information check: https://developer.mozilla.org/en-US/docs/Web/HTTP/Status/403",2026-07-27T17:46:35.160918
petitmarocain,bd6t51359905,,failed,0,0,,http_manifest,known,403,manifest,"Client error '403 ' for url 'https://openapiproext.bnf.fr/iiif/presentation/v3/ark:/12148/bd6t51359905/manifest.json'
For more information check: https://developer.mozilla.org/en-US/docs/Web/HTTP/Status/403",2026-07-27T17:46:36.569562
petitmarocain,bd6t5135991j,,failed,0,0,,http_manifest,known,403,manifest,"Client error '403 ' for url 'https://openapiproext.bnf.fr/iiif/presentation/v3/ark:/12148/bd6t5135991j/manifest.json'
For more information check: https://developer.mozilla.org/en-US/docs/Web/HTTP/Status/403",2026-07-27T17:46:37.803424
petitmarocain,bd6t5135992x,,failed,0,0,,http_manifest,known,403,manifest,"Client error '403 ' for url 'https://openapiproext.bnf.fr/iiif/presentation/v3/ark:/12148/bd6t5135992x/manifest.json'
For more information check: https://developer.mozilla.org/en-US/docs/Web/HTTP/Status/403",2026-07-27T17:46:38.840940
petitmarocain,bd6t51359939,,failed,0,0,,http_manifest,known,403,manifest,"Client error '403 ' for url 'https://openapiproext.bnf.fr/iiif/presentation/v3/ark:/12148/bd6t51359939/manifest.json'
For more information check: https://developer.mozilla.org/en-US/docs/Web/HTTP/Status/403",2026-07-27T17:46:40.295066
petitmarocain,bd6t5135994p,,failed,0,0,,http_manifest,known,403,manifest,"Client error '403 ' for url 'https://openapiproext.bnf.fr/iiif/presentation/v3/ark:/12148/bd6t5135994p/manifest.json'
For more information check: https://developer.mozilla.org/en-US/docs/Web/HTTP/Status/403",2026-07-27T17:46:41.208021
petitmarocain,bd6t51359952,,failed,0,0,,http_manifest,known,403,manifest,"Client error '403 ' for url 'https://openapiproext.bnf.fr/iiif/presentation/v3/ark:/12148/bd6t51359952/manifest.json'
For more information check: https://developer.mozilla.org/en-US/docs/Web/HTTP/Status/403",2026-07-27T17:46:42.393853
petitmarocain,bd6t5135996f,,failed,0,0,,http_manifest,known,403,manifest,"Client error '403 ' for url 'https://openapiproext.bnf.fr/iiif/presentation/v3/ark:/12148/bd6t5135996f/manifest.json'
For more information check: https://developer.mozilla.org/en-US/docs/Web/HTTP/Status/403",2026-07-27T17:46:43.616347
petitmarocain,bd6t5135997t,,failed,0,0,,http_manifest,known,403,manifest,"Client error '403 ' for url 'https://openapiproext.bnf.fr/iiif/presentation/v3/ark:/12148/bd6t5135997t/manifest.json'
For more information check: https://developer.mozilla.org/en-US/docs/Web/HTTP/Status/403",2026-07-27T17:46:45.007642
petitmarocain,bd6t51359986,,failed,0,0,,http_manifest,known,403,manifest,"Client error '403 ' for url 'https://openapiproext.bnf.fr/iiif/presentation/v3/ark:/12148/bd6t51359986/manifest.json'
For more information check: https://developer.mozilla.org/en-US/docs/Web/HTTP/Status/403",2026-07-27T17:46:45.982354
petitmarocain,bd6t5135999k,,failed,0,0,,http_manifest,known,403,manifest,"Client error '403 ' for url 'https://openapiproext.bnf.fr/iiif/presentation/v3/ark:/12148/bd6t5135999k/manifest.json'
For more information check: https://developer.mozilla.org/en-US/docs/Web/HTTP/Status/403",2026-07-27T17:46:47.248902
petitmarocain,bd6t5136000j,,failed,0,0,,http_manifest,known,403,manifest,"Client error '403 ' for url 'https://openapiproext.bnf.fr/iiif/presentation/v3/ark:/12148/bd6t5136000j/manifest.json'
For more information check: https://developer.mozilla.org/en-US/docs/Web/HTTP/Status/403",2026-07-27T17:46:48.477768
petitmarocain,bd6t5136001x,,failed,0,0,,http_manifest,known,403,manifest,"Client error '403 ' for url 'https://openapiproext.bnf.fr/iiif/presentation/v3/ark:/12148/bd6t5136001x/manifest.json'
For more information check: https://developer.mozilla.org/en-US/docs/Web/HTTP/Status/403",2026-07-27T17:46:49.818169
petitmarocain,bd6t51358048,,failed,0,0,,http_manifest,known,403,manifest,"Client error '403 ' for url 'https://openapiproext.bnf.fr/iiif/presentation/v3/ark:/12148/bd6t51358048/manifest.json'
For more information check: https://developer.mozilla.org/en-US/docs/Web/HTTP/Status/403",2026-07-27T17:46:50.784678
petitmarocain,bd6t5135805n,,failed,0,0,,http_manifest,known,403,manifest,"Client error '403 ' for url 'https://openapiproext.bnf.fr/iiif/presentation/v3/ark:/12148/bd6t5135805n/manifest.json'
For more information check: https://developer.mozilla.org/en-US/docs/Web/HTTP/Status/403",2026-07-27T17:46:51.984942
petitmarocain,bd6t51358061,,failed,0,0,,http_manifest,known,403,manifest,"Client error '403 ' for url 'https://openapiproext.bnf.fr/iiif/presentation/v3/ark:/12148/bd6t51358061/manifest.json'
For more information check: https://developer.mozilla.org/en-US/docs/Web/HTTP/Status/403",2026-07-27T17:46:53.195465
petitmarocain,bd6t5135807d,,failed,0,0,,http_manifest,known,403,manifest,"Client error '403 ' for url 'https://openapiproext.bnf.fr/iiif/presentation/v3/ark:/12148/bd6t5135807d/manifest.json'
For more information check: https://developer.mozilla.org/en-US/docs/Web/HTTP/Status/403",2026-07-27T17:46:54.391971
petitmarocain,bd6t5135808s,,failed,0,0,,http_manifest,known,403,manifest,"Client error '403 ' for url 'https://openapiproext.bnf.fr/iiif/presentation/v3/ark:/12148/bd6t5135808s/manifest.json'
For more information check: https://developer.mozilla.org/en-US/docs/Web/HTTP/Status/403",2026-07-27T17:46:55.723776
petitmarocain,bd6t51358095,,failed,0,0,,http_manifest,known,403,manifest,"Client error '403 ' for url 'https://openapiproext.bnf.fr/iiif/presentation/v3/ark:/12148/bd6t51358095/manifest.json'
For more information check: https://developer.mozilla.org/en-US/docs/Web/HTTP/Status/403",2026-07-27T17:46:56.793768
petitmarocain,bd6t51358103,,failed,0,0,,http_manifest,known,403,manifest,"Client error '403 ' for url 'https://openapiproext.bnf.fr/iiif/presentation/v3/ark:/12148/bd6t51358103/manifest.json'
For more information check: https://developer.mozilla.org/en-US/docs/Web/HTTP/Status/403",2026-07-27T17:46:57.985549
petitmarocain,bd6t5135811g,,failed,0,0,,http_manifest,known,403,manifest,"Client error '403 ' for url 'https://openapiproext.bnf.fr/iiif/presentation/v3/ark:/12148/bd6t5135811g/manifest.json'
For more information check: https://developer.mozilla.org/en-US/docs/Web/HTTP/Status/403",2026-07-27T17:46:59.192964
petitmarocain,bd6t5135812v,,failed,0,0,,http_manifest,known,403,manifest,"Client error '403 ' for url 'https://openapiproext.bnf.fr/iiif/presentation/v3/ark:/12148/bd6t5135812v/manifest.json'
For more information check: https://developer.mozilla.org/en-US/docs/Web/HTTP/Status/403",2026-07-27T17:47:00.392075
petitmarocain,bd6t51358137,,failed,0,0,,http_manifest,known,403,manifest,"Client error '403 ' for url 'https://openapiproext.bnf.fr/iiif/presentation/v3/ark:/12148/bd6t51358137/manifest.json'
For more information check: https://developer.mozilla.org/en-US/docs/Web/HTTP/Status/403",2026-07-27T17:47:01.601207
petitmarocain,bd6t5135814m,,failed,0,0,,http_manifest,known,403,manifest,"Client error '403 ' for url 'https://openapiproext.bnf.fr/iiif/presentation/v3/ark:/12148/bd6t5135814m/manifest.json'
For more information check: https://developer.mozilla.org/en-US/docs/Web/HTTP/Status/403",2026-07-27T17:47:02.798956
petitmarocain,bd6t51358150,,failed,0,0,,http_manifest,known,403,manifest,"Client error '403 ' for url 'https://openapiproext.bnf.fr/iiif/presentation/v3/ark:/12148/bd6t51358150/manifest.json'
For more information check: https://developer.mozilla.org/en-US/docs/Web/HTTP/Status/403",2026-07-27T17:47:04.000594
petitmarocain,bd6t5135816c,,failed,0,0,,http_manifest,known,403,manifest,"Client error '403 ' for url 'https://openapiproext.bnf.fr/iiif/presentation/v3/ark:/12148/bd6t5135816c/manifest.json'
For more information check: https://developer.mozilla.org/en-US/docs/Web/HTTP/Status/403",2026-07-27T17:47:05.203959
petitmarocain,bd6t5135817r,,failed,0,0,,http_manifest,known,403,manifest,"Client error '403 ' for url 'https://openapiproext.bnf.fr/iiif/presentation/v3/ark:/12148/bd6t5135817r/manifest.json'
For more information check: https://developer.mozilla.org/en-US/docs/Web/HTTP/Status/403",2026-07-27T17:47:06.421537
petitmarocain,bd6t51358184,,failed,0,0,,http_manifest,known,403,manifest,"Client error '403 ' for url 'https://openapiproext.bnf.fr/iiif/presentation/v3/ark:/12148/bd6t51358184/manifest.json'
For more information check: https://developer.mozilla.org/en-US/docs/Web/HTTP/Status/403",2026-07-27T17:47:07.639356
petitmarocain,bd6t5135819h,,failed,0,0,,http_manifest,known,403,manifest,"Client error '403 ' for url 'https://openapiproext.bnf.fr/iiif/presentation/v3/ark:/12148/bd6t5135819h/manifest.json'
For more information check: https://developer.mozilla.org/en-US/docs/Web/HTTP/Status/403",2026-07-27T17:47:08.806013
petitmarocain,bd6t5135820f,,failed,0,0,,http_manifest,known,403,manifest,"Client error '403 ' for url 'https://openapiproext.bnf.fr/iiif/presentation/v3/ark:/12148/bd6t5135820f/manifest.json'
For more information check: https://developer.mozilla.org/en-US/docs/Web/HTTP/Status/403",2026-07-27T17:47:10.016292
petitmarocain,bd6t5135821t,,failed,0,0,,http_manifest,known,403,manifest,"Client error '403 ' for url 'https://openapiproext.bnf.fr/iiif/presentation/v3/ark:/12148/bd6t5135821t/manifest.json'
For more information check: https://developer.mozilla.org/en-US/docs/Web/HTTP/Status/403",2026-07-27T17:47:11.207619
petitmarocain,bd6t51358226,,failed,0,0,,http_manifest,known,403,manifest,"Client error '403 ' for url 'https://openapiproext.bnf.fr/iiif/presentation/v3/ark:/12148/bd6t51358226/manifest.json'
For more information check: https://developer.mozilla.org/en-US/docs/Web/HTTP/Status/403",2026-07-27T17:47:12.418273
petitmarocain,bd6t5135823k,,failed,0,0,,http_manifest,known,403,manifest,"Client error '403 ' for url 'https://openapiproext.bnf.fr/iiif/presentation/v3/ark:/12148/bd6t5135823k/manifest.json'
For more information check: https://developer.mozilla.org/en-US/docs/Web/HTTP/Status/403",2026-07-27T17:47:13.648724
petitmarocain,bd6t5135824z,,failed,0,0,,http_manifest,known,403,manifest,"Client error '403 ' for url 'https://openapiproext.bnf.fr/iiif/presentation/v3/ark:/12148/bd6t5135824z/manifest.json'
For more information check: https://developer.mozilla.org/en-US/docs/Web/HTTP/Status/403",2026-07-27T17:47:14.814413
petitmarocain,bd6t5135825b,,failed,0,0,,http_manifest,known,403,manifest,"Client error '403 ' for url 'https://openapiproext.bnf.fr/iiif/presentation/v3/ark:/12148/bd6t5135825b/manifest.json'
For more information check: https://developer.mozilla.org/en-US/docs/Web/HTTP/Status/403",2026-07-18T03:16:55.013368
petitmarocain,bd6t5135826q,,failed,0,0,,http_manifest,known,403,manifest,"Client error '403 ' for url 'https://openapiproext.bnf.fr/iiif/presentation/v3/ark:/12148/bd6t5135826q/manifest.json'
For more information check: https://developer.mozilla.org/en-US/docs/Web/HTTP/Status/403",2026-07-18T03:16:56.197330
petitmarocain,bd6t51358273,,failed,0,0,,http_manifest,known,403,manifest,"Client error '403 ' for url 'https://openapiproext.bnf.fr/iiif/presentation/v3/ark:/12148/bd6t51358273/manifest.json'
For more information check: https://developer.mozilla.org/en-US/docs/Web/HTTP/Status/403",2026-07-18T03:16:57.405226
petitmarocain,bd6t5135828g,,failed,0,0,,http_manifest,known,403,manifest,"Client error '403 ' for url 'https://openapiproext.bnf.fr/iiif/presentation/v3/ark:/12148/bd6t5135828g/manifest.json'
For more information check: https://developer.mozilla.org/en-US/docs/Web/HTTP/Status/403",2026-07-18T03:16:58.604229
petitmarocain,bd6t5135829v,,failed,0,0,,http_manifest,known,403,manifest,"Client error '403 ' for url 'https://openapiproext.bnf.fr/iiif/presentation/v3/ark:/12148/bd6t5135829v/manifest.json'
For more information check: https://developer.mozilla.org/en-US/docs/Web/HTTP/Status/403",2026-07-18T03:16:59.805078
petitmarocain,bd6t5135830s,,failed,0,0,,http_manifest,known,403,manifest,"Client error '403 ' for url 'https://openapiproext.bnf.fr/iiif/presentation/v3/ark:/12148/bd6t5135830s/manifest.json'
For more information check: https://developer.mozilla.org/en-US/docs/Web/HTTP/Status/403",2026-07-18T03:17:01.006838
petitmarocain,bd6t51358315,,failed,0,0,,http_manifest,known,403,manifest,"Client error '403 ' for url 'https://openapiproext.bnf.fr/iiif/presentation/v3/ark:/12148/bd6t51358315/manifest.json'
For more information check: https://developer.mozilla.org/en-US/docs/Web/HTTP/Status/403",2026-07-18T03:17:02.208823
petitmarocain,bd6t5135832j,,failed,0,0,,http_manifest,known,403,manifest,"Client error '403 ' for url 'https://openapiproext.bnf.fr/iiif/presentation/v3/ark:/12148/bd6t5135832j/manifest.json'
For more information check: https://developer.mozilla.org/en-US/docs/Web/HTTP/Status/403",2026-07-18T03:17:03.409336
petitmarocain,bd6t5135833x,,failed,0,0,,http_manifest,known,403,manifest,"Client error '403 ' for url 'https://openapiproext.bnf.fr/iiif/presentation/v3/ark:/12148/bd6t5135833x/manifest.json'
For more information check: https://developer.mozilla.org/en-US/docs/Web/HTTP/Status/403",2026-07-18T03:17:04.639817
petitmarocain,bd6t51358349,,failed,0,0,,http_manifest,known,403,manifest,"Client error '403 ' for url 'https://openapiproext.bnf.fr/iiif/presentation/v3/ark:/12148/bd6t51358349/manifest.json'
For more information check: https://developer.mozilla.org/en-US/docs/Web/HTTP/Status/403",2026-07-18T03:17:05.827333
petitmarocain,bd6t5135835p,,failed,0,0,,http_manifest,known,403,manifest,"Client error '403 ' for url 'https://openapiproext.bnf.fr/iiif/presentation/v3/ark:/12148/bd6t5135835p/manifest.json'
For more information check: https://developer.mozilla.org/en-US/docs/Web/HTTP/Status/403",2026-07-18T03:17:07.139880
petitmarocain,bd6t51358362,,failed,0,0,,http_manifest,known,403,manifest,"Client error '403 ' for url 'https://openapiproext.bnf.fr/iiif/presentation/v3/ark:/12148/bd6t51358362/manifest.json'
For more information check: https://developer.mozilla.org/en-US/docs/Web/HTTP/Status/403",2026-07-18T03:17:08.486270
petitmarocain,bd6t5135837f,,failed,0,0,,http_manifest,known,403,manifest,"Client error '403 ' for url 'https://openapiproext.bnf.fr/iiif/presentation/v3/ark:/12148/bd6t5135837f/manifest.json'
For more information check: https://developer.mozilla.org/en-US/docs/Web/HTTP/Status/403",2026-07-18T03:17:09.430045
petitmarocain,bd6t5135838t,,failed,0,0,,http_manifest,known,403,manifest,"Client error '403 ' for url 'https://openapiproext.bnf.fr/iiif/presentation/v3/ark:/12148/bd6t5135838t/manifest.json'
For more information check: https://developer.mozilla.org/en-US/docs/Web/HTTP/Status/403",2026-07-18T03:17:10.807205
petitmarocain,bd6t51358396,,failed,0,0,,http_manifest,known,403,manifest,"Client error '403 ' for url 'https://openapiproext.bnf.fr/iiif/presentation/v3/ark:/12148/bd6t51358396/manifest.json'
For more information check: https://developer.mozilla.org/en-US/docs/Web/HTTP/Status/403",2026-07-18T03:17:11.850587
petitmarocain,bd6t51358404,,failed,0,0,,http_manifest,known,403,manifest,"Client error '403 ' for url 'https://openapiproext.bnf.fr/iiif/presentation/v3/ark:/12148/bd6t51358404/manifest.json'
For more information check: https://developer.mozilla.org/en-US/docs/Web/HTTP/Status/403",2026-07-18T03:17:13.331421
petitmarocain,bd6t5135841h,,failed,0,0,,http_manifest,known,403,manifest,"Client error '403 ' for url 'https://openapiproext.bnf.fr/iiif/presentation/v3/ark:/12148/bd6t5135841h/manifest.json'
For more information check: https://developer.mozilla.org/en-US/docs/Web/HTTP/Status/403",2026-07-18T03:17:14.340173
petitmarocain,bd6t5135842w,,failed,0,0,,http_manifest,known,403,manifest,"Client error '403 ' for url 'https://openapiproext.bnf.fr/iiif/presentation/v3/ark:/12148/bd6t5135842w/manifest.json'
For more information check: https://developer.mozilla.org/en-US/docs/Web/HTTP/Status/403",2026-07-18T03:17:15.571638
petitmarocain,bd6t51358438,,failed,0,0,,http_manifest,known,403,manifest,"Client error '403 ' for url 'https://openapiproext.bnf.fr/iiif/presentation/v3/ark:/12148/bd6t51358438/manifest.json'
For more information check: https://developer.mozilla.org/en-US/docs/Web/HTTP/Status/403",2026-07-18T03:17:16.642556
petitmarocain,bd6t5135844n,,failed,0,0,,http_manifest,known,403,manifest,"Client error '403 ' for url 'https://openapiproext.bnf.fr/iiif/presentation/v3/ark:/12148/bd6t5135844n/manifest.json'
For more information check: https://developer.mozilla.org/en-US/docs/Web/HTTP/Status/403",2026-07-18T03:17:17.835510
petitmarocain,bd6t51358451,,failed,0,0,,http_manifest,known,403,manifest,"Client error '403 ' for url 'https://openapiproext.bnf.fr/iiif/presentation/v3/ark:/12148/bd6t51358451/manifest.json'
For more information check: https://developer.mozilla.org/en-US/docs/Web/HTTP/Status/403",2026-07-18T03:17:19.116108
petitmarocain,bd6t5135846d,,failed,0,0,,http_manifest,known,403,manifest,"Client error '403 ' for url 'https://openapiproext.bnf.fr/iiif/presentation/v3/ark:/12148/bd6t5135846d/manifest.json'
For more information check: https://developer.mozilla.org/en-US/docs/Web/HTTP/Status/403",2026-07-18T03:17:20.240832
petitmarocain,bd6t5135847s,,failed,0,0,,http_manifest,known,403,manifest,"Client error '403 ' for url 'https://openapiproext.bnf.fr/iiif/presentation/v3/ark:/12148/bd6t5135847s/manifest.json'
For more information check: https://developer.mozilla.org/en-US/docs/Web/HTTP/Status/403",2026-07-18T03:17:21.442478
petitmarocain,bd6t51358485,,failed,0,0,,http_manifest,known,403,manifest,"Client error '403 ' for url 'https://openapiproext.bnf.fr/iiif/presentation/v3/ark:/12148/bd6t51358485/manifest.json'
For more information check: https://developer.mozilla.org/en-US/docs/Web/HTTP/Status/403",2026-07-18T03:17:22.669633
petitmarocain,bd6t5135849j,,failed,0,0,,http_manifest,known,403,manifest,"Client error '403 ' for url 'https://openapiproext.bnf.fr/iiif/presentation/v3/ark:/12148/bd6t5135849j/manifest.json'
For more information check: https://developer.mozilla.org/en-US/docs/Web/HTTP/Status/403",2026-07-18T03:17:23.847002
petitmarocain,bd6t5135850g,,failed,0,0,,http_manifest,known,403,manifest,"Client error '403 ' for url 'https://openapiproext.bnf.fr/iiif/presentation/v3/ark:/12148/bd6t5135850g/manifest.json'
For more information check: https://developer.mozilla.org/en-US/docs/Web/HTTP/Status/403",2026-07-18T03:17:25.051133
petitmarocain,bd6t5135851v,,failed,0,0,,http_manifest,known,403,manifest,"Client error '403 ' for url 'https://openapiproext.bnf.fr/iiif/presentation/v3/ark:/12148/bd6t5135851v/manifest.json'
For more information check: https://developer.mozilla.org/en-US/docs/Web/HTTP/Status/403",2026-07-18T03:17:26.259113
petitmarocain,bd6t51358527,,failed,0,0,,http_manifest,known,403,manifest,"Client error '403 ' for url 'https://openapiproext.bnf.fr/iiif/presentation/v3/ark:/12148/bd6t51358527/manifest.json'
For more information check: https://developer.mozilla.org/en-US/docs/Web/HTTP/Status/403",2026-07-18T03:17:27.478282
petitmarocain,bd6t5135853m,,failed,0,0,,http_manifest,known,403,manifest,"Client error '403 ' for url 'https://openapiproext.bnf.fr/iiif/presentation/v3/ark:/12148/bd6t5135853m/manifest.json'
For more information check: https://developer.mozilla.org/en-US/docs/Web/HTTP/Status/403",2026-07-18T03:17:28.656779
petitmarocain,bd6t51358540,,failed,0,0,,http_manifest,known,403,manifest,"Client error '403 ' for url 'https://openapiproext.bnf.fr/iiif/presentation/v3/ark:/12148/bd6t51358540/manifest.json'
For more information check: https://developer.mozilla.org/en-US/docs/Web/HTTP/Status/403",2026-07-18T03:17:29.858628
petitmarocain,bd6t5135855c,,failed,0,0,,http_manifest,known,403,manifest,"Client error '403 ' for url 'https://openapiproext.bnf.fr/iiif/presentation/v3/ark:/12148/bd6t5135855c/manifest.json'
For more information check: https://developer.mozilla.org/en-US/docs/Web/HTTP/Status/403",2026-07-18T03:17:31.060910
petitmarocain,bd6t5135856r,,failed,0,0,,http_manifest,known,403,manifest,"Client error '403 ' for url 'https://openapiproext.bnf.fr/iiif/presentation/v3/ark:/12148/bd6t5135856r/manifest.json'
For more information check: https://developer.mozilla.org/en-US/docs/Web/HTTP/Status/403",2026-07-18T03:17:32.265761
petitmarocain,bd6t51358574,,failed,0,0,,http_manifest,known,403,manifest,"Client error '403 ' for url 'https://openapiproext.bnf.fr/iiif/presentation/v3/ark:/12148/bd6t51358574/manifest.json'
For more information check: https://developer.mozilla.org/en-US/docs/Web/HTTP/Status/403",2026-07-18T03:17:33.462730
petitmarocain,bd6t5135858h,,failed,0,0,,http_manifest,known,403,manifest,"Client error '403 ' for url 'https://openapiproext.bnf.fr/iiif/presentation/v3/ark:/12148/bd6t5135858h/manifest.json'
For more information check: https://developer.mozilla.org/en-US/docs/Web/HTTP/Status/403",2026-07-18T03:17:34.692281
petitmarocain,bd6t5135859w,,failed,0,0,,http_manifest,known,403,manifest,"Client error '403 ' for url 'https://openapiproext.bnf.fr/iiif/presentation/v3/ark:/12148/bd6t5135859w/manifest.json'
For more information check: https://developer.mozilla.org/en-US/docs/Web/HTTP/Status/403",2026-07-18T03:17:35.867929
petitmarocain,bd6t5135860t,,failed,0,0,,http_manifest,known,403,manifest,"Client error '403 ' for url 'https://openapiproext.bnf.fr/iiif/presentation/v3/ark:/12148/bd6t5135860t/manifest.json'
For more information check: https://developer.mozilla.org/en-US/docs/Web/HTTP/Status/403",2026-07-18T03:17:37.076997
petitmarocain,bd6t51358616,,failed,0,0,,http_manifest,known,403,manifest,"Client error '403 ' for url 'https://openapiproext.bnf.fr/iiif/presentation/v3/ark:/12148/bd6t51358616/manifest.json'
For more information check: https://developer.mozilla.org/en-US/docs/Web/HTTP/Status/403",2026-07-18T03:17:38.275368
petitmarocain,bd6t5135862k,,failed,0,0,,http_manifest,known,403,manifest,"Client error '403 ' for url 'https://openapiproext.bnf.fr/iiif/presentation/v3/ark:/12148/bd6t5135862k/manifest.json'
For more information check: https://developer.mozilla.org/en-US/docs/Web/HTTP/Status/403",2026-07-18T03:17:39.482916
petitmarocain,bd6t5135863z,,failed,0,0,,http_manifest,known,403,manifest,"Client error '403 ' for url 'https://openapiproext.bnf.fr/iiif/presentation/v3/ark:/12148/bd6t5135863z/manifest.json'
For more information check: https://developer.mozilla.org/en-US/docs/Web/HTTP/Status/403",2026-07-18T03:17:40.748230
petitmarocain,bd6t5135864b,,failed,0,0,,http_manifest,known,403,manifest,"Client error '403 ' for url 'https://openapiproext.bnf.fr/iiif/presentation/v3/ark:/12148/bd6t5135864b/manifest.json'
For more information check: https://developer.mozilla.org/en-US/docs/Web/HTTP/Status/403",2026-07-18T03:17:41.877976
petitmarocain,bd6t5135865q,,failed,0,0,,http_manifest,known,403,manifest,"Client error '403 ' for url 'https://openapiproext.bnf.fr/iiif/presentation/v3/ark:/12148/bd6t5135865q/manifest.json'
For more information check: https://developer.mozilla.org/en-US/docs/Web/HTTP/Status/403",2026-07-18T03:17:43.079059
petitmarocain,bd6t51358663,,failed,0,0,,http_manifest,known,403,manifest,"Client error '403 ' for url 'https://openapiproext.bnf.fr/iiif/presentation/v3/ark:/12148/bd6t51358663/manifest.json'
For more information check: https://developer.mozilla.org/en-US/docs/Web/HTTP/Status/403",2026-07-18T03:17:44.280973
petitmarocain,bd6t5135867g,,failed,0,0,,http_manifest,known,403,manifest,"Client error '403 ' for url 'https://openapiproext.bnf.fr/iiif/presentation/v3/ark:/12148/bd6t5135867g/manifest.json'
For more information check: https://developer.mozilla.org/en-US/docs/Web/HTTP/Status/403",2026-07-18T03:17:45.482945
petitmarocain,bd6t5135868v,,failed,0,0,,http_manifest,known,403,manifest,"Client error '403 ' for url 'https://openapiproext.bnf.fr/iiif/presentation/v3/ark:/12148/bd6t5135868v/manifest.json'
For more information check: https://developer.mozilla.org/en-US/docs/Web/HTTP/Status/403",2026-07-18T03:17:46.685421
petitmarocain,bd6t51358697,,failed,0,0,,http_manifest,known,403,manifest,"Client error '403 ' for url 'https://openapiproext.bnf.fr/iiif/presentation/v3/ark:/12148/bd6t51358697/manifest.json'
For more information check: https://developer.mozilla.org/en-US/docs/Web/HTTP/Status/403",2026-07-18T03:17:47.887414
petitmarocain,bd6t51358705,,failed,0,0,,http_manifest,known,403,manifest,"Client error '403 ' for url 'https://openapiproext.bnf.fr/iiif/presentation/v3/ark:/12148/bd6t51358705/manifest.json'
For more information check: https://developer.mozilla.org/en-US/docs/Web/HTTP/Status/403",2026-07-18T03:17:49.087290
petitmarocain,bd6t5135871j,,failed,0,0,,http_manifest,known,403,manifest,"Client error '403 ' for url 'https://openapiproext.bnf.fr/iiif/presentation/v3/ark:/12148/bd6t5135871j/manifest.json'
For more information check: https://developer.mozilla.org/en-US/docs/Web/HTTP/Status/403",2026-07-18T03:17:50.290198
petitmarocain,bd6t5135872x,,failed,0,0,,http_manifest,known,403,manifest,"Client error '403 ' for url 'https://openapiproext.bnf.fr/iiif/presentation/v3/ark:/12148/bd6t5135872x/manifest.json'
For more information check: https://developer.mozilla.org/en-US/docs/Web/HTTP/Status/403",2026-07-18T03:17:51.501488
petitmarocain,bd6t51358739,,failed,0,0,,http_manifest,known,403,manifest,"Client error '403 ' for url 'https://openapiproext.bnf.fr/iiif/presentation/v3/ark:/12148/bd6t51358739/manifest.json'
For more information check: https://developer.mozilla.org/en-US/docs/Web/HTTP/Status/403",2026-07-18T03:17:52.732250
petitmarocain,bd6t5135874p,,failed,0,0,,http_manifest,known,403,manifest,"Client error '403 ' for url 'https://openapiproext.bnf.fr/iiif/presentation/v3/ark:/12148/bd6t5135874p/manifest.json'
For more information check: https://developer.mozilla.org/en-US/docs/Web/HTTP/Status/403",2026-07-18T03:17:53.896161
petitmarocain,bd6t51358752,,failed,0,0,,http_manifest,known,403,manifest,"Client error '403 ' for url 'https://openapiproext.bnf.fr/iiif/presentation/v3/ark:/12148/bd6t51358752/manifest.json'
For more information check: https://developer.mozilla.org/en-US/docs/Web/HTTP/Status/403",2026-07-18T03:17:55.098155
petitmarocain,bd6t5135876f,,failed,0,0,,http_manifest,known,403,manifest,"Client error '403 ' for url 'https://openapiproext.bnf.fr/iiif/presentation/v3/ark:/12148/bd6t5135876f/manifest.json'
For more information check: https://developer.mozilla.org/en-US/docs/Web/HTTP/Status/403",2026-07-18T03:17:56.304837
petitmarocain,bd6t5135877t,,failed,0,0,,http_manifest,known,403,manifest,"Client error '403 ' for url 'https://openapiproext.bnf.fr/iiif/presentation/v3/ark:/12148/bd6t5135877t/manifest.json'
For more information check: https://developer.mozilla.org/en-US/docs/Web/HTTP/Status/403",2026-07-18T03:17:57.503919
petitmarocain,bd6t51358786,,failed,0,0,,http_manifest,known,403,manifest,"Client error '403 ' for url 'https://openapiproext.bnf.fr/iiif/presentation/v3/ark:/12148/bd6t51358786/manifest.json'
For more information check: https://developer.mozilla.org/en-US/docs/Web/HTTP/Status/403",2026-07-18T03:17:58.703501
petitmarocain,bd6t5135879k,,failed,0,0,,http_manifest,known,403,manifest,"Client error '403 ' for url 'https://openapiproext.bnf.fr/iiif/presentation/v3/ark:/12148/bd6t5135879k/manifest.json'
For more information check: https://developer.mozilla.org/en-US/docs/Web/HTTP/Status/403",2026-07-18T03:17:59.902898
petitmarocain,bd6t5135880h,,failed,0,0,,http_manifest,known,403,manifest,"Client error '403 ' for url 'https://openapiproext.bnf.fr/iiif/presentation/v3/ark:/12148/bd6t5135880h/manifest.json'
For more information check: https://developer.mozilla.org/en-US/docs/Web/HTTP/Status/403",2026-07-18T03:18:01.106986
petitmarocain,bd6t5135881w,,failed,0,0,,http_manifest,known,403,manifest,"Client error '403 ' for url 'https://openapiproext.bnf.fr/iiif/presentation/v3/ark:/12148/bd6t5135881w/manifest.json'
For more information check: https://developer.mozilla.org/en-US/docs/Web/HTTP/Status/403",2026-07-18T03:18:02.307123
petitmarocain,bd6t51358828,,failed,0,0,,http_manifest,known,403,manifest,"Client error '403 ' for url 'https://openapiproext.bnf.fr/iiif/presentation/v3/ark:/12148/bd6t51358828/manifest.json'
For more information check: https://developer.mozilla.org/en-US/docs/Web/HTTP/Status/403",2026-07-18T03:18:03.511514
petitmarocain,bd6t5135883n,,failed,0,0,,http_manifest,known,403,manifest,"Client error '403 ' for url 'https://openapiproext.bnf.fr/iiif/presentation/v3/ark:/12148/bd6t5135883n/manifest.json'
For more information check: https://developer.mozilla.org/en-US/docs/Web/HTTP/Status/403",2026-07-18T03:18:04.735053
petitmarocain,bd6t51358841,,failed,0,0,,http_manifest,known,403,manifest,"Client error '403 ' for url 'https://openapiproext.bnf.fr/iiif/presentation/v3/ark:/12148/bd6t51358841/manifest.json'
For more information check: https://developer.mozilla.org/en-US/docs/Web/HTTP/Status/403",2026-07-18T03:18:05.913736
petitmarocain,bd6t5135885d,,failed,0,0,,http_manifest,known,403,manifest,"Client error '403 ' for url 'https://openapiproext.bnf.fr/iiif/presentation/v3/ark:/12148/bd6t5135885d/manifest.json'
For more information check: https://developer.mozilla.org/en-US/docs/Web/HTTP/Status/403",2026-07-18T03:18:07.312501
petitmarocain,bd6t5135886s,,failed,0,0,,http_manifest,known,403,manifest,"Client error '403 ' for url 'https://openapiproext.bnf.fr/iiif/presentation/v3/ark:/12148/bd6t5135886s/manifest.json'
For more information check: https://developer.mozilla.org/en-US/docs/Web/HTTP/Status/403",2026-07-18T03:18:08.412734
petitmarocain,bd6t51358875,,failed,0,0,,http_manifest,known,403,manifest,"Client error '403 ' for url 'https://openapiproext.bnf.fr/iiif/presentation/v3/ark:/12148/bd6t51358875/manifest.json'
For more information check: https://developer.mozilla.org/en-US/docs/Web/HTTP/Status/403",2026-07-18T03:18:09.522159
petitmarocain,bd6t5135888j,,failed,0,0,,http_manifest,known,403,manifest,"Client error '403 ' for url 'https://openapiproext.bnf.fr/iiif/presentation/v3/ark:/12148/bd6t5135888j/manifest.json'
For more information check: https://developer.mozilla.org/en-US/docs/Web/HTTP/Status/403",2026-07-18T03:18:10.782306
petitmarocain,bd6t5135889x,,failed,0,0,,http_manifest,known,403,manifest,"Client error '403 ' for url 'https://openapiproext.bnf.fr/iiif/presentation/v3/ark:/12148/bd6t5135889x/manifest.json'
For more information check: https://developer.mozilla.org/en-US/docs/Web/HTTP/Status/403",2026-07-18T03:18:12.016332
petitmarocain,bd6t5135890v,,failed,0,0,,http_manifest,known,403,manifest,"Client error '403 ' for url 'https://openapiproext.bnf.fr/iiif/presentation/v3/ark:/12148/bd6t5135890v/manifest.json'
For more information check: https://developer.mozilla.org/en-US/docs/Web/HTTP/Status/403",2026-07-18T03:18:13.233047
petitmarocain,bd6t51358917,,failed,0,0,,http_manifest,known,403,manifest,"Client error '403 ' for url 'https://openapiproext.bnf.fr/iiif/presentation/v3/ark:/12148/bd6t51358917/manifest.json'
For more information check: https://developer.mozilla.org/en-US/docs/Web/HTTP/Status/403",2026-07-18T03:18:14.523657
petitmarocain,bd6t5135892m,,failed,0,0,,http_manifest,known,403,manifest,"Client error '403 ' for url 'https://openapiproext.bnf.fr/iiif/presentation/v3/ark:/12148/bd6t5135892m/manifest.json'
For more information check: https://developer.mozilla.org/en-US/docs/Web/HTTP/Status/403",2026-07-18T03:18:15.580574
petitmarocain,bd6t51358930,,failed,0,0,,http_manifest,known,403,manifest,"Client error '403 ' for url 'https://openapiproext.bnf.fr/iiif/presentation/v3/ark:/12148/bd6t51358930/manifest.json'
For more information check: https://developer.mozilla.org/en-US/docs/Web/HTTP/Status/403",2026-07-18T03:18:16.948244
petitmarocain,bd6t5135894c,,failed,0,0,,http_manifest,known,403,manifest,"Client error '403 ' for url 'https://openapiproext.bnf.fr/iiif/presentation/v3/ark:/12148/bd6t5135894c/manifest.json'
For more information check: https://developer.mozilla.org/en-US/docs/Web/HTTP/Status/403",2026-07-18T03:18:17.939086
petitmarocain,bd6t5135895r,,failed,0,0,,http_manifest,known,403,manifest,"Client error '403 ' for url 'https://openapiproext.bnf.fr/iiif/presentation/v3/ark:/12148/bd6t5135895r/manifest.json'
For more information check: https://developer.mozilla.org/en-US/docs/Web/HTTP/Status/403",2026-07-18T03:18:19.140998
petitmarocain,bd6t51358964,,failed,0,0,,http_manifest,known,403,manifest,"Client error '403 ' for url 'https://openapiproext.bnf.fr/iiif/presentation/v3/ark:/12148/bd6t51358964/manifest.json'
For more information check: https://developer.mozilla.org/en-US/docs/Web/HTTP/Status/403",2026-07-18T03:18:20.481544
petitmarocain,bd6t5135897h,,failed,0,0,,http_manifest,known,403,manifest,"Client error '403 ' for url 'https://openapiproext.bnf.fr/iiif/presentation/v3/ark:/12148/bd6t5135897h/manifest.json'
For more information check: https://developer.mozilla.org/en-US/docs/Web/HTTP/Status/403",2026-07-18T03:18:21.541295
petitmarocain,bd6t5135898w,,failed,0,0,,http_manifest,known,403,manifest,"Client error '403 ' for url 'https://openapiproext.bnf.fr/iiif/presentation/v3/ark:/12148/bd6t5135898w/manifest.json'
For more information check: https://developer.mozilla.org/en-US/docs/Web/HTTP/Status/403",2026-07-18T03:18:22.845502
petitmarocain,bd6t51358998,,failed,0,0,,http_manifest,known,403,manifest,"Client error '403 ' for url 'https://openapiproext.bnf.fr/iiif/presentation/v3/ark:/12148/bd6t51358998/manifest.json'
For more information check: https://developer.mozilla.org/en-US/docs/Web/HTTP/Status/403",2026-07-18T03:18:23.945135
petitmarocain,bd6t51359002,,failed,0,0,,http_manifest,known,403,manifest,"Client error '403 ' for url 'https://openapiproext.bnf.fr/iiif/presentation/v3/ark:/12148/bd6t51359002/manifest.json'
For more information check: https://developer.mozilla.org/en-US/docs/Web/HTTP/Status/403",2026-07-18T03:18:25.152609
petitmarocain,bd6t5135901f,,failed,0,0,,http_manifest,known,403,manifest,"Client error '403 ' for url 'https://openapiproext.bnf.fr/iiif/presentation/v3/ark:/12148/bd6t5135901f/manifest.json'
For more information check: https://developer.mozilla.org/en-US/docs/Web/HTTP/Status/403",2026-07-18T03:18:26.360030
petitmarocain,bd6t5135902t,,failed,0,0,,http_manifest,known,403,manifest,"Client error '403 ' for url 'https://openapiproext.bnf.fr/iiif/presentation/v3/ark:/12148/bd6t5135902t/manifest.json'
For more information check: https://developer.mozilla.org/en-US/docs/Web/HTTP/Status/403",2026-07-18T03:18:27.553463
petitmarocain,bd6t51359036,,failed,0,0,,http_manifest,known,403,manifest,"Client error '403 ' for url 'https://openapiproext.bnf.fr/iiif/presentation/v3/ark:/12148/bd6t51359036/manifest.json'
For more information check: https://developer.mozilla.org/en-US/docs/Web/HTTP/Status/403",2026-07-18T03:18:28.754333
petitmarocain,bd6t5135904k,,failed,0,0,,http_manifest,known,403,manifest,"Client error '403 ' for url 'https://openapiproext.bnf.fr/iiif/presentation/v3/ark:/12148/bd6t5135904k/manifest.json'
For more information check: https://developer.mozilla.org/en-US/docs/Web/HTTP/Status/403",2026-07-18T03:18:29.959743
petitmarocain,bd6t5135905z,,failed,0,0,,http_manifest,known,403,manifest,"Client error '403 ' for url 'https://openapiproext.bnf.fr/iiif/presentation/v3/ark:/12148/bd6t5135905z/manifest.json'
For more information check: https://developer.mozilla.org/en-US/docs/Web/HTTP/Status/403",2026-07-18T03:18:31.158241
petitmarocain,bd6t5135906b,,failed,0,0,,http_manifest,known,403,manifest,"Client error '403 ' for url 'https://openapiproext.bnf.fr/iiif/presentation/v3/ark:/12148/bd6t5135906b/manifest.json'
For more information check: https://developer.mozilla.org/en-US/docs/Web/HTTP/Status/403",2026-07-18T03:18:32.363203
petitmarocain,bd6t5135907q,,failed,0,0,,http_manifest,known,403,manifest,"Client error '403 ' for url 'https://openapiproext.bnf.fr/iiif/presentation/v3/ark:/12148/bd6t5135907q/manifest.json'
For more information check: https://developer.mozilla.org/en-US/docs/Web/HTTP/Status/403",2026-07-18T03:18:33.560812
petitmarocain,bd6t51359083,,failed,0,0,,http_manifest,known,403,manifest,"Client error '403 ' for url 'https://openapiproext.bnf.fr/iiif/presentation/v3/ark:/12148/bd6t51359083/manifest.json'
For more information check: https://developer.mozilla.org/en-US/docs/Web/HTTP/Status/403",2026-07-18T03:18:34.823509
petitmarocain,bd6t5135909g,,failed,0,0,,http_manifest,known,403,manifest,"Client error '403 ' for url 'https://openapiproext.bnf.fr/iiif/presentation/v3/ark:/12148/bd6t5135909g/manifest.json'
For more information check: https://developer.mozilla.org/en-US/docs/Web/HTTP/Status/403",2026-07-18T03:18:35.967326
petitmarocain,bd6t5135730g,,failed,0,0,,http_manifest,known,403,manifest,"Client error '403 ' for url 'https://openapiproext.bnf.fr/iiif/presentation/v3/ark:/12148/bd6t5135730g/manifest.json'
For more information check: https://developer.mozilla.org/en-US/docs/Web/HTTP/Status/403",2026-07-18T03:18:37.173236
petitmarocain,bd6t5135731v,,failed,0,0,,http_manifest,known,403,manifest,"Client error '403 ' for url 'https://openapiproext.bnf.fr/iiif/presentation/v3/ark:/12148/bd6t5135731v/manifest.json'
For more information check: https://developer.mozilla.org/en-US/docs/Web/HTTP/Status/403",2026-07-18T03:18:38.379591
petitmarocain,bd6t51357327,,failed,0,0,,http_manifest,known,403,manifest,"Client error '403 ' for url 'https://openapiproext.bnf.fr/iiif/presentation/v3/ark:/12148/bd6t51357327/manifest.json'
For more information check: https://developer.mozilla.org/en-US/docs/Web/HTTP/Status/403",2026-07-18T03:18:39.571324
petitmarocain,bd6t5135733m,,failed,0,0,,http_manifest,known,403,manifest,"Client error '403 ' for url 'https://openapiproext.bnf.fr/iiif/presentation/v3/ark:/12148/bd6t5135733m/manifest.json'
For more information check: https://developer.mozilla.org/en-US/docs/Web/HTTP/Status/403",2026-07-18T03:18:40.809295
petitmarocain,bd6t51357340,,failed,0,0,,http_manifest,known,403,manifest,"Client error '403 ' for url 'https://openapiproext.bnf.fr/iiif/presentation/v3/ark:/12148/bd6t51357340/manifest.json'
For more information check: https://developer.mozilla.org/en-US/docs/Web/HTTP/Status/403",2026-07-18T03:18:41.980242
petitmarocain,bd6t5135735c,,failed,0,0,,http_manifest,known,403,manifest,"Client error '403 ' for url 'https://openapiproext.bnf.fr/iiif/presentation/v3/ark:/12148/bd6t5135735c/manifest.json'
For more information check: https://developer.mozilla.org/en-US/docs/Web/HTTP/Status/403",2026-07-18T03:18:43.190152
petitmarocain,bd6t5135736r,,failed,0,0,,http_manifest,known,403,manifest,"Client error '403 ' for url 'https://openapiproext.bnf.fr/iiif/presentation/v3/ark:/12148/bd6t5135736r/manifest.json'
For more information check: https://developer.mozilla.org/en-US/docs/Web/HTTP/Status/403",2026-07-18T03:18:44.391061
petitmarocain,bd6t51357374,,failed,0,0,,http_manifest,known,403,manifest,"Client error '403 ' for url 'https://openapiproext.bnf.fr/iiif/presentation/v3/ark:/12148/bd6t51357374/manifest.json'
For more information check: https://developer.mozilla.org/en-US/docs/Web/HTTP/Status/403",2026-07-18T03:18:45.581942
petitmarocain,bd6t5135738h,,failed,0,0,,http_manifest,known,403,manifest,"Client error '403 ' for url 'https://openapiproext.bnf.fr/iiif/presentation/v3/ark:/12148/bd6t5135738h/manifest.json'
For more information check: https://developer.mozilla.org/en-US/docs/Web/HTTP/Status/403",2026-07-18T03:18:46.784062
petitmarocain,bd6t5135739w,,failed,0,0,,http_manifest,known,403,manifest,"Client error '403 ' for url 'https://openapiproext.bnf.fr/iiif/presentation/v3/ark:/12148/bd6t5135739w/manifest.json'
For more information check: https://developer.mozilla.org/en-US/docs/Web/HTTP/Status/403",2026-07-18T03:18:47.988581
petitmarocain,bd6t5135740t,,failed,0,0,,http_manifest,known,403,manifest,"Client error '403 ' for url 'https://openapiproext.bnf.fr/iiif/presentation/v3/ark:/12148/bd6t5135740t/manifest.json'
For more information check: https://developer.mozilla.org/en-US/docs/Web/HTTP/Status/403",2026-07-18T03:18:49.183318
petitmarocain,bd6t51357416,,failed,0,0,,http_manifest,known,403,manifest,"Client error '403 ' for url 'https://openapiproext.bnf.fr/iiif/presentation/v3/ark:/12148/bd6t51357416/manifest.json'
For more information check: https://developer.mozilla.org/en-US/docs/Web/HTTP/Status/403",2026-07-18T03:18:50.394617
petitmarocain,bd6t5135742k,,failed,0,0,,http_manifest,known,403,manifest,"Client error '403 ' for url 'https://openapiproext.bnf.fr/iiif/presentation/v3/ark:/12148/bd6t5135742k/manifest.json'
For more information check: https://developer.mozilla.org/en-US/docs/Web/HTTP/Status/403",2026-07-18T03:18:51.590151
petitmarocain,bd6t5135743z,,failed,0,0,,http_manifest,known,403,manifest,"Client error '403 ' for url 'https://openapiproext.bnf.fr/iiif/presentation/v3/ark:/12148/bd6t5135743z/manifest.json'
For more information check: https://developer.mozilla.org/en-US/docs/Web/HTTP/Status/403",2026-07-18T03:18:52.817623
petitmarocain,bd6t5135744b,,failed,0,0,,http_manifest,known,403,manifest,"Client error '403 ' for url 'https://openapiproext.bnf.fr/iiif/presentation/v3/ark:/12148/bd6t5135744b/manifest.json'
For more information check: https://developer.mozilla.org/en-US/docs/Web/HTTP/Status/403",2026-07-18T03:18:54.001385
petitmarocain,bd6t5135745q,,failed,0,0,,http_manifest,known,403,manifest,"Client error '403 ' for url 'https://openapiproext.bnf.fr/iiif/presentation/v3/ark:/12148/bd6t5135745q/manifest.json'
For more information check: https://developer.mozilla.org/en-US/docs/Web/HTTP/Status/403",2026-07-18T03:18:55.199310
petitmarocain,bd6t51357463,,failed,0,0,,http_manifest,known,403,manifest,"Client error '403 ' for url 'https://openapiproext.bnf.fr/iiif/presentation/v3/ark:/12148/bd6t51357463/manifest.json'
For more information check: https://developer.mozilla.org/en-US/docs/Web/HTTP/Status/403",2026-07-18T03:18:56.398008
petitmarocain,bd6t5135747g,,failed,0,0,,http_manifest,known,403,manifest,"Client error '403 ' for url 'https://openapiproext.bnf.fr/iiif/presentation/v3/ark:/12148/bd6t5135747g/manifest.json'
For more information check: https://developer.mozilla.org/en-US/docs/Web/HTTP/Status/403",2026-07-18T03:18:57.598337
petitmarocain,bd6t5135748v,,failed,0,0,,http_manifest,known,403,manifest,"Client error '403 ' for url 'https://openapiproext.bnf.fr/iiif/presentation/v3/ark:/12148/bd6t5135748v/manifest.json'
For more information check: https://developer.mozilla.org/en-US/docs/Web/HTTP/Status/403",2026-07-18T03:18:58.802120
petitmarocain,bd6t51357497,,failed,0,0,,http_manifest,known,403,manifest,"Client error '403 ' for url 'https://openapiproext.bnf.fr/iiif/presentation/v3/ark:/12148/bd6t51357497/manifest.json'
For more information check: https://developer.mozilla.org/en-US/docs/Web/HTTP/Status/403",2026-07-18T03:19:00.009907
petitmarocain,bd6t51357505,,failed,0,0,,http_manifest,known,403,manifest,"Client error '403 ' for url 'https://openapiproext.bnf.fr/iiif/presentation/v3/ark:/12148/bd6t51357505/manifest.json'
For more information check: https://developer.mozilla.org/en-US/docs/Web/HTTP/Status/403",2026-07-18T03:19:01.210494
petitmarocain,bd6t5135751j,,failed,0,0,,http_manifest,known,403,manifest,"Client error '403 ' for url 'https://openapiproext.bnf.fr/iiif/presentation/v3/ark:/12148/bd6t5135751j/manifest.json'
For more information check: https://developer.mozilla.org/en-US/docs/Web/HTTP/Status/403",2026-07-18T03:19:02.409907
petitmarocain,bd6t5135752x,,failed,0,0,,http_manifest,known,403,manifest,"Client error '403 ' for url 'https://openapiproext.bnf.fr/iiif/presentation/v3/ark:/12148/bd6t5135752x/manifest.json'
For more information check: https://developer.mozilla.org/en-US/docs/Web/HTTP/Status/403",2026-07-18T03:19:03.610045
petitmarocain,bd6t51357539,,failed,0,0,,http_manifest,known,403,manifest,"Client error '403 ' for url 'https://openapiproext.bnf.fr/iiif/presentation/v3/ark:/12148/bd6t51357539/manifest.json'
For more information check: https://developer.mozilla.org/en-US/docs/Web/HTTP/Status/403",2026-07-18T03:19:04.839266
petitmarocain,bd6t5135754p,,failed,0,0,,http_manifest,known,403,manifest,"Client error '403 ' for url 'https://openapiproext.bnf.fr/iiif/presentation/v3/ark:/12148/bd6t5135754p/manifest.json'
For more information check: https://developer.mozilla.org/en-US/docs/Web/HTTP/Status/403",2026-07-18T03:19:06.014406
petitmarocain,bd6t51357552,,failed,0,0,,http_manifest,known,403,manifest,"Client error '403 ' for url 'https://openapiproext.bnf.fr/iiif/presentation/v3/ark:/12148/bd6t51357552/manifest.json'
For more information check: https://developer.mozilla.org/en-US/docs/Web/HTTP/Status/403",2026-07-18T03:19:07.384060
petitmarocain,bd6t5135756f,,failed,0,0,,http_manifest,known,403,manifest,"Client error '403 ' for url 'https://openapiproext.bnf.fr/iiif/presentation/v3/ark:/12148/bd6t5135756f/manifest.json'
For more information check: https://developer.mozilla.org/en-US/docs/Web/HTTP/Status/403",2026-07-18T03:19:08.545423
petitmarocain,bd6t5135757t,,failed,0,0,,http_manifest,known,403,manifest,"Client error '403 ' for url 'https://openapiproext.bnf.fr/iiif/presentation/v3/ark:/12148/bd6t5135757t/manifest.json'
For more information check: https://developer.mozilla.org/en-US/docs/Web/HTTP/Status/403",2026-07-18T03:19:09.715825
petitmarocain,bd6t51357586,,failed,0,0,,http_manifest,known,403,manifest,"Client error '403 ' for url 'https://openapiproext.bnf.fr/iiif/presentation/v3/ark:/12148/bd6t51357586/manifest.json'
For more information check: https://developer.mozilla.org/en-US/docs/Web/HTTP/Status/403",2026-07-18T03:19:10.841375
petitmarocain,bd6t5135759k,,failed,0,0,,http_manifest,known,403,manifest,"Client error '403 ' for url 'https://openapiproext.bnf.fr/iiif/presentation/v3/ark:/12148/bd6t5135759k/manifest.json'
For more information check: https://developer.mozilla.org/en-US/docs/Web/HTTP/Status/403",2026-07-18T03:19:12.085950
petitmarocain,bd6t5135760h,,failed,0,0,,http_manifest,known,403,manifest,"Client error '403 ' for url 'https://openapiproext.bnf.fr/iiif/presentation/v3/ark:/12148/bd6t5135760h/manifest.json'
For more information check: https://developer.mozilla.org/en-US/docs/Web/HTTP/Status/403",2026-07-18T03:19:13.372867
petitmarocain,bd6t5135761w,,failed,0,0,,http_manifest,known,403,manifest,"Client error '403 ' for url 'https://openapiproext.bnf.fr/iiif/presentation/v3/ark:/12148/bd6t5135761w/manifest.json'
For more information check: https://developer.mozilla.org/en-US/docs/Web/HTTP/Status/403",2026-07-18T03:19:14.520909
petitmarocain,bd6t51357628,,failed,0,0,,http_manifest,known,403,manifest,"Client error '403 ' for url 'https://openapiproext.bnf.fr/iiif/presentation/v3/ark:/12148/bd6t51357628/manifest.json'
For more information check: https://developer.mozilla.org/en-US/docs/Web/HTTP/Status/403",2026-07-18T03:19:15.920516
petitmarocain,bd6t5135763n,,failed,0,0,,http_manifest,known,403,manifest,"Client error '403 ' for url 'https://openapiproext.bnf.fr/iiif/presentation/v3/ark:/12148/bd6t5135763n/manifest.json'
For more information check: https://developer.mozilla.org/en-US/docs/Web/HTTP/Status/403",2026-07-18T03:19:16.970369
petitmarocain,bd6t51357641,,failed,0,0,,http_manifest,known,403,manifest,"Client error '403 ' for url 'https://openapiproext.bnf.fr/iiif/presentation/v3/ark:/12148/bd6t51357641/manifest.json'
For more information check: https://developer.mozilla.org/en-US/docs/Web/HTTP/Status/403",2026-07-18T03:19:18.283688
petitmarocain,bd6t5135765d,,failed,0,0,,http_manifest,known,403,manifest,"Client error '403 ' for url 'https://openapiproext.bnf.fr/iiif/presentation/v3/ark:/12148/bd6t5135765d/manifest.json'
For more information check: https://developer.mozilla.org/en-US/docs/Web/HTTP/Status/403",2026-07-18T03:19:19.468499
petitmarocain,bd6t5135766s,,failed,0,0,,http_manifest,known,403,manifest,"Client error '403 ' for url 'https://openapiproext.bnf.fr/iiif/presentation/v3/ark:/12148/bd6t5135766s/manifest.json'
For more information check: https://developer.mozilla.org/en-US/docs/Web/HTTP/Status/403",2026-07-18T03:19:20.693509
petitmarocain,bd6t51357675,,failed,0,0,,http_manifest,known,403,manifest,"Client error '403 ' for url 'https://openapiproext.bnf.fr/iiif/presentation/v3/ark:/12148/bd6t51357675/manifest.json'
For more information check: https://developer.mozilla.org/en-US/docs/Web/HTTP/Status/403",2026-07-18T03:19:21.666201
petitmarocain,bd6t5135768j,,failed,0,0,,http_manifest,known,403,manifest,"Client error '403 ' for url 'https://openapiproext.bnf.fr/iiif/presentation/v3/ark:/12148/bd6t5135768j/manifest.json'
For more information check: https://developer.mozilla.org/en-US/docs/Web/HTTP/Status/403",2026-07-18T03:19:22.889730
petitmarocain,bd6t5135769x,,failed,0,0,,http_manifest,known,403,manifest,"Client error '403 ' for url 'https://openapiproext.bnf.fr/iiif/presentation/v3/ark:/12148/bd6t5135769x/manifest.json'
For more information check: https://developer.mozilla.org/en-US/docs/Web/HTTP/Status/403",2026-07-18T03:19:24.070585
petitmarocain,bd6t5135770v,,failed,0,0,,http_manifest,known,403,manifest,"Client error '403 ' for url 'https://openapiproext.bnf.fr/iiif/presentation/v3/ark:/12148/bd6t5135770v/manifest.json'
For more information check: https://developer.mozilla.org/en-US/docs/Web/HTTP/Status/403",2026-07-18T03:19:25.325302
petitmarocain,bd6t51357717,,failed,0,0,,http_manifest,known,403,manifest,"Client error '403 ' for url 'https://openapiproext.bnf.fr/iiif/presentation/v3/ark:/12148/bd6t51357717/manifest.json'
For more information check: https://developer.mozilla.org/en-US/docs/Web/HTTP/Status/403",2026-07-18T03:19:26.690114
petitmarocain,bd6t5135772m,,failed,0,0,,http_manifest,known,403,manifest,"Client error '403 ' for url 'https://openapiproext.bnf.fr/iiif/presentation/v3/ark:/12148/bd6t5135772m/manifest.json'
For more information check: https://developer.mozilla.org/en-US/docs/Web/HTTP/Status/403",2026-07-18T03:19:27.676338
petitmarocain,bd6t51357730,,failed,0,0,,http_manifest,known,403,manifest,"Client error '403 ' for url 'https://openapiproext.bnf.fr/iiif/presentation/v3/ark:/12148/bd6t51357730/manifest.json'
For more information check: https://developer.mozilla.org/en-US/docs/Web/HTTP/Status/403",2026-07-18T03:19:28.859697
petitmarocain,bd6t5135774c,,failed,0,0,,http_manifest,known,403,manifest,"Client error '403 ' for url 'https://openapiproext.bnf.fr/iiif/presentation/v3/ark:/12148/bd6t5135774c/manifest.json'
For more information check: https://developer.mozilla.org/en-US/docs/Web/HTTP/Status/403",2026-07-18T03:19:30.054771
petitmarocain,bd6t5135775r,,failed,0,0,,http_manifest,known,403,manifest,"Client error '403 ' for url 'https://openapiproext.bnf.fr/iiif/presentation/v3/ark:/12148/bd6t5135775r/manifest.json'
For more information check: https://developer.mozilla.org/en-US/docs/Web/HTTP/Status/403",2026-07-18T03:19:31.256642
petitmarocain,bd6t51357764,,failed,0,0,,http_manifest,known,403,manifest,"Client error '403 ' for url 'https://openapiproext.bnf.fr/iiif/presentation/v3/ark:/12148/bd6t51357764/manifest.json'
For more information check: https://developer.mozilla.org/en-US/docs/Web/HTTP/Status/403",2026-07-18T03:19:32.494517
petitmarocain,bd6t5135777h,,failed,0,0,,http_manifest,known,403,manifest,"Client error '403 ' for url 'https://openapiproext.bnf.fr/iiif/presentation/v3/ark:/12148/bd6t5135777h/manifest.json'
For more information check: https://developer.mozilla.org/en-US/docs/Web/HTTP/Status/403",2026-07-18T03:19:33.659625
petitmarocain,bd6t5135778w,,failed,0,0,,http_manifest,known,403,manifest,"Client error '403 ' for url 'https://openapiproext.bnf.fr/iiif/presentation/v3/ark:/12148/bd6t5135778w/manifest.json'
For more information check: https://developer.mozilla.org/en-US/docs/Web/HTTP/Status/403",2026-07-18T03:19:34.861557
petitmarocain,bd6t51357798,,failed,0,0,,http_manifest,known,403,manifest,"Client error '403 ' for url 'https://openapiproext.bnf.fr/iiif/presentation/v3/ark:/12148/bd6t51357798/manifest.json'
For more information check: https://developer.mozilla.org/en-US/docs/Web/HTTP/Status/403",2026-07-18T03:19:36.062283
petitmarocain,bd6t51357806,,failed,0,0,,http_manifest,known,403,manifest,"Client error '403 ' for url 'https://openapiproext.bnf.fr/iiif/presentation/v3/ark:/12148/bd6t51357806/manifest.json'
For more information check: https://developer.mozilla.org/en-US/docs/Web/HTTP/Status/403",2026-07-18T03:19:37.266705
petitmarocain,bd6t5135781k,,failed,0,0,,http_manifest,known,403,manifest,"Client error '403 ' for url 'https://openapiproext.bnf.fr/iiif/presentation/v3/ark:/12148/bd6t5135781k/manifest.json'
For more information check: https://developer.mozilla.org/en-US/docs/Web/HTTP/Status/403",2026-07-18T03:19:38.466947
petitmarocain,bd6t5135782z,,failed,0,0,,http_manifest,known,403,manifest,"Client error '403 ' for url 'https://openapiproext.bnf.fr/iiif/presentation/v3/ark:/12148/bd6t5135782z/manifest.json'
For more information check: https://developer.mozilla.org/en-US/docs/Web/HTTP/Status/403",2026-07-18T03:19:39.664679
petitmarocain,bd6t5135783b,,failed,0,0,,http_manifest,known,403,manifest,"Client error '403 ' for url 'https://openapiproext.bnf.fr/iiif/presentation/v3/ark:/12148/bd6t5135783b/manifest.json'
For more information check: https://developer.mozilla.org/en-US/docs/Web/HTTP/Status/403",2026-07-18T03:19:40.868550
petitmarocain,bd6t5135784q,,failed,0,0,,http_manifest,known,403,manifest,"Client error '403 ' for url 'https://openapiproext.bnf.fr/iiif/presentation/v3/ark:/12148/bd6t5135784q/manifest.json'
For more information check: https://developer.mozilla.org/en-US/docs/Web/HTTP/Status/403",2026-07-18T03:19:42.073357
petitmarocain,bd6t51357853,,failed,0,0,,http_manifest,known,403,manifest,"Client error '403 ' for url 'https://openapiproext.bnf.fr/iiif/presentation/v3/ark:/12148/bd6t51357853/manifest.json'
For more information check: https://developer.mozilla.org/en-US/docs/Web/HTTP/Status/403",2026-07-18T03:19:43.273985
petitmarocain,bd6t5135786g,,failed,0,0,,http_manifest,known,403,manifest,"Client error '403 ' for url 'https://openapiproext.bnf.fr/iiif/presentation/v3/ark:/12148/bd6t5135786g/manifest.json'
For more information check: https://developer.mozilla.org/en-US/docs/Web/HTTP/Status/403",2026-07-18T03:19:44.500002
petitmarocain,bd6t5135787v,,failed,0,0,,http_manifest,known,403,manifest,"Client error '403 ' for url 'https://openapiproext.bnf.fr/iiif/presentation/v3/ark:/12148/bd6t5135787v/manifest.json'
For more information check: https://developer.mozilla.org/en-US/docs/Web/HTTP/Status/403",2026-07-18T03:19:45.675826
petitmarocain,bd6t51357887,,failed,0,0,,http_manifest,known,403,manifest,"Client error '403 ' for url 'https://openapiproext.bnf.fr/iiif/presentation/v3/ark:/12148/bd6t51357887/manifest.json'
For more information check: https://developer.mozilla.org/en-US/docs/Web/HTTP/Status/403",2026-07-18T03:19:46.879452
petitmarocain,bd6t5135789m,,failed,0,0,,http_manifest,known,403,manifest,"Client error '403 ' for url 'https://openapiproext.bnf.fr/iiif/presentation/v3/ark:/12148/bd6t5135789m/manifest.json'
For more information check: https://developer.mozilla.org/en-US/docs/Web/HTTP/Status/403",2026-07-18T03:19:48.082240
petitmarocain,bd6t5135790j,,failed,0,0,,http_manifest,known,403,manifest,"Client error '403 ' for url 'https://openapiproext.bnf.fr/iiif/presentation/v3/ark:/12148/bd6t5135790j/manifest.json'
For more information check: https://developer.mozilla.org/en-US/docs/Web/HTTP/Status/403",2026-07-18T03:19:49.282226
petitmarocain,bd6t5135791x,,failed,0,0,,http_manifest,known,403,manifest,"Client error '403 ' for url 'https://openapiproext.bnf.fr/iiif/presentation/v3/ark:/12148/bd6t5135791x/manifest.json'
For more information check: https://developer.mozilla.org/en-US/docs/Web/HTTP/Status/403",2026-07-18T03:19:50.520356
petitmarocain,bd6t51357929,,failed,0,0,,http_manifest,known,403,manifest,"Client error '403 ' for url 'https://openapiproext.bnf.fr/iiif/presentation/v3/ark:/12148/bd6t51357929/manifest.json'
For more information check: https://developer.mozilla.org/en-US/docs/Web/HTTP/Status/403",2026-07-18T03:19:51.685373
petitmarocain,bd6t5135793p,,failed,0,0,,http_manifest,known,403,manifest,"Client error '403 ' for url 'https://openapiproext.bnf.fr/iiif/presentation/v3/ark:/12148/bd6t5135793p/manifest.json'
For more information check: https://developer.mozilla.org/en-US/docs/Web/HTTP/Status/403",2026-07-18T03:19:52.886739
petitmarocain,bd6t51357942,,failed,0,0,,http_manifest,known,403,manifest,"Client error '403 ' for url 'https://openapiproext.bnf.fr/iiif/presentation/v3/ark:/12148/bd6t51357942/manifest.json'
For more information check: https://developer.mozilla.org/en-US/docs/Web/HTTP/Status/403",2026-07-18T03:19:54.091809
petitmarocain,bd6t5135795f,,failed,0,0,,http_manifest,known,403,manifest,"Client error '403 ' for url 'https://openapiproext.bnf.fr/iiif/presentation/v3/ark:/12148/bd6t5135795f/manifest.json'
For more information check: https://developer.mozilla.org/en-US/docs/Web/HTTP/Status/403",2026-07-18T03:19:55.292273
petitmarocain,bd6t5135796t,,failed,0,0,,http_manifest,known,403,manifest,"Client error '403 ' for url 'https://openapiproext.bnf.fr/iiif/presentation/v3/ark:/12148/bd6t5135796t/manifest.json'
For more information check: https://developer.mozilla.org/en-US/docs/Web/HTTP/Status/403",2026-07-18T03:19:56.495172
petitmarocain,bd6t51357976,,failed,0,0,,http_manifest,known,403,manifest,"Client error '403 ' for url 'https://openapiproext.bnf.fr/iiif/presentation/v3/ark:/12148/bd6t51357976/manifest.json'
For more information check: https://developer.mozilla.org/en-US/docs/Web/HTTP/Status/403",2026-07-18T03:19:57.693501
petitmarocain,bd6t5135798k,,failed,0,0,,http_manifest,known,403,manifest,"Client error '403 ' for url 'https://openapiproext.bnf.fr/iiif/presentation/v3/ark:/12148/bd6t5135798k/manifest.json'
For more information check: https://developer.mozilla.org/en-US/docs/Web/HTTP/Status/403",2026-07-18T03:19:58.892874
petitmarocain,bd6t5135799z,,failed,0,0,,http_manifest,known,403,manifest,"Client error '403 ' for url 'https://openapiproext.bnf.fr/iiif/presentation/v3/ark:/12148/bd6t5135799z/manifest.json'
For more information check: https://developer.mozilla.org/en-US/docs/Web/HTTP/Status/403",2026-07-18T03:20:00.094737
petitmarocain,bd6t5135800r,,failed,0,0,,http_manifest,known,403,manifest,"Client error '403 ' for url 'https://openapiproext.bnf.fr/iiif/presentation/v3/ark:/12148/bd6t5135800r/manifest.json'
For more information check: https://developer.mozilla.org/en-US/docs/Web/HTTP/Status/403",2026-07-18T03:20:01.297487
petitmarocain,bd6t51358014,,failed,0,0,,http_manifest,known,403,manifest,"Client error '403 ' for url 'https://openapiproext.bnf.fr/iiif/presentation/v3/ark:/12148/bd6t51358014/manifest.json'
For more information check: https://developer.mozilla.org/en-US/docs/Web/HTTP/Status/403",2026-07-18T03:20:02.525602
petitmarocain,bd6t5135802h,,failed,0,0,,http_manifest,known,403,manifest,"Client error '403 ' for url 'https://openapiproext.bnf.fr/iiif/presentation/v3/ark:/12148/bd6t5135802h/manifest.json'
For more information check: https://developer.mozilla.org/en-US/docs/Web/HTTP/Status/403",2026-07-18T03:20:03.702877
petitmarocain,bd6t5135803w,,failed,0,0,,http_manifest,known,403,manifest,"Client error '403 ' for url 'https://openapiproext.bnf.fr/iiif/presentation/v3/ark:/12148/bd6t5135803w/manifest.json'
For more information check: https://developer.mozilla.org/en-US/docs/Web/HTTP/Status/403",2026-07-18T03:20:04.906155
petitmarocain,bd6t51348977,,failed,0,0,,http_manifest,known,403,manifest,"Client error '403 ' for url 'https://openapiproext.bnf.fr/iiif/presentation/v3/ark:/12148/bd6t51348977/manifest.json'
For more information check: https://developer.mozilla.org/en-US/docs/Web/HTTP/Status/403",2026-07-18T03:20:06.107259
petitmarocain,bd6t5134898m,,failed,0,0,,http_manifest,known,403,manifest,"Client error '403 ' for url 'https://openapiproext.bnf.fr/iiif/presentation/v3/ark:/12148/bd6t5134898m/manifest.json'
For more information check: https://developer.mozilla.org/en-US/docs/Web/HTTP/Status/403",2026-07-18T03:20:07.385528
petitmarocain,bd6t51348990,,failed,0,0,,http_manifest,known,403,manifest,"Client error '403 ' for url 'https://openapiproext.bnf.fr/iiif/presentation/v3/ark:/12148/bd6t51348990/manifest.json'
For more information check: https://developer.mozilla.org/en-US/docs/Web/HTTP/Status/403",2026-07-18T03:20:08.525595
petitmarocain,bd6t5134900s,,failed,0,0,,http_manifest,known,403,manifest,"Client error '403 ' for url 'https://openapiproext.bnf.fr/iiif/presentation/v3/ark:/12148/bd6t5134900s/manifest.json'
For more information check: https://developer.mozilla.org/en-US/docs/Web/HTTP/Status/403",2026-07-18T03:20:09.922412
petitmarocain,bd6t51349015,,failed,0,0,,http_manifest,known,403,manifest,"Client error '403 ' for url 'https://openapiproext.bnf.fr/iiif/presentation/v3/ark:/12148/bd6t51349015/manifest.json'
For more information check: https://developer.mozilla.org/en-US/docs/Web/HTTP/Status/403",2026-07-18T03:20:10.915856
petitmarocain,bd6t5134902j,,failed,0,0,,http_manifest,known,403,manifest,"Client error '403 ' for url 'https://openapiproext.bnf.fr/iiif/presentation/v3/ark:/12148/bd6t5134902j/manifest.json'
For more information check: https://developer.mozilla.org/en-US/docs/Web/HTTP/Status/403",2026-07-18T03:20:12.130044
petitmarocain,bd6t5134903x,,failed,0,0,,http_manifest,known,403,manifest,"Client error '403 ' for url 'https://openapiproext.bnf.fr/iiif/presentation/v3/ark:/12148/bd6t5134903x/manifest.json'
For more information check: https://developer.mozilla.org/en-US/docs/Web/HTTP/Status/403",2026-07-18T03:20:13.561040
petitmarocain,bd6t51349049,,failed,0,0,,http_manifest,known,403,manifest,"Client error '403 ' for url 'https://openapiproext.bnf.fr/iiif/presentation/v3/ark:/12148/bd6t51349049/manifest.json'
For more information check: https://developer.mozilla.org/en-US/docs/Web/HTTP/Status/403",2026-07-18T03:20:14.538238
petitmarocain,bd6t5134905p,,failed,0,0,,http_manifest,known,403,manifest,"Client error '403 ' for url 'https://openapiproext.bnf.fr/iiif/presentation/v3/ark:/12148/bd6t5134905p/manifest.json'
For more information check: https://developer.mozilla.org/en-US/docs/Web/HTTP/Status/403",2026-07-18T03:20:15.773130
petitmarocain,bd6t51349062,,failed,0,0,,http_manifest,known,403,manifest,"Client error '403 ' for url 'https://openapiproext.bnf.fr/iiif/presentation/v3/ark:/12148/bd6t51349062/manifest.json'
For more information check: https://developer.mozilla.org/en-US/docs/Web/HTTP/Status/403",2026-07-18T03:20:17.043469
petitmarocain,bd6t5134907f,,failed,0,0,,http_manifest,known,403,manifest,"Client error '403 ' for url 'https://openapiproext.bnf.fr/iiif/presentation/v3/ark:/12148/bd6t5134907f/manifest.json'
For more information check: https://developer.mozilla.org/en-US/docs/Web/HTTP/Status/403",2026-07-18T03:20:18.481581
petitmarocain,bd6t5134908t,,failed,0,0,,http_manifest,known,403,manifest,"Client error '403 ' for url 'https://openapiproext.bnf.fr/iiif/presentation/v3/ark:/12148/bd6t5134908t/manifest.json'
For more information check: https://developer.mozilla.org/en-US/docs/Web/HTTP/Status/403",2026-07-18T03:20:19.560355
petitmarocain,bd6t51349096,,failed,0,0,,http_manifest,known,403,manifest,"Client error '403 ' for url 'https://openapiproext.bnf.fr/iiif/presentation/v3/ark:/12148/bd6t51349096/manifest.json'
For more information check: https://developer.mozilla.org/en-US/docs/Web/HTTP/Status/403",2026-07-18T03:20:20.545830
petitmarocain,bd6t51349104,,failed,0,0,,http_manifest,known,403,manifest,"Client error '403 ' for url 'https://openapiproext.bnf.fr/iiif/presentation/v3/ark:/12148/bd6t51349104/manifest.json'
For more information check: https://developer.mozilla.org/en-US/docs/Web/HTTP/Status/403",2026-07-18T03:20:21.738550
petitmarocain,bd6t5134911h,,failed,0,0,,http_manifest,known,403,manifest,"Client error '403 ' for url 'https://openapiproext.bnf.fr/iiif/presentation/v3/ark:/12148/bd6t5134911h/manifest.json'
For more information check: https://developer.mozilla.org/en-US/docs/Web/HTTP/Status/403",2026-07-18T03:20:23.101454
petitmarocain,bd6t5134912w,,failed,0,0,,http_manifest,known,403,manifest,"Client error '403 ' for url 'https://openapiproext.bnf.fr/iiif/presentation/v3/ark:/12148/bd6t5134912w/manifest.json'
For more information check: https://developer.mozilla.org/en-US/docs/Web/HTTP/Status/403",2026-07-18T03:20:24.364692
petitmarocain,bd6t51349138,,failed,0,0,,http_manifest,known,403,manifest,"Client error '403 ' for url 'https://openapiproext.bnf.fr/iiif/presentation/v3/ark:/12148/bd6t51349138/manifest.json'
For more information check: https://developer.mozilla.org/en-US/docs/Web/HTTP/Status/403",2026-07-18T03:20:25.423469
petitmarocain,bd6t5134914n,,failed,0,0,,http_manifest,known,403,manifest,"Client error '403 ' for url 'https://openapiproext.bnf.fr/iiif/presentation/v3/ark:/12148/bd6t5134914n/manifest.json'
For more information check: https://developer.mozilla.org/en-US/docs/Web/HTTP/Status/403",2026-07-18T03:20:26.540990
petitmarocain,bd6t51349151,,failed,0,0,,http_manifest,known,403,manifest,"Client error '403 ' for url 'https://openapiproext.bnf.fr/iiif/presentation/v3/ark:/12148/bd6t51349151/manifest.json'
For more information check: https://developer.mozilla.org/en-US/docs/Web/HTTP/Status/403",2026-07-18T03:20:27.742866
petitmarocain,bd6t5134916d,,failed,0,0,,http_manifest,known,403,manifest,"Client error '403 ' for url 'https://openapiproext.bnf.fr/iiif/presentation/v3/ark:/12148/bd6t5134916d/manifest.json'
For more information check: https://developer.mozilla.org/en-US/docs/Web/HTTP/Status/403",2026-07-18T03:20:28.941839
petitmarocain,bd6t5134917s,,failed,0,0,,http_manifest,known,403,manifest,"Client error '403 ' for url 'https://openapiproext.bnf.fr/iiif/presentation/v3/ark:/12148/bd6t5134917s/manifest.json'
For more information check: https://developer.mozilla.org/en-US/docs/Web/HTTP/Status/403",2026-07-18T03:20:30.142049
petitmarocain,bd6t51349185,,failed,0,0,,http_manifest,known,403,manifest,"Client error '403 ' for url 'https://openapiproext.bnf.fr/iiif/presentation/v3/ark:/12148/bd6t51349185/manifest.json'
For more information check: https://developer.mozilla.org/en-US/docs/Web/HTTP/Status/403",2026-07-18T03:20:31.371605
petitmarocain,bd6t5134919j,,failed,0,0,,http_manifest,known,403,manifest,"Client error '403 ' for url 'https://openapiproext.bnf.fr/iiif/presentation/v3/ark:/12148/bd6t5134919j/manifest.json'
For more information check: https://developer.mozilla.org/en-US/docs/Web/HTTP/Status/403",2026-07-18T03:20:32.545371
petitmarocain,bd6t5134920g,,failed,0,0,,http_manifest,known,403,manifest,"Client error '403 ' for url 'https://openapiproext.bnf.fr/iiif/presentation/v3/ark:/12148/bd6t5134920g/manifest.json'
For more information check: https://developer.mozilla.org/en-US/docs/Web/HTTP/Status/403",2026-07-18T03:20:33.752756
petitmarocain,bd6t5134921v,,failed,0,0,,http_manifest,known,403,manifest,"Client error '403 ' for url 'https://openapiproext.bnf.fr/iiif/presentation/v3/ark:/12148/bd6t5134921v/manifest.json'
For more information check: https://developer.mozilla.org/en-US/docs/Web/HTTP/Status/403",2026-07-18T03:20:34.998396
petitmarocain,bd6t51349227,,failed,0,0,,http_manifest,known,403,manifest,"Client error '403 ' for url 'https://openapiproext.bnf.fr/iiif/presentation/v3/ark:/12148/bd6t51349227/manifest.json'
For more information check: https://developer.mozilla.org/en-US/docs/Web/HTTP/Status/403",2026-07-18T03:20:36.153778
petitmarocain,bd6t5134923m,,failed,0,0,,http_manifest,known,403,manifest,"Client error '403 ' for url 'https://openapiproext.bnf.fr/iiif/presentation/v3/ark:/12148/bd6t5134923m/manifest.json'
For more information check: https://developer.mozilla.org/en-US/docs/Web/HTTP/Status/403",2026-07-18T03:20:37.360842
petitmarocain,bd6t51349240,,failed,0,0,,http_manifest,known,403,manifest,"Client error '403 ' for url 'https://openapiproext.bnf.fr/iiif/presentation/v3/ark:/12148/bd6t51349240/manifest.json'
For more information check: https://developer.mozilla.org/en-US/docs/Web/HTTP/Status/403",2026-07-18T03:20:38.562967
petitmarocain,bd6t5134925c,,failed,0,0,,http_manifest,known,403,manifest,"Client error '403 ' for url 'https://openapiproext.bnf.fr/iiif/presentation/v3/ark:/12148/bd6t5134925c/manifest.json'
For more information check: https://developer.mozilla.org/en-US/docs/Web/HTTP/Status/403",2026-07-18T03:20:39.761549
petitmarocain,bd6t5134926r,,failed,0,0,,http_manifest,known,403,manifest,"Client error '403 ' for url 'https://openapiproext.bnf.fr/iiif/presentation/v3/ark:/12148/bd6t5134926r/manifest.json'
For more information check: https://developer.mozilla.org/en-US/docs/Web/HTTP/Status/403",2026-07-18T03:20:40.977475
petitmarocain,bd6t51349274,,failed,0,0,,http_manifest,known,403,manifest,"Client error '403 ' for url 'https://openapiproext.bnf.fr/iiif/presentation/v3/ark:/12148/bd6t51349274/manifest.json'
For more information check: https://developer.mozilla.org/en-US/docs/Web/HTTP/Status/403",2026-07-18T03:20:42.163956
petitmarocain,bd6t5134928h,,failed,0,0,,http_manifest,known,403,manifest,"Client error '403 ' for url 'https://openapiproext.bnf.fr/iiif/presentation/v3/ark:/12148/bd6t5134928h/manifest.json'
For more information check: https://developer.mozilla.org/en-US/docs/Web/HTTP/Status/403",2026-07-18T03:20:43.371060
petitmarocain,bd6t5134929w,,failed,0,0,,http_manifest,known,403,manifest,"Client error '403 ' for url 'https://openapiproext.bnf.fr/iiif/presentation/v3/ark:/12148/bd6t5134929w/manifest.json'
For more information check: https://developer.mozilla.org/en-US/docs/Web/HTTP/Status/403",2026-07-18T03:20:44.608952
petitmarocain,bd6t5134930t,,failed,0,0,,http_manifest,known,403,manifest,"Client error '403 ' for url 'https://openapiproext.bnf.fr/iiif/presentation/v3/ark:/12148/bd6t5134930t/manifest.json'
For more information check: https://developer.mozilla.org/en-US/docs/Web/HTTP/Status/403",2026-07-18T03:20:45.769616
petitmarocain,bd6t51349316,,failed,0,0,,http_manifest,known,403,manifest,"Client error '403 ' for url 'https://openapiproext.bnf.fr/iiif/presentation/v3/ark:/12148/bd6t51349316/manifest.json'
For more information check: https://developer.mozilla.org/en-US/docs/Web/HTTP/Status/403",2026-07-18T03:20:46.984345
petitmarocain,bd6t5134932k,,failed,0,0,,http_manifest,known,403,manifest,"Client error '403 ' for url 'https://openapiproext.bnf.fr/iiif/presentation/v3/ark:/12148/bd6t5134932k/manifest.json'
For more information check: https://developer.mozilla.org/en-US/docs/Web/HTTP/Status/403",2026-07-18T03:20:48.171980
petitmarocain,bd6t5134933z,,failed,0,0,,http_manifest,known,403,manifest,"Client error '403 ' for url 'https://openapiproext.bnf.fr/iiif/presentation/v3/ark:/12148/bd6t5134933z/manifest.json'
For more information check: https://developer.mozilla.org/en-US/docs/Web/HTTP/Status/403",2026-07-18T03:20:49.375334
petitmarocain,bd6t5134934b,,failed,0,0,,http_manifest,known,403,manifest,"Client error '403 ' for url 'https://openapiproext.bnf.fr/iiif/presentation/v3/ark:/12148/bd6t5134934b/manifest.json'
For more information check: https://developer.mozilla.org/en-US/docs/Web/HTTP/Status/403",2026-07-18T03:20:50.577169
petitmarocain,bd6t5134935q,,failed,0,0,,http_manifest,known,403,manifest,"Client error '403 ' for url 'https://openapiproext.bnf.fr/iiif/presentation/v3/ark:/12148/bd6t5134935q/manifest.json'
For more information check: https://developer.mozilla.org/en-US/docs/Web/HTTP/Status/403",2026-07-18T03:20:51.783401
petitmarocain,bd6t51349363,,failed,0,0,,http_manifest,known,403,manifest,"Client error '403 ' for url 'https://openapiproext.bnf.fr/iiif/presentation/v3/ark:/12148/bd6t51349363/manifest.json'
For more information check: https://developer.mozilla.org/en-US/docs/Web/HTTP/Status/403",2026-07-18T03:20:52.981848
petitmarocain,bd6t5134937g,,failed,0,0,,http_manifest,known,403,manifest,"Client error '403 ' for url 'https://openapiproext.bnf.fr/iiif/presentation/v3/ark:/12148/bd6t5134937g/manifest.json'
For more information check: https://developer.mozilla.org/en-US/docs/Web/HTTP/Status/403",2026-07-18T03:20:54.189244
petitmarocain,bd6t5134938v,,failed,0,0,,http_manifest,known,403,manifest,"Client error '403 ' for url 'https://openapiproext.bnf.fr/iiif/presentation/v3/ark:/12148/bd6t5134938v/manifest.json'
For more information check: https://developer.mozilla.org/en-US/docs/Web/HTTP/Status/403",2026-07-18T03:20:55.384217
petitmarocain,bd6t51349397,,failed,0,0,,http_manifest,known,403,manifest,"Client error '403 ' for url 'https://openapiproext.bnf.fr/iiif/presentation/v3/ark:/12148/bd6t51349397/manifest.json'
For more information check: https://developer.mozilla.org/en-US/docs/Web/HTTP/Status/403",2026-07-18T03:20:56.593868
petitmarocain,bd6t51349405,,failed,0,0,,http_manifest,known,403,manifest,"Client error '403 ' for url 'https://openapiproext.bnf.fr/iiif/presentation/v3/ark:/12148/bd6t51349405/manifest.json'
For more information check: https://developer.mozilla.org/en-US/docs/Web/HTTP/Status/403",2026-07-18T03:20:57.787985
petitmarocain,bd6t5134941j,,failed,0,0,,http_manifest,known,403,manifest,"Client error '403 ' for url 'https://openapiproext.bnf.fr/iiif/presentation/v3/ark:/12148/bd6t5134941j/manifest.json'
For more information check: https://developer.mozilla.org/en-US/docs/Web/HTTP/Status/403",2026-07-18T03:20:59.016364
petitmarocain,bd6t5134942x,,failed,0,0,,http_manifest,known,403,manifest,"Client error '403 ' for url 'https://openapiproext.bnf.fr/iiif/presentation/v3/ark:/12148/bd6t5134942x/manifest.json'
For more information check: https://developer.mozilla.org/en-US/docs/Web/HTTP/Status/403",2026-07-18T03:21:00.191885
petitmarocain,bd6t51349439,,failed,0,0,,http_manifest,known,403,manifest,"Client error '403 ' for url 'https://openapiproext.bnf.fr/iiif/presentation/v3/ark:/12148/bd6t51349439/manifest.json'
For more information check: https://developer.mozilla.org/en-US/docs/Web/HTTP/Status/403",2026-07-18T03:21:01.396131
petitmarocain,bd6t5134944p,,failed,0,0,,http_manifest,known,403,manifest,"Client error '403 ' for url 'https://openapiproext.bnf.fr/iiif/presentation/v3/ark:/12148/bd6t5134944p/manifest.json'
For more information check: https://developer.mozilla.org/en-US/docs/Web/HTTP/Status/403",2026-07-18T03:21:02.598035
petitmarocain,bd6t51349452,,failed,0,0,,http_manifest,known,403,manifest,"Client error '403 ' for url 'https://openapiproext.bnf.fr/iiif/presentation/v3/ark:/12148/bd6t51349452/manifest.json'
For more information check: https://developer.mozilla.org/en-US/docs/Web/HTTP/Status/403",2026-07-18T03:21:03.796903
petitmarocain,bd6t5134946f,,failed,0,0,,http_manifest,known,403,manifest,"Client error '403 ' for url 'https://openapiproext.bnf.fr/iiif/presentation/v3/ark:/12148/bd6t5134946f/manifest.json'
For more information check: https://developer.mozilla.org/en-US/docs/Web/HTTP/Status/403",2026-07-18T03:21:04.999975
petitmarocain,bd6t5134947t,,failed,0,0,,http_manifest,known,403,manifest,"Client error '403 ' for url 'https://openapiproext.bnf.fr/iiif/presentation/v3/ark:/12148/bd6t5134947t/manifest.json'
For more information check: https://developer.mozilla.org/en-US/docs/Web/HTTP/Status/403",2026-07-18T03:21:06.200873
petitmarocain,bd6t51349486,,failed,0,0,,http_manifest,known,403,manifest,"Client error '403 ' for url 'https://openapiproext.bnf.fr/iiif/presentation/v3/ark:/12148/bd6t51349486/manifest.json'
For more information check: https://developer.mozilla.org/en-US/docs/Web/HTTP/Status/403",2026-07-18T03:21:07.597383
petitmarocain,bd6t5134949k,,failed,0,0,,http_manifest,known,403,manifest,"Client error '403 ' for url 'https://openapiproext.bnf.fr/iiif/presentation/v3/ark:/12148/bd6t5134949k/manifest.json'
For more information check: https://developer.mozilla.org/en-US/docs/Web/HTTP/Status/403",2026-07-18T03:21:08.605026
petitmarocain,bd6t5134950h,,failed,0,0,,http_manifest,known,403,manifest,"Client error '403 ' for url 'https://openapiproext.bnf.fr/iiif/presentation/v3/ark:/12148/bd6t5134950h/manifest.json'
For more information check: https://developer.mozilla.org/en-US/docs/Web/HTTP/Status/403",2026-07-18T03:21:09.949591
petitmarocain,bd6t5134951w,,failed,0,0,,http_manifest,known,403,manifest,"Client error '403 ' for url 'https://openapiproext.bnf.fr/iiif/presentation/v3/ark:/12148/bd6t5134951w/manifest.json'
For more information check: https://developer.mozilla.org/en-US/docs/Web/HTTP/Status/403",2026-07-18T03:21:11.030463
petitmarocain,bd6t51349528,,failed,0,0,,http_manifest,known,403,manifest,"Client error '403 ' for url 'https://openapiproext.bnf.fr/iiif/presentation/v3/ark:/12148/bd6t51349528/manifest.json'
For more information check: https://developer.mozilla.org/en-US/docs/Web/HTTP/Status/403",2026-07-18T03:21:12.430388
petitmarocain,bd6t5134953n,,failed,0,0,,http_manifest,known,403,manifest,"Client error '403 ' for url 'https://openapiproext.bnf.fr/iiif/presentation/v3/ark:/12148/bd6t5134953n/manifest.json'
For more information check: https://developer.mozilla.org/en-US/docs/Web/HTTP/Status/403",2026-07-18T03:21:13.594692
petitmarocain,bd6t51349541,,failed,0,0,,http_manifest,known,403,manifest,"Client error '403 ' for url 'https://openapiproext.bnf.fr/iiif/presentation/v3/ark:/12148/bd6t51349541/manifest.json'
For more information check: https://developer.mozilla.org/en-US/docs/Web/HTTP/Status/403",2026-07-18T03:21:14.888110
petitmarocain,bd6t5134955d,,failed,0,0,,http_manifest,known,403,manifest,"Client error '403 ' for url 'https://openapiproext.bnf.fr/iiif/presentation/v3/ark:/12148/bd6t5134955d/manifest.json'
For more information check: https://developer.mozilla.org/en-US/docs/Web/HTTP/Status/403",2026-07-18T03:21:15.816088
petitmarocain,bd6t5134956s,,failed,0,0,,http_manifest,known,403,manifest,"Client error '403 ' for url 'https://openapiproext.bnf.fr/iiif/presentation/v3/ark:/12148/bd6t5134956s/manifest.json'
For more information check: https://developer.mozilla.org/en-US/docs/Web/HTTP/Status/403",2026-07-18T03:21:17.031677
petitmarocain,bd6t51349575,,failed,0,0,,http_manifest,known,403,manifest,"Client error '403 ' for url 'https://openapiproext.bnf.fr/iiif/presentation/v3/ark:/12148/bd6t51349575/manifest.json'
For more information check: https://developer.mozilla.org/en-US/docs/Web/HTTP/Status/403",2026-07-18T03:21:18.223922
petitmarocain,bd6t5134958j,,failed,0,0,,http_manifest,known,403,manifest,"Client error '403 ' for url 'https://openapiproext.bnf.fr/iiif/presentation/v3/ark:/12148/bd6t5134958j/manifest.json'
For more information check: https://developer.mozilla.org/en-US/docs/Web/HTTP/Status/403",2026-07-18T03:21:19.499032
petitmarocain,bd6t5134959x,,failed,0,0,,http_manifest,known,403,manifest,"Client error '403 ' for url 'https://openapiproext.bnf.fr/iiif/presentation/v3/ark:/12148/bd6t5134959x/manifest.json'
For more information check: https://developer.mozilla.org/en-US/docs/Web/HTTP/Status/403",2026-07-18T03:21:20.627256
petitmarocain,bd6t5134960v,,failed,0,0,,http_manifest,known,403,manifest,"Client error '403 ' for url 'https://openapiproext.bnf.fr/iiif/presentation/v3/ark:/12148/bd6t5134960v/manifest.json'
For more information check: https://developer.mozilla.org/en-US/docs/Web/HTTP/Status/403",2026-07-18T03:21:22.004879
petitmarocain,bd6t51349617,,failed,0,0,,http_manifest,known,403,manifest,"Client error '403 ' for url 'https://openapiproext.bnf.fr/iiif/presentation/v3/ark:/12148/bd6t51349617/manifest.json'
For more information check: https://developer.mozilla.org/en-US/docs/Web/HTTP/Status/403",2026-07-18T03:21:23.029228
petitmarocain,bd6t5134962m,,failed,0,0,,http_manifest,known,403,manifest,"Client error '403 ' for url 'https://openapiproext.bnf.fr/iiif/presentation/v3/ark:/12148/bd6t5134962m/manifest.json'
For more information check: https://developer.mozilla.org/en-US/docs/Web/HTTP/Status/403",2026-07-18T03:21:24.433919
petitmarocain,bd6t51349630,,failed,0,0,,http_manifest,known,403,manifest,"Client error '403 ' for url 'https://openapiproext.bnf.fr/iiif/presentation/v3/ark:/12148/bd6t51349630/manifest.json'
For more information check: https://developer.mozilla.org/en-US/docs/Web/HTTP/Status/403",2026-07-18T03:21:25.547778
petitmarocain,bd6t5134964c,,failed,0,0,,http_manifest,known,403,manifest,"Client error '403 ' for url 'https://openapiproext.bnf.fr/iiif/presentation/v3/ark:/12148/bd6t5134964c/manifest.json'
For more information check: https://developer.mozilla.org/en-US/docs/Web/HTTP/Status/403",2026-07-18T03:21:26.753393
petitmarocain,bd6t5134965r,,failed,0,0,,http_manifest,known,403,manifest,"Client error '403 ' for url 'https://openapiproext.bnf.fr/iiif/presentation/v3/ark:/12148/bd6t5134965r/manifest.json'
For more information check: https://developer.mozilla.org/en-US/docs/Web/HTTP/Status/403",2026-07-18T03:21:27.831186
petitmarocain,bd6t51349664,,failed,0,0,,http_manifest,known,403,manifest,"Client error '403 ' for url 'https://openapiproext.bnf.fr/iiif/presentation/v3/ark:/12148/bd6t51349664/manifest.json'
For more information check: https://developer.mozilla.org/en-US/docs/Web/HTTP/Status/403",2026-07-18T03:21:29.057237
petitmarocain,bd6t5134967h,,failed,0,0,,http_manifest,known,403,manifest,"Client error '403 ' for url 'https://openapiproext.bnf.fr/iiif/presentation/v3/ark:/12148/bd6t5134967h/manifest.json'
For more information check: https://developer.mozilla.org/en-US/docs/Web/HTTP/Status/403",2026-07-18T03:21:30.238205
petitmarocain,bd6t5134968w,,failed,0,0,,http_manifest,known,403,manifest,"Client error '403 ' for url 'https://openapiproext.bnf.fr/iiif/presentation/v3/ark:/12148/bd6t5134968w/manifest.json'
For more information check: https://developer.mozilla.org/en-US/docs/Web/HTTP/Status/403",2026-07-18T03:21:31.443069
petitmarocain,bd6t51349698,,failed,0,0,,http_manifest,known,403,manifest,"Client error '403 ' for url 'https://openapiproext.bnf.fr/iiif/presentation/v3/ark:/12148/bd6t51349698/manifest.json'
For more information check: https://developer.mozilla.org/en-US/docs/Web/HTTP/Status/403",2026-07-18T03:21:32.641098
petitmarocain,bd6t51349706,,failed,0,0,,http_manifest,known,403,manifest,"Client error '403 ' for url 'https://openapiproext.bnf.fr/iiif/presentation/v3/ark:/12148/bd6t51349706/manifest.json'
For more information check: https://developer.mozilla.org/en-US/docs/Web/HTTP/Status/403",2026-07-18T03:21:33.846343
petitmarocain,bd6t5134971k,,failed,0,0,,http_manifest,known,403,manifest,"Client error '403 ' for url 'https://openapiproext.bnf.fr/iiif/presentation/v3/ark:/12148/bd6t5134971k/manifest.json'
For more information check: https://developer.mozilla.org/en-US/docs/Web/HTTP/Status/403",2026-07-18T03:21:35.048967
petitmarocain,bd6t5134972z,,failed,0,0,,http_manifest,known,403,manifest,"Client error '403 ' for url 'https://openapiproext.bnf.fr/iiif/presentation/v3/ark:/12148/bd6t5134972z/manifest.json'
For more information check: https://developer.mozilla.org/en-US/docs/Web/HTTP/Status/403",2026-07-18T03:21:36.244847
petitmarocain,bd6t5134973b,,failed,0,0,,http_manifest,known,403,manifest,"Client error '403 ' for url 'https://openapiproext.bnf.fr/iiif/presentation/v3/ark:/12148/bd6t5134973b/manifest.json'
For more information check: https://developer.mozilla.org/en-US/docs/Web/HTTP/Status/403",2026-07-18T03:21:37.451466
petitmarocain,bd6t5134974q,,failed,0,0,,http_manifest,known,403,manifest,"Client error '403 ' for url 'https://openapiproext.bnf.fr/iiif/presentation/v3/ark:/12148/bd6t5134974q/manifest.json'
For more information check: https://developer.mozilla.org/en-US/docs/Web/HTTP/Status/403",2026-07-18T03:21:38.649747
petitmarocain,bd6t51349753,,failed,0,0,,http_manifest,known,403,manifest,"Client error '403 ' for url 'https://openapiproext.bnf.fr/iiif/presentation/v3/ark:/12148/bd6t51349753/manifest.json'
For more information check: https://developer.mozilla.org/en-US/docs/Web/HTTP/Status/403",2026-07-18T03:21:39.870586
petitmarocain,bd6t5134976g,,failed,0,0,,http_manifest,known,403,manifest,"Client error '403 ' for url 'https://openapiproext.bnf.fr/iiif/presentation/v3/ark:/12148/bd6t5134976g/manifest.json'
For more information check: https://developer.mozilla.org/en-US/docs/Web/HTTP/Status/403",2026-07-18T03:21:41.079646
petitmarocain,bd6t5134977v,,failed,0,0,,http_manifest,known,403,manifest,"Client error '403 ' for url 'https://openapiproext.bnf.fr/iiif/presentation/v3/ark:/12148/bd6t5134977v/manifest.json'
For more information check: https://developer.mozilla.org/en-US/docs/Web/HTTP/Status/403",2026-07-18T03:21:42.255447
petitmarocain,bd6t51349787,,failed,0,0,,http_manifest,known,403,manifest,"Client error '403 ' for url 'https://openapiproext.bnf.fr/iiif/presentation/v3/ark:/12148/bd6t51349787/manifest.json'
For more information check: https://developer.mozilla.org/en-US/docs/Web/HTTP/Status/403",2026-07-18T03:21:43.460142
petitmarocain,bd6t5134979m,,failed,0,0,,http_manifest,known,403,manifest,"Client error '403 ' for url 'https://openapiproext.bnf.fr/iiif/presentation/v3/ark:/12148/bd6t5134979m/manifest.json'
For more information check: https://developer.mozilla.org/en-US/docs/Web/HTTP/Status/403",2026-07-18T03:21:44.656913
petitmarocain,bd6t5134980j,,failed,0,0,,http_manifest,known,403,manifest,"Client error '403 ' for url 'https://openapiproext.bnf.fr/iiif/presentation/v3/ark:/12148/bd6t5134980j/manifest.json'
For more information check: https://developer.mozilla.org/en-US/docs/Web/HTTP/Status/403",2026-07-18T03:21:45.863073
petitmarocain,bd6t5134981x,,failed,0,0,,http_manifest,known,403,manifest,"Client error '403 ' for url 'https://openapiproext.bnf.fr/iiif/presentation/v3/ark:/12148/bd6t5134981x/manifest.json'
For more information check: https://developer.mozilla.org/en-US/docs/Web/HTTP/Status/403",2026-07-18T03:21:47.082850
petitmarocain,bd6t51349829,,failed,0,0,,http_manifest,known,403,manifest,"Client error '403 ' for url 'https://openapiproext.bnf.fr/iiif/presentation/v3/ark:/12148/bd6t51349829/manifest.json'
For more information check: https://developer.mozilla.org/en-US/docs/Web/HTTP/Status/403",2026-07-18T03:21:48.262621
petitmarocain,bd6t5134983p,,failed,0,0,,http_manifest,known,403,manifest,"Client error '403 ' for url 'https://openapiproext.bnf.fr/iiif/presentation/v3/ark:/12148/bd6t5134983p/manifest.json'
For more information check: https://developer.mozilla.org/en-US/docs/Web/HTTP/Status/403",2026-07-18T03:21:49.464687
petitmarocain,bd6t51349842,,failed,0,0,,http_manifest,known,403,manifest,"Client error '403 ' for url 'https://openapiproext.bnf.fr/iiif/presentation/v3/ark:/12148/bd6t51349842/manifest.json'
For more information check: https://developer.mozilla.org/en-US/docs/Web/HTTP/Status/403",2026-07-18T03:21:50.667596
petitmarocain,bd6t5134985f,,failed,0,0,,http_manifest,known,403,manifest,"Client error '403 ' for url 'https://openapiproext.bnf.fr/iiif/presentation/v3/ark:/12148/bd6t5134985f/manifest.json'
For more information check: https://developer.mozilla.org/en-US/docs/Web/HTTP/Status/403",2026-07-18T03:21:51.869997
petitmarocain,bd6t5134986t,,failed,0,0,,http_manifest,known,403,manifest,"Client error '403 ' for url 'https://openapiproext.bnf.fr/iiif/presentation/v3/ark:/12148/bd6t5134986t/manifest.json'
For more information check: https://developer.mozilla.org/en-US/docs/Web/HTTP/Status/403",2026-07-18T03:21:53.074273
petitmarocain,bd6t51349876,,failed,0,0,,http_manifest,known,403,manifest,"Client error '403 ' for url 'https://openapiproext.bnf.fr/iiif/presentation/v3/ark:/12148/bd6t51349876/manifest.json'
For more information check: https://developer.mozilla.org/en-US/docs/Web/HTTP/Status/403",2026-07-18T03:21:54.274566
petitmarocain,bd6t5134988k,,failed,0,0,,http_manifest,known,403,manifest,"Client error '403 ' for url 'https://openapiproext.bnf.fr/iiif/presentation/v3/ark:/12148/bd6t5134988k/manifest.json'
For more information check: https://developer.mozilla.org/en-US/docs/Web/HTTP/Status/403",2026-07-18T03:21:55.482194
petitmarocain,bd6t5135699n,,failed,0,0,,http_manifest,known,403,manifest,"Client error '403 ' for url 'https://openapiproext.bnf.fr/iiif/presentation/v3/ark:/12148/bd6t5135699n/manifest.json'
For more information check: https://developer.mozilla.org/en-US/docs/Web/HTTP/Status/403",2026-07-18T03:21:56.679062
petitmarocain,bd6t5135700f,,failed,0,0,,http_manifest,known,403,manifest,"Client error '403 ' for url 'https://openapiproext.bnf.fr/iiif/presentation/v3/ark:/12148/bd6t5135700f/manifest.json'
For more information check: https://developer.mozilla.org/en-US/docs/Web/HTTP/Status/403",2026-07-18T03:21:57.882458
petitmarocain,bd6t5135701t,,failed,0,0,,http_manifest,known,403,manifest,"Client error '403 ' for url 'https://openapiproext.bnf.fr/iiif/presentation/v3/ark:/12148/bd6t5135701t/manifest.json'
For more information check: https://developer.mozilla.org/en-US/docs/Web/HTTP/Status/403",2026-07-18T03:21:59.107487
petitmarocain,bd6t51357026,,failed,0,0,,http_manifest,known,403,manifest,"Client error '403 ' for url 'https://openapiproext.bnf.fr/iiif/presentation/v3/ark:/12148/bd6t51357026/manifest.json'
For more information check: https://developer.mozilla.org/en-US/docs/Web/HTTP/Status/403",2026-07-18T03:22:00.283804
petitmarocain,bd6t5135703k,,failed,0,0,,http_manifest,known,403,manifest,"Client error '403 ' for url 'https://openapiproext.bnf.fr/iiif/presentation/v3/ark:/12148/bd6t5135703k/manifest.json'
For more information check: https://developer.mozilla.org/en-US/docs/Web/HTTP/Status/403",2026-07-18T03:22:01.487926
petitmarocain,bd6t5135704z,,failed,0,0,,http_manifest,known,403,manifest,"Client error '403 ' for url 'https://openapiproext.bnf.fr/iiif/presentation/v3/ark:/12148/bd6t5135704z/manifest.json'
For more information check: https://developer.mozilla.org/en-US/docs/Web/HTTP/Status/403",2026-07-18T03:22:02.688340
petitmarocain,bd6t5135705b,,failed,0,0,,http_manifest,known,403,manifest,"Client error '403 ' for url 'https://openapiproext.bnf.fr/iiif/presentation/v3/ark:/12148/bd6t5135705b/manifest.json'
For more information check: https://developer.mozilla.org/en-US/docs/Web/HTTP/Status/403",2026-07-18T03:22:03.898141
petitmarocain,bd6t5135706q,,failed,0,0,,http_manifest,known,403,manifest,"Client error '403 ' for url 'https://openapiproext.bnf.fr/iiif/presentation/v3/ark:/12148/bd6t5135706q/manifest.json'
For more information check: https://developer.mozilla.org/en-US/docs/Web/HTTP/Status/403",2026-07-18T03:22:05.089617
petitmarocain,bd6t51357073,,failed,0,0,,http_manifest,known,403,manifest,"Client error '403 ' for url 'https://openapiproext.bnf.fr/iiif/presentation/v3/ark:/12148/bd6t51357073/manifest.json'
For more information check: https://developer.mozilla.org/en-US/docs/Web/HTTP/Status/403",2026-07-18T03:22:06.700493
petitmarocain,bd6t5135708g,,failed,0,0,,http_manifest,known,403,manifest,"Client error '403 ' for url 'https://openapiproext.bnf.fr/iiif/presentation/v3/ark:/12148/bd6t5135708g/manifest.json'
For more information check: https://developer.mozilla.org/en-US/docs/Web/HTTP/Status/403",2026-07-18T03:22:07.496141
petitmarocain,bd6t5135709v,,failed,0,0,,http_manifest,known,403,manifest,"Client error '403 ' for url 'https://openapiproext.bnf.fr/iiif/presentation/v3/ark:/12148/bd6t5135709v/manifest.json'
For more information check: https://developer.mozilla.org/en-US/docs/Web/HTTP/Status/403",2026-07-18T03:22:08.698867
petitmarocain,bd6t5135710s,,failed,0,0,,http_manifest,known,403,manifest,"Client error '403 ' for url 'https://openapiproext.bnf.fr/iiif/presentation/v3/ark:/12148/bd6t5135710s/manifest.json'
For more information check: https://developer.mozilla.org/en-US/docs/Web/HTTP/Status/403",2026-07-18T03:22:10.050016
petitmarocain,bd6t51357115,,failed,0,0,,http_manifest,known,403,manifest,"Client error '403 ' for url 'https://openapiproext.bnf.fr/iiif/presentation/v3/ark:/12148/bd6t51357115/manifest.json'
For more information check: https://developer.mozilla.org/en-US/docs/Web/HTTP/Status/403",2026-07-18T03:22:11.113028
petitmarocain,bd6t5135712j,,failed,0,0,,http_manifest,known,403,manifest,"Client error '403 ' for url 'https://openapiproext.bnf.fr/iiif/presentation/v3/ark:/12148/bd6t5135712j/manifest.json'
For more information check: https://developer.mozilla.org/en-US/docs/Web/HTTP/Status/403",2026-07-18T03:22:12.429338
petitmarocain,bd6t5135713x,,failed,0,0,,http_manifest,known,403,manifest,"Client error '403 ' for url 'https://openapiproext.bnf.fr/iiif/presentation/v3/ark:/12148/bd6t5135713x/manifest.json'
For more information check: https://developer.mozilla.org/en-US/docs/Web/HTTP/Status/403",2026-07-18T03:22:13.695817
petitmarocain,bd6t51357149,,failed,0,0,,http_manifest,known,403,manifest,"Client error '403 ' for url 'https://openapiproext.bnf.fr/iiif/presentation/v3/ark:/12148/bd6t51357149/manifest.json'
For more information check: https://developer.mozilla.org/en-US/docs/Web/HTTP/Status/403",2026-07-18T03:22:14.716633
petitmarocain,bd6t5135715p,,failed,0,0,,http_manifest,known,403,manifest,"Client error '403 ' for url 'https://openapiproext.bnf.fr/iiif/presentation/v3/ark:/12148/bd6t5135715p/manifest.json'
For more information check: https://developer.mozilla.org/en-US/docs/Web/HTTP/Status/403",2026-07-18T03:22:15.915600
petitmarocain,bd6t51357162,,failed,0,0,,http_manifest,known,403,manifest,"Client error '403 ' for url 'https://openapiproext.bnf.fr/iiif/presentation/v3/ark:/12148/bd6t51357162/manifest.json'
For more information check: https://developer.mozilla.org/en-US/docs/Web/HTTP/Status/403",2026-07-18T03:22:17.171634
petitmarocain,bd6t5135717f,,failed,0,0,,http_manifest,known,403,manifest,"Client error '403 ' for url 'https://openapiproext.bnf.fr/iiif/presentation/v3/ark:/12148/bd6t5135717f/manifest.json'
For more information check: https://developer.mozilla.org/en-US/docs/Web/HTTP/Status/403",2026-07-18T03:22:18.357735
petitmarocain,bd6t5135718t,,failed,0,0,,http_manifest,known,403,manifest,"Client error '403 ' for url 'https://openapiproext.bnf.fr/iiif/presentation/v3/ark:/12148/bd6t5135718t/manifest.json'
For more information check: https://developer.mozilla.org/en-US/docs/Web/HTTP/Status/403",2026-07-18T03:22:19.779827
petitmarocain,bd6t51357196,,failed,0,0,,http_manifest,known,403,manifest,"Client error '403 ' for url 'https://openapiproext.bnf.fr/iiif/presentation/v3/ark:/12148/bd6t51357196/manifest.json'
For more information check: https://developer.mozilla.org/en-US/docs/Web/HTTP/Status/403",2026-07-18T03:22:20.716085
petitmarocain,bd6t51357204,,failed,0,0,,http_manifest,known,403,manifest,"Client error '403 ' for url 'https://openapiproext.bnf.fr/iiif/presentation/v3/ark:/12148/bd6t51357204/manifest.json'
For more information check: https://developer.mozilla.org/en-US/docs/Web/HTTP/Status/403",2026-07-18T03:22:22.021005
petitmarocain,bd6t5135721h,,failed,0,0,,http_manifest,known,403,manifest,"Client error '403 ' for url 'https://openapiproext.bnf.fr/iiif/presentation/v3/ark:/12148/bd6t5135721h/manifest.json'
For more information check: https://developer.mozilla.org/en-US/docs/Web/HTTP/Status/403",2026-07-18T03:22:23.232537
petitmarocain,bd6t5135722w,,failed,0,0,,http_manifest,known,403,manifest,"Client error '403 ' for url 'https://openapiproext.bnf.fr/iiif/presentation/v3/ark:/12148/bd6t5135722w/manifest.json'
For more information check: https://developer.mozilla.org/en-US/docs/Web/HTTP/Status/403",2026-07-18T03:22:24.539952
petitmarocain,bd6t51357238,,failed,0,0,,http_manifest,known,403,manifest,"Client error '403 ' for url 'https://openapiproext.bnf.fr/iiif/presentation/v3/ark:/12148/bd6t51357238/manifest.json'
For more information check: https://developer.mozilla.org/en-US/docs/Web/HTTP/Status/403",2026-07-18T03:22:25.528629
petitmarocain,bd6t5135724n,,failed,0,0,,http_manifest,known,403,manifest,"Client error '403 ' for url 'https://openapiproext.bnf.fr/iiif/presentation/v3/ark:/12148/bd6t5135724n/manifest.json'
For more information check: https://developer.mozilla.org/en-US/docs/Web/HTTP/Status/403",2026-07-18T03:22:26.725247
petitmarocain,bd6t51357251,,failed,0,0,,http_manifest,known,403,manifest,"Client error '403 ' for url 'https://openapiproext.bnf.fr/iiif/presentation/v3/ark:/12148/bd6t51357251/manifest.json'
For more information check: https://developer.mozilla.org/en-US/docs/Web/HTTP/Status/403",2026-07-18T03:22:27.928228
petitmarocain,bd6t5135726d,,failed,0,0,,http_manifest,known,403,manifest,"Client error '403 ' for url 'https://openapiproext.bnf.fr/iiif/presentation/v3/ark:/12148/bd6t5135726d/manifest.json'
For more information check: https://developer.mozilla.org/en-US/docs/Web/HTTP/Status/403",2026-07-18T03:22:29.153510
petitmarocain,bd6t5135727s,,failed,0,0,,http_manifest,known,403,manifest,"Client error '403 ' for url 'https://openapiproext.bnf.fr/iiif/presentation/v3/ark:/12148/bd6t5135727s/manifest.json'
For more information check: https://developer.mozilla.org/en-US/docs/Web/HTTP/Status/403",2026-07-18T03:22:30.330608
petitmarocain,bd6t51357285,,failed,0,0,,http_manifest,known,403,manifest,"Client error '403 ' for url 'https://openapiproext.bnf.fr/iiif/presentation/v3/ark:/12148/bd6t51357285/manifest.json'
For more information check: https://developer.mozilla.org/en-US/docs/Web/HTTP/Status/403",2026-07-18T03:22:31.537639
petitmarocain,bd6t5135729j,,failed,0,0,,http_manifest,known,403,manifest,"Client error '403 ' for url 'https://openapiproext.bnf.fr/iiif/presentation/v3/ark:/12148/bd6t5135729j/manifest.json'
For more information check: https://developer.mozilla.org/en-US/docs/Web/HTTP/Status/403",2026-07-18T03:22:32.741900
letemps,bpt6k220914h,,failed,0,0,,no_usable_pages,known,,,bpt6k220914h: no usable pages in manifest.,2026-07-18T07:59:44.168385
letemps,bpt6k221893v,,failed,0,0,,no_usable_pages,known,,,bpt6k221893v: no usable pages in manifest.,2026-07-18T08:19:20.622415
letemps,bpt6k221898r,,failed,0,0,,no_usable_pages,known,,,bpt6k221898r: no usable pages in manifest.,2026-07-18T08:19:26.129447
letemps,bpt6k2219901,,failed,0,0,,no_usable_pages,known,,,bpt6k2219901: no usable pages in manifest.,2026-07-18T08:21:16.788202
letemps,bpt6k221991d,,failed,0,0,,no_usable_pages,known,,,bpt6k221991d: no usable pages in manifest.,2026-07-18T08:21:18.596267
letemps,bpt6k221992s,,failed,0,0,,no_usable_pages,known,,,bpt6k221992s: no usable pages in manifest.,2026-07-18T08:21:19.283994
letemps,bpt6k222057s,,failed,0,0,,no_usable_pages,known,,,bpt6k222057s: no usable pages in manifest.,2026-07-18T08:22:37.239720
letemps,bpt6k222059j,,failed,0,0,,no_usable_pages,known,,,bpt6k222059j: no usable pages in manifest.,2026-07-18T08:22:39.633474
letemps,bpt6k222060g,,failed,0,0,,no_usable_pages,known,,,bpt6k222060g: no usable pages in manifest.,2026-07-18T08:22:40.850468
letemps,bpt6k222063m,,failed,0,0,,no_usable_pages,known,,,bpt6k222063m: no usable pages in manifest.,2026-07-18T08:22:44.577194
letemps,bpt6k222065c,,failed,0,0,,no_usable_pages,known,,,bpt6k222065c: no usable pages in manifest.,2026-07-18T08:22:46.863625
letemps,bpt6k222070t,,failed,0,0,,no_usable_pages,known,,,bpt6k222070t: no usable pages in manifest.,2026-07-18T08:22:52.798638
letemps,bpt6k2220716,,failed,0,0,,no_usable_pages,known,,,bpt6k2220716: no usable pages in manifest.,2026-07-18T08:22:54.113931
letemps,bpt6k222072k,,failed,0,0,,no_usable_pages,known,,,bpt6k222072k: no usable pages in manifest.,2026-07-18T08:22:55.293009
letemps,bpt6k222074b,,failed,0,0,,no_usable_pages,known,,,bpt6k222074b: no usable pages in manifest.,2026-07-18T08:22:57.621265
letemps,bpt6k222075q,,failed,0,0,,no_usable_pages,known,,,bpt6k222075q: no usable pages in manifest.,2026-07-18T08:22:58.868756
letemps,bpt6k2220763,,failed,0,0,,no_usable_pages,known,,,bpt6k2220763: no usable pages in manifest.,2026-07-18T08:23:00.036122
letemps,bpt6k222077g,,failed,0,0,,no_usable_pages,known,,,bpt6k222077g: no usable pages in manifest.,2026-07-18T08:23:01.336903
letemps,bpt6k222078v,,failed,0,0,,no_usable_pages,known,,,bpt6k222078v: no usable pages in manifest.,2026-07-18T08:23:02.420670
letemps,bpt6k2220797,,failed,0,0,,no_usable_pages,known,,,bpt6k2220797: no usable pages in manifest.,2026-07-18T08:23:03.545124
letemps,bpt6k2220805,,failed,0,0,,no_usable_pages,known,,,bpt6k2220805: no usable pages in manifest.,2026-07-18T08:23:04.873680
letemps,bpt6k222081j,,failed,0,0,,no_usable_pages,known,,,bpt6k222081j: no usable pages in manifest.,2026-07-18T08:23:06.080696
letemps,bpt6k222082x,,failed,0,0,,no_usable_pages,known,,,bpt6k222082x: no usable pages in manifest.,2026-07-18T08:23:07.328710
letemps,bpt6k2220839,,failed,0,0,,no_usable_pages,known,,,bpt6k2220839: no usable pages in manifest.,2026-07-18T08:23:08.529412
letemps,bpt6k222084p,,failed,0,0,,no_usable_pages,known,,,bpt6k222084p: no usable pages in manifest.,2026-07-18T08:23:09.833767
letemps,bpt6k222086f,,failed,0,0,,no_usable_pages,known,,,bpt6k222086f: no usable pages in manifest.,2026-07-18T08:23:12.006427
letemps,bpt6k222087t,,failed,0,0,,no_usable_pages,known,,,bpt6k222087t: no usable pages in manifest.,2026-07-18T08:23:13.250846
letemps,bpt6k2220886,,failed,0,0,,no_usable_pages,known,,,bpt6k2220886: no usable pages in manifest.,2026-07-18T08:23:14.485059
letemps,bpt6k222089k,,failed,0,0,,no_usable_pages,known,,,bpt6k222089k: no usable pages in manifest.,2026-07-18T08:23:15.732317
letemps,bpt6k222090h,,failed,0,0,,no_usable_pages,known,,,bpt6k222090h: no usable pages in manifest.,2026-07-18T08:23:16.906008
letemps,bpt6k222091w,,failed,0,0,,no_usable_pages,known,,,bpt6k222091w: no usable pages in manifest.,2026-07-18T08:23:18.197120
letemps,bpt6k2220928,,failed,0,0,,no_usable_pages,known,,,bpt6k2220928: no usable pages in manifest.,2026-07-18T08:23:19.421092
letemps,bpt6k222093n,,failed,0,0,,no_usable_pages,known,,,bpt6k222093n: no usable pages in manifest.,2026-07-18T08:23:20.856161
letemps,bpt6k2220941,,failed,0,0,,no_usable_pages,known,,,bpt6k2220941: no usable pages in manifest.,2026-07-18T08:23:21.704256
letemps,bpt6k222095d,,failed,0,0,,no_usable_pages,known,,,bpt6k222095d: no usable pages in manifest.,2026-07-18T08:23:22.969251
letemps,bpt6k222096s,,failed,0,0,,no_usable_pages,known,,,bpt6k222096s: no usable pages in manifest.,2026-07-18T08:23:24.454205
letemps,bpt6k2220975,,failed,0,0,,no_usable_pages,known,,,bpt6k2220975: no usable pages in manifest.,2026-07-18T08:23:25.455084
letemps,bpt6k222099x,,failed,0,0,,no_usable_pages,known,,,bpt6k222099x: no usable pages in manifest.,2026-07-18T08:23:27.702720
letemps,bpt6k222100q,,failed,0,0,,no_usable_pages,known,,,bpt6k222100q: no usable pages in manifest.,2026-07-18T08:23:28.968213
letemps,bpt6k2221013,,failed,0,0,,no_usable_pages,known,,,bpt6k2221013: no usable pages in manifest.,2026-07-18T08:23:29.986392
letemps,bpt6k222102g,,failed,0,0,,no_usable_pages,known,,,bpt6k222102g: no usable pages in manifest.,2026-07-18T08:23:31.200114
letemps,bpt6k222103v,,failed,0,0,,no_usable_pages,known,,,bpt6k222103v: no usable pages in manifest.,2026-07-18T08:23:32.452607
letemps,bpt6k2221047,,failed,0,0,,no_usable_pages,known,,,bpt6k2221047: no usable pages in manifest.,2026-07-18T08:23:33.738432
letemps,bpt6k222105m,,failed,0,0,,no_usable_pages,known,,,bpt6k222105m: no usable pages in manifest.,2026-07-18T08:23:34.911661
letemps,bpt6k2221060,,failed,0,0,,no_usable_pages,known,,,bpt6k2221060: no usable pages in manifest.,2026-07-18T08:23:36.146294
letemps,bpt6k222107c,,failed,0,0,,no_usable_pages,known,,,bpt6k222107c: no usable pages in manifest.,2026-07-18T08:23:37.419812
letemps,bpt6k222108r,,failed,0,0,,no_usable_pages,known,,,bpt6k222108r: no usable pages in manifest.,2026-07-18T08:23:38.640305
letemps,bpt6k2221094,,failed,0,0,,no_usable_pages,known,,,bpt6k2221094: no usable pages in manifest.,2026-07-18T08:23:39.619235
letemps,bpt6k2221102,,failed,0,0,,no_usable_pages,known,,,bpt6k2221102: no usable pages in manifest.,2026-07-18T08:23:40.844735
letemps,bpt6k222111f,,failed,0,0,,no_usable_pages,known,,,bpt6k222111f: no usable pages in manifest.,2026-07-18T08:23:42.105838
letemps,bpt6k222112t,,failed,0,0,,no_usable_pages,known,,,bpt6k222112t: no usable pages in manifest.,2026-07-18T08:23:43.255171
letemps,bpt6k2221136,,failed,0,0,,no_usable_pages,known,,,bpt6k2221136: no usable pages in manifest.,2026-07-18T08:23:44.418386
letemps,bpt6k222114k,,failed,0,0,,no_usable_pages,known,,,bpt6k222114k: no usable pages in manifest.,2026-07-18T08:23:45.729943
letemps,bpt6k222115z,,failed,0,0,,no_usable_pages,known,,,bpt6k222115z: no usable pages in manifest.,2026-07-18T08:23:46.929607
letemps,bpt6k222116b,,failed,0,0,,no_usable_pages,known,,,bpt6k222116b: no usable pages in manifest.,2026-07-18T08:23:48.189822
letemps,bpt6k222117q,,failed,0,0,,no_usable_pages,known,,,bpt6k222117q: no usable pages in manifest.,2026-07-18T08:23:49.217439
letemps,bpt6k222227c,,failed,0,0,,no_usable_pages,known,,,bpt6k222227c: no usable pages in manifest.,2026-07-18T08:26:01.890813
letemps,bpt6k222228r,,failed,0,0,,no_usable_pages,known,,,bpt6k222228r: no usable pages in manifest.,2026-07-18T08:26:02.984886
letemps,bpt6k2222302,,failed,0,0,,no_usable_pages,known,,,bpt6k2222302: no usable pages in manifest.,2026-07-18T08:26:05.385178
letemps,bpt6k222231f,,failed,0,0,,no_usable_pages,known,,,bpt6k222231f: no usable pages in manifest.,2026-07-18T08:26:06.792702
letemps,bpt6k222232t,,failed,0,0,,no_usable_pages,known,,,bpt6k222232t: no usable pages in manifest.,2026-07-18T08:26:07.927728
letemps,bpt6k2222336,,failed,0,0,,no_usable_pages,known,,,bpt6k2222336: no usable pages in manifest.,2026-07-18T08:26:09.125250
letemps,bpt6k222234k,,failed,0,0,,no_usable_pages,known,,,bpt6k222234k: no usable pages in manifest.,2026-07-18T08:26:10.218493
letemps,bpt6k222235z,,failed,0,0,,no_usable_pages,known,,,bpt6k222235z: no usable pages in manifest.,2026-07-18T08:26:11.491095
letemps,bpt6k222236b,,failed,0,0,,no_usable_pages,known,,,bpt6k222236b: no usable pages in manifest.,2026-07-18T08:26:13.080620
letemps,bpt6k2222383,,failed,0,0,,no_usable_pages,known,,,bpt6k2222383: no usable pages in manifest.,2026-07-18T08:26:15.117512
letemps,bpt6k222239g,,failed,0,0,,no_usable_pages,known,,,bpt6k222239g: no usable pages in manifest.,2026-07-18T08:26:16.196851
letemps,bpt6k222240d,,failed,0,0,,no_usable_pages,known,,,bpt6k222240d: no usable pages in manifest.,2026-07-18T08:26:17.526827
letemps,bpt6k222241s,,failed,0,0,,no_usable_pages,known,,,bpt6k222241s: no usable pages in manifest.,2026-07-18T08:26:18.767900
letemps,bpt6k2222425,,failed,0,0,,no_usable_pages,known,,,bpt6k2222425: no usable pages in manifest.,2026-07-18T08:26:19.893603
letemps,bpt6k222244x,,failed,0,0,,no_usable_pages,known,,,bpt6k222244x: no usable pages in manifest.,2026-07-18T08:26:22.231462
letemps,bpt6k2222459,,failed,0,0,,no_usable_pages,known,,,bpt6k2222459: no usable pages in manifest.,2026-07-18T08:26:23.497261
letemps,bpt6k222246p,,failed,0,0,,no_usable_pages,known,,,bpt6k222246p: no usable pages in manifest.,2026-07-18T08:26:24.699157
letemps,bpt6k2222472,,failed,0,0,,no_usable_pages,known,,,bpt6k2222472: no usable pages in manifest.,2026-07-18T08:26:26.055753
letemps,bpt6k222248f,,failed,0,0,,no_usable_pages,known,,,bpt6k222248f: no usable pages in manifest.,2026-07-18T08:26:27.070830
letemps,bpt6k222249t,,failed,0,0,,no_usable_pages,known,,,bpt6k222249t: no usable pages in manifest.,2026-07-18T08:26:28.338897
letemps,bpt6k222250r,,failed,0,0,,no_usable_pages,known,,,bpt6k222250r: no usable pages in manifest.,2026-07-18T08:26:29.535064
letemps,bpt6k2222514,,failed,0,0,,no_usable_pages,known,,,bpt6k2222514: no usable pages in manifest.,2026-07-18T08:26:30.657750
letemps,bpt6k222252h,,failed,0,0,,no_usable_pages,known,,,bpt6k222252h: no usable pages in manifest.,2026-07-18T08:26:31.837744
letemps,bpt6k222253w,,failed,0,0,,no_usable_pages,known,,,bpt6k222253w: no usable pages in manifest.,2026-07-18T08:26:33.077481
letemps,bpt6k2222548,,failed,0,0,,no_usable_pages,known,,,bpt6k2222548: no usable pages in manifest.,2026-07-18T08:26:34.250929
letemps,bpt6k2222561,,failed,0,0,,no_usable_pages,known,,,bpt6k2222561: no usable pages in manifest.,2026-07-18T08:26:36.677824
letemps,bpt6k222257d,,failed,0,0,,no_usable_pages,known,,,bpt6k222257d: no usable pages in manifest.,2026-07-18T08:26:37.934596
letemps,bpt6k222258s,,failed,0,0,,no_usable_pages,known,,,bpt6k222258s: no usable pages in manifest.,2026-07-18T08:26:38.990743
letemps,bpt6k2222595,,failed,0,0,,no_usable_pages,known,,,bpt6k2222595: no usable pages in manifest.,2026-07-18T08:26:40.276687
letemps,bpt6k2222603,,failed,0,0,,no_usable_pages,known,,,bpt6k2222603: no usable pages in manifest.,2026-07-18T08:26:41.463519
letemps,bpt6k222261g,,failed,0,0,,no_usable_pages,known,,,bpt6k222261g: no usable pages in manifest.,2026-07-18T08:26:42.620969
letemps,bpt6k222262v,,failed,0,0,,no_usable_pages,known,,,bpt6k222262v: no usable pages in manifest.,2026-07-18T08:26:43.908454
letemps,bpt6k2222637,,failed,0,0,,no_usable_pages,known,,,bpt6k2222637: no usable pages in manifest.,2026-07-18T08:26:45.041052
letemps,bpt6k222264m,,failed,0,0,,no_usable_pages,known,,,bpt6k222264m: no usable pages in manifest.,2026-07-18T08:26:46.418174
letemps,bpt6k2222650,,failed,0,0,,no_usable_pages,known,,,bpt6k2222650: no usable pages in manifest.,2026-07-18T08:26:47.500359
letemps,bpt6k222266c,,failed,0,0,,no_usable_pages,known,,,bpt6k222266c: no usable pages in manifest.,2026-07-18T08:26:48.642086
letemps,bpt6k222267r,,failed,0,0,,no_usable_pages,known,,,bpt6k222267r: no usable pages in manifest.,2026-07-18T08:26:49.848556
letemps,bpt6k2222684,,failed,0,0,,no_usable_pages,known,,,bpt6k2222684: no usable pages in manifest.,2026-07-18T08:26:51.105336
letemps,bpt6k222269h,,failed,0,0,,no_usable_pages,known,,,bpt6k222269h: no usable pages in manifest.,2026-07-18T08:26:52.262718
letemps,bpt6k222270f,,failed,0,0,,no_usable_pages,known,,,bpt6k222270f: no usable pages in manifest.,2026-07-18T08:26:53.501674
letemps,bpt6k222271t,,failed,0,0,,no_usable_pages,known,,,bpt6k222271t: no usable pages in manifest.,2026-07-18T08:26:54.702057
letemps,bpt6k2222726,,failed,0,0,,no_usable_pages,known,,,bpt6k2222726: no usable pages in manifest.,2026-07-18T08:26:55.875438
letemps,bpt6k222273k,,failed,0,0,,no_usable_pages,known,,,bpt6k222273k: no usable pages in manifest.,2026-07-18T08:26:57.118967
letemps,bpt6k222275b,,failed,0,0,,no_usable_pages,known,,,bpt6k222275b: no usable pages in manifest.,2026-07-18T08:26:59.506916
letemps,bpt6k222276q,,failed,0,0,,no_usable_pages,known,,,bpt6k222276q: no usable pages in manifest.,2026-07-18T08:27:00.638324
letemps,bpt6k2222773,,failed,0,0,,no_usable_pages,known,,,bpt6k2222773: no usable pages in manifest.,2026-07-18T08:27:01.928209
letemps,bpt6k222278g,,failed,0,0,,no_usable_pages,known,,,bpt6k222278g: no usable pages in manifest.,2026-07-18T08:27:03.194632
letemps,bpt6k222279v,,failed,0,0,,no_usable_pages,known,,,bpt6k222279v: no usable pages in manifest.,2026-07-18T08:27:04.338913
letemps,bpt6k222280s,,failed,0,0,,no_usable_pages,known,,,bpt6k222280s: no usable pages in manifest.,2026-07-18T08:27:05.566338
letemps,bpt6k2222815,,failed,0,0,,no_usable_pages,known,,,bpt6k2222815: no usable pages in manifest.,2026-07-18T08:27:07.043683
letemps,bpt6k222282j,,failed,0,0,,no_usable_pages,known,,,bpt6k222282j: no usable pages in manifest.,2026-07-18T08:27:08.188206
letemps,bpt6k222283x,,failed,0,0,,no_usable_pages,known,,,bpt6k222283x: no usable pages in manifest.,2026-07-18T08:27:09.134839
letemps,bpt6k2222849,,failed,0,0,,no_usable_pages,known,,,bpt6k2222849: no usable pages in manifest.,2026-07-18T08:27:10.727105
letemps,bpt6k222285p,,failed,0,0,,no_usable_pages,known,,,bpt6k222285p: no usable pages in manifest.,2026-07-18T08:27:11.448558
letemps,bpt6k222308c,,failed,0,0,,no_usable_pages,known,,,bpt6k222308c: no usable pages in manifest.,2026-07-18T08:27:39.189974
letemps,bpt6k2223413,,failed,0,0,,no_usable_pages,known,,,bpt6k2223413: no usable pages in manifest.,2026-07-18T08:28:18.921067
letemps,bpt6k222342g,,failed,0,0,,no_usable_pages,known,,,bpt6k222342g: no usable pages in manifest.,2026-07-18T08:28:20.182143
letemps,bpt6k222343v,,failed,0,0,,no_usable_pages,known,,,bpt6k222343v: no usable pages in manifest.,2026-07-18T08:28:21.258890
letemps,bpt6k2223447,,failed,0,0,,no_usable_pages,known,,,bpt6k2223447: no usable pages in manifest.,2026-07-18T08:28:22.381697
letemps,bpt6k222345m,,failed,0,0,,no_usable_pages,known,,,bpt6k222345m: no usable pages in manifest.,2026-07-18T08:28:23.837220
letemps,bpt6k2223460,,failed,0,0,,no_usable_pages,known,,,bpt6k2223460: no usable pages in manifest.,2026-07-18T08:28:25.120136
letemps,bpt6k222347c,,failed,0,0,,no_usable_pages,known,,,bpt6k222347c: no usable pages in manifest.,2026-07-18T08:28:26.345579
letemps,bpt6k222348r,,failed,0,0,,no_usable_pages,known,,,bpt6k222348r: no usable pages in manifest.,2026-07-18T08:28:27.177451
letemps,bpt6k2223494,,failed,0,0,,no_usable_pages,known,,,bpt6k2223494: no usable pages in manifest.,2026-07-18T08:28:28.412330
letemps,bpt6k2223502,,failed,0,0,,no_usable_pages,known,,,bpt6k2223502: no usable pages in manifest.,2026-07-18T08:28:29.628259
letemps,bpt6k222351f,,failed,0,0,,no_usable_pages,known,,,bpt6k222351f: no usable pages in manifest.,2026-07-18T08:28:30.844618
letemps,bpt6k222352t,,failed,0,0,,no_usable_pages,known,,,bpt6k222352t: no usable pages in manifest.,2026-07-18T08:28:32.005728
letemps,bpt6k2223536,,failed,0,0,,no_usable_pages,known,,,bpt6k2223536: no usable pages in manifest.,2026-07-18T08:28:33.144850
letemps,bpt6k222354k,,failed,0,0,,no_usable_pages,known,,,bpt6k222354k: no usable pages in manifest.,2026-07-18T08:28:34.450561
letemps,bpt6k222355z,,failed,0,0,,no_usable_pages,known,,,bpt6k222355z: no usable pages in manifest.,2026-07-18T08:28:35.656173
letemps,bpt6k222356b,,failed,0,0,,no_usable_pages,known,,,bpt6k222356b: no usable pages in manifest.,2026-07-18T08:28:36.802995
letemps,bpt6k222357q,,failed,0,0,,no_usable_pages,known,,,bpt6k222357q: no usable pages in manifest.,2026-07-18T08:28:38.299075
letemps,bpt6k2223583,,failed,0,0,,no_usable_pages,known,,,bpt6k2223583: no usable pages in manifest.,2026-07-18T08:28:39.358437
letemps,bpt6k222359g,,failed,0,0,,no_usable_pages,known,,,bpt6k222359g: no usable pages in manifest.,2026-07-18T08:28:40.562319
letemps,bpt6k222361s,,failed,0,0,,no_usable_pages,known,,,bpt6k222361s: no usable pages in manifest.,2026-07-18T08:28:42.941405
letemps,bpt6k222368f,,failed,0,0,,no_usable_pages,known,,,bpt6k222368f: no usable pages in manifest.,2026-07-18T08:28:51.355363
letemps,bpt6k222370r,,failed,0,0,,no_usable_pages,known,,,bpt6k222370r: no usable pages in manifest.,2026-07-18T08:28:53.826450
letemps,bpt6k222479g,,failed,0,0,,no_usable_pages,known,,,bpt6k222479g: no usable pages in manifest.,2026-07-18T08:31:04.623110
letemps,bpt6k222610m,,failed,0,0,,no_usable_pages,known,,,bpt6k222610m: no usable pages in manifest.,2026-07-18T08:33:41.920911
letemps,bpt6k222624g,,failed,0,0,,no_usable_pages,known,,,bpt6k222624g: no usable pages in manifest.,2026-07-18T08:33:58.742422
letemps,bpt6k222625v,,failed,0,0,,no_usable_pages,known,,,bpt6k222625v: no usable pages in manifest.,2026-07-18T08:33:59.931575
letemps,bpt6k2226267,,failed,0,0,,no_usable_pages,known,,,bpt6k2226267: no usable pages in manifest.,2026-07-18T08:34:01.319202
letemps,bpt6k222627m,,failed,0,0,,no_usable_pages,known,,,bpt6k222627m: no usable pages in manifest.,2026-07-18T08:34:02.408644
letemps,bpt6k2226280,,failed,0,0,,no_usable_pages,known,,,bpt6k2226280: no usable pages in manifest.,2026-07-18T08:34:03.517296
letemps,bpt6k2226309,,failed,0,0,,no_usable_pages,known,,,bpt6k2226309: no usable pages in manifest.,2026-07-18T08:34:06.020122
letemps,bpt6k222659d,,failed,0,0,,no_usable_pages,known,,,bpt6k222659d: no usable pages in manifest.,2026-07-18T08:34:40.924892
letemps,bpt6k222660b,,failed,0,0,,no_usable_pages,known,,,bpt6k222660b: no usable pages in manifest.,2026-07-18T08:34:42.140406
letemps,bpt6k222661q,,failed,0,0,,no_usable_pages,known,,,bpt6k222661q: no usable pages in manifest.,2026-07-18T08:34:43.309309
letemps,bpt6k2226623,,failed,0,0,,no_usable_pages,known,,,bpt6k2226623: no usable pages in manifest.,2026-07-18T08:34:44.488815
letemps,bpt6k222663g,,failed,0,0,,no_usable_pages,known,,,bpt6k222663g: no usable pages in manifest.,2026-07-18T08:34:45.885319
letemps,bpt6k222664v,,failed,0,0,,no_usable_pages,known,,,bpt6k222664v: no usable pages in manifest.,2026-07-18T08:34:46.867036
letemps,bpt6k2226657,,failed,0,0,,no_usable_pages,known,,,bpt6k2226657: no usable pages in manifest.,2026-07-18T08:34:48.106156
letemps,bpt6k222666m,,failed,0,0,,no_usable_pages,known,,,bpt6k222666m: no usable pages in manifest.,2026-07-18T08:34:49.370642
letemps,bpt6k2226670,,failed,0,0,,no_usable_pages,known,,,bpt6k2226670: no usable pages in manifest.,2026-07-18T08:34:50.568429
letemps,bpt6k222668c,,failed,0,0,,no_usable_pages,known,,,bpt6k222668c: no usable pages in manifest.,2026-07-18T08:34:51.709945
letemps,bpt6k222669r,,failed,0,0,,no_usable_pages,known,,,bpt6k222669r: no usable pages in manifest.,2026-07-18T08:34:52.974962
letemps,bpt6k222670p,,failed,0,0,,no_usable_pages,known,,,bpt6k222670p: no usable pages in manifest.,2026-07-18T08:34:54.181060
letemps,bpt6k222672f,,failed,0,0,,no_usable_pages,known,,,bpt6k222672f: no usable pages in manifest.,2026-07-18T08:34:56.458089
letemps,bpt6k222673t,,failed,0,0,,no_usable_pages,known,,,bpt6k222673t: no usable pages in manifest.,2026-07-18T08:34:57.807163
letemps,bpt6k2226746,,failed,0,0,,no_usable_pages,known,,,bpt6k2226746: no usable pages in manifest.,2026-07-18T08:34:58.896309
letemps,bpt6k2226835,,failed,0,0,,no_usable_pages,known,,,bpt6k2226835: no usable pages in manifest.,2026-07-18T08:35:09.879542
letemps,bpt6k222684j,,failed,0,0,,no_usable_pages,known,,,bpt6k222684j: no usable pages in manifest.,2026-07-18T08:35:11.035026
letemps,bpt6k222685x,,failed,0,0,,no_usable_pages,known,,,bpt6k222685x: no usable pages in manifest.,2026-07-18T08:35:12.336826
letemps,bpt6k2226869,,failed,0,0,,no_usable_pages,known,,,bpt6k2226869: no usable pages in manifest.,2026-07-18T08:35:13.462405
letemps,bpt6k222687p,,failed,0,0,,no_usable_pages,known,,,bpt6k222687p: no usable pages in manifest.,2026-07-18T08:35:14.531372
letemps,bpt6k2226882,,failed,0,0,,no_usable_pages,known,,,bpt6k2226882: no usable pages in manifest.,2026-07-18T08:35:15.907019
letemps,bpt6k222690c,,failed,0,0,,no_usable_pages,known,,,bpt6k222690c: no usable pages in manifest.,2026-07-18T08:35:18.134744
letemps,bpt6k222691r,,failed,0,0,,no_usable_pages,known,,,bpt6k222691r: no usable pages in manifest.,2026-07-18T08:35:19.416728
letemps,bpt6k2226924,,failed,0,0,,no_usable_pages,known,,,bpt6k2226924: no usable pages in manifest.,2026-07-18T08:35:20.567248
letemps,bpt6k222694w,,failed,0,0,,no_usable_pages,known,,,bpt6k222694w: no usable pages in manifest.,2026-07-18T08:35:22.987270
letemps,bpt6k2226958,,failed,0,0,,no_usable_pages,known,,,bpt6k2226958: no usable pages in manifest.,2026-07-18T08:35:24.300411
letemps,bpt6k222696n,,failed,0,0,,no_usable_pages,known,,,bpt6k222696n: no usable pages in manifest.,2026-07-18T08:35:25.520514
letemps,bpt6k222698d,,failed,0,0,,no_usable_pages,known,,,bpt6k222698d: no usable pages in manifest.,2026-07-18T08:35:27.794342
letemps,bpt6k222700k,,failed,0,0,,no_usable_pages,known,,,bpt6k222700k: no usable pages in manifest.,2026-07-18T08:35:30.270891
letemps,bpt6k222701z,,failed,0,0,,no_usable_pages,known,,,bpt6k222701z: no usable pages in manifest.,2026-07-18T08:35:31.415170
letemps,bpt6k222702b,,failed,0,0,,no_usable_pages,known,,,bpt6k222702b: no usable pages in manifest.,2026-07-18T08:35:32.525091
letemps,bpt6k222703q,,failed,0,0,,no_usable_pages,known,,,bpt6k222703q: no usable pages in manifest.,2026-07-18T08:35:33.911309
letemps,bpt6k2227043,,failed,0,0,,no_usable_pages,known,,,bpt6k2227043: no usable pages in manifest.,2026-07-18T08:35:34.901049
letemps,bpt6k222706v,,failed,0,0,,no_usable_pages,known,,,bpt6k222706v: no usable pages in manifest.,2026-07-18T08:35:37.312200
letemps,bpt6k2227077,,failed,0,0,,no_usable_pages,known,,,bpt6k2227077: no usable pages in manifest.,2026-07-18T08:35:38.486827
letemps,bpt6k2227119,,failed,0,0,,no_usable_pages,known,,,bpt6k2227119: no usable pages in manifest.,2026-07-18T08:35:43.376326
letemps,bpt6k2227166,,failed,0,0,,no_usable_pages,known,,,bpt6k2227166: no usable pages in manifest.,2026-07-18T08:35:49.378750
letemps,bpt6k222717k,,failed,0,0,,no_usable_pages,known,,,bpt6k222717k: no usable pages in manifest.,2026-07-18T08:35:50.602987
letemps,bpt6k222718z,,failed,0,0,,no_usable_pages,known,,,bpt6k222718z: no usable pages in manifest.,2026-07-18T08:35:51.882028
letemps,bpt6k222719b,,failed,0,0,,no_usable_pages,known,,,bpt6k222719b: no usable pages in manifest.,2026-07-18T08:35:52.911446
letemps,bpt6k2227208,,failed,0,0,,no_usable_pages,known,,,bpt6k2227208: no usable pages in manifest.,2026-07-18T08:35:54.207244
letemps,bpt6k222721n,,failed,0,0,,no_usable_pages,known,,,bpt6k222721n: no usable pages in manifest.,2026-07-18T08:35:55.411117
letemps,bpt6k2227221,,failed,0,0,,no_usable_pages,known,,,bpt6k2227221: no usable pages in manifest.,2026-07-18T08:35:56.514363
letemps,bpt6k222723d,,failed,0,0,,no_usable_pages,known,,,bpt6k222723d: no usable pages in manifest.,2026-07-18T08:35:57.964424
letemps,bpt6k222724s,,failed,0,0,,no_usable_pages,known,,,bpt6k222724s: no usable pages in manifest.,2026-07-18T08:35:58.979447
letemps,bpt6k2227255,,failed,0,0,,no_usable_pages,known,,,bpt6k2227255: no usable pages in manifest.,2026-07-18T08:36:00.134369
letemps,bpt6k2227289,,failed,0,0,,no_usable_pages,known,,,bpt6k2227289: no usable pages in manifest.,2026-07-18T08:36:03.827202
letemps,bpt6k222729p,,failed,0,0,,no_usable_pages,known,,,bpt6k222729p: no usable pages in manifest.,2026-07-18T08:36:05.034903
letemps,bpt6k222730m,,failed,0,0,,no_usable_pages,known,,,bpt6k222730m: no usable pages in manifest.,2026-07-18T08:36:06.287970
letemps,bpt6k222732c,,failed,0,0,,no_usable_pages,known,,,bpt6k222732c: no usable pages in manifest.,2026-07-18T08:36:08.799981
letemps,bpt6k222733r,,failed,0,0,,no_usable_pages,known,,,bpt6k222733r: no usable pages in manifest.,2026-07-18T08:36:09.798157
letemps,bpt6k222736w,,failed,0,0,,no_usable_pages,known,,,bpt6k222736w: no usable pages in manifest.,2026-07-18T08:36:13.396663
letemps,bpt6k2227378,,failed,0,0,,no_usable_pages,known,,,bpt6k2227378: no usable pages in manifest.,2026-07-18T08:36:14.891266
letemps,bpt6k222738n,,failed,0,0,,no_usable_pages,known,,,bpt6k222738n: no usable pages in manifest.,2026-07-18T08:36:15.765069
letemps,bpt6k2227391,,failed,0,0,,no_usable_pages,known,,,bpt6k2227391: no usable pages in manifest.,2026-07-18T08:36:16.972383
letemps,bpt6k222740z,,failed,0,0,,no_usable_pages,known,,,bpt6k222740z: no usable pages in manifest.,2026-07-18T08:36:18.273604
letemps,bpt6k222741b,,failed,0,0,,no_usable_pages,known,,,bpt6k222741b: no usable pages in manifest.,2026-07-18T08:36:19.498410
letemps,bpt6k222742q,,failed,0,0,,no_usable_pages,known,,,bpt6k222742q: no usable pages in manifest.,2026-07-18T08:36:20.847600
letemps,bpt6k2227433,,failed,0,0,,no_usable_pages,known,,,bpt6k2227433: no usable pages in manifest.,2026-07-18T08:36:21.967318
letemps,bpt6k222744g,,failed,0,0,,no_usable_pages,known,,,bpt6k222744g: no usable pages in manifest.,2026-07-18T08:36:23.044682
letemps,bpt6k222745v,,failed,0,0,,no_usable_pages,known,,,bpt6k222745v: no usable pages in manifest.,2026-07-18T08:36:24.245710
letemps,bpt6k222749c,,failed,0,0,,no_usable_pages,known,,,bpt6k222749c: no usable pages in manifest.,2026-07-18T08:36:29.006507
letemps,bpt6k2227509,,failed,0,0,,no_usable_pages,known,,,bpt6k2227509: no usable pages in manifest.,2026-07-18T08:36:30.214711
letemps,bpt6k222751p,,failed,0,0,,no_usable_pages,known,,,bpt6k222751p: no usable pages in manifest.,2026-07-18T08:36:31.423884
letemps,bpt6k222753f,,failed,0,0,,no_usable_pages,known,,,bpt6k222753f: no usable pages in manifest.,2026-07-18T08:36:33.815996
letemps,bpt6k222754t,,failed,0,0,,no_usable_pages,known,,,bpt6k222754t: no usable pages in manifest.,2026-07-18T08:36:35.045913
letemps,bpt6k222756k,,failed,0,0,,no_usable_pages,known,,,bpt6k222756k: no usable pages in manifest.,2026-07-18T08:36:37.641298
letemps,bpt6k222757z,,failed,0,0,,no_usable_pages,known,,,bpt6k222757z: no usable pages in manifest.,2026-07-18T08:36:39.860278
letemps,bpt6k222760n,,failed,0,0,,no_usable_pages,known,,,bpt6k222760n: no usable pages in manifest.,2026-07-18T08:36:42.251024
letemps,bpt6k2227611,,failed,0,0,,no_usable_pages,known,,,bpt6k2227611: no usable pages in manifest.,2026-07-18T08:36:43.458909
letemps,bpt6k222762d,,failed,0,0,,no_usable_pages,known,,,bpt6k222762d: no usable pages in manifest.,2026-07-18T08:36:44.667598
letemps,bpt6k222763s,,failed,0,0,,no_usable_pages,known,,,bpt6k222763s: no usable pages in manifest.,2026-07-18T08:36:45.900841
letemps,bpt6k2227645,,failed,0,0,,no_usable_pages,known,,,bpt6k2227645: no usable pages in manifest.,2026-07-18T08:36:47.105374
letemps,bpt6k222765j,,failed,0,0,,no_usable_pages,known,,,bpt6k222765j: no usable pages in manifest.,2026-07-18T08:36:48.278642
letemps,bpt6k2227679,,failed,0,0,,no_usable_pages,known,,,bpt6k2227679: no usable pages in manifest.,2026-07-18T08:36:50.604192
letemps,bpt6k2227692,,failed,0,0,,no_usable_pages,known,,,bpt6k2227692: no usable pages in manifest.,2026-07-18T08:36:53.007117
letemps,bpt6k222826v,,failed,0,0,,no_usable_pages,known,,,bpt6k222826v: no usable pages in manifest.,2026-07-18T08:38:01.545064
letemps,bpt6k2228277,,failed,0,0,,no_usable_pages,known,,,bpt6k2228277: no usable pages in manifest.,2026-07-18T08:38:02.761584
letemps,bpt6k222828m,,failed,0,0,,no_usable_pages,known,,,bpt6k222828m: no usable pages in manifest.,2026-07-18T08:38:03.975815
letemps,bpt6k222830x,,failed,0,0,,no_usable_pages,known,,,bpt6k222830x: no usable pages in manifest.,2026-07-18T08:38:06.339153
letemps,bpt6k222832p,,failed,0,0,,no_usable_pages,known,,,bpt6k222832p: no usable pages in manifest.,2026-07-18T08:38:08.966831
letemps,bpt6k2228332,,failed,0,0,,no_usable_pages,known,,,bpt6k2228332: no usable pages in manifest.,2026-07-18T08:38:10.193736
letemps,bpt6k222839b,,failed,0,0,,no_usable_pages,known,,,bpt6k222839b: no usable pages in manifest.,2026-07-18T08:38:17.311951
letemps,bpt6k2228408,,failed,0,0,,no_usable_pages,known,,,bpt6k2228408: no usable pages in manifest.,2026-07-18T08:38:18.333190
letemps,bpt6k222841n,,failed,0,0,,no_usable_pages,known,,,bpt6k222841n: no usable pages in manifest.,2026-07-18T08:38:19.621060
letemps,bpt6k2228421,,failed,0,0,,no_usable_pages,known,,,bpt6k2228421: no usable pages in manifest.,2026-07-18T08:38:20.913874
letemps,bpt6k222843d,,failed,0,0,,no_usable_pages,known,,,bpt6k222843d: no usable pages in manifest.,2026-07-18T08:38:21.911635
letemps,bpt6k222844s,,failed,0,0,,no_usable_pages,known,,,bpt6k222844s: no usable pages in manifest.,2026-07-18T08:38:23.195901
letemps,bpt6k2228455,,failed,0,0,,no_usable_pages,known,,,bpt6k2228455: no usable pages in manifest.,2026-07-18T08:38:24.382209
letemps,bpt6k222846j,,failed,0,0,,no_usable_pages,known,,,bpt6k222846j: no usable pages in manifest.,2026-07-18T08:38:25.545101
letemps,bpt6k2228489,,failed,0,0,,no_usable_pages,known,,,bpt6k2228489: no usable pages in manifest.,2026-07-18T08:38:27.989297
letemps,bpt6k222849p,,failed,0,0,,no_usable_pages,known,,,bpt6k222849p: no usable pages in manifest.,2026-07-18T08:38:29.204889
letemps,bpt6k222850m,,failed,0,0,,no_usable_pages,known,,,bpt6k222850m: no usable pages in manifest.,2026-07-18T08:38:30.431334
letemps,bpt6k2228510,,failed,0,0,,no_usable_pages,known,,,bpt6k2228510: no usable pages in manifest.,2026-07-18T08:38:31.533170
letemps,bpt6k222852c,,failed,0,0,,no_usable_pages,known,,,bpt6k222852c: no usable pages in manifest.,2026-07-18T08:38:32.741285
letemps,bpt6k2228544,,failed,0,0,,no_usable_pages,known,,,bpt6k2228544: no usable pages in manifest.,2026-07-18T08:38:35.162068
letemps,bpt6k222855h,,failed,0,0,,no_usable_pages,known,,,bpt6k222855h: no usable pages in manifest.,2026-07-18T08:38:36.450261
letemps,bpt6k222858n,,failed,0,0,,no_usable_pages,known,,,bpt6k222858n: no usable pages in manifest.,2026-07-18T08:38:40.078309
letemps,bpt6k2228591,,failed,0,0,,no_usable_pages,known,,,bpt6k2228591: no usable pages in manifest.,2026-07-18T08:38:41.172967
letemps,bpt6k222860z,,failed,0,0,,no_usable_pages,known,,,bpt6k222860z: no usable pages in manifest.,2026-07-18T08:38:42.723126
letemps,bpt6k222861b,,failed,0,0,,no_usable_pages,known,,,bpt6k222861b: no usable pages in manifest.,2026-07-18T08:38:43.660724
letemps,bpt6k222862q,,failed,0,0,,no_usable_pages,known,,,bpt6k222862q: no usable pages in manifest.,2026-07-18T08:38:44.714457
letemps,bpt6k2228633,,failed,0,0,,no_usable_pages,known,,,bpt6k2228633: no usable pages in manifest.,2026-07-18T08:38:46.041568
letemps,bpt6k222864g,,failed,0,0,,no_usable_pages,known,,,bpt6k222864g: no usable pages in manifest.,2026-07-18T08:38:47.220143
letemps,bpt6k222865v,,failed,0,0,,no_usable_pages,known,,,bpt6k222865v: no usable pages in manifest.,2026-07-18T08:38:48.528078
letemps,bpt6k2228667,,failed,0,0,,no_usable_pages,known,,,bpt6k2228667: no usable pages in manifest.,2026-07-18T08:38:49.641883
letemps,bpt6k222867m,,failed,0,0,,no_usable_pages,known,,,bpt6k222867m: no usable pages in manifest.,2026-07-18T08:38:50.807198
letemps,bpt6k2228680,,failed,0,0,,no_usable_pages,known,,,bpt6k2228680: no usable pages in manifest.,2026-07-18T08:38:52.071157
letemps,bpt6k222869c,,failed,0,0,,no_usable_pages,known,,,bpt6k222869c: no usable pages in manifest.,2026-07-18T08:38:53.179209
letemps,bpt6k2228709,,failed,0,0,,no_usable_pages,known,,,bpt6k2228709: no usable pages in manifest.,2026-07-18T08:38:54.383829
letemps,bpt6k222871p,,failed,0,0,,no_usable_pages,known,,,bpt6k222871p: no usable pages in manifest.,2026-07-18T08:38:55.631931
letemps,bpt6k2228722,,failed,0,0,,no_usable_pages,known,,,bpt6k2228722: no usable pages in manifest.,2026-07-18T08:38:56.782710
letemps,bpt6k222873f,,failed,0,0,,no_usable_pages,known,,,bpt6k222873f: no usable pages in manifest.,2026-07-18T08:38:58.034013
letemps,bpt6k222874t,,failed,0,0,,no_usable_pages,known,,,bpt6k222874t: no usable pages in manifest.,2026-07-18T08:38:59.244733
letemps,bpt6k2228756,,failed,0,0,,no_usable_pages,known,,,bpt6k2228756: no usable pages in manifest.,2026-07-18T08:39:00.442661
letemps,bpt6k222876k,,failed,0,0,,no_usable_pages,known,,,bpt6k222876k: no usable pages in manifest.,2026-07-18T08:39:01.561122
letemps,bpt6k222877z,,failed,0,0,,no_usable_pages,known,,,bpt6k222877z: no usable pages in manifest.,2026-07-18T08:39:02.845185
letemps,bpt6k222878b,,failed,0,0,,no_usable_pages,known,,,bpt6k222878b: no usable pages in manifest.,2026-07-18T08:39:03.978335
letemps,bpt6k222879q,,failed,0,0,,no_usable_pages,known,,,bpt6k222879q: no usable pages in manifest.,2026-07-18T08:39:05.232341
letemps,bpt6k222880n,,failed,0,0,,no_usable_pages,known,,,bpt6k222880n: no usable pages in manifest.,2026-07-18T08:39:06.416487
letemps,bpt6k2228811,,failed,0,0,,no_usable_pages,known,,,bpt6k2228811: no usable pages in manifest.,2026-07-18T08:39:07.945219
letemps,bpt6k222882d,,failed,0,0,,no_usable_pages,known,,,bpt6k222882d: no usable pages in manifest.,2026-07-18T08:39:09.080114
letemps,bpt6k222883s,,failed,0,0,,no_usable_pages,known,,,bpt6k222883s: no usable pages in manifest.,2026-07-18T08:39:10.486638
letemps,bpt6k2228845,,failed,0,0,,no_usable_pages,known,,,bpt6k2228845: no usable pages in manifest.,2026-07-18T08:39:11.461571
letemps,bpt6k222885j,,failed,0,0,,no_usable_pages,known,,,bpt6k222885j: no usable pages in manifest.,2026-07-18T08:39:12.450476
letemps,bpt6k222886x,,failed,0,0,,no_usable_pages,known,,,bpt6k222886x: no usable pages in manifest.,2026-07-18T08:39:13.661916
letemps,bpt6k2228879,,failed,0,0,,no_usable_pages,known,,,bpt6k2228879: no usable pages in manifest.,2026-07-18T08:39:15.336028
letemps,bpt6k222888p,,failed,0,0,,no_usable_pages,known,,,bpt6k222888p: no usable pages in manifest.,2026-07-18T08:39:16.028245
letemps,bpt6k2228892,,failed,0,0,,no_usable_pages,known,,,bpt6k2228892: no usable pages in manifest.,2026-07-18T08:39:17.280930
letemps,bpt6k2229354,,failed,0,0,,no_usable_pages,known,,,bpt6k2229354: no usable pages in manifest.,2026-07-18T08:40:11.375461
letemps,bpt6k222936h,,failed,0,0,,no_usable_pages,known,,,bpt6k222936h: no usable pages in manifest.,2026-07-18T08:40:12.424725
letemps,bpt6k222937w,,failed,0,0,,no_usable_pages,known,,,bpt6k222937w: no usable pages in manifest.,2026-07-18T08:40:13.660682
letemps,bpt6k2229388,,failed,0,0,,no_usable_pages,known,,,bpt6k2229388: no usable pages in manifest.,2026-07-18T08:40:14.966253
letemps,bpt6k222939n,,failed,0,0,,no_usable_pages,known,,,bpt6k222939n: no usable pages in manifest.,2026-07-18T08:40:16.287353
letemps,bpt6k222940k,,failed,0,0,,no_usable_pages,known,,,bpt6k222940k: no usable pages in manifest.,2026-07-18T08:40:17.648346
letemps,bpt6k222941z,,failed,0,0,,no_usable_pages,known,,,bpt6k222941z: no usable pages in manifest.,2026-07-18T08:40:18.798864
letemps,bpt6k222942b,,failed,0,0,,no_usable_pages,known,,,bpt6k222942b: no usable pages in manifest.,2026-07-18T08:40:19.739207
letemps,bpt6k222943q,,failed,0,0,,no_usable_pages,known,,,bpt6k222943q: no usable pages in manifest.,2026-07-18T08:40:21.246381
letemps,bpt6k222957k,,failed,0,0,,no_usable_pages,known,,,bpt6k222957k: no usable pages in manifest.,2026-07-18T08:40:37.728922
letemps,bpt6k222958z,,failed,0,0,,no_usable_pages,known,,,bpt6k222958z: no usable pages in manifest.,2026-07-18T08:40:38.970072
letemps,bpt6k222959b,,failed,0,0,,no_usable_pages,known,,,bpt6k222959b: no usable pages in manifest.,2026-07-18T08:40:40.099900
letemps,bpt6k2229608,,failed,0,0,,no_usable_pages,known,,,bpt6k2229608: no usable pages in manifest.,2026-07-18T08:40:41.284500
letemps,bpt6k222961n,,failed,0,0,,no_usable_pages,known,,,bpt6k222961n: no usable pages in manifest.,2026-07-18T08:40:42.524023
letemps,bpt6k2229621,,failed,0,0,,no_usable_pages,known,,,bpt6k2229621: no usable pages in manifest.,2026-07-18T08:40:43.651668
letemps,bpt6k222963d,,failed,0,0,,no_usable_pages,known,,,bpt6k222963d: no usable pages in manifest.,2026-07-18T08:40:44.880202
letemps,bpt6k222964s,,failed,0,0,,no_usable_pages,known,,,bpt6k222964s: no usable pages in manifest.,2026-07-18T08:40:46.204921
letemps,bpt6k2229655,,failed,0,0,,no_usable_pages,known,,,bpt6k2229655: no usable pages in manifest.,2026-07-18T08:40:47.400343
letemps,bpt6k222966j,,failed,0,0,,no_usable_pages,known,,,bpt6k222966j: no usable pages in manifest.,2026-07-18T08:40:48.567889
letemps,bpt6k222967x,,failed,0,0,,no_usable_pages,known,,,bpt6k222967x: no usable pages in manifest.,2026-07-18T08:40:49.763246
letemps,bpt6k2229689,,failed,0,0,,no_usable_pages,known,,,bpt6k2229689: no usable pages in manifest.,2026-07-18T08:40:50.925418
letemps,bpt6k222969p,,failed,0,0,,no_usable_pages,known,,,bpt6k222969p: no usable pages in manifest.,2026-07-18T08:40:52.243805
letemps,bpt6k223033v,,failed,0,0,,no_usable_pages,known,,,bpt6k223033v: no usable pages in manifest.,2026-07-18T08:42:09.600578
letemps,bpt6k2230402,,failed,0,0,,no_usable_pages,known,,,bpt6k2230402: no usable pages in manifest.,2026-07-18T08:42:17.583690
letemps,bpt6k223199h,,failed,0,0,,no_usable_pages,known,,,bpt6k223199h: no usable pages in manifest.,2026-07-18T08:45:28.389916
letemps,bpt6k223206k,,failed,0,0,,no_usable_pages,known,,,bpt6k223206k: no usable pages in manifest.,2026-07-18T08:45:36.814028
letemps,bpt6k223242f,,failed,0,0,,no_usable_pages,known,,,bpt6k223242f: no usable pages in manifest.,2026-07-18T08:46:20.134145
letemps,bpt6k223786w,,failed,0,0,,no_usable_pages,known,,,bpt6k223786w: no usable pages in manifest.,2026-07-18T08:57:11.398134
letemps,bpt6k2238005,,failed,0,0,,no_usable_pages,known,,,bpt6k2238005: no usable pages in manifest.,2026-07-18T08:57:28.260531
letemps,bpt6k223850w,,failed,0,0,,no_usable_pages,known,,,bpt6k223850w: no usable pages in manifest.,2026-07-18T08:58:32.918745
letemps,bpt6k224226j,,failed,0,0,,no_usable_pages,known,,,bpt6k224226j: no usable pages in manifest.,2026-07-18T09:06:04.705420
letemps,bpt6k225286w,,failed,0,0,,no_usable_pages,known,,,bpt6k225286w: no usable pages in manifest.,2026-07-18T09:27:18.102896
letemps,bpt6k229149f,,failed,0,0,,no_usable_pages,known,,,bpt6k229149f: no usable pages in manifest.,2026-07-18T10:47:01.650324
letemps,bpt6k2304536,,failed,0,0,,no_usable_pages,known,,,bpt6k2304536: no usable pages in manifest.,2026-07-18T10:57:09.201919
letemps,bpt6k2306334,,failed,0,0,,no_usable_pages,known,,,bpt6k2306334: no usable pages in manifest.,2026-07-18T11:01:00.892722
letemps,bpt6k231000c,,failed,0,0,,no_usable_pages,known,,,bpt6k231000c: no usable pages in manifest.,2026-07-18T11:08:41.812282
letemps,bpt6k2312547,,failed,0,0,,no_usable_pages,known,,,bpt6k2312547: no usable pages in manifest.,2026-07-18T11:13:54.559721
letemps,bpt6k2317555,,failed,0,0,,no_usable_pages,known,,,bpt6k2317555: no usable pages in manifest.,2026-07-18T11:24:09.027990
letemps,bpt6k231759p,,failed,0,0,,no_usable_pages,known,,,bpt6k231759p: no usable pages in manifest.,2026-07-18T11:24:13.796864
letemps,bpt6k231775v,,failed,0,0,,no_usable_pages,known,,,bpt6k231775v: no usable pages in manifest.,2026-07-18T11:24:33.191894
letemps,bpt6k231975g,,failed,0,0,,no_usable_pages,known,,,bpt6k231975g: no usable pages in manifest.,2026-07-18T11:28:41.460320
letemps,bpt6k232037b,,failed,0,0,,no_usable_pages,known,,,bpt6k232037b: no usable pages in manifest.,2026-07-18T11:29:56.123016
letemps,bpt6k232077q,,failed,0,0,,no_usable_pages,known,,,bpt6k232077q: no usable pages in manifest.,2026-07-18T11:30:47.488895
letemps,bpt6k2320783,,failed,0,0,,no_usable_pages,known,,,bpt6k2320783: no usable pages in manifest.,2026-07-18T11:30:48.677019
letemps,bpt6k232079g,,failed,0,0,,no_usable_pages,known,,,bpt6k232079g: no usable pages in manifest.,2026-07-18T11:30:49.975986
letemps,bpt6k232146m,,failed,0,0,,no_usable_pages,known,,,bpt6k232146m: no usable pages in manifest.,2026-07-18T11:32:09.943945
letemps,bpt6k2322492,,failed,0,0,,no_usable_pages,known,,,bpt6k2322492: no usable pages in manifest.,2026-07-18T11:34:14.662613
letemps,bpt6k232282s,,failed,0,0,,no_usable_pages,known,,,bpt6k232282s: no usable pages in manifest.,2026-07-18T11:34:55.731015
letemps,bpt6k2322835,,failed,0,0,,no_usable_pages,known,,,bpt6k2322835: no usable pages in manifest.,2026-07-18T11:34:56.732226
letemps,bpt6k232287p,,failed,0,0,,no_usable_pages,known,,,bpt6k232287p: no usable pages in manifest.,2026-07-18T11:35:01.553629
letemps,bpt6k2323077,,failed,0,0,,no_usable_pages,known,,,bpt6k2323077: no usable pages in manifest.,2026-07-18T11:35:25.761888
letemps,bpt6k232312p,,failed,0,0,,no_usable_pages,known,,,bpt6k232312p: no usable pages in manifest.,2026-07-18T11:35:31.710685
letemps,bpt6k2323823,,failed,0,0,,no_usable_pages,known,,,bpt6k2323823: no usable pages in manifest.,2026-07-18T11:36:54.881908
letemps,bpt6k2324667,,failed,0,0,,no_usable_pages,known,,,bpt6k2324667: no usable pages in manifest.,2026-07-18T11:38:38.617376
letemps,bpt6k232488p,,failed,0,0,,no_usable_pages,known,,,bpt6k232488p: no usable pages in manifest.,2026-07-18T11:39:03.856045
letemps,bpt6k2330108,,failed,0,0,,no_usable_pages,known,,,bpt6k2330108: no usable pages in manifest.,2026-07-18T11:49:36.273588
letemps,bpt6k2330121,,failed,0,0,,no_usable_pages,known,,,bpt6k2330121: no usable pages in manifest.,2026-07-18T11:49:38.634243
letemps,bpt6k233013d,,failed,0,0,,no_usable_pages,known,,,bpt6k233013d: no usable pages in manifest.,2026-07-18T11:49:39.781123
letemps,bpt6k233014s,,failed,0,0,,no_usable_pages,known,,,bpt6k233014s: no usable pages in manifest.,2026-07-18T11:49:41.005915
letemps,bpt6k2330155,,failed,0,0,,no_usable_pages,known,,,bpt6k2330155: no usable pages in manifest.,2026-07-18T11:49:42.213939
letemps,bpt6k233016j,,failed,0,0,,no_usable_pages,known,,,bpt6k233016j: no usable pages in manifest.,2026-07-18T11:49:43.580916
letemps,bpt6k233017x,,failed,0,0,,no_usable_pages,known,,,bpt6k233017x: no usable pages in manifest.,2026-07-18T11:49:44.568348
letemps,bpt6k2330189,,failed,0,0,,no_usable_pages,known,,,bpt6k2330189: no usable pages in manifest.,2026-07-18T11:49:45.756557
letemps,bpt6k233019p,,failed,0,0,,no_usable_pages,known,,,bpt6k233019p: no usable pages in manifest.,2026-07-18T11:49:47.024841
letemps,bpt6k233020m,,failed,0,0,,no_usable_pages,known,,,bpt6k233020m: no usable pages in manifest.,2026-07-18T11:49:48.250126
letemps,bpt6k2330210,,failed,0,0,,no_usable_pages,known,,,bpt6k2330210: no usable pages in manifest.,2026-07-18T11:49:49.406753
letemps,bpt6k233022c,,failed,0,0,,no_usable_pages,known,,,bpt6k233022c: no usable pages in manifest.,2026-07-18T11:49:50.591369
letemps,bpt6k233023r,,failed,0,0,,no_usable_pages,known,,,bpt6k233023r: no usable pages in manifest.,2026-07-18T11:49:52.052567
letemps,bpt6k2330244,,failed,0,0,,no_usable_pages,known,,,bpt6k2330244: no usable pages in manifest.,2026-07-18T11:49:53.032125
letemps,bpt6k233025h,,failed,0,0,,no_usable_pages,known,,,bpt6k233025h: no usable pages in manifest.,2026-07-18T11:49:54.253761
letemps,bpt6k233026w,,failed,0,0,,no_usable_pages,known,,,bpt6k233026w: no usable pages in manifest.,2026-07-18T11:49:55.437891
letemps,bpt6k2330278,,failed,0,0,,no_usable_pages,known,,,bpt6k2330278: no usable pages in manifest.,2026-07-18T11:49:56.591209
letemps,bpt6k233028n,,failed,0,0,,no_usable_pages,known,,,bpt6k233028n: no usable pages in manifest.,2026-07-18T11:49:57.830632
letemps,bpt6k2330291,,failed,0,0,,no_usable_pages,known,,,bpt6k2330291: no usable pages in manifest.,2026-07-18T11:49:59.080413
letemps,bpt6k233030z,,failed,0,0,,no_usable_pages,known,,,bpt6k233030z: no usable pages in manifest.,2026-07-18T11:50:00.421295
letemps,bpt6k233031b,,failed,0,0,,no_usable_pages,known,,,bpt6k233031b: no usable pages in manifest.,2026-07-18T11:50:01.469343
letemps,bpt6k233032q,,failed,0,0,,no_usable_pages,known,,,bpt6k233032q: no usable pages in manifest.,2026-07-18T11:50:02.564243
letemps,bpt6k2330333,,failed,0,0,,no_usable_pages,known,,,bpt6k2330333: no usable pages in manifest.,2026-07-18T11:50:03.833108
letemps,bpt6k233034g,,failed,0,0,,no_usable_pages,known,,,bpt6k233034g: no usable pages in manifest.,2026-07-18T11:50:05.005014
letemps,bpt6k2330367,,failed,0,0,,no_usable_pages,known,,,bpt6k2330367: no usable pages in manifest.,2026-07-18T11:50:06.249613
letemps,bpt6k233035v,,failed,0,0,,no_usable_pages,known,,,bpt6k233035v: no usable pages in manifest.,2026-07-18T11:50:07.490145
letemps,bpt6k233037m,,failed,0,0,,no_usable_pages,known,,,bpt6k233037m: no usable pages in manifest.,2026-07-18T11:50:08.777247
letemps,bpt6k2330380,,failed,0,0,,no_usable_pages,known,,,bpt6k2330380: no usable pages in manifest.,2026-07-18T11:50:09.848594
letemps,bpt6k233039c,,failed,0,0,,no_usable_pages,known,,,bpt6k233039c: no usable pages in manifest.,2026-07-18T11:50:11.621919
letemps,bpt6k2330409,,failed,0,0,,no_usable_pages,known,,,bpt6k2330409: no usable pages in manifest.,2026-07-18T11:50:12.343262
letemps,bpt6k233041p,,failed,0,0,,no_usable_pages,known,,,bpt6k233041p: no usable pages in manifest.,2026-07-18T11:50:13.383935
letemps,bpt6k2330422,,failed,0,0,,no_usable_pages,known,,,bpt6k2330422: no usable pages in manifest.,2026-07-18T11:50:15.056032
letemps,bpt6k233043f,,failed,0,0,,no_usable_pages,known,,,bpt6k233043f: no usable pages in manifest.,2026-07-18T11:50:16.330165
letemps,bpt6k233044t,,failed,0,0,,no_usable_pages,known,,,bpt6k233044t: no usable pages in manifest.,2026-07-18T11:50:17.045689
letemps,bpt6k2330456,,failed,0,0,,no_usable_pages,known,,,bpt6k2330456: no usable pages in manifest.,2026-07-18T11:50:18.226560
letemps,bpt6k233046k,,failed,0,0,,no_usable_pages,known,,,bpt6k233046k: no usable pages in manifest.,2026-07-18T11:50:19.591411
letemps,bpt6k233047z,,failed,0,0,,no_usable_pages,known,,,bpt6k233047z: no usable pages in manifest.,2026-07-18T11:50:20.735996
letemps,bpt6k233048b,,failed,0,0,,no_usable_pages,known,,,bpt6k233048b: no usable pages in manifest.,2026-07-18T11:50:22.021250
letemps,bpt6k233049q,,failed,0,0,,no_usable_pages,known,,,bpt6k233049q: no usable pages in manifest.,2026-07-18T11:50:23.061904
letemps,bpt6k233050n,,failed,0,0,,no_usable_pages,known,,,bpt6k233050n: no usable pages in manifest.,2026-07-18T11:50:24.930002
letemps,bpt6k2330511,,failed,0,0,,no_usable_pages,known,,,bpt6k2330511: no usable pages in manifest.,2026-07-18T11:50:25.528213
letemps,bpt6k233052d,,failed,0,0,,no_usable_pages,known,,,bpt6k233052d: no usable pages in manifest.,2026-07-18T11:50:26.648320
letemps,bpt6k233053s,,failed,0,0,,no_usable_pages,known,,,bpt6k233053s: no usable pages in manifest.,2026-07-18T11:50:27.967230
letemps,bpt6k2330545,,failed,0,0,,no_usable_pages,known,,,bpt6k2330545: no usable pages in manifest.,2026-07-18T11:50:29.025005
letemps,bpt6k233055j,,failed,0,0,,no_usable_pages,known,,,bpt6k233055j: no usable pages in manifest.,2026-07-18T11:50:30.348325
letemps,bpt6k233056x,,failed,0,0,,no_usable_pages,known,,,bpt6k233056x: no usable pages in manifest.,2026-07-18T11:50:31.505011
letemps,bpt6k2330579,,failed,0,0,,no_usable_pages,known,,,bpt6k2330579: no usable pages in manifest.,2026-07-18T11:50:32.610362
letemps,bpt6k233058p,,failed,0,0,,no_usable_pages,known,,,bpt6k233058p: no usable pages in manifest.,2026-07-18T11:50:33.933187
letemps,bpt6k2330592,,failed,0,0,,no_usable_pages,known,,,bpt6k2330592: no usable pages in manifest.,2026-07-18T11:50:35.073199
letemps,bpt6k2330600,,failed,0,0,,no_usable_pages,known,,,bpt6k2330600: no usable pages in manifest.,2026-07-18T11:50:36.202566
letemps,bpt6k233061c,,failed,0,0,,no_usable_pages,known,,,bpt6k233061c: no usable pages in manifest.,2026-07-18T11:50:37.482473
letemps,bpt6k233062r,,failed,0,0,,no_usable_pages,known,,,bpt6k233062r: no usable pages in manifest.,2026-07-18T11:50:38.809196
letemps,bpt6k2330634,,failed,0,0,,no_usable_pages,known,,,bpt6k2330634: no usable pages in manifest.,2026-07-18T11:50:39.923817
letemps,bpt6k233064h,,failed,0,0,,no_usable_pages,known,,,bpt6k233064h: no usable pages in manifest.,2026-07-18T11:50:41.185693
letemps,bpt6k233065w,,failed,0,0,,no_usable_pages,known,,,bpt6k233065w: no usable pages in manifest.,2026-07-18T11:50:42.337257
letemps,bpt6k2330668,,failed,0,0,,no_usable_pages,known,,,bpt6k2330668: no usable pages in manifest.,2026-07-18T11:50:43.446096
letemps,bpt6k233067n,,failed,0,0,,no_usable_pages,known,,,bpt6k233067n: no usable pages in manifest.,2026-07-18T11:50:44.687421
letemps,bpt6k2330681,,failed,0,0,,no_usable_pages,known,,,bpt6k2330681: no usable pages in manifest.,2026-07-18T11:50:45.853837
letemps,bpt6k233069d,,failed,0,0,,no_usable_pages,known,,,bpt6k233069d: no usable pages in manifest.,2026-07-18T11:50:47.107569
letemps,bpt6k233070b,,failed,0,0,,no_usable_pages,known,,,bpt6k233070b: no usable pages in manifest.,2026-07-18T11:50:48.295069
letemps,bpt6k233071q,,failed,0,0,,no_usable_pages,known,,,bpt6k233071q: no usable pages in manifest.,2026-07-18T11:50:49.393601
letemps,bpt6k2330723,,failed,0,0,,no_usable_pages,known,,,bpt6k2330723: no usable pages in manifest.,2026-07-18T11:50:50.574837
letemps,bpt6k233073g,,failed,0,0,,no_usable_pages,known,,,bpt6k233073g: no usable pages in manifest.,2026-07-18T11:50:52.002278
letemps,bpt6k233074v,,failed,0,0,,no_usable_pages,known,,,bpt6k233074v: no usable pages in manifest.,2026-07-18T11:50:53.106097
letemps,bpt6k2330757,,failed,0,0,,no_usable_pages,known,,,bpt6k2330757: no usable pages in manifest.,2026-07-18T11:50:54.381133
letemps,bpt6k233076m,,failed,0,0,,no_usable_pages,known,,,bpt6k233076m: no usable pages in manifest.,2026-07-18T11:50:55.522023
letemps,bpt6k2330770,,failed,0,0,,no_usable_pages,known,,,bpt6k2330770: no usable pages in manifest.,2026-07-18T11:50:56.731841
letemps,bpt6k233078c,,failed,0,0,,no_usable_pages,known,,,bpt6k233078c: no usable pages in manifest.,2026-07-18T11:50:57.926127
letemps,bpt6k233079r,,failed,0,0,,no_usable_pages,known,,,bpt6k233079r: no usable pages in manifest.,2026-07-18T11:50:59.152239
letemps,bpt6k233080p,,failed,0,0,,no_usable_pages,known,,,bpt6k233080p: no usable pages in manifest.,2026-07-18T11:51:00.271831
letemps,bpt6k2330812,,failed,0,0,,no_usable_pages,known,,,bpt6k2330812: no usable pages in manifest.,2026-07-18T11:51:01.384738
letemps,bpt6k233082f,,failed,0,0,,no_usable_pages,known,,,bpt6k233082f: no usable pages in manifest.,2026-07-18T11:51:02.666133
letemps,bpt6k233083t,,failed,0,0,,no_usable_pages,known,,,bpt6k233083t: no usable pages in manifest.,2026-07-18T11:51:03.934971
letemps,bpt6k2330846,,failed,0,0,,no_usable_pages,known,,,bpt6k2330846: no usable pages in manifest.,2026-07-18T11:51:05.112979
letemps,bpt6k233085k,,failed,0,0,,no_usable_pages,known,,,bpt6k233085k: no usable pages in manifest.,2026-07-18T11:51:06.394947
letemps,bpt6k233086z,,failed,0,0,,no_usable_pages,known,,,bpt6k233086z: no usable pages in manifest.,2026-07-18T11:51:08.054401
letemps,bpt6k233087b,,failed,0,0,,no_usable_pages,known,,,bpt6k233087b: no usable pages in manifest.,2026-07-18T11:51:09.034570
letemps,bpt6k233088q,,failed,0,0,,no_usable_pages,known,,,bpt6k233088q: no usable pages in manifest.,2026-07-18T11:51:09.898856
letemps,bpt6k2330893,,failed,0,0,,no_usable_pages,known,,,bpt6k2330893: no usable pages in manifest.,2026-07-18T11:51:11.083599
letemps,bpt6k2330901,,failed,0,0,,no_usable_pages,known,,,bpt6k2330901: no usable pages in manifest.,2026-07-18T11:51:12.474059
letemps,bpt6k233091d,,failed,0,0,,no_usable_pages,known,,,bpt6k233091d: no usable pages in manifest.,2026-07-18T11:51:13.745490
letemps,bpt6k233092s,,failed,0,0,,no_usable_pages,known,,,bpt6k233092s: no usable pages in manifest.,2026-07-18T11:51:14.807453
letemps,bpt6k2330935,,failed,0,0,,no_usable_pages,known,,,bpt6k2330935: no usable pages in manifest.,2026-07-18T11:51:16.179965
letemps,bpt6k233094j,,failed,0,0,,no_usable_pages,known,,,bpt6k233094j: no usable pages in manifest.,2026-07-18T11:51:17.169098
letemps,bpt6k233095x,,failed,0,0,,no_usable_pages,known,,,bpt6k233095x: no usable pages in manifest.,2026-07-18T11:51:18.291902
letemps,bpt6k233097p,,failed,0,0,,no_usable_pages,known,,,bpt6k233097p: no usable pages in manifest.,2026-07-18T11:51:20.643235
letemps,bpt6k2330982,,failed,0,0,,no_usable_pages,known,,,bpt6k2330982: no usable pages in manifest.,2026-07-18T11:51:22.034273
letemps,bpt6k233099f,,failed,0,0,,no_usable_pages,known,,,bpt6k233099f: no usable pages in manifest.,2026-07-18T11:51:23.186261
letemps,bpt6k2331007,,failed,0,0,,no_usable_pages,known,,,bpt6k2331007: no usable pages in manifest.,2026-07-18T11:51:24.431963
letemps,bpt6k233101m,,failed,0,0,,no_usable_pages,known,,,bpt6k233101m: no usable pages in manifest.,2026-07-18T11:51:25.536257
letemps,bpt6k2331020,,failed,0,0,,no_usable_pages,known,,,bpt6k2331020: no usable pages in manifest.,2026-07-18T11:51:26.897057
letemps,bpt6k233103c,,failed,0,0,,no_usable_pages,known,,,bpt6k233103c: no usable pages in manifest.,2026-07-18T11:51:28.056243
letemps,bpt6k233104r,,failed,0,0,,no_usable_pages,known,,,bpt6k233104r: no usable pages in manifest.,2026-07-18T11:51:29.179183
letemps,bpt6k2331054,,failed,0,0,,no_usable_pages,known,,,bpt6k2331054: no usable pages in manifest.,2026-07-18T11:51:30.313602
letemps,bpt6k233106h,,failed,0,0,,no_usable_pages,known,,,bpt6k233106h: no usable pages in manifest.,2026-07-18T11:51:31.475903
letemps,bpt6k233107w,,failed,0,0,,no_usable_pages,known,,,bpt6k233107w: no usable pages in manifest.,2026-07-18T11:51:32.832515
letemps,bpt6k2331088,,failed,0,0,,no_usable_pages,known,,,bpt6k2331088: no usable pages in manifest.,2026-07-18T11:51:33.903023
letemps,bpt6k233109n,,failed,0,0,,no_usable_pages,known,,,bpt6k233109n: no usable pages in manifest.,2026-07-18T11:51:35.152503
letemps,bpt6k233110k,,failed,0,0,,no_usable_pages,known,,,bpt6k233110k: no usable pages in manifest.,2026-07-18T11:51:36.439188
letemps,bpt6k233111z,,failed,0,0,,no_usable_pages,known,,,bpt6k233111z: no usable pages in manifest.,2026-07-18T11:51:37.503689
letemps,bpt6k233112b,,failed,0,0,,no_usable_pages,known,,,bpt6k233112b: no usable pages in manifest.,2026-07-18T11:51:38.706324
letemps,bpt6k233113q,,failed,0,0,,no_usable_pages,known,,,bpt6k233113q: no usable pages in manifest.,2026-07-18T11:51:39.942587
letemps,bpt6k2331143,,failed,0,0,,no_usable_pages,known,,,bpt6k2331143: no usable pages in manifest.,2026-07-18T11:51:41.146658
letemps,bpt6k233115g,,failed,0,0,,no_usable_pages,known,,,bpt6k233115g: no usable pages in manifest.,2026-07-18T11:51:42.434634
letemps,bpt6k2331177,,failed,0,0,,no_usable_pages,known,,,bpt6k2331177: no usable pages in manifest.,2026-07-18T11:51:43.569102
letemps,bpt6k233116v,,failed,0,0,,no_usable_pages,known,,,bpt6k233116v: no usable pages in manifest.,2026-07-18T11:51:44.780447
letemps,bpt6k233118m,,failed,0,0,,no_usable_pages,known,,,bpt6k233118m: no usable pages in manifest.,2026-07-18T11:51:46.013952
letemps,bpt6k233120x,,failed,0,0,,no_usable_pages,known,,,bpt6k233120x: no usable pages in manifest.,2026-07-18T11:51:48.442489
letemps,bpt6k2331219,,failed,0,0,,no_usable_pages,known,,,bpt6k2331219: no usable pages in manifest.,2026-07-18T11:51:49.474660
letemps,bpt6k233122p,,failed,0,0,,no_usable_pages,known,,,bpt6k233122p: no usable pages in manifest.,2026-07-18T11:51:50.830415
letemps,bpt6k2331232,,failed,0,0,,no_usable_pages,known,,,bpt6k2331232: no usable pages in manifest.,2026-07-18T11:51:52.213906
letemps,bpt6k233125t,,failed,0,0,,no_usable_pages,known,,,bpt6k233125t: no usable pages in manifest.,2026-07-18T11:51:54.277813
letemps,bpt6k2331266,,failed,0,0,,no_usable_pages,known,,,bpt6k2331266: no usable pages in manifest.,2026-07-18T11:51:55.462940
letemps,bpt6k233127k,,failed,0,0,,no_usable_pages,known,,,bpt6k233127k: no usable pages in manifest.,2026-07-18T11:51:56.766270
letemps,bpt6k233128z,,failed,0,0,,no_usable_pages,known,,,bpt6k233128z: no usable pages in manifest.,2026-07-18T11:51:58.088113
letemps,bpt6k233129b,,failed,0,0,,no_usable_pages,known,,,bpt6k233129b: no usable pages in manifest.,2026-07-18T11:51:59.205923
letemps,bpt6k2331308,,failed,0,0,,no_usable_pages,known,,,bpt6k2331308: no usable pages in manifest.,2026-07-18T11:52:00.336550
letemps,bpt6k233131n,,failed,0,0,,no_usable_pages,known,,,bpt6k233131n: no usable pages in manifest.,2026-07-18T11:52:01.525303
letemps,bpt6k2331321,,failed,0,0,,no_usable_pages,known,,,bpt6k2331321: no usable pages in manifest.,2026-07-18T11:52:02.831181
letemps,bpt6k233133d,,failed,0,0,,no_usable_pages,known,,,bpt6k233133d: no usable pages in manifest.,2026-07-18T11:52:03.969356
letemps,bpt6k233134s,,failed,0,0,,no_usable_pages,known,,,bpt6k233134s: no usable pages in manifest.,2026-07-18T11:52:05.195472
letemps,bpt6k2331355,,failed,0,0,,no_usable_pages,known,,,bpt6k2331355: no usable pages in manifest.,2026-07-18T11:52:06.500078
letemps,bpt6k233136j,,failed,0,0,,no_usable_pages,known,,,bpt6k233136j: no usable pages in manifest.,2026-07-18T11:52:07.942900
letemps,bpt6k233137x,,failed,0,0,,no_usable_pages,known,,,bpt6k233137x: no usable pages in manifest.,2026-07-18T11:52:08.735299
letemps,bpt6k2331389,,failed,0,0,,no_usable_pages,known,,,bpt6k2331389: no usable pages in manifest.,2026-07-18T11:52:10.038416
letemps,bpt6k233139p,,failed,0,0,,no_usable_pages,known,,,bpt6k233139p: no usable pages in manifest.,2026-07-18T11:52:11.215021
letemps,bpt6k233140m,,failed,0,0,,no_usable_pages,known,,,bpt6k233140m: no usable pages in manifest.,2026-07-18T11:52:12.498277
letemps,bpt6k2331410,,failed,0,0,,no_usable_pages,known,,,bpt6k2331410: no usable pages in manifest.,2026-07-18T11:52:13.683175
letemps,bpt6k233142c,,failed,0,0,,no_usable_pages,known,,,bpt6k233142c: no usable pages in manifest.,2026-07-18T11:52:14.983126
letemps,bpt6k233143r,,failed,0,0,,no_usable_pages,known,,,bpt6k233143r: no usable pages in manifest.,2026-07-18T11:52:15.978090
letemps,bpt6k2331444,,failed,0,0,,no_usable_pages,known,,,bpt6k2331444: no usable pages in manifest.,2026-07-18T11:52:17.156671
letemps,bpt6k233146w,,failed,0,0,,no_usable_pages,known,,,bpt6k233146w: no usable pages in manifest.,2026-07-18T11:52:19.654086
letemps,bpt6k2331478,,failed,0,0,,no_usable_pages,known,,,bpt6k2331478: no usable pages in manifest.,2026-07-18T11:52:20.767312
letemps,bpt6k233148n,,failed,0,0,,no_usable_pages,known,,,bpt6k233148n: no usable pages in manifest.,2026-07-18T11:52:22.033122
letemps,bpt6k2331491,,failed,0,0,,no_usable_pages,known,,,bpt6k2331491: no usable pages in manifest.,2026-07-18T11:52:23.416434
letemps,bpt6k233151b,,failed,0,0,,no_usable_pages,known,,,bpt6k233151b: no usable pages in manifest.,2026-07-18T11:52:24.378239
letemps,bpt6k233150z,,failed,0,0,,no_usable_pages,known,,,bpt6k233150z: no usable pages in manifest.,2026-07-18T11:52:25.868751
letemps,bpt6k233152q,,failed,0,0,,no_usable_pages,known,,,bpt6k233152q: no usable pages in manifest.,2026-07-18T11:52:26.876064
letemps,bpt6k2331533,,failed,0,0,,no_usable_pages,known,,,bpt6k2331533: no usable pages in manifest.,2026-07-18T11:52:28.121985
letemps,bpt6k233182r,,failed,0,0,,no_usable_pages,known,,,bpt6k233182r: no usable pages in manifest.,2026-07-18T11:53:01.606660
letemps,bpt6k2331834,,failed,0,0,,no_usable_pages,known,,,bpt6k2331834: no usable pages in manifest.,2026-07-18T11:53:02.752682
letemps,bpt6k233184h,,failed,0,0,,no_usable_pages,known,,,bpt6k233184h: no usable pages in manifest.,2026-07-18T11:53:04.005956
letemps,bpt6k233185w,,failed,0,0,,no_usable_pages,known,,,bpt6k233185w: no usable pages in manifest.,2026-07-18T11:53:05.264750
letemps,bpt6k2331868,,failed,0,0,,no_usable_pages,known,,,bpt6k2331868: no usable pages in manifest.,2026-07-18T11:53:06.598610
letemps,bpt6k233187n,,failed,0,0,,no_usable_pages,known,,,bpt6k233187n: no usable pages in manifest.,2026-07-18T11:53:07.974491
letemps,bpt6k2331881,,failed,0,0,,no_usable_pages,known,,,bpt6k2331881: no usable pages in manifest.,2026-07-18T11:53:08.840155
letemps,bpt6k233189d,,failed,0,0,,no_usable_pages,known,,,bpt6k233189d: no usable pages in manifest.,2026-07-18T11:53:10.048220
letemps,bpt6k233190b,,failed,0,0,,no_usable_pages,known,,,bpt6k233190b: no usable pages in manifest.,2026-07-18T11:53:11.148698
letemps,bpt6k233191q,,failed,0,0,,no_usable_pages,known,,,bpt6k233191q: no usable pages in manifest.,2026-07-18T11:53:12.559738
letemps,bpt6k2331923,,failed,0,0,,no_usable_pages,known,,,bpt6k2331923: no usable pages in manifest.,2026-07-18T11:53:13.938757
letemps,bpt6k233193g,,failed,0,0,,no_usable_pages,known,,,bpt6k233193g: no usable pages in manifest.,2026-07-18T11:53:15.129987
letemps,bpt6k233194v,,failed,0,0,,no_usable_pages,known,,,bpt6k233194v: no usable pages in manifest.,2026-07-18T11:53:16.106233
letemps,bpt6k2331957,,failed,0,0,,no_usable_pages,known,,,bpt6k2331957: no usable pages in manifest.,2026-07-18T11:53:17.158750
letemps,bpt6k233196m,,failed,0,0,,no_usable_pages,known,,,bpt6k233196m: no usable pages in manifest.,2026-07-18T11:53:18.553745
letemps,bpt6k2331970,,failed,0,0,,no_usable_pages,known,,,bpt6k2331970: no usable pages in manifest.,2026-07-18T11:53:19.693361
letemps,bpt6k233198c,,failed,0,0,,no_usable_pages,known,,,bpt6k233198c: no usable pages in manifest.,2026-07-18T11:53:20.935756
letemps,bpt6k233199r,,failed,0,0,,no_usable_pages,known,,,bpt6k233199r: no usable pages in manifest.,2026-07-18T11:53:22.181106
letemps,bpt6k233200j,,failed,0,0,,no_usable_pages,known,,,bpt6k233200j: no usable pages in manifest.,2026-07-18T11:53:23.233891
letemps,bpt6k233201x,,failed,0,0,,no_usable_pages,known,,,bpt6k233201x: no usable pages in manifest.,2026-07-18T11:53:24.800433
letemps,bpt6k2332029,,failed,0,0,,no_usable_pages,known,,,bpt6k2332029: no usable pages in manifest.,2026-07-18T11:53:25.643580
letemps,bpt6k233203p,,failed,0,0,,no_usable_pages,known,,,bpt6k233203p: no usable pages in manifest.,2026-07-18T11:53:27.043896
letemps,bpt6k2332042,,failed,0,0,,no_usable_pages,known,,,bpt6k2332042: no usable pages in manifest.,2026-07-18T11:53:28.205615
letemps,bpt6k233205f,,failed,0,0,,no_usable_pages,known,,,bpt6k233205f: no usable pages in manifest.,2026-07-18T11:53:29.214451
letemps,bpt6k233206t,,failed,0,0,,no_usable_pages,known,,,bpt6k233206t: no usable pages in manifest.,2026-07-18T11:53:30.455041
letemps,bpt6k2332076,,failed,0,0,,no_usable_pages,known,,,bpt6k2332076: no usable pages in manifest.,2026-07-18T11:53:31.613402
letemps,bpt6k233208k,,failed,0,0,,no_usable_pages,known,,,bpt6k233208k: no usable pages in manifest.,2026-07-18T11:53:32.863150
letemps,bpt6k233209z,,failed,0,0,,no_usable_pages,known,,,bpt6k233209z: no usable pages in manifest.,2026-07-18T11:53:34.053983
letemps,bpt6k233210w,,failed,0,0,,no_usable_pages,known,,,bpt6k233210w: no usable pages in manifest.,2026-07-18T11:53:35.238434
letemps,bpt6k2332118,,failed,0,0,,no_usable_pages,known,,,bpt6k2332118: no usable pages in manifest.,2026-07-18T11:53:36.533077
letemps,bpt6k233212n,,failed,0,0,,no_usable_pages,known,,,bpt6k233212n: no usable pages in manifest.,2026-07-18T11:53:37.683533
letemps,bpt6k2332131,,failed,0,0,,no_usable_pages,known,,,bpt6k2332131: no usable pages in manifest.,2026-07-18T11:53:38.889651
letemps,bpt6k233214d,,failed,0,0,,no_usable_pages,known,,,bpt6k233214d: no usable pages in manifest.,2026-07-18T11:53:40.139975
letemps,bpt6k233215s,,failed,0,0,,no_usable_pages,known,,,bpt6k233215s: no usable pages in manifest.,2026-07-18T11:53:41.306511
letemps,bpt6k2332165,,failed,0,0,,no_usable_pages,known,,,bpt6k2332165: no usable pages in manifest.,2026-07-18T11:53:42.419668
letemps,bpt6k233217j,,failed,0,0,,no_usable_pages,known,,,bpt6k233217j: no usable pages in manifest.,2026-07-18T11:53:43.704191
letemps,bpt6k233218x,,failed,0,0,,no_usable_pages,known,,,bpt6k233218x: no usable pages in manifest.,2026-07-18T11:53:45.107256
letemps,bpt6k2332199,,failed,0,0,,no_usable_pages,known,,,bpt6k2332199: no usable pages in manifest.,2026-07-18T11:53:46.056304
letemps,bpt6k2332207,,failed,0,0,,no_usable_pages,known,,,bpt6k2332207: no usable pages in manifest.,2026-07-18T11:53:47.269324
letemps,bpt6k233221m,,failed,0,0,,no_usable_pages,known,,,bpt6k233221m: no usable pages in manifest.,2026-07-18T11:53:48.425701
letemps,bpt6k2332220,,failed,0,0,,no_usable_pages,known,,,bpt6k2332220: no usable pages in manifest.,2026-07-18T11:53:49.737140
letemps,bpt6k233223c,,failed,0,0,,no_usable_pages,known,,,bpt6k233223c: no usable pages in manifest.,2026-07-18T11:53:50.946539
letemps,bpt6k233224r,,failed,0,0,,no_usable_pages,known,,,bpt6k233224r: no usable pages in manifest.,2026-07-18T11:53:52.038996
letemps,bpt6k2332254,,failed,0,0,,no_usable_pages,known,,,bpt6k2332254: no usable pages in manifest.,2026-07-18T11:53:53.242297
letemps,bpt6k2332343,,failed,0,0,,no_usable_pages,known,,,bpt6k2332343: no usable pages in manifest.,2026-07-18T11:54:04.187287
letemps,bpt6k2332377,,failed,0,0,,no_usable_pages,known,,,bpt6k2332377: no usable pages in manifest.,2026-07-18T11:54:07.989548
letemps,bpt6k233283f,,failed,0,0,,no_usable_pages,known,,,bpt6k233283f: no usable pages in manifest.,2026-07-18T11:55:03.190551
letemps,bpt6k233284t,,failed,0,0,,no_usable_pages,known,,,bpt6k233284t: no usable pages in manifest.,2026-07-18T11:55:04.395418
letemps,bpt6k2332856,,failed,0,0,,no_usable_pages,known,,,bpt6k2332856: no usable pages in manifest.,2026-07-18T11:55:05.674017
letemps,bpt6k233286k,,failed,0,0,,no_usable_pages,known,,,bpt6k233286k: no usable pages in manifest.,2026-07-18T11:55:06.818200
letemps,bpt6k233287z,,failed,0,0,,no_usable_pages,known,,,bpt6k233287z: no usable pages in manifest.,2026-07-18T11:55:08.131984
letemps,bpt6k233288b,,failed,0,0,,no_usable_pages,known,,,bpt6k233288b: no usable pages in manifest.,2026-07-18T11:55:09.122946
letemps,bpt6k233374s,,failed,0,0,,no_usable_pages,known,,,bpt6k233374s: no usable pages in manifest.,2026-07-18T11:56:52.961070
letemps,bpt6k233813w,,failed,0,0,,no_usable_pages,known,,,bpt6k233813w: no usable pages in manifest.,2026-07-18T12:05:54.512992
letemps,bpt6k233890h,,failed,0,0,,no_usable_pages,known,,,bpt6k233890h: no usable pages in manifest.,2026-07-18T12:07:27.931344
letemps,bpt6k233941g,,failed,0,0,,no_usable_pages,known,,,bpt6k233941g: no usable pages in manifest.,2026-07-18T12:08:29.325244
letemps,bpt6k234001k,,failed,0,0,,no_usable_pages,known,,,bpt6k234001k: no usable pages in manifest.,2026-07-18T12:09:40.346587
letemps,bpt6k234002z,,failed,0,0,,no_usable_pages,known,,,bpt6k234002z: no usable pages in manifest.,2026-07-18T12:09:41.562585
letemps,bpt6k234429j,,failed,0,0,,no_usable_pages,known,,,bpt6k234429j: no usable pages in manifest.,2026-07-18T12:17:12.986031
letemps,bpt6k234688v,,failed,0,0,,no_usable_pages,known,,,bpt6k234688v: no usable pages in manifest.,2026-07-18T12:22:24.678216
letemps,bpt6k235074d,,failed,0,0,,no_usable_pages,known,,,bpt6k235074d: no usable pages in manifest.,2026-07-18T12:30:07.206700
letemps,bpt6k235516n,,failed,0,0,,no_usable_pages,known,,,bpt6k235516n: no usable pages in manifest.,2026-07-18T12:40:10.829166
letemps,bpt6k236196f,,failed,0,0,,no_usable_pages,known,,,bpt6k236196f: no usable pages in manifest.,2026-07-18T12:56:57.249022
letemps,bpt6k236627z,,failed,0,0,,no_usable_pages,known,,,bpt6k236627z: no usable pages in manifest.,2026-07-18T13:06:31.441202
letemps,bpt6k2383088,,failed,0,0,,no_usable_pages,known,,,bpt6k2383088: no usable pages in manifest.,2026-07-18T13:44:12.906776
letemps,bpt6k2393944,,failed,0,0,,no_usable_pages,known,,,bpt6k2393944: no usable pages in manifest.,2026-07-18T14:06:46.363186
letemps,bpt6k2394097,,failed,0,0,,no_usable_pages,known,,,bpt6k2394097: no usable pages in manifest.,2026-07-18T14:07:05.628761
letemps,bpt6k239969v,,failed,0,0,,no_usable_pages,known,,,bpt6k239969v: no usable pages in manifest.,2026-07-18T14:18:29.408965
letemps,bpt6k240091t,,failed,0,0,,no_usable_pages,known,,,bpt6k240091t: no usable pages in manifest.,2026-07-18T14:20:58.280193
letemps,bpt6k240160q,,failed,0,0,,no_usable_pages,known,,,bpt6k240160q: no usable pages in manifest.,2026-07-18T14:22:21.311135
letemps,bpt6k2402109,,failed,0,0,,no_usable_pages,known,,,bpt6k2402109: no usable pages in manifest.,2026-07-18T14:23:21.749986
letemps,bpt6k240757w,,failed,0,0,,no_usable_pages,known,,,bpt6k240757w: no usable pages in manifest.,2026-07-18T14:34:23.830619
letemps,bpt6k240832m,,failed,0,0,,no_usable_pages,known,,,bpt6k240832m: no usable pages in manifest.,2026-07-18T14:35:54.332565
letemps,bpt6k2408665,,failed,0,0,,no_usable_pages,known,,,bpt6k2408665: no usable pages in manifest.,2026-07-18T14:36:35.301580
letemps,bpt6k241014g,,failed,0,0,,no_usable_pages,known,,,bpt6k241014g: no usable pages in manifest.,2026-07-18T14:39:35.946051
letemps,bpt6k241019c,,failed,0,0,,no_usable_pages,known,,,bpt6k241019c: no usable pages in manifest.,2026-07-18T14:39:41.900444
letemps,bpt6k241030n,,failed,0,0,,no_usable_pages,known,,,bpt6k241030n: no usable pages in manifest.,2026-07-18T14:39:55.253307
letemps,bpt6k241036x,,failed,0,0,,no_usable_pages,known,,,bpt6k241036x: no usable pages in manifest.,2026-07-18T14:40:02.381012
letemps,bpt6k241050b,,failed,0,0,,no_usable_pages,known,,,bpt6k241050b: no usable pages in manifest.,2026-07-18T14:40:20.081381
letemps,bpt6k241075x,,failed,0,0,,no_usable_pages,known,,,bpt6k241075x: no usable pages in manifest.,2026-07-18T14:40:50.084199
letemps,bpt6k241080c,,failed,0,0,,no_usable_pages,known,,,bpt6k241080c: no usable pages in manifest.,2026-07-18T14:40:55.820237
letemps,bpt6k241088d,,failed,0,0,,no_usable_pages,known,,,bpt6k241088d: no usable pages in manifest.,2026-07-18T14:41:05.506597
letemps,bpt6k2410947,,failed,0,0,,no_usable_pages,known,,,bpt6k2410947: no usable pages in manifest.,2026-07-18T14:41:12.889497
letemps,bpt6k241144t,,failed,0,0,,no_usable_pages,known,,,bpt6k241144t: no usable pages in manifest.,2026-07-18T14:42:12.830873
letemps,bpt6k2414106,,failed,0,0,,no_usable_pages,known,,,bpt6k2414106: no usable pages in manifest.,2026-07-18T14:43:16.617921
letemps,bpt6k241425f,,failed,0,0,,no_usable_pages,known,,,bpt6k241425f: no usable pages in manifest.,2026-07-18T14:43:34.768256
letemps,bpt6k242539w,,failed,0,0,,no_usable_pages,known,,,bpt6k242539w: no usable pages in manifest.,2026-07-18T15:06:48.151477
letemps,bpt6k2429559,,failed,0,0,,no_usable_pages,known,,,bpt6k2429559: no usable pages in manifest.,2026-07-18T15:16:55.824403
letemps,bpt6k2432439,,failed,0,0,,no_usable_pages,known,,,bpt6k2432439: no usable pages in manifest.,2026-07-18T15:23:13.494953
letemps,bpt6k243529t,,failed,0,0,,no_usable_pages,known,,,bpt6k243529t: no usable pages in manifest.,2026-07-18T15:29:17.676426
letemps,bpt6k244266d,,failed,0,0,,no_usable_pages,known,,,bpt6k244266d: no usable pages in manifest.,2026-07-18T15:44:36.492844
letemps,bpt6k2447523,,failed,0,0,,no_usable_pages,known,,,bpt6k2447523: no usable pages in manifest.,2026-07-18T15:54:35.507921
letemps,bpt6k2455356,,failed,0,0,,no_usable_pages,known,,,bpt6k2455356: no usable pages in manifest.,2026-07-18T16:11:23.540941
letemps,bpt6k245577b,,failed,0,0,,no_usable_pages,known,,,bpt6k245577b: no usable pages in manifest.,2026-07-18T16:12:16.802010
letemps,bpt6k245605g,,failed,0,0,,no_usable_pages,known,,,bpt6k245605g: no usable pages in manifest.,2026-07-18T16:12:51.502615
letemps,bpt6k245797n,,failed,0,0,,no_usable_pages,known,,,bpt6k245797n: no usable pages in manifest.,2026-07-18T16:16:51.666724
letemps,bpt6k2458880,,failed,0,0,,no_usable_pages,known,,,bpt6k2458880: no usable pages in manifest.,2026-07-18T16:18:46.484002
letemps,bpt6k245896k,,failed,0,0,,no_usable_pages,known,,,bpt6k245896k: no usable pages in manifest.,2026-07-18T16:18:56.662569
letemps,bpt6k245903n,,failed,0,0,,no_usable_pages,known,,,bpt6k245903n: no usable pages in manifest.,2026-07-18T16:19:05.223319
letemps,bpt6k2459075,,failed,0,0,,no_usable_pages,known,,,bpt6k2459075: no usable pages in manifest.,2026-07-18T16:19:10.400724
letemps,bpt6k245912m,,failed,0,0,,no_usable_pages,known,,,bpt6k245912m: no usable pages in manifest.,2026-07-18T16:19:16.198545
letemps,bpt6k245921k,,failed,0,0,,no_usable_pages,known,,,bpt6k245921k: no usable pages in manifest.,2026-07-18T16:19:27.271198
letemps,bpt6k246046n,,failed,0,0,,no_usable_pages,known,,,bpt6k246046n: no usable pages in manifest.,2026-07-18T16:22:04.900390
letemps,bpt6k246641m,,failed,0,0,,no_usable_pages,known,,,bpt6k246641m: no usable pages in manifest.,2026-07-18T16:34:17.591893
letemps,bpt6k246649n,,failed,0,0,,no_usable_pages,known,,,bpt6k246649n: no usable pages in manifest.,2026-07-18T16:34:27.625773
letemps,bpt6k2466543,,failed,0,0,,no_usable_pages,known,,,bpt6k2466543: no usable pages in manifest.,2026-07-18T16:34:33.415663
letemps,bpt6k2468239,,failed,0,0,,no_usable_pages,known,,,bpt6k2468239: no usable pages in manifest.,2026-07-18T16:38:04.046754
letemps,bpt6k246824p,,failed,0,0,,no_usable_pages,known,,,bpt6k246824p: no usable pages in manifest.,2026-07-18T16:38:05.096644
letemps,bpt6k2468252,,failed,0,0,,no_usable_pages,known,,,bpt6k2468252: no usable pages in manifest.,2026-07-18T16:38:06.523202
letemps,bpt6k246826f,,failed,0,0,,no_usable_pages,known,,,bpt6k246826f: no usable pages in manifest.,2026-07-18T16:38:07.534336
letemps,bpt6k246827t,,failed,0,0,,no_usable_pages,known,,,bpt6k246827t: no usable pages in manifest.,2026-07-18T16:38:08.753072
letemps,bpt6k2468286,,failed,0,0,,no_usable_pages,known,,,bpt6k2468286: no usable pages in manifest.,2026-07-18T16:38:10.232886
letemps,bpt6k246829k,,failed,0,0,,no_usable_pages,known,,,bpt6k246829k: no usable pages in manifest.,2026-07-18T16:38:11.574251
letemps,bpt6k246831w,,failed,0,0,,no_usable_pages,known,,,bpt6k246831w: no usable pages in manifest.,2026-07-18T16:38:13.497070
letemps,bpt6k2468328,,failed,0,0,,no_usable_pages,known,,,bpt6k2468328: no usable pages in manifest.,2026-07-18T16:38:14.868039
letemps,bpt6k246833n,,failed,0,0,,no_usable_pages,known,,,bpt6k246833n: no usable pages in manifest.,2026-07-18T16:38:15.871402
letemps,bpt6k2468341,,failed,0,0,,no_usable_pages,known,,,bpt6k2468341: no usable pages in manifest.,2026-07-18T16:38:17.397445
letemps,bpt6k246835d,,failed,0,0,,no_usable_pages,known,,,bpt6k246835d: no usable pages in manifest.,2026-07-18T16:38:18.388087
letemps,bpt6k246836s,,failed,0,0,,no_usable_pages,known,,,bpt6k246836s: no usable pages in manifest.,2026-07-18T16:38:19.611121
letemps,bpt6k2468375,,failed,0,0,,no_usable_pages,known,,,bpt6k2468375: no usable pages in manifest.,2026-07-18T16:38:20.825023
letemps,bpt6k246838j,,failed,0,0,,no_usable_pages,known,,,bpt6k246838j: no usable pages in manifest.,2026-07-18T16:38:21.906348
letemps,bpt6k246839x,,failed,0,0,,no_usable_pages,known,,,bpt6k246839x: no usable pages in manifest.,2026-07-18T16:38:23.526322
letemps,bpt6k246840v,,failed,0,0,,no_usable_pages,known,,,bpt6k246840v: no usable pages in manifest.,2026-07-18T16:38:24.402063
letemps,bpt6k2468417,,failed,0,0,,no_usable_pages,known,,,bpt6k2468417: no usable pages in manifest.,2026-07-18T16:38:25.805129
letemps,bpt6k246842m,,failed,0,0,,no_usable_pages,known,,,bpt6k246842m: no usable pages in manifest.,2026-07-18T16:38:26.835223
letemps,bpt6k2468430,,failed,0,0,,no_usable_pages,known,,,bpt6k2468430: no usable pages in manifest.,2026-07-18T16:38:28.256188
letemps,bpt6k246844c,,failed,0,0,,no_usable_pages,known,,,bpt6k246844c: no usable pages in manifest.,2026-07-18T16:38:29.192922
letemps,bpt6k246845r,,failed,0,0,,no_usable_pages,known,,,bpt6k246845r: no usable pages in manifest.,2026-07-18T16:38:30.506561
letemps,bpt6k2468464,,failed,0,0,,no_usable_pages,known,,,bpt6k2468464: no usable pages in manifest.,2026-07-18T16:38:31.735553
letemps,bpt6k246847h,,failed,0,0,,no_usable_pages,known,,,bpt6k246847h: no usable pages in manifest.,2026-07-18T16:38:32.692855
letemps,bpt6k246848w,,failed,0,0,,no_usable_pages,known,,,bpt6k246848w: no usable pages in manifest.,2026-07-18T16:38:34.031074
letemps,bpt6k2468498,,failed,0,0,,no_usable_pages,known,,,bpt6k2468498: no usable pages in manifest.,2026-07-18T16:38:35.275434
letemps,bpt6k2468506,,failed,0,0,,no_usable_pages,known,,,bpt6k2468506: no usable pages in manifest.,2026-07-18T16:38:36.472464
letemps,bpt6k246851k,,failed,0,0,,no_usable_pages,known,,,bpt6k246851k: no usable pages in manifest.,2026-07-18T16:38:37.571350
letemps,bpt6k247327j,,failed,0,0,,no_usable_pages,known,,,bpt6k247327j: no usable pages in manifest.,2026-07-18T16:48:22.788452
letemps,bpt6k247328x,,failed,0,0,,no_usable_pages,known,,,bpt6k247328x: no usable pages in manifest.,2026-07-18T16:48:24.042426
letemps,bpt6k2473307,,failed,0,0,,no_usable_pages,known,,,bpt6k2473307: no usable pages in manifest.,2026-07-18T16:48:26.281889
letemps,bpt6k247331m,,failed,0,0,,no_usable_pages,known,,,bpt6k247331m: no usable pages in manifest.,2026-07-18T16:48:27.489332
letemps,bpt6k2473320,,failed,0,0,,no_usable_pages,known,,,bpt6k2473320: no usable pages in manifest.,2026-07-18T16:48:28.793813
letemps,bpt6k247333c,,failed,0,0,,no_usable_pages,known,,,bpt6k247333c: no usable pages in manifest.,2026-07-18T16:48:30.078734
letemps,bpt6k247334r,,failed,0,0,,no_usable_pages,known,,,bpt6k247334r: no usable pages in manifest.,2026-07-18T16:48:31.129639
letemps,bpt6k247336h,,failed,0,0,,no_usable_pages,known,,,bpt6k247336h: no usable pages in manifest.,2026-07-18T16:48:32.327688
letemps,bpt6k2473354,,failed,0,0,,no_usable_pages,known,,,bpt6k2473354: no usable pages in manifest.,2026-07-18T16:48:33.565178
letemps,bpt6k247337w,,failed,0,0,,no_usable_pages,known,,,bpt6k247337w: no usable pages in manifest.,2026-07-18T16:48:34.876810
letemps,bpt6k2473388,,failed,0,0,,no_usable_pages,known,,,bpt6k2473388: no usable pages in manifest.,2026-07-18T16:48:35.902342
letemps,bpt6k247339n,,failed,0,0,,no_usable_pages,known,,,bpt6k247339n: no usable pages in manifest.,2026-07-18T16:48:37.160718
letemps,bpt6k247340k,,failed,0,0,,no_usable_pages,known,,,bpt6k247340k: no usable pages in manifest.,2026-07-18T16:48:38.228728
letemps,bpt6k247341z,,failed,0,0,,no_usable_pages,known,,,bpt6k247341z: no usable pages in manifest.,2026-07-18T16:48:39.593460
letemps,bpt6k247342b,,failed,0,0,,no_usable_pages,known,,,bpt6k247342b: no usable pages in manifest.,2026-07-18T16:48:40.938967
letemps,bpt6k2473443,,failed,0,0,,no_usable_pages,known,,,bpt6k2473443: no usable pages in manifest.,2026-07-18T16:48:41.969824
letemps,bpt6k247345g,,failed,0,0,,no_usable_pages,known,,,bpt6k247345g: no usable pages in manifest.,2026-07-18T16:48:44.342729
letemps,bpt6k247346v,,failed,0,0,,no_usable_pages,known,,,bpt6k247346v: no usable pages in manifest.,2026-07-18T16:48:45.608185
letemps,bpt6k2473477,,failed,0,0,,no_usable_pages,known,,,bpt6k2473477: no usable pages in manifest.,2026-07-18T16:48:46.747846
letemps,bpt6k247348m,,failed,0,0,,no_usable_pages,known,,,bpt6k247348m: no usable pages in manifest.,2026-07-18T16:48:47.963320
letemps,bpt6k247350x,,failed,0,0,,no_usable_pages,known,,,bpt6k247350x: no usable pages in manifest.,2026-07-18T16:48:50.452130
letemps,bpt6k2473519,,failed,0,0,,no_usable_pages,known,,,bpt6k2473519: no usable pages in manifest.,2026-07-18T16:48:51.551407
letemps,bpt6k247352p,,failed,0,0,,no_usable_pages,known,,,bpt6k247352p: no usable pages in manifest.,2026-07-18T16:48:52.750292
letemps,bpt6k2473532,,failed,0,0,,no_usable_pages,known,,,bpt6k2473532: no usable pages in manifest.,2026-07-18T16:48:53.800440
letemps,bpt6k247354f,,failed,0,0,,no_usable_pages,known,,,bpt6k247354f: no usable pages in manifest.,2026-07-18T16:48:55.188659
letemps,bpt6k247355t,,failed,0,0,,no_usable_pages,known,,,bpt6k247355t: no usable pages in manifest.,2026-07-18T16:48:56.322680
letemps,bpt6k2473566,,failed,0,0,,no_usable_pages,known,,,bpt6k2473566: no usable pages in manifest.,2026-07-18T16:48:57.700308
letemps,bpt6k247357k,,failed,0,0,,no_usable_pages,known,,,bpt6k247357k: no usable pages in manifest.,2026-07-18T16:48:58.680328
letemps,bpt6k247358z,,failed,0,0,,no_usable_pages,known,,,bpt6k247358z: no usable pages in manifest.,2026-07-18T16:48:59.934972
letemps,bpt6k2473608,,failed,0,0,,no_usable_pages,known,,,bpt6k2473608: no usable pages in manifest.,2026-07-18T16:49:01.040256
letemps,bpt6k247359b,,failed,0,0,,no_usable_pages,known,,,bpt6k247359b: no usable pages in manifest.,2026-07-18T16:49:02.518457
letemps,bpt6k247361n,,failed,0,0,,no_usable_pages,known,,,bpt6k247361n: no usable pages in manifest.,2026-07-18T16:49:03.600301
letemps,bpt6k2473621,,failed,0,0,,no_usable_pages,known,,,bpt6k2473621: no usable pages in manifest.,2026-07-18T16:49:04.673406
letemps,bpt6k247363d,,failed,0,0,,no_usable_pages,known,,,bpt6k247363d: no usable pages in manifest.,2026-07-18T16:49:05.941922
letemps,bpt6k247364s,,failed,0,0,,no_usable_pages,known,,,bpt6k247364s: no usable pages in manifest.,2026-07-18T16:49:07.558016
letemps,bpt6k2473655,,failed,0,0,,no_usable_pages,known,,,bpt6k2473655: no usable pages in manifest.,2026-07-18T16:49:08.302600
letemps,bpt6k247366j,,failed,0,0,,no_usable_pages,known,,,bpt6k247366j: no usable pages in manifest.,2026-07-18T16:49:09.776559
letemps,bpt6k2473689,,failed,0,0,,no_usable_pages,known,,,bpt6k2473689: no usable pages in manifest.,2026-07-18T16:49:11.266097
letemps,bpt6k247367x,,failed,0,0,,no_usable_pages,known,,,bpt6k247367x: no usable pages in manifest.,2026-07-18T16:49:11.879954
letemps,bpt6k247369p,,failed,0,0,,no_usable_pages,known,,,bpt6k247369p: no usable pages in manifest.,2026-07-18T16:49:13.305748
letemps,bpt6k247370m,,failed,0,0,,no_usable_pages,known,,,bpt6k247370m: no usable pages in manifest.,2026-07-18T16:49:14.473969
letemps,bpt6k2473710,,failed,0,0,,no_usable_pages,known,,,bpt6k2473710: no usable pages in manifest.,2026-07-18T16:49:15.462491
letemps,bpt6k247372c,,failed,0,0,,no_usable_pages,known,,,bpt6k247372c: no usable pages in manifest.,2026-07-18T16:49:16.772211
letemps,bpt6k247373r,,failed,0,0,,no_usable_pages,known,,,bpt6k247373r: no usable pages in manifest.,2026-07-18T16:49:17.925310
letemps,bpt6k2473744,,failed,0,0,,no_usable_pages,known,,,bpt6k2473744: no usable pages in manifest.,2026-07-18T16:49:19.105735
letemps,bpt6k247375h,,failed,0,0,,no_usable_pages,known,,,bpt6k247375h: no usable pages in manifest.,2026-07-18T16:49:20.378202
letemps,bpt6k247376w,,failed,0,0,,no_usable_pages,known,,,bpt6k247376w: no usable pages in manifest.,2026-07-18T16:49:21.766422
letemps,bpt6k2473778,,failed,0,0,,no_usable_pages,known,,,bpt6k2473778: no usable pages in manifest.,2026-07-18T16:49:22.849940
letemps,bpt6k2474028,,failed,0,0,,no_usable_pages,known,,,bpt6k2474028: no usable pages in manifest.,2026-07-18T16:49:53.079649
letemps,bpt6k2475275,,failed,0,0,,no_usable_pages,known,,,bpt6k2475275: no usable pages in manifest.,2026-07-18T16:52:29.438889
letemps,bpt6k247581z,,failed,0,0,,no_usable_pages,known,,,bpt6k247581z: no usable pages in manifest.,2026-07-18T16:53:37.864037
letemps,bpt6k247583q,,failed,0,0,,no_usable_pages,known,,,bpt6k247583q: no usable pages in manifest.,2026-07-18T16:53:41.808129
letemps,bpt6k247585g,,failed,0,0,,no_usable_pages,known,,,bpt6k247585g: no usable pages in manifest.,2026-07-18T16:53:44.284971
letemps,bpt6k247586v,,failed,0,0,,no_usable_pages,known,,,bpt6k247586v: no usable pages in manifest.,2026-07-18T16:53:45.699057
letemps,bpt6k2475877,,failed,0,0,,no_usable_pages,known,,,bpt6k2475877: no usable pages in manifest.,2026-07-18T16:53:46.877157
letemps,bpt6k247588m,,failed,0,0,,no_usable_pages,known,,,bpt6k247588m: no usable pages in manifest.,2026-07-18T16:53:47.972924
letemps,bpt6k2475890,,failed,0,0,,no_usable_pages,known,,,bpt6k2475890: no usable pages in manifest.,2026-07-18T16:53:49.126324
letemps,bpt6k247590x,,failed,0,0,,no_usable_pages,known,,,bpt6k247590x: no usable pages in manifest.,2026-07-18T16:53:50.323919
letemps,bpt6k2475919,,failed,0,0,,no_usable_pages,known,,,bpt6k2475919: no usable pages in manifest.,2026-07-18T16:53:51.442741
letemps,bpt6k247592p,,failed,0,0,,no_usable_pages,known,,,bpt6k247592p: no usable pages in manifest.,2026-07-18T16:53:52.689872
letemps,bpt6k247736r,,failed,0,0,,no_usable_pages,known,,,bpt6k247736r: no usable pages in manifest.,2026-07-18T16:56:47.999826
letemps,bpt6k2478404,,failed,0,0,,no_usable_pages,known,,,bpt6k2478404: no usable pages in manifest.,2026-07-18T16:58:54.009398
letemps,bpt6k247860t,,failed,0,0,,no_usable_pages,known,,,bpt6k247860t: no usable pages in manifest.,2026-07-18T16:59:19.598261
letemps,bpt6k2490241,,failed,0,0,,no_usable_pages,known,,,bpt6k2490241: no usable pages in manifest.,2026-07-18T17:23:01.601899
letemps,bpt6k249025d,,failed,0,0,,no_usable_pages,known,,,bpt6k249025d: no usable pages in manifest.,2026-07-18T17:23:03.902232
letemps,bpt6k249026s,,failed,0,0,,no_usable_pages,known,,,bpt6k249026s: no usable pages in manifest.,2026-07-18T17:23:05.007829
letemps,bpt6k249028j,,failed,0,0,,no_usable_pages,known,,,bpt6k249028j: no usable pages in manifest.,2026-07-18T17:23:08.055437
letemps,bpt6k249029x,,failed,0,0,,no_usable_pages,known,,,bpt6k249029x: no usable pages in manifest.,2026-07-18T17:23:09.280897
letemps,bpt6k249030v,,failed,0,0,,no_usable_pages,known,,,bpt6k249030v: no usable pages in manifest.,2026-07-18T17:23:10.342818
letemps,bpt6k249032m,,failed,0,0,,no_usable_pages,known,,,bpt6k249032m: no usable pages in manifest.,2026-07-18T17:23:11.314817
letemps,bpt6k2490317,,failed,0,0,,no_usable_pages,known,,,bpt6k2490317: no usable pages in manifest.,2026-07-18T17:23:12.809914
letemps,bpt6k2490330,,failed,0,0,,no_usable_pages,known,,,bpt6k2490330: no usable pages in manifest.,2026-07-18T17:23:13.976514
letemps,bpt6k249034c,,failed,0,0,,no_usable_pages,known,,,bpt6k249034c: no usable pages in manifest.,2026-07-18T17:23:15.250264
letemps,bpt6k249035r,,failed,0,0,,no_usable_pages,known,,,bpt6k249035r: no usable pages in manifest.,2026-07-18T17:23:16.602853
letemps,bpt6k2490364,,failed,0,0,,no_usable_pages,known,,,bpt6k2490364: no usable pages in manifest.,2026-07-18T17:23:17.178920
letemps,bpt6k249037h,,failed,0,0,,no_usable_pages,known,,,bpt6k249037h: no usable pages in manifest.,2026-07-18T17:23:18.498859
letemps,bpt6k249038w,,failed,0,0,,no_usable_pages,known,,,bpt6k249038w: no usable pages in manifest.,2026-07-18T17:23:19.863164
letemps,bpt6k2490398,,failed,0,0,,no_usable_pages,known,,,bpt6k2490398: no usable pages in manifest.,2026-07-18T17:23:21.303272
letemps,bpt6k2490406,,failed,0,0,,no_usable_pages,known,,,bpt6k2490406: no usable pages in manifest.,2026-07-18T17:23:22.138765
letemps,bpt6k249041k,,failed,0,0,,no_usable_pages,known,,,bpt6k249041k: no usable pages in manifest.,2026-07-18T17:23:23.216036
letemps,bpt6k249042z,,failed,0,0,,no_usable_pages,known,,,bpt6k249042z: no usable pages in manifest.,2026-07-18T17:23:24.576488
letemps,bpt6k249043b,,failed,0,0,,no_usable_pages,known,,,bpt6k249043b: no usable pages in manifest.,2026-07-18T17:23:25.712803
letemps,bpt6k249044q,,failed,0,0,,no_usable_pages,known,,,bpt6k249044q: no usable pages in manifest.,2026-07-18T17:23:27.027488
letemps,bpt6k2490453,,failed,0,0,,no_usable_pages,known,,,bpt6k2490453: no usable pages in manifest.,2026-07-18T17:23:28.096571
letemps,bpt6k249046g,,failed,0,0,,no_usable_pages,known,,,bpt6k249046g: no usable pages in manifest.,2026-07-18T17:23:29.293616
letemps,bpt6k249047v,,failed,0,0,,no_usable_pages,known,,,bpt6k249047v: no usable pages in manifest.,2026-07-18T17:23:30.576521
letemps,bpt6k2490487,,failed,0,0,,no_usable_pages,known,,,bpt6k2490487: no usable pages in manifest.,2026-07-18T17:23:31.805023
letemps,bpt6k249049m,,failed,0,0,,no_usable_pages,known,,,bpt6k249049m: no usable pages in manifest.,2026-07-18T17:23:32.919222
letemps,bpt6k249050j,,failed,0,0,,no_usable_pages,known,,,bpt6k249050j: no usable pages in manifest.,2026-07-18T17:23:34.141081
letemps,bpt6k249051x,,failed,0,0,,no_usable_pages,known,,,bpt6k249051x: no usable pages in manifest.,2026-07-18T17:23:35.341032
letemps,bpt6k2490529,,failed,0,0,,no_usable_pages,known,,,bpt6k2490529: no usable pages in manifest.,2026-07-18T17:23:36.476692
letemps,bpt6k2490542,,failed,0,0,,no_usable_pages,known,,,bpt6k2490542: no usable pages in manifest.,2026-07-18T17:23:37.713178
letemps,bpt6k249053p,,failed,0,0,,no_usable_pages,known,,,bpt6k249053p: no usable pages in manifest.,2026-07-18T17:23:39.249075
letemps,bpt6k249055f,,failed,0,0,,no_usable_pages,known,,,bpt6k249055f: no usable pages in manifest.,2026-07-18T17:23:40.022753
letemps,bpt6k249056t,,failed,0,0,,no_usable_pages,known,,,bpt6k249056t: no usable pages in manifest.,2026-07-18T17:23:41.352417
letemps,bpt6k2490576,,failed,0,0,,no_usable_pages,known,,,bpt6k2490576: no usable pages in manifest.,2026-07-18T17:23:42.689602
letemps,bpt6k249058k,,failed,0,0,,no_usable_pages,known,,,bpt6k249058k: no usable pages in manifest.,2026-07-18T17:23:43.760871
letemps,bpt6k249059z,,failed,0,0,,no_usable_pages,known,,,bpt6k249059z: no usable pages in manifest.,2026-07-18T17:23:44.953661
letemps,bpt6k249060w,,failed,0,0,,no_usable_pages,known,,,bpt6k249060w: no usable pages in manifest.,2026-07-18T17:23:46.157622
letemps,bpt6k249062n,,failed,0,0,,no_usable_pages,known,,,bpt6k249062n: no usable pages in manifest.,2026-07-18T17:23:47.241510
letemps,bpt6k2490618,,failed,0,0,,no_usable_pages,known,,,bpt6k2490618: no usable pages in manifest.,2026-07-18T17:23:48.489106
letemps,bpt6k2490631,,failed,0,0,,no_usable_pages,known,,,bpt6k2490631: no usable pages in manifest.,2026-07-18T17:23:49.700895
letemps,bpt6k249064d,,failed,0,0,,no_usable_pages,known,,,bpt6k249064d: no usable pages in manifest.,2026-07-18T17:23:50.912636
letemps,bpt6k249065s,,failed,0,0,,no_usable_pages,known,,,bpt6k249065s: no usable pages in manifest.,2026-07-18T17:23:52.173944
letemps,bpt6k2490665,,failed,0,0,,no_usable_pages,known,,,bpt6k2490665: no usable pages in manifest.,2026-07-18T17:23:53.434920
letemps,bpt6k249124b,,failed,0,0,,no_usable_pages,known,,,bpt6k249124b: no usable pages in manifest.,2026-07-18T17:25:10.985327
letemps,bpt6k2491263,,failed,0,0,,no_usable_pages,known,,,bpt6k2491263: no usable pages in manifest.,2026-07-18T17:25:11.712230
letemps,bpt6k249125q,,failed,0,0,,no_usable_pages,known,,,bpt6k249125q: no usable pages in manifest.,2026-07-18T17:25:13.259096
letemps,bpt6k249127g,,failed,0,0,,no_usable_pages,known,,,bpt6k249127g: no usable pages in manifest.,2026-07-18T17:25:14.556879
letemps,bpt6k249128v,,failed,0,0,,no_usable_pages,known,,,bpt6k249128v: no usable pages in manifest.,2026-07-18T17:25:15.062895
letemps,bpt6k2491297,,failed,0,0,,no_usable_pages,known,,,bpt6k2491297: no usable pages in manifest.,2026-07-18T17:25:16.851972
letemps,bpt6k2491305,,failed,0,0,,no_usable_pages,known,,,bpt6k2491305: no usable pages in manifest.,2026-07-18T17:25:17.628177
letemps,bpt6k249131j,,failed,0,0,,no_usable_pages,known,,,bpt6k249131j: no usable pages in manifest.,2026-07-18T17:25:19.001899
letemps,bpt6k249132x,,failed,0,0,,no_usable_pages,known,,,bpt6k249132x: no usable pages in manifest.,2026-07-18T17:25:20.174038
letemps,bpt6k249134p,,failed,0,0,,no_usable_pages,known,,,bpt6k249134p: no usable pages in manifest.,2026-07-18T17:25:21.157875
letemps,bpt6k2491339,,failed,0,0,,no_usable_pages,known,,,bpt6k2491339: no usable pages in manifest.,2026-07-18T17:25:22.353174
letemps,bpt6k2491352,,failed,0,0,,no_usable_pages,known,,,bpt6k2491352: no usable pages in manifest.,2026-07-18T17:25:23.746950
letemps,bpt6k249136f,,failed,0,0,,no_usable_pages,known,,,bpt6k249136f: no usable pages in manifest.,2026-07-18T17:25:25.175591
letemps,bpt6k249872g,,failed,0,0,,no_usable_pages,known,,,bpt6k249872g: no usable pages in manifest.,2026-07-18T17:42:58.328460
letemps,bpt6k250114r,,failed,0,0,,no_usable_pages,known,,,bpt6k250114r: no usable pages in manifest.,2026-07-18T17:48:41.154317
letemps,bpt6k262847w,,failed,0,0,,no_usable_pages,known,,,bpt6k262847w: no usable pages in manifest.,2026-07-18T17:52:59.966538
letemps,bpt6k2630181,,failed,0,0,,no_usable_pages,known,,,bpt6k2630181: no usable pages in manifest.,2026-07-18T17:56:39.508191
letemps,bpt6k263019d,,failed,0,0,,no_usable_pages,known,,,bpt6k263019d: no usable pages in manifest.,2026-07-18T17:56:40.934868
letemps,bpt6k263020b,,failed,0,0,,no_usable_pages,known,,,bpt6k263020b: no usable pages in manifest.,2026-07-18T17:56:41.913034
letemps,bpt6k263021q,,failed,0,0,,no_usable_pages,known,,,bpt6k263021q: no usable pages in manifest.,2026-07-18T17:56:43.145193
letemps,bpt6k2630223,,failed,0,0,,no_usable_pages,known,,,bpt6k2630223: no usable pages in manifest.,2026-07-18T17:56:44.416891
letemps,bpt6k263023g,,failed,0,0,,no_usable_pages,known,,,bpt6k263023g: no usable pages in manifest.,2026-07-18T17:56:45.513430
letemps,bpt6k263024v,,failed,0,0,,no_usable_pages,known,,,bpt6k263024v: no usable pages in manifest.,2026-07-18T17:56:46.761941
letemps,bpt6k2630257,,failed,0,0,,no_usable_pages,known,,,bpt6k2630257: no usable pages in manifest.,2026-07-18T17:56:47.995940
letemps,bpt6k263026m,,failed,0,0,,no_usable_pages,known,,,bpt6k263026m: no usable pages in manifest.,2026-07-18T17:56:49.143280
letemps,bpt6k2630270,,failed,0,0,,no_usable_pages,known,,,bpt6k2630270: no usable pages in manifest.,2026-07-18T17:56:50.256829
letemps,bpt6k263028c,,failed,0,0,,no_usable_pages,known,,,bpt6k263028c: no usable pages in manifest.,2026-07-18T17:56:51.571111
letemps,bpt6k263029r,,failed,0,0,,no_usable_pages,known,,,bpt6k263029r: no usable pages in manifest.,2026-07-18T17:56:52.680525
letemps,bpt6k263030p,,failed,0,0,,no_usable_pages,known,,,bpt6k263030p: no usable pages in manifest.,2026-07-18T17:56:53.965222
letemps,bpt6k2630312,,failed,0,0,,no_usable_pages,known,,,bpt6k2630312: no usable pages in manifest.,2026-07-18T17:56:55.109597
letemps,bpt6k263032f,,failed,0,0,,no_usable_pages,known,,,bpt6k263032f: no usable pages in manifest.,2026-07-18T17:56:56.318278
letemps,bpt6k263033t,,failed,0,0,,no_usable_pages,known,,,bpt6k263033t: no usable pages in manifest.,2026-07-18T17:56:57.560949
letemps,bpt6k2630346,,failed,0,0,,no_usable_pages,known,,,bpt6k2630346: no usable pages in manifest.,2026-07-18T17:56:58.733149
letemps,bpt6k263035k,,failed,0,0,,no_usable_pages,known,,,bpt6k263035k: no usable pages in manifest.,2026-07-18T17:57:00.165039
letemps,bpt6k263036z,,failed,0,0,,no_usable_pages,known,,,bpt6k263036z: no usable pages in manifest.,2026-07-18T17:57:01.294884
letemps,bpt6k263037b,,failed,0,0,,no_usable_pages,known,,,bpt6k263037b: no usable pages in manifest.,2026-07-18T17:57:02.202255
letemps,bpt6k263038q,,failed,0,0,,no_usable_pages,known,,,bpt6k263038q: no usable pages in manifest.,2026-07-18T17:57:03.570310
letemps,bpt6k2630393,,failed,0,0,,no_usable_pages,known,,,bpt6k2630393: no usable pages in manifest.,2026-07-18T17:57:04.747911
letemps,bpt6k2630401,,failed,0,0,,no_usable_pages,known,,,bpt6k2630401: no usable pages in manifest.,2026-07-18T17:57:05.903342
letemps,bpt6k263041d,,failed,0,0,,no_usable_pages,known,,,bpt6k263041d: no usable pages in manifest.,2026-07-18T17:57:07.142804
letemps,bpt6k263042s,,failed,0,0,,no_usable_pages,known,,,bpt6k263042s: no usable pages in manifest.,2026-07-18T17:57:08.370283
letemps,bpt6k2630435,,failed,0,0,,no_usable_pages,known,,,bpt6k2630435: no usable pages in manifest.,2026-07-18T17:57:09.556032
letemps,bpt6k263044j,,failed,0,0,,no_usable_pages,known,,,bpt6k263044j: no usable pages in manifest.,2026-07-18T17:57:11.171074
letemps,bpt6k263045x,,failed,0,0,,no_usable_pages,known,,,bpt6k263045x: no usable pages in manifest.,2026-07-18T17:57:12.161020
letemps,bpt6k2630469,,failed,0,0,,no_usable_pages,known,,,bpt6k2630469: no usable pages in manifest.,2026-07-18T17:57:13.390082
letemps,bpt6k263047p,,failed,0,0,,no_usable_pages,known,,,bpt6k263047p: no usable pages in manifest.,2026-07-18T17:57:14.612473
letemps,bpt6k2630482,,failed,0,0,,no_usable_pages,known,,,bpt6k2630482: no usable pages in manifest.,2026-07-18T17:57:15.563381
letemps,bpt6k263049f,,failed,0,0,,no_usable_pages,known,,,bpt6k263049f: no usable pages in manifest.,2026-07-18T17:57:17.097471
letemps,bpt6k263050c,,failed,0,0,,no_usable_pages,known,,,bpt6k263050c: no usable pages in manifest.,2026-07-18T17:57:17.987419
letemps,bpt6k263051r,,failed,0,0,,no_usable_pages,known,,,bpt6k263051r: no usable pages in manifest.,2026-07-18T17:57:19.430798
letemps,bpt6k2630524,,failed,0,0,,no_usable_pages,known,,,bpt6k2630524: no usable pages in manifest.,2026-07-18T17:57:20.223439
letemps,bpt6k263053h,,failed,0,0,,no_usable_pages,known,,,bpt6k263053h: no usable pages in manifest.,2026-07-18T17:57:21.583655
letemps,bpt6k263054w,,failed,0,0,,no_usable_pages,known,,,bpt6k263054w: no usable pages in manifest.,2026-07-18T17:57:22.657000
letemps,bpt6k2630558,,failed,0,0,,no_usable_pages,known,,,bpt6k2630558: no usable pages in manifest.,2026-07-18T17:57:24.210073
letemps,bpt6k263056n,,failed,0,0,,no_usable_pages,known,,,bpt6k263056n: no usable pages in manifest.,2026-07-18T17:57:25.022579
letemps,bpt6k2630571,,failed,0,0,,no_usable_pages,known,,,bpt6k2630571: no usable pages in manifest.,2026-07-18T17:57:26.328295
letemps,bpt6k263058d,,failed,0,0,,no_usable_pages,known,,,bpt6k263058d: no usable pages in manifest.,2026-07-18T17:57:27.483627
letemps,bpt6k263059s,,failed,0,0,,no_usable_pages,known,,,bpt6k263059s: no usable pages in manifest.,2026-07-18T17:57:28.846682
letemps,bpt6k263060q,,failed,0,0,,no_usable_pages,known,,,bpt6k263060q: no usable pages in manifest.,2026-07-18T17:57:29.960945
letemps,bpt6k2630613,,failed,0,0,,no_usable_pages,known,,,bpt6k2630613: no usable pages in manifest.,2026-07-18T17:57:31.215059
letemps,bpt6k263062g,,failed,0,0,,no_usable_pages,known,,,bpt6k263062g: no usable pages in manifest.,2026-07-18T17:57:32.258233
letemps,bpt6k263063v,,failed,0,0,,no_usable_pages,known,,,bpt6k263063v: no usable pages in manifest.,2026-07-18T17:57:33.515227
letemps,bpt6k2630647,,failed,0,0,,no_usable_pages,known,,,bpt6k2630647: no usable pages in manifest.,2026-07-18T17:57:34.826885
letemps,bpt6k263065m,,failed,0,0,,no_usable_pages,known,,,bpt6k263065m: no usable pages in manifest.,2026-07-18T17:57:36.729244
letemps,bpt6k2630660,,failed,0,0,,no_usable_pages,known,,,bpt6k2630660: no usable pages in manifest.,2026-07-18T17:57:37.101869
letemps,bpt6k263067c,,failed,0,0,,no_usable_pages,known,,,bpt6k263067c: no usable pages in manifest.,2026-07-18T17:57:38.426455
letemps,bpt6k2630694,,failed,0,0,,no_usable_pages,known,,,bpt6k2630694: no usable pages in manifest.,2026-07-18T17:57:41.093234
letemps,bpt6k2630702,,failed,0,0,,no_usable_pages,known,,,bpt6k2630702: no usable pages in manifest.,2026-07-18T17:57:41.971627
letemps,bpt6k263071f,,failed,0,0,,no_usable_pages,known,,,bpt6k263071f: no usable pages in manifest.,2026-07-18T17:57:43.251473
letemps,bpt6k263072t,,failed,0,0,,no_usable_pages,known,,,bpt6k263072t: no usable pages in manifest.,2026-07-18T17:57:44.525165
letemps,bpt6k2630736,,failed,0,0,,no_usable_pages,known,,,bpt6k2630736: no usable pages in manifest.,2026-07-18T17:57:45.645818
letemps,bpt6k263074k,,failed,0,0,,no_usable_pages,known,,,bpt6k263074k: no usable pages in manifest.,2026-07-18T17:57:46.900590
letemps,bpt6k263075z,,failed,0,0,,no_usable_pages,known,,,bpt6k263075z: no usable pages in manifest.,2026-07-18T17:57:48.129948
letemps,bpt6k263076b,,failed,0,0,,no_usable_pages,known,,,bpt6k263076b: no usable pages in manifest.,2026-07-18T17:57:49.233344
letemps,bpt6k263077q,,failed,0,0,,no_usable_pages,known,,,bpt6k263077q: no usable pages in manifest.,2026-07-18T17:57:50.490183
letemps,bpt6k2630783,,failed,0,0,,no_usable_pages,known,,,bpt6k2630783: no usable pages in manifest.,2026-07-18T17:57:51.720094
letemps,bpt6k263079g,,failed,0,0,,no_usable_pages,known,,,bpt6k263079g: no usable pages in manifest.,2026-07-18T17:57:52.846333
letemps,bpt6k263080d,,failed,0,0,,no_usable_pages,known,,,bpt6k263080d: no usable pages in manifest.,2026-07-18T17:57:54.118369
letemps,bpt6k263081s,,failed,0,0,,no_usable_pages,known,,,bpt6k263081s: no usable pages in manifest.,2026-07-18T17:57:55.144905
letemps,bpt6k2630825,,failed,0,0,,no_usable_pages,known,,,bpt6k2630825: no usable pages in manifest.,2026-07-18T17:57:56.492521
letemps,bpt6k263083j,,failed,0,0,,no_usable_pages,known,,,bpt6k263083j: no usable pages in manifest.,2026-07-18T17:57:57.778291
letemps,bpt6k263084x,,failed,0,0,,no_usable_pages,known,,,bpt6k263084x: no usable pages in manifest.,2026-07-18T17:57:59.068620
letemps,bpt6k2630859,,failed,0,0,,no_usable_pages,known,,,bpt6k2630859: no usable pages in manifest.,2026-07-18T17:58:00.098813
letemps,bpt6k263086p,,failed,0,0,,no_usable_pages,known,,,bpt6k263086p: no usable pages in manifest.,2026-07-18T17:58:01.178388
letemps,bpt6k2630872,,failed,0,0,,no_usable_pages,known,,,bpt6k2630872: no usable pages in manifest.,2026-07-18T17:58:02.593985
letemps,bpt6k263088f,,failed,0,0,,no_usable_pages,known,,,bpt6k263088f: no usable pages in manifest.,2026-07-18T17:58:03.989487
letemps,bpt6k263089t,,failed,0,0,,no_usable_pages,known,,,bpt6k263089t: no usable pages in manifest.,2026-07-18T17:58:04.902667
letemps,bpt6k263090r,,failed,0,0,,no_usable_pages,known,,,bpt6k263090r: no usable pages in manifest.,2026-07-18T17:58:06.173372
letemps,bpt6k2630914,,failed,0,0,,no_usable_pages,known,,,bpt6k2630914: no usable pages in manifest.,2026-07-18T17:58:07.471915
letemps,bpt6k263092h,,failed,0,0,,no_usable_pages,known,,,bpt6k263092h: no usable pages in manifest.,2026-07-18T17:58:08.759219
letemps,bpt6k2630948,,failed,0,0,,no_usable_pages,known,,,bpt6k2630948: no usable pages in manifest.,2026-07-18T17:58:11.166839
letemps,bpt6k263095n,,failed,0,0,,no_usable_pages,known,,,bpt6k263095n: no usable pages in manifest.,2026-07-18T17:58:12.333118
letemps,bpt6k2630961,,failed,0,0,,no_usable_pages,known,,,bpt6k2630961: no usable pages in manifest.,2026-07-18T17:58:13.467668
letemps,bpt6k263097d,,failed,0,0,,no_usable_pages,known,,,bpt6k263097d: no usable pages in manifest.,2026-07-18T17:58:15.006709
letemps,bpt6k263098s,,failed,0,0,,no_usable_pages,known,,,bpt6k263098s: no usable pages in manifest.,2026-07-18T17:58:15.869034
letemps,bpt6k2630995,,failed,0,0,,no_usable_pages,known,,,bpt6k2630995: no usable pages in manifest.,2026-07-18T17:58:17.254559
letemps,bpt6k263100z,,failed,0,0,,no_usable_pages,known,,,bpt6k263100z: no usable pages in manifest.,2026-07-18T17:58:18.344325
letemps,bpt6k263101b,,failed,0,0,,no_usable_pages,known,,,bpt6k263101b: no usable pages in manifest.,2026-07-18T17:58:19.738613
letemps,bpt6k263102q,,failed,0,0,,no_usable_pages,known,,,bpt6k263102q: no usable pages in manifest.,2026-07-18T17:58:20.649205
letemps,bpt6k2631033,,failed,0,0,,no_usable_pages,known,,,bpt6k2631033: no usable pages in manifest.,2026-07-18T17:58:22.091647
letemps,bpt6k263104g,,failed,0,0,,no_usable_pages,known,,,bpt6k263104g: no usable pages in manifest.,2026-07-18T17:58:23.137482
letemps,bpt6k263105v,,failed,0,0,,no_usable_pages,known,,,bpt6k263105v: no usable pages in manifest.,2026-07-18T17:58:24.573857
letemps,bpt6k2631067,,failed,0,0,,no_usable_pages,known,,,bpt6k2631067: no usable pages in manifest.,2026-07-18T17:58:25.743985
letemps,bpt6k263107m,,failed,0,0,,no_usable_pages,known,,,bpt6k263107m: no usable pages in manifest.,2026-07-18T17:58:26.692817
letemps,bpt6k2631080,,failed,0,0,,no_usable_pages,known,,,bpt6k2631080: no usable pages in manifest.,2026-07-18T17:58:28.088550
letemps,bpt6k263109c,,failed,0,0,,no_usable_pages,known,,,bpt6k263109c: no usable pages in manifest.,2026-07-18T17:58:29.071012
letemps,bpt6k2631109,,failed,0,0,,no_usable_pages,known,,,bpt6k2631109: no usable pages in manifest.,2026-07-18T17:58:30.239661
letemps,bpt6k263111p,,failed,0,0,,no_usable_pages,known,,,bpt6k263111p: no usable pages in manifest.,2026-07-18T17:58:31.507047
letemps,bpt6k2631122,,failed,0,0,,no_usable_pages,known,,,bpt6k2631122: no usable pages in manifest.,2026-07-18T17:58:32.762955
letemps,bpt6k263113f,,failed,0,0,,no_usable_pages,known,,,bpt6k263113f: no usable pages in manifest.,2026-07-18T17:58:34.025728
letemps,bpt6k2631156,,failed,0,0,,no_usable_pages,known,,,bpt6k2631156: no usable pages in manifest.,2026-07-18T17:58:36.181120
letemps,bpt6k263116k,,failed,0,0,,no_usable_pages,known,,,bpt6k263116k: no usable pages in manifest.,2026-07-18T17:58:37.556218
letemps,bpt6k263132r,,failed,0,0,,no_usable_pages,known,,,bpt6k263132r: no usable pages in manifest.,2026-07-18T17:58:58.024901
letemps,bpt6k263176n,,failed,0,0,,no_usable_pages,known,,,bpt6k263176n: no usable pages in manifest.,2026-07-18T17:59:52.311717
letemps,bpt6k2631771,,failed,0,0,,no_usable_pages,known,,,bpt6k2631771: no usable pages in manifest.,2026-07-18T17:59:53.544270
letemps,bpt6k263178d,,failed,0,0,,no_usable_pages,known,,,bpt6k263178d: no usable pages in manifest.,2026-07-18T17:59:54.778638
letemps,bpt6k263179s,,failed,0,0,,no_usable_pages,known,,,bpt6k263179s: no usable pages in manifest.,2026-07-18T17:59:55.901641
letemps,bpt6k263180q,,failed,0,0,,no_usable_pages,known,,,bpt6k263180q: no usable pages in manifest.,2026-07-18T17:59:57.151434
letemps,bpt6k2631813,,failed,0,0,,no_usable_pages,known,,,bpt6k2631813: no usable pages in manifest.,2026-07-18T17:59:58.345693
letemps,bpt6k263182g,,failed,0,0,,no_usable_pages,known,,,bpt6k263182g: no usable pages in manifest.,2026-07-18T17:59:59.619482
letemps,bpt6k263183v,,failed,0,0,,no_usable_pages,known,,,bpt6k263183v: no usable pages in manifest.,2026-07-18T18:00:01.033688
letemps,bpt6k2631847,,failed,0,0,,no_usable_pages,known,,,bpt6k2631847: no usable pages in manifest.,2026-07-18T18:00:02.327673
letemps,bpt6k263185m,,failed,0,0,,no_usable_pages,known,,,bpt6k263185m: no usable pages in manifest.,2026-07-18T18:00:03.167089
letemps,bpt6k2631860,,failed,0,0,,no_usable_pages,known,,,bpt6k2631860: no usable pages in manifest.,2026-07-18T18:00:04.445881
letemps,bpt6k263187c,,failed,0,0,,no_usable_pages,known,,,bpt6k263187c: no usable pages in manifest.,2026-07-18T18:00:05.654444
letemps,bpt6k263188r,,failed,0,0,,no_usable_pages,known,,,bpt6k263188r: no usable pages in manifest.,2026-07-18T18:00:07.176520
letemps,bpt6k2631894,,failed,0,0,,no_usable_pages,known,,,bpt6k2631894: no usable pages in manifest.,2026-07-18T18:00:08.630316
letemps,bpt6k2631902,,failed,0,0,,no_usable_pages,known,,,bpt6k2631902: no usable pages in manifest.,2026-07-18T18:00:09.355433
letemps,bpt6k263191f,,failed,0,0,,no_usable_pages,known,,,bpt6k263191f: no usable pages in manifest.,2026-07-18T18:00:10.742894
letemps,bpt6k263192t,,failed,0,0,,no_usable_pages,known,,,bpt6k263192t: no usable pages in manifest.,2026-07-18T18:00:11.791926
letemps,bpt6k2631936,,failed,0,0,,no_usable_pages,known,,,bpt6k2631936: no usable pages in manifest.,2026-07-18T18:00:13.213383
letemps,bpt6k263194k,,failed,0,0,,no_usable_pages,known,,,bpt6k263194k: no usable pages in manifest.,2026-07-18T18:00:14.302988
letemps,bpt6k263195z,,failed,0,0,,no_usable_pages,known,,,bpt6k263195z: no usable pages in manifest.,2026-07-18T18:00:16.016179
letemps,bpt6k263197q,,failed,0,0,,no_usable_pages,known,,,bpt6k263197q: no usable pages in manifest.,2026-07-18T18:00:18.191636
letemps,bpt6k2631983,,failed,0,0,,no_usable_pages,known,,,bpt6k2631983: no usable pages in manifest.,2026-07-18T18:00:19.350835
letemps,bpt6k263199g,,failed,0,0,,no_usable_pages,known,,,bpt6k263199g: no usable pages in manifest.,2026-07-18T18:00:20.570588
letemps,bpt6k2632008,,failed,0,0,,no_usable_pages,known,,,bpt6k2632008: no usable pages in manifest.,2026-07-18T18:00:21.698169
letemps,bpt6k263201n,,failed,0,0,,no_usable_pages,known,,,bpt6k263201n: no usable pages in manifest.,2026-07-18T18:00:23.007561
letemps,bpt6k2632021,,failed,0,0,,no_usable_pages,known,,,bpt6k2632021: no usable pages in manifest.,2026-07-18T18:00:23.764997
letemps,bpt6k263203d,,failed,0,0,,no_usable_pages,known,,,bpt6k263203d: no usable pages in manifest.,2026-07-18T18:00:25.177426
letemps,bpt6k263204s,,failed,0,0,,no_usable_pages,known,,,bpt6k263204s: no usable pages in manifest.,2026-07-18T18:00:26.629405
letemps,bpt6k2632055,,failed,0,0,,no_usable_pages,known,,,bpt6k2632055: no usable pages in manifest.,2026-07-18T18:00:27.672303
letemps,bpt6k263206j,,failed,0,0,,no_usable_pages,known,,,bpt6k263206j: no usable pages in manifest.,2026-07-18T18:00:28.934259
letemps,bpt6k263207x,,failed,0,0,,no_usable_pages,known,,,bpt6k263207x: no usable pages in manifest.,2026-07-18T18:00:29.826067
letemps,bpt6k2632089,,failed,0,0,,no_usable_pages,known,,,bpt6k2632089: no usable pages in manifest.,2026-07-18T18:00:31.343906
letemps,bpt6k263209p,,failed,0,0,,no_usable_pages,known,,,bpt6k263209p: no usable pages in manifest.,2026-07-18T18:00:32.252029
letemps,bpt6k263210m,,failed,0,0,,no_usable_pages,known,,,bpt6k263210m: no usable pages in manifest.,2026-07-18T18:00:33.692382
letemps,bpt6k2632110,,failed,0,0,,no_usable_pages,known,,,bpt6k2632110: no usable pages in manifest.,2026-07-18T18:00:34.842086
letemps,bpt6k263212c,,failed,0,0,,no_usable_pages,known,,,bpt6k263212c: no usable pages in manifest.,2026-07-18T18:00:35.928475
letemps,bpt6k263213r,,failed,0,0,,no_usable_pages,known,,,bpt6k263213r: no usable pages in manifest.,2026-07-18T18:00:36.969533
letemps,bpt6k2632144,,failed,0,0,,no_usable_pages,known,,,bpt6k2632144: no usable pages in manifest.,2026-07-18T18:00:38.153372
letemps,bpt6k263215h,,failed,0,0,,no_usable_pages,known,,,bpt6k263215h: no usable pages in manifest.,2026-07-18T18:00:39.443658
letemps,bpt6k263216w,,failed,0,0,,no_usable_pages,known,,,bpt6k263216w: no usable pages in manifest.,2026-07-18T18:00:40.738989
letemps,bpt6k2632178,,failed,0,0,,no_usable_pages,known,,,bpt6k2632178: no usable pages in manifest.,2026-07-18T18:00:42.057312
letemps,bpt6k263218n,,failed,0,0,,no_usable_pages,known,,,bpt6k263218n: no usable pages in manifest.,2026-07-18T18:00:43.063609
letemps,bpt6k2632191,,failed,0,0,,no_usable_pages,known,,,bpt6k2632191: no usable pages in manifest.,2026-07-18T18:00:44.323830
letemps,bpt6k263220z,,failed,0,0,,no_usable_pages,known,,,bpt6k263220z: no usable pages in manifest.,2026-07-18T18:00:45.483620
letemps,bpt6k263221b,,failed,0,0,,no_usable_pages,known,,,bpt6k263221b: no usable pages in manifest.,2026-07-18T18:00:46.610672
letemps,bpt6k263222q,,failed,0,0,,no_usable_pages,known,,,bpt6k263222q: no usable pages in manifest.,2026-07-18T18:00:47.848714
letemps,bpt6k2632233,,failed,0,0,,no_usable_pages,known,,,bpt6k2632233: no usable pages in manifest.,2026-07-18T18:00:49.287618
letemps,bpt6k263224g,,failed,0,0,,no_usable_pages,known,,,bpt6k263224g: no usable pages in manifest.,2026-07-18T18:00:50.259406
letemps,bpt6k2632267,,failed,0,0,,no_usable_pages,known,,,bpt6k2632267: no usable pages in manifest.,2026-07-18T18:00:52.637282
letemps,bpt6k263227m,,failed,0,0,,no_usable_pages,known,,,bpt6k263227m: no usable pages in manifest.,2026-07-18T18:00:53.851671
letemps,bpt6k2632280,,failed,0,0,,no_usable_pages,known,,,bpt6k2632280: no usable pages in manifest.,2026-07-18T18:00:55.173562
letemps,bpt6k263229c,,failed,0,0,,no_usable_pages,known,,,bpt6k263229c: no usable pages in manifest.,2026-07-18T18:00:56.232567
letemps,bpt6k2632309,,failed,0,0,,no_usable_pages,known,,,bpt6k2632309: no usable pages in manifest.,2026-07-18T18:00:57.503703
letemps,bpt6k263275k,,failed,0,0,,no_usable_pages,known,,,bpt6k263275k: no usable pages in manifest.,2026-07-18T18:01:54.647473
letemps,bpt6k263278q,,failed,0,0,,no_usable_pages,known,,,bpt6k263278q: no usable pages in manifest.,2026-07-18T18:01:58.171280
letemps,bpt6k2632869,,failed,0,0,,no_usable_pages,known,,,bpt6k2632869: no usable pages in manifest.,2026-07-18T18:02:08.268474
letemps,bpt6k263287p,,failed,0,0,,no_usable_pages,known,,,bpt6k263287p: no usable pages in manifest.,2026-07-18T18:02:08.963423
letemps,bpt6k2632882,,failed,0,0,,no_usable_pages,known,,,bpt6k2632882: no usable pages in manifest.,2026-07-18T18:02:10.222486
letemps,bpt6k263289f,,failed,0,0,,no_usable_pages,known,,,bpt6k263289f: no usable pages in manifest.,2026-07-18T18:02:11.485828
letemps,bpt6k263290c,,failed,0,0,,no_usable_pages,known,,,bpt6k263290c: no usable pages in manifest.,2026-07-18T18:02:12.572585
letemps,bpt6k263291r,,failed,0,0,,no_usable_pages,known,,,bpt6k263291r: no usable pages in manifest.,2026-07-18T18:02:14.039768
letemps,bpt6k2632924,,failed,0,0,,no_usable_pages,known,,,bpt6k2632924: no usable pages in manifest.,2026-07-18T18:02:15.298125
letemps,bpt6k263293h,,failed,0,0,,no_usable_pages,known,,,bpt6k263293h: no usable pages in manifest.,2026-07-18T18:02:16.646670
letemps,bpt6k263294w,,failed,0,0,,no_usable_pages,known,,,bpt6k263294w: no usable pages in manifest.,2026-07-18T18:02:17.897279
letemps,bpt6k2632958,,failed,0,0,,no_usable_pages,known,,,bpt6k2632958: no usable pages in manifest.,2026-07-18T18:02:18.832884
letemps,bpt6k263296n,,failed,0,0,,no_usable_pages,known,,,bpt6k263296n: no usable pages in manifest.,2026-07-18T18:02:19.767440
letemps,bpt6k2632971,,failed,0,0,,no_usable_pages,known,,,bpt6k2632971: no usable pages in manifest.,2026-07-18T18:02:20.961061
letemps,bpt6k263298d,,failed,0,0,,no_usable_pages,known,,,bpt6k263298d: no usable pages in manifest.,2026-07-18T18:02:22.164012
letemps,bpt6k263299s,,failed,0,0,,no_usable_pages,known,,,bpt6k263299s: no usable pages in manifest.,2026-07-18T18:02:23.877463
letemps,bpt6k263300k,,failed,0,0,,no_usable_pages,known,,,bpt6k263300k: no usable pages in manifest.,2026-07-18T18:02:30.656453
letemps,bpt6k263301z,,failed,0,0,,no_usable_pages,known,,,bpt6k263301z: no usable pages in manifest.,2026-07-18T18:02:31.203994
letemps,bpt6k263302b,,failed,0,0,,no_usable_pages,known,,,bpt6k263302b: no usable pages in manifest.,2026-07-18T18:02:32.446981
letemps,bpt6k263303q,,failed,0,0,,no_usable_pages,known,,,bpt6k263303q: no usable pages in manifest.,2026-07-18T18:02:33.665804
letemps,bpt6k2633043,,failed,0,0,,no_usable_pages,known,,,bpt6k2633043: no usable pages in manifest.,2026-07-18T18:02:34.846463
letemps,bpt6k263305g,,failed,0,0,,no_usable_pages,known,,,bpt6k263305g: no usable pages in manifest.,2026-07-18T18:02:35.979777
letemps,bpt6k263308m,,failed,0,0,,no_usable_pages,known,,,bpt6k263308m: no usable pages in manifest.,2026-07-18T18:02:39.577065
letemps,bpt6k2633090,,failed,0,0,,no_usable_pages,known,,,bpt6k2633090: no usable pages in manifest.,2026-07-18T18:02:40.800696
letemps,bpt6k263310x,,failed,0,0,,no_usable_pages,known,,,bpt6k263310x: no usable pages in manifest.,2026-07-18T18:02:41.994774
letemps,bpt6k2633119,,failed,0,0,,no_usable_pages,known,,,bpt6k2633119: no usable pages in manifest.,2026-07-18T18:02:43.347637
letemps,bpt6k263312p,,failed,0,0,,no_usable_pages,known,,,bpt6k263312p: no usable pages in manifest.,2026-07-18T18:02:44.424496
letemps,bpt6k2633132,,failed,0,0,,no_usable_pages,known,,,bpt6k2633132: no usable pages in manifest.,2026-07-18T18:02:45.656240
letemps,bpt6k263314f,,failed,0,0,,no_usable_pages,known,,,bpt6k263314f: no usable pages in manifest.,2026-07-18T18:02:46.825711
letemps,bpt6k263315t,,failed,0,0,,no_usable_pages,known,,,bpt6k263315t: no usable pages in manifest.,2026-07-18T18:02:48.098698
letemps,bpt6k2633166,,failed,0,0,,no_usable_pages,known,,,bpt6k2633166: no usable pages in manifest.,2026-07-18T18:02:49.148976
letemps,bpt6k263317k,,failed,0,0,,no_usable_pages,known,,,bpt6k263317k: no usable pages in manifest.,2026-07-18T18:02:50.514312
letemps,bpt6k263318z,,failed,0,0,,no_usable_pages,known,,,bpt6k263318z: no usable pages in manifest.,2026-07-18T18:02:51.578579
letemps,bpt6k263319b,,failed,0,0,,no_usable_pages,known,,,bpt6k263319b: no usable pages in manifest.,2026-07-18T18:02:52.820434
letemps,bpt6k2633208,,failed,0,0,,no_usable_pages,known,,,bpt6k2633208: no usable pages in manifest.,2026-07-18T18:02:54.275871
letemps,bpt6k263321n,,failed,0,0,,no_usable_pages,known,,,bpt6k263321n: no usable pages in manifest.,2026-07-18T18:02:55.186828
letemps,bpt6k2633221,,failed,0,0,,no_usable_pages,known,,,bpt6k2633221: no usable pages in manifest.,2026-07-18T18:02:56.769618
letemps,bpt6k263323d,,failed,0,0,,no_usable_pages,known,,,bpt6k263323d: no usable pages in manifest.,2026-07-18T18:02:57.704923
letemps,bpt6k263324s,,failed,0,0,,no_usable_pages,known,,,bpt6k263324s: no usable pages in manifest.,2026-07-18T18:02:58.918009
letemps,bpt6k2633255,,failed,0,0,,no_usable_pages,known,,,bpt6k2633255: no usable pages in manifest.,2026-07-18T18:03:01.561759
letemps,bpt6k263327x,,failed,0,0,,no_usable_pages,known,,,bpt6k263327x: no usable pages in manifest.,2026-07-18T18:03:02.803507
letemps,bpt6k2633289,,failed,0,0,,no_usable_pages,known,,,bpt6k2633289: no usable pages in manifest.,2026-07-18T18:03:03.980183
letemps,bpt6k263329p,,failed,0,0,,no_usable_pages,known,,,bpt6k263329p: no usable pages in manifest.,2026-07-18T18:03:05.286980
letemps,bpt6k263330m,,failed,0,0,,no_usable_pages,known,,,bpt6k263330m: no usable pages in manifest.,2026-07-18T18:03:06.309470
letemps,bpt6k2633310,,failed,0,0,,no_usable_pages,known,,,bpt6k2633310: no usable pages in manifest.,2026-07-18T18:03:07.484811
letemps,bpt6k263332c,,failed,0,0,,no_usable_pages,known,,,bpt6k263332c: no usable pages in manifest.,2026-07-18T18:03:08.767680
letemps,bpt6k263333r,,failed,0,0,,no_usable_pages,known,,,bpt6k263333r: no usable pages in manifest.,2026-07-18T18:03:09.950355
letemps,bpt6k2633344,,failed,0,0,,no_usable_pages,known,,,bpt6k2633344: no usable pages in manifest.,2026-07-18T18:03:11.193087
letemps,bpt6k263335h,,failed,0,0,,no_usable_pages,known,,,bpt6k263335h: no usable pages in manifest.,2026-07-18T18:03:12.448378
letemps,bpt6k263336w,,failed,0,0,,no_usable_pages,known,,,bpt6k263336w: no usable pages in manifest.,2026-07-18T18:03:13.617920
letemps,bpt6k2633378,,failed,0,0,,no_usable_pages,known,,,bpt6k2633378: no usable pages in manifest.,2026-07-18T18:03:14.943774
letemps,bpt6k263338n,,failed,0,0,,no_usable_pages,known,,,bpt6k263338n: no usable pages in manifest.,2026-07-18T18:03:15.998968
letemps,bpt6k2633391,,failed,0,0,,no_usable_pages,known,,,bpt6k2633391: no usable pages in manifest.,2026-07-18T18:03:17.597298
letemps,bpt6k263340z,,failed,0,0,,no_usable_pages,known,,,bpt6k263340z: no usable pages in manifest.,2026-07-18T18:03:18.392141
letemps,bpt6k263341b,,failed,0,0,,no_usable_pages,known,,,bpt6k263341b: no usable pages in manifest.,2026-07-18T18:03:19.716929
letemps,bpt6k263342q,,failed,0,0,,no_usable_pages,known,,,bpt6k263342q: no usable pages in manifest.,2026-07-18T18:03:20.881404
letemps,bpt6k2633433,,failed,0,0,,no_usable_pages,known,,,bpt6k2633433: no usable pages in manifest.,2026-07-18T18:03:21.894255
letemps,bpt6k263344g,,failed,0,0,,no_usable_pages,known,,,bpt6k263344g: no usable pages in manifest.,2026-07-18T18:03:23.054025
letemps,bpt6k263345v,,failed,0,0,,no_usable_pages,known,,,bpt6k263345v: no usable pages in manifest.,2026-07-18T18:03:24.696572
letemps,bpt6k2633467,,failed,0,0,,no_usable_pages,known,,,bpt6k2633467: no usable pages in manifest.,2026-07-18T18:03:26.048445
letemps,bpt6k263347m,,failed,0,0,,no_usable_pages,known,,,bpt6k263347m: no usable pages in manifest.,2026-07-18T18:03:26.854893
letemps,bpt6k2633480,,failed,0,0,,no_usable_pages,known,,,bpt6k2633480: no usable pages in manifest.,2026-07-18T18:03:28.149362
letemps,bpt6k263349c,,failed,0,0,,no_usable_pages,known,,,bpt6k263349c: no usable pages in manifest.,2026-07-18T18:03:29.234344
letemps,bpt6k2633509,,failed,0,0,,no_usable_pages,known,,,bpt6k2633509: no usable pages in manifest.,2026-07-18T18:03:30.354649
letemps,bpt6k263351p,,failed,0,0,,no_usable_pages,known,,,bpt6k263351p: no usable pages in manifest.,2026-07-18T18:03:31.525600
letemps,bpt6k2633522,,failed,0,0,,no_usable_pages,known,,,bpt6k2633522: no usable pages in manifest.,2026-07-18T18:03:32.891429
letemps,bpt6k263353f,,failed,0,0,,no_usable_pages,known,,,bpt6k263353f: no usable pages in manifest.,2026-07-18T18:03:33.937615
letemps,bpt6k263354t,,failed,0,0,,no_usable_pages,known,,,bpt6k263354t: no usable pages in manifest.,2026-07-18T18:03:35.174619
letemps,bpt6k2633556,,failed,0,0,,no_usable_pages,known,,,bpt6k2633556: no usable pages in manifest.,2026-07-18T18:03:36.351037
letemps,bpt6k263356k,,failed,0,0,,no_usable_pages,known,,,bpt6k263356k: no usable pages in manifest.,2026-07-18T18:03:37.539473
letemps,bpt6k263357z,,failed,0,0,,no_usable_pages,known,,,bpt6k263357z: no usable pages in manifest.,2026-07-18T18:03:38.808366
letemps,bpt6k263358b,,failed,0,0,,no_usable_pages,known,,,bpt6k263358b: no usable pages in manifest.,2026-07-18T18:03:40.300210
letemps,bpt6k263359q,,failed,0,0,,no_usable_pages,known,,,bpt6k263359q: no usable pages in manifest.,2026-07-18T18:03:41.101082
letemps,bpt6k263360n,,failed,0,0,,no_usable_pages,known,,,bpt6k263360n: no usable pages in manifest.,2026-07-18T18:03:42.339363
letemps,bpt6k2633611,,failed,0,0,,no_usable_pages,known,,,bpt6k2633611: no usable pages in manifest.,2026-07-18T18:03:43.515595
letemps,bpt6k263362d,,failed,0,0,,no_usable_pages,known,,,bpt6k263362d: no usable pages in manifest.,2026-07-18T18:03:44.828876
letemps,bpt6k263363s,,failed,0,0,,no_usable_pages,known,,,bpt6k263363s: no usable pages in manifest.,2026-07-18T18:03:45.916424
letemps,bpt6k2633645,,failed,0,0,,no_usable_pages,known,,,bpt6k2633645: no usable pages in manifest.,2026-07-18T18:03:47.202826
letemps,bpt6k263365j,,failed,0,0,,no_usable_pages,known,,,bpt6k263365j: no usable pages in manifest.,2026-07-18T18:03:48.497194
letemps,bpt6k263366x,,failed,0,0,,no_usable_pages,known,,,bpt6k263366x: no usable pages in manifest.,2026-07-18T18:03:49.555200
letemps,bpt6k263368p,,failed,0,0,,no_usable_pages,known,,,bpt6k263368p: no usable pages in manifest.,2026-07-18T18:03:52.052127
letemps,bpt6k2633692,,failed,0,0,,no_usable_pages,known,,,bpt6k2633692: no usable pages in manifest.,2026-07-18T18:03:53.129357
letemps,bpt6k2633700,,failed,0,0,,no_usable_pages,known,,,bpt6k2633700: no usable pages in manifest.,2026-07-18T18:03:54.401234
letemps,bpt6k263372r,,failed,0,0,,no_usable_pages,known,,,bpt6k263372r: no usable pages in manifest.,2026-07-18T18:03:56.868441
letemps,bpt6k2633734,,failed,0,0,,no_usable_pages,known,,,bpt6k2633734: no usable pages in manifest.,2026-07-18T18:03:57.993459
letemps,bpt6k263374h,,failed,0,0,,no_usable_pages,known,,,bpt6k263374h: no usable pages in manifest.,2026-07-18T18:03:59.177183
letemps,bpt6k263375w,,failed,0,0,,no_usable_pages,known,,,bpt6k263375w: no usable pages in manifest.,2026-07-18T18:04:00.469327
letemps,bpt6k2633768,,failed,0,0,,no_usable_pages,known,,,bpt6k2633768: no usable pages in manifest.,2026-07-18T18:04:01.739942
letemps,bpt6k263377n,,failed,0,0,,no_usable_pages,known,,,bpt6k263377n: no usable pages in manifest.,2026-07-18T18:04:02.780163
letemps,bpt6k2633781,,failed,0,0,,no_usable_pages,known,,,bpt6k2633781: no usable pages in manifest.,2026-07-18T18:04:03.952759
letemps,bpt6k263379d,,failed,0,0,,no_usable_pages,known,,,bpt6k263379d: no usable pages in manifest.,2026-07-18T18:04:05.159834
letemps,bpt6k263380b,,failed,0,0,,no_usable_pages,known,,,bpt6k263380b: no usable pages in manifest.,2026-07-18T18:04:06.554626
letemps,bpt6k263381q,,failed,0,0,,no_usable_pages,known,,,bpt6k263381q: no usable pages in manifest.,2026-07-18T18:04:07.897808
letemps,bpt6k2633823,,failed,0,0,,no_usable_pages,known,,,bpt6k2633823: no usable pages in manifest.,2026-07-18T18:04:09.350512
letemps,bpt6k263383g,,failed,0,0,,no_usable_pages,known,,,bpt6k263383g: no usable pages in manifest.,2026-07-18T18:04:10.460306
letemps,bpt6k263384v,,failed,0,0,,no_usable_pages,known,,,bpt6k263384v: no usable pages in manifest.,2026-07-18T18:04:11.576481
letemps,bpt6k2633857,,failed,0,0,,no_usable_pages,known,,,bpt6k2633857: no usable pages in manifest.,2026-07-18T18:04:12.628481
letemps,bpt6k263386m,,failed,0,0,,no_usable_pages,known,,,bpt6k263386m: no usable pages in manifest.,2026-07-18T18:04:13.902991
letemps,bpt6k263388c,,failed,0,0,,no_usable_pages,known,,,bpt6k263388c: no usable pages in manifest.,2026-07-18T18:04:16.390975
letemps,bpt6k263389r,,failed,0,0,,no_usable_pages,known,,,bpt6k263389r: no usable pages in manifest.,2026-07-18T18:04:17.244290
letemps,bpt6k263390p,,failed,0,0,,no_usable_pages,known,,,bpt6k263390p: no usable pages in manifest.,2026-07-18T18:04:18.567014
letemps,bpt6k2633912,,failed,0,0,,no_usable_pages,known,,,bpt6k2633912: no usable pages in manifest.,2026-07-18T18:04:19.922389
letemps,bpt6k263392f,,failed,0,0,,no_usable_pages,known,,,bpt6k263392f: no usable pages in manifest.,2026-07-18T18:04:20.834116
letemps,bpt6k263393t,,failed,0,0,,no_usable_pages,known,,,bpt6k263393t: no usable pages in manifest.,2026-07-18T18:04:22.069480
letemps,bpt6k2633946,,failed,0,0,,no_usable_pages,known,,,bpt6k2633946: no usable pages in manifest.,2026-07-18T18:04:23.342835
letemps,bpt6k263395k,,failed,0,0,,no_usable_pages,known,,,bpt6k263395k: no usable pages in manifest.,2026-07-18T18:04:24.748498
letemps,bpt6k263396z,,failed,0,0,,no_usable_pages,known,,,bpt6k263396z: no usable pages in manifest.,2026-07-18T18:04:25.605214
letemps,bpt6k263397b,,failed,0,0,,no_usable_pages,known,,,bpt6k263397b: no usable pages in manifest.,2026-07-18T18:04:26.812493
letemps,bpt6k263398q,,failed,0,0,,no_usable_pages,known,,,bpt6k263398q: no usable pages in manifest.,2026-07-18T18:04:28.035809
letemps,bpt6k2634934,,failed,0,0,,no_usable_pages,known,,,bpt6k2634934: no usable pages in manifest.,2026-07-18T18:06:28.416540
letemps,bpt6k264341m,,failed,0,0,,no_usable_pages,known,,,bpt6k264341m: no usable pages in manifest.,2026-07-18T18:24:27.917410
etatsuniseurope,bpt6k115390t,,failed,0,0,,no_usable_pages,known,,,bpt6k115390t: no usable pages in manifest.,2026-07-31T11:08:26.295595
lettresfrancaises,bd6t5912608h,,failed,0,0,,http_manifest,known,403,manifest,"Client error '403 ' for url 'https://openapiproext.bnf.fr/iiif/presentation/v3/ark:/12148/bd6t5912608h/manifest.json'
For more information check: https://developer.mozilla.org/en-US/docs/Web/HTTP/Status/403",2026-07-18T18:36:52.269051
lettresfrancaises,bd6t5912609w,,failed,0,0,,http_manifest,known,403,manifest,"Client error '403 ' for url 'https://openapiproext.bnf.fr/iiif/presentation/v3/ark:/12148/bd6t5912609w/manifest.json'
For more information check: https://developer.mozilla.org/en-US/docs/Web/HTTP/Status/403",2026-07-18T18:36:55.877031
lettresfrancaises,bd6t580547,,failed,0,0,,http_manifest,known,403,manifest,"Client error '403 ' for url 'https://openapiproext.bnf.fr/iiif/presentation/v3/ark:/12148/bd6t580547/manifest.json'
For more information check: https://developer.mozilla.org/en-US/docs/Web/HTTP/Status/403",2026-07-18T18:49:43.256777
lettresfrancaises,bd6t58055j,,failed,0,0,,http_manifest,known,403,manifest,"Client error '403 ' for url 'https://openapiproext.bnf.fr/iiif/presentation/v3/ark:/12148/bd6t58055j/manifest.json'
For more information check: https://developer.mozilla.org/en-US/docs/Web/HTTP/Status/403",2026-07-18T18:49:44.464859
lettresfrancaises,bd6t58056v,,failed,0,0,,http_manifest,known,403,manifest,"Client error '403 ' for url 'https://openapiproext.bnf.fr/iiif/presentation/v3/ark:/12148/bd6t58056v/manifest.json'
For more information check: https://developer.mozilla.org/en-US/docs/Web/HTTP/Status/403",2026-07-18T18:49:45.665687
lettresfrancaises,bd6t580575,,failed,0,0,,http_manifest,known,403,manifest,"Client error '403 ' for url 'https://openapiproext.bnf.fr/iiif/presentation/v3/ark:/12148/bd6t580575/manifest.json'
For more information check: https://developer.mozilla.org/en-US/docs/Web/HTTP/Status/403",2026-07-18T18:49:46.864192
lettresfrancaises,bd6t58058g,,failed,0,0,,http_manifest,known,403,manifest,"Client error '403 ' for url 'https://openapiproext.bnf.fr/iiif/presentation/v3/ark:/12148/bd6t58058g/manifest.json'
For more information check: https://developer.mozilla.org/en-US/docs/Web/HTTP/Status/403",2026-07-18T18:49:48.094486
lettresfrancaises,bd6t58059s,,failed,0,0,,http_manifest,known,403,manifest,"Client error '403 ' for url 'https://openapiproext.bnf.fr/iiif/presentation/v3/ark:/12148/bd6t58059s/manifest.json'
For more information check: https://developer.mozilla.org/en-US/docs/Web/HTTP/Status/403",2026-07-18T18:49:49.307287
lettresfrancaises,bd6t580608,,failed,0,0,,http_manifest,known,403,manifest,"Client error '403 ' for url 'https://openapiproext.bnf.fr/iiif/presentation/v3/ark:/12148/bd6t580608/manifest.json'
For more information check: https://developer.mozilla.org/en-US/docs/Web/HTTP/Status/403",2026-07-18T18:49:50.478049
lettresfrancaises,bd6t58061k,,failed,0,0,,http_manifest,known,403,manifest,"Client error '403 ' for url 'https://openapiproext.bnf.fr/iiif/presentation/v3/ark:/12148/bd6t58061k/manifest.json'
For more information check: https://developer.mozilla.org/en-US/docs/Web/HTTP/Status/403",2026-07-18T18:49:51.681971
lettresfrancaises,bd6t58062w,,failed,0,0,,http_manifest,known,403,manifest,"Client error '403 ' for url 'https://openapiproext.bnf.fr/iiif/presentation/v3/ark:/12148/bd6t58062w/manifest.json'
For more information check: https://developer.mozilla.org/en-US/docs/Web/HTTP/Status/403",2026-07-18T18:49:52.896732
lettresfrancaises,bd6t580636,,failed,0,0,,http_manifest,known,403,manifest,"Client error '403 ' for url 'https://openapiproext.bnf.fr/iiif/presentation/v3/ark:/12148/bd6t580636/manifest.json'
For more information check: https://developer.mozilla.org/en-US/docs/Web/HTTP/Status/403",2026-07-18T18:49:54.074339
lettresfrancaises,bd6t58064h,,failed,0,0,,http_manifest,known,403,manifest,"Client error '403 ' for url 'https://openapiproext.bnf.fr/iiif/presentation/v3/ark:/12148/bd6t58064h/manifest.json'
For more information check: https://developer.mozilla.org/en-US/docs/Web/HTTP/Status/403",2026-07-18T18:49:55.297195
lettresfrancaises,bd6t58065t,,failed,0,0,,http_manifest,known,403,manifest,"Client error '403 ' for url 'https://openapiproext.bnf.fr/iiif/presentation/v3/ark:/12148/bd6t58065t/manifest.json'
For more information check: https://developer.mozilla.org/en-US/docs/Web/HTTP/Status/403",2026-07-18T18:49:56.503830
lettresfrancaises,bd6t580664,,failed,0,0,,http_manifest,known,403,manifest,"Client error '403 ' for url 'https://openapiproext.bnf.fr/iiif/presentation/v3/ark:/12148/bd6t580664/manifest.json'
For more information check: https://developer.mozilla.org/en-US/docs/Web/HTTP/Status/403",2026-07-18T18:49:57.705450
lettresfrancaises,bd6t58067f,,failed,0,0,,http_manifest,known,403,manifest,"Client error '403 ' for url 'https://openapiproext.bnf.fr/iiif/presentation/v3/ark:/12148/bd6t58067f/manifest.json'
For more information check: https://developer.mozilla.org/en-US/docs/Web/HTTP/Status/403",2026-07-18T18:49:58.880014
lettresfrancaises,bd6t58068r,,failed,0,0,,http_manifest,known,403,manifest,"Client error '403 ' for url 'https://openapiproext.bnf.fr/iiif/presentation/v3/ark:/12148/bd6t58068r/manifest.json'
For more information check: https://developer.mozilla.org/en-US/docs/Web/HTTP/Status/403",2026-07-18T18:50:00.099691
lettresfrancaises,bd6t580692,,failed,0,0,,http_manifest,known,403,manifest,"Client error '403 ' for url 'https://openapiproext.bnf.fr/iiif/presentation/v3/ark:/12148/bd6t580692/manifest.json'
For more information check: https://developer.mozilla.org/en-US/docs/Web/HTTP/Status/403",2026-07-18T18:50:01.296367
lettresfrancaises,bd6t58070j,,failed,0,0,,http_manifest,known,403,manifest,"Client error '403 ' for url 'https://openapiproext.bnf.fr/iiif/presentation/v3/ark:/12148/bd6t58070j/manifest.json'
For more information check: https://developer.mozilla.org/en-US/docs/Web/HTTP/Status/403",2026-07-18T18:50:02.484873
lettresfrancaises,bd6t58071v,,failed,0,0,,http_manifest,known,403,manifest,"Client error '403 ' for url 'https://openapiproext.bnf.fr/iiif/presentation/v3/ark:/12148/bd6t58071v/manifest.json'
For more information check: https://developer.mozilla.org/en-US/docs/Web/HTTP/Status/403",2026-07-18T18:50:03.703023
lettresfrancaises,bd6t580725,,failed,0,0,,http_manifest,known,403,manifest,"Client error '403 ' for url 'https://openapiproext.bnf.fr/iiif/presentation/v3/ark:/12148/bd6t580725/manifest.json'
For more information check: https://developer.mozilla.org/en-US/docs/Web/HTTP/Status/403",2026-07-18T18:50:04.917316
lettresfrancaises,bd6t58073g,,failed,0,0,,http_manifest,known,403,manifest,"Client error '403 ' for url 'https://openapiproext.bnf.fr/iiif/presentation/v3/ark:/12148/bd6t58073g/manifest.json'
For more information check: https://developer.mozilla.org/en-US/docs/Web/HTTP/Status/403",2026-07-18T18:50:06.096817
lettresfrancaises,bd6t58074s,,failed,0,0,,http_manifest,known,403,manifest,"Client error '403 ' for url 'https://openapiproext.bnf.fr/iiif/presentation/v3/ark:/12148/bd6t58074s/manifest.json'
For more information check: https://developer.mozilla.org/en-US/docs/Web/HTTP/Status/403",2026-07-18T18:50:07.321618
lettresfrancaises,bd6t580753,,failed,0,0,,http_manifest,known,403,manifest,"Client error '403 ' for url 'https://openapiproext.bnf.fr/iiif/presentation/v3/ark:/12148/bd6t580753/manifest.json'
For more information check: https://developer.mozilla.org/en-US/docs/Web/HTTP/Status/403",2026-07-18T18:50:08.735509
lettresfrancaises,bd6t58076d,,failed,0,0,,http_manifest,known,403,manifest,"Client error '403 ' for url 'https://openapiproext.bnf.fr/iiif/presentation/v3/ark:/12148/bd6t58076d/manifest.json'
For more information check: https://developer.mozilla.org/en-US/docs/Web/HTTP/Status/403",2026-07-18T18:50:09.722419
lettresfrancaises,bd6t58077q,,failed,0,0,,http_manifest,known,403,manifest,"Client error '403 ' for url 'https://openapiproext.bnf.fr/iiif/presentation/v3/ark:/12148/bd6t58077q/manifest.json'
For more information check: https://developer.mozilla.org/en-US/docs/Web/HTTP/Status/403",2026-07-18T18:50:10.896554
lettresfrancaises,bd6t580781,,failed,0,0,,http_manifest,known,403,manifest,"Client error '403 ' for url 'https://openapiproext.bnf.fr/iiif/presentation/v3/ark:/12148/bd6t580781/manifest.json'
For more information check: https://developer.mozilla.org/en-US/docs/Web/HTTP/Status/403",2026-07-18T18:50:12.158630
lettresfrancaises,bd6t58079b,,failed,0,0,,http_manifest,known,403,manifest,"Client error '403 ' for url 'https://openapiproext.bnf.fr/iiif/presentation/v3/ark:/12148/bd6t58079b/manifest.json'
For more information check: https://developer.mozilla.org/en-US/docs/Web/HTTP/Status/403",2026-07-18T18:50:13.457283
lettresfrancaises,bd6t58080t,,failed,0,0,,http_manifest,known,403,manifest,"Client error '403 ' for url 'https://openapiproext.bnf.fr/iiif/presentation/v3/ark:/12148/bd6t58080t/manifest.json'
For more information check: https://developer.mozilla.org/en-US/docs/Web/HTTP/Status/403",2026-07-18T18:50:14.787080
lettresfrancaises,bd6t580814,,failed,0,0,,http_manifest,known,403,manifest,"Client error '403 ' for url 'https://openapiproext.bnf.fr/iiif/presentation/v3/ark:/12148/bd6t580814/manifest.json'
For more information check: https://developer.mozilla.org/en-US/docs/Web/HTTP/Status/403",2026-07-18T18:50:15.747752
lettresfrancaises,bd6t58082f,,failed,0,0,,http_manifest,known,403,manifest,"Client error '403 ' for url 'https://openapiproext.bnf.fr/iiif/presentation/v3/ark:/12148/bd6t58082f/manifest.json'
For more information check: https://developer.mozilla.org/en-US/docs/Web/HTTP/Status/403",2026-07-18T18:50:16.906890
lettresfrancaises,bd6t58083r,,failed,0,0,,http_manifest,known,403,manifest,"Client error '403 ' for url 'https://openapiproext.bnf.fr/iiif/presentation/v3/ark:/12148/bd6t58083r/manifest.json'
For more information check: https://developer.mozilla.org/en-US/docs/Web/HTTP/Status/403",2026-07-18T18:50:18.194006
lettresfrancaises,bd6t580842,,failed,0,0,,http_manifest,known,403,manifest,"Client error '403 ' for url 'https://openapiproext.bnf.fr/iiif/presentation/v3/ark:/12148/bd6t580842/manifest.json'
For more information check: https://developer.mozilla.org/en-US/docs/Web/HTTP/Status/403",2026-07-18T18:50:19.315590
lettresfrancaises,bd6t58085c,,failed,0,0,,http_manifest,known,403,manifest,"Client error '403 ' for url 'https://openapiproext.bnf.fr/iiif/presentation/v3/ark:/12148/bd6t58085c/manifest.json'
For more information check: https://developer.mozilla.org/en-US/docs/Web/HTTP/Status/403",2026-07-18T18:50:20.573896
lettresfrancaises,bd6t58086p,,failed,0,0,,http_manifest,known,403,manifest,"Client error '403 ' for url 'https://openapiproext.bnf.fr/iiif/presentation/v3/ark:/12148/bd6t58086p/manifest.json'
For more information check: https://developer.mozilla.org/en-US/docs/Web/HTTP/Status/403",2026-07-18T18:50:21.835661
lettresfrancaises,bd6t580870,,failed,0,0,,http_manifest,known,403,manifest,"Client error '403 ' for url 'https://openapiproext.bnf.fr/iiif/presentation/v3/ark:/12148/bd6t580870/manifest.json'
For more information check: https://developer.mozilla.org/en-US/docs/Web/HTTP/Status/403",2026-07-18T18:50:23.135024
lettresfrancaises,bd6t580889,,failed,0,0,,http_manifest,known,403,manifest,"Client error '403 ' for url 'https://openapiproext.bnf.fr/iiif/presentation/v3/ark:/12148/bd6t580889/manifest.json'
For more information check: https://developer.mozilla.org/en-US/docs/Web/HTTP/Status/403",2026-07-18T18:50:24.200886
lettresfrancaises,bd6t58089m,,failed,0,0,,http_manifest,known,403,manifest,"Client error '403 ' for url 'https://openapiproext.bnf.fr/iiif/presentation/v3/ark:/12148/bd6t58089m/manifest.json'
For more information check: https://developer.mozilla.org/en-US/docs/Web/HTTP/Status/403",2026-07-18T18:50:25.423740
lettresfrancaises,bd6t580903,,failed,0,0,,http_manifest,known,403,manifest,"Client error '403 ' for url 'https://openapiproext.bnf.fr/iiif/presentation/v3/ark:/12148/bd6t580903/manifest.json'
For more information check: https://developer.mozilla.org/en-US/docs/Web/HTTP/Status/403",2026-07-18T18:50:26.536658
lettresfrancaises,bd6t58091d,,failed,0,0,,http_manifest,known,403,manifest,"Client error '403 ' for url 'https://openapiproext.bnf.fr/iiif/presentation/v3/ark:/12148/bd6t58091d/manifest.json'
For more information check: https://developer.mozilla.org/en-US/docs/Web/HTTP/Status/403",2026-07-18T18:50:27.721232
lettresfrancaises,bd6t58092q,,failed,0,0,,http_manifest,known,403,manifest,"Client error '403 ' for url 'https://openapiproext.bnf.fr/iiif/presentation/v3/ark:/12148/bd6t58092q/manifest.json'
For more information check: https://developer.mozilla.org/en-US/docs/Web/HTTP/Status/403",2026-07-18T18:50:28.927696
lettresfrancaises,bd6t580931,,failed,0,0,,http_manifest,known,403,manifest,"Client error '403 ' for url 'https://openapiproext.bnf.fr/iiif/presentation/v3/ark:/12148/bd6t580931/manifest.json'
For more information check: https://developer.mozilla.org/en-US/docs/Web/HTTP/Status/403",2026-07-18T18:50:30.143476
lettresfrancaises,bd6t58094b,,failed,0,0,,http_manifest,known,403,manifest,"Client error '403 ' for url 'https://openapiproext.bnf.fr/iiif/presentation/v3/ark:/12148/bd6t58094b/manifest.json'
For more information check: https://developer.mozilla.org/en-US/docs/Web/HTTP/Status/403",2026-07-18T18:50:31.338833
lettresfrancaises,bd6t58095n,,failed,0,0,,http_manifest,known,403,manifest,"Client error '403 ' for url 'https://openapiproext.bnf.fr/iiif/presentation/v3/ark:/12148/bd6t58095n/manifest.json'
For more information check: https://developer.mozilla.org/en-US/docs/Web/HTTP/Status/403",2026-07-18T18:50:32.544016
lettresfrancaises,bd6t58096z,,failed,0,0,,http_manifest,known,403,manifest,"Client error '403 ' for url 'https://openapiproext.bnf.fr/iiif/presentation/v3/ark:/12148/bd6t58096z/manifest.json'
For more information check: https://developer.mozilla.org/en-US/docs/Web/HTTP/Status/403",2026-07-18T18:50:33.729058
lettresfrancaises,bd6t580978,,failed,0,0,,http_manifest,known,403,manifest,"Client error '403 ' for url 'https://openapiproext.bnf.fr/iiif/presentation/v3/ark:/12148/bd6t580978/manifest.json'
For more information check: https://developer.mozilla.org/en-US/docs/Web/HTTP/Status/403",2026-07-18T18:50:34.941875
lettresfrancaises,bd6t58098k,,failed,0,0,,http_manifest,known,403,manifest,"Client error '403 ' for url 'https://openapiproext.bnf.fr/iiif/presentation/v3/ark:/12148/bd6t58098k/manifest.json'
For more information check: https://developer.mozilla.org/en-US/docs/Web/HTTP/Status/403",2026-07-18T18:50:36.151023
lettresfrancaises,bd6t58099w,,failed,0,0,,http_manifest,known,403,manifest,"Client error '403 ' for url 'https://openapiproext.bnf.fr/iiif/presentation/v3/ark:/12148/bd6t58099w/manifest.json'
For more information check: https://developer.mozilla.org/en-US/docs/Web/HTTP/Status/403",2026-07-18T18:50:37.355215
lettresfrancaises,bd6t58100v,,failed,0,0,,http_manifest,known,403,manifest,"Client error '403 ' for url 'https://openapiproext.bnf.fr/iiif/presentation/v3/ark:/12148/bd6t58100v/manifest.json'
For more information check: https://developer.mozilla.org/en-US/docs/Web/HTTP/Status/403",2026-07-18T18:50:38.540081
lettresfrancaises,bd6t581015,,failed,0,0,,http_manifest,known,403,manifest,"Client error '403 ' for url 'https://openapiproext.bnf.fr/iiif/presentation/v3/ark:/12148/bd6t581015/manifest.json'
For more information check: https://developer.mozilla.org/en-US/docs/Web/HTTP/Status/403",2026-07-18T18:50:39.752280
lettresfrancaises,bd6t58102g,,failed,0,0,,http_manifest,known,403,manifest,"Client error '403 ' for url 'https://openapiproext.bnf.fr/iiif/presentation/v3/ark:/12148/bd6t58102g/manifest.json'
For more information check: https://developer.mozilla.org/en-US/docs/Web/HTTP/Status/403",2026-07-18T18:50:40.960804
lettresfrancaises,bd6t58103s,,failed,0,0,,http_manifest,known,403,manifest,"Client error '403 ' for url 'https://openapiproext.bnf.fr/iiif/presentation/v3/ark:/12148/bd6t58103s/manifest.json'
For more information check: https://developer.mozilla.org/en-US/docs/Web/HTTP/Status/403",2026-07-18T18:50:42.136073
lettresfrancaises,bd6t581043,,failed,0,0,,http_manifest,known,403,manifest,"Client error '403 ' for url 'https://openapiproext.bnf.fr/iiif/presentation/v3/ark:/12148/bd6t581043/manifest.json'
For more information check: https://developer.mozilla.org/en-US/docs/Web/HTTP/Status/403",2026-07-18T18:50:43.372890
lettresfrancaises,bd6t58105d,,failed,0,0,,http_manifest,known,403,manifest,"Client error '403 ' for url 'https://openapiproext.bnf.fr/iiif/presentation/v3/ark:/12148/bd6t58105d/manifest.json'
For more information check: https://developer.mozilla.org/en-US/docs/Web/HTTP/Status/403",2026-07-18T18:50:44.544462
lettresfrancaises,bd6t57850q,,failed,0,0,,http_manifest,known,403,manifest,"Client error '403 ' for url 'https://openapiproext.bnf.fr/iiif/presentation/v3/ark:/12148/bd6t57850q/manifest.json'
For more information check: https://developer.mozilla.org/en-US/docs/Web/HTTP/Status/403",2026-07-18T18:50:45.768774
lettresfrancaises,bd6t578511,,failed,0,0,,http_manifest,known,403,manifest,"Client error '403 ' for url 'https://openapiproext.bnf.fr/iiif/presentation/v3/ark:/12148/bd6t578511/manifest.json'
For more information check: https://developer.mozilla.org/en-US/docs/Web/HTTP/Status/403",2026-07-18T18:50:46.942969
lettresfrancaises,bd6t57852b,,failed,0,0,,http_manifest,known,403,manifest,"Client error '403 ' for url 'https://openapiproext.bnf.fr/iiif/presentation/v3/ark:/12148/bd6t57852b/manifest.json'
For more information check: https://developer.mozilla.org/en-US/docs/Web/HTTP/Status/403",2026-07-18T18:50:48.163189
lettresfrancaises,bd6t57853n,,failed,0,0,,http_manifest,known,403,manifest,"Client error '403 ' for url 'https://openapiproext.bnf.fr/iiif/presentation/v3/ark:/12148/bd6t57853n/manifest.json'
For more information check: https://developer.mozilla.org/en-US/docs/Web/HTTP/Status/403",2026-07-18T18:50:49.356372
lettresfrancaises,bd6t57854z,,failed,0,0,,http_manifest,known,403,manifest,"Client error '403 ' for url 'https://openapiproext.bnf.fr/iiif/presentation/v3/ark:/12148/bd6t57854z/manifest.json'
For more information check: https://developer.mozilla.org/en-US/docs/Web/HTTP/Status/403",2026-07-18T18:50:50.550538
lettresfrancaises,bd6t578558,,failed,0,0,,http_manifest,known,403,manifest,"Client error '403 ' for url 'https://openapiproext.bnf.fr/iiif/presentation/v3/ark:/12148/bd6t578558/manifest.json'
For more information check: https://developer.mozilla.org/en-US/docs/Web/HTTP/Status/403",2026-07-18T18:50:51.772406
lettresfrancaises,bd6t57856k,,failed,0,0,,http_manifest,known,403,manifest,"Client error '403 ' for url 'https://openapiproext.bnf.fr/iiif/presentation/v3/ark:/12148/bd6t57856k/manifest.json'
For more information check: https://developer.mozilla.org/en-US/docs/Web/HTTP/Status/403",2026-07-18T18:50:52.966258
lettresfrancaises,bd6t57857w,,failed,0,0,,http_manifest,known,403,manifest,"Client error '403 ' for url 'https://openapiproext.bnf.fr/iiif/presentation/v3/ark:/12148/bd6t57857w/manifest.json'
For more information check: https://developer.mozilla.org/en-US/docs/Web/HTTP/Status/403",2026-07-18T18:50:54.163166
lettresfrancaises,bd6t578586,,failed,0,0,,http_manifest,known,403,manifest,"Client error '403 ' for url 'https://openapiproext.bnf.fr/iiif/presentation/v3/ark:/12148/bd6t578586/manifest.json'
For more information check: https://developer.mozilla.org/en-US/docs/Web/HTTP/Status/403",2026-07-18T18:50:55.353425
lettresfrancaises,bd6t57859h,,failed,0,0,,http_manifest,known,403,manifest,"Client error '403 ' for url 'https://openapiproext.bnf.fr/iiif/presentation/v3/ark:/12148/bd6t57859h/manifest.json'
For more information check: https://developer.mozilla.org/en-US/docs/Web/HTTP/Status/403",2026-07-18T18:50:56.576292
lettresfrancaises,bd6t578600,,failed,0,0,,http_manifest,known,403,manifest,"Client error '403 ' for url 'https://openapiproext.bnf.fr/iiif/presentation/v3/ark:/12148/bd6t578600/manifest.json'
For more information check: https://developer.mozilla.org/en-US/docs/Web/HTTP/Status/403",2026-07-18T18:50:57.791187
lettresfrancaises,bd6t578619,,failed,0,0,,http_manifest,known,403,manifest,"Client error '403 ' for url 'https://openapiproext.bnf.fr/iiif/presentation/v3/ark:/12148/bd6t578619/manifest.json'
For more information check: https://developer.mozilla.org/en-US/docs/Web/HTTP/Status/403",2026-07-18T18:50:58.958422
lettresfrancaises,bd6t57862m,,failed,0,0,,http_manifest,known,403,manifest,"Client error '403 ' for url 'https://openapiproext.bnf.fr/iiif/presentation/v3/ark:/12148/bd6t57862m/manifest.json'
For more information check: https://developer.mozilla.org/en-US/docs/Web/HTTP/Status/403",2026-07-18T18:51:00.172571
lettresfrancaises,bd6t57863x,,failed,0,0,,http_manifest,known,403,manifest,"Client error '403 ' for url 'https://openapiproext.bnf.fr/iiif/presentation/v3/ark:/12148/bd6t57863x/manifest.json'
For more information check: https://developer.mozilla.org/en-US/docs/Web/HTTP/Status/403",2026-07-18T18:51:01.358630
lettresfrancaises,bd6t578647,,failed,0,0,,http_manifest,known,403,manifest,"Client error '403 ' for url 'https://openapiproext.bnf.fr/iiif/presentation/v3/ark:/12148/bd6t578647/manifest.json'
For more information check: https://developer.mozilla.org/en-US/docs/Web/HTTP/Status/403",2026-07-18T18:51:02.580001
lettresfrancaises,bd6t57865j,,failed,0,0,,http_manifest,known,403,manifest,"Client error '403 ' for url 'https://openapiproext.bnf.fr/iiif/presentation/v3/ark:/12148/bd6t57865j/manifest.json'
For more information check: https://developer.mozilla.org/en-US/docs/Web/HTTP/Status/403",2026-07-18T18:51:03.777253
lettresfrancaises,bd6t57866v,,failed,0,0,,http_manifest,known,403,manifest,"Client error '403 ' for url 'https://openapiproext.bnf.fr/iiif/presentation/v3/ark:/12148/bd6t57866v/manifest.json'
For more information check: https://developer.mozilla.org/en-US/docs/Web/HTTP/Status/403",2026-07-18T18:51:04.992926
lettresfrancaises,bd6t578675,,failed,0,0,,http_manifest,known,403,manifest,"Client error '403 ' for url 'https://openapiproext.bnf.fr/iiif/presentation/v3/ark:/12148/bd6t578675/manifest.json'
For more information check: https://developer.mozilla.org/en-US/docs/Web/HTTP/Status/403",2026-07-18T18:51:06.166759
lettresfrancaises,bd6t57868g,,failed,0,0,,http_manifest,known,403,manifest,"Client error '403 ' for url 'https://openapiproext.bnf.fr/iiif/presentation/v3/ark:/12148/bd6t57868g/manifest.json'
For more information check: https://developer.mozilla.org/en-US/docs/Web/HTTP/Status/403",2026-07-18T18:51:07.372758
lettresfrancaises,bd6t57869s,,failed,0,0,,http_manifest,known,403,manifest,"Client error '403 ' for url 'https://openapiproext.bnf.fr/iiif/presentation/v3/ark:/12148/bd6t57869s/manifest.json'
For more information check: https://developer.mozilla.org/en-US/docs/Web/HTTP/Status/403",2026-07-18T18:51:08.835645
lettresfrancaises,bd6t578708,,failed,0,0,,http_manifest,known,403,manifest,"Client error '403 ' for url 'https://openapiproext.bnf.fr/iiif/presentation/v3/ark:/12148/bd6t578708/manifest.json'
For more information check: https://developer.mozilla.org/en-US/docs/Web/HTTP/Status/403",2026-07-18T18:51:09.802605
lettresfrancaises,bd6t57871k,,failed,0,0,,http_manifest,known,403,manifest,"Client error '403 ' for url 'https://openapiproext.bnf.fr/iiif/presentation/v3/ark:/12148/bd6t57871k/manifest.json'
For more information check: https://developer.mozilla.org/en-US/docs/Web/HTTP/Status/403",2026-07-18T18:51:11.100699
lettresfrancaises,bd6t57872w,,failed,0,0,,http_manifest,known,403,manifest,"Client error '403 ' for url 'https://openapiproext.bnf.fr/iiif/presentation/v3/ark:/12148/bd6t57872w/manifest.json'
For more information check: https://developer.mozilla.org/en-US/docs/Web/HTTP/Status/403",2026-07-18T18:51:12.189229
lettresfrancaises,bd6t578736,,failed,0,0,,http_manifest,known,403,manifest,"Client error '403 ' for url 'https://openapiproext.bnf.fr/iiif/presentation/v3/ark:/12148/bd6t578736/manifest.json'
For more information check: https://developer.mozilla.org/en-US/docs/Web/HTTP/Status/403",2026-07-18T18:51:13.656295
lettresfrancaises,bd6t57874h,,failed,0,0,,http_manifest,known,403,manifest,"Client error '403 ' for url 'https://openapiproext.bnf.fr/iiif/presentation/v3/ark:/12148/bd6t57874h/manifest.json'
For more information check: https://developer.mozilla.org/en-US/docs/Web/HTTP/Status/403",2026-07-18T18:51:14.762316
lettresfrancaises,bd6t57875t,,failed,0,0,,http_manifest,known,403,manifest,"Client error '403 ' for url 'https://openapiproext.bnf.fr/iiif/presentation/v3/ark:/12148/bd6t57875t/manifest.json'
For more information check: https://developer.mozilla.org/en-US/docs/Web/HTTP/Status/403",2026-07-18T18:51:15.807155
lettresfrancaises,bd6t578764,,failed,0,0,,http_manifest,known,403,manifest,"Client error '403 ' for url 'https://openapiproext.bnf.fr/iiif/presentation/v3/ark:/12148/bd6t578764/manifest.json'
For more information check: https://developer.mozilla.org/en-US/docs/Web/HTTP/Status/403",2026-07-18T18:51:16.985896
lettresfrancaises,bd6t57877f,,failed,0,0,,http_manifest,known,403,manifest,"Client error '403 ' for url 'https://openapiproext.bnf.fr/iiif/presentation/v3/ark:/12148/bd6t57877f/manifest.json'
For more information check: https://developer.mozilla.org/en-US/docs/Web/HTTP/Status/403",2026-07-18T18:51:18.185711
lettresfrancaises,bd6t57878r,,failed,0,0,,http_manifest,known,403,manifest,"Client error '403 ' for url 'https://openapiproext.bnf.fr/iiif/presentation/v3/ark:/12148/bd6t57878r/manifest.json'
For more information check: https://developer.mozilla.org/en-US/docs/Web/HTTP/Status/403",2026-07-18T18:51:19.501200
lettresfrancaises,bd6t578792,,failed,0,0,,http_manifest,known,403,manifest,"Client error '403 ' for url 'https://openapiproext.bnf.fr/iiif/presentation/v3/ark:/12148/bd6t578792/manifest.json'
For more information check: https://developer.mozilla.org/en-US/docs/Web/HTTP/Status/403",2026-07-18T18:51:20.588299
lettresfrancaises,bd6t57880j,,failed,0,0,,http_manifest,known,403,manifest,"Client error '403 ' for url 'https://openapiproext.bnf.fr/iiif/presentation/v3/ark:/12148/bd6t57880j/manifest.json'
For more information check: https://developer.mozilla.org/en-US/docs/Web/HTTP/Status/403",2026-07-18T18:51:21.989493
lettresfrancaises,bd6t57881v,,failed,0,0,,http_manifest,known,403,manifest,"Client error '403 ' for url 'https://openapiproext.bnf.fr/iiif/presentation/v3/ark:/12148/bd6t57881v/manifest.json'
For more information check: https://developer.mozilla.org/en-US/docs/Web/HTTP/Status/403",2026-07-18T18:51:23.032852
lettresfrancaises,bd6t578825,,failed,0,0,,http_manifest,known,403,manifest,"Client error '403 ' for url 'https://openapiproext.bnf.fr/iiif/presentation/v3/ark:/12148/bd6t578825/manifest.json'
For more information check: https://developer.mozilla.org/en-US/docs/Web/HTTP/Status/403",2026-07-18T18:51:24.231219
lettresfrancaises,bd6t57883g,,failed,0,0,,http_manifest,known,403,manifest,"Client error '403 ' for url 'https://openapiproext.bnf.fr/iiif/presentation/v3/ark:/12148/bd6t57883g/manifest.json'
For more information check: https://developer.mozilla.org/en-US/docs/Web/HTTP/Status/403",2026-07-18T18:51:25.388542
lettresfrancaises,bd6t57884s,,failed,0,0,,http_manifest,known,403,manifest,"Client error '403 ' for url 'https://openapiproext.bnf.fr/iiif/presentation/v3/ark:/12148/bd6t57884s/manifest.json'
For more information check: https://developer.mozilla.org/en-US/docs/Web/HTTP/Status/403",2026-07-18T18:51:26.618204
lettresfrancaises,bd6t578853,,failed,0,0,,http_manifest,known,403,manifest,"Client error '403 ' for url 'https://openapiproext.bnf.fr/iiif/presentation/v3/ark:/12148/bd6t578853/manifest.json'
For more information check: https://developer.mozilla.org/en-US/docs/Web/HTTP/Status/403",2026-07-18T18:51:28.034549
lettresfrancaises,bd6t57886d,,failed,0,0,,http_manifest,known,403,manifest,"Client error '403 ' for url 'https://openapiproext.bnf.fr/iiif/presentation/v3/ark:/12148/bd6t57886d/manifest.json'
For more information check: https://developer.mozilla.org/en-US/docs/Web/HTTP/Status/403",2026-07-18T18:51:28.991583
lettresfrancaises,bd6t57887q,,failed,0,0,,http_manifest,known,403,manifest,"Client error '403 ' for url 'https://openapiproext.bnf.fr/iiif/presentation/v3/ark:/12148/bd6t57887q/manifest.json'
For more information check: https://developer.mozilla.org/en-US/docs/Web/HTTP/Status/403",2026-07-18T18:51:30.209729
lettresfrancaises,bd6t578881,,failed,0,0,,http_manifest,known,403,manifest,"Client error '403 ' for url 'https://openapiproext.bnf.fr/iiif/presentation/v3/ark:/12148/bd6t578881/manifest.json'
For more information check: https://developer.mozilla.org/en-US/docs/Web/HTTP/Status/403",2026-07-18T18:51:31.396517
lettresfrancaises,bd6t57889b,,failed,0,0,,http_manifest,known,403,manifest,"Client error '403 ' for url 'https://openapiproext.bnf.fr/iiif/presentation/v3/ark:/12148/bd6t57889b/manifest.json'
For more information check: https://developer.mozilla.org/en-US/docs/Web/HTTP/Status/403",2026-07-18T18:51:32.622730
lettresfrancaises,bd6t57890t,,failed,0,0,,http_manifest,known,403,manifest,"Client error '403 ' for url 'https://openapiproext.bnf.fr/iiif/presentation/v3/ark:/12148/bd6t57890t/manifest.json'
For more information check: https://developer.mozilla.org/en-US/docs/Web/HTTP/Status/403",2026-07-18T18:51:33.813580
lettresfrancaises,bd6t578914,,failed,0,0,,http_manifest,known,403,manifest,"Client error '403 ' for url 'https://openapiproext.bnf.fr/iiif/presentation/v3/ark:/12148/bd6t578914/manifest.json'
For more information check: https://developer.mozilla.org/en-US/docs/Web/HTTP/Status/403",2026-07-18T18:51:35.027405
lettresfrancaises,bd6t57892f,,failed,0,0,,http_manifest,known,403,manifest,"Client error '403 ' for url 'https://openapiproext.bnf.fr/iiif/presentation/v3/ark:/12148/bd6t57892f/manifest.json'
For more information check: https://developer.mozilla.org/en-US/docs/Web/HTTP/Status/403",2026-07-18T18:51:36.217984
lettresfrancaises,bd6t57893r,,failed,0,0,,http_manifest,known,403,manifest,"Client error '403 ' for url 'https://openapiproext.bnf.fr/iiif/presentation/v3/ark:/12148/bd6t57893r/manifest.json'
For more information check: https://developer.mozilla.org/en-US/docs/Web/HTTP/Status/403",2026-07-18T18:51:37.403427
lettresfrancaises,bd6t578942,,failed,0,0,,http_manifest,known,403,manifest,"Client error '403 ' for url 'https://openapiproext.bnf.fr/iiif/presentation/v3/ark:/12148/bd6t578942/manifest.json'
For more information check: https://developer.mozilla.org/en-US/docs/Web/HTTP/Status/403",2026-07-18T18:51:38.612262
lettresfrancaises,bd6t57895c,,failed,0,0,,http_manifest,known,403,manifest,"Client error '403 ' for url 'https://openapiproext.bnf.fr/iiif/presentation/v3/ark:/12148/bd6t57895c/manifest.json'
For more information check: https://developer.mozilla.org/en-US/docs/Web/HTTP/Status/403",2026-07-18T18:51:39.811477
lettresfrancaises,bd6t57896p,,failed,0,0,,http_manifest,known,403,manifest,"Client error '403 ' for url 'https://openapiproext.bnf.fr/iiif/presentation/v3/ark:/12148/bd6t57896p/manifest.json'
For more information check: https://developer.mozilla.org/en-US/docs/Web/HTTP/Status/403",2026-07-18T18:51:41.027250
lettresfrancaises,bd6t578970,,failed,0,0,,http_manifest,known,403,manifest,"Client error '403 ' for url 'https://openapiproext.bnf.fr/iiif/presentation/v3/ark:/12148/bd6t578970/manifest.json'
For more information check: https://developer.mozilla.org/en-US/docs/Web/HTTP/Status/403",2026-07-18T18:51:42.221493
lettresfrancaises,bd6t578989,,failed,0,0,,http_manifest,known,403,manifest,"Client error '403 ' for url 'https://openapiproext.bnf.fr/iiif/presentation/v3/ark:/12148/bd6t578989/manifest.json'
For more information check: https://developer.mozilla.org/en-US/docs/Web/HTTP/Status/403",2026-07-18T18:51:43.432432
lettresfrancaises,bd6t57899m,,failed,0,0,,http_manifest,known,403,manifest,"Client error '403 ' for url 'https://openapiproext.bnf.fr/iiif/presentation/v3/ark:/12148/bd6t57899m/manifest.json'
For more information check: https://developer.mozilla.org/en-US/docs/Web/HTTP/Status/403",2026-07-18T18:51:44.616830
lettresfrancaises,bd6t57900k,,failed,0,0,,http_manifest,known,403,manifest,"Client error '403 ' for url 'https://openapiproext.bnf.fr/iiif/presentation/v3/ark:/12148/bd6t57900k/manifest.json'
For more information check: https://developer.mozilla.org/en-US/docs/Web/HTTP/Status/403",2026-07-18T18:51:45.837853
lettresfrancaises,bd6t57901w,,failed,0,0,,http_manifest,known,403,manifest,"Client error '403 ' for url 'https://openapiproext.bnf.fr/iiif/presentation/v3/ark:/12148/bd6t57901w/manifest.json'
For more information check: https://developer.mozilla.org/en-US/docs/Web/HTTP/Status/403",2026-07-18T18:51:47.015279
lettresfrancaises,bd6t579026,,failed,0,0,,http_manifest,known,403,manifest,"Client error '403 ' for url 'https://openapiproext.bnf.fr/iiif/presentation/v3/ark:/12148/bd6t579026/manifest.json'
For more information check: https://developer.mozilla.org/en-US/docs/Web/HTTP/Status/403",2026-07-18T18:51:48.227708
lettresfrancaises,bd6t57903h,,failed,0,0,,http_manifest,known,403,manifest,"Client error '403 ' for url 'https://openapiproext.bnf.fr/iiif/presentation/v3/ark:/12148/bd6t57903h/manifest.json'
For more information check: https://developer.mozilla.org/en-US/docs/Web/HTTP/Status/403",2026-07-18T18:51:49.421541
lettresfrancaises,bd6t57904t,,failed,0,0,,http_manifest,known,403,manifest,"Client error '403 ' for url 'https://openapiproext.bnf.fr/iiif/presentation/v3/ark:/12148/bd6t57904t/manifest.json'
For more information check: https://developer.mozilla.org/en-US/docs/Web/HTTP/Status/403",2026-07-18T18:51:50.632884
lettresfrancaises,bd6t579054,,failed,0,0,,http_manifest,known,403,manifest,"Client error '403 ' for url 'https://openapiproext.bnf.fr/iiif/presentation/v3/ark:/12148/bd6t579054/manifest.json'
For more information check: https://developer.mozilla.org/en-US/docs/Web/HTTP/Status/403",2026-07-18T18:51:51.819804
lettresfrancaises,bd6t57906f,,failed,0,0,,http_manifest,known,403,manifest,"Client error '403 ' for url 'https://openapiproext.bnf.fr/iiif/presentation/v3/ark:/12148/bd6t57906f/manifest.json'
For more information check: https://developer.mozilla.org/en-US/docs/Web/HTTP/Status/403",2026-07-18T18:51:53.052361
lettresfrancaises,bd6t57907r,,failed,0,0,,http_manifest,known,403,manifest,"Client error '403 ' for url 'https://openapiproext.bnf.fr/iiif/presentation/v3/ark:/12148/bd6t57907r/manifest.json'
For more information check: https://developer.mozilla.org/en-US/docs/Web/HTTP/Status/403",2026-07-18T18:51:54.227951
lettresfrancaises,bd6t579082,,failed,0,0,,http_manifest,known,403,manifest,"Client error '403 ' for url 'https://openapiproext.bnf.fr/iiif/presentation/v3/ark:/12148/bd6t579082/manifest.json'
For more information check: https://developer.mozilla.org/en-US/docs/Web/HTTP/Status/403",2026-07-18T18:51:55.450449
lettresfrancaises,bd6t57909c,,failed,0,0,,http_manifest,known,403,manifest,"Client error '403 ' for url 'https://openapiproext.bnf.fr/iiif/presentation/v3/ark:/12148/bd6t57909c/manifest.json'
For more information check: https://developer.mozilla.org/en-US/docs/Web/HTTP/Status/403",2026-07-18T18:51:56.635961
lettresfrancaises,bd6t57910v,,failed,0,0,,http_manifest,known,403,manifest,"Client error '403 ' for url 'https://openapiproext.bnf.fr/iiif/presentation/v3/ark:/12148/bd6t57910v/manifest.json'
For more information check: https://developer.mozilla.org/en-US/docs/Web/HTTP/Status/403",2026-07-18T18:51:57.825810
lettresfrancaises,bd6t579115,,failed,0,0,,http_manifest,known,403,manifest,"Client error '403 ' for url 'https://openapiproext.bnf.fr/iiif/presentation/v3/ark:/12148/bd6t579115/manifest.json'
For more information check: https://developer.mozilla.org/en-US/docs/Web/HTTP/Status/403",2026-07-18T18:51:59.037413
lettresfrancaises,bd6t57912g,,failed,0,0,,http_manifest,known,403,manifest,"Client error '403 ' for url 'https://openapiproext.bnf.fr/iiif/presentation/v3/ark:/12148/bd6t57912g/manifest.json'
For more information check: https://developer.mozilla.org/en-US/docs/Web/HTTP/Status/403",2026-07-18T18:52:00.239048
lettresfrancaises,bd6t57913s,,failed,0,0,,http_manifest,known,403,manifest,"Client error '403 ' for url 'https://openapiproext.bnf.fr/iiif/presentation/v3/ark:/12148/bd6t57913s/manifest.json'
For more information check: https://developer.mozilla.org/en-US/docs/Web/HTTP/Status/403",2026-07-18T18:52:01.437053
lettresfrancaises,bd6t579143,,failed,0,0,,http_manifest,known,403,manifest,"Client error '403 ' for url 'https://openapiproext.bnf.fr/iiif/presentation/v3/ark:/12148/bd6t579143/manifest.json'
For more information check: https://developer.mozilla.org/en-US/docs/Web/HTTP/Status/403",2026-07-18T18:52:02.659898
lettresfrancaises,bd6t57915d,,failed,0,0,,http_manifest,known,403,manifest,"Client error '403 ' for url 'https://openapiproext.bnf.fr/iiif/presentation/v3/ark:/12148/bd6t57915d/manifest.json'
For more information check: https://developer.mozilla.org/en-US/docs/Web/HTTP/Status/403",2026-07-18T18:52:03.841501
lettresfrancaises,bd6t57916q,,failed,0,0,,http_manifest,known,403,manifest,"Client error '403 ' for url 'https://openapiproext.bnf.fr/iiif/presentation/v3/ark:/12148/bd6t57916q/manifest.json'
For more information check: https://developer.mozilla.org/en-US/docs/Web/HTTP/Status/403",2026-07-18T18:52:05.047851
lettresfrancaises,bd6t579171,,failed,0,0,,http_manifest,known,403,manifest,"Client error '403 ' for url 'https://openapiproext.bnf.fr/iiif/presentation/v3/ark:/12148/bd6t579171/manifest.json'
For more information check: https://developer.mozilla.org/en-US/docs/Web/HTTP/Status/403",2026-07-18T18:52:06.244173
lettresfrancaises,bd6t57918b,,failed,0,0,,http_manifest,known,403,manifest,"Client error '403 ' for url 'https://openapiproext.bnf.fr/iiif/presentation/v3/ark:/12148/bd6t57918b/manifest.json'
For more information check: https://developer.mozilla.org/en-US/docs/Web/HTTP/Status/403",2026-07-18T18:52:07.658849
lettresfrancaises,bd6t57919n,,failed,0,0,,http_manifest,known,403,manifest,"Client error '403 ' for url 'https://openapiproext.bnf.fr/iiif/presentation/v3/ark:/12148/bd6t57919n/manifest.json'
For more information check: https://developer.mozilla.org/en-US/docs/Web/HTTP/Status/403",2026-07-18T18:52:08.918734
lettresfrancaises,bd6t579204,,failed,0,0,,http_manifest,known,403,manifest,"Client error '403 ' for url 'https://openapiproext.bnf.fr/iiif/presentation/v3/ark:/12148/bd6t579204/manifest.json'
For more information check: https://developer.mozilla.org/en-US/docs/Web/HTTP/Status/403",2026-07-18T18:52:09.859563
lettresfrancaises,bd6t57921f,,failed,0,0,,http_manifest,known,403,manifest,"Client error '403 ' for url 'https://openapiproext.bnf.fr/iiif/presentation/v3/ark:/12148/bd6t57921f/manifest.json'
For more information check: https://developer.mozilla.org/en-US/docs/Web/HTTP/Status/403",2026-07-18T18:52:11.140967
lettresfrancaises,bd6t57922r,,failed,0,0,,http_manifest,known,403,manifest,"Client error '403 ' for url 'https://openapiproext.bnf.fr/iiif/presentation/v3/ark:/12148/bd6t57922r/manifest.json'
For more information check: https://developer.mozilla.org/en-US/docs/Web/HTTP/Status/403",2026-07-18T18:52:12.256366
lettresfrancaises,bd6t579232,,failed,0,0,,http_manifest,known,403,manifest,"Client error '403 ' for url 'https://openapiproext.bnf.fr/iiif/presentation/v3/ark:/12148/bd6t579232/manifest.json'
For more information check: https://developer.mozilla.org/en-US/docs/Web/HTTP/Status/403",2026-07-18T18:52:13.572293
lettresfrancaises,bd6t57924c,,failed,0,0,,http_manifest,known,403,manifest,"Client error '403 ' for url 'https://openapiproext.bnf.fr/iiif/presentation/v3/ark:/12148/bd6t57924c/manifest.json'
For more information check: https://developer.mozilla.org/en-US/docs/Web/HTTP/Status/403",2026-07-18T18:52:14.870685
lettresfrancaises,bd6t57925p,,failed,0,0,,http_manifest,known,403,manifest,"Client error '403 ' for url 'https://openapiproext.bnf.fr/iiif/presentation/v3/ark:/12148/bd6t57925p/manifest.json'
For more information check: https://developer.mozilla.org/en-US/docs/Web/HTTP/Status/403",2026-07-18T18:52:16.100511
lettresfrancaises,bd6t579260,,failed,0,0,,http_manifest,known,403,manifest,"Client error '403 ' for url 'https://openapiproext.bnf.fr/iiif/presentation/v3/ark:/12148/bd6t579260/manifest.json'
For more information check: https://developer.mozilla.org/en-US/docs/Web/HTTP/Status/403",2026-07-18T18:52:17.117835
lettresfrancaises,bd6t579279,,failed,0,0,,http_manifest,known,403,manifest,"Client error '403 ' for url 'https://openapiproext.bnf.fr/iiif/presentation/v3/ark:/12148/bd6t579279/manifest.json'
For more information check: https://developer.mozilla.org/en-US/docs/Web/HTTP/Status/403",2026-07-18T18:52:18.254434
lettresfrancaises,bd6t57928m,,failed,0,0,,http_manifest,known,403,manifest,"Client error '403 ' for url 'https://openapiproext.bnf.fr/iiif/presentation/v3/ark:/12148/bd6t57928m/manifest.json'
For more information check: https://developer.mozilla.org/en-US/docs/Web/HTTP/Status/403",2026-07-18T18:52:19.661941
lettresfrancaises,bd6t57929x,,failed,0,0,,http_manifest,known,403,manifest,"Client error '403 ' for url 'https://openapiproext.bnf.fr/iiif/presentation/v3/ark:/12148/bd6t57929x/manifest.json'
For more information check: https://developer.mozilla.org/en-US/docs/Web/HTTP/Status/403",2026-07-18T18:52:20.699246
lettresfrancaises,bd6t57930d,,failed,0,0,,http_manifest,known,403,manifest,"Client error '403 ' for url 'https://openapiproext.bnf.fr/iiif/presentation/v3/ark:/12148/bd6t57930d/manifest.json'
For more information check: https://developer.mozilla.org/en-US/docs/Web/HTTP/Status/403",2026-07-18T18:52:21.916504
lettresfrancaises,bd6t57931q,,failed,0,0,,http_manifest,known,403,manifest,"Client error '403 ' for url 'https://openapiproext.bnf.fr/iiif/presentation/v3/ark:/12148/bd6t57931q/manifest.json'
For more information check: https://developer.mozilla.org/en-US/docs/Web/HTTP/Status/403",2026-07-18T18:52:23.055653
lettresfrancaises,bd6t579321,,failed,0,0,,http_manifest,known,403,manifest,"Client error '403 ' for url 'https://openapiproext.bnf.fr/iiif/presentation/v3/ark:/12148/bd6t579321/manifest.json'
For more information check: https://developer.mozilla.org/en-US/docs/Web/HTTP/Status/403",2026-07-18T18:52:24.277951
lettresfrancaises,bd6t57933b,,failed,0,0,,http_manifest,known,403,manifest,"Client error '403 ' for url 'https://openapiproext.bnf.fr/iiif/presentation/v3/ark:/12148/bd6t57933b/manifest.json'
For more information check: https://developer.mozilla.org/en-US/docs/Web/HTTP/Status/403",2026-07-18T18:52:25.641459
lettresfrancaises,bd6t57934n,,failed,0,0,,http_manifest,known,403,manifest,"Client error '403 ' for url 'https://openapiproext.bnf.fr/iiif/presentation/v3/ark:/12148/bd6t57934n/manifest.json'
For more information check: https://developer.mozilla.org/en-US/docs/Web/HTTP/Status/403",2026-07-18T18:52:26.659271
lettresfrancaises,bd6t57935z,,failed,0,0,,http_manifest,known,403,manifest,"Client error '403 ' for url 'https://openapiproext.bnf.fr/iiif/presentation/v3/ark:/12148/bd6t57935z/manifest.json'
For more information check: https://developer.mozilla.org/en-US/docs/Web/HTTP/Status/403",2026-07-18T18:52:27.863884
lettresfrancaises,bd6t579368,,failed,0,0,,http_manifest,known,403,manifest,"Client error '403 ' for url 'https://openapiproext.bnf.fr/iiif/presentation/v3/ark:/12148/bd6t579368/manifest.json'
For more information check: https://developer.mozilla.org/en-US/docs/Web/HTTP/Status/403",2026-07-18T18:52:29.063894
lettresfrancaises,bd6t57937k,,failed,0,0,,http_manifest,known,403,manifest,"Client error '403 ' for url 'https://openapiproext.bnf.fr/iiif/presentation/v3/ark:/12148/bd6t57937k/manifest.json'
For more information check: https://developer.mozilla.org/en-US/docs/Web/HTTP/Status/403",2026-07-18T18:52:30.268807
lettresfrancaises,bd6t57938w,,failed,0,0,,http_manifest,known,403,manifest,"Client error '403 ' for url 'https://openapiproext.bnf.fr/iiif/presentation/v3/ark:/12148/bd6t57938w/manifest.json'
For more information check: https://developer.mozilla.org/en-US/docs/Web/HTTP/Status/403",2026-07-18T18:52:31.489422
lettresfrancaises,bd6t579396,,failed,0,0,,http_manifest,known,403,manifest,"Client error '403 ' for url 'https://openapiproext.bnf.fr/iiif/presentation/v3/ark:/12148/bd6t579396/manifest.json'
For more information check: https://developer.mozilla.org/en-US/docs/Web/HTTP/Status/403",2026-07-18T18:52:32.668594
lettresfrancaises,bd6t57940p,,failed,0,0,,http_manifest,known,403,manifest,"Client error '403 ' for url 'https://openapiproext.bnf.fr/iiif/presentation/v3/ark:/12148/bd6t57940p/manifest.json'
For more information check: https://developer.mozilla.org/en-US/docs/Web/HTTP/Status/403",2026-07-18T18:52:33.882767
lettresfrancaises,bd6t579410,,failed,0,0,,http_manifest,known,403,manifest,"Client error '403 ' for url 'https://openapiproext.bnf.fr/iiif/presentation/v3/ark:/12148/bd6t579410/manifest.json'
For more information check: https://developer.mozilla.org/en-US/docs/Web/HTTP/Status/403",2026-07-18T18:52:35.074604
lettresfrancaises,bd6t579429,,failed,0,0,,http_manifest,known,403,manifest,"Client error '403 ' for url 'https://openapiproext.bnf.fr/iiif/presentation/v3/ark:/12148/bd6t579429/manifest.json'
For more information check: https://developer.mozilla.org/en-US/docs/Web/HTTP/Status/403",2026-07-18T18:52:36.302382
lettresfrancaises,bd6t57943m,,failed,0,0,,http_manifest,known,403,manifest,"Client error '403 ' for url 'https://openapiproext.bnf.fr/iiif/presentation/v3/ark:/12148/bd6t57943m/manifest.json'
For more information check: https://developer.mozilla.org/en-US/docs/Web/HTTP/Status/403",2026-07-18T18:52:37.479391
lettresfrancaises,bd6t57944x,,failed,0,0,,http_manifest,known,403,manifest,"Client error '403 ' for url 'https://openapiproext.bnf.fr/iiif/presentation/v3/ark:/12148/bd6t57944x/manifest.json'
For more information check: https://developer.mozilla.org/en-US/docs/Web/HTTP/Status/403",2026-07-18T18:52:38.677456
lettresfrancaises,bd6t579457,,failed,0,0,,http_manifest,known,403,manifest,"Client error '403 ' for url 'https://openapiproext.bnf.fr/iiif/presentation/v3/ark:/12148/bd6t579457/manifest.json'
For more information check: https://developer.mozilla.org/en-US/docs/Web/HTTP/Status/403",2026-07-18T18:52:39.881223
lettresfrancaises,bd6t57946j,,failed,0,0,,http_manifest,known,403,manifest,"Client error '403 ' for url 'https://openapiproext.bnf.fr/iiif/presentation/v3/ark:/12148/bd6t57946j/manifest.json'
For more information check: https://developer.mozilla.org/en-US/docs/Web/HTTP/Status/403",2026-07-18T18:52:41.096698
lettresfrancaises,bd6t57947v,,failed,0,0,,http_manifest,known,403,manifest,"Client error '403 ' for url 'https://openapiproext.bnf.fr/iiif/presentation/v3/ark:/12148/bd6t57947v/manifest.json'
For more information check: https://developer.mozilla.org/en-US/docs/Web/HTTP/Status/403",2026-07-18T18:52:42.286187
lettresfrancaises,bd6t579485,,failed,0,0,,http_manifest,known,403,manifest,"Client error '403 ' for url 'https://openapiproext.bnf.fr/iiif/presentation/v3/ark:/12148/bd6t579485/manifest.json'
For more information check: https://developer.mozilla.org/en-US/docs/Web/HTTP/Status/403",2026-07-18T18:52:43.503277
lettresfrancaises,bd6t57949g,,failed,0,0,,http_manifest,known,403,manifest,"Client error '403 ' for url 'https://openapiproext.bnf.fr/iiif/presentation/v3/ark:/12148/bd6t57949g/manifest.json'
For more information check: https://developer.mozilla.org/en-US/docs/Web/HTTP/Status/403",2026-07-18T18:52:44.690059
lettresfrancaises,bd6t57950z,,failed,0,0,,http_manifest,known,403,manifest,"Client error '403 ' for url 'https://openapiproext.bnf.fr/iiif/presentation/v3/ark:/12148/bd6t57950z/manifest.json'
For more information check: https://developer.mozilla.org/en-US/docs/Web/HTTP/Status/403",2026-07-18T18:52:45.912059
lettresfrancaises,bd6t579518,,failed,0,0,,http_manifest,known,403,manifest,"Client error '403 ' for url 'https://openapiproext.bnf.fr/iiif/presentation/v3/ark:/12148/bd6t579518/manifest.json'
For more information check: https://developer.mozilla.org/en-US/docs/Web/HTTP/Status/403",2026-07-18T18:52:47.090877
lettresfrancaises,bd6t57952k,,failed,0,0,,http_manifest,known,403,manifest,"Client error '403 ' for url 'https://openapiproext.bnf.fr/iiif/presentation/v3/ark:/12148/bd6t57952k/manifest.json'
For more information check: https://developer.mozilla.org/en-US/docs/Web/HTTP/Status/403",2026-07-18T18:52:48.292391
lettresfrancaises,bd6t57953w,,failed,0,0,,http_manifest,known,403,manifest,"Client error '403 ' for url 'https://openapiproext.bnf.fr/iiif/presentation/v3/ark:/12148/bd6t57953w/manifest.json'
For more information check: https://developer.mozilla.org/en-US/docs/Web/HTTP/Status/403",2026-07-18T18:52:49.502702
lettresfrancaises,bd6t579546,,failed,0,0,,http_manifest,known,403,manifest,"Client error '403 ' for url 'https://openapiproext.bnf.fr/iiif/presentation/v3/ark:/12148/bd6t579546/manifest.json'
For more information check: https://developer.mozilla.org/en-US/docs/Web/HTTP/Status/403",2026-07-18T18:52:50.694952
lettresfrancaises,bd6t57955h,,failed,0,0,,http_manifest,known,403,manifest,"Client error '403 ' for url 'https://openapiproext.bnf.fr/iiif/presentation/v3/ark:/12148/bd6t57955h/manifest.json'
For more information check: https://developer.mozilla.org/en-US/docs/Web/HTTP/Status/403",2026-07-18T18:52:51.897328
lettresfrancaises,bd6t57956t,,failed,0,0,,http_manifest,known,403,manifest,"Client error '403 ' for url 'https://openapiproext.bnf.fr/iiif/presentation/v3/ark:/12148/bd6t57956t/manifest.json'
For more information check: https://developer.mozilla.org/en-US/docs/Web/HTTP/Status/403",2026-07-18T18:52:53.125386
lettresfrancaises,bd6t579574,,failed,0,0,,http_manifest,known,403,manifest,"Client error '403 ' for url 'https://openapiproext.bnf.fr/iiif/presentation/v3/ark:/12148/bd6t579574/manifest.json'
For more information check: https://developer.mozilla.org/en-US/docs/Web/HTTP/Status/403",2026-07-18T18:52:54.303671
lettresfrancaises,bd6t57958f,,failed,0,0,,http_manifest,known,403,manifest,"Client error '403 ' for url 'https://openapiproext.bnf.fr/iiif/presentation/v3/ark:/12148/bd6t57958f/manifest.json'
For more information check: https://developer.mozilla.org/en-US/docs/Web/HTTP/Status/403",2026-07-18T18:52:55.514457
lettresfrancaises,bd6t57959r,,failed,0,0,,http_manifest,known,403,manifest,"Client error '403 ' for url 'https://openapiproext.bnf.fr/iiif/presentation/v3/ark:/12148/bd6t57959r/manifest.json'
For more information check: https://developer.mozilla.org/en-US/docs/Web/HTTP/Status/403",2026-07-18T18:52:56.709620
lettresfrancaises,bd6t579607,,failed,0,0,,http_manifest,known,403,manifest,"Client error '403 ' for url 'https://openapiproext.bnf.fr/iiif/presentation/v3/ark:/12148/bd6t579607/manifest.json'
For more information check: https://developer.mozilla.org/en-US/docs/Web/HTTP/Status/403",2026-07-18T18:52:57.930484
lettresfrancaises,bd6t57961j,,failed,0,0,,http_manifest,known,403,manifest,"Client error '403 ' for url 'https://openapiproext.bnf.fr/iiif/presentation/v3/ark:/12148/bd6t57961j/manifest.json'
For more information check: https://developer.mozilla.org/en-US/docs/Web/HTTP/Status/403",2026-07-18T18:52:59.106223
lettresfrancaises,bd6t57962v,,failed,0,0,,http_manifest,known,403,manifest,"Client error '403 ' for url 'https://openapiproext.bnf.fr/iiif/presentation/v3/ark:/12148/bd6t57962v/manifest.json'
For more information check: https://developer.mozilla.org/en-US/docs/Web/HTTP/Status/403",2026-07-18T18:53:00.337489
lettresfrancaises,bd6t579635,,failed,0,0,,http_manifest,known,403,manifest,"Client error '403 ' for url 'https://openapiproext.bnf.fr/iiif/presentation/v3/ark:/12148/bd6t579635/manifest.json'
For more information check: https://developer.mozilla.org/en-US/docs/Web/HTTP/Status/403",2026-07-18T18:53:01.515004
lettresfrancaises,bd6t57964g,,failed,0,0,,http_manifest,known,403,manifest,"Client error '403 ' for url 'https://openapiproext.bnf.fr/iiif/presentation/v3/ark:/12148/bd6t57964g/manifest.json'
For more information check: https://developer.mozilla.org/en-US/docs/Web/HTTP/Status/403",2026-07-18T18:53:02.728187
lettresfrancaises,bd6t57965s,,failed,0,0,,http_manifest,known,403,manifest,"Client error '403 ' for url 'https://openapiproext.bnf.fr/iiif/presentation/v3/ark:/12148/bd6t57965s/manifest.json'
For more information check: https://developer.mozilla.org/en-US/docs/Web/HTTP/Status/403",2026-07-18T18:53:03.918716
lettresfrancaises,bd6t579663,,failed,0,0,,http_manifest,known,403,manifest,"Client error '403 ' for url 'https://openapiproext.bnf.fr/iiif/presentation/v3/ark:/12148/bd6t579663/manifest.json'
For more information check: https://developer.mozilla.org/en-US/docs/Web/HTTP/Status/403",2026-07-18T18:53:05.140117
lettresfrancaises,bd6t57967d,,failed,0,0,,http_manifest,known,403,manifest,"Client error '403 ' for url 'https://openapiproext.bnf.fr/iiif/presentation/v3/ark:/12148/bd6t57967d/manifest.json'
For more information check: https://developer.mozilla.org/en-US/docs/Web/HTTP/Status/403",2026-07-18T18:53:06.315819
lettresfrancaises,bd6t57968q,,failed,0,0,,http_manifest,known,403,manifest,"Client error '403 ' for url 'https://openapiproext.bnf.fr/iiif/presentation/v3/ark:/12148/bd6t57968q/manifest.json'
For more information check: https://developer.mozilla.org/en-US/docs/Web/HTTP/Status/403",2026-07-18T18:53:07.600805
lettresfrancaises,bd6t579691,,failed,0,0,,http_manifest,known,403,manifest,"Client error '403 ' for url 'https://openapiproext.bnf.fr/iiif/presentation/v3/ark:/12148/bd6t579691/manifest.json'
For more information check: https://developer.mozilla.org/en-US/docs/Web/HTTP/Status/403",2026-07-18T18:53:08.722996
lettresfrancaises,bd6t57970h,,failed,0,0,,http_manifest,known,403,manifest,"Client error '403 ' for url 'https://openapiproext.bnf.fr/iiif/presentation/v3/ark:/12148/bd6t57970h/manifest.json'
For more information check: https://developer.mozilla.org/en-US/docs/Web/HTTP/Status/403",2026-07-18T18:53:10.169673
lettresfrancaises,bd6t57971t,,failed,0,0,,http_manifest,known,403,manifest,"Client error '403 ' for url 'https://openapiproext.bnf.fr/iiif/presentation/v3/ark:/12148/bd6t57971t/manifest.json'
For more information check: https://developer.mozilla.org/en-US/docs/Web/HTTP/Status/403",2026-07-18T18:53:11.133925
lettresfrancaises,bd6t579724,,failed,0,0,,http_manifest,known,403,manifest,"Client error '403 ' for url 'https://openapiproext.bnf.fr/iiif/presentation/v3/ark:/12148/bd6t579724/manifest.json'
For more information check: https://developer.mozilla.org/en-US/docs/Web/HTTP/Status/403",2026-07-18T18:53:12.343496
lettresfrancaises,bd6t57973f,,failed,0,0,,http_manifest,known,403,manifest,"Client error '403 ' for url 'https://openapiproext.bnf.fr/iiif/presentation/v3/ark:/12148/bd6t57973f/manifest.json'
For more information check: https://developer.mozilla.org/en-US/docs/Web/HTTP/Status/403",2026-07-18T18:53:13.787309
lettresfrancaises,bd6t57974r,,failed,0,0,,http_manifest,known,403,manifest,"Client error '403 ' for url 'https://openapiproext.bnf.fr/iiif/presentation/v3/ark:/12148/bd6t57974r/manifest.json'
For more information check: https://developer.mozilla.org/en-US/docs/Web/HTTP/Status/403",2026-07-18T18:53:14.746543
lettresfrancaises,bd6t579752,,failed,0,0,,http_manifest,known,403,manifest,"Client error '403 ' for url 'https://openapiproext.bnf.fr/iiif/presentation/v3/ark:/12148/bd6t579752/manifest.json'
For more information check: https://developer.mozilla.org/en-US/docs/Web/HTTP/Status/403",2026-07-18T18:53:16.153291
lettresfrancaises,bd6t57976c,,failed,0,0,,http_manifest,known,403,manifest,"Client error '403 ' for url 'https://openapiproext.bnf.fr/iiif/presentation/v3/ark:/12148/bd6t57976c/manifest.json'
For more information check: https://developer.mozilla.org/en-US/docs/Web/HTTP/Status/403",2026-07-18T18:53:17.335007
lettresfrancaises,bd6t57977p,,failed,0,0,,http_manifest,known,403,manifest,"Client error '403 ' for url 'https://openapiproext.bnf.fr/iiif/presentation/v3/ark:/12148/bd6t57977p/manifest.json'
For more information check: https://developer.mozilla.org/en-US/docs/Web/HTTP/Status/403",2026-07-18T18:53:18.338740
lettresfrancaises,bd6t579780,,failed,0,0,,http_manifest,known,403,manifest,"Client error '403 ' for url 'https://openapiproext.bnf.fr/iiif/presentation/v3/ark:/12148/bd6t579780/manifest.json'
For more information check: https://developer.mozilla.org/en-US/docs/Web/HTTP/Status/403",2026-07-18T18:53:19.767945
lettresfrancaises,bd6t579799,,failed,0,0,,http_manifest,known,403,manifest,"Client error '403 ' for url 'https://openapiproext.bnf.fr/iiif/presentation/v3/ark:/12148/bd6t579799/manifest.json'
For more information check: https://developer.mozilla.org/en-US/docs/Web/HTTP/Status/403",2026-07-18T18:53:20.758911
lettresfrancaises,bd6t57980s,,failed,0,0,,http_manifest,known,403,manifest,"Client error '403 ' for url 'https://openapiproext.bnf.fr/iiif/presentation/v3/ark:/12148/bd6t57980s/manifest.json'
For more information check: https://developer.mozilla.org/en-US/docs/Web/HTTP/Status/403",2026-07-18T18:53:22.184563
lettresfrancaises,bd6t579813,,failed,0,0,,http_manifest,known,403,manifest,"Client error '403 ' for url 'https://openapiproext.bnf.fr/iiif/presentation/v3/ark:/12148/bd6t579813/manifest.json'
For more information check: https://developer.mozilla.org/en-US/docs/Web/HTTP/Status/403",2026-07-18T18:53:23.146129
lettresfrancaises,bd6t57982d,,failed,0,0,,http_manifest,known,403,manifest,"Client error '403 ' for url 'https://openapiproext.bnf.fr/iiif/presentation/v3/ark:/12148/bd6t57982d/manifest.json'
For more information check: https://developer.mozilla.org/en-US/docs/Web/HTTP/Status/403",2026-07-18T18:53:24.431966
lettresfrancaises,bd6t57983q,,failed,0,0,,http_manifest,known,403,manifest,"Client error '403 ' for url 'https://openapiproext.bnf.fr/iiif/presentation/v3/ark:/12148/bd6t57983q/manifest.json'
For more information check: https://developer.mozilla.org/en-US/docs/Web/HTTP/Status/403",2026-07-18T18:53:25.774887
lettresfrancaises,bd6t579841,,failed,0,0,,http_manifest,known,403,manifest,"Client error '403 ' for url 'https://openapiproext.bnf.fr/iiif/presentation/v3/ark:/12148/bd6t579841/manifest.json'
For more information check: https://developer.mozilla.org/en-US/docs/Web/HTTP/Status/403",2026-07-18T18:53:26.789709
lettresfrancaises,bd6t57985b,,failed,0,0,,http_manifest,known,403,manifest,"Client error '403 ' for url 'https://openapiproext.bnf.fr/iiif/presentation/v3/ark:/12148/bd6t57985b/manifest.json'
For more information check: https://developer.mozilla.org/en-US/docs/Web/HTTP/Status/403",2026-07-18T18:53:27.950479
lettresfrancaises,bd6t57986n,,failed,0,0,,http_manifest,known,403,manifest,"Client error '403 ' for url 'https://openapiproext.bnf.fr/iiif/presentation/v3/ark:/12148/bd6t57986n/manifest.json'
For more information check: https://developer.mozilla.org/en-US/docs/Web/HTTP/Status/403",2026-07-18T18:53:29.192423
lettresfrancaises,bd6t57987z,,failed,0,0,,http_manifest,known,403,manifest,"Client error '403 ' for url 'https://openapiproext.bnf.fr/iiif/presentation/v3/ark:/12148/bd6t57987z/manifest.json'
For more information check: https://developer.mozilla.org/en-US/docs/Web/HTTP/Status/403",2026-07-18T18:53:30.353143
lettresfrancaises,bd6t579888,,failed,0,0,,http_manifest,known,403,manifest,"Client error '403 ' for url 'https://openapiproext.bnf.fr/iiif/presentation/v3/ark:/12148/bd6t579888/manifest.json'
For more information check: https://developer.mozilla.org/en-US/docs/Web/HTTP/Status/403",2026-07-18T18:53:31.554665
lettresfrancaises,bd6t57989k,,failed,0,0,,http_manifest,known,403,manifest,"Client error '403 ' for url 'https://openapiproext.bnf.fr/iiif/presentation/v3/ark:/12148/bd6t57989k/manifest.json'
For more information check: https://developer.mozilla.org/en-US/docs/Web/HTTP/Status/403",2026-07-18T18:53:32.779716
lettresfrancaises,bd6t579902,,failed,0,0,,http_manifest,known,403,manifest,"Client error '403 ' for url 'https://openapiproext.bnf.fr/iiif/presentation/v3/ark:/12148/bd6t579902/manifest.json'
For more information check: https://developer.mozilla.org/en-US/docs/Web/HTTP/Status/403",2026-07-18T18:53:33.978834
lettresfrancaises,bd6t57991c,,failed,0,0,,http_manifest,known,403,manifest,"Client error '403 ' for url 'https://openapiproext.bnf.fr/iiif/presentation/v3/ark:/12148/bd6t57991c/manifest.json'
For more information check: https://developer.mozilla.org/en-US/docs/Web/HTTP/Status/403",2026-07-18T18:53:35.160025
lettresfrancaises,bd6t57992p,,failed,0,0,,http_manifest,known,403,manifest,"Client error '403 ' for url 'https://openapiproext.bnf.fr/iiif/presentation/v3/ark:/12148/bd6t57992p/manifest.json'
For more information check: https://developer.mozilla.org/en-US/docs/Web/HTTP/Status/403",2026-07-18T18:53:36.359213
lettresfrancaises,bd6t579949,,failed,0,0,,http_manifest,known,403,manifest,"Client error '403 ' for url 'https://openapiproext.bnf.fr/iiif/presentation/v3/ark:/12148/bd6t579949/manifest.json'
For more information check: https://developer.mozilla.org/en-US/docs/Web/HTTP/Status/403",2026-07-18T18:53:37.559395
lettresfrancaises,bd6t579930,,failed,0,0,,http_manifest,known,403,manifest,"Client error '403 ' for url 'https://openapiproext.bnf.fr/iiif/presentation/v3/ark:/12148/bd6t579930/manifest.json'
For more information check: https://developer.mozilla.org/en-US/docs/Web/HTTP/Status/403",2026-07-18T18:53:38.762018
lettresfrancaises,bd6t57995m,,failed,0,0,,http_manifest,known,403,manifest,"Client error '403 ' for url 'https://openapiproext.bnf.fr/iiif/presentation/v3/ark:/12148/bd6t57995m/manifest.json'
For more information check: https://developer.mozilla.org/en-US/docs/Web/HTTP/Status/403",2026-07-18T18:53:39.986191
lettresfrancaises,bd6t57996x,,failed,0,0,,http_manifest,known,403,manifest,"Client error '403 ' for url 'https://openapiproext.bnf.fr/iiif/presentation/v3/ark:/12148/bd6t57996x/manifest.json'
For more information check: https://developer.mozilla.org/en-US/docs/Web/HTTP/Status/403",2026-07-18T18:53:41.168569
lettresfrancaises,bd6t579977,,failed,0,0,,http_manifest,known,403,manifest,"Client error '403 ' for url 'https://openapiproext.bnf.fr/iiif/presentation/v3/ark:/12148/bd6t579977/manifest.json'
For more information check: https://developer.mozilla.org/en-US/docs/Web/HTTP/Status/403",2026-07-18T18:53:42.370299
lettresfrancaises,bd6t57998j,,failed,0,0,,http_manifest,known,403,manifest,"Client error '403 ' for url 'https://openapiproext.bnf.fr/iiif/presentation/v3/ark:/12148/bd6t57998j/manifest.json'
For more information check: https://developer.mozilla.org/en-US/docs/Web/HTTP/Status/403",2026-07-18T18:53:43.572122
lettresfrancaises,bd6t57999v,,failed,0,0,,http_manifest,known,403,manifest,"Client error '403 ' for url 'https://openapiproext.bnf.fr/iiif/presentation/v3/ark:/12148/bd6t57999v/manifest.json'
For more information check: https://developer.mozilla.org/en-US/docs/Web/HTTP/Status/403",2026-07-18T18:53:44.773300
lettresfrancaises,bd6t58000m,,failed,0,0,,http_manifest,known,403,manifest,"Client error '403 ' for url 'https://openapiproext.bnf.fr/iiif/presentation/v3/ark:/12148/bd6t58000m/manifest.json'
For more information check: https://developer.mozilla.org/en-US/docs/Web/HTTP/Status/403",2026-07-18T18:53:45.987152
lettresfrancaises,bd6t58001x,,failed,0,0,,http_manifest,known,403,manifest,"Client error '403 ' for url 'https://openapiproext.bnf.fr/iiif/presentation/v3/ark:/12148/bd6t58001x/manifest.json'
For more information check: https://developer.mozilla.org/en-US/docs/Web/HTTP/Status/403",2026-07-18T18:53:47.178653
lettresfrancaises,bd6t580027,,failed,0,0,,http_manifest,known,403,manifest,"Client error '403 ' for url 'https://openapiproext.bnf.fr/iiif/presentation/v3/ark:/12148/bd6t580027/manifest.json'
For more information check: https://developer.mozilla.org/en-US/docs/Web/HTTP/Status/403",2026-07-18T18:53:48.399661
lettresfrancaises,bd6t57747c,,failed,0,0,,http_manifest,known,403,manifest,"Client error '403 ' for url 'https://openapiproext.bnf.fr/iiif/presentation/v3/ark:/12148/bd6t57747c/manifest.json'
For more information check: https://developer.mozilla.org/en-US/docs/Web/HTTP/Status/403",2026-07-18T18:53:49.583633
lettresfrancaises,bd6t57748p,,failed,0,0,,http_manifest,known,403,manifest,"Client error '403 ' for url 'https://openapiproext.bnf.fr/iiif/presentation/v3/ark:/12148/bd6t57748p/manifest.json'
For more information check: https://developer.mozilla.org/en-US/docs/Web/HTTP/Status/403",2026-07-18T18:53:50.781947
lettresfrancaises,bd6t577490,,failed,0,0,,http_manifest,known,403,manifest,"Client error '403 ' for url 'https://openapiproext.bnf.fr/iiif/presentation/v3/ark:/12148/bd6t577490/manifest.json'
For more information check: https://developer.mozilla.org/en-US/docs/Web/HTTP/Status/403",2026-07-18T18:53:51.979124
lettresfrancaises,bd6t57750g,,failed,0,0,,http_manifest,known,403,manifest,"Client error '403 ' for url 'https://openapiproext.bnf.fr/iiif/presentation/v3/ark:/12148/bd6t57750g/manifest.json'
For more information check: https://developer.mozilla.org/en-US/docs/Web/HTTP/Status/403",2026-07-18T18:53:53.187398
lettresfrancaises,bd6t57751s,,failed,0,0,,http_manifest,known,403,manifest,"Client error '403 ' for url 'https://openapiproext.bnf.fr/iiif/presentation/v3/ark:/12148/bd6t57751s/manifest.json'
For more information check: https://developer.mozilla.org/en-US/docs/Web/HTTP/Status/403",2026-07-18T18:53:54.404769
lettresfrancaises,bd6t577523,,failed,0,0,,http_manifest,known,403,manifest,"Client error '403 ' for url 'https://openapiproext.bnf.fr/iiif/presentation/v3/ark:/12148/bd6t577523/manifest.json'
For more information check: https://developer.mozilla.org/en-US/docs/Web/HTTP/Status/403",2026-07-18T18:53:55.599939
lettresfrancaises,bd6t57753d,,failed,0,0,,http_manifest,known,403,manifest,"Client error '403 ' for url 'https://openapiproext.bnf.fr/iiif/presentation/v3/ark:/12148/bd6t57753d/manifest.json'
For more information check: https://developer.mozilla.org/en-US/docs/Web/HTTP/Status/403",2026-07-18T18:53:56.789715
lettresfrancaises,bd6t57754q,,failed,0,0,,http_manifest,known,403,manifest,"Client error '403 ' for url 'https://openapiproext.bnf.fr/iiif/presentation/v3/ark:/12148/bd6t57754q/manifest.json'
For more information check: https://developer.mozilla.org/en-US/docs/Web/HTTP/Status/403",2026-07-18T18:53:58.053463
lettresfrancaises,bd6t577551,,failed,0,0,,http_manifest,known,403,manifest,"Client error '403 ' for url 'https://openapiproext.bnf.fr/iiif/presentation/v3/ark:/12148/bd6t577551/manifest.json'
For more information check: https://developer.mozilla.org/en-US/docs/Web/HTTP/Status/403",2026-07-18T18:53:59.188001
lettresfrancaises,bd6t57756b,,failed,0,0,,http_manifest,known,403,manifest,"Client error '403 ' for url 'https://openapiproext.bnf.fr/iiif/presentation/v3/ark:/12148/bd6t57756b/manifest.json'
For more information check: https://developer.mozilla.org/en-US/docs/Web/HTTP/Status/403",2026-07-18T18:54:00.391370
lettresfrancaises,bd6t57757n,,failed,0,0,,http_manifest,known,403,manifest,"Client error '403 ' for url 'https://openapiproext.bnf.fr/iiif/presentation/v3/ark:/12148/bd6t57757n/manifest.json'
For more information check: https://developer.mozilla.org/en-US/docs/Web/HTTP/Status/403",2026-07-18T18:54:01.594563
lettresfrancaises,bd6t57758z,,failed,0,0,,http_manifest,known,403,manifest,"Client error '403 ' for url 'https://openapiproext.bnf.fr/iiif/presentation/v3/ark:/12148/bd6t57758z/manifest.json'
For more information check: https://developer.mozilla.org/en-US/docs/Web/HTTP/Status/403",2026-07-18T18:54:02.802546
lettresfrancaises,bd6t577598,,failed,0,0,,http_manifest,known,403,manifest,"Client error '403 ' for url 'https://openapiproext.bnf.fr/iiif/presentation/v3/ark:/12148/bd6t577598/manifest.json'
For more information check: https://developer.mozilla.org/en-US/docs/Web/HTTP/Status/403",2026-07-18T18:54:04.001774
lettresfrancaises,bd6t57760r,,failed,0,0,,http_manifest,known,403,manifest,"Client error '403 ' for url 'https://openapiproext.bnf.fr/iiif/presentation/v3/ark:/12148/bd6t57760r/manifest.json'
For more information check: https://developer.mozilla.org/en-US/docs/Web/HTTP/Status/403",2026-07-18T18:54:05.207778
lettresfrancaises,bd6t577612,,failed,0,0,,http_manifest,known,403,manifest,"Client error '403 ' for url 'https://openapiproext.bnf.fr/iiif/presentation/v3/ark:/12148/bd6t577612/manifest.json'
For more information check: https://developer.mozilla.org/en-US/docs/Web/HTTP/Status/403",2026-07-18T18:54:06.401172
lettresfrancaises,bd6t57762c,,failed,0,0,,http_manifest,known,403,manifest,"Client error '403 ' for url 'https://openapiproext.bnf.fr/iiif/presentation/v3/ark:/12148/bd6t57762c/manifest.json'
For more information check: https://developer.mozilla.org/en-US/docs/Web/HTTP/Status/403",2026-07-18T18:54:07.603384
lettresfrancaises,bd6t57763p,,failed,0,0,,http_manifest,known,403,manifest,"Client error '403 ' for url 'https://openapiproext.bnf.fr/iiif/presentation/v3/ark:/12148/bd6t57763p/manifest.json'
For more information check: https://developer.mozilla.org/en-US/docs/Web/HTTP/Status/403",2026-07-18T18:54:08.821664
lettresfrancaises,bd6t577640,,failed,0,0,,http_manifest,known,403,manifest,"Client error '403 ' for url 'https://openapiproext.bnf.fr/iiif/presentation/v3/ark:/12148/bd6t577640/manifest.json'
For more information check: https://developer.mozilla.org/en-US/docs/Web/HTTP/Status/403",2026-07-18T18:54:10.020872
lettresfrancaises,bd6t577659,,failed,0,0,,http_manifest,known,403,manifest,"Client error '403 ' for url 'https://openapiproext.bnf.fr/iiif/presentation/v3/ark:/12148/bd6t577659/manifest.json'
For more information check: https://developer.mozilla.org/en-US/docs/Web/HTTP/Status/403",2026-07-18T18:54:11.207407
lettresfrancaises,bd6t57766m,,failed,0,0,,http_manifest,known,403,manifest,"Client error '403 ' for url 'https://openapiproext.bnf.fr/iiif/presentation/v3/ark:/12148/bd6t57766m/manifest.json'
For more information check: https://developer.mozilla.org/en-US/docs/Web/HTTP/Status/403",2026-07-18T18:54:12.404603
lettresfrancaises,bd6t57767x,,failed,0,0,,http_manifest,known,403,manifest,"Client error '403 ' for url 'https://openapiproext.bnf.fr/iiif/presentation/v3/ark:/12148/bd6t57767x/manifest.json'
For more information check: https://developer.mozilla.org/en-US/docs/Web/HTTP/Status/403",2026-07-18T18:54:13.858119
lettresfrancaises,bd6t577687,,failed,0,0,,http_manifest,known,403,manifest,"Client error '403 ' for url 'https://openapiproext.bnf.fr/iiif/presentation/v3/ark:/12148/bd6t577687/manifest.json'
For more information check: https://developer.mozilla.org/en-US/docs/Web/HTTP/Status/403",2026-07-18T18:54:14.808890
lettresfrancaises,bd6t57769j,,failed,0,0,,http_manifest,known,403,manifest,"Client error '403 ' for url 'https://openapiproext.bnf.fr/iiif/presentation/v3/ark:/12148/bd6t57769j/manifest.json'
For more information check: https://developer.mozilla.org/en-US/docs/Web/HTTP/Status/403",2026-07-18T18:54:16.041165
lettresfrancaises,bd6t577701,,failed,0,0,,http_manifest,known,403,manifest,"Client error '403 ' for url 'https://openapiproext.bnf.fr/iiif/presentation/v3/ark:/12148/bd6t577701/manifest.json'
For more information check: https://developer.mozilla.org/en-US/docs/Web/HTTP/Status/403",2026-07-18T18:54:17.227931
lettresfrancaises,bd6t57771b,,failed,0,0,,http_manifest,known,403,manifest,"Client error '403 ' for url 'https://openapiproext.bnf.fr/iiif/presentation/v3/ark:/12148/bd6t57771b/manifest.json'
For more information check: https://developer.mozilla.org/en-US/docs/Web/HTTP/Status/403",2026-07-18T18:54:18.547284
lettresfrancaises,bd6t57772n,,failed,0,0,,http_manifest,known,403,manifest,"Client error '403 ' for url 'https://openapiproext.bnf.fr/iiif/presentation/v3/ark:/12148/bd6t57772n/manifest.json'
For more information check: https://developer.mozilla.org/en-US/docs/Web/HTTP/Status/403",2026-07-18T18:54:19.627109
lettresfrancaises,bd6t57773z,,failed,0,0,,http_manifest,known,403,manifest,"Client error '403 ' for url 'https://openapiproext.bnf.fr/iiif/presentation/v3/ark:/12148/bd6t57773z/manifest.json'
For more information check: https://developer.mozilla.org/en-US/docs/Web/HTTP/Status/403",2026-07-18T18:54:20.818066
lettresfrancaises,bd6t577748,,failed,0,0,,http_manifest,known,403,manifest,"Client error '403 ' for url 'https://openapiproext.bnf.fr/iiif/presentation/v3/ark:/12148/bd6t577748/manifest.json'
For more information check: https://developer.mozilla.org/en-US/docs/Web/HTTP/Status/403",2026-07-18T18:54:22.260390
lettresfrancaises,bd6t57775k,,failed,0,0,,http_manifest,known,403,manifest,"Client error '403 ' for url 'https://openapiproext.bnf.fr/iiif/presentation/v3/ark:/12148/bd6t57775k/manifest.json'
For more information check: https://developer.mozilla.org/en-US/docs/Web/HTTP/Status/403",2026-07-18T18:54:23.246376
lettresfrancaises,bd6t57776w,,failed,0,0,,http_manifest,known,403,manifest,"Client error '403 ' for url 'https://openapiproext.bnf.fr/iiif/presentation/v3/ark:/12148/bd6t57776w/manifest.json'
For more information check: https://developer.mozilla.org/en-US/docs/Web/HTTP/Status/403",2026-07-18T18:54:24.420021
lettresfrancaises,bd6t577776,,failed,0,0,,http_manifest,known,403,manifest,"Client error '403 ' for url 'https://openapiproext.bnf.fr/iiif/presentation/v3/ark:/12148/bd6t577776/manifest.json'
For more information check: https://developer.mozilla.org/en-US/docs/Web/HTTP/Status/403",2026-07-18T18:54:25.623085
lettresfrancaises,bd6t57778h,,failed,0,0,,http_manifest,known,403,manifest,"Client error '403 ' for url 'https://openapiproext.bnf.fr/iiif/presentation/v3/ark:/12148/bd6t57778h/manifest.json'
For more information check: https://developer.mozilla.org/en-US/docs/Web/HTTP/Status/403",2026-07-18T18:54:26.829030
lettresfrancaises,bd6t57779t,,failed,0,0,,http_manifest,known,403,manifest,"Client error '403 ' for url 'https://openapiproext.bnf.fr/iiif/presentation/v3/ark:/12148/bd6t57779t/manifest.json'
For more information check: https://developer.mozilla.org/en-US/docs/Web/HTTP/Status/403",2026-07-18T18:54:28.044164
lettresfrancaises,bd6t577809,,failed,0,0,,http_manifest,known,403,manifest,"Client error '403 ' for url 'https://openapiproext.bnf.fr/iiif/presentation/v3/ark:/12148/bd6t577809/manifest.json'
For more information check: https://developer.mozilla.org/en-US/docs/Web/HTTP/Status/403",2026-07-18T18:54:29.305334
lettresfrancaises,bd6t57781m,,failed,0,0,,http_manifest,known,403,manifest,"Client error '403 ' for url 'https://openapiproext.bnf.fr/iiif/presentation/v3/ark:/12148/bd6t57781m/manifest.json'
For more information check: https://developer.mozilla.org/en-US/docs/Web/HTTP/Status/403",2026-07-18T18:54:30.431099
lettresfrancaises,bd6t57782x,,failed,0,0,,http_manifest,known,403,manifest,"Client error '403 ' for url 'https://openapiproext.bnf.fr/iiif/presentation/v3/ark:/12148/bd6t57782x/manifest.json'
For more information check: https://developer.mozilla.org/en-US/docs/Web/HTTP/Status/403",2026-07-18T18:54:31.633276
lettresfrancaises,bd6t577837,,failed,0,0,,http_manifest,known,403,manifest,"Client error '403 ' for url 'https://openapiproext.bnf.fr/iiif/presentation/v3/ark:/12148/bd6t577837/manifest.json'
For more information check: https://developer.mozilla.org/en-US/docs/Web/HTTP/Status/403",2026-07-18T18:54:32.832690
lettresfrancaises,bd6t57784j,,failed,0,0,,http_manifest,known,403,manifest,"Client error '403 ' for url 'https://openapiproext.bnf.fr/iiif/presentation/v3/ark:/12148/bd6t57784j/manifest.json'
For more information check: https://developer.mozilla.org/en-US/docs/Web/HTTP/Status/403",2026-07-18T18:54:34.037486
lettresfrancaises,bd6t57785v,,failed,0,0,,http_manifest,known,403,manifest,"Client error '403 ' for url 'https://openapiproext.bnf.fr/iiif/presentation/v3/ark:/12148/bd6t57785v/manifest.json'
For more information check: https://developer.mozilla.org/en-US/docs/Web/HTTP/Status/403",2026-07-18T18:54:35.236035
lettresfrancaises,bd6t577865,,failed,0,0,,http_manifest,known,403,manifest,"Client error '403 ' for url 'https://openapiproext.bnf.fr/iiif/presentation/v3/ark:/12148/bd6t577865/manifest.json'
For more information check: https://developer.mozilla.org/en-US/docs/Web/HTTP/Status/403",2026-07-18T18:54:36.435968
lettresfrancaises,bd6t57787g,,failed,0,0,,http_manifest,known,403,manifest,"Client error '403 ' for url 'https://openapiproext.bnf.fr/iiif/presentation/v3/ark:/12148/bd6t57787g/manifest.json'
For more information check: https://developer.mozilla.org/en-US/docs/Web/HTTP/Status/403",2026-07-18T18:54:37.638695
lettresfrancaises,bd6t57788s,,failed,0,0,,http_manifest,known,403,manifest,"Client error '403 ' for url 'https://openapiproext.bnf.fr/iiif/presentation/v3/ark:/12148/bd6t57788s/manifest.json'
For more information check: https://developer.mozilla.org/en-US/docs/Web/HTTP/Status/403",2026-07-18T18:54:38.843045
lettresfrancaises,bd6t577893,,failed,0,0,,http_manifest,known,403,manifest,"Client error '403 ' for url 'https://openapiproext.bnf.fr/iiif/presentation/v3/ark:/12148/bd6t577893/manifest.json'
For more information check: https://developer.mozilla.org/en-US/docs/Web/HTTP/Status/403",2026-07-18T18:54:40.061677
lettresfrancaises,bd6t57790k,,failed,0,0,,http_manifest,known,403,manifest,"Client error '403 ' for url 'https://openapiproext.bnf.fr/iiif/presentation/v3/ark:/12148/bd6t57790k/manifest.json'
For more information check: https://developer.mozilla.org/en-US/docs/Web/HTTP/Status/403",2026-07-18T18:54:41.251148
lettresfrancaises,bd6t57791w,,failed,0,0,,http_manifest,known,403,manifest,"Client error '403 ' for url 'https://openapiproext.bnf.fr/iiif/presentation/v3/ark:/12148/bd6t57791w/manifest.json'
For more information check: https://developer.mozilla.org/en-US/docs/Web/HTTP/Status/403",2026-07-18T18:54:42.448140
lettresfrancaises,bd6t577926,,failed,0,0,,http_manifest,known,403,manifest,"Client error '403 ' for url 'https://openapiproext.bnf.fr/iiif/presentation/v3/ark:/12148/bd6t577926/manifest.json'
For more information check: https://developer.mozilla.org/en-US/docs/Web/HTTP/Status/403",2026-07-18T18:54:43.646218
lettresfrancaises,bd6t57793h,,failed,0,0,,http_manifest,known,403,manifest,"Client error '403 ' for url 'https://openapiproext.bnf.fr/iiif/presentation/v3/ark:/12148/bd6t57793h/manifest.json'
For more information check: https://developer.mozilla.org/en-US/docs/Web/HTTP/Status/403",2026-07-18T18:54:44.854380
lettresfrancaises,bd6t57794t,,failed,0,0,,http_manifest,known,403,manifest,"Client error '403 ' for url 'https://openapiproext.bnf.fr/iiif/presentation/v3/ark:/12148/bd6t57794t/manifest.json'
For more information check: https://developer.mozilla.org/en-US/docs/Web/HTTP/Status/403",2026-07-18T18:54:46.077881
lettresfrancaises,bd6t577954,,failed,0,0,,http_manifest,known,403,manifest,"Client error '403 ' for url 'https://openapiproext.bnf.fr/iiif/presentation/v3/ark:/12148/bd6t577954/manifest.json'
For more information check: https://developer.mozilla.org/en-US/docs/Web/HTTP/Status/403",2026-07-18T18:54:47.254875
lettresfrancaises,bd6t57796f,,failed,0,0,,http_manifest,known,403,manifest,"Client error '403 ' for url 'https://openapiproext.bnf.fr/iiif/presentation/v3/ark:/12148/bd6t57796f/manifest.json'
For more information check: https://developer.mozilla.org/en-US/docs/Web/HTTP/Status/403",2026-07-18T18:54:48.454101
lettresfrancaises,bd6t57797r,,failed,0,0,,http_manifest,known,403,manifest,"Client error '403 ' for url 'https://openapiproext.bnf.fr/iiif/presentation/v3/ark:/12148/bd6t57797r/manifest.json'
For more information check: https://developer.mozilla.org/en-US/docs/Web/HTTP/Status/403",2026-07-18T18:54:49.656884
lettresfrancaises,bd6t57627k,,failed,0,0,,http_manifest,known,403,manifest,"Client error '403 ' for url 'https://openapiproext.bnf.fr/iiif/presentation/v3/ark:/12148/bd6t57627k/manifest.json'
For more information check: https://developer.mozilla.org/en-US/docs/Web/HTTP/Status/403",2026-07-18T18:54:50.858132
lettresfrancaises,bd6t57628w,,failed,0,0,,http_manifest,known,403,manifest,"Client error '403 ' for url 'https://openapiproext.bnf.fr/iiif/presentation/v3/ark:/12148/bd6t57628w/manifest.json'
For more information check: https://developer.mozilla.org/en-US/docs/Web/HTTP/Status/403",2026-07-18T18:54:52.059884
lettresfrancaises,bd6t576296,,failed,0,0,,http_manifest,known,403,manifest,"Client error '403 ' for url 'https://openapiproext.bnf.fr/iiif/presentation/v3/ark:/12148/bd6t576296/manifest.json'
For more information check: https://developer.mozilla.org/en-US/docs/Web/HTTP/Status/403",2026-07-18T18:54:53.259589
lettresfrancaises,bd6t57630p,,failed,0,0,,http_manifest,known,403,manifest,"Client error '403 ' for url 'https://openapiproext.bnf.fr/iiif/presentation/v3/ark:/12148/bd6t57630p/manifest.json'
For more information check: https://developer.mozilla.org/en-US/docs/Web/HTTP/Status/403",2026-07-18T18:54:54.464495
lettresfrancaises,bd6t576310,,failed,0,0,,http_manifest,known,403,manifest,"Client error '403 ' for url 'https://openapiproext.bnf.fr/iiif/presentation/v3/ark:/12148/bd6t576310/manifest.json'
For more information check: https://developer.mozilla.org/en-US/docs/Web/HTTP/Status/403",2026-07-18T18:54:55.665812
lettresfrancaises,bd6t576329,,failed,0,0,,http_manifest,known,403,manifest,"Client error '403 ' for url 'https://openapiproext.bnf.fr/iiif/presentation/v3/ark:/12148/bd6t576329/manifest.json'
For more information check: https://developer.mozilla.org/en-US/docs/Web/HTTP/Status/403",2026-07-18T18:54:56.870347
lettresfrancaises,bd6t57633m,,failed,0,0,,http_manifest,known,403,manifest,"Client error '403 ' for url 'https://openapiproext.bnf.fr/iiif/presentation/v3/ark:/12148/bd6t57633m/manifest.json'
For more information check: https://developer.mozilla.org/en-US/docs/Web/HTTP/Status/403",2026-07-18T18:54:58.086625
lettresfrancaises,bd6t57634x,,failed,0,0,,http_manifest,known,403,manifest,"Client error '403 ' for url 'https://openapiproext.bnf.fr/iiif/presentation/v3/ark:/12148/bd6t57634x/manifest.json'
For more information check: https://developer.mozilla.org/en-US/docs/Web/HTTP/Status/403",2026-07-18T18:54:59.275936
lettresfrancaises,bd6t576357,,failed,0,0,,http_manifest,known,403,manifest,"Client error '403 ' for url 'https://openapiproext.bnf.fr/iiif/presentation/v3/ark:/12148/bd6t576357/manifest.json'
For more information check: https://developer.mozilla.org/en-US/docs/Web/HTTP/Status/403",2026-07-18T18:55:00.472954
lettresfrancaises,bd6t57636j,,failed,0,0,,http_manifest,known,403,manifest,"Client error '403 ' for url 'https://openapiproext.bnf.fr/iiif/presentation/v3/ark:/12148/bd6t57636j/manifest.json'
For more information check: https://developer.mozilla.org/en-US/docs/Web/HTTP/Status/403",2026-07-18T18:55:01.673487
lettresfrancaises,bd6t57637v,,failed,0,0,,http_manifest,known,403,manifest,"Client error '403 ' for url 'https://openapiproext.bnf.fr/iiif/presentation/v3/ark:/12148/bd6t57637v/manifest.json'
For more information check: https://developer.mozilla.org/en-US/docs/Web/HTTP/Status/403",2026-07-18T18:55:02.877413
lettresfrancaises,bd6t576385,,failed,0,0,,http_manifest,known,403,manifest,"Client error '403 ' for url 'https://openapiproext.bnf.fr/iiif/presentation/v3/ark:/12148/bd6t576385/manifest.json'
For more information check: https://developer.mozilla.org/en-US/docs/Web/HTTP/Status/403",2026-07-18T18:55:04.079361
lettresfrancaises,bd6t57639g,,failed,0,0,,http_manifest,known,403,manifest,"Client error '403 ' for url 'https://openapiproext.bnf.fr/iiif/presentation/v3/ark:/12148/bd6t57639g/manifest.json'
For more information check: https://developer.mozilla.org/en-US/docs/Web/HTTP/Status/403",2026-07-18T18:55:05.278319
lettresfrancaises,bd6t57640z,,failed,0,0,,http_manifest,known,403,manifest,"Client error '403 ' for url 'https://openapiproext.bnf.fr/iiif/presentation/v3/ark:/12148/bd6t57640z/manifest.json'
For more information check: https://developer.mozilla.org/en-US/docs/Web/HTTP/Status/403",2026-07-18T18:55:06.481634
lettresfrancaises,bd6t576418,,failed,0,0,,http_manifest,known,403,manifest,"Client error '403 ' for url 'https://openapiproext.bnf.fr/iiif/presentation/v3/ark:/12148/bd6t576418/manifest.json'
For more information check: https://developer.mozilla.org/en-US/docs/Web/HTTP/Status/403",2026-07-18T18:55:07.682247
lettresfrancaises,bd6t57642k,,failed,0,0,,http_manifest,known,403,manifest,"Client error '403 ' for url 'https://openapiproext.bnf.fr/iiif/presentation/v3/ark:/12148/bd6t57642k/manifest.json'
For more information check: https://developer.mozilla.org/en-US/docs/Web/HTTP/Status/403",2026-07-18T18:55:08.929255
lettresfrancaises,bd6t57643w,,failed,0,0,,http_manifest,known,403,manifest,"Client error '403 ' for url 'https://openapiproext.bnf.fr/iiif/presentation/v3/ark:/12148/bd6t57643w/manifest.json'
For more information check: https://developer.mozilla.org/en-US/docs/Web/HTTP/Status/403",2026-07-18T18:55:10.107669
lettresfrancaises,bd6t576446,,failed,0,0,,http_manifest,known,403,manifest,"Client error '403 ' for url 'https://openapiproext.bnf.fr/iiif/presentation/v3/ark:/12148/bd6t576446/manifest.json'
For more information check: https://developer.mozilla.org/en-US/docs/Web/HTTP/Status/403",2026-07-18T18:55:11.285537
lettresfrancaises,bd6t57645h,,failed,0,0,,http_manifest,known,403,manifest,"Client error '403 ' for url 'https://openapiproext.bnf.fr/iiif/presentation/v3/ark:/12148/bd6t57645h/manifest.json'
For more information check: https://developer.mozilla.org/en-US/docs/Web/HTTP/Status/403",2026-07-18T18:55:12.552003
lettresfrancaises,bd6t57646t,,failed,0,0,,http_manifest,known,403,manifest,"Client error '403 ' for url 'https://openapiproext.bnf.fr/iiif/presentation/v3/ark:/12148/bd6t57646t/manifest.json'
For more information check: https://developer.mozilla.org/en-US/docs/Web/HTTP/Status/403",2026-07-18T18:55:13.943592
lettresfrancaises,bd6t576474,,failed,0,0,,http_manifest,known,403,manifest,"Client error '403 ' for url 'https://openapiproext.bnf.fr/iiif/presentation/v3/ark:/12148/bd6t576474/manifest.json'
For more information check: https://developer.mozilla.org/en-US/docs/Web/HTTP/Status/403",2026-07-18T18:55:14.946143
lettresfrancaises,bd6t57648f,,failed,0,0,,http_manifest,known,403,manifest,"Client error '403 ' for url 'https://openapiproext.bnf.fr/iiif/presentation/v3/ark:/12148/bd6t57648f/manifest.json'
For more information check: https://developer.mozilla.org/en-US/docs/Web/HTTP/Status/403",2026-07-18T18:55:16.114715
lettresfrancaises,bd6t57649r,,failed,0,0,,http_manifest,known,403,manifest,"Client error '403 ' for url 'https://openapiproext.bnf.fr/iiif/presentation/v3/ark:/12148/bd6t57649r/manifest.json'
For more information check: https://developer.mozilla.org/en-US/docs/Web/HTTP/Status/403",2026-07-18T18:55:17.409283
lettresfrancaises,bd6t576507,,failed,0,0,,http_manifest,known,403,manifest,"Client error '403 ' for url 'https://openapiproext.bnf.fr/iiif/presentation/v3/ark:/12148/bd6t576507/manifest.json'
For more information check: https://developer.mozilla.org/en-US/docs/Web/HTTP/Status/403",2026-07-18T18:55:18.493154
lettresfrancaises,bd6t57651j,,failed,0,0,,http_manifest,known,403,manifest,"Client error '403 ' for url 'https://openapiproext.bnf.fr/iiif/presentation/v3/ark:/12148/bd6t57651j/manifest.json'
For more information check: https://developer.mozilla.org/en-US/docs/Web/HTTP/Status/403",2026-07-18T18:55:19.952687
lettresfrancaises,bd6t57652v,,failed,0,0,,http_manifest,known,403,manifest,"Client error '403 ' for url 'https://openapiproext.bnf.fr/iiif/presentation/v3/ark:/12148/bd6t57652v/manifest.json'
For more information check: https://developer.mozilla.org/en-US/docs/Web/HTTP/Status/403",2026-07-18T18:55:20.900704
lettresfrancaises,bd6t576535,,failed,0,0,,http_manifest,known,403,manifest,"Client error '403 ' for url 'https://openapiproext.bnf.fr/iiif/presentation/v3/ark:/12148/bd6t576535/manifest.json'
For more information check: https://developer.mozilla.org/en-US/docs/Web/HTTP/Status/403",2026-07-18T18:55:22.192137
lettresfrancaises,bd6t57654g,,failed,0,0,,http_manifest,known,403,manifest,"Client error '403 ' for url 'https://openapiproext.bnf.fr/iiif/presentation/v3/ark:/12148/bd6t57654g/manifest.json'
For more information check: https://developer.mozilla.org/en-US/docs/Web/HTTP/Status/403",2026-07-18T18:55:23.337497
lettresfrancaises,bd6t57655s,,failed,0,0,,http_manifest,known,403,manifest,"Client error '403 ' for url 'https://openapiproext.bnf.fr/iiif/presentation/v3/ark:/12148/bd6t57655s/manifest.json'
For more information check: https://developer.mozilla.org/en-US/docs/Web/HTTP/Status/403",2026-07-18T18:55:24.564210
lettresfrancaises,bd6t576563,,failed,0,0,,http_manifest,known,403,manifest,"Client error '403 ' for url 'https://openapiproext.bnf.fr/iiif/presentation/v3/ark:/12148/bd6t576563/manifest.json'
For more information check: https://developer.mozilla.org/en-US/docs/Web/HTTP/Status/403",2026-07-18T18:55:25.731286
lettresfrancaises,bd6t57657d,,failed,0,0,,http_manifest,known,403,manifest,"Client error '403 ' for url 'https://openapiproext.bnf.fr/iiif/presentation/v3/ark:/12148/bd6t57657d/manifest.json'
For more information check: https://developer.mozilla.org/en-US/docs/Web/HTTP/Status/403",2026-07-18T18:55:26.965749
lettresfrancaises,bd6t57658q,,failed,0,0,,http_manifest,known,403,manifest,"Client error '403 ' for url 'https://openapiproext.bnf.fr/iiif/presentation/v3/ark:/12148/bd6t57658q/manifest.json'
For more information check: https://developer.mozilla.org/en-US/docs/Web/HTTP/Status/403",2026-07-18T18:55:28.134286
lettresfrancaises,bd6t576591,,failed,0,0,,http_manifest,known,403,manifest,"Client error '403 ' for url 'https://openapiproext.bnf.fr/iiif/presentation/v3/ark:/12148/bd6t576591/manifest.json'
For more information check: https://developer.mozilla.org/en-US/docs/Web/HTTP/Status/403",2026-07-18T18:55:29.311519
lettresfrancaises,bd6t57660h,,failed,0,0,,http_manifest,known,403,manifest,"Client error '403 ' for url 'https://openapiproext.bnf.fr/iiif/presentation/v3/ark:/12148/bd6t57660h/manifest.json'
For more information check: https://developer.mozilla.org/en-US/docs/Web/HTTP/Status/403",2026-07-18T18:55:30.510300
lettresfrancaises,bd6t57661t,,failed,0,0,,http_manifest,known,403,manifest,"Client error '403 ' for url 'https://openapiproext.bnf.fr/iiif/presentation/v3/ark:/12148/bd6t57661t/manifest.json'
For more information check: https://developer.mozilla.org/en-US/docs/Web/HTTP/Status/403",2026-07-18T18:55:31.718225
lettresfrancaises,bd6t576624,,failed,0,0,,http_manifest,known,403,manifest,"Client error '403 ' for url 'https://openapiproext.bnf.fr/iiif/presentation/v3/ark:/12148/bd6t576624/manifest.json'
For more information check: https://developer.mozilla.org/en-US/docs/Web/HTTP/Status/403",2026-07-18T18:55:32.916527
lettresfrancaises,bd6t57663f,,failed,0,0,,http_manifest,known,403,manifest,"Client error '403 ' for url 'https://openapiproext.bnf.fr/iiif/presentation/v3/ark:/12148/bd6t57663f/manifest.json'
For more information check: https://developer.mozilla.org/en-US/docs/Web/HTTP/Status/403",2026-07-18T18:55:34.117381
lettresfrancaises,bd6t57664r,,failed,0,0,,http_manifest,known,403,manifest,"Client error '403 ' for url 'https://openapiproext.bnf.fr/iiif/presentation/v3/ark:/12148/bd6t57664r/manifest.json'
For more information check: https://developer.mozilla.org/en-US/docs/Web/HTTP/Status/403",2026-07-18T18:55:35.322392
lettresfrancaises,bd6t576652,,failed,0,0,,http_manifest,known,403,manifest,"Client error '403 ' for url 'https://openapiproext.bnf.fr/iiif/presentation/v3/ark:/12148/bd6t576652/manifest.json'
For more information check: https://developer.mozilla.org/en-US/docs/Web/HTTP/Status/403",2026-07-18T18:55:36.519396
lettresfrancaises,bd6t57666c,,failed,0,0,,http_manifest,known,403,manifest,"Client error '403 ' for url 'https://openapiproext.bnf.fr/iiif/presentation/v3/ark:/12148/bd6t57666c/manifest.json'
For more information check: https://developer.mozilla.org/en-US/docs/Web/HTTP/Status/403",2026-07-18T18:55:37.726224
lettresfrancaises,bd6t57667p,,failed,0,0,,http_manifest,known,403,manifest,"Client error '403 ' for url 'https://openapiproext.bnf.fr/iiif/presentation/v3/ark:/12148/bd6t57667p/manifest.json'
For more information check: https://developer.mozilla.org/en-US/docs/Web/HTTP/Status/403",2026-07-18T18:55:38.924999
lettresfrancaises,bd6t576680,,failed,0,0,,http_manifest,known,403,manifest,"Client error '403 ' for url 'https://openapiproext.bnf.fr/iiif/presentation/v3/ark:/12148/bd6t576680/manifest.json'
For more information check: https://developer.mozilla.org/en-US/docs/Web/HTTP/Status/403",2026-07-18T18:55:40.155258
lettresfrancaises,bd6t576699,,failed,0,0,,http_manifest,known,403,manifest,"Client error '403 ' for url 'https://openapiproext.bnf.fr/iiif/presentation/v3/ark:/12148/bd6t576699/manifest.json'
For more information check: https://developer.mozilla.org/en-US/docs/Web/HTTP/Status/403",2026-07-18T18:55:41.327899
lettresfrancaises,bd6t57670s,,failed,0,0,,http_manifest,known,403,manifest,"Client error '403 ' for url 'https://openapiproext.bnf.fr/iiif/presentation/v3/ark:/12148/bd6t57670s/manifest.json'
For more information check: https://developer.mozilla.org/en-US/docs/Web/HTTP/Status/403",2026-07-18T18:55:42.533752
lettresfrancaises,bd6t576713,,failed,0,0,,http_manifest,known,403,manifest,"Client error '403 ' for url 'https://openapiproext.bnf.fr/iiif/presentation/v3/ark:/12148/bd6t576713/manifest.json'
For more information check: https://developer.mozilla.org/en-US/docs/Web/HTTP/Status/403",2026-07-18T18:55:43.734025
lettresfrancaises,bd6t57672d,,failed,0,0,,http_manifest,known,403,manifest,"Client error '403 ' for url 'https://openapiproext.bnf.fr/iiif/presentation/v3/ark:/12148/bd6t57672d/manifest.json'
For more information check: https://developer.mozilla.org/en-US/docs/Web/HTTP/Status/403",2026-07-18T18:55:44.929942
lettresfrancaises,bd6t57673q,,failed,0,0,,http_manifest,known,403,manifest,"Client error '403 ' for url 'https://openapiproext.bnf.fr/iiif/presentation/v3/ark:/12148/bd6t57673q/manifest.json'
For more information check: https://developer.mozilla.org/en-US/docs/Web/HTTP/Status/403",2026-07-18T18:55:46.161337
lettresfrancaises,bd6t576741,,failed,0,0,,http_manifest,known,403,manifest,"Client error '403 ' for url 'https://openapiproext.bnf.fr/iiif/presentation/v3/ark:/12148/bd6t576741/manifest.json'
For more information check: https://developer.mozilla.org/en-US/docs/Web/HTTP/Status/403",2026-07-18T18:55:47.330974
lettresfrancaises,bd6t57675b,,failed,0,0,,http_manifest,known,403,manifest,"Client error '403 ' for url 'https://openapiproext.bnf.fr/iiif/presentation/v3/ark:/12148/bd6t57675b/manifest.json'
For more information check: https://developer.mozilla.org/en-US/docs/Web/HTTP/Status/403",2026-07-18T18:55:48.541887
lettresfrancaises,bd6t57676n,,failed,0,0,,http_manifest,known,403,manifest,"Client error '403 ' for url 'https://openapiproext.bnf.fr/iiif/presentation/v3/ark:/12148/bd6t57676n/manifest.json'
For more information check: https://developer.mozilla.org/en-US/docs/Web/HTTP/Status/403",2026-07-18T18:55:49.741704
lettresfrancaises,bd6t57677z,,failed,0,0,,http_manifest,known,403,manifest,"Client error '403 ' for url 'https://openapiproext.bnf.fr/iiif/presentation/v3/ark:/12148/bd6t57677z/manifest.json'
For more information check: https://developer.mozilla.org/en-US/docs/Web/HTTP/Status/403",2026-07-18T18:55:50.943204
lettresfrancaises,bd6t576788,,failed,0,0,,http_manifest,known,403,manifest,"Client error '403 ' for url 'https://openapiproext.bnf.fr/iiif/presentation/v3/ark:/12148/bd6t576788/manifest.json'
For more information check: https://developer.mozilla.org/en-US/docs/Web/HTTP/Status/403",2026-07-18T18:55:52.142529
lettresfrancaises,bd6t57576d,,failed,0,0,,http_manifest,known,403,manifest,"Client error '403 ' for url 'https://openapiproext.bnf.fr/iiif/presentation/v3/ark:/12148/bd6t57576d/manifest.json'
For more information check: https://developer.mozilla.org/en-US/docs/Web/HTTP/Status/403",2026-07-18T18:55:53.343584
lettresfrancaises,bd6t57577q,,failed,0,0,,http_manifest,known,403,manifest,"Client error '403 ' for url 'https://openapiproext.bnf.fr/iiif/presentation/v3/ark:/12148/bd6t57577q/manifest.json'
For more information check: https://developer.mozilla.org/en-US/docs/Web/HTTP/Status/403",2026-07-18T18:55:54.548035
lettresfrancaises,bd6t575781,,failed,0,0,,http_manifest,known,403,manifest,"Client error '403 ' for url 'https://openapiproext.bnf.fr/iiif/presentation/v3/ark:/12148/bd6t575781/manifest.json'
For more information check: https://developer.mozilla.org/en-US/docs/Web/HTTP/Status/403",2026-07-18T18:55:55.750687
lettresfrancaises,bd6t57579b,,failed,0,0,,http_manifest,known,403,manifest,"Client error '403 ' for url 'https://openapiproext.bnf.fr/iiif/presentation/v3/ark:/12148/bd6t57579b/manifest.json'
For more information check: https://developer.mozilla.org/en-US/docs/Web/HTTP/Status/403",2026-07-18T18:55:56.944736
lettresfrancaises,bd6t57580t,,failed,0,0,,http_manifest,known,403,manifest,"Client error '403 ' for url 'https://openapiproext.bnf.fr/iiif/presentation/v3/ark:/12148/bd6t57580t/manifest.json'
For more information check: https://developer.mozilla.org/en-US/docs/Web/HTTP/Status/403",2026-07-18T18:55:58.184697
lettresfrancaises,bd6t575814,,failed,0,0,,http_manifest,known,403,manifest,"Client error '403 ' for url 'https://openapiproext.bnf.fr/iiif/presentation/v3/ark:/12148/bd6t575814/manifest.json'
For more information check: https://developer.mozilla.org/en-US/docs/Web/HTTP/Status/403",2026-07-18T18:55:59.352030
lettresfrancaises,bd6t57582f,,failed,0,0,,http_manifest,known,403,manifest,"Client error '403 ' for url 'https://openapiproext.bnf.fr/iiif/presentation/v3/ark:/12148/bd6t57582f/manifest.json'
For more information check: https://developer.mozilla.org/en-US/docs/Web/HTTP/Status/403",2026-07-18T18:56:00.552738
lettresfrancaises,bd6t57583r,,failed,0,0,,http_manifest,known,403,manifest,"Client error '403 ' for url 'https://openapiproext.bnf.fr/iiif/presentation/v3/ark:/12148/bd6t57583r/manifest.json'
For more information check: https://developer.mozilla.org/en-US/docs/Web/HTTP/Status/403",2026-07-18T18:56:01.753645
lettresfrancaises,bd6t575842,,failed,0,0,,http_manifest,known,403,manifest,"Client error '403 ' for url 'https://openapiproext.bnf.fr/iiif/presentation/v3/ark:/12148/bd6t575842/manifest.json'
For more information check: https://developer.mozilla.org/en-US/docs/Web/HTTP/Status/403",2026-07-18T18:56:02.962287
lettresfrancaises,bd6t57585c,,failed,0,0,,http_manifest,known,403,manifest,"Client error '403 ' for url 'https://openapiproext.bnf.fr/iiif/presentation/v3/ark:/12148/bd6t57585c/manifest.json'
For more information check: https://developer.mozilla.org/en-US/docs/Web/HTTP/Status/403",2026-07-18T18:56:04.186525
lettresfrancaises,bd6t57586p,,failed,0,0,,http_manifest,known,403,manifest,"Client error '403 ' for url 'https://openapiproext.bnf.fr/iiif/presentation/v3/ark:/12148/bd6t57586p/manifest.json'
For more information check: https://developer.mozilla.org/en-US/docs/Web/HTTP/Status/403",2026-07-18T18:56:05.360205
lettresfrancaises,bd6t575870,,failed,0,0,,http_manifest,known,403,manifest,"Client error '403 ' for url 'https://openapiproext.bnf.fr/iiif/presentation/v3/ark:/12148/bd6t575870/manifest.json'
For more information check: https://developer.mozilla.org/en-US/docs/Web/HTTP/Status/403",2026-07-18T18:56:06.806460
lettresfrancaises,bd6t575889,,failed,0,0,,http_manifest,known,403,manifest,"Client error '403 ' for url 'https://openapiproext.bnf.fr/iiif/presentation/v3/ark:/12148/bd6t575889/manifest.json'
For more information check: https://developer.mozilla.org/en-US/docs/Web/HTTP/Status/403",2026-07-18T18:56:08.010909
lettresfrancaises,bd6t57589m,,failed,0,0,,http_manifest,known,403,manifest,"Client error '403 ' for url 'https://openapiproext.bnf.fr/iiif/presentation/v3/ark:/12148/bd6t57589m/manifest.json'
For more information check: https://developer.mozilla.org/en-US/docs/Web/HTTP/Status/403",2026-07-18T18:56:09.084969
lettresfrancaises,bd6t575903,,failed,0,0,,http_manifest,known,403,manifest,"Client error '403 ' for url 'https://openapiproext.bnf.fr/iiif/presentation/v3/ark:/12148/bd6t575903/manifest.json'
For more information check: https://developer.mozilla.org/en-US/docs/Web/HTTP/Status/403",2026-07-18T18:56:10.240067
lettresfrancaises,bd6t57591d,,failed,0,0,,http_manifest,known,403,manifest,"Client error '403 ' for url 'https://openapiproext.bnf.fr/iiif/presentation/v3/ark:/12148/bd6t57591d/manifest.json'
For more information check: https://developer.mozilla.org/en-US/docs/Web/HTTP/Status/403",2026-07-18T18:56:11.493179
lettresfrancaises,bd6t57592q,,failed,0,0,,http_manifest,known,403,manifest,"Client error '403 ' for url 'https://openapiproext.bnf.fr/iiif/presentation/v3/ark:/12148/bd6t57592q/manifest.json'
For more information check: https://developer.mozilla.org/en-US/docs/Web/HTTP/Status/403",2026-07-18T18:56:12.784191
lettresfrancaises,bd6t575931,,failed,0,0,,http_manifest,known,403,manifest,"Client error '403 ' for url 'https://openapiproext.bnf.fr/iiif/presentation/v3/ark:/12148/bd6t575931/manifest.json'
For more information check: https://developer.mozilla.org/en-US/docs/Web/HTTP/Status/403",2026-07-18T18:56:13.837020
lettresfrancaises,bd6t57594b,,failed,0,0,,http_manifest,known,403,manifest,"Client error '403 ' for url 'https://openapiproext.bnf.fr/iiif/presentation/v3/ark:/12148/bd6t57594b/manifest.json'
For more information check: https://developer.mozilla.org/en-US/docs/Web/HTTP/Status/403",2026-07-18T18:56:15.173981
lettresfrancaises,bd6t57595n,,failed,0,0,,http_manifest,known,403,manifest,"Client error '403 ' for url 'https://openapiproext.bnf.fr/iiif/presentation/v3/ark:/12148/bd6t57595n/manifest.json'
For more information check: https://developer.mozilla.org/en-US/docs/Web/HTTP/Status/403",2026-07-18T18:56:16.199725
lettresfrancaises,bd6t57596z,,failed,0,0,,http_manifest,known,403,manifest,"Client error '403 ' for url 'https://openapiproext.bnf.fr/iiif/presentation/v3/ark:/12148/bd6t57596z/manifest.json'
For more information check: https://developer.mozilla.org/en-US/docs/Web/HTTP/Status/403",2026-07-18T18:56:17.378877
lettresfrancaises,bd6t575978,,failed,0,0,,http_manifest,known,403,manifest,"Client error '403 ' for url 'https://openapiproext.bnf.fr/iiif/presentation/v3/ark:/12148/bd6t575978/manifest.json'
For more information check: https://developer.mozilla.org/en-US/docs/Web/HTTP/Status/403",2026-07-18T18:56:18.584979
lettresfrancaises,bd6t57598k,,failed,0,0,,http_manifest,known,403,manifest,"Client error '403 ' for url 'https://openapiproext.bnf.fr/iiif/presentation/v3/ark:/12148/bd6t57598k/manifest.json'
For more information check: https://developer.mozilla.org/en-US/docs/Web/HTTP/Status/403",2026-07-18T18:56:19.779840
lettresfrancaises,bd6t57599w,,failed,0,0,,http_manifest,known,403,manifest,"Client error '403 ' for url 'https://openapiproext.bnf.fr/iiif/presentation/v3/ark:/12148/bd6t57599w/manifest.json'
For more information check: https://developer.mozilla.org/en-US/docs/Web/HTTP/Status/403",2026-07-18T18:56:20.982574
lettresfrancaises,bd6t57600v,,failed,0,0,,http_manifest,known,403,manifest,"Client error '403 ' for url 'https://openapiproext.bnf.fr/iiif/presentation/v3/ark:/12148/bd6t57600v/manifest.json'
For more information check: https://developer.mozilla.org/en-US/docs/Web/HTTP/Status/403",2026-07-18T18:56:22.204823
lettresfrancaises,bd6t576015,,failed,0,0,,http_manifest,known,403,manifest,"Client error '403 ' for url 'https://openapiproext.bnf.fr/iiif/presentation/v3/ark:/12148/bd6t576015/manifest.json'
For more information check: https://developer.mozilla.org/en-US/docs/Web/HTTP/Status/403",2026-07-18T18:56:23.383134
lettresfrancaises,bd6t57602g,,failed,0,0,,http_manifest,known,403,manifest,"Client error '403 ' for url 'https://openapiproext.bnf.fr/iiif/presentation/v3/ark:/12148/bd6t57602g/manifest.json'
For more information check: https://developer.mozilla.org/en-US/docs/Web/HTTP/Status/403",2026-07-18T18:56:24.584557
lettresfrancaises,bd6t57603s,,failed,0,0,,http_manifest,known,403,manifest,"Client error '403 ' for url 'https://openapiproext.bnf.fr/iiif/presentation/v3/ark:/12148/bd6t57603s/manifest.json'
For more information check: https://developer.mozilla.org/en-US/docs/Web/HTTP/Status/403",2026-07-18T18:56:25.788548
lettresfrancaises,bd6t576043,,failed,0,0,,http_manifest,known,403,manifest,"Client error '403 ' for url 'https://openapiproext.bnf.fr/iiif/presentation/v3/ark:/12148/bd6t576043/manifest.json'
For more information check: https://developer.mozilla.org/en-US/docs/Web/HTTP/Status/403",2026-07-18T18:56:26.990340
lettresfrancaises,bd6t57605d,,failed,0,0,,http_manifest,known,403,manifest,"Client error '403 ' for url 'https://openapiproext.bnf.fr/iiif/presentation/v3/ark:/12148/bd6t57605d/manifest.json'
For more information check: https://developer.mozilla.org/en-US/docs/Web/HTTP/Status/403",2026-07-18T18:56:28.196000
lettresfrancaises,bd6t57606q,,failed,0,0,,http_manifest,known,403,manifest,"Client error '403 ' for url 'https://openapiproext.bnf.fr/iiif/presentation/v3/ark:/12148/bd6t57606q/manifest.json'
For more information check: https://developer.mozilla.org/en-US/docs/Web/HTTP/Status/403",2026-07-18T18:56:29.396831
lettresfrancaises,bd6t576071,,failed,0,0,,http_manifest,known,403,manifest,"Client error '403 ' for url 'https://openapiproext.bnf.fr/iiif/presentation/v3/ark:/12148/bd6t576071/manifest.json'
For more information check: https://developer.mozilla.org/en-US/docs/Web/HTTP/Status/403",2026-07-18T18:56:30.596607
lettresfrancaises,bd6t57608b,,failed,0,0,,http_manifest,known,403,manifest,"Client error '403 ' for url 'https://openapiproext.bnf.fr/iiif/presentation/v3/ark:/12148/bd6t57608b/manifest.json'
For more information check: https://developer.mozilla.org/en-US/docs/Web/HTTP/Status/403",2026-07-18T18:56:31.798578
lettresfrancaises,bd6t57609n,,failed,0,0,,http_manifest,known,403,manifest,"Client error '403 ' for url 'https://openapiproext.bnf.fr/iiif/presentation/v3/ark:/12148/bd6t57609n/manifest.json'
For more information check: https://developer.mozilla.org/en-US/docs/Web/HTTP/Status/403",2026-07-18T18:56:32.996261
lettresfrancaises,bd6t576104,,failed,0,0,,http_manifest,known,403,manifest,"Client error '403 ' for url 'https://openapiproext.bnf.fr/iiif/presentation/v3/ark:/12148/bd6t576104/manifest.json'
For more information check: https://developer.mozilla.org/en-US/docs/Web/HTTP/Status/403",2026-07-18T18:56:34.221568
lettresfrancaises,bd6t57611f,,failed,0,0,,http_manifest,known,403,manifest,"Client error '403 ' for url 'https://openapiproext.bnf.fr/iiif/presentation/v3/ark:/12148/bd6t57611f/manifest.json'
For more information check: https://developer.mozilla.org/en-US/docs/Web/HTTP/Status/403",2026-07-18T18:56:35.409918
lettresfrancaises,bd6t57612r,,failed,0,0,,http_manifest,known,403,manifest,"Client error '403 ' for url 'https://openapiproext.bnf.fr/iiif/presentation/v3/ark:/12148/bd6t57612r/manifest.json'
For more information check: https://developer.mozilla.org/en-US/docs/Web/HTTP/Status/403",2026-07-18T18:56:36.604322
lettresfrancaises,bd6t576132,,failed,0,0,,http_manifest,known,403,manifest,"Client error '403 ' for url 'https://openapiproext.bnf.fr/iiif/presentation/v3/ark:/12148/bd6t576132/manifest.json'
For more information check: https://developer.mozilla.org/en-US/docs/Web/HTTP/Status/403",2026-07-18T18:56:37.804744
lettresfrancaises,bd6t57614c,,failed,0,0,,http_manifest,known,403,manifest,"Client error '403 ' for url 'https://openapiproext.bnf.fr/iiif/presentation/v3/ark:/12148/bd6t57614c/manifest.json'
For more information check: https://developer.mozilla.org/en-US/docs/Web/HTTP/Status/403",2026-07-18T18:56:39.005942
lettresfrancaises,bd6t57615p,,failed,0,0,,http_manifest,known,403,manifest,"Client error '403 ' for url 'https://openapiproext.bnf.fr/iiif/presentation/v3/ark:/12148/bd6t57615p/manifest.json'
For more information check: https://developer.mozilla.org/en-US/docs/Web/HTTP/Status/403",2026-07-18T18:56:40.205088
lettresfrancaises,bd6t576160,,failed,0,0,,http_manifest,known,403,manifest,"Client error '403 ' for url 'https://openapiproext.bnf.fr/iiif/presentation/v3/ark:/12148/bd6t576160/manifest.json'
For more information check: https://developer.mozilla.org/en-US/docs/Web/HTTP/Status/403",2026-07-18T18:56:41.410195
lettresfrancaises,bd6t576179,,failed,0,0,,http_manifest,known,403,manifest,"Client error '403 ' for url 'https://openapiproext.bnf.fr/iiif/presentation/v3/ark:/12148/bd6t576179/manifest.json'
For more information check: https://developer.mozilla.org/en-US/docs/Web/HTTP/Status/403",2026-07-18T18:56:42.612708
lettresfrancaises,bd6t57618m,,failed,0,0,,http_manifest,known,403,manifest,"Client error '403 ' for url 'https://openapiproext.bnf.fr/iiif/presentation/v3/ark:/12148/bd6t57618m/manifest.json'
For more information check: https://developer.mozilla.org/en-US/docs/Web/HTTP/Status/403",2026-07-18T18:56:43.811960
lettresfrancaises,bd6t57619x,,failed,0,0,,http_manifest,known,403,manifest,"Client error '403 ' for url 'https://openapiproext.bnf.fr/iiif/presentation/v3/ark:/12148/bd6t57619x/manifest.json'
For more information check: https://developer.mozilla.org/en-US/docs/Web/HTTP/Status/403",2026-07-18T18:56:45.044062
lettresfrancaises,bd6t57620d,,failed,0,0,,http_manifest,known,403,manifest,"Client error '403 ' for url 'https://openapiproext.bnf.fr/iiif/presentation/v3/ark:/12148/bd6t57620d/manifest.json'
For more information check: https://developer.mozilla.org/en-US/docs/Web/HTTP/Status/403",2026-07-18T18:56:46.241314
lettresfrancaises,bd6t57621q,,failed,0,0,,http_manifest,known,403,manifest,"Client error '403 ' for url 'https://openapiproext.bnf.fr/iiif/presentation/v3/ark:/12148/bd6t57621q/manifest.json'
For more information check: https://developer.mozilla.org/en-US/docs/Web/HTTP/Status/403",2026-07-18T18:56:47.414438
lettresfrancaises,bd6t576221,,failed,0,0,,http_manifest,known,403,manifest,"Client error '403 ' for url 'https://openapiproext.bnf.fr/iiif/presentation/v3/ark:/12148/bd6t576221/manifest.json'
For more information check: https://developer.mozilla.org/en-US/docs/Web/HTTP/Status/403",2026-07-18T18:56:48.619355
lettresfrancaises,bd6t57623b,,failed,0,0,,http_manifest,known,403,manifest,"Client error '403 ' for url 'https://openapiproext.bnf.fr/iiif/presentation/v3/ark:/12148/bd6t57623b/manifest.json'
For more information check: https://developer.mozilla.org/en-US/docs/Web/HTTP/Status/403",2026-07-18T18:56:49.819510
lettresfrancaises,bd6t57624n,,failed,0,0,,http_manifest,known,403,manifest,"Client error '403 ' for url 'https://openapiproext.bnf.fr/iiif/presentation/v3/ark:/12148/bd6t57624n/manifest.json'
For more information check: https://developer.mozilla.org/en-US/docs/Web/HTTP/Status/403",2026-07-18T18:56:51.023244
lettresfrancaises,bd6t57625z,,failed,0,0,,http_manifest,known,403,manifest,"Client error '403 ' for url 'https://openapiproext.bnf.fr/iiif/presentation/v3/ark:/12148/bd6t57625z/manifest.json'
For more information check: https://developer.mozilla.org/en-US/docs/Web/HTTP/Status/403",2026-07-18T18:56:52.249190
lettresfrancaises,bd6t576268,,failed,0,0,,http_manifest,known,403,manifest,"Client error '403 ' for url 'https://openapiproext.bnf.fr/iiif/presentation/v3/ark:/12148/bd6t576268/manifest.json'
For more information check: https://developer.mozilla.org/en-US/docs/Web/HTTP/Status/403",2026-07-18T18:56:53.422344
lettresfrancaises,bd6t57525q,,failed,0,0,,http_manifest,known,403,manifest,"Client error '403 ' for url 'https://openapiproext.bnf.fr/iiif/presentation/v3/ark:/12148/bd6t57525q/manifest.json'
For more information check: https://developer.mozilla.org/en-US/docs/Web/HTTP/Status/403",2026-07-18T18:56:54.626857
lettresfrancaises,bd6t575261,,failed,0,0,,http_manifest,known,403,manifest,"Client error '403 ' for url 'https://openapiproext.bnf.fr/iiif/presentation/v3/ark:/12148/bd6t575261/manifest.json'
For more information check: https://developer.mozilla.org/en-US/docs/Web/HTTP/Status/403",2026-07-18T18:56:55.825857
lettresfrancaises,bd6t57527b,,failed,0,0,,http_manifest,known,403,manifest,"Client error '403 ' for url 'https://openapiproext.bnf.fr/iiif/presentation/v3/ark:/12148/bd6t57527b/manifest.json'
For more information check: https://developer.mozilla.org/en-US/docs/Web/HTTP/Status/403",2026-07-18T18:56:57.030570
lettresfrancaises,bd6t57528n,,failed,0,0,,http_manifest,known,403,manifest,"Client error '403 ' for url 'https://openapiproext.bnf.fr/iiif/presentation/v3/ark:/12148/bd6t57528n/manifest.json'
For more information check: https://developer.mozilla.org/en-US/docs/Web/HTTP/Status/403",2026-07-18T18:56:58.229063
lettresfrancaises,bd6t57529z,,failed,0,0,,http_manifest,known,403,manifest,"Client error '403 ' for url 'https://openapiproext.bnf.fr/iiif/presentation/v3/ark:/12148/bd6t57529z/manifest.json'
For more information check: https://developer.mozilla.org/en-US/docs/Web/HTTP/Status/403",2026-07-18T18:56:59.431586
lettresfrancaises,bd6t57530f,,failed,0,0,,http_manifest,known,403,manifest,"Client error '403 ' for url 'https://openapiproext.bnf.fr/iiif/presentation/v3/ark:/12148/bd6t57530f/manifest.json'
For more information check: https://developer.mozilla.org/en-US/docs/Web/HTTP/Status/403",2026-07-18T18:57:00.632762
lettresfrancaises,bd6t57531r,,failed,0,0,,http_manifest,known,403,manifest,"Client error '403 ' for url 'https://openapiproext.bnf.fr/iiif/presentation/v3/ark:/12148/bd6t57531r/manifest.json'
For more information check: https://developer.mozilla.org/en-US/docs/Web/HTTP/Status/403",2026-07-18T18:57:01.852918
lettresfrancaises,bd6t575322,,failed,0,0,,http_manifest,known,403,manifest,"Client error '403 ' for url 'https://openapiproext.bnf.fr/iiif/presentation/v3/ark:/12148/bd6t575322/manifest.json'
For more information check: https://developer.mozilla.org/en-US/docs/Web/HTTP/Status/403",2026-07-18T18:57:03.039045
lettresfrancaises,bd6t57533c,,failed,0,0,,http_manifest,known,403,manifest,"Client error '403 ' for url 'https://openapiproext.bnf.fr/iiif/presentation/v3/ark:/12148/bd6t57533c/manifest.json'
For more information check: https://developer.mozilla.org/en-US/docs/Web/HTTP/Status/403",2026-07-18T18:57:04.257108
lettresfrancaises,bd6t57534p,,failed,0,0,,http_manifest,known,403,manifest,"Client error '403 ' for url 'https://openapiproext.bnf.fr/iiif/presentation/v3/ark:/12148/bd6t57534p/manifest.json'
For more information check: https://developer.mozilla.org/en-US/docs/Web/HTTP/Status/403",2026-07-18T18:57:05.442241
lettresfrancaises,bd6t575350,,failed,0,0,,http_manifest,known,403,manifest,"Client error '403 ' for url 'https://openapiproext.bnf.fr/iiif/presentation/v3/ark:/12148/bd6t575350/manifest.json'
For more information check: https://developer.mozilla.org/en-US/docs/Web/HTTP/Status/403",2026-07-18T18:57:06.642552
lettresfrancaises,bd6t575369,,failed,0,0,,http_manifest,known,403,manifest,"Client error '403 ' for url 'https://openapiproext.bnf.fr/iiif/presentation/v3/ark:/12148/bd6t575369/manifest.json'
For more information check: https://developer.mozilla.org/en-US/docs/Web/HTTP/Status/403",2026-07-18T18:57:07.851070
lettresfrancaises,bd6t57537m,,failed,0,0,,http_manifest,known,403,manifest,"Client error '403 ' for url 'https://openapiproext.bnf.fr/iiif/presentation/v3/ark:/12148/bd6t57537m/manifest.json'
For more information check: https://developer.mozilla.org/en-US/docs/Web/HTTP/Status/403",2026-07-18T18:57:09.044265
lettresfrancaises,bd6t57538x,,failed,0,0,,http_manifest,known,403,manifest,"Client error '403 ' for url 'https://openapiproext.bnf.fr/iiif/presentation/v3/ark:/12148/bd6t57538x/manifest.json'
For more information check: https://developer.mozilla.org/en-US/docs/Web/HTTP/Status/403",2026-07-18T18:57:10.255455
lettresfrancaises,bd6t575397,,failed,0,0,,http_manifest,known,403,manifest,"Client error '403 ' for url 'https://openapiproext.bnf.fr/iiif/presentation/v3/ark:/12148/bd6t575397/manifest.json'
For more information check: https://developer.mozilla.org/en-US/docs/Web/HTTP/Status/403",2026-07-18T18:57:11.449151
lettresfrancaises,bd6t57540q,,failed,0,0,,http_manifest,known,403,manifest,"Client error '403 ' for url 'https://openapiproext.bnf.fr/iiif/presentation/v3/ark:/12148/bd6t57540q/manifest.json'
For more information check: https://developer.mozilla.org/en-US/docs/Web/HTTP/Status/403",2026-07-18T18:57:12.661424
lettresfrancaises,bd6t575411,,failed,0,0,,http_manifest,known,403,manifest,"Client error '403 ' for url 'https://openapiproext.bnf.fr/iiif/presentation/v3/ark:/12148/bd6t575411/manifest.json'
For more information check: https://developer.mozilla.org/en-US/docs/Web/HTTP/Status/403",2026-07-18T18:57:14.027572
lettresfrancaises,bd6t57542b,,failed,0,0,,http_manifest,known,403,manifest,"Client error '403 ' for url 'https://openapiproext.bnf.fr/iiif/presentation/v3/ark:/12148/bd6t57542b/manifest.json'
For more information check: https://developer.mozilla.org/en-US/docs/Web/HTTP/Status/403",2026-07-18T18:57:15.053243
lettresfrancaises,bd6t57543n,,failed,0,0,,http_manifest,known,403,manifest,"Client error '403 ' for url 'https://openapiproext.bnf.fr/iiif/presentation/v3/ark:/12148/bd6t57543n/manifest.json'
For more information check: https://developer.mozilla.org/en-US/docs/Web/HTTP/Status/403",2026-07-18T18:57:16.478337
lettresfrancaises,bd6t57544z,,failed,0,0,,http_manifest,known,403,manifest,"Client error '403 ' for url 'https://openapiproext.bnf.fr/iiif/presentation/v3/ark:/12148/bd6t57544z/manifest.json'
For more information check: https://developer.mozilla.org/en-US/docs/Web/HTTP/Status/403",2026-07-18T18:57:17.557136
lettresfrancaises,bd6t575458,,failed,0,0,,http_manifest,known,403,manifest,"Client error '403 ' for url 'https://openapiproext.bnf.fr/iiif/presentation/v3/ark:/12148/bd6t575458/manifest.json'
For more information check: https://developer.mozilla.org/en-US/docs/Web/HTTP/Status/403",2026-07-18T18:57:18.839485
lettresfrancaises,bd6t57546k,,failed,0,0,,http_manifest,known,403,manifest,"Client error '403 ' for url 'https://openapiproext.bnf.fr/iiif/presentation/v3/ark:/12148/bd6t57546k/manifest.json'
For more information check: https://developer.mozilla.org/en-US/docs/Web/HTTP/Status/403",2026-07-18T18:57:20.075305
lettresfrancaises,bd6t57547w,,failed,0,0,,http_manifest,known,403,manifest,"Client error '403 ' for url 'https://openapiproext.bnf.fr/iiif/presentation/v3/ark:/12148/bd6t57547w/manifest.json'
For more information check: https://developer.mozilla.org/en-US/docs/Web/HTTP/Status/403",2026-07-18T18:57:21.062273
lettresfrancaises,bd6t575486,,failed,0,0,,http_manifest,known,403,manifest,"Client error '403 ' for url 'https://openapiproext.bnf.fr/iiif/presentation/v3/ark:/12148/bd6t575486/manifest.json'
For more information check: https://developer.mozilla.org/en-US/docs/Web/HTTP/Status/403",2026-07-18T18:57:22.755420
lettresfrancaises,bd6t57549h,,failed,0,0,,http_manifest,known,403,manifest,"Client error '403 ' for url 'https://openapiproext.bnf.fr/iiif/presentation/v3/ark:/12148/bd6t57549h/manifest.json'
For more information check: https://developer.mozilla.org/en-US/docs/Web/HTTP/Status/403",2026-07-18T18:57:23.727313
lettresfrancaises,bd6t575500,,failed,0,0,,http_manifest,known,403,manifest,"Client error '403 ' for url 'https://openapiproext.bnf.fr/iiif/presentation/v3/ark:/12148/bd6t575500/manifest.json'
For more information check: https://developer.mozilla.org/en-US/docs/Web/HTTP/Status/403",2026-07-18T18:57:24.667361
lettresfrancaises,bd6t575519,,failed,0,0,,http_manifest,known,403,manifest,"Client error '403 ' for url 'https://openapiproext.bnf.fr/iiif/presentation/v3/ark:/12148/bd6t575519/manifest.json'
For more information check: https://developer.mozilla.org/en-US/docs/Web/HTTP/Status/403",2026-07-18T18:57:25.945417
lettresfrancaises,bd6t57552m,,failed,0,0,,http_manifest,known,403,manifest,"Client error '403 ' for url 'https://openapiproext.bnf.fr/iiif/presentation/v3/ark:/12148/bd6t57552m/manifest.json'
For more information check: https://developer.mozilla.org/en-US/docs/Web/HTTP/Status/403",2026-07-18T18:57:27.071200
lettresfrancaises,bd6t57553x,,failed,0,0,,http_manifest,known,403,manifest,"Client error '403 ' for url 'https://openapiproext.bnf.fr/iiif/presentation/v3/ark:/12148/bd6t57553x/manifest.json'
For more information check: https://developer.mozilla.org/en-US/docs/Web/HTTP/Status/403",2026-07-18T18:57:28.336953
lettresfrancaises,bd6t575547,,failed,0,0,,http_manifest,known,403,manifest,"Client error '403 ' for url 'https://openapiproext.bnf.fr/iiif/presentation/v3/ark:/12148/bd6t575547/manifest.json'
For more information check: https://developer.mozilla.org/en-US/docs/Web/HTTP/Status/403",2026-07-18T18:57:29.472842
lettresfrancaises,bd6t57555j,,failed,0,0,,http_manifest,known,403,manifest,"Client error '403 ' for url 'https://openapiproext.bnf.fr/iiif/presentation/v3/ark:/12148/bd6t57555j/manifest.json'
For more information check: https://developer.mozilla.org/en-US/docs/Web/HTTP/Status/403",2026-07-18T18:57:30.678680
lettresfrancaises,bd6t57556v,,failed,0,0,,http_manifest,known,403,manifest,"Client error '403 ' for url 'https://openapiproext.bnf.fr/iiif/presentation/v3/ark:/12148/bd6t57556v/manifest.json'
For more information check: https://developer.mozilla.org/en-US/docs/Web/HTTP/Status/403",2026-07-18T18:57:31.878603
lettresfrancaises,bd6t575575,,failed,0,0,,http_manifest,known,403,manifest,"Client error '403 ' for url 'https://openapiproext.bnf.fr/iiif/presentation/v3/ark:/12148/bd6t575575/manifest.json'
For more information check: https://developer.mozilla.org/en-US/docs/Web/HTTP/Status/403",2026-07-18T18:57:33.080866
lettresfrancaises,bd6t57558g,,failed,0,0,,http_manifest,known,403,manifest,"Client error '403 ' for url 'https://openapiproext.bnf.fr/iiif/presentation/v3/ark:/12148/bd6t57558g/manifest.json'
For more information check: https://developer.mozilla.org/en-US/docs/Web/HTTP/Status/403",2026-07-18T18:57:34.306912
lettresfrancaises,bd6t57559s,,failed,0,0,,http_manifest,known,403,manifest,"Client error '403 ' for url 'https://openapiproext.bnf.fr/iiif/presentation/v3/ark:/12148/bd6t57559s/manifest.json'
For more information check: https://developer.mozilla.org/en-US/docs/Web/HTTP/Status/403",2026-07-18T18:57:35.482938
lettresfrancaises,bd6t575608,,failed,0,0,,http_manifest,known,403,manifest,"Client error '403 ' for url 'https://openapiproext.bnf.fr/iiif/presentation/v3/ark:/12148/bd6t575608/manifest.json'
For more information check: https://developer.mozilla.org/en-US/docs/Web/HTTP/Status/403",2026-07-18T18:57:36.685646
lettresfrancaises,bd6t57561k,,failed,0,0,,http_manifest,known,403,manifest,"Client error '403 ' for url 'https://openapiproext.bnf.fr/iiif/presentation/v3/ark:/12148/bd6t57561k/manifest.json'
For more information check: https://developer.mozilla.org/en-US/docs/Web/HTTP/Status/403",2026-07-18T18:57:37.884778
lettresfrancaises,bd6t57562w,,failed,0,0,,http_manifest,known,403,manifest,"Client error '403 ' for url 'https://openapiproext.bnf.fr/iiif/presentation/v3/ark:/12148/bd6t57562w/manifest.json'
For more information check: https://developer.mozilla.org/en-US/docs/Web/HTTP/Status/403",2026-07-18T18:57:39.084986
lettresfrancaises,bd6t575636,,failed,0,0,,http_manifest,known,403,manifest,"Client error '403 ' for url 'https://openapiproext.bnf.fr/iiif/presentation/v3/ark:/12148/bd6t575636/manifest.json'
For more information check: https://developer.mozilla.org/en-US/docs/Web/HTTP/Status/403",2026-07-18T18:57:40.289927
lettresfrancaises,bd6t57564h,,failed,0,0,,http_manifest,known,403,manifest,"Client error '403 ' for url 'https://openapiproext.bnf.fr/iiif/presentation/v3/ark:/12148/bd6t57564h/manifest.json'
For more information check: https://developer.mozilla.org/en-US/docs/Web/HTTP/Status/403",2026-07-18T18:57:41.488422
lettresfrancaises,bd6t57565t,,failed,0,0,,http_manifest,known,403,manifest,"Client error '403 ' for url 'https://openapiproext.bnf.fr/iiif/presentation/v3/ark:/12148/bd6t57565t/manifest.json'
For more information check: https://developer.mozilla.org/en-US/docs/Web/HTTP/Status/403",2026-07-18T18:57:42.687338
lettresfrancaises,bd6t575664,,failed,0,0,,http_manifest,known,403,manifest,"Client error '403 ' for url 'https://openapiproext.bnf.fr/iiif/presentation/v3/ark:/12148/bd6t575664/manifest.json'
For more information check: https://developer.mozilla.org/en-US/docs/Web/HTTP/Status/403",2026-07-18T18:57:43.889817
lettresfrancaises,bd6t57567f,,failed,0,0,,http_manifest,known,403,manifest,"Client error '403 ' for url 'https://openapiproext.bnf.fr/iiif/presentation/v3/ark:/12148/bd6t57567f/manifest.json'
For more information check: https://developer.mozilla.org/en-US/docs/Web/HTTP/Status/403",2026-07-18T18:57:45.094995
lettresfrancaises,bd6t57568r,,failed,0,0,,http_manifest,known,403,manifest,"Client error '403 ' for url 'https://openapiproext.bnf.fr/iiif/presentation/v3/ark:/12148/bd6t57568r/manifest.json'
For more information check: https://developer.mozilla.org/en-US/docs/Web/HTTP/Status/403",2026-07-18T18:57:46.305237
lettresfrancaises,bd6t575692,,failed,0,0,,http_manifest,known,403,manifest,"Client error '403 ' for url 'https://openapiproext.bnf.fr/iiif/presentation/v3/ark:/12148/bd6t575692/manifest.json'
For more information check: https://developer.mozilla.org/en-US/docs/Web/HTTP/Status/403",2026-07-18T18:57:47.493882
lettresfrancaises,bd6t57570j,,failed,0,0,,http_manifest,known,403,manifest,"Client error '403 ' for url 'https://openapiproext.bnf.fr/iiif/presentation/v3/ark:/12148/bd6t57570j/manifest.json'
For more information check: https://developer.mozilla.org/en-US/docs/Web/HTTP/Status/403",2026-07-18T18:57:48.695622
lettresfrancaises,bd6t57571v,,failed,0,0,,http_manifest,known,403,manifest,"Client error '403 ' for url 'https://openapiproext.bnf.fr/iiif/presentation/v3/ark:/12148/bd6t57571v/manifest.json'
For more information check: https://developer.mozilla.org/en-US/docs/Web/HTTP/Status/403",2026-07-18T18:57:49.896979
lettresfrancaises,bd6t575725,,failed,0,0,,http_manifest,known,403,manifest,"Client error '403 ' for url 'https://openapiproext.bnf.fr/iiif/presentation/v3/ark:/12148/bd6t575725/manifest.json'
For more information check: https://developer.mozilla.org/en-US/docs/Web/HTTP/Status/403",2026-07-18T18:57:51.102051
lettresfrancaises,bd6t57573g,,failed,0,0,,http_manifest,known,403,manifest,"Client error '403 ' for url 'https://openapiproext.bnf.fr/iiif/presentation/v3/ark:/12148/bd6t57573g/manifest.json'
For more information check: https://developer.mozilla.org/en-US/docs/Web/HTTP/Status/403",2026-07-18T18:57:52.322576
lettresfrancaises,bd6t57574s,,failed,0,0,,http_manifest,known,403,manifest,"Client error '403 ' for url 'https://openapiproext.bnf.fr/iiif/presentation/v3/ark:/12148/bd6t57574s/manifest.json'
For more information check: https://developer.mozilla.org/en-US/docs/Web/HTTP/Status/403",2026-07-18T18:57:53.500349
lettresfrancaises,bd6t575753,,failed,0,0,,http_manifest,known,403,manifest,"Client error '403 ' for url 'https://openapiproext.bnf.fr/iiif/presentation/v3/ark:/12148/bd6t575753/manifest.json'
For more information check: https://developer.mozilla.org/en-US/docs/Web/HTTP/Status/403",2026-07-18T18:57:54.710148
lettresfrancaises,bd6t577982,,failed,0,0,,http_manifest,known,403,manifest,"Client error '403 ' for url 'https://openapiproext.bnf.fr/iiif/presentation/v3/ark:/12148/bd6t577982/manifest.json'
For more information check: https://developer.mozilla.org/en-US/docs/Web/HTTP/Status/403",2026-07-18T18:57:55.907646
lettresfrancaises,bd6t57799c,,failed,0,0,,http_manifest,known,403,manifest,"Client error '403 ' for url 'https://openapiproext.bnf.fr/iiif/presentation/v3/ark:/12148/bd6t57799c/manifest.json'
For more information check: https://developer.mozilla.org/en-US/docs/Web/HTTP/Status/403",2026-07-18T18:57:57.109938
lettresfrancaises,bd6t57800b,,failed,0,0,,http_manifest,known,403,manifest,"Client error '403 ' for url 'https://openapiproext.bnf.fr/iiif/presentation/v3/ark:/12148/bd6t57800b/manifest.json'
For more information check: https://developer.mozilla.org/en-US/docs/Web/HTTP/Status/403",2026-07-18T18:57:58.344720
lettresfrancaises,bd6t57801n,,failed,0,0,,http_manifest,known,403,manifest,"Client error '403 ' for url 'https://openapiproext.bnf.fr/iiif/presentation/v3/ark:/12148/bd6t57801n/manifest.json'
For more information check: https://developer.mozilla.org/en-US/docs/Web/HTTP/Status/403",2026-07-18T18:57:59.516889
lettresfrancaises,bd6t57802z,,failed,0,0,,http_manifest,known,403,manifest,"Client error '403 ' for url 'https://openapiproext.bnf.fr/iiif/presentation/v3/ark:/12148/bd6t57802z/manifest.json'
For more information check: https://developer.mozilla.org/en-US/docs/Web/HTTP/Status/403",2026-07-18T18:58:00.790691
lettresfrancaises,bd6t578038,,failed,0,0,,http_manifest,known,403,manifest,"Client error '403 ' for url 'https://openapiproext.bnf.fr/iiif/presentation/v3/ark:/12148/bd6t578038/manifest.json'
For more information check: https://developer.mozilla.org/en-US/docs/Web/HTTP/Status/403",2026-07-18T18:58:01.913887
lettresfrancaises,bd6t57804k,,failed,0,0,,http_manifest,known,403,manifest,"Client error '403 ' for url 'https://openapiproext.bnf.fr/iiif/presentation/v3/ark:/12148/bd6t57804k/manifest.json'
For more information check: https://developer.mozilla.org/en-US/docs/Web/HTTP/Status/403",2026-07-18T18:58:03.126071
lettresfrancaises,bd6t57805w,,failed,0,0,,http_manifest,known,403,manifest,"Client error '403 ' for url 'https://openapiproext.bnf.fr/iiif/presentation/v3/ark:/12148/bd6t57805w/manifest.json'
For more information check: https://developer.mozilla.org/en-US/docs/Web/HTTP/Status/403",2026-07-18T18:58:04.344938
lettresfrancaises,bd6t578066,,failed,0,0,,http_manifest,known,403,manifest,"Client error '403 ' for url 'https://openapiproext.bnf.fr/iiif/presentation/v3/ark:/12148/bd6t578066/manifest.json'
For more information check: https://developer.mozilla.org/en-US/docs/Web/HTTP/Status/403",2026-07-18T18:58:05.519018
lettresfrancaises,bd6t57807h,,failed,0,0,,http_manifest,known,403,manifest,"Client error '403 ' for url 'https://openapiproext.bnf.fr/iiif/presentation/v3/ark:/12148/bd6t57807h/manifest.json'
For more information check: https://developer.mozilla.org/en-US/docs/Web/HTTP/Status/403",2026-07-18T18:58:06.870290
lettresfrancaises,bd6t57808t,,failed,0,0,,http_manifest,known,403,manifest,"Client error '403 ' for url 'https://openapiproext.bnf.fr/iiif/presentation/v3/ark:/12148/bd6t57808t/manifest.json'
For more information check: https://developer.mozilla.org/en-US/docs/Web/HTTP/Status/403",2026-07-18T18:58:08.048460
lettresfrancaises,bd6t578094,,failed,0,0,,http_manifest,known,403,manifest,"Client error '403 ' for url 'https://openapiproext.bnf.fr/iiif/presentation/v3/ark:/12148/bd6t578094/manifest.json'
For more information check: https://developer.mozilla.org/en-US/docs/Web/HTTP/Status/403",2026-07-18T18:58:09.212023
lettresfrancaises,bd6t57810m,,failed,0,0,,http_manifest,known,403,manifest,"Client error '403 ' for url 'https://openapiproext.bnf.fr/iiif/presentation/v3/ark:/12148/bd6t57810m/manifest.json'
For more information check: https://developer.mozilla.org/en-US/docs/Web/HTTP/Status/403",2026-07-18T18:58:10.380738
lettresfrancaises,bd6t57811x,,failed,0,0,,http_manifest,known,403,manifest,"Client error '403 ' for url 'https://openapiproext.bnf.fr/iiif/presentation/v3/ark:/12148/bd6t57811x/manifest.json'
For more information check: https://developer.mozilla.org/en-US/docs/Web/HTTP/Status/403",2026-07-18T18:58:11.550110
lettresfrancaises,bd6t578127,,failed,0,0,,http_manifest,known,403,manifest,"Client error '403 ' for url 'https://openapiproext.bnf.fr/iiif/presentation/v3/ark:/12148/bd6t578127/manifest.json'
For more information check: https://developer.mozilla.org/en-US/docs/Web/HTTP/Status/403",2026-07-18T18:58:12.895431
lettresfrancaises,bd6t57813j,,failed,0,0,,http_manifest,known,403,manifest,"Client error '403 ' for url 'https://openapiproext.bnf.fr/iiif/presentation/v3/ark:/12148/bd6t57813j/manifest.json'
For more information check: https://developer.mozilla.org/en-US/docs/Web/HTTP/Status/403",2026-07-18T18:58:14.015656
lettresfrancaises,bd6t57814v,,failed,0,0,,http_manifest,known,403,manifest,"Client error '403 ' for url 'https://openapiproext.bnf.fr/iiif/presentation/v3/ark:/12148/bd6t57814v/manifest.json'
For more information check: https://developer.mozilla.org/en-US/docs/Web/HTTP/Status/403",2026-07-18T18:58:15.133133
lettresfrancaises,bd6t578155,,failed,0,0,,http_manifest,known,403,manifest,"Client error '403 ' for url 'https://openapiproext.bnf.fr/iiif/presentation/v3/ark:/12148/bd6t578155/manifest.json'
For more information check: https://developer.mozilla.org/en-US/docs/Web/HTTP/Status/403",2026-07-18T18:58:16.338317
lettresfrancaises,bd6t57816g,,failed,0,0,,http_manifest,known,403,manifest,"Client error '403 ' for url 'https://openapiproext.bnf.fr/iiif/presentation/v3/ark:/12148/bd6t57816g/manifest.json'
For more information check: https://developer.mozilla.org/en-US/docs/Web/HTTP/Status/403",2026-07-18T18:58:17.540187
lettresfrancaises,bd6t57817s,,failed,0,0,,http_manifest,known,403,manifest,"Client error '403 ' for url 'https://openapiproext.bnf.fr/iiif/presentation/v3/ark:/12148/bd6t57817s/manifest.json'
For more information check: https://developer.mozilla.org/en-US/docs/Web/HTTP/Status/403",2026-07-18T18:58:18.737239
lettresfrancaises,bd6t578183,,failed,0,0,,http_manifest,known,403,manifest,"Client error '403 ' for url 'https://openapiproext.bnf.fr/iiif/presentation/v3/ark:/12148/bd6t578183/manifest.json'
For more information check: https://developer.mozilla.org/en-US/docs/Web/HTTP/Status/403",2026-07-18T18:58:19.938872
lettresfrancaises,bd6t57819d,,failed,0,0,,http_manifest,known,403,manifest,"Client error '403 ' for url 'https://openapiproext.bnf.fr/iiif/presentation/v3/ark:/12148/bd6t57819d/manifest.json'
For more information check: https://developer.mozilla.org/en-US/docs/Web/HTTP/Status/403",2026-07-18T18:58:21.153713
lettresfrancaises,bd6t57820w,,failed,0,0,,http_manifest,known,403,manifest,"Client error '403 ' for url 'https://openapiproext.bnf.fr/iiif/presentation/v3/ark:/12148/bd6t57820w/manifest.json'
For more information check: https://developer.mozilla.org/en-US/docs/Web/HTTP/Status/403",2026-07-18T18:58:22.364376
lettresfrancaises,bd6t578216,,failed,0,0,,http_manifest,known,403,manifest,"Client error '403 ' for url 'https://openapiproext.bnf.fr/iiif/presentation/v3/ark:/12148/bd6t578216/manifest.json'
For more information check: https://developer.mozilla.org/en-US/docs/Web/HTTP/Status/403",2026-07-18T18:58:23.699959
lettresfrancaises,bd6t57822h,,failed,0,0,,http_manifest,known,403,manifest,"Client error '403 ' for url 'https://openapiproext.bnf.fr/iiif/presentation/v3/ark:/12148/bd6t57822h/manifest.json'
For more information check: https://developer.mozilla.org/en-US/docs/Web/HTTP/Status/403",2026-07-18T18:58:24.790054
lettresfrancaises,bd6t57823t,,failed,0,0,,http_manifest,known,403,manifest,"Client error '403 ' for url 'https://openapiproext.bnf.fr/iiif/presentation/v3/ark:/12148/bd6t57823t/manifest.json'
For more information check: https://developer.mozilla.org/en-US/docs/Web/HTTP/Status/403",2026-07-18T18:58:25.946836
lettresfrancaises,bd6t578244,,failed,0,0,,http_manifest,known,403,manifest,"Client error '403 ' for url 'https://openapiproext.bnf.fr/iiif/presentation/v3/ark:/12148/bd6t578244/manifest.json'
For more information check: https://developer.mozilla.org/en-US/docs/Web/HTTP/Status/403",2026-07-18T18:58:27.148590
lettresfrancaises,bd6t57825f,,failed,0,0,,http_manifest,known,403,manifest,"Client error '403 ' for url 'https://openapiproext.bnf.fr/iiif/presentation/v3/ark:/12148/bd6t57825f/manifest.json'
For more information check: https://developer.mozilla.org/en-US/docs/Web/HTTP/Status/403",2026-07-18T18:58:28.350653
lettresfrancaises,bd6t57826r,,failed,0,0,,http_manifest,known,403,manifest,"Client error '403 ' for url 'https://openapiproext.bnf.fr/iiif/presentation/v3/ark:/12148/bd6t57826r/manifest.json'
For more information check: https://developer.mozilla.org/en-US/docs/Web/HTTP/Status/403",2026-07-18T18:58:29.550080
lettresfrancaises,bd6t578272,,failed,0,0,,http_manifest,known,403,manifest,"Client error '403 ' for url 'https://openapiproext.bnf.fr/iiif/presentation/v3/ark:/12148/bd6t578272/manifest.json'
For more information check: https://developer.mozilla.org/en-US/docs/Web/HTTP/Status/403",2026-07-18T18:58:30.754951
lettresfrancaises,bd6t57828c,,failed,0,0,,http_manifest,known,403,manifest,"Client error '403 ' for url 'https://openapiproext.bnf.fr/iiif/presentation/v3/ark:/12148/bd6t57828c/manifest.json'
For more information check: https://developer.mozilla.org/en-US/docs/Web/HTTP/Status/403",2026-07-18T18:58:31.956124
lettresfrancaises,bd6t57829p,,failed,0,0,,http_manifest,known,403,manifest,"Client error '403 ' for url 'https://openapiproext.bnf.fr/iiif/presentation/v3/ark:/12148/bd6t57829p/manifest.json'
For more information check: https://developer.mozilla.org/en-US/docs/Web/HTTP/Status/403",2026-07-18T18:58:33.161585
lettresfrancaises,bd6t578305,,failed,0,0,,http_manifest,known,403,manifest,"Client error '403 ' for url 'https://openapiproext.bnf.fr/iiif/presentation/v3/ark:/12148/bd6t578305/manifest.json'
For more information check: https://developer.mozilla.org/en-US/docs/Web/HTTP/Status/403",2026-07-18T18:58:34.387923
lettresfrancaises,bd6t57831g,,failed,0,0,,http_manifest,known,403,manifest,"Client error '403 ' for url 'https://openapiproext.bnf.fr/iiif/presentation/v3/ark:/12148/bd6t57831g/manifest.json'
For more information check: https://developer.mozilla.org/en-US/docs/Web/HTTP/Status/403",2026-07-18T18:58:35.556585
lettresfrancaises,bd6t57832s,,failed,0,0,,http_manifest,known,403,manifest,"Client error '403 ' for url 'https://openapiproext.bnf.fr/iiif/presentation/v3/ark:/12148/bd6t57832s/manifest.json'
For more information check: https://developer.mozilla.org/en-US/docs/Web/HTTP/Status/403",2026-07-18T18:58:36.759891
lettresfrancaises,bd6t578333,,failed,0,0,,http_manifest,known,403,manifest,"Client error '403 ' for url 'https://openapiproext.bnf.fr/iiif/presentation/v3/ark:/12148/bd6t578333/manifest.json'
For more information check: https://developer.mozilla.org/en-US/docs/Web/HTTP/Status/403",2026-07-18T18:58:37.960386
lettresfrancaises,bd6t57834d,,failed,0,0,,http_manifest,known,403,manifest,"Client error '403 ' for url 'https://openapiproext.bnf.fr/iiif/presentation/v3/ark:/12148/bd6t57834d/manifest.json'
For more information check: https://developer.mozilla.org/en-US/docs/Web/HTTP/Status/403",2026-07-18T18:58:39.163747
lettresfrancaises,bd6t57835q,,failed,0,0,,http_manifest,known,403,manifest,"Client error '403 ' for url 'https://openapiproext.bnf.fr/iiif/presentation/v3/ark:/12148/bd6t57835q/manifest.json'
For more information check: https://developer.mozilla.org/en-US/docs/Web/HTTP/Status/403",2026-07-18T18:58:40.385710
lettresfrancaises,bd6t578361,,failed,0,0,,http_manifest,known,403,manifest,"Client error '403 ' for url 'https://openapiproext.bnf.fr/iiif/presentation/v3/ark:/12148/bd6t578361/manifest.json'
For more information check: https://developer.mozilla.org/en-US/docs/Web/HTTP/Status/403",2026-07-18T18:58:41.566629
lettresfrancaises,bd6t57837b,,failed,0,0,,http_manifest,known,403,manifest,"Client error '403 ' for url 'https://openapiproext.bnf.fr/iiif/presentation/v3/ark:/12148/bd6t57837b/manifest.json'
For more information check: https://developer.mozilla.org/en-US/docs/Web/HTTP/Status/403",2026-07-18T18:58:42.768315
lettresfrancaises,bd6t57838n,,failed,0,0,,http_manifest,known,403,manifest,"Client error '403 ' for url 'https://openapiproext.bnf.fr/iiif/presentation/v3/ark:/12148/bd6t57838n/manifest.json'
For more information check: https://developer.mozilla.org/en-US/docs/Web/HTTP/Status/403",2026-07-18T18:58:43.970557
lettresfrancaises,bd6t57839z,,failed,0,0,,http_manifest,known,403,manifest,"Client error '403 ' for url 'https://openapiproext.bnf.fr/iiif/presentation/v3/ark:/12148/bd6t57839z/manifest.json'
For more information check: https://developer.mozilla.org/en-US/docs/Web/HTTP/Status/403",2026-07-18T18:58:45.174127
lettresfrancaises,bd6t57840f,,failed,0,0,,http_manifest,known,403,manifest,"Client error '403 ' for url 'https://openapiproext.bnf.fr/iiif/presentation/v3/ark:/12148/bd6t57840f/manifest.json'
For more information check: https://developer.mozilla.org/en-US/docs/Web/HTTP/Status/403",2026-07-18T18:58:46.376952
lettresfrancaises,bd6t57841r,,failed,0,0,,http_manifest,known,403,manifest,"Client error '403 ' for url 'https://openapiproext.bnf.fr/iiif/presentation/v3/ark:/12148/bd6t57841r/manifest.json'
For more information check: https://developer.mozilla.org/en-US/docs/Web/HTTP/Status/403",2026-07-18T18:58:47.575917
lettresfrancaises,bd6t578422,,failed,0,0,,http_manifest,known,403,manifest,"Client error '403 ' for url 'https://openapiproext.bnf.fr/iiif/presentation/v3/ark:/12148/bd6t578422/manifest.json'
For more information check: https://developer.mozilla.org/en-US/docs/Web/HTTP/Status/403",2026-07-18T18:58:48.774162
lettresfrancaises,bd6t57843c,,failed,0,0,,http_manifest,known,403,manifest,"Client error '403 ' for url 'https://openapiproext.bnf.fr/iiif/presentation/v3/ark:/12148/bd6t57843c/manifest.json'
For more information check: https://developer.mozilla.org/en-US/docs/Web/HTTP/Status/403",2026-07-18T18:58:49.975970
lettresfrancaises,bd6t57844p,,failed,0,0,,http_manifest,known,403,manifest,"Client error '403 ' for url 'https://openapiproext.bnf.fr/iiif/presentation/v3/ark:/12148/bd6t57844p/manifest.json'
For more information check: https://developer.mozilla.org/en-US/docs/Web/HTTP/Status/403",2026-07-18T18:58:51.179416
lettresfrancaises,bd6t578450,,failed,0,0,,http_manifest,known,403,manifest,"Client error '403 ' for url 'https://openapiproext.bnf.fr/iiif/presentation/v3/ark:/12148/bd6t578450/manifest.json'
For more information check: https://developer.mozilla.org/en-US/docs/Web/HTTP/Status/403",2026-07-18T18:58:52.395145
lettresfrancaises,bd6t578469,,failed,0,0,,http_manifest,known,403,manifest,"Client error '403 ' for url 'https://openapiproext.bnf.fr/iiif/presentation/v3/ark:/12148/bd6t578469/manifest.json'
For more information check: https://developer.mozilla.org/en-US/docs/Web/HTTP/Status/403",2026-07-18T18:58:53.580866
lettresfrancaises,bd6t57847m,,failed,0,0,,http_manifest,known,403,manifest,"Client error '403 ' for url 'https://openapiproext.bnf.fr/iiif/presentation/v3/ark:/12148/bd6t57847m/manifest.json'
For more information check: https://developer.mozilla.org/en-US/docs/Web/HTTP/Status/403",2026-07-18T18:58:54.783962
lettresfrancaises,bd6t57848x,,failed,0,0,,http_manifest,known,403,manifest,"Client error '403 ' for url 'https://openapiproext.bnf.fr/iiif/presentation/v3/ark:/12148/bd6t57848x/manifest.json'
For more information check: https://developer.mozilla.org/en-US/docs/Web/HTTP/Status/403",2026-07-18T18:58:55.981197
lettresfrancaises,bd6t578497,,failed,0,0,,http_manifest,known,403,manifest,"Client error '403 ' for url 'https://openapiproext.bnf.fr/iiif/presentation/v3/ark:/12148/bd6t578497/manifest.json'
For more information check: https://developer.mozilla.org/en-US/docs/Web/HTTP/Status/403",2026-07-18T18:58:57.188102
lettresfrancaises,bd6t57487r,,failed,0,0,,http_manifest,known,403,manifest,"Client error '403 ' for url 'https://openapiproext.bnf.fr/iiif/presentation/v3/ark:/12148/bd6t57487r/manifest.json'
For more information check: https://developer.mozilla.org/en-US/docs/Web/HTTP/Status/403",2026-07-18T18:58:58.386623
lettresfrancaises,bd6t574882,,failed,0,0,,http_manifest,known,403,manifest,"Client error '403 ' for url 'https://openapiproext.bnf.fr/iiif/presentation/v3/ark:/12148/bd6t574882/manifest.json'
For more information check: https://developer.mozilla.org/en-US/docs/Web/HTTP/Status/403",2026-07-18T18:58:59.586070
lettresfrancaises,bd6t57489c,,failed,0,0,,http_manifest,known,403,manifest,"Client error '403 ' for url 'https://openapiproext.bnf.fr/iiif/presentation/v3/ark:/12148/bd6t57489c/manifest.json'
For more information check: https://developer.mozilla.org/en-US/docs/Web/HTTP/Status/403",2026-07-18T18:59:00.824771
lettresfrancaises,bd6t57490v,,failed,0,0,,http_manifest,known,403,manifest,"Client error '403 ' for url 'https://openapiproext.bnf.fr/iiif/presentation/v3/ark:/12148/bd6t57490v/manifest.json'
For more information check: https://developer.mozilla.org/en-US/docs/Web/HTTP/Status/403",2026-07-18T18:59:01.991776
lettresfrancaises,bd6t574915,,failed,0,0,,http_manifest,known,403,manifest,"Client error '403 ' for url 'https://openapiproext.bnf.fr/iiif/presentation/v3/ark:/12148/bd6t574915/manifest.json'
For more information check: https://developer.mozilla.org/en-US/docs/Web/HTTP/Status/403",2026-07-18T18:59:03.195202
lettresfrancaises,bd6t57492g,,failed,0,0,,http_manifest,known,403,manifest,"Client error '403 ' for url 'https://openapiproext.bnf.fr/iiif/presentation/v3/ark:/12148/bd6t57492g/manifest.json'
For more information check: https://developer.mozilla.org/en-US/docs/Web/HTTP/Status/403",2026-07-18T18:59:04.422814
lettresfrancaises,bd6t57493s,,failed,0,0,,http_manifest,known,403,manifest,"Client error '403 ' for url 'https://openapiproext.bnf.fr/iiif/presentation/v3/ark:/12148/bd6t57493s/manifest.json'
For more information check: https://developer.mozilla.org/en-US/docs/Web/HTTP/Status/403",2026-07-18T18:59:05.595255
lettresfrancaises,bd6t574943,,failed,0,0,,http_manifest,known,403,manifest,"Client error '403 ' for url 'https://openapiproext.bnf.fr/iiif/presentation/v3/ark:/12148/bd6t574943/manifest.json'
For more information check: https://developer.mozilla.org/en-US/docs/Web/HTTP/Status/403",2026-07-18T18:59:06.841597
lettresfrancaises,bd6t57495d,,failed,0,0,,http_manifest,known,403,manifest,"Client error '403 ' for url 'https://openapiproext.bnf.fr/iiif/presentation/v3/ark:/12148/bd6t57495d/manifest.json'
For more information check: https://developer.mozilla.org/en-US/docs/Web/HTTP/Status/403",2026-07-18T18:59:08.009087
lettresfrancaises,bd6t57496q,,failed,0,0,,http_manifest,known,403,manifest,"Client error '403 ' for url 'https://openapiproext.bnf.fr/iiif/presentation/v3/ark:/12148/bd6t57496q/manifest.json'
For more information check: https://developer.mozilla.org/en-US/docs/Web/HTTP/Status/403",2026-07-18T18:59:09.385385
lettresfrancaises,bd6t574971,,failed,0,0,,http_manifest,known,403,manifest,"Client error '403 ' for url 'https://openapiproext.bnf.fr/iiif/presentation/v3/ark:/12148/bd6t574971/manifest.json'
For more information check: https://developer.mozilla.org/en-US/docs/Web/HTTP/Status/403",2026-07-18T18:59:10.435186
lettresfrancaises,bd6t57498b,,failed,0,0,,http_manifest,known,403,manifest,"Client error '403 ' for url 'https://openapiproext.bnf.fr/iiif/presentation/v3/ark:/12148/bd6t57498b/manifest.json'
For more information check: https://developer.mozilla.org/en-US/docs/Web/HTTP/Status/403",2026-07-18T18:59:11.602361
lettresfrancaises,bd6t57499n,,failed,0,0,,http_manifest,known,403,manifest,"Client error '403 ' for url 'https://openapiproext.bnf.fr/iiif/presentation/v3/ark:/12148/bd6t57499n/manifest.json'
For more information check: https://developer.mozilla.org/en-US/docs/Web/HTTP/Status/403",2026-07-18T18:59:12.984167
lettresfrancaises,bd6t57500m,,failed,0,0,,http_manifest,known,403,manifest,"Client error '403 ' for url 'https://openapiproext.bnf.fr/iiif/presentation/v3/ark:/12148/bd6t57500m/manifest.json'
For more information check: https://developer.mozilla.org/en-US/docs/Web/HTTP/Status/403",2026-07-18T18:59:14.110377
lettresfrancaises,bd6t57501x,,failed,0,0,,http_manifest,known,403,manifest,"Client error '403 ' for url 'https://openapiproext.bnf.fr/iiif/presentation/v3/ark:/12148/bd6t57501x/manifest.json'
For more information check: https://developer.mozilla.org/en-US/docs/Web/HTTP/Status/403",2026-07-18T18:59:15.210189
lettresfrancaises,bd6t575027,,failed,0,0,,http_manifest,known,403,manifest,"Client error '403 ' for url 'https://openapiproext.bnf.fr/iiif/presentation/v3/ark:/12148/bd6t575027/manifest.json'
For more information check: https://developer.mozilla.org/en-US/docs/Web/HTTP/Status/403",2026-07-18T18:59:16.453380
lettresfrancaises,bd6t57503j,,failed,0,0,,http_manifest,known,403,manifest,"Client error '403 ' for url 'https://openapiproext.bnf.fr/iiif/presentation/v3/ark:/12148/bd6t57503j/manifest.json'
For more information check: https://developer.mozilla.org/en-US/docs/Web/HTTP/Status/403",2026-07-18T18:59:17.615610
lettresfrancaises,bd6t57504v,,failed,0,0,,http_manifest,known,403,manifest,"Client error '403 ' for url 'https://openapiproext.bnf.fr/iiif/presentation/v3/ark:/12148/bd6t57504v/manifest.json'
For more information check: https://developer.mozilla.org/en-US/docs/Web/HTTP/Status/403",2026-07-18T18:59:19.014201
lettresfrancaises,bd6t575055,,failed,0,0,,http_manifest,known,403,manifest,"Client error '403 ' for url 'https://openapiproext.bnf.fr/iiif/presentation/v3/ark:/12148/bd6t575055/manifest.json'
For more information check: https://developer.mozilla.org/en-US/docs/Web/HTTP/Status/403",2026-07-18T18:59:20.015996
lettresfrancaises,bd6t57506g,,failed,0,0,,http_manifest,known,403,manifest,"Client error '403 ' for url 'https://openapiproext.bnf.fr/iiif/presentation/v3/ark:/12148/bd6t57506g/manifest.json'
For more information check: https://developer.mozilla.org/en-US/docs/Web/HTTP/Status/403",2026-07-18T18:59:21.223123
lettresfrancaises,bd6t57507s,,failed,0,0,,http_manifest,known,403,manifest,"Client error '403 ' for url 'https://openapiproext.bnf.fr/iiif/presentation/v3/ark:/12148/bd6t57507s/manifest.json'
For more information check: https://developer.mozilla.org/en-US/docs/Web/HTTP/Status/403",2026-07-18T18:59:22.438249
lettresfrancaises,bd6t575083,,failed,0,0,,http_manifest,known,403,manifest,"Client error '403 ' for url 'https://openapiproext.bnf.fr/iiif/presentation/v3/ark:/12148/bd6t575083/manifest.json'
For more information check: https://developer.mozilla.org/en-US/docs/Web/HTTP/Status/403",2026-07-18T18:59:23.743170
lettresfrancaises,bd6t57509d,,failed,0,0,,http_manifest,known,403,manifest,"Client error '403 ' for url 'https://openapiproext.bnf.fr/iiif/presentation/v3/ark:/12148/bd6t57509d/manifest.json'
For more information check: https://developer.mozilla.org/en-US/docs/Web/HTTP/Status/403",2026-07-18T18:59:24.821972
lettresfrancaises,bd6t57510w,,failed,0,0,,http_manifest,known,403,manifest,"Client error '403 ' for url 'https://openapiproext.bnf.fr/iiif/presentation/v3/ark:/12148/bd6t57510w/manifest.json'
For more information check: https://developer.mozilla.org/en-US/docs/Web/HTTP/Status/403",2026-07-18T18:59:26.023113
lettresfrancaises,bd6t575116,,failed,0,0,,http_manifest,known,403,manifest,"Client error '403 ' for url 'https://openapiproext.bnf.fr/iiif/presentation/v3/ark:/12148/bd6t575116/manifest.json'
For more information check: https://developer.mozilla.org/en-US/docs/Web/HTTP/Status/403",2026-07-18T18:59:27.225774
lettresfrancaises,bd6t57512h,,failed,0,0,,http_manifest,known,403,manifest,"Client error '403 ' for url 'https://openapiproext.bnf.fr/iiif/presentation/v3/ark:/12148/bd6t57512h/manifest.json'
For more information check: https://developer.mozilla.org/en-US/docs/Web/HTTP/Status/403",2026-07-18T18:59:28.433124
lettresfrancaises,bd6t57513t,,failed,0,0,,http_manifest,known,403,manifest,"Client error '403 ' for url 'https://openapiproext.bnf.fr/iiif/presentation/v3/ark:/12148/bd6t57513t/manifest.json'
For more information check: https://developer.mozilla.org/en-US/docs/Web/HTTP/Status/403",2026-07-18T18:59:29.634602
lettresfrancaises,bd6t575144,,failed,0,0,,http_manifest,known,403,manifest,"Client error '403 ' for url 'https://openapiproext.bnf.fr/iiif/presentation/v3/ark:/12148/bd6t575144/manifest.json'
For more information check: https://developer.mozilla.org/en-US/docs/Web/HTTP/Status/403",2026-07-18T18:59:30.833752
lettresfrancaises,bd6t57515f,,failed,0,0,,http_manifest,known,403,manifest,"Client error '403 ' for url 'https://openapiproext.bnf.fr/iiif/presentation/v3/ark:/12148/bd6t57515f/manifest.json'
For more information check: https://developer.mozilla.org/en-US/docs/Web/HTTP/Status/403",2026-07-18T18:59:32.029160
lettresfrancaises,bd6t57516r,,failed,0,0,,http_manifest,known,403,manifest,"Client error '403 ' for url 'https://openapiproext.bnf.fr/iiif/presentation/v3/ark:/12148/bd6t57516r/manifest.json'
For more information check: https://developer.mozilla.org/en-US/docs/Web/HTTP/Status/403",2026-07-18T18:59:33.231190
lettresfrancaises,bd6t575172,,failed,0,0,,http_manifest,known,403,manifest,"Client error '403 ' for url 'https://openapiproext.bnf.fr/iiif/presentation/v3/ark:/12148/bd6t575172/manifest.json'
For more information check: https://developer.mozilla.org/en-US/docs/Web/HTTP/Status/403",2026-07-18T18:59:34.458994
lettresfrancaises,bd6t57518c,,failed,0,0,,http_manifest,known,403,manifest,"Client error '403 ' for url 'https://openapiproext.bnf.fr/iiif/presentation/v3/ark:/12148/bd6t57518c/manifest.json'
For more information check: https://developer.mozilla.org/en-US/docs/Web/HTTP/Status/403",2026-07-18T18:59:35.634369
lettresfrancaises,bd6t57519p,,failed,0,0,,http_manifest,known,403,manifest,"Client error '403 ' for url 'https://openapiproext.bnf.fr/iiif/presentation/v3/ark:/12148/bd6t57519p/manifest.json'
For more information check: https://developer.mozilla.org/en-US/docs/Web/HTTP/Status/403",2026-07-18T18:59:36.836508
lettresfrancaises,bd6t575205,,failed,0,0,,http_manifest,known,403,manifest,"Client error '403 ' for url 'https://openapiproext.bnf.fr/iiif/presentation/v3/ark:/12148/bd6t575205/manifest.json'
For more information check: https://developer.mozilla.org/en-US/docs/Web/HTTP/Status/403",2026-07-18T18:59:38.037994
lettresfrancaises,bd6t57521g,,failed,0,0,,http_manifest,known,403,manifest,"Client error '403 ' for url 'https://openapiproext.bnf.fr/iiif/presentation/v3/ark:/12148/bd6t57521g/manifest.json'
For more information check: https://developer.mozilla.org/en-US/docs/Web/HTTP/Status/403",2026-07-18T18:59:39.248620
lettresfrancaises,bd6t57522s,,failed,0,0,,http_manifest,known,403,manifest,"Client error '403 ' for url 'https://openapiproext.bnf.fr/iiif/presentation/v3/ark:/12148/bd6t57522s/manifest.json'
For more information check: https://developer.mozilla.org/en-US/docs/Web/HTTP/Status/403",2026-07-18T18:59:40.462148
lettresfrancaises,bd6t575233,,failed,0,0,,http_manifest,known,403,manifest,"Client error '403 ' for url 'https://openapiproext.bnf.fr/iiif/presentation/v3/ark:/12148/bd6t575233/manifest.json'
For more information check: https://developer.mozilla.org/en-US/docs/Web/HTTP/Status/403",2026-07-18T18:59:41.641881
lettresfrancaises,bd6t57524d,,failed,0,0,,http_manifest,known,403,manifest,"Client error '403 ' for url 'https://openapiproext.bnf.fr/iiif/presentation/v3/ark:/12148/bd6t57524d/manifest.json'
For more information check: https://developer.mozilla.org/en-US/docs/Web/HTTP/Status/403",2026-07-18T18:59:42.842559
liberation,bpt6k4156557s,,failed,0,0,,http_manifest,known,403,manifest,"Client error '403 ' for url 'https://openapiproext.bnf.fr/iiif/presentation/v3/ark:/12148/bpt6k4156557s/manifest.json'
For more information check: https://developer.mozilla.org/en-US/docs/Web/HTTP/Status/403",2026-07-18T20:14:10.687180
liberation,bpt6k41565586,,failed,0,0,,http_manifest,known,403,manifest,"Client error '403 ' for url 'https://openapiproext.bnf.fr/iiif/presentation/v3/ark:/12148/bpt6k41565586/manifest.json'
For more information check: https://developer.mozilla.org/en-US/docs/Web/HTTP/Status/403",2026-07-18T20:14:11.831466
liberation,bpt6k4156559m,,failed,0,0,,http_manifest,known,403,manifest,"Client error '403 ' for url 'https://openapiproext.bnf.fr/iiif/presentation/v3/ark:/12148/bpt6k4156559m/manifest.json'
For more information check: https://developer.mozilla.org/en-US/docs/Web/HTTP/Status/403",2026-07-18T20:14:13.269508
liberation,bpt6k41565608,,failed,0,0,,http_manifest,known,403,manifest,"Client error '403 ' for url 'https://openapiproext.bnf.fr/iiif/presentation/v3/ark:/12148/bpt6k41565608/manifest.json'
For more information check: https://developer.mozilla.org/en-US/docs/Web/HTTP/Status/403",2026-07-18T20:14:14.382359
liberation,bpt6k4156561p,,failed,0,0,,http_manifest,known,403,manifest,"Client error '403 ' for url 'https://openapiproext.bnf.fr/iiif/presentation/v3/ark:/12148/bpt6k4156561p/manifest.json'
For more information check: https://developer.mozilla.org/en-US/docs/Web/HTTP/Status/403",2026-07-18T20:14:15.618398
liberation,bpt6k41565623,,failed,0,0,,http_manifest,known,403,manifest,"Client error '403 ' for url 'https://openapiproext.bnf.fr/iiif/presentation/v3/ark:/12148/bpt6k41565623/manifest.json'
For more information check: https://developer.mozilla.org/en-US/docs/Web/HTTP/Status/403",2026-07-18T20:14:16.664378
liberation,bpt6k4156563h,,failed,0,0,,http_manifest,known,403,manifest,"Client error '403 ' for url 'https://openapiproext.bnf.fr/iiif/presentation/v3/ark:/12148/bpt6k4156563h/manifest.json'
For more information check: https://developer.mozilla.org/en-US/docs/Web/HTTP/Status/403",2026-07-18T20:14:17.845169
liberation,bpt6k4156564x,,failed,0,0,,http_manifest,known,403,manifest,"Client error '403 ' for url 'https://openapiproext.bnf.fr/iiif/presentation/v3/ark:/12148/bpt6k4156564x/manifest.json'
For more information check: https://developer.mozilla.org/en-US/docs/Web/HTTP/Status/403",2026-07-18T20:14:19.080418
liberation,bpt6k4156565b,,failed,0,0,,http_manifest,known,403,manifest,"Client error '403 ' for url 'https://openapiproext.bnf.fr/iiif/presentation/v3/ark:/12148/bpt6k4156565b/manifest.json'
For more information check: https://developer.mozilla.org/en-US/docs/Web/HTTP/Status/403",2026-07-18T20:14:20.258009
liberation,bpt6k4156566r,,failed,0,0,,http_manifest,known,403,manifest,"Client error '403 ' for url 'https://openapiproext.bnf.fr/iiif/presentation/v3/ark:/12148/bpt6k4156566r/manifest.json'
For more information check: https://developer.mozilla.org/en-US/docs/Web/HTTP/Status/403",2026-07-18T20:14:21.466226
liberation,bpt6k41565675,,failed,0,0,,http_manifest,known,403,manifest,"Client error '403 ' for url 'https://openapiproext.bnf.fr/iiif/presentation/v3/ark:/12148/bpt6k41565675/manifest.json'
For more information check: https://developer.mozilla.org/en-US/docs/Web/HTTP/Status/403",2026-07-18T20:14:22.660860
liberation,bpt6k4156568k,,failed,0,0,,http_manifest,known,403,manifest,"Client error '403 ' for url 'https://openapiproext.bnf.fr/iiif/presentation/v3/ark:/12148/bpt6k4156568k/manifest.json'
For more information check: https://developer.mozilla.org/en-US/docs/Web/HTTP/Status/403",2026-07-18T20:14:23.864235
liberation,bpt6k41565690,,failed,0,0,,http_manifest,known,403,manifest,"Client error '403 ' for url 'https://openapiproext.bnf.fr/iiif/presentation/v3/ark:/12148/bpt6k41565690/manifest.json'
For more information check: https://developer.mozilla.org/en-US/docs/Web/HTTP/Status/403",2026-07-18T20:14:25.053098
liberation,bpt6k4156570n,,failed,0,0,,http_manifest,known,403,manifest,"Client error '403 ' for url 'https://openapiproext.bnf.fr/iiif/presentation/v3/ark:/12148/bpt6k4156570n/manifest.json'
For more information check: https://developer.mozilla.org/en-US/docs/Web/HTTP/Status/403",2026-07-18T20:14:26.259157
liberation,bpt6k41565712,,failed,0,0,,http_manifest,known,403,manifest,"Client error '403 ' for url 'https://openapiproext.bnf.fr/iiif/presentation/v3/ark:/12148/bpt6k41565712/manifest.json'
For more information check: https://developer.mozilla.org/en-US/docs/Web/HTTP/Status/403",2026-07-18T20:14:27.481374
liberation,bpt6k4156572g,,failed,0,0,,http_manifest,known,403,manifest,"Client error '403 ' for url 'https://openapiproext.bnf.fr/iiif/presentation/v3/ark:/12148/bpt6k4156572g/manifest.json'
For more information check: https://developer.mozilla.org/en-US/docs/Web/HTTP/Status/403",2026-07-18T20:14:28.646138
liberation,bpt6k4156573w,,failed,0,0,,http_manifest,known,403,manifest,"Client error '403 ' for url 'https://openapiproext.bnf.fr/iiif/presentation/v3/ark:/12148/bpt6k4156573w/manifest.json'
For more information check: https://developer.mozilla.org/en-US/docs/Web/HTTP/Status/403",2026-07-18T20:14:29.852442
liberation,bpt6k41565749,,failed,0,0,,http_manifest,known,403,manifest,"Client error '403 ' for url 'https://openapiproext.bnf.fr/iiif/presentation/v3/ark:/12148/bpt6k41565749/manifest.json'
For more information check: https://developer.mozilla.org/en-US/docs/Web/HTTP/Status/403",2026-07-18T20:14:31.077032
liberation,bpt6k4156575q,,failed,0,0,,http_manifest,known,403,manifest,"Client error '403 ' for url 'https://openapiproext.bnf.fr/iiif/presentation/v3/ark:/12148/bpt6k4156575q/manifest.json'
For more information check: https://developer.mozilla.org/en-US/docs/Web/HTTP/Status/403",2026-07-18T20:14:32.263444
liberation,bpt6k41565764,,failed,0,0,,http_manifest,known,403,manifest,"Client error '403 ' for url 'https://openapiproext.bnf.fr/iiif/presentation/v3/ark:/12148/bpt6k41565764/manifest.json'
For more information check: https://developer.mozilla.org/en-US/docs/Web/HTTP/Status/403",2026-07-18T20:14:33.458799
liberation,bpt6k4156577j,,failed,0,0,,http_manifest,known,403,manifest,"Client error '403 ' for url 'https://openapiproext.bnf.fr/iiif/presentation/v3/ark:/12148/bpt6k4156577j/manifest.json'
For more information check: https://developer.mozilla.org/en-US/docs/Web/HTTP/Status/403",2026-07-18T20:14:34.661529
liberation,bpt6k4156578z,,failed,0,0,,http_manifest,known,403,manifest,"Client error '403 ' for url 'https://openapiproext.bnf.fr/iiif/presentation/v3/ark:/12148/bpt6k4156578z/manifest.json'
For more information check: https://developer.mozilla.org/en-US/docs/Web/HTTP/Status/403",2026-07-18T20:14:35.881756
liberation,bpt6k4156579c,,failed,0,0,,http_manifest,known,403,manifest,"Client error '403 ' for url 'https://openapiproext.bnf.fr/iiif/presentation/v3/ark:/12148/bpt6k4156579c/manifest.json'
For more information check: https://developer.mozilla.org/en-US/docs/Web/HTTP/Status/403",2026-07-18T20:14:37.081256
liberation,bpt6k41565801,,failed,0,0,,http_manifest,known,403,manifest,"Client error '403 ' for url 'https://openapiproext.bnf.fr/iiif/presentation/v3/ark:/12148/bpt6k41565801/manifest.json'
For more information check: https://developer.mozilla.org/en-US/docs/Web/HTTP/Status/403",2026-07-18T20:14:38.260092
liberation,bpt6k4156581f,,failed,0,0,,http_manifest,known,403,manifest,"Client error '403 ' for url 'https://openapiproext.bnf.fr/iiif/presentation/v3/ark:/12148/bpt6k4156581f/manifest.json'
For more information check: https://developer.mozilla.org/en-US/docs/Web/HTTP/Status/403",2026-07-18T20:14:39.472286
liberation,bpt6k4156582v,,failed,0,0,,http_manifest,known,403,manifest,"Client error '403 ' for url 'https://openapiproext.bnf.fr/iiif/presentation/v3/ark:/12148/bpt6k4156582v/manifest.json'
For more information check: https://developer.mozilla.org/en-US/docs/Web/HTTP/Status/403",2026-07-18T20:14:40.691763
liberation,bpt6k41565838,,failed,0,0,,http_manifest,known,403,manifest,"Client error '403 ' for url 'https://openapiproext.bnf.fr/iiif/presentation/v3/ark:/12148/bpt6k41565838/manifest.json'
For more information check: https://developer.mozilla.org/en-US/docs/Web/HTTP/Status/403",2026-07-18T20:14:41.907468
liberation,bpt6k4156584p,,failed,0,0,,http_manifest,known,403,manifest,"Client error '403 ' for url 'https://openapiproext.bnf.fr/iiif/presentation/v3/ark:/12148/bpt6k4156584p/manifest.json'
For more information check: https://developer.mozilla.org/en-US/docs/Web/HTTP/Status/403",2026-07-18T20:14:43.086110
liberation,bpt6k41565853,,failed,0,0,,http_manifest,known,403,manifest,"Client error '403 ' for url 'https://openapiproext.bnf.fr/iiif/presentation/v3/ark:/12148/bpt6k41565853/manifest.json'
For more information check: https://developer.mozilla.org/en-US/docs/Web/HTTP/Status/403",2026-07-18T20:14:44.295754
liberation,bpt6k4156586h,,failed,0,0,,http_manifest,known,403,manifest,"Client error '403 ' for url 'https://openapiproext.bnf.fr/iiif/presentation/v3/ark:/12148/bpt6k4156586h/manifest.json'
For more information check: https://developer.mozilla.org/en-US/docs/Web/HTTP/Status/403",2026-07-18T20:14:45.493962
liberation,bpt6k4156587x,,failed,0,0,,http_manifest,known,403,manifest,"Client error '403 ' for url 'https://openapiproext.bnf.fr/iiif/presentation/v3/ark:/12148/bpt6k4156587x/manifest.json'
For more information check: https://developer.mozilla.org/en-US/docs/Web/HTTP/Status/403",2026-07-18T20:14:46.673851
liberation,bpt6k4156588b,,failed,0,0,,http_manifest,known,403,manifest,"Client error '403 ' for url 'https://openapiproext.bnf.fr/iiif/presentation/v3/ark:/12148/bpt6k4156588b/manifest.json'
For more information check: https://developer.mozilla.org/en-US/docs/Web/HTTP/Status/403",2026-07-18T20:14:47.895164
liberation,bpt6k4156589r,,failed,0,0,,http_manifest,known,403,manifest,"Client error '403 ' for url 'https://openapiproext.bnf.fr/iiif/presentation/v3/ark:/12148/bpt6k4156589r/manifest.json'
For more information check: https://developer.mozilla.org/en-US/docs/Web/HTTP/Status/403",2026-07-18T20:14:49.091376
liberation,bpt6k4156590d,,failed,0,0,,http_manifest,known,403,manifest,"Client error '403 ' for url 'https://openapiproext.bnf.fr/iiif/presentation/v3/ark:/12148/bpt6k4156590d/manifest.json'
For more information check: https://developer.mozilla.org/en-US/docs/Web/HTTP/Status/403",2026-07-18T20:14:50.302072
liberation,bpt6k4156591t,,failed,0,0,,http_manifest,known,403,manifest,"Client error '403 ' for url 'https://openapiproext.bnf.fr/iiif/presentation/v3/ark:/12148/bpt6k4156591t/manifest.json'
For more information check: https://developer.mozilla.org/en-US/docs/Web/HTTP/Status/403",2026-07-18T20:14:51.485953
liberation,bpt6k41565927,,failed,0,0,,http_manifest,known,403,manifest,"Client error '403 ' for url 'https://openapiproext.bnf.fr/iiif/presentation/v3/ark:/12148/bpt6k41565927/manifest.json'
For more information check: https://developer.mozilla.org/en-US/docs/Web/HTTP/Status/403",2026-07-18T20:14:52.705793
liberation,bpt6k4156593n,,failed,0,0,,http_manifest,known,403,manifest,"Client error '403 ' for url 'https://openapiproext.bnf.fr/iiif/presentation/v3/ark:/12148/bpt6k4156593n/manifest.json'
For more information check: https://developer.mozilla.org/en-US/docs/Web/HTTP/Status/403",2026-07-18T20:14:53.895955
liberation,bpt6k41565942,,failed,0,0,,http_manifest,known,403,manifest,"Client error '403 ' for url 'https://openapiproext.bnf.fr/iiif/presentation/v3/ark:/12148/bpt6k41565942/manifest.json'
For more information check: https://developer.mozilla.org/en-US/docs/Web/HTTP/Status/403",2026-07-18T20:14:55.086573
liberation,bpt6k4156595g,,failed,0,0,,http_manifest,known,403,manifest,"Client error '403 ' for url 'https://openapiproext.bnf.fr/iiif/presentation/v3/ark:/12148/bpt6k4156595g/manifest.json'
For more information check: https://developer.mozilla.org/en-US/docs/Web/HTTP/Status/403",2026-07-18T20:14:56.287321
liberation,bpt6k4156596w,,failed,0,0,,http_manifest,known,403,manifest,"Client error '403 ' for url 'https://openapiproext.bnf.fr/iiif/presentation/v3/ark:/12148/bpt6k4156596w/manifest.json'
For more information check: https://developer.mozilla.org/en-US/docs/Web/HTTP/Status/403",2026-07-18T20:14:57.496835
liberation,bpt6k41565979,,failed,0,0,,http_manifest,known,403,manifest,"Client error '403 ' for url 'https://openapiproext.bnf.fr/iiif/presentation/v3/ark:/12148/bpt6k41565979/manifest.json'
For more information check: https://developer.mozilla.org/en-US/docs/Web/HTTP/Status/403",2026-07-18T20:14:58.715119
liberation,bpt6k4156598q,,failed,0,0,,http_manifest,known,403,manifest,"Client error '403 ' for url 'https://openapiproext.bnf.fr/iiif/presentation/v3/ark:/12148/bpt6k4156598q/manifest.json'
For more information check: https://developer.mozilla.org/en-US/docs/Web/HTTP/Status/403",2026-07-18T20:14:59.891522
liberation,bpt6k41565994,,failed,0,0,,http_manifest,known,403,manifest,"Client error '403 ' for url 'https://openapiproext.bnf.fr/iiif/presentation/v3/ark:/12148/bpt6k41565994/manifest.json'
For more information check: https://developer.mozilla.org/en-US/docs/Web/HTTP/Status/403",2026-07-18T20:15:01.105303
liberation,bpt6k4156600b,,failed,0,0,,http_manifest,known,403,manifest,"Client error '403 ' for url 'https://openapiproext.bnf.fr/iiif/presentation/v3/ark:/12148/bpt6k4156600b/manifest.json'
For more information check: https://developer.mozilla.org/en-US/docs/Web/HTTP/Status/403",2026-07-18T20:15:02.322842
liberation,bpt6k4156601r,,failed,0,0,,http_manifest,known,403,manifest,"Client error '403 ' for url 'https://openapiproext.bnf.fr/iiif/presentation/v3/ark:/12148/bpt6k4156601r/manifest.json'
For more information check: https://developer.mozilla.org/en-US/docs/Web/HTTP/Status/403",2026-07-18T20:15:03.519896
liberation,bpt6k41566025,,failed,0,0,,http_manifest,known,403,manifest,"Client error '403 ' for url 'https://openapiproext.bnf.fr/iiif/presentation/v3/ark:/12148/bpt6k41566025/manifest.json'
For more information check: https://developer.mozilla.org/en-US/docs/Web/HTTP/Status/403",2026-07-18T20:15:04.715445
liberation,bpt6k4156603k,,failed,0,0,,http_manifest,known,403,manifest,"Client error '403 ' for url 'https://openapiproext.bnf.fr/iiif/presentation/v3/ark:/12148/bpt6k4156603k/manifest.json'
For more information check: https://developer.mozilla.org/en-US/docs/Web/HTTP/Status/403",2026-07-18T20:15:05.924771
liberation,bpt6k41566040,,failed,0,0,,http_manifest,known,403,manifest,"Client error '403 ' for url 'https://openapiproext.bnf.fr/iiif/presentation/v3/ark:/12148/bpt6k41566040/manifest.json'
For more information check: https://developer.mozilla.org/en-US/docs/Web/HTTP/Status/403",2026-07-18T20:15:07.132520
liberation,bpt6k4156605d,,failed,0,0,,http_manifest,known,403,manifest,"Client error '403 ' for url 'https://openapiproext.bnf.fr/iiif/presentation/v3/ark:/12148/bpt6k4156605d/manifest.json'
For more information check: https://developer.mozilla.org/en-US/docs/Web/HTTP/Status/403",2026-07-18T20:15:08.524311
liberation,bpt6k4156606t,,failed,0,0,,http_manifest,known,403,manifest,"Client error '403 ' for url 'https://openapiproext.bnf.fr/iiif/presentation/v3/ark:/12148/bpt6k4156606t/manifest.json'
For more information check: https://developer.mozilla.org/en-US/docs/Web/HTTP/Status/403",2026-07-18T20:15:09.705515
liberation,bpt6k41566077,,failed,0,0,,http_manifest,known,403,manifest,"Client error '403 ' for url 'https://openapiproext.bnf.fr/iiif/presentation/v3/ark:/12148/bpt6k41566077/manifest.json'
For more information check: https://developer.mozilla.org/en-US/docs/Web/HTTP/Status/403",2026-07-18T20:15:10.804419
liberation,bpt6k4156608n,,failed,0,0,,http_manifest,known,403,manifest,"Client error '403 ' for url 'https://openapiproext.bnf.fr/iiif/presentation/v3/ark:/12148/bpt6k4156608n/manifest.json'
For more information check: https://developer.mozilla.org/en-US/docs/Web/HTTP/Status/403",2026-07-18T20:15:12.051532
liberation,bpt6k41566092,,failed,0,0,,http_manifest,known,403,manifest,"Client error '403 ' for url 'https://openapiproext.bnf.fr/iiif/presentation/v3/ark:/12148/bpt6k41566092/manifest.json'
For more information check: https://developer.mozilla.org/en-US/docs/Web/HTTP/Status/403",2026-07-18T20:15:13.134598
liberation,bpt6k4156610q,,failed,0,0,,http_manifest,known,403,manifest,"Client error '403 ' for url 'https://openapiproext.bnf.fr/iiif/presentation/v3/ark:/12148/bpt6k4156610q/manifest.json'
For more information check: https://developer.mozilla.org/en-US/docs/Web/HTTP/Status/403",2026-07-18T20:15:14.497594
liberation,bpt6k41566114,,failed,0,0,,http_manifest,known,403,manifest,"Client error '403 ' for url 'https://openapiproext.bnf.fr/iiif/presentation/v3/ark:/12148/bpt6k41566114/manifest.json'
For more information check: https://developer.mozilla.org/en-US/docs/Web/HTTP/Status/403",2026-07-18T20:15:15.545495
liberation,bpt6k4156612j,,failed,0,0,,http_manifest,known,403,manifest,"Client error '403 ' for url 'https://openapiproext.bnf.fr/iiif/presentation/v3/ark:/12148/bpt6k4156612j/manifest.json'
For more information check: https://developer.mozilla.org/en-US/docs/Web/HTTP/Status/403",2026-07-18T20:15:16.733561
liberation,bpt6k4156613z,,failed,0,0,,http_manifest,known,403,manifest,"Client error '403 ' for url 'https://openapiproext.bnf.fr/iiif/presentation/v3/ark:/12148/bpt6k4156613z/manifest.json'
For more information check: https://developer.mozilla.org/en-US/docs/Web/HTTP/Status/403",2026-07-18T20:15:17.943022
liberation,bpt6k4156614c,,failed,0,0,,http_manifest,known,403,manifest,"Client error '403 ' for url 'https://openapiproext.bnf.fr/iiif/presentation/v3/ark:/12148/bpt6k4156614c/manifest.json'
For more information check: https://developer.mozilla.org/en-US/docs/Web/HTTP/Status/403",2026-07-18T20:15:19.120981
liberation,bpt6k4156615s,,failed,0,0,,http_manifest,known,403,manifest,"Client error '403 ' for url 'https://openapiproext.bnf.fr/iiif/presentation/v3/ark:/12148/bpt6k4156615s/manifest.json'
For more information check: https://developer.mozilla.org/en-US/docs/Web/HTTP/Status/403",2026-07-18T20:15:20.520109
liberation,bpt6k41566166,,failed,0,0,,http_manifest,known,403,manifest,"Client error '403 ' for url 'https://openapiproext.bnf.fr/iiif/presentation/v3/ark:/12148/bpt6k41566166/manifest.json'
For more information check: https://developer.mozilla.org/en-US/docs/Web/HTTP/Status/403",2026-07-18T20:15:21.764898
liberation,bpt6k4156617m,,failed,0,0,,http_manifest,known,403,manifest,"Client error '403 ' for url 'https://openapiproext.bnf.fr/iiif/presentation/v3/ark:/12148/bpt6k4156617m/manifest.json'
For more information check: https://developer.mozilla.org/en-US/docs/Web/HTTP/Status/403",2026-07-18T20:15:22.738245
liberation,bpt6k41566181,,failed,0,0,,http_manifest,known,403,manifest,"Client error '403 ' for url 'https://openapiproext.bnf.fr/iiif/presentation/v3/ark:/12148/bpt6k41566181/manifest.json'
For more information check: https://developer.mozilla.org/en-US/docs/Web/HTTP/Status/403",2026-07-18T20:15:24.098570
liberation,bpt6k4156619f,,failed,0,0,,http_manifest,known,403,manifest,"Client error '403 ' for url 'https://openapiproext.bnf.fr/iiif/presentation/v3/ark:/12148/bpt6k4156619f/manifest.json'
For more information check: https://developer.mozilla.org/en-US/docs/Web/HTTP/Status/403",2026-07-18T20:15:25.262481
liberation,bpt6k41566203,,failed,0,0,,http_manifest,known,403,manifest,"Client error '403 ' for url 'https://openapiproext.bnf.fr/iiif/presentation/v3/ark:/12148/bpt6k41566203/manifest.json'
For more information check: https://developer.mozilla.org/en-US/docs/Web/HTTP/Status/403",2026-07-18T20:15:26.378265
liberation,bpt6k4156621h,,failed,0,0,,http_manifest,known,403,manifest,"Client error '403 ' for url 'https://openapiproext.bnf.fr/iiif/presentation/v3/ark:/12148/bpt6k4156621h/manifest.json'
For more information check: https://developer.mozilla.org/en-US/docs/Web/HTTP/Status/403",2026-07-18T20:15:27.562668
liberation,bpt6k4156622x,,failed,0,0,,http_manifest,known,403,manifest,"Client error '403 ' for url 'https://openapiproext.bnf.fr/iiif/presentation/v3/ark:/12148/bpt6k4156622x/manifest.json'
For more information check: https://developer.mozilla.org/en-US/docs/Web/HTTP/Status/403",2026-07-18T20:15:28.743223
liberation,bpt6k4156623b,,failed,0,0,,http_manifest,known,403,manifest,"Client error '403 ' for url 'https://openapiproext.bnf.fr/iiif/presentation/v3/ark:/12148/bpt6k4156623b/manifest.json'
For more information check: https://developer.mozilla.org/en-US/docs/Web/HTTP/Status/403",2026-07-18T20:15:29.949547
liberation,bpt6k4156624r,,failed,0,0,,http_manifest,known,403,manifest,"Client error '403 ' for url 'https://openapiproext.bnf.fr/iiif/presentation/v3/ark:/12148/bpt6k4156624r/manifest.json'
For more information check: https://developer.mozilla.org/en-US/docs/Web/HTTP/Status/403",2026-07-18T20:15:31.163074
liberation,bpt6k41566255,,failed,0,0,,http_manifest,known,403,manifest,"Client error '403 ' for url 'https://openapiproext.bnf.fr/iiif/presentation/v3/ark:/12148/bpt6k41566255/manifest.json'
For more information check: https://developer.mozilla.org/en-US/docs/Web/HTTP/Status/403",2026-07-18T20:15:32.361602
liberation,bpt6k4156626k,,failed,0,0,,http_manifest,known,403,manifest,"Client error '403 ' for url 'https://openapiproext.bnf.fr/iiif/presentation/v3/ark:/12148/bpt6k4156626k/manifest.json'
For more information check: https://developer.mozilla.org/en-US/docs/Web/HTTP/Status/403",2026-07-18T20:15:33.566436
liberation,bpt6k41566270,,failed,0,0,,http_manifest,known,403,manifest,"Client error '403 ' for url 'https://openapiproext.bnf.fr/iiif/presentation/v3/ark:/12148/bpt6k41566270/manifest.json'
For more information check: https://developer.mozilla.org/en-US/docs/Web/HTTP/Status/403",2026-07-18T20:15:34.766741
liberation,bpt6k4156628d,,failed,0,0,,http_manifest,known,403,manifest,"Client error '403 ' for url 'https://openapiproext.bnf.fr/iiif/presentation/v3/ark:/12148/bpt6k4156628d/manifest.json'
For more information check: https://developer.mozilla.org/en-US/docs/Web/HTTP/Status/403",2026-07-18T20:15:35.974778
liberation,bpt6k4156629t,,failed,0,0,,http_manifest,known,403,manifest,"Client error '403 ' for url 'https://openapiproext.bnf.fr/iiif/presentation/v3/ark:/12148/bpt6k4156629t/manifest.json'
For more information check: https://developer.mozilla.org/en-US/docs/Web/HTTP/Status/403",2026-07-18T20:15:37.148402
liberation,bpt6k4156630g,,failed,0,0,,http_manifest,known,403,manifest,"Client error '403 ' for url 'https://openapiproext.bnf.fr/iiif/presentation/v3/ark:/12148/bpt6k4156630g/manifest.json'
For more information check: https://developer.mozilla.org/en-US/docs/Web/HTTP/Status/403",2026-07-18T20:15:38.379286
liberation,bpt6k4156631w,,failed,0,0,,http_manifest,known,403,manifest,"Client error '403 ' for url 'https://openapiproext.bnf.fr/iiif/presentation/v3/ark:/12148/bpt6k4156631w/manifest.json'
For more information check: https://developer.mozilla.org/en-US/docs/Web/HTTP/Status/403",2026-07-18T20:15:39.573503
liberation,bpt6k41566329,,failed,0,0,,http_manifest,known,403,manifest,"Client error '403 ' for url 'https://openapiproext.bnf.fr/iiif/presentation/v3/ark:/12148/bpt6k41566329/manifest.json'
For more information check: https://developer.mozilla.org/en-US/docs/Web/HTTP/Status/403",2026-07-18T20:15:40.782304
liberation,bpt6k4156633q,,failed,0,0,,http_manifest,known,403,manifest,"Client error '403 ' for url 'https://openapiproext.bnf.fr/iiif/presentation/v3/ark:/12148/bpt6k4156633q/manifest.json'
For more information check: https://developer.mozilla.org/en-US/docs/Web/HTTP/Status/403",2026-07-18T20:15:41.965430
liberation,bpt6k41566344,,failed,0,0,,http_manifest,known,403,manifest,"Client error '403 ' for url 'https://openapiproext.bnf.fr/iiif/presentation/v3/ark:/12148/bpt6k41566344/manifest.json'
For more information check: https://developer.mozilla.org/en-US/docs/Web/HTTP/Status/403",2026-07-18T20:15:43.180123
liberation,bpt6k4156635j,,failed,0,0,,http_manifest,known,403,manifest,"Client error '403 ' for url 'https://openapiproext.bnf.fr/iiif/presentation/v3/ark:/12148/bpt6k4156635j/manifest.json'
For more information check: https://developer.mozilla.org/en-US/docs/Web/HTTP/Status/403",2026-07-18T20:15:44.380160
liberation,bpt6k4156636z,,failed,0,0,,http_manifest,known,403,manifest,"Client error '403 ' for url 'https://openapiproext.bnf.fr/iiif/presentation/v3/ark:/12148/bpt6k4156636z/manifest.json'
For more information check: https://developer.mozilla.org/en-US/docs/Web/HTTP/Status/403",2026-07-18T20:15:45.564392
liberation,bpt6k4156637c,,failed,0,0,,http_manifest,known,403,manifest,"Client error '403 ' for url 'https://openapiproext.bnf.fr/iiif/presentation/v3/ark:/12148/bpt6k4156637c/manifest.json'
For more information check: https://developer.mozilla.org/en-US/docs/Web/HTTP/Status/403",2026-07-18T20:15:46.775612
liberation,bpt6k4156638s,,failed,0,0,,http_manifest,known,403,manifest,"Client error '403 ' for url 'https://openapiproext.bnf.fr/iiif/presentation/v3/ark:/12148/bpt6k4156638s/manifest.json'
For more information check: https://developer.mozilla.org/en-US/docs/Web/HTTP/Status/403",2026-07-18T20:15:47.973121
liberation,bpt6k41566396,,failed,0,0,,http_manifest,known,403,manifest,"Client error '403 ' for url 'https://openapiproext.bnf.fr/iiif/presentation/v3/ark:/12148/bpt6k41566396/manifest.json'
For more information check: https://developer.mozilla.org/en-US/docs/Web/HTTP/Status/403",2026-07-18T20:15:49.191941
liberation,bpt6k4156640v,,failed,0,0,,http_manifest,known,403,manifest,"Client error '403 ' for url 'https://openapiproext.bnf.fr/iiif/presentation/v3/ark:/12148/bpt6k4156640v/manifest.json'
For more information check: https://developer.mozilla.org/en-US/docs/Web/HTTP/Status/403",2026-07-18T20:15:50.370932
liberation,bpt6k41566418,,failed,0,0,,http_manifest,known,403,manifest,"Client error '403 ' for url 'https://openapiproext.bnf.fr/iiif/presentation/v3/ark:/12148/bpt6k41566418/manifest.json'
For more information check: https://developer.mozilla.org/en-US/docs/Web/HTTP/Status/403",2026-07-18T20:15:51.584647
liberation,bpt6k4156642p,,failed,0,0,,http_manifest,known,403,manifest,"Client error '403 ' for url 'https://openapiproext.bnf.fr/iiif/presentation/v3/ark:/12148/bpt6k4156642p/manifest.json'
For more information check: https://developer.mozilla.org/en-US/docs/Web/HTTP/Status/403",2026-07-18T20:15:52.791503
liberation,bpt6k41566433,,failed,0,0,,http_manifest,known,403,manifest,"Client error '403 ' for url 'https://openapiproext.bnf.fr/iiif/presentation/v3/ark:/12148/bpt6k41566433/manifest.json'
For more information check: https://developer.mozilla.org/en-US/docs/Web/HTTP/Status/403",2026-07-18T20:15:53.999758
liberation,bpt6k4156644h,,failed,0,0,,http_manifest,known,403,manifest,"Client error '403 ' for url 'https://openapiproext.bnf.fr/iiif/presentation/v3/ark:/12148/bpt6k4156644h/manifest.json'
For more information check: https://developer.mozilla.org/en-US/docs/Web/HTTP/Status/403",2026-07-18T20:15:55.206465
liberation,bpt6k4156645x,,failed,0,0,,http_manifest,known,403,manifest,"Client error '403 ' for url 'https://openapiproext.bnf.fr/iiif/presentation/v3/ark:/12148/bpt6k4156645x/manifest.json'
For more information check: https://developer.mozilla.org/en-US/docs/Web/HTTP/Status/403",2026-07-18T20:15:56.397776
liberation,bpt6k4156646b,,failed,0,0,,http_manifest,known,403,manifest,"Client error '403 ' for url 'https://openapiproext.bnf.fr/iiif/presentation/v3/ark:/12148/bpt6k4156646b/manifest.json'
For more information check: https://developer.mozilla.org/en-US/docs/Web/HTTP/Status/403",2026-07-18T20:15:57.602604
liberation,bpt6k4156647r,,failed,0,0,,http_manifest,known,403,manifest,"Client error '403 ' for url 'https://openapiproext.bnf.fr/iiif/presentation/v3/ark:/12148/bpt6k4156647r/manifest.json'
For more information check: https://developer.mozilla.org/en-US/docs/Web/HTTP/Status/403",2026-07-18T20:15:58.795085
liberation,bpt6k41566485,,failed,0,0,,http_manifest,known,403,manifest,"Client error '403 ' for url 'https://openapiproext.bnf.fr/iiif/presentation/v3/ark:/12148/bpt6k41566485/manifest.json'
For more information check: https://developer.mozilla.org/en-US/docs/Web/HTTP/Status/403",2026-07-18T20:16:00.006402
liberation,bpt6k4156649k,,failed,0,0,,http_manifest,known,403,manifest,"Client error '403 ' for url 'https://openapiproext.bnf.fr/iiif/presentation/v3/ark:/12148/bpt6k4156649k/manifest.json'
For more information check: https://developer.mozilla.org/en-US/docs/Web/HTTP/Status/403",2026-07-18T20:16:01.208298
liberation,bpt6k41566507,,failed,0,0,,http_manifest,known,403,manifest,"Client error '403 ' for url 'https://openapiproext.bnf.fr/iiif/presentation/v3/ark:/12148/bpt6k41566507/manifest.json'
For more information check: https://developer.mozilla.org/en-US/docs/Web/HTTP/Status/403",2026-07-18T20:16:02.416322
liberation,bpt6k4156651n,,failed,0,0,,http_manifest,known,403,manifest,"Client error '403 ' for url 'https://openapiproext.bnf.fr/iiif/presentation/v3/ark:/12148/bpt6k4156651n/manifest.json'
For more information check: https://developer.mozilla.org/en-US/docs/Web/HTTP/Status/403",2026-07-18T20:16:03.607574
liberation,bpt6k41566522,,failed,0,0,,http_manifest,known,403,manifest,"Client error '403 ' for url 'https://openapiproext.bnf.fr/iiif/presentation/v3/ark:/12148/bpt6k41566522/manifest.json'
For more information check: https://developer.mozilla.org/en-US/docs/Web/HTTP/Status/403",2026-07-18T20:16:04.816565
liberation,bpt6k4156653g,,failed,0,0,,http_manifest,known,403,manifest,"Client error '403 ' for url 'https://openapiproext.bnf.fr/iiif/presentation/v3/ark:/12148/bpt6k4156653g/manifest.json'
For more information check: https://developer.mozilla.org/en-US/docs/Web/HTTP/Status/403",2026-07-18T20:16:05.990004
liberation,bpt6k4156654w,,failed,0,0,,http_manifest,known,403,manifest,"Client error '403 ' for url 'https://openapiproext.bnf.fr/iiif/presentation/v3/ark:/12148/bpt6k4156654w/manifest.json'
For more information check: https://developer.mozilla.org/en-US/docs/Web/HTTP/Status/403",2026-07-18T20:16:07.299592
liberation,bpt6k41566559,,failed,0,0,,http_manifest,known,403,manifest,"Client error '403 ' for url 'https://openapiproext.bnf.fr/iiif/presentation/v3/ark:/12148/bpt6k41566559/manifest.json'
For more information check: https://developer.mozilla.org/en-US/docs/Web/HTTP/Status/403",2026-07-18T20:16:08.616024
liberation,bpt6k4156656q,,failed,0,0,,http_manifest,known,403,manifest,"Client error '403 ' for url 'https://openapiproext.bnf.fr/iiif/presentation/v3/ark:/12148/bpt6k4156656q/manifest.json'
For more information check: https://developer.mozilla.org/en-US/docs/Web/HTTP/Status/403",2026-07-18T20:16:09.716360
liberation,bpt6k41566574,,failed,0,0,,http_manifest,known,403,manifest,"Client error '403 ' for url 'https://openapiproext.bnf.fr/iiif/presentation/v3/ark:/12148/bpt6k41566574/manifest.json'
For more information check: https://developer.mozilla.org/en-US/docs/Web/HTTP/Status/403",2026-07-18T20:16:11.018263
liberation,bpt6k4156658j,,failed,0,0,,http_manifest,known,403,manifest,"Client error '403 ' for url 'https://openapiproext.bnf.fr/iiif/presentation/v3/ark:/12148/bpt6k4156658j/manifest.json'
For more information check: https://developer.mozilla.org/en-US/docs/Web/HTTP/Status/403",2026-07-18T20:16:12.130977
liberation,bpt6k4156659z,,failed,0,0,,http_manifest,known,403,manifest,"Client error '403 ' for url 'https://openapiproext.bnf.fr/iiif/presentation/v3/ark:/12148/bpt6k4156659z/manifest.json'
For more information check: https://developer.mozilla.org/en-US/docs/Web/HTTP/Status/403",2026-07-18T20:16:13.285936
liberation,bpt6k4156660m,,failed,0,0,,http_manifest,known,403,manifest,"Client error '403 ' for url 'https://openapiproext.bnf.fr/iiif/presentation/v3/ark:/12148/bpt6k4156660m/manifest.json'
For more information check: https://developer.mozilla.org/en-US/docs/Web/HTTP/Status/403",2026-07-18T20:16:14.479256
liberation,bpt6k41566611,,failed,0,0,,http_manifest,known,403,manifest,"Client error '403 ' for url 'https://openapiproext.bnf.fr/iiif/presentation/v3/ark:/12148/bpt6k41566611/manifest.json'
For more information check: https://developer.mozilla.org/en-US/docs/Web/HTTP/Status/403",2026-07-18T20:16:15.813399
liberation,bpt6k4156662f,,failed,0,0,,http_manifest,known,403,manifest,"Client error '403 ' for url 'https://openapiproext.bnf.fr/iiif/presentation/v3/ark:/12148/bpt6k4156662f/manifest.json'
For more information check: https://developer.mozilla.org/en-US/docs/Web/HTTP/Status/403",2026-07-18T20:16:16.829600
liberation,bpt6k4156663v,,failed,0,0,,http_manifest,known,403,manifest,"Client error '403 ' for url 'https://openapiproext.bnf.fr/iiif/presentation/v3/ark:/12148/bpt6k4156663v/manifest.json'
For more information check: https://developer.mozilla.org/en-US/docs/Web/HTTP/Status/403",2026-07-18T20:16:18.187155
liberation,bpt6k41566648,,failed,0,0,,http_manifest,known,403,manifest,"Client error '403 ' for url 'https://openapiproext.bnf.fr/iiif/presentation/v3/ark:/12148/bpt6k41566648/manifest.json'
For more information check: https://developer.mozilla.org/en-US/docs/Web/HTTP/Status/403",2026-07-18T20:16:19.217442
liberation,bpt6k4156665p,,failed,0,0,,http_manifest,known,403,manifest,"Client error '403 ' for url 'https://openapiproext.bnf.fr/iiif/presentation/v3/ark:/12148/bpt6k4156665p/manifest.json'
For more information check: https://developer.mozilla.org/en-US/docs/Web/HTTP/Status/403",2026-07-18T20:16:20.462443
liberation,bpt6k41566663,,failed,0,0,,http_manifest,known,403,manifest,"Client error '403 ' for url 'https://openapiproext.bnf.fr/iiif/presentation/v3/ark:/12148/bpt6k41566663/manifest.json'
For more information check: https://developer.mozilla.org/en-US/docs/Web/HTTP/Status/403",2026-07-18T20:16:21.630129
liberation,bpt6k4156667h,,failed,0,0,,http_manifest,known,403,manifest,"Client error '403 ' for url 'https://openapiproext.bnf.fr/iiif/presentation/v3/ark:/12148/bpt6k4156667h/manifest.json'
For more information check: https://developer.mozilla.org/en-US/docs/Web/HTTP/Status/403",2026-07-18T20:16:22.844798
liberation,bpt6k4156668x,,failed,0,0,,http_manifest,known,403,manifest,"Client error '403 ' for url 'https://openapiproext.bnf.fr/iiif/presentation/v3/ark:/12148/bpt6k4156668x/manifest.json'
For more information check: https://developer.mozilla.org/en-US/docs/Web/HTTP/Status/403",2026-07-18T20:16:24.141974
liberation,bpt6k4156669b,,failed,0,0,,http_manifest,known,403,manifest,"Client error '403 ' for url 'https://openapiproext.bnf.fr/iiif/presentation/v3/ark:/12148/bpt6k4156669b/manifest.json'
For more information check: https://developer.mozilla.org/en-US/docs/Web/HTTP/Status/403",2026-07-18T20:16:25.240919
liberation,bpt6k41566700,,failed,0,0,,http_manifest,known,403,manifest,"Client error '403 ' for url 'https://openapiproext.bnf.fr/iiif/presentation/v3/ark:/12148/bpt6k41566700/manifest.json'
For more information check: https://developer.mozilla.org/en-US/docs/Web/HTTP/Status/403",2026-07-18T20:16:26.447294
liberation,bpt6k4156671d,,failed,0,0,,http_manifest,known,403,manifest,"Client error '403 ' for url 'https://openapiproext.bnf.fr/iiif/presentation/v3/ark:/12148/bpt6k4156671d/manifest.json'
For more information check: https://developer.mozilla.org/en-US/docs/Web/HTTP/Status/403",2026-07-18T20:16:27.623951
liberation,bpt6k4156672t,,failed,0,0,,http_manifest,known,403,manifest,"Client error '403 ' for url 'https://openapiproext.bnf.fr/iiif/presentation/v3/ark:/12148/bpt6k4156672t/manifest.json'
For more information check: https://developer.mozilla.org/en-US/docs/Web/HTTP/Status/403",2026-07-18T20:16:28.836954
liberation,bpt6k41566737,,failed,0,0,,http_manifest,known,403,manifest,"Client error '403 ' for url 'https://openapiproext.bnf.fr/iiif/presentation/v3/ark:/12148/bpt6k41566737/manifest.json'
For more information check: https://developer.mozilla.org/en-US/docs/Web/HTTP/Status/403",2026-07-18T20:16:30.051939
liberation,bpt6k4156674n,,failed,0,0,,http_manifest,known,403,manifest,"Client error '403 ' for url 'https://openapiproext.bnf.fr/iiif/presentation/v3/ark:/12148/bpt6k4156674n/manifest.json'
For more information check: https://developer.mozilla.org/en-US/docs/Web/HTTP/Status/403",2026-07-18T20:16:31.244928
liberation,bpt6k41566752,,failed,0,0,,http_manifest,known,403,manifest,"Client error '403 ' for url 'https://openapiproext.bnf.fr/iiif/presentation/v3/ark:/12148/bpt6k41566752/manifest.json'
For more information check: https://developer.mozilla.org/en-US/docs/Web/HTTP/Status/403",2026-07-18T20:16:32.430175
liberation,bpt6k4156676g,,failed,0,0,,http_manifest,known,403,manifest,"Client error '403 ' for url 'https://openapiproext.bnf.fr/iiif/presentation/v3/ark:/12148/bpt6k4156676g/manifest.json'
For more information check: https://developer.mozilla.org/en-US/docs/Web/HTTP/Status/403",2026-07-18T20:16:33.655372
liberation,bpt6k4156677w,,failed,0,0,,http_manifest,known,403,manifest,"Client error '403 ' for url 'https://openapiproext.bnf.fr/iiif/presentation/v3/ark:/12148/bpt6k4156677w/manifest.json'
For more information check: https://developer.mozilla.org/en-US/docs/Web/HTTP/Status/403",2026-07-18T20:16:34.844179
liberation,bpt6k41566789,,failed,0,0,,http_manifest,known,403,manifest,"Client error '403 ' for url 'https://openapiproext.bnf.fr/iiif/presentation/v3/ark:/12148/bpt6k41566789/manifest.json'
For more information check: https://developer.mozilla.org/en-US/docs/Web/HTTP/Status/403",2026-07-18T20:16:36.062428
liberation,bpt6k4156679q,,failed,0,0,,http_manifest,known,403,manifest,"Client error '403 ' for url 'https://openapiproext.bnf.fr/iiif/presentation/v3/ark:/12148/bpt6k4156679q/manifest.json'
For more information check: https://developer.mozilla.org/en-US/docs/Web/HTTP/Status/403",2026-07-18T20:16:37.242318
liberation,bpt6k4156680c,,failed,0,0,,http_manifest,known,403,manifest,"Client error '403 ' for url 'https://openapiproext.bnf.fr/iiif/presentation/v3/ark:/12148/bpt6k4156680c/manifest.json'
For more information check: https://developer.mozilla.org/en-US/docs/Web/HTTP/Status/403",2026-07-18T20:16:38.437126
liberation,bpt6k4156681s,,failed,0,0,,http_manifest,known,403,manifest,"Client error '403 ' for url 'https://openapiproext.bnf.fr/iiif/presentation/v3/ark:/12148/bpt6k4156681s/manifest.json'
For more information check: https://developer.mozilla.org/en-US/docs/Web/HTTP/Status/403",2026-07-18T20:16:39.663341
liberation,bpt6k41566826,,failed,0,0,,http_manifest,known,403,manifest,"Client error '403 ' for url 'https://openapiproext.bnf.fr/iiif/presentation/v3/ark:/12148/bpt6k41566826/manifest.json'
For more information check: https://developer.mozilla.org/en-US/docs/Web/HTTP/Status/403",2026-07-18T20:16:40.855748
liberation,bpt6k4156683m,,failed,0,0,,http_manifest,known,403,manifest,"Client error '403 ' for url 'https://openapiproext.bnf.fr/iiif/presentation/v3/ark:/12148/bpt6k4156683m/manifest.json'
For more information check: https://developer.mozilla.org/en-US/docs/Web/HTTP/Status/403",2026-07-18T20:16:42.055210
liberation,bpt6k41566841,,failed,0,0,,http_manifest,known,403,manifest,"Client error '403 ' for url 'https://openapiproext.bnf.fr/iiif/presentation/v3/ark:/12148/bpt6k41566841/manifest.json'
For more information check: https://developer.mozilla.org/en-US/docs/Web/HTTP/Status/403",2026-07-18T20:16:43.245732
liberation,bpt6k4156685f,,failed,0,0,,http_manifest,known,403,manifest,"Client error '403 ' for url 'https://openapiproext.bnf.fr/iiif/presentation/v3/ark:/12148/bpt6k4156685f/manifest.json'
For more information check: https://developer.mozilla.org/en-US/docs/Web/HTTP/Status/403",2026-07-18T20:16:44.473046
liberation,bpt6k4156686v,,failed,0,0,,http_manifest,known,403,manifest,"Client error '403 ' for url 'https://openapiproext.bnf.fr/iiif/presentation/v3/ark:/12148/bpt6k4156686v/manifest.json'
For more information check: https://developer.mozilla.org/en-US/docs/Web/HTTP/Status/403",2026-07-18T20:16:45.675277
liberation,bpt6k41566878,,failed,0,0,,http_manifest,known,403,manifest,"Client error '403 ' for url 'https://openapiproext.bnf.fr/iiif/presentation/v3/ark:/12148/bpt6k41566878/manifest.json'
For more information check: https://developer.mozilla.org/en-US/docs/Web/HTTP/Status/403",2026-07-18T20:16:46.874245
liberation,bpt6k4156688p,,failed,0,0,,http_manifest,known,403,manifest,"Client error '403 ' for url 'https://openapiproext.bnf.fr/iiif/presentation/v3/ark:/12148/bpt6k4156688p/manifest.json'
For more information check: https://developer.mozilla.org/en-US/docs/Web/HTTP/Status/403",2026-07-18T20:16:48.055067
liberation,bpt6k41566893,,failed,0,0,,http_manifest,known,403,manifest,"Client error '403 ' for url 'https://openapiproext.bnf.fr/iiif/presentation/v3/ark:/12148/bpt6k41566893/manifest.json'
For more information check: https://developer.mozilla.org/en-US/docs/Web/HTTP/Status/403",2026-07-18T20:16:49.268617
liberation,bpt6k4156690r,,failed,0,0,,http_manifest,known,403,manifest,"Client error '403 ' for url 'https://openapiproext.bnf.fr/iiif/presentation/v3/ark:/12148/bpt6k4156690r/manifest.json'
For more information check: https://developer.mozilla.org/en-US/docs/Web/HTTP/Status/403",2026-07-18T20:16:50.464438
liberation,bpt6k41566915,,failed,0,0,,http_manifest,known,403,manifest,"Client error '403 ' for url 'https://openapiproext.bnf.fr/iiif/presentation/v3/ark:/12148/bpt6k41566915/manifest.json'
For more information check: https://developer.mozilla.org/en-US/docs/Web/HTTP/Status/403",2026-07-18T20:16:51.675976
liberation,bpt6k4156692k,,failed,0,0,,http_manifest,known,403,manifest,"Client error '403 ' for url 'https://openapiproext.bnf.fr/iiif/presentation/v3/ark:/12148/bpt6k4156692k/manifest.json'
For more information check: https://developer.mozilla.org/en-US/docs/Web/HTTP/Status/403",2026-07-18T20:16:52.879151
liberation,bpt6k41566930,,failed,0,0,,http_manifest,known,403,manifest,"Client error '403 ' for url 'https://openapiproext.bnf.fr/iiif/presentation/v3/ark:/12148/bpt6k41566930/manifest.json'
For more information check: https://developer.mozilla.org/en-US/docs/Web/HTTP/Status/403",2026-07-18T20:16:54.081119
liberation,bpt6k4156694d,,failed,0,0,,http_manifest,known,403,manifest,"Client error '403 ' for url 'https://openapiproext.bnf.fr/iiif/presentation/v3/ark:/12148/bpt6k4156694d/manifest.json'
For more information check: https://developer.mozilla.org/en-US/docs/Web/HTTP/Status/403",2026-07-18T20:16:55.283904
liberation,bpt6k4156695t,,failed,0,0,,http_manifest,known,403,manifest,"Client error '403 ' for url 'https://openapiproext.bnf.fr/iiif/presentation/v3/ark:/12148/bpt6k4156695t/manifest.json'
For more information check: https://developer.mozilla.org/en-US/docs/Web/HTTP/Status/403",2026-07-18T20:16:56.464770
liberation,bpt6k41566967,,failed,0,0,,http_manifest,known,403,manifest,"Client error '403 ' for url 'https://openapiproext.bnf.fr/iiif/presentation/v3/ark:/12148/bpt6k41566967/manifest.json'
For more information check: https://developer.mozilla.org/en-US/docs/Web/HTTP/Status/403",2026-07-18T20:16:57.687071
liberation,bpt6k4156697n,,failed,0,0,,http_manifest,known,403,manifest,"Client error '403 ' for url 'https://openapiproext.bnf.fr/iiif/presentation/v3/ark:/12148/bpt6k4156697n/manifest.json'
For more information check: https://developer.mozilla.org/en-US/docs/Web/HTTP/Status/403",2026-07-18T20:16:58.886053
liberation,bpt6k41566982,,failed,0,0,,http_manifest,known,403,manifest,"Client error '403 ' for url 'https://openapiproext.bnf.fr/iiif/presentation/v3/ark:/12148/bpt6k41566982/manifest.json'
For more information check: https://developer.mozilla.org/en-US/docs/Web/HTTP/Status/403",2026-07-18T20:17:00.069679
liberation,bpt6k4156699g,,failed,0,0,,http_manifest,known,403,manifest,"Client error '403 ' for url 'https://openapiproext.bnf.fr/iiif/presentation/v3/ark:/12148/bpt6k4156699g/manifest.json'
For more information check: https://developer.mozilla.org/en-US/docs/Web/HTTP/Status/403",2026-07-18T20:17:01.286484
liberation,bpt6k4156700p,,failed,0,0,,http_manifest,known,403,manifest,"Client error '403 ' for url 'https://openapiproext.bnf.fr/iiif/presentation/v3/ark:/12148/bpt6k4156700p/manifest.json'
For more information check: https://developer.mozilla.org/en-US/docs/Web/HTTP/Status/403",2026-07-18T20:17:02.499412
liberation,bpt6k41567013,,failed,0,0,,http_manifest,known,403,manifest,"Client error '403 ' for url 'https://openapiproext.bnf.fr/iiif/presentation/v3/ark:/12148/bpt6k41567013/manifest.json'
For more information check: https://developer.mozilla.org/en-US/docs/Web/HTTP/Status/403",2026-07-18T20:17:03.688119
liberation,bpt6k4156702h,,failed,0,0,,http_manifest,known,403,manifest,"Client error '403 ' for url 'https://openapiproext.bnf.fr/iiif/presentation/v3/ark:/12148/bpt6k4156702h/manifest.json'
For more information check: https://developer.mozilla.org/en-US/docs/Web/HTTP/Status/403",2026-07-18T20:17:04.871661
liberation,bpt6k4156703x,,failed,0,0,,http_manifest,known,403,manifest,"Client error '403 ' for url 'https://openapiproext.bnf.fr/iiif/presentation/v3/ark:/12148/bpt6k4156703x/manifest.json'
For more information check: https://developer.mozilla.org/en-US/docs/Web/HTTP/Status/403",2026-07-18T20:17:06.078072
liberation,bpt6k4156704b,,failed,0,0,,http_manifest,known,403,manifest,"Client error '403 ' for url 'https://openapiproext.bnf.fr/iiif/presentation/v3/ark:/12148/bpt6k4156704b/manifest.json'
For more information check: https://developer.mozilla.org/en-US/docs/Web/HTTP/Status/403",2026-07-18T20:17:07.475306
liberation,bpt6k4156705r,,failed,0,0,,http_manifest,known,403,manifest,"Client error '403 ' for url 'https://openapiproext.bnf.fr/iiif/presentation/v3/ark:/12148/bpt6k4156705r/manifest.json'
For more information check: https://developer.mozilla.org/en-US/docs/Web/HTTP/Status/403",2026-07-18T20:17:08.505686
liberation,bpt6k41567065,,failed,0,0,,http_manifest,known,403,manifest,"Client error '403 ' for url 'https://openapiproext.bnf.fr/iiif/presentation/v3/ark:/12148/bpt6k41567065/manifest.json'
For more information check: https://developer.mozilla.org/en-US/docs/Web/HTTP/Status/403",2026-07-18T20:17:09.678926
liberation,bpt6k4156707k,,failed,0,0,,http_manifest,known,403,manifest,"Client error '403 ' for url 'https://openapiproext.bnf.fr/iiif/presentation/v3/ark:/12148/bpt6k4156707k/manifest.json'
For more information check: https://developer.mozilla.org/en-US/docs/Web/HTTP/Status/403",2026-07-18T20:17:10.894777
liberation,bpt6k41567080,,failed,0,0,,http_manifest,known,403,manifest,"Client error '403 ' for url 'https://openapiproext.bnf.fr/iiif/presentation/v3/ark:/12148/bpt6k41567080/manifest.json'
For more information check: https://developer.mozilla.org/en-US/docs/Web/HTTP/Status/403",2026-07-18T20:17:12.102889
liberation,bpt6k4156709d,,failed,0,0,,http_manifest,known,403,manifest,"Client error '403 ' for url 'https://openapiproext.bnf.fr/iiif/presentation/v3/ark:/12148/bpt6k4156709d/manifest.json'
For more information check: https://developer.mozilla.org/en-US/docs/Web/HTTP/Status/403",2026-07-18T20:17:13.302278
liberation,bpt6k41567102,,failed,0,0,,http_manifest,known,403,manifest,"Client error '403 ' for url 'https://openapiproext.bnf.fr/iiif/presentation/v3/ark:/12148/bpt6k41567102/manifest.json'
For more information check: https://developer.mozilla.org/en-US/docs/Web/HTTP/Status/403",2026-07-18T20:17:14.677631
liberation,bpt6k4156711g,,failed,0,0,,http_manifest,known,403,manifest,"Client error '403 ' for url 'https://openapiproext.bnf.fr/iiif/presentation/v3/ark:/12148/bpt6k4156711g/manifest.json'
For more information check: https://developer.mozilla.org/en-US/docs/Web/HTTP/Status/403",2026-07-18T20:17:15.713502
liberation,bpt6k4156712w,,failed,0,0,,http_manifest,known,403,manifest,"Client error '403 ' for url 'https://openapiproext.bnf.fr/iiif/presentation/v3/ark:/12148/bpt6k4156712w/manifest.json'
For more information check: https://developer.mozilla.org/en-US/docs/Web/HTTP/Status/403",2026-07-18T20:17:16.892013
liberation,bpt6k41567139,,failed,0,0,,http_manifest,known,403,manifest,"Client error '403 ' for url 'https://openapiproext.bnf.fr/iiif/presentation/v3/ark:/12148/bpt6k41567139/manifest.json'
For more information check: https://developer.mozilla.org/en-US/docs/Web/HTTP/Status/403",2026-07-18T20:17:18.094001
liberation,bpt6k4156714q,,failed,0,0,,http_manifest,known,403,manifest,"Client error '403 ' for url 'https://openapiproext.bnf.fr/iiif/presentation/v3/ark:/12148/bpt6k4156714q/manifest.json'
For more information check: https://developer.mozilla.org/en-US/docs/Web/HTTP/Status/403",2026-07-18T20:17:19.298084
liberation,bpt6k41567154,,failed,0,0,,http_manifest,known,403,manifest,"Client error '403 ' for url 'https://openapiproext.bnf.fr/iiif/presentation/v3/ark:/12148/bpt6k41567154/manifest.json'
For more information check: https://developer.mozilla.org/en-US/docs/Web/HTTP/Status/403",2026-07-18T20:17:20.679991
liberation,bpt6k4156716j,,failed,0,0,,http_manifest,known,403,manifest,"Client error '403 ' for url 'https://openapiproext.bnf.fr/iiif/presentation/v3/ark:/12148/bpt6k4156716j/manifest.json'
For more information check: https://developer.mozilla.org/en-US/docs/Web/HTTP/Status/403",2026-07-18T20:17:21.703691
liberation,bpt6k4156717z,,failed,0,0,,http_manifest,known,403,manifest,"Client error '403 ' for url 'https://openapiproext.bnf.fr/iiif/presentation/v3/ark:/12148/bpt6k4156717z/manifest.json'
For more information check: https://developer.mozilla.org/en-US/docs/Web/HTTP/Status/403",2026-07-18T20:17:22.988720
liberation,bpt6k4156718c,,failed,0,0,,http_manifest,known,403,manifest,"Client error '403 ' for url 'https://openapiproext.bnf.fr/iiif/presentation/v3/ark:/12148/bpt6k4156718c/manifest.json'
For more information check: https://developer.mozilla.org/en-US/docs/Web/HTTP/Status/403",2026-07-18T20:17:24.127000
liberation,bpt6k4156719s,,failed,0,0,,http_manifest,known,403,manifest,"Client error '403 ' for url 'https://openapiproext.bnf.fr/iiif/presentation/v3/ark:/12148/bpt6k4156719s/manifest.json'
For more information check: https://developer.mozilla.org/en-US/docs/Web/HTTP/Status/403",2026-07-18T20:17:25.346558
liberation,bpt6k4156720f,,failed,0,0,,http_manifest,known,403,manifest,"Client error '403 ' for url 'https://openapiproext.bnf.fr/iiif/presentation/v3/ark:/12148/bpt6k4156720f/manifest.json'
For more information check: https://developer.mozilla.org/en-US/docs/Web/HTTP/Status/403",2026-07-18T20:17:26.527018
liberation,bpt6k4156721v,,failed,0,0,,http_manifest,known,403,manifest,"Client error '403 ' for url 'https://openapiproext.bnf.fr/iiif/presentation/v3/ark:/12148/bpt6k4156721v/manifest.json'
For more information check: https://developer.mozilla.org/en-US/docs/Web/HTTP/Status/403",2026-07-18T20:17:27.801818
liberation,bpt6k41567228,,failed,0,0,,http_manifest,known,403,manifest,"Client error '403 ' for url 'https://openapiproext.bnf.fr/iiif/presentation/v3/ark:/12148/bpt6k41567228/manifest.json'
For more information check: https://developer.mozilla.org/en-US/docs/Web/HTTP/Status/403",2026-07-18T20:17:28.902332
liberation,bpt6k4156723p,,failed,0,0,,http_manifest,known,403,manifest,"Client error '403 ' for url 'https://openapiproext.bnf.fr/iiif/presentation/v3/ark:/12148/bpt6k4156723p/manifest.json'
For more information check: https://developer.mozilla.org/en-US/docs/Web/HTTP/Status/403",2026-07-18T20:17:30.117067
liberation,bpt6k41567243,,failed,0,0,,http_manifest,known,403,manifest,"Client error '403 ' for url 'https://openapiproext.bnf.fr/iiif/presentation/v3/ark:/12148/bpt6k41567243/manifest.json'
For more information check: https://developer.mozilla.org/en-US/docs/Web/HTTP/Status/403",2026-07-18T20:17:31.308933
liberation,bpt6k4156725h,,failed,0,0,,http_manifest,known,403,manifest,"Client error '403 ' for url 'https://openapiproext.bnf.fr/iiif/presentation/v3/ark:/12148/bpt6k4156725h/manifest.json'
For more information check: https://developer.mozilla.org/en-US/docs/Web/HTTP/Status/403",2026-07-18T20:17:32.533329
liberation,bpt6k4156726x,,failed,0,0,,http_manifest,known,403,manifest,"Client error '403 ' for url 'https://openapiproext.bnf.fr/iiif/presentation/v3/ark:/12148/bpt6k4156726x/manifest.json'
For more information check: https://developer.mozilla.org/en-US/docs/Web/HTTP/Status/403",2026-07-18T20:17:33.735940
liberation,bpt6k4156727b,,failed,0,0,,http_manifest,known,403,manifest,"Client error '403 ' for url 'https://openapiproext.bnf.fr/iiif/presentation/v3/ark:/12148/bpt6k4156727b/manifest.json'
For more information check: https://developer.mozilla.org/en-US/docs/Web/HTTP/Status/403",2026-07-18T20:17:34.946119
liberation,bpt6k4156728r,,failed,0,0,,http_manifest,known,403,manifest,"Client error '403 ' for url 'https://openapiproext.bnf.fr/iiif/presentation/v3/ark:/12148/bpt6k4156728r/manifest.json'
For more information check: https://developer.mozilla.org/en-US/docs/Web/HTTP/Status/403",2026-07-18T20:17:36.128018
liberation,bpt6k41567295,,failed,0,0,,http_manifest,known,403,manifest,"Client error '403 ' for url 'https://openapiproext.bnf.fr/iiif/presentation/v3/ark:/12148/bpt6k41567295/manifest.json'
For more information check: https://developer.mozilla.org/en-US/docs/Web/HTTP/Status/403",2026-07-18T20:17:37.317026
liberation,bpt6k4156730t,,failed,0,0,,http_manifest,known,403,manifest,"Client error '403 ' for url 'https://openapiproext.bnf.fr/iiif/presentation/v3/ark:/12148/bpt6k4156730t/manifest.json'
For more information check: https://developer.mozilla.org/en-US/docs/Web/HTTP/Status/403",2026-07-18T20:17:38.522079
liberation,bpt6k41567317,,failed,0,0,,http_manifest,known,403,manifest,"Client error '403 ' for url 'https://openapiproext.bnf.fr/iiif/presentation/v3/ark:/12148/bpt6k41567317/manifest.json'
For more information check: https://developer.mozilla.org/en-US/docs/Web/HTTP/Status/403",2026-07-18T20:17:39.721185
liberation,bpt6k4156732n,,failed,0,0,,http_manifest,known,403,manifest,"Client error '403 ' for url 'https://openapiproext.bnf.fr/iiif/presentation/v3/ark:/12148/bpt6k4156732n/manifest.json'
For more information check: https://developer.mozilla.org/en-US/docs/Web/HTTP/Status/403",2026-07-18T20:17:40.921239
liberation,bpt6k41567332,,failed,0,0,,http_manifest,known,403,manifest,"Client error '403 ' for url 'https://openapiproext.bnf.fr/iiif/presentation/v3/ark:/12148/bpt6k41567332/manifest.json'
For more information check: https://developer.mozilla.org/en-US/docs/Web/HTTP/Status/403",2026-07-18T20:17:42.144115
liberation,bpt6k4156734g,,failed,0,0,,http_manifest,known,403,manifest,"Client error '403 ' for url 'https://openapiproext.bnf.fr/iiif/presentation/v3/ark:/12148/bpt6k4156734g/manifest.json'
For more information check: https://developer.mozilla.org/en-US/docs/Web/HTTP/Status/403",2026-07-18T20:17:43.342536
liberation,bpt6k4156735w,,failed,0,0,,http_manifest,known,403,manifest,"Client error '403 ' for url 'https://openapiproext.bnf.fr/iiif/presentation/v3/ark:/12148/bpt6k4156735w/manifest.json'
For more information check: https://developer.mozilla.org/en-US/docs/Web/HTTP/Status/403",2026-07-18T20:17:44.552260
liberation,bpt6k41567369,,failed,0,0,,http_manifest,known,403,manifest,"Client error '403 ' for url 'https://openapiproext.bnf.fr/iiif/presentation/v3/ark:/12148/bpt6k41567369/manifest.json'
For more information check: https://developer.mozilla.org/en-US/docs/Web/HTTP/Status/403",2026-07-18T20:17:45.740671
liberation,bpt6k4156737q,,failed,0,0,,http_manifest,known,403,manifest,"Client error '403 ' for url 'https://openapiproext.bnf.fr/iiif/presentation/v3/ark:/12148/bpt6k4156737q/manifest.json'
For more information check: https://developer.mozilla.org/en-US/docs/Web/HTTP/Status/403",2026-07-18T20:17:46.938192
liberation,bpt6k41567384,,failed,0,0,,http_manifest,known,403,manifest,"Client error '403 ' for url 'https://openapiproext.bnf.fr/iiif/presentation/v3/ark:/12148/bpt6k41567384/manifest.json'
For more information check: https://developer.mozilla.org/en-US/docs/Web/HTTP/Status/403",2026-07-18T20:17:48.132439
liberation,bpt6k4156739j,,failed,0,0,,http_manifest,known,403,manifest,"Client error '403 ' for url 'https://openapiproext.bnf.fr/iiif/presentation/v3/ark:/12148/bpt6k4156739j/manifest.json'
For more information check: https://developer.mozilla.org/en-US/docs/Web/HTTP/Status/403",2026-07-18T20:17:49.331551
liberation,bpt6k41567406,,failed,0,0,,http_manifest,known,403,manifest,"Client error '403 ' for url 'https://openapiproext.bnf.fr/iiif/presentation/v3/ark:/12148/bpt6k41567406/manifest.json'
For more information check: https://developer.mozilla.org/en-US/docs/Web/HTTP/Status/403",2026-07-18T20:17:50.533713
liberation,bpt6k4156741m,,failed,0,0,,http_manifest,known,403,manifest,"Client error '403 ' for url 'https://openapiproext.bnf.fr/iiif/presentation/v3/ark:/12148/bpt6k4156741m/manifest.json'
For more information check: https://developer.mozilla.org/en-US/docs/Web/HTTP/Status/403",2026-07-18T20:17:51.766838
liberation,bpt6k41567421,,failed,0,0,,http_manifest,known,403,manifest,"Client error '403 ' for url 'https://openapiproext.bnf.fr/iiif/presentation/v3/ark:/12148/bpt6k41567421/manifest.json'
For more information check: https://developer.mozilla.org/en-US/docs/Web/HTTP/Status/403",2026-07-18T20:17:52.963280
liberation,bpt6k4156743f,,failed,0,0,,http_manifest,known,403,manifest,"Client error '403 ' for url 'https://openapiproext.bnf.fr/iiif/presentation/v3/ark:/12148/bpt6k4156743f/manifest.json'
For more information check: https://developer.mozilla.org/en-US/docs/Web/HTTP/Status/403",2026-07-18T20:17:54.165481
liberation,bpt6k4156744v,,failed,0,0,,http_manifest,known,403,manifest,"Client error '403 ' for url 'https://openapiproext.bnf.fr/iiif/presentation/v3/ark:/12148/bpt6k4156744v/manifest.json'
For more information check: https://developer.mozilla.org/en-US/docs/Web/HTTP/Status/403",2026-07-18T20:17:55.364164
liberation,bpt6k41567458,,failed,0,0,,http_manifest,known,403,manifest,"Client error '403 ' for url 'https://openapiproext.bnf.fr/iiif/presentation/v3/ark:/12148/bpt6k41567458/manifest.json'
For more information check: https://developer.mozilla.org/en-US/docs/Web/HTTP/Status/403",2026-07-18T20:17:56.548219
liberation,bpt6k4156746p,,failed,0,0,,http_manifest,known,403,manifest,"Client error '403 ' for url 'https://openapiproext.bnf.fr/iiif/presentation/v3/ark:/12148/bpt6k4156746p/manifest.json'
For more information check: https://developer.mozilla.org/en-US/docs/Web/HTTP/Status/403",2026-07-18T20:17:57.749241
liberation,bpt6k41567473,,failed,0,0,,http_manifest,known,403,manifest,"Client error '403 ' for url 'https://openapiproext.bnf.fr/iiif/presentation/v3/ark:/12148/bpt6k41567473/manifest.json'
For more information check: https://developer.mozilla.org/en-US/docs/Web/HTTP/Status/403",2026-07-18T20:17:58.950337
liberation,bpt6k4156748h,,failed,0,0,,http_manifest,known,403,manifest,"Client error '403 ' for url 'https://openapiproext.bnf.fr/iiif/presentation/v3/ark:/12148/bpt6k4156748h/manifest.json'
For more information check: https://developer.mozilla.org/en-US/docs/Web/HTTP/Status/403",2026-07-18T20:18:00.148647
liberation,bpt6k4156749x,,failed,0,0,,http_manifest,known,403,manifest,"Client error '403 ' for url 'https://openapiproext.bnf.fr/iiif/presentation/v3/ark:/12148/bpt6k4156749x/manifest.json'
For more information check: https://developer.mozilla.org/en-US/docs/Web/HTTP/Status/403",2026-07-18T20:18:01.374216
liberation,bpt6k4156750k,,failed,0,0,,http_manifest,known,403,manifest,"Client error '403 ' for url 'https://openapiproext.bnf.fr/iiif/presentation/v3/ark:/12148/bpt6k4156750k/manifest.json'
For more information check: https://developer.mozilla.org/en-US/docs/Web/HTTP/Status/403",2026-07-18T20:18:02.580424
liberation,bpt6k41567510,,failed,0,0,,http_manifest,known,403,manifest,"Client error '403 ' for url 'https://openapiproext.bnf.fr/iiif/presentation/v3/ark:/12148/bpt6k41567510/manifest.json'
For more information check: https://developer.mozilla.org/en-US/docs/Web/HTTP/Status/403",2026-07-18T20:18:03.782174
liberation,bpt6k4156752d,,failed,0,0,,http_manifest,known,403,manifest,"Client error '403 ' for url 'https://openapiproext.bnf.fr/iiif/presentation/v3/ark:/12148/bpt6k4156752d/manifest.json'
For more information check: https://developer.mozilla.org/en-US/docs/Web/HTTP/Status/403",2026-07-18T20:18:04.969346
liberation,bpt6k4156753t,,failed,0,0,,http_manifest,known,403,manifest,"Client error '403 ' for url 'https://openapiproext.bnf.fr/iiif/presentation/v3/ark:/12148/bpt6k4156753t/manifest.json'
For more information check: https://developer.mozilla.org/en-US/docs/Web/HTTP/Status/403",2026-07-18T20:18:06.166006
liberation,bpt6k41567547,,failed,0,0,,http_manifest,known,403,manifest,"Client error '403 ' for url 'https://openapiproext.bnf.fr/iiif/presentation/v3/ark:/12148/bpt6k41567547/manifest.json'
For more information check: https://developer.mozilla.org/en-US/docs/Web/HTTP/Status/403",2026-07-18T20:18:07.584323
liberation,bpt6k4156755n,,failed,0,0,,http_manifest,known,403,manifest,"Client error '403 ' for url 'https://openapiproext.bnf.fr/iiif/presentation/v3/ark:/12148/bpt6k4156755n/manifest.json'
For more information check: https://developer.mozilla.org/en-US/docs/Web/HTTP/Status/403",2026-07-18T20:18:08.569060
liberation,bpt6k41567562,,failed,0,0,,http_manifest,known,403,manifest,"Client error '403 ' for url 'https://openapiproext.bnf.fr/iiif/presentation/v3/ark:/12148/bpt6k41567562/manifest.json'
For more information check: https://developer.mozilla.org/en-US/docs/Web/HTTP/Status/403",2026-07-18T20:18:09.759508
liberation,bpt6k4156757g,,failed,0,0,,http_manifest,known,403,manifest,"Client error '403 ' for url 'https://openapiproext.bnf.fr/iiif/presentation/v3/ark:/12148/bpt6k4156757g/manifest.json'
For more information check: https://developer.mozilla.org/en-US/docs/Web/HTTP/Status/403",2026-07-18T20:18:11.132148
liberation,bpt6k4156758w,,failed,0,0,,http_manifest,known,403,manifest,"Client error '403 ' for url 'https://openapiproext.bnf.fr/iiif/presentation/v3/ark:/12148/bpt6k4156758w/manifest.json'
For more information check: https://developer.mozilla.org/en-US/docs/Web/HTTP/Status/403",2026-07-18T20:18:12.228052
liberation,bpt6k41567599,,failed,0,0,,http_manifest,known,403,manifest,"Client error '403 ' for url 'https://openapiproext.bnf.fr/iiif/presentation/v3/ark:/12148/bpt6k41567599/manifest.json'
For more information check: https://developer.mozilla.org/en-US/docs/Web/HTTP/Status/403",2026-07-18T20:18:13.500560
liberation,bpt6k4156760z,,failed,0,0,,http_manifest,known,403,manifest,"Client error '403 ' for url 'https://openapiproext.bnf.fr/iiif/presentation/v3/ark:/12148/bpt6k4156760z/manifest.json'
For more information check: https://developer.mozilla.org/en-US/docs/Web/HTTP/Status/403",2026-07-18T20:18:14.723625
liberation,bpt6k4156761c,,failed,0,0,,http_manifest,known,403,manifest,"Client error '403 ' for url 'https://openapiproext.bnf.fr/iiif/presentation/v3/ark:/12148/bpt6k4156761c/manifest.json'
For more information check: https://developer.mozilla.org/en-US/docs/Web/HTTP/Status/403",2026-07-18T20:18:15.775425
liberation,bpt6k4156762s,,failed,0,0,,http_manifest,known,403,manifest,"Client error '403 ' for url 'https://openapiproext.bnf.fr/iiif/presentation/v3/ark:/12148/bpt6k4156762s/manifest.json'
For more information check: https://developer.mozilla.org/en-US/docs/Web/HTTP/Status/403",2026-07-18T20:18:16.997828
liberation,bpt6k41567636,,failed,0,0,,http_manifest,known,403,manifest,"Client error '403 ' for url 'https://openapiproext.bnf.fr/iiif/presentation/v3/ark:/12148/bpt6k41567636/manifest.json'
For more information check: https://developer.mozilla.org/en-US/docs/Web/HTTP/Status/403",2026-07-18T20:18:18.302435
liberation,bpt6k4156764m,,failed,0,0,,http_manifest,known,403,manifest,"Client error '403 ' for url 'https://openapiproext.bnf.fr/iiif/presentation/v3/ark:/12148/bpt6k4156764m/manifest.json'
For more information check: https://developer.mozilla.org/en-US/docs/Web/HTTP/Status/403",2026-07-18T20:18:19.423474
liberation,bpt6k41567651,,failed,0,0,,http_manifest,known,403,manifest,"Client error '403 ' for url 'https://openapiproext.bnf.fr/iiif/presentation/v3/ark:/12148/bpt6k41567651/manifest.json'
For more information check: https://developer.mozilla.org/en-US/docs/Web/HTTP/Status/403",2026-07-18T20:18:20.592162
liberation,bpt6k4156766f,,failed,0,0,,http_manifest,known,403,manifest,"Client error '403 ' for url 'https://openapiproext.bnf.fr/iiif/presentation/v3/ark:/12148/bpt6k4156766f/manifest.json'
For more information check: https://developer.mozilla.org/en-US/docs/Web/HTTP/Status/403",2026-07-18T20:18:21.948324
liberation,bpt6k4156767v,,failed,0,0,,http_manifest,known,403,manifest,"Client error '403 ' for url 'https://openapiproext.bnf.fr/iiif/presentation/v3/ark:/12148/bpt6k4156767v/manifest.json'
For more information check: https://developer.mozilla.org/en-US/docs/Web/HTTP/Status/403",2026-07-18T20:18:23.008489
liberation,bpt6k41567688,,failed,0,0,,http_manifest,known,403,manifest,"Client error '403 ' for url 'https://openapiproext.bnf.fr/iiif/presentation/v3/ark:/12148/bpt6k41567688/manifest.json'
For more information check: https://developer.mozilla.org/en-US/docs/Web/HTTP/Status/403",2026-07-18T20:18:24.275902
liberation,bpt6k4156769p,,failed,0,0,,http_manifest,known,403,manifest,"Client error '403 ' for url 'https://openapiproext.bnf.fr/iiif/presentation/v3/ark:/12148/bpt6k4156769p/manifest.json'
For more information check: https://developer.mozilla.org/en-US/docs/Web/HTTP/Status/403",2026-07-18T20:18:25.387087
liberation,bpt6k4156770b,,failed,0,0,,http_manifest,known,403,manifest,"Client error '403 ' for url 'https://openapiproext.bnf.fr/iiif/presentation/v3/ark:/12148/bpt6k4156770b/manifest.json'
For more information check: https://developer.mozilla.org/en-US/docs/Web/HTTP/Status/403",2026-07-18T20:18:26.896381
liberation,bpt6k4156771r,,failed,0,0,,http_manifest,known,403,manifest,"Client error '403 ' for url 'https://openapiproext.bnf.fr/iiif/presentation/v3/ark:/12148/bpt6k4156771r/manifest.json'
For more information check: https://developer.mozilla.org/en-US/docs/Web/HTTP/Status/403",2026-07-18T20:18:27.797284
liberation,bpt6k41567725,,failed,0,0,,http_manifest,known,403,manifest,"Client error '403 ' for url 'https://openapiproext.bnf.fr/iiif/presentation/v3/ark:/12148/bpt6k41567725/manifest.json'
For more information check: https://developer.mozilla.org/en-US/docs/Web/HTTP/Status/403",2026-07-18T20:18:28.985021
liberation,bpt6k4156773k,,failed,0,0,,http_manifest,known,403,manifest,"Client error '403 ' for url 'https://openapiproext.bnf.fr/iiif/presentation/v3/ark:/12148/bpt6k4156773k/manifest.json'
For more information check: https://developer.mozilla.org/en-US/docs/Web/HTTP/Status/403",2026-07-18T20:18:30.203051
liberation,bpt6k41567740,,failed,0,0,,http_manifest,known,403,manifest,"Client error '403 ' for url 'https://openapiproext.bnf.fr/iiif/presentation/v3/ark:/12148/bpt6k41567740/manifest.json'
For more information check: https://developer.mozilla.org/en-US/docs/Web/HTTP/Status/403",2026-07-18T20:18:31.389240
liberation,bpt6k4156775d,,failed,0,0,,http_manifest,known,403,manifest,"Client error '403 ' for url 'https://openapiproext.bnf.fr/iiif/presentation/v3/ark:/12148/bpt6k4156775d/manifest.json'
For more information check: https://developer.mozilla.org/en-US/docs/Web/HTTP/Status/403",2026-07-18T20:18:32.617386
liberation,bpt6k4156776t,,failed,0,0,,http_manifest,known,403,manifest,"Client error '403 ' for url 'https://openapiproext.bnf.fr/iiif/presentation/v3/ark:/12148/bpt6k4156776t/manifest.json'
For more information check: https://developer.mozilla.org/en-US/docs/Web/HTTP/Status/403",2026-07-18T20:18:33.803618
liberation,bpt6k41567777,,failed,0,0,,http_manifest,known,403,manifest,"Client error '403 ' for url 'https://openapiproext.bnf.fr/iiif/presentation/v3/ark:/12148/bpt6k41567777/manifest.json'
For more information check: https://developer.mozilla.org/en-US/docs/Web/HTTP/Status/403",2026-07-18T20:18:35.007127
liberation,bpt6k4156778n,,failed,0,0,,http_manifest,known,403,manifest,"Client error '403 ' for url 'https://openapiproext.bnf.fr/iiif/presentation/v3/ark:/12148/bpt6k4156778n/manifest.json'
For more information check: https://developer.mozilla.org/en-US/docs/Web/HTTP/Status/403",2026-07-18T20:18:36.219111
liberation,bpt6k41567792,,failed,0,0,,http_manifest,known,403,manifest,"Client error '403 ' for url 'https://openapiproext.bnf.fr/iiif/presentation/v3/ark:/12148/bpt6k41567792/manifest.json'
For more information check: https://developer.mozilla.org/en-US/docs/Web/HTTP/Status/403",2026-07-18T20:18:37.401320
liberation,bpt6k4156780q,,failed,0,0,,http_manifest,known,403,manifest,"Client error '403 ' for url 'https://openapiproext.bnf.fr/iiif/presentation/v3/ark:/12148/bpt6k4156780q/manifest.json'
For more information check: https://developer.mozilla.org/en-US/docs/Web/HTTP/Status/403",2026-07-18T20:18:38.597803
liberation,bpt6k41567814,,failed,0,0,,http_manifest,known,403,manifest,"Client error '403 ' for url 'https://openapiproext.bnf.fr/iiif/presentation/v3/ark:/12148/bpt6k41567814/manifest.json'
For more information check: https://developer.mozilla.org/en-US/docs/Web/HTTP/Status/403",2026-07-18T20:18:39.815915
liberation,bpt6k4156782j,,failed,0,0,,http_manifest,known,403,manifest,"Client error '403 ' for url 'https://openapiproext.bnf.fr/iiif/presentation/v3/ark:/12148/bpt6k4156782j/manifest.json'
For more information check: https://developer.mozilla.org/en-US/docs/Web/HTTP/Status/403",2026-07-18T20:18:41.002491
liberation,bpt6k4156783z,,failed,0,0,,http_manifest,known,403,manifest,"Client error '403 ' for url 'https://openapiproext.bnf.fr/iiif/presentation/v3/ark:/12148/bpt6k4156783z/manifest.json'
For more information check: https://developer.mozilla.org/en-US/docs/Web/HTTP/Status/403",2026-07-18T20:18:42.210257
liberation,bpt6k4156784c,,failed,0,0,,http_manifest,known,403,manifest,"Client error '403 ' for url 'https://openapiproext.bnf.fr/iiif/presentation/v3/ark:/12148/bpt6k4156784c/manifest.json'
For more information check: https://developer.mozilla.org/en-US/docs/Web/HTTP/Status/403",2026-07-18T20:18:43.423083
liberation,bpt6k4156785s,,failed,0,0,,http_manifest,known,403,manifest,"Client error '403 ' for url 'https://openapiproext.bnf.fr/iiif/presentation/v3/ark:/12148/bpt6k4156785s/manifest.json'
For more information check: https://developer.mozilla.org/en-US/docs/Web/HTTP/Status/403",2026-07-18T20:18:44.609004
liberation,bpt6k41567866,,failed,0,0,,http_manifest,known,403,manifest,"Client error '403 ' for url 'https://openapiproext.bnf.fr/iiif/presentation/v3/ark:/12148/bpt6k41567866/manifest.json'
For more information check: https://developer.mozilla.org/en-US/docs/Web/HTTP/Status/403",2026-07-18T20:18:45.836702
liberation,bpt6k4156787m,,failed,0,0,,http_manifest,known,403,manifest,"Client error '403 ' for url 'https://openapiproext.bnf.fr/iiif/presentation/v3/ark:/12148/bpt6k4156787m/manifest.json'
For more information check: https://developer.mozilla.org/en-US/docs/Web/HTTP/Status/403",2026-07-18T20:18:47.027411
liberation,bpt6k41567881,,failed,0,0,,http_manifest,known,403,manifest,"Client error '403 ' for url 'https://openapiproext.bnf.fr/iiif/presentation/v3/ark:/12148/bpt6k41567881/manifest.json'
For more information check: https://developer.mozilla.org/en-US/docs/Web/HTTP/Status/403",2026-07-18T20:18:48.211136
liberation,bpt6k4156789f,,failed,0,0,,http_manifest,known,403,manifest,"Client error '403 ' for url 'https://openapiproext.bnf.fr/iiif/presentation/v3/ark:/12148/bpt6k4156789f/manifest.json'
For more information check: https://developer.mozilla.org/en-US/docs/Web/HTTP/Status/403",2026-07-18T20:18:49.439226
liberation,bpt6k41567903,,failed,0,0,,http_manifest,known,403,manifest,"Client error '403 ' for url 'https://openapiproext.bnf.fr/iiif/presentation/v3/ark:/12148/bpt6k41567903/manifest.json'
For more information check: https://developer.mozilla.org/en-US/docs/Web/HTTP/Status/403",2026-07-18T20:18:50.620808
liberation,bpt6k4156791h,,failed,0,0,,http_manifest,known,403,manifest,"Client error '403 ' for url 'https://openapiproext.bnf.fr/iiif/presentation/v3/ark:/12148/bpt6k4156791h/manifest.json'
For more information check: https://developer.mozilla.org/en-US/docs/Web/HTTP/Status/403",2026-07-18T20:18:51.839848
liberation,bpt6k4156792x,,failed,0,0,,http_manifest,known,403,manifest,"Client error '403 ' for url 'https://openapiproext.bnf.fr/iiif/presentation/v3/ark:/12148/bpt6k4156792x/manifest.json'
For more information check: https://developer.mozilla.org/en-US/docs/Web/HTTP/Status/403",2026-07-18T20:18:53.030054
liberation,bpt6k4156793b,,failed,0,0,,http_manifest,known,403,manifest,"Client error '403 ' for url 'https://openapiproext.bnf.fr/iiif/presentation/v3/ark:/12148/bpt6k4156793b/manifest.json'
For more information check: https://developer.mozilla.org/en-US/docs/Web/HTTP/Status/403",2026-07-18T20:18:54.219075
liberation,bpt6k4156794r,,failed,0,0,,http_manifest,known,403,manifest,"Client error '403 ' for url 'https://openapiproext.bnf.fr/iiif/presentation/v3/ark:/12148/bpt6k4156794r/manifest.json'
For more information check: https://developer.mozilla.org/en-US/docs/Web/HTTP/Status/403",2026-07-18T20:18:55.447287
liberation,bpt6k41567955,,failed,0,0,,http_manifest,known,403,manifest,"Client error '403 ' for url 'https://openapiproext.bnf.fr/iiif/presentation/v3/ark:/12148/bpt6k41567955/manifest.json'
For more information check: https://developer.mozilla.org/en-US/docs/Web/HTTP/Status/403",2026-07-18T20:18:56.623317
liberation,bpt6k4156796k,,failed,0,0,,http_manifest,known,403,manifest,"Client error '403 ' for url 'https://openapiproext.bnf.fr/iiif/presentation/v3/ark:/12148/bpt6k4156796k/manifest.json'
For more information check: https://developer.mozilla.org/en-US/docs/Web/HTTP/Status/403",2026-07-18T20:18:57.819698
liberation,bpt6k41567970,,failed,0,0,,http_manifest,known,403,manifest,"Client error '403 ' for url 'https://openapiproext.bnf.fr/iiif/presentation/v3/ark:/12148/bpt6k41567970/manifest.json'
For more information check: https://developer.mozilla.org/en-US/docs/Web/HTTP/Status/403",2026-07-18T20:18:59.049975
liberation,bpt6k4156798d,,failed,0,0,,http_manifest,known,403,manifest,"Client error '403 ' for url 'https://openapiproext.bnf.fr/iiif/presentation/v3/ark:/12148/bpt6k4156798d/manifest.json'
For more information check: https://developer.mozilla.org/en-US/docs/Web/HTTP/Status/403",2026-07-18T20:19:00.226053
liberation,bpt6k4156799t,,failed,0,0,,http_manifest,known,403,manifest,"Client error '403 ' for url 'https://openapiproext.bnf.fr/iiif/presentation/v3/ark:/12148/bpt6k4156799t/manifest.json'
For more information check: https://developer.mozilla.org/en-US/docs/Web/HTTP/Status/403",2026-07-18T20:19:01.453898
liberation,bpt6k41568001,,failed,0,0,,http_manifest,known,403,manifest,"Client error '403 ' for url 'https://openapiproext.bnf.fr/iiif/presentation/v3/ark:/12148/bpt6k41568001/manifest.json'
For more information check: https://developer.mozilla.org/en-US/docs/Web/HTTP/Status/403",2026-07-18T20:19:02.644005
liberation,bpt6k4156801f,,failed,0,0,,http_manifest,known,403,manifest,"Client error '403 ' for url 'https://openapiproext.bnf.fr/iiif/presentation/v3/ark:/12148/bpt6k4156801f/manifest.json'
For more information check: https://developer.mozilla.org/en-US/docs/Web/HTTP/Status/403",2026-07-18T20:19:03.926716
liberation,bpt6k4156802v,,failed,0,0,,http_manifest,known,403,manifest,"Client error '403 ' for url 'https://openapiproext.bnf.fr/iiif/presentation/v3/ark:/12148/bpt6k4156802v/manifest.json'
For more information check: https://developer.mozilla.org/en-US/docs/Web/HTTP/Status/403",2026-07-18T20:19:05.059995
liberation,bpt6k41568038,,failed,0,0,,http_manifest,known,403,manifest,"Client error '403 ' for url 'https://openapiproext.bnf.fr/iiif/presentation/v3/ark:/12148/bpt6k41568038/manifest.json'
For more information check: https://developer.mozilla.org/en-US/docs/Web/HTTP/Status/403",2026-07-18T20:19:06.242277
liberation,bpt6k4156804p,,failed,0,0,,http_manifest,known,403,manifest,"Client error '403 ' for url 'https://openapiproext.bnf.fr/iiif/presentation/v3/ark:/12148/bpt6k4156804p/manifest.json'
For more information check: https://developer.mozilla.org/en-US/docs/Web/HTTP/Status/403",2026-07-18T20:19:07.433290
liberation,bpt6k41568053,,failed,0,0,,http_manifest,known,403,manifest,"Client error '403 ' for url 'https://openapiproext.bnf.fr/iiif/presentation/v3/ark:/12148/bpt6k41568053/manifest.json'
For more information check: https://developer.mozilla.org/en-US/docs/Web/HTTP/Status/403",2026-07-18T20:19:08.683874
liberation,bpt6k4156806h,,failed,0,0,,http_manifest,known,403,manifest,"Client error '403 ' for url 'https://openapiproext.bnf.fr/iiif/presentation/v3/ark:/12148/bpt6k4156806h/manifest.json'
For more information check: https://developer.mozilla.org/en-US/docs/Web/HTTP/Status/403",2026-07-18T20:19:09.940266
liberation,bpt6k4156807x,,failed,0,0,,http_manifest,known,403,manifest,"Client error '403 ' for url 'https://openapiproext.bnf.fr/iiif/presentation/v3/ark:/12148/bpt6k4156807x/manifest.json'
For more information check: https://developer.mozilla.org/en-US/docs/Web/HTTP/Status/403",2026-07-18T20:19:11.200976
liberation,bpt6k4156808b,,failed,0,0,,http_manifest,known,403,manifest,"Client error '403 ' for url 'https://openapiproext.bnf.fr/iiif/presentation/v3/ark:/12148/bpt6k4156808b/manifest.json'
For more information check: https://developer.mozilla.org/en-US/docs/Web/HTTP/Status/403",2026-07-18T20:19:12.300199
liberation,bpt6k4156809r,,failed,0,0,,http_manifest,known,403,manifest,"Client error '403 ' for url 'https://openapiproext.bnf.fr/iiif/presentation/v3/ark:/12148/bpt6k4156809r/manifest.json'
For more information check: https://developer.mozilla.org/en-US/docs/Web/HTTP/Status/403",2026-07-18T20:19:13.541230
liberation,bpt6k4156810d,,failed,0,0,,http_manifest,known,403,manifest,"Client error '403 ' for url 'https://openapiproext.bnf.fr/iiif/presentation/v3/ark:/12148/bpt6k4156810d/manifest.json'
For more information check: https://developer.mozilla.org/en-US/docs/Web/HTTP/Status/403",2026-07-18T20:19:14.664361
liberation,bpt6k4156811t,,failed,0,0,,http_manifest,known,403,manifest,"Client error '403 ' for url 'https://openapiproext.bnf.fr/iiif/presentation/v3/ark:/12148/bpt6k4156811t/manifest.json'
For more information check: https://developer.mozilla.org/en-US/docs/Web/HTTP/Status/403",2026-07-18T20:19:15.866328
liberation,bpt6k41568127,,failed,0,0,,http_manifest,known,403,manifest,"Client error '403 ' for url 'https://openapiproext.bnf.fr/iiif/presentation/v3/ark:/12148/bpt6k41568127/manifest.json'
For more information check: https://developer.mozilla.org/en-US/docs/Web/HTTP/Status/403",2026-07-18T20:19:17.275801
liberation,bpt6k4156813n,,failed,0,0,,http_manifest,known,403,manifest,"Client error '403 ' for url 'https://openapiproext.bnf.fr/iiif/presentation/v3/ark:/12148/bpt6k4156813n/manifest.json'
For more information check: https://developer.mozilla.org/en-US/docs/Web/HTTP/Status/403",2026-07-18T20:19:18.366732
liberation,bpt6k41568142,,failed,0,0,,http_manifest,known,403,manifest,"Client error '403 ' for url 'https://openapiproext.bnf.fr/iiif/presentation/v3/ark:/12148/bpt6k41568142/manifest.json'
For more information check: https://developer.mozilla.org/en-US/docs/Web/HTTP/Status/403",2026-07-18T20:19:19.744681
liberation,bpt6k4156815g,,failed,0,0,,http_manifest,known,403,manifest,"Client error '403 ' for url 'https://openapiproext.bnf.fr/iiif/presentation/v3/ark:/12148/bpt6k4156815g/manifest.json'
For more information check: https://developer.mozilla.org/en-US/docs/Web/HTTP/Status/403",2026-07-18T20:19:20.938163
liberation,bpt6k4156816w,,failed,0,0,,http_manifest,known,403,manifest,"Client error '403 ' for url 'https://openapiproext.bnf.fr/iiif/presentation/v3/ark:/12148/bpt6k4156816w/manifest.json'
For more information check: https://developer.mozilla.org/en-US/docs/Web/HTTP/Status/403",2026-07-18T20:19:21.957843
liberation,bpt6k41568179,,failed,0,0,,http_manifest,known,403,manifest,"Client error '403 ' for url 'https://openapiproext.bnf.fr/iiif/presentation/v3/ark:/12148/bpt6k41568179/manifest.json'
For more information check: https://developer.mozilla.org/en-US/docs/Web/HTTP/Status/403",2026-07-18T20:19:23.052162
liberation,bpt6k4156818q,,failed,0,0,,http_manifest,known,403,manifest,"Client error '403 ' for url 'https://openapiproext.bnf.fr/iiif/presentation/v3/ark:/12148/bpt6k4156818q/manifest.json'
For more information check: https://developer.mozilla.org/en-US/docs/Web/HTTP/Status/403",2026-07-18T20:19:24.292138
liberation,bpt6k41568194,,failed,0,0,,http_manifest,known,403,manifest,"Client error '403 ' for url 'https://openapiproext.bnf.fr/iiif/presentation/v3/ark:/12148/bpt6k41568194/manifest.json'
For more information check: https://developer.mozilla.org/en-US/docs/Web/HTTP/Status/403",2026-07-18T20:19:25.508071
liberation,bpt6k4156820s,,failed,0,0,,http_manifest,known,403,manifest,"Client error '403 ' for url 'https://openapiproext.bnf.fr/iiif/presentation/v3/ark:/12148/bpt6k4156820s/manifest.json'
For more information check: https://developer.mozilla.org/en-US/docs/Web/HTTP/Status/403",2026-07-18T20:19:26.652734
liberation,bpt6k41568216,,failed,0,0,,http_manifest,known,403,manifest,"Client error '403 ' for url 'https://openapiproext.bnf.fr/iiif/presentation/v3/ark:/12148/bpt6k41568216/manifest.json'
For more information check: https://developer.mozilla.org/en-US/docs/Web/HTTP/Status/403",2026-07-18T20:19:28.100302
liberation,bpt6k4156822m,,failed,0,0,,http_manifest,known,403,manifest,"Client error '403 ' for url 'https://openapiproext.bnf.fr/iiif/presentation/v3/ark:/12148/bpt6k4156822m/manifest.json'
For more information check: https://developer.mozilla.org/en-US/docs/Web/HTTP/Status/403",2026-07-18T20:19:29.080945
liberation,bpt6k41568231,,failed,0,0,,http_manifest,known,403,manifest,"Client error '403 ' for url 'https://openapiproext.bnf.fr/iiif/presentation/v3/ark:/12148/bpt6k41568231/manifest.json'
For more information check: https://developer.mozilla.org/en-US/docs/Web/HTTP/Status/403",2026-07-18T20:19:30.288717
liberation,bpt6k4156824f,,failed,0,0,,http_manifest,known,403,manifest,"Client error '403 ' for url 'https://openapiproext.bnf.fr/iiif/presentation/v3/ark:/12148/bpt6k4156824f/manifest.json'
For more information check: https://developer.mozilla.org/en-US/docs/Web/HTTP/Status/403",2026-07-18T20:19:31.475230
liberation,bpt6k4156825v,,failed,0,0,,http_manifest,known,403,manifest,"Client error '403 ' for url 'https://openapiproext.bnf.fr/iiif/presentation/v3/ark:/12148/bpt6k4156825v/manifest.json'
For more information check: https://developer.mozilla.org/en-US/docs/Web/HTTP/Status/403",2026-07-18T20:19:32.668864
liberation,bpt6k41568268,,failed,0,0,,http_manifest,known,403,manifest,"Client error '403 ' for url 'https://openapiproext.bnf.fr/iiif/presentation/v3/ark:/12148/bpt6k41568268/manifest.json'
For more information check: https://developer.mozilla.org/en-US/docs/Web/HTTP/Status/403",2026-07-18T20:19:33.864961
liberation,bpt6k4156827p,,failed,0,0,,http_manifest,known,403,manifest,"Client error '403 ' for url 'https://openapiproext.bnf.fr/iiif/presentation/v3/ark:/12148/bpt6k4156827p/manifest.json'
For more information check: https://developer.mozilla.org/en-US/docs/Web/HTTP/Status/403",2026-07-18T20:19:35.075985
liberation,bpt6k41568283,,failed,0,0,,http_manifest,known,403,manifest,"Client error '403 ' for url 'https://openapiproext.bnf.fr/iiif/presentation/v3/ark:/12148/bpt6k41568283/manifest.json'
For more information check: https://developer.mozilla.org/en-US/docs/Web/HTTP/Status/403",2026-07-18T20:19:36.265338
liberation,bpt6k4156829h,,failed,0,0,,http_manifest,known,403,manifest,"Client error '403 ' for url 'https://openapiproext.bnf.fr/iiif/presentation/v3/ark:/12148/bpt6k4156829h/manifest.json'
For more information check: https://developer.mozilla.org/en-US/docs/Web/HTTP/Status/403",2026-07-18T20:19:37.483457
liberation,bpt6k41568305,,failed,0,0,,http_manifest,known,403,manifest,"Client error '403 ' for url 'https://openapiproext.bnf.fr/iiif/presentation/v3/ark:/12148/bpt6k41568305/manifest.json'
For more information check: https://developer.mozilla.org/en-US/docs/Web/HTTP/Status/403",2026-07-18T20:19:38.693173
liberation,bpt6k4156831k,,failed,0,0,,http_manifest,known,403,manifest,"Client error '403 ' for url 'https://openapiproext.bnf.fr/iiif/presentation/v3/ark:/12148/bpt6k4156831k/manifest.json'
For more information check: https://developer.mozilla.org/en-US/docs/Web/HTTP/Status/403",2026-07-18T20:19:39.894325
liberation,bpt6k41568320,,failed,0,0,,http_manifest,known,403,manifest,"Client error '403 ' for url 'https://openapiproext.bnf.fr/iiif/presentation/v3/ark:/12148/bpt6k41568320/manifest.json'
For more information check: https://developer.mozilla.org/en-US/docs/Web/HTTP/Status/403",2026-07-18T20:19:41.081457
liberation,bpt6k4156833d,,failed,0,0,,http_manifest,known,403,manifest,"Client error '403 ' for url 'https://openapiproext.bnf.fr/iiif/presentation/v3/ark:/12148/bpt6k4156833d/manifest.json'
For more information check: https://developer.mozilla.org/en-US/docs/Web/HTTP/Status/403",2026-07-18T20:19:42.274809
liberation,bpt6k4156834t,,failed,0,0,,http_manifest,known,403,manifest,"Client error '403 ' for url 'https://openapiproext.bnf.fr/iiif/presentation/v3/ark:/12148/bpt6k4156834t/manifest.json'
For more information check: https://developer.mozilla.org/en-US/docs/Web/HTTP/Status/403",2026-07-18T20:19:43.475393
liberation,bpt6k41568357,,failed,0,0,,http_manifest,known,403,manifest,"Client error '403 ' for url 'https://openapiproext.bnf.fr/iiif/presentation/v3/ark:/12148/bpt6k41568357/manifest.json'
For more information check: https://developer.mozilla.org/en-US/docs/Web/HTTP/Status/403",2026-07-18T20:19:44.672887
liberation,bpt6k4156836n,,failed,0,0,,http_manifest,known,403,manifest,"Client error '403 ' for url 'https://openapiproext.bnf.fr/iiif/presentation/v3/ark:/12148/bpt6k4156836n/manifest.json'
For more information check: https://developer.mozilla.org/en-US/docs/Web/HTTP/Status/403",2026-07-18T20:19:45.875939
liberation,bpt6k41568372,,failed,0,0,,http_manifest,known,403,manifest,"Client error '403 ' for url 'https://openapiproext.bnf.fr/iiif/presentation/v3/ark:/12148/bpt6k41568372/manifest.json'
For more information check: https://developer.mozilla.org/en-US/docs/Web/HTTP/Status/403",2026-07-18T20:19:47.086739
liberation,bpt6k4156838g,,failed,0,0,,http_manifest,known,403,manifest,"Client error '403 ' for url 'https://openapiproext.bnf.fr/iiif/presentation/v3/ark:/12148/bpt6k4156838g/manifest.json'
For more information check: https://developer.mozilla.org/en-US/docs/Web/HTTP/Status/403",2026-07-18T20:19:48.301572
liberation,bpt6k4156839w,,failed,0,0,,http_manifest,known,403,manifest,"Client error '403 ' for url 'https://openapiproext.bnf.fr/iiif/presentation/v3/ark:/12148/bpt6k4156839w/manifest.json'
For more information check: https://developer.mozilla.org/en-US/docs/Web/HTTP/Status/403",2026-07-18T20:19:49.503340
liberation,bpt6k4156840j,,failed,0,0,,http_manifest,known,403,manifest,"Client error '403 ' for url 'https://openapiproext.bnf.fr/iiif/presentation/v3/ark:/12148/bpt6k4156840j/manifest.json'
For more information check: https://developer.mozilla.org/en-US/docs/Web/HTTP/Status/403",2026-07-18T20:19:50.698172
liberation,bpt6k4156841z,,failed,0,0,,http_manifest,known,403,manifest,"Client error '403 ' for url 'https://openapiproext.bnf.fr/iiif/presentation/v3/ark:/12148/bpt6k4156841z/manifest.json'
For more information check: https://developer.mozilla.org/en-US/docs/Web/HTTP/Status/403",2026-07-18T20:19:51.886512
liberation,bpt6k4156842c,,failed,0,0,,http_manifest,known,403,manifest,"Client error '403 ' for url 'https://openapiproext.bnf.fr/iiif/presentation/v3/ark:/12148/bpt6k4156842c/manifest.json'
For more information check: https://developer.mozilla.org/en-US/docs/Web/HTTP/Status/403",2026-07-18T20:19:53.083887
liberation,bpt6k4156843s,,failed,0,0,,http_manifest,known,403,manifest,"Client error '403 ' for url 'https://openapiproext.bnf.fr/iiif/presentation/v3/ark:/12148/bpt6k4156843s/manifest.json'
For more information check: https://developer.mozilla.org/en-US/docs/Web/HTTP/Status/403",2026-07-18T20:19:54.288009
liberation,bpt6k41568446,,failed,0,0,,http_manifest,known,403,manifest,"Client error '403 ' for url 'https://openapiproext.bnf.fr/iiif/presentation/v3/ark:/12148/bpt6k41568446/manifest.json'
For more information check: https://developer.mozilla.org/en-US/docs/Web/HTTP/Status/403",2026-07-18T20:19:55.486726
liberation,bpt6k4156845m,,failed,0,0,,http_manifest,known,403,manifest,"Client error '403 ' for url 'https://openapiproext.bnf.fr/iiif/presentation/v3/ark:/12148/bpt6k4156845m/manifest.json'
For more information check: https://developer.mozilla.org/en-US/docs/Web/HTTP/Status/403",2026-07-18T20:19:56.722547
liberation,bpt6k41568461,,failed,0,0,,http_manifest,known,403,manifest,"Client error '403 ' for url 'https://openapiproext.bnf.fr/iiif/presentation/v3/ark:/12148/bpt6k41568461/manifest.json'
For more information check: https://developer.mozilla.org/en-US/docs/Web/HTTP/Status/403",2026-07-18T20:19:57.918418
liberation,bpt6k4156847f,,failed,0,0,,http_manifest,known,403,manifest,"Client error '403 ' for url 'https://openapiproext.bnf.fr/iiif/presentation/v3/ark:/12148/bpt6k4156847f/manifest.json'
For more information check: https://developer.mozilla.org/en-US/docs/Web/HTTP/Status/403",2026-07-18T20:19:59.118228
liberation,bpt6k4156848v,,failed,0,0,,http_manifest,known,403,manifest,"Client error '403 ' for url 'https://openapiproext.bnf.fr/iiif/presentation/v3/ark:/12148/bpt6k4156848v/manifest.json'
For more information check: https://developer.mozilla.org/en-US/docs/Web/HTTP/Status/403",2026-07-18T20:20:00.307937
liberation,bpt6k41568498,,failed,0,0,,http_manifest,known,403,manifest,"Client error '403 ' for url 'https://openapiproext.bnf.fr/iiif/presentation/v3/ark:/12148/bpt6k41568498/manifest.json'
For more information check: https://developer.mozilla.org/en-US/docs/Web/HTTP/Status/403",2026-07-18T20:20:01.502513
liberation,bpt6k4156850x,,failed,0,0,,http_manifest,known,403,manifest,"Client error '403 ' for url 'https://openapiproext.bnf.fr/iiif/presentation/v3/ark:/12148/bpt6k4156850x/manifest.json'
For more information check: https://developer.mozilla.org/en-US/docs/Web/HTTP/Status/403",2026-07-18T20:20:02.696807
liberation,bpt6k4156851b,,failed,0,0,,http_manifest,known,403,manifest,"Client error '403 ' for url 'https://openapiproext.bnf.fr/iiif/presentation/v3/ark:/12148/bpt6k4156851b/manifest.json'
For more information check: https://developer.mozilla.org/en-US/docs/Web/HTTP/Status/403",2026-07-18T20:20:03.901442
liberation,bpt6k4156852r,,failed,0,0,,http_manifest,known,403,manifest,"Client error '403 ' for url 'https://openapiproext.bnf.fr/iiif/presentation/v3/ark:/12148/bpt6k4156852r/manifest.json'
For more information check: https://developer.mozilla.org/en-US/docs/Web/HTTP/Status/403",2026-07-18T20:20:05.098472
liberation,bpt6k41568535,,failed,0,0,,http_manifest,known,403,manifest,"Client error '403 ' for url 'https://openapiproext.bnf.fr/iiif/presentation/v3/ark:/12148/bpt6k41568535/manifest.json'
For more information check: https://developer.mozilla.org/en-US/docs/Web/HTTP/Status/403",2026-07-18T20:20:06.317177
liberation,bpt6k4156854k,,failed,0,0,,http_manifest,known,403,manifest,"Client error '403 ' for url 'https://openapiproext.bnf.fr/iiif/presentation/v3/ark:/12148/bpt6k4156854k/manifest.json'
For more information check: https://developer.mozilla.org/en-US/docs/Web/HTTP/Status/403",2026-07-18T20:20:07.783715
liberation,bpt6k41568550,,failed,0,0,,http_manifest,known,403,manifest,"Client error '403 ' for url 'https://openapiproext.bnf.fr/iiif/presentation/v3/ark:/12148/bpt6k41568550/manifest.json'
For more information check: https://developer.mozilla.org/en-US/docs/Web/HTTP/Status/403",2026-07-18T20:20:08.978235
liberation,bpt6k4156856d,,failed,0,0,,http_manifest,known,403,manifest,"Client error '403 ' for url 'https://openapiproext.bnf.fr/iiif/presentation/v3/ark:/12148/bpt6k4156856d/manifest.json'
For more information check: https://developer.mozilla.org/en-US/docs/Web/HTTP/Status/403",2026-07-18T20:20:10.079578
liberation,bpt6k4156857t,,failed,0,0,,http_manifest,known,403,manifest,"Client error '403 ' for url 'https://openapiproext.bnf.fr/iiif/presentation/v3/ark:/12148/bpt6k4156857t/manifest.json'
For more information check: https://developer.mozilla.org/en-US/docs/Web/HTTP/Status/403",2026-07-18T20:20:11.115832
liberation,bpt6k41568587,,failed,0,0,,http_manifest,known,403,manifest,"Client error '403 ' for url 'https://openapiproext.bnf.fr/iiif/presentation/v3/ark:/12148/bpt6k41568587/manifest.json'
For more information check: https://developer.mozilla.org/en-US/docs/Web/HTTP/Status/403",2026-07-18T20:20:12.513670
liberation,bpt6k4156859n,,failed,0,0,,http_manifest,known,403,manifest,"Client error '403 ' for url 'https://openapiproext.bnf.fr/iiif/presentation/v3/ark:/12148/bpt6k4156859n/manifest.json'
For more information check: https://developer.mozilla.org/en-US/docs/Web/HTTP/Status/403",2026-07-18T20:20:13.678552
liberation,bpt6k41568609,,failed,0,0,,http_manifest,known,403,manifest,"Client error '403 ' for url 'https://openapiproext.bnf.fr/iiif/presentation/v3/ark:/12148/bpt6k41568609/manifest.json'
For more information check: https://developer.mozilla.org/en-US/docs/Web/HTTP/Status/403",2026-07-18T20:20:14.709256
liberation,bpt6k4156861q,,failed,0,0,,http_manifest,known,403,manifest,"Client error '403 ' for url 'https://openapiproext.bnf.fr/iiif/presentation/v3/ark:/12148/bpt6k4156861q/manifest.json'
For more information check: https://developer.mozilla.org/en-US/docs/Web/HTTP/Status/403",2026-07-18T20:20:16.072178
liberation,bpt6k41568624,,failed,0,0,,http_manifest,known,403,manifest,"Client error '403 ' for url 'https://openapiproext.bnf.fr/iiif/presentation/v3/ark:/12148/bpt6k41568624/manifest.json'
For more information check: https://developer.mozilla.org/en-US/docs/Web/HTTP/Status/403",2026-07-18T20:20:17.138859
liberation,bpt6k4156863j,,failed,0,0,,http_manifest,known,403,manifest,"Client error '403 ' for url 'https://openapiproext.bnf.fr/iiif/presentation/v3/ark:/12148/bpt6k4156863j/manifest.json'
For more information check: https://developer.mozilla.org/en-US/docs/Web/HTTP/Status/403",2026-07-18T20:20:18.347423
liberation,bpt6k4156864z,,failed,0,0,,http_manifest,known,403,manifest,"Client error '403 ' for url 'https://openapiproext.bnf.fr/iiif/presentation/v3/ark:/12148/bpt6k4156864z/manifest.json'
For more information check: https://developer.mozilla.org/en-US/docs/Web/HTTP/Status/403",2026-07-18T20:20:19.528024
liberation,bpt6k4156865c,,failed,0,0,,http_manifest,known,403,manifest,"Client error '403 ' for url 'https://openapiproext.bnf.fr/iiif/presentation/v3/ark:/12148/bpt6k4156865c/manifest.json'
For more information check: https://developer.mozilla.org/en-US/docs/Web/HTTP/Status/403",2026-07-18T20:20:20.782629
liberation,bpt6k4156866s,,failed,0,0,,http_manifest,known,403,manifest,"Client error '403 ' for url 'https://openapiproext.bnf.fr/iiif/presentation/v3/ark:/12148/bpt6k4156866s/manifest.json'
For more information check: https://developer.mozilla.org/en-US/docs/Web/HTTP/Status/403",2026-07-18T20:20:22.047293
liberation,bpt6k41568676,,failed,0,0,,http_manifest,known,403,manifest,"Client error '403 ' for url 'https://openapiproext.bnf.fr/iiif/presentation/v3/ark:/12148/bpt6k41568676/manifest.json'
For more information check: https://developer.mozilla.org/en-US/docs/Web/HTTP/Status/403",2026-07-18T20:20:23.204957
liberation,bpt6k4156868m,,failed,0,0,,http_manifest,known,403,manifest,"Client error '403 ' for url 'https://openapiproext.bnf.fr/iiif/presentation/v3/ark:/12148/bpt6k4156868m/manifest.json'
For more information check: https://developer.mozilla.org/en-US/docs/Web/HTTP/Status/403",2026-07-18T20:20:24.374415
liberation,bpt6k41568691,,failed,0,0,,http_manifest,known,403,manifest,"Client error '403 ' for url 'https://openapiproext.bnf.fr/iiif/presentation/v3/ark:/12148/bpt6k41568691/manifest.json'
For more information check: https://developer.mozilla.org/en-US/docs/Web/HTTP/Status/403",2026-07-18T20:20:25.552711
liberation,bpt6k4156870p,,failed,0,0,,http_manifest,known,403,manifest,"Client error '403 ' for url 'https://openapiproext.bnf.fr/iiif/presentation/v3/ark:/12148/bpt6k4156870p/manifest.json'
For more information check: https://developer.mozilla.org/en-US/docs/Web/HTTP/Status/403",2026-07-18T20:20:26.748409
liberation,bpt6k41568713,,failed,0,0,,http_manifest,known,403,manifest,"Client error '403 ' for url 'https://openapiproext.bnf.fr/iiif/presentation/v3/ark:/12148/bpt6k41568713/manifest.json'
For more information check: https://developer.mozilla.org/en-US/docs/Web/HTTP/Status/403",2026-07-18T20:20:27.950014
liberation,bpt6k4156872h,,failed,0,0,,http_manifest,known,403,manifest,"Client error '403 ' for url 'https://openapiproext.bnf.fr/iiif/presentation/v3/ark:/12148/bpt6k4156872h/manifest.json'
For more information check: https://developer.mozilla.org/en-US/docs/Web/HTTP/Status/403",2026-07-18T20:20:29.138246
liberation,bpt6k4156873x,,failed,0,0,,http_manifest,known,403,manifest,"Client error '403 ' for url 'https://openapiproext.bnf.fr/iiif/presentation/v3/ark:/12148/bpt6k4156873x/manifest.json'
For more information check: https://developer.mozilla.org/en-US/docs/Web/HTTP/Status/403",2026-07-18T20:20:30.345880
liberation,bpt6k4156874b,,failed,0,0,,http_manifest,known,403,manifest,"Client error '403 ' for url 'https://openapiproext.bnf.fr/iiif/presentation/v3/ark:/12148/bpt6k4156874b/manifest.json'
For more information check: https://developer.mozilla.org/en-US/docs/Web/HTTP/Status/403",2026-07-18T20:20:31.529778
liberation,bpt6k4156875r,,failed,0,0,,http_manifest,known,403,manifest,"Client error '403 ' for url 'https://openapiproext.bnf.fr/iiif/presentation/v3/ark:/12148/bpt6k4156875r/manifest.json'
For more information check: https://developer.mozilla.org/en-US/docs/Web/HTTP/Status/403",2026-07-18T20:20:32.733514
liberation,bpt6k41568765,,failed,0,0,,http_manifest,known,403,manifest,"Client error '403 ' for url 'https://openapiproext.bnf.fr/iiif/presentation/v3/ark:/12148/bpt6k41568765/manifest.json'
For more information check: https://developer.mozilla.org/en-US/docs/Web/HTTP/Status/403",2026-07-18T20:20:33.931282
liberation,bpt6k4156877k,,failed,0,0,,http_manifest,known,403,manifest,"Client error '403 ' for url 'https://openapiproext.bnf.fr/iiif/presentation/v3/ark:/12148/bpt6k4156877k/manifest.json'
For more information check: https://developer.mozilla.org/en-US/docs/Web/HTTP/Status/403",2026-07-18T20:20:35.157773
liberation,bpt6k41568780,,failed,0,0,,http_manifest,known,403,manifest,"Client error '403 ' for url 'https://openapiproext.bnf.fr/iiif/presentation/v3/ark:/12148/bpt6k41568780/manifest.json'
For more information check: https://developer.mozilla.org/en-US/docs/Web/HTTP/Status/403",2026-07-18T20:20:36.363161
liberation,bpt6k4156879d,,failed,0,0,,http_manifest,known,403,manifest,"Client error '403 ' for url 'https://openapiproext.bnf.fr/iiif/presentation/v3/ark:/12148/bpt6k4156879d/manifest.json'
For more information check: https://developer.mozilla.org/en-US/docs/Web/HTTP/Status/403",2026-07-18T20:20:37.561401
liberation,bpt6k41568802,,failed,0,0,,http_manifest,known,403,manifest,"Client error '403 ' for url 'https://openapiproext.bnf.fr/iiif/presentation/v3/ark:/12148/bpt6k41568802/manifest.json'
For more information check: https://developer.mozilla.org/en-US/docs/Web/HTTP/Status/403",2026-07-18T20:20:38.736322
liberation,bpt6k4156881g,,failed,0,0,,http_manifest,known,403,manifest,"Client error '403 ' for url 'https://openapiproext.bnf.fr/iiif/presentation/v3/ark:/12148/bpt6k4156881g/manifest.json'
For more information check: https://developer.mozilla.org/en-US/docs/Web/HTTP/Status/403",2026-07-18T20:20:39.941518
liberation,bpt6k4156882w,,failed,0,0,,http_manifest,known,403,manifest,"Client error '403 ' for url 'https://openapiproext.bnf.fr/iiif/presentation/v3/ark:/12148/bpt6k4156882w/manifest.json'
For more information check: https://developer.mozilla.org/en-US/docs/Web/HTTP/Status/403",2026-07-18T20:20:41.140350
liberation,bpt6k41568839,,failed,0,0,,http_manifest,known,403,manifest,"Client error '403 ' for url 'https://openapiproext.bnf.fr/iiif/presentation/v3/ark:/12148/bpt6k41568839/manifest.json'
For more information check: https://developer.mozilla.org/en-US/docs/Web/HTTP/Status/403",2026-07-18T20:20:42.345231
liberation,bpt6k4156884q,,failed,0,0,,http_manifest,known,403,manifest,"Client error '403 ' for url 'https://openapiproext.bnf.fr/iiif/presentation/v3/ark:/12148/bpt6k4156884q/manifest.json'
For more information check: https://developer.mozilla.org/en-US/docs/Web/HTTP/Status/403",2026-07-18T20:20:43.545157
liberation,bpt6k41568854,,failed,0,0,,http_manifest,known,403,manifest,"Client error '403 ' for url 'https://openapiproext.bnf.fr/iiif/presentation/v3/ark:/12148/bpt6k41568854/manifest.json'
For more information check: https://developer.mozilla.org/en-US/docs/Web/HTTP/Status/403",2026-07-18T20:20:44.761503
liberation,bpt6k4156886j,,failed,0,0,,http_manifest,known,403,manifest,"Client error '403 ' for url 'https://openapiproext.bnf.fr/iiif/presentation/v3/ark:/12148/bpt6k4156886j/manifest.json'
For more information check: https://developer.mozilla.org/en-US/docs/Web/HTTP/Status/403",2026-07-18T20:20:45.958420
liberation,bpt6k4156887z,,failed,0,0,,http_manifest,known,403,manifest,"Client error '403 ' for url 'https://openapiproext.bnf.fr/iiif/presentation/v3/ark:/12148/bpt6k4156887z/manifest.json'
For more information check: https://developer.mozilla.org/en-US/docs/Web/HTTP/Status/403",2026-07-18T20:20:47.171690
liberation,bpt6k4156888c,,failed,0,0,,http_manifest,known,403,manifest,"Client error '403 ' for url 'https://openapiproext.bnf.fr/iiif/presentation/v3/ark:/12148/bpt6k4156888c/manifest.json'
For more information check: https://developer.mozilla.org/en-US/docs/Web/HTTP/Status/403",2026-07-18T20:20:48.360069
liberation,bpt6k4156889s,,failed,0,0,,http_manifest,known,403,manifest,"Client error '403 ' for url 'https://openapiproext.bnf.fr/iiif/presentation/v3/ark:/12148/bpt6k4156889s/manifest.json'
For more information check: https://developer.mozilla.org/en-US/docs/Web/HTTP/Status/403",2026-07-18T20:20:49.551948
liberation,bpt6k4156890f,,failed,0,0,,http_manifest,known,403,manifest,"Client error '403 ' for url 'https://openapiproext.bnf.fr/iiif/presentation/v3/ark:/12148/bpt6k4156890f/manifest.json'
For more information check: https://developer.mozilla.org/en-US/docs/Web/HTTP/Status/403",2026-07-18T20:20:50.751040
liberation,bpt6k4156891v,,failed,0,0,,http_manifest,known,403,manifest,"Client error '403 ' for url 'https://openapiproext.bnf.fr/iiif/presentation/v3/ark:/12148/bpt6k4156891v/manifest.json'
For more information check: https://developer.mozilla.org/en-US/docs/Web/HTTP/Status/403",2026-07-18T20:20:51.958741
liberation,bpt6k41568928,,failed,0,0,,http_manifest,known,403,manifest,"Client error '403 ' for url 'https://openapiproext.bnf.fr/iiif/presentation/v3/ark:/12148/bpt6k41568928/manifest.json'
For more information check: https://developer.mozilla.org/en-US/docs/Web/HTTP/Status/403",2026-07-18T20:20:53.151491
liberation,bpt6k4156893p,,failed,0,0,,http_manifest,known,403,manifest,"Client error '403 ' for url 'https://openapiproext.bnf.fr/iiif/presentation/v3/ark:/12148/bpt6k4156893p/manifest.json'
For more information check: https://developer.mozilla.org/en-US/docs/Web/HTTP/Status/403",2026-07-18T20:20:54.374590
liberation,bpt6k41568943,,failed,0,0,,http_manifest,known,403,manifest,"Client error '403 ' for url 'https://openapiproext.bnf.fr/iiif/presentation/v3/ark:/12148/bpt6k41568943/manifest.json'
For more information check: https://developer.mozilla.org/en-US/docs/Web/HTTP/Status/403",2026-07-18T20:20:55.584346
liberation,bpt6k4156895h,,failed,0,0,,http_manifest,known,403,manifest,"Client error '403 ' for url 'https://openapiproext.bnf.fr/iiif/presentation/v3/ark:/12148/bpt6k4156895h/manifest.json'
For more information check: https://developer.mozilla.org/en-US/docs/Web/HTTP/Status/403",2026-07-18T20:20:56.787234
liberation,bpt6k4156896x,,failed,0,0,,http_manifest,known,403,manifest,"Client error '403 ' for url 'https://openapiproext.bnf.fr/iiif/presentation/v3/ark:/12148/bpt6k4156896x/manifest.json'
For more information check: https://developer.mozilla.org/en-US/docs/Web/HTTP/Status/403",2026-07-18T20:20:57.976457
liberation,bpt6k4156897b,,failed,0,0,,http_manifest,known,403,manifest,"Client error '403 ' for url 'https://openapiproext.bnf.fr/iiif/presentation/v3/ark:/12148/bpt6k4156897b/manifest.json'
For more information check: https://developer.mozilla.org/en-US/docs/Web/HTTP/Status/403",2026-07-18T20:20:59.164074
liberation,bpt6k4156898r,,failed,0,0,,http_manifest,known,403,manifest,"Client error '403 ' for url 'https://openapiproext.bnf.fr/iiif/presentation/v3/ark:/12148/bpt6k4156898r/manifest.json'
For more information check: https://developer.mozilla.org/en-US/docs/Web/HTTP/Status/403",2026-07-18T20:21:00.364650
liberation,bpt6k41568995,,failed,0,0,,http_manifest,known,403,manifest,"Client error '403 ' for url 'https://openapiproext.bnf.fr/iiif/presentation/v3/ark:/12148/bpt6k41568995/manifest.json'
For more information check: https://developer.mozilla.org/en-US/docs/Web/HTTP/Status/403",2026-07-18T20:21:01.562892
liberation,bpt6k4156900c,,failed,0,0,,http_manifest,known,403,manifest,"Client error '403 ' for url 'https://openapiproext.bnf.fr/iiif/presentation/v3/ark:/12148/bpt6k4156900c/manifest.json'
For more information check: https://developer.mozilla.org/en-US/docs/Web/HTTP/Status/403",2026-07-18T20:21:02.765662
liberation,bpt6k4156901s,,failed,0,0,,http_manifest,known,403,manifest,"Client error '403 ' for url 'https://openapiproext.bnf.fr/iiif/presentation/v3/ark:/12148/bpt6k4156901s/manifest.json'
For more information check: https://developer.mozilla.org/en-US/docs/Web/HTTP/Status/403",2026-07-18T20:21:03.988092
liberation,bpt6k41569026,,failed,0,0,,http_manifest,known,403,manifest,"Client error '403 ' for url 'https://openapiproext.bnf.fr/iiif/presentation/v3/ark:/12148/bpt6k41569026/manifest.json'
For more information check: https://developer.mozilla.org/en-US/docs/Web/HTTP/Status/403",2026-07-18T20:21:05.193774
liberation,bpt6k4156903m,,failed,0,0,,http_manifest,known,403,manifest,"Client error '403 ' for url 'https://openapiproext.bnf.fr/iiif/presentation/v3/ark:/12148/bpt6k4156903m/manifest.json'
For more information check: https://developer.mozilla.org/en-US/docs/Web/HTTP/Status/403",2026-07-18T20:21:06.395844
liberation,bpt6k41569041,,failed,0,0,,http_manifest,known,403,manifest,"Client error '403 ' for url 'https://openapiproext.bnf.fr/iiif/presentation/v3/ark:/12148/bpt6k41569041/manifest.json'
For more information check: https://developer.mozilla.org/en-US/docs/Web/HTTP/Status/403",2026-07-18T20:21:07.687624
liberation,bpt6k4156905f,,failed,0,0,,http_manifest,known,403,manifest,"Client error '403 ' for url 'https://openapiproext.bnf.fr/iiif/presentation/v3/ark:/12148/bpt6k4156905f/manifest.json'
For more information check: https://developer.mozilla.org/en-US/docs/Web/HTTP/Status/403",2026-07-18T20:21:08.775108
liberation,bpt6k4156906v,,failed,0,0,,http_manifest,known,403,manifest,"Client error '403 ' for url 'https://openapiproext.bnf.fr/iiif/presentation/v3/ark:/12148/bpt6k4156906v/manifest.json'
For more information check: https://developer.mozilla.org/en-US/docs/Web/HTTP/Status/403",2026-07-18T20:21:09.974796
liberation,bpt6k41569078,,failed,0,0,,http_manifest,known,403,manifest,"Client error '403 ' for url 'https://openapiproext.bnf.fr/iiif/presentation/v3/ark:/12148/bpt6k41569078/manifest.json'
For more information check: https://developer.mozilla.org/en-US/docs/Web/HTTP/Status/403",2026-07-18T20:21:11.176995
liberation,bpt6k4156908p,,failed,0,0,,http_manifest,known,403,manifest,"Client error '403 ' for url 'https://openapiproext.bnf.fr/iiif/presentation/v3/ark:/12148/bpt6k4156908p/manifest.json'
For more information check: https://developer.mozilla.org/en-US/docs/Web/HTTP/Status/403",2026-07-18T20:21:12.376199
liberation,bpt6k41569093,,failed,0,0,,http_manifest,known,403,manifest,"Client error '403 ' for url 'https://openapiproext.bnf.fr/iiif/presentation/v3/ark:/12148/bpt6k41569093/manifest.json'
For more information check: https://developer.mozilla.org/en-US/docs/Web/HTTP/Status/403",2026-07-18T20:21:13.847698
liberation,bpt6k4156910r,,failed,0,0,,http_manifest,known,403,manifest,"Client error '403 ' for url 'https://openapiproext.bnf.fr/iiif/presentation/v3/ark:/12148/bpt6k4156910r/manifest.json'
For more information check: https://developer.mozilla.org/en-US/docs/Web/HTTP/Status/403",2026-07-18T20:21:15.001725
liberation,bpt6k41569115,,failed,0,0,,http_manifest,known,403,manifest,"Client error '403 ' for url 'https://openapiproext.bnf.fr/iiif/presentation/v3/ark:/12148/bpt6k41569115/manifest.json'
For more information check: https://developer.mozilla.org/en-US/docs/Web/HTTP/Status/403",2026-07-18T20:21:16.006324
liberation,bpt6k4156912k,,failed,0,0,,http_manifest,known,403,manifest,"Client error '403 ' for url 'https://openapiproext.bnf.fr/iiif/presentation/v3/ark:/12148/bpt6k4156912k/manifest.json'
For more information check: https://developer.mozilla.org/en-US/docs/Web/HTTP/Status/403",2026-07-18T20:21:17.194592
liberation,bpt6k41569130,,failed,0,0,,http_manifest,known,403,manifest,"Client error '403 ' for url 'https://openapiproext.bnf.fr/iiif/presentation/v3/ark:/12148/bpt6k41569130/manifest.json'
For more information check: https://developer.mozilla.org/en-US/docs/Web/HTTP/Status/403",2026-07-18T20:21:18.460655
liberation,bpt6k4156914d,,failed,0,0,,http_manifest,known,403,manifest,"Client error '403 ' for url 'https://openapiproext.bnf.fr/iiif/presentation/v3/ark:/12148/bpt6k4156914d/manifest.json'
For more information check: https://developer.mozilla.org/en-US/docs/Web/HTTP/Status/403",2026-07-18T20:21:19.585637
liberation,bpt6k4156915t,,failed,0,0,,http_manifest,known,403,manifest,"Client error '403 ' for url 'https://openapiproext.bnf.fr/iiif/presentation/v3/ark:/12148/bpt6k4156915t/manifest.json'
For more information check: https://developer.mozilla.org/en-US/docs/Web/HTTP/Status/403",2026-07-18T20:21:20.939152
liberation,bpt6k41569167,,failed,0,0,,http_manifest,known,403,manifest,"Client error '403 ' for url 'https://openapiproext.bnf.fr/iiif/presentation/v3/ark:/12148/bpt6k41569167/manifest.json'
For more information check: https://developer.mozilla.org/en-US/docs/Web/HTTP/Status/403",2026-07-18T20:21:21.983791
liberation,bpt6k4156917n,,failed,0,0,,http_manifest,known,403,manifest,"Client error '403 ' for url 'https://openapiproext.bnf.fr/iiif/presentation/v3/ark:/12148/bpt6k4156917n/manifest.json'
For more information check: https://developer.mozilla.org/en-US/docs/Web/HTTP/Status/403",2026-07-18T20:21:23.231189
liberation,bpt6k41569182,,failed,0,0,,http_manifest,known,403,manifest,"Client error '403 ' for url 'https://openapiproext.bnf.fr/iiif/presentation/v3/ark:/12148/bpt6k41569182/manifest.json'
For more information check: https://developer.mozilla.org/en-US/docs/Web/HTTP/Status/403",2026-07-18T20:21:24.407734
liberation,bpt6k4156919g,,failed,0,0,,http_manifest,known,403,manifest,"Client error '403 ' for url 'https://openapiproext.bnf.fr/iiif/presentation/v3/ark:/12148/bpt6k4156919g/manifest.json'
For more information check: https://developer.mozilla.org/en-US/docs/Web/HTTP/Status/403",2026-07-18T20:21:25.652357
liberation,bpt6k41569204,,failed,0,0,,http_manifest,known,403,manifest,"Client error '403 ' for url 'https://openapiproext.bnf.fr/iiif/presentation/v3/ark:/12148/bpt6k41569204/manifest.json'
For more information check: https://developer.mozilla.org/en-US/docs/Web/HTTP/Status/403",2026-07-18T20:21:26.803731
liberation,bpt6k4156921j,,failed,0,0,,http_manifest,known,403,manifest,"Client error '403 ' for url 'https://openapiproext.bnf.fr/iiif/presentation/v3/ark:/12148/bpt6k4156921j/manifest.json'
For more information check: https://developer.mozilla.org/en-US/docs/Web/HTTP/Status/403",2026-07-18T20:21:28.244126
liberation,bpt6k4156922z,,failed,0,0,,http_manifest,known,403,manifest,"Client error '403 ' for url 'https://openapiproext.bnf.fr/iiif/presentation/v3/ark:/12148/bpt6k4156922z/manifest.json'
For more information check: https://developer.mozilla.org/en-US/docs/Web/HTTP/Status/403",2026-07-18T20:21:29.193875
liberation,bpt6k4156923c,,failed,0,0,,http_manifest,known,403,manifest,"Client error '403 ' for url 'https://openapiproext.bnf.fr/iiif/presentation/v3/ark:/12148/bpt6k4156923c/manifest.json'
For more information check: https://developer.mozilla.org/en-US/docs/Web/HTTP/Status/403",2026-07-18T20:21:30.395465
liberation,bpt6k4156924s,,failed,0,0,,http_manifest,known,403,manifest,"Client error '403 ' for url 'https://openapiproext.bnf.fr/iiif/presentation/v3/ark:/12148/bpt6k4156924s/manifest.json'
For more information check: https://developer.mozilla.org/en-US/docs/Web/HTTP/Status/403",2026-07-18T20:21:31.593904
liberation,bpt6k41569256,,failed,0,0,,http_manifest,known,403,manifest,"Client error '403 ' for url 'https://openapiproext.bnf.fr/iiif/presentation/v3/ark:/12148/bpt6k41569256/manifest.json'
For more information check: https://developer.mozilla.org/en-US/docs/Web/HTTP/Status/403",2026-07-18T20:21:32.798991
liberation,bpt6k4156926m,,failed,0,0,,http_manifest,known,403,manifest,"Client error '403 ' for url 'https://openapiproext.bnf.fr/iiif/presentation/v3/ark:/12148/bpt6k4156926m/manifest.json'
For more information check: https://developer.mozilla.org/en-US/docs/Web/HTTP/Status/403",2026-07-18T20:21:34.019078
liberation,bpt6k41569271,,failed,0,0,,http_manifest,known,403,manifest,"Client error '403 ' for url 'https://openapiproext.bnf.fr/iiif/presentation/v3/ark:/12148/bpt6k41569271/manifest.json'
For more information check: https://developer.mozilla.org/en-US/docs/Web/HTTP/Status/403",2026-07-18T20:21:35.244379
liberation,bpt6k4156928f,,failed,0,0,,http_manifest,known,403,manifest,"Client error '403 ' for url 'https://openapiproext.bnf.fr/iiif/presentation/v3/ark:/12148/bpt6k4156928f/manifest.json'
For more information check: https://developer.mozilla.org/en-US/docs/Web/HTTP/Status/403",2026-07-18T20:21:36.411103
liberation,bpt6k4156929v,,failed,0,0,,http_manifest,known,403,manifest,"Client error '403 ' for url 'https://openapiproext.bnf.fr/iiif/presentation/v3/ark:/12148/bpt6k4156929v/manifest.json'
For more information check: https://developer.mozilla.org/en-US/docs/Web/HTTP/Status/403",2026-07-18T20:21:37.628305
liberation,bpt6k4156930h,,failed,0,0,,http_manifest,known,403,manifest,"Client error '403 ' for url 'https://openapiproext.bnf.fr/iiif/presentation/v3/ark:/12148/bpt6k4156930h/manifest.json'
For more information check: https://developer.mozilla.org/en-US/docs/Web/HTTP/Status/403",2026-07-18T20:21:38.803316
liberation,bpt6k4156931x,,failed,0,0,,http_manifest,known,403,manifest,"Client error '403 ' for url 'https://openapiproext.bnf.fr/iiif/presentation/v3/ark:/12148/bpt6k4156931x/manifest.json'
For more information check: https://developer.mozilla.org/en-US/docs/Web/HTTP/Status/403",2026-07-18T20:21:40.003931
liberation,bpt6k4156932b,,failed,0,0,,http_manifest,known,403,manifest,"Client error '403 ' for url 'https://openapiproext.bnf.fr/iiif/presentation/v3/ark:/12148/bpt6k4156932b/manifest.json'
For more information check: https://developer.mozilla.org/en-US/docs/Web/HTTP/Status/403",2026-07-18T20:21:41.203630
liberation,bpt6k4156933r,,failed,0,0,,http_manifest,known,403,manifest,"Client error '403 ' for url 'https://openapiproext.bnf.fr/iiif/presentation/v3/ark:/12148/bpt6k4156933r/manifest.json'
For more information check: https://developer.mozilla.org/en-US/docs/Web/HTTP/Status/403",2026-07-18T20:21:42.417023
liberation,bpt6k41569345,,failed,0,0,,http_manifest,known,403,manifest,"Client error '403 ' for url 'https://openapiproext.bnf.fr/iiif/presentation/v3/ark:/12148/bpt6k41569345/manifest.json'
For more information check: https://developer.mozilla.org/en-US/docs/Web/HTTP/Status/403",2026-07-18T20:21:43.634115
liberation,bpt6k4156935k,,failed,0,0,,http_manifest,known,403,manifest,"Client error '403 ' for url 'https://openapiproext.bnf.fr/iiif/presentation/v3/ark:/12148/bpt6k4156935k/manifest.json'
For more information check: https://developer.mozilla.org/en-US/docs/Web/HTTP/Status/403",2026-07-18T20:21:44.832390
liberation,bpt6k41569360,,failed,0,0,,http_manifest,known,403,manifest,"Client error '403 ' for url 'https://openapiproext.bnf.fr/iiif/presentation/v3/ark:/12148/bpt6k41569360/manifest.json'
For more information check: https://developer.mozilla.org/en-US/docs/Web/HTTP/Status/403",2026-07-18T20:21:46.024080
liberation,bpt6k4156937d,,failed,0,0,,http_manifest,known,403,manifest,"Client error '403 ' for url 'https://openapiproext.bnf.fr/iiif/presentation/v3/ark:/12148/bpt6k4156937d/manifest.json'
For more information check: https://developer.mozilla.org/en-US/docs/Web/HTTP/Status/403",2026-07-18T20:21:47.213001
liberation,bpt6k4156938t,,failed,0,0,,http_manifest,known,403,manifest,"Client error '403 ' for url 'https://openapiproext.bnf.fr/iiif/presentation/v3/ark:/12148/bpt6k4156938t/manifest.json'
For more information check: https://developer.mozilla.org/en-US/docs/Web/HTTP/Status/403",2026-07-18T20:21:48.410617
liberation,bpt6k41569397,,failed,0,0,,http_manifest,known,403,manifest,"Client error '403 ' for url 'https://openapiproext.bnf.fr/iiif/presentation/v3/ark:/12148/bpt6k41569397/manifest.json'
For more information check: https://developer.mozilla.org/en-US/docs/Web/HTTP/Status/403",2026-07-18T20:21:49.613827
liberation,bpt6k4156940w,,failed,0,0,,http_manifest,known,403,manifest,"Client error '403 ' for url 'https://openapiproext.bnf.fr/iiif/presentation/v3/ark:/12148/bpt6k4156940w/manifest.json'
For more information check: https://developer.mozilla.org/en-US/docs/Web/HTTP/Status/403",2026-07-18T20:21:50.815463
liberation,bpt6k41569419,,failed,0,0,,http_manifest,known,403,manifest,"Client error '403 ' for url 'https://openapiproext.bnf.fr/iiif/presentation/v3/ark:/12148/bpt6k41569419/manifest.json'
For more information check: https://developer.mozilla.org/en-US/docs/Web/HTTP/Status/403",2026-07-18T20:21:52.019008
liberation,bpt6k4156942q,,failed,0,0,,http_manifest,known,403,manifest,"Client error '403 ' for url 'https://openapiproext.bnf.fr/iiif/presentation/v3/ark:/12148/bpt6k4156942q/manifest.json'
For more information check: https://developer.mozilla.org/en-US/docs/Web/HTTP/Status/403",2026-07-18T20:21:53.244115
liberation,bpt6k41569434,,failed,0,0,,http_manifest,known,403,manifest,"Client error '403 ' for url 'https://openapiproext.bnf.fr/iiif/presentation/v3/ark:/12148/bpt6k41569434/manifest.json'
For more information check: https://developer.mozilla.org/en-US/docs/Web/HTTP/Status/403",2026-07-18T20:21:54.451197
liberation,bpt6k4156944j,,failed,0,0,,http_manifest,known,403,manifest,"Client error '403 ' for url 'https://openapiproext.bnf.fr/iiif/presentation/v3/ark:/12148/bpt6k4156944j/manifest.json'
For more information check: https://developer.mozilla.org/en-US/docs/Web/HTTP/Status/403",2026-07-18T20:21:55.636297
liberation,bpt6k4156945z,,failed,0,0,,http_manifest,known,403,manifest,"Client error '403 ' for url 'https://openapiproext.bnf.fr/iiif/presentation/v3/ark:/12148/bpt6k4156945z/manifest.json'
For more information check: https://developer.mozilla.org/en-US/docs/Web/HTTP/Status/403",2026-07-18T20:21:56.843282
liberation,bpt6k4156946c,,failed,0,0,,http_manifest,known,403,manifest,"Client error '403 ' for url 'https://openapiproext.bnf.fr/iiif/presentation/v3/ark:/12148/bpt6k4156946c/manifest.json'
For more information check: https://developer.mozilla.org/en-US/docs/Web/HTTP/Status/403",2026-07-18T20:21:58.022733
liberation,bpt6k4156947s,,failed,0,0,,http_manifest,known,403,manifest,"Client error '403 ' for url 'https://openapiproext.bnf.fr/iiif/presentation/v3/ark:/12148/bpt6k4156947s/manifest.json'
For more information check: https://developer.mozilla.org/en-US/docs/Web/HTTP/Status/403",2026-07-18T20:21:59.222896
liberation,bpt6k41569486,,failed,0,0,,http_manifest,known,403,manifest,"Client error '403 ' for url 'https://openapiproext.bnf.fr/iiif/presentation/v3/ark:/12148/bpt6k41569486/manifest.json'
For more information check: https://developer.mozilla.org/en-US/docs/Web/HTTP/Status/403",2026-07-18T20:22:00.423330
liberation,bpt6k4156949m,,failed,0,0,,http_manifest,known,403,manifest,"Client error '403 ' for url 'https://openapiproext.bnf.fr/iiif/presentation/v3/ark:/12148/bpt6k4156949m/manifest.json'
For more information check: https://developer.mozilla.org/en-US/docs/Web/HTTP/Status/403",2026-07-18T20:22:01.624379
liberation,bpt6k41569508,,failed,0,0,,http_manifest,known,403,manifest,"Client error '403 ' for url 'https://openapiproext.bnf.fr/iiif/presentation/v3/ark:/12148/bpt6k41569508/manifest.json'
For more information check: https://developer.mozilla.org/en-US/docs/Web/HTTP/Status/403",2026-07-18T20:22:02.849912
liberation,bpt6k4156951p,,failed,0,0,,http_manifest,known,403,manifest,"Client error '403 ' for url 'https://openapiproext.bnf.fr/iiif/presentation/v3/ark:/12148/bpt6k4156951p/manifest.json'
For more information check: https://developer.mozilla.org/en-US/docs/Web/HTTP/Status/403",2026-07-18T20:22:04.042311
liberation,bpt6k41569523,,failed,0,0,,http_manifest,known,403,manifest,"Client error '403 ' for url 'https://openapiproext.bnf.fr/iiif/presentation/v3/ark:/12148/bpt6k41569523/manifest.json'
For more information check: https://developer.mozilla.org/en-US/docs/Web/HTTP/Status/403",2026-07-18T20:22:05.241662
liberation,bpt6k4156953h,,failed,0,0,,http_manifest,known,403,manifest,"Client error '403 ' for url 'https://openapiproext.bnf.fr/iiif/presentation/v3/ark:/12148/bpt6k4156953h/manifest.json'
For more information check: https://developer.mozilla.org/en-US/docs/Web/HTTP/Status/403",2026-07-18T20:22:06.697153
liberation,bpt6k4156954x,,failed,0,0,,http_manifest,known,403,manifest,"Client error '403 ' for url 'https://openapiproext.bnf.fr/iiif/presentation/v3/ark:/12148/bpt6k4156954x/manifest.json'
For more information check: https://developer.mozilla.org/en-US/docs/Web/HTTP/Status/403",2026-07-18T20:22:07.662117
liberation,bpt6k4156955b,,failed,0,0,,http_manifest,known,403,manifest,"Client error '403 ' for url 'https://openapiproext.bnf.fr/iiif/presentation/v3/ark:/12148/bpt6k4156955b/manifest.json'
For more information check: https://developer.mozilla.org/en-US/docs/Web/HTTP/Status/403",2026-07-18T20:22:09.048236
liberation,bpt6k4156956r,,failed,0,0,,http_manifest,known,403,manifest,"Client error '403 ' for url 'https://openapiproext.bnf.fr/iiif/presentation/v3/ark:/12148/bpt6k4156956r/manifest.json'
For more information check: https://developer.mozilla.org/en-US/docs/Web/HTTP/Status/403",2026-07-18T20:22:10.037046
liberation,bpt6k41569575,,failed,0,0,,http_manifest,known,403,manifest,"Client error '403 ' for url 'https://openapiproext.bnf.fr/iiif/presentation/v3/ark:/12148/bpt6k41569575/manifest.json'
For more information check: https://developer.mozilla.org/en-US/docs/Web/HTTP/Status/403",2026-07-18T20:22:11.423233
liberation,bpt6k4156958k,,failed,0,0,,http_manifest,known,403,manifest,"Client error '403 ' for url 'https://openapiproext.bnf.fr/iiif/presentation/v3/ark:/12148/bpt6k4156958k/manifest.json'
For more information check: https://developer.mozilla.org/en-US/docs/Web/HTTP/Status/403",2026-07-18T20:22:12.461145
liberation,bpt6k41569590,,failed,0,0,,http_manifest,known,403,manifest,"Client error '403 ' for url 'https://openapiproext.bnf.fr/iiif/presentation/v3/ark:/12148/bpt6k41569590/manifest.json'
For more information check: https://developer.mozilla.org/en-US/docs/Web/HTTP/Status/403",2026-07-18T20:22:13.787966
liberation,bpt6k4156960n,,failed,0,0,,http_manifest,known,403,manifest,"Client error '403 ' for url 'https://openapiproext.bnf.fr/iiif/presentation/v3/ark:/12148/bpt6k4156960n/manifest.json'
For more information check: https://developer.mozilla.org/en-US/docs/Web/HTTP/Status/403",2026-07-18T20:22:14.856212
liberation,bpt6k41569612,,failed,0,0,,http_manifest,known,403,manifest,"Client error '403 ' for url 'https://openapiproext.bnf.fr/iiif/presentation/v3/ark:/12148/bpt6k41569612/manifest.json'
For more information check: https://developer.mozilla.org/en-US/docs/Web/HTTP/Status/403",2026-07-18T20:22:16.109943
liberation,bpt6k4156962g,,failed,0,0,,http_manifest,known,403,manifest,"Client error '403 ' for url 'https://openapiproext.bnf.fr/iiif/presentation/v3/ark:/12148/bpt6k4156962g/manifest.json'
For more information check: https://developer.mozilla.org/en-US/docs/Web/HTTP/Status/403",2026-07-18T20:22:17.347344
liberation,bpt6k4156963w,,failed,0,0,,http_manifest,known,403,manifest,"Client error '403 ' for url 'https://openapiproext.bnf.fr/iiif/presentation/v3/ark:/12148/bpt6k4156963w/manifest.json'
For more information check: https://developer.mozilla.org/en-US/docs/Web/HTTP/Status/403",2026-07-18T20:22:18.480312
liberation,bpt6k41569649,,failed,0,0,,http_manifest,known,403,manifest,"Client error '403 ' for url 'https://openapiproext.bnf.fr/iiif/presentation/v3/ark:/12148/bpt6k41569649/manifest.json'
For more information check: https://developer.mozilla.org/en-US/docs/Web/HTTP/Status/403",2026-07-18T20:22:19.681136
liberation,bpt6k4156965q,,failed,0,0,,http_manifest,known,403,manifest,"Client error '403 ' for url 'https://openapiproext.bnf.fr/iiif/presentation/v3/ark:/12148/bpt6k4156965q/manifest.json'
For more information check: https://developer.mozilla.org/en-US/docs/Web/HTTP/Status/403",2026-07-18T20:22:20.928266
liberation,bpt6k41569664,,failed,0,0,,http_manifest,known,403,manifest,"Client error '403 ' for url 'https://openapiproext.bnf.fr/iiif/presentation/v3/ark:/12148/bpt6k41569664/manifest.json'
For more information check: https://developer.mozilla.org/en-US/docs/Web/HTTP/Status/403",2026-07-18T20:22:22.171746
liberation,bpt6k4156967j,,failed,0,0,,http_manifest,known,403,manifest,"Client error '403 ' for url 'https://openapiproext.bnf.fr/iiif/presentation/v3/ark:/12148/bpt6k4156967j/manifest.json'
For more information check: https://developer.mozilla.org/en-US/docs/Web/HTTP/Status/403",2026-07-18T20:22:23.253746
liberation,bpt6k4156968z,,failed,0,0,,http_manifest,known,403,manifest,"Client error '403 ' for url 'https://openapiproext.bnf.fr/iiif/presentation/v3/ark:/12148/bpt6k4156968z/manifest.json'
For more information check: https://developer.mozilla.org/en-US/docs/Web/HTTP/Status/403",2026-07-18T20:22:24.466876
liberation,bpt6k4156969c,,failed,0,0,,http_manifest,known,403,manifest,"Client error '403 ' for url 'https://openapiproext.bnf.fr/iiif/presentation/v3/ark:/12148/bpt6k4156969c/manifest.json'
For more information check: https://developer.mozilla.org/en-US/docs/Web/HTTP/Status/403",2026-07-18T20:22:25.681454
liberation,bpt6k41569701,,failed,0,0,,http_manifest,known,403,manifest,"Client error '403 ' for url 'https://openapiproext.bnf.fr/iiif/presentation/v3/ark:/12148/bpt6k41569701/manifest.json'
For more information check: https://developer.mozilla.org/en-US/docs/Web/HTTP/Status/403",2026-07-18T20:22:26.858153
liberation,bpt6k4156971f,,failed,0,0,,http_manifest,known,403,manifest,"Client error '403 ' for url 'https://openapiproext.bnf.fr/iiif/presentation/v3/ark:/12148/bpt6k4156971f/manifest.json'
For more information check: https://developer.mozilla.org/en-US/docs/Web/HTTP/Status/403",2026-07-18T20:22:28.115668
liberation,bpt6k4156972v,,failed,0,0,,http_manifest,known,403,manifest,"Client error '403 ' for url 'https://openapiproext.bnf.fr/iiif/presentation/v3/ark:/12148/bpt6k4156972v/manifest.json'
For more information check: https://developer.mozilla.org/en-US/docs/Web/HTTP/Status/403",2026-07-18T20:22:29.256991
liberation,bpt6k41569738,,failed,0,0,,http_manifest,known,403,manifest,"Client error '403 ' for url 'https://openapiproext.bnf.fr/iiif/presentation/v3/ark:/12148/bpt6k41569738/manifest.json'
For more information check: https://developer.mozilla.org/en-US/docs/Web/HTTP/Status/403",2026-07-18T20:22:30.465474
liberation,bpt6k4156974p,,failed,0,0,,http_manifest,known,403,manifest,"Client error '403 ' for url 'https://openapiproext.bnf.fr/iiif/presentation/v3/ark:/12148/bpt6k4156974p/manifest.json'
For more information check: https://developer.mozilla.org/en-US/docs/Web/HTTP/Status/403",2026-07-18T20:22:31.685677
liberation,bpt6k41569753,,failed,0,0,,http_manifest,known,403,manifest,"Client error '403 ' for url 'https://openapiproext.bnf.fr/iiif/presentation/v3/ark:/12148/bpt6k41569753/manifest.json'
For more information check: https://developer.mozilla.org/en-US/docs/Web/HTTP/Status/403",2026-07-18T20:22:32.862848
liberation,bpt6k4156976h,,failed,0,0,,http_manifest,known,403,manifest,"Client error '403 ' for url 'https://openapiproext.bnf.fr/iiif/presentation/v3/ark:/12148/bpt6k4156976h/manifest.json'
For more information check: https://developer.mozilla.org/en-US/docs/Web/HTTP/Status/403",2026-07-18T20:22:34.074169
liberation,bpt6k4156977x,,failed,0,0,,http_manifest,known,403,manifest,"Client error '403 ' for url 'https://openapiproext.bnf.fr/iiif/presentation/v3/ark:/12148/bpt6k4156977x/manifest.json'
For more information check: https://developer.mozilla.org/en-US/docs/Web/HTTP/Status/403",2026-07-18T20:22:35.300407
liberation,bpt6k4156978b,,failed,0,0,,http_manifest,known,403,manifest,"Client error '403 ' for url 'https://openapiproext.bnf.fr/iiif/presentation/v3/ark:/12148/bpt6k4156978b/manifest.json'
For more information check: https://developer.mozilla.org/en-US/docs/Web/HTTP/Status/403",2026-07-18T20:22:36.465549
liberation,bpt6k4156979r,,failed,0,0,,http_manifest,known,403,manifest,"Client error '403 ' for url 'https://openapiproext.bnf.fr/iiif/presentation/v3/ark:/12148/bpt6k4156979r/manifest.json'
For more information check: https://developer.mozilla.org/en-US/docs/Web/HTTP/Status/403",2026-07-18T20:22:37.700808
liberation,bpt6k4156980d,,failed,0,0,,http_manifest,known,403,manifest,"Client error '403 ' for url 'https://openapiproext.bnf.fr/iiif/presentation/v3/ark:/12148/bpt6k4156980d/manifest.json'
For more information check: https://developer.mozilla.org/en-US/docs/Web/HTTP/Status/403",2026-07-18T20:22:38.868276
liberation,bpt6k4156981t,,failed,0,0,,http_manifest,known,403,manifest,"Client error '403 ' for url 'https://openapiproext.bnf.fr/iiif/presentation/v3/ark:/12148/bpt6k4156981t/manifest.json'
For more information check: https://developer.mozilla.org/en-US/docs/Web/HTTP/Status/403",2026-07-18T20:22:40.071477
liberation,bpt6k41569827,,failed,0,0,,http_manifest,known,403,manifest,"Client error '403 ' for url 'https://openapiproext.bnf.fr/iiif/presentation/v3/ark:/12148/bpt6k41569827/manifest.json'
For more information check: https://developer.mozilla.org/en-US/docs/Web/HTTP/Status/403",2026-07-18T20:22:41.294628
liberation,bpt6k4156983n,,failed,0,0,,http_manifest,known,403,manifest,"Client error '403 ' for url 'https://openapiproext.bnf.fr/iiif/presentation/v3/ark:/12148/bpt6k4156983n/manifest.json'
For more information check: https://developer.mozilla.org/en-US/docs/Web/HTTP/Status/403",2026-07-18T20:22:42.474146
liberation,bpt6k41569842,,failed,0,0,,http_manifest,known,403,manifest,"Client error '403 ' for url 'https://openapiproext.bnf.fr/iiif/presentation/v3/ark:/12148/bpt6k41569842/manifest.json'
For more information check: https://developer.mozilla.org/en-US/docs/Web/HTTP/Status/403",2026-07-18T20:22:43.688077
liberation,bpt6k4156985g,,failed,0,0,,http_manifest,known,403,manifest,"Client error '403 ' for url 'https://openapiproext.bnf.fr/iiif/presentation/v3/ark:/12148/bpt6k4156985g/manifest.json'
For more information check: https://developer.mozilla.org/en-US/docs/Web/HTTP/Status/403",2026-07-18T20:22:44.900127
liberation,bpt6k4156986w,,failed,0,0,,http_manifest,known,403,manifest,"Client error '403 ' for url 'https://openapiproext.bnf.fr/iiif/presentation/v3/ark:/12148/bpt6k4156986w/manifest.json'
For more information check: https://developer.mozilla.org/en-US/docs/Web/HTTP/Status/403",2026-07-18T20:22:46.075096
liberation,bpt6k41569879,,failed,0,0,,http_manifest,known,403,manifest,"Client error '403 ' for url 'https://openapiproext.bnf.fr/iiif/presentation/v3/ark:/12148/bpt6k41569879/manifest.json'
For more information check: https://developer.mozilla.org/en-US/docs/Web/HTTP/Status/403",2026-07-18T20:22:47.303567
liberation,bpt6k4156988q,,failed,0,0,,http_manifest,known,403,manifest,"Client error '403 ' for url 'https://openapiproext.bnf.fr/iiif/presentation/v3/ark:/12148/bpt6k4156988q/manifest.json'
For more information check: https://developer.mozilla.org/en-US/docs/Web/HTTP/Status/403",2026-07-18T20:22:48.481657
liberation,bpt6k41569894,,failed,0,0,,http_manifest,known,403,manifest,"Client error '403 ' for url 'https://openapiproext.bnf.fr/iiif/presentation/v3/ark:/12148/bpt6k41569894/manifest.json'
For more information check: https://developer.mozilla.org/en-US/docs/Web/HTTP/Status/403",2026-07-18T20:22:49.681669
liberation,bpt6k4156990s,,failed,0,0,,http_manifest,known,403,manifest,"Client error '403 ' for url 'https://openapiproext.bnf.fr/iiif/presentation/v3/ark:/12148/bpt6k4156990s/manifest.json'
For more information check: https://developer.mozilla.org/en-US/docs/Web/HTTP/Status/403",2026-07-18T20:22:50.887058
liberation,bpt6k41569916,,failed,0,0,,http_manifest,known,403,manifest,"Client error '403 ' for url 'https://openapiproext.bnf.fr/iiif/presentation/v3/ark:/12148/bpt6k41569916/manifest.json'
For more information check: https://developer.mozilla.org/en-US/docs/Web/HTTP/Status/403",2026-07-18T20:22:52.084344
liberation,bpt6k4156992m,,failed,0,0,,http_manifest,known,403,manifest,"Client error '403 ' for url 'https://openapiproext.bnf.fr/iiif/presentation/v3/ark:/12148/bpt6k4156992m/manifest.json'
For more information check: https://developer.mozilla.org/en-US/docs/Web/HTTP/Status/403",2026-07-18T20:22:53.284065
liberation,bpt6k41569931,,failed,0,0,,http_manifest,known,403,manifest,"Client error '403 ' for url 'https://openapiproext.bnf.fr/iiif/presentation/v3/ark:/12148/bpt6k41569931/manifest.json'
For more information check: https://developer.mozilla.org/en-US/docs/Web/HTTP/Status/403",2026-07-18T20:22:54.536615
liberation,bpt6k4156994f,,failed,0,0,,http_manifest,known,403,manifest,"Client error '403 ' for url 'https://openapiproext.bnf.fr/iiif/presentation/v3/ark:/12148/bpt6k4156994f/manifest.json'
For more information check: https://developer.mozilla.org/en-US/docs/Web/HTTP/Status/403",2026-07-18T20:22:55.685876
liberation,bpt6k4156995v,,failed,0,0,,http_manifest,known,403,manifest,"Client error '403 ' for url 'https://openapiproext.bnf.fr/iiif/presentation/v3/ark:/12148/bpt6k4156995v/manifest.json'
For more information check: https://developer.mozilla.org/en-US/docs/Web/HTTP/Status/403",2026-07-18T20:22:56.888838
liberation,bpt6k41569968,,failed,0,0,,http_manifest,known,403,manifest,"Client error '403 ' for url 'https://openapiproext.bnf.fr/iiif/presentation/v3/ark:/12148/bpt6k41569968/manifest.json'
For more information check: https://developer.mozilla.org/en-US/docs/Web/HTTP/Status/403",2026-07-18T20:22:58.095318
liberation,bpt6k4156997p,,failed,0,0,,http_manifest,known,403,manifest,"Client error '403 ' for url 'https://openapiproext.bnf.fr/iiif/presentation/v3/ark:/12148/bpt6k4156997p/manifest.json'
For more information check: https://developer.mozilla.org/en-US/docs/Web/HTTP/Status/403",2026-07-18T20:22:59.291550
liberation,bpt6k41569983,,failed,0,0,,http_manifest,known,403,manifest,"Client error '403 ' for url 'https://openapiproext.bnf.fr/iiif/presentation/v3/ark:/12148/bpt6k41569983/manifest.json'
For more information check: https://developer.mozilla.org/en-US/docs/Web/HTTP/Status/403",2026-07-18T20:23:00.518031
liberation,bpt6k4156999h,,failed,0,0,,http_manifest,known,403,manifest,"Client error '403 ' for url 'https://openapiproext.bnf.fr/iiif/presentation/v3/ark:/12148/bpt6k4156999h/manifest.json'
For more information check: https://developer.mozilla.org/en-US/docs/Web/HTTP/Status/403",2026-07-18T20:23:01.697505
liberation,bpt6k4157000k,,failed,0,0,,http_manifest,known,403,manifest,"Client error '403 ' for url 'https://openapiproext.bnf.fr/iiif/presentation/v3/ark:/12148/bpt6k4157000k/manifest.json'
For more information check: https://developer.mozilla.org/en-US/docs/Web/HTTP/Status/403",2026-07-18T20:23:02.894998
liberation,bpt6k41570010,,failed,0,0,,http_manifest,known,403,manifest,"Client error '403 ' for url 'https://openapiproext.bnf.fr/iiif/presentation/v3/ark:/12148/bpt6k41570010/manifest.json'
For more information check: https://developer.mozilla.org/en-US/docs/Web/HTTP/Status/403",2026-07-18T20:23:04.097523
liberation,bpt6k4157002d,,failed,0,0,,http_manifest,known,403,manifest,"Client error '403 ' for url 'https://openapiproext.bnf.fr/iiif/presentation/v3/ark:/12148/bpt6k4157002d/manifest.json'
For more information check: https://developer.mozilla.org/en-US/docs/Web/HTTP/Status/403",2026-07-18T20:23:05.299791
liberation,bpt6k4157003t,,failed,0,0,,http_manifest,known,403,manifest,"Client error '403 ' for url 'https://openapiproext.bnf.fr/iiif/presentation/v3/ark:/12148/bpt6k4157003t/manifest.json'
For more information check: https://developer.mozilla.org/en-US/docs/Web/HTTP/Status/403",2026-07-18T20:23:06.498655
liberation,bpt6k41570047,,failed,0,0,,http_manifest,known,403,manifest,"Client error '403 ' for url 'https://openapiproext.bnf.fr/iiif/presentation/v3/ark:/12148/bpt6k41570047/manifest.json'
For more information check: https://developer.mozilla.org/en-US/docs/Web/HTTP/Status/403",2026-07-18T20:23:07.701083
liberation,bpt6k4157005n,,failed,0,0,,http_manifest,known,403,manifest,"Client error '403 ' for url 'https://openapiproext.bnf.fr/iiif/presentation/v3/ark:/12148/bpt6k4157005n/manifest.json'
For more information check: https://developer.mozilla.org/en-US/docs/Web/HTTP/Status/403",2026-07-18T20:23:09.067548
liberation,bpt6k41570062,,failed,0,0,,http_manifest,known,403,manifest,"Client error '403 ' for url 'https://openapiproext.bnf.fr/iiif/presentation/v3/ark:/12148/bpt6k41570062/manifest.json'
For more information check: https://developer.mozilla.org/en-US/docs/Web/HTTP/Status/403",2026-07-18T20:23:10.104285
liberation,bpt6k4157007g,,failed,0,0,,http_manifest,known,403,manifest,"Client error '403 ' for url 'https://openapiproext.bnf.fr/iiif/presentation/v3/ark:/12148/bpt6k4157007g/manifest.json'
For more information check: https://developer.mozilla.org/en-US/docs/Web/HTTP/Status/403",2026-07-18T20:23:11.306225
liberation,bpt6k4157008w,,failed,0,0,,http_manifest,known,403,manifest,"Client error '403 ' for url 'https://openapiproext.bnf.fr/iiif/presentation/v3/ark:/12148/bpt6k4157008w/manifest.json'
For more information check: https://developer.mozilla.org/en-US/docs/Web/HTTP/Status/403",2026-07-18T20:23:12.527017
liberation,bpt6k41570099,,failed,0,0,,http_manifest,known,403,manifest,"Client error '403 ' for url 'https://openapiproext.bnf.fr/iiif/presentation/v3/ark:/12148/bpt6k41570099/manifest.json'
For more information check: https://developer.mozilla.org/en-US/docs/Web/HTTP/Status/403",2026-07-18T20:23:13.954231
liberation,bpt6k4157010z,,failed,0,0,,http_manifest,known,403,manifest,"Client error '403 ' for url 'https://openapiproext.bnf.fr/iiif/presentation/v3/ark:/12148/bpt6k4157010z/manifest.json'
For more information check: https://developer.mozilla.org/en-US/docs/Web/HTTP/Status/403",2026-07-18T20:23:14.908171
liberation,bpt6k4157011c,,failed,0,0,,http_manifest,known,403,manifest,"Client error '403 ' for url 'https://openapiproext.bnf.fr/iiif/presentation/v3/ark:/12148/bpt6k4157011c/manifest.json'
For more information check: https://developer.mozilla.org/en-US/docs/Web/HTTP/Status/403",2026-07-18T20:23:16.107284
liberation,bpt6k4157012s,,failed,0,0,,http_manifest,known,403,manifest,"Client error '403 ' for url 'https://openapiproext.bnf.fr/iiif/presentation/v3/ark:/12148/bpt6k4157012s/manifest.json'
For more information check: https://developer.mozilla.org/en-US/docs/Web/HTTP/Status/403",2026-07-18T20:23:17.313045
liberation,bpt6k41570136,,failed,0,0,,http_manifest,known,403,manifest,"Client error '403 ' for url 'https://openapiproext.bnf.fr/iiif/presentation/v3/ark:/12148/bpt6k41570136/manifest.json'
For more information check: https://developer.mozilla.org/en-US/docs/Web/HTTP/Status/403",2026-07-18T20:23:18.522691
liberation,bpt6k4157014m,,failed,0,0,,http_manifest,known,403,manifest,"Client error '403 ' for url 'https://openapiproext.bnf.fr/iiif/presentation/v3/ark:/12148/bpt6k4157014m/manifest.json'
For more information check: https://developer.mozilla.org/en-US/docs/Web/HTTP/Status/403",2026-07-18T20:23:19.787284
liberation,bpt6k41570151,,failed,0,0,,http_manifest,known,403,manifest,"Client error '403 ' for url 'https://openapiproext.bnf.fr/iiif/presentation/v3/ark:/12148/bpt6k41570151/manifest.json'
For more information check: https://developer.mozilla.org/en-US/docs/Web/HTTP/Status/403",2026-07-18T20:23:20.916484
liberation,bpt6k4157016f,,failed,0,0,,http_manifest,known,403,manifest,"Client error '403 ' for url 'https://openapiproext.bnf.fr/iiif/presentation/v3/ark:/12148/bpt6k4157016f/manifest.json'
For more information check: https://developer.mozilla.org/en-US/docs/Web/HTTP/Status/403",2026-07-18T20:23:22.354402
liberation,bpt6k4157017v,,failed,0,0,,http_manifest,known,403,manifest,"Client error '403 ' for url 'https://openapiproext.bnf.fr/iiif/presentation/v3/ark:/12148/bpt6k4157017v/manifest.json'
For more information check: https://developer.mozilla.org/en-US/docs/Web/HTTP/Status/403",2026-07-18T20:23:23.354154
liberation,bpt6k41570188,,failed,0,0,,http_manifest,known,403,manifest,"Client error '403 ' for url 'https://openapiproext.bnf.fr/iiif/presentation/v3/ark:/12148/bpt6k41570188/manifest.json'
For more information check: https://developer.mozilla.org/en-US/docs/Web/HTTP/Status/403",2026-07-18T20:23:24.543835
liberation,bpt6k4157019p,,failed,0,0,,http_manifest,known,403,manifest,"Client error '403 ' for url 'https://openapiproext.bnf.fr/iiif/presentation/v3/ark:/12148/bpt6k4157019p/manifest.json'
For more information check: https://developer.mozilla.org/en-US/docs/Web/HTTP/Status/403",2026-07-18T20:23:25.719317
liberation,bpt6k4157020b,,failed,0,0,,http_manifest,known,403,manifest,"Client error '403 ' for url 'https://openapiproext.bnf.fr/iiif/presentation/v3/ark:/12148/bpt6k4157020b/manifest.json'
For more information check: https://developer.mozilla.org/en-US/docs/Web/HTTP/Status/403",2026-07-18T20:23:26.929947
liberation,bpt6k4157021r,,failed,0,0,,http_manifest,known,403,manifest,"Client error '403 ' for url 'https://openapiproext.bnf.fr/iiif/presentation/v3/ark:/12148/bpt6k4157021r/manifest.json'
For more information check: https://developer.mozilla.org/en-US/docs/Web/HTTP/Status/403",2026-07-18T20:23:28.130064
liberation,bpt6k41570225,,failed,0,0,,http_manifest,known,403,manifest,"Client error '403 ' for url 'https://openapiproext.bnf.fr/iiif/presentation/v3/ark:/12148/bpt6k41570225/manifest.json'
For more information check: https://developer.mozilla.org/en-US/docs/Web/HTTP/Status/403",2026-07-18T20:23:29.329030
liberation,bpt6k4157023k,,failed,0,0,,http_manifest,known,403,manifest,"Client error '403 ' for url 'https://openapiproext.bnf.fr/iiif/presentation/v3/ark:/12148/bpt6k4157023k/manifest.json'
For more information check: https://developer.mozilla.org/en-US/docs/Web/HTTP/Status/403",2026-07-18T20:23:30.545895
liberation,bpt6k41570240,,failed,0,0,,http_manifest,known,403,manifest,"Client error '403 ' for url 'https://openapiproext.bnf.fr/iiif/presentation/v3/ark:/12148/bpt6k41570240/manifest.json'
For more information check: https://developer.mozilla.org/en-US/docs/Web/HTTP/Status/403",2026-07-18T20:23:31.724587
liberation,bpt6k4157025d,,failed,0,0,,http_manifest,known,403,manifest,"Client error '403 ' for url 'https://openapiproext.bnf.fr/iiif/presentation/v3/ark:/12148/bpt6k4157025d/manifest.json'
For more information check: https://developer.mozilla.org/en-US/docs/Web/HTTP/Status/403",2026-07-18T20:23:32.932469
liberation,bpt6k4157026t,,failed,0,0,,http_manifest,known,403,manifest,"Client error '403 ' for url 'https://openapiproext.bnf.fr/iiif/presentation/v3/ark:/12148/bpt6k4157026t/manifest.json'
For more information check: https://developer.mozilla.org/en-US/docs/Web/HTTP/Status/403",2026-07-18T20:23:34.129071
liberation,bpt6k41570277,,failed,0,0,,http_manifest,known,403,manifest,"Client error '403 ' for url 'https://openapiproext.bnf.fr/iiif/presentation/v3/ark:/12148/bpt6k41570277/manifest.json'
For more information check: https://developer.mozilla.org/en-US/docs/Web/HTTP/Status/403",2026-07-18T20:23:35.337487
liberation,bpt6k4157028n,,failed,0,0,,http_manifest,known,403,manifest,"Client error '403 ' for url 'https://openapiproext.bnf.fr/iiif/presentation/v3/ark:/12148/bpt6k4157028n/manifest.json'
For more information check: https://developer.mozilla.org/en-US/docs/Web/HTTP/Status/403",2026-07-18T20:23:36.534145
liberation,bpt6k41570292,,failed,0,0,,http_manifest,known,403,manifest,"Client error '403 ' for url 'https://openapiproext.bnf.fr/iiif/presentation/v3/ark:/12148/bpt6k41570292/manifest.json'
For more information check: https://developer.mozilla.org/en-US/docs/Web/HTTP/Status/403",2026-07-18T20:23:37.730266
liberation,bpt6k4157030q,,failed,0,0,,http_manifest,known,403,manifest,"Client error '403 ' for url 'https://openapiproext.bnf.fr/iiif/presentation/v3/ark:/12148/bpt6k4157030q/manifest.json'
For more information check: https://developer.mozilla.org/en-US/docs/Web/HTTP/Status/403",2026-07-18T20:23:38.932994
liberation,bpt6k41570314,,failed,0,0,,http_manifest,known,403,manifest,"Client error '403 ' for url 'https://openapiproext.bnf.fr/iiif/presentation/v3/ark:/12148/bpt6k41570314/manifest.json'
For more information check: https://developer.mozilla.org/en-US/docs/Web/HTTP/Status/403",2026-07-18T20:23:40.134087
liberation,bpt6k4157032j,,failed,0,0,,http_manifest,known,403,manifest,"Client error '403 ' for url 'https://openapiproext.bnf.fr/iiif/presentation/v3/ark:/12148/bpt6k4157032j/manifest.json'
For more information check: https://developer.mozilla.org/en-US/docs/Web/HTTP/Status/403",2026-07-18T20:23:41.336378
liberation,bpt6k4157033z,,failed,0,0,,http_manifest,known,403,manifest,"Client error '403 ' for url 'https://openapiproext.bnf.fr/iiif/presentation/v3/ark:/12148/bpt6k4157033z/manifest.json'
For more information check: https://developer.mozilla.org/en-US/docs/Web/HTTP/Status/403",2026-07-18T20:23:42.563093
liberation,bpt6k4157034c,,failed,0,0,,http_manifest,known,403,manifest,"Client error '403 ' for url 'https://openapiproext.bnf.fr/iiif/presentation/v3/ark:/12148/bpt6k4157034c/manifest.json'
For more information check: https://developer.mozilla.org/en-US/docs/Web/HTTP/Status/403",2026-07-18T20:23:43.738942
liberation,bpt6k4157035s,,failed,0,0,,http_manifest,known,403,manifest,"Client error '403 ' for url 'https://openapiproext.bnf.fr/iiif/presentation/v3/ark:/12148/bpt6k4157035s/manifest.json'
For more information check: https://developer.mozilla.org/en-US/docs/Web/HTTP/Status/403",2026-07-18T20:23:44.937476
liberation,bpt6k41570366,,failed,0,0,,http_manifest,known,403,manifest,"Client error '403 ' for url 'https://openapiproext.bnf.fr/iiif/presentation/v3/ark:/12148/bpt6k41570366/manifest.json'
For more information check: https://developer.mozilla.org/en-US/docs/Web/HTTP/Status/403",2026-07-18T20:23:46.143120
liberation,bpt6k4157037m,,failed,0,0,,http_manifest,known,403,manifest,"Client error '403 ' for url 'https://openapiproext.bnf.fr/iiif/presentation/v3/ark:/12148/bpt6k4157037m/manifest.json'
For more information check: https://developer.mozilla.org/en-US/docs/Web/HTTP/Status/403",2026-07-18T20:23:47.341060
liberation,bpt6k41570381,,failed,0,0,,http_manifest,known,403,manifest,"Client error '403 ' for url 'https://openapiproext.bnf.fr/iiif/presentation/v3/ark:/12148/bpt6k41570381/manifest.json'
For more information check: https://developer.mozilla.org/en-US/docs/Web/HTTP/Status/403",2026-07-18T20:23:48.543670
liberation,bpt6k4157039f,,failed,0,0,,http_manifest,known,403,manifest,"Client error '403 ' for url 'https://openapiproext.bnf.fr/iiif/presentation/v3/ark:/12148/bpt6k4157039f/manifest.json'
For more information check: https://developer.mozilla.org/en-US/docs/Web/HTTP/Status/403",2026-07-18T20:23:49.746641
liberation,bpt6k41570403,,failed,0,0,,http_manifest,known,403,manifest,"Client error '403 ' for url 'https://openapiproext.bnf.fr/iiif/presentation/v3/ark:/12148/bpt6k41570403/manifest.json'
For more information check: https://developer.mozilla.org/en-US/docs/Web/HTTP/Status/403",2026-07-18T20:23:50.945719
liberation,bpt6k4157041h,,failed,0,0,,http_manifest,known,403,manifest,"Client error '403 ' for url 'https://openapiproext.bnf.fr/iiif/presentation/v3/ark:/12148/bpt6k4157041h/manifest.json'
For more information check: https://developer.mozilla.org/en-US/docs/Web/HTTP/Status/403",2026-07-18T20:23:52.147692
liberation,bpt6k4157042x,,failed,0,0,,http_manifest,known,403,manifest,"Client error '403 ' for url 'https://openapiproext.bnf.fr/iiif/presentation/v3/ark:/12148/bpt6k4157042x/manifest.json'
For more information check: https://developer.mozilla.org/en-US/docs/Web/HTTP/Status/403",2026-07-18T20:23:53.346777
liberation,bpt6k4157043b,,failed,0,0,,http_manifest,known,403,manifest,"Client error '403 ' for url 'https://openapiproext.bnf.fr/iiif/presentation/v3/ark:/12148/bpt6k4157043b/manifest.json'
For more information check: https://developer.mozilla.org/en-US/docs/Web/HTTP/Status/403",2026-07-18T20:23:54.576062
liberation,bpt6k4157044r,,failed,0,0,,http_manifest,known,403,manifest,"Client error '403 ' for url 'https://openapiproext.bnf.fr/iiif/presentation/v3/ark:/12148/bpt6k4157044r/manifest.json'
For more information check: https://developer.mozilla.org/en-US/docs/Web/HTTP/Status/403",2026-07-18T20:23:55.751143
liberation,bpt6k41570455,,failed,0,0,,http_manifest,known,403,manifest,"Client error '403 ' for url 'https://openapiproext.bnf.fr/iiif/presentation/v3/ark:/12148/bpt6k41570455/manifest.json'
For more information check: https://developer.mozilla.org/en-US/docs/Web/HTTP/Status/403",2026-07-18T20:23:56.953076
liberation,bpt6k4157046k,,failed,0,0,,http_manifest,known,403,manifest,"Client error '403 ' for url 'https://openapiproext.bnf.fr/iiif/presentation/v3/ark:/12148/bpt6k4157046k/manifest.json'
For more information check: https://developer.mozilla.org/en-US/docs/Web/HTTP/Status/403",2026-07-18T20:23:58.155563
liberation,bpt6k41570470,,failed,0,0,,http_manifest,known,403,manifest,"Client error '403 ' for url 'https://openapiproext.bnf.fr/iiif/presentation/v3/ark:/12148/bpt6k41570470/manifest.json'
For more information check: https://developer.mozilla.org/en-US/docs/Web/HTTP/Status/403",2026-07-18T20:23:59.358148
liberation,bpt6k4157048d,,failed,0,0,,http_manifest,known,403,manifest,"Client error '403 ' for url 'https://openapiproext.bnf.fr/iiif/presentation/v3/ark:/12148/bpt6k4157048d/manifest.json'
For more information check: https://developer.mozilla.org/en-US/docs/Web/HTTP/Status/403",2026-07-18T20:24:00.579602
liberation,bpt6k4157049t,,failed,0,0,,http_manifest,known,403,manifest,"Client error '403 ' for url 'https://openapiproext.bnf.fr/iiif/presentation/v3/ark:/12148/bpt6k4157049t/manifest.json'
For more information check: https://developer.mozilla.org/en-US/docs/Web/HTTP/Status/403",2026-07-18T20:24:01.756550
liberation,bpt6k4157050g,,failed,0,0,,http_manifest,known,403,manifest,"Client error '403 ' for url 'https://openapiproext.bnf.fr/iiif/presentation/v3/ark:/12148/bpt6k4157050g/manifest.json'
For more information check: https://developer.mozilla.org/en-US/docs/Web/HTTP/Status/403",2026-07-18T20:24:02.955426
liberation,bpt6k4157051w,,failed,0,0,,http_manifest,known,403,manifest,"Client error '403 ' for url 'https://openapiproext.bnf.fr/iiif/presentation/v3/ark:/12148/bpt6k4157051w/manifest.json'
For more information check: https://developer.mozilla.org/en-US/docs/Web/HTTP/Status/403",2026-07-18T20:24:04.163607
liberation,bpt6k41570529,,failed,0,0,,http_manifest,known,403,manifest,"Client error '403 ' for url 'https://openapiproext.bnf.fr/iiif/presentation/v3/ark:/12148/bpt6k41570529/manifest.json'
For more information check: https://developer.mozilla.org/en-US/docs/Web/HTTP/Status/403",2026-07-18T20:24:05.362970
liberation,bpt6k4157053q,,failed,0,0,,http_manifest,known,403,manifest,"Client error '403 ' for url 'https://openapiproext.bnf.fr/iiif/presentation/v3/ark:/12148/bpt6k4157053q/manifest.json'
For more information check: https://developer.mozilla.org/en-US/docs/Web/HTTP/Status/403",2026-07-18T20:24:06.566056
liberation,bpt6k41570544,,failed,0,0,,http_manifest,known,403,manifest,"Client error '403 ' for url 'https://openapiproext.bnf.fr/iiif/presentation/v3/ark:/12148/bpt6k41570544/manifest.json'
For more information check: https://developer.mozilla.org/en-US/docs/Web/HTTP/Status/403",2026-07-18T20:24:07.867260
liberation,bpt6k4157055j,,failed,0,0,,http_manifest,known,403,manifest,"Client error '403 ' for url 'https://openapiproext.bnf.fr/iiif/presentation/v3/ark:/12148/bpt6k4157055j/manifest.json'
For more information check: https://developer.mozilla.org/en-US/docs/Web/HTTP/Status/403",2026-07-18T20:24:08.966992
liberation,bpt6k4157056z,,failed,0,0,,http_manifest,known,403,manifest,"Client error '403 ' for url 'https://openapiproext.bnf.fr/iiif/presentation/v3/ark:/12148/bpt6k4157056z/manifest.json'
For more information check: https://developer.mozilla.org/en-US/docs/Web/HTTP/Status/403",2026-07-18T20:24:10.258573
liberation,bpt6k4157057c,,failed,0,0,,http_manifest,known,403,manifest,"Client error '403 ' for url 'https://openapiproext.bnf.fr/iiif/presentation/v3/ark:/12148/bpt6k4157057c/manifest.json'
For more information check: https://developer.mozilla.org/en-US/docs/Web/HTTP/Status/403",2026-07-18T20:24:11.430828
liberation,bpt6k4157058s,,failed,0,0,,http_manifest,known,403,manifest,"Client error '403 ' for url 'https://openapiproext.bnf.fr/iiif/presentation/v3/ark:/12148/bpt6k4157058s/manifest.json'
For more information check: https://developer.mozilla.org/en-US/docs/Web/HTTP/Status/403",2026-07-18T20:24:12.649753
liberation,bpt6k41570596,,failed,0,0,,http_manifest,known,403,manifest,"Client error '403 ' for url 'https://openapiproext.bnf.fr/iiif/presentation/v3/ark:/12148/bpt6k41570596/manifest.json'
For more information check: https://developer.mozilla.org/en-US/docs/Web/HTTP/Status/403",2026-07-18T20:24:13.994030
liberation,bpt6k4157060v,,failed,0,0,,http_manifest,known,403,manifest,"Client error '403 ' for url 'https://openapiproext.bnf.fr/iiif/presentation/v3/ark:/12148/bpt6k4157060v/manifest.json'
For more information check: https://developer.mozilla.org/en-US/docs/Web/HTTP/Status/403",2026-07-18T20:24:14.973085
liberation,bpt6k41570618,,failed,0,0,,http_manifest,known,403,manifest,"Client error '403 ' for url 'https://openapiproext.bnf.fr/iiif/presentation/v3/ark:/12148/bpt6k41570618/manifest.json'
For more information check: https://developer.mozilla.org/en-US/docs/Web/HTTP/Status/403",2026-07-18T20:24:16.174028
liberation,bpt6k4157062p,,failed,0,0,,http_manifest,known,403,manifest,"Client error '403 ' for url 'https://openapiproext.bnf.fr/iiif/presentation/v3/ark:/12148/bpt6k4157062p/manifest.json'
For more information check: https://developer.mozilla.org/en-US/docs/Web/HTTP/Status/403",2026-07-18T20:24:17.454405
liberation,bpt6k41570633,,failed,0,0,,http_manifest,known,403,manifest,"Client error '403 ' for url 'https://openapiproext.bnf.fr/iiif/presentation/v3/ark:/12148/bpt6k41570633/manifest.json'
For more information check: https://developer.mozilla.org/en-US/docs/Web/HTTP/Status/403",2026-07-18T20:24:18.595417
liberation,bpt6k4157064h,,failed,0,0,,http_manifest,known,403,manifest,"Client error '403 ' for url 'https://openapiproext.bnf.fr/iiif/presentation/v3/ark:/12148/bpt6k4157064h/manifest.json'
For more information check: https://developer.mozilla.org/en-US/docs/Web/HTTP/Status/403",2026-07-18T20:24:19.774292
liberation,bpt6k4157065x,,failed,0,0,,http_manifest,known,403,manifest,"Client error '403 ' for url 'https://openapiproext.bnf.fr/iiif/presentation/v3/ark:/12148/bpt6k4157065x/manifest.json'
For more information check: https://developer.mozilla.org/en-US/docs/Web/HTTP/Status/403",2026-07-18T20:24:20.975991
liberation,bpt6k4157066b,,failed,0,0,,http_manifest,known,403,manifest,"Client error '403 ' for url 'https://openapiproext.bnf.fr/iiif/presentation/v3/ark:/12148/bpt6k4157066b/manifest.json'
For more information check: https://developer.mozilla.org/en-US/docs/Web/HTTP/Status/403",2026-07-18T20:24:22.291778
liberation,bpt6k4157067r,,failed,0,0,,http_manifest,known,403,manifest,"Client error '403 ' for url 'https://openapiproext.bnf.fr/iiif/presentation/v3/ark:/12148/bpt6k4157067r/manifest.json'
For more information check: https://developer.mozilla.org/en-US/docs/Web/HTTP/Status/403",2026-07-18T20:24:23.429918
liberation,bpt6k41570685,,failed,0,0,,http_manifest,known,403,manifest,"Client error '403 ' for url 'https://openapiproext.bnf.fr/iiif/presentation/v3/ark:/12148/bpt6k41570685/manifest.json'
For more information check: https://developer.mozilla.org/en-US/docs/Web/HTTP/Status/403",2026-07-18T20:24:24.599269
liberation,bpt6k4157069k,,failed,0,0,,http_manifest,known,403,manifest,"Client error '403 ' for url 'https://openapiproext.bnf.fr/iiif/presentation/v3/ark:/12148/bpt6k4157069k/manifest.json'
For more information check: https://developer.mozilla.org/en-US/docs/Web/HTTP/Status/403",2026-07-18T20:24:25.780109
liberation,bpt6k41570707,,failed,0,0,,http_manifest,known,403,manifest,"Client error '403 ' for url 'https://openapiproext.bnf.fr/iiif/presentation/v3/ark:/12148/bpt6k41570707/manifest.json'
For more information check: https://developer.mozilla.org/en-US/docs/Web/HTTP/Status/403",2026-07-18T20:24:26.985359
liberation,bpt6k4157071n,,failed,0,0,,http_manifest,known,403,manifest,"Client error '403 ' for url 'https://openapiproext.bnf.fr/iiif/presentation/v3/ark:/12148/bpt6k4157071n/manifest.json'
For more information check: https://developer.mozilla.org/en-US/docs/Web/HTTP/Status/403",2026-07-18T20:24:28.187845
liberation,bpt6k41570722,,failed,0,0,,http_manifest,known,403,manifest,"Client error '403 ' for url 'https://openapiproext.bnf.fr/iiif/presentation/v3/ark:/12148/bpt6k41570722/manifest.json'
For more information check: https://developer.mozilla.org/en-US/docs/Web/HTTP/Status/403",2026-07-18T20:24:29.387612
liberation,bpt6k4157073g,,failed,0,0,,http_manifest,known,403,manifest,"Client error '403 ' for url 'https://openapiproext.bnf.fr/iiif/presentation/v3/ark:/12148/bpt6k4157073g/manifest.json'
For more information check: https://developer.mozilla.org/en-US/docs/Web/HTTP/Status/403",2026-07-18T20:24:30.609984
liberation,bpt6k4157074w,,failed,0,0,,http_manifest,known,403,manifest,"Client error '403 ' for url 'https://openapiproext.bnf.fr/iiif/presentation/v3/ark:/12148/bpt6k4157074w/manifest.json'
For more information check: https://developer.mozilla.org/en-US/docs/Web/HTTP/Status/403",2026-07-18T20:24:31.787762
liberation,bpt6k41570759,,failed,0,0,,http_manifest,known,403,manifest,"Client error '403 ' for url 'https://openapiproext.bnf.fr/iiif/presentation/v3/ark:/12148/bpt6k41570759/manifest.json'
For more information check: https://developer.mozilla.org/en-US/docs/Web/HTTP/Status/403",2026-07-18T20:24:32.991362
liberation,bpt6k4157076q,,failed,0,0,,http_manifest,known,403,manifest,"Client error '403 ' for url 'https://openapiproext.bnf.fr/iiif/presentation/v3/ark:/12148/bpt6k4157076q/manifest.json'
For more information check: https://developer.mozilla.org/en-US/docs/Web/HTTP/Status/403",2026-07-18T20:24:34.191668
liberation,bpt6k41570774,,failed,0,0,,http_manifest,known,403,manifest,"Client error '403 ' for url 'https://openapiproext.bnf.fr/iiif/presentation/v3/ark:/12148/bpt6k41570774/manifest.json'
For more information check: https://developer.mozilla.org/en-US/docs/Web/HTTP/Status/403",2026-07-18T20:24:35.406025
liberation,bpt6k4157078j,,failed,0,0,,http_manifest,known,403,manifest,"Client error '403 ' for url 'https://openapiproext.bnf.fr/iiif/presentation/v3/ark:/12148/bpt6k4157078j/manifest.json'
For more information check: https://developer.mozilla.org/en-US/docs/Web/HTTP/Status/403",2026-07-18T20:24:36.597007
liberation,bpt6k4157079z,,failed,0,0,,http_manifest,known,403,manifest,"Client error '403 ' for url 'https://openapiproext.bnf.fr/iiif/presentation/v3/ark:/12148/bpt6k4157079z/manifest.json'
For more information check: https://developer.mozilla.org/en-US/docs/Web/HTTP/Status/403",2026-07-18T20:24:37.796964
liberation,bpt6k4157080m,,failed,0,0,,http_manifest,known,403,manifest,"Client error '403 ' for url 'https://openapiproext.bnf.fr/iiif/presentation/v3/ark:/12148/bpt6k4157080m/manifest.json'
For more information check: https://developer.mozilla.org/en-US/docs/Web/HTTP/Status/403",2026-07-18T20:24:39.000114
liberation,bpt6k41570811,,failed,0,0,,http_manifest,known,403,manifest,"Client error '403 ' for url 'https://openapiproext.bnf.fr/iiif/presentation/v3/ark:/12148/bpt6k41570811/manifest.json'
For more information check: https://developer.mozilla.org/en-US/docs/Web/HTTP/Status/403",2026-07-18T20:24:40.199016
liberation,bpt6k4157082f,,failed,0,0,,http_manifest,known,403,manifest,"Client error '403 ' for url 'https://openapiproext.bnf.fr/iiif/presentation/v3/ark:/12148/bpt6k4157082f/manifest.json'
For more information check: https://developer.mozilla.org/en-US/docs/Web/HTTP/Status/403",2026-07-18T20:24:41.400561
liberation,bpt6k4157083v,,failed,0,0,,http_manifest,known,403,manifest,"Client error '403 ' for url 'https://openapiproext.bnf.fr/iiif/presentation/v3/ark:/12148/bpt6k4157083v/manifest.json'
For more information check: https://developer.mozilla.org/en-US/docs/Web/HTTP/Status/403",2026-07-18T20:24:42.625696
liberation,bpt6k41570848,,failed,0,0,,http_manifest,known,403,manifest,"Client error '403 ' for url 'https://openapiproext.bnf.fr/iiif/presentation/v3/ark:/12148/bpt6k41570848/manifest.json'
For more information check: https://developer.mozilla.org/en-US/docs/Web/HTTP/Status/403",2026-07-18T20:24:43.803385
liberation,bpt6k4157085p,,failed,0,0,,http_manifest,known,403,manifest,"Client error '403 ' for url 'https://openapiproext.bnf.fr/iiif/presentation/v3/ark:/12148/bpt6k4157085p/manifest.json'
For more information check: https://developer.mozilla.org/en-US/docs/Web/HTTP/Status/403",2026-07-18T20:24:45.004018
liberation,bpt6k41570863,,failed,0,0,,http_manifest,known,403,manifest,"Client error '403 ' for url 'https://openapiproext.bnf.fr/iiif/presentation/v3/ark:/12148/bpt6k41570863/manifest.json'
For more information check: https://developer.mozilla.org/en-US/docs/Web/HTTP/Status/403",2026-07-18T20:24:46.207409
liberation,bpt6k4157087h,,failed,0,0,,http_manifest,known,403,manifest,"Client error '403 ' for url 'https://openapiproext.bnf.fr/iiif/presentation/v3/ark:/12148/bpt6k4157087h/manifest.json'
For more information check: https://developer.mozilla.org/en-US/docs/Web/HTTP/Status/403",2026-07-18T20:24:47.404993
liberation,bpt6k4157088x,,failed,0,0,,http_manifest,known,403,manifest,"Client error '403 ' for url 'https://openapiproext.bnf.fr/iiif/presentation/v3/ark:/12148/bpt6k4157088x/manifest.json'
For more information check: https://developer.mozilla.org/en-US/docs/Web/HTTP/Status/403",2026-07-18T20:24:48.606892
liberation,bpt6k4157089b,,failed,0,0,,http_manifest,known,403,manifest,"Client error '403 ' for url 'https://openapiproext.bnf.fr/iiif/presentation/v3/ark:/12148/bpt6k4157089b/manifest.json'
For more information check: https://developer.mozilla.org/en-US/docs/Web/HTTP/Status/403",2026-07-18T20:24:49.811717
liberation,bpt6k41570900,,failed,0,0,,http_manifest,known,403,manifest,"Client error '403 ' for url 'https://openapiproext.bnf.fr/iiif/presentation/v3/ark:/12148/bpt6k41570900/manifest.json'
For more information check: https://developer.mozilla.org/en-US/docs/Web/HTTP/Status/403",2026-07-18T20:24:51.007923
liberation,bpt6k4157091d,,failed,0,0,,http_manifest,known,403,manifest,"Client error '403 ' for url 'https://openapiproext.bnf.fr/iiif/presentation/v3/ark:/12148/bpt6k4157091d/manifest.json'
For more information check: https://developer.mozilla.org/en-US/docs/Web/HTTP/Status/403",2026-07-18T20:24:52.215314
liberation,bpt6k4157092t,,failed,0,0,,http_manifest,known,403,manifest,"Client error '403 ' for url 'https://openapiproext.bnf.fr/iiif/presentation/v3/ark:/12148/bpt6k4157092t/manifest.json'
For more information check: https://developer.mozilla.org/en-US/docs/Web/HTTP/Status/403",2026-07-18T20:24:53.410886
liberation,bpt6k41570937,,failed,0,0,,http_manifest,known,403,manifest,"Client error '403 ' for url 'https://openapiproext.bnf.fr/iiif/presentation/v3/ark:/12148/bpt6k41570937/manifest.json'
For more information check: https://developer.mozilla.org/en-US/docs/Web/HTTP/Status/403",2026-07-18T20:24:54.651263
liberation,bpt6k4157094n,,failed,0,0,,http_manifest,known,403,manifest,"Client error '403 ' for url 'https://openapiproext.bnf.fr/iiif/presentation/v3/ark:/12148/bpt6k4157094n/manifest.json'
For more information check: https://developer.mozilla.org/en-US/docs/Web/HTTP/Status/403",2026-07-18T20:24:55.815711
liberation,bpt6k41570952,,failed,0,0,,http_manifest,known,403,manifest,"Client error '403 ' for url 'https://openapiproext.bnf.fr/iiif/presentation/v3/ark:/12148/bpt6k41570952/manifest.json'
For more information check: https://developer.mozilla.org/en-US/docs/Web/HTTP/Status/403",2026-07-18T20:24:57.016582
liberation,bpt6k4157096g,,failed,0,0,,http_manifest,known,403,manifest,"Client error '403 ' for url 'https://openapiproext.bnf.fr/iiif/presentation/v3/ark:/12148/bpt6k4157096g/manifest.json'
For more information check: https://developer.mozilla.org/en-US/docs/Web/HTTP/Status/403",2026-07-18T20:24:58.217495
liberation,bpt6k4157097w,,failed,0,0,,http_manifest,known,403,manifest,"Client error '403 ' for url 'https://openapiproext.bnf.fr/iiif/presentation/v3/ark:/12148/bpt6k4157097w/manifest.json'
For more information check: https://developer.mozilla.org/en-US/docs/Web/HTTP/Status/403",2026-07-18T20:24:59.417832
liberation,bpt6k41570989,,failed,0,0,,http_manifest,known,403,manifest,"Client error '403 ' for url 'https://openapiproext.bnf.fr/iiif/presentation/v3/ark:/12148/bpt6k41570989/manifest.json'
For more information check: https://developer.mozilla.org/en-US/docs/Web/HTTP/Status/403",2026-07-18T20:25:00.639358
liberation,bpt6k4157099q,,failed,0,0,,http_manifest,known,403,manifest,"Client error '403 ' for url 'https://openapiproext.bnf.fr/iiif/presentation/v3/ark:/12148/bpt6k4157099q/manifest.json'
For more information check: https://developer.mozilla.org/en-US/docs/Web/HTTP/Status/403",2026-07-18T20:25:01.820823
liberation,bpt6k4157100x,,failed,0,0,,http_manifest,known,403,manifest,"Client error '403 ' for url 'https://openapiproext.bnf.fr/iiif/presentation/v3/ark:/12148/bpt6k4157100x/manifest.json'
For more information check: https://developer.mozilla.org/en-US/docs/Web/HTTP/Status/403",2026-07-18T20:25:03.023659
liberation,bpt6k4157101b,,failed,0,0,,http_manifest,known,403,manifest,"Client error '403 ' for url 'https://openapiproext.bnf.fr/iiif/presentation/v3/ark:/12148/bpt6k4157101b/manifest.json'
For more information check: https://developer.mozilla.org/en-US/docs/Web/HTTP/Status/403",2026-07-18T20:25:04.226416
liberation,bpt6k4157102r,,failed,0,0,,http_manifest,known,403,manifest,"Client error '403 ' for url 'https://openapiproext.bnf.fr/iiif/presentation/v3/ark:/12148/bpt6k4157102r/manifest.json'
For more information check: https://developer.mozilla.org/en-US/docs/Web/HTTP/Status/403",2026-07-18T20:25:05.427719
liberation,bpt6k41571035,,failed,0,0,,http_manifest,known,403,manifest,"Client error '403 ' for url 'https://openapiproext.bnf.fr/iiif/presentation/v3/ark:/12148/bpt6k41571035/manifest.json'
For more information check: https://developer.mozilla.org/en-US/docs/Web/HTTP/Status/403",2026-07-18T20:25:06.881269
liberation,bpt6k4157104k,,failed,0,0,,http_manifest,known,403,manifest,"Client error '403 ' for url 'https://openapiproext.bnf.fr/iiif/presentation/v3/ark:/12148/bpt6k4157104k/manifest.json'
For more information check: https://developer.mozilla.org/en-US/docs/Web/HTTP/Status/403",2026-07-18T20:25:07.905757
liberation,bpt6k41571050,,failed,0,0,,http_manifest,known,403,manifest,"Client error '403 ' for url 'https://openapiproext.bnf.fr/iiif/presentation/v3/ark:/12148/bpt6k41571050/manifest.json'
For more information check: https://developer.mozilla.org/en-US/docs/Web/HTTP/Status/403",2026-07-18T20:25:09.031749
liberation,bpt6k4157106d,,failed,0,0,,http_manifest,known,403,manifest,"Client error '403 ' for url 'https://openapiproext.bnf.fr/iiif/presentation/v3/ark:/12148/bpt6k4157106d/manifest.json'
For more information check: https://developer.mozilla.org/en-US/docs/Web/HTTP/Status/403",2026-07-18T20:25:10.347148
liberation,bpt6k4157107t,,failed,0,0,,http_manifest,known,403,manifest,"Client error '403 ' for url 'https://openapiproext.bnf.fr/iiif/presentation/v3/ark:/12148/bpt6k4157107t/manifest.json'
For more information check: https://developer.mozilla.org/en-US/docs/Web/HTTP/Status/403",2026-07-18T20:25:11.437091
liberation,bpt6k41571087,,failed,0,0,,http_manifest,known,403,manifest,"Client error '403 ' for url 'https://openapiproext.bnf.fr/iiif/presentation/v3/ark:/12148/bpt6k41571087/manifest.json'
For more information check: https://developer.mozilla.org/en-US/docs/Web/HTTP/Status/403",2026-07-18T20:25:12.769912
liberation,bpt6k4157109n,,failed,0,0,,http_manifest,known,403,manifest,"Client error '403 ' for url 'https://openapiproext.bnf.fr/iiif/presentation/v3/ark:/12148/bpt6k4157109n/manifest.json'
For more information check: https://developer.mozilla.org/en-US/docs/Web/HTTP/Status/403",2026-07-18T20:25:14.015362
liberation,bpt6k41571109,,failed,0,0,,http_manifest,known,403,manifest,"Client error '403 ' for url 'https://openapiproext.bnf.fr/iiif/presentation/v3/ark:/12148/bpt6k41571109/manifest.json'
For more information check: https://developer.mozilla.org/en-US/docs/Web/HTTP/Status/403",2026-07-18T20:25:15.039131
liberation,bpt6k4157111q,,failed,0,0,,http_manifest,known,403,manifest,"Client error '403 ' for url 'https://openapiproext.bnf.fr/iiif/presentation/v3/ark:/12148/bpt6k4157111q/manifest.json'
For more information check: https://developer.mozilla.org/en-US/docs/Web/HTTP/Status/403",2026-07-18T20:25:16.242851
liberation,bpt6k41571124,,failed,0,0,,http_manifest,known,403,manifest,"Client error '403 ' for url 'https://openapiproext.bnf.fr/iiif/presentation/v3/ark:/12148/bpt6k41571124/manifest.json'
For more information check: https://developer.mozilla.org/en-US/docs/Web/HTTP/Status/403",2026-07-18T20:25:17.442235
liberation,bpt6k4157113j,,failed,0,0,,http_manifest,known,403,manifest,"Client error '403 ' for url 'https://openapiproext.bnf.fr/iiif/presentation/v3/ark:/12148/bpt6k4157113j/manifest.json'
For more information check: https://developer.mozilla.org/en-US/docs/Web/HTTP/Status/403",2026-07-18T20:25:18.674813
liberation,bpt6k4157114z,,failed,0,0,,http_manifest,known,403,manifest,"Client error '403 ' for url 'https://openapiproext.bnf.fr/iiif/presentation/v3/ark:/12148/bpt6k4157114z/manifest.json'
For more information check: https://developer.mozilla.org/en-US/docs/Web/HTTP/Status/403",2026-07-18T20:25:19.910805
liberation,bpt6k4157116s,,failed,0,0,,http_manifest,known,403,manifest,"Client error '403 ' for url 'https://openapiproext.bnf.fr/iiif/presentation/v3/ark:/12148/bpt6k4157116s/manifest.json'
For more information check: https://developer.mozilla.org/en-US/docs/Web/HTTP/Status/403",2026-07-18T20:25:21.112974
liberation,bpt6k41571176,,failed,0,0,,http_manifest,known,403,manifest,"Client error '403 ' for url 'https://openapiproext.bnf.fr/iiif/presentation/v3/ark:/12148/bpt6k41571176/manifest.json'
For more information check: https://developer.mozilla.org/en-US/docs/Web/HTTP/Status/403",2026-07-18T20:25:22.257127
liberation,bpt6k4157118m,,failed,0,0,,http_manifest,known,403,manifest,"Client error '403 ' for url 'https://openapiproext.bnf.fr/iiif/presentation/v3/ark:/12148/bpt6k4157118m/manifest.json'
For more information check: https://developer.mozilla.org/en-US/docs/Web/HTTP/Status/403",2026-07-18T20:25:23.606200
liberation,bpt6k41571191,,failed,0,0,,http_manifest,known,403,manifest,"Client error '403 ' for url 'https://openapiproext.bnf.fr/iiif/presentation/v3/ark:/12148/bpt6k41571191/manifest.json'
For more information check: https://developer.mozilla.org/en-US/docs/Web/HTTP/Status/403",2026-07-18T20:25:24.654470
liberation,bpt6k4157120p,,failed,0,0,,http_manifest,known,403,manifest,"Client error '403 ' for url 'https://openapiproext.bnf.fr/iiif/presentation/v3/ark:/12148/bpt6k4157120p/manifest.json'
For more information check: https://developer.mozilla.org/en-US/docs/Web/HTTP/Status/403",2026-07-18T20:25:25.993329
liberation,bpt6k41571213,,failed,0,0,,http_manifest,known,403,manifest,"Client error '403 ' for url 'https://openapiproext.bnf.fr/iiif/presentation/v3/ark:/12148/bpt6k41571213/manifest.json'
For more information check: https://developer.mozilla.org/en-US/docs/Web/HTTP/Status/403",2026-07-18T20:25:27.050458
liberation,bpt6k4157122h,,failed,0,0,,http_manifest,known,403,manifest,"Client error '403 ' for url 'https://openapiproext.bnf.fr/iiif/presentation/v3/ark:/12148/bpt6k4157122h/manifest.json'
For more information check: https://developer.mozilla.org/en-US/docs/Web/HTTP/Status/403",2026-07-18T20:25:28.255562
liberation,bpt6k4157123x,,failed,0,0,,http_manifest,known,403,manifest,"Client error '403 ' for url 'https://openapiproext.bnf.fr/iiif/presentation/v3/ark:/12148/bpt6k4157123x/manifest.json'
For more information check: https://developer.mozilla.org/en-US/docs/Web/HTTP/Status/403",2026-07-18T20:25:29.453584
liberation,bpt6k4157124b,,failed,0,0,,http_manifest,known,403,manifest,"Client error '403 ' for url 'https://openapiproext.bnf.fr/iiif/presentation/v3/ark:/12148/bpt6k4157124b/manifest.json'
For more information check: https://developer.mozilla.org/en-US/docs/Web/HTTP/Status/403",2026-07-18T20:25:30.677013
liberation,bpt6k4157125r,,failed,0,0,,http_manifest,known,403,manifest,"Client error '403 ' for url 'https://openapiproext.bnf.fr/iiif/presentation/v3/ark:/12148/bpt6k4157125r/manifest.json'
For more information check: https://developer.mozilla.org/en-US/docs/Web/HTTP/Status/403",2026-07-18T20:25:31.855947
liberation,bpt6k41571265,,failed,0,0,,http_manifest,known,403,manifest,"Client error '403 ' for url 'https://openapiproext.bnf.fr/iiif/presentation/v3/ark:/12148/bpt6k41571265/manifest.json'
For more information check: https://developer.mozilla.org/en-US/docs/Web/HTTP/Status/403",2026-07-18T20:25:33.065690
liberation,bpt6k4157127k,,failed,0,0,,http_manifest,known,403,manifest,"Client error '403 ' for url 'https://openapiproext.bnf.fr/iiif/presentation/v3/ark:/12148/bpt6k4157127k/manifest.json'
For more information check: https://developer.mozilla.org/en-US/docs/Web/HTTP/Status/403",2026-07-18T20:25:34.259721
liberation,bpt6k41571280,,failed,0,0,,http_manifest,known,403,manifest,"Client error '403 ' for url 'https://openapiproext.bnf.fr/iiif/presentation/v3/ark:/12148/bpt6k41571280/manifest.json'
For more information check: https://developer.mozilla.org/en-US/docs/Web/HTTP/Status/403",2026-07-18T20:25:35.467292
liberation,bpt6k4157129d,,failed,0,0,,http_manifest,known,403,manifest,"Client error '403 ' for url 'https://openapiproext.bnf.fr/iiif/presentation/v3/ark:/12148/bpt6k4157129d/manifest.json'
For more information check: https://developer.mozilla.org/en-US/docs/Web/HTTP/Status/403",2026-07-18T20:25:36.689328
liberation,bpt6k41571302,,failed,0,0,,http_manifest,known,403,manifest,"Client error '403 ' for url 'https://openapiproext.bnf.fr/iiif/presentation/v3/ark:/12148/bpt6k41571302/manifest.json'
For more information check: https://developer.mozilla.org/en-US/docs/Web/HTTP/Status/403",2026-07-18T20:25:37.861648
liberation,bpt6k4157131g,,failed,0,0,,http_manifest,known,403,manifest,"Client error '403 ' for url 'https://openapiproext.bnf.fr/iiif/presentation/v3/ark:/12148/bpt6k4157131g/manifest.json'
For more information check: https://developer.mozilla.org/en-US/docs/Web/HTTP/Status/403",2026-07-18T20:25:39.063343
liberation,bpt6k4157132w,,failed,0,0,,http_manifest,known,403,manifest,"Client error '403 ' for url 'https://openapiproext.bnf.fr/iiif/presentation/v3/ark:/12148/bpt6k4157132w/manifest.json'
For more information check: https://developer.mozilla.org/en-US/docs/Web/HTTP/Status/403",2026-07-18T20:25:40.266186
liberation,bpt6k41571339,,failed,0,0,,http_manifest,known,403,manifest,"Client error '403 ' for url 'https://openapiproext.bnf.fr/iiif/presentation/v3/ark:/12148/bpt6k41571339/manifest.json'
For more information check: https://developer.mozilla.org/en-US/docs/Web/HTTP/Status/403",2026-07-18T20:25:41.468455
liberation,bpt6k4157134q,,failed,0,0,,http_manifest,known,403,manifest,"Client error '403 ' for url 'https://openapiproext.bnf.fr/iiif/presentation/v3/ark:/12148/bpt6k4157134q/manifest.json'
For more information check: https://developer.mozilla.org/en-US/docs/Web/HTTP/Status/403",2026-07-18T20:25:42.668775
liberation,bpt6k41571354,,failed,0,0,,http_manifest,known,403,manifest,"Client error '403 ' for url 'https://openapiproext.bnf.fr/iiif/presentation/v3/ark:/12148/bpt6k41571354/manifest.json'
For more information check: https://developer.mozilla.org/en-US/docs/Web/HTTP/Status/403",2026-07-18T20:25:43.874867
liberation,bpt6k4157136j,,failed,0,0,,http_manifest,known,403,manifest,"Client error '403 ' for url 'https://openapiproext.bnf.fr/iiif/presentation/v3/ark:/12148/bpt6k4157136j/manifest.json'
For more information check: https://developer.mozilla.org/en-US/docs/Web/HTTP/Status/403",2026-07-18T20:25:45.075133
liberation,bpt6k4157137z,,failed,0,0,,http_manifest,known,403,manifest,"Client error '403 ' for url 'https://openapiproext.bnf.fr/iiif/presentation/v3/ark:/12148/bpt6k4157137z/manifest.json'
For more information check: https://developer.mozilla.org/en-US/docs/Web/HTTP/Status/403",2026-07-18T20:25:46.271898
liberation,bpt6k4157138c,,failed,0,0,,http_manifest,known,403,manifest,"Client error '403 ' for url 'https://openapiproext.bnf.fr/iiif/presentation/v3/ark:/12148/bpt6k4157138c/manifest.json'
For more information check: https://developer.mozilla.org/en-US/docs/Web/HTTP/Status/403",2026-07-18T20:25:47.473827
liberation,bpt6k4157139s,,failed,0,0,,http_manifest,known,403,manifest,"Client error '403 ' for url 'https://openapiproext.bnf.fr/iiif/presentation/v3/ark:/12148/bpt6k4157139s/manifest.json'
For more information check: https://developer.mozilla.org/en-US/docs/Web/HTTP/Status/403",2026-07-18T20:25:48.694914
liberation,bpt6k4157140f,,failed,0,0,,http_manifest,known,403,manifest,"Client error '403 ' for url 'https://openapiproext.bnf.fr/iiif/presentation/v3/ark:/12148/bpt6k4157140f/manifest.json'
For more information check: https://developer.mozilla.org/en-US/docs/Web/HTTP/Status/403",2026-07-18T20:25:49.876073
liberation,bpt6k4157141v,,failed,0,0,,http_manifest,known,403,manifest,"Client error '403 ' for url 'https://openapiproext.bnf.fr/iiif/presentation/v3/ark:/12148/bpt6k4157141v/manifest.json'
For more information check: https://developer.mozilla.org/en-US/docs/Web/HTTP/Status/403",2026-07-18T20:25:51.079336
liberation,bpt6k41571428,,failed,0,0,,http_manifest,known,403,manifest,"Client error '403 ' for url 'https://openapiproext.bnf.fr/iiif/presentation/v3/ark:/12148/bpt6k41571428/manifest.json'
For more information check: https://developer.mozilla.org/en-US/docs/Web/HTTP/Status/403",2026-07-18T20:25:52.295383
liberation,bpt6k4157143p,,failed,0,0,,http_manifest,known,403,manifest,"Client error '403 ' for url 'https://openapiproext.bnf.fr/iiif/presentation/v3/ark:/12148/bpt6k4157143p/manifest.json'
For more information check: https://developer.mozilla.org/en-US/docs/Web/HTTP/Status/403",2026-07-18T20:25:53.482039
liberation,bpt6k41571443,,failed,0,0,,http_manifest,known,403,manifest,"Client error '403 ' for url 'https://openapiproext.bnf.fr/iiif/presentation/v3/ark:/12148/bpt6k41571443/manifest.json'
For more information check: https://developer.mozilla.org/en-US/docs/Web/HTTP/Status/403",2026-07-18T20:25:54.684283
liberation,bpt6k4157145h,,failed,0,0,,http_manifest,known,403,manifest,"Client error '403 ' for url 'https://openapiproext.bnf.fr/iiif/presentation/v3/ark:/12148/bpt6k4157145h/manifest.json'
For more information check: https://developer.mozilla.org/en-US/docs/Web/HTTP/Status/403",2026-07-18T20:25:55.886711
liberation,bpt6k4157146x,,failed,0,0,,http_manifest,known,403,manifest,"Client error '403 ' for url 'https://openapiproext.bnf.fr/iiif/presentation/v3/ark:/12148/bpt6k4157146x/manifest.json'
For more information check: https://developer.mozilla.org/en-US/docs/Web/HTTP/Status/403",2026-07-18T20:25:57.088443
liberation,bpt6k4157147b,,failed,0,0,,http_manifest,known,403,manifest,"Client error '403 ' for url 'https://openapiproext.bnf.fr/iiif/presentation/v3/ark:/12148/bpt6k4157147b/manifest.json'
For more information check: https://developer.mozilla.org/en-US/docs/Web/HTTP/Status/403",2026-07-18T20:25:58.289761
liberation,bpt6k4157148r,,failed,0,0,,http_manifest,known,403,manifest,"Client error '403 ' for url 'https://openapiproext.bnf.fr/iiif/presentation/v3/ark:/12148/bpt6k4157148r/manifest.json'
For more information check: https://developer.mozilla.org/en-US/docs/Web/HTTP/Status/403",2026-07-18T20:25:59.488416
liberation,bpt6k41571495,,failed,0,0,,http_manifest,known,403,manifest,"Client error '403 ' for url 'https://openapiproext.bnf.fr/iiif/presentation/v3/ark:/12148/bpt6k41571495/manifest.json'
For more information check: https://developer.mozilla.org/en-US/docs/Web/HTTP/Status/403",2026-07-18T20:26:00.713615
liberation,bpt6k4157150t,,failed,0,0,,http_manifest,known,403,manifest,"Client error '403 ' for url 'https://openapiproext.bnf.fr/iiif/presentation/v3/ark:/12148/bpt6k4157150t/manifest.json'
For more information check: https://developer.mozilla.org/en-US/docs/Web/HTTP/Status/403",2026-07-18T20:26:01.889847
liberation,bpt6k41571517,,failed,0,0,,http_manifest,known,403,manifest,"Client error '403 ' for url 'https://openapiproext.bnf.fr/iiif/presentation/v3/ark:/12148/bpt6k41571517/manifest.json'
For more information check: https://developer.mozilla.org/en-US/docs/Web/HTTP/Status/403",2026-07-18T20:26:03.092577
liberation,bpt6k4157152n,,failed,0,0,,http_manifest,known,403,manifest,"Client error '403 ' for url 'https://openapiproext.bnf.fr/iiif/presentation/v3/ark:/12148/bpt6k4157152n/manifest.json'
For more information check: https://developer.mozilla.org/en-US/docs/Web/HTTP/Status/403",2026-07-18T20:26:04.291838
liberation,bpt6k41571532,,failed,0,0,,http_manifest,known,403,manifest,"Client error '403 ' for url 'https://openapiproext.bnf.fr/iiif/presentation/v3/ark:/12148/bpt6k41571532/manifest.json'
For more information check: https://developer.mozilla.org/en-US/docs/Web/HTTP/Status/403",2026-07-18T20:26:05.495351
liberation,bpt6k4157154g,,failed,0,0,,http_manifest,known,403,manifest,"Client error '403 ' for url 'https://openapiproext.bnf.fr/iiif/presentation/v3/ark:/12148/bpt6k4157154g/manifest.json'
For more information check: https://developer.mozilla.org/en-US/docs/Web/HTTP/Status/403",2026-07-18T20:26:06.718948
liberation,bpt6k4157155w,,failed,0,0,,http_manifest,known,403,manifest,"Client error '403 ' for url 'https://openapiproext.bnf.fr/iiif/presentation/v3/ark:/12148/bpt6k4157155w/manifest.json'
For more information check: https://developer.mozilla.org/en-US/docs/Web/HTTP/Status/403",2026-07-18T20:26:07.905227
liberation,bpt6k41571569,,failed,0,0,,http_manifest,known,403,manifest,"Client error '403 ' for url 'https://openapiproext.bnf.fr/iiif/presentation/v3/ark:/12148/bpt6k41571569/manifest.json'
For more information check: https://developer.mozilla.org/en-US/docs/Web/HTTP/Status/403",2026-07-18T20:26:09.107157
liberation,bpt6k4157157q,,failed,0,0,,http_manifest,known,403,manifest,"Client error '403 ' for url 'https://openapiproext.bnf.fr/iiif/presentation/v3/ark:/12148/bpt6k4157157q/manifest.json'
For more information check: https://developer.mozilla.org/en-US/docs/Web/HTTP/Status/403",2026-07-18T20:26:10.301109
liberation,bpt6k41571584,,failed,0,0,,http_manifest,known,403,manifest,"Client error '403 ' for url 'https://openapiproext.bnf.fr/iiif/presentation/v3/ark:/12148/bpt6k41571584/manifest.json'
For more information check: https://developer.mozilla.org/en-US/docs/Web/HTTP/Status/403",2026-07-18T20:26:11.502869
liberation,bpt6k4157159j,,failed,0,0,,http_manifest,known,403,manifest,"Client error '403 ' for url 'https://openapiproext.bnf.fr/iiif/presentation/v3/ark:/12148/bpt6k4157159j/manifest.json'
For more information check: https://developer.mozilla.org/en-US/docs/Web/HTTP/Status/403",2026-07-18T20:26:12.929458
liberation,bpt6k41571606,,failed,0,0,,http_manifest,known,403,manifest,"Client error '403 ' for url 'https://openapiproext.bnf.fr/iiif/presentation/v3/ark:/12148/bpt6k41571606/manifest.json'
For more information check: https://developer.mozilla.org/en-US/docs/Web/HTTP/Status/403",2026-07-18T20:26:13.905814
liberation,bpt6k4157161m,,failed,0,0,,http_manifest,known,403,manifest,"Client error '403 ' for url 'https://openapiproext.bnf.fr/iiif/presentation/v3/ark:/12148/bpt6k4157161m/manifest.json'
For more information check: https://developer.mozilla.org/en-US/docs/Web/HTTP/Status/403",2026-07-18T20:26:15.106470
liberation,bpt6k41571621,,failed,0,0,,http_manifest,known,403,manifest,"Client error '403 ' for url 'https://openapiproext.bnf.fr/iiif/presentation/v3/ark:/12148/bpt6k41571621/manifest.json'
For more information check: https://developer.mozilla.org/en-US/docs/Web/HTTP/Status/403",2026-07-18T20:26:16.309272
liberation,bpt6k4157163f,,failed,0,0,,http_manifest,known,403,manifest,"Client error '403 ' for url 'https://openapiproext.bnf.fr/iiif/presentation/v3/ark:/12148/bpt6k4157163f/manifest.json'
For more information check: https://developer.mozilla.org/en-US/docs/Web/HTTP/Status/403",2026-07-18T20:26:17.508886
liberation,bpt6k4157164v,,failed,0,0,,http_manifest,known,403,manifest,"Client error '403 ' for url 'https://openapiproext.bnf.fr/iiif/presentation/v3/ark:/12148/bpt6k4157164v/manifest.json'
For more information check: https://developer.mozilla.org/en-US/docs/Web/HTTP/Status/403",2026-07-18T20:26:18.870700
liberation,bpt6k41571658,,failed,0,0,,http_manifest,known,403,manifest,"Client error '403 ' for url 'https://openapiproext.bnf.fr/iiif/presentation/v3/ark:/12148/bpt6k41571658/manifest.json'
For more information check: https://developer.mozilla.org/en-US/docs/Web/HTTP/Status/403",2026-07-18T20:26:20.047612
liberation,bpt6k4157166p,,failed,0,0,,http_manifest,known,403,manifest,"Client error '403 ' for url 'https://openapiproext.bnf.fr/iiif/presentation/v3/ark:/12148/bpt6k4157166p/manifest.json'
For more information check: https://developer.mozilla.org/en-US/docs/Web/HTTP/Status/403",2026-07-18T20:26:21.122457
liberation,bpt6k41571673,,failed,0,0,,http_manifest,known,403,manifest,"Client error '403 ' for url 'https://openapiproext.bnf.fr/iiif/presentation/v3/ark:/12148/bpt6k41571673/manifest.json'
For more information check: https://developer.mozilla.org/en-US/docs/Web/HTTP/Status/403",2026-07-18T20:26:22.317425
liberation,bpt6k4157168h,,failed,0,0,,http_manifest,known,403,manifest,"Client error '403 ' for url 'https://openapiproext.bnf.fr/iiif/presentation/v3/ark:/12148/bpt6k4157168h/manifest.json'
For more information check: https://developer.mozilla.org/en-US/docs/Web/HTTP/Status/403",2026-07-18T20:26:23.614124
liberation,bpt6k4157169x,,failed,0,0,,http_manifest,known,403,manifest,"Client error '403 ' for url 'https://openapiproext.bnf.fr/iiif/presentation/v3/ark:/12148/bpt6k4157169x/manifest.json'
For more information check: https://developer.mozilla.org/en-US/docs/Web/HTTP/Status/403",2026-07-18T20:26:24.762104
liberation,bpt6k4157170k,,failed,0,0,,http_manifest,known,403,manifest,"Client error '403 ' for url 'https://openapiproext.bnf.fr/iiif/presentation/v3/ark:/12148/bpt6k4157170k/manifest.json'
For more information check: https://developer.mozilla.org/en-US/docs/Web/HTTP/Status/403",2026-07-18T20:26:25.990932
liberation,bpt6k41571710,,failed,0,0,,http_manifest,known,403,manifest,"Client error '403 ' for url 'https://openapiproext.bnf.fr/iiif/presentation/v3/ark:/12148/bpt6k41571710/manifest.json'
For more information check: https://developer.mozilla.org/en-US/docs/Web/HTTP/Status/403",2026-07-18T20:26:27.115407
liberation,bpt6k4157172d,,failed,0,0,,http_manifest,known,403,manifest,"Client error '403 ' for url 'https://openapiproext.bnf.fr/iiif/presentation/v3/ark:/12148/bpt6k4157172d/manifest.json'
For more information check: https://developer.mozilla.org/en-US/docs/Web/HTTP/Status/403",2026-07-18T20:26:28.321552
liberation,bpt6k4157173t,,failed,0,0,,http_manifest,known,403,manifest,"Client error '403 ' for url 'https://openapiproext.bnf.fr/iiif/presentation/v3/ark:/12148/bpt6k4157173t/manifest.json'
For more information check: https://developer.mozilla.org/en-US/docs/Web/HTTP/Status/403",2026-07-18T20:26:29.520699
liberation,bpt6k41571747,,failed,0,0,,http_manifest,known,403,manifest,"Client error '403 ' for url 'https://openapiproext.bnf.fr/iiif/presentation/v3/ark:/12148/bpt6k41571747/manifest.json'
For more information check: https://developer.mozilla.org/en-US/docs/Web/HTTP/Status/403",2026-07-18T20:26:30.731056
liberation,bpt6k4157175n,,failed,0,0,,http_manifest,known,403,manifest,"Client error '403 ' for url 'https://openapiproext.bnf.fr/iiif/presentation/v3/ark:/12148/bpt6k4157175n/manifest.json'
For more information check: https://developer.mozilla.org/en-US/docs/Web/HTTP/Status/403",2026-07-18T20:26:31.918714
liberation,bpt6k41571762,,failed,0,0,,http_manifest,known,403,manifest,"Client error '403 ' for url 'https://openapiproext.bnf.fr/iiif/presentation/v3/ark:/12148/bpt6k41571762/manifest.json'
For more information check: https://developer.mozilla.org/en-US/docs/Web/HTTP/Status/403",2026-07-18T20:26:33.122701
liberation,bpt6k4157177g,,failed,0,0,,http_manifest,known,403,manifest,"Client error '403 ' for url 'https://openapiproext.bnf.fr/iiif/presentation/v3/ark:/12148/bpt6k4157177g/manifest.json'
For more information check: https://developer.mozilla.org/en-US/docs/Web/HTTP/Status/403",2026-07-18T20:26:34.323797
liberation,bpt6k4157178w,,failed,0,0,,http_manifest,known,403,manifest,"Client error '403 ' for url 'https://openapiproext.bnf.fr/iiif/presentation/v3/ark:/12148/bpt6k4157178w/manifest.json'
For more information check: https://developer.mozilla.org/en-US/docs/Web/HTTP/Status/403",2026-07-18T20:26:35.528230
liberation,bpt6k41571799,,failed,0,0,,http_manifest,known,403,manifest,"Client error '403 ' for url 'https://openapiproext.bnf.fr/iiif/presentation/v3/ark:/12148/bpt6k41571799/manifest.json'
For more information check: https://developer.mozilla.org/en-US/docs/Web/HTTP/Status/403",2026-07-18T20:26:36.749581
liberation,bpt6k4157180z,,failed,0,0,,http_manifest,known,403,manifest,"Client error '403 ' for url 'https://openapiproext.bnf.fr/iiif/presentation/v3/ark:/12148/bpt6k4157180z/manifest.json'
For more information check: https://developer.mozilla.org/en-US/docs/Web/HTTP/Status/403",2026-07-18T20:26:37.927038
liberation,bpt6k4157181c,,failed,0,0,,http_manifest,known,403,manifest,"Client error '403 ' for url 'https://openapiproext.bnf.fr/iiif/presentation/v3/ark:/12148/bpt6k4157181c/manifest.json'
For more information check: https://developer.mozilla.org/en-US/docs/Web/HTTP/Status/403",2026-07-18T20:26:39.126133
liberation,bpt6k4157182s,,failed,0,0,,http_manifest,known,403,manifest,"Client error '403 ' for url 'https://openapiproext.bnf.fr/iiif/presentation/v3/ark:/12148/bpt6k4157182s/manifest.json'
For more information check: https://developer.mozilla.org/en-US/docs/Web/HTTP/Status/403",2026-07-18T20:26:40.329321
liberation,bpt6k41571836,,failed,0,0,,http_manifest,known,403,manifest,"Client error '403 ' for url 'https://openapiproext.bnf.fr/iiif/presentation/v3/ark:/12148/bpt6k41571836/manifest.json'
For more information check: https://developer.mozilla.org/en-US/docs/Web/HTTP/Status/403",2026-07-18T20:26:41.549702
liberation,bpt6k4157184m,,failed,0,0,,http_manifest,known,403,manifest,"Client error '403 ' for url 'https://openapiproext.bnf.fr/iiif/presentation/v3/ark:/12148/bpt6k4157184m/manifest.json'
For more information check: https://developer.mozilla.org/en-US/docs/Web/HTTP/Status/403",2026-07-18T20:26:42.732213
liberation,bpt6k41571851,,failed,0,0,,http_manifest,known,403,manifest,"Client error '403 ' for url 'https://openapiproext.bnf.fr/iiif/presentation/v3/ark:/12148/bpt6k41571851/manifest.json'
For more information check: https://developer.mozilla.org/en-US/docs/Web/HTTP/Status/403",2026-07-18T20:26:43.929349
liberation,bpt6k4157186f,,failed,0,0,,http_manifest,known,403,manifest,"Client error '403 ' for url 'https://openapiproext.bnf.fr/iiif/presentation/v3/ark:/12148/bpt6k4157186f/manifest.json'
For more information check: https://developer.mozilla.org/en-US/docs/Web/HTTP/Status/403",2026-07-18T20:26:45.132164
liberation,bpt6k4157187v,,failed,0,0,,http_manifest,known,403,manifest,"Client error '403 ' for url 'https://openapiproext.bnf.fr/iiif/presentation/v3/ark:/12148/bpt6k4157187v/manifest.json'
For more information check: https://developer.mozilla.org/en-US/docs/Web/HTTP/Status/403",2026-07-18T20:26:46.334360
liberation,bpt6k41571888,,failed,0,0,,http_manifest,known,403,manifest,"Client error '403 ' for url 'https://openapiproext.bnf.fr/iiif/presentation/v3/ark:/12148/bpt6k41571888/manifest.json'
For more information check: https://developer.mozilla.org/en-US/docs/Web/HTTP/Status/403",2026-07-18T20:26:47.538205
liberation,bpt6k4157189p,,failed,0,0,,http_manifest,known,403,manifest,"Client error '403 ' for url 'https://openapiproext.bnf.fr/iiif/presentation/v3/ark:/12148/bpt6k4157189p/manifest.json'
For more information check: https://developer.mozilla.org/en-US/docs/Web/HTTP/Status/403",2026-07-18T20:26:48.747899
liberation,bpt6k4157190b,,failed,0,0,,http_manifest,known,403,manifest,"Client error '403 ' for url 'https://openapiproext.bnf.fr/iiif/presentation/v3/ark:/12148/bpt6k4157190b/manifest.json'
For more information check: https://developer.mozilla.org/en-US/docs/Web/HTTP/Status/403",2026-07-18T20:26:49.938188
liberation,bpt6k4157191r,,failed,0,0,,http_manifest,known,403,manifest,"Client error '403 ' for url 'https://openapiproext.bnf.fr/iiif/presentation/v3/ark:/12148/bpt6k4157191r/manifest.json'
For more information check: https://developer.mozilla.org/en-US/docs/Web/HTTP/Status/403",2026-07-18T20:26:51.140049
liberation,bpt6k41571925,,failed,0,0,,http_manifest,known,403,manifest,"Client error '403 ' for url 'https://openapiproext.bnf.fr/iiif/presentation/v3/ark:/12148/bpt6k41571925/manifest.json'
For more information check: https://developer.mozilla.org/en-US/docs/Web/HTTP/Status/403",2026-07-18T20:26:52.343065
liberation,bpt6k4157193k,,failed,0,0,,http_manifest,known,403,manifest,"Client error '403 ' for url 'https://openapiproext.bnf.fr/iiif/presentation/v3/ark:/12148/bpt6k4157193k/manifest.json'
For more information check: https://developer.mozilla.org/en-US/docs/Web/HTTP/Status/403",2026-07-18T20:26:53.548060
liberation,bpt6k41571940,,failed,0,0,,http_manifest,known,403,manifest,"Client error '403 ' for url 'https://openapiproext.bnf.fr/iiif/presentation/v3/ark:/12148/bpt6k41571940/manifest.json'
For more information check: https://developer.mozilla.org/en-US/docs/Web/HTTP/Status/403",2026-07-18T20:26:54.792273
liberation,bpt6k4157195d,,failed,0,0,,http_manifest,known,403,manifest,"Client error '403 ' for url 'https://openapiproext.bnf.fr/iiif/presentation/v3/ark:/12148/bpt6k4157195d/manifest.json'
For more information check: https://developer.mozilla.org/en-US/docs/Web/HTTP/Status/403",2026-07-18T20:26:55.949926
liberation,bpt6k4157196t,,failed,0,0,,http_manifest,known,403,manifest,"Client error '403 ' for url 'https://openapiproext.bnf.fr/iiif/presentation/v3/ark:/12148/bpt6k4157196t/manifest.json'
For more information check: https://developer.mozilla.org/en-US/docs/Web/HTTP/Status/403",2026-07-18T20:26:57.147248
liberation,bpt6k41571977,,failed,0,0,,http_manifest,known,403,manifest,"Client error '403 ' for url 'https://openapiproext.bnf.fr/iiif/presentation/v3/ark:/12148/bpt6k41571977/manifest.json'
For more information check: https://developer.mozilla.org/en-US/docs/Web/HTTP/Status/403",2026-07-18T20:26:58.352327
liberation,bpt6k4157198n,,failed,0,0,,http_manifest,known,403,manifest,"Client error '403 ' for url 'https://openapiproext.bnf.fr/iiif/presentation/v3/ark:/12148/bpt6k4157198n/manifest.json'
For more information check: https://developer.mozilla.org/en-US/docs/Web/HTTP/Status/403",2026-07-18T20:26:59.550693
liberation,bpt6k41571992,,failed,0,0,,http_manifest,known,403,manifest,"Client error '403 ' for url 'https://openapiproext.bnf.fr/iiif/presentation/v3/ark:/12148/bpt6k41571992/manifest.json'
For more information check: https://developer.mozilla.org/en-US/docs/Web/HTTP/Status/403",2026-07-18T20:27:00.776595
liberation,bpt6k41572008,,failed,0,0,,http_manifest,known,403,manifest,"Client error '403 ' for url 'https://openapiproext.bnf.fr/iiif/presentation/v3/ark:/12148/bpt6k41572008/manifest.json'
For more information check: https://developer.mozilla.org/en-US/docs/Web/HTTP/Status/403",2026-07-18T20:27:01.955554
liberation,bpt6k4157201p,,failed,0,0,,http_manifest,known,403,manifest,"Client error '403 ' for url 'https://openapiproext.bnf.fr/iiif/presentation/v3/ark:/12148/bpt6k4157201p/manifest.json'
For more information check: https://developer.mozilla.org/en-US/docs/Web/HTTP/Status/403",2026-07-18T20:27:03.159679
liberation,bpt6k41572023,,failed,0,0,,http_manifest,known,403,manifest,"Client error '403 ' for url 'https://openapiproext.bnf.fr/iiif/presentation/v3/ark:/12148/bpt6k41572023/manifest.json'
For more information check: https://developer.mozilla.org/en-US/docs/Web/HTTP/Status/403",2026-07-18T20:27:04.361048
liberation,bpt6k4157203h,,failed,0,0,,http_manifest,known,403,manifest,"Client error '403 ' for url 'https://openapiproext.bnf.fr/iiif/presentation/v3/ark:/12148/bpt6k4157203h/manifest.json'
For more information check: https://developer.mozilla.org/en-US/docs/Web/HTTP/Status/403",2026-07-18T20:27:05.560935
liberation,bpt6k4157204x,,failed,0,0,,http_manifest,known,403,manifest,"Client error '403 ' for url 'https://openapiproext.bnf.fr/iiif/presentation/v3/ark:/12148/bpt6k4157204x/manifest.json'
For more information check: https://developer.mozilla.org/en-US/docs/Web/HTTP/Status/403",2026-07-18T20:27:06.981957
liberation,bpt6k4157205b,,failed,0,0,,http_manifest,known,403,manifest,"Client error '403 ' for url 'https://openapiproext.bnf.fr/iiif/presentation/v3/ark:/12148/bpt6k4157205b/manifest.json'
For more information check: https://developer.mozilla.org/en-US/docs/Web/HTTP/Status/403",2026-07-18T20:27:07.963019
liberation,bpt6k4157206r,,failed,0,0,,http_manifest,known,403,manifest,"Client error '403 ' for url 'https://openapiproext.bnf.fr/iiif/presentation/v3/ark:/12148/bpt6k4157206r/manifest.json'
For more information check: https://developer.mozilla.org/en-US/docs/Web/HTTP/Status/403",2026-07-18T20:27:09.365432
liberation,bpt6k41572075,,failed,0,0,,http_manifest,known,403,manifest,"Client error '403 ' for url 'https://openapiproext.bnf.fr/iiif/presentation/v3/ark:/12148/bpt6k41572075/manifest.json'
For more information check: https://developer.mozilla.org/en-US/docs/Web/HTTP/Status/403",2026-07-18T20:27:10.371981
liberation,bpt6k4157208k,,failed,0,0,,http_manifest,known,403,manifest,"Client error '403 ' for url 'https://openapiproext.bnf.fr/iiif/presentation/v3/ark:/12148/bpt6k4157208k/manifest.json'
For more information check: https://developer.mozilla.org/en-US/docs/Web/HTTP/Status/403",2026-07-18T20:27:11.570675
liberation,bpt6k41572090,,failed,0,0,,http_manifest,known,403,manifest,"Client error '403 ' for url 'https://openapiproext.bnf.fr/iiif/presentation/v3/ark:/12148/bpt6k41572090/manifest.json'
For more information check: https://developer.mozilla.org/en-US/docs/Web/HTTP/Status/403",2026-07-18T20:27:12.968598
liberation,bpt6k4157210n,,failed,0,0,,http_manifest,known,403,manifest,"Client error '403 ' for url 'https://openapiproext.bnf.fr/iiif/presentation/v3/ark:/12148/bpt6k4157210n/manifest.json'
For more information check: https://developer.mozilla.org/en-US/docs/Web/HTTP/Status/403",2026-07-18T20:27:13.988082
liberation,bpt6k41572112,,failed,0,0,,http_manifest,known,403,manifest,"Client error '403 ' for url 'https://openapiproext.bnf.fr/iiif/presentation/v3/ark:/12148/bpt6k41572112/manifest.json'
For more information check: https://developer.mozilla.org/en-US/docs/Web/HTTP/Status/403",2026-07-18T20:27:15.279018
liberation,bpt6k4157212g,,failed,0,0,,http_manifest,known,403,manifest,"Client error '403 ' for url 'https://openapiproext.bnf.fr/iiif/presentation/v3/ark:/12148/bpt6k4157212g/manifest.json'
For more information check: https://developer.mozilla.org/en-US/docs/Web/HTTP/Status/403",2026-07-18T20:27:16.376473
liberation,bpt6k4157213w,,failed,0,0,,http_manifest,known,403,manifest,"Client error '403 ' for url 'https://openapiproext.bnf.fr/iiif/presentation/v3/ark:/12148/bpt6k4157213w/manifest.json'
For more information check: https://developer.mozilla.org/en-US/docs/Web/HTTP/Status/403",2026-07-18T20:27:17.576122
liberation,bpt6k41572149,,failed,0,0,,http_manifest,known,403,manifest,"Client error '403 ' for url 'https://openapiproext.bnf.fr/iiif/presentation/v3/ark:/12148/bpt6k41572149/manifest.json'
For more information check: https://developer.mozilla.org/en-US/docs/Web/HTTP/Status/403",2026-07-18T20:27:18.801906
liberation,bpt6k4157215q,,failed,0,0,,http_manifest,known,403,manifest,"Client error '403 ' for url 'https://openapiproext.bnf.fr/iiif/presentation/v3/ark:/12148/bpt6k4157215q/manifest.json'
For more information check: https://developer.mozilla.org/en-US/docs/Web/HTTP/Status/403",2026-07-18T20:27:20.090946
liberation,bpt6k41572164,,failed,0,0,,http_manifest,known,403,manifest,"Client error '403 ' for url 'https://openapiproext.bnf.fr/iiif/presentation/v3/ark:/12148/bpt6k41572164/manifest.json'
For more information check: https://developer.mozilla.org/en-US/docs/Web/HTTP/Status/403",2026-07-18T20:27:21.228928
liberation,bpt6k4157217j,,failed,0,0,,http_manifest,known,403,manifest,"Client error '403 ' for url 'https://openapiproext.bnf.fr/iiif/presentation/v3/ark:/12148/bpt6k4157217j/manifest.json'
For more information check: https://developer.mozilla.org/en-US/docs/Web/HTTP/Status/403",2026-07-18T20:27:22.448749
liberation,bpt6k4157218z,,failed,0,0,,http_manifest,known,403,manifest,"Client error '403 ' for url 'https://openapiproext.bnf.fr/iiif/presentation/v3/ark:/12148/bpt6k4157218z/manifest.json'
For more information check: https://developer.mozilla.org/en-US/docs/Web/HTTP/Status/403",2026-07-18T20:27:23.749374
liberation,bpt6k4157219c,,failed,0,0,,http_manifest,known,403,manifest,"Client error '403 ' for url 'https://openapiproext.bnf.fr/iiif/presentation/v3/ark:/12148/bpt6k4157219c/manifest.json'
For more information check: https://developer.mozilla.org/en-US/docs/Web/HTTP/Status/403",2026-07-18T20:27:25.112195
liberation,bpt6k41572201,,failed,0,0,,http_manifest,known,403,manifest,"Client error '403 ' for url 'https://openapiproext.bnf.fr/iiif/presentation/v3/ark:/12148/bpt6k41572201/manifest.json'
For more information check: https://developer.mozilla.org/en-US/docs/Web/HTTP/Status/403",2026-07-18T20:27:26.097801
liberation,bpt6k4157221f,,failed,0,0,,http_manifest,known,403,manifest,"Client error '403 ' for url 'https://openapiproext.bnf.fr/iiif/presentation/v3/ark:/12148/bpt6k4157221f/manifest.json'
For more information check: https://developer.mozilla.org/en-US/docs/Web/HTTP/Status/403",2026-07-18T20:27:27.201630
liberation,bpt6k4157222v,,failed,0,0,,http_manifest,known,403,manifest,"Client error '403 ' for url 'https://openapiproext.bnf.fr/iiif/presentation/v3/ark:/12148/bpt6k4157222v/manifest.json'
For more information check: https://developer.mozilla.org/en-US/docs/Web/HTTP/Status/403",2026-07-18T20:27:28.387050
liberation,bpt6k41572238,,failed,0,0,,http_manifest,known,403,manifest,"Client error '403 ' for url 'https://openapiproext.bnf.fr/iiif/presentation/v3/ark:/12148/bpt6k41572238/manifest.json'
For more information check: https://developer.mozilla.org/en-US/docs/Web/HTTP/Status/403",2026-07-18T20:27:29.584810
liberation,bpt6k4157224p,,failed,0,0,,http_manifest,known,403,manifest,"Client error '403 ' for url 'https://openapiproext.bnf.fr/iiif/presentation/v3/ark:/12148/bpt6k4157224p/manifest.json'
For more information check: https://developer.mozilla.org/en-US/docs/Web/HTTP/Status/403",2026-07-18T20:27:30.809865
liberation,bpt6k41572253,,failed,0,0,,http_manifest,known,403,manifest,"Client error '403 ' for url 'https://openapiproext.bnf.fr/iiif/presentation/v3/ark:/12148/bpt6k41572253/manifest.json'
For more information check: https://developer.mozilla.org/en-US/docs/Web/HTTP/Status/403",2026-07-18T20:27:31.984064
liberation,bpt6k4157226h,,failed,0,0,,http_manifest,known,403,manifest,"Client error '403 ' for url 'https://openapiproext.bnf.fr/iiif/presentation/v3/ark:/12148/bpt6k4157226h/manifest.json'
For more information check: https://developer.mozilla.org/en-US/docs/Web/HTTP/Status/403",2026-07-18T20:27:33.189048
liberation,bpt6k4157227x,,failed,0,0,,http_manifest,known,403,manifest,"Client error '403 ' for url 'https://openapiproext.bnf.fr/iiif/presentation/v3/ark:/12148/bpt6k4157227x/manifest.json'
For more information check: https://developer.mozilla.org/en-US/docs/Web/HTTP/Status/403",2026-07-18T20:27:34.391410
liberation,bpt6k4157228b,,failed,0,0,,http_manifest,known,403,manifest,"Client error '403 ' for url 'https://openapiproext.bnf.fr/iiif/presentation/v3/ark:/12148/bpt6k4157228b/manifest.json'
For more information check: https://developer.mozilla.org/en-US/docs/Web/HTTP/Status/403",2026-07-18T20:27:35.600071
liberation,bpt6k4157229r,,failed,0,0,,http_manifest,known,403,manifest,"Client error '403 ' for url 'https://openapiproext.bnf.fr/iiif/presentation/v3/ark:/12148/bpt6k4157229r/manifest.json'
For more information check: https://developer.mozilla.org/en-US/docs/Web/HTTP/Status/403",2026-07-18T20:27:36.793307
liberation,bpt6k4157230d,,failed,0,0,,http_manifest,known,403,manifest,"Client error '403 ' for url 'https://openapiproext.bnf.fr/iiif/presentation/v3/ark:/12148/bpt6k4157230d/manifest.json'
For more information check: https://developer.mozilla.org/en-US/docs/Web/HTTP/Status/403",2026-07-18T20:27:37.994769
liberation,bpt6k4157231t,,failed,0,0,,http_manifest,known,403,manifest,"Client error '403 ' for url 'https://openapiproext.bnf.fr/iiif/presentation/v3/ark:/12148/bpt6k4157231t/manifest.json'
For more information check: https://developer.mozilla.org/en-US/docs/Web/HTTP/Status/403",2026-07-18T20:27:39.197127
liberation,bpt6k41572327,,failed,0,0,,http_manifest,known,403,manifest,"Client error '403 ' for url 'https://openapiproext.bnf.fr/iiif/presentation/v3/ark:/12148/bpt6k41572327/manifest.json'
For more information check: https://developer.mozilla.org/en-US/docs/Web/HTTP/Status/403",2026-07-18T20:27:40.404003
liberation,bpt6k4157233n,,failed,0,0,,http_manifest,known,403,manifest,"Client error '403 ' for url 'https://openapiproext.bnf.fr/iiif/presentation/v3/ark:/12148/bpt6k4157233n/manifest.json'
For more information check: https://developer.mozilla.org/en-US/docs/Web/HTTP/Status/403",2026-07-18T20:27:41.601527
liberation,bpt6k41572342,,failed,0,0,,http_manifest,known,403,manifest,"Client error '403 ' for url 'https://openapiproext.bnf.fr/iiif/presentation/v3/ark:/12148/bpt6k41572342/manifest.json'
For more information check: https://developer.mozilla.org/en-US/docs/Web/HTTP/Status/403",2026-07-18T20:27:42.820998
liberation,bpt6k4157235g,,failed,0,0,,http_manifest,known,403,manifest,"Client error '403 ' for url 'https://openapiproext.bnf.fr/iiif/presentation/v3/ark:/12148/bpt6k4157235g/manifest.json'
For more information check: https://developer.mozilla.org/en-US/docs/Web/HTTP/Status/403",2026-07-18T20:27:44.004303
liberation,bpt6k4157236w,,failed,0,0,,http_manifest,known,403,manifest,"Client error '403 ' for url 'https://openapiproext.bnf.fr/iiif/presentation/v3/ark:/12148/bpt6k4157236w/manifest.json'
For more information check: https://developer.mozilla.org/en-US/docs/Web/HTTP/Status/403",2026-07-18T20:27:45.201287
liberation,bpt6k41572379,,failed,0,0,,http_manifest,known,403,manifest,"Client error '403 ' for url 'https://openapiproext.bnf.fr/iiif/presentation/v3/ark:/12148/bpt6k41572379/manifest.json'
For more information check: https://developer.mozilla.org/en-US/docs/Web/HTTP/Status/403",2026-07-18T20:27:46.407184
liberation,bpt6k4157238q,,failed,0,0,,http_manifest,known,403,manifest,"Client error '403 ' for url 'https://openapiproext.bnf.fr/iiif/presentation/v3/ark:/12148/bpt6k4157238q/manifest.json'
For more information check: https://developer.mozilla.org/en-US/docs/Web/HTTP/Status/403",2026-07-18T20:27:47.605991
liberation,bpt6k41572394,,failed,0,0,,http_manifest,known,403,manifest,"Client error '403 ' for url 'https://openapiproext.bnf.fr/iiif/presentation/v3/ark:/12148/bpt6k41572394/manifest.json'
For more information check: https://developer.mozilla.org/en-US/docs/Web/HTTP/Status/403",2026-07-18T20:27:48.838176
liberation,bpt6k4157240s,,failed,0,0,,http_manifest,known,403,manifest,"Client error '403 ' for url 'https://openapiproext.bnf.fr/iiif/presentation/v3/ark:/12148/bpt6k4157240s/manifest.json'
For more information check: https://developer.mozilla.org/en-US/docs/Web/HTTP/Status/403",2026-07-18T20:27:50.019090
liberation,bpt6k41572416,,failed,0,0,,http_manifest,known,403,manifest,"Client error '403 ' for url 'https://openapiproext.bnf.fr/iiif/presentation/v3/ark:/12148/bpt6k41572416/manifest.json'
For more information check: https://developer.mozilla.org/en-US/docs/Web/HTTP/Status/403",2026-07-18T20:27:51.211224
liberation,bpt6k4157242m,,failed,0,0,,http_manifest,known,403,manifest,"Client error '403 ' for url 'https://openapiproext.bnf.fr/iiif/presentation/v3/ark:/12148/bpt6k4157242m/manifest.json'
For more information check: https://developer.mozilla.org/en-US/docs/Web/HTTP/Status/403",2026-07-18T20:27:52.412634
liberation,bpt6k41572431,,failed,0,0,,http_manifest,known,403,manifest,"Client error '403 ' for url 'https://openapiproext.bnf.fr/iiif/presentation/v3/ark:/12148/bpt6k41572431/manifest.json'
For more information check: https://developer.mozilla.org/en-US/docs/Web/HTTP/Status/403",2026-07-18T20:27:53.614007
liberation,bpt6k4157244f,,failed,0,0,,http_manifest,known,403,manifest,"Client error '403 ' for url 'https://openapiproext.bnf.fr/iiif/presentation/v3/ark:/12148/bpt6k4157244f/manifest.json'
For more information check: https://developer.mozilla.org/en-US/docs/Web/HTTP/Status/403",2026-07-18T20:27:54.815862
liberation,bpt6k4157245v,,failed,0,0,,http_manifest,known,403,manifest,"Client error '403 ' for url 'https://openapiproext.bnf.fr/iiif/presentation/v3/ark:/12148/bpt6k4157245v/manifest.json'
For more information check: https://developer.mozilla.org/en-US/docs/Web/HTTP/Status/403",2026-07-18T20:27:56.025093
liberation,bpt6k41572468,,failed,0,0,,http_manifest,known,403,manifest,"Client error '403 ' for url 'https://openapiproext.bnf.fr/iiif/presentation/v3/ark:/12148/bpt6k41572468/manifest.json'
For more information check: https://developer.mozilla.org/en-US/docs/Web/HTTP/Status/403",2026-07-18T20:27:57.217825
liberation,bpt6k4157247p,,failed,0,0,,http_manifest,known,403,manifest,"Client error '403 ' for url 'https://openapiproext.bnf.fr/iiif/presentation/v3/ark:/12148/bpt6k4157247p/manifest.json'
For more information check: https://developer.mozilla.org/en-US/docs/Web/HTTP/Status/403",2026-07-18T20:27:58.418274
liberation,bpt6k41572483,,failed,0,0,,http_manifest,known,403,manifest,"Client error '403 ' for url 'https://openapiproext.bnf.fr/iiif/presentation/v3/ark:/12148/bpt6k41572483/manifest.json'
For more information check: https://developer.mozilla.org/en-US/docs/Web/HTTP/Status/403",2026-07-18T20:27:59.619816
liberation,bpt6k4157249h,,failed,0,0,,http_manifest,known,403,manifest,"Client error '403 ' for url 'https://openapiproext.bnf.fr/iiif/presentation/v3/ark:/12148/bpt6k4157249h/manifest.json'
For more information check: https://developer.mozilla.org/en-US/docs/Web/HTTP/Status/403",2026-07-18T20:28:00.843361
liberation,bpt6k41572505,,failed,0,0,,http_manifest,known,403,manifest,"Client error '403 ' for url 'https://openapiproext.bnf.fr/iiif/presentation/v3/ark:/12148/bpt6k41572505/manifest.json'
For more information check: https://developer.mozilla.org/en-US/docs/Web/HTTP/Status/403",2026-07-18T20:28:02.023767
liberation,bpt6k4157251k,,failed,0,0,,http_manifest,known,403,manifest,"Client error '403 ' for url 'https://openapiproext.bnf.fr/iiif/presentation/v3/ark:/12148/bpt6k4157251k/manifest.json'
For more information check: https://developer.mozilla.org/en-US/docs/Web/HTTP/Status/403",2026-07-18T20:28:03.222384
liberation,bpt6k41572520,,failed,0,0,,http_manifest,known,403,manifest,"Client error '403 ' for url 'https://openapiproext.bnf.fr/iiif/presentation/v3/ark:/12148/bpt6k41572520/manifest.json'
For more information check: https://developer.mozilla.org/en-US/docs/Web/HTTP/Status/403",2026-07-18T20:28:04.424448
liberation,bpt6k4157253d,,failed,0,0,,http_manifest,known,403,manifest,"Client error '403 ' for url 'https://openapiproext.bnf.fr/iiif/presentation/v3/ark:/12148/bpt6k4157253d/manifest.json'
For more information check: https://developer.mozilla.org/en-US/docs/Web/HTTP/Status/403",2026-07-18T20:28:05.627739
liberation,bpt6k4157254t,,failed,0,0,,http_manifest,known,403,manifest,"Client error '403 ' for url 'https://openapiproext.bnf.fr/iiif/presentation/v3/ark:/12148/bpt6k4157254t/manifest.json'
For more information check: https://developer.mozilla.org/en-US/docs/Web/HTTP/Status/403",2026-07-18T20:28:07.011593
liberation,bpt6k41572557,,failed,0,0,,http_manifest,known,403,manifest,"Client error '403 ' for url 'https://openapiproext.bnf.fr/iiif/presentation/v3/ark:/12148/bpt6k41572557/manifest.json'
For more information check: https://developer.mozilla.org/en-US/docs/Web/HTTP/Status/403",2026-07-18T20:28:08.028243
liberation,bpt6k4157256n,,failed,0,0,,http_manifest,known,403,manifest,"Client error '403 ' for url 'https://openapiproext.bnf.fr/iiif/presentation/v3/ark:/12148/bpt6k4157256n/manifest.json'
For more information check: https://developer.mozilla.org/en-US/docs/Web/HTTP/Status/403",2026-07-18T20:28:09.522044
liberation,bpt6k41572572,,failed,0,0,,http_manifest,known,403,manifest,"Client error '403 ' for url 'https://openapiproext.bnf.fr/iiif/presentation/v3/ark:/12148/bpt6k41572572/manifest.json'
For more information check: https://developer.mozilla.org/en-US/docs/Web/HTTP/Status/403",2026-07-18T20:28:10.430704
liberation,bpt6k4157258g,,failed,0,0,,http_manifest,known,403,manifest,"Client error '403 ' for url 'https://openapiproext.bnf.fr/iiif/presentation/v3/ark:/12148/bpt6k4157258g/manifest.json'
For more information check: https://developer.mozilla.org/en-US/docs/Web/HTTP/Status/403",2026-07-18T20:28:11.637076
liberation,bpt6k4157259w,,failed,0,0,,http_manifest,known,403,manifest,"Client error '403 ' for url 'https://openapiproext.bnf.fr/iiif/presentation/v3/ark:/12148/bpt6k4157259w/manifest.json'
For more information check: https://developer.mozilla.org/en-US/docs/Web/HTTP/Status/403",2026-07-18T20:28:12.923300
liberation,bpt6k4157260j,,failed,0,0,,http_manifest,known,403,manifest,"Client error '403 ' for url 'https://openapiproext.bnf.fr/iiif/presentation/v3/ark:/12148/bpt6k4157260j/manifest.json'
For more information check: https://developer.mozilla.org/en-US/docs/Web/HTTP/Status/403",2026-07-18T20:28:14.212840
liberation,bpt6k4157261z,,failed,0,0,,http_manifest,known,403,manifest,"Client error '403 ' for url 'https://openapiproext.bnf.fr/iiif/presentation/v3/ark:/12148/bpt6k4157261z/manifest.json'
For more information check: https://developer.mozilla.org/en-US/docs/Web/HTTP/Status/403",2026-07-18T20:28:15.322005
liberation,bpt6k4157262c,,failed,0,0,,http_manifest,known,403,manifest,"Client error '403 ' for url 'https://openapiproext.bnf.fr/iiif/presentation/v3/ark:/12148/bpt6k4157262c/manifest.json'
For more information check: https://developer.mozilla.org/en-US/docs/Web/HTTP/Status/403",2026-07-18T20:28:16.439030
liberation,bpt6k4157263s,,failed,0,0,,http_manifest,known,403,manifest,"Client error '403 ' for url 'https://openapiproext.bnf.fr/iiif/presentation/v3/ark:/12148/bpt6k4157263s/manifest.json'
For more information check: https://developer.mozilla.org/en-US/docs/Web/HTTP/Status/403",2026-07-18T20:28:17.639992
liberation,bpt6k41572646,,failed,0,0,,http_manifest,known,403,manifest,"Client error '403 ' for url 'https://openapiproext.bnf.fr/iiif/presentation/v3/ark:/12148/bpt6k41572646/manifest.json'
For more information check: https://developer.mozilla.org/en-US/docs/Web/HTTP/Status/403",2026-07-18T20:28:18.864476
liberation,bpt6k4157265m,,failed,0,0,,http_manifest,known,403,manifest,"Client error '403 ' for url 'https://openapiproext.bnf.fr/iiif/presentation/v3/ark:/12148/bpt6k4157265m/manifest.json'
For more information check: https://developer.mozilla.org/en-US/docs/Web/HTTP/Status/403",2026-07-18T20:28:20.049500
liberation,bpt6k41572661,,failed,0,0,,http_manifest,known,403,manifest,"Client error '403 ' for url 'https://openapiproext.bnf.fr/iiif/presentation/v3/ark:/12148/bpt6k41572661/manifest.json'
For more information check: https://developer.mozilla.org/en-US/docs/Web/HTTP/Status/403",2026-07-18T20:28:21.243174
liberation,bpt6k4157267f,,failed,0,0,,http_manifest,known,403,manifest,"Client error '403 ' for url 'https://openapiproext.bnf.fr/iiif/presentation/v3/ark:/12148/bpt6k4157267f/manifest.json'
For more information check: https://developer.mozilla.org/en-US/docs/Web/HTTP/Status/403",2026-07-18T20:28:22.448659
liberation,bpt6k4157268v,,failed,0,0,,http_manifest,known,403,manifest,"Client error '403 ' for url 'https://openapiproext.bnf.fr/iiif/presentation/v3/ark:/12148/bpt6k4157268v/manifest.json'
For more information check: https://developer.mozilla.org/en-US/docs/Web/HTTP/Status/403",2026-07-18T20:28:23.762069
liberation,bpt6k41572698,,failed,0,0,,http_manifest,known,403,manifest,"Client error '403 ' for url 'https://openapiproext.bnf.fr/iiif/presentation/v3/ark:/12148/bpt6k41572698/manifest.json'
For more information check: https://developer.mozilla.org/en-US/docs/Web/HTTP/Status/403",2026-07-18T20:28:24.849072
liberation,bpt6k4157270x,,failed,0,0,,http_manifest,known,403,manifest,"Client error '403 ' for url 'https://openapiproext.bnf.fr/iiif/presentation/v3/ark:/12148/bpt6k4157270x/manifest.json'
For more information check: https://developer.mozilla.org/en-US/docs/Web/HTTP/Status/403",2026-07-18T20:28:26.108349
liberation,bpt6k4157271b,,failed,0,0,,http_manifest,known,403,manifest,"Client error '403 ' for url 'https://openapiproext.bnf.fr/iiif/presentation/v3/ark:/12148/bpt6k4157271b/manifest.json'
For more information check: https://developer.mozilla.org/en-US/docs/Web/HTTP/Status/403",2026-07-18T20:28:27.453401
liberation,bpt6k4157272r,,failed,0,0,,http_manifest,known,403,manifest,"Client error '403 ' for url 'https://openapiproext.bnf.fr/iiif/presentation/v3/ark:/12148/bpt6k4157272r/manifest.json'
For more information check: https://developer.mozilla.org/en-US/docs/Web/HTTP/Status/403",2026-07-18T20:28:28.655555
liberation,bpt6k41572735,,failed,0,0,,http_manifest,known,403,manifest,"Client error '403 ' for url 'https://openapiproext.bnf.fr/iiif/presentation/v3/ark:/12148/bpt6k41572735/manifest.json'
For more information check: https://developer.mozilla.org/en-US/docs/Web/HTTP/Status/403",2026-07-18T20:28:29.650904
liberation,bpt6k4157274k,,failed,0,0,,http_manifest,known,403,manifest,"Client error '403 ' for url 'https://openapiproext.bnf.fr/iiif/presentation/v3/ark:/12148/bpt6k4157274k/manifest.json'
For more information check: https://developer.mozilla.org/en-US/docs/Web/HTTP/Status/403",2026-07-18T20:28:30.995259
liberation,bpt6k41572750,,failed,0,0,,http_manifest,known,403,manifest,"Client error '403 ' for url 'https://openapiproext.bnf.fr/iiif/presentation/v3/ark:/12148/bpt6k41572750/manifest.json'
For more information check: https://developer.mozilla.org/en-US/docs/Web/HTTP/Status/403",2026-07-18T20:28:32.053032
liberation,bpt6k4157276d,,failed,0,0,,http_manifest,known,403,manifest,"Client error '403 ' for url 'https://openapiproext.bnf.fr/iiif/presentation/v3/ark:/12148/bpt6k4157276d/manifest.json'
For more information check: https://developer.mozilla.org/en-US/docs/Web/HTTP/Status/403",2026-07-18T20:28:33.255820
liberation,bpt6k4157277t,,failed,0,0,,http_manifest,known,403,manifest,"Client error '403 ' for url 'https://openapiproext.bnf.fr/iiif/presentation/v3/ark:/12148/bpt6k4157277t/manifest.json'
For more information check: https://developer.mozilla.org/en-US/docs/Web/HTTP/Status/403",2026-07-18T20:28:34.456645
liberation,bpt6k41572787,,failed,0,0,,http_manifest,known,403,manifest,"Client error '403 ' for url 'https://openapiproext.bnf.fr/iiif/presentation/v3/ark:/12148/bpt6k41572787/manifest.json'
For more information check: https://developer.mozilla.org/en-US/docs/Web/HTTP/Status/403",2026-07-18T20:28:35.662874
liberation,bpt6k4157279n,,failed,0,0,,http_manifest,known,403,manifest,"Client error '403 ' for url 'https://openapiproext.bnf.fr/iiif/presentation/v3/ark:/12148/bpt6k4157279n/manifest.json'
For more information check: https://developer.mozilla.org/en-US/docs/Web/HTTP/Status/403",2026-07-18T20:28:36.858972
liberation,bpt6k41572809,,failed,0,0,,http_manifest,known,403,manifest,"Client error '403 ' for url 'https://openapiproext.bnf.fr/iiif/presentation/v3/ark:/12148/bpt6k41572809/manifest.json'
For more information check: https://developer.mozilla.org/en-US/docs/Web/HTTP/Status/403",2026-07-18T20:28:38.060006
liberation,bpt6k4157281q,,failed,0,0,,http_manifest,known,403,manifest,"Client error '403 ' for url 'https://openapiproext.bnf.fr/iiif/presentation/v3/ark:/12148/bpt6k4157281q/manifest.json'
For more information check: https://developer.mozilla.org/en-US/docs/Web/HTTP/Status/403",2026-07-18T20:28:39.264221
liberation,bpt6k41572824,,failed,0,0,,http_manifest,known,403,manifest,"Client error '403 ' for url 'https://openapiproext.bnf.fr/iiif/presentation/v3/ark:/12148/bpt6k41572824/manifest.json'
For more information check: https://developer.mozilla.org/en-US/docs/Web/HTTP/Status/403",2026-07-18T20:28:40.461167
liberation,bpt6k4157283j,,failed,0,0,,http_manifest,known,403,manifest,"Client error '403 ' for url 'https://openapiproext.bnf.fr/iiif/presentation/v3/ark:/12148/bpt6k4157283j/manifest.json'
For more information check: https://developer.mozilla.org/en-US/docs/Web/HTTP/Status/403",2026-07-18T20:28:41.665059
liberation,bpt6k4157284z,,failed,0,0,,http_manifest,known,403,manifest,"Client error '403 ' for url 'https://openapiproext.bnf.fr/iiif/presentation/v3/ark:/12148/bpt6k4157284z/manifest.json'
For more information check: https://developer.mozilla.org/en-US/docs/Web/HTTP/Status/403",2026-07-18T20:28:42.888409
liberation,bpt6k4157285c,,failed,0,0,,http_manifest,known,403,manifest,"Client error '403 ' for url 'https://openapiproext.bnf.fr/iiif/presentation/v3/ark:/12148/bpt6k4157285c/manifest.json'
For more information check: https://developer.mozilla.org/en-US/docs/Web/HTTP/Status/403",2026-07-18T20:28:44.065728
liberation,bpt6k4157286s,,failed,0,0,,http_manifest,known,403,manifest,"Client error '403 ' for url 'https://openapiproext.bnf.fr/iiif/presentation/v3/ark:/12148/bpt6k4157286s/manifest.json'
For more information check: https://developer.mozilla.org/en-US/docs/Web/HTTP/Status/403",2026-07-18T20:28:45.272267
liberation,bpt6k41572876,,failed,0,0,,http_manifest,known,403,manifest,"Client error '403 ' for url 'https://openapiproext.bnf.fr/iiif/presentation/v3/ark:/12148/bpt6k41572876/manifest.json'
For more information check: https://developer.mozilla.org/en-US/docs/Web/HTTP/Status/403",2026-07-18T20:28:46.476750
liberation,bpt6k4157288m,,failed,0,0,,http_manifest,known,403,manifest,"Client error '403 ' for url 'https://openapiproext.bnf.fr/iiif/presentation/v3/ark:/12148/bpt6k4157288m/manifest.json'
For more information check: https://developer.mozilla.org/en-US/docs/Web/HTTP/Status/403",2026-07-18T20:28:47.672161
liberation,bpt6k41572891,,failed,0,0,,http_manifest,known,403,manifest,"Client error '403 ' for url 'https://openapiproext.bnf.fr/iiif/presentation/v3/ark:/12148/bpt6k41572891/manifest.json'
For more information check: https://developer.mozilla.org/en-US/docs/Web/HTTP/Status/403",2026-07-18T20:28:48.894063
liberation,bpt6k4157290p,,failed,0,0,,http_manifest,known,403,manifest,"Client error '403 ' for url 'https://openapiproext.bnf.fr/iiif/presentation/v3/ark:/12148/bpt6k4157290p/manifest.json'
For more information check: https://developer.mozilla.org/en-US/docs/Web/HTTP/Status/403",2026-07-18T20:28:50.079003
liberation,bpt6k41572913,,failed,0,0,,http_manifest,known,403,manifest,"Client error '403 ' for url 'https://openapiproext.bnf.fr/iiif/presentation/v3/ark:/12148/bpt6k41572913/manifest.json'
For more information check: https://developer.mozilla.org/en-US/docs/Web/HTTP/Status/403",2026-07-18T20:28:51.283149
liberation,bpt6k4157292h,,failed,0,0,,http_manifest,known,403,manifest,"Client error '403 ' for url 'https://openapiproext.bnf.fr/iiif/presentation/v3/ark:/12148/bpt6k4157292h/manifest.json'
For more information check: https://developer.mozilla.org/en-US/docs/Web/HTTP/Status/403",2026-07-18T20:28:52.482313
liberation,bpt6k4157293x,,failed,0,0,,http_manifest,known,403,manifest,"Client error '403 ' for url 'https://openapiproext.bnf.fr/iiif/presentation/v3/ark:/12148/bpt6k4157293x/manifest.json'
For more information check: https://developer.mozilla.org/en-US/docs/Web/HTTP/Status/403",2026-07-18T20:28:53.683142
liberation,bpt6k4157294b,,failed,0,0,,http_manifest,known,403,manifest,"Client error '403 ' for url 'https://openapiproext.bnf.fr/iiif/presentation/v3/ark:/12148/bpt6k4157294b/manifest.json'
For more information check: https://developer.mozilla.org/en-US/docs/Web/HTTP/Status/403",2026-07-18T20:28:54.928570
liberation,bpt6k4157295r,,failed,0,0,,http_manifest,known,403,manifest,"Client error '403 ' for url 'https://openapiproext.bnf.fr/iiif/presentation/v3/ark:/12148/bpt6k4157295r/manifest.json'
For more information check: https://developer.mozilla.org/en-US/docs/Web/HTTP/Status/403",2026-07-18T20:28:56.078437
liberation,bpt6k41572965,,failed,0,0,,http_manifest,known,403,manifest,"Client error '403 ' for url 'https://openapiproext.bnf.fr/iiif/presentation/v3/ark:/12148/bpt6k41572965/manifest.json'
For more information check: https://developer.mozilla.org/en-US/docs/Web/HTTP/Status/403",2026-07-18T20:28:57.277305
liberation,bpt6k4157297k,,failed,0,0,,http_manifest,known,403,manifest,"Client error '403 ' for url 'https://openapiproext.bnf.fr/iiif/presentation/v3/ark:/12148/bpt6k4157297k/manifest.json'
For more information check: https://developer.mozilla.org/en-US/docs/Web/HTTP/Status/403",2026-07-18T20:28:58.481006
liberation,bpt6k41572980,,failed,0,0,,http_manifest,known,403,manifest,"Client error '403 ' for url 'https://openapiproext.bnf.fr/iiif/presentation/v3/ark:/12148/bpt6k41572980/manifest.json'
For more information check: https://developer.mozilla.org/en-US/docs/Web/HTTP/Status/403",2026-07-18T20:28:59.683265
liberation,bpt6k4157299d,,failed,0,0,,http_manifest,known,403,manifest,"Client error '403 ' for url 'https://openapiproext.bnf.fr/iiif/presentation/v3/ark:/12148/bpt6k4157299d/manifest.json'
For more information check: https://developer.mozilla.org/en-US/docs/Web/HTTP/Status/403",2026-07-18T20:29:00.882172
liberation,bpt6k4157300m,,failed,0,0,,http_manifest,known,403,manifest,"Client error '403 ' for url 'https://openapiproext.bnf.fr/iiif/presentation/v3/ark:/12148/bpt6k4157300m/manifest.json'
For more information check: https://developer.mozilla.org/en-US/docs/Web/HTTP/Status/403",2026-07-18T20:29:02.081890
liberation,bpt6k41573011,,failed,0,0,,http_manifest,known,403,manifest,"Client error '403 ' for url 'https://openapiproext.bnf.fr/iiif/presentation/v3/ark:/12148/bpt6k41573011/manifest.json'
For more information check: https://developer.mozilla.org/en-US/docs/Web/HTTP/Status/403",2026-07-18T20:29:03.284130
liberation,bpt6k4157302f,,failed,0,0,,http_manifest,known,403,manifest,"Client error '403 ' for url 'https://openapiproext.bnf.fr/iiif/presentation/v3/ark:/12148/bpt6k4157302f/manifest.json'
For more information check: https://developer.mozilla.org/en-US/docs/Web/HTTP/Status/403",2026-07-18T20:29:04.482751
liberation,bpt6k4157303v,,failed,0,0,,http_manifest,known,403,manifest,"Client error '403 ' for url 'https://openapiproext.bnf.fr/iiif/presentation/v3/ark:/12148/bpt6k4157303v/manifest.json'
For more information check: https://developer.mozilla.org/en-US/docs/Web/HTTP/Status/403",2026-07-18T20:29:05.688411
liberation,bpt6k41573048,,failed,0,0,,http_manifest,known,403,manifest,"Client error '403 ' for url 'https://openapiproext.bnf.fr/iiif/presentation/v3/ark:/12148/bpt6k41573048/manifest.json'
For more information check: https://developer.mozilla.org/en-US/docs/Web/HTTP/Status/403",2026-07-18T20:29:06.928855
liberation,bpt6k4157305p,,failed,0,0,,http_manifest,known,403,manifest,"Client error '403 ' for url 'https://openapiproext.bnf.fr/iiif/presentation/v3/ark:/12148/bpt6k4157305p/manifest.json'
For more information check: https://developer.mozilla.org/en-US/docs/Web/HTTP/Status/403",2026-07-18T20:29:08.087100
liberation,bpt6k41573063,,failed,0,0,,http_manifest,known,403,manifest,"Client error '403 ' for url 'https://openapiproext.bnf.fr/iiif/presentation/v3/ark:/12148/bpt6k41573063/manifest.json'
For more information check: https://developer.mozilla.org/en-US/docs/Web/HTTP/Status/403",2026-07-18T20:29:09.292999
liberation,bpt6k4157307h,,failed,0,0,,http_manifest,known,403,manifest,"Client error '403 ' for url 'https://openapiproext.bnf.fr/iiif/presentation/v3/ark:/12148/bpt6k4157307h/manifest.json'
For more information check: https://developer.mozilla.org/en-US/docs/Web/HTTP/Status/403",2026-07-18T20:29:10.493098
liberation,bpt6k4157308x,,failed,0,0,,http_manifest,known,403,manifest,"Client error '403 ' for url 'https://openapiproext.bnf.fr/iiif/presentation/v3/ark:/12148/bpt6k4157308x/manifest.json'
For more information check: https://developer.mozilla.org/en-US/docs/Web/HTTP/Status/403",2026-07-18T20:29:11.691124
liberation,bpt6k4157309b,,failed,0,0,,http_manifest,known,403,manifest,"Client error '403 ' for url 'https://openapiproext.bnf.fr/iiif/presentation/v3/ark:/12148/bpt6k4157309b/manifest.json'
For more information check: https://developer.mozilla.org/en-US/docs/Web/HTTP/Status/403",2026-07-18T20:29:12.916825
liberation,bpt6k41573100,,failed,0,0,,http_manifest,known,403,manifest,"Client error '403 ' for url 'https://openapiproext.bnf.fr/iiif/presentation/v3/ark:/12148/bpt6k41573100/manifest.json'
For more information check: https://developer.mozilla.org/en-US/docs/Web/HTTP/Status/403",2026-07-18T20:29:14.094131
liberation,bpt6k4157311d,,failed,0,0,,http_manifest,known,403,manifest,"Client error '403 ' for url 'https://openapiproext.bnf.fr/iiif/presentation/v3/ark:/12148/bpt6k4157311d/manifest.json'
For more information check: https://developer.mozilla.org/en-US/docs/Web/HTTP/Status/403",2026-07-18T20:29:15.299065
liberation,bpt6k4157312t,,failed,0,0,,http_manifest,known,403,manifest,"Client error '403 ' for url 'https://openapiproext.bnf.fr/iiif/presentation/v3/ark:/12148/bpt6k4157312t/manifest.json'
For more information check: https://developer.mozilla.org/en-US/docs/Web/HTTP/Status/403",2026-07-18T20:29:16.498221
liberation,bpt6k41573137,,failed,0,0,,http_manifest,known,403,manifest,"Client error '403 ' for url 'https://openapiproext.bnf.fr/iiif/presentation/v3/ark:/12148/bpt6k41573137/manifest.json'
For more information check: https://developer.mozilla.org/en-US/docs/Web/HTTP/Status/403",2026-07-18T20:29:17.717461
liberation,bpt6k4157314n,,failed,0,0,,http_manifest,known,403,manifest,"Client error '403 ' for url 'https://openapiproext.bnf.fr/iiif/presentation/v3/ark:/12148/bpt6k4157314n/manifest.json'
For more information check: https://developer.mozilla.org/en-US/docs/Web/HTTP/Status/403",2026-07-18T20:29:19.089896
liberation,bpt6k41573152,,failed,0,0,,http_manifest,known,403,manifest,"Client error '403 ' for url 'https://openapiproext.bnf.fr/iiif/presentation/v3/ark:/12148/bpt6k41573152/manifest.json'
For more information check: https://developer.mozilla.org/en-US/docs/Web/HTTP/Status/403",2026-07-18T20:29:20.110817
liberation,bpt6k4157316g,,failed,0,0,,http_manifest,known,403,manifest,"Client error '403 ' for url 'https://openapiproext.bnf.fr/iiif/presentation/v3/ark:/12148/bpt6k4157316g/manifest.json'
For more information check: https://developer.mozilla.org/en-US/docs/Web/HTTP/Status/403",2026-07-18T20:29:21.321292
liberation,bpt6k4157317w,,failed,0,0,,http_manifest,known,403,manifest,"Client error '403 ' for url 'https://openapiproext.bnf.fr/iiif/presentation/v3/ark:/12148/bpt6k4157317w/manifest.json'
For more information check: https://developer.mozilla.org/en-US/docs/Web/HTTP/Status/403",2026-07-18T20:29:22.659585
liberation,bpt6k41573189,,failed,0,0,,http_manifest,known,403,manifest,"Client error '403 ' for url 'https://openapiproext.bnf.fr/iiif/presentation/v3/ark:/12148/bpt6k41573189/manifest.json'
For more information check: https://developer.mozilla.org/en-US/docs/Web/HTTP/Status/403",2026-07-18T20:29:23.932382
liberation,bpt6k4157319q,,failed,0,0,,http_manifest,known,403,manifest,"Client error '403 ' for url 'https://openapiproext.bnf.fr/iiif/presentation/v3/ark:/12148/bpt6k4157319q/manifest.json'
For more information check: https://developer.mozilla.org/en-US/docs/Web/HTTP/Status/403",2026-07-18T20:29:25.010882
liberation,bpt6k4157320c,,failed,0,0,,http_manifest,known,403,manifest,"Client error '403 ' for url 'https://openapiproext.bnf.fr/iiif/presentation/v3/ark:/12148/bpt6k4157320c/manifest.json'
For more information check: https://developer.mozilla.org/en-US/docs/Web/HTTP/Status/403",2026-07-18T20:29:26.153872
liberation,bpt6k4157321s,,failed,0,0,,http_manifest,known,403,manifest,"Client error '403 ' for url 'https://openapiproext.bnf.fr/iiif/presentation/v3/ark:/12148/bpt6k4157321s/manifest.json'
For more information check: https://developer.mozilla.org/en-US/docs/Web/HTTP/Status/403",2026-07-18T20:29:27.402986
liberation,bpt6k41573226,,failed,0,0,,http_manifest,known,403,manifest,"Client error '403 ' for url 'https://openapiproext.bnf.fr/iiif/presentation/v3/ark:/12148/bpt6k41573226/manifest.json'
For more information check: https://developer.mozilla.org/en-US/docs/Web/HTTP/Status/403",2026-07-18T20:29:28.515299
liberation,bpt6k4157323m,,failed,0,0,,http_manifest,known,403,manifest,"Client error '403 ' for url 'https://openapiproext.bnf.fr/iiif/presentation/v3/ark:/12148/bpt6k4157323m/manifest.json'
For more information check: https://developer.mozilla.org/en-US/docs/Web/HTTP/Status/403",2026-07-18T20:29:29.714045
liberation,bpt6k41573241,,failed,0,0,,http_manifest,known,403,manifest,"Client error '403 ' for url 'https://openapiproext.bnf.fr/iiif/presentation/v3/ark:/12148/bpt6k41573241/manifest.json'
For more information check: https://developer.mozilla.org/en-US/docs/Web/HTTP/Status/403",2026-07-18T20:29:30.913325
liberation,bpt6k4157325f,,failed,0,0,,http_manifest,known,403,manifest,"Client error '403 ' for url 'https://openapiproext.bnf.fr/iiif/presentation/v3/ark:/12148/bpt6k4157325f/manifest.json'
For more information check: https://developer.mozilla.org/en-US/docs/Web/HTTP/Status/403",2026-07-18T20:29:32.115696
liberation,bpt6k4157326v,,failed,0,0,,http_manifest,known,403,manifest,"Client error '403 ' for url 'https://openapiproext.bnf.fr/iiif/presentation/v3/ark:/12148/bpt6k4157326v/manifest.json'
For more information check: https://developer.mozilla.org/en-US/docs/Web/HTTP/Status/403",2026-07-18T20:29:33.319183
liberation,bpt6k41573278,,failed,0,0,,http_manifest,known,403,manifest,"Client error '403 ' for url 'https://openapiproext.bnf.fr/iiif/presentation/v3/ark:/12148/bpt6k41573278/manifest.json'
For more information check: https://developer.mozilla.org/en-US/docs/Web/HTTP/Status/403",2026-07-18T20:29:34.517418
liberation,bpt6k4157328p,,failed,0,0,,http_manifest,known,403,manifest,"Client error '403 ' for url 'https://openapiproext.bnf.fr/iiif/presentation/v3/ark:/12148/bpt6k4157328p/manifest.json'
For more information check: https://developer.mozilla.org/en-US/docs/Web/HTTP/Status/403",2026-07-18T20:29:35.731556
liberation,bpt6k41573293,,failed,0,0,,http_manifest,known,403,manifest,"Client error '403 ' for url 'https://openapiproext.bnf.fr/iiif/presentation/v3/ark:/12148/bpt6k41573293/manifest.json'
For more information check: https://developer.mozilla.org/en-US/docs/Web/HTTP/Status/403",2026-07-18T20:29:36.934400
liberation,bpt6k4157330r,,failed,0,0,,http_manifest,known,403,manifest,"Client error '403 ' for url 'https://openapiproext.bnf.fr/iiif/presentation/v3/ark:/12148/bpt6k4157330r/manifest.json'
For more information check: https://developer.mozilla.org/en-US/docs/Web/HTTP/Status/403",2026-07-18T20:29:38.123754
liberation,bpt6k41573315,,failed,0,0,,http_manifest,known,403,manifest,"Client error '403 ' for url 'https://openapiproext.bnf.fr/iiif/presentation/v3/ark:/12148/bpt6k41573315/manifest.json'
For more information check: https://developer.mozilla.org/en-US/docs/Web/HTTP/Status/403",2026-07-18T20:29:39.319344
liberation,bpt6k4157332k,,failed,0,0,,http_manifest,known,403,manifest,"Client error '403 ' for url 'https://openapiproext.bnf.fr/iiif/presentation/v3/ark:/12148/bpt6k4157332k/manifest.json'
For more information check: https://developer.mozilla.org/en-US/docs/Web/HTTP/Status/403",2026-07-18T20:29:40.520648
liberation,bpt6k41573330,,failed,0,0,,http_manifest,known,403,manifest,"Client error '403 ' for url 'https://openapiproext.bnf.fr/iiif/presentation/v3/ark:/12148/bpt6k41573330/manifest.json'
For more information check: https://developer.mozilla.org/en-US/docs/Web/HTTP/Status/403",2026-07-18T20:29:41.728350
liberation,bpt6k4157334d,,failed,0,0,,http_manifest,known,403,manifest,"Client error '403 ' for url 'https://openapiproext.bnf.fr/iiif/presentation/v3/ark:/12148/bpt6k4157334d/manifest.json'
For more information check: https://developer.mozilla.org/en-US/docs/Web/HTTP/Status/403",2026-07-18T20:29:42.948515
liberation,bpt6k4157335t,,failed,0,0,,http_manifest,known,403,manifest,"Client error '403 ' for url 'https://openapiproext.bnf.fr/iiif/presentation/v3/ark:/12148/bpt6k4157335t/manifest.json'
For more information check: https://developer.mozilla.org/en-US/docs/Web/HTTP/Status/403",2026-07-18T20:29:44.132023
liberation,bpt6k41573367,,failed,0,0,,http_manifest,known,403,manifest,"Client error '403 ' for url 'https://openapiproext.bnf.fr/iiif/presentation/v3/ark:/12148/bpt6k41573367/manifest.json'
For more information check: https://developer.mozilla.org/en-US/docs/Web/HTTP/Status/403",2026-07-18T20:29:45.330584
liberation,bpt6k4157337n,,failed,0,0,,http_manifest,known,403,manifest,"Client error '403 ' for url 'https://openapiproext.bnf.fr/iiif/presentation/v3/ark:/12148/bpt6k4157337n/manifest.json'
For more information check: https://developer.mozilla.org/en-US/docs/Web/HTTP/Status/403",2026-07-18T20:29:46.535441
liberation,bpt6k41573382,,failed,0,0,,http_manifest,known,403,manifest,"Client error '403 ' for url 'https://openapiproext.bnf.fr/iiif/presentation/v3/ark:/12148/bpt6k41573382/manifest.json'
For more information check: https://developer.mozilla.org/en-US/docs/Web/HTTP/Status/403",2026-07-18T20:29:47.736387
liberation,bpt6k4157339g,,failed,0,0,,http_manifest,known,403,manifest,"Client error '403 ' for url 'https://openapiproext.bnf.fr/iiif/presentation/v3/ark:/12148/bpt6k4157339g/manifest.json'
For more information check: https://developer.mozilla.org/en-US/docs/Web/HTTP/Status/403",2026-07-18T20:29:48.936179
liberation,bpt6k41573404,,failed,0,0,,http_manifest,known,403,manifest,"Client error '403 ' for url 'https://openapiproext.bnf.fr/iiif/presentation/v3/ark:/12148/bpt6k41573404/manifest.json'
For more information check: https://developer.mozilla.org/en-US/docs/Web/HTTP/Status/403",2026-07-18T20:29:50.135940
liberation,bpt6k4157341j,,failed,0,0,,http_manifest,known,403,manifest,"Client error '403 ' for url 'https://openapiproext.bnf.fr/iiif/presentation/v3/ark:/12148/bpt6k4157341j/manifest.json'
For more information check: https://developer.mozilla.org/en-US/docs/Web/HTTP/Status/403",2026-07-18T20:29:51.338143
liberation,bpt6k4157342z,,failed,0,0,,http_manifest,known,403,manifest,"Client error '403 ' for url 'https://openapiproext.bnf.fr/iiif/presentation/v3/ark:/12148/bpt6k4157342z/manifest.json'
For more information check: https://developer.mozilla.org/en-US/docs/Web/HTTP/Status/403",2026-07-18T20:29:52.540406
liberation,bpt6k4157343c,,failed,0,0,,http_manifest,known,403,manifest,"Client error '403 ' for url 'https://openapiproext.bnf.fr/iiif/presentation/v3/ark:/12148/bpt6k4157343c/manifest.json'
For more information check: https://developer.mozilla.org/en-US/docs/Web/HTTP/Status/403",2026-07-18T20:29:53.742202
liberation,bpt6k4157344s,,failed,0,0,,http_manifest,known,403,manifest,"Client error '403 ' for url 'https://openapiproext.bnf.fr/iiif/presentation/v3/ark:/12148/bpt6k4157344s/manifest.json'
For more information check: https://developer.mozilla.org/en-US/docs/Web/HTTP/Status/403",2026-07-18T20:29:54.960388
liberation,bpt6k41573456,,failed,0,0,,http_manifest,known,403,manifest,"Client error '403 ' for url 'https://openapiproext.bnf.fr/iiif/presentation/v3/ark:/12148/bpt6k41573456/manifest.json'
For more information check: https://developer.mozilla.org/en-US/docs/Web/HTTP/Status/403",2026-07-18T20:29:56.142732
liberation,bpt6k4157346m,,failed,0,0,,http_manifest,known,403,manifest,"Client error '403 ' for url 'https://openapiproext.bnf.fr/iiif/presentation/v3/ark:/12148/bpt6k4157346m/manifest.json'
For more information check: https://developer.mozilla.org/en-US/docs/Web/HTTP/Status/403",2026-07-18T20:29:57.347060
liberation,bpt6k41573471,,failed,0,0,,http_manifest,known,403,manifest,"Client error '403 ' for url 'https://openapiproext.bnf.fr/iiif/presentation/v3/ark:/12148/bpt6k41573471/manifest.json'
For more information check: https://developer.mozilla.org/en-US/docs/Web/HTTP/Status/403",2026-07-18T20:29:58.558242
liberation,bpt6k4157348f,,failed,0,0,,http_manifest,known,403,manifest,"Client error '403 ' for url 'https://openapiproext.bnf.fr/iiif/presentation/v3/ark:/12148/bpt6k4157348f/manifest.json'
For more information check: https://developer.mozilla.org/en-US/docs/Web/HTTP/Status/403",2026-07-18T20:29:59.749821
liberation,bpt6k4157349v,,failed,0,0,,http_manifest,known,403,manifest,"Client error '403 ' for url 'https://openapiproext.bnf.fr/iiif/presentation/v3/ark:/12148/bpt6k4157349v/manifest.json'
For more information check: https://developer.mozilla.org/en-US/docs/Web/HTTP/Status/403",2026-07-18T20:30:00.950105
liberation,bpt6k4157350h,,failed,0,0,,http_manifest,known,403,manifest,"Client error '403 ' for url 'https://openapiproext.bnf.fr/iiif/presentation/v3/ark:/12148/bpt6k4157350h/manifest.json'
For more information check: https://developer.mozilla.org/en-US/docs/Web/HTTP/Status/403",2026-07-18T20:30:02.153897
liberation,bpt6k4157351x,,failed,0,0,,http_manifest,known,403,manifest,"Client error '403 ' for url 'https://openapiproext.bnf.fr/iiif/presentation/v3/ark:/12148/bpt6k4157351x/manifest.json'
For more information check: https://developer.mozilla.org/en-US/docs/Web/HTTP/Status/403",2026-07-18T20:30:03.361076
liberation,bpt6k4157352b,,failed,0,0,,http_manifest,known,403,manifest,"Client error '403 ' for url 'https://openapiproext.bnf.fr/iiif/presentation/v3/ark:/12148/bpt6k4157352b/manifest.json'
For more information check: https://developer.mozilla.org/en-US/docs/Web/HTTP/Status/403",2026-07-18T20:30:04.571176
liberation,bpt6k4157353r,,failed,0,0,,http_manifest,known,403,manifest,"Client error '403 ' for url 'https://openapiproext.bnf.fr/iiif/presentation/v3/ark:/12148/bpt6k4157353r/manifest.json'
For more information check: https://developer.mozilla.org/en-US/docs/Web/HTTP/Status/403",2026-07-18T20:30:05.757209
liberation,bpt6k41573545,,failed,0,0,,http_manifest,known,403,manifest,"Client error '403 ' for url 'https://openapiproext.bnf.fr/iiif/presentation/v3/ark:/12148/bpt6k41573545/manifest.json'
For more information check: https://developer.mozilla.org/en-US/docs/Web/HTTP/Status/403",2026-07-18T20:30:07.116528
liberation,bpt6k4157355k,,failed,0,0,,http_manifest,known,403,manifest,"Client error '403 ' for url 'https://openapiproext.bnf.fr/iiif/presentation/v3/ark:/12148/bpt6k4157355k/manifest.json'
For more information check: https://developer.mozilla.org/en-US/docs/Web/HTTP/Status/403",2026-07-18T20:30:08.316880
liberation,bpt6k41573560,,failed,0,0,,http_manifest,known,403,manifest,"Client error '403 ' for url 'https://openapiproext.bnf.fr/iiif/presentation/v3/ark:/12148/bpt6k41573560/manifest.json'
For more information check: https://developer.mozilla.org/en-US/docs/Web/HTTP/Status/403",2026-07-18T20:30:09.636725
liberation,bpt6k4157357d,,failed,0,0,,http_manifest,known,403,manifest,"Client error '403 ' for url 'https://openapiproext.bnf.fr/iiif/presentation/v3/ark:/12148/bpt6k4157357d/manifest.json'
For more information check: https://developer.mozilla.org/en-US/docs/Web/HTTP/Status/403",2026-07-18T20:30:10.670967
liberation,bpt6k4157358t,,failed,0,0,,http_manifest,known,403,manifest,"Client error '403 ' for url 'https://openapiproext.bnf.fr/iiif/presentation/v3/ark:/12148/bpt6k4157358t/manifest.json'
For more information check: https://developer.mozilla.org/en-US/docs/Web/HTTP/Status/403",2026-07-18T20:30:11.766537
liberation,bpt6k41573597,,failed,0,0,,http_manifest,known,403,manifest,"Client error '403 ' for url 'https://openapiproext.bnf.fr/iiif/presentation/v3/ark:/12148/bpt6k41573597/manifest.json'
For more information check: https://developer.mozilla.org/en-US/docs/Web/HTTP/Status/403",2026-07-18T20:30:13.098428
liberation,bpt6k4157360w,,failed,0,0,,http_manifest,known,403,manifest,"Client error '403 ' for url 'https://openapiproext.bnf.fr/iiif/presentation/v3/ark:/12148/bpt6k4157360w/manifest.json'
For more information check: https://developer.mozilla.org/en-US/docs/Web/HTTP/Status/403",2026-07-18T20:30:14.360914
liberation,bpt6k41573619,,failed,0,0,,http_manifest,known,403,manifest,"Client error '403 ' for url 'https://openapiproext.bnf.fr/iiif/presentation/v3/ark:/12148/bpt6k41573619/manifest.json'
For more information check: https://developer.mozilla.org/en-US/docs/Web/HTTP/Status/403",2026-07-18T20:30:15.588893
liberation,bpt6k4157362q,,failed,0,0,,http_manifest,known,403,manifest,"Client error '403 ' for url 'https://openapiproext.bnf.fr/iiif/presentation/v3/ark:/12148/bpt6k4157362q/manifest.json'
For more information check: https://developer.mozilla.org/en-US/docs/Web/HTTP/Status/403",2026-07-18T20:30:16.583592
liberation,bpt6k41573634,,failed,0,0,,http_manifest,known,403,manifest,"Client error '403 ' for url 'https://openapiproext.bnf.fr/iiif/presentation/v3/ark:/12148/bpt6k41573634/manifest.json'
For more information check: https://developer.mozilla.org/en-US/docs/Web/HTTP/Status/403",2026-07-18T20:30:17.771835
liberation,bpt6k4157364j,,failed,0,0,,http_manifest,known,403,manifest,"Client error '403 ' for url 'https://openapiproext.bnf.fr/iiif/presentation/v3/ark:/12148/bpt6k4157364j/manifest.json'
For more information check: https://developer.mozilla.org/en-US/docs/Web/HTTP/Status/403",2026-07-18T20:30:18.977511
liberation,bpt6k4157365z,,failed,0,0,,http_manifest,known,403,manifest,"Client error '403 ' for url 'https://openapiproext.bnf.fr/iiif/presentation/v3/ark:/12148/bpt6k4157365z/manifest.json'
For more information check: https://developer.mozilla.org/en-US/docs/Web/HTTP/Status/403",2026-07-18T20:30:20.173526
liberation,bpt6k4157366c,,failed,0,0,,http_manifest,known,403,manifest,"Client error '403 ' for url 'https://openapiproext.bnf.fr/iiif/presentation/v3/ark:/12148/bpt6k4157366c/manifest.json'
For more information check: https://developer.mozilla.org/en-US/docs/Web/HTTP/Status/403",2026-07-18T20:30:21.382502
liberation,bpt6k4157367s,,failed,0,0,,http_manifest,known,403,manifest,"Client error '403 ' for url 'https://openapiproext.bnf.fr/iiif/presentation/v3/ark:/12148/bpt6k4157367s/manifest.json'
For more information check: https://developer.mozilla.org/en-US/docs/Web/HTTP/Status/403",2026-07-18T20:30:22.579374
liberation,bpt6k41573686,,failed,0,0,,http_manifest,known,403,manifest,"Client error '403 ' for url 'https://openapiproext.bnf.fr/iiif/presentation/v3/ark:/12148/bpt6k41573686/manifest.json'
For more information check: https://developer.mozilla.org/en-US/docs/Web/HTTP/Status/403",2026-07-18T20:30:23.777705
liberation,bpt6k4157369m,,failed,0,0,,http_manifest,known,403,manifest,"Client error '403 ' for url 'https://openapiproext.bnf.fr/iiif/presentation/v3/ark:/12148/bpt6k4157369m/manifest.json'
For more information check: https://developer.mozilla.org/en-US/docs/Web/HTTP/Status/403",2026-07-18T20:30:24.997061
liberation,bpt6k41573708,,failed,0,0,,http_manifest,known,403,manifest,"Client error '403 ' for url 'https://openapiproext.bnf.fr/iiif/presentation/v3/ark:/12148/bpt6k41573708/manifest.json'
For more information check: https://developer.mozilla.org/en-US/docs/Web/HTTP/Status/403",2026-07-18T20:30:26.178229
liberation,bpt6k4157371p,,failed,0,0,,http_manifest,known,403,manifest,"Client error '403 ' for url 'https://openapiproext.bnf.fr/iiif/presentation/v3/ark:/12148/bpt6k4157371p/manifest.json'
For more information check: https://developer.mozilla.org/en-US/docs/Web/HTTP/Status/403",2026-07-18T20:30:27.381377
liberation,bpt6k41573723,,failed,0,0,,http_manifest,known,403,manifest,"Client error '403 ' for url 'https://openapiproext.bnf.fr/iiif/presentation/v3/ark:/12148/bpt6k41573723/manifest.json'
For more information check: https://developer.mozilla.org/en-US/docs/Web/HTTP/Status/403",2026-07-18T20:30:28.592886
liberation,bpt6k4157373h,,failed,0,0,,http_manifest,known,403,manifest,"Client error '403 ' for url 'https://openapiproext.bnf.fr/iiif/presentation/v3/ark:/12148/bpt6k4157373h/manifest.json'
For more information check: https://developer.mozilla.org/en-US/docs/Web/HTTP/Status/403",2026-07-18T20:30:29.784020
liberation,bpt6k4157374x,,failed,0,0,,http_manifest,known,403,manifest,"Client error '403 ' for url 'https://openapiproext.bnf.fr/iiif/presentation/v3/ark:/12148/bpt6k4157374x/manifest.json'
For more information check: https://developer.mozilla.org/en-US/docs/Web/HTTP/Status/403",2026-07-18T20:30:30.983480
liberation,bpt6k4157375b,,failed,0,0,,http_manifest,known,403,manifest,"Client error '403 ' for url 'https://openapiproext.bnf.fr/iiif/presentation/v3/ark:/12148/bpt6k4157375b/manifest.json'
For more information check: https://developer.mozilla.org/en-US/docs/Web/HTTP/Status/403",2026-07-18T20:30:32.185981
liberation,bpt6k4157376r,,failed,0,0,,http_manifest,known,403,manifest,"Client error '403 ' for url 'https://openapiproext.bnf.fr/iiif/presentation/v3/ark:/12148/bpt6k4157376r/manifest.json'
For more information check: https://developer.mozilla.org/en-US/docs/Web/HTTP/Status/403",2026-07-18T20:30:33.386300
liberation,bpt6k41573775,,failed,0,0,,http_manifest,known,403,manifest,"Client error '403 ' for url 'https://openapiproext.bnf.fr/iiif/presentation/v3/ark:/12148/bpt6k41573775/manifest.json'
For more information check: https://developer.mozilla.org/en-US/docs/Web/HTTP/Status/403",2026-07-18T20:30:34.585523
liberation,bpt6k4157378k,,failed,0,0,,http_manifest,known,403,manifest,"Client error '403 ' for url 'https://openapiproext.bnf.fr/iiif/presentation/v3/ark:/12148/bpt6k4157378k/manifest.json'
For more information check: https://developer.mozilla.org/en-US/docs/Web/HTTP/Status/403",2026-07-18T20:30:35.802162
liberation,bpt6k41573790,,failed,0,0,,http_manifest,known,403,manifest,"Client error '403 ' for url 'https://openapiproext.bnf.fr/iiif/presentation/v3/ark:/12148/bpt6k41573790/manifest.json'
For more information check: https://developer.mozilla.org/en-US/docs/Web/HTTP/Status/403",2026-07-18T20:30:37.013095
liberation,bpt6k4157380n,,failed,0,0,,http_manifest,known,403,manifest,"Client error '403 ' for url 'https://openapiproext.bnf.fr/iiif/presentation/v3/ark:/12148/bpt6k4157380n/manifest.json'
For more information check: https://developer.mozilla.org/en-US/docs/Web/HTTP/Status/403",2026-07-18T20:30:38.190083
liberation,bpt6k41573812,,failed,0,0,,http_manifest,known,403,manifest,"Client error '403 ' for url 'https://openapiproext.bnf.fr/iiif/presentation/v3/ark:/12148/bpt6k41573812/manifest.json'
For more information check: https://developer.mozilla.org/en-US/docs/Web/HTTP/Status/403",2026-07-18T20:30:39.390186
liberation,bpt6k4157382g,,failed,0,0,,http_manifest,known,403,manifest,"Client error '403 ' for url 'https://openapiproext.bnf.fr/iiif/presentation/v3/ark:/12148/bpt6k4157382g/manifest.json'
For more information check: https://developer.mozilla.org/en-US/docs/Web/HTTP/Status/403",2026-07-18T20:30:40.589895
liberation,bpt6k4157383w,,failed,0,0,,http_manifest,known,403,manifest,"Client error '403 ' for url 'https://openapiproext.bnf.fr/iiif/presentation/v3/ark:/12148/bpt6k4157383w/manifest.json'
For more information check: https://developer.mozilla.org/en-US/docs/Web/HTTP/Status/403",2026-07-18T20:30:41.794701
liberation,bpt6k41573849,,failed,0,0,,http_manifest,known,403,manifest,"Client error '403 ' for url 'https://openapiproext.bnf.fr/iiif/presentation/v3/ark:/12148/bpt6k41573849/manifest.json'
For more information check: https://developer.mozilla.org/en-US/docs/Web/HTTP/Status/403",2026-07-18T20:30:43.015092
liberation,bpt6k4157385q,,failed,0,0,,http_manifest,known,403,manifest,"Client error '403 ' for url 'https://openapiproext.bnf.fr/iiif/presentation/v3/ark:/12148/bpt6k4157385q/manifest.json'
For more information check: https://developer.mozilla.org/en-US/docs/Web/HTTP/Status/403",2026-07-18T20:30:44.196374
liberation,bpt6k41573864,,failed,0,0,,http_manifest,known,403,manifest,"Client error '403 ' for url 'https://openapiproext.bnf.fr/iiif/presentation/v3/ark:/12148/bpt6k41573864/manifest.json'
For more information check: https://developer.mozilla.org/en-US/docs/Web/HTTP/Status/403",2026-07-18T20:30:45.396871
liberation,bpt6k4157387j,,failed,0,0,,http_manifest,known,403,manifest,"Client error '403 ' for url 'https://openapiproext.bnf.fr/iiif/presentation/v3/ark:/12148/bpt6k4157387j/manifest.json'
For more information check: https://developer.mozilla.org/en-US/docs/Web/HTTP/Status/403",2026-07-18T20:30:46.598954
liberation,bpt6k4157388z,,failed,0,0,,http_manifest,known,403,manifest,"Client error '403 ' for url 'https://openapiproext.bnf.fr/iiif/presentation/v3/ark:/12148/bpt6k4157388z/manifest.json'
For more information check: https://developer.mozilla.org/en-US/docs/Web/HTTP/Status/403",2026-07-18T20:30:47.799129
liberation,bpt6k4157389c,,failed,0,0,,http_manifest,known,403,manifest,"Client error '403 ' for url 'https://openapiproext.bnf.fr/iiif/presentation/v3/ark:/12148/bpt6k4157389c/manifest.json'
For more information check: https://developer.mozilla.org/en-US/docs/Web/HTTP/Status/403",2026-07-18T20:30:49.000580
liberation,bpt6k41573901,,failed,0,0,,http_manifest,known,403,manifest,"Client error '403 ' for url 'https://openapiproext.bnf.fr/iiif/presentation/v3/ark:/12148/bpt6k41573901/manifest.json'
For more information check: https://developer.mozilla.org/en-US/docs/Web/HTTP/Status/403",2026-07-18T20:30:50.201792
liberation,bpt6k4157391f,,failed,0,0,,http_manifest,known,403,manifest,"Client error '403 ' for url 'https://openapiproext.bnf.fr/iiif/presentation/v3/ark:/12148/bpt6k4157391f/manifest.json'
For more information check: https://developer.mozilla.org/en-US/docs/Web/HTTP/Status/403",2026-07-18T20:30:51.403587
liberation,bpt6k4157392v,,failed,0,0,,http_manifest,known,403,manifest,"Client error '403 ' for url 'https://openapiproext.bnf.fr/iiif/presentation/v3/ark:/12148/bpt6k4157392v/manifest.json'
For more information check: https://developer.mozilla.org/en-US/docs/Web/HTTP/Status/403",2026-07-18T20:30:52.604674
liberation,bpt6k41573938,,failed,0,0,,http_manifest,known,403,manifest,"Client error '403 ' for url 'https://openapiproext.bnf.fr/iiif/presentation/v3/ark:/12148/bpt6k41573938/manifest.json'
For more information check: https://developer.mozilla.org/en-US/docs/Web/HTTP/Status/403",2026-07-18T20:30:53.814851
liberation,bpt6k4157394p,,failed,0,0,,http_manifest,known,403,manifest,"Client error '403 ' for url 'https://openapiproext.bnf.fr/iiif/presentation/v3/ark:/12148/bpt6k4157394p/manifest.json'
For more information check: https://developer.mozilla.org/en-US/docs/Web/HTTP/Status/403",2026-07-18T20:30:55.058165
liberation,bpt6k41573953,,failed,0,0,,http_manifest,known,403,manifest,"Client error '403 ' for url 'https://openapiproext.bnf.fr/iiif/presentation/v3/ark:/12148/bpt6k41573953/manifest.json'
For more information check: https://developer.mozilla.org/en-US/docs/Web/HTTP/Status/403",2026-07-18T20:30:56.214108
liberation,bpt6k4157396h,,failed,0,0,,http_manifest,known,403,manifest,"Client error '403 ' for url 'https://openapiproext.bnf.fr/iiif/presentation/v3/ark:/12148/bpt6k4157396h/manifest.json'
For more information check: https://developer.mozilla.org/en-US/docs/Web/HTTP/Status/403",2026-07-18T20:30:57.410263
liberation,bpt6k4157397x,,failed,0,0,,http_manifest,known,403,manifest,"Client error '403 ' for url 'https://openapiproext.bnf.fr/iiif/presentation/v3/ark:/12148/bpt6k4157397x/manifest.json'
For more information check: https://developer.mozilla.org/en-US/docs/Web/HTTP/Status/403",2026-07-18T20:30:58.613799
liberation,bpt6k4157398b,,failed,0,0,,http_manifest,known,403,manifest,"Client error '403 ' for url 'https://openapiproext.bnf.fr/iiif/presentation/v3/ark:/12148/bpt6k4157398b/manifest.json'
For more information check: https://developer.mozilla.org/en-US/docs/Web/HTTP/Status/403",2026-07-18T20:30:59.813189
liberation,bpt6k4157399r,,failed,0,0,,http_manifest,known,403,manifest,"Client error '403 ' for url 'https://openapiproext.bnf.fr/iiif/presentation/v3/ark:/12148/bpt6k4157399r/manifest.json'
For more information check: https://developer.mozilla.org/en-US/docs/Web/HTTP/Status/403",2026-07-18T20:31:01.041101
liberation,bpt6k4157400z,,failed,0,0,,http_manifest,known,403,manifest,"Client error '403 ' for url 'https://openapiproext.bnf.fr/iiif/presentation/v3/ark:/12148/bpt6k4157400z/manifest.json'
For more information check: https://developer.mozilla.org/en-US/docs/Web/HTTP/Status/403",2026-07-18T20:31:02.216252
liberation,bpt6k4157401c,,failed,0,0,,http_manifest,known,403,manifest,"Client error '403 ' for url 'https://openapiproext.bnf.fr/iiif/presentation/v3/ark:/12148/bpt6k4157401c/manifest.json'
For more information check: https://developer.mozilla.org/en-US/docs/Web/HTTP/Status/403",2026-07-18T20:31:03.422433
liberation,bpt6k4157402s,,failed,0,0,,http_manifest,known,403,manifest,"Client error '403 ' for url 'https://openapiproext.bnf.fr/iiif/presentation/v3/ark:/12148/bpt6k4157402s/manifest.json'
For more information check: https://developer.mozilla.org/en-US/docs/Web/HTTP/Status/403",2026-07-18T20:31:04.620300
liberation,bpt6k41574036,,failed,0,0,,http_manifest,known,403,manifest,"Client error '403 ' for url 'https://openapiproext.bnf.fr/iiif/presentation/v3/ark:/12148/bpt6k41574036/manifest.json'
For more information check: https://developer.mozilla.org/en-US/docs/Web/HTTP/Status/403",2026-07-18T20:31:05.824344
liberation,bpt6k4157404m,,failed,0,0,,http_manifest,known,403,manifest,"Client error '403 ' for url 'https://openapiproext.bnf.fr/iiif/presentation/v3/ark:/12148/bpt6k4157404m/manifest.json'
For more information check: https://developer.mozilla.org/en-US/docs/Web/HTTP/Status/403",2026-07-18T20:31:07.023993
liberation,bpt6k41574051,,failed,0,0,,http_manifest,known,403,manifest,"Client error '403 ' for url 'https://openapiproext.bnf.fr/iiif/presentation/v3/ark:/12148/bpt6k41574051/manifest.json'
For more information check: https://developer.mozilla.org/en-US/docs/Web/HTTP/Status/403",2026-07-18T20:31:08.224010
liberation,bpt6k4157406f,,failed,0,0,,http_manifest,known,403,manifest,"Client error '403 ' for url 'https://openapiproext.bnf.fr/iiif/presentation/v3/ark:/12148/bpt6k4157406f/manifest.json'
For more information check: https://developer.mozilla.org/en-US/docs/Web/HTTP/Status/403",2026-07-18T20:31:09.424692
liberation,bpt6k4157407v,,failed,0,0,,http_manifest,known,403,manifest,"Client error '403 ' for url 'https://openapiproext.bnf.fr/iiif/presentation/v3/ark:/12148/bpt6k4157407v/manifest.json'
For more information check: https://developer.mozilla.org/en-US/docs/Web/HTTP/Status/403",2026-07-18T20:31:10.632059
liberation,bpt6k41574088,,failed,0,0,,http_manifest,known,403,manifest,"Client error '403 ' for url 'https://openapiproext.bnf.fr/iiif/presentation/v3/ark:/12148/bpt6k41574088/manifest.json'
For more information check: https://developer.mozilla.org/en-US/docs/Web/HTTP/Status/403",2026-07-18T20:31:11.841132
liberation,bpt6k4157409p,,failed,0,0,,http_manifest,known,403,manifest,"Client error '403 ' for url 'https://openapiproext.bnf.fr/iiif/presentation/v3/ark:/12148/bpt6k4157409p/manifest.json'
For more information check: https://developer.mozilla.org/en-US/docs/Web/HTTP/Status/403",2026-07-18T20:31:13.110254
liberation,bpt6k4157410b,,failed,0,0,,http_manifest,known,403,manifest,"Client error '403 ' for url 'https://openapiproext.bnf.fr/iiif/presentation/v3/ark:/12148/bpt6k4157410b/manifest.json'
For more information check: https://developer.mozilla.org/en-US/docs/Web/HTTP/Status/403",2026-07-18T20:31:14.233302
liberation,bpt6k4157411r,,failed,0,0,,http_manifest,known,403,manifest,"Client error '403 ' for url 'https://openapiproext.bnf.fr/iiif/presentation/v3/ark:/12148/bpt6k4157411r/manifest.json'
For more information check: https://developer.mozilla.org/en-US/docs/Web/HTTP/Status/403",2026-07-18T20:31:15.433696
liberation,bpt6k41574125,,failed,0,0,,http_manifest,known,403,manifest,"Client error '403 ' for url 'https://openapiproext.bnf.fr/iiif/presentation/v3/ark:/12148/bpt6k41574125/manifest.json'
For more information check: https://developer.mozilla.org/en-US/docs/Web/HTTP/Status/403",2026-07-18T20:31:16.677207
liberation,bpt6k4157413k,,failed,0,0,,http_manifest,known,403,manifest,"Client error '403 ' for url 'https://openapiproext.bnf.fr/iiif/presentation/v3/ark:/12148/bpt6k4157413k/manifest.json'
For more information check: https://developer.mozilla.org/en-US/docs/Web/HTTP/Status/403",2026-07-18T20:31:17.836039
liberation,bpt6k41574140,,failed,0,0,,http_manifest,known,403,manifest,"Client error '403 ' for url 'https://openapiproext.bnf.fr/iiif/presentation/v3/ark:/12148/bpt6k41574140/manifest.json'
For more information check: https://developer.mozilla.org/en-US/docs/Web/HTTP/Status/403",2026-07-18T20:31:19.037486
liberation,bpt6k4157415d,,failed,0,0,,http_manifest,known,403,manifest,"Client error '403 ' for url 'https://openapiproext.bnf.fr/iiif/presentation/v3/ark:/12148/bpt6k4157415d/manifest.json'
For more information check: https://developer.mozilla.org/en-US/docs/Web/HTTP/Status/403",2026-07-18T20:31:20.271252
liberation,bpt6k4157416t,,failed,0,0,,http_manifest,known,403,manifest,"Client error '403 ' for url 'https://openapiproext.bnf.fr/iiif/presentation/v3/ark:/12148/bpt6k4157416t/manifest.json'
For more information check: https://developer.mozilla.org/en-US/docs/Web/HTTP/Status/403",2026-07-18T20:31:21.456519
liberation,bpt6k41574177,,failed,0,0,,http_manifest,known,403,manifest,"Client error '403 ' for url 'https://openapiproext.bnf.fr/iiif/presentation/v3/ark:/12148/bpt6k41574177/manifest.json'
For more information check: https://developer.mozilla.org/en-US/docs/Web/HTTP/Status/403",2026-07-18T20:31:22.709227
liberation,bpt6k4157418n,,failed,0,0,,http_manifest,known,403,manifest,"Client error '403 ' for url 'https://openapiproext.bnf.fr/iiif/presentation/v3/ark:/12148/bpt6k4157418n/manifest.json'
For more information check: https://developer.mozilla.org/en-US/docs/Web/HTTP/Status/403",2026-07-18T20:31:23.843529
liberation,bpt6k41574192,,failed,0,0,,http_manifest,known,403,manifest,"Client error '403 ' for url 'https://openapiproext.bnf.fr/iiif/presentation/v3/ark:/12148/bpt6k41574192/manifest.json'
For more information check: https://developer.mozilla.org/en-US/docs/Web/HTTP/Status/403",2026-07-18T20:31:25.088755
liberation,bpt6k4157420q,,failed,0,0,,http_manifest,known,403,manifest,"Client error '403 ' for url 'https://openapiproext.bnf.fr/iiif/presentation/v3/ark:/12148/bpt6k4157420q/manifest.json'
For more information check: https://developer.mozilla.org/en-US/docs/Web/HTTP/Status/403",2026-07-18T20:31:26.250607
liberation,bpt6k41574214,,failed,0,0,,http_manifest,known,403,manifest,"Client error '403 ' for url 'https://openapiproext.bnf.fr/iiif/presentation/v3/ark:/12148/bpt6k41574214/manifest.json'
For more information check: https://developer.mozilla.org/en-US/docs/Web/HTTP/Status/403",2026-07-18T20:31:27.449214
liberation,bpt6k4157422j,,failed,0,0,,http_manifest,known,403,manifest,"Client error '403 ' for url 'https://openapiproext.bnf.fr/iiif/presentation/v3/ark:/12148/bpt6k4157422j/manifest.json'
For more information check: https://developer.mozilla.org/en-US/docs/Web/HTTP/Status/403",2026-07-18T20:31:28.650872
liberation,bpt6k4157423z,,failed,0,0,,http_manifest,known,403,manifest,"Client error '403 ' for url 'https://openapiproext.bnf.fr/iiif/presentation/v3/ark:/12148/bpt6k4157423z/manifest.json'
For more information check: https://developer.mozilla.org/en-US/docs/Web/HTTP/Status/403",2026-07-18T20:31:29.849305
liberation,bpt6k4157424c,,failed,0,0,,http_manifest,known,403,manifest,"Client error '403 ' for url 'https://openapiproext.bnf.fr/iiif/presentation/v3/ark:/12148/bpt6k4157424c/manifest.json'
For more information check: https://developer.mozilla.org/en-US/docs/Web/HTTP/Status/403",2026-07-18T20:31:31.076969
liberation,bpt6k4157425s,,failed,0,0,,http_manifest,known,403,manifest,"Client error '403 ' for url 'https://openapiproext.bnf.fr/iiif/presentation/v3/ark:/12148/bpt6k4157425s/manifest.json'
For more information check: https://developer.mozilla.org/en-US/docs/Web/HTTP/Status/403",2026-07-18T20:31:32.255791
liberation,bpt6k41574266,,failed,0,0,,http_manifest,known,403,manifest,"Client error '403 ' for url 'https://openapiproext.bnf.fr/iiif/presentation/v3/ark:/12148/bpt6k41574266/manifest.json'
For more information check: https://developer.mozilla.org/en-US/docs/Web/HTTP/Status/403",2026-07-18T20:31:33.457523
liberation,bpt6k4157427m,,failed,0,0,,http_manifest,known,403,manifest,"Client error '403 ' for url 'https://openapiproext.bnf.fr/iiif/presentation/v3/ark:/12148/bpt6k4157427m/manifest.json'
For more information check: https://developer.mozilla.org/en-US/docs/Web/HTTP/Status/403",2026-07-18T20:31:34.654806
liberation,bpt6k41574281,,failed,0,0,,http_manifest,known,403,manifest,"Client error '403 ' for url 'https://openapiproext.bnf.fr/iiif/presentation/v3/ark:/12148/bpt6k41574281/manifest.json'
For more information check: https://developer.mozilla.org/en-US/docs/Web/HTTP/Status/403",2026-07-18T20:31:35.871002
liberation,bpt6k4157429f,,failed,0,0,,http_manifest,known,403,manifest,"Client error '403 ' for url 'https://openapiproext.bnf.fr/iiif/presentation/v3/ark:/12148/bpt6k4157429f/manifest.json'
For more information check: https://developer.mozilla.org/en-US/docs/Web/HTTP/Status/403",2026-07-18T20:31:37.060506
liberation,bpt6k41574303,,failed,0,0,,http_manifest,known,403,manifest,"Client error '403 ' for url 'https://openapiproext.bnf.fr/iiif/presentation/v3/ark:/12148/bpt6k41574303/manifest.json'
For more information check: https://developer.mozilla.org/en-US/docs/Web/HTTP/Status/403",2026-07-18T20:31:38.261926
liberation,bpt6k4157431h,,failed,0,0,,http_manifest,known,403,manifest,"Client error '403 ' for url 'https://openapiproext.bnf.fr/iiif/presentation/v3/ark:/12148/bpt6k4157431h/manifest.json'
For more information check: https://developer.mozilla.org/en-US/docs/Web/HTTP/Status/403",2026-07-18T20:31:39.462482
liberation,bpt6k4157432x,,failed,0,0,,http_manifest,known,403,manifest,"Client error '403 ' for url 'https://openapiproext.bnf.fr/iiif/presentation/v3/ark:/12148/bpt6k4157432x/manifest.json'
For more information check: https://developer.mozilla.org/en-US/docs/Web/HTTP/Status/403",2026-07-18T20:31:40.663373
liberation,bpt6k4157433b,,failed,0,0,,http_manifest,known,403,manifest,"Client error '403 ' for url 'https://openapiproext.bnf.fr/iiif/presentation/v3/ark:/12148/bpt6k4157433b/manifest.json'
For more information check: https://developer.mozilla.org/en-US/docs/Web/HTTP/Status/403",2026-07-18T20:31:41.866016
liberation,bpt6k4157434r,,failed,0,0,,http_manifest,known,403,manifest,"Client error '403 ' for url 'https://openapiproext.bnf.fr/iiif/presentation/v3/ark:/12148/bpt6k4157434r/manifest.json'
For more information check: https://developer.mozilla.org/en-US/docs/Web/HTTP/Status/403",2026-07-18T20:31:43.087042
liberation,bpt6k41574355,,failed,0,0,,http_manifest,known,403,manifest,"Client error '403 ' for url 'https://openapiproext.bnf.fr/iiif/presentation/v3/ark:/12148/bpt6k41574355/manifest.json'
For more information check: https://developer.mozilla.org/en-US/docs/Web/HTTP/Status/403",2026-07-18T20:31:44.268801
liberation,bpt6k4157436k,,failed,0,0,,http_manifest,known,403,manifest,"Client error '403 ' for url 'https://openapiproext.bnf.fr/iiif/presentation/v3/ark:/12148/bpt6k4157436k/manifest.json'
For more information check: https://developer.mozilla.org/en-US/docs/Web/HTTP/Status/403",2026-07-18T20:31:45.471281
liberation,bpt6k41574370,,failed,0,0,,http_manifest,known,403,manifest,"Client error '403 ' for url 'https://openapiproext.bnf.fr/iiif/presentation/v3/ark:/12148/bpt6k41574370/manifest.json'
For more information check: https://developer.mozilla.org/en-US/docs/Web/HTTP/Status/403",2026-07-18T20:31:46.671511
liberation,bpt6k4157438d,,failed,0,0,,http_manifest,known,403,manifest,"Client error '403 ' for url 'https://openapiproext.bnf.fr/iiif/presentation/v3/ark:/12148/bpt6k4157438d/manifest.json'
For more information check: https://developer.mozilla.org/en-US/docs/Web/HTTP/Status/403",2026-07-18T20:31:47.875186
liberation,bpt6k4157439t,,failed,0,0,,http_manifest,known,403,manifest,"Client error '403 ' for url 'https://openapiproext.bnf.fr/iiif/presentation/v3/ark:/12148/bpt6k4157439t/manifest.json'
For more information check: https://developer.mozilla.org/en-US/docs/Web/HTTP/Status/403",2026-07-18T20:31:49.076620
liberation,bpt6k4157440g,,failed,0,0,,http_manifest,known,403,manifest,"Client error '403 ' for url 'https://openapiproext.bnf.fr/iiif/presentation/v3/ark:/12148/bpt6k4157440g/manifest.json'
For more information check: https://developer.mozilla.org/en-US/docs/Web/HTTP/Status/403",2026-07-18T20:31:50.274369
liberation,bpt6k4157441w,,failed,0,0,,http_manifest,known,403,manifest,"Client error '403 ' for url 'https://openapiproext.bnf.fr/iiif/presentation/v3/ark:/12148/bpt6k4157441w/manifest.json'
For more information check: https://developer.mozilla.org/en-US/docs/Web/HTTP/Status/403",2026-07-18T20:31:51.475128
liberation,bpt6k41574429,,failed,0,0,,http_manifest,known,403,manifest,"Client error '403 ' for url 'https://openapiproext.bnf.fr/iiif/presentation/v3/ark:/12148/bpt6k41574429/manifest.json'
For more information check: https://developer.mozilla.org/en-US/docs/Web/HTTP/Status/403",2026-07-18T20:31:52.677217
liberation,bpt6k4157443q,,failed,0,0,,http_manifest,known,403,manifest,"Client error '403 ' for url 'https://openapiproext.bnf.fr/iiif/presentation/v3/ark:/12148/bpt6k4157443q/manifest.json'
For more information check: https://developer.mozilla.org/en-US/docs/Web/HTTP/Status/403",2026-07-18T20:31:53.881839
liberation,bpt6k41574444,,failed,0,0,,http_manifest,known,403,manifest,"Client error '403 ' for url 'https://openapiproext.bnf.fr/iiif/presentation/v3/ark:/12148/bpt6k41574444/manifest.json'
For more information check: https://developer.mozilla.org/en-US/docs/Web/HTTP/Status/403",2026-07-18T20:31:55.102836
liberation,bpt6k4157445j,,failed,0,0,,http_manifest,known,403,manifest,"Client error '403 ' for url 'https://openapiproext.bnf.fr/iiif/presentation/v3/ark:/12148/bpt6k4157445j/manifest.json'
For more information check: https://developer.mozilla.org/en-US/docs/Web/HTTP/Status/403",2026-07-18T20:31:56.280230
liberation,bpt6k4157446z,,failed,0,0,,http_manifest,known,403,manifest,"Client error '403 ' for url 'https://openapiproext.bnf.fr/iiif/presentation/v3/ark:/12148/bpt6k4157446z/manifest.json'
For more information check: https://developer.mozilla.org/en-US/docs/Web/HTTP/Status/403",2026-07-18T20:31:57.481074
liberation,bpt6k4157447c,,failed,0,0,,http_manifest,known,403,manifest,"Client error '403 ' for url 'https://openapiproext.bnf.fr/iiif/presentation/v3/ark:/12148/bpt6k4157447c/manifest.json'
For more information check: https://developer.mozilla.org/en-US/docs/Web/HTTP/Status/403",2026-07-18T20:31:58.685416
liberation,bpt6k4157448s,,failed,0,0,,http_manifest,known,403,manifest,"Client error '403 ' for url 'https://openapiproext.bnf.fr/iiif/presentation/v3/ark:/12148/bpt6k4157448s/manifest.json'
For more information check: https://developer.mozilla.org/en-US/docs/Web/HTTP/Status/403",2026-07-18T20:31:59.886452
liberation,bpt6k41574496,,failed,0,0,,http_manifest,known,403,manifest,"Client error '403 ' for url 'https://openapiproext.bnf.fr/iiif/presentation/v3/ark:/12148/bpt6k41574496/manifest.json'
For more information check: https://developer.mozilla.org/en-US/docs/Web/HTTP/Status/403",2026-07-18T20:32:01.107412
liberation,bpt6k4157450v,,failed,0,0,,http_manifest,known,403,manifest,"Client error '403 ' for url 'https://openapiproext.bnf.fr/iiif/presentation/v3/ark:/12148/bpt6k4157450v/manifest.json'
For more information check: https://developer.mozilla.org/en-US/docs/Web/HTTP/Status/403",2026-07-18T20:32:02.288034
liberation,bpt6k41574518,,failed,0,0,,http_manifest,known,403,manifest,"Client error '403 ' for url 'https://openapiproext.bnf.fr/iiif/presentation/v3/ark:/12148/bpt6k41574518/manifest.json'
For more information check: https://developer.mozilla.org/en-US/docs/Web/HTTP/Status/403",2026-07-18T20:32:03.490967
liberation,bpt6k4157452p,,failed,0,0,,http_manifest,known,403,manifest,"Client error '403 ' for url 'https://openapiproext.bnf.fr/iiif/presentation/v3/ark:/12148/bpt6k4157452p/manifest.json'
For more information check: https://developer.mozilla.org/en-US/docs/Web/HTTP/Status/403",2026-07-18T20:32:04.689971
liberation,bpt6k41574533,,failed,0,0,,http_manifest,known,403,manifest,"Client error '403 ' for url 'https://openapiproext.bnf.fr/iiif/presentation/v3/ark:/12148/bpt6k41574533/manifest.json'
For more information check: https://developer.mozilla.org/en-US/docs/Web/HTTP/Status/403",2026-07-18T20:32:05.892662
liberation,bpt6k4157454h,,failed,0,0,,http_manifest,known,403,manifest,"Client error '403 ' for url 'https://openapiproext.bnf.fr/iiif/presentation/v3/ark:/12148/bpt6k4157454h/manifest.json'
For more information check: https://developer.mozilla.org/en-US/docs/Web/HTTP/Status/403",2026-07-18T20:32:07.124537
liberation,bpt6k4157455x,,failed,0,0,,http_manifest,known,403,manifest,"Client error '403 ' for url 'https://openapiproext.bnf.fr/iiif/presentation/v3/ark:/12148/bpt6k4157455x/manifest.json'
For more information check: https://developer.mozilla.org/en-US/docs/Web/HTTP/Status/403",2026-07-18T20:32:08.290864
liberation,bpt6k4157456b,,failed,0,0,,http_manifest,known,403,manifest,"Client error '403 ' for url 'https://openapiproext.bnf.fr/iiif/presentation/v3/ark:/12148/bpt6k4157456b/manifest.json'
For more information check: https://developer.mozilla.org/en-US/docs/Web/HTTP/Status/403",2026-07-18T20:32:09.623940
liberation,bpt6k4157457r,,failed,0,0,,http_manifest,known,403,manifest,"Client error '403 ' for url 'https://openapiproext.bnf.fr/iiif/presentation/v3/ark:/12148/bpt6k4157457r/manifest.json'
For more information check: https://developer.mozilla.org/en-US/docs/Web/HTTP/Status/403",2026-07-18T20:32:10.696392
liberation,bpt6k41574585,,failed,0,0,,http_manifest,known,403,manifest,"Client error '403 ' for url 'https://openapiproext.bnf.fr/iiif/presentation/v3/ark:/12148/bpt6k41574585/manifest.json'
For more information check: https://developer.mozilla.org/en-US/docs/Web/HTTP/Status/403",2026-07-18T20:32:11.899092
liberation,bpt6k4157459k,,failed,0,0,,http_manifest,known,403,manifest,"Client error '403 ' for url 'https://openapiproext.bnf.fr/iiif/presentation/v3/ark:/12148/bpt6k4157459k/manifest.json'
For more information check: https://developer.mozilla.org/en-US/docs/Web/HTTP/Status/403",2026-07-18T20:32:13.136313
liberation,bpt6k41574607,,failed,0,0,,http_manifest,known,403,manifest,"Client error '403 ' for url 'https://openapiproext.bnf.fr/iiif/presentation/v3/ark:/12148/bpt6k41574607/manifest.json'
For more information check: https://developer.mozilla.org/en-US/docs/Web/HTTP/Status/403",2026-07-18T20:32:14.407516
liberation,bpt6k4157461n,,failed,0,0,,http_manifest,known,403,manifest,"Client error '403 ' for url 'https://openapiproext.bnf.fr/iiif/presentation/v3/ark:/12148/bpt6k4157461n/manifest.json'
For more information check: https://developer.mozilla.org/en-US/docs/Web/HTTP/Status/403",2026-07-18T20:32:15.500882
liberation,bpt6k41574622,,failed,0,0,,http_manifest,known,403,manifest,"Client error '403 ' for url 'https://openapiproext.bnf.fr/iiif/presentation/v3/ark:/12148/bpt6k41574622/manifest.json'
For more information check: https://developer.mozilla.org/en-US/docs/Web/HTTP/Status/403",2026-07-18T20:32:16.702994
liberation,bpt6k4157463g,,failed,0,0,,http_manifest,known,403,manifest,"Client error '403 ' for url 'https://openapiproext.bnf.fr/iiif/presentation/v3/ark:/12148/bpt6k4157463g/manifest.json'
For more information check: https://developer.mozilla.org/en-US/docs/Web/HTTP/Status/403",2026-07-18T20:32:17.903458
liberation,bpt6k4157464w,,failed,0,0,,http_manifest,known,403,manifest,"Client error '403 ' for url 'https://openapiproext.bnf.fr/iiif/presentation/v3/ark:/12148/bpt6k4157464w/manifest.json'
For more information check: https://developer.mozilla.org/en-US/docs/Web/HTTP/Status/403",2026-07-18T20:32:19.333336
liberation,bpt6k41574659,,failed,0,0,,http_manifest,known,403,manifest,"Client error '403 ' for url 'https://openapiproext.bnf.fr/iiif/presentation/v3/ark:/12148/bpt6k41574659/manifest.json'
For more information check: https://developer.mozilla.org/en-US/docs/Web/HTTP/Status/403",2026-07-18T20:32:20.304001
liberation,bpt6k4157466q,,failed,0,0,,http_manifest,known,403,manifest,"Client error '403 ' for url 'https://openapiproext.bnf.fr/iiif/presentation/v3/ark:/12148/bpt6k4157466q/manifest.json'
For more information check: https://developer.mozilla.org/en-US/docs/Web/HTTP/Status/403",2026-07-18T20:32:21.510961
liberation,bpt6k41574674,,failed,0,0,,http_manifest,known,403,manifest,"Client error '403 ' for url 'https://openapiproext.bnf.fr/iiif/presentation/v3/ark:/12148/bpt6k41574674/manifest.json'
For more information check: https://developer.mozilla.org/en-US/docs/Web/HTTP/Status/403",2026-07-18T20:32:22.707588
liberation,bpt6k4157468j,,failed,0,0,,http_manifest,known,403,manifest,"Client error '403 ' for url 'https://openapiproext.bnf.fr/iiif/presentation/v3/ark:/12148/bpt6k4157468j/manifest.json'
For more information check: https://developer.mozilla.org/en-US/docs/Web/HTTP/Status/403",2026-07-18T20:32:23.969148
liberation,bpt6k4157469z,,failed,0,0,,http_manifest,known,403,manifest,"Client error '403 ' for url 'https://openapiproext.bnf.fr/iiif/presentation/v3/ark:/12148/bpt6k4157469z/manifest.json'
For more information check: https://developer.mozilla.org/en-US/docs/Web/HTTP/Status/403",2026-07-18T20:32:25.286084
liberation,bpt6k4157470m,,failed,0,0,,http_manifest,known,403,manifest,"Client error '403 ' for url 'https://openapiproext.bnf.fr/iiif/presentation/v3/ark:/12148/bpt6k4157470m/manifest.json'
For more information check: https://developer.mozilla.org/en-US/docs/Web/HTTP/Status/403",2026-07-18T20:32:26.310773
liberation,bpt6k41574711,,failed,0,0,,http_manifest,known,403,manifest,"Client error '403 ' for url 'https://openapiproext.bnf.fr/iiif/presentation/v3/ark:/12148/bpt6k41574711/manifest.json'
For more information check: https://developer.mozilla.org/en-US/docs/Web/HTTP/Status/403",2026-07-18T20:32:27.516254
liberation,bpt6k4157472f,,failed,0,0,,http_manifest,known,403,manifest,"Client error '403 ' for url 'https://openapiproext.bnf.fr/iiif/presentation/v3/ark:/12148/bpt6k4157472f/manifest.json'
For more information check: https://developer.mozilla.org/en-US/docs/Web/HTTP/Status/403",2026-07-18T20:32:28.717077
liberation,bpt6k4157473v,,failed,0,0,,http_manifest,known,403,manifest,"Client error '403 ' for url 'https://openapiproext.bnf.fr/iiif/presentation/v3/ark:/12148/bpt6k4157473v/manifest.json'
For more information check: https://developer.mozilla.org/en-US/docs/Web/HTTP/Status/403",2026-07-18T20:32:29.913776
liberation,bpt6k41574748,,failed,0,0,,http_manifest,known,403,manifest,"Client error '403 ' for url 'https://openapiproext.bnf.fr/iiif/presentation/v3/ark:/12148/bpt6k41574748/manifest.json'
For more information check: https://developer.mozilla.org/en-US/docs/Web/HTTP/Status/403",2026-07-18T20:32:31.138030
liberation,bpt6k4157475p,,failed,0,0,,http_manifest,known,403,manifest,"Client error '403 ' for url 'https://openapiproext.bnf.fr/iiif/presentation/v3/ark:/12148/bpt6k4157475p/manifest.json'
For more information check: https://developer.mozilla.org/en-US/docs/Web/HTTP/Status/403",2026-07-18T20:32:32.320979
liberation,bpt6k41574763,,failed,0,0,,http_manifest,known,403,manifest,"Client error '403 ' for url 'https://openapiproext.bnf.fr/iiif/presentation/v3/ark:/12148/bpt6k41574763/manifest.json'
For more information check: https://developer.mozilla.org/en-US/docs/Web/HTTP/Status/403",2026-07-18T20:32:33.517015
liberation,bpt6k4157477h,,failed,0,0,,http_manifest,known,403,manifest,"Client error '403 ' for url 'https://openapiproext.bnf.fr/iiif/presentation/v3/ark:/12148/bpt6k4157477h/manifest.json'
For more information check: https://developer.mozilla.org/en-US/docs/Web/HTTP/Status/403",2026-07-18T20:32:34.720029
liberation,bpt6k4157478x,,failed,0,0,,http_manifest,known,403,manifest,"Client error '403 ' for url 'https://openapiproext.bnf.fr/iiif/presentation/v3/ark:/12148/bpt6k4157478x/manifest.json'
For more information check: https://developer.mozilla.org/en-US/docs/Web/HTTP/Status/403",2026-07-18T20:32:35.927254
liberation,bpt6k4157479b,,failed,0,0,,http_manifest,known,403,manifest,"Client error '403 ' for url 'https://openapiproext.bnf.fr/iiif/presentation/v3/ark:/12148/bpt6k4157479b/manifest.json'
For more information check: https://developer.mozilla.org/en-US/docs/Web/HTTP/Status/403",2026-07-18T20:32:37.127185
liberation,bpt6k41574800,,failed,0,0,,http_manifest,known,403,manifest,"Client error '403 ' for url 'https://openapiproext.bnf.fr/iiif/presentation/v3/ark:/12148/bpt6k41574800/manifest.json'
For more information check: https://developer.mozilla.org/en-US/docs/Web/HTTP/Status/403",2026-07-18T20:32:38.325946
liberation,bpt6k4157481d,,failed,0,0,,http_manifest,known,403,manifest,"Client error '403 ' for url 'https://openapiproext.bnf.fr/iiif/presentation/v3/ark:/12148/bpt6k4157481d/manifest.json'
For more information check: https://developer.mozilla.org/en-US/docs/Web/HTTP/Status/403",2026-07-18T20:32:39.526544
liberation,bpt6k4157482t,,failed,0,0,,http_manifest,known,403,manifest,"Client error '403 ' for url 'https://openapiproext.bnf.fr/iiif/presentation/v3/ark:/12148/bpt6k4157482t/manifest.json'
For more information check: https://developer.mozilla.org/en-US/docs/Web/HTTP/Status/403",2026-07-18T20:32:40.727435
liberation,bpt6k41574837,,failed,0,0,,http_manifest,known,403,manifest,"Client error '403 ' for url 'https://openapiproext.bnf.fr/iiif/presentation/v3/ark:/12148/bpt6k41574837/manifest.json'
For more information check: https://developer.mozilla.org/en-US/docs/Web/HTTP/Status/403",2026-07-18T20:32:41.929596
liberation,bpt6k4157484n,,failed,0,0,,http_manifest,known,403,manifest,"Client error '403 ' for url 'https://openapiproext.bnf.fr/iiif/presentation/v3/ark:/12148/bpt6k4157484n/manifest.json'
For more information check: https://developer.mozilla.org/en-US/docs/Web/HTTP/Status/403",2026-07-18T20:32:43.156711
liberation,bpt6k41574852,,failed,0,0,,http_manifest,known,403,manifest,"Client error '403 ' for url 'https://openapiproext.bnf.fr/iiif/presentation/v3/ark:/12148/bpt6k41574852/manifest.json'
For more information check: https://developer.mozilla.org/en-US/docs/Web/HTTP/Status/403",2026-07-18T20:32:44.328621
liberation,bpt6k4157486g,,failed,0,0,,http_manifest,known,403,manifest,"Client error '403 ' for url 'https://openapiproext.bnf.fr/iiif/presentation/v3/ark:/12148/bpt6k4157486g/manifest.json'
For more information check: https://developer.mozilla.org/en-US/docs/Web/HTTP/Status/403",2026-07-18T20:32:45.532378
liberation,bpt6k4157487w,,failed,0,0,,http_manifest,known,403,manifest,"Client error '403 ' for url 'https://openapiproext.bnf.fr/iiif/presentation/v3/ark:/12148/bpt6k4157487w/manifest.json'
For more information check: https://developer.mozilla.org/en-US/docs/Web/HTTP/Status/403",2026-07-18T20:32:46.736475
liberation,bpt6k41574889,,failed,0,0,,http_manifest,known,403,manifest,"Client error '403 ' for url 'https://openapiproext.bnf.fr/iiif/presentation/v3/ark:/12148/bpt6k41574889/manifest.json'
For more information check: https://developer.mozilla.org/en-US/docs/Web/HTTP/Status/403",2026-07-18T20:32:47.934747
liberation,bpt6k4157489q,,failed,0,0,,http_manifest,known,403,manifest,"Client error '403 ' for url 'https://openapiproext.bnf.fr/iiif/presentation/v3/ark:/12148/bpt6k4157489q/manifest.json'
For more information check: https://developer.mozilla.org/en-US/docs/Web/HTTP/Status/403",2026-07-18T20:32:49.136634
liberation,bpt6k4157490c,,failed,0,0,,http_manifest,known,403,manifest,"Client error '403 ' for url 'https://openapiproext.bnf.fr/iiif/presentation/v3/ark:/12148/bpt6k4157490c/manifest.json'
For more information check: https://developer.mozilla.org/en-US/docs/Web/HTTP/Status/403",2026-07-18T20:32:50.339715
liberation,bpt6k4157491s,,failed,0,0,,http_manifest,known,403,manifest,"Client error '403 ' for url 'https://openapiproext.bnf.fr/iiif/presentation/v3/ark:/12148/bpt6k4157491s/manifest.json'
For more information check: https://developer.mozilla.org/en-US/docs/Web/HTTP/Status/403",2026-07-18T20:32:51.538069
liberation,bpt6k41574926,,failed,0,0,,http_manifest,known,403,manifest,"Client error '403 ' for url 'https://openapiproext.bnf.fr/iiif/presentation/v3/ark:/12148/bpt6k41574926/manifest.json'
For more information check: https://developer.mozilla.org/en-US/docs/Web/HTTP/Status/403",2026-07-18T20:32:52.754633
liberation,bpt6k4157493m,,failed,0,0,,http_manifest,known,403,manifest,"Client error '403 ' for url 'https://openapiproext.bnf.fr/iiif/presentation/v3/ark:/12148/bpt6k4157493m/manifest.json'
For more information check: https://developer.mozilla.org/en-US/docs/Web/HTTP/Status/403",2026-07-18T20:32:53.945871
liberation,bpt6k41574941,,failed,0,0,,http_manifest,known,403,manifest,"Client error '403 ' for url 'https://openapiproext.bnf.fr/iiif/presentation/v3/ark:/12148/bpt6k41574941/manifest.json'
For more information check: https://developer.mozilla.org/en-US/docs/Web/HTTP/Status/403",2026-07-18T20:32:55.183224
liberation,bpt6k4157495f,,failed,0,0,,http_manifest,known,403,manifest,"Client error '403 ' for url 'https://openapiproext.bnf.fr/iiif/presentation/v3/ark:/12148/bpt6k4157495f/manifest.json'
For more information check: https://developer.mozilla.org/en-US/docs/Web/HTTP/Status/403",2026-07-18T20:32:56.347526
liberation,bpt6k4157496v,,failed,0,0,,http_manifest,known,403,manifest,"Client error '403 ' for url 'https://openapiproext.bnf.fr/iiif/presentation/v3/ark:/12148/bpt6k4157496v/manifest.json'
For more information check: https://developer.mozilla.org/en-US/docs/Web/HTTP/Status/403",2026-07-18T20:32:57.547203
liberation,bpt6k41574978,,failed,0,0,,http_manifest,known,403,manifest,"Client error '403 ' for url 'https://openapiproext.bnf.fr/iiif/presentation/v3/ark:/12148/bpt6k41574978/manifest.json'
For more information check: https://developer.mozilla.org/en-US/docs/Web/HTTP/Status/403",2026-07-18T20:32:58.746568
liberation,bpt6k4157498p,,failed,0,0,,http_manifest,known,403,manifest,"Client error '403 ' for url 'https://openapiproext.bnf.fr/iiif/presentation/v3/ark:/12148/bpt6k4157498p/manifest.json'
For more information check: https://developer.mozilla.org/en-US/docs/Web/HTTP/Status/403",2026-07-18T20:32:59.957075
liberation,bpt6k41574993,,failed,0,0,,http_manifest,known,403,manifest,"Client error '403 ' for url 'https://openapiproext.bnf.fr/iiif/presentation/v3/ark:/12148/bpt6k41574993/manifest.json'
For more information check: https://developer.mozilla.org/en-US/docs/Web/HTTP/Status/403",2026-07-18T20:33:01.176891
liberation,bpt6k41575009,,failed,0,0,,http_manifest,known,403,manifest,"Client error '403 ' for url 'https://openapiproext.bnf.fr/iiif/presentation/v3/ark:/12148/bpt6k41575009/manifest.json'
For more information check: https://developer.mozilla.org/en-US/docs/Web/HTTP/Status/403",2026-07-18T20:33:02.356700
liberation,bpt6k4157501q,,failed,0,0,,http_manifest,known,403,manifest,"Client error '403 ' for url 'https://openapiproext.bnf.fr/iiif/presentation/v3/ark:/12148/bpt6k4157501q/manifest.json'
For more information check: https://developer.mozilla.org/en-US/docs/Web/HTTP/Status/403",2026-07-18T20:33:03.556283
liberation,bpt6k41575024,,failed,0,0,,http_manifest,known,403,manifest,"Client error '403 ' for url 'https://openapiproext.bnf.fr/iiif/presentation/v3/ark:/12148/bpt6k41575024/manifest.json'
For more information check: https://developer.mozilla.org/en-US/docs/Web/HTTP/Status/403",2026-07-18T20:33:04.754140
liberation,bpt6k4157503j,,failed,0,0,,http_manifest,known,403,manifest,"Client error '403 ' for url 'https://openapiproext.bnf.fr/iiif/presentation/v3/ark:/12148/bpt6k4157503j/manifest.json'
For more information check: https://developer.mozilla.org/en-US/docs/Web/HTTP/Status/403",2026-07-18T20:33:05.966867
liberation,bpt6k4157504z,,failed,0,0,,http_manifest,known,403,manifest,"Client error '403 ' for url 'https://openapiproext.bnf.fr/iiif/presentation/v3/ark:/12148/bpt6k4157504z/manifest.json'
For more information check: https://developer.mozilla.org/en-US/docs/Web/HTTP/Status/403",2026-07-18T20:33:07.256522
liberation,bpt6k4157505c,,failed,0,0,,http_manifest,known,403,manifest,"Client error '403 ' for url 'https://openapiproext.bnf.fr/iiif/presentation/v3/ark:/12148/bpt6k4157505c/manifest.json'
For more information check: https://developer.mozilla.org/en-US/docs/Web/HTTP/Status/403",2026-07-18T20:33:08.428118
liberation,bpt6k4157506s,,failed,0,0,,http_manifest,known,403,manifest,"Client error '403 ' for url 'https://openapiproext.bnf.fr/iiif/presentation/v3/ark:/12148/bpt6k4157506s/manifest.json'
For more information check: https://developer.mozilla.org/en-US/docs/Web/HTTP/Status/403",2026-07-18T20:33:09.564479
liberation,bpt6k41575076,,failed,0,0,,http_manifest,known,403,manifest,"Client error '403 ' for url 'https://openapiproext.bnf.fr/iiif/presentation/v3/ark:/12148/bpt6k41575076/manifest.json'
For more information check: https://developer.mozilla.org/en-US/docs/Web/HTTP/Status/403",2026-07-18T20:33:10.763925
liberation,bpt6k4157508m,,failed,0,0,,http_manifest,known,403,manifest,"Client error '403 ' for url 'https://openapiproext.bnf.fr/iiif/presentation/v3/ark:/12148/bpt6k4157508m/manifest.json'
For more information check: https://developer.mozilla.org/en-US/docs/Web/HTTP/Status/403",2026-07-18T20:33:12.042169
liberation,bpt6k41575091,,failed,0,0,,http_manifest,known,403,manifest,"Client error '403 ' for url 'https://openapiproext.bnf.fr/iiif/presentation/v3/ark:/12148/bpt6k41575091/manifest.json'
For more information check: https://developer.mozilla.org/en-US/docs/Web/HTTP/Status/403",2026-07-18T20:33:13.192837
liberation,bpt6k4157510p,,failed,0,0,,http_manifest,known,403,manifest,"Client error '403 ' for url 'https://openapiproext.bnf.fr/iiif/presentation/v3/ark:/12148/bpt6k4157510p/manifest.json'
For more information check: https://developer.mozilla.org/en-US/docs/Web/HTTP/Status/403",2026-07-18T20:33:14.533735
liberation,bpt6k41575113,,failed,0,0,,http_manifest,known,403,manifest,"Client error '403 ' for url 'https://openapiproext.bnf.fr/iiif/presentation/v3/ark:/12148/bpt6k41575113/manifest.json'
For more information check: https://developer.mozilla.org/en-US/docs/Web/HTTP/Status/403",2026-07-18T20:33:15.570627
liberation,bpt6k4157512h,,failed,0,0,,http_manifest,known,403,manifest,"Client error '403 ' for url 'https://openapiproext.bnf.fr/iiif/presentation/v3/ark:/12148/bpt6k4157512h/manifest.json'
For more information check: https://developer.mozilla.org/en-US/docs/Web/HTTP/Status/403",2026-07-18T20:33:16.767965
liberation,bpt6k4157513x,,failed,0,0,,http_manifest,known,403,manifest,"Client error '403 ' for url 'https://openapiproext.bnf.fr/iiif/presentation/v3/ark:/12148/bpt6k4157513x/manifest.json'
For more information check: https://developer.mozilla.org/en-US/docs/Web/HTTP/Status/403",2026-07-18T20:33:17.992047
liberation,bpt6k4157514b,,failed,0,0,,http_manifest,known,403,manifest,"Client error '403 ' for url 'https://openapiproext.bnf.fr/iiif/presentation/v3/ark:/12148/bpt6k4157514b/manifest.json'
For more information check: https://developer.mozilla.org/en-US/docs/Web/HTTP/Status/403",2026-07-18T20:33:19.410126
liberation,bpt6k4157515r,,failed,0,0,,http_manifest,known,403,manifest,"Client error '403 ' for url 'https://openapiproext.bnf.fr/iiif/presentation/v3/ark:/12148/bpt6k4157515r/manifest.json'
For more information check: https://developer.mozilla.org/en-US/docs/Web/HTTP/Status/403",2026-07-18T20:33:20.377124
liberation,bpt6k41575165,,failed,0,0,,http_manifest,known,403,manifest,"Client error '403 ' for url 'https://openapiproext.bnf.fr/iiif/presentation/v3/ark:/12148/bpt6k41575165/manifest.json'
For more information check: https://developer.mozilla.org/en-US/docs/Web/HTTP/Status/403",2026-07-18T20:33:21.654675
liberation,bpt6k4157517k,,failed,0,0,,http_manifest,known,403,manifest,"Client error '403 ' for url 'https://openapiproext.bnf.fr/iiif/presentation/v3/ark:/12148/bpt6k4157517k/manifest.json'
For more information check: https://developer.mozilla.org/en-US/docs/Web/HTTP/Status/403",2026-07-18T20:33:22.852328
liberation,bpt6k41575180,,failed,0,0,,http_manifest,known,403,manifest,"Client error '403 ' for url 'https://openapiproext.bnf.fr/iiif/presentation/v3/ark:/12148/bpt6k41575180/manifest.json'
For more information check: https://developer.mozilla.org/en-US/docs/Web/HTTP/Status/403",2026-07-18T20:33:24.014952
liberation,bpt6k4157519d,,failed,0,0,,http_manifest,known,403,manifest,"Client error '403 ' for url 'https://openapiproext.bnf.fr/iiif/presentation/v3/ark:/12148/bpt6k4157519d/manifest.json'
For more information check: https://developer.mozilla.org/en-US/docs/Web/HTTP/Status/403",2026-07-18T20:33:25.195230
liberation,bpt6k41575202,,failed,0,0,,http_manifest,known,403,manifest,"Client error '403 ' for url 'https://openapiproext.bnf.fr/iiif/presentation/v3/ark:/12148/bpt6k41575202/manifest.json'
For more information check: https://developer.mozilla.org/en-US/docs/Web/HTTP/Status/403",2026-07-18T20:33:26.398443
liberation,bpt6k4157521g,,failed,0,0,,http_manifest,known,403,manifest,"Client error '403 ' for url 'https://openapiproext.bnf.fr/iiif/presentation/v3/ark:/12148/bpt6k4157521g/manifest.json'
For more information check: https://developer.mozilla.org/en-US/docs/Web/HTTP/Status/403",2026-07-18T20:33:27.580519
liberation,bpt6k4157522w,,failed,0,0,,http_manifest,known,403,manifest,"Client error '403 ' for url 'https://openapiproext.bnf.fr/iiif/presentation/v3/ark:/12148/bpt6k4157522w/manifest.json'
For more information check: https://developer.mozilla.org/en-US/docs/Web/HTTP/Status/403",2026-07-18T20:33:28.791007
liberation,bpt6k41575239,,failed,0,0,,http_manifest,known,403,manifest,"Client error '403 ' for url 'https://openapiproext.bnf.fr/iiif/presentation/v3/ark:/12148/bpt6k41575239/manifest.json'
For more information check: https://developer.mozilla.org/en-US/docs/Web/HTTP/Status/403",2026-07-18T20:33:29.986895
liberation,bpt6k4157524q,,failed,0,0,,http_manifest,known,403,manifest,"Client error '403 ' for url 'https://openapiproext.bnf.fr/iiif/presentation/v3/ark:/12148/bpt6k4157524q/manifest.json'
For more information check: https://developer.mozilla.org/en-US/docs/Web/HTTP/Status/403",2026-07-18T20:33:31.214040
liberation,bpt6k41575254,,failed,0,0,,http_manifest,known,403,manifest,"Client error '403 ' for url 'https://openapiproext.bnf.fr/iiif/presentation/v3/ark:/12148/bpt6k41575254/manifest.json'
For more information check: https://developer.mozilla.org/en-US/docs/Web/HTTP/Status/403",2026-07-18T20:33:32.384231
liberation,bpt6k4157526j,,failed,0,0,,http_manifest,known,403,manifest,"Client error '403 ' for url 'https://openapiproext.bnf.fr/iiif/presentation/v3/ark:/12148/bpt6k4157526j/manifest.json'
For more information check: https://developer.mozilla.org/en-US/docs/Web/HTTP/Status/403",2026-07-18T20:33:33.588110
liberation,bpt6k4157527z,,failed,0,0,,http_manifest,known,403,manifest,"Client error '403 ' for url 'https://openapiproext.bnf.fr/iiif/presentation/v3/ark:/12148/bpt6k4157527z/manifest.json'
For more information check: https://developer.mozilla.org/en-US/docs/Web/HTTP/Status/403",2026-07-18T20:33:34.791676
liberation,bpt6k4157528c,,failed,0,0,,http_manifest,known,403,manifest,"Client error '403 ' for url 'https://openapiproext.bnf.fr/iiif/presentation/v3/ark:/12148/bpt6k4157528c/manifest.json'
For more information check: https://developer.mozilla.org/en-US/docs/Web/HTTP/Status/403",2026-07-18T20:33:36.003707
liberation,bpt6k4157529s,,failed,0,0,,http_manifest,known,403,manifest,"Client error '403 ' for url 'https://openapiproext.bnf.fr/iiif/presentation/v3/ark:/12148/bpt6k4157529s/manifest.json'
For more information check: https://developer.mozilla.org/en-US/docs/Web/HTTP/Status/403",2026-07-18T20:33:37.198672
liberation,bpt6k4157530f,,failed,0,0,,http_manifest,known,403,manifest,"Client error '403 ' for url 'https://openapiproext.bnf.fr/iiif/presentation/v3/ark:/12148/bpt6k4157530f/manifest.json'
For more information check: https://developer.mozilla.org/en-US/docs/Web/HTTP/Status/403",2026-07-18T20:33:38.391956
liberation,bpt6k4157531v,,failed,0,0,,http_manifest,known,403,manifest,"Client error '403 ' for url 'https://openapiproext.bnf.fr/iiif/presentation/v3/ark:/12148/bpt6k4157531v/manifest.json'
For more information check: https://developer.mozilla.org/en-US/docs/Web/HTTP/Status/403",2026-07-18T20:33:39.602546
liberation,bpt6k41575328,,failed,0,0,,http_manifest,known,403,manifest,"Client error '403 ' for url 'https://openapiproext.bnf.fr/iiif/presentation/v3/ark:/12148/bpt6k41575328/manifest.json'
For more information check: https://developer.mozilla.org/en-US/docs/Web/HTTP/Status/403",2026-07-18T20:33:40.791633
liberation,bpt6k4157533p,,failed,0,0,,http_manifest,known,403,manifest,"Client error '403 ' for url 'https://openapiproext.bnf.fr/iiif/presentation/v3/ark:/12148/bpt6k4157533p/manifest.json'
For more information check: https://developer.mozilla.org/en-US/docs/Web/HTTP/Status/403",2026-07-18T20:33:41.997510
liberation,bpt6k41575343,,failed,0,0,,http_manifest,known,403,manifest,"Client error '403 ' for url 'https://openapiproext.bnf.fr/iiif/presentation/v3/ark:/12148/bpt6k41575343/manifest.json'
For more information check: https://developer.mozilla.org/en-US/docs/Web/HTTP/Status/403",2026-07-18T20:33:43.220103
liberation,bpt6k4157535h,,failed,0,0,,http_manifest,known,403,manifest,"Client error '403 ' for url 'https://openapiproext.bnf.fr/iiif/presentation/v3/ark:/12148/bpt6k4157535h/manifest.json'
For more information check: https://developer.mozilla.org/en-US/docs/Web/HTTP/Status/403",2026-07-18T20:33:44.401534
liberation,bpt6k4157536x,,failed,0,0,,http_manifest,known,403,manifest,"Client error '403 ' for url 'https://openapiproext.bnf.fr/iiif/presentation/v3/ark:/12148/bpt6k4157536x/manifest.json'
For more information check: https://developer.mozilla.org/en-US/docs/Web/HTTP/Status/403",2026-07-18T20:33:45.599915
liberation,bpt6k4157537b,,failed,0,0,,http_manifest,known,403,manifest,"Client error '403 ' for url 'https://openapiproext.bnf.fr/iiif/presentation/v3/ark:/12148/bpt6k4157537b/manifest.json'
For more information check: https://developer.mozilla.org/en-US/docs/Web/HTTP/Status/403",2026-07-18T20:33:46.803982
liberation,bpt6k4157538r,,failed,0,0,,http_manifest,known,403,manifest,"Client error '403 ' for url 'https://openapiproext.bnf.fr/iiif/presentation/v3/ark:/12148/bpt6k4157538r/manifest.json'
For more information check: https://developer.mozilla.org/en-US/docs/Web/HTTP/Status/403",2026-07-18T20:33:48.002725
liberation,bpt6k41575395,,failed,0,0,,http_manifest,known,403,manifest,"Client error '403 ' for url 'https://openapiproext.bnf.fr/iiif/presentation/v3/ark:/12148/bpt6k41575395/manifest.json'
For more information check: https://developer.mozilla.org/en-US/docs/Web/HTTP/Status/403",2026-07-18T20:33:49.202535
liberation,bpt6k4157540t,,failed,0,0,,http_manifest,known,403,manifest,"Client error '403 ' for url 'https://openapiproext.bnf.fr/iiif/presentation/v3/ark:/12148/bpt6k4157540t/manifest.json'
For more information check: https://developer.mozilla.org/en-US/docs/Web/HTTP/Status/403",2026-07-18T20:33:50.409000
liberation,bpt6k41575417,,failed,0,0,,http_manifest,known,403,manifest,"Client error '403 ' for url 'https://openapiproext.bnf.fr/iiif/presentation/v3/ark:/12148/bpt6k41575417/manifest.json'
For more information check: https://developer.mozilla.org/en-US/docs/Web/HTTP/Status/403",2026-07-18T20:33:51.606965
liberation,bpt6k4157542n,,failed,0,0,,http_manifest,known,403,manifest,"Client error '403 ' for url 'https://openapiproext.bnf.fr/iiif/presentation/v3/ark:/12148/bpt6k4157542n/manifest.json'
For more information check: https://developer.mozilla.org/en-US/docs/Web/HTTP/Status/403",2026-07-18T20:33:52.807988
liberation,bpt6k41575432,,failed,0,0,,http_manifest,known,403,manifest,"Client error '403 ' for url 'https://openapiproext.bnf.fr/iiif/presentation/v3/ark:/12148/bpt6k41575432/manifest.json'
For more information check: https://developer.mozilla.org/en-US/docs/Web/HTTP/Status/403",2026-07-18T20:33:54.008006
liberation,bpt6k4157544g,,failed,0,0,,http_manifest,known,403,manifest,"Client error '403 ' for url 'https://openapiproext.bnf.fr/iiif/presentation/v3/ark:/12148/bpt6k4157544g/manifest.json'
For more information check: https://developer.mozilla.org/en-US/docs/Web/HTTP/Status/403",2026-07-18T20:33:55.228053
liberation,bpt6k4157545w,,failed,0,0,,http_manifest,known,403,manifest,"Client error '403 ' for url 'https://openapiproext.bnf.fr/iiif/presentation/v3/ark:/12148/bpt6k4157545w/manifest.json'
For more information check: https://developer.mozilla.org/en-US/docs/Web/HTTP/Status/403",2026-07-18T20:33:56.425236
liberation,bpt6k41575469,,failed,0,0,,http_manifest,known,403,manifest,"Client error '403 ' for url 'https://openapiproext.bnf.fr/iiif/presentation/v3/ark:/12148/bpt6k41575469/manifest.json'
For more information check: https://developer.mozilla.org/en-US/docs/Web/HTTP/Status/403",2026-07-18T20:33:57.614398
liberation,bpt6k4157547q,,failed,0,0,,http_manifest,known,403,manifest,"Client error '403 ' for url 'https://openapiproext.bnf.fr/iiif/presentation/v3/ark:/12148/bpt6k4157547q/manifest.json'
For more information check: https://developer.mozilla.org/en-US/docs/Web/HTTP/Status/403",2026-07-18T20:33:58.817984
liberation,bpt6k41575484,,failed,0,0,,http_manifest,known,403,manifest,"Client error '403 ' for url 'https://openapiproext.bnf.fr/iiif/presentation/v3/ark:/12148/bpt6k41575484/manifest.json'
For more information check: https://developer.mozilla.org/en-US/docs/Web/HTTP/Status/403",2026-07-18T20:34:00.023269
liberation,bpt6k4157549j,,failed,0,0,,http_manifest,known,403,manifest,"Client error '403 ' for url 'https://openapiproext.bnf.fr/iiif/presentation/v3/ark:/12148/bpt6k4157549j/manifest.json'
For more information check: https://developer.mozilla.org/en-US/docs/Web/HTTP/Status/403",2026-07-18T20:34:01.250089
liberation,bpt6k41575506,,failed,0,0,,http_manifest,known,403,manifest,"Client error '403 ' for url 'https://openapiproext.bnf.fr/iiif/presentation/v3/ark:/12148/bpt6k41575506/manifest.json'
For more information check: https://developer.mozilla.org/en-US/docs/Web/HTTP/Status/403",2026-07-18T20:34:02.420661
liberation,bpt6k4157551m,,failed,0,0,,http_manifest,known,403,manifest,"Client error '403 ' for url 'https://openapiproext.bnf.fr/iiif/presentation/v3/ark:/12148/bpt6k4157551m/manifest.json'
For more information check: https://developer.mozilla.org/en-US/docs/Web/HTTP/Status/403",2026-07-18T20:34:03.622352
liberation,bpt6k41575521,,failed,0,0,,http_manifest,known,403,manifest,"Client error '403 ' for url 'https://openapiproext.bnf.fr/iiif/presentation/v3/ark:/12148/bpt6k41575521/manifest.json'
For more information check: https://developer.mozilla.org/en-US/docs/Web/HTTP/Status/403",2026-07-18T20:34:04.821397
liberation,bpt6k4157553f,,failed,0,0,,http_manifest,known,403,manifest,"Client error '403 ' for url 'https://openapiproext.bnf.fr/iiif/presentation/v3/ark:/12148/bpt6k4157553f/manifest.json'
For more information check: https://developer.mozilla.org/en-US/docs/Web/HTTP/Status/403",2026-07-18T20:34:06.024034
liberation,bpt6k4157554v,,failed,0,0,,http_manifest,known,403,manifest,"Client error '403 ' for url 'https://openapiproext.bnf.fr/iiif/presentation/v3/ark:/12148/bpt6k4157554v/manifest.json'
For more information check: https://developer.mozilla.org/en-US/docs/Web/HTTP/Status/403",2026-07-18T20:34:07.227079
liberation,bpt6k41575558,,failed,0,0,,http_manifest,known,403,manifest,"Client error '403 ' for url 'https://openapiproext.bnf.fr/iiif/presentation/v3/ark:/12148/bpt6k41575558/manifest.json'
For more information check: https://developer.mozilla.org/en-US/docs/Web/HTTP/Status/403",2026-07-18T20:34:08.453327
liberation,bpt6k4157556p,,failed,0,0,,http_manifest,known,403,manifest,"Client error '403 ' for url 'https://openapiproext.bnf.fr/iiif/presentation/v3/ark:/12148/bpt6k4157556p/manifest.json'
For more information check: https://developer.mozilla.org/en-US/docs/Web/HTTP/Status/403",2026-07-18T20:34:09.632028
liberation,bpt6k41575573,,failed,0,0,,http_manifest,known,403,manifest,"Client error '403 ' for url 'https://openapiproext.bnf.fr/iiif/presentation/v3/ark:/12148/bpt6k41575573/manifest.json'
For more information check: https://developer.mozilla.org/en-US/docs/Web/HTTP/Status/403",2026-07-18T20:34:10.830975
liberation,bpt6k4157558h,,failed,0,0,,http_manifest,known,403,manifest,"Client error '403 ' for url 'https://openapiproext.bnf.fr/iiif/presentation/v3/ark:/12148/bpt6k4157558h/manifest.json'
For more information check: https://developer.mozilla.org/en-US/docs/Web/HTTP/Status/403",2026-07-18T20:34:12.115791
liberation,bpt6k4157559x,,failed,0,0,,http_manifest,known,403,manifest,"Client error '403 ' for url 'https://openapiproext.bnf.fr/iiif/presentation/v3/ark:/12148/bpt6k4157559x/manifest.json'
For more information check: https://developer.mozilla.org/en-US/docs/Web/HTTP/Status/403",2026-07-18T20:34:13.278619
liberation,bpt6k4157560k,,failed,0,0,,http_manifest,known,403,manifest,"Client error '403 ' for url 'https://openapiproext.bnf.fr/iiif/presentation/v3/ark:/12148/bpt6k4157560k/manifest.json'
For more information check: https://developer.mozilla.org/en-US/docs/Web/HTTP/Status/403",2026-07-18T20:34:14.652977
liberation,bpt6k41575610,,failed,0,0,,http_manifest,known,403,manifest,"Client error '403 ' for url 'https://openapiproext.bnf.fr/iiif/presentation/v3/ark:/12148/bpt6k41575610/manifest.json'
For more information check: https://developer.mozilla.org/en-US/docs/Web/HTTP/Status/403",2026-07-18T20:34:15.637771
liberation,bpt6k4157562d,,failed,0,0,,http_manifest,known,403,manifest,"Client error '403 ' for url 'https://openapiproext.bnf.fr/iiif/presentation/v3/ark:/12148/bpt6k4157562d/manifest.json'
For more information check: https://developer.mozilla.org/en-US/docs/Web/HTTP/Status/403",2026-07-18T20:34:16.836280
liberation,bpt6k4157563t,,failed,0,0,,http_manifest,known,403,manifest,"Client error '403 ' for url 'https://openapiproext.bnf.fr/iiif/presentation/v3/ark:/12148/bpt6k4157563t/manifest.json'
For more information check: https://developer.mozilla.org/en-US/docs/Web/HTTP/Status/403",2026-07-18T20:34:18.036013
liberation,bpt6k41575647,,failed,0,0,,http_manifest,known,403,manifest,"Client error '403 ' for url 'https://openapiproext.bnf.fr/iiif/presentation/v3/ark:/12148/bpt6k41575647/manifest.json'
For more information check: https://developer.mozilla.org/en-US/docs/Web/HTTP/Status/403",2026-07-18T20:34:19.306283
liberation,bpt6k4157565n,,failed,0,0,,http_manifest,known,403,manifest,"Client error '403 ' for url 'https://openapiproext.bnf.fr/iiif/presentation/v3/ark:/12148/bpt6k4157565n/manifest.json'
For more information check: https://developer.mozilla.org/en-US/docs/Web/HTTP/Status/403",2026-07-18T20:34:20.436762
liberation,bpt6k41575662,,failed,0,0,,http_manifest,known,403,manifest,"Client error '403 ' for url 'https://openapiproext.bnf.fr/iiif/presentation/v3/ark:/12148/bpt6k41575662/manifest.json'
For more information check: https://developer.mozilla.org/en-US/docs/Web/HTTP/Status/403",2026-07-18T20:34:21.640538
liberation,bpt6k4157567g,,failed,0,0,,http_manifest,known,403,manifest,"Client error '403 ' for url 'https://openapiproext.bnf.fr/iiif/presentation/v3/ark:/12148/bpt6k4157567g/manifest.json'
For more information check: https://developer.mozilla.org/en-US/docs/Web/HTTP/Status/403",2026-07-18T20:34:22.842956
liberation,bpt6k4157568w,,failed,0,0,,http_manifest,known,403,manifest,"Client error '403 ' for url 'https://openapiproext.bnf.fr/iiif/presentation/v3/ark:/12148/bpt6k4157568w/manifest.json'
For more information check: https://developer.mozilla.org/en-US/docs/Web/HTTP/Status/403",2026-07-18T20:34:24.072373
liberation,bpt6k41575699,,failed,0,0,,http_manifest,known,403,manifest,"Client error '403 ' for url 'https://openapiproext.bnf.fr/iiif/presentation/v3/ark:/12148/bpt6k41575699/manifest.json'
For more information check: https://developer.mozilla.org/en-US/docs/Web/HTTP/Status/403",2026-07-18T20:34:25.302772
liberation,bpt6k4157570z,,failed,0,0,,http_manifest,known,403,manifest,"Client error '403 ' for url 'https://openapiproext.bnf.fr/iiif/presentation/v3/ark:/12148/bpt6k4157570z/manifest.json'
For more information check: https://developer.mozilla.org/en-US/docs/Web/HTTP/Status/403",2026-07-18T20:34:26.445003
liberation,bpt6k4157571c,,failed,0,0,,http_manifest,known,403,manifest,"Client error '403 ' for url 'https://openapiproext.bnf.fr/iiif/presentation/v3/ark:/12148/bpt6k4157571c/manifest.json'
For more information check: https://developer.mozilla.org/en-US/docs/Web/HTTP/Status/403",2026-07-18T20:34:27.646636
liberation,bpt6k4157572s,,failed,0,0,,http_manifest,known,403,manifest,"Client error '403 ' for url 'https://openapiproext.bnf.fr/iiif/presentation/v3/ark:/12148/bpt6k4157572s/manifest.json'
For more information check: https://developer.mozilla.org/en-US/docs/Web/HTTP/Status/403",2026-07-18T20:34:28.850577
liberation,bpt6k41575736,,failed,0,0,,http_manifest,known,403,manifest,"Client error '403 ' for url 'https://openapiproext.bnf.fr/iiif/presentation/v3/ark:/12148/bpt6k41575736/manifest.json'
For more information check: https://developer.mozilla.org/en-US/docs/Web/HTTP/Status/403",2026-07-18T20:34:30.046009
liberation,bpt6k4157574m,,failed,0,0,,http_manifest,known,403,manifest,"Client error '403 ' for url 'https://openapiproext.bnf.fr/iiif/presentation/v3/ark:/12148/bpt6k4157574m/manifest.json'
For more information check: https://developer.mozilla.org/en-US/docs/Web/HTTP/Status/403",2026-07-18T20:34:31.271124
liberation,bpt6k41575751,,failed,0,0,,http_manifest,known,403,manifest,"Client error '403 ' for url 'https://openapiproext.bnf.fr/iiif/presentation/v3/ark:/12148/bpt6k41575751/manifest.json'
For more information check: https://developer.mozilla.org/en-US/docs/Web/HTTP/Status/403",2026-07-18T20:34:32.446188
liberation,bpt6k4157576f,,failed,0,0,,http_manifest,known,403,manifest,"Client error '403 ' for url 'https://openapiproext.bnf.fr/iiif/presentation/v3/ark:/12148/bpt6k4157576f/manifest.json'
For more information check: https://developer.mozilla.org/en-US/docs/Web/HTTP/Status/403",2026-07-18T20:34:33.652011
liberation,bpt6k4157577v,,failed,0,0,,http_manifest,known,403,manifest,"Client error '403 ' for url 'https://openapiproext.bnf.fr/iiif/presentation/v3/ark:/12148/bpt6k4157577v/manifest.json'
For more information check: https://developer.mozilla.org/en-US/docs/Web/HTTP/Status/403",2026-07-18T20:34:34.849558
liberation,bpt6k41575788,,failed,0,0,,http_manifest,known,403,manifest,"Client error '403 ' for url 'https://openapiproext.bnf.fr/iiif/presentation/v3/ark:/12148/bpt6k41575788/manifest.json'
For more information check: https://developer.mozilla.org/en-US/docs/Web/HTTP/Status/403",2026-07-18T20:34:36.057070
liberation,bpt6k4157579p,,failed,0,0,,http_manifest,known,403,manifest,"Client error '403 ' for url 'https://openapiproext.bnf.fr/iiif/presentation/v3/ark:/12148/bpt6k4157579p/manifest.json'
For more information check: https://developer.mozilla.org/en-US/docs/Web/HTTP/Status/403",2026-07-18T20:34:37.255232
liberation,bpt6k4157580b,,failed,0,0,,http_manifest,known,403,manifest,"Client error '403 ' for url 'https://openapiproext.bnf.fr/iiif/presentation/v3/ark:/12148/bpt6k4157580b/manifest.json'
For more information check: https://developer.mozilla.org/en-US/docs/Web/HTTP/Status/403",2026-07-18T20:34:38.455954
liberation,bpt6k4157581r,,failed,0,0,,http_manifest,known,403,manifest,"Client error '403 ' for url 'https://openapiproext.bnf.fr/iiif/presentation/v3/ark:/12148/bpt6k4157581r/manifest.json'
For more information check: https://developer.mozilla.org/en-US/docs/Web/HTTP/Status/403",2026-07-18T20:34:39.653145
liberation,bpt6k41575825,,failed,0,0,,http_manifest,known,403,manifest,"Client error '403 ' for url 'https://openapiproext.bnf.fr/iiif/presentation/v3/ark:/12148/bpt6k41575825/manifest.json'
For more information check: https://developer.mozilla.org/en-US/docs/Web/HTTP/Status/403",2026-07-18T20:34:40.854334
liberation,bpt6k4157583k,,failed,0,0,,http_manifest,known,403,manifest,"Client error '403 ' for url 'https://openapiproext.bnf.fr/iiif/presentation/v3/ark:/12148/bpt6k4157583k/manifest.json'
For more information check: https://developer.mozilla.org/en-US/docs/Web/HTTP/Status/403",2026-07-18T20:34:42.056643
liberation,bpt6k41575840,,failed,0,0,,http_manifest,known,403,manifest,"Client error '403 ' for url 'https://openapiproext.bnf.fr/iiif/presentation/v3/ark:/12148/bpt6k41575840/manifest.json'
For more information check: https://developer.mozilla.org/en-US/docs/Web/HTTP/Status/403",2026-07-18T20:34:43.284267
liberation,bpt6k4157585d,,failed,0,0,,http_manifest,known,403,manifest,"Client error '403 ' for url 'https://openapiproext.bnf.fr/iiif/presentation/v3/ark:/12148/bpt6k4157585d/manifest.json'
For more information check: https://developer.mozilla.org/en-US/docs/Web/HTTP/Status/403",2026-07-18T20:34:44.459143
liberation,bpt6k4157586t,,failed,0,0,,http_manifest,known,403,manifest,"Client error '403 ' for url 'https://openapiproext.bnf.fr/iiif/presentation/v3/ark:/12148/bpt6k4157586t/manifest.json'
For more information check: https://developer.mozilla.org/en-US/docs/Web/HTTP/Status/403",2026-07-18T20:34:45.659877
liberation,bpt6k41575877,,failed,0,0,,http_manifest,known,403,manifest,"Client error '403 ' for url 'https://openapiproext.bnf.fr/iiif/presentation/v3/ark:/12148/bpt6k41575877/manifest.json'
For more information check: https://developer.mozilla.org/en-US/docs/Web/HTTP/Status/403",2026-07-18T20:34:46.861001
liberation,bpt6k4157588n,,failed,0,0,,http_manifest,known,403,manifest,"Client error '403 ' for url 'https://openapiproext.bnf.fr/iiif/presentation/v3/ark:/12148/bpt6k4157588n/manifest.json'
For more information check: https://developer.mozilla.org/en-US/docs/Web/HTTP/Status/403",2026-07-18T20:34:48.066413
liberation,bpt6k41575892,,failed,0,0,,http_manifest,known,403,manifest,"Client error '403 ' for url 'https://openapiproext.bnf.fr/iiif/presentation/v3/ark:/12148/bpt6k41575892/manifest.json'
For more information check: https://developer.mozilla.org/en-US/docs/Web/HTTP/Status/403",2026-07-18T20:34:49.268465
liberation,bpt6k4157590q,,failed,0,0,,http_manifest,known,403,manifest,"Client error '403 ' for url 'https://openapiproext.bnf.fr/iiif/presentation/v3/ark:/12148/bpt6k4157590q/manifest.json'
For more information check: https://developer.mozilla.org/en-US/docs/Web/HTTP/Status/403",2026-07-18T20:34:50.464971
liberation,bpt6k41575914,,failed,0,0,,http_manifest,known,403,manifest,"Client error '403 ' for url 'https://openapiproext.bnf.fr/iiif/presentation/v3/ark:/12148/bpt6k41575914/manifest.json'
For more information check: https://developer.mozilla.org/en-US/docs/Web/HTTP/Status/403",2026-07-18T20:34:51.673628
liberation,bpt6k4157592j,,failed,0,0,,http_manifest,known,403,manifest,"Client error '403 ' for url 'https://openapiproext.bnf.fr/iiif/presentation/v3/ark:/12148/bpt6k4157592j/manifest.json'
For more information check: https://developer.mozilla.org/en-US/docs/Web/HTTP/Status/403",2026-07-18T20:34:52.868769
liberation,bpt6k4157593z,,failed,0,0,,http_manifest,known,403,manifest,"Client error '403 ' for url 'https://openapiproext.bnf.fr/iiif/presentation/v3/ark:/12148/bpt6k4157593z/manifest.json'
For more information check: https://developer.mozilla.org/en-US/docs/Web/HTTP/Status/403",2026-07-18T20:34:54.069750
liberation,bpt6k4157594c,,failed,0,0,,http_manifest,known,403,manifest,"Client error '403 ' for url 'https://openapiproext.bnf.fr/iiif/presentation/v3/ark:/12148/bpt6k4157594c/manifest.json'
For more information check: https://developer.mozilla.org/en-US/docs/Web/HTTP/Status/403",2026-07-18T20:34:55.300052
liberation,bpt6k4157595s,,failed,0,0,,http_manifest,known,403,manifest,"Client error '403 ' for url 'https://openapiproext.bnf.fr/iiif/presentation/v3/ark:/12148/bpt6k4157595s/manifest.json'
For more information check: https://developer.mozilla.org/en-US/docs/Web/HTTP/Status/403",2026-07-18T20:34:56.479082
liberation,bpt6k41575966,,failed,0,0,,http_manifest,known,403,manifest,"Client error '403 ' for url 'https://openapiproext.bnf.fr/iiif/presentation/v3/ark:/12148/bpt6k41575966/manifest.json'
For more information check: https://developer.mozilla.org/en-US/docs/Web/HTTP/Status/403",2026-07-18T20:34:57.673862
liberation,bpt6k4157597m,,failed,0,0,,http_manifest,known,403,manifest,"Client error '403 ' for url 'https://openapiproext.bnf.fr/iiif/presentation/v3/ark:/12148/bpt6k4157597m/manifest.json'
For more information check: https://developer.mozilla.org/en-US/docs/Web/HTTP/Status/403",2026-07-18T20:34:58.874501
liberation,bpt6k41575981,,failed,0,0,,http_manifest,known,403,manifest,"Client error '403 ' for url 'https://openapiproext.bnf.fr/iiif/presentation/v3/ark:/12148/bpt6k41575981/manifest.json'
For more information check: https://developer.mozilla.org/en-US/docs/Web/HTTP/Status/403",2026-07-18T20:35:00.077708
liberation,bpt6k4157599f,,failed,0,0,,http_manifest,known,403,manifest,"Client error '403 ' for url 'https://openapiproext.bnf.fr/iiif/presentation/v3/ark:/12148/bpt6k4157599f/manifest.json'
For more information check: https://developer.mozilla.org/en-US/docs/Web/HTTP/Status/403",2026-07-18T20:35:01.298890
liberation,bpt6k4157600n,,failed,0,0,,http_manifest,known,403,manifest,"Client error '403 ' for url 'https://openapiproext.bnf.fr/iiif/presentation/v3/ark:/12148/bpt6k4157600n/manifest.json'
For more information check: https://developer.mozilla.org/en-US/docs/Web/HTTP/Status/403",2026-07-18T20:35:02.475560
liberation,bpt6k41576012,,failed,0,0,,http_manifest,known,403,manifest,"Client error '403 ' for url 'https://openapiproext.bnf.fr/iiif/presentation/v3/ark:/12148/bpt6k41576012/manifest.json'
For more information check: https://developer.mozilla.org/en-US/docs/Web/HTTP/Status/403",2026-07-18T20:35:03.678445
liberation,bpt6k4157602g,,failed,0,0,,http_manifest,known,403,manifest,"Client error '403 ' for url 'https://openapiproext.bnf.fr/iiif/presentation/v3/ark:/12148/bpt6k4157602g/manifest.json'
For more information check: https://developer.mozilla.org/en-US/docs/Web/HTTP/Status/403",2026-07-18T20:35:04.878025
liberation,bpt6k4157603w,,failed,0,0,,http_manifest,known,403,manifest,"Client error '403 ' for url 'https://openapiproext.bnf.fr/iiif/presentation/v3/ark:/12148/bpt6k4157603w/manifest.json'
For more information check: https://developer.mozilla.org/en-US/docs/Web/HTTP/Status/403",2026-07-18T20:35:06.082063
liberation,bpt6k41576049,,failed,0,0,,http_manifest,known,403,manifest,"Client error '403 ' for url 'https://openapiproext.bnf.fr/iiif/presentation/v3/ark:/12148/bpt6k41576049/manifest.json'
For more information check: https://developer.mozilla.org/en-US/docs/Web/HTTP/Status/403",2026-07-18T20:35:07.491203
liberation,bpt6k4157605q,,failed,0,0,,http_manifest,known,403,manifest,"Client error '403 ' for url 'https://openapiproext.bnf.fr/iiif/presentation/v3/ark:/12148/bpt6k4157605q/manifest.json'
For more information check: https://developer.mozilla.org/en-US/docs/Web/HTTP/Status/403",2026-07-18T20:35:08.679288
liberation,bpt6k41576064,,failed,0,0,,http_manifest,known,403,manifest,"Client error '403 ' for url 'https://openapiproext.bnf.fr/iiif/presentation/v3/ark:/12148/bpt6k41576064/manifest.json'
For more information check: https://developer.mozilla.org/en-US/docs/Web/HTTP/Status/403",2026-07-18T20:35:09.806479
liberation,bpt6k4157607j,,failed,0,0,,http_manifest,known,403,manifest,"Client error '403 ' for url 'https://openapiproext.bnf.fr/iiif/presentation/v3/ark:/12148/bpt6k4157607j/manifest.json'
For more information check: https://developer.mozilla.org/en-US/docs/Web/HTTP/Status/403",2026-07-18T20:35:10.945368
liberation,bpt6k4157608z,,failed,0,0,,http_manifest,known,403,manifest,"Client error '403 ' for url 'https://openapiproext.bnf.fr/iiif/presentation/v3/ark:/12148/bpt6k4157608z/manifest.json'
For more information check: https://developer.mozilla.org/en-US/docs/Web/HTTP/Status/403",2026-07-18T20:35:12.105722
liberation,bpt6k4157609c,,failed,0,0,,http_manifest,known,403,manifest,"Client error '403 ' for url 'https://openapiproext.bnf.fr/iiif/presentation/v3/ark:/12148/bpt6k4157609c/manifest.json'
For more information check: https://developer.mozilla.org/en-US/docs/Web/HTTP/Status/403",2026-07-18T20:35:13.437432
liberation,bpt6k41576101,,failed,0,0,,http_manifest,known,403,manifest,"Client error '403 ' for url 'https://openapiproext.bnf.fr/iiif/presentation/v3/ark:/12148/bpt6k41576101/manifest.json'
For more information check: https://developer.mozilla.org/en-US/docs/Web/HTTP/Status/403",2026-07-18T20:35:14.545387
liberation,bpt6k4157611f,,failed,0,0,,http_manifest,known,403,manifest,"Client error '403 ' for url 'https://openapiproext.bnf.fr/iiif/presentation/v3/ark:/12148/bpt6k4157611f/manifest.json'
For more information check: https://developer.mozilla.org/en-US/docs/Web/HTTP/Status/403",2026-07-18T20:35:15.695869
liberation,bpt6k4157612v,,failed,0,0,,http_manifest,known,403,manifest,"Client error '403 ' for url 'https://openapiproext.bnf.fr/iiif/presentation/v3/ark:/12148/bpt6k4157612v/manifest.json'
For more information check: https://developer.mozilla.org/en-US/docs/Web/HTTP/Status/403",2026-07-18T20:35:16.897133
liberation,bpt6k41576138,,failed,0,0,,http_manifest,known,403,manifest,"Client error '403 ' for url 'https://openapiproext.bnf.fr/iiif/presentation/v3/ark:/12148/bpt6k41576138/manifest.json'
For more information check: https://developer.mozilla.org/en-US/docs/Web/HTTP/Status/403",2026-07-18T20:35:18.096017
liberation,bpt6k4157614p,,failed,0,0,,http_manifest,known,403,manifest,"Client error '403 ' for url 'https://openapiproext.bnf.fr/iiif/presentation/v3/ark:/12148/bpt6k4157614p/manifest.json'
For more information check: https://developer.mozilla.org/en-US/docs/Web/HTTP/Status/403",2026-07-18T20:35:19.321114
liberation,bpt6k41576153,,failed,0,0,,http_manifest,known,403,manifest,"Client error '403 ' for url 'https://openapiproext.bnf.fr/iiif/presentation/v3/ark:/12148/bpt6k41576153/manifest.json'
For more information check: https://developer.mozilla.org/en-US/docs/Web/HTTP/Status/403",2026-07-18T20:35:20.619801
liberation,bpt6k4157616h,,failed,0,0,,http_manifest,known,403,manifest,"Client error '403 ' for url 'https://openapiproext.bnf.fr/iiif/presentation/v3/ark:/12148/bpt6k4157616h/manifest.json'
For more information check: https://developer.mozilla.org/en-US/docs/Web/HTTP/Status/403",2026-07-18T20:35:21.698141
liberation,bpt6k4157617x,,failed,0,0,,http_manifest,known,403,manifest,"Client error '403 ' for url 'https://openapiproext.bnf.fr/iiif/presentation/v3/ark:/12148/bpt6k4157617x/manifest.json'
For more information check: https://developer.mozilla.org/en-US/docs/Web/HTTP/Status/403",2026-07-18T20:35:22.900109
liberation,bpt6k4157618b,,failed,0,0,,http_manifest,known,403,manifest,"Client error '403 ' for url 'https://openapiproext.bnf.fr/iiif/presentation/v3/ark:/12148/bpt6k4157618b/manifest.json'
For more information check: https://developer.mozilla.org/en-US/docs/Web/HTTP/Status/403",2026-07-18T20:35:24.168520
liberation,bpt6k4157619r,,failed,0,0,,http_manifest,known,403,manifest,"Client error '403 ' for url 'https://openapiproext.bnf.fr/iiif/presentation/v3/ark:/12148/bpt6k4157619r/manifest.json'
For more information check: https://developer.mozilla.org/en-US/docs/Web/HTTP/Status/403",2026-07-18T20:35:25.376622
liberation,bpt6k4157620d,,failed,0,0,,http_manifest,known,403,manifest,"Client error '403 ' for url 'https://openapiproext.bnf.fr/iiif/presentation/v3/ark:/12148/bpt6k4157620d/manifest.json'
For more information check: https://developer.mozilla.org/en-US/docs/Web/HTTP/Status/403",2026-07-18T20:35:26.504158
liberation,bpt6k4157621t,,failed,0,0,,http_manifest,known,403,manifest,"Client error '403 ' for url 'https://openapiproext.bnf.fr/iiif/presentation/v3/ark:/12148/bpt6k4157621t/manifest.json'
For more information check: https://developer.mozilla.org/en-US/docs/Web/HTTP/Status/403",2026-07-18T20:35:27.703219
liberation,bpt6k41576227,,failed,0,0,,http_manifest,known,403,manifest,"Client error '403 ' for url 'https://openapiproext.bnf.fr/iiif/presentation/v3/ark:/12148/bpt6k41576227/manifest.json'
For more information check: https://developer.mozilla.org/en-US/docs/Web/HTTP/Status/403",2026-07-18T20:35:28.906955
liberation,bpt6k4157623n,,failed,0,0,,http_manifest,known,403,manifest,"Client error '403 ' for url 'https://openapiproext.bnf.fr/iiif/presentation/v3/ark:/12148/bpt6k4157623n/manifest.json'
For more information check: https://developer.mozilla.org/en-US/docs/Web/HTTP/Status/403",2026-07-18T20:35:30.103981
liberation,bpt6k41576242,,failed,0,0,,http_manifest,known,403,manifest,"Client error '403 ' for url 'https://openapiproext.bnf.fr/iiif/presentation/v3/ark:/12148/bpt6k41576242/manifest.json'
For more information check: https://developer.mozilla.org/en-US/docs/Web/HTTP/Status/403",2026-07-18T20:35:31.318010
liberation,bpt6k4157625g,,failed,0,0,,http_manifest,known,403,manifest,"Client error '403 ' for url 'https://openapiproext.bnf.fr/iiif/presentation/v3/ark:/12148/bpt6k4157625g/manifest.json'
For more information check: https://developer.mozilla.org/en-US/docs/Web/HTTP/Status/403",2026-07-18T20:35:32.506123
liberation,bpt6k4157626w,,failed,0,0,,http_manifest,known,403,manifest,"Client error '403 ' for url 'https://openapiproext.bnf.fr/iiif/presentation/v3/ark:/12148/bpt6k4157626w/manifest.json'
For more information check: https://developer.mozilla.org/en-US/docs/Web/HTTP/Status/403",2026-07-18T20:35:33.706135
liberation,bpt6k41576279,,failed,0,0,,http_manifest,known,403,manifest,"Client error '403 ' for url 'https://openapiproext.bnf.fr/iiif/presentation/v3/ark:/12148/bpt6k41576279/manifest.json'
For more information check: https://developer.mozilla.org/en-US/docs/Web/HTTP/Status/403",2026-07-18T20:35:34.909453
liberation,bpt6k4157628q,,failed,0,0,,http_manifest,known,403,manifest,"Client error '403 ' for url 'https://openapiproext.bnf.fr/iiif/presentation/v3/ark:/12148/bpt6k4157628q/manifest.json'
For more information check: https://developer.mozilla.org/en-US/docs/Web/HTTP/Status/403",2026-07-18T20:35:36.141239
liberation,bpt6k41576294,,failed,0,0,,http_manifest,known,403,manifest,"Client error '403 ' for url 'https://openapiproext.bnf.fr/iiif/presentation/v3/ark:/12148/bpt6k41576294/manifest.json'
For more information check: https://developer.mozilla.org/en-US/docs/Web/HTTP/Status/403",2026-07-18T20:35:37.324996
liberation,bpt6k4157630s,,failed,0,0,,http_manifest,known,403,manifest,"Client error '403 ' for url 'https://openapiproext.bnf.fr/iiif/presentation/v3/ark:/12148/bpt6k4157630s/manifest.json'
For more information check: https://developer.mozilla.org/en-US/docs/Web/HTTP/Status/403",2026-07-18T20:35:38.515689
liberation,bpt6k41576316,,failed,0,0,,http_manifest,known,403,manifest,"Client error '403 ' for url 'https://openapiproext.bnf.fr/iiif/presentation/v3/ark:/12148/bpt6k41576316/manifest.json'
For more information check: https://developer.mozilla.org/en-US/docs/Web/HTTP/Status/403",2026-07-18T20:35:39.717643
liberation,bpt6k4157632m,,failed,0,0,,http_manifest,known,403,manifest,"Client error '403 ' for url 'https://openapiproext.bnf.fr/iiif/presentation/v3/ark:/12148/bpt6k4157632m/manifest.json'
For more information check: https://developer.mozilla.org/en-US/docs/Web/HTTP/Status/403",2026-07-18T20:35:40.918228
liberation,bpt6k41576331,,failed,0,0,,http_manifest,known,403,manifest,"Client error '403 ' for url 'https://openapiproext.bnf.fr/iiif/presentation/v3/ark:/12148/bpt6k41576331/manifest.json'
For more information check: https://developer.mozilla.org/en-US/docs/Web/HTTP/Status/403",2026-07-18T20:35:42.128678
liberation,bpt6k4157634f,,failed,0,0,,http_manifest,known,403,manifest,"Client error '403 ' for url 'https://openapiproext.bnf.fr/iiif/presentation/v3/ark:/12148/bpt6k4157634f/manifest.json'
For more information check: https://developer.mozilla.org/en-US/docs/Web/HTTP/Status/403",2026-07-18T20:35:43.321840
liberation,bpt6k4157635v,,failed,0,0,,http_manifest,known,403,manifest,"Client error '403 ' for url 'https://openapiproext.bnf.fr/iiif/presentation/v3/ark:/12148/bpt6k4157635v/manifest.json'
For more information check: https://developer.mozilla.org/en-US/docs/Web/HTTP/Status/403",2026-07-18T20:35:44.520166
liberation,bpt6k41576368,,failed,0,0,,http_manifest,known,403,manifest,"Client error '403 ' for url 'https://openapiproext.bnf.fr/iiif/presentation/v3/ark:/12148/bpt6k41576368/manifest.json'
For more information check: https://developer.mozilla.org/en-US/docs/Web/HTTP/Status/403",2026-07-18T20:35:45.723663
liberation,bpt6k4157637p,,failed,0,0,,http_manifest,known,403,manifest,"Client error '403 ' for url 'https://openapiproext.bnf.fr/iiif/presentation/v3/ark:/12148/bpt6k4157637p/manifest.json'
For more information check: https://developer.mozilla.org/en-US/docs/Web/HTTP/Status/403",2026-07-18T20:35:46.926322
liberation,bpt6k41576383,,failed,0,0,,http_manifest,known,403,manifest,"Client error '403 ' for url 'https://openapiproext.bnf.fr/iiif/presentation/v3/ark:/12148/bpt6k41576383/manifest.json'
For more information check: https://developer.mozilla.org/en-US/docs/Web/HTTP/Status/403",2026-07-18T20:35:48.124534
liberation,bpt6k4157639h,,failed,0,0,,http_manifest,known,403,manifest,"Client error '403 ' for url 'https://openapiproext.bnf.fr/iiif/presentation/v3/ark:/12148/bpt6k4157639h/manifest.json'
For more information check: https://developer.mozilla.org/en-US/docs/Web/HTTP/Status/403",2026-07-18T20:35:49.348748
liberation,bpt6k41576405,,failed,0,0,,http_manifest,known,403,manifest,"Client error '403 ' for url 'https://openapiproext.bnf.fr/iiif/presentation/v3/ark:/12148/bpt6k41576405/manifest.json'
For more information check: https://developer.mozilla.org/en-US/docs/Web/HTTP/Status/403",2026-07-18T20:35:50.529830
liberation,bpt6k4157641k,,failed,0,0,,http_manifest,known,403,manifest,"Client error '403 ' for url 'https://openapiproext.bnf.fr/iiif/presentation/v3/ark:/12148/bpt6k4157641k/manifest.json'
For more information check: https://developer.mozilla.org/en-US/docs/Web/HTTP/Status/403",2026-07-18T20:35:51.731553
liberation,bpt6k41576420,,failed,0,0,,http_manifest,known,403,manifest,"Client error '403 ' for url 'https://openapiproext.bnf.fr/iiif/presentation/v3/ark:/12148/bpt6k41576420/manifest.json'
For more information check: https://developer.mozilla.org/en-US/docs/Web/HTTP/Status/403",2026-07-18T20:35:52.931976
liberation,bpt6k4157643d,,failed,0,0,,http_manifest,known,403,manifest,"Client error '403 ' for url 'https://openapiproext.bnf.fr/iiif/presentation/v3/ark:/12148/bpt6k4157643d/manifest.json'
For more information check: https://developer.mozilla.org/en-US/docs/Web/HTTP/Status/403",2026-07-18T20:35:54.144088
liberation,bpt6k4157644t,,failed,0,0,,http_manifest,known,403,manifest,"Client error '403 ' for url 'https://openapiproext.bnf.fr/iiif/presentation/v3/ark:/12148/bpt6k4157644t/manifest.json'
For more information check: https://developer.mozilla.org/en-US/docs/Web/HTTP/Status/403",2026-07-18T20:35:55.355793
liberation,bpt6k41576457,,failed,0,0,,http_manifest,known,403,manifest,"Client error '403 ' for url 'https://openapiproext.bnf.fr/iiif/presentation/v3/ark:/12148/bpt6k41576457/manifest.json'
For more information check: https://developer.mozilla.org/en-US/docs/Web/HTTP/Status/403",2026-07-18T20:35:56.536724
liberation,bpt6k4157646n,,failed,0,0,,http_manifest,known,403,manifest,"Client error '403 ' for url 'https://openapiproext.bnf.fr/iiif/presentation/v3/ark:/12148/bpt6k4157646n/manifest.json'
For more information check: https://developer.mozilla.org/en-US/docs/Web/HTTP/Status/403",2026-07-18T20:35:57.735886
liberation,bpt6k41576472,,failed,0,0,,http_manifest,known,403,manifest,"Client error '403 ' for url 'https://openapiproext.bnf.fr/iiif/presentation/v3/ark:/12148/bpt6k41576472/manifest.json'
For more information check: https://developer.mozilla.org/en-US/docs/Web/HTTP/Status/403",2026-07-18T20:35:58.949220
liberation,bpt6k4157648g,,failed,0,0,,http_manifest,known,403,manifest,"Client error '403 ' for url 'https://openapiproext.bnf.fr/iiif/presentation/v3/ark:/12148/bpt6k4157648g/manifest.json'
For more information check: https://developer.mozilla.org/en-US/docs/Web/HTTP/Status/403",2026-07-18T20:36:00.144395
liberation,bpt6k4157649w,,failed,0,0,,http_manifest,known,403,manifest,"Client error '403 ' for url 'https://openapiproext.bnf.fr/iiif/presentation/v3/ark:/12148/bpt6k4157649w/manifest.json'
For more information check: https://developer.mozilla.org/en-US/docs/Web/HTTP/Status/403",2026-07-18T20:36:01.383890
liberation,bpt6k4157650j,,failed,0,0,,http_manifest,known,403,manifest,"Client error '403 ' for url 'https://openapiproext.bnf.fr/iiif/presentation/v3/ark:/12148/bpt6k4157650j/manifest.json'
For more information check: https://developer.mozilla.org/en-US/docs/Web/HTTP/Status/403",2026-07-18T20:36:02.544629
liberation,bpt6k4157651z,,failed,0,0,,http_manifest,known,403,manifest,"Client error '403 ' for url 'https://openapiproext.bnf.fr/iiif/presentation/v3/ark:/12148/bpt6k4157651z/manifest.json'
For more information check: https://developer.mozilla.org/en-US/docs/Web/HTTP/Status/403",2026-07-18T20:36:03.754852
liberation,bpt6k4157652c,,failed,0,0,,http_manifest,known,403,manifest,"Client error '403 ' for url 'https://openapiproext.bnf.fr/iiif/presentation/v3/ark:/12148/bpt6k4157652c/manifest.json'
For more information check: https://developer.mozilla.org/en-US/docs/Web/HTTP/Status/403",2026-07-18T20:36:04.949094
liberation,bpt6k4157653s,,failed,0,0,,http_manifest,known,403,manifest,"Client error '403 ' for url 'https://openapiproext.bnf.fr/iiif/presentation/v3/ark:/12148/bpt6k4157653s/manifest.json'
For more information check: https://developer.mozilla.org/en-US/docs/Web/HTTP/Status/403",2026-07-18T20:36:06.148190
liberation,bpt6k41576546,,failed,0,0,,http_manifest,known,403,manifest,"Client error '403 ' for url 'https://openapiproext.bnf.fr/iiif/presentation/v3/ark:/12148/bpt6k41576546/manifest.json'
For more information check: https://developer.mozilla.org/en-US/docs/Web/HTTP/Status/403",2026-07-18T20:36:07.371238
liberation,bpt6k4157655m,,failed,0,0,,http_manifest,known,403,manifest,"Client error '403 ' for url 'https://openapiproext.bnf.fr/iiif/presentation/v3/ark:/12148/bpt6k4157655m/manifest.json'
For more information check: https://developer.mozilla.org/en-US/docs/Web/HTTP/Status/403",2026-07-18T20:36:08.550207
liberation,bpt6k41576561,,failed,0,0,,http_manifest,known,403,manifest,"Client error '403 ' for url 'https://openapiproext.bnf.fr/iiif/presentation/v3/ark:/12148/bpt6k41576561/manifest.json'
For more information check: https://developer.mozilla.org/en-US/docs/Web/HTTP/Status/403",2026-07-18T20:36:09.754385
liberation,bpt6k4157657f,,failed,0,0,,http_manifest,known,403,manifest,"Client error '403 ' for url 'https://openapiproext.bnf.fr/iiif/presentation/v3/ark:/12148/bpt6k4157657f/manifest.json'
For more information check: https://developer.mozilla.org/en-US/docs/Web/HTTP/Status/403",2026-07-18T20:36:10.957212
liberation,bpt6k4157658v,,failed,0,0,,http_manifest,known,403,manifest,"Client error '403 ' for url 'https://openapiproext.bnf.fr/iiif/presentation/v3/ark:/12148/bpt6k4157658v/manifest.json'
For more information check: https://developer.mozilla.org/en-US/docs/Web/HTTP/Status/403",2026-07-18T20:36:12.267417
liberation,bpt6k41576598,,failed,0,0,,http_manifest,known,403,manifest,"Client error '403 ' for url 'https://openapiproext.bnf.fr/iiif/presentation/v3/ark:/12148/bpt6k41576598/manifest.json'
For more information check: https://developer.mozilla.org/en-US/docs/Web/HTTP/Status/403",2026-07-18T20:36:13.358698
liberation,bpt6k4157660x,,failed,0,0,,http_manifest,known,403,manifest,"Client error '403 ' for url 'https://openapiproext.bnf.fr/iiif/presentation/v3/ark:/12148/bpt6k4157660x/manifest.json'
For more information check: https://developer.mozilla.org/en-US/docs/Web/HTTP/Status/403",2026-07-18T20:36:14.575797
liberation,bpt6k4157661b,,failed,0,0,,http_manifest,known,403,manifest,"Client error '403 ' for url 'https://openapiproext.bnf.fr/iiif/presentation/v3/ark:/12148/bpt6k4157661b/manifest.json'
For more information check: https://developer.mozilla.org/en-US/docs/Web/HTTP/Status/403",2026-07-18T20:36:15.773153
liberation,bpt6k4157662r,,failed,0,0,,http_manifest,known,403,manifest,"Client error '403 ' for url 'https://openapiproext.bnf.fr/iiif/presentation/v3/ark:/12148/bpt6k4157662r/manifest.json'
For more information check: https://developer.mozilla.org/en-US/docs/Web/HTTP/Status/403",2026-07-18T20:36:17.028162
liberation,bpt6k41576635,,failed,0,0,,http_manifest,known,403,manifest,"Client error '403 ' for url 'https://openapiproext.bnf.fr/iiif/presentation/v3/ark:/12148/bpt6k41576635/manifest.json'
For more information check: https://developer.mozilla.org/en-US/docs/Web/HTTP/Status/403",2026-07-18T20:36:18.261118
liberation,bpt6k4157664k,,failed,0,0,,http_manifest,known,403,manifest,"Client error '403 ' for url 'https://openapiproext.bnf.fr/iiif/presentation/v3/ark:/12148/bpt6k4157664k/manifest.json'
For more information check: https://developer.mozilla.org/en-US/docs/Web/HTTP/Status/403",2026-07-18T20:36:19.415544
liberation,bpt6k41576650,,failed,0,0,,http_manifest,known,403,manifest,"Client error '403 ' for url 'https://openapiproext.bnf.fr/iiif/presentation/v3/ark:/12148/bpt6k41576650/manifest.json'
For more information check: https://developer.mozilla.org/en-US/docs/Web/HTTP/Status/403",2026-07-18T20:36:20.579360
liberation,bpt6k4157666d,,failed,0,0,,http_manifest,known,403,manifest,"Client error '403 ' for url 'https://openapiproext.bnf.fr/iiif/presentation/v3/ark:/12148/bpt6k4157666d/manifest.json'
For more information check: https://developer.mozilla.org/en-US/docs/Web/HTTP/Status/403",2026-07-18T20:36:21.899362
liberation,bpt6k4157667t,,failed,0,0,,http_manifest,known,403,manifest,"Client error '403 ' for url 'https://openapiproext.bnf.fr/iiif/presentation/v3/ark:/12148/bpt6k4157667t/manifest.json'
For more information check: https://developer.mozilla.org/en-US/docs/Web/HTTP/Status/403",2026-07-18T20:36:22.981973
liberation,bpt6k41576687,,failed,0,0,,http_manifest,known,403,manifest,"Client error '403 ' for url 'https://openapiproext.bnf.fr/iiif/presentation/v3/ark:/12148/bpt6k41576687/manifest.json'
For more information check: https://developer.mozilla.org/en-US/docs/Web/HTTP/Status/403",2026-07-18T20:36:24.166116
liberation,bpt6k4157669n,,failed,0,0,,http_manifest,known,403,manifest,"Client error '403 ' for url 'https://openapiproext.bnf.fr/iiif/presentation/v3/ark:/12148/bpt6k4157669n/manifest.json'
For more information check: https://developer.mozilla.org/en-US/docs/Web/HTTP/Status/403",2026-07-18T20:36:25.368007
liberation,bpt6k41576709,,failed,0,0,,http_manifest,known,403,manifest,"Client error '403 ' for url 'https://openapiproext.bnf.fr/iiif/presentation/v3/ark:/12148/bpt6k41576709/manifest.json'
For more information check: https://developer.mozilla.org/en-US/docs/Web/HTTP/Status/403",2026-07-18T20:36:26.701776
liberation,bpt6k4157671q,,failed,0,0,,http_manifest,known,403,manifest,"Client error '403 ' for url 'https://openapiproext.bnf.fr/iiif/presentation/v3/ark:/12148/bpt6k4157671q/manifest.json'
For more information check: https://developer.mozilla.org/en-US/docs/Web/HTTP/Status/403",2026-07-18T20:36:27.774395
liberation,bpt6k41576724,,failed,0,0,,http_manifest,known,403,manifest,"Client error '403 ' for url 'https://openapiproext.bnf.fr/iiif/presentation/v3/ark:/12148/bpt6k41576724/manifest.json'
For more information check: https://developer.mozilla.org/en-US/docs/Web/HTTP/Status/403",2026-07-18T20:36:28.975970
liberation,bpt6k4157673j,,failed,0,0,,http_manifest,known,403,manifest,"Client error '403 ' for url 'https://openapiproext.bnf.fr/iiif/presentation/v3/ark:/12148/bpt6k4157673j/manifest.json'
For more information check: https://developer.mozilla.org/en-US/docs/Web/HTTP/Status/403",2026-07-18T20:36:30.177005
liberation,bpt6k4157674z,,failed,0,0,,http_manifest,known,403,manifest,"Client error '403 ' for url 'https://openapiproext.bnf.fr/iiif/presentation/v3/ark:/12148/bpt6k4157674z/manifest.json'
For more information check: https://developer.mozilla.org/en-US/docs/Web/HTTP/Status/403",2026-07-18T20:36:31.387692
liberation,bpt6k4157675c,,failed,0,0,,http_manifest,known,403,manifest,"Client error '403 ' for url 'https://openapiproext.bnf.fr/iiif/presentation/v3/ark:/12148/bpt6k4157675c/manifest.json'
For more information check: https://developer.mozilla.org/en-US/docs/Web/HTTP/Status/403",2026-07-18T20:36:32.576855
liberation,bpt6k4157676s,,failed,0,0,,http_manifest,known,403,manifest,"Client error '403 ' for url 'https://openapiproext.bnf.fr/iiif/presentation/v3/ark:/12148/bpt6k4157676s/manifest.json'
For more information check: https://developer.mozilla.org/en-US/docs/Web/HTTP/Status/403",2026-07-18T20:36:33.779075
liberation,bpt6k41576776,,failed,0,0,,http_manifest,known,403,manifest,"Client error '403 ' for url 'https://openapiproext.bnf.fr/iiif/presentation/v3/ark:/12148/bpt6k41576776/manifest.json'
For more information check: https://developer.mozilla.org/en-US/docs/Web/HTTP/Status/403",2026-07-18T20:36:34.979298
liberation,bpt6k4157678m,,failed,0,0,,http_manifest,known,403,manifest,"Client error '403 ' for url 'https://openapiproext.bnf.fr/iiif/presentation/v3/ark:/12148/bpt6k4157678m/manifest.json'
For more information check: https://developer.mozilla.org/en-US/docs/Web/HTTP/Status/403",2026-07-18T20:36:36.186611
liberation,bpt6k41576791,,failed,0,0,,http_manifest,known,403,manifest,"Client error '403 ' for url 'https://openapiproext.bnf.fr/iiif/presentation/v3/ark:/12148/bpt6k41576791/manifest.json'
For more information check: https://developer.mozilla.org/en-US/docs/Web/HTTP/Status/403",2026-07-18T20:36:37.399993
liberation,bpt6k4157680p,,failed,0,0,,http_manifest,known,403,manifest,"Client error '403 ' for url 'https://openapiproext.bnf.fr/iiif/presentation/v3/ark:/12148/bpt6k4157680p/manifest.json'
For more information check: https://developer.mozilla.org/en-US/docs/Web/HTTP/Status/403",2026-07-18T20:36:38.582992
liberation,bpt6k41576813,,failed,0,0,,http_manifest,known,403,manifest,"Client error '403 ' for url 'https://openapiproext.bnf.fr/iiif/presentation/v3/ark:/12148/bpt6k41576813/manifest.json'
For more information check: https://developer.mozilla.org/en-US/docs/Web/HTTP/Status/403",2026-07-18T20:36:39.785168
liberation,bpt6k4157682h,,failed,0,0,,http_manifest,known,403,manifest,"Client error '403 ' for url 'https://openapiproext.bnf.fr/iiif/presentation/v3/ark:/12148/bpt6k4157682h/manifest.json'
For more information check: https://developer.mozilla.org/en-US/docs/Web/HTTP/Status/403",2026-07-18T20:36:40.988804
liberation,bpt6k4157683x,,failed,0,0,,http_manifest,known,403,manifest,"Client error '403 ' for url 'https://openapiproext.bnf.fr/iiif/presentation/v3/ark:/12148/bpt6k4157683x/manifest.json'
For more information check: https://developer.mozilla.org/en-US/docs/Web/HTTP/Status/403",2026-07-18T20:36:42.189238
liberation,bpt6k4157684b,,failed,0,0,,http_manifest,known,403,manifest,"Client error '403 ' for url 'https://openapiproext.bnf.fr/iiif/presentation/v3/ark:/12148/bpt6k4157684b/manifest.json'
For more information check: https://developer.mozilla.org/en-US/docs/Web/HTTP/Status/403",2026-07-18T20:36:43.392237
liberation,bpt6k4157685r,,failed,0,0,,http_manifest,known,403,manifest,"Client error '403 ' for url 'https://openapiproext.bnf.fr/iiif/presentation/v3/ark:/12148/bpt6k4157685r/manifest.json'
For more information check: https://developer.mozilla.org/en-US/docs/Web/HTTP/Status/403",2026-07-18T20:36:44.597198
liberation,bpt6k41576865,,failed,0,0,,http_manifest,known,403,manifest,"Client error '403 ' for url 'https://openapiproext.bnf.fr/iiif/presentation/v3/ark:/12148/bpt6k41576865/manifest.json'
For more information check: https://developer.mozilla.org/en-US/docs/Web/HTTP/Status/403",2026-07-18T20:36:45.790906
liberation,bpt6k4157687k,,failed,0,0,,http_manifest,known,403,manifest,"Client error '403 ' for url 'https://openapiproext.bnf.fr/iiif/presentation/v3/ark:/12148/bpt6k4157687k/manifest.json'
For more information check: https://developer.mozilla.org/en-US/docs/Web/HTTP/Status/403",2026-07-18T20:36:46.997159
liberation,bpt6k41576880,,failed,0,0,,http_manifest,known,403,manifest,"Client error '403 ' for url 'https://openapiproext.bnf.fr/iiif/presentation/v3/ark:/12148/bpt6k41576880/manifest.json'
For more information check: https://developer.mozilla.org/en-US/docs/Web/HTTP/Status/403",2026-07-18T20:36:48.198634
liberation,bpt6k4157689d,,failed,0,0,,http_manifest,known,403,manifest,"Client error '403 ' for url 'https://openapiproext.bnf.fr/iiif/presentation/v3/ark:/12148/bpt6k4157689d/manifest.json'
For more information check: https://developer.mozilla.org/en-US/docs/Web/HTTP/Status/403",2026-07-18T20:36:49.412036
liberation,bpt6k41576902,,failed,0,0,,http_manifest,known,403,manifest,"Client error '403 ' for url 'https://openapiproext.bnf.fr/iiif/presentation/v3/ark:/12148/bpt6k41576902/manifest.json'
For more information check: https://developer.mozilla.org/en-US/docs/Web/HTTP/Status/403",2026-07-18T20:36:50.599660
liberation,bpt6k4157691g,,failed,0,0,,http_manifest,known,403,manifest,"Client error '403 ' for url 'https://openapiproext.bnf.fr/iiif/presentation/v3/ark:/12148/bpt6k4157691g/manifest.json'
For more information check: https://developer.mozilla.org/en-US/docs/Web/HTTP/Status/403",2026-07-18T20:36:51.798401
liberation,bpt6k4157692w,,failed,0,0,,http_manifest,known,403,manifest,"Client error '403 ' for url 'https://openapiproext.bnf.fr/iiif/presentation/v3/ark:/12148/bpt6k4157692w/manifest.json'
For more information check: https://developer.mozilla.org/en-US/docs/Web/HTTP/Status/403",2026-07-18T20:36:52.999280
liberation,bpt6k41576939,,failed,0,0,,http_manifest,known,403,manifest,"Client error '403 ' for url 'https://openapiproext.bnf.fr/iiif/presentation/v3/ark:/12148/bpt6k41576939/manifest.json'
For more information check: https://developer.mozilla.org/en-US/docs/Web/HTTP/Status/403",2026-07-18T20:36:54.202480
liberation,bpt6k4157694q,,failed,0,0,,http_manifest,known,403,manifest,"Client error '403 ' for url 'https://openapiproext.bnf.fr/iiif/presentation/v3/ark:/12148/bpt6k4157694q/manifest.json'
For more information check: https://developer.mozilla.org/en-US/docs/Web/HTTP/Status/403",2026-07-18T20:36:55.429252
liberation,bpt6k41576954,,failed,0,0,,http_manifest,known,403,manifest,"Client error '403 ' for url 'https://openapiproext.bnf.fr/iiif/presentation/v3/ark:/12148/bpt6k41576954/manifest.json'
For more information check: https://developer.mozilla.org/en-US/docs/Web/HTTP/Status/403",2026-07-18T20:36:56.605553
liberation,bd6t511263300,,failed,0,0,,http_manifest,known,403,manifest,"Client error '403 ' for url 'https://openapiproext.bnf.fr/iiif/presentation/v3/ark:/12148/bd6t511263300/manifest.json'
For more information check: https://developer.mozilla.org/en-US/docs/Web/HTTP/Status/403",2026-07-18T20:36:57.804721
liberation,bd6t51126331d,,failed,0,0,,http_manifest,known,403,manifest,"Client error '403 ' for url 'https://openapiproext.bnf.fr/iiif/presentation/v3/ark:/12148/bd6t51126331d/manifest.json'
For more information check: https://developer.mozilla.org/en-US/docs/Web/HTTP/Status/403",2026-07-18T20:36:59.004255
liberation,bd6t51126332t,,failed,0,0,,http_manifest,known,403,manifest,"Client error '403 ' for url 'https://openapiproext.bnf.fr/iiif/presentation/v3/ark:/12148/bd6t51126332t/manifest.json'
For more information check: https://developer.mozilla.org/en-US/docs/Web/HTTP/Status/403",2026-07-18T20:37:00.206423
liberation,bd6t511263337,,failed,0,0,,http_manifest,known,403,manifest,"Client error '403 ' for url 'https://openapiproext.bnf.fr/iiif/presentation/v3/ark:/12148/bd6t511263337/manifest.json'
For more information check: https://developer.mozilla.org/en-US/docs/Web/HTTP/Status/403",2026-07-18T20:37:01.424236
liberation,bd6t51126334n,,failed,0,0,,http_manifest,known,403,manifest,"Client error '403 ' for url 'https://openapiproext.bnf.fr/iiif/presentation/v3/ark:/12148/bd6t51126334n/manifest.json'
For more information check: https://developer.mozilla.org/en-US/docs/Web/HTTP/Status/403",2026-07-18T20:37:02.610183
liberation,bd6t511263352,,failed,0,0,,http_manifest,known,403,manifest,"Client error '403 ' for url 'https://openapiproext.bnf.fr/iiif/presentation/v3/ark:/12148/bd6t511263352/manifest.json'
For more information check: https://developer.mozilla.org/en-US/docs/Web/HTTP/Status/403",2026-07-18T20:37:03.812180
liberation,bd6t51126336g,,failed,0,0,,http_manifest,known,403,manifest,"Client error '403 ' for url 'https://openapiproext.bnf.fr/iiif/presentation/v3/ark:/12148/bd6t51126336g/manifest.json'
For more information check: https://developer.mozilla.org/en-US/docs/Web/HTTP/Status/403",2026-07-18T20:37:05.014481
liberation,bd6t51126337w,,failed,0,0,,http_manifest,known,403,manifest,"Client error '403 ' for url 'https://openapiproext.bnf.fr/iiif/presentation/v3/ark:/12148/bd6t51126337w/manifest.json'
For more information check: https://developer.mozilla.org/en-US/docs/Web/HTTP/Status/403",2026-07-18T20:37:06.215838
liberation,bd6t511263389,,failed,0,0,,http_manifest,known,403,manifest,"Client error '403 ' for url 'https://openapiproext.bnf.fr/iiif/presentation/v3/ark:/12148/bd6t511263389/manifest.json'
For more information check: https://developer.mozilla.org/en-US/docs/Web/HTTP/Status/403",2026-07-18T20:37:07.417965
liberation,bd6t51126339q,,failed,0,0,,http_manifest,known,403,manifest,"Client error '403 ' for url 'https://openapiproext.bnf.fr/iiif/presentation/v3/ark:/12148/bd6t51126339q/manifest.json'
For more information check: https://developer.mozilla.org/en-US/docs/Web/HTTP/Status/403",2026-07-18T20:37:08.725533
liberation,bd6t51126340c,,failed,0,0,,http_manifest,known,403,manifest,"Client error '403 ' for url 'https://openapiproext.bnf.fr/iiif/presentation/v3/ark:/12148/bd6t51126340c/manifest.json'
For more information check: https://developer.mozilla.org/en-US/docs/Web/HTTP/Status/403",2026-07-18T20:37:09.820016
liberation,bd6t51126341s,,failed,0,0,,http_manifest,known,403,manifest,"Client error '403 ' for url 'https://openapiproext.bnf.fr/iiif/presentation/v3/ark:/12148/bd6t51126341s/manifest.json'
For more information check: https://developer.mozilla.org/en-US/docs/Web/HTTP/Status/403",2026-07-18T20:37:11.019484
liberation,bd6t511263426,,failed,0,0,,http_manifest,known,403,manifest,"Client error '403 ' for url 'https://openapiproext.bnf.fr/iiif/presentation/v3/ark:/12148/bd6t511263426/manifest.json'
For more information check: https://developer.mozilla.org/en-US/docs/Web/HTTP/Status/403",2026-07-18T20:37:12.223028
liberation,bd6t51126343m,,failed,0,0,,http_manifest,known,403,manifest,"Client error '403 ' for url 'https://openapiproext.bnf.fr/iiif/presentation/v3/ark:/12148/bd6t51126343m/manifest.json'
For more information check: https://developer.mozilla.org/en-US/docs/Web/HTTP/Status/403",2026-07-18T20:37:13.443033
liberation,bd6t511263441,,failed,0,0,,http_manifest,known,403,manifest,"Client error '403 ' for url 'https://openapiproext.bnf.fr/iiif/presentation/v3/ark:/12148/bd6t511263441/manifest.json'
For more information check: https://developer.mozilla.org/en-US/docs/Web/HTTP/Status/403",2026-07-18T20:37:14.902531
liberation,bd6t51126345f,,failed,0,0,,http_manifest,known,403,manifest,"Client error '403 ' for url 'https://openapiproext.bnf.fr/iiif/presentation/v3/ark:/12148/bd6t51126345f/manifest.json'
For more information check: https://developer.mozilla.org/en-US/docs/Web/HTTP/Status/403",2026-07-18T20:37:15.849507
liberation,bd6t51126346v,,failed,0,0,,http_manifest,known,403,manifest,"Client error '403 ' for url 'https://openapiproext.bnf.fr/iiif/presentation/v3/ark:/12148/bd6t51126346v/manifest.json'
For more information check: https://developer.mozilla.org/en-US/docs/Web/HTTP/Status/403",2026-07-18T20:37:17.063800
liberation,bd6t511263478,,failed,0,0,,http_manifest,known,403,manifest,"Client error '403 ' for url 'https://openapiproext.bnf.fr/iiif/presentation/v3/ark:/12148/bd6t511263478/manifest.json'
For more information check: https://developer.mozilla.org/en-US/docs/Web/HTTP/Status/403",2026-07-18T20:37:18.232350
liberation,bd6t51126348p,,failed,0,0,,http_manifest,known,403,manifest,"Client error '403 ' for url 'https://openapiproext.bnf.fr/iiif/presentation/v3/ark:/12148/bd6t51126348p/manifest.json'
For more information check: https://developer.mozilla.org/en-US/docs/Web/HTTP/Status/403",2026-07-18T20:37:19.566273
liberation,bd6t511263493,,failed,0,0,,http_manifest,known,403,manifest,"Client error '403 ' for url 'https://openapiproext.bnf.fr/iiif/presentation/v3/ark:/12148/bd6t511263493/manifest.json'
For more information check: https://developer.mozilla.org/en-US/docs/Web/HTTP/Status/403",2026-07-18T20:37:20.642610
liberation,bd6t51126350r,,failed,0,0,,http_manifest,known,403,manifest,"Client error '403 ' for url 'https://openapiproext.bnf.fr/iiif/presentation/v3/ark:/12148/bd6t51126350r/manifest.json'
For more information check: https://developer.mozilla.org/en-US/docs/Web/HTTP/Status/403",2026-07-18T20:37:21.987859
liberation,bd6t511263515,,failed,0,0,,http_manifest,known,403,manifest,"Client error '403 ' for url 'https://openapiproext.bnf.fr/iiif/presentation/v3/ark:/12148/bd6t511263515/manifest.json'
For more information check: https://developer.mozilla.org/en-US/docs/Web/HTTP/Status/403",2026-07-18T20:37:23.173816
liberation,bd6t51126352k,,failed,0,0,,http_manifest,known,403,manifest,"Client error '403 ' for url 'https://openapiproext.bnf.fr/iiif/presentation/v3/ark:/12148/bd6t51126352k/manifest.json'
For more information check: https://developer.mozilla.org/en-US/docs/Web/HTTP/Status/403",2026-07-18T20:37:24.236407
liberation,bd6t511263530,,failed,0,0,,http_manifest,known,403,manifest,"Client error '403 ' for url 'https://openapiproext.bnf.fr/iiif/presentation/v3/ark:/12148/bd6t511263530/manifest.json'
For more information check: https://developer.mozilla.org/en-US/docs/Web/HTTP/Status/403",2026-07-18T20:37:25.435677
liberation,bd6t51126354d,,failed,0,0,,http_manifest,known,403,manifest,"Client error '403 ' for url 'https://openapiproext.bnf.fr/iiif/presentation/v3/ark:/12148/bd6t51126354d/manifest.json'
For more information check: https://developer.mozilla.org/en-US/docs/Web/HTTP/Status/403",2026-07-18T20:37:26.637831
liberation,bd6t51126355t,,failed,0,0,,http_manifest,known,403,manifest,"Client error '403 ' for url 'https://openapiproext.bnf.fr/iiif/presentation/v3/ark:/12148/bd6t51126355t/manifest.json'
For more information check: https://developer.mozilla.org/en-US/docs/Web/HTTP/Status/403",2026-07-18T20:37:27.845146
liberation,bd6t511263567,,failed,0,0,,http_manifest,known,403,manifest,"Client error '403 ' for url 'https://openapiproext.bnf.fr/iiif/presentation/v3/ark:/12148/bd6t511263567/manifest.json'
For more information check: https://developer.mozilla.org/en-US/docs/Web/HTTP/Status/403",2026-07-18T20:37:29.046523
liberation,bd6t51126357n,,failed,0,0,,http_manifest,known,403,manifest,"Client error '403 ' for url 'https://openapiproext.bnf.fr/iiif/presentation/v3/ark:/12148/bd6t51126357n/manifest.json'
For more information check: https://developer.mozilla.org/en-US/docs/Web/HTTP/Status/403",2026-07-18T20:37:30.246597
liberation,bd6t511263582,,failed,0,0,,http_manifest,known,403,manifest,"Client error '403 ' for url 'https://openapiproext.bnf.fr/iiif/presentation/v3/ark:/12148/bd6t511263582/manifest.json'
For more information check: https://developer.mozilla.org/en-US/docs/Web/HTTP/Status/403",2026-07-18T20:37:31.457061
liberation,bd6t51126359g,,failed,0,0,,http_manifest,known,403,manifest,"Client error '403 ' for url 'https://openapiproext.bnf.fr/iiif/presentation/v3/ark:/12148/bd6t51126359g/manifest.json'
For more information check: https://developer.mozilla.org/en-US/docs/Web/HTTP/Status/403",2026-07-18T20:37:32.657995
liberation,bd6t511263604,,failed,0,0,,http_manifest,known,403,manifest,"Client error '403 ' for url 'https://openapiproext.bnf.fr/iiif/presentation/v3/ark:/12148/bd6t511263604/manifest.json'
For more information check: https://developer.mozilla.org/en-US/docs/Web/HTTP/Status/403",2026-07-18T20:37:33.845722
liberation,bd6t51126361j,,failed,0,0,,http_manifest,known,403,manifest,"Client error '403 ' for url 'https://openapiproext.bnf.fr/iiif/presentation/v3/ark:/12148/bd6t51126361j/manifest.json'
For more information check: https://developer.mozilla.org/en-US/docs/Web/HTTP/Status/403",2026-07-18T20:37:35.045565
liberation,bd6t51126362z,,failed,0,0,,http_manifest,known,403,manifest,"Client error '403 ' for url 'https://openapiproext.bnf.fr/iiif/presentation/v3/ark:/12148/bd6t51126362z/manifest.json'
For more information check: https://developer.mozilla.org/en-US/docs/Web/HTTP/Status/403",2026-07-18T20:37:36.259506
liberation,bd6t51126363c,,failed,0,0,,http_manifest,known,403,manifest,"Client error '403 ' for url 'https://openapiproext.bnf.fr/iiif/presentation/v3/ark:/12148/bd6t51126363c/manifest.json'
For more information check: https://developer.mozilla.org/en-US/docs/Web/HTTP/Status/403",2026-07-18T20:37:37.446641
liberation,bd6t51126364s,,failed,0,0,,http_manifest,known,403,manifest,"Client error '403 ' for url 'https://openapiproext.bnf.fr/iiif/presentation/v3/ark:/12148/bd6t51126364s/manifest.json'
For more information check: https://developer.mozilla.org/en-US/docs/Web/HTTP/Status/403",2026-07-18T20:37:38.648854
liberation,bd6t511263656,,failed,0,0,,http_manifest,known,403,manifest,"Client error '403 ' for url 'https://openapiproext.bnf.fr/iiif/presentation/v3/ark:/12148/bd6t511263656/manifest.json'
For more information check: https://developer.mozilla.org/en-US/docs/Web/HTTP/Status/403",2026-07-18T20:37:39.852535
liberation,bd6t51126366m,,failed,0,0,,http_manifest,known,403,manifest,"Client error '403 ' for url 'https://openapiproext.bnf.fr/iiif/presentation/v3/ark:/12148/bd6t51126366m/manifest.json'
For more information check: https://developer.mozilla.org/en-US/docs/Web/HTTP/Status/403",2026-07-18T20:37:41.053776
liberation,bd6t511263671,,failed,0,0,,http_manifest,known,403,manifest,"Client error '403 ' for url 'https://openapiproext.bnf.fr/iiif/presentation/v3/ark:/12148/bd6t511263671/manifest.json'
For more information check: https://developer.mozilla.org/en-US/docs/Web/HTTP/Status/403",2026-07-18T20:37:42.255394
liberation,bd6t51126368f,,failed,0,0,,http_manifest,known,403,manifest,"Client error '403 ' for url 'https://openapiproext.bnf.fr/iiif/presentation/v3/ark:/12148/bd6t51126368f/manifest.json'
For more information check: https://developer.mozilla.org/en-US/docs/Web/HTTP/Status/403",2026-07-18T20:37:43.472819
liberation,bd6t51126369v,,failed,0,0,,http_manifest,known,403,manifest,"Client error '403 ' for url 'https://openapiproext.bnf.fr/iiif/presentation/v3/ark:/12148/bd6t51126369v/manifest.json'
For more information check: https://developer.mozilla.org/en-US/docs/Web/HTTP/Status/403",2026-07-18T20:37:44.656054
liberation,bd6t51126370h,,failed,0,0,,http_manifest,known,403,manifest,"Client error '403 ' for url 'https://openapiproext.bnf.fr/iiif/presentation/v3/ark:/12148/bd6t51126370h/manifest.json'
For more information check: https://developer.mozilla.org/en-US/docs/Web/HTTP/Status/403",2026-07-18T20:37:45.858018
liberation,bd6t51126371x,,failed,0,0,,http_manifest,known,403,manifest,"Client error '403 ' for url 'https://openapiproext.bnf.fr/iiif/presentation/v3/ark:/12148/bd6t51126371x/manifest.json'
For more information check: https://developer.mozilla.org/en-US/docs/Web/HTTP/Status/403",2026-07-18T20:37:47.065459
liberation,bd6t51126372b,,failed,0,0,,http_manifest,known,403,manifest,"Client error '403 ' for url 'https://openapiproext.bnf.fr/iiif/presentation/v3/ark:/12148/bd6t51126372b/manifest.json'
For more information check: https://developer.mozilla.org/en-US/docs/Web/HTTP/Status/403",2026-07-18T20:37:48.257972
liberation,bd6t51126373r,,failed,0,0,,http_manifest,known,403,manifest,"Client error '403 ' for url 'https://openapiproext.bnf.fr/iiif/presentation/v3/ark:/12148/bd6t51126373r/manifest.json'
For more information check: https://developer.mozilla.org/en-US/docs/Web/HTTP/Status/403",2026-07-18T20:37:49.472331
liberation,bd6t511263745,,failed,0,0,,http_manifest,known,403,manifest,"Client error '403 ' for url 'https://openapiproext.bnf.fr/iiif/presentation/v3/ark:/12148/bd6t511263745/manifest.json'
For more information check: https://developer.mozilla.org/en-US/docs/Web/HTTP/Status/403",2026-07-18T20:37:50.661351
liberation,bd6t51126375k,,failed,0,0,,http_manifest,known,403,manifest,"Client error '403 ' for url 'https://openapiproext.bnf.fr/iiif/presentation/v3/ark:/12148/bd6t51126375k/manifest.json'
For more information check: https://developer.mozilla.org/en-US/docs/Web/HTTP/Status/403",2026-07-18T20:37:51.866364
liberation,bd6t511263760,,failed,0,0,,http_manifest,known,403,manifest,"Client error '403 ' for url 'https://openapiproext.bnf.fr/iiif/presentation/v3/ark:/12148/bd6t511263760/manifest.json'
For more information check: https://developer.mozilla.org/en-US/docs/Web/HTTP/Status/403",2026-07-18T20:37:53.066926
liberation,bd6t51126377d,,failed,0,0,,http_manifest,known,403,manifest,"Client error '403 ' for url 'https://openapiproext.bnf.fr/iiif/presentation/v3/ark:/12148/bd6t51126377d/manifest.json'
For more information check: https://developer.mozilla.org/en-US/docs/Web/HTTP/Status/403",2026-07-18T20:37:54.264072
liberation,bd6t51126378t,,failed,0,0,,http_manifest,known,403,manifest,"Client error '403 ' for url 'https://openapiproext.bnf.fr/iiif/presentation/v3/ark:/12148/bd6t51126378t/manifest.json'
For more information check: https://developer.mozilla.org/en-US/docs/Web/HTTP/Status/403",2026-07-18T20:37:55.470034
liberation,bd6t511263797,,failed,0,0,,http_manifest,known,403,manifest,"Client error '403 ' for url 'https://openapiproext.bnf.fr/iiif/presentation/v3/ark:/12148/bd6t511263797/manifest.json'
For more information check: https://developer.mozilla.org/en-US/docs/Web/HTTP/Status/403",2026-07-18T20:37:56.665892
liberation,bd6t51126380w,,failed,0,0,,http_manifest,known,403,manifest,"Client error '403 ' for url 'https://openapiproext.bnf.fr/iiif/presentation/v3/ark:/12148/bd6t51126380w/manifest.json'
For more information check: https://developer.mozilla.org/en-US/docs/Web/HTTP/Status/403",2026-07-18T20:37:57.867133
liberation,bd6t511263819,,failed,0,0,,http_manifest,known,403,manifest,"Client error '403 ' for url 'https://openapiproext.bnf.fr/iiif/presentation/v3/ark:/12148/bd6t511263819/manifest.json'
For more information check: https://developer.mozilla.org/en-US/docs/Web/HTTP/Status/403",2026-07-18T20:37:59.070921
liberation,bd6t51126382q,,failed,0,0,,http_manifest,known,403,manifest,"Client error '403 ' for url 'https://openapiproext.bnf.fr/iiif/presentation/v3/ark:/12148/bd6t51126382q/manifest.json'
For more information check: https://developer.mozilla.org/en-US/docs/Web/HTTP/Status/403",2026-07-18T20:38:00.272970
liberation,bd6t511263834,,failed,0,0,,http_manifest,known,403,manifest,"Client error '403 ' for url 'https://openapiproext.bnf.fr/iiif/presentation/v3/ark:/12148/bd6t511263834/manifest.json'
For more information check: https://developer.mozilla.org/en-US/docs/Web/HTTP/Status/403",2026-07-18T20:38:01.484057
liberation,bd6t51126384j,,failed,0,0,,http_manifest,known,403,manifest,"Client error '403 ' for url 'https://openapiproext.bnf.fr/iiif/presentation/v3/ark:/12148/bd6t51126384j/manifest.json'
For more information check: https://developer.mozilla.org/en-US/docs/Web/HTTP/Status/403",2026-07-18T20:38:02.671553
liberation,bd6t51126385z,,failed,0,0,,http_manifest,known,403,manifest,"Client error '403 ' for url 'https://openapiproext.bnf.fr/iiif/presentation/v3/ark:/12148/bd6t51126385z/manifest.json'
For more information check: https://developer.mozilla.org/en-US/docs/Web/HTTP/Status/403",2026-07-18T20:38:03.873085
liberation,bd6t51126386c,,failed,0,0,,http_manifest,known,403,manifest,"Client error '403 ' for url 'https://openapiproext.bnf.fr/iiif/presentation/v3/ark:/12148/bd6t51126386c/manifest.json'
For more information check: https://developer.mozilla.org/en-US/docs/Web/HTTP/Status/403",2026-07-18T20:38:05.081840
liberation,bd6t51126387s,,failed,0,0,,http_manifest,known,403,manifest,"Client error '403 ' for url 'https://openapiproext.bnf.fr/iiif/presentation/v3/ark:/12148/bd6t51126387s/manifest.json'
For more information check: https://developer.mozilla.org/en-US/docs/Web/HTTP/Status/403",2026-07-18T20:38:06.277597
liberation,bd6t511263886,,failed,0,0,,http_manifest,known,403,manifest,"Client error '403 ' for url 'https://openapiproext.bnf.fr/iiif/presentation/v3/ark:/12148/bd6t511263886/manifest.json'
For more information check: https://developer.mozilla.org/en-US/docs/Web/HTTP/Status/403",2026-07-18T20:38:07.481402
liberation,bd6t51126389m,,failed,0,0,,http_manifest,known,403,manifest,"Client error '403 ' for url 'https://openapiproext.bnf.fr/iiif/presentation/v3/ark:/12148/bd6t51126389m/manifest.json'
For more information check: https://developer.mozilla.org/en-US/docs/Web/HTTP/Status/403",2026-07-18T20:38:08.768512
liberation,bd6t511263908,,failed,0,0,,http_manifest,known,403,manifest,"Client error '403 ' for url 'https://openapiproext.bnf.fr/iiif/presentation/v3/ark:/12148/bd6t511263908/manifest.json'
For more information check: https://developer.mozilla.org/en-US/docs/Web/HTTP/Status/403",2026-07-18T20:38:09.882581
liberation,bd6t51126391p,,failed,0,0,,http_manifest,known,403,manifest,"Client error '403 ' for url 'https://openapiproext.bnf.fr/iiif/presentation/v3/ark:/12148/bd6t51126391p/manifest.json'
For more information check: https://developer.mozilla.org/en-US/docs/Web/HTTP/Status/403",2026-07-18T20:38:11.086964
liberation,bd6t511263923,,failed,0,0,,http_manifest,known,403,manifest,"Client error '403 ' for url 'https://openapiproext.bnf.fr/iiif/presentation/v3/ark:/12148/bd6t511263923/manifest.json'
For more information check: https://developer.mozilla.org/en-US/docs/Web/HTTP/Status/403",2026-07-18T20:38:12.350614
liberation,bd6t51126393h,,failed,0,0,,http_manifest,known,403,manifest,"Client error '403 ' for url 'https://openapiproext.bnf.fr/iiif/presentation/v3/ark:/12148/bd6t51126393h/manifest.json'
For more information check: https://developer.mozilla.org/en-US/docs/Web/HTTP/Status/403",2026-07-18T20:38:13.579972
liberation,bd6t51126394x,,failed,0,0,,http_manifest,known,403,manifest,"Client error '403 ' for url 'https://openapiproext.bnf.fr/iiif/presentation/v3/ark:/12148/bd6t51126394x/manifest.json'
For more information check: https://developer.mozilla.org/en-US/docs/Web/HTTP/Status/403",2026-07-18T20:38:14.864968
liberation,bd6t51126395b,,failed,0,0,,http_manifest,known,403,manifest,"Client error '403 ' for url 'https://openapiproext.bnf.fr/iiif/presentation/v3/ark:/12148/bd6t51126395b/manifest.json'
For more information check: https://developer.mozilla.org/en-US/docs/Web/HTTP/Status/403",2026-07-18T20:38:15.891238
liberation,bd6t51126396r,,failed,0,0,,http_manifest,known,403,manifest,"Client error '403 ' for url 'https://openapiproext.bnf.fr/iiif/presentation/v3/ark:/12148/bd6t51126396r/manifest.json'
For more information check: https://developer.mozilla.org/en-US/docs/Web/HTTP/Status/403",2026-07-18T20:38:17.100564
liberation,bd6t511263975,,failed,0,0,,http_manifest,known,403,manifest,"Client error '403 ' for url 'https://openapiproext.bnf.fr/iiif/presentation/v3/ark:/12148/bd6t511263975/manifest.json'
For more information check: https://developer.mozilla.org/en-US/docs/Web/HTTP/Status/403",2026-07-18T20:38:18.292986
liberation,bd6t51126398k,,failed,0,0,,http_manifest,known,403,manifest,"Client error '403 ' for url 'https://openapiproext.bnf.fr/iiif/presentation/v3/ark:/12148/bd6t51126398k/manifest.json'
For more information check: https://developer.mozilla.org/en-US/docs/Web/HTTP/Status/403",2026-07-18T20:38:19.593283
liberation,bd6t511263990,,failed,0,0,,http_manifest,known,403,manifest,"Client error '403 ' for url 'https://openapiproext.bnf.fr/iiif/presentation/v3/ark:/12148/bd6t511263990/manifest.json'
For more information check: https://developer.mozilla.org/en-US/docs/Web/HTTP/Status/403",2026-07-18T20:38:20.695865
liberation,bd6t511264006,,failed,0,0,,http_manifest,known,403,manifest,"Client error '403 ' for url 'https://openapiproext.bnf.fr/iiif/presentation/v3/ark:/12148/bd6t511264006/manifest.json'
For more information check: https://developer.mozilla.org/en-US/docs/Web/HTTP/Status/403",2026-07-18T20:38:22.055170
liberation,bd6t51126401m,,failed,0,0,,http_manifest,known,403,manifest,"Client error '403 ' for url 'https://openapiproext.bnf.fr/iiif/presentation/v3/ark:/12148/bd6t51126401m/manifest.json'
For more information check: https://developer.mozilla.org/en-US/docs/Web/HTTP/Status/403",2026-07-18T20:38:23.101580
liberation,bd6t511264021,,failed,0,0,,http_manifest,known,403,manifest,"Client error '403 ' for url 'https://openapiproext.bnf.fr/iiif/presentation/v3/ark:/12148/bd6t511264021/manifest.json'
For more information check: https://developer.mozilla.org/en-US/docs/Web/HTTP/Status/403",2026-07-18T20:38:24.301622
liberation,bd6t51126403f,,failed,0,0,,http_manifest,known,403,manifest,"Client error '403 ' for url 'https://openapiproext.bnf.fr/iiif/presentation/v3/ark:/12148/bd6t51126403f/manifest.json'
For more information check: https://developer.mozilla.org/en-US/docs/Web/HTTP/Status/403",2026-07-18T20:38:25.502462
liberation,bd6t51126404v,,failed,0,0,,http_manifest,known,403,manifest,"Client error '403 ' for url 'https://openapiproext.bnf.fr/iiif/presentation/v3/ark:/12148/bd6t51126404v/manifest.json'
For more information check: https://developer.mozilla.org/en-US/docs/Web/HTTP/Status/403",2026-07-18T20:38:26.700593
liberation,bd6t511264058,,failed,0,0,,http_manifest,known,403,manifest,"Client error '403 ' for url 'https://openapiproext.bnf.fr/iiif/presentation/v3/ark:/12148/bd6t511264058/manifest.json'
For more information check: https://developer.mozilla.org/en-US/docs/Web/HTTP/Status/403",2026-07-18T20:38:27.904442
liberation,bd6t51126406p,,failed,0,0,,http_manifest,known,403,manifest,"Client error '403 ' for url 'https://openapiproext.bnf.fr/iiif/presentation/v3/ark:/12148/bd6t51126406p/manifest.json'
For more information check: https://developer.mozilla.org/en-US/docs/Web/HTTP/Status/403",2026-07-18T20:38:29.111014
liberation,bd6t511264073,,failed,0,0,,http_manifest,known,403,manifest,"Client error '403 ' for url 'https://openapiproext.bnf.fr/iiif/presentation/v3/ark:/12148/bd6t511264073/manifest.json'
For more information check: https://developer.mozilla.org/en-US/docs/Web/HTTP/Status/403",2026-07-18T20:38:30.305879
liberation,bd6t51126408h,,failed,0,0,,http_manifest,known,403,manifest,"Client error '403 ' for url 'https://openapiproext.bnf.fr/iiif/presentation/v3/ark:/12148/bd6t51126408h/manifest.json'
For more information check: https://developer.mozilla.org/en-US/docs/Web/HTTP/Status/403",2026-07-18T20:38:31.518307
liberation,bd6t51126409x,,failed,0,0,,http_manifest,known,403,manifest,"Client error '403 ' for url 'https://openapiproext.bnf.fr/iiif/presentation/v3/ark:/12148/bd6t51126409x/manifest.json'
For more information check: https://developer.mozilla.org/en-US/docs/Web/HTTP/Status/403",2026-07-18T20:38:32.709259
liberation,bd6t51126410k,,failed,0,0,,http_manifest,known,403,manifest,"Client error '403 ' for url 'https://openapiproext.bnf.fr/iiif/presentation/v3/ark:/12148/bd6t51126410k/manifest.json'
For more information check: https://developer.mozilla.org/en-US/docs/Web/HTTP/Status/403",2026-07-18T20:38:33.912005
liberation,bd6t511264110,,failed,0,0,,http_manifest,known,403,manifest,"Client error '403 ' for url 'https://openapiproext.bnf.fr/iiif/presentation/v3/ark:/12148/bd6t511264110/manifest.json'
For more information check: https://developer.mozilla.org/en-US/docs/Web/HTTP/Status/403",2026-07-18T20:38:35.116058
liberation,bd6t51126412d,,failed,0,0,,http_manifest,known,403,manifest,"Client error '403 ' for url 'https://openapiproext.bnf.fr/iiif/presentation/v3/ark:/12148/bd6t51126412d/manifest.json'
For more information check: https://developer.mozilla.org/en-US/docs/Web/HTTP/Status/403",2026-07-18T20:38:36.321651
liberation,bd6t51126413t,,failed,0,0,,http_manifest,known,403,manifest,"Client error '403 ' for url 'https://openapiproext.bnf.fr/iiif/presentation/v3/ark:/12148/bd6t51126413t/manifest.json'
For more information check: https://developer.mozilla.org/en-US/docs/Web/HTTP/Status/403",2026-07-18T20:38:37.514181
liberation,bd6t511264147,,failed,0,0,,http_manifest,known,403,manifest,"Client error '403 ' for url 'https://openapiproext.bnf.fr/iiif/presentation/v3/ark:/12148/bd6t511264147/manifest.json'
For more information check: https://developer.mozilla.org/en-US/docs/Web/HTTP/Status/403",2026-07-18T20:38:38.715458
liberation,bd6t51126415n,,failed,0,0,,http_manifest,known,403,manifest,"Client error '403 ' for url 'https://openapiproext.bnf.fr/iiif/presentation/v3/ark:/12148/bd6t51126415n/manifest.json'
For more information check: https://developer.mozilla.org/en-US/docs/Web/HTTP/Status/403",2026-07-18T20:38:39.916663
liberation,bd6t511264162,,failed,0,0,,http_manifest,known,403,manifest,"Client error '403 ' for url 'https://openapiproext.bnf.fr/iiif/presentation/v3/ark:/12148/bd6t511264162/manifest.json'
For more information check: https://developer.mozilla.org/en-US/docs/Web/HTTP/Status/403",2026-07-18T20:38:41.118354
liberation,bd6t51126417g,,failed,0,0,,http_manifest,known,403,manifest,"Client error '403 ' for url 'https://openapiproext.bnf.fr/iiif/presentation/v3/ark:/12148/bd6t51126417g/manifest.json'
For more information check: https://developer.mozilla.org/en-US/docs/Web/HTTP/Status/403",2026-07-18T20:38:42.324219
liberation,bd6t51126418w,,failed,0,0,,http_manifest,known,403,manifest,"Client error '403 ' for url 'https://openapiproext.bnf.fr/iiif/presentation/v3/ark:/12148/bd6t51126418w/manifest.json'
For more information check: https://developer.mozilla.org/en-US/docs/Web/HTTP/Status/403",2026-07-18T20:38:43.535978
liberation,bd6t511264199,,failed,0,0,,http_manifest,known,403,manifest,"Client error '403 ' for url 'https://openapiproext.bnf.fr/iiif/presentation/v3/ark:/12148/bd6t511264199/manifest.json'
For more information check: https://developer.mozilla.org/en-US/docs/Web/HTTP/Status/403",2026-07-18T20:38:44.722343
liberation,bd6t51126420z,,failed,0,0,,http_manifest,known,403,manifest,"Client error '403 ' for url 'https://openapiproext.bnf.fr/iiif/presentation/v3/ark:/12148/bd6t51126420z/manifest.json'
For more information check: https://developer.mozilla.org/en-US/docs/Web/HTTP/Status/403",2026-07-18T20:38:45.923537
liberation,bd6t51126421c,,failed,0,0,,http_manifest,known,403,manifest,"Client error '403 ' for url 'https://openapiproext.bnf.fr/iiif/presentation/v3/ark:/12148/bd6t51126421c/manifest.json'
For more information check: https://developer.mozilla.org/en-US/docs/Web/HTTP/Status/403",2026-07-18T20:38:47.125359
liberation,bd6t51126422s,,failed,0,0,,http_manifest,known,403,manifest,"Client error '403 ' for url 'https://openapiproext.bnf.fr/iiif/presentation/v3/ark:/12148/bd6t51126422s/manifest.json'
For more information check: https://developer.mozilla.org/en-US/docs/Web/HTTP/Status/403",2026-07-18T20:38:48.325797
liberation,bd6t511264236,,failed,0,0,,http_manifest,known,403,manifest,"Client error '403 ' for url 'https://openapiproext.bnf.fr/iiif/presentation/v3/ark:/12148/bd6t511264236/manifest.json'
For more information check: https://developer.mozilla.org/en-US/docs/Web/HTTP/Status/403",2026-07-18T20:38:49.541689
liberation,bd6t51126424m,,failed,0,0,,http_manifest,known,403,manifest,"Client error '403 ' for url 'https://openapiproext.bnf.fr/iiif/presentation/v3/ark:/12148/bd6t51126424m/manifest.json'
For more information check: https://developer.mozilla.org/en-US/docs/Web/HTTP/Status/403",2026-07-18T20:38:50.729361
liberation,bd6t511264251,,failed,0,0,,http_manifest,known,403,manifest,"Client error '403 ' for url 'https://openapiproext.bnf.fr/iiif/presentation/v3/ark:/12148/bd6t511264251/manifest.json'
For more information check: https://developer.mozilla.org/en-US/docs/Web/HTTP/Status/403",2026-07-18T20:38:51.934312
liberation,bd6t51126426f,,failed,0,0,,http_manifest,known,403,manifest,"Client error '403 ' for url 'https://openapiproext.bnf.fr/iiif/presentation/v3/ark:/12148/bd6t51126426f/manifest.json'
For more information check: https://developer.mozilla.org/en-US/docs/Web/HTTP/Status/403",2026-07-18T20:38:53.140713
liberation,bd6t51126427v,,failed,0,0,,http_manifest,known,403,manifest,"Client error '403 ' for url 'https://openapiproext.bnf.fr/iiif/presentation/v3/ark:/12148/bd6t51126427v/manifest.json'
For more information check: https://developer.mozilla.org/en-US/docs/Web/HTTP/Status/403",2026-07-18T20:38:54.343432
liberation,bd6t511264288,,failed,0,0,,http_manifest,known,403,manifest,"Client error '403 ' for url 'https://openapiproext.bnf.fr/iiif/presentation/v3/ark:/12148/bd6t511264288/manifest.json'
For more information check: https://developer.mozilla.org/en-US/docs/Web/HTTP/Status/403",2026-07-18T20:38:55.582898
liberation,bd6t51126429p,,failed,0,0,,http_manifest,known,403,manifest,"Client error '403 ' for url 'https://openapiproext.bnf.fr/iiif/presentation/v3/ark:/12148/bd6t51126429p/manifest.json'
For more information check: https://developer.mozilla.org/en-US/docs/Web/HTTP/Status/403",2026-07-18T20:38:56.738140
liberation,bd6t51126430b,,failed,0,0,,http_manifest,known,403,manifest,"Client error '403 ' for url 'https://openapiproext.bnf.fr/iiif/presentation/v3/ark:/12148/bd6t51126430b/manifest.json'
For more information check: https://developer.mozilla.org/en-US/docs/Web/HTTP/Status/403",2026-07-18T20:38:57.945587
liberation,bd6t51126431r,,failed,0,0,,http_manifest,known,403,manifest,"Client error '403 ' for url 'https://openapiproext.bnf.fr/iiif/presentation/v3/ark:/12148/bd6t51126431r/manifest.json'
For more information check: https://developer.mozilla.org/en-US/docs/Web/HTTP/Status/403",2026-07-18T20:38:59.139596
liberation,bd6t511264325,,failed,0,0,,http_manifest,known,403,manifest,"Client error '403 ' for url 'https://openapiproext.bnf.fr/iiif/presentation/v3/ark:/12148/bd6t511264325/manifest.json'
For more information check: https://developer.mozilla.org/en-US/docs/Web/HTTP/Status/403",2026-07-18T20:39:00.341253
liberation,bd6t51126433k,,failed,0,0,,http_manifest,known,403,manifest,"Client error '403 ' for url 'https://openapiproext.bnf.fr/iiif/presentation/v3/ark:/12148/bd6t51126433k/manifest.json'
For more information check: https://developer.mozilla.org/en-US/docs/Web/HTTP/Status/403",2026-07-18T20:39:01.547759
liberation,bd6t511264340,,failed,0,0,,http_manifest,known,403,manifest,"Client error '403 ' for url 'https://openapiproext.bnf.fr/iiif/presentation/v3/ark:/12148/bd6t511264340/manifest.json'
For more information check: https://developer.mozilla.org/en-US/docs/Web/HTTP/Status/403",2026-07-18T20:39:02.744389
liberation,bd6t51126226r,,failed,0,0,,http_manifest,known,403,manifest,"Client error '403 ' for url 'https://openapiproext.bnf.fr/iiif/presentation/v3/ark:/12148/bd6t51126226r/manifest.json'
For more information check: https://developer.mozilla.org/en-US/docs/Web/HTTP/Status/403",2026-07-18T20:39:03.950916
liberation,bd6t511262275,,failed,0,0,,http_manifest,known,403,manifest,"Client error '403 ' for url 'https://openapiproext.bnf.fr/iiif/presentation/v3/ark:/12148/bd6t511262275/manifest.json'
For more information check: https://developer.mozilla.org/en-US/docs/Web/HTTP/Status/403",2026-07-18T20:39:05.148276
liberation,bd6t51126228k,,failed,0,0,,http_manifest,known,403,manifest,"Client error '403 ' for url 'https://openapiproext.bnf.fr/iiif/presentation/v3/ark:/12148/bd6t51126228k/manifest.json'
For more information check: https://developer.mozilla.org/en-US/docs/Web/HTTP/Status/403",2026-07-18T20:39:06.349143
liberation,bd6t511262290,,failed,0,0,,http_manifest,known,403,manifest,"Client error '403 ' for url 'https://openapiproext.bnf.fr/iiif/presentation/v3/ark:/12148/bd6t511262290/manifest.json'
For more information check: https://developer.mozilla.org/en-US/docs/Web/HTTP/Status/403",2026-07-18T20:39:07.613867
liberation,bd6t51126230n,,failed,0,0,,http_manifest,known,403,manifest,"Client error '403 ' for url 'https://openapiproext.bnf.fr/iiif/presentation/v3/ark:/12148/bd6t51126230n/manifest.json'
For more information check: https://developer.mozilla.org/en-US/docs/Web/HTTP/Status/403",2026-07-18T20:39:08.789462
liberation,bd6t511262312,,failed,0,0,,http_manifest,known,403,manifest,"Client error '403 ' for url 'https://openapiproext.bnf.fr/iiif/presentation/v3/ark:/12148/bd6t511262312/manifest.json'
For more information check: https://developer.mozilla.org/en-US/docs/Web/HTTP/Status/403",2026-07-18T20:39:10.034348
liberation,bd6t51126232g,,failed,0,0,,http_manifest,known,403,manifest,"Client error '403 ' for url 'https://openapiproext.bnf.fr/iiif/presentation/v3/ark:/12148/bd6t51126232g/manifest.json'
For more information check: https://developer.mozilla.org/en-US/docs/Web/HTTP/Status/403",2026-07-18T20:39:11.355513
liberation,bd6t51126233w,,failed,0,0,,http_manifest,known,403,manifest,"Client error '403 ' for url 'https://openapiproext.bnf.fr/iiif/presentation/v3/ark:/12148/bd6t51126233w/manifest.json'
For more information check: https://developer.mozilla.org/en-US/docs/Web/HTTP/Status/403",2026-07-18T20:39:12.518368
liberation,bd6t511262349,,failed,0,0,,http_manifest,known,403,manifest,"Client error '403 ' for url 'https://openapiproext.bnf.fr/iiif/presentation/v3/ark:/12148/bd6t511262349/manifest.json'
For more information check: https://developer.mozilla.org/en-US/docs/Web/HTTP/Status/403",2026-07-18T20:39:13.607462
liberation,bd6t51126235q,,failed,0,0,,http_manifest,known,403,manifest,"Client error '403 ' for url 'https://openapiproext.bnf.fr/iiif/presentation/v3/ark:/12148/bd6t51126235q/manifest.json'
For more information check: https://developer.mozilla.org/en-US/docs/Web/HTTP/Status/403",2026-07-18T20:39:14.782515
liberation,bd6t511262364,,failed,0,0,,http_manifest,known,403,manifest,"Client error '403 ' for url 'https://openapiproext.bnf.fr/iiif/presentation/v3/ark:/12148/bd6t511262364/manifest.json'
For more information check: https://developer.mozilla.org/en-US/docs/Web/HTTP/Status/403",2026-07-18T20:39:15.961711
liberation,bd6t51126237j,,failed,0,0,,http_manifest,known,403,manifest,"Client error '403 ' for url 'https://openapiproext.bnf.fr/iiif/presentation/v3/ark:/12148/bd6t51126237j/manifest.json'
For more information check: https://developer.mozilla.org/en-US/docs/Web/HTTP/Status/403",2026-07-18T20:39:17.165370
liberation,bd6t51126238z,,failed,0,0,,http_manifest,known,403,manifest,"Client error '403 ' for url 'https://openapiproext.bnf.fr/iiif/presentation/v3/ark:/12148/bd6t51126238z/manifest.json'
For more information check: https://developer.mozilla.org/en-US/docs/Web/HTTP/Status/403",2026-07-18T20:39:18.364960
liberation,bd6t51126239c,,failed,0,0,,http_manifest,known,403,manifest,"Client error '403 ' for url 'https://openapiproext.bnf.fr/iiif/presentation/v3/ark:/12148/bd6t51126239c/manifest.json'
For more information check: https://developer.mozilla.org/en-US/docs/Web/HTTP/Status/403",2026-07-18T20:39:19.565705
liberation,bd6t511262401,,failed,0,0,,http_manifest,known,403,manifest,"Client error '403 ' for url 'https://openapiproext.bnf.fr/iiif/presentation/v3/ark:/12148/bd6t511262401/manifest.json'
For more information check: https://developer.mozilla.org/en-US/docs/Web/HTTP/Status/403",2026-07-18T20:39:20.767044
liberation,bd6t51126241f,,failed,0,0,,http_manifest,known,403,manifest,"Client error '403 ' for url 'https://openapiproext.bnf.fr/iiif/presentation/v3/ark:/12148/bd6t51126241f/manifest.json'
For more information check: https://developer.mozilla.org/en-US/docs/Web/HTTP/Status/403",2026-07-18T20:39:21.964520
liberation,bd6t51126242v,,failed,0,0,,http_manifest,known,403,manifest,"Client error '403 ' for url 'https://openapiproext.bnf.fr/iiif/presentation/v3/ark:/12148/bd6t51126242v/manifest.json'
For more information check: https://developer.mozilla.org/en-US/docs/Web/HTTP/Status/403",2026-07-18T20:39:23.167399
liberation,bd6t511262438,,failed,0,0,,http_manifest,known,403,manifest,"Client error '403 ' for url 'https://openapiproext.bnf.fr/iiif/presentation/v3/ark:/12148/bd6t511262438/manifest.json'
For more information check: https://developer.mozilla.org/en-US/docs/Web/HTTP/Status/403",2026-07-18T20:39:24.366583
liberation,bd6t51126244p,,failed,0,0,,http_manifest,known,403,manifest,"Client error '403 ' for url 'https://openapiproext.bnf.fr/iiif/presentation/v3/ark:/12148/bd6t51126244p/manifest.json'
For more information check: https://developer.mozilla.org/en-US/docs/Web/HTTP/Status/403",2026-07-18T20:39:25.591621
liberation,bd6t511262453,,failed,0,0,,http_manifest,known,403,manifest,"Client error '403 ' for url 'https://openapiproext.bnf.fr/iiif/presentation/v3/ark:/12148/bd6t511262453/manifest.json'
For more information check: https://developer.mozilla.org/en-US/docs/Web/HTTP/Status/403",2026-07-18T20:39:26.769726
liberation,bd6t51126246h,,failed,0,0,,http_manifest,known,403,manifest,"Client error '403 ' for url 'https://openapiproext.bnf.fr/iiif/presentation/v3/ark:/12148/bd6t51126246h/manifest.json'
For more information check: https://developer.mozilla.org/en-US/docs/Web/HTTP/Status/403",2026-07-18T20:39:27.974563
liberation,bd6t51126247x,,failed,0,0,,http_manifest,known,403,manifest,"Client error '403 ' for url 'https://openapiproext.bnf.fr/iiif/presentation/v3/ark:/12148/bd6t51126247x/manifest.json'
For more information check: https://developer.mozilla.org/en-US/docs/Web/HTTP/Status/403",2026-07-18T20:39:29.179449
liberation,bd6t51126248b,,failed,0,0,,http_manifest,known,403,manifest,"Client error '403 ' for url 'https://openapiproext.bnf.fr/iiif/presentation/v3/ark:/12148/bd6t51126248b/manifest.json'
For more information check: https://developer.mozilla.org/en-US/docs/Web/HTTP/Status/403",2026-07-18T20:39:30.373618
liberation,bd6t51126249r,,failed,0,0,,http_manifest,known,403,manifest,"Client error '403 ' for url 'https://openapiproext.bnf.fr/iiif/presentation/v3/ark:/12148/bd6t51126249r/manifest.json'
For more information check: https://developer.mozilla.org/en-US/docs/Web/HTTP/Status/403",2026-07-18T20:39:31.574674
liberation,bd6t51126250d,,failed,0,0,,http_manifest,known,403,manifest,"Client error '403 ' for url 'https://openapiproext.bnf.fr/iiif/presentation/v3/ark:/12148/bd6t51126250d/manifest.json'
For more information check: https://developer.mozilla.org/en-US/docs/Web/HTTP/Status/403",2026-07-18T20:39:32.780724
liberation,bd6t51126251t,,failed,0,0,,http_manifest,known,403,manifest,"Client error '403 ' for url 'https://openapiproext.bnf.fr/iiif/presentation/v3/ark:/12148/bd6t51126251t/manifest.json'
For more information check: https://developer.mozilla.org/en-US/docs/Web/HTTP/Status/403",2026-07-18T20:39:33.977944
liberation,bd6t511262527,,failed,0,0,,http_manifest,known,403,manifest,"Client error '403 ' for url 'https://openapiproext.bnf.fr/iiif/presentation/v3/ark:/12148/bd6t511262527/manifest.json'
For more information check: https://developer.mozilla.org/en-US/docs/Web/HTTP/Status/403",2026-07-18T20:39:35.180004
liberation,bd6t51126253n,,failed,0,0,,http_manifest,known,403,manifest,"Client error '403 ' for url 'https://openapiproext.bnf.fr/iiif/presentation/v3/ark:/12148/bd6t51126253n/manifest.json'
For more information check: https://developer.mozilla.org/en-US/docs/Web/HTTP/Status/403",2026-07-18T20:39:36.386171
liberation,bd6t511262542,,failed,0,0,,http_manifest,known,403,manifest,"Client error '403 ' for url 'https://openapiproext.bnf.fr/iiif/presentation/v3/ark:/12148/bd6t511262542/manifest.json'
For more information check: https://developer.mozilla.org/en-US/docs/Web/HTTP/Status/403",2026-07-18T20:39:37.605267
liberation,bd6t51126255g,,failed,0,0,,http_manifest,known,403,manifest,"Client error '403 ' for url 'https://openapiproext.bnf.fr/iiif/presentation/v3/ark:/12148/bd6t51126255g/manifest.json'
For more information check: https://developer.mozilla.org/en-US/docs/Web/HTTP/Status/403",2026-07-18T20:39:38.783341
liberation,bd6t51126256w,,failed,0,0,,http_manifest,known,403,manifest,"Client error '403 ' for url 'https://openapiproext.bnf.fr/iiif/presentation/v3/ark:/12148/bd6t51126256w/manifest.json'
For more information check: https://developer.mozilla.org/en-US/docs/Web/HTTP/Status/403",2026-07-18T20:39:39.991905
liberation,bd6t511262579,,failed,0,0,,http_manifest,known,403,manifest,"Client error '403 ' for url 'https://openapiproext.bnf.fr/iiif/presentation/v3/ark:/12148/bd6t511262579/manifest.json'
For more information check: https://developer.mozilla.org/en-US/docs/Web/HTTP/Status/403",2026-07-18T20:39:41.183965
liberation,bd6t51126258q,,failed,0,0,,http_manifest,known,403,manifest,"Client error '403 ' for url 'https://openapiproext.bnf.fr/iiif/presentation/v3/ark:/12148/bd6t51126258q/manifest.json'
For more information check: https://developer.mozilla.org/en-US/docs/Web/HTTP/Status/403",2026-07-18T20:39:42.386533
liberation,bd6t511262594,,failed,0,0,,http_manifest,known,403,manifest,"Client error '403 ' for url 'https://openapiproext.bnf.fr/iiif/presentation/v3/ark:/12148/bd6t511262594/manifest.json'
For more information check: https://developer.mozilla.org/en-US/docs/Web/HTTP/Status/403",2026-07-18T20:39:43.613014
liberation,bd6t51126260s,,failed,0,0,,http_manifest,known,403,manifest,"Client error '403 ' for url 'https://openapiproext.bnf.fr/iiif/presentation/v3/ark:/12148/bd6t51126260s/manifest.json'
For more information check: https://developer.mozilla.org/en-US/docs/Web/HTTP/Status/403",2026-07-18T20:39:44.797254
liberation,bd6t511262616,,failed,0,0,,http_manifest,known,403,manifest,"Client error '403 ' for url 'https://openapiproext.bnf.fr/iiif/presentation/v3/ark:/12148/bd6t511262616/manifest.json'
For more information check: https://developer.mozilla.org/en-US/docs/Web/HTTP/Status/403",2026-07-18T20:39:45.992639
liberation,bd6t51126262m,,failed,0,0,,http_manifest,known,403,manifest,"Client error '403 ' for url 'https://openapiproext.bnf.fr/iiif/presentation/v3/ark:/12148/bd6t51126262m/manifest.json'
For more information check: https://developer.mozilla.org/en-US/docs/Web/HTTP/Status/403",2026-07-18T20:39:47.192360
liberation,bd6t511262631,,failed,0,0,,http_manifest,known,403,manifest,"Client error '403 ' for url 'https://openapiproext.bnf.fr/iiif/presentation/v3/ark:/12148/bd6t511262631/manifest.json'
For more information check: https://developer.mozilla.org/en-US/docs/Web/HTTP/Status/403",2026-07-18T20:39:48.396144
liberation,bd6t51126264f,,failed,0,0,,http_manifest,known,403,manifest,"Client error '403 ' for url 'https://openapiproext.bnf.fr/iiif/presentation/v3/ark:/12148/bd6t51126264f/manifest.json'
For more information check: https://developer.mozilla.org/en-US/docs/Web/HTTP/Status/403",2026-07-18T20:39:49.595448
liberation,bd6t51126265v,,failed,0,0,,http_manifest,known,403,manifest,"Client error '403 ' for url 'https://openapiproext.bnf.fr/iiif/presentation/v3/ark:/12148/bd6t51126265v/manifest.json'
For more information check: https://developer.mozilla.org/en-US/docs/Web/HTTP/Status/403",2026-07-18T20:39:50.797715
liberation,bd6t511262668,,failed,0,0,,http_manifest,known,403,manifest,"Client error '403 ' for url 'https://openapiproext.bnf.fr/iiif/presentation/v3/ark:/12148/bd6t511262668/manifest.json'
For more information check: https://developer.mozilla.org/en-US/docs/Web/HTTP/Status/403",2026-07-18T20:39:52.000049
liberation,bd6t51126267p,,failed,0,0,,http_manifest,known,403,manifest,"Client error '403 ' for url 'https://openapiproext.bnf.fr/iiif/presentation/v3/ark:/12148/bd6t51126267p/manifest.json'
For more information check: https://developer.mozilla.org/en-US/docs/Web/HTTP/Status/403",2026-07-18T20:39:53.199828
liberation,bd6t511262683,,failed,0,0,,http_manifest,known,403,manifest,"Client error '403 ' for url 'https://openapiproext.bnf.fr/iiif/presentation/v3/ark:/12148/bd6t511262683/manifest.json'
For more information check: https://developer.mozilla.org/en-US/docs/Web/HTTP/Status/403",2026-07-18T20:39:54.403846
liberation,bd6t51126269h,,failed,0,0,,http_manifest,known,403,manifest,"Client error '403 ' for url 'https://openapiproext.bnf.fr/iiif/presentation/v3/ark:/12148/bd6t51126269h/manifest.json'
For more information check: https://developer.mozilla.org/en-US/docs/Web/HTTP/Status/403",2026-07-18T20:39:55.628606
liberation,bd6t511262705,,failed,0,0,,http_manifest,known,403,manifest,"Client error '403 ' for url 'https://openapiproext.bnf.fr/iiif/presentation/v3/ark:/12148/bd6t511262705/manifest.json'
For more information check: https://developer.mozilla.org/en-US/docs/Web/HTTP/Status/403",2026-07-18T20:39:56.805048
liberation,bd6t51126271k,,failed,0,0,,http_manifest,known,403,manifest,"Client error '403 ' for url 'https://openapiproext.bnf.fr/iiif/presentation/v3/ark:/12148/bd6t51126271k/manifest.json'
For more information check: https://developer.mozilla.org/en-US/docs/Web/HTTP/Status/403",2026-07-18T20:39:58.006694
liberation,bd6t511262720,,failed,0,0,,http_manifest,known,403,manifest,"Client error '403 ' for url 'https://openapiproext.bnf.fr/iiif/presentation/v3/ark:/12148/bd6t511262720/manifest.json'
For more information check: https://developer.mozilla.org/en-US/docs/Web/HTTP/Status/403",2026-07-18T20:39:59.205144
liberation,bd6t51126273d,,failed,0,0,,http_manifest,known,403,manifest,"Client error '403 ' for url 'https://openapiproext.bnf.fr/iiif/presentation/v3/ark:/12148/bd6t51126273d/manifest.json'
For more information check: https://developer.mozilla.org/en-US/docs/Web/HTTP/Status/403",2026-07-18T20:40:00.405734
liberation,bd6t51126274t,,failed,0,0,,http_manifest,known,403,manifest,"Client error '403 ' for url 'https://openapiproext.bnf.fr/iiif/presentation/v3/ark:/12148/bd6t51126274t/manifest.json'
For more information check: https://developer.mozilla.org/en-US/docs/Web/HTTP/Status/403",2026-07-18T20:40:01.605990
liberation,bd6t511262757,,failed,0,0,,http_manifest,known,403,manifest,"Client error '403 ' for url 'https://openapiproext.bnf.fr/iiif/presentation/v3/ark:/12148/bd6t511262757/manifest.json'
For more information check: https://developer.mozilla.org/en-US/docs/Web/HTTP/Status/403",2026-07-18T20:40:02.811676
liberation,bd6t51126276n,,failed,0,0,,http_manifest,known,403,manifest,"Client error '403 ' for url 'https://openapiproext.bnf.fr/iiif/presentation/v3/ark:/12148/bd6t51126276n/manifest.json'
For more information check: https://developer.mozilla.org/en-US/docs/Web/HTTP/Status/403",2026-07-18T20:40:04.011557
liberation,bd6t511262772,,failed,0,0,,http_manifest,known,403,manifest,"Client error '403 ' for url 'https://openapiproext.bnf.fr/iiif/presentation/v3/ark:/12148/bd6t511262772/manifest.json'
For more information check: https://developer.mozilla.org/en-US/docs/Web/HTTP/Status/403",2026-07-18T20:40:05.211515
liberation,bd6t51126278g,,failed,0,0,,http_manifest,known,403,manifest,"Client error '403 ' for url 'https://openapiproext.bnf.fr/iiif/presentation/v3/ark:/12148/bd6t51126278g/manifest.json'
For more information check: https://developer.mozilla.org/en-US/docs/Web/HTTP/Status/403",2026-07-18T20:40:06.482136
liberation,bd6t51126279w,,failed,0,0,,http_manifest,known,403,manifest,"Client error '403 ' for url 'https://openapiproext.bnf.fr/iiif/presentation/v3/ark:/12148/bd6t51126279w/manifest.json'
For more information check: https://developer.mozilla.org/en-US/docs/Web/HTTP/Status/403",2026-07-18T20:40:07.681630
liberation,bd6t51126280j,,failed,0,0,,http_manifest,known,403,manifest,"Client error '403 ' for url 'https://openapiproext.bnf.fr/iiif/presentation/v3/ark:/12148/bd6t51126280j/manifest.json'
For more information check: https://developer.mozilla.org/en-US/docs/Web/HTTP/Status/403",2026-07-18T20:40:08.815979
liberation,bd6t51126281z,,failed,0,0,,http_manifest,known,403,manifest,"Client error '403 ' for url 'https://openapiproext.bnf.fr/iiif/presentation/v3/ark:/12148/bd6t51126281z/manifest.json'
For more information check: https://developer.mozilla.org/en-US/docs/Web/HTTP/Status/403",2026-07-18T20:40:10.192351
liberation,bd6t51126282c,,failed,0,0,,http_manifest,known,403,manifest,"Client error '403 ' for url 'https://openapiproext.bnf.fr/iiif/presentation/v3/ark:/12148/bd6t51126282c/manifest.json'
For more information check: https://developer.mozilla.org/en-US/docs/Web/HTTP/Status/403",2026-07-18T20:40:11.216420
liberation,bd6t51126283s,,failed,0,0,,http_manifest,known,403,manifest,"Client error '403 ' for url 'https://openapiproext.bnf.fr/iiif/presentation/v3/ark:/12148/bd6t51126283s/manifest.json'
For more information check: https://developer.mozilla.org/en-US/docs/Web/HTTP/Status/403",2026-07-18T20:40:12.540190
liberation,bd6t511262846,,failed,0,0,,http_manifest,known,403,manifest,"Client error '403 ' for url 'https://openapiproext.bnf.fr/iiif/presentation/v3/ark:/12148/bd6t511262846/manifest.json'
For more information check: https://developer.mozilla.org/en-US/docs/Web/HTTP/Status/403",2026-07-18T20:40:13.802138
liberation,bd6t51126285m,,failed,0,0,,http_manifest,known,403,manifest,"Client error '403 ' for url 'https://openapiproext.bnf.fr/iiif/presentation/v3/ark:/12148/bd6t51126285m/manifest.json'
For more information check: https://developer.mozilla.org/en-US/docs/Web/HTTP/Status/403",2026-07-18T20:40:14.824385
liberation,bd6t511262861,,failed,0,0,,http_manifest,known,403,manifest,"Client error '403 ' for url 'https://openapiproext.bnf.fr/iiif/presentation/v3/ark:/12148/bd6t511262861/manifest.json'
For more information check: https://developer.mozilla.org/en-US/docs/Web/HTTP/Status/403",2026-07-18T20:40:16.024805
liberation,bd6t51126287f,,failed,0,0,,http_manifest,known,403,manifest,"Client error '403 ' for url 'https://openapiproext.bnf.fr/iiif/presentation/v3/ark:/12148/bd6t51126287f/manifest.json'
For more information check: https://developer.mozilla.org/en-US/docs/Web/HTTP/Status/403",2026-07-18T20:40:17.224524
liberation,bd6t51126288v,,failed,0,0,,http_manifest,known,403,manifest,"Client error '403 ' for url 'https://openapiproext.bnf.fr/iiif/presentation/v3/ark:/12148/bd6t51126288v/manifest.json'
For more information check: https://developer.mozilla.org/en-US/docs/Web/HTTP/Status/403",2026-07-18T20:40:18.514422
liberation,bd6t511262898,,failed,0,0,,http_manifest,known,403,manifest,"Client error '403 ' for url 'https://openapiproext.bnf.fr/iiif/presentation/v3/ark:/12148/bd6t511262898/manifest.json'
For more information check: https://developer.mozilla.org/en-US/docs/Web/HTTP/Status/403",2026-07-18T20:40:19.628251
liberation,bd6t51126290x,,failed,0,0,,http_manifest,known,403,manifest,"Client error '403 ' for url 'https://openapiproext.bnf.fr/iiif/presentation/v3/ark:/12148/bd6t51126290x/manifest.json'
For more information check: https://developer.mozilla.org/en-US/docs/Web/HTTP/Status/403",2026-07-18T20:40:20.979029
liberation,bd6t51126291b,,failed,0,0,,http_manifest,known,403,manifest,"Client error '403 ' for url 'https://openapiproext.bnf.fr/iiif/presentation/v3/ark:/12148/bd6t51126291b/manifest.json'
For more information check: https://developer.mozilla.org/en-US/docs/Web/HTTP/Status/403",2026-07-18T20:40:22.127857
liberation,bd6t51126292r,,failed,0,0,,http_manifest,known,403,manifest,"Client error '403 ' for url 'https://openapiproext.bnf.fr/iiif/presentation/v3/ark:/12148/bd6t51126292r/manifest.json'
For more information check: https://developer.mozilla.org/en-US/docs/Web/HTTP/Status/403",2026-07-18T20:40:23.229779
liberation,bd6t511262935,,failed,0,0,,http_manifest,known,403,manifest,"Client error '403 ' for url 'https://openapiproext.bnf.fr/iiif/presentation/v3/ark:/12148/bd6t511262935/manifest.json'
For more information check: https://developer.mozilla.org/en-US/docs/Web/HTTP/Status/403",2026-07-18T20:40:24.543169
liberation,bd6t51126294k,,failed,0,0,,http_manifest,known,403,manifest,"Client error '403 ' for url 'https://openapiproext.bnf.fr/iiif/presentation/v3/ark:/12148/bd6t51126294k/manifest.json'
For more information check: https://developer.mozilla.org/en-US/docs/Web/HTTP/Status/403",2026-07-18T20:40:25.827031
liberation,bd6t511262950,,failed,0,0,,http_manifest,known,403,manifest,"Client error '403 ' for url 'https://openapiproext.bnf.fr/iiif/presentation/v3/ark:/12148/bd6t511262950/manifest.json'
For more information check: https://developer.mozilla.org/en-US/docs/Web/HTTP/Status/403",2026-07-18T20:40:26.863515
liberation,bd6t51126296d,,failed,0,0,,http_manifest,known,403,manifest,"Client error '403 ' for url 'https://openapiproext.bnf.fr/iiif/presentation/v3/ark:/12148/bd6t51126296d/manifest.json'
For more information check: https://developer.mozilla.org/en-US/docs/Web/HTTP/Status/403",2026-07-18T20:40:28.036229
liberation,bd6t51126297t,,failed,0,0,,http_manifest,known,403,manifest,"Client error '403 ' for url 'https://openapiproext.bnf.fr/iiif/presentation/v3/ark:/12148/bd6t51126297t/manifest.json'
For more information check: https://developer.mozilla.org/en-US/docs/Web/HTTP/Status/403",2026-07-18T20:40:29.243121
liberation,bd6t511262987,,failed,0,0,,http_manifest,known,403,manifest,"Client error '403 ' for url 'https://openapiproext.bnf.fr/iiif/presentation/v3/ark:/12148/bd6t511262987/manifest.json'
For more information check: https://developer.mozilla.org/en-US/docs/Web/HTTP/Status/403",2026-07-18T20:40:30.437951
liberation,bd6t51126299n,,failed,0,0,,http_manifest,known,403,manifest,"Client error '403 ' for url 'https://openapiproext.bnf.fr/iiif/presentation/v3/ark:/12148/bd6t51126299n/manifest.json'
For more information check: https://developer.mozilla.org/en-US/docs/Web/HTTP/Status/403",2026-07-18T20:40:31.644972
liberation,bd6t51126300v,,failed,0,0,,http_manifest,known,403,manifest,"Client error '403 ' for url 'https://openapiproext.bnf.fr/iiif/presentation/v3/ark:/12148/bd6t51126300v/manifest.json'
For more information check: https://developer.mozilla.org/en-US/docs/Web/HTTP/Status/403",2026-07-18T20:40:32.844885
liberation,bd6t511263018,,failed,0,0,,http_manifest,known,403,manifest,"Client error '403 ' for url 'https://openapiproext.bnf.fr/iiif/presentation/v3/ark:/12148/bd6t511263018/manifest.json'
For more information check: https://developer.mozilla.org/en-US/docs/Web/HTTP/Status/403",2026-07-18T20:40:34.041243
liberation,bd6t51126302p,,failed,0,0,,http_manifest,known,403,manifest,"Client error '403 ' for url 'https://openapiproext.bnf.fr/iiif/presentation/v3/ark:/12148/bd6t51126302p/manifest.json'
For more information check: https://developer.mozilla.org/en-US/docs/Web/HTTP/Status/403",2026-07-18T20:40:35.244294
liberation,bd6t511263033,,failed,0,0,,http_manifest,known,403,manifest,"Client error '403 ' for url 'https://openapiproext.bnf.fr/iiif/presentation/v3/ark:/12148/bd6t511263033/manifest.json'
For more information check: https://developer.mozilla.org/en-US/docs/Web/HTTP/Status/403",2026-07-18T20:40:36.449985
liberation,bd6t51126304h,,failed,0,0,,http_manifest,known,403,manifest,"Client error '403 ' for url 'https://openapiproext.bnf.fr/iiif/presentation/v3/ark:/12148/bd6t51126304h/manifest.json'
For more information check: https://developer.mozilla.org/en-US/docs/Web/HTTP/Status/403",2026-07-18T20:40:37.671863
liberation,bd6t51126305x,,failed,0,0,,http_manifest,known,403,manifest,"Client error '403 ' for url 'https://openapiproext.bnf.fr/iiif/presentation/v3/ark:/12148/bd6t51126305x/manifest.json'
For more information check: https://developer.mozilla.org/en-US/docs/Web/HTTP/Status/403",2026-07-18T20:40:38.851206
liberation,bd6t51126306b,,failed,0,0,,http_manifest,known,403,manifest,"Client error '403 ' for url 'https://openapiproext.bnf.fr/iiif/presentation/v3/ark:/12148/bd6t51126306b/manifest.json'
For more information check: https://developer.mozilla.org/en-US/docs/Web/HTTP/Status/403",2026-07-18T20:40:40.053863
liberation,bd6t51126307r,,failed,0,0,,http_manifest,known,403,manifest,"Client error '403 ' for url 'https://openapiproext.bnf.fr/iiif/presentation/v3/ark:/12148/bd6t51126307r/manifest.json'
For more information check: https://developer.mozilla.org/en-US/docs/Web/HTTP/Status/403",2026-07-18T20:40:41.247574
liberation,bd6t511263085,,failed,0,0,,http_manifest,known,403,manifest,"Client error '403 ' for url 'https://openapiproext.bnf.fr/iiif/presentation/v3/ark:/12148/bd6t511263085/manifest.json'
For more information check: https://developer.mozilla.org/en-US/docs/Web/HTTP/Status/403",2026-07-18T20:40:42.450592
liberation,bd6t51126309k,,failed,0,0,,http_manifest,known,403,manifest,"Client error '403 ' for url 'https://openapiproext.bnf.fr/iiif/presentation/v3/ark:/12148/bd6t51126309k/manifest.json'
For more information check: https://developer.mozilla.org/en-US/docs/Web/HTTP/Status/403",2026-07-18T20:40:43.676660
liberation,bd6t511263107,,failed,0,0,,http_manifest,known,403,manifest,"Client error '403 ' for url 'https://openapiproext.bnf.fr/iiif/presentation/v3/ark:/12148/bd6t511263107/manifest.json'
For more information check: https://developer.mozilla.org/en-US/docs/Web/HTTP/Status/403",2026-07-18T20:40:44.853963
liberation,bd6t51126311n,,failed,0,0,,http_manifest,known,403,manifest,"Client error '403 ' for url 'https://openapiproext.bnf.fr/iiif/presentation/v3/ark:/12148/bd6t51126311n/manifest.json'
For more information check: https://developer.mozilla.org/en-US/docs/Web/HTTP/Status/403",2026-07-18T20:40:46.057894
liberation,bd6t511263122,,failed,0,0,,http_manifest,known,403,manifest,"Client error '403 ' for url 'https://openapiproext.bnf.fr/iiif/presentation/v3/ark:/12148/bd6t511263122/manifest.json'
For more information check: https://developer.mozilla.org/en-US/docs/Web/HTTP/Status/403",2026-07-18T20:40:47.257595
liberation,bd6t51126313g,,failed,0,0,,http_manifest,known,403,manifest,"Client error '403 ' for url 'https://openapiproext.bnf.fr/iiif/presentation/v3/ark:/12148/bd6t51126313g/manifest.json'
For more information check: https://developer.mozilla.org/en-US/docs/Web/HTTP/Status/403",2026-07-18T20:40:48.460999
liberation,bd6t51126314w,,failed,0,0,,http_manifest,known,403,manifest,"Client error '403 ' for url 'https://openapiproext.bnf.fr/iiif/presentation/v3/ark:/12148/bd6t51126314w/manifest.json'
For more information check: https://developer.mozilla.org/en-US/docs/Web/HTTP/Status/403",2026-07-18T20:40:49.660847
liberation,bd6t511263159,,failed,0,0,,http_manifest,known,403,manifest,"Client error '403 ' for url 'https://openapiproext.bnf.fr/iiif/presentation/v3/ark:/12148/bd6t511263159/manifest.json'
For more information check: https://developer.mozilla.org/en-US/docs/Web/HTTP/Status/403",2026-07-18T20:40:50.864323
liberation,bd6t51126316q,,failed,0,0,,http_manifest,known,403,manifest,"Client error '403 ' for url 'https://openapiproext.bnf.fr/iiif/presentation/v3/ark:/12148/bd6t51126316q/manifest.json'
For more information check: https://developer.mozilla.org/en-US/docs/Web/HTTP/Status/403",2026-07-18T20:40:52.074106
liberation,bd6t511263174,,failed,0,0,,http_manifest,known,403,manifest,"Client error '403 ' for url 'https://openapiproext.bnf.fr/iiif/presentation/v3/ark:/12148/bd6t511263174/manifest.json'
For more information check: https://developer.mozilla.org/en-US/docs/Web/HTTP/Status/403",2026-07-18T20:40:53.268936
liberation,bd6t51126318j,,failed,0,0,,http_manifest,known,403,manifest,"Client error '403 ' for url 'https://openapiproext.bnf.fr/iiif/presentation/v3/ark:/12148/bd6t51126318j/manifest.json'
For more information check: https://developer.mozilla.org/en-US/docs/Web/HTTP/Status/403",2026-07-18T20:40:54.467939
liberation,bd6t51126319z,,failed,0,0,,http_manifest,known,403,manifest,"Client error '403 ' for url 'https://openapiproext.bnf.fr/iiif/presentation/v3/ark:/12148/bd6t51126319z/manifest.json'
For more information check: https://developer.mozilla.org/en-US/docs/Web/HTTP/Status/403",2026-07-18T20:40:55.715743
liberation,bd6t51126320m,,failed,0,0,,http_manifest,known,403,manifest,"Client error '403 ' for url 'https://openapiproext.bnf.fr/iiif/presentation/v3/ark:/12148/bd6t51126320m/manifest.json'
For more information check: https://developer.mozilla.org/en-US/docs/Web/HTTP/Status/403",2026-07-18T20:40:56.866667
liberation,bd6t511263211,,failed,0,0,,http_manifest,known,403,manifest,"Client error '403 ' for url 'https://openapiproext.bnf.fr/iiif/presentation/v3/ark:/12148/bd6t511263211/manifest.json'
For more information check: https://developer.mozilla.org/en-US/docs/Web/HTTP/Status/403",2026-07-18T20:40:58.069032
liberation,bd6t51126322f,,failed,0,0,,http_manifest,known,403,manifest,"Client error '403 ' for url 'https://openapiproext.bnf.fr/iiif/presentation/v3/ark:/12148/bd6t51126322f/manifest.json'
For more information check: https://developer.mozilla.org/en-US/docs/Web/HTTP/Status/403",2026-07-18T20:40:59.272423
liberation,bd6t51126323v,,failed,0,0,,http_manifest,known,403,manifest,"Client error '403 ' for url 'https://openapiproext.bnf.fr/iiif/presentation/v3/ark:/12148/bd6t51126323v/manifest.json'
For more information check: https://developer.mozilla.org/en-US/docs/Web/HTTP/Status/403",2026-07-18T20:41:00.479232
liberation,bd6t511263248,,failed,0,0,,http_manifest,known,403,manifest,"Client error '403 ' for url 'https://openapiproext.bnf.fr/iiif/presentation/v3/ark:/12148/bd6t511263248/manifest.json'
For more information check: https://developer.mozilla.org/en-US/docs/Web/HTTP/Status/403",2026-07-18T20:41:01.693311
liberation,bd6t51126325p,,failed,0,0,,http_manifest,known,403,manifest,"Client error '403 ' for url 'https://openapiproext.bnf.fr/iiif/presentation/v3/ark:/12148/bd6t51126325p/manifest.json'
For more information check: https://developer.mozilla.org/en-US/docs/Web/HTTP/Status/403",2026-07-18T20:41:02.877848
liberation,bd6t511263263,,failed,0,0,,http_manifest,known,403,manifest,"Client error '403 ' for url 'https://openapiproext.bnf.fr/iiif/presentation/v3/ark:/12148/bd6t511263263/manifest.json'
For more information check: https://developer.mozilla.org/en-US/docs/Web/HTTP/Status/403",2026-07-18T20:41:04.077750
liberation,bd6t51126327h,,failed,0,0,,http_manifest,known,403,manifest,"Client error '403 ' for url 'https://openapiproext.bnf.fr/iiif/presentation/v3/ark:/12148/bd6t51126327h/manifest.json'
For more information check: https://developer.mozilla.org/en-US/docs/Web/HTTP/Status/403",2026-07-18T20:41:05.277767
liberation,bd6t51126328x,,failed,0,0,,http_manifest,known,403,manifest,"Client error '403 ' for url 'https://openapiproext.bnf.fr/iiif/presentation/v3/ark:/12148/bd6t51126328x/manifest.json'
For more information check: https://developer.mozilla.org/en-US/docs/Web/HTTP/Status/403",2026-07-18T20:41:06.482547
liberation,bd6t51126329b,,failed,0,0,,http_manifest,known,403,manifest,"Client error '403 ' for url 'https://openapiproext.bnf.fr/iiif/presentation/v3/ark:/12148/bd6t51126329b/manifest.json'
For more information check: https://developer.mozilla.org/en-US/docs/Web/HTTP/Status/403",2026-07-18T20:41:07.699513
liberation,bd6t51126121b,,failed,0,0,,http_manifest,known,403,manifest,"Client error '403 ' for url 'https://openapiproext.bnf.fr/iiif/presentation/v3/ark:/12148/bd6t51126121b/manifest.json'
For more information check: https://developer.mozilla.org/en-US/docs/Web/HTTP/Status/403",2026-07-18T20:41:08.912081
liberation,bd6t51126122r,,failed,0,0,,http_manifest,known,403,manifest,"Client error '403 ' for url 'https://openapiproext.bnf.fr/iiif/presentation/v3/ark:/12148/bd6t51126122r/manifest.json'
For more information check: https://developer.mozilla.org/en-US/docs/Web/HTTP/Status/403",2026-07-18T20:41:10.365405
liberation,bd6t511261235,,failed,0,0,,http_manifest,known,403,manifest,"Client error '403 ' for url 'https://openapiproext.bnf.fr/iiif/presentation/v3/ark:/12148/bd6t511261235/manifest.json'
For more information check: https://developer.mozilla.org/en-US/docs/Web/HTTP/Status/403",2026-07-18T20:41:11.289553
liberation,bd6t51126124k,,failed,0,0,,http_manifest,known,403,manifest,"Client error '403 ' for url 'https://openapiproext.bnf.fr/iiif/presentation/v3/ark:/12148/bd6t51126124k/manifest.json'
For more information check: https://developer.mozilla.org/en-US/docs/Web/HTTP/Status/403",2026-07-18T20:41:12.485452
liberation,bd6t511261250,,failed,0,0,,http_manifest,known,403,manifest,"Client error '403 ' for url 'https://openapiproext.bnf.fr/iiif/presentation/v3/ark:/12148/bd6t511261250/manifest.json'
For more information check: https://developer.mozilla.org/en-US/docs/Web/HTTP/Status/403",2026-07-18T20:41:13.766660
liberation,bd6t51126126d,,failed,0,0,,http_manifest,known,403,manifest,"Client error '403 ' for url 'https://openapiproext.bnf.fr/iiif/presentation/v3/ark:/12148/bd6t51126126d/manifest.json'
For more information check: https://developer.mozilla.org/en-US/docs/Web/HTTP/Status/403",2026-07-18T20:41:14.895977
liberation,bd6t51126127t,,failed,0,0,,http_manifest,known,403,manifest,"Client error '403 ' for url 'https://openapiproext.bnf.fr/iiif/presentation/v3/ark:/12148/bd6t51126127t/manifest.json'
For more information check: https://developer.mozilla.org/en-US/docs/Web/HTTP/Status/403",2026-07-18T20:41:16.191515
liberation,bd6t511261287,,failed,0,0,,http_manifest,known,403,manifest,"Client error '403 ' for url 'https://openapiproext.bnf.fr/iiif/presentation/v3/ark:/12148/bd6t511261287/manifest.json'
For more information check: https://developer.mozilla.org/en-US/docs/Web/HTTP/Status/403",2026-07-18T20:41:17.297575
liberation,bd6t51126129n,,failed,0,0,,http_manifest,known,403,manifest,"Client error '403 ' for url 'https://openapiproext.bnf.fr/iiif/presentation/v3/ark:/12148/bd6t51126129n/manifest.json'
For more information check: https://developer.mozilla.org/en-US/docs/Web/HTTP/Status/403",2026-07-18T20:41:18.493651
liberation,bd6t511261309,,failed,0,0,,http_manifest,known,403,manifest,"Client error '403 ' for url 'https://openapiproext.bnf.fr/iiif/presentation/v3/ark:/12148/bd6t511261309/manifest.json'
For more information check: https://developer.mozilla.org/en-US/docs/Web/HTTP/Status/403",2026-07-18T20:41:19.748838
liberation,bd6t51126131q,,failed,0,0,,http_manifest,known,403,manifest,"Client error '403 ' for url 'https://openapiproext.bnf.fr/iiif/presentation/v3/ark:/12148/bd6t51126131q/manifest.json'
For more information check: https://developer.mozilla.org/en-US/docs/Web/HTTP/Status/403",2026-07-18T20:41:20.903724
liberation,bd6t511261324,,failed,0,0,,http_manifest,known,403,manifest,"Client error '403 ' for url 'https://openapiproext.bnf.fr/iiif/presentation/v3/ark:/12148/bd6t511261324/manifest.json'
For more information check: https://developer.mozilla.org/en-US/docs/Web/HTTP/Status/403",2026-07-18T20:41:22.166203
liberation,bd6t51126133j,,failed,0,0,,http_manifest,known,403,manifest,"Client error '403 ' for url 'https://openapiproext.bnf.fr/iiif/presentation/v3/ark:/12148/bd6t51126133j/manifest.json'
For more information check: https://developer.mozilla.org/en-US/docs/Web/HTTP/Status/403",2026-07-18T20:41:23.493016
liberation,bd6t51126134z,,failed,0,0,,http_manifest,known,403,manifest,"Client error '403 ' for url 'https://openapiproext.bnf.fr/iiif/presentation/v3/ark:/12148/bd6t51126134z/manifest.json'
For more information check: https://developer.mozilla.org/en-US/docs/Web/HTTP/Status/403",2026-07-18T20:41:24.500061
liberation,bd6t51126135c,,failed,0,0,,http_manifest,known,403,manifest,"Client error '403 ' for url 'https://openapiproext.bnf.fr/iiif/presentation/v3/ark:/12148/bd6t51126135c/manifest.json'
For more information check: https://developer.mozilla.org/en-US/docs/Web/HTTP/Status/403",2026-07-18T20:41:25.725308
liberation,bd6t51126136s,,failed,0,0,,http_manifest,known,403,manifest,"Client error '403 ' for url 'https://openapiproext.bnf.fr/iiif/presentation/v3/ark:/12148/bd6t51126136s/manifest.json'
For more information check: https://developer.mozilla.org/en-US/docs/Web/HTTP/Status/403",2026-07-18T20:41:26.902388
liberation,bd6t511261376,,failed,0,0,,http_manifest,known,403,manifest,"Client error '403 ' for url 'https://openapiproext.bnf.fr/iiif/presentation/v3/ark:/12148/bd6t511261376/manifest.json'
For more information check: https://developer.mozilla.org/en-US/docs/Web/HTTP/Status/403",2026-07-18T20:41:28.101729
liberation,bd6t51126138m,,failed,0,0,,http_manifest,known,403,manifest,"Client error '403 ' for url 'https://openapiproext.bnf.fr/iiif/presentation/v3/ark:/12148/bd6t51126138m/manifest.json'
For more information check: https://developer.mozilla.org/en-US/docs/Web/HTTP/Status/403",2026-07-18T20:41:29.311192
liberation,bd6t511261391,,failed,0,0,,http_manifest,known,403,manifest,"Client error '403 ' for url 'https://openapiproext.bnf.fr/iiif/presentation/v3/ark:/12148/bd6t511261391/manifest.json'
For more information check: https://developer.mozilla.org/en-US/docs/Web/HTTP/Status/403",2026-07-18T20:41:30.509578
liberation,bd6t51126140p,,failed,0,0,,http_manifest,known,403,manifest,"Client error '403 ' for url 'https://openapiproext.bnf.fr/iiif/presentation/v3/ark:/12148/bd6t51126140p/manifest.json'
For more information check: https://developer.mozilla.org/en-US/docs/Web/HTTP/Status/403",2026-07-18T20:41:31.726086
liberation,bd6t511261413,,failed,0,0,,http_manifest,known,403,manifest,"Client error '403 ' for url 'https://openapiproext.bnf.fr/iiif/presentation/v3/ark:/12148/bd6t511261413/manifest.json'
For more information check: https://developer.mozilla.org/en-US/docs/Web/HTTP/Status/403",2026-07-18T20:41:32.913001
liberation,bd6t51126142h,,failed,0,0,,http_manifest,known,403,manifest,"Client error '403 ' for url 'https://openapiproext.bnf.fr/iiif/presentation/v3/ark:/12148/bd6t51126142h/manifest.json'
For more information check: https://developer.mozilla.org/en-US/docs/Web/HTTP/Status/403",2026-07-18T20:41:34.111523
liberation,bd6t51126143x,,failed,0,0,,http_manifest,known,403,manifest,"Client error '403 ' for url 'https://openapiproext.bnf.fr/iiif/presentation/v3/ark:/12148/bd6t51126143x/manifest.json'
For more information check: https://developer.mozilla.org/en-US/docs/Web/HTTP/Status/403",2026-07-18T20:41:35.313284
liberation,bd6t51126144b,,failed,0,0,,http_manifest,known,403,manifest,"Client error '403 ' for url 'https://openapiproext.bnf.fr/iiif/presentation/v3/ark:/12148/bd6t51126144b/manifest.json'
For more information check: https://developer.mozilla.org/en-US/docs/Web/HTTP/Status/403",2026-07-18T20:41:36.532898
liberation,bd6t51126145r,,failed,0,0,,http_manifest,known,403,manifest,"Client error '403 ' for url 'https://openapiproext.bnf.fr/iiif/presentation/v3/ark:/12148/bd6t51126145r/manifest.json'
For more information check: https://developer.mozilla.org/en-US/docs/Web/HTTP/Status/403",2026-07-18T20:41:37.716544
liberation,bd6t511261465,,failed,0,0,,http_manifest,known,403,manifest,"Client error '403 ' for url 'https://openapiproext.bnf.fr/iiif/presentation/v3/ark:/12148/bd6t511261465/manifest.json'
For more information check: https://developer.mozilla.org/en-US/docs/Web/HTTP/Status/403",2026-07-18T20:41:38.916372
liberation,bd6t51126147k,,failed,0,0,,http_manifest,known,403,manifest,"Client error '403 ' for url 'https://openapiproext.bnf.fr/iiif/presentation/v3/ark:/12148/bd6t51126147k/manifest.json'
For more information check: https://developer.mozilla.org/en-US/docs/Web/HTTP/Status/403",2026-07-18T20:41:40.116640
liberation,bd6t511261480,,failed,0,0,,http_manifest,known,403,manifest,"Client error '403 ' for url 'https://openapiproext.bnf.fr/iiif/presentation/v3/ark:/12148/bd6t511261480/manifest.json'
For more information check: https://developer.mozilla.org/en-US/docs/Web/HTTP/Status/403",2026-07-18T20:41:41.317976
liberation,bd6t51126149d,,failed,0,0,,http_manifest,known,403,manifest,"Client error '403 ' for url 'https://openapiproext.bnf.fr/iiif/presentation/v3/ark:/12148/bd6t51126149d/manifest.json'
For more information check: https://developer.mozilla.org/en-US/docs/Web/HTTP/Status/403",2026-07-18T20:41:42.520520
liberation,bd6t511261502,,failed,0,0,,http_manifest,known,403,manifest,"Client error '403 ' for url 'https://openapiproext.bnf.fr/iiif/presentation/v3/ark:/12148/bd6t511261502/manifest.json'
For more information check: https://developer.mozilla.org/en-US/docs/Web/HTTP/Status/403",2026-07-18T20:41:43.741514
liberation,bd6t51126151g,,failed,0,0,,http_manifest,known,403,manifest,"Client error '403 ' for url 'https://openapiproext.bnf.fr/iiif/presentation/v3/ark:/12148/bd6t51126151g/manifest.json'
For more information check: https://developer.mozilla.org/en-US/docs/Web/HTTP/Status/403",2026-07-18T20:41:44.926512
liberation,bd6t51126152w,,failed,0,0,,http_manifest,known,403,manifest,"Client error '403 ' for url 'https://openapiproext.bnf.fr/iiif/presentation/v3/ark:/12148/bd6t51126152w/manifest.json'
For more information check: https://developer.mozilla.org/en-US/docs/Web/HTTP/Status/403",2026-07-18T20:41:46.126713
liberation,bd6t511261539,,failed,0,0,,http_manifest,known,403,manifest,"Client error '403 ' for url 'https://openapiproext.bnf.fr/iiif/presentation/v3/ark:/12148/bd6t511261539/manifest.json'
For more information check: https://developer.mozilla.org/en-US/docs/Web/HTTP/Status/403",2026-07-18T20:41:47.327730
liberation,bd6t51126154q,,failed,0,0,,http_manifest,known,403,manifest,"Client error '403 ' for url 'https://openapiproext.bnf.fr/iiif/presentation/v3/ark:/12148/bd6t51126154q/manifest.json'
For more information check: https://developer.mozilla.org/en-US/docs/Web/HTTP/Status/403",2026-07-18T20:41:48.526985
liberation,bd6t511261554,,failed,0,0,,http_manifest,known,403,manifest,"Client error '403 ' for url 'https://openapiproext.bnf.fr/iiif/presentation/v3/ark:/12148/bd6t511261554/manifest.json'
For more information check: https://developer.mozilla.org/en-US/docs/Web/HTTP/Status/403",2026-07-18T20:41:49.730094
liberation,bd6t51126156j,,failed,0,0,,http_manifest,known,403,manifest,"Client error '403 ' for url 'https://openapiproext.bnf.fr/iiif/presentation/v3/ark:/12148/bd6t51126156j/manifest.json'
For more information check: https://developer.mozilla.org/en-US/docs/Web/HTTP/Status/403",2026-07-18T20:41:50.930094
liberation,bd6t51126157z,,failed,0,0,,http_manifest,known,403,manifest,"Client error '403 ' for url 'https://openapiproext.bnf.fr/iiif/presentation/v3/ark:/12148/bd6t51126157z/manifest.json'
For more information check: https://developer.mozilla.org/en-US/docs/Web/HTTP/Status/403",2026-07-18T20:41:52.132971
liberation,bd6t51126158c,,failed,0,0,,http_manifest,known,403,manifest,"Client error '403 ' for url 'https://openapiproext.bnf.fr/iiif/presentation/v3/ark:/12148/bd6t51126158c/manifest.json'
For more information check: https://developer.mozilla.org/en-US/docs/Web/HTTP/Status/403",2026-07-18T20:41:53.333729
liberation,bd6t51126159s,,failed,0,0,,http_manifest,known,403,manifest,"Client error '403 ' for url 'https://openapiproext.bnf.fr/iiif/presentation/v3/ark:/12148/bd6t51126159s/manifest.json'
For more information check: https://developer.mozilla.org/en-US/docs/Web/HTTP/Status/403",2026-07-18T20:41:54.535925
liberation,bd6t51126160f,,failed,0,0,,http_manifest,known,403,manifest,"Client error '403 ' for url 'https://openapiproext.bnf.fr/iiif/presentation/v3/ark:/12148/bd6t51126160f/manifest.json'
For more information check: https://developer.mozilla.org/en-US/docs/Web/HTTP/Status/403",2026-07-18T20:41:55.762598
liberation,bd6t51126161v,,failed,0,0,,http_manifest,known,403,manifest,"Client error '403 ' for url 'https://openapiproext.bnf.fr/iiif/presentation/v3/ark:/12148/bd6t51126161v/manifest.json'
For more information check: https://developer.mozilla.org/en-US/docs/Web/HTTP/Status/403",2026-07-18T20:41:56.939344
liberation,bd6t511261628,,failed,0,0,,http_manifest,known,403,manifest,"Client error '403 ' for url 'https://openapiproext.bnf.fr/iiif/presentation/v3/ark:/12148/bd6t511261628/manifest.json'
For more information check: https://developer.mozilla.org/en-US/docs/Web/HTTP/Status/403",2026-07-18T20:41:58.141022
liberation,bd6t51126163p,,failed,0,0,,http_manifest,known,403,manifest,"Client error '403 ' for url 'https://openapiproext.bnf.fr/iiif/presentation/v3/ark:/12148/bd6t51126163p/manifest.json'
For more information check: https://developer.mozilla.org/en-US/docs/Web/HTTP/Status/403",2026-07-18T20:41:59.340698
liberation,bd6t511261643,,failed,0,0,,http_manifest,known,403,manifest,"Client error '403 ' for url 'https://openapiproext.bnf.fr/iiif/presentation/v3/ark:/12148/bd6t511261643/manifest.json'
For more information check: https://developer.mozilla.org/en-US/docs/Web/HTTP/Status/403",2026-07-18T20:42:00.544638
liberation,bd6t51126165h,,failed,0,0,,http_manifest,known,403,manifest,"Client error '403 ' for url 'https://openapiproext.bnf.fr/iiif/presentation/v3/ark:/12148/bd6t51126165h/manifest.json'
For more information check: https://developer.mozilla.org/en-US/docs/Web/HTTP/Status/403",2026-07-18T20:42:01.769024
liberation,bd6t51126166x,,failed,0,0,,http_manifest,known,403,manifest,"Client error '403 ' for url 'https://openapiproext.bnf.fr/iiif/presentation/v3/ark:/12148/bd6t51126166x/manifest.json'
For more information check: https://developer.mozilla.org/en-US/docs/Web/HTTP/Status/403",2026-07-18T20:42:02.946983
liberation,bd6t51126167b,,failed,0,0,,http_manifest,known,403,manifest,"Client error '403 ' for url 'https://openapiproext.bnf.fr/iiif/presentation/v3/ark:/12148/bd6t51126167b/manifest.json'
For more information check: https://developer.mozilla.org/en-US/docs/Web/HTTP/Status/403",2026-07-18T20:42:04.146003
liberation,bd6t51126168r,,failed,0,0,,http_manifest,known,403,manifest,"Client error '403 ' for url 'https://openapiproext.bnf.fr/iiif/presentation/v3/ark:/12148/bd6t51126168r/manifest.json'
For more information check: https://developer.mozilla.org/en-US/docs/Web/HTTP/Status/403",2026-07-18T20:42:05.350205
liberation,bd6t511261695,,failed,0,0,,http_manifest,known,403,manifest,"Client error '403 ' for url 'https://openapiproext.bnf.fr/iiif/presentation/v3/ark:/12148/bd6t511261695/manifest.json'
For more information check: https://developer.mozilla.org/en-US/docs/Web/HTTP/Status/403",2026-07-18T20:42:06.549340
liberation,bd6t51126170t,,failed,0,0,,http_manifest,known,403,manifest,"Client error '403 ' for url 'https://openapiproext.bnf.fr/iiif/presentation/v3/ark:/12148/bd6t51126170t/manifest.json'
For more information check: https://developer.mozilla.org/en-US/docs/Web/HTTP/Status/403",2026-07-18T20:42:07.750721
liberation,bd6t511261717,,failed,0,0,,http_manifest,known,403,manifest,"Client error '403 ' for url 'https://openapiproext.bnf.fr/iiif/presentation/v3/ark:/12148/bd6t511261717/manifest.json'
For more information check: https://developer.mozilla.org/en-US/docs/Web/HTTP/Status/403",2026-07-18T20:42:08.969682
liberation,bd6t51126172n,,failed,0,0,,http_manifest,known,403,manifest,"Client error '403 ' for url 'https://openapiproext.bnf.fr/iiif/presentation/v3/ark:/12148/bd6t51126172n/manifest.json'
For more information check: https://developer.mozilla.org/en-US/docs/Web/HTTP/Status/403",2026-07-18T20:42:10.153856
liberation,bd6t511261732,,failed,0,0,,http_manifest,known,403,manifest,"Client error '403 ' for url 'https://openapiproext.bnf.fr/iiif/presentation/v3/ark:/12148/bd6t511261732/manifest.json'
For more information check: https://developer.mozilla.org/en-US/docs/Web/HTTP/Status/403",2026-07-18T20:42:11.354239
liberation,bd6t51126174g,,failed,0,0,,http_manifest,known,403,manifest,"Client error '403 ' for url 'https://openapiproext.bnf.fr/iiif/presentation/v3/ark:/12148/bd6t51126174g/manifest.json'
For more information check: https://developer.mozilla.org/en-US/docs/Web/HTTP/Status/403",2026-07-18T20:42:12.700067
liberation,bd6t51126175w,,failed,0,0,,http_manifest,known,403,manifest,"Client error '403 ' for url 'https://openapiproext.bnf.fr/iiif/presentation/v3/ark:/12148/bd6t51126175w/manifest.json'
For more information check: https://developer.mozilla.org/en-US/docs/Web/HTTP/Status/403",2026-07-18T20:42:14.006131
liberation,bd6t511261769,,failed,0,0,,http_manifest,known,403,manifest,"Client error '403 ' for url 'https://openapiproext.bnf.fr/iiif/presentation/v3/ark:/12148/bd6t511261769/manifest.json'
For more information check: https://developer.mozilla.org/en-US/docs/Web/HTTP/Status/403",2026-07-18T20:42:14.960476
liberation,bd6t51126177q,,failed,0,0,,http_manifest,known,403,manifest,"Client error '403 ' for url 'https://openapiproext.bnf.fr/iiif/presentation/v3/ark:/12148/bd6t51126177q/manifest.json'
For more information check: https://developer.mozilla.org/en-US/docs/Web/HTTP/Status/403",2026-07-18T20:42:16.161979
liberation,bd6t511261784,,failed,0,0,,http_manifest,known,403,manifest,"Client error '403 ' for url 'https://openapiproext.bnf.fr/iiif/presentation/v3/ark:/12148/bd6t511261784/manifest.json'
For more information check: https://developer.mozilla.org/en-US/docs/Web/HTTP/Status/403",2026-07-18T20:42:17.362004
liberation,bd6t51126179j,,failed,0,0,,http_manifest,known,403,manifest,"Client error '403 ' for url 'https://openapiproext.bnf.fr/iiif/presentation/v3/ark:/12148/bd6t51126179j/manifest.json'
For more information check: https://developer.mozilla.org/en-US/docs/Web/HTTP/Status/403",2026-07-18T20:42:18.562395
liberation,bd6t511261806,,failed,0,0,,http_manifest,known,403,manifest,"Client error '403 ' for url 'https://openapiproext.bnf.fr/iiif/presentation/v3/ark:/12148/bd6t511261806/manifest.json'
For more information check: https://developer.mozilla.org/en-US/docs/Web/HTTP/Status/403",2026-07-18T20:42:19.876772
liberation,bd6t51126181m,,failed,0,0,,http_manifest,known,403,manifest,"Client error '403 ' for url 'https://openapiproext.bnf.fr/iiif/presentation/v3/ark:/12148/bd6t51126181m/manifest.json'
For more information check: https://developer.mozilla.org/en-US/docs/Web/HTTP/Status/403",2026-07-18T20:42:20.963751
liberation,bd6t511261821,,failed,0,0,,http_manifest,known,403,manifest,"Client error '403 ' for url 'https://openapiproext.bnf.fr/iiif/presentation/v3/ark:/12148/bd6t511261821/manifest.json'
For more information check: https://developer.mozilla.org/en-US/docs/Web/HTTP/Status/403",2026-07-18T20:42:22.212432
liberation,bd6t51126183f,,failed,0,0,,http_manifest,known,403,manifest,"Client error '403 ' for url 'https://openapiproext.bnf.fr/iiif/presentation/v3/ark:/12148/bd6t51126183f/manifest.json'
For more information check: https://developer.mozilla.org/en-US/docs/Web/HTTP/Status/403",2026-07-18T20:42:23.577215
liberation,bd6t51126184v,,failed,0,0,,http_manifest,known,403,manifest,"Client error '403 ' for url 'https://openapiproext.bnf.fr/iiif/presentation/v3/ark:/12148/bd6t51126184v/manifest.json'
For more information check: https://developer.mozilla.org/en-US/docs/Web/HTTP/Status/403",2026-07-18T20:42:24.566349
liberation,bd6t511261858,,failed,0,0,,http_manifest,known,403,manifest,"Client error '403 ' for url 'https://openapiproext.bnf.fr/iiif/presentation/v3/ark:/12148/bd6t511261858/manifest.json'
For more information check: https://developer.mozilla.org/en-US/docs/Web/HTTP/Status/403",2026-07-18T20:42:25.890853
liberation,bd6t51126186p,,failed,0,0,,http_manifest,known,403,manifest,"Client error '403 ' for url 'https://openapiproext.bnf.fr/iiif/presentation/v3/ark:/12148/bd6t51126186p/manifest.json'
For more information check: https://developer.mozilla.org/en-US/docs/Web/HTTP/Status/403",2026-07-18T20:42:26.973587
liberation,bd6t511261873,,failed,0,0,,http_manifest,known,403,manifest,"Client error '403 ' for url 'https://openapiproext.bnf.fr/iiif/presentation/v3/ark:/12148/bd6t511261873/manifest.json'
For more information check: https://developer.mozilla.org/en-US/docs/Web/HTTP/Status/403",2026-07-18T20:42:28.170180
liberation,bd6t51126188h,,failed,0,0,,http_manifest,known,403,manifest,"Client error '403 ' for url 'https://openapiproext.bnf.fr/iiif/presentation/v3/ark:/12148/bd6t51126188h/manifest.json'
For more information check: https://developer.mozilla.org/en-US/docs/Web/HTTP/Status/403",2026-07-18T20:42:29.375422
liberation,bd6t51126189x,,failed,0,0,,http_manifest,known,403,manifest,"Client error '403 ' for url 'https://openapiproext.bnf.fr/iiif/presentation/v3/ark:/12148/bd6t51126189x/manifest.json'
For more information check: https://developer.mozilla.org/en-US/docs/Web/HTTP/Status/403",2026-07-18T20:42:30.574539
liberation,bd6t51126190k,,failed,0,0,,http_manifest,known,403,manifest,"Client error '403 ' for url 'https://openapiproext.bnf.fr/iiif/presentation/v3/ark:/12148/bd6t51126190k/manifest.json'
For more information check: https://developer.mozilla.org/en-US/docs/Web/HTTP/Status/403",2026-07-18T20:42:31.802544
liberation,bd6t511261910,,failed,0,0,,http_manifest,known,403,manifest,"Client error '403 ' for url 'https://openapiproext.bnf.fr/iiif/presentation/v3/ark:/12148/bd6t511261910/manifest.json'
For more information check: https://developer.mozilla.org/en-US/docs/Web/HTTP/Status/403",2026-07-18T20:42:32.974643
liberation,bd6t51126192d,,failed,0,0,,http_manifest,known,403,manifest,"Client error '403 ' for url 'https://openapiproext.bnf.fr/iiif/presentation/v3/ark:/12148/bd6t51126192d/manifest.json'
For more information check: https://developer.mozilla.org/en-US/docs/Web/HTTP/Status/403",2026-07-18T20:42:34.177780
liberation,bd6t51126193t,,failed,0,0,,http_manifest,known,403,manifest,"Client error '403 ' for url 'https://openapiproext.bnf.fr/iiif/presentation/v3/ark:/12148/bd6t51126193t/manifest.json'
For more information check: https://developer.mozilla.org/en-US/docs/Web/HTTP/Status/403",2026-07-18T20:42:35.377457
liberation,bd6t511261947,,failed,0,0,,http_manifest,known,403,manifest,"Client error '403 ' for url 'https://openapiproext.bnf.fr/iiif/presentation/v3/ark:/12148/bd6t511261947/manifest.json'
For more information check: https://developer.mozilla.org/en-US/docs/Web/HTTP/Status/403",2026-07-18T20:42:36.583292
liberation,bd6t51126195n,,failed,0,0,,http_manifest,known,403,manifest,"Client error '403 ' for url 'https://openapiproext.bnf.fr/iiif/presentation/v3/ark:/12148/bd6t51126195n/manifest.json'
For more information check: https://developer.mozilla.org/en-US/docs/Web/HTTP/Status/403",2026-07-18T20:42:37.780790
liberation,bd6t511261962,,failed,0,0,,http_manifest,known,403,manifest,"Client error '403 ' for url 'https://openapiproext.bnf.fr/iiif/presentation/v3/ark:/12148/bd6t511261962/manifest.json'
For more information check: https://developer.mozilla.org/en-US/docs/Web/HTTP/Status/403",2026-07-18T20:42:38.984036
liberation,bd6t51126197g,,failed,0,0,,http_manifest,known,403,manifest,"Client error '403 ' for url 'https://openapiproext.bnf.fr/iiif/presentation/v3/ark:/12148/bd6t51126197g/manifest.json'
For more information check: https://developer.mozilla.org/en-US/docs/Web/HTTP/Status/403",2026-07-18T20:42:40.182499
liberation,bd6t51126198w,,failed,0,0,,http_manifest,known,403,manifest,"Client error '403 ' for url 'https://openapiproext.bnf.fr/iiif/presentation/v3/ark:/12148/bd6t51126198w/manifest.json'
For more information check: https://developer.mozilla.org/en-US/docs/Web/HTTP/Status/403",2026-07-18T20:42:41.381852
liberation,bd6t511261999,,failed,0,0,,http_manifest,known,403,manifest,"Client error '403 ' for url 'https://openapiproext.bnf.fr/iiif/presentation/v3/ark:/12148/bd6t511261999/manifest.json'
For more information check: https://developer.mozilla.org/en-US/docs/Web/HTTP/Status/403",2026-07-18T20:42:42.583591
liberation,bd6t51126200h,,failed,0,0,,http_manifest,known,403,manifest,"Client error '403 ' for url 'https://openapiproext.bnf.fr/iiif/presentation/v3/ark:/12148/bd6t51126200h/manifest.json'
For more information check: https://developer.mozilla.org/en-US/docs/Web/HTTP/Status/403",2026-07-18T20:42:43.805617
liberation,bd6t51126201x,,failed,0,0,,http_manifest,known,403,manifest,"Client error '403 ' for url 'https://openapiproext.bnf.fr/iiif/presentation/v3/ark:/12148/bd6t51126201x/manifest.json'
For more information check: https://developer.mozilla.org/en-US/docs/Web/HTTP/Status/403",2026-07-18T20:42:44.986447
liberation,bd6t51126202b,,failed,0,0,,http_manifest,known,403,manifest,"Client error '403 ' for url 'https://openapiproext.bnf.fr/iiif/presentation/v3/ark:/12148/bd6t51126202b/manifest.json'
For more information check: https://developer.mozilla.org/en-US/docs/Web/HTTP/Status/403",2026-07-18T20:42:46.189720
liberation,bd6t51126203r,,failed,0,0,,http_manifest,known,403,manifest,"Client error '403 ' for url 'https://openapiproext.bnf.fr/iiif/presentation/v3/ark:/12148/bd6t51126203r/manifest.json'
For more information check: https://developer.mozilla.org/en-US/docs/Web/HTTP/Status/403",2026-07-18T20:42:47.493579
liberation,bd6t511262045,,failed,0,0,,http_manifest,known,403,manifest,"Client error '403 ' for url 'https://openapiproext.bnf.fr/iiif/presentation/v3/ark:/12148/bd6t511262045/manifest.json'
For more information check: https://developer.mozilla.org/en-US/docs/Web/HTTP/Status/403",2026-07-18T20:42:48.593691
liberation,bd6t51126205k,,failed,0,0,,http_manifest,known,403,manifest,"Client error '403 ' for url 'https://openapiproext.bnf.fr/iiif/presentation/v3/ark:/12148/bd6t51126205k/manifest.json'
For more information check: https://developer.mozilla.org/en-US/docs/Web/HTTP/Status/403",2026-07-18T20:42:49.795757
liberation,bd6t511262060,,failed,0,0,,http_manifest,known,403,manifest,"Client error '403 ' for url 'https://openapiproext.bnf.fr/iiif/presentation/v3/ark:/12148/bd6t511262060/manifest.json'
For more information check: https://developer.mozilla.org/en-US/docs/Web/HTTP/Status/403",2026-07-18T20:42:50.993083
liberation,bd6t51126207d,,failed,0,0,,http_manifest,known,403,manifest,"Client error '403 ' for url 'https://openapiproext.bnf.fr/iiif/presentation/v3/ark:/12148/bd6t51126207d/manifest.json'
For more information check: https://developer.mozilla.org/en-US/docs/Web/HTTP/Status/403",2026-07-18T20:42:52.195511
liberation,bd6t51126208t,,failed,0,0,,http_manifest,known,403,manifest,"Client error '403 ' for url 'https://openapiproext.bnf.fr/iiif/presentation/v3/ark:/12148/bd6t51126208t/manifest.json'
For more information check: https://developer.mozilla.org/en-US/docs/Web/HTTP/Status/403",2026-07-18T20:42:53.400686
liberation,bd6t511262097,,failed,0,0,,http_manifest,known,403,manifest,"Client error '403 ' for url 'https://openapiproext.bnf.fr/iiif/presentation/v3/ark:/12148/bd6t511262097/manifest.json'
For more information check: https://developer.mozilla.org/en-US/docs/Web/HTTP/Status/403",2026-07-18T20:42:54.602923
liberation,bd6t51126210w,,failed,0,0,,http_manifest,known,403,manifest,"Client error '403 ' for url 'https://openapiproext.bnf.fr/iiif/presentation/v3/ark:/12148/bd6t51126210w/manifest.json'
For more information check: https://developer.mozilla.org/en-US/docs/Web/HTTP/Status/403",2026-07-18T20:42:55.840313
liberation,bd6t511262119,,failed,0,0,,http_manifest,known,403,manifest,"Client error '403 ' for url 'https://openapiproext.bnf.fr/iiif/presentation/v3/ark:/12148/bd6t511262119/manifest.json'
For more information check: https://developer.mozilla.org/en-US/docs/Web/HTTP/Status/403",2026-07-18T20:42:57.001310
liberation,bd6t51126212q,,failed,0,0,,http_manifest,known,403,manifest,"Client error '403 ' for url 'https://openapiproext.bnf.fr/iiif/presentation/v3/ark:/12148/bd6t51126212q/manifest.json'
For more information check: https://developer.mozilla.org/en-US/docs/Web/HTTP/Status/403",2026-07-18T20:42:58.201141
liberation,bd6t511262134,,failed,0,0,,http_manifest,known,403,manifest,"Client error '403 ' for url 'https://openapiproext.bnf.fr/iiif/presentation/v3/ark:/12148/bd6t511262134/manifest.json'
For more information check: https://developer.mozilla.org/en-US/docs/Web/HTTP/Status/403",2026-07-18T20:42:59.410943
liberation,bd6t51126214j,,failed,0,0,,http_manifest,known,403,manifest,"Client error '403 ' for url 'https://openapiproext.bnf.fr/iiif/presentation/v3/ark:/12148/bd6t51126214j/manifest.json'
For more information check: https://developer.mozilla.org/en-US/docs/Web/HTTP/Status/403",2026-07-18T20:43:00.618879
liberation,bd6t51126215z,,failed,0,0,,http_manifest,known,403,manifest,"Client error '403 ' for url 'https://openapiproext.bnf.fr/iiif/presentation/v3/ark:/12148/bd6t51126215z/manifest.json'
For more information check: https://developer.mozilla.org/en-US/docs/Web/HTTP/Status/403",2026-07-18T20:43:01.806365
liberation,bd6t51126216c,,failed,0,0,,http_manifest,known,403,manifest,"Client error '403 ' for url 'https://openapiproext.bnf.fr/iiif/presentation/v3/ark:/12148/bd6t51126216c/manifest.json'
For more information check: https://developer.mozilla.org/en-US/docs/Web/HTTP/Status/403",2026-07-18T20:43:03.005961
liberation,bd6t51126217s,,failed,0,0,,http_manifest,known,403,manifest,"Client error '403 ' for url 'https://openapiproext.bnf.fr/iiif/presentation/v3/ark:/12148/bd6t51126217s/manifest.json'
For more information check: https://developer.mozilla.org/en-US/docs/Web/HTTP/Status/403",2026-07-18T20:43:04.205905
liberation,bd6t511262186,,failed,0,0,,http_manifest,known,403,manifest,"Client error '403 ' for url 'https://openapiproext.bnf.fr/iiif/presentation/v3/ark:/12148/bd6t511262186/manifest.json'
For more information check: https://developer.mozilla.org/en-US/docs/Web/HTTP/Status/403",2026-07-18T20:43:05.410045
liberation,bd6t51126219m,,failed,0,0,,http_manifest,known,403,manifest,"Client error '403 ' for url 'https://openapiproext.bnf.fr/iiif/presentation/v3/ark:/12148/bd6t51126219m/manifest.json'
For more information check: https://developer.mozilla.org/en-US/docs/Web/HTTP/Status/403",2026-07-18T20:43:06.795317
liberation,bd6t511262208,,failed,0,0,,http_manifest,known,403,manifest,"Client error '403 ' for url 'https://openapiproext.bnf.fr/iiif/presentation/v3/ark:/12148/bd6t511262208/manifest.json'
For more information check: https://developer.mozilla.org/en-US/docs/Web/HTTP/Status/403",2026-07-18T20:43:07.877177
liberation,bd6t51126221p,,failed,0,0,,http_manifest,known,403,manifest,"Client error '403 ' for url 'https://openapiproext.bnf.fr/iiif/presentation/v3/ark:/12148/bd6t51126221p/manifest.json'
For more information check: https://developer.mozilla.org/en-US/docs/Web/HTTP/Status/403",2026-07-18T20:43:09.238851
liberation,bd6t511262223,,failed,0,0,,http_manifest,known,403,manifest,"Client error '403 ' for url 'https://openapiproext.bnf.fr/iiif/presentation/v3/ark:/12148/bd6t511262223/manifest.json'
For more information check: https://developer.mozilla.org/en-US/docs/Web/HTTP/Status/403",2026-07-18T20:43:10.218609
liberation,bd6t51126223h,,failed,0,0,,http_manifest,known,403,manifest,"Client error '403 ' for url 'https://openapiproext.bnf.fr/iiif/presentation/v3/ark:/12148/bd6t51126223h/manifest.json'
For more information check: https://developer.mozilla.org/en-US/docs/Web/HTTP/Status/403",2026-07-18T20:43:11.619079
liberation,bd6t51126224x,,failed,0,0,,http_manifest,known,403,manifest,"Client error '403 ' for url 'https://openapiproext.bnf.fr/iiif/presentation/v3/ark:/12148/bd6t51126224x/manifest.json'
For more information check: https://developer.mozilla.org/en-US/docs/Web/HTTP/Status/403",2026-07-18T20:43:12.621237
liberation,bd6t51126225b,,failed,0,0,,http_manifest,known,403,manifest,"Client error '403 ' for url 'https://openapiproext.bnf.fr/iiif/presentation/v3/ark:/12148/bd6t51126225b/manifest.json'
For more information check: https://developer.mozilla.org/en-US/docs/Web/HTTP/Status/403",2026-07-18T20:43:14.034704
liberation,bd6t51126016p,,failed,0,0,,http_manifest,known,403,manifest,"Client error '403 ' for url 'https://openapiproext.bnf.fr/iiif/presentation/v3/ark:/12148/bd6t51126016p/manifest.json'
For more information check: https://developer.mozilla.org/en-US/docs/Web/HTTP/Status/403",2026-07-18T20:43:15.028271
liberation,bd6t511260173,,failed,0,0,,http_manifest,known,403,manifest,"Client error '403 ' for url 'https://openapiproext.bnf.fr/iiif/presentation/v3/ark:/12148/bd6t511260173/manifest.json'
For more information check: https://developer.mozilla.org/en-US/docs/Web/HTTP/Status/403",2026-07-18T20:43:16.317970
liberation,bd6t51126018h,,failed,0,0,,http_manifest,known,403,manifest,"Client error '403 ' for url 'https://openapiproext.bnf.fr/iiif/presentation/v3/ark:/12148/bd6t51126018h/manifest.json'
For more information check: https://developer.mozilla.org/en-US/docs/Web/HTTP/Status/403",2026-07-18T20:43:17.576559
liberation,bd6t51126019x,,failed,0,0,,http_manifest,known,403,manifest,"Client error '403 ' for url 'https://openapiproext.bnf.fr/iiif/presentation/v3/ark:/12148/bd6t51126019x/manifest.json'
For more information check: https://developer.mozilla.org/en-US/docs/Web/HTTP/Status/403",2026-07-18T20:43:18.632161
liberation,bd6t51126020k,,failed,0,0,,http_manifest,known,403,manifest,"Client error '403 ' for url 'https://openapiproext.bnf.fr/iiif/presentation/v3/ark:/12148/bd6t51126020k/manifest.json'
For more information check: https://developer.mozilla.org/en-US/docs/Web/HTTP/Status/403",2026-07-18T20:43:19.896629
liberation,bd6t511260210,,failed,0,0,,http_manifest,known,403,manifest,"Client error '403 ' for url 'https://openapiproext.bnf.fr/iiif/presentation/v3/ark:/12148/bd6t511260210/manifest.json'
For more information check: https://developer.mozilla.org/en-US/docs/Web/HTTP/Status/403",2026-07-18T20:43:21.034825
liberation,bd6t51126022d,,failed,0,0,,http_manifest,known,403,manifest,"Client error '403 ' for url 'https://openapiproext.bnf.fr/iiif/presentation/v3/ark:/12148/bd6t51126022d/manifest.json'
For more information check: https://developer.mozilla.org/en-US/docs/Web/HTTP/Status/403",2026-07-18T20:43:22.294962
liberation,bd6t51126023t,,failed,0,0,,http_manifest,known,403,manifest,"Client error '403 ' for url 'https://openapiproext.bnf.fr/iiif/presentation/v3/ark:/12148/bd6t51126023t/manifest.json'
For more information check: https://developer.mozilla.org/en-US/docs/Web/HTTP/Status/403",2026-07-18T20:43:23.676539
liberation,bd6t511260247,,failed,0,0,,http_manifest,known,403,manifest,"Client error '403 ' for url 'https://openapiproext.bnf.fr/iiif/presentation/v3/ark:/12148/bd6t511260247/manifest.json'
For more information check: https://developer.mozilla.org/en-US/docs/Web/HTTP/Status/403",2026-07-18T20:43:24.678247
liberation,bd6t51126025n,,failed,0,0,,http_manifest,known,403,manifest,"Client error '403 ' for url 'https://openapiproext.bnf.fr/iiif/presentation/v3/ark:/12148/bd6t51126025n/manifest.json'
For more information check: https://developer.mozilla.org/en-US/docs/Web/HTTP/Status/403",2026-07-18T20:43:25.852098
liberation,bd6t511260262,,failed,0,0,,http_manifest,known,403,manifest,"Client error '403 ' for url 'https://openapiproext.bnf.fr/iiif/presentation/v3/ark:/12148/bd6t511260262/manifest.json'
For more information check: https://developer.mozilla.org/en-US/docs/Web/HTTP/Status/403",2026-07-18T20:43:27.033586
liberation,bd6t51126027g,,failed,0,0,,http_manifest,known,403,manifest,"Client error '403 ' for url 'https://openapiproext.bnf.fr/iiif/presentation/v3/ark:/12148/bd6t51126027g/manifest.json'
For more information check: https://developer.mozilla.org/en-US/docs/Web/HTTP/Status/403",2026-07-18T20:43:28.241426
liberation,bd6t51126028w,,failed,0,0,,http_manifest,known,403,manifest,"Client error '403 ' for url 'https://openapiproext.bnf.fr/iiif/presentation/v3/ark:/12148/bd6t51126028w/manifest.json'
For more information check: https://developer.mozilla.org/en-US/docs/Web/HTTP/Status/403",2026-07-18T20:43:29.442050
liberation,bd6t511260299,,failed,0,0,,http_manifest,known,403,manifest,"Client error '403 ' for url 'https://openapiproext.bnf.fr/iiif/presentation/v3/ark:/12148/bd6t511260299/manifest.json'
For more information check: https://developer.mozilla.org/en-US/docs/Web/HTTP/Status/403",2026-07-18T20:43:30.638496
liberation,bd6t51126030z,,failed,0,0,,http_manifest,known,403,manifest,"Client error '403 ' for url 'https://openapiproext.bnf.fr/iiif/presentation/v3/ark:/12148/bd6t51126030z/manifest.json'
For more information check: https://developer.mozilla.org/en-US/docs/Web/HTTP/Status/403",2026-07-18T20:43:31.843586
liberation,bd6t51126031c,,failed,0,0,,http_manifest,known,403,manifest,"Client error '403 ' for url 'https://openapiproext.bnf.fr/iiif/presentation/v3/ark:/12148/bd6t51126031c/manifest.json'
For more information check: https://developer.mozilla.org/en-US/docs/Web/HTTP/Status/403",2026-07-18T20:43:33.043346
liberation,bd6t51126032s,,failed,0,0,,http_manifest,known,403,manifest,"Client error '403 ' for url 'https://openapiproext.bnf.fr/iiif/presentation/v3/ark:/12148/bd6t51126032s/manifest.json'
For more information check: https://developer.mozilla.org/en-US/docs/Web/HTTP/Status/403",2026-07-18T20:43:34.243067
liberation,bd6t511260336,,failed,0,0,,http_manifest,known,403,manifest,"Client error '403 ' for url 'https://openapiproext.bnf.fr/iiif/presentation/v3/ark:/12148/bd6t511260336/manifest.json'
For more information check: https://developer.mozilla.org/en-US/docs/Web/HTTP/Status/403",2026-07-18T20:43:35.446118
liberation,bd6t51126034m,,failed,0,0,,http_manifest,known,403,manifest,"Client error '403 ' for url 'https://openapiproext.bnf.fr/iiif/presentation/v3/ark:/12148/bd6t51126034m/manifest.json'
For more information check: https://developer.mozilla.org/en-US/docs/Web/HTTP/Status/403",2026-07-18T20:43:36.651139
liberation,bd6t511260351,,failed,0,0,,http_manifest,known,403,manifest,"Client error '403 ' for url 'https://openapiproext.bnf.fr/iiif/presentation/v3/ark:/12148/bd6t511260351/manifest.json'
For more information check: https://developer.mozilla.org/en-US/docs/Web/HTTP/Status/403",2026-07-18T20:43:37.872625
liberation,bd6t51126036f,,failed,0,0,,http_manifest,known,403,manifest,"Client error '403 ' for url 'https://openapiproext.bnf.fr/iiif/presentation/v3/ark:/12148/bd6t51126036f/manifest.json'
For more information check: https://developer.mozilla.org/en-US/docs/Web/HTTP/Status/403",2026-07-18T20:43:39.052237
liberation,bd6t51126037v,,failed,0,0,,http_manifest,known,403,manifest,"Client error '403 ' for url 'https://openapiproext.bnf.fr/iiif/presentation/v3/ark:/12148/bd6t51126037v/manifest.json'
For more information check: https://developer.mozilla.org/en-US/docs/Web/HTTP/Status/403",2026-07-18T20:43:40.251448
liberation,bd6t511260388,,failed,0,0,,http_manifest,known,403,manifest,"Client error '403 ' for url 'https://openapiproext.bnf.fr/iiif/presentation/v3/ark:/12148/bd6t511260388/manifest.json'
For more information check: https://developer.mozilla.org/en-US/docs/Web/HTTP/Status/403",2026-07-18T20:43:41.456358
liberation,bd6t51126039p,,failed,0,0,,http_manifest,known,403,manifest,"Client error '403 ' for url 'https://openapiproext.bnf.fr/iiif/presentation/v3/ark:/12148/bd6t51126039p/manifest.json'
For more information check: https://developer.mozilla.org/en-US/docs/Web/HTTP/Status/403",2026-07-18T20:43:42.654449
liberation,bd6t51126040b,,failed,0,0,,http_manifest,known,403,manifest,"Client error '403 ' for url 'https://openapiproext.bnf.fr/iiif/presentation/v3/ark:/12148/bd6t51126040b/manifest.json'
For more information check: https://developer.mozilla.org/en-US/docs/Web/HTTP/Status/403",2026-07-18T20:43:43.858635
liberation,bd6t51126041r,,failed,0,0,,http_manifest,known,403,manifest,"Client error '403 ' for url 'https://openapiproext.bnf.fr/iiif/presentation/v3/ark:/12148/bd6t51126041r/manifest.json'
For more information check: https://developer.mozilla.org/en-US/docs/Web/HTTP/Status/403",2026-07-18T20:43:45.062916
liberation,bd6t511260425,,failed,0,0,,http_manifest,known,403,manifest,"Client error '403 ' for url 'https://openapiproext.bnf.fr/iiif/presentation/v3/ark:/12148/bd6t511260425/manifest.json'
For more information check: https://developer.mozilla.org/en-US/docs/Web/HTTP/Status/403",2026-07-18T20:43:46.260083
liberation,bd6t51126043k,,failed,0,0,,http_manifest,known,403,manifest,"Client error '403 ' for url 'https://openapiproext.bnf.fr/iiif/presentation/v3/ark:/12148/bd6t51126043k/manifest.json'
For more information check: https://developer.mozilla.org/en-US/docs/Web/HTTP/Status/403",2026-07-18T20:43:47.464613
liberation,bd6t511260440,,failed,0,0,,http_manifest,known,403,manifest,"Client error '403 ' for url 'https://openapiproext.bnf.fr/iiif/presentation/v3/ark:/12148/bd6t511260440/manifest.json'
For more information check: https://developer.mozilla.org/en-US/docs/Web/HTTP/Status/403",2026-07-18T20:43:48.661880
liberation,bd6t51126045d,,failed,0,0,,http_manifest,known,403,manifest,"Client error '403 ' for url 'https://openapiproext.bnf.fr/iiif/presentation/v3/ark:/12148/bd6t51126045d/manifest.json'
For more information check: https://developer.mozilla.org/en-US/docs/Web/HTTP/Status/403",2026-07-18T20:43:49.883915
liberation,bd6t51126046t,,failed,0,0,,http_manifest,known,403,manifest,"Client error '403 ' for url 'https://openapiproext.bnf.fr/iiif/presentation/v3/ark:/12148/bd6t51126046t/manifest.json'
For more information check: https://developer.mozilla.org/en-US/docs/Web/HTTP/Status/403",2026-07-18T20:43:51.066417
liberation,bd6t511260477,,failed,0,0,,http_manifest,known,403,manifest,"Client error '403 ' for url 'https://openapiproext.bnf.fr/iiif/presentation/v3/ark:/12148/bd6t511260477/manifest.json'
For more information check: https://developer.mozilla.org/en-US/docs/Web/HTTP/Status/403",2026-07-18T20:43:52.269564
liberation,bd6t51126048n,,failed,0,0,,http_manifest,known,403,manifest,"Client error '403 ' for url 'https://openapiproext.bnf.fr/iiif/presentation/v3/ark:/12148/bd6t51126048n/manifest.json'
For more information check: https://developer.mozilla.org/en-US/docs/Web/HTTP/Status/403",2026-07-18T20:43:53.469420
liberation,bd6t511260492,,failed,0,0,,http_manifest,known,403,manifest,"Client error '403 ' for url 'https://openapiproext.bnf.fr/iiif/presentation/v3/ark:/12148/bd6t511260492/manifest.json'
For more information check: https://developer.mozilla.org/en-US/docs/Web/HTTP/Status/403",2026-07-18T20:43:54.670070
liberation,bd6t51126050q,,failed,0,0,,http_manifest,known,403,manifest,"Client error '403 ' for url 'https://openapiproext.bnf.fr/iiif/presentation/v3/ark:/12148/bd6t51126050q/manifest.json'
For more information check: https://developer.mozilla.org/en-US/docs/Web/HTTP/Status/403",2026-07-18T20:43:55.887748
liberation,bd6t511260514,,failed,0,0,,http_manifest,known,403,manifest,"Client error '403 ' for url 'https://openapiproext.bnf.fr/iiif/presentation/v3/ark:/12148/bd6t511260514/manifest.json'
For more information check: https://developer.mozilla.org/en-US/docs/Web/HTTP/Status/403",2026-07-18T20:43:57.074872
liberation,bd6t51126052j,,failed,0,0,,http_manifest,known,403,manifest,"Client error '403 ' for url 'https://openapiproext.bnf.fr/iiif/presentation/v3/ark:/12148/bd6t51126052j/manifest.json'
For more information check: https://developer.mozilla.org/en-US/docs/Web/HTTP/Status/403",2026-07-18T20:43:58.276274
liberation,bd6t51126053z,,failed,0,0,,http_manifest,known,403,manifest,"Client error '403 ' for url 'https://openapiproext.bnf.fr/iiif/presentation/v3/ark:/12148/bd6t51126053z/manifest.json'
For more information check: https://developer.mozilla.org/en-US/docs/Web/HTTP/Status/403",2026-07-18T20:43:59.477989
liberation,bd6t51126054c,,failed,0,0,,http_manifest,known,403,manifest,"Client error '403 ' for url 'https://openapiproext.bnf.fr/iiif/presentation/v3/ark:/12148/bd6t51126054c/manifest.json'
For more information check: https://developer.mozilla.org/en-US/docs/Web/HTTP/Status/403",2026-07-18T20:44:00.681007
liberation,bd6t51126055s,,failed,0,0,,http_manifest,known,403,manifest,"Client error '403 ' for url 'https://openapiproext.bnf.fr/iiif/presentation/v3/ark:/12148/bd6t51126055s/manifest.json'
For more information check: https://developer.mozilla.org/en-US/docs/Web/HTTP/Status/403",2026-07-18T20:44:01.877885
liberation,bd6t511260566,,failed,0,0,,http_manifest,known,403,manifest,"Client error '403 ' for url 'https://openapiproext.bnf.fr/iiif/presentation/v3/ark:/12148/bd6t511260566/manifest.json'
For more information check: https://developer.mozilla.org/en-US/docs/Web/HTTP/Status/403",2026-07-18T20:44:03.082083
liberation,bd6t51126057m,,failed,0,0,,http_manifest,known,403,manifest,"Client error '403 ' for url 'https://openapiproext.bnf.fr/iiif/presentation/v3/ark:/12148/bd6t51126057m/manifest.json'
For more information check: https://developer.mozilla.org/en-US/docs/Web/HTTP/Status/403",2026-07-18T20:44:04.281949
liberation,bd6t511260581,,failed,0,0,,http_manifest,known,403,manifest,"Client error '403 ' for url 'https://openapiproext.bnf.fr/iiif/presentation/v3/ark:/12148/bd6t511260581/manifest.json'
For more information check: https://developer.mozilla.org/en-US/docs/Web/HTTP/Status/403",2026-07-18T20:44:05.490300
liberation,bd6t51126059f,,failed,0,0,,http_manifest,known,403,manifest,"Client error '403 ' for url 'https://openapiproext.bnf.fr/iiif/presentation/v3/ark:/12148/bd6t51126059f/manifest.json'
For more information check: https://developer.mozilla.org/en-US/docs/Web/HTTP/Status/403",2026-07-18T20:44:06.810456
liberation,bd6t511260603,,failed,0,0,,http_manifest,known,403,manifest,"Client error '403 ' for url 'https://openapiproext.bnf.fr/iiif/presentation/v3/ark:/12148/bd6t511260603/manifest.json'
For more information check: https://developer.mozilla.org/en-US/docs/Web/HTTP/Status/403",2026-07-18T20:44:07.909693
liberation,bd6t51126061h,,failed,0,0,,http_manifest,known,403,manifest,"Client error '403 ' for url 'https://openapiproext.bnf.fr/iiif/presentation/v3/ark:/12148/bd6t51126061h/manifest.json'
For more information check: https://developer.mozilla.org/en-US/docs/Web/HTTP/Status/403",2026-07-18T20:44:09.090826
liberation,bd6t51126062x,,failed,0,0,,http_manifest,known,403,manifest,"Client error '403 ' for url 'https://openapiproext.bnf.fr/iiif/presentation/v3/ark:/12148/bd6t51126062x/manifest.json'
For more information check: https://developer.mozilla.org/en-US/docs/Web/HTTP/Status/403",2026-07-18T20:44:10.290146
liberation,bd6t51126063b,,failed,0,0,,http_manifest,known,403,manifest,"Client error '403 ' for url 'https://openapiproext.bnf.fr/iiif/presentation/v3/ark:/12148/bd6t51126063b/manifest.json'
For more information check: https://developer.mozilla.org/en-US/docs/Web/HTTP/Status/403",2026-07-18T20:44:11.494308
liberation,bd6t51126064r,,failed,0,0,,http_manifest,known,403,manifest,"Client error '403 ' for url 'https://openapiproext.bnf.fr/iiif/presentation/v3/ark:/12148/bd6t51126064r/manifest.json'
For more information check: https://developer.mozilla.org/en-US/docs/Web/HTTP/Status/403",2026-07-18T20:44:12.691859
liberation,bd6t511260655,,failed,0,0,,http_manifest,known,403,manifest,"Client error '403 ' for url 'https://openapiproext.bnf.fr/iiif/presentation/v3/ark:/12148/bd6t511260655/manifest.json'
For more information check: https://developer.mozilla.org/en-US/docs/Web/HTTP/Status/403",2026-07-18T20:44:13.899439
liberation,bd6t51126066k,,failed,0,0,,http_manifest,known,403,manifest,"Client error '403 ' for url 'https://openapiproext.bnf.fr/iiif/presentation/v3/ark:/12148/bd6t51126066k/manifest.json'
For more information check: https://developer.mozilla.org/en-US/docs/Web/HTTP/Status/403",2026-07-18T20:44:15.169877
liberation,bd6t511260670,,failed,0,0,,http_manifest,known,403,manifest,"Client error '403 ' for url 'https://openapiproext.bnf.fr/iiif/presentation/v3/ark:/12148/bd6t511260670/manifest.json'
For more information check: https://developer.mozilla.org/en-US/docs/Web/HTTP/Status/403",2026-07-18T20:44:16.301711
liberation,bd6t51126068d,,failed,0,0,,http_manifest,known,403,manifest,"Client error '403 ' for url 'https://openapiproext.bnf.fr/iiif/presentation/v3/ark:/12148/bd6t51126068d/manifest.json'
For more information check: https://developer.mozilla.org/en-US/docs/Web/HTTP/Status/403",2026-07-18T20:44:17.584598
liberation,bd6t51126069t,,failed,0,0,,http_manifest,known,403,manifest,"Client error '403 ' for url 'https://openapiproext.bnf.fr/iiif/presentation/v3/ark:/12148/bd6t51126069t/manifest.json'
For more information check: https://developer.mozilla.org/en-US/docs/Web/HTTP/Status/403",2026-07-18T20:44:18.797489
liberation,bd6t51126070g,,failed,0,0,,http_manifest,known,403,manifest,"Client error '403 ' for url 'https://openapiproext.bnf.fr/iiif/presentation/v3/ark:/12148/bd6t51126070g/manifest.json'
For more information check: https://developer.mozilla.org/en-US/docs/Web/HTTP/Status/403",2026-07-18T20:44:20.098203
liberation,bd6t51126071w,,failed,0,0,,http_manifest,known,403,manifest,"Client error '403 ' for url 'https://openapiproext.bnf.fr/iiif/presentation/v3/ark:/12148/bd6t51126071w/manifest.json'
For more information check: https://developer.mozilla.org/en-US/docs/Web/HTTP/Status/403",2026-07-18T20:44:21.142875
liberation,bd6t511260729,,failed,0,0,,http_manifest,known,403,manifest,"Client error '403 ' for url 'https://openapiproext.bnf.fr/iiif/presentation/v3/ark:/12148/bd6t511260729/manifest.json'
For more information check: https://developer.mozilla.org/en-US/docs/Web/HTTP/Status/403",2026-07-18T20:44:22.389628
liberation,bd6t51126073q,,failed,0,0,,http_manifest,known,403,manifest,"Client error '403 ' for url 'https://openapiproext.bnf.fr/iiif/presentation/v3/ark:/12148/bd6t51126073q/manifest.json'
For more information check: https://developer.mozilla.org/en-US/docs/Web/HTTP/Status/403",2026-07-18T20:44:23.732230
liberation,bd6t511260744,,failed,0,0,,http_manifest,known,403,manifest,"Client error '403 ' for url 'https://openapiproext.bnf.fr/iiif/presentation/v3/ark:/12148/bd6t511260744/manifest.json'
For more information check: https://developer.mozilla.org/en-US/docs/Web/HTTP/Status/403",2026-07-18T20:44:24.798057
liberation,bd6t51126075j,,failed,0,0,,http_manifest,known,403,manifest,"Client error '403 ' for url 'https://openapiproext.bnf.fr/iiif/presentation/v3/ark:/12148/bd6t51126075j/manifest.json'
For more information check: https://developer.mozilla.org/en-US/docs/Web/HTTP/Status/403",2026-07-18T20:44:25.981072
liberation,bd6t51126076z,,failed,0,0,,http_manifest,known,403,manifest,"Client error '403 ' for url 'https://openapiproext.bnf.fr/iiif/presentation/v3/ark:/12148/bd6t51126076z/manifest.json'
For more information check: https://developer.mozilla.org/en-US/docs/Web/HTTP/Status/403",2026-07-18T20:44:27.240826
liberation,bd6t51126077c,,failed,0,0,,http_manifest,known,403,manifest,"Client error '403 ' for url 'https://openapiproext.bnf.fr/iiif/presentation/v3/ark:/12148/bd6t51126077c/manifest.json'
For more information check: https://developer.mozilla.org/en-US/docs/Web/HTTP/Status/403",2026-07-18T20:44:28.335807
liberation,bd6t51126078s,,failed,0,0,,http_manifest,known,403,manifest,"Client error '403 ' for url 'https://openapiproext.bnf.fr/iiif/presentation/v3/ark:/12148/bd6t51126078s/manifest.json'
For more information check: https://developer.mozilla.org/en-US/docs/Web/HTTP/Status/403",2026-07-18T20:44:29.519022
liberation,bd6t511260796,,failed,0,0,,http_manifest,known,403,manifest,"Client error '403 ' for url 'https://openapiproext.bnf.fr/iiif/presentation/v3/ark:/12148/bd6t511260796/manifest.json'
For more information check: https://developer.mozilla.org/en-US/docs/Web/HTTP/Status/403",2026-07-18T20:44:30.817140
liberation,bd6t51126080v,,failed,0,0,,http_manifest,known,403,manifest,"Client error '403 ' for url 'https://openapiproext.bnf.fr/iiif/presentation/v3/ark:/12148/bd6t51126080v/manifest.json'
For more information check: https://developer.mozilla.org/en-US/docs/Web/HTTP/Status/403",2026-07-18T20:44:31.916068
liberation,bd6t511260818,,failed,0,0,,http_manifest,known,403,manifest,"Client error '403 ' for url 'https://openapiproext.bnf.fr/iiif/presentation/v3/ark:/12148/bd6t511260818/manifest.json'
For more information check: https://developer.mozilla.org/en-US/docs/Web/HTTP/Status/403",2026-07-18T20:44:33.119087
liberation,bd6t51126082p,,failed,0,0,,http_manifest,known,403,manifest,"Client error '403 ' for url 'https://openapiproext.bnf.fr/iiif/presentation/v3/ark:/12148/bd6t51126082p/manifest.json'
For more information check: https://developer.mozilla.org/en-US/docs/Web/HTTP/Status/403",2026-07-18T20:44:34.318228
liberation,bd6t511260833,,failed,0,0,,http_manifest,known,403,manifest,"Client error '403 ' for url 'https://openapiproext.bnf.fr/iiif/presentation/v3/ark:/12148/bd6t511260833/manifest.json'
For more information check: https://developer.mozilla.org/en-US/docs/Web/HTTP/Status/403",2026-07-18T20:44:35.518913
liberation,bd6t51126084h,,failed,0,0,,http_manifest,known,403,manifest,"Client error '403 ' for url 'https://openapiproext.bnf.fr/iiif/presentation/v3/ark:/12148/bd6t51126084h/manifest.json'
For more information check: https://developer.mozilla.org/en-US/docs/Web/HTTP/Status/403",2026-07-18T20:44:36.723970
liberation,bd6t51126085x,,failed,0,0,,http_manifest,known,403,manifest,"Client error '403 ' for url 'https://openapiproext.bnf.fr/iiif/presentation/v3/ark:/12148/bd6t51126085x/manifest.json'
For more information check: https://developer.mozilla.org/en-US/docs/Web/HTTP/Status/403",2026-07-18T20:44:37.935656
liberation,bd6t51126086b,,failed,0,0,,http_manifest,known,403,manifest,"Client error '403 ' for url 'https://openapiproext.bnf.fr/iiif/presentation/v3/ark:/12148/bd6t51126086b/manifest.json'
For more information check: https://developer.mozilla.org/en-US/docs/Web/HTTP/Status/403",2026-07-18T20:44:39.121226
liberation,bd6t51126087r,,failed,0,0,,http_manifest,known,403,manifest,"Client error '403 ' for url 'https://openapiproext.bnf.fr/iiif/presentation/v3/ark:/12148/bd6t51126087r/manifest.json'
For more information check: https://developer.mozilla.org/en-US/docs/Web/HTTP/Status/403",2026-07-18T20:44:40.322894
liberation,bd6t511260885,,failed,0,0,,http_manifest,known,403,manifest,"Client error '403 ' for url 'https://openapiproext.bnf.fr/iiif/presentation/v3/ark:/12148/bd6t511260885/manifest.json'
For more information check: https://developer.mozilla.org/en-US/docs/Web/HTTP/Status/403",2026-07-18T20:44:41.524801
liberation,bd6t51126089k,,failed,0,0,,http_manifest,known,403,manifest,"Client error '403 ' for url 'https://openapiproext.bnf.fr/iiif/presentation/v3/ark:/12148/bd6t51126089k/manifest.json'
For more information check: https://developer.mozilla.org/en-US/docs/Web/HTTP/Status/403",2026-07-18T20:44:42.732844
liberation,bd6t511260907,,failed,0,0,,http_manifest,known,403,manifest,"Client error '403 ' for url 'https://openapiproext.bnf.fr/iiif/presentation/v3/ark:/12148/bd6t511260907/manifest.json'
For more information check: https://developer.mozilla.org/en-US/docs/Web/HTTP/Status/403",2026-07-18T20:44:43.927293
liberation,bd6t51126091n,,failed,0,0,,http_manifest,known,403,manifest,"Client error '403 ' for url 'https://openapiproext.bnf.fr/iiif/presentation/v3/ark:/12148/bd6t51126091n/manifest.json'
For more information check: https://developer.mozilla.org/en-US/docs/Web/HTTP/Status/403",2026-07-18T20:44:45.140656
liberation,bd6t511260922,,failed,0,0,,http_manifest,known,403,manifest,"Client error '403 ' for url 'https://openapiproext.bnf.fr/iiif/presentation/v3/ark:/12148/bd6t511260922/manifest.json'
For more information check: https://developer.mozilla.org/en-US/docs/Web/HTTP/Status/403",2026-07-18T20:44:46.328210
liberation,bd6t51126093g,,failed,0,0,,http_manifest,known,403,manifest,"Client error '403 ' for url 'https://openapiproext.bnf.fr/iiif/presentation/v3/ark:/12148/bd6t51126093g/manifest.json'
For more information check: https://developer.mozilla.org/en-US/docs/Web/HTTP/Status/403",2026-07-18T20:44:47.531382
liberation,bd6t51126094w,,failed,0,0,,http_manifest,known,403,manifest,"Client error '403 ' for url 'https://openapiproext.bnf.fr/iiif/presentation/v3/ark:/12148/bd6t51126094w/manifest.json'
For more information check: https://developer.mozilla.org/en-US/docs/Web/HTTP/Status/403",2026-07-18T20:44:48.745934
liberation,bd6t511260959,,failed,0,0,,http_manifest,known,403,manifest,"Client error '403 ' for url 'https://openapiproext.bnf.fr/iiif/presentation/v3/ark:/12148/bd6t511260959/manifest.json'
For more information check: https://developer.mozilla.org/en-US/docs/Web/HTTP/Status/403",2026-07-18T20:44:49.947843
liberation,bd6t51126096q,,failed,0,0,,http_manifest,known,403,manifest,"Client error '403 ' for url 'https://openapiproext.bnf.fr/iiif/presentation/v3/ark:/12148/bd6t51126096q/manifest.json'
For more information check: https://developer.mozilla.org/en-US/docs/Web/HTTP/Status/403",2026-07-18T20:44:51.137143
liberation,bd6t511260974,,failed,0,0,,http_manifest,known,403,manifest,"Client error '403 ' for url 'https://openapiproext.bnf.fr/iiif/presentation/v3/ark:/12148/bd6t511260974/manifest.json'
For more information check: https://developer.mozilla.org/en-US/docs/Web/HTTP/Status/403",2026-07-18T20:44:52.336455
liberation,bd6t51126098j,,failed,0,0,,http_manifest,known,403,manifest,"Client error '403 ' for url 'https://openapiproext.bnf.fr/iiif/presentation/v3/ark:/12148/bd6t51126098j/manifest.json'
For more information check: https://developer.mozilla.org/en-US/docs/Web/HTTP/Status/403",2026-07-18T20:44:53.540439
liberation,bd6t51126099z,,failed,0,0,,http_manifest,known,403,manifest,"Client error '403 ' for url 'https://openapiproext.bnf.fr/iiif/presentation/v3/ark:/12148/bd6t51126099z/manifest.json'
For more information check: https://developer.mozilla.org/en-US/docs/Web/HTTP/Status/403",2026-07-18T20:44:54.750448
liberation,bd6t511261005,,failed,0,0,,http_manifest,known,403,manifest,"Client error '403 ' for url 'https://openapiproext.bnf.fr/iiif/presentation/v3/ark:/12148/bd6t511261005/manifest.json'
For more information check: https://developer.mozilla.org/en-US/docs/Web/HTTP/Status/403",2026-07-18T20:44:56.003504
liberation,bd6t51126101k,,failed,0,0,,http_manifest,known,403,manifest,"Client error '403 ' for url 'https://openapiproext.bnf.fr/iiif/presentation/v3/ark:/12148/bd6t51126101k/manifest.json'
For more information check: https://developer.mozilla.org/en-US/docs/Web/HTTP/Status/403",2026-07-18T20:44:57.155178
liberation,bd6t511261020,,failed,0,0,,http_manifest,known,403,manifest,"Client error '403 ' for url 'https://openapiproext.bnf.fr/iiif/presentation/v3/ark:/12148/bd6t511261020/manifest.json'
For more information check: https://developer.mozilla.org/en-US/docs/Web/HTTP/Status/403",2026-07-18T20:44:58.348118
liberation,bd6t51126103d,,failed,0,0,,http_manifest,known,403,manifest,"Client error '403 ' for url 'https://openapiproext.bnf.fr/iiif/presentation/v3/ark:/12148/bd6t51126103d/manifest.json'
For more information check: https://developer.mozilla.org/en-US/docs/Web/HTTP/Status/403",2026-07-18T20:44:59.546829
liberation,bd6t51126104t,,failed,0,0,,http_manifest,known,403,manifest,"Client error '403 ' for url 'https://openapiproext.bnf.fr/iiif/presentation/v3/ark:/12148/bd6t51126104t/manifest.json'
For more information check: https://developer.mozilla.org/en-US/docs/Web/HTTP/Status/403",2026-07-18T20:45:00.745676
liberation,bd6t511261057,,failed,0,0,,http_manifest,known,403,manifest,"Client error '403 ' for url 'https://openapiproext.bnf.fr/iiif/presentation/v3/ark:/12148/bd6t511261057/manifest.json'
For more information check: https://developer.mozilla.org/en-US/docs/Web/HTTP/Status/403",2026-07-18T20:45:01.970650
liberation,bd6t51126106n,,failed,0,0,,http_manifest,known,403,manifest,"Client error '403 ' for url 'https://openapiproext.bnf.fr/iiif/presentation/v3/ark:/12148/bd6t51126106n/manifest.json'
For more information check: https://developer.mozilla.org/en-US/docs/Web/HTTP/Status/403",2026-07-18T20:45:03.151966
liberation,bd6t511261072,,failed,0,0,,http_manifest,known,403,manifest,"Client error '403 ' for url 'https://openapiproext.bnf.fr/iiif/presentation/v3/ark:/12148/bd6t511261072/manifest.json'
For more information check: https://developer.mozilla.org/en-US/docs/Web/HTTP/Status/403",2026-07-18T20:45:04.354716
liberation,bd6t51126108g,,failed,0,0,,http_manifest,known,403,manifest,"Client error '403 ' for url 'https://openapiproext.bnf.fr/iiif/presentation/v3/ark:/12148/bd6t51126108g/manifest.json'
For more information check: https://developer.mozilla.org/en-US/docs/Web/HTTP/Status/403",2026-07-18T20:45:05.555014
liberation,bd6t51126109w,,failed,0,0,,http_manifest,known,403,manifest,"Client error '403 ' for url 'https://openapiproext.bnf.fr/iiif/presentation/v3/ark:/12148/bd6t51126109w/manifest.json'
For more information check: https://developer.mozilla.org/en-US/docs/Web/HTTP/Status/403",2026-07-18T20:45:06.879525
liberation,bd6t51126110j,,failed,0,0,,http_manifest,known,403,manifest,"Client error '403 ' for url 'https://openapiproext.bnf.fr/iiif/presentation/v3/ark:/12148/bd6t51126110j/manifest.json'
For more information check: https://developer.mozilla.org/en-US/docs/Web/HTTP/Status/403",2026-07-18T20:45:07.979311
liberation,bd6t51126111z,,failed,0,0,,http_manifest,known,403,manifest,"Client error '403 ' for url 'https://openapiproext.bnf.fr/iiif/presentation/v3/ark:/12148/bd6t51126111z/manifest.json'
For more information check: https://developer.mozilla.org/en-US/docs/Web/HTTP/Status/403",2026-07-18T20:45:09.211369
liberation,bd6t51126112c,,failed,0,0,,http_manifest,known,403,manifest,"Client error '403 ' for url 'https://openapiproext.bnf.fr/iiif/presentation/v3/ark:/12148/bd6t51126112c/manifest.json'
For more information check: https://developer.mozilla.org/en-US/docs/Web/HTTP/Status/403",2026-07-18T20:45:10.408875
liberation,bd6t51126113s,,failed,0,0,,http_manifest,known,403,manifest,"Client error '403 ' for url 'https://openapiproext.bnf.fr/iiif/presentation/v3/ark:/12148/bd6t51126113s/manifest.json'
For more information check: https://developer.mozilla.org/en-US/docs/Web/HTTP/Status/403",2026-07-18T20:45:11.564670
liberation,bd6t511261146,,failed,0,0,,http_manifest,known,403,manifest,"Client error '403 ' for url 'https://openapiproext.bnf.fr/iiif/presentation/v3/ark:/12148/bd6t511261146/manifest.json'
For more information check: https://developer.mozilla.org/en-US/docs/Web/HTTP/Status/403",2026-07-18T20:45:12.949267
liberation,bd6t51126115m,,failed,0,0,,http_manifest,known,403,manifest,"Client error '403 ' for url 'https://openapiproext.bnf.fr/iiif/presentation/v3/ark:/12148/bd6t51126115m/manifest.json'
For more information check: https://developer.mozilla.org/en-US/docs/Web/HTTP/Status/403",2026-07-18T20:45:14.092413
liberation,bd6t511261161,,failed,0,0,,http_manifest,known,403,manifest,"Client error '403 ' for url 'https://openapiproext.bnf.fr/iiif/presentation/v3/ark:/12148/bd6t511261161/manifest.json'
For more information check: https://developer.mozilla.org/en-US/docs/Web/HTTP/Status/403",2026-07-18T20:45:15.213225
liberation,bd6t51126117f,,failed,0,0,,http_manifest,known,403,manifest,"Client error '403 ' for url 'https://openapiproext.bnf.fr/iiif/presentation/v3/ark:/12148/bd6t51126117f/manifest.json'
For more information check: https://developer.mozilla.org/en-US/docs/Web/HTTP/Status/403",2026-07-18T20:45:16.366330
liberation,bd6t51126118v,,failed,0,0,,http_manifest,known,403,manifest,"Client error '403 ' for url 'https://openapiproext.bnf.fr/iiif/presentation/v3/ark:/12148/bd6t51126118v/manifest.json'
For more information check: https://developer.mozilla.org/en-US/docs/Web/HTTP/Status/403",2026-07-18T20:45:17.566317
liberation,bd6t511261198,,failed,0,0,,http_manifest,known,403,manifest,"Client error '403 ' for url 'https://openapiproext.bnf.fr/iiif/presentation/v3/ark:/12148/bd6t511261198/manifest.json'
For more information check: https://developer.mozilla.org/en-US/docs/Web/HTTP/Status/403",2026-07-18T20:45:18.768089
liberation,bd6t51126120x,,failed,0,0,,http_manifest,known,403,manifest,"Client error '403 ' for url 'https://openapiproext.bnf.fr/iiif/presentation/v3/ark:/12148/bd6t51126120x/manifest.json'
For more information check: https://developer.mozilla.org/en-US/docs/Web/HTTP/Status/403",2026-07-18T20:45:19.996425
liberation,bd6t511259137,,failed,0,0,,http_manifest,known,403,manifest,"Client error '403 ' for url 'https://openapiproext.bnf.fr/iiif/presentation/v3/ark:/12148/bd6t511259137/manifest.json'
For more information check: https://developer.mozilla.org/en-US/docs/Web/HTTP/Status/403",2026-07-18T20:45:21.170810
liberation,bd6t51125914n,,failed,0,0,,http_manifest,known,403,manifest,"Client error '403 ' for url 'https://openapiproext.bnf.fr/iiif/presentation/v3/ark:/12148/bd6t51125914n/manifest.json'
For more information check: https://developer.mozilla.org/en-US/docs/Web/HTTP/Status/403",2026-07-18T20:45:22.376823
liberation,bd6t511259152,,failed,0,0,,http_manifest,known,403,manifest,"Client error '403 ' for url 'https://openapiproext.bnf.fr/iiif/presentation/v3/ark:/12148/bd6t511259152/manifest.json'
For more information check: https://developer.mozilla.org/en-US/docs/Web/HTTP/Status/403",2026-07-18T20:45:23.581317
liberation,bd6t51125916g,,failed,0,0,,http_manifest,known,403,manifest,"Client error '403 ' for url 'https://openapiproext.bnf.fr/iiif/presentation/v3/ark:/12148/bd6t51125916g/manifest.json'
For more information check: https://developer.mozilla.org/en-US/docs/Web/HTTP/Status/403",2026-07-18T20:45:24.778037
liberation,bd6t51125917w,,failed,0,0,,http_manifest,known,403,manifest,"Client error '403 ' for url 'https://openapiproext.bnf.fr/iiif/presentation/v3/ark:/12148/bd6t51125917w/manifest.json'
For more information check: https://developer.mozilla.org/en-US/docs/Web/HTTP/Status/403",2026-07-18T20:45:26.031211
liberation,bd6t511259189,,failed,0,0,,http_manifest,known,403,manifest,"Client error '403 ' for url 'https://openapiproext.bnf.fr/iiif/presentation/v3/ark:/12148/bd6t511259189/manifest.json'
For more information check: https://developer.mozilla.org/en-US/docs/Web/HTTP/Status/403",2026-07-18T20:45:27.180809
liberation,bd6t51125919q,,failed,0,0,,http_manifest,known,403,manifest,"Client error '403 ' for url 'https://openapiproext.bnf.fr/iiif/presentation/v3/ark:/12148/bd6t51125919q/manifest.json'
For more information check: https://developer.mozilla.org/en-US/docs/Web/HTTP/Status/403",2026-07-18T20:45:28.391170
liberation,bd6t51125920c,,failed,0,0,,http_manifest,known,403,manifest,"Client error '403 ' for url 'https://openapiproext.bnf.fr/iiif/presentation/v3/ark:/12148/bd6t51125920c/manifest.json'
For more information check: https://developer.mozilla.org/en-US/docs/Web/HTTP/Status/403",2026-07-18T20:45:29.587022
liberation,bd6t51125921s,,failed,0,0,,http_manifest,known,403,manifest,"Client error '403 ' for url 'https://openapiproext.bnf.fr/iiif/presentation/v3/ark:/12148/bd6t51125921s/manifest.json'
For more information check: https://developer.mozilla.org/en-US/docs/Web/HTTP/Status/403",2026-07-18T20:45:30.782425
liberation,bd6t511259226,,failed,0,0,,http_manifest,known,403,manifest,"Client error '403 ' for url 'https://openapiproext.bnf.fr/iiif/presentation/v3/ark:/12148/bd6t511259226/manifest.json'
For more information check: https://developer.mozilla.org/en-US/docs/Web/HTTP/Status/403",2026-07-18T20:45:32.010288
liberation,bd6t51125923m,,failed,0,0,,http_manifest,known,403,manifest,"Client error '403 ' for url 'https://openapiproext.bnf.fr/iiif/presentation/v3/ark:/12148/bd6t51125923m/manifest.json'
For more information check: https://developer.mozilla.org/en-US/docs/Web/HTTP/Status/403",2026-07-18T20:45:33.189192
liberation,bd6t511259241,,failed,0,0,,http_manifest,known,403,manifest,"Client error '403 ' for url 'https://openapiproext.bnf.fr/iiif/presentation/v3/ark:/12148/bd6t511259241/manifest.json'
For more information check: https://developer.mozilla.org/en-US/docs/Web/HTTP/Status/403",2026-07-18T20:45:34.387333
liberation,bd6t51125925f,,failed,0,0,,http_manifest,known,403,manifest,"Client error '403 ' for url 'https://openapiproext.bnf.fr/iiif/presentation/v3/ark:/12148/bd6t51125925f/manifest.json'
For more information check: https://developer.mozilla.org/en-US/docs/Web/HTTP/Status/403",2026-07-18T20:45:35.587522
liberation,bd6t51125926v,,failed,0,0,,http_manifest,known,403,manifest,"Client error '403 ' for url 'https://openapiproext.bnf.fr/iiif/presentation/v3/ark:/12148/bd6t51125926v/manifest.json'
For more information check: https://developer.mozilla.org/en-US/docs/Web/HTTP/Status/403",2026-07-18T20:45:36.801030
liberation,bd6t511259278,,failed,0,0,,http_manifest,known,403,manifest,"Client error '403 ' for url 'https://openapiproext.bnf.fr/iiif/presentation/v3/ark:/12148/bd6t511259278/manifest.json'
For more information check: https://developer.mozilla.org/en-US/docs/Web/HTTP/Status/403",2026-07-18T20:45:38.012335
liberation,bd6t51125928p,,failed,0,0,,http_manifest,known,403,manifest,"Client error '403 ' for url 'https://openapiproext.bnf.fr/iiif/presentation/v3/ark:/12148/bd6t51125928p/manifest.json'
For more information check: https://developer.mozilla.org/en-US/docs/Web/HTTP/Status/403",2026-07-18T20:45:39.192242
liberation,bd6t511259293,,failed,0,0,,http_manifest,known,403,manifest,"Client error '403 ' for url 'https://openapiproext.bnf.fr/iiif/presentation/v3/ark:/12148/bd6t511259293/manifest.json'
For more information check: https://developer.mozilla.org/en-US/docs/Web/HTTP/Status/403",2026-07-18T20:45:40.393371
liberation,bd6t51125930r,,failed,0,0,,http_manifest,known,403,manifest,"Client error '403 ' for url 'https://openapiproext.bnf.fr/iiif/presentation/v3/ark:/12148/bd6t51125930r/manifest.json'
For more information check: https://developer.mozilla.org/en-US/docs/Web/HTTP/Status/403",2026-07-18T20:45:41.592629
liberation,bd6t511259315,,failed,0,0,,http_manifest,known,403,manifest,"Client error '403 ' for url 'https://openapiproext.bnf.fr/iiif/presentation/v3/ark:/12148/bd6t511259315/manifest.json'
For more information check: https://developer.mozilla.org/en-US/docs/Web/HTTP/Status/403",2026-07-18T20:45:42.792476
liberation,bd6t51125932k,,failed,0,0,,http_manifest,known,403,manifest,"Client error '403 ' for url 'https://openapiproext.bnf.fr/iiif/presentation/v3/ark:/12148/bd6t51125932k/manifest.json'
For more information check: https://developer.mozilla.org/en-US/docs/Web/HTTP/Status/403",2026-07-18T20:45:43.996661
liberation,bd6t511259330,,failed,0,0,,http_manifest,known,403,manifest,"Client error '403 ' for url 'https://openapiproext.bnf.fr/iiif/presentation/v3/ark:/12148/bd6t511259330/manifest.json'
For more information check: https://developer.mozilla.org/en-US/docs/Web/HTTP/Status/403",2026-07-18T20:45:45.198416
liberation,bd6t51125934d,,failed,0,0,,http_manifest,known,403,manifest,"Client error '403 ' for url 'https://openapiproext.bnf.fr/iiif/presentation/v3/ark:/12148/bd6t51125934d/manifest.json'
For more information check: https://developer.mozilla.org/en-US/docs/Web/HTTP/Status/403",2026-07-18T20:45:46.399932
liberation,bd6t51125935t,,failed,0,0,,http_manifest,known,403,manifest,"Client error '403 ' for url 'https://openapiproext.bnf.fr/iiif/presentation/v3/ark:/12148/bd6t51125935t/manifest.json'
For more information check: https://developer.mozilla.org/en-US/docs/Web/HTTP/Status/403",2026-07-18T20:45:47.604267
liberation,bd6t511259367,,failed,0,0,,http_manifest,known,403,manifest,"Client error '403 ' for url 'https://openapiproext.bnf.fr/iiif/presentation/v3/ark:/12148/bd6t511259367/manifest.json'
For more information check: https://developer.mozilla.org/en-US/docs/Web/HTTP/Status/403",2026-07-18T20:45:48.799481
liberation,bd6t51125937n,,failed,0,0,,http_manifest,known,403,manifest,"Client error '403 ' for url 'https://openapiproext.bnf.fr/iiif/presentation/v3/ark:/12148/bd6t51125937n/manifest.json'
For more information check: https://developer.mozilla.org/en-US/docs/Web/HTTP/Status/403",2026-07-18T20:45:50.028675
liberation,bd6t511259382,,failed,0,0,,http_manifest,known,403,manifest,"Client error '403 ' for url 'https://openapiproext.bnf.fr/iiif/presentation/v3/ark:/12148/bd6t511259382/manifest.json'
For more information check: https://developer.mozilla.org/en-US/docs/Web/HTTP/Status/403",2026-07-18T20:45:51.207068
liberation,bd6t51125939g,,failed,0,0,,http_manifest,known,403,manifest,"Client error '403 ' for url 'https://openapiproext.bnf.fr/iiif/presentation/v3/ark:/12148/bd6t51125939g/manifest.json'
For more information check: https://developer.mozilla.org/en-US/docs/Web/HTTP/Status/403",2026-07-18T20:45:52.415978
liberation,bd6t511259404,,failed,0,0,,http_manifest,known,403,manifest,"Client error '403 ' for url 'https://openapiproext.bnf.fr/iiif/presentation/v3/ark:/12148/bd6t511259404/manifest.json'
For more information check: https://developer.mozilla.org/en-US/docs/Web/HTTP/Status/403",2026-07-18T20:45:53.607120
liberation,bd6t51125941j,,failed,0,0,,http_manifest,known,403,manifest,"Client error '403 ' for url 'https://openapiproext.bnf.fr/iiif/presentation/v3/ark:/12148/bd6t51125941j/manifest.json'
For more information check: https://developer.mozilla.org/en-US/docs/Web/HTTP/Status/403",2026-07-18T20:45:54.809359
liberation,bd6t51125942z,,failed,0,0,,http_manifest,known,403,manifest,"Client error '403 ' for url 'https://openapiproext.bnf.fr/iiif/presentation/v3/ark:/12148/bd6t51125942z/manifest.json'
For more information check: https://developer.mozilla.org/en-US/docs/Web/HTTP/Status/403",2026-07-18T20:45:56.008506
liberation,bd6t51125943c,,failed,0,0,,http_manifest,known,403,manifest,"Client error '403 ' for url 'https://openapiproext.bnf.fr/iiif/presentation/v3/ark:/12148/bd6t51125943c/manifest.json'
For more information check: https://developer.mozilla.org/en-US/docs/Web/HTTP/Status/403",2026-07-18T20:45:57.208576
liberation,bd6t51125944s,,failed,0,0,,http_manifest,known,403,manifest,"Client error '403 ' for url 'https://openapiproext.bnf.fr/iiif/presentation/v3/ark:/12148/bd6t51125944s/manifest.json'
For more information check: https://developer.mozilla.org/en-US/docs/Web/HTTP/Status/403",2026-07-18T20:45:58.409155
liberation,bd6t511259456,,failed,0,0,,http_manifest,known,403,manifest,"Client error '403 ' for url 'https://openapiproext.bnf.fr/iiif/presentation/v3/ark:/12148/bd6t511259456/manifest.json'
For more information check: https://developer.mozilla.org/en-US/docs/Web/HTTP/Status/403",2026-07-18T20:45:59.612452
liberation,bd6t51125946m,,failed,0,0,,http_manifest,known,403,manifest,"Client error '403 ' for url 'https://openapiproext.bnf.fr/iiif/presentation/v3/ark:/12148/bd6t51125946m/manifest.json'
For more information check: https://developer.mozilla.org/en-US/docs/Web/HTTP/Status/403",2026-07-18T20:46:00.812210
liberation,bd6t511259471,,failed,0,0,,http_manifest,known,403,manifest,"Client error '403 ' for url 'https://openapiproext.bnf.fr/iiif/presentation/v3/ark:/12148/bd6t511259471/manifest.json'
For more information check: https://developer.mozilla.org/en-US/docs/Web/HTTP/Status/403",2026-07-18T20:46:02.036962
liberation,bd6t51125948f,,failed,0,0,,http_manifest,known,403,manifest,"Client error '403 ' for url 'https://openapiproext.bnf.fr/iiif/presentation/v3/ark:/12148/bd6t51125948f/manifest.json'
For more information check: https://developer.mozilla.org/en-US/docs/Web/HTTP/Status/403",2026-07-18T20:46:03.214852
liberation,bd6t51125949v,,failed,0,0,,http_manifest,known,403,manifest,"Client error '403 ' for url 'https://openapiproext.bnf.fr/iiif/presentation/v3/ark:/12148/bd6t51125949v/manifest.json'
For more information check: https://developer.mozilla.org/en-US/docs/Web/HTTP/Status/403",2026-07-18T20:46:04.419452
liberation,bd6t51125950h,,failed,0,0,,http_manifest,known,403,manifest,"Client error '403 ' for url 'https://openapiproext.bnf.fr/iiif/presentation/v3/ark:/12148/bd6t51125950h/manifest.json'
For more information check: https://developer.mozilla.org/en-US/docs/Web/HTTP/Status/403",2026-07-18T20:46:05.618277
liberation,bd6t51125951x,,failed,0,0,,http_manifest,known,403,manifest,"Client error '403 ' for url 'https://openapiproext.bnf.fr/iiif/presentation/v3/ark:/12148/bd6t51125951x/manifest.json'
For more information check: https://developer.mozilla.org/en-US/docs/Web/HTTP/Status/403",2026-07-18T20:46:06.822227
liberation,bd6t51125952b,,failed,0,0,,http_manifest,known,403,manifest,"Client error '403 ' for url 'https://openapiproext.bnf.fr/iiif/presentation/v3/ark:/12148/bd6t51125952b/manifest.json'
For more information check: https://developer.mozilla.org/en-US/docs/Web/HTTP/Status/403",2026-07-18T20:46:08.044418
liberation,bd6t51125953r,,failed,0,0,,http_manifest,known,403,manifest,"Client error '403 ' for url 'https://openapiproext.bnf.fr/iiif/presentation/v3/ark:/12148/bd6t51125953r/manifest.json'
For more information check: https://developer.mozilla.org/en-US/docs/Web/HTTP/Status/403",2026-07-18T20:46:09.451550
liberation,bd6t511259545,,failed,0,0,,http_manifest,known,403,manifest,"Client error '403 ' for url 'https://openapiproext.bnf.fr/iiif/presentation/v3/ark:/12148/bd6t511259545/manifest.json'
For more information check: https://developer.mozilla.org/en-US/docs/Web/HTTP/Status/403",2026-07-18T20:46:10.425216
liberation,bd6t51125955k,,failed,0,0,,http_manifest,known,403,manifest,"Client error '403 ' for url 'https://openapiproext.bnf.fr/iiif/presentation/v3/ark:/12148/bd6t51125955k/manifest.json'
For more information check: https://developer.mozilla.org/en-US/docs/Web/HTTP/Status/403",2026-07-18T20:46:11.630732
liberation,bd6t511259560,,failed,0,0,,http_manifest,known,403,manifest,"Client error '403 ' for url 'https://openapiproext.bnf.fr/iiif/presentation/v3/ark:/12148/bd6t511259560/manifest.json'
For more information check: https://developer.mozilla.org/en-US/docs/Web/HTTP/Status/403",2026-07-18T20:46:13.078504
liberation,bd6t51125957d,,failed,0,0,,http_manifest,known,403,manifest,"Client error '403 ' for url 'https://openapiproext.bnf.fr/iiif/presentation/v3/ark:/12148/bd6t51125957d/manifest.json'
For more information check: https://developer.mozilla.org/en-US/docs/Web/HTTP/Status/403",2026-07-18T20:46:14.129597
liberation,bd6t51125958t,,failed,0,0,,http_manifest,known,403,manifest,"Client error '403 ' for url 'https://openapiproext.bnf.fr/iiif/presentation/v3/ark:/12148/bd6t51125958t/manifest.json'
For more information check: https://developer.mozilla.org/en-US/docs/Web/HTTP/Status/403",2026-07-18T20:46:15.230280
liberation,bd6t511259597,,failed,0,0,,http_manifest,known,403,manifest,"Client error '403 ' for url 'https://openapiproext.bnf.fr/iiif/presentation/v3/ark:/12148/bd6t511259597/manifest.json'
For more information check: https://developer.mozilla.org/en-US/docs/Web/HTTP/Status/403",2026-07-18T20:46:16.438262
liberation,bd6t51125960w,,failed,0,0,,http_manifest,known,403,manifest,"Client error '403 ' for url 'https://openapiproext.bnf.fr/iiif/presentation/v3/ark:/12148/bd6t51125960w/manifest.json'
For more information check: https://developer.mozilla.org/en-US/docs/Web/HTTP/Status/403",2026-07-18T20:46:17.633077
liberation,bd6t511259619,,failed,0,0,,http_manifest,known,403,manifest,"Client error '403 ' for url 'https://openapiproext.bnf.fr/iiif/presentation/v3/ark:/12148/bd6t511259619/manifest.json'
For more information check: https://developer.mozilla.org/en-US/docs/Web/HTTP/Status/403",2026-07-18T20:46:18.901298
liberation,bd6t51125962q,,failed,0,0,,http_manifest,known,403,manifest,"Client error '403 ' for url 'https://openapiproext.bnf.fr/iiif/presentation/v3/ark:/12148/bd6t51125962q/manifest.json'
For more information check: https://developer.mozilla.org/en-US/docs/Web/HTTP/Status/403",2026-07-18T20:46:20.037752
liberation,bd6t511259634,,failed,0,0,,http_manifest,known,403,manifest,"Client error '403 ' for url 'https://openapiproext.bnf.fr/iiif/presentation/v3/ark:/12148/bd6t511259634/manifest.json'
For more information check: https://developer.mozilla.org/en-US/docs/Web/HTTP/Status/403",2026-07-18T20:46:21.240524
liberation,bd6t51125964j,,failed,0,0,,http_manifest,known,403,manifest,"Client error '403 ' for url 'https://openapiproext.bnf.fr/iiif/presentation/v3/ark:/12148/bd6t51125964j/manifest.json'
For more information check: https://developer.mozilla.org/en-US/docs/Web/HTTP/Status/403",2026-07-18T20:46:22.437575
liberation,bd6t51125965z,,failed,0,0,,http_manifest,known,403,manifest,"Client error '403 ' for url 'https://openapiproext.bnf.fr/iiif/presentation/v3/ark:/12148/bd6t51125965z/manifest.json'
For more information check: https://developer.mozilla.org/en-US/docs/Web/HTTP/Status/403",2026-07-18T20:46:23.678234
liberation,bd6t51125966c,,failed,0,0,,http_manifest,known,403,manifest,"Client error '403 ' for url 'https://openapiproext.bnf.fr/iiif/presentation/v3/ark:/12148/bd6t51125966c/manifest.json'
For more information check: https://developer.mozilla.org/en-US/docs/Web/HTTP/Status/403",2026-07-18T20:46:24.882599
liberation,bd6t51125967s,,failed,0,0,,http_manifest,known,403,manifest,"Client error '403 ' for url 'https://openapiproext.bnf.fr/iiif/presentation/v3/ark:/12148/bd6t51125967s/manifest.json'
For more information check: https://developer.mozilla.org/en-US/docs/Web/HTTP/Status/403",2026-07-18T20:46:26.162167
liberation,bd6t511259686,,failed,0,0,,http_manifest,known,403,manifest,"Client error '403 ' for url 'https://openapiproext.bnf.fr/iiif/presentation/v3/ark:/12148/bd6t511259686/manifest.json'
For more information check: https://developer.mozilla.org/en-US/docs/Web/HTTP/Status/403",2026-07-18T20:46:27.243464
liberation,bd6t51125969m,,failed,0,0,,http_manifest,known,403,manifest,"Client error '403 ' for url 'https://openapiproext.bnf.fr/iiif/presentation/v3/ark:/12148/bd6t51125969m/manifest.json'
For more information check: https://developer.mozilla.org/en-US/docs/Web/HTTP/Status/403",2026-07-18T20:46:28.447751
liberation,bd6t511259708,,failed,0,0,,http_manifest,known,403,manifest,"Client error '403 ' for url 'https://openapiproext.bnf.fr/iiif/presentation/v3/ark:/12148/bd6t511259708/manifest.json'
For more information check: https://developer.mozilla.org/en-US/docs/Web/HTTP/Status/403",2026-07-18T20:46:29.647305
liberation,bd6t51125971p,,failed,0,0,,http_manifest,known,403,manifest,"Client error '403 ' for url 'https://openapiproext.bnf.fr/iiif/presentation/v3/ark:/12148/bd6t51125971p/manifest.json'
For more information check: https://developer.mozilla.org/en-US/docs/Web/HTTP/Status/403",2026-07-18T20:46:30.871466
liberation,bd6t511259723,,failed,0,0,,http_manifest,known,403,manifest,"Client error '403 ' for url 'https://openapiproext.bnf.fr/iiif/presentation/v3/ark:/12148/bd6t511259723/manifest.json'
For more information check: https://developer.mozilla.org/en-US/docs/Web/HTTP/Status/403",2026-07-18T20:46:32.051487
liberation,bd6t51125973h,,failed,0,0,,http_manifest,known,403,manifest,"Client error '403 ' for url 'https://openapiproext.bnf.fr/iiif/presentation/v3/ark:/12148/bd6t51125973h/manifest.json'
For more information check: https://developer.mozilla.org/en-US/docs/Web/HTTP/Status/403",2026-07-18T20:46:33.253864
liberation,bd6t51125974x,,failed,0,0,,http_manifest,known,403,manifest,"Client error '403 ' for url 'https://openapiproext.bnf.fr/iiif/presentation/v3/ark:/12148/bd6t51125974x/manifest.json'
For more information check: https://developer.mozilla.org/en-US/docs/Web/HTTP/Status/403",2026-07-18T20:46:34.452217
liberation,bd6t51125975b,,failed,0,0,,http_manifest,known,403,manifest,"Client error '403 ' for url 'https://openapiproext.bnf.fr/iiif/presentation/v3/ark:/12148/bd6t51125975b/manifest.json'
For more information check: https://developer.mozilla.org/en-US/docs/Web/HTTP/Status/403",2026-07-18T20:46:35.656380
liberation,bd6t51125976r,,failed,0,0,,http_manifest,known,403,manifest,"Client error '403 ' for url 'https://openapiproext.bnf.fr/iiif/presentation/v3/ark:/12148/bd6t51125976r/manifest.json'
For more information check: https://developer.mozilla.org/en-US/docs/Web/HTTP/Status/403",2026-07-18T20:46:36.858412
liberation,bd6t511259775,,failed,0,0,,http_manifest,known,403,manifest,"Client error '403 ' for url 'https://openapiproext.bnf.fr/iiif/presentation/v3/ark:/12148/bd6t511259775/manifest.json'
For more information check: https://developer.mozilla.org/en-US/docs/Web/HTTP/Status/403",2026-07-18T20:46:38.067181
liberation,bd6t51125978k,,failed,0,0,,http_manifest,known,403,manifest,"Client error '403 ' for url 'https://openapiproext.bnf.fr/iiif/presentation/v3/ark:/12148/bd6t51125978k/manifest.json'
For more information check: https://developer.mozilla.org/en-US/docs/Web/HTTP/Status/403",2026-07-18T20:46:39.260373
liberation,bd6t511259790,,failed,0,0,,http_manifest,known,403,manifest,"Client error '403 ' for url 'https://openapiproext.bnf.fr/iiif/presentation/v3/ark:/12148/bd6t511259790/manifest.json'
For more information check: https://developer.mozilla.org/en-US/docs/Web/HTTP/Status/403",2026-07-18T20:46:40.461836
liberation,bd6t51125980n,,failed,0,0,,http_manifest,known,403,manifest,"Client error '403 ' for url 'https://openapiproext.bnf.fr/iiif/presentation/v3/ark:/12148/bd6t51125980n/manifest.json'
For more information check: https://developer.mozilla.org/en-US/docs/Web/HTTP/Status/403",2026-07-18T20:46:41.659285
liberation,bd6t511259812,,failed,0,0,,http_manifest,known,403,manifest,"Client error '403 ' for url 'https://openapiproext.bnf.fr/iiif/presentation/v3/ark:/12148/bd6t511259812/manifest.json'
For more information check: https://developer.mozilla.org/en-US/docs/Web/HTTP/Status/403",2026-07-18T20:46:42.880269
liberation,bd6t51125982g,,failed,0,0,,http_manifest,known,403,manifest,"Client error '403 ' for url 'https://openapiproext.bnf.fr/iiif/presentation/v3/ark:/12148/bd6t51125982g/manifest.json'
For more information check: https://developer.mozilla.org/en-US/docs/Web/HTTP/Status/403",2026-07-18T20:46:44.065245
liberation,bd6t51125983w,,failed,0,0,,http_manifest,known,403,manifest,"Client error '403 ' for url 'https://openapiproext.bnf.fr/iiif/presentation/v3/ark:/12148/bd6t51125983w/manifest.json'
For more information check: https://developer.mozilla.org/en-US/docs/Web/HTTP/Status/403",2026-07-18T20:46:45.264725
liberation,bd6t511259849,,failed,0,0,,http_manifest,known,403,manifest,"Client error '403 ' for url 'https://openapiproext.bnf.fr/iiif/presentation/v3/ark:/12148/bd6t511259849/manifest.json'
For more information check: https://developer.mozilla.org/en-US/docs/Web/HTTP/Status/403",2026-07-18T20:46:46.466345
liberation,bd6t511259864,,failed,0,0,,http_manifest,known,403,manifest,"Client error '403 ' for url 'https://openapiproext.bnf.fr/iiif/presentation/v3/ark:/12148/bd6t511259864/manifest.json'
For more information check: https://developer.mozilla.org/en-US/docs/Web/HTTP/Status/403",2026-07-18T20:46:47.673836
liberation,bd6t51125987j,,failed,0,0,,http_manifest,known,403,manifest,"Client error '403 ' for url 'https://openapiproext.bnf.fr/iiif/presentation/v3/ark:/12148/bd6t51125987j/manifest.json'
For more information check: https://developer.mozilla.org/en-US/docs/Web/HTTP/Status/403",2026-07-18T20:46:48.893121
liberation,bd6t51125988z,,failed,0,0,,http_manifest,known,403,manifest,"Client error '403 ' for url 'https://openapiproext.bnf.fr/iiif/presentation/v3/ark:/12148/bd6t51125988z/manifest.json'
For more information check: https://developer.mozilla.org/en-US/docs/Web/HTTP/Status/403",2026-07-18T20:46:50.070607
liberation,bd6t51125989c,,failed,0,0,,http_manifest,known,403,manifest,"Client error '403 ' for url 'https://openapiproext.bnf.fr/iiif/presentation/v3/ark:/12148/bd6t51125989c/manifest.json'
For more information check: https://developer.mozilla.org/en-US/docs/Web/HTTP/Status/403",2026-07-18T20:46:51.272242
liberation,bd6t51125985q,,failed,0,0,,http_manifest,known,403,manifest,"Client error '403 ' for url 'https://openapiproext.bnf.fr/iiif/presentation/v3/ark:/12148/bd6t51125985q/manifest.json'
For more information check: https://developer.mozilla.org/en-US/docs/Web/HTTP/Status/403",2026-07-18T20:46:52.481753
liberation,bd6t511259901,,failed,0,0,,http_manifest,known,403,manifest,"Client error '403 ' for url 'https://openapiproext.bnf.fr/iiif/presentation/v3/ark:/12148/bd6t511259901/manifest.json'
For more information check: https://developer.mozilla.org/en-US/docs/Web/HTTP/Status/403",2026-07-18T20:46:53.675185
liberation,bd6t51125991f,,failed,0,0,,http_manifest,known,403,manifest,"Client error '403 ' for url 'https://openapiproext.bnf.fr/iiif/presentation/v3/ark:/12148/bd6t51125991f/manifest.json'
For more information check: https://developer.mozilla.org/en-US/docs/Web/HTTP/Status/403",2026-07-18T20:46:54.878622
liberation,bd6t51125992v,,failed,0,0,,http_manifest,known,403,manifest,"Client error '403 ' for url 'https://openapiproext.bnf.fr/iiif/presentation/v3/ark:/12148/bd6t51125992v/manifest.json'
For more information check: https://developer.mozilla.org/en-US/docs/Web/HTTP/Status/403",2026-07-18T20:46:56.133542
liberation,bd6t511259938,,failed,0,0,,http_manifest,known,403,manifest,"Client error '403 ' for url 'https://openapiproext.bnf.fr/iiif/presentation/v3/ark:/12148/bd6t511259938/manifest.json'
For more information check: https://developer.mozilla.org/en-US/docs/Web/HTTP/Status/403",2026-07-18T20:46:57.280666
liberation,bd6t51125994p,,failed,0,0,,http_manifest,known,403,manifest,"Client error '403 ' for url 'https://openapiproext.bnf.fr/iiif/presentation/v3/ark:/12148/bd6t51125994p/manifest.json'
For more information check: https://developer.mozilla.org/en-US/docs/Web/HTTP/Status/403",2026-07-18T20:46:58.479682
liberation,bd6t511259953,,failed,0,0,,http_manifest,known,403,manifest,"Client error '403 ' for url 'https://openapiproext.bnf.fr/iiif/presentation/v3/ark:/12148/bd6t511259953/manifest.json'
For more information check: https://developer.mozilla.org/en-US/docs/Web/HTTP/Status/403",2026-07-18T20:46:59.681115
liberation,bd6t51125996h,,failed,0,0,,http_manifest,known,403,manifest,"Client error '403 ' for url 'https://openapiproext.bnf.fr/iiif/presentation/v3/ark:/12148/bd6t51125996h/manifest.json'
For more information check: https://developer.mozilla.org/en-US/docs/Web/HTTP/Status/403",2026-07-18T20:47:00.883508
liberation,bd6t51125997x,,failed,0,0,,http_manifest,known,403,manifest,"Client error '403 ' for url 'https://openapiproext.bnf.fr/iiif/presentation/v3/ark:/12148/bd6t51125997x/manifest.json'
For more information check: https://developer.mozilla.org/en-US/docs/Web/HTTP/Status/403",2026-07-18T20:47:02.087179
liberation,bd6t51125998b,,failed,0,0,,http_manifest,known,403,manifest,"Client error '403 ' for url 'https://openapiproext.bnf.fr/iiif/presentation/v3/ark:/12148/bd6t51125998b/manifest.json'
For more information check: https://developer.mozilla.org/en-US/docs/Web/HTTP/Status/403",2026-07-18T20:47:03.287595
liberation,bd6t51125999r,,failed,0,0,,http_manifest,known,403,manifest,"Client error '403 ' for url 'https://openapiproext.bnf.fr/iiif/presentation/v3/ark:/12148/bd6t51125999r/manifest.json'
For more information check: https://developer.mozilla.org/en-US/docs/Web/HTTP/Status/403",2026-07-18T20:47:04.500488
liberation,bd6t51126000t,,failed,0,0,,http_manifest,known,403,manifest,"Client error '403 ' for url 'https://openapiproext.bnf.fr/iiif/presentation/v3/ark:/12148/bd6t51126000t/manifest.json'
For more information check: https://developer.mozilla.org/en-US/docs/Web/HTTP/Status/403",2026-07-18T20:47:05.685709
liberation,bd6t511260017,,failed,0,0,,http_manifest,known,403,manifest,"Client error '403 ' for url 'https://openapiproext.bnf.fr/iiif/presentation/v3/ark:/12148/bd6t511260017/manifest.json'
For more information check: https://developer.mozilla.org/en-US/docs/Web/HTTP/Status/403",2026-07-18T20:47:07.128264
liberation,bd6t51126002n,,failed,0,0,,http_manifest,known,403,manifest,"Client error '403 ' for url 'https://openapiproext.bnf.fr/iiif/presentation/v3/ark:/12148/bd6t51126002n/manifest.json'
For more information check: https://developer.mozilla.org/en-US/docs/Web/HTTP/Status/403",2026-07-18T20:47:08.097957
liberation,bd6t511260032,,failed,0,0,,http_manifest,known,403,manifest,"Client error '403 ' for url 'https://openapiproext.bnf.fr/iiif/presentation/v3/ark:/12148/bd6t511260032/manifest.json'
For more information check: https://developer.mozilla.org/en-US/docs/Web/HTTP/Status/403",2026-07-18T20:47:09.292062
liberation,bd6t51126004g,,failed,0,0,,http_manifest,known,403,manifest,"Client error '403 ' for url 'https://openapiproext.bnf.fr/iiif/presentation/v3/ark:/12148/bd6t51126004g/manifest.json'
For more information check: https://developer.mozilla.org/en-US/docs/Web/HTTP/Status/403",2026-07-18T20:47:10.494431
liberation,bd6t51126005w,,failed,0,0,,http_manifest,known,403,manifest,"Client error '403 ' for url 'https://openapiproext.bnf.fr/iiif/presentation/v3/ark:/12148/bd6t51126005w/manifest.json'
For more information check: https://developer.mozilla.org/en-US/docs/Web/HTTP/Status/403",2026-07-18T20:47:11.696592
liberation,bd6t511260069,,failed,0,0,,http_manifest,known,403,manifest,"Client error '403 ' for url 'https://openapiproext.bnf.fr/iiif/presentation/v3/ark:/12148/bd6t511260069/manifest.json'
For more information check: https://developer.mozilla.org/en-US/docs/Web/HTTP/Status/403",2026-07-18T20:47:12.916101
liberation,bd6t51126007q,,failed,0,0,,http_manifest,known,403,manifest,"Client error '403 ' for url 'https://openapiproext.bnf.fr/iiif/presentation/v3/ark:/12148/bd6t51126007q/manifest.json'
For more information check: https://developer.mozilla.org/en-US/docs/Web/HTTP/Status/403",2026-07-18T20:47:14.288994
liberation,bd6t511260084,,failed,0,0,,http_manifest,known,403,manifest,"Client error '403 ' for url 'https://openapiproext.bnf.fr/iiif/presentation/v3/ark:/12148/bd6t511260084/manifest.json'
For more information check: https://developer.mozilla.org/en-US/docs/Web/HTTP/Status/403",2026-07-18T20:47:15.539953
liberation,bd6t51126009j,,failed,0,0,,http_manifest,known,403,manifest,"Client error '403 ' for url 'https://openapiproext.bnf.fr/iiif/presentation/v3/ark:/12148/bd6t51126009j/manifest.json'
For more information check: https://developer.mozilla.org/en-US/docs/Web/HTTP/Status/403",2026-07-18T20:47:16.498934
liberation,bd6t511260106,,failed,0,0,,http_manifest,known,403,manifest,"Client error '403 ' for url 'https://openapiproext.bnf.fr/iiif/presentation/v3/ark:/12148/bd6t511260106/manifest.json'
For more information check: https://developer.mozilla.org/en-US/docs/Web/HTTP/Status/403",2026-07-18T20:47:17.699594
liberation,bd6t51126011m,,failed,0,0,,http_manifest,known,403,manifest,"Client error '403 ' for url 'https://openapiproext.bnf.fr/iiif/presentation/v3/ark:/12148/bd6t51126011m/manifest.json'
For more information check: https://developer.mozilla.org/en-US/docs/Web/HTTP/Status/403",2026-07-18T20:47:18.986399
liberation,bd6t511260121,,failed,0,0,,http_manifest,known,403,manifest,"Client error '403 ' for url 'https://openapiproext.bnf.fr/iiif/presentation/v3/ark:/12148/bd6t511260121/manifest.json'
For more information check: https://developer.mozilla.org/en-US/docs/Web/HTTP/Status/403",2026-07-18T20:47:20.105461
liberation,bd6t51126013f,,failed,0,0,,http_manifest,known,403,manifest,"Client error '403 ' for url 'https://openapiproext.bnf.fr/iiif/presentation/v3/ark:/12148/bd6t51126013f/manifest.json'
For more information check: https://developer.mozilla.org/en-US/docs/Web/HTTP/Status/403",2026-07-18T20:47:21.330319
liberation,bd6t51126014v,,failed,0,0,,http_manifest,known,403,manifest,"Client error '403 ' for url 'https://openapiproext.bnf.fr/iiif/presentation/v3/ark:/12148/bd6t51126014v/manifest.json'
For more information check: https://developer.mozilla.org/en-US/docs/Web/HTTP/Status/403",2026-07-18T20:47:22.609347
liberation,bd6t511260158,,failed,0,0,,http_manifest,known,403,manifest,"Client error '403 ' for url 'https://openapiproext.bnf.fr/iiif/presentation/v3/ark:/12148/bd6t511260158/manifest.json'
For more information check: https://developer.mozilla.org/en-US/docs/Web/HTTP/Status/403",2026-07-18T20:47:23.865154
liberation,bd6t511258075,,failed,0,0,,http_manifest,known,403,manifest,"Client error '403 ' for url 'https://openapiproext.bnf.fr/iiif/presentation/v3/ark:/12148/bd6t511258075/manifest.json'
For more information check: https://developer.mozilla.org/en-US/docs/Web/HTTP/Status/403",2026-07-18T20:47:25.062891
liberation,bd6t51125808k,,failed,0,0,,http_manifest,known,403,manifest,"Client error '403 ' for url 'https://openapiproext.bnf.fr/iiif/presentation/v3/ark:/12148/bd6t51125808k/manifest.json'
For more information check: https://developer.mozilla.org/en-US/docs/Web/HTTP/Status/403",2026-07-18T20:47:26.320374
liberation,bd6t511258090,,failed,0,0,,http_manifest,known,403,manifest,"Client error '403 ' for url 'https://openapiproext.bnf.fr/iiif/presentation/v3/ark:/12148/bd6t511258090/manifest.json'
For more information check: https://developer.mozilla.org/en-US/docs/Web/HTTP/Status/403",2026-07-18T20:47:27.314772
liberation,bd6t51125810n,,failed,0,0,,http_manifest,known,403,manifest,"Client error '403 ' for url 'https://openapiproext.bnf.fr/iiif/presentation/v3/ark:/12148/bd6t51125810n/manifest.json'
For more information check: https://developer.mozilla.org/en-US/docs/Web/HTTP/Status/403",2026-07-18T20:47:28.675299
liberation,bd6t511258112,,failed,0,0,,http_manifest,known,403,manifest,"Client error '403 ' for url 'https://openapiproext.bnf.fr/iiif/presentation/v3/ark:/12148/bd6t511258112/manifest.json'
For more information check: https://developer.mozilla.org/en-US/docs/Web/HTTP/Status/403",2026-07-18T20:47:29.720200
liberation,bd6t51125812g,,failed,0,0,,http_manifest,known,403,manifest,"Client error '403 ' for url 'https://openapiproext.bnf.fr/iiif/presentation/v3/ark:/12148/bd6t51125812g/manifest.json'
For more information check: https://developer.mozilla.org/en-US/docs/Web/HTTP/Status/403",2026-07-18T20:47:30.917880
liberation,bd6t51125813w,,failed,0,0,,http_manifest,known,403,manifest,"Client error '403 ' for url 'https://openapiproext.bnf.fr/iiif/presentation/v3/ark:/12148/bd6t51125813w/manifest.json'
For more information check: https://developer.mozilla.org/en-US/docs/Web/HTTP/Status/403",2026-07-18T20:47:32.118868
liberation,bd6t511258149,,failed,0,0,,http_manifest,known,403,manifest,"Client error '403 ' for url 'https://openapiproext.bnf.fr/iiif/presentation/v3/ark:/12148/bd6t511258149/manifest.json'
For more information check: https://developer.mozilla.org/en-US/docs/Web/HTTP/Status/403",2026-07-18T20:47:33.327724
liberation,bd6t51125815q,,failed,0,0,,http_manifest,known,403,manifest,"Client error '403 ' for url 'https://openapiproext.bnf.fr/iiif/presentation/v3/ark:/12148/bd6t51125815q/manifest.json'
For more information check: https://developer.mozilla.org/en-US/docs/Web/HTTP/Status/403",2026-07-18T20:47:34.518286
liberation,bd6t511258164,,failed,0,0,,http_manifest,known,403,manifest,"Client error '403 ' for url 'https://openapiproext.bnf.fr/iiif/presentation/v3/ark:/12148/bd6t511258164/manifest.json'
For more information check: https://developer.mozilla.org/en-US/docs/Web/HTTP/Status/403",2026-07-18T20:47:35.721113
liberation,bd6t51125817j,,failed,0,0,,http_manifest,known,403,manifest,"Client error '403 ' for url 'https://openapiproext.bnf.fr/iiif/presentation/v3/ark:/12148/bd6t51125817j/manifest.json'
For more information check: https://developer.mozilla.org/en-US/docs/Web/HTTP/Status/403",2026-07-18T20:47:36.954610
liberation,bd6t51125818z,,failed,0,0,,http_manifest,known,403,manifest,"Client error '403 ' for url 'https://openapiproext.bnf.fr/iiif/presentation/v3/ark:/12148/bd6t51125818z/manifest.json'
For more information check: https://developer.mozilla.org/en-US/docs/Web/HTTP/Status/403",2026-07-18T20:47:38.122263
liberation,bd6t51125819c,,failed,0,0,,http_manifest,known,403,manifest,"Client error '403 ' for url 'https://openapiproext.bnf.fr/iiif/presentation/v3/ark:/12148/bd6t51125819c/manifest.json'
For more information check: https://developer.mozilla.org/en-US/docs/Web/HTTP/Status/403",2026-07-18T20:47:39.327114
liberation,bd6t511258201,,failed,0,0,,http_manifest,known,403,manifest,"Client error '403 ' for url 'https://openapiproext.bnf.fr/iiif/presentation/v3/ark:/12148/bd6t511258201/manifest.json'
For more information check: https://developer.mozilla.org/en-US/docs/Web/HTTP/Status/403",2026-07-18T20:47:40.527634
liberation,bd6t51125821f,,failed,0,0,,http_manifest,known,403,manifest,"Client error '403 ' for url 'https://openapiproext.bnf.fr/iiif/presentation/v3/ark:/12148/bd6t51125821f/manifest.json'
For more information check: https://developer.mozilla.org/en-US/docs/Web/HTTP/Status/403",2026-07-18T20:47:41.729285
liberation,bd6t51125822v,,failed,0,0,,http_manifest,known,403,manifest,"Client error '403 ' for url 'https://openapiproext.bnf.fr/iiif/presentation/v3/ark:/12148/bd6t51125822v/manifest.json'
For more information check: https://developer.mozilla.org/en-US/docs/Web/HTTP/Status/403",2026-07-18T20:47:42.948369
liberation,bd6t511258238,,failed,0,0,,http_manifest,known,403,manifest,"Client error '403 ' for url 'https://openapiproext.bnf.fr/iiif/presentation/v3/ark:/12148/bd6t511258238/manifest.json'
For more information check: https://developer.mozilla.org/en-US/docs/Web/HTTP/Status/403",2026-07-18T20:47:44.144949
liberation,bd6t51125824p,,failed,0,0,,http_manifest,known,403,manifest,"Client error '403 ' for url 'https://openapiproext.bnf.fr/iiif/presentation/v3/ark:/12148/bd6t51125824p/manifest.json'
For more information check: https://developer.mozilla.org/en-US/docs/Web/HTTP/Status/403",2026-07-18T20:47:45.335157
liberation,bd6t511258253,,failed,0,0,,http_manifest,known,403,manifest,"Client error '403 ' for url 'https://openapiproext.bnf.fr/iiif/presentation/v3/ark:/12148/bd6t511258253/manifest.json'
For more information check: https://developer.mozilla.org/en-US/docs/Web/HTTP/Status/403",2026-07-18T20:47:46.533247
liberation,bd6t51125826h,,failed,0,0,,http_manifest,known,403,manifest,"Client error '403 ' for url 'https://openapiproext.bnf.fr/iiif/presentation/v3/ark:/12148/bd6t51125826h/manifest.json'
For more information check: https://developer.mozilla.org/en-US/docs/Web/HTTP/Status/403",2026-07-18T20:47:47.732984
liberation,bd6t51125827x,,failed,0,0,,http_manifest,known,403,manifest,"Client error '403 ' for url 'https://openapiproext.bnf.fr/iiif/presentation/v3/ark:/12148/bd6t51125827x/manifest.json'
For more information check: https://developer.mozilla.org/en-US/docs/Web/HTTP/Status/403",2026-07-18T20:47:48.936283
liberation,bd6t51125828b,,failed,0,0,,http_manifest,known,403,manifest,"Client error '403 ' for url 'https://openapiproext.bnf.fr/iiif/presentation/v3/ark:/12148/bd6t51125828b/manifest.json'
For more information check: https://developer.mozilla.org/en-US/docs/Web/HTTP/Status/403",2026-07-18T20:47:50.137895
liberation,bd6t51125829r,,failed,0,0,,http_manifest,known,403,manifest,"Client error '403 ' for url 'https://openapiproext.bnf.fr/iiif/presentation/v3/ark:/12148/bd6t51125829r/manifest.json'
For more information check: https://developer.mozilla.org/en-US/docs/Web/HTTP/Status/403",2026-07-18T20:47:51.339980
liberation,bd6t51125830d,,failed,0,0,,http_manifest,known,403,manifest,"Client error '403 ' for url 'https://openapiproext.bnf.fr/iiif/presentation/v3/ark:/12148/bd6t51125830d/manifest.json'
For more information check: https://developer.mozilla.org/en-US/docs/Web/HTTP/Status/403",2026-07-18T20:47:52.540123
liberation,bd6t51125831t,,failed,0,0,,http_manifest,known,403,manifest,"Client error '403 ' for url 'https://openapiproext.bnf.fr/iiif/presentation/v3/ark:/12148/bd6t51125831t/manifest.json'
For more information check: https://developer.mozilla.org/en-US/docs/Web/HTTP/Status/403",2026-07-18T20:47:53.742145
liberation,bd6t511258327,,failed,0,0,,http_manifest,known,403,manifest,"Client error '403 ' for url 'https://openapiproext.bnf.fr/iiif/presentation/v3/ark:/12148/bd6t511258327/manifest.json'
For more information check: https://developer.mozilla.org/en-US/docs/Web/HTTP/Status/403",2026-07-18T20:47:54.967871
liberation,bd6t51125833n,,failed,0,0,,http_manifest,known,403,manifest,"Client error '403 ' for url 'https://openapiproext.bnf.fr/iiif/presentation/v3/ark:/12148/bd6t51125833n/manifest.json'
For more information check: https://developer.mozilla.org/en-US/docs/Web/HTTP/Status/403",2026-07-18T20:47:56.147039
liberation,bd6t511258342,,failed,0,0,,http_manifest,known,403,manifest,"Client error '403 ' for url 'https://openapiproext.bnf.fr/iiif/presentation/v3/ark:/12148/bd6t511258342/manifest.json'
For more information check: https://developer.mozilla.org/en-US/docs/Web/HTTP/Status/403",2026-07-18T20:47:57.345115
liberation,bd6t51125835g,,failed,0,0,,http_manifest,known,403,manifest,"Client error '403 ' for url 'https://openapiproext.bnf.fr/iiif/presentation/v3/ark:/12148/bd6t51125835g/manifest.json'
For more information check: https://developer.mozilla.org/en-US/docs/Web/HTTP/Status/403",2026-07-18T20:47:58.551380
liberation,bd6t51125836w,,failed,0,0,,http_manifest,known,403,manifest,"Client error '403 ' for url 'https://openapiproext.bnf.fr/iiif/presentation/v3/ark:/12148/bd6t51125836w/manifest.json'
For more information check: https://developer.mozilla.org/en-US/docs/Web/HTTP/Status/403",2026-07-18T20:47:59.760974
liberation,bd6t511258379,,failed,0,0,,http_manifest,known,403,manifest,"Client error '403 ' for url 'https://openapiproext.bnf.fr/iiif/presentation/v3/ark:/12148/bd6t511258379/manifest.json'
For more information check: https://developer.mozilla.org/en-US/docs/Web/HTTP/Status/403",2026-07-18T20:48:00.952366
liberation,bd6t51125838q,,failed,0,0,,http_manifest,known,403,manifest,"Client error '403 ' for url 'https://openapiproext.bnf.fr/iiif/presentation/v3/ark:/12148/bd6t51125838q/manifest.json'
For more information check: https://developer.mozilla.org/en-US/docs/Web/HTTP/Status/403",2026-07-18T20:48:02.155078
liberation,bd6t511258394,,failed,0,0,,http_manifest,known,403,manifest,"Client error '403 ' for url 'https://openapiproext.bnf.fr/iiif/presentation/v3/ark:/12148/bd6t511258394/manifest.json'
For more information check: https://developer.mozilla.org/en-US/docs/Web/HTTP/Status/403",2026-07-18T20:48:03.363002
liberation,bd6t51125840s,,failed,0,0,,http_manifest,known,403,manifest,"Client error '403 ' for url 'https://openapiproext.bnf.fr/iiif/presentation/v3/ark:/12148/bd6t51125840s/manifest.json'
For more information check: https://developer.mozilla.org/en-US/docs/Web/HTTP/Status/403",2026-07-18T20:48:04.569818
liberation,bd6t511258416,,failed,0,0,,http_manifest,known,403,manifest,"Client error '403 ' for url 'https://openapiproext.bnf.fr/iiif/presentation/v3/ark:/12148/bd6t511258416/manifest.json'
For more information check: https://developer.mozilla.org/en-US/docs/Web/HTTP/Status/403",2026-07-18T20:48:05.760987
liberation,bd6t51125842m,,failed,0,0,,http_manifest,known,403,manifest,"Client error '403 ' for url 'https://openapiproext.bnf.fr/iiif/presentation/v3/ark:/12148/bd6t51125842m/manifest.json'
For more information check: https://developer.mozilla.org/en-US/docs/Web/HTTP/Status/403",2026-07-18T20:48:07.002638
liberation,bd6t511258431,,failed,0,0,,http_manifest,known,403,manifest,"Client error '403 ' for url 'https://openapiproext.bnf.fr/iiif/presentation/v3/ark:/12148/bd6t511258431/manifest.json'
For more information check: https://developer.mozilla.org/en-US/docs/Web/HTTP/Status/403",2026-07-18T20:48:08.397937
liberation,bd6t51125844f,,failed,0,0,,http_manifest,known,403,manifest,"Client error '403 ' for url 'https://openapiproext.bnf.fr/iiif/presentation/v3/ark:/12148/bd6t51125844f/manifest.json'
For more information check: https://developer.mozilla.org/en-US/docs/Web/HTTP/Status/403",2026-07-18T20:48:09.442506
liberation,bd6t51125845v,,failed,0,0,,http_manifest,known,403,manifest,"Client error '403 ' for url 'https://openapiproext.bnf.fr/iiif/presentation/v3/ark:/12148/bd6t51125845v/manifest.json'
For more information check: https://developer.mozilla.org/en-US/docs/Web/HTTP/Status/403",2026-07-18T20:48:10.829634
liberation,bd6t511258468,,failed,0,0,,http_manifest,known,403,manifest,"Client error '403 ' for url 'https://openapiproext.bnf.fr/iiif/presentation/v3/ark:/12148/bd6t511258468/manifest.json'
For more information check: https://developer.mozilla.org/en-US/docs/Web/HTTP/Status/403",2026-07-18T20:48:11.767585
liberation,bd6t51125847p,,failed,0,0,,http_manifest,known,403,manifest,"Client error '403 ' for url 'https://openapiproext.bnf.fr/iiif/presentation/v3/ark:/12148/bd6t51125847p/manifest.json'
For more information check: https://developer.mozilla.org/en-US/docs/Web/HTTP/Status/403",2026-07-18T20:48:13.091358
liberation,bd6t511258483,,failed,0,0,,http_manifest,known,403,manifest,"Client error '403 ' for url 'https://openapiproext.bnf.fr/iiif/presentation/v3/ark:/12148/bd6t511258483/manifest.json'
For more information check: https://developer.mozilla.org/en-US/docs/Web/HTTP/Status/403",2026-07-18T20:48:14.387458
liberation,bd6t51125849h,,failed,0,0,,http_manifest,known,403,manifest,"Client error '403 ' for url 'https://openapiproext.bnf.fr/iiif/presentation/v3/ark:/12148/bd6t51125849h/manifest.json'
For more information check: https://developer.mozilla.org/en-US/docs/Web/HTTP/Status/403",2026-07-18T20:48:15.519643
liberation,bd6t511258505,,failed,0,0,,http_manifest,known,403,manifest,"Client error '403 ' for url 'https://openapiproext.bnf.fr/iiif/presentation/v3/ark:/12148/bd6t511258505/manifest.json'
For more information check: https://developer.mozilla.org/en-US/docs/Web/HTTP/Status/403",2026-07-18T20:48:16.572184
liberation,bd6t51125851k,,failed,0,0,,http_manifest,known,403,manifest,"Client error '403 ' for url 'https://openapiproext.bnf.fr/iiif/presentation/v3/ark:/12148/bd6t51125851k/manifest.json'
For more information check: https://developer.mozilla.org/en-US/docs/Web/HTTP/Status/403",2026-07-18T20:48:17.771952
liberation,bd6t511258520,,failed,0,0,,http_manifest,known,403,manifest,"Client error '403 ' for url 'https://openapiproext.bnf.fr/iiif/presentation/v3/ark:/12148/bd6t511258520/manifest.json'
For more information check: https://developer.mozilla.org/en-US/docs/Web/HTTP/Status/403",2026-07-18T20:48:19.118459
liberation,bd6t51125853d,,failed,0,0,,http_manifest,known,403,manifest,"Client error '403 ' for url 'https://openapiproext.bnf.fr/iiif/presentation/v3/ark:/12148/bd6t51125853d/manifest.json'
For more information check: https://developer.mozilla.org/en-US/docs/Web/HTTP/Status/403",2026-07-18T20:48:20.173703
liberation,bd6t51125854t,,failed,0,0,,http_manifest,known,403,manifest,"Client error '403 ' for url 'https://openapiproext.bnf.fr/iiif/presentation/v3/ark:/12148/bd6t51125854t/manifest.json'
For more information check: https://developer.mozilla.org/en-US/docs/Web/HTTP/Status/403",2026-07-18T20:48:21.375798
liberation,bd6t511258557,,failed,0,0,,http_manifest,known,403,manifest,"Client error '403 ' for url 'https://openapiproext.bnf.fr/iiif/presentation/v3/ark:/12148/bd6t511258557/manifest.json'
For more information check: https://developer.mozilla.org/en-US/docs/Web/HTTP/Status/403",2026-07-18T20:48:22.772279
liberation,bd6t51125856n,,failed,0,0,,http_manifest,known,403,manifest,"Client error '403 ' for url 'https://openapiproext.bnf.fr/iiif/presentation/v3/ark:/12148/bd6t51125856n/manifest.json'
For more information check: https://developer.mozilla.org/en-US/docs/Web/HTTP/Status/403",2026-07-18T20:48:23.779709
liberation,bd6t511258572,,failed,0,0,,http_manifest,known,403,manifest,"Client error '403 ' for url 'https://openapiproext.bnf.fr/iiif/presentation/v3/ark:/12148/bd6t511258572/manifest.json'
For more information check: https://developer.mozilla.org/en-US/docs/Web/HTTP/Status/403",2026-07-18T20:48:24.998106
liberation,bd6t51125858g,,failed,0,0,,http_manifest,known,403,manifest,"Client error '403 ' for url 'https://openapiproext.bnf.fr/iiif/presentation/v3/ark:/12148/bd6t51125858g/manifest.json'
For more information check: https://developer.mozilla.org/en-US/docs/Web/HTTP/Status/403",2026-07-18T20:48:26.377749
liberation,bd6t51125859w,,failed,0,0,,http_manifest,known,403,manifest,"Client error '403 ' for url 'https://openapiproext.bnf.fr/iiif/presentation/v3/ark:/12148/bd6t51125859w/manifest.json'
For more information check: https://developer.mozilla.org/en-US/docs/Web/HTTP/Status/403",2026-07-18T20:48:27.402118
liberation,bd6t51125886s,,failed,0,0,,http_manifest,known,403,manifest,"Client error '403 ' for url 'https://openapiproext.bnf.fr/iiif/presentation/v3/ark:/12148/bd6t51125886s/manifest.json'
For more information check: https://developer.mozilla.org/en-US/docs/Web/HTTP/Status/403",2026-07-18T20:48:28.585027
liberation,bd6t51125860j,,failed,0,0,,http_manifest,known,403,manifest,"Client error '403 ' for url 'https://openapiproext.bnf.fr/iiif/presentation/v3/ark:/12148/bd6t51125860j/manifest.json'
For more information check: https://developer.mozilla.org/en-US/docs/Web/HTTP/Status/403",2026-07-18T20:48:29.788235
liberation,bd6t51125861z,,failed,0,0,,http_manifest,known,403,manifest,"Client error '403 ' for url 'https://openapiproext.bnf.fr/iiif/presentation/v3/ark:/12148/bd6t51125861z/manifest.json'
For more information check: https://developer.mozilla.org/en-US/docs/Web/HTTP/Status/403",2026-07-18T20:48:30.989376
liberation,bd6t51125862c,,failed,0,0,,http_manifest,known,403,manifest,"Client error '403 ' for url 'https://openapiproext.bnf.fr/iiif/presentation/v3/ark:/12148/bd6t51125862c/manifest.json'
For more information check: https://developer.mozilla.org/en-US/docs/Web/HTTP/Status/403",2026-07-18T20:48:32.189046
liberation,bd6t51125863s,,failed,0,0,,http_manifest,known,403,manifest,"Client error '403 ' for url 'https://openapiproext.bnf.fr/iiif/presentation/v3/ark:/12148/bd6t51125863s/manifest.json'
For more information check: https://developer.mozilla.org/en-US/docs/Web/HTTP/Status/403",2026-07-18T20:48:33.388478
liberation,bd6t511258646,,failed,0,0,,http_manifest,known,403,manifest,"Client error '403 ' for url 'https://openapiproext.bnf.fr/iiif/presentation/v3/ark:/12148/bd6t511258646/manifest.json'
For more information check: https://developer.mozilla.org/en-US/docs/Web/HTTP/Status/403",2026-07-18T20:48:34.587878
liberation,bd6t51125865m,,failed,0,0,,http_manifest,known,403,manifest,"Client error '403 ' for url 'https://openapiproext.bnf.fr/iiif/presentation/v3/ark:/12148/bd6t51125865m/manifest.json'
For more information check: https://developer.mozilla.org/en-US/docs/Web/HTTP/Status/403",2026-07-18T20:48:35.789606
liberation,bd6t511258661,,failed,0,0,,http_manifest,known,403,manifest,"Client error '403 ' for url 'https://openapiproext.bnf.fr/iiif/presentation/v3/ark:/12148/bd6t511258661/manifest.json'
For more information check: https://developer.mozilla.org/en-US/docs/Web/HTTP/Status/403",2026-07-18T20:48:37.015952
liberation,bd6t51125867f,,failed,0,0,,http_manifest,known,403,manifest,"Client error '403 ' for url 'https://openapiproext.bnf.fr/iiif/presentation/v3/ark:/12148/bd6t51125867f/manifest.json'
For more information check: https://developer.mozilla.org/en-US/docs/Web/HTTP/Status/403",2026-07-18T20:48:38.192386
liberation,bd6t51125868v,,failed,0,0,,http_manifest,known,403,manifest,"Client error '403 ' for url 'https://openapiproext.bnf.fr/iiif/presentation/v3/ark:/12148/bd6t51125868v/manifest.json'
For more information check: https://developer.mozilla.org/en-US/docs/Web/HTTP/Status/403",2026-07-18T20:48:39.402746
liberation,bd6t511258698,,failed,0,0,,http_manifest,known,403,manifest,"Client error '403 ' for url 'https://openapiproext.bnf.fr/iiif/presentation/v3/ark:/12148/bd6t511258698/manifest.json'
For more information check: https://developer.mozilla.org/en-US/docs/Web/HTTP/Status/403",2026-07-18T20:48:40.594932
liberation,bd6t51125870x,,failed,0,0,,http_manifest,known,403,manifest,"Client error '403 ' for url 'https://openapiproext.bnf.fr/iiif/presentation/v3/ark:/12148/bd6t51125870x/manifest.json'
For more information check: https://developer.mozilla.org/en-US/docs/Web/HTTP/Status/403",2026-07-18T20:48:41.807558
liberation,bd6t51125871b,,failed,0,0,,http_manifest,known,403,manifest,"Client error '403 ' for url 'https://openapiproext.bnf.fr/iiif/presentation/v3/ark:/12148/bd6t51125871b/manifest.json'
For more information check: https://developer.mozilla.org/en-US/docs/Web/HTTP/Status/403",2026-07-18T20:48:43.017624
liberation,bd6t51125872r,,failed,0,0,,http_manifest,known,403,manifest,"Client error '403 ' for url 'https://openapiproext.bnf.fr/iiif/presentation/v3/ark:/12148/bd6t51125872r/manifest.json'
For more information check: https://developer.mozilla.org/en-US/docs/Web/HTTP/Status/403",2026-07-18T20:48:44.202083
liberation,bd6t511258735,,failed,0,0,,http_manifest,known,403,manifest,"Client error '403 ' for url 'https://openapiproext.bnf.fr/iiif/presentation/v3/ark:/12148/bd6t511258735/manifest.json'
For more information check: https://developer.mozilla.org/en-US/docs/Web/HTTP/Status/403",2026-07-18T20:48:45.403110
liberation,bd6t51125874k,,failed,0,0,,http_manifest,known,403,manifest,"Client error '403 ' for url 'https://openapiproext.bnf.fr/iiif/presentation/v3/ark:/12148/bd6t51125874k/manifest.json'
For more information check: https://developer.mozilla.org/en-US/docs/Web/HTTP/Status/403",2026-07-18T20:48:46.605377
liberation,bd6t511258750,,failed,0,0,,http_manifest,known,403,manifest,"Client error '403 ' for url 'https://openapiproext.bnf.fr/iiif/presentation/v3/ark:/12148/bd6t511258750/manifest.json'
For more information check: https://developer.mozilla.org/en-US/docs/Web/HTTP/Status/403",2026-07-18T20:48:47.805755
liberation,bd6t51125876d,,failed,0,0,,http_manifest,known,403,manifest,"Client error '403 ' for url 'https://openapiproext.bnf.fr/iiif/presentation/v3/ark:/12148/bd6t51125876d/manifest.json'
For more information check: https://developer.mozilla.org/en-US/docs/Web/HTTP/Status/403",2026-07-18T20:48:49.008499
liberation,bd6t51125877t,,failed,0,0,,http_manifest,known,403,manifest,"Client error '403 ' for url 'https://openapiproext.bnf.fr/iiif/presentation/v3/ark:/12148/bd6t51125877t/manifest.json'
For more information check: https://developer.mozilla.org/en-US/docs/Web/HTTP/Status/403",2026-07-18T20:48:50.210901
liberation,bd6t511258787,,failed,0,0,,http_manifest,known,403,manifest,"Client error '403 ' for url 'https://openapiproext.bnf.fr/iiif/presentation/v3/ark:/12148/bd6t511258787/manifest.json'
For more information check: https://developer.mozilla.org/en-US/docs/Web/HTTP/Status/403",2026-07-18T20:48:51.412707
liberation,bd6t51125879n,,failed,0,0,,http_manifest,known,403,manifest,"Client error '403 ' for url 'https://openapiproext.bnf.fr/iiif/presentation/v3/ark:/12148/bd6t51125879n/manifest.json'
For more information check: https://developer.mozilla.org/en-US/docs/Web/HTTP/Status/403",2026-07-18T20:48:52.615803
liberation,bd6t511258809,,failed,0,0,,http_manifest,known,403,manifest,"Client error '403 ' for url 'https://openapiproext.bnf.fr/iiif/presentation/v3/ark:/12148/bd6t511258809/manifest.json'
For more information check: https://developer.mozilla.org/en-US/docs/Web/HTTP/Status/403",2026-07-18T20:48:53.814751
liberation,bd6t51125881q,,failed,0,0,,http_manifest,known,403,manifest,"Client error '403 ' for url 'https://openapiproext.bnf.fr/iiif/presentation/v3/ark:/12148/bd6t51125881q/manifest.json'
For more information check: https://developer.mozilla.org/en-US/docs/Web/HTTP/Status/403",2026-07-18T20:48:55.040408
liberation,bd6t511258824,,failed,0,0,,http_manifest,known,403,manifest,"Client error '403 ' for url 'https://openapiproext.bnf.fr/iiif/presentation/v3/ark:/12148/bd6t511258824/manifest.json'
For more information check: https://developer.mozilla.org/en-US/docs/Web/HTTP/Status/403",2026-07-18T20:48:56.307457
liberation,bd6t51125883j,,failed,0,0,,http_manifest,known,403,manifest,"Client error '403 ' for url 'https://openapiproext.bnf.fr/iiif/presentation/v3/ark:/12148/bd6t51125883j/manifest.json'
For more information check: https://developer.mozilla.org/en-US/docs/Web/HTTP/Status/403",2026-07-18T20:48:57.430638
liberation,bd6t51125884z,,failed,0,0,,http_manifest,known,403,manifest,"Client error '403 ' for url 'https://openapiproext.bnf.fr/iiif/presentation/v3/ark:/12148/bd6t51125884z/manifest.json'
For more information check: https://developer.mozilla.org/en-US/docs/Web/HTTP/Status/403",2026-07-18T20:48:58.629917
liberation,bd6t51125885c,,failed,0,0,,http_manifest,known,403,manifest,"Client error '403 ' for url 'https://openapiproext.bnf.fr/iiif/presentation/v3/ark:/12148/bd6t51125885c/manifest.json'
For more information check: https://developer.mozilla.org/en-US/docs/Web/HTTP/Status/403",2026-07-18T20:48:59.831159
liberation,bd6t511258876,,failed,0,0,,http_manifest,known,403,manifest,"Client error '403 ' for url 'https://openapiproext.bnf.fr/iiif/presentation/v3/ark:/12148/bd6t511258876/manifest.json'
For more information check: https://developer.mozilla.org/en-US/docs/Web/HTTP/Status/403",2026-07-18T20:49:01.031119
liberation,bd6t51125888m,,failed,0,0,,http_manifest,known,403,manifest,"Client error '403 ' for url 'https://openapiproext.bnf.fr/iiif/presentation/v3/ark:/12148/bd6t51125888m/manifest.json'
For more information check: https://developer.mozilla.org/en-US/docs/Web/HTTP/Status/403",2026-07-18T20:49:02.248280
liberation,bd6t511258891,,failed,0,0,,http_manifest,known,403,manifest,"Client error '403 ' for url 'https://openapiproext.bnf.fr/iiif/presentation/v3/ark:/12148/bd6t511258891/manifest.json'
For more information check: https://developer.mozilla.org/en-US/docs/Web/HTTP/Status/403",2026-07-18T20:49:03.429619
liberation,bd6t51125890p,,failed,0,0,,http_manifest,known,403,manifest,"Client error '403 ' for url 'https://openapiproext.bnf.fr/iiif/presentation/v3/ark:/12148/bd6t51125890p/manifest.json'
For more information check: https://developer.mozilla.org/en-US/docs/Web/HTTP/Status/403",2026-07-18T20:49:04.633667
liberation,bd6t511258913,,failed,0,0,,http_manifest,known,403,manifest,"Client error '403 ' for url 'https://openapiproext.bnf.fr/iiif/presentation/v3/ark:/12148/bd6t511258913/manifest.json'
For more information check: https://developer.mozilla.org/en-US/docs/Web/HTTP/Status/403",2026-07-18T20:49:05.831120
liberation,bd6t51125892h,,failed,0,0,,http_manifest,known,403,manifest,"Client error '403 ' for url 'https://openapiproext.bnf.fr/iiif/presentation/v3/ark:/12148/bd6t51125892h/manifest.json'
For more information check: https://developer.mozilla.org/en-US/docs/Web/HTTP/Status/403",2026-07-18T20:49:07.033366
liberation,bd6t51125893x,,failed,0,0,,http_manifest,known,403,manifest,"Client error '403 ' for url 'https://openapiproext.bnf.fr/iiif/presentation/v3/ark:/12148/bd6t51125893x/manifest.json'
For more information check: https://developer.mozilla.org/en-US/docs/Web/HTTP/Status/403",2026-07-18T20:49:08.403331
liberation,bd6t51125894b,,failed,0,0,,http_manifest,known,403,manifest,"Client error '403 ' for url 'https://openapiproext.bnf.fr/iiif/presentation/v3/ark:/12148/bd6t51125894b/manifest.json'
For more information check: https://developer.mozilla.org/en-US/docs/Web/HTTP/Status/403",2026-07-18T20:49:09.442246
liberation,bd6t51125895r,,failed,0,0,,http_manifest,known,403,manifest,"Client error '403 ' for url 'https://openapiproext.bnf.fr/iiif/presentation/v3/ark:/12148/bd6t51125895r/manifest.json'
For more information check: https://developer.mozilla.org/en-US/docs/Web/HTTP/Status/403",2026-07-18T20:49:10.785613
liberation,bd6t511258965,,failed,0,0,,http_manifest,known,403,manifest,"Client error '403 ' for url 'https://openapiproext.bnf.fr/iiif/presentation/v3/ark:/12148/bd6t511258965/manifest.json'
For more information check: https://developer.mozilla.org/en-US/docs/Web/HTTP/Status/403",2026-07-18T20:49:11.838374
liberation,bd6t51125897k,,failed,0,0,,http_manifest,known,403,manifest,"Client error '403 ' for url 'https://openapiproext.bnf.fr/iiif/presentation/v3/ark:/12148/bd6t51125897k/manifest.json'
For more information check: https://developer.mozilla.org/en-US/docs/Web/HTTP/Status/403",2026-07-18T20:49:13.186700
liberation,bd6t511258980,,failed,0,0,,http_manifest,known,403,manifest,"Client error '403 ' for url 'https://openapiproext.bnf.fr/iiif/presentation/v3/ark:/12148/bd6t511258980/manifest.json'
For more information check: https://developer.mozilla.org/en-US/docs/Web/HTTP/Status/403",2026-07-18T20:49:14.576863
liberation,bd6t51125899d,,failed,0,0,,http_manifest,known,403,manifest,"Client error '403 ' for url 'https://openapiproext.bnf.fr/iiif/presentation/v3/ark:/12148/bd6t51125899d/manifest.json'
For more information check: https://developer.mozilla.org/en-US/docs/Web/HTTP/Status/403",2026-07-18T20:49:15.510312
liberation,bd6t51125900m,,failed,0,0,,http_manifest,known,403,manifest,"Client error '403 ' for url 'https://openapiproext.bnf.fr/iiif/presentation/v3/ark:/12148/bd6t51125900m/manifest.json'
For more information check: https://developer.mozilla.org/en-US/docs/Web/HTTP/Status/403",2026-07-18T20:49:16.802045
liberation,bd6t511259011,,failed,0,0,,http_manifest,known,403,manifest,"Client error '403 ' for url 'https://openapiproext.bnf.fr/iiif/presentation/v3/ark:/12148/bd6t511259011/manifest.json'
For more information check: https://developer.mozilla.org/en-US/docs/Web/HTTP/Status/403",2026-07-18T20:49:17.867157
liberation,bd6t51125902f,,failed,0,0,,http_manifest,known,403,manifest,"Client error '403 ' for url 'https://openapiproext.bnf.fr/iiif/presentation/v3/ark:/12148/bd6t51125902f/manifest.json'
For more information check: https://developer.mozilla.org/en-US/docs/Web/HTTP/Status/403",2026-07-18T20:49:19.213417
liberation,bd6t51125903v,,failed,0,0,,http_manifest,known,403,manifest,"Client error '403 ' for url 'https://openapiproext.bnf.fr/iiif/presentation/v3/ark:/12148/bd6t51125903v/manifest.json'
For more information check: https://developer.mozilla.org/en-US/docs/Web/HTTP/Status/403",2026-07-18T20:49:20.486215
liberation,bd6t511259048,,failed,0,0,,http_manifest,known,403,manifest,"Client error '403 ' for url 'https://openapiproext.bnf.fr/iiif/presentation/v3/ark:/12148/bd6t511259048/manifest.json'
For more information check: https://developer.mozilla.org/en-US/docs/Web/HTTP/Status/403",2026-07-18T20:49:21.449411
liberation,bd6t51125905p,,failed,0,0,,http_manifest,known,403,manifest,"Client error '403 ' for url 'https://openapiproext.bnf.fr/iiif/presentation/v3/ark:/12148/bd6t51125905p/manifest.json'
For more information check: https://developer.mozilla.org/en-US/docs/Web/HTTP/Status/403",2026-07-18T20:49:22.748304
liberation,bd6t511259063,,failed,0,0,,http_manifest,known,403,manifest,"Client error '403 ' for url 'https://openapiproext.bnf.fr/iiif/presentation/v3/ark:/12148/bd6t511259063/manifest.json'
For more information check: https://developer.mozilla.org/en-US/docs/Web/HTTP/Status/403",2026-07-18T20:49:24.015870
liberation,bd6t51125907h,,failed,0,0,,http_manifest,known,403,manifest,"Client error '403 ' for url 'https://openapiproext.bnf.fr/iiif/presentation/v3/ark:/12148/bd6t51125907h/manifest.json'
For more information check: https://developer.mozilla.org/en-US/docs/Web/HTTP/Status/403",2026-07-18T20:49:25.051381
liberation,bd6t51125908x,,failed,0,0,,http_manifest,known,403,manifest,"Client error '403 ' for url 'https://openapiproext.bnf.fr/iiif/presentation/v3/ark:/12148/bd6t51125908x/manifest.json'
For more information check: https://developer.mozilla.org/en-US/docs/Web/HTTP/Status/403",2026-07-18T20:49:26.256307
liberation,bd6t51125909b,,failed,0,0,,http_manifest,known,403,manifest,"Client error '403 ' for url 'https://openapiproext.bnf.fr/iiif/presentation/v3/ark:/12148/bd6t51125909b/manifest.json'
For more information check: https://developer.mozilla.org/en-US/docs/Web/HTTP/Status/403",2026-07-18T20:49:27.456898
liberation,bd6t511259100,,failed,0,0,,http_manifest,known,403,manifest,"Client error '403 ' for url 'https://openapiproext.bnf.fr/iiif/presentation/v3/ark:/12148/bd6t511259100/manifest.json'
For more information check: https://developer.mozilla.org/en-US/docs/Web/HTTP/Status/403",2026-07-18T20:49:28.662314
liberation,bd6t51125911d,,failed,0,0,,http_manifest,known,403,manifest,"Client error '403 ' for url 'https://openapiproext.bnf.fr/iiif/presentation/v3/ark:/12148/bd6t51125911d/manifest.json'
For more information check: https://developer.mozilla.org/en-US/docs/Web/HTTP/Status/403",2026-07-18T20:49:29.865492
liberation,bd6t51125912t,,failed,0,0,,http_manifest,known,403,manifest,"Client error '403 ' for url 'https://openapiproext.bnf.fr/iiif/presentation/v3/ark:/12148/bd6t51125912t/manifest.json'
For more information check: https://developer.mozilla.org/en-US/docs/Web/HTTP/Status/403",2026-07-18T20:49:31.062862
liberation,bd6t511257035,,failed,0,0,,http_manifest,known,403,manifest,"Client error '403 ' for url 'https://openapiproext.bnf.fr/iiif/presentation/v3/ark:/12148/bd6t511257035/manifest.json'
For more information check: https://developer.mozilla.org/en-US/docs/Web/HTTP/Status/403",2026-07-18T20:49:32.281986
liberation,bd6t51125704k,,failed,0,0,,http_manifest,known,403,manifest,"Client error '403 ' for url 'https://openapiproext.bnf.fr/iiif/presentation/v3/ark:/12148/bd6t51125704k/manifest.json'
For more information check: https://developer.mozilla.org/en-US/docs/Web/HTTP/Status/403",2026-07-18T20:49:33.462077
liberation,bd6t511257050,,failed,0,0,,http_manifest,known,403,manifest,"Client error '403 ' for url 'https://openapiproext.bnf.fr/iiif/presentation/v3/ark:/12148/bd6t511257050/manifest.json'
For more information check: https://developer.mozilla.org/en-US/docs/Web/HTTP/Status/403",2026-07-18T20:49:34.659804
liberation,bd6t51125706d,,failed,0,0,,http_manifest,known,403,manifest,"Client error '403 ' for url 'https://openapiproext.bnf.fr/iiif/presentation/v3/ark:/12148/bd6t51125706d/manifest.json'
For more information check: https://developer.mozilla.org/en-US/docs/Web/HTTP/Status/403",2026-07-18T20:49:35.866749
liberation,bd6t51125707t,,failed,0,0,,http_manifest,known,403,manifest,"Client error '403 ' for url 'https://openapiproext.bnf.fr/iiif/presentation/v3/ark:/12148/bd6t51125707t/manifest.json'
For more information check: https://developer.mozilla.org/en-US/docs/Web/HTTP/Status/403",2026-07-18T20:49:37.065912
liberation,bd6t511257087,,failed,0,0,,http_manifest,known,403,manifest,"Client error '403 ' for url 'https://openapiproext.bnf.fr/iiif/presentation/v3/ark:/12148/bd6t511257087/manifest.json'
For more information check: https://developer.mozilla.org/en-US/docs/Web/HTTP/Status/403",2026-07-18T20:49:38.264460
liberation,bd6t51125709n,,failed,0,0,,http_manifest,known,403,manifest,"Client error '403 ' for url 'https://openapiproext.bnf.fr/iiif/presentation/v3/ark:/12148/bd6t51125709n/manifest.json'
For more information check: https://developer.mozilla.org/en-US/docs/Web/HTTP/Status/403",2026-07-18T20:49:39.469129
liberation,bd6t511257109,,failed,0,0,,http_manifest,known,403,manifest,"Client error '403 ' for url 'https://openapiproext.bnf.fr/iiif/presentation/v3/ark:/12148/bd6t511257109/manifest.json'
For more information check: https://developer.mozilla.org/en-US/docs/Web/HTTP/Status/403",2026-07-18T20:49:40.667612
liberation,bd6t51125711q,,failed,0,0,,http_manifest,known,403,manifest,"Client error '403 ' for url 'https://openapiproext.bnf.fr/iiif/presentation/v3/ark:/12148/bd6t51125711q/manifest.json'
For more information check: https://developer.mozilla.org/en-US/docs/Web/HTTP/Status/403",2026-07-18T20:49:41.869167
liberation,bd6t511257124,,failed,0,0,,http_manifest,known,403,manifest,"Client error '403 ' for url 'https://openapiproext.bnf.fr/iiif/presentation/v3/ark:/12148/bd6t511257124/manifest.json'
For more information check: https://developer.mozilla.org/en-US/docs/Web/HTTP/Status/403",2026-07-18T20:49:43.069453
liberation,bd6t51125713j,,failed,0,0,,http_manifest,known,403,manifest,"Client error '403 ' for url 'https://openapiproext.bnf.fr/iiif/presentation/v3/ark:/12148/bd6t51125713j/manifest.json'
For more information check: https://developer.mozilla.org/en-US/docs/Web/HTTP/Status/403",2026-07-18T20:49:44.285983
liberation,bd6t51125714z,,failed,0,0,,http_manifest,known,403,manifest,"Client error '403 ' for url 'https://openapiproext.bnf.fr/iiif/presentation/v3/ark:/12148/bd6t51125714z/manifest.json'
For more information check: https://developer.mozilla.org/en-US/docs/Web/HTTP/Status/403",2026-07-18T20:49:45.470185
liberation,bd6t51125715c,,failed,0,0,,http_manifest,known,403,manifest,"Client error '403 ' for url 'https://openapiproext.bnf.fr/iiif/presentation/v3/ark:/12148/bd6t51125715c/manifest.json'
For more information check: https://developer.mozilla.org/en-US/docs/Web/HTTP/Status/403",2026-07-18T20:49:46.672851
liberation,bd6t51125716s,,failed,0,0,,http_manifest,known,403,manifest,"Client error '403 ' for url 'https://openapiproext.bnf.fr/iiif/presentation/v3/ark:/12148/bd6t51125716s/manifest.json'
For more information check: https://developer.mozilla.org/en-US/docs/Web/HTTP/Status/403",2026-07-18T20:49:47.879386
liberation,bd6t511257176,,failed,0,0,,http_manifest,known,403,manifest,"Client error '403 ' for url 'https://openapiproext.bnf.fr/iiif/presentation/v3/ark:/12148/bd6t511257176/manifest.json'
For more information check: https://developer.mozilla.org/en-US/docs/Web/HTTP/Status/403",2026-07-18T20:49:49.076014
liberation,bd6t51125718m,,failed,0,0,,http_manifest,known,403,manifest,"Client error '403 ' for url 'https://openapiproext.bnf.fr/iiif/presentation/v3/ark:/12148/bd6t51125718m/manifest.json'
For more information check: https://developer.mozilla.org/en-US/docs/Web/HTTP/Status/403",2026-07-18T20:49:50.279697
liberation,bd6t511257191,,failed,0,0,,http_manifest,known,403,manifest,"Client error '403 ' for url 'https://openapiproext.bnf.fr/iiif/presentation/v3/ark:/12148/bd6t511257191/manifest.json'
For more information check: https://developer.mozilla.org/en-US/docs/Web/HTTP/Status/403",2026-07-18T20:49:51.476056
liberation,bd6t51125720p,,failed,0,0,,http_manifest,known,403,manifest,"Client error '403 ' for url 'https://openapiproext.bnf.fr/iiif/presentation/v3/ark:/12148/bd6t51125720p/manifest.json'
For more information check: https://developer.mozilla.org/en-US/docs/Web/HTTP/Status/403",2026-07-18T20:49:52.681097
liberation,bd6t511257213,,failed,0,0,,http_manifest,known,403,manifest,"Client error '403 ' for url 'https://openapiproext.bnf.fr/iiif/presentation/v3/ark:/12148/bd6t511257213/manifest.json'
For more information check: https://developer.mozilla.org/en-US/docs/Web/HTTP/Status/403",2026-07-18T20:49:53.884888
liberation,bd6t51125722h,,failed,0,0,,http_manifest,known,403,manifest,"Client error '403 ' for url 'https://openapiproext.bnf.fr/iiif/presentation/v3/ark:/12148/bd6t51125722h/manifest.json'
For more information check: https://developer.mozilla.org/en-US/docs/Web/HTTP/Status/403",2026-07-18T20:49:55.079343
liberation,bd6t51125723x,,failed,0,0,,http_manifest,known,403,manifest,"Client error '403 ' for url 'https://openapiproext.bnf.fr/iiif/presentation/v3/ark:/12148/bd6t51125723x/manifest.json'
For more information check: https://developer.mozilla.org/en-US/docs/Web/HTTP/Status/403",2026-07-18T20:49:56.304202
liberation,bd6t51125724b,,failed,0,0,,http_manifest,known,403,manifest,"Client error '403 ' for url 'https://openapiproext.bnf.fr/iiif/presentation/v3/ark:/12148/bd6t51125724b/manifest.json'
For more information check: https://developer.mozilla.org/en-US/docs/Web/HTTP/Status/403",2026-07-18T20:49:57.490387
liberation,bd6t51125725r,,failed,0,0,,http_manifest,known,403,manifest,"Client error '403 ' for url 'https://openapiproext.bnf.fr/iiif/presentation/v3/ark:/12148/bd6t51125725r/manifest.json'
For more information check: https://developer.mozilla.org/en-US/docs/Web/HTTP/Status/403",2026-07-18T20:49:58.686771
liberation,bd6t511257265,,failed,0,0,,http_manifest,known,403,manifest,"Client error '403 ' for url 'https://openapiproext.bnf.fr/iiif/presentation/v3/ark:/12148/bd6t511257265/manifest.json'
For more information check: https://developer.mozilla.org/en-US/docs/Web/HTTP/Status/403",2026-07-18T20:49:59.886273
liberation,bd6t51125727k,,failed,0,0,,http_manifest,known,403,manifest,"Client error '403 ' for url 'https://openapiproext.bnf.fr/iiif/presentation/v3/ark:/12148/bd6t51125727k/manifest.json'
For more information check: https://developer.mozilla.org/en-US/docs/Web/HTTP/Status/403",2026-07-18T20:50:01.094286
liberation,bd6t511257280,,failed,0,0,,http_manifest,known,403,manifest,"Client error '403 ' for url 'https://openapiproext.bnf.fr/iiif/presentation/v3/ark:/12148/bd6t511257280/manifest.json'
For more information check: https://developer.mozilla.org/en-US/docs/Web/HTTP/Status/403",2026-07-18T20:50:02.314490
liberation,bd6t51125729d,,failed,0,0,,http_manifest,known,403,manifest,"Client error '403 ' for url 'https://openapiproext.bnf.fr/iiif/presentation/v3/ark:/12148/bd6t51125729d/manifest.json'
For more information check: https://developer.mozilla.org/en-US/docs/Web/HTTP/Status/403",2026-07-18T20:50:03.494563
liberation,bd6t511257302,,failed,0,0,,http_manifest,known,403,manifest,"Client error '403 ' for url 'https://openapiproext.bnf.fr/iiif/presentation/v3/ark:/12148/bd6t511257302/manifest.json'
For more information check: https://developer.mozilla.org/en-US/docs/Web/HTTP/Status/403",2026-07-18T20:50:04.689924
liberation,bd6t51125731g,,failed,0,0,,http_manifest,known,403,manifest,"Client error '403 ' for url 'https://openapiproext.bnf.fr/iiif/presentation/v3/ark:/12148/bd6t51125731g/manifest.json'
For more information check: https://developer.mozilla.org/en-US/docs/Web/HTTP/Status/403",2026-07-18T20:50:05.892817
liberation,bd6t51125732w,,failed,0,0,,http_manifest,known,403,manifest,"Client error '403 ' for url 'https://openapiproext.bnf.fr/iiif/presentation/v3/ark:/12148/bd6t51125732w/manifest.json'
For more information check: https://developer.mozilla.org/en-US/docs/Web/HTTP/Status/403",2026-07-18T20:50:07.154816
liberation,bd6t511257339,,failed,0,0,,http_manifest,known,403,manifest,"Client error '403 ' for url 'https://openapiproext.bnf.fr/iiif/presentation/v3/ark:/12148/bd6t511257339/manifest.json'
For more information check: https://developer.mozilla.org/en-US/docs/Web/HTTP/Status/403",2026-07-18T20:50:08.528218
liberation,bd6t51125734q,,failed,0,0,,http_manifest,known,403,manifest,"Client error '403 ' for url 'https://openapiproext.bnf.fr/iiif/presentation/v3/ark:/12148/bd6t51125734q/manifest.json'
For more information check: https://developer.mozilla.org/en-US/docs/Web/HTTP/Status/403",2026-07-18T20:50:09.581161
liberation,bd6t511257354,,failed,0,0,,http_manifest,known,403,manifest,"Client error '403 ' for url 'https://openapiproext.bnf.fr/iiif/presentation/v3/ark:/12148/bd6t511257354/manifest.json'
For more information check: https://developer.mozilla.org/en-US/docs/Web/HTTP/Status/403",2026-07-18T20:50:10.925604
liberation,bd6t51125736j,,failed,0,0,,http_manifest,known,403,manifest,"Client error '403 ' for url 'https://openapiproext.bnf.fr/iiif/presentation/v3/ark:/12148/bd6t51125736j/manifest.json'
For more information check: https://developer.mozilla.org/en-US/docs/Web/HTTP/Status/403",2026-07-18T20:50:11.906381
liberation,bd6t51125737z,,failed,0,0,,http_manifest,known,403,manifest,"Client error '403 ' for url 'https://openapiproext.bnf.fr/iiif/presentation/v3/ark:/12148/bd6t51125737z/manifest.json'
For more information check: https://developer.mozilla.org/en-US/docs/Web/HTTP/Status/403",2026-07-18T20:50:13.250011
liberation,bd6t51125738c,,failed,0,0,,http_manifest,known,403,manifest,"Client error '403 ' for url 'https://openapiproext.bnf.fr/iiif/presentation/v3/ark:/12148/bd6t51125738c/manifest.json'
For more information check: https://developer.mozilla.org/en-US/docs/Web/HTTP/Status/403",2026-07-18T20:50:14.525017
liberation,bd6t51125739s,,failed,0,0,,http_manifest,known,403,manifest,"Client error '403 ' for url 'https://openapiproext.bnf.fr/iiif/presentation/v3/ark:/12148/bd6t51125739s/manifest.json'
For more information check: https://developer.mozilla.org/en-US/docs/Web/HTTP/Status/403",2026-07-18T20:50:15.525545
liberation,bd6t51125740f,,failed,0,0,,http_manifest,known,403,manifest,"Client error '403 ' for url 'https://openapiproext.bnf.fr/iiif/presentation/v3/ark:/12148/bd6t51125740f/manifest.json'
For more information check: https://developer.mozilla.org/en-US/docs/Web/HTTP/Status/403",2026-07-18T20:50:16.715191
liberation,bd6t51125741v,,failed,0,0,,http_manifest,known,403,manifest,"Client error '403 ' for url 'https://openapiproext.bnf.fr/iiif/presentation/v3/ark:/12148/bd6t51125741v/manifest.json'
For more information check: https://developer.mozilla.org/en-US/docs/Web/HTTP/Status/403",2026-07-18T20:50:17.906890
liberation,bd6t511257428,,failed,0,0,,http_manifest,known,403,manifest,"Client error '403 ' for url 'https://openapiproext.bnf.fr/iiif/presentation/v3/ark:/12148/bd6t511257428/manifest.json'
For more information check: https://developer.mozilla.org/en-US/docs/Web/HTTP/Status/403",2026-07-18T20:50:19.121966
liberation,bd6t51125743p,,failed,0,0,,http_manifest,known,403,manifest,"Client error '403 ' for url 'https://openapiproext.bnf.fr/iiif/presentation/v3/ark:/12148/bd6t51125743p/manifest.json'
For more information check: https://developer.mozilla.org/en-US/docs/Web/HTTP/Status/403",2026-07-18T20:50:20.441298
liberation,bd6t511257443,,failed,0,0,,http_manifest,known,403,manifest,"Client error '403 ' for url 'https://openapiproext.bnf.fr/iiif/presentation/v3/ark:/12148/bd6t511257443/manifest.json'
For more information check: https://developer.mozilla.org/en-US/docs/Web/HTTP/Status/403",2026-07-18T20:50:21.514005
liberation,bd6t51125745h,,failed,0,0,,http_manifest,known,403,manifest,"Client error '403 ' for url 'https://openapiproext.bnf.fr/iiif/presentation/v3/ark:/12148/bd6t51125745h/manifest.json'
For more information check: https://developer.mozilla.org/en-US/docs/Web/HTTP/Status/403",2026-07-18T20:50:22.721966
liberation,bd6t51125746x,,failed,0,0,,http_manifest,known,403,manifest,"Client error '403 ' for url 'https://openapiproext.bnf.fr/iiif/presentation/v3/ark:/12148/bd6t51125746x/manifest.json'
For more information check: https://developer.mozilla.org/en-US/docs/Web/HTTP/Status/403",2026-07-18T20:50:24.109012
liberation,bd6t51125747b,,failed,0,0,,http_manifest,known,403,manifest,"Client error '403 ' for url 'https://openapiproext.bnf.fr/iiif/presentation/v3/ark:/12148/bd6t51125747b/manifest.json'
For more information check: https://developer.mozilla.org/en-US/docs/Web/HTTP/Status/403",2026-07-18T20:50:25.185334
liberation,bd6t51125748r,,failed,0,0,,http_manifest,known,403,manifest,"Client error '403 ' for url 'https://openapiproext.bnf.fr/iiif/presentation/v3/ark:/12148/bd6t51125748r/manifest.json'
For more information check: https://developer.mozilla.org/en-US/docs/Web/HTTP/Status/403",2026-07-18T20:50:26.365340
liberation,bd6t511257495,,failed,0,0,,http_manifest,known,403,manifest,"Client error '403 ' for url 'https://openapiproext.bnf.fr/iiif/presentation/v3/ark:/12148/bd6t511257495/manifest.json'
For more information check: https://developer.mozilla.org/en-US/docs/Web/HTTP/Status/403",2026-07-18T20:50:27.516980
liberation,bd6t51125750t,,failed,0,0,,http_manifest,known,403,manifest,"Client error '403 ' for url 'https://openapiproext.bnf.fr/iiif/presentation/v3/ark:/12148/bd6t51125750t/manifest.json'
For more information check: https://developer.mozilla.org/en-US/docs/Web/HTTP/Status/403",2026-07-18T20:50:28.718019
liberation,bd6t511257517,,failed,0,0,,http_manifest,known,403,manifest,"Client error '403 ' for url 'https://openapiproext.bnf.fr/iiif/presentation/v3/ark:/12148/bd6t511257517/manifest.json'
For more information check: https://developer.mozilla.org/en-US/docs/Web/HTTP/Status/403",2026-07-18T20:50:29.920535
liberation,bd6t51125752n,,failed,0,0,,http_manifest,known,403,manifest,"Client error '403 ' for url 'https://openapiproext.bnf.fr/iiif/presentation/v3/ark:/12148/bd6t51125752n/manifest.json'
For more information check: https://developer.mozilla.org/en-US/docs/Web/HTTP/Status/403",2026-07-18T20:50:31.120029
liberation,bd6t511257532,,failed,0,0,,http_manifest,known,403,manifest,"Client error '403 ' for url 'https://openapiproext.bnf.fr/iiif/presentation/v3/ark:/12148/bd6t511257532/manifest.json'
For more information check: https://developer.mozilla.org/en-US/docs/Web/HTTP/Status/403",2026-07-18T20:50:32.348581
liberation,bd6t51125754g,,failed,0,0,,http_manifest,known,403,manifest,"Client error '403 ' for url 'https://openapiproext.bnf.fr/iiif/presentation/v3/ark:/12148/bd6t51125754g/manifest.json'
For more information check: https://developer.mozilla.org/en-US/docs/Web/HTTP/Status/403",2026-07-18T20:50:33.523978
liberation,bd6t51125755w,,failed,0,0,,http_manifest,known,403,manifest,"Client error '403 ' for url 'https://openapiproext.bnf.fr/iiif/presentation/v3/ark:/12148/bd6t51125755w/manifest.json'
For more information check: https://developer.mozilla.org/en-US/docs/Web/HTTP/Status/403",2026-07-18T20:50:34.726534
liberation,bd6t511257569,,failed,0,0,,http_manifest,known,403,manifest,"Client error '403 ' for url 'https://openapiproext.bnf.fr/iiif/presentation/v3/ark:/12148/bd6t511257569/manifest.json'
For more information check: https://developer.mozilla.org/en-US/docs/Web/HTTP/Status/403",2026-07-18T20:50:35.930058
liberation,bd6t51125757q,,failed,0,0,,http_manifest,known,403,manifest,"Client error '403 ' for url 'https://openapiproext.bnf.fr/iiif/presentation/v3/ark:/12148/bd6t51125757q/manifest.json'
For more information check: https://developer.mozilla.org/en-US/docs/Web/HTTP/Status/403",2026-07-18T20:50:37.136985
liberation,bd6t511257584,,failed,0,0,,http_manifest,known,403,manifest,"Client error '403 ' for url 'https://openapiproext.bnf.fr/iiif/presentation/v3/ark:/12148/bd6t511257584/manifest.json'
For more information check: https://developer.mozilla.org/en-US/docs/Web/HTTP/Status/403",2026-07-18T20:50:38.328694
liberation,bd6t51125759j,,failed,0,0,,http_manifest,known,403,manifest,"Client error '403 ' for url 'https://openapiproext.bnf.fr/iiif/presentation/v3/ark:/12148/bd6t51125759j/manifest.json'
For more information check: https://developer.mozilla.org/en-US/docs/Web/HTTP/Status/403",2026-07-18T20:50:39.531968
liberation,bd6t511257606,,failed,0,0,,http_manifest,known,403,manifest,"Client error '403 ' for url 'https://openapiproext.bnf.fr/iiif/presentation/v3/ark:/12148/bd6t511257606/manifest.json'
For more information check: https://developer.mozilla.org/en-US/docs/Web/HTTP/Status/403",2026-07-18T20:50:40.733494
liberation,bd6t51125761m,,failed,0,0,,http_manifest,known,403,manifest,"Client error '403 ' for url 'https://openapiproext.bnf.fr/iiif/presentation/v3/ark:/12148/bd6t51125761m/manifest.json'
For more information check: https://developer.mozilla.org/en-US/docs/Web/HTTP/Status/403",2026-07-18T20:50:41.934010
liberation,bd6t511257621,,failed,0,0,,http_manifest,known,403,manifest,"Client error '403 ' for url 'https://openapiproext.bnf.fr/iiif/presentation/v3/ark:/12148/bd6t511257621/manifest.json'
For more information check: https://developer.mozilla.org/en-US/docs/Web/HTTP/Status/403",2026-07-18T20:50:43.137495
liberation,bd6t51125763f,,failed,0,0,,http_manifest,known,403,manifest,"Client error '403 ' for url 'https://openapiproext.bnf.fr/iiif/presentation/v3/ark:/12148/bd6t51125763f/manifest.json'
For more information check: https://developer.mozilla.org/en-US/docs/Web/HTTP/Status/403",2026-07-18T20:50:44.354550
liberation,bd6t51125764v,,failed,0,0,,http_manifest,known,403,manifest,"Client error '403 ' for url 'https://openapiproext.bnf.fr/iiif/presentation/v3/ark:/12148/bd6t51125764v/manifest.json'
For more information check: https://developer.mozilla.org/en-US/docs/Web/HTTP/Status/403",2026-07-18T20:50:45.553620
liberation,bd6t511257658,,failed,0,0,,http_manifest,known,403,manifest,"Client error '403 ' for url 'https://openapiproext.bnf.fr/iiif/presentation/v3/ark:/12148/bd6t511257658/manifest.json'
For more information check: https://developer.mozilla.org/en-US/docs/Web/HTTP/Status/403",2026-07-18T20:50:46.743454
liberation,bd6t51125766p,,failed,0,0,,http_manifest,known,403,manifest,"Client error '403 ' for url 'https://openapiproext.bnf.fr/iiif/presentation/v3/ark:/12148/bd6t51125766p/manifest.json'
For more information check: https://developer.mozilla.org/en-US/docs/Web/HTTP/Status/403",2026-07-18T20:50:47.941183
liberation,bd6t511257673,,failed,0,0,,http_manifest,known,403,manifest,"Client error '403 ' for url 'https://openapiproext.bnf.fr/iiif/presentation/v3/ark:/12148/bd6t511257673/manifest.json'
For more information check: https://developer.mozilla.org/en-US/docs/Web/HTTP/Status/403",2026-07-18T20:50:49.146478
liberation,bd6t51125768h,,failed,0,0,,http_manifest,known,403,manifest,"Client error '403 ' for url 'https://openapiproext.bnf.fr/iiif/presentation/v3/ark:/12148/bd6t51125768h/manifest.json'
For more information check: https://developer.mozilla.org/en-US/docs/Web/HTTP/Status/403",2026-07-18T20:50:50.347894
liberation,bd6t51125769x,,failed,0,0,,http_manifest,known,403,manifest,"Client error '403 ' for url 'https://openapiproext.bnf.fr/iiif/presentation/v3/ark:/12148/bd6t51125769x/manifest.json'
For more information check: https://developer.mozilla.org/en-US/docs/Web/HTTP/Status/403",2026-07-18T20:50:51.547705
liberation,bd6t51125770k,,failed,0,0,,http_manifest,known,403,manifest,"Client error '403 ' for url 'https://openapiproext.bnf.fr/iiif/presentation/v3/ark:/12148/bd6t51125770k/manifest.json'
For more information check: https://developer.mozilla.org/en-US/docs/Web/HTTP/Status/403",2026-07-18T20:50:52.744715
liberation,bd6t511257710,,failed,0,0,,http_manifest,known,403,manifest,"Client error '403 ' for url 'https://openapiproext.bnf.fr/iiif/presentation/v3/ark:/12148/bd6t511257710/manifest.json'
For more information check: https://developer.mozilla.org/en-US/docs/Web/HTTP/Status/403",2026-07-18T20:50:53.947741
liberation,bd6t51125772d,,failed,0,0,,http_manifest,known,403,manifest,"Client error '403 ' for url 'https://openapiproext.bnf.fr/iiif/presentation/v3/ark:/12148/bd6t51125772d/manifest.json'
For more information check: https://developer.mozilla.org/en-US/docs/Web/HTTP/Status/403",2026-07-18T20:50:55.150913
liberation,bd6t51125773t,,failed,0,0,,http_manifest,known,403,manifest,"Client error '403 ' for url 'https://openapiproext.bnf.fr/iiif/presentation/v3/ark:/12148/bd6t51125773t/manifest.json'
For more information check: https://developer.mozilla.org/en-US/docs/Web/HTTP/Status/403",2026-07-18T20:50:56.383683
liberation,bd6t511257747,,failed,0,0,,http_manifest,known,403,manifest,"Client error '403 ' for url 'https://openapiproext.bnf.fr/iiif/presentation/v3/ark:/12148/bd6t511257747/manifest.json'
For more information check: https://developer.mozilla.org/en-US/docs/Web/HTTP/Status/403",2026-07-18T20:50:57.552580
liberation,bd6t51125775n,,failed,0,0,,http_manifest,known,403,manifest,"Client error '403 ' for url 'https://openapiproext.bnf.fr/iiif/presentation/v3/ark:/12148/bd6t51125775n/manifest.json'
For more information check: https://developer.mozilla.org/en-US/docs/Web/HTTP/Status/403",2026-07-18T20:50:58.753378
liberation,bd6t511257762,,failed,0,0,,http_manifest,known,403,manifest,"Client error '403 ' for url 'https://openapiproext.bnf.fr/iiif/presentation/v3/ark:/12148/bd6t511257762/manifest.json'
For more information check: https://developer.mozilla.org/en-US/docs/Web/HTTP/Status/403",2026-07-18T20:50:59.956980
liberation,bd6t51125777g,,failed,0,0,,http_manifest,known,403,manifest,"Client error '403 ' for url 'https://openapiproext.bnf.fr/iiif/presentation/v3/ark:/12148/bd6t51125777g/manifest.json'
For more information check: https://developer.mozilla.org/en-US/docs/Web/HTTP/Status/403",2026-07-18T20:51:01.151999
liberation,bd6t51125778w,,failed,0,0,,http_manifest,known,403,manifest,"Client error '403 ' for url 'https://openapiproext.bnf.fr/iiif/presentation/v3/ark:/12148/bd6t51125778w/manifest.json'
For more information check: https://developer.mozilla.org/en-US/docs/Web/HTTP/Status/403",2026-07-18T20:51:02.372034
liberation,bd6t511257799,,failed,0,0,,http_manifest,known,403,manifest,"Client error '403 ' for url 'https://openapiproext.bnf.fr/iiif/presentation/v3/ark:/12148/bd6t511257799/manifest.json'
For more information check: https://developer.mozilla.org/en-US/docs/Web/HTTP/Status/403",2026-07-18T20:51:03.557933
liberation,bd6t51125780z,,failed,0,0,,http_manifest,known,403,manifest,"Client error '403 ' for url 'https://openapiproext.bnf.fr/iiif/presentation/v3/ark:/12148/bd6t51125780z/manifest.json'
For more information check: https://developer.mozilla.org/en-US/docs/Web/HTTP/Status/403",2026-07-18T20:51:04.757968
liberation,bd6t51125781c,,failed,0,0,,http_manifest,known,403,manifest,"Client error '403 ' for url 'https://openapiproext.bnf.fr/iiif/presentation/v3/ark:/12148/bd6t51125781c/manifest.json'
For more information check: https://developer.mozilla.org/en-US/docs/Web/HTTP/Status/403",2026-07-18T20:51:05.957619
liberation,bd6t51125782s,,failed,0,0,,http_manifest,known,403,manifest,"Client error '403 ' for url 'https://openapiproext.bnf.fr/iiif/presentation/v3/ark:/12148/bd6t51125782s/manifest.json'
For more information check: https://developer.mozilla.org/en-US/docs/Web/HTTP/Status/403",2026-07-18T20:51:07.214156
liberation,bd6t511257836,,failed,0,0,,http_manifest,known,403,manifest,"Client error '403 ' for url 'https://openapiproext.bnf.fr/iiif/presentation/v3/ark:/12148/bd6t511257836/manifest.json'
For more information check: https://developer.mozilla.org/en-US/docs/Web/HTTP/Status/403",2026-07-18T20:51:08.432965
liberation,bd6t51125784m,,failed,0,0,,http_manifest,known,403,manifest,"Client error '403 ' for url 'https://openapiproext.bnf.fr/iiif/presentation/v3/ark:/12148/bd6t51125784m/manifest.json'
For more information check: https://developer.mozilla.org/en-US/docs/Web/HTTP/Status/403",2026-07-18T20:51:09.723166
liberation,bd6t511257851,,failed,0,0,,http_manifest,known,403,manifest,"Client error '403 ' for url 'https://openapiproext.bnf.fr/iiif/presentation/v3/ark:/12148/bd6t511257851/manifest.json'
For more information check: https://developer.mozilla.org/en-US/docs/Web/HTTP/Status/403",2026-07-18T20:51:10.766311
liberation,bd6t51125786f,,failed,0,0,,http_manifest,known,403,manifest,"Client error '403 ' for url 'https://openapiproext.bnf.fr/iiif/presentation/v3/ark:/12148/bd6t51125786f/manifest.json'
For more information check: https://developer.mozilla.org/en-US/docs/Web/HTTP/Status/403",2026-07-18T20:51:11.973278
liberation,bd6t51125787v,,failed,0,0,,http_manifest,known,403,manifest,"Client error '403 ' for url 'https://openapiproext.bnf.fr/iiif/presentation/v3/ark:/12148/bd6t51125787v/manifest.json'
For more information check: https://developer.mozilla.org/en-US/docs/Web/HTTP/Status/403",2026-07-18T20:51:13.324596
liberation,bd6t511257888,,failed,0,0,,http_manifest,known,403,manifest,"Client error '403 ' for url 'https://openapiproext.bnf.fr/iiif/presentation/v3/ark:/12148/bd6t511257888/manifest.json'
For more information check: https://developer.mozilla.org/en-US/docs/Web/HTTP/Status/403",2026-07-18T20:51:14.548326
liberation,bd6t51125789p,,failed,0,0,,http_manifest,known,403,manifest,"Client error '403 ' for url 'https://openapiproext.bnf.fr/iiif/presentation/v3/ark:/12148/bd6t51125789p/manifest.json'
For more information check: https://developer.mozilla.org/en-US/docs/Web/HTTP/Status/403",2026-07-18T20:51:15.694744
liberation,bd6t51125790b,,failed,0,0,,http_manifest,known,403,manifest,"Client error '403 ' for url 'https://openapiproext.bnf.fr/iiif/presentation/v3/ark:/12148/bd6t51125790b/manifest.json'
For more information check: https://developer.mozilla.org/en-US/docs/Web/HTTP/Status/403",2026-07-18T20:51:16.772977
liberation,bd6t51125791r,,failed,0,0,,http_manifest,known,403,manifest,"Client error '403 ' for url 'https://openapiproext.bnf.fr/iiif/presentation/v3/ark:/12148/bd6t51125791r/manifest.json'
For more information check: https://developer.mozilla.org/en-US/docs/Web/HTTP/Status/403",2026-07-18T20:51:18.176938
liberation,bd6t511257925,,failed,0,0,,http_manifest,known,403,manifest,"Client error '403 ' for url 'https://openapiproext.bnf.fr/iiif/presentation/v3/ark:/12148/bd6t511257925/manifest.json'
For more information check: https://developer.mozilla.org/en-US/docs/Web/HTTP/Status/403",2026-07-18T20:51:19.174461
liberation,bd6t51125793k,,failed,0,0,,http_manifest,known,403,manifest,"Client error '403 ' for url 'https://openapiproext.bnf.fr/iiif/presentation/v3/ark:/12148/bd6t51125793k/manifest.json'
For more information check: https://developer.mozilla.org/en-US/docs/Web/HTTP/Status/403",2026-07-18T20:51:20.389671
liberation,bd6t511257940,,failed,0,0,,http_manifest,known,403,manifest,"Client error '403 ' for url 'https://openapiproext.bnf.fr/iiif/presentation/v3/ark:/12148/bd6t511257940/manifest.json'
For more information check: https://developer.mozilla.org/en-US/docs/Web/HTTP/Status/403",2026-07-18T20:51:21.626509
liberation,bd6t51125795d,,failed,0,0,,http_manifest,known,403,manifest,"Client error '403 ' for url 'https://openapiproext.bnf.fr/iiif/presentation/v3/ark:/12148/bd6t51125795d/manifest.json'
For more information check: https://developer.mozilla.org/en-US/docs/Web/HTTP/Status/403",2026-07-18T20:51:22.779244
liberation,bd6t51125796t,,failed,0,0,,http_manifest,known,403,manifest,"Client error '403 ' for url 'https://openapiproext.bnf.fr/iiif/presentation/v3/ark:/12148/bd6t51125796t/manifest.json'
For more information check: https://developer.mozilla.org/en-US/docs/Web/HTTP/Status/403",2026-07-18T20:51:23.979480
liberation,bd6t511257977,,failed,0,0,,http_manifest,known,403,manifest,"Client error '403 ' for url 'https://openapiproext.bnf.fr/iiif/presentation/v3/ark:/12148/bd6t511257977/manifest.json'
For more information check: https://developer.mozilla.org/en-US/docs/Web/HTTP/Status/403",2026-07-18T20:51:25.292211
liberation,bd6t51125798n,,failed,0,0,,http_manifest,known,403,manifest,"Client error '403 ' for url 'https://openapiproext.bnf.fr/iiif/presentation/v3/ark:/12148/bd6t51125798n/manifest.json'
For more information check: https://developer.mozilla.org/en-US/docs/Web/HTTP/Status/403",2026-07-18T20:51:26.382909
liberation,bd6t511257992,,failed,0,0,,http_manifest,known,403,manifest,"Client error '403 ' for url 'https://openapiproext.bnf.fr/iiif/presentation/v3/ark:/12148/bd6t511257992/manifest.json'
For more information check: https://developer.mozilla.org/en-US/docs/Web/HTTP/Status/403",2026-07-18T20:51:27.584094
liberation,bd6t511258008,,failed,0,0,,http_manifest,known,403,manifest,"Client error '403 ' for url 'https://openapiproext.bnf.fr/iiif/presentation/v3/ark:/12148/bd6t511258008/manifest.json'
For more information check: https://developer.mozilla.org/en-US/docs/Web/HTTP/Status/403",2026-07-18T20:51:28.785073
liberation,bd6t51125801p,,failed,0,0,,http_manifest,known,403,manifest,"Client error '403 ' for url 'https://openapiproext.bnf.fr/iiif/presentation/v3/ark:/12148/bd6t51125801p/manifest.json'
For more information check: https://developer.mozilla.org/en-US/docs/Web/HTTP/Status/403",2026-07-18T20:51:29.995215
liberation,bd6t511258023,,failed,0,0,,http_manifest,known,403,manifest,"Client error '403 ' for url 'https://openapiproext.bnf.fr/iiif/presentation/v3/ark:/12148/bd6t511258023/manifest.json'
For more information check: https://developer.mozilla.org/en-US/docs/Web/HTTP/Status/403",2026-07-18T20:51:31.183422
liberation,bd6t51125803h,,failed,0,0,,http_manifest,known,403,manifest,"Client error '403 ' for url 'https://openapiproext.bnf.fr/iiif/presentation/v3/ark:/12148/bd6t51125803h/manifest.json'
For more information check: https://developer.mozilla.org/en-US/docs/Web/HTTP/Status/403",2026-07-18T20:51:32.408062
liberation,bd6t51125804x,,failed,0,0,,http_manifest,known,403,manifest,"Client error '403 ' for url 'https://openapiproext.bnf.fr/iiif/presentation/v3/ark:/12148/bd6t51125804x/manifest.json'
For more information check: https://developer.mozilla.org/en-US/docs/Web/HTTP/Status/403",2026-07-18T20:51:33.588384
liberation,bd6t51125805b,,failed,0,0,,http_manifest,known,403,manifest,"Client error '403 ' for url 'https://openapiproext.bnf.fr/iiif/presentation/v3/ark:/12148/bd6t51125805b/manifest.json'
For more information check: https://developer.mozilla.org/en-US/docs/Web/HTTP/Status/403",2026-07-18T20:51:34.790740
liberation,bd6t51125806r,,failed,0,0,,http_manifest,known,403,manifest,"Client error '403 ' for url 'https://openapiproext.bnf.fr/iiif/presentation/v3/ark:/12148/bd6t51125806r/manifest.json'
For more information check: https://developer.mozilla.org/en-US/docs/Web/HTTP/Status/403",2026-07-18T20:51:35.989813
liberation,bd6t51125600k,,failed,0,0,,http_manifest,known,403,manifest,"Client error '403 ' for url 'https://openapiproext.bnf.fr/iiif/presentation/v3/ark:/12148/bd6t51125600k/manifest.json'
For more information check: https://developer.mozilla.org/en-US/docs/Web/HTTP/Status/403",2026-07-18T20:51:37.200566
liberation,bd6t511256010,,failed,0,0,,http_manifest,known,403,manifest,"Client error '403 ' for url 'https://openapiproext.bnf.fr/iiif/presentation/v3/ark:/12148/bd6t511256010/manifest.json'
For more information check: https://developer.mozilla.org/en-US/docs/Web/HTTP/Status/403",2026-07-18T20:51:38.398031
liberation,bd6t51125602d,,failed,0,0,,http_manifest,known,403,manifest,"Client error '403 ' for url 'https://openapiproext.bnf.fr/iiif/presentation/v3/ark:/12148/bd6t51125602d/manifest.json'
For more information check: https://developer.mozilla.org/en-US/docs/Web/HTTP/Status/403",2026-07-18T20:51:39.595627
liberation,bd6t51125603t,,failed,0,0,,http_manifest,known,403,manifest,"Client error '403 ' for url 'https://openapiproext.bnf.fr/iiif/presentation/v3/ark:/12148/bd6t51125603t/manifest.json'
For more information check: https://developer.mozilla.org/en-US/docs/Web/HTTP/Status/403",2026-07-18T20:51:40.800649
liberation,bd6t511256047,,failed,0,0,,http_manifest,known,403,manifest,"Client error '403 ' for url 'https://openapiproext.bnf.fr/iiif/presentation/v3/ark:/12148/bd6t511256047/manifest.json'
For more information check: https://developer.mozilla.org/en-US/docs/Web/HTTP/Status/403",2026-07-18T20:51:41.996898
liberation,bd6t51125605n,,failed,0,0,,http_manifest,known,403,manifest,"Client error '403 ' for url 'https://openapiproext.bnf.fr/iiif/presentation/v3/ark:/12148/bd6t51125605n/manifest.json'
For more information check: https://developer.mozilla.org/en-US/docs/Web/HTTP/Status/403",2026-07-18T20:51:43.198004
liberation,bd6t511256062,,failed,0,0,,http_manifest,known,403,manifest,"Client error '403 ' for url 'https://openapiproext.bnf.fr/iiif/presentation/v3/ark:/12148/bd6t511256062/manifest.json'
For more information check: https://developer.mozilla.org/en-US/docs/Web/HTTP/Status/403",2026-07-18T20:51:44.416089
liberation,bd6t51125607g,,failed,0,0,,http_manifest,known,403,manifest,"Client error '403 ' for url 'https://openapiproext.bnf.fr/iiif/presentation/v3/ark:/12148/bd6t51125607g/manifest.json'
For more information check: https://developer.mozilla.org/en-US/docs/Web/HTTP/Status/403",2026-07-18T20:51:45.599302
liberation,bd6t51125608w,,failed,0,0,,http_manifest,known,403,manifest,"Client error '403 ' for url 'https://openapiproext.bnf.fr/iiif/presentation/v3/ark:/12148/bd6t51125608w/manifest.json'
For more information check: https://developer.mozilla.org/en-US/docs/Web/HTTP/Status/403",2026-07-18T20:51:46.802668
liberation,bd6t511256099,,failed,0,0,,http_manifest,known,403,manifest,"Client error '403 ' for url 'https://openapiproext.bnf.fr/iiif/presentation/v3/ark:/12148/bd6t511256099/manifest.json'
For more information check: https://developer.mozilla.org/en-US/docs/Web/HTTP/Status/403",2026-07-18T20:51:48.000023
liberation,bd6t51125610z,,failed,0,0,,http_manifest,known,403,manifest,"Client error '403 ' for url 'https://openapiproext.bnf.fr/iiif/presentation/v3/ark:/12148/bd6t51125610z/manifest.json'
For more information check: https://developer.mozilla.org/en-US/docs/Web/HTTP/Status/403",2026-07-18T20:51:49.203014
liberation,bd6t51125611c,,failed,0,0,,http_manifest,known,403,manifest,"Client error '403 ' for url 'https://openapiproext.bnf.fr/iiif/presentation/v3/ark:/12148/bd6t51125611c/manifest.json'
For more information check: https://developer.mozilla.org/en-US/docs/Web/HTTP/Status/403",2026-07-18T20:51:50.416046
liberation,bd6t51125612s,,failed,0,0,,http_manifest,known,403,manifest,"Client error '403 ' for url 'https://openapiproext.bnf.fr/iiif/presentation/v3/ark:/12148/bd6t51125612s/manifest.json'
For more information check: https://developer.mozilla.org/en-US/docs/Web/HTTP/Status/403",2026-07-18T20:51:51.604731
liberation,bd6t511256136,,failed,0,0,,http_manifest,known,403,manifest,"Client error '403 ' for url 'https://openapiproext.bnf.fr/iiif/presentation/v3/ark:/12148/bd6t511256136/manifest.json'
For more information check: https://developer.mozilla.org/en-US/docs/Web/HTTP/Status/403",2026-07-18T20:51:52.806572
liberation,bd6t51125614m,,failed,0,0,,http_manifest,known,403,manifest,"Client error '403 ' for url 'https://openapiproext.bnf.fr/iiif/presentation/v3/ark:/12148/bd6t51125614m/manifest.json'
For more information check: https://developer.mozilla.org/en-US/docs/Web/HTTP/Status/403",2026-07-18T20:51:54.008336
liberation,bd6t511256151,,failed,0,0,,http_manifest,known,403,manifest,"Client error '403 ' for url 'https://openapiproext.bnf.fr/iiif/presentation/v3/ark:/12148/bd6t511256151/manifest.json'
For more information check: https://developer.mozilla.org/en-US/docs/Web/HTTP/Status/403",2026-07-18T20:51:55.208636
liberation,bd6t51125616f,,failed,0,0,,http_manifest,known,403,manifest,"Client error '403 ' for url 'https://openapiproext.bnf.fr/iiif/presentation/v3/ark:/12148/bd6t51125616f/manifest.json'
For more information check: https://developer.mozilla.org/en-US/docs/Web/HTTP/Status/403",2026-07-18T20:51:56.415958
liberation,bd6t51125617v,,failed,0,0,,http_manifest,known,403,manifest,"Client error '403 ' for url 'https://openapiproext.bnf.fr/iiif/presentation/v3/ark:/12148/bd6t51125617v/manifest.json'
For more information check: https://developer.mozilla.org/en-US/docs/Web/HTTP/Status/403",2026-07-18T20:51:57.611728
liberation,bd6t511256188,,failed,0,0,,http_manifest,known,403,manifest,"Client error '403 ' for url 'https://openapiproext.bnf.fr/iiif/presentation/v3/ark:/12148/bd6t511256188/manifest.json'
For more information check: https://developer.mozilla.org/en-US/docs/Web/HTTP/Status/403",2026-07-18T20:51:58.812014
liberation,bd6t51125619p,,failed,0,0,,http_manifest,known,403,manifest,"Client error '403 ' for url 'https://openapiproext.bnf.fr/iiif/presentation/v3/ark:/12148/bd6t51125619p/manifest.json'
For more information check: https://developer.mozilla.org/en-US/docs/Web/HTTP/Status/403",2026-07-18T20:52:00.016967
liberation,bd6t51125620b,,failed,0,0,,http_manifest,known,403,manifest,"Client error '403 ' for url 'https://openapiproext.bnf.fr/iiif/presentation/v3/ark:/12148/bd6t51125620b/manifest.json'
For more information check: https://developer.mozilla.org/en-US/docs/Web/HTTP/Status/403",2026-07-18T20:52:01.215893
liberation,bd6t51125621r,,failed,0,0,,http_manifest,known,403,manifest,"Client error '403 ' for url 'https://openapiproext.bnf.fr/iiif/presentation/v3/ark:/12148/bd6t51125621r/manifest.json'
For more information check: https://developer.mozilla.org/en-US/docs/Web/HTTP/Status/403",2026-07-18T20:52:02.429930
liberation,bd6t511256225,,failed,0,0,,http_manifest,known,403,manifest,"Client error '403 ' for url 'https://openapiproext.bnf.fr/iiif/presentation/v3/ark:/12148/bd6t511256225/manifest.json'
For more information check: https://developer.mozilla.org/en-US/docs/Web/HTTP/Status/403",2026-07-18T20:52:03.620203
liberation,bd6t51125623k,,failed,0,0,,http_manifest,known,403,manifest,"Client error '403 ' for url 'https://openapiproext.bnf.fr/iiif/presentation/v3/ark:/12148/bd6t51125623k/manifest.json'
For more information check: https://developer.mozilla.org/en-US/docs/Web/HTTP/Status/403",2026-07-18T20:52:04.817490
liberation,bd6t511256240,,failed,0,0,,http_manifest,known,403,manifest,"Client error '403 ' for url 'https://openapiproext.bnf.fr/iiif/presentation/v3/ark:/12148/bd6t511256240/manifest.json'
For more information check: https://developer.mozilla.org/en-US/docs/Web/HTTP/Status/403",2026-07-18T20:52:06.018291
liberation,bd6t51125625d,,failed,0,0,,http_manifest,known,403,manifest,"Client error '403 ' for url 'https://openapiproext.bnf.fr/iiif/presentation/v3/ark:/12148/bd6t51125625d/manifest.json'
For more information check: https://developer.mozilla.org/en-US/docs/Web/HTTP/Status/403",2026-07-18T20:52:07.226294
liberation,bd6t51125626t,,failed,0,0,,http_manifest,known,403,manifest,"Client error '403 ' for url 'https://openapiproext.bnf.fr/iiif/presentation/v3/ark:/12148/bd6t51125626t/manifest.json'
For more information check: https://developer.mozilla.org/en-US/docs/Web/HTTP/Status/403",2026-07-18T20:52:08.423163
liberation,bd6t511256277,,failed,0,0,,http_manifest,known,403,manifest,"Client error '403 ' for url 'https://openapiproext.bnf.fr/iiif/presentation/v3/ark:/12148/bd6t511256277/manifest.json'
For more information check: https://developer.mozilla.org/en-US/docs/Web/HTTP/Status/403",2026-07-18T20:52:09.660827
liberation,bd6t51125628n,,failed,0,0,,http_manifest,known,403,manifest,"Client error '403 ' for url 'https://openapiproext.bnf.fr/iiif/presentation/v3/ark:/12148/bd6t51125628n/manifest.json'
For more information check: https://developer.mozilla.org/en-US/docs/Web/HTTP/Status/403",2026-07-18T20:52:11.008288
liberation,bd6t511256292,,failed,0,0,,http_manifest,known,403,manifest,"Client error '403 ' for url 'https://openapiproext.bnf.fr/iiif/presentation/v3/ark:/12148/bd6t511256292/manifest.json'
For more information check: https://developer.mozilla.org/en-US/docs/Web/HTTP/Status/403",2026-07-18T20:52:12.164213
liberation,bd6t51125630q,,failed,0,0,,http_manifest,known,403,manifest,"Client error '403 ' for url 'https://openapiproext.bnf.fr/iiif/presentation/v3/ark:/12148/bd6t51125630q/manifest.json'
For more information check: https://developer.mozilla.org/en-US/docs/Web/HTTP/Status/403",2026-07-18T20:52:13.562727
liberation,bd6t511256314,,failed,0,0,,http_manifest,known,403,manifest,"Client error '403 ' for url 'https://openapiproext.bnf.fr/iiif/presentation/v3/ark:/12148/bd6t511256314/manifest.json'
For more information check: https://developer.mozilla.org/en-US/docs/Web/HTTP/Status/403",2026-07-18T20:52:14.744801
liberation,bd6t51125632j,,failed,0,0,,http_manifest,known,403,manifest,"Client error '403 ' for url 'https://openapiproext.bnf.fr/iiif/presentation/v3/ark:/12148/bd6t51125632j/manifest.json'
For more information check: https://developer.mozilla.org/en-US/docs/Web/HTTP/Status/403",2026-07-18T20:52:15.755616
liberation,bd6t51125633z,,failed,0,0,,http_manifest,known,403,manifest,"Client error '403 ' for url 'https://openapiproext.bnf.fr/iiif/presentation/v3/ark:/12148/bd6t51125633z/manifest.json'
For more information check: https://developer.mozilla.org/en-US/docs/Web/HTTP/Status/403",2026-07-18T20:52:16.840902
liberation,bd6t51125635s,,failed,0,0,,http_manifest,known,403,manifest,"Client error '403 ' for url 'https://openapiproext.bnf.fr/iiif/presentation/v3/ark:/12148/bd6t51125635s/manifest.json'
For more information check: https://developer.mozilla.org/en-US/docs/Web/HTTP/Status/403",2026-07-18T20:52:18.077229
liberation,bd6t51125634c,,failed,0,0,,http_manifest,known,403,manifest,"Client error '403 ' for url 'https://openapiproext.bnf.fr/iiif/presentation/v3/ark:/12148/bd6t51125634c/manifest.json'
For more information check: https://developer.mozilla.org/en-US/docs/Web/HTTP/Status/403",2026-07-18T20:52:19.252119
liberation,bd6t511256366,,failed,0,0,,http_manifest,known,403,manifest,"Client error '403 ' for url 'https://openapiproext.bnf.fr/iiif/presentation/v3/ark:/12148/bd6t511256366/manifest.json'
For more information check: https://developer.mozilla.org/en-US/docs/Web/HTTP/Status/403",2026-07-18T20:52:20.435059
liberation,bd6t51125637m,,failed,0,0,,http_manifest,known,403,manifest,"Client error '403 ' for url 'https://openapiproext.bnf.fr/iiif/presentation/v3/ark:/12148/bd6t51125637m/manifest.json'
For more information check: https://developer.mozilla.org/en-US/docs/Web/HTTP/Status/403",2026-07-18T20:52:21.646520
liberation,bd6t511256381,,failed,0,0,,http_manifest,known,403,manifest,"Client error '403 ' for url 'https://openapiproext.bnf.fr/iiif/presentation/v3/ark:/12148/bd6t511256381/manifest.json'
For more information check: https://developer.mozilla.org/en-US/docs/Web/HTTP/Status/403",2026-07-18T20:52:22.839259
liberation,bd6t51125639f,,failed,0,0,,http_manifest,known,403,manifest,"Client error '403 ' for url 'https://openapiproext.bnf.fr/iiif/presentation/v3/ark:/12148/bd6t51125639f/manifest.json'
For more information check: https://developer.mozilla.org/en-US/docs/Web/HTTP/Status/403",2026-07-18T20:52:24.038723
liberation,bd6t511256403,,failed,0,0,,http_manifest,known,403,manifest,"Client error '403 ' for url 'https://openapiproext.bnf.fr/iiif/presentation/v3/ark:/12148/bd6t511256403/manifest.json'
For more information check: https://developer.mozilla.org/en-US/docs/Web/HTTP/Status/403",2026-07-18T20:52:25.242229
liberation,bd6t51125641h,,failed,0,0,,http_manifest,known,403,manifest,"Client error '403 ' for url 'https://openapiproext.bnf.fr/iiif/presentation/v3/ark:/12148/bd6t51125641h/manifest.json'
For more information check: https://developer.mozilla.org/en-US/docs/Web/HTTP/Status/403",2026-07-18T20:52:26.440849
liberation,bd6t51125642x,,failed,0,0,,http_manifest,known,403,manifest,"Client error '403 ' for url 'https://openapiproext.bnf.fr/iiif/presentation/v3/ark:/12148/bd6t51125642x/manifest.json'
For more information check: https://developer.mozilla.org/en-US/docs/Web/HTTP/Status/403",2026-07-18T20:52:27.643849
liberation,bd6t51125643b,,failed,0,0,,http_manifest,known,403,manifest,"Client error '403 ' for url 'https://openapiproext.bnf.fr/iiif/presentation/v3/ark:/12148/bd6t51125643b/manifest.json'
For more information check: https://developer.mozilla.org/en-US/docs/Web/HTTP/Status/403",2026-07-18T20:52:28.844335
liberation,bd6t51125644r,,failed,0,0,,http_manifest,known,403,manifest,"Client error '403 ' for url 'https://openapiproext.bnf.fr/iiif/presentation/v3/ark:/12148/bd6t51125644r/manifest.json'
For more information check: https://developer.mozilla.org/en-US/docs/Web/HTTP/Status/403",2026-07-18T20:52:30.047841
liberation,bd6t511256455,,failed,0,0,,http_manifest,known,403,manifest,"Client error '403 ' for url 'https://openapiproext.bnf.fr/iiif/presentation/v3/ark:/12148/bd6t511256455/manifest.json'
For more information check: https://developer.mozilla.org/en-US/docs/Web/HTTP/Status/403",2026-07-18T20:52:31.260235
liberation,bd6t51125646k,,failed,0,0,,http_manifest,known,403,manifest,"Client error '403 ' for url 'https://openapiproext.bnf.fr/iiif/presentation/v3/ark:/12148/bd6t51125646k/manifest.json'
For more information check: https://developer.mozilla.org/en-US/docs/Web/HTTP/Status/403",2026-07-18T20:52:32.447190
liberation,bd6t511256470,,failed,0,0,,http_manifest,known,403,manifest,"Client error '403 ' for url 'https://openapiproext.bnf.fr/iiif/presentation/v3/ark:/12148/bd6t511256470/manifest.json'
For more information check: https://developer.mozilla.org/en-US/docs/Web/HTTP/Status/403",2026-07-18T20:52:33.649217
liberation,bd6t51125648d,,failed,0,0,,http_manifest,known,403,manifest,"Client error '403 ' for url 'https://openapiproext.bnf.fr/iiif/presentation/v3/ark:/12148/bd6t51125648d/manifest.json'
For more information check: https://developer.mozilla.org/en-US/docs/Web/HTTP/Status/403",2026-07-18T20:52:34.853102
liberation,bd6t51125649t,,failed,0,0,,http_manifest,known,403,manifest,"Client error '403 ' for url 'https://openapiproext.bnf.fr/iiif/presentation/v3/ark:/12148/bd6t51125649t/manifest.json'
For more information check: https://developer.mozilla.org/en-US/docs/Web/HTTP/Status/403",2026-07-18T20:52:36.053013
liberation,bd6t51125650g,,failed,0,0,,http_manifest,known,403,manifest,"Client error '403 ' for url 'https://openapiproext.bnf.fr/iiif/presentation/v3/ark:/12148/bd6t51125650g/manifest.json'
For more information check: https://developer.mozilla.org/en-US/docs/Web/HTTP/Status/403",2026-07-18T20:52:37.273775
liberation,bd6t51125651w,,failed,0,0,,http_manifest,known,403,manifest,"Client error '403 ' for url 'https://openapiproext.bnf.fr/iiif/presentation/v3/ark:/12148/bd6t51125651w/manifest.json'
For more information check: https://developer.mozilla.org/en-US/docs/Web/HTTP/Status/403",2026-07-18T20:52:38.459033
liberation,bd6t511256529,,failed,0,0,,http_manifest,known,403,manifest,"Client error '403 ' for url 'https://openapiproext.bnf.fr/iiif/presentation/v3/ark:/12148/bd6t511256529/manifest.json'
For more information check: https://developer.mozilla.org/en-US/docs/Web/HTTP/Status/403",2026-07-18T20:52:39.657609
liberation,bd6t51125653q,,failed,0,0,,http_manifest,known,403,manifest,"Client error '403 ' for url 'https://openapiproext.bnf.fr/iiif/presentation/v3/ark:/12148/bd6t51125653q/manifest.json'
For more information check: https://developer.mozilla.org/en-US/docs/Web/HTTP/Status/403",2026-07-18T20:52:40.857325
liberation,bd6t511256544,,failed,0,0,,http_manifest,known,403,manifest,"Client error '403 ' for url 'https://openapiproext.bnf.fr/iiif/presentation/v3/ark:/12148/bd6t511256544/manifest.json'
For more information check: https://developer.mozilla.org/en-US/docs/Web/HTTP/Status/403",2026-07-18T20:52:42.058642
liberation,bd6t51125655j,,failed,0,0,,http_manifest,known,403,manifest,"Client error '403 ' for url 'https://openapiproext.bnf.fr/iiif/presentation/v3/ark:/12148/bd6t51125655j/manifest.json'
For more information check: https://developer.mozilla.org/en-US/docs/Web/HTTP/Status/403",2026-07-18T20:52:43.277986
liberation,bd6t51125656z,,failed,0,0,,http_manifest,known,403,manifest,"Client error '403 ' for url 'https://openapiproext.bnf.fr/iiif/presentation/v3/ark:/12148/bd6t51125656z/manifest.json'
For more information check: https://developer.mozilla.org/en-US/docs/Web/HTTP/Status/403",2026-07-18T20:52:44.470324
liberation,bd6t51125657c,,failed,0,0,,http_manifest,known,403,manifest,"Client error '403 ' for url 'https://openapiproext.bnf.fr/iiif/presentation/v3/ark:/12148/bd6t51125657c/manifest.json'
For more information check: https://developer.mozilla.org/en-US/docs/Web/HTTP/Status/403",2026-07-18T20:52:45.663974
liberation,bd6t51125658s,,failed,0,0,,http_manifest,known,403,manifest,"Client error '403 ' for url 'https://openapiproext.bnf.fr/iiif/presentation/v3/ark:/12148/bd6t51125658s/manifest.json'
For more information check: https://developer.mozilla.org/en-US/docs/Web/HTTP/Status/403",2026-07-18T20:52:46.866595
liberation,bd6t511256596,,failed,0,0,,http_manifest,known,403,manifest,"Client error '403 ' for url 'https://openapiproext.bnf.fr/iiif/presentation/v3/ark:/12148/bd6t511256596/manifest.json'
For more information check: https://developer.mozilla.org/en-US/docs/Web/HTTP/Status/403",2026-07-18T20:52:48.065629
liberation,bd6t51125660v,,failed,0,0,,http_manifest,known,403,manifest,"Client error '403 ' for url 'https://openapiproext.bnf.fr/iiif/presentation/v3/ark:/12148/bd6t51125660v/manifest.json'
For more information check: https://developer.mozilla.org/en-US/docs/Web/HTTP/Status/403",2026-07-18T20:52:49.282988
liberation,bd6t511256618,,failed,0,0,,http_manifest,known,403,manifest,"Client error '403 ' for url 'https://openapiproext.bnf.fr/iiif/presentation/v3/ark:/12148/bd6t511256618/manifest.json'
For more information check: https://developer.mozilla.org/en-US/docs/Web/HTTP/Status/403",2026-07-18T20:52:50.471037
liberation,bd6t51125662p,,failed,0,0,,http_manifest,known,403,manifest,"Client error '403 ' for url 'https://openapiproext.bnf.fr/iiif/presentation/v3/ark:/12148/bd6t51125662p/manifest.json'
For more information check: https://developer.mozilla.org/en-US/docs/Web/HTTP/Status/403",2026-07-18T20:52:51.669389
liberation,bd6t511256633,,failed,0,0,,http_manifest,known,403,manifest,"Client error '403 ' for url 'https://openapiproext.bnf.fr/iiif/presentation/v3/ark:/12148/bd6t511256633/manifest.json'
For more information check: https://developer.mozilla.org/en-US/docs/Web/HTTP/Status/403",2026-07-18T20:52:52.870470
liberation,bd6t51125664h,,failed,0,0,,http_manifest,known,403,manifest,"Client error '403 ' for url 'https://openapiproext.bnf.fr/iiif/presentation/v3/ark:/12148/bd6t51125664h/manifest.json'
For more information check: https://developer.mozilla.org/en-US/docs/Web/HTTP/Status/403",2026-07-18T20:52:54.073321
liberation,bd6t51125665x,,failed,0,0,,http_manifest,known,403,manifest,"Client error '403 ' for url 'https://openapiproext.bnf.fr/iiif/presentation/v3/ark:/12148/bd6t51125665x/manifest.json'
For more information check: https://developer.mozilla.org/en-US/docs/Web/HTTP/Status/403",2026-07-18T20:52:55.276046
liberation,bd6t51125666b,,failed,0,0,,http_manifest,known,403,manifest,"Client error '403 ' for url 'https://openapiproext.bnf.fr/iiif/presentation/v3/ark:/12148/bd6t51125666b/manifest.json'
For more information check: https://developer.mozilla.org/en-US/docs/Web/HTTP/Status/403",2026-07-18T20:52:56.519988
liberation,bd6t51125667r,,failed,0,0,,http_manifest,known,403,manifest,"Client error '403 ' for url 'https://openapiproext.bnf.fr/iiif/presentation/v3/ark:/12148/bd6t51125667r/manifest.json'
For more information check: https://developer.mozilla.org/en-US/docs/Web/HTTP/Status/403",2026-07-18T20:52:57.679142
liberation,bd6t511256685,,failed,0,0,,http_manifest,known,403,manifest,"Client error '403 ' for url 'https://openapiproext.bnf.fr/iiif/presentation/v3/ark:/12148/bd6t511256685/manifest.json'
For more information check: https://developer.mozilla.org/en-US/docs/Web/HTTP/Status/403",2026-07-18T20:52:58.905409
liberation,bd6t51125669k,,failed,0,0,,http_manifest,known,403,manifest,"Client error '403 ' for url 'https://openapiproext.bnf.fr/iiif/presentation/v3/ark:/12148/bd6t51125669k/manifest.json'
For more information check: https://developer.mozilla.org/en-US/docs/Web/HTTP/Status/403",2026-07-18T20:53:00.082262
liberation,bd6t511256707,,failed,0,0,,http_manifest,known,403,manifest,"Client error '403 ' for url 'https://openapiproext.bnf.fr/iiif/presentation/v3/ark:/12148/bd6t511256707/manifest.json'
For more information check: https://developer.mozilla.org/en-US/docs/Web/HTTP/Status/403",2026-07-18T20:53:01.280597
liberation,bd6t51125671n,,failed,0,0,,http_manifest,known,403,manifest,"Client error '403 ' for url 'https://openapiproext.bnf.fr/iiif/presentation/v3/ark:/12148/bd6t51125671n/manifest.json'
For more information check: https://developer.mozilla.org/en-US/docs/Web/HTTP/Status/403",2026-07-18T20:53:02.486402
liberation,bd6t511256722,,failed,0,0,,http_manifest,known,403,manifest,"Client error '403 ' for url 'https://openapiproext.bnf.fr/iiif/presentation/v3/ark:/12148/bd6t511256722/manifest.json'
For more information check: https://developer.mozilla.org/en-US/docs/Web/HTTP/Status/403",2026-07-18T20:53:03.687969
liberation,bd6t51125673g,,failed,0,0,,http_manifest,known,403,manifest,"Client error '403 ' for url 'https://openapiproext.bnf.fr/iiif/presentation/v3/ark:/12148/bd6t51125673g/manifest.json'
For more information check: https://developer.mozilla.org/en-US/docs/Web/HTTP/Status/403",2026-07-18T20:53:04.886271
liberation,bd6t51125674w,,failed,0,0,,http_manifest,known,403,manifest,"Client error '403 ' for url 'https://openapiproext.bnf.fr/iiif/presentation/v3/ark:/12148/bd6t51125674w/manifest.json'
For more information check: https://developer.mozilla.org/en-US/docs/Web/HTTP/Status/403",2026-07-18T20:53:06.090425
liberation,bd6t511256759,,failed,0,0,,http_manifest,known,403,manifest,"Client error '403 ' for url 'https://openapiproext.bnf.fr/iiif/presentation/v3/ark:/12148/bd6t511256759/manifest.json'
For more information check: https://developer.mozilla.org/en-US/docs/Web/HTTP/Status/403",2026-07-18T20:53:07.530779
liberation,bd6t51125676q,,failed,0,0,,http_manifest,known,403,manifest,"Client error '403 ' for url 'https://openapiproext.bnf.fr/iiif/presentation/v3/ark:/12148/bd6t51125676q/manifest.json'
For more information check: https://developer.mozilla.org/en-US/docs/Web/HTTP/Status/403",2026-07-18T20:53:08.506552
liberation,bd6t511256774,,failed,0,0,,http_manifest,known,403,manifest,"Client error '403 ' for url 'https://openapiproext.bnf.fr/iiif/presentation/v3/ark:/12148/bd6t511256774/manifest.json'
For more information check: https://developer.mozilla.org/en-US/docs/Web/HTTP/Status/403",2026-07-18T20:53:09.753372
liberation,bd6t51125678j,,failed,0,0,,http_manifest,known,403,manifest,"Client error '403 ' for url 'https://openapiproext.bnf.fr/iiif/presentation/v3/ark:/12148/bd6t51125678j/manifest.json'
For more information check: https://developer.mozilla.org/en-US/docs/Web/HTTP/Status/403",2026-07-18T20:53:11.158287
liberation,bd6t51125679z,,failed,0,0,,http_manifest,known,403,manifest,"Client error '403 ' for url 'https://openapiproext.bnf.fr/iiif/presentation/v3/ark:/12148/bd6t51125679z/manifest.json'
For more information check: https://developer.mozilla.org/en-US/docs/Web/HTTP/Status/403",2026-07-18T20:53:12.091081
liberation,bd6t51125680m,,failed,0,0,,http_manifest,known,403,manifest,"Client error '403 ' for url 'https://openapiproext.bnf.fr/iiif/presentation/v3/ark:/12148/bd6t51125680m/manifest.json'
For more information check: https://developer.mozilla.org/en-US/docs/Web/HTTP/Status/403",2026-07-18T20:53:13.454745
liberation,bd6t511256811,,failed,0,0,,http_manifest,known,403,manifest,"Client error '403 ' for url 'https://openapiproext.bnf.fr/iiif/presentation/v3/ark:/12148/bd6t511256811/manifest.json'
For more information check: https://developer.mozilla.org/en-US/docs/Web/HTTP/Status/403",2026-07-18T20:53:14.689507
liberation,bd6t51125682f,,failed,0,0,,http_manifest,known,403,manifest,"Client error '403 ' for url 'https://openapiproext.bnf.fr/iiif/presentation/v3/ark:/12148/bd6t51125682f/manifest.json'
For more information check: https://developer.mozilla.org/en-US/docs/Web/HTTP/Status/403",2026-07-18T20:53:15.825039
liberation,bd6t51125683v,,failed,0,0,,http_manifest,known,403,manifest,"Client error '403 ' for url 'https://openapiproext.bnf.fr/iiif/presentation/v3/ark:/12148/bd6t51125683v/manifest.json'
For more information check: https://developer.mozilla.org/en-US/docs/Web/HTTP/Status/403",2026-07-18T20:53:16.907965
liberation,bd6t511256848,,failed,0,0,,http_manifest,known,403,manifest,"Client error '403 ' for url 'https://openapiproext.bnf.fr/iiif/presentation/v3/ark:/12148/bd6t511256848/manifest.json'
For more information check: https://developer.mozilla.org/en-US/docs/Web/HTTP/Status/403",2026-07-18T20:53:18.106187
liberation,bd6t51125685p,,failed,0,0,,http_manifest,known,403,manifest,"Client error '403 ' for url 'https://openapiproext.bnf.fr/iiif/presentation/v3/ark:/12148/bd6t51125685p/manifest.json'
For more information check: https://developer.mozilla.org/en-US/docs/Web/HTTP/Status/403",2026-07-18T20:53:19.575729
liberation,bd6t511256863,,failed,0,0,,http_manifest,known,403,manifest,"Client error '403 ' for url 'https://openapiproext.bnf.fr/iiif/presentation/v3/ark:/12148/bd6t511256863/manifest.json'
For more information check: https://developer.mozilla.org/en-US/docs/Web/HTTP/Status/403",2026-07-18T20:53:20.827736
liberation,bd6t51125687h,,failed,0,0,,http_manifest,known,403,manifest,"Client error '403 ' for url 'https://openapiproext.bnf.fr/iiif/presentation/v3/ark:/12148/bd6t51125687h/manifest.json'
For more information check: https://developer.mozilla.org/en-US/docs/Web/HTTP/Status/403",2026-07-18T20:53:21.704084
liberation,bd6t51125688x,,failed,0,0,,http_manifest,known,403,manifest,"Client error '403 ' for url 'https://openapiproext.bnf.fr/iiif/presentation/v3/ark:/12148/bd6t51125688x/manifest.json'
For more information check: https://developer.mozilla.org/en-US/docs/Web/HTTP/Status/403",2026-07-18T20:53:23.136768
liberation,bd6t51125689b,,failed,0,0,,http_manifest,known,403,manifest,"Client error '403 ' for url 'https://openapiproext.bnf.fr/iiif/presentation/v3/ark:/12148/bd6t51125689b/manifest.json'
For more information check: https://developer.mozilla.org/en-US/docs/Web/HTTP/Status/403",2026-07-18T20:53:24.108002
liberation,bd6t511256900,,failed,0,0,,http_manifest,known,403,manifest,"Client error '403 ' for url 'https://openapiproext.bnf.fr/iiif/presentation/v3/ark:/12148/bd6t511256900/manifest.json'
For more information check: https://developer.mozilla.org/en-US/docs/Web/HTTP/Status/403",2026-07-18T20:53:25.575029
liberation,bd6t51125691d,,failed,0,0,,http_manifest,known,403,manifest,"Client error '403 ' for url 'https://openapiproext.bnf.fr/iiif/presentation/v3/ark:/12148/bd6t51125691d/manifest.json'
For more information check: https://developer.mozilla.org/en-US/docs/Web/HTTP/Status/403",2026-07-18T20:53:26.674768
liberation,bd6t51125692t,,failed,0,0,,http_manifest,known,403,manifest,"Client error '403 ' for url 'https://openapiproext.bnf.fr/iiif/presentation/v3/ark:/12148/bd6t51125692t/manifest.json'
For more information check: https://developer.mozilla.org/en-US/docs/Web/HTTP/Status/403",2026-07-18T20:53:27.809027
liberation,bd6t511256937,,failed,0,0,,http_manifest,known,403,manifest,"Client error '403 ' for url 'https://openapiproext.bnf.fr/iiif/presentation/v3/ark:/12148/bd6t511256937/manifest.json'
For more information check: https://developer.mozilla.org/en-US/docs/Web/HTTP/Status/403",2026-07-18T20:53:28.916016
liberation,bd6t51125694n,,failed,0,0,,http_manifest,known,403,manifest,"Client error '403 ' for url 'https://openapiproext.bnf.fr/iiif/presentation/v3/ark:/12148/bd6t51125694n/manifest.json'
For more information check: https://developer.mozilla.org/en-US/docs/Web/HTTP/Status/403",2026-07-18T20:53:30.110188
liberation,bd6t511256952,,failed,0,0,,http_manifest,known,403,manifest,"Client error '403 ' for url 'https://openapiproext.bnf.fr/iiif/presentation/v3/ark:/12148/bd6t511256952/manifest.json'
For more information check: https://developer.mozilla.org/en-US/docs/Web/HTTP/Status/403",2026-07-18T20:53:31.333847
liberation,bd6t51125696g,,failed,0,0,,http_manifest,known,403,manifest,"Client error '403 ' for url 'https://openapiproext.bnf.fr/iiif/presentation/v3/ark:/12148/bd6t51125696g/manifest.json'
For more information check: https://developer.mozilla.org/en-US/docs/Web/HTTP/Status/403",2026-07-18T20:53:32.522541
liberation,bd6t51125697w,,failed,0,0,,http_manifest,known,403,manifest,"Client error '403 ' for url 'https://openapiproext.bnf.fr/iiif/presentation/v3/ark:/12148/bd6t51125697w/manifest.json'
For more information check: https://developer.mozilla.org/en-US/docs/Web/HTTP/Status/403",2026-07-18T20:53:33.714735
liberation,bd6t511256989,,failed,0,0,,http_manifest,known,403,manifest,"Client error '403 ' for url 'https://openapiproext.bnf.fr/iiif/presentation/v3/ark:/12148/bd6t511256989/manifest.json'
For more information check: https://developer.mozilla.org/en-US/docs/Web/HTTP/Status/403",2026-07-18T20:53:34.915057
liberation,bd6t51125699q,,failed,0,0,,http_manifest,known,403,manifest,"Client error '403 ' for url 'https://openapiproext.bnf.fr/iiif/presentation/v3/ark:/12148/bd6t51125699q/manifest.json'
For more information check: https://developer.mozilla.org/en-US/docs/Web/HTTP/Status/403",2026-07-18T20:53:36.119159
liberation,bd6t51125700x,,failed,0,0,,http_manifest,known,403,manifest,"Client error '403 ' for url 'https://openapiproext.bnf.fr/iiif/presentation/v3/ark:/12148/bd6t51125700x/manifest.json'
For more information check: https://developer.mozilla.org/en-US/docs/Web/HTTP/Status/403",2026-07-18T20:53:37.350058
liberation,bd6t51125701b,,failed,0,0,,http_manifest,known,403,manifest,"Client error '403 ' for url 'https://openapiproext.bnf.fr/iiif/presentation/v3/ark:/12148/bd6t51125701b/manifest.json'
For more information check: https://developer.mozilla.org/en-US/docs/Web/HTTP/Status/403",2026-07-18T20:53:38.519953
liberation,bd6t51125702r,,failed,0,0,,http_manifest,known,403,manifest,"Client error '403 ' for url 'https://openapiproext.bnf.fr/iiif/presentation/v3/ark:/12148/bd6t51125702r/manifest.json'
For more information check: https://developer.mozilla.org/en-US/docs/Web/HTTP/Status/403",2026-07-18T20:53:39.729562
liberation,bd6t511271348,,failed,0,0,,http_manifest,known,403,manifest,"Client error '403 ' for url 'https://openapiproext.bnf.fr/iiif/presentation/v3/ark:/12148/bd6t511271348/manifest.json'
For more information check: https://developer.mozilla.org/en-US/docs/Web/HTTP/Status/403",2026-07-18T20:53:40.928096
liberation,bd6t51127135p,,failed,0,0,,http_manifest,known,403,manifest,"Client error '403 ' for url 'https://openapiproext.bnf.fr/iiif/presentation/v3/ark:/12148/bd6t51127135p/manifest.json'
For more information check: https://developer.mozilla.org/en-US/docs/Web/HTTP/Status/403",2026-07-18T20:53:42.125376
liberation,bd6t511271363,,failed,0,0,,http_manifest,known,403,manifest,"Client error '403 ' for url 'https://openapiproext.bnf.fr/iiif/presentation/v3/ark:/12148/bd6t511271363/manifest.json'
For more information check: https://developer.mozilla.org/en-US/docs/Web/HTTP/Status/403",2026-07-18T20:53:43.327406
liberation,bd6t51127137h,,failed,0,0,,http_manifest,known,403,manifest,"Client error '403 ' for url 'https://openapiproext.bnf.fr/iiif/presentation/v3/ark:/12148/bd6t51127137h/manifest.json'
For more information check: https://developer.mozilla.org/en-US/docs/Web/HTTP/Status/403",2026-07-18T20:53:44.526219
liberation,bd6t51127138x,,failed,0,0,,http_manifest,known,403,manifest,"Client error '403 ' for url 'https://openapiproext.bnf.fr/iiif/presentation/v3/ark:/12148/bd6t51127138x/manifest.json'
For more information check: https://developer.mozilla.org/en-US/docs/Web/HTTP/Status/403",2026-07-18T20:53:45.730106
liberation,bd6t51127139b,,failed,0,0,,http_manifest,known,403,manifest,"Client error '403 ' for url 'https://openapiproext.bnf.fr/iiif/presentation/v3/ark:/12148/bd6t51127139b/manifest.json'
For more information check: https://developer.mozilla.org/en-US/docs/Web/HTTP/Status/403",2026-07-18T20:53:46.928057
liberation,bd6t511271400,,failed,0,0,,http_manifest,known,403,manifest,"Client error '403 ' for url 'https://openapiproext.bnf.fr/iiif/presentation/v3/ark:/12148/bd6t511271400/manifest.json'
For more information check: https://developer.mozilla.org/en-US/docs/Web/HTTP/Status/403",2026-07-18T20:53:48.134032
liberation,bd6t51127141d,,failed,0,0,,http_manifest,known,403,manifest,"Client error '403 ' for url 'https://openapiproext.bnf.fr/iiif/presentation/v3/ark:/12148/bd6t51127141d/manifest.json'
For more information check: https://developer.mozilla.org/en-US/docs/Web/HTTP/Status/403",2026-07-18T20:53:49.355084
liberation,bd6t51127142t,,failed,0,0,,http_manifest,known,403,manifest,"Client error '403 ' for url 'https://openapiproext.bnf.fr/iiif/presentation/v3/ark:/12148/bd6t51127142t/manifest.json'
For more information check: https://developer.mozilla.org/en-US/docs/Web/HTTP/Status/403",2026-07-18T20:53:50.532636
liberation,bd6t511271437,,failed,0,0,,http_manifest,known,403,manifest,"Client error '403 ' for url 'https://openapiproext.bnf.fr/iiif/presentation/v3/ark:/12148/bd6t511271437/manifest.json'
For more information check: https://developer.mozilla.org/en-US/docs/Web/HTTP/Status/403",2026-07-18T20:53:51.736046
liberation,bd6t51127144n,,failed,0,0,,http_manifest,known,403,manifest,"Client error '403 ' for url 'https://openapiproext.bnf.fr/iiif/presentation/v3/ark:/12148/bd6t51127144n/manifest.json'
For more information check: https://developer.mozilla.org/en-US/docs/Web/HTTP/Status/403",2026-07-18T20:53:52.932261
liberation,bd6t511271452,,failed,0,0,,http_manifest,known,403,manifest,"Client error '403 ' for url 'https://openapiproext.bnf.fr/iiif/presentation/v3/ark:/12148/bd6t511271452/manifest.json'
For more information check: https://developer.mozilla.org/en-US/docs/Web/HTTP/Status/403",2026-07-18T20:53:54.165103
liberation,bd6t51127146g,,failed,0,0,,http_manifest,known,403,manifest,"Client error '403 ' for url 'https://openapiproext.bnf.fr/iiif/presentation/v3/ark:/12148/bd6t51127146g/manifest.json'
For more information check: https://developer.mozilla.org/en-US/docs/Web/HTTP/Status/403",2026-07-18T20:53:55.339178
liberation,bd6t51127147w,,failed,0,0,,http_manifest,known,403,manifest,"Client error '403 ' for url 'https://openapiproext.bnf.fr/iiif/presentation/v3/ark:/12148/bd6t51127147w/manifest.json'
For more information check: https://developer.mozilla.org/en-US/docs/Web/HTTP/Status/403",2026-07-18T20:53:56.539717
liberation,bd6t511271489,,failed,0,0,,http_manifest,known,403,manifest,"Client error '403 ' for url 'https://openapiproext.bnf.fr/iiif/presentation/v3/ark:/12148/bd6t511271489/manifest.json'
For more information check: https://developer.mozilla.org/en-US/docs/Web/HTTP/Status/403",2026-07-18T20:53:57.738213
liberation,bd6t51127149q,,failed,0,0,,http_manifest,known,403,manifest,"Client error '403 ' for url 'https://openapiproext.bnf.fr/iiif/presentation/v3/ark:/12148/bd6t51127149q/manifest.json'
For more information check: https://developer.mozilla.org/en-US/docs/Web/HTTP/Status/403",2026-07-18T20:53:58.936868
liberation,bd6t51127150c,,failed,0,0,,http_manifest,known,403,manifest,"Client error '403 ' for url 'https://openapiproext.bnf.fr/iiif/presentation/v3/ark:/12148/bd6t51127150c/manifest.json'
For more information check: https://developer.mozilla.org/en-US/docs/Web/HTTP/Status/403",2026-07-18T20:54:00.142916
liberation,bd6t51127151s,,failed,0,0,,http_manifest,known,403,manifest,"Client error '403 ' for url 'https://openapiproext.bnf.fr/iiif/presentation/v3/ark:/12148/bd6t51127151s/manifest.json'
For more information check: https://developer.mozilla.org/en-US/docs/Web/HTTP/Status/403",2026-07-18T20:54:01.355022
liberation,bd6t511271526,,failed,0,0,,http_manifest,known,403,manifest,"Client error '403 ' for url 'https://openapiproext.bnf.fr/iiif/presentation/v3/ark:/12148/bd6t511271526/manifest.json'
For more information check: https://developer.mozilla.org/en-US/docs/Web/HTTP/Status/403",2026-07-18T20:54:02.544993
liberation,bd6t51127153m,,failed,0,0,,http_manifest,known,403,manifest,"Client error '403 ' for url 'https://openapiproext.bnf.fr/iiif/presentation/v3/ark:/12148/bd6t51127153m/manifest.json'
For more information check: https://developer.mozilla.org/en-US/docs/Web/HTTP/Status/403",2026-07-18T20:54:03.743594
liberation,bd6t511271541,,failed,0,0,,http_manifest,known,403,manifest,"Client error '403 ' for url 'https://openapiproext.bnf.fr/iiif/presentation/v3/ark:/12148/bd6t511271541/manifest.json'
For more information check: https://developer.mozilla.org/en-US/docs/Web/HTTP/Status/403",2026-07-18T20:54:04.944731
liberation,bd6t51127155f,,failed,0,0,,http_manifest,known,403,manifest,"Client error '403 ' for url 'https://openapiproext.bnf.fr/iiif/presentation/v3/ark:/12148/bd6t51127155f/manifest.json'
For more information check: https://developer.mozilla.org/en-US/docs/Web/HTTP/Status/403",2026-07-18T20:54:06.144318
liberation,bd6t51127156v,,failed,0,0,,http_manifest,known,403,manifest,"Client error '403 ' for url 'https://openapiproext.bnf.fr/iiif/presentation/v3/ark:/12148/bd6t51127156v/manifest.json'
For more information check: https://developer.mozilla.org/en-US/docs/Web/HTTP/Status/403",2026-07-18T20:54:07.557586
liberation,bd6t511271578,,failed,0,0,,http_manifest,known,403,manifest,"Client error '403 ' for url 'https://openapiproext.bnf.fr/iiif/presentation/v3/ark:/12148/bd6t511271578/manifest.json'
For more information check: https://developer.mozilla.org/en-US/docs/Web/HTTP/Status/403",2026-07-18T20:54:08.706381
liberation,bd6t51127158p,,failed,0,0,,http_manifest,known,403,manifest,"Client error '403 ' for url 'https://openapiproext.bnf.fr/iiif/presentation/v3/ark:/12148/bd6t51127158p/manifest.json'
For more information check: https://developer.mozilla.org/en-US/docs/Web/HTTP/Status/403",2026-07-18T20:54:09.917615
liberation,bd6t511271593,,failed,0,0,,http_manifest,known,403,manifest,"Client error '403 ' for url 'https://openapiproext.bnf.fr/iiif/presentation/v3/ark:/12148/bd6t511271593/manifest.json'
For more information check: https://developer.mozilla.org/en-US/docs/Web/HTTP/Status/403",2026-07-18T20:54:11.000393
liberation,bd6t51127160r,,failed,0,0,,http_manifest,known,403,manifest,"Client error '403 ' for url 'https://openapiproext.bnf.fr/iiif/presentation/v3/ark:/12148/bd6t51127160r/manifest.json'
For more information check: https://developer.mozilla.org/en-US/docs/Web/HTTP/Status/403",2026-07-18T20:54:12.150882
liberation,bd6t511271615,,failed,0,0,,http_manifest,known,403,manifest,"Client error '403 ' for url 'https://openapiproext.bnf.fr/iiif/presentation/v3/ark:/12148/bd6t511271615/manifest.json'
For more information check: https://developer.mozilla.org/en-US/docs/Web/HTTP/Status/403",2026-07-18T20:54:13.577287
liberation,bd6t51127162k,,failed,0,0,,http_manifest,known,403,manifest,"Client error '403 ' for url 'https://openapiproext.bnf.fr/iiif/presentation/v3/ark:/12148/bd6t51127162k/manifest.json'
For more information check: https://developer.mozilla.org/en-US/docs/Web/HTTP/Status/403",2026-07-18T20:54:14.628589
liberation,bd6t511271630,,failed,0,0,,http_manifest,known,403,manifest,"Client error '403 ' for url 'https://openapiproext.bnf.fr/iiif/presentation/v3/ark:/12148/bd6t511271630/manifest.json'
For more information check: https://developer.mozilla.org/en-US/docs/Web/HTTP/Status/403",2026-07-18T20:54:15.998897
liberation,bd6t51127164d,,failed,0,0,,http_manifest,known,403,manifest,"Client error '403 ' for url 'https://openapiproext.bnf.fr/iiif/presentation/v3/ark:/12148/bd6t51127164d/manifest.json'
For more information check: https://developer.mozilla.org/en-US/docs/Web/HTTP/Status/403",2026-07-18T20:54:16.959356
liberation,bd6t51127165t,,failed,0,0,,http_manifest,known,403,manifest,"Client error '403 ' for url 'https://openapiproext.bnf.fr/iiif/presentation/v3/ark:/12148/bd6t51127165t/manifest.json'
For more information check: https://developer.mozilla.org/en-US/docs/Web/HTTP/Status/403",2026-07-18T20:54:18.174298
liberation,bd6t511271667,,failed,0,0,,http_manifest,known,403,manifest,"Client error '403 ' for url 'https://openapiproext.bnf.fr/iiif/presentation/v3/ark:/12148/bd6t511271667/manifest.json'
For more information check: https://developer.mozilla.org/en-US/docs/Web/HTTP/Status/403",2026-07-18T20:54:19.384331
liberation,bd6t51127167n,,failed,0,0,,http_manifest,known,403,manifest,"Client error '403 ' for url 'https://openapiproext.bnf.fr/iiif/presentation/v3/ark:/12148/bd6t51127167n/manifest.json'
For more information check: https://developer.mozilla.org/en-US/docs/Web/HTTP/Status/403",2026-07-18T20:54:20.706077
liberation,bd6t511271682,,failed,0,0,,http_manifest,known,403,manifest,"Client error '403 ' for url 'https://openapiproext.bnf.fr/iiif/presentation/v3/ark:/12148/bd6t511271682/manifest.json'
For more information check: https://developer.mozilla.org/en-US/docs/Web/HTTP/Status/403",2026-07-18T20:54:21.772607
liberation,bd6t51127169g,,failed,0,0,,http_manifest,known,403,manifest,"Client error '403 ' for url 'https://openapiproext.bnf.fr/iiif/presentation/v3/ark:/12148/bd6t51127169g/manifest.json'
For more information check: https://developer.mozilla.org/en-US/docs/Web/HTTP/Status/403",2026-07-18T20:54:23.015301
liberation,bd6t511271704,,failed,0,0,,http_manifest,known,403,manifest,"Client error '403 ' for url 'https://openapiproext.bnf.fr/iiif/presentation/v3/ark:/12148/bd6t511271704/manifest.json'
For more information check: https://developer.mozilla.org/en-US/docs/Web/HTTP/Status/403",2026-07-18T20:54:24.345558
liberation,bd6t51127171j,,failed,0,0,,http_manifest,known,403,manifest,"Client error '403 ' for url 'https://openapiproext.bnf.fr/iiif/presentation/v3/ark:/12148/bd6t51127171j/manifest.json'
For more information check: https://developer.mozilla.org/en-US/docs/Web/HTTP/Status/403",2026-07-18T20:54:25.551223
liberation,bd6t51127172z,,failed,0,0,,http_manifest,known,403,manifest,"Client error '403 ' for url 'https://openapiproext.bnf.fr/iiif/presentation/v3/ark:/12148/bd6t51127172z/manifest.json'
For more information check: https://developer.mozilla.org/en-US/docs/Web/HTTP/Status/403",2026-07-18T20:54:26.587632
liberation,bd6t51127173c,,failed,0,0,,http_manifest,known,403,manifest,"Client error '403 ' for url 'https://openapiproext.bnf.fr/iiif/presentation/v3/ark:/12148/bd6t51127173c/manifest.json'
For more information check: https://developer.mozilla.org/en-US/docs/Web/HTTP/Status/403",2026-07-18T20:54:27.768011
liberation,bd6t51127174s,,failed,0,0,,http_manifest,known,403,manifest,"Client error '403 ' for url 'https://openapiproext.bnf.fr/iiif/presentation/v3/ark:/12148/bd6t51127174s/manifest.json'
For more information check: https://developer.mozilla.org/en-US/docs/Web/HTTP/Status/403",2026-07-18T20:54:28.969957
liberation,bd6t511271756,,failed,0,0,,http_manifest,known,403,manifest,"Client error '403 ' for url 'https://openapiproext.bnf.fr/iiif/presentation/v3/ark:/12148/bd6t511271756/manifest.json'
For more information check: https://developer.mozilla.org/en-US/docs/Web/HTTP/Status/403",2026-07-18T20:54:30.171383
liberation,bd6t51127176m,,failed,0,0,,http_manifest,known,403,manifest,"Client error '403 ' for url 'https://openapiproext.bnf.fr/iiif/presentation/v3/ark:/12148/bd6t51127176m/manifest.json'
For more information check: https://developer.mozilla.org/en-US/docs/Web/HTTP/Status/403",2026-07-18T20:54:31.384392
liberation,bd6t511271771,,failed,0,0,,http_manifest,known,403,manifest,"Client error '403 ' for url 'https://openapiproext.bnf.fr/iiif/presentation/v3/ark:/12148/bd6t511271771/manifest.json'
For more information check: https://developer.mozilla.org/en-US/docs/Web/HTTP/Status/403",2026-07-18T20:54:32.574746
liberation,bd6t51127178f,,failed,0,0,,http_manifest,known,403,manifest,"Client error '403 ' for url 'https://openapiproext.bnf.fr/iiif/presentation/v3/ark:/12148/bd6t51127178f/manifest.json'
For more information check: https://developer.mozilla.org/en-US/docs/Web/HTTP/Status/403",2026-07-18T20:54:33.772810
liberation,bd6t51127179v,,failed,0,0,,http_manifest,known,403,manifest,"Client error '403 ' for url 'https://openapiproext.bnf.fr/iiif/presentation/v3/ark:/12148/bd6t51127179v/manifest.json'
For more information check: https://developer.mozilla.org/en-US/docs/Web/HTTP/Status/403",2026-07-18T20:54:34.975364
liberation,bd6t51127180h,,failed,0,0,,http_manifest,known,403,manifest,"Client error '403 ' for url 'https://openapiproext.bnf.fr/iiif/presentation/v3/ark:/12148/bd6t51127180h/manifest.json'
For more information check: https://developer.mozilla.org/en-US/docs/Web/HTTP/Status/403",2026-07-18T20:54:36.179777
liberation,bd6t51127181x,,failed,0,0,,http_manifest,known,403,manifest,"Client error '403 ' for url 'https://openapiproext.bnf.fr/iiif/presentation/v3/ark:/12148/bd6t51127181x/manifest.json'
For more information check: https://developer.mozilla.org/en-US/docs/Web/HTTP/Status/403",2026-07-18T20:54:37.401559
liberation,bd6t51127182b,,failed,0,0,,http_manifest,known,403,manifest,"Client error '403 ' for url 'https://openapiproext.bnf.fr/iiif/presentation/v3/ark:/12148/bd6t51127182b/manifest.json'
For more information check: https://developer.mozilla.org/en-US/docs/Web/HTTP/Status/403",2026-07-18T20:54:38.579737
liberation,bd6t51127183r,,failed,0,0,,http_manifest,known,403,manifest,"Client error '403 ' for url 'https://openapiproext.bnf.fr/iiif/presentation/v3/ark:/12148/bd6t51127183r/manifest.json'
For more information check: https://developer.mozilla.org/en-US/docs/Web/HTTP/Status/403",2026-07-18T20:54:39.784012
liberation,bd6t511271845,,failed,0,0,,http_manifest,known,403,manifest,"Client error '403 ' for url 'https://openapiproext.bnf.fr/iiif/presentation/v3/ark:/12148/bd6t511271845/manifest.json'
For more information check: https://developer.mozilla.org/en-US/docs/Web/HTTP/Status/403",2026-07-18T20:54:40.979288
liberation,bd6t51127185k,,failed,0,0,,http_manifest,known,403,manifest,"Client error '403 ' for url 'https://openapiproext.bnf.fr/iiif/presentation/v3/ark:/12148/bd6t51127185k/manifest.json'
For more information check: https://developer.mozilla.org/en-US/docs/Web/HTTP/Status/403",2026-07-18T20:54:42.179158
liberation,bd6t511271860,,failed,0,0,,http_manifest,known,403,manifest,"Client error '403 ' for url 'https://openapiproext.bnf.fr/iiif/presentation/v3/ark:/12148/bd6t511271860/manifest.json'
For more information check: https://developer.mozilla.org/en-US/docs/Web/HTTP/Status/403",2026-07-18T20:54:43.385372
liberation,bd6t51127187d,,failed,0,0,,http_manifest,known,403,manifest,"Client error '403 ' for url 'https://openapiproext.bnf.fr/iiif/presentation/v3/ark:/12148/bd6t51127187d/manifest.json'
For more information check: https://developer.mozilla.org/en-US/docs/Web/HTTP/Status/403",2026-07-18T20:54:44.582368
liberation,bd6t51127188t,,failed,0,0,,http_manifest,known,403,manifest,"Client error '403 ' for url 'https://openapiproext.bnf.fr/iiif/presentation/v3/ark:/12148/bd6t51127188t/manifest.json'
For more information check: https://developer.mozilla.org/en-US/docs/Web/HTTP/Status/403",2026-07-18T20:54:45.785849
liberation,bd6t511271897,,failed,0,0,,http_manifest,known,403,manifest,"Client error '403 ' for url 'https://openapiproext.bnf.fr/iiif/presentation/v3/ark:/12148/bd6t511271897/manifest.json'
For more information check: https://developer.mozilla.org/en-US/docs/Web/HTTP/Status/403",2026-07-18T20:54:46.984998
liberation,bd6t51127190w,,failed,0,0,,http_manifest,known,403,manifest,"Client error '403 ' for url 'https://openapiproext.bnf.fr/iiif/presentation/v3/ark:/12148/bd6t51127190w/manifest.json'
For more information check: https://developer.mozilla.org/en-US/docs/Web/HTTP/Status/403",2026-07-18T20:54:48.188071
liberation,bd6t511271919,,failed,0,0,,http_manifest,known,403,manifest,"Client error '403 ' for url 'https://openapiproext.bnf.fr/iiif/presentation/v3/ark:/12148/bd6t511271919/manifest.json'
For more information check: https://developer.mozilla.org/en-US/docs/Web/HTTP/Status/403",2026-07-18T20:54:49.416010
liberation,bd6t51127192q,,failed,0,0,,http_manifest,known,403,manifest,"Client error '403 ' for url 'https://openapiproext.bnf.fr/iiif/presentation/v3/ark:/12148/bd6t51127192q/manifest.json'
For more information check: https://developer.mozilla.org/en-US/docs/Web/HTTP/Status/403",2026-07-18T20:54:50.604134
liberation,bd6t511271934,,failed,0,0,,http_manifest,known,403,manifest,"Client error '403 ' for url 'https://openapiproext.bnf.fr/iiif/presentation/v3/ark:/12148/bd6t511271934/manifest.json'
For more information check: https://developer.mozilla.org/en-US/docs/Web/HTTP/Status/403",2026-07-18T20:54:51.797078
liberation,bd6t51127194j,,failed,0,0,,http_manifest,known,403,manifest,"Client error '403 ' for url 'https://openapiproext.bnf.fr/iiif/presentation/v3/ark:/12148/bd6t51127194j/manifest.json'
For more information check: https://developer.mozilla.org/en-US/docs/Web/HTTP/Status/403",2026-07-18T20:54:52.991977
liberation,bd6t51127195z,,failed,0,0,,http_manifest,known,403,manifest,"Client error '403 ' for url 'https://openapiproext.bnf.fr/iiif/presentation/v3/ark:/12148/bd6t51127195z/manifest.json'
For more information check: https://developer.mozilla.org/en-US/docs/Web/HTTP/Status/403",2026-07-18T20:54:54.194495
liberation,bd6t51127196c,,failed,0,0,,http_manifest,known,403,manifest,"Client error '403 ' for url 'https://openapiproext.bnf.fr/iiif/presentation/v3/ark:/12148/bd6t51127196c/manifest.json'
For more information check: https://developer.mozilla.org/en-US/docs/Web/HTTP/Status/403",2026-07-18T20:54:55.396017
liberation,bd6t51127197s,,failed,0,0,,http_manifest,known,403,manifest,"Client error '403 ' for url 'https://openapiproext.bnf.fr/iiif/presentation/v3/ark:/12148/bd6t51127197s/manifest.json'
For more information check: https://developer.mozilla.org/en-US/docs/Web/HTTP/Status/403",2026-07-18T20:54:56.630244
liberation,bd6t511271986,,failed,0,0,,http_manifest,known,403,manifest,"Client error '403 ' for url 'https://openapiproext.bnf.fr/iiif/presentation/v3/ark:/12148/bd6t511271986/manifest.json'
For more information check: https://developer.mozilla.org/en-US/docs/Web/HTTP/Status/403",2026-07-18T20:54:57.805927
liberation,bd6t51127199m,,failed,0,0,,http_manifest,known,403,manifest,"Client error '403 ' for url 'https://openapiproext.bnf.fr/iiif/presentation/v3/ark:/12148/bd6t51127199m/manifest.json'
For more information check: https://developer.mozilla.org/en-US/docs/Web/HTTP/Status/403",2026-07-18T20:54:58.998731
liberation,bd6t51127200t,,failed,0,0,,http_manifest,known,403,manifest,"Client error '403 ' for url 'https://openapiproext.bnf.fr/iiif/presentation/v3/ark:/12148/bd6t51127200t/manifest.json'
For more information check: https://developer.mozilla.org/en-US/docs/Web/HTTP/Status/403",2026-07-18T20:55:00.199338
liberation,bd6t511272017,,failed,0,0,,http_manifest,known,403,manifest,"Client error '403 ' for url 'https://openapiproext.bnf.fr/iiif/presentation/v3/ark:/12148/bd6t511272017/manifest.json'
For more information check: https://developer.mozilla.org/en-US/docs/Web/HTTP/Status/403",2026-07-18T20:55:01.405612
liberation,bd6t51127202n,,failed,0,0,,http_manifest,known,403,manifest,"Client error '403 ' for url 'https://openapiproext.bnf.fr/iiif/presentation/v3/ark:/12148/bd6t51127202n/manifest.json'
For more information check: https://developer.mozilla.org/en-US/docs/Web/HTTP/Status/403",2026-07-18T20:55:02.616384
liberation,bd6t511272032,,failed,0,0,,http_manifest,known,403,manifest,"Client error '403 ' for url 'https://openapiproext.bnf.fr/iiif/presentation/v3/ark:/12148/bd6t511272032/manifest.json'
For more information check: https://developer.mozilla.org/en-US/docs/Web/HTTP/Status/403",2026-07-18T20:55:03.801672
liberation,bd6t51127204g,,failed,0,0,,http_manifest,known,403,manifest,"Client error '403 ' for url 'https://openapiproext.bnf.fr/iiif/presentation/v3/ark:/12148/bd6t51127204g/manifest.json'
For more information check: https://developer.mozilla.org/en-US/docs/Web/HTTP/Status/403",2026-07-18T20:55:05.001817
liberation,bd6t51127205w,,failed,0,0,,http_manifest,known,403,manifest,"Client error '403 ' for url 'https://openapiproext.bnf.fr/iiif/presentation/v3/ark:/12148/bd6t51127205w/manifest.json'
For more information check: https://developer.mozilla.org/en-US/docs/Web/HTTP/Status/403",2026-07-18T20:55:06.204480
liberation,bd6t511272069,,failed,0,0,,http_manifest,known,403,manifest,"Client error '403 ' for url 'https://openapiproext.bnf.fr/iiif/presentation/v3/ark:/12148/bd6t511272069/manifest.json'
For more information check: https://developer.mozilla.org/en-US/docs/Web/HTTP/Status/403",2026-07-18T20:55:07.515597
liberation,bd6t51127207q,,failed,0,0,,http_manifest,known,403,manifest,"Client error '403 ' for url 'https://openapiproext.bnf.fr/iiif/presentation/v3/ark:/12148/bd6t51127207q/manifest.json'
For more information check: https://developer.mozilla.org/en-US/docs/Web/HTTP/Status/403",2026-07-18T20:55:08.747368
liberation,bd6t511272084,,failed,0,0,,http_manifest,known,403,manifest,"Client error '403 ' for url 'https://openapiproext.bnf.fr/iiif/presentation/v3/ark:/12148/bd6t511272084/manifest.json'
For more information check: https://developer.mozilla.org/en-US/docs/Web/HTTP/Status/403",2026-07-18T20:55:09.818348
liberation,bd6t51127209j,,failed,0,0,,http_manifest,known,403,manifest,"Client error '403 ' for url 'https://openapiproext.bnf.fr/iiif/presentation/v3/ark:/12148/bd6t51127209j/manifest.json'
For more information check: https://developer.mozilla.org/en-US/docs/Web/HTTP/Status/403",2026-07-18T20:55:11.073500
liberation,bd6t511272106,,failed,0,0,,http_manifest,known,403,manifest,"Client error '403 ' for url 'https://openapiproext.bnf.fr/iiif/presentation/v3/ark:/12148/bd6t511272106/manifest.json'
For more information check: https://developer.mozilla.org/en-US/docs/Web/HTTP/Status/403",2026-07-18T20:55:12.212010
liberation,bd6t51127211m,,failed,0,0,,http_manifest,known,403,manifest,"Client error '403 ' for url 'https://openapiproext.bnf.fr/iiif/presentation/v3/ark:/12148/bd6t51127211m/manifest.json'
For more information check: https://developer.mozilla.org/en-US/docs/Web/HTTP/Status/403",2026-07-18T20:55:13.503180
liberation,bd6t511272121,,failed,0,0,,http_manifest,known,403,manifest,"Client error '403 ' for url 'https://openapiproext.bnf.fr/iiif/presentation/v3/ark:/12148/bd6t511272121/manifest.json'
For more information check: https://developer.mozilla.org/en-US/docs/Web/HTTP/Status/403",2026-07-18T20:55:14.757064
liberation,bd6t51127213f,,failed,0,0,,http_manifest,known,403,manifest,"Client error '403 ' for url 'https://openapiproext.bnf.fr/iiif/presentation/v3/ark:/12148/bd6t51127213f/manifest.json'
For more information check: https://developer.mozilla.org/en-US/docs/Web/HTTP/Status/403",2026-07-18T20:55:15.822508
liberation,bd6t51127214v,,failed,0,0,,http_manifest,known,403,manifest,"Client error '403 ' for url 'https://openapiproext.bnf.fr/iiif/presentation/v3/ark:/12148/bd6t51127214v/manifest.json'
For more information check: https://developer.mozilla.org/en-US/docs/Web/HTTP/Status/403",2026-07-18T20:55:17.018306
liberation,bd6t511272158,,failed,0,0,,http_manifest,known,403,manifest,"Client error '403 ' for url 'https://openapiproext.bnf.fr/iiif/presentation/v3/ark:/12148/bd6t511272158/manifest.json'
For more information check: https://developer.mozilla.org/en-US/docs/Web/HTTP/Status/403",2026-07-18T20:55:18.220346
liberation,bd6t51127216p,,failed,0,0,,http_manifest,known,403,manifest,"Client error '403 ' for url 'https://openapiproext.bnf.fr/iiif/presentation/v3/ark:/12148/bd6t51127216p/manifest.json'
For more information check: https://developer.mozilla.org/en-US/docs/Web/HTTP/Status/403",2026-07-18T20:55:19.427708
liberation,bd6t511272173,,failed,0,0,,http_manifest,known,403,manifest,"Client error '403 ' for url 'https://openapiproext.bnf.fr/iiif/presentation/v3/ark:/12148/bd6t511272173/manifest.json'
For more information check: https://developer.mozilla.org/en-US/docs/Web/HTTP/Status/403",2026-07-18T20:55:20.639400
liberation,bd6t51127218h,,failed,0,0,,http_manifest,known,403,manifest,"Client error '403 ' for url 'https://openapiproext.bnf.fr/iiif/presentation/v3/ark:/12148/bd6t51127218h/manifest.json'
For more information check: https://developer.mozilla.org/en-US/docs/Web/HTTP/Status/403",2026-07-18T20:55:22.039054
liberation,bd6t51127219x,,failed,0,0,,http_manifest,known,403,manifest,"Client error '403 ' for url 'https://openapiproext.bnf.fr/iiif/presentation/v3/ark:/12148/bd6t51127219x/manifest.json'
For more information check: https://developer.mozilla.org/en-US/docs/Web/HTTP/Status/403",2026-07-18T20:55:23.274567
liberation,bd6t51127220k,,failed,0,0,,http_manifest,known,403,manifest,"Client error '403 ' for url 'https://openapiproext.bnf.fr/iiif/presentation/v3/ark:/12148/bd6t51127220k/manifest.json'
For more information check: https://developer.mozilla.org/en-US/docs/Web/HTTP/Status/403",2026-07-18T20:55:24.305134
liberation,bd6t511272210,,failed,0,0,,http_manifest,known,403,manifest,"Client error '403 ' for url 'https://openapiproext.bnf.fr/iiif/presentation/v3/ark:/12148/bd6t511272210/manifest.json'
For more information check: https://developer.mozilla.org/en-US/docs/Web/HTTP/Status/403",2026-07-18T20:55:25.426247
liberation,bd6t51127222d,,failed,0,0,,http_manifest,known,403,manifest,"Client error '403 ' for url 'https://openapiproext.bnf.fr/iiif/presentation/v3/ark:/12148/bd6t51127222d/manifest.json'
For more information check: https://developer.mozilla.org/en-US/docs/Web/HTTP/Status/403",2026-07-18T20:55:26.630129
liberation,bd6t51127223t,,failed,0,0,,http_manifest,known,403,manifest,"Client error '403 ' for url 'https://openapiproext.bnf.fr/iiif/presentation/v3/ark:/12148/bd6t51127223t/manifest.json'
For more information check: https://developer.mozilla.org/en-US/docs/Web/HTTP/Status/403",2026-07-18T20:55:27.832005
liberation,bd6t511272247,,failed,0,0,,http_manifest,known,403,manifest,"Client error '403 ' for url 'https://openapiproext.bnf.fr/iiif/presentation/v3/ark:/12148/bd6t511272247/manifest.json'
For more information check: https://developer.mozilla.org/en-US/docs/Web/HTTP/Status/403",2026-07-18T20:55:29.031982
liberation,bd6t51127225n,,failed,0,0,,http_manifest,known,403,manifest,"Client error '403 ' for url 'https://openapiproext.bnf.fr/iiif/presentation/v3/ark:/12148/bd6t51127225n/manifest.json'
For more information check: https://developer.mozilla.org/en-US/docs/Web/HTTP/Status/403",2026-07-18T20:55:30.238850
liberation,bd6t511272262,,failed,0,0,,http_manifest,known,403,manifest,"Client error '403 ' for url 'https://openapiproext.bnf.fr/iiif/presentation/v3/ark:/12148/bd6t511272262/manifest.json'
For more information check: https://developer.mozilla.org/en-US/docs/Web/HTTP/Status/403",2026-07-18T20:55:31.433029
liberation,bd6t51127227g,,failed,0,0,,http_manifest,known,403,manifest,"Client error '403 ' for url 'https://openapiproext.bnf.fr/iiif/presentation/v3/ark:/12148/bd6t51127227g/manifest.json'
For more information check: https://developer.mozilla.org/en-US/docs/Web/HTTP/Status/403",2026-07-18T20:55:32.647024
liberation,bd6t51127228w,,failed,0,0,,http_manifest,known,403,manifest,"Client error '403 ' for url 'https://openapiproext.bnf.fr/iiif/presentation/v3/ark:/12148/bd6t51127228w/manifest.json'
For more information check: https://developer.mozilla.org/en-US/docs/Web/HTTP/Status/403",2026-07-18T20:55:33.837269
liberation,bd6t511272299,,failed,0,0,,http_manifest,known,403,manifest,"Client error '403 ' for url 'https://openapiproext.bnf.fr/iiif/presentation/v3/ark:/12148/bd6t511272299/manifest.json'
For more information check: https://developer.mozilla.org/en-US/docs/Web/HTTP/Status/403",2026-07-18T20:55:35.037619
liberation,bd6t51127230z,,failed,0,0,,http_manifest,known,403,manifest,"Client error '403 ' for url 'https://openapiproext.bnf.fr/iiif/presentation/v3/ark:/12148/bd6t51127230z/manifest.json'
For more information check: https://developer.mozilla.org/en-US/docs/Web/HTTP/Status/403",2026-07-18T20:55:36.240599
liberation,bd6t51127231c,,failed,0,0,,http_manifest,known,403,manifest,"Client error '403 ' for url 'https://openapiproext.bnf.fr/iiif/presentation/v3/ark:/12148/bd6t51127231c/manifest.json'
For more information check: https://developer.mozilla.org/en-US/docs/Web/HTTP/Status/403",2026-07-18T20:55:37.452336
liberation,bd6t51127232s,,failed,0,0,,http_manifest,known,403,manifest,"Client error '403 ' for url 'https://openapiproext.bnf.fr/iiif/presentation/v3/ark:/12148/bd6t51127232s/manifest.json'
For more information check: https://developer.mozilla.org/en-US/docs/Web/HTTP/Status/403",2026-07-18T20:55:38.640896
liberation,bd6t511272336,,failed,0,0,,http_manifest,known,403,manifest,"Client error '403 ' for url 'https://openapiproext.bnf.fr/iiif/presentation/v3/ark:/12148/bd6t511272336/manifest.json'
For more information check: https://developer.mozilla.org/en-US/docs/Web/HTTP/Status/403",2026-07-18T20:55:39.842190
liberation,bd6t51127234m,,failed,0,0,,http_manifest,known,403,manifest,"Client error '403 ' for url 'https://openapiproext.bnf.fr/iiif/presentation/v3/ark:/12148/bd6t51127234m/manifest.json'
For more information check: https://developer.mozilla.org/en-US/docs/Web/HTTP/Status/403",2026-07-18T20:55:41.047669
liberation,bd6t511272351,,failed,0,0,,http_manifest,known,403,manifest,"Client error '403 ' for url 'https://openapiproext.bnf.fr/iiif/presentation/v3/ark:/12148/bd6t511272351/manifest.json'
For more information check: https://developer.mozilla.org/en-US/docs/Web/HTTP/Status/403",2026-07-18T20:55:42.242864
liberation,bd6t51127236f,,failed,0,0,,http_manifest,known,403,manifest,"Client error '403 ' for url 'https://openapiproext.bnf.fr/iiif/presentation/v3/ark:/12148/bd6t51127236f/manifest.json'
For more information check: https://developer.mozilla.org/en-US/docs/Web/HTTP/Status/403",2026-07-18T20:55:43.445019
liberation,bd6t51127237v,,failed,0,0,,http_manifest,known,403,manifest,"Client error '403 ' for url 'https://openapiproext.bnf.fr/iiif/presentation/v3/ark:/12148/bd6t51127237v/manifest.json'
For more information check: https://developer.mozilla.org/en-US/docs/Web/HTTP/Status/403",2026-07-18T20:55:44.660525
liberation,bd6t511272388,,failed,0,0,,http_manifest,known,403,manifest,"Client error '403 ' for url 'https://openapiproext.bnf.fr/iiif/presentation/v3/ark:/12148/bd6t511272388/manifest.json'
For more information check: https://developer.mozilla.org/en-US/docs/Web/HTTP/Status/403",2026-07-18T20:55:45.859523
liberation,bd6t511270308,,failed,0,0,,http_manifest,known,403,manifest,"Client error '403 ' for url 'https://openapiproext.bnf.fr/iiif/presentation/v3/ark:/12148/bd6t511270308/manifest.json'
For more information check: https://developer.mozilla.org/en-US/docs/Web/HTTP/Status/403",2026-07-18T20:55:47.052902
liberation,bd6t51127031p,,failed,0,0,,http_manifest,known,403,manifest,"Client error '403 ' for url 'https://openapiproext.bnf.fr/iiif/presentation/v3/ark:/12148/bd6t51127031p/manifest.json'
For more information check: https://developer.mozilla.org/en-US/docs/Web/HTTP/Status/403",2026-07-18T20:55:48.253061
liberation,bd6t511270323,,failed,0,0,,http_manifest,known,403,manifest,"Client error '403 ' for url 'https://openapiproext.bnf.fr/iiif/presentation/v3/ark:/12148/bd6t511270323/manifest.json'
For more information check: https://developer.mozilla.org/en-US/docs/Web/HTTP/Status/403",2026-07-18T20:55:49.452297
liberation,bd6t51127033h,,failed,0,0,,http_manifest,known,403,manifest,"Client error '403 ' for url 'https://openapiproext.bnf.fr/iiif/presentation/v3/ark:/12148/bd6t51127033h/manifest.json'
For more information check: https://developer.mozilla.org/en-US/docs/Web/HTTP/Status/403",2026-07-18T20:55:50.679518
liberation,bd6t51127034x,,failed,0,0,,http_manifest,known,403,manifest,"Client error '403 ' for url 'https://openapiproext.bnf.fr/iiif/presentation/v3/ark:/12148/bd6t51127034x/manifest.json'
For more information check: https://developer.mozilla.org/en-US/docs/Web/HTTP/Status/403",2026-07-18T20:55:51.852471
liberation,bd6t51127035b,,failed,0,0,,http_manifest,known,403,manifest,"Client error '403 ' for url 'https://openapiproext.bnf.fr/iiif/presentation/v3/ark:/12148/bd6t51127035b/manifest.json'
For more information check: https://developer.mozilla.org/en-US/docs/Web/HTTP/Status/403",2026-07-18T20:55:53.055480
liberation,bd6t51127036r,,failed,0,0,,http_manifest,known,403,manifest,"Client error '403 ' for url 'https://openapiproext.bnf.fr/iiif/presentation/v3/ark:/12148/bd6t51127036r/manifest.json'
For more information check: https://developer.mozilla.org/en-US/docs/Web/HTTP/Status/403",2026-07-18T20:55:54.256313
liberation,bd6t511270375,,failed,0,0,,http_manifest,known,403,manifest,"Client error '403 ' for url 'https://openapiproext.bnf.fr/iiif/presentation/v3/ark:/12148/bd6t511270375/manifest.json'
For more information check: https://developer.mozilla.org/en-US/docs/Web/HTTP/Status/403",2026-07-18T20:55:55.568714
liberation,bd6t51127038k,,failed,0,0,,http_manifest,known,403,manifest,"Client error '403 ' for url 'https://openapiproext.bnf.fr/iiif/presentation/v3/ark:/12148/bd6t51127038k/manifest.json'
For more information check: https://developer.mozilla.org/en-US/docs/Web/HTTP/Status/403",2026-07-18T20:55:56.660444
liberation,bd6t511270390,,failed,0,0,,http_manifest,known,403,manifest,"Client error '403 ' for url 'https://openapiproext.bnf.fr/iiif/presentation/v3/ark:/12148/bd6t511270390/manifest.json'
For more information check: https://developer.mozilla.org/en-US/docs/Web/HTTP/Status/403",2026-07-18T20:55:57.860802
liberation,bd6t51127040n,,failed,0,0,,http_manifest,known,403,manifest,"Client error '403 ' for url 'https://openapiproext.bnf.fr/iiif/presentation/v3/ark:/12148/bd6t51127040n/manifest.json'
For more information check: https://developer.mozilla.org/en-US/docs/Web/HTTP/Status/403",2026-07-18T20:55:59.061547
liberation,bd6t511270412,,failed,0,0,,http_manifest,known,403,manifest,"Client error '403 ' for url 'https://openapiproext.bnf.fr/iiif/presentation/v3/ark:/12148/bd6t511270412/manifest.json'
For more information check: https://developer.mozilla.org/en-US/docs/Web/HTTP/Status/403",2026-07-18T20:56:00.261324
liberation,bd6t51127042g,,failed,0,0,,http_manifest,known,403,manifest,"Client error '403 ' for url 'https://openapiproext.bnf.fr/iiif/presentation/v3/ark:/12148/bd6t51127042g/manifest.json'
For more information check: https://developer.mozilla.org/en-US/docs/Web/HTTP/Status/403",2026-07-18T20:56:01.462536
liberation,bd6t51127043w,,failed,0,0,,http_manifest,known,403,manifest,"Client error '403 ' for url 'https://openapiproext.bnf.fr/iiif/presentation/v3/ark:/12148/bd6t51127043w/manifest.json'
For more information check: https://developer.mozilla.org/en-US/docs/Web/HTTP/Status/403",2026-07-18T20:56:02.682406
liberation,bd6t511270449,,failed,0,0,,http_manifest,known,403,manifest,"Client error '403 ' for url 'https://openapiproext.bnf.fr/iiif/presentation/v3/ark:/12148/bd6t511270449/manifest.json'
For more information check: https://developer.mozilla.org/en-US/docs/Web/HTTP/Status/403",2026-07-18T20:56:03.867107
liberation,bd6t51127045q,,failed,0,0,,http_manifest,known,403,manifest,"Client error '403 ' for url 'https://openapiproext.bnf.fr/iiif/presentation/v3/ark:/12148/bd6t51127045q/manifest.json'
For more information check: https://developer.mozilla.org/en-US/docs/Web/HTTP/Status/403",2026-07-18T20:56:05.067807
liberation,bd6t511270464,,failed,0,0,,http_manifest,known,403,manifest,"Client error '403 ' for url 'https://openapiproext.bnf.fr/iiif/presentation/v3/ark:/12148/bd6t511270464/manifest.json'
For more information check: https://developer.mozilla.org/en-US/docs/Web/HTTP/Status/403",2026-07-18T20:56:06.275146
liberation,bd6t51127047j,,failed,0,0,,http_manifest,known,403,manifest,"Client error '403 ' for url 'https://openapiproext.bnf.fr/iiif/presentation/v3/ark:/12148/bd6t51127047j/manifest.json'
For more information check: https://developer.mozilla.org/en-US/docs/Web/HTTP/Status/403",2026-07-18T20:56:07.488073
liberation,bd6t51127048z,,failed,0,0,,http_manifest,known,403,manifest,"Client error '403 ' for url 'https://openapiproext.bnf.fr/iiif/presentation/v3/ark:/12148/bd6t51127048z/manifest.json'
For more information check: https://developer.mozilla.org/en-US/docs/Web/HTTP/Status/403",2026-07-18T20:56:08.922683
liberation,bd6t51127049c,,failed,0,0,,http_manifest,known,403,manifest,"Client error '403 ' for url 'https://openapiproext.bnf.fr/iiif/presentation/v3/ark:/12148/bd6t51127049c/manifest.json'
For more information check: https://developer.mozilla.org/en-US/docs/Web/HTTP/Status/403",2026-07-18T20:56:09.876091
liberation,bd6t511270501,,failed,0,0,,http_manifest,known,403,manifest,"Client error '403 ' for url 'https://openapiproext.bnf.fr/iiif/presentation/v3/ark:/12148/bd6t511270501/manifest.json'
For more information check: https://developer.mozilla.org/en-US/docs/Web/HTTP/Status/403",2026-07-18T20:56:11.293016
liberation,bd6t51127051f,,failed,0,0,,http_manifest,known,403,manifest,"Client error '403 ' for url 'https://openapiproext.bnf.fr/iiif/presentation/v3/ark:/12148/bd6t51127051f/manifest.json'
For more information check: https://developer.mozilla.org/en-US/docs/Web/HTTP/Status/403",2026-07-18T20:56:12.285176
liberation,bd6t51127052v,,failed,0,0,,http_manifest,known,403,manifest,"Client error '403 ' for url 'https://openapiproext.bnf.fr/iiif/presentation/v3/ark:/12148/bd6t51127052v/manifest.json'
For more information check: https://developer.mozilla.org/en-US/docs/Web/HTTP/Status/403",2026-07-18T20:56:13.642352
liberation,bd6t511270538,,failed,0,0,,http_manifest,known,403,manifest,"Client error '403 ' for url 'https://openapiproext.bnf.fr/iiif/presentation/v3/ark:/12148/bd6t511270538/manifest.json'
For more information check: https://developer.mozilla.org/en-US/docs/Web/HTTP/Status/403",2026-07-18T20:56:14.682662
liberation,bd6t51127054p,,failed,0,0,,http_manifest,known,403,manifest,"Client error '403 ' for url 'https://openapiproext.bnf.fr/iiif/presentation/v3/ark:/12148/bd6t51127054p/manifest.json'
For more information check: https://developer.mozilla.org/en-US/docs/Web/HTTP/Status/403",2026-07-18T20:56:16.109576
liberation,bd6t511270553,,failed,0,0,,http_manifest,known,403,manifest,"Client error '403 ' for url 'https://openapiproext.bnf.fr/iiif/presentation/v3/ark:/12148/bd6t511270553/manifest.json'
For more information check: https://developer.mozilla.org/en-US/docs/Web/HTTP/Status/403",2026-07-18T20:56:17.174542
liberation,bd6t51127056h,,failed,0,0,,http_manifest,known,403,manifest,"Client error '403 ' for url 'https://openapiproext.bnf.fr/iiif/presentation/v3/ark:/12148/bd6t51127056h/manifest.json'
For more information check: https://developer.mozilla.org/en-US/docs/Web/HTTP/Status/403",2026-07-18T20:56:18.480620
liberation,bd6t51127057x,,failed,0,0,,http_manifest,known,403,manifest,"Client error '403 ' for url 'https://openapiproext.bnf.fr/iiif/presentation/v3/ark:/12148/bd6t51127057x/manifest.json'
For more information check: https://developer.mozilla.org/en-US/docs/Web/HTTP/Status/403",2026-07-18T20:56:19.650521
liberation,bd6t51127058b,,failed,0,0,,http_manifest,known,403,manifest,"Client error '403 ' for url 'https://openapiproext.bnf.fr/iiif/presentation/v3/ark:/12148/bd6t51127058b/manifest.json'
For more information check: https://developer.mozilla.org/en-US/docs/Web/HTTP/Status/403",2026-07-18T20:56:20.788448
liberation,bd6t51127059r,,failed,0,0,,http_manifest,known,403,manifest,"Client error '403 ' for url 'https://openapiproext.bnf.fr/iiif/presentation/v3/ark:/12148/bd6t51127059r/manifest.json'
For more information check: https://developer.mozilla.org/en-US/docs/Web/HTTP/Status/403",2026-07-18T20:56:22.067995
liberation,bd6t51127060d,,failed,0,0,,http_manifest,known,403,manifest,"Client error '403 ' for url 'https://openapiproext.bnf.fr/iiif/presentation/v3/ark:/12148/bd6t51127060d/manifest.json'
For more information check: https://developer.mozilla.org/en-US/docs/Web/HTTP/Status/403",2026-07-18T20:56:23.368626
liberation,bd6t51127061t,,failed,0,0,,http_manifest,known,403,manifest,"Client error '403 ' for url 'https://openapiproext.bnf.fr/iiif/presentation/v3/ark:/12148/bd6t51127061t/manifest.json'
For more information check: https://developer.mozilla.org/en-US/docs/Web/HTTP/Status/403",2026-07-18T20:56:24.443233
liberation,bd6t511270627,,failed,0,0,,http_manifest,known,403,manifest,"Client error '403 ' for url 'https://openapiproext.bnf.fr/iiif/presentation/v3/ark:/12148/bd6t511270627/manifest.json'
For more information check: https://developer.mozilla.org/en-US/docs/Web/HTTP/Status/403",2026-07-18T20:56:25.495864
liberation,bd6t51127063n,,failed,0,0,,http_manifest,known,403,manifest,"Client error '403 ' for url 'https://openapiproext.bnf.fr/iiif/presentation/v3/ark:/12148/bd6t51127063n/manifest.json'
For more information check: https://developer.mozilla.org/en-US/docs/Web/HTTP/Status/403",2026-07-18T20:56:26.843596
liberation,bd6t511270642,,failed,0,0,,http_manifest,known,403,manifest,"Client error '403 ' for url 'https://openapiproext.bnf.fr/iiif/presentation/v3/ark:/12148/bd6t511270642/manifest.json'
For more information check: https://developer.mozilla.org/en-US/docs/Web/HTTP/Status/403",2026-07-18T20:56:27.897435
liberation,bd6t51127065g,,failed,0,0,,http_manifest,known,403,manifest,"Client error '403 ' for url 'https://openapiproext.bnf.fr/iiif/presentation/v3/ark:/12148/bd6t51127065g/manifest.json'
For more information check: https://developer.mozilla.org/en-US/docs/Web/HTTP/Status/403",2026-07-18T20:56:29.094249
liberation,bd6t51127066w,,failed,0,0,,http_manifest,known,403,manifest,"Client error '403 ' for url 'https://openapiproext.bnf.fr/iiif/presentation/v3/ark:/12148/bd6t51127066w/manifest.json'
For more information check: https://developer.mozilla.org/en-US/docs/Web/HTTP/Status/403",2026-07-18T20:56:30.302496
liberation,bd6t511270679,,failed,0,0,,http_manifest,known,403,manifest,"Client error '403 ' for url 'https://openapiproext.bnf.fr/iiif/presentation/v3/ark:/12148/bd6t511270679/manifest.json'
For more information check: https://developer.mozilla.org/en-US/docs/Web/HTTP/Status/403",2026-07-18T20:56:31.497957
liberation,bd6t51127068q,,failed,0,0,,http_manifest,known,403,manifest,"Client error '403 ' for url 'https://openapiproext.bnf.fr/iiif/presentation/v3/ark:/12148/bd6t51127068q/manifest.json'
For more information check: https://developer.mozilla.org/en-US/docs/Web/HTTP/Status/403",2026-07-18T20:56:32.711645
liberation,bd6t511270694,,failed,0,0,,http_manifest,known,403,manifest,"Client error '403 ' for url 'https://openapiproext.bnf.fr/iiif/presentation/v3/ark:/12148/bd6t511270694/manifest.json'
For more information check: https://developer.mozilla.org/en-US/docs/Web/HTTP/Status/403",2026-07-18T20:56:33.899375
liberation,bd6t51127070s,,failed,0,0,,http_manifest,known,403,manifest,"Client error '403 ' for url 'https://openapiproext.bnf.fr/iiif/presentation/v3/ark:/12148/bd6t51127070s/manifest.json'
For more information check: https://developer.mozilla.org/en-US/docs/Web/HTTP/Status/403",2026-07-18T20:56:35.101368
liberation,bd6t511270716,,failed,0,0,,http_manifest,known,403,manifest,"Client error '403 ' for url 'https://openapiproext.bnf.fr/iiif/presentation/v3/ark:/12148/bd6t511270716/manifest.json'
For more information check: https://developer.mozilla.org/en-US/docs/Web/HTTP/Status/403",2026-07-18T20:56:36.307966
liberation,bd6t51127072m,,failed,0,0,,http_manifest,known,403,manifest,"Client error '403 ' for url 'https://openapiproext.bnf.fr/iiif/presentation/v3/ark:/12148/bd6t51127072m/manifest.json'
For more information check: https://developer.mozilla.org/en-US/docs/Web/HTTP/Status/403",2026-07-18T20:56:37.506844
liberation,bd6t511270731,,failed,0,0,,http_manifest,known,403,manifest,"Client error '403 ' for url 'https://openapiproext.bnf.fr/iiif/presentation/v3/ark:/12148/bd6t511270731/manifest.json'
For more information check: https://developer.mozilla.org/en-US/docs/Web/HTTP/Status/403",2026-07-18T20:56:38.706634
liberation,bd6t51127074f,,failed,0,0,,http_manifest,known,403,manifest,"Client error '403 ' for url 'https://openapiproext.bnf.fr/iiif/presentation/v3/ark:/12148/bd6t51127074f/manifest.json'
For more information check: https://developer.mozilla.org/en-US/docs/Web/HTTP/Status/403",2026-07-18T20:56:39.906964
liberation,bd6t51127075v,,failed,0,0,,http_manifest,known,403,manifest,"Client error '403 ' for url 'https://openapiproext.bnf.fr/iiif/presentation/v3/ark:/12148/bd6t51127075v/manifest.json'
For more information check: https://developer.mozilla.org/en-US/docs/Web/HTTP/Status/403",2026-07-18T20:56:41.107005
liberation,bd6t511270768,,failed,0,0,,http_manifest,known,403,manifest,"Client error '403 ' for url 'https://openapiproext.bnf.fr/iiif/presentation/v3/ark:/12148/bd6t511270768/manifest.json'
For more information check: https://developer.mozilla.org/en-US/docs/Web/HTTP/Status/403",2026-07-18T20:56:42.322383
liberation,bd6t51127077p,,failed,0,0,,http_manifest,known,403,manifest,"Client error '403 ' for url 'https://openapiproext.bnf.fr/iiif/presentation/v3/ark:/12148/bd6t51127077p/manifest.json'
For more information check: https://developer.mozilla.org/en-US/docs/Web/HTTP/Status/403",2026-07-18T20:56:43.508318
liberation,bd6t511270783,,failed,0,0,,http_manifest,known,403,manifest,"Client error '403 ' for url 'https://openapiproext.bnf.fr/iiif/presentation/v3/ark:/12148/bd6t511270783/manifest.json'
For more information check: https://developer.mozilla.org/en-US/docs/Web/HTTP/Status/403",2026-07-18T20:56:44.766021
liberation,bd6t51127079h,,failed,0,0,,http_manifest,known,403,manifest,"Client error '403 ' for url 'https://openapiproext.bnf.fr/iiif/presentation/v3/ark:/12148/bd6t51127079h/manifest.json'
For more information check: https://developer.mozilla.org/en-US/docs/Web/HTTP/Status/403",2026-07-18T20:56:45.912018
liberation,bd6t511270805,,failed,0,0,,http_manifest,known,403,manifest,"Client error '403 ' for url 'https://openapiproext.bnf.fr/iiif/presentation/v3/ark:/12148/bd6t511270805/manifest.json'
For more information check: https://developer.mozilla.org/en-US/docs/Web/HTTP/Status/403",2026-07-18T20:56:47.115938
liberation,bd6t51127081k,,failed,0,0,,http_manifest,known,403,manifest,"Client error '403 ' for url 'https://openapiproext.bnf.fr/iiif/presentation/v3/ark:/12148/bd6t51127081k/manifest.json'
For more information check: https://developer.mozilla.org/en-US/docs/Web/HTTP/Status/403",2026-07-18T20:56:48.318756
liberation,bd6t511270820,,failed,0,0,,http_manifest,known,403,manifest,"Client error '403 ' for url 'https://openapiproext.bnf.fr/iiif/presentation/v3/ark:/12148/bd6t511270820/manifest.json'
For more information check: https://developer.mozilla.org/en-US/docs/Web/HTTP/Status/403",2026-07-18T20:56:49.519007
liberation,bd6t51127083d,,failed,0,0,,http_manifest,known,403,manifest,"Client error '403 ' for url 'https://openapiproext.bnf.fr/iiif/presentation/v3/ark:/12148/bd6t51127083d/manifest.json'
For more information check: https://developer.mozilla.org/en-US/docs/Web/HTTP/Status/403",2026-07-18T20:56:50.734502
liberation,bd6t51127084t,,failed,0,0,,http_manifest,known,403,manifest,"Client error '403 ' for url 'https://openapiproext.bnf.fr/iiif/presentation/v3/ark:/12148/bd6t51127084t/manifest.json'
For more information check: https://developer.mozilla.org/en-US/docs/Web/HTTP/Status/403",2026-07-18T20:56:51.921601
liberation,bd6t511270857,,failed,0,0,,http_manifest,known,403,manifest,"Client error '403 ' for url 'https://openapiproext.bnf.fr/iiif/presentation/v3/ark:/12148/bd6t511270857/manifest.json'
For more information check: https://developer.mozilla.org/en-US/docs/Web/HTTP/Status/403",2026-07-18T20:56:53.125311
liberation,bd6t51127086n,,failed,0,0,,http_manifest,known,403,manifest,"Client error '403 ' for url 'https://openapiproext.bnf.fr/iiif/presentation/v3/ark:/12148/bd6t51127086n/manifest.json'
For more information check: https://developer.mozilla.org/en-US/docs/Web/HTTP/Status/403",2026-07-18T20:56:54.325745
liberation,bd6t511270872,,failed,0,0,,http_manifest,known,403,manifest,"Client error '403 ' for url 'https://openapiproext.bnf.fr/iiif/presentation/v3/ark:/12148/bd6t511270872/manifest.json'
For more information check: https://developer.mozilla.org/en-US/docs/Web/HTTP/Status/403",2026-07-18T20:56:55.526357
liberation,bd6t51127088g,,failed,0,0,,http_manifest,known,403,manifest,"Client error '403 ' for url 'https://openapiproext.bnf.fr/iiif/presentation/v3/ark:/12148/bd6t51127088g/manifest.json'
For more information check: https://developer.mozilla.org/en-US/docs/Web/HTTP/Status/403",2026-07-18T20:56:56.786735
liberation,bd6t51127089w,,failed,0,0,,http_manifest,known,403,manifest,"Client error '403 ' for url 'https://openapiproext.bnf.fr/iiif/presentation/v3/ark:/12148/bd6t51127089w/manifest.json'
For more information check: https://developer.mozilla.org/en-US/docs/Web/HTTP/Status/403",2026-07-18T20:56:57.933476
liberation,bd6t51127090j,,failed,0,0,,http_manifest,known,403,manifest,"Client error '403 ' for url 'https://openapiproext.bnf.fr/iiif/presentation/v3/ark:/12148/bd6t51127090j/manifest.json'
For more information check: https://developer.mozilla.org/en-US/docs/Web/HTTP/Status/403",2026-07-18T20:56:59.134235
liberation,bd6t51127091z,,failed,0,0,,http_manifest,known,403,manifest,"Client error '403 ' for url 'https://openapiproext.bnf.fr/iiif/presentation/v3/ark:/12148/bd6t51127091z/manifest.json'
For more information check: https://developer.mozilla.org/en-US/docs/Web/HTTP/Status/403",2026-07-18T20:57:00.333583
liberation,bd6t51127092c,,failed,0,0,,http_manifest,known,403,manifest,"Client error '403 ' for url 'https://openapiproext.bnf.fr/iiif/presentation/v3/ark:/12148/bd6t51127092c/manifest.json'
For more information check: https://developer.mozilla.org/en-US/docs/Web/HTTP/Status/403",2026-07-18T20:57:01.540164
liberation,bd6t51127093s,,failed,0,0,,http_manifest,known,403,manifest,"Client error '403 ' for url 'https://openapiproext.bnf.fr/iiif/presentation/v3/ark:/12148/bd6t51127093s/manifest.json'
For more information check: https://developer.mozilla.org/en-US/docs/Web/HTTP/Status/403",2026-07-18T20:57:02.769105
liberation,bd6t511270946,,failed,0,0,,http_manifest,known,403,manifest,"Client error '403 ' for url 'https://openapiproext.bnf.fr/iiif/presentation/v3/ark:/12148/bd6t511270946/manifest.json'
For more information check: https://developer.mozilla.org/en-US/docs/Web/HTTP/Status/403",2026-07-18T20:57:03.941989
liberation,bd6t51127095m,,failed,0,0,,http_manifest,known,403,manifest,"Client error '403 ' for url 'https://openapiproext.bnf.fr/iiif/presentation/v3/ark:/12148/bd6t51127095m/manifest.json'
For more information check: https://developer.mozilla.org/en-US/docs/Web/HTTP/Status/403",2026-07-18T20:57:05.142101
liberation,bd6t511270961,,failed,0,0,,http_manifest,known,403,manifest,"Client error '403 ' for url 'https://openapiproext.bnf.fr/iiif/presentation/v3/ark:/12148/bd6t511270961/manifest.json'
For more information check: https://developer.mozilla.org/en-US/docs/Web/HTTP/Status/403",2026-07-18T20:57:06.343208
liberation,bd6t51127097f,,failed,0,0,,http_manifest,known,403,manifest,"Client error '403 ' for url 'https://openapiproext.bnf.fr/iiif/presentation/v3/ark:/12148/bd6t51127097f/manifest.json'
For more information check: https://developer.mozilla.org/en-US/docs/Web/HTTP/Status/403",2026-07-18T20:57:07.728548
liberation,bd6t51127098v,,failed,0,0,,http_manifest,known,403,manifest,"Client error '403 ' for url 'https://openapiproext.bnf.fr/iiif/presentation/v3/ark:/12148/bd6t51127098v/manifest.json'
For more information check: https://developer.mozilla.org/en-US/docs/Web/HTTP/Status/403",2026-07-18T20:57:08.924703
liberation,bd6t511270998,,failed,0,0,,http_manifest,known,403,manifest,"Client error '403 ' for url 'https://openapiproext.bnf.fr/iiif/presentation/v3/ark:/12148/bd6t511270998/manifest.json'
For more information check: https://developer.mozilla.org/en-US/docs/Web/HTTP/Status/403",2026-07-18T20:57:09.948670
liberation,bd6t51127100g,,failed,0,0,,http_manifest,known,403,manifest,"Client error '403 ' for url 'https://openapiproext.bnf.fr/iiif/presentation/v3/ark:/12148/bd6t51127100g/manifest.json'
For more information check: https://developer.mozilla.org/en-US/docs/Web/HTTP/Status/403",2026-07-18T20:57:11.148096
liberation,bd6t51127101w,,failed,0,0,,http_manifest,known,403,manifest,"Client error '403 ' for url 'https://openapiproext.bnf.fr/iiif/presentation/v3/ark:/12148/bd6t51127101w/manifest.json'
For more information check: https://developer.mozilla.org/en-US/docs/Web/HTTP/Status/403",2026-07-18T20:57:12.349497
liberation,bd6t511271029,,failed,0,0,,http_manifest,known,403,manifest,"Client error '403 ' for url 'https://openapiproext.bnf.fr/iiif/presentation/v3/ark:/12148/bd6t511271029/manifest.json'
For more information check: https://developer.mozilla.org/en-US/docs/Web/HTTP/Status/403",2026-07-18T20:57:13.845648
liberation,bd6t51127103q,,failed,0,0,,http_manifest,known,403,manifest,"Client error '403 ' for url 'https://openapiproext.bnf.fr/iiif/presentation/v3/ark:/12148/bd6t51127103q/manifest.json'
For more information check: https://developer.mozilla.org/en-US/docs/Web/HTTP/Status/403",2026-07-18T20:57:14.933777
liberation,bd6t511271044,,failed,0,0,,http_manifest,known,403,manifest,"Client error '403 ' for url 'https://openapiproext.bnf.fr/iiif/presentation/v3/ark:/12148/bd6t511271044/manifest.json'
For more information check: https://developer.mozilla.org/en-US/docs/Web/HTTP/Status/403",2026-07-18T20:57:16.174173
liberation,bd6t51127105j,,failed,0,0,,http_manifest,known,403,manifest,"Client error '403 ' for url 'https://openapiproext.bnf.fr/iiif/presentation/v3/ark:/12148/bd6t51127105j/manifest.json'
For more information check: https://developer.mozilla.org/en-US/docs/Web/HTTP/Status/403",2026-07-18T20:57:17.154100
liberation,bd6t51127106z,,failed,0,0,,http_manifest,known,403,manifest,"Client error '403 ' for url 'https://openapiproext.bnf.fr/iiif/presentation/v3/ark:/12148/bd6t51127106z/manifest.json'
For more information check: https://developer.mozilla.org/en-US/docs/Web/HTTP/Status/403",2026-07-18T20:57:18.357485
liberation,bd6t51127107c,,failed,0,0,,http_manifest,known,403,manifest,"Client error '403 ' for url 'https://openapiproext.bnf.fr/iiif/presentation/v3/ark:/12148/bd6t51127107c/manifest.json'
For more information check: https://developer.mozilla.org/en-US/docs/Web/HTTP/Status/403",2026-07-18T20:57:19.730251
liberation,bd6t51127108s,,failed,0,0,,http_manifest,known,403,manifest,"Client error '403 ' for url 'https://openapiproext.bnf.fr/iiif/presentation/v3/ark:/12148/bd6t51127108s/manifest.json'
For more information check: https://developer.mozilla.org/en-US/docs/Web/HTTP/Status/403",2026-07-18T20:57:20.953187
liberation,bd6t511271096,,failed,0,0,,http_manifest,known,403,manifest,"Client error '403 ' for url 'https://openapiproext.bnf.fr/iiif/presentation/v3/ark:/12148/bd6t511271096/manifest.json'
For more information check: https://developer.mozilla.org/en-US/docs/Web/HTTP/Status/403",2026-07-18T20:57:22.076872
liberation,bd6t51127110v,,failed,0,0,,http_manifest,known,403,manifest,"Client error '403 ' for url 'https://openapiproext.bnf.fr/iiif/presentation/v3/ark:/12148/bd6t51127110v/manifest.json'
For more information check: https://developer.mozilla.org/en-US/docs/Web/HTTP/Status/403",2026-07-18T20:57:23.306272
liberation,bd6t511271118,,failed,0,0,,http_manifest,known,403,manifest,"Client error '403 ' for url 'https://openapiproext.bnf.fr/iiif/presentation/v3/ark:/12148/bd6t511271118/manifest.json'
For more information check: https://developer.mozilla.org/en-US/docs/Web/HTTP/Status/403",2026-07-18T20:57:24.585656
liberation,bd6t51127112p,,failed,0,0,,http_manifest,known,403,manifest,"Client error '403 ' for url 'https://openapiproext.bnf.fr/iiif/presentation/v3/ark:/12148/bd6t51127112p/manifest.json'
For more information check: https://developer.mozilla.org/en-US/docs/Web/HTTP/Status/403",2026-07-18T20:57:25.674937
liberation,bd6t511271133,,failed,0,0,,http_manifest,known,403,manifest,"Client error '403 ' for url 'https://openapiproext.bnf.fr/iiif/presentation/v3/ark:/12148/bd6t511271133/manifest.json'
For more information check: https://developer.mozilla.org/en-US/docs/Web/HTTP/Status/403",2026-07-18T20:57:26.971400
liberation,bd6t51127114h,,failed,0,0,,http_manifest,known,403,manifest,"Client error '403 ' for url 'https://openapiproext.bnf.fr/iiif/presentation/v3/ark:/12148/bd6t51127114h/manifest.json'
For more information check: https://developer.mozilla.org/en-US/docs/Web/HTTP/Status/403",2026-07-18T20:57:27.971501
liberation,bd6t51127115x,,failed,0,0,,http_manifest,known,403,manifest,"Client error '403 ' for url 'https://openapiproext.bnf.fr/iiif/presentation/v3/ark:/12148/bd6t51127115x/manifest.json'
For more information check: https://developer.mozilla.org/en-US/docs/Web/HTTP/Status/403",2026-07-18T20:57:29.172554
liberation,bd6t51127116b,,failed,0,0,,http_manifest,known,403,manifest,"Client error '403 ' for url 'https://openapiproext.bnf.fr/iiif/presentation/v3/ark:/12148/bd6t51127116b/manifest.json'
For more information check: https://developer.mozilla.org/en-US/docs/Web/HTTP/Status/403",2026-07-18T20:57:30.375243
liberation,bd6t51127117r,,failed,0,0,,http_manifest,known,403,manifest,"Client error '403 ' for url 'https://openapiproext.bnf.fr/iiif/presentation/v3/ark:/12148/bd6t51127117r/manifest.json'
For more information check: https://developer.mozilla.org/en-US/docs/Web/HTTP/Status/403",2026-07-18T20:57:31.582763
liberation,bd6t511271185,,failed,0,0,,http_manifest,known,403,manifest,"Client error '403 ' for url 'https://openapiproext.bnf.fr/iiif/presentation/v3/ark:/12148/bd6t511271185/manifest.json'
For more information check: https://developer.mozilla.org/en-US/docs/Web/HTTP/Status/403",2026-07-18T20:57:32.794666
liberation,bd6t51127119k,,failed,0,0,,http_manifest,known,403,manifest,"Client error '403 ' for url 'https://openapiproext.bnf.fr/iiif/presentation/v3/ark:/12148/bd6t51127119k/manifest.json'
For more information check: https://developer.mozilla.org/en-US/docs/Web/HTTP/Status/403",2026-07-18T20:57:33.974441
liberation,bd6t511271207,,failed,0,0,,http_manifest,known,403,manifest,"Client error '403 ' for url 'https://openapiproext.bnf.fr/iiif/presentation/v3/ark:/12148/bd6t511271207/manifest.json'
For more information check: https://developer.mozilla.org/en-US/docs/Web/HTTP/Status/403",2026-07-18T20:57:35.176010
liberation,bd6t51127121n,,failed,0,0,,http_manifest,known,403,manifest,"Client error '403 ' for url 'https://openapiproext.bnf.fr/iiif/presentation/v3/ark:/12148/bd6t51127121n/manifest.json'
For more information check: https://developer.mozilla.org/en-US/docs/Web/HTTP/Status/403",2026-07-18T20:57:36.381132
liberation,bd6t511271222,,failed,0,0,,http_manifest,known,403,manifest,"Client error '403 ' for url 'https://openapiproext.bnf.fr/iiif/presentation/v3/ark:/12148/bd6t511271222/manifest.json'
For more information check: https://developer.mozilla.org/en-US/docs/Web/HTTP/Status/403",2026-07-18T20:57:37.584665
liberation,bd6t51127123g,,failed,0,0,,http_manifest,known,403,manifest,"Client error '403 ' for url 'https://openapiproext.bnf.fr/iiif/presentation/v3/ark:/12148/bd6t51127123g/manifest.json'
For more information check: https://developer.mozilla.org/en-US/docs/Web/HTTP/Status/403",2026-07-18T20:57:38.778051
liberation,bd6t51127124w,,failed,0,0,,http_manifest,known,403,manifest,"Client error '403 ' for url 'https://openapiproext.bnf.fr/iiif/presentation/v3/ark:/12148/bd6t51127124w/manifest.json'
For more information check: https://developer.mozilla.org/en-US/docs/Web/HTTP/Status/403",2026-07-18T20:57:39.982492
liberation,bd6t511271259,,failed,0,0,,http_manifest,known,403,manifest,"Client error '403 ' for url 'https://openapiproext.bnf.fr/iiif/presentation/v3/ark:/12148/bd6t511271259/manifest.json'
For more information check: https://developer.mozilla.org/en-US/docs/Web/HTTP/Status/403",2026-07-18T20:57:41.184341
liberation,bd6t51127126q,,failed,0,0,,http_manifest,known,403,manifest,"Client error '403 ' for url 'https://openapiproext.bnf.fr/iiif/presentation/v3/ark:/12148/bd6t51127126q/manifest.json'
For more information check: https://developer.mozilla.org/en-US/docs/Web/HTTP/Status/403",2026-07-18T20:57:42.385952
liberation,bd6t511271274,,failed,0,0,,http_manifest,known,403,manifest,"Client error '403 ' for url 'https://openapiproext.bnf.fr/iiif/presentation/v3/ark:/12148/bd6t511271274/manifest.json'
For more information check: https://developer.mozilla.org/en-US/docs/Web/HTTP/Status/403",2026-07-18T20:57:43.586173
liberation,bd6t51127128j,,failed,0,0,,http_manifest,known,403,manifest,"Client error '403 ' for url 'https://openapiproext.bnf.fr/iiif/presentation/v3/ark:/12148/bd6t51127128j/manifest.json'
For more information check: https://developer.mozilla.org/en-US/docs/Web/HTTP/Status/403",2026-07-18T20:57:44.810610
liberation,bd6t51127129z,,failed,0,0,,http_manifest,known,403,manifest,"Client error '403 ' for url 'https://openapiproext.bnf.fr/iiif/presentation/v3/ark:/12148/bd6t51127129z/manifest.json'
For more information check: https://developer.mozilla.org/en-US/docs/Web/HTTP/Status/403",2026-07-18T20:57:45.990003
liberation,bd6t51127130m,,failed,0,0,,http_manifest,known,403,manifest,"Client error '403 ' for url 'https://openapiproext.bnf.fr/iiif/presentation/v3/ark:/12148/bd6t51127130m/manifest.json'
For more information check: https://developer.mozilla.org/en-US/docs/Web/HTTP/Status/403",2026-07-18T20:57:47.190983
liberation,bd6t511271311,,failed,0,0,,http_manifest,known,403,manifest,"Client error '403 ' for url 'https://openapiproext.bnf.fr/iiif/presentation/v3/ark:/12148/bd6t511271311/manifest.json'
For more information check: https://developer.mozilla.org/en-US/docs/Web/HTTP/Status/403",2026-07-18T20:57:48.394023
liberation,bd6t51127132f,,failed,0,0,,http_manifest,known,403,manifest,"Client error '403 ' for url 'https://openapiproext.bnf.fr/iiif/presentation/v3/ark:/12148/bd6t51127132f/manifest.json'
For more information check: https://developer.mozilla.org/en-US/docs/Web/HTTP/Status/403",2026-07-18T20:57:49.591992
liberation,bd6t51127133v,,failed,0,0,,http_manifest,known,403,manifest,"Client error '403 ' for url 'https://openapiproext.bnf.fr/iiif/presentation/v3/ark:/12148/bd6t51127133v/manifest.json'
For more information check: https://developer.mozilla.org/en-US/docs/Web/HTTP/Status/403",2026-07-18T20:57:50.791159
liberation,bd6t51126927k,,failed,0,0,,http_manifest,known,403,manifest,"Client error '403 ' for url 'https://openapiproext.bnf.fr/iiif/presentation/v3/ark:/12148/bd6t51126927k/manifest.json'
For more information check: https://developer.mozilla.org/en-US/docs/Web/HTTP/Status/403",2026-07-18T20:57:51.994094
liberation,bd6t511269280,,failed,0,0,,http_manifest,known,403,manifest,"Client error '403 ' for url 'https://openapiproext.bnf.fr/iiif/presentation/v3/ark:/12148/bd6t511269280/manifest.json'
For more information check: https://developer.mozilla.org/en-US/docs/Web/HTTP/Status/403",2026-07-18T20:57:53.196453
liberation,bd6t51126929d,,failed,0,0,,http_manifest,known,403,manifest,"Client error '403 ' for url 'https://openapiproext.bnf.fr/iiif/presentation/v3/ark:/12148/bd6t51126929d/manifest.json'
For more information check: https://developer.mozilla.org/en-US/docs/Web/HTTP/Status/403",2026-07-18T20:57:54.396595
liberation,bd6t511269302,,failed,0,0,,http_manifest,known,403,manifest,"Client error '403 ' for url 'https://openapiproext.bnf.fr/iiif/presentation/v3/ark:/12148/bd6t511269302/manifest.json'
For more information check: https://developer.mozilla.org/en-US/docs/Web/HTTP/Status/403",2026-07-18T20:57:55.598086
liberation,bd6t51126931g,,failed,0,0,,http_manifest,known,403,manifest,"Client error '403 ' for url 'https://openapiproext.bnf.fr/iiif/presentation/v3/ark:/12148/bd6t51126931g/manifest.json'
For more information check: https://developer.mozilla.org/en-US/docs/Web/HTTP/Status/403",2026-07-18T20:57:56.811805
liberation,bd6t51126932w,,failed,0,0,,http_manifest,known,403,manifest,"Client error '403 ' for url 'https://openapiproext.bnf.fr/iiif/presentation/v3/ark:/12148/bd6t51126932w/manifest.json'
For more information check: https://developer.mozilla.org/en-US/docs/Web/HTTP/Status/403",2026-07-18T20:57:58.003081
liberation,bd6t511269339,,failed,0,0,,http_manifest,known,403,manifest,"Client error '403 ' for url 'https://openapiproext.bnf.fr/iiif/presentation/v3/ark:/12148/bd6t511269339/manifest.json'
For more information check: https://developer.mozilla.org/en-US/docs/Web/HTTP/Status/403",2026-07-18T20:57:59.201015
liberation,bd6t51126934q,,failed,0,0,,http_manifest,known,403,manifest,"Client error '403 ' for url 'https://openapiproext.bnf.fr/iiif/presentation/v3/ark:/12148/bd6t51126934q/manifest.json'
For more information check: https://developer.mozilla.org/en-US/docs/Web/HTTP/Status/403",2026-07-18T20:58:00.400980
liberation,bd6t511269354,,failed,0,0,,http_manifest,known,403,manifest,"Client error '403 ' for url 'https://openapiproext.bnf.fr/iiif/presentation/v3/ark:/12148/bd6t511269354/manifest.json'
For more information check: https://developer.mozilla.org/en-US/docs/Web/HTTP/Status/403",2026-07-18T20:58:01.603008
liberation,bd6t51126936j,,failed,0,0,,http_manifest,known,403,manifest,"Client error '403 ' for url 'https://openapiproext.bnf.fr/iiif/presentation/v3/ark:/12148/bd6t51126936j/manifest.json'
For more information check: https://developer.mozilla.org/en-US/docs/Web/HTTP/Status/403",2026-07-18T20:58:02.826211
liberation,bd6t51126937z,,failed,0,0,,http_manifest,known,403,manifest,"Client error '403 ' for url 'https://openapiproext.bnf.fr/iiif/presentation/v3/ark:/12148/bd6t51126937z/manifest.json'
For more information check: https://developer.mozilla.org/en-US/docs/Web/HTTP/Status/403",2026-07-18T20:58:04.010475
liberation,bd6t51126938c,,failed,0,0,,http_manifest,known,403,manifest,"Client error '403 ' for url 'https://openapiproext.bnf.fr/iiif/presentation/v3/ark:/12148/bd6t51126938c/manifest.json'
For more information check: https://developer.mozilla.org/en-US/docs/Web/HTTP/Status/403",2026-07-18T20:58:05.212254
liberation,bd6t51126939s,,failed,0,0,,http_manifest,known,403,manifest,"Client error '403 ' for url 'https://openapiproext.bnf.fr/iiif/presentation/v3/ark:/12148/bd6t51126939s/manifest.json'
For more information check: https://developer.mozilla.org/en-US/docs/Web/HTTP/Status/403",2026-07-18T20:58:06.408614
liberation,bd6t51126940f,,failed,0,0,,http_manifest,known,403,manifest,"Client error '403 ' for url 'https://openapiproext.bnf.fr/iiif/presentation/v3/ark:/12148/bd6t51126940f/manifest.json'
For more information check: https://developer.mozilla.org/en-US/docs/Web/HTTP/Status/403",2026-07-18T20:58:07.827862
liberation,bd6t51126941v,,failed,0,0,,http_manifest,known,403,manifest,"Client error '403 ' for url 'https://openapiproext.bnf.fr/iiif/presentation/v3/ark:/12148/bd6t51126941v/manifest.json'
For more information check: https://developer.mozilla.org/en-US/docs/Web/HTTP/Status/403",2026-07-18T20:58:08.877433
liberation,bd6t511269428,,failed,0,0,,http_manifest,known,403,manifest,"Client error '403 ' for url 'https://openapiproext.bnf.fr/iiif/presentation/v3/ark:/12148/bd6t511269428/manifest.json'
For more information check: https://developer.mozilla.org/en-US/docs/Web/HTTP/Status/403",2026-07-18T20:58:10.175219
liberation,bd6t51126943p,,failed,0,0,,http_manifest,known,403,manifest,"Client error '403 ' for url 'https://openapiproext.bnf.fr/iiif/presentation/v3/ark:/12148/bd6t51126943p/manifest.json'
For more information check: https://developer.mozilla.org/en-US/docs/Web/HTTP/Status/403",2026-07-18T20:58:11.214228
liberation,bd6t511269443,,failed,0,0,,http_manifest,known,403,manifest,"Client error '403 ' for url 'https://openapiproext.bnf.fr/iiif/presentation/v3/ark:/12148/bd6t511269443/manifest.json'
For more information check: https://developer.mozilla.org/en-US/docs/Web/HTTP/Status/403",2026-07-18T20:58:12.415962
liberation,bd6t51126945h,,failed,0,0,,http_manifest,known,403,manifest,"Client error '403 ' for url 'https://openapiproext.bnf.fr/iiif/presentation/v3/ark:/12148/bd6t51126945h/manifest.json'
For more information check: https://developer.mozilla.org/en-US/docs/Web/HTTP/Status/403",2026-07-18T20:58:13.707235
liberation,bd6t51126946x,,failed,0,0,,http_manifest,known,403,manifest,"Client error '403 ' for url 'https://openapiproext.bnf.fr/iiif/presentation/v3/ark:/12148/bd6t51126946x/manifest.json'
For more information check: https://developer.mozilla.org/en-US/docs/Web/HTTP/Status/403",2026-07-18T20:58:14.964639
liberation,bd6t51126947b,,failed,0,0,,http_manifest,known,403,manifest,"Client error '403 ' for url 'https://openapiproext.bnf.fr/iiif/presentation/v3/ark:/12148/bd6t51126947b/manifest.json'
For more information check: https://developer.mozilla.org/en-US/docs/Web/HTTP/Status/403",2026-07-18T20:58:16.038747
liberation,bd6t51126948r,,failed,0,0,,http_manifest,known,403,manifest,"Client error '403 ' for url 'https://openapiproext.bnf.fr/iiif/presentation/v3/ark:/12148/bd6t51126948r/manifest.json'
For more information check: https://developer.mozilla.org/en-US/docs/Web/HTTP/Status/403",2026-07-18T20:58:17.370381
liberation,bd6t511269495,,failed,0,0,,http_manifest,known,403,manifest,"Client error '403 ' for url 'https://openapiproext.bnf.fr/iiif/presentation/v3/ark:/12148/bd6t511269495/manifest.json'
For more information check: https://developer.mozilla.org/en-US/docs/Web/HTTP/Status/403",2026-07-18T20:58:18.532979
liberation,bd6t51126950t,,failed,0,0,,http_manifest,known,403,manifest,"Client error '403 ' for url 'https://openapiproext.bnf.fr/iiif/presentation/v3/ark:/12148/bd6t51126950t/manifest.json'
For more information check: https://developer.mozilla.org/en-US/docs/Web/HTTP/Status/403",2026-07-18T20:58:19.803219
liberation,bd6t511269517,,failed,0,0,,http_manifest,known,403,manifest,"Client error '403 ' for url 'https://openapiproext.bnf.fr/iiif/presentation/v3/ark:/12148/bd6t511269517/manifest.json'
For more information check: https://developer.mozilla.org/en-US/docs/Web/HTTP/Status/403",2026-07-18T20:58:21.006321
liberation,bd6t51126952n,,failed,0,0,,http_manifest,known,403,manifest,"Client error '403 ' for url 'https://openapiproext.bnf.fr/iiif/presentation/v3/ark:/12148/bd6t51126952n/manifest.json'
For more information check: https://developer.mozilla.org/en-US/docs/Web/HTTP/Status/403",2026-07-18T20:58:22.028928
liberation,bd6t511269532,,failed,0,0,,http_manifest,known,403,manifest,"Client error '403 ' for url 'https://openapiproext.bnf.fr/iiif/presentation/v3/ark:/12148/bd6t511269532/manifest.json'
For more information check: https://developer.mozilla.org/en-US/docs/Web/HTTP/Status/403",2026-07-18T20:58:23.230091
liberation,bd6t51126954g,,failed,0,0,,http_manifest,known,403,manifest,"Client error '403 ' for url 'https://openapiproext.bnf.fr/iiif/presentation/v3/ark:/12148/bd6t51126954g/manifest.json'
For more information check: https://developer.mozilla.org/en-US/docs/Web/HTTP/Status/403",2026-07-18T20:58:24.433730
liberation,bd6t51126955w,,failed,0,0,,http_manifest,known,403,manifest,"Client error '403 ' for url 'https://openapiproext.bnf.fr/iiif/presentation/v3/ark:/12148/bd6t51126955w/manifest.json'
For more information check: https://developer.mozilla.org/en-US/docs/Web/HTTP/Status/403",2026-07-18T20:58:25.790281
liberation,bd6t511269569,,failed,0,0,,http_manifest,known,403,manifest,"Client error '403 ' for url 'https://openapiproext.bnf.fr/iiif/presentation/v3/ark:/12148/bd6t511269569/manifest.json'
For more information check: https://developer.mozilla.org/en-US/docs/Web/HTTP/Status/403",2026-07-18T20:58:26.835292
liberation,bd6t51126957q,,failed,0,0,,http_manifest,known,403,manifest,"Client error '403 ' for url 'https://openapiproext.bnf.fr/iiif/presentation/v3/ark:/12148/bd6t51126957q/manifest.json'
For more information check: https://developer.mozilla.org/en-US/docs/Web/HTTP/Status/403",2026-07-18T20:58:28.036978
liberation,bd6t511269584,,failed,0,0,,http_manifest,known,403,manifest,"Client error '403 ' for url 'https://openapiproext.bnf.fr/iiif/presentation/v3/ark:/12148/bd6t511269584/manifest.json'
For more information check: https://developer.mozilla.org/en-US/docs/Web/HTTP/Status/403",2026-07-18T20:58:29.235306
liberation,bd6t51126959j,,failed,0,0,,http_manifest,known,403,manifest,"Client error '403 ' for url 'https://openapiproext.bnf.fr/iiif/presentation/v3/ark:/12148/bd6t51126959j/manifest.json'
For more information check: https://developer.mozilla.org/en-US/docs/Web/HTTP/Status/403",2026-07-18T20:58:30.442951
liberation,bd6t511269606,,failed,0,0,,http_manifest,known,403,manifest,"Client error '403 ' for url 'https://openapiproext.bnf.fr/iiif/presentation/v3/ark:/12148/bd6t511269606/manifest.json'
For more information check: https://developer.mozilla.org/en-US/docs/Web/HTTP/Status/403",2026-07-18T20:58:31.640049
liberation,bd6t51126961m,,failed,0,0,,http_manifest,known,403,manifest,"Client error '403 ' for url 'https://openapiproext.bnf.fr/iiif/presentation/v3/ark:/12148/bd6t51126961m/manifest.json'
For more information check: https://developer.mozilla.org/en-US/docs/Web/HTTP/Status/403",2026-07-18T20:58:32.842791
liberation,bd6t511269621,,failed,0,0,,http_manifest,known,403,manifest,"Client error '403 ' for url 'https://openapiproext.bnf.fr/iiif/presentation/v3/ark:/12148/bd6t511269621/manifest.json'
For more information check: https://developer.mozilla.org/en-US/docs/Web/HTTP/Status/403",2026-07-18T20:58:34.118945
liberation,bd6t51126963f,,failed,0,0,,http_manifest,known,403,manifest,"Client error '403 ' for url 'https://openapiproext.bnf.fr/iiif/presentation/v3/ark:/12148/bd6t51126963f/manifest.json'
For more information check: https://developer.mozilla.org/en-US/docs/Web/HTTP/Status/403",2026-07-18T20:58:35.245349
liberation,bd6t51126964v,,failed,0,0,,http_manifest,known,403,manifest,"Client error '403 ' for url 'https://openapiproext.bnf.fr/iiif/presentation/v3/ark:/12148/bd6t51126964v/manifest.json'
For more information check: https://developer.mozilla.org/en-US/docs/Web/HTTP/Status/403",2026-07-18T20:58:36.446995
liberation,bd6t511269658,,failed,0,0,,http_manifest,known,403,manifest,"Client error '403 ' for url 'https://openapiproext.bnf.fr/iiif/presentation/v3/ark:/12148/bd6t511269658/manifest.json'
For more information check: https://developer.mozilla.org/en-US/docs/Web/HTTP/Status/403",2026-07-18T20:58:37.679652
liberation,bd6t51126966p,,failed,0,0,,http_manifest,known,403,manifest,"Client error '403 ' for url 'https://openapiproext.bnf.fr/iiif/presentation/v3/ark:/12148/bd6t51126966p/manifest.json'
For more information check: https://developer.mozilla.org/en-US/docs/Web/HTTP/Status/403",2026-07-18T20:58:38.850512
liberation,bd6t511269673,,failed,0,0,,http_manifest,known,403,manifest,"Client error '403 ' for url 'https://openapiproext.bnf.fr/iiif/presentation/v3/ark:/12148/bd6t511269673/manifest.json'
For more information check: https://developer.mozilla.org/en-US/docs/Web/HTTP/Status/403",2026-07-18T20:58:40.049934
liberation,bd6t51126968h,,failed,0,0,,http_manifest,known,403,manifest,"Client error '403 ' for url 'https://openapiproext.bnf.fr/iiif/presentation/v3/ark:/12148/bd6t51126968h/manifest.json'
For more information check: https://developer.mozilla.org/en-US/docs/Web/HTTP/Status/403",2026-07-18T20:58:41.253591
liberation,bd6t51126969x,,failed,0,0,,http_manifest,known,403,manifest,"Client error '403 ' for url 'https://openapiproext.bnf.fr/iiif/presentation/v3/ark:/12148/bd6t51126969x/manifest.json'
For more information check: https://developer.mozilla.org/en-US/docs/Web/HTTP/Status/403",2026-07-18T20:58:42.452579
liberation,bd6t51126970k,,failed,0,0,,http_manifest,known,403,manifest,"Client error '403 ' for url 'https://openapiproext.bnf.fr/iiif/presentation/v3/ark:/12148/bd6t51126970k/manifest.json'
For more information check: https://developer.mozilla.org/en-US/docs/Web/HTTP/Status/403",2026-07-18T20:58:43.676944
liberation,bd6t511269710,,failed,0,0,,http_manifest,known,403,manifest,"Client error '403 ' for url 'https://openapiproext.bnf.fr/iiif/presentation/v3/ark:/12148/bd6t511269710/manifest.json'
For more information check: https://developer.mozilla.org/en-US/docs/Web/HTTP/Status/403",2026-07-18T20:58:44.857251
liberation,bd6t51126972d,,failed,0,0,,http_manifest,known,403,manifest,"Client error '403 ' for url 'https://openapiproext.bnf.fr/iiif/presentation/v3/ark:/12148/bd6t51126972d/manifest.json'
For more information check: https://developer.mozilla.org/en-US/docs/Web/HTTP/Status/403",2026-07-18T20:58:46.058004
liberation,bd6t51126973t,,failed,0,0,,http_manifest,known,403,manifest,"Client error '403 ' for url 'https://openapiproext.bnf.fr/iiif/presentation/v3/ark:/12148/bd6t51126973t/manifest.json'
For more information check: https://developer.mozilla.org/en-US/docs/Web/HTTP/Status/403",2026-07-18T20:58:47.257500
liberation,bd6t511269747,,failed,0,0,,http_manifest,known,403,manifest,"Client error '403 ' for url 'https://openapiproext.bnf.fr/iiif/presentation/v3/ark:/12148/bd6t511269747/manifest.json'
For more information check: https://developer.mozilla.org/en-US/docs/Web/HTTP/Status/403",2026-07-18T20:58:48.460712
liberation,bd6t51126975n,,failed,0,0,,http_manifest,known,403,manifest,"Client error '403 ' for url 'https://openapiproext.bnf.fr/iiif/presentation/v3/ark:/12148/bd6t51126975n/manifest.json'
For more information check: https://developer.mozilla.org/en-US/docs/Web/HTTP/Status/403",2026-07-18T20:58:49.662882
liberation,bd6t511269762,,failed,0,0,,http_manifest,known,403,manifest,"Client error '403 ' for url 'https://openapiproext.bnf.fr/iiif/presentation/v3/ark:/12148/bd6t511269762/manifest.json'
For more information check: https://developer.mozilla.org/en-US/docs/Web/HTTP/Status/403",2026-07-18T20:58:50.861501
liberation,bd6t51126977g,,failed,0,0,,http_manifest,known,403,manifest,"Client error '403 ' for url 'https://openapiproext.bnf.fr/iiif/presentation/v3/ark:/12148/bd6t51126977g/manifest.json'
For more information check: https://developer.mozilla.org/en-US/docs/Web/HTTP/Status/403",2026-07-18T20:58:52.111205
liberation,bd6t51126978w,,failed,0,0,,http_manifest,known,403,manifest,"Client error '403 ' for url 'https://openapiproext.bnf.fr/iiif/presentation/v3/ark:/12148/bd6t51126978w/manifest.json'
For more information check: https://developer.mozilla.org/en-US/docs/Web/HTTP/Status/403",2026-07-18T20:58:53.262928
liberation,bd6t511269799,,failed,0,0,,http_manifest,known,403,manifest,"Client error '403 ' for url 'https://openapiproext.bnf.fr/iiif/presentation/v3/ark:/12148/bd6t511269799/manifest.json'
For more information check: https://developer.mozilla.org/en-US/docs/Web/HTTP/Status/403",2026-07-18T20:58:54.462875
liberation,bd6t51126980z,,failed,0,0,,http_manifest,known,403,manifest,"Client error '403 ' for url 'https://openapiproext.bnf.fr/iiif/presentation/v3/ark:/12148/bd6t51126980z/manifest.json'
For more information check: https://developer.mozilla.org/en-US/docs/Web/HTTP/Status/403",2026-07-18T20:58:55.693009
liberation,bd6t51126981c,,failed,0,0,,http_manifest,known,403,manifest,"Client error '403 ' for url 'https://openapiproext.bnf.fr/iiif/presentation/v3/ark:/12148/bd6t51126981c/manifest.json'
For more information check: https://developer.mozilla.org/en-US/docs/Web/HTTP/Status/403",2026-07-18T20:58:56.907965
liberation,bd6t51126982s,,failed,0,0,,http_manifest,known,403,manifest,"Client error '403 ' for url 'https://openapiproext.bnf.fr/iiif/presentation/v3/ark:/12148/bd6t51126982s/manifest.json'
For more information check: https://developer.mozilla.org/en-US/docs/Web/HTTP/Status/403",2026-07-18T20:58:58.075357
liberation,bd6t511269836,,failed,0,0,,http_manifest,known,403,manifest,"Client error '403 ' for url 'https://openapiproext.bnf.fr/iiif/presentation/v3/ark:/12148/bd6t511269836/manifest.json'
For more information check: https://developer.mozilla.org/en-US/docs/Web/HTTP/Status/403",2026-07-18T20:58:59.273285
liberation,bd6t51126984m,,failed,0,0,,http_manifest,known,403,manifest,"Client error '403 ' for url 'https://openapiproext.bnf.fr/iiif/presentation/v3/ark:/12148/bd6t51126984m/manifest.json'
For more information check: https://developer.mozilla.org/en-US/docs/Web/HTTP/Status/403",2026-07-18T20:59:00.493238
liberation,bd6t511269851,,failed,0,0,,http_manifest,known,403,manifest,"Client error '403 ' for url 'https://openapiproext.bnf.fr/iiif/presentation/v3/ark:/12148/bd6t511269851/manifest.json'
For more information check: https://developer.mozilla.org/en-US/docs/Web/HTTP/Status/403",2026-07-18T20:59:01.674958
liberation,bd6t51126986f,,failed,0,0,,http_manifest,known,403,manifest,"Client error '403 ' for url 'https://openapiproext.bnf.fr/iiif/presentation/v3/ark:/12148/bd6t51126986f/manifest.json'
For more information check: https://developer.mozilla.org/en-US/docs/Web/HTTP/Status/403",2026-07-18T20:59:02.903102
liberation,bd6t51126987v,,failed,0,0,,http_manifest,known,403,manifest,"Client error '403 ' for url 'https://openapiproext.bnf.fr/iiif/presentation/v3/ark:/12148/bd6t51126987v/manifest.json'
For more information check: https://developer.mozilla.org/en-US/docs/Web/HTTP/Status/403",2026-07-18T20:59:04.079180
liberation,bd6t511269888,,failed,0,0,,http_manifest,known,403,manifest,"Client error '403 ' for url 'https://openapiproext.bnf.fr/iiif/presentation/v3/ark:/12148/bd6t511269888/manifest.json'
For more information check: https://developer.mozilla.org/en-US/docs/Web/HTTP/Status/403",2026-07-18T20:59:05.278394
liberation,bd6t51126989p,,failed,0,0,,http_manifest,known,403,manifest,"Client error '403 ' for url 'https://openapiproext.bnf.fr/iiif/presentation/v3/ark:/12148/bd6t51126989p/manifest.json'
For more information check: https://developer.mozilla.org/en-US/docs/Web/HTTP/Status/403",2026-07-18T20:59:06.495586
liberation,bd6t51126990b,,failed,0,0,,http_manifest,known,403,manifest,"Client error '403 ' for url 'https://openapiproext.bnf.fr/iiif/presentation/v3/ark:/12148/bd6t51126990b/manifest.json'
For more information check: https://developer.mozilla.org/en-US/docs/Web/HTTP/Status/403",2026-07-18T20:59:07.749236
liberation,bd6t51126991r,,failed,0,0,,http_manifest,known,403,manifest,"Client error '403 ' for url 'https://openapiproext.bnf.fr/iiif/presentation/v3/ark:/12148/bd6t51126991r/manifest.json'
For more information check: https://developer.mozilla.org/en-US/docs/Web/HTTP/Status/403",2026-07-18T20:59:08.881080
liberation,bd6t511269925,,failed,0,0,,http_manifest,known,403,manifest,"Client error '403 ' for url 'https://openapiproext.bnf.fr/iiif/presentation/v3/ark:/12148/bd6t511269925/manifest.json'
For more information check: https://developer.mozilla.org/en-US/docs/Web/HTTP/Status/403",2026-07-18T20:59:10.084038
liberation,bd6t51126993k,,failed,0,0,,http_manifest,known,403,manifest,"Client error '403 ' for url 'https://openapiproext.bnf.fr/iiif/presentation/v3/ark:/12148/bd6t51126993k/manifest.json'
For more information check: https://developer.mozilla.org/en-US/docs/Web/HTTP/Status/403",2026-07-18T20:59:11.295583
liberation,bd6t511269940,,failed,0,0,,http_manifest,known,403,manifest,"Client error '403 ' for url 'https://openapiproext.bnf.fr/iiif/presentation/v3/ark:/12148/bd6t511269940/manifest.json'
For more information check: https://developer.mozilla.org/en-US/docs/Web/HTTP/Status/403",2026-07-18T20:59:12.495004
liberation,bd6t51126995d,,failed,0,0,,http_manifest,known,403,manifest,"Client error '403 ' for url 'https://openapiproext.bnf.fr/iiif/presentation/v3/ark:/12148/bd6t51126995d/manifest.json'
For more information check: https://developer.mozilla.org/en-US/docs/Web/HTTP/Status/403",2026-07-18T20:59:13.696314
liberation,bd6t51126996t,,failed,0,0,,http_manifest,known,403,manifest,"Client error '403 ' for url 'https://openapiproext.bnf.fr/iiif/presentation/v3/ark:/12148/bd6t51126996t/manifest.json'
For more information check: https://developer.mozilla.org/en-US/docs/Web/HTTP/Status/403",2026-07-18T20:59:14.907612
liberation,bd6t511269977,,failed,0,0,,http_manifest,known,403,manifest,"Client error '403 ' for url 'https://openapiproext.bnf.fr/iiif/presentation/v3/ark:/12148/bd6t511269977/manifest.json'
For more information check: https://developer.mozilla.org/en-US/docs/Web/HTTP/Status/403",2026-07-18T20:59:16.094020
liberation,bd6t51126998n,,failed,0,0,,http_manifest,known,403,manifest,"Client error '403 ' for url 'https://openapiproext.bnf.fr/iiif/presentation/v3/ark:/12148/bd6t51126998n/manifest.json'
For more information check: https://developer.mozilla.org/en-US/docs/Web/HTTP/Status/403",2026-07-18T20:59:17.333472
liberation,bd6t511269992,,failed,0,0,,http_manifest,known,403,manifest,"Client error '403 ' for url 'https://openapiproext.bnf.fr/iiif/presentation/v3/ark:/12148/bd6t511269992/manifest.json'
For more information check: https://developer.mozilla.org/en-US/docs/Web/HTTP/Status/403",2026-07-18T20:59:18.580468
liberation,bd6t511270004,,failed,0,0,,http_manifest,known,403,manifest,"Client error '403 ' for url 'https://openapiproext.bnf.fr/iiif/presentation/v3/ark:/12148/bd6t511270004/manifest.json'
For more information check: https://developer.mozilla.org/en-US/docs/Web/HTTP/Status/403",2026-07-18T20:59:19.695376
liberation,bd6t51127001j,,failed,0,0,,http_manifest,known,403,manifest,"Client error '403 ' for url 'https://openapiproext.bnf.fr/iiif/presentation/v3/ark:/12148/bd6t51127001j/manifest.json'
For more information check: https://developer.mozilla.org/en-US/docs/Web/HTTP/Status/403",2026-07-18T20:59:20.895687
liberation,bd6t51127002z,,failed,0,0,,http_manifest,known,403,manifest,"Client error '403 ' for url 'https://openapiproext.bnf.fr/iiif/presentation/v3/ark:/12148/bd6t51127002z/manifest.json'
For more information check: https://developer.mozilla.org/en-US/docs/Web/HTTP/Status/403",2026-07-18T20:59:22.162305
liberation,bd6t51127003c,,failed,0,0,,http_manifest,known,403,manifest,"Client error '403 ' for url 'https://openapiproext.bnf.fr/iiif/presentation/v3/ark:/12148/bd6t51127003c/manifest.json'
For more information check: https://developer.mozilla.org/en-US/docs/Web/HTTP/Status/403",2026-07-18T20:59:23.556755
liberation,bd6t51127004s,,failed,0,0,,http_manifest,known,403,manifest,"Client error '403 ' for url 'https://openapiproext.bnf.fr/iiif/presentation/v3/ark:/12148/bd6t51127004s/manifest.json'
For more information check: https://developer.mozilla.org/en-US/docs/Web/HTTP/Status/403",2026-07-18T20:59:24.551435
liberation,bd6t511270056,,failed,0,0,,http_manifest,known,403,manifest,"Client error '403 ' for url 'https://openapiproext.bnf.fr/iiif/presentation/v3/ark:/12148/bd6t511270056/manifest.json'
For more information check: https://developer.mozilla.org/en-US/docs/Web/HTTP/Status/403",2026-07-18T20:59:25.703827
liberation,bd6t51127006m,,failed,0,0,,http_manifest,known,403,manifest,"Client error '403 ' for url 'https://openapiproext.bnf.fr/iiif/presentation/v3/ark:/12148/bd6t51127006m/manifest.json'
For more information check: https://developer.mozilla.org/en-US/docs/Web/HTTP/Status/403",2026-07-18T20:59:26.922793
liberation,bd6t511270071,,failed,0,0,,http_manifest,known,403,manifest,"Client error '403 ' for url 'https://openapiproext.bnf.fr/iiif/presentation/v3/ark:/12148/bd6t511270071/manifest.json'
For more information check: https://developer.mozilla.org/en-US/docs/Web/HTTP/Status/403",2026-07-18T20:59:28.114021
liberation,bd6t51127008f,,failed,0,0,,http_manifest,known,403,manifest,"Client error '403 ' for url 'https://openapiproext.bnf.fr/iiif/presentation/v3/ark:/12148/bd6t51127008f/manifest.json'
For more information check: https://developer.mozilla.org/en-US/docs/Web/HTTP/Status/403",2026-07-18T20:59:29.313408
liberation,bd6t51127009v,,failed,0,0,,http_manifest,known,403,manifest,"Client error '403 ' for url 'https://openapiproext.bnf.fr/iiif/presentation/v3/ark:/12148/bd6t51127009v/manifest.json'
For more information check: https://developer.mozilla.org/en-US/docs/Web/HTTP/Status/403",2026-07-18T20:59:30.509805
liberation,bd6t51127010h,,failed,0,0,,http_manifest,known,403,manifest,"Client error '403 ' for url 'https://openapiproext.bnf.fr/iiif/presentation/v3/ark:/12148/bd6t51127010h/manifest.json'
For more information check: https://developer.mozilla.org/en-US/docs/Web/HTTP/Status/403",2026-07-18T20:59:31.714117
liberation,bd6t51127011x,,failed,0,0,,http_manifest,known,403,manifest,"Client error '403 ' for url 'https://openapiproext.bnf.fr/iiif/presentation/v3/ark:/12148/bd6t51127011x/manifest.json'
For more information check: https://developer.mozilla.org/en-US/docs/Web/HTTP/Status/403",2026-07-18T20:59:32.935322
liberation,bd6t51127012b,,failed,0,0,,http_manifest,known,403,manifest,"Client error '403 ' for url 'https://openapiproext.bnf.fr/iiif/presentation/v3/ark:/12148/bd6t51127012b/manifest.json'
For more information check: https://developer.mozilla.org/en-US/docs/Web/HTTP/Status/403",2026-07-18T20:59:34.108044
liberation,bd6t51127013r,,failed,0,0,,http_manifest,known,403,manifest,"Client error '403 ' for url 'https://openapiproext.bnf.fr/iiif/presentation/v3/ark:/12148/bd6t51127013r/manifest.json'
For more information check: https://developer.mozilla.org/en-US/docs/Web/HTTP/Status/403",2026-07-18T20:59:35.314105
liberation,bd6t511270145,,failed,0,0,,http_manifest,known,403,manifest,"Client error '403 ' for url 'https://openapiproext.bnf.fr/iiif/presentation/v3/ark:/12148/bd6t511270145/manifest.json'
For more information check: https://developer.mozilla.org/en-US/docs/Web/HTTP/Status/403",2026-07-18T20:59:36.512057
liberation,bd6t51127015k,,failed,0,0,,http_manifest,known,403,manifest,"Client error '403 ' for url 'https://openapiproext.bnf.fr/iiif/presentation/v3/ark:/12148/bd6t51127015k/manifest.json'
For more information check: https://developer.mozilla.org/en-US/docs/Web/HTTP/Status/403",2026-07-18T20:59:37.723045
liberation,bd6t511270160,,failed,0,0,,http_manifest,known,403,manifest,"Client error '403 ' for url 'https://openapiproext.bnf.fr/iiif/presentation/v3/ark:/12148/bd6t511270160/manifest.json'
For more information check: https://developer.mozilla.org/en-US/docs/Web/HTTP/Status/403",2026-07-18T20:59:38.916923
liberation,bd6t51127017d,,failed,0,0,,http_manifest,known,403,manifest,"Client error '403 ' for url 'https://openapiproext.bnf.fr/iiif/presentation/v3/ark:/12148/bd6t51127017d/manifest.json'
For more information check: https://developer.mozilla.org/en-US/docs/Web/HTTP/Status/403",2026-07-18T20:59:40.121743
liberation,bd6t51127018t,,failed,0,0,,http_manifest,known,403,manifest,"Client error '403 ' for url 'https://openapiproext.bnf.fr/iiif/presentation/v3/ark:/12148/bd6t51127018t/manifest.json'
For more information check: https://developer.mozilla.org/en-US/docs/Web/HTTP/Status/403",2026-07-18T20:59:41.319019
liberation,bd6t511270197,,failed,0,0,,http_manifest,known,403,manifest,"Client error '403 ' for url 'https://openapiproext.bnf.fr/iiif/presentation/v3/ark:/12148/bd6t511270197/manifest.json'
For more information check: https://developer.mozilla.org/en-US/docs/Web/HTTP/Status/403",2026-07-18T20:59:42.522181
liberation,bd6t51127020w,,failed,0,0,,http_manifest,known,403,manifest,"Client error '403 ' for url 'https://openapiproext.bnf.fr/iiif/presentation/v3/ark:/12148/bd6t51127020w/manifest.json'
For more information check: https://developer.mozilla.org/en-US/docs/Web/HTTP/Status/403",2026-07-18T20:59:43.720189
liberation,bd6t511270219,,failed,0,0,,http_manifest,known,403,manifest,"Client error '403 ' for url 'https://openapiproext.bnf.fr/iiif/presentation/v3/ark:/12148/bd6t511270219/manifest.json'
For more information check: https://developer.mozilla.org/en-US/docs/Web/HTTP/Status/403",2026-07-18T20:59:44.943350
liberation,bd6t51127022q,,failed,0,0,,http_manifest,known,403,manifest,"Client error '403 ' for url 'https://openapiproext.bnf.fr/iiif/presentation/v3/ark:/12148/bd6t51127022q/manifest.json'
For more information check: https://developer.mozilla.org/en-US/docs/Web/HTTP/Status/403",2026-07-18T20:59:46.120790
liberation,bd6t511270234,,failed,0,0,,http_manifest,known,403,manifest,"Client error '403 ' for url 'https://openapiproext.bnf.fr/iiif/presentation/v3/ark:/12148/bd6t511270234/manifest.json'
For more information check: https://developer.mozilla.org/en-US/docs/Web/HTTP/Status/403",2026-07-18T20:59:47.323583
liberation,bd6t51127024j,,failed,0,0,,http_manifest,known,403,manifest,"Client error '403 ' for url 'https://openapiproext.bnf.fr/iiif/presentation/v3/ark:/12148/bd6t51127024j/manifest.json'
For more information check: https://developer.mozilla.org/en-US/docs/Web/HTTP/Status/403",2026-07-18T20:59:48.526627
liberation,bd6t51127025z,,failed,0,0,,http_manifest,known,403,manifest,"Client error '403 ' for url 'https://openapiproext.bnf.fr/iiif/presentation/v3/ark:/12148/bd6t51127025z/manifest.json'
For more information check: https://developer.mozilla.org/en-US/docs/Web/HTTP/Status/403",2026-07-18T20:59:49.726298
liberation,bd6t51127026c,,failed,0,0,,http_manifest,known,403,manifest,"Client error '403 ' for url 'https://openapiproext.bnf.fr/iiif/presentation/v3/ark:/12148/bd6t51127026c/manifest.json'
For more information check: https://developer.mozilla.org/en-US/docs/Web/HTTP/Status/403",2026-07-18T20:59:50.926290
liberation,bd6t51127027s,,failed,0,0,,http_manifest,known,403,manifest,"Client error '403 ' for url 'https://openapiproext.bnf.fr/iiif/presentation/v3/ark:/12148/bd6t51127027s/manifest.json'
For more information check: https://developer.mozilla.org/en-US/docs/Web/HTTP/Status/403",2026-07-18T20:59:52.129911
liberation,bd6t511270286,,failed,0,0,,http_manifest,known,403,manifest,"Client error '403 ' for url 'https://openapiproext.bnf.fr/iiif/presentation/v3/ark:/12148/bd6t511270286/manifest.json'
For more information check: https://developer.mozilla.org/en-US/docs/Web/HTTP/Status/403",2026-07-18T20:59:53.330265
liberation,bd6t51127029m,,failed,0,0,,http_manifest,known,403,manifest,"Client error '403 ' for url 'https://openapiproext.bnf.fr/iiif/presentation/v3/ark:/12148/bd6t51127029m/manifest.json'
For more information check: https://developer.mozilla.org/en-US/docs/Web/HTTP/Status/403",2026-07-18T20:59:54.530343
liberation,bd6t511268225,,failed,0,0,,http_manifest,known,403,manifest,"Client error '403 ' for url 'https://openapiproext.bnf.fr/iiif/presentation/v3/ark:/12148/bd6t511268225/manifest.json'
For more information check: https://developer.mozilla.org/en-US/docs/Web/HTTP/Status/403",2026-07-18T20:59:55.730946
liberation,bd6t51126823k,,failed,0,0,,http_manifest,known,403,manifest,"Client error '403 ' for url 'https://openapiproext.bnf.fr/iiif/presentation/v3/ark:/12148/bd6t51126823k/manifest.json'
For more information check: https://developer.mozilla.org/en-US/docs/Web/HTTP/Status/403",2026-07-18T20:59:56.956459
liberation,bd6t511268240,,failed,0,0,,http_manifest,known,403,manifest,"Client error '403 ' for url 'https://openapiproext.bnf.fr/iiif/presentation/v3/ark:/12148/bd6t511268240/manifest.json'
For more information check: https://developer.mozilla.org/en-US/docs/Web/HTTP/Status/403",2026-07-18T20:59:58.135469
liberation,bd6t51126825d,,failed,0,0,,http_manifest,known,403,manifest,"Client error '403 ' for url 'https://openapiproext.bnf.fr/iiif/presentation/v3/ark:/12148/bd6t51126825d/manifest.json'
For more information check: https://developer.mozilla.org/en-US/docs/Web/HTTP/Status/403",2026-07-18T20:59:59.335714
liberation,bd6t51126826t,,failed,0,0,,http_manifest,known,403,manifest,"Client error '403 ' for url 'https://openapiproext.bnf.fr/iiif/presentation/v3/ark:/12148/bd6t51126826t/manifest.json'
For more information check: https://developer.mozilla.org/en-US/docs/Web/HTTP/Status/403",2026-07-18T21:00:00.536956
liberation,bd6t511268277,,failed,0,0,,http_manifest,known,403,manifest,"Client error '403 ' for url 'https://openapiproext.bnf.fr/iiif/presentation/v3/ark:/12148/bd6t511268277/manifest.json'
For more information check: https://developer.mozilla.org/en-US/docs/Web/HTTP/Status/403",2026-07-18T21:00:01.740902
liberation,bd6t51126828n,,failed,0,0,,http_manifest,known,403,manifest,"Client error '403 ' for url 'https://openapiproext.bnf.fr/iiif/presentation/v3/ark:/12148/bd6t51126828n/manifest.json'
For more information check: https://developer.mozilla.org/en-US/docs/Web/HTTP/Status/403",2026-07-18T21:00:02.952061
liberation,bd6t511268292,,failed,0,0,,http_manifest,known,403,manifest,"Client error '403 ' for url 'https://openapiproext.bnf.fr/iiif/presentation/v3/ark:/12148/bd6t511268292/manifest.json'
For more information check: https://developer.mozilla.org/en-US/docs/Web/HTTP/Status/403",2026-07-18T21:00:04.151108
liberation,bd6t51126830q,,failed,0,0,,http_manifest,known,403,manifest,"Client error '403 ' for url 'https://openapiproext.bnf.fr/iiif/presentation/v3/ark:/12148/bd6t51126830q/manifest.json'
For more information check: https://developer.mozilla.org/en-US/docs/Web/HTTP/Status/403",2026-07-18T21:00:05.342939
liberation,bd6t511268314,,failed,0,0,,http_manifest,known,403,manifest,"Client error '403 ' for url 'https://openapiproext.bnf.fr/iiif/presentation/v3/ark:/12148/bd6t511268314/manifest.json'
For more information check: https://developer.mozilla.org/en-US/docs/Web/HTTP/Status/403",2026-07-18T21:00:06.547028
liberation,bd6t51126832j,,failed,0,0,,http_manifest,known,403,manifest,"Client error '403 ' for url 'https://openapiproext.bnf.fr/iiif/presentation/v3/ark:/12148/bd6t51126832j/manifest.json'
For more information check: https://developer.mozilla.org/en-US/docs/Web/HTTP/Status/403",2026-07-18T21:00:07.751232
liberation,bd6t51126833z,,failed,0,0,,http_manifest,known,403,manifest,"Client error '403 ' for url 'https://openapiproext.bnf.fr/iiif/presentation/v3/ark:/12148/bd6t51126833z/manifest.json'
For more information check: https://developer.mozilla.org/en-US/docs/Web/HTTP/Status/403",2026-07-18T21:00:08.957576
liberation,bd6t51126834c,,failed,0,0,,http_manifest,known,403,manifest,"Client error '403 ' for url 'https://openapiproext.bnf.fr/iiif/presentation/v3/ark:/12148/bd6t51126834c/manifest.json'
For more information check: https://developer.mozilla.org/en-US/docs/Web/HTTP/Status/403",2026-07-18T21:00:10.149605
liberation,bd6t51126835s,,failed,0,0,,http_manifest,known,403,manifest,"Client error '403 ' for url 'https://openapiproext.bnf.fr/iiif/presentation/v3/ark:/12148/bd6t51126835s/manifest.json'
For more information check: https://developer.mozilla.org/en-US/docs/Web/HTTP/Status/403",2026-07-18T21:00:11.351618
liberation,bd6t511268366,,failed,0,0,,http_manifest,known,403,manifest,"Client error '403 ' for url 'https://openapiproext.bnf.fr/iiif/presentation/v3/ark:/12148/bd6t511268366/manifest.json'
For more information check: https://developer.mozilla.org/en-US/docs/Web/HTTP/Status/403",2026-07-18T21:00:12.561466
liberation,bd6t51126837m,,failed,0,0,,http_manifest,known,403,manifest,"Client error '403 ' for url 'https://openapiproext.bnf.fr/iiif/presentation/v3/ark:/12148/bd6t51126837m/manifest.json'
For more information check: https://developer.mozilla.org/en-US/docs/Web/HTTP/Status/403",2026-07-18T21:00:13.831985
liberation,bd6t511268381,,failed,0,0,,http_manifest,known,403,manifest,"Client error '403 ' for url 'https://openapiproext.bnf.fr/iiif/presentation/v3/ark:/12148/bd6t511268381/manifest.json'
For more information check: https://developer.mozilla.org/en-US/docs/Web/HTTP/Status/403",2026-07-18T21:00:15.048810
liberation,bd6t51126839f,,failed,0,0,,http_manifest,known,403,manifest,"Client error '403 ' for url 'https://openapiproext.bnf.fr/iiif/presentation/v3/ark:/12148/bd6t51126839f/manifest.json'
For more information check: https://developer.mozilla.org/en-US/docs/Web/HTTP/Status/403",2026-07-18T21:00:16.214493
liberation,bd6t511268403,,failed,0,0,,http_manifest,known,403,manifest,"Client error '403 ' for url 'https://openapiproext.bnf.fr/iiif/presentation/v3/ark:/12148/bd6t511268403/manifest.json'
For more information check: https://developer.mozilla.org/en-US/docs/Web/HTTP/Status/403",2026-07-18T21:00:17.363608
liberation,bd6t51126841h,,failed,0,0,,http_manifest,known,403,manifest,"Client error '403 ' for url 'https://openapiproext.bnf.fr/iiif/presentation/v3/ark:/12148/bd6t51126841h/manifest.json'
For more information check: https://developer.mozilla.org/en-US/docs/Web/HTTP/Status/403",2026-07-18T21:00:18.562376
liberation,bd6t51126842x,,failed,0,0,,http_manifest,known,403,manifest,"Client error '403 ' for url 'https://openapiproext.bnf.fr/iiif/presentation/v3/ark:/12148/bd6t51126842x/manifest.json'
For more information check: https://developer.mozilla.org/en-US/docs/Web/HTTP/Status/403",2026-07-18T21:00:19.761709
liberation,bd6t51126843b,,failed,0,0,,http_manifest,known,403,manifest,"Client error '403 ' for url 'https://openapiproext.bnf.fr/iiif/presentation/v3/ark:/12148/bd6t51126843b/manifest.json'
For more information check: https://developer.mozilla.org/en-US/docs/Web/HTTP/Status/403",2026-07-18T21:00:21.105379
liberation,bd6t51126844r,,failed,0,0,,http_manifest,known,403,manifest,"Client error '403 ' for url 'https://openapiproext.bnf.fr/iiif/presentation/v3/ark:/12148/bd6t51126844r/manifest.json'
For more information check: https://developer.mozilla.org/en-US/docs/Web/HTTP/Status/403",2026-07-18T21:00:22.311254
liberation,bd6t511268455,,failed,0,0,,http_manifest,known,403,manifest,"Client error '403 ' for url 'https://openapiproext.bnf.fr/iiif/presentation/v3/ark:/12148/bd6t511268455/manifest.json'
For more information check: https://developer.mozilla.org/en-US/docs/Web/HTTP/Status/403",2026-07-18T21:00:23.539696
liberation,bd6t51126846k,,failed,0,0,,http_manifest,known,403,manifest,"Client error '403 ' for url 'https://openapiproext.bnf.fr/iiif/presentation/v3/ark:/12148/bd6t51126846k/manifest.json'
For more information check: https://developer.mozilla.org/en-US/docs/Web/HTTP/Status/403",2026-07-18T21:00:24.574131
liberation,bd6t511268470,,failed,0,0,,http_manifest,known,403,manifest,"Client error '403 ' for url 'https://openapiproext.bnf.fr/iiif/presentation/v3/ark:/12148/bd6t511268470/manifest.json'
For more information check: https://developer.mozilla.org/en-US/docs/Web/HTTP/Status/403",2026-07-18T21:00:25.765239
liberation,bd6t51126848d,,failed,0,0,,http_manifest,known,403,manifest,"Client error '403 ' for url 'https://openapiproext.bnf.fr/iiif/presentation/v3/ark:/12148/bd6t51126848d/manifest.json'
For more information check: https://developer.mozilla.org/en-US/docs/Web/HTTP/Status/403",2026-07-18T21:00:26.971970
liberation,bd6t51126849t,,failed,0,0,,http_manifest,known,403,manifest,"Client error '403 ' for url 'https://openapiproext.bnf.fr/iiif/presentation/v3/ark:/12148/bd6t51126849t/manifest.json'
For more information check: https://developer.mozilla.org/en-US/docs/Web/HTTP/Status/403",2026-07-18T21:00:28.171035
liberation,bd6t51126850g,,failed,0,0,,http_manifest,known,403,manifest,"Client error '403 ' for url 'https://openapiproext.bnf.fr/iiif/presentation/v3/ark:/12148/bd6t51126850g/manifest.json'
For more information check: https://developer.mozilla.org/en-US/docs/Web/HTTP/Status/403",2026-07-18T21:00:29.367678
liberation,bd6t51126851w,,failed,0,0,,http_manifest,known,403,manifest,"Client error '403 ' for url 'https://openapiproext.bnf.fr/iiif/presentation/v3/ark:/12148/bd6t51126851w/manifest.json'
For more information check: https://developer.mozilla.org/en-US/docs/Web/HTTP/Status/403",2026-07-18T21:00:30.578939
liberation,bd6t511268529,,failed,0,0,,http_manifest,known,403,manifest,"Client error '403 ' for url 'https://openapiproext.bnf.fr/iiif/presentation/v3/ark:/12148/bd6t511268529/manifest.json'
For more information check: https://developer.mozilla.org/en-US/docs/Web/HTTP/Status/403",2026-07-18T21:00:31.770838
liberation,bd6t51126853q,,failed,0,0,,http_manifest,known,403,manifest,"Client error '403 ' for url 'https://openapiproext.bnf.fr/iiif/presentation/v3/ark:/12148/bd6t51126853q/manifest.json'
For more information check: https://developer.mozilla.org/en-US/docs/Web/HTTP/Status/403",2026-07-18T21:00:32.997294
liberation,bd6t511268544,,failed,0,0,,http_manifest,known,403,manifest,"Client error '403 ' for url 'https://openapiproext.bnf.fr/iiif/presentation/v3/ark:/12148/bd6t511268544/manifest.json'
For more information check: https://developer.mozilla.org/en-US/docs/Web/HTTP/Status/403",2026-07-18T21:00:34.181209
liberation,bd6t51126855j,,failed,0,0,,http_manifest,known,403,manifest,"Client error '403 ' for url 'https://openapiproext.bnf.fr/iiif/presentation/v3/ark:/12148/bd6t51126855j/manifest.json'
For more information check: https://developer.mozilla.org/en-US/docs/Web/HTTP/Status/403",2026-07-18T21:00:35.379435
liberation,bd6t51126856z,,failed,0,0,,http_manifest,known,403,manifest,"Client error '403 ' for url 'https://openapiproext.bnf.fr/iiif/presentation/v3/ark:/12148/bd6t51126856z/manifest.json'
For more information check: https://developer.mozilla.org/en-US/docs/Web/HTTP/Status/403",2026-07-18T21:00:40.227420
liberation,bd6t51126857c,,failed,0,0,,http_manifest,known,403,manifest,"Client error '403 ' for url 'https://openapiproext.bnf.fr/iiif/presentation/v3/ark:/12148/bd6t51126857c/manifest.json'
For more information check: https://developer.mozilla.org/en-US/docs/Web/HTTP/Status/403",2026-07-18T21:00:40.277118
liberation,bd6t51126858s,,failed,0,0,,http_manifest,known,403,manifest,"Client error '403 ' for url 'https://openapiproext.bnf.fr/iiif/presentation/v3/ark:/12148/bd6t51126858s/manifest.json'
For more information check: https://developer.mozilla.org/en-US/docs/Web/HTTP/Status/403",2026-07-18T21:00:41.477570
liberation,bd6t511268596,,failed,0,0,,http_manifest,known,403,manifest,"Client error '403 ' for url 'https://openapiproext.bnf.fr/iiif/presentation/v3/ark:/12148/bd6t511268596/manifest.json'
For more information check: https://developer.mozilla.org/en-US/docs/Web/HTTP/Status/403",2026-07-18T21:00:42.667399
liberation,bd6t51126860v,,failed,0,0,,http_manifest,known,403,manifest,"Client error '403 ' for url 'https://openapiproext.bnf.fr/iiif/presentation/v3/ark:/12148/bd6t51126860v/manifest.json'
For more information check: https://developer.mozilla.org/en-US/docs/Web/HTTP/Status/403",2026-07-18T21:00:43.869302
liberation,bd6t511268618,,failed,0,0,,http_manifest,known,403,manifest,"Client error '403 ' for url 'https://openapiproext.bnf.fr/iiif/presentation/v3/ark:/12148/bd6t511268618/manifest.json'
For more information check: https://developer.mozilla.org/en-US/docs/Web/HTTP/Status/403",2026-07-18T21:00:45.065852
liberation,bd6t51126862p,,failed,0,0,,http_manifest,known,403,manifest,"Client error '403 ' for url 'https://openapiproext.bnf.fr/iiif/presentation/v3/ark:/12148/bd6t51126862p/manifest.json'
For more information check: https://developer.mozilla.org/en-US/docs/Web/HTTP/Status/403",2026-07-18T21:00:46.289631
liberation,bd6t511268633,,failed,0,0,,http_manifest,known,403,manifest,"Client error '403 ' for url 'https://openapiproext.bnf.fr/iiif/presentation/v3/ark:/12148/bd6t511268633/manifest.json'
For more information check: https://developer.mozilla.org/en-US/docs/Web/HTTP/Status/403",2026-07-18T21:00:47.468410
liberation,bd6t51126864h,,failed,0,0,,http_manifest,known,403,manifest,"Client error '403 ' for url 'https://openapiproext.bnf.fr/iiif/presentation/v3/ark:/12148/bd6t51126864h/manifest.json'
For more information check: https://developer.mozilla.org/en-US/docs/Web/HTTP/Status/403",2026-07-18T21:00:48.665996
liberation,bd6t51126865x,,failed,0,0,,http_manifest,known,403,manifest,"Client error '403 ' for url 'https://openapiproext.bnf.fr/iiif/presentation/v3/ark:/12148/bd6t51126865x/manifest.json'
For more information check: https://developer.mozilla.org/en-US/docs/Web/HTTP/Status/403",2026-07-18T21:00:49.872124
liberation,bd6t51126866b,,failed,0,0,,http_manifest,known,403,manifest,"Client error '403 ' for url 'https://openapiproext.bnf.fr/iiif/presentation/v3/ark:/12148/bd6t51126866b/manifest.json'
For more information check: https://developer.mozilla.org/en-US/docs/Web/HTTP/Status/403",2026-07-18T21:00:51.075244
liberation,bd6t51126867r,,failed,0,0,,http_manifest,known,403,manifest,"Client error '403 ' for url 'https://openapiproext.bnf.fr/iiif/presentation/v3/ark:/12148/bd6t51126867r/manifest.json'
For more information check: https://developer.mozilla.org/en-US/docs/Web/HTTP/Status/403",2026-07-18T21:00:52.419355
liberation,bd6t511268685,,failed,0,0,,http_manifest,known,403,manifest,"Client error '403 ' for url 'https://openapiproext.bnf.fr/iiif/presentation/v3/ark:/12148/bd6t511268685/manifest.json'
For more information check: https://developer.mozilla.org/en-US/docs/Web/HTTP/Status/403",2026-07-18T21:00:53.483443
liberation,bd6t51126869k,,failed,0,0,,http_manifest,known,403,manifest,"Client error '403 ' for url 'https://openapiproext.bnf.fr/iiif/presentation/v3/ark:/12148/bd6t51126869k/manifest.json'
For more information check: https://developer.mozilla.org/en-US/docs/Web/HTTP/Status/403",2026-07-18T21:00:54.684666
liberation,bd6t511268707,,failed,0,0,,http_manifest,known,403,manifest,"Client error '403 ' for url 'https://openapiproext.bnf.fr/iiif/presentation/v3/ark:/12148/bd6t511268707/manifest.json'
For more information check: https://developer.mozilla.org/en-US/docs/Web/HTTP/Status/403",2026-07-18T21:00:55.883548
liberation,bd6t51126871n,,failed,0,0,,http_manifest,known,403,manifest,"Client error '403 ' for url 'https://openapiproext.bnf.fr/iiif/presentation/v3/ark:/12148/bd6t51126871n/manifest.json'
For more information check: https://developer.mozilla.org/en-US/docs/Web/HTTP/Status/403",2026-07-18T21:00:57.080577
liberation,bd6t511268722,,failed,0,0,,http_manifest,known,403,manifest,"Client error '403 ' for url 'https://openapiproext.bnf.fr/iiif/presentation/v3/ark:/12148/bd6t511268722/manifest.json'
For more information check: https://developer.mozilla.org/en-US/docs/Web/HTTP/Status/403",2026-07-18T21:00:58.287648
liberation,bd6t51126873g,,failed,0,0,,http_manifest,known,403,manifest,"Client error '403 ' for url 'https://openapiproext.bnf.fr/iiif/presentation/v3/ark:/12148/bd6t51126873g/manifest.json'
For more information check: https://developer.mozilla.org/en-US/docs/Web/HTTP/Status/403",2026-07-18T21:01:14.828467
liberation,bd6t51126874w,,failed,0,0,,http_manifest,known,403,manifest,"Client error '403 ' for url 'https://openapiproext.bnf.fr/iiif/presentation/v3/ark:/12148/bd6t51126874w/manifest.json'
For more information check: https://developer.mozilla.org/en-US/docs/Web/HTTP/Status/403",2026-07-18T21:01:15.173820
liberation,bd6t511268759,,failed,0,0,,http_manifest,known,403,manifest,"Client error '403 ' for url 'https://openapiproext.bnf.fr/iiif/presentation/v3/ark:/12148/bd6t511268759/manifest.json'
For more information check: https://developer.mozilla.org/en-US/docs/Web/HTTP/Status/403",2026-07-18T21:01:16.293000
liberation,bd6t51126876q,,failed,0,0,,http_manifest,known,403,manifest,"Client error '403 ' for url 'https://openapiproext.bnf.fr/iiif/presentation/v3/ark:/12148/bd6t51126876q/manifest.json'
For more information check: https://developer.mozilla.org/en-US/docs/Web/HTTP/Status/403",2026-07-18T21:01:17.276247
liberation,bd6t511268774,,failed,0,0,,http_manifest,known,403,manifest,"Client error '403 ' for url 'https://openapiproext.bnf.fr/iiif/presentation/v3/ark:/12148/bd6t511268774/manifest.json'
For more information check: https://developer.mozilla.org/en-US/docs/Web/HTTP/Status/403",2026-07-18T21:01:18.477157
liberation,bd6t51126878j,,failed,0,0,,http_manifest,known,403,manifest,"Client error '403 ' for url 'https://openapiproext.bnf.fr/iiif/presentation/v3/ark:/12148/bd6t51126878j/manifest.json'
For more information check: https://developer.mozilla.org/en-US/docs/Web/HTTP/Status/403",2026-07-18T21:01:19.708411
liberation,bd6t51126879z,,failed,0,0,,http_manifest,known,403,manifest,"Client error '403 ' for url 'https://openapiproext.bnf.fr/iiif/presentation/v3/ark:/12148/bd6t51126879z/manifest.json'
For more information check: https://developer.mozilla.org/en-US/docs/Web/HTTP/Status/403",2026-07-18T21:01:20.902012
liberation,bd6t51126880m,,failed,0,0,,http_manifest,known,403,manifest,"Client error '403 ' for url 'https://openapiproext.bnf.fr/iiif/presentation/v3/ark:/12148/bd6t51126880m/manifest.json'
For more information check: https://developer.mozilla.org/en-US/docs/Web/HTTP/Status/403",2026-07-18T21:01:22.323251
liberation,bd6t511268811,,failed,0,0,,http_manifest,known,403,manifest,"Client error '403 ' for url 'https://openapiproext.bnf.fr/iiif/presentation/v3/ark:/12148/bd6t511268811/manifest.json'
For more information check: https://developer.mozilla.org/en-US/docs/Web/HTTP/Status/403",2026-07-18T21:01:23.409866
liberation,bd6t51126882f,,failed,0,0,,http_manifest,known,403,manifest,"Client error '403 ' for url 'https://openapiproext.bnf.fr/iiif/presentation/v3/ark:/12148/bd6t51126882f/manifest.json'
For more information check: https://developer.mozilla.org/en-US/docs/Web/HTTP/Status/403",2026-07-18T21:01:24.669055
liberation,bd6t51126883v,,failed,0,0,,http_manifest,known,403,manifest,"Client error '403 ' for url 'https://openapiproext.bnf.fr/iiif/presentation/v3/ark:/12148/bd6t51126883v/manifest.json'
For more information check: https://developer.mozilla.org/en-US/docs/Web/HTTP/Status/403",2026-07-18T21:01:25.749706
liberation,bd6t511268848,,failed,0,0,,http_manifest,known,403,manifest,"Client error '403 ' for url 'https://openapiproext.bnf.fr/iiif/presentation/v3/ark:/12148/bd6t511268848/manifest.json'
For more information check: https://developer.mozilla.org/en-US/docs/Web/HTTP/Status/403",2026-07-18T21:01:26.973049
liberation,bd6t51126885p,,failed,0,0,,http_manifest,known,403,manifest,"Client error '403 ' for url 'https://openapiproext.bnf.fr/iiif/presentation/v3/ark:/12148/bd6t51126885p/manifest.json'
For more information check: https://developer.mozilla.org/en-US/docs/Web/HTTP/Status/403",2026-07-18T21:01:28.313183
liberation,bd6t511268863,,failed,0,0,,http_manifest,known,403,manifest,"Client error '403 ' for url 'https://openapiproext.bnf.fr/iiif/presentation/v3/ark:/12148/bd6t511268863/manifest.json'
For more information check: https://developer.mozilla.org/en-US/docs/Web/HTTP/Status/403",2026-07-18T21:01:29.293403
liberation,bd6t51126887h,,failed,0,0,,http_manifest,known,403,manifest,"Client error '403 ' for url 'https://openapiproext.bnf.fr/iiif/presentation/v3/ark:/12148/bd6t51126887h/manifest.json'
For more information check: https://developer.mozilla.org/en-US/docs/Web/HTTP/Status/403",2026-07-18T21:01:30.488419
liberation,bd6t51126888x,,failed,0,0,,http_manifest,known,403,manifest,"Client error '403 ' for url 'https://openapiproext.bnf.fr/iiif/presentation/v3/ark:/12148/bd6t51126888x/manifest.json'
For more information check: https://developer.mozilla.org/en-US/docs/Web/HTTP/Status/403",2026-07-18T21:01:31.694935
liberation,bd6t51126889b,,failed,0,0,,http_manifest,known,403,manifest,"Client error '403 ' for url 'https://openapiproext.bnf.fr/iiif/presentation/v3/ark:/12148/bd6t51126889b/manifest.json'
For more information check: https://developer.mozilla.org/en-US/docs/Web/HTTP/Status/403",2026-07-18T21:01:32.919135
liberation,bd6t511268900,,failed,0,0,,http_manifest,known,403,manifest,"Client error '403 ' for url 'https://openapiproext.bnf.fr/iiif/presentation/v3/ark:/12148/bd6t511268900/manifest.json'
For more information check: https://developer.mozilla.org/en-US/docs/Web/HTTP/Status/403",2026-07-18T21:01:34.093980
liberation,bd6t51126891d,,failed,0,0,,http_manifest,known,403,manifest,"Client error '403 ' for url 'https://openapiproext.bnf.fr/iiif/presentation/v3/ark:/12148/bd6t51126891d/manifest.json'
For more information check: https://developer.mozilla.org/en-US/docs/Web/HTTP/Status/403",2026-07-18T21:01:35.301662
liberation,bd6t51126892t,,failed,0,0,,http_manifest,known,403,manifest,"Client error '403 ' for url 'https://openapiproext.bnf.fr/iiif/presentation/v3/ark:/12148/bd6t51126892t/manifest.json'
For more information check: https://developer.mozilla.org/en-US/docs/Web/HTTP/Status/403",2026-07-18T21:01:36.507969
liberation,bd6t511268937,,failed,0,0,,http_manifest,known,403,manifest,"Client error '403 ' for url 'https://openapiproext.bnf.fr/iiif/presentation/v3/ark:/12148/bd6t511268937/manifest.json'
For more information check: https://developer.mozilla.org/en-US/docs/Web/HTTP/Status/403",2026-07-18T21:01:37.700094
liberation,bd6t51126894n,,failed,0,0,,http_manifest,known,403,manifest,"Client error '403 ' for url 'https://openapiproext.bnf.fr/iiif/presentation/v3/ark:/12148/bd6t51126894n/manifest.json'
For more information check: https://developer.mozilla.org/en-US/docs/Web/HTTP/Status/403",2026-07-18T21:01:38.920814
liberation,bd6t511268952,,failed,0,0,,http_manifest,known,403,manifest,"Client error '403 ' for url 'https://openapiproext.bnf.fr/iiif/presentation/v3/ark:/12148/bd6t511268952/manifest.json'
For more information check: https://developer.mozilla.org/en-US/docs/Web/HTTP/Status/403",2026-07-18T21:01:40.097007
liberation,bd6t51126896g,,failed,0,0,,http_manifest,known,403,manifest,"Client error '403 ' for url 'https://openapiproext.bnf.fr/iiif/presentation/v3/ark:/12148/bd6t51126896g/manifest.json'
For more information check: https://developer.mozilla.org/en-US/docs/Web/HTTP/Status/403",2026-07-18T21:01:41.312727
liberation,bd6t51126897w,,failed,0,0,,http_manifest,known,403,manifest,"Client error '403 ' for url 'https://openapiproext.bnf.fr/iiif/presentation/v3/ark:/12148/bd6t51126897w/manifest.json'
For more information check: https://developer.mozilla.org/en-US/docs/Web/HTTP/Status/403",2026-07-18T21:01:42.499631
liberation,bd6t511268989,,failed,0,0,,http_manifest,known,403,manifest,"Client error '403 ' for url 'https://openapiproext.bnf.fr/iiif/presentation/v3/ark:/12148/bd6t511268989/manifest.json'
For more information check: https://developer.mozilla.org/en-US/docs/Web/HTTP/Status/403",2026-07-18T21:01:43.705693
liberation,bd6t51126899q,,failed,0,0,,http_manifest,known,403,manifest,"Client error '403 ' for url 'https://openapiproext.bnf.fr/iiif/presentation/v3/ark:/12148/bd6t51126899q/manifest.json'
For more information check: https://developer.mozilla.org/en-US/docs/Web/HTTP/Status/403",2026-07-18T21:01:44.908909
liberation,bd6t51126900x,,failed,0,0,,http_manifest,known,403,manifest,"Client error '403 ' for url 'https://openapiproext.bnf.fr/iiif/presentation/v3/ark:/12148/bd6t51126900x/manifest.json'
For more information check: https://developer.mozilla.org/en-US/docs/Web/HTTP/Status/403",2026-07-18T21:01:46.106138
liberation,bd6t51126901b,,failed,0,0,,http_manifest,known,403,manifest,"Client error '403 ' for url 'https://openapiproext.bnf.fr/iiif/presentation/v3/ark:/12148/bd6t51126901b/manifest.json'
For more information check: https://developer.mozilla.org/en-US/docs/Web/HTTP/Status/403",2026-07-18T21:01:47.307979
liberation,bd6t51126902r,,failed,0,0,,http_manifest,known,403,manifest,"Client error '403 ' for url 'https://openapiproext.bnf.fr/iiif/presentation/v3/ark:/12148/bd6t51126902r/manifest.json'
For more information check: https://developer.mozilla.org/en-US/docs/Web/HTTP/Status/403",2026-07-18T21:01:48.508057
liberation,bd6t511269035,,failed,0,0,,http_manifest,known,403,manifest,"Client error '403 ' for url 'https://openapiproext.bnf.fr/iiif/presentation/v3/ark:/12148/bd6t511269035/manifest.json'
For more information check: https://developer.mozilla.org/en-US/docs/Web/HTTP/Status/403",2026-07-18T21:01:49.706622
liberation,bd6t51126904k,,failed,0,0,,http_manifest,known,403,manifest,"Client error '403 ' for url 'https://openapiproext.bnf.fr/iiif/presentation/v3/ark:/12148/bd6t51126904k/manifest.json'
For more information check: https://developer.mozilla.org/en-US/docs/Web/HTTP/Status/403",2026-07-18T21:01:50.934907
liberation,bd6t511269050,,failed,0,0,,http_manifest,known,403,manifest,"Client error '403 ' for url 'https://openapiproext.bnf.fr/iiif/presentation/v3/ark:/12148/bd6t511269050/manifest.json'
For more information check: https://developer.mozilla.org/en-US/docs/Web/HTTP/Status/403",2026-07-18T21:01:52.110611
liberation,bd6t51126906d,,failed,0,0,,http_manifest,known,403,manifest,"Client error '403 ' for url 'https://openapiproext.bnf.fr/iiif/presentation/v3/ark:/12148/bd6t51126906d/manifest.json'
For more information check: https://developer.mozilla.org/en-US/docs/Web/HTTP/Status/403",2026-07-18T21:01:53.314794
liberation,bd6t51126907t,,failed,0,0,,http_manifest,known,403,manifest,"Client error '403 ' for url 'https://openapiproext.bnf.fr/iiif/presentation/v3/ark:/12148/bd6t51126907t/manifest.json'
For more information check: https://developer.mozilla.org/en-US/docs/Web/HTTP/Status/403",2026-07-18T21:01:54.515612
liberation,bd6t511269087,,failed,0,0,,http_manifest,known,403,manifest,"Client error '403 ' for url 'https://openapiproext.bnf.fr/iiif/presentation/v3/ark:/12148/bd6t511269087/manifest.json'
For more information check: https://developer.mozilla.org/en-US/docs/Web/HTTP/Status/403",2026-07-18T21:01:55.716196
liberation,bd6t51126909n,,failed,0,0,,http_manifest,known,403,manifest,"Client error '403 ' for url 'https://openapiproext.bnf.fr/iiif/presentation/v3/ark:/12148/bd6t51126909n/manifest.json'
For more information check: https://developer.mozilla.org/en-US/docs/Web/HTTP/Status/403",2026-07-18T21:01:56.919003
liberation,bd6t511269109,,failed,0,0,,http_manifest,known,403,manifest,"Client error '403 ' for url 'https://openapiproext.bnf.fr/iiif/presentation/v3/ark:/12148/bd6t511269109/manifest.json'
For more information check: https://developer.mozilla.org/en-US/docs/Web/HTTP/Status/403",2026-07-18T21:01:58.116898
liberation,bd6t51126911q,,failed,0,0,,http_manifest,known,403,manifest,"Client error '403 ' for url 'https://openapiproext.bnf.fr/iiif/presentation/v3/ark:/12148/bd6t51126911q/manifest.json'
For more information check: https://developer.mozilla.org/en-US/docs/Web/HTTP/Status/403",2026-07-18T21:01:59.323431
liberation,bd6t511269124,,failed,0,0,,http_manifest,known,403,manifest,"Client error '403 ' for url 'https://openapiproext.bnf.fr/iiif/presentation/v3/ark:/12148/bd6t511269124/manifest.json'
For more information check: https://developer.mozilla.org/en-US/docs/Web/HTTP/Status/403",2026-07-18T21:02:00.519398
liberation,bd6t51126913j,,failed,0,0,,http_manifest,known,403,manifest,"Client error '403 ' for url 'https://openapiproext.bnf.fr/iiif/presentation/v3/ark:/12148/bd6t51126913j/manifest.json'
For more information check: https://developer.mozilla.org/en-US/docs/Web/HTTP/Status/403",2026-07-18T21:02:01.724985
liberation,bd6t51126914z,,failed,0,0,,http_manifest,known,403,manifest,"Client error '403 ' for url 'https://openapiproext.bnf.fr/iiif/presentation/v3/ark:/12148/bd6t51126914z/manifest.json'
For more information check: https://developer.mozilla.org/en-US/docs/Web/HTTP/Status/403",2026-07-18T21:02:02.956353
liberation,bd6t51126915c,,failed,0,0,,http_manifest,known,403,manifest,"Client error '403 ' for url 'https://openapiproext.bnf.fr/iiif/presentation/v3/ark:/12148/bd6t51126915c/manifest.json'
For more information check: https://developer.mozilla.org/en-US/docs/Web/HTTP/Status/403",2026-07-18T21:02:04.125435
liberation,bd6t51126916s,,failed,0,0,,http_manifest,known,403,manifest,"Client error '403 ' for url 'https://openapiproext.bnf.fr/iiif/presentation/v3/ark:/12148/bd6t51126916s/manifest.json'
For more information check: https://developer.mozilla.org/en-US/docs/Web/HTTP/Status/403",2026-07-18T21:02:05.328009
liberation,bd6t511269176,,failed,0,0,,http_manifest,known,403,manifest,"Client error '403 ' for url 'https://openapiproext.bnf.fr/iiif/presentation/v3/ark:/12148/bd6t511269176/manifest.json'
For more information check: https://developer.mozilla.org/en-US/docs/Web/HTTP/Status/403",2026-07-18T21:02:06.688895
liberation,bd6t51126918m,,failed,0,0,,http_manifest,known,403,manifest,"Client error '403 ' for url 'https://openapiproext.bnf.fr/iiif/presentation/v3/ark:/12148/bd6t51126918m/manifest.json'
For more information check: https://developer.mozilla.org/en-US/docs/Web/HTTP/Status/403",2026-07-18T21:02:07.813816
liberation,bd6t511269191,,failed,0,0,,http_manifest,known,403,manifest,"Client error '403 ' for url 'https://openapiproext.bnf.fr/iiif/presentation/v3/ark:/12148/bd6t511269191/manifest.json'
For more information check: https://developer.mozilla.org/en-US/docs/Web/HTTP/Status/403",2026-07-18T21:02:08.947397
liberation,bd6t51126920p,,failed,0,0,,http_manifest,known,403,manifest,"Client error '403 ' for url 'https://openapiproext.bnf.fr/iiif/presentation/v3/ark:/12148/bd6t51126920p/manifest.json'
For more information check: https://developer.mozilla.org/en-US/docs/Web/HTTP/Status/403",2026-07-18T21:02:10.165323
liberation,bd6t511269213,,failed,0,0,,http_manifest,known,403,manifest,"Client error '403 ' for url 'https://openapiproext.bnf.fr/iiif/presentation/v3/ark:/12148/bd6t511269213/manifest.json'
For more information check: https://developer.mozilla.org/en-US/docs/Web/HTTP/Status/403",2026-07-18T21:02:11.543521
liberation,bd6t51126922h,,failed,0,0,,http_manifest,known,403,manifest,"Client error '403 ' for url 'https://openapiproext.bnf.fr/iiif/presentation/v3/ark:/12148/bd6t51126922h/manifest.json'
For more information check: https://developer.mozilla.org/en-US/docs/Web/HTTP/Status/403",2026-07-18T21:02:12.532832
liberation,bd6t51126923x,,failed,0,0,,http_manifest,known,403,manifest,"Client error '403 ' for url 'https://openapiproext.bnf.fr/iiif/presentation/v3/ark:/12148/bd6t51126923x/manifest.json'
For more information check: https://developer.mozilla.org/en-US/docs/Web/HTTP/Status/403",2026-07-18T21:02:13.738947
liberation,bd6t51126924b,,failed,0,0,,http_manifest,known,403,manifest,"Client error '403 ' for url 'https://openapiproext.bnf.fr/iiif/presentation/v3/ark:/12148/bd6t51126924b/manifest.json'
For more information check: https://developer.mozilla.org/en-US/docs/Web/HTTP/Status/403",2026-07-18T21:02:15.060429
liberation,bd6t51126925r,,failed,0,0,,http_manifest,known,403,manifest,"Client error '403 ' for url 'https://openapiproext.bnf.fr/iiif/presentation/v3/ark:/12148/bd6t51126925r/manifest.json'
For more information check: https://developer.mozilla.org/en-US/docs/Web/HTTP/Status/403",2026-07-18T21:02:16.140537
liberation,bd6t511269265,,failed,0,0,,http_manifest,known,403,manifest,"Client error '403 ' for url 'https://openapiproext.bnf.fr/iiif/presentation/v3/ark:/12148/bd6t511269265/manifest.json'
For more information check: https://developer.mozilla.org/en-US/docs/Web/HTTP/Status/403",2026-07-18T21:02:17.478207
liberation,bd6t51126718x,,failed,0,0,,http_manifest,known,403,manifest,"Client error '403 ' for url 'https://openapiproext.bnf.fr/iiif/presentation/v3/ark:/12148/bd6t51126718x/manifest.json'
For more information check: https://developer.mozilla.org/en-US/docs/Web/HTTP/Status/403",2026-07-18T21:02:18.598377
liberation,bd6t51126719b,,failed,0,0,,http_manifest,known,403,manifest,"Client error '403 ' for url 'https://openapiproext.bnf.fr/iiif/presentation/v3/ark:/12148/bd6t51126719b/manifest.json'
For more information check: https://developer.mozilla.org/en-US/docs/Web/HTTP/Status/403",2026-07-18T21:02:19.966136
liberation,bd6t511267200,,failed,0,0,,http_manifest,known,403,manifest,"Client error '403 ' for url 'https://openapiproext.bnf.fr/iiif/presentation/v3/ark:/12148/bd6t511267200/manifest.json'
For more information check: https://developer.mozilla.org/en-US/docs/Web/HTTP/Status/403",2026-07-18T21:02:21.022551
liberation,bd6t51126721d,,failed,0,0,,http_manifest,known,403,manifest,"Client error '403 ' for url 'https://openapiproext.bnf.fr/iiif/presentation/v3/ark:/12148/bd6t51126721d/manifest.json'
For more information check: https://developer.mozilla.org/en-US/docs/Web/HTTP/Status/403",2026-07-18T21:02:22.145741
liberation,bd6t51126722t,,failed,0,0,,http_manifest,known,403,manifest,"Client error '403 ' for url 'https://openapiproext.bnf.fr/iiif/presentation/v3/ark:/12148/bd6t51126722t/manifest.json'
For more information check: https://developer.mozilla.org/en-US/docs/Web/HTTP/Status/403",2026-07-18T21:02:23.394832
liberation,bd6t511267237,,failed,0,0,,http_manifest,known,403,manifest,"Client error '403 ' for url 'https://openapiproext.bnf.fr/iiif/presentation/v3/ark:/12148/bd6t511267237/manifest.json'
For more information check: https://developer.mozilla.org/en-US/docs/Web/HTTP/Status/403",2026-07-18T21:02:24.551102
liberation,bd6t51126724n,,failed,0,0,,http_manifest,known,403,manifest,"Client error '403 ' for url 'https://openapiproext.bnf.fr/iiif/presentation/v3/ark:/12148/bd6t51126724n/manifest.json'
For more information check: https://developer.mozilla.org/en-US/docs/Web/HTTP/Status/403",2026-07-18T21:02:25.790159
liberation,bd6t511267252,,failed,0,0,,http_manifest,known,403,manifest,"Client error '403 ' for url 'https://openapiproext.bnf.fr/iiif/presentation/v3/ark:/12148/bd6t511267252/manifest.json'
For more information check: https://developer.mozilla.org/en-US/docs/Web/HTTP/Status/403",2026-07-18T21:02:27.059295
liberation,bd6t51126726g,,failed,0,0,,http_manifest,known,403,manifest,"Client error '403 ' for url 'https://openapiproext.bnf.fr/iiif/presentation/v3/ark:/12148/bd6t51126726g/manifest.json'
For more information check: https://developer.mozilla.org/en-US/docs/Web/HTTP/Status/403",2026-07-18T21:02:28.151098
liberation,bd6t51126727w,,failed,0,0,,http_manifest,known,403,manifest,"Client error '403 ' for url 'https://openapiproext.bnf.fr/iiif/presentation/v3/ark:/12148/bd6t51126727w/manifest.json'
For more information check: https://developer.mozilla.org/en-US/docs/Web/HTTP/Status/403",2026-07-18T21:02:29.351170
liberation,bd6t511267289,,failed,0,0,,http_manifest,known,403,manifest,"Client error '403 ' for url 'https://openapiproext.bnf.fr/iiif/presentation/v3/ark:/12148/bd6t511267289/manifest.json'
For more information check: https://developer.mozilla.org/en-US/docs/Web/HTTP/Status/403",2026-07-18T21:02:30.555359
liberation,bd6t51126729q,,failed,0,0,,http_manifest,known,403,manifest,"Client error '403 ' for url 'https://openapiproext.bnf.fr/iiif/presentation/v3/ark:/12148/bd6t51126729q/manifest.json'
For more information check: https://developer.mozilla.org/en-US/docs/Web/HTTP/Status/403",2026-07-18T21:02:31.778791
liberation,bd6t51126730c,,failed,0,0,,http_manifest,known,403,manifest,"Client error '403 ' for url 'https://openapiproext.bnf.fr/iiif/presentation/v3/ark:/12148/bd6t51126730c/manifest.json'
For more information check: https://developer.mozilla.org/en-US/docs/Web/HTTP/Status/403",2026-07-18T21:02:32.976700
liberation,bd6t51126731s,,failed,0,0,,http_manifest,known,403,manifest,"Client error '403 ' for url 'https://openapiproext.bnf.fr/iiif/presentation/v3/ark:/12148/bd6t51126731s/manifest.json'
For more information check: https://developer.mozilla.org/en-US/docs/Web/HTTP/Status/403",2026-07-18T21:02:34.160357
liberation,bd6t511267326,,failed,0,0,,http_manifest,known,403,manifest,"Client error '403 ' for url 'https://openapiproext.bnf.fr/iiif/presentation/v3/ark:/12148/bd6t511267326/manifest.json'
For more information check: https://developer.mozilla.org/en-US/docs/Web/HTTP/Status/403",2026-07-18T21:02:35.357177
liberation,bd6t51126733m,,failed,0,0,,http_manifest,known,403,manifest,"Client error '403 ' for url 'https://openapiproext.bnf.fr/iiif/presentation/v3/ark:/12148/bd6t51126733m/manifest.json'
For more information check: https://developer.mozilla.org/en-US/docs/Web/HTTP/Status/403",2026-07-18T21:02:36.564322
liberation,bd6t511267341,,failed,0,0,,http_manifest,known,403,manifest,"Client error '403 ' for url 'https://openapiproext.bnf.fr/iiif/presentation/v3/ark:/12148/bd6t511267341/manifest.json'
For more information check: https://developer.mozilla.org/en-US/docs/Web/HTTP/Status/403",2026-07-18T21:02:37.761033
liberation,bd6t51126735f,,failed,0,0,,http_manifest,known,403,manifest,"Client error '403 ' for url 'https://openapiproext.bnf.fr/iiif/presentation/v3/ark:/12148/bd6t51126735f/manifest.json'
For more information check: https://developer.mozilla.org/en-US/docs/Web/HTTP/Status/403",2026-07-18T21:02:38.990098
liberation,bd6t51126736v,,failed,0,0,,http_manifest,known,403,manifest,"Client error '403 ' for url 'https://openapiproext.bnf.fr/iiif/presentation/v3/ark:/12148/bd6t51126736v/manifest.json'
For more information check: https://developer.mozilla.org/en-US/docs/Web/HTTP/Status/403",2026-07-18T21:02:40.175133
liberation,bd6t511267378,,failed,0,0,,http_manifest,known,403,manifest,"Client error '403 ' for url 'https://openapiproext.bnf.fr/iiif/presentation/v3/ark:/12148/bd6t511267378/manifest.json'
For more information check: https://developer.mozilla.org/en-US/docs/Web/HTTP/Status/403",2026-07-18T21:02:41.372471
liberation,bd6t51126738p,,failed,0,0,,http_manifest,known,403,manifest,"Client error '403 ' for url 'https://openapiproext.bnf.fr/iiif/presentation/v3/ark:/12148/bd6t51126738p/manifest.json'
For more information check: https://developer.mozilla.org/en-US/docs/Web/HTTP/Status/403",2026-07-18T21:02:42.573391
liberation,bd6t511267393,,failed,0,0,,http_manifest,known,403,manifest,"Client error '403 ' for url 'https://openapiproext.bnf.fr/iiif/presentation/v3/ark:/12148/bd6t511267393/manifest.json'
For more information check: https://developer.mozilla.org/en-US/docs/Web/HTTP/Status/403",2026-07-18T21:02:43.770036
liberation,bd6t51126740r,,failed,0,0,,http_manifest,known,403,manifest,"Client error '403 ' for url 'https://openapiproext.bnf.fr/iiif/presentation/v3/ark:/12148/bd6t51126740r/manifest.json'
For more information check: https://developer.mozilla.org/en-US/docs/Web/HTTP/Status/403",2026-07-18T21:02:44.971008
liberation,bd6t511267415,,failed,0,0,,http_manifest,known,403,manifest,"Client error '403 ' for url 'https://openapiproext.bnf.fr/iiif/presentation/v3/ark:/12148/bd6t511267415/manifest.json'
For more information check: https://developer.mozilla.org/en-US/docs/Web/HTTP/Status/403",2026-07-18T21:02:46.171995
liberation,bd6t51126742k,,failed,0,0,,http_manifest,known,403,manifest,"Client error '403 ' for url 'https://openapiproext.bnf.fr/iiif/presentation/v3/ark:/12148/bd6t51126742k/manifest.json'
For more information check: https://developer.mozilla.org/en-US/docs/Web/HTTP/Status/403",2026-07-18T21:02:47.368604
liberation,bd6t511267430,,failed,0,0,,http_manifest,known,403,manifest,"Client error '403 ' for url 'https://openapiproext.bnf.fr/iiif/presentation/v3/ark:/12148/bd6t511267430/manifest.json'
For more information check: https://developer.mozilla.org/en-US/docs/Web/HTTP/Status/403",2026-07-18T21:02:48.570055
liberation,bd6t51126744d,,failed,0,0,,http_manifest,known,403,manifest,"Client error '403 ' for url 'https://openapiproext.bnf.fr/iiif/presentation/v3/ark:/12148/bd6t51126744d/manifest.json'
For more information check: https://developer.mozilla.org/en-US/docs/Web/HTTP/Status/403",2026-07-18T21:02:49.779374
liberation,bd6t51126745t,,failed,0,0,,http_manifest,known,403,manifest,"Client error '403 ' for url 'https://openapiproext.bnf.fr/iiif/presentation/v3/ark:/12148/bd6t51126745t/manifest.json'
For more information check: https://developer.mozilla.org/en-US/docs/Web/HTTP/Status/403",2026-07-18T21:02:50.993173
liberation,bd6t511267467,,failed,0,0,,http_manifest,known,403,manifest,"Client error '403 ' for url 'https://openapiproext.bnf.fr/iiif/presentation/v3/ark:/12148/bd6t511267467/manifest.json'
For more information check: https://developer.mozilla.org/en-US/docs/Web/HTTP/Status/403",2026-07-18T21:02:52.254745
liberation,bd6t51126747n,,failed,0,0,,http_manifest,known,403,manifest,"Client error '403 ' for url 'https://openapiproext.bnf.fr/iiif/presentation/v3/ark:/12148/bd6t51126747n/manifest.json'
For more information check: https://developer.mozilla.org/en-US/docs/Web/HTTP/Status/403",2026-07-18T21:02:53.382353
liberation,bd6t511267482,,failed,0,0,,http_manifest,known,403,manifest,"Client error '403 ' for url 'https://openapiproext.bnf.fr/iiif/presentation/v3/ark:/12148/bd6t511267482/manifest.json'
For more information check: https://developer.mozilla.org/en-US/docs/Web/HTTP/Status/403",2026-07-18T21:02:54.579985
liberation,bd6t51126749g,,failed,0,0,,http_manifest,known,403,manifest,"Client error '403 ' for url 'https://openapiproext.bnf.fr/iiif/presentation/v3/ark:/12148/bd6t51126749g/manifest.json'
For more information check: https://developer.mozilla.org/en-US/docs/Web/HTTP/Status/403",2026-07-18T21:02:55.779432
liberation,bd6t511267504,,failed,0,0,,http_manifest,known,403,manifest,"Client error '403 ' for url 'https://openapiproext.bnf.fr/iiif/presentation/v3/ark:/12148/bd6t511267504/manifest.json'
For more information check: https://developer.mozilla.org/en-US/docs/Web/HTTP/Status/403",2026-07-18T21:02:56.980813
liberation,bd6t51126751j,,failed,0,0,,http_manifest,known,403,manifest,"Client error '403 ' for url 'https://openapiproext.bnf.fr/iiif/presentation/v3/ark:/12148/bd6t51126751j/manifest.json'
For more information check: https://developer.mozilla.org/en-US/docs/Web/HTTP/Status/403",2026-07-18T21:02:58.184690
liberation,bd6t51126752z,,failed,0,0,,http_manifest,known,403,manifest,"Client error '403 ' for url 'https://openapiproext.bnf.fr/iiif/presentation/v3/ark:/12148/bd6t51126752z/manifest.json'
For more information check: https://developer.mozilla.org/en-US/docs/Web/HTTP/Status/403",2026-07-18T21:02:59.381440
liberation,bd6t51126753c,,failed,0,0,,http_manifest,known,403,manifest,"Client error '403 ' for url 'https://openapiproext.bnf.fr/iiif/presentation/v3/ark:/12148/bd6t51126753c/manifest.json'
For more information check: https://developer.mozilla.org/en-US/docs/Web/HTTP/Status/403",2026-07-18T21:03:00.584136
liberation,bd6t51126754s,,failed,0,0,,http_manifest,known,403,manifest,"Client error '403 ' for url 'https://openapiproext.bnf.fr/iiif/presentation/v3/ark:/12148/bd6t51126754s/manifest.json'
For more information check: https://developer.mozilla.org/en-US/docs/Web/HTTP/Status/403",2026-07-18T21:03:01.787350
liberation,bd6t511267556,,failed,0,0,,http_manifest,known,403,manifest,"Client error '403 ' for url 'https://openapiproext.bnf.fr/iiif/presentation/v3/ark:/12148/bd6t511267556/manifest.json'
For more information check: https://developer.mozilla.org/en-US/docs/Web/HTTP/Status/403",2026-07-18T21:03:03.010284
liberation,bd6t51126756m,,failed,0,0,,http_manifest,known,403,manifest,"Client error '403 ' for url 'https://openapiproext.bnf.fr/iiif/presentation/v3/ark:/12148/bd6t51126756m/manifest.json'
For more information check: https://developer.mozilla.org/en-US/docs/Web/HTTP/Status/403",2026-07-18T21:03:04.191617
liberation,bd6t511267571,,failed,0,0,,http_manifest,known,403,manifest,"Client error '403 ' for url 'https://openapiproext.bnf.fr/iiif/presentation/v3/ark:/12148/bd6t511267571/manifest.json'
For more information check: https://developer.mozilla.org/en-US/docs/Web/HTTP/Status/403",2026-07-18T21:03:05.388828
liberation,bd6t51126758f,,failed,0,0,,http_manifest,known,403,manifest,"Client error '403 ' for url 'https://openapiproext.bnf.fr/iiif/presentation/v3/ark:/12148/bd6t51126758f/manifest.json'
For more information check: https://developer.mozilla.org/en-US/docs/Web/HTTP/Status/403",2026-07-18T21:03:06.786413
liberation,bd6t51126759v,,failed,0,0,,http_manifest,known,403,manifest,"Client error '403 ' for url 'https://openapiproext.bnf.fr/iiif/presentation/v3/ark:/12148/bd6t51126759v/manifest.json'
For more information check: https://developer.mozilla.org/en-US/docs/Web/HTTP/Status/403",2026-07-18T21:03:07.872740
liberation,bd6t51126760h,,failed,0,0,,http_manifest,known,403,manifest,"Client error '403 ' for url 'https://openapiproext.bnf.fr/iiif/presentation/v3/ark:/12148/bd6t51126760h/manifest.json'
For more information check: https://developer.mozilla.org/en-US/docs/Web/HTTP/Status/403",2026-07-18T21:03:09.013454
liberation,bd6t51126761x,,failed,0,0,,http_manifest,known,403,manifest,"Client error '403 ' for url 'https://openapiproext.bnf.fr/iiif/presentation/v3/ark:/12148/bd6t51126761x/manifest.json'
For more information check: https://developer.mozilla.org/en-US/docs/Web/HTTP/Status/403",2026-07-18T21:03:10.438809
liberation,bd6t51126762b,,failed,0,0,,http_manifest,known,403,manifest,"Client error '403 ' for url 'https://openapiproext.bnf.fr/iiif/presentation/v3/ark:/12148/bd6t51126762b/manifest.json'
For more information check: https://developer.mozilla.org/en-US/docs/Web/HTTP/Status/403",2026-07-18T21:03:11.399414
liberation,bd6t51126763r,,failed,0,0,,http_manifest,known,403,manifest,"Client error '403 ' for url 'https://openapiproext.bnf.fr/iiif/presentation/v3/ark:/12148/bd6t51126763r/manifest.json'
For more information check: https://developer.mozilla.org/en-US/docs/Web/HTTP/Status/403",2026-07-18T21:03:12.595247
liberation,bd6t511267645,,failed,0,0,,http_manifest,known,403,manifest,"Client error '403 ' for url 'https://openapiproext.bnf.fr/iiif/presentation/v3/ark:/12148/bd6t511267645/manifest.json'
For more information check: https://developer.mozilla.org/en-US/docs/Web/HTTP/Status/403",2026-07-18T21:03:14.665939
liberation,bd6t51126765k,,failed,0,0,,http_manifest,known,403,manifest,"Client error '403 ' for url 'https://openapiproext.bnf.fr/iiif/presentation/v3/ark:/12148/bd6t51126765k/manifest.json'
For more information check: https://developer.mozilla.org/en-US/docs/Web/HTTP/Status/403",2026-07-18T21:03:14.995750
liberation,bd6t511267660,,failed,0,0,,http_manifest,known,403,manifest,"Client error '403 ' for url 'https://openapiproext.bnf.fr/iiif/presentation/v3/ark:/12148/bd6t511267660/manifest.json'
For more information check: https://developer.mozilla.org/en-US/docs/Web/HTTP/Status/403",2026-07-18T21:03:16.202626
liberation,bd6t51126767d,,failed,0,0,,http_manifest,known,403,manifest,"Client error '403 ' for url 'https://openapiproext.bnf.fr/iiif/presentation/v3/ark:/12148/bd6t51126767d/manifest.json'
For more information check: https://developer.mozilla.org/en-US/docs/Web/HTTP/Status/403",2026-07-18T21:03:17.397694
liberation,bd6t51126768t,,failed,0,0,,http_manifest,known,403,manifest,"Client error '403 ' for url 'https://openapiproext.bnf.fr/iiif/presentation/v3/ark:/12148/bd6t51126768t/manifest.json'
For more information check: https://developer.mozilla.org/en-US/docs/Web/HTTP/Status/403",2026-07-18T21:03:18.600215
liberation,bd6t511267697,,failed,0,0,,http_manifest,known,403,manifest,"Client error '403 ' for url 'https://openapiproext.bnf.fr/iiif/presentation/v3/ark:/12148/bd6t511267697/manifest.json'
For more information check: https://developer.mozilla.org/en-US/docs/Web/HTTP/Status/403",2026-07-18T21:03:20.100308
liberation,bd6t51126770w,,failed,0,0,,http_manifest,known,403,manifest,"Client error '403 ' for url 'https://openapiproext.bnf.fr/iiif/presentation/v3/ark:/12148/bd6t51126770w/manifest.json'
For more information check: https://developer.mozilla.org/en-US/docs/Web/HTTP/Status/403",2026-07-18T21:03:21.000879
liberation,bd6t511267719,,failed,0,0,,http_manifest,known,403,manifest,"Client error '403 ' for url 'https://openapiproext.bnf.fr/iiif/presentation/v3/ark:/12148/bd6t511267719/manifest.json'
For more information check: https://developer.mozilla.org/en-US/docs/Web/HTTP/Status/403",2026-07-18T21:03:22.203694
liberation,bd6t51126772q,,failed,0,0,,http_manifest,known,403,manifest,"Client error '403 ' for url 'https://openapiproext.bnf.fr/iiif/presentation/v3/ark:/12148/bd6t51126772q/manifest.json'
For more information check: https://developer.mozilla.org/en-US/docs/Web/HTTP/Status/403",2026-07-18T21:03:23.407301
liberation,bd6t511267734,,failed,0,0,,http_manifest,known,403,manifest,"Client error '403 ' for url 'https://openapiproext.bnf.fr/iiif/presentation/v3/ark:/12148/bd6t511267734/manifest.json'
For more information check: https://developer.mozilla.org/en-US/docs/Web/HTTP/Status/403",2026-07-18T21:03:24.606362
liberation,bd6t51126774j,,failed,0,0,,http_manifest,known,403,manifest,"Client error '403 ' for url 'https://openapiproext.bnf.fr/iiif/presentation/v3/ark:/12148/bd6t51126774j/manifest.json'
For more information check: https://developer.mozilla.org/en-US/docs/Web/HTTP/Status/403",2026-07-18T21:03:25.811090
liberation,bd6t51126775z,,failed,0,0,,http_manifest,known,403,manifest,"Client error '403 ' for url 'https://openapiproext.bnf.fr/iiif/presentation/v3/ark:/12148/bd6t51126775z/manifest.json'
For more information check: https://developer.mozilla.org/en-US/docs/Web/HTTP/Status/403",2026-07-18T21:03:27.197921
liberation,bd6t51126776c,,failed,0,0,,http_manifest,known,403,manifest,"Client error '403 ' for url 'https://openapiproext.bnf.fr/iiif/presentation/v3/ark:/12148/bd6t51126776c/manifest.json'
For more information check: https://developer.mozilla.org/en-US/docs/Web/HTTP/Status/403",2026-07-18T21:03:28.213484
liberation,bd6t51126777s,,failed,0,0,,http_manifest,known,403,manifest,"Client error '403 ' for url 'https://openapiproext.bnf.fr/iiif/presentation/v3/ark:/12148/bd6t51126777s/manifest.json'
For more information check: https://developer.mozilla.org/en-US/docs/Web/HTTP/Status/403",2026-07-18T21:03:29.412491
liberation,bd6t511267786,,failed,0,0,,http_manifest,known,403,manifest,"Client error '403 ' for url 'https://openapiproext.bnf.fr/iiif/presentation/v3/ark:/12148/bd6t511267786/manifest.json'
For more information check: https://developer.mozilla.org/en-US/docs/Web/HTTP/Status/403",2026-07-18T21:03:30.616758
liberation,bd6t51126779m,,failed,0,0,,http_manifest,known,403,manifest,"Client error '403 ' for url 'https://openapiproext.bnf.fr/iiif/presentation/v3/ark:/12148/bd6t51126779m/manifest.json'
For more information check: https://developer.mozilla.org/en-US/docs/Web/HTTP/Status/403",2026-07-18T21:03:31.831287
liberation,bd6t511267808,,failed,0,0,,http_manifest,known,403,manifest,"Client error '403 ' for url 'https://openapiproext.bnf.fr/iiif/presentation/v3/ark:/12148/bd6t511267808/manifest.json'
For more information check: https://developer.mozilla.org/en-US/docs/Web/HTTP/Status/403",2026-07-18T21:03:33.017485
liberation,bd6t51126781p,,failed,0,0,,http_manifest,known,403,manifest,"Client error '403 ' for url 'https://openapiproext.bnf.fr/iiif/presentation/v3/ark:/12148/bd6t51126781p/manifest.json'
For more information check: https://developer.mozilla.org/en-US/docs/Web/HTTP/Status/403",2026-07-18T21:03:34.216917
liberation,bd6t511267823,,failed,0,0,,http_manifest,known,403,manifest,"Client error '403 ' for url 'https://openapiproext.bnf.fr/iiif/presentation/v3/ark:/12148/bd6t511267823/manifest.json'
For more information check: https://developer.mozilla.org/en-US/docs/Web/HTTP/Status/403",2026-07-18T21:03:35.420729
liberation,bd6t51126783h,,failed,0,0,,http_manifest,known,403,manifest,"Client error '403 ' for url 'https://openapiproext.bnf.fr/iiif/presentation/v3/ark:/12148/bd6t51126783h/manifest.json'
For more information check: https://developer.mozilla.org/en-US/docs/Web/HTTP/Status/403",2026-07-18T21:03:36.621962
liberation,bd6t51126784x,,failed,0,0,,http_manifest,known,403,manifest,"Client error '403 ' for url 'https://openapiproext.bnf.fr/iiif/presentation/v3/ark:/12148/bd6t51126784x/manifest.json'
For more information check: https://developer.mozilla.org/en-US/docs/Web/HTTP/Status/403",2026-07-18T21:03:37.824641
liberation,bd6t51126785b,,failed,0,0,,http_manifest,known,403,manifest,"Client error '403 ' for url 'https://openapiproext.bnf.fr/iiif/presentation/v3/ark:/12148/bd6t51126785b/manifest.json'
For more information check: https://developer.mozilla.org/en-US/docs/Web/HTTP/Status/403",2026-07-18T21:03:39.027472
liberation,bd6t51126786r,,failed,0,0,,http_manifest,known,403,manifest,"Client error '403 ' for url 'https://openapiproext.bnf.fr/iiif/presentation/v3/ark:/12148/bd6t51126786r/manifest.json'
For more information check: https://developer.mozilla.org/en-US/docs/Web/HTTP/Status/403",2026-07-18T21:03:40.226127
liberation,bd6t511267875,,failed,0,0,,http_manifest,known,403,manifest,"Client error '403 ' for url 'https://openapiproext.bnf.fr/iiif/presentation/v3/ark:/12148/bd6t511267875/manifest.json'
For more information check: https://developer.mozilla.org/en-US/docs/Web/HTTP/Status/403",2026-07-18T21:03:41.435484
liberation,bd6t51126788k,,failed,0,0,,http_manifest,known,403,manifest,"Client error '403 ' for url 'https://openapiproext.bnf.fr/iiif/presentation/v3/ark:/12148/bd6t51126788k/manifest.json'
For more information check: https://developer.mozilla.org/en-US/docs/Web/HTTP/Status/403",2026-07-18T21:03:42.628075
liberation,bd6t511267890,,failed,0,0,,http_manifest,known,403,manifest,"Client error '403 ' for url 'https://openapiproext.bnf.fr/iiif/presentation/v3/ark:/12148/bd6t511267890/manifest.json'
For more information check: https://developer.mozilla.org/en-US/docs/Web/HTTP/Status/403",2026-07-18T21:03:43.845816
liberation,bd6t51126790n,,failed,0,0,,http_manifest,known,403,manifest,"Client error '403 ' for url 'https://openapiproext.bnf.fr/iiif/presentation/v3/ark:/12148/bd6t51126790n/manifest.json'
For more information check: https://developer.mozilla.org/en-US/docs/Web/HTTP/Status/403",2026-07-18T21:03:45.031239
liberation,bd6t511267912,,failed,0,0,,http_manifest,known,403,manifest,"Client error '403 ' for url 'https://openapiproext.bnf.fr/iiif/presentation/v3/ark:/12148/bd6t511267912/manifest.json'
For more information check: https://developer.mozilla.org/en-US/docs/Web/HTTP/Status/403",2026-07-18T21:03:46.233260
liberation,bd6t51126792g,,failed,0,0,,http_manifest,known,403,manifest,"Client error '403 ' for url 'https://openapiproext.bnf.fr/iiif/presentation/v3/ark:/12148/bd6t51126792g/manifest.json'
For more information check: https://developer.mozilla.org/en-US/docs/Web/HTTP/Status/403",2026-07-18T21:03:47.434762
liberation,bd6t51126793w,,failed,0,0,,http_manifest,known,403,manifest,"Client error '403 ' for url 'https://openapiproext.bnf.fr/iiif/presentation/v3/ark:/12148/bd6t51126793w/manifest.json'
For more information check: https://developer.mozilla.org/en-US/docs/Web/HTTP/Status/403",2026-07-18T21:03:48.635823
liberation,bd6t511267949,,failed,0,0,,http_manifest,known,403,manifest,"Client error '403 ' for url 'https://openapiproext.bnf.fr/iiif/presentation/v3/ark:/12148/bd6t511267949/manifest.json'
For more information check: https://developer.mozilla.org/en-US/docs/Web/HTTP/Status/403",2026-07-18T21:03:49.849006
liberation,bd6t51126795q,,failed,0,0,,http_manifest,known,403,manifest,"Client error '403 ' for url 'https://openapiproext.bnf.fr/iiif/presentation/v3/ark:/12148/bd6t51126795q/manifest.json'
For more information check: https://developer.mozilla.org/en-US/docs/Web/HTTP/Status/403",2026-07-18T21:03:51.037514
liberation,bd6t511267964,,failed,0,0,,http_manifest,known,403,manifest,"Client error '403 ' for url 'https://openapiproext.bnf.fr/iiif/presentation/v3/ark:/12148/bd6t511267964/manifest.json'
For more information check: https://developer.mozilla.org/en-US/docs/Web/HTTP/Status/403",2026-07-18T21:03:52.238178
liberation,bd6t51126797j,,failed,0,0,,http_manifest,known,403,manifest,"Client error '403 ' for url 'https://openapiproext.bnf.fr/iiif/presentation/v3/ark:/12148/bd6t51126797j/manifest.json'
For more information check: https://developer.mozilla.org/en-US/docs/Web/HTTP/Status/403",2026-07-18T21:03:53.437308
liberation,bd6t51126798z,,failed,0,0,,http_manifest,known,403,manifest,"Client error '403 ' for url 'https://openapiproext.bnf.fr/iiif/presentation/v3/ark:/12148/bd6t51126798z/manifest.json'
For more information check: https://developer.mozilla.org/en-US/docs/Web/HTTP/Status/403",2026-07-18T21:03:54.641067
liberation,bd6t51126799c,,failed,0,0,,http_manifest,known,403,manifest,"Client error '403 ' for url 'https://openapiproext.bnf.fr/iiif/presentation/v3/ark:/12148/bd6t51126799c/manifest.json'
For more information check: https://developer.mozilla.org/en-US/docs/Web/HTTP/Status/403",2026-07-18T21:03:55.841992
liberation,bd6t51126800k,,failed,0,0,,http_manifest,known,403,manifest,"Client error '403 ' for url 'https://openapiproext.bnf.fr/iiif/presentation/v3/ark:/12148/bd6t51126800k/manifest.json'
For more information check: https://developer.mozilla.org/en-US/docs/Web/HTTP/Status/403",2026-07-18T21:03:57.042816
liberation,bd6t511268010,,failed,0,0,,http_manifest,known,403,manifest,"Client error '403 ' for url 'https://openapiproext.bnf.fr/iiif/presentation/v3/ark:/12148/bd6t511268010/manifest.json'
For more information check: https://developer.mozilla.org/en-US/docs/Web/HTTP/Status/403",2026-07-18T21:03:58.252329
liberation,bd6t51126802d,,failed,0,0,,http_manifest,known,403,manifest,"Client error '403 ' for url 'https://openapiproext.bnf.fr/iiif/presentation/v3/ark:/12148/bd6t51126802d/manifest.json'
For more information check: https://developer.mozilla.org/en-US/docs/Web/HTTP/Status/403",2026-07-18T21:03:59.443956
liberation,bd6t51126803t,,failed,0,0,,http_manifest,known,403,manifest,"Client error '403 ' for url 'https://openapiproext.bnf.fr/iiif/presentation/v3/ark:/12148/bd6t51126803t/manifest.json'
For more information check: https://developer.mozilla.org/en-US/docs/Web/HTTP/Status/403",2026-07-18T21:04:00.646973
liberation,bd6t511268047,,failed,0,0,,http_manifest,known,403,manifest,"Client error '403 ' for url 'https://openapiproext.bnf.fr/iiif/presentation/v3/ark:/12148/bd6t511268047/manifest.json'
For more information check: https://developer.mozilla.org/en-US/docs/Web/HTTP/Status/403",2026-07-18T21:04:01.862000
liberation,bd6t51126805n,,failed,0,0,,http_manifest,known,403,manifest,"Client error '403 ' for url 'https://openapiproext.bnf.fr/iiif/presentation/v3/ark:/12148/bd6t51126805n/manifest.json'
For more information check: https://developer.mozilla.org/en-US/docs/Web/HTTP/Status/403",2026-07-18T21:04:03.047155
liberation,bd6t511268062,,failed,0,0,,http_manifest,known,403,manifest,"Client error '403 ' for url 'https://openapiproext.bnf.fr/iiif/presentation/v3/ark:/12148/bd6t511268062/manifest.json'
For more information check: https://developer.mozilla.org/en-US/docs/Web/HTTP/Status/403",2026-07-18T21:04:04.252627
liberation,bd6t51126807g,,failed,0,0,,http_manifest,known,403,manifest,"Client error '403 ' for url 'https://openapiproext.bnf.fr/iiif/presentation/v3/ark:/12148/bd6t51126807g/manifest.json'
For more information check: https://developer.mozilla.org/en-US/docs/Web/HTTP/Status/403",2026-07-18T21:04:05.449042
liberation,bd6t51126808w,,failed,0,0,,http_manifest,known,403,manifest,"Client error '403 ' for url 'https://openapiproext.bnf.fr/iiif/presentation/v3/ark:/12148/bd6t51126808w/manifest.json'
For more information check: https://developer.mozilla.org/en-US/docs/Web/HTTP/Status/403",2026-07-18T21:04:06.885731
liberation,bd6t511268099,,failed,0,0,,http_manifest,known,403,manifest,"Client error '403 ' for url 'https://openapiproext.bnf.fr/iiif/presentation/v3/ark:/12148/bd6t511268099/manifest.json'
For more information check: https://developer.mozilla.org/en-US/docs/Web/HTTP/Status/403",2026-07-18T21:04:07.892737
liberation,bd6t51126810z,,failed,0,0,,http_manifest,known,403,manifest,"Client error '403 ' for url 'https://openapiproext.bnf.fr/iiif/presentation/v3/ark:/12148/bd6t51126810z/manifest.json'
For more information check: https://developer.mozilla.org/en-US/docs/Web/HTTP/Status/403",2026-07-18T21:04:09.134117
liberation,bd6t51126811c,,failed,0,0,,http_manifest,known,403,manifest,"Client error '403 ' for url 'https://openapiproext.bnf.fr/iiif/presentation/v3/ark:/12148/bd6t51126811c/manifest.json'
For more information check: https://developer.mozilla.org/en-US/docs/Web/HTTP/Status/403",2026-07-18T21:04:10.267730
liberation,bd6t51126812s,,failed,0,0,,http_manifest,known,403,manifest,"Client error '403 ' for url 'https://openapiproext.bnf.fr/iiif/presentation/v3/ark:/12148/bd6t51126812s/manifest.json'
For more information check: https://developer.mozilla.org/en-US/docs/Web/HTTP/Status/403",2026-07-18T21:04:11.485273
liberation,bd6t511268136,,failed,0,0,,http_manifest,known,403,manifest,"Client error '403 ' for url 'https://openapiproext.bnf.fr/iiif/presentation/v3/ark:/12148/bd6t511268136/manifest.json'
For more information check: https://developer.mozilla.org/en-US/docs/Web/HTTP/Status/403",2026-07-18T21:04:12.736953
liberation,bd6t51126814m,,failed,0,0,,http_manifest,known,403,manifest,"Client error '403 ' for url 'https://openapiproext.bnf.fr/iiif/presentation/v3/ark:/12148/bd6t51126814m/manifest.json'
For more information check: https://developer.mozilla.org/en-US/docs/Web/HTTP/Status/403",2026-07-18T21:04:13.973763
liberation,bd6t511268151,,failed,0,0,,http_manifest,known,403,manifest,"Client error '403 ' for url 'https://openapiproext.bnf.fr/iiif/presentation/v3/ark:/12148/bd6t511268151/manifest.json'
For more information check: https://developer.mozilla.org/en-US/docs/Web/HTTP/Status/403",2026-07-18T21:04:15.061069
liberation,bd6t51126816f,,failed,0,0,,http_manifest,known,403,manifest,"Client error '403 ' for url 'https://openapiproext.bnf.fr/iiif/presentation/v3/ark:/12148/bd6t51126816f/manifest.json'
For more information check: https://developer.mozilla.org/en-US/docs/Web/HTTP/Status/403",2026-07-18T21:04:16.262487
liberation,bd6t51126817v,,failed,0,0,,http_manifest,known,403,manifest,"Client error '403 ' for url 'https://openapiproext.bnf.fr/iiif/presentation/v3/ark:/12148/bd6t51126817v/manifest.json'
For more information check: https://developer.mozilla.org/en-US/docs/Web/HTTP/Status/403",2026-07-18T21:04:17.463450
liberation,bd6t511268188,,failed,0,0,,http_manifest,known,403,manifest,"Client error '403 ' for url 'https://openapiproext.bnf.fr/iiif/presentation/v3/ark:/12148/bd6t511268188/manifest.json'
For more information check: https://developer.mozilla.org/en-US/docs/Web/HTTP/Status/403",2026-07-18T21:04:18.688938
liberation,bd6t51126819p,,failed,0,0,,http_manifest,known,403,manifest,"Client error '403 ' for url 'https://openapiproext.bnf.fr/iiif/presentation/v3/ark:/12148/bd6t51126819p/manifest.json'
For more information check: https://developer.mozilla.org/en-US/docs/Web/HTTP/Status/403",2026-07-18T21:04:19.864959
liberation,bd6t51126820b,,failed,0,0,,http_manifest,known,403,manifest,"Client error '403 ' for url 'https://openapiproext.bnf.fr/iiif/presentation/v3/ark:/12148/bd6t51126820b/manifest.json'
For more information check: https://developer.mozilla.org/en-US/docs/Web/HTTP/Status/403",2026-07-18T21:04:21.293227
liberation,bd6t51126821r,,failed,0,0,,http_manifest,known,403,manifest,"Client error '403 ' for url 'https://openapiproext.bnf.fr/iiif/presentation/v3/ark:/12148/bd6t51126821r/manifest.json'
For more information check: https://developer.mozilla.org/en-US/docs/Web/HTTP/Status/403",2026-07-18T21:04:22.272366
liberation,bd6t51126614x,,failed,0,0,,http_manifest,known,403,manifest,"Client error '403 ' for url 'https://openapiproext.bnf.fr/iiif/presentation/v3/ark:/12148/bd6t51126614x/manifest.json'
For more information check: https://developer.mozilla.org/en-US/docs/Web/HTTP/Status/403",2026-07-18T21:04:23.477416
liberation,bd6t51126615b,,failed,0,0,,http_manifest,known,403,manifest,"Client error '403 ' for url 'https://openapiproext.bnf.fr/iiif/presentation/v3/ark:/12148/bd6t51126615b/manifest.json'
For more information check: https://developer.mozilla.org/en-US/docs/Web/HTTP/Status/403",2026-07-18T21:04:24.761188
liberation,bd6t51126616r,,failed,0,0,,http_manifest,known,403,manifest,"Client error '403 ' for url 'https://openapiproext.bnf.fr/iiif/presentation/v3/ark:/12148/bd6t51126616r/manifest.json'
For more information check: https://developer.mozilla.org/en-US/docs/Web/HTTP/Status/403",2026-07-18T21:04:25.883037
liberation,bd6t511266175,,failed,0,0,,http_manifest,known,403,manifest,"Client error '403 ' for url 'https://openapiproext.bnf.fr/iiif/presentation/v3/ark:/12148/bd6t511266175/manifest.json'
For more information check: https://developer.mozilla.org/en-US/docs/Web/HTTP/Status/403",2026-07-18T21:04:27.074343
liberation,bd6t51126618k,,failed,0,0,,http_manifest,known,403,manifest,"Client error '403 ' for url 'https://openapiproext.bnf.fr/iiif/presentation/v3/ark:/12148/bd6t51126618k/manifest.json'
For more information check: https://developer.mozilla.org/en-US/docs/Web/HTTP/Status/403",2026-07-18T21:04:28.277455
liberation,bd6t511266190,,failed,0,0,,http_manifest,known,403,manifest,"Client error '403 ' for url 'https://openapiproext.bnf.fr/iiif/presentation/v3/ark:/12148/bd6t511266190/manifest.json'
For more information check: https://developer.mozilla.org/en-US/docs/Web/HTTP/Status/403",2026-07-18T21:04:29.480666
liberation,bd6t51126620n,,failed,0,0,,http_manifest,known,403,manifest,"Client error '403 ' for url 'https://openapiproext.bnf.fr/iiif/presentation/v3/ark:/12148/bd6t51126620n/manifest.json'
For more information check: https://developer.mozilla.org/en-US/docs/Web/HTTP/Status/403",2026-07-18T21:04:30.692943
liberation,bd6t511266212,,failed,0,0,,http_manifest,known,403,manifest,"Client error '403 ' for url 'https://openapiproext.bnf.fr/iiif/presentation/v3/ark:/12148/bd6t511266212/manifest.json'
For more information check: https://developer.mozilla.org/en-US/docs/Web/HTTP/Status/403",2026-07-18T21:04:31.891372
liberation,bd6t51126622g,,failed,0,0,,http_manifest,known,403,manifest,"Client error '403 ' for url 'https://openapiproext.bnf.fr/iiif/presentation/v3/ark:/12148/bd6t51126622g/manifest.json'
For more information check: https://developer.mozilla.org/en-US/docs/Web/HTTP/Status/403",2026-07-18T21:04:33.081854
liberation,bd6t51126623w,,failed,0,0,,http_manifest,known,403,manifest,"Client error '403 ' for url 'https://openapiproext.bnf.fr/iiif/presentation/v3/ark:/12148/bd6t51126623w/manifest.json'
For more information check: https://developer.mozilla.org/en-US/docs/Web/HTTP/Status/403",2026-07-18T21:04:34.290928
liberation,bd6t511266249,,failed,0,0,,http_manifest,known,403,manifest,"Client error '403 ' for url 'https://openapiproext.bnf.fr/iiif/presentation/v3/ark:/12148/bd6t511266249/manifest.json'
For more information check: https://developer.mozilla.org/en-US/docs/Web/HTTP/Status/403",2026-07-18T21:04:35.485015
liberation,bd6t51126625q,,failed,0,0,,http_manifest,known,403,manifest,"Client error '403 ' for url 'https://openapiproext.bnf.fr/iiif/presentation/v3/ark:/12148/bd6t51126625q/manifest.json'
For more information check: https://developer.mozilla.org/en-US/docs/Web/HTTP/Status/403",2026-07-18T21:04:36.688616
liberation,bd6t511266264,,failed,0,0,,http_manifest,known,403,manifest,"Client error '403 ' for url 'https://openapiproext.bnf.fr/iiif/presentation/v3/ark:/12148/bd6t511266264/manifest.json'
For more information check: https://developer.mozilla.org/en-US/docs/Web/HTTP/Status/403",2026-07-18T21:04:37.889264
liberation,bd6t51126627j,,failed,0,0,,http_manifest,known,403,manifest,"Client error '403 ' for url 'https://openapiproext.bnf.fr/iiif/presentation/v3/ark:/12148/bd6t51126627j/manifest.json'
For more information check: https://developer.mozilla.org/en-US/docs/Web/HTTP/Status/403",2026-07-18T21:04:39.086386
liberation,bd6t51126628z,,failed,0,0,,http_manifest,known,403,manifest,"Client error '403 ' for url 'https://openapiproext.bnf.fr/iiif/presentation/v3/ark:/12148/bd6t51126628z/manifest.json'
For more information check: https://developer.mozilla.org/en-US/docs/Web/HTTP/Status/403",2026-07-18T21:04:40.291275
liberation,bd6t51126629c,,failed,0,0,,http_manifest,known,403,manifest,"Client error '403 ' for url 'https://openapiproext.bnf.fr/iiif/presentation/v3/ark:/12148/bd6t51126629c/manifest.json'
For more information check: https://developer.mozilla.org/en-US/docs/Web/HTTP/Status/403",2026-07-18T21:04:41.499165
liberation,bd6t511266301,,failed,0,0,,http_manifest,known,403,manifest,"Client error '403 ' for url 'https://openapiproext.bnf.fr/iiif/presentation/v3/ark:/12148/bd6t511266301/manifest.json'
For more information check: https://developer.mozilla.org/en-US/docs/Web/HTTP/Status/403",2026-07-18T21:04:42.704583
liberation,bd6t51126631f,,failed,0,0,,http_manifest,known,403,manifest,"Client error '403 ' for url 'https://openapiproext.bnf.fr/iiif/presentation/v3/ark:/12148/bd6t51126631f/manifest.json'
For more information check: https://developer.mozilla.org/en-US/docs/Web/HTTP/Status/403",2026-07-18T21:04:43.894316
liberation,bd6t51126632v,,failed,0,0,,http_manifest,known,403,manifest,"Client error '403 ' for url 'https://openapiproext.bnf.fr/iiif/presentation/v3/ark:/12148/bd6t51126632v/manifest.json'
For more information check: https://developer.mozilla.org/en-US/docs/Web/HTTP/Status/403",2026-07-18T21:04:45.092715
liberation,bd6t511266338,,failed,0,0,,http_manifest,known,403,manifest,"Client error '403 ' for url 'https://openapiproext.bnf.fr/iiif/presentation/v3/ark:/12148/bd6t511266338/manifest.json'
For more information check: https://developer.mozilla.org/en-US/docs/Web/HTTP/Status/403",2026-07-18T21:04:46.292268
liberation,bd6t51126634p,,failed,0,0,,http_manifest,known,403,manifest,"Client error '403 ' for url 'https://openapiproext.bnf.fr/iiif/presentation/v3/ark:/12148/bd6t51126634p/manifest.json'
For more information check: https://developer.mozilla.org/en-US/docs/Web/HTTP/Status/403",2026-07-18T21:04:47.494447
liberation,bd6t511266353,,failed,0,0,,http_manifest,known,403,manifest,"Client error '403 ' for url 'https://openapiproext.bnf.fr/iiif/presentation/v3/ark:/12148/bd6t511266353/manifest.json'
For more information check: https://developer.mozilla.org/en-US/docs/Web/HTTP/Status/403",2026-07-18T21:04:48.698284
liberation,bd6t51126636h,,failed,0,0,,http_manifest,known,403,manifest,"Client error '403 ' for url 'https://openapiproext.bnf.fr/iiif/presentation/v3/ark:/12148/bd6t51126636h/manifest.json'
For more information check: https://developer.mozilla.org/en-US/docs/Web/HTTP/Status/403",2026-07-18T21:04:49.902614
liberation,bd6t51126637x,,failed,0,0,,http_manifest,known,403,manifest,"Client error '403 ' for url 'https://openapiproext.bnf.fr/iiif/presentation/v3/ark:/12148/bd6t51126637x/manifest.json'
For more information check: https://developer.mozilla.org/en-US/docs/Web/HTTP/Status/403",2026-07-18T21:04:51.173525
liberation,bd6t51126638b,,failed,0,0,,http_manifest,known,403,manifest,"Client error '403 ' for url 'https://openapiproext.bnf.fr/iiif/presentation/v3/ark:/12148/bd6t51126638b/manifest.json'
For more information check: https://developer.mozilla.org/en-US/docs/Web/HTTP/Status/403",2026-07-18T21:04:52.299400
liberation,bd6t51126639r,,failed,0,0,,http_manifest,known,403,manifest,"Client error '403 ' for url 'https://openapiproext.bnf.fr/iiif/presentation/v3/ark:/12148/bd6t51126639r/manifest.json'
For more information check: https://developer.mozilla.org/en-US/docs/Web/HTTP/Status/403",2026-07-18T21:04:53.500584
liberation,bd6t51126640d,,failed,0,0,,http_manifest,known,403,manifest,"Client error '403 ' for url 'https://openapiproext.bnf.fr/iiif/presentation/v3/ark:/12148/bd6t51126640d/manifest.json'
For more information check: https://developer.mozilla.org/en-US/docs/Web/HTTP/Status/403",2026-07-18T21:04:54.717361
liberation,bd6t51126641t,,failed,0,0,,http_manifest,known,403,manifest,"Client error '403 ' for url 'https://openapiproext.bnf.fr/iiif/presentation/v3/ark:/12148/bd6t51126641t/manifest.json'
For more information check: https://developer.mozilla.org/en-US/docs/Web/HTTP/Status/403",2026-07-18T21:04:55.903576
liberation,bd6t511266427,,failed,0,0,,http_manifest,known,403,manifest,"Client error '403 ' for url 'https://openapiproext.bnf.fr/iiif/presentation/v3/ark:/12148/bd6t511266427/manifest.json'
For more information check: https://developer.mozilla.org/en-US/docs/Web/HTTP/Status/403",2026-07-18T21:04:57.105130
liberation,bd6t51126643n,,failed,0,0,,http_manifest,known,403,manifest,"Client error '403 ' for url 'https://openapiproext.bnf.fr/iiif/presentation/v3/ark:/12148/bd6t51126643n/manifest.json'
For more information check: https://developer.mozilla.org/en-US/docs/Web/HTTP/Status/403",2026-07-18T21:04:58.314904
liberation,bd6t511266442,,failed,0,0,,http_manifest,known,403,manifest,"Client error '403 ' for url 'https://openapiproext.bnf.fr/iiif/presentation/v3/ark:/12148/bd6t511266442/manifest.json'
For more information check: https://developer.mozilla.org/en-US/docs/Web/HTTP/Status/403",2026-07-18T21:04:59.505649
liberation,bd6t51126645g,,failed,0,0,,http_manifest,known,403,manifest,"Client error '403 ' for url 'https://openapiproext.bnf.fr/iiif/presentation/v3/ark:/12148/bd6t51126645g/manifest.json'
For more information check: https://developer.mozilla.org/en-US/docs/Web/HTTP/Status/403",2026-07-18T21:05:00.720509
liberation,bd6t51126646w,,failed,0,0,,http_manifest,known,403,manifest,"Client error '403 ' for url 'https://openapiproext.bnf.fr/iiif/presentation/v3/ark:/12148/bd6t51126646w/manifest.json'
For more information check: https://developer.mozilla.org/en-US/docs/Web/HTTP/Status/403",2026-07-18T21:05:01.910066
liberation,bd6t511266479,,failed,0,0,,http_manifest,known,403,manifest,"Client error '403 ' for url 'https://openapiproext.bnf.fr/iiif/presentation/v3/ark:/12148/bd6t511266479/manifest.json'
For more information check: https://developer.mozilla.org/en-US/docs/Web/HTTP/Status/403",2026-07-18T21:05:03.112940
liberation,bd6t51126648q,,failed,0,0,,http_manifest,known,403,manifest,"Client error '403 ' for url 'https://openapiproext.bnf.fr/iiif/presentation/v3/ark:/12148/bd6t51126648q/manifest.json'
For more information check: https://developer.mozilla.org/en-US/docs/Web/HTTP/Status/403",2026-07-18T21:05:04.316303
liberation,bd6t511266494,,failed,0,0,,http_manifest,known,403,manifest,"Client error '403 ' for url 'https://openapiproext.bnf.fr/iiif/presentation/v3/ark:/12148/bd6t511266494/manifest.json'
For more information check: https://developer.mozilla.org/en-US/docs/Web/HTTP/Status/403",2026-07-18T21:05:05.513161
liberation,bd6t51126650s,,failed,0,0,,http_manifest,known,403,manifest,"Client error '403 ' for url 'https://openapiproext.bnf.fr/iiif/presentation/v3/ark:/12148/bd6t51126650s/manifest.json'
For more information check: https://developer.mozilla.org/en-US/docs/Web/HTTP/Status/403",2026-07-18T21:05:06.863923
liberation,bd6t511266516,,failed,0,0,,http_manifest,known,403,manifest,"Client error '403 ' for url 'https://openapiproext.bnf.fr/iiif/presentation/v3/ark:/12148/bd6t511266516/manifest.json'
For more information check: https://developer.mozilla.org/en-US/docs/Web/HTTP/Status/403",2026-07-18T21:05:07.920130
liberation,bd6t51126652m,,failed,0,0,,http_manifest,known,403,manifest,"Client error '403 ' for url 'https://openapiproext.bnf.fr/iiif/presentation/v3/ark:/12148/bd6t51126652m/manifest.json'
For more information check: https://developer.mozilla.org/en-US/docs/Web/HTTP/Status/403",2026-07-18T21:05:09.119762
liberation,bd6t511266531,,failed,0,0,,http_manifest,known,403,manifest,"Client error '403 ' for url 'https://openapiproext.bnf.fr/iiif/presentation/v3/ark:/12148/bd6t511266531/manifest.json'
For more information check: https://developer.mozilla.org/en-US/docs/Web/HTTP/Status/403",2026-07-18T21:05:10.333073
liberation,bd6t51126654f,,failed,0,0,,http_manifest,known,403,manifest,"Client error '403 ' for url 'https://openapiproext.bnf.fr/iiif/presentation/v3/ark:/12148/bd6t51126654f/manifest.json'
For more information check: https://developer.mozilla.org/en-US/docs/Web/HTTP/Status/403",2026-07-18T21:05:11.521506
liberation,bd6t51126655v,,failed,0,0,,http_manifest,known,403,manifest,"Client error '403 ' for url 'https://openapiproext.bnf.fr/iiif/presentation/v3/ark:/12148/bd6t51126655v/manifest.json'
For more information check: https://developer.mozilla.org/en-US/docs/Web/HTTP/Status/403",2026-07-18T21:05:12.834395
liberation,bd6t511266568,,failed,0,0,,http_manifest,known,403,manifest,"Client error '403 ' for url 'https://openapiproext.bnf.fr/iiif/presentation/v3/ark:/12148/bd6t511266568/manifest.json'
For more information check: https://developer.mozilla.org/en-US/docs/Web/HTTP/Status/403",2026-07-18T21:05:14.831753
liberation,bd6t51126657p,,failed,0,0,,http_manifest,known,403,manifest,"Client error '403 ' for url 'https://openapiproext.bnf.fr/iiif/presentation/v3/ark:/12148/bd6t51126657p/manifest.json'
For more information check: https://developer.mozilla.org/en-US/docs/Web/HTTP/Status/403",2026-07-18T21:05:15.155196
liberation,bd6t511266583,,failed,0,0,,http_manifest,known,403,manifest,"Client error '403 ' for url 'https://openapiproext.bnf.fr/iiif/presentation/v3/ark:/12148/bd6t511266583/manifest.json'
For more information check: https://developer.mozilla.org/en-US/docs/Web/HTTP/Status/403",2026-07-18T21:05:16.499252
liberation,bd6t51126659h,,failed,0,0,,http_manifest,known,403,manifest,"Client error '403 ' for url 'https://openapiproext.bnf.fr/iiif/presentation/v3/ark:/12148/bd6t51126659h/manifest.json'
For more information check: https://developer.mozilla.org/en-US/docs/Web/HTTP/Status/403",2026-07-18T21:05:17.530618
liberation,bd6t511266605,,failed,0,0,,http_manifest,known,403,manifest,"Client error '403 ' for url 'https://openapiproext.bnf.fr/iiif/presentation/v3/ark:/12148/bd6t511266605/manifest.json'
For more information check: https://developer.mozilla.org/en-US/docs/Web/HTTP/Status/403",2026-07-18T21:05:18.743530
liberation,bd6t51126661k,,failed,0,0,,http_manifest,known,403,manifest,"Client error '403 ' for url 'https://openapiproext.bnf.fr/iiif/presentation/v3/ark:/12148/bd6t51126661k/manifest.json'
For more information check: https://developer.mozilla.org/en-US/docs/Web/HTTP/Status/403",2026-07-18T21:05:20.084676
liberation,bd6t511266620,,failed,0,0,,http_manifest,known,403,manifest,"Client error '403 ' for url 'https://openapiproext.bnf.fr/iiif/presentation/v3/ark:/12148/bd6t511266620/manifest.json'
For more information check: https://developer.mozilla.org/en-US/docs/Web/HTTP/Status/403",2026-07-18T21:05:21.339808
liberation,bd6t51126663d,,failed,0,0,,http_manifest,known,403,manifest,"Client error '403 ' for url 'https://openapiproext.bnf.fr/iiif/presentation/v3/ark:/12148/bd6t51126663d/manifest.json'
For more information check: https://developer.mozilla.org/en-US/docs/Web/HTTP/Status/403",2026-07-18T21:05:22.345055
liberation,bd6t51126664t,,failed,0,0,,http_manifest,known,403,manifest,"Client error '403 ' for url 'https://openapiproext.bnf.fr/iiif/presentation/v3/ark:/12148/bd6t51126664t/manifest.json'
For more information check: https://developer.mozilla.org/en-US/docs/Web/HTTP/Status/403",2026-07-18T21:05:23.542061
liberation,bd6t511266657,,failed,0,0,,http_manifest,known,403,manifest,"Client error '403 ' for url 'https://openapiproext.bnf.fr/iiif/presentation/v3/ark:/12148/bd6t511266657/manifest.json'
For more information check: https://developer.mozilla.org/en-US/docs/Web/HTTP/Status/403",2026-07-18T21:05:24.738392
liberation,bd6t51126666n,,failed,0,0,,http_manifest,known,403,manifest,"Client error '403 ' for url 'https://openapiproext.bnf.fr/iiif/presentation/v3/ark:/12148/bd6t51126666n/manifest.json'
For more information check: https://developer.mozilla.org/en-US/docs/Web/HTTP/Status/403",2026-07-18T21:05:25.960065
liberation,bd6t511266672,,failed,0,0,,http_manifest,known,403,manifest,"Client error '403 ' for url 'https://openapiproext.bnf.fr/iiif/presentation/v3/ark:/12148/bd6t511266672/manifest.json'
For more information check: https://developer.mozilla.org/en-US/docs/Web/HTTP/Status/403",2026-07-18T21:05:27.144612
liberation,bd6t51126668g,,failed,0,0,,http_manifest,known,403,manifest,"Client error '403 ' for url 'https://openapiproext.bnf.fr/iiif/presentation/v3/ark:/12148/bd6t51126668g/manifest.json'
For more information check: https://developer.mozilla.org/en-US/docs/Web/HTTP/Status/403",2026-07-18T21:05:28.339461
liberation,bd6t51126669w,,failed,0,0,,http_manifest,known,403,manifest,"Client error '403 ' for url 'https://openapiproext.bnf.fr/iiif/presentation/v3/ark:/12148/bd6t51126669w/manifest.json'
For more information check: https://developer.mozilla.org/en-US/docs/Web/HTTP/Status/403",2026-07-18T21:05:29.552306
liberation,bd6t51126670j,,failed,0,0,,http_manifest,known,403,manifest,"Client error '403 ' for url 'https://openapiproext.bnf.fr/iiif/presentation/v3/ark:/12148/bd6t51126670j/manifest.json'
For more information check: https://developer.mozilla.org/en-US/docs/Web/HTTP/Status/403",2026-07-18T21:05:30.752410
liberation,bd6t51126671z,,failed,0,0,,http_manifest,known,403,manifest,"Client error '403 ' for url 'https://openapiproext.bnf.fr/iiif/presentation/v3/ark:/12148/bd6t51126671z/manifest.json'
For more information check: https://developer.mozilla.org/en-US/docs/Web/HTTP/Status/403",2026-07-18T21:05:31.976064
liberation,bd6t51126672c,,failed,0,0,,http_manifest,known,403,manifest,"Client error '403 ' for url 'https://openapiproext.bnf.fr/iiif/presentation/v3/ark:/12148/bd6t51126672c/manifest.json'
For more information check: https://developer.mozilla.org/en-US/docs/Web/HTTP/Status/403",2026-07-18T21:05:33.142648
liberation,bd6t51126673s,,failed,0,0,,http_manifest,known,403,manifest,"Client error '403 ' for url 'https://openapiproext.bnf.fr/iiif/presentation/v3/ark:/12148/bd6t51126673s/manifest.json'
For more information check: https://developer.mozilla.org/en-US/docs/Web/HTTP/Status/403",2026-07-18T21:05:34.345352
liberation,bd6t511266746,,failed,0,0,,http_manifest,known,403,manifest,"Client error '403 ' for url 'https://openapiproext.bnf.fr/iiif/presentation/v3/ark:/12148/bd6t511266746/manifest.json'
For more information check: https://developer.mozilla.org/en-US/docs/Web/HTTP/Status/403",2026-07-18T21:05:35.550416
liberation,bd6t51126675m,,failed,0,0,,http_manifest,known,403,manifest,"Client error '403 ' for url 'https://openapiproext.bnf.fr/iiif/presentation/v3/ark:/12148/bd6t51126675m/manifest.json'
For more information check: https://developer.mozilla.org/en-US/docs/Web/HTTP/Status/403",2026-07-18T21:05:36.751354
liberation,bd6t511266761,,failed,0,0,,http_manifest,known,403,manifest,"Client error '403 ' for url 'https://openapiproext.bnf.fr/iiif/presentation/v3/ark:/12148/bd6t511266761/manifest.json'
For more information check: https://developer.mozilla.org/en-US/docs/Web/HTTP/Status/403",2026-07-18T21:05:37.951813
liberation,bd6t51126677f,,failed,0,0,,http_manifest,known,403,manifest,"Client error '403 ' for url 'https://openapiproext.bnf.fr/iiif/presentation/v3/ark:/12148/bd6t51126677f/manifest.json'
For more information check: https://developer.mozilla.org/en-US/docs/Web/HTTP/Status/403",2026-07-18T21:05:39.152060
liberation,bd6t51126678v,,failed,0,0,,http_manifest,known,403,manifest,"Client error '403 ' for url 'https://openapiproext.bnf.fr/iiif/presentation/v3/ark:/12148/bd6t51126678v/manifest.json'
For more information check: https://developer.mozilla.org/en-US/docs/Web/HTTP/Status/403",2026-07-18T21:05:40.361980
liberation,bd6t511266798,,failed,0,0,,http_manifest,known,403,manifest,"Client error '403 ' for url 'https://openapiproext.bnf.fr/iiif/presentation/v3/ark:/12148/bd6t511266798/manifest.json'
For more information check: https://developer.mozilla.org/en-US/docs/Web/HTTP/Status/403",2026-07-18T21:05:41.576138
liberation,bd6t51126680x,,failed,0,0,,http_manifest,known,403,manifest,"Client error '403 ' for url 'https://openapiproext.bnf.fr/iiif/presentation/v3/ark:/12148/bd6t51126680x/manifest.json'
For more information check: https://developer.mozilla.org/en-US/docs/Web/HTTP/Status/403",2026-07-18T21:05:42.755163
liberation,bd6t51126681b,,failed,0,0,,http_manifest,known,403,manifest,"Client error '403 ' for url 'https://openapiproext.bnf.fr/iiif/presentation/v3/ark:/12148/bd6t51126681b/manifest.json'
For more information check: https://developer.mozilla.org/en-US/docs/Web/HTTP/Status/403",2026-07-18T21:05:43.986915
liberation,bd6t51126682r,,failed,0,0,,http_manifest,known,403,manifest,"Client error '403 ' for url 'https://openapiproext.bnf.fr/iiif/presentation/v3/ark:/12148/bd6t51126682r/manifest.json'
For more information check: https://developer.mozilla.org/en-US/docs/Web/HTTP/Status/403",2026-07-18T21:05:45.162340
liberation,bd6t511266835,,failed,0,0,,http_manifest,known,403,manifest,"Client error '403 ' for url 'https://openapiproext.bnf.fr/iiif/presentation/v3/ark:/12148/bd6t511266835/manifest.json'
For more information check: https://developer.mozilla.org/en-US/docs/Web/HTTP/Status/403",2026-07-18T21:05:46.360007
liberation,bd6t51126684k,,failed,0,0,,http_manifest,known,403,manifest,"Client error '403 ' for url 'https://openapiproext.bnf.fr/iiif/presentation/v3/ark:/12148/bd6t51126684k/manifest.json'
For more information check: https://developer.mozilla.org/en-US/docs/Web/HTTP/Status/403",2026-07-18T21:05:47.568992
liberation,bd6t511266850,,failed,0,0,,http_manifest,known,403,manifest,"Client error '403 ' for url 'https://openapiproext.bnf.fr/iiif/presentation/v3/ark:/12148/bd6t511266850/manifest.json'
For more information check: https://developer.mozilla.org/en-US/docs/Web/HTTP/Status/403",2026-07-18T21:05:48.760921
liberation,bd6t51126686d,,failed,0,0,,http_manifest,known,403,manifest,"Client error '403 ' for url 'https://openapiproext.bnf.fr/iiif/presentation/v3/ark:/12148/bd6t51126686d/manifest.json'
For more information check: https://developer.mozilla.org/en-US/docs/Web/HTTP/Status/403",2026-07-18T21:05:49.978981
liberation,bd6t51126687t,,failed,0,0,,http_manifest,known,403,manifest,"Client error '403 ' for url 'https://openapiproext.bnf.fr/iiif/presentation/v3/ark:/12148/bd6t51126687t/manifest.json'
For more information check: https://developer.mozilla.org/en-US/docs/Web/HTTP/Status/403",2026-07-18T21:05:51.160216
liberation,bd6t511266887,,failed,0,0,,http_manifest,known,403,manifest,"Client error '403 ' for url 'https://openapiproext.bnf.fr/iiif/presentation/v3/ark:/12148/bd6t511266887/manifest.json'
For more information check: https://developer.mozilla.org/en-US/docs/Web/HTTP/Status/403",2026-07-18T21:05:52.366242
liberation,bd6t51126689n,,failed,0,0,,http_manifest,known,403,manifest,"Client error '403 ' for url 'https://openapiproext.bnf.fr/iiif/presentation/v3/ark:/12148/bd6t51126689n/manifest.json'
For more information check: https://developer.mozilla.org/en-US/docs/Web/HTTP/Status/403",2026-07-18T21:05:53.570465
liberation,bd6t511266909,,failed,0,0,,http_manifest,known,403,manifest,"Client error '403 ' for url 'https://openapiproext.bnf.fr/iiif/presentation/v3/ark:/12148/bd6t511266909/manifest.json'
For more information check: https://developer.mozilla.org/en-US/docs/Web/HTTP/Status/403",2026-07-18T21:05:54.772085
liberation,bd6t51126691q,,failed,0,0,,http_manifest,known,403,manifest,"Client error '403 ' for url 'https://openapiproext.bnf.fr/iiif/presentation/v3/ark:/12148/bd6t51126691q/manifest.json'
For more information check: https://developer.mozilla.org/en-US/docs/Web/HTTP/Status/403",2026-07-18T21:05:55.986235
liberation,bd6t511266924,,failed,0,0,,http_manifest,known,403,manifest,"Client error '403 ' for url 'https://openapiproext.bnf.fr/iiif/presentation/v3/ark:/12148/bd6t511266924/manifest.json'
For more information check: https://developer.mozilla.org/en-US/docs/Web/HTTP/Status/403",2026-07-18T21:05:57.170120
liberation,bd6t51126693j,,failed,0,0,,http_manifest,known,403,manifest,"Client error '403 ' for url 'https://openapiproext.bnf.fr/iiif/presentation/v3/ark:/12148/bd6t51126693j/manifest.json'
For more information check: https://developer.mozilla.org/en-US/docs/Web/HTTP/Status/403",2026-07-18T21:05:58.372096
liberation,bd6t51126694z,,failed,0,0,,http_manifest,known,403,manifest,"Client error '403 ' for url 'https://openapiproext.bnf.fr/iiif/presentation/v3/ark:/12148/bd6t51126694z/manifest.json'
For more information check: https://developer.mozilla.org/en-US/docs/Web/HTTP/Status/403",2026-07-18T21:05:59.581831
liberation,bd6t51126695c,,failed,0,0,,http_manifest,known,403,manifest,"Client error '403 ' for url 'https://openapiproext.bnf.fr/iiif/presentation/v3/ark:/12148/bd6t51126695c/manifest.json'
For more information check: https://developer.mozilla.org/en-US/docs/Web/HTTP/Status/403",2026-07-18T21:06:00.773342
liberation,bd6t51126696s,,failed,0,0,,http_manifest,known,403,manifest,"Client error '403 ' for url 'https://openapiproext.bnf.fr/iiif/presentation/v3/ark:/12148/bd6t51126696s/manifest.json'
For more information check: https://developer.mozilla.org/en-US/docs/Web/HTTP/Status/403",2026-07-18T21:06:01.996357
liberation,bd6t511266976,,failed,0,0,,http_manifest,known,403,manifest,"Client error '403 ' for url 'https://openapiproext.bnf.fr/iiif/presentation/v3/ark:/12148/bd6t511266976/manifest.json'
For more information check: https://developer.mozilla.org/en-US/docs/Web/HTTP/Status/403",2026-07-18T21:06:03.178382
liberation,bd6t51126698m,,failed,0,0,,http_manifest,known,403,manifest,"Client error '403 ' for url 'https://openapiproext.bnf.fr/iiif/presentation/v3/ark:/12148/bd6t51126698m/manifest.json'
For more information check: https://developer.mozilla.org/en-US/docs/Web/HTTP/Status/403",2026-07-18T21:06:04.386605
liberation,bd6t511266991,,failed,0,0,,http_manifest,known,403,manifest,"Client error '403 ' for url 'https://openapiproext.bnf.fr/iiif/presentation/v3/ark:/12148/bd6t511266991/manifest.json'
For more information check: https://developer.mozilla.org/en-US/docs/Web/HTTP/Status/403",2026-07-18T21:06:05.578984
liberation,bd6t511267007,,failed,0,0,,http_manifest,known,403,manifest,"Client error '403 ' for url 'https://openapiproext.bnf.fr/iiif/presentation/v3/ark:/12148/bd6t511267007/manifest.json'
For more information check: https://developer.mozilla.org/en-US/docs/Web/HTTP/Status/403",2026-07-18T21:06:06.874712
liberation,bd6t51126701n,,failed,0,0,,http_manifest,known,403,manifest,"Client error '403 ' for url 'https://openapiproext.bnf.fr/iiif/presentation/v3/ark:/12148/bd6t51126701n/manifest.json'
For more information check: https://developer.mozilla.org/en-US/docs/Web/HTTP/Status/403",2026-07-18T21:06:08.087940
liberation,bd6t511267022,,failed,0,0,,http_manifest,known,403,manifest,"Client error '403 ' for url 'https://openapiproext.bnf.fr/iiif/presentation/v3/ark:/12148/bd6t511267022/manifest.json'
For more information check: https://developer.mozilla.org/en-US/docs/Web/HTTP/Status/403",2026-07-18T21:06:09.360381
liberation,bd6t51126703g,,failed,0,0,,http_manifest,known,403,manifest,"Client error '403 ' for url 'https://openapiproext.bnf.fr/iiif/presentation/v3/ark:/12148/bd6t51126703g/manifest.json'
For more information check: https://developer.mozilla.org/en-US/docs/Web/HTTP/Status/403",2026-07-18T21:06:10.601290
liberation,bd6t51126704w,,failed,0,0,,http_manifest,known,403,manifest,"Client error '403 ' for url 'https://openapiproext.bnf.fr/iiif/presentation/v3/ark:/12148/bd6t51126704w/manifest.json'
For more information check: https://developer.mozilla.org/en-US/docs/Web/HTTP/Status/403",2026-07-18T21:06:11.651265
liberation,bd6t511267059,,failed,0,0,,http_manifest,known,403,manifest,"Client error '403 ' for url 'https://openapiproext.bnf.fr/iiif/presentation/v3/ark:/12148/bd6t511267059/manifest.json'
For more information check: https://developer.mozilla.org/en-US/docs/Web/HTTP/Status/403",2026-07-18T21:06:12.967262
liberation,bd6t51126706q,,failed,0,0,,http_manifest,known,403,manifest,"Client error '403 ' for url 'https://openapiproext.bnf.fr/iiif/presentation/v3/ark:/12148/bd6t51126706q/manifest.json'
For more information check: https://developer.mozilla.org/en-US/docs/Web/HTTP/Status/403",2026-07-18T21:06:14.085512
liberation,bd6t511267074,,failed,0,0,,http_manifest,known,403,manifest,"Client error '403 ' for url 'https://openapiproext.bnf.fr/iiif/presentation/v3/ark:/12148/bd6t511267074/manifest.json'
For more information check: https://developer.mozilla.org/en-US/docs/Web/HTTP/Status/403",2026-07-18T21:06:15.253215
liberation,bd6t51126708j,,failed,0,0,,http_manifest,known,403,manifest,"Client error '403 ' for url 'https://openapiproext.bnf.fr/iiif/presentation/v3/ark:/12148/bd6t51126708j/manifest.json'
For more information check: https://developer.mozilla.org/en-US/docs/Web/HTTP/Status/403",2026-07-18T21:06:16.510246
liberation,bd6t51126709z,,failed,0,0,,http_manifest,known,403,manifest,"Client error '403 ' for url 'https://openapiproext.bnf.fr/iiif/presentation/v3/ark:/12148/bd6t51126709z/manifest.json'
For more information check: https://developer.mozilla.org/en-US/docs/Web/HTTP/Status/403",2026-07-18T21:06:17.594384
liberation,bd6t51126710m,,failed,0,0,,http_manifest,known,403,manifest,"Client error '403 ' for url 'https://openapiproext.bnf.fr/iiif/presentation/v3/ark:/12148/bd6t51126710m/manifest.json'
For more information check: https://developer.mozilla.org/en-US/docs/Web/HTTP/Status/403",2026-07-18T21:06:18.794072
liberation,bd6t511267111,,failed,0,0,,http_manifest,known,403,manifest,"Client error '403 ' for url 'https://openapiproext.bnf.fr/iiif/presentation/v3/ark:/12148/bd6t511267111/manifest.json'
For more information check: https://developer.mozilla.org/en-US/docs/Web/HTTP/Status/403",2026-07-18T21:06:20.167454
liberation,bd6t51126712f,,failed,0,0,,http_manifest,known,403,manifest,"Client error '403 ' for url 'https://openapiproext.bnf.fr/iiif/presentation/v3/ark:/12148/bd6t51126712f/manifest.json'
For more information check: https://developer.mozilla.org/en-US/docs/Web/HTTP/Status/403",2026-07-18T21:06:21.197914
liberation,bd6t51126713v,,failed,0,0,,http_manifest,known,403,manifest,"Client error '403 ' for url 'https://openapiproext.bnf.fr/iiif/presentation/v3/ark:/12148/bd6t51126713v/manifest.json'
For more information check: https://developer.mozilla.org/en-US/docs/Web/HTTP/Status/403",2026-07-18T21:06:22.543001
liberation,bd6t511267148,,failed,0,0,,http_manifest,known,403,manifest,"Client error '403 ' for url 'https://openapiproext.bnf.fr/iiif/presentation/v3/ark:/12148/bd6t511267148/manifest.json'
For more information check: https://developer.mozilla.org/en-US/docs/Web/HTTP/Status/403",2026-07-18T21:06:23.649714
liberation,bd6t51126715p,,failed,0,0,,http_manifest,known,403,manifest,"Client error '403 ' for url 'https://openapiproext.bnf.fr/iiif/presentation/v3/ark:/12148/bd6t51126715p/manifest.json'
For more information check: https://developer.mozilla.org/en-US/docs/Web/HTTP/Status/403",2026-07-18T21:06:24.801033
liberation,bd6t511267163,,failed,0,0,,http_manifest,known,403,manifest,"Client error '403 ' for url 'https://openapiproext.bnf.fr/iiif/presentation/v3/ark:/12148/bd6t511267163/manifest.json'
For more information check: https://developer.mozilla.org/en-US/docs/Web/HTTP/Status/403",2026-07-18T21:06:26.024248
liberation,bd6t51126717h,,failed,0,0,,http_manifest,known,403,manifest,"Client error '403 ' for url 'https://openapiproext.bnf.fr/iiif/presentation/v3/ark:/12148/bd6t51126717h/manifest.json'
For more information check: https://developer.mozilla.org/en-US/docs/Web/HTTP/Status/403",2026-07-18T21:06:27.206579
liberation,bd6t51126511b,,failed,0,0,,http_manifest,known,403,manifest,"Client error '403 ' for url 'https://openapiproext.bnf.fr/iiif/presentation/v3/ark:/12148/bd6t51126511b/manifest.json'
For more information check: https://developer.mozilla.org/en-US/docs/Web/HTTP/Status/403",2026-07-18T21:06:28.402320
liberation,bd6t51126512r,,failed,0,0,,http_manifest,known,403,manifest,"Client error '403 ' for url 'https://openapiproext.bnf.fr/iiif/presentation/v3/ark:/12148/bd6t51126512r/manifest.json'
For more information check: https://developer.mozilla.org/en-US/docs/Web/HTTP/Status/403",2026-07-18T21:06:29.603895
liberation,bd6t511265135,,failed,0,0,,http_manifest,known,403,manifest,"Client error '403 ' for url 'https://openapiproext.bnf.fr/iiif/presentation/v3/ark:/12148/bd6t511265135/manifest.json'
For more information check: https://developer.mozilla.org/en-US/docs/Web/HTTP/Status/403",2026-07-18T21:06:30.804430
liberation,bd6t51126514k,,failed,0,0,,http_manifest,known,403,manifest,"Client error '403 ' for url 'https://openapiproext.bnf.fr/iiif/presentation/v3/ark:/12148/bd6t51126514k/manifest.json'
For more information check: https://developer.mozilla.org/en-US/docs/Web/HTTP/Status/403",2026-07-18T21:06:32.035989
liberation,bd6t511265150,,failed,0,0,,http_manifest,known,403,manifest,"Client error '403 ' for url 'https://openapiproext.bnf.fr/iiif/presentation/v3/ark:/12148/bd6t511265150/manifest.json'
For more information check: https://developer.mozilla.org/en-US/docs/Web/HTTP/Status/403",2026-07-18T21:06:33.212180
liberation,bd6t51126516d,,failed,0,0,,http_manifest,known,403,manifest,"Client error '403 ' for url 'https://openapiproext.bnf.fr/iiif/presentation/v3/ark:/12148/bd6t51126516d/manifest.json'
For more information check: https://developer.mozilla.org/en-US/docs/Web/HTTP/Status/403",2026-07-18T21:06:34.408225
liberation,bd6t51126517t,,failed,0,0,,http_manifest,known,403,manifest,"Client error '403 ' for url 'https://openapiproext.bnf.fr/iiif/presentation/v3/ark:/12148/bd6t51126517t/manifest.json'
For more information check: https://developer.mozilla.org/en-US/docs/Web/HTTP/Status/403",2026-07-18T21:06:35.610241
liberation,bd6t511265187,,failed,0,0,,http_manifest,known,403,manifest,"Client error '403 ' for url 'https://openapiproext.bnf.fr/iiif/presentation/v3/ark:/12148/bd6t511265187/manifest.json'
For more information check: https://developer.mozilla.org/en-US/docs/Web/HTTP/Status/403",2026-07-18T21:06:36.810212
liberation,bd6t51126519n,,failed,0,0,,http_manifest,known,403,manifest,"Client error '403 ' for url 'https://openapiproext.bnf.fr/iiif/presentation/v3/ark:/12148/bd6t51126519n/manifest.json'
For more information check: https://developer.mozilla.org/en-US/docs/Web/HTTP/Status/403",2026-07-18T21:06:38.013887
liberation,bd6t511265209,,failed,0,0,,http_manifest,known,403,manifest,"Client error '403 ' for url 'https://openapiproext.bnf.fr/iiif/presentation/v3/ark:/12148/bd6t511265209/manifest.json'
For more information check: https://developer.mozilla.org/en-US/docs/Web/HTTP/Status/403",2026-07-18T21:06:39.213979
liberation,bd6t51126521q,,failed,0,0,,http_manifest,known,403,manifest,"Client error '403 ' for url 'https://openapiproext.bnf.fr/iiif/presentation/v3/ark:/12148/bd6t51126521q/manifest.json'
For more information check: https://developer.mozilla.org/en-US/docs/Web/HTTP/Status/403",2026-07-18T21:06:40.414630
liberation,bd6t511265224,,failed,0,0,,http_manifest,known,403,manifest,"Client error '403 ' for url 'https://openapiproext.bnf.fr/iiif/presentation/v3/ark:/12148/bd6t511265224/manifest.json'
For more information check: https://developer.mozilla.org/en-US/docs/Web/HTTP/Status/403",2026-07-18T21:06:41.626472
liberation,bd6t51126523j,,failed,0,0,,http_manifest,known,403,manifest,"Client error '403 ' for url 'https://openapiproext.bnf.fr/iiif/presentation/v3/ark:/12148/bd6t51126523j/manifest.json'
For more information check: https://developer.mozilla.org/en-US/docs/Web/HTTP/Status/403",2026-07-18T21:06:42.817237
liberation,bd6t51126524z,,failed,0,0,,http_manifest,known,403,manifest,"Client error '403 ' for url 'https://openapiproext.bnf.fr/iiif/presentation/v3/ark:/12148/bd6t51126524z/manifest.json'
For more information check: https://developer.mozilla.org/en-US/docs/Web/HTTP/Status/403",2026-07-18T21:06:44.035636
liberation,bd6t51126525c,,failed,0,0,,http_manifest,known,403,manifest,"Client error '403 ' for url 'https://openapiproext.bnf.fr/iiif/presentation/v3/ark:/12148/bd6t51126525c/manifest.json'
For more information check: https://developer.mozilla.org/en-US/docs/Web/HTTP/Status/403",2026-07-18T21:06:45.223409
liberation,bd6t51126526s,,failed,0,0,,http_manifest,known,403,manifest,"Client error '403 ' for url 'https://openapiproext.bnf.fr/iiif/presentation/v3/ark:/12148/bd6t51126526s/manifest.json'
For more information check: https://developer.mozilla.org/en-US/docs/Web/HTTP/Status/403",2026-07-18T21:06:46.418437
liberation,bd6t511265276,,failed,0,0,,http_manifest,known,403,manifest,"Client error '403 ' for url 'https://openapiproext.bnf.fr/iiif/presentation/v3/ark:/12148/bd6t511265276/manifest.json'
For more information check: https://developer.mozilla.org/en-US/docs/Web/HTTP/Status/403",2026-07-18T21:06:47.623683
liberation,bd6t51126528m,,failed,0,0,,http_manifest,known,403,manifest,"Client error '403 ' for url 'https://openapiproext.bnf.fr/iiif/presentation/v3/ark:/12148/bd6t51126528m/manifest.json'
For more information check: https://developer.mozilla.org/en-US/docs/Web/HTTP/Status/403",2026-07-18T21:06:48.826972
liberation,bd6t511265291,,failed,0,0,,http_manifest,known,403,manifest,"Client error '403 ' for url 'https://openapiproext.bnf.fr/iiif/presentation/v3/ark:/12148/bd6t511265291/manifest.json'
For more information check: https://developer.mozilla.org/en-US/docs/Web/HTTP/Status/403",2026-07-18T21:06:50.025262
liberation,bd6t51126530p,,failed,0,0,,http_manifest,known,403,manifest,"Client error '403 ' for url 'https://openapiproext.bnf.fr/iiif/presentation/v3/ark:/12148/bd6t51126530p/manifest.json'
For more information check: https://developer.mozilla.org/en-US/docs/Web/HTTP/Status/403",2026-07-18T21:06:51.227946
liberation,bd6t511265313,,failed,0,0,,http_manifest,known,403,manifest,"Client error '403 ' for url 'https://openapiproext.bnf.fr/iiif/presentation/v3/ark:/12148/bd6t511265313/manifest.json'
For more information check: https://developer.mozilla.org/en-US/docs/Web/HTTP/Status/403",2026-07-18T21:06:52.427170
liberation,bd6t51126532h,,failed,0,0,,http_manifest,known,403,manifest,"Client error '403 ' for url 'https://openapiproext.bnf.fr/iiif/presentation/v3/ark:/12148/bd6t51126532h/manifest.json'
For more information check: https://developer.mozilla.org/en-US/docs/Web/HTTP/Status/403",2026-07-18T21:06:53.627911
liberation,bd6t51126533x,,failed,0,0,,http_manifest,known,403,manifest,"Client error '403 ' for url 'https://openapiproext.bnf.fr/iiif/presentation/v3/ark:/12148/bd6t51126533x/manifest.json'
For more information check: https://developer.mozilla.org/en-US/docs/Web/HTTP/Status/403",2026-07-18T21:06:54.828354
liberation,bd6t51126534b,,failed,0,0,,http_manifest,known,403,manifest,"Client error '403 ' for url 'https://openapiproext.bnf.fr/iiif/presentation/v3/ark:/12148/bd6t51126534b/manifest.json'
For more information check: https://developer.mozilla.org/en-US/docs/Web/HTTP/Status/403",2026-07-18T21:06:56.046092
liberation,bd6t51126535r,,failed,0,0,,http_manifest,known,403,manifest,"Client error '403 ' for url 'https://openapiproext.bnf.fr/iiif/presentation/v3/ark:/12148/bd6t51126535r/manifest.json'
For more information check: https://developer.mozilla.org/en-US/docs/Web/HTTP/Status/403",2026-07-18T21:06:57.231073
liberation,bd6t511265365,,failed,0,0,,http_manifest,known,403,manifest,"Client error '403 ' for url 'https://openapiproext.bnf.fr/iiif/presentation/v3/ark:/12148/bd6t511265365/manifest.json'
For more information check: https://developer.mozilla.org/en-US/docs/Web/HTTP/Status/403",2026-07-18T21:06:58.435962
liberation,bd6t51126537k,,failed,0,0,,http_manifest,known,403,manifest,"Client error '403 ' for url 'https://openapiproext.bnf.fr/iiif/presentation/v3/ark:/12148/bd6t51126537k/manifest.json'
For more information check: https://developer.mozilla.org/en-US/docs/Web/HTTP/Status/403",2026-07-18T21:06:59.633394
liberation,bd6t511265380,,failed,0,0,,http_manifest,known,403,manifest,"Client error '403 ' for url 'https://openapiproext.bnf.fr/iiif/presentation/v3/ark:/12148/bd6t511265380/manifest.json'
For more information check: https://developer.mozilla.org/en-US/docs/Web/HTTP/Status/403",2026-07-18T21:07:00.837301
liberation,bd6t51126539d,,failed,0,0,,http_manifest,known,403,manifest,"Client error '403 ' for url 'https://openapiproext.bnf.fr/iiif/presentation/v3/ark:/12148/bd6t51126539d/manifest.json'
For more information check: https://developer.mozilla.org/en-US/docs/Web/HTTP/Status/403",2026-07-18T21:07:02.064329
liberation,bd6t511265402,,failed,0,0,,http_manifest,known,403,manifest,"Client error '403 ' for url 'https://openapiproext.bnf.fr/iiif/presentation/v3/ark:/12148/bd6t511265402/manifest.json'
For more information check: https://developer.mozilla.org/en-US/docs/Web/HTTP/Status/403",2026-07-18T21:07:03.239972
liberation,bd6t51126541g,,failed,0,0,,http_manifest,known,403,manifest,"Client error '403 ' for url 'https://openapiproext.bnf.fr/iiif/presentation/v3/ark:/12148/bd6t51126541g/manifest.json'
For more information check: https://developer.mozilla.org/en-US/docs/Web/HTTP/Status/403",2026-07-18T21:07:04.444698
liberation,bd6t51126542w,,failed,0,0,,http_manifest,known,403,manifest,"Client error '403 ' for url 'https://openapiproext.bnf.fr/iiif/presentation/v3/ark:/12148/bd6t51126542w/manifest.json'
For more information check: https://developer.mozilla.org/en-US/docs/Web/HTTP/Status/403",2026-07-18T21:07:05.644039
liberation,bd6t511265439,,failed,0,0,,http_manifest,known,403,manifest,"Client error '403 ' for url 'https://openapiproext.bnf.fr/iiif/presentation/v3/ark:/12148/bd6t511265439/manifest.json'
For more information check: https://developer.mozilla.org/en-US/docs/Web/HTTP/Status/403",2026-07-18T21:07:06.947707
liberation,bd6t51126544q,,failed,0,0,,http_manifest,known,403,manifest,"Client error '403 ' for url 'https://openapiproext.bnf.fr/iiif/presentation/v3/ark:/12148/bd6t51126544q/manifest.json'
For more information check: https://developer.mozilla.org/en-US/docs/Web/HTTP/Status/403",2026-07-18T21:07:08.045714
liberation,bd6t511265454,,failed,0,0,,http_manifest,known,403,manifest,"Client error '403 ' for url 'https://openapiproext.bnf.fr/iiif/presentation/v3/ark:/12148/bd6t511265454/manifest.json'
For more information check: https://developer.mozilla.org/en-US/docs/Web/HTTP/Status/403",2026-07-18T21:07:09.302732
liberation,bd6t51126546j,,failed,0,0,,http_manifest,known,403,manifest,"Client error '403 ' for url 'https://openapiproext.bnf.fr/iiif/presentation/v3/ark:/12148/bd6t51126546j/manifest.json'
For more information check: https://developer.mozilla.org/en-US/docs/Web/HTTP/Status/403",2026-07-18T21:07:10.446941
liberation,bd6t51126547z,,failed,0,0,,http_manifest,known,403,manifest,"Client error '403 ' for url 'https://openapiproext.bnf.fr/iiif/presentation/v3/ark:/12148/bd6t51126547z/manifest.json'
For more information check: https://developer.mozilla.org/en-US/docs/Web/HTTP/Status/403",2026-07-18T21:07:11.655855
liberation,bd6t51126548c,,failed,0,0,,http_manifest,known,403,manifest,"Client error '403 ' for url 'https://openapiproext.bnf.fr/iiif/presentation/v3/ark:/12148/bd6t51126548c/manifest.json'
For more information check: https://developer.mozilla.org/en-US/docs/Web/HTTP/Status/403",2026-07-18T21:07:12.881770
liberation,bd6t51126549s,,failed,0,0,,http_manifest,known,403,manifest,"Client error '403 ' for url 'https://openapiproext.bnf.fr/iiif/presentation/v3/ark:/12148/bd6t51126549s/manifest.json'
For more information check: https://developer.mozilla.org/en-US/docs/Web/HTTP/Status/403",2026-07-18T21:07:14.567827
liberation,bd6t51126550f,,failed,0,0,,http_manifest,known,403,manifest,"Client error '403 ' for url 'https://openapiproext.bnf.fr/iiif/presentation/v3/ark:/12148/bd6t51126550f/manifest.json'
For more information check: https://developer.mozilla.org/en-US/docs/Web/HTTP/Status/403",2026-07-18T21:07:15.334509
liberation,bd6t51126551v,,failed,0,0,,http_manifest,known,403,manifest,"Client error '403 ' for url 'https://openapiproext.bnf.fr/iiif/presentation/v3/ark:/12148/bd6t51126551v/manifest.json'
For more information check: https://developer.mozilla.org/en-US/docs/Web/HTTP/Status/403",2026-07-18T21:07:16.456124
liberation,bd6t511265528,,failed,0,0,,http_manifest,known,403,manifest,"Client error '403 ' for url 'https://openapiproext.bnf.fr/iiif/presentation/v3/ark:/12148/bd6t511265528/manifest.json'
For more information check: https://developer.mozilla.org/en-US/docs/Web/HTTP/Status/403",2026-07-18T21:07:17.654585
liberation,bd6t51126553p,,failed,0,0,,http_manifest,known,403,manifest,"Client error '403 ' for url 'https://openapiproext.bnf.fr/iiif/presentation/v3/ark:/12148/bd6t51126553p/manifest.json'
For more information check: https://developer.mozilla.org/en-US/docs/Web/HTTP/Status/403",2026-07-18T21:07:19.072351
liberation,bd6t511265543,,failed,0,0,,http_manifest,known,403,manifest,"Client error '403 ' for url 'https://openapiproext.bnf.fr/iiif/presentation/v3/ark:/12148/bd6t511265543/manifest.json'
For more information check: https://developer.mozilla.org/en-US/docs/Web/HTTP/Status/403",2026-07-18T21:07:20.347001
liberation,bd6t51126555h,,failed,0,0,,http_manifest,known,403,manifest,"Client error '403 ' for url 'https://openapiproext.bnf.fr/iiif/presentation/v3/ark:/12148/bd6t51126555h/manifest.json'
For more information check: https://developer.mozilla.org/en-US/docs/Web/HTTP/Status/403",2026-07-18T21:07:21.257652
liberation,bd6t51126556x,,failed,0,0,,http_manifest,known,403,manifest,"Client error '403 ' for url 'https://openapiproext.bnf.fr/iiif/presentation/v3/ark:/12148/bd6t51126556x/manifest.json'
For more information check: https://developer.mozilla.org/en-US/docs/Web/HTTP/Status/403",2026-07-18T21:07:22.459763
liberation,bd6t51126557b,,failed,0,0,,http_manifest,known,403,manifest,"Client error '403 ' for url 'https://openapiproext.bnf.fr/iiif/presentation/v3/ark:/12148/bd6t51126557b/manifest.json'
For more information check: https://developer.mozilla.org/en-US/docs/Web/HTTP/Status/403",2026-07-18T21:07:23.760955
liberation,bd6t51126558r,,failed,0,0,,http_manifest,known,403,manifest,"Client error '403 ' for url 'https://openapiproext.bnf.fr/iiif/presentation/v3/ark:/12148/bd6t51126558r/manifest.json'
For more information check: https://developer.mozilla.org/en-US/docs/Web/HTTP/Status/403",2026-07-18T21:07:25.015661
liberation,bd6t511265595,,failed,0,0,,http_manifest,known,403,manifest,"Client error '403 ' for url 'https://openapiproext.bnf.fr/iiif/presentation/v3/ark:/12148/bd6t511265595/manifest.json'
For more information check: https://developer.mozilla.org/en-US/docs/Web/HTTP/Status/403",2026-07-18T21:07:26.225208
liberation,bd6t51126560t,,failed,0,0,,http_manifest,known,403,manifest,"Client error '403 ' for url 'https://openapiproext.bnf.fr/iiif/presentation/v3/ark:/12148/bd6t51126560t/manifest.json'
For more information check: https://developer.mozilla.org/en-US/docs/Web/HTTP/Status/403",2026-07-18T21:07:27.354191
liberation,bd6t511265617,,failed,0,0,,http_manifest,known,403,manifest,"Client error '403 ' for url 'https://openapiproext.bnf.fr/iiif/presentation/v3/ark:/12148/bd6t511265617/manifest.json'
For more information check: https://developer.mozilla.org/en-US/docs/Web/HTTP/Status/403",2026-07-18T21:07:28.475286
liberation,bd6t51126562n,,failed,0,0,,http_manifest,known,403,manifest,"Client error '403 ' for url 'https://openapiproext.bnf.fr/iiif/presentation/v3/ark:/12148/bd6t51126562n/manifest.json'
For more information check: https://developer.mozilla.org/en-US/docs/Web/HTTP/Status/403",2026-07-18T21:07:29.669977
liberation,bd6t511265632,,failed,0,0,,http_manifest,known,403,manifest,"Client error '403 ' for url 'https://openapiproext.bnf.fr/iiif/presentation/v3/ark:/12148/bd6t511265632/manifest.json'
For more information check: https://developer.mozilla.org/en-US/docs/Web/HTTP/Status/403",2026-07-18T21:07:30.871372
liberation,bd6t51126564g,,failed,0,0,,http_manifest,known,403,manifest,"Client error '403 ' for url 'https://openapiproext.bnf.fr/iiif/presentation/v3/ark:/12148/bd6t51126564g/manifest.json'
For more information check: https://developer.mozilla.org/en-US/docs/Web/HTTP/Status/403",2026-07-18T21:07:32.095350
liberation,bd6t51126565w,,failed,0,0,,http_manifest,known,403,manifest,"Client error '403 ' for url 'https://openapiproext.bnf.fr/iiif/presentation/v3/ark:/12148/bd6t51126565w/manifest.json'
For more information check: https://developer.mozilla.org/en-US/docs/Web/HTTP/Status/403",2026-07-18T21:07:33.272136
liberation,bd6t511265669,,failed,0,0,,http_manifest,known,403,manifest,"Client error '403 ' for url 'https://openapiproext.bnf.fr/iiif/presentation/v3/ark:/12148/bd6t511265669/manifest.json'
For more information check: https://developer.mozilla.org/en-US/docs/Web/HTTP/Status/403",2026-07-18T21:07:34.471738
liberation,bd6t51126567q,,failed,0,0,,http_manifest,known,403,manifest,"Client error '403 ' for url 'https://openapiproext.bnf.fr/iiif/presentation/v3/ark:/12148/bd6t51126567q/manifest.json'
For more information check: https://developer.mozilla.org/en-US/docs/Web/HTTP/Status/403",2026-07-18T21:07:35.677362
liberation,bd6t511265684,,failed,0,0,,http_manifest,known,403,manifest,"Client error '403 ' for url 'https://openapiproext.bnf.fr/iiif/presentation/v3/ark:/12148/bd6t511265684/manifest.json'
For more information check: https://developer.mozilla.org/en-US/docs/Web/HTTP/Status/403",2026-07-18T21:07:36.875402
liberation,bd6t51126569j,,failed,0,0,,http_manifest,known,403,manifest,"Client error '403 ' for url 'https://openapiproext.bnf.fr/iiif/presentation/v3/ark:/12148/bd6t51126569j/manifest.json'
For more information check: https://developer.mozilla.org/en-US/docs/Web/HTTP/Status/403",2026-07-18T21:07:38.098325
liberation,bd6t511265706,,failed,0,0,,http_manifest,known,403,manifest,"Client error '403 ' for url 'https://openapiproext.bnf.fr/iiif/presentation/v3/ark:/12148/bd6t511265706/manifest.json'
For more information check: https://developer.mozilla.org/en-US/docs/Web/HTTP/Status/403",2026-07-18T21:07:39.277853
liberation,bd6t51126571m,,failed,0,0,,http_manifest,known,403,manifest,"Client error '403 ' for url 'https://openapiproext.bnf.fr/iiif/presentation/v3/ark:/12148/bd6t51126571m/manifest.json'
For more information check: https://developer.mozilla.org/en-US/docs/Web/HTTP/Status/403",2026-07-18T21:07:40.481064
liberation,bd6t511265721,,failed,0,0,,http_manifest,known,403,manifest,"Client error '403 ' for url 'https://openapiproext.bnf.fr/iiif/presentation/v3/ark:/12148/bd6t511265721/manifest.json'
For more information check: https://developer.mozilla.org/en-US/docs/Web/HTTP/Status/403",2026-07-18T21:07:41.682921
liberation,bd6t51126573f,,failed,0,0,,http_manifest,known,403,manifest,"Client error '403 ' for url 'https://openapiproext.bnf.fr/iiif/presentation/v3/ark:/12148/bd6t51126573f/manifest.json'
For more information check: https://developer.mozilla.org/en-US/docs/Web/HTTP/Status/403",2026-07-18T21:07:42.882981
liberation,bd6t51126574v,,failed,0,0,,http_manifest,known,403,manifest,"Client error '403 ' for url 'https://openapiproext.bnf.fr/iiif/presentation/v3/ark:/12148/bd6t51126574v/manifest.json'
For more information check: https://developer.mozilla.org/en-US/docs/Web/HTTP/Status/403",2026-07-18T21:07:44.086215
liberation,bd6t511265758,,failed,0,0,,http_manifest,known,403,manifest,"Client error '403 ' for url 'https://openapiproext.bnf.fr/iiif/presentation/v3/ark:/12148/bd6t511265758/manifest.json'
For more information check: https://developer.mozilla.org/en-US/docs/Web/HTTP/Status/403",2026-07-18T21:07:45.283454
liberation,bd6t51126576p,,failed,0,0,,http_manifest,known,403,manifest,"Client error '403 ' for url 'https://openapiproext.bnf.fr/iiif/presentation/v3/ark:/12148/bd6t51126576p/manifest.json'
For more information check: https://developer.mozilla.org/en-US/docs/Web/HTTP/Status/403",2026-07-18T21:07:46.484167
liberation,bd6t511265773,,failed,0,0,,http_manifest,known,403,manifest,"Client error '403 ' for url 'https://openapiproext.bnf.fr/iiif/presentation/v3/ark:/12148/bd6t511265773/manifest.json'
For more information check: https://developer.mozilla.org/en-US/docs/Web/HTTP/Status/403",2026-07-18T21:07:47.685828
liberation,bd6t51126578h,,failed,0,0,,http_manifest,known,403,manifest,"Client error '403 ' for url 'https://openapiproext.bnf.fr/iiif/presentation/v3/ark:/12148/bd6t51126578h/manifest.json'
For more information check: https://developer.mozilla.org/en-US/docs/Web/HTTP/Status/403",2026-07-18T21:07:48.888462
liberation,bd6t51126579x,,failed,0,0,,http_manifest,known,403,manifest,"Client error '403 ' for url 'https://openapiproext.bnf.fr/iiif/presentation/v3/ark:/12148/bd6t51126579x/manifest.json'
For more information check: https://developer.mozilla.org/en-US/docs/Web/HTTP/Status/403",2026-07-18T21:07:50.112159
liberation,bd6t51126580k,,failed,0,0,,http_manifest,known,403,manifest,"Client error '403 ' for url 'https://openapiproext.bnf.fr/iiif/presentation/v3/ark:/12148/bd6t51126580k/manifest.json'
For more information check: https://developer.mozilla.org/en-US/docs/Web/HTTP/Status/403",2026-07-18T21:07:51.306554
liberation,bd6t511265810,,failed,0,0,,http_manifest,known,403,manifest,"Client error '403 ' for url 'https://openapiproext.bnf.fr/iiif/presentation/v3/ark:/12148/bd6t511265810/manifest.json'
For more information check: https://developer.mozilla.org/en-US/docs/Web/HTTP/Status/403",2026-07-18T21:07:52.490140
liberation,bd6t51126582d,,failed,0,0,,http_manifest,known,403,manifest,"Client error '403 ' for url 'https://openapiproext.bnf.fr/iiif/presentation/v3/ark:/12148/bd6t51126582d/manifest.json'
For more information check: https://developer.mozilla.org/en-US/docs/Web/HTTP/Status/403",2026-07-18T21:07:53.690441
liberation,bd6t51126583t,,failed,0,0,,http_manifest,known,403,manifest,"Client error '403 ' for url 'https://openapiproext.bnf.fr/iiif/presentation/v3/ark:/12148/bd6t51126583t/manifest.json'
For more information check: https://developer.mozilla.org/en-US/docs/Web/HTTP/Status/403",2026-07-18T21:07:54.893090
liberation,bd6t511265847,,failed,0,0,,http_manifest,known,403,manifest,"Client error '403 ' for url 'https://openapiproext.bnf.fr/iiif/presentation/v3/ark:/12148/bd6t511265847/manifest.json'
For more information check: https://developer.mozilla.org/en-US/docs/Web/HTTP/Status/403",2026-07-18T21:07:56.096987
liberation,bd6t51126585n,,failed,0,0,,http_manifest,known,403,manifest,"Client error '403 ' for url 'https://openapiproext.bnf.fr/iiif/presentation/v3/ark:/12148/bd6t51126585n/manifest.json'
For more information check: https://developer.mozilla.org/en-US/docs/Web/HTTP/Status/403",2026-07-18T21:07:57.312275
liberation,bd6t511265862,,failed,0,0,,http_manifest,known,403,manifest,"Client error '403 ' for url 'https://openapiproext.bnf.fr/iiif/presentation/v3/ark:/12148/bd6t511265862/manifest.json'
For more information check: https://developer.mozilla.org/en-US/docs/Web/HTTP/Status/403",2026-07-18T21:07:58.499066
liberation,bd6t51126587g,,failed,0,0,,http_manifest,known,403,manifest,"Client error '403 ' for url 'https://openapiproext.bnf.fr/iiif/presentation/v3/ark:/12148/bd6t51126587g/manifest.json'
For more information check: https://developer.mozilla.org/en-US/docs/Web/HTTP/Status/403",2026-07-18T21:07:59.699029
liberation,bd6t51126588w,,failed,0,0,,http_manifest,known,403,manifest,"Client error '403 ' for url 'https://openapiproext.bnf.fr/iiif/presentation/v3/ark:/12148/bd6t51126588w/manifest.json'
For more information check: https://developer.mozilla.org/en-US/docs/Web/HTTP/Status/403",2026-07-18T21:08:00.900954
liberation,bd6t511265899,,failed,0,0,,http_manifest,known,403,manifest,"Client error '403 ' for url 'https://openapiproext.bnf.fr/iiif/presentation/v3/ark:/12148/bd6t511265899/manifest.json'
For more information check: https://developer.mozilla.org/en-US/docs/Web/HTTP/Status/403",2026-07-18T21:08:02.127671
liberation,bd6t51126590z,,failed,0,0,,http_manifest,known,403,manifest,"Client error '403 ' for url 'https://openapiproext.bnf.fr/iiif/presentation/v3/ark:/12148/bd6t51126590z/manifest.json'
For more information check: https://developer.mozilla.org/en-US/docs/Web/HTTP/Status/403",2026-07-18T21:08:03.308298
liberation,bd6t51126591c,,failed,0,0,,http_manifest,known,403,manifest,"Client error '403 ' for url 'https://openapiproext.bnf.fr/iiif/presentation/v3/ark:/12148/bd6t51126591c/manifest.json'
For more information check: https://developer.mozilla.org/en-US/docs/Web/HTTP/Status/403",2026-07-18T21:08:04.519629
liberation,bd6t51126592s,,failed,0,0,,http_manifest,known,403,manifest,"Client error '403 ' for url 'https://openapiproext.bnf.fr/iiif/presentation/v3/ark:/12148/bd6t51126592s/manifest.json'
For more information check: https://developer.mozilla.org/en-US/docs/Web/HTTP/Status/403",2026-07-18T21:08:05.707815
liberation,bd6t511265936,,failed,0,0,,http_manifest,known,403,manifest,"Client error '403 ' for url 'https://openapiproext.bnf.fr/iiif/presentation/v3/ark:/12148/bd6t511265936/manifest.json'
For more information check: https://developer.mozilla.org/en-US/docs/Web/HTTP/Status/403",2026-07-18T21:08:07.031320
liberation,bd6t51126594m,,failed,0,0,,http_manifest,known,403,manifest,"Client error '403 ' for url 'https://openapiproext.bnf.fr/iiif/presentation/v3/ark:/12148/bd6t51126594m/manifest.json'
For more information check: https://developer.mozilla.org/en-US/docs/Web/HTTP/Status/403",2026-07-18T21:08:08.375578
liberation,bd6t511265951,,failed,0,0,,http_manifest,known,403,manifest,"Client error '403 ' for url 'https://openapiproext.bnf.fr/iiif/presentation/v3/ark:/12148/bd6t511265951/manifest.json'
For more information check: https://developer.mozilla.org/en-US/docs/Web/HTTP/Status/403",2026-07-18T21:08:09.470218
liberation,bd6t51126596f,,failed,0,0,,http_manifest,known,403,manifest,"Client error '403 ' for url 'https://openapiproext.bnf.fr/iiif/presentation/v3/ark:/12148/bd6t51126596f/manifest.json'
For more information check: https://developer.mozilla.org/en-US/docs/Web/HTTP/Status/403",2026-07-18T21:08:10.750141
liberation,bd6t51126597v,,failed,0,0,,http_manifest,known,403,manifest,"Client error '403 ' for url 'https://openapiproext.bnf.fr/iiif/presentation/v3/ark:/12148/bd6t51126597v/manifest.json'
For more information check: https://developer.mozilla.org/en-US/docs/Web/HTTP/Status/403",2026-07-18T21:08:11.938669
liberation,bd6t511265988,,failed,0,0,,http_manifest,known,403,manifest,"Client error '403 ' for url 'https://openapiproext.bnf.fr/iiif/presentation/v3/ark:/12148/bd6t511265988/manifest.json'
For more information check: https://developer.mozilla.org/en-US/docs/Web/HTTP/Status/403",2026-07-18T21:08:13.005032
liberation,bd6t51126599p,,failed,0,0,,http_manifest,known,403,manifest,"Client error '403 ' for url 'https://openapiproext.bnf.fr/iiif/presentation/v3/ark:/12148/bd6t51126599p/manifest.json'
For more information check: https://developer.mozilla.org/en-US/docs/Web/HTTP/Status/403",2026-07-18T21:08:14.325589
liberation,bd6t51126600w,,failed,0,0,,http_manifest,known,403,manifest,"Client error '403 ' for url 'https://openapiproext.bnf.fr/iiif/presentation/v3/ark:/12148/bd6t51126600w/manifest.json'
For more information check: https://developer.mozilla.org/en-US/docs/Web/HTTP/Status/403",2026-07-18T21:08:15.539955
liberation,bd6t511266019,,failed,0,0,,http_manifest,known,403,manifest,"Client error '403 ' for url 'https://openapiproext.bnf.fr/iiif/presentation/v3/ark:/12148/bd6t511266019/manifest.json'
For more information check: https://developer.mozilla.org/en-US/docs/Web/HTTP/Status/403",2026-07-18T21:08:16.525873
liberation,bd6t51126602q,,failed,0,0,,http_manifest,known,403,manifest,"Client error '403 ' for url 'https://openapiproext.bnf.fr/iiif/presentation/v3/ark:/12148/bd6t51126602q/manifest.json'
For more information check: https://developer.mozilla.org/en-US/docs/Web/HTTP/Status/403",2026-07-18T21:08:17.910263
liberation,bd6t511266034,,failed,0,0,,http_manifest,known,403,manifest,"Client error '403 ' for url 'https://openapiproext.bnf.fr/iiif/presentation/v3/ark:/12148/bd6t511266034/manifest.json'
For more information check: https://developer.mozilla.org/en-US/docs/Web/HTTP/Status/403",2026-07-18T21:08:18.922121
liberation,bd6t51126604j,,failed,0,0,,http_manifest,known,403,manifest,"Client error '403 ' for url 'https://openapiproext.bnf.fr/iiif/presentation/v3/ark:/12148/bd6t51126604j/manifest.json'
For more information check: https://developer.mozilla.org/en-US/docs/Web/HTTP/Status/403",2026-07-18T21:08:20.349557
liberation,bd6t51126605z,,failed,0,0,,http_manifest,known,403,manifest,"Client error '403 ' for url 'https://openapiproext.bnf.fr/iiif/presentation/v3/ark:/12148/bd6t51126605z/manifest.json'
For more information check: https://developer.mozilla.org/en-US/docs/Web/HTTP/Status/403",2026-07-18T21:08:21.485874
liberation,bd6t51126606c,,failed,0,0,,http_manifest,known,403,manifest,"Client error '403 ' for url 'https://openapiproext.bnf.fr/iiif/presentation/v3/ark:/12148/bd6t51126606c/manifest.json'
For more information check: https://developer.mozilla.org/en-US/docs/Web/HTTP/Status/403",2026-07-18T21:08:22.526952
liberation,bd6t51126607s,,failed,0,0,,http_manifest,known,403,manifest,"Client error '403 ' for url 'https://openapiproext.bnf.fr/iiif/presentation/v3/ark:/12148/bd6t51126607s/manifest.json'
For more information check: https://developer.mozilla.org/en-US/docs/Web/HTTP/Status/403",2026-07-18T21:08:23.814872
liberation,bd6t511266086,,failed,0,0,,http_manifest,known,403,manifest,"Client error '403 ' for url 'https://openapiproext.bnf.fr/iiif/presentation/v3/ark:/12148/bd6t511266086/manifest.json'
For more information check: https://developer.mozilla.org/en-US/docs/Web/HTTP/Status/403",2026-07-18T21:08:25.086446
liberation,bd6t51126609m,,failed,0,0,,http_manifest,known,403,manifest,"Client error '403 ' for url 'https://openapiproext.bnf.fr/iiif/presentation/v3/ark:/12148/bd6t51126609m/manifest.json'
For more information check: https://developer.mozilla.org/en-US/docs/Web/HTTP/Status/403",2026-07-18T21:08:26.130870
liberation,bd6t511266108,,failed,0,0,,http_manifest,known,403,manifest,"Client error '403 ' for url 'https://openapiproext.bnf.fr/iiif/presentation/v3/ark:/12148/bd6t511266108/manifest.json'
For more information check: https://developer.mozilla.org/en-US/docs/Web/HTTP/Status/403",2026-07-18T21:08:27.625430
liberation,bd6t51126611p,,failed,0,0,,http_manifest,known,403,manifest,"Client error '403 ' for url 'https://openapiproext.bnf.fr/iiif/presentation/v3/ark:/12148/bd6t51126611p/manifest.json'
For more information check: https://developer.mozilla.org/en-US/docs/Web/HTTP/Status/403",2026-07-18T21:08:28.544909
liberation,bd6t511266123,,failed,0,0,,http_manifest,known,403,manifest,"Client error '403 ' for url 'https://openapiproext.bnf.fr/iiif/presentation/v3/ark:/12148/bd6t511266123/manifest.json'
For more information check: https://developer.mozilla.org/en-US/docs/Web/HTTP/Status/403",2026-07-18T21:08:29.732024
liberation,bd6t51126613h,,failed,0,0,,http_manifest,known,403,manifest,"Client error '403 ' for url 'https://openapiproext.bnf.fr/iiif/presentation/v3/ark:/12148/bd6t51126613h/manifest.json'
For more information check: https://developer.mozilla.org/en-US/docs/Web/HTTP/Status/403",2026-07-18T21:08:30.931572
liberation,bd6t51126435d,,failed,0,0,,http_manifest,known,403,manifest,"Client error '403 ' for url 'https://openapiproext.bnf.fr/iiif/presentation/v3/ark:/12148/bd6t51126435d/manifest.json'
For more information check: https://developer.mozilla.org/en-US/docs/Web/HTTP/Status/403",2026-07-18T21:08:32.196915
liberation,bd6t51126436t,,failed,0,0,,http_manifest,known,403,manifest,"Client error '403 ' for url 'https://openapiproext.bnf.fr/iiif/presentation/v3/ark:/12148/bd6t51126436t/manifest.json'
For more information check: https://developer.mozilla.org/en-US/docs/Web/HTTP/Status/403",2026-07-18T21:08:33.336658
liberation,bd6t511264377,,failed,0,0,,http_manifest,known,403,manifest,"Client error '403 ' for url 'https://openapiproext.bnf.fr/iiif/presentation/v3/ark:/12148/bd6t511264377/manifest.json'
For more information check: https://developer.mozilla.org/en-US/docs/Web/HTTP/Status/403",2026-07-18T21:08:34.536373
liberation,bd6t51126438n,,failed,0,0,,http_manifest,known,403,manifest,"Client error '403 ' for url 'https://openapiproext.bnf.fr/iiif/presentation/v3/ark:/12148/bd6t51126438n/manifest.json'
For more information check: https://developer.mozilla.org/en-US/docs/Web/HTTP/Status/403",2026-07-18T21:08:35.737350
liberation,bd6t511264392,,failed,0,0,,http_manifest,known,403,manifest,"Client error '403 ' for url 'https://openapiproext.bnf.fr/iiif/presentation/v3/ark:/12148/bd6t511264392/manifest.json'
For more information check: https://developer.mozilla.org/en-US/docs/Web/HTTP/Status/403",2026-07-18T21:08:36.943199
liberation,bd6t51126440q,,failed,0,0,,http_manifest,known,403,manifest,"Client error '403 ' for url 'https://openapiproext.bnf.fr/iiif/presentation/v3/ark:/12148/bd6t51126440q/manifest.json'
For more information check: https://developer.mozilla.org/en-US/docs/Web/HTTP/Status/403",2026-07-18T21:08:38.172068
liberation,bd6t511264414,,failed,0,0,,http_manifest,known,403,manifest,"Client error '403 ' for url 'https://openapiproext.bnf.fr/iiif/presentation/v3/ark:/12148/bd6t511264414/manifest.json'
For more information check: https://developer.mozilla.org/en-US/docs/Web/HTTP/Status/403",2026-07-18T21:08:39.347899
liberation,bd6t51126442j,,failed,0,0,,http_manifest,known,403,manifest,"Client error '403 ' for url 'https://openapiproext.bnf.fr/iiif/presentation/v3/ark:/12148/bd6t51126442j/manifest.json'
For more information check: https://developer.mozilla.org/en-US/docs/Web/HTTP/Status/403",2026-07-18T21:08:40.542201
liberation,bd6t51126443z,,failed,0,0,,http_manifest,known,403,manifest,"Client error '403 ' for url 'https://openapiproext.bnf.fr/iiif/presentation/v3/ark:/12148/bd6t51126443z/manifest.json'
For more information check: https://developer.mozilla.org/en-US/docs/Web/HTTP/Status/403",2026-07-18T21:08:41.754946
liberation,bd6t51126444c,,failed,0,0,,http_manifest,known,403,manifest,"Client error '403 ' for url 'https://openapiproext.bnf.fr/iiif/presentation/v3/ark:/12148/bd6t51126444c/manifest.json'
For more information check: https://developer.mozilla.org/en-US/docs/Web/HTTP/Status/403",2026-07-18T21:08:42.944067
liberation,bd6t51126445s,,failed,0,0,,http_manifest,known,403,manifest,"Client error '403 ' for url 'https://openapiproext.bnf.fr/iiif/presentation/v3/ark:/12148/bd6t51126445s/manifest.json'
For more information check: https://developer.mozilla.org/en-US/docs/Web/HTTP/Status/403",2026-07-18T21:08:44.145985
liberation,bd6t511264466,,failed,0,0,,http_manifest,known,403,manifest,"Client error '403 ' for url 'https://openapiproext.bnf.fr/iiif/presentation/v3/ark:/12148/bd6t511264466/manifest.json'
For more information check: https://developer.mozilla.org/en-US/docs/Web/HTTP/Status/403",2026-07-18T21:08:45.355249
liberation,bd6t51126447m,,failed,0,0,,http_manifest,known,403,manifest,"Client error '403 ' for url 'https://openapiproext.bnf.fr/iiif/presentation/v3/ark:/12148/bd6t51126447m/manifest.json'
For more information check: https://developer.mozilla.org/en-US/docs/Web/HTTP/Status/403",2026-07-18T21:08:46.550545
liberation,bd6t511264481,,failed,0,0,,http_manifest,known,403,manifest,"Client error '403 ' for url 'https://openapiproext.bnf.fr/iiif/presentation/v3/ark:/12148/bd6t511264481/manifest.json'
For more information check: https://developer.mozilla.org/en-US/docs/Web/HTTP/Status/403",2026-07-18T21:08:47.761169
liberation,bd6t51126449f,,failed,0,0,,http_manifest,known,403,manifest,"Client error '403 ' for url 'https://openapiproext.bnf.fr/iiif/presentation/v3/ark:/12148/bd6t51126449f/manifest.json'
For more information check: https://developer.mozilla.org/en-US/docs/Web/HTTP/Status/403",2026-07-18T21:08:48.949986
liberation,bd6t511264503,,failed,0,0,,http_manifest,known,403,manifest,"Client error '403 ' for url 'https://openapiproext.bnf.fr/iiif/presentation/v3/ark:/12148/bd6t511264503/manifest.json'
For more information check: https://developer.mozilla.org/en-US/docs/Web/HTTP/Status/403",2026-07-18T21:08:50.174947
liberation,bd6t51126451h,,failed,0,0,,http_manifest,known,403,manifest,"Client error '403 ' for url 'https://openapiproext.bnf.fr/iiif/presentation/v3/ark:/12148/bd6t51126451h/manifest.json'
For more information check: https://developer.mozilla.org/en-US/docs/Web/HTTP/Status/403",2026-07-18T21:08:51.355211
liberation,bd6t51126452x,,failed,0,0,,http_manifest,known,403,manifest,"Client error '403 ' for url 'https://openapiproext.bnf.fr/iiif/presentation/v3/ark:/12148/bd6t51126452x/manifest.json'
For more information check: https://developer.mozilla.org/en-US/docs/Web/HTTP/Status/403",2026-07-18T21:08:52.561186
liberation,bd6t51126453b,,failed,0,0,,http_manifest,known,403,manifest,"Client error '403 ' for url 'https://openapiproext.bnf.fr/iiif/presentation/v3/ark:/12148/bd6t51126453b/manifest.json'
For more information check: https://developer.mozilla.org/en-US/docs/Web/HTTP/Status/403",2026-07-18T21:08:53.756618
liberation,bd6t51126454r,,failed,0,0,,http_manifest,known,403,manifest,"Client error '403 ' for url 'https://openapiproext.bnf.fr/iiif/presentation/v3/ark:/12148/bd6t51126454r/manifest.json'
For more information check: https://developer.mozilla.org/en-US/docs/Web/HTTP/Status/403",2026-07-18T21:08:54.964563
liberation,bd6t511264555,,failed,0,0,,http_manifest,known,403,manifest,"Client error '403 ' for url 'https://openapiproext.bnf.fr/iiif/presentation/v3/ark:/12148/bd6t511264555/manifest.json'
For more information check: https://developer.mozilla.org/en-US/docs/Web/HTTP/Status/403",2026-07-18T21:08:56.160049
liberation,bd6t51126456k,,failed,0,0,,http_manifest,known,403,manifest,"Client error '403 ' for url 'https://openapiproext.bnf.fr/iiif/presentation/v3/ark:/12148/bd6t51126456k/manifest.json'
For more information check: https://developer.mozilla.org/en-US/docs/Web/HTTP/Status/403",2026-07-18T21:08:57.364965
liberation,bd6t511264570,,failed,0,0,,http_manifest,known,403,manifest,"Client error '403 ' for url 'https://openapiproext.bnf.fr/iiif/presentation/v3/ark:/12148/bd6t511264570/manifest.json'
For more information check: https://developer.mozilla.org/en-US/docs/Web/HTTP/Status/403",2026-07-18T21:08:58.559779
liberation,bd6t51126458d,,failed,0,0,,http_manifest,known,403,manifest,"Client error '403 ' for url 'https://openapiproext.bnf.fr/iiif/presentation/v3/ark:/12148/bd6t51126458d/manifest.json'
For more information check: https://developer.mozilla.org/en-US/docs/Web/HTTP/Status/403",2026-07-18T21:08:59.762408
liberation,bd6t51126459t,,failed,0,0,,http_manifest,known,403,manifest,"Client error '403 ' for url 'https://openapiproext.bnf.fr/iiif/presentation/v3/ark:/12148/bd6t51126459t/manifest.json'
For more information check: https://developer.mozilla.org/en-US/docs/Web/HTTP/Status/403",2026-07-18T21:09:00.961646
liberation,bd6t51126460g,,failed,0,0,,http_manifest,known,403,manifest,"Client error '403 ' for url 'https://openapiproext.bnf.fr/iiif/presentation/v3/ark:/12148/bd6t51126460g/manifest.json'
For more information check: https://developer.mozilla.org/en-US/docs/Web/HTTP/Status/403",2026-07-18T21:09:02.185157
liberation,bd6t51126461w,,failed,0,0,,http_manifest,known,403,manifest,"Client error '403 ' for url 'https://openapiproext.bnf.fr/iiif/presentation/v3/ark:/12148/bd6t51126461w/manifest.json'
For more information check: https://developer.mozilla.org/en-US/docs/Web/HTTP/Status/403",2026-07-18T21:09:03.367462
liberation,bd6t511264629,,failed,0,0,,http_manifest,known,403,manifest,"Client error '403 ' for url 'https://openapiproext.bnf.fr/iiif/presentation/v3/ark:/12148/bd6t511264629/manifest.json'
For more information check: https://developer.mozilla.org/en-US/docs/Web/HTTP/Status/403",2026-07-18T21:09:04.570029
liberation,bd6t51126463q,,failed,0,0,,http_manifest,known,403,manifest,"Client error '403 ' for url 'https://openapiproext.bnf.fr/iiif/presentation/v3/ark:/12148/bd6t51126463q/manifest.json'
For more information check: https://developer.mozilla.org/en-US/docs/Web/HTTP/Status/403",2026-07-18T21:09:05.768025
liberation,bd6t511264644,,failed,0,0,,http_manifest,known,403,manifest,"Client error '403 ' for url 'https://openapiproext.bnf.fr/iiif/presentation/v3/ark:/12148/bd6t511264644/manifest.json'
For more information check: https://developer.mozilla.org/en-US/docs/Web/HTTP/Status/403",2026-07-18T21:09:06.968400
liberation,bd6t51126465j,,failed,0,0,,http_manifest,known,403,manifest,"Client error '403 ' for url 'https://openapiproext.bnf.fr/iiif/presentation/v3/ark:/12148/bd6t51126465j/manifest.json'
For more information check: https://developer.mozilla.org/en-US/docs/Web/HTTP/Status/403",2026-07-18T21:09:08.320220
liberation,bd6t51126466z,,failed,0,0,,http_manifest,known,403,manifest,"Client error '403 ' for url 'https://openapiproext.bnf.fr/iiif/presentation/v3/ark:/12148/bd6t51126466z/manifest.json'
For more information check: https://developer.mozilla.org/en-US/docs/Web/HTTP/Status/403",2026-07-18T21:09:09.460283
liberation,bd6t51126467c,,failed,0,0,,http_manifest,known,403,manifest,"Client error '403 ' for url 'https://openapiproext.bnf.fr/iiif/presentation/v3/ark:/12148/bd6t51126467c/manifest.json'
For more information check: https://developer.mozilla.org/en-US/docs/Web/HTTP/Status/403",2026-07-18T21:09:10.574397
liberation,bd6t51126468s,,failed,0,0,,http_manifest,known,403,manifest,"Client error '403 ' for url 'https://openapiproext.bnf.fr/iiif/presentation/v3/ark:/12148/bd6t51126468s/manifest.json'
For more information check: https://developer.mozilla.org/en-US/docs/Web/HTTP/Status/403",2026-07-18T21:09:11.778016
liberation,bd6t511264696,,failed,0,0,,http_manifest,known,403,manifest,"Client error '403 ' for url 'https://openapiproext.bnf.fr/iiif/presentation/v3/ark:/12148/bd6t511264696/manifest.json'
For more information check: https://developer.mozilla.org/en-US/docs/Web/HTTP/Status/403",2026-07-18T21:09:13.067876
liberation,bd6t51126470v,,failed,0,0,,http_manifest,known,403,manifest,"Client error '403 ' for url 'https://openapiproext.bnf.fr/iiif/presentation/v3/ark:/12148/bd6t51126470v/manifest.json'
For more information check: https://developer.mozilla.org/en-US/docs/Web/HTTP/Status/403",2026-07-18T21:09:14.373934
liberation,bd6t511264718,,failed,0,0,,http_manifest,known,403,manifest,"Client error '403 ' for url 'https://openapiproext.bnf.fr/iiif/presentation/v3/ark:/12148/bd6t511264718/manifest.json'
For more information check: https://developer.mozilla.org/en-US/docs/Web/HTTP/Status/403",2026-07-18T21:09:15.380470
liberation,bd6t51126472p,,failed,0,0,,http_manifest,known,403,manifest,"Client error '403 ' for url 'https://openapiproext.bnf.fr/iiif/presentation/v3/ark:/12148/bd6t51126472p/manifest.json'
For more information check: https://developer.mozilla.org/en-US/docs/Web/HTTP/Status/403",2026-07-18T21:09:16.783739
liberation,bd6t511264733,,failed,0,0,,http_manifest,known,403,manifest,"Client error '403 ' for url 'https://openapiproext.bnf.fr/iiif/presentation/v3/ark:/12148/bd6t511264733/manifest.json'
For more information check: https://developer.mozilla.org/en-US/docs/Web/HTTP/Status/403",2026-07-18T21:09:17.832082
liberation,bd6t51126474h,,failed,0,0,,http_manifest,known,403,manifest,"Client error '403 ' for url 'https://openapiproext.bnf.fr/iiif/presentation/v3/ark:/12148/bd6t51126474h/manifest.json'
For more information check: https://developer.mozilla.org/en-US/docs/Web/HTTP/Status/403",2026-07-18T21:09:18.983613
liberation,bd6t51126475x,,failed,0,0,,http_manifest,known,403,manifest,"Client error '403 ' for url 'https://openapiproext.bnf.fr/iiif/presentation/v3/ark:/12148/bd6t51126475x/manifest.json'
For more information check: https://developer.mozilla.org/en-US/docs/Web/HTTP/Status/403",2026-07-18T21:09:20.277701
liberation,bd6t51126476b,,failed,0,0,,http_manifest,known,403,manifest,"Client error '403 ' for url 'https://openapiproext.bnf.fr/iiif/presentation/v3/ark:/12148/bd6t51126476b/manifest.json'
For more information check: https://developer.mozilla.org/en-US/docs/Web/HTTP/Status/403",2026-07-18T21:09:21.530213
liberation,bd6t51126477r,,failed,0,0,,http_manifest,known,403,manifest,"Client error '403 ' for url 'https://openapiproext.bnf.fr/iiif/presentation/v3/ark:/12148/bd6t51126477r/manifest.json'
For more information check: https://developer.mozilla.org/en-US/docs/Web/HTTP/Status/403",2026-07-18T21:09:22.830324
liberation,bd6t511264785,,failed,0,0,,http_manifest,known,403,manifest,"Client error '403 ' for url 'https://openapiproext.bnf.fr/iiif/presentation/v3/ark:/12148/bd6t511264785/manifest.json'
For more information check: https://developer.mozilla.org/en-US/docs/Web/HTTP/Status/403",2026-07-18T21:09:23.980249
liberation,bd6t51126479k,,failed,0,0,,http_manifest,known,403,manifest,"Client error '403 ' for url 'https://openapiproext.bnf.fr/iiif/presentation/v3/ark:/12148/bd6t51126479k/manifest.json'
For more information check: https://developer.mozilla.org/en-US/docs/Web/HTTP/Status/403",2026-07-18T21:09:24.984015
liberation,bd6t511264807,,failed,0,0,,http_manifest,known,403,manifest,"Client error '403 ' for url 'https://openapiproext.bnf.fr/iiif/presentation/v3/ark:/12148/bd6t511264807/manifest.json'
For more information check: https://developer.mozilla.org/en-US/docs/Web/HTTP/Status/403",2026-07-18T21:09:26.187152
liberation,bd6t51126481n,,failed,0,0,,http_manifest,known,403,manifest,"Client error '403 ' for url 'https://openapiproext.bnf.fr/iiif/presentation/v3/ark:/12148/bd6t51126481n/manifest.json'
For more information check: https://developer.mozilla.org/en-US/docs/Web/HTTP/Status/403",2026-07-18T21:09:27.387003
liberation,bd6t511264822,,failed,0,0,,http_manifest,known,403,manifest,"Client error '403 ' for url 'https://openapiproext.bnf.fr/iiif/presentation/v3/ark:/12148/bd6t511264822/manifest.json'
For more information check: https://developer.mozilla.org/en-US/docs/Web/HTTP/Status/403",2026-07-18T21:09:28.587385
liberation,bd6t51126483g,,failed,0,0,,http_manifest,known,403,manifest,"Client error '403 ' for url 'https://openapiproext.bnf.fr/iiif/presentation/v3/ark:/12148/bd6t51126483g/manifest.json'
For more information check: https://developer.mozilla.org/en-US/docs/Web/HTTP/Status/403",2026-07-18T21:09:29.789593
liberation,bd6t51126484w,,failed,0,0,,http_manifest,known,403,manifest,"Client error '403 ' for url 'https://openapiproext.bnf.fr/iiif/presentation/v3/ark:/12148/bd6t51126484w/manifest.json'
For more information check: https://developer.mozilla.org/en-US/docs/Web/HTTP/Status/403",2026-07-18T21:09:30.992335
liberation,bd6t511264859,,failed,0,0,,http_manifest,known,403,manifest,"Client error '403 ' for url 'https://openapiproext.bnf.fr/iiif/presentation/v3/ark:/12148/bd6t511264859/manifest.json'
For more information check: https://developer.mozilla.org/en-US/docs/Web/HTTP/Status/403",2026-07-18T21:09:32.210022
liberation,bd6t51126486q,,failed,0,0,,http_manifest,known,403,manifest,"Client error '403 ' for url 'https://openapiproext.bnf.fr/iiif/presentation/v3/ark:/12148/bd6t51126486q/manifest.json'
For more information check: https://developer.mozilla.org/en-US/docs/Web/HTTP/Status/403",2026-07-18T21:09:33.396973
liberation,bd6t511264874,,failed,0,0,,http_manifest,known,403,manifest,"Client error '403 ' for url 'https://openapiproext.bnf.fr/iiif/presentation/v3/ark:/12148/bd6t511264874/manifest.json'
For more information check: https://developer.mozilla.org/en-US/docs/Web/HTTP/Status/403",2026-07-18T21:09:34.595151
liberation,bd6t51126488j,,failed,0,0,,http_manifest,known,403,manifest,"Client error '403 ' for url 'https://openapiproext.bnf.fr/iiif/presentation/v3/ark:/12148/bd6t51126488j/manifest.json'
For more information check: https://developer.mozilla.org/en-US/docs/Web/HTTP/Status/403",2026-07-18T21:09:35.794535
liberation,bd6t51126489z,,failed,0,0,,http_manifest,known,403,manifest,"Client error '403 ' for url 'https://openapiproext.bnf.fr/iiif/presentation/v3/ark:/12148/bd6t51126489z/manifest.json'
For more information check: https://developer.mozilla.org/en-US/docs/Web/HTTP/Status/403",2026-07-18T21:09:36.997432
liberation,bd6t51126490m,,failed,0,0,,http_manifest,known,403,manifest,"Client error '403 ' for url 'https://openapiproext.bnf.fr/iiif/presentation/v3/ark:/12148/bd6t51126490m/manifest.json'
For more information check: https://developer.mozilla.org/en-US/docs/Web/HTTP/Status/403",2026-07-18T21:09:38.197034
liberation,bd6t511264911,,failed,0,0,,http_manifest,known,403,manifest,"Client error '403 ' for url 'https://openapiproext.bnf.fr/iiif/presentation/v3/ark:/12148/bd6t511264911/manifest.json'
For more information check: https://developer.mozilla.org/en-US/docs/Web/HTTP/Status/403",2026-07-18T21:09:39.396545
liberation,bd6t51126492f,,failed,0,0,,http_manifest,known,403,manifest,"Client error '403 ' for url 'https://openapiproext.bnf.fr/iiif/presentation/v3/ark:/12148/bd6t51126492f/manifest.json'
For more information check: https://developer.mozilla.org/en-US/docs/Web/HTTP/Status/403",2026-07-18T21:09:40.599079
liberation,bd6t51126493v,,failed,0,0,,http_manifest,known,403,manifest,"Client error '403 ' for url 'https://openapiproext.bnf.fr/iiif/presentation/v3/ark:/12148/bd6t51126493v/manifest.json'
For more information check: https://developer.mozilla.org/en-US/docs/Web/HTTP/Status/403",2026-07-18T21:09:41.803485
liberation,bd6t511264948,,failed,0,0,,http_manifest,known,403,manifest,"Client error '403 ' for url 'https://openapiproext.bnf.fr/iiif/presentation/v3/ark:/12148/bd6t511264948/manifest.json'
For more information check: https://developer.mozilla.org/en-US/docs/Web/HTTP/Status/403",2026-07-18T21:09:43.009405
liberation,bd6t51126495p,,failed,0,0,,http_manifest,known,403,manifest,"Client error '403 ' for url 'https://openapiproext.bnf.fr/iiif/presentation/v3/ark:/12148/bd6t51126495p/manifest.json'
For more information check: https://developer.mozilla.org/en-US/docs/Web/HTTP/Status/403",2026-07-18T21:09:44.219107
liberation,bd6t511264963,,failed,0,0,,http_manifest,known,403,manifest,"Client error '403 ' for url 'https://openapiproext.bnf.fr/iiif/presentation/v3/ark:/12148/bd6t511264963/manifest.json'
For more information check: https://developer.mozilla.org/en-US/docs/Web/HTTP/Status/403",2026-07-18T21:09:45.406398
liberation,bd6t51126497h,,failed,0,0,,http_manifest,known,403,manifest,"Client error '403 ' for url 'https://openapiproext.bnf.fr/iiif/presentation/v3/ark:/12148/bd6t51126497h/manifest.json'
For more information check: https://developer.mozilla.org/en-US/docs/Web/HTTP/Status/403",2026-07-18T21:09:46.609994
liberation,bd6t51126498x,,failed,0,0,,http_manifest,known,403,manifest,"Client error '403 ' for url 'https://openapiproext.bnf.fr/iiif/presentation/v3/ark:/12148/bd6t51126498x/manifest.json'
For more information check: https://developer.mozilla.org/en-US/docs/Web/HTTP/Status/403",2026-07-18T21:09:47.807185
liberation,bd6t51126499b,,failed,0,0,,http_manifest,known,403,manifest,"Client error '403 ' for url 'https://openapiproext.bnf.fr/iiif/presentation/v3/ark:/12148/bd6t51126499b/manifest.json'
For more information check: https://developer.mozilla.org/en-US/docs/Web/HTTP/Status/403",2026-07-18T21:09:49.039188
liberation,bd6t51126500j,,failed,0,0,,http_manifest,known,403,manifest,"Client error '403 ' for url 'https://openapiproext.bnf.fr/iiif/presentation/v3/ark:/12148/bd6t51126500j/manifest.json'
For more information check: https://developer.mozilla.org/en-US/docs/Web/HTTP/Status/403",2026-07-18T21:09:50.233563
liberation,bd6t51126501z,,failed,0,0,,http_manifest,known,403,manifest,"Client error '403 ' for url 'https://openapiproext.bnf.fr/iiif/presentation/v3/ark:/12148/bd6t51126501z/manifest.json'
For more information check: https://developer.mozilla.org/en-US/docs/Web/HTTP/Status/403",2026-07-18T21:09:51.410033
liberation,bd6t51126502c,,failed,0,0,,http_manifest,known,403,manifest,"Client error '403 ' for url 'https://openapiproext.bnf.fr/iiif/presentation/v3/ark:/12148/bd6t51126502c/manifest.json'
For more information check: https://developer.mozilla.org/en-US/docs/Web/HTTP/Status/403",2026-07-18T21:09:52.617091
liberation,bd6t51126503s,,failed,0,0,,http_manifest,known,403,manifest,"Client error '403 ' for url 'https://openapiproext.bnf.fr/iiif/presentation/v3/ark:/12148/bd6t51126503s/manifest.json'
For more information check: https://developer.mozilla.org/en-US/docs/Web/HTTP/Status/403",2026-07-18T21:09:53.814509
liberation,bd6t511265046,,failed,0,0,,http_manifest,known,403,manifest,"Client error '403 ' for url 'https://openapiproext.bnf.fr/iiif/presentation/v3/ark:/12148/bd6t511265046/manifest.json'
For more information check: https://developer.mozilla.org/en-US/docs/Web/HTTP/Status/403",2026-07-18T21:09:55.018165
liberation,bd6t51126505m,,failed,0,0,,http_manifest,known,403,manifest,"Client error '403 ' for url 'https://openapiproext.bnf.fr/iiif/presentation/v3/ark:/12148/bd6t51126505m/manifest.json'
For more information check: https://developer.mozilla.org/en-US/docs/Web/HTTP/Status/403",2026-07-18T21:09:56.219535
liberation,bd6t511265061,,failed,0,0,,http_manifest,known,403,manifest,"Client error '403 ' for url 'https://openapiproext.bnf.fr/iiif/presentation/v3/ark:/12148/bd6t511265061/manifest.json'
For more information check: https://developer.mozilla.org/en-US/docs/Web/HTTP/Status/403",2026-07-18T21:09:57.421598
liberation,bd6t51126507f,,failed,0,0,,http_manifest,known,403,manifest,"Client error '403 ' for url 'https://openapiproext.bnf.fr/iiif/presentation/v3/ark:/12148/bd6t51126507f/manifest.json'
For more information check: https://developer.mozilla.org/en-US/docs/Web/HTTP/Status/403",2026-07-18T21:09:58.619985
liberation,bd6t51126508v,,failed,0,0,,http_manifest,known,403,manifest,"Client error '403 ' for url 'https://openapiproext.bnf.fr/iiif/presentation/v3/ark:/12148/bd6t51126508v/manifest.json'
For more information check: https://developer.mozilla.org/en-US/docs/Web/HTTP/Status/403",2026-07-18T21:09:59.820845
liberation,bd6t511265098,,failed,0,0,,http_manifest,known,403,manifest,"Client error '403 ' for url 'https://openapiproext.bnf.fr/iiif/presentation/v3/ark:/12148/bd6t511265098/manifest.json'
For more information check: https://developer.mozilla.org/en-US/docs/Web/HTTP/Status/403",2026-07-18T21:10:01.023826
liberation,bd6t51126510x,,failed,0,0,,http_manifest,known,403,manifest,"Client error '403 ' for url 'https://openapiproext.bnf.fr/iiif/presentation/v3/ark:/12148/bd6t51126510x/manifest.json'
For more information check: https://developer.mozilla.org/en-US/docs/Web/HTTP/Status/403",2026-07-18T21:10:02.237612
parismidi,bpt6k4735086c,,failed,0,0,,no_usable_pages,known,,,bpt6k4735086c: no usable pages in manifest.,2026-07-31T11:08:40.501725
parismidi,bpt6k4730785t,,failed,0,0,,no_usable_pages,known,,,bpt6k4730785t: no usable pages in manifest.,2026-07-31T11:08:40.545335
parismidi,bpt6k47308269,,failed,0,0,,no_usable_pages,known,,,bpt6k47308269: no usable pages in manifest.,2026-07-31T11:08:40.572355
parismidi,bpt6k4730850z,,failed,0,0,,no_usable_pages,known,,,bpt6k4730850z: no usable pages in manifest.,2026-07-31T11:08:40.593661
parismidi,bpt6k4730890g,,failed,0,0,,no_usable_pages,known,,,bpt6k4730890g: no usable pages in manifest.,2026-07-31T11:08:40.620569
parismidi,bpt6k47309220,,failed,0,0,,no_usable_pages,known,,,bpt6k47309220: no usable pages in manifest.,2026-07-31T11:08:40.674086
parismidi,bpt6k4730930j,,failed,0,0,,no_usable_pages,known,,,bpt6k4730930j: no usable pages in manifest.,2026-07-31T11:08:40.734115
parismidi,bpt6k4730954z,,failed,0,0,,no_usable_pages,known,,,bpt6k4730954z: no usable pages in manifest.,2026-07-31T11:08:40.786950
parismidi,bpt6k4730962h,,failed,0,0,,no_usable_pages,known,,,bpt6k4730962h: no usable pages in manifest.,2026-07-31T11:08:40.812261
parismidi,bpt6k47311674,,failed,0,0,,no_usable_pages,known,,,bpt6k47311674: no usable pages in manifest.,2026-07-31T11:08:40.835933
parismidi,bpt6k4728965z,,failed,0,0,,no_usable_pages,known,,,bpt6k4728965z: no usable pages in manifest.,2026-07-31T11:08:45.575283
parismidi,bpt6k4737413g,,failed,0,0,,no_usable_pages,known,,,bpt6k4737413g: no usable pages in manifest.,2026-07-31T11:08:45.620047
parismidi,bpt6k4737563q,,failed,0,0,,no_usable_pages,known,,,bpt6k4737563q: no usable pages in manifest.,2026-07-31T11:08:45.664930
parismidi,bpt6k47368992,,failed,0,0,,no_usable_pages,known,,,bpt6k47368992: no usable pages in manifest.,2026-07-31T11:08:45.710521
parismidi,bpt6k4737679x,,failed,0,0,,no_usable_pages,known,,,bpt6k4737679x: no usable pages in manifest.,2026-07-31T11:08:45.743164
parismidi,bpt6k4737685n,,failed,0,0,,no_usable_pages,known,,,bpt6k4737685n: no usable pages in manifest.,2026-07-31T11:08:45.779222
parismidi,bpt6k47376936,,failed,0,0,,no_usable_pages,known,,,bpt6k47376936: no usable pages in manifest.,2026-07-31T11:08:45.818572
parismidi,bpt6k4737715b,,failed,0,0,,no_usable_pages,known,,,bpt6k4737715b: no usable pages in manifest.,2026-07-31T11:08:45.879408
parismidi,bpt6k4737716r,,failed,0,0,,no_usable_pages,known,,,bpt6k4737716r: no usable pages in manifest.,2026-07-31T11:08:45.934505
parismidi,bpt6k47377479,,failed,0,0,,no_usable_pages,known,,,bpt6k47377479: no usable pages in manifest.,2026-07-31T11:08:45.973173
parismidi,bpt6k4737763d,,failed,0,0,,no_usable_pages,known,,,bpt6k4737763d: no usable pages in manifest.,2026-07-31T11:08:46.010845
parismidi,bpt6k47377850,,failed,0,0,,no_usable_pages,known,,,bpt6k47377850: no usable pages in manifest.,2026-07-31T11:08:46.038464
parismidi,bpt6k47377924,,failed,0,0,,no_usable_pages,known,,,bpt6k47377924: no usable pages in manifest.,2026-07-31T11:08:46.189401
parismidi,bpt6k4737809z,,failed,0,0,,no_usable_pages,known,,,bpt6k4737809z: no usable pages in manifest.,2026-07-31T11:08:46.242937
parismidi,bpt6k47378163,,failed,0,0,,no_usable_pages,known,,,bpt6k47378163: no usable pages in manifest.,2026-07-31T11:08:46.311294
parismidi,bpt6k4737818x,,failed,0,0,,no_usable_pages,known,,,bpt6k4737818x: no usable pages in manifest.,2026-07-31T11:08:46.574972
parismidi,bpt6k4737840r,,failed,0,0,,no_usable_pages,known,,,bpt6k4737840r: no usable pages in manifest.,2026-07-31T11:08:46.615496
parismidi,bpt6k47382311,,failed,0,0,,no_usable_pages,known,,,bpt6k47382311: no usable pages in manifest.,2026-07-31T11:08:46.670697
parismidi,bpt6k47382348,,failed,0,0,,no_usable_pages,known,,,bpt6k47382348: no usable pages in manifest.,2026-07-31T11:08:46.702228
parismidi,bpt6k47382756,,failed,0,0,,no_usable_pages,known,,,bpt6k47382756: no usable pages in manifest.,2026-07-31T11:08:46.735929
parismidi,bpt6k4738285k,,failed,0,0,,no_usable_pages,known,,,bpt6k4738285k: no usable pages in manifest.,2026-07-31T11:08:46.776374
parismidi,bpt6k4738319x,,failed,0,0,,no_usable_pages,known,,,bpt6k4738319x: no usable pages in manifest.,2026-07-31T11:08:46.825265
parismidi,bpt6k4738375j,,failed,0,0,,no_usable_pages,known,,,bpt6k4738375j: no usable pages in manifest.,2026-07-31T11:08:46.869702
parismidi,bpt6k4738393g,,failed,0,0,,no_usable_pages,known,,,bpt6k4738393g: no usable pages in manifest.,2026-07-31T11:08:46.929071
parismidi,bpt6k4737877s,,failed,0,0,,no_usable_pages,known,,,bpt6k4737877s: no usable pages in manifest.,2026-07-31T11:08:47.200366
parismidi,bpt6k47378823,,failed,0,0,,no_usable_pages,known,,,bpt6k47378823: no usable pages in manifest.,2026-07-31T11:08:47.245016
parismidi,bpt6k4737902d,,failed,0,0,,no_usable_pages,known,,,bpt6k4737902d: no usable pages in manifest.,2026-07-31T11:08:47.286159
parismidi,bpt6k47379848,,failed,0,0,,no_usable_pages,known,,,bpt6k47379848: no usable pages in manifest.,2026-07-31T11:08:47.312375
parismidi,bpt6k4737994n,,failed,0,0,,no_usable_pages,known,,,bpt6k4737994n: no usable pages in manifest.,2026-07-31T11:08:47.374869
parismidi,bpt6k47380031,,failed,0,0,,no_usable_pages,known,,,bpt6k47380031: no usable pages in manifest.,2026-07-31T11:08:47.616799
parismidi,bpt6k47380491,,failed,0,0,,no_usable_pages,known,,,bpt6k47380491: no usable pages in manifest.,2026-07-31T11:08:47.674621
parismidi,bpt6k4738174f,,failed,0,0,,no_usable_pages,known,,,bpt6k4738174f: no usable pages in manifest.,2026-07-31T11:08:47.726526
parismidi,bpt6k4738190j,,failed,0,0,,no_usable_pages,known,,,bpt6k4738190j: no usable pages in manifest.,2026-07-31T11:08:47.776161
parismidi,bpt6k4737017r,,failed,0,0,,no_usable_pages,known,,,bpt6k4737017r: no usable pages in manifest.,2026-07-31T11:08:47.834708
parismidi,bpt6k4737058p,,failed,0,0,,no_usable_pages,known,,,bpt6k4737058p: no usable pages in manifest.,2026-07-31T11:08:47.892789
parismidi,bpt6k47371440,,failed,0,0,,no_usable_pages,known,,,bpt6k47371440: no usable pages in manifest.,2026-07-31T11:08:47.934174
parismidi,bpt6k47371655,,failed,0,0,,no_usable_pages,known,,,bpt6k47371655: no usable pages in manifest.,2026-07-31T11:08:47.971139
parismidi,bpt6k47372072,,failed,0,0,,no_usable_pages,known,,,bpt6k47372072: no usable pages in manifest.,2026-07-31T11:08:48.002320
parismidi,bpt6k4737209w,,failed,0,0,,no_usable_pages,known,,,bpt6k4737209w: no usable pages in manifest.,2026-07-31T11:08:48.041998
parismidi,bpt6k47372324,,failed,0,0,,no_usable_pages,known,,,bpt6k47372324: no usable pages in manifest.,2026-07-31T11:08:48.079104
parismidi,bpt6k47372480,,failed,0,0,,no_usable_pages,known,,,bpt6k47372480: no usable pages in manifest.,2026-07-31T11:08:48.099629
parismidi,bpt6k4737272n,,failed,0,0,,no_usable_pages,known,,,bpt6k4737272n: no usable pages in manifest.,2026-07-31T11:08:48.148554
parismidi,bpt6k47372821,,failed,0,0,,no_usable_pages,known,,,bpt6k47372821: no usable pages in manifest.,2026-07-31T11:08:48.176628
parismidi,bpt6k4737344p,,failed,0,0,,no_usable_pages,known,,,bpt6k4737344p: no usable pages in manifest.,2026-07-31T11:08:48.222177
parismidi,bpt6k4737371k,,failed,0,0,,no_usable_pages,known,,,bpt6k4737371k: no usable pages in manifest.,2026-07-31T11:08:48.255768
parismidi,bpt6k4737374t,,failed,0,0,,no_usable_pages,known,,,bpt6k4737374t: no usable pages in manifest.,2026-07-31T11:08:48.282850
parismidi,bpt6k4737380j,,failed,0,0,,no_usable_pages,known,,,bpt6k4737380j: no usable pages in manifest.,2026-07-31T11:08:48.335929
parismidi,bpt6k47373861,,failed,0,0,,no_usable_pages,known,,,bpt6k47373861: no usable pages in manifest.,2026-07-31T11:08:48.377137
parismidi,bpt6k4737406b,,failed,0,0,,no_usable_pages,known,,,bpt6k4737406b: no usable pages in manifest.,2026-07-31T11:08:48.428657
parismidi,bpt6k4735797k,,failed,0,0,,no_usable_pages,known,,,bpt6k4735797k: no usable pages in manifest.,2026-07-31T11:08:48.462594
parismidi,bpt6k4735799d,,failed,0,0,,no_usable_pages,known,,,bpt6k4735799d: no usable pages in manifest.,2026-07-31T11:08:48.486766
parismidi,bpt6k47358011,,failed,0,0,,no_usable_pages,known,,,bpt6k47358011: no usable pages in manifest.,2026-07-31T11:08:48.514848
parismidi,bpt6k4735808x,,failed,0,0,,no_usable_pages,known,,,bpt6k4735808x: no usable pages in manifest.,2026-07-31T11:08:48.534847
parismidi,bpt6k47358152,,failed,0,0,,no_usable_pages,known,,,bpt6k47358152: no usable pages in manifest.,2026-07-31T11:08:48.596004
parismidi,bpt6k4735817w,,failed,0,0,,no_usable_pages,known,,,bpt6k4735817w: no usable pages in manifest.,2026-07-31T11:08:48.633152
parismidi,bpt6k4735820c,,failed,0,0,,no_usable_pages,known,,,bpt6k4735820c: no usable pages in manifest.,2026-07-31T11:08:48.685712
parismidi,bpt6k4735830r,,failed,0,0,,no_usable_pages,known,,,bpt6k4735830r: no usable pages in manifest.,2026-07-31T11:08:48.730312
parismidi,bpt6k47358315,,failed,0,0,,no_usable_pages,known,,,bpt6k47358315: no usable pages in manifest.,2026-07-31T11:08:48.766507
parismidi,bpt6k4735834d,,failed,0,0,,no_usable_pages,known,,,bpt6k4735834d: no usable pages in manifest.,2026-07-31T11:08:48.811303
parismidi,bpt6k47358367,,failed,0,0,,no_usable_pages,known,,,bpt6k47358367: no usable pages in manifest.,2026-07-31T11:08:48.848647
parismidi,bpt6k4735837n,,failed,0,0,,no_usable_pages,known,,,bpt6k4735837n: no usable pages in manifest.,2026-07-31T11:08:48.874444
parismidi,bpt6k47358456,,failed,0,0,,no_usable_pages,known,,,bpt6k47358456: no usable pages in manifest.,2026-07-31T11:08:48.915453
parismidi,bpt6k4735848f,,failed,0,0,,no_usable_pages,known,,,bpt6k4735848f: no usable pages in manifest.,2026-07-31T11:08:48.959511
parismidi,bpt6k47358619,,failed,0,0,,no_usable_pages,known,,,bpt6k47358619: no usable pages in manifest.,2026-07-31T11:08:49.015479
parismidi,bpt6k4735865z,,failed,0,0,,no_usable_pages,known,,,bpt6k4735865z: no usable pages in manifest.,2026-07-31T11:08:49.061017
parismidi,bpt6k4735866c,,failed,0,0,,no_usable_pages,known,,,bpt6k4735866c: no usable pages in manifest.,2026-07-31T11:08:49.089976
parismidi,bpt6k47358708,,failed,0,0,,no_usable_pages,known,,,bpt6k47358708: no usable pages in manifest.,2026-07-31T11:08:49.133737
parismidi,bpt6k4735871p,,failed,0,0,,no_usable_pages,known,,,bpt6k4735871p: no usable pages in manifest.,2026-07-31T11:08:49.194247
parismidi,bpt6k4735873h,,failed,0,0,,no_usable_pages,known,,,bpt6k4735873h: no usable pages in manifest.,2026-07-31T11:08:49.234109
parismidi,bpt6k4735875b,,failed,0,0,,no_usable_pages,known,,,bpt6k4735875b: no usable pages in manifest.,2026-07-31T11:08:49.296179
parismidi,bpt6k4735880n,,failed,0,0,,no_usable_pages,known,,,bpt6k4735880n: no usable pages in manifest.,2026-07-31T11:08:49.334150
parismidi,bpt6k47358812,,failed,0,0,,no_usable_pages,known,,,bpt6k47358812: no usable pages in manifest.,2026-07-31T11:08:49.376776
parismidi,bpt6k47358849,,failed,0,0,,no_usable_pages,known,,,bpt6k47358849: no usable pages in manifest.,2026-07-31T11:08:49.437274
parismidi,bpt6k47358953,,failed,0,0,,no_usable_pages,known,,,bpt6k47358953: no usable pages in manifest.,2026-07-31T11:08:49.468400
parismidi,bpt6k4735900z,,failed,0,0,,no_usable_pages,known,,,bpt6k4735900z: no usable pages in manifest.,2026-07-31T11:08:49.498960
parismidi,bpt6k4735906f,,failed,0,0,,no_usable_pages,known,,,bpt6k4735906f: no usable pages in manifest.,2026-07-31T11:08:49.580372
parismidi,bpt6k47359088,,failed,0,0,,no_usable_pages,known,,,bpt6k47359088: no usable pages in manifest.,2026-07-31T11:08:49.610178
parismidi,bpt6k4735910b,,failed,0,0,,no_usable_pages,known,,,bpt6k4735910b: no usable pages in manifest.,2026-07-31T11:08:49.775856
parismidi,bpt6k4735924c,,failed,0,0,,no_usable_pages,known,,,bpt6k4735924c: no usable pages in manifest.,2026-07-31T11:08:49.801925
parismidi,bpt6k4735932x,,failed,0,0,,no_usable_pages,known,,,bpt6k4735932x: no usable pages in manifest.,2026-07-31T11:08:49.834576
parismidi,bpt6k4735933b,,failed,0,0,,no_usable_pages,known,,,bpt6k4735933b: no usable pages in manifest.,2026-07-31T11:08:49.863934
parismidi,bpt6k4735939t,,failed,0,0,,no_usable_pages,known,,,bpt6k4735939t: no usable pages in manifest.,2026-07-31T11:08:49.901523
parismidi,bpt6k4735941w,,failed,0,0,,no_usable_pages,known,,,bpt6k4735941w: no usable pages in manifest.,2026-07-31T11:08:49.939243
parismidi,bpt6k4735945j,,failed,0,0,,no_usable_pages,known,,,bpt6k4735945j: no usable pages in manifest.,2026-07-31T11:08:49.961111
parismidi,bpt6k4735956b,,failed,0,0,,no_usable_pages,known,,,bpt6k4735956b: no usable pages in manifest.,2026-07-31T11:08:50.060020
parismidi,bpt6k4735961n,,failed,0,0,,no_usable_pages,known,,,bpt6k4735961n: no usable pages in manifest.,2026-07-31T11:08:50.091186
parismidi,bpt6k47359659,,failed,0,0,,no_usable_pages,known,,,bpt6k47359659: no usable pages in manifest.,2026-07-31T11:08:50.172717
parismidi,bpt6k47359711,,failed,0,0,,no_usable_pages,known,,,bpt6k47359711: no usable pages in manifest.,2026-07-31T11:08:50.197444
parismidi,bpt6k47359748,,failed,0,0,,no_usable_pages,known,,,bpt6k47359748: no usable pages in manifest.,2026-07-31T11:08:50.273105
parismidi,bpt6k47359837,,failed,0,0,,no_usable_pages,known,,,bpt6k47359837: no usable pages in manifest.,2026-07-31T11:08:50.291297
parismidi,bpt6k47359852,,failed,0,0,,no_usable_pages,known,,,bpt6k47359852: no usable pages in manifest.,2026-07-31T11:08:50.323776
parismidi,bpt6k4735996v,,failed,0,0,,no_usable_pages,known,,,bpt6k4735996v: no usable pages in manifest.,2026-07-31T11:08:50.346823
parismidi,bpt6k4735998p,,failed,0,0,,no_usable_pages,known,,,bpt6k4735998p: no usable pages in manifest.,2026-07-31T11:08:50.368562
parismidi,bpt6k47359993,,failed,0,0,,no_usable_pages,known,,,bpt6k47359993: no usable pages in manifest.,2026-07-31T11:08:50.390852
parismidi,bpt6k47360020,,failed,0,0,,no_usable_pages,known,,,bpt6k47360020: no usable pages in manifest.,2026-07-31T11:08:50.451119
parismidi,bpt6k4736013s,,failed,0,0,,no_usable_pages,known,,,bpt6k4736013s: no usable pages in manifest.,2026-07-31T11:08:50.495982
parismidi,bpt6k47360146,,failed,0,0,,no_usable_pages,known,,,bpt6k47360146: no usable pages in manifest.,2026-07-31T11:08:50.525352
parismidi,bpt6k4736020x,,failed,0,0,,no_usable_pages,known,,,bpt6k4736020x: no usable pages in manifest.,2026-07-31T11:08:50.565497
parismidi,bpt6k4736021b,,failed,0,0,,no_usable_pages,known,,,bpt6k4736021b: no usable pages in manifest.,2026-07-31T11:08:50.619311
parismidi,bpt6k47360287,,failed,0,0,,no_usable_pages,known,,,bpt6k47360287: no usable pages in manifest.,2026-07-31T11:08:50.665187
parismidi,bpt6k47360324,,failed,0,0,,no_usable_pages,known,,,bpt6k47360324: no usable pages in manifest.,2026-07-31T11:08:50.694872
parismidi,bpt6k4736033j,,failed,0,0,,no_usable_pages,known,,,bpt6k4736033j: no usable pages in manifest.,2026-07-31T11:08:50.748705
parismidi,bpt6k4736044b,,failed,0,0,,no_usable_pages,known,,,bpt6k4736044b: no usable pages in manifest.,2026-07-31T11:08:50.773766
parismidi,bpt6k4736057z,,failed,0,0,,no_usable_pages,known,,,bpt6k4736057z: no usable pages in manifest.,2026-07-31T11:08:50.819556
parismidi,bpt6k4736060f,,failed,0,0,,no_usable_pages,known,,,bpt6k4736060f: no usable pages in manifest.,2026-07-31T11:08:50.867135
parismidi,bpt6k4736063p,,failed,0,0,,no_usable_pages,known,,,bpt6k4736063p: no usable pages in manifest.,2026-07-31T11:08:50.915569
parismidi,bpt6k47360643,,failed,0,0,,no_usable_pages,known,,,bpt6k47360643: no usable pages in manifest.,2026-07-31T11:08:50.956974
parismidi,bpt6k47360732,,failed,0,0,,no_usable_pages,known,,,bpt6k47360732: no usable pages in manifest.,2026-07-31T11:08:50.991825
parismidi,bpt6k4736077q,,failed,0,0,,no_usable_pages,known,,,bpt6k4736077q: no usable pages in manifest.,2026-07-31T11:08:51.068830
parismidi,bpt6k4736079j,,failed,0,0,,no_usable_pages,known,,,bpt6k4736079j: no usable pages in manifest.,2026-07-31T11:08:51.099659
parismidi,bpt6k4736081m,,failed,0,0,,no_usable_pages,known,,,bpt6k4736081m: no usable pages in manifest.,2026-07-31T11:08:51.137617
parismidi,bpt6k47360858,,failed,0,0,,no_usable_pages,known,,,bpt6k47360858: no usable pages in manifest.,2026-07-31T11:08:51.155433
parismidi,bpt6k47360873,,failed,0,0,,no_usable_pages,known,,,bpt6k47360873: no usable pages in manifest.,2026-07-31T11:08:51.186453
parismidi,bpt6k4736088h,,failed,0,0,,no_usable_pages,known,,,bpt6k4736088h: no usable pages in manifest.,2026-07-31T11:08:51.210518
parismidi,bpt6k4736093t,,failed,0,0,,no_usable_pages,known,,,bpt6k4736093t: no usable pages in manifest.,2026-07-31T11:08:51.245452
parismidi,bpt6k4736097g,,failed,0,0,,no_usable_pages,known,,,bpt6k4736097g: no usable pages in manifest.,2026-07-31T11:08:51.290826
parismidi,bpt6k4736100h,,failed,0,0,,no_usable_pages,known,,,bpt6k4736100h: no usable pages in manifest.,2026-07-31T11:08:51.354565
parismidi,bpt6k47361060,,failed,0,0,,no_usable_pages,known,,,bpt6k47361060: no usable pages in manifest.,2026-07-31T11:08:51.393263
parismidi,bpt6k4736107d,,failed,0,0,,no_usable_pages,known,,,bpt6k4736107d: no usable pages in manifest.,2026-07-31T11:08:51.431698
parismidi,bpt6k47361134,,failed,0,0,,no_usable_pages,known,,,bpt6k47361134: no usable pages in manifest.,2026-07-31T11:08:51.467475
parismidi,bpt6k4736116c,,failed,0,0,,no_usable_pages,known,,,bpt6k4736116c: no usable pages in manifest.,2026-07-31T11:08:51.543249
parismidi,bpt6k4736121p,,failed,0,0,,no_usable_pages,known,,,bpt6k4736121p: no usable pages in manifest.,2026-07-31T11:08:51.580446
parismidi,bpt6k4736128k,,failed,0,0,,no_usable_pages,known,,,bpt6k4736128k: no usable pages in manifest.,2026-07-31T11:08:51.609653
parismidi,bpt6k4736144p,,failed,0,0,,no_usable_pages,known,,,bpt6k4736144p: no usable pages in manifest.,2026-07-31T11:08:51.694436
parismidi,bpt6k47361453,,failed,0,0,,no_usable_pages,known,,,bpt6k47361453: no usable pages in manifest.,2026-07-31T11:08:51.722893
parismidi,bpt6k4736165v,,failed,0,0,,no_usable_pages,known,,,bpt6k4736165v: no usable pages in manifest.,2026-07-31T11:08:51.749579
parismidi,bpt6k4736167p,,failed,0,0,,no_usable_pages,known,,,bpt6k4736167p: no usable pages in manifest.,2026-07-31T11:08:51.779398
parismidi,bpt6k47361683,,failed,0,0,,no_usable_pages,known,,,bpt6k47361683: no usable pages in manifest.,2026-07-31T11:08:51.810381
parismidi,bpt6k4736174t,,failed,0,0,,no_usable_pages,known,,,bpt6k4736174t: no usable pages in manifest.,2026-07-31T11:08:51.828574
parismidi,bpt6k4736176n,,failed,0,0,,no_usable_pages,known,,,bpt6k4736176n: no usable pages in manifest.,2026-07-31T11:08:51.887321
parismidi,bpt6k4736178g,,failed,0,0,,no_usable_pages,known,,,bpt6k4736178g: no usable pages in manifest.,2026-07-31T11:08:51.933624
parismidi,bpt6k47361950,,failed,0,0,,no_usable_pages,known,,,bpt6k47361950: no usable pages in manifest.,2026-07-31T11:08:51.978587
parismidi,bpt6k4736200v,,failed,0,0,,no_usable_pages,known,,,bpt6k4736200v: no usable pages in manifest.,2026-07-31T11:08:52.031692
parismidi,bpt6k4736209k,,failed,0,0,,no_usable_pages,known,,,bpt6k4736209k: no usable pages in manifest.,2026-07-31T11:08:52.066536
parismidi,bpt6k47362107,,failed,0,0,,no_usable_pages,known,,,bpt6k47362107: no usable pages in manifest.,2026-07-31T11:08:52.090897
parismidi,bpt6k4736219z,,failed,0,0,,no_usable_pages,known,,,bpt6k4736219z: no usable pages in manifest.,2026-07-31T11:08:52.107736
parismidi,bpt6k4736227h,,failed,0,0,,no_usable_pages,known,,,bpt6k4736227h: no usable pages in manifest.,2026-07-31T11:08:52.141984
parismidi,bpt6k4736231d,,failed,0,0,,no_usable_pages,known,,,bpt6k4736231d: no usable pages in manifest.,2026-07-31T11:08:52.187360
parismidi,bpt6k47362337,,failed,0,0,,no_usable_pages,known,,,bpt6k47362337: no usable pages in manifest.,2026-07-31T11:08:52.216646
parismidi,bpt6k47362352,,failed,0,0,,no_usable_pages,known,,,bpt6k47362352: no usable pages in manifest.,2026-07-31T11:08:52.264856
parismidi,bpt6k4736236g,,failed,0,0,,no_usable_pages,known,,,bpt6k4736236g: no usable pages in manifest.,2026-07-31T11:08:52.294354
parismidi,bpt6k4736243m,,failed,0,0,,no_usable_pages,known,,,bpt6k4736243m: no usable pages in manifest.,2026-07-31T11:08:52.324539
parismidi,bpt6k4736246v,,failed,0,0,,no_usable_pages,known,,,bpt6k4736246v: no usable pages in manifest.,2026-07-31T11:08:52.375904
parismidi,bpt6k47362478,,failed,0,0,,no_usable_pages,known,,,bpt6k47362478: no usable pages in manifest.,2026-07-31T11:08:52.416770
parismidi,bpt6k4736250r,,failed,0,0,,no_usable_pages,known,,,bpt6k4736250r: no usable pages in manifest.,2026-07-31T11:08:52.457900
parismidi,bpt6k47362567,,failed,0,0,,no_usable_pages,known,,,bpt6k47362567: no usable pages in manifest.,2026-07-31T11:08:52.483326
parismidi,bpt6k47362604,,failed,0,0,,no_usable_pages,known,,,bpt6k47362604: no usable pages in manifest.,2026-07-31T11:08:52.535982
parismidi,bpt6k4736261j,,failed,0,0,,no_usable_pages,known,,,bpt6k4736261j: no usable pages in manifest.,2026-07-31T11:08:52.593928
parismidi,bpt6k4736272b,,failed,0,0,,no_usable_pages,known,,,bpt6k4736272b: no usable pages in manifest.,2026-07-31T11:08:52.616161
parismidi,bpt6k4736273r,,failed,0,0,,no_usable_pages,known,,,bpt6k4736273r: no usable pages in manifest.,2026-07-31T11:08:52.645134
parismidi,bpt6k47362797,,failed,0,0,,no_usable_pages,known,,,bpt6k47362797: no usable pages in manifest.,2026-07-31T11:08:52.672900
parismidi,bpt6k4736286c,,failed,0,0,,no_usable_pages,known,,,bpt6k4736286c: no usable pages in manifest.,2026-07-31T11:08:52.715181
parismidi,bpt6k4736287s,,failed,0,0,,no_usable_pages,known,,,bpt6k4736287s: no usable pages in manifest.,2026-07-31T11:08:52.738829
parismidi,bpt6k47362975,,failed,0,0,,no_usable_pages,known,,,bpt6k47362975: no usable pages in manifest.,2026-07-31T11:08:52.770400
parismidi,bpt6k4736304v,,failed,0,0,,no_usable_pages,known,,,bpt6k4736304v: no usable pages in manifest.,2026-07-31T11:08:52.829511
parismidi,bpt6k4736308h,,failed,0,0,,no_usable_pages,known,,,bpt6k4736308h: no usable pages in manifest.,2026-07-31T11:08:52.852634
parismidi,bpt6k4736313t,,failed,0,0,,no_usable_pages,known,,,bpt6k4736313t: no usable pages in manifest.,2026-07-31T11:08:52.867741
parismidi,bpt6k47363236,,failed,0,0,,no_usable_pages,known,,,bpt6k47363236: no usable pages in manifest.,2026-07-31T11:08:52.913763
parismidi,bpt6k4736324m,,failed,0,0,,no_usable_pages,known,,,bpt6k4736324m: no usable pages in manifest.,2026-07-31T11:08:52.947430
parismidi,bpt6k4736326f,,failed,0,0,,no_usable_pages,known,,,bpt6k4736326f: no usable pages in manifest.,2026-07-31T11:08:52.965065
parismidi,bpt6k4736329p,,failed,0,0,,no_usable_pages,known,,,bpt6k4736329p: no usable pages in manifest.,2026-07-31T11:08:52.992512
parismidi,bpt6k4736331r,,failed,0,0,,no_usable_pages,known,,,bpt6k4736331r: no usable pages in manifest.,2026-07-31T11:08:53.043315
parismidi,bpt6k4736340q,,failed,0,0,,no_usable_pages,known,,,bpt6k4736340q: no usable pages in manifest.,2026-07-31T11:08:53.069044
parismidi,bpt6k47363481,,failed,0,0,,no_usable_pages,known,,,bpt6k47363481: no usable pages in manifest.,2026-07-31T11:08:53.108558
parismidi,bpt6k4736354r,,failed,0,0,,no_usable_pages,known,,,bpt6k4736354r: no usable pages in manifest.,2026-07-31T11:08:53.140709
parismidi,bpt6k4736361w,,failed,0,0,,no_usable_pages,known,,,bpt6k4736361w: no usable pages in manifest.,2026-07-31T11:08:53.184772
parismidi,bpt6k4736365j,,failed,0,0,,no_usable_pages,known,,,bpt6k4736365j: no usable pages in manifest.,2026-07-31T11:08:53.215885
parismidi,bpt6k47363718,,failed,0,0,,no_usable_pages,known,,,bpt6k47363718: no usable pages in manifest.,2026-07-31T11:08:53.280296
parismidi,bpt6k4736372p,,failed,0,0,,no_usable_pages,known,,,bpt6k4736372p: no usable pages in manifest.,2026-07-31T11:08:53.310918
parismidi,bpt6k47363733,,failed,0,0,,no_usable_pages,known,,,bpt6k47363733: no usable pages in manifest.,2026-07-31T11:08:53.336903
parismidi,bpt6k4736375x,,failed,0,0,,no_usable_pages,known,,,bpt6k4736375x: no usable pages in manifest.,2026-07-31T11:08:53.397625
parismidi,bpt6k4736384w,,failed,0,0,,no_usable_pages,known,,,bpt6k4736384w: no usable pages in manifest.,2026-07-31T11:08:53.445653
parismidi,bpt6k4736390m,,failed,0,0,,no_usable_pages,known,,,bpt6k4736390m: no usable pages in manifest.,2026-07-31T11:08:53.519588
parismidi,bpt6k47363911,,failed,0,0,,no_usable_pages,known,,,bpt6k47363911: no usable pages in manifest.,2026-07-31T11:08:53.550124
parismidi,bpt6k4736397h,,failed,0,0,,no_usable_pages,known,,,bpt6k4736397h: no usable pages in manifest.,2026-07-31T11:08:53.596886
parismidi,bpt6k4736400j,,failed,0,0,,no_usable_pages,known,,,bpt6k4736400j: no usable pages in manifest.,2026-07-31T11:08:53.624901
parismidi,bpt6k4736401z,,failed,0,0,,no_usable_pages,known,,,bpt6k4736401z: no usable pages in manifest.,2026-07-31T11:08:53.659320
parismidi,bpt6k4736403s,,failed,0,0,,no_usable_pages,known,,,bpt6k4736403s: no usable pages in manifest.,2026-07-31T11:08:53.696144
parismidi,bpt6k4736405m,,failed,0,0,,no_usable_pages,known,,,bpt6k4736405m: no usable pages in manifest.,2026-07-31T11:08:53.716577
parismidi,bpt6k4736416d,,failed,0,0,,no_usable_pages,known,,,bpt6k4736416d: no usable pages in manifest.,2026-07-31T11:08:53.743077
parismidi,bpt6k47364276,,failed,0,0,,no_usable_pages,known,,,bpt6k47364276: no usable pages in manifest.,2026-07-31T11:08:53.773684
parismidi,bpt6k47364291,,failed,0,0,,no_usable_pages,known,,,bpt6k47364291: no usable pages in manifest.,2026-07-31T11:08:53.827402
parismidi,bpt6k4736433x,,failed,0,0,,no_usable_pages,known,,,bpt6k4736433x: no usable pages in manifest.,2026-07-31T11:08:53.864363
parismidi,bpt6k4736435r,,failed,0,0,,no_usable_pages,known,,,bpt6k4736435r: no usable pages in manifest.,2026-07-31T11:08:53.895438
parismidi,bpt6k4736444q,,failed,0,0,,no_usable_pages,known,,,bpt6k4736444q: no usable pages in manifest.,2026-07-31T11:08:53.917953
parismidi,bpt6k47364454,,failed,0,0,,no_usable_pages,known,,,bpt6k47364454: no usable pages in manifest.,2026-07-31T11:08:53.936832
parismidi,bpt6k4736448c,,failed,0,0,,no_usable_pages,known,,,bpt6k4736448c: no usable pages in manifest.,2026-07-31T11:08:53.966617
parismidi,bpt6k47364595,,failed,0,0,,no_usable_pages,known,,,bpt6k47364595: no usable pages in manifest.,2026-07-31T11:08:54.005286
parismidi,bpt6k4736460t,,failed,0,0,,no_usable_pages,known,,,bpt6k4736460t: no usable pages in manifest.,2026-07-31T11:08:54.025987
parismidi,bpt6k4736467q,,failed,0,0,,no_usable_pages,known,,,bpt6k4736467q: no usable pages in manifest.,2026-07-31T11:08:54.093266
parismidi,bpt6k4736469j,,failed,0,0,,no_usable_pages,known,,,bpt6k4736469j: no usable pages in manifest.,2026-07-31T11:08:54.133493
parismidi,bpt6k47364758,,failed,0,0,,no_usable_pages,known,,,bpt6k47364758: no usable pages in manifest.,2026-07-31T11:08:54.167032
parismidi,bpt6k47364773,,failed,0,0,,no_usable_pages,known,,,bpt6k47364773: no usable pages in manifest.,2026-07-31T11:08:54.185348
parismidi,bpt6k4736478h,,failed,0,0,,no_usable_pages,known,,,bpt6k4736478h: no usable pages in manifest.,2026-07-31T11:08:54.228001
parismidi,bpt6k4736480k,,failed,0,0,,no_usable_pages,known,,,bpt6k4736480k: no usable pages in manifest.,2026-07-31T11:08:54.265834
parismidi,bpt6k47364847,,failed,0,0,,no_usable_pages,known,,,bpt6k47364847: no usable pages in manifest.,2026-07-31T11:08:54.297016
parismidi,bpt6k4736487g,,failed,0,0,,no_usable_pages,known,,,bpt6k4736487g: no usable pages in manifest.,2026-07-31T11:08:54.327970
parismidi,bpt6k47364936,,failed,0,0,,no_usable_pages,known,,,bpt6k47364936: no usable pages in manifest.,2026-07-31T11:08:54.362292
parismidi,bpt6k47364951,,failed,0,0,,no_usable_pages,known,,,bpt6k47364951: no usable pages in manifest.,2026-07-31T11:08:54.410946
parismidi,bpt6k4736502q,,failed,0,0,,no_usable_pages,known,,,bpt6k4736502q: no usable pages in manifest.,2026-07-31T11:08:54.464993
parismidi,bpt6k4736504j,,failed,0,0,,no_usable_pages,known,,,bpt6k4736504j: no usable pages in manifest.,2026-07-31T11:08:54.497382
parismidi,bpt6k4736506c,,failed,0,0,,no_usable_pages,known,,,bpt6k4736506c: no usable pages in manifest.,2026-07-31T11:08:54.559673
parismidi,bpt6k47365123,,failed,0,0,,no_usable_pages,known,,,bpt6k47365123: no usable pages in manifest.,2026-07-31T11:08:54.631066
parismidi,bpt6k4736514x,,failed,0,0,,no_usable_pages,known,,,bpt6k4736514x: no usable pages in manifest.,2026-07-31T11:08:54.685371
parismidi,bpt6k4736515b,,failed,0,0,,no_usable_pages,known,,,bpt6k4736515b: no usable pages in manifest.,2026-07-31T11:08:54.718544
parismidi,bpt6k4736518k,,failed,0,0,,no_usable_pages,known,,,bpt6k4736518k: no usable pages in manifest.,2026-07-31T11:08:54.756027
parismidi,bpt6k47365190,,failed,0,0,,no_usable_pages,known,,,bpt6k47365190: no usable pages in manifest.,2026-07-31T11:08:54.783876
parismidi,bpt6k4736523w,,failed,0,0,,no_usable_pages,known,,,bpt6k4736523w: no usable pages in manifest.,2026-07-31T11:08:54.808552
parismidi,bpt6k4736529c,,failed,0,0,,no_usable_pages,known,,,bpt6k4736529c: no usable pages in manifest.,2026-07-31T11:08:54.831917
parismidi,bpt6k47365353,,failed,0,0,,no_usable_pages,known,,,bpt6k47365353: no usable pages in manifest.,2026-07-31T11:08:54.856262
parismidi,bpt6k47365494,,failed,0,0,,no_usable_pages,known,,,bpt6k47365494: no usable pages in manifest.,2026-07-31T11:08:54.882162
parismidi,bpt6k4736561k,,failed,0,0,,no_usable_pages,known,,,bpt6k4736561k: no usable pages in manifest.,2026-07-31T11:08:54.937639
parismidi,bpt6k47365657,,failed,0,0,,no_usable_pages,known,,,bpt6k47365657: no usable pages in manifest.,2026-07-31T11:08:54.967471
parismidi,bpt6k4736570j,,failed,0,0,,no_usable_pages,known,,,bpt6k4736570j: no usable pages in manifest.,2026-07-31T11:08:55.004928
parismidi,bpt6k4736571z,,failed,0,0,,no_usable_pages,known,,,bpt6k4736571z: no usable pages in manifest.,2026-07-31T11:08:55.042908
parismidi,bpt6k4736572c,,failed,0,0,,no_usable_pages,known,,,bpt6k4736572c: no usable pages in manifest.,2026-07-31T11:08:55.058670
parismidi,bpt6k4736575m,,failed,0,0,,no_usable_pages,known,,,bpt6k4736575m: no usable pages in manifest.,2026-07-31T11:08:55.097531
parismidi,bpt6k4736578v,,failed,0,0,,no_usable_pages,known,,,bpt6k4736578v: no usable pages in manifest.,2026-07-31T11:08:55.120262
parismidi,bpt6k47365798,,failed,0,0,,no_usable_pages,known,,,bpt6k47365798: no usable pages in manifest.,2026-07-31T11:08:55.143783
parismidi,bpt6k47365835,,failed,0,0,,no_usable_pages,known,,,bpt6k47365835: no usable pages in manifest.,2026-07-31T11:08:55.170089
parismidi,bpt6k47365850,,failed,0,0,,no_usable_pages,known,,,bpt6k47365850: no usable pages in manifest.,2026-07-31T11:08:55.195519
parismidi,bpt6k4736593j,,failed,0,0,,no_usable_pages,known,,,bpt6k4736593j: no usable pages in manifest.,2026-07-31T11:08:55.222926
parismidi,bpt6k4736594z,,failed,0,0,,no_usable_pages,known,,,bpt6k4736594z: no usable pages in manifest.,2026-07-31T11:08:55.245264
parismidi,bpt6k47365976,,failed,0,0,,no_usable_pages,known,,,bpt6k47365976: no usable pages in manifest.,2026-07-31T11:08:55.296148
parismidi,bpt6k47366007,,failed,0,0,,no_usable_pages,known,,,bpt6k47366007: no usable pages in manifest.,2026-07-31T11:08:55.327143
revuecol,bpt6k67135t,,failed,0,0,,no_usable_pages,known,,,bpt6k67135t: no usable pages in manifest.,2026-07-31T11:08:56.750922
revuecol,bpt6k67146g,,failed,0,0,,no_usable_pages,known,,,bpt6k67146g: no usable pages in manifest.,2026-07-31T11:08:58.231399
revuecolan,bpt6k34512x,,failed,0,0,,no_usable_pages,known,,,bpt6k34512x: no usable pages in manifest.,2026-07-31T11:08:59.226483
revuecolan,bpt6k345138,,failed,0,0,,no_usable_pages,known,,,bpt6k345138: no usable pages in manifest.,2026-07-31T11:08:59.740270
revuecolan,bpt6k34515z,,failed,0,0,,no_usable_pages,known,,,bpt6k34515z: no usable pages in manifest.,2026-07-31T11:09:00.520921
revuecolan,bpt6k345169,,failed,0,0,,no_usable_pages,known,,,bpt6k345169: no usable pages in manifest.,2026-07-31T11:09:01.489225
rhcf,bpt6k106238h,,failed,0,0,,no_usable_pages,known,,,bpt6k106238h: no usable pages in manifest.,2026-07-31T11:09:02.893207
rhcf,bpt6k106239w,,failed,0,0,,no_usable_pages,known,,,bpt6k106239w: no usable pages in manifest.,2026-07-31T11:09:03.560354
rhcf,bpt6k106242k,,failed,0,0,,no_usable_pages,known,,,bpt6k106242k: no usable pages in manifest.,2026-07-31T11:09:06.106790
rhcf,bpt6k106244b,,failed,0,0,,no_usable_pages,known,,,bpt6k106244b: no usable pages in manifest.,2026-07-31T11:09:06.814793
rhcf,bpt6k106245q,,failed,0,0,,no_usable_pages,known,,,bpt6k106245q: no usable pages in manifest.,2026-07-31T11:09:08.124994
rhcf,bpt6k1062552,,failed,0,0,,no_usable_pages,known,,,bpt6k1062552: no usable pages in manifest.,2026-07-31T11:09:15.865127
chicagotribune,bpt6k4769624d,,failed,0,0,,no_usable_pages,known,,,bpt6k4769624d: no usable pages in manifest.,2026-07-31T11:09:16.371284
chicagotribune,bpt6k4769625t,,failed,0,0,,no_usable_pages,known,,,bpt6k4769625t: no usable pages in manifest.,2026-07-31T11:09:16.410698
chicagotribune,bpt6k47696267,,failed,0,0,,no_usable_pages,known,,,bpt6k47696267: no usable pages in manifest.,2026-07-31T11:09:16.441521
chicagotribune,bpt6k4769627n,,failed,0,0,,no_usable_pages,known,,,bpt6k4769627n: no usable pages in manifest.,2026-07-31T11:09:16.468406
chicagotribune,bpt6k47696282,,failed,0,0,,no_usable_pages,known,,,bpt6k47696282: no usable pages in manifest.,2026-07-31T11:09:16.752061
chicagotribune,bpt6k4769629g,,failed,0,0,,no_usable_pages,known,,,bpt6k4769629g: no usable pages in manifest.,2026-07-31T11:09:16.778029
chicagotribune,bpt6k47696304,,failed,0,0,,no_usable_pages,known,,,bpt6k47696304: no usable pages in manifest.,2026-07-31T11:09:16.797196
chicagotribune,bpt6k4769631j,,failed,0,0,,no_usable_pages,known,,,bpt6k4769631j: no usable pages in manifest.,2026-07-31T11:09:16.823801
chicagotribune,bpt6k4769632z,,failed,0,0,,no_usable_pages,known,,,bpt6k4769632z: no usable pages in manifest.,2026-07-31T11:09:16.837497
chicagotribune,bpt6k4769633c,,failed,0,0,,no_usable_pages,known,,,bpt6k4769633c: no usable pages in manifest.,2026-07-31T11:09:16.867508
chicagotribune,bpt6k4769634s,,failed,0,0,,no_usable_pages,known,,,bpt6k4769634s: no usable pages in manifest.,2026-07-31T11:09:16.914831
chicagotribune,bpt6k47696356,,failed,0,0,,no_usable_pages,known,,,bpt6k47696356: no usable pages in manifest.,2026-07-31T11:09:16.948182
chicagotribune,bpt6k4769636m,,failed,0,0,,no_usable_pages,known,,,bpt6k4769636m: no usable pages in manifest.,2026-07-31T11:09:16.999271
chicagotribune,bpt6k47696371,,failed,0,0,,no_usable_pages,known,,,bpt6k47696371: no usable pages in manifest.,2026-07-31T11:09:17.031740
chicagotribune,bpt6k4769638f,,failed,0,0,,no_usable_pages,known,,,bpt6k4769638f: no usable pages in manifest.,2026-07-31T11:09:17.066978
chicagotribune,bpt6k4769639v,,failed,0,0,,no_usable_pages,known,,,bpt6k4769639v: no usable pages in manifest.,2026-07-31T11:09:17.101311
chicagotribune,bpt6k4769640h,,failed,0,0,,no_usable_pages,known,,,bpt6k4769640h: no usable pages in manifest.,2026-07-31T11:09:17.137295
chicagotribune,bpt6k4769641x,,failed,0,0,,no_usable_pages,known,,,bpt6k4769641x: no usable pages in manifest.,2026-07-31T11:09:17.179391
chicagotribune,bpt6k4769642b,,failed,0,0,,no_usable_pages,known,,,bpt6k4769642b: no usable pages in manifest.,2026-07-31T11:09:17.205689
chicagotribune,bpt6k4769643r,,failed,0,0,,no_usable_pages,known,,,bpt6k4769643r: no usable pages in manifest.,2026-07-31T11:09:17.248557
chicagotribune,bpt6k47696445,,failed,0,0,,no_usable_pages,known,,,bpt6k47696445: no usable pages in manifest.,2026-07-31T11:09:17.275339
chicagotribune,bpt6k4769645k,,failed,0,0,,no_usable_pages,known,,,bpt6k4769645k: no usable pages in manifest.,2026-07-31T11:09:17.301006
chicagotribune,bpt6k47696460,,failed,0,0,,no_usable_pages,known,,,bpt6k47696460: no usable pages in manifest.,2026-07-31T11:09:17.319922
chicagotribune,bpt6k4769647d,,failed,0,0,,no_usable_pages,known,,,bpt6k4769647d: no usable pages in manifest.,2026-07-31T11:09:17.349249
chicagotribune,bpt6k4769650w,,failed,0,0,,no_usable_pages,known,,,bpt6k4769650w: no usable pages in manifest.,2026-07-31T11:09:17.398754
chicagotribune,bpt6k47696519,,failed,0,0,,no_usable_pages,known,,,bpt6k47696519: no usable pages in manifest.,2026-07-31T11:09:17.446317
chicagotribune,bpt6k4772034t,,failed,0,0,,no_usable_pages,known,,,bpt6k4772034t: no usable pages in manifest.,2026-07-31T11:09:17.542591
chicagotribune,bpt6k4772036n,,failed,0,0,,no_usable_pages,known,,,bpt6k4772036n: no usable pages in manifest.,2026-07-31T11:09:17.594897
chicagotribune,bpt6k47720372,,failed,0,0,,no_usable_pages,known,,,bpt6k47720372: no usable pages in manifest.,2026-07-31T11:09:17.617452
chicagotribune,bpt6k4772038g,,failed,0,0,,no_usable_pages,known,,,bpt6k4772038g: no usable pages in manifest.,2026-07-31T11:09:17.640813
chicagotribune,bpt6k4772039w,,failed,0,0,,no_usable_pages,known,,,bpt6k4772039w: no usable pages in manifest.,2026-07-31T11:09:17.697835
chicagotribune,bpt6k4772040j,,failed,0,0,,no_usable_pages,known,,,bpt6k4772040j: no usable pages in manifest.,2026-07-31T11:09:17.718859
chicagotribune,bpt6k4772041z,,failed,0,0,,no_usable_pages,known,,,bpt6k4772041z: no usable pages in manifest.,2026-07-31T11:09:17.763507
chicagotribune,bpt6k4772042c,,failed,0,0,,no_usable_pages,known,,,bpt6k4772042c: no usable pages in manifest.,2026-07-31T11:09:17.792352
chicagotribune,bpt6k4772043s,,failed,0,0,,no_usable_pages,known,,,bpt6k4772043s: no usable pages in manifest.,2026-07-31T11:09:17.819681
chicagotribune,bpt6k47720446,,failed,0,0,,no_usable_pages,known,,,bpt6k47720446: no usable pages in manifest.,2026-07-31T11:09:17.854381
chicagotribune,bpt6k4772045m,,failed,0,0,,no_usable_pages,known,,,bpt6k4772045m: no usable pages in manifest.,2026-07-31T11:09:17.927168
chicagotribune,bpt6k4776635j,,failed,0,0,,no_usable_pages,known,,,bpt6k4776635j: no usable pages in manifest.,2026-07-31T11:09:17.988022
chicagotribune,bpt6k4776775d,,failed,0,0,,no_usable_pages,known,,,bpt6k4776775d: no usable pages in manifest.,2026-07-31T11:09:18.026214
chicagotribune,bpt6k4776782j,,failed,0,0,,no_usable_pages,known,,,bpt6k4776782j: no usable pages in manifest.,2026-07-31T11:09:18.066819
chicagotribune,bpt6k4776794r,,failed,0,0,,no_usable_pages,known,,,bpt6k4776794r: no usable pages in manifest.,2026-07-31T11:09:18.147151
chicagotribune,bpt6k47767955,,failed,0,0,,no_usable_pages,known,,,bpt6k47767955: no usable pages in manifest.,2026-07-31T11:09:18.186609
chicagotribune,bpt6k4776796k,,failed,0,0,,no_usable_pages,known,,,bpt6k4776796k: no usable pages in manifest.,2026-07-31T11:09:18.223547
chicagotribune,bpt6k47767970,,failed,0,0,,no_usable_pages,known,,,bpt6k47767970: no usable pages in manifest.,2026-07-31T11:09:18.260538
chicagotribune,bpt6k4776798d,,failed,0,0,,no_usable_pages,known,,,bpt6k4776798d: no usable pages in manifest.,2026-07-31T11:09:18.291254
chicagotribune,bpt6k4776799t,,failed,0,0,,no_usable_pages,known,,,bpt6k4776799t: no usable pages in manifest.,2026-07-31T11:09:18.340439
chicagotribune,bpt6k47768001,,failed,0,0,,no_usable_pages,known,,,bpt6k47768001: no usable pages in manifest.,2026-07-31T11:09:18.374383
chicagotribune,bpt6k4776801f,,failed,0,0,,no_usable_pages,known,,,bpt6k4776801f: no usable pages in manifest.,2026-07-31T11:09:18.422119
chicagotribune,bpt6k4776802v,,failed,0,0,,no_usable_pages,known,,,bpt6k4776802v: no usable pages in manifest.,2026-07-31T11:09:18.457782
chicagotribune,bpt6k47768038,,failed,0,0,,no_usable_pages,known,,,bpt6k47768038: no usable pages in manifest.,2026-07-31T11:09:18.492094
chicagotribune,bpt6k47768053,,failed,0,0,,no_usable_pages,known,,,bpt6k47768053: no usable pages in manifest.,2026-07-31T11:09:18.543279
chicagotribune,bpt6k4776806h,,failed,0,0,,no_usable_pages,known,,,bpt6k4776806h: no usable pages in manifest.,2026-07-31T11:09:18.584462
chicagotribune,bpt6k4776807x,,failed,0,0,,no_usable_pages,known,,,bpt6k4776807x: no usable pages in manifest.,2026-07-31T11:09:18.614450
chicagotribune,bpt6k4776808b,,failed,0,0,,no_usable_pages,known,,,bpt6k4776808b: no usable pages in manifest.,2026-07-31T11:09:18.659034
chicagotribune,bpt6k4776809r,,failed,0,0,,no_usable_pages,known,,,bpt6k4776809r: no usable pages in manifest.,2026-07-31T11:09:18.691459
chicagotribune,bpt6k4776810d,,failed,0,0,,no_usable_pages,known,,,bpt6k4776810d: no usable pages in manifest.,2026-07-31T11:09:18.770322
chicagotribune,bpt6k4776811t,,failed,0,0,,no_usable_pages,known,,,bpt6k4776811t: no usable pages in manifest.,2026-07-31T11:09:19.082987
chicagotribune,bpt6k47768127,,failed,0,0,,no_usable_pages,known,,,bpt6k47768127: no usable pages in manifest.,2026-07-31T11:09:20.639686
chicagotribune,bpt6k4776813n,,failed,0,0,,no_usable_pages,known,,,bpt6k4776813n: no usable pages in manifest.,2026-07-31T11:09:20.685359
chicagotribune,bpt6k47768142,,failed,0,0,,no_usable_pages,known,,,bpt6k47768142: no usable pages in manifest.,2026-07-31T11:09:20.747115
chicagotribune,bpt6k4776815g,,failed,0,0,,no_usable_pages,known,,,bpt6k4776815g: no usable pages in manifest.,2026-07-31T11:09:20.773795
chicagotribune,bpt6k4776816w,,failed,0,0,,no_usable_pages,known,,,bpt6k4776816w: no usable pages in manifest.,2026-07-31T11:09:20.801602
chicagotribune,bpt6k47768179,,failed,0,0,,no_usable_pages,known,,,bpt6k47768179: no usable pages in manifest.,2026-07-31T11:09:20.829935
chicagotribune,bpt6k4776893p,,failed,0,0,,no_usable_pages,known,,,bpt6k4776893p: no usable pages in manifest.,2026-07-31T11:09:20.876427
chicagotribune,bpt6k47769983,,failed,0,0,,no_usable_pages,known,,,bpt6k47769983: no usable pages in manifest.,2026-07-31T11:09:20.926783
chicagotribune,bpt6k4777008w,,failed,0,0,,no_usable_pages,known,,,bpt6k4777008w: no usable pages in manifest.,2026-07-31T11:09:20.959036
chicagotribune,bpt6k4777406f,,failed,0,0,,no_usable_pages,known,,,bpt6k4777406f: no usable pages in manifest.,2026-07-31T11:09:21.034499
chicagotribune,bpt6k4777407v,,failed,0,0,,no_usable_pages,known,,,bpt6k4777407v: no usable pages in manifest.,2026-07-31T11:09:21.088262
chicagotribune,bpt6k4777409p,,failed,0,0,,no_usable_pages,known,,,bpt6k4777409p: no usable pages in manifest.,2026-07-31T11:09:21.149103
chicagotribune,bpt6k4777411r,,failed,0,0,,no_usable_pages,known,,,bpt6k4777411r: no usable pages in manifest.,2026-07-31T11:09:21.249841
chicagotribune,bpt6k47774125,,failed,0,0,,no_usable_pages,known,,,bpt6k47774125: no usable pages in manifest.,2026-07-31T11:09:21.276435
chicagotribune,bpt6k4777413k,,failed,0,0,,no_usable_pages,known,,,bpt6k4777413k: no usable pages in manifest.,2026-07-31T11:09:21.306603
chicagotribune,bpt6k47774140,,failed,0,0,,no_usable_pages,known,,,bpt6k47774140: no usable pages in manifest.,2026-07-31T11:09:21.337253
chicagotribune,bpt6k4777415d,,failed,0,0,,no_usable_pages,known,,,bpt6k4777415d: no usable pages in manifest.,2026-07-31T11:09:21.373362
chicagotribune,bpt6k4777416t,,failed,0,0,,no_usable_pages,known,,,bpt6k4777416t: no usable pages in manifest.,2026-07-31T11:09:21.397993
chicagotribune,bpt6k47774177,,failed,0,0,,no_usable_pages,known,,,bpt6k47774177: no usable pages in manifest.,2026-07-31T11:09:21.443839
chicagotribune,bpt6k4777418n,,failed,0,0,,no_usable_pages,known,,,bpt6k4777418n: no usable pages in manifest.,2026-07-31T11:09:21.504998
chicagotribune,bpt6k47774192,,failed,0,0,,no_usable_pages,known,,,bpt6k47774192: no usable pages in manifest.,2026-07-31T11:09:21.566319
chicagotribune,bpt6k4777420q,,failed,0,0,,no_usable_pages,known,,,bpt6k4777420q: no usable pages in manifest.,2026-07-31T11:09:21.595654
chicagotribune,bpt6k47774214,,failed,0,0,,no_usable_pages,known,,,bpt6k47774214: no usable pages in manifest.,2026-07-31T11:09:21.621374
chicagotribune,bpt6k4777422j,,failed,0,0,,no_usable_pages,known,,,bpt6k4777422j: no usable pages in manifest.,2026-07-31T11:09:21.648887
chicagotribune,bpt6k4777423z,,failed,0,0,,no_usable_pages,known,,,bpt6k4777423z: no usable pages in manifest.,2026-07-31T11:09:21.675902
chicagotribune,bpt6k4777425s,,failed,0,0,,no_usable_pages,known,,,bpt6k4777425s: no usable pages in manifest.,2026-07-31T11:09:21.765396
chicagotribune,bpt6k47774266,,failed,0,0,,no_usable_pages,known,,,bpt6k47774266: no usable pages in manifest.,2026-07-31T11:09:21.786810
chicagotribune,bpt6k4777427m,,failed,0,0,,no_usable_pages,known,,,bpt6k4777427m: no usable pages in manifest.,2026-07-31T11:09:21.811766
chicagotribune,bpt6k47774281,,failed,0,0,,no_usable_pages,known,,,bpt6k47774281: no usable pages in manifest.,2026-07-31T11:09:21.855512
chicagotribune,bpt6k4777429f,,failed,0,0,,no_usable_pages,known,,,bpt6k4777429f: no usable pages in manifest.,2026-07-31T11:09:21.894586
chicagotribune,bpt6k47777586,,failed,0,0,,no_usable_pages,known,,,bpt6k47777586: no usable pages in manifest.,2026-07-31T11:09:21.957902
chicagotribune,bpt6k4777759m,,failed,0,0,,no_usable_pages,known,,,bpt6k4777759m: no usable pages in manifest.,2026-07-31T11:09:21.991648
chicagotribune,bpt6k47777608,,failed,0,0,,no_usable_pages,known,,,bpt6k47777608: no usable pages in manifest.,2026-07-31T11:09:22.023320
chicagotribune,bpt6k4777761p,,failed,0,0,,no_usable_pages,known,,,bpt6k4777761p: no usable pages in manifest.,2026-07-31T11:09:22.059114
chicagotribune,bpt6k47777623,,failed,0,0,,no_usable_pages,known,,,bpt6k47777623: no usable pages in manifest.,2026-07-31T11:09:22.093674
chicagotribune,bpt6k4777763h,,failed,0,0,,no_usable_pages,known,,,bpt6k4777763h: no usable pages in manifest.,2026-07-31T11:09:22.125517
chicagotribune,bpt6k4777764x,,failed,0,0,,no_usable_pages,known,,,bpt6k4777764x: no usable pages in manifest.,2026-07-31T11:09:22.151720
chicagotribune,bpt6k4777765b,,failed,0,0,,no_usable_pages,known,,,bpt6k4777765b: no usable pages in manifest.,2026-07-31T11:09:22.197765
chicagotribune,bpt6k47777675,,failed,0,0,,no_usable_pages,known,,,bpt6k47777675: no usable pages in manifest.,2026-07-31T11:09:22.270301
chicagotribune,bpt6k4777768k,,failed,0,0,,no_usable_pages,known,,,bpt6k4777768k: no usable pages in manifest.,2026-07-31T11:09:22.311366
chicagotribune,bpt6k47777690,,failed,0,0,,no_usable_pages,known,,,bpt6k47777690: no usable pages in manifest.,2026-07-31T11:09:22.353338
chicagotribune,bpt6k4777770n,,failed,0,0,,no_usable_pages,known,,,bpt6k4777770n: no usable pages in manifest.,2026-07-31T11:09:22.374864
chicagotribune,bpt6k47777712,,failed,0,0,,no_usable_pages,known,,,bpt6k47777712: no usable pages in manifest.,2026-07-31T11:09:22.410607
chicagotribune,bpt6k4777772g,,failed,0,0,,no_usable_pages,known,,,bpt6k4777772g: no usable pages in manifest.,2026-07-31T11:09:22.443117
chicagotribune,bpt6k4777773w,,failed,0,0,,no_usable_pages,known,,,bpt6k4777773w: no usable pages in manifest.,2026-07-31T11:09:22.470763
chicagotribune,bpt6k47777749,,failed,0,0,,no_usable_pages,known,,,bpt6k47777749: no usable pages in manifest.,2026-07-31T11:09:22.506273
chicagotribune,bpt6k4777775q,,failed,0,0,,no_usable_pages,known,,,bpt6k4777775q: no usable pages in manifest.,2026-07-31T11:09:22.531504
chicagotribune,bpt6k47777764,,failed,0,0,,no_usable_pages,known,,,bpt6k47777764: no usable pages in manifest.,2026-07-31T11:09:22.559562
chicagotribune,bpt6k4777777j,,failed,0,0,,no_usable_pages,known,,,bpt6k4777777j: no usable pages in manifest.,2026-07-31T11:09:22.599524
chicagotribune,bpt6k4777778z,,failed,0,0,,no_usable_pages,known,,,bpt6k4777778z: no usable pages in manifest.,2026-07-31T11:09:22.635414
chicagotribune,bpt6k4777779c,,failed,0,0,,no_usable_pages,known,,,bpt6k4777779c: no usable pages in manifest.,2026-07-31T11:09:22.664689
chicagotribune,bpt6k47777801,,failed,0,0,,no_usable_pages,known,,,bpt6k47777801: no usable pages in manifest.,2026-07-31T11:09:22.697199
chicagotribune,bpt6k4777781f,,failed,0,0,,no_usable_pages,known,,,bpt6k4777781f: no usable pages in manifest.,2026-07-31T11:09:22.733747
chicagotribune,bpt6k4777782v,,failed,0,0,,no_usable_pages,known,,,bpt6k4777782v: no usable pages in manifest.,2026-07-31T11:09:22.776511
chicagotribune,bpt6k47777838,,failed,0,0,,no_usable_pages,known,,,bpt6k47777838: no usable pages in manifest.,2026-07-31T11:09:22.805059
